name,relative_counts,ct,ct_0,barcode,ct_1,barcode_ind
relBp,0.5454545454545454,100,65,TAGCCAGAGCGGGAACTATG,35,3260843
relBp,0.7272727272727273,17,10,ACCATACTCTTATCAGGGTA,7,3257422
relBp,0.4,12,9,ATCGGATTCTAACTTGGAGA,3,3267743
relBp,0.6666666666666666,13,8,TGTTTATGGAAACACGGGCT,5,3280974
relBp,0.2222222222222222,9,8,TATGTGCGTTATAGATTACA,1,3268568
relBp,0.5555555555555556,12,8,ACGCTTTCCTGTTATCACCT,4,3288095
relBp,0.375,9,7,GTATTTCCACGTTCAACCCG,2,3287564
relBp,1.25,16,7,GATGATATGTGTGAGTTTCG,9,3259524
relBp,0.42857142857142855,8,6,GGCCCAGCCATCGGTACTAT,2,3269133
relBp,0.42857142857142855,8,6,GAGCGTAACAGCAACTTTTT,2,3275014
relBp,0.2857142857142857,7,6,CCTGGCTCCCCGTACCTCCG,1,3292564
relBp,0.5714285714285714,9,6,CCGCTTCAGCGACGAACATA,3,3263387
relBp,0.2857142857142857,7,6,ATCAGGATATGTCTAATCGC,1,3285249
relBp,0.3333333333333333,6,5,TTTTCTGCGACGCGTAGGTA,1,3256775
relBp,0.8333333333333334,9,5,TTGCTTATTGAACTGTCTTA,4,3281422
relBp,0.6666666666666666,8,5,TTCGATGGGTCTATACTTGC,3,3256218
relBp,0.3333333333333333,6,5,TCTGGTTGCAGCGCCGTTCC,1,3281723
relBp,0.8333333333333334,9,5,TCCTTCCGAATTCGGTGGTT,4,3270519
relBp,0.5,7,5,TCATCGGCGTTGTGCTACGT,2,3267697
relBp,0.3333333333333333,6,5,TCAAGGACACTGGTCCATAA,1,3292473
relBp,0.6666666666666666,8,5,TATACGCTGCGGTGCCCTCT,3,3264885
relBp,1.1666666666666667,11,5,TACGAGTTCACCGGTTGCAT,6,3272989
relBp,0.5,7,5,TACGAGAACGTCTGGATTCC,2,3257719
relBp,1.0,10,5,TAATGAAGCTTTCTCAATAA,5,3286254
relBp,0.3333333333333333,6,5,GGGTCCGCTATTTATCAAAA,1,3274223
relBp,0.3333333333333333,6,5,GCCGATAGTGTCACAATAAA,1,3280158
relBp,0.8333333333333334,9,5,GCACCACGGGTACTTGGGGT,4,3296217
relBp,0.3333333333333333,6,5,GCACAATCTGCGGGAGACGT,1,3271305
relBp,0.3333333333333333,6,5,GAGCATTTTGTATAACACGA,1,3279517
relBp,0.5,7,5,CTTAACGCATTGGTACCAAT,2,3304661
relBp,0.5,7,5,CTCGCGGGTCTCTGGGACGG,2,3270270
relBp,0.3333333333333333,6,5,CGTCTGGTATGAATTCAAGT,1,3257014
relBp,1.1666666666666667,11,5,CGTAGGGCCAGCTTGCATTA,6,3298416
relBp,0.3333333333333333,6,5,CGGGAAGGAATAAAGTCTAT,1,3303407
relBp,0.3333333333333333,6,5,CGATACATGTGTAATACGGT,1,3266444
relBp,0.3333333333333333,6,5,CCTACCTCCAACTGAACGAA,1,3274533
relBp,0.6666666666666666,8,5,CCCGATAATCAGCACTAATA,3,3269505
relBp,0.3333333333333333,6,5,CAGCAGTTTGGCATGCCCGA,1,3269222
relBp,0.3333333333333333,6,5,CAGATGGAAAGTTGAGAAAA,1,3287602
relBp,0.3333333333333333,6,5,CAGACTTTACATGAATCTCC,1,3278588
relBp,1.0,10,5,CAACAAGTATTTGGTACATA,5,3295846
relBp,1.1666666666666667,11,5,AGTTGGATTTTTTCTACTCC,6,3287214
relBp,0.5,7,5,ACCCGGTGTCTGGGTTCTAG,2,3296483
relBp,0.4,5,4,TTTACCCGTAGGGCTTCCCG,1,3258887
relBp,0.8,7,4,TTAGCAGCAAAGGTACCAAG,3,3282403
relBp,0.4,5,4,TTAAACCAATGTTTTTGTTA,1,3287761
relBp,0.4,5,4,TGTACCGAGGTTGTTCCATG,1,3278011
relBp,0.4,5,4,TGATGGTCAAAGTGAACGTT,1,3281317
relBp,0.4,5,4,TCGACATACAGTAGAGCCTT,1,3256833
relBp,0.6,6,4,TCACTGTAGGCACTTGGTAT,2,3260118
relBp,0.8,7,4,TATCCATAGGGCCAGGCGGA,3,3308197
relBp,0.6,6,4,TAGAGCCCCTTTCTTCCTAG,2,3289704
relBp,0.6,6,4,TACCTTATCTGATCCCTCAC,2,3296785
relBp,0.4,5,4,TAAAGAGGTGTGGGAGATTT,1,3264970
relBp,0.8,7,4,TAAACGAACTACTTTCGTTA,3,3282827
relBp,0.8,7,4,GTGCCGGGGGTGTGAGACCA,3,3267676
relBp,7.6,41,4,GTGCACTCGTAAGTAACATG,37,3273894
relBp,0.8,7,4,GTCAAGGTACCTTCTCGGCT,3,3272666
relBp,0.4,5,4,GGTTTGGATAGGTCCGGCGA,1,3264192
relBp,0.8,7,4,GGTGCGTTGGAATTGAACTT,3,3278217
relBp,1.4,10,4,GGTACACGACGAACAAATGT,6,3257420
relBp,0.8,7,4,GGGTGCATGTAGTGGGTTCA,3,3258406
relBp,0.4,5,4,GGGGCAGAGGGACTACATTT,1,3291056
relBp,1.2,9,4,GGGAGGGGGGGGCATGAATC,5,3277370
relBp,0.4,5,4,GGCCGGGACGCCCGAATTTG,1,3260075
relBp,0.6,6,4,GGAGTTGGGAAAAGCGGGGA,2,3265849
relBp,0.8,7,4,GGAGGATCAGGCACGTACAA,3,3259321
relBp,0.6,6,4,GCGAATTGTAAAACTTGCCG,2,3257307
relBp,3.0,18,4,GCACTGTATCGGTGACACCG,14,3302780
relBp,0.4,5,4,GCAACTCAACAGTAACGGGA,1,3292567
relBp,0.6,6,4,GATCACAGGCGCCGTTAGTG,2,3265143
relBp,0.4,5,4,GAGAGATATGGCCTAAACCT,1,3296284
relBp,0.6,6,4,CTTCTACAACCGTGCCCAAG,2,3288367
relBp,0.4,5,4,CTTAAGCCCTAGCTACATAA,1,3300092
relBp,0.6,6,4,CTGTTACGTGATCCAAGGGA,2,3301074
relBp,3.0,18,4,CTGTAACAGCCAATGTTGGA,14,3293575
relBp,0.4,5,4,CTGAATGTATAATCCAAAGT,1,3259948
relBp,1.4,10,4,CGTTTTTATCGCGGCAATGC,6,3281266
relBp,0.4,5,4,CGTGCCCCAATGTGGATCAA,1,3260918
relBp,0.8,7,4,CGGGGTAGCGAACCATAAGA,3,3277385
relBp,0.6,6,4,CGAGGGAGATTCTTTCAATA,2,3258540
relBp,0.6,6,4,CGACGTGAATCGGCACACCA,2,3280117
relBp,0.4,5,4,CCTGGTGCATGGTGAACTTA,1,3290739
relBp,0.4,5,4,CCTGGACAGCTCTCACTGAT,1,3303594
relBp,0.6,6,4,CCTCGATTTAACCCCAGCGG,2,3259542
relBp,1.6,11,4,CCGGTAAGAAGGCGGGTTTT,7,3256945
relBp,0.4,5,4,CCCGCAGGACCTCTTTTATA,1,3285118
relBp,0.4,5,4,CACCCCTCAAGTGTTCATGT,1,3280628
relBp,0.4,5,4,ATCCGACTGGCGACATTAAA,1,3286145
relBp,0.6,6,4,ATCCACTTTAGGTTCTCGAA,2,3277953
relBp,0.4,5,4,ATAAGCTACATGGGCAGCCT,1,3281346
relBp,0.4,5,4,AGTGCCCGGGAAGAGTCGCA,1,3290029
relBp,0.4,5,4,AGCGAACTTAGCATATTCCT,1,3304684
relBp,1.0,8,4,AGCCGATCATTGCGTCATTT,4,3295726
relBp,0.4,5,4,AGATCGTGGGATGTAGGGAG,1,3277238
relBp,0.4,5,4,AGACGAGCGTAGAATCCGAA,1,3259491
relBp,0.4,5,4,ACAGTCGCTTTCCGGAGTTG,1,3262749
relBp,1.2,9,4,ACAGGTCCGTCCAGGTGGTA,5,3281206
relBp,0.8,7,4,ACAGGGATCCTATAGGTTCT,3,3301894
relBp,0.4,5,4,ACACTGGTTGTTTTTAGCTG,1,3298749
relBp,0.6,6,4,AATACGTTTTTTTTGATTAA,2,3258135
relBp,1.0,8,4,AAGTGTTCAATTTTCTGGTA,4,3269942
relBp,1.4,10,4,AAGCCCGCATCCTGGATGCT,6,3290407
relBp,0.4,5,4,AACGGCACGGCTGATTCGGT,1,3281372
relBp,0.5,4,3,TTTTACGGCTCTACTGTAAG,1,3258069
relBp,0.5,4,3,TTTCTAGTGTCGGATATAGT,1,3283486
relBp,0.75,5,3,TTTCGTTGCTTAATGGTGTT,2,3258481
relBp,1.0,6,3,TTGGCCGGGACACCGGGTGC,3,3271109
relBp,2.0,10,3,TTGGCAGTGGGGATCATGGA,7,3283461
relBp,0.5,4,3,TTGAGAAGAACGTGGGTCCT,1,3268033
relBp,1.75,9,3,TTCGCCTTGGAAAAGTATTG,6,3292307
relBp,1.0,6,3,TTCGCCGATTCGAGACACCA,3,3279594
relBp,0.5,4,3,TTCGCCGAATACGATGATAG,1,3305424
relBp,1.0,6,3,TTCCTTTTTAGACATCTGAC,3,3256261
relBp,0.5,4,3,TTCCACGCTTGTTGTCAGAA,1,3303290
relBp,1.0,6,3,TTCAGACGATGGGAGCCGAG,3,3289320
relBp,3.0,14,3,TTATGGTGTTTCGGGAGTCC,11,3266725
relBp,0.5,4,3,TTAGGAATCGGCAGCGGGAC,1,3300084
relBp,0.5,4,3,TTAATACCAGGGCAGAATTT,1,3303300
relBp,0.5,4,3,TGTGTCTAGACTCTTAGCGT,1,3295181
relBp,3.0,14,3,TGTGCTTCACTGCCCTGAAC,11,3271888
relBp,1.5,8,3,TGGTGCACTCGCTGGGACAC,5,3282875
relBp,0.75,5,3,TGGGTACGTTCCGGAATGGT,2,3283357
relBp,0.5,4,3,TGGGCATGTCCTCCTTGGCA,1,3258103
relBp,1.0,6,3,TGGAGGCGGACGGCCATCCC,3,3293915
relBp,2.0,10,3,TGCCTGCCTCCCTCAAAGGT,7,3272110
relBp,2.75,13,3,TGAGGTAACCTCAATTCCTA,10,3278719
relBp,0.75,5,3,TGACTTTATTTGAATCTTCT,2,3259314
relBp,0.5,4,3,TGACGCTGTGGGTCAGTTAC,1,3284285
relBp,0.5,4,3,TGACCTGGGTAGGCACTACA,1,3291422
relBp,0.5,4,3,TGACAACGCAGACTTCTCTG,1,3270641
relBp,0.75,5,3,TCGTAACTGTCGCCGTGAGT,2,3275878
relBp,0.5,4,3,TCGGGCATTCTCCTTTTCTC,1,3256239
relBp,1.75,9,3,TCGGGATACGGTTATGAGGT,6,3304402
relBp,0.5,4,3,TCGGCTCTAACTGGGCATGT,1,3271150
relBp,0.75,5,3,TCGCCATGGGCATGTCTTTG,2,3276807
relBp,1.0,6,3,TCGAGAGATGGTATTTACCA,3,3256543
relBp,1.0,6,3,TCATCCTCATGTGCGTTAAT,3,3267982
relBp,0.5,4,3,TCAGACATGGCTCATTGAAG,1,3259925
relBp,1.0,6,3,TCAGAAATTCAGTTGTTCGT,3,3269303
relBp,0.5,4,3,TCACCTTCATGGGTTTATTC,1,3295670
relBp,0.5,4,3,TCACCATGTATGGAGAGGTC,1,3288040
relBp,1.5,8,3,TCAATGGGCACTATTTGGAT,5,3307677
relBp,0.5,4,3,TATATAACTTGTCAAAACGA,1,3298443
relBp,0.5,4,3,TATAATGACAACCTTAAATG,1,3287515
relBp,0.5,4,3,TAGGTCGGGCAGCTTCCCTC,1,3298896
relBp,1.25,7,3,TAGACCCTGGAATGTGGATT,4,3292763
relBp,0.75,5,3,TAGAAGCGCGTCCGTGTTCT,2,3286074
relBp,0.75,5,3,TACGTGAGTCCCCTTAGTTA,2,3272119
relBp,1.0,6,3,TACGTCCCCGTTGGCCCCCA,3,3272597
relBp,0.5,4,3,TACGCTGGTCGGAGCATAAA,1,3291559
relBp,0.5,4,3,TACCTACGCATGCGTGCCTA,1,3295070
relBp,0.5,4,3,TACACGTGTATTCGTGTTTA,1,3265439
relBp,1.25,7,3,TAACATAGTAGGGTCCGCCA,4,3265745
relBp,1.25,7,3,GTTTAGTGACGTTGGTCTCT,4,3294393
relBp,2.5,12,3,GTTGTGAGCAGATTATGCGG,9,3298113
relBp,1.0,6,3,GTCCAGGGCCTGGTCGCTGA,3,3275204
relBp,1.25,7,3,GTCAGCGAAAAACTACGCTA,4,3263601
relBp,1.5,8,3,GTCACTATATCCCACGAAAA,5,3300424
relBp,0.5,4,3,GTCAAGATTACATCTCTAGT,1,3302649
relBp,0.5,4,3,GTATTAAATCTTCGCCCTAT,1,3288695
relBp,1.0,6,3,GTAGGACAATTTACATGTAC,3,3287866
relBp,1.0,6,3,GTAGAGGTAGGTGCTACGCT,3,3271168
relBp,0.75,5,3,GGTTGGCACTTAGACAGTAA,2,3262790
relBp,0.75,5,3,GGTTCAACCAGGGGAAGCGC,2,3296698
relBp,1.0,6,3,GGTCTGGCGTACGTGGCGGC,3,3284073
relBp,2.5,12,3,GGTCACCAAGATTTGACCCA,9,3278529
relBp,0.75,5,3,GGTACTGGGCCGATCCTCCT,2,3285331
relBp,0.5,4,3,GGTAAGACGTATGGCGTCTC,1,3256627
relBp,0.75,5,3,GGGTCTGGAATTAGCAGGTT,2,3272150
relBp,0.75,5,3,GGGCATACAAGACTGCCAGG,2,3273782
relBp,1.0,6,3,GGCTCATTGGGCTAAGTAAG,3,3273554
relBp,1.0,6,3,GGCGTTAGGGCGTTTTAGCA,3,3257454
relBp,1.5,8,3,GGCGTCGTGTATTGCGCGTT,5,3262557
relBp,1.0,6,3,GGCGAACAGGGTCTGCGTGT,3,3257205
relBp,2.25,11,3,GGATGAACCGACGTGCAATC,8,3292322
relBp,0.5,4,3,GGAGCGATTCCCAGGCTTAA,1,3268217
relBp,1.0,6,3,GGAATTTATCCCGGGCGCAA,3,3302268
relBp,0.5,4,3,GGAAGTTATTATTCGATGCA,1,3278867
relBp,0.5,4,3,GGAACGCCGCCGGCCTATCT,1,3265142
relBp,0.75,5,3,GGAAAATGAATTAAACTAGA,2,3268504
relBp,0.5,4,3,GCCTCCGTATAGCACTTTCA,1,3287030
relBp,0.5,4,3,GCCTATGCGGGACCTCTAGG,1,3267223
relBp,1.0,6,3,GCCGGAATCCACGAGTATCG,3,3279101
relBp,0.5,4,3,GCCGCACGTTCTCGAAGACA,1,3286139
relBp,0.75,5,3,GCCGACCGGGTGGGGGACTA,2,3263782
relBp,0.5,4,3,GCCCCCTGAACTATTTTACT,1,3303754
relBp,0.75,5,3,GCCCCACAGGCGAAGATCCA,2,3266699
relBp,0.5,4,3,GCCATCGGGATTGCTGGGGT,1,3279140
relBp,1.0,6,3,GCCAAGATTAGAATGTCTCC,3,3306693
relBp,1.25,7,3,GCCAAATTCTGCGCTTGAGC,4,3263593
relBp,1.5,8,3,GCATCTTAGCCATTTGCGAA,5,3269493
relBp,0.5,4,3,GATTTTTGGAAGGTCTGAGG,1,3270815
relBp,3.5,16,3,GATTGCGTCTGACTACATAC,13,3256884
relBp,1.0,6,3,GATTCGATTACGCACCAATG,3,3284596
relBp,1.0,6,3,GAGTGTAAATACTCCTAGGG,3,3267074
relBp,0.75,5,3,GAGCAAAAGGGTCATCTAAG,2,3257930
relBp,0.5,4,3,GACGGTTGGTCGAAGGAGAT,1,3293961
relBp,1.0,6,3,GACCGGGTCGAGCCCTTACA,3,3282623
relBp,0.5,4,3,GAATCCTTCGGTTCACAATA,1,3271780
relBp,0.5,4,3,GAATATATGCAGTGCCAGAA,1,3296620
relBp,0.5,4,3,GAAGGGTAGATTTCAACCGG,1,3273453
relBp,0.75,5,3,CTTGCCCTAAGACCTGGTAA,2,3304797
relBp,3.5,16,3,CTTCGTTGAGATGAAGGCGT,13,3308252
relBp,1.75,9,3,CTGCGGACGGAATACTACCT,6,3305958
relBp,0.5,4,3,CTGAGGTCTCGCCGACTGAT,1,3268567
relBp,0.75,5,3,CTCTATAATCATTTCATAAG,2,3288691
relBp,0.75,5,3,CTCCCCCTTGGGGGGATTGT,2,3296900
relBp,0.75,5,3,CTCACGTACAGGAAACAATT,2,3257923
relBp,2.25,11,3,CTCAACGCTAGACATGACTA,8,3301727
relBp,1.5,8,3,CTAGCTTCACGCAATTGTAC,5,3274445
relBp,1.5,8,3,CTAATTTCAGGCGGTACGAG,5,3266438
relBp,5.0,22,3,CTAATGAGTTGTCAAAAAAT,19,3295457
relBp,1.0,6,3,CTAAGCGGAACAGCTTTCTA,3,3287865
relBp,0.5,4,3,CGTGCTAGGAATCCATTCTC,1,3260489
relBp,0.75,5,3,CGTGCGCTAATGCGCAAGTT,2,3277103
relBp,0.5,4,3,CGTAGACCAAGGGGCACAGC,1,3260868
relBp,0.5,4,3,CGGTCGTTCGACGGTTGCAT,1,3271363
relBp,1.0,6,3,CGGTCGGAACACAGTGGATG,3,3304289
relBp,0.75,5,3,CGGCAGGGGGCGAACTCCCA,2,3303528
relBp,2.25,11,3,CGCTAATGGCAGGTAGTTGA,8,3256413
relBp,0.75,5,3,CGCGGTCTGAAGTTGTTCGT,2,3301590
relBp,0.75,5,3,CGATCGCCATTCCGTAATGC,2,3275064
relBp,0.5,4,3,CGACGGAATGTAGTCAAAGC,1,3279234
relBp,0.75,5,3,CGAAGCGTTGATATCAGTAA,2,3263308
relBp,0.5,4,3,CCTTTTCGCGTGTATTTATT,1,3302307
relBp,0.5,4,3,CCTTCCTATGACTGGTTAAA,1,3259118
relBp,0.75,5,3,CCTTAGGATCTTCAGGCTCC,2,3279611
relBp,3.75,17,3,CCTGTTGTGGTCTTGGAACA,14,3265991
relBp,1.25,7,3,CCTCGGTCACCCAAGACTGT,4,3288996
relBp,0.75,5,3,CCTCACGAATCGCTTTCCGA,2,3265159
relBp,0.75,5,3,CCTAATTCCCAATGAAGGAG,2,3265861
relBp,0.5,4,3,CCGGTGTAAGATAGAATATA,1,3303087
relBp,1.5,8,3,CCGGGGGTAGGGGGCCAATG,5,3259734
relBp,2.0,10,3,CCCGCCGGGGCGTTCTGTTC,7,3287029
relBp,0.5,4,3,CCCCCCGATTGCTGGGAGAT,1,3280184
relBp,0.5,4,3,CCCAACAGTGTGTTAGTAAA,1,3288721
relBp,0.75,5,3,CCATGCAGAGTGCAGGAATA,2,3258015
relBp,1.25,7,3,CATCTAGGTGATGGGAAGTA,4,3261698
relBp,0.5,4,3,CATCAGGCAGGGTTTGGAAA,1,3270504
relBp,0.5,4,3,CAGTGCAATGAGAACTCAGC,1,3292125
relBp,1.25,7,3,CAGCTCAATTAGACTTCAGA,4,3265895
relBp,1.0,6,3,CAGCACTTCAATCCATGTGC,3,3273937
relBp,2.0,10,3,CACGCAATGGGTGGATGCTA,7,3306462
relBp,1.25,7,3,CACGAGGTCGTATCTGCTAA,4,3264694
relBp,0.5,4,3,CACATGCAGCGCCTGATATA,1,3271367
relBp,0.75,5,3,CAAGGGTAACGAGCACAAGT,2,3266481
relBp,0.75,5,3,CAAGGCTCGCGTCTGGCCAG,2,3260488
relBp,0.5,4,3,CAACATTCTCTTGGAATGAT,1,3268353
relBp,1.0,6,3,CAACATCGGGGATTACAACG,3,3280785
relBp,0.75,5,3,CAAATCGCGGGTTAGTAATA,2,3300913
relBp,0.5,4,3,CAAAAATCAGGTTTTCTGTT,1,3273970
relBp,0.5,4,3,ATTTATCTTCCCTCCCGGAC,1,3297644
relBp,1.25,7,3,ATTAGCATACAGGTCGTCCT,4,3267461
relBp,0.75,5,3,ATGTATCCCAGAATGGAAAC,2,3280818
relBp,2.0,10,3,ATGTAGCATCCCCTCTCGAA,7,3299304
relBp,2.25,11,3,ATGGTATGGTAGTAATGAAG,8,3257812
relBp,1.0,6,3,ATCTTGAATCCCCTGTACAT,3,3270982
relBp,0.5,4,3,ATAGGGAAATGAACATTAGA,1,3264231
relBp,0.5,4,3,ATACTGGTTCATATAAGGCT,1,3256431
relBp,0.75,5,3,AGTGTTCGTTCAAAGTTCTT,2,3259815
relBp,1.0,6,3,AGTCGCGGTTATGGTGGCTT,3,3276253
relBp,0.5,4,3,AGTAAGAAACTGCTTAAAAT,1,3300722
relBp,1.0,6,3,AGGTTAGGCTGTGATGCCGT,3,3302035
relBp,0.5,4,3,AGGTGATATGCTATCCGGGA,1,3275476
relBp,1.25,7,3,AGGTCCAGATGGTTCCCAAA,4,3259262
relBp,1.25,7,3,AGGCTATTAACTGAGTAATG,4,3275457
relBp,0.5,4,3,AGGCGAGGCGTCGCTTGAGT,1,3275027
relBp,0.5,4,3,AGGATCAACTCCGAGCTTAG,1,3280644
relBp,0.5,4,3,AGCTTCCTCCGGGGCATTTA,1,3265331
relBp,0.5,4,3,AGCCGTGCTCGCTGGATGGT,1,3294522
relBp,1.0,6,3,AGCCCATACTAAGAGTCTCT,3,3274926
relBp,0.5,4,3,AGCCAGGCCCTTCCTAAATT,1,3273176
relBp,1.0,6,3,AGCATAGCTCTGCTAGTCAA,3,3282266
relBp,0.75,5,3,AGAGCGAGTTGCTCTCTGTT,2,3258436
relBp,0.75,5,3,ACTGGTTTCGGGCTCGATAT,2,3283115
relBp,1.25,7,3,ACTGAGACGTGTGATCTAAG,4,3274290
relBp,0.5,4,3,ACTCAGGTGGGAGCGGATAT,1,3275515
relBp,0.75,5,3,ACTAGGTAGACACACGACAC,2,3303260
relBp,1.25,7,3,ACTAGAGAGAGCTCGACGAA,4,3285749
relBp,1.0,6,3,ACGTTGGGTGTCATGGATTT,3,3257959
relBp,0.5,4,3,ACGTAATTTCACGATGGTAT,1,3257891
relBp,0.5,4,3,ACGGTTTGGCCGAAACGCCC,1,3306416
relBp,0.75,5,3,ACCCCCGTGTATTGGCGATT,2,3294101
relBp,0.75,5,3,ACATTTCCTTGGGGCCGCTT,2,3266879
relBp,0.5,4,3,ACAGGACTGGGCCGCTATGA,1,3278304
relBp,1.0,6,3,ACAGATCTTGGAGCCAGGGA,3,3270809
relBp,1.0,6,3,ACACGCCACTATTGTATACA,3,3293148
relBp,0.5,4,3,ACAAGTAGTTCGGGGACGCT,1,3260094
relBp,0.5,4,3,ACAACCAAGGGTGCAAACGT,1,3276615
relBp,0.5,4,3,AATTGAGACATTATTGGTAT,1,3262075
relBp,0.5,4,3,AATTATATATCTAACCGTGT,1,3290398
relBp,0.5,4,3,AATGCGTCAATCAAGGCGTG,1,3259425
relBp,0.75,5,3,AATATTGAGTCTTCGGGTGT,2,3278637
relBp,0.5,4,3,AATAGTGCTGATGAAGTTAT,1,3308763
relBp,0.75,5,3,AATAATTTCCACGGCGGCTG,2,3298863
relBp,1.25,7,3,AAGTGTCTTCCCTCCTATAT,4,3257847
relBp,0.75,5,3,AACGGCTTTAACTTAGGGCT,2,3277191
relBp,0.75,5,3,AACGGCAACAGGGCTCATCA,2,3259652
relBp,0.5,4,3,AACGCTGTAGGAGCTAACGT,1,3272720
relBp,1.0,6,3,AACCTATCAGCGGGGGGTGT,3,3300959
relBp,0.75,5,3,AACAAACTATGACAACAGCA,2,3272159
relBp,0.5,4,3,AAATGGGTTTTTCAATTCAC,1,3272903
relBp,1.0,6,3,AAATCGCGCAAGATAGAGCA,3,3263605
relBp,0.75,5,3,AAAATTGCCAAAGCTAAGTG,2,3268114
relBp,0.6666666666666666,3,2,TTTTTTGGGGGCAGACCGCA,1,3265332
relBp,0.6666666666666666,3,2,TTTTTAGCATGTAAATGGCA,1,3281332
relBp,1.3333333333333333,5,2,TTTTGAGACCTCAGCTCGCA,3,3277846
relBp,1.0,4,2,TTTTGAACATTCGTTCATAA,2,3274967
relBp,1.3333333333333333,5,2,TTTTCAAGACTACTGTTTTC,3,3287884
relBp,0.6666666666666666,3,2,TTTCTCCAACAATTGCGTGT,1,3299209
relBp,0.6666666666666666,3,2,TTTCGTCCGGTTCACTTGGT,1,3262712
relBp,1.0,4,2,TTGTTCATTCGTTTCCCGGA,2,3300442
relBp,1.3333333333333333,5,2,TTGTGAGTGGACCGGCGATC,3,3306415
relBp,1.3333333333333333,5,2,TTGTCGGATAGACGAGCGCG,3,3263125
relBp,0.6666666666666666,3,2,TTGTATCCCGTATGGATTAC,1,3301373
relBp,0.6666666666666666,3,2,TTGGTTAAATTTTGTGTGCA,1,3281552
relBp,0.6666666666666666,3,2,TTGGTGCTGCGCGCTATCTC,1,3257870
relBp,1.6666666666666667,6,2,TTGGGCTTGAAGAGCGTCGT,4,3268150
relBp,0.6666666666666666,3,2,TTGGGATCATCCAGTTACTT,1,3268447
relBp,1.0,4,2,TTGGCGTATGCAGTAACTCT,2,3268621
relBp,0.6666666666666666,3,2,TTGCGTTTATAACACAGACA,1,3299072
relBp,0.6666666666666666,3,2,TTGCACATGAATTCCGGAAG,1,3296399
relBp,1.0,4,2,TTGCACACCCCGAGCCGGAC,2,3271952
relBp,0.6666666666666666,3,2,TTGATCCGGTCAATGTATCT,1,3281936
relBp,2.3333333333333335,8,2,TTGACTCCATCTCTCATGAA,6,3305486
relBp,1.0,4,2,TTGACGACGGTGGGGTAACG,2,3273538
relBp,3.3333333333333335,11,2,TTGAAATTAGCGTGTCGTGG,9,3300750
relBp,0.6666666666666666,3,2,TTCTTTATTCTTAAGGAAAT,1,3283765
relBp,1.0,4,2,TTCGTACTGAAATATCTTTA,2,3266817
relBp,0.6666666666666666,3,2,TTCGGTAAAGTCGCCAGTTA,1,3266406
relBp,1.0,4,2,TTCCTGAGGTGCTCCCCCAC,2,3271776
relBp,1.3333333333333333,5,2,TTATGTCGTCTGGTGTAACA,3,3275789
relBp,0.6666666666666666,3,2,TTATCGTCCACTGAGTGGCA,1,3282402
relBp,1.6666666666666667,6,2,TTATAAAATATTATTCCGGA,4,3276578
relBp,1.3333333333333333,5,2,TTAGTCTGCTACATCTAATG,3,3301670
relBp,0.6666666666666666,3,2,TTAGGGGGCTCTTGACTCTT,1,3275007
relBp,0.6666666666666666,3,2,TTAGGGAAGGTATGACGCAG,1,3272844
relBp,4.333333333333333,14,2,TTAGCATACTCGGTACGAAT,12,3305676
relBp,0.6666666666666666,3,2,TTACGGTCTGAATTTCCTGC,1,3265316
relBp,0.6666666666666666,3,2,TTACGGGACCGAGATGAAGT,1,3261999
relBp,0.6666666666666666,3,2,TTAATCCTGAAGCCATCACA,1,3295532
relBp,2.6666666666666665,9,2,TTAAGAGCAGTTTTAGTCTT,7,3256880
relBp,0.6666666666666666,3,2,TGTTTTCTCCATCACCTTGT,1,3261397
relBp,2.0,7,2,TGTTTCATCCGTACTGGGCT,5,3265219
relBp,1.3333333333333333,5,2,TGTTGTGGCTGGTACCATTC,3,3267128
relBp,0.6666666666666666,3,2,TGTTCGGGTATATCACCGTT,1,3275945
relBp,2.0,7,2,TGTTAAACGCCGTTTGACAA,5,3261749
relBp,1.0,4,2,TGTGCTCGCAGTGTTCTTGT,2,3287385
relBp,0.6666666666666666,3,2,TGTGAGGCGTAATACTCTTG,1,3259870
relBp,1.0,4,2,TGTCGGCTAACGGGTCCATG,2,3283396
relBp,4.333333333333333,14,2,TGTCAACATATAGACGCAAG,12,3292248
relBp,0.6666666666666666,3,2,TGTATTCTAATCCTGTTCGA,1,3301629
relBp,1.0,4,2,TGGTGTGATTGGACCCTCTC,2,3305719
relBp,1.3333333333333333,5,2,TGGTCTCAATGTCCGAATGG,3,3261432
relBp,2.3333333333333335,8,2,TGGTAGCAAAGCTGCGTGGT,6,3265985
relBp,2.0,7,2,TGGGGCTAAGAAAGAGTGCA,5,3308274
relBp,1.3333333333333333,5,2,TGGGGCGAACGGCTCATGTT,3,3297570
relBp,1.0,4,2,TGGCGGAAGTACGGTGATAG,2,3266512
relBp,1.0,4,2,TGGCCCACTTTCTTACTCAA,2,3257519
relBp,1.3333333333333333,5,2,TGGCATTACTAGAATCAGCG,3,3297665
relBp,3.3333333333333335,11,2,TGGATGGTGCCTCTATTAAT,9,3267127
relBp,0.6666666666666666,3,2,TGGACGCTAAAGCCGGTTGA,1,3274389
relBp,0.6666666666666666,3,2,TGGAACAATTGTTATGCCCT,1,3299598
relBp,1.3333333333333333,5,2,TGCTCAGTATAAAGACCTGT,3,3262589
relBp,1.0,4,2,TGCTAGCCTTCGTTCGGATT,2,3265706
relBp,0.6666666666666666,3,2,TGCCTTAGAGGGGTCTGTGC,1,3305991
relBp,0.6666666666666666,3,2,TGCCCTTCAATGCTCGATTA,1,3280663
relBp,1.3333333333333333,5,2,TGCACATGTTTCATCTAAAC,3,3263612
relBp,2.3333333333333335,8,2,TGATGATGCCAGCATGACTG,6,3276581
relBp,0.6666666666666666,3,2,TGAGGTATTGGACTGTGAGA,1,3266339
relBp,3.0,10,2,TGAGGTACAGCCCACTATGA,8,3306289
relBp,2.0,7,2,TGAGCTTGAGGAAACAGAAC,5,3266333
relBp,0.6666666666666666,3,2,TGACCCAATCCCTGGTCAGG,1,3279999
relBp,4.0,13,2,TGAAATCACTTAGCTAGCGG,11,3307393
relBp,0.6666666666666666,3,2,TCTTGATGAGACTGCGGGGC,1,3301306
relBp,0.6666666666666666,3,2,TCTTCTAGGATTGCATGTAC,1,3276327
relBp,1.3333333333333333,5,2,TCTGCATAATCTGAGGGAAA,3,3295567
relBp,1.6666666666666667,6,2,TCTCGCTCCTGGCAAGTAAT,4,3267321
relBp,0.6666666666666666,3,2,TCTATGTAAATACACTTGGC,1,3275119
relBp,1.0,4,2,TCTAACGTACGCTCTGTCAG,2,3276189
relBp,1.0,4,2,TCGTGGCGAGGTTTTGAACG,2,3296476
relBp,0.6666666666666666,3,2,TCGGTGCTCCAACTCTTCAC,1,3262172
relBp,1.0,4,2,TCGGGACTCCGGTTATTAGT,2,3276247
relBp,1.0,4,2,TCGGCCCCACCTAATGCTGA,2,3278193
relBp,1.6666666666666667,6,2,TCGGCAATTTAAGATTATGT,4,3298425
relBp,1.3333333333333333,5,2,TCGGATTATCACAGTTCCCC,3,3277501
relBp,1.0,4,2,TCGGAGCGGGGTGGGAGCCA,2,3269580
relBp,0.6666666666666666,3,2,TCGCTCGGGTTAAGCTCTGA,1,3281021
relBp,0.6666666666666666,3,2,TCGCCTTATTCCACATAAAG,1,3274688
relBp,5.666666666666667,18,2,TCGAGCTCGTGGGAAGCGTC,16,3267186
relBp,0.6666666666666666,3,2,TCCTCGCAGTTTCTTATCTA,1,3271815
relBp,1.0,4,2,TCCTCCGGGACACCCCATGT,2,3307118
relBp,0.6666666666666666,3,2,TCCGGTACTTTTTGCTCGCA,1,3289920
relBp,1.3333333333333333,5,2,TCCGCTGTCGGCAAGACGCA,3,3268127
relBp,0.6666666666666666,3,2,TCCGAATTCCGGTAAGCTGT,1,3291851
relBp,1.0,4,2,TCCCGTTGGTTCGCAATAGA,2,3273553
relBp,1.3333333333333333,5,2,TCCCGCCAGTTCTGCTCTTC,3,3273892
relBp,1.3333333333333333,5,2,TCCATTAGGGGAGGGAGTTC,3,3283713
relBp,1.0,4,2,TCCAACGACTTAGTTCTTAT,2,3281289
relBp,0.6666666666666666,3,2,TCATGGTCAAATGGAGACAT,1,3256542
relBp,0.6666666666666666,3,2,TCATCCGGGAATCAAGAGAT,1,3277651
relBp,1.0,4,2,TCAGTAGGTTGGGTTAACGG,2,3268681
relBp,0.6666666666666666,3,2,TCACGCAGGCCCGCTAGGCG,1,3265099
relBp,0.6666666666666666,3,2,TCACCGGCAGCTCCGAGCAA,1,3279626
relBp,1.0,4,2,TCAATCCTATTTGACCAAAG,2,3280999
relBp,0.6666666666666666,3,2,TATTGGGGATCCTTTTTGTT,1,3279882
relBp,0.6666666666666666,3,2,TATTATTGTTTATCATTTGA,1,3259750
relBp,0.6666666666666666,3,2,TATGCCTCGACCCGCCTCAG,1,3271996
relBp,1.3333333333333333,5,2,TATCCCGAGCACGCGCGGGT,3,3285872
relBp,1.6666666666666667,6,2,TATAGTTTCGTGATTTGAAC,4,3304168
relBp,1.3333333333333333,5,2,TATAGGCTGTCTGACTAACA,3,3288949
relBp,0.6666666666666666,3,2,TAGGGGAGGACAGTGCTCCA,1,3264624
relBp,0.6666666666666666,3,2,TAGGAGCCACCAATAGGCGG,1,3276268
relBp,0.6666666666666666,3,2,TAGCGTGCCGGAGGTCGGCA,1,3297620
relBp,1.0,4,2,TAGCGTCATTTCGGAATTTA,2,3261857
relBp,0.6666666666666666,3,2,TAGCATACGAGCGAACAGCC,1,3262945
relBp,1.6666666666666667,6,2,TACTTATCGAGCATGTGGCA,4,3283468
relBp,2.0,7,2,TACTGAGATGGGGCCAGATA,5,3305862
relBp,0.6666666666666666,3,2,TACGTTCTCTTTTTCAGTCC,1,3282864
relBp,1.3333333333333333,5,2,TACCTAGCCCGTAGCGGCTA,3,3287963
relBp,1.0,4,2,TACCATGTGCCAAATTGGTA,2,3257171
relBp,2.3333333333333335,8,2,TACCACAGCCAACTTTTATT,6,3257961
relBp,0.6666666666666666,3,2,TACATGGCCAAAGACGACAC,1,3284601
relBp,1.0,4,2,TACAGGCTCACCTAACACGT,2,3284475
relBp,0.6666666666666666,3,2,TACAGACTAAACGCCTCCGT,1,3288481
relBp,1.3333333333333333,5,2,TAATTGTCCGGCGGGACTCA,3,3261879
relBp,1.6666666666666667,6,2,TAATTGGTCCAGAGAGTAGC,4,3295844
relBp,5.666666666666667,18,2,TAATTCGATAACGATTTGTT,16,3275263
relBp,1.0,4,2,TAATGTGCACGGAGTTGTGA,2,3291824
relBp,0.6666666666666666,3,2,TAATATGCATAGCAGGCCAA,1,3263639
relBp,2.0,7,2,TAATAAATATTACGGCCGAA,5,3306464
relBp,1.6666666666666667,6,2,TAAGTTCTCGTATAGTGCCT,4,3279146
relBp,1.3333333333333333,5,2,TAAGGTATGAGGCAGTGAAG,3,3277164
relBp,0.6666666666666666,3,2,TAAGGACTTTTGTCTGGTTC,1,3272585
relBp,0.6666666666666666,3,2,TAAGCCTCCGCGGGGTAGAC,1,3285354
relBp,1.0,4,2,TAAATATTGTCGAGAGTTCT,2,3273311
relBp,1.3333333333333333,5,2,TAAAGTTCTGTCACACAGAA,3,3308717
relBp,0.6666666666666666,3,2,TAAAGTATAAGTCGCTTCCA,1,3282626
relBp,1.3333333333333333,5,2,TAAACTTCAACATGTATCTC,3,3295323
relBp,0.6666666666666666,3,2,TAAAAGCGGAATCTCGGCGA,1,3283000
relBp,1.0,4,2,TAAAAGAGCGTGCCGGTAGT,2,3288240
relBp,0.6666666666666666,3,2,GTTGGCATTCAGGGTGCTCG,1,3294248
relBp,1.0,4,2,GTTCGTTCTTTTTAGAACGT,2,3286468
relBp,0.6666666666666666,3,2,GTTCGACTCCTTATCGTCTT,1,3300723
relBp,1.3333333333333333,5,2,GTGTTGAAAGAGCGGAACCA,3,3269175
relBp,0.6666666666666666,3,2,GTGTTAGTTCTTCGAATCCC,1,3287736
relBp,0.6666666666666666,3,2,GTGGTCCCCTATGCTAAACT,1,3256907
relBp,0.6666666666666666,3,2,GTGGTACCGGGTTCTTTAAT,1,3271740
relBp,2.6666666666666665,9,2,GTGGCTATAGCTCTTGCTGT,7,3294453
relBp,1.3333333333333333,5,2,GTGGATACTAACGCAGTTCG,3,3266000
relBp,0.6666666666666666,3,2,GTGGAAAATCAGCGACTCTC,1,3268983
relBp,0.6666666666666666,3,2,GTGCTGGCAAGGTCAACTCG,1,3268503
relBp,0.6666666666666666,3,2,GTGCTGAGCATCGTGAGGCC,1,3291757
relBp,0.6666666666666666,3,2,GTGCTGACCTGGGTCGCGCC,1,3270196
relBp,0.6666666666666666,3,2,GTGCGGATATTGAGGGCGTT,1,3278947
relBp,0.6666666666666666,3,2,GTGCCGTTCCGTATAGCCGG,1,3256914
relBp,1.3333333333333333,5,2,GTGCATGACATGGCTATCTC,3,3283867
relBp,0.6666666666666666,3,2,GTGATACACGCTGATAGTAT,1,3299281
relBp,1.6666666666666667,6,2,GTGAAGTGACAATTGGTGCA,4,3283002
relBp,1.0,4,2,GTGAAGACTTTCGTCTAACA,2,3271192
relBp,0.6666666666666666,3,2,GTCTCATTAGGTACATATTT,1,3257801
relBp,1.0,4,2,GTCGAAGGCCGACAGATGGT,2,3303885
relBp,1.0,4,2,GTCCTTTCAGCCATCTGAAG,2,3256974
relBp,1.3333333333333333,5,2,GTCCTTGAATACCTCCTTTC,3,3302821
relBp,0.6666666666666666,3,2,GTCCGCGGGGTGGCCGTTAT,1,3261043
relBp,0.6666666666666666,3,2,GTCCGAGCTATAGATAGTAT,1,3277401
relBp,6.0,19,2,GTCCCGGTGGCAAACATCGA,17,3266330
relBp,0.6666666666666666,3,2,GTCCATCTGGTGTGCACCCT,1,3291644
relBp,1.0,4,2,GTCCATCGGCAAGGTACGAT,2,3272695
relBp,0.6666666666666666,3,2,GTCATTTGGTTCGTCCCGGT,1,3288572
relBp,1.3333333333333333,5,2,GTCATCGTGGCTGTACTCAG,3,3296058
relBp,3.3333333333333335,11,2,GTCATAGTAAACTCCTGCAG,9,3283382
relBp,0.6666666666666666,3,2,GTCAGTGAGAGAAAGAGGCG,1,3272122
relBp,0.6666666666666666,3,2,GTAACCGGCACTGAGCTGGG,1,3278955
relBp,1.0,4,2,GTAACAGTCACAATCGGGCC,2,3276457
relBp,0.6666666666666666,3,2,GTAAACACCAGATAAAGTAA,1,3284649
relBp,1.0,4,2,GGTTTTACTCATTGAATACG,2,3275959
relBp,0.6666666666666666,3,2,GGTTTGATTTAGCGTACTTT,1,3291402
relBp,0.6666666666666666,3,2,GGTTCGGTAGCTAAGACAAG,1,3260246
relBp,1.0,4,2,GGTGGACCCAAACGCATACA,2,3264481
relBp,1.0,4,2,GGTAGTTTTTATCTCCCATT,2,3260531
relBp,1.3333333333333333,5,2,GGTAGGTGAAAACGGTGACA,3,3300368
relBp,0.6666666666666666,3,2,GGGTTAGATGGGACGACACG,1,3259605
relBp,1.3333333333333333,5,2,GGGTGTCCAAGCAATGAGTG,3,3270820
relBp,1.6666666666666667,6,2,GGGTACCACTAAATCCCATG,4,3263794
relBp,0.6666666666666666,3,2,GGGGTGAGTTAGTCTTGACT,1,3266609
relBp,0.6666666666666666,3,2,GGGCGATAGGGTAAGTGCTG,1,3299459
relBp,1.6666666666666667,6,2,GGGAACCTGTGTGTGAGTTA,4,3285085
relBp,0.6666666666666666,3,2,GGCTGACCACTCTTGGTGAC,1,3266219
relBp,0.6666666666666666,3,2,GGCGTAGCTGGGCAAAGGGA,1,3276057
relBp,3.0,10,2,GGCCCTCTGAGCGAAGGGTT,8,3267293
relBp,0.6666666666666666,3,2,GGCATGTGCCTCAGAACTAA,1,3272504
relBp,0.6666666666666666,3,2,GGCAGTGCTGAGATAGAACG,1,3300811
relBp,4.0,13,2,GGCAGAAAACCACCTTCAAT,11,3305266
relBp,2.0,7,2,GGCACCTGATTCGACATCCT,5,3268017
relBp,3.3333333333333335,11,2,GGCAATCGGATTATGGTGGT,9,3303730
relBp,0.6666666666666666,3,2,GGATTGGTGTGGCGTACTTT,1,3272874
relBp,1.3333333333333333,5,2,GGATCAAGAAAGTCGGGCAA,3,3263109
relBp,0.6666666666666666,3,2,GGAGGTGGCAAGTAGTAAAA,1,3279514
relBp,0.6666666666666666,3,2,GGAGCGGACGTCGATATTAG,1,3290620
relBp,1.0,4,2,GGACTATAAACGTCCCGATC,2,3257276
relBp,0.6666666666666666,3,2,GGACGAGAGGTTGCTTTTTA,1,3257134
relBp,0.6666666666666666,3,2,GGACCTCGCTCGTGTCGCGT,1,3271407
relBp,1.3333333333333333,5,2,GGACCGTGCATATAGGCCAT,3,3302155
relBp,0.6666666666666666,3,2,GGAACCACATAGCTCCCAGC,1,3260672
relBp,0.6666666666666666,3,2,GGAAAGTGAACAGTGGATCA,1,3275986
relBp,0.6666666666666666,3,2,GCTTTCACGGTGCTCTACTA,1,3299306
relBp,0.6666666666666666,3,2,GCTTGGTACGTCAGGGGTCC,1,3285498
relBp,1.0,4,2,GCTCGGGCTATACACCAGGC,2,3269469
relBp,1.0,4,2,GCTAGGGTTCACCCCCTCAC,2,3299810
relBp,0.6666666666666666,3,2,GCTAGCGTTGTCTCGCCTAA,1,3272811
relBp,2.3333333333333335,8,2,GCTACGAAAGCGGTCATCCC,6,3303760
relBp,1.0,4,2,GCTACAAAAGCATCCGTTTC,2,3279541
relBp,0.6666666666666666,3,2,GCTAAGTGAATGATTACCAA,1,3281354
relBp,0.6666666666666666,3,2,GCGTTTGTTGGCTCGGACCA,1,3281078
relBp,1.0,4,2,GCGTTGACTTTGCGATCAGT,2,3266595
relBp,5.0,16,2,GCGTCCTCACCGGGGTTTTA,14,3276946
relBp,0.6666666666666666,3,2,GCGGCGTGAAGTATCATGTC,1,3260214
relBp,0.6666666666666666,3,2,GCGGCAACCATGCGAAACAT,1,3289726
relBp,3.3333333333333335,11,2,GCGCGCCACCGCATGAGAGG,9,3281269
relBp,1.0,4,2,GCGCCTGAATAAGGTTACGC,2,3307808
relBp,1.0,4,2,GCGCCGTCGGTATGAGATGA,2,3271546
relBp,1.0,4,2,GCGATTCTTACTATCTTACA,2,3294711
relBp,1.6666666666666667,6,2,GCGATTCCCACTTACTTTGG,4,3260242
relBp,1.0,4,2,GCGATTAAACCGGTCGATAT,2,3268619
relBp,1.6666666666666667,6,2,GCGAGAAAGACTGCATGCCG,4,3286936
relBp,1.6666666666666667,6,2,GCGAAAGCCGTTCACTATGT,4,3308329
relBp,0.6666666666666666,3,2,GCCTTCGCTTTAGACCTTGA,1,3257864
relBp,0.6666666666666666,3,2,GCCGTGGACCAGGGCTCGAT,1,3300822
relBp,1.0,4,2,GCCGTATCTGTTATGGTAAA,2,3276654
relBp,2.6666666666666665,9,2,GCCGCTCAATGATATGCAAC,7,3288277
relBp,1.0,4,2,GCCGCTATGCGCTCGGTTAA,2,3293974
relBp,0.6666666666666666,3,2,GCCAGGATTCATAAATATAT,1,3284097
relBp,2.0,7,2,GCATGTCTCTGATTTATTGT,5,3303174
relBp,5.333333333333333,17,2,GCATGGATGGAACAGGAAGA,15,3305162
relBp,1.6666666666666667,6,2,GCATCCGTGGGGGGTTTAAG,4,3260215
relBp,0.6666666666666666,3,2,GCAGGAGAAGTATCGGAACG,1,3296952
relBp,0.6666666666666666,3,2,GCACCTGGGGTTAGCGAATG,1,3268647
relBp,1.6666666666666667,6,2,GCACCATAGTACCACGTGTT,4,3280938
relBp,1.6666666666666667,6,2,GCAACCGGGCAGTCGCCATT,4,3293475
relBp,6.0,19,2,GCAACAGGGGCAGCAGTACT,17,3279180
relBp,1.0,4,2,GATGTGTTCCGTGTGAGTCA,2,3286740
relBp,4.0,13,2,GATGGACGGTGCTACGACCA,11,3275392
relBp,0.6666666666666666,3,2,GATCAGTAATGTGAAGCACA,1,3263049
relBp,1.0,4,2,GATATGCGGGATAAGACTGA,2,3273783
relBp,0.6666666666666666,3,2,GAGTTAGCTTACTCTGAAGG,1,3296429
relBp,1.0,4,2,GAGTGGAGGTTGATAGTCGT,2,3283594
relBp,10.666666666666666,33,2,GAGGTGGACGCAATCGGGTT,31,3287951
relBp,2.0,7,2,GAGGTGCCATGAAGTAAGTC,5,3268753
relBp,0.6666666666666666,3,2,GAGGTATCTGAGTAAAACGA,1,3305364
relBp,0.6666666666666666,3,2,GAGCGCAATGGTGTAAAAAA,1,3294760
relBp,1.6666666666666667,6,2,GAGAGCTCACCATATTCCAT,4,3269884
relBp,0.6666666666666666,3,2,GAGAAATATGAGTCCCTCGT,1,3290524
relBp,1.6666666666666667,6,2,GACTCTGACTGCAGTAAACG,4,3263191
relBp,0.6666666666666666,3,2,GACTCAGAGTATCCTATACC,1,3305241
relBp,2.0,7,2,GACGGCGTTGTACGTCCTAG,5,3257631
relBp,0.6666666666666666,3,2,GACCGATGACGTACATGAGA,1,3285864
relBp,0.6666666666666666,3,2,GAATCGCCAACACCGTGTCT,1,3282027
relBp,0.6666666666666666,3,2,GAATACGAACGTGCTTATTT,1,3290239
relBp,0.6666666666666666,3,2,GAAGGAATCACTATTACACA,1,3258600
relBp,1.3333333333333333,5,2,GAAGATCCTTCGCGAAAAAT,3,3261134
relBp,0.6666666666666666,3,2,GAACTTGGGGAGCAGTGTAT,1,3271489
relBp,1.0,4,2,GAAATGCCCTGATTACCCCA,2,3272864
relBp,0.6666666666666666,3,2,GAAACTTAAGGGCACTTCAA,1,3266560
relBp,0.6666666666666666,3,2,GAAACCAGTTGCCCAATACA,1,3266897
relBp,1.0,4,2,CTTGGTTCCGCGGCTCTTAG,2,3292912
relBp,1.6666666666666667,6,2,CTTGGATAACCGAGGCCTTT,4,3297916
relBp,0.6666666666666666,3,2,CTTGCTGTGTGGTGCAATTT,1,3268866
relBp,0.6666666666666666,3,2,CTTGACGGAGGCATCCCTAT,1,3284222
relBp,1.6666666666666667,6,2,CTTCGACAATTATTCTTCAT,4,3257496
relBp,0.6666666666666666,3,2,CTTCCACGAAATCTGAGGAT,1,3257597
relBp,1.0,4,2,CTTAGATTCAGTAATTTCAA,2,3275145
relBp,0.6666666666666666,3,2,CTTAAGGGAGCGCGGACACA,1,3274831
relBp,1.0,4,2,CTGTCAGGGACCATGTATTA,2,3275575
relBp,2.3333333333333335,8,2,CTGCGTAGGGAAAGGAAACC,6,3294803
relBp,0.6666666666666666,3,2,CTGCATTACTCGCACTTGCA,1,3268215
relBp,3.6666666666666665,12,2,CTGCACTATGTGGACTGTAT,10,3257813
relBp,1.3333333333333333,5,2,CTGATCAGGGTCGGTCCGAG,3,3296955
relBp,0.6666666666666666,3,2,CTGAGTTTTTACGGCATTTC,1,3277895
relBp,0.6666666666666666,3,2,CTGAGGGGCCTTCTACCTGA,1,3266511
relBp,1.0,4,2,CTGAATGCGGACGGCATATT,2,3256985
relBp,1.0,4,2,CTCTGATACCCCCGTAAGTC,2,3305395
relBp,1.3333333333333333,5,2,CTCCGTAAGCCGGCTCAGAC,3,3280780
relBp,3.0,10,2,CTCCAATGGTTAAGTGGTGC,8,3271543
relBp,1.0,4,2,CTCATTCCTCAGGTTCCACT,2,3273507
relBp,0.6666666666666666,3,2,CTCATGCATTATTGACACTT,1,3259773
relBp,1.6666666666666667,6,2,CTCAGAGTGTCACCTAGAAA,4,3267678
relBp,0.6666666666666666,3,2,CTATGACCTGTGACCTATGA,1,3264587
relBp,0.6666666666666666,3,2,CTATAGTGCAGACTACATTA,1,3272324
relBp,0.6666666666666666,3,2,CTAGTTGCCTCCAAGATGTT,1,3280700
relBp,0.6666666666666666,3,2,CTAGCGCGCTGAGACTCTAC,1,3278710
relBp,2.0,7,2,CTAGCCGTGAGAGCCGGGGT,5,3293222
relBp,1.0,4,2,CTACGGGCGATGGAGAGAGA,2,3264199
relBp,1.3333333333333333,5,2,CTAAATCACCGATAGACGTT,3,3273602
relBp,1.6666666666666667,6,2,CGTTATGCCCGCCAGCCTAA,4,3303795
relBp,0.6666666666666666,3,2,CGTGGATGACCCGACATGAT,1,3267755
relBp,0.6666666666666666,3,2,CGTGAGTGTATCCGCGCGCT,1,3262484
relBp,0.6666666666666666,3,2,CGTGAATTCGGCTTTTAGTC,1,3266049
relBp,0.6666666666666666,3,2,CGTCGCCTTACCGCACCGAT,1,3283488
relBp,1.6666666666666667,6,2,CGTCGCACGAGTACGGACGA,4,3290884
relBp,3.6666666666666665,12,2,CGTCCGATTGAAATCGATCG,10,3280852
relBp,0.6666666666666666,3,2,CGTCCAGATCGAACTCGATG,1,3294066
relBp,2.0,7,2,CGGTGCCTCTTCGCGGCATT,5,3268117
relBp,0.6666666666666666,3,2,CGGGTGTTGTCACGCTTAGG,1,3269569
relBp,1.0,4,2,CGGGTCTTCATTTATTTCAA,2,3291537
relBp,0.6666666666666666,3,2,CGGGTCAGCCAACAGGCATA,1,3274793
relBp,0.6666666666666666,3,2,CGGGGGGTGGCATGTAAATT,1,3300286
relBp,2.0,7,2,CGGGAGAACCATGGGCTTCG,5,3286316
relBp,1.0,4,2,CGGGACTATTCCCTAGCAGC,2,3264593
relBp,0.6666666666666666,3,2,CGGCGTCGCAGCGCTGCGAT,1,3297579
relBp,1.0,4,2,CGGCGCCACGACTGGCCATA,2,3299056
relBp,0.6666666666666666,3,2,CGGACAGTAGAGGCTCGCAT,1,3259187
relBp,0.6666666666666666,3,2,CGGACACGATAGTGTAACCG,1,3301048
relBp,0.6666666666666666,3,2,CGCTCGCAGCGGTTTGCACG,1,3284817
relBp,0.6666666666666666,3,2,CGCTCACGCCTAATTTGAGT,1,3286224
relBp,1.3333333333333333,5,2,CGCGGTGGTCCAAATGGAGG,3,3272184
relBp,0.6666666666666666,3,2,CGATTTAAGTCCGAGGATTG,1,3276054
relBp,1.0,4,2,CGATCTTCAGGGATGCGAAG,2,3300181
relBp,0.6666666666666666,3,2,CGATCTAAGGAGAATTGTGA,1,3282758
relBp,1.3333333333333333,5,2,CGAAGTCCTTGCGACCTCTA,3,3289256
relBp,0.6666666666666666,3,2,CCTTTCTAGGTATCCAGGAC,1,3257960
relBp,2.6666666666666665,9,2,CCTTTAACGCAAACTGGTCG,7,3299719
relBp,1.3333333333333333,5,2,CCTTGGGGTAAGTGGGTGTT,3,3300561
relBp,1.3333333333333333,5,2,CCTTGCGTGAGTCAGTATTA,3,3273076
relBp,0.6666666666666666,3,2,CCTTGAAACTTCTAGGCGCG,1,3262356
relBp,1.0,4,2,CCTTCGAGTCATTCTCCTCG,2,3298751
relBp,4.0,13,2,CCTGCCTTTCGTCTGGACGG,11,3290866
relBp,1.3333333333333333,5,2,CCTGATGTGCAAACAATCCT,3,3301890
relBp,1.0,4,2,CCTGATGAAAGTCGGCGGCT,2,3260840
relBp,1.0,4,2,CCTCATGTCCAAAGAACCTA,2,3257535
relBp,0.6666666666666666,3,2,CCTAGTGGGCACTCATTATA,1,3265112
relBp,1.3333333333333333,5,2,CCTAGATCTGACAGAACGCT,3,3288678
relBp,0.6666666666666666,3,2,CCGTGACTATACAGGGGCCA,1,3266785
relBp,0.6666666666666666,3,2,CCGGTGATTATCTTGCTGTG,1,3262514
relBp,1.3333333333333333,5,2,CCGGAGAAACCAGCCCCTGA,3,3265609
relBp,0.6666666666666666,3,2,CCGCTTTCCCGTTTACTGCG,1,3269724
relBp,2.0,7,2,CCGCGAAACTGCACTATATT,5,3292319
relBp,0.6666666666666666,3,2,CCGATAGGCCAGTACTCGTA,1,3278038
relBp,2.6666666666666665,9,2,CCGAGCGAAGCGGGGGGCAT,7,3306572
relBp,1.0,4,2,CCGACGTACTGTGGGTAAAG,2,3274369
relBp,1.3333333333333333,5,2,CCCTTCGGTTTGTCACATTC,3,3276633
relBp,1.0,4,2,CCCTAATTATATACGAGTTC,2,3289775
relBp,2.3333333333333335,8,2,CCCGGGGCTCGTTTATTAGT,6,3272179
relBp,0.6666666666666666,3,2,CCATTTGGGGGATCGAACTA,1,3270214
relBp,0.6666666666666666,3,2,CCATTTAACAAGCACATCTT,1,3265251
relBp,3.3333333333333335,11,2,CCATGTCACCAACCGCGTCA,9,3257924
relBp,1.0,4,2,CCATATGATTCAAAGATTTA,2,3303934
relBp,0.6666666666666666,3,2,CCAGGCGTGACCTCCTTTTA,1,3266418
relBp,2.6666666666666665,9,2,CATGTATTGATCTACTGTAA,7,3299997
relBp,0.6666666666666666,3,2,CATGGGTCCAATGGATAGCT,1,3262943
relBp,2.0,7,2,CATGCTATTTAGAGGACTAT,5,3295781
relBp,1.0,4,2,CATCTAAATACTCGTGACTA,2,3279939
relBp,1.0,4,2,CATAGCTCCAAAGTCCGGCT,2,3294104
relBp,0.6666666666666666,3,2,CAGTATAGGATCATGCTCTA,1,3297078
relBp,1.0,4,2,CAGGGAGGCATCGCATCTGG,2,3266109
relBp,1.6666666666666667,6,2,CAGGCTTGTGAGCCCCTTAC,4,3273691
relBp,0.6666666666666666,3,2,CAGGCTGACAACCTGGCTGT,1,3266703
relBp,1.3333333333333333,5,2,CAGATGATAACGGGCACGCA,3,3264627
relBp,1.3333333333333333,5,2,CAGATAACTATAGTTCAATC,3,3283624
relBp,1.0,4,2,CAGACGCGCGCGTGGGATAA,2,3265808
relBp,1.6666666666666667,6,2,CAGACGCCTCCTCGGAACCT,4,3304358
relBp,1.0,4,2,CAGACCGGTACCTGAATTCA,2,3276664
relBp,1.3333333333333333,5,2,CACTTTGACTCCGGCAAAAT,3,3262222
relBp,0.6666666666666666,3,2,CACTTGGTGTGAGTTTTGAT,1,3284365
relBp,0.6666666666666666,3,2,CACTGGTACGCTTTTCGTGG,1,3279717
relBp,1.3333333333333333,5,2,CACTATATAGGTGCTACGAA,3,3287194
relBp,0.6666666666666666,3,2,CACCATGCACCCAGTCGAAT,1,3286887
relBp,1.3333333333333333,5,2,CACATCTAAGGGCAGTGTCA,3,3277899
relBp,0.6666666666666666,3,2,CACATATGTGCAATTACCTG,1,3284194
relBp,2.6666666666666665,9,2,CAATTAAAGAGGAACTCGGT,7,3257187
relBp,1.0,4,2,CAAGGATGGGCAATCGATAA,2,3258283
relBp,0.6666666666666666,3,2,CAAGATCTTATCGGATGGTC,1,3291563
relBp,1.3333333333333333,5,2,CAAGAAAGACAGGTAACCGC,3,3273962
relBp,1.0,4,2,CAACACAGTCCTCCGCAGAT,2,3260566
relBp,0.6666666666666666,3,2,CAAAGTACGTACTACACTGG,1,3306913
relBp,1.0,4,2,CAAAACCACTGCAAAATGGT,2,3257041
relBp,0.6666666666666666,3,2,ATTTCAGAGTCGCAGTAAGT,1,3273308
relBp,1.0,4,2,ATTTATTTGTCTCGATCGTA,2,3257860
relBp,0.6666666666666666,3,2,ATTGTCCGATGAAGTGTATG,1,3261620
relBp,0.6666666666666666,3,2,ATTCGTTGCTAACCATGATT,1,3301073
relBp,0.6666666666666666,3,2,ATTCGGACGGATGACTGATT,1,3272671
relBp,4.0,13,2,ATTAACCCGTCTGCGGCCGG,11,3260407
relBp,1.0,4,2,ATGTGAATGATGCAGTAATA,2,3276456
relBp,1.0,4,2,ATGTCAGCGAGACAAGCTTT,2,3261810
relBp,0.6666666666666666,3,2,ATGGCAGGGGTAACATGCAA,1,3270938
relBp,1.6666666666666667,6,2,ATGGAGAGTACCAGGCACGT,4,3269060
relBp,1.6666666666666667,6,2,ATGCAAGAGTAGGCGCTATT,4,3270167
relBp,1.3333333333333333,5,2,ATGAGCTATAAGCAACATAT,3,3257940
relBp,1.6666666666666667,6,2,ATCTTGTGGTCGCCGGGAGG,4,3306058
relBp,1.3333333333333333,5,2,ATCTTGGCATGGACCTGGAA,3,3257460
relBp,1.0,4,2,ATCTGGCGTCCCGAGCAGGC,2,3290549
relBp,1.0,4,2,ATCGGCTATGTTTTATACCA,2,3268351
relBp,1.0,4,2,ATCGACTTCGGTGTATTAGC,2,3295049
relBp,1.3333333333333333,5,2,ATCCTTTTTTTATTCTTCTT,3,3258751
relBp,2.6666666666666665,9,2,ATCCTGGATCAAGCGGGCTT,7,3301849
relBp,0.6666666666666666,3,2,ATCCCGGCCGTCGCGTGTCT,1,3268441
relBp,0.6666666666666666,3,2,ATCACTATGATGCTTACTGC,1,3302113
relBp,1.0,4,2,ATCAATTCACCGAGGGTACT,2,3274685
relBp,0.6666666666666666,3,2,ATATTACGTCCCAAGTAGCT,1,3288418
relBp,0.6666666666666666,3,2,ATATCGTGTGGGGGTTTTCA,1,3293613
relBp,0.6666666666666666,3,2,ATATCGCAGTGATAATTTCG,1,3274329
relBp,0.6666666666666666,3,2,ATATACGACGTGAGATTGAT,1,3267083
relBp,0.6666666666666666,3,2,ATAACCGTCGGAACTACGAA,1,3264064
relBp,0.6666666666666666,3,2,AGTGGTGAACGATCTTACTG,1,3287265
relBp,1.0,4,2,AGTGCGGCTCTTAGTCGCTT,2,3288986
relBp,0.6666666666666666,3,2,AGTCCTCCTTTGCTGATGCA,1,3292084
relBp,0.6666666666666666,3,2,AGTCCGCATCGATCGAAGCA,1,3284738
relBp,0.6666666666666666,3,2,AGTATACCCACTCCGAAGCT,1,3277208
relBp,0.6666666666666666,3,2,AGGTGTCGGGAAAATATTCG,1,3281756
relBp,0.6666666666666666,3,2,AGGTGCCCCCGAAATGGATT,1,3284017
relBp,1.3333333333333333,5,2,AGGTCAATCTGCGGGCTCTG,3,3262839
relBp,0.6666666666666666,3,2,AGGGTGCGGGAAGGAATCCG,1,3282364
relBp,1.0,4,2,AGGGTAATTATCGAGCGCAT,2,3267512
relBp,3.0,10,2,AGGGGTGACAGCGCCCCTAT,8,3294930
relBp,0.6666666666666666,3,2,AGGGCGTATCATGATGCATC,1,3266808
relBp,1.0,4,2,AGGGCGGGCATTGACTAAAA,2,3281492
relBp,0.6666666666666666,3,2,AGGCCTGGGTACGGAGCACC,1,3278257
relBp,0.6666666666666666,3,2,AGGCAGCTAGCCTTCTCCTG,1,3273395
relBp,1.6666666666666667,6,2,AGGATGACTCGAGACTTGGG,4,3303657
relBp,0.6666666666666666,3,2,AGGACTGAAATATGAATGTC,1,3299696
relBp,1.6666666666666667,6,2,AGGACTACGGCGCCGCTGCA,4,3282787
relBp,1.0,4,2,AGGAATGTATCGTAACGATC,2,3276156
relBp,0.6666666666666666,3,2,AGGAAGGGGGATCTCCTTGT,1,3275496
relBp,1.0,4,2,AGGAAAAAGTGAGAATTGAC,2,3273147
relBp,1.0,4,2,AGCCTTGTTCTGACTACAGC,2,3260484
relBp,0.6666666666666666,3,2,AGCCACGTACTTTCCGCCTC,1,3279138
relBp,0.6666666666666666,3,2,AGCATCACCGATCTTTCCAT,1,3290033
relBp,2.3333333333333335,8,2,AGCACAGTCCATCCAACGTG,6,3291679
relBp,0.6666666666666666,3,2,AGATCGCACCAATTCTGCTT,1,3268631
relBp,0.6666666666666666,3,2,AGATCAGAGGATTACCTGCT,1,3258280
relBp,1.0,4,2,AGACAGGCATGGACGGCGCT,2,3298928
relBp,1.0,4,2,AGAAGTCCCGGCCCCCGGTA,2,3282103
relBp,0.6666666666666666,3,2,ACTTGCTCCATCTAGCCCCT,1,3266885
relBp,0.6666666666666666,3,2,ACTTGAGTAACATCGAGAGT,1,3278374
relBp,0.6666666666666666,3,2,ACTGTGTACGAGCATATCTG,1,3257599
relBp,1.3333333333333333,5,2,ACTGGCTTCAATGAAGCGAG,3,3256411
relBp,0.6666666666666666,3,2,ACTCGATTTATGCAATTGGG,1,3270355
relBp,0.6666666666666666,3,2,ACTCCCTTACGACAAATAAT,1,3273854
relBp,1.0,4,2,ACTCACGGGATCCATTAGTA,2,3270574
relBp,0.6666666666666666,3,2,ACGTGAGCACGCATTCCGGG,1,3279240
relBp,1.0,4,2,ACGTCATTCTGGAAAACGGA,2,3265617
relBp,0.6666666666666666,3,2,ACGTAAAGGCTTGTGCCTGA,1,3295352
relBp,1.0,4,2,ACGGGGATCCCTTCCTTCTA,2,3276094
relBp,0.6666666666666666,3,2,ACGCGAAGTCATCGGGTTAT,1,3276190
relBp,0.6666666666666666,3,2,ACGCCATCATTTTATTCACC,1,3287534
relBp,1.3333333333333333,5,2,ACCTGAGTTCGACGCGGTCG,3,3285799
relBp,0.6666666666666666,3,2,ACCGGGTCGGGTTGTGCGTT,1,3288080
relBp,1.0,4,2,ACCGACAGTTGCATCTGTTT,2,3264781
relBp,0.6666666666666666,3,2,ACCGAAGTACCGTCACACAA,1,3279183
relBp,2.6666666666666665,9,2,ACCAGCTACACAGCGGTGCA,7,3258323
relBp,1.3333333333333333,5,2,ACCAGACTCAGCTGTGGAGC,3,3276273
relBp,0.6666666666666666,3,2,ACCAAGAAGCAGTCATTGTC,1,3297680
relBp,1.0,4,2,ACATACTCGGCACTATTCCA,2,3273723
relBp,1.0,4,2,ACAGCCATTTAATAAGCTGT,2,3301472
relBp,0.6666666666666666,3,2,ACACTTCATATCACACTTCT,1,3259598
relBp,1.0,4,2,ACAAGTGCACGTCTTAAGGC,2,3297785
relBp,1.0,4,2,ACAAAGTCCTTACTGCAATA,2,3277326
relBp,2.0,7,2,AATTCTTAGGCACAAACTGA,5,3285460
relBp,1.0,4,2,AATGTTAGCAGATGGACGTT,2,3263389
relBp,0.6666666666666666,3,2,AATGTATATCAAACGACAGA,1,3276939
relBp,1.0,4,2,AATCGTTGTTGCCGGCTCTA,2,3270060
relBp,1.3333333333333333,5,2,AATCGTAACTATCGTGTGGT,3,3294929
relBp,1.0,4,2,AATCCCGGAGATGACGCGTT,2,3275479
relBp,0.6666666666666666,3,2,AATATATCGGTATCGATATT,1,3269754
relBp,1.0,4,2,AATAGTGGAATCGTGCTTGC,2,3261551
relBp,1.0,4,2,AATACCTTCCACAATGTCGT,2,3303758
relBp,0.6666666666666666,3,2,AAGTGTGCGGGGGCAAGCGG,1,3287774
relBp,1.0,4,2,AAGTACTGCACTGAGTGATT,2,3294916
relBp,0.6666666666666666,3,2,AAGCTTGGAGTTGTCTAAGT,1,3262072
relBp,0.6666666666666666,3,2,AAGCTGGTCTTCTGGCTATG,1,3283847
relBp,0.6666666666666666,3,2,AAGCTCCCGGCGGGCCGCTT,1,3267537
relBp,1.0,4,2,AAGAAGTATCGAATCAAGAC,2,3287326
relBp,0.6666666666666666,3,2,AACGTTGCTGCCTTTATAAT,1,3271936
relBp,0.6666666666666666,3,2,AACGGTTGGGCAGTTAAATG,1,3295910
relBp,1.6666666666666667,6,2,AACGAGGCATCGAAGCCGGA,4,3305469
relBp,2.3333333333333335,8,2,AACCCCGGTCAACATTCGAG,6,3284456
relBp,1.3333333333333333,5,2,AACCACTTGTAAGGAATAAC,3,3268978
relBp,3.6666666666666665,12,2,AACAATCGAGGTATGAAGGA,10,3269873
relBp,0.6666666666666666,3,2,AACAATATGGTAGTATCCAC,1,3294114
relBp,3.3333333333333335,11,2,AACAAGTTCTAGGTTTCCTT,9,3268953
relBp,0.6666666666666666,3,2,AACAACCCATCGCGTCACCA,1,3286016
relBp,0.6666666666666666,3,2,AACAAATTTCTTCTAGGCTT,1,3289730
relBp,0.6666666666666666,3,2,AAATTGGTAACTTGTGCATC,1,3258530
relBp,7.333333333333333,23,2,AAATGTCCTCCTGCCTGGGA,21,3260398
relBp,1.0,4,2,AAAGTGCTAGCATTATTTCT,2,3284906
relBp,0.6666666666666666,3,2,AAAGGTTTAGTTCACTTAAT,1,3264303
relBp,1.3333333333333333,5,2,AAAGGTCGCATCTTCGGGCA,3,3257204
relBp,0.6666666666666666,3,2,AAACTAATTCTGGGGCGAGA,1,3279714
relBp,0.6666666666666666,3,2,AAAATGGTTCCACGCAAGCT,1,3289811
relBp,3.0,10,2,AAAAGCGTTACGGAATAGCG,8,3305675
relBp,1.6666666666666667,6,2,AAAAAACTTGTAACTGGCTG,4,3284406
relBp,1.0,2,1,TTTTTTGGTACTTGTCCCAT,1,3301376
relBp,1.5,3,1,TTTTTGGTTAAGCCTCAAGA,2,3300753
relBp,1.5,3,1,TTTTGTTCTTGATCTCACAT,2,3285592
relBp,2.5,5,1,TTTTGGTAGTTACGAGGCAA,4,3300422
relBp,1.0,2,1,TTTTCTCTCTAATTCCTTCT,1,3290746
relBp,1.5,3,1,TTTGTCCGTGATGACGGTGA,2,3277709
relBp,2.0,4,1,TTTGTAGCAGGTTAATAACT,3,3265896
relBp,3.5,7,1,TTTGGCTGGTACCAGTAATC,6,3305484
relBp,1.5,3,1,TTTGGCCTCTTGAAATGGTA,2,3263537
relBp,1.0,2,1,TTTGGACAACGCCTACTTCA,1,3290094
relBp,1.0,2,1,TTTGCGGGTTGATTTCTGGA,1,3271309
relBp,1.0,2,1,TTTCTCGTGGAACTTCCCTA,1,3308286
relBp,1.0,2,1,TTTCGGACTTCGGTGAACCC,1,3287765
relBp,1.5,3,1,TTTCCCGTGAGTCCTCGACC,2,3260224
relBp,1.5,3,1,TTTCCACTTTTCACGCGGAC,2,3268354
relBp,2.0,4,1,TTTCAGTTCGGAAAGCGTCA,3,3276879
relBp,1.5,3,1,TTTAGCCCATGGATCGAGTA,2,3279668
relBp,1.5,3,1,TTTACGTTGGGGGGGGTCAT,2,3263195
relBp,1.0,2,1,TTTAACCCCACAGCTTCGTA,1,3281465
relBp,4.0,8,1,TTGTTATGTCATTCACAGCG,7,3305884
relBp,3.0,6,1,TTGTGTAGATACAGCACTGC,5,3306068
relBp,1.0,2,1,TTGTGGACGACAGTCCCTGG,1,3283157
relBp,1.5,3,1,TTGTATCGTCATCTAACTCT,2,3267884
relBp,1.5,3,1,TTGTAGCCGAAGATATGCAA,2,3271709
relBp,1.5,3,1,TTGTAACAGTACTTCTTGCA,2,3306073
relBp,4.0,8,1,TTGTAAAACTGCCCAGCTAG,7,3256225
relBp,3.0,6,1,TTGGTTTCGCAAGCAATTAT,5,3286678
relBp,2.5,5,1,TTGGGGTGCTGTGACGGCGG,4,3258704
relBp,1.5,3,1,TTGGGACCAGGAACCTCGAT,2,3270425
relBp,2.5,5,1,TTGGAGCTCGAGGATATACT,4,3261275
relBp,1.5,3,1,TTGGAGCCTGGGTGCCCTGG,2,3278539
relBp,1.0,2,1,TTGGAAACGGGGGTGGGGCA,1,3278915
relBp,4.0,8,1,TTGCTGGATAGGTACGTAAC,7,3285496
relBp,1.0,2,1,TTGCTGAAATATCGGATGAT,1,3281725
relBp,1.0,2,1,TTGCTCTAGAACGATAGTAC,1,3292020
relBp,1.0,2,1,TTGCGGTTTGCTGATCTGTG,1,3289852
relBp,1.0,2,1,TTGCGACTAAGTGCAGGCTT,1,3267776
relBp,1.5,3,1,TTGCAGTATGCTTACAGGTG,2,3271160
relBp,1.0,2,1,TTGATTTTGTTAGGCACGAG,1,3301572
relBp,4.5,9,1,TTGATGAGTCCAATATAGGG,8,3299730
relBp,1.0,2,1,TTGATCTAGCTCATAGAGAT,1,3276878
relBp,1.5,3,1,TTGATCGTTGTGGTACCCGG,2,3298510
relBp,2.5,5,1,TTCTTGCCTAAGCTCCTTCT,4,3306293
relBp,1.5,3,1,TTCGCGTCTATTGATTGATT,2,3303978
relBp,1.0,2,1,TTCGATCGAATTTGGCTAAA,1,3262257
relBp,1.0,2,1,TTCGAGTTCGGAACTGGGAT,1,3263354
relBp,1.0,2,1,TTCCTCTAATAATGCCCGCA,1,3273006
relBp,2.5,5,1,TTCCTCGAAGCAACTTAATT,4,3265464
relBp,2.5,5,1,TTCCTAACCACTCATGGCTG,4,3274599
relBp,1.0,2,1,TTCCGGGAAGAGCACGAACG,1,3293274
relBp,1.0,2,1,TTCCGCGGGGTAAACAGCTC,1,3287886
relBp,3.0,6,1,TTCCGCATCTACCGTCCTCA,5,3300241
relBp,1.0,2,1,TTCCGACTAATTTCAGCCAT,1,3272004
relBp,1.5,3,1,TTCCCGATAAGTTTTTTGTG,2,3257074
relBp,2.5,5,1,TTCCCAAATTGTGGAAAGGG,4,3285470
relBp,1.0,2,1,TTCCATGAATAGCGGCTTAA,1,3303418
relBp,1.0,2,1,TTCCAGTTTCTATTATCATG,1,3288023
relBp,1.5,3,1,TTCATGTCAAGGTTCGGGCG,2,3280024
relBp,1.0,2,1,TTCACCCGGTGCAATCGTGT,1,3266729
relBp,1.0,2,1,TTCAAATACGCACACCTTGC,1,3288182
relBp,1.0,2,1,TTATCACAATTTCCTGCTGT,1,3297111
relBp,1.5,3,1,TTATACCACAACCACTTGTT,2,3294722
relBp,1.5,3,1,TTAGGGCAGGGTTGACCAGT,2,3308473
relBp,2.0,4,1,TTAGGATTCGGTTTGCATCG,3,3300001
relBp,1.0,2,1,TTAGATAGCTACATACTTAG,1,3288231
relBp,3.5,7,1,TTACTGTCCGACGGACTGAC,6,3280204
relBp,1.5,3,1,TTACGCTGGCCTTCTGTACG,2,3301045
relBp,1.0,2,1,TTAATCGTTCGAGGGTTGGG,1,3259459
relBp,1.0,2,1,TTAATCATGTGTATATGACA,1,3292647
relBp,1.0,2,1,TTAACAGTGCCCTGGTGAAA,1,3306379
relBp,1.0,2,1,TTAAACTGCCATGTACAGAG,1,3301899
relBp,1.5,3,1,TTAAAAGAGATGCGCATTGT,2,3274015
relBp,6.0,12,1,TGTTGTATTCAGGTCAGGAT,11,3293599
relBp,1.0,2,1,TGTTGTACAACACTTCCGAT,1,3258627
relBp,1.0,2,1,TGTTCGCGCAGCGCGCGGTA,1,3276697
relBp,1.5,3,1,TGTTCCAGCCGGGAGAGTCT,2,3263828
relBp,2.0,4,1,TGTTAGCCATCTATGTAATA,3,3305157
relBp,1.0,2,1,TGTGAGGGATCATAATACAC,1,3306525
relBp,1.5,3,1,TGTCTTTCTAGATTCTTTAT,2,3298046
relBp,1.5,3,1,TGTCGGCGGCTACGTTCGGG,2,3262591
relBp,4.0,8,1,TGTCGGCGAGTATTCGGGGT,7,3278219
relBp,4.5,9,1,TGTCCGTGGAGTGGGTTAGA,8,3279324
relBp,1.0,2,1,TGTCCGAATGGTTCCTCTGG,1,3274610
relBp,1.5,3,1,TGTCCCGTCTCCACACCAAC,2,3291081
relBp,2.0,4,1,TGTATCTGCACAGAGCGCGT,3,3267561
relBp,1.0,2,1,TGGTTTCTGGCCCGCTGGAT,1,3277927
relBp,2.0,4,1,TGGTTCGGGTATCACTTCGA,3,3266889
relBp,1.0,2,1,TGGTTAGAGTCGGCGTAGAT,1,3265662
relBp,1.0,2,1,TGGTGTTAGGACCGCATTAA,1,3295989
relBp,1.0,2,1,TGGTCGGTCGTGGAAATGGG,1,3294801
relBp,4.5,9,1,TGGTCCGGGTAGCCGGGGAT,8,3304167
relBp,1.5,3,1,TGGTACCCGGCTTTAAGTGC,2,3290501
relBp,2.0,4,1,TGGGTTTGCAATATCCACAC,3,3282411
relBp,3.5,7,1,TGGGTGCCGAAATTCGTAGA,6,3268115
relBp,8.5,17,1,TGGGTCTGGTCACTACGACA,16,3290546
relBp,1.0,2,1,TGGGTCCAGACTTAAGATAG,1,3290292
relBp,1.0,2,1,TGGGTAATCGTAATCGGAGC,1,3258434
relBp,2.5,5,1,TGGGGTTAATTTATTCCAGC,4,3289289
relBp,1.5,3,1,TGGGGAGCGCTACATCTTTA,2,3275522
relBp,1.0,2,1,TGGGACAGTTTCGTGAGCTG,1,3286824
relBp,2.5,5,1,TGGCTAGATCATAAGTTGGT,4,3303627
relBp,1.0,2,1,TGGCGAACCGTTGGTGTTTC,1,3266518
relBp,1.0,2,1,TGGCCTAGGGTCTTTTGGCC,1,3290281
relBp,1.5,3,1,TGGCAACTTATAGCTCGCAG,2,3276134
relBp,1.5,3,1,TGGACGAGGGTCAGGGGTAG,2,3264132
relBp,2.0,4,1,TGGAAGTCCGTATGACGATC,3,3289737
relBp,1.0,2,1,TGGAACACGTGAATTGGAAC,1,3284707
relBp,1.5,3,1,TGGAAACCTGGTTTACCGTG,2,3263747
relBp,1.0,2,1,TGCTGGCCTGAGCTTTTGAA,1,3275335
relBp,1.0,2,1,TGCTCCGTCTTGATGGTAAC,1,3266608
relBp,1.0,2,1,TGCTCAATTTTTTGTCCCGT,1,3260077
relBp,6.0,12,1,TGCGAATACTCCATTCAACT,11,3293814
relBp,2.5,5,1,TGCCCTACCTTACCACCAGT,4,3287370
relBp,3.5,7,1,TGCCCAGGACATCTCCTCCG,6,3277603
relBp,1.0,2,1,TGCCCAATGGCGAGTACATG,1,3298450
relBp,2.0,4,1,TGCCAAACCAGGACCGAAGT,3,3266368
relBp,2.5,5,1,TGCATGGGGTGCGTCCGCGA,4,3284857
relBp,1.5,3,1,TGCACCTGATTCCGGGCGCG,2,3282495
relBp,4.5,9,1,TGCAACCGAGGGCCTATCGA,8,3269095
relBp,1.0,2,1,TGATTGCGATACGACACGAA,1,3263608
relBp,3.0,6,1,TGATGTTTTTCATCATGAAT,5,3275072
relBp,1.0,2,1,TGATGGATCGCACCGGGGGC,1,3279968
relBp,1.5,3,1,TGATGCCGTAGGCTAGGTAG,2,3283699
relBp,1.5,3,1,TGATCCAGCGAACATACATT,2,3277797
relBp,1.5,3,1,TGATCATAGTCAGGTGCCCG,2,3270905
relBp,1.0,2,1,TGATAGACCACAGCATTGTC,1,3298832
relBp,4.0,8,1,TGATACACGTGTGATTCTCT,7,3289265
relBp,1.5,3,1,TGAGTAACCCTCAGCATCGT,2,3303956
relBp,1.0,2,1,TGAGGGGCAACAGTTCGCTA,1,3267984
relBp,1.0,2,1,TGAGGCCGGACAAGAACCTA,1,3306380
relBp,8.0,16,1,TGAGGCCCTGGCCTTTTCCT,15,3297787
relBp,2.5,5,1,TGAGATGTGGTTGCAAACGA,4,3266523
relBp,1.5,3,1,TGAGAGATTAAACTCACCTT,2,3263097
relBp,1.5,3,1,TGACTAATACTCACACCATC,2,3276147
relBp,1.5,3,1,TGACCTCGACCGTGGGGGGA,2,3308532
relBp,1.0,2,1,TGACCGTTCATTACTTCTTC,1,3284457
relBp,1.5,3,1,TGAAGAAAGATGGTGGACGG,2,3289146
relBp,1.0,2,1,TCTTTTGATATGGGTCTGGG,1,3277772
relBp,1.0,2,1,TCTTTTCCCAGCGGCGTCTT,1,3267529
relBp,1.0,2,1,TCTTTGCTGTACGTTCGTTT,1,3308602
relBp,1.5,3,1,TCTTTCCGCTTCTTATTCTT,2,3276390
relBp,2.0,4,1,TCTTGTAGGCCATGCGGGAC,3,3289481
relBp,1.0,2,1,TCTTCAGAGGCCACTGCGGA,1,3302802
relBp,1.5,3,1,TCTTAGATAGGTAGTCTTCC,2,3307998
relBp,1.0,2,1,TCTGTTAAGATCGCCACTCC,1,3292469
relBp,1.0,2,1,TCTGTGGACAGAGTATAGGA,1,3262677
relBp,1.0,2,1,TCTGGAACTCCTGGGTTTCA,1,3274286
relBp,1.0,2,1,TCTGCGGACCGACTGCACCG,1,3297719
relBp,1.5,3,1,TCTCTTCCTCAAGTTATGGT,2,3273444
relBp,2.5,5,1,TCTCGGGGCTCAGCGTTCGT,4,3307871
relBp,1.5,3,1,TCTCCTTGGACTTCAACGTT,2,3275033
relBp,1.0,2,1,TCTCATTGCGTACCCGAAAC,1,3289035
relBp,1.5,3,1,TCTCAGTATTTCAAAAGGGG,2,3265007
relBp,1.5,3,1,TCTATTTCGTACTCGCTACA,2,3265978
relBp,7.0,14,1,TCTATTAGGGTCTACGTGCT,13,3291990
relBp,1.5,3,1,TCTAGTCACGAGTTACGCTG,2,3275967
relBp,1.5,3,1,TCTAGGGCAGGATCCAATCT,2,3259970
relBp,1.5,3,1,TCTAGCAGACCGCTAAGGCC,2,3276500
relBp,2.0,4,1,TCTAGAGAAGAATAATAGCA,3,3276435
relBp,1.5,3,1,TCTACTCTTCAACTACAGAA,2,3260405
relBp,1.0,2,1,TCTACAGCGTTAACTTGGCT,1,3298121
relBp,1.5,3,1,TCTAAGTACAGGCTGGTAGT,2,3294639
relBp,1.0,2,1,TCGTTCGGGCTGATTGAAGT,1,3304816
relBp,1.0,2,1,TCGTGAGTTCAGATAAGCTC,1,3258843
relBp,3.5,7,1,TCGTCGTTCGAAATAAAACA,6,3285048
relBp,1.5,3,1,TCGTCACTCTAGCTCCTAAT,2,3269189
relBp,7.5,15,1,TCGTAAACGTAGCCAACCTG,14,3307156
relBp,3.0,6,1,TCGGATTGGCGCGATGCTTG,5,3302638
relBp,1.0,2,1,TCGGATATACGCTCAGAAGA,1,3275307
relBp,2.5,5,1,TCGCGTTCAGTAAGTTCGTG,4,3291812
relBp,1.0,2,1,TCGCACGTCGCGGACCTGTA,1,3302584
relBp,1.0,2,1,TCGAGTCCCTGCTTCGTATT,1,3305983
relBp,1.5,3,1,TCGAGGTCTTAAAGCAATAC,2,3276297
relBp,1.5,3,1,TCGAGCGTGAGCTACGCCCT,2,3277635
relBp,5.5,11,1,TCGACTTCTGAAGTCTAGCA,10,3283938
relBp,1.5,3,1,TCGAAGAGGAGATCCCCTGA,2,3279874
relBp,6.5,13,1,TCCTCACAGCGACTTGACCA,12,3289271
relBp,2.5,5,1,TCCTATAACCATCCGCCTCC,4,3297548
relBp,1.0,2,1,TCCTACGGGGGCCGAACGAA,1,3257359
relBp,1.0,2,1,TCCGTATGAACCTGAAGTTT,1,3264394
relBp,1.5,3,1,TCCCTGCAAACGAATAATAA,2,3306378
relBp,1.0,2,1,TCCAGCAAACCATCTCTAGG,1,3270378
relBp,1.0,2,1,TCCACATAGCGTCCACTCCA,1,3303148
relBp,3.0,6,1,TCATTTTCGGTGTAGCCCAT,5,3287944
relBp,1.0,2,1,TCATGGTTGGCGTCGATAGT,1,3287961
relBp,1.0,2,1,TCATAGGTGTCCCCAGCCGT,1,3299393
relBp,1.5,3,1,TCATAGGTAGAACCATCCCC,2,3273104
relBp,1.5,3,1,TCAGTCGCAGCTTGTGGTTA,2,3266851
relBp,1.0,2,1,TCAGTAACGTGTGGAGTCAT,1,3272117
relBp,1.0,2,1,TCAGGGGCGTTTACCCGATT,1,3307807
relBp,3.5,7,1,TCAGGACCATGATGGAGATC,6,3275099
relBp,1.5,3,1,TCAGCTACCGTCGAAATTGT,2,3279185
relBp,2.0,4,1,TCAGCCGTGGGAAGGACCAA,3,3271148
relBp,3.5,7,1,TCAGAACCCTCCATGAGGCC,6,3268024
relBp,2.0,4,1,TCACTCTATGAACGCTAGCT,3,3295316
relBp,1.0,2,1,TCACTAGAATCAGCTCCCTG,1,3295651
relBp,1.0,2,1,TCACGATAGTCATGGCGCGC,1,3273185
relBp,1.5,3,1,TCACCATTGATATATTAAGG,2,3284227
relBp,2.5,5,1,TCACATGCAAAGGATAACGT,4,3260411
relBp,1.0,2,1,TCAATAATTTTGGGACTCCA,1,3259930
relBp,1.0,2,1,TCAAAGATCGATTCAGCATG,1,3283573
relBp,1.5,3,1,TATTGTGAGGCTATCGGCTA,2,3278044
relBp,1.0,2,1,TATTGGCCTTGATACGGTCA,1,3297516
relBp,2.0,4,1,TATTGACTACAAACTACAGA,3,3264763
relBp,2.0,4,1,TATTACCAGATTTGCTCGCG,3,3260515
relBp,1.5,3,1,TATTAAGATTTTCCTAGAGT,2,3299642
relBp,1.0,2,1,TATTAAAACAGAACCGGCCC,1,3288322
relBp,1.0,2,1,TATGTTTCTTAGAATGAGTT,1,3284732
relBp,1.0,2,1,TATGTTTATTAAGGGTAGAA,1,3272133
relBp,1.5,3,1,TATGTAGAAATTGTCCTTTG,2,3304115
relBp,2.0,4,1,TATGGTGGCTGGTAGTTTTC,3,3256133
relBp,1.0,2,1,TATGGCAGCCCAAGGGTGAG,1,3277952
relBp,1.0,2,1,TATGCGGGTGAGCTCTAGGC,1,3287512
relBp,1.0,2,1,TATGATAGGATGAGGATGGA,1,3275809
relBp,3.0,6,1,TATCTAGACTAACTTGGCTT,5,3276157
relBp,1.0,2,1,TATCGGTGGCGTACTGCTTG,1,3266488
relBp,1.5,3,1,TATCCTCTACTCTGTCCACG,2,3263878
relBp,2.5,5,1,TATCACTGTTGGGCCGAGTT,4,3284163
relBp,1.0,2,1,TATATGAGTCTGAAGACTAG,1,3294251
relBp,1.0,2,1,TATAGTTTCGCCGCCAGATC,1,3303624
relBp,1.0,2,1,TATAGAGGAACCCAGCCGTT,1,3286415
relBp,3.0,6,1,TAGTCATGAAGCAAACAGTA,5,3283477
relBp,4.0,8,1,TAGGTGGTAAAATGCGCGCG,7,3293220
relBp,1.0,2,1,TAGGTGCAGCGTGCACTTCG,1,3258763
relBp,1.0,2,1,TAGGGGTGTCCGTATCATCA,1,3265010
relBp,1.0,2,1,TAGGGGTAGGCCTAGGCTTT,1,3273993
relBp,1.0,2,1,TAGCTTAAGTTGAACCGATT,1,3278610
relBp,7.0,14,1,TAGCCGACCTGGCCGTCGAA,13,3298160
relBp,1.0,2,1,TAGCCCGCACGAAGTTACAC,1,3264930
relBp,1.0,2,1,TAGATACCAGTCCAGGGACT,1,3294927
relBp,1.0,2,1,TAGAAACGGCCACGACGTCA,1,3288293
relBp,1.0,2,1,TACTGTTTTTATTATGCTTC,1,3276621
relBp,2.0,4,1,TACTGGCAGTACGATGCATT,3,3280252
relBp,3.5,7,1,TACTCTAATCGCTCACGGCG,6,3280201
relBp,1.5,3,1,TACTCGTGCATGATGTAGGT,2,3281589
relBp,2.0,4,1,TACTAGCTCTGCCATAAGGA,3,3270944
relBp,2.0,4,1,TACGTTGTGCTTTAATGACG,3,3267095
relBp,1.0,2,1,TACGGCAGAAAGACTTGGAT,1,3290543
relBp,2.5,5,1,TACGCTACCCCAGCAGTACG,4,3301413
relBp,2.5,5,1,TACGCGTGCAACCCGGGATC,4,3299469
relBp,1.5,3,1,TACGCGGTCAGACCGACTAG,2,3274924
relBp,1.0,2,1,TACGCAATGAGGGGTTCCGA,1,3260056
relBp,2.0,4,1,TACGATTATCGGGACCGTCT,3,3265279
relBp,1.0,2,1,TACGACAGAGCGACATAGGA,1,3270057
relBp,1.5,3,1,TACCTGTACTAGCAATGATT,2,3274560
relBp,3.0,6,1,TACCGGTCCGAGCCTTTATC,5,3299230
relBp,2.0,4,1,TACATTATAAGTAAACAACA,3,3306874
relBp,1.0,2,1,TACATTAATGCATTGCATCC,1,3284144
relBp,3.5,7,1,TACACCAGGGTCTGCGTTGT,6,3279998
relBp,1.0,2,1,TACAATGTTACGGAGGGGAT,1,3299491
relBp,1.0,2,1,TACAACTCGACAAGAACGAC,1,3289166
relBp,4.0,8,1,TAATTTAACACGATACCCCT,7,3279302
relBp,2.0,4,1,TAATTGGCTGTGAGGAAGGA,3,3272134
relBp,3.0,6,1,TAATCGTGCCGACCTAGCTC,5,3265141
relBp,1.0,2,1,TAATCCGATTAGACAATCCA,1,3291470
relBp,2.0,4,1,TAATACCCTTTTTGATGCTT,3,3288333
relBp,1.0,2,1,TAAGTTCGCCGGAATTCGTT,1,3264899
relBp,1.0,2,1,TAAGTGGAAAAACGAATTCA,1,3262754
relBp,1.0,2,1,TAAGGATTGGCTTATGACTA,1,3264574
relBp,1.0,2,1,TAAGCGTAAAAAACAATAAC,1,3259162
relBp,1.0,2,1,TAAGCCCAATGCGGAGCGGC,1,3268566
relBp,3.5,7,1,TAAGCATGACTTTGGTCTAT,6,3293325
relBp,1.0,2,1,TAAGATCGCTAAGTCGTTTC,1,3287038
relBp,1.0,2,1,TAAGAAGAGAACCTCGGTTC,1,3287946
relBp,2.0,4,1,TAACTGATTCTCGGAGCAAT,3,3297889
relBp,1.5,3,1,TAACGGCAAGAGACCGTAGG,2,3266763
relBp,2.0,4,1,TAACGAATGGGGGAGCGTCT,3,3275854
relBp,1.0,2,1,TAACCCCAGGCCAGCCGGGT,1,3267236
relBp,6.0,12,1,TAAATTCACAGGGCTTAAGG,11,3288815
relBp,1.5,3,1,TAAAGTACCGCTTCCCTATA,2,3263284
relBp,1.0,2,1,TAAAGTAAATTTGCGCCAGG,1,3263920
relBp,2.0,4,1,TAAAGCAGTTTACGGGGCGA,3,3261500
relBp,2.0,4,1,TAAAATTGGGTGGGAGCAAC,3,3302091
relBp,3.0,6,1,TAAAATTATATTGCAAGCCA,5,3268749
relBp,2.0,4,1,GTTTGTTGATGACCCCGACA,3,3257967
relBp,9.0,18,1,GTTTCCAGTCTGAACAACTA,17,3300418
relBp,1.0,2,1,GTTGTCCAGCAGGTTGGCTA,1,3298193
relBp,1.0,2,1,GTTGGGTGTTTACCCAAATT,1,3307855
relBp,1.0,2,1,GTTGCTCTTATGGGCCGACG,1,3281428
relBp,1.5,3,1,GTTGCGAGACCGACACTGAC,2,3260854
relBp,1.5,3,1,GTTGAGCGGCCGTTTAAACA,2,3303953
relBp,1.5,3,1,GTTCTCTTAATGACCTCCGT,2,3289496
relBp,1.5,3,1,GTTCGGCGGTGTCCCAAGGG,2,3269018
relBp,1.0,2,1,GTTCGCGACCGCAAGTACCT,1,3270959
relBp,1.0,2,1,GTTCGATCTAGATCGCACAA,1,3263885
relBp,2.0,4,1,GTTCGAAAATAGCCTCGGGA,3,3299551
relBp,1.0,2,1,GTTCCATTATCCCCCAAGGT,1,3308543
relBp,2.5,5,1,GTTCCAGGTCCAGTGGTATG,4,3282743
relBp,3.5,7,1,GTTATAGAGACAAAGATACA,6,3303451
relBp,1.0,2,1,GTTAGCCTATTCTCCGTGGG,1,3301940
relBp,1.0,2,1,GTTACGGTCTTCTCTGCTTC,1,3271331
relBp,1.0,2,1,GTTAATCACGCAGGGCAGCC,1,3273082
relBp,1.5,3,1,GTTAAACCTAGTGCGTCTTT,2,3292349
relBp,1.0,2,1,GTGTGTTTGTAACACGGGAT,1,3272810
relBp,1.5,3,1,GTGTGTAGCTTATGGTGCTC,2,3267683
relBp,1.5,3,1,GTGTCTCTATACGTCTGCTT,2,3288858
relBp,1.0,2,1,GTGTCCTGTGCTCCAGTGAT,1,3298970
relBp,1.0,2,1,GTGTCATTCTGCGTAGCGGT,1,3273641
relBp,1.0,2,1,GTGTAAGAATCGGGGCCTAC,1,3283534
relBp,1.5,3,1,GTGGCACAACTGGTCACACG,2,3287652
relBp,5.5,11,1,GTGGAGTTTTGATTTCGCTA,10,3294977
relBp,2.5,5,1,GTGGAATGAGTTTCAGTAGA,4,3279413
relBp,1.5,3,1,GTGGAAAGGCGTGACACGTA,2,3272719
relBp,1.0,2,1,GTGCTGGTAGGACGAGAGGT,1,3300195
relBp,6.5,13,1,GTGCTAGGCTTTGAGAATTA,12,3291213
relBp,1.0,2,1,GTGCGTTGTTAACCCGTGTT,1,3272445
relBp,1.0,2,1,GTGCGATTAGAAATTGGTGT,1,3285056
relBp,2.5,5,1,GTGCATTATCATCTACATCC,4,3257494
relBp,4.0,8,1,GTGATGAACACTCGAACTTT,7,3269503
relBp,2.5,5,1,GTGAGCGTTCTGGGACATCG,4,3302008
relBp,1.5,3,1,GTCTTTGTTAAAATGCCGGA,2,3259568
relBp,1.0,2,1,GTCTTTATTCTATGCGCGTC,1,3267369
relBp,1.5,3,1,GTCTGTAGCCCCTTGTCTGA,2,3297893
relBp,1.5,3,1,GTCTACAGAGAGGTCGAGAA,2,3279306
relBp,1.0,2,1,GTCGGCTGCAAAATGGTTTG,1,3295096
relBp,1.0,2,1,GTCGATCACCACCATCAAGC,1,3280441
relBp,1.5,3,1,GTCCTTACACAGCAACAATT,2,3291388
relBp,1.0,2,1,GTCCCTCAGGCGAGGGCAAG,1,3262637
relBp,1.0,2,1,GTCCCACTGTTTGGCGGAAC,1,3297386
relBp,1.0,2,1,GTCAGTGCGCTCCCGGCTCA,1,3263236
relBp,1.0,2,1,GTCAGATGCATATCGGGAAC,1,3297671
relBp,1.0,2,1,GTCACCCCCGGGAGATCGCA,1,3282205
relBp,1.5,3,1,GTATTCTCGCAGAATGAACT,2,3280734
relBp,1.0,2,1,GTATGTCTCTCTATTCCTAG,1,3304286
relBp,1.0,2,1,GTATGCGGAAAGGTCTTACA,1,3277633
relBp,2.0,4,1,GTATCTCCACAGAACCTTAT,3,3304931
relBp,1.5,3,1,GTATAGGCTGGATTGTAAAG,2,3273722
relBp,6.0,12,1,GTAGTGGAGAATGAGCGCGT,11,3266788
relBp,1.0,2,1,GTAGATAAGGGTGAACTTGG,1,3301348
relBp,1.0,2,1,GTAGACATACATCTGTGGCA,1,3267827
relBp,1.0,2,1,GTACGCGCTGTTACCTGCCT,1,3256536
relBp,1.0,2,1,GTACGACACTAGGTTCCCAA,1,3301473
relBp,1.0,2,1,GTACCTGGGCCGACTTCAGG,1,3262845
relBp,2.5,5,1,GTACCTGAATTATCTCTTCA,4,3303662
relBp,1.0,2,1,GTACCTCTTAGACGGCGGTA,1,3276845
relBp,1.0,2,1,GTACCCGAAGTCTTGAGTTT,1,3271613
relBp,1.0,2,1,GTACCCCTTGTGTGATCGTA,1,3282308
relBp,1.0,2,1,GTAACTCCCGCCTCGGATTC,1,3282440
relBp,2.0,4,1,GTAAAGCATCACATGGGGGC,3,3256491
relBp,1.0,2,1,GGTTTATGGGCTATTCTAAC,1,3303563
relBp,2.0,4,1,GGTTGGTGTGCGTTTTCAAT,3,3296658
relBp,3.0,6,1,GGTTAACATTCGGATGGTTA,5,3257691
relBp,1.0,2,1,GGTGTTGTGATGGTATTCTG,1,3294967
relBp,1.0,2,1,GGTGTTCGCAGACAGGTGGT,1,3296467
relBp,1.0,2,1,GGTGGTTAGTATGATGTACT,1,3266258
relBp,1.0,2,1,GGTGCTTGAGTAGCCCCTCA,1,3265835
relBp,1.5,3,1,GGTGCGCTAACTTAATGGTA,2,3294908
relBp,1.5,3,1,GGTGATTTGGTTGTAGTTTT,2,3279995
relBp,1.5,3,1,GGTGATAAGGAAGTGGCGGG,2,3272078
relBp,1.5,3,1,GGTGAGGTTCGATGTATCAC,2,3308595
relBp,1.0,2,1,GGTGACGCGGCGACCGGGCT,1,3296203
relBp,1.0,2,1,GGTGAATATTACCCTGATCT,1,3276071
relBp,1.0,2,1,GGTCTTGGGTACTTCCAAAC,1,3299395
relBp,1.0,2,1,GGTCTGTGCCCGAGGGGGAC,1,3279477
relBp,6.5,13,1,GGTCTGTCAGAGATATCCTC,12,3282170
relBp,1.5,3,1,GGTCTACTTCCGAAGCATCG,2,3301232
relBp,1.5,3,1,GGTCGGTAAATTATTTTCAT,2,3266668
relBp,1.0,2,1,GGTCCTCGGATTATGCGCTC,1,3261348
relBp,1.0,2,1,GGTCCGTTCTTAGTAGGACC,1,3308200
relBp,3.5,7,1,GGTCATGATCTTATACGAAT,6,3308561
relBp,1.0,2,1,GGTCAGGCCACGATGCCGGG,1,3282799
relBp,1.0,2,1,GGTCAAGGAGGGCGACATGT,1,3285045
relBp,1.5,3,1,GGTAGTTGACATGTCCAGAA,2,3287943
relBp,1.0,2,1,GGTAGTCGTCTTCGGGGCAA,1,3283360
relBp,1.0,2,1,GGTAGGCGTATTGCCGAGAG,1,3289542
relBp,1.5,3,1,GGTAGGACTAATTTATTGGT,2,3284095
relBp,2.0,4,1,GGTACATGGCTGGCCTTAAC,3,3269510
relBp,1.5,3,1,GGTACATAATTTGAGTGTTA,2,3304575
relBp,1.0,2,1,GGTAACCTCCGACCTTAGCG,1,3274012
relBp,1.0,2,1,GGGTTCATGCAGGTTCCCTA,1,3275884
relBp,1.0,2,1,GGGTTCAGAGCCGCAAGGCC,1,3277100
relBp,1.0,2,1,GGGTGAGTAATCGAGTTACA,1,3290558
relBp,1.0,2,1,GGGTGAAGTAATTATCTGAG,1,3282038
relBp,3.0,6,1,GGGGTCGCGGATGGCCCCAC,5,3303667
relBp,1.0,2,1,GGGGTATATCCGCGACATTT,1,3286368
relBp,1.0,2,1,GGGGCGAATCGCGGAGGATG,1,3258187
relBp,1.0,2,1,GGGGATGATGAAGTGGGATT,1,3262801
relBp,1.5,3,1,GGGCTTGTCTTGTATCGTAT,2,3302767
relBp,1.5,3,1,GGGCTGTGGAAATTACTGAA,2,3307090
relBp,1.5,3,1,GGGCGCCACCATAGCCAACG,2,3257497
relBp,3.5,7,1,GGGCATTATCAGGTCATAAT,6,3272346
relBp,6.5,13,1,GGGATGTGCCACTCCTCGCA,12,3302080
relBp,2.0,4,1,GGGATCGGAAGGCACGCCCT,3,3280314
relBp,1.0,2,1,GGGATCATTTATACTTTGTA,1,3265540
relBp,2.0,4,1,GGGAGTTTGCTAGTTGCGGT,3,3285738
relBp,1.0,2,1,GGGAGGTTGAAAAGTGTAAG,1,3271926
relBp,1.0,2,1,GGGAGAACGTATGCATAGTA,1,3282343
relBp,1.5,3,1,GGGAAAGCGGGGAACCTGTC,2,3278533
relBp,1.5,3,1,GGCTTTCCTCATCGCTAGAT,2,3265914
relBp,1.0,2,1,GGCTTGCTTCCGAGGATATG,1,3262601
relBp,1.5,3,1,GGCTTCCCATGAAAATACAA,2,3287226
relBp,1.0,2,1,GGCTTAGGGGGCGGGGCGCG,1,3305940
relBp,1.5,3,1,GGCTGTGGATCTCAAGCAAG,2,3274498
relBp,1.0,2,1,GGCTCTAACGATTTGGGGCG,1,3288417
relBp,1.0,2,1,GGCTCGTGTGATCGCTGAAT,1,3285763
relBp,1.0,2,1,GGCTCCAAGACTACCCTATT,1,3268979
relBp,1.0,2,1,GGCGTTGTATTTGGACCATA,1,3259564
relBp,1.0,2,1,GGCGCGCATAGGGCATCGAT,1,3301888
relBp,1.0,2,1,GGCGCCTATGGCCCTAGTAT,1,3288135
relBp,2.0,4,1,GGCGCCCGATTAAAATTCCA,3,3267196
relBp,1.0,2,1,GGCGCAAGCCTACGAAGCTC,1,3265252
relBp,4.5,9,1,GGCGCAAAGTCAACTTGTCG,8,3279675
relBp,1.0,2,1,GGCGATTAAACTATGTCGGG,1,3273940
relBp,1.0,2,1,GGCCGGCGAAGGTTATCGTT,1,3271325
relBp,2.5,5,1,GGCCACCTAAATTCAGGGGT,4,3304396
relBp,1.0,2,1,GGCAGTCTGCGACGCTTCAC,1,3284460
relBp,2.0,4,1,GGCAGGAGTGATAAGTGCCA,3,3272114
relBp,1.5,3,1,GGCAGGACTCGAGTGGTAGT,2,3256691
relBp,3.5,7,1,GGCAGAGCACATGGAGGCTC,6,3281272
relBp,1.5,3,1,GGCAAGCTGCTTGGTCAAGT,2,3257985
relBp,1.0,2,1,GGCAACCGGACTCGCTCCCC,1,3264399
relBp,1.5,3,1,GGATGCAATCGGAATTCCGT,2,3274769
relBp,1.5,3,1,GGATGACCCCAGGGAATCAT,2,3288573
relBp,1.5,3,1,GGATCGTACAGTATTTTCTG,2,3302033
relBp,1.5,3,1,GGATCATAGCCGTCCAAGGT,2,3279716
relBp,1.0,2,1,GGAGTAGCAGTTTCACAGGA,1,3304964
relBp,1.0,2,1,GGAGGTTATCGATATCGCGG,1,3306673
relBp,3.5,7,1,GGAGGTATCGATATTTGTAC,6,3272111
relBp,1.5,3,1,GGAGATTGCGGTCATCCAAA,2,3274326
relBp,1.5,3,1,GGAGAGTAACCAGGCACGTG,2,3284338
relBp,1.0,2,1,GGAGAGCGAACAATTTGGAA,1,3273762
relBp,2.0,4,1,GGACTGTTTGGTCCTCAAAC,3,3293909
relBp,1.0,2,1,GGACTGCTCGCGTCTGACGG,1,3258890
relBp,1.5,3,1,GGACCCTCTGCCCCACGGAT,2,3271562
relBp,7.5,15,1,GGACCCCTAACATGTGAAAA,14,3261183
relBp,1.5,3,1,GGACCCCGTTGTTAAGGACT,2,3296535
relBp,2.0,4,1,GGACCAAGTGGCGCGTAACA,3,3260926
relBp,1.5,3,1,GGACATCGATGAACCGTGAT,2,3286011
relBp,3.0,6,1,GGAATTCAGCCTCACGGCCC,5,3285561
relBp,1.0,2,1,GGAAGTGGAGTTTTGCATAT,1,3278389
relBp,2.5,5,1,GGAAGGTCATGGAGTCCTAG,4,3280376
relBp,2.5,5,1,GGAAGGGCGCTTTTAGCGAT,4,3259927
relBp,1.5,3,1,GGAACCGTTGAGCTGGCATA,2,3288039
relBp,1.0,2,1,GGAAAAAACTGACAGAAAGG,1,3259436
relBp,1.0,2,1,GCTTTCTCAACTTCAGCTAG,1,3275342
relBp,1.0,2,1,GCTTATGCCCCTGTGGATGA,1,3291259
relBp,2.0,4,1,GCTGTTAGGGCAAGGCCTAT,3,3260058
relBp,1.0,2,1,GCTGTATGAAATGTATAGTA,1,3288365
relBp,2.5,5,1,GCTGGTTATTTGGAGGGACA,4,3289025
relBp,1.5,3,1,GCTGGGTACGGCCTAGGCGC,2,3296645
relBp,2.0,4,1,GCTGGCATCGTTAAAGGGGT,3,3299621
relBp,1.5,3,1,GCTGCCGCTGTCTGATAGTT,2,3288486
relBp,1.0,2,1,GCTGATCCAGGCAGAGGCGA,1,3262515
relBp,5.5,11,1,GCTGACGTATGGATTTAGAT,10,3302642
relBp,3.0,6,1,GCTGACACGTCCTTCATGAA,5,3272115
relBp,1.5,3,1,GCTGACAAGTCCGAGTCTAT,2,3302499
relBp,1.0,2,1,GCTCTGTGCAACGCACCGCA,1,3284870
relBp,1.5,3,1,GCTCGCACCGGCAAACCTTG,2,3301945
relBp,1.5,3,1,GCTCCCATGACTCTTCTAAG,2,3282371
relBp,2.5,5,1,GCTCAAGGCTACGAATCACT,4,3278712
relBp,4.5,9,1,GCTATTAAATTGTTATTTGT,8,3264178
relBp,1.0,2,1,GCTATATGTCGTGACCCGTC,1,3267310
relBp,1.0,2,1,GCTATATCTGCTCCGAGGCT,1,3270368
relBp,2.0,4,1,GCTATAAAGCACACATCAAT,3,3281344
relBp,1.0,2,1,GCTAGTAACTTCGGCGAACT,1,3265269
relBp,1.0,2,1,GCTAGAGTGGTAACTTTCGT,1,3258678
relBp,2.5,5,1,GCTAGAGGTGTCGTTCCGTC,4,3272669
relBp,2.5,5,1,GCTAATAGAGTGATATGTAG,4,3265431
relBp,1.5,3,1,GCGTTTGCGCAAGCTGACTC,2,3297754
relBp,1.0,2,1,GCGTTTAGGACACCTAATCT,1,3279902
relBp,1.0,2,1,GCGTGTATCCTCTAATGAAT,1,3291476
relBp,1.0,2,1,GCGTGATTAAACGTTAATCG,1,3277430
relBp,1.5,3,1,GCGTCCGGAGGTCCGCCTGG,2,3259846
relBp,1.0,2,1,GCGTCCCCTGCATCTATAGA,1,3280593
relBp,1.0,2,1,GCGTCACGGCTTTGCCACCT,1,3295669
relBp,1.0,2,1,GCGTAGAGAATTACGGTGTC,1,3272839
relBp,1.5,3,1,GCGGTTTTCCCATTATGTAC,2,3295321
relBp,2.0,4,1,GCGGTGGCACTGGTAAACGT,3,3272116
relBp,1.5,3,1,GCGGCTACTAAATGGATGTA,2,3279192
relBp,1.5,3,1,GCGGAGAACACTAATTCATC,2,3289918
relBp,1.5,3,1,GCGGAACGAGCGTATAGATT,2,3283375
relBp,2.5,5,1,GCGCTCTCCTTCCGTGCGAA,4,3268565
relBp,2.0,4,1,GCGCTCATGGCCCCGACGCA,3,3303980
relBp,1.5,3,1,GCGCTACGACGGTTTTCGAA,2,3263087
relBp,1.5,3,1,GCGCCGTGGCGAACGTTCAA,2,3302514
relBp,1.5,3,1,GCGCCAATACACGAGAAGCG,2,3262666
relBp,1.0,2,1,GCGATCTAACGAAGTCCATT,1,3282229
relBp,1.0,2,1,GCGATCGCCGGGATCGAAAA,1,3307094
relBp,1.0,2,1,GCGATATACGCAACAGCTTC,1,3282921
relBp,1.0,2,1,GCGAGTGGAGGTGTGTGTGG,1,3297895
relBp,5.0,10,1,GCGAGTCGTCTCCCCACTCT,9,3302763
relBp,1.5,3,1,GCGAGGAGGCAAGGGCAGAG,2,3257283
relBp,1.5,3,1,GCGAGACCTATGCGATGCAA,2,3270819
relBp,1.0,2,1,GCGACTGAGTCGAGGTTTTA,1,3305384
relBp,1.0,2,1,GCGACCCGAACGCATGTGGT,1,3258309
relBp,1.0,2,1,GCGAAGTTACGCTGGCGATC,1,3294867
relBp,3.0,6,1,GCCTCCCAGTAGCTTATGCT,5,3294061
relBp,1.0,2,1,GCCGTTAACCTTCCTATCTG,1,3300628
relBp,1.0,2,1,GCCGCTCACATGTGCAGAAA,1,3270606
relBp,1.5,3,1,GCCGCTATTCGTTTATATAA,2,3298626
relBp,1.0,2,1,GCCGATGTGCACCGTAGATG,1,3284157
relBp,4.0,8,1,GCCGACGTGCTGCCGTGACC,7,3288862
relBp,1.0,2,1,GCCCTCAGGACGTCGACGGC,1,3273178
relBp,2.0,4,1,GCCCGGTGATTGACTACCCA,3,3306638
relBp,4.5,9,1,GCCCCATCGGATGATGACCA,8,3306636
relBp,1.5,3,1,GCCCATGTTTCTGGAACAGC,2,3267005
relBp,1.5,3,1,GCCCATGGTTATGGTTTAAG,2,3269466
relBp,1.0,2,1,GCCAGTTGGTTAGGGGGGCA,1,3285194
relBp,1.0,2,1,GCATTTTGTGTCTTCAGACT,1,3289308
relBp,1.0,2,1,GCATCAACACGGAATCCAGA,1,3267824
relBp,1.0,2,1,GCATACCAAATGGGGCATTC,1,3301674
relBp,1.0,2,1,GCAGGGTACCAGTTTGTTGC,1,3275346
relBp,1.0,2,1,GCAGGGGTAGTCCTTAAAGC,1,3258097
relBp,1.0,2,1,GCAGGGGGTTCGGTCGCGAT,1,3271028
relBp,1.0,2,1,GCAGGGATGACATATGAATT,1,3294945
relBp,1.5,3,1,GCAGATTCGCTAACGGCGCT,2,3258592
relBp,1.0,2,1,GCAGAACCAGAACGCCTAAC,1,3293881
relBp,1.5,3,1,GCACCGAGTGATAAGGAGGA,2,3308665
relBp,1.0,2,1,GCACATGTGCATTGGATGTT,1,3285670
relBp,2.5,5,1,GCACAGCAAATGTGGTCTAT,4,3308406
relBp,1.0,2,1,GCAATTCGAACATTAGAGCA,1,3280930
relBp,8.0,16,1,GCAAGATACACACTAGGTAT,15,3257629
relBp,2.5,5,1,GATTTTTATAAAGGTACCTC,4,3270482
relBp,1.0,2,1,GATTTGGCCCTTGAGTAAAA,1,3257326
relBp,1.0,2,1,GATTGCGGTACATTTCACAT,1,3284467
relBp,1.5,3,1,GATTCGAGTCCAAACGATCC,2,3285493
relBp,1.0,2,1,GATTCAGAGATGCGATGCAA,1,3263966
relBp,1.0,2,1,GATTATCGATCGCAGTGGGG,1,3288764
relBp,1.5,3,1,GATGTCACGTAAACTTTTGT,2,3281715
relBp,1.0,2,1,GATGGTGTCCTGCGTCATAT,1,3281978
relBp,1.0,2,1,GATGGGCCAACGCCTCACAC,1,3302785
relBp,1.5,3,1,GATGGCCCTGTCGGGCTCGT,2,3266079
relBp,2.0,4,1,GATGCGATTCCGTACACAAA,3,3281623
relBp,1.0,2,1,GATGCATTTCGGAATAGACT,1,3264600
relBp,1.0,2,1,GATGAATAATGTGGCGTAAA,1,3286297
relBp,1.0,2,1,GATCTAGCACTAGAACTGCC,1,3281806
relBp,1.0,2,1,GATCGGCGACTCGATGGTTT,1,3296431
relBp,1.0,2,1,GATCGCCTACCCGACACCGG,1,3292425
relBp,1.5,3,1,GATCGACATACCCGAGCGCG,2,3302133
relBp,2.0,4,1,GATCCGAGCTGACCGTAACA,3,3291692
relBp,1.0,2,1,GATCCCGACACGAGCTGCGC,1,3298976
relBp,1.0,2,1,GATATCACGGACCCTGCAGT,1,3286076
relBp,1.0,2,1,GATAGCGAGTACACACGCTC,1,3290608
relBp,1.0,2,1,GATACTGAACATGGACCGGT,1,3292643
relBp,1.0,2,1,GATAAGTACTAATGGTTCAC,1,3300844
relBp,1.5,3,1,GATAACCTGCATCTGCGCAT,2,3263494
relBp,1.0,2,1,GATAACCGTGGTCTCTATAC,1,3257116
relBp,3.5,7,1,GATAAAGGCGGTTGAGGCTT,6,3300747
relBp,1.5,3,1,GAGTTGCTTGATATCGGGCA,2,3301377
relBp,1.0,2,1,GAGGTCACTAGGTCCACTAG,1,3291856
relBp,2.0,4,1,GAGGTACGCTGCAAGCTGAA,3,3277901
relBp,1.0,2,1,GAGGGGTAAAATGTGTACGT,1,3286638
relBp,1.0,2,1,GAGGGCTTAGGAATTATCGT,1,3268171
relBp,2.0,4,1,GAGGGCGTCCCTTAAGCCAA,3,3289667
relBp,3.0,6,1,GAGCCTCCGCAGCGGGCTTG,5,3273640
relBp,3.0,6,1,GAGCCAAGACATCGATGGAA,5,3301981
relBp,1.5,3,1,GAGATATGCGTCGAACACGT,2,3275068
relBp,3.5,7,1,GAGAGTTCTAGATATCAAGC,6,3272109
relBp,1.0,2,1,GAGAAGGCCAATATGGATAT,1,3289709
relBp,1.0,2,1,GAGAACTCTCAAGCAAGACA,1,3296138
relBp,1.0,2,1,GACTTACAGTATATGTTCAG,1,3285272
relBp,1.0,2,1,GACTCGACAGTTTTTACGAA,1,3260536
relBp,1.5,3,1,GACTAGAAGATATGATATTG,2,3289825
relBp,1.0,2,1,GACTACAGTAATCCCCCTTA,1,3301730
relBp,1.5,3,1,GACGTCTATATCCTCGAAGC,2,3284216
relBp,1.5,3,1,GACGTCAGGGGATACTACGT,2,3281479
relBp,1.0,2,1,GACGCTTCATGGCCCAAGGA,1,3282031
relBp,1.0,2,1,GACCTAACTATTACCTAACA,1,3291378
relBp,1.0,2,1,GACCTAAAGCCAGGGACTTC,1,3298949
relBp,1.5,3,1,GACCATCGCTGAGCAACGAA,2,3260047
relBp,1.0,2,1,GACATTGGTCGTGGTTCTTA,1,3302589
relBp,1.0,2,1,GACATTCGATAGGGATATCT,1,3259194
relBp,4.0,8,1,GACAATTATAGACTCAACCC,7,3262912
relBp,2.0,4,1,GACAAAGAGGGCTTTTAAGG,3,3293530
relBp,2.0,4,1,GAATTTGCTGTTAGTATCGT,3,3297153
relBp,1.0,2,1,GAATTGAGTTAGATCGCTTA,1,3307024
relBp,2.0,4,1,GAATAGTACAGATCCGAAGG,3,3271843
relBp,1.5,3,1,GAAGTTGATGTATCGCTCGG,2,3281592
relBp,5.0,10,1,GAAGTGGCTCATCTCCTCTT,9,3289846
relBp,1.0,2,1,GAAGTACCGGGCATTTAGAC,1,3298614
relBp,4.0,8,1,GAAGGGAAAATGAGCGAACT,7,3278527
relBp,1.5,3,1,GAAGCCATAAGCAGGGTACC,2,3260731
relBp,1.0,2,1,GAAGCAGGTTGTGTGCTAGG,1,3282264
relBp,1.5,3,1,GAAGAAATTCGAAGAGTATT,2,3300968
relBp,1.5,3,1,GAACTTACCATGTCTACGTT,2,3259199
relBp,1.0,2,1,GAACGCTTTTTGGACCTGAA,1,3265298
relBp,1.0,2,1,GAAATGAACAACTAACGTAG,1,3269031
relBp,1.0,2,1,GAAAGGATGTGATAGTGCTC,1,3283063
relBp,2.0,4,1,GAAACAAAGCTACGTGCAAA,3,3267086
relBp,1.0,2,1,GAAAATGCTGCGCTGATGGC,1,3257672
relBp,1.0,2,1,CTTTTAGGCCAGACCGCTGA,1,3304357
relBp,1.5,3,1,CTTTGGGATACGGTGAGCAA,2,3289773
relBp,1.5,3,1,CTTTCGGCATCACTTGTTTC,2,3293616
relBp,1.5,3,1,CTTTACGAACGTTTCGAAGC,2,3260788
relBp,1.5,3,1,CTTTACATTTCCTTCCGGGG,2,3287766
relBp,1.0,2,1,CTTCTTGTTGGTCACAGGAA,1,3304068
relBp,3.0,6,1,CTTCTCCGTCTATGGGTCGT,5,3289287
relBp,4.5,9,1,CTTCGGTCATCCAGACATAT,8,3297532
relBp,1.0,2,1,CTTCGGGGAACTCACTGTGA,1,3293840
relBp,1.0,2,1,CTTCCGTGAAAAGACCAATG,1,3296371
relBp,2.0,4,1,CTTCCAAATGGTATTCTTGC,3,3293142
relBp,1.0,2,1,CTTCATGGTAGGGGCGAAGA,1,3257791
relBp,1.0,2,1,CTTCACTTCAATGAGTGTAT,1,3308202
relBp,1.0,2,1,CTTCAATTAACCTTGCGTAT,1,3302543
relBp,2.5,5,1,CTTCAACACATTTTGAGTAC,4,3267228
relBp,4.5,9,1,CTTATATCCAGCAATCGTTA,8,3306602
relBp,1.0,2,1,CTTAGTTCCGAGCCCGATAA,1,3294430
relBp,1.0,2,1,CTTAGCGACGTGACGCCTAG,1,3259890
relBp,1.0,2,1,CTTACCTCCAGTTTAATGGA,1,3291916
relBp,1.5,3,1,CTTAATACTTGCTAAGTACT,2,3264539
relBp,1.0,2,1,CTTAACGGAGTTGACGAAGG,1,3282439
relBp,1.0,2,1,CTGTTCCTATAACGTCCGGG,1,3262309
relBp,1.0,2,1,CTGTGTGTGCGAGAATGGGT,1,3276883
relBp,3.5,7,1,CTGTCGATCCTAATTCTGGT,6,3277363
relBp,1.0,2,1,CTGTAAGGGGCATCACAGCT,1,3286629
relBp,3.0,6,1,CTGGTTCTCATAAGTCAGGA,5,3279772
relBp,1.0,2,1,CTGGTAGAAGTGCTTACTGA,1,3265979
relBp,1.0,2,1,CTGGGGACACTATCAGCGCA,1,3256947
relBp,1.5,3,1,CTGGCAGTTAAAGTCTCGGT,2,3267699
relBp,1.5,3,1,CTGCTTGGCAGTCCGGGTGA,2,3262859
relBp,1.5,3,1,CTGCTTCCCTATTGAACCAG,2,3284716
relBp,1.5,3,1,CTGCTCGACGCCGCGGCATA,2,3263126
relBp,1.5,3,1,CTGCCCGGAACGAGCCGACG,2,3275788
relBp,1.0,2,1,CTGCATGCCCGGTGACGGCG,1,3277276
relBp,1.0,2,1,CTGCACATTCCCACATCCTC,1,3305498
relBp,1.0,2,1,CTGCAAGTATTGTACCGAGA,1,3292365
relBp,1.5,3,1,CTGAGAATTTGCGCTGCACG,2,3296657
relBp,1.5,3,1,CTGACTCGCGGAGGTTACAT,2,3273072
relBp,1.0,2,1,CTGACTACAGCTTTATGAGC,1,3287476
relBp,1.5,3,1,CTGACCGGAGTACTGGCTCA,2,3294797
relBp,1.0,2,1,CTGAAATTGGAGTGGTACCA,1,3266893
relBp,1.5,3,1,CTCTGCCTTTCCGGCTTGAA,2,3275004
relBp,1.5,3,1,CTCTCTCGCCCTGATTTTCT,2,3283348
relBp,1.0,2,1,CTCTCCACTTACGGCCTTTT,1,3265152
relBp,6.0,12,1,CTCTAAGTAAGAAGACACAA,11,3270162
relBp,2.5,5,1,CTCGTCGCATATACCGACAA,4,3286701
relBp,2.5,5,1,CTCGGTGCGACACTGGAGTC,4,3268865
relBp,1.0,2,1,CTCGCGCTCTTAAAGAAAAA,1,3285132
relBp,1.5,3,1,CTCCGGTGTTGTGAGTTATT,2,3258534
relBp,1.5,3,1,CTCCCAGGAGAGTAGCACGC,2,3287040
relBp,1.5,3,1,CTCCACCATCCTAGGATTAG,2,3301267
relBp,1.0,2,1,CTCCAAGGGGATATTGACCT,1,3264622
relBp,1.0,2,1,CTCACTACAACACTTCCGGT,1,3274564
relBp,1.0,2,1,CTCAAGGGGAGAAGCTCCAT,1,3277435
relBp,1.0,2,1,CTCAAGCTCGTACGTTAAGA,1,3284975
relBp,2.5,5,1,CTCAAGACCGGATCGCGCGG,4,3275205
relBp,1.5,3,1,CTCAACCAGACATAGCATGG,2,3281316
relBp,2.0,4,1,CTCAAAAGTCCTGAAGTACT,3,3264449
relBp,1.5,3,1,CTATGCACTGCTACACTTCA,2,3294790
relBp,1.5,3,1,CTATCACTAGGGGTCTGCAA,2,3288877
relBp,1.5,3,1,CTATCACGTCATGTTTTGAA,2,3268477
relBp,1.0,2,1,CTAGTTATTACTCGTCCGAC,1,3262255
relBp,2.0,4,1,CTAGTGGCTGCGGCTGGGGT,3,3292811
relBp,1.0,2,1,CTAGTACTGAATCGGCCCAA,1,3266226
relBp,1.0,2,1,CTAGGTGCGACTGCCTATTC,1,3275520
relBp,2.0,4,1,CTAGGCGGGATATTCCGAAG,3,3303219
relBp,1.0,2,1,CTAGGCGCCACGGCGGGCTT,1,3270307
relBp,3.0,6,1,CTAGCATCGGCAGAGTCGCT,5,3265893
relBp,6.5,13,1,CTAGCAGTACGTTGATGCAC,12,3290959
relBp,1.0,2,1,CTAGAGGGAACGCGGAGGTT,1,3305653
relBp,1.0,2,1,CTAGAGCACACTCGAAAGGA,1,3270475
relBp,1.0,2,1,CTACTAAAAACTTGGATTTT,1,3264623
relBp,4.5,9,1,CTACGCCTTTATGGGACCAC,8,3292162
relBp,1.5,3,1,CTACCCTACTATCTCCCGCT,2,3293839
relBp,2.0,4,1,CTAACTCATTCAGGTTAAAA,3,3280886
relBp,1.5,3,1,CTAACGTGTGCTATCCGACT,2,3271330
relBp,2.5,5,1,CTAACCCAGCTCGAGCAAGC,4,3288535
relBp,4.0,8,1,CTAACAAGCGGTCCGCCCGA,7,3302966
relBp,4.5,9,1,CTAAAGTGCGTATCGACGAC,8,3286252
relBp,5.0,10,1,CGTTTTCCTTTACTTGACTT,9,3264724
relBp,2.5,5,1,CGTTCCATATCGCGCCAGTC,4,3279286
relBp,1.5,3,1,CGTTAACAGGTCTTGGGGGA,2,3258157
relBp,1.0,2,1,CGTGGTGAAGCAAGTCCTGA,1,3277166
relBp,1.0,2,1,CGTGGACCTCCCCGGGGCAA,1,3296042
relBp,1.0,2,1,CGTGACTTAGACCATTCGAT,1,3259774
relBp,1.0,2,1,CGTCTCCGGCCTAACCGTGA,1,3287838
relBp,1.0,2,1,CGTCTATTCGGTTGGAGGGT,1,3296972
relBp,1.0,2,1,CGTCGGCATGCTGCCTATCG,1,3298634
relBp,3.0,6,1,CGTCGATCTATCAATTTCTA,5,3295452
relBp,1.0,2,1,CGTCCTCTGATGCATTGGAC,1,3276521
relBp,1.5,3,1,CGTCACAGTGGAGTAGACGT,2,3258497
relBp,1.0,2,1,CGTCAAAAGTATTTCGGCCA,1,3283973
relBp,2.5,5,1,CGTAGTCTCCCCGATCGAGT,4,3257138
relBp,1.0,2,1,CGTAGATCCCGAGGCAGGCA,1,3286367
relBp,1.0,2,1,CGTACATTTCCATCACCAAG,1,3307339
relBp,1.0,2,1,CGTAAATGCACTAATCTGAT,1,3258373
relBp,1.0,2,1,CGGTTTATGCGCTGCGTTCA,1,3284816
relBp,2.5,5,1,CGGTTGTAGGTCTTCCCCAC,4,3292741
relBp,1.0,2,1,CGGTGGAACGCCGATCAACA,1,3280450
relBp,1.5,3,1,CGGTGCTTATGAAACTATGA,2,3285093
relBp,1.0,2,1,CGGTATCTTGGCCTACGGGT,1,3278444
relBp,1.0,2,1,CGGTACAATAATTCAGCGTG,1,3277160
relBp,2.0,4,1,CGGGTTTTCATCTTTAACCC,3,3271793
relBp,1.0,2,1,CGGGTGTCGGCGTAGCCAGA,1,3290123
relBp,1.0,2,1,CGGGTAAGGCAATGGGCACC,1,3307660
relBp,1.5,3,1,CGGGGGTAAGGAGCATGTTA,2,3286014
relBp,1.5,3,1,CGGGGCGAGACCCGATGATA,2,3300500
relBp,1.0,2,1,CGGGGACCTGCTGGTTCTCT,1,3272548
relBp,1.0,2,1,CGGGAGCGTTTAACAAACCT,1,3297046
relBp,3.0,6,1,CGGCGCCAATCTGCCGATGA,5,3302156
relBp,1.0,2,1,CGGCACGTGATCGCGAGTAC,1,3256782
relBp,1.0,2,1,CGGAGAGGTGACCAATAGTT,1,3261147
relBp,1.0,2,1,CGGACTTTCCGGACAATCTA,1,3264220
relBp,1.0,2,1,CGGACGCCGATGTTAGGAAA,1,3284345
relBp,2.5,5,1,CGGAAGGGGACGAGGAATTA,4,3303323
relBp,6.5,13,1,CGGAAAAAAGTCACGCGTGT,12,3259976
relBp,1.0,2,1,CGCTTTAACGGCCTATAATC,1,3303253
relBp,1.5,3,1,CGCTTGTAGGTGGAGAAGGT,2,3258798
relBp,1.0,2,1,CGCTGTTAGCCTGGAAAACT,1,3287263
relBp,1.0,2,1,CGCTGTATTATCATATCAGC,1,3277954
relBp,1.5,3,1,CGCTCTCCATGTTGTACAGC,2,3260255
relBp,2.5,5,1,CGCGTCACTCTTTGGTCACA,4,3264088
relBp,1.0,2,1,CGCGTATGGCACTCACAGGT,1,3284879
relBp,1.0,2,1,CGCGGGCTAGGTTCTGGTCG,1,3257669
relBp,2.0,4,1,CGCGGCACTCGCTAGGGGGT,3,3299942
relBp,1.0,2,1,CGCGATGCCAGGCCGGATTC,1,3271379
relBp,4.0,8,1,CGCGAGGCCCCTCGTAAAGT,7,3263677
relBp,1.5,3,1,CGCGAGCGTTCCCAGCGGAA,2,3291013
relBp,1.5,3,1,CGCCTAGTGTGCTAATAAAT,2,3262109
relBp,1.0,2,1,CGCCTACTCGTCGTCGCGGT,1,3298789
relBp,2.0,4,1,CGCCGGTGGGGAAGTGATCG,3,3269270
relBp,1.0,2,1,CGCCCAGATGGGTTGTTTTT,1,3286685
relBp,1.0,2,1,CGCCATGTATCTGTTGTCCG,1,3256594
relBp,1.0,2,1,CGATTGCACTCCCCCCTCGA,1,3298186
relBp,2.0,4,1,CGATGCCGCATTGAGCTGTT,3,3269368
relBp,1.5,3,1,CGATCATTTGTCTTGAGTTG,2,3299024
relBp,2.0,4,1,CGATCACCGTGGAAGTTCCT,3,3284886
relBp,2.0,4,1,CGATACCCCCGGAAGACCAA,3,3278485
relBp,1.0,2,1,CGATACAAATGGAAAGTAAT,1,3274694
relBp,2.5,5,1,CGAGTGTATTGCTGAAAGAA,4,3265608
relBp,1.0,2,1,CGAGTCGTCGATCAATATCC,1,3274786
relBp,1.5,3,1,CGAGGTCCGGAACTTGGATT,2,3308054
relBp,1.0,2,1,CGAGCGGAATAACTTAGCCT,1,3272506
relBp,2.5,5,1,CGACTTTGACTGACTGGAAT,4,3283436
relBp,2.5,5,1,CGACGGGGTTTCCGGGTTAA,4,3285510
relBp,1.0,2,1,CGACGGCCCCGTCGCGGAGC,1,3291608
relBp,3.0,6,1,CGAATTCACCTATGATGCTC,5,3273926
relBp,1.5,3,1,CGAATGTTCTCGGGTGTAGT,2,3278085
relBp,1.0,2,1,CGAATACACTTTTAGTTTGG,1,3292079
relBp,1.0,2,1,CGAAGGAGACCGTGGAGTGC,1,3293052
relBp,2.0,4,1,CGAAATAGGTAGGGCCAACC,3,3259055
relBp,4.0,8,1,CGAAAACTGTTCGAATCTAT,7,3306066
relBp,1.0,2,1,CCTTTCTTCAACATATCAGA,1,3261547
relBp,2.5,5,1,CCTTGCTTAGCGTGACATTA,4,3287034
relBp,1.5,3,1,CCTTGCGTGACTCACTTATT,2,3269073
relBp,1.0,2,1,CCTTGATCAGCACGTCTACA,1,3298375
relBp,1.0,2,1,CCTTATACTTTACATCCATG,1,3264847
relBp,1.0,2,1,CCTTAGTTGTATCGTCGATT,1,3258820
relBp,1.5,3,1,CCTGGTGTCGCCACGATACT,2,3266563
relBp,2.5,5,1,CCTGGAAGTACCGGCAGAGT,4,3269914
relBp,1.0,2,1,CCTGCCGAGTTCGTTTCCGC,1,3275048
relBp,1.0,2,1,CCTGATCTCCACTATGTGTC,1,3282964
relBp,1.5,3,1,CCTGACTTTAAGCGTGTATT,2,3258021
relBp,1.0,2,1,CCTGAATCACGGCTGGGGAC,1,3276673
relBp,2.5,5,1,CCTGAAACTGCTGTCCGTAT,4,3273482
relBp,1.0,2,1,CCTCAGGCCCGATTAGGTAA,1,3275478
relBp,2.0,4,1,CCTCACCCATTCTTATAATG,3,3294805
relBp,1.0,2,1,CCTCAAGGGTGTTCGCTGGG,1,3305957
relBp,1.5,3,1,CCTAGAGAGTTCAGACCCCT,2,3261133
relBp,1.0,2,1,CCGTTATTTAGCGCGGTCGT,1,3306702
relBp,1.0,2,1,CCGTGTGAAATAAGTACTAA,1,3279908
relBp,3.5,7,1,CCGTGGTTGTTTGAAAGAGA,6,3277523
relBp,1.0,2,1,CCGTCTTGTTCAGTGGTTGC,1,3301634
relBp,1.5,3,1,CCGTCGAGTACAGCGCTAAC,2,3264806
relBp,1.0,2,1,CCGTAGGTGGAAAGCAAGAA,1,3304711
relBp,2.0,4,1,CCGGTGTCTAGACCCTCGCA,3,3306275
relBp,1.0,2,1,CCGGTATTGCGTCTCTGCTA,1,3277951
relBp,2.5,5,1,CCGGGTCTGATGGACCGCGT,4,3300795
relBp,1.0,2,1,CCGGGCACTCTTAATCAAAC,1,3273071
relBp,1.0,2,1,CCGGCTTATGCGGTAGCGTG,1,3259025
relBp,1.0,2,1,CCGGCCTTTCCCGCGAACTC,1,3292465
relBp,1.0,2,1,CCGGATTTTATAACCAAAGA,1,3274888
relBp,1.0,2,1,CCGGAAAATGGTCCTTCTGA,1,3257458
relBp,1.0,2,1,CCGCATCAAGACCACCCAGA,1,3293764
relBp,1.5,3,1,CCGATCTCTTTTGGCGTATT,2,3282850
relBp,2.0,4,1,CCGAGAGGTTACTTATGTCA,3,3279105
relBp,1.0,2,1,CCGACTGAATGAAGGGTTGT,1,3305791
relBp,1.0,2,1,CCGACACACCTTCAACAGGT,1,3271666
relBp,1.5,3,1,CCGAATGCTATCTACGAACA,2,3299627
relBp,2.5,5,1,CCCTGGTTAAGATTACGTGG,4,3306835
relBp,1.5,3,1,CCCTGCGAACGGAAAATGCA,2,3288411
relBp,1.0,2,1,CCCTGAAACAGTCGATTAAT,1,3284361
relBp,1.5,3,1,CCCTCTTGCTGGCCGAACGA,2,3289917
relBp,1.0,2,1,CCCTCCGAACATAGGACAGG,1,3282746
relBp,1.0,2,1,CCCTATCTTTAAGTGCTCAG,1,3278568
relBp,2.0,4,1,CCCGTGCGGGGAGCTCTAGA,3,3282897
relBp,2.0,4,1,CCCGCGTCGAGAAAGTCCGC,3,3302730
relBp,1.5,3,1,CCCGAGCCGTGGGTAAGACT,2,3298276
relBp,2.5,5,1,CCCGAATGCAAGCTTCAGAG,4,3288982
relBp,2.5,5,1,CCCCTGGACTCCCATGGGTC,4,3261540
relBp,2.0,4,1,CCCCTCCCGTTCTCGAAGCG,3,3270968
relBp,5.5,11,1,CCCCTATAAAAGAGGTGGGA,10,3264182
relBp,1.0,2,1,CCCCGGGAGGCTCCTTGTGT,1,3286636
relBp,2.0,4,1,CCCCCGATCATGCGCAGATC,3,3257998
relBp,1.0,2,1,CCCCATAAACTCCAGCGTAC,1,3262171
relBp,1.5,3,1,CCCCACGCGTAATACCATAT,2,3284059
relBp,1.0,2,1,CCCATCCTGTCGAGCTCAGT,1,3308007
relBp,1.0,2,1,CCCAGGGGCCAGAGGCAGAG,1,3270353
relBp,1.0,2,1,CCCACTTCGCGGTTATCGCT,1,3277738
relBp,1.0,2,1,CCCACGGAAGCAATGGGCCA,1,3287254
relBp,2.0,4,1,CCCAATGGGTGTGCCACGCG,3,3287298
relBp,1.0,2,1,CCATTCGAACATCCGGGGTG,1,3296270
relBp,2.5,5,1,CCATCGAGAACTACAGGAAA,4,3291201
relBp,1.0,2,1,CCATCCCAAATAGCGAAGAT,1,3273703
relBp,3.0,6,1,CCATCAGTAGTTATCTTGCT,5,3306176
relBp,1.0,2,1,CCATAGCCGCTCAAAGCGTG,1,3273720
relBp,1.0,2,1,CCAGTTTGTGGCCTCCTGAT,1,3273148
relBp,1.0,2,1,CCAGTTCGTGCAAAGTAAAG,1,3271890
relBp,1.0,2,1,CCAGTTATTGAATCCGGTTG,1,3302440
relBp,1.0,2,1,CCAGTGAAAACAAAGGCCCT,1,3270587
relBp,3.5,7,1,CCAGTCCGGGAGATTTACAG,6,3283373
relBp,2.5,5,1,CCAGGTCACGAGGTAAAAGT,4,3264519
relBp,2.5,5,1,CCAGCTCTGCTTACGGACTT,4,3283344
relBp,2.0,4,1,CCAGATTACGCGTAGCATAT,3,3276202
relBp,1.0,2,1,CCAGATAACTTATTATTATC,1,3260634
relBp,1.5,3,1,CCACTTACCGCTCTCTTCCC,2,3302744
relBp,1.0,2,1,CCACTAACCTACGGATATTG,1,3257120
relBp,1.5,3,1,CCACCGGTGAATCGTCCTAC,2,3279670
relBp,1.0,2,1,CCACCGCCCGAATACAATGG,1,3257369
relBp,1.5,3,1,CCACCGACCGCAGATGTATT,2,3271502
relBp,2.0,4,1,CCACCCGAACACCAAAGGCT,3,3304014
relBp,1.0,2,1,CCACCCAACTTCGTCCTGAG,1,3268070
relBp,1.5,3,1,CCAATTTCTGGTCGCTCGAA,2,3281174
relBp,1.5,3,1,CCAATTTAGGTATGGGTGAG,2,3260211
relBp,1.5,3,1,CCAATGTGACCTCGGACTCG,2,3283972
relBp,7.5,15,1,CCAAGGCGTGAAGCTCGGGT,14,3270154
relBp,1.5,3,1,CCAAGATATCGGACGCAGTT,2,3261812
relBp,1.5,3,1,CCAAATCGATTAGCAAGGTC,2,3281350
relBp,1.5,3,1,CATTCCAACGTATTTTGAAA,2,3305955
relBp,3.0,6,1,CATTATAGGGGCATCCGAGT,5,3301236
relBp,1.0,2,1,CATTAATCACAGTAGCTAAG,1,3306072
relBp,1.0,2,1,CATTAAGGAACGTGTAGCTA,1,3281360
relBp,3.0,6,1,CATGGTGGTACCTCTATATT,5,3296932
relBp,1.0,2,1,CATGGGATTACCTTCATAGC,1,3301025
relBp,1.0,2,1,CATGCTGGGTGTTCAATGCG,1,3291672
relBp,2.0,4,1,CATGCATCTGCTTTTATTAA,3,3256906
relBp,1.0,2,1,CATCTCAAGTCAGGTGGAGC,1,3287802
relBp,2.0,4,1,CATCGGACGTGTCGGAGGCC,3,3299211
relBp,1.0,2,1,CATCCGTCACAACCTACATT,1,3261996
relBp,2.5,5,1,CATCAAGGACGGTACAAGCA,4,3276927
relBp,2.5,5,1,CATATGTTCCTCAGTGTAAC,4,3293360
relBp,1.5,3,1,CATACCTGTGAGCGTTCTCT,2,3292171
relBp,1.0,2,1,CATACACTTTTGTCCGAGGA,1,3301569
relBp,1.0,2,1,CAGTTAAGTGTCTCGTAGGT,1,3260089
relBp,1.0,2,1,CAGTCGATAGGTTATTACAG,1,3272043
relBp,2.5,5,1,CAGTCCACCCCCTTTAGAGA,4,3303045
relBp,1.0,2,1,CAGTATTCAGACATGATTGG,1,3278991
relBp,1.0,2,1,CAGGGTCTCTCCTGTTTGGA,1,3272164
relBp,1.0,2,1,CAGGGGCAGGCTTCGAGATA,1,3297104
relBp,1.0,2,1,CAGGGGACTCAGCTCGAAGG,1,3285737
relBp,2.0,4,1,CAGGATAAGCCCAGTCGTGA,3,3277541
relBp,1.0,2,1,CAGGACGTCCTAATTCGGTA,1,3304247
relBp,2.0,4,1,CAGGAAGATCTGCATGATGA,3,3296211
relBp,1.0,2,1,CAGCTCGACCTTATTACGGA,1,3270310
relBp,1.0,2,1,CAGCTAGATAGTGCGTGATG,1,3256892
relBp,1.5,3,1,CAGCCGAGATCTGCAGTGGT,2,3307088
relBp,1.0,2,1,CAGCATATGATATGACAATC,1,3267312
relBp,1.0,2,1,CAGCAGCAACAGCTCGACGT,1,3294082
relBp,1.0,2,1,CAGATTTCTGGACGGAACCT,1,3295998
relBp,1.0,2,1,CAGATTTAAGGACAGTCAAG,1,3271043
relBp,1.0,2,1,CAGATTCCTTAAGGAATACA,1,3283899
relBp,1.5,3,1,CAGATTAAATGCGTTCAAAC,2,3286683
relBp,2.0,4,1,CAGATAACGGTACGGGACTC,3,3298110
relBp,1.5,3,1,CAGAGCTTGGATTGTGTTCT,2,3263453
relBp,2.0,4,1,CAGAGCTCCAGCTTCTTGGC,3,3298719
relBp,1.5,3,1,CAGAGAGGATGACGTCTGTA,2,3269845
relBp,1.5,3,1,CAGACAGATTCTCTCAATCT,2,3265768
relBp,3.0,6,1,CACCTGAGCTCCAGCGTCAA,5,3283421
relBp,2.0,4,1,CACCTCGATTCAAGGCCGGC,3,3281265
relBp,1.0,2,1,CACCGTTGTAGAGCTAGGGA,1,3306294
relBp,1.0,2,1,CACCGGTGTTTAGCGCCATA,1,3288629
relBp,1.0,2,1,CACCATCGGGCATACCCTCT,1,3294723
relBp,1.5,3,1,CACCATAGTCGCTGCAATCC,2,3281920
relBp,1.0,2,1,CACATCCCTCGACTCCGTGG,1,3263921
relBp,1.0,2,1,CACATACACAGTCGGTTGAT,1,3300468
relBp,3.0,6,1,CACAGAATCGTCTGTTTGAT,5,3283425
relBp,1.0,2,1,CACACAAGGCCGTCGATTCA,1,3269388
relBp,1.5,3,1,CACAAGCACTGTTCCGAATC,2,3261761
relBp,1.5,3,1,CAATTTCAAGATATCTTGAC,2,3285681
relBp,2.0,4,1,CAATTACAGCCCGTTATATG,3,3297998
relBp,1.0,2,1,CAATGTTATTTTTCCCTTAT,1,3267500
relBp,1.0,2,1,CAATGGTGCCGTACACATTA,1,3277315
relBp,1.0,2,1,CAATGACATTCGACAAGTCT,1,3259121
relBp,1.0,2,1,CAATATAGACAGGAGAGGTT,1,3280319
relBp,3.5,7,1,CAAGGGTGGACCAGCGTTGA,6,3266794
relBp,2.0,4,1,CAAGCTCGAAGTTTTATGTG,3,3276356
relBp,1.5,3,1,CAACTTAGAAGCTCCGGTTT,2,3260777
relBp,1.5,3,1,CAACTGTATACTGTCCAAGC,2,3269644
relBp,1.0,2,1,CAACTAGTGACGGTAGCAGG,1,3302520
relBp,1.5,3,1,CAACTAATGCAGAAGGTATG,2,3280378
relBp,1.0,2,1,CAACCGATCGGCTTCATTCT,1,3257092
relBp,2.5,5,1,CAACAGCTTGACTTCCAAAT,4,3269025
relBp,1.0,2,1,CAAACGTTCTGAAACTTACT,1,3278329
relBp,2.5,5,1,CAAACAGTTAGGTTCACTAC,4,3283939
relBp,2.0,4,1,CAAACAGCTCAAGTTAATGT,3,3271609
relBp,2.0,4,1,CAAAATCTCTTACGTTATTT,3,3289624
relBp,1.0,2,1,ATTTTGATCTAATGGCATGT,1,3275864
relBp,1.0,2,1,ATTTGTAGGACGAGACACAC,1,3302366
relBp,1.0,2,1,ATTTGGGAATTTTTTTGCGT,1,3280661
relBp,2.0,4,1,ATTTGCCTAAACAATGACCT,3,3261192
relBp,1.0,2,1,ATTTCTCCGTGAAACCCAGG,1,3285332
relBp,1.0,2,1,ATTTAAGCTGGCCGTCAGGC,1,3287260
relBp,4.0,8,1,ATTGCTGCGGCTCCGGATCC,7,3300366
relBp,1.5,3,1,ATTGCGAGACGATTATCGGA,2,3285014
relBp,2.0,4,1,ATTGCCATTCCGAGAGATTC,3,3272015
relBp,3.5,7,1,ATTGAGTTCCACTCTGTTCA,6,3271110
relBp,1.0,2,1,ATTGAGATCACGAGCGTCAT,1,3294752
relBp,1.5,3,1,ATTCGCGTTTTCGCACCATG,2,3303564
relBp,1.0,2,1,ATTCCCCACGGTCAAACTCG,1,3277685
relBp,1.5,3,1,ATTCCACTATAGGCGACCCC,2,3276503
relBp,1.0,2,1,ATTCACGAATGTTTTGACGT,1,3270609
relBp,1.0,2,1,ATTCACAGGTGTATCATGGG,1,3278801
relBp,1.0,2,1,ATTAGGGGAGTAGATGGGTC,1,3298864
relBp,1.5,3,1,ATTAAGGGAGACCGCGTCGC,2,3260073
relBp,1.0,2,1,ATTAAGCGTCTGTGAGATCC,1,3294725
relBp,3.0,6,1,ATGTTGGGCACCGGGGATTT,5,3257217
relBp,1.0,2,1,ATGTGATGCAAGGGCCAAAA,1,3269661
relBp,1.5,3,1,ATGTCGCTTAAGTTGAACCC,2,3271516
relBp,1.0,2,1,ATGTATTCAAGTAAGTGGCA,1,3302190
relBp,1.0,2,1,ATGGTGTATTTCGGGGCCTT,1,3256092
relBp,1.0,2,1,ATGGGACTAAAAAATCGTAC,1,3276689
relBp,6.0,12,1,ATGGCTGCTCTGATTACGCT,11,3265427
relBp,4.5,9,1,ATGGCTATTCTAGTCAGGGG,8,3304480
relBp,1.0,2,1,ATGGACTCGCCGCTGTAAAA,1,3282081
relBp,1.5,3,1,ATGGAACCAAACCGACTACT,2,3288536
relBp,2.5,5,1,ATGCTTTGCCATGAATCGGT,4,3287580
relBp,1.5,3,1,ATGCTTGAGCTCCGTTCTCT,2,3257428
relBp,3.0,6,1,ATGCCGATAGCAGATATTGT,5,3305432
relBp,1.5,3,1,ATGCCAGAACAGACTTCGTT,2,3257432
relBp,3.0,6,1,ATGATATATGGCTTGCATTG,5,3273099
relBp,5.0,10,1,ATGAATTTTATATCTTTGCC,9,3306256
relBp,1.0,2,1,ATGAAGCGCCCAGGGGCGAC,1,3270187
relBp,1.0,2,1,ATGAAACCCCTGGAAGAGCA,1,3285160
relBp,1.0,2,1,ATCTTTACCGTGCTCCGAAG,1,3272156
relBp,1.5,3,1,ATCTGGCTGTATTCGTCGAA,2,3300291
relBp,2.0,4,1,ATCTGGAGCCCAGTAACATT,3,3292265
relBp,1.0,2,1,ATCTGCCTACCCGTAATTGT,1,3287762
relBp,1.0,2,1,ATCTAGTTTAGGTGGATCAA,1,3299257
relBp,1.5,3,1,ATCTAAGGCTATGTCAATTG,2,3292232
relBp,2.0,4,1,ATCTAAATTACCTCCTTCAA,3,3263922
relBp,1.0,2,1,ATCGTGCGGCGCGAAACGCT,1,3269911
relBp,1.0,2,1,ATCGGTCTGGTGCGCTCGAA,1,3263092
relBp,5.0,10,1,ATCGGGTTATGGCCTTAATA,9,3304444
relBp,1.0,2,1,ATCGGAGAGTAGATGAGGAA,1,3286981
relBp,1.0,2,1,ATCGCTCAGGGTTTACCATA,1,3260045
relBp,1.5,3,1,ATCGCAGGTGGTCAAACGGC,2,3279490
relBp,1.5,3,1,ATCGATCCGCCCAAAAGTTC,2,3283599
relBp,1.0,2,1,ATCCTTGGGACGGGTATCCT,1,3258017
relBp,1.5,3,1,ATCCTGACATTTCCGAAATG,2,3269198
relBp,1.0,2,1,ATCCTATACATCGGAGGTGG,1,3259710
relBp,1.0,2,1,ATCCAGTTGCGCGGGGGAAA,1,3269467
relBp,1.0,2,1,ATCATGCTGGCGGCCCGGCA,1,3275073
relBp,2.0,4,1,ATCATCAAACATGCGATGCA,3,3259245
relBp,1.0,2,1,ATCAGTTCACGGCGCAACTC,1,3261342
relBp,1.5,3,1,ATCAGGATATGGTTTACGTA,2,3300420
relBp,2.0,4,1,ATCACCCTTAATAGGAGGCT,3,3277696
relBp,2.0,4,1,ATCAAAGATTTAGTCAGTAG,3,3279380
relBp,1.0,2,1,ATATTGGCAGACACGTCATT,1,3265386
relBp,1.5,3,1,ATATGTGACCATTAGCCGAT,2,3295450
relBp,1.0,2,1,ATATGTCTGCGGTTCCAGAC,1,3256379
relBp,2.5,5,1,ATATGGCATTGTACGAGTTA,4,3278405
relBp,1.5,3,1,ATATGCATCCGCGTATCGAC,2,3277616
relBp,1.0,2,1,ATATGAGCTTCATGGAGCCA,1,3296000
relBp,1.0,2,1,ATATCGTCCAAACAGCGCGT,1,3267229
relBp,8.0,16,1,ATATCGCTTCGCTACCTTTC,15,3279945
relBp,1.0,2,1,ATATAGTCTGCGAACCCCAA,1,3288038
relBp,1.0,2,1,ATATACGAAGTATAATCAGT,1,3287480
relBp,1.0,2,1,ATATACAAATGCCCGCGTAC,1,3263192
relBp,1.0,2,1,ATAGGTGCCCATATTATAGG,1,3271625
relBp,5.5,11,1,ATAGGCGAGCTTTAAAGGAG,10,3306907
relBp,1.5,3,1,ATAGGCAGTATAAGTAGGGT,2,3259844
relBp,1.0,2,1,ATAGGAGCGTTTGGAATGCA,1,3306124
relBp,1.0,2,1,ATACTTCTTCCGTCAGTCAT,1,3260383
relBp,1.0,2,1,ATACGTATACAGGTCAACGT,1,3268639
relBp,1.5,3,1,ATACGTAGCTCCGCACGACA,2,3265810
relBp,1.0,2,1,ATACGGCCCTGTGTATCTTT,1,3283320
relBp,1.5,3,1,ATACCTCGAATTTAGAGGTA,2,3304874
relBp,1.0,2,1,ATACCTAACGTCCAAAAGCT,1,3273835
relBp,1.0,2,1,ATACCATAAAACTCAACCTT,1,3264476
relBp,1.5,3,1,ATACAGGGCTTTCCTCTTGA,2,3295515
relBp,2.0,4,1,ATACAGGATTCGACACAAAA,3,3275516
relBp,6.0,12,1,ATACACGTTGAACGCTAAGG,11,3274200
relBp,1.0,2,1,ATACACGTGTTAAAAGCGCT,1,3270024
relBp,5.5,11,1,ATAATCACTTAGCCTAGCTG,10,3282168
relBp,1.0,2,1,AGTTTGTCTGTCGGTATTGC,1,3289762
relBp,4.5,9,1,AGTTTATCTTTAAAGAACTC,8,3277466
relBp,4.5,9,1,AGTTCGAATCGGACTACCAC,8,3283228
relBp,1.0,2,1,AGTTAACTTAGGGGGCATCT,1,3267276
relBp,1.5,3,1,AGTTAACAAGAAACTCGTGA,2,3279516
relBp,1.0,2,1,AGTGGCCATCTAATGGTGAT,1,3259871
relBp,1.0,2,1,AGTGCGTTTGAGACACTATA,1,3267661
relBp,1.0,2,1,AGTGCGCTCGGACGTGTGGT,1,3288410
relBp,1.0,2,1,AGTGCAGCCGAAGAGCTTAG,1,3269173
relBp,7.0,14,1,AGTGCAACTTGGTTGACCAA,13,3296651
relBp,1.5,3,1,AGTGATCCGGCCAGGTAGCT,2,3282784
relBp,1.0,2,1,AGTGAACGATTCCCTTATCG,1,3284522
relBp,1.0,2,1,AGTCTTATGGCTCCTCTCTC,1,3262786
relBp,1.0,2,1,AGTCTATATTCGTCCCAGAA,1,3290347
relBp,1.0,2,1,AGTCGTTTAATCTAGATTGC,1,3271374
relBp,1.0,2,1,AGTCGCAATCTTGTAGGGAC,1,3268950
relBp,2.0,4,1,AGTCGATTGAACTAATGCAT,3,3301869
relBp,1.0,2,1,AGTCAGGTTCCCGATCTACT,1,3267475
relBp,2.0,4,1,AGTACCGTGATGGCTTTCTT,3,3300417
relBp,1.0,2,1,AGGTTAAAACGCTAGTGGCT,1,3278154
relBp,3.0,6,1,AGGTCTTACAGATGTAGTGT,5,3292530
relBp,1.0,2,1,AGGTCCCTAGATAAGAGGGT,1,3276533
relBp,2.0,4,1,AGGTAGTATTGGCGTTGGCC,3,3278963
relBp,1.5,3,1,AGGTAAGCGATTCTTACATA,2,3261374
relBp,1.5,3,1,AGGGTATCAGTTTTGTGGTT,2,3292515
relBp,2.0,4,1,AGGGGCGCAGGGAAGCACGT,3,3275849
relBp,1.0,2,1,AGGGCACGAGGATCGGGCAT,1,3297285
relBp,1.0,2,1,AGGGATACCCCGACTACCTG,1,3262184
relBp,1.5,3,1,AGGGAGTAGGCTGCCTCCCA,2,3270155
relBp,1.5,3,1,AGGCTTTGGACATCGACGAA,2,3275521
relBp,1.0,2,1,AGGCGTGATCAGCACACGAG,1,3281950
relBp,1.0,2,1,AGGCGTATTCAGGTCTAAAA,1,3272959
relBp,1.5,3,1,AGGCGGCCTTGACTGCCTTT,2,3303617
relBp,1.5,3,1,AGGCGGACCCCATGCCAGTG,2,3307020
relBp,5.0,10,1,AGGCGCTCACGCGGTCGAAC,9,3298157
relBp,3.5,7,1,AGGCCCACCTGGGCAGCGTC,6,3301231
relBp,1.0,2,1,AGGATTTCCGGAATAGACGT,1,3283540
relBp,1.0,2,1,AGGATTAGGGACCTCTAATA,1,3259160
relBp,1.0,2,1,AGGATAGCTCGGCGCATCCG,1,3284239
relBp,1.0,2,1,AGGAGGCACATCCAGTTTGA,1,3280789
relBp,1.0,2,1,AGGAGAGGGTGAGTACGTCT,1,3283945
relBp,1.0,2,1,AGGACAGCGGCGCGACTGCA,1,3299842
relBp,2.5,5,1,AGGAACTGTCGAGCCGTGTA,4,3268902
relBp,11.0,22,1,AGCTTTACTGAGCCTTTGGG,21,3294993
relBp,1.0,2,1,AGCTTGCTTAGGGATCCGGT,1,3298292
relBp,1.0,2,1,AGCTGTAATTCCAGACAAGA,1,3304166
relBp,4.0,8,1,AGCTGGCGTCGGAGATAATG,7,3282141
relBp,1.5,3,1,AGCTCTGGCTGGGTGCTAAA,2,3290873
relBp,1.5,3,1,AGCTCTGATAGTTATGGAGG,2,3302086
relBp,2.0,4,1,AGCTCCACCGTGCGCGTTAC,3,3264936
relBp,2.5,5,1,AGCTCACATCTCTTCCGCAA,4,3268136
relBp,2.5,5,1,AGCGTTTTATGCGACCGCCA,4,3264923
relBp,1.5,3,1,AGCGTGCTTGCTGCTGGGCT,2,3269959
relBp,5.0,10,1,AGCGTCTAAGCAGCCGGCAT,9,3305263
relBp,1.5,3,1,AGCGTATTAGTAAACTAGAT,2,3273855
relBp,1.5,3,1,AGCGCTTATAGCTTGACAAC,2,3280608
relBp,1.5,3,1,AGCGCTCAAGTGTCATGTCG,2,3306818
relBp,1.5,3,1,AGCCGTTCTCCTGTGGTGGT,2,3260358
relBp,1.0,2,1,AGCCGCTGCCGCGTGAACCT,1,3289067
relBp,2.5,5,1,AGCCATCCGGTGTGGAACAC,4,3265533
relBp,4.0,8,1,AGCCAGCTCTCCGAATTTTG,7,3304660
relBp,1.0,2,1,AGCACTCGCTTCTGTAGTAA,1,3266345
relBp,1.0,2,1,AGCAATGCGCCCATAGCGCA,1,3295876
relBp,1.0,2,1,AGATTTCCTCTGAACCCCAG,1,3273788
relBp,1.0,2,1,AGATGTATACACCGCGACTA,1,3266700
relBp,1.0,2,1,AGATGGTTTTTTAATCAGAC,1,3278959
relBp,1.0,2,1,AGATGGGTTACGGCTTTATA,1,3269241
relBp,1.5,3,1,AGAGTGTACAAGTACGGAGT,2,3279870
relBp,2.0,4,1,AGAGTCCTGTAGAGGCGCAT,3,3297381
relBp,1.5,3,1,AGAGTATGGGACAGGAAAAC,2,3292023
relBp,2.0,4,1,AGAGGGGTTCTTAATAGGTC,3,3274922
relBp,3.0,6,1,AGAGCTGTTCTCGAGAATAT,5,3256660
relBp,1.0,2,1,AGAGCCTATGCAAGCCCTTC,1,3297952
relBp,2.5,5,1,AGAGCCGTATGAAGTTAGCA,4,3304880
relBp,1.0,2,1,AGAGAGCTCTGGACTGATGC,1,3280573
relBp,1.0,2,1,AGAGAGCCGCGCCGACTACG,1,3265752
relBp,2.5,5,1,AGAGAACGGGGGCTAGTGTC,4,3289657
relBp,1.0,2,1,AGACTTTGCAACATTAGGAG,1,3283546
relBp,1.0,2,1,AGACTCGTGCTTGAGTGTGA,1,3306209
relBp,2.0,4,1,AGACTATTAGAATGTAATAC,3,3282893
relBp,1.0,2,1,AGACGTTATCGAAGTGAACT,1,3297669
relBp,2.5,5,1,AGACGCGCCGTTGAGATCAA,4,3294560
relBp,4.0,8,1,AGACGACAGAGGCTATGGAG,7,3266726
relBp,2.0,4,1,AGACCGGCGCTGGATCGAAG,3,3258486
relBp,1.0,2,1,AGACCCTTACATTGCCGGAA,1,3277711
relBp,1.5,3,1,AGACAGTGCCGAGCGTGTGA,2,3264086
relBp,2.5,5,1,AGACAAGCGGTCCCGCGGTT,4,3282854
relBp,1.0,2,1,AGAATCCAGTCTTCTCTCTC,1,3268911
relBp,1.0,2,1,AGAAGTTGAACGAGCCCATT,1,3271889
relBp,1.5,3,1,AGAAGACCTAAGAAGCGTGG,2,3258986
relBp,1.0,2,1,AGAAAGGCATGGGGTGGCAT,1,3263287
relBp,1.0,2,1,AGAAAACCTAACGCCAGGCA,1,3283490
relBp,1.5,3,1,ACTTTGATCCTCAGGCTATA,2,3285862
relBp,1.0,2,1,ACTTTCACGTATTTGTCCTG,1,3271656
relBp,1.0,2,1,ACTTGGTGTGGATCACATCT,1,3278988
relBp,2.0,4,1,ACTTGCTTCCTTTACACAGC,3,3281666
relBp,1.0,2,1,ACTTCGACTGAACATTGATC,1,3301374
relBp,1.0,2,1,ACTTACAACGGTATGTCCGA,1,3258287
relBp,1.0,2,1,ACTGTAAGCAATTGTGGGAT,1,3272591
relBp,2.0,4,1,ACTGGGCCTATCTGGAACAA,3,3263106
relBp,1.0,2,1,ACTGACGTGTTGTTTAAATA,1,3287767
relBp,2.0,4,1,ACTGAATGCACTCTATATTT,3,3265429
relBp,2.5,5,1,ACTCGTAAAAACCAACAGGA,4,3285713
relBp,2.0,4,1,ACTCGGCGATTCCGGGGTTC,3,3272147
relBp,2.5,5,1,ACTCGATGCGACTTATACGA,4,3277855
relBp,1.0,2,1,ACTCAGCTTGCGGGTAATAT,1,3275697
relBp,2.0,4,1,ACTCAACCCGAATGCACTAG,3,3306532
relBp,1.0,2,1,ACTATCGTACGCAATTTACG,1,3298323
relBp,1.0,2,1,ACTAGGCAATCATATCCTAT,1,3273839
relBp,2.0,4,1,ACTAGCAACGTCTATAGGTT,3,3259534
relBp,1.0,2,1,ACTACCTTTCAGTGCCAAGG,1,3269179
relBp,1.5,3,1,ACTAATCGGTGCAAGACTTG,2,3273646
relBp,7.5,15,1,ACTAAAGAGGCGGCACCAGT,14,3299626
relBp,1.0,2,1,ACGTGGTGCGGGAGGTAATC,1,3276060
relBp,2.0,4,1,ACGTGAGTGTTGGGAGGCCA,3,3308742
relBp,2.5,5,1,ACGTCTTGCTCGGGCGTACA,4,3287287
relBp,4.0,8,1,ACGGTATTCGCATCTAATTC,7,3257666
relBp,2.0,4,1,ACGGGGGCATGGACAGCTAG,3,3263595
relBp,1.0,2,1,ACGGCCAGGCAACAATTGTT,1,3304728
relBp,1.0,2,1,ACGGAGGAGATCACGTGAAG,1,3256908
relBp,3.0,6,1,ACGGACGTCATACAGGTCTT,5,3295839
relBp,1.0,2,1,ACGGACGAAGTACATCATGC,1,3299311
relBp,1.0,2,1,ACGCTGTAAAGCGGCAACTT,1,3273361
relBp,1.0,2,1,ACGCTGGGATGTATCGTGCC,1,3279562
relBp,2.0,4,1,ACGCTAGGGAGTTGTGAGTG,3,3262640
relBp,1.0,2,1,ACGCTAGAAACTGTTGTATT,1,3303742
relBp,1.0,2,1,ACGCGCGAACAGTAAGAGTT,1,3268199
relBp,1.0,2,1,ACGCCAGCACCCTGTGGGGA,1,3286521
relBp,1.0,2,1,ACGCCACACAGTACCTTATC,1,3258609
relBp,1.0,2,1,ACGCAAGGCTTTCACGCGTT,1,3299337
relBp,6.0,12,1,ACGATCGACTGTCACGACGC,11,3299722
relBp,4.0,8,1,ACGAGTAGACAAGATGAAGT,7,3275957
relBp,1.0,2,1,ACGAGCAAGGAGACACAGGT,1,3270995
relBp,1.5,3,1,ACGAGATCGTTCGTTGTGCT,2,3272194
relBp,1.0,2,1,ACCTCGCAACAAAGTTCGTC,1,3279600
relBp,1.0,2,1,ACCTCCTGCCAGTCATTGGC,1,3272093
relBp,1.0,2,1,ACCTATATGGTGGTAGAAGT,1,3296310
relBp,1.0,2,1,ACCGATCAGCCAGTGTCTTC,1,3269615
relBp,1.0,2,1,ACCGAGCTCCGGGCATATCA,1,3281234
relBp,4.5,9,1,ACCCGCAGCTCGACATTCTT,8,3308787
relBp,3.5,7,1,ACCCGCAATGTCCCCGTAAA,6,3294968
relBp,1.5,3,1,ACCCCCTTTACCATGGGGAT,2,3289984
relBp,1.0,2,1,ACCCCAGTTATAGGTCAACC,1,3292670
relBp,1.0,2,1,ACCAGTCAACCATCTGGTTC,1,3266886
relBp,3.5,7,1,ACCAGGTAGGCGACAACGTT,6,3270575
relBp,1.0,2,1,ACCAGCGCGCTGTGACGATG,1,3304234
relBp,3.0,6,1,ACCAAGACGTCTGTTGAGGT,5,3260487
relBp,1.0,2,1,ACATTCGTCAGTGGTAGGTC,1,3257148
relBp,1.5,3,1,ACATTCGCCACCCAGCTCCG,2,3273189
relBp,3.0,6,1,ACATGGCAAGGCCCGGGGTT,5,3298114
relBp,1.0,2,1,ACATCCTCAATGACCTCCAT,1,3283262
relBp,1.5,3,1,ACATATTCAGTTAATCCAGG,2,3277613
relBp,1.0,2,1,ACATAGACCAAACAGACGGG,1,3302050
relBp,3.0,6,1,ACATACTTGGCAGTCAAAAG,5,3284340
relBp,2.0,4,1,ACAGTTAACCACTTAGATTA,3,3281668
relBp,2.0,4,1,ACAGGAAGATGTTCTTTCAA,3,3265994
relBp,1.0,2,1,ACAGCTGATGTGCATTCTTG,1,3260998
relBp,1.0,2,1,ACAGCTCAAGACCGCTACAC,1,3306644
relBp,1.0,2,1,ACAGCAAGACTAGGTCGGCG,1,3264091
relBp,1.0,2,1,ACAGAGATTTCTGGAATCAA,1,3275700
relBp,1.0,2,1,ACAGACGACAAGGGCTTGTA,1,3282699
relBp,1.0,2,1,ACACTAAAAGCGTATTCGAG,1,3269401
relBp,1.0,2,1,ACACGTTGGGTGGTGCGTGA,1,3299135
relBp,1.0,2,1,ACACCCATCATAAGCTAGGA,1,3261629
relBp,1.5,3,1,AATTTTCAGCAATCGGCATT,2,3266849
relBp,1.5,3,1,AATTTGTTAATTGTTCCCAA,2,3269308
relBp,1.0,2,1,AATTTGACCGAGTCGGACAA,1,3284180
relBp,2.0,4,1,AATTATTCACTAACAGTCGC,3,3275134
relBp,7.0,14,1,AATTATGATCCTACGTGGAT,13,3305466
relBp,1.0,2,1,AATTAGGGGCGCCCCCTTCC,1,3271167
relBp,1.0,2,1,AATTACTAGGTACATAAGTA,1,3264411
relBp,1.0,2,1,AATGTTCCCTCCTAGGCCTC,1,3272547
relBp,1.5,3,1,AATGTGGCACCGTAAAGGCA,2,3303242
relBp,2.5,5,1,AATGGGCACCCAGACTCACA,4,3278356
relBp,1.0,2,1,AATCGCGCGTCATGGTAGTA,1,3282445
relBp,3.5,7,1,AATCCCCGTACAGACTAATA,6,3287696
relBp,5.0,10,1,AATCAAGCATATCTTTACAG,9,3286665
relBp,1.0,2,1,AATATTGTGTTCTCATCTAA,1,3266490
relBp,1.0,2,1,AATAGGGGGCTTCCGCTGTA,1,3303383
relBp,1.5,3,1,AATACTGCTCTTTTATCTTT,2,3282373
relBp,1.0,2,1,AATACGCTGGTACTTACACT,1,3280916
relBp,2.0,4,1,AATAAGCGCCCCAGCCTCGT,3,3294704
relBp,1.0,2,1,AAGTTGCCCCTCCTCGCTTT,1,3258158
relBp,1.0,2,1,AAGTTATTCTGGCGAGTTCA,1,3257992
relBp,1.0,2,1,AAGTCCGCTTTTCAAATATA,1,3276849
relBp,1.0,2,1,AAGTCATAGGCCTTGGAAGT,1,3284977
relBp,5.0,10,1,AAGTCATAACTTCACAGGTA,9,3282853
relBp,7.5,15,1,AAGGTCCGCCGGCATGAGAA,14,3307747
relBp,1.5,3,1,AAGGTCAGTCCGAATGCCTG,2,3259319
relBp,3.0,6,1,AAGGGGATTTATGAAGCGCA,5,3268120
relBp,1.0,2,1,AAGGGATAGTGTAGGAGTGA,1,3284885
relBp,2.5,5,1,AAGGCGCCATTGAAGATGTA,4,3285560
relBp,1.0,2,1,AAGGCCGGCGGACCAGACGG,1,3276931
relBp,1.5,3,1,AAGGAATGCTGATGTTATGG,2,3307346
relBp,3.0,6,1,AAGCTGTTTGGTGCGATTCT,5,3285798
relBp,1.5,3,1,AAGCTGCCGGTGTGGGTCAT,2,3307218
relBp,1.0,2,1,AAGCGTTGTTTTATCATGTG,1,3299736
relBp,1.5,3,1,AAGCGAAAATGCGGTTCCAC,2,3265543
relBp,3.0,6,1,AAGCCTCCTAGGAACGCTAA,5,3275092
relBp,1.0,2,1,AAGCAATGAGACTGGGCCAG,1,3279064
relBp,1.5,3,1,AAGAAACTTCACAGTCGGCA,2,3275728
relBp,1.0,2,1,AAGAAAATGATAGGGTACAA,1,3262193
relBp,1.0,2,1,AACTTAGCGTCCCTTGGAGA,1,3292087
relBp,1.0,2,1,AACTGCAATGTGGGGCAGTA,1,3267275
relBp,2.0,4,1,AACTCATATAGTGTTCGAAC,3,3270062
relBp,1.0,2,1,AACTAATACCTCCCTAGCGG,1,3259032
relBp,1.0,2,1,AACGTGACGCAAGACCTTCA,1,3273153
relBp,1.0,2,1,AACGTACATGCGGTCGTCTA,1,3269755
relBp,1.0,2,1,AACGGAACAATACATAAAGC,1,3271898
relBp,3.5,7,1,AACGCTAATTCTATGCGGTC,6,3270771
relBp,2.0,4,1,AACGCGCTCCTACTTATAGG,3,3303987
relBp,1.0,2,1,AACGCACAGACGTCTCAAGG,1,3269678
relBp,1.5,3,1,AACGATAACGTCATCCGGAT,2,3293709
relBp,4.0,8,1,AACCTTTGGAGTAAAGGAAC,7,3260421
relBp,1.0,2,1,AACCTGGCAGTCAGGCTAAC,1,3282894
relBp,9.0,18,1,AACCTCCTTCTTTTCGCAAA,17,3295155
relBp,1.0,2,1,AACCGTGTGTGGTCTACATA,1,3300062
relBp,1.0,2,1,AACCGTCCAATGCGCGGCCG,1,3281391
relBp,1.0,2,1,AACCGTAACGGGGCGTGCAT,1,3277817
relBp,1.0,2,1,AACCATCTCAGCTAGGTGGA,1,3281522
relBp,1.0,2,1,AACCACTAGCTGAGATACGC,1,3307331
relBp,1.0,2,1,AACCAACTTCAAGATGCTTA,1,3282464
relBp,1.0,2,1,AACATTGTCAAGAAGTTACA,1,3261265
relBp,1.0,2,1,AACATATTCCGGCAAGATTA,1,3293938
relBp,1.0,2,1,AACAGTAGTATGCCGTTACA,1,3264832
relBp,1.0,2,1,AACAGAGGCGCATATATCCA,1,3279788
relBp,1.0,2,1,AACACGTAGAGTCCAAACTA,1,3294894
relBp,1.5,3,1,AACAAAACCAAACAGGTAGG,2,3299303
relBp,1.0,2,1,AAATTTAATATCTATCTGCT,1,3307357
relBp,1.0,2,1,AAATTCAGGGGGTATTCGCA,1,3290409
relBp,1.0,2,1,AAATCGTATGGTCCGTCTTA,1,3306956
relBp,1.5,3,1,AAAGTCCGATGTGTAGATCG,2,3302886
relBp,1.0,2,1,AAAGGAGATATGGGAATCGC,1,3308359
relBp,1.5,3,1,AAAGGAAGTCTAAGCCGGTC,2,3258993
relBp,1.0,2,1,AAAGCAAAACTGGTCATTAT,1,3299165
relBp,2.0,4,1,AAACCGATCCTAGCCTGACA,3,3273830
relBp,1.5,3,1,AAACCATCCCCGCGTTCAAA,2,3306736
relBp,1.5,3,1,AAACAGGATTTCTGGTTCGT,2,3257778
relBp,3.0,6,1,AAACAAGATATCAAGCATAT,5,3288941
relBp,2.0,4,1,AAAATGCCCACTTTAGTGAG,3,3272906
relBp,1.5,3,1,AAAATAACGTGCCGTATCTG,2,3307902
relBp,1.0,2,1,AAAAGCCGACTCACGATTTC,1,3271296
relBp,1.0,2,1,AAAACACTGCTGGTTGTCTT,1,3305128
relBp,1.0,2,1,AAAAATAGTAAGTAATCCAT,1,3295228
relBp,0.125,7,7,GAGGTTCCTCTGCGCCAAAA,0,3280626
relBp,0.125,7,7,CTCGTGGTGGGTGATATACT,0,3257264
relBp,0.14285714285714285,6,6,CACTTACGGAGGTCGTGCCA,0,3267045
relBp,0.14285714285714285,6,6,ACAACATGGTGGTTTCAAGG,0,3297034
relBp,0.16666666666666666,5,5,TACCGTATTTGGTCAAACTG,0,3280730
relBp,0.16666666666666666,5,5,GTGGCACCCTGGGACAGTAT,0,3258483
relBp,0.16666666666666666,5,5,GAGTGTAGGCAAAGATTTGT,0,3287318
relBp,0.16666666666666666,5,5,CGTTCGAGGCCATAGACTTA,0,3271364
relBp,0.16666666666666666,5,5,CGTGTAACATCGCCGTACTA,0,3259709
relBp,0.16666666666666666,5,5,CCGGGTTAAGTGCACTAGGC,0,3281856
relBp,0.16666666666666666,5,5,CCCACTGTTAAGCGTCTTGG,0,3269364
relBp,0.16666666666666666,5,5,CAATTGCCAACCTGACGAGG,0,3271943
relBp,0.16666666666666666,5,5,ATTCGAAAGCAGCATAAACT,0,3286343
relBp,0.2,4,4,TTGTGCATAACTAAGAGGCA,0,3300918
relBp,0.2,4,4,TTGCAAGGCTTCACGGGCTC,0,3275877
relBp,0.2,4,4,TTCGACCGCAGAGGATTTGT,0,3287157
relBp,0.2,4,4,TGTCAATGAGCTATGCGCCG,0,3272777
relBp,0.2,4,4,TGCGGACACGCGTGGCAAGT,0,3280343
relBp,0.2,4,4,TGAGGAGCTTGCAATACAGC,0,3278919
relBp,0.2,4,4,TCTGGTGATACAGCTGCCCA,0,3303040
relBp,0.2,4,4,TCAAGTTCCGGAAGCCAACG,0,3276460
relBp,0.2,4,4,TAATATTTAATCCAGGCTGA,0,3286773
relBp,0.2,4,4,GTGATTACACCACACTCGAT,0,3270580
relBp,0.2,4,4,GGGATCTGTTCTACCCCCGC,0,3263447
relBp,0.2,4,4,GGAACACTTCGTGTTCCACG,0,3256466
relBp,0.2,4,4,GCTTGAAGAAGGGATCTAAG,0,3272507
relBp,0.2,4,4,GCATGGTTTGTGAGCAATTT,0,3257075
relBp,0.2,4,4,GCAGTTCGCCATCCATTGCG,0,3278157
relBp,0.2,4,4,GATCGCGATTCGCAGGACAT,0,3270831
relBp,0.2,4,4,CTTGCAGTGTCAGCGTATCA,0,3264616
relBp,0.2,4,4,CGTTCAATCTCCCGAATTAA,0,3284805
relBp,0.2,4,4,CGTGGGTAGAGGTGGGGCAA,0,3290019
relBp,0.2,4,4,CGCTCGGATTGGACTTGTTG,0,3272895
relBp,0.2,4,4,CGCAGGCTTAGCATGTGCAC,0,3266924
relBp,0.2,4,4,CGATTCTTGCACCTATGGAA,0,3279885
relBp,0.2,4,4,CCGATCACTTATAACTTCCA,0,3278779
relBp,0.2,4,4,CCAACGGCTTCAACAAGATT,0,3298371
relBp,0.2,4,4,CAGATGTAGACACATTCAGA,0,3291469
relBp,0.2,4,4,CAGACACGAAAATGACAGTT,0,3275484
relBp,0.2,4,4,CAACCAGCTATCGGTGCCAA,0,3281117
relBp,0.2,4,4,ATGTGTGCCTCTCATTATAA,0,3281386
relBp,0.2,4,4,ATCTCATTAAGCGATACGTG,0,3258360
relBp,0.2,4,4,ATCACGGTCCGTGGTTATAT,0,3296840
relBp,0.2,4,4,AGTGAACAAAGCTAGAAGAA,0,3269256
relBp,0.2,4,4,AGTAGACATACGCGCGCCAA,0,3258797
relBp,0.2,4,4,AGGAGTTACCGCGCCGACAT,0,3259184
relBp,0.2,4,4,ACCGATAACCGGATAGACGG,0,3261781
relBp,0.2,4,4,AATTGGCACAGACAGAGTTA,0,3294102
relBp,0.2,4,4,AATCAAACGGTGAGGAGCTT,0,3274060
relBp,0.2,4,4,AAGGCTTGTAACACTTAGTG,0,3301346
relBp,0.2,4,4,AAGAAAGCGAGGATGCCCCA,0,3260773
relBp,0.2,4,4,AACGCATGTCCACCTATGCT,0,3256475
relBp,0.2,4,4,AACATCGCTATAGGGAGCGA,0,3303916
relBp,0.2,4,4,AAATCTCGCTTGATGATCGA,0,3263816
relBp,0.25,3,3,TTTACCAGGGCTCTCTTGGA,0,3271310
relBp,0.25,3,3,TTGTTTAGTACGAGTTTTGA,0,3290119
relBp,0.25,3,3,TTGGGAGGTTTGGGCACGCC,0,3298679
relBp,0.25,3,3,TTGACAGCTATCTAGCTTCC,0,3298448
relBp,0.25,3,3,TTCATGTAAAATGAAAAGTA,0,3284403
relBp,0.25,3,3,TTAGGTAAGCCACCGACATC,0,3266289
relBp,0.25,3,3,TTACGTGTCCCTTAAACGGA,0,3261493
relBp,0.25,3,3,TGTCAGTGCGTGGCGGCACA,0,3299818
relBp,0.25,3,3,TGGGTCAATGTATCAAAGGC,0,3271302
relBp,0.25,3,3,TGGCTGGCGGGCAGACCCTC,0,3263854
relBp,0.25,3,3,TGCGTTATTGGTTACTTTAA,0,3270015
relBp,0.25,3,3,TGCCCCGGAACGCTTCTCAA,0,3271089
relBp,0.25,3,3,TGATGGCCGGCATTGTGAAA,0,3284172
relBp,0.25,3,3,TGAGCCCATCCGGGGAAACG,0,3279830
relBp,0.25,3,3,TGAGCAGGTCGCCCATAGAG,0,3266408
relBp,0.25,3,3,TCTTGTACAGATTTGCTTAG,0,3298895
relBp,0.25,3,3,TCTAGAGTGGGGACGTGGAC,0,3264617
relBp,0.25,3,3,TCTAACAGTTGAGGCCTACA,0,3301824
relBp,0.25,3,3,TCGTGGCTCTGAGCGTTACC,0,3276804
relBp,0.25,3,3,TCGGGGTGCGCGTAGATATA,0,3301662
relBp,0.25,3,3,TCGCCGAAATATGCGCAACA,0,3280354
relBp,0.25,3,3,TCGAAAGCCAGGGCATAGAT,0,3294586
relBp,0.25,3,3,TCCCGGCAGCGAACACGTCA,0,3294010
relBp,0.25,3,3,TCATGCACAACTCACGCTTA,0,3279100
relBp,0.25,3,3,TCATCGCTTCAGGCGAGCGC,0,3277896
relBp,0.25,3,3,TCAATGGAGATATTGACCAT,0,3269589
relBp,0.25,3,3,TAGGCCTTTGAACATCAAGT,0,3297430
relBp,0.25,3,3,TAAGGGCATCCGATGCGGTC,0,3289958
relBp,0.25,3,3,TAAGCGCTAGTACTTCCGAA,0,3258936
relBp,0.25,3,3,TAACGGCTACTGTGTGACTG,0,3270019
relBp,0.25,3,3,GTTCCGCACAAACCTTGGTT,0,3278781
relBp,0.25,3,3,GTTAATCGCTAGCTGCACCA,0,3267016
relBp,0.25,3,3,GTGCTTAAACCAACGACACA,0,3288901
relBp,0.25,3,3,GTGCTAAAGGTGGGGTTTAA,0,3268061
relBp,0.25,3,3,GTGCACCGGGAGGCGAGAGT,0,3290667
relBp,0.25,3,3,GTGAGTAGTTATCCCACTGA,0,3300728
relBp,0.25,3,3,GTCTTGGTGCGCCCGCGATC,0,3302964
relBp,0.25,3,3,GTCGGCCAAAACACCGCTAC,0,3278290
relBp,0.25,3,3,GTCCGACAGACTTAATGACA,0,3259924
relBp,0.25,3,3,GTATTATCGGGACTAACCGT,0,3293195
relBp,0.25,3,3,GTAGTACCCTAATATGCACT,0,3275614
relBp,0.25,3,3,GTAGCTTGGTATCCAGAACG,0,3274516
relBp,0.25,3,3,GTAATATATACACAGCATCA,0,3297436
relBp,0.25,3,3,GGTGTTATCTTTAGGCCTTA,0,3279347
relBp,0.25,3,3,GGTATGACATTGGAAATTTT,0,3305048
relBp,0.25,3,3,GGGTTCAGCACAAAACTGAA,0,3303168
relBp,0.25,3,3,GGGTGCAGAGGGTCGCACAT,0,3256805
relBp,0.25,3,3,GGCTTAAGATGCGGGCATTT,0,3280290
relBp,0.25,3,3,GGCGCCTCCCACGTGGTAAG,0,3256756
relBp,0.25,3,3,GCTCTGAGTAGCACATCACG,0,3256428
relBp,0.25,3,3,GCGTTGTTTCGCGAGCTGGC,0,3294175
relBp,0.25,3,3,GCGATAGAGTTAGCTATTTT,0,3305043
relBp,0.25,3,3,GCCAAGATCGTTCAGGCATG,0,3286362
relBp,0.25,3,3,GCACGGACAATAGTGATCTA,0,3263200
relBp,0.25,3,3,GCACACTCGGGTAGCAGTGG,0,3256075
relBp,0.25,3,3,GCAAGCGATGAACGGCTAAT,0,3257892
relBp,0.25,3,3,GATGTGGTGACAGCAAGCTT,0,3260220
relBp,0.25,3,3,GAGCCTGATAGTGCATGGAA,0,3260346
relBp,0.25,3,3,GAGAGAGTGTTGAAGCGCTG,0,3274712
relBp,0.25,3,3,GACGGCGCTAGTGCAAAGGG,0,3287491
relBp,0.25,3,3,GACCGAAGAACCCATTTGCG,0,3270937
relBp,0.25,3,3,GACAGGGGGGAACCCTCCCA,0,3305218
relBp,0.25,3,3,GAAACGCTCGCGGGGCAAAT,0,3288588
relBp,0.25,3,3,GAAACGCGTGTCACGTATAT,0,3280264
relBp,0.25,3,3,CTTTTTTCTCTCACACTTGG,0,3264618
relBp,0.25,3,3,CTTTGTATAGTTCGCGAGGG,0,3286928
relBp,0.25,3,3,CTTCGATAGTGCCGGTTCCC,0,3298663
relBp,0.25,3,3,CTTCCAGGGGCGTTGCATGT,0,3284336
relBp,0.25,3,3,CTTAGGATAGGGTTTAACTT,0,3262523
relBp,0.25,3,3,CTGTACTTCGAACGGCGAGT,0,3267300
relBp,0.25,3,3,CTCCCGTACGAGGGTTGGAT,0,3291484
relBp,0.25,3,3,CTCCAGGCAGCGTTTTGCTT,0,3287441
relBp,0.25,3,3,CTATTAGAATGTTGCAAGTT,0,3281935
relBp,0.25,3,3,CTATCTCGGGCGTTATGTGA,0,3280660
relBp,0.25,3,3,CTATAGACAATATGTACAAT,0,3272757
relBp,0.25,3,3,CTACCCCTATTAGTTGAACG,0,3303691
relBp,0.25,3,3,CTACAACTGACCGCTTATGA,0,3267308
relBp,0.25,3,3,CGTCGAGGCACTAGGCGCGG,0,3271583
relBp,0.25,3,3,CGTAGCCCTTAATACGTTTT,0,3277507
relBp,0.25,3,3,CGGTTGTCTGTCACAATCGA,0,3270823
relBp,0.25,3,3,CGGTTCCTGCCCCGTTTAAC,0,3299067
relBp,0.25,3,3,CGCGGATGACATATCGGTGG,0,3269187
relBp,0.25,3,3,CGCACCTCATCAAAAGACTT,0,3258891
relBp,0.25,3,3,CGACTGACACAGGGCCGAGA,0,3281175
relBp,0.25,3,3,CCTGGGGTCGCTTTATAGAT,0,3259505
relBp,0.25,3,3,CCTGGCAAAGGCGACGACGG,0,3298446
relBp,0.25,3,3,CCTATTTGATAGGCATCTTC,0,3266194
relBp,0.25,3,3,CCGTCATTAGTGGATAAAAC,0,3279764
relBp,0.25,3,3,CCGCCTCACGAAACGGCTAA,0,3272327
relBp,0.25,3,3,CCGATAGCGCGGCTTGGTGC,0,3280119
relBp,0.25,3,3,CCGAATGGCCAAATTATGCC,0,3257456
relBp,0.25,3,3,CCCTGAATGCGTTCTCGAGA,0,3256316
relBp,0.25,3,3,CCCTAGTCTGCAAGGCAGCA,0,3271735
relBp,0.25,3,3,CCCAGTTTATCTGTTTTTGC,0,3256383
relBp,0.25,3,3,CCATTCAAATACGAGGGGGT,0,3267557
relBp,0.25,3,3,CCAGGTATGCTATAGAAACT,0,3289576
relBp,0.25,3,3,CCAGAGGCTGGCTGTGTTAT,0,3266380
relBp,0.25,3,3,CCACGAGAGCCCGTATAGTG,0,3273963
relBp,0.25,3,3,CCAAATGTTGTTATGAACTG,0,3261090
relBp,0.25,3,3,CATGCAGTTAATCGTCGGTT,0,3260445
relBp,0.25,3,3,CATCATTACTTCAAAACTCG,0,3280855
relBp,0.25,3,3,CATCACCACACAGAAATCGA,0,3282698
relBp,0.25,3,3,CAGGTTTATACTTGCCCGAG,0,3277334
relBp,0.25,3,3,CAGGTCAATAGAAAGTATCG,0,3276842
relBp,0.25,3,3,CAGGCTGTGCCTGAGCCGGC,0,3275529
relBp,0.25,3,3,CAGCCAAGGCCATGACAGAA,0,3277391
relBp,0.25,3,3,CACGCACGTAGGGCGAAACC,0,3280031
relBp,0.25,3,3,CAATTCGATCGCACGTACTT,0,3261893
relBp,0.25,3,3,CAACTCGCTCATCACAGGTA,0,3300930
relBp,0.25,3,3,ATTTTAGACAAGCTCGTTAT,0,3292078
relBp,0.25,3,3,ATTGGGGTGGGTTCTTGTCA,0,3268680
relBp,0.25,3,3,ATGCAACCAACATTTGGGAA,0,3278293
relBp,0.25,3,3,ATGATCAAGTGGTTTTCTGC,0,3264209
relBp,0.25,3,3,ATGAGTCAAGCTTGCATGGG,0,3299475
relBp,0.25,3,3,ATCGCAACAGGTCTGACGGT,0,3262474
relBp,0.25,3,3,ATCCATTGTCACGGCGGCGC,0,3260352
relBp,0.25,3,3,ATAGATGTCTCTTGTAGCAA,0,3284502
relBp,0.25,3,3,AGTTGTTGACGATGGCAGTA,0,3264486
relBp,0.25,3,3,AGTGTCAGACCTGGAATGAC,0,3291471
relBp,0.25,3,3,AGCTCCTGCTTTGACTTGAT,0,3263234
relBp,0.25,3,3,AGCTCCCGCGCGAAAGAGGA,0,3293136
relBp,0.25,3,3,ACGTGCGGTTAATATAAGCA,0,3292764
relBp,0.25,3,3,ACCTTTAAAAGTTACAGCGT,0,3287608
relBp,0.25,3,3,ACCGTGAAATATGTTGTCCT,0,3269126
relBp,0.25,3,3,AATGAGGGGCTCAACATCCT,0,3261469
relBp,0.25,3,3,AATGAGGCCCGAATCGATCC,0,3279574
relBp,0.25,3,3,AAGTTGTACTCCGGCTCAAT,0,3270578
relBp,0.25,3,3,AAGGTGTAAAAGAACTCGTG,0,3257185
relBp,0.25,3,3,AACGGAGTACCCACACGAAA,0,3260162
relBp,0.25,3,3,AAATTCTTCGCTCAGCGCAG,0,3256107
relBp,0.25,3,3,AAAAAAATATCCCGCAATTA,0,3281374
relBp,0.3333333333333333,2,2,TTTTTTCTACAACTGCTTGC,0,3259188
relBp,0.3333333333333333,2,2,TTTTTCGAGCAGCCTTCAGT,0,3270837
relBp,0.3333333333333333,2,2,TTTTATGACTCCGTAGTAAA,0,3279049
relBp,0.3333333333333333,2,2,TTTTACTCAGGTTCTGCGCA,0,3275006
relBp,0.3333333333333333,2,2,TTTGGGGACAGTACCCGAGA,0,3269174
relBp,0.3333333333333333,2,2,TTTGCCGACGTGGGAGGTAA,0,3258850
relBp,0.3333333333333333,2,2,TTTGCCATGCCTGGGTATTT,0,3293185
relBp,0.3333333333333333,2,2,TTTGAGGTTGGTGTCGGCTA,0,3287347
relBp,0.3333333333333333,2,2,TTTCCATTACGTTTGCTTAC,0,3298075
relBp,0.3333333333333333,2,2,TTTCACACTGGGATCGAGTA,0,3264066
relBp,0.3333333333333333,2,2,TTTATGCCCAAGCCTGTGAA,0,3268867
relBp,0.3333333333333333,2,2,TTTATCAAGATGTACTAAGT,0,3263735
relBp,0.3333333333333333,2,2,TTGTCTAAAGGTAAAATTTG,0,3272461
relBp,0.3333333333333333,2,2,TTGGTCCCACGGTATGGGAT,0,3270501
relBp,0.3333333333333333,2,2,TTGCATTCCTACTTCACATG,0,3276191
relBp,0.3333333333333333,2,2,TTGCAGGACTCAGAGCCGCT,0,3284635
relBp,0.3333333333333333,2,2,TTCTTCATTCTATTGTAAAT,0,3268272
relBp,0.3333333333333333,2,2,TTCTGTGGGCTATCGCCCAA,0,3280083
relBp,0.3333333333333333,2,2,TTCTGGTACGCAGTAATACA,0,3275360
relBp,0.3333333333333333,2,2,TTCTAGGTGAAAGCTAAATC,0,3294582
relBp,0.3333333333333333,2,2,TTCCGGGAATGCAATTCGCT,0,3303922
relBp,0.3333333333333333,2,2,TTCCAACCCCGATGGTCCAA,0,3306931
relBp,0.3333333333333333,2,2,TTCAGTAGTGAAGTCAGCAT,0,3277138
relBp,0.3333333333333333,2,2,TTCAAGTTGGATGAAGCGAA,0,3265661
relBp,0.3333333333333333,2,2,TTATGATCCCGAGGGTCCCT,0,3285611
relBp,0.3333333333333333,2,2,TTATCATGCCAAATAGAAGC,0,3296434
relBp,0.3333333333333333,2,2,TTAGGCGGATGCCACAGCAA,0,3281134
relBp,0.3333333333333333,2,2,TGTTTACCTGACGGTTAGTA,0,3279521
relBp,0.3333333333333333,2,2,TGTTCTATGCCACGAGTGGG,0,3270025
relBp,0.3333333333333333,2,2,TGTTCCCGACGGACACGCAT,0,3266115
relBp,0.3333333333333333,2,2,TGTTATTTCCAATACTTAGT,0,3286873
relBp,0.3333333333333333,2,2,TGTTATATGCTCAGCAATTT,0,3287258
relBp,0.3333333333333333,2,2,TGTTAACACAATAGATCTAA,0,3281855
relBp,0.3333333333333333,2,2,TGTGTGAGTACACGGCAGTT,0,3302309
relBp,0.3333333333333333,2,2,TGTGGGATCTCTGCAGCTTG,0,3297043
relBp,0.3333333333333333,2,2,TGTCATCTAGATATTATCAG,0,3283158
relBp,0.3333333333333333,2,2,TGTCACGGGTATCGTAAATG,0,3260387
relBp,0.3333333333333333,2,2,TGTATCTCGTGGTGGGCTCA,0,3277701
relBp,0.3333333333333333,2,2,TGGTTGCCAGAGGTTCGCTA,0,3284821
relBp,0.3333333333333333,2,2,TGGTCGTTGGATGCGATATA,0,3261930
relBp,0.3333333333333333,2,2,TGGTCAAACATGACACCGCT,0,3279838
relBp,0.3333333333333333,2,2,TGGATAGGTAGATCCGCAAT,0,3264012
relBp,0.3333333333333333,2,2,TGGAGGTTAACAAGGAAGAT,0,3262850
relBp,0.3333333333333333,2,2,TGGAGGCATTTTTCGCAGCC,0,3296714
relBp,0.3333333333333333,2,2,TGCTTGACAAGTTCATTTGA,0,3278876
relBp,0.3333333333333333,2,2,TGCGCGGTCGAATTGGATAG,0,3271254
relBp,0.3333333333333333,2,2,TGCGCCCTATTCAGTCTTGT,0,3276072
relBp,0.3333333333333333,2,2,TGCCTGGGGGAGTTTAATCC,0,3280235
relBp,0.3333333333333333,2,2,TGCATGTAGAATGGATAGTA,0,3276729
relBp,0.3333333333333333,2,2,TGCATCGCTATAGGACTCTG,0,3270142
relBp,0.3333333333333333,2,2,TGATCCGCCGATATGACAAC,0,3289943
relBp,0.3333333333333333,2,2,TGATCAGTGCGCAACGACGT,0,3288489
relBp,0.3333333333333333,2,2,TGAGGTCGTATGACATCTTC,0,3277703
relBp,0.3333333333333333,2,2,TCTTTGCAACGGGGCCAGGT,0,3264426
relBp,0.3333333333333333,2,2,TCTTTAACCACGCTCAGTCA,0,3277127
relBp,0.3333333333333333,2,2,TCTTGAAGCACCGTCAAACC,0,3256841
relBp,0.3333333333333333,2,2,TCTTCGAGTGGAAATCAGCA,0,3260937
relBp,0.3333333333333333,2,2,TCTGTTTAACTAGCGAAATT,0,3301160
relBp,0.3333333333333333,2,2,TCTGTTGGACGTCCTGAAGG,0,3257558
relBp,0.3333333333333333,2,2,TCTGTTCATTACACACCAGG,0,3271024
relBp,0.3333333333333333,2,2,TCTATGGCGTGCACCACGCA,0,3292119
relBp,0.3333333333333333,2,2,TCTAAGTGAGGCTCACATTG,0,3307215
relBp,0.3333333333333333,2,2,TCGTTATCCGTGATCGGTAC,0,3294640
relBp,0.3333333333333333,2,2,TCGTGTCCCGCACCGCTCCG,0,3259532
relBp,0.3333333333333333,2,2,TCGTGAGAATGGAGGTATTA,0,3276431
relBp,0.3333333333333333,2,2,TCGTCAATCGGTGCCGCTAG,0,3302109
relBp,0.3333333333333333,2,2,TCGTAGGGTAAGAGCGCAAG,0,3287132
relBp,0.3333333333333333,2,2,TCGTAATGGCCTCTTTATCC,0,3298972
relBp,0.3333333333333333,2,2,TCGGTCTATTATCCGTCATC,0,3290305
relBp,0.3333333333333333,2,2,TCGCTGGCGTTGTGCCAAAA,0,3301177
relBp,0.3333333333333333,2,2,TCGCTATGTCCCACCCAAGA,0,3293138
relBp,0.3333333333333333,2,2,TCGCGAGCGCGTGGACGAGG,0,3271946
relBp,0.3333333333333333,2,2,TCGCACGGTTTGTCCATAGA,0,3284329
relBp,0.3333333333333333,2,2,TCCGGGGCCTGGAACAGCTA,0,3307719
relBp,0.3333333333333333,2,2,TCCGAAAAATAGGCCCCTGA,0,3258462
relBp,0.3333333333333333,2,2,TCCAGGCCGCGGGTGTCATA,0,3290052
relBp,0.3333333333333333,2,2,TCATGTTAGCTACCGAGCCT,0,3297340
relBp,0.3333333333333333,2,2,TCATGCGAGCGTGGGGTGTG,0,3264465
relBp,0.3333333333333333,2,2,TCATATTTCCTATGGACCAA,0,3284505
relBp,0.3333333333333333,2,2,TCAGTTCTGGAAAAATGAAG,0,3288626
relBp,0.3333333333333333,2,2,TCAGGTTTCGGCCGTGGGCT,0,3301750
relBp,0.3333333333333333,2,2,TCAGGGTCGCCGTGGGTTAT,0,3296100
relBp,0.3333333333333333,2,2,TCAATGGGGGGGCCAGACCA,0,3267591
relBp,0.3333333333333333,2,2,TCAAGTTTTCATGTATTTTA,0,3285613
relBp,0.3333333333333333,2,2,TCAAGTCTCCTTGTGCGTGA,0,3304490
relBp,0.3333333333333333,2,2,TCAACTTATCACACCAAAGA,0,3278613
relBp,0.3333333333333333,2,2,TCAACCCCTACTGTGGAACC,0,3256596
relBp,0.3333333333333333,2,2,TCAAATGCCAAGAAAGCCTA,0,3280485
relBp,0.3333333333333333,2,2,TATTTGCTAGCTATAAACTT,0,3296071
relBp,0.3333333333333333,2,2,TATGTGCCACGTACGGTAAT,0,3279144
relBp,0.3333333333333333,2,2,TATCTGTACTATCCTTTTAT,0,3266081
relBp,0.3333333333333333,2,2,TATCTCGCTATAAGTAGTCC,0,3256129
relBp,0.3333333333333333,2,2,TATCGATGTTCCCTTGATGC,0,3280912
relBp,0.3333333333333333,2,2,TATCGACGTGGCTTATTTCT,0,3291252
relBp,0.3333333333333333,2,2,TAGGTTCCACACGGCAGGAT,0,3265761
relBp,0.3333333333333333,2,2,TAGGTATTGTGCGGTCTAAC,0,3277233
relBp,0.3333333333333333,2,2,TAGGGTGTGCGCGACCGGTC,0,3276236
relBp,0.3333333333333333,2,2,TAGGCAGCTCCCGATCAACA,0,3258203
relBp,0.3333333333333333,2,2,TAGCGAGGGAAAACTAGCGG,0,3261923
relBp,0.3333333333333333,2,2,TAGCATTCAGTGCTGGGTTG,0,3301684
relBp,0.3333333333333333,2,2,TAGCATCGCGACATCATCAA,0,3271775
relBp,0.3333333333333333,2,2,TAGCACAGCGTCTACCGTTC,0,3276462
relBp,0.3333333333333333,2,2,TACTTGGTGGATATTCAGCT,0,3279774
relBp,0.3333333333333333,2,2,TACTGCTGAAGGATCATTCG,0,3287350
relBp,0.3333333333333333,2,2,TACGTGCTGGAGGGACTGAT,0,3298762
relBp,0.3333333333333333,2,2,TACGCTGCACGAATTGTCTA,0,3269840
relBp,0.3333333333333333,2,2,TACATCCTGTGAGGAAGCCT,0,3263397
relBp,0.3333333333333333,2,2,TAATGCACAGTAAACAGCGA,0,3270687
relBp,0.3333333333333333,2,2,TAAGGTACCCCTCGCACGCC,0,3269300
relBp,0.3333333333333333,2,2,TAACTCTGATCATTAACCTA,0,3300080
relBp,0.3333333333333333,2,2,TAAATTCAAGAACAACTCAA,0,3274189
relBp,0.3333333333333333,2,2,GTTTTGTTATGTGTATTATC,0,3295326
relBp,0.3333333333333333,2,2,GTTTGGGGTGTGGAGACCAG,0,3283859
relBp,0.3333333333333333,2,2,GTTTATCGATAGGGTGAGGT,0,3267831
relBp,0.3333333333333333,2,2,GTTGGGTTGAGACAGTGTTC,0,3283351
relBp,0.3333333333333333,2,2,GTTGATTTATCACCACATTA,0,3299549
relBp,0.3333333333333333,2,2,GTTCATGTCGCGCGGTGGCG,0,3276277
relBp,0.3333333333333333,2,2,GTTAGGCCCTCAAATCGGGT,0,3260092
relBp,0.3333333333333333,2,2,GTTAGAAGTACGTAAGCGGA,0,3262604
relBp,0.3333333333333333,2,2,GTTACGATGCAGACGTTCAT,0,3305717
relBp,0.3333333333333333,2,2,GTGTGGGCAGTAAACCCGAC,0,3270524
relBp,0.3333333333333333,2,2,GTGTCGGACTTCGGGTGATG,0,3289482
relBp,0.3333333333333333,2,2,GTGTCGCCATTAATACAATT,0,3294431
relBp,0.3333333333333333,2,2,GTGGAGCGACTGCCTCTCCC,0,3259739
relBp,0.3333333333333333,2,2,GTGCCAGAAATCACCCAAGC,0,3291601
relBp,0.3333333333333333,2,2,GTGCATATCCGGCTTCTTCC,0,3304762
relBp,0.3333333333333333,2,2,GTGACCCCTCCAAAACTGGA,0,3266450
relBp,0.3333333333333333,2,2,GTCTTAACCGTGGAGTTCGC,0,3300862
relBp,0.3333333333333333,2,2,GTCTGGGCACATTGACGGGT,0,3268479
relBp,0.3333333333333333,2,2,GTCTCGTCGCGGATGCTTAG,0,3275724
relBp,0.3333333333333333,2,2,GTCTCCCCCCGCGAATCGGT,0,3270900
relBp,0.3333333333333333,2,2,GTCGGCTTGCTATAACTAGA,0,3268684
relBp,0.3333333333333333,2,2,GTCGCTCCATTCTGATCGCA,0,3266288
relBp,0.3333333333333333,2,2,GTCCTTGGGGATGAACGGCC,0,3274874
relBp,0.3333333333333333,2,2,GTCCGGATGAGGATGAAGCT,0,3296430
relBp,0.3333333333333333,2,2,GTCAGGTTGACTGCTGTTGT,0,3301524
relBp,0.3333333333333333,2,2,GTCAGGGATGAATAGTGGTT,0,3284397
relBp,0.3333333333333333,2,2,GTAGTCGCCCGCGAAAAAAG,0,3300169
relBp,0.3333333333333333,2,2,GTAGGTTCAGCGTTCTACAC,0,3258310
relBp,0.3333333333333333,2,2,GTAGCGCGGGCTAATGCAAT,0,3279137
relBp,0.3333333333333333,2,2,GTAGCGCCTACACGGGTTGT,0,3265174
relBp,0.3333333333333333,2,2,GTACGGAGTTAATTGGGGTA,0,3270271
relBp,0.3333333333333333,2,2,GTACCCCATACCAACACTTG,0,3292940
relBp,0.3333333333333333,2,2,GTAACGATTACATTTTTCTG,0,3301083
relBp,0.3333333333333333,2,2,GTAAAAAAGATGTACACGTA,0,3303239
relBp,0.3333333333333333,2,2,GGTTGAGGTAAGACTATGAT,0,3294181
relBp,0.3333333333333333,2,2,GGTGGCTATCGCCTGATCGA,0,3293957
relBp,0.3333333333333333,2,2,GGTCGGCGACACAGCATGAA,0,3257602
relBp,0.3333333333333333,2,2,GGTCAAGAGTGACATATGGA,0,3265575
relBp,0.3333333333333333,2,2,GGTAATAAGGTGTTAATTAA,0,3266117
relBp,0.3333333333333333,2,2,GGGTTGGGCGAAGGACGGTA,0,3257426
relBp,0.3333333333333333,2,2,GGGTCCTTGTTGTCTGGAAC,0,3296793
relBp,0.3333333333333333,2,2,GGGGCGGCTGGGGTGAGCAA,0,3265039
relBp,0.3333333333333333,2,2,GGGGAAGGACGGAACATGTC,0,3294394
relBp,0.3333333333333333,2,2,GGGCTTGACTGCTCATAGCT,0,3291362
relBp,0.3333333333333333,2,2,GGGCGCGACGAATCCATAAG,0,3288842
relBp,0.3333333333333333,2,2,GGGCAGTCTGGCAAAGGTTG,0,3267753
relBp,0.3333333333333333,2,2,GGGCAAAGTGACGTGTTAGA,0,3274092
relBp,0.3333333333333333,2,2,GGGATTCGCGAGGATCCCAT,0,3286633
relBp,0.3333333333333333,2,2,GGGATTACTCGTCCAGGTTT,0,3258315
relBp,0.3333333333333333,2,2,GGGAGGTCGACCTGGTTCCG,0,3269683
relBp,0.3333333333333333,2,2,GGGAATGGGTGCTCGGATAT,0,3302342
relBp,0.3333333333333333,2,2,GGGAATCGATGGTTAGCCCG,0,3256300
relBp,0.3333333333333333,2,2,GGCTGGCGGAGCCTATCGAC,0,3299401
relBp,0.3333333333333333,2,2,GGCTAAGTAACCCAATTGCA,0,3269514
relBp,0.3333333333333333,2,2,GGCGCGTGTAATAGTTTAGA,0,3307059
relBp,0.3333333333333333,2,2,GGCGCGGTTCCTCAGAGGCG,0,3272538
relBp,0.3333333333333333,2,2,GGCCATGAGGGTAATCGCAT,0,3305766
relBp,0.3333333333333333,2,2,GGCAGTCAGGGAAGCGCCGA,0,3277650
relBp,0.3333333333333333,2,2,GGCACGGATCGAGGAGCGCC,0,3285877
relBp,0.3333333333333333,2,2,GGCACATTATCACGTCTAGG,0,3256458
relBp,0.3333333333333333,2,2,GGCAAAGCTTTTATAAAAAT,0,3262642
relBp,0.3333333333333333,2,2,GGATTTATAATCACCAGCGG,0,3302277
relBp,0.3333333333333333,2,2,GGATTGATGGGGATAGTTAA,0,3258459
relBp,0.3333333333333333,2,2,GGATCATTCCGGTCTAAATA,0,3262883
relBp,0.3333333333333333,2,2,GGATAGTATGGGGGGTATTT,0,3296072
relBp,0.3333333333333333,2,2,GGAGTACGTGTGCGGTTTAG,0,3257291
relBp,0.3333333333333333,2,2,GGAGCTTCGCTTCACATCTA,0,3300763
relBp,0.3333333333333333,2,2,GGAGAGTTTCGGCCGCCTAA,0,3303776
relBp,0.3333333333333333,2,2,GGAGACGCCACAATTGTATT,0,3259873
relBp,0.3333333333333333,2,2,GGACCGCTGCGAGGGGTGCA,0,3272261
relBp,0.3333333333333333,2,2,GGACAACGAACCAAGTTATT,0,3299757
relBp,0.3333333333333333,2,2,GGAATCAACGGAAACACCGT,0,3307356
relBp,0.3333333333333333,2,2,GGAACCTTATGGTTTGGACT,0,3279197
relBp,0.3333333333333333,2,2,GCTGTAGAGTTTCCTATTTA,0,3284631
relBp,0.3333333333333333,2,2,GCTGGAAAGCTTCGATACAA,0,3280689
relBp,0.3333333333333333,2,2,GCTCGCCTCTGCGAGATCCC,0,3289186
relBp,0.3333333333333333,2,2,GCTATCGATCGTGCAGAAAG,0,3291386
relBp,0.3333333333333333,2,2,GCTAATGTTCCCTCCAGTCA,0,3286405
relBp,0.3333333333333333,2,2,GCGTGAGGGTTAAGGAAATA,0,3291907
relBp,0.3333333333333333,2,2,GCGTCTTCTCCTTCTGGACT,0,3287355
relBp,0.3333333333333333,2,2,GCGTCTAGGTTACCTGTGGT,0,3304268
relBp,0.3333333333333333,2,2,GCGTACTCCCCTTGCTCAGA,0,3269720
relBp,0.3333333333333333,2,2,GCGTACGGAAAACGATAATA,0,3279963
relBp,0.3333333333333333,2,2,GCGGGCGCGGCCAGTTATTT,0,3307792
relBp,0.3333333333333333,2,2,GCGGCGGGGACCGTCTCTTA,0,3281766
relBp,0.3333333333333333,2,2,GCGGACTGGTAAGTATCTAA,0,3292380
relBp,0.3333333333333333,2,2,GCGGAAATCGCCAGCCACAC,0,3288409
relBp,0.3333333333333333,2,2,GCGCTCGGTCAGCGACCTGA,0,3265016
relBp,0.3333333333333333,2,2,GCGCACTCACACGCGTCACA,0,3299824
relBp,0.3333333333333333,2,2,GCCTTAAAGCACTAGCGTCG,0,3272467
relBp,0.3333333333333333,2,2,GCCCGGGCTGCCTCAATCTT,0,3269827
relBp,0.3333333333333333,2,2,GCCCGCCTAATTCGTACTTC,0,3289445
relBp,0.3333333333333333,2,2,GCCCAAGAATGGTAGCCATG,0,3292568
relBp,0.3333333333333333,2,2,GCCAGTATAGTCCCAACCTG,0,3276862
relBp,0.3333333333333333,2,2,GCCAGAGTTAAGTCGTCACA,0,3285629
relBp,0.3333333333333333,2,2,GCCACACGCCGTGGGATAAC,0,3281887
relBp,0.3333333333333333,2,2,GCATTGCGCAGACCGACCTA,0,3276767
relBp,0.3333333333333333,2,2,GCATGGTGTCTCGAGTAAAC,0,3281660
relBp,0.3333333333333333,2,2,GCAGGTGCGGGGGCGGTTAG,0,3288742
relBp,0.3333333333333333,2,2,GCAGCCCGCTTTGCCGGTTC,0,3275845
relBp,0.3333333333333333,2,2,GCACTCCGTGCTACGCTGTT,0,3292681
relBp,0.3333333333333333,2,2,GCAAGGCGCTAAATTAAATC,0,3272406
relBp,0.3333333333333333,2,2,GATTTGAGCGTTTTTGTCGG,0,3307669
relBp,0.3333333333333333,2,2,GATTTGAGACGAAATTCAAT,0,3263527
relBp,0.3333333333333333,2,2,GATTATCGCATCGATTGTCT,0,3260180
relBp,0.3333333333333333,2,2,GATTAATTTGTTTCTAGCAG,0,3262337
relBp,0.3333333333333333,2,2,GATCTAATCCAGATTGGGGA,0,3304524
relBp,0.3333333333333333,2,2,GATCATGGACGGAAGTGGAG,0,3259968
relBp,0.3333333333333333,2,2,GAGTGCATGGGCTGAAGTGG,0,3261750
relBp,0.3333333333333333,2,2,GAGTCGATTCTAATCGGAAG,0,3293702
relBp,0.3333333333333333,2,2,GAGGGGTACCCTCCATAGAA,0,3269786
relBp,0.3333333333333333,2,2,GAGGATTCACAAGGTCGGAC,0,3272232
relBp,0.3333333333333333,2,2,GAGCGGGAAATTCTTCAAAG,0,3256628
relBp,0.3333333333333333,2,2,GAGCAGTACTCATCAGGCAG,0,3272235
relBp,0.3333333333333333,2,2,GAGAGGTATGCCCGTAGCCT,0,3296947
relBp,0.3333333333333333,2,2,GAGAACTAGTGTCTTTCCGT,0,3303995
relBp,0.3333333333333333,2,2,GACTGTTCATGCATCACGTT,0,3257541
relBp,0.3333333333333333,2,2,GACTGGGGTTTAAGAATAAG,0,3286342
relBp,0.3333333333333333,2,2,GACGCCGTCCTGGAGCCGCA,0,3293535
relBp,0.3333333333333333,2,2,GACGCCCATAGTCACTAGCA,0,3257421
relBp,0.3333333333333333,2,2,GACGCAAGGGTAAAGGGTTC,0,3287572
relBp,0.3333333333333333,2,2,GACCCGGCGCAGAGAGGATA,0,3281112
relBp,0.3333333333333333,2,2,GACCAATTTATTGTATCCGT,0,3280642
relBp,0.3333333333333333,2,2,GACACTTAACCTTGCAAATA,0,3293408
relBp,0.3333333333333333,2,2,GAATGCATATAATTTTTGCG,0,3263187
relBp,0.3333333333333333,2,2,GAATCATACAGGGTTTTCGT,0,3293547
relBp,0.3333333333333333,2,2,GAATATACGTCATAAGGGGT,0,3257718
relBp,0.3333333333333333,2,2,GAAGGAGGTGCTGGATGGAC,0,3306500
relBp,0.3333333333333333,2,2,GAAGCACCTGTTCCAAGGTT,0,3290300
relBp,0.3333333333333333,2,2,GAACGAAAGCGTCAGTGTTA,0,3298944
relBp,0.3333333333333333,2,2,GAAATGGCCGCTATACGGGA,0,3284996
relBp,0.3333333333333333,2,2,GAAATCCTATGAGTTTGCGA,0,3276741
relBp,0.3333333333333333,2,2,GAAAGGGAACAATAGCCAAA,0,3286735
relBp,0.3333333333333333,2,2,GAAACTTGCGTTCTGCCGCA,0,3276915
relBp,0.3333333333333333,2,2,CTTTGGAGGTCACGGTTAGA,0,3266995
relBp,0.3333333333333333,2,2,CTTTCTTCGACCCTTCACTA,0,3272073
relBp,0.3333333333333333,2,2,CTTTCACGCATTCCATGGGT,0,3276631
relBp,0.3333333333333333,2,2,CTTTAGATGGTGGTTATATA,0,3290042
relBp,0.3333333333333333,2,2,CTTGTTCCATACCTGGTTTA,0,3298981
relBp,0.3333333333333333,2,2,CTTCGGTTCGGTTCCGCCAA,0,3295180
relBp,0.3333333333333333,2,2,CTTCACGGTTGGATGAACCA,0,3297345
relBp,0.3333333333333333,2,2,CTTAGCCTCACTCGGATTAT,0,3258227
relBp,0.3333333333333333,2,2,CTTAATAGAAGCATTGGATT,0,3286691
relBp,0.3333333333333333,2,2,CTGTCGTTCTGTTTCGAAAG,0,3278218
relBp,0.3333333333333333,2,2,CTGTCACCCTGGGAGATCCC,0,3256418
relBp,0.3333333333333333,2,2,CTGGCGTGGATTAAAGAGGA,0,3285404
relBp,0.3333333333333333,2,2,CTGGAGCTTGGCATGCCAAT,0,3274551
relBp,0.3333333333333333,2,2,CTGGACAGATATTGGACAGT,0,3305380
relBp,0.3333333333333333,2,2,CTGCGATTTTTTACGGCATG,0,3262029
relBp,0.3333333333333333,2,2,CTGCAATTGAGAAATAGGCT,0,3263344
relBp,0.3333333333333333,2,2,CTGACTTAGAGAATTCTGCC,0,3291543
relBp,0.3333333333333333,2,2,CTGACCGGCCATTGGTGTCA,0,3281752
relBp,0.3333333333333333,2,2,CTGACATCCAGCCTTGAGGA,0,3262869
relBp,0.3333333333333333,2,2,CTGACAAGTTGCGGCTCGGG,0,3294530
relBp,0.3333333333333333,2,2,CTCTCCAAGTAAGGGGGCGT,0,3286111
relBp,0.3333333333333333,2,2,CTCTCACTGGGCGCCACATA,0,3256101
relBp,0.3333333333333333,2,2,CTCGTTATGTAGTAGTTATA,0,3291195
relBp,0.3333333333333333,2,2,CTCGTAAGGAAGTTGATCAC,0,3293473
relBp,0.3333333333333333,2,2,CTCGCGAGGAAATCAGGATA,0,3260567
relBp,0.3333333333333333,2,2,CTCAAGCACGCGATGCCGCA,0,3256618
relBp,0.3333333333333333,2,2,CTATTCGGTGGGGTCCAAAG,0,3276284
relBp,0.3333333333333333,2,2,CTATGTTTACTCCGTTTGAT,0,3296102
relBp,0.3333333333333333,2,2,CTATCGTGAGATGGGTGGGT,0,3282703
relBp,0.3333333333333333,2,2,CTAGTTTCATCATTACTAAG,0,3267334
relBp,0.3333333333333333,2,2,CTAGCATTAAATTTCACGGG,0,3276342
relBp,0.3333333333333333,2,2,CTACTTGTACTTATCAGCGA,0,3287607
relBp,0.3333333333333333,2,2,CTACTGTAAAGATTCAACCA,0,3279979
relBp,0.3333333333333333,2,2,CTACGTCAACCATGTCGATC,0,3301290
relBp,0.3333333333333333,2,2,CTACGTATCCGGACTCTGTT,0,3294504
relBp,0.3333333333333333,2,2,CTACGGCGAGTCGCTGAATA,0,3299392
relBp,0.3333333333333333,2,2,CTAATGCATCGACAATCAAG,0,3286986
relBp,0.3333333333333333,2,2,CTAAAGTGAACTCGTCTGGA,0,3264058
relBp,0.3333333333333333,2,2,CGTTTAGGCACCCATTGGCC,0,3289115
relBp,0.3333333333333333,2,2,CGTTAGGCAGTAGCACGCGA,0,3280525
relBp,0.3333333333333333,2,2,CGTGAGTACGTCGGGGACAG,0,3298475
relBp,0.3333333333333333,2,2,CGTGAGGGATCGCTATACCT,0,3271327
relBp,0.3333333333333333,2,2,CGTCTTAATCGATCTTGCTA,0,3270284
relBp,0.3333333333333333,2,2,CGTCGCCTCCGGTCCTACCT,0,3298449
relBp,0.3333333333333333,2,2,CGTATTGAGATGGCGGCGGT,0,3265707
relBp,0.3333333333333333,2,2,CGTATGTAACGAATACGAGA,0,3290708
relBp,0.3333333333333333,2,2,CGTAATTAAATGCGAGGAAC,0,3281494
relBp,0.3333333333333333,2,2,CGGTTGTACGCCCTGGTCAG,0,3301421
relBp,0.3333333333333333,2,2,CGGTAGGGCGTATCGGGTTA,0,3286679
relBp,0.3333333333333333,2,2,CGGTAACATTGGACTTTAGA,0,3297235
relBp,0.3333333333333333,2,2,CGGGTCTTGGGCGATGGATG,0,3283064
relBp,0.3333333333333333,2,2,CGGGCTTTCCTTGCCTCGCC,0,3271852
relBp,0.3333333333333333,2,2,CGGCGTAAATTCTGCACTAA,0,3299789
relBp,0.3333333333333333,2,2,CGGCAGATCATCAACTGGGA,0,3267503
relBp,0.3333333333333333,2,2,CGCTTAAGCATTATCAGCAC,0,3298677
relBp,0.3333333333333333,2,2,CGCTAACTCAGAATCAAGTT,0,3277414
relBp,0.3333333333333333,2,2,CGCGTCTGCTATGCCCGGAC,0,3265853
relBp,0.3333333333333333,2,2,CGCGTAAGTGACTTACAGGT,0,3288390
relBp,0.3333333333333333,2,2,CGCCCGGGCACCCGGCTGTG,0,3286596
relBp,0.3333333333333333,2,2,CGCCCCGGGGTCGTATCAGG,0,3260245
relBp,0.3333333333333333,2,2,CGCCACACAGGAGATCGATA,0,3273097
relBp,0.3333333333333333,2,2,CGCAGATCTCCGTCGTCATA,0,3294906
relBp,0.3333333333333333,2,2,CGATCTCAATCGGAAGGGTC,0,3269768
relBp,0.3333333333333333,2,2,CGATACCCTTCAGTGACGGC,0,3259902
relBp,0.3333333333333333,2,2,CGAGTACAGTTAGACTAATG,0,3282102
relBp,0.3333333333333333,2,2,CGAGGTATTAAGGGGTTTAA,0,3303733
relBp,0.3333333333333333,2,2,CGAATATTATTACCACCCTG,0,3285335
relBp,0.3333333333333333,2,2,CGAAACGTGGTTATTCCCGA,0,3263289
relBp,0.3333333333333333,2,2,CGAAACATCCTATCGTTCTC,0,3276073
relBp,0.3333333333333333,2,2,CGAAAAACCGACTTAATATC,0,3274738
relBp,0.3333333333333333,2,2,CCTTTGGTTTTAGATTACGA,0,3305785
relBp,0.3333333333333333,2,2,CCTTTGCGTTCAGAATCGTG,0,3277525
relBp,0.3333333333333333,2,2,CCTTCGCAAATTAGAATCGG,0,3293027
relBp,0.3333333333333333,2,2,CCTGAACCCTCACCGAAGCG,0,3267842
relBp,0.3333333333333333,2,2,CCTATTACTAACTGCGGAAG,0,3301526
relBp,0.3333333333333333,2,2,CCTAATCGAGACATCTATCC,0,3266367
relBp,0.3333333333333333,2,2,CCGGGCCAATGCTTGTACAC,0,3273526
relBp,0.3333333333333333,2,2,CCGGCCTATCGCCGGGATGG,0,3284771
relBp,0.3333333333333333,2,2,CCGGAGGCAGAAGGCTCGAT,0,3276434
relBp,0.3333333333333333,2,2,CCGCCGCTGGTTCAAGTAAT,0,3297738
relBp,0.3333333333333333,2,2,CCGCACAGGGGCATAGTGTT,0,3276984
relBp,0.3333333333333333,2,2,CCGAAGCGTGGAATCGGAGC,0,3273769
relBp,0.3333333333333333,2,2,CCGAAATTCTGCCGCCATAG,0,3261783
relBp,0.3333333333333333,2,2,CCCTAGGGGGTAAAGGATCT,0,3290185
relBp,0.3333333333333333,2,2,CCCGACAGTGAAGAGTGACT,0,3288337
relBp,0.3333333333333333,2,2,CCCCGCTCTTTTGACTTGCT,0,3271417
relBp,0.3333333333333333,2,2,CCCCCCGAAGAGGATTATGT,0,3302464
relBp,0.3333333333333333,2,2,CCATTAAGTTCATACTGGTA,0,3256537
relBp,0.3333333333333333,2,2,CCATGGATAGCCGTCTAACG,0,3304527
relBp,0.3333333333333333,2,2,CCATGAGCAGTCATTCCACG,0,3305096
relBp,0.3333333333333333,2,2,CCATCTTCATCCGGACGTTT,0,3272211
relBp,0.3333333333333333,2,2,CCAGGTCGCGATTTACATTT,0,3268167
relBp,0.3333333333333333,2,2,CCAGGGACGTACATCTGGTT,0,3288558
relBp,0.3333333333333333,2,2,CCAGGCGAGCCACGGTATAT,0,3297426
relBp,0.3333333333333333,2,2,CCAGCCTTATGCGAACGCTC,0,3268480
relBp,0.3333333333333333,2,2,CCACTCTTACTAAAAATAAC,0,3262941
relBp,0.3333333333333333,2,2,CCAACCCAAACCGACTTTTC,0,3281352
relBp,0.3333333333333333,2,2,CATTTTCTTACGGTAATTTC,0,3291820
relBp,0.3333333333333333,2,2,CATTAGTTCAGCCGCTATCA,0,3265470
relBp,0.3333333333333333,2,2,CATGATCGGACACTACAGAT,0,3267381
relBp,0.3333333333333333,2,2,CATCCACCGGCCCGTGTGAA,0,3283908
relBp,0.3333333333333333,2,2,CATCAATATCTTGCAGATCT,0,3276527
relBp,0.3333333333333333,2,2,CATAGTTTTATCCACCTTCC,0,3276848
relBp,0.3333333333333333,2,2,CATAGAGAGGTGTATACAAA,0,3281714
relBp,0.3333333333333333,2,2,CAGTTCTGCGAAAACTTTAA,0,3283305
relBp,0.3333333333333333,2,2,CAGTTCAGTCCGGTCAAGGA,0,3262942
relBp,0.3333333333333333,2,2,CAGTGAATATATGCAAACTC,0,3297725
relBp,0.3333333333333333,2,2,CAGTCGTTCTCTAACATACA,0,3273095
relBp,0.3333333333333333,2,2,CAGGCCTGGTAACCGATCAA,0,3259842
relBp,0.3333333333333333,2,2,CAGCGTTACCGGACTACTCA,0,3286418
relBp,0.3333333333333333,2,2,CAGCCTGTGTATGCGACCAC,0,3287173
relBp,0.3333333333333333,2,2,CAGCCGGACATTACACGTAA,0,3304342
relBp,0.3333333333333333,2,2,CAGCCCTCCTCGTAATCCCC,0,3277737
relBp,0.3333333333333333,2,2,CACTCCTTCCCAAGAAAGAC,0,3273182
relBp,0.3333333333333333,2,2,CACGGCTGTGGTATGATTGT,0,3256449
relBp,0.3333333333333333,2,2,CACGGCTCCTGCTTTGGCAT,0,3284431
relBp,0.3333333333333333,2,2,CACGAACACACTACATATTG,0,3288087
relBp,0.3333333333333333,2,2,CACAACAGCAGTGCACCGTT,0,3277512
relBp,0.3333333333333333,2,2,CAATTGCTTATCCCGTAAGA,0,3295685
relBp,0.3333333333333333,2,2,CAATACCAACGAGCTGCGGT,0,3269623
relBp,0.3333333333333333,2,2,CAAGTAGCCTTGGATCAGGG,0,3283258
relBp,0.3333333333333333,2,2,CAACGTCGTCAAGGGGACGG,0,3271814
relBp,0.3333333333333333,2,2,CAACCGTAACCCCTGAACTG,0,3262542
relBp,0.3333333333333333,2,2,CAAACTTCGCGGTTTACTTG,0,3305451
relBp,0.3333333333333333,2,2,CAAAAAAGGTGAAGTCACCG,0,3300049
relBp,0.3333333333333333,2,2,ATTTTAGGCCTTCTAATTTC,0,3280745
relBp,0.3333333333333333,2,2,ATTTGGCCAACGTTTTAAGA,0,3283277
relBp,0.3333333333333333,2,2,ATTGGTCGCCACTCTGCCGG,0,3302606
relBp,0.3333333333333333,2,2,ATTCCAGAGTAAATCGGGTT,0,3299468
relBp,0.3333333333333333,2,2,ATTCCAGACGCGGGAGAAAC,0,3290149
relBp,0.3333333333333333,2,2,ATTATTAGTACCTAGCTGGA,0,3273358
relBp,0.3333333333333333,2,2,ATTATGTATTCGTGAGTGAC,0,3275667
relBp,0.3333333333333333,2,2,ATTATGGTGTCTAACTATCT,0,3305762
relBp,0.3333333333333333,2,2,ATTAGCGAGCAGATTAAACT,0,3293663
relBp,0.3333333333333333,2,2,ATTAACGCCATGAAACCCGA,0,3306418
relBp,0.3333333333333333,2,2,ATTAAAGCAACTAGCTAAGC,0,3276774
relBp,0.3333333333333333,2,2,ATGTTGGTTGAATCGTAAGA,0,3288071
relBp,0.3333333333333333,2,2,ATGTCCACGTTTTGGAAGAT,0,3276556
relBp,0.3333333333333333,2,2,ATGTCATGCTGCAATTGATC,0,3293956
relBp,0.3333333333333333,2,2,ATGTAAGGCTCCGTGCGTCA,0,3300756
relBp,0.3333333333333333,2,2,ATGGCAGCTTGAGAGGACTA,0,3278605
relBp,0.3333333333333333,2,2,ATGCTTTCAGGCGTGTTGCT,0,3276592
relBp,0.3333333333333333,2,2,ATGCATGTACTCACGAGTAT,0,3259243
relBp,0.3333333333333333,2,2,ATGCAGGACGGGCGCAGAGA,0,3299796
relBp,0.3333333333333333,2,2,ATGAATGAGCGCCCTTGTAT,0,3307830
relBp,0.3333333333333333,2,2,ATCTGCGTATAGGCCCTACG,0,3270020
relBp,0.3333333333333333,2,2,ATCTGAATTTGATGACTGTT,0,3261375
relBp,0.3333333333333333,2,2,ATCTAACGACAAGCATAAGG,0,3274899
relBp,0.3333333333333333,2,2,ATCCTCGGATAATTTAAATG,0,3262287
relBp,0.3333333333333333,2,2,ATCCGTGGTAGGCAGCAAAC,0,3285413
relBp,0.3333333333333333,2,2,ATCAGCCAACAGTATGAAGT,0,3298438
relBp,0.3333333333333333,2,2,ATCACCTGCGCATGGGACCT,0,3277288
relBp,0.3333333333333333,2,2,ATCAACAGTAATCCGAAGTT,0,3271693
relBp,0.3333333333333333,2,2,ATATGACTAGGTCTGAGTTG,0,3272447
relBp,0.3333333333333333,2,2,ATAGTCCGGCCGTGTCGGGG,0,3264576
relBp,0.3333333333333333,2,2,ATAGGTTGAGCCCCGCCAAA,0,3274722
relBp,0.3333333333333333,2,2,ATAGCTTTGAAAGGCACTAT,0,3281006
relBp,0.3333333333333333,2,2,ATAGAACTGTATCTTAGGAC,0,3270018
relBp,0.3333333333333333,2,2,ATACCCCACAATGCAAGAAA,0,3256881
relBp,0.3333333333333333,2,2,ATAATCTGAGTACCCCAGGC,0,3259655
relBp,0.3333333333333333,2,2,AGTTTTGTGCGGGTGATCCT,0,3281587
relBp,0.3333333333333333,2,2,AGTTTTGCTAGCTAGGTACG,0,3272113
relBp,0.3333333333333333,2,2,AGTTCTAAAAGGTTTCCAGG,0,3262593
relBp,0.3333333333333333,2,2,AGTTAAACGTCGATGGCACG,0,3262622
relBp,0.3333333333333333,2,2,AGTGTATCCAACTTAAGGAC,0,3257854
relBp,0.3333333333333333,2,2,AGTCTCTGCCTACACGAGTA,0,3300410
relBp,0.3333333333333333,2,2,AGTCGCTACTTTTTGTTATG,0,3258055
relBp,0.3333333333333333,2,2,AGTCATTCGAGACATGTCTC,0,3277212
relBp,0.3333333333333333,2,2,AGTAGGTTAAATAGATTTTC,0,3265093
relBp,0.3333333333333333,2,2,AGTACGGTTTGATTCAATAA,0,3259878
relBp,0.3333333333333333,2,2,AGTAACTTGCCCTCGGGATC,0,3285937
relBp,0.3333333333333333,2,2,AGGTTTGCCTTGTAAAAGAC,0,3287893
relBp,0.3333333333333333,2,2,AGGTTGCTGCGGTCTTTTAT,0,3262518
relBp,0.3333333333333333,2,2,AGGTTCCGTCGAGTCTGGTA,0,3282638
relBp,0.3333333333333333,2,2,AGGTGGGATTATTGGTACCT,0,3303128
relBp,0.3333333333333333,2,2,AGGTGCAACCGCTATTGGCA,0,3257429
relBp,0.3333333333333333,2,2,AGGTACCGGGCCAATGGAAA,0,3282039
relBp,0.3333333333333333,2,2,AGGGCTAGGAATCAAGCACA,0,3267349
relBp,0.3333333333333333,2,2,AGGCTTGAGCCCACCGCAGG,0,3295911
relBp,0.3333333333333333,2,2,AGGCGATATCTTCGCGTCGG,0,3278622
relBp,0.3333333333333333,2,2,AGGCATGAGGAAACAAATAA,0,3261471
relBp,0.3333333333333333,2,2,AGGATAATGAGAGGGTCGGG,0,3295825
relBp,0.3333333333333333,2,2,AGGAATCGTCAGTTAATATG,0,3256913
relBp,0.3333333333333333,2,2,AGGAAAGTGTCATTGACGAG,0,3290835
relBp,0.3333333333333333,2,2,AGGAAAGTACAGGACTGGTA,0,3292730
relBp,0.3333333333333333,2,2,AGCTGGTAGAAGCGTAATTC,0,3287612
relBp,0.3333333333333333,2,2,AGCTGAGTCCACAGGGACTT,0,3290030
relBp,0.3333333333333333,2,2,AGCGCTTGCTGTGACTGTAC,0,3257784
relBp,0.3333333333333333,2,2,AGCGATTCCAGCCGGCCATA,0,3301486
relBp,0.3333333333333333,2,2,AGCGATAAGGAAGGATCAAG,0,3284118
relBp,0.3333333333333333,2,2,AGCGAGCATAGGTTTAGGAC,0,3261233
relBp,0.3333333333333333,2,2,AGCGAACTGTGCAATTAGTA,0,3271333
relBp,0.3333333333333333,2,2,AGCCATTCTCACACTTGGGA,0,3266649
relBp,0.3333333333333333,2,2,AGCCATACCTAACCTGGCGG,0,3286048
relBp,0.3333333333333333,2,2,AGCAAGCGGATCACGGTCTA,0,3278192
relBp,0.3333333333333333,2,2,AGCAACCTCCTAGCGTTGCA,0,3258688
relBp,0.3333333333333333,2,2,AGATTTCGGAGGGCAGAGAG,0,3308083
relBp,0.3333333333333333,2,2,AGATATACAGCTCCCAGGTA,0,3285223
relBp,0.3333333333333333,2,2,AGATACATCGTGCGGGTATA,0,3266245
relBp,0.3333333333333333,2,2,AGAGGGATCTAGCACAAGCC,0,3284218
relBp,0.3333333333333333,2,2,AGAGCGTGAGCCGGCAAGGC,0,3300386
relBp,0.3333333333333333,2,2,AGACTCGGCTACCTCCAGGC,0,3273399
relBp,0.3333333333333333,2,2,AGACCTTGGGTCGGTTGCTT,0,3262913
relBp,0.3333333333333333,2,2,AGAATGGGATACGGACCCCA,0,3274009
relBp,0.3333333333333333,2,2,AGAAATCAGGGGTTCGCCGT,0,3270649
relBp,0.3333333333333333,2,2,AGAAACGGTCACGTTACTTT,0,3276635
relBp,0.3333333333333333,2,2,ACTTTAGCGTGAGGGCATTT,0,3296455
relBp,0.3333333333333333,2,2,ACTTGGGACCGCATGAAGAT,0,3287868
relBp,0.3333333333333333,2,2,ACTTGAAGGCGGGGAGATCA,0,3297846
relBp,0.3333333333333333,2,2,ACTGCAACAGTATAGGTGCC,0,3290178
relBp,0.3333333333333333,2,2,ACTCAAGAGGCGTATATTTA,0,3260385
relBp,0.3333333333333333,2,2,ACTAGATTGCCCTTCGGCCT,0,3269178
relBp,0.3333333333333333,2,2,ACTAGAAGACAGTCCGTCCG,0,3285568
relBp,0.3333333333333333,2,2,ACTAATCTCTAGATCCACGT,0,3304147
relBp,0.3333333333333333,2,2,ACTAATCGGATAATCGCGGA,0,3293140
relBp,0.3333333333333333,2,2,ACTAAGGGGTTCCCCACCAA,0,3263919
relBp,0.3333333333333333,2,2,ACGGGTAAAGCAATCTCCGA,0,3304493
relBp,0.3333333333333333,2,2,ACGGCTTGGTGTGCGGCTCC,0,3275124
relBp,0.3333333333333333,2,2,ACGGCTGACAGCGTGGTAAC,0,3307137
relBp,0.3333333333333333,2,2,ACGCTCACCTCGGTTTTTCT,0,3262254
relBp,0.3333333333333333,2,2,ACGCGCAAAGGCGCGTAGGG,0,3295017
relBp,0.3333333333333333,2,2,ACGCAATTTGGGTAGATTGT,0,3286021
relBp,0.3333333333333333,2,2,ACGAGTGGCGGCCGTTATGT,0,3272589
relBp,0.3333333333333333,2,2,ACGAGGCGAGTTAGTATCTA,0,3277892
relBp,0.3333333333333333,2,2,ACGAACAGCGTAACGAAGCA,0,3299884
relBp,0.3333333333333333,2,2,ACCTTTGTTTCAACCGGGCT,0,3272329
relBp,0.3333333333333333,2,2,ACCTTCTTCCACATGTACAC,0,3256343
relBp,0.3333333333333333,2,2,ACCTCGCAGACAGCAAGGGT,0,3281862
relBp,0.3333333333333333,2,2,ACCTCCGAAGATGGTAATAA,0,3301485
relBp,0.3333333333333333,2,2,ACCTCCCCCTAGTAATAATC,0,3295315
relBp,0.3333333333333333,2,2,ACCTAAAGGGCCACTACTAT,0,3279596
relBp,0.3333333333333333,2,2,ACCGGCTTTTATTTAGTGGA,0,3268382
relBp,0.3333333333333333,2,2,ACCGAAAAGGCCGAAGGTTC,0,3295269
relBp,0.3333333333333333,2,2,ACCCTGTTGCTATACTATTC,0,3283807
relBp,0.3333333333333333,2,2,ACCCGTGAGAGAGTGTCAGG,0,3299576
relBp,0.3333333333333333,2,2,ACCCGAATTCGGCCTTTTTT,0,3294249
relBp,0.3333333333333333,2,2,ACCATACTGGGATTGGGCTC,0,3297769
relBp,0.3333333333333333,2,2,ACATGACCGAAGTCTGAACG,0,3291877
relBp,0.3333333333333333,2,2,ACATCAAACTGAGCGATACG,0,3287985
relBp,0.3333333333333333,2,2,ACAGTTGCTGTAGATTGGCC,0,3282705
relBp,0.3333333333333333,2,2,ACAGGGCTTTCTCTTCTGTG,0,3262145
relBp,0.3333333333333333,2,2,ACAGGCCTGGTGGAGTTTGA,0,3266412
relBp,0.3333333333333333,2,2,ACAGCAAAAATAGTAAGACG,0,3290992
relBp,0.3333333333333333,2,2,ACACGCCGCGCCATTTGGAT,0,3285365
relBp,0.3333333333333333,2,2,ACACCTCGCTGTTCGGTAGA,0,3300730
relBp,0.3333333333333333,2,2,ACAAGTTGGTAGGTAATTAA,0,3260492
relBp,0.3333333333333333,2,2,ACAAGGCTGTCACATGACTT,0,3264990
relBp,0.3333333333333333,2,2,ACAACGCGACTAAGACCAGA,0,3257728
relBp,0.3333333333333333,2,2,ACAAAAGGCTGGCGACCATA,0,3286715
relBp,0.3333333333333333,2,2,ACAAAAGACGGTATGGCTAA,0,3283012
relBp,0.3333333333333333,2,2,AATTTTGACACCGTAGGTAT,0,3290540
relBp,0.3333333333333333,2,2,AATTTCCATGCGTTCTGATA,0,3300878
relBp,0.3333333333333333,2,2,AATTGGCGCGAACCCAGGTA,0,3286836
relBp,0.3333333333333333,2,2,AATTATGATTTGATTTCGAC,0,3294108
relBp,0.3333333333333333,2,2,AATTAACGCATACGATCTCC,0,3262760
relBp,0.3333333333333333,2,2,AATGTATGATTATGTGCTTG,0,3308411
relBp,0.3333333333333333,2,2,AATGACTCTATCAACCCGTT,0,3287760
relBp,0.3333333333333333,2,2,AATCTTGTAATAAGAGGGCA,0,3285275
relBp,0.3333333333333333,2,2,AATCGGTCCTCAAAGCGTGT,0,3266143
relBp,0.3333333333333333,2,2,AATATAGGAATATGCGAACA,0,3290470
relBp,0.3333333333333333,2,2,AATAAATTACTCAGCTTGCT,0,3283653
relBp,0.3333333333333333,2,2,AAGTTGCATTTTCCCTGGAC,0,3261823
relBp,0.3333333333333333,2,2,AAGTTCTAGGCAACGCTTTG,0,3268607
relBp,0.3333333333333333,2,2,AAGTTAACTACGCATACCCC,0,3270029
relBp,0.3333333333333333,2,2,AAGTCTGGTTGTTTAAGCGT,0,3267392
relBp,0.3333333333333333,2,2,AAGTCGGCAAACGATCTGAT,0,3282512
relBp,0.3333333333333333,2,2,AAGTATTATAGCATCCTTGA,0,3267789
relBp,0.3333333333333333,2,2,AAGGGTTATGCCACTTGCAA,0,3295089
relBp,0.3333333333333333,2,2,AAGGGAAATTCGAGCTCGCA,0,3297997
relBp,0.3333333333333333,2,2,AAGGCCCGCTCGTCGCTACC,0,3284189
relBp,0.3333333333333333,2,2,AAGGCACTCGCACGGTCCTG,0,3296992
relBp,0.3333333333333333,2,2,AAGCTCTCGTCCGTACTGAC,0,3302575
relBp,0.3333333333333333,2,2,AAGCGTGCCGCGCGTAGGTT,0,3273933
relBp,0.3333333333333333,2,2,AAGCCTTGTCTGTAGGCAAC,0,3264880
relBp,0.3333333333333333,2,2,AAGAGTTTACGTCATAGCTT,0,3281866
relBp,0.3333333333333333,2,2,AAGACAATGGGTAGTCTACC,0,3267829
relBp,0.3333333333333333,2,2,AACTTGATCCGCCCCTGTGT,0,3267446
relBp,0.3333333333333333,2,2,AACTATCCAAGGCATAGCGA,0,3259453
relBp,0.3333333333333333,2,2,AACGTGTGTTGACGCGTAGC,0,3291363
relBp,0.3333333333333333,2,2,AACGTGTGCGAACTGCCGGT,0,3307573
relBp,0.3333333333333333,2,2,AACGTCAGAGAAATTTCGGA,0,3272966
relBp,0.3333333333333333,2,2,AACGGAGAGAGATGCGGTTG,0,3258538
relBp,0.3333333333333333,2,2,AACCGAAGAAACTGAAACGT,0,3275616
relBp,0.3333333333333333,2,2,AAATTATGAAGGAAGGCCCC,0,3261439
relBp,0.3333333333333333,2,2,AAATGGAAGGCGCGTTGTGA,0,3299402
relBp,0.3333333333333333,2,2,AAAGCATGGAACCGGGGCTT,0,3304912
relBp,0.3333333333333333,2,2,AAACACAGCAGATAAGGACT,0,3290918
relBp,0.3333333333333333,2,2,AAAATAGAGGTACAGAGGAG,0,3288984
relBp,0.3333333333333333,2,2,AAAACGAGTCCCTCGTCGAT,0,3299554
relBp,0.5,1,1,TTTTTTTGGTGGAACACTCT,0,3299866
relBp,0.5,1,1,TTTTTGTATCTGCGCGGTGT,0,3303054
relBp,0.5,1,1,TTTTTAGGAAAACGTACGCA,0,3273258
relBp,0.5,1,1,TTTTGCTGGTGTTCAGGCGG,0,3302978
relBp,0.5,1,1,TTTTGAAGGAATACGTTTAG,0,3278772
relBp,0.5,1,1,TTTTCTATCGAATAACTTCG,0,3295380
relBp,0.5,1,1,TTTTCGTAAACTTCGCATAG,0,3258587
relBp,0.5,1,1,TTTTCGACGCCGGACGGTAA,0,3280365
relBp,0.5,1,1,TTTTATCACGGACCCGGAAA,0,3290036
relBp,0.5,1,1,TTTTAACGTCGAAAGTCGTG,0,3281036
relBp,0.5,1,1,TTTGTTAGCTTTGAACTCAG,0,3283593
relBp,0.5,1,1,TTTGTGTTCCGGAACAGGCC,0,3302825
relBp,0.5,1,1,TTTGTCCCTATGTTATTGCA,0,3299816
relBp,0.5,1,1,TTTGTCAGCTACAGTCACTA,0,3291935
relBp,0.5,1,1,TTTGTATACCTATCACTCTT,0,3262030
relBp,0.5,1,1,TTTGGGTCCAACCATCGTGT,0,3256322
relBp,0.5,1,1,TTTGGCGGGATTTTTGCAGT,0,3289032
relBp,0.5,1,1,TTTGGCAACATCACTGAAGC,0,3283145
relBp,0.5,1,1,TTTGACAATCAATGGAAAAA,0,3270274
relBp,0.5,1,1,TTTCGGCATCCGACGCCAGC,0,3290820
relBp,0.5,1,1,TTTCGCGTAGGGGAGATGGA,0,3263131
relBp,0.5,1,1,TTTCGCCGCACGTACGTTAA,0,3278336
relBp,0.5,1,1,TTTCGAAAGCCTGTAGCAGC,0,3257682
relBp,0.5,1,1,TTTCATTTTCCATTTACAAT,0,3287150
relBp,0.5,1,1,TTTCATGAATTCTGCAGCAT,0,3281348
relBp,0.5,1,1,TTTCATAGCAAAACAGGTGG,0,3294954
relBp,0.5,1,1,TTTCAGATGCCAGGGTAGTC,0,3302862
relBp,0.5,1,1,TTTAGTTTAGCACTCCTCGA,0,3271646
relBp,0.5,1,1,TTTAGCTGAGGCGCTTTGGT,0,3274576
relBp,0.5,1,1,TTTAGAGATGCGGGCGAGGC,0,3274578
relBp,0.5,1,1,TTGTTCCGCGGTACCGAACG,0,3297265
relBp,0.5,1,1,TTGTTACACTGTGTGCATGG,0,3267157
relBp,0.5,1,1,TTGTTAATCAAGTAGAGATG,0,3261236
relBp,0.5,1,1,TTGTGTGGCAGCGGGTTGAT,0,3301614
relBp,0.5,1,1,TTGTGTGAGTCAGGCAGCGA,0,3269432
relBp,0.5,1,1,TTGTGGTACGACCTGTAATG,0,3261006
relBp,0.5,1,1,TTGTGCGAAGCTACCAAACG,0,3279377
relBp,0.5,1,1,TTGTGCAGCAATCATGCTCA,0,3296759
relBp,0.5,1,1,TTGTCTTGCATTTTGCTACG,0,3306607
relBp,0.5,1,1,TTGTCGTGTTAACTCCTTCG,0,3267835
relBp,0.5,1,1,TTGTCGATAACTAGATTTCG,0,3272684
relBp,0.5,1,1,TTGTCAGTGGACGGCACAAG,0,3261787
relBp,0.5,1,1,TTGTCACTGGAGCAAGGCTC,0,3297257
relBp,0.5,1,1,TTGTACGTAAGGCCGCCACC,0,3297298
relBp,0.5,1,1,TTGGTTACGGCACGTCACCA,0,3296787
relBp,0.5,1,1,TTGGGTTGAGCGGTGGAAGA,0,3270453
relBp,0.5,1,1,TTGGGGATTGCGGTAAAGTA,0,3296019
relBp,0.5,1,1,TTGGGCTCATCTACTCTTCA,0,3283491
relBp,0.5,1,1,TTGGCGTAGCACTCGGGGTG,0,3280437
relBp,0.5,1,1,TTGGCGGTGGCTACACGGAT,0,3303855
relBp,0.5,1,1,TTGGCCGTCGGGTGCGCCGT,0,3300552
relBp,0.5,1,1,TTGGAAGGAGTACTTTCTGT,0,3264280
relBp,0.5,1,1,TTGCTGCGGCTTGGCATGAG,0,3274762
relBp,0.5,1,1,TTGCTATGCGTCGGGGTCCT,0,3297918
relBp,0.5,1,1,TTGCTATGCGAAGACGTCAG,0,3269973
relBp,0.5,1,1,TTGCCAGTGGGATGTTGGAG,0,3264232
relBp,0.5,1,1,TTGCCAACCCCGATCAACAT,0,3261775
relBp,0.5,1,1,TTGCATGCGACCATTTGATT,0,3293690
relBp,0.5,1,1,TTGCAGCAGTGGGCTGCGGG,0,3269177
relBp,0.5,1,1,TTGCAAGGAAATCCCCATCA,0,3268369
relBp,0.5,1,1,TTGCAAATCCGCTGATTCAA,0,3299247
relBp,0.5,1,1,TTGCAAACATACGTGAACCT,0,3272996
relBp,0.5,1,1,TTGATTCGACTGCATTGTCT,0,3283607
relBp,0.5,1,1,TTGATTCCATGCGAATGATC,0,3276148
relBp,0.5,1,1,TTGAGGCAAGGCGGCAGCTG,0,3256793
relBp,0.5,1,1,TTGAGAAATTGGGACATTCG,0,3268002
relBp,0.5,1,1,TTGAATTGGTTTCGGGATCA,0,3293227
relBp,0.5,1,1,TTGAATATATCTTAGTGGGG,0,3271147
relBp,0.5,1,1,TTGAAGGCTCCTGAAAAAAA,0,3295641
relBp,0.5,1,1,TTGAAGAAGCTAGCATCAAG,0,3271240
relBp,0.5,1,1,TTGAACAAGGACTAATTTCA,0,3258413
relBp,0.5,1,1,TTGAAAGCTGGTACAATGGT,0,3268264
relBp,0.5,1,1,TTCTTGACTATTCTGTCGGT,0,3286323
relBp,0.5,1,1,TTCTGCATATGGAACCCTCA,0,3259432
relBp,0.5,1,1,TTCTGATTACGGACAAACGT,0,3272754
relBp,0.5,1,1,TTCTGACCCGAAGGTGCTCT,0,3272632
relBp,0.5,1,1,TTCTGAAGCAACGTAGCGAA,0,3277807
relBp,0.5,1,1,TTCTATAGCAGAATCAAAGA,0,3265367
relBp,0.5,1,1,TTCTACACGACCAATAGGTT,0,3264764
relBp,0.5,1,1,TTCGTTGTACGTGGTTTAGC,0,3278442
relBp,0.5,1,1,TTCGTTCGTGTTTCGCTATC,0,3268886
relBp,0.5,1,1,TTCGTGCCGACCAGGCGCTG,0,3257226
relBp,0.5,1,1,TTCGTGAAGATTCGCGGTTG,0,3269753
relBp,0.5,1,1,TTCGGCTGAACTGCCCAACA,0,3298316
relBp,0.5,1,1,TTCGGCGAGTCTACCGAGCG,0,3257016
relBp,0.5,1,1,TTCGGAATACAGAGTTAGCA,0,3279281
relBp,0.5,1,1,TTCCTCACTGACCTCTTAAG,0,3262116
relBp,0.5,1,1,TTCCTAATGCGGTGTTCAAC,0,3307534
relBp,0.5,1,1,TTCCGTGATACAGAAGACTA,0,3304043
relBp,0.5,1,1,TTCCGGGTCCCACTGGAAAG,0,3267133
relBp,0.5,1,1,TTCCGGGGCGGACAAGACGA,0,3260259
relBp,0.5,1,1,TTCCGGACCAAACTTTCGCA,0,3299672
relBp,0.5,1,1,TTCCGAAAAGTGAACCGCAA,0,3276401
relBp,0.5,1,1,TTCCATATTGAGAGCGGTCA,0,3275016
relBp,0.5,1,1,TTCCACGCCAACAACAGTCA,0,3265281
relBp,0.5,1,1,TTCATGTTCAGGTTTCTATT,0,3286113
relBp,0.5,1,1,TTCATAGCATTTCTATGGGG,0,3306279
relBp,0.5,1,1,TTCAGGACGGAAGGGGCGAG,0,3287837
relBp,0.5,1,1,TTCACTTACATGCGGGCAGG,0,3288733
relBp,0.5,1,1,TTCACATCTGGCCGAAAGAG,0,3282606
relBp,0.5,1,1,TTATTTTGCTTAGGTTCGTT,0,3281800
relBp,0.5,1,1,TTATTCTAGCTGTTGTTAAA,0,3293237
relBp,0.5,1,1,TTATTCGGATGCTATTTCAT,0,3304018
relBp,0.5,1,1,TTATTATTGCTACATAGTGT,0,3281662
relBp,0.5,1,1,TTATGTATACCTTTTAGCCC,0,3272584
relBp,0.5,1,1,TTATGCGTGATATATGAGCT,0,3261194
relBp,0.5,1,1,TTATGACTGTGCTCCGATAA,0,3300082
relBp,0.5,1,1,TTATACGTCGTTTAATGGGA,0,3258463
relBp,0.5,1,1,TTATAAGAGCAATTTTGAAC,0,3289036
relBp,0.5,1,1,TTAGTGCGTGTATCAGCTCT,0,3260415
relBp,0.5,1,1,TTAGTCTTCGTGGAGCCGCA,0,3282934
relBp,0.5,1,1,TTAGGTCATGATCTGAACAA,0,3269034
relBp,0.5,1,1,TTAGGACTCTATTGAAAGTA,0,3299439
relBp,0.5,1,1,TTAGCGTTGCCATGTGACAA,0,3270799
relBp,0.5,1,1,TTAGCGTTATCACTGCCAGG,0,3270180
relBp,0.5,1,1,TTAGCGAGTTCCGTCTATGA,0,3277661
relBp,0.5,1,1,TTAGCAGGGTTTGGCAACGT,0,3272397
relBp,0.5,1,1,TTAGCACGCGCGAAAGATCA,0,3307121
relBp,0.5,1,1,TTAGAGTCGCCACGGGGCGG,0,3263581
relBp,0.5,1,1,TTAGACGTGTTACATAAAGT,0,3297270
relBp,0.5,1,1,TTAGAAATCAGTCAGCACCT,0,3264241
relBp,0.5,1,1,TTACTCGAGGAGTACGCTAC,0,3270741
relBp,0.5,1,1,TTACGTGGTGACCAAGCTGG,0,3290750
relBp,0.5,1,1,TTACGTACGTCAACCAGTGA,0,3298319
relBp,0.5,1,1,TTACGCGCCCTGTAGGTTGG,0,3263528
relBp,0.5,1,1,TTACGAGAGAAGGCGTTTGC,0,3263766
relBp,0.5,1,1,TTACCAACGCTAGAGCCCTC,0,3302004
relBp,0.5,1,1,TTAATGCTTAGTGCGGGGCA,0,3264736
relBp,0.5,1,1,TTAAGTTGACCGCAAATGCA,0,3272458
relBp,0.5,1,1,TTAAGTGCTACCAGTTATAA,0,3266235
relBp,0.5,1,1,TTAAGTCTCTTGAGCACTAA,0,3291112
relBp,0.5,1,1,TTAAGCTGCCATCAGCGGTG,0,3278296
relBp,0.5,1,1,TTAAGATTATTTCCGGCCAG,0,3285511
relBp,0.5,1,1,TTAACGTGGGCGCCATTCAC,0,3265877
relBp,0.5,1,1,TTAACCTGTGGGTTCGACGA,0,3281717
relBp,0.5,1,1,TTAACATGACTCGCGGTGAA,0,3276852
relBp,0.5,1,1,TTAAAGCTAGCGATGGCCCG,0,3281137
relBp,0.5,1,1,TGTTTTGTTGCGTCCCCAAA,0,3294591
relBp,0.5,1,1,TGTTTGTTAATTTAGCAGTC,0,3276809
relBp,0.5,1,1,TGTTTGGGTATGCGTATCTC,0,3269313
relBp,0.5,1,1,TGTTTAGGAATGCCTTTTTA,0,3272838
relBp,0.5,1,1,TGTTTAATACGTGATACTAT,0,3290642
relBp,0.5,1,1,TGTTGGTGTTAGGACTGCAT,0,3305010
relBp,0.5,1,1,TGTTGAGGCTGGCACTACGT,0,3258452
relBp,0.5,1,1,TGTTCTTGAAAGCGGTGGAT,0,3258016
relBp,0.5,1,1,TGTTCTGCTGAAGTAATGCT,0,3294424
relBp,0.5,1,1,TGTTCGGTATAGACCACGTG,0,3302919
relBp,0.5,1,1,TGTTCCACGTCGAGGGATTC,0,3276770
relBp,0.5,1,1,TGTTATACTCTTATCAGCCA,0,3280124
relBp,0.5,1,1,TGTTAGCATTCAGACAGCAA,0,3268618
relBp,0.5,1,1,TGTTAATCGTATAATTAAGC,0,3307494
relBp,0.5,1,1,TGTGTTGCCTGTAGTTTAGA,0,3269397
relBp,0.5,1,1,TGTGGAGACGGAAAGGGATC,0,3308503
relBp,0.5,1,1,TGTGCTCGCGTGTATCAGTG,0,3308580
relBp,0.5,1,1,TGTGCCCGAATGCGTGGAAA,0,3307527
relBp,0.5,1,1,TGTGCCCACTCATCTCCGCA,0,3281456
relBp,0.5,1,1,TGTCTGCTTGCTGAGGGGAC,0,3277438
relBp,0.5,1,1,TGTCGCTCAGGCTGGCGCTT,0,3291643
relBp,0.5,1,1,TGTCCCACATGGGTGAAATA,0,3273706
relBp,0.5,1,1,TGTCATATCTATATGTAGCA,0,3256243
relBp,0.5,1,1,TGTCAAGTCAGTAAACACCT,0,3300531
relBp,0.5,1,1,TGTCAAGGGCTAGGCGCCAC,0,3290191
relBp,0.5,1,1,TGTATTTTCACGGACTTCAT,0,3296568
relBp,0.5,1,1,TGTACTAGAAGTCTAGATGC,0,3292786
relBp,0.5,1,1,TGGTTTCCAGAATTTCGTTA,0,3273103
relBp,0.5,1,1,TGGTTCCCAAAGTTCTCTCA,0,3281588
relBp,0.5,1,1,TGGTTACTACGGAAACTCAA,0,3271194
relBp,0.5,1,1,TGGTGTCTCTAGGGGTAGAT,0,3288005
relBp,0.5,1,1,TGGTGGCACAACAAGCATAC,0,3281424
relBp,0.5,1,1,TGGTGCCGTACCTGCGGAAC,0,3267341
relBp,0.5,1,1,TGGTGAGTGTGGAGACTAAT,0,3267134
relBp,0.5,1,1,TGGTCCCTTAGATGCGTAGA,0,3279961
relBp,0.5,1,1,TGGTAGCTATAAAAGCGTGA,0,3290713
relBp,0.5,1,1,TGGTACCTGTCAAAAGCAAT,0,3278295
relBp,0.5,1,1,TGGTAAAAGCAAGCACTCTT,0,3302317
relBp,0.5,1,1,TGGGTTGAATTTGTGAGAAG,0,3300692
relBp,0.5,1,1,TGGGGTCGTGGCTTACACGT,0,3278032
relBp,0.5,1,1,TGGGGGGTTGTTAACACTAG,0,3269475
relBp,0.5,1,1,TGGGGGGTTGATCGGTCTCG,0,3273291
relBp,0.5,1,1,TGGGGGAGTCGGCGGCGCAA,0,3289579
relBp,0.5,1,1,TGGGCGCAAGGGTCTGGCCC,0,3302648
relBp,0.5,1,1,TGGGCACCCCACATCGCAGA,0,3259872
relBp,0.5,1,1,TGGGATTCTGATGGGGGGAA,0,3291008
relBp,0.5,1,1,TGGCGAGACTCCCTCGGGCG,0,3281210
relBp,0.5,1,1,TGGCCTCTTTATGGGTCGTA,0,3276659
relBp,0.5,1,1,TGGCCCGTCTGGAGTCCGAT,0,3282901
relBp,0.5,1,1,TGGCACCTCGACTGAACACA,0,3275734
relBp,0.5,1,1,TGGATATTGGAACGCAGCGA,0,3301658
relBp,0.5,1,1,TGGAGCACCCGTCGAACCCC,0,3292024
relBp,0.5,1,1,TGGACTTGGTTCGGCTAGCG,0,3265146
relBp,0.5,1,1,TGGACTCGCCTCCCATCCAC,0,3265856
relBp,0.5,1,1,TGGACTATCAATCGTCGATC,0,3288577
relBp,0.5,1,1,TGGACCTCGCTTTGTGTAAA,0,3283763
relBp,0.5,1,1,TGGACCTCCCGATACTGTTC,0,3282711
relBp,0.5,1,1,TGGAACCCAATACGCTTGTC,0,3290495
relBp,0.5,1,1,TGCTTTACACCGAAGCCAGC,0,3258233
relBp,0.5,1,1,TGCTTCGTCTGACGGATAGT,0,3271335
relBp,0.5,1,1,TGCTGGTCTAGGAAGTCTTG,0,3263743
relBp,0.5,1,1,TGCTGAAATACGATGTGCCA,0,3297983
relBp,0.5,1,1,TGCTCCGCTGGATTATCTTA,0,3303478
relBp,0.5,1,1,TGCTCATCAATTTCGTGTGT,0,3260172
relBp,0.5,1,1,TGCTCAGTCCGCTAATTATT,0,3289586
relBp,0.5,1,1,TGCTAGGACCGCGCGGCCAA,0,3294526
relBp,0.5,1,1,TGCGTGAGTGTAGGGGAGGA,0,3287492
relBp,0.5,1,1,TGCGGTCTACACAGCACGCA,0,3295591
relBp,0.5,1,1,TGCGGGTTAGGCAGCAAGTT,0,3285385
relBp,0.5,1,1,TGCGGAACAGTCGTATCTCA,0,3290771
relBp,0.5,1,1,TGCGCGATAGGTTTTACATT,0,3273156
relBp,0.5,1,1,TGCGCACTGACCTACTGCGG,0,3289609
relBp,0.5,1,1,TGCGACCCGCGGGAGTCCTG,0,3266993
relBp,0.5,1,1,TGCCTCTAGCAAAGAGTCCA,0,3260085
relBp,0.5,1,1,TGCCGTAAATACCGTTCTTA,0,3295184
relBp,0.5,1,1,TGCCGGTGATGAGCTCTCTA,0,3277177
relBp,0.5,1,1,TGCCGCTAGTCGGTACGCCC,0,3306610
relBp,0.5,1,1,TGCCGAGCCAAGGCGGAGGC,0,3290343
relBp,0.5,1,1,TGCCACCCGGGAACATCGGG,0,3269822
relBp,0.5,1,1,TGCAGGTGGACTTTGAGAAT,0,3305331
relBp,0.5,1,1,TGCAGAGTGGGGACTCGGGA,0,3258028
relBp,0.5,1,1,TGCACGCGGATGACGCTTAC,0,3286450
relBp,0.5,1,1,TGCACGAGTCCTTGAAGCTT,0,3303288
relBp,0.5,1,1,TGCACACAGCGCCACATGAG,0,3290003
relBp,0.5,1,1,TGCAACAGGTGGCGTAAAGG,0,3288249
relBp,0.5,1,1,TGCAAAGTTTAACTGCAGAT,0,3290488
relBp,0.5,1,1,TGATTCCTTTGATCCAAGGT,0,3304463
relBp,0.5,1,1,TGATTCAGGGCACAGGGATA,0,3307190
relBp,0.5,1,1,TGATGTTAATAGCATGACTA,0,3289135
relBp,0.5,1,1,TGATGTCCGTTCTTCATCTG,0,3297472
relBp,0.5,1,1,TGATCGTATATGCTATGTGC,0,3287232
relBp,0.5,1,1,TGATATGCTAACGACTTGGT,0,3258448
relBp,0.5,1,1,TGATATGCCCGGCTCTGTGA,0,3267836
relBp,0.5,1,1,TGATAGGGTACATTTTTCAT,0,3271610
relBp,0.5,1,1,TGATAGACCCACAATGAGGT,0,3281143
relBp,0.5,1,1,TGAGTAAACTGTTTATGTGA,0,3280750
relBp,0.5,1,1,TGAGGTGGGATTGCGTGGTC,0,3298246
relBp,0.5,1,1,TGAGGTCACGTTGTCTATCG,0,3274280
relBp,0.5,1,1,TGAGGCTACTAGGGTTACGT,0,3275066
relBp,0.5,1,1,TGAGGCGGCTATCGTAGCCA,0,3265821
relBp,0.5,1,1,TGAGGAATTCGAATACCGCC,0,3284096
relBp,0.5,1,1,TGAGCTATGAAAGATTAGGT,0,3308474
relBp,0.5,1,1,TGACTTTTGCAGATAACACA,0,3285876
relBp,0.5,1,1,TGACTTTATATTGGAGGGCG,0,3257425
relBp,0.5,1,1,TGACTGCACAGGTTGTGCGC,0,3290145
relBp,0.5,1,1,TGACTAGACCCACGCTAGAT,0,3303823
relBp,0.5,1,1,TGACGATGACGTCTCTCAAG,0,3271111
relBp,0.5,1,1,TGACACTGGCGCCTCTTACT,0,3270739
relBp,0.5,1,1,TGACACAGGCTACGCATAAG,0,3260665
relBp,0.5,1,1,TGACAAGGTCGCACGCCAAT,0,3288048
relBp,0.5,1,1,TGACAACTTCTATTTGGAAT,0,3286950
relBp,0.5,1,1,TGAATTGAAACGCGCTTGAT,0,3305078
relBp,0.5,1,1,TGAATATTCTCCGTGCGATC,0,3273310
relBp,0.5,1,1,TGAATATCCTTTCCACTGGG,0,3275673
relBp,0.5,1,1,TGAAGTGGGGATTGTTTAGT,0,3272961
relBp,0.5,1,1,TGAAGCTTCCCTTATACCAG,0,3287213
relBp,0.5,1,1,TGAACCAAGCTGCCTACGGC,0,3281934
relBp,0.5,1,1,TCTTTTTAGTTTGGCCCTAG,0,3262260
relBp,0.5,1,1,TCTTTTAGTGGTCCCACCAC,0,3279767
relBp,0.5,1,1,TCTTTGGTAGGGTACGGACT,0,3261223
relBp,0.5,1,1,TCTTTATTCCTTTCAACTCA,0,3300081
relBp,0.5,1,1,TCTTTAAAATTTACCGGACT,0,3308082
relBp,0.5,1,1,TCTTGTATAACATGCGGCCT,0,3260878
relBp,0.5,1,1,TCTTCTCCAAGCCCTGTGTG,0,3294018
relBp,0.5,1,1,TCTTCGAATCGTCCGGTGGC,0,3292729
relBp,0.5,1,1,TCTTCCGAAGCTTGACTGGC,0,3262670
relBp,0.5,1,1,TCTTAACGCTACGAAGTGAA,0,3304325
relBp,0.5,1,1,TCTGCTTATAGGCGAATGGG,0,3261922
relBp,0.5,1,1,TCTGCTGCGCGTTATTCACT,0,3264969
relBp,0.5,1,1,TCTGACACGACTCATTAGAT,0,3256501
relBp,0.5,1,1,TCTCTTAATTAGTTTGGGGC,0,3286169
relBp,0.5,1,1,TCTCTGCCTTCTGGACTGCA,0,3266834
relBp,0.5,1,1,TCTCGCTTAAAATCAGAAAT,0,3306252
relBp,0.5,1,1,TCTCGCGGAAACTTGATAAG,0,3266815
relBp,0.5,1,1,TCTCCTCCAGTAGTCTGAAC,0,3266415
relBp,0.5,1,1,TCTCCATTTCGGCTAAGTGC,0,3278000
relBp,0.5,1,1,TCTCAATCGGTTTTACATAT,0,3305608
relBp,0.5,1,1,TCTATTATCAAGATCCGTGG,0,3293145
relBp,0.5,1,1,TCGTTTGGCTCATGCGGACA,0,3266384
relBp,0.5,1,1,TCGTTCAGCTAAAGGACGAG,0,3292835
relBp,0.5,1,1,TCGTGCCTGTAGTTGGTACA,0,3260718
relBp,0.5,1,1,TCGTGCAAGCTGTTCATTTT,0,3265740
relBp,0.5,1,1,TCGTCCAATACGTTCAATTG,0,3256752
relBp,0.5,1,1,TCGTATTCTCATCAGTAATA,0,3256336
relBp,0.5,1,1,TCGTATGCGCCGATTGTAGC,0,3260129
relBp,0.5,1,1,TCGTATAAGTGTTCTGCCTC,0,3263285
relBp,0.5,1,1,TCGTAAGACTATGGTCCTAA,0,3297915
relBp,0.5,1,1,TCGGGTGGGGGGATGTTGGT,0,3300179
relBp,0.5,1,1,TCGGGTATAGGGACAGCCGA,0,3308371
relBp,0.5,1,1,TCGGGGAGTCCCTGAATGTA,0,3289763
relBp,0.5,1,1,TCGGCTCACGATTAACATTG,0,3266186
relBp,0.5,1,1,TCGGAACCTGGGCGGATCAT,0,3258389
relBp,0.5,1,1,TCGCTTTGTTGGATGTATTG,0,3262590
relBp,0.5,1,1,TCGCTATGGGGATAGTCATG,0,3291328
relBp,0.5,1,1,TCGCGGTGTTCGGTGGCTAA,0,3271034
relBp,0.5,1,1,TCGCGCCTAGATGAACTCAA,0,3298409
relBp,0.5,1,1,TCGCGCCCCGCGACTCATCG,0,3260167
relBp,0.5,1,1,TCGCGCACTGGTGATTCCTG,0,3256909
relBp,0.5,1,1,TCGCCGCGGGGAACACCGCG,0,3265954
relBp,0.5,1,1,TCGCATATGGAGCGGCCATG,0,3256154
relBp,0.5,1,1,TCGAGTATGAATCTTCAACA,0,3260782
relBp,0.5,1,1,TCGACTGTACCCTAGATTAC,0,3266259
relBp,0.5,1,1,TCGACTGGGAGAGATAAGGG,0,3269586
relBp,0.5,1,1,TCGACAGCGTGCCGAGGGGT,0,3263981
relBp,0.5,1,1,TCGAATCACCAGTCGAGGCT,0,3305127
relBp,0.5,1,1,TCGAAGATATTCATTCTTCT,0,3305086
relBp,0.5,1,1,TCCTGGTTTTTGGCTTTAAT,0,3304213
relBp,0.5,1,1,TCCTGGAAGCGGAGTTTCGC,0,3274508
relBp,0.5,1,1,TCCTCATCCCGCTGGTGAGC,0,3273295
relBp,0.5,1,1,TCCTAGGGAATTTTAGGCAA,0,3258313
relBp,0.5,1,1,TCCTAGCAGGAGATTTAAAC,0,3300626
relBp,0.5,1,1,TCCTAAAAGCTTCGTGCGAC,0,3275486
relBp,0.5,1,1,TCCGTTGTTATATTGCTCGA,0,3294461
relBp,0.5,1,1,TCCGTCGATGGCCGTATGTC,0,3285815
relBp,0.5,1,1,TCCGTAGAGCTACCGACCAT,0,3262266
relBp,0.5,1,1,TCCGGTGCAAGTACAACGAT,0,3284685
relBp,0.5,1,1,TCCGGCTCGCAATCGTCTGG,0,3293516
relBp,0.5,1,1,TCCGCAAGGTGTGGACTCCG,0,3283535
relBp,0.5,1,1,TCCGAGATCTGCTCAATCAG,0,3286532
relBp,0.5,1,1,TCCCTATTAGTCTGAGAGGC,0,3296648
relBp,0.5,1,1,TCCCTATACAACGGGCTTCA,0,3277999
relBp,0.5,1,1,TCCCGGGTAGAAAGAAAAAC,0,3303254
relBp,0.5,1,1,TCCCGATAAGGAGCCACGCT,0,3286777
relBp,0.5,1,1,TCCCCTGGACGAGGTGTTTA,0,3298082
relBp,0.5,1,1,TCCCCTGACAGGGATTGATT,0,3262517
relBp,0.5,1,1,TCCCATGCACGCTACCGCGG,0,3282301
relBp,0.5,1,1,TCCCAGGAGATCCACGAGAG,0,3264045
relBp,0.5,1,1,TCCCAGAAAATCATTCAAGA,0,3302505
relBp,0.5,1,1,TCCCACAAGGTGAAATAGCG,0,3296595
relBp,0.5,1,1,TCCCAAGTGGAGGCGAAGGA,0,3302639
relBp,0.5,1,1,TCCATCGAGCTAACCCCGAC,0,3256341
relBp,0.5,1,1,TCCAGTGGGCAATAAGCTAC,0,3306234
relBp,0.5,1,1,TCCAGCTGCCGCCGTGTGAA,0,3263394
relBp,0.5,1,1,TCCAGCTGCCCCAGCAATAA,0,3260700
relBp,0.5,1,1,TCCAGCCTATAGAACAGATT,0,3268921
relBp,0.5,1,1,TCCACTCCGGCACGGAAACG,0,3288281
relBp,0.5,1,1,TCCACCCCTCCGGAACCTCA,0,3275327
relBp,0.5,1,1,TCCAAAACGATTTCGGAGAG,0,3270590
relBp,0.5,1,1,TCATTTTGAACATGCGGACC,0,3278687
relBp,0.5,1,1,TCATTGGAGAACCAATCTTT,0,3276441
relBp,0.5,1,1,TCATTCGACCCGGTGTCATT,0,3270625
relBp,0.5,1,1,TCATGTTTCCCTCAAAGAAA,0,3279148
relBp,0.5,1,1,TCATGTGCTCTGGCGCGTTA,0,3294893
relBp,0.5,1,1,TCATGCATACAACCGTGAGC,0,3306665
relBp,0.5,1,1,TCATGCACCGAGTAGTAGGC,0,3282981
relBp,0.5,1,1,TCATCCTTTCCTGCTTAGGG,0,3303917
relBp,0.5,1,1,TCATATCACGGTAGCTACTT,0,3270808
relBp,0.5,1,1,TCATACGCTTGCATTATTCC,0,3270688
relBp,0.5,1,1,TCATACCAGGCCAGGCTCGT,0,3282215
relBp,0.5,1,1,TCATAAGCACAGCGTTATGC,0,3285383
relBp,0.5,1,1,TCAGTTATCTCCGCTGCGTT,0,3287073
relBp,0.5,1,1,TCAGGCATGGATAGCGTCCT,0,3272253
relBp,0.5,1,1,TCAGGCATGAGATCGACTAA,0,3277321
relBp,0.5,1,1,TCAGCAAGTTTGGCAGCAAC,0,3293737
relBp,0.5,1,1,TCACTTGGGTACCAGTTATC,0,3269974
relBp,0.5,1,1,TCACGGTGTTATGCGCCTAG,0,3282561
relBp,0.5,1,1,TCACGGATCCCGAGGATTAT,0,3296712
relBp,0.5,1,1,TCACCTGGGGCAATTAATGC,0,3268908
relBp,0.5,1,1,TCACCGGACGAAAGTGTCCT,0,3258061
relBp,0.5,1,1,TCACCCGACTTTCTGGCCTT,0,3303603
relBp,0.5,1,1,TCACAATGATGTAGGTCAGT,0,3294746
relBp,0.5,1,1,TCAATCGTACCAACGTCGAA,0,3288985
relBp,0.5,1,1,TCAAGCTGGGGGACTCTAAC,0,3289315
relBp,0.5,1,1,TCAAGATGCACACCGGAATG,0,3297635
relBp,0.5,1,1,TCAACTAAGCGAGCAAGGGT,0,3290955
relBp,0.5,1,1,TCAACGTCAGTAGTGTATAA,0,3282992
relBp,0.5,1,1,TCAACGGATTAGTATGGTCA,0,3280317
relBp,0.5,1,1,TCAACATTCCCCTTCCCAGT,0,3286205
relBp,0.5,1,1,TCAAAGTTGGTAGTCTAAAG,0,3271035
relBp,0.5,1,1,TCAAAGCGAGCGACGCGCCC,0,3271550
relBp,0.5,1,1,TATTGTGGTGTCAATAATGG,0,3256472
relBp,0.5,1,1,TATTGCGGAGAGAATTGGTT,0,3297913
relBp,0.5,1,1,TATTCTAGACTAGCATCTTC,0,3261038
relBp,0.5,1,1,TATTCGAATTTATCCTTATT,0,3291852
relBp,0.5,1,1,TATTAGTGCTACACTACTAG,0,3286551
relBp,0.5,1,1,TATTAGAGTAAGCATGACAA,0,3264808
relBp,0.5,1,1,TATTAACTTCGGACATCGGG,0,3303298
relBp,0.5,1,1,TATGTTACGTTGCATTCACA,0,3272786
relBp,0.5,1,1,TATGTGGCATAGATATATAG,0,3261854
relBp,0.5,1,1,TATGTGATCTCTGTAGCTTT,0,3264000
relBp,0.5,1,1,TATGTCATTGATGGGCCACA,0,3290865
relBp,0.5,1,1,TATGGTCACGGACAGTCTTT,0,3293907
relBp,0.5,1,1,TATGGGGGGGCGCCTGTCGT,0,3286823
relBp,0.5,1,1,TATGGGAGAGGAACAGATGG,0,3300668
relBp,0.5,1,1,TATGGCCGGCGAACATCGTT,0,3278003
relBp,0.5,1,1,TATGCGATTGTTTTGTCGTT,0,3275236
relBp,0.5,1,1,TATGATTCTATTAGAGCGAA,0,3284954
relBp,0.5,1,1,TATGAGCAGCCTTAAACAGG,0,3283692
relBp,0.5,1,1,TATGACAGGGACGTTCCTCA,0,3287521
relBp,0.5,1,1,TATCTGTTCGTTTAGCTAGA,0,3289072
relBp,0.5,1,1,TATCTGGCAAGGAGCGAAGC,0,3276637
relBp,0.5,1,1,TATCGGTGCGTATGGCTTAT,0,3280951
relBp,0.5,1,1,TATCGGTCAAAAGTCTCTAC,0,3277779
relBp,0.5,1,1,TATCGCTTTTCACCTAGCGT,0,3261680
relBp,0.5,1,1,TATCCGGCCGTCGGAGGGTA,0,3301642
relBp,0.5,1,1,TATCAGAGAGGTGCCTTTCT,0,3271618
relBp,0.5,1,1,TATCACTGTTGTAGGCGAGT,0,3279325
relBp,0.5,1,1,TATCACAAGGTAAGGGAGTT,0,3308220
relBp,0.5,1,1,TATATTGGCTCGCCCGAGAG,0,3269844
relBp,0.5,1,1,TATATGGCCCAGGGGTCATT,0,3271937
relBp,0.5,1,1,TATATGAGCTCGTCACAATA,0,3284286
relBp,0.5,1,1,TATATCTCGCCAGTATGACT,0,3260678
relBp,0.5,1,1,TATAGTTTAGTTAGACGGCA,0,3303214
relBp,0.5,1,1,TATACTACCCTGGGGGAACC,0,3304579
relBp,0.5,1,1,TATACCATTTGCTAGTATTC,0,3299404
relBp,0.5,1,1,TAGTACAGTTGCGGAGATGA,0,3267080
relBp,0.5,1,1,TAGGTGTCCCCGCGGAGTCA,0,3265021
relBp,0.5,1,1,TAGGGTCAATGGGGGCTGGC,0,3278780
relBp,0.5,1,1,TAGGCTCCAGTCCGTCCTAA,0,3263976
relBp,0.5,1,1,TAGGCCGGGGGCAATCAACA,0,3308428
relBp,0.5,1,1,TAGGATGGTGCTTGAACTTG,0,3308137
relBp,0.5,1,1,TAGGAGTGAAAGGCCGATAT,0,3297328
relBp,0.5,1,1,TAGCGGGCCTGGATGAGCTA,0,3279304
relBp,0.5,1,1,TAGCGCCGTCTGTCGTAGTA,0,3305530
relBp,0.5,1,1,TAGCCATCACTCGTTTCTTA,0,3301823
relBp,0.5,1,1,TAGCAAAAGTGGGAATTACT,0,3293989
relBp,0.5,1,1,TAGATGGCCGCAGCTAAGTT,0,3293668
relBp,0.5,1,1,TAGATGATTTGGACGTATGG,0,3290641
relBp,0.5,1,1,TAGATCCGCATAATCTCTCG,0,3304800
relBp,0.5,1,1,TAGAGTCGGATTGTAAAGTA,0,3301210
relBp,0.5,1,1,TAGAGCCTGTCCCCTTGGTT,0,3274095
relBp,0.5,1,1,TAGAGATCACTGAATGAGCA,0,3286117
relBp,0.5,1,1,TAGACTTTTGGACCTATGGC,0,3282041
relBp,0.5,1,1,TAGAAAGCAGGCTTAACCAT,0,3305224
relBp,0.5,1,1,TACTTATCAGAGTCATATAT,0,3292914
relBp,0.5,1,1,TACTTAGTTTCCATACCCAG,0,3295318
relBp,0.5,1,1,TACTGGCCACACGGTAGACT,0,3275725
relBp,0.5,1,1,TACTCTTTGGCGTTCTGCTA,0,3306469
relBp,0.5,1,1,TACTCTCCATTCGTTCCGCA,0,3285049
relBp,0.5,1,1,TACTCAAAGTATGCGTCTGC,0,3278817
relBp,0.5,1,1,TACGTTCAATTGGTAGGCGG,0,3273521
relBp,0.5,1,1,TACGTGTCGGTAAATTCAGA,0,3268013
relBp,0.5,1,1,TACGTGATCGCACTCCTGGC,0,3271657
relBp,0.5,1,1,TACGTACAGGTCTAGGCTGG,0,3298770
relBp,0.5,1,1,TACGTACACAACCTGTACTC,0,3284995
relBp,0.5,1,1,TACGGTAGGCCGGAGTTCGG,0,3297152
relBp,0.5,1,1,TACGGGTCGATTACAACTCT,0,3277322
relBp,0.5,1,1,TACGGACAGTCGTCGGGTGT,0,3266372
relBp,0.5,1,1,TACGCTGCGGTACTATTGTC,0,3260219
relBp,0.5,1,1,TACGCGAGGTTGCCGTGTTA,0,3294731
relBp,0.5,1,1,TACGCCTTGAGTTCCCCGTG,0,3279370
relBp,0.5,1,1,TACGACTGGGTGTATTACGG,0,3290312
relBp,0.5,1,1,TACGACAGGATCCGTTACAA,0,3276565
relBp,0.5,1,1,TACCTGCTCAATCTAGTAAG,0,3273857
relBp,0.5,1,1,TACCTCCGCTTGGTCCATCC,0,3266912
relBp,0.5,1,1,TACCTACCCCGACATAGAGC,0,3262844
relBp,0.5,1,1,TACCCGTAAATCACAGCATA,0,3277638
relBp,0.5,1,1,TACCAGATTCTGGGGTTCGT,0,3274108
relBp,0.5,1,1,TACCACAAAGTTTCGCGGTT,0,3282221
relBp,0.5,1,1,TACATTCATTCGGGCGCGGC,0,3272349
relBp,0.5,1,1,TACATCTCGCTAAATCTTCG,0,3267328
relBp,0.5,1,1,TACAGTGGACGCGTTCATCA,0,3288235
relBp,0.5,1,1,TACACGTACCATGTTCTATG,0,3275732
relBp,0.5,1,1,TACACCCAAATACAACCGCT,0,3279106
relBp,0.5,1,1,TACACACCCAGATTTTTGGC,0,3307781
relBp,0.5,1,1,TACAATCCTGGAGGTCCGGA,0,3280416
relBp,0.5,1,1,TACAAGGAGGGGGTAGCAGT,0,3281977
relBp,0.5,1,1,TAATGTGTTCGACGTCGAAG,0,3281681
relBp,0.5,1,1,TAATGAGGCCGGTGAGGAGG,0,3285384
relBp,0.5,1,1,TAATCGCCCGGCATATCTAC,0,3280792
relBp,0.5,1,1,TAATCGAGCTGAAATCCCTT,0,3279751
relBp,0.5,1,1,TAATCCCGTGTTAATGTAAT,0,3300168
relBp,0.5,1,1,TAATAGTCCTGTACGACCTG,0,3290472
relBp,0.5,1,1,TAATACTACGTCAGTCGCGG,0,3305606
relBp,0.5,1,1,TAATACATCCGGGGCAAACG,0,3267662
relBp,0.5,1,1,TAATAAGGCAAAGCTTAATG,0,3283498
relBp,0.5,1,1,TAAGTCCCGCGACCTTGATA,0,3286949
relBp,0.5,1,1,TAAGGCGCCAGTAATACACA,0,3298748
relBp,0.5,1,1,TAACTTCATTGCCGTAGGTG,0,3265992
relBp,0.5,1,1,TAACTGTCAGTGGCGAAACG,0,3278877
relBp,0.5,1,1,TAACTGGTTCAAAGAGACAG,0,3275937
relBp,0.5,1,1,TAACTGAATAACTGTGTGTT,0,3274663
relBp,0.5,1,1,TAACTCTGGATTCGCATACC,0,3282955
relBp,0.5,1,1,TAACTAGGGAGGCAGTAAGG,0,3294607
relBp,0.5,1,1,TAACGTAACAGCGCATAGAT,0,3287117
relBp,0.5,1,1,TAACGAAACGTCAGCTCAAA,0,3298056
relBp,0.5,1,1,TAACCCACCTAAGTATTTCG,0,3279199
relBp,0.5,1,1,TAACATTAAAATCTGCCAGT,0,3258102
relBp,0.5,1,1,TAACATAGCCCTTCAAATGA,0,3290473
relBp,0.5,1,1,TAAAGTGTAGTCAGGTTCCA,0,3263321
relBp,0.5,1,1,TAAAGCTCTCGTGCTCCGTA,0,3257549
relBp,0.5,1,1,TAAAGACTATGTGCGAGTTG,0,3279060
relBp,0.5,1,1,TAAACGGGAACGGTACATCG,0,3271533
relBp,0.5,1,1,TAAAACGTCAGGTGACGGGC,0,3288495
relBp,0.5,1,1,GTTTTTAGCAAGAGTACTCT,0,3296362
relBp,0.5,1,1,GTTTTGAGGTAACGTTTTGC,0,3285948
relBp,0.5,1,1,GTTTTCAGGTTACTGTCTCG,0,3268225
relBp,0.5,1,1,GTTTGTTTAAGATTGCCGCG,0,3275612
relBp,0.5,1,1,GTTTGTCGTCGCCTATCGGT,0,3259788
relBp,0.5,1,1,GTTTGGCAAGGACTACGCCT,0,3276102
relBp,0.5,1,1,GTTTCCGACTATCATACTTG,0,3299682
relBp,0.5,1,1,GTTTAATGGAAGACCACGGG,0,3297847
relBp,0.5,1,1,GTTTAAGAAAGCACAAGTCC,0,3280360
relBp,0.5,1,1,GTTGTATCAACCGGAGTACG,0,3297682
relBp,0.5,1,1,GTTGTAGCTATGGCATAGGA,0,3264350
relBp,0.5,1,1,GTTGTAACAGGGGGAACCTA,0,3266816
relBp,0.5,1,1,GTTGGGTGTGCACAGGGCTA,0,3274375
relBp,0.5,1,1,GTTGGCCTCACGGGAATTCG,0,3256839
relBp,0.5,1,1,GTTGGACCATGAAGTAATCA,0,3289198
relBp,0.5,1,1,GTTGCTCAACCAAGCAGGGA,0,3302108
relBp,0.5,1,1,GTTGCGGATGCGGGGATTAT,0,3279650
relBp,0.5,1,1,GTTGCCAGTGACAGCTGGCT,0,3272780
relBp,0.5,1,1,GTTCTTGCTTTTCCGTCGGT,0,3282078
relBp,0.5,1,1,GTTCTCCCTGCGGAATCACA,0,3278489
relBp,0.5,1,1,GTTCTAGGGTCTCATCGCTC,0,3308012
relBp,0.5,1,1,GTTCTAGCTCGATAAATAAT,0,3297059
relBp,0.5,1,1,GTTCGGGCCTAAGCAACCGT,0,3274601
relBp,0.5,1,1,GTTCGGCCGGTAAGGGACAT,0,3262362
relBp,0.5,1,1,GTTCGGATCGATTCAGGTAC,0,3268257
relBp,0.5,1,1,GTTCGCTTTCCAATCCGTGT,0,3307423
relBp,0.5,1,1,GTTCGCAGACCTGTTGAATG,0,3267958
relBp,0.5,1,1,GTTCGAGTCCTCATTTATGC,0,3294000
relBp,0.5,1,1,GTTCCATATATTCAGAATCA,0,3285201
relBp,0.5,1,1,GTTCATCACGCTACAACATA,0,3268458
relBp,0.5,1,1,GTTCAGAGAACTAAACAATC,0,3283538
relBp,0.5,1,1,GTTCACAACTATACTTCCCT,0,3297941
relBp,0.5,1,1,GTTCAAGGCCTCGCTTTGGA,0,3264003
relBp,0.5,1,1,GTTCAAAGGCAAGTCCTAGC,0,3264291
relBp,0.5,1,1,GTTATTATAACTTCGATCCA,0,3280058
relBp,0.5,1,1,GTTATCCGCGCGGCTCATCT,0,3273400
relBp,0.5,1,1,GTTATACTTCTCTAAAATTC,0,3299263
relBp,0.5,1,1,GTTAGTTAGCGCCATGGGAT,0,3302645
relBp,0.5,1,1,GTTAGACCTGGCATCGATAT,0,3285826
relBp,0.5,1,1,GTTACTTGGGCATGGCCAAT,0,3284052
relBp,0.5,1,1,GTTACATTGTCCTCTACACT,0,3288900
relBp,0.5,1,1,GTTAAATAAAGCCCCGTTAC,0,3293879
relBp,0.5,1,1,GTGTTACAGGCTCCCGCCAC,0,3303056
relBp,0.5,1,1,GTGTTACAATCGTTATGACT,0,3290951
relBp,0.5,1,1,GTGTGCGTTGAATGTCGTTT,0,3280162
relBp,0.5,1,1,GTGTCAGTCGAATCTACTGA,0,3306692
relBp,0.5,1,1,GTGTCAGGAGCACAGAGGCT,0,3307894
relBp,0.5,1,1,GTGTCAGACCATCCCATTAA,0,3307468
relBp,0.5,1,1,GTGTAGAGGTCGAGCGGAAT,0,3265919
relBp,0.5,1,1,GTGGTGGAGGCACGTTGGCC,0,3266182
relBp,0.5,1,1,GTGGTCTATCGGGTAACTGA,0,3307085
relBp,0.5,1,1,GTGGTACCCTCGGTAGTATT,0,3267942
relBp,0.5,1,1,GTGGTAATGGCGGAGTCGGC,0,3296236
relBp,0.5,1,1,GTGGTAATGACCTATTCTCA,0,3291480
relBp,0.5,1,1,GTGGGTGTTAGCAAAGGAGT,0,3296918
relBp,0.5,1,1,GTGGGTCTCAAGTAGTTGGC,0,3279204
relBp,0.5,1,1,GTGGGTACGCGACTTCACCA,0,3286746
relBp,0.5,1,1,GTGGGGTTGTCGTTGAGGCT,0,3305607
relBp,0.5,1,1,GTGGGGTGGTAGCGGTGAAT,0,3286537
relBp,0.5,1,1,GTGGGGATTCTACTTCGGAA,0,3289443
relBp,0.5,1,1,GTGGGCGGATTCGTGCACGA,0,3281249
relBp,0.5,1,1,GTGGCTCGTTATGTCTCTAC,0,3270012
relBp,0.5,1,1,GTGGCTCATTGGAACGTCCC,0,3258897
relBp,0.5,1,1,GTGGCCCTATGCTCTCACGC,0,3263202
relBp,0.5,1,1,GTGGAGGTCTTTCTGATGGG,0,3292117
relBp,0.5,1,1,GTGCTTCATTGCACTTAGTC,0,3264269
relBp,0.5,1,1,GTGCGTCTCATACGGAATAA,0,3282223
relBp,0.5,1,1,GTGCGGGAACGTGGCATAGC,0,3263045
relBp,0.5,1,1,GTGCCGCAGGGTATCTATAG,0,3287566
relBp,0.5,1,1,GTGCAAGCAATGAAGGCCGA,0,3296378
relBp,0.5,1,1,GTGATTGGAGGTCGCAATCA,0,3294381
relBp,0.5,1,1,GTGATCTATTTTGAGAGCGC,0,3287656
relBp,0.5,1,1,GTGATCATCTTGTCATCCTA,0,3291315
relBp,0.5,1,1,GTGAATTCACGCCTGGTTGT,0,3299274
relBp,0.5,1,1,GTGAATGTACGGCTGACACG,0,3257726
relBp,0.5,1,1,GTCTTGAGTTAAAACGATTT,0,3259575
relBp,0.5,1,1,GTCTTCCTCCTGACTCAATA,0,3264979
relBp,0.5,1,1,GTCTTCCTACATTGAACCCA,0,3257999
relBp,0.5,1,1,GTCTGGCGCTCTTGGAATTG,0,3262298
relBp,0.5,1,1,GTCTGATATCGTGGCTGCGT,0,3265256
relBp,0.5,1,1,GTCTCTCTGTTGAGATTGGG,0,3267285
relBp,0.5,1,1,GTCTCGGGCATCTTGGCGGA,0,3294174
relBp,0.5,1,1,GTCTCGGCGTACCTTAGCTT,0,3293664
relBp,0.5,1,1,GTCTACGTGCAATCGGGGGA,0,3269471
relBp,0.5,1,1,GTCGTTTGTGGGCGTATGCA,0,3306737
relBp,0.5,1,1,GTCGTGTGCGCAGACTGAGT,0,3288658
relBp,0.5,1,1,GTCGGTTGGGGCTGGAACAA,0,3289717
relBp,0.5,1,1,GTCGGTTGAAGTTACCGGTA,0,3284055
relBp,0.5,1,1,GTCGGGTGAACCAATGCCCC,0,3291568
relBp,0.5,1,1,GTCGGGCGCGCGCGGCGGTT,0,3268826
relBp,0.5,1,1,GTCGCGGACACTGCCCGTTA,0,3298948
relBp,0.5,1,1,GTCGCGAATTTTAGAATCTT,0,3279326
relBp,0.5,1,1,GTCGAGGGGGCTGCAGTGGC,0,3295117
relBp,0.5,1,1,GTCGAGGAGCGGACCATACA,0,3259642
relBp,0.5,1,1,GTCGAATTGATCATAGTGCC,0,3269588
relBp,0.5,1,1,GTCCTACATGGGAACTTAAA,0,3290282
relBp,0.5,1,1,GTCCGGCCTCACGCTTTTCC,0,3280773
relBp,0.5,1,1,GTCCGGCCCTTGGTTGTAGT,0,3297163
relBp,0.5,1,1,GTCCGCACTCACGTAATGTC,0,3266701
relBp,0.5,1,1,GTCCGAGCGTTTGATTCTGC,0,3291479
relBp,0.5,1,1,GTCCGACATGGACAGACACG,0,3276530
relBp,0.5,1,1,GTCCAACAGAACTTACAATC,0,3291790
relBp,0.5,1,1,GTCATTCTACTGGCCTCTCA,0,3278459
relBp,0.5,1,1,GTCATGTCCCGCCCTCGCCC,0,3275354
relBp,0.5,1,1,GTCATGATGTAAGGACGCGA,0,3268712
relBp,0.5,1,1,GTCATATGGAGTCTCATAGG,0,3261543
relBp,0.5,1,1,GTCATAGCCGACAGATGAGA,0,3278127
relBp,0.5,1,1,GTCAGGTGAATTTAACCCCC,0,3281437
relBp,0.5,1,1,GTCAGATTCGAGAGACTGGT,0,3304266
relBp,0.5,1,1,GTCAATCAGCGGCCTCAGAG,0,3292297
relBp,0.5,1,1,GTCAAGAGTGTGAAGTCACG,0,3285565
relBp,0.5,1,1,GTATTCAGCATGACAACGCT,0,3275163
relBp,0.5,1,1,GTATTACAACACGGTCCAGT,0,3294178
relBp,0.5,1,1,GTATTAATCACGCTGGCCGG,0,3256266
relBp,0.5,1,1,GTATCGGTGGTCTAAGGTCA,0,3289945
relBp,0.5,1,1,GTATCGAATCAACCCCATTC,0,3289021
relBp,0.5,1,1,GTATACCGGCCGTCAAGTAG,0,3261329
relBp,0.5,1,1,GTATAAGCACCCTAAATCTT,0,3303923
relBp,0.5,1,1,GTAGTGGCGAAATGCGGTTA,0,3288966
relBp,0.5,1,1,GTAGTGCAATATGTTCTATT,0,3281928
relBp,0.5,1,1,GTAGTCTATCGCATGTTCCT,0,3287855
relBp,0.5,1,1,GTAGTAATGGTAGTACCCAG,0,3307296
relBp,0.5,1,1,GTAGGGTAGATTCCGAGGTT,0,3259782
relBp,0.5,1,1,GTAGGGATGGTACCTGGAGT,0,3267002
relBp,0.5,1,1,GTAGCCGTCATTTCGATTAA,0,3260786
relBp,0.5,1,1,GTAGCAGGTAGGCCAAAAGT,0,3270316
relBp,0.5,1,1,GTAGAGCAAACTGATTCAAG,0,3257230
relBp,0.5,1,1,GTAGACGCGTCTACGGGTTA,0,3264131
relBp,0.5,1,1,GTACGTGCTCGCTACGCGAG,0,3262353
relBp,0.5,1,1,GTACGGATATGACTGGTGGA,0,3304540
relBp,0.5,1,1,GTACGCGTATTGACCATGAA,0,3284736
relBp,0.5,1,1,GTACCTGCGGTGTCGGCATT,0,3302877
relBp,0.5,1,1,GTACCGACGAGTTTGGCATC,0,3280710
relBp,0.5,1,1,GTACCAGCTCCGCACTGGTC,0,3260353
relBp,0.5,1,1,GTACAGTTCGAGAGAATTCT,0,3270908
relBp,0.5,1,1,GTACACCGTAGGCCTATAGT,0,3278609
relBp,0.5,1,1,GTAAGCCATCGGAGTGAAAG,0,3273284
relBp,0.5,1,1,GTAAGAGATCACTACCCGGT,0,3305099
relBp,0.5,1,1,GTAAGACGGCGTAATAGGAC,0,3272837
relBp,0.5,1,1,GTAACATTTGGAAGTCAGGT,0,3269138
relBp,0.5,1,1,GTAAAACGGTACAAAGTGAG,0,3287796
relBp,0.5,1,1,GGTTTGGCAGCCAGATCGTC,0,3286173
relBp,0.5,1,1,GGTTTGCCAAATAAGGTACG,0,3297582
relBp,0.5,1,1,GGTTTCGGGACACCATACCT,0,3271883
relBp,0.5,1,1,GGTTGGCAGGGCATAGCCTT,0,3305285
relBp,0.5,1,1,GGTTGAGGCAAACGTTCCGT,0,3276913
relBp,0.5,1,1,GGTTCTCATAGCGTAGCTAG,0,3268068
relBp,0.5,1,1,GGTTCATGTTTTACAGGTAC,0,3286440
relBp,0.5,1,1,GGTTCAGGTTTATCGCACGT,0,3277344
relBp,0.5,1,1,GGTTATGGCGACCCGTGAAC,0,3278083
relBp,0.5,1,1,GGTTAGTGGCATAGAGTCTT,0,3271696
relBp,0.5,1,1,GGTTAGTCCTGGGTCTGTTT,0,3266936
relBp,0.5,1,1,GGTGTTTGTCTGCGTATTGG,0,3301918
relBp,0.5,1,1,GGTGTGTCGCACAGGATAGA,0,3263102
relBp,0.5,1,1,GGTGTAATAGGATCACTGGA,0,3300449
relBp,0.5,1,1,GGTGGCTGCGCTTCCCTGAT,0,3304319
relBp,0.5,1,1,GGTGCTGGTCCTAGAGTCAG,0,3301293
relBp,0.5,1,1,GGTGCCTACCATGGAGTCTG,0,3256547
relBp,0.5,1,1,GGTGCACTTGGGAGGCAGTT,0,3274963
relBp,0.5,1,1,GGTGCAAGCGGTGTCGGGTT,0,3278937
relBp,0.5,1,1,GGTGAATCACGAAAGCCGAC,0,3267426
relBp,0.5,1,1,GGTCGGTTATGCGACTTACT,0,3305215
relBp,0.5,1,1,GGTCCTCATACTCCTATTAC,0,3265720
relBp,0.5,1,1,GGTCCGGTGCGATGCCTACC,0,3277744
relBp,0.5,1,1,GGTCAGGCGAATTGGACACT,0,3284100
relBp,0.5,1,1,GGTCACTATTGTTCCTTCAT,0,3291641
relBp,0.5,1,1,GGTCAACCCGGGACCCGGGA,0,3288374
relBp,0.5,1,1,GGTATTGTCAGCATTGTGTT,0,3282715
relBp,0.5,1,1,GGTATCCTAATTCTGCCTTT,0,3285415
relBp,0.5,1,1,GGTACTAAAAACGAAAAGGC,0,3305649
relBp,0.5,1,1,GGTACCGCGACTGATATCAC,0,3263945
relBp,0.5,1,1,GGTAATTGGTTGTTGAGCTA,0,3298457
relBp,0.5,1,1,GGTAATGCTCTACACCGGCG,0,3273522
relBp,0.5,1,1,GGTAAGCAGTTTATGCACGC,0,3296601
relBp,0.5,1,1,GGTAAAAGTTTGTCTGGATT,0,3284715
relBp,0.5,1,1,GGGTTCCCGCAGCTCTTATT,0,3258472
relBp,0.5,1,1,GGGTTACCTGGAAACAACCG,0,3256182
relBp,0.5,1,1,GGGTTAACTCGGTTCGGGAT,0,3282665
relBp,0.5,1,1,GGGTGGGGAGTCAAGACCTC,0,3260594
relBp,0.5,1,1,GGGTGCAGCGAGGTGAGCTA,0,3285567
relBp,0.5,1,1,GGGTGAAAGGCGGGCACCAT,0,3304616
relBp,0.5,1,1,GGGTCTGCGGTCGCAGACGA,0,3292891
relBp,0.5,1,1,GGGTCGTCAGCCCCGTGCAA,0,3279175
relBp,0.5,1,1,GGGTCGGTGCTGCTATTCCG,0,3263348
relBp,0.5,1,1,GGGTCGGAACTATGCTGGTA,0,3274376
relBp,0.5,1,1,GGGTAAGTCGCATCAGTGGA,0,3284543
relBp,0.5,1,1,GGGGTTTCCGTCATGAATAG,0,3281716
relBp,0.5,1,1,GGGGTTCGCCATCTATACCA,0,3260740
relBp,0.5,1,1,GGGGTAGGGTTCTATAAAGA,0,3269442
relBp,0.5,1,1,GGGGTAAGTATCTCAAGCCC,0,3277522
relBp,0.5,1,1,GGGGTAAGGACTATCTAACT,0,3291472
relBp,0.5,1,1,GGGGGCGTGTACAGTGTACG,0,3289114
relBp,0.5,1,1,GGGGGCAAAACAATATGGAA,0,3268394
relBp,0.5,1,1,GGGGCGGAACGCATGTTGGA,0,3277290
relBp,0.5,1,1,GGGGCGCCGAGTAATGCTGT,0,3299033
relBp,0.5,1,1,GGGGCATATCAGATGGTCGT,0,3264448
relBp,0.5,1,1,GGGGAGCGGCTACGGTAGGG,0,3258169
relBp,0.5,1,1,GGGGACCACCCAGTTTATGG,0,3266108
relBp,0.5,1,1,GGGGACACCGTGTGCGGAAT,0,3276334
relBp,0.5,1,1,GGGGAAAAGGCCGGCGGTAC,0,3264490
relBp,0.5,1,1,GGGCTGCGCTTATCTTGTTG,0,3287683
relBp,0.5,1,1,GGGCTCTCACGTATAATTTA,0,3263787
relBp,0.5,1,1,GGGCGTTGGAGAAGTTCTCC,0,3285393
relBp,0.5,1,1,GGGCGGCAACCGAGAAAACC,0,3301941
relBp,0.5,1,1,GGGCGAGTCCCCCTCCGCAA,0,3296454
relBp,0.5,1,1,GGGCCTAGCCACACCTTGAA,0,3301595
relBp,0.5,1,1,GGGCCGTACGTGCCAACGCT,0,3270801
relBp,0.5,1,1,GGGCCGGAAAATGGACACAG,0,3287149
relBp,0.5,1,1,GGGCAGAGAGTTATCCACGT,0,3275887
relBp,0.5,1,1,GGGCACGCGAGATGGGCTGA,0,3303158
relBp,0.5,1,1,GGGCACGAGCGGAATGGCCC,0,3299687
relBp,0.5,1,1,GGGATTGTATCTAGGTAGGA,0,3274584
relBp,0.5,1,1,GGGATGCCCTTCACCCCCCA,0,3282366
relBp,0.5,1,1,GGGATGACATAAATTATCGG,0,3275129
relBp,0.5,1,1,GGGATCCCAGGTGTGAGACA,0,3258477
relBp,0.5,1,1,GGGATAGCATTCGCCCGTTG,0,3303804
relBp,0.5,1,1,GGGAGTTTGGTGCGCAGACG,0,3287936
relBp,0.5,1,1,GGGAGTGATACAGTACTGGA,0,3289928
relBp,0.5,1,1,GGGAGGCCCGCACATACCTT,0,3267354
relBp,0.5,1,1,GGGAGCGCTTTTACACACGA,0,3292212
relBp,0.5,1,1,GGGACGTGGCTCGAAGAGGA,0,3277392
relBp,0.5,1,1,GGGACGCCATACCATGTGGT,0,3259242
relBp,0.5,1,1,GGGACCCGAGATGCAAGACC,0,3287465
relBp,0.5,1,1,GGGAACTGTATTTGAGGCTC,0,3257873
relBp,0.5,1,1,GGGAAAATATACACATGGGT,0,3305198
relBp,0.5,1,1,GGGAAAAGCTCGGGGATTGG,0,3271275
relBp,0.5,1,1,GGGAAAACAACAGTGGAATG,0,3269438
relBp,0.5,1,1,GGCTTGGCGTATCAATATAA,0,3263259
relBp,0.5,1,1,GGCTTGAAGCCCCATTCTTA,0,3280669
relBp,0.5,1,1,GGCTTCGGCCAATGCCTATA,0,3261258
relBp,0.5,1,1,GGCTTAGCATATGGAACGTA,0,3264319
relBp,0.5,1,1,GGCTGTGTGAGGACAAATAA,0,3262621
relBp,0.5,1,1,GGCTGTGCACAGAGCCCGCA,0,3263949
relBp,0.5,1,1,GGCTGCGGGACCACGTTCAG,0,3259411
relBp,0.5,1,1,GGCTCCCTTTTGGGAGGATA,0,3288434
relBp,0.5,1,1,GGCTCCCAGGACGTATCCCA,0,3296481
relBp,0.5,1,1,GGCTCAAGCAGCAAAGGCGT,0,3304636
relBp,0.5,1,1,GGCTCAAATAGCCCTACGTT,0,3286925
relBp,0.5,1,1,GGCTATTCCGGCCCACCGAT,0,3288516
relBp,0.5,1,1,GGCTATGTCCTTGACATGGT,0,3289972
relBp,0.5,1,1,GGCGTTTAGACGAAACCGTT,0,3279875
relBp,0.5,1,1,GGCGTAAGGCGCACGCCGGA,0,3260221
relBp,0.5,1,1,GGCGGGATGTCCGCCCTCCG,0,3285188
relBp,0.5,1,1,GGCGGCTGCAACTTATATCC,0,3265535
relBp,0.5,1,1,GGCGGCTCTGTTTGCTACTG,0,3264116
relBp,0.5,1,1,GGCGGAGATGATTCGTTTTG,0,3289946
relBp,0.5,1,1,GGCGGACACGTGCAAATGTA,0,3278151
relBp,0.5,1,1,GGCGAACGGGCCGGACTCTA,0,3285122
relBp,0.5,1,1,GGCGAACCGTATAGGATTAG,0,3281169
relBp,0.5,1,1,GGCCTTATGCTCCCTACACA,0,3272587
relBp,0.5,1,1,GGCCGCTGACTCCATGCGTA,0,3268423
relBp,0.5,1,1,GGCCCCGTCGTCGCATAGGA,0,3296842
relBp,0.5,1,1,GGCCAGGCTACGCAGCTGGA,0,3292051
relBp,0.5,1,1,GGCCAATCCGTCCCATTCCG,0,3307025
relBp,0.5,1,1,GGCCAAAACCACTGCCTTGG,0,3273841
relBp,0.5,1,1,GGCACGGGAAGAGTATCTTT,0,3285250
relBp,0.5,1,1,GGCACGCTCACGGGATACTT,0,3283904
relBp,0.5,1,1,GGCACCAGTCCAGCAAGTGA,0,3261048
relBp,0.5,1,1,GGCAATACCGGGACCTAATC,0,3268352
relBp,0.5,1,1,GGCAACTGTATAAACTATTC,0,3296901
relBp,0.5,1,1,GGCAACATACGGTTCATAGA,0,3268048
relBp,0.5,1,1,GGCAAACAAAGGTGGCGAGA,0,3265076
relBp,0.5,1,1,GGCAAAACATAGCGGCGGCA,0,3258539
relBp,0.5,1,1,GGATTCCCGCTTGAGGTCCA,0,3290497
relBp,0.5,1,1,GGATGCGTATACAACGCGCT,0,3267508
relBp,0.5,1,1,GGATGCGACAATCGAGTTCG,0,3282563
relBp,0.5,1,1,GGATCTATCATAACTTATTT,0,3278036
relBp,0.5,1,1,GGATCGGTGCCATACCTTAT,0,3302367
relBp,0.5,1,1,GGATCCTAAGGTGCGACCCA,0,3295765
relBp,0.5,1,1,GGATCATTTAGTATTGGACA,0,3266110
relBp,0.5,1,1,GGAGTTCGCACATGGTGAAC,0,3267325
relBp,0.5,1,1,GGAGTACTTACTAGGGCCGC,0,3290812
relBp,0.5,1,1,GGAGTACTACCTCCAGGGTT,0,3290080
relBp,0.5,1,1,GGAGGTTCCAGTTCGTTTAG,0,3260694
relBp,0.5,1,1,GGAGGATCTGTCACAGTTAG,0,3277301
relBp,0.5,1,1,GGAGCTTCACGCGTTGCGAT,0,3280774
relBp,0.5,1,1,GGAGCGTTTGGATATGGAGT,0,3285187
relBp,0.5,1,1,GGAGAGTATGTCAATAGTGT,0,3277547
relBp,0.5,1,1,GGACGTACCCTAAGAATGTG,0,3280483
relBp,0.5,1,1,GGACGATATCTCCACGCTTA,0,3262195
relBp,0.5,1,1,GGACCGACAGCGACAAATGT,0,3282628
relBp,0.5,1,1,GGACATCTATTGTGGCTCCC,0,3278775
relBp,0.5,1,1,GGACAGTCCAGCGGATGCGT,0,3280304
relBp,0.5,1,1,GGACACCCCGGGATTAATTA,0,3261478
relBp,0.5,1,1,GGACAATAATTTCCGAAAGC,0,3291361
relBp,0.5,1,1,GGAAGCCTGTTTAGCATTAT,0,3302803
relBp,0.5,1,1,GGAACCTATACCTCAAGGAA,0,3277568
relBp,0.5,1,1,GGAACATTGCGGGTATTCAG,0,3282681
relBp,0.5,1,1,GGAAATCTTTTCCCAAGGTC,0,3274388
relBp,0.5,1,1,GGAAAGAGTTACGGCAAAGC,0,3295333
relBp,0.5,1,1,GGAAACTCGAATACTATTAC,0,3289973
relBp,0.5,1,1,GGAAAAGGGCAAATGAGGAT,0,3256780
relBp,0.5,1,1,GCTTTTCATGTGACTGAGGG,0,3274281
relBp,0.5,1,1,GCTTTTAACCTACTGGGCAT,0,3295115
relBp,0.5,1,1,GCTTGGCACTAATATCACGT,0,3272400
relBp,0.5,1,1,GCTTGCTTGACATCATTGAT,0,3263054
relBp,0.5,1,1,GCTTGAGGAGGGAGCCCCCT,0,3263741
relBp,0.5,1,1,GCTTCCAACCTCTATGTCAC,0,3305207
relBp,0.5,1,1,GCTTCAGGGTGTAGTTCTAT,0,3267849
relBp,0.5,1,1,GCTTCAAGAGCAGAACAGAC,0,3294008
relBp,0.5,1,1,GCTGTTTATGGTCTGCGAGA,0,3295281
relBp,0.5,1,1,GCTGTATCAGCTGGTTGCTA,0,3296919
relBp,0.5,1,1,GCTGGGTGTGCTTGTGATTA,0,3289306
relBp,0.5,1,1,GCTGGCGTGGCCCTGGTGCT,0,3285673
relBp,0.5,1,1,GCTGCGCTTCCATCACCTAG,0,3291862
relBp,0.5,1,1,GCTGCAAGCGCAATCTACAG,0,3269004
relBp,0.5,1,1,GCTGATGCGCTTACCGCTAG,0,3262623
relBp,0.5,1,1,GCTGAGCTCCTGCCTATAGT,0,3264279
relBp,0.5,1,1,GCTGACCGGGTGTATACATT,0,3268923
relBp,0.5,1,1,GCTCTGTCATAGGGAGGTCA,0,3283596
relBp,0.5,1,1,GCTCTGATGCGTATAGCGGA,0,3269447
relBp,0.5,1,1,GCTCAGAATGACAAGCGGTG,0,3298562
relBp,0.5,1,1,GCTATGCATCATGAGGGTAC,0,3281941
relBp,0.5,1,1,GCTATACCTGACGTCTTCTC,0,3270866
relBp,0.5,1,1,GCTAGTCGTTTTACTCGACA,0,3279952
relBp,0.5,1,1,GCTAGTATACTGCTTGGCAT,0,3293969
relBp,0.5,1,1,GCTAGGTAGTATCAATCAAG,0,3256459
relBp,0.5,1,1,GCTACGGGGACCGCGTAAGT,0,3305310
relBp,0.5,1,1,GCTAATTATTATTCCACCAC,0,3301602
relBp,0.5,1,1,GCGTTTTCAATAACTAAGGC,0,3274171
relBp,0.5,1,1,GCGTGTGAGCGCAGAATGAG,0,3290465
relBp,0.5,1,1,GCGTGGAAAAACAATGTTAA,0,3293419
relBp,0.5,1,1,GCGTGATGGTGGTTGGGATT,0,3303504
relBp,0.5,1,1,GCGTCTGTCAAAATACCTAA,0,3280872
relBp,0.5,1,1,GCGTCCTTGGCACATCGCGA,0,3261428
relBp,0.5,1,1,GCGTATGGGACTACGGTGCA,0,3266280
relBp,0.5,1,1,GCGTACTACGGGCCCGGTAT,0,3287004
relBp,0.5,1,1,GCGGTTTGCGGTGTGGATAA,0,3292736
relBp,0.5,1,1,GCGGTCATTATAACCCCCCA,0,3283354
relBp,0.5,1,1,GCGGGGGGTTAGATCCGTCA,0,3305171
relBp,0.5,1,1,GCGGGGCATGTTAGACAGGC,0,3280530
relBp,0.5,1,1,GCGGGGATGTATGGATGACC,0,3273256
relBp,0.5,1,1,GCGGGCTGGGGTGAATTTAA,0,3261276
relBp,0.5,1,1,GCGGGCATAGACGCGGCGAT,0,3277574
relBp,0.5,1,1,GCGGGAAGGTGAAAATGTGG,0,3257459
relBp,0.5,1,1,GCGGCCGGGCTAGGAACAAC,0,3258762
relBp,0.5,1,1,GCGGCAGGGGTACAGCATAA,0,3262630
relBp,0.5,1,1,GCGCGTTACAAAGACTGTAA,0,3259946
relBp,0.5,1,1,GCGCGTCAGTAGTGGTGTAG,0,3276694
relBp,0.5,1,1,GCGCGGCTAGCGGCAATATG,0,3296255
relBp,0.5,1,1,GCGCGCAGTAATCCTTATGC,0,3279497
relBp,0.5,1,1,GCGCATGCATACCGCACGCA,0,3267059
relBp,0.5,1,1,GCGCATACTGTCGGCTGCAT,0,3299603
relBp,0.5,1,1,GCGCAGTATCTGATGAGGGG,0,3262541
relBp,0.5,1,1,GCGCAGACCGAATTATTTGG,0,3287147
relBp,0.5,1,1,GCGCAAAAAACATTGACGCG,0,3280237
relBp,0.5,1,1,GCGATGTGAGGAAGATATGA,0,3268326
relBp,0.5,1,1,GCGATCTGTTGGGGACTAGG,0,3294865
relBp,0.5,1,1,GCGAGAAGGGCAGAATTCAT,0,3280160
relBp,0.5,1,1,GCGACTGGCAGGGTACTGAA,0,3266653
relBp,0.5,1,1,GCGACCGCCAACCAAGTACC,0,3296139
relBp,0.5,1,1,GCGAAGTTTCACATACTATA,0,3272828
relBp,0.5,1,1,GCCTTTGTGTGGATATAAAA,0,3283648
relBp,0.5,1,1,GCCTTTCTTTAAAAGGAGAT,0,3291861
relBp,0.5,1,1,GCCTTTACACTGCCCGCAAC,0,3291318
relBp,0.5,1,1,GCCTTGTTCGAAGCACTCTC,0,3299801
relBp,0.5,1,1,GCCTTCCACTACCACCTTCT,0,3296594
relBp,0.5,1,1,GCCTTACCGAGTTCCTTGAG,0,3285083
relBp,0.5,1,1,GCCTTAAACCCACTACGAGA,0,3302211
relBp,0.5,1,1,GCCTGAGTGGGTGGCCTCGG,0,3264135
relBp,0.5,1,1,GCCTCGTAACTGAAATTGTC,0,3286743
relBp,0.5,1,1,GCCTCAGGGCCTCCGTAATC,0,3290299
relBp,0.5,1,1,GCCTACTCTTTATGGGGTGA,0,3293883
relBp,0.5,1,1,GCCTAAGTTCCAGCATGCGC,0,3269389
relBp,0.5,1,1,GCCGTTTTGGTTAGACCGCA,0,3292368
relBp,0.5,1,1,GCCGTTTGTAAAAATGTTCC,0,3286212
relBp,0.5,1,1,GCCGGATCAGGAGGGGAAGC,0,3256751
relBp,0.5,1,1,GCCGGATAGGTGCTACATGA,0,3282272
relBp,0.5,1,1,GCCGCTGCTGAGACATACAG,0,3271004
relBp,0.5,1,1,GCCGCCCTGGTGGGACGCAA,0,3261085
relBp,0.5,1,1,GCCCTTCCGGAACTTTTGTC,0,3276403
relBp,0.5,1,1,GCCCTGTCATGAGTGGGGCT,0,3287376
relBp,0.5,1,1,GCCCTGGAAGGTGAACTTCT,0,3261886
relBp,0.5,1,1,GCCCTATGTTCTACGAGATT,0,3291066
relBp,0.5,1,1,GCCCGGGTTCATTTTCACTC,0,3276612
relBp,0.5,1,1,GCCCGGCTTGTCAACGTGAA,0,3294352
relBp,0.5,1,1,GCCCCACAGGATATAGAGAT,0,3284983
relBp,0.5,1,1,GCCCAGCCAGAGTGCAAACC,0,3299610
relBp,0.5,1,1,GCCATTATTCCCGTCACAAT,0,3287764
relBp,0.5,1,1,GCCATGGCCCCAGGTTGAAG,0,3264773
relBp,0.5,1,1,GCCAGGAATATGTTGATCGC,0,3278819
relBp,0.5,1,1,GCCAGCTGTGGGAGATAAAG,0,3280328
relBp,0.5,1,1,GCCACTGGTAACTGGCATAT,0,3263988
relBp,0.5,1,1,GCCACTCCCTTGGGCTGTGG,0,3265704
relBp,0.5,1,1,GCCACAGCGCGTACATAGAG,0,3267152
relBp,0.5,1,1,GCCAATTACCGATATGCGCC,0,3267132
relBp,0.5,1,1,GCCAAGCAGGAGACTAGCTG,0,3259241
relBp,0.5,1,1,GCATTTGGCGACGGCTCGAC,0,3296208
relBp,0.5,1,1,GCATTCCCAGTGGCATGGTA,0,3290989
relBp,0.5,1,1,GCATGGATAAGTGTGACGAA,0,3294511
relBp,0.5,1,1,GCATGGAGTTAGCAGAGCAG,0,3256416
relBp,0.5,1,1,GCATGCGGGCGGTCACTGAC,0,3291331
relBp,0.5,1,1,GCATAGTGCGGAGTGGCTGT,0,3282101
relBp,0.5,1,1,GCAGTTCGGGCCATGCAATG,0,3272795
relBp,0.5,1,1,GCAGTTATTATAGATTAGAA,0,3258411
relBp,0.5,1,1,GCAGGTAATTCCATTCGCGT,0,3256801
relBp,0.5,1,1,GCAGGGCCATGGGCAATGGT,0,3281399
relBp,0.5,1,1,GCAGGGCACGAGAGAGTACC,0,3260763
relBp,0.5,1,1,GCAGCATCTCGGGTTAGTTT,0,3295755
relBp,0.5,1,1,GCAGATCGGCCGGATTGCAA,0,3262788
relBp,0.5,1,1,GCAGAAATCGCACAGCCTTA,0,3260046
relBp,0.5,1,1,GCACTCGAGGGGTCCATAAC,0,3264991
relBp,0.5,1,1,GCACGTACTCGCGCCTACGT,0,3276740
relBp,0.5,1,1,GCACGGTGGTGAACTCTCTT,0,3296241
relBp,0.5,1,1,GCACGCCGAGGGGCATAATT,0,3288496
relBp,0.5,1,1,GCACGATTGAACCGTATCCT,0,3291592
relBp,0.5,1,1,GCACGAGGACTGGATCCTTT,0,3301437
relBp,0.5,1,1,GCACCGGGGGGGTTGCGAGC,0,3284558
relBp,0.5,1,1,GCACCCTAAGGGACGTCCGC,0,3269019
relBp,0.5,1,1,GCACACGCCACTAAATTCAA,0,3292315
relBp,0.5,1,1,GCAATCCTCTGACCCAGCGC,0,3270645
relBp,0.5,1,1,GCAATACTGTACGTGGAGGC,0,3258279
relBp,0.5,1,1,GCAATACGGTTCAATAGGAT,0,3269600
relBp,0.5,1,1,GCAAGTTTCGACTGAGCTAA,0,3269781
relBp,0.5,1,1,GCAAGTCTTATTGGTAGCAT,0,3258177
relBp,0.5,1,1,GCAAGATAGGTTGGGCTGTC,0,3290406
relBp,0.5,1,1,GCAACTTCAAGGGTTCCACA,0,3293174
relBp,0.5,1,1,GCAAAACACTCTTGCCGGAT,0,3275050
relBp,0.5,1,1,GATTTCCCGCTAACAGCTCG,0,3258942
relBp,0.5,1,1,GATTTAGCCGTCCTATATAC,0,3270947
relBp,0.5,1,1,GATTTAACCACTTATAGTCT,0,3306318
relBp,0.5,1,1,GATTGATGACTAGACCGCCT,0,3282694
relBp,0.5,1,1,GATTGAGTCTAGTTGGGGAA,0,3299479
relBp,0.5,1,1,GATTCTTTCGGATACCCCGG,0,3287511
relBp,0.5,1,1,GATTCTAGGGAGTTGGAGGC,0,3269065
relBp,0.5,1,1,GATTCATTAGGCGAATTAAA,0,3267986
relBp,0.5,1,1,GATGTCTCATAGCGAGTCTG,0,3281084
relBp,0.5,1,1,GATGTCCACTCCCGTGCTCG,0,3272398
relBp,0.5,1,1,GATGTCAACCCAGAAACGAT,0,3284807
relBp,0.5,1,1,GATGGGGGTTCTGATCTTGA,0,3298836
relBp,0.5,1,1,GATGCTCCACGCTCAATTCC,0,3290108
relBp,0.5,1,1,GATGATTAGGTCCGATACAT,0,3263640
relBp,0.5,1,1,GATCTCCTCTGGGAAACGCA,0,3297063
relBp,0.5,1,1,GATCGGCATCAACCTACCCA,0,3290204
relBp,0.5,1,1,GATCGGAGGTGTTTAGGGCT,0,3293096
relBp,0.5,1,1,GATCGCGGACGGCATAAACA,0,3270608
relBp,0.5,1,1,GATCCGAACATACGGTGATG,0,3260911
relBp,0.5,1,1,GATCCATGGCAGACGGAAAT,0,3290671
relBp,0.5,1,1,GATCCAGGAAAACCGGATGT,0,3259120
relBp,0.5,1,1,GATATTGGGCCTTTGATCTT,0,3275229
relBp,0.5,1,1,GATATTAATGTTTCTGAAAC,0,3293098
relBp,0.5,1,1,GATATGTCCTGCTCTCGGGC,0,3292699
relBp,0.5,1,1,GATATGACAAAAGAGTAGTG,0,3274089
relBp,0.5,1,1,GATATCGGTGTAGAAGGGAA,0,3271190
relBp,0.5,1,1,GATATCATATTCTGCCATTA,0,3258710
relBp,0.5,1,1,GATATAGGGGCGCAGGCGTT,0,3271586
relBp,0.5,1,1,GATAGTAGGTGGGTGACTAT,0,3294762
relBp,0.5,1,1,GATAGAGAGATGTGACGATT,0,3262521
relBp,0.5,1,1,GATACGCATGTGTCAGGATG,0,3270233
relBp,0.5,1,1,GATACCGTGTTCTGTTTCAG,0,3285117
relBp,0.5,1,1,GATACCCACTCCACACATGT,0,3259410
relBp,0.5,1,1,GATAATACCAGACCTCAGGG,0,3283009
relBp,0.5,1,1,GAGTTTTGCCAACCGTTCAT,0,3268564
relBp,0.5,1,1,GAGTTTGTGGGAGCTGACAT,0,3278147
relBp,0.5,1,1,GAGTTGTGGATGGTTTTCCA,0,3287329
relBp,0.5,1,1,GAGTTGCTATTTTGATTGTC,0,3271717
relBp,0.5,1,1,GAGTTATTATAGTGTTTCGC,0,3300695
relBp,0.5,1,1,GAGTTACCAGCAGGATGTTA,0,3274798
relBp,0.5,1,1,GAGTGTGGGTCCACTGCGTG,0,3273212
relBp,0.5,1,1,GAGTGGTAGTATTTGCGATG,0,3266201
relBp,0.5,1,1,GAGTGGCATTCGTTCACTAT,0,3265335
relBp,0.5,1,1,GAGTGGACTCCCCCGCCGTC,0,3305179
relBp,0.5,1,1,GAGTCTTGCCTCACCACGCA,0,3259800
relBp,0.5,1,1,GAGTCGGATGCAGCTAGTCC,0,3277700
relBp,0.5,1,1,GAGTCAACAGTCCAGAAGAC,0,3301365
relBp,0.5,1,1,GAGTAATCCGAACGACCGCT,0,3259926
relBp,0.5,1,1,GAGGTTGGTTCACTTGGCAG,0,3299776
relBp,0.5,1,1,GAGGTGTAGTAGGCCAGATA,0,3281318
relBp,0.5,1,1,GAGGGCGTGGGGAGGAGCCG,0,3299255
relBp,0.5,1,1,GAGGCGCCTCCCATGAGCGA,0,3287782
relBp,0.5,1,1,GAGGCCCCATGTGAGTGTCT,0,3301676
relBp,0.5,1,1,GAGGCAAATCTGAAAACTCC,0,3257457
relBp,0.5,1,1,GAGGATTACGGGTACGCCTG,0,3299231
relBp,0.5,1,1,GAGGAGCTAAAGAAGTGTAA,0,3300309
relBp,0.5,1,1,GAGGACCACTTCTGGTATGG,0,3258108
relBp,0.5,1,1,GAGGAAGGCTAGCCAAGGCA,0,3288303
relBp,0.5,1,1,GAGCTGTTGTATTAACGGTA,0,3276150
relBp,0.5,1,1,GAGCTGGTGCGTCCTGCGCC,0,3295481
relBp,0.5,1,1,GAGCGGGTATGCAATAGGAC,0,3281001
relBp,0.5,1,1,GAGCGGGATGATCACATCAT,0,3293873
relBp,0.5,1,1,GAGCGGACCCGAGAGTTGGG,0,3277508
relBp,0.5,1,1,GAGCCGCTCCTCGTATGAAG,0,3258811
relBp,0.5,1,1,GAGCCGATGTGTAGTGATTG,0,3299408
relBp,0.5,1,1,GAGCCACTCACGGTTCGCGA,0,3293714
relBp,0.5,1,1,GAGCATAGTTATTAGCAATA,0,3306807
relBp,0.5,1,1,GAGATTGGGAACGCGTAATG,0,3279564
relBp,0.5,1,1,GAGATGGGGCAATTCTTATA,0,3277483
relBp,0.5,1,1,GAGATAAGGAATTAGCTATG,0,3281765
relBp,0.5,1,1,GAGAGTGGACAGATCAAATA,0,3275028
relBp,0.5,1,1,GAGACCGGCTGTTCATAGTT,0,3304126
relBp,0.5,1,1,GAGAAAAAAGGTCAGCTCTG,0,3273849
relBp,0.5,1,1,GACTTTCATGTGATCGTATG,0,3268644
relBp,0.5,1,1,GACTTACGACGGTAGAGACG,0,3300000
relBp,0.5,1,1,GACTTACCAATGTGATGGCT,0,3301108
relBp,0.5,1,1,GACTGTGGACTGGCTTGAAA,0,3304260
relBp,0.5,1,1,GACTGTAAGATGTGGCGACT,0,3289970
relBp,0.5,1,1,GACTGCAGTAAACGCTTCTA,0,3269954
relBp,0.5,1,1,GACTGACCTCCTGTTCGTGT,0,3300779
relBp,0.5,1,1,GACTATCTCCTTCGGTTCAG,0,3290687
relBp,0.5,1,1,GACTAGAATGAGTTCCGGGA,0,3265040
relBp,0.5,1,1,GACTACCAATAGAAACGTCT,0,3280879
relBp,0.5,1,1,GACGTGTGCAATTAGAATCC,0,3259493
relBp,0.5,1,1,GACGGTAGATTGAGGCCCTT,0,3274977
relBp,0.5,1,1,GACGGGCTTGTGACGCCAAT,0,3279367
relBp,0.5,1,1,GACGGGAGAGAAGCTGTTAC,0,3280704
relBp,0.5,1,1,GACGAGCAGGTTCGCGGCTG,0,3283766
relBp,0.5,1,1,GACCGTGGTCACCAAACCCG,0,3295010
relBp,0.5,1,1,GACCGGTGTGCAAACGCGCA,0,3301279
relBp,0.5,1,1,GACCGGCCCGAGTTCCTCCA,0,3279018
relBp,0.5,1,1,GACCGGATAAAGTAACTTCA,0,3258138
relBp,0.5,1,1,GACCCGACGTTGGGTCAGAT,0,3291416
relBp,0.5,1,1,GACCATACGCTAAAGACCGG,0,3298469
relBp,0.5,1,1,GACCAGGTAGTCCGCTCATA,0,3289117
relBp,0.5,1,1,GACCACCAGCGGTTATAACC,0,3280086
relBp,0.5,1,1,GACATTCGTATAGTTGGTGG,0,3289185
relBp,0.5,1,1,GACATTAGGATGGGTTGCTC,0,3295043
relBp,0.5,1,1,GACATCTGCTTATACTAATG,0,3267960
relBp,0.5,1,1,GACATCATAAGCCTCTTGAA,0,3278250
relBp,0.5,1,1,GACATAATAACCGTTCCGAT,0,3283102
relBp,0.5,1,1,GACAGCTAAAGGTTGAAGAG,0,3264123
relBp,0.5,1,1,GACACGGATGTCAATGTACC,0,3305770
relBp,0.5,1,1,GACACAGCCATCAATCTGCG,0,3286586
relBp,0.5,1,1,GACAATATCGGTCGTGTCGT,0,3263336
relBp,0.5,1,1,GAATTGCGGAGGAATCAGCA,0,3277104
relBp,0.5,1,1,GAATTCGGTGATTGTCCGCC,0,3287088
relBp,0.5,1,1,GAATGGACGTCAACGGCCGC,0,3272341
relBp,0.5,1,1,GAATCGGCGCGGACCTAGTG,0,3280794
relBp,0.5,1,1,GAATCCGGAGTCCCTTACAT,0,3302956
relBp,0.5,1,1,GAAGTTACCTCCATATGATC,0,3262285
relBp,0.5,1,1,GAAGGTTGGATGAACGGTCC,0,3271572
relBp,0.5,1,1,GAAGGCAGCGAAAGTCCCCA,0,3260643
relBp,0.5,1,1,GAAGAGCTTGTAGCCGGCGC,0,3265830
relBp,0.5,1,1,GAAGAGCCCGTACAAATTGA,0,3299868
relBp,0.5,1,1,GAACTCAAGTCGGGCGCCAA,0,3294912
relBp,0.5,1,1,GAACGGACGATTATTGGGTA,0,3284551
relBp,0.5,1,1,GAACGCAGCAGCAGCGACCA,0,3274148
relBp,0.5,1,1,GAACCAAGCTCCATTGGCGT,0,3298034
relBp,0.5,1,1,GAAATAGGCCTTCGCCCTCA,0,3269965
relBp,0.5,1,1,GAAATAAGATTATCAATGCT,0,3259687
relBp,0.5,1,1,GAAATAACACCGACTTGGAT,0,3263166
relBp,0.5,1,1,GAAAGGTGTGGACCAAAAAC,0,3270773
relBp,0.5,1,1,GAAAGGTGAACGCTGTTTGT,0,3264799
relBp,0.5,1,1,GAAACTCGCGTTACGTTCAT,0,3274144
relBp,0.5,1,1,GAAACGGTTTATCACGGCTC,0,3257211
relBp,0.5,1,1,GAAACGGGCACAGTTGTACA,0,3260128
relBp,0.5,1,1,GAAAATGGCGTTTCGTTTAC,0,3304670
relBp,0.5,1,1,CTTTTTTGTACGGTCACGCA,0,3288101
relBp,0.5,1,1,CTTTTTCGCAACCATGGTTC,0,3281940
relBp,0.5,1,1,CTTTTCGATTTTGAGAGCTT,0,3284713
relBp,0.5,1,1,CTTTTCCGGTCACCGCGCGA,0,3284526
relBp,0.5,1,1,CTTTGTAGGATTCATGTATG,0,3257015
relBp,0.5,1,1,CTTTGTACAATATTACAAGT,0,3300389
relBp,0.5,1,1,CTTTGGGTTGCGGGGGGAAC,0,3303694
relBp,0.5,1,1,CTTTGAAGTACGGGGACGTC,0,3296123
relBp,0.5,1,1,CTTTAGTGGTATGCCGGGTG,0,3260330
relBp,0.5,1,1,CTTTACCAAATGCGTCGGCT,0,3262308
relBp,0.5,1,1,CTTGTTTCAAGCCTCCAAGC,0,3274477
relBp,0.5,1,1,CTTGTGACCGTGTGCAAAGA,0,3285719
relBp,0.5,1,1,CTTGTATTCTGTTGGATCGC,0,3285339
relBp,0.5,1,1,CTTGCAATCTTCGTACGCGG,0,3290277
relBp,0.5,1,1,CTTGATGCCGCTCTCTCGAA,0,3258717
relBp,0.5,1,1,CTTGAGAGTTGCGCCGGTCG,0,3273735
relBp,0.5,1,1,CTTGACCACGGCACTATTCC,0,3293554
relBp,0.5,1,1,CTTGAATAGCTCTTACGTAT,0,3284567
relBp,0.5,1,1,CTTCGTTCTCGGGATTAGGC,0,3260881
relBp,0.5,1,1,CTTCGGTTTTCTATAATGCC,0,3271892
relBp,0.5,1,1,CTTCGGGGTAGGCTTATTCT,0,3271154
relBp,0.5,1,1,CTTCGCTAATACGTATTATC,0,3293759
relBp,0.5,1,1,CTTCATTGTCAGGGGTCCTC,0,3284858
relBp,0.5,1,1,CTTCATGTGGGGGTTTCGTA,0,3276153
relBp,0.5,1,1,CTTATGATTATCTTGAGGAG,0,3290633
relBp,0.5,1,1,CTTATACGCGCCCGAATCTA,0,3265666
relBp,0.5,1,1,CTTAGTACCTCTTGTGAGGT,0,3263764
relBp,0.5,1,1,CTTAGGACGAATTTAGGTGG,0,3258889
relBp,0.5,1,1,CTTAGACTTACGCGCGAGTT,0,3292726
relBp,0.5,1,1,CTTAGAATGCCCTGTGAAGT,0,3281389
relBp,0.5,1,1,CTTACTTAACGTTATGCGCC,0,3260632
relBp,0.5,1,1,CTTAAGTGGCATTCGTGATG,0,3267948
relBp,0.5,1,1,CTTAAGCGGGTTCAAGGGTT,0,3269685
relBp,0.5,1,1,CTTAAGCAGATGCTCGAGCT,0,3263742
relBp,0.5,1,1,CTGTTTGTCCTACTTCAGGA,0,3294636
relBp,0.5,1,1,CTGTTGTTACGGAATCCGCA,0,3262351
relBp,0.5,1,1,CTGTTGCGTCAACTCACGGA,0,3277581
relBp,0.5,1,1,CTGTGCAGACAGCTGGTACT,0,3258948
relBp,0.5,1,1,CTGTCTGGTATCAGCGATTA,0,3270897
relBp,0.5,1,1,CTGTCCTGTCCTTGATTCTC,0,3266104
relBp,0.5,1,1,CTGTCAAACGCGCGTATCCT,0,3294486
relBp,0.5,1,1,CTGTAGGCACGTCGTGGGCA,0,3297296
relBp,0.5,1,1,CTGTAATTTGGCGTACCTTC,0,3271939
relBp,0.5,1,1,CTGTAATCTCCGCCCGGGAG,0,3294482
relBp,0.5,1,1,CTGTAAGGTCCCCCGGTGTT,0,3279965
relBp,0.5,1,1,CTGTAAACTGGACGGGCAGT,0,3278875
relBp,0.5,1,1,CTGGTTACTCTAGAAAATAG,0,3283001
relBp,0.5,1,1,CTGGTGAGTGCTATTAACCT,0,3268046
relBp,0.5,1,1,CTGGTCGCAGAGTGATGCTG,0,3302217
relBp,0.5,1,1,CTGGTATCCCGCTTCGAGTG,0,3303794
relBp,0.5,1,1,CTGGGGTAAGGGTACGTAGG,0,3265900
relBp,0.5,1,1,CTGGCGGCAGGGAGGCAGGT,0,3296424
relBp,0.5,1,1,CTGGCCTGTCATCAGCTCAA,0,3260859
relBp,0.5,1,1,CTGGCCACCGCACTTTTCGT,0,3267832
relBp,0.5,1,1,CTGGATGCTCAAAGGCGTTC,0,3263324
relBp,0.5,1,1,CTGGATGCAGCTATCAAAGT,0,3268249
relBp,0.5,1,1,CTGGATAGTCTCTGTCGTAA,0,3308480
relBp,0.5,1,1,CTGGAGCGAATGATGTATGC,0,3277058
relBp,0.5,1,1,CTGGAAAGGTGATGCCAGGT,0,3257862
relBp,0.5,1,1,CTGGAAAATGGTTGGTACGG,0,3270767
relBp,0.5,1,1,CTGCTGGTCGATCTTGGGTA,0,3273524
relBp,0.5,1,1,CTGCTGGTCGACCTTGGAGA,0,3273527
relBp,0.5,1,1,CTGCTAGGTTAAGAACACGT,0,3292516
relBp,0.5,1,1,CTGCGACGCACCGTGCCCAT,0,3259779
relBp,0.5,1,1,CTGATGTTCTTGGCGAAATC,0,3291332
relBp,0.5,1,1,CTGAGGAGAGTCGTAGACCC,0,3287463
relBp,0.5,1,1,CTGAGAGCTAGGATTCCTAT,0,3285816
relBp,0.5,1,1,CTGACTATACCCAGTTACGT,0,3270010
relBp,0.5,1,1,CTGAATGCCACGTTATTCAT,0,3264400
relBp,0.5,1,1,CTGAATCCTTCCTAGACTTC,0,3280827
relBp,0.5,1,1,CTGAAATGGAGAGTTCCACT,0,3268270
relBp,0.5,1,1,CTCTTTGCTGAAGATCCGCT,0,3288583
relBp,0.5,1,1,CTCTTGCGCACTCTTGTTGT,0,3258574
relBp,0.5,1,1,CTCTTCTATACTTGTTCGTT,0,3305993
relBp,0.5,1,1,CTCTGCTCGTCTGGTAGACT,0,3264677
relBp,0.5,1,1,CTCTCGGAAAACGGTAAATG,0,3290744
relBp,0.5,1,1,CTCTCCAGGTGCGCAGTCAG,0,3277101
relBp,0.5,1,1,CTCTATTTTTGGCAGCAAAG,0,3268615
relBp,0.5,1,1,CTCGTGCTTCCGGGCACGCC,0,3265151
relBp,0.5,1,1,CTCGTCGCACGGTTTGTTTA,0,3266771
relBp,0.5,1,1,CTCGTCCCTGGCAATGGATA,0,3266452
relBp,0.5,1,1,CTCGGTCTCGGAGTGAAAAG,0,3283299
relBp,0.5,1,1,CTCGGCCCAAAAAGTAACGG,0,3286208
relBp,0.5,1,1,CTCGGCATACTATAAGACCT,0,3260357
relBp,0.5,1,1,CTCGGCAACGACCCAGGGTG,0,3268569
relBp,0.5,1,1,CTCGGAGGCGGAGATGTTCG,0,3305742
relBp,0.5,1,1,CTCGCAATCTGTGTCCTCGG,0,3303400
relBp,0.5,1,1,CTCCTCAGTAGAAATCCCAC,0,3256226
relBp,0.5,1,1,CTCCTATCATCTGAAATCCT,0,3269646
relBp,0.5,1,1,CTCCTACACCACTACACCAC,0,3288991
relBp,0.5,1,1,CTCCGGCAGGTTCCATTCAC,0,3278092
relBp,0.5,1,1,CTCCGAACTCCTAATAGTCC,0,3290186
relBp,0.5,1,1,CTCCCGGAACAACGCGTCAC,0,3296338
relBp,0.5,1,1,CTCCCAAGGATGGCAAAGCT,0,3296061
relBp,0.5,1,1,CTCCACTTTCGGCTGACATG,0,3256853
relBp,0.5,1,1,CTCCAAGGAAGAGAATGATG,0,3287537
relBp,0.5,1,1,CTCATCGTAGTGGCATGGTT,0,3265100
relBp,0.5,1,1,CTCAGTACCGTAGCCGACCG,0,3268370
relBp,0.5,1,1,CTCAGGTCATAGCGGTGTGA,0,3268982
relBp,0.5,1,1,CTCACGGACGTCCCTGGAGC,0,3284978
relBp,0.5,1,1,CTATTCACTCTTCGTGATAC,0,3266881
relBp,0.5,1,1,CTATCTGCCGGCACAGACGA,0,3263185
relBp,0.5,1,1,CTATCCACCCCGTGTCAGTT,0,3289829
relBp,0.5,1,1,CTATATAGCTTCGGGTGGCA,0,3274327
relBp,0.5,1,1,CTATAGGCAAAGATCGGCGT,0,3267758
relBp,0.5,1,1,CTATAGATTTTACGTGGTAA,0,3300187
relBp,0.5,1,1,CTATACAACCGGTTTCAGCA,0,3304497
relBp,0.5,1,1,CTAGTTATCCCAACTTCAGG,0,3284302
relBp,0.5,1,1,CTAGTCTCCATAAGAGGTGC,0,3260879
relBp,0.5,1,1,CTAGTCAGGACTTACTCTCA,0,3279056
relBp,0.5,1,1,CTAGGCTGCCAGTAGAGAGT,0,3275790
relBp,0.5,1,1,CTAGGCCCGAAGTATGTAAT,0,3303846
relBp,0.5,1,1,CTACTTATGAATCGTGCAAT,0,3259062
relBp,0.5,1,1,CTACGGTCAGAGAGGTCCGT,0,3285412
relBp,0.5,1,1,CTACGGACACAATGGAAATG,0,3278922
relBp,0.5,1,1,CTACGCGACGCACAGAAGGG,0,3259746
relBp,0.5,1,1,CTACCGGATGTCAGAATTCT,0,3274165
relBp,0.5,1,1,CTACCCGCGTGGCCAAATCA,0,3274626
relBp,0.5,1,1,CTACCAGACTGTGACCTATC,0,3273018
relBp,0.5,1,1,CTACACCGGTAAACCAGCAT,0,3299975
relBp,0.5,1,1,CTAATTCCCGTACTCAGCCA,0,3272909
relBp,0.5,1,1,CTAATCGTTCAATTACTTGA,0,3271236
relBp,0.5,1,1,CTAATACGTAGTGTTAAAGT,0,3282961
relBp,0.5,1,1,CTAATACGAGGTTGACGACC,0,3304858
relBp,0.5,1,1,CTAAGCCGGTATTCTATAAC,0,3284153
relBp,0.5,1,1,CTAAGATAAGCATACTATCT,0,3299136
relBp,0.5,1,1,CTAAGACGTTGTTGGTTTTA,0,3264577
relBp,0.5,1,1,CTAACGGATTTGCGTTCCTA,0,3278214
relBp,0.5,1,1,CTAACACAGTCACTCTAGCA,0,3281018
relBp,0.5,1,1,CTAACAATCGGAATGGTGCA,0,3259704
relBp,0.5,1,1,CTAAATGGAGAAACGCGTAT,0,3308811
relBp,0.5,1,1,CGTTTGCATGATCCGCGGAC,0,3293923
relBp,0.5,1,1,CGTTTCTAAGATTCGATGCT,0,3266762
relBp,0.5,1,1,CGTTGCATCTCGCCCCGCAT,0,3271260
relBp,0.5,1,1,CGTTGACGTTGGCACGTGTC,0,3289159
relBp,0.5,1,1,CGTTCTATGGAATCCGGCAG,0,3277273
relBp,0.5,1,1,CGTTCTACATGGTATACGTG,0,3264591
relBp,0.5,1,1,CGTTCCGTCCGTGACGAGTA,0,3259355
relBp,0.5,1,1,CGTTCCACACGATGCACGAC,0,3273305
relBp,0.5,1,1,CGTTCATAGCTTGCCATTCA,0,3298952
relBp,0.5,1,1,CGTTAGGTGCGCACTAGCTT,0,3291853
relBp,0.5,1,1,CGTTAGCAGCTATGCCAAAG,0,3281012
relBp,0.5,1,1,CGTGTCTGGGCTACCTATGT,0,3288085
relBp,0.5,1,1,CGTGTATGCGGCTGTGTTCC,0,3269476
relBp,0.5,1,1,CGTGTACGGACCGGTGTGGT,0,3280973
relBp,0.5,1,1,CGTGGCCAACGCGTCCAACT,0,3288082
relBp,0.5,1,1,CGTGGACAGTCTGCCGTGTG,0,3290763
relBp,0.5,1,1,CGTGCTGCTTAAGGCAAAAA,0,3286806
relBp,0.5,1,1,CGTGCGTACTATGTATCCAG,0,3303613
relBp,0.5,1,1,CGTGCGGACGGTTAGTAAAT,0,3272227
relBp,0.5,1,1,CGTGATCCCAGTGGCCGTCA,0,3265092
relBp,0.5,1,1,CGTGATCATTCATCTAAACA,0,3283308
relBp,0.5,1,1,CGTGAGGGCCATCCATCTGT,0,3279531
relBp,0.5,1,1,CGTGACGATATACTTCCTCT,0,3289313
relBp,0.5,1,1,CGTCTTCAATCCTAGATTAC,0,3276233
relBp,0.5,1,1,CGTCTGTCAAGTCCGGCGAT,0,3307491
relBp,0.5,1,1,CGTCTCCCGGGGTCGTTGCA,0,3305798
relBp,0.5,1,1,CGTCGGGCAGCCACAGGTCG,0,3260803
relBp,0.5,1,1,CGTCGGAGACGAAGCAACTA,0,3292253
relBp,0.5,1,1,CGTCGCGAGCGTCACTTGAG,0,3299104
relBp,0.5,1,1,CGTCCGTGGCCTACCTATCA,0,3294923
relBp,0.5,1,1,CGTCCATTCACATTTTCTTG,0,3258830
relBp,0.5,1,1,CGTCCATCTTTGTATCTGGT,0,3302614
relBp,0.5,1,1,CGTCAATGATAAAGATAGTG,0,3287227
relBp,0.5,1,1,CGTCAAACTAACTTTGCCTA,0,3280484
relBp,0.5,1,1,CGTATTAGGATATTGGAGTG,0,3298126
relBp,0.5,1,1,CGTAGGTATGCACCTTACTT,0,3273724
relBp,0.5,1,1,CGTAGGTAAAAAGAAAATGG,0,3271375
relBp,0.5,1,1,CGTAGCTGCCCCAGGCTTTA,0,3269099
relBp,0.5,1,1,CGTAGCAAATCTACATAGCA,0,3301630
relBp,0.5,1,1,CGTAATGAGGCATGAAACAT,0,3307480
relBp,0.5,1,1,CGTAAACGTGATCGTTGGTA,0,3282677
relBp,0.5,1,1,CGGTTCTGGTTTACGCGCAT,0,3296266
relBp,0.5,1,1,CGGTTACCTTGCAGTAAGGC,0,3305174
relBp,0.5,1,1,CGGTGTGTGTACTGTATATT,0,3300324
relBp,0.5,1,1,CGGTGGCTCAAGTATAGATT,0,3298442
relBp,0.5,1,1,CGGTGCTTGACGGCCGTGGA,0,3297715
relBp,0.5,1,1,CGGTGCGTGATCTATTGTCC,0,3271651
relBp,0.5,1,1,CGGTCTTACCACCGAACAGA,0,3262524
relBp,0.5,1,1,CGGTCTAATGCCTCCATAGC,0,3273794
relBp,0.5,1,1,CGGTCGGGGAGGCGATTGCA,0,3295783
relBp,0.5,1,1,CGGTATGTCTCTGGCCGTCG,0,3271188
relBp,0.5,1,1,CGGTATATATAGTTGAGAGG,0,3262364
relBp,0.5,1,1,CGGTAGGATTTCGCTAGCGG,0,3260074
relBp,0.5,1,1,CGGTACGCTGGTTATTCGAA,0,3258365
relBp,0.5,1,1,CGGTAACTGCGTACCCGGAG,0,3264198
relBp,0.5,1,1,CGGTAAAATCGCAATGGACA,0,3283278
relBp,0.5,1,1,CGGGTGTACTCCTTGACCCA,0,3258536
relBp,0.5,1,1,CGGGTACTTTTTCTGGTCTA,0,3282310
relBp,0.5,1,1,CGGGGGGTGATAATACCTTT,0,3290421
relBp,0.5,1,1,CGGGGGAGGCTCCAAATTGT,0,3267950
relBp,0.5,1,1,CGGGGCGCGCCAACTAATGA,0,3258715
relBp,0.5,1,1,CGGGCAGCCCAAGGTCAGAA,0,3285312
relBp,0.5,1,1,CGGGCAAGCTGCTTCGCGTC,0,3272508
relBp,0.5,1,1,CGGGATTCTATAAGTAAAAT,0,3267180
relBp,0.5,1,1,CGGGACAACGATAAACGAAA,0,3295299
relBp,0.5,1,1,CGGGAAATCTACGTGTCCCG,0,3286499
relBp,0.5,1,1,CGGCTTCCGCCTCCGACCCA,0,3299118
relBp,0.5,1,1,CGGCGTGACCCTGAGCTCGC,0,3297279
relBp,0.5,1,1,CGGCGCACGCCGATGTCGGG,0,3305155
relBp,0.5,1,1,CGGCGAAATCTTATCAGGCT,0,3283032
relBp,0.5,1,1,CGGCCTGGCGATGGTGCCAT,0,3295027
relBp,0.5,1,1,CGGCCTAGGCTGAGCCACGA,0,3294642
relBp,0.5,1,1,CGGCCTAGACGAGGGGCAGA,0,3285155
relBp,0.5,1,1,CGGCAAAGTCTCTCTGACGA,0,3300946
relBp,0.5,1,1,CGGATGAGGGGAGTATACGT,0,3298857
relBp,0.5,1,1,CGGATCGCATATACATCAAC,0,3299036
relBp,0.5,1,1,CGGATCGAGATCGCTGTCTG,0,3281860
relBp,0.5,1,1,CGGATCGAAATCATTTGGAC,0,3295744
relBp,0.5,1,1,CGGATATGACCGGCTCAAGC,0,3256677
relBp,0.5,1,1,CGGATAGCAATGTCCCACAG,0,3268077
relBp,0.5,1,1,CGGAGTCCTGCAATTAAGGG,0,3278487
relBp,0.5,1,1,CGGAGAGCACCCTGCCTGTA,0,3273028
relBp,0.5,1,1,CGGACGCACACTCATGAGCT,0,3279603
relBp,0.5,1,1,CGGACGATTGTGTCTATGGT,0,3303832
relBp,0.5,1,1,CGGACCGGGGATCCACCAGC,0,3258532
relBp,0.5,1,1,CGGACAGTAGCGCGGATAGA,0,3258026
relBp,0.5,1,1,CGGAAGGTCGGTAGAAATTG,0,3284366
relBp,0.5,1,1,CGGAAGCTGAGCTAATCCCG,0,3287770
relBp,0.5,1,1,CGGAAGCGAGCCAAATCTAG,0,3277684
relBp,0.5,1,1,CGGAAAATATGATTCAACCA,0,3300941
relBp,0.5,1,1,CGCTGTTGAGCATGGATGTA,0,3276773
relBp,0.5,1,1,CGCTGGGGATGTGAATTTGA,0,3277455
relBp,0.5,1,1,CGCTCTCCCAGTCTCTATGT,0,3290322
relBp,0.5,1,1,CGCTCCGTTAGTTCGATGCG,0,3274501
relBp,0.5,1,1,CGCTATCGGCACTGTCTGTT,0,3275931
relBp,0.5,1,1,CGCTAGGTGAGTAATCTGAT,0,3277451
relBp,0.5,1,1,CGCTAGAACCTCTAGCCTCT,0,3270941
relBp,0.5,1,1,CGCGTTCAGCTCGACCAGCA,0,3292328
relBp,0.5,1,1,CGCGTTCACGGAGTGATAGC,0,3266641
relBp,0.5,1,1,CGCGTGCCAATTCGCGACGT,0,3261331
relBp,0.5,1,1,CGCGGTTGCTCATTCGGCTA,0,3290868
relBp,0.5,1,1,CGCGGTGCGCTCGGACGCGA,0,3266340
relBp,0.5,1,1,CGCGGTCCTGCTCTATGTAT,0,3273545
relBp,0.5,1,1,CGCGGCGGCTTGCTAAAACA,0,3278633
relBp,0.5,1,1,CGCGGCACGCCAGGACTGCG,0,3266996
relBp,0.5,1,1,CGCGGACTTCATAAGGCTCT,0,3278018
relBp,0.5,1,1,CGCGGACACGAGATCAGCTG,0,3292744
relBp,0.5,1,1,CGCGCCACTGACCGGCGGAC,0,3276228
relBp,0.5,1,1,CGCGATGTTTTTTGAACGTA,0,3302310
relBp,0.5,1,1,CGCGATATAGACCATCGTCC,0,3294246
relBp,0.5,1,1,CGCCGCTAACCTAGCCATGT,0,3262021
relBp,0.5,1,1,CGCCGAGTATTCCAGCTCGA,0,3306509
relBp,0.5,1,1,CGCCCTTAGGGTCATAGTTC,0,3292807
relBp,0.5,1,1,CGCCCAGACCGTTATGGGAG,0,3300624
relBp,0.5,1,1,CGCCATGATAAGGGGGGTGG,0,3295195
relBp,0.5,1,1,CGCCAATCGAGGAGGTAACT,0,3261425
relBp,0.5,1,1,CGCCAACGATCGAGGTAGCT,0,3265264
relBp,0.5,1,1,CGCCAACACGTGCAGGATAG,0,3269299
relBp,0.5,1,1,CGCATGAACGGGACCGTGTG,0,3268223
relBp,0.5,1,1,CGCATACTAGGGATGCACAA,0,3294040
relBp,0.5,1,1,CGCATACGTTTCTGGAGATG,0,3269358
relBp,0.5,1,1,CGCAGGCTAATCACACGGCA,0,3290247
relBp,0.5,1,1,CGCAGCCTTGATCAAACTCG,0,3302364
relBp,0.5,1,1,CGCAGATCTTTTTTGATACG,0,3265983
relBp,0.5,1,1,CGCAGACGGGCTTTTTTCAT,0,3258456
relBp,0.5,1,1,CGCAATATTAGTCGTACGTC,0,3266029
relBp,0.5,1,1,CGCAAGGTTACAGATGGCGT,0,3256918
relBp,0.5,1,1,CGATTAGGCTTAGTTGATCA,0,3282465
relBp,0.5,1,1,CGATGTTGCACTGGGTGTAG,0,3274227
relBp,0.5,1,1,CGATGAAACCATATGCGAGA,0,3276409
relBp,0.5,1,1,CGATCTTGAGATTTATGTGA,0,3273081
relBp,0.5,1,1,CGATCGCGTAATTCCTCTCC,0,3263333
relBp,0.5,1,1,CGATAAGTCATGAAATCCTT,0,3299360
relBp,0.5,1,1,CGATAAGGTCTGTGCTGTGA,0,3293491
relBp,0.5,1,1,CGAGTCGAGTCATACAGGAT,0,3298894
relBp,0.5,1,1,CGAGTAGTTCCAGCACCCTA,0,3259216
relBp,0.5,1,1,CGAGGTCCGGGCCGACAGGG,0,3285463
relBp,0.5,1,1,CGAGGGTACGGGGGGGATTT,0,3299464
relBp,0.5,1,1,CGAGGGCCACCTCTTCAGAG,0,3284918
relBp,0.5,1,1,CGAGGCTTGGTGTGCAAATT,0,3266369
relBp,0.5,1,1,CGAGGACCCCAGGATCGGGT,0,3259445
relBp,0.5,1,1,CGAGCCGGATCTCTGGTGTA,0,3256614
relBp,0.5,1,1,CGAGCACCCCGGCTGCGAGT,0,3260249
relBp,0.5,1,1,CGAGAGTCACCTACCGCAGG,0,3262629
relBp,0.5,1,1,CGAGAGGGCATGTCGTAACC,0,3270313
relBp,0.5,1,1,CGAGACCCAGTGAGTAAAAG,0,3292433
relBp,0.5,1,1,CGAGAAGCCACAATGGCGGA,0,3293941
relBp,0.5,1,1,CGACTAATCAGCATTTCCAG,0,3271156
relBp,0.5,1,1,CGACGGACCAAGCGCAACAC,0,3282905
relBp,0.5,1,1,CGACGCTGGCTGGCCCGTGA,0,3297798
relBp,0.5,1,1,CGACGAGGCATCAACACAAC,0,3278335
relBp,0.5,1,1,CGACCTGTTTAGAGAATAAT,0,3282613
relBp,0.5,1,1,CGACATTCACGCAGGCAGAA,0,3297765
relBp,0.5,1,1,CGACATACCAACCTGACGAC,0,3289954
relBp,0.5,1,1,CGAATTAGAACATTAACGTT,0,3301628
relBp,0.5,1,1,CGAATGGGGCCAAGTAGGGC,0,3301386
relBp,0.5,1,1,CGAATCATGACCACTAACGG,0,3305033
relBp,0.5,1,1,CGAAGTTCCCACCAGATTGT,0,3286922
relBp,0.5,1,1,CGAAGCGTATTGCGCTCCTT,0,3260680
relBp,0.5,1,1,CGAAGATACAACCGTTTGAA,0,3274160
relBp,0.5,1,1,CGAACAATGGCGGATCAAGA,0,3301110
relBp,0.5,1,1,CGAACAACAGGTACAACTTA,0,3267367
relBp,0.5,1,1,CGAAACGAAATTGCATAAAT,0,3283943
relBp,0.5,1,1,CGAAACAACAGGATAGGGGG,0,3291753
relBp,0.5,1,1,CCTTGCCCGTAGTGGTGGCG,0,3279876
relBp,0.5,1,1,CCTTCTGCACATTCGGTCAC,0,3303948
relBp,0.5,1,1,CCTTCACCGGTCGGTTGGCG,0,3269783
relBp,0.5,1,1,CCTGTTCCCGTGCGCTACCC,0,3298279
relBp,0.5,1,1,CCTGTGGTAATTCCGAGAAG,0,3264772
relBp,0.5,1,1,CCTGTGAGGGGGGCATTTCT,0,3289735
relBp,0.5,1,1,CCTGTCGGGGGTGCCACACG,0,3263044
relBp,0.5,1,1,CCTGGGGGCCGGCTCTTAAA,0,3292728
relBp,0.5,1,1,CCTGGATCTCACCTATCGGG,0,3259606
relBp,0.5,1,1,CCTGGATACTTCCCAGTCTA,0,3269513
relBp,0.5,1,1,CCTGACGAGTAAGGATGGCT,0,3259429
relBp,0.5,1,1,CCTCTGCAACTGAGTGCAGT,0,3287734
relBp,0.5,1,1,CCTCGTTTCGGACCGGATCA,0,3272778
relBp,0.5,1,1,CCTCGTAGTATGGCCTATAA,0,3297930
relBp,0.5,1,1,CCTCGGTAATTACATAAGAA,0,3307999
relBp,0.5,1,1,CCTCGGGTTGCATCCTGCTT,0,3256444
relBp,0.5,1,1,CCTCGGGATCTCACATGGGG,0,3282999
relBp,0.5,1,1,CCTCCGTATCAAGACTCCTT,0,3260795
relBp,0.5,1,1,CCTCACTTGGTGCTTTTTCG,0,3283266
relBp,0.5,1,1,CCTCAATCATTGACTAATCT,0,3266597
relBp,0.5,1,1,CCTATTCAATATTGAACTCC,0,3296667
relBp,0.5,1,1,CCTATCACGCGATACGGGTC,0,3303845
relBp,0.5,1,1,CCTAGTATGATAGATGGGGA,0,3260297
relBp,0.5,1,1,CCTAGTAAGCCGGAGATGAG,0,3274546
relBp,0.5,1,1,CCTACCTATAGTTTGAGTTA,0,3306477
relBp,0.5,1,1,CCTAAAGTAACCAAAATCTT,0,3307535
relBp,0.5,1,1,CCGTTACCGGGTGTTCGTGT,0,3256958
relBp,0.5,1,1,CCGTGTGCAGAAGAGTCCGT,0,3289153
relBp,0.5,1,1,CCGTGGCGTCAGATGAAATA,0,3300649
relBp,0.5,1,1,CCGTGCTAAGGCAAAGCACT,0,3279486
relBp,0.5,1,1,CCGTGCCTTTTCTTGGCCTG,0,3303301
relBp,0.5,1,1,CCGTGCCCGCCCTCCGAATG,0,3298058
relBp,0.5,1,1,CCGTCGGCGTCAGAACCTAT,0,3284016
relBp,0.5,1,1,CCGTCGGCATTTAGCGCGCT,0,3303222
relBp,0.5,1,1,CCGTCCTTATCCAGGGTGAT,0,3291614
relBp,0.5,1,1,CCGTAGGGTCTCGGGATGGT,0,3298347
relBp,0.5,1,1,CCGGGCGCACCTAGATGGGG,0,3262065
relBp,0.5,1,1,CCGGCCGGCATCTATTATTC,0,3274575
relBp,0.5,1,1,CCGGCAACTTTGGCCACGTG,0,3265049
relBp,0.5,1,1,CCGGAGGTTTTCCGGCGCCC,0,3276290
relBp,0.5,1,1,CCGGAGCCGTGCTAGGCAAT,0,3300141
relBp,0.5,1,1,CCGGACCACACTTTTGTCAG,0,3267756
relBp,0.5,1,1,CCGCTACTGGGCAGTACTTC,0,3272503
relBp,0.5,1,1,CCGCTAATAGGCGCCAGAGG,0,3289027
relBp,0.5,1,1,CCGCGTTTAGGATGAAGTGC,0,3294454
relBp,0.5,1,1,CCGCGTAGATATTGAGGCTA,0,3274157
relBp,0.5,1,1,CCGCGACCCCTGCACGTGGT,0,3261472
relBp,0.5,1,1,CCGCCGAAGCCGATCCACGT,0,3283655
relBp,0.5,1,1,CCGCACGCCACTCCACCACT,0,3297164
relBp,0.5,1,1,CCGATTAACTCGATTGGGTA,0,3277802
relBp,0.5,1,1,CCGAGGACAAGCACTGTAGA,0,3274923
relBp,0.5,1,1,CCGACTTAGGAAGAAATCGA,0,3297248
relBp,0.5,1,1,CCGACTCCTTGCGAACTAGG,0,3259418
relBp,0.5,1,1,CCGACAAGGGGGCGCGAAGA,0,3287027
relBp,0.5,1,1,CCGAATATATTAGCAATTAG,0,3274381
relBp,0.5,1,1,CCGAAGTATCATCCGAACGA,0,3263012
relBp,0.5,1,1,CCGAACGTGACGACCCTCCC,0,3276812
relBp,0.5,1,1,CCGAACGTCTGTTCAGCACG,0,3271941
relBp,0.5,1,1,CCGAACAATGGCATCGATCT,0,3290320
relBp,0.5,1,1,CCGAAAATGGGCAAGTCATA,0,3283137
relBp,0.5,1,1,CCCTTGCGCGCCATGCTTGG,0,3280268
relBp,0.5,1,1,CCCTTCCTTGATGCCCCCTC,0,3267232
relBp,0.5,1,1,CCCTTAACACAGCCGGAAAA,0,3278204
relBp,0.5,1,1,CCCTGTTTTTAGGTAAGCTA,0,3286091
relBp,0.5,1,1,CCCTGTAAAGGCCAACGCCC,0,3262177
relBp,0.5,1,1,CCCTGGTCGTGATAGAAGAA,0,3292801
relBp,0.5,1,1,CCCTGGCTACGGAGATCTCC,0,3296605
relBp,0.5,1,1,CCCTCGGGAAATATATAGGA,0,3275966
relBp,0.5,1,1,CCCTCGACATACGCCTTAAG,0,3275524
relBp,0.5,1,1,CCCGTGCATCTGTCACAATC,0,3292754
relBp,0.5,1,1,CCCGTAACTCAGCCCGGATA,0,3302845
relBp,0.5,1,1,CCCGGTTGTCACATCTGATA,0,3297717
relBp,0.5,1,1,CCCGGGATCCCAGGGACATT,0,3294182
relBp,0.5,1,1,CCCGGCGAGATCGAACTGCT,0,3261757
relBp,0.5,1,1,CCCGCTTGTACCGTGTCATC,0,3258803
relBp,0.5,1,1,CCCGCTATCTACGCAATCAG,0,3285982
relBp,0.5,1,1,CCCGCCGTTCATGCTAAAAG,0,3284293
relBp,0.5,1,1,CCCGCCGCGTTTGACAACAT,0,3294690
relBp,0.5,1,1,CCCGATGGGCCGTGTAGATT,0,3265206
relBp,0.5,1,1,CCCGAATATAGACCCCGCGA,0,3299911
relBp,0.5,1,1,CCCCTTATTGGAGCCTGCAT,0,3279715
relBp,0.5,1,1,CCCCTCAGTGCAAGCGTTCG,0,3272456
relBp,0.5,1,1,CCCCGATTCATGGCTTGGAA,0,3280646
relBp,0.5,1,1,CCCCCGCAATCCGACACATT,0,3301021
relBp,0.5,1,1,CCCCCCAGAAGTATCGGATC,0,3260227
relBp,0.5,1,1,CCCATATGAAGGTCTCCTGT,0,3258596
relBp,0.5,1,1,CCCATAGAGCAGCGGGTCTG,0,3257024
relBp,0.5,1,1,CCCAGTATGGCACGATGCCG,0,3267320
relBp,0.5,1,1,CCCAGCGGGTCGTAACACAC,0,3274229
relBp,0.5,1,1,CCCAGATCTTACCGCAATAC,0,3266295
relBp,0.5,1,1,CCCACTACAGTACTAAGACA,0,3284739
relBp,0.5,1,1,CCCACAGGATACAGTCAACG,0,3263689
relBp,0.5,1,1,CCATTCCGAAAACGAGAACG,0,3285946
relBp,0.5,1,1,CCATGGGGCGAAAGAAGGCT,0,3271328
relBp,0.5,1,1,CCATGGCGTGGGGTAATACA,0,3286502
relBp,0.5,1,1,CCATCTGGTGAAACGGAGTT,0,3275091
relBp,0.5,1,1,CCATCTCATAGTCCATTTAC,0,3284802
relBp,0.5,1,1,CCATAGAGGCGGTAGCGCCA,0,3256263
relBp,0.5,1,1,CCATACCAGGCATACCGGAA,0,3259164
relBp,0.5,1,1,CCATAAGAGGTGTGGGAATA,0,3307242
relBp,0.5,1,1,CCAGTTCGTGGATCGGCCGG,0,3282147
relBp,0.5,1,1,CCAGTGCTTGCCTATGTATT,0,3274472
relBp,0.5,1,1,CCAGTGCGCATGTTCGTCTC,0,3290260
relBp,0.5,1,1,CCAGTGACATTACGAGTCCA,0,3290498
relBp,0.5,1,1,CCAGGTCGGTGCGACAAGAA,0,3269182
relBp,0.5,1,1,CCAGGTCGGGCTTACTCAGC,0,3260737
relBp,0.5,1,1,CCAGGGTAGCGCGTAACTCT,0,3271027
relBp,0.5,1,1,CCAGGGACCACCAGCTAGCT,0,3292735
relBp,0.5,1,1,CCAGCGGTACTTGGGGGACC,0,3293904
relBp,0.5,1,1,CCAGCGGCCGGCGGTTGTTA,0,3258834
relBp,0.5,1,1,CCAGCCTGTCCTACGATGTC,0,3288402
relBp,0.5,1,1,CCAGCCGTCCGGAATTCAAG,0,3271365
relBp,0.5,1,1,CCAGAGGCCAAATACTAAAA,0,3286075
relBp,0.5,1,1,CCAGAATATAACTTGCGGCC,0,3291408
relBp,0.5,1,1,CCACTCCTCATTGAAAATAA,0,3266605
relBp,0.5,1,1,CCACTACGTGTGATAACATT,0,3263841
relBp,0.5,1,1,CCACGTGAATACCCTTCTAA,0,3275793
relBp,0.5,1,1,CCACGCGGGGCTAGGGCACG,0,3285923
relBp,0.5,1,1,CCACCTTTTTCAAAGCTCGG,0,3282966
relBp,0.5,1,1,CCACCCCGCCATTCTAGCGT,0,3287883
relBp,0.5,1,1,CCACCAGCTCGCCCTTTGAA,0,3289857
relBp,0.5,1,1,CCACCAACCTCCCTCTAGCA,0,3268172
relBp,0.5,1,1,CCAAGGTTGCTAGTATCAAT,0,3282559
relBp,0.5,1,1,CCAAGACTTTGTCGTGTTCA,0,3286174
relBp,0.5,1,1,CCAACGCATTGGGTTGGGAA,0,3301478
relBp,0.5,1,1,CCAAATTTGGGACTCTATCC,0,3282148
relBp,0.5,1,1,CCAAATCACTTCTTTCTGTC,0,3282338
relBp,0.5,1,1,CCAAACATGACCGGAGGATA,0,3280345
relBp,0.5,1,1,CATTTTCTGCTCCACAAGGG,0,3280977
relBp,0.5,1,1,CATTTTAACTTGTTTCAACA,0,3259749
relBp,0.5,1,1,CATTTACGAATGGTGTGCGC,0,3257727
relBp,0.5,1,1,CATTGTACAGACCAAAAACG,0,3300385
relBp,0.5,1,1,CATTGGTCCGAGAAAGTGTG,0,3306596
relBp,0.5,1,1,CATTGGCTACCGCGGAGATG,0,3306000
relBp,0.5,1,1,CATTATAGCCGACACTTGCC,0,3271149
relBp,0.5,1,1,CATTAGCGGGTATTATCCTG,0,3256471
relBp,0.5,1,1,CATTACTCAAACATCGGCCT,0,3264681
relBp,0.5,1,1,CATTACATTTAGCATAGTAT,0,3301912
relBp,0.5,1,1,CATGTTTCTAACAGGCAGTT,0,3266298
relBp,0.5,1,1,CATGTTCACAGATAAGCTTC,0,3280798
relBp,0.5,1,1,CATGTATATGCTAATTACGT,0,3275503
relBp,0.5,1,1,CATGCTTACAACTATTGAGA,0,3269318
relBp,0.5,1,1,CATGCCTGCGGACAAGCTCA,0,3261712
relBp,0.5,1,1,CATGCCGCAAACATATTGTG,0,3271234
relBp,0.5,1,1,CATGCATGCGTAACAGTAAT,0,3297585
relBp,0.5,1,1,CATCTTGAGTAGTGGCGGTC,0,3264243
relBp,0.5,1,1,CATCTACCATAGACTGCGTG,0,3297700
relBp,0.5,1,1,CATCGTCTCGACATGAGGAA,0,3274809
relBp,0.5,1,1,CATCGTCTATACAGATCAAG,0,3257486
relBp,0.5,1,1,CATCGACTTCAGGCGGCCCC,0,3300097
relBp,0.5,1,1,CATCCTTCGATGCTATTTCG,0,3271966
relBp,0.5,1,1,CATCCCGTCGGGACAACGTG,0,3270759
relBp,0.5,1,1,CATCAATTAAATGGTCCTGC,0,3265852
relBp,0.5,1,1,CATATTTGAGTTTATATTAT,0,3299409
relBp,0.5,1,1,CATATACTTCAGTATGCACG,0,3269626
relBp,0.5,1,1,CATATACCGGGACGAAGGCT,0,3266847
relBp,0.5,1,1,CATAGGTAAGAACGCTGTAT,0,3281259
relBp,0.5,1,1,CATAGGAAACAATGCGATTA,0,3276791
relBp,0.5,1,1,CATAGCATACTGTTTATGTC,0,3299606
relBp,0.5,1,1,CATAGAGATCACGTGTGGTG,0,3280680
relBp,0.5,1,1,CATACTTGCCCTATCTACGC,0,3303473
relBp,0.5,1,1,CATAAGGTACATCGCCCTGT,0,3258991
relBp,0.5,1,1,CATAACTTATTCCTTGATAT,0,3272762
relBp,0.5,1,1,CATAAAATCTGACGATTTCA,0,3259021
relBp,0.5,1,1,CATAAAATATAACTGAGTAG,0,3300172
relBp,0.5,1,1,CAGTTTTAACCGGCCGGGAT,0,3279485
relBp,0.5,1,1,CAGTTATCGGAATGCACGTA,0,3279362
relBp,0.5,1,1,CAGTTATCGACGCGGCTCTG,0,3282541
relBp,0.5,1,1,CAGTGGATGAGCTTTTTAGG,0,3278042
relBp,0.5,1,1,CAGTCTCCATGTTCCATCAG,0,3303661
relBp,0.5,1,1,CAGTCTACACTAAGTAAGCA,0,3256787
relBp,0.5,1,1,CAGTCTAAGAGACTCGAGAC,0,3298318
relBp,0.5,1,1,CAGTCCTTACGGATGTACTA,0,3271175
relBp,0.5,1,1,CAGTCCAAGTGCAGCCTGTG,0,3267541
relBp,0.5,1,1,CAGTACTATACTCGTTTAAG,0,3270911
relBp,0.5,1,1,CAGGTTGAGCACGCGTAATT,0,3293093
relBp,0.5,1,1,CAGGGTAACCGTTAAAAAGA,0,3286671
relBp,0.5,1,1,CAGGGGTCATGGGGCGCTAA,0,3282230
relBp,0.5,1,1,CAGGGGAGCCCCGCCATATC,0,3271823
relBp,0.5,1,1,CAGGCGGCTTATTGGTCGAC,0,3274965
relBp,0.5,1,1,CAGGACATCGAGATGTTTCG,0,3285518
relBp,0.5,1,1,CAGGAAGGTGCCTTCAGTAT,0,3296760
relBp,0.5,1,1,CAGCGGGCCTGGGATTGGAG,0,3256131
relBp,0.5,1,1,CAGCGGAGATATCTGTGATT,0,3269434
relBp,0.5,1,1,CAGCGCTCGGTGCATATCAC,0,3281215
relBp,0.5,1,1,CAGCGATTCTATCGATGGCT,0,3270489
relBp,0.5,1,1,CAGCCTGTTTAGGTTTACCT,0,3289708
relBp,0.5,1,1,CAGCCGCCGAGGGTGGGATC,0,3290807
relBp,0.5,1,1,CAGCCAGGTGAAGACGGGCA,0,3269268
relBp,0.5,1,1,CAGCCAGGAGCGTGTAACCA,0,3289923
relBp,0.5,1,1,CAGCCAGACTACCTGAGTCC,0,3263655
relBp,0.5,1,1,CAGCATTCTGTAAGGATTCT,0,3265833
relBp,0.5,1,1,CAGCAGGAGCTTACGGTATG,0,3258962
relBp,0.5,1,1,CAGCAAAACTCGGGCGACAA,0,3291936
relBp,0.5,1,1,CAGATGTTCTAAAGGAGGAG,0,3256654
relBp,0.5,1,1,CAGATATAAACATTGTCAGG,0,3287904
relBp,0.5,1,1,CAGAGTTCTCGGCCATGGAC,0,3304807
relBp,0.5,1,1,CAGAGTACCTGGAAGTGTAC,0,3305291
relBp,0.5,1,1,CAGAGGTTGTACGGTGTCTA,0,3284837
relBp,0.5,1,1,CAGAGCGGTTTTTTCTTGAT,0,3286891
relBp,0.5,1,1,CAGACTGGGCCGGTATGGCA,0,3281801
relBp,0.5,1,1,CAGACTGAGAAGTCAGCTGG,0,3258700
relBp,0.5,1,1,CAGAATGCTCGGATATGGGA,0,3277576
relBp,0.5,1,1,CAGAACGGCCGTGAACATTT,0,3265000
relBp,0.5,1,1,CACTTGATGTCGTATCCTGG,0,3277571
relBp,0.5,1,1,CACTTCTGGCGCCAAACTGC,0,3290441
relBp,0.5,1,1,CACTTCGACCGTGTATGTAT,0,3296168
relBp,0.5,1,1,CACTTATTAGCTCCAGGGTA,0,3287697
relBp,0.5,1,1,CACTTATCAGTGAAAGTGTA,0,3271782
relBp,0.5,1,1,CACTGTCGGACCCATGTGAT,0,3259119
relBp,0.5,1,1,CACTCAGGGGCTATTGCTGC,0,3259735
relBp,0.5,1,1,CACTACCCACGTCACCCCCA,0,3262949
relBp,0.5,1,1,CACGTTCGAACGGTATACGA,0,3291647
relBp,0.5,1,1,CACGTGGCCCAACGTATTTA,0,3278429
relBp,0.5,1,1,CACGGTTGACGCGGTTTCTA,0,3267744
relBp,0.5,1,1,CACGGTTCTCGTTCTTGAGA,0,3297196
relBp,0.5,1,1,CACGGTAGGGCTCAGGCAAT,0,3277386
relBp,0.5,1,1,CACGGCATGCACTGATGTCA,0,3288332
relBp,0.5,1,1,CACGGACAAGGACATGATTA,0,3256138
relBp,0.5,1,1,CACGGAATTCACCAGGTTTT,0,3282852
relBp,0.5,1,1,CACGCGCTCTCCCTGGGATA,0,3287417
relBp,0.5,1,1,CACGCCACAATGTCGTGATT,0,3259343
relBp,0.5,1,1,CACGCAACAGGAGCCCGGTG,0,3296492
relBp,0.5,1,1,CACGATCCCTATGGCTTCCA,0,3307981
relBp,0.5,1,1,CACCTGCAGTGATTGTGCAA,0,3263046
relBp,0.5,1,1,CACCGGGTTGGGTATTTTCA,0,3285823
relBp,0.5,1,1,CACCGGCCGTCAGGAGGAAC,0,3260984
relBp,0.5,1,1,CACCGATAAATCATGTTCTT,0,3283156
relBp,0.5,1,1,CACCCTAAATTCCAGGTTTG,0,3282549
relBp,0.5,1,1,CACCCGATGGCCCCCGAAGT,0,3263334
relBp,0.5,1,1,CACATGTGCGCTACGAACAG,0,3265009
relBp,0.5,1,1,CACATGGGCTATCACAATCG,0,3267707
relBp,0.5,1,1,CACAGTCCCGCGGGAGCCGT,0,3289196
relBp,0.5,1,1,CACAGCCACTGCAATAGCTG,0,3262240
relBp,0.5,1,1,CACACGTTCTTTCGCAAATT,0,3265681
relBp,0.5,1,1,CACACGGACGGATAAAGGAA,0,3270942
relBp,0.5,1,1,CACACGACGAGCGTCAGAAA,0,3283155
relBp,0.5,1,1,CACACCGGCCAAGCGCTAAA,0,3275615
relBp,0.5,1,1,CACACAGTAGAACTGGTATG,0,3288204
relBp,0.5,1,1,CACAATCTACGCTGGCGTTG,0,3284064
relBp,0.5,1,1,CACAAGCACGTATTCATGTG,0,3268903
relBp,0.5,1,1,CAATTTCAATACAGCACGTC,0,3271140
relBp,0.5,1,1,CAATTCAAGGAGCATCGGTA,0,3292118
relBp,0.5,1,1,CAATTCAACAGCCCGAGGAA,0,3277891
relBp,0.5,1,1,CAATTAGGTAGGCCGGCCAT,0,3261162
relBp,0.5,1,1,CAATGTGGTTGGTCCGGCTA,0,3262916
relBp,0.5,1,1,CAATGGTACCAGGGATTATT,0,3282100
relBp,0.5,1,1,CAATGGACTTCCCAGACAGC,0,3298557
relBp,0.5,1,1,CAATGCTGAGCGGCGTAGGG,0,3302823
relBp,0.5,1,1,CAATCTATGCGTTGCCGGGG,0,3272047
relBp,0.5,1,1,CAATCCACTTGGGCGATTAG,0,3287924
relBp,0.5,1,1,CAATAGGTATATCTCTCAAC,0,3292644
relBp,0.5,1,1,CAAGTTTCGCCGATATCTCC,0,3273143
relBp,0.5,1,1,CAAGTGCGGGATAGAAGGTC,0,3288487
relBp,0.5,1,1,CAAGTGCGCCAATTGATAGG,0,3291952
relBp,0.5,1,1,CAAGTCTTCTCGTGCAAGAA,0,3305509
relBp,0.5,1,1,CAAGTATTTGATCATAGCTT,0,3301375
relBp,0.5,1,1,CAAGGTACTTGGCTGAACAT,0,3306123
relBp,0.5,1,1,CAAGGCTGGGGCCTCGCCCG,0,3284146
relBp,0.5,1,1,CAAGGCACCGACGTAAGGAT,0,3276496
relBp,0.5,1,1,CAAGCATCGCATATTATTTG,0,3300702
relBp,0.5,1,1,CAAGCATAGAACCGAGGAAT,0,3273525
relBp,0.5,1,1,CAAGAATGTGCTTACTGACT,0,3267593
relBp,0.5,1,1,CAACTTCAGAATGTAAGATA,0,3282322
relBp,0.5,1,1,CAACTCCAGGGGAAGAACAG,0,3263408
relBp,0.5,1,1,CAACTCAGGATTGTCTAGAA,0,3302844
relBp,0.5,1,1,CAACGAATTGGACTTTAGAT,0,3270805
relBp,0.5,1,1,CAACCGTTATCTGATATTGA,0,3286171
relBp,0.5,1,1,CAACCGCCACAAGGAGGCCT,0,3303961
relBp,0.5,1,1,CAACCAAGTAAAGACCAGAA,0,3289158
relBp,0.5,1,1,CAACAGTTACTGGTCTCTGT,0,3257149
relBp,0.5,1,1,CAACACCACTCGGTCTCGGT,0,3269731
relBp,0.5,1,1,CAACAAGTCAGTTACGCGAG,0,3270640
relBp,0.5,1,1,CAAATGCGGACAAGCGACCT,0,3278187
relBp,0.5,1,1,CAAATACGTAAGCGCGGTCT,0,3301003
relBp,0.5,1,1,CAAACTGTGGAATAGCGCGA,0,3285953
relBp,0.5,1,1,CAAAATCCTACTACCTTGGG,0,3260289
relBp,0.5,1,1,ATTTTTTGACCGAGTGATGG,0,3269838
relBp,0.5,1,1,ATTTTTCTGGAATCTGTTGA,0,3256369
relBp,0.5,1,1,ATTTTCGCTGTCCGCGAACA,0,3287701
relBp,0.5,1,1,ATTTGTTCATGATAACCTAA,0,3283108
relBp,0.5,1,1,ATTTGCAGTACTGGGGCGAC,0,3308528
relBp,0.5,1,1,ATTTGAGAGTGAGTGTAATA,0,3290742
relBp,0.5,1,1,ATTTCCGTTTGAGGGAAATC,0,3283287
relBp,0.5,1,1,ATTTCCGAAGACGGACTCTA,0,3276087
relBp,0.5,1,1,ATTTATAGCATTAGGAAAGG,0,3288377
relBp,0.5,1,1,ATTTACCTTTGGTAGGAGTT,0,3289998
relBp,0.5,1,1,ATTTAAGTTTGTCGCGATTC,0,3267452
relBp,0.5,1,1,ATTTAACGCAATTCCCCTAA,0,3268898
relBp,0.5,1,1,ATTTAAAAAATACCAACATA,0,3258535
relBp,0.5,1,1,ATTGTAGAGATCCCCATGTA,0,3306152
relBp,0.5,1,1,ATTGGCCTACAACCAGTGCA,0,3260760
relBp,0.5,1,1,ATTGCTTACATCAGGCCACC,0,3259566
relBp,0.5,1,1,ATTGCAATACATTTGCCCCG,0,3277239
relBp,0.5,1,1,ATTGCAACGTTGTCTTCGGT,0,3277504
relBp,0.5,1,1,ATTGCAAAATTCGCCGTAAT,0,3270182
relBp,0.5,1,1,ATTGATCCATCCAACGCTCA,0,3276536
relBp,0.5,1,1,ATTGAGGATTTGTGAACGTT,0,3301979
relBp,0.5,1,1,ATTGAGAGCTCTCACCAGAA,0,3291346
relBp,0.5,1,1,ATTCTAGTGGACAGTGATGT,0,3276775
relBp,0.5,1,1,ATTCTACCTAGGACGAGCAG,0,3288438
relBp,0.5,1,1,ATTCGTCAGCCTTGGAGGAT,0,3271977
relBp,0.5,1,1,ATTCGTCAAGGTGATCGTAC,0,3273834
relBp,0.5,1,1,ATTCGGGTCCCTCACAATCA,0,3263965
relBp,0.5,1,1,ATTCCGGTCTACACTTCAGT,0,3303175
relBp,0.5,1,1,ATTCATTCCCCACCTACGCG,0,3287416
relBp,0.5,1,1,ATTCATGACATTTACAACAT,0,3299771
relBp,0.5,1,1,ATTCAGGTGCTACGAGGAAA,0,3276436
relBp,0.5,1,1,ATTCAAAGCCGTCATTGATC,0,3301721
relBp,0.5,1,1,ATTACTGTGAGTTCTGTTTT,0,3274371
relBp,0.5,1,1,ATTACGGGCCAAGTACGAAG,0,3259081
relBp,0.5,1,1,ATTACGAAATCCATAGTAAC,0,3274347
relBp,0.5,1,1,ATTAACGAGAAAAGTCTTTT,0,3293365
relBp,0.5,1,1,ATGTTTGGCAAACTCATATC,0,3263819
relBp,0.5,1,1,ATGTTGATGACCTCGGATCG,0,3273867
relBp,0.5,1,1,ATGTTCTCCGTGGTGAGAAG,0,3265026
relBp,0.5,1,1,ATGTTCACCGTCACGCAAAA,0,3265947
relBp,0.5,1,1,ATGTGTGTTAACCGCCGATG,0,3276002
relBp,0.5,1,1,ATGTGGTCTATCAGTTGTAT,0,3289194
relBp,0.5,1,1,ATGTGATTGTAGCGTTATTT,0,3272344
relBp,0.5,1,1,ATGTGAGTGCCCCGTCATCT,0,3279022
relBp,0.5,1,1,ATGTCGTGATGATTGTTAGA,0,3270465
relBp,0.5,1,1,ATGTCGCTAGAGGGCTCAAC,0,3299443
relBp,0.5,1,1,ATGTACTGTCCATCAAACGT,0,3288499
relBp,0.5,1,1,ATGGTGCTCTTATATGAGTC,0,3259604
relBp,0.5,1,1,ATGGTGAAAGTGATTCTAGT,0,3289174
relBp,0.5,1,1,ATGGGCGGTAAAGGGCTTGG,0,3264575
relBp,0.5,1,1,ATGGGAGCTATAGGGGCTCA,0,3278492
relBp,0.5,1,1,ATGGCCCCCGGGAGTTCGCT,0,3287399
relBp,0.5,1,1,ATGGATCACGGGAATTACGT,0,3308013
relBp,0.5,1,1,ATGGACACCGGAAACTCACG,0,3303229
relBp,0.5,1,1,ATGGAAGCCTAATGGTATAT,0,3274320
relBp,0.5,1,1,ATGGAACACGTATCAGTTTA,0,3258931
relBp,0.5,1,1,ATGCTTCCGGGGTCTGAACC,0,3272449
relBp,0.5,1,1,ATGCTCTGATCAGTCGTACA,0,3257849
relBp,0.5,1,1,ATGCCTGGGCACGCTGTCGG,0,3289214
relBp,0.5,1,1,ATGCCCCTAAGGCAGCCTGG,0,3273984
relBp,0.5,1,1,ATGCCCACCTAATAACCCTT,0,3294189
relBp,0.5,1,1,ATGCCAAGCCCCATCCATCT,0,3274022
relBp,0.5,1,1,ATGCATTCGGCCCTCTGCGA,0,3284603
relBp,0.5,1,1,ATGATTCCAGTATCAGCGAA,0,3260890
relBp,0.5,1,1,ATGAGGGTGTCACCTCTTTG,0,3307714
relBp,0.5,1,1,ATGACTTGACGGTGTTTGGG,0,3292478
relBp,0.5,1,1,ATGAACGTCTAACCGACCAC,0,3301667
relBp,0.5,1,1,ATCTTTGCACTCGACATGAT,0,3264733
relBp,0.5,1,1,ATCTTATCTAAGCCTCCACG,0,3262872
relBp,0.5,1,1,ATCTGTGATCTAGGTTTGTA,0,3304025
relBp,0.5,1,1,ATCTGGTACGCCCGTTTGAG,0,3287261
relBp,0.5,1,1,ATCTCTCCTGAAGCCGACAT,0,3262752
relBp,0.5,1,1,ATCTCTAAATACGGATCACA,0,3258359
relBp,0.5,1,1,ATCTCAGGACGTAACATCAC,0,3273013
relBp,0.5,1,1,ATCTCAAGCAGGGATCCAAA,0,3298865
relBp,0.5,1,1,ATCTATGTATATGGGTTTGG,0,3259438
relBp,0.5,1,1,ATCTATATGCGTCCCTGTCG,0,3300287
relBp,0.5,1,1,ATCTAGGGGCACAAACTGCT,0,3273560
relBp,0.5,1,1,ATCTAGACGTTCTAACGCGA,0,3257993
relBp,0.5,1,1,ATCGTTGCTATGAGTATGTG,0,3269305
relBp,0.5,1,1,ATCGTTCCCGGCCCCGGTCT,0,3271762
relBp,0.5,1,1,ATCGTGTAGGCTCTTGCTCA,0,3260470
relBp,0.5,1,1,ATCGGTACAGTCTAGATTTT,0,3262077
relBp,0.5,1,1,ATCGGGGCGCATGTTCTAGG,0,3290580
relBp,0.5,1,1,ATCGGGGATCTGCTCGGGTT,0,3288426
relBp,0.5,1,1,ATCGGAGTCTGGTTCTCATT,0,3294220
relBp,0.5,1,1,ATCGCTCTTTTGGAAACTGT,0,3287255
relBp,0.5,1,1,ATCGCTCCCTCTGCATCTTA,0,3277211
relBp,0.5,1,1,ATCGCAGTAAGTCCATGGTT,0,3272304
relBp,0.5,1,1,ATCGCAATCCAAGTCACCTA,0,3262256
relBp,0.5,1,1,ATCGAGGGGAGCCCCGACAC,0,3260598
relBp,0.5,1,1,ATCGACACTATGACCAAGGG,0,3266861
relBp,0.5,1,1,ATCCTTTGGTCGGACTGGCA,0,3256220
relBp,0.5,1,1,ATCCGTTTCATGCTTCGTCT,0,3299543
relBp,0.5,1,1,ATCCGGAGCCACCGATCCGC,0,3281007
relBp,0.5,1,1,ATCCGGACGTGACTCACCGT,0,3265732
relBp,0.5,1,1,ATCCCTCCCCCACCAGGCAA,0,3274141
relBp,0.5,1,1,ATCCCTCAATTGCGGAAAAT,0,3306039
relBp,0.5,1,1,ATCCCGCGTTGATGCCTGAG,0,3263827
relBp,0.5,1,1,ATCCCAATATGCGTGGGGTC,0,3273600
relBp,0.5,1,1,ATCCAGAGTAGATGACACTT,0,3263008
relBp,0.5,1,1,ATCCAAGAATAGTACAGCGA,0,3258488
relBp,0.5,1,1,ATCATTTCCCATGTGCACAC,0,3308199
relBp,0.5,1,1,ATCATTCTAACGATTACCGC,0,3264085
relBp,0.5,1,1,ATCATGCAGACAACGTGTTG,0,3258252
relBp,0.5,1,1,ATCATATGCGGCTATAATTG,0,3258320
relBp,0.5,1,1,ATCACTCCAGGCTGGTAGGT,0,3296597
relBp,0.5,1,1,ATCACTAAATGACCCACCAT,0,3296922
relBp,0.5,1,1,ATCAAGCATTACGGTGACAC,0,3261658
relBp,0.5,1,1,ATATTTCGGGCAGCAACGTG,0,3300192
relBp,0.5,1,1,ATATTGAAGCACGGGCTGAT,0,3277181
relBp,0.5,1,1,ATATTACCCCCCACGACGTT,0,3284509
relBp,0.5,1,1,ATATGAGCCAATCGGTAGGT,0,3271548
relBp,0.5,1,1,ATATCATTGCATGATCGTTT,0,3278008
relBp,0.5,1,1,ATATACTAAGTGAGCATAAC,0,3295408
relBp,0.5,1,1,ATATACCCACTCGCGGTGTG,0,3266941
relBp,0.5,1,1,ATAGTTCTTGTTGGGTCTTC,0,3263596
relBp,0.5,1,1,ATAGTGGGTCGAGGGGTGTA,0,3266455
relBp,0.5,1,1,ATAGTCATGTCGCAAGAAAG,0,3292805
relBp,0.5,1,1,ATAGGTCCCGTATATCCAAT,0,3271293
relBp,0.5,1,1,ATAGCCCAGGTCTCCAACGA,0,3303521
relBp,0.5,1,1,ATAGATTTCTGAATGTCCTG,0,3282965
relBp,0.5,1,1,ATAGAGGGGATTAACGGATG,0,3279880
relBp,0.5,1,1,ATAGAGAGACAGTGAGAAGA,0,3277012
relBp,0.5,1,1,ATAGACTACCTTGCACGTGT,0,3295784
relBp,0.5,1,1,ATACTCCGTTCATAGATTTC,0,3266023
relBp,0.5,1,1,ATACGGAGTTAGATAACTTG,0,3273017
relBp,0.5,1,1,ATACCGGTATCGTGATGGCC,0,3276662
relBp,0.5,1,1,ATACATCTACCGTCATGGGC,0,3257119
relBp,0.5,1,1,ATACATCGATATAACTCAGA,0,3267100
relBp,0.5,1,1,ATACAGTCCTGAAGTTCAAT,0,3265209
relBp,0.5,1,1,ATACACAGGATATAAATCGG,0,3289898
relBp,0.5,1,1,ATAATCGGGGTCGTCTGACG,0,3281361
relBp,0.5,1,1,ATAATCCCGGCGTTAAGTAA,0,3296877
relBp,0.5,1,1,ATAATATTTGCGTGCGGTAG,0,3284549
relBp,0.5,1,1,ATAATAAGCGTTCACGTAAA,0,3260799
relBp,0.5,1,1,ATAAGGCCTTACCCTGGATC,0,3269487
relBp,0.5,1,1,ATAAGGATGTGGTAGAAATG,0,3287694
relBp,0.5,1,1,ATAAGCTCCGCTTGACAAAA,0,3290585
relBp,0.5,1,1,ATAACGAGTCGTTGCGAAAG,0,3280705
relBp,0.5,1,1,ATAACCAACGTAAAGTGACG,0,3263943
relBp,0.5,1,1,ATAACAGAGCGCCTCGCCAA,0,3257472
relBp,0.5,1,1,ATAACACGGTATGAAATGGG,0,3271739
relBp,0.5,1,1,ATAAATTTCATCACTTCCCA,0,3296069
relBp,0.5,1,1,ATAAAGGTCATTGACCACTC,0,3304179
relBp,0.5,1,1,ATAAAGATACGTGCATAAAT,0,3300633
relBp,0.5,1,1,ATAAACGATACAAGAGGGTT,0,3276765
relBp,0.5,1,1,AGTTGTCCAACTGGACTCAT,0,3258308
relBp,0.5,1,1,AGTTGCGTCGGTCCTGAGTC,0,3305338
relBp,0.5,1,1,AGTTGCCCAAACGGGGATCC,0,3263239
relBp,0.5,1,1,AGTTCTAGTTCTGTGTTCCT,0,3301007
relBp,0.5,1,1,AGTTCTACGCAGTCCCTATG,0,3256923
relBp,0.5,1,1,AGTTCTAACTTGTGTTTCTT,0,3304530
relBp,0.5,1,1,AGTTCAGCGGTTAACTATGA,0,3268682
relBp,0.5,1,1,AGTTAAGCATTGCGATTTAA,0,3267192
relBp,0.5,1,1,AGTGTTCGGAATAGTAACCC,0,3258484
relBp,0.5,1,1,AGTGTCCGCCCTGAACACGG,0,3297811
relBp,0.5,1,1,AGTGTAGCACACGGGAATCC,0,3274886
relBp,0.5,1,1,AGTGGGGCTAGCAGCTCTGG,0,3293710
relBp,0.5,1,1,AGTGGATAGTCGGCTCCCCC,0,3281857
relBp,0.5,1,1,AGTGCTACAATGTCCCCCTT,0,3282511
relBp,0.5,1,1,AGTGCGTTTCGCGGCTGTGA,0,3274731
relBp,0.5,1,1,AGTGCCGAAAAAGGGATACA,0,3279002
relBp,0.5,1,1,AGTGATGGACGTTCTTTCGT,0,3300473
relBp,0.5,1,1,AGTCTTCAAATTTCAGTAAC,0,3304031
relBp,0.5,1,1,AGTCTAACCCTGGTGCAGTG,0,3274849
relBp,0.5,1,1,AGTCGGGTCATTCGGAGTCG,0,3266463
relBp,0.5,1,1,AGTCGCGCCTGCTTAATGAT,0,3290251
relBp,0.5,1,1,AGTCCTCGTCCCCTGCTGTA,0,3277286
relBp,0.5,1,1,AGTCCGCATCGCTACCGGCA,0,3305250
relBp,0.5,1,1,AGTCCCTAAGGAGCCCACAG,0,3263942
relBp,0.5,1,1,AGTCAATTTGAAGGGAAAAT,0,3262381
relBp,0.5,1,1,AGTCAAATGACAGGTTGCAG,0,3292484
relBp,0.5,1,1,AGTATGGTTTGTCTTGCCCC,0,3257552
relBp,0.5,1,1,AGTATCGGTCCCCACGCATT,0,3297350
relBp,0.5,1,1,AGTAGGGTAATACGATGAAG,0,3301935
relBp,0.5,1,1,AGTACGGCGTCCAAGACTGG,0,3303215
relBp,0.5,1,1,AGTACGATTCCTAGTAGTTC,0,3275291
relBp,0.5,1,1,AGTACACGCGGGGCGGTTCG,0,3261225
relBp,0.5,1,1,AGTACAAACGCGTAGGATTA,0,3292958
relBp,0.5,1,1,AGTAACGCATTAAAAGGTTA,0,3305569
relBp,0.5,1,1,AGGTTGTACACAAACTCTTG,0,3266249
relBp,0.5,1,1,AGGTTCGAGGTGGTCGTAAC,0,3282542
relBp,0.5,1,1,AGGTTAGTGTCAGCTTTGAT,0,3296273
relBp,0.5,1,1,AGGTGTTACTATAGAAGTGT,0,3271326
relBp,0.5,1,1,AGGTGCTTGCCTGTCCCTGT,0,3289734
relBp,0.5,1,1,AGGTGCGAGAACTGTCGGAG,0,3270077
relBp,0.5,1,1,AGGTCCGCACATCTAACCAC,0,3294693
relBp,0.5,1,1,AGGTAGTCTTCTGCTGTTAC,0,3268832
relBp,0.5,1,1,AGGTAACGTTCATATCTTTT,0,3272448
relBp,0.5,1,1,AGGGTCTTGTAAACGATGAA,0,3260997
relBp,0.5,1,1,AGGGTACGGTGTATAGCTCC,0,3261983
relBp,0.5,1,1,AGGGGTTCCGCATTTCAGGC,0,3280504
relBp,0.5,1,1,AGGGGTCAATCCTTCATCAT,0,3302782
relBp,0.5,1,1,AGGGGGACATGGCACTATAC,0,3300359
relBp,0.5,1,1,AGGGGATGCGTCTGAATATT,0,3290016
relBp,0.5,1,1,AGGGCTTTAAAATCTTTAAA,0,3278041
relBp,0.5,1,1,AGGGCGTTGGGACCTGTCTG,0,3286133
relBp,0.5,1,1,AGGGCGTAAGACCACCTTGT,0,3276810
relBp,0.5,1,1,AGGGCGAGAGTCCCGGTTAC,0,3289509
relBp,0.5,1,1,AGGGCCTCGTGTCTCGCCGT,0,3256130
relBp,0.5,1,1,AGGGCCTCAGCACCCTGACT,0,3298334
relBp,0.5,1,1,AGGGCCAAGACCCCTCACCC,0,3272928
relBp,0.5,1,1,AGGGCAGCGGTCCACTTATA,0,3272042
relBp,0.5,1,1,AGGGATGGAAACTGTAGGAT,0,3279371
relBp,0.5,1,1,AGGGATCTATAAATTGGCTG,0,3266985
relBp,0.5,1,1,AGGCTTCGACAGAACTACAG,0,3301664
relBp,0.5,1,1,AGGCTCACGTGTGTAAGTGC,0,3288412
relBp,0.5,1,1,AGGCTAATTCATTCTGTGTT,0,3283690
relBp,0.5,1,1,AGGCGCTATTCACGTTTATG,0,3277823
relBp,0.5,1,1,AGGCGCATGTAAGCACTCGA,0,3285610
relBp,0.5,1,1,AGGCCTTACACGCATAAGGA,0,3266631
relBp,0.5,1,1,AGGCCCGACGGTCCCGCCAG,0,3273208
relBp,0.5,1,1,AGGCCCACCCACCGCTCTTG,0,3283537
relBp,0.5,1,1,AGGCACTAGATCACAGGGAG,0,3263160
relBp,0.5,1,1,AGGCACAAGTTGGGAATAGC,0,3285497
relBp,0.5,1,1,AGGCAAAACGGAACAAGTGG,0,3300865
relBp,0.5,1,1,AGGATGACACGTTGCGTTCG,0,3283019
relBp,0.5,1,1,AGGAGTTAGATTACTCTTGA,0,3296625
relBp,0.5,1,1,AGGAGGTTATGGGAGCACAG,0,3273187
relBp,0.5,1,1,AGGAGATCTTCTGTCAATAA,0,3260532
relBp,0.5,1,1,AGGAGATATGGTTTACAAAC,0,3284326
relBp,0.5,1,1,AGGACCGGTGTTGATTTTAC,0,3272902
relBp,0.5,1,1,AGGACATGTTAGGCTTTTAT,0,3287215
relBp,0.5,1,1,AGGACAACGGTATCGCTGAA,0,3284325
relBp,0.5,1,1,AGGAAGAGGGATTGGGGATG,0,3285192
relBp,0.5,1,1,AGCTTATCTGGAGGTGCTAG,0,3264626
relBp,0.5,1,1,AGCTTACTCTGTACGTAATT,0,3269403
relBp,0.5,1,1,AGCTGTACGGTTGGCAAACG,0,3283906
relBp,0.5,1,1,AGCTGCTTCGAGTTAAACAC,0,3292250
relBp,0.5,1,1,AGCTGCTCTCCTCTCGTACC,0,3302848
relBp,0.5,1,1,AGCTGCCTGACACTTGCACT,0,3258855
relBp,0.5,1,1,AGCTGATACTCGCGACGGGA,0,3279187
relBp,0.5,1,1,AGCTGAAGGATCATTCCGGT,0,3256310
relBp,0.5,1,1,AGCTCGGAAGGGTAGAGCTT,0,3300764
relBp,0.5,1,1,AGCTCCCCGCTACCTCGTGT,0,3292819
relBp,0.5,1,1,AGCTCATCCCAGCGGCTGGA,0,3300950
relBp,0.5,1,1,AGCTCACGTGTAATAGAGCC,0,3269578
relBp,0.5,1,1,AGCTCACGAGAGTGCTTGTA,0,3286114
relBp,0.5,1,1,AGCGTTCTAAAAGACAAAGT,0,3284812
relBp,0.5,1,1,AGCGTGTGGACGCGTGATAT,0,3293930
relBp,0.5,1,1,AGCGTCCCCGGGCTGGAGAT,0,3275183
relBp,0.5,1,1,AGCGGAGGGCCAGATAACCC,0,3282516
relBp,0.5,1,1,AGCGGAGAGTCAAGCGTAAG,0,3286874
relBp,0.5,1,1,AGCGCTTTTGGGACTCATGA,0,3268265
relBp,0.5,1,1,AGCGATGCCATATACGTTCT,0,3302130
relBp,0.5,1,1,AGCGACGGGATATTTCCTGC,0,3272782
relBp,0.5,1,1,AGCGACCTGGGGTACTTAGC,0,3275952
relBp,0.5,1,1,AGCCTCTCCTCCAAGTAGCA,0,3287769
relBp,0.5,1,1,AGCCTATTTAAACGGGGTCG,0,3302641
relBp,0.5,1,1,AGCCTACGGCTCCTGGGTCC,0,3299927
relBp,0.5,1,1,AGCCGGTTAGCACACAACTA,0,3261470
relBp,0.5,1,1,AGCCGGGAGTTAAAGGAGAT,0,3281982
relBp,0.5,1,1,AGCCGCAGCTCAGCGGGTGC,0,3288371
relBp,0.5,1,1,AGCCCGACACTTGAGGGAGT,0,3274624
relBp,0.5,1,1,AGCCAATATTGTAACTCGTG,0,3282258
relBp,0.5,1,1,AGCATCCGTGCTCACCATTA,0,3293511
relBp,0.5,1,1,AGCAGGGTAGCTAGCCACAA,0,3289057
relBp,0.5,1,1,AGCACATTGTCTGAAGACAA,0,3304101
relBp,0.5,1,1,AGCACAAATTCCCTTCGAGC,0,3300279
relBp,0.5,1,1,AGCAATAAGCCTTCGTGGCA,0,3260848
relBp,0.5,1,1,AGCAAGACCGAAGGGGAGTC,0,3290538
relBp,0.5,1,1,AGATTTCAACGAGCAAAAAA,0,3267692
relBp,0.5,1,1,AGATTTAGGCAGCAGATCCA,0,3293368
relBp,0.5,1,1,AGATTGCCAACGCCTTCCCG,0,3290408
relBp,0.5,1,1,AGATTCACAGCGGATAAATT,0,3257082
relBp,0.5,1,1,AGATGGTGTTTGAAACTGTA,0,3307891
relBp,0.5,1,1,AGATGACACTGCATAACGGC,0,3295758
relBp,0.5,1,1,AGATCCAAAGCTCACCCAAT,0,3259344
relBp,0.5,1,1,AGATCAGCTCATGTGGATAT,0,3284597
relBp,0.5,1,1,AGATAGGACCAGGTGCATCG,0,3279639
relBp,0.5,1,1,AGAGTTCGGGGAGGAGAACT,0,3260307
relBp,0.5,1,1,AGAGGGGGCCAGAGTTCGAT,0,3297086
relBp,0.5,1,1,AGAGGATCGACACCTCGGTG,0,3288230
relBp,0.5,1,1,AGAGCCCGACAAGGAACAAA,0,3300895
relBp,0.5,1,1,AGAGCAGAGATTATCGTCCC,0,3268901
relBp,0.5,1,1,AGAGCACGCGCAATTAGGAT,0,3284111
relBp,0.5,1,1,AGAGATATCGGCCACCGCCG,0,3277569
relBp,0.5,1,1,AGAGACTCGGTACTCACTGC,0,3293277
relBp,0.5,1,1,AGAGACGATTGCTCATGTTT,0,3302918
relBp,0.5,1,1,AGACTCTTCCCGGTATATTT,0,3299435
relBp,0.5,1,1,AGACTCATAAGCGACAATTA,0,3303720
relBp,0.5,1,1,AGACGTAGGGGTTGACAATG,0,3294098
relBp,0.5,1,1,AGACGGTTATTATATACGGT,0,3276188
relBp,0.5,1,1,AGACCTCGCTGATGGACGTA,0,3260978
relBp,0.5,1,1,AGACCTACTTGCTTGTGGAA,0,3307636
relBp,0.5,1,1,AGACCGGGTCTTCCTTGTGG,0,3298589
relBp,0.5,1,1,AGACCCATCCCTTGAGGCAG,0,3260164
relBp,0.5,1,1,AGACCCATAATCGGCTGTTA,0,3302114
relBp,0.5,1,1,AGACCAAGAAGCGGTGTGGA,0,3300912
relBp,0.5,1,1,AGAAGGTTTGATACATTGCC,0,3262598
relBp,0.5,1,1,AGAAGAGAGAGCTTGTGGGT,0,3266487
relBp,0.5,1,1,AGAAGAAAAAACTCGTCTAC,0,3284993
relBp,0.5,1,1,AGAACCGAGCTTCTGGCCGA,0,3264339
relBp,0.5,1,1,AGAAATCCATCAGACCACTA,0,3268306
relBp,0.5,1,1,AGAAAGCCACGTCTTGGTCT,0,3260078
relBp,0.5,1,1,AGAAACGTCATTAGTACAGT,0,3286910
relBp,0.5,1,1,AGAAACCGTATCAAGGAAGA,0,3265942
relBp,0.5,1,1,ACTTTTTTACAAACAGGGGA,0,3297462
relBp,0.5,1,1,ACTTTTAGTGAAGAAACGAC,0,3266603
relBp,0.5,1,1,ACTTTACATGGGGATAGCGG,0,3282816
relBp,0.5,1,1,ACTTGGTCTTTACAGCACAG,0,3303915
relBp,0.5,1,1,ACTTGGCGCGCCGGGTAATG,0,3279593
relBp,0.5,1,1,ACTTGCCCTGTTGCCGCGGT,0,3307611
relBp,0.5,1,1,ACTTCCCGAGTTATGAACTA,0,3303975
relBp,0.5,1,1,ACTTAATAGAGCGGGCCTTT,0,3266814
relBp,0.5,1,1,ACTTAACTGCCCTTCCTTCT,0,3296557
relBp,0.5,1,1,ACTGTGCCGTAGTAGTCTAC,0,3259703
relBp,0.5,1,1,ACTGTAGTCCGAGGTCGCAT,0,3296174
relBp,0.5,1,1,ACTGTAGCACTAGGTTGGGG,0,3288012
relBp,0.5,1,1,ACTGGGCTAGTGGATAGGAA,0,3276728
relBp,0.5,1,1,ACTGCCCTTCCCTCACATTG,0,3286645
relBp,0.5,1,1,ACTGCAAGAGTAAGTACTCA,0,3262440
relBp,0.5,1,1,ACTGAATGGAGCAGTGTATG,0,3290911
relBp,0.5,1,1,ACTCTCGTCAGGTCTGGGAG,0,3299245
relBp,0.5,1,1,ACTCTACGTGGGCGGCCTCA,0,3258933
relBp,0.5,1,1,ACTCGGTAAGCTACAGTTTC,0,3271439
relBp,0.5,1,1,ACTCGCATCAACGTCGGTCT,0,3306934
relBp,0.5,1,1,ACTCCTCCATTAGCTATACA,0,3286818
relBp,0.5,1,1,ACTATTCATTAGGGATGGTC,0,3291626
relBp,0.5,1,1,ACTAGAATTGTACACCGGGA,0,3304962
relBp,0.5,1,1,ACTACAAAGCATAGAAGGCT,0,3289819
relBp,0.5,1,1,ACTAATTGCGAACGCATAGT,0,3278660
relBp,0.5,1,1,ACTAACTTCGATCAGGTAGA,0,3264068
relBp,0.5,1,1,ACTAAAGACTTTCAATATAG,0,3274679
relBp,0.5,1,1,ACGTTCGAATCTTGACGCCG,0,3261640
relBp,0.5,1,1,ACGTTAGCAGCGCGTGGCCC,0,3286339
relBp,0.5,1,1,ACGTTAATTGACTAACCCGT,0,3298835
relBp,0.5,1,1,ACGTGTATCGGAAAGATAGC,0,3295954
relBp,0.5,1,1,ACGTGTATCCAATGGGCAGC,0,3257902
relBp,0.5,1,1,ACGTGCGACGAGGGGCTAAG,0,3260837
relBp,0.5,1,1,ACGTGCCGTGCTGGAATTGG,0,3288926
relBp,0.5,1,1,ACGTCTCATACCTGCGCAAG,0,3301099
relBp,0.5,1,1,ACGTCATATGGGCTGGCTGG,0,3294153
relBp,0.5,1,1,ACGTCAGACCTGTGTGTTGT,0,3262926
relBp,0.5,1,1,ACGTACGGCCTAAATGCAGA,0,3306404
relBp,0.5,1,1,ACGGTTTCAGCTGGGGAAGC,0,3272868
relBp,0.5,1,1,ACGGTTCGGAAAAGACGAAA,0,3276130
relBp,0.5,1,1,ACGGTGCGTTCGTGCCGGTC,0,3282120
relBp,0.5,1,1,ACGGTACGTCAGAAGAATTG,0,3286755
relBp,0.5,1,1,ACGGGCGTAGGTTTTAACCT,0,3280141
relBp,0.5,1,1,ACGGCGTCGATCACGATTAG,0,3266652
relBp,0.5,1,1,ACGGCCTCTTACGAGGGACC,0,3286711
relBp,0.5,1,1,ACGGCATGCTGCGCGCACTT,0,3292660
relBp,0.5,1,1,ACGGCACAACGGGGCGTCAT,0,3285633
relBp,0.5,1,1,ACGGATCTTTAGCTATCCCA,0,3288475
relBp,0.5,1,1,ACGGATATGATGAACAACAC,0,3282036
relBp,0.5,1,1,ACGGAGACCTAACGATTCGT,0,3257664
relBp,0.5,1,1,ACGGACCCTTGGAACGCCCC,0,3268075
relBp,0.5,1,1,ACGGAATTGCAGCGCTGACC,0,3305975
relBp,0.5,1,1,ACGGAAGGTATCCAACGCAT,0,3273266
relBp,0.5,1,1,ACGCTGGTGATGCCTTCTGA,0,3256785
relBp,0.5,1,1,ACGCTGCGTGGTTTATGTTC,0,3263157
relBp,0.5,1,1,ACGCGCCGCCAATGTGGCCA,0,3270216
relBp,0.5,1,1,ACGCGAGTGCCAAAATCTTT,0,3289584
relBp,0.5,1,1,ACGCGAACTTGCCTTCCAAT,0,3260568
relBp,0.5,1,1,ACGCCTCAGTCGGAGTGCCT,0,3261376
relBp,0.5,1,1,ACGCATCTTGGATTGGGATC,0,3272361
relBp,0.5,1,1,ACGCAATACCGGAACAGTCC,0,3258976
relBp,0.5,1,1,ACGAGTGCTACGCTCGGCCG,0,3279575
relBp,0.5,1,1,ACGAGGGGGGCGTTTATCGA,0,3274836
relBp,0.5,1,1,ACGAGGGATTCCATCCATGA,0,3271373
relBp,0.5,1,1,ACGAGGGAAACCGGATGGTT,0,3285233
relBp,0.5,1,1,ACGAGCCTAATTAGGGACGG,0,3272554
relBp,0.5,1,1,ACGAGACTTTTAGCGACGAT,0,3265205
relBp,0.5,1,1,ACGACGTCCGACAGTTACGC,0,3296480
relBp,0.5,1,1,ACGACCCTGGCCCACGCGAA,0,3304938
relBp,0.5,1,1,ACGACAGTAGTCAATTAAGA,0,3293233
relBp,0.5,1,1,ACGAATTAGTTTTGATGTAT,0,3274330
relBp,0.5,1,1,ACGAAGGCGGTGTCCAATAC,0,3292698
relBp,0.5,1,1,ACGAACGTCAACTCCGGTAC,0,3303777
relBp,0.5,1,1,ACGAAATCAAGGTATAGAAT,0,3306973
relBp,0.5,1,1,ACCTTTCCGAAGACACGGGG,0,3259661
relBp,0.5,1,1,ACCTTCGCCCCTATGTTCTA,0,3266530
relBp,0.5,1,1,ACCTTATGATGCGCACCCAT,0,3277241
relBp,0.5,1,1,ACCTGAGTGAACTTTCCGCA,0,3281053
relBp,0.5,1,1,ACCTCTGGGAACCTATGGCG,0,3256794
relBp,0.5,1,1,ACCTAGCGTTGGTAAGGAAT,0,3292489
relBp,0.5,1,1,ACCTAACCAAGTACTTGCAG,0,3270337
relBp,0.5,1,1,ACCGTAGGCGTATCCGAGCT,0,3277469
relBp,0.5,1,1,ACCGTAGCATTATTACGTTT,0,3287429
relBp,0.5,1,1,ACCGGCCGGGCATCCACACA,0,3290499
relBp,0.5,1,1,ACCGGAACGTAGAGGACATG,0,3267324
relBp,0.5,1,1,ACCGCCCGTAGTTCAGACGA,0,3297390
relBp,0.5,1,1,ACCGATACAACCGTCAACGA,0,3257990
relBp,0.5,1,1,ACCGAGCGCGGGCGAGGTCC,0,3300726
relBp,0.5,1,1,ACCCTGGCTGTCACACGCTT,0,3275810
relBp,0.5,1,1,ACCCTCACCGGGCATAGATA,0,3292666
relBp,0.5,1,1,ACCCTAGATATATCCGAAAC,0,3279080
relBp,0.5,1,1,ACCCGGTTTCGGTGCTGCGG,0,3273369
relBp,0.5,1,1,ACCCGCGAGGGCTGCCTTCA,0,3301967
relBp,0.5,1,1,ACCCGAGGATTAGATATTTG,0,3292725
relBp,0.5,1,1,ACCCCACGCGGCGGTAATCT,0,3282060
relBp,0.5,1,1,ACCCATGCGTATGTAATTAG,0,3295296
relBp,0.5,1,1,ACCCATCGAGTGGGTTACTC,0,3276509
relBp,0.5,1,1,ACCCAGGTGGTCTGATTGTG,0,3270617
relBp,0.5,1,1,ACCATTCGGGGGTTTATCCA,0,3264006
relBp,0.5,1,1,ACCATCTTTCAAGACCAGTG,0,3258056
relBp,0.5,1,1,ACCATATAGGCTACTTTTAC,0,3294697
relBp,0.5,1,1,ACCAGTATAGTGATCCCAGG,0,3272958
relBp,0.5,1,1,ACCAGTAGGGGATAAAGTGC,0,3274976
relBp,0.5,1,1,ACCAGGTTCATTCTACTGCT,0,3261929
relBp,0.5,1,1,ACCAGGGTGGTTAACAGAAG,0,3274224
relBp,0.5,1,1,ACCAGCGCATACCGGCGTTT,0,3265050
relBp,0.5,1,1,ACCACGAGGCGTCCTTGTGC,0,3306320
relBp,0.5,1,1,ACCACAGGGGCAGTGTGGTG,0,3259998
relBp,0.5,1,1,ACCACACAGCTCGTGCTCGC,0,3308369
relBp,0.5,1,1,ACATTTAACTAAGGCATCAA,0,3301017
relBp,0.5,1,1,ACATTCGGAACCCTACCCGT,0,3304442
relBp,0.5,1,1,ACATGTTTGTACCTTTGTGT,0,3285448
relBp,0.5,1,1,ACATATCTTTTTGTTGCTGT,0,3264690
relBp,0.5,1,1,ACATAAGTGCTAATGTCTAG,0,3295111
relBp,0.5,1,1,ACAGTGAAAAAGGAGTCGTC,0,3264302
relBp,0.5,1,1,ACAGGTGAGGGTCCTTTGTT,0,3277955
relBp,0.5,1,1,ACAGGGGCTACAGACGCCAA,0,3286424
relBp,0.5,1,1,ACAGGATCTCTCTGGCGGGA,0,3259434
relBp,0.5,1,1,ACAGCTGTTTCTGCCCTCAT,0,3308225
relBp,0.5,1,1,ACAGCTACTTGCTTGTAAGG,0,3274867
relBp,0.5,1,1,ACAGCACAATGCAACGGGGG,0,3283564
relBp,0.5,1,1,ACAGATGCCGGGCGGATATT,0,3301533
relBp,0.5,1,1,ACAGAGGCGCACACAGTGAG,0,3299613
relBp,0.5,1,1,ACAGAAGCGGCAAACAATTC,0,3277047
relBp,0.5,1,1,ACACGTCAGTGGAAGGGTCA,0,3265993
relBp,0.5,1,1,ACACGGTGGTTAGGGCGAAG,0,3286460
relBp,0.5,1,1,ACACCCTTGACGTCTTACGT,0,3266252
relBp,0.5,1,1,ACACATTCCCCATAGCGTGA,0,3277500
relBp,0.5,1,1,ACACAACAAGAAGGAGCCTG,0,3299396
relBp,0.5,1,1,ACAATATGATCGTCCAATGT,0,3281945
relBp,0.5,1,1,ACAACTCCCACAGTGATGTG,0,3281677
relBp,0.5,1,1,ACAACAGGGGCCTAAAGGAA,0,3284753
relBp,0.5,1,1,ACAAATCAAGCTTATGCTTC,0,3302098
relBp,0.5,1,1,AATTTTCAACTTACTCCCCC,0,3269036
relBp,0.5,1,1,AATTTGGGTCGAATCTCGCT,0,3291246
relBp,0.5,1,1,AATTTGGGGCGGTTTGTCGT,0,3271590
relBp,0.5,1,1,AATTTGATGCCTGTCAGCAC,0,3280662
relBp,0.5,1,1,AATTTCTATGCGCGTTGCGC,0,3268308
relBp,0.5,1,1,AATTTAGGGAGCTCTCGACT,0,3275676
relBp,0.5,1,1,AATTTAGGAGCACAGTATTT,0,3302013
relBp,0.5,1,1,AATTGTAACATTTTGGCCGT,0,3256240
relBp,0.5,1,1,AATTGGTAACTCATAGAAAA,0,3262136
relBp,0.5,1,1,AATTGGGACTCGCTCCTATT,0,3288899
relBp,0.5,1,1,AATTGGCGCCGTAGAAGTGC,0,3298007
relBp,0.5,1,1,AATTGCGATCACCGGCCAGA,0,3297947
relBp,0.5,1,1,AATTGATGTTTGCACCGAGA,0,3289441
relBp,0.5,1,1,AATTCTTAGGCTTGACCACA,0,3277086
relBp,0.5,1,1,AATTCGGGTACTTGGCGGCT,0,3298947
relBp,0.5,1,1,AATTCATTGCCTGGAACCGG,0,3270979
relBp,0.5,1,1,AATTATCAAATCGATGAATC,0,3273533
relBp,0.5,1,1,AATGTTTGTTGGCCACGCTT,0,3260721
relBp,0.5,1,1,AATGTTGTTGGCAGTCTGAC,0,3256298
relBp,0.5,1,1,AATGGCGCGCGTATGCTATT,0,3307579
relBp,0.5,1,1,AATGCTTCTACAGCCGGCTG,0,3294134
relBp,0.5,1,1,AATCGGTTCTGCTATCCAAG,0,3284115
relBp,0.5,1,1,AATCCTGGTTTTCTATAATA,0,3292618
relBp,0.5,1,1,AATCCTATAACGTGCTTGTC,0,3257025
relBp,0.5,1,1,AATCCCCTATTGAAGGGTCC,0,3267826
relBp,0.5,1,1,AATCATCAACATGCTGAGAA,0,3293615
relBp,0.5,1,1,AATCAGTTTGAATAAGCGTG,0,3302220
relBp,0.5,1,1,AATCAATTATAACTTCAGGT,0,3295448
relBp,0.5,1,1,AATATGGCCGTGAAGGGGTT,0,3284702
relBp,0.5,1,1,AATATCATTTTAGTCAGATA,0,3286604
relBp,0.5,1,1,AATAGTTGGGTTCATTTCCC,0,3282096
relBp,0.5,1,1,AATACTTGCCCCGGCCTCTA,0,3292762
relBp,0.5,1,1,AATACAATAACCCTTTCTGA,0,3305311
relBp,0.5,1,1,AAGTTTGGCGGCGATAGACG,0,3282771
relBp,0.5,1,1,AAGTTATTCGAATAGCGTTC,0,3293527
relBp,0.5,1,1,AAGTTACCTCGCGCCATGAT,0,3283119
relBp,0.5,1,1,AAGTGGACACATTCCAAGAA,0,3275123
relBp,0.5,1,1,AAGTCTCCAGGTGCTCTTAA,0,3290825
relBp,0.5,1,1,AAGTATATATGTTGTAAATC,0,3258945
relBp,0.5,1,1,AAGGTGGCACGTTAGGTAGC,0,3265191
relBp,0.5,1,1,AAGGTCACAAAACAAGTTTC,0,3273443
relBp,0.5,1,1,AAGGTACCGGTATTCGGTAT,0,3266601
relBp,0.5,1,1,AAGGGTTCTCTTGGGACTTT,0,3287252
relBp,0.5,1,1,AAGGGTCAGTGATGGTACCC,0,3257550
relBp,0.5,1,1,AAGGGGTGGTATTCCGTTCT,0,3262176
relBp,0.5,1,1,AAGGGGGTTTCCGGGGCACT,0,3264133
relBp,0.5,1,1,AAGGGCTTCTTCGACGGTAC,0,3294380
relBp,0.5,1,1,AAGGGCGCAACGGTCTCTCA,0,3265261
relBp,0.5,1,1,AAGGGACGCTCGACCAATAC,0,3285314
relBp,0.5,1,1,AAGGGACAGTATTGTTTGCA,0,3301114
relBp,0.5,1,1,AAGGCTGACCCGGCACGTTA,0,3272387
relBp,0.5,1,1,AAGGCCCAAGTGTGGTACAC,0,3291086
relBp,0.5,1,1,AAGGATCCATAATTTGCTTA,0,3268076
relBp,0.5,1,1,AAGGAACGGCTCCACCTGCA,0,3280673
relBp,0.5,1,1,AAGGAAAATCTCAGCTGGAG,0,3297917
relBp,0.5,1,1,AAGCTCTCCAGCCGGTCTAG,0,3274671
relBp,0.5,1,1,AAGCTAATAAGAGCTCCGCC,0,3259546
relBp,0.5,1,1,AAGCGTTTTATTGAAATAAC,0,3287075
relBp,0.5,1,1,AAGCGGTCGTTTAACATGGA,0,3274374
relBp,0.5,1,1,AAGCCGCCACGCTCGAGCGC,0,3308519
relBp,0.5,1,1,AAGCCCGCTGATATCCACGT,0,3281121
relBp,0.5,1,1,AAGCATCGGCTGGGACCAAT,0,3291114
relBp,0.5,1,1,AAGCAGGCTCCATCGGGCGT,0,3305823
relBp,0.5,1,1,AAGCAGGAATAGCAGATTGG,0,3278300
relBp,0.5,1,1,AAGCACGGTTAGTGCACATG,0,3271099
relBp,0.5,1,1,AAGCACATGACTTCTTTGCG,0,3288920
relBp,0.5,1,1,AAGATTCAGTAGGTCTATAA,0,3299674
relBp,0.5,1,1,AAGAGCTGACAAGAAGGCAA,0,3285651
relBp,0.5,1,1,AAGACTGTTTTTAAGTCACC,0,3280147
relBp,0.5,1,1,AAGACGTTAGAAAACAGAGT,0,3292429
relBp,0.5,1,1,AAGACCTGCCGTCCCGGCCT,0,3298978
relBp,0.5,1,1,AAGAATGCCTACGGACGAAA,0,3296206
relBp,0.5,1,1,AAGAACCGGATGCTCAGAAT,0,3263969
relBp,0.5,1,1,AACTTTATGAGGAGCCAAAT,0,3256368
relBp,0.5,1,1,AACTTTAGAGAAGATTGAGG,0,3285870
relBp,0.5,1,1,AACTTCTTAAGGTCTAATTC,0,3299887
relBp,0.5,1,1,AACTTAAGCGAGCGCACCAC,0,3280787
relBp,0.5,1,1,AACTGTCAAAGTGCCCTTGA,0,3272611
relBp,0.5,1,1,AACTGGATGGTCCTGTTCGA,0,3267173
relBp,0.5,1,1,AACTCTCATTCAAAATCTGT,0,3290887
relBp,0.5,1,1,AACTCCGGGTCTCTATTCCG,0,3274337
relBp,0.5,1,1,AACTCCCAACGGAGTGCGCA,0,3267052
relBp,0.5,1,1,AACGGATGGGGGGAGGAGAT,0,3273113
relBp,0.5,1,1,AACGCTGGTCCTCGTAGGTT,0,3277780
relBp,0.5,1,1,AACGCGTTCCTAGACGAACC,0,3290039
relBp,0.5,1,1,AACGCGTGGTTCACCAATGG,0,3288007
relBp,0.5,1,1,AACGCCCAGGTGTGCATCAA,0,3260130
relBp,0.5,1,1,AACGCAAACATGAGTTAAAC,0,3300605
relBp,0.5,1,1,AACGATATCCGATCACGGTG,0,3275899
relBp,0.5,1,1,AACCTCTTTTGCTATCACTG,0,3280366
relBp,0.5,1,1,AACCTACGCAAGTGATGAGG,0,3282923
relBp,0.5,1,1,AACCGTAGATTTCCTTGCAA,0,3260448
relBp,0.5,1,1,AACCACTTCTTGCTGGCACA,0,3280696
relBp,0.5,1,1,AACCACAGTGAGTTCATCAT,0,3302853
relBp,0.5,1,1,AACATCTCGATAGAACACGT,0,3256187
relBp,0.5,1,1,AACATCAAATGGAGACACGG,0,3294955
relBp,0.5,1,1,AACATACAGGAGAAGGCGGT,0,3275151
relBp,0.5,1,1,AACAGGATCGGTGGCTCACG,0,3290673
relBp,0.5,1,1,AACACACCGGAGCTGGTCGC,0,3284479
relBp,0.5,1,1,AACAATCGGTAGTTGAACGA,0,3301728
relBp,0.5,1,1,AAATTTCTTTTTAAGGGTCT,0,3308288
relBp,0.5,1,1,AAATTGCCGATGTATCGCCA,0,3286013
relBp,0.5,1,1,AAATTGCATAAGCTGATCCG,0,3289285
relBp,0.5,1,1,AAATTGAGAGTTTCTACAAA,0,3268513
relBp,0.5,1,1,AAATTCTCGCGAGTGTTTAC,0,3259736
relBp,0.5,1,1,AAATGTAATACGACTACGGG,0,3284021
relBp,0.5,1,1,AAATGCGCGACGACAACGTT,0,3264354
relBp,0.5,1,1,AAATGCGCCCGAGGCAGGGA,0,3259435
relBp,0.5,1,1,AAATCTACAGCGAGAGGGGG,0,3305500
relBp,0.5,1,1,AAATCGTGAGTAACTCCGGA,0,3259407
relBp,0.5,1,1,AAATCGGAGTCTAGCTCGGT,0,3296821
relBp,0.5,1,1,AAATATCGCCCTTTCATTGA,0,3299588
relBp,0.5,1,1,AAATATATCTCGAACTTGGG,0,3272280
relBp,0.5,1,1,AAATATAGAGTTATTATGGT,0,3281919
relBp,0.5,1,1,AAATAGTCTTCATCGAGCCA,0,3287708
relBp,0.5,1,1,AAAGTGGTCAAAAGGGCACC,0,3261182
relBp,0.5,1,1,AAAGGGATGTTAGCTAGCCT,0,3294128
relBp,0.5,1,1,AAAGGCTGGTAGGCCTCCTT,0,3273665
relBp,0.5,1,1,AAAGGACCTGCGCGCACGGC,0,3260620
relBp,0.5,1,1,AAAGGAAATAGGCGCATAAC,0,3307633
relBp,0.5,1,1,AAAGCCATGTTATTTCGGCA,0,3303870
relBp,0.5,1,1,AAACGGGGGTAATCGAGCGG,0,3268688
relBp,0.5,1,1,AAACATGGCAGCGACTTTCT,0,3286934
relBp,0.5,1,1,AAACAGAGTTCTTGGGCCAC,0,3298993
relBp,0.5,1,1,AAAATGTTTGGGACTACGGA,0,3276370
relBp,0.5,1,1,AAAATCGGGAACGTTAACGA,0,3297841
relBp,0.5,1,1,AAAATCGCTCATCTCGACAT,0,3268534
relBp,0.5,1,1,AAAAGACCAACGATACACCC,0,3290627
relBp,0.5,1,1,AAAACTTCAGAAAGTATAGG,0,3278709
relBp,0.5,1,1,AAAACTGCGGTGTCGATTCG,0,3278755
relBp,0.5,1,1,AAAAAACCGGTGCTCAATTT,0,3272549
relBp,54.0,53,0,TAGCGTCAGCTCCTTGAGTC,53,3288774
relBp,41.0,40,0,ATGGTCTTGGAAAAGACGAA,40,3280205
relBp,40.0,39,0,AATGCTCAACCTCGTGCGGT,39,3305540
relBp,30.0,29,0,ATTGGAATATTTGAGGTAGC,29,3270618
relBp,29.0,28,0,CCCGATTGGCGGTGGTCATT,28,3288776
relBp,24.0,23,0,AAGTAGCGCCACGGCTTTAT,23,3306286
relBp,23.0,22,0,CTGATGATAGAGATTTGTCT,22,3303668
relBp,23.0,22,0,CGGACGATAAATGAGTTGTA,22,3306198
relBp,22.0,21,0,CTTCTCAAAGAACATCGTGT,21,3305420
relBp,22.0,21,0,CCTGTTACGCTTCCTTGTAA,21,3304640
relBp,19.0,18,0,GGACACACCTTGAGAGTTGA,18,3288772
relBp,19.0,18,0,GCCTCCTGGTACTAGCGTGC,18,3294940
relBp,19.0,18,0,GATCGAGCGAGTCTCGGGTA,18,3308575
relBp,17.0,16,0,CTAGCCCCCAAGCGTTCGAA,16,3279412
relBp,16.0,15,0,CTACGGTTTGTCCTAGCGGA,15,3297509
relBp,15.0,14,0,GTTAACGGATTATTCTTCTG,14,3296463
relBp,15.0,14,0,CTCGGTACCAAGGTCACGAA,14,3306679
relBp,15.0,14,0,CTAATAACCGTCGAGCGTAC,14,3289666
relBp,15.0,14,0,ACGATAACGCAAAGTCTCGG,14,3270521
relBp,14.0,13,0,GTCGTGACAGCCATTGGTTA,13,3299232
relBp,14.0,13,0,CTTCCATAATTCACCAGTAT,13,3301237
relBp,13.0,12,0,TTTAGGCCTCTCGAGGGGCA,12,3282138
relBp,13.0,12,0,TGGGTATCGTGCCCTCCGGA,12,3291887
relBp,13.0,12,0,GTCTTTGCGTGCTCGATACG,12,3300572
relBp,13.0,12,0,GTCGTTGGTGAGCTGTGCTG,12,3293611
relBp,13.0,12,0,CACGTGTTCGATTAATTCAG,12,3306182
relBp,13.0,12,0,AGTGGGTTGAATGGCTAACA,12,3269101
relBp,13.0,12,0,ACTTTGGTGGACGGCTTACT,12,3267913
relBp,12.0,11,0,TCGATATACCCAGGGTACTG,11,3270545
relBp,12.0,11,0,GGAAGCTCGTAAGTTATTTG,11,3270993
relBp,12.0,11,0,CGCAGGAACGGGCGGTACGT,11,3307609
relBp,12.0,11,0,CAACACTGTAAGCGCCTCTC,11,3261180
relBp,12.0,11,0,ATTATAAAGTCTGCTGTTCT,11,3271813
relBp,12.0,11,0,ATGTGTTTAGCTGCGAAGCT,11,3305840
relBp,12.0,11,0,AGCGGGGTGTTATTGACATG,11,3287113
relBp,12.0,11,0,AAAGTACTTGAGAATGGCCT,11,3297756
relBp,11.0,10,0,TTCAGCGGCCGAGGCTGCAA,10,3304906
relBp,11.0,10,0,TTACTTAGAGCTCATAGCAG,10,3292524
relBp,11.0,10,0,TGTGTGGGGGACAGGGGCTG,10,3291674
relBp,11.0,10,0,TGCTACTACGGTCTTCGAGA,10,3302250
relBp,11.0,10,0,TGAACGTCTTTCTGTAACAG,10,3289262
relBp,11.0,10,0,TAACAAGACCTAGGCGGTAT,10,3306302
relBp,11.0,10,0,TAAAGCACGGCCCCTAGCAA,10,3275385
relBp,11.0,10,0,GTTAATTGGCCAGATATGCC,10,3276877
relBp,11.0,10,0,GTAATCAAAAACCGATGCAG,10,3289254
relBp,11.0,10,0,GGAAGTAGAGTATGGCTTGG,10,3289253
relBp,11.0,10,0,GAAGGGGCGCGGCGAGATAT,10,3305674
relBp,11.0,10,0,CTTCACTCTGGCATCTATAT,10,3264812
relBp,11.0,10,0,CTGCGATGACGTTTCTCATA,10,3298391
relBp,11.0,10,0,CCGCGAATACGTGACAATTA,10,3265437
relBp,11.0,10,0,CCCCGTTCAGTGCGTCTCGC,10,3300748
relBp,11.0,10,0,CCAAGCCGCTGTCGTCATTA,10,3264802
relBp,11.0,10,0,ATGCCACCCATCGCCGGATA,10,3299637
relBp,11.0,10,0,ATCTGCACTTACTTATTTTA,10,3289260
relBp,10.0,9,0,TGCCAAAGCGTTTGAAACCT,9,3302504
relBp,10.0,9,0,GCCACAGTCCGGGCTCGGGA,9,3299935
relBp,10.0,9,0,CTTCAAAATGTTAAATAATA,9,3303737
relBp,10.0,9,0,CCTGTTTTGCTCAATAACAA,9,3304657
relBp,10.0,9,0,ATTCGGAAACCAGAGGGTTT,9,3286495
relBp,10.0,9,0,ACTGGTTCACACGTGATTAC,9,3270157
relBp,10.0,9,0,ACAGCAAATACATACCATTT,9,3259869
relBp,10.0,9,0,AATAGGCTGTCTTAGGCAGA,9,3303674
relBp,10.0,9,0,AAAGTTGGATCCTGGGACAC,9,3299208
relBp,10.0,9,0,AAAAATATTCAGGAGCAAAG,9,3306485
relBp,9.0,8,0,TTGCTTGGGGATATTCCTCT,8,3263796
relBp,9.0,8,0,TTAGTGAGCATAGTCATGCG,8,3262695
relBp,9.0,8,0,TCTTAATGTCCAGTGTGGAA,8,3261181
relBp,9.0,8,0,TCCGGTCTTAGAAGCTGGAT,8,3306067
relBp,9.0,8,0,TCCAGGTCGGTCTCTGGGCT,8,3305152
relBp,9.0,8,0,GTTCGTTAATACAACCACGT,8,3275982
relBp,9.0,8,0,GTATAAGATGATTAGTTTAG,8,3275514
relBp,9.0,8,0,GGACCAGCCAAATGTATGTA,8,3292313
relBp,9.0,8,0,GCCGGATCGTATTCAACTCG,8,3292796
relBp,9.0,8,0,GCATAAGATTTAGGACATGA,8,3281632
relBp,9.0,8,0,GCACCAGGGTCGCTGAGCTA,8,3273069
relBp,9.0,8,0,GCAACCCCTGCTGGCAGCGC,8,3297507
relBp,9.0,8,0,CTGAATAGCCAGGGCAGGAA,8,3275264
relBp,9.0,8,0,CTCGAGTCGATGTTCCGCCG,8,3302096
relBp,9.0,8,0,CGCGGGGACGCCTAACGACT,8,3277172
relBp,9.0,8,0,CCGGTGGCTGTGATTGTATG,8,3302180
relBp,9.0,8,0,CAGTGATCTATTCGAGCGTG,8,3279275
relBp,9.0,8,0,ATCAGGGTATGCGGGTGGGG,8,3275062
relBp,9.0,8,0,ATAGCTGACTTCTGATCTCA,8,3304551
relBp,9.0,8,0,AGCGAATGGAGTGCTATCAC,8,3308671
relBp,9.0,8,0,AGATACATTCTTTTGACGGG,8,3275581
relBp,9.0,8,0,ACGCCTGCTGTGCTACTAAT,8,3280570
relBp,9.0,8,0,ACCAAACATCTAATCAGCGT,8,3306166
relBp,9.0,8,0,ACAGTGAACTTTCGAGCCCG,8,3307739
relBp,9.0,8,0,AATAGGATCACCGAGTAATA,8,3303368
relBp,9.0,8,0,AAGTAGCGCCCTGTTTGAAT,8,3297385
relBp,9.0,8,0,AAGGGTGCGTGCCTGAATCC,8,3267206
relBp,8.0,7,0,TGAGATACGAGGTCCACAGG,7,3298712
relBp,8.0,7,0,GTCCCGGGAAGGGCCGGTTT,7,3298178
relBp,8.0,7,0,GTAAGCATTACGAGTCTGAG,7,3291010
relBp,8.0,7,0,GGGAAAAAGACAGGAGGTGG,7,3277313
relBp,8.0,7,0,GCGACGGACATTTGCAGGTA,7,3288178
relBp,8.0,7,0,GCCCCTAGTAAATCCCACCT,7,3275270
relBp,8.0,7,0,GCCCATGTTAACTAAAAGGT,7,3270554
relBp,8.0,7,0,GACGACTGTTGCGATATTGA,7,3279414
relBp,8.0,7,0,GACCCCGCTCTTTCCCCAAA,7,3281621
relBp,8.0,7,0,GAATTTAGAGATTCTCGTTC,7,3280199
relBp,8.0,7,0,GAACGGTGCCAACGGCATAT,7,3290542
relBp,8.0,7,0,CTTCATGTAGTGCCCGCGCT,7,3305135
relBp,8.0,7,0,CTAGACGGGACGCGGTTTTA,7,3305467
relBp,8.0,7,0,CGTATCAGCAGAGACGAACA,7,3299644
relBp,8.0,7,0,CGGTAGTAGTCCAGGAGTAT,7,3297881
relBp,8.0,7,0,CAGGACGGGTACTGCGCTGT,7,3269153
relBp,8.0,7,0,ATATTCTCAAGTACCGTGCT,7,3274220
relBp,8.0,7,0,ATATAAAAACTCGAATCATC,7,3260412
relBp,8.0,7,0,AGTCTCTTTGTATTCCCCTA,7,3279436
relBp,8.0,7,0,ACTGGATTTAGTCGTCATCG,7,3306467
relBp,8.0,7,0,ACAAGTGGCACTCAGCTTTT,7,3275206
relBp,7.0,6,0,TTTACCGTCCTATACTGCTT,6,3308176
relBp,7.0,6,0,TTGAGCTTACCAGGTTTCCG,6,3281901
relBp,7.0,6,0,TGCTACCCAGTCCGTAATGA,6,3276145
relBp,7.0,6,0,TGCACGAGAGCCATCCGTCC,6,3298185
relBp,7.0,6,0,TCTCATCTAGTTTCAGGCGA,6,3287603
relBp,7.0,6,0,TCGAAGACATTCGCGTGGCG,6,3302083
relBp,7.0,6,0,TCCGGCGATTGGGTCTTGGC,6,3304968
relBp,7.0,6,0,GTCGTTTTATATATAGCCAC,6,3307447
relBp,7.0,6,0,GTATTGCGGAGGGGCAAAGA,6,3279276
relBp,7.0,6,0,GGTCCAGTCGTCATCACGGC,6,3308451
relBp,7.0,6,0,GGGTTCTTAACGATTTGCTT,6,3294817
relBp,7.0,6,0,GGGGCTACAATTGTGTCCCT,6,3298079
relBp,7.0,6,0,GGGGCCTAAGAAGACCCCCC,6,3283241
relBp,7.0,6,0,GGACGTAAGGGCTAGACCGT,6,3303507
relBp,7.0,6,0,GCGAACCAGGTCCTCCACTT,6,3279801
relBp,7.0,6,0,GATGAAGTGCGGCCCATGAG,6,3283059
relBp,7.0,6,0,GATACAGGCTCCGGCCGCAT,6,3305468
relBp,7.0,6,0,GACGTATAACCAACAAGGAT,6,3270766
relBp,7.0,6,0,CTTTGTTGAGGCGGATGAGA,6,3298623
relBp,7.0,6,0,CGGTTCAGAATAGCCTCGTC,6,3285503
relBp,7.0,6,0,CGGACTAGGGGTCTGGGTAC,6,3302749
relBp,7.0,6,0,CCTTTTAAACACCGACCAGA,6,3259798
relBp,7.0,6,0,CCTGAGAGACCGCCGACCGG,6,3282171
relBp,7.0,6,0,CCGAGAATTCATTTGGCGCA,6,3307001
relBp,7.0,6,0,CACTCGGGAAACTCTAGCGT,6,3299497
relBp,7.0,6,0,CACATTAGTGCTCCACCTTA,6,3287843
relBp,7.0,6,0,ATTACCGTAAGTAACTATAT,6,3305068
relBp,7.0,6,0,ATGTTTGCCGCCGCGAGGTC,6,3302743
relBp,7.0,6,0,ATCTCTCAAGTCTGTTATTT,6,3264172
relBp,7.0,6,0,ATCGATCTTACTAACGTTCT,6,3276151
relBp,7.0,6,0,ATCAGGGGCTGTCTAATGAA,6,3275240
relBp,7.0,6,0,AGGCGGCAAGTACCATCGAC,6,3287960
relBp,7.0,6,0,AGGAAACAATGCGGTTGCTT,6,3298636
relBp,7.0,6,0,AGCAAGCTGGGAGAACCTTC,6,3297506
relBp,7.0,6,0,ACGACGAACAGCTGCTGGGT,6,3304208
relBp,7.0,6,0,AAGGGCGTCAACAACAACAT,6,3266254
relBp,7.0,6,0,AACCTGACCACACATGGTAC,6,3265567
relBp,6.0,5,0,TTTTACCCTGTAGGGGAGAT,5,3257040
relBp,6.0,5,0,TTTCTCGTTGGACCTCTTCT,5,3274207
relBp,6.0,5,0,TTTCGCTTGCCAAAATTGAT,5,3296959
relBp,6.0,5,0,TTCCAATCCACGGCGAAGAA,5,3307124
relBp,6.0,5,0,TTCATCCTATTGAATCCGAC,5,3281792
relBp,6.0,5,0,TTACTTGTAGCAGGAATGCC,5,3292311
relBp,6.0,5,0,TTAAAGGAAAATCGAGTCTT,5,3262988
relBp,6.0,5,0,TGTTAGCTTGTAGGGTACGC,5,3275009
relBp,6.0,5,0,TGTACTCCTTAGAGTGTGGA,5,3289859
relBp,6.0,5,0,TGGGGCGCAATTTCAAGGGT,5,3275812
relBp,6.0,5,0,TGCTAGTCATCACATGTAGT,5,3256696
relBp,6.0,5,0,TGAGTGCTGGGTTGATTTGT,5,3289033
relBp,6.0,5,0,TGAGGCAGCCGATCTTCGGA,5,3277319
relBp,6.0,5,0,TGACTGATATGAGGCCAATC,5,3273697
relBp,6.0,5,0,TGAATAGTTGTAGCATGGCT,5,3275347
relBp,6.0,5,0,TCTTTTGGCACGCTGTCTCC,5,3271191
relBp,6.0,5,0,TCTCGAGTCCCTAATATTAG,5,3283862
relBp,6.0,5,0,TCGATTTATAGAGGCATTTG,5,3280200
relBp,6.0,5,0,TCGAGTTCCTGGTAGCATCG,5,3305075
relBp,6.0,5,0,TCGAAACGCAAGGTCTTAAT,5,3298632
relBp,6.0,5,0,TCCTTGTCTGATGTCATCCT,5,3298415
relBp,6.0,5,0,TCCCAATATGAATCCCCTGG,5,3260525
relBp,6.0,5,0,TCCAGGCTAGGCGTATTTGT,5,3270998
relBp,6.0,5,0,TCAGATAAGGCCCACATCTG,5,3257628
relBp,6.0,5,0,TATCGTTGCAGGCGGTGAGA,5,3302412
relBp,6.0,5,0,TACTTTAAGGTATGTCCCGG,5,3302334
relBp,6.0,5,0,TACAACGTCTGAGGTTTGAA,5,3304292
relBp,6.0,5,0,TAATCATGATATGTAAAAGT,5,3267880
relBp,6.0,5,0,TAAGTGTATCGTGGAATGGT,5,3272717
relBp,6.0,5,0,TAAGGGATTAAGGGGACCAG,5,3307675
relBp,6.0,5,0,GTTTGATTGGCATCGCTACC,5,3267078
relBp,6.0,5,0,GTTAGCTTGCCCTAGTAAAG,5,3265570
relBp,6.0,5,0,GTGTGGAAGGAGTACCCATC,5,3293115
relBp,6.0,5,0,GTCGGTAACTAACACACTAC,5,3267407
relBp,6.0,5,0,GTCGATCGGGAAAATATCGA,5,3303420
relBp,6.0,5,0,GTCATGGACGTTTATTGCGG,5,3275958
relBp,6.0,5,0,GGTCCGATAACCCAGGAGCA,5,3303909
relBp,6.0,5,0,GGGCGGCCAACCCAGCACAA,5,3303654
relBp,6.0,5,0,GGGCCGTGGATTACGACTAG,5,3267885
relBp,6.0,5,0,GGGCAGCGTGAAGAAATACA,5,3281671
relBp,6.0,5,0,GGGCACTGCTCTAAATAATT,5,3292330
relBp,6.0,5,0,GGCGCACCTCGATTTCTTGT,5,3275100
relBp,6.0,5,0,GGCCACTGAAGCCGACACAC,5,3265451
relBp,6.0,5,0,GCGCTTAGCAAGTGAACAAT,5,3306056
relBp,6.0,5,0,GCCCATATGAAGGTGAACAC,5,3304936
relBp,6.0,5,0,GCACTATATTTGATAGAGTT,5,3304172
relBp,6.0,5,0,GCACATTATAGCGTGAACTG,5,3299514
relBp,6.0,5,0,GCAACGGCGAGCAATAGAGG,5,3265620
relBp,6.0,5,0,GATCCAGATGCGAAGCCGGG,5,3305401
relBp,6.0,5,0,GAGCACTCGGTTCGATTCGT,5,3306171
relBp,6.0,5,0,GACTTCAAAGGGCCGGTCAT,5,3264826
relBp,6.0,5,0,GACTCTGGCTCTCGTAGTGA,5,3266787
relBp,6.0,5,0,GAAATTCCACCAAGGACCGG,5,3281619
relBp,6.0,5,0,CTTGGACGGGGTGGTTTTAT,5,3297624
relBp,6.0,5,0,CTGGCATATCCTGCTCCTTA,5,3289621
relBp,6.0,5,0,CTGATCTCACGAACGCTACG,5,3289040
relBp,6.0,5,0,CTCCTTAGAGCGTTGCATGC,5,3261675
relBp,6.0,5,0,CGTGGTGCCCCTCGGGCGGC,5,3294221
relBp,6.0,5,0,CGTCTCGATATTTACTTGAT,5,3292306
relBp,6.0,5,0,CGGTGCCTCGTAGCTCGTAT,5,3269027
relBp,6.0,5,0,CGGGGTAACCTATAGGCTAA,5,3302497
relBp,6.0,5,0,CGCTTATCCTAAGCCCGGAC,5,3266758
relBp,6.0,5,0,CGCGTTGTTAGACTGAACAA,5,3284767
relBp,6.0,5,0,CGCGCACACATAATGGGGAC,5,3288183
relBp,6.0,5,0,CGCAAGTCAATCGGCTGTAA,5,3279938
relBp,6.0,5,0,CGATACGGGTTCGGGGATAT,5,3293092
relBp,6.0,5,0,CGAGCATGGGTCAAATTGTA,5,3277362
relBp,6.0,5,0,CCTGCTAATTTTCACGGGCG,5,3259249
relBp,6.0,5,0,CCCTTACCGAGGCGCATCGG,5,3275269
relBp,6.0,5,0,CCACAGAGCTTGCGAACTGG,5,3261132
relBp,6.0,5,0,CAGTTTGAGGCCCCCGCAGG,5,3288864
relBp,6.0,5,0,CAGGCGGACCCCTACATTGT,5,3257741
relBp,6.0,5,0,CAGGCCGTCCTGTGATAGGC,5,3283369
relBp,6.0,5,0,CAGCTGTTCGAGGTAAAATA,5,3276601
relBp,6.0,5,0,CACGGACGGTTTGTAGCACG,5,3288176
relBp,6.0,5,0,CACAGTTGCCCGACTGTTCG,5,3299074
relBp,6.0,5,0,CACAACGTAGCAGGGGATCT,5,3292966
relBp,6.0,5,0,CAATCTTCATAGGCTTTAGG,5,3307273
relBp,6.0,5,0,CAAGGGCGCGATCGGAGTTT,5,3303658
relBp,6.0,5,0,CAACGGGGTTCGGTATAGAA,5,3308050
relBp,6.0,5,0,CAAAAGCTCTTCTCAGCTGT,5,3298713
relBp,6.0,5,0,ATTAATGTGAGGCTGCACCA,5,3275061
relBp,6.0,5,0,ATGGTTAAGCGCCCCAGGAG,5,3292967
relBp,6.0,5,0,ATGCTTTTTGGAGAACTATT,5,3274208
relBp,6.0,5,0,ATCGATGCACACAGTCAGTG,5,3266331
relBp,6.0,5,0,ATCGAACAACGTATAGCACA,5,3299002
relBp,6.0,5,0,ATATGCACTCACCCCATTAT,5,3271547
relBp,6.0,5,0,ATACTTCCAGTGGCGCCACT,5,3273912
relBp,6.0,5,0,AGTAAGTGGGTTTCTATCGT,5,3290544
relBp,6.0,5,0,AGGTTGGTCCACGAAAGCGA,5,3265425
relBp,6.0,5,0,AGGTAAATTTATCAGCGATA,5,3306366
relBp,6.0,5,0,AGCTCAAGCAACCAGCTCAT,5,3288787
relBp,6.0,5,0,AGCCGTCCTGCAAGGGCTCC,5,3305065
relBp,6.0,5,0,AGATCAAAAGTTCCGGGGGG,5,3293118
relBp,6.0,5,0,ACTCCGATACGTGGTTTACC,5,3275580
relBp,6.0,5,0,ACGTCATCAAGCCGTTCGAA,5,3257978
relBp,6.0,5,0,ACGGTTCTTATATTCTTTGG,5,3277467
relBp,6.0,5,0,ACAGTGTTCTCCGTGACGAG,5,3277778
relBp,6.0,5,0,AATGGTTTCCTCCATGTAGC,5,3306381
relBp,6.0,5,0,AACTCCGCCCCGTGCCTCCT,5,3295560
relBp,6.0,5,0,AACGTTCTGTCTCATGTTTA,5,3261845
relBp,6.0,5,0,AACAAGCGCTTCAAATGCTG,5,3269092
relBp,6.0,5,0,AAATAGATTCCGGTTAGCCG,5,3308370
relBp,6.0,5,0,AAAGTACTTCAATGTATTAG,5,3299500
relBp,6.0,5,0,AAAATGTTCCTCCCTTGTCA,5,3275352
relBp,6.0,5,0,AAAACAACCCTTTAAGTCTT,5,3293121
relBp,5.0,4,0,TTTTCTTTTCTGGTGCCCAA,4,3264511
relBp,5.0,4,0,TTGGTTTTTGTTGGTCTAAT,4,3270996
relBp,5.0,4,0,TTGGGGACTAACGCACTAAC,4,3299788
relBp,5.0,4,0,TTGCTATTATGGGAAGAGCT,4,3268125
relBp,5.0,4,0,TTGCGCAACATATACTCACC,4,3304833
relBp,5.0,4,0,TTGATCCGTTTCGACTATTA,4,3261171
relBp,5.0,4,0,TTGAAGGAATCTGCTATCTA,4,3297505
relBp,5.0,4,0,TTCTATCGAGCATCACGTGA,4,3297536
relBp,5.0,4,0,TTCGATAGAAGGTAATAGAT,4,3271816
relBp,5.0,4,0,TTCGAACGGCTATTTCAGAG,4,3266547
relBp,5.0,4,0,TTCCTGTGTATTTGTATAGT,4,3308253
relBp,5.0,4,0,TTCATTATCGCGCCCAGCTA,4,3289480
relBp,5.0,4,0,TTCAGAGGTTCACTATGTTA,4,3271652
relBp,5.0,4,0,TTAACTCACTCGGTCCCCAT,4,3295334
relBp,5.0,4,0,TGTGGCAACTCTGAGGGTGC,4,3289792
relBp,5.0,4,0,TGTAAAACGCTCCTTAGAGA,4,3285086
relBp,5.0,4,0,TGGAATCGTTATTGCCACTG,4,3267657
relBp,5.0,4,0,TGACCTAAGATAAAGGATCG,4,3258636
relBp,5.0,4,0,TGACAGCCTTCCTACGCGGT,4,3264041
relBp,5.0,4,0,TCGTTCGATTATCGTATCGC,4,3297198
relBp,5.0,4,0,TCGGTATTCAACCGTGTTTA,4,3287810
relBp,5.0,4,0,TCGGGACGATGGCACTCATC,4,3265436
relBp,5.0,4,0,TCGCAGGTGACATGAGCGCA,4,3307451
relBp,5.0,4,0,TCCCGCTGCGGGGGGGGACA,4,3267201
relBp,5.0,4,0,TCCATATTCACCTCCCTGAA,4,3303559
relBp,5.0,4,0,TCATTTAAATAGGAATGGTC,4,3303904
relBp,5.0,4,0,TCAGTACGGCCAGACTTGTG,4,3279278
relBp,5.0,4,0,TCACTACCTATTTTACCTTG,4,3295423
relBp,5.0,4,0,TATGCTTAAACGAAGAATGG,4,3306306
relBp,5.0,4,0,TATATATTCTCTTGATTCAT,4,3279473
relBp,5.0,4,0,TAGACGCGCGTCAGAAACGG,4,3257504
relBp,5.0,4,0,TACGTAGTACAATTCGCAGG,4,3275120
relBp,5.0,4,0,TACGGTTTATGGGGTACAAC,4,3289860
relBp,5.0,4,0,TACCGATTCAGGTTTTTAGG,4,3282624
relBp,5.0,4,0,TACAGCCGTCGCGTACGTCC,4,3267888
relBp,5.0,4,0,TACACGAATTGCAAAGCTCC,4,3275192
relBp,5.0,4,0,TAACGCCAATATACCAGTTT,4,3267411
relBp,5.0,4,0,TAACACGATGCAGCAATAGT,4,3293805
relBp,5.0,4,0,GTTTGGTGTTCAAAAGGTCC,4,3282152
relBp,5.0,4,0,GTTCGCGTCTGCTCCTCACA,4,3307934
relBp,5.0,4,0,GTTCAGTAGACGATGATAGA,4,3289049
relBp,5.0,4,0,GTTAATGTAGATTCTGCGCA,4,3308025
relBp,5.0,4,0,GTGGTTCGCCTACGTATCAA,4,3256549
relBp,5.0,4,0,GTGGTGCGGCTGTGCCTCTA,4,3291723
relBp,5.0,4,0,GTGGTCGTATCATGAAACGA,4,3293090
relBp,5.0,4,0,GTGAACACATAAAGGATTAG,4,3278724
relBp,5.0,4,0,GTCTTGCCTACCAAAGACAT,4,3275585
relBp,5.0,4,0,GTCCGTCTTCAGAACCTCCT,4,3299248
relBp,5.0,4,0,GTATGAGAAATGGCCGCGCC,4,3259464
relBp,5.0,4,0,GTATCGTATCTTCGTGGGTG,4,3275188
relBp,5.0,4,0,GTATAAGCCTCCACCGGAAT,4,3295150
relBp,5.0,4,0,GTAGTTTTGGCGTCCCTCTA,4,3259543
relBp,5.0,4,0,GTAGCCGATTCAATGGTCGT,4,3302048
relBp,5.0,4,0,GTAACTGGGTTAACCATTAG,4,3275340
relBp,5.0,4,0,GTAAACGTAGTGTTGGGCGC,4,3270990
relBp,5.0,4,0,GGTTTGAGTCAGCTGCGTAT,4,3308457
relBp,5.0,4,0,GGTTTACTGTCTTCAGGCCA,4,3295841
relBp,5.0,4,0,GGTCCAAACTCCGCACCAGT,4,3287945
relBp,5.0,4,0,GGGTAGTGGCAATTAAAAGA,4,3258101
relBp,5.0,4,0,GGGATGCCCAGTATTGGGCT,4,3302177
relBp,5.0,4,0,GGCTCGGTGCCTACGCTGTT,4,3257177
relBp,5.0,4,0,GGCACGACGCCCTTTTGTCT,4,3268218
relBp,5.0,4,0,GGCAATACGTCGTGGGCCTC,4,3263627
relBp,5.0,4,0,GGACCTCCCTTTGCAGCAGC,4,3306205
relBp,5.0,4,0,GCTTGTACTATAATTAGGTA,4,3282058
relBp,5.0,4,0,GCTTAGAGCAGGAGGTTATT,4,3305425
relBp,5.0,4,0,GCTGCTTTGAGATGAGAAAA,4,3260401
relBp,5.0,4,0,GCTCTACTGACCACGACGCA,4,3299740
relBp,5.0,4,0,GCTCCTAGAAGCCTCGCGTG,4,3289255
relBp,5.0,4,0,GCTAATGAGCTAAACATTAG,4,3267933
relBp,5.0,4,0,GCGTGTGTGGGTAGCATAGT,4,3269726
relBp,5.0,4,0,GCGTCTCTAGAGCGAAGCTT,4,3306762
relBp,5.0,4,0,GCGGGTGTCTTTGGCCGTGG,4,3304464
relBp,5.0,4,0,GCCTTATTTCGCGTCAAGTA,4,3270768
relBp,5.0,4,0,GCCTTACGTCTAGCACATTG,4,3265546
relBp,5.0,4,0,GCCATCAAAGACTATCAAGT,4,3305890
relBp,5.0,4,0,GCAGCCTCGGTCTTGACTGG,4,3293071
relBp,5.0,4,0,GCACGAAGATGGATCGTAGG,4,3305950
relBp,5.0,4,0,GCAAGTGGGTAGGCCCGGCA,4,3292523
relBp,5.0,4,0,GCAAATGGTGTCGCTAATGT,4,3281140
relBp,5.0,4,0,GATTTTGTGTTTCAATGGGA,4,3288190
relBp,5.0,4,0,GATGAACACATTTGGGAACC,4,3306580
relBp,5.0,4,0,GAGCAACCTCGGGGAGCGGT,4,3290872
relBp,5.0,4,0,GACTGTGTTGATGGTTTACT,4,3280090
relBp,5.0,4,0,GACGGATTGTGAAAACAAAT,4,3266738
relBp,5.0,4,0,GACATTGGCACTTTAGAGTG,4,3284486
relBp,5.0,4,0,GAAACGCGAACAGAAACATA,4,3285564
relBp,5.0,4,0,CTTAGACCACAGAATCGCCC,4,3268873
relBp,5.0,4,0,CTGTGGAACCCGGAAGCGCT,4,3292935
relBp,5.0,4,0,CTGTCGTGCGCCGCAATCGA,4,3291215
relBp,5.0,4,0,CTGCCTTTCATCGTTAGGTA,4,3297777
relBp,5.0,4,0,CTGATCCAACTAAGTAAGTG,4,3261221
relBp,5.0,4,0,CTCTCGGACGTAGCGGGATT,4,3305677
relBp,5.0,4,0,CTCGACTAGCAAGCTCAATC,4,3277631
relBp,5.0,4,0,CTCACAATACACATGTCGTT,4,3256710
relBp,5.0,4,0,CTAGTTGGACCAAGTAATAC,4,3270700
relBp,5.0,4,0,CTAGGCGGCGCAGATAGCTA,4,3291233
relBp,5.0,4,0,CTACTAGGGCGGACGTGAGG,4,3304170
relBp,5.0,4,0,CTACCTGTCGTCTCGTGTGT,4,3263361
relBp,5.0,4,0,CGTTTACCCGAAGTGCTATA,4,3262858
relBp,5.0,4,0,CGGTTTATTTAATGACTCAA,4,3292194
relBp,5.0,4,0,CGGTTAGTGGTGCGCAGGGA,4,3257373
relBp,5.0,4,0,CGGTACTCGCACGGGACTCT,4,3285073
relBp,5.0,4,0,CGGGTCCTTCATTTCACGGG,4,3283435
relBp,5.0,4,0,CGGCGAGGAACGGCATAGGA,4,3275193
relBp,5.0,4,0,CGGCATTCAGACTCGACGTA,4,3302272
relBp,5.0,4,0,CGGCAAGGTACCGAAGTTAA,4,3257663
relBp,5.0,4,0,CGGAATTAGATCTATAAAAA,4,3272845
relBp,5.0,4,0,CGCGGAGTTTCATGTGCATC,4,3261539
relBp,5.0,4,0,CGCCTTAAATCGTGCCACCC,4,3296789
relBp,5.0,4,0,CGCCAGGACTCCACGCGGTT,4,3259166
relBp,5.0,4,0,CGACAGGAGGTATGGCGGCC,4,3276365
relBp,5.0,4,0,CGAAGTCTGCTTAGATCAAA,4,3299191
relBp,5.0,4,0,CGAACCGGGTTCGGAGAGCT,4,3275301
relBp,5.0,4,0,CCTAGAACAGTCTACGCGCG,4,3304293
relBp,5.0,4,0,CCGGCTCCACTAAACAATGG,4,3295785
relBp,5.0,4,0,CCGAGGATGACTAGGGGCCT,4,3278536
relBp,5.0,4,0,CCCTTCTGAGGCTACGAATA,4,3271690
relBp,5.0,4,0,CCCCCGTAACTCGGAGTTGT,4,3291785
relBp,5.0,4,0,CCCACGGACAATTCGGATTG,4,3261325
relBp,5.0,4,0,CCATTCCGAACCATGGATTT,4,3265573
relBp,5.0,4,0,CATTTCCGACCTATCTGATT,4,3265285
relBp,5.0,4,0,CATTGGCAGATGTTTAAGAA,4,3293708
relBp,5.0,4,0,CATTCACTGCAAGTGTTTCG,4,3297193
relBp,5.0,4,0,CAGGGTACTCCGTATTGCAA,4,3275074
relBp,5.0,4,0,CAGCGACGCAAATCGGGCTT,4,3256270
relBp,5.0,4,0,CAGATGATTTGTGGTGCGGT,4,3306244
relBp,5.0,4,0,CAGATCTTCTTCCCTGAGGG,4,3308453
relBp,5.0,4,0,CACGTGAAGCGCTAGGCTAC,4,3292991
relBp,5.0,4,0,CACATATAGCCTGACAATGA,4,3266731
relBp,5.0,4,0,CACACAAGGTCTTCGATCAT,4,3279944
relBp,5.0,4,0,CAATAGGCCTTTGCGTCCAT,4,3306061
relBp,5.0,4,0,CAAAACAAGACAACACCTAT,4,3275196
relBp,5.0,4,0,ATTTGAAGTCAGTACTTCTC,4,3305126
relBp,5.0,4,0,ATTTCGGTTTCGTCCCGAGT,4,3289703
relBp,5.0,4,0,ATTGGTCTCGGGAAGTTCGG,4,3300812
relBp,5.0,4,0,ATGGGCGCGAATCCTCTCGC,4,3304552
relBp,5.0,4,0,ATGCTTCCCAAGCTAGAGGG,4,3279758
relBp,5.0,4,0,ATGCGTAACATGTACAACTA,4,3295151
relBp,5.0,4,0,ATGCATAAGCGATTCGGCAT,4,3299629
relBp,5.0,4,0,ATGATGTACAAATGAGTGCG,4,3296097
relBp,5.0,4,0,ATGAATTGCCCGTATGCGGT,4,3306755
relBp,5.0,4,0,ATCAGTTCATTAAGTCTATG,4,3257699
relBp,5.0,4,0,ATAGCAATCGGACCAGGTGG,4,3278255
relBp,5.0,4,0,ATAAAGGCATCATCTAAATA,4,3306760
relBp,5.0,4,0,AGTGTTTGACGTCTTTTTTG,4,3302710
relBp,5.0,4,0,AGTAAGTCAAAAGCGCGCTA,4,3260400
relBp,5.0,4,0,AGGGGACTAGCGTACGCGGT,4,3308319
relBp,5.0,4,0,AGCCGCCGTGGAAAGCTCAA,4,3308186
relBp,5.0,4,0,AGAGATTGAATTTTGCCCAT,4,3276655
relBp,5.0,4,0,AGAAGGTTTCTCCAGAGTAT,4,3307223
relBp,5.0,4,0,ACTTTATTCTTTTGAATAAG,4,3308388
relBp,5.0,4,0,ACTATCATGGCATCTTTTGA,4,3273790
relBp,5.0,4,0,ACGTTTTTTAAGATGACTGT,4,3295903
relBp,5.0,4,0,ACGGCGTTCGTTTACTAATC,4,3279491
relBp,5.0,4,0,ACGCGGAAGGCCGGGTAAAT,4,3303891
relBp,5.0,4,0,ACGCGCATATGTTAAGAAAG,4,3276078
relBp,5.0,4,0,ACCCGGGATATGACAAAGGT,4,3307150
relBp,5.0,4,0,ACCACGGTCGTTATCCTGTA,4,3277608
relBp,5.0,4,0,ACATAATCGGCGGTTAAGTT,4,3281264
relBp,5.0,4,0,ACAAAATGAAGTGTGTGGTC,4,3256690
relBp,5.0,4,0,AATTTGTGGGAACTTGGACA,4,3302278
relBp,5.0,4,0,AATTGCGCCCTGAAGTCCAT,4,3297513
relBp,5.0,4,0,AATGTCAGATTGAAGCCGTA,4,3284828
relBp,5.0,4,0,AATGCGGCTCCTACGAAGAG,4,3279481
relBp,5.0,4,0,AATCCTAACGCACTTCCAAA,4,3306506
relBp,5.0,4,0,AAGGAGTGTGGGTGTTAGAT,4,3276360
relBp,5.0,4,0,AAGCAGATCGGAACGGTTCA,4,3278627
relBp,5.0,4,0,AAGCACCTATCTCTACACTA,4,3257308
relBp,5.0,4,0,AACGGTGGTTCGTAAACGCT,4,3302097
relBp,5.0,4,0,AACACGTTTGCTCGCGTTAA,4,3267405
relBp,5.0,4,0,AAATTGCGATCAGGAAACCT,4,3303560
relBp,5.0,4,0,AAATATTCCTGATTAGCTAC,4,3303829
relBp,5.0,4,0,AAATATGATGCGAGCAAAGG,4,3294347
relBp,5.0,4,0,AAAGCAGGTTGGGTAATCTA,4,3306990
relBp,5.0,4,0,AAAATGGTATAGATTTCCGA,4,3275851
relBp,5.0,4,0,AAAATCAGAGTGATGCCCCG,4,3275365
relBp,5.0,4,0,AAAACTTGTTGAATTGTGAA,4,3275972
relBp,4.0,3,0,TTTTTTGCTTAAAATAGGTA,3,3265090
relBp,4.0,3,0,TTTTTCCCGCCTCGATAGAG,3,3294332
relBp,4.0,3,0,TTTTACCGAAAACGACGAGT,3,3303935
relBp,4.0,3,0,TTTGGCCTTGTAAACATCTG,3,3275579
relBp,4.0,3,0,TTTCGAGTCTAGAGGATAAA,3,3305267
relBp,4.0,3,0,TTTCCAGGTTTTCAGGTAGT,3,3256709
relBp,4.0,3,0,TTTCAACGGATACAGAGGAT,3,3301911
relBp,4.0,3,0,TTTAGTGGGATGACCTCGCA,3,3256711
relBp,4.0,3,0,TTGTGTGGGTTCGTCACAAG,3,3273785
relBp,4.0,3,0,TTGTCCAACTAATGCCTTTG,3,3304703
relBp,4.0,3,0,TTGGACCTTTAACCACTCAT,3,3284105
relBp,4.0,3,0,TTGCGGAGAATGCCTAGATT,3,3274057
relBp,4.0,3,0,TTGCACTTTGGCACACGTTG,3,3267191
relBp,4.0,3,0,TTGATCAGGTAGAGTTGTTT,3,3279438
relBp,4.0,3,0,TTCTGATTCTATACTTCCCG,3,3256658
relBp,4.0,3,0,TTCTGAGGGCGTTATAGTAG,3,3276933
relBp,4.0,3,0,TTCTATTCTAAGGTTAACTG,3,3269181
relBp,4.0,3,0,TTCGTAGTAAAGGATTTGTT,3,3265407
relBp,4.0,3,0,TTCAGGCCATTAGCCCACGT,3,3257434
relBp,4.0,3,0,TTCACAAGGAGGCAGGTTAT,3,3306162
relBp,4.0,3,0,TTATTGAAAAGTTCCTTACT,3,3279499
relBp,4.0,3,0,TGTTCTTTAGGAAATGCTTC,3,3261143
relBp,4.0,3,0,TGTGAACCGTGCATGTATTC,3,3303562
relBp,4.0,3,0,TGTCAACGTAGGTTTGAACT,3,3303675
relBp,4.0,3,0,TGGTCATGGGTCAAATCGTA,3,3297794
relBp,4.0,3,0,TGGGTTTGACATAAGATGCC,3,3263094
relBp,4.0,3,0,TGGCGACGTACAACAATAGC,3,3296921
relBp,4.0,3,0,TGGCAGTCCGGATGCATCGA,3,3308331
relBp,4.0,3,0,TGGAGGGGCACTGTATGCCT,3,3258031
relBp,4.0,3,0,TGCTGGCGGAGCTCCGATTC,3,3259983
relBp,4.0,3,0,TGCTCCACCACGAACTCAAA,3,3264335
relBp,4.0,3,0,TGCACCTGCCGAGATGAGGA,3,3264939
relBp,4.0,3,0,TGATAAGAAACGGTCTATGT,3,3258589
relBp,4.0,3,0,TCTTATGAGATGCTCATGGA,3,3297876
relBp,4.0,3,0,TCTTATAGGTAATAAAATTG,3,3294075
relBp,4.0,3,0,TCTGCTTCATATGGCTCACT,3,3285464
relBp,4.0,3,0,TCTCTCTACTGGGAATTGAA,3,3307991
relBp,4.0,3,0,TCTCTAATGAATTCAGGTTA,3,3274434
relBp,4.0,3,0,TCTCGCGAACTTTTCTAAGG,3,3295209
relBp,4.0,3,0,TCTCAGCCTGATCGCACATA,3,3284905
relBp,4.0,3,0,TCTACAACTAGCAGGTAGCT,3,3264530
relBp,4.0,3,0,TCTAACGATCTCGGAACGTT,3,3264864
relBp,4.0,3,0,TCGTTAATCGGTTTAGCATA,3,3304877
relBp,4.0,3,0,TCGGTCTTAATGGACACCCC,3,3299212
relBp,4.0,3,0,TCGGGCCGGTTACTTGCGCC,3,3301937
relBp,4.0,3,0,TCGCGCCAAGTAGCGGTTGT,3,3264140
relBp,4.0,3,0,TCGACCGGAGGTTGAAACCG,3,3286524
relBp,4.0,3,0,TCCTTTGTACTCCTGCACTT,3,3284327
relBp,4.0,3,0,TCCGTTCTCGGCACCTTCTC,3,3257712
relBp,4.0,3,0,TCCGTATGCTAAAAAAGTTA,3,3306919
relBp,4.0,3,0,TCCCAGTTTACCACCATGTG,3,3282855
relBp,4.0,3,0,TCCAGCCGTGTTAGCCAAGC,3,3283070
relBp,4.0,3,0,TCATAATCGAGTCACATGTA,3,3293531
relBp,4.0,3,0,TCAGATACCAAGGCCTGACC,3,3299325
relBp,4.0,3,0,TCAAAGGGCACAGGGACATA,3,3302746
relBp,4.0,3,0,TATTTTTTAACCTATTAGGT,3,3258560
relBp,4.0,3,0,TATTGACTCCGTTGAGTACA,3,3269251
relBp,4.0,3,0,TATGATAACATGCCCCTATA,3,3260674
relBp,4.0,3,0,TATCTAGCAGGAGAAGTTAT,3,3284845
relBp,4.0,3,0,TATCGCACCTGAGGCGCAAA,3,3290378
relBp,4.0,3,0,TATCAATGTTTCCATTGAAA,3,3287506
relBp,4.0,3,0,TAGGCAAGCACTTAGGAAAC,3,3288946
relBp,4.0,3,0,TAGCTCAGTATTAGTCTCAG,3,3271216
relBp,4.0,3,0,TAGAGATGCGTACAGCCCTA,3,3301579
relBp,4.0,3,0,TAGAATTATCATGTGTGTCC,3,3273653
relBp,4.0,3,0,TACTGCCCCGTGCCGGAGGT,3,3277373
relBp,4.0,3,0,TACTATCAGCGCTGTTCGGC,3,3284458
relBp,4.0,3,0,TACGGCCCGAGAAGCACATT,3,3282562
relBp,4.0,3,0,TACGCACTCACGGTATTTTG,3,3290329
relBp,4.0,3,0,TACGATCTCTTAGTGGCCGA,3,3276294
relBp,4.0,3,0,TACATGCTCCCACTTCCTAC,3,3291989
relBp,4.0,3,0,TACACGTGGACGAGTGTGGG,3,3302820
relBp,4.0,3,0,TACACGTAGGGAAAGACTTC,3,3280637
relBp,4.0,3,0,TAATTTGAGCCAATTGAGCA,3,3270791
relBp,4.0,3,0,TAATGTTAAGTGCGTCGTAC,3,3308222
relBp,4.0,3,0,TAATCTTTTCCATCAGTCAG,3,3305643
relBp,4.0,3,0,TAATCGGACAGACTGTCGAT,3,3260404
relBp,4.0,3,0,TAAGTTCCGGTCCTGAGCCT,3,3258837
relBp,4.0,3,0,TAAGTCAACTTGCCTCGTAC,3,3291230
relBp,4.0,3,0,TAAGGTTCGTCGAGGAATAT,3,3269186
relBp,4.0,3,0,TAACGGGAGCACAGAAGGCT,3,3259664
relBp,4.0,3,0,TAACACGCCAACTTTGGCGT,3,3301043
relBp,4.0,3,0,TAACAAACTCGATCGGGGTA,3,3303320
relBp,4.0,3,0,GTTTGGACAAAATCCATCAT,3,3299937
relBp,4.0,3,0,GTTCCGAATCGTGCTTGTTA,3,3259193
relBp,4.0,3,0,GTGTGTGCTAGGGCGCAATC,3,3275891
relBp,4.0,3,0,GTGTAATGCATTTGCTCGGA,3,3260946
relBp,4.0,3,0,GTGAGGTACCGCGTTACCTT,3,3290566
relBp,4.0,3,0,GTCTTGACTAGCGCATAAAA,3,3279417
relBp,4.0,3,0,GTCTTAATTTACCGGGTTCT,3,3275096
relBp,4.0,3,0,GTCTGTGACCTGGCGGCGGT,3,3270081
relBp,4.0,3,0,GTCGAGAAGCATACGGATAG,3,3305841
relBp,4.0,3,0,GTCCCTTCTAGATGTGAGGC,3,3302264
relBp,4.0,3,0,GTCAGGCTATCATGCGTTTG,3,3292257
relBp,4.0,3,0,GTCAAGCATTGAAATAAAGT,3,3300448
relBp,4.0,3,0,GTACCCGGTTCCAAAAAAAT,3,3301863
relBp,4.0,3,0,GTAAATAGGGAATAATAGAG,3,3308603
relBp,4.0,3,0,GTAAAATTTCCGTAATACCT,3,3292252
relBp,4.0,3,0,GGTTCCGCACCCTTCAGGAC,3,3259627
relBp,4.0,3,0,GGTGTTGCGAGCATTCCCCT,3,3279421
relBp,4.0,3,0,GGTGTATTACTTACAAAATG,3,3302094
relBp,4.0,3,0,GGTGGGCGAGCACCTGTGAG,3,3308221
relBp,4.0,3,0,GGTCTATGCACAATTTTGAA,3,3274718
relBp,4.0,3,0,GGTCTAGCATGTTAGGTAGT,3,3283068
relBp,4.0,3,0,GGTCGTGTACACCACGGCTT,3,3289675
relBp,4.0,3,0,GGTCACATTTCCGAGCCTAA,3,3293871
relBp,4.0,3,0,GGTATCGTCTCCCCCAGCAA,3,3280519
relBp,4.0,3,0,GGTAGAGCTTTGGACCAAAC,3,3303888
relBp,4.0,3,0,GGGCTGTGACATTTTAATCA,3,3273693
relBp,4.0,3,0,GGGCACGCACTACCAGAGAG,3,3265610
relBp,4.0,3,0,GGGATACGGGGGAGCAGTGA,3,3261139
relBp,4.0,3,0,GGCTTCCTGGATTATTAGCA,3,3295231
relBp,4.0,3,0,GGCTCTACCGGTAAATCGGT,3,3300793
relBp,4.0,3,0,GGCTCGCCTAGACCTTCCGC,3,3269779
relBp,4.0,3,0,GGCGGCAATATCCTAAATTG,3,3279013
relBp,4.0,3,0,GGCGAACTACCACCTTGTTT,3,3306657
relBp,4.0,3,0,GGATGCTCGTTTGCCTGGGC,3,3286538
relBp,4.0,3,0,GGATCATGTAATTCCCGCTA,3,3261086
relBp,4.0,3,0,GGATATCACGCGGGTCTTCG,3,3307105
relBp,4.0,3,0,GGACTTTACGCAACTCTTAA,3,3280234
relBp,4.0,3,0,GCTTAAGTTCTCCGCTTTCA,3,3303505
relBp,4.0,3,0,GCTGTGAAACCATCATAGAA,3,3258624
relBp,4.0,3,0,GCTGGTTAGTAATCAATTCG,3,3295267
relBp,4.0,3,0,GCTGGTAATCGGTTAGATCT,3,3256314
relBp,4.0,3,0,GCTGATACCCGACAGAATTT,3,3266378
relBp,4.0,3,0,GCTCAGCATGACAACGGGAT,3,3303251
relBp,4.0,3,0,GCTATCAACTGGGATCTAAA,3,3307158
relBp,4.0,3,0,GCTAAATCCCTAGTCCCATT,3,3291308
relBp,4.0,3,0,GCGTCGCGAGCGGAAAAAAA,3,3298207
relBp,4.0,3,0,GCGGGAACATGGGACATAGG,3,3289849
relBp,4.0,3,0,GCGGCGCTAGGCTCCCGACC,3,3282139
relBp,4.0,3,0,GCGGATGCGCCTGTGCTAAA,3,3295357
relBp,4.0,3,0,GCGGACTATGATCTCAAGCC,3,3262587
relBp,4.0,3,0,GCGCTGCGCTCGTACGTGTC,3,3267087
relBp,4.0,3,0,GCGCGCGCGCTACCAACCGT,3,3304522
relBp,4.0,3,0,GCGCGAATCCAACACCGTTA,3,3282188
relBp,4.0,3,0,GCGCACCCGACTCTATCTTA,3,3283469
relBp,4.0,3,0,GCGACCGATCTGTAGCCTGA,3,3286964
relBp,4.0,3,0,GCGAAGTAAATGACTTCTGA,3,3283240
relBp,4.0,3,0,GCGAAGATTTTGAAAGCATG,3,3290213
relBp,4.0,3,0,GCCGTCGTTTCCATTACCCT,3,3306010
relBp,4.0,3,0,GCCCAGAGCGCACTCTATCA,3,3285009
relBp,4.0,3,0,GCCATTCTGAGGAAGCAGAG,3,3289380
relBp,4.0,3,0,GCCATACAAGCGCCTGGCTC,3,3306592
relBp,4.0,3,0,GCCAGTCCGTAACTGTTAGC,3,3275550
relBp,4.0,3,0,GCCAGGTCGGGTGTTCGCAA,3,3285929
relBp,4.0,3,0,GCAGATTTCTCTGGAATCAA,3,3266334
relBp,4.0,3,0,GCACCTGACGGCTCCGGTAT,3,3270690
relBp,4.0,3,0,GCACCTACGTCCGTCGTCTG,3,3299749
relBp,4.0,3,0,GCACCACCGAGGGTTAAATT,3,3273710
relBp,4.0,3,0,GATGACCACTGCTTTTCGAC,3,3281713
relBp,4.0,3,0,GATCGAGTGCCGGTCAGTGA,3,3275265
relBp,4.0,3,0,GATCACTAACGGCTAGTCTG,3,3304523
relBp,4.0,3,0,GATACTGGATAGGAGGGTGC,3,3286213
relBp,4.0,3,0,GATAACGGCGCCTGTTGCTG,3,3301858
relBp,4.0,3,0,GAGTGTCGGCGTTGAATCTG,3,3286833
relBp,4.0,3,0,GAGGTAGGTGGGGTTTTTTT,3,3275974
relBp,4.0,3,0,GAGGGCCATTAAGGCAGGGG,3,3292504
relBp,4.0,3,0,GAGCGCACCACCATTATTTT,3,3289728
relBp,4.0,3,0,GAGATGCATCATGCGTCCGA,3,3303424
relBp,4.0,3,0,GACTTCCGATATCTCTTGGG,3,3267449
relBp,4.0,3,0,GACTTAACGCTGGATTATGG,3,3308782
relBp,4.0,3,0,GACGTTAAATATTCATTTTG,3,3286507
relBp,4.0,3,0,GAATCGCACTGGATCTAATA,3,3264171
relBp,4.0,3,0,GAAGGATGCAAATACAATGG,3,3304865
relBp,4.0,3,0,GAAACACTTATCGCCAATGA,3,3287706
relBp,4.0,3,0,CTTGTCTAAATGAGGTCTTG,3,3302079
relBp,4.0,3,0,CTTGTACGATGACCGGTTAC,3,3270558
relBp,4.0,3,0,CTTGGTGTTAACCCAGCTTT,3,3263706
relBp,4.0,3,0,CTTCATATAGTACATCGCAT,3,3304285
relBp,4.0,3,0,CTTATTTGTGATACCTCTTT,3,3291784
relBp,4.0,3,0,CTTACCCGACTTATAGGCAG,3,3258329
relBp,4.0,3,0,CTGTGGGGCACACCGGGGAC,3,3279681
relBp,4.0,3,0,CTGGCTGTAATAGGGCGATC,3,3288795
relBp,4.0,3,0,CTGACGGTTCTCCATTTATT,3,3284376
relBp,4.0,3,0,CTCTAGTTGAGGTAGAACGG,3,3260416
relBp,4.0,3,0,CTCGCTCTTAAAAGCGTCTT,3,3270166
relBp,4.0,3,0,CTCCATCGATAAGCAAAGGG,3,3306174
relBp,4.0,3,0,CTCAGCCCCAAGCACCTAGT,3,3285462
relBp,4.0,3,0,CTCAGATATTCACATATGCC,3,3303685
relBp,4.0,3,0,CTATTGCAGTATCTAAGCTA,3,3271003
relBp,4.0,3,0,CTAATATATTCTGGAATGGT,3,3273694
relBp,4.0,3,0,CTAAGGCTTAACGCTGCACG,3,3302747
relBp,4.0,3,0,CGTGGTCCGCTCGACTTGCA,3,3296525
relBp,4.0,3,0,CGTCGTTATGGGAGGGTTAG,3,3261142
relBp,4.0,3,0,CGTCCCCTCATTTGCGTAAC,3,3267947
relBp,4.0,3,0,CGTCAAGCAAGGTTGGTGGA,3,3263881
relBp,4.0,3,0,CGGTTGCCAACCTTGCTATA,3,3306681
relBp,4.0,3,0,CGGATAGCGCATATCTCGGT,3,3286879
relBp,4.0,3,0,CGGACGCATAGGTCATAAGA,3,3271023
relBp,4.0,3,0,CGGAATCGCTTCGCCTCGCC,3,3283566
relBp,4.0,3,0,CGCTTGTTCTTGATTCAATC,3,3260925
relBp,4.0,3,0,CGCTGAGCGTCGGTCCGCTG,3,3279776
relBp,4.0,3,0,CGCTGAAGGCGTTCGCACTG,3,3269892
relBp,4.0,3,0,CGCCGTGGGGGAATGAACTA,3,3266596
relBp,4.0,3,0,CGCCGACAGCCGTTTGACCG,3,3283430
relBp,4.0,3,0,CGCATAACTTTCTTTCTGCT,3,3304525
relBp,4.0,3,0,CGATCTAACAAGTCCCCCGG,3,3261346
relBp,4.0,3,0,CGATCGCAAGATGTTAGAGA,3,3285185
relBp,4.0,3,0,CGACTGCCGCGTTCAAGGCT,3,3298115
relBp,4.0,3,0,CGACGTACCGTCATACTGTG,3,3291706
relBp,4.0,3,0,CGAACTAAGCCAAGCACCTA,3,3300202
relBp,4.0,3,0,CGAACCTCTGGTGCATGAGA,3,3268165
relBp,4.0,3,0,CCTTGTGCGGGCACTATGTG,3,3281643
relBp,4.0,3,0,CCTTCCAGGTGCGCCACAAT,3,3292308
relBp,4.0,3,0,CCTGCAGAGCGTATTCAATA,3,3287482
relBp,4.0,3,0,CCTCGTCCGGAGCCGTCCTT,3,3307701
relBp,4.0,3,0,CCTCCTACGTCCACGTTCCC,3,3305597
relBp,4.0,3,0,CCTCATTTATAGCATGATGG,3,3279279
relBp,4.0,3,0,CCTACGTTAACCCGGGGACT,3,3290242
relBp,4.0,3,0,CCTAAGATGCGACCTTCTAG,3,3265906
relBp,4.0,3,0,CCTAACTAGACATCAAACAT,3,3257928
relBp,4.0,3,0,CCGTGGATAGGCATGGCGTA,3,3292988
relBp,4.0,3,0,CCGGTCAGGCGATCTGGACT,3,3264816
relBp,4.0,3,0,CCGGATGAGGGCTTACAGAT,3,3289277
relBp,4.0,3,0,CCGCGTTGTTAGCCAACGAT,3,3294581
relBp,4.0,3,0,CCGACGGTTCAGGACCAGGA,3,3272722
relBp,4.0,3,0,CCCCCATGGCATGGGACCCA,3,3301800
relBp,4.0,3,0,CCCATAGAATAGGTTATCCT,3,3284730
relBp,4.0,3,0,CCCAACTGCTGCCTGGTAAT,3,3306754
relBp,4.0,3,0,CCATTTGCTAACACATTTCA,3,3287410
relBp,4.0,3,0,CCAGTGGCCTTCGAGGGACT,3,3289618
relBp,4.0,3,0,CCAGTAATCGACCGAAATTG,3,3266884
relBp,4.0,3,0,CCAGGTTTCCGACTTCTTCG,3,3278641
relBp,4.0,3,0,CCAGGTGCTGCCCAAAGGCC,3,3275691
relBp,4.0,3,0,CCAACCAGACGCCGTCATTA,3,3276986
relBp,4.0,3,0,CATTAGTTACGCGCCACTAG,3,3263603
relBp,4.0,3,0,CATGCCCCGTGCAGCCGTAT,3,3270719
relBp,4.0,3,0,CATCTCCAATGTCAAAAGTT,3,3294159
relBp,4.0,3,0,CAGGCCCACCGACGCTGAAA,3,3261534
relBp,4.0,3,0,CAGGCATGTATTGCAGCATG,3,3259971
relBp,4.0,3,0,CAGCGGAGGCCTGGCTTACA,3,3270776
relBp,4.0,3,0,CAGCGACTTCCCGAGCTTTG,3,3304387
relBp,4.0,3,0,CAGCCTAGAGATATGGCAGC,3,3278651
relBp,4.0,3,0,CAGCAGCCTATAAGTTAAAC,3,3267075
relBp,4.0,3,0,CACTTAGTTGTCGGACGACA,3,3274763
relBp,4.0,3,0,CACTAATTTCTATCCGGCAA,3,3266848
relBp,4.0,3,0,CACAAATCTGCTTTCGGATA,3,3283697
relBp,4.0,3,0,CAACGTGTCGCTGGGTTCCT,3,3305417
relBp,4.0,3,0,CAACAACAGTGTCCAAGGTC,3,3305427
relBp,4.0,3,0,CAAAGTGCGGTAAAACGACT,3,3275786
relBp,4.0,3,0,CAAACGAGCATCGGCTAACT,3,3261813
relBp,4.0,3,0,ATTGTAGGTACTCTGCGATT,3,3289676
relBp,4.0,3,0,ATTCTCCATTTCAGTATGCT,3,3304012
relBp,4.0,3,0,ATTCCCGCCGGAATGATGGG,3,3273280
relBp,4.0,3,0,ATTATCTTGGTTTTGGTGCC,3,3268177
relBp,4.0,3,0,ATTAAAGGTCACGCACCGGA,3,3257235
relBp,4.0,3,0,ATGTGGACGTATATATTTAC,3,3258626
relBp,4.0,3,0,ATGTAAAATGGGGTTGGTTA,3,3284779
relBp,4.0,3,0,ATGGATCCCGGAGTGCGGAA,3,3292050
relBp,4.0,3,0,ATGCTTCGTCGTGACGCACA,3,3294937
relBp,4.0,3,0,ATGACCAACGCTCGACGGTT,3,3306019
relBp,4.0,3,0,ATGAACCCGGTTATCGCTAG,3,3300015
relBp,4.0,3,0,ATCTTCTCCACTCATGCATG,3,3296400
relBp,4.0,3,0,ATCTGGGCAGGCCGGTGTTG,3,3308562
relBp,4.0,3,0,ATCGGCATCCTCATTTCTAG,3,3305227
relBp,4.0,3,0,ATCGAACGTCCGCCACCGAG,3,3276293
relBp,4.0,3,0,ATCCTTGTGTGACTCTACAG,3,3281638
relBp,4.0,3,0,ATCAGGCCGGCCTGCTTCGA,3,3292160
relBp,4.0,3,0,ATCAAAGAAACCGGATGTCA,3,3303734
relBp,4.0,3,0,ATATTAGTATGTCGTTTTTC,3,3301797
relBp,4.0,3,0,ATAGTTTCCATGTCTAAATT,3,3261798
relBp,4.0,3,0,ATAGTGTGGGCAACGGGTCC,3,3286298
relBp,4.0,3,0,ATAGACAAGGATAACCTACC,3,3284955
relBp,4.0,3,0,ATACGTCTCTGTCAATAACA,3,3291564
relBp,4.0,3,0,AGTTATCAGCTAATTCAGCT,3,3290890
relBp,4.0,3,0,AGTTAGCCCTCACTCGGCAT,3,3275105
relBp,4.0,3,0,AGTGGTTAAAGTTTATCAGG,3,3289239
relBp,4.0,3,0,AGTGCTGACTTCCGAACTCT,3,3308052
relBp,4.0,3,0,AGTGCCATAATGTCAGTTGG,3,3281720
relBp,4.0,3,0,AGTCAGAAATTGTCTGGGGG,3,3307960
relBp,4.0,3,0,AGTATTATGGAGTCTGAAAT,3,3295629
relBp,4.0,3,0,AGTACAACAACATGGGGTTG,3,3298148
relBp,4.0,3,0,AGGTTGTCCTCAAAATTCGA,3,3292421
relBp,4.0,3,0,AGGTGAATGTGCGGAGGAAA,3,3296550
relBp,4.0,3,0,AGGGGAGATAACATGCGCAT,3,3301483
relBp,4.0,3,0,AGGGACGGACCCTTTGTTTA,3,3289410
relBp,4.0,3,0,AGGCGTACCGTCCGTTTTTT,3,3275956
relBp,4.0,3,0,AGGATTTAAACAGGTTACTT,3,3260406
relBp,4.0,3,0,AGCTCCAGGGACCAAACATG,3,3283935
relBp,4.0,3,0,AGCGCAGATAGCGCGGCCGG,3,3273702
relBp,4.0,3,0,AGCGACGTGAGCTTAATGTG,3,3259317
relBp,4.0,3,0,AGCCAAAGTGCGTGTTTACA,3,3291281
relBp,4.0,3,0,AGCATGCTCGTTTGAGTAGC,3,3281553
relBp,4.0,3,0,AGCAGGCAAAGACTAAAACA,3,3261544
relBp,4.0,3,0,AGCAACCATCCGGATGTATC,3,3302089
relBp,4.0,3,0,AGATTAACGTAGCGTTGACT,3,3279683
relBp,4.0,3,0,AGAGGAATCACCACCGGTGC,3,3267553
relBp,4.0,3,0,AGAATCCCGGGGGCCCTTGC,3,3295154
relBp,4.0,3,0,ACTGCTGTCAACTTGCCACT,3,3293004
relBp,4.0,3,0,ACTCCTCGGCCCCCATGAGA,3,3267222
relBp,4.0,3,0,ACTCAGGACATCAGAAAGCC,3,3278409
relBp,4.0,3,0,ACGTTGAAGACCATAGAGTT,3,3271159
relBp,4.0,3,0,ACGGGTAATGGCGTTGCCAT,3,3305153
relBp,4.0,3,0,ACGGCGCACCAGCGTCAAAG,3,3306837
relBp,4.0,3,0,ACGGCGACCGTAACGAGTGG,3,3266855
relBp,4.0,3,0,ACGGAGAGCGTCTACAGGTA,3,3286501
relBp,4.0,3,0,ACGCCGGGCGTACTGCCTCA,3,3277820
relBp,4.0,3,0,ACGCATCGAGACATCCTCTA,3,3260302
relBp,4.0,3,0,ACGCAATTCATGACTTAGGT,3,3256153
relBp,4.0,3,0,ACCCCGTTAGTGCGATTGGG,3,3305816
relBp,4.0,3,0,ACCAGCTCCCTCAATCTTTG,3,3279427
relBp,4.0,3,0,ACCACGTGGTCACTATGGCT,3,3277542
relBp,4.0,3,0,ACATTCCACCGTGAGAATAT,3,3273721
relBp,4.0,3,0,ACACTGTAATCCTCACTGTT,3,3280122
relBp,4.0,3,0,ACACGAGAGAACGACGGAGC,3,3270079
relBp,4.0,3,0,ACACCCGCTGAAGGTGAATG,3,3261245
relBp,4.0,3,0,AATTTTGTATAAGGGTCTTA,3,3260441
relBp,4.0,3,0,AATGGTGTGCGTGCTGTTGT,3,3303326
relBp,4.0,3,0,AATGGAACCCGATTGTCTAT,3,3283067
relBp,4.0,3,0,AATCATCCCGTACTATAGTA,3,3290503
relBp,4.0,3,0,AAGTTTTCCTTTCAAGTTGG,3,3288816
relBp,4.0,3,0,AAGTGCCACGCCACTTGGGG,3,3281664
relBp,4.0,3,0,AAGGGTACGTCCCCCACGAG,3,3270160
relBp,4.0,3,0,AAGGCCTTCGGTGAGTAACT,3,3273442
relBp,4.0,3,0,AAGGATGATCTAAGCGCCAG,3,3285712
relBp,4.0,3,0,AAGCTTGCTTGGACCTAATG,3,3272586
relBp,4.0,3,0,AAGCCATGGTAGGCCACAAA,3,3281429
relBp,4.0,3,0,AAGAACGTCTTTATCGTCTT,3,3276372
relBp,4.0,3,0,AACCCACAATGGCCTATCTC,3,3295909
relBp,4.0,3,0,AACATCATGCCCTCCTTCCT,3,3290823
relBp,4.0,3,0,AACACGCGACAATTCAAAGC,3,3287230
relBp,4.0,3,0,AAATTAATGTACCTCACGGT,3,3267718
relBp,4.0,3,0,AAATGCTAGGGAGGACCTTT,3,3295266
relBp,4.0,3,0,AAAGGCCCCAGACGTAAGGC,3,3274096
relBp,4.0,3,0,AAACTCGTAGTCGGGAACGA,3,3286948
relBp,4.0,3,0,AAACGACACTGCGACTTATA,3,3265642
relBp,3.0,2,0,TTTTAACGAACGCACTTTGT,2,3263947
relBp,3.0,2,0,TTTTAAAGACTAGCATAATT,2,3289451
relBp,3.0,2,0,TTTGCCCACCGCACCATCTC,2,3289660
relBp,3.0,2,0,TTTGACGTAGCGACAGTCTA,2,3260960
relBp,3.0,2,0,TTTCGATCTTTCAACCCGGT,2,3301531
relBp,3.0,2,0,TTTATTAATGTGACATGCTA,2,3286684
relBp,3.0,2,0,TTTATCGAAAAGCCCGATCC,2,3291892
relBp,3.0,2,0,TTTAGTATGCAATCCGGCTC,2,3258804
relBp,3.0,2,0,TTTACGGGTGGTTGCGACAC,2,3266509
relBp,3.0,2,0,TTTAACTGGCTACACATATT,2,3291249
relBp,3.0,2,0,TTGTTTTTGTGCCGTGCTCG,2,3257206
relBp,3.0,2,0,TTGTTACATAAAAAGCGTGG,2,3263050
relBp,3.0,2,0,TTGTCCGACGCATGATTTAT,2,3297772
relBp,3.0,2,0,TTGTACGCCTGCTTATACAG,2,3274154
relBp,3.0,2,0,TTGGTTCACGCGGGAGGGTT,2,3268745
relBp,3.0,2,0,TTGGGACTACCCCCGTTCAA,2,3274603
relBp,3.0,2,0,TTGGGAAATGTCGTTTAACA,2,3306266
relBp,3.0,2,0,TTGGCATTGGGTCTGTGACA,2,3267079
relBp,3.0,2,0,TTGGACCATTTACAGGCGAC,2,3288777
relBp,3.0,2,0,TTGCTCGCGTTGTTGAATCT,2,3290624
relBp,3.0,2,0,TTGCGTTACTGCGAAGTTTT,2,3291463
relBp,3.0,2,0,TTGAATGACAGGCCTGCAGC,2,3271157
relBp,3.0,2,0,TTGAACATGGCACCGAATCA,2,3260030
relBp,3.0,2,0,TTCTTTGTGACTGGGGCAGC,2,3288775
relBp,3.0,2,0,TTCTTCTACGTTGTGTTGCG,2,3300247
relBp,3.0,2,0,TTCTGCACGTCCTCGGCCCA,2,3272196
relBp,3.0,2,0,TTCTAATGTTGATTTGTGTT,2,3306227
relBp,3.0,2,0,TTCGGGATTGAAGTTAATAT,2,3297525
relBp,3.0,2,0,TTCGCAAGTGCATTTCACCC,2,3275094
relBp,3.0,2,0,TTCGACGCTGGACTCATCAT,2,3294831
relBp,3.0,2,0,TTCCTTCGAGGTTCTACTCA,2,3306847
relBp,3.0,2,0,TTCCGAAGAAGACGTATTCA,2,3285445
relBp,3.0,2,0,TTCCCTCCCGAACCCTACGT,2,3263562
relBp,3.0,2,0,TTCCCGGTTGAAGGTTGCCC,2,3286302
relBp,3.0,2,0,TTCCACTGAGAAGGTTTAGC,2,3265890
relBp,3.0,2,0,TTCATCGGGGGGGCAATGGC,2,3279853
relBp,3.0,2,0,TTCAGGCTGGGACTGTTGAA,2,3274801
relBp,3.0,2,0,TTCAATGCGGAGGTTCGTAG,2,3269874
relBp,3.0,2,0,TTATACTGAGAACGTATACC,2,3276386
relBp,3.0,2,0,TTAGGCAATCAGAGTCCCCA,2,3284708
relBp,3.0,2,0,TTACTGGAAAACATACCGTT,2,3259320
relBp,3.0,2,0,TTACGCCATATAGACCGTTC,2,3261172
relBp,3.0,2,0,TTACGAGATGACCCACATTA,2,3296558
relBp,3.0,2,0,TTACCGATTAGAGTGGGTGT,2,3268980
relBp,3.0,2,0,TTAAGCCAAGGGTGTAAACC,2,3292483
relBp,3.0,2,0,TTAACTATTACCGTAACTCG,2,3271695
relBp,3.0,2,0,TTAAATCTAGGTAAACGAAT,2,3261545
relBp,3.0,2,0,TGTTCTATTACAGGTACCTC,2,3264884
relBp,3.0,2,0,TGTTAAGCACTAATGACGGT,2,3265760
relBp,3.0,2,0,TGTGGGAACCTATGATTTGG,2,3271789
relBp,3.0,2,0,TGTGAGTATTATCTATTTGT,2,3290527
relBp,3.0,2,0,TGTCTGGTTTAACACTTACT,2,3304866
relBp,3.0,2,0,TGTCAGGCTGATTCTCATTG,2,3292996
relBp,3.0,2,0,TGTCACGGGACCCCGATACT,2,3274203
relBp,3.0,2,0,TGTCAACCCCGGGGCAATGA,2,3263463
relBp,3.0,2,0,TGGTTGACAACTGAGTCTTT,2,3265651
relBp,3.0,2,0,TGGTTAACTTGTGCTGAACG,2,3308175
relBp,3.0,2,0,TGGTACTGAGGCCTTGAAGA,2,3282783
relBp,3.0,2,0,TGGGTGCACCTAAAACACAT,2,3273007
relBp,3.0,2,0,TGGGGCCGTCAAGGCAACGG,2,3305268
relBp,3.0,2,0,TGGGCTCCCCTATATCATAA,2,3262567
relBp,3.0,2,0,TGGGCACGACATTCGTAATA,2,3262676
relBp,3.0,2,0,TGGCTGGACGATGGGCTAAG,2,3281349
relBp,3.0,2,0,TGGCTCTGACGGATGTCATA,2,3304871
relBp,3.0,2,0,TGGCTAAGAATAAATTTTGG,2,3269725
relBp,3.0,2,0,TGGCATTCATCAGTAAAACA,2,3284429
relBp,3.0,2,0,TGGCATCTATACCTCAGCAA,2,3300297
relBp,3.0,2,0,TGGATTAGTCAAAAGATCAA,2,3263563
relBp,3.0,2,0,TGGAAAATAGACCGTCGAAG,2,3270529
relBp,3.0,2,0,TGCTTCCCGCGTGCATTGGA,2,3294033
relBp,3.0,2,0,TGCTTCAATAGCCTAATTTT,2,3273452
relBp,3.0,2,0,TGCTGCTAGTCACGCATTCT,2,3298312
relBp,3.0,2,0,TGCTGATGGGTCCGTACTGT,2,3281557
relBp,3.0,2,0,TGCTCGTGCGGGGGGTATCC,2,3266338
relBp,3.0,2,0,TGCTACACATTTCGAAAGGA,2,3303090
relBp,3.0,2,0,TGCGTGTGTGGTGCATTTGC,2,3282808
relBp,3.0,2,0,TGCCGTTCCGCAATGGCGAG,2,3260528
relBp,3.0,2,0,TGCCGAAAGAGGCGCAGCTA,2,3305891
relBp,3.0,2,0,TGCCCCTCGTTTTTATGAAT,2,3293838
relBp,3.0,2,0,TGCAGGTTGACTGTTGGAGT,2,3287419
relBp,3.0,2,0,TGAGTTACATGTTCGCCGAG,2,3277917
relBp,3.0,2,0,TGAGACGGGTTGCCGTCCCA,2,3263275
relBp,3.0,2,0,TGACCTCCGTATGCATTGTA,2,3266296
relBp,3.0,2,0,TGACATCGGTCGGCACACCA,2,3261880
relBp,3.0,2,0,TGAATACCCGACTTACTGTA,2,3295540
relBp,3.0,2,0,TGAAGGATTGACAATTCCTG,2,3273462
relBp,3.0,2,0,TGAAAGTTGTAAGTACCTCG,2,3301417
relBp,3.0,2,0,TGAAAAGCCCGGTATTCGGC,2,3279890
relBp,3.0,2,0,TGAAAACCGAACCACCATAG,2,3282627
relBp,3.0,2,0,TCTTTGCCCGAACCATTGAA,2,3285027
relBp,3.0,2,0,TCTTTGACTGTGAGGGTATA,2,3260016
relBp,3.0,2,0,TCTTGTAAATGTTTTCAACC,2,3296792
relBp,3.0,2,0,TCTTCTATCTGGAAGTTGTG,2,3298000
relBp,3.0,2,0,TCTGGTCTTGCATACCATAA,2,3262242
relBp,3.0,2,0,TCTGGCTCCAACCCGCAGTC,2,3260053
relBp,3.0,2,0,TCTGATACCTTTCTCCCGTC,2,3263383
relBp,3.0,2,0,TCTGAGAAATTAGGCACTGG,2,3307039
relBp,3.0,2,0,TCTGACGGTTTTGGAGACGC,2,3273985
relBp,3.0,2,0,TCTCGGGTGTATTGGACCTG,2,3302090
relBp,3.0,2,0,TCTCATTAGGCACCTTTAAG,2,3298081
relBp,3.0,2,0,TCTATTGCTGCTCACTCCAT,2,3288729
relBp,3.0,2,0,TCTATAAAATATGCATTTCC,2,3307679
relBp,3.0,2,0,TCTAGGAACAGCTGGGTGGA,2,3260233
relBp,3.0,2,0,TCTAACTCCGGGCTAATTAG,2,3304879
relBp,3.0,2,0,TCGGTATTGTCTCCGGTCTA,2,3290790
relBp,3.0,2,0,TCGGTAGCCATGGCGAGGTC,2,3274631
relBp,3.0,2,0,TCGGCATGAGACTTTTTCCG,2,3279474
relBp,3.0,2,0,TCGCGGCGTGTCTTTTATGA,2,3307787
relBp,3.0,2,0,TCGCCTGGACCGCAGACGCC,2,3292832
relBp,3.0,2,0,TCGCCTCTGGGCAGATCATA,2,3269501
relBp,3.0,2,0,TCGCCTATAACTGTACAGCT,2,3288254
relBp,3.0,2,0,TCGATACGCACGACCGCGGG,2,3304859
relBp,3.0,2,0,TCCTTTCGTTTGCTGCTAGA,2,3305173
relBp,3.0,2,0,TCCTTGGGGTTATCTTAATA,2,3271706
relBp,3.0,2,0,TCCTCTCACCTGGTGACACT,2,3281674
relBp,3.0,2,0,TCCCTGATGTCTTCCGATTG,2,3270089
relBp,3.0,2,0,TCCCGGAGGAGAATTTCCAT,2,3275218
relBp,3.0,2,0,TCCCCCTTGCGGAAGATGCC,2,3304978
relBp,3.0,2,0,TCCACCCGTATAGTCAAGGG,2,3295401
relBp,3.0,2,0,TCATTTTATGCGGATAGAGC,2,3292619
relBp,3.0,2,0,TCATTCCTTATTGAGGGTAA,2,3257975
relBp,3.0,2,0,TCATTAGTCCGCCCACGCAT,2,3299224
relBp,3.0,2,0,TCATGAGGGAGAATCCTGCT,2,3305240
relBp,3.0,2,0,TCATCATTATGCATGCTGTG,2,3306361
relBp,3.0,2,0,TCATACTTCTCTACATTGAT,2,3303343
relBp,3.0,2,0,TCAGTTAGTAGGTCTCCTTG,2,3265185
relBp,3.0,2,0,TCAGGCATCTTGCTCAGCTC,2,3265744
relBp,3.0,2,0,TCAGCTCGTAAGGAGGCAGT,2,3306875
relBp,3.0,2,0,TCAGATCCAGAGTAGCCACG,2,3303518
relBp,3.0,2,0,TCACTGTCAGTACCCTACTT,2,3262469
relBp,3.0,2,0,TCACCTTGATATCCGCCATC,2,3272170
relBp,3.0,2,0,TCACCGATCTTAATGCAAAG,2,3279307
relBp,3.0,2,0,TCACATAATGGTTCAAGTTG,2,3289956
relBp,3.0,2,0,TCAATGCTCGAGACCCGGAA,2,3297293
relBp,3.0,2,0,TCAATAATTTCTTAAAAATT,2,3288773
relBp,3.0,2,0,TCAAGGGCCTAACGCAGCTA,2,3256729
relBp,3.0,2,0,TATTGTGCTATATCGTAGTG,2,3293955
relBp,3.0,2,0,TATTGTCTGGTTGTCGTCCC,2,3271865
relBp,3.0,2,0,TATTATCTAGCCCAAAAGTA,2,3302847
relBp,3.0,2,0,TATGTAGATAGATCAGGGAA,2,3303653
relBp,3.0,2,0,TATGCCGATACCTATTGTGT,2,3291653
relBp,3.0,2,0,TATCACCCTCCAATGCCTGC,2,3303372
relBp,3.0,2,0,TATCAACTCGCCACCTCTCT,2,3277834
relBp,3.0,2,0,TATATTGTCAGATGCGAGTA,2,3278538
relBp,3.0,2,0,TATACGTTGCGCGGTTGCGA,2,3274456
relBp,3.0,2,0,TATAAGTAGCAACTCAGGAG,2,3306307
relBp,3.0,2,0,TAGCAAAAGAACGTCAAATG,2,3273333
relBp,3.0,2,0,TAGATTGCCGGCTCAGCGAC,2,3288896
relBp,3.0,2,0,TAGACTGGTAGAAGGCGAAC,2,3277850
relBp,3.0,2,0,TACTGGGTGTCGCGGTATTA,2,3280045
relBp,3.0,2,0,TACTGGAGAGTAGACCGGAC,2,3263556
relBp,3.0,2,0,TACTCTACTCGGTCGTATCA,2,3295379
relBp,3.0,2,0,TACGGTGACTTCATTTATCG,2,3289446
relBp,3.0,2,0,TACCGTCCAACGGGCGGTAC,2,3304862
relBp,3.0,2,0,TACCACGACGCCGTTCAGCT,2,3262438
relBp,3.0,2,0,TACAGGCGACCCGACATCAG,2,3274206
relBp,3.0,2,0,TACAATCAACAGGTTTTGAT,2,3301898
relBp,3.0,2,0,TAATCCTAGCTTCTAGCTAT,2,3298811
relBp,3.0,2,0,TAATCAGGCTTAGACTTTCC,2,3273852
relBp,3.0,2,0,TAAGGCCTACATACCATCGG,2,3258629
relBp,3.0,2,0,TAAGATCAATGTGTTATTAC,2,3292474
relBp,3.0,2,0,TAAGAAACCTCGTATGGCTT,2,3262707
relBp,3.0,2,0,TAACCCAGATGATCCAGACC,2,3306674
relBp,3.0,2,0,TAAAGTGATCTTGGGATCTA,2,3306181
relBp,3.0,2,0,TAAACGTCGCTAACCTGTAG,2,3281799
relBp,3.0,2,0,TAAACGTCCCCGGGTCCAGT,2,3265435
relBp,3.0,2,0,TAAAATGTAGGGGACGATCA,2,3267878
relBp,3.0,2,0,GTTTTTGTGTATTTGAACCT,2,3281487
relBp,3.0,2,0,GTTTGGGCGAATACCTCACG,2,3290985
relBp,3.0,2,0,GTTTCAGGTGCTTAAGCGAA,2,3297910
relBp,3.0,2,0,GTTTCAATCTGTAATTATGG,2,3257207
relBp,3.0,2,0,GTTGTGGCCATACCTCCTTG,2,3288224
relBp,3.0,2,0,GTTGTGAATCCTCGCGAGTT,2,3296276
relBp,3.0,2,0,GTTGCTTATCGCCGTCTTAG,2,3265940
relBp,3.0,2,0,GTTGAGCCGTCGGCCTGTAC,2,3270407
relBp,3.0,2,0,GTTCTAGACTCTGGCCTCTA,2,3258333
relBp,3.0,2,0,GTTCACGCGGCCGATGGTCT,2,3306062
relBp,3.0,2,0,GTTATTCAAGGGCATGCGTT,2,3274857
relBp,3.0,2,0,GTTATGTAAAGATTCCGAAC,2,3269068
relBp,3.0,2,0,GTTAGCTCCATCGAGGCACA,2,3294793
relBp,3.0,2,0,GTTACTCTTGTAAATCTCCT,2,3276343
relBp,3.0,2,0,GTTACGTCGCGGAACATGAA,2,3279482
relBp,3.0,2,0,GTTAATATACGTGGCTACAG,2,3276380
relBp,3.0,2,0,GTGTTACTTCGTAGGCGACG,2,3256837
relBp,3.0,2,0,GTGGGTATACTGGGGTTTTC,2,3268864
relBp,3.0,2,0,GTGGCCAAGTTGAGTGGTTT,2,3286733
relBp,3.0,2,0,GTGCTGCTGTGGACTATTAA,2,3282480
relBp,3.0,2,0,GTGCTAGCTAGCTTGTTTAG,2,3280711
relBp,3.0,2,0,GTGCTACAACAAAAGACCTC,2,3257114
relBp,3.0,2,0,GTGCATACATGCAGAGGGTA,2,3268697
relBp,3.0,2,0,GTGAGAGCCACTGTTTACAC,2,3302994
relBp,3.0,2,0,GTGACCCGGTAGACCGAGGG,2,3276653
relBp,3.0,2,0,GTGAAGCTGTGCCGAGATTT,2,3289454
relBp,3.0,2,0,GTCTCCGTGCTGTTTAACCT,2,3294616
relBp,3.0,2,0,GTCTACAAGATAAGCCTCTA,2,3271090
relBp,3.0,2,0,GTCTAAGTAGGAGCCGTGGA,2,3302967
relBp,3.0,2,0,GTCGGATTGATTCAGACAAT,2,3304881
relBp,3.0,2,0,GTCGCGCGAAGATCTTGTAA,2,3264924
relBp,3.0,2,0,GTCGCATTAGGACTCGCCAC,2,3270047
relBp,3.0,2,0,GTCGAACTGCAAGTACCAGT,2,3299662
relBp,3.0,2,0,GTCCGTTCTCCTGTCGCCAT,2,3261909
relBp,3.0,2,0,GTCCGCGTGAATCCAAAGGG,2,3296763
relBp,3.0,2,0,GTCCATCCTTTATTCGTAGG,2,3299668
relBp,3.0,2,0,GTCACGCACTTGACTATAAG,2,3266602
relBp,3.0,2,0,GTCACACTCTTTAGTATGTA,2,3291792
relBp,3.0,2,0,GTATGAACCTCGTCCTGGGG,2,3258628
relBp,3.0,2,0,GTATCTCTCCATGTGTTTTC,2,3257131
relBp,3.0,2,0,GTAGGGGCGCTTCTGGAACC,2,3265426
relBp,3.0,2,0,GTAGCATCACGCGATATCTG,2,3261382
relBp,3.0,2,0,GTACTTTCGGACGTCGTGAT,2,3304961
relBp,3.0,2,0,GTACTGTTTCGCCGTGCCTC,2,3306757
relBp,3.0,2,0,GTACTCCGATTTACTACAAG,2,3277468
relBp,3.0,2,0,GTAACGGTTGGCTCTTTTTC,2,3275664
relBp,3.0,2,0,GGTTCCTATGGGCTCCGCGA,2,3285386
relBp,3.0,2,0,GGTTCACCGACGGCCTCCGA,2,3301481
relBp,3.0,2,0,GGTTACCCTCTGCAGCCACG,2,3266809
relBp,3.0,2,0,GGTCGCCAGAACGTGCCTGA,2,3287655
relBp,3.0,2,0,GGTCATAGACCCGATCCGCG,2,3260682
relBp,3.0,2,0,GGTCAATGGCGTACTTGAGT,2,3275586
relBp,3.0,2,0,GGTATGTATCCGAGTAATTG,2,3282978
relBp,3.0,2,0,GGTATGAAAGTATGGCTGGC,2,3278929
relBp,3.0,2,0,GGTAGTGGTTTAACTGCATG,2,3288225
relBp,3.0,2,0,GGTACTTATGAAGGCGTGCT,2,3308149
relBp,3.0,2,0,GGTACACGGCGGGATTTATG,2,3304705
relBp,3.0,2,0,GGTACAAGTGGCCGTACCGA,2,3260299
relBp,3.0,2,0,GGTAATTCGCTTACTTCACC,2,3271007
relBp,3.0,2,0,GGGTTTTACGCCTCCTTCCT,2,3298231
relBp,3.0,2,0,GGGTATGGGAACGAAAGTTT,2,3294427
relBp,3.0,2,0,GGGGGCGGGTGCCAGGACTA,2,3288784
relBp,3.0,2,0,GGGGCCGAAATGGGAAAGAC,2,3275442
relBp,3.0,2,0,GGGGCCACGAAGCACCCCAG,2,3263271
relBp,3.0,2,0,GGGGAGCCAGATCAACCCTT,2,3284499
relBp,3.0,2,0,GGGCTAGACGTATGGCGTTG,2,3285579
relBp,3.0,2,0,GGGCGGAGACCCCCGTACTG,2,3273487
relBp,3.0,2,0,GGGCGAACAAATTCTCAAGT,2,3268782
relBp,3.0,2,0,GGGCCGGGCCAGGGTCTATC,2,3290870
relBp,3.0,2,0,GGGATCGGTTCGCATAAATT,2,3286414
relBp,3.0,2,0,GGGAGCTTTCATTTAGTAAA,2,3267941
relBp,3.0,2,0,GGGAGCACGGGAATCCGGTC,2,3303387
relBp,3.0,2,0,GGCTTACGTAGCAAGAATTG,2,3306675
relBp,3.0,2,0,GGCTCCAAGGGTTGGGCGTC,2,3278258
relBp,3.0,2,0,GGCTAAAGTGGTTTTTGGGT,2,3285512
relBp,3.0,2,0,GGCGTACTCCTGTGTTTTGC,2,3282444
relBp,3.0,2,0,GGCGGGAGTCTCAACGAATC,2,3263088
relBp,3.0,2,0,GGCGCTGATCACCACTGCCA,2,3276495
relBp,3.0,2,0,GGCGAGAGAGGCCCCAACTC,2,3280217
relBp,3.0,2,0,GGCGACGCAAAGTACACCGT,2,3264404
relBp,3.0,2,0,GGCCGATAGAGTAAGATCCG,2,3297262
relBp,3.0,2,0,GGCCCTTTGATGTTATAATT,2,3285977
relBp,3.0,2,0,GGCCAGGAAGTAGCCTCCCT,2,3304438
relBp,3.0,2,0,GGCATAAGAGTCATGTCAGA,2,3266262
relBp,3.0,2,0,GGATTCCTGACGATGGTAAA,2,3281618
relBp,3.0,2,0,GGAGGTCTACAATCTAAGAT,2,3291426
relBp,3.0,2,0,GGAGCCCTCAAGGCCTAATC,2,3290933
relBp,3.0,2,0,GGAGATGCTTATTTTCCACG,2,3271708
relBp,3.0,2,0,GGAGAAGTTCTCCGATTTCA,2,3286247
relBp,3.0,2,0,GGAGAAATCCAGCCTTGCTG,2,3285665
relBp,3.0,2,0,GGACTTCCGCCTGTGATGAG,2,3305000
relBp,3.0,2,0,GGACTATGGTGGTGGAGCCT,2,3295468
relBp,3.0,2,0,GGACCAGGCATACCGCGGTG,2,3299361
relBp,3.0,2,0,GGACACGTGTTCTAGCGGAA,2,3304914
relBp,3.0,2,0,GGAAGGGGGCCTAGCAGCTG,2,3257208
relBp,3.0,2,0,GGAACTCCGATGACCAAGTT,2,3283975
relBp,3.0,2,0,GGAACAGTTCTGCACTATGT,2,3282466
relBp,3.0,2,0,GCTTTCGACACGCGTCCGCA,2,3269527
relBp,3.0,2,0,GCTTTACAGCTAATTGGGCA,2,3280379
relBp,3.0,2,0,GCTTCTCCGCATGCAGCCCT,2,3276818
relBp,3.0,2,0,GCTTCTACATAACAATTTCT,2,3284844
relBp,3.0,2,0,GCTTCGATAGCCCTCTGCTA,2,3287494
relBp,3.0,2,0,GCTTATCCATTGCTTAGGCT,2,3281387
relBp,3.0,2,0,GCTGTGAACGGCATGCGGCG,2,3264113
relBp,3.0,2,0,GCTCAGAGCTGCGTCCCTTA,2,3301646
relBp,3.0,2,0,GCTCAACACCACGGGGTTGA,2,3294255
relBp,3.0,2,0,GCTAGGTACCCCGCGAGGCA,2,3307732
relBp,3.0,2,0,GCTAGATTCATAGCATCCGA,2,3270400
relBp,3.0,2,0,GCGTTTCGCTTTTAAGCGGC,2,3275570
relBp,3.0,2,0,GCGTGAAGTTAATTCATAGC,2,3264769
relBp,3.0,2,0,GCGTCTACGATTCTTTGCGA,2,3297542
relBp,3.0,2,0,GCGTAGCTGGTATTTGATAT,2,3289633
relBp,3.0,2,0,GCGGGGGCGGTGGTGGATCC,2,3287014
relBp,3.0,2,0,GCGGAAGGCGCGGTACTCGA,2,3304209
relBp,3.0,2,0,GCGCAGCGCAACGGGATCAC,2,3256470
relBp,3.0,2,0,GCCTTACATGAGCGGAGCGC,2,3274230
relBp,3.0,2,0,GCCTCTGAGCACCAGATAAT,2,3266945
relBp,3.0,2,0,GCCGCTAGTGGCCACATTGG,2,3284375
relBp,3.0,2,0,GCCCTCATTGTGCCAATTAA,2,3294796
relBp,3.0,2,0,GCCATGCTCTAAGTCGCCAA,2,3291032
relBp,3.0,2,0,GCCAGTAGGTGTCACGTGAA,2,3305474
relBp,3.0,2,0,GCCACTCCGGCTAGCTAGGC,2,3279475
relBp,3.0,2,0,GCCAACAGGTATATACCGGC,2,3257329
relBp,3.0,2,0,GCATACATACCATCAAATAC,2,3305615
relBp,3.0,2,0,GCAGTGCCTAGGAACACATT,2,3287325
relBp,3.0,2,0,GCAGGCGTATCTATGGTGCT,2,3289270
relBp,3.0,2,0,GCAGGCCGCTTTAGTTTCAA,2,3284550
relBp,3.0,2,0,GCAGCAGAAGGATTGTACAC,2,3288282
relBp,3.0,2,0,GCACGCTGGCAAGATCTCGG,2,3277182
relBp,3.0,2,0,GCACAGTACATAGGTTTCCC,2,3305894
relBp,3.0,2,0,GCAACCCCTGTTGTGGTTAA,2,3283897
relBp,3.0,2,0,GCAACAGGCCTATTCTTGAT,2,3286262
relBp,3.0,2,0,GATTCTGCTAACCTCTTTCA,2,3300562
relBp,3.0,2,0,GATTCCCGGGCTCCGTTAAT,2,3269789
relBp,3.0,2,0,GATTATGGTTAGAGCTTGTA,2,3301241
relBp,3.0,2,0,GATTAGCTCCGAAAACGCGT,2,3267235
relBp,3.0,2,0,GATGATCCGGTCTGATACTT,2,3298149
relBp,3.0,2,0,GATCGTATCAATCAAATCGG,2,3303687
relBp,3.0,2,0,GATCAGGAATAGGTGAACAT,2,3306575
relBp,3.0,2,0,GATACAGCCACCATCTGATG,2,3258405
relBp,3.0,2,0,GATAACTTCCCTCCCCTTAT,2,3260942
relBp,3.0,2,0,GAGTGACCCTGTAATGGGCA,2,3290658
relBp,3.0,2,0,GAGTCGTTGCAGGGTAGCAG,2,3281900
relBp,3.0,2,0,GAGTCAAGGGCCGTCTACCG,2,3290990
relBp,3.0,2,0,GAGGTGGACCTTCGTGAACA,2,3270542
relBp,3.0,2,0,GAGGCGTAAATCTGATAGGG,2,3267463
relBp,3.0,2,0,GAGGCAGGATCACATGATAG,2,3263875
relBp,3.0,2,0,GAGCGAGCGAACCTATCATA,2,3269141
relBp,3.0,2,0,GAGCAAGCTAACTTGCAATA,2,3279309
relBp,3.0,2,0,GAGAGATAGGCTGGACGGCA,2,3303019
relBp,3.0,2,0,GACTTCAATGTGTACTAACG,2,3257716
relBp,3.0,2,0,GACGGCTAAGGTTCGAGAGG,2,3282167
relBp,3.0,2,0,GACCTACATGCAGTCGAAAA,2,3303017
relBp,3.0,2,0,GACATGGAATGATGACTGTG,2,3284053
relBp,3.0,2,0,GACATATACCATCGCACCGT,2,3258431
relBp,3.0,2,0,GACAGTACATCAGCTATCTA,2,3257215
relBp,3.0,2,0,GACAGCGGGGACGCTCGACT,2,3263370
relBp,3.0,2,0,GACAGCGAACACGAAGCTCA,2,3305738
relBp,3.0,2,0,GACAGACACTGATGGGCGAA,2,3306247
relBp,3.0,2,0,GACACTGGGGGCAAGGAATG,2,3276888
relBp,3.0,2,0,GACAATGTGTGTACTTTAAC,2,3294822
relBp,3.0,2,0,GAATGCGATCGATGGACGAG,2,3295213
relBp,3.0,2,0,GAATGATGCTGATCGAGCTA,2,3269943
relBp,3.0,2,0,GAATGAGTAAGTTGGAAGGC,2,3257690
relBp,3.0,2,0,GAATCATCAGTATTCGAGCA,2,3288892
relBp,3.0,2,0,GAAGCACGCGGAAACGCCCC,2,3262631
relBp,3.0,2,0,GAAGCACACTGTTAACTCAT,2,3307523
relBp,3.0,2,0,GAACGTGATGTATTTGCTGG,2,3280522
relBp,3.0,2,0,GAACGCGGGCCGGTCAAAGA,2,3276120
relBp,3.0,2,0,GAACATCAAGCAAATACCTC,2,3279050
relBp,3.0,2,0,GAAAGTAACCAAGGTAATTT,2,3290792
relBp,3.0,2,0,CTTGTCTTTGAGATAATTAG,2,3304932
relBp,3.0,2,0,CTTGCGTTGTTGAGTATGAC,2,3293822
relBp,3.0,2,0,CTTGCAAGCTCATGCTAACA,2,3307778
relBp,3.0,2,0,CTTCGACCAGCTTGATCATC,2,3302613
relBp,3.0,2,0,CTTAGTTAGTTGAAGGGGGA,2,3307790
relBp,3.0,2,0,CTTAGCTTGTGACCAACCAA,2,3285574
relBp,3.0,2,0,CTTACTTACCTTGGGACACC,2,3279966
relBp,3.0,2,0,CTGTTTCCGATTCTTGGCCA,2,3277317
relBp,3.0,2,0,CTGTGTTGTATCAGGGTCTA,2,3263597
relBp,3.0,2,0,CTGTGCAAAGACGGTGGGTG,2,3308106
relBp,3.0,2,0,CTGTCCCACTTGGTAACGAC,2,3256694
relBp,3.0,2,0,CTGGGTCAGATGCCGCAAAT,2,3292574
relBp,3.0,2,0,CTGGAGAGGTATTCTTCGCA,2,3293517
relBp,3.0,2,0,CTGGAGACAACTACAGTAAC,2,3265336
relBp,3.0,2,0,CTGGACCCTTTGTAAGCACA,2,3277861
relBp,3.0,2,0,CTGCCTGAGATCCATACCAG,2,3260349
relBp,3.0,2,0,CTGCAAAGAGCCTGACCTAT,2,3267663
relBp,3.0,2,0,CTGAACAAACTTCGTACCAT,2,3291955
relBp,3.0,2,0,CTGAAAGTTGTGCCCTCAAT,2,3301891
relBp,3.0,2,0,CTCTGTGGGGAGTCACGTGG,2,3279648
relBp,3.0,2,0,CTCTGAGACCACGCGGCAGT,2,3289869
relBp,3.0,2,0,CTCTGACCTTTCAGATCTAA,2,3308267
relBp,3.0,2,0,CTCGTCCCCAGGGAAACCGT,2,3265680
relBp,3.0,2,0,CTCGTATGCATGTCCCGTGA,2,3299635
relBp,3.0,2,0,CTCGCGGCCATGCGCTGGGT,2,3286702
relBp,3.0,2,0,CTCGAGCGCGATGTATTAGG,2,3281695
relBp,3.0,2,0,CTCCGGCCATTCAAAATTGC,2,3269377
relBp,3.0,2,0,CTCCACCTTAAAATGGGGGG,2,3280300
relBp,3.0,2,0,CTCATATTTACAACCTGTAT,2,3292464
relBp,3.0,2,0,CTCACTACGGTTGGATTTGA,2,3270523
relBp,3.0,2,0,CTCACGGCTTCGTTAAAAAA,2,3272723
relBp,3.0,2,0,CTCACGCAGAAGTAGTAAAA,2,3260403
relBp,3.0,2,0,CTATTCTGCAATACAGTAGG,2,3279012
relBp,3.0,2,0,CTATGCTCTTAATGATATTG,2,3293401
relBp,3.0,2,0,CTATCGTGTTTTGATGATAT,2,3279237
relBp,3.0,2,0,CTATACCCGGGGGGCTAAAT,2,3259816
relBp,3.0,2,0,CTAGGTGACCCCTCCCCGGA,2,3305150
relBp,3.0,2,0,CTAGGTCTCCTCTTCTTCAA,2,3271446
relBp,3.0,2,0,CTAGCATGGGTATATTTGTA,2,3258631
relBp,3.0,2,0,CTAGAGAAAAGGAGGATCTA,2,3289674
relBp,3.0,2,0,CTAGACTACTCACTAAACCT,2,3286253
relBp,3.0,2,0,CTACTTTCAGGGCTACGGCT,2,3265301
relBp,3.0,2,0,CTACTTGAATGTTCCCTTGA,2,3257383
relBp,3.0,2,0,CTACATCCGGGATTAGTAGC,2,3280619
relBp,3.0,2,0,CTACACCCCTGAATGTAGGC,2,3271905
relBp,3.0,2,0,CTAAATGCGGATGGACACGG,2,3297618
relBp,3.0,2,0,CTAAATCCGCTGCACGTTCA,2,3297880
relBp,3.0,2,0,CTAAACGTTGTTGCGATCGT,2,3264141
relBp,3.0,2,0,CTAAACGTAGGCCAATGACT,2,3299436
relBp,3.0,2,0,CGTTTGCCTCTGACAGTCCT,2,3262944
relBp,3.0,2,0,CGTTACCGAGGTTCCTACCA,2,3271453
relBp,3.0,2,0,CGTGTGACCTCAAGGCATGA,2,3308761
relBp,3.0,2,0,CGTGTCCAGAACCAGAAGGA,2,3260732
relBp,3.0,2,0,CGTGGTAACGTTTCAGCAAC,2,3306524
relBp,3.0,2,0,CGTGGATCGGGGCGCGTTCC,2,3293008
relBp,3.0,2,0,CGTGAAACCTAAGAGTCGCG,2,3285492
relBp,3.0,2,0,CGTCTAGAAAATTTACCTAG,2,3270520
relBp,3.0,2,0,CGTCGTGAGTCATTCGGCCC,2,3266484
relBp,3.0,2,0,CGTCGGCACTCGCTTGTAGT,2,3308659
relBp,3.0,2,0,CGTCCTCCGCGTGAGATTAC,2,3275111
relBp,3.0,2,0,CGTCACCTCTCGGGCTTTGT,2,3295761
relBp,3.0,2,0,CGTATAAACCTATGTTAAGA,2,3283204
relBp,3.0,2,0,CGTAGTACTATCCTACAGAT,2,3264514
relBp,3.0,2,0,CGTAATCTCCCGTATCTCCT,2,3258826
relBp,3.0,2,0,CGTAAACGACCGAACATCCT,2,3284332
relBp,3.0,2,0,CGGTGGGTAAACACAAGCGG,2,3286311
relBp,3.0,2,0,CGGTGAGCTTCGCAGGCGAA,2,3302358
relBp,3.0,2,0,CGGGCTCAATTTATCTTATT,2,3297773
relBp,3.0,2,0,CGGCGAACGCGCTCTGGCCA,2,3276736
relBp,3.0,2,0,CGGAATCGGCAACTTGATGG,2,3308295
relBp,3.0,2,0,CGGAAATTGTATGGTCGTCC,2,3264305
relBp,3.0,2,0,CGCTGGGAGACAAACATCGT,2,3305705
relBp,3.0,2,0,CGCTATTATGTGCTCCTTCG,2,3268307
relBp,3.0,2,0,CGCGTCTTAGCGCGGTAGTC,2,3298938
relBp,3.0,2,0,CGCCGGTTGCTAGTATCACA,2,3262182
relBp,3.0,2,0,CGCCGCCTGGTCAGGAAGGG,2,3288331
relBp,3.0,2,0,CGCCCCGCGTAATGGGTGAC,2,3270311
relBp,3.0,2,0,CGCCCCAAGCGCTCAGTGTT,2,3307310
relBp,3.0,2,0,CGCCAAGGCGGAGACTCGCC,2,3261190
relBp,3.0,2,0,CGCATGGTGTTAATGTTCCG,2,3301737
relBp,3.0,2,0,CGCATGAATCTCACAAGATG,2,3269966
relBp,3.0,2,0,CGCATCATCTGACGCCGGAG,2,3294857
relBp,3.0,2,0,CGATCCCGAGATAATGCGAT,2,3286358
relBp,3.0,2,0,CGATAACGTATGAATACTTC,2,3290464
relBp,3.0,2,0,CGAGTGTGGCCCTAAGGGCT,2,3268191
relBp,3.0,2,0,CGAGAGAGAGAACTTCAACC,2,3264423
relBp,3.0,2,0,CGACTTAAATCCGTCACCTC,2,3300256
relBp,3.0,2,0,CGAATGTGACACTGGGAAAG,2,3271954
relBp,3.0,2,0,CGAATAACTAAGAAATGAGA,2,3272743
relBp,3.0,2,0,CGAACGGTGGCAAGTAATTA,2,3257717
relBp,3.0,2,0,CGAACCTTGAAGGAATACCC,2,3281740
relBp,3.0,2,0,CCTTGTGTGGTGGAATGGAA,2,3287307
relBp,3.0,2,0,CCTTGGGTTTTTCTCGTATC,2,3279270
relBp,3.0,2,0,CCTTGGGGATCGGTAATGGG,2,3297854
relBp,3.0,2,0,CCTTGAAAGTGCTTAAGTTG,2,3280438
relBp,3.0,2,0,CCTTAGTCTATCAGCGCTAA,2,3261578
relBp,3.0,2,0,CCTGTTGGTCACGTTGCGTG,2,3308361
relBp,3.0,2,0,CCTGGGACGTACGCCGGAAT,2,3275571
relBp,3.0,2,0,CCTGGCGCATACGCTTAGCA,2,3294804
relBp,3.0,2,0,CCTGCTTACTTCGTATAACC,2,3281753
relBp,3.0,2,0,CCTGCGTTAAGAGTGGCCGC,2,3302306
relBp,3.0,2,0,CCTCATGTGGCATGACCTAG,2,3301141
relBp,3.0,2,0,CCTCATCGGGCACGTAGCCT,2,3281626
relBp,3.0,2,0,CCTATCAAGGCCATAAGGCT,2,3257320
relBp,3.0,2,0,CCTACAGGAGTCGGAACATA,2,3295915
relBp,3.0,2,0,CCTAAGGCGATCATCGTACG,2,3280971
relBp,3.0,2,0,CCTAAATTAAGGAGACCAAT,2,3283798
relBp,3.0,2,0,CCGTGCTCTATCTTCGCATG,2,3276720
relBp,3.0,2,0,CCGTCGGTTTAAGACCTATA,2,3293041
relBp,3.0,2,0,CCGGTGGACAAAGGCTCAGA,2,3265584
relBp,3.0,2,0,CCGGTGATCAGAATTCGGAT,2,3280796
relBp,3.0,2,0,CCGGTAAACGAGCAGCTACG,2,3275420
relBp,3.0,2,0,CCGGGATCAACGCAGGAGTA,2,3275097
relBp,3.0,2,0,CCGGCGCTTCTATATGGGGT,2,3305333
relBp,3.0,2,0,CCGCTGCCTGATTTTACCGA,2,3280347
relBp,3.0,2,0,CCGCGCATTACCCCATTCAC,2,3305146
relBp,3.0,2,0,CCGCCGACCCTGGGAATCTT,2,3270189
relBp,3.0,2,0,CCGCCCTTGCGCGGCCGACT,2,3287112
relBp,3.0,2,0,CCGCAGCTGAGAATTAGTGT,2,3289340
relBp,3.0,2,0,CCGCAAACAGTTGTTCACCA,2,3260438
relBp,3.0,2,0,CCGATCACACGCTGCATCGA,2,3267455
relBp,3.0,2,0,CCGAGTCGCACGTCCACTCA,2,3262632
relBp,3.0,2,0,CCCTTTGCAACGATACGGGA,2,3281267
relBp,3.0,2,0,CCCCGTTACTAATTAACGGT,2,3261136
relBp,3.0,2,0,CCCCACTTCTAAAGCACAGC,2,3259875
relBp,3.0,2,0,CCCAACATTCCCTCTGGTTG,2,3280569
relBp,3.0,2,0,CCATGTGGGGGTCGATCGAA,2,3292451
relBp,3.0,2,0,CCATCCGGAGTATTCTGTAC,2,3256612
relBp,3.0,2,0,CCAGTATATCGGTACACTTT,2,3294813
relBp,3.0,2,0,CCAGCTACGCAACTGGCGGT,2,3273656
relBp,3.0,2,0,CCACTTGACTTGCATACGCT,2,3272168
relBp,3.0,2,0,CCACTGGGCACGGCGGGAAA,2,3289862
relBp,3.0,2,0,CCACGTGGAATTTATTCAAC,2,3302413
relBp,3.0,2,0,CCACCGAGAATATTCAGTGC,2,3291179
relBp,3.0,2,0,CCACAATCGCCATGATAAGT,2,3266185
relBp,3.0,2,0,CCAATAATAGGACGGGTCCA,2,3284808
relBp,3.0,2,0,CCAACTCCTACGACTTTTTA,2,3271551
relBp,3.0,2,0,CCAACGTGAGGGTGGGGAGC,2,3300004
relBp,3.0,2,0,CCAACATGCATACGACACGA,2,3272237
relBp,3.0,2,0,CCAAAGACCAATTGCCGGTT,2,3262847
relBp,3.0,2,0,CATTGTCTTCCGCTTATTGA,2,3264919
relBp,3.0,2,0,CATTATAGTAATAAACGACA,2,3288102
relBp,3.0,2,0,CATGTTAGCTCGGTTGCTTG,2,3268747
relBp,3.0,2,0,CATGGGGGTGATACGTGGAC,2,3285559
relBp,3.0,2,0,CATGGAGAATCATGGCCTTT,2,3288600
relBp,3.0,2,0,CATGCGTCTTAATTCCTCTC,2,3303739
relBp,3.0,2,0,CATGCAATCGTAGGCTGTAG,2,3279822
relBp,3.0,2,0,CATCGTCTTTTGGTTTCTAA,2,3279962
relBp,3.0,2,0,CATCCGGACAAAAAAAGGAT,2,3279120
relBp,3.0,2,0,CATATCTTCAGTAGAAGTAT,2,3279669
relBp,3.0,2,0,CATAGTTATTTCGCCAACCA,2,3282441
relBp,3.0,2,0,CATAACTAGACTTGGGGGCT,2,3280895
relBp,3.0,2,0,CAGTGGGTGTCCGCGACAGA,2,3298213
relBp,3.0,2,0,CAGTAGGCGTTATCCGTAGT,2,3279416
relBp,3.0,2,0,CAGTACAGCAATCTGACTTA,2,3280213
relBp,3.0,2,0,CAGGGTGACACTCTAATCTA,2,3295261
relBp,3.0,2,0,CAGGGATTGCTAAATGCAGG,2,3308832
relBp,3.0,2,0,CAGGCTAGGCCTTTACTCTT,2,3294510
relBp,3.0,2,0,CAGGCAACCCCTGTGCCAAC,2,3291212
relBp,3.0,2,0,CAGCTCGTCTGTAGACTTGA,2,3271605
relBp,3.0,2,0,CAGCGGTTAGTATGCGGAGG,2,3260922
relBp,3.0,2,0,CAGCCCCACTTATCGAATAT,2,3307993
relBp,3.0,2,0,CAGATGTCGGTCTAACGCGT,2,3291875
relBp,3.0,2,0,CAGAGTGCCATGTTTTCCTT,2,3285468
relBp,3.0,2,0,CAGACGCAATCAGCATCGTC,2,3295594
relBp,3.0,2,0,CAGAAAGACAGATCGTCCGA,2,3289495
relBp,3.0,2,0,CACTGGTATAGAGTATTATG,2,3283950
relBp,3.0,2,0,CACGCGGAACTGCCGCGTTT,2,3302983
relBp,3.0,2,0,CACAGGTCTGTAGTGGCGTT,2,3302856
relBp,3.0,2,0,CACACAAAAACCTAGGGATT,2,3295456
relBp,3.0,2,0,CAATGCAGCCCCGTCGTGGT,2,3304254
relBp,3.0,2,0,CAATATATCCATGTTGCTTC,2,3257327
relBp,3.0,2,0,CAAGTGAACAAAATGCCGAT,2,3292236
relBp,3.0,2,0,CAAGCAGTGATTGATTGTTG,2,3288752
relBp,3.0,2,0,CAAGATGCCCTGTGGGGCGT,2,3258726
relBp,3.0,2,0,CAAGATAAGCTTGATAGTTG,2,3295881
relBp,3.0,2,0,CAAGAAAAATTAGTTTTCAC,2,3270882
relBp,3.0,2,0,CAACGTGAGGGAACTCCCCG,2,3289596
relBp,3.0,2,0,CAACCTGGCCCCGCACCATC,2,3271713
relBp,3.0,2,0,CAAAGAATTACGGAAAACTC,2,3260059
relBp,3.0,2,0,ATTTTTGAGCTTGGTTGTTA,2,3308287
relBp,3.0,2,0,ATTTGTGGCTTTCCCTGTCC,2,3261963
relBp,3.0,2,0,ATTTGAATGGAAATTTGATA,2,3296819
relBp,3.0,2,0,ATTTATGACGACTGAATTGC,2,3268026
relBp,3.0,2,0,ATTGGCGTGGGGGCGTGCTC,2,3268884
relBp,3.0,2,0,ATTCTTAGTGAGTCCTCATC,2,3258637
relBp,3.0,2,0,ATTCGACGCCGTTAGTTTCC,2,3297212
relBp,3.0,2,0,ATTAGCATCGGTCAGTTCCA,2,3301131
relBp,3.0,2,0,ATTACAGCCACTGAGGAAGC,2,3269721
relBp,3.0,2,0,ATTAATGATAACACACCTGT,2,3301681
relBp,3.0,2,0,ATTAATGAATTGAGAGATTG,2,3307444
relBp,3.0,2,0,ATTAACATCCCCTTGGGATG,2,3266337
relBp,3.0,2,0,ATGTTGGGACTACGCCCGTA,2,3294256
relBp,3.0,2,0,ATGGTGTAGAGTTATGATTA,2,3279247
relBp,3.0,2,0,ATGGCCACGACCTGAATTCC,2,3264825
relBp,3.0,2,0,ATGCTGTTTCGTGATTACTC,2,3287965
relBp,3.0,2,0,ATGCAGCATCAGGGCTGCGG,2,3270742
relBp,3.0,2,0,ATGATCGCTCCAATTTACAA,2,3278524
relBp,3.0,2,0,ATCTACGATCTCCCGGTCAA,2,3302144
relBp,3.0,2,0,ATCTAATACTGCGAATGACG,2,3273236
relBp,3.0,2,0,ATCTAAGCTGGGTTAGCGCT,2,3281209
relBp,3.0,2,0,ATCGGGTGAGCTGGGACAGC,2,3297883
relBp,3.0,2,0,ATCCTGAGACCCAATTAGTT,2,3291247
relBp,3.0,2,0,ATCCGGGTCCATTAAAGAAG,2,3301822
relBp,3.0,2,0,ATCATTACTCGGCCGCAGAT,2,3256535
relBp,3.0,2,0,ATCATGCGGCACGATGAAGC,2,3264276
relBp,3.0,2,0,ATCAGTAGGTTCTCATTACA,2,3275382
relBp,3.0,2,0,ATATGGATACAACTCAGCGA,2,3290571
relBp,3.0,2,0,ATATGACCTCGAGCAGCCCT,2,3278345
relBp,3.0,2,0,ATATGACATGCATCCGGTAT,2,3291202
relBp,3.0,2,0,ATATCTGTCCGCAGTTTCCA,2,3278404
relBp,3.0,2,0,ATATATTGCGTCTTTTCCTC,2,3302020
relBp,3.0,2,0,ATATAGCTAGCTGTTGTACT,2,3272867
relBp,3.0,2,0,ATATACTGATTGCTGGGCAT,2,3260908
relBp,3.0,2,0,ATAGTTATAACAGCTCCTCC,2,3298250
relBp,3.0,2,0,ATAGCGCTACGATCTGTCGG,2,3282566
relBp,3.0,2,0,ATACTTAACAGATTAATTAT,2,3271858
relBp,3.0,2,0,ATACTCCAGTTCGACGAATT,2,3286256
relBp,3.0,2,0,ATACGTCGTGGGTGGTACGT,2,3273155
relBp,3.0,2,0,ATACCTGATATACTTTGGCC,2,3301855
relBp,3.0,2,0,ATAACCATTACTAGGCTACA,2,3302971
relBp,3.0,2,0,AGTTTGTGTCCCGTCACCGC,2,3271783
relBp,3.0,2,0,AGTTCGGCGGTAAGTCGTTC,2,3263104
relBp,3.0,2,0,AGTGTAGACTTATTCAGGAC,2,3266894
relBp,3.0,2,0,AGTGGGTTCTCTGCTGGTAA,2,3291685
relBp,3.0,2,0,AGTGGCAGGGAATTGCGTAT,2,3304868
relBp,3.0,2,0,AGTGCGGACGGTTTGGGCTG,2,3306873
relBp,3.0,2,0,AGTGCGCGGAACGCCTTAAA,2,3263557
relBp,3.0,2,0,AGTGCATTGTCTGTCATCAA,2,3300272
relBp,3.0,2,0,AGTGCAGCTCCACCATGACC,2,3261655
relBp,3.0,2,0,AGTCTGGCAATCTTTACGAA,2,3286730
relBp,3.0,2,0,AGTCGGTAGTATCTAGCTCT,2,3303731
relBp,3.0,2,0,AGTCATGCTTCCTAAAGAAT,2,3292310
relBp,3.0,2,0,AGTATGAACTGAACTGCTTA,2,3269375
relBp,3.0,2,0,AGTAGTAACGAAGTCTTATC,2,3275576
relBp,3.0,2,0,AGTACTTGGGGCTTAACGAA,2,3299352
relBp,3.0,2,0,AGTACCCCTGTGACTAATGC,2,3299130
relBp,3.0,2,0,AGTAACCATTATGCACCCAT,2,3302742
relBp,3.0,2,0,AGTAAAGGGGGTGCGTCCCT,2,3295553
relBp,3.0,2,0,AGGTTCGGGTCAGGTAAGGC,2,3295992
relBp,3.0,2,0,AGGGTGACAGTCCTAGGAGG,2,3287276
relBp,3.0,2,0,AGGGGACGATGTGTGTCACG,2,3258160
relBp,3.0,2,0,AGGGCGGAAGTTCCGCGTGT,2,3295592
relBp,3.0,2,0,AGGGCCGTGTGCCCTCGGCC,2,3304439
relBp,3.0,2,0,AGGGAATTATGAGTTATCAT,2,3263561
relBp,3.0,2,0,AGGGAACTTCTATAACGCGC,2,3274820
relBp,3.0,2,0,AGGCTAACTTCGCTCGACCG,2,3290565
relBp,3.0,2,0,AGGCGCAAGTCCATAGTGTT,2,3281615
relBp,3.0,2,0,AGGAGGTTGCCGTTTCCCCT,2,3277627
relBp,3.0,2,0,AGGAAGACTTGGGTGTTCGC,2,3283403
relBp,3.0,2,0,AGGAACAATGTTTCGCGTGT,2,3286500
relBp,3.0,2,0,AGCTTTTGACCGCTTTTTAG,2,3269541
relBp,3.0,2,0,AGCTTCTGCACATCGTAGGT,2,3307524
relBp,3.0,2,0,AGCCTTCGGGTGATACGCTT,2,3282062
relBp,3.0,2,0,AGCCGGGGTAACTATCCTAA,2,3278245
relBp,3.0,2,0,AGCATTCCACGCGCGTAGCA,2,3305893
relBp,3.0,2,0,AGCATCTGATGACTGTTGTT,2,3308254
relBp,3.0,2,0,AGCATAATGCGTGATGGCAA,2,3279563
relBp,3.0,2,0,AGCAATGCAGTACTGCCTTA,2,3278418
relBp,3.0,2,0,AGATTATGTAGTTCTACAGC,2,3259603
relBp,3.0,2,0,AGATGAGCACCGCCTACAGC,2,3279723
relBp,3.0,2,0,AGATATATAGCCACCAGCGA,2,3271246
relBp,3.0,2,0,AGAGCTACGCGGGTGCAGCT,2,3264888
relBp,3.0,2,0,AGAGCCTGAGGGTCTCGACG,2,3293801
relBp,3.0,2,0,AGAGATGTTCTTGTTGGCGA,2,3307280
relBp,3.0,2,0,AGACCTGCCCGCCACCGGAG,2,3293705
relBp,3.0,2,0,AGACCGAGAGTCCTGCAAGG,2,3299993
relBp,3.0,2,0,AGACCAATGCGGCATTCGTT,2,3266253
relBp,3.0,2,0,AGACACCTGAGACCGTCTCA,2,3256955
relBp,3.0,2,0,AGAATAGAATATCTAAGCGA,2,3279310
relBp,3.0,2,0,AGAACTTGGGCCAGGCCGGT,2,3282878
relBp,3.0,2,0,AGAACTTCGTGATAACCCGT,2,3265441
relBp,3.0,2,0,AGAACGCACAGGCCACCCGA,2,3272199
relBp,3.0,2,0,ACTTCCCGGAACTGTAGCAA,2,3286993
relBp,3.0,2,0,ACTGTCGTTAACCAACTCCT,2,3270014
relBp,3.0,2,0,ACTGTCAAGTCCCGGTGCAT,2,3295764
relBp,3.0,2,0,ACTGTATGTAAACTTCTCTA,2,3268868
relBp,3.0,2,0,ACTGGGAGCATTGCGTCGGG,2,3303936
relBp,3.0,2,0,ACTGGCCTGGTTCACGCCCG,2,3295124
relBp,3.0,2,0,ACTGAGGCCTTGAGACTCTG,2,3281672
relBp,3.0,2,0,ACTCCCCCTGCTCGCGGGTC,2,3283597
relBp,3.0,2,0,ACTCATGGGCTACTTTAAGC,2,3282744
relBp,3.0,2,0,ACGTGAGTACCGAATTCTAC,2,3256303
relBp,3.0,2,0,ACGTCTGCAGAAGCAGGCAA,2,3265901
relBp,3.0,2,0,ACGTCACCTCCCCCGGTCTG,2,3260382
relBp,3.0,2,0,ACGGGGTTGGCAAAGACGCT,2,3264537
relBp,3.0,2,0,ACGGCTTATGCTTCTCCGCC,2,3286689
relBp,3.0,2,0,ACGGCCGAAGCGTGTAATGG,2,3308716
relBp,3.0,2,0,ACGGAATTCGTTAGGGTGTT,2,3256516
relBp,3.0,2,0,ACGCTTGTAGGCACAGAGTA,2,3290303
relBp,3.0,2,0,ACGCTATACGCTGGTTGCAC,2,3291466
relBp,3.0,2,0,ACGCACATTTGATGGAGCTC,2,3306097
relBp,3.0,2,0,ACGATGCCGGTCCCCCCTTA,2,3267171
relBp,3.0,2,0,ACGAGTTACCAGCCGCACTT,2,3300323
relBp,3.0,2,0,ACGACTCTCGTATATTCTGA,2,3273652
relBp,3.0,2,0,ACCTTTCAAACCTCATCTCG,2,3287971
relBp,3.0,2,0,ACCTTTAAAAACGATAACCT,2,3267603
relBp,3.0,2,0,ACCTTCTGGATACGAATCAA,2,3261656
relBp,3.0,2,0,ACCTGTACTTGGCACAGTTG,2,3269549
relBp,3.0,2,0,ACCTGCAGATGGAGTGCCTT,2,3257099
relBp,3.0,2,0,ACCTCAGGGAGTGTCGGCAG,2,3275518
relBp,3.0,2,0,ACCTAGTCTCCTCTGCCCAT,2,3269912
relBp,3.0,2,0,ACCGTGGCTCGATTGCCGGT,2,3300815
relBp,3.0,2,0,ACCGGTTAAAGTTCTTAATC,2,3267199
relBp,3.0,2,0,ACCGGTACTATGTAGCAGGT,2,3265749
relBp,3.0,2,0,ACCGGGATCTTTAGTGAAGT,2,3303018
relBp,3.0,2,0,ACCCTTCGCGAACCCCAGTA,2,3257945
relBp,3.0,2,0,ACCCGGTCTTCTCAAGTATG,2,3260485
relBp,3.0,2,0,ACCCAGAGCGAAACGGAAGA,2,3299489
relBp,3.0,2,0,ACCCAATATGCTGACGGATC,2,3282255
relBp,3.0,2,0,ACCAGCGATTATTATTATCT,2,3302002
relBp,3.0,2,0,ACCAGACAGGTCGGATCGGC,2,3269169
relBp,3.0,2,0,ACATTAAATACTCCGGGCAA,2,3305985
relBp,3.0,2,0,ACATGAAGCCCAGTAGTGCT,2,3284471
relBp,3.0,2,0,ACATCTTACAAGTGTGATTC,2,3300544
relBp,3.0,2,0,ACATAGGCCTCAGACAACAA,2,3279872
relBp,3.0,2,0,ACAGCTCATTGCCGCCGGAT,2,3304882
relBp,3.0,2,0,ACAGCGTCCTTCCCCATGGA,2,3278570
relBp,3.0,2,0,ACAGATGCGGAGCGATGAAA,2,3288814
relBp,3.0,2,0,ACACTCAGCTTGATCGGCGT,2,3302153
relBp,3.0,2,0,ACACGAGCCCTACCACGAGC,2,3282833
relBp,3.0,2,0,ACACATGACTACTTCCCGGA,2,3293608
relBp,3.0,2,0,ACACAGTCTACTGGTAAGTT,2,3275295
relBp,3.0,2,0,ACAAGTTTACTCGGTGCATT,2,3284094
relBp,3.0,2,0,AATTGTGTCAATACGTAGTA,2,3287591
relBp,3.0,2,0,AATTCGGGGTTAAGAACGCA,2,3287517
relBp,3.0,2,0,AATTCGCGTGTAGTATGAAT,2,3295619
relBp,3.0,2,0,AATGTCGAGTACGGTCGGCA,2,3299324
relBp,3.0,2,0,AATGGGAGAAAGATCATAGG,2,3274757
relBp,3.0,2,0,AATGGATACTCCTTCATTTG,2,3257542
relBp,3.0,2,0,AATGCCCTTACGGGTTGGCC,2,3306999
relBp,3.0,2,0,AATCTGGCCCCCCGAGCGAT,2,3275968
relBp,3.0,2,0,AATCTGCTCTCTGTGTAGGG,2,3291196
relBp,3.0,2,0,AATCGCTTCAGAACACGTTA,2,3297835
relBp,3.0,2,0,AATATCCCATTTCGATCCAA,2,3269079
relBp,3.0,2,0,AATAATCCTCATGTGGGGCG,2,3277544
relBp,3.0,2,0,AAGTGGTAGAAAATGCGGCC,2,3287797
relBp,3.0,2,0,AAGTCGTGTTTCACGAGCTT,2,3308018
relBp,3.0,2,0,AAGGTTCATCGGCTGAGCTT,2,3300466
relBp,3.0,2,0,AAGGTCTATTCAGTCTTTTA,2,3299670
relBp,3.0,2,0,AAGCGACCAATTGGCATGGA,2,3286632
relBp,3.0,2,0,AAGCCAGCGTACATTCGCCT,2,3280274
relBp,3.0,2,0,AAGCATCGGGGCAATTAGTA,2,3304089
relBp,3.0,2,0,AAGATGGTAGAGATCGTTAC,2,3290081
relBp,3.0,2,0,AAGAGAGTCGGGGGCGGAAG,2,3306948
relBp,3.0,2,0,AACTTTTACGATTTCAGAGT,2,3290351
relBp,3.0,2,0,AACTTGTGTTCCACCCTGCC,2,3300245
relBp,3.0,2,0,AACTCTCCACCCACGCATGT,2,3292444
relBp,3.0,2,0,AACTCGTACCGCATTCACGA,2,3269232
relBp,3.0,2,0,AACTCCTAACTAATACCACC,2,3262768
relBp,3.0,2,0,AACTCCATGACTCACGTTAC,2,3292997
relBp,3.0,2,0,AACTCAGTTCCCTGCCATAT,2,3263643
relBp,3.0,2,0,AACTCACTCGAAAACAATAC,2,3290000
relBp,3.0,2,0,AACTATTCCTGATCTGGGTC,2,3274340
relBp,3.0,2,0,AACTACGGTAAAGACCCCGC,2,3294354
relBp,3.0,2,0,AACGGAGTCATGTCATGACC,2,3303630
relBp,3.0,2,0,AACGCTTCCATCATCACTAT,2,3275981
relBp,3.0,2,0,AACGCCTTTGCATCAGAAAT,2,3274807
relBp,3.0,2,0,AACCGGAAGGCCATCGAACT,2,3267700
relBp,3.0,2,0,AACCACTACGGCTAATGGCA,2,3277982
relBp,3.0,2,0,AACATGTCATTGCAACTTAA,2,3279277
relBp,3.0,2,0,AACAGGGAGGTACCATTTAA,2,3306158
relBp,3.0,2,0,AAATTTGACCGAACCGTTTA,2,3264301
relBp,3.0,2,0,AAATTTAAGGACTCCCGCGA,2,3295356
relBp,3.0,2,0,AAATTCTGAAACCGTCTTCA,2,3259562
relBp,3.0,2,0,AAATTCATTTTTATTTATTT,2,3306588
relBp,3.0,2,0,AAATCGAAGTAGCCTACGTA,2,3273712
relBp,3.0,2,0,AAATAAGTGACGAGTGTGAC,2,3303063
relBp,3.0,2,0,AAAGACAAGCTAGGGGATCA,2,3297870
relBp,3.0,2,0,AAACTCCAATTAAAATTTCG,2,3291937
relBp,3.0,2,0,AAACTAACGCTGCCTAAATT,2,3291604
relBp,3.0,2,0,AAACATTCGAGTCAACCTGA,2,3283487
relBp,3.0,2,0,AAAAGTCAGGTGACATCGAG,2,3288166
relBp,2.0,1,0,TTTTCTGCGCATCGATCGAT,1,3270581
relBp,2.0,1,0,TTTTCGCATGCCATGTACTT,1,3258591
relBp,2.0,1,0,TTTTCATAACGACCAGTGTT,1,3293552
relBp,2.0,1,0,TTTTCAACACGCAGTTACGT,1,3269344
relBp,2.0,1,0,TTTTACGAGGACTGCCGTGC,1,3285875
relBp,2.0,1,0,TTTGCTACTGACCCGCCCTA,1,3290636
relBp,2.0,1,0,TTTGCGTCGGCATCCTTAAG,1,3282664
relBp,2.0,1,0,TTTGAACTAGCCGCTAGCGG,1,3294518
relBp,2.0,1,0,TTTCTTCGGCTGTGCGACCA,1,3303425
relBp,2.0,1,0,TTTCTGTCCTTCAGGGCATT,1,3276144
relBp,2.0,1,0,TTTCTCTCTTGAAGCCCGTA,1,3257241
relBp,2.0,1,0,TTTCGTGATCCTGTTGAAAC,1,3282077
relBp,2.0,1,0,TTTCCTGGGAAACAATCAGG,1,3307092
relBp,2.0,1,0,TTTCCTGATCGTGTTTGTGC,1,3303443
relBp,2.0,1,0,TTTCCGTACGCCTTATGAAA,1,3259172
relBp,2.0,1,0,TTTCCGGGCGGGACTGGGTA,1,3306173
relBp,2.0,1,0,TTTCCGAATCGCTCTCGAGT,1,3299690
relBp,2.0,1,0,TTTCATTAAACTTTGGGTTA,1,3280832
relBp,2.0,1,0,TTTCAGTTCACCCTTCAGAA,1,3262430
relBp,2.0,1,0,TTTCACGAAGTAGACGTCTT,1,3268500
relBp,2.0,1,0,TTTAGTTTAGAAGGGCCGCC,1,3304581
relBp,2.0,1,0,TTTAGAGAGTGCATCGCTAA,1,3276745
relBp,2.0,1,0,TTGTTGATAAACGTAGGACG,1,3288075
relBp,2.0,1,0,TTGTTCTGTTTCTCCGACTG,1,3276267
relBp,2.0,1,0,TTGTGCTCATTTTGAAAAGT,1,3281126
relBp,2.0,1,0,TTGTGAGATGTGAGAAGTGT,1,3270455
relBp,2.0,1,0,TTGTCTTGTCCTTCGATTGG,1,3299600
relBp,2.0,1,0,TTGTCGAATCTATATGAGAT,1,3270312
relBp,2.0,1,0,TTGTCCTATGGAACAGGGTT,1,3276397
relBp,2.0,1,0,TTGTCAGAGGTGAAAAGCGT,1,3263939
relBp,2.0,1,0,TTGTCACGACCAGATAGCGG,1,3285084
relBp,2.0,1,0,TTGGTCGTCTCGTGTCCTTA,1,3275380
relBp,2.0,1,0,TTGGTCGGTTCGGACGGAGG,1,3299132
relBp,2.0,1,0,TTGGGGCAATCCGCATCTGA,1,3308642
relBp,2.0,1,0,TTGGGACGCTTCGCGGAGGG,1,3301966
relBp,2.0,1,0,TTGGCGGGCAAATAGCCGTT,1,3293761
relBp,2.0,1,0,TTGGATTCGCTTTGCAAGTC,1,3301164
relBp,2.0,1,0,TTGGAGTGACCATGCGTTCA,1,3304027
relBp,2.0,1,0,TTGGACAGGAGCACATCACG,1,3298853
relBp,2.0,1,0,TTGGAATCGCTAGGGAGGAC,1,3296393
relBp,2.0,1,0,TTGGAAAGCGCATCGGGAGG,1,3299596
relBp,2.0,1,0,TTGCTGCGCAGCACTGAGGA,1,3274555
relBp,2.0,1,0,TTGCTCCCCTGGGTGGTATC,1,3264310
relBp,2.0,1,0,TTGCGCATGGCAGTAGAGTC,1,3267881
relBp,2.0,1,0,TTGCGAGGGAGGCACGATCA,1,3288047
relBp,2.0,1,0,TTGCCCCCAACGTCTCAAAC,1,3291822
relBp,2.0,1,0,TTGCCAAATCACCGGTTTGG,1,3285304
relBp,2.0,1,0,TTGCATAATTTTCATTTTGT,1,3296987
relBp,2.0,1,0,TTGATAAGCGAGTTAGTACA,1,3260137
relBp,2.0,1,0,TTGAGGTGCGAATTCGGATT,1,3299720
relBp,2.0,1,0,TTGACCACTCTTAATCTGGT,1,3291267
relBp,2.0,1,0,TTGAATTTAAGGTGAAGTGG,1,3295593
relBp,2.0,1,0,TTGAAGGCTTCATCACACGA,1,3266203
relBp,2.0,1,0,TTGAAACTGGTAGCGTTCAG,1,3279671
relBp,2.0,1,0,TTGAAAATCCCATTTGAGTC,1,3259316
relBp,2.0,1,0,TTCTTTGGCAGTAGCAGATC,1,3302972
relBp,2.0,1,0,TTCTTGCGTTTCGAAAGTGC,1,3292279
relBp,2.0,1,0,TTCTTGATCTGCGGCGCTTT,1,3301798
relBp,2.0,1,0,TTCTGCTTTCTTTCTCCAAA,1,3289362
relBp,2.0,1,0,TTCTCCATGTGCATACACAT,1,3281256
relBp,2.0,1,0,TTCGTTGAAATCGGCAGATC,1,3280905
relBp,2.0,1,0,TTCGTGTGGTATCATAACTT,1,3268050
relBp,2.0,1,0,TTCGGTCTGCGAAAGATATT,1,3264621
relBp,2.0,1,0,TTCGGTATGGAGGTTCAGGA,1,3297886
relBp,2.0,1,0,TTCGGGTGGGCACGGCAGTC,1,3266074
relBp,2.0,1,0,TTCGGGAACGCCTCGGTACG,1,3262317
relBp,2.0,1,0,TTCGGAGCACAGATACGAGG,1,3305522
relBp,2.0,1,0,TTCGCCTTCCGGGGTGGCCA,1,3300024
relBp,2.0,1,0,TTCGCAGTGTCGTCCGCTAC,1,3264169
relBp,2.0,1,0,TTCGAAGGAAAACATCAATA,1,3272245
relBp,2.0,1,0,TTCCTGCCTCCTTGAAATTA,1,3267531
relBp,2.0,1,0,TTCCGCCAATAGTTAACGCT,1,3260992
relBp,2.0,1,0,TTCCCTGACGACCCGTTAAA,1,3295996
relBp,2.0,1,0,TTCCCCTCTACCTGAAGTCG,1,3272794
relBp,2.0,1,0,TTCATTCATATCTGGCACCT,1,3286545
relBp,2.0,1,0,TTCATGGTGAAGCTGGACTG,1,3285828
relBp,2.0,1,0,TTCAGTGTAAGCTCGTGGCG,1,3280639
relBp,2.0,1,0,TTCAGCAACAACGACAATTA,1,3258451
relBp,2.0,1,0,TTCAAGGTTGCTCGGCCGAG,1,3273942
relBp,2.0,1,0,TTCAAAACTGACTTGCCGAG,1,3267916
relBp,2.0,1,0,TTATTCGGTAGCAACACACA,1,3263817
relBp,2.0,1,0,TTATGCTCATGCGCGTGATT,1,3298404
relBp,2.0,1,0,TTATCCAGGACCATTGTCAT,1,3280326
relBp,2.0,1,0,TTATCAGTTTATTCACGAGC,1,3292424
relBp,2.0,1,0,TTATATCTTACAGTGGGGCT,1,3304852
relBp,2.0,1,0,TTATACCAGCTCACCTATGC,1,3300358
relBp,2.0,1,0,TTAGTGGATAGTATGGGATA,1,3301433
relBp,2.0,1,0,TTAGTGCATGGTTTAAATTG,1,3303401
relBp,2.0,1,0,TTAGGTAGTGCTTGTACCAG,1,3300871
relBp,2.0,1,0,TTAGCGTCTTGCTAAAACTG,1,3267760
relBp,2.0,1,0,TTAGAGCTCTGCCATAATAG,1,3258896
relBp,2.0,1,0,TTACCTGACCCTAAGGTGTT,1,3293055
relBp,2.0,1,0,TTAATCAAAGCGGGCGATAC,1,3262426
relBp,2.0,1,0,TTAATAGTGCTTTTCGTGAT,1,3292972
relBp,2.0,1,0,TTAAGGCGTAGAAGACGGAA,1,3267517
relBp,2.0,1,0,TTAAGCCGTTCTGTATTTAG,1,3291996
relBp,2.0,1,0,TTAACTCGGGGGATAACCAT,1,3276058
relBp,2.0,1,0,TTAACACGCTGACTGAACAC,1,3273177
relBp,2.0,1,0,TGTTTAGCTACTGCCATCTC,1,3280277
relBp,2.0,1,0,TGTTGTGTGGGCGAATGCTG,1,3270397
relBp,2.0,1,0,TGTTGCCCTCCTTTCGCTTT,1,3269712
relBp,2.0,1,0,TGTTGCAAGCAATGGGACCA,1,3295485
relBp,2.0,1,0,TGTTCTACAGTTCAAACGTG,1,3263928
relBp,2.0,1,0,TGTTCGTTCACCGGTTATAA,1,3271553
relBp,2.0,1,0,TGTTCCAGCAGCGAATCCAC,1,3275695
relBp,2.0,1,0,TGTGTTAGCGTTAACAACGC,1,3303732
relBp,2.0,1,0,TGTGTCTAGAAGGACACCAT,1,3269684
relBp,2.0,1,0,TGTGTCAGTGCCCCCCGACA,1,3257980
relBp,2.0,1,0,TGTGGTTTTCCTGCCCGGGT,1,3284711
relBp,2.0,1,0,TGTGCCTGGAGTGTGAAGGC,1,3297278
relBp,2.0,1,0,TGTGATCTGGTAGAAACTCG,1,3297891
relBp,2.0,1,0,TGTCTTCCTTACCGTTCTTA,1,3286010
relBp,2.0,1,0,TGTCTCACCGCAACTTTCTA,1,3276847
relBp,2.0,1,0,TGTCGCTACGGGTCCCACAC,1,3297387
relBp,2.0,1,0,TGTCATGTATCTGATAAGGG,1,3256084
relBp,2.0,1,0,TGTCAGGGGGGATATATGTA,1,3267145
relBp,2.0,1,0,TGTCAACTCGGGACATTCAT,1,3270659
relBp,2.0,1,0,TGTAAACCGTACAAAAGAAG,1,3282615
relBp,2.0,1,0,TGGTTGGGAATCACGCGGAT,1,3271549
relBp,2.0,1,0,TGGTGTTCACGGATTTTACA,1,3257337
relBp,2.0,1,0,TGGTGGCGGCCCTTAACTTT,1,3278636
relBp,2.0,1,0,TGGTGGAAGGCCTGAGGGCA,1,3294837
relBp,2.0,1,0,TGGTGCGTCCTTCTGCACAC,1,3288587
relBp,2.0,1,0,TGGTCCATGGAGTAAGTGGG,1,3281421
relBp,2.0,1,0,TGGTATGGTTTTCCGTCACA,1,3289418
relBp,2.0,1,0,TGGGTGGTGGGGGAACAGCC,1,3285387
relBp,2.0,1,0,TGGGTGATCGAAGGGTCAAT,1,3284764
relBp,2.0,1,0,TGGGTAGCGGCAGTGTTATA,1,3273941
relBp,2.0,1,0,TGGGGTGTCTTATATGCCTC,1,3302857
relBp,2.0,1,0,TGGGGGCAACTGTTCTGCCG,1,3285868
relBp,2.0,1,0,TGGGGCTGATGCCGTTAATG,1,3276839
relBp,2.0,1,0,TGGGGATCATTCTTTGAAGA,1,3266796
relBp,2.0,1,0,TGGGGATATGGACCGCACTT,1,3302192
relBp,2.0,1,0,TGGGGAGATGAATTTGCACC,1,3265340
relBp,2.0,1,0,TGGGGAGAAACCGACCGTTC,1,3281813
relBp,2.0,1,0,TGGGCTTCGAAGCCTTGAAC,1,3277316
relBp,2.0,1,0,TGGGCGGACTGGCGCTGGCA,1,3272219
relBp,2.0,1,0,TGGGCGAGTATCCGTTCGCG,1,3289865
relBp,2.0,1,0,TGGGATTGGTTATTCAGAGC,1,3300408
relBp,2.0,1,0,TGGGATAACGGGAAGTCGAG,1,3293269
relBp,2.0,1,0,TGGGAGAGCGAGCGGAACCA,1,3303625
relBp,2.0,1,0,TGGGACGCTTGGTTCTTGTG,1,3281625
relBp,2.0,1,0,TGGGACAAGTGCCAAGCAGT,1,3290970
relBp,2.0,1,0,TGGGAATGTTTCAAAAAGTT,1,3283197
relBp,2.0,1,0,TGGGAAGATTCTAGTGAGGT,1,3272207
relBp,2.0,1,0,TGGCTTGTCAAGGAGCGAGA,1,3288606
relBp,2.0,1,0,TGGCGAAGGGAGTCGTAAGT,1,3294507
relBp,2.0,1,0,TGGCCTTCTGGTTTCTGCAG,1,3295194
relBp,2.0,1,0,TGGCCGCCAGTTCCTTCAGG,1,3285333
relBp,2.0,1,0,TGGCCAGATGGGACAGTGGC,1,3302529
relBp,2.0,1,0,TGGCATCTGACGTACAAGTT,1,3280982
relBp,2.0,1,0,TGGATCGGGTTGACCTACGC,1,3268118
relBp,2.0,1,0,TGGATATTCATGCCGTAAAC,1,3284217
relBp,2.0,1,0,TGGAATTAAGTAAATGTAAC,1,3304082
relBp,2.0,1,0,TGGAATGCACGTACTTGGAA,1,3305261
relBp,2.0,1,0,TGGAAAGTGTCGCCTTACGT,1,3305345
relBp,2.0,1,0,TGCTTTCAAGAGAGCGCCAA,1,3280128
relBp,2.0,1,0,TGCTTCAGTCATGAGCGACT,1,3284343
relBp,2.0,1,0,TGCTCAAGTTATCTGGTAAT,1,3265214
relBp,2.0,1,0,TGCTACAGATTTTTCGAATC,1,3282716
relBp,2.0,1,0,TGCTAACGCAATACCACGTT,1,3259054
relBp,2.0,1,0,TGCTAAACATAGCATGTTGG,1,3258541
relBp,2.0,1,0,TGCGTTCGCATTTGACGTAA,1,3289143
relBp,2.0,1,0,TGCGTGTGGCCCTCGAGTCA,1,3300411
relBp,2.0,1,0,TGCGGCCATTTCTGATAAGG,1,3304238
relBp,2.0,1,0,TGCGGCAGGTAAGTGAGAGG,1,3260882
relBp,2.0,1,0,TGCGGCACACTGTACCGGAT,1,3259266
relBp,2.0,1,0,TGCGCTACGAGGATGAGTCT,1,3265155
relBp,2.0,1,0,TGCGCGGATATCAATGAGGC,1,3271949
relBp,2.0,1,0,TGCGAGAGCGGTGATTGTTC,1,3299889
relBp,2.0,1,0,TGCCTCCCGGCCTTAAGTCC,1,3257328
relBp,2.0,1,0,TGCCGTACTACCTTGTCAGG,1,3284409
relBp,2.0,1,0,TGCCGACAAACATGACGCTT,1,3294567
relBp,2.0,1,0,TGCCAGCTCACCAGATAGAT,1,3286234
relBp,2.0,1,0,TGCCAGCGCGTACGAGAACG,1,3266405
relBp,2.0,1,0,TGCCAGATTTGAATGGAGAC,1,3276328
relBp,2.0,1,0,TGCATTCCCCGTGTACCCTG,1,3282607
relBp,2.0,1,0,TGCATGGTCGAAGATAACGT,1,3256073
relBp,2.0,1,0,TGCAGCTATTGCTTGGTGAA,1,3303652
relBp,2.0,1,0,TGCAGACTTTCAAGTGTATA,1,3273781
relBp,2.0,1,0,TGCACTATAGGATCCTGGCT,1,3302653
relBp,2.0,1,0,TGCAATCGTCGAATCCCGTT,1,3295077
relBp,2.0,1,0,TGCAATCATAGCCCCTTGAT,1,3259328
relBp,2.0,1,0,TGCAATAAATTCCGCTGAGA,1,3259984
relBp,2.0,1,0,TGCAAATAGTTCGCAAGTGA,1,3302043
relBp,2.0,1,0,TGATTTTCGGCCTACTATCG,1,3261475
relBp,2.0,1,0,TGATTCTCCAACTGTAATTC,1,3268576
relBp,2.0,1,0,TGATTCAGTTCGTGACCCAG,1,3257934
relBp,2.0,1,0,TGATTATCCTGAGGCCGGAT,1,3305788
relBp,2.0,1,0,TGATCTGATACGCCAGGAGT,1,3257385
relBp,2.0,1,0,TGATAAGCTTAATTCGTGTG,1,3276735
relBp,2.0,1,0,TGAGTTGAGCTTTCTATCGG,1,3281810
relBp,2.0,1,0,TGAGTGCTTCGAAACAAGGG,1,3257042
relBp,2.0,1,0,TGAGGTGGTCGCCCGAATCT,1,3306151
relBp,2.0,1,0,TGAGGCCGCAAAAATCTACA,1,3274673
relBp,2.0,1,0,TGAGCGACGTCTGGACCTCC,1,3273445
relBp,2.0,1,0,TGAGCAGCTGGCACTCCACA,1,3287920
relBp,2.0,1,0,TGAGAGGCTGCGCGCTAAAC,1,3292616
relBp,2.0,1,0,TGAGAAGCCAGCCATCGGTG,1,3280888
relBp,2.0,1,0,TGACGGCTTCTTGTTACCAA,1,3291337
relBp,2.0,1,0,TGACGCGCTTGATATTCATT,1,3304744
relBp,2.0,1,0,TGACGAAATCCTGACAAGAG,1,3256653
relBp,2.0,1,0,TGACCGGTCTCAAATGGATT,1,3267528
relBp,2.0,1,0,TGACAAAGCTAAGATTAGCT,1,3284023
relBp,2.0,1,0,TGAATTTGGTAGCGACAATA,1,3299677
relBp,2.0,1,0,TGAATCATGGAACAAGCGGA,1,3277218
relBp,2.0,1,0,TGAAGTGCTCACGTGTAAGT,1,3294716
relBp,2.0,1,0,TGAAGGAGGGCTAGCCGTCA,1,3259059
relBp,2.0,1,0,TGAAAGTGAATTTCGTGTAG,1,3282210
relBp,2.0,1,0,TGAAACTCGCAGGCGCATGT,1,3259085
relBp,2.0,1,0,TGAAACCGGCGTTAGTGGGT,1,3283372
relBp,2.0,1,0,TGAAAATTCCCTACTCCAAT,1,3262479
relBp,2.0,1,0,TCTTGACAATCGCAGCGCTA,1,3270774
relBp,2.0,1,0,TCTTCTACTGTTCGGGCGAA,1,3285270
relBp,2.0,1,0,TCTTCTACTCGGTGTAGTCG,1,3260251
relBp,2.0,1,0,TCTTCAGGTTCGATGTCGTT,1,3306262
relBp,2.0,1,0,TCTTAAGCTTGGTTGTTGTA,1,3297778
relBp,2.0,1,0,TCTGTGCAGCGGAGCCCCTA,1,3296336
relBp,2.0,1,0,TCTGCTGAAGTACCGTTTCT,1,3305208
relBp,2.0,1,0,TCTGCGGTACTCTTCAGCTG,1,3302122
relBp,2.0,1,0,TCTGCCGGTGGTCTAGCGAT,1,3256866
relBp,2.0,1,0,TCTGCCACAGTATTGTTGTT,1,3299973
relBp,2.0,1,0,TCTCTCGGCGACTGACTTGT,1,3283819
relBp,2.0,1,0,TCTCGGCCTCAGCTTCGGTT,1,3297396
relBp,2.0,1,0,TCTCGCCGGCCCCAGTGACA,1,3278987
relBp,2.0,1,0,TCTCCAACAGCGGACCAGCG,1,3289193
relBp,2.0,1,0,TCTCATTGTAGAAAGGAATG,1,3296725
relBp,2.0,1,0,TCTCACTAATAGTGGCTTTC,1,3298597
relBp,2.0,1,0,TCTCAATGAATTCAGAAACG,1,3288196
relBp,2.0,1,0,TCTCAAGCATATAAGGACCT,1,3308424
relBp,2.0,1,0,TCTATACCCGAGCAACCTAA,1,3304574
relBp,2.0,1,0,TCTAGTGGCGAAACATGAGG,1,3288586
relBp,2.0,1,0,TCTACCCTAAGCGGGTCAAG,1,3265263
relBp,2.0,1,0,TCTAAACCGGTTCCAGAGAT,1,3288903
relBp,2.0,1,0,TCGTTTAACATGATAGGCTC,1,3290874
relBp,2.0,1,0,TCGTGCGGTATCTGGTCTAT,1,3293217
relBp,2.0,1,0,TCGTGAAACACGAAAGTCAG,1,3267189
relBp,2.0,1,0,TCGTCGGTGAAGTGGCTGAG,1,3301139
relBp,2.0,1,0,TCGTCCGCTCCACGAGTAAC,1,3278188
relBp,2.0,1,0,TCGTATTCCTTCAATTTGCA,1,3270697
relBp,2.0,1,0,TCGTATACCCATGTTTACGC,1,3301936
relBp,2.0,1,0,TCGGTTTCATGCAGGCACGT,1,3273547
relBp,2.0,1,0,TCGGTTCAGAATCTTGTCGT,1,3296158
relBp,2.0,1,0,TCGGTGTGGGCAATACCTTA,1,3296489
relBp,2.0,1,0,TCGGTGACATTTGGTCAACA,1,3301245
relBp,2.0,1,0,TCGGTGAAAGCGTGTAGCCA,1,3289259
relBp,2.0,1,0,TCGGTCCCTGTCGGAGACTG,1,3271349
relBp,2.0,1,0,TCGGGTTAGCGTTTTCGCTT,1,3301390
relBp,2.0,1,0,TCGGGGCAAGGGACATCCTA,1,3295503
relBp,2.0,1,0,TCGGGCGCTCTATACGAACG,1,3274622
relBp,2.0,1,0,TCGGGCATCTGACTCTGTAG,1,3267898
relBp,2.0,1,0,TCGGGAAGTGGGCCCTCCTA,1,3256412
relBp,2.0,1,0,TCGGCTTGTAATAAGTGGGG,1,3308701
relBp,2.0,1,0,TCGGCCCAGTGTCTAAGTGT,1,3270354
relBp,2.0,1,0,TCGGATGTATTCCTTCAGTA,1,3265095
relBp,2.0,1,0,TCGGATCAAAGCGTGATCTT,1,3257658
relBp,2.0,1,0,TCGCTTTGGGGGGAGGCGGT,1,3268963
relBp,2.0,1,0,TCGCTGTCCCAGATCCGCGT,1,3305503
relBp,2.0,1,0,TCGCTCGGATAGCGTAGCGT,1,3287840
relBp,2.0,1,0,TCGCGGCACAGGCTAACGAC,1,3297245
relBp,2.0,1,0,TCGCGAAAAAGGTGGGATTA,1,3267647
relBp,2.0,1,0,TCGCCAAGCCCGTTTGTTAT,1,3281118
relBp,2.0,1,0,TCGATTTGGGGGGTAAGACT,1,3283433
relBp,2.0,1,0,TCGATGTGGTTAATTCACTA,1,3298618
relBp,2.0,1,0,TCGATAGATAAGCGCTGTGG,1,3272351
relBp,2.0,1,0,TCGAAGTATCCGTCGGACTG,1,3288990
relBp,2.0,1,0,TCCTCCTCAAGTGGTTAAAG,1,3277183
relBp,2.0,1,0,TCCTAGCAAGTAAATGATCT,1,3298810
relBp,2.0,1,0,TCCTACGGTTCCGTCCGGGG,1,3266454
relBp,2.0,1,0,TCCGTCATGGGAATGACGAT,1,3258642
relBp,2.0,1,0,TCCGGCTAGCCGACATGCCC,1,3272161
relBp,2.0,1,0,TCCGGCACGATGACAGATAC,1,3287133
relBp,2.0,1,0,TCCGGATCTTGGGAATATAT,1,3305399
relBp,2.0,1,0,TCCCTTCAGATGGCAACCGA,1,3290506
relBp,2.0,1,0,TCCCTTATTGGGTATGGCAT,1,3273909
relBp,2.0,1,0,TCCCCTATCTAGCTATCTTT,1,3303666
relBp,2.0,1,0,TCCCCGTATCCGGAATTTGT,1,3288544
relBp,2.0,1,0,TCCCCCTCAAGGACAGGAAT,1,3266850
relBp,2.0,1,0,TCCCCCAGGAGACAAGGGAA,1,3259741
relBp,2.0,1,0,TCCCAGTGAAACTGCCAGAA,1,3289346
relBp,2.0,1,0,TCCATGTGGAGGGCGATCCG,1,3285825
relBp,2.0,1,0,TCCATGCGTGGGTGCAAGAT,1,3287957
relBp,2.0,1,0,TCCATGCCATGGTGTAACTT,1,3274931
relBp,2.0,1,0,TCCAGTTTAACCGATTCATC,1,3289412
relBp,2.0,1,0,TCCAGCAAGTTGATTCTACG,1,3296804
relBp,2.0,1,0,TCCACTTTTGTATTCGCTCA,1,3282828
relBp,2.0,1,0,TCCAAGCACGTTAGGGCACT,1,3306579
relBp,2.0,1,0,TCCAACTTCTCAGAATCCGA,1,3302335
relBp,2.0,1,0,TCATTGTGTAGAATCAAGAG,1,3263014
relBp,2.0,1,0,TCATTCATGAAGGCCATGGT,1,3283796
relBp,2.0,1,0,TCATGTAATCAGCGTCCTGG,1,3265735
relBp,2.0,1,0,TCATCGTGAATCGCTCAGGT,1,3282273
relBp,2.0,1,0,TCATCAATTTAAGTTGACAA,1,3272340
relBp,2.0,1,0,TCAGTTTGCCCGCTGGGCGC,1,3299954
relBp,2.0,1,0,TCAGTTCAGATTAGGTGATG,1,3290063
relBp,2.0,1,0,TCAGTCGTAAAGTGATCGAC,1,3298803
relBp,2.0,1,0,TCAGTCGGAAGCATAGCTTA,1,3296446
relBp,2.0,1,0,TCAGGTGTGCCCGGTTTTTA,1,3270413
relBp,2.0,1,0,TCAGGGTTGGCCGATTGATC,1,3296267
relBp,2.0,1,0,TCAGCGATCTCGACTGGTTT,1,3284459
relBp,2.0,1,0,TCAGCGAAACGTTTGTGTTT,1,3304013
relBp,2.0,1,0,TCAGCCCGTATAGGGCCGTT,1,3262223
relBp,2.0,1,0,TCAGATCCCTTATTCATAAG,1,3294464
relBp,2.0,1,0,TCAGATATATGGGACCAGGA,1,3296920
relBp,2.0,1,0,TCACTTAGCTTCTCAACCGA,1,3305097
relBp,2.0,1,0,TCACTCCGAAGTCTTCCTAA,1,3302656
relBp,2.0,1,0,TCACGGTTCCAGTTACGATG,1,3308677
relBp,2.0,1,0,TCACGATAAGCCTCAGGAAT,1,3256699
relBp,2.0,1,0,TCACCCTATGAGGCATGCAG,1,3264949
relBp,2.0,1,0,TCACAGACCTCCTAGGGATA,1,3264138
relBp,2.0,1,0,TCACACTTCTTAGTTTCACA,1,3274367
relBp,2.0,1,0,TCACAAAGCGACAGACCCTC,1,3263575
relBp,2.0,1,0,TCAATGTAAACATCTCGCGT,1,3261299
relBp,2.0,1,0,TCAATCCACCAATGCAGAAA,1,3287481
relBp,2.0,1,0,TCAAGAAAACGTCGTGGGCT,1,3298505
relBp,2.0,1,0,TCAACTAAGGGTTGCACCTG,1,3270496
relBp,2.0,1,0,TCAACCTAGTACGCGCGAAT,1,3267650
relBp,2.0,1,0,TCAAATTCTCCTCTTGAAGA,1,3292916
relBp,2.0,1,0,TCAAAGAGTATCCGCGATTC,1,3287110
relBp,2.0,1,0,TCAAACACGCGGCGCTCGCC,1,3284782
relBp,2.0,1,0,TATTTTAGGGTCCGGGTGCA,1,3282204
relBp,2.0,1,0,TATTTAAGTGAGTTCTCGAT,1,3258888
relBp,2.0,1,0,TATTGACGGAGGTCTCTCGA,1,3299388
relBp,2.0,1,0,TATTCATGTTGTGGCGCACA,1,3266442
relBp,2.0,1,0,TATTAATTCTCGGCGCGGTC,1,3270685
relBp,2.0,1,0,TATGTTTTTCCTTTCAGGTG,1,3299738
relBp,2.0,1,0,TATGTGTGGTTTATTCACAC,1,3281035
relBp,2.0,1,0,TATGTGTCGTCTGGTGTTAT,1,3277472
relBp,2.0,1,0,TATGGGCAAGTGGTGAGAGT,1,3307989
relBp,2.0,1,0,TATGCTTAGATGAGGCTTTA,1,3257736
relBp,2.0,1,0,TATGCCTGTCGCTACACCAC,1,3297662
relBp,2.0,1,0,TATGATGGCAGGGGTGACGA,1,3308450
relBp,2.0,1,0,TATGATGAATGAATCTATGA,1,3302044
relBp,2.0,1,0,TATCTTTCGAACACACTAAA,1,3281220
relBp,2.0,1,0,TATCTCCCCGCACGCGGACA,1,3256110
relBp,2.0,1,0,TATCCTAAAGTGTTATTATG,1,3259712
relBp,2.0,1,0,TATCCAAGCGATGGTGCACA,1,3259843
relBp,2.0,1,0,TATAGCTGAACGACCCAGAT,1,3277546
relBp,2.0,1,0,TATAGCGACGTCCCAAGGCC,1,3270667
relBp,2.0,1,0,TATAGATCAGGCAGGGCGCT,1,3294753
relBp,2.0,1,0,TATAGACAGCCACGGTTGGA,1,3282153
relBp,2.0,1,0,TATACTTACGTAGTTGCCGG,1,3303061
relBp,2.0,1,0,TATACCGGGGATAGCGGGTT,1,3287524
relBp,2.0,1,0,TATAAGCCCGGAAGCGGTAT,1,3276364
relBp,2.0,1,0,TATAAACGGAGGTATAAGTG,1,3298461
relBp,2.0,1,0,TAGGTTCCGATTCGGTGTGT,1,3261993
relBp,2.0,1,0,TAGGTCCAGAGGCTTCACGT,1,3286992
relBp,2.0,1,0,TAGGGTCATTGCCGGGGATT,1,3274202
relBp,2.0,1,0,TAGGGGGAGAATTGTTTCTC,1,3290806
relBp,2.0,1,0,TAGGCTCTTGCAGTTATAGG,1,3288159
relBp,2.0,1,0,TAGGAACATAGTATGGACAA,1,3264837
relBp,2.0,1,0,TAGCTATTAGCTCTCGCACT,1,3289000
relBp,2.0,1,0,TAGCGTAACGCTCCGTGAGC,1,3293324
relBp,2.0,1,0,TAGCGGGACCAATTCGGCTT,1,3269247
relBp,2.0,1,0,TAGCGAGTATCTACAATCTG,1,3272870
relBp,2.0,1,0,TAGCCAGAGGGGGCGATGAA,1,3307858
relBp,2.0,1,0,TAGCATAGGGGTCTCCGCCG,1,3277327
relBp,2.0,1,0,TAGCACTAAGGCGTGAGTAA,1,3300853
relBp,2.0,1,0,TAGCACGGTTTTTACGTTGC,1,3268981
relBp,2.0,1,0,TAGATTTTAAAAGGTATTTT,1,3294463
relBp,2.0,1,0,TAGATGTTGGGAACTTTTTA,1,3262387
relBp,2.0,1,0,TAGATCAAGCCATCCATGGG,1,3261538
relBp,2.0,1,0,TAGATACGGGACCATCGAGG,1,3275885
relBp,2.0,1,0,TAGAGCTGCTCGTTAGCGAG,1,3305080
relBp,2.0,1,0,TAGAGCAAACGTTCCTAAGA,1,3300733
relBp,2.0,1,0,TAGACTGTTTGTGACTCCAT,1,3303620
relBp,2.0,1,0,TAGACCAATAACGCAAGGTA,1,3268386
relBp,2.0,1,0,TACTTGTGACATAGCGAAGT,1,3300599
relBp,2.0,1,0,TACTTGGGGTAGAATTACGT,1,3302305
relBp,2.0,1,0,TACTGTCTCACGGTAACTGA,1,3308816
relBp,2.0,1,0,TACTGGTGTAGTATGCCAAG,1,3300365
relBp,2.0,1,0,TACTGATGTAAACGGCAGGA,1,3303342
relBp,2.0,1,0,TACTCACCGCTAATGTAACG,1,3259161
relBp,2.0,1,0,TACTATGCGGCAAGGTGAAA,1,3282263
relBp,2.0,1,0,TACGTTTGAATGAACAGGAC,1,3293447
relBp,2.0,1,0,TACGTGTGTTAAATGACTTT,1,3274991
relBp,2.0,1,0,TACGGTTGTGCAGAAGAGCA,1,3280095
relBp,2.0,1,0,TACGGCCATGCACTCCTAAC,1,3283086
relBp,2.0,1,0,TACGCGCAAGCCAAAGCGTT,1,3286047
relBp,2.0,1,0,TACGCCCATACGTCGATCAT,1,3307378
relBp,2.0,1,0,TACCCGAAATGGCGCTAGTG,1,3288058
relBp,2.0,1,0,TACCCACTCGCTAGCGTCTT,1,3284876
relBp,2.0,1,0,TACCCAACCAACTTCAGAGT,1,3266914
relBp,2.0,1,0,TACCATTATTGCAGCATTAT,1,3268828
relBp,2.0,1,0,TACATCCTTAAGCCGGCGGG,1,3261765
relBp,2.0,1,0,TACAGGCTACGGCCCTGCGA,1,3269301
relBp,2.0,1,0,TACAGCAAATTACATGACGC,1,3257815
relBp,2.0,1,0,TACAAGTGCGATTTACGTAG,1,3276566
relBp,2.0,1,0,TAATTGCCTGATTGGGGTAA,1,3291455
relBp,2.0,1,0,TAATTCTAGGTTGTCTGCGA,1,3307827
relBp,2.0,1,0,TAATTCAGGGCTAATTGGGC,1,3262023
relBp,2.0,1,0,TAATGGTCAGTCACTCGGGT,1,3289411
relBp,2.0,1,0,TAATGACTCTGTGAGCTTAT,1,3291794
relBp,2.0,1,0,TAATCCTGATTCGACCCGAT,1,3305003
relBp,2.0,1,0,TAATCACGTGGAGCGGGGCA,1,3292858
relBp,2.0,1,0,TAATCAACGGAAATTACGCG,1,3302333
relBp,2.0,1,0,TAATACTTAAGCGACCGTTG,1,3303849
relBp,2.0,1,0,TAAGTTACTCCGTCTTTTTA,1,3282919
relBp,2.0,1,0,TAAGTCTAGTAGTCCTAGGT,1,3300392
relBp,2.0,1,0,TAAGTAATGATAGTCCGAGT,1,3277154
relBp,2.0,1,0,TAACTTGCACCCTCTTGGTG,1,3274152
relBp,2.0,1,0,TAACCGGATACAATCTGTAC,1,3259529
relBp,2.0,1,0,TAAATGCTCATTCAACTAAT,1,3280941
relBp,2.0,1,0,TAAATGCCACCCTTTCGAGG,1,3293465
relBp,2.0,1,0,TAAATGAGAACAGGTTCCTG,1,3263681
relBp,2.0,1,0,TAAAGAGCTTGCGGTGTCTA,1,3304521
relBp,2.0,1,0,TAAACGACAGCAAGGCCAGA,1,3273231
relBp,2.0,1,0,TAAACAAACCCGACTCTTAC,1,3283885
relBp,2.0,1,0,GTTTTTTTTCACGTCATCTC,1,3302536
relBp,2.0,1,0,GTTTTTGGTGTCGGACACGT,1,3299948
relBp,2.0,1,0,GTTTTTATCAGACTTGTGGC,1,3272601
relBp,2.0,1,0,GTTTTACATCAAAGGAGTGC,1,3282604
relBp,2.0,1,0,GTTTTACAAGATCACTGGGT,1,3293001
relBp,2.0,1,0,GTTTGGCTACTAATGAATTC,1,3282269
relBp,2.0,1,0,GTTTGGAATCCTGGACATTC,1,3296634
relBp,2.0,1,0,GTTTCCGCGGAGTCATCCTC,1,3276850
relBp,2.0,1,0,GTTTATGTTCAAGCAGACAT,1,3257128
relBp,2.0,1,0,GTTTAGTGGCAACAAGGTCG,1,3304562
relBp,2.0,1,0,GTTTACCTCCCGAGGCTGAG,1,3279996
relBp,2.0,1,0,GTTGTAGATGGATTAATTAC,1,3260049
relBp,2.0,1,0,GTTGGATGGTTAGTATGTTG,1,3299264
relBp,2.0,1,0,GTTGAGGCTCGCGAATGTCC,1,3276270
relBp,2.0,1,0,GTTCTTCCTAACTAATGCAA,1,3292625
relBp,2.0,1,0,GTTCTGCAAATTACTAAGTT,1,3292782
relBp,2.0,1,0,GTTCTCATGAATCGTTGCGT,1,3307171
relBp,2.0,1,0,GTTCTCAGAAAATCAGTGGT,1,3264446
relBp,2.0,1,0,GTTCGTGTCTATTCGTTCTC,1,3292831
relBp,2.0,1,0,GTTCGTAACTCGGCTCTAGC,1,3298627
relBp,2.0,1,0,GTTCCTTGCTCTCATCAGTG,1,3257977
relBp,2.0,1,0,GTTCATTCTATTGTGTCCAA,1,3278729
relBp,2.0,1,0,GTTCATAATCGGACACATGG,1,3284275
relBp,2.0,1,0,GTTATTTTGGCGCCCCCTTG,1,3274782
relBp,2.0,1,0,GTTATTTCGTCGCGTCGCCA,1,3300598
relBp,2.0,1,0,GTTATGCGAATGCTGTATCA,1,3274027
relBp,2.0,1,0,GTTATATTTTCCTATTGACT,1,3274676
relBp,2.0,1,0,GTTACTGGCTACGGGCTCAC,1,3290871
relBp,2.0,1,0,GTTACCCGAGGGTGGATGGT,1,3281551
relBp,2.0,1,0,GTTACAAGGCCCCGACAACC,1,3260791
relBp,2.0,1,0,GTTAACTTTGGAATGTCCCT,1,3301076
relBp,2.0,1,0,GTGTCTCTCATTTAGTGGTG,1,3260683
relBp,2.0,1,0,GTGTCATTCTTGTTTATGCC,1,3294148
relBp,2.0,1,0,GTGTCAATGGAATCAAACTT,1,3276990
relBp,2.0,1,0,GTGTATGGCTTTCGCCGTGA,1,3284022
relBp,2.0,1,0,GTGTAAGCTTGTCGTACGGC,1,3273564
relBp,2.0,1,0,GTGGGGTCACCCAAGTAAAG,1,3306989
relBp,2.0,1,0,GTGGGGAGCACGGAAGGAAT,1,3284801
relBp,2.0,1,0,GTGGCTGCGGTGAACTGTAG,1,3293476
relBp,2.0,1,0,GTGGCCTACTAATGGAATGC,1,3286783
relBp,2.0,1,0,GTGGCACAGACGTACGGCGT,1,3262350
relBp,2.0,1,0,GTGGAGTTTAGGTGTACCAC,1,3287119
relBp,2.0,1,0,GTGGACAATGCGAGAGGGAG,1,3299219
relBp,2.0,1,0,GTGCTGTGAACCTCAAGCCA,1,3274467
relBp,2.0,1,0,GTGCTGGGACAGAAGTGGGT,1,3262424
relBp,2.0,1,0,GTGCTCCATCAACACACGGA,1,3271151
relBp,2.0,1,0,GTGCTATTGACCACGGGAGG,1,3280716
relBp,2.0,1,0,GTGCGGCGAGACGGTTATAA,1,3307618
relBp,2.0,1,0,GTGCGCCCAACCTTTTTGAT,1,3264032
relBp,2.0,1,0,GTGCCGTCAATTATGGCGCT,1,3263497
relBp,2.0,1,0,GTGCCGGGAGTAAGTCCTTC,1,3301900
relBp,2.0,1,0,GTGCCAGGGTCTTACAAGTA,1,3260741
relBp,2.0,1,0,GTGCATGCATTGGGGATGTC,1,3260558
relBp,2.0,1,0,GTGATTTCGTCACCTACAGT,1,3280735
relBp,2.0,1,0,GTGATGATAACGCCTACGTG,1,3287052
relBp,2.0,1,0,GTGAGTCTGATACAGTACCC,1,3287250
relBp,2.0,1,0,GTGAGACATCGCGACGCGAT,1,3266963
relBp,2.0,1,0,GTGACGATATATGGCATCCC,1,3278162
relBp,2.0,1,0,GTCTTTCCGGAAGCCATCCC,1,3285411
relBp,2.0,1,0,GTCTGCTGGAATAATATATG,1,3261484
relBp,2.0,1,0,GTCTGATTGATTGTCCGAAA,1,3267101
relBp,2.0,1,0,GTCTGATGTAGTGAGTATCC,1,3277509
relBp,2.0,1,0,GTCTGAGCAGCTAAGGCCGA,1,3265166
relBp,2.0,1,0,GTCTCAAAGTGACTCAAGCG,1,3300394
relBp,2.0,1,0,GTCTAGTCGCCTTGGGAGGA,1,3260959
relBp,2.0,1,0,GTCTACTAGCGCCTCTATAG,1,3276531
relBp,2.0,1,0,GTCTAATTTGTCCAGTAGCA,1,3280863
relBp,2.0,1,0,GTCGTATGCAATTATGCGCG,1,3278726
relBp,2.0,1,0,GTCGTATAATGTAAATATGC,1,3259972
relBp,2.0,1,0,GTCGTACTATTATCTAGGAC,1,3288989
relBp,2.0,1,0,GTCGGTAATCGAATCTCCTC,1,3294742
relBp,2.0,1,0,GTCGCGGCAAGATTTCTTGT,1,3288843
relBp,2.0,1,0,GTCCTTGGAGACTAAATAAA,1,3304876
relBp,2.0,1,0,GTCCTGTGCCGCAATTTATA,1,3256949
relBp,2.0,1,0,GTCCGGCCCGAGATGTGGAA,1,3270803
relBp,2.0,1,0,GTCCGGCAAAAGGAGCCCTG,1,3307314
relBp,2.0,1,0,GTCCGACATGGTTGTGTTTT,1,3275258
relBp,2.0,1,0,GTCATTGCCGCATCTTATGT,1,3279425
relBp,2.0,1,0,GTCATGTTATGAAAGGCAAG,1,3278664
relBp,2.0,1,0,GTCATGCTCACATGTGAAGT,1,3288812
relBp,2.0,1,0,GTCATAATGCCGCGGTTTAT,1,3286301
relBp,2.0,1,0,GTCATAATAGGCTCTTCTAA,1,3273934
relBp,2.0,1,0,GTCAGGACCTCATATTGCGA,1,3275882
relBp,2.0,1,0,GTCAGAATGCGATTGGTTCA,1,3284718
relBp,2.0,1,0,GTCACGGGTCGGTACCTGAC,1,3270327
relBp,2.0,1,0,GTCACGGCTCCTAGTGCGAT,1,3272761
relBp,2.0,1,0,GTCAAGGATGTAATATCCAT,1,3293648
relBp,2.0,1,0,GTCAAACGCGACGGCGCAAT,1,3278686
relBp,2.0,1,0,GTATTTTCTGCGCTGATTCA,1,3296194
relBp,2.0,1,0,GTATTTCTCGACGGGCGGCA,1,3282569
relBp,2.0,1,0,GTATGGACGGAAATATTGAT,1,3304175
relBp,2.0,1,0,GTATGAGGCGCCTCCGTCAT,1,3303082
relBp,2.0,1,0,GTATCTTCAAGCCACTTGGT,1,3270994
relBp,2.0,1,0,GTATCGCGGCACATGGACTG,1,3276053
relBp,2.0,1,0,GTATCCCTCGCGGCCTGCAA,1,3288484
relBp,2.0,1,0,GTATCACGCAGGCGGCCGGC,1,3270628
relBp,2.0,1,0,GTATAAGCACATTCGCAGCA,1,3291716
relBp,2.0,1,0,GTATAACCCAGAAACAAACT,1,3280126
relBp,2.0,1,0,GTAGTGATTTTAGGCTACTT,1,3268914
relBp,2.0,1,0,GTAGGAACATTCATAAAGCA,1,3292093
relBp,2.0,1,0,GTAGCATGCCACATCACTTA,1,3308739
relBp,2.0,1,0,GTACTTGCTCGGAGATTGCA,1,3303623
relBp,2.0,1,0,GTACTACCATGTGCTCGTAA,1,3287897
relBp,2.0,1,0,GTACCTTTATCAACTGCAGT,1,3293367
relBp,2.0,1,0,GTACCCTACTTTATGGCGTA,1,3277981
relBp,2.0,1,0,GTACACGTATTCTTTTTATT,1,3268869
relBp,2.0,1,0,GTACAATTACGGGGACTCGG,1,3305387
relBp,2.0,1,0,GTAATTCCATCCGCGACGAG,1,3281555
relBp,2.0,1,0,GTAACACGTTCGCGAAGGAT,1,3307685
relBp,2.0,1,0,GGTTTTGTTACGCAGACGAC,1,3260313
relBp,2.0,1,0,GGTTTTAGCCCGGCGTCCGA,1,3306597
relBp,2.0,1,0,GGTTTGCTGTGCGGTCAACA,1,3280729
relBp,2.0,1,0,GGTTTGCAATACACTACGCA,1,3301291
relBp,2.0,1,0,GGTTTCTCCGCATCCAAGAC,1,3287653
relBp,2.0,1,0,GGTTTAGATTAAGGGTTACC,1,3270080
relBp,2.0,1,0,GGTTGCCTCCACACATCCAA,1,3272479
relBp,2.0,1,0,GGTTCTGGCTGAATGACCAA,1,3260556
relBp,2.0,1,0,GGTTCGGGCAGGTGAACCCT,1,3295957
relBp,2.0,1,0,GGTTCGCGAACCGTTTCTTT,1,3281591
relBp,2.0,1,0,GGTTCAAGACGCAATTAGCA,1,3288710
relBp,2.0,1,0,GGTTATCCCCGCTGATCCGT,1,3303551
relBp,2.0,1,0,GGTTAGGATCAGTACGCCTT,1,3268881
relBp,2.0,1,0,GGTTAGAAGAAGAGTCTCGT,1,3259613
relBp,2.0,1,0,GGTGTTGCTGGCCCTGAACA,1,3261537
relBp,2.0,1,0,GGTGTTGAAGTGTCGGAATG,1,3278230
relBp,2.0,1,0,GGTGTGTCGCCAGAGGTCTA,1,3260684
relBp,2.0,1,0,GGTGTGGACTCAGACCTTTT,1,3286084
relBp,2.0,1,0,GGTGTCCACTCAACACACAT,1,3285327
relBp,2.0,1,0,GGTGGAACACATCGTGACAC,1,3258805
relBp,2.0,1,0,GGTGCCTGCGCCTTCATTGA,1,3282218
relBp,2.0,1,0,GGTGCCATCTGACAGCTCTG,1,3258774
relBp,2.0,1,0,GGTGCACCGCATTCACAGAA,1,3302612
relBp,2.0,1,0,GGTGATCGCTATCTGAGCGT,1,3259125
relBp,2.0,1,0,GGTGAGGGAAAGTTTGATGT,1,3265438
relBp,2.0,1,0,GGTCTGCCACCTTGTGCGGG,1,3305381
relBp,2.0,1,0,GGTCTCTGAGGACGTCCTGA,1,3305638
relBp,2.0,1,0,GGTCGAACATCTAGGAAACA,1,3300156
relBp,2.0,1,0,GGTCCTTACAGCAAACTACA,1,3301001
relBp,2.0,1,0,GGTCCGGCAAGAACACCGAT,1,3301263
relBp,2.0,1,0,GGTCCGGAAAGCTCTGCTAC,1,3272450
relBp,2.0,1,0,GGTCAAACCGGTGTTTCTAC,1,3303062
relBp,2.0,1,0,GGTATCGGACTATAGCTGTC,1,3284029
relBp,2.0,1,0,GGTATCAAGTTTTCAAGACG,1,3292501
relBp,2.0,1,0,GGTAGTAGAAGGTCCCAGAC,1,3257218
relBp,2.0,1,0,GGTAGGATCTCCATTGGTGC,1,3306958
relBp,2.0,1,0,GGTAATAGCGTGGTAATCGG,1,3279784
relBp,2.0,1,0,GGTAAGTTCGAGATAGGAAT,1,3286886
relBp,2.0,1,0,GGTAAAAATCCAACACCGGA,1,3303084
relBp,2.0,1,0,GGGTTTCGAAGTCCATCTCT,1,3308152
relBp,2.0,1,0,GGGTTTATTCTGTCGTTTAG,1,3307379
relBp,2.0,1,0,GGGTTGCGTTTTACGCTCGT,1,3297417
relBp,2.0,1,0,GGGTGTGCCTTAGGCGATTG,1,3296633
relBp,2.0,1,0,GGGTCGGGCCTCATTCAATT,1,3270005
relBp,2.0,1,0,GGGTCGAACACTCATCCGTA,1,3261058
relBp,2.0,1,0,GGGTCATCTCTTTTTACATT,1,3280399
relBp,2.0,1,0,GGGTCAGGTAGCAATCTATG,1,3300429
relBp,2.0,1,0,GGGTAGCCTGATGGTTTGAT,1,3278495
relBp,2.0,1,0,GGGTACTGAGGTGTATATCT,1,3298162
relBp,2.0,1,0,GGGGTTCATGGCATGTTATC,1,3276934
relBp,2.0,1,0,GGGGTTAGTAGTCGTTAATT,1,3308666
relBp,2.0,1,0,GGGGTATGCCATGAACCAAC,1,3287658
relBp,2.0,1,0,GGGGTAACGGTGTTACGCCA,1,3273313
relBp,2.0,1,0,GGGGGTCGCCAATGGAATGT,1,3300243
relBp,2.0,1,0,GGGGGTCACTATTCATCAGT,1,3287618
relBp,2.0,1,0,GGGGGGGTGGTTACGGTCCG,1,3306876
relBp,2.0,1,0,GGGGCCTCTATCGTAAAGAT,1,3294384
relBp,2.0,1,0,GGGGCAGGAGTACATAACGC,1,3263820
relBp,2.0,1,0,GGGGACAAATTCTTGGACAT,1,3302843
relBp,2.0,1,0,GGGGACAAAGAGCGCTTGGC,1,3299840
relBp,2.0,1,0,GGGCTATTCTGGCTCATTTA,1,3264807
relBp,2.0,1,0,GGGCGTATGAACCAGCTAAC,1,3267136
relBp,2.0,1,0,GGGCGCTCCATTGTGCAGGG,1,3300191
relBp,2.0,1,0,GGGCCGGATTCCGCCGGGGG,1,3291459
relBp,2.0,1,0,GGGCATCCAGTGATTGTGGA,1,3307593
relBp,2.0,1,0,GGGCACCGGAGTTTTAGGCA,1,3257085
relBp,2.0,1,0,GGGCAATCTGCCATTTCGGT,1,3306322
relBp,2.0,1,0,GGGATGGACACTTTTCTCGT,1,3273971
relBp,2.0,1,0,GGGAGTGGAGGCATTTCCAA,1,3295506
relBp,2.0,1,0,GGGAGCGAATTGCGTAATAA,1,3258312
relBp,2.0,1,0,GGGACGCCCCCTGCACAATC,1,3257436
relBp,2.0,1,0,GGGACCGTATTTTACCTCCT,1,3277554
relBp,2.0,1,0,GGGAATGTTCTGGTGTGACG,1,3280355
relBp,2.0,1,0,GGCTTTATTTGTTGGCTATC,1,3272913
relBp,2.0,1,0,GGCTTGTGAGCGACTTCCAT,1,3300737
relBp,2.0,1,0,GGCTTGCATTAGCAGGTTTG,1,3297849
relBp,2.0,1,0,GGCTGATCGCCTGCTTAGAT,1,3301853
relBp,2.0,1,0,GGCTCCTCACCTCCTCATTG,1,3289679
relBp,2.0,1,0,GGCTACCATAAGGATAGTTG,1,3273246
relBp,2.0,1,0,GGCGTCTGTCGAAGACTGCT,1,3284769
relBp,2.0,1,0,GGCGTCAGTCATAAAGGGAT,1,3284765
relBp,2.0,1,0,GGCGGATTGCGGTAGTTCGT,1,3267976
relBp,2.0,1,0,GGCGGAAGAATTCCCACGGA,1,3270893
relBp,2.0,1,0,GGCGCCCCTGGTATTAGAGT,1,3258495
relBp,2.0,1,0,GGCGAGTTGGGCCGCGGGTC,1,3261156
relBp,2.0,1,0,GGCGAGCCTGTATTTTAGCT,1,3266527
relBp,2.0,1,0,GGCGAACGTTTGGTGGAACT,1,3268783
relBp,2.0,1,0,GGCCTGTGGGCACGCAGGAT,1,3283698
relBp,2.0,1,0,GGCCTCACGGCCGAACGGCG,1,3294969
relBp,2.0,1,0,GGCCGCGCTCCGGATCGTAA,1,3279063
relBp,2.0,1,0,GGCCCGGGTAGTACCGTTCT,1,3258036
relBp,2.0,1,0,GGCCAGTATACTTCAGATTG,1,3271178
relBp,2.0,1,0,GGCCACACCTATGCCACGGG,1,3281088
relBp,2.0,1,0,GGCATCTCTAGTGCTCTTTC,1,3267316
relBp,2.0,1,0,GGCATCCTGGGATAGCAAGC,1,3301785
relBp,2.0,1,0,GGCAGTATCTAAATGTAATG,1,3275190
relBp,2.0,1,0,GGCACTGCGAGGGGAATAGA,1,3281185
relBp,2.0,1,0,GGCACCTGGTCCTACAATGT,1,3282756
relBp,2.0,1,0,GGCAATTCATCGGTATGGAA,1,3262699
relBp,2.0,1,0,GGCAAAAGAACTGTGGTCTG,1,3273312
relBp,2.0,1,0,GGATTTACGAGGCGCTGGAG,1,3291199
relBp,2.0,1,0,GGATACATGACCAGTGACTT,1,3263941
relBp,2.0,1,0,GGATAATTGCCCAGGTTGCA,1,3295792
relBp,2.0,1,0,GGATAATTAGATAGGAGTCA,1,3294031
relBp,2.0,1,0,GGAGTTAGTATGGTGCCGAC,1,3268786
relBp,2.0,1,0,GGAGTAGTCTGTAGTTCGCT,1,3260920
relBp,2.0,1,0,GGAGTACGTTGCTACCCCAG,1,3305570
relBp,2.0,1,0,GGAGTAACACTTAGGTGATT,1,3297535
relBp,2.0,1,0,GGAGGAAAATCGGGCGCGGA,1,3292428
relBp,2.0,1,0,GGAGCGTATAATTAAGTTCA,1,3296726
relBp,2.0,1,0,GGAGCCTGTAGCACGAGCTT,1,3291248
relBp,2.0,1,0,GGAGCCACTATGAAAGACCT,1,3272667
relBp,2.0,1,0,GGAGATTCACACACATAGAA,1,3293046
relBp,2.0,1,0,GGAGAAAACGGGAAAATATA,1,3294224
relBp,2.0,1,0,GGACTTTCTTGTGAGTATCA,1,3281485
relBp,2.0,1,0,GGACTATTTTATTTTAGGTT,1,3290683
relBp,2.0,1,0,GGACGCCGTTACGTCACACT,1,3298620
relBp,2.0,1,0,GGACGAGGGTCACGGATTCT,1,3308360
relBp,2.0,1,0,GGACCTAATAGGACACTACA,1,3262313
relBp,2.0,1,0,GGACATTTAAGTCTGGCTCC,1,3265042
relBp,2.0,1,0,GGACATTATTACTTTATGAC,1,3295929
relBp,2.0,1,0,GGACAACTTTGTCCGCTATG,1,3283946
relBp,2.0,1,0,GGACAACATTATAGGGTGAT,1,3291300
relBp,2.0,1,0,GGAATTACAGCCCATCAGTG,1,3295620
relBp,2.0,1,0,GGAATCCCACAAAAATGGCA,1,3289042
relBp,2.0,1,0,GGAACGCTCGTTTTACACGG,1,3267239
relBp,2.0,1,0,GGAACAACAATCTACCTCCC,1,3302903
relBp,2.0,1,0,GCTTTGGTTGTAATTGATAT,1,3282830
relBp,2.0,1,0,GCTTTGCTTGCGGCAACCAC,1,3278259
relBp,2.0,1,0,GCTTGTATAGGTTAACTGCT,1,3301860
relBp,2.0,1,0,GCTTGCCACAACCCGAAACA,1,3281438
relBp,2.0,1,0,GCTTCGAATTCAGAAATGGG,1,3295745
relBp,2.0,1,0,GCTTCCTTGTGTTAGATTAT,1,3264803
relBp,2.0,1,0,GCTTACTCCCCTCCGAGTAA,1,3305051
relBp,2.0,1,0,GCTTAAAAATGCTGCATTTA,1,3294736
relBp,2.0,1,0,GCTGGTTATAAACAACATTA,1,3302507
relBp,2.0,1,0,GCTGGGGAACTGATAAATGC,1,3281319
relBp,2.0,1,0,GCTGCGTCGGGATAGAGGAC,1,3280239
relBp,2.0,1,0,GCTGATTGGAGTAGCTCCGA,1,3272641
relBp,2.0,1,0,GCTGACGCTGTGCGCGTGAT,1,3282686
relBp,2.0,1,0,GCTCTCCAGCTGGCGGTTGA,1,3289150
relBp,2.0,1,0,GCTCTACTATTTTTGCTCAG,1,3275857
relBp,2.0,1,0,GCTCTAACGAGAGGGAAGTG,1,3259986
relBp,2.0,1,0,GCTCGGGGATTTACGCGTGT,1,3290984
relBp,2.0,1,0,GCTCGCGGATCCCCTATGCA,1,3288945
relBp,2.0,1,0,GCTCGACGCCATTGTCCCGA,1,3295355
relBp,2.0,1,0,GCTCATTGATTAACCGGGGT,1,3307448
relBp,2.0,1,0,GCTCAGCTCATTCCTGAAGT,1,3257986
relBp,2.0,1,0,GCTCAAGCGGCTTGGCTGCG,1,3307120
relBp,2.0,1,0,GCTATTATGGCTCACGATTA,1,3296861
relBp,2.0,1,0,GCTATCTATGATTGGCAGTG,1,3271778
relBp,2.0,1,0,GCTAGAATCGAATGCTTGCA,1,3274013
relBp,2.0,1,0,GCTACTCTAACGGACGCGTC,1,3260938
relBp,2.0,1,0,GCTACGCTTATTTCGGCGAG,1,3268421
relBp,2.0,1,0,GCTACGCTAGCGAAACCGTC,1,3289355
relBp,2.0,1,0,GCTAATGCTGGAGAGGCTGA,1,3293494
relBp,2.0,1,0,GCTAAGTGGGACCTATGCTC,1,3274339
relBp,2.0,1,0,GCTAAGAGTCGGTTTGTTAT,1,3302423
relBp,2.0,1,0,GCTAACCCTCATGAAAAAAC,1,3257630
relBp,2.0,1,0,GCGTTTAGGAACGTCGCTAG,1,3274563
relBp,2.0,1,0,GCGTTTACAGGCCTGTCAAG,1,3274729
relBp,2.0,1,0,GCGTTGGCGCATGACAAACT,1,3297392
relBp,2.0,1,0,GCGTCTTGTGTTTTCATCTG,1,3295354
relBp,2.0,1,0,GCGTCGAGTTTTCAACTCCA,1,3302736
relBp,2.0,1,0,GCGTCCTGACACACCTCTAT,1,3301866
relBp,2.0,1,0,GCGTCCGTACAGTGGCCTTA,1,3305429
relBp,2.0,1,0,GCGGTTAGCAAACTCTAGCC,1,3266947
relBp,2.0,1,0,GCGGCTTGATACTCGTAATC,1,3278608
relBp,2.0,1,0,GCGGACGGCATGGGTCGCAA,1,3306486
relBp,2.0,1,0,GCGCTCCGCTCCTAACTAAA,1,3285501
relBp,2.0,1,0,GCGCGTGAAGGTCTGGGACT,1,3262540
relBp,2.0,1,0,GCGCGTCGCGTGCGCCCTTT,1,3292247
relBp,2.0,1,0,GCGCGTATTCACGAAACCCA,1,3268746
relBp,2.0,1,0,GCGCATAGAGTTAAGGTCTC,1,3295324
relBp,2.0,1,0,GCGCAGCGTCCCTATGTTCA,1,3257540
relBp,2.0,1,0,GCGCACGCTTCACTTTGGAT,1,3295813
relBp,2.0,1,0,GCGCACATAACGTGATGTAC,1,3285102
relBp,2.0,1,0,GCGCAAGACTTTCACATCGA,1,3285159
relBp,2.0,1,0,GCGATGATGTCCCTCGGAAA,1,3262079
relBp,2.0,1,0,GCGATGACTGCATTGTTCGG,1,3263359
relBp,2.0,1,0,GCGATCATCCTACTCCCTTT,1,3294740
relBp,2.0,1,0,GCGAGGGCGAAGGGTACTAT,1,3286980
relBp,2.0,1,0,GCGAGAAGGTTTACTGGTCG,1,3305953
relBp,2.0,1,0,GCGACTAACTCAACATATTG,1,3295675
relBp,2.0,1,0,GCGAAACCGGAAGAAGGGTA,1,3267047
relBp,2.0,1,0,GCCTTGTATGTTCATTCGGA,1,3278228
relBp,2.0,1,0,GCCTTGGTCACCCCAGTTTT,1,3292052
relBp,2.0,1,0,GCCTTCTTTATTCTAATTTA,1,3279248
relBp,2.0,1,0,GCCTGGGTAGGGATCGATGC,1,3297310
relBp,2.0,1,0,GCCTGAGATCGTACAATTTC,1,3304878
relBp,2.0,1,0,GCCTCCAATGGTGGGGGAGC,1,3274241
relBp,2.0,1,0,GCCGTGTTTCACTTTAGAGA,1,3256363
relBp,2.0,1,0,GCCGTGACCCAGTTGCTTAC,1,3288151
relBp,2.0,1,0,GCCGGTGCGCACCCGAGCTG,1,3260656
relBp,2.0,1,0,GCCGGGAGGGAAGTGTCATA,1,3287216
relBp,2.0,1,0,GCCGGCAGCAGCGGCGATGT,1,3270706
relBp,2.0,1,0,GCCGCGTTGGGGGGGCTTTT,1,3288661
relBp,2.0,1,0,GCCGAGTATATAGGGTTTGC,1,3286660
relBp,2.0,1,0,GCCGACGGTACTTCTAAAGA,1,3260013
relBp,2.0,1,0,GCCCTTACTTAAGACGTGCC,1,3307776
relBp,2.0,1,0,GCCCTATGACTCGGATACGC,1,3256367
relBp,2.0,1,0,GCCCCCACGCGGTACGAAGC,1,3263283
relBp,2.0,1,0,GCCCATCTGGCATGTTCCTT,1,3262443
relBp,2.0,1,0,GCCCAACTACCTAAGGCCCA,1,3274430
relBp,2.0,1,0,GCCATAAGCTCGGTCGCTGT,1,3261035
relBp,2.0,1,0,GCCAGCCTGCTCAGCCGTCG,1,3293137
relBp,2.0,1,0,GCCAGATTAGCATTTTTCGT,1,3264800
relBp,2.0,1,0,GCCACTTAAGGTATTCGGAT,1,3298792
relBp,2.0,1,0,GCCACAACCCTGAGTTCAGA,1,3264513
relBp,2.0,1,0,GCCAAGGCCTATTGGGCTAA,1,3295820
relBp,2.0,1,0,GCCAAGAGACTACTGTGGGA,1,3269512
relBp,2.0,1,0,GCATTTGTCTATATCTACTC,1,3298474
relBp,2.0,1,0,GCATTGTGACCAAAGTCCAT,1,3293756
relBp,2.0,1,0,GCATATGGGGAAACCTATTG,1,3260973
relBp,2.0,1,0,GCATAGTAGCTCTACTCATG,1,3289968
relBp,2.0,1,0,GCAGTTCTTTCAGCCGAATA,1,3260014
relBp,2.0,1,0,GCAGTGAGTTTCCAACGGTG,1,3289384
relBp,2.0,1,0,GCAGGTACCGTCGGCTAGGG,1,3292901
relBp,2.0,1,0,GCAGGCTCTTAGGTCTTTAT,1,3291536
relBp,2.0,1,0,GCAGGCCACTTAGTCTTGAG,1,3290096
relBp,2.0,1,0,GCACTGTAGTGGCAAAGACG,1,3256891
relBp,2.0,1,0,GCACTCTAAAAGTCCTAGGA,1,3271944
relBp,2.0,1,0,GCACCGTAGGTGATCAACAA,1,3302110
relBp,2.0,1,0,GCAATTGACGGGGGTATTGC,1,3271558
relBp,2.0,1,0,GCAAGTGGGTAAAGGCCGAT,1,3300585
relBp,2.0,1,0,GCAAGTAGGCGACTGGCTGA,1,3264989
relBp,2.0,1,0,GATTTGCAAACCGAAATCAG,1,3263018
relBp,2.0,1,0,GATTTCCCGATTGTTCTACA,1,3299490
relBp,2.0,1,0,GATTGTGTTCTGCACTACAC,1,3307631
relBp,2.0,1,0,GATTGTGTGGAACGACAACG,1,3266519
relBp,2.0,1,0,GATTGGCGAGGTAGTGAAGC,1,3295462
relBp,2.0,1,0,GATTGATTTTACTGCTTGAA,1,3296536
relBp,2.0,1,0,GATTATGTCCTAGTTATTGT,1,3293443
relBp,2.0,1,0,GATTATCCTGTCATTATATA,1,3298199
relBp,2.0,1,0,GATTAGCGAGCATGGTCATT,1,3279051
relBp,2.0,1,0,GATGTGTCCAAGAGTCGGTT,1,3303475
relBp,2.0,1,0,GATGTGATTTGTACTAGGAT,1,3262696
relBp,2.0,1,0,GATGTCTTTTTACTAACCCT,1,3288446
relBp,2.0,1,0,GATGGTCAGGCCTCCCAGCT,1,3303390
relBp,2.0,1,0,GATGGGGTAGGATTATTCAC,1,3297268
relBp,2.0,1,0,GATGGCTAGTGATTGTCCGA,1,3265395
relBp,2.0,1,0,GATGGCCACACTCATTGGCA,1,3278715
relBp,2.0,1,0,GATGAGGTAAGGTCGAAATT,1,3270797
relBp,2.0,1,0,GATCTGAAGGGAACGCTCCT,1,3298714
relBp,2.0,1,0,GATCGCGGACACCTGCCTTA,1,3260645
relBp,2.0,1,0,GATCGATCTAGACGACGGTC,1,3293139
relBp,2.0,1,0,GATCGACTAAAGATGGGTAC,1,3266189
relBp,2.0,1,0,GATCCACAGGCTATTACTGT,1,3286263
relBp,2.0,1,0,GATATCAAGGCAAGCGGTGG,1,3280448
relBp,2.0,1,0,GATACTTTGTAATGTGGCCG,1,3293350
relBp,2.0,1,0,GATACTCGGTGTACTAAGGA,1,3273089
relBp,2.0,1,0,GATAACTCGAACTAGGTTAT,1,3297445
relBp,2.0,1,0,GATAAAGAGTAACAATTGTA,1,3280668
relBp,2.0,1,0,GAGTTTCGGTCGTACGAGTT,1,3307876
relBp,2.0,1,0,GAGTTGGTGACTTTGGTATG,1,3293586
relBp,2.0,1,0,GAGTGTGCCGAGGACACGCT,1,3301276
relBp,2.0,1,0,GAGTGGCTCAGCATCACAAT,1,3264142
relBp,2.0,1,0,GAGTCCCAGCATGCGCGTGT,1,3287361
relBp,2.0,1,0,GAGTATGGTAGGATTGATGA,1,3293181
relBp,2.0,1,0,GAGGTTTTTACCCCGGATTA,1,3300760
relBp,2.0,1,0,GAGGTTTCGTCCTGAGAGCT,1,3291946
relBp,2.0,1,0,GAGGTCTCGCTAGGCTCTGT,1,3261660
relBp,2.0,1,0,GAGGGCAGAGACATCCGGTC,1,3276358
relBp,2.0,1,0,GAGGCTCCGCTGACGCACGT,1,3300361
relBp,2.0,1,0,GAGGAGAGAGAAGTCCGATT,1,3275883
relBp,2.0,1,0,GAGGACGCGGTGGGCAGGTT,1,3269650
relBp,2.0,1,0,GAGGACCTAGTCTGGTTGCA,1,3271906
relBp,2.0,1,0,GAGCTGTTTCGACGCTCGAA,1,3267677
relBp,2.0,1,0,GAGCGACTATCGTCGCTTAA,1,3270901
relBp,2.0,1,0,GAGCCCGGCCACACACGCTA,1,3282242
relBp,2.0,1,0,GAGCCCCGGTCTCGGTGTTG,1,3298394
relBp,2.0,1,0,GAGCATGGGATGCTCAGTTG,1,3278499
relBp,2.0,1,0,GAGCATAGACCACATGTTCC,1,3298582
relBp,2.0,1,0,GAGCAAAGAAAGGCGGGGGG,1,3258537
relBp,2.0,1,0,GAGACGCATTGGCTTTTAAA,1,3273714
relBp,2.0,1,0,GAGACCTGCGTGGTATCGCG,1,3265612
relBp,2.0,1,0,GAGAATCGCCTTGTGTCATA,1,3296179
relBp,2.0,1,0,GAGAATCATGGATTCACTCT,1,3281475
relBp,2.0,1,0,GAGAATACGTGATTAACCAC,1,3303429
relBp,2.0,1,0,GAGAACGGGCTTAAACTGCT,1,3304300
relBp,2.0,1,0,GAGAACAGGATAAGGATATT,1,3290500
relBp,2.0,1,0,GACTTGTCCCTAGGACTCGA,1,3284372
relBp,2.0,1,0,GACTGGCTAATCAACGTCAT,1,3272697
relBp,2.0,1,0,GACGTGCCAGAAATAGTCTT,1,3259251
relBp,2.0,1,0,GACGGTCAGCTACTGGTCTC,1,3275268
relBp,2.0,1,0,GACCTATGTGGATTAGTCGT,1,3281909
relBp,2.0,1,0,GACCGATAAGGGGCCGTTAT,1,3271912
relBp,2.0,1,0,GACCCGGCGATGTGGGTCAC,1,3291104
relBp,2.0,1,0,GACCATTTAGTCCAGTGGTT,1,3261726
relBp,2.0,1,0,GACCATCCTTTGTATTCCGC,1,3271189
relBp,2.0,1,0,GACCAGCGAAACGTCTTCGC,1,3300089
relBp,2.0,1,0,GACAGTATGCCAGCGGGCCA,1,3256803
relBp,2.0,1,0,GACAGTAAAAATCCGCCAAC,1,3286132
relBp,2.0,1,0,GACAGATAAGCCGTGGCTAT,1,3259165
relBp,2.0,1,0,GACACTGGGCGCCCACGCCT,1,3296482
relBp,2.0,1,0,GAATGGTGATGATGGGTCGG,1,3307195
relBp,2.0,1,0,GAATGCAACTGTTAACCGCC,1,3259122
relBp,2.0,1,0,GAATATCTCAAATAATTGAC,1,3308100
relBp,2.0,1,0,GAATAGTCGCAAGGACGGGA,1,3273696
relBp,2.0,1,0,GAATAGGTGATCATTCTGAG,1,3280596
relBp,2.0,1,0,GAATAGCCCTCGTTGGTTGT,1,3281502
relBp,2.0,1,0,GAATAACTCCTCGCTGATCC,1,3260947
relBp,2.0,1,0,GAAGTTTTCGCTCAAACCAC,1,3297190
relBp,2.0,1,0,GAAGCGGAAAGCATTCCAAG,1,3283263
relBp,2.0,1,0,GAAGCGAGATACAATAGCCT,1,3261020
relBp,2.0,1,0,GAAGCCTCGTCACTCACACC,1,3256072
relBp,2.0,1,0,GAAGCAAAGTCATCTCAAGT,1,3305426
relBp,2.0,1,0,GAAGAGGATCTGGAGGCTAC,1,3280817
relBp,2.0,1,0,GAAGACACAAATGGCCGAGT,1,3290861
relBp,2.0,1,0,GAACTTGCTATATAATGGGT,1,3291819
relBp,2.0,1,0,GAACTGGAGTGATGTATAAC,1,3262552
relBp,2.0,1,0,GAACGCGATCGTCAAAGGCT,1,3285064
relBp,2.0,1,0,GAACCGGCTCCCGTAATGCC,1,3295244
relBp,2.0,1,0,GAACCGGATAACCACGGACA,1,3301683
relBp,2.0,1,0,GAACCACGCGCTGGGTCATG,1,3264360
relBp,2.0,1,0,GAACACAAGCCGGTGGACCC,1,3290548
relBp,2.0,1,0,GAAAGTCGGGGGGATGGCGG,1,3263364
relBp,2.0,1,0,GAAAAGTCTTCAATGGTCCT,1,3279182
relBp,2.0,1,0,CTTTTCCTGGACTACATAGC,1,3290087
relBp,2.0,1,0,CTTTGTGGGGACATTTATAA,1,3289955
relBp,2.0,1,0,CTTTGAAAGGAATGGATCTG,1,3300031
relBp,2.0,1,0,CTTTCCCGAAGATGAAGGCA,1,3306481
relBp,2.0,1,0,CTTTCATTAGACGTTACTCC,1,3299611
relBp,2.0,1,0,CTTTATTATGACCAGCAAGT,1,3304628
relBp,2.0,1,0,CTTTAGGTTCTGCCGACGCC,1,3286983
relBp,2.0,1,0,CTTTAGCGTCTCGATCTAGC,1,3303669
relBp,2.0,1,0,CTTTAGACTTCTCCTGGCTG,1,3262646
relBp,2.0,1,0,CTTTACCGCGATGTCGTCCC,1,3267974
relBp,2.0,1,0,CTTTAATCGAGACTGGACTC,1,3282406
relBp,2.0,1,0,CTTGTCCGTTTGTGTACCAG,1,3281170
relBp,2.0,1,0,CTTGGAGCAAAGCAAGGCGT,1,3280309
relBp,2.0,1,0,CTTGCTAATTAAAACCGAGC,1,3259278
relBp,2.0,1,0,CTTGCGGTCATGGGCTTGGT,1,3279724
relBp,2.0,1,0,CTTGAGGCAGAGAGTGGATC,1,3273786
relBp,2.0,1,0,CTTGACGCTTGTCCTCATCA,1,3265444
relBp,2.0,1,0,CTTGAATAAGTACTTATGAT,1,3304929
relBp,2.0,1,0,CTTCTGAACCTCATCAGTAC,1,3275794
relBp,2.0,1,0,CTTCTCTGGTCTTCAGTAAT,1,3290717
relBp,2.0,1,0,CTTCGGTCTAAGGACCACGA,1,3267859
relBp,2.0,1,0,CTTCGCTGCATAGAAGATAT,1,3279053
relBp,2.0,1,0,CTTCCGGAGGCCCGATCTGA,1,3274733
relBp,2.0,1,0,CTTCCGCTCTTACACGTCAA,1,3292963
relBp,2.0,1,0,CTTCCGCCGTTCTCTAGCGG,1,3267803
relBp,2.0,1,0,CTTCATTGGCCGGGCAAGGA,1,3271764
relBp,2.0,1,0,CTTCATCACTTTGTAGTATC,1,3259764
relBp,2.0,1,0,CTTCAGACTGGTAGGGATGC,1,3297547
relBp,2.0,1,0,CTTATTACCCAACGAGAAGA,1,3290434
relBp,2.0,1,0,CTTATGCTGCATCGCACGCA,1,3259979
relBp,2.0,1,0,CTTATCAAGGGGTTTTAAGT,1,3262544
relBp,2.0,1,0,CTTATATAGTGCATACTAAG,1,3280131
relBp,2.0,1,0,CTTATAGGAAAGCGGTCGGA,1,3265013
relBp,2.0,1,0,CTTAGTTTCACCGCTATTCA,1,3260924
relBp,2.0,1,0,CTTAGTTTAGGTGTATGCAA,1,3305714
relBp,2.0,1,0,CTTAGAGGCCCTGTAGCCAC,1,3261820
relBp,2.0,1,0,CTTACGCGAGAAGATGATCA,1,3274005
relBp,2.0,1,0,CTTAAGCTATCCTGTTTACT,1,3296490
relBp,2.0,1,0,CTTAAGCACATATAGAGATG,1,3263151
relBp,2.0,1,0,CTGTTTTACGAGCCACTGCG,1,3297885
relBp,2.0,1,0,CTGTTCTAAATAGGGAGCGT,1,3287396
relBp,2.0,1,0,CTGTTCGTAGGCCTCAAATG,1,3303324
relBp,2.0,1,0,CTGTTATGACGCTATAGCTG,1,3267284
relBp,2.0,1,0,CTGTTAGGCGGTAATATTAG,1,3295051
relBp,2.0,1,0,CTGTGAAGCGGTACTAACGT,1,3290437
relBp,2.0,1,0,CTGTCTAGAGCACTCATCTG,1,3264855
relBp,2.0,1,0,CTGTCTAAAAGTTGAAGGTT,1,3282429
relBp,2.0,1,0,CTGTATCCTCCGGTCGTGAA,1,3304449
relBp,2.0,1,0,CTGGTTGCTCACGCACAATG,1,3278926
relBp,2.0,1,0,CTGGTTATGGTACTCGGTTA,1,3308095
relBp,2.0,1,0,CTGGTTAAGGTCGTCTCTAG,1,3264908
relBp,2.0,1,0,CTGGTGCATGGTCACGGCAT,1,3288684
relBp,2.0,1,0,CTGGGGAGGCACTGTCCAGG,1,3306157
relBp,2.0,1,0,CTGGGATTTAATCGCGCGAT,1,3263783
relBp,2.0,1,0,CTGGCTGTACAGTATCGCGG,1,3287045
relBp,2.0,1,0,CTGGCTCAATCAATCACGAA,1,3291002
relBp,2.0,1,0,CTGGCGTATTTAAAGAATGA,1,3272003
relBp,2.0,1,0,CTGGCCTGTGATTACCCCGA,1,3301318
relBp,2.0,1,0,CTGCTATCTGCAGATTGTGA,1,3279487
relBp,2.0,1,0,CTGCGTTACGGTTTTAGCTT,1,3271459
relBp,2.0,1,0,CTGCGTACGGACAGATAGGC,1,3257689
relBp,2.0,1,0,CTGCGGCGGCTAGCGGAATT,1,3274566
relBp,2.0,1,0,CTGCCGCAGTCCTTCACAGT,1,3286270
relBp,2.0,1,0,CTGCACCTCCTCTCTATATT,1,3282034
relBp,2.0,1,0,CTGATTCTTGAAGTAGGCTA,1,3307680
relBp,2.0,1,0,CTGATTCCACCCGCGCCGAT,1,3300771
relBp,2.0,1,0,CTGATTACTGCACTTCAGCT,1,3299725
relBp,2.0,1,0,CTGATCTCTTATTAAGCCGA,1,3280180
relBp,2.0,1,0,CTGATCCGGTAGAATTTGTT,1,3258356
relBp,2.0,1,0,CTGAGTGGTTAAGTCAAAGC,1,3285805
relBp,2.0,1,0,CTGACTGAATCACCTGTGTG,1,3276077
relBp,2.0,1,0,CTGACAGCCCCAAGTTAGGT,1,3284521
relBp,2.0,1,0,CTCTTGTTCTAGAGCCAGAG,1,3261715
relBp,2.0,1,0,CTCTTACTACCTACAGCAAT,1,3291113
relBp,2.0,1,0,CTCTGGGTGCGGGTAGGACA,1,3267453
relBp,2.0,1,0,CTCTGAGCTAGCTGTAGAAC,1,3279721
relBp,2.0,1,0,CTCGTTGATTATCACGAGCA,1,3302980
relBp,2.0,1,0,CTCGTCCTTCGATGTTCAAA,1,3275343
relBp,2.0,1,0,CTCGGGCCAACCTTCACAAA,1,3287507
relBp,2.0,1,0,CTCGCCATGCCCCCTGACGA,1,3302591
relBp,2.0,1,0,CTCGACTCCGATGGGTACGC,1,3264556
relBp,2.0,1,0,CTCCGGCGGATATTAAAACG,1,3268613
relBp,2.0,1,0,CTCCGCATGGCCTCTTATGA,1,3281208
relBp,2.0,1,0,CTCCCCTTTTTATACATGCC,1,3276837
relBp,2.0,1,0,CTCCACTACCTCGACCCCGG,1,3293283
relBp,2.0,1,0,CTCATTTCGTGCTTGTTTAA,1,3302077
relBp,2.0,1,0,CTCATTCTTGTGTAGTTCAT,1,3298320
relBp,2.0,1,0,CTCAGTAACTGTTGTCACAC,1,3295510
relBp,2.0,1,0,CTCAGCTCTTTTGGTATGGC,1,3269574
relBp,2.0,1,0,CTCAGCGCCTGGTCATTCAT,1,3285889
relBp,2.0,1,0,CTCACAGTGGTGTTCGGGAG,1,3300965
relBp,2.0,1,0,CTCAACGCCTGTATCCATTA,1,3303064
relBp,2.0,1,0,CTATTTTTCCTCAAGGTACG,1,3271238
relBp,2.0,1,0,CTATTAGAATGGAGGTTACA,1,3292259
relBp,2.0,1,0,CTATGTGGGGGTGCGTATTT,1,3292937
relBp,2.0,1,0,CTATGGGGAAGTCCCATGGT,1,3279353
relBp,2.0,1,0,CTATCCGGGAACGAAATATC,1,3305113
relBp,2.0,1,0,CTATATTTACCATGAACGCT,1,3285409
relBp,2.0,1,0,CTATAATCCCGTAAATACCA,1,3299162
relBp,2.0,1,0,CTAGTAGGGCTGCGCATATT,1,3289078
relBp,2.0,1,0,CTAGGTAGGTGTCCGTACCA,1,3280251
relBp,2.0,1,0,CTAGGGTTCAGGACGTTCGT,1,3296553
relBp,2.0,1,0,CTAGGACAGTGTCCGGTGCT,1,3268030
relBp,2.0,1,0,CTAGCATGTGAATGGGCGTC,1,3269700
relBp,2.0,1,0,CTAGAGGCTTAGGATTACAA,1,3280788
relBp,2.0,1,0,CTACTCGAAATATCCCTGGA,1,3276158
relBp,2.0,1,0,CTACGCAGAGCAAGGTATGA,1,3264508
relBp,2.0,1,0,CTACCGTCGCGTAAACAATT,1,3266968
relBp,2.0,1,0,CTACCCTTAGAGACGCGTAG,1,3280541
relBp,2.0,1,0,CTACAGGCTACGTTACCATG,1,3261096
relBp,2.0,1,0,CTACACGGGGTACAGTTCTT,1,3277399
relBp,2.0,1,0,CTAAGCTACGTTTAGCTCTC,1,3282554
relBp,2.0,1,0,CTAAATGCGATGCCCCTTCG,1,3266694
relBp,2.0,1,0,CTAAAGTGGGAAGGCAAAGC,1,3269975
relBp,2.0,1,0,CTAAAGCCCTAAGTTGGTGT,1,3304336
relBp,2.0,1,0,CGTTTGCTGGACGTTATGGC,1,3258939
relBp,2.0,1,0,CGTTGTGTTAGATGTAGTCC,1,3272648
relBp,2.0,1,0,CGTTGTCGCCAAAAATATTT,1,3266761
relBp,2.0,1,0,CGTTGAAGTATGGTGTAAAT,1,3291350
relBp,2.0,1,0,CGTTCTCGCTACGATGCGTT,1,3282750
relBp,2.0,1,0,CGTTCTCCAGGCGGTTCAAA,1,3297817
relBp,2.0,1,0,CGTTAGCAGACATACGCACA,1,3275034
relBp,2.0,1,0,CGTTACGGTTCCTAGCACGG,1,3268996
relBp,2.0,1,0,CGTGTACTCCGTCATCTCGG,1,3269596
relBp,2.0,1,0,CGTGGACGCGGGTGGGTCAG,1,3298071
relBp,2.0,1,0,CGTGCGGTGACATTAGCCCG,1,3280981
relBp,2.0,1,0,CGTGAGGATGGGTAACCGGG,1,3299238
relBp,2.0,1,0,CGTGAATCATCCAGGGAAGG,1,3257495
relBp,2.0,1,0,CGTCGTGTTCCCAAGAGGGA,1,3294547
relBp,2.0,1,0,CGTCGGGGTCACTCTTGTAA,1,3285329
relBp,2.0,1,0,CGTCGAGTCACGGGAGGACC,1,3284584
relBp,2.0,1,0,CGTCCTTGCTTCCGACTAAA,1,3260917
relBp,2.0,1,0,CGTCCTTCGCGCCCACAGTG,1,3259254
relBp,2.0,1,0,CGTCCTCCAACGGCTGAGCT,1,3276682
relBp,2.0,1,0,CGTCAGGCGAATGCCCCCCA,1,3268025
relBp,2.0,1,0,CGTATTGAGTGCTGTATGAA,1,3290240
relBp,2.0,1,0,CGTATGGGGGCTAACCAGTT,1,3295721
relBp,2.0,1,0,CGTATCGATCGGCTTACAAC,1,3259497
relBp,2.0,1,0,CGTAGTACCCAGGGAAATAA,1,3273603
relBp,2.0,1,0,CGTAGACTGCGCCGGTGAGT,1,3298834
relBp,2.0,1,0,CGTACTGACTCATGTATAAA,1,3302932
relBp,2.0,1,0,CGTAAAGATCGAGGACGACC,1,3299213
relBp,2.0,1,0,CGTAAAGATATTTGATTGCT,1,3260021
relBp,2.0,1,0,CGGTTTCGACGACAATCCTA,1,3287816
relBp,2.0,1,0,CGGTGACATCCTGGGATATT,1,3267494
relBp,2.0,1,0,CGGTCGGAGACTGATGCTCA,1,3258412
relBp,2.0,1,0,CGGTATTGGCCATTGGAACA,1,3308116
relBp,2.0,1,0,CGGTATCTTTAGGGCTACAC,1,3261989
relBp,2.0,1,0,CGGTATCTACTCAACGTTTT,1,3288511
relBp,2.0,1,0,CGGTACTTATGGCACTGCGG,1,3260144
relBp,2.0,1,0,CGGGTCAGCCTATGGATCAT,1,3283808
relBp,2.0,1,0,CGGGGGTTAACCTGCATTAG,1,3263937
relBp,2.0,1,0,CGGGGAGCCGAGGAATTACG,1,3292533
relBp,2.0,1,0,CGGGAGTGACGTTTATATGT,1,3289422
relBp,2.0,1,0,CGGGAGTAAGATTTTCATTT,1,3301589
relBp,2.0,1,0,CGGGACACCCCTTCTGCCAG,1,3263637
relBp,2.0,1,0,CGGCTCGAAGGGATGCAAAA,1,3307014
relBp,2.0,1,0,CGGCTATGGGACGTAAGCTA,1,3290612
relBp,2.0,1,0,CGGCTATGGCCTATAAAATC,1,3291477
relBp,2.0,1,0,CGGCGCTGAGCTTTATACGC,1,3275923
relBp,2.0,1,0,CGGCGCCACTGGTAGCTTTT,1,3293116
relBp,2.0,1,0,CGGCGATCTGAAGCAGGAAT,1,3283196
relBp,2.0,1,0,CGGCCCATTCGAGGTCCGAC,1,3280975
relBp,2.0,1,0,CGGCCAGTTAGACTTTCCAC,1,3267380
relBp,2.0,1,0,CGGCACCGGTCTCAATGTTG,1,3280853
relBp,2.0,1,0,CGGCAATTGTCTAAATGATG,1,3271298
relBp,2.0,1,0,CGGATGATAGACCTTTCACT,1,3297177
relBp,2.0,1,0,CGGAGCAGACCGGCCTGAGT,1,3305402
relBp,2.0,1,0,CGGAGAAAGAGTCAAATGAA,1,3281495
relBp,2.0,1,0,CGGACTAGATCCAGCCACAC,1,3282235
relBp,2.0,1,0,CGGACGTCTGACCGTAGCGG,1,3266040
relBp,2.0,1,0,CGGACATGGGGCTCGTAGAT,1,3284266
relBp,2.0,1,0,CGGAAGCGTGCCAGTTAACC,1,3267006
relBp,2.0,1,0,CGGAAGACGCTCAACGGCAG,1,3292362
relBp,2.0,1,0,CGGAACAGCCCCAGCCCCAC,1,3260020
relBp,2.0,1,0,CGCTCTTTTAGGTTAACCCG,1,3265333
relBp,2.0,1,0,CGCTCGATGAGAATGACGGT,1,3260780
relBp,2.0,1,0,CGCTCGACCGGATCTGGACG,1,3285866
relBp,2.0,1,0,CGCTAATTCCCGGTCGTGCG,1,3270147
relBp,2.0,1,0,CGCGTGGGGATAATACATAC,1,3286080
relBp,2.0,1,0,CGCGTAGTCGCAATGACATT,1,3302887
relBp,2.0,1,0,CGCGGTTCCCAAGGCACTCT,1,3300490
relBp,2.0,1,0,CGCGGGCGGCAAGAGTTCCT,1,3266290
relBp,2.0,1,0,CGCGCTGATGCCTAAAATCA,1,3276505
relBp,2.0,1,0,CGCGCTCATGGGTCTAGGAC,1,3285065
relBp,2.0,1,0,CGCGATGAACCTTTACGAGA,1,3287108
relBp,2.0,1,0,CGCGAGGGTTGGCTAGAATA,1,3273484
relBp,2.0,1,0,CGCCTGGGATCAGAGTATGT,1,3260538
relBp,2.0,1,0,CGCCCCGTTCACAGAGTCAG,1,3304974
relBp,2.0,1,0,CGCCAGGTGTAGATCATTTA,1,3293958
relBp,2.0,1,0,CGCCAAAATGAGGGTTAGGG,1,3296527
relBp,2.0,1,0,CGCATTCCGCTAAGCTGGTA,1,3266684
relBp,2.0,1,0,CGCATGTAAGAGAGCAGCCA,1,3273798
relBp,2.0,1,0,CGCATCGTACCCGCTTATAA,1,3278541
relBp,2.0,1,0,CGCATCCCGTTGGGTCATTT,1,3263098
relBp,2.0,1,0,CGCAGGCTGAAACGTGTTAT,1,3308231
relBp,2.0,1,0,CGCACCTTGATTCGCAGGGG,1,3288081
relBp,2.0,1,0,CGATTTAAGCGGCGCGTATA,1,3267965
relBp,2.0,1,0,CGATTCTACCCAAAGCCCTG,1,3261670
relBp,2.0,1,0,CGATGGCCTAGTGAAGCAAG,1,3283703
relBp,2.0,1,0,CGATGGATTCGCACACCCGA,1,3293799
relBp,2.0,1,0,CGATGATATTCCGGGATGTC,1,3273751
relBp,2.0,1,0,CGATGAACAGCTCGACCTAC,1,3282307
relBp,2.0,1,0,CGATCTTATGATAGCTCGGA,1,3300513
relBp,2.0,1,0,CGATCGGCCCGGCTAAAGAG,1,3272501
relBp,2.0,1,0,CGATATTGTTATACACATGG,1,3256834
relBp,2.0,1,0,CGATATGTAATTTGAGTCCT,1,3272788
relBp,2.0,1,0,CGATAAGCTTGTTCCGTAAA,1,3273618
relBp,2.0,1,0,CGAGGTATATAGTATTGGCT,1,3290419
relBp,2.0,1,0,CGAGGTACTATGCGTCAGTC,1,3276161
relBp,2.0,1,0,CGAGGAGTTTTATATCCACG,1,3306149
relBp,2.0,1,0,CGAGCTGAGTACGCTATGAA,1,3285504
relBp,2.0,1,0,CGAGCAAACGGGGTAGACTA,1,3283330
relBp,2.0,1,0,CGAGACTAAGGTTGGGAGAC,1,3306259
relBp,2.0,1,0,CGAGAATGACTGTCTTGGTA,1,3292071
relBp,2.0,1,0,CGAGAAGGCGGAGAGAATAT,1,3301987
relBp,2.0,1,0,CGACTGATATACAGTGCTCA,1,3272198
relBp,2.0,1,0,CGACTAAGCCCGATCTAGCT,1,3278820
relBp,2.0,1,0,CGACTAAGCCCCTGACTATT,1,3301420
relBp,2.0,1,0,CGACGTGCGTTAACGGTTTT,1,3269410
relBp,2.0,1,0,CGACGCTCTCAACGTACAAA,1,3293231
relBp,2.0,1,0,CGACGAGTACTGGCCTAGGA,1,3270451
relBp,2.0,1,0,CGACGACTGAAAACCCGAAA,1,3256591
relBp,2.0,1,0,CGACCTTTTGATCTAGTAGT,1,3261925
relBp,2.0,1,0,CGACCCTCTTTAAGTAATGG,1,3306959
relBp,2.0,1,0,CGACATTACTAGGCTCGTCC,1,3306613
relBp,2.0,1,0,CGACAGCTCCATCGACCTTT,1,3287115
relBp,2.0,1,0,CGACACGGGCAATGGGGGCT,1,3261632
relBp,2.0,1,0,CGAATGGTCTAAGTGCGTTG,1,3305961
relBp,2.0,1,0,CGAAGGACTTCTGAGATCGG,1,3285578
relBp,2.0,1,0,CGAACTGAACGCCTCTTCTA,1,3288654
relBp,2.0,1,0,CGAAATATGAGTTTGATTTC,1,3268113
relBp,2.0,1,0,CGAAAAGGCTATGGTTGATC,1,3290710
relBp,2.0,1,0,CCTTTGGGGGGGTGGCTCAT,1,3286217
relBp,2.0,1,0,CCTTTAAATTATGGGGGTGG,1,3297510
relBp,2.0,1,0,CCTTGTGCTTGGAGCATGAG,1,3270607
relBp,2.0,1,0,CCTTCTGGCCCAACTTCGCA,1,3282150
relBp,2.0,1,0,CCTTCTGGAAAAGTGCGTTT,1,3286012
relBp,2.0,1,0,CCTTAATTGACTCCTAATGA,1,3287931
relBp,2.0,1,0,CCTGTTAACGCTTGTCCTGT,1,3276589
relBp,2.0,1,0,CCTGTCGCTTTTTTTATCAT,1,3290125
relBp,2.0,1,0,CCTGATACGGCCAGGGAACA,1,3268988
relBp,2.0,1,0,CCTGACGCGCTACTGCCAAT,1,3285751
relBp,2.0,1,0,CCTGACAGATCCACACCCTT,1,3288634
relBp,2.0,1,0,CCTCTTCGATAGGAGTTGGG,1,3299336
relBp,2.0,1,0,CCTCGGGGGCGGATGAGGGC,1,3258447
relBp,2.0,1,0,CCTCGGATGAGCGGTTCCCC,1,3262467
relBp,2.0,1,0,CCTCGACCTTGAGCGCCCTG,1,3285211
relBp,2.0,1,0,CCTCCATACTACCCATAGCA,1,3264589
relBp,2.0,1,0,CCTCAAGGCGATCCTTTCTT,1,3290190
relBp,2.0,1,0,CCTCAACTAGGGGTGAACAC,1,3288859
relBp,2.0,1,0,CCTATCTAATGAGCCGGACC,1,3260934
relBp,2.0,1,0,CCTAGTGGCCACGCGAACAT,1,3261092
relBp,2.0,1,0,CCTAGCATTAGCTCTCTAGT,1,3283536
relBp,2.0,1,0,CCTACGATGGCTCTGCCAAT,1,3299366
relBp,2.0,1,0,CCTACAGTCTCTGCATCTAC,1,3305886
relBp,2.0,1,0,CCTAACGATGCATTATCCTA,1,3299350
relBp,2.0,1,0,CCGTTTCTCATTGTCCGACA,1,3297244
relBp,2.0,1,0,CCGTTACAGTGCACGTCATA,1,3274832
relBp,2.0,1,0,CCGTGTATGTAAGTCACTCA,1,3299175
relBp,2.0,1,0,CCGTGGCGGACTGTTCACTC,1,3290458
relBp,2.0,1,0,CCGTGCGCTCATGGATGTCT,1,3280584
relBp,2.0,1,0,CCGTGCGAGATGTGCTTATA,1,3273115
relBp,2.0,1,0,CCGGTATTGACATGCCTCGA,1,3287986
relBp,2.0,1,0,CCGGGTCCCTTTGGCATCGA,1,3259426
relBp,2.0,1,0,CCGGGTCATTTGCTTCATAC,1,3287427
relBp,2.0,1,0,CCGGCGCGATTCGCTTAGGT,1,3287947
relBp,2.0,1,0,CCGGCACCGTGGCTACCAGA,1,3299307
relBp,2.0,1,0,CCGGAAGTGCATTTTAATCA,1,3273179
relBp,2.0,1,0,CCGCTCGGCCCTGAGCCTGT,1,3277013
relBp,2.0,1,0,CCGCGTATCACACGGCATAT,1,3303983
relBp,2.0,1,0,CCGCAGTGTTGCTCCTTCGA,1,3288881
relBp,2.0,1,0,CCGCAGGCGCCATTAGCAGT,1,3282603
relBp,2.0,1,0,CCGCACGCCATCTTGAAGTC,1,3277605
relBp,2.0,1,0,CCGATCAGGAGGGAATACAA,1,3271648
relBp,2.0,1,0,CCGAGGTTGTCTATACAAGG,1,3264285
relBp,2.0,1,0,CCGAGGTAGGCTCGTAAGTT,1,3299086
relBp,2.0,1,0,CCGAGGAATTGCGATCCCAG,1,3304311
relBp,2.0,1,0,CCGAGCAGGAGCACAGTCAA,1,3270127
relBp,2.0,1,0,CCGAAGGGCTAATTCGAGTA,1,3278821
relBp,2.0,1,0,CCCTTTTGGCTCTTCCAGGG,1,3277240
relBp,2.0,1,0,CCCTTGTGATGGGGAGAGAG,1,3283605
relBp,2.0,1,0,CCCTTGATACCACCACGTCG,1,3304848
relBp,2.0,1,0,CCCTTCTCATTTCAACAATG,1,3295988
relBp,2.0,1,0,CCCTGTCTGGGTAGCCTAAA,1,3271031
relBp,2.0,1,0,CCCTCTGGTCGAGTGTAGCA,1,3290672
relBp,2.0,1,0,CCCTCACCAAGGGTGCCATA,1,3276917
relBp,2.0,1,0,CCCTATAGGCCGTTTTAGGG,1,3268360
relBp,2.0,1,0,CCCTAGCGGGCCGAATTATA,1,3302438
relBp,2.0,1,0,CCCGGTACTATCCTTCCGTG,1,3284770
relBp,2.0,1,0,CCCGAGTTGCCTTCCCTAGT,1,3286202
relBp,2.0,1,0,CCCGAGATAATAAAGGTCAT,1,3259358
relBp,2.0,1,0,CCCGACTAGAGGGTGGCTCT,1,3284638
relBp,2.0,1,0,CCCCTTCCTTTATGCACTGC,1,3270692
relBp,2.0,1,0,CCCCTGGGCATCCGGACAGC,1,3291754
relBp,2.0,1,0,CCCCTATGTTTCTTCCTAAT,1,3299389
relBp,2.0,1,0,CCCCGGCGTCCCAGGGTATT,1,3292353
relBp,2.0,1,0,CCCCCCAGGTAAGAGGGTGA,1,3297232
relBp,2.0,1,0,CCCCATGGTCTTACCCACTG,1,3270181
relBp,2.0,1,0,CCCATTTTCTGTACATGCTA,1,3260779
relBp,2.0,1,0,CCCATTTGCGCAAGCTTCGT,1,3300820
relBp,2.0,1,0,CCCATGCCATTCCGGACTAT,1,3279941
relBp,2.0,1,0,CCCATGAGGACAACAAGAGT,1,3271256
relBp,2.0,1,0,CCCAGTTCTCTCTGTACCTC,1,3274889
relBp,2.0,1,0,CCCAGTCTTAATCTGCATAC,1,3260420
relBp,2.0,1,0,CCCAGAGCAATCTGACCTTT,1,3306493
relBp,2.0,1,0,CCCAGACCTTCATGGCTGCT,1,3279260
relBp,2.0,1,0,CCCACCTTGAGATCCTGTTA,1,3293618
relBp,2.0,1,0,CCCACAGTAGTAATCCACTG,1,3269722
relBp,2.0,1,0,CCCACACAACCAAACACGTC,1,3278341
relBp,2.0,1,0,CCCAATTTTGTTCACGTTTG,1,3258034
relBp,2.0,1,0,CCCAACGCCTCGGACTTCCC,1,3297470
relBp,2.0,1,0,CCCAACACATACACGGGAGC,1,3271443
relBp,2.0,1,0,CCATTCTTAGATAGGGCAAT,1,3263707
relBp,2.0,1,0,CCATTCGATGGTGGTTAGGT,1,3293820
relBp,2.0,1,0,CCATTAAACTTCGGTGGCCA,1,3282211
relBp,2.0,1,0,CCATGGTGCGACTTCAGAGT,1,3269180
relBp,2.0,1,0,CCATGATGTTTACACTCCAT,1,3302508
relBp,2.0,1,0,CCATCTGGACATTGCTAGGC,1,3279158
relBp,2.0,1,0,CCATCTCTCGTGCCCGGCCA,1,3307634
relBp,2.0,1,0,CCATCCTTGTACCGCTACTC,1,3289949
relBp,2.0,1,0,CCATATGTGCACCCCATAAA,1,3281624
relBp,2.0,1,0,CCATATCTTACGTCTGCATA,1,3265356
relBp,2.0,1,0,CCATATCCCGAGAGGTTTGG,1,3258214
relBp,2.0,1,0,CCAGTGTATGGGGCAAGCCT,1,3283921
relBp,2.0,1,0,CCAGGGTTAGTCACATTGTA,1,3276695
relBp,2.0,1,0,CCAGGGCCGGTGTGGGACCT,1,3265863
relBp,2.0,1,0,CCAGCTACTACGCACGCCTA,1,3257125
relBp,2.0,1,0,CCAGAAGTAGGAGTTCAAAC,1,3296380
relBp,2.0,1,0,CCACTGTTGGGCAGCCAGAC,1,3286682
relBp,2.0,1,0,CCACTGGTTACTTGCATTAA,1,3294515
relBp,2.0,1,0,CCACTCCCCGGGCACGGTAG,1,3292260
relBp,2.0,1,0,CCACGTGGTCAGTTAGGCTG,1,3294595
relBp,2.0,1,0,CCACGGTCGGTTGAAAGATG,1,3294053
relBp,2.0,1,0,CCACGAAGACGCATGCGGTA,1,3261901
relBp,2.0,1,0,CCACCGACACCGCTCCCGAG,1,3277657
relBp,2.0,1,0,CCAATGGGTGGGTACCAGCT,1,3293725
relBp,2.0,1,0,CCAATGAGAACCTGACAGGT,1,3273215
relBp,2.0,1,0,CCAATCACCTAGGGATGGAC,1,3270939
relBp,2.0,1,0,CCAAGTTAGGAGGACAGTGG,1,3279102
relBp,2.0,1,0,CCAAGCCGCTACTATGCCAG,1,3299920
relBp,2.0,1,0,CCAACCTTACATAAGGTCTG,1,3308364
relBp,2.0,1,0,CCAACATTATAACCACCCGT,1,3283974
relBp,2.0,1,0,CCAAAGGCCAGGATAATTGT,1,3268823
relBp,2.0,1,0,CCAAACTGATTTTATATGTT,1,3299976
relBp,2.0,1,0,CCAAACCGTTGTTGGTCTTC,1,3288953
relBp,2.0,1,0,CCAAAAGATAGAGTAGGCAT,1,3292285
relBp,2.0,1,0,CCAAAAGACCAGGCTCCTCA,1,3268797
relBp,2.0,1,0,CCAAAACAGACTTCCACTTC,1,3270176
relBp,2.0,1,0,CATTTGTGGGACGTCCGGCT,1,3262360
relBp,2.0,1,0,CATTTGTCTGACGTGACTGA,1,3298196
relBp,2.0,1,0,CATTTGCTACATCCAGCAGC,1,3275709
relBp,2.0,1,0,CATTGACGTCATAAGATAGA,1,3294353
relBp,2.0,1,0,CATTCCCGGGACTCTCTATG,1,3259818
relBp,2.0,1,0,CATTATGTTTGATTCCTTGC,1,3281171
relBp,2.0,1,0,CATGCGTTGGGTTCTGTCAA,1,3296680
relBp,2.0,1,0,CATGCGAGTCTGGGAGTGCT,1,3279041
relBp,2.0,1,0,CATGATACACACGTGTAATG,1,3269436
relBp,2.0,1,0,CATCTGTCCGCATTAGCGGT,1,3272417
relBp,2.0,1,0,CATCTAACTTTTTGTGCACA,1,3306725
relBp,2.0,1,0,CATCGCATGGGGATATCTGT,1,3293944
relBp,2.0,1,0,CATCCTAGAGGTGGCACCAT,1,3273352
relBp,2.0,1,0,CATCCCTCCTTGGCAAGGAC,1,3275302
relBp,2.0,1,0,CATATCATTGGACATTACCT,1,3270579
relBp,2.0,1,0,CATAGTTCTCTAGCGGTAGA,1,3296254
relBp,2.0,1,0,CATAGCTCGTGAGGAGACTG,1,3284735
relBp,2.0,1,0,CATAATCAACTGGGTGACAA,1,3300983
relBp,2.0,1,0,CATAACCGGTAGTAACAGTC,1,3263567
relBp,2.0,1,0,CATAAAACAAATCACCTGAT,1,3259810
relBp,2.0,1,0,CAGTTGCACTCGGAAGAGGG,1,3266250
relBp,2.0,1,0,CAGTTACGTATCCGTTGGGT,1,3278931
relBp,2.0,1,0,CAGTGCTAGCGAAACGCAGG,1,3301568
relBp,2.0,1,0,CAGTCGTCATTAGACGTCCC,1,3299039
relBp,2.0,1,0,CAGTATTATGTAGAACGAGG,1,3268105
relBp,2.0,1,0,CAGTACGGCGGTACTCCTTG,1,3292799
relBp,2.0,1,0,CAGGTGTTAGAGAAGAATAG,1,3293124
relBp,2.0,1,0,CAGGTCCAGTACATAACCCT,1,3266888
relBp,2.0,1,0,CAGGGTTCGCACAGACTGAG,1,3257173
relBp,2.0,1,0,CAGGGCTTCAATTGATTTAT,1,3298734
relBp,2.0,1,0,CAGGCGCTGTATGCAGCCTT,1,3268066
relBp,2.0,1,0,CAGGCGCATTCAGCTAAGAT,1,3271784
relBp,2.0,1,0,CAGGCACTTCGCAAAGTGCA,1,3283404
relBp,2.0,1,0,CAGGCAACTAAGTTGGGGCG,1,3282003
relBp,2.0,1,0,CAGGATAAGTCTGTAGTTAG,1,3269067
relBp,2.0,1,0,CAGGAGGCATAGTTTCCGAT,1,3305458
relBp,2.0,1,0,CAGCTTTAAAGCATGCTCCC,1,3265539
relBp,2.0,1,0,CAGCTGGGAGAAATCTAGGC,1,3284670
relBp,2.0,1,0,CAGCGTGACATACAGATATT,1,3298106
relBp,2.0,1,0,CAGCCAAGCTCACGACCAGG,1,3269841
relBp,2.0,1,0,CAGCAAGCTAAGCGGGGTAG,1,3261941
relBp,2.0,1,0,CAGATGTCCTGGTTATCCCT,1,3257695
relBp,2.0,1,0,CAGATGATGGTCTGATTCTT,1,3269751
relBp,2.0,1,0,CAGATAGGCGACCCCAGAAG,1,3294455
relBp,2.0,1,0,CAGAGTAAGTGCCCAGATTT,1,3281022
relBp,2.0,1,0,CAGACCGGTACGGAAGTCCT,1,3293450
relBp,2.0,1,0,CAGACCGATGGGGCCGCGTC,1,3258154
relBp,2.0,1,0,CAGAATTGGGCTAATAGAGG,1,3276326
relBp,2.0,1,0,CAGAATAAGTCTTGAATTGT,1,3280253
relBp,2.0,1,0,CAGAAGGTGTGACGCCGGAG,1,3281489
relBp,2.0,1,0,CAGAAATCAAGGTGAGTGGT,1,3306103
relBp,2.0,1,0,CACTTCATGGACAAGGATAA,1,3283405
relBp,2.0,1,0,CACTTAGTTAACTGGGTGGT,1,3278265
relBp,2.0,1,0,CACTGGGGAGCGTCCCCAAT,1,3281971
relBp,2.0,1,0,CACTGCCCGGTTCGTACGGC,1,3275850
relBp,2.0,1,0,CACTGATGAGGTTGTTTGTA,1,3284060
relBp,2.0,1,0,CACTGAGCGCAACGTATACT,1,3257044
relBp,2.0,1,0,CACTGAGACTAGGCACTGCC,1,3266679
relBp,2.0,1,0,CACTCTTCTGACCCGAATCC,1,3275409
relBp,2.0,1,0,CACTCCTGCTGGCAAGTATG,1,3258764
relBp,2.0,1,0,CACTCCGAAGCGGAACTGGT,1,3260087
relBp,2.0,1,0,CACGATTCCCGGGACCAATG,1,3260688
relBp,2.0,1,0,CACGATACCATTTAGCCGTT,1,3290878
relBp,2.0,1,0,CACGAGCTTCGTTCACAACT,1,3279361
relBp,2.0,1,0,CACCTTCCCGTGTCAATGTT,1,3294810
relBp,2.0,1,0,CACCTGGCAGCTATTTCATT,1,3284772
relBp,2.0,1,0,CACCTAGGGGCCACTGTCTT,1,3292317
relBp,2.0,1,0,CACCTAGAGCCCGAAAACAA,1,3269064
relBp,2.0,1,0,CACCCGACCACGAATGGCGC,1,3301663
relBp,2.0,1,0,CACCCGAAACTGCAGTACGC,1,3305049
relBp,2.0,1,0,CACCCCAGGTAACAAGTGGG,1,3283916
relBp,2.0,1,0,CACCATTGCACTGGTTGGCC,1,3293905
relBp,2.0,1,0,CACCATACGGGGTTGACTAT,1,3256651
relBp,2.0,1,0,CACCACTGATAGAGCACAAG,1,3269780
relBp,2.0,1,0,CACATTCAGCAACACGCGCA,1,3257389
relBp,2.0,1,0,CACATGTGCCAAGTCTGATC,1,3279188
relBp,2.0,1,0,CACAACAGGATCACTCGGAT,1,3284987
relBp,2.0,1,0,CACAAAGCGCTCCTCTCAGA,1,3266389
relBp,2.0,1,0,CAATTTAATGTTGTTTACGC,1,3289218
relBp,2.0,1,0,CAATTCAACATCTATAGCCA,1,3262668
relBp,2.0,1,0,CAATGGTGTGAAGCGAAGTA,1,3306197
relBp,2.0,1,0,CAATGCCAGGTATATGAAAT,1,3262628
relBp,2.0,1,0,CAATCCGTGCCCTTAGAGAG,1,3270035
relBp,2.0,1,0,CAATCCGCTCAGAGGTGCTT,1,3290236
relBp,2.0,1,0,CAATATATGCGGGTGTTAGT,1,3277735
relBp,2.0,1,0,CAATAGGAGTCAGCGACTTC,1,3264392
relBp,2.0,1,0,CAATACTGGCCACAGGGGTC,1,3264931
relBp,2.0,1,0,CAATAACTTTGTTTCGCTTA,1,3295501
relBp,2.0,1,0,CAAGGGTTCCGAACCGGAAT,1,3262180
relBp,2.0,1,0,CAAGGGTTAACATACGAACC,1,3288694
relBp,2.0,1,0,CAAGGGCGGCGTGAGGCGGT,1,3301752
relBp,2.0,1,0,CAAGGGATGCTCAGAATACA,1,3282611
relBp,2.0,1,0,CAAGGATGTATCGGATGGAC,1,3281034
relBp,2.0,1,0,CAAGCACCCAGTGTGGTATC,1,3300046
relBp,2.0,1,0,CAAGCAACCGCACGCGAATG,1,3289888
relBp,2.0,1,0,CAAGATGCCTTCTAAATAGT,1,3301134
relBp,2.0,1,0,CAAGAAGGATCACGAGTAAT,1,3296272
relBp,2.0,1,0,CAACCTCCCATAAATTACCT,1,3305151
relBp,2.0,1,0,CAACCGTGAACAGAACTGCT,1,3285254
relBp,2.0,1,0,CAACATCAGCCAAATTTAAA,1,3278388
relBp,2.0,1,0,CAACACGCGTCGCTTTCGAT,1,3294680
relBp,2.0,1,0,CAACAACAAATTGTCTTGAT,1,3306437
relBp,2.0,1,0,ATTTTTTTGGAGGCTAGAGA,1,3265981
relBp,2.0,1,0,ATTTTTTAGCCTTCAGCTAG,1,3256840
relBp,2.0,1,0,ATTTTGGGTAGGATTTGGTT,1,3291507
relBp,2.0,1,0,ATTTTGCCGCCCGATTGCCT,1,3259658
relBp,2.0,1,0,ATTTTCCTATCCTACAGTGT,1,3265939
relBp,2.0,1,0,ATTTGGGGTACGAATGATTC,1,3291782
relBp,2.0,1,0,ATTTCGTCTAGTTTAGTGGA,1,3270399
relBp,2.0,1,0,ATTTCCCCCTGATGCGGATA,1,3291642
relBp,2.0,1,0,ATTTAGTTTAACCTTTGGCA,1,3307996
relBp,2.0,1,0,ATTTAAGATTCGCCGACGTG,1,3273217
relBp,2.0,1,0,ATTGTTACTACCCCTCAGTC,1,3268523
relBp,2.0,1,0,ATTGTCGCACACTTAGCGTT,1,3279684
relBp,2.0,1,0,ATTGCCTGTCACTACAAGTA,1,3260535
relBp,2.0,1,0,ATTGCCCTGGGACGCAGCAA,1,3261302
relBp,2.0,1,0,ATTGATGGTTTACACCTTCC,1,3285508
relBp,2.0,1,0,ATTGAAACACGAGCGTGGCC,1,3259874
relBp,2.0,1,0,ATTCTCGTTAGTCGCGCGGA,1,3285471
relBp,2.0,1,0,ATTCGGTGGTCTACTACCCT,1,3268119
relBp,2.0,1,0,ATTCGCGCCTACAGGATGTC,1,3287284
relBp,2.0,1,0,ATTCGCCCATGCCAATGCAG,1,3305514
relBp,2.0,1,0,ATTCCTTTTACCCTGATGTT,1,3290869
relBp,2.0,1,0,ATTCCACACAAGTAATTCGG,1,3296143
relBp,2.0,1,0,ATTCAATTTGAACGTGCCCA,1,3297318
relBp,2.0,1,0,ATTCAATAGACACATCAATG,1,3306591
relBp,2.0,1,0,ATTCAACCATACTCACAGTG,1,3301523
relBp,2.0,1,0,ATTAGAGGGGGCAACCTTCT,1,3256598
relBp,2.0,1,0,ATTAGAAACCTTTCCTAAAA,1,3282841
relBp,2.0,1,0,ATTACCAAGATGTACGCACA,1,3258147
relBp,2.0,1,0,ATTAATGAGGTCCCGGACTG,1,3302969
relBp,2.0,1,0,ATTAACGTAGGTTTTCCGAC,1,3272325
relBp,2.0,1,0,ATGTTGGGGCTTCTGATCTC,1,3272783
relBp,2.0,1,0,ATGTGGTGGCATTTTTAATG,1,3278718
relBp,2.0,1,0,ATGTGGCCTGTCTAGCTATG,1,3291415
relBp,2.0,1,0,ATGTCATGGTTAGCACCACA,1,3307901
relBp,2.0,1,0,ATGTAATGCCCTGCGCGTCG,1,3258824
relBp,2.0,1,0,ATGGTACGCAACAATCGAGA,1,3274724
relBp,2.0,1,0,ATGGGGAATGACGTACAGTA,1,3275905
relBp,2.0,1,0,ATGGGCTAATGCGGGTGAGT,1,3297831
relBp,2.0,1,0,ATGGCAGCGGTACTTGATTA,1,3279111
relBp,2.0,1,0,ATGGAGGCAGAAAACCGATT,1,3275605
relBp,2.0,1,0,ATGCTCGATGCCATGCTACT,1,3266960
relBp,2.0,1,0,ATGCGACTGCTTTATCTGTA,1,3261752
relBp,2.0,1,0,ATGCCGACGTAATGCCTAAT,1,3265588
relBp,2.0,1,0,ATGCAGAACAAATCGGGTTA,1,3305428
relBp,2.0,1,0,ATGATGACCGATTTGTGGAT,1,3304086
relBp,2.0,1,0,ATGATCCTGTCCCTAGTGGT,1,3294553
relBp,2.0,1,0,ATGACTGAGGCCTAGTCGGT,1,3270421
relBp,2.0,1,0,ATGAAGCATCGACCACCTGG,1,3295407
relBp,2.0,1,0,ATCTTGGGCAGTAGGTGAGC,1,3299472
relBp,2.0,1,0,ATCTTGGCCCGACACGCCCC,1,3259721
relBp,2.0,1,0,ATCTGGTTTTTAGTACAATA,1,3271084
relBp,2.0,1,0,ATCTCTCTCTCATTTGGTAA,1,3256783
relBp,2.0,1,0,ATCTCCACTCTCTAAATCTG,1,3264260
relBp,2.0,1,0,ATCTCAGCAGGCTGGTGTGG,1,3296025
relBp,2.0,1,0,ATCTAGTTCCTATAGGCAGC,1,3263740
relBp,2.0,1,0,ATCTACGATCTGTGGCTACC,1,3262100
relBp,2.0,1,0,ATCGTGTAATTTTAGCAGAA,1,3263923
relBp,2.0,1,0,ATCGTCGGATCCGTTATCTG,1,3268162
relBp,2.0,1,0,ATCGGCTTCATTCCGGACTG,1,3308258
relBp,2.0,1,0,ATCGGCGCTAATGCTCAACT,1,3303136
relBp,2.0,1,0,ATCGGAGAACCTGCGGTGAT,1,3288198
relBp,2.0,1,0,ATCGGACTGCGCCATTGGGC,1,3307100
relBp,2.0,1,0,ATCGGACAAGCCTCCCTAGT,1,3295247
relBp,2.0,1,0,ATCGGAAGTGCGACTAGTAG,1,3260131
relBp,2.0,1,0,ATCGCCTCGTGCCATGTATG,1,3293968
relBp,2.0,1,0,ATCGATCCCCACACTTAATA,1,3299578
relBp,2.0,1,0,ATCGAAGTGATGGTACAGTC,1,3256887
relBp,2.0,1,0,ATCGAAGAGGGGATGAGTAT,1,3276321
relBp,2.0,1,0,ATCCTACCAGATCAGAGTCA,1,3306200
relBp,2.0,1,0,ATCCGGTAATTTTAATCCTG,1,3260608
relBp,2.0,1,0,ATCCGACAGAGTTTGCAGAT,1,3283037
relBp,2.0,1,0,ATCCCTCGTCTTCCTTAGCT,1,3280349
relBp,2.0,1,0,ATCCCCCGACGCTGACTTAT,1,3306502
relBp,2.0,1,0,ATCATTGACCACGGTGTGCA,1,3268999
relBp,2.0,1,0,ATCATTCGGGCACAGATCGG,1,3276648
relBp,2.0,1,0,ATCATATCGGATTCAGCCCT,1,3298107
relBp,2.0,1,0,ATCATAAGGCTGATGACCCG,1,3292710
relBp,2.0,1,0,ATCACTCACGTCTAGTGGTA,1,3264254
relBp,2.0,1,0,ATCAAACAATATTTAGGTTA,1,3278532
relBp,2.0,1,0,ATATGGTTGTGGCATCCCTA,1,3257846
relBp,2.0,1,0,ATATCAGCTGTATCTAATGC,1,3273598
relBp,2.0,1,0,ATATATCGTATGTCAGACTG,1,3288494
relBp,2.0,1,0,ATAGTGAAGACTCCGGGTAT,1,3273202
relBp,2.0,1,0,ATAGGCCTAGAGTTGCTTAT,1,3303008
relBp,2.0,1,0,ATAGGACGTACGATCAAGAC,1,3294588
relBp,2.0,1,0,ATAGATCAAGTGGAGAGTTC,1,3304455
relBp,2.0,1,0,ATACGTGCATACTATTTATC,1,3293117
relBp,2.0,1,0,ATACGGCCGGTACAGCGGTC,1,3289108
relBp,2.0,1,0,ATACGCCGTGCCAGATGCGA,1,3306660
relBp,2.0,1,0,ATACGCCCACAACTAGGTGT,1,3294525
relBp,2.0,1,0,ATACGCACCAGCTTATTCTA,1,3306495
relBp,2.0,1,0,ATACGATTCAGGGTCAACAG,1,3264436
relBp,2.0,1,0,ATACCGCCAAGTTTTTCGCA,1,3283802
relBp,2.0,1,0,ATACCCTCGGCGCCCGGGCG,1,3281426
relBp,2.0,1,0,ATACCATACGATACACGGCT,1,3308579
relBp,2.0,1,0,ATACATTAACGTCACGACAG,1,3287474
relBp,2.0,1,0,ATACAGTGAAATCTCCACTC,1,3289415
relBp,2.0,1,0,ATAATCCAAGACGGTCTTCT,1,3256564
relBp,2.0,1,0,ATAAGCGGGTACCTGACCCA,1,3287222
relBp,2.0,1,0,ATAAGACATTAGGGCACGGA,1,3257511
relBp,2.0,1,0,ATAAATGACGGGTACCGCTC,1,3279107
relBp,2.0,1,0,ATAAAGAGCCCCCTATGAAG,1,3290342
relBp,2.0,1,0,ATAAAAGGGGATAGTGTGGT,1,3277224
relBp,2.0,1,0,AGTTTTTCTGTAGGGGGTGG,1,3261573
relBp,2.0,1,0,AGTTGTGAGGTGTCGCAGTG,1,3307911
relBp,2.0,1,0,AGTTGGTCGGCTTAGACTAA,1,3289940
relBp,2.0,1,0,AGTTGAGTAGCGGGATTATT,1,3299129
relBp,2.0,1,0,AGTTCTCGGGGGACCTTTCT,1,3263646
relBp,2.0,1,0,AGTTCGAACAGTTTACGCTT,1,3285474
relBp,2.0,1,0,AGTGTAGGGCGGGAACGAGC,1,3281659
relBp,2.0,1,0,AGTGTAAACAGTTGTACCTA,1,3272633
relBp,2.0,1,0,AGTGGCCCATCAAATACAGT,1,3261887
relBp,2.0,1,0,AGTGGACTGATTTTCGCGGA,1,3281281
relBp,2.0,1,0,AGTGCGTCCGCGATATTTGT,1,3301145
relBp,2.0,1,0,AGTGCCGTACGGCGAACGAA,1,3285523
relBp,2.0,1,0,AGTGACTAAGCTCAGGTAAC,1,3265350
relBp,2.0,1,0,AGTGAAGAGTTCTTAATAAC,1,3300584
relBp,2.0,1,0,AGTCTGGGTCCGGGATTAAC,1,3303527
relBp,2.0,1,0,AGTCTAGCCAAGGCTACCAA,1,3264336
relBp,2.0,1,0,AGTCGTAGCAATTAATAGTA,1,3297813
relBp,2.0,1,0,AGTCGCTTAGAACAAGTGGG,1,3263744
relBp,2.0,1,0,AGTCCCCAATATATCCCAAA,1,3290920
relBp,2.0,1,0,AGTATGATCCGAATCGTAGC,1,3268871
relBp,2.0,1,0,AGTAGGATTAACAATAAGGG,1,3280009
relBp,2.0,1,0,AGTAGCGAATCGTCAATACA,1,3292220
relBp,2.0,1,0,AGTAGCACGATGACCACTGC,1,3283861
relBp,2.0,1,0,AGTACCTATTGTTTAGATTT,1,3269905
relBp,2.0,1,0,AGTAAAACTCCCCCGAAGAC,1,3287334
relBp,2.0,1,0,AGGTTTTCGGTGGCTATAAC,1,3306277
relBp,2.0,1,0,AGGTTGGAGAATATGGTGTT,1,3287881
relBp,2.0,1,0,AGGTTAGTGTCTCTGGTTGA,1,3257181
relBp,2.0,1,0,AGGTTAACTTGTAATTGGAG,1,3260919
relBp,2.0,1,0,AGGTGGATGCGGGTAAAAGT,1,3284856
relBp,2.0,1,0,AGGTGACGACGCACGCGGGG,1,3288018
relBp,2.0,1,0,AGGTCAGGGTGGGCTTTCAC,1,3306494
relBp,2.0,1,0,AGGTCACATGTGTGCGGATC,1,3289477
relBp,2.0,1,0,AGGTAACCTTCAGACATCGG,1,3298062
relBp,2.0,1,0,AGGGTTCTTTGGCGTGTGCA,1,3265484
relBp,2.0,1,0,AGGGTTAAAGGAAAGCTGAA,1,3265894
relBp,2.0,1,0,AGGGTGTTCGTATGGAACGG,1,3294116
relBp,2.0,1,0,AGGGTGGCACGCCGCTCATT,1,3261003
relBp,2.0,1,0,AGGGTATTAAGAGTTCCGTG,1,3289444
relBp,2.0,1,0,AGGGTAGCATGCCGACAGCT,1,3263502
relBp,2.0,1,0,AGGGGGCCTCATTGCTCTGT,1,3264010
relBp,2.0,1,0,AGGGGCCTAATGGCTGGAAT,1,3270500
relBp,2.0,1,0,AGGGGAGAAAGGCACTCACA,1,3267004
relBp,2.0,1,0,AGGGCTAATCAGTAATCCTC,1,3305342
relBp,2.0,1,0,AGGGCCAGTCGTTCCAGACA,1,3303932
relBp,2.0,1,0,AGGGAGTCATATTGTGGTAT,1,3295234
relBp,2.0,1,0,AGGGAACGGTAGAAGAAAGT,1,3283013
relBp,2.0,1,0,AGGCTTTATGGACCCTGGTA,1,3288009
relBp,2.0,1,0,AGGCGTAGCGCTATCTGCAG,1,3302039
relBp,2.0,1,0,AGGCCTTGTAGCATTTGACC,1,3287835
relBp,2.0,1,0,AGGCCCAGAGCTATCTAATG,1,3262852
relBp,2.0,1,0,AGGCCACCTTAGGCTCGGTC,1,3275077
relBp,2.0,1,0,AGGCAATATGGTAAAACGTC,1,3289237
relBp,2.0,1,0,AGGATTCATAAGGATAACAG,1,3290502
relBp,2.0,1,0,AGGATGGGACATGGAAATAG,1,3285008
relBp,2.0,1,0,AGGATGCTTTCCACTGGCCT,1,3279179
relBp,2.0,1,0,AGGAGTTCAGACACGTCGTA,1,3267966
relBp,2.0,1,0,AGGAGGCATATTTTTTATTA,1,3268245
relBp,2.0,1,0,AGGAGACGACATTCATGTAA,1,3272593
relBp,2.0,1,0,AGCTTACTTTCCCCAAGGAT,1,3267445
relBp,2.0,1,0,AGCTGTGCAGGTACAGGAGG,1,3295818
relBp,2.0,1,0,AGCTGCTTTTGTTGAATGCA,1,3267009
relBp,2.0,1,0,AGCTCTCCCCCGGGTATACT,1,3286159
relBp,2.0,1,0,AGCTCCGAGCGCTGCTACTG,1,3305247
relBp,2.0,1,0,AGCTAGCATGTTATTTTTTT,1,3307575
relBp,2.0,1,0,AGCGGTTGTGGTGCCTTCGA,1,3306345
relBp,2.0,1,0,AGCGGTCCTTGTAATAAAAT,1,3276075
relBp,2.0,1,0,AGCGGAATCTCTTAGATATT,1,3290850
relBp,2.0,1,0,AGCGCTTCCGCCATTAAGCA,1,3275400
relBp,2.0,1,0,AGCGCTCCTGGGAATACGCA,1,3303698
relBp,2.0,1,0,AGCGCCCAGGGACTTAATTT,1,3288813
relBp,2.0,1,0,AGCGCAGGGCTAAAGTTTCG,1,3269861
relBp,2.0,1,0,AGCGATTTTTGTCCCGGGCA,1,3306261
relBp,2.0,1,0,AGCGAACCCAGTATTCCGGT,1,3273010
relBp,2.0,1,0,AGCCGTCTTACGGTTGACAG,1,3308421
relBp,2.0,1,0,AGCCGGCGTAACTGTCTTAC,1,3298135
relBp,2.0,1,0,AGCCGGACTTGTTCTTCTGC,1,3258720
relBp,2.0,1,0,AGCCGATGGGGATCCCCGCT,1,3305223
relBp,2.0,1,0,AGCCACGGGTGTCGGCGTGC,1,3296549
relBp,2.0,1,0,AGCCAATATTGTCTTGCCAG,1,3277572
relBp,2.0,1,0,AGCCAAAGTTTAATGAGATG,1,3292532
relBp,2.0,1,0,AGCAGTTCCTGCGTGGACCG,1,3296421
relBp,2.0,1,0,AGCACCAATATCCAGACTCT,1,3284418
relBp,2.0,1,0,AGCACATTTACGGCAGGGAA,1,3298537
relBp,2.0,1,0,AGCAATGAGAATTGTCACGT,1,3288296
relBp,2.0,1,0,AGCAACATCGATAGACGTCC,1,3274373
relBp,2.0,1,0,AGATTTCAGTCGCCCAAGAA,1,3266255
relBp,2.0,1,0,AGATTTCAACAGCGAACGTG,1,3301905
relBp,2.0,1,0,AGATTAAGAGTGAATTGCGG,1,3274458
relBp,2.0,1,0,AGATGTGGAACTTTCATGTT,1,3297797
relBp,2.0,1,0,AGATGTCCAGGCACCGGTAT,1,3266804
relBp,2.0,1,0,AGATGGTTGTGGCAGAGGAA,1,3272393
relBp,2.0,1,0,AGATGCGTGAAGGTACAGCC,1,3272994
relBp,2.0,1,0,AGATCGGTCCACTACTAGCC,1,3287649
relBp,2.0,1,0,AGATCGACTCGGCAGTGAAA,1,3266946
relBp,2.0,1,0,AGATCCTTCTCGTCACACTT,1,3282754
relBp,2.0,1,0,AGATCCGCGTTAGGGAGCTA,1,3294635
relBp,2.0,1,0,AGATCCCTGCGTCTCAATAA,1,3273768
relBp,2.0,1,0,AGATCCCAGACATCGCTAGA,1,3294154
relBp,2.0,1,0,AGAGTTCGGACAACGGACAT,1,3266827
relBp,2.0,1,0,AGAGTGACTGTAACGATGGT,1,3295108
relBp,2.0,1,0,AGAGGTTGTGCTTGGTTATT,1,3265018
relBp,2.0,1,0,AGAGGAGTGAAGGATGTTAG,1,3305264
relBp,2.0,1,0,AGAGCGATCCTGGGCATTTG,1,3266685
relBp,2.0,1,0,AGAGAGGCAAACGTACGCCT,1,3304390
relBp,2.0,1,0,AGACTGACGGTGGATGAAGA,1,3268928
relBp,2.0,1,0,AGACGTGGGCTGAAGCTACT,1,3305421
relBp,2.0,1,0,AGACCTCGACGCCATTCGTG,1,3266445
relBp,2.0,1,0,AGACCGAGTTCATGGCCTCT,1,3284634
relBp,2.0,1,0,AGACATGTTGACCGTGTCCT,1,3303023
relBp,2.0,1,0,AGAATTTCTACTTACAGCTT,1,3298526
relBp,2.0,1,0,AGAATCTTGCTAGGGTGAGC,1,3276504
relBp,2.0,1,0,AGAAGCAGAGTCCCCACGTA,1,3299940
relBp,2.0,1,0,AGAAACATCAAGGACCGGGG,1,3285108
relBp,2.0,1,0,ACTTTGCGTGACTGAACCCG,1,3266890
relBp,2.0,1,0,ACTTTGAAGGCCCCCTCCGT,1,3290745
relBp,2.0,1,0,ACTTGTATTCACTTATGGAG,1,3283918
relBp,2.0,1,0,ACTTCCGCGTGGGTCCGCCA,1,3308333
relBp,2.0,1,0,ACTTATTAAAATGCTTTTAC,1,3301830
relBp,2.0,1,0,ACTTATATCGCTCAACAGTT,1,3306186
relBp,2.0,1,0,ACTTAGCCCGAAGGCAGACT,1,3306779
relBp,2.0,1,0,ACTTACATGGATTTGTTACG,1,3279359
relBp,2.0,1,0,ACTTAAGAGAGTGTGGTTAA,1,3290124
relBp,2.0,1,0,ACTTAACCGGACAATTGCGA,1,3270055
relBp,2.0,1,0,ACTGTGTACCCGCAAGCTTC,1,3302056
relBp,2.0,1,0,ACTGTAGTACGAGGAAATAA,1,3295276
relBp,2.0,1,0,ACTGGCATATGACGACGATT,1,3259708
relBp,2.0,1,0,ACTGGCAGTGGCGCATCAGT,1,3261516
relBp,2.0,1,0,ACTGCCTTGGGTGTGGGGCT,1,3294103
relBp,2.0,1,0,ACTGAGTACGAGAGAACCCA,1,3260486
relBp,2.0,1,0,ACTGACCAAATATTATGCAA,1,3272048
relBp,2.0,1,0,ACTGAAGCGGCTAGTATGAT,1,3258062
relBp,2.0,1,0,ACTCTTCATAGATGCAGTAT,1,3258588
relBp,2.0,1,0,ACTCTTAGGTGATCGTTGAC,1,3297384
relBp,2.0,1,0,ACTCGTTTAACCGAGCAAGA,1,3291080
relBp,2.0,1,0,ACTCGTAGCTACTCCCGTGC,1,3265391
relBp,2.0,1,0,ACTCCTTTGTTATCGTCCCT,1,3291155
relBp,2.0,1,0,ACTCCCAATCAGATGTAAGC,1,3284254
relBp,2.0,1,0,ACTCCAGTTTCCACCAGCCA,1,3263606
relBp,2.0,1,0,ACTCAGGTTGTCAACGGCTT,1,3271026
relBp,2.0,1,0,ACTCAGGAGCTTGTGCGCGT,1,3298595
relBp,2.0,1,0,ACTATTGAAGCGAAGATTTG,1,3296149
relBp,2.0,1,0,ACTATTCGGAAAATTCGAGT,1,3256552
relBp,2.0,1,0,ACTATGTGCCCGTTTACCCT,1,3301349
relBp,2.0,1,0,ACTAGATACAATTGCCCAGC,1,3301725
relBp,2.0,1,0,ACTACTTCACTCATTCGCTC,1,3302132
relBp,2.0,1,0,ACGTTGCCGGGGTCTGACAA,1,3303037
relBp,2.0,1,0,ACGTTGCCCAGAGGTATCCG,1,3287771
relBp,2.0,1,0,ACGTTCAGCATTGGACATGA,1,3281762
relBp,2.0,1,0,ACGTTAAATAGAGTTTAATC,1,3256744
relBp,2.0,1,0,ACGTCTGATTTACGAATGGA,1,3289921
relBp,2.0,1,0,ACGTCTAAAACATTCGGACA,1,3260344
relBp,2.0,1,0,ACGTCCACCAATTCCACACT,1,3269507
relBp,2.0,1,0,ACGTCAAATGGAAGCCCATA,1,3306389
relBp,2.0,1,0,ACGGCTAAATAGGGAGTTAA,1,3287775
relBp,2.0,1,0,ACGGCGGCTGGGCGTATTAC,1,3266221
relBp,2.0,1,0,ACGGCGCTAGCCACTGTAAT,1,3275694
relBp,2.0,1,0,ACGGCAAGACTTAGGTCTTT,1,3268543
relBp,2.0,1,0,ACGGATCATATTCCATCAGG,1,3294250
relBp,2.0,1,0,ACGCTGCCCGTTGGCGAAAG,1,3266789
relBp,2.0,1,0,ACGCTCGCCTATCCCATTAG,1,3293379
relBp,2.0,1,0,ACGCTCCTTCTATTCACCCT,1,3284057
relBp,2.0,1,0,ACGCGTACAACATTAGATCA,1,3275888
relBp,2.0,1,0,ACGCGGTCTGTGATGGGCTC,1,3301002
relBp,2.0,1,0,ACGCGATATAGCGTTGAGCA,1,3304909
relBp,2.0,1,0,ACGCCTGTCGCTGTAATGTG,1,3297659
relBp,2.0,1,0,ACGCCTGAGCCTGTATGCGC,1,3302022
relBp,2.0,1,0,ACGCCTCTAAACCGGCTATT,1,3288707
relBp,2.0,1,0,ACGCCGTAATTCAATCACTC,1,3299110
relBp,2.0,1,0,ACGCCCAGTACCGACATAGC,1,3283402
relBp,2.0,1,0,ACGCACACACGCGGAACTGT,1,3299262
relBp,2.0,1,0,ACGATACGAGCAGGGAGGAG,1,3280142
relBp,2.0,1,0,ACGAGTATTAGACCTTGCTT,1,3305556
relBp,2.0,1,0,ACGAGCGGTCTGCACCACAA,1,3271624
relBp,2.0,1,0,ACGAGACGTAAGATAAGCCC,1,3266510
relBp,2.0,1,0,ACGACTATCGGTTATCGTCT,1,3305949
relBp,2.0,1,0,ACGACCCTCCATTAAAGATA,1,3308081
relBp,2.0,1,0,ACCTTTAGGTCCTTCTCCTC,1,3284701
relBp,2.0,1,0,ACCTTAAAAGAGTCCTACTC,1,3269944
relBp,2.0,1,0,ACCTGGGGTAACGACTCGGC,1,3261427
relBp,2.0,1,0,ACCTATTCTTTACGGGCCAC,1,3296864
relBp,2.0,1,0,ACCTAGGGGACATCTTGACA,1,3260592
relBp,2.0,1,0,ACCTAGAAAAGCATGGTGAG,1,3264321
relBp,2.0,1,0,ACCTAACCAGCGCGTCCCTA,1,3280701
relBp,2.0,1,0,ACCGGCATGAAACGGCCATG,1,3257376
relBp,2.0,1,0,ACCGCAAAATATTGGCACTG,1,3256236
relBp,2.0,1,0,ACCGATTTCTACACTTTGGT,1,3303376
relBp,2.0,1,0,ACCGACGCCCTTGGCGGGGC,1,3288944
relBp,2.0,1,0,ACCCTTCGTGTACTGCTTCG,1,3257702
relBp,2.0,1,0,ACCCGTTTAGATTCATCATA,1,3280240
relBp,2.0,1,0,ACCCGTCTGATTCCCGGGGA,1,3262011
relBp,2.0,1,0,ACCCGTAACACGAGATGGAA,1,3286425
relBp,2.0,1,0,ACCCCTGGCGGCACAATCGC,1,3280782
relBp,2.0,1,0,ACCCCATGCAACACGAAGCC,1,3285683
relBp,2.0,1,0,ACCCACCTGAGTTCCGAAGC,1,3305666
relBp,2.0,1,0,ACCATGTAAGCAAATAGAGT,1,3281983
relBp,2.0,1,0,ACCAGTGAAACTAGAATGTT,1,3306456
relBp,2.0,1,0,ACCAATTAGGATTGCATGAG,1,3270605
relBp,2.0,1,0,ACCAATACCATCGATAGGAT,1,3258546
relBp,2.0,1,0,ACCAAGGCCATTCATATTTA,1,3303384
relBp,2.0,1,0,ACCAACCTCAGCATTTTAAT,1,3281667
relBp,2.0,1,0,ACATTCGTCGTCACGTTGAG,1,3265734
relBp,2.0,1,0,ACATTATCGATTGGAGAGTA,1,3300254
relBp,2.0,1,0,ACATCTTCGAATACCTGCAG,1,3302196
relBp,2.0,1,0,ACATCGGCGCAAGAGTACCC,1,3275266
relBp,2.0,1,0,ACAGGTTGCAGTCATATGGC,1,3275651
relBp,2.0,1,0,ACAGCCCGTCCGGTTGGACA,1,3283595
relBp,2.0,1,0,ACAGATACAGCGGTAAGTAA,1,3272286
relBp,2.0,1,0,ACAGACGAACTAGCAGAGTC,1,3283030
relBp,2.0,1,0,ACAGAAGGTGCCGGGCGAGA,1,3266728
relBp,2.0,1,0,ACACTGCTTGCCTATCGGGA,1,3275223
relBp,2.0,1,0,ACACTGACATTCCGCCGTCA,1,3268582
relBp,2.0,1,0,ACACTCCTGATCGTAACTAA,1,3307632
relBp,2.0,1,0,ACACGTTCCTATGTACAGCT,1,3290772
relBp,2.0,1,0,ACACCGGATGCAGCGCTCAT,1,3293125
relBp,2.0,1,0,ACAACTTGACGACCCATCCG,1,3299070
relBp,2.0,1,0,ACAACGTGCTCCCTTTTGTT,1,3271881
relBp,2.0,1,0,ACAACGGCTGGGTTCAATCT,1,3295489
relBp,2.0,1,0,ACAAACGATCATCTCGTTTC,1,3276187
relBp,2.0,1,0,AATTTTTCGCGAGTACAATA,1,3263892
relBp,2.0,1,0,AATTTCTAGCGACCCCCATA,1,3262977
relBp,2.0,1,0,AATTTCCTCCGGACGCTTCA,1,3286314
relBp,2.0,1,0,AATTTATACTGCTACTCTTT,1,3300568
relBp,2.0,1,0,AATTGTGGAGCTGAGACTGC,1,3269823
relBp,2.0,1,0,AATTGAAAACTTTCCCGCCT,1,3286875
relBp,2.0,1,0,AATTCAACTGGCTATTTGCC,1,3283423
relBp,2.0,1,0,AATGTGATTATAGCAACTTA,1,3290346
relBp,2.0,1,0,AATGTAGTTGGTGTCCTCCT,1,3290259
relBp,2.0,1,0,AATGCTACGGCCACTTATCT,1,3295208
relBp,2.0,1,0,AATGATACGGTAATACGGGT,1,3261366
relBp,2.0,1,0,AATGACCGGGTACTAGGATG,1,3270525
relBp,2.0,1,0,AATGAAACTTATTGTAACTC,1,3282227
relBp,2.0,1,0,AATGAAACCCGGATCTCTTG,1,3276980
relBp,2.0,1,0,AATCTTTGAGCCCGCGAGTC,1,3305536
relBp,2.0,1,0,AATCTGGGAGAGTAGGATTC,1,3291011
relBp,2.0,1,0,AATCTGCAGCACCATATGTA,1,3282099
relBp,2.0,1,0,AATCTACGTTTATGGCGATC,1,3265811
relBp,2.0,1,0,AATCGTAAGCATGGTCTAGC,1,3260256
relBp,2.0,1,0,AATCGCATGAGATCTCAGGC,1,3275303
relBp,2.0,1,0,AATCCGATATTGGCTTTTAT,1,3277545
relBp,2.0,1,0,AATCATGGTATCGAAATCTG,1,3271637
relBp,2.0,1,0,AATATTGAGTTGGATATTAC,1,3291595
relBp,2.0,1,0,AATATAGACTGAGTCTTTAC,1,3294474
relBp,2.0,1,0,AATAGTGGACTGGATTGGCC,1,3296486
relBp,2.0,1,0,AATAAGTTAGACAATGGTGA,1,3298158
relBp,2.0,1,0,AATAAACGTCAATTCGGCTA,1,3262038
relBp,2.0,1,0,AAGTTTCAGTCAGCTTGCTC,1,3264913
relBp,2.0,1,0,AAGTTCTTCTTAATTAGATA,1,3285389
relBp,2.0,1,0,AAGTTCAATTTAAGACCGGT,1,3292587
relBp,2.0,1,0,AAGTTCAACAGCGCCGTCAT,1,3271725
relBp,2.0,1,0,AAGTGTCTCAAGTCCGGGAC,1,3267359
relBp,2.0,1,0,AAGTGCTAGCAGTCACTTTA,1,3276274
relBp,2.0,1,0,AAGTCCAGTGTTTGAAGGTA,1,3292002
relBp,2.0,1,0,AAGTCACGAGTCCATAATAT,1,3291359
relBp,2.0,1,0,AAGTAGAGATCGTTTAGCTG,1,3262243
relBp,2.0,1,0,AAGGTTGTCGCTGCCAAGCA,1,3292048
relBp,2.0,1,0,AAGGGGGCGTTGTAGCATCA,1,3289659
relBp,2.0,1,0,AAGGGGGATTTGTTTGGACA,1,3300012
relBp,2.0,1,0,AAGGGCCGCAGACGTTAAAC,1,3290220
relBp,2.0,1,0,AAGGCCGCTGACAGCTTGTT,1,3259789
relBp,2.0,1,0,AAGGAGTAGCGGATCATGTT,1,3303103
relBp,2.0,1,0,AAGGAATAGTTTGGGTACAA,1,3266346
relBp,2.0,1,0,AAGCTGGAGTCGTGGGCACA,1,3295604
relBp,2.0,1,0,AAGCTCGGTTAATTAAACCC,1,3300816
relBp,2.0,1,0,AAGCTCATCTTGCGCGTTAA,1,3258952
relBp,2.0,1,0,AAGCGCTAGTACATTAAATG,1,3262564
relBp,2.0,1,0,AAGCGAAGTTCGACGTTCGG,1,3296485
relBp,2.0,1,0,AAGCCGTATATTACCTTGGT,1,3262312
relBp,2.0,1,0,AAGCCGATATTACCAGCGCA,1,3276540
relBp,2.0,1,0,AAGCCGAGTGGTTGAAGGAT,1,3279771
relBp,2.0,1,0,AAGATTGCGTTTTCGTACAC,1,3279444
relBp,2.0,1,0,AAGATGGCACCGTGTAAAGG,1,3304471
relBp,2.0,1,0,AAGATGCCATACGTTACCGG,1,3270408
relBp,2.0,1,0,AAGAGGATACAAAGGACGAA,1,3284607
relBp,2.0,1,0,AAGACTCTCTCAAGAGTGCC,1,3280412
relBp,2.0,1,0,AAGACGGTCTCAAAAAACGC,1,3267406
relBp,2.0,1,0,AACTGGTGAGATTTTAGGCT,1,3304440
relBp,2.0,1,0,AACTCTCTACGCTCCCAACG,1,3261811
relBp,2.0,1,0,AACTCGAGCTCTGCATTGCC,1,3302338
relBp,2.0,1,0,AACTATGTGAGACAAATGGT,1,3304970
relBp,2.0,1,0,AACGTACATCGGGACCTATG,1,3265536
relBp,2.0,1,0,AACGGCCTCGCCGCATATGC,1,3278256
relBp,2.0,1,0,AACGGATAGCTTCTATAGTC,1,3289818
relBp,2.0,1,0,AACGCTTAATACAGGGCGCG,1,3267051
relBp,2.0,1,0,AACGCGACTTCTTTTCATAT,1,3276369
relBp,2.0,1,0,AACGCCCGGAAAAGCATTAC,1,3262357
relBp,2.0,1,0,AACGATAACAACAACTCTAA,1,3259424
relBp,2.0,1,0,AACGACGGCGGCTCAGACGA,1,3290298
relBp,2.0,1,0,AACGAAAAGAGCAGGGCGGA,1,3266448
relBp,2.0,1,0,AACCTTCGTTCAGTAGAAGA,1,3262112
relBp,2.0,1,0,AACCTCGTCTTACGTTACCC,1,3265688
relBp,2.0,1,0,AACCCCGAGGCGTAGGGTAA,1,3291306
relBp,2.0,1,0,AACCCAGGCTTAGTGTCAAA,1,3304609
relBp,2.0,1,0,AACATAAATGCCTTGCGCCA,1,3290413
relBp,2.0,1,0,AACAGAATGCTCACCGGACC,1,3279760
relBp,2.0,1,0,AACAAGGGGCGCACTCACCG,1,3294970
relBp,2.0,1,0,AAATGTGTTGTGATTATTTC,1,3304887
relBp,2.0,1,0,AAATGCAGCTGTTCGCTCAT,1,3273105
relBp,2.0,1,0,AAATATCACCCGACTAGAAG,1,3275127
relBp,2.0,1,0,AAATAACGGCCTGTTTAGTT,1,3301024
relBp,2.0,1,0,AAAGGGGCATGAACGCAAAC,1,3295622
relBp,2.0,1,0,AAAGGGACGCGGGGTCTCCT,1,3273145
relBp,2.0,1,0,AAAGCGGGTTTAGGATCAGA,1,3293775
relBp,2.0,1,0,AAAGCCCTCGTCGAGCGACA,1,3272086
relBp,2.0,1,0,AAAGACAATTGCCATTATCT,1,3256299
relBp,2.0,1,0,AAAGAACCCATTCAATCGCC,1,3262367
relBp,2.0,1,0,AAAGAACAACATAGGCACGA,1,3306914
relBp,2.0,1,0,AAACTTGTGTAAGTCGATCT,1,3292468
relBp,2.0,1,0,AAACTTATGATAGCGCGGAG,1,3300879
relBp,2.0,1,0,AAACTGCATCAAACATAAAC,1,3260839
relBp,2.0,1,0,AAACGGGACAACTAACTCTC,1,3267523
relBp,2.0,1,0,AAACGGCACGTCATGCGTGC,1,3286670
relBp,2.0,1,0,AAACGCGAGAGCAAGCGTAC,1,3301780
relBp,2.0,1,0,AAACGCATCGGCATTGCATT,1,3268219
relBp,2.0,1,0,AAACCCTCATGCCGGCAACT,1,3307454
relBp,2.0,1,0,AAACCCCTCGTACCCTCAAT,1,3282207
relBp,2.0,1,0,AAACCCAATGGTCGATTTAA,1,3278906
relBp,2.0,1,0,AAACATGAACGGTTTGTGCA,1,3285746
relBp,2.0,1,0,AAACACTACTTGACTGTTCT,1,3271011
relBp,2.0,1,0,AAACACAGAAGAGGGTAAAA,1,3290246
relBp,2.0,1,0,AAAATGACACTAAATTTTTG,1,3308573
relBp,2.0,1,0,AAAATAAAACCGACTGCCCG,1,3290957
relBp,2.0,1,0,AAAAAATTGGCCCACCAGCG,1,3305471
relBp,2.0,1,0,AAAAAACCGCCCATGTGAAT,1,3282332
