name,relative_counts,ct,ct_0,barcode,ct_1,barcode_ind
tolCp1,0.42857142857142855,18,13,CCGTAGAGGGGAGTGTGCAA,5,3708087
tolCp1,0.4166666666666667,15,11,GTTACGCACGACCTACTTAT,4,3694828
tolCp1,1.8,26,9,GTTCTGGAACTTCTGCGGTA,17,3694002
tolCp1,0.2222222222222222,9,8,TTCCATCCATGAGGACCTAT,1,3687306
tolCp1,0.2222222222222222,9,8,GGGCTTTAGCAGCAGGTTAC,1,3709146
tolCp1,1.0,16,8,CCCCTTATGCCCGAGACGGC,8,3694597
tolCp1,1.625,19,7,CGGTTTTTTGTTAGAACGTT,12,3679143
tolCp1,0.375,9,7,CAGGCTTCGATTGACTTCTT,2,3672222
tolCp1,1.375,17,7,CAGGCTGCCGTTTAAACATA,10,3663364
tolCp1,0.25,8,7,CACTGTTCTAAGTGCACGCA,1,3709964
tolCp1,0.5,10,7,AGTAGCTTTTCCTCATAATA,3,3713067
tolCp1,0.375,9,7,AATTCTAATATCGTAACTTG,2,3677614
tolCp1,0.75,12,7,AAGACTTTCGAACAGGGGGT,5,3682255
tolCp1,0.42857142857142855,8,6,GTAACTTTCAGTGGGAAGGA,2,3698910
tolCp1,0.42857142857142855,8,6,GGTATTCAGTTCGATTCATG,2,3690206
tolCp1,0.7142857142857143,10,6,GGTAGCGGAGAAAAGGCAAT,4,3703795
tolCp1,0.42857142857142855,8,6,GGCGACCCCTTCGGAAGTCT,2,3662881
tolCp1,1.8571428571428572,18,6,GATTGGGTTAGGTTTTGAAG,12,3663449
tolCp1,0.7142857142857143,10,6,GATAATCTGTAGCTTATCCA,4,3693153
tolCp1,0.42857142857142855,8,6,GACTCGTTTAGACCAAAGCC,2,3683609
tolCp1,0.2857142857142857,7,6,CTCGCTAGGCACACCTGAAG,1,3671857
tolCp1,0.42857142857142855,8,6,CCTGTCGCGCCGACTCGTTT,2,3677750
tolCp1,0.7142857142857143,10,6,CCGCTTTTTAGTATGTTACT,4,3671725
tolCp1,0.2857142857142857,7,6,ATCGCATAGTATTATGGCAA,1,3679147
tolCp1,0.2857142857142857,7,6,AGTGGCGCTGCTCTGTGCAG,1,3712857
tolCp1,0.42857142857142855,8,6,AGCGACAAGGTTCTAGAGTT,2,3679230
tolCp1,1.0,12,6,ACATGAGTGGTAGAGTTTTA,6,3663529
tolCp1,0.5714285714285714,9,6,ACAATGAGGAATTCCGATCA,3,3680668
tolCp1,1.0,12,6,AAGGGTTCGAGCTCCGTTGT,6,3670851
tolCp1,0.3333333333333333,6,5,TTTGTGGGATTTTTCCTCTA,1,3694644
tolCp1,0.3333333333333333,6,5,TTCTGTAATTGCGATTATTT,1,3681954
tolCp1,0.5,7,5,TGTTACAAAGCGGCAGATTA,2,3683758
tolCp1,0.8333333333333334,9,5,TGGGAGGTGGCACGGATGAA,4,3679741
tolCp1,0.6666666666666666,8,5,TGGCCAATCGCATGGCTGGT,3,3697546
tolCp1,0.3333333333333333,6,5,TGCTCGAATCTGGCGAACCG,1,3695890
tolCp1,0.5,7,5,TGCTATAATATCAGGATACG,2,3693545
tolCp1,0.3333333333333333,6,5,TCTCTGGTCCCCGACGGAAG,1,3673941
tolCp1,0.5,7,5,TCTCTACCTAGTACTTCGAG,2,3680698
tolCp1,0.8333333333333334,9,5,TCGGGGATAACGACCTTAAT,4,3662783
tolCp1,0.3333333333333333,6,5,TCCGAAGCTATTCGACTAAA,1,3702652
tolCp1,1.3333333333333333,12,5,TCAGTGGTTCTTGCTGGTGA,7,3693998
tolCp1,0.3333333333333333,6,5,GTGCTTGACGATACGGTTAT,1,3704036
tolCp1,0.3333333333333333,6,5,GGGTCCCCGCTTGGTAATCT,1,3677691
tolCp1,0.5,7,5,GGAAAGAGAGGAAACGGCGT,2,3675440
tolCp1,1.0,10,5,GCAGGTGGCGACTTCGACAT,5,3664019
tolCp1,0.3333333333333333,6,5,GCACGACCTGTAGTACAAGA,1,3679594
tolCp1,0.6666666666666666,8,5,GCAACGTCTCGAATGAAAAA,3,3708463
tolCp1,0.5,7,5,GAGGTGAAGTGGCCCAACAA,2,3683090
tolCp1,0.6666666666666666,8,5,CTTAGGTACGTAGTGTCAGC,3,3693953
tolCp1,0.3333333333333333,6,5,CGGACGTCTGAACAGCAGCA,1,3662861
tolCp1,0.3333333333333333,6,5,CATGGCCGAGCTCTGGAGGT,1,3678836
tolCp1,0.5,7,5,CACCCAATTTGGGACGGTTG,2,3666341
tolCp1,0.3333333333333333,6,5,CAAGGTCTCACCTAGGCGAT,1,3664444
tolCp1,0.5,7,5,ATGTAAGGCTTACGCCTTAT,2,3704286
tolCp1,0.5,7,5,ATGAAGGGACCTCGTCTGGT,2,3683720
tolCp1,0.8333333333333334,9,5,AGGGTATATCACGACGTGTT,4,3670214
tolCp1,0.3333333333333333,6,5,AGCACATCGGCTTGCCCTCA,1,3672073
tolCp1,0.6666666666666666,8,5,AGATTCGTGGATAGTAGCTA,3,3696062
tolCp1,0.5,7,5,AGACTCAGCTGACCTGTGCG,2,3663873
tolCp1,1.8333333333333333,15,5,ACTGTCCCATTCGCGTTCTT,10,3687021
tolCp1,0.8333333333333334,9,5,ACTGGGCGATATTAACTCCA,4,3684905
tolCp1,0.8333333333333334,9,5,ACTAACCGATCGACATTGAA,4,3678787
tolCp1,0.3333333333333333,6,5,ACGCTAGGCAATTATCATTA,1,3708343
tolCp1,2.0,16,5,ACACTTTAACCATGTTAGGA,11,3677503
tolCp1,0.3333333333333333,6,5,AAGGATTTTCGATGCGGCTA,1,3662277
tolCp1,0.6,6,4,TTTTTCAACCTACATGCTAT,2,3670459
tolCp1,0.4,5,4,TTTCTAAGGTTTAGAAGCCA,1,3672454
tolCp1,0.4,5,4,TTGTTCAGCAGCGCTACGAG,1,3663089
tolCp1,0.4,5,4,TTGCATTTACCCCGAGGAAG,1,3668097
tolCp1,0.8,7,4,TTCTTTGGTGGCGTCGGAGG,3,3681620
tolCp1,0.4,5,4,TTCCGAAAAACTTGCAGTGT,1,3678108
tolCp1,0.4,5,4,TTCCACTAGCTAAGTAATTG,1,3662905
tolCp1,0.6,6,4,TTACTGCCACCGGGCCTGGT,2,3712449
tolCp1,0.4,5,4,TGTGTTCAGATGCCTACTGA,1,3686722
tolCp1,0.4,5,4,TGTGAAGAAGGTCGTCATAG,1,3687228
tolCp1,0.4,5,4,TGCTGGTAAACGGGTGTAAA,1,3674698
tolCp1,1.8,12,4,TGATTCAGTAGCCTGTCGGT,8,3663863
tolCp1,7.6,41,4,TCTTTGGTTGTATCCAGCTT,37,3712513
tolCp1,0.4,5,4,TCTCGGCGGATCTCGCAGCA,1,3695314
tolCp1,1.2,9,4,TCGACCGCAAAATGGTTTGT,5,3662190
tolCp1,0.6,6,4,TAGCAGGCTCCCTCAGAATA,2,3662183
tolCp1,0.4,5,4,TACTCGCCTGGGTGTCTCGC,1,3686123
tolCp1,1.2,9,4,TACCGGTGGGTTGATGTAGG,5,3703574
tolCp1,0.8,7,4,TACACTTCTCCTCCTGGGTA,3,3702589
tolCp1,0.4,5,4,TAAGATACTTTAATCAGCTG,1,3704980
tolCp1,0.6,6,4,GTTTGATAACTAACAATTAC,2,3681487
tolCp1,1.0,8,4,GTGTCCACGCGTTCCTCCTT,4,3665998
tolCp1,0.4,5,4,GTGGGTTGCGCTCGATCGGG,1,3670463
tolCp1,0.4,5,4,GTAGGGTTGCTCCCGCTTAC,1,3695085
tolCp1,0.6,6,4,GGTGAAGGCCTTTAATTAGA,2,3687196
tolCp1,0.4,5,4,GGGGGCTTACTAAGCTCTCA,1,3689921
tolCp1,0.4,5,4,GGGCGTTCGAGGATGACGGT,1,3666887
tolCp1,1.0,8,4,GGCGCATTAGTTGGGGCAAA,4,3666390
tolCp1,1.2,9,4,GGCACATACGTAATAGAGCA,5,3667231
tolCp1,1.2,9,4,GCTGTCTCGTCTATGCAGTT,5,3673920
tolCp1,0.8,7,4,GCTGAATCTTGATCTGGTAG,3,3688334
tolCp1,1.0,8,4,GCGGGGCGAGACGTTCAATT,4,3664397
tolCp1,1.0,8,4,GCGCTTCGAACGTTGGCTGA,4,3685931
tolCp1,0.4,5,4,GCGACTTATTGGGACTGTAG,1,3688562
tolCp1,0.4,5,4,GCCTTCGATAATCATTGCCT,1,3680111
tolCp1,0.4,5,4,GCCTTATGGTCCGAGGTTAT,1,3661420
tolCp1,0.8,7,4,GCCTGTAGACGAAAAAGTAG,3,3666213
tolCp1,0.8,7,4,GCACTATATTCGACGTCGAT,3,3684401
tolCp1,0.8,7,4,GCACAACTTGTCCCCTAGAA,3,3672763
tolCp1,0.8,7,4,GATCCTAAAATCTTGATCAT,3,3682140
tolCp1,0.4,5,4,GACGGATATGCCTGATAGGA,1,3664325
tolCp1,0.4,5,4,GACCTTGTATTTGCAAGTTT,1,3702775
tolCp1,2.6,16,4,GAAGCGCTCGTCTCAATCCA,12,3685300
tolCp1,1.0,8,4,GAAAGAGCATTCAATTGCTG,4,3678786
tolCp1,0.4,5,4,CTGTGCAGGGATGAAAACAG,1,3682079
tolCp1,1.2,9,4,CTGTCACGTCAGACTCGAAC,5,3688531
tolCp1,0.4,5,4,CTGTATCGCTATGTACTAGG,1,3666263
tolCp1,1.2,9,4,CTGAGGCTCCCTCGCAGTGT,5,3679628
tolCp1,0.6,6,4,CTAAGCAACCAAGCACGGCC,2,3663180
tolCp1,0.4,5,4,CGTGGTTACGTTTACTGCTG,1,3695473
tolCp1,0.6,6,4,CGGTGGTTGCTGACAGTGGC,2,3674554
tolCp1,0.6,6,4,CGGGACCTAGGCGTCCTTGA,2,3661727
tolCp1,0.6,6,4,CGGCTATGTTTACCAGGGTT,2,3697441
tolCp1,0.6,6,4,CCTACTTTCGGACGTGACGA,2,3684704
tolCp1,0.4,5,4,CCGAGTGCTCTAATATTACG,1,3692992
tolCp1,0.4,5,4,CCCCCTCGTGTAAGTTTCTC,1,3686764
tolCp1,1.2,9,4,CATGAGAGGTGGCCTATATA,5,3664955
tolCp1,0.4,5,4,CATACCGGTACGGCGTTCAC,1,3701350
tolCp1,0.8,7,4,CAGGAGCGGCTAGCGTTTGT,3,3667460
tolCp1,0.6,6,4,CAATTTACCAGAGTGATTAA,2,3678208
tolCp1,0.6,6,4,CAAGCTCAGCATCGGGTCGG,2,3684440
tolCp1,0.4,5,4,ATTATTAGGTGTAACTGCTA,1,3667286
tolCp1,0.4,5,4,ATGTTTACAAACGGTCCCAG,1,3682924
tolCp1,0.6,6,4,ATGTCCCCGACGGTCCTGGA,2,3690002
tolCp1,0.6,6,4,ATCCTGCCACTGCGGTTTTG,2,3702158
tolCp1,1.2,9,4,ATATTAGTACTACACCATGT,5,3707290
tolCp1,0.4,5,4,AGTACACAAATCTATGGCTG,1,3687433
tolCp1,1.0,8,4,AGGTTGCTTTATCGAGCAAA,4,3661328
tolCp1,0.6,6,4,AGGCATTTACAATATGATTT,2,3702025
tolCp1,0.6,6,4,AGGAAGATCAGATCACTCGT,2,3662907
tolCp1,0.6,6,4,AGCTCGTTGGATTACAGTAA,2,3661677
tolCp1,0.4,5,4,ACGGCCGTGTCAACCTGTCA,1,3675875
tolCp1,0.6,6,4,ACGGAACCAGGTTCAGTACT,2,3690406
tolCp1,0.4,5,4,ACGCAGCGTCGAGGGCTTTG,1,3665965
tolCp1,1.0,8,4,ACGCAAGCACGCAACTGTAA,4,3684677
tolCp1,1.0,8,4,AATCTCTAAAGCCTGACATG,4,3692658
tolCp1,0.6,6,4,AAGGCCGCTTGACATGATAC,2,3667285
tolCp1,0.6,6,4,AACTATCGCTGAACGTGTGT,2,3672787
tolCp1,0.4,5,4,AACTAACTGACTGCGCGCTC,1,3711801
tolCp1,3.4,20,4,AAAATGAGGGTGTCGCCCTT,16,3681831
tolCp1,0.6,6,4,AAAACCTGGGCGGGCGTTGC,2,3695521
tolCp1,0.75,5,3,TTTTCGCGGTGGTACCCGTA,2,3684489
tolCp1,0.75,5,3,TTTTCGAAAATCAAAAACGA,2,3687712
tolCp1,0.75,5,3,TTTGGCCCGGAATTGATAAC,2,3703983
tolCp1,1.5,8,3,TTTCCGGGCGAATTTGCTGT,5,3668282
tolCp1,0.5,4,3,TTTAAGTGTAGCCGGAATGA,1,3708146
tolCp1,1.0,6,3,TTGTCACATATCACATTCGT,3,3665378
tolCp1,0.5,4,3,TTGTATGATCAGGGTAACGG,1,3678947
tolCp1,0.75,5,3,TTGCACTCTTGCTTAGCGTA,2,3682794
tolCp1,0.5,4,3,TTCTGAAGGTTACTCGTGTG,1,3675236
tolCp1,0.5,4,3,TTCCCCCTCACGAGAGCCGC,1,3708176
tolCp1,0.75,5,3,TTCACGTTACACATGAAATG,2,3693997
tolCp1,1.5,8,3,TTACTGCCAAGTGTCCTAGA,5,3684354
tolCp1,0.5,4,3,TTACCACTCATCGGGGTCGG,1,3663640
tolCp1,1.25,7,3,TGTCTACCGAGGTCTGTACA,4,3684491
tolCp1,0.75,5,3,TGGGGGAAGGAGCAGGAAAA,2,3689592
tolCp1,0.5,4,3,TGGGATAAAGGTAGGGTCAT,1,3707176
tolCp1,2.75,13,3,TGGAAATCACATTTCTAGTG,10,3674458
tolCp1,0.75,5,3,TGCTAAAGCCATGGAATAAT,2,3695014
tolCp1,0.5,4,3,TGCATGCATGATATTTAATC,1,3675832
tolCp1,0.5,4,3,TGCACAGCGTTGTGCACGCA,1,3669167
tolCp1,0.5,4,3,TGACGGCGGCCGGTGACAGA,1,3670936
tolCp1,0.5,4,3,TGACAGTTTGCGGTGTTGTA,1,3677756
tolCp1,1.25,7,3,TCTTCAGACGAACACTCAGA,4,3673492
tolCp1,0.5,4,3,TCTTATATCGAGATAGCTCA,1,3686520
tolCp1,0.75,5,3,TCGTGTTGATTACTAAGTAC,2,3668377
tolCp1,1.0,6,3,TCGTACTTTTTGGAACGTGT,3,3709104
tolCp1,0.5,4,3,TCGCTCCTTTTTCGATTTTT,1,3664665
tolCp1,0.5,4,3,TCGCGCCCTTCCTCGTGCTG,1,3695256
tolCp1,1.5,8,3,TCGCCATCATATGGGGTCAC,5,3692368
tolCp1,1.25,7,3,TCATCACCACTAATACCGTT,4,3662084
tolCp1,0.5,4,3,TCAGATCCATCCGGAACCCG,1,3692862
tolCp1,1.75,9,3,TCACAACACGAAAAGTTGAA,6,3674159
tolCp1,1.25,7,3,TATTGTGCATGCTGCAGTTG,4,3701976
tolCp1,0.75,5,3,TATTGCTTTTTCAGACAATG,2,3666461
tolCp1,0.5,4,3,TATTAAGCGGGTGGAGAATG,1,3676628
tolCp1,0.5,4,3,TATGGGCTCTCGTAATAGAA,1,3663300
tolCp1,1.0,6,3,TATGCCTCCTCATGCACGAA,3,3672202
tolCp1,0.75,5,3,TATCCTGTTTGTATAGGAAA,2,3664980
tolCp1,1.25,7,3,TATCAATTTGAGTCTTGAAG,4,3665368
tolCp1,0.75,5,3,TAGTTTTTCGGTTGATGGTT,2,3667998
tolCp1,0.5,4,3,TAGACCGTGTTAAACGTAGA,1,3700805
tolCp1,0.75,5,3,TACGTGAGGTACCTGATATA,2,3707699
tolCp1,0.5,4,3,TACGGCGTCGATACTGACAG,1,3675836
tolCp1,0.5,4,3,TAAGCCTCTTGCGCCGGGAA,1,3697040
tolCp1,1.0,6,3,TAACACTAAGAAATTCTAGT,3,3673529
tolCp1,0.5,4,3,GTTTTTGTCCATAGAGAACA,1,3712310
tolCp1,1.5,8,3,GTTTACCTAACTGTGTCAGC,5,3685067
tolCp1,0.5,4,3,GTGTCGCAATAGTCCTTCAC,1,3688371
tolCp1,0.5,4,3,GTGGATTAGCTGGGGAGATA,1,3700170
tolCp1,0.5,4,3,GTCTATTCGACCAGTCGCTA,1,3667813
tolCp1,0.5,4,3,GTCGGGGCCAGAAGATAAAA,1,3702970
tolCp1,2.0,10,3,GTCGCTCTCCATCTGCCAAG,7,3661217
tolCp1,3.0,14,3,GTCATCTCAAGTTTGGATGC,11,3712647
tolCp1,0.75,5,3,GTCATCAGTAAATGGTTTCT,2,3676584
tolCp1,0.5,4,3,GTATCGCTAAGTTATAGGAA,1,3666315
tolCp1,1.5,8,3,GTACTCAGTTGGCCCAGAAT,5,3694928
tolCp1,0.75,5,3,GGTTGGGTAAACATTTACAT,2,3664909
tolCp1,0.5,4,3,GGTGAAACCCGGCCCGCTCT,1,3714986
tolCp1,0.5,4,3,GGTCCATTAACAGTGATGCG,1,3677798
tolCp1,1.0,6,3,GGGTAGGAAGATTCCGACCC,3,3669569
tolCp1,0.75,5,3,GGGTACGGGTCTCTGACCTT,2,3708383
tolCp1,0.5,4,3,GGGGCCGGACAGATATCCAT,1,3671334
tolCp1,0.5,4,3,GGGGATGCTTATGGTCCCGA,1,3664089
tolCp1,0.75,5,3,GGCTCAGGGCACAGGCGCCT,2,3676060
tolCp1,0.5,4,3,GGCGTTGGCACAAGCGCCAG,1,3709491
tolCp1,0.5,4,3,GGCCGGTAGGTTAGTACTTA,1,3712803
tolCp1,1.0,6,3,GGATTCGCCTAGCTGCGATC,3,3694641
tolCp1,0.5,4,3,GGAGGTTACTATAGTCAATA,1,3708713
tolCp1,0.5,4,3,GGAGATTATGTCCACAGAAT,1,3670521
tolCp1,1.0,6,3,GGACTACTTAGATCTAAGAT,3,3680725
tolCp1,0.75,5,3,GGAATCTGGGCTAACCACAA,2,3667999
tolCp1,1.0,6,3,GGAAGCTCTGATTCAGACCT,3,3670749
tolCp1,0.5,4,3,GCTTTGCGTGTAACTTAGCG,1,3698662
tolCp1,0.5,4,3,GCTTCCTGAGGGCCGCGCTA,1,3676349
tolCp1,0.75,5,3,GCTTCCCCAGAAATAGCGGT,2,3673402
tolCp1,0.5,4,3,GCTCTCCACTAAGAACCTGT,1,3712456
tolCp1,0.5,4,3,GCTCGACCGCCGCGACACCA,1,3708989
tolCp1,0.5,4,3,GCTACGAACCGGGCGTGGCC,1,3697311
tolCp1,0.5,4,3,GCTAACCAGGGGTTGGTCAA,1,3708717
tolCp1,1.25,7,3,GCGTCTCGACCCCGAGTGTG,4,3661937
tolCp1,1.0,6,3,GCGGACGGTGAACTTTAGGC,3,3692669
tolCp1,1.25,7,3,GCGCTCTTAACGAGAGCTTG,4,3702338
tolCp1,2.0,10,3,GCGAGTTCCTTAGGTACACA,7,3702343
tolCp1,0.5,4,3,GCGACCCGCCGCTGGCGTGT,1,3671332
tolCp1,0.5,4,3,GCCGGTTTCCCGGGGCTCTT,1,3681267
tolCp1,0.5,4,3,GCCGAATGGTGTATCAGGGC,1,3711949
tolCp1,0.5,4,3,GCCCGATGCGAACCAGGACC,1,3662458
tolCp1,0.75,5,3,GCAGTTCGGCTGACCTCTCG,2,3702965
tolCp1,0.5,4,3,GATTGGTTGCGGTTTTGCTC,1,3665412
tolCp1,1.25,7,3,GATGCTCGAAGTCATTGGTA,4,3689780
tolCp1,1.0,6,3,GATCACGGTTCCCTAGGCCC,3,3699038
tolCp1,0.75,5,3,GAGCTAAAGCAAAACTTGGC,2,3662179
tolCp1,1.0,6,3,GAGACTACAGGGTCGCCCTA,3,3674992
tolCp1,0.75,5,3,GAGACCAATAGCAAACATCA,2,3676395
tolCp1,0.75,5,3,GACTGGCCACGTAGAATCGT,2,3693717
tolCp1,0.5,4,3,GACGCTGATTACTTGTCTTT,1,3668719
tolCp1,0.75,5,3,GACGACGGAAACCACTCCCA,2,3673526
tolCp1,0.5,4,3,GACATGTGTGAGCCAGAATG,1,3704375
tolCp1,0.5,4,3,GAAGAGGGCCCCGGCGAGTA,1,3689888
tolCp1,0.5,4,3,GAAGACGCGTCTGCAAGTGA,1,3702790
tolCp1,0.5,4,3,CTTCTTCGTGGGCACGACGT,1,3707251
tolCp1,0.5,4,3,CTTCGCGTTCCCCTTCATCA,1,3699567
tolCp1,0.75,5,3,CTGTGTTAGGCAAAAATCGG,2,3680395
tolCp1,2.5,12,3,CTGTGGCACACCATGAGAAA,9,3682468
tolCp1,2.75,13,3,CTGCGTGGAATTAAGAAACA,10,3661615
tolCp1,0.5,4,3,CTCTGCGGATTGATGGTAGG,1,3715590
tolCp1,1.0,6,3,CTCTATATTCTGGTCCTTGG,3,3686078
tolCp1,2.25,11,3,CTCCTCCTGTTTTATGGGAT,8,3671040
tolCp1,0.75,5,3,CTATTGAGGGTCCATATCCA,2,3669026
tolCp1,0.5,4,3,CTAGCGTGCATCGATACCTG,1,3669891
tolCp1,2.0,10,3,CTAATGATGTTGAAGCCGTG,7,3673524
tolCp1,0.5,4,3,CTAACAGAGTTATCGTTACA,1,3702074
tolCp1,0.5,4,3,CGGTTCTCTTCATCGGGATC,1,3676019
tolCp1,0.5,4,3,CGGATCCGATCTATAGTCAT,1,3662034
tolCp1,0.75,5,3,CGCCGGAACTAGCCCGGGTA,2,3673740
tolCp1,1.75,9,3,CGCCCAATGCATCTGAGAAT,6,3713762
tolCp1,1.25,7,3,CGCACAGGACCGAATGCTGT,4,3691965
tolCp1,0.5,4,3,CGATTGTATCTGCCAGGGTC,1,3677941
tolCp1,5.25,23,3,CGATGGGCGACTGATATCAT,20,3666189
tolCp1,1.25,7,3,CGAGGAGTGTGATGTTAGGT,4,3688154
tolCp1,0.75,5,3,CGAACCAGGGACGGGTCGAA,2,3680594
tolCp1,0.5,4,3,CGAAACGGTGACATCGGTGT,1,3687834
tolCp1,0.75,5,3,CCTTGTCGGTCCTCTAAGCA,2,3683826
tolCp1,0.75,5,3,CCTACATTAAGGGAATCACT,2,3664529
tolCp1,0.75,5,3,CCGTGGTTTTACTCTCAGAT,2,3679231
tolCp1,1.5,8,3,CCGCTGAAAAGGTCATCATA,5,3702688
tolCp1,4.25,19,3,CCCCTGCTAACTAATCAGAT,16,3689800
tolCp1,0.75,5,3,CCCCACGGGGAGCGCGGGTA,2,3670759
tolCp1,1.0,6,3,CCATCCCACACACTCGGGTA,3,3662266
tolCp1,0.5,4,3,CATATGTCTGTGCAATCGCA,1,3663399
tolCp1,0.75,5,3,CAGTCTCAGACCAGCATGCA,2,3712448
tolCp1,0.5,4,3,CAGTATGCATATATTGTTAT,1,3670784
tolCp1,0.75,5,3,CAGCCAGGCCTTGAATTGCT,2,3693721
tolCp1,0.5,4,3,CAGATGGATTGGGAAAAGAT,1,3686196
tolCp1,1.0,6,3,CAGAGTGCAGTACTTCGATA,3,3698819
tolCp1,1.0,6,3,CAGAAGTGCCACAGATCCAG,3,3688752
tolCp1,1.0,6,3,CACTGAAGAGAAACACTCGG,3,3683350
tolCp1,0.5,4,3,CACCGGTTACCCACACCTAA,1,3693346
tolCp1,1.5,8,3,CAAGTCGTACGACATTTCCT,5,3668311
tolCp1,0.5,4,3,CAAATCTGCTCAAGCACCGA,1,3676645
tolCp1,0.5,4,3,CAAATAATTCCGTTTTCGCT,1,3686715
tolCp1,0.75,5,3,CAAACTCCGCTTGAAGCAAT,2,3674738
tolCp1,0.5,4,3,CAAACGAACCGCGTCTGAGT,1,3688454
tolCp1,0.5,4,3,ATTGCACTATTCCGCAGGGA,1,3680099
tolCp1,0.5,4,3,ATTCTCGTTCCGCATTTTTG,1,3699055
tolCp1,0.75,5,3,ATTCCGTGGCAGATGAGTCC,2,3708953
tolCp1,1.25,7,3,ATTACGAACTCTTGCGCCAA,4,3699911
tolCp1,1.5,8,3,ATCTCGCATCAACCTGCTCT,5,3672544
tolCp1,0.75,5,3,ATCTACCTCACTCCTATGAC,2,3699784
tolCp1,0.75,5,3,ATCTACCTAGGTTGCCAAGT,2,3678002
tolCp1,0.75,5,3,ATCGTGAATGGCGCACATCT,2,3694842
tolCp1,0.75,5,3,ATCCACTTGGCGGATGGGAC,2,3679840
tolCp1,0.75,5,3,ATCCACGGGCGGGGAGCTAT,2,3696381
tolCp1,0.75,5,3,ATCAGCAAGAGCCCGACGCG,2,3697052
tolCp1,0.5,4,3,ATCAATTTGTGCGTTATGGA,1,3665447
tolCp1,0.5,4,3,ATAGTTTTACAAGTGTCATT,1,3662648
tolCp1,2.25,11,3,ATAGATTTGTAATTACCATA,8,3712657
tolCp1,0.5,4,3,ATACCCGTGGATCGCCGCTA,1,3704370
tolCp1,0.5,4,3,ATACCACGTCTACGACTGAA,1,3681246
tolCp1,0.5,4,3,ATAAGAAGAGTTTATCTTCC,1,3669479
tolCp1,0.5,4,3,AGTAGGAGGGCCTTTTGATA,1,3674371
tolCp1,0.5,4,3,AGTAGATCCCGGTGTCACAA,1,3691793
tolCp1,0.5,4,3,AGTAAGAGGTTGGTATTATT,1,3662073
tolCp1,0.5,4,3,AGGTCCAACCCCTGCGCTAC,1,3689291
tolCp1,0.5,4,3,AGGGAGGCGCGCGCTGTTAT,1,3689600
tolCp1,0.75,5,3,AGCTCCATCTAGCCTACAGT,2,3670174
tolCp1,0.75,5,3,ACTCCACAAGTCCGTTCCGT,2,3681999
tolCp1,0.5,4,3,ACTATTTCCTGGGGCTCCTG,1,3707779
tolCp1,0.5,4,3,ACGTCCTGGTACCAGGTGAG,1,3682835
tolCp1,0.5,4,3,ACGGGACCACACTATGCGAC,1,3664280
tolCp1,0.5,4,3,ACCGATGGCCATCGCCTATC,1,3661558
tolCp1,1.0,6,3,ACCCGCACGCCATTGATCCT,3,3708866
tolCp1,0.5,4,3,ACATTAAGGGCTGCAAGTGA,1,3700523
tolCp1,0.5,4,3,ACAGGCCACCCGTGTAACAC,1,3696542
tolCp1,0.75,5,3,ACAATATCCATGGTGATTAT,2,3678039
tolCp1,1.75,9,3,AATTCGTGTTGGATAGAGCG,6,3667860
tolCp1,0.5,4,3,AATGTTCAACTCGCGAGACC,1,3671335
tolCp1,1.75,9,3,AATGTACAGGAATTTGTGCA,6,3678821
tolCp1,1.25,7,3,AATGGCGAGCTAGCCGTCTC,4,3668877
tolCp1,0.75,5,3,AATGACAATTGTCTAACTCG,2,3663964
tolCp1,0.75,5,3,AAGACATTCGCCCTGCGAAG,2,3676077
tolCp1,1.75,9,3,AACTTTTGTGGGTGAATTTG,6,3695659
tolCp1,0.5,4,3,AACAACAACAGACATTCAGA,1,3689285
tolCp1,0.75,5,3,AAATGCATGTCAAAGGGGGG,2,3662744
tolCp1,0.6666666666666666,3,2,TTTTGGCCAGAGTAATCATC,1,3713477
tolCp1,4.333333333333333,14,2,TTTGTGCACCATCCGTCGGA,12,3676553
tolCp1,27.0,82,2,TTTGCTGGACCCAATCATCA,80,3678156
tolCp1,1.0,4,2,TTTGATCTTGGGATTGCGCG,2,3679753
tolCp1,0.6666666666666666,3,2,TTTGAGTCTGGAAGTGAATG,1,3694094
tolCp1,0.6666666666666666,3,2,TTTGACTTGTGTGGTGACTG,1,3694317
tolCp1,0.6666666666666666,3,2,TTTCGAACAGTTTTAGAGAA,1,3688579
tolCp1,1.3333333333333333,5,2,TTTATTTACTCTGCATGTCT,3,3669712
tolCp1,0.6666666666666666,3,2,TTTATGGTCCTTCTCAAGTA,1,3682686
tolCp1,0.6666666666666666,3,2,TTTAGTAGCTTGACCCGAAC,1,3700031
tolCp1,1.3333333333333333,5,2,TTTACCTCAAGGAGCTAGTG,3,3693354
tolCp1,1.0,4,2,TTGTAAAAGCGAGCGTATTA,2,3691110
tolCp1,0.6666666666666666,3,2,TTGGGGGAATATTGTTTGTA,1,3693734
tolCp1,1.0,4,2,TTGGGCGTCTACCCCGGGCT,2,3697739
tolCp1,0.6666666666666666,3,2,TTGCCCTTGCAGAGTACACT,1,3662813
tolCp1,1.6666666666666667,6,2,TTGCAGACACCGCGTTTACT,4,3687868
tolCp1,0.6666666666666666,3,2,TTGATGAATGATACTCACGT,1,3707623
tolCp1,0.6666666666666666,3,2,TTGAGCCCGACTCCGTTTAA,1,3695607
tolCp1,0.6666666666666666,3,2,TTGACAGCGCCGTTTTGTCT,1,3668456
tolCp1,0.6666666666666666,3,2,TTCTGCGGTATGCGGCCGCC,1,3703233
tolCp1,1.0,4,2,TTCTGAGGTCACACTCTCAC,2,3705634
tolCp1,1.3333333333333333,5,2,TTCTAAGCCTTTACGACAAA,3,3664926
tolCp1,1.3333333333333333,5,2,TTCCAACCATACGTCCAAGT,3,3709312
tolCp1,1.0,4,2,TTCATATCCGTTCACATCGT,2,3674054
tolCp1,1.0,4,2,TTCAATTACAGAGATTACGG,2,3663591
tolCp1,0.6666666666666666,3,2,TTATGGTTAGGCCGCACATG,1,3662353
tolCp1,0.6666666666666666,3,2,TTATGGAAGCGATACTGTGT,1,3680192
tolCp1,0.6666666666666666,3,2,TTATATCCTACCAGGGCGTG,1,3664678
tolCp1,0.6666666666666666,3,2,TTAGGACGGTTGCGAGCAAC,1,3696547
tolCp1,2.6666666666666665,9,2,TTAGCCGATTAATTGTCGAT,7,3688060
tolCp1,0.6666666666666666,3,2,TTAACGCCAATGTATGCCTG,1,3675718
tolCp1,0.6666666666666666,3,2,TTAACAATCCATTTCACGAG,1,3676931
tolCp1,0.6666666666666666,3,2,TTAAATTATACTCAATCAGT,1,3678837
tolCp1,1.6666666666666667,6,2,TGTTTTGAAGGTTCACCATT,4,3688149
tolCp1,0.6666666666666666,3,2,TGTTCCGCATATAGTACTTC,1,3704997
tolCp1,1.3333333333333333,5,2,TGTTCAGCATTTAGCATTAG,3,3666546
tolCp1,0.6666666666666666,3,2,TGTTACTGGGTCCAAGCAAG,1,3662128
tolCp1,0.6666666666666666,3,2,TGTGTCTTCTCGGATCTACA,1,3686291
tolCp1,1.6666666666666667,6,2,TGTGTCACGCATATAGCTTA,4,3688000
tolCp1,0.6666666666666666,3,2,TGTCCTATGGTTATCACGCG,1,3671378
tolCp1,0.6666666666666666,3,2,TGTCAGTTGCGGGACGGAGT,1,3666532
tolCp1,0.6666666666666666,3,2,TGTAGTCTTCCAGCAGAAAG,1,3692798
tolCp1,0.6666666666666666,3,2,TGTACCGGGTGGTTGATTAA,1,3697576
tolCp1,0.6666666666666666,3,2,TGGTTTTTGGTCTGCTAAGA,1,3669751
tolCp1,0.6666666666666666,3,2,TGGTATCCAGCACAGGATGG,1,3663864
tolCp1,0.6666666666666666,3,2,TGGGTATCGGCCACTAACGA,1,3687065
tolCp1,0.6666666666666666,3,2,TGGGAAAGGGCATGATTGTT,1,3695912
tolCp1,0.6666666666666666,3,2,TGGCCGGATCAGGATTGCGA,1,3710289
tolCp1,0.6666666666666666,3,2,TGGAACGTGATATGTGAATA,1,3703575
tolCp1,1.0,4,2,TGGAACGCCGCGACCAATTG,2,3693833
tolCp1,0.6666666666666666,3,2,TGCTTATTATGCACTACCAC,1,3690947
tolCp1,1.0,4,2,TGCGCTGGATCAACTAGCTA,2,3690049
tolCp1,1.0,4,2,TGCCCTAGAGAACATCGGCG,2,3674900
tolCp1,1.6666666666666667,6,2,TGCATCCTCGCTAATCAGCG,4,3685084
tolCp1,1.0,4,2,TGATGTTTCCCACCGGTACC,2,3702791
tolCp1,0.6666666666666666,3,2,TGATAAATACTACGAAGCCC,1,3674906
tolCp1,0.6666666666666666,3,2,TGAGTATTTCAGTTACACTT,1,3688150
tolCp1,2.0,7,2,TGAGTAGTTCCCCCGGCGGT,5,3700124
tolCp1,0.6666666666666666,3,2,TGAGAGTGGCTGTGTGTAGC,1,3680296
tolCp1,1.3333333333333333,5,2,TGACGATATCAAGTGGTGGT,3,3678713
tolCp1,3.3333333333333335,11,2,TGACCAAAAGTCTGATCCCT,9,3672315
tolCp1,3.0,10,2,TGACAGTAAACATCGAAGCG,8,3661786
tolCp1,0.6666666666666666,3,2,TGACAGAGCCGCAGTGTGGT,1,3696558
tolCp1,1.0,4,2,TGAATTCTAGATAATTCCCT,2,3667218
tolCp1,0.6666666666666666,3,2,TCTGTCGTACTCAGATGCTT,1,3662580
tolCp1,0.6666666666666666,3,2,TCTATGGTAGTACAATGAAA,1,3688981
tolCp1,1.0,4,2,TCTAGGCTCGTGACCGGGAG,2,3694773
tolCp1,0.6666666666666666,3,2,TCTAAGCTCATGTGATCACA,1,3705208
tolCp1,1.0,4,2,TCGTGCCGATTGTCCGGTTA,2,3688749
tolCp1,0.6666666666666666,3,2,TCGGTTCAGATTAAATAGAA,1,3675763
tolCp1,1.0,4,2,TCGGTAGGAAGTTCACTGTA,2,3673479
tolCp1,0.6666666666666666,3,2,TCGGCACTCACAGATTTGTA,1,3693080
tolCp1,1.6666666666666667,6,2,TCGAGGGAGGTACAGGCGTA,4,3712894
tolCp1,1.6666666666666667,6,2,TCGAACAGAAAGCCGTGAAT,4,3680845
tolCp1,0.6666666666666666,3,2,TCCGGCTATATTTAAAGAGC,1,3674379
tolCp1,0.6666666666666666,3,2,TCCCTTCATCAGTGACGTGT,1,3704400
tolCp1,0.6666666666666666,3,2,TCCCGTCGCTACGTCCCTAG,1,3676205
tolCp1,0.6666666666666666,3,2,TCCCAGATGGCGCTTGGACT,1,3709864
tolCp1,2.3333333333333335,8,2,TCATCTCTCGCCATCAGGAC,6,3663824
tolCp1,0.6666666666666666,3,2,TCATCCGCCCTAAGGCCCTT,1,3713525
tolCp1,1.3333333333333333,5,2,TCAGTCGGCTTTAAAACGGG,3,3681290
tolCp1,1.3333333333333333,5,2,TCAGGTCTTCCGTTTGGCCC,3,3706399
tolCp1,1.0,4,2,TCAGGGGTACATGCAGACAA,2,3699057
tolCp1,1.0,4,2,TCACTATTACCAAGCCACTG,2,3682330
tolCp1,1.3333333333333333,5,2,TCAAAGTCAGTCTTCGCTTA,3,3696926
tolCp1,0.6666666666666666,3,2,TCAAAGGCTAATGCACATAC,1,3671931
tolCp1,1.3333333333333333,5,2,TATTTTGTTTCCGCTGGTGA,3,3684411
tolCp1,0.6666666666666666,3,2,TATTTGTCGCCCGGCTTCAT,1,3689459
tolCp1,1.0,4,2,TATGTTTACCTGTATAGACA,2,3708959
tolCp1,0.6666666666666666,3,2,TATGTCACAAGATGAACTTA,1,3698703
tolCp1,0.6666666666666666,3,2,TATGGGGCGGATCAAATTGG,1,3666502
tolCp1,2.0,7,2,TATGCCATAGACATATACTT,5,3707946
tolCp1,2.0,7,2,TATGATATAGATTTCGCGAG,5,3691709
tolCp1,1.3333333333333333,5,2,TATAAAGAGTTAGTCAACAA,3,3713241
tolCp1,1.0,4,2,TAGGTTATGAGCAAGTGGCT,2,3664524
tolCp1,0.6666666666666666,3,2,TAGGTACCGGGAGATATTCT,1,3671938
tolCp1,2.0,7,2,TAGGGGAGGTTTACAATATA,5,3671047
tolCp1,0.6666666666666666,3,2,TAGGCACGAGGGACCTCAAG,1,3673040
tolCp1,0.6666666666666666,3,2,TAGCGTTTGCCAGTCTTACC,1,3681373
tolCp1,0.6666666666666666,3,2,TAGCGTCTATGGTGCTATGA,1,3671177
tolCp1,0.6666666666666666,3,2,TAGCCCTTCTGTAGTGAGGT,1,3688217
tolCp1,1.0,4,2,TAGAGATTGGCGAGTCATAT,2,3709675
tolCp1,0.6666666666666666,3,2,TAGACAAGTGTAATCCTGCA,1,3702980
tolCp1,1.0,4,2,TACTTGACGGTTCAGCCTAA,2,3697640
tolCp1,0.6666666666666666,3,2,TACTTCGATGCGTGAGAATT,1,3712328
tolCp1,0.6666666666666666,3,2,TACTCTCTTTAGCAAAGTCT,1,3680670
tolCp1,1.0,4,2,TACGTTTGATAAACAGAATT,2,3672406
tolCp1,0.6666666666666666,3,2,TACGGACTCCCTGGTGCAAA,1,3709841
tolCp1,1.3333333333333333,5,2,TACGACGGGCTCTATGATCG,3,3662745
tolCp1,0.6666666666666666,3,2,TACCTAGAAACCCCCCCAAA,1,3681621
tolCp1,3.3333333333333335,11,2,TACCAATCAACTGCCTCTAT,9,3688982
tolCp1,0.6666666666666666,3,2,TACAGGGGGTATGCTATCCA,1,3686709
tolCp1,1.0,4,2,TAATTGCACAGGCGGCCTAT,2,3679125
tolCp1,0.6666666666666666,3,2,TAAGGGTTCTATACAGAAGA,1,3691835
tolCp1,1.0,4,2,TAAGGGGTTCAGTAAACGTA,2,3686763
tolCp1,1.0,4,2,TAAGCCTTCGACGATGGTTT,2,3674871
tolCp1,0.6666666666666666,3,2,TAACTCGTGACCCCTTTGGG,1,3701286
tolCp1,0.6666666666666666,3,2,GTTTTTTTGGTTATGGACCT,1,3683433
tolCp1,0.6666666666666666,3,2,GTTTGTCTTGCACGATGTAA,1,3668497
tolCp1,0.6666666666666666,3,2,GTTTCGAGCGGCCGCCGGCG,1,3662665
tolCp1,0.6666666666666666,3,2,GTTGTCTGTCTTTTATCGCT,1,3669726
tolCp1,2.0,7,2,GTTGCATATGTAAGTGGGAT,5,3688811
tolCp1,2.0,7,2,GTTCTAAACCTTTGGAGTTC,5,3700248
tolCp1,0.6666666666666666,3,2,GTTCCGTCCGTCCACAAATG,1,3702464
tolCp1,0.6666666666666666,3,2,GTTCATTATACCAGCGAGTT,1,3690758
tolCp1,0.6666666666666666,3,2,GTTACAGCCGACAAACTCAT,1,3711274
tolCp1,1.3333333333333333,5,2,GTTAACAGGAGTTACATATA,3,3684638
tolCp1,0.6666666666666666,3,2,GTGTCCGGTTCGTCCCCAAA,1,3663013
tolCp1,0.6666666666666666,3,2,GTGCAACCTGTGGCCCCAAT,1,3675312
tolCp1,1.0,4,2,GTCTCTGCTAAGGTGGCGAA,2,3700455
tolCp1,1.3333333333333333,5,2,GTCTACATTCAACCAAGGTT,3,3669438
tolCp1,2.3333333333333335,8,2,GTCGTTTAGGATCGAGCGAA,6,3709380
tolCp1,0.6666666666666666,3,2,GTCGTGACATCTCCTCAATA,1,3668957
tolCp1,0.6666666666666666,3,2,GTCGTGAAGTTAATTTGCCA,1,3698117
tolCp1,1.3333333333333333,5,2,GTCATCCGACCGCCCGTTCA,3,3710307
tolCp1,0.6666666666666666,3,2,GTATCACCCTCAATTACTCC,1,3682234
tolCp1,0.6666666666666666,3,2,GTAGTGCAACCGGATGAGAA,1,3663186
tolCp1,1.0,4,2,GTAGAGTGCCCCTGGTGATT,2,3679564
tolCp1,0.6666666666666666,3,2,GTACCCGTCCACTTATTCAA,1,3677627
tolCp1,0.6666666666666666,3,2,GTAAGGAATCGGCCTTTCGC,1,3671785
tolCp1,0.6666666666666666,3,2,GTAAAGAGGCCTACACAGTC,1,3668532
tolCp1,0.6666666666666666,3,2,GGTGATTCGGCGTTGATGCA,1,3680881
tolCp1,0.6666666666666666,3,2,GGTGACCGGAATAGGTGAGA,1,3671178
tolCp1,0.6666666666666666,3,2,GGTATAGGTACTGCCAAAAT,1,3661789
tolCp1,0.6666666666666666,3,2,GGGGTATTGCTACTAACATA,1,3689151
tolCp1,1.3333333333333333,5,2,GGGGTATGATTTACGAAGTT,3,3687993
tolCp1,1.6666666666666667,6,2,GGGGATAACGGGGCCGGGGC,4,3690824
tolCp1,0.6666666666666666,3,2,GGGCAGATCCACCTCTCGTC,1,3684865
tolCp1,0.6666666666666666,3,2,GGGCAAATCAAAGCAAACCT,1,3709865
tolCp1,1.3333333333333333,5,2,GGGACTCCCCAATGTGGGTT,3,3673643
tolCp1,0.6666666666666666,3,2,GGGACCAATCGGAGCTATTC,1,3684461
tolCp1,0.6666666666666666,3,2,GGCTGGGTTTATATACGATA,1,3713507
tolCp1,1.3333333333333333,5,2,GGCTCGCCGCCTTTAGCGCA,3,3661186
tolCp1,1.0,4,2,GGCTCAGGCCTAGACAGTCA,2,3698040
tolCp1,1.0,4,2,GGCTACGTACTTGCCGAACG,2,3702024
tolCp1,1.0,4,2,GGCCTTCAAGTGAGTCCACA,2,3680684
tolCp1,2.0,7,2,GGCCGTGTAACCATTACGAT,5,3669545
tolCp1,0.6666666666666666,3,2,GGCCGATTGTGGAATAGATA,1,3686346
tolCp1,0.6666666666666666,3,2,GGCCATTCTAGACGTACGTG,1,3695260
tolCp1,1.3333333333333333,5,2,GGATGGGGGGTGCCTCTCTC,3,3694279
tolCp1,0.6666666666666666,3,2,GGATAGTTTAATTGCATTCA,1,3682599
tolCp1,0.6666666666666666,3,2,GGAGCACGAACTATCGAAAG,1,3671535
tolCp1,0.6666666666666666,3,2,GGAATCAGCCCCCGTAGCTC,1,3682442
tolCp1,0.6666666666666666,3,2,GGAATACAATGTCACCGTGG,1,3664093
tolCp1,0.6666666666666666,3,2,GGAAGCAGTAATGCAATGGG,1,3673266
tolCp1,0.6666666666666666,3,2,GGAACTGGTTAAAGCGGCTA,1,3663826
tolCp1,1.3333333333333333,5,2,GGAACCGTCAGCTTCATTGT,3,3675701
tolCp1,1.0,4,2,GCTTACTTTTCGGTTACGTA,2,3687678
tolCp1,0.6666666666666666,3,2,GCTGGCGCAATATCACGGAT,1,3661430
tolCp1,0.6666666666666666,3,2,GCTGGCAGTGTTTTTGGGTA,1,3677333
tolCp1,1.0,4,2,GCTCGTTTACCCCTGGGCCA,2,3682238
tolCp1,2.3333333333333335,8,2,GCTATGCTCATTAGCTGTGA,6,3691791
tolCp1,1.6666666666666667,6,2,GCTAGCTGGATTTCTAGCTC,4,3674156
tolCp1,0.6666666666666666,3,2,GCTAAGTGATGCCTCTTGAA,1,3695971
tolCp1,0.6666666666666666,3,2,GCGTTGAAGCAGATTAATGG,1,3663884
tolCp1,0.6666666666666666,3,2,GCGTCCAGCACGGCATCCGC,1,3680038
tolCp1,0.6666666666666666,3,2,GCGTCACGTACCACTGACGG,1,3713483
tolCp1,1.0,4,2,GCGGTGCAGTCGCAAGATAA,2,3714626
tolCp1,0.6666666666666666,3,2,GCGCTTTATGCTTGTACCAC,1,3706668
tolCp1,1.0,4,2,GCGCGTCTTGCAACCGATTT,2,3684759
tolCp1,0.6666666666666666,3,2,GCGCCGCAGCGTTCTAATTG,1,3669261
tolCp1,1.0,4,2,GCGATGGTGATACTGCAACA,2,3679988
tolCp1,0.6666666666666666,3,2,GCCTTTCCAGTTTTCGACAA,1,3681402
tolCp1,1.3333333333333333,5,2,GCCTCAGGCATCAAAGGGAA,3,3661992
tolCp1,1.0,4,2,GCCGGTGTCAAACATACATG,2,3683535
tolCp1,0.6666666666666666,3,2,GCCGCCCTGCAGCTGGTGCG,1,3705976
tolCp1,1.0,4,2,GCCCATTTGGTTGATTGACA,2,3680101
tolCp1,0.6666666666666666,3,2,GCCATTGCGTGGTTGGATAC,1,3708468
tolCp1,0.6666666666666666,3,2,GCCATACGGGACCACCGACC,1,3670268
tolCp1,0.6666666666666666,3,2,GCCAAGCGAAGATCTTGCGA,1,3676298
tolCp1,1.3333333333333333,5,2,GCCAAAAGTAATAGCCGGGT,3,3702293
tolCp1,1.3333333333333333,5,2,GCATGAGTTAGACCGGGAAG,3,3661261
tolCp1,1.0,4,2,GCACGTCGGGAGCGCGACTT,2,3666549
tolCp1,0.6666666666666666,3,2,GCACGATGAACACGTGCCCT,1,3670631
tolCp1,0.6666666666666666,3,2,GCACCACACTGTCGCTCAGC,1,3676754
tolCp1,1.0,4,2,GCAATTGCTTGCAGGCAAGT,2,3666389
tolCp1,0.6666666666666666,3,2,GCAAGTAATCCCATAGGCTA,1,3683639
tolCp1,1.3333333333333333,5,2,GATCTTACATATACAGCTGT,3,3680842
tolCp1,1.3333333333333333,5,2,GATACCGTTTTTTGAAGCAT,3,3664154
tolCp1,1.0,4,2,GAGTTTTGTGATCCTGACAT,2,3672450
tolCp1,2.3333333333333335,8,2,GAGGTATATGGGGTCGTGGA,6,3675394
tolCp1,1.0,4,2,GAGGGGTGCGACGCGCCATA,2,3695255
tolCp1,1.3333333333333333,5,2,GAGGGATTCCTCTCCCGCTG,3,3710113
tolCp1,0.6666666666666666,3,2,GAGGCTCTGGCCGATTATGG,1,3682687
tolCp1,1.0,4,2,GAGGAACCGGGGCTGTTGTG,2,3677520
tolCp1,0.6666666666666666,3,2,GAGCTAAAGGAGCGCGTCTT,1,3677045
tolCp1,0.6666666666666666,3,2,GAGCAGGAGGGGAGGGGATA,1,3668825
tolCp1,0.6666666666666666,3,2,GAGCACTGACGCCTCGGGGT,1,3709761
tolCp1,0.6666666666666666,3,2,GACTGGATACCGTAACAGAC,1,3678414
tolCp1,1.0,4,2,GACTATTAATCTTGGAACCA,2,3682252
tolCp1,1.3333333333333333,5,2,GACTACGGAACTCTGCCTAA,3,3691105
tolCp1,1.0,4,2,GACGCATAGTGCTCCGCTAA,2,3710995
tolCp1,1.0,4,2,GACGAAGACTCCTTTATAAA,2,3699260
tolCp1,0.6666666666666666,3,2,GACGAACAATCACCAAGGCT,1,3684515
tolCp1,0.6666666666666666,3,2,GACCTTTTAGCTCGAGTAAG,1,3662655
tolCp1,1.3333333333333333,5,2,GACAAGTCATTGATTGTCAT,3,3664277
tolCp1,0.6666666666666666,3,2,GAATTTCATGCCTCGGAGGG,1,3693152
tolCp1,1.0,4,2,GAATGGCGGTACTTGAGGCG,2,3686389
tolCp1,1.0,4,2,GAATAGCTCTAACTCCTTTG,2,3700976
tolCp1,1.3333333333333333,5,2,GAAGTCGCAGAGATGAGCGA,3,3682639
tolCp1,0.6666666666666666,3,2,GAAGCCAATTATCACGTGAG,1,3678740
tolCp1,0.6666666666666666,3,2,GAAGATATAGATCGGACTAA,1,3680060
tolCp1,0.6666666666666666,3,2,GAACAGAGGTGCACTTACCT,1,3663219
tolCp1,1.0,4,2,GAAATGTTGTAACAGCCGTG,2,3666270
tolCp1,0.6666666666666666,3,2,GAAACAACGGACGCCCGGAA,1,3682850
tolCp1,0.6666666666666666,3,2,CTTCATTAGTAGCTCCGATA,1,3674172
tolCp1,0.6666666666666666,3,2,CTGTTTTGAGAATGCCTCGC,1,3712123
tolCp1,0.6666666666666666,3,2,CTGTCTCTCTCGAGTACGCT,1,3706899
tolCp1,1.0,4,2,CTGGGCGGCCGTCAATGAAG,2,3695542
tolCp1,0.6666666666666666,3,2,CTGCGGTTACTGTGCAGGCA,1,3708473
tolCp1,1.3333333333333333,5,2,CTGAATTGTGCTTAATTTTT,3,3703796
tolCp1,1.3333333333333333,5,2,CTCTAAAGAGCCCTCCTAAA,3,3665193
tolCp1,1.3333333333333333,5,2,CTCGCTACGTCTGTCGTCCT,3,3681950
tolCp1,0.6666666666666666,3,2,CTCGATGACTGGTAGCTACA,1,3675019
tolCp1,3.0,10,2,CTCCTTACACATTCATGTTT,8,3667986
tolCp1,2.0,7,2,CTCCCAGGGCCATGCATACA,5,3691407
tolCp1,1.3333333333333333,5,2,CTCCAGTCGCCTGCAACACT,3,3673979
tolCp1,1.0,4,2,CTCATGTGCTATATGAAGTT,2,3678419
tolCp1,2.6666666666666665,9,2,CTCACCAGGCCAAGTGTCCC,7,3669088
tolCp1,0.6666666666666666,3,2,CTATATGGCAGAACGTGATA,1,3697423
tolCp1,1.0,4,2,CTACTGTTTCACAAAAATCA,2,3695551
tolCp1,0.6666666666666666,3,2,CTAAGTTCTTCCCCGGAGAA,1,3677652
tolCp1,1.3333333333333333,5,2,CTAAATAGCAGGACATCCAA,3,3707905
tolCp1,1.0,4,2,CTAAAGCTTGCGAGGACGGA,2,3691834
tolCp1,2.3333333333333335,8,2,CGTTTCTCCACACCGACCGA,6,3671537
tolCp1,1.6666666666666667,6,2,CGTTACCTCATAGGCAGATT,4,3686165
tolCp1,0.6666666666666666,3,2,CGTGTCTAAGCGCCGTGTCG,1,3677047
tolCp1,1.0,4,2,CGTGATGGCAGTGACCACAC,2,3672148
tolCp1,0.6666666666666666,3,2,CGTCAATAATAACCGTGTCT,1,3704613
tolCp1,0.6666666666666666,3,2,CGTATCTTGTCCGGCTGGGG,1,3680755
tolCp1,1.0,4,2,CGTAGTCGTAATGCAAAACA,2,3669961
tolCp1,0.6666666666666666,3,2,CGTACGGCCTTACTCTATCT,1,3683483
tolCp1,0.6666666666666666,3,2,CGTACAAGAAGTTATTTGAC,1,3662323
tolCp1,5.666666666666667,18,2,CGGTGCATGGGGGGACGAAG,16,3678155
tolCp1,0.6666666666666666,3,2,CGGTCCTAGGCGGACTTGGT,1,3684861
tolCp1,1.0,4,2,CGGTATGCGCCGTAGTCTGA,2,3684154
tolCp1,1.0,4,2,CGGGGAAATGGAGGAATAGA,2,3674460
tolCp1,1.3333333333333333,5,2,CGGGCTAGGGGCGCGCCACA,3,3678348
tolCp1,1.0,4,2,CGGGATACCTACTAATGTAA,2,3709377
tolCp1,0.6666666666666666,3,2,CGGCTGTGAGGGGCGAACAA,1,3696523
tolCp1,0.6666666666666666,3,2,CGGCCTGTGCGTAGAATAAC,1,3706311
tolCp1,2.0,7,2,CGGCATTCCTTAGGGCTTGG,5,3685061
tolCp1,0.6666666666666666,3,2,CGGCAACACGGTCGAGTGGT,1,3699213
tolCp1,0.6666666666666666,3,2,CGGAGCATTCGCAAGCGATG,1,3713449
tolCp1,1.0,4,2,CGGACCAGTTTAAGACTTAT,2,3679113
tolCp1,0.6666666666666666,3,2,CGCCAAGTCATGGCCGCAGA,1,3677754
tolCp1,0.6666666666666666,3,2,CGCATGTGGAAGTGAATCAG,1,3698634
tolCp1,1.0,4,2,CGATCTAATTTAGGCATGGA,2,3693575
tolCp1,0.6666666666666666,3,2,CGATCCGGCAGAACGATTTG,1,3685238
tolCp1,1.0,4,2,CGATATCTGGACTAGGGACT,2,3667750
tolCp1,1.0,4,2,CGAGGATCAGGATCCTCATT,2,3686334
tolCp1,0.6666666666666666,3,2,CGACCTAACGTGAGCATCGG,1,3679578
tolCp1,0.6666666666666666,3,2,CGAATATCGTTGGGAGGTCG,1,3694653
tolCp1,1.0,4,2,CCTTGGCCCGAGCCATACTC,2,3705477
tolCp1,0.6666666666666666,3,2,CCTTCTCGGGGAGTAGTCAG,1,3677044
tolCp1,0.6666666666666666,3,2,CCTTCTCAGAATCGTATGTT,1,3713669
tolCp1,0.6666666666666666,3,2,CCTCGCCCGTCCACCAGAGA,1,3698234
tolCp1,0.6666666666666666,3,2,CCTAGTTGATTGGGGCCGGG,1,3702037
tolCp1,1.6666666666666667,6,2,CCTAGAGTAAGACAAATGGG,4,3682375
tolCp1,0.6666666666666666,3,2,CCTACTCCGACCTCATATCT,1,3683105
tolCp1,1.3333333333333333,5,2,CCTACCTTGTACAAATCAGA,3,3669607
tolCp1,1.0,4,2,CCTACACAGCTTAGTAAGAC,2,3699308
tolCp1,0.6666666666666666,3,2,CCGATGGGGCAAATCTGCAA,1,3699471
tolCp1,0.6666666666666666,3,2,CCGAGTATTACCTCGAAAAC,1,3664685
tolCp1,1.0,4,2,CCGAAGGGAGGACAACTTCA,2,3694082
tolCp1,1.0,4,2,CCCTTTACTACTGTCCAAAT,2,3665876
tolCp1,0.6666666666666666,3,2,CCCTTCTTAATCCATTTGTA,1,3671628
tolCp1,0.6666666666666666,3,2,CCCTGGGTGGGGAATTTAAG,1,3698338
tolCp1,0.6666666666666666,3,2,CCCCGAGTGTTACCCGTAAA,1,3669898
tolCp1,0.6666666666666666,3,2,CCCCGAGCGAACCATAATAT,1,3671682
tolCp1,1.0,4,2,CCCCATTCAAGCGGTTATAT,2,3671261
tolCp1,1.0,4,2,CCCCAGAGGCTTTGCGAAGA,2,3704257
tolCp1,2.6666666666666665,9,2,CCCAGCGCATGTCCGCTCGA,7,3675296
tolCp1,6.0,19,2,CCCAGCACCAAAGGTCTGTT,17,3684617
tolCp1,1.0,4,2,CCATTTCGTATTGACAATCA,2,3680732
tolCp1,2.0,7,2,CCAGGTAAAATGTCGTTTGT,5,3712721
tolCp1,3.0,10,2,CCAGGGCATGTGCAACTCTC,8,3706065
tolCp1,1.3333333333333333,5,2,CCAGCCTACCGGAGCAAGGG,3,3707511
tolCp1,0.6666666666666666,3,2,CATTGACTGAAACTGAACGC,1,3665762
tolCp1,0.6666666666666666,3,2,CATTCATCTGGGACAATTGT,1,3670017
tolCp1,1.3333333333333333,5,2,CATTAGCAGCGGGCTAGTCT,3,3661288
tolCp1,1.0,4,2,CATTACCAAACCTATAGCGG,2,3671876
tolCp1,1.0,4,2,CATGTAATTTGGGTCCTGGG,2,3687012
tolCp1,1.6666666666666667,6,2,CATGGAAGACTGTTGGTGTG,4,3681377
tolCp1,1.0,4,2,CATGCGTTGAGATTTCACCT,2,3678270
tolCp1,1.6666666666666667,6,2,CATGAACCCCTAAAGGCCTT,4,3688497
tolCp1,0.6666666666666666,3,2,CATCTGATCAACACCAGGGT,1,3676939
tolCp1,0.6666666666666666,3,2,CATCGCCGGGCTTAAGACTC,1,3709247
tolCp1,0.6666666666666666,3,2,CATACTCGAGTCGGTCTTAC,1,3664443
tolCp1,0.6666666666666666,3,2,CATAATTAGAGTCCGCGATT,1,3690653
tolCp1,1.3333333333333333,5,2,CATAAGCTCTAAATTCCCGA,3,3714885
tolCp1,0.6666666666666666,3,2,CATAACAAAAATCTGTCATT,1,3662196
tolCp1,0.6666666666666666,3,2,CATAAACAGTGGTACGAGCA,1,3683359
tolCp1,0.6666666666666666,3,2,CAGGAGGTGCCCCATATTAT,1,3661759
tolCp1,1.3333333333333333,5,2,CAGCGTCAAGGCGCGCTTAC,3,3686260
tolCp1,0.6666666666666666,3,2,CAGCCCGGGGCGCTGAATAC,1,3693909
tolCp1,0.6666666666666666,3,2,CAGCCAGCCGCTTAGAATCT,1,3681867
tolCp1,1.0,4,2,CAGCATCAGTAAGTCGTATG,2,3661888
tolCp1,0.6666666666666666,3,2,CAGATAACGCTGTCGTCTGT,1,3698025
tolCp1,0.6666666666666666,3,2,CAGAGTATCTTTTGTGGGCG,1,3671193
tolCp1,0.6666666666666666,3,2,CAGAACTATCACCGCCGTCA,1,3689971
tolCp1,0.6666666666666666,3,2,CAGAAACGAGTCCGTAGGCA,1,3662697
tolCp1,0.6666666666666666,3,2,CACGCAAATCGCGTCCTCAA,1,3668950
tolCp1,0.6666666666666666,3,2,CACCGCTCACCGGATGACGT,1,3696766
tolCp1,1.0,4,2,CACCATCATGGGGCACCGTG,2,3697600
tolCp1,0.6666666666666666,3,2,CAATTTCACATGGGGAAGAA,1,3700171
tolCp1,1.3333333333333333,5,2,CAATCGCTCCGGTAGTCCCA,3,3698383
tolCp1,1.6666666666666667,6,2,CAAGTTCTGGAACGATTCTA,4,3692485
tolCp1,0.6666666666666666,3,2,CAAGGTTTGCATGAGTCTGT,1,3680039
tolCp1,0.6666666666666666,3,2,CAAGCCATGGCGGATCAAAT,1,3685825
tolCp1,1.0,4,2,CAAGCCACTCAGAGATCTAT,2,3678785
tolCp1,0.6666666666666666,3,2,CAACGTTAATCAATTTGCCA,1,3661134
tolCp1,1.0,4,2,CAACGACACAATCCGGAACA,2,3697805
tolCp1,0.6666666666666666,3,2,CAACCATACCCGTCAGACGT,1,3679270
tolCp1,1.0,4,2,CAAATTGCTGATCGAGGGGT,2,3687017
tolCp1,1.0,4,2,CAAATGTATGTGGGCCTTAA,2,3703359
tolCp1,0.6666666666666666,3,2,CAAATCTGGTTACCTTCGCA,1,3713480
tolCp1,1.6666666666666667,6,2,CAAACGTAGTCCTGCCGAAT,4,3699497
tolCp1,0.6666666666666666,3,2,CAAACCCAAGCTATGGACGA,1,3695271
tolCp1,1.6666666666666667,6,2,ATTTTGGTTTCTGCGACGAA,4,3667783
tolCp1,2.0,7,2,ATTGCGTTGAGCGAATGAGC,5,3675922
tolCp1,0.6666666666666666,3,2,ATTGATCAAAACAGAGATGT,1,3665663
tolCp1,1.0,4,2,ATTCATTAGTCCCGTTCAGA,2,3677152
tolCp1,0.6666666666666666,3,2,ATTAGATGCTCAAGACTAAA,1,3711230
tolCp1,1.3333333333333333,5,2,ATGGTACGGGCATCAGGAAA,3,3668373
tolCp1,0.6666666666666666,3,2,ATGGGGGTCTTGGGGTATGT,1,3687574
tolCp1,8.333333333333334,26,2,ATGCCTCACCTGGCTGTACG,24,3702676
tolCp1,0.6666666666666666,3,2,ATGATTAACCTATCGGTGAA,1,3669790
tolCp1,0.6666666666666666,3,2,ATGATATCCGGCAGAGTGGA,1,3707417
tolCp1,1.6666666666666667,6,2,ATGAGCATCAACGTTGCCCA,4,3661220
tolCp1,0.6666666666666666,3,2,ATCTTTGGAGGGTATATCGA,1,3682982
tolCp1,1.3333333333333333,5,2,ATCTCCCGTCAATATCTGGG,3,3693059
tolCp1,0.6666666666666666,3,2,ATCTATCGATTAAATATTGC,1,3663401
tolCp1,0.6666666666666666,3,2,ATCTAACGTCCGCTTGTAGT,1,3672020
tolCp1,2.0,7,2,ATCGTTCAGGCGTTACGTTC,5,3678043
tolCp1,0.6666666666666666,3,2,ATCGGGCCGAGGAGGCGCCT,1,3682615
tolCp1,1.0,4,2,ATCGGGATTCCCGCATTCCA,2,3671772
tolCp1,0.6666666666666666,3,2,ATCCTCTGGCAAGCCCGTGA,1,3700963
tolCp1,1.0,4,2,ATCCACTCGCCCCATTCTCG,2,3686959
tolCp1,0.6666666666666666,3,2,ATCACTATCCCCCAGATGCG,1,3675029
tolCp1,1.6666666666666667,6,2,ATCAACATCCGCGTCTCATT,4,3696747
tolCp1,1.3333333333333333,5,2,ATATTGCCAGCGAAAGTAGA,3,3709550
tolCp1,1.0,4,2,ATATAAGCCCGGAGACGGTT,2,3682236
tolCp1,0.6666666666666666,3,2,ATAGTGTTATTTTAGGGCGG,1,3713997
tolCp1,0.6666666666666666,3,2,ATAGTGCGTTTTTATAACGG,1,3695564
tolCp1,0.6666666666666666,3,2,ATAGTCCCTTACAACGCAGT,1,3705393
tolCp1,0.6666666666666666,3,2,ATAGGGGCAACGAACCGCAT,1,3687028
tolCp1,1.0,4,2,ATAGATAGGTGATGTAAGTA,2,3703927
tolCp1,1.0,4,2,AGTTGCAGCGTGTCTAGTTT,2,3666214
tolCp1,2.6666666666666665,9,2,AGTCTGTATTATGGCCCAAT,7,3706086
tolCp1,0.6666666666666666,3,2,AGTATTCGCAAGGCAGGGCT,1,3707738
tolCp1,1.3333333333333333,5,2,AGTACGGCGGACTGTGTGGT,3,3662695
tolCp1,1.0,4,2,AGGTAGTCATTCGCCAACTA,2,3693902
tolCp1,1.3333333333333333,5,2,AGGGCCACAGCCGCGGCTCC,3,3662456
tolCp1,0.6666666666666666,3,2,AGGCAAGTGAGTGTTCATAG,1,3685535
tolCp1,1.3333333333333333,5,2,AGGAGCTAAATAGAATCGCC,3,3678266
tolCp1,0.6666666666666666,3,2,AGGAGATTGACGGTTTACCA,1,3665758
tolCp1,0.6666666666666666,3,2,AGGACCACCCACGAATGCAG,1,3701463
tolCp1,0.6666666666666666,3,2,AGGAATAAGGACAACGGCAT,1,3676437
tolCp1,1.3333333333333333,5,2,AGCTTGGTAGCCTTCAATAG,3,3685955
tolCp1,0.6666666666666666,3,2,AGCTGTTCACGTCCGCGACA,1,3712834
tolCp1,3.0,10,2,AGCTGATCGGCCTCTCATTG,8,3702294
tolCp1,1.0,4,2,AGCTACGTCACCCTACACCG,2,3693996
tolCp1,0.6666666666666666,3,2,AGCGTGTTACATACTTTAAC,1,3693392
tolCp1,1.0,4,2,AGCGGTAAGTGGCATCCGTA,2,3691125
tolCp1,1.6666666666666667,6,2,AGCGACAATATTCAGTTCCA,4,3678789
tolCp1,0.6666666666666666,3,2,AGCCCAACTGAAGAGTGGAC,1,3667873
tolCp1,0.6666666666666666,3,2,AGCCATAGAGAGCATCGGTT,1,3680548
tolCp1,1.0,4,2,AGCAGAAGAGTACGGATGCA,2,3683033
tolCp1,0.6666666666666666,3,2,AGAGCTAATTCATCATTTGT,1,3664783
tolCp1,0.6666666666666666,3,2,AGAGCAGACCTTTTATTCAG,1,3691150
tolCp1,0.6666666666666666,3,2,AGAGATGGTATGCTGGGCGA,1,3672845
tolCp1,0.6666666666666666,3,2,AGACCGGCTTCGAGCTTGAA,1,3698444
tolCp1,1.0,4,2,AGACCAATATGTTAATTTCT,2,3669905
tolCp1,1.0,4,2,AGAATCCATGATTAGTCCGA,2,3664176
tolCp1,0.6666666666666666,3,2,AGAAGTAGATGCGCGTGACT,1,3680703
tolCp1,1.0,4,2,AGAAGCCTCGGGATAGCAGA,2,3683374
tolCp1,2.6666666666666665,9,2,ACTCCGAATAGGGAACGTTA,7,3682602
tolCp1,2.6666666666666665,9,2,ACTAGGAATTTAGACGCGCA,7,3710049
tolCp1,0.6666666666666666,3,2,ACTACGATAACTGTGTTCCG,1,3688252
tolCp1,0.6666666666666666,3,2,ACGTCGCGAGTTCAGGGATA,1,3663016
tolCp1,0.6666666666666666,3,2,ACGGTATCGTTCTGCCCAAC,1,3683437
tolCp1,1.3333333333333333,5,2,ACGATGTGGTTCTATGGTTT,3,3708575
tolCp1,0.6666666666666666,3,2,ACGAGTAGATTACAGACTTC,1,3675828
tolCp1,1.0,4,2,ACGAGGGTGCCTTTAAAAGG,2,3682795
tolCp1,1.0,4,2,ACCGCATAAGAATCATATTA,2,3673070
tolCp1,3.6666666666666665,12,2,ACCCACTAGGCAGGGTTCAG,10,3674202
tolCp1,1.0,4,2,ACCCACCATGCATAGGACTA,2,3672664
tolCp1,0.6666666666666666,3,2,ACCAGTCATACTAGGCGCCG,1,3713235
tolCp1,1.3333333333333333,5,2,ACCAGTAAATTCTCAGCGAC,3,3679645
tolCp1,1.0,4,2,ACCAGGTTCCCTCGCCTGAG,2,3707292
tolCp1,1.0,4,2,ACCACGCGTTCTCCTTACGG,2,3713805
tolCp1,1.0,4,2,ACCAAATAAAACTTATAAAC,2,3665204
tolCp1,0.6666666666666666,3,2,ACATTAATAAGGCGTGTGAT,1,3689682
tolCp1,2.0,7,2,ACATAACCGTTCCGATAAAG,5,3690425
tolCp1,0.6666666666666666,3,2,ACAGGGACATCGCTCGCCCG,1,3674122
tolCp1,0.6666666666666666,3,2,ACACCACGAAATCGCATCAT,1,3697655
tolCp1,1.3333333333333333,5,2,ACACATCATCTCCCTATCCA,3,3685739
tolCp1,0.6666666666666666,3,2,ACACACCTATGTATGAGGTG,1,3675658
tolCp1,0.6666666666666666,3,2,ACAATCAGCCGATAGAACTA,1,3697063
tolCp1,1.3333333333333333,5,2,ACAAGAACTAGCAATGAGGT,3,3697862
tolCp1,1.3333333333333333,5,2,AATTTGGGGTCTAGGAGACT,3,3674309
tolCp1,1.0,4,2,AATTACGAACCACGACAGAC,2,3674818
tolCp1,0.6666666666666666,3,2,AATGTGTGGCCCCTACATCT,1,3663111
tolCp1,1.0,4,2,AATGTCAATATGTCATGGCG,2,3690080
tolCp1,0.6666666666666666,3,2,AATGTATTCTGAACGGCCCC,1,3665657
tolCp1,0.6666666666666666,3,2,AATGAATGATTGTGACATAA,1,3690638
tolCp1,0.6666666666666666,3,2,AATCGGTAAGTGTCCATGCT,1,3679577
tolCp1,9.0,28,2,AATCATGGGACTCACTTCAC,26,3683435
tolCp1,3.0,10,2,AATACTTCGCCCGCTCCCTT,8,3689777
tolCp1,0.6666666666666666,3,2,AAGTTGTCAATCTGTTGTCA,1,3671822
tolCp1,0.6666666666666666,3,2,AAGTACAATAACACCGCTCC,1,3686068
tolCp1,1.3333333333333333,5,2,AAGGGTACATATATCAGACA,3,3696925
tolCp1,0.6666666666666666,3,2,AAGCTTCCTCTTGTTAAGCC,1,3700745
tolCp1,1.0,4,2,AAGCACGAATACACCAGTCC,2,3693348
tolCp1,1.3333333333333333,5,2,AAGAGGGTGCAGACATCCCA,3,3683436
tolCp1,1.0,4,2,AAGACGCCGCTTTACTGTCT,2,3669334
tolCp1,2.3333333333333335,8,2,AACTACAAAGAGTCACTGCG,6,3668878
tolCp1,0.6666666666666666,3,2,AACGTGCGTGAGCAGCGTCA,1,3676295
tolCp1,0.6666666666666666,3,2,AACGGAAAAGTAGGTTCTAA,1,3702568
tolCp1,2.0,7,2,AACGATGTAGTTTAACTCCT,5,3665621
tolCp1,0.6666666666666666,3,2,AACGAGTTAGACTGACTCAT,1,3664983
tolCp1,0.6666666666666666,3,2,AACCGACTAGAGGAAATAAT,1,3699190
tolCp1,0.6666666666666666,3,2,AACCCGTCCAATCAACCTGT,1,3665961
tolCp1,0.6666666666666666,3,2,AACCATAGGCATTCAGGTAG,1,3679459
tolCp1,1.0,4,2,AACATAGACCCTCATGCTGT,2,3701012
tolCp1,1.3333333333333333,5,2,AACAAATGTAAAGGCTACAG,3,3672836
tolCp1,1.0,4,2,AAATTTAATTACTCGTAATA,2,3666794
tolCp1,0.6666666666666666,3,2,AAATCGTTGCATGTATATCC,1,3698904
tolCp1,1.0,4,2,AAATCCCACCGGCCAATCTT,2,3661612
tolCp1,0.6666666666666666,3,2,AAATATGTTGCCCTCCTTTA,1,3701202
tolCp1,1.0,4,2,AAATAGCGATCCATCTGTCA,2,3701382
tolCp1,1.5,3,1,TTTTCCGGGGCGGATAGTGT,2,3666462
tolCp1,3.0,6,1,TTTTCAGATGTCGTCTATGC,5,3699502
tolCp1,1.5,3,1,TTTTCACCCTTCAAATTTTT,2,3664130
tolCp1,1.0,2,1,TTTGTTGGAGGTTATCCTGC,1,3698246
tolCp1,1.0,2,1,TTTGTGGCTATCAGCAGGGT,1,3681980
tolCp1,1.0,2,1,TTTGTCCTAGCGGTATCACT,1,3671504
tolCp1,3.0,6,1,TTTGGTATGGCATAATCGGA,5,3702678
tolCp1,1.5,3,1,TTTGCGGTGACAAATAAGTT,2,3700732
tolCp1,1.0,2,1,TTTGCACGGGGTTCTCCCCA,1,3694465
tolCp1,1.0,2,1,TTTGACCTAACCCGTTATCT,1,3661385
tolCp1,2.5,5,1,TTTCAGTCTCGGCAGGGTCA,4,3697308
tolCp1,2.5,5,1,TTTCAACCTCGCCCTTGGGA,4,3688449
tolCp1,1.5,3,1,TTGTTTATGAGGGAAGCTCG,2,3666680
tolCp1,1.0,2,1,TTGTTCGACCATTGGGACAG,1,3688937
tolCp1,1.0,2,1,TTGTTCATATCGATAGGCTG,1,3710147
tolCp1,1.0,2,1,TTGTGCTAGCACTGGTACAA,1,3666921
tolCp1,1.0,2,1,TTGTCTATCACGGAAACCGT,1,3672316
tolCp1,2.0,4,1,TTGTACGGGAATGAATTGTC,3,3701932
tolCp1,1.0,2,1,TTGGGTCGGAAGGATATCGG,1,3671687
tolCp1,1.0,2,1,TTGGCTTCGAGACCGTGCCT,1,3694863
tolCp1,1.5,3,1,TTGGCTCAGAGAGCTCCCAT,2,3709357
tolCp1,1.5,3,1,TTGCTCTTTAACTTTAGTGA,2,3681374
tolCp1,1.0,2,1,TTGCGGACCTAAGCGCGCTA,1,3706062
tolCp1,1.0,2,1,TTGCGCTTGCCTAGTCCGAT,1,3680142
tolCp1,2.0,4,1,TTGCGACGTCCTATTTTCGG,3,3688896
tolCp1,1.0,2,1,TTGCATGCTCCTGGAATGGC,1,3702085
tolCp1,1.0,2,1,TTGCATCTCATGCCGCGATA,1,3674438
tolCp1,2.0,4,1,TTGCATCGGTCAACACCATT,3,3690573
tolCp1,1.0,2,1,TTGAGTGGTAGTGAAACAAT,1,3673498
tolCp1,1.0,2,1,TTGAGCCGCTACTGAATTGT,1,3678011
tolCp1,1.0,2,1,TTGAATGAACTCAGCGTAAC,1,3677716
tolCp1,6.0,12,1,TTGAAGTAACGCGCAGTCTC,11,3687911
tolCp1,1.5,3,1,TTGAACTAGATCATGGGGGT,2,3704920
tolCp1,1.5,3,1,TTCTGTCCCGATCTTTATAT,2,3706844
tolCp1,1.0,2,1,TTCTCTTGCAAGGTCGATCG,1,3689802
tolCp1,4.0,8,1,TTCTATGCCGGTGGGGTATA,7,3668826
tolCp1,1.0,2,1,TTCGTCAATAAAACGACTTA,1,3695575
tolCp1,1.5,3,1,TTCGTACTGTTGCGACTGTC,2,3693544
tolCp1,1.5,3,1,TTCGGGTTTATGGTATCGGC,2,3667736
tolCp1,2.0,4,1,TTCGGCGTTGTTATACGAAA,3,3690337
tolCp1,1.5,3,1,TTCGGCACCACCACCACTTG,2,3699329
tolCp1,4.5,9,1,TTCGCTCATGAAGCAATGTA,8,3662416
tolCp1,1.5,3,1,TTCGCCCACTTGAACGGACA,2,3669085
tolCp1,2.0,4,1,TTCGAGTGACGTACTTCCCT,3,3667979
tolCp1,2.5,5,1,TTCCTTTGCCAGTGCGTATT,4,3698465
tolCp1,3.0,6,1,TTCCTTACCTGTGAGGTAGA,5,3700926
tolCp1,1.0,2,1,TTCCTATGTCTAATCCCCAG,1,3681904
tolCp1,1.0,2,1,TTCCGTACATGTCGGGTGCC,1,3681691
tolCp1,1.0,2,1,TTCCGCCCTTGTAGAGTCTA,1,3714086
tolCp1,1.0,2,1,TTCCCGCGAACTGTACCAGC,1,3690876
tolCp1,2.0,4,1,TTCCCGCCGTAAAGCCTCTT,3,3687227
tolCp1,2.0,4,1,TTCCCCTTCGAGGCGTGGAA,3,3698963
tolCp1,1.0,2,1,TTCAACTTAATGAAATACAA,1,3671135
tolCp1,1.0,2,1,TTCAAAAAGACACAAGTACA,1,3707035
tolCp1,1.0,2,1,TTATGGTCTCTGCGGAAATA,1,3712336
tolCp1,1.0,2,1,TTATGGATAAGTTATTACGC,1,3664078
tolCp1,1.0,2,1,TTATCCAGGTTTTCGTGAAT,1,3667051
tolCp1,1.0,2,1,TTAGCGGGGGACTGGGCTAT,1,3682483
tolCp1,1.5,3,1,TTAGCGGATGAGTAGGTCTG,2,3708181
tolCp1,1.0,2,1,TTACTCGTCAGCTTGAAATA,1,3697003
tolCp1,3.0,6,1,TTACTCATAGTAAGTCGTCG,5,3666682
tolCp1,3.0,6,1,TTACGGTGAAGTGTGGGGCA,5,3698850
tolCp1,2.5,5,1,TTACCGGGTTTATAGTTGAT,4,3693715
tolCp1,1.0,2,1,TTACACGACTGGAGACACCT,1,3684932
tolCp1,2.5,5,1,TTAACTGCTCGAGCTTCCTT,4,3713860
tolCp1,1.0,2,1,TGTTTCAGGGATAGGGATGG,1,3693623
tolCp1,1.0,2,1,TGTTGTCAGAATAATGTCCT,1,3667831
tolCp1,1.0,2,1,TGTTCAATGTTCTTACCAGT,1,3705245
tolCp1,2.0,4,1,TGTTAGCCCCTCCGATCGTG,3,3701805
tolCp1,1.0,2,1,TGTGTGATTTGAAAGCGCCA,1,3665723
tolCp1,1.5,3,1,TGTGTCACCGTACGGGCGGA,2,3677043
tolCp1,1.5,3,1,TGTGGACTAGACGCCCTCGG,2,3701931
tolCp1,1.0,2,1,TGTCTCCTCTTTGCTCCAAC,1,3706681
tolCp1,4.0,8,1,TGTCCTAGACTCCCGCGCCT,7,3684643
tolCp1,4.0,8,1,TGTATTGTCAACAAGGGCGA,7,3689784
tolCp1,2.0,4,1,TGTACCTCTCTTGCAAATTG,3,3662185
tolCp1,1.0,2,1,TGTAAGATGCATTCCAGGAA,1,3673028
tolCp1,1.0,2,1,TGGTGCGTCACCCTGTAAAT,1,3711945
tolCp1,1.0,2,1,TGGTGAGATAAGACTAGCGT,1,3670670
tolCp1,1.0,2,1,TGGTCTAGGGATGGATTCGC,1,3686579
tolCp1,1.0,2,1,TGGGTCGTCGTCGGACGAAT,1,3666795
tolCp1,2.0,4,1,TGGGTATCGTAAGGACTCGG,3,3700782
tolCp1,1.0,2,1,TGGGGTGAAAATTAACTGAT,1,3708573
tolCp1,4.0,8,1,TGGGGTATCTACTTTGGTCC,7,3672839
tolCp1,1.0,2,1,TGGGGATTATCGATCTTCGT,1,3662288
tolCp1,1.0,2,1,TGGGATAGGAATCGGGCTCA,1,3702572
tolCp1,1.0,2,1,TGGGACATTTGCGCCACACG,1,3715111
tolCp1,1.0,2,1,TGGGAAGCAACGGTCCCGGA,1,3677020
tolCp1,1.5,3,1,TGGCTATTTGGCCCAGCAAT,2,3674210
tolCp1,1.0,2,1,TGGATCGTTTGTTCCGATCG,1,3693416
tolCp1,1.0,2,1,TGGACTGCTTCGGTGTGTTC,1,3665692
tolCp1,1.5,3,1,TGGACAAGACTACGTCCAAT,2,3699334
tolCp1,2.5,5,1,TGCTACGATCACGTCACATT,4,3680135
tolCp1,1.0,2,1,TGCGTTCGTCTCCTTTTAAG,1,3674584
tolCp1,2.0,4,1,TGCGTGAGCATTTACTTGGC,3,3704671
tolCp1,1.0,2,1,TGCGGTTCATCGTGCGTTTT,1,3675014
tolCp1,1.5,3,1,TGCGGGTTGGTGAGCCGGCA,2,3666579
tolCp1,1.5,3,1,TGCCTTCTTAGTGATAGCCT,2,3687159
tolCp1,1.0,2,1,TGCCTGTCCCTTGCGCACGG,1,3702570
tolCp1,2.0,4,1,TGCCTAATACTACAAACTCA,3,3691788
tolCp1,1.0,2,1,TGCCCACGGACTTGTGCAGG,1,3677853
tolCp1,1.0,2,1,TGCCACACAACTGGCCGAAA,1,3705431
tolCp1,1.0,2,1,TGATTATGAGGCCAGTCTAG,1,3676343
tolCp1,2.0,4,1,TGATGGACTGAGTGGCTTAC,3,3671495
tolCp1,2.5,5,1,TGATCTGAGCGAGTGCTGGT,4,3707427
tolCp1,1.0,2,1,TGATCCGGGGGTGCTGCGGA,1,3668232
tolCp1,2.0,4,1,TGATCATCCCTGGCATACGA,3,3691200
tolCp1,1.0,2,1,TGATAGTAGGAAAGGGAATC,1,3673978
tolCp1,1.0,2,1,TGAGTAACCAGGCATTCAGG,1,3675608
tolCp1,1.5,3,1,TGAGGTCACTAGGGATTCAG,2,3690548
tolCp1,1.0,2,1,TGAGGACGTTTGAGGAATTA,1,3677287
tolCp1,1.0,2,1,TGAGCCATTCGGTACAGATG,1,3704001
tolCp1,1.0,2,1,TGAGAAAAGCGAAGGTAACA,1,3679406
tolCp1,1.0,2,1,TGACTTGACCGTCAGAATGG,1,3673259
tolCp1,1.0,2,1,TGACTCTTTTAGAGTAGTTC,1,3680108
tolCp1,1.0,2,1,TGACTCGCACACTCTCATTA,1,3694223
tolCp1,1.0,2,1,TGACTAGGAACCTCCATTCT,1,3673206
tolCp1,1.0,2,1,TGACGACGCGAGTCTGTCCT,1,3700851
tolCp1,1.5,3,1,TGACCGGCCCGTGAGACTAG,2,3684044
tolCp1,1.0,2,1,TGAATCGGTCATTCAGATAT,1,3671015
tolCp1,1.5,3,1,TGAAGGAGCGCATGCAGTTC,2,3705105
tolCp1,1.0,2,1,TGAAAGTGAAAGAGTAGTGA,1,3662787
tolCp1,1.0,2,1,TGAAAGGTTACTTTGAGTCG,1,3698464
tolCp1,4.0,8,1,TCTTTACGGAGTATTACGCA,7,3714467
tolCp1,1.5,3,1,TCTTGGTAGGTGAAAGAGTT,2,3662743
tolCp1,1.5,3,1,TCTTCTTCAATCCCCGGGAG,2,3687526
tolCp1,1.0,2,1,TCTTCTCCGTCAAGGTAAAT,1,3708602
tolCp1,1.0,2,1,TCTGTGAACCGAAGACGTAT,1,3699179
tolCp1,1.0,2,1,TCTGGGAGACGTGTGCGAAC,1,3706132
tolCp1,2.0,4,1,TCTGATCATCCGAGAAGTCT,3,3695126
tolCp1,2.0,4,1,TCTGAACCTGGAACCTTGTG,3,3706859
tolCp1,1.5,3,1,TCTCTGTCAAATGGCCCGGC,2,3661280
tolCp1,1.0,2,1,TCTCTCAGAACTGCACCTCT,1,3680709
tolCp1,1.5,3,1,TCTCGGTTTCTTCTTGTCGG,2,3710240
tolCp1,1.0,2,1,TCTCCCGTGGGGAAGTCTAA,1,3664493
tolCp1,1.5,3,1,TCTCCCCTACAAGTGCAGGT,2,3686436
tolCp1,1.0,2,1,TCTCCCCACGAATGCCGCTC,1,3686125
tolCp1,1.5,3,1,TCTCCCAGACGTCTGGCACG,2,3674477
tolCp1,1.0,2,1,TCTCAATGTGGGCAGGACCT,1,3661956
tolCp1,1.0,2,1,TCTATGCGAGCCACTTGCAA,1,3671375
tolCp1,1.0,2,1,TCTAGATTCCAACGAGATCA,1,3715294
tolCp1,1.0,2,1,TCTAATAACGAACATTTGAG,1,3706894
tolCp1,1.5,3,1,TCGTGTGGCCCAGGGTACCT,2,3678311
tolCp1,1.0,2,1,TCGGTCCCACAGTGATGAAC,1,3677796
tolCp1,1.0,2,1,TCGGCCGTCCTGCGCGATAG,1,3675923
tolCp1,1.0,2,1,TCGGCCGAGTCGCAACGGAC,1,3704389
tolCp1,1.0,2,1,TCGGAAAGACAGTCTCACAG,1,3669550
tolCp1,1.0,2,1,TCGCTCACTTATACGTTAAT,1,3666551
tolCp1,1.5,3,1,TCGCAAGCCATTCCACATGA,2,3685400
tolCp1,1.0,2,1,TCGATGTCTGCGGGGGACTT,1,3678394
tolCp1,3.0,6,1,TCGATAGAACTGGCTTAATG,5,3688108
tolCp1,1.0,2,1,TCGAGTTGACTCGGTCCCAC,1,3695652
tolCp1,1.0,2,1,TCGAGGTTGTCGCGTGTGCA,1,3690764
tolCp1,1.0,2,1,TCGAAAGGTTCCGTACCAAC,1,3704401
tolCp1,3.0,6,1,TCCTTCAGCCTTTGCAGATA,5,3700346
tolCp1,1.5,3,1,TCCTCTAGGAATTTCACTTT,2,3708856
tolCp1,1.0,2,1,TCCTCGGGGCTGCTGCTGAC,1,3704822
tolCp1,1.0,2,1,TCCTACCTTTGCGTCCCTAG,1,3681784
tolCp1,1.5,3,1,TCCGGTTCACTTCTTCCTGT,2,3662606
tolCp1,1.5,3,1,TCCGGGAGCCAAACATGGAC,2,3688822
tolCp1,1.0,2,1,TCCGGCCAGATCCTAAATTT,1,3677537
tolCp1,1.0,2,1,TCCGCCGGGCGGATTGTGTG,1,3663322
tolCp1,1.0,2,1,TCCGCACGGGATGATAGTAT,1,3685538
tolCp1,2.0,4,1,TCCGAAAAGTAGGACCCATT,3,3674207
tolCp1,1.5,3,1,TCCCTTTATGACCAATTTGT,2,3687842
tolCp1,1.5,3,1,TCCCCGATTACATTACTCCC,2,3672392
tolCp1,1.0,2,1,TCCCAAGTTAGATTATGCGC,1,3686844
tolCp1,1.0,2,1,TCCATCAACGCCAGCTTAGT,1,3679747
tolCp1,1.0,2,1,TCCATAAGACGCCCTACCGA,1,3689887
tolCp1,1.5,3,1,TCCAGCACTAGCCGAATATA,2,3702020
tolCp1,3.5,7,1,TCATGTGATATAGTCATTCC,6,3701733
tolCp1,1.5,3,1,TCATCACACAATTGGCAGAA,2,3671838
tolCp1,3.0,6,1,TCAGTTTTAATTCTCCGTTT,5,3676478
tolCp1,1.5,3,1,TCAGTTCGTCTAAGCTTGAA,2,3686376
tolCp1,3.0,6,1,TCACGACGCCCTCCAGAATC,5,3695651
tolCp1,1.0,2,1,TCACAATTCGTTAGGGAGTG,1,3709548
tolCp1,2.0,4,1,TATTTTTTAACGCGCTGCCG,3,3710417
tolCp1,1.0,2,1,TATGTTACCAACTAGGCTGT,1,3708956
tolCp1,1.5,3,1,TATGTGCAGATGAACGTCAC,2,3674637
tolCp1,1.0,2,1,TATGGTATCTCAACGTGCTT,1,3680857
tolCp1,2.0,4,1,TATGGGTTGGGACCATAAAA,3,3682371
tolCp1,1.5,3,1,TATGGGACGAGCACAACTCT,2,3673741
tolCp1,1.0,2,1,TATGAAGAATGGACTTTGAG,1,3695750
tolCp1,2.0,4,1,TATCTTGAGCCAGTTGAAGT,3,3703216
tolCp1,1.0,2,1,TATCTGGATGGCATCGAGGT,1,3661137
tolCp1,1.5,3,1,TATCTGCATCCAAGCACTTA,2,3669732
tolCp1,1.5,3,1,TATCTCTCTTTTCTACGCCG,2,3706303
tolCp1,2.0,4,1,TATCGTGAAACGTCTGTAGA,3,3681000
tolCp1,1.5,3,1,TATCCGAAGAAGTCATGCGT,2,3683961
tolCp1,1.5,3,1,TATCATCACAATCTAAATAC,2,3701602
tolCp1,1.5,3,1,TATATAGCTGTTGCTCTTTG,2,3707703
tolCp1,1.0,2,1,TATAGGTACGACGTGTACGT,1,3682657
tolCp1,1.0,2,1,TATAGCAGGGACAAGTCTAT,1,3677733
tolCp1,1.0,2,1,TAGTCGCTAGGTAGAACTTA,1,3689488
tolCp1,1.0,2,1,TAGGTTATCAACGCCTGAAA,1,3705563
tolCp1,1.0,2,1,TAGGGACCGGGACTACCACT,1,3698913
tolCp1,1.0,2,1,TAGGCGCCTGTAGTTGAGCA,1,3668579
tolCp1,1.5,3,1,TAGGAGGCTTAGCATTTCAT,2,3668357
tolCp1,1.0,2,1,TAGCTAGCGAACCTTTTGAT,1,3690474
tolCp1,1.0,2,1,TAGCGGAGGACCTCTGAGGT,1,3675581
tolCp1,1.0,2,1,TAGCGCGTTGAGTGGGTGTT,1,3677622
tolCp1,1.5,3,1,TAGCCGCAACTGACAGTTAT,2,3706284
tolCp1,1.5,3,1,TAGCATAAAGCGCGCGATTT,2,3681588
tolCp1,1.0,2,1,TAGATGTCATTCTTAAACCC,1,3682804
tolCp1,1.0,2,1,TAGACCCGGGTACAGCCTGT,1,3709921
tolCp1,1.0,2,1,TACTTTCTGGGAGCTACTGA,1,3669298
tolCp1,1.0,2,1,TACTGGACGCGGGTATGCTA,1,3700233
tolCp1,1.0,2,1,TACTGCGGAAGCGAGCCCTA,1,3706087
tolCp1,3.0,6,1,TACTCTTCGTCCAAATGTTC,5,3678299
tolCp1,1.5,3,1,TACTCACACTCCTAACTTGT,2,3682750
tolCp1,2.0,4,1,TACGCTGACCAGTTAACATT,3,3697288
tolCp1,1.0,2,1,TACCTAAAATGGTCTTGGGA,1,3688626
tolCp1,1.5,3,1,TACCGCTTTGTTGGGCCTAG,2,3687714
tolCp1,1.0,2,1,TACAGCTGTTTACGTCCAAT,1,3699384
tolCp1,1.5,3,1,TACAGCAAATACGTGGTGTA,2,3670848
tolCp1,2.0,4,1,TACAATTGGCTATGTAAGTT,3,3698586
tolCp1,1.0,2,1,TACAATAACTAATGACACAA,1,3684619
tolCp1,1.5,3,1,TACAAGGCCAACCGCGATCT,2,3714756
tolCp1,2.5,5,1,TAATTGTTCAGAAGGGTGCT,4,3688876
tolCp1,1.0,2,1,TAATTGGCTAACTCTCCAAA,1,3669689
tolCp1,1.0,2,1,TAATTGAATGTGTCTAGAGC,1,3685136
tolCp1,1.0,2,1,TAATGCCGGGCTGCCGGTCC,1,3666797
tolCp1,1.0,2,1,TAAGTCGCCGCTCCCAGCCT,1,3684592
tolCp1,1.0,2,1,TAAGGTGGGCTCAGCCGTTG,1,3689288
tolCp1,1.0,2,1,TAAGGAGGGGCGGGGACAAG,1,3674839
tolCp1,1.0,2,1,TAAGCCCGGACACAAATTAG,1,3708687
tolCp1,4.5,9,1,TAACTATTTTTTCCGTTCAA,8,3702441
tolCp1,1.5,3,1,TAACTATGGTTGAGTCAGGT,2,3695474
tolCp1,1.5,3,1,TAACGATTACACCACTAGCA,2,3671183
tolCp1,1.0,2,1,TAACATTTGTACGTACTGCT,1,3709693
tolCp1,1.0,2,1,TAACAGCGGGCGGCGTCCAC,1,3666145
tolCp1,1.0,2,1,TAACAATCTGATAGGTGTTA,1,3682894
tolCp1,1.0,2,1,TAACAATCGCAACTAGGGTG,1,3668261
tolCp1,2.0,4,1,TAAATTGTAGGGAAGAACAT,3,3671678
tolCp1,1.0,2,1,TAAATAACTTCTAGGCGACT,1,3682537
tolCp1,1.0,2,1,TAAAGTAGGTGCGGGTATTA,1,3665450
tolCp1,1.0,2,1,TAAAGGGGCTTGCTCCATCA,1,3671459
tolCp1,1.0,2,1,TAAAGGGCGCTTTGGGAGAT,1,3688033
tolCp1,1.5,3,1,TAAACAAGTCGCTTGGGTGA,2,3701749
tolCp1,1.0,2,1,TAAACAACGTCTTATGTTCC,1,3688111
tolCp1,2.5,5,1,GTTTTTGTTAATCTATCTGA,4,3676850
tolCp1,1.0,2,1,GTTTTAGTGTTGTAATGTAG,1,3662022
tolCp1,1.0,2,1,GTTTGTTTGGCACGAATCGG,1,3702834
tolCp1,1.0,2,1,GTTTGAACAAGATGGGACCG,1,3684409
tolCp1,1.5,3,1,GTTTGAAAGAAATCACGCAT,2,3695016
tolCp1,1.0,2,1,GTTTACGTTCATGTCGGACG,1,3693294
tolCp1,6.0,12,1,GTTGGGTTTAGATGGCTCTG,11,3694053
tolCp1,1.0,2,1,GTTGGGGAAATATTAGCGCG,1,3685860
tolCp1,1.5,3,1,GTTGGCCACCGCTAGGCTCA,2,3708435
tolCp1,1.0,2,1,GTTGGACTCCCAGTGGCATA,1,3691059
tolCp1,1.5,3,1,GTTCGATACTGCGTGTCTAT,2,3715035
tolCp1,1.0,2,1,GTTCGAAAGGTTGGCTGTGA,1,3686989
tolCp1,1.5,3,1,GTTCAGACATTTTCCCGTAA,2,3711497
tolCp1,1.0,2,1,GTTAGTGCTGACATCAGCTA,1,3701238
tolCp1,1.0,2,1,GTTAGGTTACTTGGAGCGGA,1,3674741
tolCp1,1.0,2,1,GTTAATCTGATTGTGCGGCT,1,3665370
tolCp1,1.0,2,1,GTTAACCGGGTGCCTAGGCT,1,3698450
tolCp1,1.0,2,1,GTGTTTGAACTTTGGTATAG,1,3696950
tolCp1,1.0,2,1,GTGTTGGCGCAAAAGCCTAT,1,3675420
tolCp1,1.5,3,1,GTGTGGGATGTTCAGAAGAT,2,3691556
tolCp1,1.0,2,1,GTGTGGAGCACGTTAATTAC,1,3681997
tolCp1,1.5,3,1,GTGTAATGCGAACAAATATT,2,3665452
tolCp1,1.0,2,1,GTGGTTAAGTTACGCCTCTA,1,3715102
tolCp1,1.5,3,1,GTGGTACGGCGTACGACAGA,2,3694009
tolCp1,1.0,2,1,GTGGAGCGGGGAAGACGCAT,1,3662925
tolCp1,2.0,4,1,GTGGAGCATACCACGATCGG,3,3678340
tolCp1,1.0,2,1,GTGGACTGCTCCTTACATCA,1,3675572
tolCp1,2.0,4,1,GTGCCAGAACGTAAAGTTTA,3,3677629
tolCp1,1.5,3,1,GTGCAGACTAGATGGTAATG,2,3674602
tolCp1,1.0,2,1,GTGATAACACTAACTGCTAA,1,3668343
tolCp1,1.0,2,1,GTGAGAGACTTATTTAAAAT,1,3701237
tolCp1,1.0,2,1,GTGACTTCTTTACGGCTTTA,1,3675686
tolCp1,1.5,3,1,GTGACTAGCACCGTTACCAA,2,3676586
tolCp1,6.0,12,1,GTGACATACGACTGGCCAGG,11,3682233
tolCp1,1.0,2,1,GTCTGTTGCTTTCCGACGGA,1,3694696
tolCp1,1.0,2,1,GTCTCGTCGTACGAACGTGA,1,3685990
tolCp1,2.5,5,1,GTCGGAGCGCTATCTGTCGG,4,3671500
tolCp1,2.5,5,1,GTCGCGCCCCCATGTTTAAC,4,3712737
tolCp1,2.5,5,1,GTCGCACTACCACTAAAAGG,4,3667011
tolCp1,1.0,2,1,GTCGAAGCATCGAACGCCCA,1,3687255
tolCp1,2.0,4,1,GTCCTTGCAATCGGACTGTG,3,3662123
tolCp1,1.5,3,1,GTCCGCGAAGAGTGGTGGTA,2,3701981
tolCp1,1.0,2,1,GTCCCCCCTGAGACCTCATA,1,3677797
tolCp1,1.5,3,1,GTCCCCCCATCCATATCCTG,2,3661820
tolCp1,1.0,2,1,GTCCAACGTTTAATGTAGCC,1,3694322
tolCp1,1.0,2,1,GTCAGTCCTATTCCAACCGG,1,3687512
tolCp1,1.0,2,1,GTCAGGCGGGTCAGGGTAGA,1,3713184
tolCp1,1.0,2,1,GTCACGGGTTGTTCGGGGTC,1,3669978
tolCp1,1.0,2,1,GTCAACCAAGGTATGCCAGA,1,3684910
tolCp1,1.5,3,1,GTATGCGCCCGGGCACAAGA,2,3698126
tolCp1,2.0,4,1,GTATGACTGGGTGTTGCGTA,3,3706952
tolCp1,1.5,3,1,GTATCGGTACATTTTGTTGC,2,3665690
tolCp1,1.5,3,1,GTAGTGTGGCGATATTCCAA,2,3674402
tolCp1,1.0,2,1,GTAGTAGCGGCCCTGGATTA,1,3661153
tolCp1,1.0,2,1,GTAGATAGTATGAGCACTGT,1,3681036
tolCp1,1.0,2,1,GTACTAGCGATCAGACTATG,1,3698063
tolCp1,1.0,2,1,GTACGTCGCAATGATTACCC,1,3713668
tolCp1,2.5,5,1,GTACCGCCTCGTGCTCCTTA,4,3671215
tolCp1,1.0,2,1,GTAATGCTACGCCCCGCTGA,1,3664675
tolCp1,1.0,2,1,GTAACTCTGTACAGAAGGGT,1,3698447
tolCp1,1.5,3,1,GTAACGTAGGGTTAGACTGT,2,3687733
tolCp1,1.0,2,1,GTAACACCGTCAACTAAGTG,1,3663666
tolCp1,1.5,3,1,GGTTTTCCGGTACGCATCGC,2,3690660
tolCp1,1.0,2,1,GGTTTCGGGTATTACATACA,1,3672719
tolCp1,1.0,2,1,GGTTGTCGGTATGTAGCAAA,1,3688564
tolCp1,1.0,2,1,GGTTGCCAAACGGATCGCGA,1,3667857
tolCp1,2.5,5,1,GGTTGAGTCCTGGAGTGGCA,4,3707184
tolCp1,1.0,2,1,GGTTCGTCACTTCGGGACAA,1,3703239
tolCp1,1.0,2,1,GGTGTTTTATGAGCTGCGCT,1,3675678
tolCp1,1.0,2,1,GGTGGCCGGTCATTAGCAGC,1,3671783
tolCp1,1.0,2,1,GGTCTCCGGCTAAGATGGAT,1,3680134
tolCp1,1.0,2,1,GGTCGTATCACAAGATCGCA,1,3686295
tolCp1,1.0,2,1,GGTCGAGGACGCCTATCCCC,1,3667487
tolCp1,1.0,2,1,GGTCGAAGCCAGCACAGAAC,1,3687637
tolCp1,1.5,3,1,GGTCCACATCCCTGCACCTT,2,3693282
tolCp1,2.5,5,1,GGTCCAAGCGGTGCCACGGG,4,3693578
tolCp1,1.0,2,1,GGTAGACTCTCGCTACTTCA,1,3664501
tolCp1,1.0,2,1,GGTACTAGCGTACTTCCGGC,1,3713023
tolCp1,1.5,3,1,GGTACGCTCGTGGGGCAGCT,2,3710312
tolCp1,1.0,2,1,GGTACATGATGTAAGACTCA,1,3673986
tolCp1,1.0,2,1,GGTACAGGAAACCATTCAAT,1,3690629
tolCp1,1.0,2,1,GGTAAGTCAGGTCCGCAGTA,1,3676217
tolCp1,1.0,2,1,GGGTTCGTCAGCAGCACAGT,1,3696404
tolCp1,1.0,2,1,GGGTGATCCCTCTTCCCAAC,1,3698046
tolCp1,1.0,2,1,GGGTCTCCTCCCTGAGGCGT,1,3674488
tolCp1,1.5,3,1,GGGTCTATCTAGCTGCACTA,2,3696031
tolCp1,1.0,2,1,GGGTACTTGTTTATATGGGT,1,3690571
tolCp1,1.0,2,1,GGGTACGACGGGTCGTCAAC,1,3662311
tolCp1,1.5,3,1,GGGGTGCTTGAAATTCTCGG,2,3699220
tolCp1,1.0,2,1,GGGGTCCGGTTTTAAGATCG,1,3700441
tolCp1,1.5,3,1,GGGGGTCGGGATTGACAATA,2,3685079
tolCp1,3.0,6,1,GGGGGCGCATTTCTCCCATA,5,3682477
tolCp1,1.0,2,1,GGGGGCCTCACAGTCTAGTT,1,3662841
tolCp1,1.0,2,1,GGGGCGCGGCCGGGGTGCCA,1,3706376
tolCp1,1.0,2,1,GGGGCAAGATAAATCCGGTT,1,3666317
tolCp1,1.5,3,1,GGGCTTACACACTGACCTTT,2,3678602
tolCp1,2.5,5,1,GGGCTACCTCGAGCAAACCT,4,3690546
tolCp1,1.0,2,1,GGGCCTGCTTATCCGGCGCC,1,3668424
tolCp1,1.0,2,1,GGGCACTTCGGTGGTCCGGT,1,3662818
tolCp1,1.0,2,1,GGGCAAAGCCAAACTACGAT,1,3700432
tolCp1,2.0,4,1,GGGATGTCGCGCACCCGGTG,3,3678665
tolCp1,1.0,2,1,GGGAGAATCGGCTTGGTTCA,1,3687312
tolCp1,6.0,12,1,GGGAGAACAGGGATGTCATA,11,3689007
tolCp1,1.5,3,1,GGGACCCGTGATTCAGTATA,2,3679913
tolCp1,1.0,2,1,GGCTTGGTTTGCCCAACTTT,1,3663644
tolCp1,1.0,2,1,GGCTGTGACCAGATTCGATC,1,3690084
tolCp1,1.5,3,1,GGCTGGATAAGCGGATTCGG,2,3679994
tolCp1,1.0,2,1,GGCTGCCATTTGCGTATAAA,1,3683652
tolCp1,1.0,2,1,GGCTAGAGCCCGGCGCTGGT,1,3662786
tolCp1,1.0,2,1,GGCGTTTTACTATAGCTCAA,1,3687661
tolCp1,2.5,5,1,GGCGGCTCGAGGCCACTCTA,4,3689031
tolCp1,1.5,3,1,GGCGCGTCGATAAAATGGTG,2,3706892
tolCp1,1.0,2,1,GGCGCCTTCTTTCGCACGTG,1,3703149
tolCp1,1.0,2,1,GGCGAATTTCACCACTCAAC,1,3684753
tolCp1,1.5,3,1,GGCCTGACGGGCTGTAGTTA,2,3685142
tolCp1,1.0,2,1,GGCCTCGCAGACAAGTTGTT,1,3710840
tolCp1,1.5,3,1,GGCCGACTCAATACGGACAT,2,3714926
tolCp1,1.0,2,1,GGCCGACAATCTTCAGCTTA,1,3690187
tolCp1,1.5,3,1,GGCCATTCGTATCGAAAGGG,2,3665656
tolCp1,1.0,2,1,GGCATGTCTTTTTAAAACGT,1,3666045
tolCp1,1.0,2,1,GGCATATATATCGCTGGTGC,1,3690119
tolCp1,1.5,3,1,GGCATAAGACCGCGAGTCGG,2,3673933
tolCp1,1.0,2,1,GGCAGTGTGAGGTTCAGAAT,1,3686710
tolCp1,1.0,2,1,GGCACCCTGGCGCGGATCCT,1,3661909
tolCp1,1.5,3,1,GGCAAAGGAGTCAGTGTTTC,2,3668662
tolCp1,4.5,9,1,GGATTGGATAATGAATGCGT,8,3702727
tolCp1,1.5,3,1,GGATTAGGGCTCGGTTCGAG,2,3664097
tolCp1,1.0,2,1,GGATGTGGAATAGAGGAGCC,1,3700800
tolCp1,1.0,2,1,GGATAAGCCGGTGTGAACGA,1,3669333
tolCp1,1.5,3,1,GGATAACAGGCCAACACAGT,2,3663928
tolCp1,1.0,2,1,GGAGGACGAGTTCCAGTGGG,1,3698659
tolCp1,2.0,4,1,GGAGCCTACATCCACTATTA,3,3682137
tolCp1,1.0,2,1,GGAGATGCGTAATCTTCTTT,1,3696258
tolCp1,1.0,2,1,GGACGCTATAAGTCGCATAG,1,3702383
tolCp1,1.5,3,1,GGACCCCCAAACCTAGCTAT,2,3667635
tolCp1,1.0,2,1,GGAATGATTGAAAGGGGTAA,1,3664061
tolCp1,1.0,2,1,GGAAGTTGGACGGACATATA,1,3703629
tolCp1,1.0,2,1,GGAAGGGCAATTGGCAATTT,1,3707801
tolCp1,1.0,2,1,GGAAGATTGAGCCGCGGGAC,1,3700231
tolCp1,2.5,5,1,GGAACTACCTCCGAAGGGCT,4,3663776
tolCp1,1.0,2,1,GGAACGGTGCCCCAGAATAC,1,3702640
tolCp1,4.5,9,1,GCTTTCTGCACATTTTACCT,8,3690188
tolCp1,1.5,3,1,GCTTTAGATGACTTTCCGCA,2,3663972
tolCp1,7.0,14,1,GCTTGACGCTCATTCCTGGT,13,3714469
tolCp1,1.0,2,1,GCTTCCTTCGACTACCAGTT,1,3665177
tolCp1,1.5,3,1,GCTTCACGATCGACGGTGCG,2,3703484
tolCp1,2.0,4,1,GCTGCTGTTCAGATATTGGT,3,3710738
tolCp1,1.5,3,1,GCTCTTGACCCTAGAATCGA,2,3668501
tolCp1,2.0,4,1,GCTCTCGGTTATGGGGGAAC,3,3694488
tolCp1,1.0,2,1,GCTCGTAGCGCACAAGTGCA,1,3704172
tolCp1,1.5,3,1,GCTCCATATCACCTCACGTA,2,3670125
tolCp1,1.0,2,1,GCTCAACGGTCCGGGAGCTT,1,3688142
tolCp1,1.0,2,1,GCTATTGTATCCCGGGGCCA,1,3694271
tolCp1,1.0,2,1,GCTACTAATTAACTATCCAA,1,3691152
tolCp1,1.5,3,1,GCTACCCGACTTCTTAGGCA,2,3688806
tolCp1,1.5,3,1,GCTAACGTACTTCTCCGTAA,2,3715430
tolCp1,1.0,2,1,GCGTGGATCAGGCCGCGATA,1,3678390
tolCp1,1.0,2,1,GCGTATCATGGAGTCATGGC,1,3685497
tolCp1,1.0,2,1,GCGGTTTAACGGCGGCATGT,1,3704735
tolCp1,1.0,2,1,GCGGGCGGTGACCGGTTTTA,1,3708088
tolCp1,1.0,2,1,GCGGCCAAGGTGATATAGTA,1,3686629
tolCp1,3.0,6,1,GCGGAAACGTCGGACCAGTA,5,3682482
tolCp1,1.0,2,1,GCGCGTTCCTGGACACTGAC,1,3665559
tolCp1,1.0,2,1,GCGCGGGCTAGCAAGACTCA,1,3684494
tolCp1,1.0,2,1,GCGCAGGAAATCCATGATGG,1,3666651
tolCp1,1.5,3,1,GCGATTCTCCCTACGCCGGC,2,3666957
tolCp1,1.0,2,1,GCGATTATGCCTACGAGAAC,1,3663774
tolCp1,3.5,7,1,GCGATCTGGTATACTCCGGT,6,3691554
tolCp1,1.0,2,1,GCGATACTAGTCTATAGGGT,1,3671988
tolCp1,1.0,2,1,GCGATACCGTGCGGAGCGCC,1,3673693
tolCp1,1.0,2,1,GCGAGCGATTTGTTAAGGAA,1,3705414
tolCp1,2.0,4,1,GCGAGCAGCAGACCTGTACT,3,3687689
tolCp1,1.0,2,1,GCGACGTATTGGCACAATGG,1,3695328
tolCp1,1.0,2,1,GCGACGCACATCGTCAGAGC,1,3688753
tolCp1,1.0,2,1,GCGAAAGTGTGAAGCTCACG,1,3713932
tolCp1,1.0,2,1,GCCTTAACGGTCGCATCGGC,1,3681147
tolCp1,1.5,3,1,GCCTCAAGTCCACACCCATG,2,3684432
tolCp1,1.5,3,1,GCCTAGTTGGCGTCTTCTTC,2,3663865
tolCp1,1.0,2,1,GCCTACATCCGAACCAACAA,1,3666058
tolCp1,2.0,4,1,GCCTAAATCGGTATCTTGTA,3,3699604
tolCp1,1.5,3,1,GCCGTGTCTATTGGGCAGAC,2,3697054
tolCp1,1.0,2,1,GCCGTAGATTCCTGAAGCCT,1,3699051
tolCp1,1.0,2,1,GCCGGTTCGCTAGCAGGAAA,1,3672233
tolCp1,2.0,4,1,GCCGGTCGCGACACAGTAAT,3,3681871
tolCp1,1.0,2,1,GCCGAAGGTACGGCCTCCCG,1,3667253
tolCp1,1.0,2,1,GCCCGCGGTCAATACCATCA,1,3706974
tolCp1,1.5,3,1,GCCCCCAAAAGTCTTCTGTG,2,3683957
tolCp1,2.0,4,1,GCCCAGATTATAGAAGTTAT,3,3678357
tolCp1,1.0,2,1,GCCAGTCCACTCTCAGGGAA,1,3701432
tolCp1,1.0,2,1,GCCAGAGGCCTCGGGCAAGG,1,3661484
tolCp1,9.0,18,1,GCATGCGCAACTCTGCAATA,17,3712521
tolCp1,2.0,4,1,GCATGAATTATTGTCGCCCT,3,3680653
tolCp1,1.0,2,1,GCATGAACAAGATGCAGTGT,1,3682986
tolCp1,1.0,2,1,GCATGAAAATCGCTGAAAAT,1,3706714
tolCp1,1.5,3,1,GCATCCAGCGGCAGAGTGTC,2,3695413
tolCp1,1.0,2,1,GCATCAAGTTAGGTTCGGGA,1,3682206
tolCp1,1.0,2,1,GCAGTTATCCCTTTCGGTCG,1,3664491
tolCp1,1.0,2,1,GCAGTGTGCGGGGGTCATTC,1,3712272
tolCp1,1.0,2,1,GCAGCGAGTTACAAGGTCGG,1,3699594
tolCp1,1.0,2,1,GCAGAGGAGGTCCGCAAGCG,1,3676397
tolCp1,1.0,2,1,GCACTTCGAACATATTTGCT,1,3698461
tolCp1,1.0,2,1,GCACTCGTGTGTCCGTTAAT,1,3713085
tolCp1,3.0,6,1,GCACGTATTGTCGGTGTGAA,5,3678157
tolCp1,1.5,3,1,GCAATCCACTCGTACATAGA,2,3688813
tolCp1,1.0,2,1,GCAAGGGTTTCGTTGACTTC,1,3687833
tolCp1,1.5,3,1,GCAACGCCCATTTAAAACCA,2,3684327
tolCp1,1.0,2,1,GATTTTTTCAAATGGTTAAC,1,3668655
tolCp1,1.0,2,1,GATTGTGGCGGCATGAACGT,1,3662723
tolCp1,1.0,2,1,GATTCAGATTAATCATAAAG,1,3673576
tolCp1,1.0,2,1,GATTAGTGGTAAGTACCCGT,1,3693627
tolCp1,1.0,2,1,GATGGAGCCATATATGTCGG,1,3681234
tolCp1,1.0,2,1,GATGCATAAATAAAGTTGTC,1,3698125
tolCp1,1.0,2,1,GATGATCCCCATCGAATCTT,1,3672645
tolCp1,1.0,2,1,GATGAGAATTAATGAAGTCA,1,3670020
tolCp1,1.0,2,1,GATCTGCAGTAGTTCAGTTC,1,3663629
tolCp1,1.5,3,1,GATCGCCTACTCGGGCAAGG,2,3672183
tolCp1,3.5,7,1,GATAATGAAGGGCACGAGTC,6,3714465
tolCp1,1.0,2,1,GAGTTACTACATAGAGAAGC,1,3663977
tolCp1,1.0,2,1,GAGTGTACCAAGGTATAGGA,1,3686583
tolCp1,1.0,2,1,GAGTGGGTGTATCCATCTAC,1,3685181
tolCp1,1.0,2,1,GAGTGATATCAAACCAAGTA,1,3661572
tolCp1,1.0,2,1,GAGTAGACTGTCAAACATAT,1,3679215
tolCp1,1.0,2,1,GAGGTGGCAAGATGCTTGAG,1,3705677
tolCp1,1.0,2,1,GAGGGGACTCTGTCAGGGAT,1,3680260
tolCp1,1.0,2,1,GAGGGATATCTCTCAATCAT,1,3689726
tolCp1,1.5,3,1,GAGGCAGAAATTCCTAACTA,2,3696379
tolCp1,1.5,3,1,GAGCTCGCCGCGGTTTAGTG,2,3686447
tolCp1,1.0,2,1,GAGCCACCATGGGGCACACG,1,3696782
tolCp1,1.0,2,1,GAGCAGAGCATATGCTTTTA,1,3670267
tolCp1,1.5,3,1,GAGCAATATGGGATGGGTTC,2,3661310
tolCp1,1.5,3,1,GAGATCGCAGCGGGTTCCAA,2,3700878
tolCp1,2.5,5,1,GAGATACAGGGTGGAGCCAA,4,3688818
tolCp1,1.0,2,1,GACTTTGTATCCGGTTTATA,1,3686288
tolCp1,1.0,2,1,GACTCAAGTGATAACATCAC,1,3662910
tolCp1,1.0,2,1,GACGTTTTCAATCGCCTCAG,1,3689605
tolCp1,1.0,2,1,GACGGACTATCAGTGCAGGC,1,3664746
tolCp1,1.0,2,1,GACGATGAAATGAGGGCAAC,1,3706305
tolCp1,1.0,2,1,GACGATCTTCCTCGGAGTAT,1,3686411
tolCp1,3.0,6,1,GACCTTGGAATTATACACTT,5,3696266
tolCp1,2.0,4,1,GACCGTACGGACCGCCGGAT,3,3683201
tolCp1,1.0,2,1,GACCCGCGGTGTTTCGCGCC,1,3664155
tolCp1,1.5,3,1,GACCCCAACACTGCCCCCTA,2,3685566
tolCp1,1.0,2,1,GACAGGGGTCGCCGATCCAG,1,3680854
tolCp1,1.0,2,1,GAATGACGATCTGAGCCAGT,1,3705755
tolCp1,1.0,2,1,GAAGTAGACCGTCACAAGAA,1,3710747
tolCp1,2.0,4,1,GAAGCCTCATTACCATTATT,3,3713800
tolCp1,2.5,5,1,GAAGCAGGGGCTTCGTGTCG,4,3666141
tolCp1,1.0,2,1,GAACTTATTGAACGTAACCC,1,3668104
tolCp1,1.0,2,1,GAACTGTTCCGCTGGTCGCG,1,3672423
tolCp1,1.0,2,1,GAACTAAAGTAGACACCCTG,1,3673033
tolCp1,1.0,2,1,GAACGGCCTCTCTGGCGGTA,1,3673863
tolCp1,2.0,4,1,GAACGCCGGACAGCAGTCAG,3,3696702
tolCp1,1.0,2,1,GAAATCTGGTGACCGAATCA,1,3694460
tolCp1,1.0,2,1,GAAAGGCCATTTGTTTGGCT,1,3697094
tolCp1,1.0,2,1,GAAACTGTTGAGGTGATCTT,1,3669161
tolCp1,1.0,2,1,CTTTTGTCAGACCGTTGGAC,1,3686253
tolCp1,1.0,2,1,CTTTTATTGCGTAAGCATGT,1,3668746
tolCp1,1.0,2,1,CTTTTACGGTGAAGTCTATA,1,3704642
tolCp1,1.5,3,1,CTTTGTTAATTTAGTAGGTG,2,3711496
tolCp1,1.0,2,1,CTTTGTACTTTAGTTATGTA,1,3703836
tolCp1,1.0,2,1,CTTTCGTCTTATCAGGAGCT,1,3694360
tolCp1,1.0,2,1,CTTTCAGTCTGCTGGCGCAT,1,3670843
tolCp1,2.0,4,1,CTTGTTGAGAGGACGCAGCA,3,3689669
tolCp1,1.0,2,1,CTTGTGAATGGACGGTTGCG,1,3664187
tolCp1,1.0,2,1,CTTGCCCACGGTACCCTCGA,1,3675700
tolCp1,1.0,2,1,CTTGCATCTAGAGTTTGTCT,1,3697953
tolCp1,1.0,2,1,CTTGACGGCATTCCACCGAT,1,3687461
tolCp1,1.0,2,1,CTTGACATTCCGAAGCACGT,1,3662418
tolCp1,1.0,2,1,CTTCGGAGTAAAGTGTTCAG,1,3705273
tolCp1,1.5,3,1,CTTCCTTTGTTTGTTGCATG,2,3681269
tolCp1,2.0,4,1,CTTCACAGACTAGGGCGTGC,3,3668452
tolCp1,2.0,4,1,CTTCAAGAAACCAAGTCTTG,3,3675244
tolCp1,2.5,5,1,CTTATCACCCTGCGCTTAGT,4,3684616
tolCp1,1.0,2,1,CTTATAATTCTCTCCAAACT,1,3667587
tolCp1,2.0,4,1,CTTAGACTGAGCTCTCGGGA,3,3712001
tolCp1,1.0,2,1,CTTACAATGGGGGCGGTTCT,1,3676232
tolCp1,1.5,3,1,CTGTGGCGTAACGATCGCCT,2,3677078
tolCp1,1.0,2,1,CTGTGGAAACGAACGTCAGA,1,3681543
tolCp1,3.0,6,1,CTGTCCTATCTGTTAATCCC,5,3699949
tolCp1,1.0,2,1,CTGTCCCTTGTGCGGCTTAT,1,3688025
tolCp1,1.0,2,1,CTGTCAGTTGCTGTGAGGAA,1,3701314
tolCp1,2.0,4,1,CTGTAATACCAGTTATTACT,3,3662098
tolCp1,3.5,7,1,CTGGGTGTCCCCTTTTTAAC,6,3674134
tolCp1,1.0,2,1,CTGGGTCCCTCGGCAGTTCT,1,3685659
tolCp1,1.0,2,1,CTGGCCGTTCTTCAGACCTA,1,3692062
tolCp1,1.0,2,1,CTGGCCAGCAGGCAGGGTCA,1,3686714
tolCp1,2.5,5,1,CTGGCAAGATGAACTGTCAT,4,3663247
tolCp1,1.0,2,1,CTGGACATGGACCAACTTTT,1,3679743
tolCp1,1.0,2,1,CTGCTCAGTTACTTATGAAG,1,3683052
tolCp1,1.5,3,1,CTGCGTAGTGGTACATAAAC,2,3666206
tolCp1,1.5,3,1,CTGCGATCCCCAGGGCACCT,2,3692676
tolCp1,1.0,2,1,CTGCCTTGCACCAGTGGGAG,1,3661832
tolCp1,1.0,2,1,CTGAGCTTATGGCCATGCCT,1,3685374
tolCp1,1.0,2,1,CTGACTGCAGACATGGTAAG,1,3670121
tolCp1,1.0,2,1,CTGAATTCCCTCAAGCATGT,1,3693069
tolCp1,1.0,2,1,CTCGTTAGGATGTGGCAGTG,1,3695776
tolCp1,2.5,5,1,CTCGTACGATGCCCCATTGA,4,3698384
tolCp1,1.0,2,1,CTCGGTGGAATGTTATAGTG,1,3668770
tolCp1,2.0,4,1,CTCGGAGTGTCCCGCACCGG,3,3702440
tolCp1,1.0,2,1,CTCGCACTGATGTTCAGAGG,1,3704581
tolCp1,1.0,2,1,CTCGACAGCCCCACTCGTAC,1,3668378
tolCp1,1.0,2,1,CTCCTTAGGCCCCGTGGATG,1,3670323
tolCp1,2.5,5,1,CTCCGCGTACAATGTTACGT,4,3678298
tolCp1,1.0,2,1,CTCCGCGGTTTACGGCACAA,1,3696898
tolCp1,1.5,3,1,CTCCGATACGTCTAATGGGA,2,3665414
tolCp1,1.5,3,1,CTATTGCGTCCTATAAAGCA,2,3684479
tolCp1,1.0,2,1,CTATGTCTCGTGCGCCCCAG,1,3699373
tolCp1,1.5,3,1,CTATGTCTAATAAGAAAGTT,2,3671020
tolCp1,1.5,3,1,CTATGCTAGAAACCGCAAAT,2,3682470
tolCp1,1.0,2,1,CTATACTGAAAACATAGGGA,1,3672444
tolCp1,2.5,5,1,CTAGTGAAAACCCGTCAAAA,4,3675367
tolCp1,1.0,2,1,CTAGTAGCGAGCCACTATCT,1,3703730
tolCp1,1.5,3,1,CTAGGAGGGGCGAAGTTAAT,2,3681804
tolCp1,1.5,3,1,CTAGCCCTATACATATAATT,2,3674205
tolCp1,1.0,2,1,CTACTTTGCGATTAGGGTAC,1,3691227
tolCp1,2.0,4,1,CTACGGGTCGTCCTAATCAT,3,3664747
tolCp1,3.0,6,1,CTACCTACCGTCGTGTCCTT,5,3667821
tolCp1,1.0,2,1,CTACAGGATCATCGACGCTA,1,3715233
tolCp1,2.0,4,1,CTAATGTTGTGGTCGTTGAG,3,3669371
tolCp1,1.0,2,1,CTAATACGAGCACTTCTCCA,1,3687514
tolCp1,1.5,3,1,CTAAGACACTTCATGGAAGG,2,3665417
tolCp1,1.0,2,1,CTAAACTTCGCGCACGCAAT,1,3669717
tolCp1,4.0,8,1,CGTTGGGCGACTCTTTTTCA,7,3711054
tolCp1,2.0,4,1,CGTTGCGGCATGAGTAGAGG,3,3712490
tolCp1,1.0,2,1,CGTTACTGCTTGTCCTATAG,1,3692266
tolCp1,1.0,2,1,CGTTACACCGCCAGTTGATC,1,3684666
tolCp1,1.0,2,1,CGTGTTAGGGAAATTCCTAC,1,3706949
tolCp1,1.0,2,1,CGTGTCAGTTCCAGGTACAC,1,3662318
tolCp1,1.5,3,1,CGTGGATTTGGGTGTTTCGT,2,3682796
tolCp1,1.0,2,1,CGTGCATGAATTCTTACTGA,1,3692234
tolCp1,1.0,2,1,CGTGCATAACTGTGGCTCGT,1,3694601
tolCp1,2.5,5,1,CGTCCATCGGGGTAGAGTCC,4,3681365
tolCp1,1.5,3,1,CGTCAGAGGCTGGCCTCATG,2,3672033
tolCp1,1.0,2,1,CGTCAAGTATCTCGTGTTGG,1,3703375
tolCp1,1.0,2,1,CGTATCCCTCCTACGGCAGA,1,3694528
tolCp1,1.0,2,1,CGTAGGGGGAGGTTCACGGA,1,3710458
tolCp1,2.0,4,1,CGTAAACTTGCATCACTCGA,3,3702089
tolCp1,1.0,2,1,CGGTTACTATGTTAGGCGAA,1,3669648
tolCp1,1.0,2,1,CGGTGAAGGTATGAGCCCAA,1,3671424
tolCp1,1.0,2,1,CGGTCGTAAGTTTAGCCCCC,1,3700141
tolCp1,2.5,5,1,CGGGTTTGGGTAAAGTGAAA,4,3685418
tolCp1,1.0,2,1,CGGGTCGAATAGGCTGTTTA,1,3674543
tolCp1,1.0,2,1,CGGGCGCCCCACAACCCTTT,1,3678719
tolCp1,2.5,5,1,CGGGCGATTCGACTTGGACC,4,3690411
tolCp1,1.0,2,1,CGGCTGTCAATTCTACTGAG,1,3686578
tolCp1,2.5,5,1,CGGCTGGCACGCCATCAGTG,4,3706090
tolCp1,1.0,2,1,CGGCTAAGTAGATGTTGTTA,1,3668793
tolCp1,1.0,2,1,CGGCGCCCACCTGTTGGACT,1,3708430
tolCp1,2.5,5,1,CGGCGAACAATTCCTACGTA,4,3695091
tolCp1,1.0,2,1,CGGCACCTCAGGATAGGAAG,1,3699160
tolCp1,1.5,3,1,CGGAGTTATTAATCATTATC,2,3697326
tolCp1,1.0,2,1,CGGAGTATAATCGCTGCGGA,1,3707297
tolCp1,1.0,2,1,CGGACTAAGTGAACTTTCTA,1,3677202
tolCp1,7.0,14,1,CGGACATGGGAACGCATCAC,13,3703458
tolCp1,1.5,3,1,CGGAAGTATTCACGATGGAA,2,3696862
tolCp1,1.0,2,1,CGGAACCGAGGTAGCTCAAA,1,3674778
tolCp1,1.5,3,1,CGCTCTAAAGGTTGCTACTG,2,3693317
tolCp1,2.0,4,1,CGCTAGTAATAATTGTACAG,3,3676531
tolCp1,2.5,5,1,CGCTAGAGACATGCACGAGC,4,3686563
tolCp1,1.0,2,1,CGCGCGGTCATGGGGGTATA,1,3679571
tolCp1,1.0,2,1,CGCGCGCCATTATTCATCAT,1,3692283
tolCp1,1.5,3,1,CGCCTGGTACTGGCAAGGGA,2,3665850
tolCp1,1.0,2,1,CGCCTCGGGCTTCGTTTGCA,1,3685505
tolCp1,4.0,8,1,CGCCGCAAAGCCTGCCGTTA,7,3696441
tolCp1,1.0,2,1,CGCCACCGTGAGGTATCCGA,1,3682012
tolCp1,1.0,2,1,CGCATATTGACGCGAGGATC,1,3664278
tolCp1,1.0,2,1,CGCAAGAGACGGGCGTCGGT,1,3674876
tolCp1,1.0,2,1,CGATGTTGGGGGCGTAGCGA,1,3682050
tolCp1,1.5,3,1,CGATGTACTTGAAGGTCTTC,2,3694065
tolCp1,1.0,2,1,CGATGGGAGATCGCCAAATC,1,3678038
tolCp1,1.0,2,1,CGATGGCAAGCCCAGGATTT,1,3671155
tolCp1,1.5,3,1,CGATGCACGATCCCTAGGGA,2,3705851
tolCp1,1.0,2,1,CGATCGAGTCTAACCATCTT,1,3714356
tolCp1,1.0,2,1,CGAGGGTTCCTGGGGAATTT,1,3673496
tolCp1,1.5,3,1,CGAGGACCGAGGTCTGCGCC,2,3695323
tolCp1,1.0,2,1,CGACTTGATCAGGGTTAGTG,1,3712907
tolCp1,1.0,2,1,CGACTCTCATATAGAAGCCG,1,3704394
tolCp1,2.0,4,1,CGACTATTCTTTCCTTCCGT,3,3675939
tolCp1,1.0,2,1,CGACGCCTCGTTCTAAATCG,1,3684630
tolCp1,1.0,2,1,CGACCTTCGGGGGTTGCATA,1,3702473
tolCp1,1.5,3,1,CGACCTTATACCTGCCTATA,2,3713371
tolCp1,2.0,4,1,CGACAGGGATGATCTATGAA,3,3669794
tolCp1,1.0,2,1,CGAATTCTCGACGGGATTTC,1,3683496
tolCp1,1.0,2,1,CGAATGGGCGTTGTAGCGAG,1,3666963
tolCp1,1.5,3,1,CGAAGCGGCGTCGCTATGAA,2,3691269
tolCp1,1.5,3,1,CGAACGGCTCGTCGGTAGGC,2,3664972
tolCp1,1.0,2,1,CGAACATCATTTATAGGGGC,1,3661943
tolCp1,1.0,2,1,CGAAAAGGTCGCGAGATGGA,1,3674495
tolCp1,1.0,2,1,CCTTTGGGACGACGAGACGA,1,3681785
tolCp1,1.0,2,1,CCTTCCCTACCGCTTGCGCA,1,3679271
tolCp1,2.0,4,1,CCTTATGCCTAGAAGCTGGG,3,3669722
tolCp1,1.5,3,1,CCTTACGCTGGGATGTTCTT,2,3676117
tolCp1,2.5,5,1,CCTGGCGGTGGCAGGCGGAC,4,3699366
tolCp1,1.0,2,1,CCTCTATGTCGGGCGGACAT,1,3669744
tolCp1,4.0,8,1,CCTCGCGAGCAAGTTCCAAC,7,3691889
tolCp1,1.0,2,1,CCTAAGGGCCACCGGCGCCT,1,3672848
tolCp1,2.0,4,1,CCTAACTTATACCGTCAAGT,3,3696549
tolCp1,3.5,7,1,CCTAAACTTGGACGCCAACA,6,3666135
tolCp1,1.0,2,1,CCGTGGCCAAGGCGCAGAAA,1,3698842
tolCp1,1.0,2,1,CCGTATTTAAGCCTGGGCGG,1,3671429
tolCp1,1.5,3,1,CCGGGTTTCCTGTATAACTT,2,3694817
tolCp1,1.0,2,1,CCGGGAGTCCAAAGAAACTA,1,3690527
tolCp1,1.5,3,1,CCGGCTCATCTGTTTCCAAG,2,3671878
tolCp1,1.0,2,1,CCGGCTACTCAAAAACAATA,1,3708681
tolCp1,1.0,2,1,CCGGCGTTTGCGGCCCGGAC,1,3694467
tolCp1,1.0,2,1,CCGGCGAAATATGACGGAGT,1,3684317
tolCp1,1.0,2,1,CCGGCCCAAACGCTACAGCA,1,3665335
tolCp1,1.0,2,1,CCGGAGAGGACTGCCAGACC,1,3673644
tolCp1,2.0,4,1,CCGCTGGGGCTCCGAGTCAA,3,3671255
tolCp1,1.5,3,1,CCGCTGGCTATTCGAGCCAT,2,3674496
tolCp1,5.0,10,1,CCGCTAGGCCACTCTGCATT,9,3689004
tolCp1,1.0,2,1,CCGCCGCCAAGAACAGGATT,1,3684810
tolCp1,1.0,2,1,CCGCCGATCGGCATCACGCT,1,3683665
tolCp1,1.0,2,1,CCGCACAAAAGTCTTATGGT,1,3670010
tolCp1,1.5,3,1,CCGAGCTATGCGCTTTCGGC,2,3680849
tolCp1,1.0,2,1,CCGACAAACCCAATAGTTCT,1,3681427
tolCp1,1.0,2,1,CCCTTTCAACCGTGGGAAAA,1,3702961
tolCp1,1.0,2,1,CCCTTGCGATGCACTTGCTA,1,3699332
tolCp1,1.0,2,1,CCCTTCTTTTTGCAGAAGCA,1,3682080
tolCp1,1.0,2,1,CCCTGTTGCCCCGGCAGTAC,1,3666964
tolCp1,1.0,2,1,CCCTGCATTACGCGATTATG,1,3714645
tolCp1,1.0,2,1,CCCTGATGTGATACGCGTAA,1,3667589
tolCp1,1.0,2,1,CCCTCTACTTATGGGATCTG,1,3664691
tolCp1,1.0,2,1,CCCTCGGTCCGGACGTTTAT,1,3672046
tolCp1,1.5,3,1,CCCTAGATTATATTTGTCGT,2,3705915
tolCp1,1.0,2,1,CCCTACGTGATTCGGGTCTC,1,3671497
tolCp1,1.0,2,1,CCCGGACGACTGTGATAGAG,1,3682816
tolCp1,4.5,9,1,CCCCATCTCTAGAACCCGTA,8,3667683
tolCp1,1.0,2,1,CCCAGTGGGTTCGCGCGCAT,1,3700801
tolCp1,1.5,3,1,CCCACAATTGCGAGCTAGTA,2,3683942
tolCp1,1.0,2,1,CCCAATCAACGTTGTGTAAT,1,3693135
tolCp1,1.0,2,1,CCATGCGAGGATGAGTTTAT,1,3712992
tolCp1,1.0,2,1,CCATCATGATTAAGGCCTAT,1,3676294
tolCp1,1.0,2,1,CCATATAGCTACTTGTCTGA,1,3673517
tolCp1,1.0,2,1,CCAGGTCTCAGAAGAGTTGT,1,3672407
tolCp1,1.0,2,1,CCAGGAAGGCAGACGTAATG,1,3687872
tolCp1,2.0,4,1,CCAGCATGAGCGGTGGAGTT,3,3712309
tolCp1,1.0,2,1,CCAGCAATTCGAGGCCGAAT,1,3667025
tolCp1,1.0,2,1,CCAGACTATTTAATCGGAGT,1,3710809
tolCp1,1.0,2,1,CCAGAAGCCCGGTTAACTTG,1,3696899
tolCp1,1.0,2,1,CCACTCTGGCTTCGCAGCCT,1,3700950
tolCp1,1.5,3,1,CCACTAGATGCTCTTCAGCA,2,3709618
tolCp1,1.5,3,1,CCACGGAGTGGTTGGAATGT,2,3681835
tolCp1,1.0,2,1,CCACGCGTGGTGACTGGGTC,1,3681449
tolCp1,1.0,2,1,CCACATCGGCCGAACGAACG,1,3687580
tolCp1,1.0,2,1,CCACACACGCACTAACTGCT,1,3705861
tolCp1,1.0,2,1,CCAATTGAACAGGGTCTCCA,1,3704978
tolCp1,1.0,2,1,CCAAGTAACCTGATACTGAT,1,3690705
tolCp1,1.5,3,1,CCAAGGTGCTATCCCGATTG,2,3676429
tolCp1,1.0,2,1,CCAAGCATACGCGTTCTCTA,1,3698609
tolCp1,1.5,3,1,CCAAAAAGTTTAAGTTACGT,2,3682514
tolCp1,1.5,3,1,CATTTTCACGTATTATAACT,2,3708767
tolCp1,1.5,3,1,CATTTCAAGGCACAGACGAT,2,3668660
tolCp1,1.0,2,1,CATTCGGGTGCTGGAAGACT,1,3668936
tolCp1,1.0,2,1,CATGTTCCCCCGAAATTGGT,1,3669344
tolCp1,4.0,8,1,CATGGTGGATTCCGTATCGA,7,3685305
tolCp1,1.0,2,1,CATCGATATCACCCGAAGTC,1,3664496
tolCp1,1.5,3,1,CATCGAAGATGCGGTTGTGA,2,3684045
tolCp1,2.0,4,1,CATCAAGACCTTTATGCCTT,3,3710956
tolCp1,1.0,2,1,CATAGCGCTAACGTCGTGAT,1,3670844
tolCp1,1.0,2,1,CATAATATCCTAAGCCCGGT,1,3676366
tolCp1,1.5,3,1,CATAAGGCGAGCCGTCAGAA,2,3692624
tolCp1,1.0,2,1,CATAAAAGGACGTTTTTGCT,1,3670654
tolCp1,1.0,2,1,CAGTTTCGCTCGACAAGCTA,1,3707711
tolCp1,1.0,2,1,CAGTGAGCCAGGATCGATAC,1,3690979
tolCp1,1.5,3,1,CAGTCTTAGTATCCAGCCGT,2,3689408
tolCp1,1.0,2,1,CAGTCTCCGTACCGGGCCGC,1,3675164
tolCp1,1.5,3,1,CAGTAGAGCATCCATATACA,2,3693579
tolCp1,2.0,4,1,CAGTAACAGGTACAACTCTT,3,3711781
tolCp1,2.5,5,1,CAGGTTTCGCTTAAACTCAG,4,3696924
tolCp1,1.0,2,1,CAGGTGCGTAATAATTAACC,1,3670078
tolCp1,1.5,3,1,CAGGGTGATAGAAGCGCCGA,2,3681317
tolCp1,3.0,6,1,CAGGGTAAACCAAGGCATGC,5,3665087
tolCp1,1.5,3,1,CAGGCTAGGCGTCATTGTAC,2,3704618
tolCp1,1.0,2,1,CAGGCAGTTAAGAAACTGAT,1,3661466
tolCp1,1.0,2,1,CAGGATGGTCCAAACCGTTG,1,3683422
tolCp1,2.0,4,1,CAGGACTGCTCAATGGGTCA,3,3684625
tolCp1,1.5,3,1,CAGGACAAAGGAAACTGTAG,2,3673146
tolCp1,1.0,2,1,CAGCTTGAGTGTAAAGATTA,1,3701893
tolCp1,1.5,3,1,CAGCTATCGGAGGGTCGGAC,2,3665449
tolCp1,1.5,3,1,CAGCCAAGCAGAGAGTGTTC,2,3684627
tolCp1,1.0,2,1,CAGCATTGTCATGTAGCGAT,1,3707833
tolCp1,1.0,2,1,CAGCAGGATGCAAAGAGCCA,1,3668617
tolCp1,1.0,2,1,CAGCAGCTACTCGCGTAGGA,1,3664300
tolCp1,1.5,3,1,CAGATGCTCAAGAAGTTCAA,2,3676208
tolCp1,1.0,2,1,CAGAGGGGCCGATGTGTAAC,1,3677690
tolCp1,1.5,3,1,CAGAGGACCATTCCGGATAT,2,3703448
tolCp1,1.0,2,1,CACTGCTATTCACCTGGAAA,1,3673707
tolCp1,1.0,2,1,CACTGAACTCTAAACTCGGG,1,3677334
tolCp1,3.0,6,1,CACTCACATATTTGCCCCTA,5,3699818
tolCp1,1.0,2,1,CACTAAATTCCGAAATATAC,1,3713065
tolCp1,1.5,3,1,CACTAAAACAATGTGCAGGT,2,3708704
tolCp1,1.0,2,1,CACGCGGAGTAACTTAGGAC,1,3697122
tolCp1,1.5,3,1,CACGATTTGAGCCATTGGCC,2,3704568
tolCp1,1.5,3,1,CACGAACGCTCATTGGAGTG,2,3689460
tolCp1,2.0,4,1,CACCTGTTTTACTCCCAAGG,3,3695254
tolCp1,1.0,2,1,CACCTAGAACTACCTTATTT,1,3707149
tolCp1,6.5,13,1,CACCGGCGTCTAGTTCAGAC,12,3666130
tolCp1,1.0,2,1,CACCGCTAGCTTTCAAATTT,1,3693411
tolCp1,1.0,2,1,CACCGCGGCCGTCCGAAGTT,1,3690436
tolCp1,1.0,2,1,CACCCGGCTTTTAGCTCAGT,1,3711065
tolCp1,2.5,5,1,CACCCCAGGGCTAAGCGAAG,4,3667636
tolCp1,1.0,2,1,CACCATGTCTAGGACTCGGT,1,3688881
tolCp1,10.0,20,1,CACCATCAAAAAACGATGCA,19,3681454
tolCp1,1.0,2,1,CACCAGTATTGTACATGAAG,1,3693448
tolCp1,1.0,2,1,CACCAACAGGCAAATGGAAG,1,3672143
tolCp1,1.0,2,1,CACATCAGGGATTACGTTTC,1,3684243
tolCp1,1.0,2,1,CAATTCATGCCGTAAGCATA,1,3679889
tolCp1,1.5,3,1,CAATGCTCTAACTTCCGTGT,2,3680194
tolCp1,1.0,2,1,CAATCGTCGCTTCTCAACGA,1,3677597
tolCp1,1.0,2,1,CAATCCCGGATTGTCTCTCA,1,3666577
tolCp1,1.5,3,1,CAATAGCGCTAATAGCCCGT,2,3713550
tolCp1,1.5,3,1,CAAGGGACTCGCGGCTAAAG,2,3669971
tolCp1,2.0,4,1,CAAGGCCGATCTCATGCACT,3,3711907
tolCp1,1.0,2,1,CAAGGATCTTGCGATTGGCA,1,3672221
tolCp1,2.5,5,1,CAAGCTATGACTTTGCAAAG,4,3662146
tolCp1,2.0,4,1,CAAGCCCCTTTTAAGGGAGG,3,3664064
tolCp1,1.0,2,1,CAAGAACCTGTCTATTCCAA,1,3714075
tolCp1,1.5,3,1,CAACTCTCCTGTCTGTCAAC,2,3686847
tolCp1,2.5,5,1,CAACGTTAATAAGCCGTATA,4,3661275
tolCp1,1.0,2,1,CAACGCCAGTTTTGAGATAC,1,3692701
tolCp1,1.5,3,1,CAACCTCGCCCTCGTGACGT,2,3698795
tolCp1,2.0,4,1,CAACCACGCATATGGTTTAT,3,3675705
tolCp1,1.0,2,1,CAACCAAGCTGAGAGCGAGT,1,3672306
tolCp1,2.0,4,1,CAACATCATGCGATTATTAT,3,3684008
tolCp1,1.5,3,1,CAAACACTGGAAAACTAAGT,2,3696998
tolCp1,1.0,2,1,CAAAACTAAGACTCCTCTTA,1,3693638
tolCp1,3.0,6,1,ATTTCGTATGGAACGTGCGC,5,3699287
tolCp1,2.0,4,1,ATTGGTGCTGTGCTGGTTTT,3,3685420
tolCp1,1.0,2,1,ATTGGGTTCTACGCAGTTCT,1,3663374
tolCp1,2.0,4,1,ATTGGACCATTGTCGAGAAG,3,3694922
tolCp1,1.0,2,1,ATTGCTCGGGTCGTAGCGGG,1,3669952
tolCp1,3.0,6,1,ATTGCTAGCGCTGCAGCCTA,5,3681034
tolCp1,1.5,3,1,ATTCTGGCACATCCGGTAAA,2,3666132
tolCp1,1.5,3,1,ATTCGGAGGATAAATAGGCG,2,3668235
tolCp1,1.5,3,1,ATTCGCACCGCATCGAAGTA,2,3710456
tolCp1,1.0,2,1,ATTCGCAACCAATCGGCCGA,1,3674259
tolCp1,1.0,2,1,ATTCGAGTTAGTCCACCCGA,1,3670813
tolCp1,1.5,3,1,ATTCCGGCATTAAGGTCAAG,2,3698704
tolCp1,2.0,4,1,ATTCCGACACGGTGTTGGTT,3,3667203
tolCp1,2.0,4,1,ATTCATGCTCGTGGGCACTG,3,3677728
tolCp1,1.0,2,1,ATTATTCAGCGAAGCTAGGT,1,3698617
tolCp1,1.5,3,1,ATTAGTTACGTATGATGCAT,2,3679921
tolCp1,1.0,2,1,ATTAGTGCGATTATGATCCA,1,3691801
tolCp1,1.0,2,1,ATTAGCGGGCCAGAGAGCTG,1,3662313
tolCp1,1.0,2,1,ATTAGAACGCGCCGCCATTC,1,3669781
tolCp1,1.5,3,1,ATTACTCGGCGAAGGGATTC,2,3686526
tolCp1,1.0,2,1,ATTACCCGGGAGTCCCCTTT,1,3693608
tolCp1,1.5,3,1,ATTACATTATCAACGGAGCA,2,3665411
tolCp1,1.0,2,1,ATGTTAATGAGCCCTTGTGG,1,3669783
tolCp1,1.0,2,1,ATGTGTGAGCTAGAGTAAAA,1,3668374
tolCp1,3.0,6,1,ATGTGACTTCCTAAGCACAC,5,3682239
tolCp1,4.5,9,1,ATGTGAAGATATATTGGCCC,8,3708588
tolCp1,1.0,2,1,ATGTCTGTGCAAAGTACAGT,1,3686070
tolCp1,3.5,7,1,ATGTCTCGAATCCTCGGATA,6,3700071
tolCp1,1.5,3,1,ATGTCGGGGGGGCCTGTAAT,2,3688494
tolCp1,1.0,2,1,ATGTATGCGTTGGCTCAGGA,1,3707624
tolCp1,1.5,3,1,ATGGTAAAATCTCACACATA,2,3683926
tolCp1,1.0,2,1,ATGGGTGTGTCGATTATCCT,1,3690850
tolCp1,1.5,3,1,ATGGGCAGCTTGCGTGGCGA,2,3697325
tolCp1,1.0,2,1,ATGGCTGATTGACTGGTCGT,1,3678666
tolCp1,1.5,3,1,ATGGATCTTCTGAAACCGGA,2,3698518
tolCp1,1.5,3,1,ATGCTCCCTGATAAAACCTA,2,3661847
tolCp1,1.0,2,1,ATGCTCCATCCCCCTTAAAG,1,3683218
tolCp1,1.5,3,1,ATGCGGGAAAAAGCACCAGT,2,3707000
tolCp1,1.0,2,1,ATGCGGCCCATATTAATTAG,1,3662848
tolCp1,2.0,4,1,ATGCGCGTCCGCACGCGGTG,3,3709350
tolCp1,1.0,2,1,ATGCGAGTACTCACTCAGCT,1,3684001
tolCp1,1.0,2,1,ATGCCTTTTGACGGGGGTAT,1,3677592
tolCp1,1.5,3,1,ATGCCGGTCGGGTAGACGGG,2,3696674
tolCp1,1.0,2,1,ATGCCCGGGGTAGCGATCAA,1,3671548
tolCp1,2.0,4,1,ATGCATACAACCTTGTTGCT,3,3710913
tolCp1,1.0,2,1,ATGCAGTATGATGTATAAGT,1,3710865
tolCp1,1.0,2,1,ATGAGAAAATATAGACCGCT,1,3695597
tolCp1,2.0,4,1,ATCTTGTTGGTTGGCCACAA,3,3700321
tolCp1,1.0,2,1,ATCTGCCGGCATGGGATAAT,1,3670444
tolCp1,1.5,3,1,ATCTGAGGATCGTGCTACGG,2,3701300
tolCp1,1.0,2,1,ATCTCCCTTGTCCACAACAA,1,3701351
tolCp1,1.0,2,1,ATCGTCTCCAGCGTGATGAT,1,3684380
tolCp1,2.5,5,1,ATCGGCTGGCTTGTTATCGA,4,3681003
tolCp1,1.0,2,1,ATCGGCCCCAACCCGTGTGG,1,3695067
tolCp1,1.0,2,1,ATCGGATCTATCGGACTCCG,1,3693663
tolCp1,2.0,4,1,ATCGCTGTGTGAAAATCAGT,3,3661271
tolCp1,1.0,2,1,ATCCTTATGCCGAAACCAGC,1,3665094
tolCp1,2.0,4,1,ATCCCTCGTTTGATCTAGCC,3,3683806
tolCp1,1.0,2,1,ATCCCGCGGGCTCGTAGGGT,1,3697768
tolCp1,1.5,3,1,ATCCAACTAACGAGTGTCCT,2,3673980
tolCp1,1.0,2,1,ATCATCGAGAAAAAGCTCCG,1,3672560
tolCp1,1.0,2,1,ATCAGCTACGATAGGTTCAC,1,3662784
tolCp1,1.0,2,1,ATCAGCCCGTCGCGGTAAGG,1,3676766
tolCp1,1.5,3,1,ATCAATCGTGGGACAGATAT,2,3708990
tolCp1,1.0,2,1,ATCAAGTTCATAGCATACAC,1,3681222
tolCp1,6.0,12,1,ATCAACGGTCCTGAGTGTCG,11,3708763
tolCp1,2.5,5,1,ATCAACAAGAGGGCGATCCT,4,3669430
tolCp1,1.0,2,1,ATATGTCCAGGCGTCTCCGG,1,3710374
tolCp1,1.0,2,1,ATATGCTTGTCTAAAAGTTA,1,3693838
tolCp1,1.0,2,1,ATATCAGCCGTCCGATTGCT,1,3714814
tolCp1,1.0,2,1,ATAGGACTCTTCAGACGGTG,1,3689934
tolCp1,2.5,5,1,ATAGCTCGGGTGTCTAGTGA,4,3697555
tolCp1,1.0,2,1,ATAGCATTTTGGATCGTTAT,1,3691924
tolCp1,1.0,2,1,ATAGAGTCGCTCTGCACGCA,1,3694101
tolCp1,2.0,4,1,ATACTGAGATCCTAGGGAGA,3,3712335
tolCp1,1.5,3,1,ATACGGCTTGTTTAGGTTAT,2,3674279
tolCp1,2.0,4,1,ATACGGACTTGCCACTCCAA,3,3675182
tolCp1,1.0,2,1,ATAATATGACATACGTAGAT,1,3713737
tolCp1,1.0,2,1,ATAACTCGGCTACAGCTGCT,1,3681045
tolCp1,1.0,2,1,AGTTTAGCTGTTTGGCGCCC,1,3691194
tolCp1,1.5,3,1,AGTTCGTGTATATCACGACG,2,3661896
tolCp1,1.0,2,1,AGTTATGATTCATCAGACCT,1,3692518
tolCp1,1.0,2,1,AGTGTTGAATATTTTTCTAA,1,3674740
tolCp1,1.0,2,1,AGTGTGCTCTTCTCGCTATA,1,3666167
tolCp1,1.0,2,1,AGTGTGCCGTGGTCGGGGTC,1,3685511
tolCp1,2.5,5,1,AGTGGCCACAGCATGACGGT,4,3686020
tolCp1,2.0,4,1,AGTGGAGGCGAGGCCGAGAA,3,3709188
tolCp1,1.0,2,1,AGTGCTGTTCAGGGTAGCCC,1,3678006
tolCp1,1.0,2,1,AGTGCACTTCACGTGAAAAA,1,3665856
tolCp1,1.0,2,1,AGTCTACTGGGCACCAGATT,1,3665503
tolCp1,1.0,2,1,AGTCGAAAAGCATAACAGTT,1,3687683
tolCp1,1.0,2,1,AGTCCATGTTAGCGAGGGTG,1,3668014
tolCp1,1.5,3,1,AGTCAGAAGAAACTATTCGA,2,3668338
tolCp1,3.0,6,1,AGTCAACTTTGAGTGTGAAT,5,3674363
tolCp1,1.0,2,1,AGTATCTCCACAAAAGTTCA,1,3697385
tolCp1,1.5,3,1,AGTAGGGGAGTGCATCCACT,2,3673886
tolCp1,1.0,2,1,AGTACGACATTGGCGCATAT,1,3685404
tolCp1,1.0,2,1,AGTAATTACGGCGCATTGCA,1,3710701
tolCp1,1.5,3,1,AGTAAGGCCCACGCCAACCT,2,3667209
tolCp1,1.0,2,1,AGTAAACCGCACAGAATGAG,1,3666720
tolCp1,2.0,4,1,AGGTTCGGACCACCATCCCT,3,3700069
tolCp1,1.5,3,1,AGGTGAGAATATTGTAGCCA,2,3675415
tolCp1,1.0,2,1,AGGTGAATGGTACTGGCCTT,1,3688648
tolCp1,2.5,5,1,AGGTCATACGGCCCGGCTGC,4,3706235
tolCp1,1.5,3,1,AGGTAAGGATAAAAGGGCCG,2,3662611
tolCp1,1.0,2,1,AGGGGTTCATTACATGTCAG,1,3664276
tolCp1,1.5,3,1,AGGGCGCGCTGTGGTCAGAG,2,3711867
tolCp1,1.0,2,1,AGGGCCGCCATCGTACGGAA,1,3668778
tolCp1,1.0,2,1,AGGGACGGTGGACGTCTTCC,1,3669431
tolCp1,1.5,3,1,AGGCTTAGTCATTCAACATT,2,3671086
tolCp1,1.0,2,1,AGGCTGGCATGATGTACAGT,1,3662452
tolCp1,1.5,3,1,AGGCAAGCCGTCTTACAGAC,2,3662522
tolCp1,1.5,3,1,AGGATTTGTCTGTCAAACCT,2,3702401
tolCp1,2.5,5,1,AGGATAAGGGTATCGGCACC,4,3704626
tolCp1,1.0,2,1,AGGAAGAGCGATCGTGGGGT,1,3695517
tolCp1,1.0,2,1,AGGAAACGGTTGGCGCCTTA,1,3685045
tolCp1,1.0,2,1,AGCTGAACGATTTTAGTAAG,1,3682608
tolCp1,1.0,2,1,AGCTAGTTCTGCTTATGGCC,1,3664918
tolCp1,1.0,2,1,AGCGGGGTACTGGAGAGCCT,1,3676277
tolCp1,1.0,2,1,AGCCTGAAATAGGTCCAATG,1,3664104
tolCp1,1.0,2,1,AGCCTCTATCTATGACGTTA,1,3690982
tolCp1,1.0,2,1,AGCCGTTAAGAACTCAGGAA,1,3703941
tolCp1,1.0,2,1,AGCCGAATAATAGGTATGTG,1,3679245
tolCp1,1.0,2,1,AGCCCGTAAATGGATCCAAT,1,3709980
tolCp1,1.0,2,1,AGCCCATAGCATACAATGAC,1,3705594
tolCp1,6.0,12,1,AGCCAATAAGCGACCCATGT,11,3704630
tolCp1,1.0,2,1,AGCCAAATATGAAGAAGTCA,1,3684621
tolCp1,1.0,2,1,AGCCAAACAGTGCAGTATTC,1,3663309
tolCp1,1.0,2,1,AGCAGGTTGACCCGCAATCT,1,3694486
tolCp1,1.5,3,1,AGCACCGTATGAGTTTCCGC,2,3709424
tolCp1,1.5,3,1,AGCACCAACGATTTCTCTTA,2,3703028
tolCp1,1.0,2,1,AGCAACGGTCGTCTATTTCG,1,3681401
tolCp1,1.0,2,1,AGATTTAGGATAGGTGAGTA,1,3674629
tolCp1,3.0,6,1,AGATGACCGATCGACCTCTC,5,3666134
tolCp1,1.5,3,1,AGATCCTTCTATATGCTCGA,2,3706241
tolCp1,1.0,2,1,AGATAACCATGTCGCTTCAT,1,3695178
tolCp1,1.5,3,1,AGAGGTCTCCGTTCCCCGAT,2,3702801
tolCp1,2.0,4,1,AGAGGGGACAACTTCTTACC,3,3702518
tolCp1,1.0,2,1,AGAGGCCCTCCGGCTGATGG,1,3705436
tolCp1,1.5,3,1,AGAGCGAACGCGTTGGGGAC,2,3711992
tolCp1,3.0,6,1,AGAGACAGGTAATAGCTCGG,5,3686812
tolCp1,1.0,2,1,AGACTTCACGTCGGAATTGA,1,3678458
tolCp1,1.0,2,1,AGACTGGTGCGGGACGGTTT,1,3684281
tolCp1,1.0,2,1,AGACTCATCGAATGGACTAG,1,3713763
tolCp1,1.5,3,1,AGACGCAGGTATTGTTCCGA,2,3683511
tolCp1,1.0,2,1,AGACGAGGGGCGCGAACGGC,1,3707007
tolCp1,1.0,2,1,AGACCGCGGCAGGGCGGATA,1,3675887
tolCp1,1.5,3,1,AGACCACCGCAGTAGAATGG,2,3675031
tolCp1,2.0,4,1,AGAATTCTAAAGAGAATAAC,3,3667997
tolCp1,1.0,2,1,AGAAGGTCCAATCCTCCGGG,1,3685745
tolCp1,2.0,4,1,AGAAGATGGCGCCAGCACGA,3,3710673
tolCp1,1.0,2,1,AGAACTGCTAAACAGACGAA,1,3707436
tolCp1,1.0,2,1,AGAAAGACCGATGAAATCAT,1,3708576
tolCp1,1.5,3,1,AGAAAAGCACGCAACCTACT,2,3687497
tolCp1,1.0,2,1,ACTTTTAGTCTCAGCGCGAG,1,3699466
tolCp1,3.0,6,1,ACTTTATCGATTACACCTAG,5,3688862
tolCp1,1.5,3,1,ACTTGACACCAGGCTTCGAG,2,3697638
tolCp1,1.0,2,1,ACTTCAGTAATTACGAAACT,1,3679738
tolCp1,1.0,2,1,ACTTAGTGACTGATAGGACC,1,3676587
tolCp1,1.5,3,1,ACTTACGCACCTTAAAGGGC,2,3682259
tolCp1,2.0,4,1,ACTGTTCTCCTAACCAGAGG,3,3694323
tolCp1,1.0,2,1,ACTGTGGTGCCCCGAGTCGG,1,3668500
tolCp1,1.0,2,1,ACTGGAGGATCAGGGCTAAT,1,3681783
tolCp1,1.0,2,1,ACTGCTTGCTGCTCAGGTTA,1,3665298
tolCp1,1.0,2,1,ACTGACGTCAATACAGTACG,1,3686080
tolCp1,4.0,8,1,ACTGACGAACCGGGGTGTTA,7,3696444
tolCp1,1.0,2,1,ACTGAATGCATTTCTTCACG,1,3663806
tolCp1,1.0,2,1,ACTCTGGCGCGCGGTGTGGG,1,3685914
tolCp1,1.5,3,1,ACTCTGCAAAGCACGGCTCG,2,3681405
tolCp1,1.0,2,1,ACTCGGGATGGTTCGCTGCA,1,3698867
tolCp1,1.5,3,1,ACTCGATGCAGGAGGGTGGC,2,3702623
tolCp1,1.0,2,1,ACTCGAAAAGTCCGGGGGTA,1,3702954
tolCp1,1.0,2,1,ACTCCTTGAGCTGGTCTACA,1,3674093
tolCp1,1.0,2,1,ACTCCATACGGACGGTGGCT,1,3688081
tolCp1,2.5,5,1,ACTCACTTCTAAGATACCGT,4,3709458
tolCp1,1.5,3,1,ACTCACGTGGTGTTCACACT,2,3683044
tolCp1,1.0,2,1,ACTATGTGTCATGGTAGAAA,1,3704804
tolCp1,1.0,2,1,ACTATGGGGCCTTTTTTACT,1,3681445
tolCp1,1.0,2,1,ACTATGGAATTATTGCAGAT,1,3662181
tolCp1,1.5,3,1,ACTACGGTACTAAGTCATCT,2,3691165
tolCp1,1.0,2,1,ACTAATGCATGGGAATAGGA,1,3663662
tolCp1,2.0,4,1,ACTAAGGCCCGGGCATCTCA,3,3685795
tolCp1,1.0,2,1,ACGTTCTAAGACAAACAGGT,1,3701464
tolCp1,1.0,2,1,ACGTGTATCTAGGTCGAGGG,1,3675416
tolCp1,1.0,2,1,ACGTGGTAGTTCTCTGCAAA,1,3680292
tolCp1,2.0,4,1,ACGTCACATTTGATCCGAAG,3,3679275
tolCp1,1.0,2,1,ACGTCACACAAGGGTAAGAA,1,3672185
tolCp1,1.0,2,1,ACGGGGGGCAGGACCGAGTG,1,3674430
tolCp1,1.5,3,1,ACGGGCTGGAGAAGGGTATT,2,3706059
tolCp1,1.0,2,1,ACGGACCAGGAACGAGCCTG,1,3681041
tolCp1,3.0,6,1,ACGCTCCTCTGCAATTCTAA,5,3671982
tolCp1,1.0,2,1,ACGCTCCACGTCATTTAAAA,1,3697648
tolCp1,1.0,2,1,ACGCTAACTGGGTATTCAGC,1,3683255
tolCp1,1.5,3,1,ACGCGTTGATTAGCCTAATG,2,3712145
tolCp1,1.0,2,1,ACGCGTGCTCCGGTGTTCGC,1,3672771
tolCp1,1.5,3,1,ACGCCAAGTTAGTAATTCGA,2,3674811
tolCp1,3.0,6,1,ACGACCGTTTTTATAGTGTA,5,3678626
tolCp1,1.0,2,1,ACGAACTAAGAAGTTTCCAT,1,3681583
tolCp1,1.0,2,1,ACGAAACACAGGGCCTCATC,1,3690350
tolCp1,1.0,2,1,ACCTTTTCGACAAATCTAAT,1,3672008
tolCp1,1.5,3,1,ACCTTAATTTCCAGTCTGTT,2,3675499
tolCp1,1.0,2,1,ACCTGCGATTATTGCTGCAG,1,3679021
tolCp1,1.0,2,1,ACCTGCCGGATTCAATTACT,1,3706710
tolCp1,5.5,11,1,ACCTCTTAGATAACGACGAG,10,3694005
tolCp1,1.0,2,1,ACCTATTTACGATTCTACAT,1,3690604
tolCp1,2.0,4,1,ACCTACATATATCTCTGCTA,3,3679746
tolCp1,1.5,3,1,ACCTAAAGTGTAGAGGGCTA,2,3661183
tolCp1,1.0,2,1,ACCGTGTGAAGAGTGCATTG,1,3708574
tolCp1,1.0,2,1,ACCGTGTAGGTTTATAACCT,1,3680802
tolCp1,1.0,2,1,ACCGGGCACATTGAGGGTTG,1,3712953
tolCp1,1.0,2,1,ACCGCGCTGATCGGATGGCG,1,3674075
tolCp1,1.5,3,1,ACCGAGCTAACCGTATTAAA,2,3693163
tolCp1,1.5,3,1,ACCGACTGAGAGCTAGGGCA,2,3662563
tolCp1,2.0,4,1,ACCCTGGGGGTTTTCCGCGA,3,3699660
tolCp1,1.0,2,1,ACCCTGATCCGAACCAAAAT,1,3684561
tolCp1,1.0,2,1,ACCCTAAGAGGCGCTCTTAG,1,3704076
tolCp1,1.0,2,1,ACCCGGGCTGCTTATCGTAT,1,3694392
tolCp1,1.0,2,1,ACCCGAATTCAGCTGCGAAG,1,3698436
tolCp1,1.5,3,1,ACCCAAGATTCAAGAGTCAT,2,3683459
tolCp1,1.5,3,1,ACCATCGGCCACGGGGATAT,2,3683971
tolCp1,1.5,3,1,ACCATCCTTCTCGTAGACTC,2,3662419
tolCp1,1.0,2,1,ACCATCAAACTTTGTTCGAG,1,3674946
tolCp1,1.5,3,1,ACCACGCATGGCCTGTTCGT,2,3685145
tolCp1,4.5,9,1,ACCACACACGCTGACTCAAG,8,3699496
tolCp1,1.0,2,1,ACATTCTCTCGCATGGAAAT,1,3709306
tolCp1,1.0,2,1,ACATTCGGTGGCCATTACTT,1,3665632
tolCp1,1.0,2,1,ACATGGGTCGAGCATGGCCT,1,3707886
tolCp1,1.0,2,1,ACATGAGGTGCGCTCATTAA,1,3677285
tolCp1,1.5,3,1,ACATGACATGATACTTTCGC,2,3707983
tolCp1,1.0,2,1,ACAGTATTATCACTTTCCAA,1,3687681
tolCp1,1.0,2,1,ACAGGTTGGCGATGAACATG,1,3709501
tolCp1,1.5,3,1,ACAGGGGCTAGGGCTGCAGT,2,3671257
tolCp1,1.5,3,1,ACAGGAGTTTGGGCCTAGTC,2,3694904
tolCp1,3.5,7,1,ACACACATTTCTGCATCCTT,6,3696402
tolCp1,3.0,6,1,ACAATTATCACTATGTAATT,5,3702888
tolCp1,1.0,2,1,ACAATGCCGGGAAATCGCTT,1,3686818
tolCp1,1.0,2,1,ACAATCTTCTGTATTGTTGT,1,3661238
tolCp1,6.5,13,1,ACAAGCTCGAGCGCGTAATG,12,3696408
tolCp1,1.0,2,1,AATTTTCCGTTGTGCAGGAT,1,3684359
tolCp1,1.0,2,1,AATTTGTAGTTCTTGGGGAC,1,3703017
tolCp1,1.0,2,1,AATTGGGGAGTGCACGCCAC,1,3692006
tolCp1,2.5,5,1,AATTGGGACGGGCCGTAACC,4,3678163
tolCp1,1.0,2,1,AATTCATCCTTCAACTCGCA,1,3672536
tolCp1,1.0,2,1,AATGTTCGAAGGCGGCCCCT,1,3663375
tolCp1,1.5,3,1,AATGGGTATACCTTTTCAGT,2,3709569
tolCp1,1.0,2,1,AATGGACTCTATATGTCCTA,1,3677639
tolCp1,2.5,5,1,AATGCTTGTCCGTCCTAGTG,4,3713613
tolCp1,2.0,4,1,AATGCTGCCTAAAATTATAA,3,3686834
tolCp1,1.5,3,1,AATGCATCATTCCTACGCTT,2,3692843
tolCp1,1.0,2,1,AATGATGCGGCGTAAGACCT,1,3712338
tolCp1,1.5,3,1,AATGAGGCAGTCAAGACAAC,2,3678807
tolCp1,2.5,5,1,AATGACATGCTAAGACTTCT,4,3676948
tolCp1,1.5,3,1,AATGAAACTTCGTCTGGATG,2,3681891
tolCp1,5.0,10,1,AATCTGATATAACCACTGAT,9,3682484
tolCp1,1.0,2,1,AATCTCAGTATCGTTCATAT,1,3679280
tolCp1,2.0,4,1,AATCCGCTATCGATGTGGCA,3,3715412
tolCp1,3.0,6,1,AATCATTATGGGGGCGGTCC,5,3684614
tolCp1,1.5,3,1,AATATCTAAAAGCCTGAGAT,2,3708006
tolCp1,1.0,2,1,AATAGGCAATTAACGGACTC,1,3661922
tolCp1,2.5,5,1,AATAGCCGAGGCATAATTAA,4,3685310
tolCp1,1.0,2,1,AATAATTCGACTGTCATGAG,1,3692940
tolCp1,1.0,2,1,AAGTAGTCCCCACGCCCGAC,1,3704382
tolCp1,1.0,2,1,AAGTACCTCGGAAAGTTTAA,1,3662451
tolCp1,1.0,2,1,AAGGCTCGGTTAGGGACCAA,1,3708086
tolCp1,1.0,2,1,AAGGCTCAACACCCTCAAAG,1,3664186
tolCp1,1.0,2,1,AAGGCCAGGTATTTCACAGA,1,3709965
tolCp1,2.5,5,1,AAGGACTTTCGCCTTAGCCT,4,3702684
tolCp1,1.0,2,1,AAGCTGATGCAGGCACGGCT,1,3692711
tolCp1,1.0,2,1,AAGCTAGCAGAAATCGCACT,1,3672455
tolCp1,2.0,4,1,AAGCGTTTCGCTCCTCTGCG,3,3707064
tolCp1,2.5,5,1,AAGCGTTCCGCATTACACGT,4,3667288
tolCp1,2.0,4,1,AAGCGGGTGTGAAAGAATTA,3,3677203
tolCp1,1.0,2,1,AAGACTCCCGCAGTGGAGTG,1,3667463
tolCp1,1.0,2,1,AAGACAGTGTGGGCACGTAA,1,3708194
tolCp1,1.0,2,1,AACTGGACTGGGAATAACGG,1,3705301
tolCp1,1.5,3,1,AACTGCTAAAATCGCTCTTG,2,3714431
tolCp1,1.5,3,1,AACTCTGATGCAACCTTCCG,2,3709195
tolCp1,1.0,2,1,AACTCCTTCTACGGCAGGCT,1,3677686
tolCp1,1.5,3,1,AACGTGCGACACCCGTAGTT,2,3705144
tolCp1,1.5,3,1,AACGGTTTCGTACTTATCAG,2,3677965
tolCp1,1.5,3,1,AACGGTCTTTCAAGATAATT,2,3661437
tolCp1,1.0,2,1,AACGCTTTTCCCAGTGATTA,1,3675171
tolCp1,1.5,3,1,AACGCGCGAGGGGCATGATG,2,3674706
tolCp1,1.5,3,1,AACCGCAGAGCGGGGAGCCG,2,3671563
tolCp1,1.5,3,1,AACCGAAGCATCAATAATGG,2,3669846
tolCp1,3.5,7,1,AACCCCGCTCAGCTCGGTTT,6,3680843
tolCp1,2.0,4,1,AACCCATTGACCGAGCCGTG,3,3689003
tolCp1,1.0,2,1,AACCAGCGATCTCGTCACGT,1,3707299
tolCp1,1.0,2,1,AACCACTTGCAAGATGGTTC,1,3703018
tolCp1,1.0,2,1,AACATTGGTGGTAACTGCGA,1,3697727
tolCp1,1.5,3,1,AACACTACGAAGTGACGCTA,2,3704832
tolCp1,3.5,7,1,AACAATGAATCTATATAGAT,6,3669775
tolCp1,1.0,2,1,AAATCGCGGTATCGTGAAAC,1,3706806
tolCp1,2.0,4,1,AAATATCTCTCAAGGTCGCG,3,3696945
tolCp1,1.0,2,1,AAATAGGAAATTAACCTCAA,1,3707792
tolCp1,1.5,3,1,AAATACTGCGTTCTGTTAAT,2,3714499
tolCp1,1.0,2,1,AAATACATGCCTCCAGAGGT,1,3671407
tolCp1,1.0,2,1,AAAGTATTTTCATTACGTGG,1,3698344
tolCp1,5.0,10,1,AAAGGACCGATGCGTCAGGC,9,3666686
tolCp1,1.5,3,1,AAAGATCTGAGTATATTCCA,2,3664062
tolCp1,1.0,2,1,AAAGACTCATGTCTTCCCTT,1,3686327
tolCp1,1.0,2,1,AAAGAAGCGGTATATCGTAA,1,3685180
tolCp1,3.0,6,1,AAACTTGATTTACAAGAAGT,5,3667741
tolCp1,2.5,5,1,AAACTTCTCGTGAAGTTCAG,4,3713416
tolCp1,1.0,2,1,AAACAGGACCGTGGCTGAAT,1,3667468
tolCp1,2.5,5,1,AAAAGGTTCGTCCGCAGAGT,4,3701008
tolCp1,1.0,2,1,AAAACAATCGAGGCGGACGA,1,3668184
tolCp1,0.1111111111111111,8,8,ACCCTATGAGTAGCTTTGGA,0,3661370
tolCp1,0.125,7,7,TCCTGGGGGAATTCATAATC,0,3666086
tolCp1,0.14285714285714285,6,6,TTGCGGAACACTTATGAATA,0,3668635
tolCp1,0.14285714285714285,6,6,CTTGATGGTCTGAACCTCTG,0,3663298
tolCp1,0.14285714285714285,6,6,CCCATACCGTAAATGTGTAT,0,3662263
tolCp1,0.14285714285714285,6,6,CACCCCGGGGCAACTAAACA,0,3712231
tolCp1,0.14285714285714285,6,6,AGTAGTTTTGCGGGCTCAGC,0,3672396
tolCp1,0.14285714285714285,6,6,AGGATAGCCATCGGCCCCAC,0,3677206
tolCp1,0.14285714285714285,6,6,ACGAACCTATAAAGCTCCGA,0,3665816
tolCp1,0.16666666666666666,5,5,TTGAGCGCGCACTTGCAGAC,0,3665623
tolCp1,0.16666666666666666,5,5,TTACAGGTTCTGTCTCATAA,0,3705608
tolCp1,0.16666666666666666,5,5,TGGATTGCTTAAGAGGTTGA,0,3679635
tolCp1,0.16666666666666666,5,5,TCTTGCGCGGCCAGAGTGCA,0,3661373
tolCp1,0.16666666666666666,5,5,TCTAATTCACTAACGAAGTC,0,3666792
tolCp1,0.16666666666666666,5,5,TCGGCTTCTGTCCGAGTAGT,0,3706805
tolCp1,0.16666666666666666,5,5,TAATGCGCGGGTTGGTAAGC,0,3693906
tolCp1,0.16666666666666666,5,5,TAAAAGCAAAAGTAACAGAG,0,3685697
tolCp1,0.16666666666666666,5,5,GTTCGGCTAAGGGATCGTGG,0,3666555
tolCp1,0.16666666666666666,5,5,GTAAAACGGTGTGGGTATTT,0,3693556
tolCp1,0.16666666666666666,5,5,GCGCGGTAAACGCTATGTAG,0,3667987
tolCp1,0.16666666666666666,5,5,GCCTGTTGCGGCGGGCTAAA,0,3694315
tolCp1,0.16666666666666666,5,5,GCCGGTGCGCGATTTGGCTA,0,3695567
tolCp1,0.16666666666666666,5,5,GCACCACTCGGAGTATTGTT,0,3662823
tolCp1,0.16666666666666666,5,5,GACGATTCGGTCATAAGAGT,0,3706783
tolCp1,0.16666666666666666,5,5,CTGGGATCAACCCATAAGGG,0,3662959
tolCp1,0.16666666666666666,5,5,CTGATCCGCTACGGGAGAAG,0,3688279
tolCp1,0.16666666666666666,5,5,CGAGACCAATGAAACCATAG,0,3685202
tolCp1,0.16666666666666666,5,5,CGAAGAGCACGCTACAGGCT,0,3663739
tolCp1,0.16666666666666666,5,5,CCGTAAGTCAATCAGAACGT,0,3695163
tolCp1,0.16666666666666666,5,5,ATACGTTGTTGTGTATTCTA,0,3669810
tolCp1,0.16666666666666666,5,5,AAGTAGGTCGCGCTAGTAGA,0,3692400
tolCp1,0.16666666666666666,5,5,AAGGTTGCCTAGCCTGCTGT,0,3710106
tolCp1,0.16666666666666666,5,5,AAATGCGAGGACCATCTTAG,0,3667027
tolCp1,0.16666666666666666,5,5,AAAAATAGCGTGGGAGTTGC,0,3673240
tolCp1,0.2,4,4,TTTGCGTGACCAAGGAGGCG,0,3683079
tolCp1,0.2,4,4,TTTACGTCAAGCCTCGTTCA,0,3682241
tolCp1,0.2,4,4,TTCGGGACGTGATCAACGTT,0,3694303
tolCp1,0.2,4,4,TTATTACGTATGCCCTTAAC,0,3670307
tolCp1,0.2,4,4,TGGTGATGTGGTACGATTCT,0,3694579
tolCp1,0.2,4,4,TGGCATTCTCGGAGATCTAA,0,3662027
tolCp1,0.2,4,4,TGAATATTGGCGCCCTAGAG,0,3678037
tolCp1,0.2,4,4,TCTATTTGTGTCCAATATAG,0,3663091
tolCp1,0.2,4,4,TCGGGCCAAGTTATAAAAGG,0,3712232
tolCp1,0.2,4,4,TCGCCATACAAAACTCACAC,0,3690238
tolCp1,0.2,4,4,TCAACGACCGGATAAGACTC,0,3697176
tolCp1,0.2,4,4,TACATCATAACAGCGGCGCA,0,3692301
tolCp1,0.2,4,4,GTGCTTGAATGATGACTAAT,0,3712914
tolCp1,0.2,4,4,GTCGTGTCCTCGTCCAACGG,0,3693154
tolCp1,0.2,4,4,GGTCTCGGGACATCAGACGT,0,3689980
tolCp1,0.2,4,4,GGGTCGGCAAATAAAACGAT,0,3669031
tolCp1,0.2,4,4,GGGCTTTGGAACTCGCGAAT,0,3663179
tolCp1,0.2,4,4,GGAGTCTTTCGTAGACGGGA,0,3704163
tolCp1,0.2,4,4,GGAACGAACGCCACATTTTT,0,3678860
tolCp1,0.2,4,4,GCTTGGCGGTATATTCGGAT,0,3674539
tolCp1,0.2,4,4,GCTTACCAACTGCGTTTTAG,0,3684866
tolCp1,0.2,4,4,GCGACAAACTTATGGGTACC,0,3689090
tolCp1,0.2,4,4,GCCAACTGCGTACTGTAGAG,0,3695185
tolCp1,0.2,4,4,GCAGTGTCTAATTAATTTAC,0,3687078
tolCp1,0.2,4,4,GCACTCGTCCAACACGTGCT,0,3677049
tolCp1,0.2,4,4,GATCTCTCAAGTACGCTGCA,0,3699434
tolCp1,0.2,4,4,GATCACACAGTTCTGGGGTA,0,3682179
tolCp1,0.2,4,4,GAGTCGGGTTTAATGACACT,0,3674567
tolCp1,0.2,4,4,GACGTTGGCATGGTGACAGT,0,3689158
tolCp1,0.2,4,4,GACCAGACTGCATTAACTGA,0,3692860
tolCp1,0.2,4,4,CTTTTGCGTGCCTTCCGGAC,0,3682509
tolCp1,0.2,4,4,CTTTAAGATCGGTCAAGTGA,0,3680539
tolCp1,0.2,4,4,CTGGCGAGGGGGGCCTGCAA,0,3677834
tolCp1,0.2,4,4,CTGACGGCCTATCGGCGCGC,0,3701985
tolCp1,0.2,4,4,CTGACGATCATGCCTCTAAA,0,3677751
tolCp1,0.2,4,4,CTATTATGAGGCCCAAGATG,0,3684259
tolCp1,0.2,4,4,CTATCATGCTTCTGGGCGCT,0,3679666
tolCp1,0.2,4,4,CGTTACGGTTCTAGCCAGCT,0,3678314
tolCp1,0.2,4,4,CGGTGACGGTGTTGGAGCCA,0,3680036
tolCp1,0.2,4,4,CGGGTCAAGTACGCCTATTA,0,3686463
tolCp1,0.2,4,4,CGCCCGCGCAATGGGGCCTC,0,3669027
tolCp1,0.2,4,4,CGAACGACTTATATGGTGGT,0,3691222
tolCp1,0.2,4,4,CGAAATCATCCTCGCAGCCT,0,3696770
tolCp1,0.2,4,4,CCTTCTACAACAGACTTTGC,0,3662906
tolCp1,0.2,4,4,CCCAGGCAGTGTATGCAGGA,0,3673400
tolCp1,0.2,4,4,CCAGTGCTAGCTCCCTCGCA,0,3668927
tolCp1,0.2,4,4,CCACCGCTGGGACTAATACT,0,3681117
tolCp1,0.2,4,4,CATTCGCCGGGTGGACCATG,0,3687629
tolCp1,0.2,4,4,CAGTCTGGAAGTCCGGCAAC,0,3680819
tolCp1,0.2,4,4,CAAGCAAATCATGGTTAGGA,0,3700550
tolCp1,0.2,4,4,CAACAGCCAGGACTGTTCAG,0,3672504
tolCp1,0.2,4,4,ATTTGCGCTTCCAATTGAAA,0,3691193
tolCp1,0.2,4,4,AGGCTTGACCGTGTCGCGAG,0,3671726
tolCp1,0.2,4,4,AGCCCGTCTGGCCTTGCGTA,0,3662097
tolCp1,0.2,4,4,AGCACGGGTAGTAAACAGTT,0,3669263
tolCp1,0.2,4,4,AGCAATCGTTTGTGACATAA,0,3663954
tolCp1,0.2,4,4,AGAGTACCTCTGCGTGCATA,0,3666632
tolCp1,0.2,4,4,AATACTGCTACCTGTTAATA,0,3662019
tolCp1,0.2,4,4,AAAGGGTGCCTCGGCAAAGG,0,3667508
tolCp1,0.25,3,3,TTTTTTCACCATACGCGTAA,0,3692152
tolCp1,0.25,3,3,TTTTTGTATATCCCGAGGCA,0,3665234
tolCp1,0.25,3,3,TTTTGTGGTATCAGGCTTAA,0,3663797
tolCp1,0.25,3,3,TTTCCCAGTCTCGTCGGGGA,0,3680660
tolCp1,0.25,3,3,TTTCACAGACCTGTAAATAA,0,3673640
tolCp1,0.25,3,3,TTGGGTCTGAGGTTCGCCGT,0,3712553
tolCp1,0.25,3,3,TTGAGACATAAAGATGCGTC,0,3705030
tolCp1,0.25,3,3,TTGACGGGTATACGAGCGTG,0,3693243
tolCp1,0.25,3,3,TTCATTAAGCCCGATACGCG,0,3680496
tolCp1,0.25,3,3,TTATTCGTGGGGGATACAGA,0,3712537
tolCp1,0.25,3,3,TTAGCCTAGACGTTTCACTT,0,3674994
tolCp1,0.25,3,3,TTAGAATCGTGTGTCCTACG,0,3708470
tolCp1,0.25,3,3,TGTTCACTTTAGGCGCTTGT,0,3668129
tolCp1,0.25,3,3,TGTCGTGACACTGCGGAGTG,0,3680629
tolCp1,0.25,3,3,TGTAGAATGGTTCAGTCTTA,0,3693550
tolCp1,0.25,3,3,TGGTACACGGGTATTCATAC,0,3693225
tolCp1,0.25,3,3,TGGGTGGCGTCTTGGATCCT,0,3680255
tolCp1,0.25,3,3,TGGGAGCGGAATATATTGTA,0,3672765
tolCp1,0.25,3,3,TGGAGACGCGCGCGAGCCCT,0,3701800
tolCp1,0.25,3,3,TGGACCATAGGATTTGCGAT,0,3671978
tolCp1,0.25,3,3,TGCGAAGGCGTATTGACGCT,0,3691738
tolCp1,0.25,3,3,TGAGGCCCACAGTATACCTG,0,3709796
tolCp1,0.25,3,3,TGACGCTTATGCTGCATAGA,0,3662075
tolCp1,0.25,3,3,TCTGTAATGCAGGATCAAGT,0,3682026
tolCp1,0.25,3,3,TCGTGACTCATCTGAGCAAC,0,3671634
tolCp1,0.25,3,3,TCCGTCAAGAAACTCAGGAA,0,3671185
tolCp1,0.25,3,3,TCCCTACACGAAGTAGAAGC,0,3673695
tolCp1,0.25,3,3,TCCCCCTACGGGGTTAGTTC,0,3682777
tolCp1,0.25,3,3,TCCATGTTCCTGAGGAGAAA,0,3665634
tolCp1,0.25,3,3,TCAGTGCGGGGTATGCTTCA,0,3711533
tolCp1,0.25,3,3,TCACCAGTCTTAAAATGTTT,0,3668543
tolCp1,0.25,3,3,TCAAAGTAAATCGGTCTTGG,0,3689467
tolCp1,0.25,3,3,TATTGATCACTGATGCTGAG,0,3697899
tolCp1,0.25,3,3,TATGTCCCTTCTATGCAAGA,0,3676595
tolCp1,0.25,3,3,TATGGGTTCGCATGGGCGTT,0,3715550
tolCp1,0.25,3,3,TATCGGTAATGGAAGCGTAT,0,3713661
tolCp1,0.25,3,3,TATATACTGGATGGGCTCAA,0,3672416
tolCp1,0.25,3,3,TATAGACGGCTCTCCAGTAG,0,3675127
tolCp1,0.25,3,3,TATAAATAGGCACAGGGCAA,0,3671458
tolCp1,0.25,3,3,TAGCTATCGGCGTGTAATAA,0,3661651
tolCp1,0.25,3,3,TACTTGTCCGGGTGGATCAA,0,3715086
tolCp1,0.25,3,3,TACATTGGAAGAGATCCGAT,0,3666752
tolCp1,0.25,3,3,TACAGGCTTCCGTCGCGCAT,0,3663158
tolCp1,0.25,3,3,TAAGTGGATGATAGACTTAG,0,3702410
tolCp1,0.25,3,3,TAAGTAAATTCTTTAAAACA,0,3689518
tolCp1,0.25,3,3,TAAAGATTATCATCTTTCTA,0,3702063
tolCp1,0.25,3,3,GTTTGGACGAATGCGCCGGA,0,3682873
tolCp1,0.25,3,3,GTTTATTTGACATCTAATAG,0,3705481
tolCp1,0.25,3,3,GTTGGATCCCTCGGTTTATA,0,3705937
tolCp1,0.25,3,3,GTTCGCCCACACCTTAGACC,0,3699957
tolCp1,0.25,3,3,GTTATGGCCAATGGAACTGA,0,3704380
tolCp1,0.25,3,3,GTGGGGCACTCGTGTTAGCC,0,3713430
tolCp1,0.25,3,3,GTCTGGAACTGGCGGTAGAA,0,3693780
tolCp1,0.25,3,3,GTCTAGCCTGAGATTATTCA,0,3702418
tolCp1,0.25,3,3,GTCATACTCCCGTTGCAGAC,0,3695600
tolCp1,0.25,3,3,GTCAGAGCAAGCATTCAGGG,0,3675026
tolCp1,0.25,3,3,GTCACTGCGGAGGCACGTGA,0,3712784
tolCp1,0.25,3,3,GTCAAGGGCACGGGCTCTGC,0,3669608
tolCp1,0.25,3,3,GTAGCGACGCCTGGTGTGAA,0,3684047
tolCp1,0.25,3,3,GTACTCCGCGGCTGCGTCGC,0,3674578
tolCp1,0.25,3,3,GGTGTCATGAAGTCACGCCA,0,3710672
tolCp1,0.25,3,3,GGTGGGAGTGTTTCGGACTA,0,3663829
tolCp1,0.25,3,3,GGTCCACGGGCCGACCCTAA,0,3680267
tolCp1,0.25,3,3,GGTAACACTCTAAGATGTCA,0,3714426
tolCp1,0.25,3,3,GGGTGGGGTAAGGCATCAAC,0,3689727
tolCp1,0.25,3,3,GGGCATGTACGGGATTACAC,0,3684100
tolCp1,0.25,3,3,GGGAGTAATCAGCTTGACTT,0,3697249
tolCp1,0.25,3,3,GGGAATGTCGGGTAGTCCCA,0,3668930
tolCp1,0.25,3,3,GGCTGCTTTCCTTGGGGGGA,0,3685830
tolCp1,0.25,3,3,GGCTGATTGCCAGCTTCTGT,0,3683736
tolCp1,0.25,3,3,GGCGCGGTCAGACCATTTAC,0,3681233
tolCp1,0.25,3,3,GGCCACGAGGAAACCGAGAA,0,3685766
tolCp1,0.25,3,3,GGAATATCCACACTAGAATA,0,3693901
tolCp1,0.25,3,3,GGAAGGCCACTTATTAAACT,0,3698776
tolCp1,0.25,3,3,GCTTGGCATCTAATTCCGTA,0,3685460
tolCp1,0.25,3,3,GCTTACTATTTCCCAATTCA,0,3696526
tolCp1,0.25,3,3,GCTATCTAACCCCATGGTCT,0,3661397
tolCp1,0.25,3,3,GCTAGATAGCTCGCGCTCCA,0,3711200
tolCp1,0.25,3,3,GCGTTGATTAATTGGACTAA,0,3713697
tolCp1,0.25,3,3,GCGTTCAATCCAAATGTGTG,0,3692396
tolCp1,0.25,3,3,GCGACCTAGTCCAGAGCGAA,0,3695088
tolCp1,0.25,3,3,GCCTACGATGTTAATGCTTC,0,3664120
tolCp1,0.25,3,3,GCCGATGTGAATGACTCGTA,0,3713738
tolCp1,0.25,3,3,GCATGGGCCGGCACACCCAG,0,3661329
tolCp1,0.25,3,3,GCATGCGACGTAGACCACCC,0,3669547
tolCp1,0.25,3,3,GATCTCGATGATTCTGAAGT,0,3679838
tolCp1,0.25,3,3,GATATCCAAAGATGTAGATC,0,3667959
tolCp1,0.25,3,3,GATAGATGAAGATGTAAGAT,0,3670335
tolCp1,0.25,3,3,GAGGTCGAATGGTCGCCCAG,0,3701187
tolCp1,0.25,3,3,GAGCATGACATCGGCTGCCG,0,3683605
tolCp1,0.25,3,3,GAGACTTAGTGTCTTTGACT,0,3673041
tolCp1,0.25,3,3,GACGTCAGAGAAGTACTCTA,0,3668926
tolCp1,0.25,3,3,GAAAATTATCAAACGGTCTC,0,3672642
tolCp1,0.25,3,3,GAAAAGGCCGATTCTATTAG,0,3680096
tolCp1,0.25,3,3,CTTTCGCGGCGGCACGCGCG,0,3708865
tolCp1,0.25,3,3,CTTCGTCTGTGCTAAGTTTT,0,3711823
tolCp1,0.25,3,3,CTTACATACGGCAAGCTGAG,0,3707704
tolCp1,0.25,3,3,CTGTCTATTCATGGGATGGA,0,3712482
tolCp1,0.25,3,3,CTGTACGCTCCATATATCGC,0,3695074
tolCp1,0.25,3,3,CTGCTATGAGAAAAGGATAC,0,3662148
tolCp1,0.25,3,3,CTGCGCGGTGCTGCGGGAAG,0,3668221
tolCp1,0.25,3,3,CTGCGATTGTCCGGTGCTCT,0,3713475
tolCp1,0.25,3,3,CTGAAATGGGTTTTATATCA,0,3663592
tolCp1,0.25,3,3,CTCTTCTTAGCGCCACGTCA,0,3663323
tolCp1,0.25,3,3,CTCGGTCAGGTCAAGCAACC,0,3684244
tolCp1,0.25,3,3,CTCGGGCGACCCCTTACTCA,0,3705753
tolCp1,0.25,3,3,CTCCAGGTTAAGGGGTCACT,0,3705553
tolCp1,0.25,3,3,CTCACAGCGCTGGGATTGCT,0,3689716
tolCp1,0.25,3,3,CTACCTTGGCTCTGTAGGCT,0,3696009
tolCp1,0.25,3,3,CTACCCGATAGTTAGCTCCA,0,3670457
tolCp1,0.25,3,3,CTAAACTTTCCCAGTTGGGG,0,3680705
tolCp1,0.25,3,3,CGTTGGCAATACTCGTTTAG,0,3695572
tolCp1,0.25,3,3,CGTCCATACAGCCTCTAAGC,0,3665591
tolCp1,0.25,3,3,CGGTCTTAAAATAATAGGCA,0,3698321
tolCp1,0.25,3,3,CGCGGCGGCATGGAGCACTG,0,3679136
tolCp1,0.25,3,3,CGCGCCAAGCGGTGAAGGTG,0,3695234
tolCp1,0.25,3,3,CGCCCCCAAAACTGAACATA,0,3665274
tolCp1,0.25,3,3,CGATTTCCGCGTGAGTCGAA,0,3693681
tolCp1,0.25,3,3,CGAGTATCGATGACGCGTGT,0,3673214
tolCp1,0.25,3,3,CGACCGCGTTCGTACGCATG,0,3681154
tolCp1,0.25,3,3,CCTTTTAAATTACGTTCACC,0,3708089
tolCp1,0.25,3,3,CCTTCATGCGGGTGCGGTTT,0,3667096
tolCp1,0.25,3,3,CCTCCGGTAGGGTTGCGCTG,0,3705059
tolCp1,0.25,3,3,CCGGAATAGTACCTTTCATC,0,3699250
tolCp1,0.25,3,3,CCGCGAGTGGTGTTTGGACG,0,3686345
tolCp1,0.25,3,3,CCGCCTTGGAAAGCGATTGT,0,3672590
tolCp1,0.25,3,3,CCGATGCCTCAGCGCACAAT,0,3696477
tolCp1,0.25,3,3,CCCGCAATGCGGTTCATCAT,0,3676914
tolCp1,0.25,3,3,CCCCGTGGAGGAGTATCGCA,0,3678951
tolCp1,0.25,3,3,CCATCCTCATTACGCCAACC,0,3704391
tolCp1,0.25,3,3,CCACAATTCTCTCTCCCGTC,0,3668645
tolCp1,0.25,3,3,CATTTCGGAACATCGTATTT,0,3685612
tolCp1,0.25,3,3,CATTGCCTATTCGTGCTATT,0,3694714
tolCp1,0.25,3,3,CATTCTAACAAAGGCCCATA,0,3663450
tolCp1,0.25,3,3,CATGCGAGCGGATGGTACAG,0,3665765
tolCp1,0.25,3,3,CATACGGTGTATCGCTGCGG,0,3690395
tolCp1,0.25,3,3,CAGTAAACCGATGGTATTCA,0,3699087
tolCp1,0.25,3,3,CAGCCGATGGAAGGTGGAAT,0,3691927
tolCp1,0.25,3,3,CAGAGCTTTGCCCCCAAGCC,0,3681574
tolCp1,0.25,3,3,CAGAAAAAGGTTTGAAGTCA,0,3666008
tolCp1,0.25,3,3,CAAGGCCTCCATAGCGTCGT,0,3708688
tolCp1,0.25,3,3,CAAACCGCGTAGAATCGGCG,0,3668001
tolCp1,0.25,3,3,ATTGCATACAGGTGTCACTT,0,3661517
tolCp1,0.25,3,3,ATTGAGAACACTATCGTTAA,0,3707938
tolCp1,0.25,3,3,ATTCCCGGTGGGAGCTTTTT,0,3679216
tolCp1,0.25,3,3,ATTAGCCCGGTATAGGGGTT,0,3706847
tolCp1,0.25,3,3,ATTACCAATATAGCAGAACC,0,3687631
tolCp1,0.25,3,3,ATTACATGCTCACACCGGGG,0,3690251
tolCp1,0.25,3,3,ATTACAGAATCGTTACAACA,0,3681684
tolCp1,0.25,3,3,ATTAAACATTGTGACCGTGC,0,3678988
tolCp1,0.25,3,3,ATGCCCCAAAGCGGAGTCTG,0,3664327
tolCp1,0.25,3,3,ATGAGCTTTATCGTATAAAC,0,3681529
tolCp1,0.25,3,3,ATCGTCAAATATCGTTTCAC,0,3695399
tolCp1,0.25,3,3,ATCGCAGCATAGCGTGCATA,0,3672630
tolCp1,0.25,3,3,ATCCCCGTATAATCTGTGAA,0,3697603
tolCp1,0.25,3,3,ATCCACACCTTTGGCCCGCG,0,3710562
tolCp1,0.25,3,3,ATCAGAGTTCAGAACGAGAC,0,3674694
tolCp1,0.25,3,3,ATCAGAGTGATTTTTAGTTC,0,3710848
tolCp1,0.25,3,3,ATATTAGCACAACCTTATGT,0,3662182
tolCp1,0.25,3,3,ATATGAGTCGCACGGGCGGT,0,3688006
tolCp1,0.25,3,3,ATATCATACGTCTCAAAGCA,0,3675139
tolCp1,0.25,3,3,ATAGTAATGGTGTAGCGTTC,0,3685339
tolCp1,0.25,3,3,ATAGGATAGTATAAGCTTTT,0,3663507
tolCp1,0.25,3,3,ATAGCGGTTAAAGCGTTATA,0,3662550
tolCp1,0.25,3,3,ATAGCCATCATAAGAGTTTG,0,3701051
tolCp1,0.25,3,3,ATAACTACAAAATATGAGGA,0,3673716
tolCp1,0.25,3,3,AGTTTGTGTGCCAGTTTGGT,0,3710745
tolCp1,0.25,3,3,AGTGGTCACGTTAAGCGGCC,0,3681957
tolCp1,0.25,3,3,AGTGATCTACGATATCGGGC,0,3707622
tolCp1,0.25,3,3,AGTGAGTGTATAAGACTAGG,0,3675645
tolCp1,0.25,3,3,AGTATTTATGAGCTGGTCTA,0,3676203
tolCp1,0.25,3,3,AGTACCGGGGGTACAACAGG,0,3676057
tolCp1,0.25,3,3,AGGGGACGCAGCGAAGGAAA,0,3682182
tolCp1,0.25,3,3,AGGGAAGCTACAGTCACCGT,0,3708083
tolCp1,0.25,3,3,AGGAACGAAGTTTGCTGAAA,0,3671139
tolCp1,0.25,3,3,AGCTGTCGGACCGGCAACAA,0,3675664
tolCp1,0.25,3,3,AGCGTATGACTTCTGCGACA,0,3714396
tolCp1,0.25,3,3,AGCCTAAAGACTCTGCACCC,0,3686848
tolCp1,0.25,3,3,AGATGCCACAGATGCCGCCT,0,3694881
tolCp1,0.25,3,3,AGACAGACTGGTATCGTCCG,0,3703183
tolCp1,0.25,3,3,AGAATTCTTCGGCATTACGA,0,3710250
tolCp1,0.25,3,3,AGAAACACTCATCCCATGTG,0,3668794
tolCp1,0.25,3,3,ACTGTGCTCCCGATGTCTTA,0,3669133
tolCp1,0.25,3,3,ACTGGACTAGCCGGAAACGC,0,3692857
tolCp1,0.25,3,3,ACTATCACTCACGAGCTTAC,0,3679740
tolCp1,0.25,3,3,ACGTTCTGGAGTTTGGTTAA,0,3675823
tolCp1,0.25,3,3,ACGCCATGTGGTTGATGGAA,0,3685549
tolCp1,0.25,3,3,ACCGACCGTGGGGCTCGCTA,0,3700208
tolCp1,0.25,3,3,ACAGGAGGGTCATCCGACTT,0,3669647
tolCp1,0.25,3,3,ACAGCACAAGCCCTCGCCAC,0,3673542
tolCp1,0.25,3,3,ACAATAGGGTCTAGCGCTAA,0,3674403
tolCp1,0.25,3,3,AATTTAACTTTTCGAAAAGA,0,3690769
tolCp1,0.25,3,3,AATCCGGATACTTGGCCGGT,0,3679749
tolCp1,0.25,3,3,AATAACTCTGGCCAAATTTG,0,3706554
tolCp1,0.25,3,3,AAGGTCGCGATTCAGATAGA,0,3662020
tolCp1,0.25,3,3,AAGGGCGAACCTGCTTTAGG,0,3661442
tolCp1,0.25,3,3,AACTTCTTCGTTAATAGGAA,0,3711600
tolCp1,0.25,3,3,AACTTAGTGATCAGTAAATG,0,3709389
tolCp1,0.25,3,3,AACTGGTGACGGAATCAGTT,0,3691820
tolCp1,0.25,3,3,AACCCAAATCTGACAGAACG,0,3707448
tolCp1,0.25,3,3,AACATTAAATCGCCTCGTGA,0,3684287
tolCp1,0.25,3,3,AACATGCGGAGCTAGGCATA,0,3668090
tolCp1,0.25,3,3,AACACTTATCTGCATTGAGT,0,3715307
tolCp1,0.25,3,3,AAATGCGCACCGAGTCATCT,0,3672837
tolCp1,0.25,3,3,AAATCGCAATTGGACGCACC,0,3661559
tolCp1,0.25,3,3,AAACCATTCAGGGGGAACTT,0,3702527
tolCp1,0.25,3,3,AAAACATTGGCGAGTAGGAT,0,3676316
tolCp1,0.3333333333333333,2,2,TTTTAATCCGGTATATGACT,0,3694007
tolCp1,0.3333333333333333,2,2,TTTGTTATCCGTATTATCTC,0,3695508
tolCp1,0.3333333333333333,2,2,TTTGGAACCGGTCGCATTGG,0,3715034
tolCp1,0.3333333333333333,2,2,TTTCTTAACGACTAGATGAA,0,3673079
tolCp1,0.3333333333333333,2,2,TTTCTCTAGAAATGGGAGGT,0,3661417
tolCp1,0.3333333333333333,2,2,TTTCGCCAATTGGGCGACAG,0,3669360
tolCp1,0.3333333333333333,2,2,TTTCGCACTGTACGAGCAAT,0,3709166
tolCp1,0.3333333333333333,2,2,TTTCCGTCCACAGACCAACA,0,3698478
tolCp1,0.3333333333333333,2,2,TTTCCAACCTGAGCTGCCCG,0,3665333
tolCp1,0.3333333333333333,2,2,TTTAGGATTCGGTAAGCGTA,0,3713236
tolCp1,0.3333333333333333,2,2,TTTAGAGGGGTTTTGAACGT,0,3663320
tolCp1,0.3333333333333333,2,2,TTTACCTTAAAGTCTAAGGA,0,3699693
tolCp1,0.3333333333333333,2,2,TTGTTGGATTAATGACACGT,0,3666194
tolCp1,0.3333333333333333,2,2,TTGTATTAACTCAATGATAT,0,3664177
tolCp1,0.3333333333333333,2,2,TTGTACCGAGATGCATCCGT,0,3689381
tolCp1,0.3333333333333333,2,2,TTGGTGGTGTAGATTATGTC,0,3700232
tolCp1,0.3333333333333333,2,2,TTGGGTGTTTTTCCGATTGG,0,3680242
tolCp1,0.3333333333333333,2,2,TTGCGTTAAACCTTTTCCCA,0,3683717
tolCp1,0.3333333333333333,2,2,TTGCCATGCACGTCTGGGAC,0,3676300
tolCp1,0.3333333333333333,2,2,TTGATGGGGGACGCACGAGA,0,3703288
tolCp1,0.3333333333333333,2,2,TTGAATGCAGTTGTCAATGA,0,3711097
tolCp1,0.3333333333333333,2,2,TTGAATGACGACACCTTGCC,0,3670274
tolCp1,0.3333333333333333,2,2,TTGAACGAGCACACTCTCGC,0,3683139
tolCp1,0.3333333333333333,2,2,TTCTTAGAGTGTCCGTCATT,0,3666282
tolCp1,0.3333333333333333,2,2,TTCTCTATGGACTCCATCCC,0,3682746
tolCp1,0.3333333333333333,2,2,TTCTCGATACCTAACAATAA,0,3710631
tolCp1,0.3333333333333333,2,2,TTCTATCCTTGAAGGCTTAA,0,3709250
tolCp1,0.3333333333333333,2,2,TTCTATATCAGATTAGATAT,0,3711365
tolCp1,0.3333333333333333,2,2,TTCTAAGGTTGGTGGGCGCC,0,3662747
tolCp1,0.3333333333333333,2,2,TTCGCTTTCGATCTAGCGCA,0,3677288
tolCp1,0.3333333333333333,2,2,TTCGCATTCGAGTGTCACCC,0,3709496
tolCp1,0.3333333333333333,2,2,TTCGACTAATAGACGGATAA,0,3683127
tolCp1,0.3333333333333333,2,2,TTCCTGTCCGTGTTACTCTC,0,3675487
tolCp1,0.3333333333333333,2,2,TTCCGTTTCACCTTGGTCGG,0,3673543
tolCp1,0.3333333333333333,2,2,TTCCACCTTATGGACAATGA,0,3699180
tolCp1,0.3333333333333333,2,2,TTCAGCTAAAGGTCTGTCAA,0,3702516
tolCp1,0.3333333333333333,2,2,TTCACACGTGATATATGGCT,0,3712898
tolCp1,0.3333333333333333,2,2,TTATTGCCGCAACGGTGCGG,0,3688928
tolCp1,0.3333333333333333,2,2,TTATTAGTATTGAACCTGTT,0,3708424
tolCp1,0.3333333333333333,2,2,TTATAGTGGCAGAAGCGACT,0,3668190
tolCp1,0.3333333333333333,2,2,TTATACCCCAAACTCAGTTA,0,3690120
tolCp1,0.3333333333333333,2,2,TTAGTAGTGCCTCTTCGAGC,0,3679372
tolCp1,0.3333333333333333,2,2,TTAGAACCGCGGCCCGCTGG,0,3697123
tolCp1,0.3333333333333333,2,2,TTAATCAGCGTGTTTGATAT,0,3676805
tolCp1,0.3333333333333333,2,2,TTAATATGGCATTGCTGTAA,0,3661132
tolCp1,0.3333333333333333,2,2,TTAAGTATGGCAGAGCGATT,0,3666889
tolCp1,0.3333333333333333,2,2,TTAAAAACTATAGAAAATTC,0,3692801
tolCp1,0.3333333333333333,2,2,TGTCTTAAGTGAGAGACAAT,0,3706887
tolCp1,0.3333333333333333,2,2,TGTCTATTGGTAGAGTGAGC,0,3683574
tolCp1,0.3333333333333333,2,2,TGTACGGCGTCTATTACGCA,0,3707115
tolCp1,0.3333333333333333,2,2,TGGTTATCACACATAACATT,0,3666047
tolCp1,0.3333333333333333,2,2,TGGTGGGAGGGACGGTTTCC,0,3670157
tolCp1,0.3333333333333333,2,2,TGGTAGACCCCCAAACCTCA,0,3676980
tolCp1,0.3333333333333333,2,2,TGGGTGGGTCACGAGGGTCT,0,3685117
tolCp1,0.3333333333333333,2,2,TGGGTCTACGTTGAGGTCAG,0,3713189
tolCp1,0.3333333333333333,2,2,TGGGTCGCGCCTAATCGAAC,0,3663974
tolCp1,0.3333333333333333,2,2,TGGGTAGTCGTAACACTAAG,0,3688341
tolCp1,0.3333333333333333,2,2,TGGGCGGCCAGGATCACCTC,0,3706509
tolCp1,0.3333333333333333,2,2,TGGCGGCCTCCAAAGATGTT,0,3676339
tolCp1,0.3333333333333333,2,2,TGGCACTAAGGTGGAAAAAA,0,3685463
tolCp1,0.3333333333333333,2,2,TGGAGATCGAGAAAGTCGCA,0,3693244
tolCp1,0.3333333333333333,2,2,TGGAATACAAAGTGTGTTCT,0,3673493
tolCp1,0.3333333333333333,2,2,TGCTGGGGTCGTTTAGTCAT,0,3699137
tolCp1,0.3333333333333333,2,2,TGCGGACTTCTAAGAGTGGA,0,3710000
tolCp1,0.3333333333333333,2,2,TGCGAGCTGTCGGCTAGCTT,0,3692942
tolCp1,0.3333333333333333,2,2,TGCCTTACAGGCATCAATAC,0,3697841
tolCp1,0.3333333333333333,2,2,TGCATCCACAGTTAACTAAT,0,3692013
tolCp1,0.3333333333333333,2,2,TGCACTGTGGCAGACTTTAA,0,3670796
tolCp1,0.3333333333333333,2,2,TGATCGGGCGCTCACAAGGG,0,3700127
tolCp1,0.3333333333333333,2,2,TGATCCAAAGTAAACTCCCG,0,3688496
tolCp1,0.3333333333333333,2,2,TGAGCCGGGTGCGATATGAA,0,3673690
tolCp1,0.3333333333333333,2,2,TGACTATATGCCACTAATCA,0,3696821
tolCp1,0.3333333333333333,2,2,TGACGCTCTTGGAGCGGCTC,0,3682935
tolCp1,0.3333333333333333,2,2,TGACATGGTTAGGACATCTA,0,3714584
tolCp1,0.3333333333333333,2,2,TGAATGCGCGGCAAGGCAAC,0,3711315
tolCp1,0.3333333333333333,2,2,TCTTTTAAAACGTCTCGCTT,0,3670898
tolCp1,0.3333333333333333,2,2,TCTTCCCTATGGGCACCTGT,0,3663637
tolCp1,0.3333333333333333,2,2,TCTGTTATTACTGGATGTGA,0,3681156
tolCp1,0.3333333333333333,2,2,TCTGGGGCACTGGGTCAGCG,0,3684631
tolCp1,0.3333333333333333,2,2,TCTGATGGTAGATGAGCGCG,0,3665902
tolCp1,0.3333333333333333,2,2,TCTGAGATTCTAAGCACAGA,0,3678979
tolCp1,0.3333333333333333,2,2,TCTGACGTAACCTCAGACCT,0,3709459
tolCp1,0.3333333333333333,2,2,TCTCGGGGATGTCGATCCCA,0,3690816
tolCp1,0.3333333333333333,2,2,TCTATGCAACATAAGTAGGA,0,3665038
tolCp1,0.3333333333333333,2,2,TCTAAACATCCTGGGACGTG,0,3700211
tolCp1,0.3333333333333333,2,2,TCGTGTCACTCAGCGCTCAC,0,3698274
tolCp1,0.3333333333333333,2,2,TCGTGTATATTAGACACTCC,0,3688585
tolCp1,0.3333333333333333,2,2,TCGTCGTGTTACAAGTGCCG,0,3676978
tolCp1,0.3333333333333333,2,2,TCGTCGTAGCTTGAGCCCAC,0,3665194
tolCp1,0.3333333333333333,2,2,TCGGGGTAAGTTTGTCTTTT,0,3710477
tolCp1,0.3333333333333333,2,2,TCGGGCTGCGTGCAGTCCAT,0,3683425
tolCp1,0.3333333333333333,2,2,TCGGCGCTTACAAACGTCGT,0,3671779
tolCp1,0.3333333333333333,2,2,TCGGCCGATAGAGAGCATCT,0,3699425
tolCp1,0.3333333333333333,2,2,TCGGAGATCGACTAGACTAA,0,3714651
tolCp1,0.3333333333333333,2,2,TCGCTAAGCGGGAATCCCGA,0,3666956
tolCp1,0.3333333333333333,2,2,TCGATACCTGTTTGTGATGA,0,3665822
tolCp1,0.3333333333333333,2,2,TCGACTAGCGTCGTAGCGTA,0,3696617
tolCp1,0.3333333333333333,2,2,TCGAACGTGCATGCACAATA,0,3697095
tolCp1,0.3333333333333333,2,2,TCGAACCGACATCATTCCCA,0,3682791
tolCp1,0.3333333333333333,2,2,TCGAACAAGGTCAAGCACAT,0,3662163
tolCp1,0.3333333333333333,2,2,TCCTAGTGAGGCAGCCACTT,0,3683928
tolCp1,0.3333333333333333,2,2,TCCGGTTTATATTAATTGAC,0,3683035
tolCp1,0.3333333333333333,2,2,TCCGGCGCTCCGCTGTCTGA,0,3688805
tolCp1,0.3333333333333333,2,2,TCCCAGAGCCTTGTGCCTGA,0,3680798
tolCp1,0.3333333333333333,2,2,TCCATACTTGGTGGGGCTTC,0,3683768
tolCp1,0.3333333333333333,2,2,TCCACCTACCTAATTCATGA,0,3665409
tolCp1,0.3333333333333333,2,2,TCCACACTTCCCTCGCCGCG,0,3711528
tolCp1,0.3333333333333333,2,2,TCCAAGGGCCTACACGAGAA,0,3680663
tolCp1,0.3333333333333333,2,2,TCCAAAAGAGTCAGGATTCG,0,3690470
tolCp1,0.3333333333333333,2,2,TCATGGTAAGTGCCCGTTAA,0,3704283
tolCp1,0.3333333333333333,2,2,TCATCAGTAGCGTTGGTTGA,0,3668136
tolCp1,0.3333333333333333,2,2,TCAGGGAGCAGGTAATGTGC,0,3699652
tolCp1,0.3333333333333333,2,2,TCAGACTGAAGATAACCCCA,0,3692350
tolCp1,0.3333333333333333,2,2,TCAAGGCTTTGTCCGATTCA,0,3704190
tolCp1,0.3333333333333333,2,2,TCAAGCTCGACCGAATTTTA,0,3683458
tolCp1,0.3333333333333333,2,2,TCAAAGTGATGGTGGGATTT,0,3707108
tolCp1,0.3333333333333333,2,2,TCAAAGTCCTGAAAAGCTCG,0,3702344
tolCp1,0.3333333333333333,2,2,TATTGCAGAAGACTGCTCTC,0,3681679
tolCp1,0.3333333333333333,2,2,TATATGGGGCCGGGCTTAGG,0,3699568
tolCp1,0.3333333333333333,2,2,TATAGTTCGTCTTAGGATAT,0,3681206
tolCp1,0.3333333333333333,2,2,TATACGCACCCGTCGCGTCC,0,3707139
tolCp1,0.3333333333333333,2,2,TAGGTTGCACTGCGCGTTCA,0,3705783
tolCp1,0.3333333333333333,2,2,TAGGTCCAGGAGTTTGTAAA,0,3707381
tolCp1,0.3333333333333333,2,2,TAGCTGCGGAGTGCTACAAA,0,3715166
tolCp1,0.3333333333333333,2,2,TAGCCTCAGCCTGACCAGGA,0,3688926
tolCp1,0.3333333333333333,2,2,TAGCACGAACGTTCTGGGGG,0,3671192
tolCp1,0.3333333333333333,2,2,TAGCAACTAGGGTTATGAGG,0,3711810
tolCp1,0.3333333333333333,2,2,TAGATCGCCGTCTTCAAGCC,0,3663218
tolCp1,0.3333333333333333,2,2,TAGAAGAGTGTTGCTTGTCT,0,3705526
tolCp1,0.3333333333333333,2,2,TAGAACGGTCTCGATGAAGA,0,3696540
tolCp1,0.3333333333333333,2,2,TACTGTTGGTTTCATTTACA,0,3674837
tolCp1,0.3333333333333333,2,2,TACTGTTACAATTAGTGCAA,0,3708477
tolCp1,0.3333333333333333,2,2,TACTGCTACGGTCTACAGTT,0,3697446
tolCp1,0.3333333333333333,2,2,TACGCGGGGAATTCTCCGCA,0,3662965
tolCp1,0.3333333333333333,2,2,TACGATACCTTGTGAATACA,0,3674591
tolCp1,0.3333333333333333,2,2,TACGAGGCTAGGCTTGTTTT,0,3700384
tolCp1,0.3333333333333333,2,2,TACGAGACACTTTGTAACGC,0,3713502
tolCp1,0.3333333333333333,2,2,TACGAAGTTGCTGTACGCAA,0,3697238
tolCp1,0.3333333333333333,2,2,TACCGGTCCACGCAAGGAAG,0,3704952
tolCp1,0.3333333333333333,2,2,TACCGAATGGAGAACCATTA,0,3689251
tolCp1,0.3333333333333333,2,2,TACCCGCAAACCTGCTACTC,0,3692293
tolCp1,0.3333333333333333,2,2,TACCAATGAAGGGACCAGCT,0,3710690
tolCp1,0.3333333333333333,2,2,TACAGTGAAGTGGGGTGCTA,0,3681381
tolCp1,0.3333333333333333,2,2,TACACTCTGGAGGCGAACTA,0,3713848
tolCp1,0.3333333333333333,2,2,TACACTCACTAACGAGGCTG,0,3699090
tolCp1,0.3333333333333333,2,2,TACAACTCATTCGGCTAGAT,0,3670416
tolCp1,0.3333333333333333,2,2,TACAAAGCTGGTCTCGCGCA,0,3708766
tolCp1,0.3333333333333333,2,2,TAATGTTGGGATAATAGGTG,0,3663019
tolCp1,0.3333333333333333,2,2,TAATCCTTAAACATCGGCTC,0,3695427
tolCp1,0.3333333333333333,2,2,TAATATGAATACTTGTAGGC,0,3681207
tolCp1,0.3333333333333333,2,2,TAATAGCTTGAGACTGATGG,0,3704585
tolCp1,0.3333333333333333,2,2,TAAGTCAGTCTGAATATTTA,0,3685864
tolCp1,0.3333333333333333,2,2,TAAGATGCTGTGTAATACTG,0,3695336
tolCp1,0.3333333333333333,2,2,TAACTTGCGACTCCAATGAA,0,3694280
tolCp1,0.3333333333333333,2,2,TAACTCTGTAGAGCTATAGA,0,3699761
tolCp1,0.3333333333333333,2,2,TAACGAGGTGTATTCTCGTT,0,3668461
tolCp1,0.3333333333333333,2,2,TAACGAGGCGTTGTTTGACA,0,3693740
tolCp1,0.3333333333333333,2,2,TAACGAATCTACAACTATAC,0,3691805
tolCp1,0.3333333333333333,2,2,TAAAGGTTCGGGTTCCTCTT,0,3695310
tolCp1,0.3333333333333333,2,2,TAAAGCATTTGGCATATCTA,0,3680844
tolCp1,0.3333333333333333,2,2,TAAAATCGGTGAGACAGCGC,0,3684048
tolCp1,0.3333333333333333,2,2,GTTTTTAGGCAGTTCGTGCC,0,3685038
tolCp1,0.3333333333333333,2,2,GTTTTGTCTTTGTTAGCCCA,0,3674949
tolCp1,0.3333333333333333,2,2,GTTTGTGAACTCACCACTCA,0,3661830
tolCp1,0.3333333333333333,2,2,GTTTCAGTCGCTGCCCCCTT,0,3693915
tolCp1,0.3333333333333333,2,2,GTTGTGCGGAAGCCCTGGTA,0,3707374
tolCp1,0.3333333333333333,2,2,GTTGAAGATGAATCCTGGTG,0,3688654
tolCp1,0.3333333333333333,2,2,GTTCCGGTTACATGTGGCAG,0,3702806
tolCp1,0.3333333333333333,2,2,GTTCAAGCAAGAAGCGCTTT,0,3675566
tolCp1,0.3333333333333333,2,2,GTTATGCCCACGTAGCAGCG,0,3665053
tolCp1,0.3333333333333333,2,2,GTGTGTGGATCGACCATTTA,0,3663182
tolCp1,0.3333333333333333,2,2,GTGTGATTGACTCGGGGGCT,0,3700363
tolCp1,0.3333333333333333,2,2,GTGTACCCAGTTCCCACTGT,0,3706133
tolCp1,0.3333333333333333,2,2,GTGGTAGATGCAACTTGAGG,0,3682096
tolCp1,0.3333333333333333,2,2,GTGGCGGGTAATAGGGACAG,0,3712681
tolCp1,0.3333333333333333,2,2,GTGCTTAAGGCAGAGTTAAG,0,3709330
tolCp1,0.3333333333333333,2,2,GTGCGTTGTCTAAGATAGTA,0,3710654
tolCp1,0.3333333333333333,2,2,GTGCGGCAATCTGTCTTTTG,0,3669510
tolCp1,0.3333333333333333,2,2,GTGCCATGTCGAAATATGGC,0,3715290
tolCp1,0.3333333333333333,2,2,GTGCATCAACATCTGTCGCT,0,3701643
tolCp1,0.3333333333333333,2,2,GTGAGAATGTAATTCTTGAG,0,3701168
tolCp1,0.3333333333333333,2,2,GTGACTGTTGGCACTTCCCT,0,3701046
tolCp1,0.3333333333333333,2,2,GTGAACTTGGTAGTTCCCTG,0,3669293
tolCp1,0.3333333333333333,2,2,GTGAACCCTGGACTGTGCGC,0,3706154
tolCp1,0.3333333333333333,2,2,GTCTTTGAGTGTGGCCACTA,0,3693869
tolCp1,0.3333333333333333,2,2,GTCTCTGGGCTCGTCGCAGT,0,3684282
tolCp1,0.3333333333333333,2,2,GTCTCATTAAAGGTTTTTCG,0,3704932
tolCp1,0.3333333333333333,2,2,GTCTATACAGGGCGGTTGAT,0,3688076
tolCp1,0.3333333333333333,2,2,GTCTAATATTAATTCAGAGC,0,3671266
tolCp1,0.3333333333333333,2,2,GTCTAAAAGGCGCGTACGGC,0,3705921
tolCp1,0.3333333333333333,2,2,GTCGGCGCACGAGGCGGCGC,0,3701569
tolCp1,0.3333333333333333,2,2,GTCGCCTCTGACATACCGAG,0,3699357
tolCp1,0.3333333333333333,2,2,GTCGATCTGGGTCCGAGAAC,0,3708855
tolCp1,0.3333333333333333,2,2,GTCGAATCATAAGTTACAAT,0,3696028
tolCp1,0.3333333333333333,2,2,GTCCGTGTACTTATCCCCTT,0,3696562
tolCp1,0.3333333333333333,2,2,GTCCATTAAGCCTTTGGGCT,0,3703192
tolCp1,0.3333333333333333,2,2,GTCAAGATCCGAACGGGAGC,0,3666723
tolCp1,0.3333333333333333,2,2,GTATCTATGGACCTGACTAA,0,3670071
tolCp1,0.3333333333333333,2,2,GTAGGCGTGTTGAGACCAAC,0,3688510
tolCp1,0.3333333333333333,2,2,GTACGCACGTGACGACAAAT,0,3669118
tolCp1,0.3333333333333333,2,2,GTACACATGCCATGTCGTCA,0,3687053
tolCp1,0.3333333333333333,2,2,GTAACCCGGTATCGCAGCGG,0,3684405
tolCp1,0.3333333333333333,2,2,GTAACCCCATTAAGTGCAAG,0,3668073
tolCp1,0.3333333333333333,2,2,GTAAAGGGTTGCATGCGCTA,0,3704448
tolCp1,0.3333333333333333,2,2,GGTTTTAATTCACCGGCTCG,0,3672141
tolCp1,0.3333333333333333,2,2,GGTTTAGTAATTTCCGGATC,0,3685403
tolCp1,0.3333333333333333,2,2,GGTTATCTATTTGGGCAGTT,0,3688406
tolCp1,0.3333333333333333,2,2,GGTTAGGCTCCGTTAAATCA,0,3690241
tolCp1,0.3333333333333333,2,2,GGTGTTAGGGCTAATTAGTA,0,3694949
tolCp1,0.3333333333333333,2,2,GGTGAGGTAACAGCAACAGT,0,3665882
tolCp1,0.3333333333333333,2,2,GGTCAAATAGCTGCGGTGAT,0,3667009
tolCp1,0.3333333333333333,2,2,GGTATTTCGCGGAAATGAAA,0,3706857
tolCp1,0.3333333333333333,2,2,GGTACGTGTCGCTTATCACT,0,3708993
tolCp1,0.3333333333333333,2,2,GGGTCTTGGCAATGCGACGT,0,3713243
tolCp1,0.3333333333333333,2,2,GGGTCGAGGACTCGGTTCAC,0,3698567
tolCp1,0.3333333333333333,2,2,GGGTATAAAAAGCAGCCGGT,0,3673245
tolCp1,0.3333333333333333,2,2,GGGTAACCACAGGCTTAGTA,0,3707943
tolCp1,0.3333333333333333,2,2,GGGGTAATTCGACTCTAGAT,0,3683349
tolCp1,0.3333333333333333,2,2,GGGGGGTCGGGATTAATGCT,0,3667816
tolCp1,0.3333333333333333,2,2,GGGCGTCCTAAGGCGCTTTA,0,3691065
tolCp1,0.3333333333333333,2,2,GGGCGCATGTTTGGTCAGCT,0,3677474
tolCp1,0.3333333333333333,2,2,GGGCACCCCAATGTATATTA,0,3663055
tolCp1,0.3333333333333333,2,2,GGGATACCGTTACGGGAGCT,0,3662715
tolCp1,0.3333333333333333,2,2,GGGACCCAAACGAAAGAATT,0,3715215
tolCp1,0.3333333333333333,2,2,GGGACATGCCTCCGCGAATG,0,3678387
tolCp1,0.3333333333333333,2,2,GGGAATATTCAGGGGGTGAG,0,3664148
tolCp1,0.3333333333333333,2,2,GGCTGAATCCTTGCGGATTA,0,3675954
tolCp1,0.3333333333333333,2,2,GGCTCCACACTCAATACTCA,0,3671683
tolCp1,0.3333333333333333,2,2,GGCGGTTGTCCAACTGATTA,0,3667420
tolCp1,0.3333333333333333,2,2,GGCGGTCAGAGGTCATGTCG,0,3705266
tolCp1,0.3333333333333333,2,2,GGCGGTAGAGCCATTCCGCA,0,3693232
tolCp1,0.3333333333333333,2,2,GGCGGCTAAACCTTTCGAAA,0,3691831
tolCp1,0.3333333333333333,2,2,GGCGCGTAGTCAGAGACCCA,0,3676660
tolCp1,0.3333333333333333,2,2,GGCGCCTTTCGGCTCACCTC,0,3690677
tolCp1,0.3333333333333333,2,2,GGCCTGTTGCCCAGCAATAT,0,3664002
tolCp1,0.3333333333333333,2,2,GGCCGGGGATAACGTCGAGT,0,3662046
tolCp1,0.3333333333333333,2,2,GGCCGGGCCATACCGTGCTG,0,3701381
tolCp1,0.3333333333333333,2,2,GGCCGCAAATTTGACAACAA,0,3674816
tolCp1,0.3333333333333333,2,2,GGCCCCCACTGCCTAAGAAT,0,3686198
tolCp1,0.3333333333333333,2,2,GGCCCATGTGATGATTAATT,0,3681685
tolCp1,0.3333333333333333,2,2,GGCCACCGCCCTCAGAAATG,0,3678032
tolCp1,0.3333333333333333,2,2,GGCATCGGCTAGTGGTCTAA,0,3691277
tolCp1,0.3333333333333333,2,2,GGCATACCATCCGCGATTGC,0,3695099
tolCp1,0.3333333333333333,2,2,GGCAGTTGGAGGACATTAAT,0,3705138
tolCp1,0.3333333333333333,2,2,GGATTTTCTAGCATCAGAAT,0,3707359
tolCp1,0.3333333333333333,2,2,GGATTGGCCGGGATAGGCGT,0,3697495
tolCp1,0.3333333333333333,2,2,GGATTCGGTTCTCCAGCGCG,0,3662492
tolCp1,0.3333333333333333,2,2,GGATGATGTGGTGGTAAATT,0,3686128
tolCp1,0.3333333333333333,2,2,GGATCTCGTGGTGGCAACCA,0,3679768
tolCp1,0.3333333333333333,2,2,GGATATCGCCCGTCTGTCAT,0,3693897
tolCp1,0.3333333333333333,2,2,GGAGCTCGTCTGAGGACTTA,0,3661958
tolCp1,0.3333333333333333,2,2,GGAGCGGTGGCAGTATCCTG,0,3677505
tolCp1,0.3333333333333333,2,2,GGAGATTCTTGAGGGGTAGG,0,3714759
tolCp1,0.3333333333333333,2,2,GGACGACCTACTCGGAAATT,0,3675969
tolCp1,0.3333333333333333,2,2,GGACCCCGGTCACAGTCAGT,0,3669451
tolCp1,0.3333333333333333,2,2,GGAATGCCACTCACTTCATT,0,3686332
tolCp1,0.3333333333333333,2,2,GGAAGATGATCATGATGTTA,0,3709596
tolCp1,0.3333333333333333,2,2,GGAACCGTTTGTGTAGAGAT,0,3688296
tolCp1,0.3333333333333333,2,2,GGAACACCAGTGGGAGCTAT,0,3662605
tolCp1,0.3333333333333333,2,2,GCTTAGTATGGCATCTAGTA,0,3662368
tolCp1,0.3333333333333333,2,2,GCTGCCATGCCTGAGCTTCA,0,3681393
tolCp1,0.3333333333333333,2,2,GCTCAAAGGATGGCTTGCGT,0,3681905
tolCp1,0.3333333333333333,2,2,GCTATTGGGGGAGCTTAGAT,0,3699974
tolCp1,0.3333333333333333,2,2,GCTATTACTAGGGGCAGATA,0,3666466
tolCp1,0.3333333333333333,2,2,GCGTGACTATTTGGATTTAT,0,3690862
tolCp1,0.3333333333333333,2,2,GCGTAGTCACACATCCCAAT,0,3680436
tolCp1,0.3333333333333333,2,2,GCGGTTTTATCAATTTTCTT,0,3673111
tolCp1,0.3333333333333333,2,2,GCGCGAGTTGCGGAGACGTA,0,3697407
tolCp1,0.3333333333333333,2,2,GCGCAGTTTGCGTTCCTTAT,0,3699214
tolCp1,0.3333333333333333,2,2,GCGCAGCTCAGGGCGGTTGC,0,3682684
tolCp1,0.3333333333333333,2,2,GCGATCCATCACAGGTTACT,0,3664032
tolCp1,0.3333333333333333,2,2,GCCTCTGAATAATTCATAGC,0,3662617
tolCp1,0.3333333333333333,2,2,GCCTCAATGGGTTCGGGACA,0,3677665
tolCp1,0.3333333333333333,2,2,GCCGACACCTTAGTGTATTC,0,3692746
tolCp1,0.3333333333333333,2,2,GCCCGCCAGTATGCCTGGGG,0,3696521
tolCp1,0.3333333333333333,2,2,GCCCGAGCGCACAAGGGTTT,0,3669958
tolCp1,0.3333333333333333,2,2,GCCCCTAGACAATCGATAAT,0,3670753
tolCp1,0.3333333333333333,2,2,GCCATACTACGCCCATGGGA,0,3675653
tolCp1,0.3333333333333333,2,2,GCCAAGGGTAAAACGAACAT,0,3700706
tolCp1,0.3333333333333333,2,2,GCCAAGACGGAACTTCGGTC,0,3693831
tolCp1,0.3333333333333333,2,2,GCATACTCAAACAGTGGTAT,0,3691356
tolCp1,0.3333333333333333,2,2,GCAGGCTTGATGGCAGGTAA,0,3699912
tolCp1,0.3333333333333333,2,2,GCAGGCGCTCCCGCCCACCA,0,3664545
tolCp1,0.3333333333333333,2,2,GCACTGGTACTTTGGTACTG,0,3713532
tolCp1,0.3333333333333333,2,2,GCACTCGTCTCCAGCTGATA,0,3712738
tolCp1,0.3333333333333333,2,2,GCACCGTGTCAAGCGTAATG,0,3678388
tolCp1,0.3333333333333333,2,2,GCAACAGTCAGGAACCGTTG,0,3683784
tolCp1,0.3333333333333333,2,2,GATTCTTGAACGAATCTTGA,0,3673883
tolCp1,0.3333333333333333,2,2,GATGGCCGTAATAGAATTAC,0,3661603
tolCp1,0.3333333333333333,2,2,GATGCGTCTCAAGCATGTCA,0,3675247
tolCp1,0.3333333333333333,2,2,GATGCCGTAGCCCACGAAAG,0,3670470
tolCp1,0.3333333333333333,2,2,GATCCGGTCATCTGGCGACC,0,3708944
tolCp1,0.3333333333333333,2,2,GATCACGATACGCCACTACG,0,3707008
tolCp1,0.3333333333333333,2,2,GATAGATGTAACCGGCTCGT,0,3687841
tolCp1,0.3333333333333333,2,2,GATAATGCGTGGTGCCTTCG,0,3669613
tolCp1,0.3333333333333333,2,2,GATAAAGGGGTTATGCGTGA,0,3673925
tolCp1,0.3333333333333333,2,2,GATAAAAACTGTGGTGGTAC,0,3697922
tolCp1,0.3333333333333333,2,2,GAGTGGTGCTAATGAATGCA,0,3661655
tolCp1,0.3333333333333333,2,2,GAGTGGATTTGGATAAAGAC,0,3668771
tolCp1,0.3333333333333333,2,2,GAGTCAGCATGACGCGAGTG,0,3685674
tolCp1,0.3333333333333333,2,2,GAGCTTTAAGACCGATTTAT,0,3663133
tolCp1,0.3333333333333333,2,2,GAGCGTTAATGGGTCCGTAA,0,3702153
tolCp1,0.3333333333333333,2,2,GAGACATTATATACAGGACG,0,3680818
tolCp1,0.3333333333333333,2,2,GAGAATCAACCGCTAAACGT,0,3685206
tolCp1,0.3333333333333333,2,2,GAGAAGGGCGCTGTATAAAG,0,3672954
tolCp1,0.3333333333333333,2,2,GACTTATCAGCGTGCCACAT,0,3678107
tolCp1,0.3333333333333333,2,2,GACTGAGTATACGGACGCAC,0,3668718
tolCp1,0.3333333333333333,2,2,GACGTTGGTATGCGGCGGAC,0,3692067
tolCp1,0.3333333333333333,2,2,GACGTTAAGGCGGTGGCGTT,0,3700136
tolCp1,0.3333333333333333,2,2,GACGTCCCGGAACTATTACA,0,3673917
tolCp1,0.3333333333333333,2,2,GACGGGTCCACCTACATTGT,0,3675480
tolCp1,0.3333333333333333,2,2,GACGACCAGCAATTCGGGAA,0,3690752
tolCp1,0.3333333333333333,2,2,GACCTTATTTTTTTAAAGTT,0,3712464
tolCp1,0.3333333333333333,2,2,GACCTGTTTTCTCTAGAAGT,0,3702866
tolCp1,0.3333333333333333,2,2,GACCGTCTAGCACGCCCAGT,0,3713190
tolCp1,0.3333333333333333,2,2,GACCGCACGAGTCGTTTCGT,0,3685266
tolCp1,0.3333333333333333,2,2,GACCCCACGCTAGCGTATGG,0,3714815
tolCp1,0.3333333333333333,2,2,GACCATTATGGAGAATCCCG,0,3679403
tolCp1,0.3333333333333333,2,2,GACAGGACGATCAGTGCTCG,0,3691153
tolCp1,0.3333333333333333,2,2,GACACGTTTTGAACGGCAAA,0,3697243
tolCp1,0.3333333333333333,2,2,GACACCGGTACAACGTTAGT,0,3662125
tolCp1,0.3333333333333333,2,2,GACAAGTGGCGACACGCGCT,0,3705509
tolCp1,0.3333333333333333,2,2,GACAACTAGGCAGTGTCTCG,0,3681037
tolCp1,0.3333333333333333,2,2,GAAGTGAGTATCGTTTGGAA,0,3661698
tolCp1,0.3333333333333333,2,2,GAACTACAAATTTATTAAAC,0,3691652
tolCp1,0.3333333333333333,2,2,GAACGTGGGCTATTGAAAGG,0,3674261
tolCp1,0.3333333333333333,2,2,GAACAACTCTTCCACCAGCG,0,3680439
tolCp1,0.3333333333333333,2,2,CTTTGCGTTGAACCCGGAAA,0,3699700
tolCp1,0.3333333333333333,2,2,CTTTCCATGTAAGTCTGCGC,0,3689263
tolCp1,0.3333333333333333,2,2,CTTTCATGCCTCGAGACTAT,0,3662502
tolCp1,0.3333333333333333,2,2,CTTTAGTTGGGCAGGGCCAT,0,3680247
tolCp1,0.3333333333333333,2,2,CTTGGTTTGAGCTATTCATG,0,3675015
tolCp1,0.3333333333333333,2,2,CTTCTGATTATACCTCTGGA,0,3686341
tolCp1,0.3333333333333333,2,2,CTTATTATATGAACCCGGCC,0,3677366
tolCp1,0.3333333333333333,2,2,CTTAGTCCTTAAGGTCACAA,0,3680589
tolCp1,0.3333333333333333,2,2,CTTACCAAGTGGATGGTATT,0,3683761
tolCp1,0.3333333333333333,2,2,CTTACATCAGAAAGGAACTA,0,3676014
tolCp1,0.3333333333333333,2,2,CTTAATCAGGCAACGTTTAC,0,3679567
tolCp1,0.3333333333333333,2,2,CTGTGCCATCTGGTAAAGCT,0,3672096
tolCp1,0.3333333333333333,2,2,CTGTGACAGGCCCTTACCCA,0,3685798
tolCp1,0.3333333333333333,2,2,CTGTACCTTTTCTGTGAACA,0,3677069
tolCp1,0.3333333333333333,2,2,CTGGGGAGAGTACGGTCATG,0,3701201
tolCp1,0.3333333333333333,2,2,CTGGGCGAGGTGACACCCAT,0,3685149
tolCp1,0.3333333333333333,2,2,CTGGCGATATGCTGGATGGA,0,3686706
tolCp1,0.3333333333333333,2,2,CTGGATTACTCAAACCATAT,0,3702984
tolCp1,0.3333333333333333,2,2,CTGCTCCGGTTCCTAGAGCT,0,3714305
tolCp1,0.3333333333333333,2,2,CTGCCGCGTAACACTTCAAG,0,3704908
tolCp1,0.3333333333333333,2,2,CTGCCATTGGCTGCATCGGG,0,3671939
tolCp1,0.3333333333333333,2,2,CTGCACTTTTCTGGATGTCG,0,3698279
tolCp1,0.3333333333333333,2,2,CTGAGTGATATGCCTGAATC,0,3693572
tolCp1,0.3333333333333333,2,2,CTGACACCTAGGAGGGGTCC,0,3677284
tolCp1,0.3333333333333333,2,2,CTGAAACTGATTGCTCGGGC,0,3682385
tolCp1,0.3333333333333333,2,2,CTCTGCGGCAGAGCACTAGG,0,3696811
tolCp1,0.3333333333333333,2,2,CTCTCATATGTAACCTATTC,0,3670454
tolCp1,0.3333333333333333,2,2,CTCTCAGGCCGTACAACGGA,0,3699266
tolCp1,0.3333333333333333,2,2,CTCGCTTAGGGCCAGGAATT,0,3672745
tolCp1,0.3333333333333333,2,2,CTCATGACAAGTTGCAGGCC,0,3694858
tolCp1,0.3333333333333333,2,2,CTCAGTGTCTACGGCTTTGC,0,3683997
tolCp1,0.3333333333333333,2,2,CTCAACGCCGAACTTGTCGT,0,3689608
tolCp1,0.3333333333333333,2,2,CTATCGACGGACCTACAGGG,0,3673604
tolCp1,0.3333333333333333,2,2,CTATCAGGAGTGGGACATAA,0,3697448
tolCp1,0.3333333333333333,2,2,CTATAACTTTGGTTTAAAGC,0,3683504
tolCp1,0.3333333333333333,2,2,CTAGGCCGTTAGGACGGAGG,0,3666741
tolCp1,0.3333333333333333,2,2,CTACGGCGATCCCCGGCGCC,0,3701269
tolCp1,0.3333333333333333,2,2,CTACGCCACTTGATCTGGCA,0,3683729
tolCp1,0.3333333333333333,2,2,CTACCGCACAGCTTTTGATT,0,3714004
tolCp1,0.3333333333333333,2,2,CTACCGACCACGGGGCGACC,0,3664225
tolCp1,0.3333333333333333,2,2,CTAAGCCCTAGACCGATGAA,0,3683756
tolCp1,0.3333333333333333,2,2,CGTTCTTCCCTGTACGGGTA,0,3689156
tolCp1,0.3333333333333333,2,2,CGTTCTACGGGGGTAATTCT,0,3663649
tolCp1,0.3333333333333333,2,2,CGTTAACGCGACCCGAGTGA,0,3686074
tolCp1,0.3333333333333333,2,2,CGTCGATGGTCACTGCCTCA,0,3703156
tolCp1,0.3333333333333333,2,2,CGTCCAGGATCATAAGTGCC,0,3705605
tolCp1,0.3333333333333333,2,2,CGTCATGGGCAGATTCAGTA,0,3689513
tolCp1,0.3333333333333333,2,2,CGTAATTCGCTCCGGTAGAC,0,3680037
tolCp1,0.3333333333333333,2,2,CGGTCAGGGAAGCATTCAGA,0,3680140
tolCp1,0.3333333333333333,2,2,CGGTACCACGCACAGGGGTC,0,3695870
tolCp1,0.3333333333333333,2,2,CGGGTAGCTGCCGTTTGTTC,0,3670469
tolCp1,0.3333333333333333,2,2,CGGGTACAAGGGGAGATGAA,0,3679573
tolCp1,0.3333333333333333,2,2,CGGGGGTAAGATTCTCCGCT,0,3661126
tolCp1,0.3333333333333333,2,2,CGGGGACCACAGGGCACCTC,0,3663062
tolCp1,0.3333333333333333,2,2,CGGGCGTCAGCGGGCGAGAT,0,3687840
tolCp1,0.3333333333333333,2,2,CGGGCGAAGGTCTTGTAGGA,0,3663221
tolCp1,0.3333333333333333,2,2,CGGCGCAATCGCGGCTGAGA,0,3680956
tolCp1,0.3333333333333333,2,2,CGGCCCGATTGTCAAAGCGT,0,3683462
tolCp1,0.3333333333333333,2,2,CGGCAGGCACCCGATTAACG,0,3667856
tolCp1,0.3333333333333333,2,2,CGGCAAGGTAAACTCCGGCG,0,3672303
tolCp1,0.3333333333333333,2,2,CGGATCGACGACCCCCCAGA,0,3711231
tolCp1,0.3333333333333333,2,2,CGGACCCGCGCCACACACGT,0,3662460
tolCp1,0.3333333333333333,2,2,CGGACAAGTCCCACTTCGTC,0,3665419
tolCp1,0.3333333333333333,2,2,CGCTGTCTCCCGGAATGACA,0,3680460
tolCp1,0.3333333333333333,2,2,CGCTGTACGGGATGGTATTT,0,3686000
tolCp1,0.3333333333333333,2,2,CGCTATCAGAACGCTTGCCA,0,3714808
tolCp1,0.3333333333333333,2,2,CGCGGAGCACCAGCAGGACC,0,3668889
tolCp1,0.3333333333333333,2,2,CGCGCCAGGGGTAAGTACAA,0,3711441
tolCp1,0.3333333333333333,2,2,CGCGAATTGGACAGTCTTGT,0,3714933
tolCp1,0.3333333333333333,2,2,CGCCTATTACTATCTCCATA,0,3678483
tolCp1,0.3333333333333333,2,2,CGCCGCTTATAAAGCACCTC,0,3672263
tolCp1,0.3333333333333333,2,2,CGCCAGAACATGTAATTTGA,0,3692303
tolCp1,0.3333333333333333,2,2,CGCCACTGATGTCCTTACGC,0,3687863
tolCp1,0.3333333333333333,2,2,CGCAGGCATCCAATAGTTCT,0,3669725
tolCp1,0.3333333333333333,2,2,CGCACTACAGAAGGCCAGCT,0,3706016
tolCp1,0.3333333333333333,2,2,CGCACGTCGTGCCGCGCCCT,0,3665457
tolCp1,0.3333333333333333,2,2,CGATTTTTAGACATATTACC,0,3692600
tolCp1,0.3333333333333333,2,2,CGATGGCTTTTCATCCCGGG,0,3688747
tolCp1,0.3333333333333333,2,2,CGAGTGCGTACGCACAGTAC,0,3665574
tolCp1,0.3333333333333333,2,2,CGAGGTGTCTGAGAGATGCA,0,3670635
tolCp1,0.3333333333333333,2,2,CGAGCTGATCGACAGGGTTG,0,3689329
tolCp1,0.3333333333333333,2,2,CGACCGTGAAGACTGATACA,0,3693424
tolCp1,0.3333333333333333,2,2,CGAACGTCAGTGAATAAAAT,0,3684212
tolCp1,0.3333333333333333,2,2,CGAACAAGTAACGGCTGGCA,0,3669065
tolCp1,0.3333333333333333,2,2,CCTTGAAAGTATTGGGATGT,0,3691450
tolCp1,0.3333333333333333,2,2,CCTTCTCAACCCCACATACA,0,3672935
tolCp1,0.3333333333333333,2,2,CCTTATCGGAAGAAGGATAT,0,3703756
tolCp1,0.3333333333333333,2,2,CCTTAGGCGGCCTCCGGCGA,0,3703527
tolCp1,0.3333333333333333,2,2,CCTGGAGGCGCTAGCTTGTA,0,3670954
tolCp1,0.3333333333333333,2,2,CCTGCCCAGTATCTAGGTGA,0,3711591
tolCp1,0.3333333333333333,2,2,CCTCGCTGGACCACGCCTCA,0,3670409
tolCp1,0.3333333333333333,2,2,CCTCCGTGGGTCCACACGAA,0,3664034
tolCp1,0.3333333333333333,2,2,CCTCAGATAACTGGGGTATA,0,3664226
tolCp1,0.3333333333333333,2,2,CCTAGTCATTGTGTTTGTTG,0,3662008
tolCp1,0.3333333333333333,2,2,CCTACGGGGGACGGGAGGGA,0,3674090
tolCp1,0.3333333333333333,2,2,CCTAACACGCGCACCGCTAC,0,3663620
tolCp1,0.3333333333333333,2,2,CCGTTCATAAGTAGATAGGC,0,3679562
tolCp1,0.3333333333333333,2,2,CCGGTGGGAAATCGTATACA,0,3678116
tolCp1,0.3333333333333333,2,2,CCGGCGCGCTCGTTCTATCT,0,3692993
tolCp1,0.3333333333333333,2,2,CCGGCGAATTATAGTGTGCA,0,3674074
tolCp1,0.3333333333333333,2,2,CCGGCCACATGGTAATAAAA,0,3704011
tolCp1,0.3333333333333333,2,2,CCGGATGATTTGTTATGTTG,0,3666358
tolCp1,0.3333333333333333,2,2,CCGCTCGCAATAAGTCAAAC,0,3681527
tolCp1,0.3333333333333333,2,2,CCGCCTTTGGGTCCCGACGA,0,3709370
tolCp1,0.3333333333333333,2,2,CCCTTCATACAAGAATACTT,0,3679492
tolCp1,0.3333333333333333,2,2,CCCGTAGACACTTACGACTG,0,3700388
tolCp1,0.3333333333333333,2,2,CCCGCTAAGCAGGAGCGGGT,0,3690748
tolCp1,0.3333333333333333,2,2,CCCGCGCGGGAGAGAATCCC,0,3672317
tolCp1,0.3333333333333333,2,2,CCCCGTCCTTCGAGGATATT,0,3667466
tolCp1,0.3333333333333333,2,2,CCCACTTCTGATTATACGAA,0,3703735
tolCp1,0.3333333333333333,2,2,CCCAATCACAACAGTGCGTC,0,3710820
tolCp1,0.3333333333333333,2,2,CCATCCTCGCGTGCTTCACT,0,3702509
tolCp1,0.3333333333333333,2,2,CCAGTCGATGGAAGGGGAAT,0,3685105
tolCp1,0.3333333333333333,2,2,CCAGGTCCCGTCGTCTCTTA,0,3685946
tolCp1,0.3333333333333333,2,2,CCAGGCGTGCCACAGTGAAA,0,3676307
tolCp1,0.3333333333333333,2,2,CCAGGAGCCCTAATGAAGAT,0,3701601
tolCp1,0.3333333333333333,2,2,CCAGCTCAATCCCCTGGTTA,0,3661565
tolCp1,0.3333333333333333,2,2,CCACCAGCATTGCAAAGGGA,0,3662077
tolCp1,0.3333333333333333,2,2,CCACATCCCAACTCGTAGGT,0,3710742
tolCp1,0.3333333333333333,2,2,CCACAGCTACCTAGACCTCT,0,3703189
tolCp1,0.3333333333333333,2,2,CCACAGACTGGCCTCTATAA,0,3675512
tolCp1,0.3333333333333333,2,2,CCACAACACACGACAAGTCG,0,3704979
tolCp1,0.3333333333333333,2,2,CCAATTTCAAAACTTCTAGT,0,3700877
tolCp1,0.3333333333333333,2,2,CCAACAGGCAGGGTGCAAGA,0,3678522
tolCp1,0.3333333333333333,2,2,CATTGTGAAGGGCTCCATAC,0,3677969
tolCp1,0.3333333333333333,2,2,CATGTCGCTCGCTGGAACAG,0,3663063
tolCp1,0.3333333333333333,2,2,CATGGTTACTATTGGGACAC,0,3697697
tolCp1,0.3333333333333333,2,2,CATGGGAACTTCCGCACGGA,0,3679378
tolCp1,0.3333333333333333,2,2,CATGGCTCGTGTTTTGAGCG,0,3683824
tolCp1,0.3333333333333333,2,2,CATGGCTCAGTAGGTGGAGC,0,3696174
tolCp1,0.3333333333333333,2,2,CATGCTTGAACCGCTATAAT,0,3686458
tolCp1,0.3333333333333333,2,2,CATCTGTACGCAAGGGTGGG,0,3703117
tolCp1,0.3333333333333333,2,2,CATCGGGTATTCAATTGGAA,0,3700341
tolCp1,0.3333333333333333,2,2,CATCCGTTTGTGTTGCGGGT,0,3701584
tolCp1,0.3333333333333333,2,2,CATCCCGATCTGATCGGCGG,0,3694358
tolCp1,0.3333333333333333,2,2,CATCCCAAAGATTCCTGTCG,0,3686172
tolCp1,0.3333333333333333,2,2,CATATCAGGCGAATGCGTTC,0,3700355
tolCp1,0.3333333333333333,2,2,CATAGATACAGCGTTTAATA,0,3710699
tolCp1,0.3333333333333333,2,2,CATAGAATCCTAGGTCTCAT,0,3683421
tolCp1,0.3333333333333333,2,2,CATACGTACCAGGTGCCCTG,0,3687186
tolCp1,0.3333333333333333,2,2,CAGGTTGCGTCTGAATCTCT,0,3713744
tolCp1,0.3333333333333333,2,2,CAGGGGCGCTTGAGAACGCG,0,3693230
tolCp1,0.3333333333333333,2,2,CAGGATTTGTTTCGTACGCA,0,3672152
tolCp1,0.3333333333333333,2,2,CAGGAGTGGAGTCAGGACTT,0,3678385
tolCp1,0.3333333333333333,2,2,CAGCTTCGCTTATTGTTTGT,0,3669710
tolCp1,0.3333333333333333,2,2,CAGCTCCATGTGCGCTTTTT,0,3691511
tolCp1,0.3333333333333333,2,2,CAGCTAGCAAGGAGCCTCGT,0,3705268
tolCp1,0.3333333333333333,2,2,CAGAGCCCTGGTACAAGGTT,0,3666395
tolCp1,0.3333333333333333,2,2,CACTTGCTTTTACTATAACC,0,3694480
tolCp1,0.3333333333333333,2,2,CACTGCGCCTGGTTTTAATC,0,3701660
tolCp1,0.3333333333333333,2,2,CACTAGGTCTCACCCTTTCA,0,3661614
tolCp1,0.3333333333333333,2,2,CACGGATCTGTGCTCTGAGA,0,3700399
tolCp1,0.3333333333333333,2,2,CACGATTACATGTAGAATGA,0,3673300
tolCp1,0.3333333333333333,2,2,CACCGGGGGTCCGCGAGCCC,0,3693682
tolCp1,0.3333333333333333,2,2,CACCACGAGGATTATTGCGT,0,3692086
tolCp1,0.3333333333333333,2,2,CACCAATGCAGTGTTTCGAT,0,3683969
tolCp1,0.3333333333333333,2,2,CACATATCAGAGCATGGGGT,0,3668549
tolCp1,0.3333333333333333,2,2,CAATGTATCGCGTGGCCGTA,0,3670217
tolCp1,0.3333333333333333,2,2,CAATCTTGGTAGGAGGGGTT,0,3668944
tolCp1,0.3333333333333333,2,2,CAAGTCGCGAGAGGGTCGGG,0,3698192
tolCp1,0.3333333333333333,2,2,CAAGTACACCCGGTCTGTGT,0,3693587
tolCp1,0.3333333333333333,2,2,CAACTGACGGATGTTTTTCT,0,3710204
tolCp1,0.3333333333333333,2,2,CAAACCCAACGCTCGAGTTA,0,3676995
tolCp1,0.3333333333333333,2,2,ATTTGGATAATTACGAGTTA,0,3674092
tolCp1,0.3333333333333333,2,2,ATTTAATGGGTCGGGCTGCT,0,3674078
tolCp1,0.3333333333333333,2,2,ATTGGGGAGTGGACTGCACC,0,3671823
tolCp1,0.3333333333333333,2,2,ATTGCCCATAATAGTTCTGC,0,3708705
tolCp1,0.3333333333333333,2,2,ATTGAGCACTGAATGGTATA,0,3706385
tolCp1,0.3333333333333333,2,2,ATTCGGTTGTCGGAACCTAT,0,3684056
tolCp1,0.3333333333333333,2,2,ATTCGGCGATTATGTCAATG,0,3672813
tolCp1,0.3333333333333333,2,2,ATTCCAACCGGTACGGTTAC,0,3674962
tolCp1,0.3333333333333333,2,2,ATTCACGAATCACTTGTGCC,0,3674581
tolCp1,0.3333333333333333,2,2,ATTATATCCCTTCGAGTTAC,0,3705506
tolCp1,0.3333333333333333,2,2,ATTATAACCCTTTGCACGAA,0,3673781
tolCp1,0.3333333333333333,2,2,ATTAAGATGATTTAAGAGGT,0,3665251
tolCp1,0.3333333333333333,2,2,ATGTTTCGTGAAGAATTTGT,0,3696244
tolCp1,0.3333333333333333,2,2,ATGTTATTGCTAGACATCTT,0,3704083
tolCp1,0.3333333333333333,2,2,ATGTGGTCCCTGAGGGCCAT,0,3695908
tolCp1,0.3333333333333333,2,2,ATGTGATTTACGCTCTTCCA,0,3670644
tolCp1,0.3333333333333333,2,2,ATGGCTATGGGCCAACACCC,0,3663272
tolCp1,0.3333333333333333,2,2,ATGCGGCTGTTAGCCACTAG,0,3673962
tolCp1,0.3333333333333333,2,2,ATGCGCGACGCGAATAAAAC,0,3703989
tolCp1,0.3333333333333333,2,2,ATGCAGCGCGGATCGAACGT,0,3690018
tolCp1,0.3333333333333333,2,2,ATGCAGCGCCAAGTGGCTGA,0,3700272
tolCp1,0.3333333333333333,2,2,ATGCACATGAGGTCTGAAAA,0,3688456
tolCp1,0.3333333333333333,2,2,ATGCAAAATGATTGCGCGGT,0,3700126
tolCp1,0.3333333333333333,2,2,ATCTTGCCCGCGCGTACCGT,0,3669212
tolCp1,0.3333333333333333,2,2,ATCTTAGTTGAGAGTTGTGC,0,3675816
tolCp1,0.3333333333333333,2,2,ATCGGATGTCGTGTTCTAAT,0,3670510
tolCp1,0.3333333333333333,2,2,ATCGAGCCCTGATTGGGGAT,0,3714755
tolCp1,0.3333333333333333,2,2,ATCCGAAGGATCGCTTATAC,0,3712416
tolCp1,0.3333333333333333,2,2,ATCCCCCCTACCAGTACTTT,0,3714760
tolCp1,0.3333333333333333,2,2,ATCACCTTTAACCCAAACAA,0,3708103
tolCp1,0.3333333333333333,2,2,ATATTTGTTATGGTCCGTGC,0,3702952
tolCp1,0.3333333333333333,2,2,ATATTTCTGTAGAAGGTTCC,0,3662005
tolCp1,0.3333333333333333,2,2,ATATTCTCCTTACGGGCGGT,0,3695437
tolCp1,0.3333333333333333,2,2,ATATGAGACCACAGGGGTAT,0,3709680
tolCp1,0.3333333333333333,2,2,ATATGACTGCAATCGCAACG,0,3696631
tolCp1,0.3333333333333333,2,2,ATATGAACGCGGGCACGTAT,0,3684187
tolCp1,0.3333333333333333,2,2,ATATCTGACCCGACTGCCAA,0,3694624
tolCp1,0.3333333333333333,2,2,ATATACTGTTAGCTTTGTGA,0,3676823
tolCp1,0.3333333333333333,2,2,ATAGTGGCATATCTCTTTGA,0,3691796
tolCp1,0.3333333333333333,2,2,ATAGGTGTATTGCATACTGT,0,3664461
tolCp1,0.3333333333333333,2,2,ATACTTATCGATCGTACGGT,0,3699706
tolCp1,0.3333333333333333,2,2,ATAATGGCCGTTTCAAAAGT,0,3707254
tolCp1,0.3333333333333333,2,2,ATAAGCCATGCCATACACTG,0,3662434
tolCp1,0.3333333333333333,2,2,ATAACGAGTCCACGTTTCGG,0,3669243
tolCp1,0.3333333333333333,2,2,AGTTGGCATCGTGCGCTCGG,0,3704773
tolCp1,0.3333333333333333,2,2,AGTGTGCAATCTGAGAGAGT,0,3670819
tolCp1,0.3333333333333333,2,2,AGTGCGAACACCAGGTATTT,0,3677164
tolCp1,0.3333333333333333,2,2,AGTGACTCCGCACTTTGCAG,0,3700839
tolCp1,0.3333333333333333,2,2,AGTCATTGCGCCATCACGGA,0,3667812
tolCp1,0.3333333333333333,2,2,AGTCATGAAATGCACCCGGA,0,3670370
tolCp1,0.3333333333333333,2,2,AGTCAAATAGGGCGCCGCCT,0,3694822
tolCp1,0.3333333333333333,2,2,AGTATTATCAGGACATGAGC,0,3682297
tolCp1,0.3333333333333333,2,2,AGTATGTTTGAAACGTCTGG,0,3681990
tolCp1,0.3333333333333333,2,2,AGTATGAAGAGTTGGCAAAA,0,3680480
tolCp1,0.3333333333333333,2,2,AGTACCATCTATACGTGTAG,0,3692017
tolCp1,0.3333333333333333,2,2,AGTACATCCTTTTTGCGTCT,0,3672778
tolCp1,0.3333333333333333,2,2,AGTAATCTGTGTTTGAGTTA,0,3705398
tolCp1,0.3333333333333333,2,2,AGTAATCCCGGGCTTAGGGA,0,3677064
tolCp1,0.3333333333333333,2,2,AGGTTAAACATGCCGAGGCT,0,3686101
tolCp1,0.3333333333333333,2,2,AGGGGAAGGGACAGGTTCAT,0,3681719
tolCp1,0.3333333333333333,2,2,AGGGCCTAGCTTGTTGAGTG,0,3711197
tolCp1,0.3333333333333333,2,2,AGGCTCCCCTGACTGCGAGT,0,3711886
tolCp1,0.3333333333333333,2,2,AGGCCTGCACATTTATCCCC,0,3693899
tolCp1,0.3333333333333333,2,2,AGGCCAAGTTTATTTGGTAT,0,3699362
tolCp1,0.3333333333333333,2,2,AGGATAGGCCTGTGGCTAAA,0,3687260
tolCp1,0.3333333333333333,2,2,AGGAGCGGTTGCTAAGGCCT,0,3676081
tolCp1,0.3333333333333333,2,2,AGGACGTTCCTGTTCGTTGG,0,3679352
tolCp1,0.3333333333333333,2,2,AGGACCTGAAGTAAACCACA,0,3674758
tolCp1,0.3333333333333333,2,2,AGCCGTTTATTAAGCCACCC,0,3715431
tolCp1,0.3333333333333333,2,2,AGCCGCGTTTATGAACGGTA,0,3687365
tolCp1,0.3333333333333333,2,2,AGCCCCACATCTTAGAGTCA,0,3706155
tolCp1,0.3333333333333333,2,2,AGCCACGCGTCTTATGTAGG,0,3706709
tolCp1,0.3333333333333333,2,2,AGCATTGCCCTCCTCCAAGA,0,3672770
tolCp1,0.3333333333333333,2,2,AGCAAACTAGCTCTGTAAGA,0,3671674
tolCp1,0.3333333333333333,2,2,AGATTTATAGGGGTGCTCCT,0,3665420
tolCp1,0.3333333333333333,2,2,AGATTGTGATGAGTTATCCC,0,3698278
tolCp1,0.3333333333333333,2,2,AGATTATGAAGATGTGTGAT,0,3676430
tolCp1,0.3333333333333333,2,2,AGATACGAATAATCTCGGCT,0,3698347
tolCp1,0.3333333333333333,2,2,AGAGTAGGTACCAAGTTTGA,0,3694916
tolCp1,0.3333333333333333,2,2,AGAGCATTGTAATGAGCAAG,0,3712778
tolCp1,0.3333333333333333,2,2,AGACGAGTGGTTGGATCCGT,0,3686410
tolCp1,0.3333333333333333,2,2,AGACGAAAGTCCCCACATTG,0,3676467
tolCp1,0.3333333333333333,2,2,AGACCCTTCTCGCGCGAGAA,0,3695549
tolCp1,0.3333333333333333,2,2,AGACCAACGGGGAAGGAAAG,0,3698901
tolCp1,0.3333333333333333,2,2,AGACACCAGTGTCACGTGAA,0,3670003
tolCp1,0.3333333333333333,2,2,AGACAACGTGGCCCCTAACT,0,3672721
tolCp1,0.3333333333333333,2,2,AGAAGCTTCGGTGAGGTCTT,0,3674343
tolCp1,0.3333333333333333,2,2,AGAAATACGGACGATGCCAG,0,3714675
tolCp1,0.3333333333333333,2,2,ACTTTATGGAACGCAACATG,0,3681744
tolCp1,0.3333333333333333,2,2,ACTTTAGATGTCAGTCCTAA,0,3696123
tolCp1,0.3333333333333333,2,2,ACTTGGCATCCAGGGGCCGA,0,3664399
tolCp1,0.3333333333333333,2,2,ACTTCTAGGTGTCATTATAA,0,3691836
tolCp1,0.3333333333333333,2,2,ACTGATTTTTCAAATTACGC,0,3667293
tolCp1,0.3333333333333333,2,2,ACTCTTTACCGGAGCTTGTC,0,3661181
tolCp1,0.3333333333333333,2,2,ACTCGCAACGATTGTAACTC,0,3703316
tolCp1,0.3333333333333333,2,2,ACTCATCGCAGTGTTTCCTC,0,3688147
tolCp1,0.3333333333333333,2,2,ACTATGATTCAGCCGGTGCG,0,3694879
tolCp1,0.3333333333333333,2,2,ACTACAGATCCAGATGCTAT,0,3695090
tolCp1,0.3333333333333333,2,2,ACGTTGAATTCGATCAAGGT,0,3707003
tolCp1,0.3333333333333333,2,2,ACGTGTCTAAGTCATGTAAC,0,3665097
tolCp1,0.3333333333333333,2,2,ACGTCGCGAGGTGAGAGTAA,0,3698281
tolCp1,0.3333333333333333,2,2,ACGTAGATTGTCTTACAGGC,0,3663532
tolCp1,0.3333333333333333,2,2,ACGGTAAGGAGGCTCCGGAG,0,3709679
tolCp1,0.3333333333333333,2,2,ACGGGAATCAAAATTTGCTT,0,3691309
tolCp1,0.3333333333333333,2,2,ACGGCTCGACTCACTGTAAT,0,3701621
tolCp1,0.3333333333333333,2,2,ACGGCAATTCCTATCGGCGT,0,3670148
tolCp1,0.3333333333333333,2,2,ACGCCACGGGTGTTCCTCTC,0,3697580
tolCp1,0.3333333333333333,2,2,ACGAGGGAGTCTTCTCTCAA,0,3683045
tolCp1,0.3333333333333333,2,2,ACCTTAATGATCGACGAACA,0,3675780
tolCp1,0.3333333333333333,2,2,ACCTCAAATATAGGACCCGC,0,3664481
tolCp1,0.3333333333333333,2,2,ACCGTGTTGTGGTCTTGCCA,0,3680243
tolCp1,0.3333333333333333,2,2,ACCGTCTCTGCGGTGCGGCC,0,3680856
tolCp1,0.3333333333333333,2,2,ACCGGTAATCCTCGCGGGTA,0,3713872
tolCp1,0.3333333333333333,2,2,ACCGGGGGCACATCTGCTTG,0,3661135
tolCp1,0.3333333333333333,2,2,ACCGCGACCACTGCAGGCTA,0,3701940
tolCp1,0.3333333333333333,2,2,ACCGCCGAGATCTGAAGGGG,0,3700390
tolCp1,0.3333333333333333,2,2,ACCGACGCGAGGGGGGATTC,0,3703881
tolCp1,0.3333333333333333,2,2,ACCGACGCAAATAGTATTTC,0,3665881
tolCp1,0.3333333333333333,2,2,ACCGAATTCTGCATTGTAAA,0,3712741
tolCp1,0.3333333333333333,2,2,ACCCTTCGGCCACGTTGGTT,0,3696836
tolCp1,0.3333333333333333,2,2,ACCCTGCTAGATACAGGCTC,0,3703347
tolCp1,0.3333333333333333,2,2,ACCACGAGCCGGGAGGGCGG,0,3668531
tolCp1,0.3333333333333333,2,2,ACCAAGTGGCGCGGCGAGAT,0,3687098
tolCp1,0.3333333333333333,2,2,ACCAACCTCGGTCCCGAACA,0,3713016
tolCp1,0.3333333333333333,2,2,ACATCTCCCAAATTCCCATC,0,3707499
tolCp1,0.3333333333333333,2,2,ACATAGGGAGGTGTTAGCGA,0,3711292
tolCp1,0.3333333333333333,2,2,ACAGGGCTACCGCCCTGTCG,0,3665590
tolCp1,0.3333333333333333,2,2,ACAGAGTTCCGGTTATGCTC,0,3697564
tolCp1,0.3333333333333333,2,2,ACAGACACTTGGCTAATCTT,0,3681046
tolCp1,0.3333333333333333,2,2,ACACTCAAGATTCTTGGGTA,0,3711866
tolCp1,0.3333333333333333,2,2,ACACGATGTCACTCCCGGCC,0,3692739
tolCp1,0.3333333333333333,2,2,ACACCGTTCGGAGCTGTGAT,0,3697452
tolCp1,0.3333333333333333,2,2,ACACAAACCACCGCGCCGGT,0,3663643
tolCp1,0.3333333333333333,2,2,ACAATTGTCGGGTGCCAGCT,0,3673859
tolCp1,0.3333333333333333,2,2,ACAATCCAATCTCGCGGTGG,0,3670084
tolCp1,0.3333333333333333,2,2,AATTGCGGGGGTGAGCGCCA,0,3685576
tolCp1,0.3333333333333333,2,2,AATTATCTGTGCACGAACCT,0,3703798
tolCp1,0.3333333333333333,2,2,AATGTAATTGACGCTGGCCC,0,3694232
tolCp1,0.3333333333333333,2,2,AATGGCGCTCGAGCACTCAA,0,3702789
tolCp1,0.3333333333333333,2,2,AATGCTACCGCTTACGCCAG,0,3691774
tolCp1,0.3333333333333333,2,2,AATCGGTGAAAGCGTGACGA,0,3683184
tolCp1,0.3333333333333333,2,2,AATAGAAGCACGATCTACAC,0,3686459
tolCp1,0.3333333333333333,2,2,AATACTGGCGATGCGCCTGT,0,3707541
tolCp1,0.3333333333333333,2,2,AATAAGCGTAACAGGCCTAA,0,3708904
tolCp1,0.3333333333333333,2,2,AAGTTTTAGCTGGAGAGAAC,0,3710020
tolCp1,0.3333333333333333,2,2,AAGTTTTACCTCAGCTGTGT,0,3697743
tolCp1,0.3333333333333333,2,2,AAGTTCGTCAGCCTTCACCG,0,3693829
tolCp1,0.3333333333333333,2,2,AAGGGGTCATGTCGGGTTTT,0,3673577
tolCp1,0.3333333333333333,2,2,AAGGGAAAACCTAAGTCACA,0,3679287
tolCp1,0.3333333333333333,2,2,AAGGACCATGCTACTCCGAA,0,3703431
tolCp1,0.3333333333333333,2,2,AAGCGTACCCGACTCACACG,0,3667588
tolCp1,0.3333333333333333,2,2,AAGCGCAACGAAACGGCGTT,0,3685250
tolCp1,0.3333333333333333,2,2,AAGACAGCCTGATATGCTCT,0,3697894
tolCp1,0.3333333333333333,2,2,AACTGACCACGCACGTCATA,0,3700439
tolCp1,0.3333333333333333,2,2,AACTCGCAAATGCACAGAGG,0,3683108
tolCp1,0.3333333333333333,2,2,AACTATTTTATGGAAATTCC,0,3692481
tolCp1,0.3333333333333333,2,2,AACTAAAGGGCGAAACCCGA,0,3699786
tolCp1,0.3333333333333333,2,2,AACGTAACACTGAACTGATT,0,3684795
tolCp1,0.3333333333333333,2,2,AACGCGTCTTTTAAGGCTTC,0,3707279
tolCp1,0.3333333333333333,2,2,AACGATGAAACAGTATAAAA,0,3683077
tolCp1,0.3333333333333333,2,2,AAATCGCTGCAGATGGGACA,0,3712054
tolCp1,0.3333333333333333,2,2,AAAGGTTGCGTTAACTCGAG,0,3671297
tolCp1,0.3333333333333333,2,2,AAAGCAGCGAGGTTTGAGTT,0,3713417
tolCp1,0.3333333333333333,2,2,AAAGACAAGGGCACCCGGAA,0,3662162
tolCp1,0.3333333333333333,2,2,AAACCGACTTTACTCAGGCA,0,3706257
tolCp1,0.3333333333333333,2,2,AAACATTCAACTGTAGGCGA,0,3669475
tolCp1,0.3333333333333333,2,2,AAAACTGTGGATTAGGTAGG,0,3682083
tolCp1,0.3333333333333333,2,2,AAAACGAGTCCCTTATAGAT,0,3675926
tolCp1,0.3333333333333333,2,2,AAAAACTAACACAGCCAATT,0,3667039
tolCp1,0.5,1,1,TTTTTCAAACAGTGAAGCTA,0,3690081
tolCp1,0.5,1,1,TTTTTAAAAGGATAATGCGC,0,3711615
tolCp1,0.5,1,1,TTTTGGTGTTCAGCTCCTTA,0,3704050
tolCp1,0.5,1,1,TTTTGGGGATCTAGTGCTGA,0,3685648
tolCp1,0.5,1,1,TTTTGGCAAGCCAGTACCGA,0,3709492
tolCp1,0.5,1,1,TTTTGCTGCATAACATTCCC,0,3702626
tolCp1,0.5,1,1,TTTTCTTTGTCGTTGTATTT,0,3689252
tolCp1,0.5,1,1,TTTTCGCAGGATGATGCAGT,0,3681012
tolCp1,0.5,1,1,TTTTCGAGTGTAATTTACAT,0,3665686
tolCp1,0.5,1,1,TTTTATGCTCATCTCTAGGT,0,3710794
tolCp1,0.5,1,1,TTTTAACAATGTTTAAGTCT,0,3678408
tolCp1,0.5,1,1,TTTTAAAGTTGTGTGACAAG,0,3663429
tolCp1,0.5,1,1,TTTGTTTTTGAAGGCCCATG,0,3672711
tolCp1,0.5,1,1,TTTGTAAGCTACTTTGGATC,0,3694633
tolCp1,0.5,1,1,TTTGGTTTTGTAACTCGCCA,0,3685399
tolCp1,0.5,1,1,TTTGGTCTGTGACGTGGCAT,0,3708857
tolCp1,0.5,1,1,TTTGGTCACAACTGTTGGTT,0,3695900
tolCp1,0.5,1,1,TTTGGGTCGCATTTTGATAG,0,3686716
tolCp1,0.5,1,1,TTTGGCTCACTGGGTACCTT,0,3691159
tolCp1,0.5,1,1,TTTGGCACGTCTCTGAGGAA,0,3697610
tolCp1,0.5,1,1,TTTGCTGCGTGGACGGTATG,0,3704975
tolCp1,0.5,1,1,TTTGCCTGGGATCTCTCGGA,0,3690294
tolCp1,0.5,1,1,TTTGCATGCCAGGGTCCCAA,0,3697029
tolCp1,0.5,1,1,TTTGACTACTGCCCCAGCCA,0,3675343
tolCp1,0.5,1,1,TTTGAATTACGACAATGCAG,0,3669796
tolCp1,0.5,1,1,TTTCTCTTCCCTATGCTCTC,0,3712674
tolCp1,0.5,1,1,TTTCTCCAAACCTGTATGGT,0,3687388
tolCp1,0.5,1,1,TTTCGCTTGGGCACCGGAAT,0,3698197
tolCp1,0.5,1,1,TTTCGCAATCTGCTGGGCTG,0,3708979
tolCp1,0.5,1,1,TTTCGATTGGTATGACCAAT,0,3691547
tolCp1,0.5,1,1,TTTCCCCTGCCTTCACTTCA,0,3674916
tolCp1,0.5,1,1,TTTCATCTTCACGCCTGTCC,0,3667620
tolCp1,0.5,1,1,TTTCATAAATGCCCTCAATG,0,3695266
tolCp1,0.5,1,1,TTTCAGGGACTGTTTGTCTT,0,3671224
tolCp1,0.5,1,1,TTTATTTCTGCGCATCGATC,0,3671817
tolCp1,0.5,1,1,TTTATTCCGCTTAAAAGAGT,0,3701181
tolCp1,0.5,1,1,TTTATGTGCCCATGACGAAT,0,3707078
tolCp1,0.5,1,1,TTTATGCAGCCACAATTCAT,0,3707269
tolCp1,0.5,1,1,TTTATCACGGGCCGTACAAC,0,3668762
tolCp1,0.5,1,1,TTTATATTCTAACGGTCTTA,0,3697960
tolCp1,0.5,1,1,TTTATACTACCGTACTTAGA,0,3677912
tolCp1,0.5,1,1,TTTAGGCACCGCCAGACTTG,0,3691713
tolCp1,0.5,1,1,TTTAGCTGGCCTCCGCCGAT,0,3701587
tolCp1,0.5,1,1,TTTAGCAACAACTATGAAAT,0,3690899
tolCp1,0.5,1,1,TTTACGTCTAGACATTTCAT,0,3702609
tolCp1,0.5,1,1,TTTACGGTGCCGTCTTTTGG,0,3690132
tolCp1,0.5,1,1,TTTACGCCACTGTGAGCTGA,0,3673008
tolCp1,0.5,1,1,TTTACCTTCGGTCATCCCAG,0,3697034
tolCp1,0.5,1,1,TTTAATTACCAACGACAAAT,0,3706516
tolCp1,0.5,1,1,TTTAATGGGTGAATGCCAAG,0,3695871
tolCp1,0.5,1,1,TTTAATAAATTTTGGGTTTA,0,3665772
tolCp1,0.5,1,1,TTTAACTAATCTTTATGGAC,0,3694937
tolCp1,0.5,1,1,TTTAAAAACAGGTACTGTAG,0,3665201
tolCp1,0.5,1,1,TTGTTCGGGGGTGAAAACAA,0,3699915
tolCp1,0.5,1,1,TTGTGCTTGCACAACTGGAT,0,3708868
tolCp1,0.5,1,1,TTGTGCTCGCTCAGCGGAAT,0,3665042
tolCp1,0.5,1,1,TTGTGCATCCACTCGGAGAA,0,3683203
tolCp1,0.5,1,1,TTGTATACGCGGTCGGTGTA,0,3689970
tolCp1,0.5,1,1,TTGTAATTACTAAATTGCGG,0,3683943
tolCp1,0.5,1,1,TTGTAATACGCACGGAAAAA,0,3674292
tolCp1,0.5,1,1,TTGTAAGTTATAACGGGGTA,0,3692003
tolCp1,0.5,1,1,TTGTAAGTAAATCCATATAT,0,3700057
tolCp1,0.5,1,1,TTGGTTTTCCACATATCTGG,0,3697869
tolCp1,0.5,1,1,TTGGTTCGCGCTGATCTGGT,0,3674290
tolCp1,0.5,1,1,TTGGTGATGATTAGCGTCTT,0,3690793
tolCp1,0.5,1,1,TTGGTATCCCACCCGATCGT,0,3700568
tolCp1,0.5,1,1,TTGGGCAAATTCATTATAGT,0,3708095
tolCp1,0.5,1,1,TTGGGATGTTTCTCGACCTC,0,3674993
tolCp1,0.5,1,1,TTGGGATCATCGCTGCGTGT,0,3665445
tolCp1,0.5,1,1,TTGGGACCGTTGCATGCGAT,0,3705356
tolCp1,0.5,1,1,TTGGCCTCTCTAAAACGCGA,0,3694200
tolCp1,0.5,1,1,TTGGATTCCTGGATTTGTCA,0,3668819
tolCp1,0.5,1,1,TTGGATAGTGCGCATCTTGT,0,3710555
tolCp1,0.5,1,1,TTGGAGATAGGCCTTTGTCC,0,3675398
tolCp1,0.5,1,1,TTGCTTTAAAAGTAAGTGTA,0,3678481
tolCp1,0.5,1,1,TTGCTTAAACCCTGACTCTG,0,3704435
tolCp1,0.5,1,1,TTGCTCGTTGAGTTTAGGCA,0,3680810
tolCp1,0.5,1,1,TTGCTCCGGAATCTGTGCCA,0,3691919
tolCp1,0.5,1,1,TTGCGTTAGGCGACATGCGC,0,3679414
tolCp1,0.5,1,1,TTGCGGACTGTTTTGTATCG,0,3676794
tolCp1,0.5,1,1,TTGCGCTACACGGTTACATA,0,3702472
tolCp1,0.5,1,1,TTGCGAATGTGTTCAGGGTC,0,3706217
tolCp1,0.5,1,1,TTGCGAACTTATTGTCGCGC,0,3673490
tolCp1,0.5,1,1,TTGCCTTTGAATGGATTAGC,0,3661891
tolCp1,0.5,1,1,TTGCCTCTGCGAGGTTTGCT,0,3698156
tolCp1,0.5,1,1,TTGCATAAGGGACGAAGTGT,0,3707931
tolCp1,0.5,1,1,TTGCAGCAATGTCGCTGAAT,0,3699747
tolCp1,0.5,1,1,TTGCAATCGAGGTAACAAGA,0,3672723
tolCp1,0.5,1,1,TTGCAAGCCTTCCACCCGGT,0,3677916
tolCp1,0.5,1,1,TTGCAAATAACTGCTACGAA,0,3694721
tolCp1,0.5,1,1,TTGATTTGGGGCCATACGTC,0,3668799
tolCp1,0.5,1,1,TTGATTCTGCAGCTAGTGGC,0,3678879
tolCp1,0.5,1,1,TTGATGCTGGATTTGAAAGA,0,3663981
tolCp1,0.5,1,1,TTGATATTGGCTTTACAGTT,0,3675956
tolCp1,0.5,1,1,TTGAGTAGGTTTTGATACGT,0,3707041
tolCp1,0.5,1,1,TTGACCTGTGTCGCTACGGT,0,3669158
tolCp1,0.5,1,1,TTGACCGTTATAATATCCCA,0,3693341
tolCp1,0.5,1,1,TTGACAAAGGCCAAACGGAG,0,3672993
tolCp1,0.5,1,1,TTGAATAGGACCTCGAGGTA,0,3695366
tolCp1,0.5,1,1,TTGAAGACCCCTGCACGGCT,0,3705776
tolCp1,0.5,1,1,TTGAACACGGTATCGTCTTA,0,3703340
tolCp1,0.5,1,1,TTGAAACGGTCGGTTTTGCC,0,3695080
tolCp1,0.5,1,1,TTCTTTGGAAGCTAGAGTAA,0,3663988
tolCp1,0.5,1,1,TTCTTGAAGGATGATTCTCT,0,3688509
tolCp1,0.5,1,1,TTCTTCTTTCGGGGGTTGTG,0,3684336
tolCp1,0.5,1,1,TTCTTACCAAACTTCTAAAG,0,3712451
tolCp1,0.5,1,1,TTCTGCGAGAACTCCAGCCA,0,3671692
tolCp1,0.5,1,1,TTCTCGCGGTGGTTCGGGCT,0,3713576
tolCp1,0.5,1,1,TTCTCGCGCACTATTATCCA,0,3702168
tolCp1,0.5,1,1,TTCTCGCCAACACCTGTCAA,0,3682899
tolCp1,0.5,1,1,TTCTCCCACCCCTCAGGGTT,0,3677602
tolCp1,0.5,1,1,TTCTCACTCAATTCATAGGA,0,3672728
tolCp1,0.5,1,1,TTCGGTCAGTGTGGGTTTCA,0,3671212
tolCp1,0.5,1,1,TTCGGAGTTCAGTAGAGGCG,0,3711067
tolCp1,0.5,1,1,TTCGGAAGAAGCAACAAGCT,0,3709644
tolCp1,0.5,1,1,TTCGCATGTTGGTCAGGGTA,0,3676993
tolCp1,0.5,1,1,TTCGCATCGCAACCGACGTA,0,3686440
tolCp1,0.5,1,1,TTCGAGTTCGAATTCTAGTT,0,3665921
tolCp1,0.5,1,1,TTCGAGACCTTTTGTTTAGA,0,3665698
tolCp1,0.5,1,1,TTCGACTCTAGAGCGCAGGA,0,3695394
tolCp1,0.5,1,1,TTCCTCCCTGGCTTCCCGGT,0,3670761
tolCp1,0.5,1,1,TTCCGTGATAAACGCTCAGA,0,3689324
tolCp1,0.5,1,1,TTCCGGGTACTGTCAGGGGT,0,3680841
tolCp1,0.5,1,1,TTCCGGCGATTGCCGTTCGC,0,3666875
tolCp1,0.5,1,1,TTCCGGAATTCAGGGTCAAT,0,3686300
tolCp1,0.5,1,1,TTCCCTTCGCGGTCTGATGA,0,3692419
tolCp1,0.5,1,1,TTCCCTTCCTCAGGAGGTGG,0,3703181
tolCp1,0.5,1,1,TTCCCCTGCACTATGCTAGG,0,3710427
tolCp1,0.5,1,1,TTCCCCGACGGTGTTCCGGC,0,3671630
tolCp1,0.5,1,1,TTCCCAGGGGGTCTGTGTAG,0,3691918
tolCp1,0.5,1,1,TTCCATGTTCGACATTGCGT,0,3684870
tolCp1,0.5,1,1,TTCCAGATACGTGCACCGTT,0,3711739
tolCp1,0.5,1,1,TTCCAAACCAGGGGTAGAAT,0,3700623
tolCp1,0.5,1,1,TTCATGCCTTTGATCTCCGA,0,3704591
tolCp1,0.5,1,1,TTCAGGATTGTGTCTAACCT,0,3662919
tolCp1,0.5,1,1,TTCAGCTTGCATACAACATA,0,3665598
tolCp1,0.5,1,1,TTCACGTACAAAGTCCCTGA,0,3668390
tolCp1,0.5,1,1,TTCACCGGCCCTGACGGCTA,0,3703792
tolCp1,0.5,1,1,TTCAAGATTAAGCATAAAGG,0,3677982
tolCp1,0.5,1,1,TTCAACTACGCGCTGTGTGT,0,3699644
tolCp1,0.5,1,1,TTATTTTCGTCTGGCTCTCA,0,3696163
tolCp1,0.5,1,1,TTATGTTACACGGTACATGC,0,3662814
tolCp1,0.5,1,1,TTATGTCCGATACCATGGTT,0,3671998
tolCp1,0.5,1,1,TTATGCAAATGGCTCCCTGT,0,3689886
tolCp1,0.5,1,1,TTATCTGTACATATTCTCGA,0,3691327
tolCp1,0.5,1,1,TTATCATGGAGGTATGGCCA,0,3661987
tolCp1,0.5,1,1,TTATCAGCGGGCTATAGACA,0,3682345
tolCp1,0.5,1,1,TTATATAGAACGATAGACCT,0,3701894
tolCp1,0.5,1,1,TTAGGTTTCGGACTGCCAAT,0,3693763
tolCp1,0.5,1,1,TTAGCTCGGATTAGGACGCA,0,3665418
tolCp1,0.5,1,1,TTAGAACGGAGGAAAAACTC,0,3693684
tolCp1,0.5,1,1,TTACTCTAGGGATGGGGACC,0,3692052
tolCp1,0.5,1,1,TTACTCAGCCAGGCAAGTCC,0,3671625
tolCp1,0.5,1,1,TTACTAGCCCACGAAGGCAT,0,3704207
tolCp1,0.5,1,1,TTACGCTCGAGGGTGAATTA,0,3700766
tolCp1,0.5,1,1,TTACGCTCCAGGGATATGTC,0,3690949
tolCp1,0.5,1,1,TTACCTAACCAGTGTGCGCA,0,3715021
tolCp1,0.5,1,1,TTACCGCGATTTCATGTTGT,0,3692056
tolCp1,0.5,1,1,TTACCAGAAATATCTGGTCC,0,3697280
tolCp1,0.5,1,1,TTACACGGCCATTGCATGGT,0,3662549
tolCp1,0.5,1,1,TTACAACTTACTTCAGAAAC,0,3689913
tolCp1,0.5,1,1,TTAATACCGCCTACATTCGT,0,3678936
tolCp1,0.5,1,1,TTAAGTGTGACGCCCGGGGT,0,3692163
tolCp1,0.5,1,1,TTAAGTCAGTTGCCGTAAGT,0,3666337
tolCp1,0.5,1,1,TTAAGTCAACTAATCTAGAG,0,3684864
tolCp1,0.5,1,1,TTAAGACGGGCAGAAGCTGG,0,3678228
tolCp1,0.5,1,1,TTAAGACACGCGCTTCGAAT,0,3681155
tolCp1,0.5,1,1,TTAACCTGCTTTGCCATCAG,0,3708962
tolCp1,0.5,1,1,TTAAATCACTCATAACTCGT,0,3685550
tolCp1,0.5,1,1,TTAAATATACTAGACGTAGG,0,3664536
tolCp1,0.5,1,1,TTAAAGTAACTCGTAAGCGG,0,3690810
tolCp1,0.5,1,1,TTAAAGAACCTCGAGCGGGA,0,3696833
tolCp1,0.5,1,1,TTAAACGGGTTATGCGGCCC,0,3706876
tolCp1,0.5,1,1,TTAAAACCGGAGGCAGAACG,0,3662467
tolCp1,0.5,1,1,TGTTTACAATAGGGCAGCTC,0,3673012
tolCp1,0.5,1,1,TGTTTAACTGCGAAAACCAA,0,3675896
tolCp1,0.5,1,1,TGTTGTGCCTAAAGCGACGT,0,3690169
tolCp1,0.5,1,1,TGTTGTGAACCTATGCGCGT,0,3667542
tolCp1,0.5,1,1,TGTTGGTGCTACTTGGAGTC,0,3666856
tolCp1,0.5,1,1,TGTTGGCGTCCGGATTCCCT,0,3676078
tolCp1,0.5,1,1,TGTTGCTTGCCTACTTATGC,0,3694366
tolCp1,0.5,1,1,TGTTGACGTTTCCCATAGGA,0,3673123
tolCp1,0.5,1,1,TGTTGACAGGGCTGCCTGGG,0,3668098
tolCp1,0.5,1,1,TGTTCTTCAACGTTTGTTAC,0,3704463
tolCp1,0.5,1,1,TGTTCGGCTATGCGGCGGCC,0,3709531
tolCp1,0.5,1,1,TGTTAAGCATTTGCGAAAAA,0,3709072
tolCp1,0.5,1,1,TGTTAAAGACCATGGCACTA,0,3685163
tolCp1,0.5,1,1,TGTGTTATGCATGGGCTGAC,0,3699299
tolCp1,0.5,1,1,TGTGTTATCCCCGTCATAGA,0,3698080
tolCp1,0.5,1,1,TGTGTGTTCATGAGGCGCCA,0,3670905
tolCp1,0.5,1,1,TGTGTGTATCCTTTTAGTCG,0,3663056
tolCp1,0.5,1,1,TGTGTAAACTCGTGCTCGTC,0,3702260
tolCp1,0.5,1,1,TGTGGTATTCTTGTCGTATA,0,3672717
tolCp1,0.5,1,1,TGTGGGCAAGTGCGGCCAGG,0,3707725
tolCp1,0.5,1,1,TGTGGCTCAGGGACTTCTTA,0,3696832
tolCp1,0.5,1,1,TGTGGACGCGCTTGTCACAT,0,3684525
tolCp1,0.5,1,1,TGTGCTTGTCGGGAGGGGTA,0,3683204
tolCp1,0.5,1,1,TGTGCGGCAAGCCAAACATA,0,3693828
tolCp1,0.5,1,1,TGTGCCTGAATGCTGAACGC,0,3696249
tolCp1,0.5,1,1,TGTGCCATCCTGCAGATAAA,0,3676940
tolCp1,0.5,1,1,TGTGCCAATATTTATGCACG,0,3663670
tolCp1,0.5,1,1,TGTGCCAAACCGGATAGTCC,0,3676895
tolCp1,0.5,1,1,TGTGCAGTGGACCTGGCGAA,0,3684408
tolCp1,0.5,1,1,TGTGAGCGGTCGCATAGAAT,0,3673506
tolCp1,0.5,1,1,TGTGAGCAGTGCGGGAATAG,0,3693659
tolCp1,0.5,1,1,TGTCTTGGAGGCATCCAGCA,0,3664181
tolCp1,0.5,1,1,TGTCTTGGAATGGAGCCATA,0,3701647
tolCp1,0.5,1,1,TGTCTAGCCGTGGTTTCCCT,0,3708882
tolCp1,0.5,1,1,TGTCGCATCCGTACATAGTG,0,3684384
tolCp1,0.5,1,1,TGTCCATCAGTTGGGTCGGC,0,3702261
tolCp1,0.5,1,1,TGTCCACCATGCTGCCCAGC,0,3694396
tolCp1,0.5,1,1,TGTCCAAATAAACGTATTCA,0,3709799
tolCp1,0.5,1,1,TGTATCGTTTAACAGAACAC,0,3679427
tolCp1,0.5,1,1,TGTATAATAAACTGAGATTT,0,3713827
tolCp1,0.5,1,1,TGTAGGATGGAGATCTTCCT,0,3687190
tolCp1,0.5,1,1,TGTAGATAGTCGTATTCGTT,0,3669825
tolCp1,0.5,1,1,TGTAGAGTAGGGTCGGTGGC,0,3662102
tolCp1,0.5,1,1,TGTAGAAGAATTCGCGTGTT,0,3711276
tolCp1,0.5,1,1,TGTACTCCACATTCCACAGT,0,3670685
tolCp1,0.5,1,1,TGTACCAGCGGGCTCAGGCC,0,3713970
tolCp1,0.5,1,1,TGTACATCAAGCCCGTACTC,0,3714619
tolCp1,0.5,1,1,TGTACAGAGAAGTGTTCTAC,0,3704915
tolCp1,0.5,1,1,TGTAATTCTCCCTCTTCTGG,0,3712872
tolCp1,0.5,1,1,TGTAACCATGCAGCCACTCA,0,3715513
tolCp1,0.5,1,1,TGTAAACAGGAGACATGCGA,0,3672662
tolCp1,0.5,1,1,TGGTTTTGCCTCCAAAGCGC,0,3667928
tolCp1,0.5,1,1,TGGTTTGCTCCCCGAGTGGC,0,3709043
tolCp1,0.5,1,1,TGGTTTCCGCAAGAAGCCAG,0,3689422
tolCp1,0.5,1,1,TGGTTGCCGGGACCCTGAAT,0,3668011
tolCp1,0.5,1,1,TGGTTAGGTTACGGCAGTAA,0,3703134
tolCp1,0.5,1,1,TGGTGGCGATCGTATGGATT,0,3685775
tolCp1,0.5,1,1,TGGTGACGTATGGTGCGCGA,0,3676884
tolCp1,0.5,1,1,TGGTCGGACAGAGGGTGTGC,0,3673752
tolCp1,0.5,1,1,TGGTCATGATTTTGGGGGAG,0,3708464
tolCp1,0.5,1,1,TGGTATTGTCCCAACCGCGG,0,3672773
tolCp1,0.5,1,1,TGGGTTGTTCCTAACCGTAA,0,3691312
tolCp1,0.5,1,1,TGGGTTGTATTAGTATAATA,0,3675903
tolCp1,0.5,1,1,TGGGTGCCCCTAACTATTCA,0,3673117
tolCp1,0.5,1,1,TGGGTATCACAAGTCTCCTT,0,3689254
tolCp1,0.5,1,1,TGGGTACAGTATAACCCGGC,0,3705557
tolCp1,0.5,1,1,TGGGGCATTTCGGCTAATAG,0,3690896
tolCp1,0.5,1,1,TGGGGCAATACACTCTTAGC,0,3705869
tolCp1,0.5,1,1,TGGGGATTACCCAGGCGTTA,0,3706667
tolCp1,0.5,1,1,TGGGGATAGTAGGAGTGCGC,0,3688278
tolCp1,0.5,1,1,TGGGGAGCTCGTTAACGCTC,0,3714255
tolCp1,0.5,1,1,TGGGCGTTGGGGCAAGAACA,0,3690998
tolCp1,0.5,1,1,TGGGCGTCTAACAAGTCCAC,0,3673068
tolCp1,0.5,1,1,TGGGCGACGTACAGAGCCTC,0,3666656
tolCp1,0.5,1,1,TGGGCCGCCAGAATATATCC,0,3686745
tolCp1,0.5,1,1,TGGGCCATCACTGTGGAGAA,0,3670730
tolCp1,0.5,1,1,TGGGCAGATCCGGTGAAAGT,0,3664449
tolCp1,0.5,1,1,TGGGCAAATGGCGACGCCCC,0,3681837
tolCp1,0.5,1,1,TGGGAGTGGTGCTTAGGCTG,0,3672672
tolCp1,0.5,1,1,TGGGAGAATCCATCTCTGCT,0,3679165
tolCp1,0.5,1,1,TGGGACTACCTATTTCTAGA,0,3705670
tolCp1,0.5,1,1,TGGGACCCACGGAATCATGC,0,3680317
tolCp1,0.5,1,1,TGGGAAACCTCTCCAATTGC,0,3665706
tolCp1,0.5,1,1,TGGCTTGGTCTAACGGGGAT,0,3685981
tolCp1,0.5,1,1,TGGCTCAGTTCGTCAAGATA,0,3687052
tolCp1,0.5,1,1,TGGCTAGAGGAAAAGGCATA,0,3689880
tolCp1,0.5,1,1,TGGCGCAGATTTACAGGTAA,0,3708586
tolCp1,0.5,1,1,TGGCCGTGTTGACGCTCATA,0,3668027
tolCp1,0.5,1,1,TGGCCGACACGACAGAAAGC,0,3690980
tolCp1,0.5,1,1,TGGCCCCAGTATAAATGTGT,0,3673928
tolCp1,0.5,1,1,TGGCCATTTCTTAGATTAAC,0,3681407
tolCp1,0.5,1,1,TGGCATTATGTTACTAGGGT,0,3663607
tolCp1,0.5,1,1,TGGCATGCAGGACGATCACA,0,3707574
tolCp1,0.5,1,1,TGGCATCGATCTGGTGGTGG,0,3672835
tolCp1,0.5,1,1,TGGCACCTGAAATGGACGTT,0,3705640
tolCp1,0.5,1,1,TGGATTTGTGCTGGCCTGTT,0,3691313
tolCp1,0.5,1,1,TGGATGTTCAGATGTGACGA,0,3713506
tolCp1,0.5,1,1,TGGATGAGTGTGCCTTTTCT,0,3678121
tolCp1,0.5,1,1,TGGATAGAAAATCATGCACC,0,3689185
tolCp1,0.5,1,1,TGGAGGCCAACACGAGTGTC,0,3714423
tolCp1,0.5,1,1,TGGAGCAGGTCAGTGTACTA,0,3712370
tolCp1,0.5,1,1,TGGACGTGCGACAATATTTC,0,3671111
tolCp1,0.5,1,1,TGGACGATAAGCAGATTCCT,0,3698572
tolCp1,0.5,1,1,TGGACATGTCCTGCCCATTG,0,3683571
tolCp1,0.5,1,1,TGGAAGGCATATAGAACAAA,0,3705421
tolCp1,0.5,1,1,TGGAAAAAAAAAAAAATTAC,0,3682211
tolCp1,0.5,1,1,TGGAAAAAAAAAAAAAATTA,0,3682183
tolCp1,0.5,1,1,TGCTTTTTCAGGGTGCACTC,0,3701214
tolCp1,0.5,1,1,TGCTTGGGCTACTTATTGCG,0,3684382
tolCp1,0.5,1,1,TGCTTGACGCATATTCTAGT,0,3704397
tolCp1,0.5,1,1,TGCTTCAGTAAGGTGTTTAT,0,3686585
tolCp1,0.5,1,1,TGCTTAAGCCCCAAAACTCA,0,3689724
tolCp1,0.5,1,1,TGCTTAAGAATGAATGCGTG,0,3701313
tolCp1,0.5,1,1,TGCTGCTCGAGCCTTTTTAT,0,3664779
tolCp1,0.5,1,1,TGCTCTGGGCGGAGAGAGGT,0,3668182
tolCp1,0.5,1,1,TGCTCGCGATGGCCAAGACA,0,3688321
tolCp1,0.5,1,1,TGCTCGCACTTTTCAGAGTG,0,3689340
tolCp1,0.5,1,1,TGCTCCTGATAATATGAGGG,0,3690390
tolCp1,0.5,1,1,TGCTCCGGCGCCGCATCATC,0,3675597
tolCp1,0.5,1,1,TGCTCAGGAATCGAACCAAA,0,3704008
tolCp1,0.5,1,1,TGCTAGATGAGTGACCCTTA,0,3669669
tolCp1,0.5,1,1,TGCTAGATATGATCTGGTTA,0,3672676
tolCp1,0.5,1,1,TGCTAGAATCTCATGAAATC,0,3664690
tolCp1,0.5,1,1,TGCGTCCTAACTGGACTTCA,0,3676453
tolCp1,0.5,1,1,TGCGGGCCGTTCCGGTGACT,0,3684673
tolCp1,0.5,1,1,TGCGGGAAGGTTTTCACGGC,0,3710584
tolCp1,0.5,1,1,TGCGGCGCTCCACAGCTTCA,0,3668392
tolCp1,0.5,1,1,TGCGGATACTAATGAGGTGT,0,3666809
tolCp1,0.5,1,1,TGCGCTGTGCTCTTGATGCA,0,3685427
tolCp1,0.5,1,1,TGCGCGGAGAGCTGGGATCT,0,3684356
tolCp1,0.5,1,1,TGCGCCGTCATCAGGGACAT,0,3669300
tolCp1,0.5,1,1,TGCGCACAAAATTAGCGCTC,0,3702356
tolCp1,0.5,1,1,TGCGCAAGGAGTATTAGGCT,0,3669715
tolCp1,0.5,1,1,TGCGAGCCATGAGCATCCAC,0,3715311
tolCp1,0.5,1,1,TGCCTTCCCTGCCCCCCATT,0,3672805
tolCp1,0.5,1,1,TGCCTGTAACAATTGCGGAG,0,3665299
tolCp1,0.5,1,1,TGCCTCTGAGCCATTATATG,0,3689192
tolCp1,0.5,1,1,TGCCTAGGGGTTCCGCAGGT,0,3691392
tolCp1,0.5,1,1,TGCCTAACGCTGTTCATGAA,0,3679456
tolCp1,0.5,1,1,TGCCGCCAACATTTGTCTGA,0,3684469
tolCp1,0.5,1,1,TGCCGAATGTACAATGCGGT,0,3669269
tolCp1,0.5,1,1,TGCCCGCATCAATGCTCTTG,0,3703114
tolCp1,0.5,1,1,TGCCATTAGTAATGAGGAAT,0,3682091
tolCp1,0.5,1,1,TGCCACATAGGGTCTAGGAA,0,3674883
tolCp1,0.5,1,1,TGCATTAATAAAAAAATGGT,0,3672579
tolCp1,0.5,1,1,TGCAGTGTCGCATGCGTTCT,0,3684029
tolCp1,0.5,1,1,TGCAGGGGCCGGCGATAGTA,0,3668133
tolCp1,0.5,1,1,TGCACGTGTAAGGGTACAGG,0,3690920
tolCp1,0.5,1,1,TGCACGAGTAACCCATCCCC,0,3689164
tolCp1,0.5,1,1,TGCACAACAGTATCTCAGAT,0,3684369
tolCp1,0.5,1,1,TGCAATATGTCCCTGATGGT,0,3708302
tolCp1,0.5,1,1,TGCAAGAAGGGACCGGTTCC,0,3691241
tolCp1,0.5,1,1,TGATTCTTTGTAGCTCTGCT,0,3664302
tolCp1,0.5,1,1,TGATCTCCTTTGATACATAT,0,3662378
tolCp1,0.5,1,1,TGATCCGCTGACGATCTATC,0,3665831
tolCp1,0.5,1,1,TGATCAAACTGCGTTCAGAT,0,3697181
tolCp1,0.5,1,1,TGATAGTTCCCGGTATGAGG,0,3707373
tolCp1,0.5,1,1,TGATAGGCGGAGGGAGAGAT,0,3679987
tolCp1,0.5,1,1,TGATAACCACCTACAGGGGT,0,3675233
tolCp1,0.5,1,1,TGAGTCCCAATGGGACCGGC,0,3685143
tolCp1,0.5,1,1,TGAGGCTATTCATGAATGCC,0,3704687
tolCp1,0.5,1,1,TGAGGCGGGGTACGCCTTGT,0,3711694
tolCp1,0.5,1,1,TGAGGCCGCAACACATGTGT,0,3675885
tolCp1,0.5,1,1,TGAGGCAAAGGGGTGCTTAG,0,3664408
tolCp1,0.5,1,1,TGAGGATTCCAATTGTGTCT,0,3707065
tolCp1,0.5,1,1,TGAGCTCATGTGTAACCAGC,0,3696834
tolCp1,0.5,1,1,TGAGCGCAAAAGGGACTGGT,0,3694921
tolCp1,0.5,1,1,TGAGACACACTTCCGCTAAT,0,3714858
tolCp1,0.5,1,1,TGACTTGTCCGGATAAGTCT,0,3696552
tolCp1,0.5,1,1,TGACTGGCATTCTAAAATAA,0,3695433
tolCp1,0.5,1,1,TGACGTTCTGGCTACAACAC,0,3699494
tolCp1,0.5,1,1,TGACCGTTCCAGTGATATTG,0,3692000
tolCp1,0.5,1,1,TGACCCCAACCGTGTTGGAG,0,3689649
tolCp1,0.5,1,1,TGACCAGCTCCGGGTTAACT,0,3667154
tolCp1,0.5,1,1,TGAATTCGGGCACATGTTGC,0,3711459
tolCp1,0.5,1,1,TGAATGTACGAAGTTCAACA,0,3672661
tolCp1,0.5,1,1,TGAAGTTGTCCATAAGAGCA,0,3677271
tolCp1,0.5,1,1,TGAAGGCAAGGAACACGGAT,0,3685738
tolCp1,0.5,1,1,TGAACGTATTACCTTGGTGG,0,3708120
tolCp1,0.5,1,1,TGAACGCGAGGTCGAGCGCA,0,3694567
tolCp1,0.5,1,1,TGAACCGCTTACGTAAGGAA,0,3664674
tolCp1,0.5,1,1,TGAAATGCCAACCCGCCATG,0,3685184
tolCp1,0.5,1,1,TGAAAGGACCGGTCTCTAGA,0,3694229
tolCp1,0.5,1,1,TCTTTTATGCACTTGAAATA,0,3689612
tolCp1,0.5,1,1,TCTTTGTTATGGGTGTTGTC,0,3710258
tolCp1,0.5,1,1,TCTTTCGAGCGCCGGCCCGG,0,3661912
tolCp1,0.5,1,1,TCTTGTATAAGCGCTCCCCA,0,3661970
tolCp1,0.5,1,1,TCTTGGCTGCCAAGCCGAAC,0,3673405
tolCp1,0.5,1,1,TCTTCTAGTCTCCATTACAT,0,3695380
tolCp1,0.5,1,1,TCTTATAGGCGAATTCCCGT,0,3712918
tolCp1,0.5,1,1,TCTTAATCGCTACGCGTGGA,0,3705271
tolCp1,0.5,1,1,TCTTAACTGCGTCCTGCACG,0,3714406
tolCp1,0.5,1,1,TCTTAACACTGGTCTTGTCT,0,3712590
tolCp1,0.5,1,1,TCTGTTTTATAAGATGAAAT,0,3696984
tolCp1,0.5,1,1,TCTGTGTCACGTGCCCACGT,0,3677369
tolCp1,0.5,1,1,TCTGTGATACCCTTCAGCAC,0,3700840
tolCp1,0.5,1,1,TCTGGTAGATCGGTTTCATC,0,3693321
tolCp1,0.5,1,1,TCTGGCCGAGTATCTGCTCA,0,3677032
tolCp1,0.5,1,1,TCTGCTCCCAACTGTAGGGT,0,3713684
tolCp1,0.5,1,1,TCTGCTCAGGTAATCGCCGC,0,3676604
tolCp1,0.5,1,1,TCTGACTAAATACAGAACCC,0,3696788
tolCp1,0.5,1,1,TCTGAACACAATGTTACCCA,0,3685536
tolCp1,0.5,1,1,TCTGAAAAACAAGGTTGTCC,0,3682418
tolCp1,0.5,1,1,TCTCTTCGCAGAATACTTTA,0,3693904
tolCp1,0.5,1,1,TCTCTCCATAAGGTTTACCT,0,3683467
tolCp1,0.5,1,1,TCTCTCCACTGCACGAATTC,0,3677909
tolCp1,0.5,1,1,TCTCGTTTAAAAGCGCCCAT,0,3672933
tolCp1,0.5,1,1,TCTCGACACTCCGGATACCA,0,3678873
tolCp1,0.5,1,1,TCTCAACCTAAGACAGTTTG,0,3705768
tolCp1,0.5,1,1,TCTATGGTAATCGGGATGAC,0,3680117
tolCp1,0.5,1,1,TCTATGGGTTCTGAGCGGAG,0,3674218
tolCp1,0.5,1,1,TCTATGACCCCGGTTCGTAG,0,3682954
tolCp1,0.5,1,1,TCTAGTCCTGTCGTAGCACA,0,3668454
tolCp1,0.5,1,1,TCTACGCTGTTAGTAACTAT,0,3669145
tolCp1,0.5,1,1,TCTACGCGTGCAGGCATTGC,0,3699545
tolCp1,0.5,1,1,TCTACCTACGATTTTAGACG,0,3702479
tolCp1,0.5,1,1,TCTACAGTCCTGGAAAGACA,0,3700465
tolCp1,0.5,1,1,TCTAAGGTTTAAGGTGTCGT,0,3710030
tolCp1,0.5,1,1,TCGTTTTGTTCCTTTAACAT,0,3662074
tolCp1,0.5,1,1,TCGTTTAGAGAACACGGACG,0,3661511
tolCp1,0.5,1,1,TCGTTAAGTCCGACCTTGTC,0,3707403
tolCp1,0.5,1,1,TCGTGGTTAATCCGGCAAGT,0,3714058
tolCp1,0.5,1,1,TCGTGGACGAGACTAGAGCT,0,3712286
tolCp1,0.5,1,1,TCGTGCTGGCCAAGAGAGGT,0,3664737
tolCp1,0.5,1,1,TCGTCGCGGAAATTGCGAAT,0,3686024
tolCp1,0.5,1,1,TCGTCCGGTTTCTGCCTTCC,0,3686638
tolCp1,0.5,1,1,TCGTATTTACGGATTGCTAT,0,3714903
tolCp1,0.5,1,1,TCGTATCATCGGTTAAAGGC,0,3676266
tolCp1,0.5,1,1,TCGTAAGGTCAAACCTGCAG,0,3676634
tolCp1,0.5,1,1,TCGTAAGGAATGGTGACCAG,0,3677687
tolCp1,0.5,1,1,TCGTAAAGATCACCGATTCT,0,3665728
tolCp1,0.5,1,1,TCGGTTCCCGACCAGTAACT,0,3700536
tolCp1,0.5,1,1,TCGGTTCAGTTTCTATGGAA,0,3711408
tolCp1,0.5,1,1,TCGGTGGCTAGACTTGACCT,0,3668823
tolCp1,0.5,1,1,TCGGTGCCGCGAGTGGCGAT,0,3694522
tolCp1,0.5,1,1,TCGGTACTATCTTGAGGACT,0,3699000
tolCp1,0.5,1,1,TCGGGGTAAGTGGGTAAAGT,0,3672201
tolCp1,0.5,1,1,TCGGGGACAATATCGCGACT,0,3677667
tolCp1,0.5,1,1,TCGGGCGTTACCGTGACACC,0,3670951
tolCp1,0.5,1,1,TCGGCCAAAGCTCGGTAGAC,0,3668306
tolCp1,0.5,1,1,TCGGCAGGGGCGGGCGCCTA,0,3709720
tolCp1,0.5,1,1,TCGCTCCTCGACCCACATGC,0,3670126
tolCp1,0.5,1,1,TCGCTACAATTCCTGGACTA,0,3696541
tolCp1,0.5,1,1,TCGCTAAAACCGCTGTATCT,0,3676260
tolCp1,0.5,1,1,TCGCGGTTCGATTAGAGGGA,0,3707836
tolCp1,0.5,1,1,TCGCGCGTTGCGCCGCACGT,0,3663985
tolCp1,0.5,1,1,TCGCCATATTTACTGGGCGG,0,3715079
tolCp1,0.5,1,1,TCGCATCCCAACATATATCG,0,3675227
tolCp1,0.5,1,1,TCGCAGCGTGTGGAAAAGGT,0,3664636
tolCp1,0.5,1,1,TCGAGTCTCTGGTTCCTTGA,0,3666853
tolCp1,0.5,1,1,TCGAGAAGACCGCACTACTA,0,3673525
tolCp1,0.5,1,1,TCGACTACACCTCAGAGCGC,0,3662908
tolCp1,0.5,1,1,TCGAAATCGCAGCAGTGATT,0,3667102
tolCp1,0.5,1,1,TCGAAAACGAGCCGCATATA,0,3714748
tolCp1,0.5,1,1,TCCTTTATTGATTTCTATTA,0,3669654
tolCp1,0.5,1,1,TCCTTGTGCCTAGGTTCTAG,0,3690505
tolCp1,0.5,1,1,TCCTTCCTCAGGACCGCGGC,0,3698282
tolCp1,0.5,1,1,TCCTGCTTTCGCCGAGTATT,0,3663948
tolCp1,0.5,1,1,TCCTCGAAACCCGACCGGCG,0,3709355
tolCp1,0.5,1,1,TCCTAATTCCGTTAGTGTCC,0,3665195
tolCp1,0.5,1,1,TCCGTGGGGTACCTATATGG,0,3666227
tolCp1,0.5,1,1,TCCGTGAAGTGCCCGTCCAT,0,3702836
tolCp1,0.5,1,1,TCCGGCGCGGTCCTAGCCAC,0,3694570
tolCp1,0.5,1,1,TCCGGCCCCGAAGATACCTA,0,3710205
tolCp1,0.5,1,1,TCCGCTAGGCACACGGGTCT,0,3671464
tolCp1,0.5,1,1,TCCGCCGTTATAGAGCCTCC,0,3703990
tolCp1,0.5,1,1,TCCGCCAGATGTATCACTAC,0,3678430
tolCp1,0.5,1,1,TCCGATCAGGGTTACGCTTC,0,3685744
tolCp1,0.5,1,1,TCCGAGGGACACCATGATTA,0,3683213
tolCp1,0.5,1,1,TCCCTAGAAAGTTCAAATGT,0,3685515
tolCp1,0.5,1,1,TCCCTAACTCCGGAGGCTCT,0,3681372
tolCp1,0.5,1,1,TCCCGTCCACAGTTCCCCTA,0,3712016
tolCp1,0.5,1,1,TCCCGGCGTCAAGATTATTA,0,3678334
tolCp1,0.5,1,1,TCCCATTGAATTGGCAGGAG,0,3664236
tolCp1,0.5,1,1,TCCATTAACATTGGCGAAGG,0,3676242
tolCp1,0.5,1,1,TCCATCGGCCCCTTTAAGCT,0,3685447
tolCp1,0.5,1,1,TCCATACACTTTCCGTCGTA,0,3671924
tolCp1,0.5,1,1,TCCAGTCCCAAATGCCACTC,0,3680630
tolCp1,0.5,1,1,TCCAGGATTAAGCCATAGTA,0,3662653
tolCp1,0.5,1,1,TCCACGTCTAAGAGCAGCAG,0,3712308
tolCp1,0.5,1,1,TCCACGGTCAGACCCATGTA,0,3704039
tolCp1,0.5,1,1,TCCACAATCATTCGCAGAAC,0,3687814
tolCp1,0.5,1,1,TCCAAGTTCAAGCCAGCCAA,0,3678059
tolCp1,0.5,1,1,TCCAACCCGTGTCTGGTGAG,0,3686152
tolCp1,0.5,1,1,TCATTGTCAATCGACTAGAG,0,3715099
tolCp1,0.5,1,1,TCATGTGTTCTCCTGGGAAA,0,3666801
tolCp1,0.5,1,1,TCATGTCGATCCGGTCAGTG,0,3682698
tolCp1,0.5,1,1,TCATGGACCAAATTGTTCGC,0,3685106
tolCp1,0.5,1,1,TCATCGGGCATACTGCCCCT,0,3664063
tolCp1,0.5,1,1,TCATCGAGCGTAATTGAGCT,0,3692454
tolCp1,0.5,1,1,TCATCACATCGACCGTACAG,0,3712229
tolCp1,0.5,1,1,TCATAAATATCCGCCATACA,0,3674380
tolCp1,0.5,1,1,TCAGTATTGTTTCTCTTTTT,0,3665424
tolCp1,0.5,1,1,TCAGTAAGTCGAACCCACGC,0,3683931
tolCp1,0.5,1,1,TCAGTAAGCAAAACGGTGGA,0,3701366
tolCp1,0.5,1,1,TCAGGTATCATGCTGCGAAA,0,3691106
tolCp1,0.5,1,1,TCAGGGTACTTTATCGTTAC,0,3667090
tolCp1,0.5,1,1,TCAGGCCTGACTAGAGAGCT,0,3683093
tolCp1,0.5,1,1,TCAGCTGCGCTGTAAGGCCT,0,3707309
tolCp1,0.5,1,1,TCAGCTCCAGCAGGTTGGAG,0,3709757
tolCp1,0.5,1,1,TCAGCGTTACGGCTGCGGTG,0,3707576
tolCp1,0.5,1,1,TCAGCCCGCGGGTGACGTAT,0,3673298
tolCp1,0.5,1,1,TCAGCATCCGGGTGTAACTA,0,3673615
tolCp1,0.5,1,1,TCAGCACGTCCGTGGGCATC,0,3704431
tolCp1,0.5,1,1,TCAGAAATTCTTTGACGCCG,0,3666832
tolCp1,0.5,1,1,TCACTTTGGTAGTTATAATG,0,3669620
tolCp1,0.5,1,1,TCACTTACTCCTGCGAAGCA,0,3693675
tolCp1,0.5,1,1,TCACTCCGGAGTCACTGTAG,0,3675056
tolCp1,0.5,1,1,TCACTATATCGTTACTATGC,0,3708555
tolCp1,0.5,1,1,TCACGCGCGTAACTCGTACC,0,3713503
tolCp1,0.5,1,1,TCACGCACGTTCGGAGGAAG,0,3712544
tolCp1,0.5,1,1,TCACCCATTTGTTGCCAAAT,0,3684252
tolCp1,0.5,1,1,TCACAGTTATGTCATACTGA,0,3708108
tolCp1,0.5,1,1,TCACACTGGTCGGTGTTTGA,0,3693836
tolCp1,0.5,1,1,TCACACCCACTTCTGATCTG,0,3661811
tolCp1,0.5,1,1,TCAATTGTGTCCTCTGAAAA,0,3692750
tolCp1,0.5,1,1,TCAATCAGCATGCCGGTGCT,0,3697872
tolCp1,0.5,1,1,TCAATAGGTTCTCCTCATCA,0,3688210
tolCp1,0.5,1,1,TCAAGGGACGTACCGCAAGA,0,3664129
tolCp1,0.5,1,1,TCAAGGAGCTCGGTGTACTT,0,3708310
tolCp1,0.5,1,1,TCAAGCGGCCTTAAAACAAC,0,3699134
tolCp1,0.5,1,1,TCAAGCAGGCGGGACGGTCG,0,3707121
tolCp1,0.5,1,1,TCAACCTGAGTTGAAGTGGC,0,3705645
tolCp1,0.5,1,1,TCAAACTTTACGTGAGGCTA,0,3682512
tolCp1,0.5,1,1,TCAAAAACTGGAAACTCCTG,0,3673000
tolCp1,0.5,1,1,TATTTTCTAGCGCATCTGTA,0,3690179
tolCp1,0.5,1,1,TATTTGTCTTTGCTTTGGAG,0,3714123
tolCp1,0.5,1,1,TATTTCCGGGGGGACTCTCC,0,3672175
tolCp1,0.5,1,1,TATTTCATCTACCTCCACAT,0,3663647
tolCp1,0.5,1,1,TATTTCAAAGCGCCTGCTTG,0,3691969
tolCp1,0.5,1,1,TATTGGTGTACCTATAGGAT,0,3679447
tolCp1,0.5,1,1,TATTCGCCACACGGATGCTG,0,3695333
tolCp1,0.5,1,1,TATTCCGGACCGTTAGTGTT,0,3715524
tolCp1,0.5,1,1,TATTATGACGTATGTCGAAA,0,3672764
tolCp1,0.5,1,1,TATTATATCAAAACTAATGA,0,3678588
tolCp1,0.5,1,1,TATTACGTTAGGGGGGAGGA,0,3693049
tolCp1,0.5,1,1,TATGTATAGCGACACTGTGG,0,3687087
tolCp1,0.5,1,1,TATGGGGCGTATCTGCCAGC,0,3691168
tolCp1,0.5,1,1,TATGGGGCGGTGATACATGC,0,3695305
tolCp1,0.5,1,1,TATGCTATTTATTACACTTT,0,3674588
tolCp1,0.5,1,1,TATGCCTTTGCTGAGCTTAT,0,3674827
tolCp1,0.5,1,1,TATGCACTATCGGAGTAGAG,0,3674324
tolCp1,0.5,1,1,TATCGGTCCGCACTGGATCA,0,3698102
tolCp1,0.5,1,1,TATCGATCGTATCTGTCGAA,0,3714878
tolCp1,0.5,1,1,TATCCGGTGTGGTCAAGTGC,0,3696997
tolCp1,0.5,1,1,TATCCGAGTTATATTCTATC,0,3681599
tolCp1,0.5,1,1,TATCCCGACAGGATCCCCTT,0,3670372
tolCp1,0.5,1,1,TATCATACACTCCGCTAGCT,0,3676588
tolCp1,0.5,1,1,TATCACATCTGACGACGAAA,0,3704586
tolCp1,0.5,1,1,TATATGCTTGCAGCTCGTGC,0,3669278
tolCp1,0.5,1,1,TATATCCAATCAATCCTAAT,0,3666219
tolCp1,0.5,1,1,TATATAGTATTGACAGTGGT,0,3713188
tolCp1,0.5,1,1,TATAGTGTATGTAGTTCACA,0,3681649
tolCp1,0.5,1,1,TATAGGGGTAAGGGTTGTTA,0,3686029
tolCp1,0.5,1,1,TATACTTGTTGAGACCCTGG,0,3693759
tolCp1,0.5,1,1,TATACACATTTAATTTCGAG,0,3673279
tolCp1,0.5,1,1,TATAAGGGCGTCGGTCGGAA,0,3696794
tolCp1,0.5,1,1,TATAAGCACTCGAACGTCGC,0,3710074
tolCp1,0.5,1,1,TAGTGCTGCTCTTGGACATA,0,3661576
tolCp1,0.5,1,1,TAGTCGGAGACTTTGCGTGG,0,3668507
tolCp1,0.5,1,1,TAGGTCGGGGGTAACGGGAA,0,3682414
tolCp1,0.5,1,1,TAGGGGTGAGCGTTGAGCTG,0,3692029
tolCp1,0.5,1,1,TAGGCCCCACATTGGGCCTT,0,3695710
tolCp1,0.5,1,1,TAGGAGTTGCCAAGCTCGAC,0,3687682
tolCp1,0.5,1,1,TAGGAGGAAAACCATGCAGA,0,3679206
tolCp1,0.5,1,1,TAGCTACAATGGAATAAACA,0,3664384
tolCp1,0.5,1,1,TAGCGCTTGCCTCGAGAAAC,0,3697104
tolCp1,0.5,1,1,TAGCGCTTAATCCGAAAGGT,0,3706182
tolCp1,0.5,1,1,TAGCGACTCTTTTATCAAGC,0,3709462
tolCp1,0.5,1,1,TAGCCTGAACTCGAAGTATA,0,3686173
tolCp1,0.5,1,1,TAGCCTCTGTTTACCGCCAG,0,3675144
tolCp1,0.5,1,1,TAGCCACGTGAGAGACCTTC,0,3687995
tolCp1,0.5,1,1,TAGCATTTCAGTCAAGAATT,0,3695412
tolCp1,0.5,1,1,TAGCAATTCCTTCCAGCGAT,0,3701900
tolCp1,0.5,1,1,TAGATGGCGTACCTTCAGCT,0,3707451
tolCp1,0.5,1,1,TAGATGCAGGTGTACCAAGT,0,3706772
tolCp1,0.5,1,1,TAGATCGGGGTACCAGTACA,0,3694702
tolCp1,0.5,1,1,TAGAGGCGGCCGGGACGGTA,0,3688866
tolCp1,0.5,1,1,TAGAGGAGCAGGGGGGCGGA,0,3676975
tolCp1,0.5,1,1,TAGAGCAGTTGCCCGGAATA,0,3697372
tolCp1,0.5,1,1,TAGACATTAGGTTGGAACCC,0,3692863
tolCp1,0.5,1,1,TAGACAGGACGTCACGACCC,0,3690052
tolCp1,0.5,1,1,TAGAATACAGCATGGTCATC,0,3702424
tolCp1,0.5,1,1,TAGAACTCCCGGCCATCACC,0,3682523
tolCp1,0.5,1,1,TAGAACCCCGCTTTGTAGAT,0,3674669
tolCp1,0.5,1,1,TAGAAAAACCCACCGTTTAT,0,3696336
tolCp1,0.5,1,1,TACTGGTACCAGAATGGACT,0,3679413
tolCp1,0.5,1,1,TACTGGCACGGTCTGGATCT,0,3662147
tolCp1,0.5,1,1,TACTGGACGTGCCATCTTCT,0,3678373
tolCp1,0.5,1,1,TACTGAGGTATCCCCCGAAA,0,3672959
tolCp1,0.5,1,1,TACTGAGGGTAACGGGCTCA,0,3671022
tolCp1,0.5,1,1,TACTCGTCTCGGTTTAACGT,0,3715440
tolCp1,0.5,1,1,TACTCCTCCCTCCAGTACTG,0,3693559
tolCp1,0.5,1,1,TACTAGGGTCCGAATAAGGA,0,3681277
tolCp1,0.5,1,1,TACTAATGAGTGCCCATGTT,0,3689274
tolCp1,0.5,1,1,TACGTTCCCCGAACGTCTGT,0,3687579
tolCp1,0.5,1,1,TACGTAGTGACCTTGACTGG,0,3668872
tolCp1,0.5,1,1,TACGGCTGAGGCCCTCAACA,0,3705853
tolCp1,0.5,1,1,TACGGCGTTGCTACGTGGAT,0,3704441
tolCp1,0.5,1,1,TACGCCAATGCATAGGTCGT,0,3664921
tolCp1,0.5,1,1,TACGCACGCCGCCTGGTCCT,0,3684862
tolCp1,0.5,1,1,TACGCAAACGGCTCTGTAAG,0,3702989
tolCp1,0.5,1,1,TACGACCATTTGAAGCTTAG,0,3663953
tolCp1,0.5,1,1,TACGACAACATATTGTGAGC,0,3714976
tolCp1,0.5,1,1,TACCTGGACTAAAGACCTGT,0,3707153
tolCp1,0.5,1,1,TACCGCGAGGAAGGCATCTA,0,3687854
tolCp1,0.5,1,1,TACCCTAGTAACATGATCGT,0,3704314
tolCp1,0.5,1,1,TACCCGGTCAAGATAACAGT,0,3670750
tolCp1,0.5,1,1,TACCAATTCGGTTGTCACTA,0,3712337
tolCp1,0.5,1,1,TACCAATATAAGTAGAAACG,0,3703992
tolCp1,0.5,1,1,TACATATTTGGGCAGACATA,0,3688075
tolCp1,0.5,1,1,TACATACCCGAAGTGTGAAT,0,3693841
tolCp1,0.5,1,1,TACAGTCTATGTACGTCCAT,0,3709674
tolCp1,0.5,1,1,TACAGTCATGGTACATAATT,0,3690770
tolCp1,0.5,1,1,TACAGCAATCTTTCTAAGTC,0,3667421
tolCp1,0.5,1,1,TACACGAGTCACGACCATTG,0,3697184
tolCp1,0.5,1,1,TACACAATGTACAACCGATG,0,3676005
tolCp1,0.5,1,1,TACAAGCTATTAAACGCGGT,0,3665347
tolCp1,0.5,1,1,TAATTGGGACAGCACCTAAG,0,3663464
tolCp1,0.5,1,1,TAATGCGCTGAGGGTGTCAC,0,3694966
tolCp1,0.5,1,1,TAATCTATATGCCATGGGCG,0,3713400
tolCp1,0.5,1,1,TAATCCGTTCTTATGGTGAC,0,3673352
tolCp1,0.5,1,1,TAATCCCTCGTAAGCGTAAG,0,3695819
tolCp1,0.5,1,1,TAATATTTTAGGCCCCGAAA,0,3714229
tolCp1,0.5,1,1,TAATATGTAAAGTGCTGCAT,0,3700740
tolCp1,0.5,1,1,TAATATAAAGGTATGCCGCC,0,3668763
tolCp1,0.5,1,1,TAATAAGTGGTGAGCTGACG,0,3675488
tolCp1,0.5,1,1,TAAGTTCGGTCCCTCATTAC,0,3693505
tolCp1,0.5,1,1,TAAGGGCGTCGCGGAGGCCC,0,3668239
tolCp1,0.5,1,1,TAAGGCGCACAAGCTGGTGA,0,3700459
tolCp1,0.5,1,1,TAAGAAACGCGGGTGCATAG,0,3671719
tolCp1,0.5,1,1,TAACTTACAAGCGCGCATTG,0,3712826
tolCp1,0.5,1,1,TAACTCTACGGACTGAGACA,0,3668141
tolCp1,0.5,1,1,TAACCTTGGATTAAGCAGAC,0,3705033
tolCp1,0.5,1,1,TAACCTCTCCGAGTAGCCAG,0,3665386
tolCp1,0.5,1,1,TAACCGGGTTCATCACCGTG,0,3672900
tolCp1,0.5,1,1,TAACCACGTCAAAAGTTCGA,0,3712933
tolCp1,0.5,1,1,TAACATTAACGCGCACTTGT,0,3715336
tolCp1,0.5,1,1,TAACAGACCCAAGTATCTCG,0,3701617
tolCp1,0.5,1,1,TAACACTTACCTGGAGGGCT,0,3662923
tolCp1,0.5,1,1,TAAACGTCCCTCCCTGTATC,0,3668928
tolCp1,0.5,1,1,TAAACCATTCTGTCGGACAA,0,3666063
tolCp1,0.5,1,1,TAAACCAAGTTTCGGTCACA,0,3694832
tolCp1,0.5,1,1,TAAAAGCAAGTGAGGTCGTA,0,3691673
tolCp1,0.5,1,1,TAAAAACGGGCTTCATCGAA,0,3704085
tolCp1,0.5,1,1,GTTTGTCCGGACAACGTTCG,0,3685691
tolCp1,0.5,1,1,GTTTCGTTAGACAGCGGACG,0,3692786
tolCp1,0.5,1,1,GTTTCGCCTTAGTGAAGAGG,0,3662265
tolCp1,0.5,1,1,GTTTAATCAGCCCGGTGGAC,0,3693037
tolCp1,0.5,1,1,GTTGTCCAATGACTGAACAA,0,3703794
tolCp1,0.5,1,1,GTTGGTTTGGCCTGAGGGAT,0,3694950
tolCp1,0.5,1,1,GTTGGTGTATATATTCGGCA,0,3678456
tolCp1,0.5,1,1,GTTGGGCGTATATGGGGCGA,0,3672197
tolCp1,0.5,1,1,GTTGGAGGCGTTACGGGTAT,0,3676264
tolCp1,0.5,1,1,GTTGCTGTGAAAGGGTGCGG,0,3695222
tolCp1,0.5,1,1,GTTGAGACATCTTCAGTATC,0,3662521
tolCp1,0.5,1,1,GTTGACTAAGCCATAAGCGT,0,3689816
tolCp1,0.5,1,1,GTTGAATTCTACTGTATTCC,0,3714951
tolCp1,0.5,1,1,GTTCTCTCCATCCAGAGTTA,0,3667674
tolCp1,0.5,1,1,GTTCTCAAATTCCATGTTCC,0,3677961
tolCp1,0.5,1,1,GTTCTATGTACGGACATGGA,0,3683006
tolCp1,0.5,1,1,GTTCGTGGGACAGGGACCCG,0,3686249
tolCp1,0.5,1,1,GTTCGGGCGTCAGCTTGTCG,0,3692408
tolCp1,0.5,1,1,GTTCGGAAAGTCTGCGGTCT,0,3661219
tolCp1,0.5,1,1,GTTCGCCGTTTGTATGTAAT,0,3689148
tolCp1,0.5,1,1,GTTCCGGTGTCGCCAAGAGT,0,3664467
tolCp1,0.5,1,1,GTTCATTGTAGCGCCACACA,0,3693834
tolCp1,0.5,1,1,GTTCATGGCAGGGCCTGTCC,0,3678805
tolCp1,0.5,1,1,GTTCAAACGTAACATAAAGC,0,3697956
tolCp1,0.5,1,1,GTTATCTATAGTGTGACAAT,0,3710452
tolCp1,0.5,1,1,GTTAGCAACAACCGTCGCGC,0,3683643
tolCp1,0.5,1,1,GTTAGATGTTTATACTATTG,0,3684073
tolCp1,0.5,1,1,GTTAGAAAGCGAAACGTTGT,0,3683580
tolCp1,0.5,1,1,GTTACTTTTACGTTCAGGGA,0,3694487
tolCp1,0.5,1,1,GTTACTCGCCAAACTGACGC,0,3711895
tolCp1,0.5,1,1,GTTACTAGAGTGCTCGCGTA,0,3668720
tolCp1,0.5,1,1,GTTACCTAATTGGCGACATG,0,3708785
tolCp1,0.5,1,1,GTTACATTTTTCCAGGCCCC,0,3704728
tolCp1,0.5,1,1,GTTAAACCCAGCACTAACTC,0,3698878
tolCp1,0.5,1,1,GTGTTTTTATCGTGTGCTAT,0,3667914
tolCp1,0.5,1,1,GTGTTTTCCAAGATATTCAA,0,3704474
tolCp1,0.5,1,1,GTGTTCTGGGACAATCGTTG,0,3670508
tolCp1,0.5,1,1,GTGTGTATCAGCCCCATACT,0,3714997
tolCp1,0.5,1,1,GTGTGTAACACACGGTACCC,0,3675295
tolCp1,0.5,1,1,GTGTGCTCAGACGTACGTGC,0,3709153
tolCp1,0.5,1,1,GTGTGAGGCAGCGTTTGGTC,0,3699407
tolCp1,0.5,1,1,GTGTGACGCCGTCAACGAGA,0,3709590
tolCp1,0.5,1,1,GTGTGACCGAGAATGACAGT,0,3678134
tolCp1,0.5,1,1,GTGTCCGCCCATATTTGTCG,0,3690200
tolCp1,0.5,1,1,GTGTCACCCAACGCTGCCAA,0,3678826
tolCp1,0.5,1,1,GTGTCAACGGCTCTTTGATT,0,3712915
tolCp1,0.5,1,1,GTGTAGGAGCCACGTAGTGA,0,3692278
tolCp1,0.5,1,1,GTGTACCGGGGTTCCTGAAT,0,3693316
tolCp1,0.5,1,1,GTGGTTTGATCGTCGGTCTT,0,3697469
tolCp1,0.5,1,1,GTGGTTGGTCGCTATAAAAG,0,3691084
tolCp1,0.5,1,1,GTGGGGTTGTAGCAGATCAA,0,3709788
tolCp1,0.5,1,1,GTGGGGCGTACAGCTGAAGT,0,3675302
tolCp1,0.5,1,1,GTGGGGACCATGCCTTGGTT,0,3663184
tolCp1,0.5,1,1,GTGGGCCTACACGATAATGA,0,3695681
tolCp1,0.5,1,1,GTGGGCCGTGGGAGTATGAG,0,3693227
tolCp1,0.5,1,1,GTGGCCGCGGAAAGTCGTGT,0,3679313
tolCp1,0.5,1,1,GTGGCATTACTAACAGATAT,0,3691809
tolCp1,0.5,1,1,GTGGATAGAAGTTTATGGCC,0,3661791
tolCp1,0.5,1,1,GTGCGTGCCGACAAAGGCCT,0,3671676
tolCp1,0.5,1,1,GTGCCTTTCCCGAGCTTCAA,0,3710756
tolCp1,0.5,1,1,GTGCCCAACTATTAAAATAT,0,3701033
tolCp1,0.5,1,1,GTGCCACAGTCTGGCTGCAT,0,3702498
tolCp1,0.5,1,1,GTGATACCTACACATAGCTG,0,3667626
tolCp1,0.5,1,1,GTGAGCTTTCGGCAGTGTGG,0,3691124
tolCp1,0.5,1,1,GTGAGCTGAAAGTCCATACA,0,3702843
tolCp1,0.5,1,1,GTGACCGCCAGGGCTGGAGG,0,3694093
tolCp1,0.5,1,1,GTGAATGCCGTATGGCTGGA,0,3678887
tolCp1,0.5,1,1,GTGAAGAAATTTATTCGACT,0,3661380
tolCp1,0.5,1,1,GTCTTCAAATAATATTTCCT,0,3703858
tolCp1,0.5,1,1,GTCTTAAGGAGCTGCACCAC,0,3707038
tolCp1,0.5,1,1,GTCTGGGGAATAACTCTTCA,0,3662042
tolCp1,0.5,1,1,GTCTGCCCTCATATAATATT,0,3678341
tolCp1,0.5,1,1,GTCTGACAACTGGTGGCTGT,0,3689121
tolCp1,0.5,1,1,GTCTCTCCATAGAATCTGAT,0,3670762
tolCp1,0.5,1,1,GTCTCGAAATTTCTGAGGGC,0,3667549
tolCp1,0.5,1,1,GTCTCCTTGGAATTTATTAG,0,3698994
tolCp1,0.5,1,1,GTCTCACTTCAAACGCTTCT,0,3667292
tolCp1,0.5,1,1,GTCTCACCAGCTGGAAAGTC,0,3715533
tolCp1,0.5,1,1,GTCTATCTGCGAGTCTCGGC,0,3693719
tolCp1,0.5,1,1,GTCGTTGCTCCGGTGTAATG,0,3715531
tolCp1,0.5,1,1,GTCGTGCACTGTGATTAATG,0,3684809
tolCp1,0.5,1,1,GTCGTCAGTTGTACCTTCGT,0,3684148
tolCp1,0.5,1,1,GTCGTAACGATGTCATGCAA,0,3697921
tolCp1,0.5,1,1,GTCGGTCTTTGCATGACTGT,0,3678949
tolCp1,0.5,1,1,GTCGGGCATTGGAGTTTCAC,0,3697253
tolCp1,0.5,1,1,GTCGCGCACAATTGTGTAAT,0,3666343
tolCp1,0.5,1,1,GTCGCAGCAGGTTAGCCTTG,0,3664256
tolCp1,0.5,1,1,GTCGCAATCATCCCGCAAGT,0,3678526
tolCp1,0.5,1,1,GTCGAACCTTGATTGCTCCA,0,3699358
tolCp1,0.5,1,1,GTCCTTAATGTGAACGCGTG,0,3702402
tolCp1,0.5,1,1,GTCCTCCTAAACGGGACACT,0,3665964
tolCp1,0.5,1,1,GTCCTCAAGGCATATACGGT,0,3680922
tolCp1,0.5,1,1,GTCCTACAGTCTGTCACAAT,0,3700270
tolCp1,0.5,1,1,GTCCGGGCTTGCGAAGGTGC,0,3708967
tolCp1,0.5,1,1,GTCCGCTGTAAAGTGGAGAA,0,3694657
tolCp1,0.5,1,1,GTCCCGCGTATTAGATAGCT,0,3662669
tolCp1,0.5,1,1,GTCCCGAAACGTGAATTTTG,0,3683963
tolCp1,0.5,1,1,GTCCCCAGAATTGGCTTCGT,0,3677458
tolCp1,0.5,1,1,GTCCATTAGACCGTTGCCGG,0,3662264
tolCp1,0.5,1,1,GTCCAGATATATCCTTGGAA,0,3696185
tolCp1,0.5,1,1,GTCCACTCTTCAACCTTATA,0,3703930
tolCp1,0.5,1,1,GTCCACGTTGGCTTGGGTCC,0,3683799
tolCp1,0.5,1,1,GTCCACGCAATTTCCAATCC,0,3661237
tolCp1,0.5,1,1,GTCCAATTCACGAAGGTGAA,0,3674712
tolCp1,0.5,1,1,GTCATGGGGTTTGGGGTTAT,0,3689083
tolCp1,0.5,1,1,GTCATACATACGGCTCTCGA,0,3671934
tolCp1,0.5,1,1,GTCAGTCCACTTGGTCGTGC,0,3683004
tolCp1,0.5,1,1,GTCAGGAATTACGCCACATA,0,3704841
tolCp1,0.5,1,1,GTCAGACCTTAGGATCACGA,0,3675579
tolCp1,0.5,1,1,GTCAGACACAGTTACCTCTA,0,3676095
tolCp1,0.5,1,1,GTCACTGACTCACGAGGCTC,0,3702949
tolCp1,0.5,1,1,GTCACCTGGCTCGGTCGTGC,0,3667960
tolCp1,0.5,1,1,GTCACACTAGGTACCGTAAA,0,3664221
tolCp1,0.5,1,1,GTCAATATGCCGTTCAGTAA,0,3693850
tolCp1,0.5,1,1,GTCAATACCTGGCTACTCCC,0,3666225
tolCp1,0.5,1,1,GTCAACCAGCTGACAGCAGA,0,3706888
tolCp1,0.5,1,1,GTCAAAATGCGCGGAAAGGT,0,3707331
tolCp1,0.5,1,1,GTCAAAATGATCAGCCCGTT,0,3708484
tolCp1,0.5,1,1,GTATTCTTCACACCTCTCCT,0,3700433
tolCp1,0.5,1,1,GTATTCATGTTCCCTCCCAA,0,3714936
tolCp1,0.5,1,1,GTATTATTGAGGTACAATCT,0,3669954
tolCp1,0.5,1,1,GTATTAGGGTCCGTATATAA,0,3680152
tolCp1,0.5,1,1,GTATGTCGTGGGTGAAGAAG,0,3680628
tolCp1,0.5,1,1,GTATGCGGCCCGGTTTTATT,0,3690139
tolCp1,0.5,1,1,GTATGCCCCCGGGTCAAGTG,0,3686195
tolCp1,0.5,1,1,GTATGAGCGAGCGGGAGCCC,0,3701090
tolCp1,0.5,1,1,GTATGACTACAACCAACCCT,0,3665570
tolCp1,0.5,1,1,GTATCTCGGGTGTTTATATT,0,3715551
tolCp1,0.5,1,1,GTATCGGAGTGAGCTGAAGT,0,3695595
tolCp1,0.5,1,1,GTATCGCATCTTAATGCATC,0,3689967
tolCp1,0.5,1,1,GTATCCTGCCCTTGCTAGGC,0,3707582
tolCp1,0.5,1,1,GTATACCTTGATACAACCAT,0,3673575
tolCp1,0.5,1,1,GTATACAGTCTTGATATTGC,0,3681971
tolCp1,0.5,1,1,GTAGTCATCATCGGAGAAAA,0,3673692
tolCp1,0.5,1,1,GTAGGTTATTGTCAACATGA,0,3702386
tolCp1,0.5,1,1,GTAGGTCGTATGAACACCTA,0,3687002
tolCp1,0.5,1,1,GTAGGGGAAAAATGTTAGGA,0,3714990
tolCp1,0.5,1,1,GTAGGGCTCGTCTTTCTGGA,0,3676064
tolCp1,0.5,1,1,GTAGGGAGACAGATCTCTGA,0,3664599
tolCp1,0.5,1,1,GTAGGCACATTAACGGCAAA,0,3707842
tolCp1,0.5,1,1,GTAGGACAAATATTGGGGTC,0,3680007
tolCp1,0.5,1,1,GTAGCGCCTGCAATCCGGTG,0,3709949
tolCp1,0.5,1,1,GTAGCGAAAGTGTATAAATT,0,3697406
tolCp1,0.5,1,1,GTAGCCCTACAGTCTTTTCG,0,3708635
tolCp1,0.5,1,1,GTAGAGTCCTGACGCACCAT,0,3672670
tolCp1,0.5,1,1,GTAGAGGTGCCCTATTGGTT,0,3684363
tolCp1,0.5,1,1,GTACTGCTTTACAGTTTATT,0,3671314
tolCp1,0.5,1,1,GTACGCAGTTACACTAGCTG,0,3669615
tolCp1,0.5,1,1,GTACCTCCTGGTATCCCGAG,0,3664497
tolCp1,0.5,1,1,GTACCGTCAGTGTAACAGGG,0,3697471
tolCp1,0.5,1,1,GTACATAATCTTGTAAGCTA,0,3679138
tolCp1,0.5,1,1,GTACAGGGTTTGTACCGTAA,0,3679249
tolCp1,0.5,1,1,GTACAATCAGCGAAGGGCCA,0,3694276
tolCp1,0.5,1,1,GTAATTACGTAAACAGACAG,0,3705527
tolCp1,0.5,1,1,GTAATCTTACGGCACCCGCT,0,3690130
tolCp1,0.5,1,1,GTAATCGAGCGCAGGGGATC,0,3715117
tolCp1,0.5,1,1,GTAATATTCACGATATAGTT,0,3675826
tolCp1,0.5,1,1,GTAATAAGGACATTTGAGAT,0,3682998
tolCp1,0.5,1,1,GTAAGTGAGGCACTGATGAA,0,3699969
tolCp1,0.5,1,1,GTAACCAGATTTATAACCCA,0,3681511
tolCp1,0.5,1,1,GTAACAATCACTCCTAGGAC,0,3686711
tolCp1,0.5,1,1,GTAAACTTTGATTGTTTGAG,0,3682688
tolCp1,0.5,1,1,GTAAAATCGCGTCGCTTTTG,0,3699754
tolCp1,0.5,1,1,GTAAAACATCGGAGAGGTAC,0,3688065
tolCp1,0.5,1,1,GGTTTTCTTTAGCGGCTTGC,0,3691962
tolCp1,0.5,1,1,GGTTGGTCTCCACGCTTGTA,0,3675426
tolCp1,0.5,1,1,GGTTGCTGCTTTATAACCAT,0,3671985
tolCp1,0.5,1,1,GGTTCTCCGGGTTGCAAATT,0,3701807
tolCp1,0.5,1,1,GGTTCTAGAATTATTCCCTT,0,3675609
tolCp1,0.5,1,1,GGTTAGGTAAACGTAAGCGG,0,3698398
tolCp1,0.5,1,1,GGTTAAAGCTGGAGTCCTTC,0,3694963
tolCp1,0.5,1,1,GGTGTTACCTCTTGGCCCTC,0,3672546
tolCp1,0.5,1,1,GGTGGTTTACATTACACAGA,0,3697561
tolCp1,0.5,1,1,GGTGGTGCGCTCAGAGAGAT,0,3694231
tolCp1,0.5,1,1,GGTGGGCTGGCAGGTTTTCC,0,3666696
tolCp1,0.5,1,1,GGTGCGCCGACGACCCGCTT,0,3701475
tolCp1,0.5,1,1,GGTGCAATGTAGTGGTCGCC,0,3713583
tolCp1,0.5,1,1,GGTGATTCTAATGAAGTCTT,0,3675027
tolCp1,0.5,1,1,GGTCTTAGTTTCACTCAGGA,0,3662082
tolCp1,0.5,1,1,GGTCGGTTGGTCAGTAACGG,0,3690993
tolCp1,0.5,1,1,GGTCGGAGTCATGCTTAAGC,0,3675666
tolCp1,0.5,1,1,GGTCGCTTGGAAATGTGGAA,0,3674489
tolCp1,0.5,1,1,GGTCCTGAAAAACATGGCAG,0,3679412
tolCp1,0.5,1,1,GGTCCGGGATTAGCCTAGAA,0,3682522
tolCp1,0.5,1,1,GGTCACGGAAGCCGGAGTAC,0,3679421
tolCp1,0.5,1,1,GGTAGGACTGTCTGTAGTTA,0,3671460
tolCp1,0.5,1,1,GGTACGGTTTAGGTCTCAGC,0,3696524
tolCp1,0.5,1,1,GGTACGCCAAGTTGGTTAAT,0,3673159
tolCp1,0.5,1,1,GGTACGATAGTTACGACCGT,0,3714340
tolCp1,0.5,1,1,GGTACCCATCCTCATTTTAT,0,3673404
tolCp1,0.5,1,1,GGTAAGATAGCCGATGGTCG,0,3691201
tolCp1,0.5,1,1,GGGTTATCCTAAACTGTTGC,0,3704693
tolCp1,0.5,1,1,GGGTTAATCACACGAATGTA,0,3669973
tolCp1,0.5,1,1,GGGTCCAGTAGAGTTCGTTT,0,3666601
tolCp1,0.5,1,1,GGGTCACTTAAGGTTCCTAC,0,3694643
tolCp1,0.5,1,1,GGGTAGTTGGAATCAGAGAG,0,3694541
tolCp1,0.5,1,1,GGGTAGGTATAACATTAGAA,0,3687463
tolCp1,0.5,1,1,GGGTAGGAGCGTCCGTCCGT,0,3711637
tolCp1,0.5,1,1,GGGTACGTCAGATACTAATT,0,3700834
tolCp1,0.5,1,1,GGGTAATTCGGGAGGAAAGC,0,3665446
tolCp1,0.5,1,1,GGGTAAGTCCAGTGTTTAGA,0,3664326
tolCp1,0.5,1,1,GGGTAAGGGTGCAACCCCAT,0,3699760
tolCp1,0.5,1,1,GGGTAAGCTAAGAAACGCGT,0,3667424
tolCp1,0.5,1,1,GGGTAACCCTGGTCCAACTG,0,3700668
tolCp1,0.5,1,1,GGGGTCTTGGTGTACTACAT,0,3701978
tolCp1,0.5,1,1,GGGGTCCTCTTTAACACCAC,0,3714581
tolCp1,0.5,1,1,GGGGTCAGTCTACTAAGCTA,0,3676641
tolCp1,0.5,1,1,GGGGTAGAGAGTTGTTTTGA,0,3699235
tolCp1,0.5,1,1,GGGGGTGCCTGCGCTTCCGG,0,3664407
tolCp1,0.5,1,1,GGGGGTACTCTACTGTCCGT,0,3683081
tolCp1,0.5,1,1,GGGGGTACGACGCAGAGTTT,0,3668428
tolCp1,0.5,1,1,GGGGGCGGCGGGCACTGAGA,0,3710721
tolCp1,0.5,1,1,GGGGGCAACATTAGCCATGG,0,3688669
tolCp1,0.5,1,1,GGGGGACTCAGTAGGCGCAT,0,3685484
tolCp1,0.5,1,1,GGGGCGTCAACAGAAAGCTA,0,3669628
tolCp1,0.5,1,1,GGGGCCTAAAGATACTTTTA,0,3683732
tolCp1,0.5,1,1,GGGGCCACACAACGTGGACA,0,3678391
tolCp1,0.5,1,1,GGGGCATCTCACGACAGGTG,0,3677302
tolCp1,0.5,1,1,GGGGCAGCGGTTAGTAATGG,0,3674953
tolCp1,0.5,1,1,GGGGCACGGTTTGTAAGAAA,0,3687352
tolCp1,0.5,1,1,GGGGATCGTATGTGCTGCGT,0,3689211
tolCp1,0.5,1,1,GGGGAGTAAAAAGTGGCCGG,0,3668841
tolCp1,0.5,1,1,GGGGAGGAGGGGGAACAATT,0,3672999
tolCp1,0.5,1,1,GGGGAGACGGTAAAAATAGC,0,3684289
tolCp1,0.5,1,1,GGGCTGGCGATATCCAGCCT,0,3695793
tolCp1,0.5,1,1,GGGCTGAATCGGGGTCAAAT,0,3705914
tolCp1,0.5,1,1,GGGCTAGAGCTGCCTGCTTT,0,3694321
tolCp1,0.5,1,1,GGGCGTGTAGTTTTCCCTAC,0,3693481
tolCp1,0.5,1,1,GGGCGTACCCTCAGTTTTCT,0,3684632
tolCp1,0.5,1,1,GGGCGTAATCTGGGATGTGT,0,3665289
tolCp1,0.5,1,1,GGGCGGGTGATCCCTTGGGG,0,3675665
tolCp1,0.5,1,1,GGGCGGAACATGCGTTGTGG,0,3680374
tolCp1,0.5,1,1,GGGCGCTATGCCCTGGGTGA,0,3673069
tolCp1,0.5,1,1,GGGCGCGTTCGGTAGACAAG,0,3681086
tolCp1,0.5,1,1,GGGCCGGTGGCTGTAGCGCA,0,3678305
tolCp1,0.5,1,1,GGGCCGGACGTGCTTTTGAA,0,3681690
tolCp1,0.5,1,1,GGGCATCTGTTAGAGATGAG,0,3662928
tolCp1,0.5,1,1,GGGCAGGGTATGTACTAAAT,0,3700781
tolCp1,0.5,1,1,GGGCACTTACATTCATAAGC,0,3679752
tolCp1,0.5,1,1,GGGATCGTAGTTAGTTAACA,0,3710852
tolCp1,0.5,1,1,GGGAGTGGCGATTCGGCGTT,0,3693636
tolCp1,0.5,1,1,GGGAGGGTTCTGAATGGAAG,0,3714783
tolCp1,0.5,1,1,GGGAGCGCAATACCAGGCTT,0,3668130
tolCp1,0.5,1,1,GGGACGCCCAGACTCGAGAA,0,3677118
tolCp1,0.5,1,1,GGGACGATCGACTAGGTAGA,0,3669820
tolCp1,0.5,1,1,GGGAACTATGGGGTGTACGT,0,3672838
tolCp1,0.5,1,1,GGGAAACTTCACACTCGCTA,0,3663756
tolCp1,0.5,1,1,GGGAAACCGCAGGCCCAGAG,0,3703079
tolCp1,0.5,1,1,GGGAAAAGCATCCTTGCGGT,0,3693126
tolCp1,0.5,1,1,GGCTTGTTTGGTTCTTTTTG,0,3701483
tolCp1,0.5,1,1,GGCTTGGCTTGGACACCAAT,0,3691070
tolCp1,0.5,1,1,GGCTTCTGATGTCCGCTTAG,0,3690853
tolCp1,0.5,1,1,GGCTGGATACGAACAATTGC,0,3662750
tolCp1,0.5,1,1,GGCTGCCCCCCCGACCATTT,0,3669346
tolCp1,0.5,1,1,GGCTCGCATCGCAGGAGTCT,0,3690602
tolCp1,0.5,1,1,GGCTCCTATGGGGACACAGG,0,3675840
tolCp1,0.5,1,1,GGCTAGTGCGTGGGCGCTGC,0,3689684
tolCp1,0.5,1,1,GGCTAAACCATGATTCTTGG,0,3706055
tolCp1,0.5,1,1,GGCGGTGTGGCTAAAACATG,0,3677663
tolCp1,0.5,1,1,GGCGGCGCTCGTGACGTGAA,0,3676132
tolCp1,0.5,1,1,GGCGCTCAATGCCGATGTTT,0,3667675
tolCp1,0.5,1,1,GGCGCGGTGATATTTCAAGT,0,3688040
tolCp1,0.5,1,1,GGCGCCGGCGCGAGGGTCCA,0,3674248
tolCp1,0.5,1,1,GGCGCATTGCTAGTCTAAAG,0,3663234
tolCp1,0.5,1,1,GGCGCAGTATACAATAAGAT,0,3675229
tolCp1,0.5,1,1,GGCGAGTTCGGGGTATAATT,0,3663976
tolCp1,0.5,1,1,GGCCTCGGTTTTTGGAATCC,0,3701708
tolCp1,0.5,1,1,GGCCGCCTTCGCATTCCTTT,0,3683887
tolCp1,0.5,1,1,GGCCGAAAGAGCTTTAGCAA,0,3690299
tolCp1,0.5,1,1,GGCCCGTGCTGTTGACATGT,0,3697790
tolCp1,0.5,1,1,GGCCCGGCAAACTGTCGAGT,0,3668199
tolCp1,0.5,1,1,GGCCATGGGGAGCCTCGCTG,0,3669951
tolCp1,0.5,1,1,GGCCAGTGGGTCAATGGCAG,0,3663612
tolCp1,0.5,1,1,GGCCAGGCCGCCCCTGATGC,0,3674443
tolCp1,0.5,1,1,GGCCAGCCGGGCGACGCATT,0,3684498
tolCp1,0.5,1,1,GGCCACCATTGAGCCGGCAG,0,3678822
tolCp1,0.5,1,1,GGCCACATGAACGGATTTCG,0,3685938
tolCp1,0.5,1,1,GGCCAAGGTGCCCCCGGACA,0,3662752
tolCp1,0.5,1,1,GGCATTCGGTGCTTTGTAAC,0,3676072
tolCp1,0.5,1,1,GGCATTCACGTTGCGAGTCA,0,3681735
tolCp1,0.5,1,1,GGCATGTTCACGATGTGATT,0,3667811
tolCp1,0.5,1,1,GGCATCTGTACCTGGTGCCA,0,3699157
tolCp1,0.5,1,1,GGCATATCTCCATCGTGGTT,0,3663263
tolCp1,0.5,1,1,GGCAGGTCACGCAGGCTCAC,0,3696053
tolCp1,0.5,1,1,GGCAGGGCTGTGTAACTAAC,0,3693388
tolCp1,0.5,1,1,GGCAGGCTAGAATCAATCGG,0,3671647
tolCp1,0.5,1,1,GGCAGACACGACTAGGAGTG,0,3701588
tolCp1,0.5,1,1,GGCACTCAATTCAGTAGTTA,0,3711023
tolCp1,0.5,1,1,GGCACGTTTAGAATTCTACT,0,3689577
tolCp1,0.5,1,1,GGCACGCGCGGGCAATTATA,0,3685026
tolCp1,0.5,1,1,GGCACCCTGTTGATCGCCCC,0,3706354
tolCp1,0.5,1,1,GGCACCAAGATGCTGCCAGC,0,3683363
tolCp1,0.5,1,1,GGCACAGTGAGCACTTTTGG,0,3688574
tolCp1,0.5,1,1,GGCAATTTATGTAACGGGTT,0,3668671
tolCp1,0.5,1,1,GGCAAACGGTCCCCGCATAA,0,3681130
tolCp1,0.5,1,1,GGATTTGCCAGAGGACTCAC,0,3666392
tolCp1,0.5,1,1,GGATTGTCGGGTAGCTGTGT,0,3685500
tolCp1,0.5,1,1,GGATTACCTCCATATCATCA,0,3673036
tolCp1,0.5,1,1,GGATGCGCAGCTAAGGATCT,0,3690815
tolCp1,0.5,1,1,GGATGCCTGCTTCTCCCAGA,0,3672036
tolCp1,0.5,1,1,GGATGAGGCGTGTATGTTTT,0,3712541
tolCp1,0.5,1,1,GGATGAAGTGGATATTGTTA,0,3679278
tolCp1,0.5,1,1,GGATCCTCGGAACAGTTATA,0,3711785
tolCp1,0.5,1,1,GGATCCCGGGTCCAGGGGTG,0,3678587
tolCp1,0.5,1,1,GGATACGCCCTCATTCTATG,0,3690610
tolCp1,0.5,1,1,GGAGTGATAATAGCGTGTTA,0,3667205
tolCp1,0.5,1,1,GGAGTCTCAGAGTCCCTACC,0,3688249
tolCp1,0.5,1,1,GGAGTACGACACTGTACCAG,0,3678855
tolCp1,0.5,1,1,GGAGGATTTCCAGCGTTGTA,0,3673484
tolCp1,0.5,1,1,GGAGGATAGGACGTGTGTCA,0,3676514
tolCp1,0.5,1,1,GGAGCTCAATAAACCCACCA,0,3676436
tolCp1,0.5,1,1,GGAGCTATCCGTAGGAAATA,0,3672691
tolCp1,0.5,1,1,GGAGCGGTAAGCGTCATGTT,0,3695967
tolCp1,0.5,1,1,GGAGCCATGCAAGCTTCGTG,0,3676073
tolCp1,0.5,1,1,GGAGCACGGAAAGCCGTGAC,0,3684586
tolCp1,0.5,1,1,GGAGATTAATACTGGCTGCA,0,3712913
tolCp1,0.5,1,1,GGAGATGTGCGGTTGCGGCC,0,3694233
tolCp1,0.5,1,1,GGAGACGTGGCAGATTGAGT,0,3670584
tolCp1,0.5,1,1,GGACTTTCATGACCGGTGAT,0,3675578
tolCp1,0.5,1,1,GGACTAGATCAGTGCCCTTG,0,3713943
tolCp1,0.5,1,1,GGACGTATTCCGCGCAGGCC,0,3696829
tolCp1,0.5,1,1,GGACGCCTTGGCATTGGCGA,0,3680349
tolCp1,0.5,1,1,GGACGCATGCGGCTATTAAT,0,3699607
tolCp1,0.5,1,1,GGACGACATCCCGCGCCAGT,0,3677647
tolCp1,0.5,1,1,GGACGAAGGTACTATGAACA,0,3676214
tolCp1,0.5,1,1,GGACCCAGACAGTCACCCTA,0,3690486
tolCp1,0.5,1,1,GGACATTTTTGCCAACGAGG,0,3687765
tolCp1,0.5,1,1,GGACAGGCCTTCCTTGGGGC,0,3679569
tolCp1,0.5,1,1,GGACACCTTAGGTCGCCGCA,0,3699473
tolCp1,0.5,1,1,GGACAATTTAGGCATTCGGC,0,3676008
tolCp1,0.5,1,1,GGAATGTCTCTCCGTTAGGA,0,3700624
tolCp1,0.5,1,1,GGAAGGTCGACAAGAGCGTG,0,3692272
tolCp1,0.5,1,1,GGAAGCTATAACAAATAGGC,0,3699694
tolCp1,0.5,1,1,GGAAGCACTGAAAGTATCAT,0,3669210
tolCp1,0.5,1,1,GGAAGCAAGCTCTAAGCCTC,0,3701608
tolCp1,0.5,1,1,GGAACTCAATTGGCACTAAT,0,3677808
tolCp1,0.5,1,1,GGAAATACGAGAATGCCGTA,0,3667296
tolCp1,0.5,1,1,GGAAAGTTTGCCGGCGACCA,0,3665032
tolCp1,0.5,1,1,GGAAAGGATTACGCTATTGG,0,3710902
tolCp1,0.5,1,1,GGAAAAGTTGCAAGCCATCG,0,3682662
tolCp1,0.5,1,1,GGAAAACATTTGTCATATTG,0,3701789
tolCp1,0.5,1,1,GCTTTGAGTCCGGCTCAGAA,0,3676212
tolCp1,0.5,1,1,GCTTGGTCCGAAGCGCTTCG,0,3691192
tolCp1,0.5,1,1,GCTTGCCCGGTGACTGGTGG,0,3690751
tolCp1,0.5,1,1,GCTTGAGGCAAGGGTCTGTA,0,3667743
tolCp1,0.5,1,1,GCTTGACTCTATCTTAGTGC,0,3675603
tolCp1,0.5,1,1,GCTTCTGCTGCTTGATGCGA,0,3671331
tolCp1,0.5,1,1,GCTTCGATGTGTCAGCCTCC,0,3697006
tolCp1,0.5,1,1,GCTTAGCTTCAGTCTCTTGT,0,3702728
tolCp1,0.5,1,1,GCTTACATCTGCATGTATGT,0,3677850
tolCp1,0.5,1,1,GCTGTTTCCCAGAGTTTCAA,0,3663957
tolCp1,0.5,1,1,GCTGTACATCTGAAACACCT,0,3670436
tolCp1,0.5,1,1,GCTGGGCACATTCATTCGGA,0,3692661
tolCp1,0.5,1,1,GCTGGCGCACTGGAGAAAGT,0,3661490
tolCp1,0.5,1,1,GCTGGCCCCCATGAGTCCCT,0,3699486
tolCp1,0.5,1,1,GCTGAGTTCGTGCCTAGAGA,0,3675299
tolCp1,0.5,1,1,GCTGAGTAGGTATGCGGAGG,0,3674234
tolCp1,0.5,1,1,GCTGAACTATACGAATGGCA,0,3704692
tolCp1,0.5,1,1,GCTCTTCTGACGTTCTCTAA,0,3691681
tolCp1,0.5,1,1,GCTCTGCGCAAACCGGTTAA,0,3674515
tolCp1,0.5,1,1,GCTCTACCGTATACACTGAT,0,3685462
tolCp1,0.5,1,1,GCTCGTAAGGTCTGAAAAGC,0,3667067
tolCp1,0.5,1,1,GCTCGGCGACCCAGGTGGAT,0,3669156
tolCp1,0.5,1,1,GCTCGCGGGAATTAGTTCTC,0,3690983
tolCp1,0.5,1,1,GCTCGCAAAGTTGTACCGCG,0,3687645
tolCp1,0.5,1,1,GCTCCCTTCCTCGAGAGTGT,0,3708198
tolCp1,0.5,1,1,GCTCCCTTAGAGTGGCGTCG,0,3665691
tolCp1,0.5,1,1,GCTCCCATCAGATGGGCGCA,0,3681215
tolCp1,0.5,1,1,GCTCATTGCTCGAGTAAGCA,0,3714859
tolCp1,0.5,1,1,GCTCATCGTGCTGTTCAGAA,0,3672923
tolCp1,0.5,1,1,GCTCAGGTACGCGAGTTACC,0,3704339
tolCp1,0.5,1,1,GCTCACGGCCCCCATCTCCT,0,3677836
tolCp1,0.5,1,1,GCTATTGCAAAACAGAGACT,0,3694926
tolCp1,0.5,1,1,GCTATATTGCCGTGCTGAGG,0,3700586
tolCp1,0.5,1,1,GCTAGAAGTGACGTAAATGG,0,3707258
tolCp1,0.5,1,1,GCTACTTCTCAAACGCTGTA,0,3715426
tolCp1,0.5,1,1,GCTACTACTCTCAAATCACA,0,3702550
tolCp1,0.5,1,1,GCTACTAAGCGGAACGATAA,0,3678459
tolCp1,0.5,1,1,GCTACCGCTCGTGTCCGAAC,0,3666388
tolCp1,0.5,1,1,GCTACAAATCGAAAGGATGT,0,3687467
tolCp1,0.5,1,1,GCTAATGGGAAAAGCAATAC,0,3679431
tolCp1,0.5,1,1,GCTAATAGGGCGAGCAACCG,0,3680968
tolCp1,0.5,1,1,GCTAACTAAAACGGTGCCAA,0,3694204
tolCp1,0.5,1,1,GCTAACAGCTAGCGCCATAG,0,3688976
tolCp1,0.5,1,1,GCGTTTACTCGGGCGACTCA,0,3693180
tolCp1,0.5,1,1,GCGTTCTGTCTCCTGTCCAC,0,3672229
tolCp1,0.5,1,1,GCGTTCGATCCTAAACGGCC,0,3704250
tolCp1,0.5,1,1,GCGTTCATAATTACACCAGA,0,3680239
tolCp1,0.5,1,1,GCGTTCAGTAACGTGTTGTA,0,3691932
tolCp1,0.5,1,1,GCGTGTGCGTGGGGTAATAC,0,3689477
tolCp1,0.5,1,1,GCGTGTCGAGGGTCCCGCTA,0,3682189
tolCp1,0.5,1,1,GCGTGGTTCTCCATCCTCAC,0,3667723
tolCp1,0.5,1,1,GCGTGGTCCTTTCCCTCATC,0,3676099
tolCp1,0.5,1,1,GCGTGCGGGTCCTCAGCACA,0,3676755
tolCp1,0.5,1,1,GCGTCTGGTCTGGGTTTAAG,0,3674516
tolCp1,0.5,1,1,GCGTCGAAGATATTGCTAAC,0,3675942
tolCp1,0.5,1,1,GCGTCCGACTTTAGACGCAG,0,3714969
tolCp1,0.5,1,1,GCGTCATTCTCCGTAGTACA,0,3686470
tolCp1,0.5,1,1,GCGTCATAACGGCGACCGGC,0,3662909
tolCp1,0.5,1,1,GCGTCAACTATTCTGGGACA,0,3667036
tolCp1,0.5,1,1,GCGTATCCGATTGCATCTCG,0,3674742
tolCp1,0.5,1,1,GCGTAGAGAAGCCGGGATTA,0,3710266
tolCp1,0.5,1,1,GCGTACCTTTCGGCCCGCAT,0,3668145
tolCp1,0.5,1,1,GCGGTCTCACAAGTTAATGA,0,3675937
tolCp1,0.5,1,1,GCGGTACCTTAGACCGGCCA,0,3661331
tolCp1,0.5,1,1,GCGGGCCTATTCACGGGATA,0,3704297
tolCp1,0.5,1,1,GCGGCCCCGTGCGTGCCAGA,0,3680203
tolCp1,0.5,1,1,GCGGCACACTGCATCGCTGG,0,3693366
tolCp1,0.5,1,1,GCGGATTGTTTGGTTGTTTA,0,3665622
tolCp1,0.5,1,1,GCGGATCAGTAGAGATTAGT,0,3686268
tolCp1,0.5,1,1,GCGGACGTCCTAGTCGGGAA,0,3702265
tolCp1,0.5,1,1,GCGCTCTGTATCCAGGGGTT,0,3671790
tolCp1,0.5,1,1,GCGCTCAGGACGAGTCATAC,0,3707555
tolCp1,0.5,1,1,GCGCGAAGGGGGAGACTTTA,0,3663841
tolCp1,0.5,1,1,GCGCCCGATAATATTTGCTC,0,3689187
tolCp1,0.5,1,1,GCGCCAATCTCTCATAAGAC,0,3673996
tolCp1,0.5,1,1,GCGCATTCTAGTAACCCCTG,0,3690312
tolCp1,0.5,1,1,GCGCAGCAATTGGCTATAAA,0,3679991
tolCp1,0.5,1,1,GCGCAGAGACCGTACGCGTT,0,3694371
tolCp1,0.5,1,1,GCGCACGCATCCATCAGCAA,0,3714289
tolCp1,0.5,1,1,GCGCACCCCGTAAGACGGGG,0,3708202
tolCp1,0.5,1,1,GCGATGAAGCCGCGGGGGCT,0,3710648
tolCp1,0.5,1,1,GCGAGGGATAACTTAGGCGA,0,3686251
tolCp1,0.5,1,1,GCGAGCTCGGTCTAAGAGGG,0,3713680
tolCp1,0.5,1,1,GCGAGAACCGAGGAACTGGC,0,3678880
tolCp1,0.5,1,1,GCGACTTGCAAAAAGCCGCA,0,3664178
tolCp1,0.5,1,1,GCGACCGTGTCACTTTAGGA,0,3713938
tolCp1,0.5,1,1,GCGAATTTGTCACCTATTAC,0,3704166
tolCp1,0.5,1,1,GCGAAACAATGAAGGTAGTG,0,3686457
tolCp1,0.5,1,1,GCCTTTTGTTAGGTCCTCCC,0,3665877
tolCp1,0.5,1,1,GCCTTCTGTATCTATTATTT,0,3703341
tolCp1,0.5,1,1,GCCTGGATATTTAATTCGGT,0,3669892
tolCp1,0.5,1,1,GCCTGCGACAGCCGCAAACC,0,3675955
tolCp1,0.5,1,1,GCCTGATGGTTGATTGGTTT,0,3692947
tolCp1,0.5,1,1,GCCTAGGGCTTTGTCCGGGG,0,3693862
tolCp1,0.5,1,1,GCCTACGCTTATGCCGTAAT,0,3664457
tolCp1,0.5,1,1,GCCTAATGTCTTCCCAGGTC,0,3692482
tolCp1,0.5,1,1,GCCTAATAGAGATTCCTCGG,0,3665090
tolCp1,0.5,1,1,GCCTAAGGGTACGCTCACAG,0,3680235
tolCp1,0.5,1,1,GCCGTGTTTCGCTCCACCGT,0,3685248
tolCp1,0.5,1,1,GCCGTCCCATCGGATGTGTA,0,3677838
tolCp1,0.5,1,1,GCCGTAAACTCATACTCCGT,0,3666020
tolCp1,0.5,1,1,GCCGGTCGATAGTTACGCCA,0,3701590
tolCp1,0.5,1,1,GCCGGCTCTGGCTCTAACGT,0,3697602
tolCp1,0.5,1,1,GCCGGATAGACATACACGGT,0,3705240
tolCp1,0.5,1,1,GCCGGAGTGACGAATCGGAA,0,3702381
tolCp1,0.5,1,1,GCCGGAGTCACAATGACGGT,0,3712990
tolCp1,0.5,1,1,GCCGCGACTCGAACCAGTCG,0,3698320
tolCp1,0.5,1,1,GCCGATTCTGTTAAGTGTAA,0,3679591
tolCp1,0.5,1,1,GCCGATCACCAATTGTTGGA,0,3684422
tolCp1,0.5,1,1,GCCGATAGGTCCTCAAGGCA,0,3681702
tolCp1,0.5,1,1,GCCGATACGGGGAGTCCGGA,0,3677230
tolCp1,0.5,1,1,GCCGAGTTCTCTTCTTATAC,0,3702377
tolCp1,0.5,1,1,GCCCTTATTCCAACGACCAG,0,3668991
tolCp1,0.5,1,1,GCCCTGCGCTATTAAATGCC,0,3661414
tolCp1,0.5,1,1,GCCCTCGTTAGCCTCGTTAT,0,3667428
tolCp1,0.5,1,1,GCCCGTTCCGAGATTCAGAC,0,3663671
tolCp1,0.5,1,1,GCCCGTTAGAAAATCTGGGC,0,3703688
tolCp1,0.5,1,1,GCCCGTAAGGGAGCATGGAC,0,3671937
tolCp1,0.5,1,1,GCCCGGTTTGGGTCCGGTGC,0,3710838
tolCp1,0.5,1,1,GCCCGGGCTCGCGTAAGTTT,0,3692740
tolCp1,0.5,1,1,GCCCGCACAGCAGATTATAC,0,3707932
tolCp1,0.5,1,1,GCCCCGAACTGGCGGGAAGC,0,3691351
tolCp1,0.5,1,1,GCCCACAGATGCGTTTTGCA,0,3682867
tolCp1,0.5,1,1,GCCATGGGGCGAGGTGATAT,0,3664601
tolCp1,0.5,1,1,GCCATCGTACTTTACTGATC,0,3676357
tolCp1,0.5,1,1,GCCAGACTTATCTTGCGCAT,0,3712775
tolCp1,0.5,1,1,GCCAGAATCATTTACCTCTG,0,3707109
tolCp1,0.5,1,1,GCCACGAGAGGTTCTTCACT,0,3661818
tolCp1,0.5,1,1,GCCAACAAGGGAAGATATGG,0,3710123
tolCp1,0.5,1,1,GCATTGCCTCCGAATTTATG,0,3693622
tolCp1,0.5,1,1,GCATGGGGGGGTGATATGTA,0,3667864
tolCp1,0.5,1,1,GCATGATTGTGGTGAGTTAA,0,3685828
tolCp1,0.5,1,1,GCATCCCTTCCGTGGTCAAT,0,3706383
tolCp1,0.5,1,1,GCATCAGTGTTATCGAGAAA,0,3693528
tolCp1,0.5,1,1,GCATCAATCACGTTATTATG,0,3685415
tolCp1,0.5,1,1,GCATATGGTACTACGCACGA,0,3678461
tolCp1,0.5,1,1,GCATAGGCCGGGCGAATTTC,0,3713374
tolCp1,0.5,1,1,GCATAGCGCCCGTACTGATG,0,3670592
tolCp1,0.5,1,1,GCAGTGGTTCTCAGTTCCCA,0,3668572
tolCp1,0.5,1,1,GCAGTCCGGTTCTCTTGAAT,0,3675168
tolCp1,0.5,1,1,GCAGTAATACGCCTGTCTGA,0,3674762
tolCp1,0.5,1,1,GCAGGTTGAGTCTAGGGACA,0,3680541
tolCp1,0.5,1,1,GCAGGTATGTGATACTTCAT,0,3703994
tolCp1,0.5,1,1,GCAGGGCCTAAACTGGTTTC,0,3673778
tolCp1,0.5,1,1,GCAGGGAAGGGGCAATGTGG,0,3703324
tolCp1,0.5,1,1,GCAGCCTAACCGTAGACAGT,0,3709631
tolCp1,0.5,1,1,GCAGATTGCGCGTCAGCAGT,0,3681334
tolCp1,0.5,1,1,GCAGAGATAGATAGGTACCG,0,3701794
tolCp1,0.5,1,1,GCAGAGAGGGTGGACGAATC,0,3687718
tolCp1,0.5,1,1,GCAGACGCCTTAGGCGCCTC,0,3697513
tolCp1,0.5,1,1,GCAGACAGTGAGAAGGTAAT,0,3681557
tolCp1,0.5,1,1,GCACTTGGATGGGGCGTAAG,0,3698385
tolCp1,0.5,1,1,GCACTTGCTCCGACTGTCTA,0,3699775
tolCp1,0.5,1,1,GCACTGGATTTGCTCCAGGG,0,3667195
tolCp1,0.5,1,1,GCACGTCATTGCGGTGCGCA,0,3711776
tolCp1,0.5,1,1,GCACGCCGGGCACAACTGAT,0,3665696
tolCp1,0.5,1,1,GCACGAAGATCGGTTAAAGT,0,3683362
tolCp1,0.5,1,1,GCACCGGGCGATCGGGCTAA,0,3708197
tolCp1,0.5,1,1,GCACCCGAGGCGTAGAGGAT,0,3709314
tolCp1,0.5,1,1,GCACCCGAGGAGGGCAAAAC,0,3662911
tolCp1,0.5,1,1,GCACCACTGGGGGCCGGTCG,0,3679340
tolCp1,0.5,1,1,GCACACACGCTATCCGAACA,0,3676088
tolCp1,0.5,1,1,GCACACACACACAGGTAGGA,0,3672198
tolCp1,0.5,1,1,GCAATTTGTAACAGGAATAT,0,3707195
tolCp1,0.5,1,1,GCAAGGTCTATTCTTGCAGT,0,3702034
tolCp1,0.5,1,1,GCAAGCAATTCATTTGGGGA,0,3707069
tolCp1,0.5,1,1,GCAAGACTGAGGATAAGAAG,0,3680094
tolCp1,0.5,1,1,GCAACGTCCGGGCCGATAAT,0,3683442
tolCp1,0.5,1,1,GCAACACCACGGGAGCATTT,0,3673121
tolCp1,0.5,1,1,GCAAAATAAGTCTCGATGTG,0,3665375
tolCp1,0.5,1,1,GATTTAGGAATCCCCCCGCT,0,3661733
tolCp1,0.5,1,1,GATTTAATGAACCGCGCAGT,0,3693207
tolCp1,0.5,1,1,GATTGTTGACATGGGGCTTA,0,3673614
tolCp1,0.5,1,1,GATTGGTTCCGCGAAGAATC,0,3683833
tolCp1,0.5,1,1,GATTGGGCAAGGTACGGGAA,0,3709955
tolCp1,0.5,1,1,GATTCTACTCCCCGGTTTCA,0,3675033
tolCp1,0.5,1,1,GATTCGTCGGGGGAGGAGCT,0,3662891
tolCp1,0.5,1,1,GATTCGCAATAGGCGAGCTA,0,3673744
tolCp1,0.5,1,1,GATTCCGAGATTACCGGAGA,0,3684021
tolCp1,0.5,1,1,GATTCAACCGATTCAGACAG,0,3673304
tolCp1,0.5,1,1,GATTATAATAACGGTATCAT,0,3668498
tolCp1,0.5,1,1,GATTACGGTCACCTTCAATC,0,3690467
tolCp1,0.5,1,1,GATGGCTTGCGTTAAAAGAA,0,3707859
tolCp1,0.5,1,1,GATGCGCGCAAATATTCGAG,0,3695317
tolCp1,0.5,1,1,GATGCCCCAGTTAAAGACCA,0,3688295
tolCp1,0.5,1,1,GATGCATTCGCTATATCATA,0,3682168
tolCp1,0.5,1,1,GATCTGCATGGATGCGGAAC,0,3688272
tolCp1,0.5,1,1,GATCGGGAACGTTCTCCACT,0,3705050
tolCp1,0.5,1,1,GATCGAAGCTTTTAAGAACA,0,3692127
tolCp1,0.5,1,1,GATCCGCAGTGGCAAATGCA,0,3695212
tolCp1,0.5,1,1,GATCCGAAAACCGATCTCAA,0,3671782
tolCp1,0.5,1,1,GATCATCTTTTGTGGCTTGA,0,3662635
tolCp1,0.5,1,1,GATCATCAATGACTGGGATA,0,3685147
tolCp1,0.5,1,1,GATCAGGGAAGTAGTAACAC,0,3702380
tolCp1,0.5,1,1,GATCAGCACCGTTCGAAAAC,0,3710466
tolCp1,0.5,1,1,GATCAATTCTATGCGTACGA,0,3663015
tolCp1,0.5,1,1,GATCAATGGTGTTAAAAGCG,0,3670798
tolCp1,0.5,1,1,GATATGTATTTTATGACTAT,0,3713926
tolCp1,0.5,1,1,GATATATCCCGGATACAACT,0,3675464
tolCp1,0.5,1,1,GATAGTGGACATGGTGAGCG,0,3678541
tolCp1,0.5,1,1,GATAGTAGTCTTCACAGAGG,0,3710559
tolCp1,0.5,1,1,GATAGAGGTAGATGATCCAG,0,3666017
tolCp1,0.5,1,1,GATAACGACGTTCGCCGACG,0,3709877
tolCp1,0.5,1,1,GATAAAGTTGGTGGAATCAT,0,3691959
tolCp1,0.5,1,1,GATAAAGGTTATCTTACAGT,0,3712313
tolCp1,0.5,1,1,GAGTTTTTTGTCATTCTCAT,0,3681161
tolCp1,0.5,1,1,GAGTTGGACTACGGCGAAGT,0,3699457
tolCp1,0.5,1,1,GAGTTCTGAACGCGCGAGGC,0,3674130
tolCp1,0.5,1,1,GAGTTCGTGGTCTAATAGGT,0,3709981
tolCp1,0.5,1,1,GAGTTCGCTTACAGTCAAAC,0,3677200
tolCp1,0.5,1,1,GAGTTAGGGCAGAACATCTT,0,3692885
tolCp1,0.5,1,1,GAGTTACCATACGATGTAAC,0,3708515
tolCp1,0.5,1,1,GAGTGTAGCCCGATGCTAAT,0,3672224
tolCp1,0.5,1,1,GAGTGGTCATGCGCGGTTGA,0,3681542
tolCp1,0.5,1,1,GAGTGGCTATGTAAATTTGC,0,3673580
tolCp1,0.5,1,1,GAGTGCGGTTCACTCCTGGT,0,3707151
tolCp1,0.5,1,1,GAGTGAGTTAGTTCTAATGA,0,3679349
tolCp1,0.5,1,1,GAGTGACCTTGGTAACAGTC,0,3713098
tolCp1,0.5,1,1,GAGTCCGCAACGCGGGCACG,0,3675644
tolCp1,0.5,1,1,GAGTCAGGGGTTACGTGAGA,0,3699113
tolCp1,0.5,1,1,GAGTAGCGACGCACGCAACG,0,3669687
tolCp1,0.5,1,1,GAGTAAGGAACCGCGCGGTA,0,3695280
tolCp1,0.5,1,1,GAGTAAGGAAAGGTCTATTC,0,3685874
tolCp1,0.5,1,1,GAGTAAAGCTATTACTAGAT,0,3702710
tolCp1,0.5,1,1,GAGGTTAGGGATTGCCTTGT,0,3680180
tolCp1,0.5,1,1,GAGGTAGTGGTACCGGCCCG,0,3701114
tolCp1,0.5,1,1,GAGGGTTAGCCGACGCCTCT,0,3691007
tolCp1,0.5,1,1,GAGGGCCTTTTTCCATGATC,0,3699252
tolCp1,0.5,1,1,GAGGGATAAACGGTTTTACC,0,3710971
tolCp1,0.5,1,1,GAGGGAGCATGTAAAAAGGC,0,3674076
tolCp1,0.5,1,1,GAGGGAGAGTCGCGCAGGCA,0,3699752
tolCp1,0.5,1,1,GAGGCTACCGTAACACCAGG,0,3678741
tolCp1,0.5,1,1,GAGGCCTCTGGGGGTGCACC,0,3689084
tolCp1,0.5,1,1,GAGGCCAGTCACATAGATGT,0,3669092
tolCp1,0.5,1,1,GAGGCAGCTGGCTGGCTTCT,0,3661817
tolCp1,0.5,1,1,GAGGCACATCAATTAAGGTC,0,3708790
tolCp1,0.5,1,1,GAGGATTGAGTCTTACCTCC,0,3677740
tolCp1,0.5,1,1,GAGGAGCATAGGGGCGCTGT,0,3715342
tolCp1,0.5,1,1,GAGCTTACTAGGCTTGAAGC,0,3684462
tolCp1,0.5,1,1,GAGCTGGGGCAATTGTCTAG,0,3670629
tolCp1,0.5,1,1,GAGCTCGGGACATCTAAGGA,0,3703986
tolCp1,0.5,1,1,GAGCGTGTATATAGCCGCGG,0,3663404
tolCp1,0.5,1,1,GAGCGGTAGGTTTGATGAAT,0,3673505
tolCp1,0.5,1,1,GAGCGCCTACGTTAAAATAT,0,3676084
tolCp1,0.5,1,1,GAGCCTTGGCTGAAAGGCGC,0,3697313
tolCp1,0.5,1,1,GAGCATCATTGGCCCAATCT,0,3709444
tolCp1,0.5,1,1,GAGCAGGCGGCAGGACGGAT,0,3711557
tolCp1,0.5,1,1,GAGCAAACCTTCAGACACAT,0,3665453
tolCp1,0.5,1,1,GAGATGGGTCGGGTTATGTC,0,3684002
tolCp1,0.5,1,1,GAGATCGGATTTTCGGGGGT,0,3684589
tolCp1,0.5,1,1,GAGAGGGGTAACTCCGGCCA,0,3711244
tolCp1,0.5,1,1,GAGAGGGGATTGCGCGTCTC,0,3672138
tolCp1,0.5,1,1,GAGAGATGCACAGCGTACAG,0,3663599
tolCp1,0.5,1,1,GACTTGGCCGTAGCCGTTTT,0,3664229
tolCp1,0.5,1,1,GACTTCACCGGGCTGCGATT,0,3675317
tolCp1,0.5,1,1,GACTGTTAGGGCCGACAACG,0,3663959
tolCp1,0.5,1,1,GACTGGTGGTAATCGATCCT,0,3698587
tolCp1,0.5,1,1,GACTGCCTGATTTTCTGGAT,0,3682976
tolCp1,0.5,1,1,GACTGATAACCAGCTCTCTA,0,3670187
tolCp1,0.5,1,1,GACTCGACCGGGTAACATCT,0,3669302
tolCp1,0.5,1,1,GACTCCCGGGGTGCTCTTGA,0,3680582
tolCp1,0.5,1,1,GACTCCCGGCGAACCTATTA,0,3670938
tolCp1,0.5,1,1,GACTCCACAGGTACGGACGT,0,3676883
tolCp1,0.5,1,1,GACTATGACCTGTATTACAA,0,3704668
tolCp1,0.5,1,1,GACGTTTCTTGAGTCTGGAT,0,3666983
tolCp1,0.5,1,1,GACGTATGGTAGCAACGGTA,0,3666268
tolCp1,0.5,1,1,GACGGTCCTAGCAAGCCTTT,0,3688748
tolCp1,0.5,1,1,GACGGCTGTGATCGGCCTAC,0,3686528
tolCp1,0.5,1,1,GACGCGTTTCGTTGACCTTT,0,3683416
tolCp1,0.5,1,1,GACGCGGTCTCTGTACAAAA,0,3709923
tolCp1,0.5,1,1,GACGCCTCTTTAAACTAAGA,0,3661703
tolCp1,0.5,1,1,GACGCCAAACAATGCGTCCT,0,3705777
tolCp1,0.5,1,1,GACGCATCTTACACGTGGTT,0,3676708
tolCp1,0.5,1,1,GACCTTTCACCGCCGTAGTG,0,3708303
tolCp1,0.5,1,1,GACCGCATCCATGACGCCAT,0,3707702
tolCp1,0.5,1,1,GACCATTGATCTAGTAATAT,0,3667586
tolCp1,0.5,1,1,GACCACGATGGGTGCAGATA,0,3696616
tolCp1,0.5,1,1,GACATTCTCGTGCGTCCTCA,0,3668008
tolCp1,0.5,1,1,GACATTCTACGGAACTCAGC,0,3661950
tolCp1,0.5,1,1,GACATTCGAAGCGGCTACGC,0,3673195
tolCp1,0.5,1,1,GACATGGACGCAAGACCTCA,0,3684211
tolCp1,0.5,1,1,GACATGATATACGAAAAGGT,0,3697615
tolCp1,0.5,1,1,GACAGTCAGGTGCCTACGCA,0,3693026
tolCp1,0.5,1,1,GACAGGCAGGTAAGGATGGG,0,3685177
tolCp1,0.5,1,1,GACAGCTATCCACGTGTACT,0,3662854
tolCp1,0.5,1,1,GACACGAGGGATTCAAGCAG,0,3691014
tolCp1,0.5,1,1,GACAATTTGATAACGTGGCA,0,3678987
tolCp1,0.5,1,1,GACAATCTTGGTCTATGTTG,0,3692232
tolCp1,0.5,1,1,GACAACACACTGATGGCAGA,0,3709413
tolCp1,0.5,1,1,GAATTCTAGATAAAAGTTAT,0,3687076
tolCp1,0.5,1,1,GAATTCGAATGGTTTGGTGG,0,3705919
tolCp1,0.5,1,1,GAATGCGTTAGGTAACCGAT,0,3697809
tolCp1,0.5,1,1,GAATGATGACTGGGAACAGC,0,3678004
tolCp1,0.5,1,1,GAATCGGCAGGAAAACGGGT,0,3684876
tolCp1,0.5,1,1,GAATCGCTCCTCTTGGATCG,0,3668796
tolCp1,0.5,1,1,GAATCGAGTCGAAGCAGAGA,0,3706053
tolCp1,0.5,1,1,GAATCGAAGTAATGACCAAG,0,3701362
tolCp1,0.5,1,1,GAATCACCAGTCGCATTCGC,0,3678712
tolCp1,0.5,1,1,GAAGTGACGCGTTCGAGTCT,0,3682564
tolCp1,0.5,1,1,GAAGTCTGCCCATGCTCAGC,0,3711019
tolCp1,0.5,1,1,GAAGTAGGGAAAGGTCATTC,0,3681368
tolCp1,0.5,1,1,GAAGTAGGCAGATCAGTAAC,0,3712181
tolCp1,0.5,1,1,GAAGTAAGGCGTCATGTCGT,0,3682000
tolCp1,0.5,1,1,GAAGGTCCTTCTGAGTATGT,0,3669914
tolCp1,0.5,1,1,GAAGGGGTTCTGAAGATTGA,0,3710493
tolCp1,0.5,1,1,GAAGGGACTGTCTGGTTCAT,0,3702421
tolCp1,0.5,1,1,GAAGGCAACCTGACATTGCC,0,3670228
tolCp1,0.5,1,1,GAAGCCACGGGGGTCCGTGG,0,3680041
tolCp1,0.5,1,1,GAACGGGCGAGGTTCGTCAC,0,3691225
tolCp1,0.5,1,1,GAACCTGCACTGTACAATCT,0,3689597
tolCp1,0.5,1,1,GAACCGGTACAACAACCAGG,0,3707900
tolCp1,0.5,1,1,GAACCACTACCGTAGCAACG,0,3666726
tolCp1,0.5,1,1,GAACATACTTTGGAGGGCCA,0,3701667
tolCp1,0.5,1,1,GAAATGCCAGGCCCCTACAA,0,3672902
tolCp1,0.5,1,1,GAAATCATGTGCGCCAATGC,0,3685124
tolCp1,0.5,1,1,GAAATATGTTTAGTTTCGGT,0,3699916
tolCp1,0.5,1,1,GAAAGTTGTAGAGCCCCCGA,0,3704944
tolCp1,0.5,1,1,GAAAGTGTTGGTCAGATCCT,0,3669813
tolCp1,0.5,1,1,GAAAGTCAGTGCATCTTACA,0,3670565
tolCp1,0.5,1,1,GAAAGAAGCGCTTCATGCAT,0,3690577
tolCp1,0.5,1,1,GAAACGCGGGCAGGCCGCAT,0,3671680
tolCp1,0.5,1,1,GAAACGCGCGTATCTGTCGA,0,3661570
tolCp1,0.5,1,1,GAAACCTCTGCATCTTGTTT,0,3705912
tolCp1,0.5,1,1,GAAAATGCGTGTCCACTTCA,0,3673135
tolCp1,0.5,1,1,GAAAATCACTTATTACTCTC,0,3673795
tolCp1,0.5,1,1,GAAAAGACGCCGTGCGTATA,0,3691986
tolCp1,0.5,1,1,GAAAACTCCGAGGCTTACCC,0,3694316
tolCp1,0.5,1,1,CTTTTTATGTCGGATGATGA,0,3702994
tolCp1,0.5,1,1,CTTTTGTTTCAGACAGGATT,0,3672355
tolCp1,0.5,1,1,CTTTTCACCAGTTCTGTCAA,0,3687954
tolCp1,0.5,1,1,CTTTTAAACGGTCCGTTACC,0,3707532
tolCp1,0.5,1,1,CTTTGTCTTAAATATTTCTT,0,3703842
tolCp1,0.5,1,1,CTTTGAGTTATTGCTGCTCG,0,3678271
tolCp1,0.5,1,1,CTTTGACAACGGCAAGGACT,0,3673263
tolCp1,0.5,1,1,CTTTCTTCCTTGGGGTGAAA,0,3669899
tolCp1,0.5,1,1,CTTTCCGGTCATCTCTCGAG,0,3696486
tolCp1,0.5,1,1,CTTTCACAGCTTGAAGTCAA,0,3710989
tolCp1,0.5,1,1,CTTTATCTGGTGAGAGAATT,0,3670456
tolCp1,0.5,1,1,CTTTAATCGCAGTTCATTTG,0,3696808
tolCp1,0.5,1,1,CTTGTTCGCGGCCGCAATAT,0,3692168
tolCp1,0.5,1,1,CTTGTGTTGTCGTGCATGGG,0,3668558
tolCp1,0.5,1,1,CTTGTGCTTGTCGTGGCTCA,0,3699767
tolCp1,0.5,1,1,CTTGGACGTCTGTTCGCCCG,0,3665688
tolCp1,0.5,1,1,CTTGCTGGTAGGACCTAACC,0,3710019
tolCp1,0.5,1,1,CTTGCCTGATGGATCTGTGT,0,3707693
tolCp1,0.5,1,1,CTTGCATCCTGCTGACGATG,0,3703950
tolCp1,0.5,1,1,CTTGATGCTTACGTTAGATC,0,3705675
tolCp1,0.5,1,1,CTTGAACGTGTTAATAGGTC,0,3679071
tolCp1,0.5,1,1,CTTCTGTGTCAACACCTAGT,0,3684553
tolCp1,0.5,1,1,CTTCGCCGGGATAGATGAGT,0,3672810
tolCp1,0.5,1,1,CTTCATATTTTTTCGGTGCT,0,3687472
tolCp1,0.5,1,1,CTTCAGTAAACTTGGCATCC,0,3674344
tolCp1,0.5,1,1,CTTATTTCTTCAACGGGAAT,0,3697011
tolCp1,0.5,1,1,CTTAGTAAGCGGGCAACACA,0,3711572
tolCp1,0.5,1,1,CTTAGGTCAGCCCGCCGTTT,0,3677120
tolCp1,0.5,1,1,CTTAGCCCTTCAACCAGTGG,0,3707071
tolCp1,0.5,1,1,CTTACTAAGAAGCTCGAAGC,0,3694207
tolCp1,0.5,1,1,CTTACGTGGAATAAACATGC,0,3695125
tolCp1,0.5,1,1,CTTAAATCCACCGTAGTTAG,0,3679200
tolCp1,0.5,1,1,CTGTTTCTAGGTGGTGGATT,0,3671558
tolCp1,0.5,1,1,CTGTTGATTTAGATCTGAAG,0,3694838
tolCp1,0.5,1,1,CTGTTCTTGACAGGCCACAG,0,3709073
tolCp1,0.5,1,1,CTGTGTCGAACATGAGAATC,0,3668560
tolCp1,0.5,1,1,CTGTGTAGGCACGCACCAAG,0,3667475
tolCp1,0.5,1,1,CTGTGCAGTATCAACCAACT,0,3689463
tolCp1,0.5,1,1,CTGTGATTTCATGCACGCGG,0,3674369
tolCp1,0.5,1,1,CTGTCTCCTAAGACCCCCTC,0,3683190
tolCp1,0.5,1,1,CTGTCCAGCAGGAGATTCCG,0,3689728
tolCp1,0.5,1,1,CTGTCCAAAGGACTGAACGT,0,3713290
tolCp1,0.5,1,1,CTGTCAGCTTCATGTCGTTA,0,3692373
tolCp1,0.5,1,1,CTGTAGCGATGCGGTAGCTT,0,3670786
tolCp1,0.5,1,1,CTGTAGCGAATGCGAGACGG,0,3676270
tolCp1,0.5,1,1,CTGTAGAATTTCACAGCATA,0,3683439
tolCp1,0.5,1,1,CTGGTCACCCCGGTACTATA,0,3683371
tolCp1,0.5,1,1,CTGGTATGCCGAGGCAATCT,0,3707936
tolCp1,0.5,1,1,CTGGTACTGGGGACATCGCT,0,3707452
tolCp1,0.5,1,1,CTGGTAACTCAGCGCAGAGA,0,3692532
tolCp1,0.5,1,1,CTGGGGGATGGTTGTTCCAA,0,3693492
tolCp1,0.5,1,1,CTGGGGACTCTTCGCCAGGA,0,3715018
tolCp1,0.5,1,1,CTGGGCTGCCGATGCCGCTG,0,3694626
tolCp1,0.5,1,1,CTGGGACGATATAACTCTTA,0,3707594
tolCp1,0.5,1,1,CTGGGAATAGTGGACCGGGA,0,3672188
tolCp1,0.5,1,1,CTGGGAAGGGAGTACGATGG,0,3670143
tolCp1,0.5,1,1,CTGGATTGAACATGCTCAAA,0,3696840
tolCp1,0.5,1,1,CTGGATGGGAATGCTAACTA,0,3669574
tolCp1,0.5,1,1,CTGGATCCCGGACACTTTCT,0,3691925
tolCp1,0.5,1,1,CTGGAGTACGCCTACAATCA,0,3691958
tolCp1,0.5,1,1,CTGGAGACACTAACGCCACG,0,3666015
tolCp1,0.5,1,1,CTGGACAGGCAAGTCAGTTC,0,3664598
tolCp1,0.5,1,1,CTGGAACACTAAAATTATAA,0,3687387
tolCp1,0.5,1,1,CTGCTGCCTTTCAATGGACA,0,3668691
tolCp1,0.5,1,1,CTGCTAAAAGCAGCGCCTTC,0,3670537
tolCp1,0.5,1,1,CTGCGTGATGGCTCAGTCAC,0,3674854
tolCp1,0.5,1,1,CTGCGAGACCGGGTTCAAAA,0,3662613
tolCp1,0.5,1,1,CTGCGACTGGCCGGTTCCTT,0,3685944
tolCp1,0.5,1,1,CTGCCTTGAATACATATGCT,0,3675580
tolCp1,0.5,1,1,CTGCCTGTCTTGAAGCCTGT,0,3692113
tolCp1,0.5,1,1,CTGCCGATAACCTTAGATGT,0,3712505
tolCp1,0.5,1,1,CTGCCCTTTGAAGCAGATAA,0,3701048
tolCp1,0.5,1,1,CTGCCCGTGCGAAGGGACGA,0,3671987
tolCp1,0.5,1,1,CTGCACACCCTCGCAGGTTA,0,3674378
tolCp1,0.5,1,1,CTGCAATGACTCTAATGATA,0,3677565
tolCp1,0.5,1,1,CTGATATGGTCTGAATAAGT,0,3705810
tolCp1,0.5,1,1,CTGATATACGAGCGGCTCCC,0,3705449
tolCp1,0.5,1,1,CTGACTTAAAAGAAATAGAC,0,3680707
tolCp1,0.5,1,1,CTGACTGGTATTCTGTGTTA,0,3673220
tolCp1,0.5,1,1,CTGACCGAATTTGTCGAGTC,0,3684085
tolCp1,0.5,1,1,CTGACAGTCCAGGTGGTAGA,0,3701003
tolCp1,0.5,1,1,CTGACAAGGTAGTTAGTGCG,0,3711679
tolCp1,0.5,1,1,CTGAAGTTTGTGCGGTATCG,0,3702532
tolCp1,0.5,1,1,CTGAAGATTGCACTCGAATT,0,3686197
tolCp1,0.5,1,1,CTCTGGGTCGATCCACGTGT,0,3663687
tolCp1,0.5,1,1,CTCTGCCGCGGAATTTGGCT,0,3675043
tolCp1,0.5,1,1,CTCTGATCCTACACGATGGG,0,3664079
tolCp1,0.5,1,1,CTCTGACTAGCCCTCAGCTT,0,3674902
tolCp1,0.5,1,1,CTCTCGAACGTGACAGAGAT,0,3666018
tolCp1,0.5,1,1,CTCTCCCATATATTTGCGGT,0,3686655
tolCp1,0.5,1,1,CTCTATATGTGTTGTCGTGC,0,3695688
tolCp1,0.5,1,1,CTCTAATGCTCCGCGCAGGT,0,3678647
tolCp1,0.5,1,1,CTCGGGGAGATATGCGTACG,0,3671627
tolCp1,0.5,1,1,CTCGGGGACGTTTAAAAGTA,0,3682203
tolCp1,0.5,1,1,CTCGGGATTGGTATCGAAAA,0,3667827
tolCp1,0.5,1,1,CTCGCGACGGCTCCAAGAAT,0,3715188
tolCp1,0.5,1,1,CTCGCATGTTTCTAACAGGG,0,3689395
tolCp1,0.5,1,1,CTCGATCACCCATTGTGGCT,0,3674244
tolCp1,0.5,1,1,CTCGACGAGACGTGCAAGTA,0,3714844
tolCp1,0.5,1,1,CTCCTGGACAACGGATGGCT,0,3684251
tolCp1,0.5,1,1,CTCCTATGATGTCAATGAGT,0,3661563
tolCp1,0.5,1,1,CTCCTATCAGTTCCCATGGA,0,3691242
tolCp1,0.5,1,1,CTCCGTCACTATTGACAGTC,0,3707289
tolCp1,0.5,1,1,CTCCGATAGGACGGGCTCCT,0,3663780
tolCp1,0.5,1,1,CTCCGATACCTGAGCAATGA,0,3699703
tolCp1,0.5,1,1,CTCCCGCCTGGAACGGATTT,0,3707164
tolCp1,0.5,1,1,CTCCCACTAGCACGGAGGTC,0,3661470
tolCp1,0.5,1,1,CTCATCGATAATCCCTCCAT,0,3665695
tolCp1,0.5,1,1,CTCAGGGGATGTCAACTAAT,0,3691220
tolCp1,0.5,1,1,CTCAGCCCCCACGCCCGTGT,0,3683629
tolCp1,0.5,1,1,CTCAGCAGAGCAGCATTCCG,0,3706136
tolCp1,0.5,1,1,CTCACATGGCCTAGGGGACT,0,3666470
tolCp1,0.5,1,1,CTCACACGGTAACCTGGGAG,0,3689106
tolCp1,0.5,1,1,CTCACACCAGCAGCTCGCCC,0,3691459
tolCp1,0.5,1,1,CTCAATGGCCAGTTATCTGG,0,3691210
tolCp1,0.5,1,1,CTCAAAGGTGTGGCATCCGG,0,3684413
tolCp1,0.5,1,1,CTCAAACAACTGCCAACATT,0,3701816
tolCp1,0.5,1,1,CTATTGGGCTGACAGGTGTC,0,3694474
tolCp1,0.5,1,1,CTATTCATCGGGAATGCTAG,0,3696640
tolCp1,0.5,1,1,CTATTAGCCCATGGCCGCGG,0,3677466
tolCp1,0.5,1,1,CTATTACTTCAATTCTGTCG,0,3696051
tolCp1,0.5,1,1,CTATGCTGCGCACTATTATA,0,3699289
tolCp1,0.5,1,1,CTATGCTACGCTGTGGTTCT,0,3692057
tolCp1,0.5,1,1,CTATGATTACGCAATGATAC,0,3682393
tolCp1,0.5,1,1,CTATCGTTCAGAGTCTAGCT,0,3676219
tolCp1,0.5,1,1,CTATCCACTTTATCGGCATT,0,3711842
tolCp1,0.5,1,1,CTATCATGAGCGTGACACAT,0,3715240
tolCp1,0.5,1,1,CTATATCGCTGGGATCTACT,0,3706807
tolCp1,0.5,1,1,CTAGTGTCTTACCCTAGGCT,0,3678265
tolCp1,0.5,1,1,CTAGTGGTCAAGGGCTGCAA,0,3692913
tolCp1,0.5,1,1,CTAGTGGACGGGGTCGCTCG,0,3673853
tolCp1,0.5,1,1,CTAGTCTAGATCTGAGTTCT,0,3663699
tolCp1,0.5,1,1,CTAGTCACGCAGAGAAGAAC,0,3676583
tolCp1,0.5,1,1,CTAGTAATCTGGGGTCTCGA,0,3704475
tolCp1,0.5,1,1,CTAGGCTACTTTGAAGCGCG,0,3695896
tolCp1,0.5,1,1,CTAGCTTCAACCGAACTCAG,0,3700771
tolCp1,0.5,1,1,CTAGCCTTCTAGGGCGAGAA,0,3693064
tolCp1,0.5,1,1,CTAGCCAGGGATTTAGTAGT,0,3667758
tolCp1,0.5,1,1,CTAGATAATCCTGGGCCAGA,0,3684804
tolCp1,0.5,1,1,CTAGAGTGCCCGCTTTTGAT,0,3706186
tolCp1,0.5,1,1,CTACTTCAAGCAAAACTGTG,0,3684404
tolCp1,0.5,1,1,CTACTGTTATTGCTGATCGG,0,3680596
tolCp1,0.5,1,1,CTACTCCGTTGTTCGACCTC,0,3677880
tolCp1,0.5,1,1,CTACGGAACTGGCGTGTTTG,0,3712002
tolCp1,0.5,1,1,CTACGCTGTGTTACCGCGTT,0,3711240
tolCp1,0.5,1,1,CTACGATAGGTCAACAATCA,0,3680662
tolCp1,0.5,1,1,CTACCGTTTGAACGCGGTTG,0,3693403
tolCp1,0.5,1,1,CTACAATGTGCTCTTAACTC,0,3709473
tolCp1,0.5,1,1,CTACAAGGAGGTTCTTGAGG,0,3711286
tolCp1,0.5,1,1,CTAATCTCTTCAACCCGTTA,0,3704405
tolCp1,0.5,1,1,CTAAGTGGGATCACGAGTTC,0,3678085
tolCp1,0.5,1,1,CTAACGTCCCCTATTGAGAT,0,3678991
tolCp1,0.5,1,1,CTAACAAAATACGCTTTTAC,0,3696621
tolCp1,0.5,1,1,CTAAATCACATTCCACGCGT,0,3702005
tolCp1,0.5,1,1,CTAAATAGGTCCCTCATCAT,0,3661140
tolCp1,0.5,1,1,CTAAAGTGCGTCGGGAACTC,0,3697767
tolCp1,0.5,1,1,CTAAAACCGGTGGTTAAAAG,0,3663513
tolCp1,0.5,1,1,CGTTGATCACCTTGGTTTCC,0,3715108
tolCp1,0.5,1,1,CGTTCTGCCGCTCCAGACCA,0,3704615
tolCp1,0.5,1,1,CGTTCTAGCGGATATGTGAC,0,3698438
tolCp1,0.5,1,1,CGTTATAAATAGTTACAGAT,0,3676566
tolCp1,0.5,1,1,CGTTAGTTCCCAATTATGTA,0,3674083
tolCp1,0.5,1,1,CGTTACTCTAGGTGAGACTA,0,3677289
tolCp1,0.5,1,1,CGTGTGTGAGATCTTCAATA,0,3661659
tolCp1,0.5,1,1,CGTGGTCTTGCAAACGGATG,0,3674546
tolCp1,0.5,1,1,CGTGGACAGGTTTTCCCGGG,0,3715203
tolCp1,0.5,1,1,CGTGGACAGATCAATATTTG,0,3681717
tolCp1,0.5,1,1,CGTGGAAACCGATAGGCCTA,0,3704542
tolCp1,0.5,1,1,CGTGCTGTAGTAGACCCCCA,0,3700177
tolCp1,0.5,1,1,CGTGAGGTCTGGGCGCTTGT,0,3713572
tolCp1,0.5,1,1,CGTGAGCATCTTGACCCGAA,0,3707174
tolCp1,0.5,1,1,CGTGACAACGACGGCCTGCA,0,3707933
tolCp1,0.5,1,1,CGTCTTTTTGCAGGCGTCCC,0,3703864
tolCp1,0.5,1,1,CGTCTTCTGAGACATAGGGT,0,3687832
tolCp1,0.5,1,1,CGTCTCGCTTTCTTAGCGGG,0,3712342
tolCp1,0.5,1,1,CGTCTCATACATAGATGGGG,0,3694868
tolCp1,0.5,1,1,CGTCGTGATCTGACGTTAGT,0,3685588
tolCp1,0.5,1,1,CGTCGTAATTTAGATTCAGA,0,3668632
tolCp1,0.5,1,1,CGTCGCATAAAACTTAGCAT,0,3672394
tolCp1,0.5,1,1,CGTCGCAACGGGGTAAGGCC,0,3685618
tolCp1,0.5,1,1,CGTCGATAAAGCAAGCGCAG,0,3714313
tolCp1,0.5,1,1,CGTCCCGTCGTCGATTTCAA,0,3677858
tolCp1,0.5,1,1,CGTCAATGGGTGCAATCTGT,0,3687308
tolCp1,0.5,1,1,CGTATGATAATAATGTGGTC,0,3673302
tolCp1,0.5,1,1,CGTAGTGGCACAATGAGTGT,0,3692865
tolCp1,0.5,1,1,CGTAGGGGTTGTGGTCAATC,0,3714941
tolCp1,0.5,1,1,CGTAGCCTCATCTACCCGAT,0,3715327
tolCp1,0.5,1,1,CGTAGAGGGGTATTGGATGA,0,3702526
tolCp1,0.5,1,1,CGTACCCTCAACTCAACGAC,0,3698020
tolCp1,0.5,1,1,CGTACCCAACCAGCAGCGCG,0,3666060
tolCp1,0.5,1,1,CGTACCAGGTACCAAGCTGA,0,3681916
tolCp1,0.5,1,1,CGTAAGAGACAAAGCCTGAT,0,3663431
tolCp1,0.5,1,1,CGGTGACCGGGGCGTTTACA,0,3700175
tolCp1,0.5,1,1,CGGTGACAAGGGGCCGCAGT,0,3672140
tolCp1,0.5,1,1,CGGTCGGAATTCTTAGCCAC,0,3679489
tolCp1,0.5,1,1,CGGTCGCAGAGGATTGTACA,0,3670334
tolCp1,0.5,1,1,CGGTCGAACGTACTGCAAGG,0,3681347
tolCp1,0.5,1,1,CGGTCCCGACTTACTACGGG,0,3681078
tolCp1,0.5,1,1,CGGTCATTTCGAGGTTCAAC,0,3701706
tolCp1,0.5,1,1,CGGTATCGCGGAGGCTGATT,0,3677021
tolCp1,0.5,1,1,CGGGTTACAAGGGAATGCGT,0,3710708
tolCp1,0.5,1,1,CGGGTGGCATTACGGGTCCG,0,3703144
tolCp1,0.5,1,1,CGGGTGACTTTTGCGCCTAC,0,3673642
tolCp1,0.5,1,1,CGGGGTCCAATTCGTAGATA,0,3684512
tolCp1,0.5,1,1,CGGGGCACATCCGTGGCCTG,0,3662817
tolCp1,0.5,1,1,CGGGCGGTATTTTCGAGCCA,0,3698153
tolCp1,0.5,1,1,CGGGCCAACTCACTTAGACT,0,3685769
tolCp1,0.5,1,1,CGGGCAGGTGGCACAGTTTT,0,3695148
tolCp1,0.5,1,1,CGGGATGTCTTTAGCAGAAC,0,3706729
tolCp1,0.5,1,1,CGGGATGCCAGTCGTAGGGT,0,3679162
tolCp1,0.5,1,1,CGGGAGTAAAGAAGAAACAC,0,3681214
tolCp1,0.5,1,1,CGGGACTGAGGCCACTCTAA,0,3698445
tolCp1,0.5,1,1,CGGGAAAACGCAATATCGTT,0,3672417
tolCp1,0.5,1,1,CGGCTGGATCTAAAAGACTG,0,3670412
tolCp1,0.5,1,1,CGGCTCGAAAGACTATGTGG,0,3690724
tolCp1,0.5,1,1,CGGCTAAGAAAAGAAGGGTG,0,3673646
tolCp1,0.5,1,1,CGGCGTTGTGGCGATTGCGC,0,3670926
tolCp1,0.5,1,1,CGGCGTATGGCTGTTGTTGA,0,3703741
tolCp1,0.5,1,1,CGGCGCAGTGAAGGTCCGTA,0,3676337
tolCp1,0.5,1,1,CGGCGACACCAAGTGGTTGG,0,3672888
tolCp1,0.5,1,1,CGGCCGGTAAGGAAATAGTG,0,3667641
tolCp1,0.5,1,1,CGGCCGCTTCATCCCTCGTA,0,3689785
tolCp1,0.5,1,1,CGGCCGATATTGTCCGGGGT,0,3714702
tolCp1,0.5,1,1,CGGCCCGGTATAAGGCTCCT,0,3667068
tolCp1,0.5,1,1,CGGCCCATTTAGTTAAGTGC,0,3671337
tolCp1,0.5,1,1,CGGCCCATGGCTCCAATTCG,0,3698641
tolCp1,0.5,1,1,CGGCCCAGTGGGAGTGCGAG,0,3673212
tolCp1,0.5,1,1,CGGCCAACATAAAGGCAAAT,0,3695220
tolCp1,0.5,1,1,CGGCATCAAGTAGGTTATCA,0,3690579
tolCp1,0.5,1,1,CGGATGCTTACAAGTCGTCA,0,3690749
tolCp1,0.5,1,1,CGGAGTGGTTCTCCGACGAG,0,3698737
tolCp1,0.5,1,1,CGGAGGATAAATCATGTATT,0,3687936
tolCp1,0.5,1,1,CGGAGATAGGATCTCCGGAG,0,3667907
tolCp1,0.5,1,1,CGGAGAAGCAACTTCTCAGT,0,3698414
tolCp1,0.5,1,1,CGGAGAACTGTAACCGAATG,0,3674744
tolCp1,0.5,1,1,CGGACGTACGCTGTATTGAA,0,3715209
tolCp1,0.5,1,1,CGGAATATGGCAATGAGTAT,0,3704589
tolCp1,0.5,1,1,CGGAATAGTTACCCCACGTT,0,3704217
tolCp1,0.5,1,1,CGGAAATTATCACCAACCGT,0,3667118
tolCp1,0.5,1,1,CGCTTATATTAACTAACGTG,0,3713996
tolCp1,0.5,1,1,CGCTGGGTGGAACCCCTCAC,0,3692688
tolCp1,0.5,1,1,CGCTCTTCGTCCGCTCAGGC,0,3681581
tolCp1,0.5,1,1,CGCTCTACCCCCCACATTTT,0,3684917
tolCp1,0.5,1,1,CGCTCTAACGGCTTTCTTGT,0,3703320
tolCp1,0.5,1,1,CGCTCCTCATTTCGATAAGA,0,3663196
tolCp1,0.5,1,1,CGCTATCAACGTTGTTCGGA,0,3672243
tolCp1,0.5,1,1,CGCTAGCTCGACGCATGACT,0,3680925
tolCp1,0.5,1,1,CGCTACCGTGCATTCCTAGA,0,3708003
tolCp1,0.5,1,1,CGCTAATACTGCTTGTGCAT,0,3706290
tolCp1,0.5,1,1,CGCGTTTATCGCGTAGGATT,0,3714070
tolCp1,0.5,1,1,CGCGTGGGCCGGAATCCTGC,0,3715221
tolCp1,0.5,1,1,CGCGTGCGATTCTTCGTGGC,0,3682085
tolCp1,0.5,1,1,CGCGTCACCTTCTCCCGTGG,0,3705359
tolCp1,0.5,1,1,CGCGGGTGCGGAGCAGCACC,0,3673480
tolCp1,0.5,1,1,CGCGGACTTTCGAGGCACAC,0,3691068
tolCp1,0.5,1,1,CGCGGAACAGGTGGCGAAAG,0,3705700
tolCp1,0.5,1,1,CGCGCGTGGGATAACTAAGT,0,3703810
tolCp1,0.5,1,1,CGCGCGCTCCATGCACGAGT,0,3669432
tolCp1,0.5,1,1,CGCGCCAGTCCGAGGCACCA,0,3706768
tolCp1,0.5,1,1,CGCGCACGCACCACGAAGGA,0,3685984
tolCp1,0.5,1,1,CGCGCACATATCACATTATC,0,3672569
tolCp1,0.5,1,1,CGCGATGGTATGTAATGACA,0,3663117
tolCp1,0.5,1,1,CGCGAGGCATTGCTTATATG,0,3691145
tolCp1,0.5,1,1,CGCCTCGTCTGATCGCTGTA,0,3666210
tolCp1,0.5,1,1,CGCCTCCCTGTAGCACAAAT,0,3666207
tolCp1,0.5,1,1,CGCCTATTGGCGAACCGTCG,0,3711607
tolCp1,0.5,1,1,CGCCTATCAACAGGGTAATG,0,3690655
tolCp1,0.5,1,1,CGCCTAGGCTTTATCATATC,0,3712667
tolCp1,0.5,1,1,CGCCGGTAGTCTTACAGTGA,0,3714787
tolCp1,0.5,1,1,CGCCGCGGCGGATCTGGCTA,0,3683260
tolCp1,0.5,1,1,CGCATTTCAGGCTTAATCGG,0,3663329
tolCp1,0.5,1,1,CGCATGGTGAGACACGGGAG,0,3701310
tolCp1,0.5,1,1,CGCATACCGCAAAGCACAGT,0,3685837
tolCp1,0.5,1,1,CGCAGGCGAACGTTCACCCA,0,3689681
tolCp1,0.5,1,1,CGCAGGAGCTGGCTCGATGG,0,3664409
tolCp1,0.5,1,1,CGCAGGAGACTGACCCATTA,0,3690327
tolCp1,0.5,1,1,CGCAGGACTTGGAGAGAGCT,0,3701105
tolCp1,0.5,1,1,CGCACTCGATGGGTGGCATG,0,3681124
tolCp1,0.5,1,1,CGCACCGCTCTCAAGCGCGC,0,3692156
tolCp1,0.5,1,1,CGCACATCACATCAACCCAA,0,3678710
tolCp1,0.5,1,1,CGCACACGTTAATGCTTCCC,0,3666638
tolCp1,0.5,1,1,CGCAATTATTCCTCAGGTTC,0,3673154
tolCp1,0.5,1,1,CGCAAGGTCTAGGTTCTAGT,0,3673878
tolCp1,0.5,1,1,CGCAACTTATTTTAAGGCTT,0,3681973
tolCp1,0.5,1,1,CGCAAAGGTACGGTATAATG,0,3710488
tolCp1,0.5,1,1,CGATGCATACCTTAGATGCG,0,3664233
tolCp1,0.5,1,1,CGATGCAAAAGACCACAAAA,0,3704189
tolCp1,0.5,1,1,CGATGAGATCCACGCAGGTA,0,3675778
tolCp1,0.5,1,1,CGATCAATGAGGTGTTCGAT,0,3685046
tolCp1,0.5,1,1,CGATATCGTTATGGTAACTC,0,3679328
tolCp1,0.5,1,1,CGATAGGGGTGGGCAGTCCA,0,3696375
tolCp1,0.5,1,1,CGATAACACAGTGTCAGTGC,0,3674991
tolCp1,0.5,1,1,CGAGTGGGTTTAGTATCCCT,0,3685847
tolCp1,0.5,1,1,CGAGTGCATCGTACATACTG,0,3711682
tolCp1,0.5,1,1,CGAGGGTTCAATCGGCCGCA,0,3703529
tolCp1,0.5,1,1,CGAGGATCATTATGCATGGG,0,3684642
tolCp1,0.5,1,1,CGAGCCTTGCTTGGGGCGCA,0,3683348
tolCp1,0.5,1,1,CGAGCCCGTGGGAACAAGGC,0,3684894
tolCp1,0.5,1,1,CGAGCATCGTTACTCCTATT,0,3683515
tolCp1,0.5,1,1,CGAGCAGGGACTTTCCGAAT,0,3674547
tolCp1,0.5,1,1,CGAGCAAATAAGCGGTTAGG,0,3679115
tolCp1,0.5,1,1,CGAGAGCTTTCAGCTAGACT,0,3688153
tolCp1,0.5,1,1,CGAGAGCAAGTGCCCGGAGT,0,3694678
tolCp1,0.5,1,1,CGAGACTGCTCCTTTGCAAA,0,3708650
tolCp1,0.5,1,1,CGAGACAGAGAAAGAATTTT,0,3663537
tolCp1,0.5,1,1,CGACTTCTACCTCCGCCGTG,0,3705603
tolCp1,0.5,1,1,CGACTGGGCGTCATGTCACT,0,3670272
tolCp1,0.5,1,1,CGACTGCGGTAGCCAATGCG,0,3678415
tolCp1,0.5,1,1,CGACGGGGCGTCCGGCACTT,0,3664558
tolCp1,0.5,1,1,CGACCTTTGATTTGTCCGTC,0,3671471
tolCp1,0.5,1,1,CGACCTGGGCTCTGTCCCTA,0,3705918
tolCp1,0.5,1,1,CGACCAACGGTGCGGAAAGG,0,3714018
tolCp1,0.5,1,1,CGACAAATGCACATCACCAA,0,3690948
tolCp1,0.5,1,1,CGAATTTTCGTTACTTCGCA,0,3686213
tolCp1,0.5,1,1,CGAAGAATCTACTTAATCCC,0,3679842
tolCp1,0.5,1,1,CGAACGTTGAGCACGGCTTC,0,3699311
tolCp1,0.5,1,1,CGAACGGGTGAAGCCTCATG,0,3696849
tolCp1,0.5,1,1,CGAACGGGCATCAGAATAAT,0,3670466
tolCp1,0.5,1,1,CGAACATCTTACAACGAGTG,0,3696740
tolCp1,0.5,1,1,CGAAATCAACACTGCAAGCA,0,3670224
tolCp1,0.5,1,1,CGAAAATGGGCTCTCAGGAA,0,3682062
tolCp1,0.5,1,1,CGAAAACATTGTATCCAGTA,0,3703509
tolCp1,0.5,1,1,CCTTTCGGATAAGTGCAGTA,0,3692158
tolCp1,0.5,1,1,CCTTTAGTGTAGTGTCCTGG,0,3703430
tolCp1,0.5,1,1,CCTTTACGTGGTTTATGCGA,0,3706991
tolCp1,0.5,1,1,CCTTGTGTGTTTCGACATAG,0,3699875
tolCp1,0.5,1,1,CCTTGCAGGGAAGATAGGCA,0,3692055
tolCp1,0.5,1,1,CCTTGACGATTACTGAATCT,0,3709244
tolCp1,0.5,1,1,CCTTCTGTCGCTTGGTTGAG,0,3672995
tolCp1,0.5,1,1,CCTTCTGAATTGGTACCATA,0,3691002
tolCp1,0.5,1,1,CCTTCCGCCCAGCAAGCACG,0,3705531
tolCp1,0.5,1,1,CCTTCAGGCCACGAACACAC,0,3668820
tolCp1,0.5,1,1,CCTTCACGTCCACCCCAAGA,0,3681872
tolCp1,0.5,1,1,CCTTAGTAACGTCATGCAGA,0,3679632
tolCp1,0.5,1,1,CCTTAGGTACCGTGGCCGCT,0,3665175
tolCp1,0.5,1,1,CCTTAGATGAGCCAGTGAAA,0,3712208
tolCp1,0.5,1,1,CCTGTGGTAGGCATCGTCCA,0,3688566
tolCp1,0.5,1,1,CCTGTGGGGGCAGGGGCGTT,0,3710560
tolCp1,0.5,1,1,CCTGTGCTGCTAGCCGCAAT,0,3709740
tolCp1,0.5,1,1,CCTGGCATATATCCTACACT,0,3674301
tolCp1,0.5,1,1,CCTGAGAAGCAAGCTATTTG,0,3670324
tolCp1,0.5,1,1,CCTGACAGTGTTGAAGATAG,0,3706896
tolCp1,0.5,1,1,CCTGACAACTTACTAAGAGC,0,3677337
tolCp1,0.5,1,1,CCTCTGTAGCCAACCACCTA,0,3712774
tolCp1,0.5,1,1,CCTCTGAGGAGTGGCCGCCC,0,3712493
tolCp1,0.5,1,1,CCTCTCCCGTGCTTTGGATT,0,3682033
tolCp1,0.5,1,1,CCTCTATGAGAATACCAGGG,0,3714158
tolCp1,0.5,1,1,CCTCTACCCACGGAGGGCAC,0,3701902
tolCp1,0.5,1,1,CCTCGTTAGGTGTGACTAAC,0,3707543
tolCp1,0.5,1,1,CCTCGGTCAAAATTTAAATG,0,3687041
tolCp1,0.5,1,1,CCTCGCACCTGGCTCCGCTC,0,3714925
tolCp1,0.5,1,1,CCTCCGTTCTCGGCACATGT,0,3684587
tolCp1,0.5,1,1,CCTCCCTCGGGTCGTGAGAA,0,3691873
tolCp1,0.5,1,1,CCTCCCAAGCGACTGCACGA,0,3680868
tolCp1,0.5,1,1,CCTCCAGGTGAACCTATTCC,0,3668588
tolCp1,0.5,1,1,CCTCCAAACTAGGACATCGG,0,3705190
tolCp1,0.5,1,1,CCTCAACACTTGAGCGCCTC,0,3697765
tolCp1,0.5,1,1,CCTATGTAGGTATAGTCCCA,0,3680238
tolCp1,0.5,1,1,CCTATGCAACAGGGGGTGTA,0,3665491
tolCp1,0.5,1,1,CCTATCGAGTACTGTTTTTG,0,3705350
tolCp1,0.5,1,1,CCTATAAGAGCTCGCGTTAG,0,3686523
tolCp1,0.5,1,1,CCTAGTAGGGTAGAAGATAT,0,3696120
tolCp1,0.5,1,1,CCTAGGCCAGGTCTTAACTA,0,3709463
tolCp1,0.5,1,1,CCTAGCTGCGTATCCTCTTA,0,3685574
tolCp1,0.5,1,1,CCTAGAAGTTTGGGACCGGA,0,3683854
tolCp1,0.5,1,1,CCTACGTGAGAGCATCGGCT,0,3663580
tolCp1,0.5,1,1,CCTAAGAATGGTCAGCTCAC,0,3671052
tolCp1,0.5,1,1,CCTAACCCGCCACGATTCGC,0,3677504
tolCp1,0.5,1,1,CCGTTTCGCTTTCGTACACC,0,3668503
tolCp1,0.5,1,1,CCGTTAAATATCTTGTGTCT,0,3662476
tolCp1,0.5,1,1,CCGTGCACATGGTAGGTGAT,0,3689579
tolCp1,0.5,1,1,CCGTCTTGATTCTTTGCCGA,0,3696539
tolCp1,0.5,1,1,CCGTCACTGTCCGGGTACGG,0,3683005
tolCp1,0.5,1,1,CCGTATCGCAGGAAAGTGAA,0,3674511
tolCp1,0.5,1,1,CCGTATCGAGGCTGACGAAG,0,3665113
tolCp1,0.5,1,1,CCGTAGGGGGGATGTCGATG,0,3684186
tolCp1,0.5,1,1,CCGGTACAGTACGTCTAGCA,0,3693865
tolCp1,0.5,1,1,CCGGGTTTAAGATTGGTGAT,0,3669179
tolCp1,0.5,1,1,CCGGGTTAACACGGCCTTTG,0,3693198
tolCp1,0.5,1,1,CCGGGGTATCCCGCCACAGG,0,3666578
tolCp1,0.5,1,1,CCGGGATTGGGACCGAAAGC,0,3702524
tolCp1,0.5,1,1,CCGGCTCACTTCTATCCGGA,0,3681022
tolCp1,0.5,1,1,CCGGAGCCACACGTGCCGCA,0,3680043
tolCp1,0.5,1,1,CCGGACCGCAGCAACGGACT,0,3695849
tolCp1,0.5,1,1,CCGCTTGGAGGGACTGGAGT,0,3664228
tolCp1,0.5,1,1,CCGCTCTCTATAAGTGAGGT,0,3693896
tolCp1,0.5,1,1,CCGCTCCCATAAATACCTCT,0,3661916
tolCp1,0.5,1,1,CCGCTCATTGAGGCCTTTAC,0,3673388
tolCp1,0.5,1,1,CCGCTATGTCACCGTTGGAC,0,3688534
tolCp1,0.5,1,1,CCGCGTATGCTTTCGCCAAA,0,3668006
tolCp1,0.5,1,1,CCGCGCCTGGGAAAGGAGAT,0,3662573
tolCp1,0.5,1,1,CCGCACAACCTCTTGATGGG,0,3690083
tolCp1,0.5,1,1,CCGCAAAACTAACGCAATCC,0,3710337
tolCp1,0.5,1,1,CCGATTCGCCGTGCACCATT,0,3678980
tolCp1,0.5,1,1,CCGATGATTGTGGCAATTAA,0,3703940
tolCp1,0.5,1,1,CCGATCACAGGTATGATGAC,0,3696084
tolCp1,0.5,1,1,CCGAGTTCTGGGACAATGAT,0,3681592
tolCp1,0.5,1,1,CCGAGAGGCACGATTCTAAT,0,3711393
tolCp1,0.5,1,1,CCGAGAGACTGAATTGGATC,0,3683254
tolCp1,0.5,1,1,CCGACGCGTACAATTCACCA,0,3689710
tolCp1,0.5,1,1,CCGACGCGCACGGGTGTTCC,0,3710454
tolCp1,0.5,1,1,CCGAATTCGTCCCTGCTGAC,0,3710012
tolCp1,0.5,1,1,CCGAATACCACGTCTGTATG,0,3698401
tolCp1,0.5,1,1,CCGAAGAGAGAATGCTTAAG,0,3707146
tolCp1,0.5,1,1,CCGAACAGTTAGATCGTAAG,0,3679161
tolCp1,0.5,1,1,CCGAAATTTCCAGCCTGGAG,0,3683223
tolCp1,0.5,1,1,CCCTTAGGTGGTTTATGTAC,0,3688692
tolCp1,0.5,1,1,CCCTTAGCGCGAGCAGCCAA,0,3666835
tolCp1,0.5,1,1,CCCTTAGAAGTGTCACGATA,0,3689619
tolCp1,0.5,1,1,CCCTTAGAAGAGGTCTGTAA,0,3712799
tolCp1,0.5,1,1,CCCTGTGAAAGTCTGTGGGA,0,3672278
tolCp1,0.5,1,1,CCCTCTGGGTCGCAGTTCGT,0,3694525
tolCp1,0.5,1,1,CCCTCCAGTAGATCCGAAGA,0,3684915
tolCp1,0.5,1,1,CCCTACGAGTATGTGATCGC,0,3703441
tolCp1,0.5,1,1,CCCGTTCATTCTTAATTATA,0,3694693
tolCp1,0.5,1,1,CCCGTGGCGTCCTCGACAGA,0,3676282
tolCp1,0.5,1,1,CCCGTGGAGAGGGCAAGATG,0,3683176
tolCp1,0.5,1,1,CCCGTGATCAACAGCTTAGA,0,3676942
tolCp1,0.5,1,1,CCCGTCATATAGCGGGCGAG,0,3706469
tolCp1,0.5,1,1,CCCGGTAACAGTTACGCAAT,0,3670074
tolCp1,0.5,1,1,CCCGGCCGGGCTGCAGATTT,0,3681847
tolCp1,0.5,1,1,CCCGGAACATCTGATCTTGT,0,3685642
tolCp1,0.5,1,1,CCCGCGGTTCGAAAAGTTGA,0,3676004
tolCp1,0.5,1,1,CCCGCACTGGTCACGCGTTG,0,3700807
tolCp1,0.5,1,1,CCCGACTAGGCTCATAGCAG,0,3698870
tolCp1,0.5,1,1,CCCGACAACGTAGTTATTGT,0,3677890
tolCp1,0.5,1,1,CCCCTGTTGGACTGTCACAC,0,3692022
tolCp1,0.5,1,1,CCCCTGATGCATAGGGCCTC,0,3706683
tolCp1,0.5,1,1,CCCCTACATGGGCCAAGTAA,0,3693506
tolCp1,0.5,1,1,CCCCGGCTTTTTACAAGGCA,0,3668394
tolCp1,0.5,1,1,CCCCCGATCCTACATAATAA,0,3680333
tolCp1,0.5,1,1,CCCCCCAGGTGCTGTGCGCA,0,3682089
tolCp1,0.5,1,1,CCCCCAGGTGCATGCCGACT,0,3679606
tolCp1,0.5,1,1,CCCCCAGCCGTGGTAGAGAA,0,3685405
tolCp1,0.5,1,1,CCCCACATTGCGCACGCATA,0,3675527
tolCp1,0.5,1,1,CCCCAACCTTAGGGTTTAAT,0,3700520
tolCp1,0.5,1,1,CCCATGGCCTGGCGTGCGAG,0,3681380
tolCp1,0.5,1,1,CCCAGTTTTGTGGTAGCGTC,0,3712511
tolCp1,0.5,1,1,CCCAGTGACACATGCCGTGG,0,3664923
tolCp1,0.5,1,1,CCCAGAGCGACTTCGTGTCT,0,3709304
tolCp1,0.5,1,1,CCCAGAAGCTAGCGCTCGTT,0,3703981
tolCp1,0.5,1,1,CCCACGGCATCCCGGGCTTA,0,3710048
tolCp1,0.5,1,1,CCCACCTCAGCAGCTCAGAC,0,3705034
tolCp1,0.5,1,1,CCCAAGTTTTCCTCCGATTG,0,3695658
tolCp1,0.5,1,1,CCCAAGGCCGATAACTCTAG,0,3698144
tolCp1,0.5,1,1,CCATTTATAGAAAGAGGTCA,0,3687337
tolCp1,0.5,1,1,CCATTAGGTTGACTTTGTTG,0,3661276
tolCp1,0.5,1,1,CCATTAAACGCGAGGACACG,0,3676076
tolCp1,0.5,1,1,CCATTAAAAGCTGGGTAGCT,0,3683565
tolCp1,0.5,1,1,CCATGTGAACCGAAATTCGA,0,3677301
tolCp1,0.5,1,1,CCATGGGGACTTTTCAATGT,0,3681064
tolCp1,0.5,1,1,CCATGACGGTTTGTTTCTGT,0,3692442
tolCp1,0.5,1,1,CCATCGATGCGGTATCAATC,0,3696756
tolCp1,0.5,1,1,CCATATACTGTAGTTGATAA,0,3664353
tolCp1,0.5,1,1,CCATACTGATACGAACTCTT,0,3711242
tolCp1,0.5,1,1,CCATACCTCCTTAATCTACG,0,3707749
tolCp1,0.5,1,1,CCAGTAGGCCTTCCGTACCG,0,3671744
tolCp1,0.5,1,1,CCAGTAGCCGCGGCGCTAAT,0,3702036
tolCp1,0.5,1,1,CCAGCTTGGTATTGGTGTCT,0,3687829
tolCp1,0.5,1,1,CCAGCTCTAATAATGTAAAA,0,3699701
tolCp1,0.5,1,1,CCAGCGCCTCCTAGAAACCA,0,3697314
tolCp1,0.5,1,1,CCAGCCATGTACGCATAGGT,0,3688924
tolCp1,0.5,1,1,CCAGCAAGTGTTTGACAGCC,0,3686514
tolCp1,0.5,1,1,CCAGATGCAGGGGGGGACAT,0,3687342
tolCp1,0.5,1,1,CCAGAGAGCGCTACGTGTGC,0,3665655
tolCp1,0.5,1,1,CCAGAATATCATCCAACCAT,0,3708427
tolCp1,0.5,1,1,CCAGAAAACATCTCGGTGTC,0,3695194
tolCp1,0.5,1,1,CCACTGGGTTTTGGTGTACT,0,3711126
tolCp1,0.5,1,1,CCACTGCGAGAGGTGCACGG,0,3673241
tolCp1,0.5,1,1,CCACTCACTGAGGGGGTGTG,0,3689693
tolCp1,0.5,1,1,CCACGAGGGAAGTACCGTTA,0,3688339
tolCp1,0.5,1,1,CCACGAACACCAGGCAGGCA,0,3680356
tolCp1,0.5,1,1,CCACCGGCTCATGTGCCTTC,0,3690147
tolCp1,0.5,1,1,CCACCCGCACTTAATAGCCC,0,3713121
tolCp1,0.5,1,1,CCACCCAAGCCACAGCAAGA,0,3702014
tolCp1,0.5,1,1,CCACAGGTTCTGGTACTCCG,0,3672012
tolCp1,0.5,1,1,CCACAGGAACTGCAATGATA,0,3711651
tolCp1,0.5,1,1,CCACACTCACTGCCGTCCAT,0,3713149
tolCp1,0.5,1,1,CCACACTATGTACGTCAATT,0,3709243
tolCp1,0.5,1,1,CCACACGGCCGGACAGTATA,0,3691104
tolCp1,0.5,1,1,CCAAGTAAGCCCTGTTGGGG,0,3684099
tolCp1,0.5,1,1,CCAAGGGTATACGTAATAGG,0,3693919
tolCp1,0.5,1,1,CCAAGGAAAACCAGGTAAAG,0,3714805
tolCp1,0.5,1,1,CCAAGCGGAACGTCCACCAC,0,3700413
tolCp1,0.5,1,1,CCAAGAGACGAAGGCTGAAT,0,3685911
tolCp1,0.5,1,1,CCAACGGCCACCGTGTGAAC,0,3705627
tolCp1,0.5,1,1,CCAACGATCCGGTGCAAGCT,0,3686584
tolCp1,0.5,1,1,CCAACAGTAGGGGCCTGTAT,0,3714822
tolCp1,0.5,1,1,CCAAAGCATATGATTGGCAT,0,3683582
tolCp1,0.5,1,1,CCAAACCCAGATACACATGA,0,3710815
tolCp1,0.5,1,1,CCAAACCAGGGCTAAGTTTT,0,3691632
tolCp1,0.5,1,1,CATTTTTTAGCTTGACATCC,0,3669716
tolCp1,0.5,1,1,CATTTATGCCGTCTCAGCCG,0,3715332
tolCp1,0.5,1,1,CATTGGGTAACTCGCTGTAT,0,3701840
tolCp1,0.5,1,1,CATTGAAGAGCAGTACGGAG,0,3684034
tolCp1,0.5,1,1,CATTCTCTGCTCGGCAATAA,0,3694823
tolCp1,0.5,1,1,CATTCGTTCCCCCTGTCTTT,0,3674723
tolCp1,0.5,1,1,CATTATGTTATGCGTGCTCC,0,3703115
tolCp1,0.5,1,1,CATTAGCTCGGTACAGGATG,0,3674810
tolCp1,0.5,1,1,CATTACAGATCGGCAGCCCA,0,3664571
tolCp1,0.5,1,1,CATGTCAATTTGACCTCTCT,0,3680869
tolCp1,0.5,1,1,CATGGTATCTTGTATGGCAA,0,3685927
tolCp1,0.5,1,1,CATGGGTCAAGTCTGGCACC,0,3707117
tolCp1,0.5,1,1,CATGGCGTCATTCGTAATGA,0,3664185
tolCp1,0.5,1,1,CATGGATACGATGCCTGGTT,0,3664110
tolCp1,0.5,1,1,CATGCACTGACGTGCACAGG,0,3688157
tolCp1,0.5,1,1,CATGACACTACGAATAGCTT,0,3707695
tolCp1,0.5,1,1,CATGAATAGTTGTCATGAAT,0,3702155
tolCp1,0.5,1,1,CATGAAACAACAGACAACTA,0,3707386
tolCp1,0.5,1,1,CATCTGGCCGTTGGATTATT,0,3696619
tolCp1,0.5,1,1,CATCTGAAACGTGGTGTGGT,0,3709269
tolCp1,0.5,1,1,CATCGCACACCCCGAAAACG,0,3697245
tolCp1,0.5,1,1,CATCGAGTACACGCGAAATC,0,3710260
tolCp1,0.5,1,1,CATCGAGAGATGTAATACCT,0,3711168
tolCp1,0.5,1,1,CATCCTACGCCAGCCGGTAC,0,3704934
tolCp1,0.5,1,1,CATCCGCCTACAATGATATA,0,3677395
tolCp1,0.5,1,1,CATCACGGGCCTCTTGCTGA,0,3672997
tolCp1,0.5,1,1,CATCACATCACGTCCGAGGC,0,3711749
tolCp1,0.5,1,1,CATATCGCCCTAACCATGTG,0,3678411
tolCp1,0.5,1,1,CATATCGCAGAGTTCTGTGC,0,3678534
tolCp1,0.5,1,1,CATATCGAGGCTCCAAGTGT,0,3711467
tolCp1,0.5,1,1,CATATCATTCTACAGGTACA,0,3685352
tolCp1,0.5,1,1,CATAGTTCTTTGATAGTGGG,0,3673354
tolCp1,0.5,1,1,CATAGTGAGGTCTACGGGCT,0,3681660
tolCp1,0.5,1,1,CATAGTGAGGCACTCATGGG,0,3662088
tolCp1,0.5,1,1,CATAGGGAGGGTGTTGGAGT,0,3665928
tolCp1,0.5,1,1,CATAGCTGTTGAGTCACCCG,0,3707920
tolCp1,0.5,1,1,CATAGCCGTAATGTTCGGGT,0,3713345
tolCp1,0.5,1,1,CATACCGTGCGTGAGCGATA,0,3668546
tolCp1,0.5,1,1,CATAAACTTGTGTTAGAACG,0,3662534
tolCp1,0.5,1,1,CAGTTGGATTAATAGCCTAA,0,3713486
tolCp1,0.5,1,1,CAGTTACATTCTCATACCAG,0,3671234
tolCp1,0.5,1,1,CAGTGGATGTAGAAATGTAT,0,3696703
tolCp1,0.5,1,1,CAGTGAATGGCTTTGGGTTG,0,3705637
tolCp1,0.5,1,1,CAGTCACCCCAATAGGAGGA,0,3693203
tolCp1,0.5,1,1,CAGTACGCCGCCAAAGGCGG,0,3698905
tolCp1,0.5,1,1,CAGGTGCCCCTCACGCAATT,0,3661738
tolCp1,0.5,1,1,CAGGGGTTACACTGTATCTT,0,3693848
tolCp1,0.5,1,1,CAGGGGGTTCATCTAAGTAT,0,3683175
tolCp1,0.5,1,1,CAGGGCGTGTAAAATATGAA,0,3682339
tolCp1,0.5,1,1,CAGGGACTTTATCGCGGATG,0,3711034
tolCp1,0.5,1,1,CAGGGACGGAGGGTCGGTCA,0,3664725
tolCp1,0.5,1,1,CAGGCTTTGTCCGTTCACAG,0,3704897
tolCp1,0.5,1,1,CAGGCGCCCTGGAGTGCCTT,0,3666681
tolCp1,0.5,1,1,CAGGCAATTTCACCCTATCA,0,3666888
tolCp1,0.5,1,1,CAGGAGGATTAGCTGGTAGA,0,3707831
tolCp1,0.5,1,1,CAGGAATGGAAATTCGCCTT,0,3711175
tolCp1,0.5,1,1,CAGCTGTCGGATCGTCCCCA,0,3693742
tolCp1,0.5,1,1,CAGCTATCTTGGCCCGGGTT,0,3688001
tolCp1,0.5,1,1,CAGCGTATATGGAGAATCGG,0,3700719
tolCp1,0.5,1,1,CAGCGGCACGCCTGTAAGAG,0,3671953
tolCp1,0.5,1,1,CAGCGAATACAGAAGCAGAA,0,3686073
tolCp1,0.5,1,1,CAGCGAAGAACTAGGAGATA,0,3712744
tolCp1,0.5,1,1,CAGCCTGGGCTGGAGGCCGC,0,3714803
tolCp1,0.5,1,1,CAGCCATGTGTCCTTTTACC,0,3677956
tolCp1,0.5,1,1,CAGCCATGCAGCGCTAAAGT,0,3693249
tolCp1,0.5,1,1,CAGCAGCGCGCCATGGTGGA,0,3695841
tolCp1,0.5,1,1,CAGCACCCTCCTGCAAGACG,0,3699681
tolCp1,0.5,1,1,CAGCAATGATTCAGCCCGGA,0,3687466
tolCp1,0.5,1,1,CAGCAACTAGGTAATCGTCT,0,3666810
tolCp1,0.5,1,1,CAGCAACATGTTATTCGGTA,0,3710522
tolCp1,0.5,1,1,CAGATGTTGTATTCAACCAC,0,3687777
tolCp1,0.5,1,1,CAGATGATACATCACACAAA,0,3683166
tolCp1,0.5,1,1,CAGATGAGCAAAAACGTCCA,0,3707565
tolCp1,0.5,1,1,CAGAGTCTCTGCGGACACGT,0,3683859
tolCp1,0.5,1,1,CAGAGGTAATCGATCAGAAT,0,3694148
tolCp1,0.5,1,1,CAGAGGGTTGCTCACCGATC,0,3707837
tolCp1,0.5,1,1,CAGAGGCTCTGCAGTGGAAC,0,3675921
tolCp1,0.5,1,1,CAGAGACCGGTGATGCTTGG,0,3663064
tolCp1,0.5,1,1,CAGAGAATGTAAACGCGGAA,0,3702351
tolCp1,0.5,1,1,CAGACTCGTCTTTCCAGCAT,0,3709556
tolCp1,0.5,1,1,CAGACTCCTATTAGCAAGGA,0,3691321
tolCp1,0.5,1,1,CAGAATCTGTCCTCACATTG,0,3663741
tolCp1,0.5,1,1,CAGAAGTGGCTAGTCCGTAA,0,3709114
tolCp1,0.5,1,1,CAGAAGCAGCTACGGGCCGT,0,3671516
tolCp1,0.5,1,1,CAGAACCCCTTTGCCCTGGA,0,3702908
tolCp1,0.5,1,1,CACTTGTCCAGGAAACTTTC,0,3705784
tolCp1,0.5,1,1,CACTTAGCCATTCCTTTACT,0,3670519
tolCp1,0.5,1,1,CACTGGTAAATCGTCTTCCA,0,3691263
tolCp1,0.5,1,1,CACTGGCCAGACTTCTGTAG,0,3691415
tolCp1,0.5,1,1,CACTCGATCAATCTTGCGCC,0,3683764
tolCp1,0.5,1,1,CACTCCGGTCGCCTGGAGCT,0,3687188
tolCp1,0.5,1,1,CACGTTCAAAGCCCACAGAT,0,3668328
tolCp1,0.5,1,1,CACGGTCGTAGTCCTGATGG,0,3699340
tolCp1,0.5,1,1,CACGGGAGCCATGAGCTTTG,0,3679444
tolCp1,0.5,1,1,CACGGCGCCTTCCCGGGGGA,0,3712812
tolCp1,0.5,1,1,CACGGCAAGTATGAGTTCGT,0,3707756
tolCp1,0.5,1,1,CACGCTACAAAGCCGCTATG,0,3692105
tolCp1,0.5,1,1,CACCTTCACCTAGAGGGACA,0,3711520
tolCp1,0.5,1,1,CACCTTAATGTTTGCATTTG,0,3712920
tolCp1,0.5,1,1,CACCGGGGACCCTCCTGTCA,0,3710751
tolCp1,0.5,1,1,CACCGCTCGCCCCTGATGTA,0,3683084
tolCp1,0.5,1,1,CACCGCATTGGGGTCAATGC,0,3682950
tolCp1,0.5,1,1,CACCCTGTGCGGGCGTAAGT,0,3704164
tolCp1,0.5,1,1,CACCCCTACTAAATGGTATT,0,3674381
tolCp1,0.5,1,1,CACCCCAGCCGTCAATACCC,0,3688073
tolCp1,0.5,1,1,CACCCACGCAGCACCTGCCC,0,3693238
tolCp1,0.5,1,1,CACCATATTAATTGCTGGTT,0,3706183
tolCp1,0.5,1,1,CACCACTTGATAATGCCGAT,0,3708016
tolCp1,0.5,1,1,CACATTAGATTTACCGAGAC,0,3687616
tolCp1,0.5,1,1,CACATTACCGTGTCACGCAT,0,3670219
tolCp1,0.5,1,1,CACATCCTAGTCGTCTGGTG,0,3686443
tolCp1,0.5,1,1,CACAGTCAGTTCGGCTATGA,0,3707501
tolCp1,0.5,1,1,CACAGTAAGAGGCAATATCT,0,3690005
tolCp1,0.5,1,1,CACAGAAATCCTCCCATTAA,0,3702404
tolCp1,0.5,1,1,CACACTTCACGGGTAGTTGT,0,3664495
tolCp1,0.5,1,1,CACACTAGCACAGCCGAACA,0,3704424
tolCp1,0.5,1,1,CACACATTGTTTCCGCGATG,0,3686587
tolCp1,0.5,1,1,CACACATTGGCAGCGGCTGA,0,3679404
tolCp1,0.5,1,1,CACAAGCGATATGGTAGGTA,0,3712800
tolCp1,0.5,1,1,CAATTATCAATTCTGTGGGA,0,3711170
tolCp1,0.5,1,1,CAATGTCACCCGTCGGGACA,0,3697735
tolCp1,0.5,1,1,CAATGTCACAGGACAATAGA,0,3677324
tolCp1,0.5,1,1,CAATGTCAACGGGATCGCTT,0,3705658
tolCp1,0.5,1,1,CAATGCTGGTTTAGGTCTTC,0,3708474
tolCp1,0.5,1,1,CAATCGACCACCCGGGCGCA,0,3701004
tolCp1,0.5,1,1,CAATCCTCTCTTATCACAGT,0,3689461
tolCp1,0.5,1,1,CAAGTTGACGGCTCGTAAGT,0,3714291
tolCp1,0.5,1,1,CAAGTGCTCACGCACCCATC,0,3686846
tolCp1,0.5,1,1,CAAGTGCGCCCCGATCATAG,0,3672027
tolCp1,0.5,1,1,CAAGTAAAGTCTTGTTAACT,0,3677276
tolCp1,0.5,1,1,CAAGCTTGACCGCGGCGAAA,0,3679742
tolCp1,0.5,1,1,CAAGCTGAGGATTACCATAG,0,3686590
tolCp1,0.5,1,1,CAAGCTACAACCTTGAATAT,0,3699248
tolCp1,0.5,1,1,CAAGCGCGGCGACGTATCGG,0,3690207
tolCp1,0.5,1,1,CAAGCGACCGTCTCAGTCAC,0,3692655
tolCp1,0.5,1,1,CAAGCCGGAGACAAACGGTT,0,3676898
tolCp1,0.5,1,1,CAAGCCCCCTAGTACTGCGG,0,3661839
tolCp1,0.5,1,1,CAACTTAGGATGTCTCCGGT,0,3662060
tolCp1,0.5,1,1,CAACTGTACTGGAAGCATTT,0,3706515
tolCp1,0.5,1,1,CAACTGCGGGCTGCCCGGTT,0,3666218
tolCp1,0.5,1,1,CAACGTGGTGCTGGAGACCA,0,3670874
tolCp1,0.5,1,1,CAACGTCAAATCATTTTGGC,0,3714182
tolCp1,0.5,1,1,CAACGGGAGTTCTAAAGACA,0,3661500
tolCp1,0.5,1,1,CAACCGGCCCGCGGGAAGGT,0,3678596
tolCp1,0.5,1,1,CAACCCTGTTTAGCTCGTCT,0,3695462
tolCp1,0.5,1,1,CAACCCACCCCAGGGCTCGA,0,3695527
tolCp1,0.5,1,1,CAACCACCTTCAGCCCACGA,0,3680212
tolCp1,0.5,1,1,CAACCAATCAGCATCTCGAA,0,3680074
tolCp1,0.5,1,1,CAACAAATTGAGAAGGGACT,0,3674997
tolCp1,0.5,1,1,CAAATAGAAGTTGTAGAAGA,0,3669893
tolCp1,0.5,1,1,CAAAGGAACTCACTCTACTA,0,3671994
tolCp1,0.5,1,1,CAAAGCAAAATTAAGGATGT,0,3668984
tolCp1,0.5,1,1,CAAAGAGGCCAGGTTTGGAC,0,3706686
tolCp1,0.5,1,1,CAAAGACCAGAACTTAGTGT,0,3683654
tolCp1,0.5,1,1,CAAACTGCGGATAAGAGGGT,0,3700957
tolCp1,0.5,1,1,CAAACATACTCTCATGCGGC,0,3678313
tolCp1,0.5,1,1,CAAACAAATTTCGTAATGAT,0,3684975
tolCp1,0.5,1,1,CAAAACTTGAGATATTTGTG,0,3686777
tolCp1,0.5,1,1,CAAAAACCATCCGACGGCAT,0,3674124
tolCp1,0.5,1,1,ATTTTGAACATAGTTTTTCA,0,3689116
tolCp1,0.5,1,1,ATTTTCAGTCGGGACGCGGT,0,3689033
tolCp1,0.5,1,1,ATTTTACGGGAGGCGATCTT,0,3681491
tolCp1,0.5,1,1,ATTTGATTTTTACAGGGGCT,0,3706213
tolCp1,0.5,1,1,ATTTCGGGTTGCGCGACCAA,0,3684846
tolCp1,0.5,1,1,ATTTCCGGGGGAGCCCCTCG,0,3701078
tolCp1,0.5,1,1,ATTTAGATATTCGAAATCTG,0,3689647
tolCp1,0.5,1,1,ATTTACGTTACTAATGGAGG,0,3664059
tolCp1,0.5,1,1,ATTTAAATTTTCCCATATGC,0,3693548
tolCp1,0.5,1,1,ATTGTTGATTGTCAATGCAA,0,3669216
tolCp1,0.5,1,1,ATTGTCAGCTGCTGCTAACC,0,3710418
tolCp1,0.5,1,1,ATTGTAACCTGTGTGAGAGT,0,3694723
tolCp1,0.5,1,1,ATTGGGTCTGTCGTGCTTGG,0,3688250
tolCp1,0.5,1,1,ATTGGGAACAACCGGCCAGA,0,3665779
tolCp1,0.5,1,1,ATTGGAACTTAAGACAGAGA,0,3704198
tolCp1,0.5,1,1,ATTGGAAATCATAGTTCTGT,0,3680792
tolCp1,0.5,1,1,ATTGGAAAAGGATTGAACCG,0,3692404
tolCp1,0.5,1,1,ATTGCTCGGGTACGGTAGGT,0,3703914
tolCp1,0.5,1,1,ATTGCCCTCCTTGCCAGGGG,0,3693431
tolCp1,0.5,1,1,ATTGCACTAATGTTTCGTTG,0,3686076
tolCp1,0.5,1,1,ATTGAAGCGATTGAAGCTAT,0,3667550
tolCp1,0.5,1,1,ATTCTGTGTCCGGTAGCATT,0,3699705
tolCp1,0.5,1,1,ATTCGGTTAGAACGAGGTCG,0,3670042
tolCp1,0.5,1,1,ATTCGGCATCTCGCATGCGA,0,3691264
tolCp1,0.5,1,1,ATTCGCAGGCATAGGTAAAA,0,3710247
tolCp1,0.5,1,1,ATTCCGGATGTTTTATGTTT,0,3668193
tolCp1,0.5,1,1,ATTCCCGGGCACTTTGGTGA,0,3683937
tolCp1,0.5,1,1,ATTCATGCTTGGAATGGATA,0,3674370
tolCp1,0.5,1,1,ATTCACTGGACTATAGCAAA,0,3675851
tolCp1,0.5,1,1,ATTCAACAAGGTACCTACAA,0,3695516
tolCp1,0.5,1,1,ATTATGCTCAAGTCTGTTTC,0,3695715
tolCp1,0.5,1,1,ATTATGATGGTACGGGTCGG,0,3694691
tolCp1,0.5,1,1,ATTATCTTTGGAACCGTAGC,0,3706214
tolCp1,0.5,1,1,ATTAGTCCAAGTTCGCTCAT,0,3661300
tolCp1,0.5,1,1,ATTAGCACAATCGGCTTTGA,0,3715048
tolCp1,0.5,1,1,ATTACCCGGGCCGGTTCTGA,0,3679073
tolCp1,0.5,1,1,ATTACATTATTGAATCGTGG,0,3688998
tolCp1,0.5,1,1,ATTAATGGTGGTCTTCAGAA,0,3711090
tolCp1,0.5,1,1,ATTAATGGCTATTGTGATGT,0,3682516
tolCp1,0.5,1,1,ATTAAAACAGTCTTAAGCAT,0,3697499
tolCp1,0.5,1,1,ATGTTTGTTGCCCTGGCTCC,0,3670962
tolCp1,0.5,1,1,ATGTGCTGAATCACGTTAAC,0,3663426
tolCp1,0.5,1,1,ATGTGCGGGGTATTCGAATT,0,3661662
tolCp1,0.5,1,1,ATGTCTATTTGTGAGCCCTC,0,3678358
tolCp1,0.5,1,1,ATGTCGATCACAAACTCTCC,0,3669205
tolCp1,0.5,1,1,ATGTAGTGTAGCGCGTTGAA,0,3678687
tolCp1,0.5,1,1,ATGTACTAGGACGCGATTGA,0,3715087
tolCp1,0.5,1,1,ATGGTTTCTTTGGTCTGAGT,0,3686147
tolCp1,0.5,1,1,ATGGTTCGGCTCTCTCCGCA,0,3689904
tolCp1,0.5,1,1,ATGGTTATGGTGTCGGGGGT,0,3686532
tolCp1,0.5,1,1,ATGGTGTCATATATCTAAGA,0,3707005
tolCp1,0.5,1,1,ATGGTAAATGACTTGAAGCA,0,3671450
tolCp1,0.5,1,1,ATGGGTCCATTCGTTCTTGC,0,3695804
tolCp1,0.5,1,1,ATGGGGCGCGAGAGATCACT,0,3699056
tolCp1,0.5,1,1,ATGGGGACTTATAACCGCGT,0,3705435
tolCp1,0.5,1,1,ATGGGCTCTGGGCGCGACCC,0,3710907
tolCp1,0.5,1,1,ATGGGCGTCAACGTTATCAG,0,3674768
tolCp1,0.5,1,1,ATGGCTCTTGGAACGCTCAG,0,3692110
tolCp1,0.5,1,1,ATGGCGACGTCCCATTTGAT,0,3694772
tolCp1,0.5,1,1,ATGGCCAAACTCATTACTGA,0,3676608
tolCp1,0.5,1,1,ATGGATTACAAATAACGTGC,0,3714237
tolCp1,0.5,1,1,ATGGAGGCAGCCACAAAGGT,0,3700200
tolCp1,0.5,1,1,ATGGAATAAAAATTTCTACA,0,3681051
tolCp1,0.5,1,1,ATGGAAGTAGCTTTACGGAG,0,3676350
tolCp1,0.5,1,1,ATGGAACCGCTTGCTGGCAA,0,3711039
tolCp1,0.5,1,1,ATGCTTTACCCGGTTGCAGT,0,3702094
tolCp1,0.5,1,1,ATGCTGCGCCCGGCTCTTTA,0,3707884
tolCp1,0.5,1,1,ATGCTCTTATCTTCAGTTTC,0,3682997
tolCp1,0.5,1,1,ATGCTCGGTTCCATATGCCC,0,3662392
tolCp1,0.5,1,1,ATGCGGAGGTCGCAATTGGC,0,3671181
tolCp1,0.5,1,1,ATGCGGACCTTATACACTCC,0,3691948
tolCp1,0.5,1,1,ATGCCTACACTAAATCCTTT,0,3661821
tolCp1,0.5,1,1,ATGCCCCACAGACGAGTTTC,0,3688693
tolCp1,0.5,1,1,ATGCACGTGCGGCCCTGGAG,0,3698064
tolCp1,0.5,1,1,ATGATCTAAGAGGTGGCTAC,0,3686761
tolCp1,0.5,1,1,ATGAGTCGGACAGAGGACTA,0,3681766
tolCp1,0.5,1,1,ATGAGGAATGATTTAGACGC,0,3681654
tolCp1,0.5,1,1,ATGAGCACCCATCAGGACCA,0,3701809
tolCp1,0.5,1,1,ATGAGAGCAGACACTCTAAT,0,3708516
tolCp1,0.5,1,1,ATGAAATTTCGGATTCAATA,0,3684004
tolCp1,0.5,1,1,ATCTGTCATAGGCTTGCGTC,0,3663836
tolCp1,0.5,1,1,ATCTGTATGGTGAGTTAGTT,0,3667080
tolCp1,0.5,1,1,ATCTGGATCGCAAGCATAAG,0,3693140
tolCp1,0.5,1,1,ATCTGATGATACTTCCAGAT,0,3669494
tolCp1,0.5,1,1,ATCTCGAGGTACTAGAAATT,0,3714440
tolCp1,0.5,1,1,ATCTACTTCGACGGGTCTAT,0,3696778
tolCp1,0.5,1,1,ATCTACGGTTAACCTAACCT,0,3690030
tolCp1,0.5,1,1,ATCTAACCAAACACAAGCAG,0,3667225
tolCp1,0.5,1,1,ATCGGTGCGGCAGGATTCGC,0,3674002
tolCp1,0.5,1,1,ATCGGCACGACTTTGAGACA,0,3672408
tolCp1,0.5,1,1,ATCGGAGTTTAATACTCGGC,0,3711571
tolCp1,0.5,1,1,ATCGGAGTTCAGTAAATCAT,0,3704196
tolCp1,0.5,1,1,ATCGGACTCCGGGATATTCA,0,3668267
tolCp1,0.5,1,1,ATCGGACTAAGCCACGGAGA,0,3661128
tolCp1,0.5,1,1,ATCGGAAATAGAACAGGACC,0,3701513
tolCp1,0.5,1,1,ATCGCGTGATGCATCCATGC,0,3694363
tolCp1,0.5,1,1,ATCGAGGTTCTAAACTGTCG,0,3663778
tolCp1,0.5,1,1,ATCGAGATACTAGAATCCGG,0,3685991
tolCp1,0.5,1,1,ATCGACTACGGACGTCGCGC,0,3707062
tolCp1,0.5,1,1,ATCGAAAAGATCCACTGAAG,0,3702510
tolCp1,0.5,1,1,ATCCCGGTTGGATTTCACCC,0,3707486
tolCp1,0.5,1,1,ATCCCGGCGGATTTCTCGCG,0,3685781
tolCp1,0.5,1,1,ATCCCCAGGATAGCCCCCTG,0,3694523
tolCp1,0.5,1,1,ATCCATACGGCGCCGGCACG,0,3700994
tolCp1,0.5,1,1,ATCATGGTATCTCGATAGCT,0,3676213
tolCp1,0.5,1,1,ATCAGTGGGTGTACTGCGTG,0,3695598
tolCp1,0.5,1,1,ATCAGGCGCCAGTAAATATT,0,3706707
tolCp1,0.5,1,1,ATCAGAATTCGGCTCAGACA,0,3681261
tolCp1,0.5,1,1,ATCACTCGTAGTAAAATGGT,0,3679805
tolCp1,0.5,1,1,ATCACATTACCACTCGGCCC,0,3670665
tolCp1,0.5,1,1,ATCACACGGGGGACTGGGAT,0,3687435
tolCp1,0.5,1,1,ATCAAGAAAGAGGAACGGTT,0,3674545
tolCp1,0.5,1,1,ATCAACAGAGCTCGATCGTT,0,3685424
tolCp1,0.5,1,1,ATCAAACCCCTGAATATGTT,0,3693712
tolCp1,0.5,1,1,ATATTGTGATTCTCCTACGT,0,3695169
tolCp1,0.5,1,1,ATATTGCGAAAGCAGCGCGT,0,3673609
tolCp1,0.5,1,1,ATATTAGCAACAGAACTAAA,0,3702512
tolCp1,0.5,1,1,ATATGACGTGTGGTTTTAGA,0,3662078
tolCp1,0.5,1,1,ATATCTAACATGAGTGTAGT,0,3677538
tolCp1,0.5,1,1,ATATCGGTACATTTTTAGGA,0,3698400
tolCp1,0.5,1,1,ATATCGCTATTGTCACGCCT,0,3678126
tolCp1,0.5,1,1,ATATATTAGCGCCGCACCAA,0,3686204
tolCp1,0.5,1,1,ATATATACATGGAATCGCAA,0,3699908
tolCp1,0.5,1,1,ATAGTTTCTGTCAGGAACGG,0,3681763
tolCp1,0.5,1,1,ATAGTCAATTAGCGAATGTA,0,3662621
tolCp1,0.5,1,1,ATAGGTGATGAGGTGTTGCA,0,3675986
tolCp1,0.5,1,1,ATAGCATCAGGTTATTGGAC,0,3666817
tolCp1,0.5,1,1,ATAGATTAAGCCGCTCCGAT,0,3685423
tolCp1,0.5,1,1,ATAGACTTTTTGTGGCGACC,0,3700283
tolCp1,0.5,1,1,ATACTTAGTACCTAGCGATT,0,3710946
tolCp1,0.5,1,1,ATACTCATTCCCATCTCCAC,0,3707540
tolCp1,0.5,1,1,ATACTACTTTTAAATCCGCT,0,3699963
tolCp1,0.5,1,1,ATACCTGTAAGGGCCGGGAC,0,3661416
tolCp1,0.5,1,1,ATACCTCTGATGCTCCCCGA,0,3700843
tolCp1,0.5,1,1,ATACCGGTATCCGGTGAATA,0,3679884
tolCp1,0.5,1,1,ATACCGATACTCATCTAAGC,0,3668986
tolCp1,0.5,1,1,ATACAGGGCTTTTACGCCGA,0,3683134
tolCp1,0.5,1,1,ATACAGACCCCGCACTTCAA,0,3699177
tolCp1,0.5,1,1,ATAATTCTATTTTGTACATC,0,3673839
tolCp1,0.5,1,1,ATAATAGGGTGCAGAGCGAC,0,3700859
tolCp1,0.5,1,1,ATAATAACCGATCTGTCTCT,0,3706451
tolCp1,0.5,1,1,ATAAGATACGTAAGCCTAAA,0,3697377
tolCp1,0.5,1,1,ATAACTTGTGCCGGGGACGT,0,3697654
tolCp1,0.5,1,1,ATAACTCAGCGCTATCCGTG,0,3712008
tolCp1,0.5,1,1,ATAACCTACTGACATTCTTT,0,3683860
tolCp1,0.5,1,1,ATAACATAGGACTTACTTTT,0,3681494
tolCp1,0.5,1,1,ATAACACACCTTAGAATGAT,0,3670856
tolCp1,0.5,1,1,ATAAATTGGCGGTTTCCATT,0,3702389
tolCp1,0.5,1,1,ATAAAGCCTCCCAACAACGG,0,3675309
tolCp1,0.5,1,1,AGTTTTTTGATAGATATTCG,0,3673188
tolCp1,0.5,1,1,AGTTGCGCTGAGCCAGAAAG,0,3684118
tolCp1,0.5,1,1,AGTTGCACCAACGATGGTGG,0,3679813
tolCp1,0.5,1,1,AGTTGACGAAATCTAATATC,0,3675045
tolCp1,0.5,1,1,AGTTCCGGGCTGCATCCCTG,0,3677016
tolCp1,0.5,1,1,AGTTCAGGGTTGCAAGATCT,0,3684765
tolCp1,0.5,1,1,AGTTCAAAGAAATCGGCTTA,0,3684808
tolCp1,0.5,1,1,AGTTATGGCACCACATCCTA,0,3669434
tolCp1,0.5,1,1,AGTTATCTTCATGCCAGTTA,0,3669799
tolCp1,0.5,1,1,AGTTAAGGCCCAGGTGCATG,0,3666312
tolCp1,0.5,1,1,AGTTAACCATCGGGGCCTCA,0,3695468
tolCp1,0.5,1,1,AGTTAAAGGAGTTTGCGAGG,0,3698460
tolCp1,0.5,1,1,AGTGTGGGCGGTTTAACTTT,0,3688166
tolCp1,0.5,1,1,AGTGTGCGGGGAATGAAAGT,0,3675679
tolCp1,0.5,1,1,AGTGTGCCAAACGTAAGGTT,0,3695482
tolCp1,0.5,1,1,AGTGTCCGGGATGAGGGACT,0,3676342
tolCp1,0.5,1,1,AGTGTACTGGCATCACCGTC,0,3686707
tolCp1,0.5,1,1,AGTGGCATTCTGAGTTGGGA,0,3713350
tolCp1,0.5,1,1,AGTGCTGACCGCGGCTAACT,0,3709393
tolCp1,0.5,1,1,AGTGCAACTACCCGCGCCTT,0,3697226
tolCp1,0.5,1,1,AGTGAGATCGATCGCGTGTT,0,3663961
tolCp1,0.5,1,1,AGTGACGTAGCAAAGGTCGC,0,3706020
tolCp1,0.5,1,1,AGTCGGAGAGAATGCATATC,0,3677802
tolCp1,0.5,1,1,AGTCGCTGAACAAAAGCATG,0,3679935
tolCp1,0.5,1,1,AGTCGCGGGATACCTCCTAA,0,3704935
tolCp1,0.5,1,1,AGTCCGCATGTTTCGCAAGC,0,3691379
tolCp1,0.5,1,1,AGTCAGGGGGCATTACGTGG,0,3693450
tolCp1,0.5,1,1,AGTCACATCCCGGAACAAGG,0,3681483
tolCp1,0.5,1,1,AGTCAACTGGAGCGGACTGC,0,3703158
tolCp1,0.5,1,1,AGTATTCGAAGGGATGCCAA,0,3690867
tolCp1,0.5,1,1,AGTAGTTCTTAGTTCTTTTC,0,3693835
tolCp1,0.5,1,1,AGTAGTACAATTGGGCATAA,0,3665562
tolCp1,0.5,1,1,AGTAGCATTAACAGCAGGGG,0,3692184
tolCp1,0.5,1,1,AGTAGATTCCGGTAGACGGG,0,3671729
tolCp1,0.5,1,1,AGTAGAGAACAGCTCGATCG,0,3665089
tolCp1,0.5,1,1,AGTAGAACTTTGAATATCTG,0,3684367
tolCp1,0.5,1,1,AGTACTCCGCCCGCTTGTCG,0,3693058
tolCp1,0.5,1,1,AGTACACTCAGTGCGGGCAA,0,3707454
tolCp1,0.5,1,1,AGTAATTCATAAATCGTGGA,0,3672249
tolCp1,0.5,1,1,AGTAAGGTTATGTTTTCGTA,0,3697980
tolCp1,0.5,1,1,AGTAACCTAGCAAATTCCGC,0,3708386
tolCp1,0.5,1,1,AGGTTTTCGCGCAAGGCACT,0,3687741
tolCp1,0.5,1,1,AGGTTTCTAACGCAAGATAC,0,3715242
tolCp1,0.5,1,1,AGGTTGTGTCATTTCGATTC,0,3682550
tolCp1,0.5,1,1,AGGTTGTCCGAGTGGTTTGT,0,3706838
tolCp1,0.5,1,1,AGGTTCTTCCTGTGCTGTAG,0,3701208
tolCp1,0.5,1,1,AGGTGTATGGCATGTGCAGA,0,3706824
tolCp1,0.5,1,1,AGGTGGTTTCCAACATGTCT,0,3667905
tolCp1,0.5,1,1,AGGTGGCATCTCGCTAGTAA,0,3706822
tolCp1,0.5,1,1,AGGTCTTATATAATCAGTTG,0,3688930
tolCp1,0.5,1,1,AGGTCGGGTTTTGGGATTCA,0,3701592
tolCp1,0.5,1,1,AGGGTGTACGACTAAATCTG,0,3673478
tolCp1,0.5,1,1,AGGGTCCAACGAATGGATGA,0,3697770
tolCp1,0.5,1,1,AGGGTCAGTTTGTGCCCGTG,0,3662119
tolCp1,0.5,1,1,AGGGTATCAGGTCGTCAACG,0,3677485
tolCp1,0.5,1,1,AGGGTACGTCGTGTCGTTCT,0,3708786
tolCp1,0.5,1,1,AGGGTAACGGTTCGCCCGGC,0,3686480
tolCp1,0.5,1,1,AGGGGTTACACGTGTCCTAC,0,3681170
tolCp1,0.5,1,1,AGGGCACGCGTAGCCCAGGT,0,3666323
tolCp1,0.5,1,1,AGGGCACCATTTAATTTAAC,0,3682078
tolCp1,0.5,1,1,AGGGCAAGTACAGTGCTATG,0,3671546
tolCp1,0.5,1,1,AGGGATCACGATTGTCAAAT,0,3692722
tolCp1,0.5,1,1,AGGGACCCCAGTTCATTGAT,0,3698269
tolCp1,0.5,1,1,AGGGAAGGCCGGGTATTAAT,0,3683457
tolCp1,0.5,1,1,AGGCTCCGTTGGGCATTAAT,0,3661204
tolCp1,0.5,1,1,AGGCGGGCAATGCCTGGAAC,0,3705145
tolCp1,0.5,1,1,AGGCCTTACCCATCTTATAG,0,3688270
tolCp1,0.5,1,1,AGGCCGGCCCTGACTCATAT,0,3689644
tolCp1,0.5,1,1,AGGCCGAATGACGCTAAGAC,0,3672280
tolCp1,0.5,1,1,AGGCATGTGCCGTTCGCCGT,0,3671428
tolCp1,0.5,1,1,AGGCAGCCCAATGGAAGTTC,0,3688032
tolCp1,0.5,1,1,AGGATTGGTCGCAATGCCTT,0,3682879
tolCp1,0.5,1,1,AGGATTCGTCTTTTTGCCCT,0,3666567
tolCp1,0.5,1,1,AGGATAGCCAACATAAAGAG,0,3700350
tolCp1,0.5,1,1,AGGAGGTAGTTACGCGTGGC,0,3664308
tolCp1,0.5,1,1,AGGAGCCTGGTTTAGATCGT,0,3700812
tolCp1,0.5,1,1,AGGAGCACAGCTATGAATAA,0,3686783
tolCp1,0.5,1,1,AGGACTGTGCAAATCTCTTG,0,3707865
tolCp1,0.5,1,1,AGGACGGGTAGGCAATTGTA,0,3711468
tolCp1,0.5,1,1,AGGACGCATGCGAGCTTCAC,0,3685871
tolCp1,0.5,1,1,AGGAATTTTAGGAGCCAAAG,0,3690123
tolCp1,0.5,1,1,AGGAAGATGCCTTGACAACC,0,3693263
tolCp1,0.5,1,1,AGGAACGATCATGCCAGATG,0,3686849
tolCp1,0.5,1,1,AGGAAAATGGTGGACGCGTT,0,3698667
tolCp1,0.5,1,1,AGCTTTCCCACGCGAATATA,0,3697141
tolCp1,0.5,1,1,AGCTTTAAAGATGTACGCCA,0,3699608
tolCp1,0.5,1,1,AGCTTCAAACGCGAGGGCCA,0,3703396
tolCp1,0.5,1,1,AGCTAACCGGTTCCCAGCCA,0,3690574
tolCp1,0.5,1,1,AGCGTGAAACCAAGCCACGC,0,3710730
tolCp1,0.5,1,1,AGCGTCTTGATTTGGCAGTG,0,3663191
tolCp1,0.5,1,1,AGCGTCTTAGACCATTACGG,0,3662302
tolCp1,0.5,1,1,AGCGGTTGGTTGCGTACCTC,0,3691843
tolCp1,0.5,1,1,AGCGGGCTAATCGTCCAAAG,0,3704330
tolCp1,0.5,1,1,AGCGGACGGGATCTGACAGA,0,3663274
tolCp1,0.5,1,1,AGCGCTTTCTCGGCATCAGC,0,3700916
tolCp1,0.5,1,1,AGCGCCCAATTCTTTCAGCA,0,3681148
tolCp1,0.5,1,1,AGCGCATCACTTTGCGCTAA,0,3676439
tolCp1,0.5,1,1,AGCGCAGCACTCCGCATCGG,0,3683825
tolCp1,0.5,1,1,AGCGAGGTAGCGGTCATCCT,0,3677393
tolCp1,0.5,1,1,AGCGAGGCTAGATTTAGGGG,0,3686067
tolCp1,0.5,1,1,AGCCTTCTCGTCGCGTGATG,0,3667246
tolCp1,0.5,1,1,AGCCTGTCGAGAGGGCGCGG,0,3699207
tolCp1,0.5,1,1,AGCCTCTTTGGGATGAAGTA,0,3683536
tolCp1,0.5,1,1,AGCCTCATAGAACCAACTAC,0,3679574
tolCp1,0.5,1,1,AGCCTATAGATTGCGATGCA,0,3703150
tolCp1,0.5,1,1,AGCCGTGAATGATCTTTGAG,0,3688925
tolCp1,0.5,1,1,AGCCGGCGCTCGACGGTACA,0,3672896
tolCp1,0.5,1,1,AGCCGGAATCAGTCAGAGCA,0,3685186
tolCp1,0.5,1,1,AGCCCCGCACTGCTATGGAT,0,3672191
tolCp1,0.5,1,1,AGCCCCGATCTATGCCGACG,0,3661813
tolCp1,0.5,1,1,AGCCCACTGCTAAATGTGAA,0,3695483
tolCp1,0.5,1,1,AGCCAGGTTTATTGCAGCGC,0,3702615
tolCp1,0.5,1,1,AGCCACGGGACCATACATTC,0,3682545
tolCp1,0.5,1,1,AGCCAAGCTATGGCTCTGGG,0,3666645
tolCp1,0.5,1,1,AGCATGAGGTGTAACCCTCC,0,3710796
tolCp1,0.5,1,1,AGCAGTAAATGCGTGATACG,0,3693846
tolCp1,0.5,1,1,AGCAGGGCTCGGCAATGGCT,0,3680564
tolCp1,0.5,1,1,AGCAGCGTCAGGCATCCTGA,0,3662329
tolCp1,0.5,1,1,AGCACTTTAACGATAAATGG,0,3676760
tolCp1,0.5,1,1,AGCACGGATACATTCGGTTC,0,3676442
tolCp1,0.5,1,1,AGCACGCCTCTGTGCCGCAG,0,3702946
tolCp1,0.5,1,1,AGCACCCTAACGGCCTGTGG,0,3667075
tolCp1,0.5,1,1,AGCAAGTTTAATGGCATGAT,0,3669544
tolCp1,0.5,1,1,AGCAAGTCGCCTGAATTATC,0,3666074
tolCp1,0.5,1,1,AGCAACAGGAGGCAGAGATC,0,3678371
tolCp1,0.5,1,1,AGATTGTCGAGGAGAGCGTT,0,3700415
tolCp1,0.5,1,1,AGATTATTAACAGTTGCATA,0,3672031
tolCp1,0.5,1,1,AGATGGAATTCTCACCGTCA,0,3713942
tolCp1,0.5,1,1,AGATGAGCTGCAAATCTGCT,0,3694201
tolCp1,0.5,1,1,AGATCGGATTGCACTGAAAA,0,3674815
tolCp1,0.5,1,1,AGATCCGTTGGTAGTGCATC,0,3691062
tolCp1,0.5,1,1,AGATCACATTAGATCAATAT,0,3670377
tolCp1,0.5,1,1,AGATATACCCGTATTAAACG,0,3709619
tolCp1,0.5,1,1,AGATACGCTCGATTCGCGCA,0,3672445
tolCp1,0.5,1,1,AGATACAATGCTTGGGGGGA,0,3668556
tolCp1,0.5,1,1,AGATAAATTCGAATATGACC,0,3687183
tolCp1,0.5,1,1,AGAGTACGGAATGGGCAGCA,0,3690598
tolCp1,0.5,1,1,AGAGGTCAGGGTTCTTCGTT,0,3712422
tolCp1,0.5,1,1,AGAGGGGTACACAAATTCAT,0,3677300
tolCp1,0.5,1,1,AGAGCTCTCCTAGTCCAACT,0,3699691
tolCp1,0.5,1,1,AGAGCGGGAAAACCAACTAA,0,3679576
tolCp1,0.5,1,1,AGAGCGAATCCTAAGTCTGA,0,3689852
tolCp1,0.5,1,1,AGAGCATACTATCTGGCTCT,0,3694120
tolCp1,0.5,1,1,AGAGAGGCGTGTTGTCCGGA,0,3679790
tolCp1,0.5,1,1,AGAGAGGATCTGCGCCCTCA,0,3668562
tolCp1,0.5,1,1,AGAGAGCGCTGCTGTTTGAA,0,3664951
tolCp1,0.5,1,1,AGAGAGAAAGTACACTAAGA,0,3695208
tolCp1,0.5,1,1,AGACTGTCCGCTCTGGGCTA,0,3712140
tolCp1,0.5,1,1,AGACTGGTATCGGCCCGCAT,0,3689601
tolCp1,0.5,1,1,AGACTATGTTCGGCGGAATC,0,3688578
tolCp1,0.5,1,1,AGACTATGCAGTTGATTTAA,0,3691560
tolCp1,0.5,1,1,AGACGTCGGAGACTGTATGT,0,3665415
tolCp1,0.5,1,1,AGACGCGCGTCAAGTAAATA,0,3703127
tolCp1,0.5,1,1,AGACCTCTGTATCTAAATCC,0,3670273
tolCp1,0.5,1,1,AGACCCAGTGGATTGGTGGT,0,3682359
tolCp1,0.5,1,1,AGACCAGGGCAGACACACTA,0,3677046
tolCp1,0.5,1,1,AGACATGGTCAAGGCTTTCG,0,3687378
tolCp1,0.5,1,1,AGACATGGTAACGGCCAGAC,0,3667817
tolCp1,0.5,1,1,AGACAGTGGGCACCCGCCTT,0,3675366
tolCp1,0.5,1,1,AGACACGCGGATATCACGAT,0,3696041
tolCp1,0.5,1,1,AGACAACTACTAGAGAAATG,0,3703394
tolCp1,0.5,1,1,AGAATCTTGGAGGTTCGGTA,0,3667971
tolCp1,0.5,1,1,AGAATCATATTGAACAGTCT,0,3666190
tolCp1,0.5,1,1,AGAATATTTTTTCGCCACGG,0,3668504
tolCp1,0.5,1,1,AGAAGCGTGGCCTTTTATTG,0,3714856
tolCp1,0.5,1,1,AGAAGCCCTCACGAACATAC,0,3707414
tolCp1,0.5,1,1,AGAAGATTCTGGCCAGGGAA,0,3678392
tolCp1,0.5,1,1,AGAAGAAGGGGTATCGCAAA,0,3666539
tolCp1,0.5,1,1,AGAAATCCGATCAGCCCGAT,0,3697658
tolCp1,0.5,1,1,AGAAACCATATAATGATTGT,0,3692525
tolCp1,0.5,1,1,AGAAACATTCAGCGTTAACT,0,3676313
tolCp1,0.5,1,1,ACTTTGCGTTAAGGTTCCAT,0,3665495
tolCp1,0.5,1,1,ACTTGGGCCGTGTCGTGATA,0,3684891
tolCp1,0.5,1,1,ACTTGCATGCATGTCTCTTA,0,3696801
tolCp1,0.5,1,1,ACTTCTGCTCACGAATGCAT,0,3664606
tolCp1,0.5,1,1,ACTTCGACGCATCAGCCCTC,0,3693075
tolCp1,0.5,1,1,ACTTCCTAGACGCGGGTCTC,0,3661946
tolCp1,0.5,1,1,ACTTCAGCCTCAGCCGTTCG,0,3661951
tolCp1,0.5,1,1,ACTTCAACGCCGTTTGTGAG,0,3694138
tolCp1,0.5,1,1,ACTTAGCCCCACGAGGCTAC,0,3688070
tolCp1,0.5,1,1,ACTGTTTTTGAAGAAATGTC,0,3672724
tolCp1,0.5,1,1,ACTGTTATCCGTATGTCGTG,0,3674077
tolCp1,0.5,1,1,ACTGTGGACACGTACTTGCA,0,3666874
tolCp1,0.5,1,1,ACTGTCTAGAGGTCACAGTC,0,3711048
tolCp1,0.5,1,1,ACTGGGCGAGCCCATGCTAG,0,3679164
tolCp1,0.5,1,1,ACTGGGAGAAAAGTGAACGC,0,3679369
tolCp1,0.5,1,1,ACTGCACATACTCGCCTATC,0,3675785
tolCp1,0.5,1,1,ACTGATGTATCTCGCGACAG,0,3661960
tolCp1,0.5,1,1,ACTGAGTCGAGAGAACCACA,0,3699330
tolCp1,0.5,1,1,ACTGAGAGCCAACGTGGGCT,0,3705076
tolCp1,0.5,1,1,ACTGAAAACGTGAACGGTCT,0,3663470
tolCp1,0.5,1,1,ACTCTTGATCATTGTGCAGT,0,3710563
tolCp1,0.5,1,1,ACTCTGATCGTGTAGTACTT,0,3692685
tolCp1,0.5,1,1,ACTCGGTTTTGAGTTGTCTT,0,3692660
tolCp1,0.5,1,1,ACTCGAGTTGCTATAGCCTT,0,3689306
tolCp1,0.5,1,1,ACTCCTTTGTGGGTATAGAG,0,3681274
tolCp1,0.5,1,1,ACTCAAGGGCAACTCGTCTA,0,3710010
tolCp1,0.5,1,1,ACTCAAAACAGGGCATTACA,0,3703047
tolCp1,0.5,1,1,ACTATTAAAAACTAGGTGGT,0,3695959
tolCp1,0.5,1,1,ACTATGTCGGAAGCTTTACT,0,3704502
tolCp1,0.5,1,1,ACTATGGCTCCGGTGCCTTG,0,3662666
tolCp1,0.5,1,1,ACTATAGTACGTTTGGTGGT,0,3675599
tolCp1,0.5,1,1,ACTAGGGATATAACTCTTCC,0,3663565
tolCp1,0.5,1,1,ACTAACATGGAATCAGGCAT,0,3673569
tolCp1,0.5,1,1,ACTAAAAGGTGAACGTGGAT,0,3669915
tolCp1,0.5,1,1,ACGTTGACGCATCGCCCCAT,0,3708247
tolCp1,0.5,1,1,ACGTTCCTCTCTATCCTATC,0,3661976
tolCp1,0.5,1,1,ACGTTACAGACGTTCCGAGC,0,3684145
tolCp1,0.5,1,1,ACGTGAGCGTAGTTACCGAC,0,3694537
tolCp1,0.5,1,1,ACGTCCTCGGGTGGACCAAT,0,3691517
tolCp1,0.5,1,1,ACGTATGGGGCTACGTAGCC,0,3680377
tolCp1,0.5,1,1,ACGTAGTCAGCGATAGATCG,0,3680166
tolCp1,0.5,1,1,ACGTAGATAACAACGCATGC,0,3691307
tolCp1,0.5,1,1,ACGTACTCGCATTCGGCTTG,0,3695528
tolCp1,0.5,1,1,ACGGTGTATTTCGTTATTGT,0,3676292
tolCp1,0.5,1,1,ACGGTGATCGGCCGATCTAA,0,3690860
tolCp1,0.5,1,1,ACGGTGAGGATGCGACGGTC,0,3695694
tolCp1,0.5,1,1,ACGGTCCCTCCAGCAACAGC,0,3702474
tolCp1,0.5,1,1,ACGGTAACCCTGGGTTCCTG,0,3683617
tolCp1,0.5,1,1,ACGGGGTAGGCTCGCACCAC,0,3697612
tolCp1,0.5,1,1,ACGGGCGCGATTAAGGCTAC,0,3689415
tolCp1,0.5,1,1,ACGGGACTCGCATCTCAACT,0,3696774
tolCp1,0.5,1,1,ACGGGAAAAACGACGGACGT,0,3682571
tolCp1,0.5,1,1,ACGGAGCTCGTCACTGGCGC,0,3685859
tolCp1,0.5,1,1,ACGGAGCACCAGATGTCCAA,0,3665254
tolCp1,0.5,1,1,ACGGAGAGATGATTACTTAG,0,3690651
tolCp1,0.5,1,1,ACGGACCTGCGGACACTAGC,0,3697193
tolCp1,0.5,1,1,ACGGAAGGCGGGCGGCCTTT,0,3699661
tolCp1,0.5,1,1,ACGGAAGGACTTGCCCCGAT,0,3675897
tolCp1,0.5,1,1,ACGCTGTGGGTTGTCATCGG,0,3676347
tolCp1,0.5,1,1,ACGCGGGGTGCTCGGAGTGA,0,3686705
tolCp1,0.5,1,1,ACGCGGCCCGTCGAGGCCAA,0,3680163
tolCp1,0.5,1,1,ACGCGCTCAAGATTTTTCCT,0,3663559
tolCp1,0.5,1,1,ACGCGCGCAAAGAGGCTTCC,0,3715214
tolCp1,0.5,1,1,ACGCCCCGCTAGCTAATGGC,0,3710553
tolCp1,0.5,1,1,ACGCCCAGGCTAGCGCGATA,0,3685182
tolCp1,0.5,1,1,ACGCCATTTCAGGTCTCCCT,0,3689860
tolCp1,0.5,1,1,ACGCATGCAATGGGAACTTG,0,3669174
tolCp1,0.5,1,1,ACGCAGACCGGTGAACTCAC,0,3665830
tolCp1,0.5,1,1,ACGCAAGTCCCGGTCTAGGA,0,3707283
tolCp1,0.5,1,1,ACGCAAACGCCAGGAATGGC,0,3707844
tolCp1,0.5,1,1,ACGATGGGAGTATGGCACTA,0,3708545
tolCp1,0.5,1,1,ACGATCAACGGCCCTCCTAG,0,3680695
tolCp1,0.5,1,1,ACGATAGCGTCGAATAGCGT,0,3698041
tolCp1,0.5,1,1,ACGATACTAGCATGAGGGTG,0,3700174
tolCp1,0.5,1,1,ACGATAACGTTCATACCAAC,0,3675061
tolCp1,0.5,1,1,ACGAGTGTAGTGCTCACAAA,0,3676020
tolCp1,0.5,1,1,ACGAGGTTAGTCTGCATATA,0,3694816
tolCp1,0.5,1,1,ACGAGCCGTACGAACTAATG,0,3674338
tolCp1,0.5,1,1,ACGACGTGAGACAAGGGGAA,0,3704512
tolCp1,0.5,1,1,ACGACCGATCCACCGCGGTT,0,3708805
tolCp1,0.5,1,1,ACGACAGGCGAGTAAAGTCA,0,3685772
tolCp1,0.5,1,1,ACGAACATTCATTTGGAAGG,0,3693581
tolCp1,0.5,1,1,ACGAAAGATTTTGACGATAA,0,3686682
tolCp1,0.5,1,1,ACCTTTTCGCCTGAGCCGTG,0,3667623
tolCp1,0.5,1,1,ACCTGGTTTCTCTTCCCTGG,0,3681042
tolCp1,0.5,1,1,ACCTGCGGAAATTAGACCAT,0,3667160
tolCp1,0.5,1,1,ACCTCTGCCGTCTTCCGCTT,0,3703301
tolCp1,0.5,1,1,ACCTCGACTCCGTACAAGTC,0,3668007
tolCp1,0.5,1,1,ACCTCCTGTGAGCATTCTAA,0,3686759
tolCp1,0.5,1,1,ACCTCAATCAAACTAGGGAA,0,3661524
tolCp1,0.5,1,1,ACCTATTTATTAAAGTAAGA,0,3708264
tolCp1,0.5,1,1,ACCTATGGACGGATACACTT,0,3676688
tolCp1,0.5,1,1,ACCTACATAGTGGGCCATTC,0,3688022
tolCp1,0.5,1,1,ACCGTGACATGTAATAGTGG,0,3696023
tolCp1,0.5,1,1,ACCGTATTCCACTCATAAAG,0,3715461
tolCp1,0.5,1,1,ACCGGTAGGTATATTGAAGA,0,3681994
tolCp1,0.5,1,1,ACCGGGCCTTGTTAGCAACC,0,3710406
tolCp1,0.5,1,1,ACCGGCGTCCACCGGTACAG,0,3692009
tolCp1,0.5,1,1,ACCGGAATGGGTTGGAAATA,0,3679833
tolCp1,0.5,1,1,ACCGGAAAATGGGCTCTGAG,0,3667861
tolCp1,0.5,1,1,ACCGATTAATATCCCGTCTA,0,3703287
tolCp1,0.5,1,1,ACCGAATTGTAACAAATGCT,0,3675925
tolCp1,0.5,1,1,ACCGAAGTGGTACGTCTACA,0,3676435
tolCp1,0.5,1,1,ACCCTTGGGAATGATATTGG,0,3685678
tolCp1,0.5,1,1,ACCCTTCAAGTGTTACCAAA,0,3709440
tolCp1,0.5,1,1,ACCCTGAGGCGCTCCATTTT,0,3675301
tolCp1,0.5,1,1,ACCCGTACCGGTAACCAGTG,0,3672287
tolCp1,0.5,1,1,ACCCGCTGCGGCCGGAACGT,0,3686928
tolCp1,0.5,1,1,ACCCGCTCAGGACACGCACT,0,3681730
tolCp1,0.5,1,1,ACCCGCCTCTCAGGGGAAAC,0,3688816
tolCp1,0.5,1,1,ACCCACTAGCTACGAACAGC,0,3709106
tolCp1,0.5,1,1,ACCCAATTTCGATAGCATTT,0,3705602
tolCp1,0.5,1,1,ACCCAAGTTTCGAACTAAGA,0,3713059
tolCp1,0.5,1,1,ACCCAACGTCTTTTTTGCAA,0,3665451
tolCp1,0.5,1,1,ACCATATTACCCACGGAACT,0,3687568
tolCp1,0.5,1,1,ACCATAACGTGGCCTAAGCT,0,3694695
tolCp1,0.5,1,1,ACCAGATGTCAGTTCCGAAT,0,3712146
tolCp1,0.5,1,1,ACCACTTGTGAAGCCTAGCA,0,3678122
tolCp1,0.5,1,1,ACCACTTATGTAGAATTTAC,0,3676299
tolCp1,0.5,1,1,ACCACTTAATAACTTGAGAT,0,3705031
tolCp1,0.5,1,1,ACCACACAGCAACAGACTCT,0,3683829
tolCp1,0.5,1,1,ACCAAGTCGCTTGCCTTGTA,0,3680735
tolCp1,0.5,1,1,ACCAAATTGCAAAACAGTAG,0,3671930
tolCp1,0.5,1,1,ACCAAAATATTCTTCATTGT,0,3678742
tolCp1,0.5,1,1,ACATGTGGGTGTCAACAGTT,0,3691350
tolCp1,0.5,1,1,ACATGTACAAACAGTAATAT,0,3712585
tolCp1,0.5,1,1,ACATGGGAAGGGTGACTGCA,0,3699909
tolCp1,0.5,1,1,ACATAATTGGCGGGAACCAT,0,3681200
tolCp1,0.5,1,1,ACAGGTACATGGGGGTACCG,0,3691127
tolCp1,0.5,1,1,ACAGCTAACATGGTGTCCTT,0,3706212
tolCp1,0.5,1,1,ACAGCGATGGTAATAGTATC,0,3681376
tolCp1,0.5,1,1,ACAGATTATCACGGTCAGTG,0,3669354
tolCp1,0.5,1,1,ACAGAGTCGATGCGCTTCGT,0,3704911
tolCp1,0.5,1,1,ACAGAAAATTCTATAAGGGG,0,3702639
tolCp1,0.5,1,1,ACACTGATACATGTAATAAT,0,3666465
tolCp1,0.5,1,1,ACACTGAGTGGATCGAACGC,0,3689580
tolCp1,0.5,1,1,ACACTACTTGGCGGCTTTAA,0,3673074
tolCp1,0.5,1,1,ACACGTGACATAGCGGGGTG,0,3680957
tolCp1,0.5,1,1,ACACGGCTGACCGAGTTCTT,0,3673528
tolCp1,0.5,1,1,ACACGCTCTTCTCAAACGTC,0,3676128
tolCp1,0.5,1,1,ACACGCAACAAGGTGTCGGA,0,3714579
tolCp1,0.5,1,1,ACACCGCCAGTAACACAACT,0,3709005
tolCp1,0.5,1,1,ACACAGTCGTCTCCATTTGT,0,3685260
tolCp1,0.5,1,1,ACACAGACGCGGTCACTAAT,0,3686293
tolCp1,0.5,1,1,ACACACCTGAGCCAAGGGTC,0,3712949
tolCp1,0.5,1,1,ACAAGTGTTGAGCTGCGAGT,0,3673066
tolCp1,0.5,1,1,ACAAGGTCTGTTCGCGGGAT,0,3701806
tolCp1,0.5,1,1,ACAACGCTGTCGTATGACGT,0,3674406
tolCp1,0.5,1,1,ACAAATTCCCCATATCTGGT,0,3696491
tolCp1,0.5,1,1,AATTTTGTGCATAGCAAACG,0,3666705
tolCp1,0.5,1,1,AATTTTGTATAAAAGAACGA,0,3710372
tolCp1,0.5,1,1,AATTTTCTGGCATTCGACTC,0,3666543
tolCp1,0.5,1,1,AATTTAGGTATGAATGCCCA,0,3681687
tolCp1,0.5,1,1,AATTTAATAGGGCGCGCAGA,0,3686246
tolCp1,0.5,1,1,AATTGTGGGTACGAAGGCCG,0,3669476
tolCp1,0.5,1,1,AATTGTCTCTCCGCCTTGCG,0,3699917
tolCp1,0.5,1,1,AATTGGTTGTTCGCCTGGGA,0,3703130
tolCp1,0.5,1,1,AATTGATCGGTCTTTCAACT,0,3686934
tolCp1,0.5,1,1,AATTGATCGGGTACTAGGAT,0,3713025
tolCp1,0.5,1,1,AATTCGTTCTCACAGGCAAC,0,3690897
tolCp1,0.5,1,1,AATTCGAGGACCTCATCTGC,0,3709254
tolCp1,0.5,1,1,AATTCCCCTCCCGATTAGCT,0,3672772
tolCp1,0.5,1,1,AATTCAAGTTATTCCGACGC,0,3693761
tolCp1,0.5,1,1,AATTCAAGTATACCGTGCTC,0,3668229
tolCp1,0.5,1,1,AATTATCGATACTGGGAGTA,0,3686779
tolCp1,0.5,1,1,AATGTGTGTCCTGTCCCCAT,0,3661509
tolCp1,0.5,1,1,AATGTCCGATGTCTTGACTG,0,3715425
tolCp1,0.5,1,1,AATGTCAGTTTATTTTAGTT,0,3711469
tolCp1,0.5,1,1,AATGTATCATATTGGTTGTC,0,3663624
tolCp1,0.5,1,1,AATGGATTGATACAGGACTA,0,3667241
tolCp1,0.5,1,1,AATGGAGCCTCGAGAGCATC,0,3692183
tolCp1,0.5,1,1,AATGGAGAAAGACCGGGCGG,0,3664757
tolCp1,0.5,1,1,AATGCTTACGACCTGAAACG,0,3666327
tolCp1,0.5,1,1,AATGATCACCCTATATTAGT,0,3684101
tolCp1,0.5,1,1,AATGAGCGATGCACTTGAAG,0,3695897
tolCp1,0.5,1,1,AATGACGACCTCCTCCGCCT,0,3703844
tolCp1,0.5,1,1,AATCTTTATTGGGTAGCAAG,0,3676002
tolCp1,0.5,1,1,AATCTTAATTGGATCAATAT,0,3672220
tolCp1,0.5,1,1,AATCTCCGAGTTTCACCCTA,0,3709037
tolCp1,0.5,1,1,AATCTAATTGGGTTGCTGGA,0,3704563
tolCp1,0.5,1,1,AATCGTAGATGATTTTTAGC,0,3669646
tolCp1,0.5,1,1,AATCGCAAAAGCTTACTAAT,0,3682018
tolCp1,0.5,1,1,AATCCTGTTGATCATGCTGG,0,3688221
tolCp1,0.5,1,1,AATCATAACTTTACTAACCC,0,3668664
tolCp1,0.5,1,1,AATCAAATTTACATGGGGTA,0,3712379
tolCp1,0.5,1,1,AATATCTTTCAGGTACGACT,0,3684297
tolCp1,0.5,1,1,AATAGTTCGTTTGAATTTTG,0,3679416
tolCp1,0.5,1,1,AATAGTGCGCTAGTCATGGT,0,3681151
tolCp1,0.5,1,1,AATAGAGGGTCTTGACGTTG,0,3704107
tolCp1,0.5,1,1,AATAAATGTTGCGTTACAGG,0,3696116
tolCp1,0.5,1,1,AAGTTATGGCTGTGATGGCT,0,3707067
tolCp1,0.5,1,1,AAGTGTTAAAATTGCTTAAA,0,3702963
tolCp1,0.5,1,1,AAGTGGTGCTATGATCAATG,0,3700595
tolCp1,0.5,1,1,AAGTGGACAAGTCCTCTACG,0,3664784
tolCp1,0.5,1,1,AAGTGAGTGTTGTAAATGCT,0,3663825
tolCp1,0.5,1,1,AAGTCTGTAGGTGTGTGACT,0,3685693
tolCp1,0.5,1,1,AAGTCCTTCCTGAGTCCATC,0,3673495
tolCp1,0.5,1,1,AAGTCACGTGAAAGTGGCTG,0,3675654
tolCp1,0.5,1,1,AAGTAGCATGGATAAGAAAA,0,3692407
tolCp1,0.5,1,1,AAGTACCCTGCCGGAGGGCT,0,3685302
tolCp1,0.5,1,1,AAGGTGCATATATCCCAAGT,0,3695196
tolCp1,0.5,1,1,AAGGTGACGTCCGGAGAAGA,0,3699253
tolCp1,0.5,1,1,AAGGTCGCAAAAAATAAGCG,0,3689427
tolCp1,0.5,1,1,AAGGTCCCAGGTACTTTCAA,0,3685239
tolCp1,0.5,1,1,AAGGTAGTTTAATCCGCAGT,0,3680219
tolCp1,0.5,1,1,AAGGTAAGTCCTAGACCTAC,0,3677425
tolCp1,0.5,1,1,AAGGGTGTCACTGCGGTAAT,0,3706347
tolCp1,0.5,1,1,AAGGGTGGAGTAAAGGGCCT,0,3679751
tolCp1,0.5,1,1,AAGGGGGTCTTGGGTGAGCG,0,3662885
tolCp1,0.5,1,1,AAGGGACTACATCTTTCAAT,0,3680403
tolCp1,0.5,1,1,AAGGCGGGACTTTGCGGTCA,0,3678466
tolCp1,0.5,1,1,AAGGCGGCGTATATGATAGA,0,3666885
tolCp1,0.5,1,1,AAGGCGGACAGTAGCGTAGT,0,3684629
tolCp1,0.5,1,1,AAGGCCTTTAGGCGAATGAA,0,3690513
tolCp1,0.5,1,1,AAGGCCGGGTGGCCCCAAGC,0,3705107
tolCp1,0.5,1,1,AAGGCATGTGTATGGCGATG,0,3699600
tolCp1,0.5,1,1,AAGGCAGTGCGCGAGTACGA,0,3668153
tolCp1,0.5,1,1,AAGGCAAATAGCTTTACACG,0,3666094
tolCp1,0.5,1,1,AAGGATAGTCTGCAGTCGAT,0,3688378
tolCp1,0.5,1,1,AAGGAGGAGCAGAAGTCATT,0,3677923
tolCp1,0.5,1,1,AAGGACAAGAGTTGGTATAA,0,3684510
tolCp1,0.5,1,1,AAGGAATTAGCGCTTTCATA,0,3691578
tolCp1,0.5,1,1,AAGCTAGCCGAATCCGTGAT,0,3684798
tolCp1,0.5,1,1,AAGCCTGTCAAAGCCCCAAT,0,3676056
tolCp1,0.5,1,1,AAGCCCCCCTATTTAGCTAA,0,3680098
tolCp1,0.5,1,1,AAGCAGGGCACTTCTGTAGG,0,3711723
tolCp1,0.5,1,1,AAGATCGTGCGTGCCGGGGG,0,3677937
tolCp1,0.5,1,1,AAGAGGTAACCGAATAGTAC,0,3686478
tolCp1,0.5,1,1,AAGAGGCTGTTGTCGTTCAG,0,3692302
tolCp1,0.5,1,1,AAGAGCGTTTGGTTTATTCT,0,3672318
tolCp1,0.5,1,1,AAGACGTACTTCGTGTATGG,0,3669176
tolCp1,0.5,1,1,AAGAATGATATAAGTATGGC,0,3675966
tolCp1,0.5,1,1,AAGAACTCTAAGCTGTCTTT,0,3671776
tolCp1,0.5,1,1,AAGAACCTCCAGCTTCACCA,0,3675194
tolCp1,0.5,1,1,AAGAAAATCCCCCGCAACGA,0,3703508
tolCp1,0.5,1,1,AACTTCCGCGGCATCTGACT,0,3700000
tolCp1,0.5,1,1,AACTGTTCTGTCGCAATTTT,0,3713869
tolCp1,0.5,1,1,AACTGGGCATTGATCTGGTA,0,3695863
tolCp1,0.5,1,1,AACTGCCCAGGAACATGTGT,0,3713749
tolCp1,0.5,1,1,AACTGCAGCGATGGGAATGC,0,3712965
tolCp1,0.5,1,1,AACTGAGGCAGTTTTACCTA,0,3665694
tolCp1,0.5,1,1,AACTCTGAGACTCACGCCCT,0,3663059
tolCp1,0.5,1,1,AACTCGTGGCGAAAACTTAG,0,3697974
tolCp1,0.5,1,1,AACTCACGTATAAACGTGCT,0,3664561
tolCp1,0.5,1,1,AACGTGGCACACGTAACGGT,0,3687430
tolCp1,0.5,1,1,AACGTGATGTCTAGTGCCAG,0,3671550
tolCp1,0.5,1,1,AACGGTGTGTCTTCCCTCAC,0,3680803
tolCp1,0.5,1,1,AACGGGTTTGCCGGCACCTT,0,3698767
tolCp1,0.5,1,1,AACGGGCCGACCCCAATCCC,0,3687639
tolCp1,0.5,1,1,AACGCCAACAATGAACGGTT,0,3685482
tolCp1,0.5,1,1,AACGCAGTTCCTTACAGATC,0,3687198
tolCp1,0.5,1,1,AACGATGTTGTGTTGGAAAC,0,3663550
tolCp1,0.5,1,1,AACGATCTCCGAACCTGGTA,0,3688267
tolCp1,0.5,1,1,AACGAGGATTGGATCAAAGG,0,3713946
tolCp1,0.5,1,1,AACGACTAGGTGGCGAATTG,0,3710087
tolCp1,0.5,1,1,AACGACCATGGGCGGGTTGG,0,3663346
tolCp1,0.5,1,1,AACCTAATAAGACGTATGTT,0,3693106
tolCp1,0.5,1,1,AACCGTGCGACGGCCGAGCT,0,3692815
tolCp1,0.5,1,1,AACCCGTCTGCTCGACTCAC,0,3700313
tolCp1,0.5,1,1,AACCATGGAGCTCCTTATAA,0,3694989
tolCp1,0.5,1,1,AACCAAGTCGTGACACGAAA,0,3675460
tolCp1,0.5,1,1,AACCAAAATCGGAATTTTGA,0,3664354
tolCp1,0.5,1,1,AACATTTGCAATCAGCTGTA,0,3696122
tolCp1,0.5,1,1,AACATAAAATGAGGTTTAAC,0,3703535
tolCp1,0.5,1,1,AACAGCACCGTCACTAAAAG,0,3665416
tolCp1,0.5,1,1,AACAGATGGCTTGTACCGAT,0,3696378
tolCp1,0.5,1,1,AACACTCGTACAAGCTCATG,0,3687640
tolCp1,0.5,1,1,AACACGGATTGAGCATTGAG,0,3709570
tolCp1,0.5,1,1,AACACACACTCAGGTCAGTG,0,3666548
tolCp1,0.5,1,1,AACAAGGTCATGTGACTTTG,0,3672160
tolCp1,0.5,1,1,AAATTTTGCATTCTGGCATC,0,3670633
tolCp1,0.5,1,1,AAATTGCGCGTTTACTTCAG,0,3694158
tolCp1,0.5,1,1,AAATTCCGTCCGCACGTTCC,0,3664977
tolCp1,0.5,1,1,AAATAAACCTTTAGTTCTCA,0,3679919
tolCp1,0.5,1,1,AAAGTTTCAGTCTTCAGTGA,0,3703187
tolCp1,0.5,1,1,AAAGTGGCGCGGCTTGCAGG,0,3697002
tolCp1,0.5,1,1,AAAGGTGGAACGGACAGGGT,0,3712188
tolCp1,0.5,1,1,AAAGGGTTGTCTTTTGTCTT,0,3682944
tolCp1,0.5,1,1,AAAGGGGGGGCAATCGGGTC,0,3686104
tolCp1,0.5,1,1,AAAGGGATTCTGAACATCTA,0,3665431
tolCp1,0.5,1,1,AAAGGCCGATTCCACACTCA,0,3663805
tolCp1,0.5,1,1,AAAGGAAGGGGTGTGGTGAG,0,3688259
tolCp1,0.5,1,1,AAAGCCGTGTGAGGTTCCGG,0,3697777
tolCp1,0.5,1,1,AAAGCCCCGGGCCGAAGATA,0,3664785
tolCp1,0.5,1,1,AAAGATTCCTCGCGAAACTT,0,3671309
tolCp1,0.5,1,1,AAAGAGTTGACGCGCATTCA,0,3676601
tolCp1,0.5,1,1,AAAGAACTTGCCGGTCTATA,0,3702782
tolCp1,0.5,1,1,AAACTAGAGTATAAACCAGT,0,3676323
tolCp1,0.5,1,1,AAACGTTCCGTGTTATAGTT,0,3703797
tolCp1,0.5,1,1,AAACGGGGCCGAGCCAGAAA,0,3709155
tolCp1,0.5,1,1,AAACCAAGTCCATTGGGGTC,0,3691157
tolCp1,0.5,1,1,AAACATGAAATTGCGTGTAG,0,3690045
tolCp1,0.5,1,1,AAACACGTAGAATCTGGGTA,0,3692443
tolCp1,0.5,1,1,AAAATTGGACTCGAGAGTAC,0,3709154
tolCp1,0.5,1,1,AAAAGTGTAAGAAAGTTACG,0,3675361
tolCp1,0.5,1,1,AAAAGGGGTCCGCCCACTCC,0,3691657
tolCp1,0.5,1,1,AAAAGCTAAGCACTGGTGGA,0,3706909
tolCp1,0.5,1,1,AAAAGCGGTGCGAATTCCCA,0,3706270
tolCp1,0.5,1,1,AAAAGAGGTAACCCAGAACG,0,3681949
tolCp1,0.5,1,1,AAAACTAGGATACAAACTTA,0,3664197
tolCp1,0.5,1,1,AAAAATCGGTATCGTTGCTT,0,3714779
tolCp1,0.5,1,1,AAAAATACAATTGTGTGACA,0,3703073
tolCp1,0.5,1,1,AAAAACAATAGGGTAATAGG,0,3686753
tolCp1,0.5,1,1,AAAAAATGGCGTATCCGTCT,0,3689985
tolCp1,0.5,1,1,AAAAAAGGTGCCAAAGGATT,0,3696790
tolCp1,0.5,1,1,AAAAAAAAGGGCTGGCAGGT,0,3712936
tolCp1,33.0,32,0,TCGCCAGCGGAATGTTTTGT,32,3687119
tolCp1,30.0,29,0,CTGCTCTGCTTAGCCGGCCA,29,3699825
tolCp1,26.0,25,0,ATATCTCAGTCTCGCTACCC,25,3714476
tolCp1,22.0,21,0,AAGACAATCACTATTACAAT,21,3687901
tolCp1,19.0,18,0,GCCTACTCGGCCAGGCCCTA,18,3666140
tolCp1,18.0,17,0,CACATGCATGGGCATTAATA,17,3695054
tolCp1,17.0,16,0,GTAACAGGGTTGTCGGCCCT,16,3681437
tolCp1,17.0,16,0,GGTAGCTCACATGAAACCGT,16,3685301
tolCp1,16.0,15,0,TTGCTCGTCGTGAGTCCGGT,15,3701462
tolCp1,16.0,15,0,AATTAGTGCTACATTGTTGT,15,3701459
tolCp1,15.0,14,0,CCTGGTGGATATGACAGGGA,14,3701746
tolCp1,15.0,14,0,ATAAGGACAAGGCACCGAGA,14,3700923
tolCp1,14.0,13,0,TTACGTCCGAGGCAATCCGA,13,3712651
tolCp1,13.0,12,0,GGGCCAGGTGGACGTCACGT,12,3708757
tolCp1,13.0,12,0,CTATGGAATAGTACACCAAT,12,3700921
tolCp1,13.0,12,0,CCGTATGGGGTGTTGAGCAG,12,3712650
tolCp1,12.0,11,0,TTTAAGAACCCGATTCGTCC,11,3676512
tolCp1,12.0,11,0,TGCATCGGTCGCCTCGCCTT,11,3676465
tolCp1,12.0,11,0,TCTCTGGGCCAGACCCGCCT,11,3712531
tolCp1,12.0,11,0,TATTTAGACTGAATATATCT,11,3697307
tolCp1,12.0,11,0,CGAGTAAGTGGCCCACAAGG,11,3715133
tolCp1,11.0,10,0,TATTAACAAAGTGGTTACAT,10,3685072
tolCp1,11.0,10,0,GGTTATTGTAGTGGGCTGCA,10,3674040
tolCp1,11.0,10,0,ACTTTCAGTAGTCACTGGTA,10,3699800
tolCp1,10.0,9,0,TGTAACAGCCGGGCCACAAT,9,3696403
tolCp1,10.0,9,0,TGACTGACTCATCCGCTACA,9,3685059
tolCp1,10.0,9,0,GGCCGACATGTTTAGGCAGA,9,3683031
tolCp1,10.0,9,0,GACTTAAGGAAGGCGGCTGA,9,3714470
tolCp1,10.0,9,0,CTCCGAATGACGGCGTGGAT,9,3685064
tolCp1,10.0,9,0,ACGAATTTCGGTGGACATGC,9,3696214
tolCp1,9.0,8,0,TGTTTTTAGGATTCAGCTGC,8,3671519
tolCp1,9.0,8,0,TAAAGCTGAATCTATCATCC,8,3705879
tolCp1,9.0,8,0,GCTTCCCAGCAACCACAAAT,8,3669771
tolCp1,9.0,8,0,CTCCTCGATAGCGACAGTTA,8,3663299
tolCp1,9.0,8,0,CTAGCAACTGCCTAAGAGGC,8,3700911
tolCp1,9.0,8,0,CCGCCTACTGCAAAAGCACT,8,3701477
tolCp1,9.0,8,0,AAGCATGGAATCTTATAAAA,8,3708738
tolCp1,8.0,7,0,TCTACCACGTACGACCGTGA,7,3713759
tolCp1,8.0,7,0,TCATGCTGAACCACCACGCA,7,3700085
tolCp1,8.0,7,0,GGGCCATGCCATAGGCGGTG,7,3685070
tolCp1,8.0,7,0,GCCCACTATAGGGTGGTGTA,7,3687896
tolCp1,8.0,7,0,GACGGTTAGTGTAACTCGGC,7,3676527
tolCp1,8.0,7,0,GACCATGCTATCCATCAGCC,7,3712515
tolCp1,8.0,7,0,CTCAGTCGATTAGTTACCGT,7,3679523
tolCp1,8.0,7,0,AGACTTCGTCACCAGCCGCT,7,3703525
tolCp1,8.0,7,0,ACTACAAGGGAATTCTGGAG,7,3688105
tolCp1,8.0,7,0,ACACTCAGGCCAGAGTTCTG,7,3701793
tolCp1,8.0,7,0,AATCACATGTTCCGCACTAA,7,3696406
tolCp1,8.0,7,0,AATATGCGGGCAGCCGCGAT,7,3679267
tolCp1,7.0,6,0,TAAAGTCTGGACTGCCCAAA,6,3671271
tolCp1,7.0,6,0,GTGCGTCAGCACTGGTTGGA,6,3712524
tolCp1,7.0,6,0,GTATGGACCTTCGTATCACG,6,3698797
tolCp1,7.0,6,0,GTACAGCCCATAGGTTTTCG,6,3670455
tolCp1,7.0,6,0,GGTGATTTTTTACGTTCTTG,6,3698829
tolCp1,7.0,6,0,GGAAGCTACCAGCAGTGGTC,6,3680002
tolCp1,7.0,6,0,GCTCGTGGTACCCGAGGTTG,6,3696421
tolCp1,7.0,6,0,GCGAGTTCTCTTTCACTTTT,6,3666505
tolCp1,7.0,6,0,GCCTAAGTAGATGGTTACTT,6,3689762
tolCp1,7.0,6,0,CGAGGAGAGAGAGAACGGTC,6,3666474
tolCp1,7.0,6,0,CATATAGCAAATGCTTCAAA,6,3676516
tolCp1,7.0,6,0,CAGCGTTGAGTATCGGACGT,6,3678214
tolCp1,7.0,6,0,CACTGATTACTGGTCCATGG,6,3695838
tolCp1,7.0,6,0,CACGATAATCTACTTTCTCC,6,3708570
tolCp1,7.0,6,0,CACAGAGAAGTCCGAAGTGA,6,3714500
tolCp1,7.0,6,0,CACACGGAAAAACCCTGGAG,6,3661266
tolCp1,7.0,6,0,AGTTATGCGCATCATAAACC,6,3702846
tolCp1,7.0,6,0,AGGTTTCTAAGCTACGATTC,6,3710498
tolCp1,7.0,6,0,ACTGTGTGTCGTGGGCCTTA,6,3706839
tolCp1,7.0,6,0,ACGCCAAAGGAGCCCCTCGA,6,3664927
tolCp1,7.0,6,0,ACATGGAATCAATGCGCAAT,6,3703226
tolCp1,6.0,5,0,TTTGTGTTCGCGATATCTTT,5,3664182
tolCp1,6.0,5,0,TTTAGACATCTGTTTGCTAA,5,3681436
tolCp1,6.0,5,0,TTCTCTTTTAGATAACGTTT,5,3702887
tolCp1,6.0,5,0,TTCCTGGTGGCCTGTAGCTC,5,3696942
tolCp1,6.0,5,0,TTCATTATTTGTGCTTTCGT,5,3701934
tolCp1,6.0,5,0,TTATAATCAGGAATATATCA,5,3698193
tolCp1,6.0,5,0,TGTAGTTCTGGCGGACCTTA,5,3688895
tolCp1,6.0,5,0,TGGTCACGATTTTAGATCCC,5,3661438
tolCp1,6.0,5,0,TGACGAGTCTAAATCGGGTA,5,3700787
tolCp1,6.0,5,0,TGAAGACCTCAGACATCATT,5,3697905
tolCp1,6.0,5,0,TGAACAGGCATGAAAGTGCT,5,3671019
tolCp1,6.0,5,0,TCTCGTTAACCGATTTTATG,5,3684459
tolCp1,6.0,5,0,TCTAGCCAGGATTCTTACTC,5,3661619
tolCp1,6.0,5,0,TCGAGTTCTCATCCCGGATA,5,3662892
tolCp1,6.0,5,0,TCGAACGGTTATCTCTCGGA,5,3714550
tolCp1,6.0,5,0,TCCGGCAACAGCGATGGAAG,5,3690086
tolCp1,6.0,5,0,TCACTCCAAGATACTCGCCT,5,3701254
tolCp1,6.0,5,0,TATCGTTGATCGCTGAACCA,5,3681682
tolCp1,6.0,5,0,TATAACTCCCAGTAGATAGG,5,3665292
tolCp1,6.0,5,0,TAGACTCAAGGCCTTGACGT,5,3669332
tolCp1,6.0,5,0,GTTTGGGCTTAAAAAAGCCA,5,3680891
tolCp1,6.0,5,0,GTGGCCCGCTCTCTTAGGCT,5,3669372
tolCp1,6.0,5,0,GTCGGCGGACGGTAAAATTA,5,3696415
tolCp1,6.0,5,0,GTCGGCAGAGTTAGCGGGAA,5,3685082
tolCp1,6.0,5,0,GTCGAGTTCGTCCTGAGACG,5,3709221
tolCp1,6.0,5,0,GTACTTGGAGCTAGGATTGT,5,3661611
tolCp1,6.0,5,0,GTAACCGACATTTATCCGTT,5,3666157
tolCp1,6.0,5,0,GGTGCACAGTTCTCGGCATT,5,3665331
tolCp1,6.0,5,0,GGTCCCGGCAGTAACGGCCA,5,3674474
tolCp1,6.0,5,0,GGTATACGCTTATCCCATTG,5,3685068
tolCp1,6.0,5,0,GGTAAGTCAACCTCTGCGTC,5,3669745
tolCp1,6.0,5,0,GGGATAACGGGTTAGAAAGT,5,3675297
tolCp1,6.0,5,0,GGCGTTATGTGACTGTGCCC,5,3662609
tolCp1,6.0,5,0,GCGGGATATGAGCAACTGAA,5,3703618
tolCp1,6.0,5,0,GCGGACTACTTCTTCCTATT,5,3682097
tolCp1,6.0,5,0,GATTAAGCGAATAGACGGGG,5,3684285
tolCp1,6.0,5,0,GATGCACCCATGTAAAGGCA,5,3706645
tolCp1,6.0,5,0,GAGATGTTGTGTTCGCGCAA,5,3689773
tolCp1,6.0,5,0,CTTGGTTATCGCTTACTCGG,5,3688107
tolCp1,6.0,5,0,CTTACTCGTGTCCTCTTTGC,5,3681832
tolCp1,6.0,5,0,CTAGCGATTTCCCACTTCCG,5,3678001
tolCp1,6.0,5,0,CTAGAATTGCATCTTAAAGT,5,3705248
tolCp1,6.0,5,0,CGATGACCCTTTATGCGAAT,5,3711976
tolCp1,6.0,5,0,CGATACCGACTACCGATAAT,5,3710150
tolCp1,6.0,5,0,CCTGGAATAATGATCTGTGT,5,3690525
tolCp1,6.0,5,0,CATTATTTGACTGTGGTAGT,5,3684906
tolCp1,6.0,5,0,CATGTTTCGAGTTTTCATCC,5,3698058
tolCp1,6.0,5,0,CAGGCACTGACGCAACCGGT,5,3711896
tolCp1,6.0,5,0,ATGTTTTGTGTAACCAGTGC,5,3679266
tolCp1,6.0,5,0,ATCGGATAAAAACGGATGAC,5,3664931
tolCp1,6.0,5,0,AGGGTATTAACATGGACCTA,5,3685682
tolCp1,6.0,5,0,AGGCAGACTCAGGGGTACTT,5,3685060
tolCp1,6.0,5,0,AGCACTTTTGAGTGCTACCT,5,3666011
tolCp1,6.0,5,0,AGACCTCCCGTAGAGACCAG,5,3710953
tolCp1,6.0,5,0,ACTTACGGTCCCGATCAGCA,5,3702437
tolCp1,6.0,5,0,ACTCAGGTACCTGGTGGAGT,5,3694169
tolCp1,6.0,5,0,ACGGAAGGGATCCGTTAACT,5,3677619
tolCp1,6.0,5,0,ACAAGAATTGGTGAGCATTG,5,3687156
tolCp1,6.0,5,0,AATAAGACATCCATACATCA,5,3715137
tolCp1,6.0,5,0,AAGCCACCCCGGACGCGCGT,5,3682237
tolCp1,5.0,4,0,TTTACAGCACGTCAGTACGA,4,3673885
tolCp1,5.0,4,0,TTGTTTAGAAGAGCTATGGT,4,3711035
tolCp1,5.0,4,0,TTGTAACGCGGTTACCGATT,4,3694011
tolCp1,5.0,4,0,TTGACGAGCGCCGGCGCGCC,4,3677051
tolCp1,5.0,4,0,TGTTCGGCCATAATACGGGT,4,3710303
tolCp1,5.0,4,0,TGATGATTGACGCTCCATAG,4,3696374
tolCp1,5.0,4,0,TCTATTGCATTAGCTTTGTC,4,3710959
tolCp1,5.0,4,0,TCGCGAAGAGCGGCTCAGTA,4,3665995
tolCp1,5.0,4,0,TCCTACAAAGCGATCGCACA,4,3692664
tolCp1,5.0,4,0,TCCGCAATACTAAGCAGGAT,4,3695062
tolCp1,5.0,4,0,TCCACTCCGCCCTGCATAGC,4,3699513
tolCp1,5.0,4,0,TCAGTAGCGGTCCCTTGATT,4,3687080
tolCp1,5.0,4,0,TATTTGTTATTTGGGCAATT,4,3667737
tolCp1,5.0,4,0,TACTGCGTCCTCCGTGTGTC,4,3688164
tolCp1,5.0,4,0,TACGTTCCTGGGCGTCCCGA,4,3686373
tolCp1,5.0,4,0,TAATAGTGCGTTCCCCGGGC,4,3685499
tolCp1,5.0,4,0,TAATAAGCGTGTCTTCGTAT,4,3687799
tolCp1,5.0,4,0,GTTTTTGAGTTCACGGCATT,4,3715142
tolCp1,5.0,4,0,GTTCAGTACGCGGGACTAGC,4,3671264
tolCp1,5.0,4,0,GTTATTTTCGCGCAGACGGT,4,3689765
tolCp1,5.0,4,0,GTATCTGAGCATAACCTCTA,4,3699613
tolCp1,5.0,4,0,GGCTAACACTGAACACGGAA,4,3696422
tolCp1,5.0,4,0,GGCGCCATAAAAGAGAGTAA,4,3674470
tolCp1,5.0,4,0,GGCCTGGTCTTCTCGTTTCC,4,3677252
tolCp1,5.0,4,0,GGAAGCGTGTCATGCCACAT,4,3710705
tolCp1,5.0,4,0,GCTCCCGAGATTTTAGCTAT,4,3701481
tolCp1,5.0,4,0,GCGTATACGTCCGATATCTA,4,3694368
tolCp1,5.0,4,0,GCGCTACTCCGATATCGAGC,4,3702713
tolCp1,5.0,4,0,GCCGGCCCGGGTTGTCCGTT,4,3701471
tolCp1,5.0,4,0,GCCAACTTAATATCAGCTCT,4,3685930
tolCp1,5.0,4,0,GCATTCCGTGGCTGGTATTT,4,3666463
tolCp1,5.0,4,0,GCATCGTAGTCCTCGTGTAA,4,3710299
tolCp1,5.0,4,0,GCACTTGATGGTGAACGCAA,4,3667153
tolCp1,5.0,4,0,GCACTGGCTTATTTAGGTAG,4,3704752
tolCp1,5.0,4,0,GAGCACGTCTGAACCGTGTA,4,3697975
tolCp1,5.0,4,0,GACGTTCCCACAACAAGCCG,4,3704148
tolCp1,5.0,4,0,GACCTCCAAGAGCGATTGGT,4,3698390
tolCp1,5.0,4,0,CTTACTTTCCTCGCCTAATA,4,3664612
tolCp1,5.0,4,0,CTCCCGAATACTGCGGGCGG,4,3679277
tolCp1,5.0,4,0,CTACCTCCTTAGCCTCAAAC,4,3662647
tolCp1,5.0,4,0,CTAAGGCCTTGTACTGTCAA,4,3696980
tolCp1,5.0,4,0,CGTATTCCTTTACTTTCAGA,4,3696117
tolCp1,5.0,4,0,CGGTCCACATAGCCGAGGCC,4,3676706
tolCp1,5.0,4,0,CGCCGCCTCCCAGGGGTAAA,4,3689764
tolCp1,5.0,4,0,CGAGTCCTTGCCTAAGCAAG,4,3696417
tolCp1,5.0,4,0,CGAGACCACTCAATTCCCTT,4,3673797
tolCp1,5.0,4,0,CGAGAATACTCTTTCATCCG,4,3695673
tolCp1,5.0,4,0,CCGCGACTGGTTAAGTCAAA,4,3712720
tolCp1,5.0,4,0,CCCCCTTCCGGAGGCTTTCA,4,3696409
tolCp1,5.0,4,0,CATGGCCACGTTATGCTCGA,4,3707116
tolCp1,5.0,4,0,CAGGAAAGGGTTCTGACGCA,4,3667065
tolCp1,5.0,4,0,CAGACGCGGTCCAGGCGGTA,4,3702889
tolCp1,5.0,4,0,CACTGAAACTTACAGGATCC,4,3696917
tolCp1,5.0,4,0,CACACTTTGTTAGGGTTCAT,4,3673838
tolCp1,5.0,4,0,ATTTTAGTCACATGGGTGAC,4,3661283
tolCp1,5.0,4,0,ATTGGGTCGGGCATGATGCT,4,3684789
tolCp1,5.0,4,0,ATTCTGGTCTAGAAACGGCT,4,3695843
tolCp1,5.0,4,0,ATTCCCTGCATTAGTATCCG,4,3661259
tolCp1,5.0,4,0,ATTCCCACGGTTCTGGGGCT,4,3711366
tolCp1,5.0,4,0,ATCTACTACTTTTGAATCGT,4,3667111
tolCp1,5.0,4,0,ATCTACCGAACCTCACTATG,4,3661714
tolCp1,5.0,4,0,ATCATGTATTTGCATTCCGT,4,3704654
tolCp1,5.0,4,0,AGGTGGCGCTGGGGATTGCT,4,3677718
tolCp1,5.0,4,0,AGGGCGTCCGCTTGGCAGGC,4,3702917
tolCp1,5.0,4,0,AGCATTCCCGCATAAAGTTC,4,3677596
tolCp1,5.0,4,0,ACTTCGGGGCTTGTGCATAT,4,3679119
tolCp1,5.0,4,0,ACTGACTTACGTCAGCAGGC,4,3712654
tolCp1,5.0,4,0,ACATGTTTTTCCGCGCTAAC,4,3714973
tolCp1,5.0,4,0,ACACTAGCGAAATGGTATTG,4,3672690
tolCp1,5.0,4,0,ACACCGAATTTAAATCGATA,4,3663558
tolCp1,5.0,4,0,AATCGCAATTGGTCTATGGA,4,3682548
tolCp1,5.0,4,0,AAGTTTATCCAACTTTAGGT,4,3682187
tolCp1,5.0,4,0,AAGTGGGGGAGCACTACGAG,4,3712648
tolCp1,5.0,4,0,AAGGGCAGGACTTGGATAGA,4,3714487
tolCp1,5.0,4,0,AAGAAGGAAAAACCCTGGTA,4,3700638
tolCp1,5.0,4,0,AAAAACGCCCCAGATCTTCT,4,3673603
tolCp1,4.0,3,0,TTTTGTGTCCTAGGCTGATT,3,3684175
tolCp1,4.0,3,0,TTTGTGAACTTACTGGAATT,3,3702167
tolCp1,4.0,3,0,TTTGTCTTATAAAAACCAGT,3,3668222
tolCp1,4.0,3,0,TTTGTCATATTGACCTACTC,3,3693032
tolCp1,4.0,3,0,TTTCGCACGGCAATTGGAGT,3,3676513
tolCp1,4.0,3,0,TTTCATCGCGAACGTAAGTG,3,3673285
tolCp1,4.0,3,0,TTGTCGAGCGCTCTGTTCAA,3,3667597
tolCp1,4.0,3,0,TTGTAGTTCATCAAAACCAT,3,3697369
tolCp1,4.0,3,0,TTGATGCAACTAATTCGCAT,3,3687259
tolCp1,4.0,3,0,TTGATCTGGCGCATCTCGTT,3,3695411
tolCp1,4.0,3,0,TTGAAGATTGTGTGTTTAAG,3,3688887
tolCp1,4.0,3,0,TTCTATGAAGCTGAGCCGGG,3,3711904
tolCp1,4.0,3,0,TTCCCTAGGTGTAAGTCTGT,3,3715141
tolCp1,4.0,3,0,TTAAGCCTAACTAATTGTGA,3,3693042
tolCp1,4.0,3,0,TTAAATAAAGGACAGCATCA,3,3714979
tolCp1,4.0,3,0,TGTGCACTATATGATTAGGT,3,3675723
tolCp1,4.0,3,0,TGTCATACCTACCCGTGGAG,3,3713058
tolCp1,4.0,3,0,TGTACGTCACAATTACGAGC,3,3694625
tolCp1,4.0,3,0,TGTAACTTATGGGATCCACG,3,3667477
tolCp1,4.0,3,0,TGGTGGTATTGATTATATTA,3,3707662
tolCp1,4.0,3,0,TGGGTTTATTCTAGGTTACA,3,3712646
tolCp1,4.0,3,0,TGGGGTTGGATTCACTTTTC,3,3713643
tolCp1,4.0,3,0,TGGCCGTTTGACGTGTAAGA,3,3663914
tolCp1,4.0,3,0,TGGCAAAACAACTTCGCGCG,3,3690673
tolCp1,4.0,3,0,TGGAGCTTTTCAGATCACCA,3,3682046
tolCp1,4.0,3,0,TGCTTTGCGGCGCTCAGCTA,3,3665336
tolCp1,4.0,3,0,TGCCCCTGACATTCGTCTGA,3,3694030
tolCp1,4.0,3,0,TGCAGCGGCGTGTTCTAGTG,3,3664222
tolCp1,4.0,3,0,TGACTCCGGCTGTTGTACTT,3,3694151
tolCp1,4.0,3,0,TGACTAAGTAAACCTTTGAC,3,3698610
tolCp1,4.0,3,0,TGACGTACGTTTCCCCTCTT,3,3664543
tolCp1,4.0,3,0,TGAAGTCGGTCTAGCTCTCA,3,3688902
tolCp1,4.0,3,0,TGAAGGGTGTAGGCCGGTCA,3,3713761
tolCp1,4.0,3,0,TGAACGGCTTCTGAGCGTCC,3,3678232
tolCp1,4.0,3,0,TCTTGTTTCAGGAGTTAACG,3,3701461
tolCp1,4.0,3,0,TCTTGAACCACCTCGTTCGA,3,3688783
tolCp1,4.0,3,0,TCTGCGATTTAGTGAGCTGA,3,3699499
tolCp1,4.0,3,0,TCTGATTCCGGATTTGTCTC,3,3712193
tolCp1,4.0,3,0,TCTCTTGTTCGAATGCCATG,3,3699522
tolCp1,4.0,3,0,TCTCCCCTCCAGGATGCAGG,3,3681438
tolCp1,4.0,3,0,TCTATGGCGTTCTGGATGGG,3,3680768
tolCp1,4.0,3,0,TCTAGATCATTTTCAGACCT,3,3667790
tolCp1,4.0,3,0,TCTACGGTACTGTTTGCCCC,3,3679990
tolCp1,4.0,3,0,TCGAGGTTAACCCGTGGTGT,3,3688332
tolCp1,4.0,3,0,TCGAATAGGGATGAGGACTA,3,3682377
tolCp1,4.0,3,0,TCCTGGTGATCAGAGTTCAA,3,3670599
tolCp1,4.0,3,0,TCCGAATAACTACGGAAGCA,3,3690691
tolCp1,4.0,3,0,TCCCGGGCAGAATGCGGAAC,3,3684720
tolCp1,4.0,3,0,TCCACGTGGAAGAAAAGACG,3,3700076
tolCp1,4.0,3,0,TCCAAGATCGGGTGCCGATA,3,3704738
tolCp1,4.0,3,0,TCATTATTATTCACAGGCTA,3,3674699
tolCp1,4.0,3,0,TCATATTGAGTATCACGTGA,3,3709041
tolCp1,4.0,3,0,TCATATAGGCACGGTTGGTT,3,3669546
tolCp1,4.0,3,0,TCACTTGGGCATATCAAGTA,3,3680699
tolCp1,4.0,3,0,TCACGTTTACGGGGGAAGTA,3,3685078
tolCp1,4.0,3,0,TCAATTTTATATACCGTAGA,3,3675646
tolCp1,4.0,3,0,TCAATCAGACCCGTCCAAAC,3,3687213
tolCp1,4.0,3,0,TCAACGCTATGTTATGTTCG,3,3695664
tolCp1,4.0,3,0,TATATCTTGTAAGATTGTGA,3,3682597
tolCp1,4.0,3,0,TAGGATTCTGAGTAAAAATG,3,3669310
tolCp1,4.0,3,0,TAGACGCATAACATCCATGT,3,3699297
tolCp1,4.0,3,0,TACGGTCCCTAGAATCCGAA,3,3689646
tolCp1,4.0,3,0,TACCTCAAAGTATTTGTGCT,3,3711086
tolCp1,4.0,3,0,TACACACAATACGGTTCCCT,3,3675024
tolCp1,4.0,3,0,TAACGTGCTCCATTAGGAGG,3,3713764
tolCp1,4.0,3,0,TAAAACTCAACTCCTGGCGG,3,3687794
tolCp1,4.0,3,0,GTTTTAGCGAAGTTTAAGCT,3,3667022
tolCp1,4.0,3,0,GTTCGGACAGAGTTTAAGGC,3,3666591
tolCp1,4.0,3,0,GTGTCTTTCATTTTTCGAGT,3,3687929
tolCp1,4.0,3,0,GTGGTGGGGATCTCGCGTTC,3,3700907
tolCp1,4.0,3,0,GTGCGCTCATCAGTCGCGCG,3,3693634
tolCp1,4.0,3,0,GTGATTAAGGGGAACGAGCA,3,3712095
tolCp1,4.0,3,0,GTGACTCCGACAACAAGTGA,3,3688505
tolCp1,4.0,3,0,GTGAATCAGCTACAACTAGA,3,3709885
tolCp1,4.0,3,0,GTCTTCCCATGCAAGGTCAT,3,3702318
tolCp1,4.0,3,0,GTCTGACTGTGTCGTCTGTT,3,3677630
tolCp1,4.0,3,0,GTCCTTGATCCCTTGACAGG,3,3714490
tolCp1,4.0,3,0,GTCAGCCGAAATACCCATAG,3,3690883
tolCp1,4.0,3,0,GTACCGGCAGGACCTCTTAA,3,3676713
tolCp1,4.0,3,0,GTAACATAGCGGTTCGGGTA,3,3670367
tolCp1,4.0,3,0,GGTTCGGGCTTAGCCGATAA,3,3715134
tolCp1,4.0,3,0,GGTGGCGCTCAGTATCCGGA,3,3696251
tolCp1,4.0,3,0,GGTGCCTGGACTATATGACA,3,3686022
tolCp1,4.0,3,0,GGTCACCTGTCCCCAGAGTA,3,3700917
tolCp1,4.0,3,0,GGGTCTCTAATTTGGCAACT,3,3680655
tolCp1,4.0,3,0,GGGGTGTCATTTGGAGTATA,3,3686824
tolCp1,4.0,3,0,GGGGGTGCGAATGGATTAAA,3,3698012
tolCp1,4.0,3,0,GGGGAGAGTCGAATCCTCAC,3,3700103
tolCp1,4.0,3,0,GGGCGATTCTCCCAGAGCAA,3,3695460
tolCp1,4.0,3,0,GGCCCGTATTCAATACATTT,3,3687185
tolCp1,4.0,3,0,GGCATAAAGGACACCGAGTA,3,3685337
tolCp1,4.0,3,0,GGATTCGCCCGGCCCCGGCC,3,3690795
tolCp1,4.0,3,0,GGACTGTAGTTAATGAATCC,3,3667329
tolCp1,4.0,3,0,GGAAGGGCGGATGAGTTAAT,3,3667204
tolCp1,4.0,3,0,GCCTGCATCAAGACCATGGA,3,3668453
tolCp1,4.0,3,0,GCCTCTGTTGACCTATTGCT,3,3694178
tolCp1,4.0,3,0,GCCTCCACGAAGCCTTGAAT,3,3678290
tolCp1,4.0,3,0,GCCGTCTGGCGGATAAGAGC,3,3682299
tolCp1,4.0,3,0,GCCGAATCGTCTGGTTACGA,3,3694044
tolCp1,4.0,3,0,GCATGTTCATCACTAATTTC,3,3678669
tolCp1,4.0,3,0,GCAGTGGGTGACCCTAGATA,3,3678174
tolCp1,4.0,3,0,GCAGTAACGAGCATTGCAGC,3,3704060
tolCp1,4.0,3,0,GATGGCTATACCGGAACGTT,3,3695678
tolCp1,4.0,3,0,GATCCGGTCTCATGTTTGTT,3,3672635
tolCp1,4.0,3,0,GAGTACCGGTTGCACGAGCA,3,3678296
tolCp1,4.0,3,0,GAGGTGTGCCGTCAAAAAAC,3,3678345
tolCp1,4.0,3,0,GAGGATACGATTCATGTTCA,3,3698206
tolCp1,4.0,3,0,GAGCAGGAACCATCGGCCGG,3,3692344
tolCp1,4.0,3,0,GACTACATCCATGTAACTGC,3,3700081
tolCp1,4.0,3,0,GACGTATAAAATTTCATCTG,3,3698589
tolCp1,4.0,3,0,GACCACATCTATCGCCTTGC,3,3677470
tolCp1,4.0,3,0,GACAGATTTAGAGTATTGGT,3,3694382
tolCp1,4.0,3,0,GACACTACTGTACGATCGAT,3,3674697
tolCp1,4.0,3,0,GAATACTTTTGTTTTTCTTA,3,3699215
tolCp1,4.0,3,0,GAACGCGGCCACCCCATAAT,3,3676986
tolCp1,4.0,3,0,GAACACGCGTTTGAGCACAC,3,3684353
tolCp1,4.0,3,0,GAAAATGGGTTATAAGCCGG,3,3707293
tolCp1,4.0,3,0,CTTTGTTGTCTGGCGTGGCC,3,3713760
tolCp1,4.0,3,0,CTTTGCGCTCGAAATAGGAT,3,3695308
tolCp1,4.0,3,0,CTGAAACTAAAGGCGATATA,3,3692244
tolCp1,4.0,3,0,CTCTGACGATTCGACATTTG,3,3680112
tolCp1,4.0,3,0,CTCGGTGACTCTATCTGCAG,3,3695745
tolCp1,4.0,3,0,CTCCTACAACATATTTGGCA,3,3664919
tolCp1,4.0,3,0,CTCAGACTTAGATGGGTATC,3,3679995
tolCp1,4.0,3,0,CTATTTGTGCTCACCAGCCC,3,3676396
tolCp1,4.0,3,0,CTATTGTTGGGGATCTCCAT,3,3711919
tolCp1,4.0,3,0,CTAGAGATGGGTAAAAAATC,3,3666687
tolCp1,4.0,3,0,CTACCGTATATGGCAATGAT,3,3714479
tolCp1,4.0,3,0,CTAATTGTATCCTGAACCTT,3,3669175
tolCp1,4.0,3,0,CTAAAGTAAAGAGGCATCGT,3,3714478
tolCp1,4.0,3,0,CTAAACTCACATCAATTCGG,3,3664786
tolCp1,4.0,3,0,CGTTAGCGTGTTCTCTTTAC,3,3714236
tolCp1,4.0,3,0,CGTACGGGAGATGTTTCACA,3,3696253
tolCp1,4.0,3,0,CGGTCGCCAGCTACCGGCGT,3,3711146
tolCp1,4.0,3,0,CGGTCCAGTGTAACGGGGTT,3,3679745
tolCp1,4.0,3,0,CGGTACCTGTTATACTCTCT,3,3681681
tolCp1,4.0,3,0,CGGGAAAACTTCATAACATG,3,3686040
tolCp1,4.0,3,0,CGCTCGTGCTGGGACTGTGT,3,3672451
tolCp1,4.0,3,0,CGCGTATTACCCTGTATCAG,3,3673360
tolCp1,4.0,3,0,CGCCGGCATCCAGGGATTCG,3,3700908
tolCp1,4.0,3,0,CGCCGGATCCGATGGCTGCT,3,3690542
tolCp1,4.0,3,0,CGCCCCCTCATACGTAGCGG,3,3672558
tolCp1,4.0,3,0,CGCACGCCATTCACTTTGTT,3,3679368
tolCp1,4.0,3,0,CGATCCGTCGGAAGCTCGAC,3,3682449
tolCp1,4.0,3,0,CGAGTACCGGAGAAAATATT,3,3681953
tolCp1,4.0,3,0,CGAGGACAGCCCCGCAGTTG,3,3675717
tolCp1,4.0,3,0,CGAATTCTAACTTGCGACAT,3,3684160
tolCp1,4.0,3,0,CGAACAACATCCAACTTTTT,3,3666886
tolCp1,4.0,3,0,CCTTATGTATAGGCAACGCT,3,3704614
tolCp1,4.0,3,0,CCTGGGCTGTACCGTTAACC,3,3662649
tolCp1,4.0,3,0,CCTCCTTTTCATCTCTCTGC,3,3664650
tolCp1,4.0,3,0,CCTACGTCCCAGCGCGCGTC,3,3679634
tolCp1,4.0,3,0,CCGTTGCCTTCTTACTATTA,3,3671023
tolCp1,4.0,3,0,CCGCTCCCAACCATACGTGT,3,3706073
tolCp1,4.0,3,0,CCGCATCAATACGGTGAGGT,3,3668812
tolCp1,4.0,3,0,CCCAATTCATACACTCATGT,3,3675677
tolCp1,4.0,3,0,CCACACTCCGGATTGAGCTC,3,3688003
tolCp1,4.0,3,0,CCAATTACCGCTACCCTTGG,3,3671213
tolCp1,4.0,3,0,CATGGTGCCCAATTCCACCT,3,3674326
tolCp1,4.0,3,0,CATCCGTGAATAATCACGGT,3,3667793
tolCp1,4.0,3,0,CATCAGACGTATCAATCTTT,3,3679891
tolCp1,4.0,3,0,CAGGTAGCAGCACTCAGTTA,3,3695973
tolCp1,4.0,3,0,CACTCCGGGAGCATCGAAGA,3,3708418
tolCp1,4.0,3,0,CACGAGAATGTGGAATGTCC,3,3700912
tolCp1,4.0,3,0,CACCTTCAGAGCAGGTTTAA,3,3706930
tolCp1,4.0,3,0,CACCTATTACCCTGGAGTAA,3,3673029
tolCp1,4.0,3,0,CACACTAGAGATTAAGAGTG,3,3677715
tolCp1,4.0,3,0,CAATGTTCACGGCTCCCCTT,3,3683952
tolCp1,4.0,3,0,CAAATTGCGTGGCATACACT,3,3710297
tolCp1,4.0,3,0,ATTTGGGCCATCGAGAGCCT,3,3665330
tolCp1,4.0,3,0,ATGGTCACGCGATTATGGGT,3,3697267
tolCp1,4.0,3,0,ATGGAAAGGATGTTGTTCTT,3,3672348
tolCp1,4.0,3,0,ATGCCCCCTGAACTAGCTTA,3,3679355
tolCp1,4.0,3,0,ATGCCAGGTCATAATACCAT,3,3688848
tolCp1,4.0,3,0,ATGCAGGCCTGTTTATGTCG,3,3711297
tolCp1,4.0,3,0,ATCGCTCCCCCGCATCATAA,3,3664503
tolCp1,4.0,3,0,ATATTGTTATGCTTGGAAGG,3,3701460
tolCp1,4.0,3,0,ATACTACCATCTGTTTGCCC,3,3669090
tolCp1,4.0,3,0,ATACGGCTGTAGGGTAAACA,3,3695157
tolCp1,4.0,3,0,AGTTTGTACTGGAAGTATTT,3,3683653
tolCp1,4.0,3,0,AGTTGTACCTGCGAGGGCGA,3,3666056
tolCp1,4.0,3,0,AGTTGCCGTACTGTCTCTCT,3,3688172
tolCp1,4.0,3,0,AGGTCTAGCGGTAACATCTC,3,3697797
tolCp1,4.0,3,0,AGGTCGCTCGCGGGTTTCAT,3,3670509
tolCp1,4.0,3,0,AGGGCGTACTATCAAGGGTA,3,3694912
tolCp1,4.0,3,0,AGGAGCTAAACTTTCTTACA,3,3674249
tolCp1,4.0,3,0,AGGACCTTCTTATGTGCGAT,3,3665889
tolCp1,4.0,3,0,AGGACCAGCCACTACCCCGA,3,3689474
tolCp1,4.0,3,0,AGCGATGAAACTAATCGTAA,3,3699218
tolCp1,4.0,3,0,AGCCGATGCGGAGAAATCGG,3,3705667
tolCp1,4.0,3,0,AGCCGAGTCCTCGGAAACGC,3,3690124
tolCp1,4.0,3,0,AGAGTATTAACCGCAATACA,3,3684500
tolCp1,4.0,3,0,AGAGTATAGGTGTCTGTTCT,3,3713061
tolCp1,4.0,3,0,ACTTATGCCCGAATCACGGA,3,3710844
tolCp1,4.0,3,0,ACTCTGCATCAGTAGCTGTT,3,3701195
tolCp1,4.0,3,0,ACTAGCAAACATTATAAATG,3,3671871
tolCp1,4.0,3,0,ACGAAGAGCGGTCGTTACCT,3,3702891
tolCp1,4.0,3,0,ACCAACGTGTATCTTAGAAC,3,3662958
tolCp1,4.0,3,0,ACAGGACATCTTAAGCTTAT,3,3689052
tolCp1,4.0,3,0,ACAGCCGTCGGCGTAGTTCT,3,3671935
tolCp1,4.0,3,0,ACACTGATCCACAGGGCCAC,3,3664223
tolCp1,4.0,3,0,AATTGTGAACGATTGGCGGG,3,3685915
tolCp1,4.0,3,0,AATTGGGCAAATAAGCCCCT,3,3688381
tolCp1,4.0,3,0,AATTAAGCAGGCCGCGGGAG,3,3696416
tolCp1,4.0,3,0,AATCCTTCCTCAGCCTAACA,3,3669770
tolCp1,4.0,3,0,AATATAAGAGATGTCAGTTA,3,3706581
tolCp1,4.0,3,0,AATAGTCCTTCGGTACACTG,3,3662662
tolCp1,4.0,3,0,AAGGTTCCGTCTTAAGTGTG,3,3703411
tolCp1,4.0,3,0,AAGCTGTTCTAGGATTTTAT,3,3665093
tolCp1,4.0,3,0,AAGCCAGACATGTTACGAGT,3,3706565
tolCp1,4.0,3,0,AACGTTGGACGTTATAGAAA,3,3694055
tolCp1,4.0,3,0,AACACATAAGCATATGTAGG,3,3696169
tolCp1,4.0,3,0,AAAACTCGTTAATGAACTGA,3,3672571
tolCp1,3.0,2,0,TTTCGTACGGGATAGAACAA,2,3674333
tolCp1,3.0,2,0,TTTAGTGTCATCTTTATACG,2,3672643
tolCp1,3.0,2,0,TTTAGGGAGATTGGACATTA,2,3707985
tolCp1,3.0,2,0,TTTAGCGTTTCTACCCGGTC,2,3674459
tolCp1,3.0,2,0,TTTAACCTGTATCCACAAAA,2,3667028
tolCp1,3.0,2,0,TTGTAAGATAGTGGTCTTCC,2,3710958
tolCp1,3.0,2,0,TTGGTGAAGGTACTTCAAAC,2,3686570
tolCp1,3.0,2,0,TTGGTATCCAATAGTGACCT,2,3682264
tolCp1,3.0,2,0,TTGGGTGCTATGTAGCTTTA,2,3672238
tolCp1,3.0,2,0,TTGGCTAGGGTCATGGGTAC,2,3683061
tolCp1,3.0,2,0,TTGGAGCCAGGTGGATTATG,2,3679505
tolCp1,3.0,2,0,TTGCTAGGGGATGATATGCG,2,3698160
tolCp1,3.0,2,0,TTGCCGGCTCGTGGACGTTC,2,3689939
tolCp1,3.0,2,0,TTGCCCCTTAGCAGGATGTT,2,3695839
tolCp1,3.0,2,0,TTGATGTGGTGTCAATTACT,2,3704621
tolCp1,3.0,2,0,TTGAATACGCCTAGGCCATT,2,3689548
tolCp1,3.0,2,0,TTCTGTAAACCGGCATCTGC,2,3694000
tolCp1,3.0,2,0,TTCTCAGTCCACATGTCGTA,2,3714483
tolCp1,3.0,2,0,TTCTACGGGAATAGGAAGGG,2,3671194
tolCp1,3.0,2,0,TTCGGGGGCTAATCCAAAGC,2,3694764
tolCp1,3.0,2,0,TTCGGGCTAACTGTGATGGA,2,3696337
tolCp1,3.0,2,0,TTCGACACGACAAAAAAATA,2,3667343
tolCp1,3.0,2,0,TTCGAATTAGAGACGAGGAG,2,3685811
tolCp1,3.0,2,0,TTCCTGATGAGGCAGTCCTT,2,3696255
tolCp1,3.0,2,0,TTCATCTTGGCAGCTCATAT,2,3700448
tolCp1,3.0,2,0,TTATTAATTGGTAACATATC,2,3687160
tolCp1,3.0,2,0,TTAGTTCTTGATCTGAATCC,2,3671280
tolCp1,3.0,2,0,TTAGCAGTTGTAAGCAGTGT,2,3692231
tolCp1,3.0,2,0,TTACTAGGTACCCTTGTAAT,2,3672632
tolCp1,3.0,2,0,TTACCCGATGAGACGGATCA,2,3701236
tolCp1,3.0,2,0,TTACCCAGACAGATACCAGT,2,3711403
tolCp1,3.0,2,0,TTACATGCTCTATAATACGA,2,3675770
tolCp1,3.0,2,0,TTAAGTCTAAGGTTTCCGAC,2,3673351
tolCp1,3.0,2,0,TTAAGTACATAGGGGGTGCG,2,3675536
tolCp1,3.0,2,0,TTAAGCATCTAGTACGGCTG,2,3690725
tolCp1,3.0,2,0,TTAACGATGGGCTTCCCCTG,2,3710856
tolCp1,3.0,2,0,TGTTGTTGGATTCCTTTGAC,2,3695457
tolCp1,3.0,2,0,TGTTCCCTGAGCTGTCCGTA,2,3692241
tolCp1,3.0,2,0,TGTCTTGCGCATGATCATCT,2,3677286
tolCp1,3.0,2,0,TGTCGTAGACAAGTTAGCAA,2,3676498
tolCp1,3.0,2,0,TGTCGCACACTCCGATAGCT,2,3704732
tolCp1,3.0,2,0,TGTCGATTAGCGCCGAGTGT,2,3697026
tolCp1,3.0,2,0,TGTATGCCACGAGGCATGTG,2,3674462
tolCp1,3.0,2,0,TGTAGGGATTTAGTCTGCGA,2,3703282
tolCp1,3.0,2,0,TGTAGCTGGCGGAAAGCTGT,2,3661378
tolCp1,3.0,2,0,TGTAGCACTATGCAGGCTAC,2,3696954
tolCp1,3.0,2,0,TGTACGTACAATACTATCAA,2,3696546
tolCp1,3.0,2,0,TGGTTCGGTTCTGGTCTCTG,2,3673733
tolCp1,3.0,2,0,TGGTTAGCGGCTACAATCTC,2,3710428
tolCp1,3.0,2,0,TGGTCATGCGTTGTTCAAAT,2,3662495
tolCp1,3.0,2,0,TGGGTCTCTCGCCTCGGATC,2,3708347
tolCp1,3.0,2,0,TGGGAGGACATACGATTGCA,2,3697091
tolCp1,3.0,2,0,TGGCTACTTCGGAGTCGGCC,2,3693768
tolCp1,3.0,2,0,TGGCAACGCTGATGGTGGAA,2,3661766
tolCp1,3.0,2,0,TGCTGGGGTTATTACCCGAT,2,3711041
tolCp1,3.0,2,0,TGCGGTAAGCCAGAACTCTT,2,3687313
tolCp1,3.0,2,0,TGCGCTTGAGACCAACGAGA,2,3689354
tolCp1,3.0,2,0,TGCCCGGCTCAAGGGAGAAA,2,3668835
tolCp1,3.0,2,0,TGCAAGCCTTCGCGGGAGCT,2,3683352
tolCp1,3.0,2,0,TGAGTGGGCGCGGGCGTTCG,2,3714274
tolCp1,3.0,2,0,TGAGTGATCTGGCCGATGGT,2,3701781
tolCp1,3.0,2,0,TGAGGCCCTCCAATGGCTGA,2,3713115
tolCp1,3.0,2,0,TGAGGATGGCAGTAACGTAC,2,3696224
tolCp1,3.0,2,0,TGAGAAGCGGTATGAGACGG,2,3680708
tolCp1,3.0,2,0,TGACCGGCGCCGCGGGGGAG,2,3675530
tolCp1,3.0,2,0,TGACACGGTTGGGCACAGGT,2,3670870
tolCp1,3.0,2,0,TGAAGACGTAGGCGGACTGG,2,3704329
tolCp1,3.0,2,0,TGAAAGCGCAACTGTCTATC,2,3670222
tolCp1,3.0,2,0,TCTTAACAAGTGCGGTCGCA,2,3705884
tolCp1,3.0,2,0,TCTGACTTGCCCTAATCTTT,2,3714488
tolCp1,3.0,2,0,TCTCAGCTGCCTGCTGGTTC,2,3669442
tolCp1,3.0,2,0,TCTCACTCGAACCCTCGCAG,2,3675889
tolCp1,3.0,2,0,TCTAGTATTACGTCGAGGTA,2,3708735
tolCp1,3.0,2,0,TCGTTTCGTCCCAGTCGGGC,2,3689005
tolCp1,3.0,2,0,TCGTTACAGCGGGTCTTCAA,2,3706082
tolCp1,3.0,2,0,TCGTGATTGCTCCAGGTTAG,2,3701784
tolCp1,3.0,2,0,TCGTAGTTCCACGGTAGCCT,2,3669772
tolCp1,3.0,2,0,TCGGGTCCATGGTTTCGGAC,2,3696025
tolCp1,3.0,2,0,TCGGGAGTCCCCCTCCACAC,2,3677515
tolCp1,3.0,2,0,TCGGGAGGACGCACTCGCCC,2,3663722
tolCp1,3.0,2,0,TCGGCTGCGACGCCTTTGAG,2,3689046
tolCp1,3.0,2,0,TCGGCATTGCACTCCCCGGC,2,3707268
tolCp1,3.0,2,0,TCGCCATTAAGAGCTAGGTA,2,3705379
tolCp1,3.0,2,0,TCGCACTGACTTCAGTCATA,2,3703075
tolCp1,3.0,2,0,TCGACACCTGTATGGGGCTC,2,3676964
tolCp1,3.0,2,0,TCGAAGTCACCTAGGAGCGC,2,3696260
tolCp1,3.0,2,0,TCCTCGTTTCTTCCACAAAA,2,3705169
tolCp1,3.0,2,0,TCCTCACTATAAGCTTTGAA,2,3679490
tolCp1,3.0,2,0,TCCGTGATATTGTTCGGAGA,2,3662554
tolCp1,3.0,2,0,TCCGCGGAATGCAACACTGT,2,3677054
tolCp1,3.0,2,0,TCATGTTTCCGAAAGTAGGG,2,3671260
tolCp1,3.0,2,0,TCATGATGTGAGCACTCTCA,2,3666732
tolCp1,3.0,2,0,TCATCCGACATGTGCGGGGG,2,3661678
tolCp1,3.0,2,0,TCATACTGTCACCGGTACTG,2,3667211
tolCp1,3.0,2,0,TCAGTGTCATTTCTTGAGTT,2,3705636
tolCp1,3.0,2,0,TCAGTAAACGGCGGTCAGCT,2,3707312
tolCp1,3.0,2,0,TCAGGCCTTGTAAAATATGG,2,3691141
tolCp1,3.0,2,0,TCAGCTCGACGCGAGATTCA,2,3692744
tolCp1,3.0,2,0,TCAGAGAGGTGTACCAGCGC,2,3661760
tolCp1,3.0,2,0,TCACGCATTCCGTGTCATCC,2,3696915
tolCp1,3.0,2,0,TCACGACAGGGGAATTTTTT,2,3670281
tolCp1,3.0,2,0,TCACCATGTCATCTTTGAAT,2,3699419
tolCp1,3.0,2,0,TCAATTTGCCTTAATCTGGT,2,3709151
tolCp1,3.0,2,0,TCAATTGACTACCCGGGGAC,2,3704688
tolCp1,3.0,2,0,TCAATTCGGTCCTACGGCAA,2,3709497
tolCp1,3.0,2,0,TCAAACTTAATTAGCTATGC,2,3667287
tolCp1,3.0,2,0,TATGTTTGTTATACAATCAG,2,3663999
tolCp1,3.0,2,0,TATGGTGGTGACTCGGTGAG,2,3678288
tolCp1,3.0,2,0,TATGGGCTACGTCTCCAGCC,2,3664669
tolCp1,3.0,2,0,TATAGTCTTGGTTCGATACT,2,3684233
tolCp1,3.0,2,0,TAGGACTGCAACGCACCATA,2,3683046
tolCp1,3.0,2,0,TAGCTGGTTCTGCCTCATAT,2,3662551
tolCp1,3.0,2,0,TAGCACATGCGATGATTTCA,2,3693591
tolCp1,3.0,2,0,TAGCACACAATAGACGGTGC,2,3703318
tolCp1,3.0,2,0,TAGCAATATGACATTCTACG,2,3707719
tolCp1,3.0,2,0,TAGCAAAGCGCGAGAGCCAA,2,3713821
tolCp1,3.0,2,0,TAGAGCCGTTGAGTCCCTTC,2,3668836
tolCp1,3.0,2,0,TACTTGAGCCGTCGATTCTA,2,3666332
tolCp1,3.0,2,0,TACTCGGTACCAATTGCTCG,2,3665086
tolCp1,3.0,2,0,TACTATGGCGATTCATAGCT,2,3676562
tolCp1,3.0,2,0,TACGGATTCATAGTCACTCT,2,3664994
tolCp1,3.0,2,0,TACCACACCTTCTCTCCCCT,2,3684911
tolCp1,3.0,2,0,TACAGGTGACCAGACTTTTG,2,3690904
tolCp1,3.0,2,0,TACAAGGTGAGTCTCTTGGG,2,3677313
tolCp1,3.0,2,0,TAATGATCTAGGGGAAGTTC,2,3687498
tolCp1,3.0,2,0,TAAGAGGCTGTCCTACGTCA,2,3693078
tolCp1,3.0,2,0,TAAATCATAAAAGTTATTAT,2,3694718
tolCp1,3.0,2,0,GTTTTAGAAGCCATTAACGC,2,3700928
tolCp1,3.0,2,0,GTTGAGACCTAGCAATACGC,2,3686911
tolCp1,3.0,2,0,GTTGAATCGGGATAGTCGGA,2,3691649
tolCp1,3.0,2,0,GTTCTCACGTAACCCAATAC,2,3702897
tolCp1,3.0,2,0,GTTCACTTGGGTGCCAGTAG,2,3709107
tolCp1,3.0,2,0,GTGTCCTAATGGTGAGCAGA,2,3684120
tolCp1,3.0,2,0,GTGTAGATGGGGACCACCAT,2,3711724
tolCp1,3.0,2,0,GTGGGCATGCGACCAGGGTA,2,3690431
tolCp1,3.0,2,0,GTGGAGGTTCTTACTGGCGC,2,3706308
tolCp1,3.0,2,0,GTGCTTTTATGACACCGAGT,2,3702933
tolCp1,3.0,2,0,GTGCGACCCATCCGCCAAGA,2,3665687
tolCp1,3.0,2,0,GTGCAGGAGACAGCACACTG,2,3691830
tolCp1,3.0,2,0,GTGAGATGTCTCCAACAGGT,2,3701185
tolCp1,3.0,2,0,GTGAATGGTTCTGTGGGTAT,2,3666131
tolCp1,3.0,2,0,GTGAACTTGAATACGACGTA,2,3694953
tolCp1,3.0,2,0,GTCTTTTCATCCTAATATAA,2,3698903
tolCp1,3.0,2,0,GTCTGTGACTAGATGATCAG,2,3661679
tolCp1,3.0,2,0,GTCTCTGTGGCGGACAGGTA,2,3706929
tolCp1,3.0,2,0,GTCTCCGTGGGACGAGGGGT,2,3710602
tolCp1,3.0,2,0,GTCTCCGAAAGCAATAATTA,2,3662788
tolCp1,3.0,2,0,GTCTAACTAAAAATTGAGTC,2,3689050
tolCp1,3.0,2,0,GTCGGTGAACTTTTATTTTT,2,3685076
tolCp1,3.0,2,0,GTCGGGCTCGTCACACCGTA,2,3661264
tolCp1,3.0,2,0,GTCGCTAGGATATGTTTTAT,2,3700803
tolCp1,3.0,2,0,GTCGCCCGGAAAGCCACGTG,2,3693956
tolCp1,3.0,2,0,GTCGATCGACTAGGCAAACA,2,3689006
tolCp1,3.0,2,0,GTCCTTTTGGAAGATAGGCA,2,3684977
tolCp1,3.0,2,0,GTCCGTTCTCTACAGGTGAA,2,3689725
tolCp1,3.0,2,0,GTCCGTGCTTCGCTATCCGC,2,3670371
tolCp1,3.0,2,0,GTCCGGTTAGTGCCCTTGGG,2,3680809
tolCp1,3.0,2,0,GTCCGGTGTGGTGACTCAGA,2,3689041
tolCp1,3.0,2,0,GTCACGTAAAAAGGCCAAGC,2,3676469
tolCp1,3.0,2,0,GTCACGCGCCACTTGTATTA,2,3664611
tolCp1,3.0,2,0,GTATGACACTTCGTAAAGAA,2,3673652
tolCp1,3.0,2,0,GTATCAAACCGAAGCTTTCA,2,3706298
tolCp1,3.0,2,0,GTATAGCAACTCGGCCCTAC,2,3715139
tolCp1,3.0,2,0,GTATACGGCATAGCAGTAGT,2,3695649
tolCp1,3.0,2,0,GTAGCTTGGCATCGAACATG,2,3695683
tolCp1,3.0,2,0,GTACGATACCCAATTGCGCG,2,3703034
tolCp1,3.0,2,0,GTACAGTCGGTGCCCTCAGA,2,3663589
tolCp1,3.0,2,0,GTACAGCATATCGAGATCTC,2,3671501
tolCp1,3.0,2,0,GGTGGGGTTATACCGAGTAG,2,3665356
tolCp1,3.0,2,0,GGTGAGCGGGAAGATTTGTG,2,3684286
tolCp1,3.0,2,0,GGTCTCCCGGAGCGAGAGAT,2,3663138
tolCp1,3.0,2,0,GGTCCAAGCTTTTCGGTCTC,2,3705792
tolCp1,3.0,2,0,GGGTTCTCTACATGATCTAA,2,3700715
tolCp1,3.0,2,0,GGGTTAACAAGGGATCGGTA,2,3661826
tolCp1,3.0,2,0,GGGTAGGAGACCTCTTTTTT,2,3681310
tolCp1,3.0,2,0,GGGTACTTCGATTATCCCTT,2,3670156
tolCp1,3.0,2,0,GGGTACGCCGAAGATGTTCT,2,3682391
tolCp1,3.0,2,0,GGGGTGAACGAGGCTTAGCT,2,3685483
tolCp1,3.0,2,0,GGGGGCGCATTCTAGCTGGT,2,3677227
tolCp1,3.0,2,0,GGGGGCATGTATATTGTTAT,2,3709148
tolCp1,3.0,2,0,GGGGGAGCTGCCCGAGCGAA,2,3699495
tolCp1,3.0,2,0,GGGGCATTAGCGTTTGGATT,2,3685547
tolCp1,3.0,2,0,GGGCTCCCAGCACGTTCCCA,2,3674461
tolCp1,3.0,2,0,GGGCGATCAAATCACTCATG,2,3712501
tolCp1,3.0,2,0,GGGCCTCTTATACCGTTCGT,2,3661799
tolCp1,3.0,2,0,GGGCCAGGAAAAAATCTTTG,2,3683651
tolCp1,3.0,2,0,GGGATGTCTGGACAGAACAC,2,3676555
tolCp1,3.0,2,0,GGGAGTAGAGTAGCATGATG,2,3663916
tolCp1,3.0,2,0,GGGAACATGCAAGCCAAACG,2,3694670
tolCp1,3.0,2,0,GGCTGGGTATCCAGAGCCTA,2,3676194
tolCp1,3.0,2,0,GGCTCGGTGTTGCCGCGAAG,2,3668404
tolCp1,3.0,2,0,GGCGAGTATTTCGCACAGCT,2,3676901
tolCp1,3.0,2,0,GGCCTTCGTGGTGGATTGGC,2,3702895
tolCp1,3.0,2,0,GGCCTGATGGCTTCTAAGTT,2,3678276
tolCp1,3.0,2,0,GGCCGTTTGAGGATTCTCAT,2,3694713
tolCp1,3.0,2,0,GGCCCCAGATGAATAGGGAC,2,3691372
tolCp1,3.0,2,0,GGCCCAGGCGAGTAGCCGTC,2,3693157
tolCp1,3.0,2,0,GGCCATCCATACGGGGGAAT,2,3709276
tolCp1,3.0,2,0,GGCCATAGGGAGTGTAATAG,2,3677062
tolCp1,3.0,2,0,GGCATCCAATAGCTGTGGTC,2,3704529
tolCp1,3.0,2,0,GGCATATACGGCGCTTTCGT,2,3682749
tolCp1,3.0,2,0,GGCAGAGAGAGCGGGAATTG,2,3670596
tolCp1,3.0,2,0,GGCACGTGTGAATTCGCCCT,2,3707157
tolCp1,3.0,2,0,GGCACGGCGATGAGCAGTCC,2,3691075
tolCp1,3.0,2,0,GGCACAAGGTCACAGCGGTG,2,3687869
tolCp1,3.0,2,0,GGAGGATGCTCCCATTCGTA,2,3676786
tolCp1,3.0,2,0,GGACCGCGATCCACAGCTCT,2,3679375
tolCp1,3.0,2,0,GGAAAGTGGTGCGTCACAGA,2,3691832
tolCp1,3.0,2,0,GGAAAGGGTAGCAAAAATGA,2,3685506
tolCp1,3.0,2,0,GCTTCGGTCAACTTGTTATA,2,3700887
tolCp1,3.0,2,0,GCTGTACGGCTATTTAACAC,2,3684620
tolCp1,3.0,2,0,GCTCATATTGCGGCTGAGAG,2,3673896
tolCp1,3.0,2,0,GCTCAGATATTGGGTCATGG,2,3681991
tolCp1,3.0,2,0,GCTATTGCACTTCGAGACGC,2,3689379
tolCp1,3.0,2,0,GCGTTGTTTCCCAAGCCACC,2,3664604
tolCp1,3.0,2,0,GCGCTGTAATTTGGCCCCCT,2,3675397
tolCp1,3.0,2,0,GCGCTACTGCAACGTTGTGC,2,3685022
tolCp1,3.0,2,0,GCGCAGTCTGGTACCAGCAG,2,3705143
tolCp1,3.0,2,0,GCCTATGGACTATAGCGGGG,2,3671860
tolCp1,3.0,2,0,GCCTACATACCCATCATTTA,2,3700075
tolCp1,3.0,2,0,GCCGCGGCACTAATCATATC,2,3678482
tolCp1,3.0,2,0,GCCGCCGCCGTCCCAAGGCT,2,3671333
tolCp1,3.0,2,0,GCCCTAGGGGCCGTACGAAG,2,3689346
tolCp1,3.0,2,0,GCCCGGTGCTATGGTATAGT,2,3699041
tolCp1,3.0,2,0,GCCCCGGTCGCTAATGGAAC,2,3664144
tolCp1,3.0,2,0,GCCATCCGATATAGGGGCCA,2,3693723
tolCp1,3.0,2,0,GCCACCAACTAGATGTCGGT,2,3711128
tolCp1,3.0,2,0,GCCAATCCGAATATATTATA,2,3665481
tolCp1,3.0,2,0,GCATTTGATACGGGTTTCCA,2,3696419
tolCp1,3.0,2,0,GCATCTGCGTCACATGCACA,2,3667425
tolCp1,3.0,2,0,GCATACAACGATATGTGTGT,2,3662569
tolCp1,3.0,2,0,GCAGGCGCATGCTGCTTGTA,2,3688227
tolCp1,3.0,2,0,GCAGATATTATCCAAGGTCT,2,3674204
tolCp1,3.0,2,0,GCACTCTTCTCAGGCCAAGA,2,3662659
tolCp1,3.0,2,0,GCACTACCCAAGAACGTATT,2,3682164
tolCp1,3.0,2,0,GCACAAAGCGATCGGTTCTA,2,3707787
tolCp1,3.0,2,0,GCAATGTTCGGTACTATGCC,2,3701472
tolCp1,3.0,2,0,GATTTCTCCCCACATCCGGT,2,3702254
tolCp1,3.0,2,0,GATTAACAGTGATAGGGAAT,2,3694374
tolCp1,3.0,2,0,GATGCTCTTCGCGCGACAAC,2,3689325
tolCp1,3.0,2,0,GATCTCTGAGTTAATGGTTT,2,3697478
tolCp1,3.0,2,0,GATCCGGCAGTCTAGCGAGG,2,3694372
tolCp1,3.0,2,0,GATCAGATATAACATGCCAC,2,3707296
tolCp1,3.0,2,0,GATCAGAGACCCGGGCGACC,2,3692058
tolCp1,3.0,2,0,GATAATTGACCCAGGACTAA,2,3675324
tolCp1,3.0,2,0,GAGTTCCCTTAGACGTTGCT,2,3695579
tolCp1,3.0,2,0,GAGTTACATGCCAGTCTTAG,2,3661613
tolCp1,3.0,2,0,GAGTCCCCGCTGTGGGGTCC,2,3696865
tolCp1,3.0,2,0,GAGTCAACCATAACCAACGT,2,3693030
tolCp1,3.0,2,0,GAGGGTCAATTGACAATATA,2,3710727
tolCp1,3.0,2,0,GAGGATGGCGCACTATTACG,2,3679274
tolCp1,3.0,2,0,GAGATAACTAATTCCGCTGA,2,3688988
tolCp1,3.0,2,0,GAGACCGCGCCCCTTAAACT,2,3680851
tolCp1,3.0,2,0,GAGACATTATATCAATATTA,2,3695541
tolCp1,3.0,2,0,GACCAATGGTCGAGCCACGC,2,3708587
tolCp1,3.0,2,0,GACCAAGAGCGCTTCGACTA,2,3691911
tolCp1,3.0,2,0,GACATCATCGGAGAGCGCGG,2,3677371
tolCp1,3.0,2,0,GACAGCTTAATGGTTTCCGA,2,3676792
tolCp1,3.0,2,0,GACAATGAATCCCAAATCGT,2,3700837
tolCp1,3.0,2,0,GACAAAGAGATGCGGGACGA,2,3661957
tolCp1,3.0,2,0,GAAGTGGCCATATTCCATAT,2,3714494
tolCp1,3.0,2,0,GAACGCCGGAGCGTCGGGAT,2,3686409
tolCp1,3.0,2,0,GAACATGTGAAGTACTGTGT,2,3706067
tolCp1,3.0,2,0,GAAACTGGGACACTGCATTC,2,3707255
tolCp1,3.0,2,0,CTTTGTCGTTCCGAGTGCCA,2,3708894
tolCp1,3.0,2,0,CTTTCTGTATCATGAGTACA,2,3674183
tolCp1,3.0,2,0,CTTTCACTGGCTCGTACGAC,2,3684860
tolCp1,3.0,2,0,CTTGTAATCTTGAATCTCTT,2,3664680
tolCp1,3.0,2,0,CTTGAACCCAGAGTCGAGGC,2,3676206
tolCp1,3.0,2,0,CTTCATAGAAGCTCGCTCAT,2,3683968
tolCp1,3.0,2,0,CTTCACGTATTCAGGTGCTT,2,3671479
tolCp1,3.0,2,0,CTTATAACACTACAGATGCA,2,3697642
tolCp1,3.0,2,0,CTTAAGCGCTCACAGCTTAA,2,3687877
tolCp1,3.0,2,0,CTGTCCCAAAGACACAACGT,2,3690485
tolCp1,3.0,2,0,CTGGGGGGATTTTAGAGGAC,2,3696437
tolCp1,3.0,2,0,CTGGGCAGACAATCTTCCCT,2,3687576
tolCp1,3.0,2,0,CTGCATACTCCAGACTTAGG,2,3681490
tolCp1,3.0,2,0,CTGATGCTTACTCGTTCGGT,2,3673702
tolCp1,3.0,2,0,CTGACTCGTTTTGCGAGGGC,2,3675360
tolCp1,3.0,2,0,CTGACGTATTTGGCGGTCTC,2,3691445
tolCp1,3.0,2,0,CTCTAAGACTTCGTTCGATT,2,3706089
tolCp1,3.0,2,0,CTCCTCCAACTCCGAACTCT,2,3683581
tolCp1,3.0,2,0,CTCCTATATACTTGAATGGA,2,3689289
tolCp1,3.0,2,0,CTCCGTTGCCCCAGCATGCA,2,3684761
tolCp1,3.0,2,0,CTCCAGGGCTTCTCCACGCC,2,3700583
tolCp1,3.0,2,0,CTCATGCGTTCCGGGAATGG,2,3697014
tolCp1,3.0,2,0,CTCAATTACTTGGGCGTTGA,2,3695488
tolCp1,3.0,2,0,CTATTGTCTAATATAAATCT,2,3673533
tolCp1,3.0,2,0,CTATTCCGGAGAGGTGTTCG,2,3661543
tolCp1,3.0,2,0,CTATTCAGTCACCCCTCCAA,2,3708109
tolCp1,3.0,2,0,CTATAGTCCATGGCAATAGG,2,3689411
tolCp1,3.0,2,0,CTACGGCTTACTCAATATTA,2,3695692
tolCp1,3.0,2,0,CTACGAAGTGTTGTGAGCGT,2,3670135
tolCp1,3.0,2,0,CTACCGGACCATTTTATATC,2,3688493
tolCp1,3.0,2,0,CTAAGGGTTACTTAAGATTC,2,3711862
tolCp1,3.0,2,0,CTAAGGCTAGCTAACGTCTG,2,3682793
tolCp1,3.0,2,0,CGTTTTCCGACTTCTCAGGC,2,3704253
tolCp1,3.0,2,0,CGTTCCTTTGGGGTGAAGGC,2,3668574
tolCp1,3.0,2,0,CGTGTATGGATCACGTTTTC,2,3704434
tolCp1,3.0,2,0,CGTGGAGGTGCAGGTTACGC,2,3671006
tolCp1,3.0,2,0,CGTCCTGAGTCACATACTAT,2,3681726
tolCp1,3.0,2,0,CGTCCATGTTTCTAACGCGA,2,3667863
tolCp1,3.0,2,0,CGGTACTGCCGCAGTGTCAC,2,3676520
tolCp1,3.0,2,0,CGGTACCCGAATGTTTACAC,2,3709510
tolCp1,3.0,2,0,CGGTACCACCCAGTACAAAT,2,3713018
tolCp1,3.0,2,0,CGGGATACAATACCACGGTT,2,3714980
tolCp1,3.0,2,0,CGGATTTAGGTAAGACGCAT,2,3696307
tolCp1,3.0,2,0,CGCTTGTGCTGGTTACTTTA,2,3683776
tolCp1,3.0,2,0,CGCTTGAATGACCCAACATG,2,3689645
tolCp1,3.0,2,0,CGCTTATAAATCCGAGATAC,2,3702091
tolCp1,3.0,2,0,CGCTCTGGTAGCAGACGTCT,2,3687679
tolCp1,3.0,2,0,CGCGTTGAGTTTATATTCAC,2,3683057
tolCp1,3.0,2,0,CGCGGTGTAAGATACCTCGC,2,3662194
tolCp1,3.0,2,0,CGCCCTCTAATCCTCCGTCT,2,3701241
tolCp1,3.0,2,0,CGCCCCCGTCCGGACATTTT,2,3713736
tolCp1,3.0,2,0,CGCACGTCCTGGAGCGGGGT,2,3685880
tolCp1,3.0,2,0,CGCAATCGTAAGTAAATAAG,2,3678417
tolCp1,3.0,2,0,CGCAAGCGGTTAGGCCGCGA,2,3674056
tolCp1,3.0,2,0,CGATCACCTCCCAAGAATAG,2,3685585
tolCp1,3.0,2,0,CGATATTTTCCATACTCATA,2,3661355
tolCp1,3.0,2,0,CGATACGAAAGTCCCTGAAA,2,3693687
tolCp1,3.0,2,0,CGAGTTCACTTTTTGGCCAT,2,3710156
tolCp1,3.0,2,0,CGAGCTGGACTCTCTCAAAT,2,3681534
tolCp1,3.0,2,0,CGACCCGCCTTGCAAAGCGG,2,3702348
tolCp1,3.0,2,0,CGACACAAGCGCATTTGATT,2,3685997
tolCp1,3.0,2,0,CGAACAGGGCTGTGTCGTGG,2,3686415
tolCp1,3.0,2,0,CGAAATAGTGGTTAGGGAAT,2,3703221
tolCp1,3.0,2,0,CCTTGGGCCACACTGTAGAT,2,3710318
tolCp1,3.0,2,0,CCTTATACCCCGTCGTTAGA,2,3695698
tolCp1,3.0,2,0,CCTGGAACATAGTCTCTAAT,2,3689150
tolCp1,3.0,2,0,CCTCGCGCATGCACTGGGTT,2,3696707
tolCp1,3.0,2,0,CCTCCGTTTGCTATTCTCGA,2,3671775
tolCp1,3.0,2,0,CCTCCACATAACCCGTGCTT,2,3709575
tolCp1,3.0,2,0,CCTATGAAGTTGCCCCACAC,2,3687895
tolCp1,3.0,2,0,CCTAAACATTCAAAAGACTC,2,3675932
tolCp1,3.0,2,0,CCGTGGGGTATTGATTTTGT,2,3685066
tolCp1,3.0,2,0,CCGTAAACTTACTCACATTA,2,3696792
tolCp1,3.0,2,0,CCGGTGGTGCCCAGACCGTA,2,3674709
tolCp1,3.0,2,0,CCGGTGCTATTACGTACTCG,2,3698539
tolCp1,3.0,2,0,CCGGAACTTGTCCGATGATT,2,3661435
tolCp1,3.0,2,0,CCGAGTAGCGTTCGAATGTC,2,3702705
tolCp1,3.0,2,0,CCGAACTGCCGCTCCAGGCT,2,3671848
tolCp1,3.0,2,0,CCCTATGTCACCCCTGCCGA,2,3669379
tolCp1,3.0,2,0,CCCGTCTGAACCCTGGCGAA,2,3667303
tolCp1,3.0,2,0,CCCGGGAAGATAGGTCACAG,2,3701854
tolCp1,3.0,2,0,CCCGCTGACGGGCTACTGCA,2,3676572
tolCp1,3.0,2,0,CCCCGCCGATTCATGAGAAG,2,3692054
tolCp1,3.0,2,0,CCCATGCGCGATATGATTTC,2,3692489
tolCp1,3.0,2,0,CCCACCGAGTCACGTCCCGG,2,3697467
tolCp1,3.0,2,0,CCCACCCTGTTTGGAAGCCT,2,3693900
tolCp1,3.0,2,0,CCATGGTCCCTCCGCTGCCC,2,3661317
tolCp1,3.0,2,0,CCAGGCTGTTCGGCGGATAC,2,3705274
tolCp1,3.0,2,0,CCACGATACTACGATAACCT,2,3690418
tolCp1,3.0,2,0,CCACAAAGTTGTAATGTTCT,2,3706240
tolCp1,3.0,2,0,CCAATAGGAAGTTGGGTAAG,2,3666269
tolCp1,3.0,2,0,CCAAGGCGTACGGGCTAGTC,2,3700135
tolCp1,3.0,2,0,CCAAGATGGAGTTGTAACTG,2,3710970
tolCp1,3.0,2,0,CCAACATCTCGCGCCTGTTC,2,3684654
tolCp1,3.0,2,0,CATTGGGGACCGGCAGTTTA,2,3712380
tolCp1,3.0,2,0,CATTCTTGAATCGCATACCA,2,3694724
tolCp1,3.0,2,0,CATTCACCCGTAAGATGACA,2,3678179
tolCp1,3.0,2,0,CATTATTACTTTTTAAAGCT,2,3679209
tolCp1,3.0,2,0,CATGCATACACCTGAGGCGA,2,3661902
tolCp1,3.0,2,0,CATGACTCCCACACTCTTCC,2,3686765
tolCp1,3.0,2,0,CATCATGTCGCCTACGAATA,2,3675659
tolCp1,3.0,2,0,CATCACAGAGCTAAGGCCTG,2,3704195
tolCp1,3.0,2,0,CATATACGGCATTCGGTGCG,2,3667791
tolCp1,3.0,2,0,CATAGAGCAATTAGTATTCA,2,3661142
tolCp1,3.0,2,0,CAGTGGATACTTGCCCTACT,2,3703217
tolCp1,3.0,2,0,CAGTCGCCCGTTCCGTCTGG,2,3667535
tolCp1,3.0,2,0,CAGTACTGCCCATGTCGAGG,2,3715424
tolCp1,3.0,2,0,CAGGATTATACGACAAGTGA,2,3668808
tolCp1,3.0,2,0,CAGGAGCAGGCCCATTGATC,2,3694659
tolCp1,3.0,2,0,CAGCGGTCCCGGTCGAGCAT,2,3694016
tolCp1,3.0,2,0,CAGCAGAAACTGATACAAAG,2,3690244
tolCp1,3.0,2,0,CAGAGGTTAGCTCAGTGGTA,2,3699040
tolCp1,3.0,2,0,CACGCTCTATCTTGGAGCGT,2,3661549
tolCp1,3.0,2,0,CACATGCTCTCTAGCAGTCT,2,3679579
tolCp1,3.0,2,0,CAATTTGGGCGACGAACACA,2,3673530
tolCp1,3.0,2,0,CAATTGCTGAGATATATTTG,2,3699611
tolCp1,3.0,2,0,CAATCCAGACTGGTCTACGG,2,3696452
tolCp1,3.0,2,0,CAATAGAGTTCTTCATCTTG,2,3688989
tolCp1,3.0,2,0,CAAGTGTAAAGCGGCTGGCC,2,3704631
tolCp1,3.0,2,0,CAAGGTCTGATCATTGAAGA,2,3696709
tolCp1,3.0,2,0,CAAGGGGCTTGACGCAATAT,2,3664132
tolCp1,3.0,2,0,CAAGCAACGTTGAAGTTTAT,2,3669296
tolCp1,3.0,2,0,CAACGCGTAGTACAGAACAA,2,3690434
tolCp1,3.0,2,0,ATTTCCTTATCGGACTTCAC,2,3692188
tolCp1,3.0,2,0,ATTCGTACGACTTCCAGAAT,2,3682808
tolCp1,3.0,2,0,ATTCGGTAGCGTCCAATTTT,2,3682517
tolCp1,3.0,2,0,ATTCAGATTGTGTGTAACAG,2,3681759
tolCp1,3.0,2,0,ATTACGAGCACCCGTTGCCA,2,3692945
tolCp1,3.0,2,0,ATTAAACAAGATTCACCACA,2,3675776
tolCp1,3.0,2,0,ATGTTTATAGGCAGCTATGG,2,3680846
tolCp1,3.0,2,0,ATGTGGACAGTCCAAATCCC,2,3678823
tolCp1,3.0,2,0,ATGTCGGGCTAACCAGAACA,2,3682567
tolCp1,3.0,2,0,ATGTCCCTCATCATGAAAGG,2,3714071
tolCp1,3.0,2,0,ATGTCAAAGTTTCGACGAGT,2,3713547
tolCp1,3.0,2,0,ATGTAAATCGATAACTTAGA,2,3686156
tolCp1,3.0,2,0,ATGGCGTCATCATTTGGAAC,2,3703240
tolCp1,3.0,2,0,ATCTTCATCTAATATGCTTG,2,3673318
tolCp1,3.0,2,0,ATCGCGGCATTCGATAGATT,2,3672282
tolCp1,3.0,2,0,ATCGCCTTCGAGGCCACGGT,2,3711458
tolCp1,3.0,2,0,ATCGCCGGCGGCGTTTTTGA,2,3712943
tolCp1,3.0,2,0,ATCGAGCTCCTATTACATGT,2,3713627
tolCp1,3.0,2,0,ATCGAATGCATCCATAGTAA,2,3702165
tolCp1,3.0,2,0,ATCGAATCAGGTAGTTAGCA,2,3664621
tolCp1,3.0,2,0,ATCCGCTCCATCTAGTCGGA,2,3692123
tolCp1,3.0,2,0,ATCCCATTCGCTCGGGATTA,2,3697444
tolCp1,3.0,2,0,ATCATCGCAGACGAATTGCG,2,3705131
tolCp1,3.0,2,0,ATATTTATTTAATGACAGCG,2,3695416
tolCp1,3.0,2,0,ATATTATGGCAATGGCGATA,2,3669573
tolCp1,3.0,2,0,ATATCTAGGGCCGAATTGTG,2,3688114
tolCp1,3.0,2,0,ATAGACGACACCCCAACGGG,2,3714337
tolCp1,3.0,2,0,ATACTTTCTAAGAGAGGTTA,2,3668128
tolCp1,3.0,2,0,ATACGGTAGCGTGGTACCTA,2,3680484
tolCp1,3.0,2,0,ATACATCATCGTTAGTAAGG,2,3669089
tolCp1,3.0,2,0,ATAAGCTTCCGCTTTTGGAC,2,3713905
tolCp1,3.0,2,0,AGTGTGGTCCCGGTACCGGC,2,3666208
tolCp1,3.0,2,0,AGTGGTTCGCATCCCGGGAA,2,3699170
tolCp1,3.0,2,0,AGTCTTTGGGTATCAGGGCT,2,3697512
tolCp1,3.0,2,0,AGTCTTCGGGGGACCCAGGC,2,3672844
tolCp1,3.0,2,0,AGTCACAGTGAAATTGGGAG,2,3699054
tolCp1,3.0,2,0,AGTAGGTCTAGGGTTAGCTT,2,3695682
tolCp1,3.0,2,0,AGTAACCAGTTGCGCGGACG,2,3678186
tolCp1,3.0,2,0,AGTAACAGATGCATACCATG,2,3679772
tolCp1,3.0,2,0,AGTAAAAATTCCCGGCTAAT,2,3686515
tolCp1,3.0,2,0,AGGTGTCAGGGAAAATACGA,2,3708700
tolCp1,3.0,2,0,AGGTAAGAGTGATAAGCGAA,2,3678685
tolCp1,3.0,2,0,AGGGCTAATCGGGTTAGACT,2,3664238
tolCp1,3.0,2,0,AGGCTTTAACGGGATTCATA,2,3684590
tolCp1,3.0,2,0,AGGCTCACACTATTGGCAGT,2,3704906
tolCp1,3.0,2,0,AGGCGGATAGAACTTACGTA,2,3686822
tolCp1,3.0,2,0,AGGCCATCGGTGACGCCAAA,2,3670609
tolCp1,3.0,2,0,AGGCAGTTCCTGTGAGACAG,2,3700018
tolCp1,3.0,2,0,AGGAGCGAGACACGCTTCAT,2,3702151
tolCp1,3.0,2,0,AGGAACGCGGATAGCATGTA,2,3715138
tolCp1,3.0,2,0,AGCTGGCGAGAGAAGCCCAT,2,3699822
tolCp1,3.0,2,0,AGCGGTTGCTGAGCACTCAG,2,3679893
tolCp1,3.0,2,0,AGATTTCTTTCCTCGGCAGT,2,3689377
tolCp1,3.0,2,0,AGATGGCTCAGCATTGTAGT,2,3663302
tolCp1,3.0,2,0,AGAGATCTCCACCATCTAGA,2,3699039
tolCp1,3.0,2,0,AGACATTTTCCAGGTTTTCC,2,3669204
tolCp1,3.0,2,0,AGACATGCCTATGCTCGCTA,2,3664765
tolCp1,3.0,2,0,AGACAGTGGGCACCACAGTT,2,3684189
tolCp1,3.0,2,0,AGACAAATCGTCTGGTTGTG,2,3685408
tolCp1,3.0,2,0,AGAATGGTATGACCAATGAG,2,3679311
tolCp1,3.0,2,0,ACTTTGTATAAACCTTGTCA,2,3665035
tolCp1,3.0,2,0,ACTTCTCGAACCGACTTACA,2,3675294
tolCp1,3.0,2,0,ACTTCTAAACCTCTCGATGT,2,3666925
tolCp1,3.0,2,0,ACTTATAAGACGGTTGTCAT,2,3672329
tolCp1,3.0,2,0,ACTCGGTGGTGTGAAGCTAG,2,3661682
tolCp1,3.0,2,0,ACTCCACAGACCTGCTATTG,2,3686371
tolCp1,3.0,2,0,ACGTCTCACGCAGTGGGTCC,2,3678909
tolCp1,3.0,2,0,ACGTCATGCTTCAAAGGGCA,2,3673514
tolCp1,3.0,2,0,ACGTCACCGAACCACTGGTA,2,3684640
tolCp1,3.0,2,0,ACGGATATATACAGATGGAG,2,3670410
tolCp1,3.0,2,0,ACGGACCACGTTGCGCTTCG,2,3684104
tolCp1,3.0,2,0,ACGGAATTAGGTGAGTCAGA,2,3685533
tolCp1,3.0,2,0,ACGCGTTTGGACGCCTTCAT,2,3690409
tolCp1,3.0,2,0,ACGCCTCGGATTAAGGCTCT,2,3703533
tolCp1,3.0,2,0,ACGCCCTCAAAGCGTGAGTT,2,3668758
tolCp1,3.0,2,0,ACGCCACTCGCCTCTTTCAA,2,3672603
tolCp1,3.0,2,0,ACGCACGACCCCCCCCAGAT,2,3684192
tolCp1,3.0,2,0,ACGATTAATCGCTGATTCAA,2,3707034
tolCp1,3.0,2,0,ACGATCAACCTCGGGACCAC,2,3688508
tolCp1,3.0,2,0,ACGAGTCCCCCGTCGTGCGA,2,3684457
tolCp1,3.0,2,0,ACGAAGTTAATTCTTCCGTT,2,3674730
tolCp1,3.0,2,0,ACGAAGAGGTTAAGAGATTG,2,3707305
tolCp1,3.0,2,0,ACCTTTTATCCACGGTTGCT,2,3709821
tolCp1,3.0,2,0,ACCGCTCTACACCTCCAGAG,2,3701613
tolCp1,3.0,2,0,ACCGAAAGTTCACGTATCTT,2,3692405
tolCp1,3.0,2,0,ACCCTCTCTTTACCTCTAGT,2,3676338
tolCp1,3.0,2,0,ACCACCGTTGAGAGATAGAA,2,3696841
tolCp1,3.0,2,0,ACCAATGTCATCAGCTCGGG,2,3675777
tolCp1,3.0,2,0,ACATTAATCGCATCGGCCAT,2,3698013
tolCp1,3.0,2,0,ACATGCGTATACAGCCGGAT,2,3684506
tolCp1,3.0,2,0,ACATCGGAGTTCCGTAATTT,2,3673602
tolCp1,3.0,2,0,ACATACCGACGTTAGAGATT,2,3684913
tolCp1,3.0,2,0,ACAGAATAGGGACGGCTGTC,2,3701437
tolCp1,3.0,2,0,ACACTGCAGAGATCCGCGGT,2,3690735
tolCp1,3.0,2,0,ACACGTGTTGTACATTCATA,2,3696548
tolCp1,3.0,2,0,ACACCCCTGGGAACGTTGGC,2,3701895
tolCp1,3.0,2,0,ACAAATCGTCCAATGAGAAT,2,3702258
tolCp1,3.0,2,0,ACAAACCGCTGGGGGAGATT,2,3680584
tolCp1,3.0,2,0,AATGACTACTTTTTCAAGAT,2,3689801
tolCp1,3.0,2,0,AATCTGTGACCGCTGTATCC,2,3684254
tolCp1,3.0,2,0,AATCCAATTTATGGCCCCTT,2,3676734
tolCp1,3.0,2,0,AATATATGAATTTCATTCAT,2,3669349
tolCp1,3.0,2,0,AATAGTGACAGAGGATCAAG,2,3673881
tolCp1,3.0,2,0,AAGTCAGGGAGATGTCGGCT,2,3687016
tolCp1,3.0,2,0,AAGGGCAAATAGTTTAGACC,2,3691964
tolCp1,3.0,2,0,AAGGAACAAGATAGGTTCAC,2,3685644
tolCp1,3.0,2,0,AAGCTGAGTAAGTGTGAGTC,2,3711917
tolCp1,3.0,2,0,AAGATACGCCTTCATATCTC,2,3709173
tolCp1,3.0,2,0,AACTGGGAACGCGTACAAAT,2,3679971
tolCp1,3.0,2,0,AACCTTCGTGTTTTTTTTGC,2,3703405
tolCp1,3.0,2,0,AACCGTGAGACTCAGCGGCA,2,3687394
tolCp1,3.0,2,0,AACCGCAGTTCCGCTATCGA,2,3688827
tolCp1,3.0,2,0,AACATTTAGATCCTCCGCCC,2,3662471
tolCp1,3.0,2,0,AACACCGATTCTAGACCGGT,2,3686465
tolCp1,3.0,2,0,AAATTTAACCACCGAGAGGT,2,3680644
tolCp1,3.0,2,0,AAATGATCAAAATTACGGGA,2,3705209
tolCp1,3.0,2,0,AAATGAGTTGTGGGCTTGGT,2,3714521
tolCp1,3.0,2,0,AAATCAAGACCAAGCAGAAC,2,3689607
tolCp1,3.0,2,0,AAAGTGTGTGCAGAAGGACT,2,3673301
tolCp1,3.0,2,0,AAAGCCCTCACCGCAGTTGT,2,3699328
tolCp1,3.0,2,0,AAAGATTAGTTCCAAGGAAT,2,3692524
tolCp1,3.0,2,0,AAACATGCGCTGCATAGAAA,2,3709934
tolCp1,3.0,2,0,AAACATCATAGCAGCTCCAA,2,3682995
tolCp1,3.0,2,0,AAACAGGAGTTTCCAACTGA,2,3709624
tolCp1,2.0,1,0,TTTTTTCGGAACCCTGTGCA,1,3701606
tolCp1,2.0,1,0,TTTTTGTGCATATAGGCGAA,1,3688269
tolCp1,2.0,1,0,TTTTGTAGTGGAGCGGAATT,1,3686713
tolCp1,2.0,1,0,TTTTCTTGGGTGTGCGGATT,1,3706841
tolCp1,2.0,1,0,TTTTCGGAGCGCTCTGGAGG,1,3683815
tolCp1,2.0,1,0,TTTTCACAATCCGGGTCTTA,1,3702259
tolCp1,2.0,1,0,TTTTATACGCATAATTGGTT,1,3665992
tolCp1,2.0,1,0,TTTTACTATGCTTAACGACT,1,3709412
tolCp1,2.0,1,0,TTTGTTTTCTTAGTGCTCGA,1,3689048
tolCp1,2.0,1,0,TTTGTCTAAGGCATCGCTCT,1,3688162
tolCp1,2.0,1,0,TTTGGCGGGCGCGATTTATT,1,3682235
tolCp1,2.0,1,0,TTTGCTAGTAACGCTTCAGT,1,3712837
tolCp1,2.0,1,0,TTTGATTGTGCAACTCTGCC,1,3695018
tolCp1,2.0,1,0,TTTGATCTGGCGGGCATGAA,1,3664113
tolCp1,2.0,1,0,TTTGAGTAGCCAGGGCCGTA,1,3704704
tolCp1,2.0,1,0,TTTCTACGGCCGCACGTTTG,1,3665092
tolCp1,2.0,1,0,TTTCGGCGACCAAGATTCAG,1,3668505
tolCp1,2.0,1,0,TTTCGATCGTACAGGCGAGG,1,3695024
tolCp1,2.0,1,0,TTTCAGCACAAGAGCGACGC,1,3712655
tolCp1,2.0,1,0,TTTCAAACAGAGGCTGGCCA,1,3705523
tolCp1,2.0,1,0,TTTATTGATATCAAAGTTTT,1,3680862
tolCp1,2.0,1,0,TTTAGTGCCCAGCCAACCGG,1,3674752
tolCp1,2.0,1,0,TTTACCCTTGGACACCGCGT,1,3682319
tolCp1,2.0,1,0,TTTACAATTGAAGACATACC,1,3696329
tolCp1,2.0,1,0,TTTACAATGCTGAAAATTTG,1,3714697
tolCp1,2.0,1,0,TTTAATGTAACTCTACACTA,1,3705334
tolCp1,2.0,1,0,TTTAATCATTCTCACGTCGG,1,3703924
tolCp1,2.0,1,0,TTGTTTTCATTAACGACGTA,1,3703656
tolCp1,2.0,1,0,TTGTTGGAATAACATTCCGT,1,3708591
tolCp1,2.0,1,0,TTGTGCTTACATAACGTAAA,1,3699975
tolCp1,2.0,1,0,TTGGTTAGCCGACAATAGGG,1,3677816
tolCp1,2.0,1,0,TTGGGTTCTTTATACCGCTA,1,3711282
tolCp1,2.0,1,0,TTGGCGTCCCATGTTCCTGA,1,3677115
tolCp1,2.0,1,0,TTGGCGACCGTACTTTATGG,1,3673809
tolCp1,2.0,1,0,TTGGAAGTGGACAATGTCCA,1,3709079
tolCp1,2.0,1,0,TTGGAAGCAGCTCCGCAAGT,1,3667327
tolCp1,2.0,1,0,TTGCTGCTTGAGGGGCGCTT,1,3664284
tolCp1,2.0,1,0,TTGCTCATATCATAAATTGG,1,3693571
tolCp1,2.0,1,0,TTGCGCGTGCAGTCGCCAAA,1,3670868
tolCp1,2.0,1,0,TTGCCGCTACTCCGTATAAT,1,3694012
tolCp1,2.0,1,0,TTGCCATGGCCGCGGTAGCG,1,3707419
tolCp1,2.0,1,0,TTGCAAGCCCTTTACCACGA,1,3709943
tolCp1,2.0,1,0,TTGAGTTCGAAAATTACCCC,1,3675018
tolCp1,2.0,1,0,TTGAGTCGCGGGAGACATCG,1,3697293
tolCp1,2.0,1,0,TTGAGGGTCGTAGGGAACTA,1,3710482
tolCp1,2.0,1,0,TTGAGACATCCCACGGTAAC,1,3714826
tolCp1,2.0,1,0,TTGACGGTCACAAGCTCCGT,1,3701741
tolCp1,2.0,1,0,TTGACAAGGGTTCGGGACTT,1,3698270
tolCp1,2.0,1,0,TTGAAATCTACTCTAGGGGG,1,3693813
tolCp1,2.0,1,0,TTCTTATCATATACCCACAA,1,3675960
tolCp1,2.0,1,0,TTCTGAAATAAAGCACGATA,1,3663547
tolCp1,2.0,1,0,TTCTCGCAGGCCTTCTGTCG,1,3709826
tolCp1,2.0,1,0,TTCGCTCTCTCAGGCACACG,1,3663651
tolCp1,2.0,1,0,TTCGCTATACCTGGCGTTAA,1,3684284
tolCp1,2.0,1,0,TTCGCGCGCTGCCTCCATGT,1,3692918
tolCp1,2.0,1,0,TTCGCGCAGACGTGCTTACT,1,3682093
tolCp1,2.0,1,0,TTCGATGTAATCACAAATCT,1,3693328
tolCp1,2.0,1,0,TTCGAATGAGGACACAGTCC,1,3704429
tolCp1,2.0,1,0,TTCGAACACTTTTGAGTTAT,1,3700315
tolCp1,2.0,1,0,TTCCCCAGCGAGGCCTGTTT,1,3674327
tolCp1,2.0,1,0,TTCAAGGCGTCGGGACAATG,1,3712581
tolCp1,2.0,1,0,TTCAAGATTCTTGAAGGTAG,1,3682872
tolCp1,2.0,1,0,TTCAAGAGCACCGCGACTGG,1,3710839
tolCp1,2.0,1,0,TTATCGCTCTTCTTCAAAAG,1,3667214
tolCp1,2.0,1,0,TTATATATTGATTATGTTAC,1,3662785
tolCp1,2.0,1,0,TTATAGCTTTGAGGATGGTA,1,3708419
tolCp1,2.0,1,0,TTAGGTGACATGGTCAGGTC,1,3704500
tolCp1,2.0,1,0,TTAGCTAAGGGTACCGGTAC,1,3692246
tolCp1,2.0,1,0,TTAGACACCAATAAGATCAC,1,3704349
tolCp1,2.0,1,0,TTACGACTTCCGAGTAGCTG,1,3698568
tolCp1,2.0,1,0,TTACATCAGGCCCCGTAGTA,1,3715270
tolCp1,2.0,1,0,TTAATATTACAGGCTATGAT,1,3702691
tolCp1,2.0,1,0,TTAAGCCAATCCAGCGACCT,1,3663744
tolCp1,2.0,1,0,TTAACGTCGGGCTTTTGCGT,1,3707294
tolCp1,2.0,1,0,TTAAATCGTCTCGGCCGGGT,1,3671509
tolCp1,2.0,1,0,TGTTTGCCCGGTCCTAGATT,1,3709055
tolCp1,2.0,1,0,TGTTGGGGGGGGTTTTCGAC,1,3691388
tolCp1,2.0,1,0,TGTTGCCGCGCCGTAGGAAA,1,3695972
tolCp1,2.0,1,0,TGTTCGGTTCGCTTGGAACC,1,3684374
tolCp1,2.0,1,0,TGTTCGGTGCCATAGTGAGC,1,3676820
tolCp1,2.0,1,0,TGTTAGGATACCCTCTCATA,1,3691107
tolCp1,2.0,1,0,TGTGGGGAGGCTGACCTCTT,1,3681874
tolCp1,2.0,1,0,TGTGGCCGACTTGCGGTACT,1,3688992
tolCp1,2.0,1,0,TGTGCGTAGCCAGGTACCCA,1,3703789
tolCp1,2.0,1,0,TGTCGCGAACAGCATTACAG,1,3675248
tolCp1,2.0,1,0,TGTCGCACTGAGCGGAAGAG,1,3701861
tolCp1,2.0,1,0,TGTCGAACAGGTGAAACTCC,1,3664979
tolCp1,2.0,1,0,TGTCCGACCCTCCTTGGCTT,1,3671881
tolCp1,2.0,1,0,TGTCAGACAGACGACGTCCG,1,3688177
tolCp1,2.0,1,0,TGTCAACCGGCATCAGCCTT,1,3681052
tolCp1,2.0,1,0,TGTATGAAAGCTGGAATCAC,1,3703235
tolCp1,2.0,1,0,TGTACAATCTCTGCAAAATA,1,3669773
tolCp1,2.0,1,0,TGTAATCCATGGTAGCCAAT,1,3662820
tolCp1,2.0,1,0,TGTAACGGTTTTCTCGGCCA,1,3690295
tolCp1,2.0,1,0,TGTAACGGTCGTCCAATACT,1,3714477
tolCp1,2.0,1,0,TGTAAATTAAGGCCTCTTCG,1,3681734
tolCp1,2.0,1,0,TGGTGGTGAGAAAGTCCCCG,1,3698827
tolCp1,2.0,1,0,TGGTCGGCATTGCAGCGTGT,1,3714072
tolCp1,2.0,1,0,TGGGGGTCGCAGAGTTCTAG,1,3667462
tolCp1,2.0,1,0,TGGGCGGCACAGGTCGGATG,1,3665752
tolCp1,2.0,1,0,TGGGCACGCGTCTGCATATA,1,3669381
tolCp1,2.0,1,0,TGGGATCGGGCCTTGCGATC,1,3667334
tolCp1,2.0,1,0,TGGGACATCAATTCCACGAT,1,3702777
tolCp1,2.0,1,0,TGGCTCACGGCTCCAGTAAT,1,3686422
tolCp1,2.0,1,0,TGGCGGTTTGAGGATTTTCG,1,3692178
tolCp1,2.0,1,0,TGGCGCCTATCACGGTTCCC,1,3669747
tolCp1,2.0,1,0,TGGATTATACATGCCTTTCC,1,3672798
tolCp1,2.0,1,0,TGGATGTCAGAATACGAAGA,1,3710411
tolCp1,2.0,1,0,TGGACCAACGTTCGAAATAG,1,3699091
tolCp1,2.0,1,0,TGGAATGTATGAATGTAATA,1,3703634
tolCp1,2.0,1,0,TGCTGCCAGTTGCGCACCCT,1,3703445
tolCp1,2.0,1,0,TGCTCTTTAGCAATCCTTCC,1,3681153
tolCp1,2.0,1,0,TGCTCGGGGTTAAGTCACTT,1,3678828
tolCp1,2.0,1,0,TGCTCGGCTGGCCGGCATGT,1,3666147
tolCp1,2.0,1,0,TGCTCGCGAGTCAAAACGTA,1,3695665
tolCp1,2.0,1,0,TGCTCCACTAGGGTTTAGCG,1,3685907
tolCp1,2.0,1,0,TGCTATCAACGATCCTACTC,1,3693923
tolCp1,2.0,1,0,TGCGTGTGATCTTCTGGCTC,1,3706840
tolCp1,2.0,1,0,TGCGCTTATTCGCTCGCACA,1,3668953
tolCp1,2.0,1,0,TGCGAATAATTAAGCACTGA,1,3704877
tolCp1,2.0,1,0,TGCCGCAGTCCGGCCAATAA,1,3700529
tolCp1,2.0,1,0,TGCCCAAGGCAACTCTATCA,1,3683424
tolCp1,2.0,1,0,TGCAATCCAAAACGTCCCGC,1,3670772
tolCp1,2.0,1,0,TGATGGACTGACCCAATAAA,1,3699610
tolCp1,2.0,1,0,TGATGCATAAATTGACCATA,1,3685240
tolCp1,2.0,1,0,TGATGATATCGGGGCAAAGA,1,3674703
tolCp1,2.0,1,0,TGAGTCGTAATTCTGTAGAG,1,3711888
tolCp1,2.0,1,0,TGAGTCCATGTTTGTAAGCT,1,3661374
tolCp1,2.0,1,0,TGAGTCAACCACAATGAAGC,1,3661486
tolCp1,2.0,1,0,TGAGTATTCGAGCCCGGAGC,1,3671274
tolCp1,2.0,1,0,TGAGTACCATTCCCATCAAC,1,3668732
tolCp1,2.0,1,0,TGAGCGGAACGGTACCTGTA,1,3673260
tolCp1,2.0,1,0,TGAGCAATAGATAGCCGGGT,1,3699415
tolCp1,2.0,1,0,TGAGAATCCTGGACCATTCG,1,3693858
tolCp1,2.0,1,0,TGACTGGTATGAATTAACAA,1,3706928
tolCp1,2.0,1,0,TGACGTTTTCCTGCTGCCTC,1,3681266
tolCp1,2.0,1,0,TGACGTCTCTTTTACTTAGA,1,3663911
tolCp1,2.0,1,0,TGACCCAGGGTAGACCGCTG,1,3690334
tolCp1,2.0,1,0,TGACAATCCGGTTTTCGACG,1,3667464
tolCp1,2.0,1,0,TGAATGCAGACTTTGGCTCT,1,3679304
tolCp1,2.0,1,0,TGAATAGAGTCTTAATACCA,1,3690473
tolCp1,2.0,1,0,TGAAGAAAATCCGGGCAACA,1,3689850
tolCp1,2.0,1,0,TCTTGTTGTTGTGGTCCGTG,1,3683719
tolCp1,2.0,1,0,TCTTGGCCCTACGGAATAGA,1,3667435
tolCp1,2.0,1,0,TCTTGCTTACTATGGCTACA,1,3697351
tolCp1,2.0,1,0,TCTTGCTGGGATACACGATT,1,3672035
tolCp1,2.0,1,0,TCTTCTGGGTGTATGAGTAT,1,3668535
tolCp1,2.0,1,0,TCTTATTTCGAGCGTTATTT,1,3700180
tolCp1,2.0,1,0,TCTTATAATCGACAGTATAA,1,3706997
tolCp1,2.0,1,0,TCTTAAAGCTCGCGCAACGA,1,3666089
tolCp1,2.0,1,0,TCTGATCTATACACTGTTAC,1,3671499
tolCp1,2.0,1,0,TCTGACCCTGCCCTGTGGGG,1,3669303
tolCp1,2.0,1,0,TCTCTGACTACCACCTACGA,1,3699271
tolCp1,2.0,1,0,TCTCGGGTTTGGTCCTGGTT,1,3671475
tolCp1,2.0,1,0,TCTCCTAAGGACGACCCCGC,1,3690917
tolCp1,2.0,1,0,TCTCCTAACAAGAAGTCGGT,1,3690814
tolCp1,2.0,1,0,TCTCATCAAAAAGTCCGAAT,1,3694097
tolCp1,2.0,1,0,TCTCAGATATCATGCGGTTA,1,3699440
tolCp1,2.0,1,0,TCTCACAATGAGAATTGGAT,1,3663213
tolCp1,2.0,1,0,TCTACTGGACCAGCTGCTGG,1,3696125
tolCp1,2.0,1,0,TCTAAGATTAGATGCGTCCA,1,3703257
tolCp1,2.0,1,0,TCGTTGAAACGCATTGGCAA,1,3690341
tolCp1,2.0,1,0,TCGTTCATCTTTTCACAATA,1,3697247
tolCp1,2.0,1,0,TCGTTACGTCGGCTACCCTG,1,3690159
tolCp1,2.0,1,0,TCGTGAACAACAAGAAGCAT,1,3673392
tolCp1,2.0,1,0,TCGTCCCATTATGCTCACCA,1,3704254
tolCp1,2.0,1,0,TCGTCACAGTCGGCGTCGCC,1,3704646
tolCp1,2.0,1,0,TCGGTCTACGATAATCTGAC,1,3708759
tolCp1,2.0,1,0,TCGGGATAGAACTGCGGCGA,1,3674255
tolCp1,2.0,1,0,TCGGCCCAGTCTCGTGCGCA,1,3707423
tolCp1,2.0,1,0,TCGGCACGAGGTGTAACATA,1,3663405
tolCp1,2.0,1,0,TCGCGGTCCTAAGCTCACCA,1,3690067
tolCp1,2.0,1,0,TCGCGAGACGAACGAGGTTC,1,3676824
tolCp1,2.0,1,0,TCGCCATTGACTCCCCACTA,1,3706817
tolCp1,2.0,1,0,TCGCACGTCGCAACCGGATA,1,3703957
tolCp1,2.0,1,0,TCGCACAAGCTTTGTTTAAT,1,3710487
tolCp1,2.0,1,0,TCGATCTGTGTTGGTACTAT,1,3698152
tolCp1,2.0,1,0,TCGATAAGTCCTGTTAGAAT,1,3672557
tolCp1,2.0,1,0,TCGAGTTAGCTAAGTCCCCA,1,3714165
tolCp1,2.0,1,0,TCGACAGGTGTACAATTTGC,1,3663925
tolCp1,2.0,1,0,TCGAAGACGTGATGTAACAG,1,3692714
tolCp1,2.0,1,0,TCCTTTAAGTAGGCCAACCT,1,3670992
tolCp1,2.0,1,0,TCCTGCCAACTACACGCGTA,1,3713452
tolCp1,2.0,1,0,TCCTCTGATCATTGTCTAAC,1,3700041
tolCp1,2.0,1,0,TCCTCCAGTTGTCCCGTCGT,1,3676522
tolCp1,2.0,1,0,TCCTAGGGGAGATAAATGTG,1,3685858
tolCp1,2.0,1,0,TCCTAGCTATGTGCGCGATG,1,3712166
tolCp1,2.0,1,0,TCCTACGTCGCTGGTATCAT,1,3687587
tolCp1,2.0,1,0,TCCGTTAGGGGCAACAGGCC,1,3677112
tolCp1,2.0,1,0,TCCGTGGCAGGTGGCGGGGG,1,3679279
tolCp1,2.0,1,0,TCCGGGGCACTCTCCGCCTA,1,3699439
tolCp1,2.0,1,0,TCCGCGCAGATGAACCCTCT,1,3680359
tolCp1,2.0,1,0,TCCGAGCACCGTGGAAAAAG,1,3663249
tolCp1,2.0,1,0,TCCGAACTGGGCATCAAGGA,1,3708733
tolCp1,2.0,1,0,TCCGAACACTACTACGCGTA,1,3704051
tolCp1,2.0,1,0,TCCCTGGTTATCTCGGGTCT,1,3712757
tolCp1,2.0,1,0,TCCCGTTGCACGGTATTTGT,1,3692634
tolCp1,2.0,1,0,TCCCCCGATCGGCCCTTTCA,1,3687994
tolCp1,2.0,1,0,TCCCAGATCCACTGTGATGA,1,3712236
tolCp1,2.0,1,0,TCCCAAGGCAGGCGCCTCTT,1,3688621
tolCp1,2.0,1,0,TCCATTCCTCTAGGCGGCGC,1,3684976
tolCp1,2.0,1,0,TCCAGTTCTGTCACAGACCT,1,3688850
tolCp1,2.0,1,0,TCCAGTACTACCTCTATTCG,1,3665170
tolCp1,2.0,1,0,TCCACGACAGCATACTCTTT,1,3682984
tolCp1,2.0,1,0,TCCAATACTCTGGTCTTACC,1,3670269
tolCp1,2.0,1,0,TCCAAGGTATTGTTTGTGTC,1,3684827
tolCp1,2.0,1,0,TCCAAGGGGGACGCCGTTAA,1,3713124
tolCp1,2.0,1,0,TCCAAAGCCTTCACCGTTCT,1,3692134
tolCp1,2.0,1,0,TCATTTTAAGTGTCCAAGCC,1,3677695
tolCp1,2.0,1,0,TCATTCACCATTGAAATTGC,1,3696204
tolCp1,2.0,1,0,TCATTAAGTTGCATGGGGAT,1,3672285
tolCp1,2.0,1,0,TCATTAACTGGCAAAGCCGG,1,3706525
tolCp1,2.0,1,0,TCATGGGATCTGGTGGCATA,1,3701644
tolCp1,2.0,1,0,TCATAGATCTGGGCTTGAAC,1,3708994
tolCp1,2.0,1,0,TCATAAGTTTCTTGATAGTT,1,3677014
tolCp1,2.0,1,0,TCATAAGGCAGGAATATTTC,1,3693292
tolCp1,2.0,1,0,TCAGTCATTAGGCAATAAGG,1,3712706
tolCp1,2.0,1,0,TCAGGTTATCTTGTGGCTTC,1,3691799
tolCp1,2.0,1,0,TCAGGTGGAACGCTATGCTG,1,3691066
tolCp1,2.0,1,0,TCAGCCTCGCTCCAGCAACA,1,3668949
tolCp1,2.0,1,0,TCAGCAATTCACAACAGAGG,1,3702107
tolCp1,2.0,1,0,TCAGATCCTTGTGTACTGGT,1,3713362
tolCp1,2.0,1,0,TCACGGCAGTAATGATAACG,1,3709600
tolCp1,2.0,1,0,TCACGCGATGGCCAGCTTTT,1,3684475
tolCp1,2.0,1,0,TCACCTCGCTAATCCACCAG,1,3662153
tolCp1,2.0,1,0,TCACCGTTAGCGCCACTTTC,1,3663989
tolCp1,2.0,1,0,TCACCGCGTAATGCTGATGA,1,3711151
tolCp1,2.0,1,0,TCACCGCAATGCATCCAGCC,1,3670956
tolCp1,2.0,1,0,TCACATTGTAGTAGGACCTA,1,3714681
tolCp1,2.0,1,0,TCAATTTTTGGGAAGATGCT,1,3675517
tolCp1,2.0,1,0,TCAAGGCGCACATGTAGAAA,1,3705280
tolCp1,2.0,1,0,TCAAGGATTGCTCTTTCCAT,1,3688223
tolCp1,2.0,1,0,TCAACGTTTGAAGTGCTGCT,1,3694395
tolCp1,2.0,1,0,TCAAACGCTGTCTCGACCCT,1,3706198
tolCp1,2.0,1,0,TATTTGGGAAGCGCAGACCG,1,3679653
tolCp1,2.0,1,0,TATTTACGGCCTACCAGAGA,1,3689941
tolCp1,2.0,1,0,TATTCTGAAGAGCCGTTAGC,1,3679294
tolCp1,2.0,1,0,TATTATTTTGTCTTCGTCCA,1,3694098
tolCp1,2.0,1,0,TATTATGTGTCGTTTTATCT,1,3664122
tolCp1,2.0,1,0,TATGTCAGGCTCTGGTTGTA,1,3681039
tolCp1,2.0,1,0,TATGTCAGCCACTTAGTTCA,1,3677832
tolCp1,2.0,1,0,TATGGGTTCTTCCCCGTTAA,1,3673655
tolCp1,2.0,1,0,TATGGGTCATTGTCGTTCGG,1,3705284
tolCp1,2.0,1,0,TATGGCAGTCATTGAGGCAT,1,3711020
tolCp1,2.0,1,0,TATGGACGCCCGCCGAACGC,1,3709112
tolCp1,2.0,1,0,TATGCGGGGTTGTGCTGCTT,1,3666762
tolCp1,2.0,1,0,TATCTTTGCGGGATGCCCCC,1,3684468
tolCp1,2.0,1,0,TATCGCGTAAATTTAGACGT,1,3674960
tolCp1,2.0,1,0,TATATTTAAATAGTGGTGTT,1,3667045
tolCp1,2.0,1,0,TATATGCAGGCGCTCAGATG,1,3703537
tolCp1,2.0,1,0,TATATCGTCAACAGCGTAGA,1,3669033
tolCp1,2.0,1,0,TATATAAGTTGTTTTGATCA,1,3696594
tolCp1,2.0,1,0,TATAGTTAAGGGCTGCAGTC,1,3684234
tolCp1,2.0,1,0,TATAGTCCCGAGTCACTTTG,1,3708615
tolCp1,2.0,1,0,TATAGGTTGTGGGGCGCGAA,1,3692367
tolCp1,2.0,1,0,TATAGAGGACGAATAATCAG,1,3702646
tolCp1,2.0,1,0,TATACCCTCACGTCCCCGAC,1,3669253
tolCp1,2.0,1,0,TATAAAGCAAGAAATCTCAG,1,3691274
tolCp1,2.0,1,0,TAGTTAGGATACACGGCACT,1,3689217
tolCp1,2.0,1,0,TAGTCTAGACCGGGAAAGAT,1,3698235
tolCp1,2.0,1,0,TAGTATCAGCGGCTGGCAGG,1,3675762
tolCp1,2.0,1,0,TAGGGCACATCTTGTCTGAA,1,3664671
tolCp1,2.0,1,0,TAGGGAGGTGGGGACTCCAC,1,3663540
tolCp1,2.0,1,0,TAGGCTAAGCAGCGAACCCT,1,3674373
tolCp1,2.0,1,0,TAGGCGCCCAACTGACCGTG,1,3686994
tolCp1,2.0,1,0,TAGGATTAGATGCTCTAGGG,1,3692342
tolCp1,2.0,1,0,TAGCTTCCGGGCGACTTGAA,1,3685961
tolCp1,2.0,1,0,TAGCTCCTTTAGTATTTACG,1,3703686
tolCp1,2.0,1,0,TAGCGTCGTGAGTGAGAGGA,1,3705269
tolCp1,2.0,1,0,TAGCGTCGGCATAATTACAT,1,3696245
tolCp1,2.0,1,0,TAGCGAACTATCTTTGGAGT,1,3669811
tolCp1,2.0,1,0,TAGCACTTTAGTTGTGTAAA,1,3692536
tolCp1,2.0,1,0,TAGCACATTTTATCGCTGGC,1,3664989
tolCp1,2.0,1,0,TAGATTGTACATAACTTCCA,1,3684981
tolCp1,2.0,1,0,TAGACAGCTGTCTGACTTTA,1,3661431
tolCp1,2.0,1,0,TACTTCTGTATTACAGCTAT,1,3679904
tolCp1,2.0,1,0,TACTTATGAAACTACATCCA,1,3698457
tolCp1,2.0,1,0,TACTCCCACGTGTGCATGAT,1,3670834
tolCp1,2.0,1,0,TACTCATCTAGAAGCTACGA,1,3687187
tolCp1,2.0,1,0,TACTCAGCTTTGCCCCGATA,1,3705399
tolCp1,2.0,1,0,TACGGATGAGCATTGGCGTA,1,3709471
tolCp1,2.0,1,0,TACGGAAATTCCAGGGGAAT,1,3683721
tolCp1,2.0,1,0,TACGCTTTCAACACGATACA,1,3672834
tolCp1,2.0,1,0,TACGAATCTTTGTTACCGGC,1,3678532
tolCp1,2.0,1,0,TACCTCAATTTTGGGTAGCA,1,3666266
tolCp1,2.0,1,0,TACCTACCCTGTTTGCGCCT,1,3668801
tolCp1,2.0,1,0,TACCGAGGAGTGTTCACTCA,1,3688384
tolCp1,2.0,1,0,TACCCGAGTGGTGGGGGACC,1,3696325
tolCp1,2.0,1,0,TACCCAAGTTTTTTTTAATA,1,3697177
tolCp1,2.0,1,0,TACATTCTTTATCAGTGTCT,1,3704285
tolCp1,2.0,1,0,TACATGTTCTTTAGTAGATC,1,3689410
tolCp1,2.0,1,0,TACATAAACGCAGCGCGCAG,1,3666506
tolCp1,2.0,1,0,TACAGTCTCGTAAAGACGAA,1,3686021
tolCp1,2.0,1,0,TACAGGTATCAGCAGCGTTC,1,3687555
tolCp1,2.0,1,0,TACACGGAGGCGAGCTTAGC,1,3662332
tolCp1,2.0,1,0,TAATTCTTATCCAACAGGTA,1,3663451
tolCp1,2.0,1,0,TAATTACAGCTTTGGCTATA,1,3675510
tolCp1,2.0,1,0,TAATAACTCCTTCATAGCGT,1,3712311
tolCp1,2.0,1,0,TAAGTAATACACTTGCGGCA,1,3709524
tolCp1,2.0,1,0,TAAGGGACCGGAGTTTAAAG,1,3676534
tolCp1,2.0,1,0,TAACTCAATTACCCACGGTC,1,3679022
tolCp1,2.0,1,0,TAACCTTTAAAGTACAGTGT,1,3677891
tolCp1,2.0,1,0,TAACCTATGGAGGCGGTGCT,1,3699509
tolCp1,2.0,1,0,TAACCGGCAGTTCTAGTTAC,1,3704532
tolCp1,2.0,1,0,TAACCAGCGCGAATCGCGAG,1,3668881
tolCp1,2.0,1,0,TAACCAAACAAACAGAATAT,1,3702422
tolCp1,2.0,1,0,TAACATGACATTTCCGTGCA,1,3691970
tolCp1,2.0,1,0,TAAATAAATTACTCCGCATC,1,3665930
tolCp1,2.0,1,0,TAAAATGTGGACTGATGATA,1,3686384
tolCp1,2.0,1,0,GTTTTAGTAATATGACCTCC,1,3694241
tolCp1,2.0,1,0,GTTTGTTAAGAACCGGCGGC,1,3707455
tolCp1,2.0,1,0,GTTTGTGAAGATGCTACTGC,1,3696414
tolCp1,2.0,1,0,GTTTGTAAAGCAAGCAATGG,1,3703223
tolCp1,2.0,1,0,GTTTGAGATCGCTCGCCAGA,1,3667537
tolCp1,2.0,1,0,GTTTCTCTATCAACTTTGCT,1,3702435
tolCp1,2.0,1,0,GTTTCAGGCGAGCACAACAT,1,3677048
tolCp1,2.0,1,0,GTTTACTCGGATCTGTTAAG,1,3661384
tolCp1,2.0,1,0,GTTGTGTGCCTGTCACAGCT,1,3696952
tolCp1,2.0,1,0,GTTGGTATAAAAGACGCGGC,1,3715075
tolCp1,2.0,1,0,GTTGCTCCCTCCCATTTTCG,1,3689184
tolCp1,2.0,1,0,GTTGCGTGGGTGGTGTTGTA,1,3685242
tolCp1,2.0,1,0,GTTGCGCTCTCAACAAGATT,1,3678212
tolCp1,2.0,1,0,GTTGCCCACTTAGGCGTATT,1,3665339
tolCp1,2.0,1,0,GTTGAGTACATCCAACACGA,1,3676059
tolCp1,2.0,1,0,GTTGAGGTAATACTAGGTTT,1,3691332
tolCp1,2.0,1,0,GTTCTGCAGATTCATGCGTT,1,3701520
tolCp1,2.0,1,0,GTTCGCAAATGTGCGTGCCT,1,3695648
tolCp1,2.0,1,0,GTTCAGCCCCGTAAGGACCA,1,3708040
tolCp1,2.0,1,0,GTTCACGCAATCTAACGATA,1,3709941
tolCp1,2.0,1,0,GTTCACCAGCCACTAAACGT,1,3692687
tolCp1,2.0,1,0,GTTAGTGGGGTTCAACGGAT,1,3683419
tolCp1,2.0,1,0,GTTAGTCCGGTCTGAAACCC,1,3677721
tolCp1,2.0,1,0,GTTACGAAACCCTCAACGTA,1,3663214
tolCp1,2.0,1,0,GTGTGGGCGTCCTTCGTACG,1,3694197
tolCp1,2.0,1,0,GTGTGCCTGTGGTGTAAACG,1,3692372
tolCp1,2.0,1,0,GTGTAGAGTCGGACCGACGC,1,3688885
tolCp1,2.0,1,0,GTGTAGACCTCTATGGAAGC,1,3665438
tolCp1,2.0,1,0,GTGGTGTTGAGCGGTGCACA,1,3694948
tolCp1,2.0,1,0,GTGGTAATCACCTGCGCCAG,1,3708747
tolCp1,2.0,1,0,GTGGGTGGTAGAGGTTAAAT,1,3664091
tolCp1,2.0,1,0,GTGGGGTCAGGGACTCAGAT,1,3670426
tolCp1,2.0,1,0,GTGGGCATAGAATTAGGGGT,1,3698011
tolCp1,2.0,1,0,GTGGCCCAGGAAAGCTCTAA,1,3691036
tolCp1,2.0,1,0,GTGGATTCCGTTAAAGCTAT,1,3703592
tolCp1,2.0,1,0,GTGGACCGATCACCCTATGC,1,3668429
tolCp1,2.0,1,0,GTGCTTGTTAATCTGGAAGT,1,3700358
tolCp1,2.0,1,0,GTGCTGATTCCTGGAAAGGC,1,3668183
tolCp1,2.0,1,0,GTGCTGAGGCACTCCCTGTG,1,3674179
tolCp1,2.0,1,0,GTGCTCAACTGGACGTATAG,1,3699529
tolCp1,2.0,1,0,GTGCTAGGGAGCCTGGATCG,1,3689464
tolCp1,2.0,1,0,GTGCCCACGCGAATCTCCTT,1,3662862
tolCp1,2.0,1,0,GTGCCAAGGCCAGTTGGGTA,1,3671752
tolCp1,2.0,1,0,GTGCAGACTCACGCTCAGGA,1,3679069
tolCp1,2.0,1,0,GTGCACGACATCCGAGGCGG,1,3711534
tolCp1,2.0,1,0,GTGCAATAAGGATATACTTC,1,3672319
tolCp1,2.0,1,0,GTGATGACTTTGAAGGTCTA,1,3665100
tolCp1,2.0,1,0,GTGAGTTGTCCGGGGTTGTT,1,3679970
tolCp1,2.0,1,0,GTGAGCTAACATTGTCTGAA,1,3691513
tolCp1,2.0,1,0,GTGACTCACGCGTCTGGGCT,1,3706579
tolCp1,2.0,1,0,GTGACGGATCCGTTACGGAT,1,3689286
tolCp1,2.0,1,0,GTGAACTCCTGGATAAAAAG,1,3701112
tolCp1,2.0,1,0,GTGAACATTTTCATAGTCTG,1,3675625
tolCp1,2.0,1,0,GTCTTTTATTGGTACGGTAA,1,3712810
tolCp1,2.0,1,0,GTCTTGACGAAGGTTCCTTG,1,3681451
tolCp1,2.0,1,0,GTCTCGCTGTTGCAGTTCTG,1,3662722
tolCp1,2.0,1,0,GTCTAGCCCGGCCTGCCCGA,1,3710413
tolCp1,2.0,1,0,GTCGTTGGAGCTCCCCAAAG,1,3710969
tolCp1,2.0,1,0,GTCGTCCCAACAAAATCCTG,1,3688990
tolCp1,2.0,1,0,GTCGTAGGCCGTGGGAGAAA,1,3661383
tolCp1,2.0,1,0,GTCGGTAACCAGCCGTTAGA,1,3679202
tolCp1,2.0,1,0,GTCGGGTCGCTTTGGTAGTT,1,3676707
tolCp1,2.0,1,0,GTCGGCCCAGTTACACTGTA,1,3700765
tolCp1,2.0,1,0,GTCGCATCCTTCATTATGAG,1,3676440
tolCp1,2.0,1,0,GTCGAGAGTGGATATTTTAC,1,3699544
tolCp1,2.0,1,0,GTCCTAGGGGATTCAGTCCC,1,3702439
tolCp1,2.0,1,0,GTCCTAACTTGGCATAACCT,1,3687478
tolCp1,2.0,1,0,GTCCCGTATTGCCTGAAGAC,1,3677467
tolCp1,2.0,1,0,GTCCACACGAAACCATCGGA,1,3662720
tolCp1,2.0,1,0,GTCCAAGCGAGTCAGAACCT,1,3692202
tolCp1,2.0,1,0,GTCATCTTAAACCGTTAGAT,1,3671176
tolCp1,2.0,1,0,GTCATATTACGTACTGAGTA,1,3661225
tolCp1,2.0,1,0,GTCAGGTACGGTCAAAGGAC,1,3714471
tolCp1,2.0,1,0,GTCAGGAATTACGCAGAAGA,1,3674755
tolCp1,2.0,1,0,GTCAGCGCTACCGGACTCTC,1,3704004
tolCp1,2.0,1,0,GTCAGACGGGTTTTCGTACG,1,3711262
tolCp1,2.0,1,0,GTCACTTCAAAGCAGCTATC,1,3704883
tolCp1,2.0,1,0,GTCAATGATGATAGGTCTGT,1,3708603
tolCp1,2.0,1,0,GTCAATCCGTGGCAGACCTA,1,3707733
tolCp1,2.0,1,0,GTCAAAGTGTCCAGGCCAGC,1,3682334
tolCp1,2.0,1,0,GTATTGCCTGACATTTGTCG,1,3666704
tolCp1,2.0,1,0,GTATGGGAGTGCAAAATCGT,1,3672137
tolCp1,2.0,1,0,GTATGAAAACCGAGCTACTT,1,3690729
tolCp1,2.0,1,0,GTATATGGCTATCAATGAAG,1,3666469
tolCp1,2.0,1,0,GTATACGCTCCTATTTGCAA,1,3683358
tolCp1,2.0,1,0,GTATACAGTTTGCGGCCTCG,1,3663327
tolCp1,2.0,1,0,GTATAAGACGGATGCGTGTT,1,3666725
tolCp1,2.0,1,0,GTAGGTTGCGGCTCATTTCA,1,3672321
tolCp1,2.0,1,0,GTAGGTAAGGCCATCCGTGG,1,3698576
tolCp1,2.0,1,0,GTAGGGTCTAGTCTGAGAAA,1,3700811
tolCp1,2.0,1,0,GTAGGGCACTCATATATGTA,1,3692106
tolCp1,2.0,1,0,GTAGATTAGGGATCACGCTT,1,3690355
tolCp1,2.0,1,0,GTACTCCACTGTCACATTCT,1,3697637
tolCp1,2.0,1,0,GTACGGCATGTTTCATGTGT,1,3685932
tolCp1,2.0,1,0,GTACGCGAATTCTGGTCCGA,1,3676351
tolCp1,2.0,1,0,GTACATGGCGAACGGGGGCA,1,3687758
tolCp1,2.0,1,0,GTACAGTTTCCCCATAGATT,1,3687485
tolCp1,2.0,1,0,GTACACGGGTCAAAACTCCG,1,3666535
tolCp1,2.0,1,0,GTAATTCGGGCAGCATAATC,1,3684781
tolCp1,2.0,1,0,GTAATGCCCTTACGTGCTTA,1,3701245
tolCp1,2.0,1,0,GTAATACCCGCATCAGAACC,1,3664331
tolCp1,2.0,1,0,GTAAGCGCCCCCGAACAATA,1,3681728
tolCp1,2.0,1,0,GTAACCTTAGTGCCGATTAA,1,3713211
tolCp1,2.0,1,0,GTAAATATTCATCTAACCTA,1,3675712
tolCp1,2.0,1,0,GGTTTGCCCTTCAGATGGGT,1,3691759
tolCp1,2.0,1,0,GGTTTCATGTGACCCTCATA,1,3698233
tolCp1,2.0,1,0,GGTTGCACCAATTAATTATG,1,3670576
tolCp1,2.0,1,0,GGTTCGATTATGGGGGGTCG,1,3688253
tolCp1,2.0,1,0,GGTTAGCTTTTTCTGCCGGG,1,3663188
tolCp1,2.0,1,0,GGTTACATAAGAATAAGGTA,1,3699807
tolCp1,2.0,1,0,GGTTAAGTGCATACGGATTC,1,3697142
tolCp1,2.0,1,0,GGTGTGCAACTTTAATTTTG,1,3693061
tolCp1,2.0,1,0,GGTCTCGGCACGTAGGCTGA,1,3661386
tolCp1,2.0,1,0,GGTCGAATCGCCCAACTGCG,1,3708614
tolCp1,2.0,1,0,GGTCCTGGCCCAACGTTAAG,1,3666148
tolCp1,2.0,1,0,GGTCCGTACCAGCGCGTTTA,1,3688977
tolCp1,2.0,1,0,GGTCCAGGCGGTCACTACAC,1,3684312
tolCp1,2.0,1,0,GGTCATGCGAGTAGTAGGAG,1,3681913
tolCp1,2.0,1,0,GGTCAGAGATGTGCAATATA,1,3683049
tolCp1,2.0,1,0,GGTCAGAGAAAGGACCTTCT,1,3712693
tolCp1,2.0,1,0,GGTCACCCATTTCCTGCGGG,1,3696500
tolCp1,2.0,1,0,GGTATCACGGGCCTCACCGC,1,3703547
tolCp1,2.0,1,0,GGTATACCAATTATTTTACC,1,3689458
tolCp1,2.0,1,0,GGTAGCCCCGAAAATGCAGT,1,3711523
tolCp1,2.0,1,0,GGTACTTTACTCAACGATTA,1,3678009
tolCp1,2.0,1,0,GGTAATCCCCGCTGGAGAAA,1,3703615
tolCp1,2.0,1,0,GGGTTGGTTATTCCGTTGCT,1,3703138
tolCp1,2.0,1,0,GGGTTGGATGGTGTCCCCCT,1,3692983
tolCp1,2.0,1,0,GGGTTCTTCCGAGGACACGG,1,3707234
tolCp1,2.0,1,0,GGGTTCTTAATTTATTGATG,1,3682142
tolCp1,2.0,1,0,GGGTTATTTGCGCTTCGCCT,1,3665898
tolCp1,2.0,1,0,GGGTCTTTGAGGTAAGCTAC,1,3695327
tolCp1,2.0,1,0,GGGTCCTCAAAGGCCGCGCA,1,3677012
tolCp1,2.0,1,0,GGGTCCGCACGTAGGGGCCT,1,3669779
tolCp1,2.0,1,0,GGGTAAATAAACGTCTCAAT,1,3711376
tolCp1,2.0,1,0,GGGGTTCTAATTTCCGAACA,1,3668388
tolCp1,2.0,1,0,GGGGGTCAGGCAATAGGACC,1,3712183
tolCp1,2.0,1,0,GGGGGTCACGGAAAACCTGA,1,3713251
tolCp1,2.0,1,0,GGGGCAGTCGGCTCACATGC,1,3695925
tolCp1,2.0,1,0,GGGGATCACTCCCTCTGTTG,1,3709427
tolCp1,2.0,1,0,GGGCTAGGCAATTGGAACTC,1,3709995
tolCp1,2.0,1,0,GGGCTACTTACATCACGAGT,1,3666149
tolCp1,2.0,1,0,GGGCGCGTACACGGCTATAC,1,3686569
tolCp1,2.0,1,0,GGGCCCTGGCTCCCACGTGA,1,3677725
tolCp1,2.0,1,0,GGGCCAGATCGACCGTAAAA,1,3673396
tolCp1,2.0,1,0,GGGAATATTCGGGGTATCTA,1,3708917
tolCp1,2.0,1,0,GGGAATAGTTCGGCACCGAA,1,3710502
tolCp1,2.0,1,0,GGGAAGCGCTCCACCGTCAT,1,3701316
tolCp1,2.0,1,0,GGGAAATGGGAAGTCAAACA,1,3669782
tolCp1,2.0,1,0,GGCTTTGCCGAAGCAGCTTG,1,3700507
tolCp1,2.0,1,0,GGCTCGTCCGTGCCACACGT,1,3715205
tolCp1,2.0,1,0,GGCTACCTCTGCTCCCCGGT,1,3663461
tolCp1,2.0,1,0,GGCGTCAGTCTAACGGATGG,1,3692873
tolCp1,2.0,1,0,GGCGTACCGCTCGACGGGAC,1,3676237
tolCp1,2.0,1,0,GGCGCGTACCGCCGGTTAGA,1,3669339
tolCp1,2.0,1,0,GGCGCCGTCTAGGTTATGCT,1,3686168
tolCp1,2.0,1,0,GGCGCAGAAAACAGATCCAT,1,3672272
tolCp1,2.0,1,0,GGCGCAACAAATACGCGTAC,1,3674131
tolCp1,2.0,1,0,GGCCTGGTTGGTATACACAA,1,3663784
tolCp1,2.0,1,0,GGCCTAAGTATTTGTCCAGT,1,3673007
tolCp1,2.0,1,0,GGCCGGGTTACTGGCCGAAA,1,3669911
tolCp1,2.0,1,0,GGCCGCTCGTCGATTAGGCT,1,3686296
tolCp1,2.0,1,0,GGCCATAAAATGCAAGGATT,1,3713648
tolCp1,2.0,1,0,GGCCACAGTTCCAAGCTTAA,1,3715159
tolCp1,2.0,1,0,GGCATGAGGGTACCCTGAGA,1,3683995
tolCp1,2.0,1,0,GGCATCAGAAACGTTTTGTG,1,3664074
tolCp1,2.0,1,0,GGCATACGCTCCTAGAGACT,1,3662553
tolCp1,2.0,1,0,GGCAGGTATGTCTGCCACCT,1,3683862
tolCp1,2.0,1,0,GGCACGAAGTTCGGGGCTAC,1,3710155
tolCp1,2.0,1,0,GGCACAGGTTCATTTATACG,1,3697548
tolCp1,2.0,1,0,GGATTTGGCCTCTAGATTCG,1,3684149
tolCp1,2.0,1,0,GGATTGGTTGGCATGACGAG,1,3700484
tolCp1,2.0,1,0,GGATTCTGGATGTGTTACTA,1,3692116
tolCp1,2.0,1,0,GGATGTTAAAACTTTACTAC,1,3669104
tolCp1,2.0,1,0,GGATGGGGATACATCTAGGG,1,3675228
tolCp1,2.0,1,0,GGATGAACAAAACAGTCTGG,1,3697744
tolCp1,2.0,1,0,GGATCGCACCCGCATACCAC,1,3709310
tolCp1,2.0,1,0,GGATATTCGTACCGTTCTTG,1,3712602
tolCp1,2.0,1,0,GGATACTCTCAGAGTAGGAC,1,3711484
tolCp1,2.0,1,0,GGAGTATACACGACTCGGTA,1,3688123
tolCp1,2.0,1,0,GGAGGTCAATAACTATTGGC,1,3666151
tolCp1,2.0,1,0,GGAGGGATAATCCTAAGTTC,1,3684644
tolCp1,2.0,1,0,GGAGCGTTTGTTTGGTTGAC,1,3670458
tolCp1,2.0,1,0,GGAGCGACTCCACATCCAAG,1,3695764
tolCp1,2.0,1,0,GGAGCCGGGGTTCTCAAAAA,1,3684185
tolCp1,2.0,1,0,GGAGAGGTCTAGAGGGGCCA,1,3669182
tolCp1,2.0,1,0,GGAGAGGGTACGCATATCTG,1,3697909
tolCp1,2.0,1,0,GGAGAGCGGCTCGGTCGCGG,1,3669663
tolCp1,2.0,1,0,GGAGACGTTATTCAGCTTAC,1,3669614
tolCp1,2.0,1,0,GGACGGCTTACCTAAGCCAA,1,3684615
tolCp1,2.0,1,0,GGACGCGAGTAGACACAGCC,1,3685979
tolCp1,2.0,1,0,GGACGCGACCTTTAAGGGGG,1,3705278
tolCp1,2.0,1,0,GGACGAAGGCATTGAGCTAC,1,3678678
tolCp1,2.0,1,0,GGACCTTGTAGGGAGGTGAC,1,3673038
tolCp1,2.0,1,0,GGACCTCGAAGGATGTCGTT,1,3693095
tolCp1,2.0,1,0,GGACCAAAAGTCTCCCCTTA,1,3696057
tolCp1,2.0,1,0,GGACACAGTTCGTAGGAGCA,1,3672636
tolCp1,2.0,1,0,GGACAAACACCATCTTGGAC,1,3700697
tolCp1,2.0,1,0,GGAATGTCGTACGCGGGAAT,1,3676665
tolCp1,2.0,1,0,GGAACGGCGCCTTAAGTACA,1,3686089
tolCp1,2.0,1,0,GGAACCGTCTCGCGGTTTGA,1,3681504
tolCp1,2.0,1,0,GGAACAATATAGAATGCCAT,1,3661774
tolCp1,2.0,1,0,GGAAAACTTGATAGGGCAGG,1,3686966
tolCp1,2.0,1,0,GCTTTCCATTGACATCTTGA,1,3672818
tolCp1,2.0,1,0,GCTTGCGCGGCGATGCCTAA,1,3670782
tolCp1,2.0,1,0,GCTTCAGTACACTCATTCTC,1,3679264
tolCp1,2.0,1,0,GCTGTTTTCCTACTATTCTC,1,3696162
tolCp1,2.0,1,0,GCTGTTGACGTACCGGCTAA,1,3690569
tolCp1,2.0,1,0,GCTGGATAAGCAAATATATT,1,3687897
tolCp1,2.0,1,0,GCTGCTAAATGGGAGTTGCT,1,3662326
tolCp1,2.0,1,0,GCTGCGCCAATCATGGATAG,1,3700946
tolCp1,2.0,1,0,GCTGAGCGGCTTTCAGTCAT,1,3705703
tolCp1,2.0,1,0,GCTGAAGACCCCAGTCATTT,1,3712092
tolCp1,2.0,1,0,GCTCTGGTTATAACGATCAG,1,3670333
tolCp1,2.0,1,0,GCTCGGCGACATTTACTTGG,1,3676222
tolCp1,2.0,1,0,GCTCGATTTCACGGCGTAGT,1,3679785
tolCp1,2.0,1,0,GCTCCTTGTTATAATTACGT,1,3662921
tolCp1,2.0,1,0,GCTCATAGTCTCATGGATTC,1,3693409
tolCp1,2.0,1,0,GCTATACCCAGACGCTCGGG,1,3673035
tolCp1,2.0,1,0,GCTAGCAGGGTGGGCAAGAA,1,3690391
tolCp1,2.0,1,0,GCTAGAAGCCGCTAGCCCTG,1,3666071
tolCp1,2.0,1,0,GCTACCGATCGGAGCTCAGT,1,3680047
tolCp1,2.0,1,0,GCGTTGTTTAGAGTATGTTA,1,3670582
tolCp1,2.0,1,0,GCGTTGCATTCCCGCTCGCG,1,3706367
tolCp1,2.0,1,0,GCGTGTGCGGCTAAAAGTGC,1,3701656
tolCp1,2.0,1,0,GCGTATTCCCAGCCTGGCGG,1,3682952
tolCp1,2.0,1,0,GCGGTACTTATATGGGATGT,1,3705066
tolCp1,2.0,1,0,GCGGGGTTTCCGTTACCAGG,1,3706935
tolCp1,2.0,1,0,GCGGCTACCCAAACGTGGTG,1,3710816
tolCp1,2.0,1,0,GCGGCCCGGAGCGGACTGCA,1,3700896
tolCp1,2.0,1,0,GCGGACCTAGTCTAAATTAA,1,3675252
tolCp1,2.0,1,0,GCGCTTCTTTCGTCGGCGCA,1,3705285
tolCp1,2.0,1,0,GCGCGCCTGGTACTTCGCGA,1,3666087
tolCp1,2.0,1,0,GCGCGCATAGATGATCCTAC,1,3700122
tolCp1,2.0,1,0,GCGCGACCTTAGGTCTGGGA,1,3671884
tolCp1,2.0,1,0,GCGCCATTTCAAGAGCTCCT,1,3706228
tolCp1,2.0,1,0,GCGCAGAACCCCCTATGCCT,1,3680386
tolCp1,2.0,1,0,GCGATTGTCTCATATCGACC,1,3671727
tolCp1,2.0,1,0,GCGATAGTCTAGTGCAATAG,1,3670022
tolCp1,2.0,1,0,GCGAGGAGGCTCCAACGAGC,1,3678185
tolCp1,2.0,1,0,GCGACTCATCATTCCAGATA,1,3715441
tolCp1,2.0,1,0,GCGACCTCAGTCAACAACGT,1,3681488
tolCp1,2.0,1,0,GCCTTTTGGTAAACGGTATT,1,3708022
tolCp1,2.0,1,0,GCCTGATTATGGCTAGCAGA,1,3706808
tolCp1,2.0,1,0,GCCTCGAATGTTAATCATTG,1,3664455
tolCp1,2.0,1,0,GCCTAGGTCTAGTGCGCATA,1,3704538
tolCp1,2.0,1,0,GCCTAGCCCCTAGGTTCACG,1,3711401
tolCp1,2.0,1,0,GCCGTCTTTGTCTCATCCCT,1,3690237
tolCp1,2.0,1,0,GCCGTAATGGCACTTCAGGT,1,3666496
tolCp1,2.0,1,0,GCCGGCTGAACCGTCGATCT,1,3709563
tolCp1,2.0,1,0,GCCCTTCCTCGTGTACATAC,1,3691419
tolCp1,2.0,1,0,GCCCGCGCACCTTTTTCTCC,1,3705536
tolCp1,2.0,1,0,GCCCCTTTCCGGGAAATGTG,1,3711744
tolCp1,2.0,1,0,GCCCCTGAGTTGCGCGTAGA,1,3700835
tolCp1,2.0,1,0,GCCCCTATAAGGTTCAGAGT,1,3710707
tolCp1,2.0,1,0,GCCCCGGGATGGCGTACTTT,1,3698031
tolCp1,2.0,1,0,GCCCCACTAGGAAAACGCGA,1,3700073
tolCp1,2.0,1,0,GCCCAGCGCGACACCAAACA,1,3703416
tolCp1,2.0,1,0,GCCCAACTGGGTGCAGGAGG,1,3678978
tolCp1,2.0,1,0,GCCATGGCGAGTACTCAAAC,1,3685074
tolCp1,2.0,1,0,GCCATATGGGTAAGTCCAGG,1,3699073
tolCp1,2.0,1,0,GCCAGTATAGGTCCATCGGT,1,3670595
tolCp1,2.0,1,0,GCCAGGGAACGTCCGCTGGT,1,3676726
tolCp1,2.0,1,0,GCCACGAGGAACGCGAGCTT,1,3678636
tolCp1,2.0,1,0,GCCACAAGCGCGTCGGGCCC,1,3662749
tolCp1,2.0,1,0,GCCAAGCAACAGCGGTATTG,1,3685838
tolCp1,2.0,1,0,GCATTTGGATGGTACTCACA,1,3705837
tolCp1,2.0,1,0,GCATGTTGTTCCCTGCGAAT,1,3684130
tolCp1,2.0,1,0,GCATGTAGCCACTCCGTTAG,1,3664031
tolCp1,2.0,1,0,GCATGAAGGACATGAAGGAG,1,3674633
tolCp1,2.0,1,0,GCATAGGCTAGCTCCTAACG,1,3698440
tolCp1,2.0,1,0,GCAGTTGCTAGTCTCATTGG,1,3681220
tolCp1,2.0,1,0,GCAGTACAAGAGTGCGATAC,1,3666159
tolCp1,2.0,1,0,GCAGCTTGTCGGTGATCTTT,1,3698272
tolCp1,2.0,1,0,GCAGCTCGCCCTGAGTGCTG,1,3714677
tolCp1,2.0,1,0,GCAGAAAAGATATGCAAAGA,1,3665369
tolCp1,2.0,1,0,GCACTGAGATTGTATTAGCA,1,3672251
tolCp1,2.0,1,0,GCACTAACGGGACTCCTAGG,1,3675163
tolCp1,2.0,1,0,GCACGCACTTTGTATTTATT,1,3703322
tolCp1,2.0,1,0,GCACGATAGGAAAGGCGAAT,1,3669802
tolCp1,2.0,1,0,GCACGACCGGCGGCGATTGC,1,3694014
tolCp1,2.0,1,0,GCACCGAGTTGTCCATATGA,1,3699187
tolCp1,2.0,1,0,GCACCCATGGGGTGGATCAA,1,3713998
tolCp1,2.0,1,0,GCACATCAGGGAGCTTCAGT,1,3709152
tolCp1,2.0,1,0,GCACAGTCGGGTAGCAGCGC,1,3696522
tolCp1,2.0,1,0,GCACACAATGTAAGAGCTCA,1,3714397
tolCp1,2.0,1,0,GCAATGCTTAAACTTTCTGG,1,3692423
tolCp1,2.0,1,0,GCAATAGATGCCGTGCGTCA,1,3678209
tolCp1,2.0,1,0,GCAAGCTATCGCGGGAAGTG,1,3676061
tolCp1,2.0,1,0,GATTTTACGTCAGAGACGCA,1,3690336
tolCp1,2.0,1,0,GATTGCTTAATGCGATTTAG,1,3715204
tolCp1,2.0,1,0,GATTCTCCAGAACGGGATGT,1,3661429
tolCp1,2.0,1,0,GATTCTACACAAGGTCATTC,1,3701728
tolCp1,2.0,1,0,GATTATCAATTTGCCCAGAA,1,3672847
tolCp1,2.0,1,0,GATTACTCCTGGTATGGCGT,1,3668286
tolCp1,2.0,1,0,GATTAACATCCGTTACGGAC,1,3692842
tolCp1,2.0,1,0,GATGTGTTTCGTCTCCATTT,1,3705880
tolCp1,2.0,1,0,GATGGACGGAGACTTGAAAA,1,3682533
tolCp1,2.0,1,0,GATGGACAGGAGCTGGACGC,1,3691549
tolCp1,2.0,1,0,GATGACAGTGTGTGTACACA,1,3682536
tolCp1,2.0,1,0,GATCTGTAATTCTTGGCTAA,1,3715598
tolCp1,2.0,1,0,GATCGTGTGCTTTACAGTTT,1,3697794
tolCp1,2.0,1,0,GATCGTCTAAACTCCAAGTT,1,3709967
tolCp1,2.0,1,0,GATCGAGCGACTGTGCCCTA,1,3671276
tolCp1,2.0,1,0,GATCCAAAAGAACTTCCTCA,1,3699621
tolCp1,2.0,1,0,GATCAGGAAACGTGCTCGAC,1,3684767
tolCp1,2.0,1,0,GATCACTCAAGGCGCTGCGG,1,3694651
tolCp1,2.0,1,0,GATCAATGGGCGGGCACTGT,1,3706893
tolCp1,2.0,1,0,GATATTAATACTTATTCTGG,1,3709971
tolCp1,2.0,1,0,GATATGGCATACACGAAGTA,1,3686033
tolCp1,2.0,1,0,GATATCATTAGCCGCGCCCT,1,3704188
tolCp1,2.0,1,0,GATATAGATTTGAACCCTAA,1,3670607
tolCp1,2.0,1,0,GATAGTGTGCATACCAGGGA,1,3663046
tolCp1,2.0,1,0,GATAGTGGTCACCGATACAC,1,3687086
tolCp1,2.0,1,0,GATAATAGGGTTGATTAAGG,1,3662913
tolCp1,2.0,1,0,GATAAAGAGATGCTACTCCC,1,3667066
tolCp1,2.0,1,0,GAGTGTTTCGGATTCTTCTT,1,3661330
tolCp1,2.0,1,0,GAGTGCACCAGTCTCGGCCA,1,3694559
tolCp1,2.0,1,0,GAGTCGTACCATCGCTGTCT,1,3675459
tolCp1,2.0,1,0,GAGTCCCGCGGTGGGTCAAA,1,3671107
tolCp1,2.0,1,0,GAGTCACCCTAGAAGATTCG,1,3691715
tolCp1,2.0,1,0,GAGGTTTGTGCGAACCACCC,1,3661945
tolCp1,2.0,1,0,GAGGTCCGCGATTATTTCCT,1,3683615
tolCp1,2.0,1,0,GAGGGTTTAGCCGGCATTCG,1,3683614
tolCp1,2.0,1,0,GAGGGGCATCTGGTGTCCTG,1,3687633
tolCp1,2.0,1,0,GAGGGGAGATCGCAAAAAAG,1,3688815
tolCp1,2.0,1,0,GAGGCGGCATCTGTCGCGTT,1,3705192
tolCp1,2.0,1,0,GAGGCCGCCATCGAACATAG,1,3697885
tolCp1,2.0,1,0,GAGGCCGAACCGTCTAAACA,1,3702523
tolCp1,2.0,1,0,GAGGAGGCTCAGTTTCTGAT,1,3691457
tolCp1,2.0,1,0,GAGCTGGGAGAGGGTCAGGA,1,3704953
tolCp1,2.0,1,0,GAGCGTCCTGTGCTATCCAA,1,3664028
tolCp1,2.0,1,0,GAGATCTCATCCCTCTCGCC,1,3702463
tolCp1,2.0,1,0,GAGATAGGCCAGCCATGGAG,1,3681411
tolCp1,2.0,1,0,GAGAGTAGAGAGATGACTAC,1,3679236
tolCp1,2.0,1,0,GAGACGGCTTGATTATCGCT,1,3669959
tolCp1,2.0,1,0,GAGACCACCGTGGGTTATTA,1,3667311
tolCp1,2.0,1,0,GACTGGCTGATTAGCCTCCA,1,3670034
tolCp1,2.0,1,0,GACTGCCTTACTGCGTCTCG,1,3698821
tolCp1,2.0,1,0,GACTGCACCGTGTAGAGCCT,1,3662582
tolCp1,2.0,1,0,GACTCGGTAGGTGGAGTCGG,1,3680346
tolCp1,2.0,1,0,GACGGCGCAAGCAAGGCGAA,1,3679683
tolCp1,2.0,1,0,GACGGATTTGCGCTGCGAAC,1,3715391
tolCp1,2.0,1,0,GACGCGTAGTACCTTAACTG,1,3670764
tolCp1,2.0,1,0,GACGCCTAATACAACTCATA,1,3713240
tolCp1,2.0,1,0,GACGCCGGTCAGTCTTGACG,1,3693324
tolCp1,2.0,1,0,GACGCAGTACAGTTTTTATA,1,3693702
tolCp1,2.0,1,0,GACCTATATGTATCCTACGT,1,3679265
tolCp1,2.0,1,0,GACCGAGACCGCGGTAACCC,1,3695857
tolCp1,2.0,1,0,GACCGAACAGGGGTACTGCT,1,3706004
tolCp1,2.0,1,0,GACCAGATAATTGCTAGAAT,1,3680590
tolCp1,2.0,1,0,GACAAAAATAAGTTTTGCGA,1,3662324
tolCp1,2.0,1,0,GAATTCCCACATCCGATCAG,1,3676826
tolCp1,2.0,1,0,GAATGTCTTGGGTATGGGCA,1,3688132
tolCp1,2.0,1,0,GAATGGATGCGCTATACACA,1,3703143
tolCp1,2.0,1,0,GAATCGGAAAACCCCGGCCG,1,3662889
tolCp1,2.0,1,0,GAATCAGAGATGAAACTGTT,1,3687470
tolCp1,2.0,1,0,GAATACACTTGCTTGTAACC,1,3674337
tolCp1,2.0,1,0,GAAGTTCTACACTGGTGACA,1,3701515
tolCp1,2.0,1,0,GAAGGCCACCCTCCGTTGAA,1,3688190
tolCp1,2.0,1,0,GAAGCGCTGGGTATTAGATG,1,3672533
tolCp1,2.0,1,0,GAAGCGCAATTGCATGAGTA,1,3702309
tolCp1,2.0,1,0,GAAGCCGCGGAGGTTGCCGG,1,3708398
tolCp1,2.0,1,0,GAAGAGCGATGCAATGGCCC,1,3694554
tolCp1,2.0,1,0,GAAGACAGATCCTTCGGTAG,1,3668897
tolCp1,2.0,1,0,GAAGAAGGCGCGCATTAATC,1,3694811
tolCp1,2.0,1,0,GAACTCAATGTCTTGAAGAA,1,3678920
tolCp1,2.0,1,0,GAACGGTTGGCCGGATGAAC,1,3695388
tolCp1,2.0,1,0,GAACGACTTGGCAGCCCCAG,1,3673210
tolCp1,2.0,1,0,GAACGAACGTAATGACTCCT,1,3680056
tolCp1,2.0,1,0,GAACCCATAAGGAAGGCTGT,1,3714752
tolCp1,2.0,1,0,GAACAGATAGTCTATTTTGT,1,3670566
tolCp1,2.0,1,0,GAAAGTCCCAAAGACGGACC,1,3712866
tolCp1,2.0,1,0,CTTTTGTGTCAGTTGGCCGT,1,3677075
tolCp1,2.0,1,0,CTTTTCATGGATGTTACATC,1,3688116
tolCp1,2.0,1,0,CTTTTATGCGTGGGCTGGTA,1,3699348
tolCp1,2.0,1,0,CTTTTATGATAAGTTTAGGG,1,3684624
tolCp1,2.0,1,0,CTTTGTGGTTATGTACTAGA,1,3695663
tolCp1,2.0,1,0,CTTTGTAAACGGTAACATTT,1,3687554
tolCp1,2.0,1,0,CTTTCCTCGTGGCAGTTACT,1,3681100
tolCp1,2.0,1,0,CTTTCACAACATGTCCGGTA,1,3678688
tolCp1,2.0,1,0,CTTGTCTTCTGGCTAGGTAG,1,3703486
tolCp1,2.0,1,0,CTTGGGTTGAATGACCATTA,1,3669242
tolCp1,2.0,1,0,CTTGGGGTCACCGGCCGTGA,1,3690986
tolCp1,2.0,1,0,CTTCTGGTAAGGGGTAGGCA,1,3678003
tolCp1,2.0,1,0,CTTACGGGTAGTCGGTTTGT,1,3663983
tolCp1,2.0,1,0,CTTAATCTATCGACATCCCA,1,3711587
tolCp1,2.0,1,0,CTTAAGTAAATCTTGCTTGC,1,3661462
tolCp1,2.0,1,0,CTGTTATGAAATTATGACGA,1,3703234
tolCp1,2.0,1,0,CTGTGTTCGCGTTGGTAACG,1,3695192
tolCp1,2.0,1,0,CTGTGTATCGCCAGGCCCTT,1,3695309
tolCp1,2.0,1,0,CTGTGGACTAAGCTTACACA,1,3700023
tolCp1,2.0,1,0,CTGTGAGTGTCAATATAAAC,1,3695221
tolCp1,2.0,1,0,CTGTCCATCAGGCATGCCCA,1,3685251
tolCp1,2.0,1,0,CTGTCACACCATATTGGATG,1,3697506
tolCp1,2.0,1,0,CTGTATGGCGGATTCTGGGG,1,3703283
tolCp1,2.0,1,0,CTGTACATGGCGACAAGACT,1,3688844
tolCp1,2.0,1,0,CTGTACACAACCTCCTCAGA,1,3704976
tolCp1,2.0,1,0,CTGTAAGGCCTGTGACCATA,1,3685446
tolCp1,2.0,1,0,CTGTAAAATTGGGGTCTACC,1,3663978
tolCp1,2.0,1,0,CTGGTGAGTCCACCCCGGTC,1,3679700
tolCp1,2.0,1,0,CTGGTCCAATACGTCTGTCT,1,3695105
tolCp1,2.0,1,0,CTGGCTTGGCTGATTCACAC,1,3705904
tolCp1,2.0,1,0,CTGGCCTCGCGCCCTGCAAG,1,3712260
tolCp1,2.0,1,0,CTGGCCCCATATAGCAGTAT,1,3691035
tolCp1,2.0,1,0,CTGGCCAGGAACTGGCATCC,1,3670461
tolCp1,2.0,1,0,CTGCTATCGGGGAATTCTGC,1,3692939
tolCp1,2.0,1,0,CTGCTACACCGTGTGTAGAC,1,3690533
tolCp1,2.0,1,0,CTGCGTTCGGGTTTCTTAGG,1,3702511
tolCp1,2.0,1,0,CTGCCCAAGGTACACTGGCC,1,3703845
tolCp1,2.0,1,0,CTGCATTAGGTAAGGTGAAG,1,3668508
tolCp1,2.0,1,0,CTGCACGAAGCCTTATGGTT,1,3661260
tolCp1,2.0,1,0,CTGATTCGTTATATGGTGTC,1,3678835
tolCp1,2.0,1,0,CTGATTACCTCGCGGTAGCT,1,3692702
tolCp1,2.0,1,0,CTGAGGCTAAGCCTTTCGTA,1,3708308
tolCp1,2.0,1,0,CTCTCGTAAATTGATGATTC,1,3693039
tolCp1,2.0,1,0,CTCTCAGAAACTATCAAGCC,1,3694991
tolCp1,2.0,1,0,CTCTACGCCGTCCTACAACC,1,3696675
tolCp1,2.0,1,0,CTCTAACACTGCTGGAAAAG,1,3696885
tolCp1,2.0,1,0,CTCGTTGTTATTGCTGTATC,1,3670570
tolCp1,2.0,1,0,CTCGGGTCGAAAAAGATTCA,1,3699131
tolCp1,2.0,1,0,CTCGCCAGTGGACAAATGTA,1,3712722
tolCp1,2.0,1,0,CTCGATTAAACATTCCTCAA,1,3713704
tolCp1,2.0,1,0,CTCGATAACTGGTAGCTACA,1,3675020
tolCp1,2.0,1,0,CTCGAATAGATGACCGTGGC,1,3710015
tolCp1,2.0,1,0,CTCGAAGGGAGAGCATGTTG,1,3711921
tolCp1,2.0,1,0,CTCCTGAGAAAAAGGCCAGG,1,3700016
tolCp1,2.0,1,0,CTCCGTTGGTGTTAGCGCGG,1,3670605
tolCp1,2.0,1,0,CTCCGCAAGCCACCAGTGAA,1,3679480
tolCp1,2.0,1,0,CTCCCCTTGCGCGTTATAAA,1,3686718
tolCp1,2.0,1,0,CTCCCATTAATACTCGTTAA,1,3680270
tolCp1,2.0,1,0,CTCCAGGAGTGTATGCGCTT,1,3686380
tolCp1,2.0,1,0,CTCCACTGCTTAAAAGACAT,1,3667687
tolCp1,2.0,1,0,CTCCACAAAAATCCATTACC,1,3673789
tolCp1,2.0,1,0,CTCAGACGGGTCTAGGGGGG,1,3703750
tolCp1,2.0,1,0,CTCACGATCTGGGAACCTTG,1,3666222
tolCp1,2.0,1,0,CTCACCAGGGCACTCAGTGT,1,3684793
tolCp1,2.0,1,0,CTCAAAACGATTTTTGGTTC,1,3675725
tolCp1,2.0,1,0,CTATTTGTCATGACCGATAA,1,3708276
tolCp1,2.0,1,0,CTATTGGCCAGATTACAACG,1,3665689
tolCp1,2.0,1,0,CTATTCAGAATAGGATGGTA,1,3671150
tolCp1,2.0,1,0,CTATCTATCATCGAGTTTCG,1,3680586
tolCp1,2.0,1,0,CTATAGGCACTATCCGGGGT,1,3674298
tolCp1,2.0,1,0,CTATAAACATCGTGTAAGGA,1,3663137
tolCp1,2.0,1,0,CTAGTAAGCTTTGCATCTAA,1,3703580
tolCp1,2.0,1,0,CTAGGCCGTTTAGCACGAAA,1,3684028
tolCp1,2.0,1,0,CTAGATCCTTGTAGTACAGG,1,3682549
tolCp1,2.0,1,0,CTAGAATATTCGCCATCTCC,1,3681834
tolCp1,2.0,1,0,CTACTATGTACTGTTCCCAA,1,3689087
tolCp1,2.0,1,0,CTACCGTGGCGACAATTAAA,1,3696972
tolCp1,2.0,1,0,CTACAGATGCACTGTTAATG,1,3666211
tolCp1,2.0,1,0,CTACACGAGGGCATTGCTCT,1,3665455
tolCp1,2.0,1,0,CTACAATGCAGGCGTCCCCC,1,3675647
tolCp1,2.0,1,0,CTACAAAGGCTCCGGGTTGT,1,3715271
tolCp1,2.0,1,0,CTAAGGCAGATGTTCTAACT,1,3694209
tolCp1,2.0,1,0,CTAAGCCGGCCTCAACAACC,1,3706131
tolCp1,2.0,1,0,CTAAACCTTTATAGATCCCT,1,3694675
tolCp1,2.0,1,0,CTAAAATCCGACCTCCAACC,1,3706249
tolCp1,2.0,1,0,CGTTTTGAGAAAACTGTCTA,1,3678643
tolCp1,2.0,1,0,CGTTTAATGGCCCTCCCTTT,1,3686773
tolCp1,2.0,1,0,CGTTGTCAAGTTAGAGATCA,1,3671357
tolCp1,2.0,1,0,CGTTCTCCGGCACGCGGTTG,1,3703454
tolCp1,2.0,1,0,CGTTCGTCGAAACCTAGAGA,1,3663595
tolCp1,2.0,1,0,CGTTCCCCCCGCGGTAATAT,1,3690635
tolCp1,2.0,1,0,CGTTCATTCACGCCTTTCTG,1,3703712
tolCp1,2.0,1,0,CGTTATGTACCCCAAACTTT,1,3678524
tolCp1,2.0,1,0,CGTTAGACTCTAAAGGGAAT,1,3666133
tolCp1,2.0,1,0,CGTTACCCTGATCTAAACTA,1,3689885
tolCp1,2.0,1,0,CGTGGATGCCCGCGGGACAA,1,3712478
tolCp1,2.0,1,0,CGTGCTTATCGGCCTCTACT,1,3672802
tolCp1,2.0,1,0,CGTGAGTAAGGGATGAAGTG,1,3703295
tolCp1,2.0,1,0,CGTCTCGGAGAGAGCGTATC,1,3678695
tolCp1,2.0,1,0,CGTCTAAGCTCTACCGTCGC,1,3679559
tolCp1,2.0,1,0,CGTCGTAATACGTGTTATCA,1,3675765
tolCp1,2.0,1,0,CGTCCGAAAGCCTTGGTCCG,1,3681572
tolCp1,2.0,1,0,CGTCACGGATTTACCTTCCT,1,3689969
tolCp1,2.0,1,0,CGTATTCTCGTGTAATAAAC,1,3669688
tolCp1,2.0,1,0,CGTAGTTCATGCTGATCAAC,1,3669335
tolCp1,2.0,1,0,CGTAGCAGGCTGAGCGGTTT,1,3679199
tolCp1,2.0,1,0,CGTACTTGGAGAAACAGATT,1,3689544
tolCp1,2.0,1,0,CGTACCGCGGGGTCCTAGAA,1,3689155
tolCp1,2.0,1,0,CGTACAGGAGGTAGGGTTTT,1,3702152
tolCp1,2.0,1,0,CGTACAAGCAATATCATGGC,1,3705139
tolCp1,2.0,1,0,CGTAAGCCCGATCATGGTTA,1,3683007
tolCp1,2.0,1,0,CGTAAAGGGTGTCAGGATGG,1,3676398
tolCp1,2.0,1,0,CGTAAAGCGCCCAGGTACCT,1,3662978
tolCp1,2.0,1,0,CGTAAACGTCGCTCCACAGC,1,3698902
tolCp1,2.0,1,0,CGGTTCCTCCGCTCCATGTG,1,3693782
tolCp1,2.0,1,0,CGGTTCATAGGAATGCTCCA,1,3714793
tolCp1,2.0,1,0,CGGTGTCTCCTCTACCGGCG,1,3697902
tolCp1,2.0,1,0,CGGTCTCAGTAGCCTTCGAT,1,3679967
tolCp1,2.0,1,0,CGGGTTTCCTTTCGTTGGTA,1,3682382
tolCp1,2.0,1,0,CGGGTGTTCGGGCACCCCCT,1,3682398
tolCp1,2.0,1,0,CGGGTCCGGGAGGCTACGGG,1,3676552
tolCp1,2.0,1,0,CGGGTAGTCAGGTCACCAAT,1,3678700
tolCp1,2.0,1,0,CGGGTACTGAGGCAGGAAGG,1,3668978
tolCp1,2.0,1,0,CGGGCAAGCAAGACGTTTTC,1,3666512
tolCp1,2.0,1,0,CGGGATACCATTTATATTCG,1,3688214
tolCp1,2.0,1,0,CGGCTGTTGCACGGGTCTCG,1,3661844
tolCp1,2.0,1,0,CGGCTGACCGGACTGTATTA,1,3698947
tolCp1,2.0,1,0,CGGCTCGGGGGGCTTGCGTT,1,3686210
tolCp1,2.0,1,0,CGGCTCAAGACGCACGTGTA,1,3662568
tolCp1,2.0,1,0,CGGCTATAAACTAATGACCC,1,3689012
tolCp1,2.0,1,0,CGGCTACAACTATGAGTGTA,1,3706083
tolCp1,2.0,1,0,CGGCGTCTAGATTTCTTCCT,1,3684055
tolCp1,2.0,1,0,CGGCGTATTCAGGCCCTAGT,1,3714451
tolCp1,2.0,1,0,CGGCGCGACGAACGATGTAA,1,3713620
tolCp1,2.0,1,0,CGGCGAGCCCCTAGCATGGC,1,3682144
tolCp1,2.0,1,0,CGGCCAGCAATAGAGCGAAA,1,3667367
tolCp1,2.0,1,0,CGGATGAGTGACGATTCTGT,1,3670171
tolCp1,2.0,1,0,CGGAGGACCTTGAACTGCGT,1,3688575
tolCp1,2.0,1,0,CGGAAATCCCGCTGTCAAAC,1,3712100
tolCp1,2.0,1,0,CGCTTGTCCTTGGGCTTTCC,1,3713231
tolCp1,2.0,1,0,CGCTTCTTTCCCTTCGCACA,1,3686525
tolCp1,2.0,1,0,CGCTTACGCATCTCACGGGC,1,3708881
tolCp1,2.0,1,0,CGCTGGAATTCGTTTTCTTA,1,3668650
tolCp1,2.0,1,0,CGCTCATGTCCGAAGCGTGG,1,3671096
tolCp1,2.0,1,0,CGCTACCCTACCCAGCTTCA,1,3668952
tolCp1,2.0,1,0,CGCGTCGTATATCTATTTCG,1,3699569
tolCp1,2.0,1,0,CGCGTCACGTCGCCGAATCC,1,3705558
tolCp1,2.0,1,0,CGCGTCACCCGCGACGTGGC,1,3702274
tolCp1,2.0,1,0,CGCGTAATCGGGACATGGAA,1,3689017
tolCp1,2.0,1,0,CGCGGGGCCTAGCGGCAGTT,1,3675642
tolCp1,2.0,1,0,CGCGCGACCCGGTGGTCTCT,1,3696306
tolCp1,2.0,1,0,CGCGAAGAGTGTGTATCTCG,1,3664667
tolCp1,2.0,1,0,CGCCTTCGCTAGACCGCCAT,1,3696846
tolCp1,2.0,1,0,CGCCTGCTACTTGAGTTCCC,1,3676100
tolCp1,2.0,1,0,CGCCTGAGAATCGTACTGCA,1,3697830
tolCp1,2.0,1,0,CGCCTATCCTACGACTATGT,1,3669292
tolCp1,2.0,1,0,CGCCGCGCGTAGAGACCGAT,1,3695599
tolCp1,2.0,1,0,CGCCGACAACTCCACACCAA,1,3706711
tolCp1,2.0,1,0,CGCCCTACTGGAGCGTCTTG,1,3673993
tolCp1,2.0,1,0,CGCCCGAAATTTTATAGAAC,1,3663402
tolCp1,2.0,1,0,CGCCCATCGTGTCCAGGAGG,1,3700022
tolCp1,2.0,1,0,CGCCACGAGAACGAAGTCAA,1,3712825
tolCp1,2.0,1,0,CGCATTCTTGTGGCCGTACT,1,3685913
tolCp1,2.0,1,0,CGCATCGGGCCAAGCCGCCG,1,3685507
tolCp1,2.0,1,0,CGCATCCGTATCCAATACTA,1,3711857
tolCp1,2.0,1,0,CGCAGGGCTGCAGCGGTAGT,1,3681584
tolCp1,2.0,1,0,CGCACGGGGGGGACAGCATG,1,3685909
tolCp1,2.0,1,0,CGATTTCCTAACAGTGCTTA,1,3668379
tolCp1,2.0,1,0,CGATTGGGTAGATTATCGTC,1,3707589
tolCp1,2.0,1,0,CGATGCAGGGTACCATAATG,1,3686374
tolCp1,2.0,1,0,CGATCTAGACCATGCAAGGA,1,3661862
tolCp1,2.0,1,0,CGATATAGTAACAGCTGTTT,1,3690972
tolCp1,2.0,1,0,CGAGTGCCCCGTTGGCCCTA,1,3705985
tolCp1,2.0,1,0,CGAGCTGGACTGCCTTCCTG,1,3677242
tolCp1,2.0,1,0,CGAGCGTGATTGTTTTACTC,1,3709337
tolCp1,2.0,1,0,CGAGCGTATCCGGGTTAAGA,1,3704220
tolCp1,2.0,1,0,CGAGCAGCGTCTCAGGGCGT,1,3699049
tolCp1,2.0,1,0,CGACTGAGCGCGGTTGCATC,1,3678210
tolCp1,2.0,1,0,CGACGGTCAACCGACTGCTT,1,3676364
tolCp1,2.0,1,0,CGACCGACCGGTATCGATAG,1,3663793
tolCp1,2.0,1,0,CGACCCACATAGAGCAGGGA,1,3661402
tolCp1,2.0,1,0,CGACATGCATTGATGTTCAA,1,3680201
tolCp1,2.0,1,0,CGACATACTGCGGACGTTTG,1,3695650
tolCp1,2.0,1,0,CGACACTAACCTGCAAAACT,1,3715534
tolCp1,2.0,1,0,CGAATGGGCCTTTGTTTTAA,1,3677125
tolCp1,2.0,1,0,CGAACCATCAAGCATCTGCT,1,3685683
tolCp1,2.0,1,0,CGAACACGTAGTAGCGGATT,1,3676979
tolCp1,2.0,1,0,CGAAACCGCTATTCATCATT,1,3669748
tolCp1,2.0,1,0,CGAAAAGATGGTTAGCGGTC,1,3693504
tolCp1,2.0,1,0,CCTTTCTTTTCGCTCCTCCC,1,3713857
tolCp1,2.0,1,0,CCTTTCGTCTGGTCAGGGAG,1,3678259
tolCp1,2.0,1,0,CCTTGTCACCGCAGTCGGGT,1,3714074
tolCp1,2.0,1,0,CCTTGGGGGGTTCGCTGCTT,1,3688979
tolCp1,2.0,1,0,CCTTCATACCCACAAAACGC,1,3705167
tolCp1,2.0,1,0,CCTTAGGCACCTGTCGGCTT,1,3679630
tolCp1,2.0,1,0,CCTTACCAGGCATTGGCCAG,1,3663260
tolCp1,2.0,1,0,CCTTACATACACGCGACTGG,1,3688327
tolCp1,2.0,1,0,CCTTAACGCATGCCGTATAT,1,3667682
tolCp1,2.0,1,0,CCTGTTTTTTTCAGGGTTTT,1,3687573
tolCp1,2.0,1,0,CCTGTCTGGCTGCTTAAATT,1,3686627
tolCp1,2.0,1,0,CCTGGGAAGAACACCCCAAA,1,3698097
tolCp1,2.0,1,0,CCTGCCATCTGAGTCGTTGG,1,3691545
tolCp1,2.0,1,0,CCTGAACCTCCTACTAAGAG,1,3665394
tolCp1,2.0,1,0,CCTCTGTGTATTTCAATCCA,1,3684086
tolCp1,2.0,1,0,CCTCTGGAACCTTTTGCAGG,1,3673330
tolCp1,2.0,1,0,CCTCGTTTGAACTGGAAGAA,1,3714258
tolCp1,2.0,1,0,CCTCGGTAGATGCCTACCCA,1,3703419
tolCp1,2.0,1,0,CCTCGGCGAATAGCTACATT,1,3685247
tolCp1,2.0,1,0,CCTCCGTCTGCCGTGAACCA,1,3661270
tolCp1,2.0,1,0,CCTCAATCTCCGTGAGTTAT,1,3676330
tolCp1,2.0,1,0,CCTCAACGCAAAGCATACAC,1,3704840
tolCp1,2.0,1,0,CCTATGCGCCCCCGGTCATG,1,3662195
tolCp1,2.0,1,0,CCTATCGCCTTGACTCTTCT,1,3710483
tolCp1,2.0,1,0,CCTACTAACTTATCGGTTGT,1,3668621
tolCp1,2.0,1,0,CCTACGCATGTTTTATCTGC,1,3665489
tolCp1,2.0,1,0,CCTACCTCATAAAAATGTCG,1,3687928
tolCp1,2.0,1,0,CCGTGTTAAGCTATACTTCA,1,3667104
tolCp1,2.0,1,0,CCGTGGAGATCCTATGACGC,1,3678166
tolCp1,2.0,1,0,CCGTAGGCTATGGTTCATGC,1,3700216
tolCp1,2.0,1,0,CCGTAGGATTGAAAAGCATC,1,3661189
tolCp1,2.0,1,0,CCGGTTCGTGGAGGATATGG,1,3682381
tolCp1,2.0,1,0,CCGGTTCATTCTTTGATCAT,1,3662960
tolCp1,2.0,1,0,CCGGGTACATATACTTTCAT,1,3693081
tolCp1,2.0,1,0,CCGGGGAGTAGTCAGTCTAA,1,3699433
tolCp1,2.0,1,0,CCGGATAGGCAACTCTGCTT,1,3663645
tolCp1,2.0,1,0,CCGCTGGCATGTATACCCGT,1,3711022
tolCp1,2.0,1,0,CCGCGGTGGACCACCATATT,1,3668023
tolCp1,2.0,1,0,CCGCGAATACGTTGCTCCAG,1,3704691
tolCp1,2.0,1,0,CCGCCATATGACATGGTTTA,1,3710270
tolCp1,2.0,1,0,CCGCAAGCCAGTACCCTTAT,1,3701738
tolCp1,2.0,1,0,CCGAGGGAATATCAGCAACA,1,3671963
tolCp1,2.0,1,0,CCGAATGCACGTATAATTAC,1,3676477
tolCp1,2.0,1,0,CCGAACGCTAGCTTAATCCT,1,3697484
tolCp1,2.0,1,0,CCCTTGGTACGTAACACAGG,1,3679677
tolCp1,2.0,1,0,CCCTGAGAATAGAACCTCGG,1,3709766
tolCp1,2.0,1,0,CCCTCCATCGGCGAGGAGGC,1,3671494
tolCp1,2.0,1,0,CCCTATTACCGTCATGCAGG,1,3701247
tolCp1,2.0,1,0,CCCGTGTGGTATGGCGTGGC,1,3699536
tolCp1,2.0,1,0,CCCGTACAGGCGGCGCTAAG,1,3672767
tolCp1,2.0,1,0,CCCGTACACGAGGCAGTAAA,1,3690892
tolCp1,2.0,1,0,CCCGGGTGGTACAATATGCA,1,3687223
tolCp1,2.0,1,0,CCCGCTTATCGGTCGCCATC,1,3662420
tolCp1,2.0,1,0,CCCCTTGGAATTCACAAACT,1,3665296
tolCp1,2.0,1,0,CCCCGTGCATCGTTGACTCT,1,3700040
tolCp1,2.0,1,0,CCCCGTCTCGGCTTTATTCG,1,3699603
tolCp1,2.0,1,0,CCCCGAGCCGGATCGTTCGG,1,3694167
tolCp1,2.0,1,0,CCCCCAGGTGCAGCATTTAG,1,3669407
tolCp1,2.0,1,0,CCCATCACGGTTTTGGCGTC,1,3676878
tolCp1,2.0,1,0,CCCAGGGCAAAGCTCCTCCT,1,3708390
tolCp1,2.0,1,0,CCCAGAACGCAGTTACTAGG,1,3678159
tolCp1,2.0,1,0,CCCACTAAGCGTTAAGACAA,1,3682565
tolCp1,2.0,1,0,CCCAAGAGCGAGGGACCTGC,1,3714485
tolCp1,2.0,1,0,CCCAACAGAGACTAGACTTT,1,3700882
tolCp1,2.0,1,0,CCATTTGTTAAGTTCCGTTT,1,3693326
tolCp1,2.0,1,0,CCATTGGTAAACCGAATTGG,1,3699377
tolCp1,2.0,1,0,CCATTCTTGCGCCAGCACCC,1,3713927
tolCp1,2.0,1,0,CCATTAAGGGGCGCGGTTTG,1,3684357
tolCp1,2.0,1,0,CCATGCCATCACGAGCTAAG,1,3701433
tolCp1,2.0,1,0,CCATGAGTGAATACTCAGCA,1,3711602
tolCp1,2.0,1,0,CCATCGTCCAATGTGGTGTT,1,3670530
tolCp1,2.0,1,0,CCATCGGCTAGATAATGGGT,1,3680540
tolCp1,2.0,1,0,CCATCAGGACGTATATAAAT,1,3681962
tolCp1,2.0,1,0,CCATCACGTCCCCTTTGTAA,1,3688266
tolCp1,2.0,1,0,CCATACCGTGTCGCTCAAGG,1,3696056
tolCp1,2.0,1,0,CCAGTTAGGCGGTATTGGTT,1,3684636
tolCp1,2.0,1,0,CCAGTGGTAATGTTCCCGAC,1,3704645
tolCp1,2.0,1,0,CCAGTATAGGGCCGATAGTG,1,3671134
tolCp1,2.0,1,0,CCAGCTAACGTGAACAATGG,1,3663702
tolCp1,2.0,1,0,CCAGAATATGCTCGACTGTA,1,3694829
tolCp1,2.0,1,0,CCACTGCATGGTACGTTAAT,1,3683781
tolCp1,2.0,1,0,CCACTATCGGGTAGCGCATA,1,3712413
tolCp1,2.0,1,0,CCACCTGGATCTGGAGCATT,1,3668288
tolCp1,2.0,1,0,CCACCGCACACACTCTGCAT,1,3688160
tolCp1,2.0,1,0,CCACAATTACTCTTGATCTT,1,3679638
tolCp1,2.0,1,0,CCAATAGTCAGTTCAATCGC,1,3671348
tolCp1,2.0,1,0,CCAAGTTGGATGCGAGCGTG,1,3684647
tolCp1,2.0,1,0,CCAACGTGTCTCGTACAAGG,1,3696534
tolCp1,2.0,1,0,CCAACATATAAGTAGGTAGA,1,3688048
tolCp1,2.0,1,0,CCAAAACTATGGGCGCCCTT,1,3714809
tolCp1,2.0,1,0,CATTTGGCTATGGCCGACTT,1,3708568
tolCp1,2.0,1,0,CATTTGAGACAATACTGATC,1,3715369
tolCp1,2.0,1,0,CATTTCTCGTTGCCGGTGGT,1,3664648
tolCp1,2.0,1,0,CATTATATCTATCGGGACTC,1,3683256
tolCp1,2.0,1,0,CATGTGGCATTTTTTATTAA,1,3682035
tolCp1,2.0,1,0,CATGGGGGGGCTTTCTTCGC,1,3691690
tolCp1,2.0,1,0,CATGGCAAGCTTTCTCGGAG,1,3692753
tolCp1,2.0,1,0,CATGCCCGGTGGAGCGATCA,1,3677643
tolCp1,2.0,1,0,CATGCCACCCACGTCTTCAC,1,3689539
tolCp1,2.0,1,0,CATGATTGGAGCTCCAAGTG,1,3681337
tolCp1,2.0,1,0,CATCTTACGGCATAGAAGCA,1,3669542
tolCp1,2.0,1,0,CATCTCCTAGCTGATTGATA,1,3682603
tolCp1,2.0,1,0,CATCGGTCCCTTAGCTATAC,1,3699050
tolCp1,2.0,1,0,CATCGAATTTCTAATCCCCA,1,3663929
tolCp1,2.0,1,0,CATCGAAAAGTGAGCAAACT,1,3676974
tolCp1,2.0,1,0,CATCATCATTCCTTGGACAC,1,3679272
tolCp1,2.0,1,0,CATATTATGTTTCGCTATTA,1,3699606
tolCp1,2.0,1,0,CATAGGAAGATCGAACATTG,1,3665523
tolCp1,2.0,1,0,CATACCTAGCATTATCACGG,1,3701937
tolCp1,2.0,1,0,CATACATGGTAGGTACTGTC,1,3667785
tolCp1,2.0,1,0,CATAAGGAGGCTTCACTGAT,1,3709378
tolCp1,2.0,1,0,CATAAGAGCCCGAACGAGAT,1,3663553
tolCp1,2.0,1,0,CATAAGAGATTGTTCTCCAA,1,3675250
tolCp1,2.0,1,0,CATAAATAAGAGTATGGTAA,1,3664941
tolCp1,2.0,1,0,CAGTTGTAGCTGGGCCGTGC,1,3709889
tolCp1,2.0,1,0,CAGTTACCATACTCGCGGAG,1,3697701
tolCp1,2.0,1,0,CAGTGCGGGATCGACCTTCC,1,3672325
tolCp1,2.0,1,0,CAGTCTGAGAATATATACCC,1,3677171
tolCp1,2.0,1,0,CAGTCGTGCCTTTCGTATGC,1,3697016
tolCp1,2.0,1,0,CAGTCAACTTAGTGTCTCAC,1,3681680
tolCp1,2.0,1,0,CAGGTGCTACGCGTACAACT,1,3704690
tolCp1,2.0,1,0,CAGGTGCCAGGTCTCCTAGC,1,3668547
tolCp1,2.0,1,0,CAGGGTGAAATAAGTGCAAC,1,3664560
tolCp1,2.0,1,0,CAGGCTGTCGTTAATGCAAG,1,3708128
tolCp1,2.0,1,0,CAGGAACTGGCTTCTGAACG,1,3703343
tolCp1,2.0,1,0,CAGCTCCAGGATGATGCACA,1,3682247
tolCp1,2.0,1,0,CAGCGCTGGGCGTCCCACAA,1,3694003
tolCp1,2.0,1,0,CAGCGACGCCGAGGTTCAAT,1,3678495
tolCp1,2.0,1,0,CAGCCCGCCAATTAGAGACA,1,3699769
tolCp1,2.0,1,0,CAGCAGAGGTGTCCGATTAC,1,3669377
tolCp1,2.0,1,0,CAGCAATGGTATACGGAGCA,1,3687544
tolCp1,2.0,1,0,CAGCAAGTGCCTATGAGAAG,1,3675703
tolCp1,2.0,1,0,CAGAGGACCCTAATCGGGGT,1,3700952
tolCp1,2.0,1,0,CAGACACTGGCCCCCTGTCA,1,3661258
tolCp1,2.0,1,0,CACTTCGTGAGCAGCGTCCA,1,3662024
tolCp1,2.0,1,0,CACTTATATTGCGTTATCGA,1,3696060
tolCp1,2.0,1,0,CACTTACCACAATACGTGTG,1,3710829
tolCp1,2.0,1,0,CACTGTTTGCGTGGCAGAAA,1,3676083
tolCp1,2.0,1,0,CACTCCCACCGGCTTATAGT,1,3680805
tolCp1,2.0,1,0,CACGGTTACTGGCTGGTCGG,1,3674212
tolCp1,2.0,1,0,CACGGGACTCAACGCATCCA,1,3678750
tolCp1,2.0,1,0,CACGGCTCATAAGTAGGGTT,1,3707870
tolCp1,2.0,1,0,CACGATCCGGACACGGACAA,1,3688839
tolCp1,2.0,1,0,CACGATCCGCAAATGTATCC,1,3673387
tolCp1,2.0,1,0,CACCGTACAGAACCCGTTGC,1,3675681
tolCp1,2.0,1,0,CACCGGTTTGCGTTCCCTGG,1,3703410
tolCp1,2.0,1,0,CACCCCGTCAGAGTTAACAT,1,3680411
tolCp1,2.0,1,0,CACCAAGGGTCGAAGTTTAA,1,3687434
tolCp1,2.0,1,0,CACATCTAGCCCGTGCTGTC,1,3665245
tolCp1,2.0,1,0,CACAGTGGAACCTCGCGATC,1,3707672
tolCp1,2.0,1,0,CACACATTGACGAATGGGCT,1,3678220
tolCp1,2.0,1,0,CACAAGGCAAGTGACCGAGG,1,3664700
tolCp1,2.0,1,0,CAATCCTCAAAAACTCTAAC,1,3692459
tolCp1,2.0,1,0,CAATCCCAGACTGCAACATG,1,3678014
tolCp1,2.0,1,0,CAATCAGAAGGAGGACTCCA,1,3679411
tolCp1,2.0,1,0,CAAGGTTCATTGATAGGCTG,1,3692085
tolCp1,2.0,1,0,CAAGGTAACGTGATTTTTAG,1,3679068
tolCp1,2.0,1,0,CAAGCTATCAATTATCAAGT,1,3693038
tolCp1,2.0,1,0,CAAGCGGCCTACGAGGTGCG,1,3666265
tolCp1,2.0,1,0,CAAGAAAGCATGCATTAAAC,1,3682515
tolCp1,2.0,1,0,CAACGTATCTACGTTTGTAA,1,3664602
tolCp1,2.0,1,0,CAACGCCTCTAGTGTAACTT,1,3708544
tolCp1,2.0,1,0,CAACGAATGGATCGAAATGG,1,3664184
tolCp1,2.0,1,0,CAACCTCGGTGATTTAATTC,1,3672943
tolCp1,2.0,1,0,CAACCGGGTAGTATTCCTCA,1,3702802
tolCp1,2.0,1,0,CAACCATTCCGTAACGTTCG,1,3678162
tolCp1,2.0,1,0,CAACAGAATTCGTGCAAGTT,1,3690403
tolCp1,2.0,1,0,CAAACGCCGGAAATTTCATG,1,3692871
tolCp1,2.0,1,0,ATTTTTAGGTTTCTAAAGGT,1,3709004
tolCp1,2.0,1,0,ATTTGTAGGAGTGATAGCTG,1,3670567
tolCp1,2.0,1,0,ATTTCTATTAGTAGGGTTAT,1,3683566
tolCp1,2.0,1,0,ATTTCAGATAGTGGATAGGC,1,3704743
tolCp1,2.0,1,0,ATTTATGATGACACCAGGAT,1,3665897
tolCp1,2.0,1,0,ATTTAACGCCCCTTGTGGCA,1,3676796
tolCp1,2.0,1,0,ATTGGTTGAGAAGGGTCATG,1,3661569
tolCp1,2.0,1,0,ATTGGTTCATCATCATCTTC,1,3677606
tolCp1,2.0,1,0,ATTGGGGAGAGCCCCTTCGG,1,3678246
tolCp1,2.0,1,0,ATTGCCCGCAATAGCCTTAC,1,3662815
tolCp1,2.0,1,0,ATTGCATAAGTGTATGTGTG,1,3689342
tolCp1,2.0,1,0,ATTGCAGATGGGTGATACTA,1,3676070
tolCp1,2.0,1,0,ATTCTGTTAGCTATCCGAAC,1,3694783
tolCp1,2.0,1,0,ATTCTGGTAGTTCTCACCGG,1,3678215
tolCp1,2.0,1,0,ATTCTCCCATTAGATCCTAT,1,3682752
tolCp1,2.0,1,0,ATTCTCAGAAGTTTACAAAC,1,3685986
tolCp1,2.0,1,0,ATTCTACCAGACGTGGCCAC,1,3669396
tolCp1,2.0,1,0,ATTCGGTATTGGTTTCGGTT,1,3676949
tolCp1,2.0,1,0,ATTAGGAGCTTGGGAAATTA,1,3691891
tolCp1,2.0,1,0,ATTACCCGATCGTAGGACAT,1,3675598
tolCp1,2.0,1,0,ATTACATTAAACCCATTCAT,1,3696964
tolCp1,2.0,1,0,ATTAACGTCACTGTTCATCT,1,3687382
tolCp1,2.0,1,0,ATGTTCGGACCTGCATCGCA,1,3661180
tolCp1,2.0,1,0,ATGTTAATCGTTGGTCCACT,1,3705384
tolCp1,2.0,1,0,ATGTTAACGTCTCTCATCTT,1,3705635
tolCp1,2.0,1,0,ATGTGGAATTCCCGAACTCG,1,3703715
tolCp1,2.0,1,0,ATGTGAAAGTTCTGCTTCTA,1,3671381
tolCp1,2.0,1,0,ATGTCTGTTGCTGGATGACA,1,3691903
tolCp1,2.0,1,0,ATGTCACGCGGGTAATTATC,1,3712512
tolCp1,2.0,1,0,ATGGTGAGCAAGGTTGTCAA,1,3663466
tolCp1,2.0,1,0,ATGGGAGCCGGGGGTCCTTG,1,3695094
tolCp1,2.0,1,0,ATGGCCATTCTCAGGAGATC,1,3674782
tolCp1,2.0,1,0,ATGGCCACGCTGGTTTGCGG,1,3700591
tolCp1,2.0,1,0,ATGGCAGATGTCTTGGCGTA,1,3684437
tolCp1,2.0,1,0,ATGGAGGGCTAATTATAAGC,1,3689014
tolCp1,2.0,1,0,ATGCGTCTAAGGTAATGCAA,1,3694283
tolCp1,2.0,1,0,ATGCGGCACAAGGGAAGTTG,1,3664224
tolCp1,2.0,1,0,ATGCGGAAGGTTTGTACTTA,1,3689018
tolCp1,2.0,1,0,ATGCCTTTCGTCTAGGTGTG,1,3675569
tolCp1,2.0,1,0,ATGCCAAATTGCGTATTAAA,1,3687258
tolCp1,2.0,1,0,ATGCATCTCCAGAATGCCTA,1,3701662
tolCp1,2.0,1,0,ATGCACGGCTTGGGAATGAT,1,3695619
tolCp1,2.0,1,0,ATGAGCCTAGCCTGGATGCT,1,3701713
tolCp1,2.0,1,0,ATGACCGCCGTTAAATGAAA,1,3711860
tolCp1,2.0,1,0,ATGAAGTGGCAGATGGTACG,1,3702104
tolCp1,2.0,1,0,ATGAAGACGGAGATTTGCTT,1,3691030
tolCp1,2.0,1,0,ATGAACGCGACCAAGGCGAT,1,3688274
tolCp1,2.0,1,0,ATCTTATGTATACAGGATCA,1,3671179
tolCp1,2.0,1,0,ATCTGTCTAATGCTCCGGTC,1,3675928
tolCp1,2.0,1,0,ATCTGATTACAACCTTGGGC,1,3680694
tolCp1,2.0,1,0,ATCTCTTGGTCTGTTAAGTG,1,3705583
tolCp1,2.0,1,0,ATCTCTAAGTCGATCGGGCT,1,3692943
tolCp1,2.0,1,0,ATCGTGGCATCTAACACGGT,1,3699130
tolCp1,2.0,1,0,ATCGTGAGTTGCGTTCGCCT,1,3689028
tolCp1,2.0,1,0,ATCGGGGCTGCTCGTGCACA,1,3664777
tolCp1,2.0,1,0,ATCGGCCGGTTGCCTCCCTA,1,3682047
tolCp1,2.0,1,0,ATCGGATTAGGCGCTCCCGA,1,3674666
tolCp1,2.0,1,0,ATCGCGTGGTTATCCTAAGA,1,3691569
tolCp1,2.0,1,0,ATCGCCTACCTTCCCTCTGA,1,3689842
tolCp1,2.0,1,0,ATCGAGCCCTTGGGTGAGGG,1,3666471
tolCp1,2.0,1,0,ATCGAGATGGGATTGAACGG,1,3676815
tolCp1,2.0,1,0,ATCCTTTGGAAACTAAAGAT,1,3706103
tolCp1,2.0,1,0,ATCCTCGTGCCTGTTTCGAA,1,3702226
tolCp1,2.0,1,0,ATCCGGTTTTGGGTTGTTCC,1,3662439
tolCp1,2.0,1,0,ATCCATTAACTTCTTCCGCT,1,3674639
tolCp1,2.0,1,0,ATCCAACAGGACTCGGCCAC,1,3663713
tolCp1,2.0,1,0,ATCATGGCAGGCGACCCATC,1,3679810
tolCp1,2.0,1,0,ATCACTCCTGTTGCTCTGTA,1,3684239
tolCp1,2.0,1,0,ATCACAGTCACGTTCGGCCT,1,3670958
tolCp1,2.0,1,0,ATCAAACTGATTTCTTTAGT,1,3675407
tolCp1,2.0,1,0,ATATTGGCAAAGAGTCACGA,1,3661529
tolCp1,2.0,1,0,ATATGTGCAAAGTGTCATGT,1,3671679
tolCp1,2.0,1,0,ATATGGTGCCACAACCGCTT,1,3684219
tolCp1,2.0,1,0,ATATGGGGCAGATTACACGG,1,3687937
tolCp1,2.0,1,0,ATATGCTGGACACATAGTGC,1,3715268
tolCp1,2.0,1,0,ATATGACTAGAAAAGTGGAG,1,3714390
tolCp1,2.0,1,0,ATATCATACAATCCAGCATG,1,3684756
tolCp1,2.0,1,0,ATATAGCCCGGCGTTGATTG,1,3686378
tolCp1,2.0,1,0,ATAGGTCTCTGACTGTCCTC,1,3676678
tolCp1,2.0,1,0,ATAGGTCCCCGATGCCCACA,1,3676328
tolCp1,2.0,1,0,ATAGGCGGAGTCCTGACCTA,1,3712645
tolCp1,2.0,1,0,ATAGGAAAAGCTGTTTGTCA,1,3704342
tolCp1,2.0,1,0,ATAGCGTTTCAAAATCTAAA,1,3697320
tolCp1,2.0,1,0,ATAGCCTGTTCCGGGTGACT,1,3666933
tolCp1,2.0,1,0,ATACTGACATGCGGGTACGC,1,3674628
tolCp1,2.0,1,0,ATACCCCCGTTGCATACTTT,1,3681544
tolCp1,2.0,1,0,ATACATCGCTTGGCATGGGA,1,3694275
tolCp1,2.0,1,0,ATAAGGCCAATCATCGGCAG,1,3691029
tolCp1,2.0,1,0,ATAAGAATCTTCGGCTTTAA,1,3685797
tolCp1,2.0,1,0,ATAAGAAGGATATACGGTCT,1,3715363
tolCp1,2.0,1,0,ATAACTTTTTTGTTGACTTA,1,3671829
tolCp1,2.0,1,0,ATAAAAACGTGGTTACTATG,1,3691758
tolCp1,2.0,1,0,AGTTTTCTCGGCTGAGTGAG,1,3673067
tolCp1,2.0,1,0,AGTTGTAAACAAGTCGTGAG,1,3690129
tolCp1,2.0,1,0,AGTTAGCTTCGTTACCCATG,1,3699952
tolCp1,2.0,1,0,AGTGGTCTTCGAACAGTTGT,1,3667649
tolCp1,2.0,1,0,AGTGCGTGCCGGGTTTAAGC,1,3684763
tolCp1,2.0,1,0,AGTGAAAACCAATTCCTGGA,1,3700475
tolCp1,2.0,1,0,AGTCCCACTTGGTCCTCAGG,1,3695464
tolCp1,2.0,1,0,AGTCAGAGTGGTTGCCATAG,1,3689186
tolCp1,2.0,1,0,AGTATCTGCGTGGTGTAAGT,1,3702302
tolCp1,2.0,1,0,AGTATCGGCTGGATAAGGTT,1,3690134
tolCp1,2.0,1,0,AGTAGTGACCCTTTCAGATT,1,3674431
tolCp1,2.0,1,0,AGTAAGTTGCAATCTAGAAG,1,3700446
tolCp1,2.0,1,0,AGTAAGGGTAACTCGAACAG,1,3664724
tolCp1,2.0,1,0,AGGTTACTTATCAGAGAGGT,1,3671801
tolCp1,2.0,1,0,AGGTCGTCTTCCAGTTCTAA,1,3692341
tolCp1,2.0,1,0,AGGTCGCAGTCTACAAACTA,1,3663773
tolCp1,2.0,1,0,AGGTCAATTGCACTTTACTC,1,3676483
tolCp1,2.0,1,0,AGGTAACGTCAGGGTGGAAA,1,3712382
tolCp1,2.0,1,0,AGGGTGTCTGGATTATGAGG,1,3669587
tolCp1,2.0,1,0,AGGGGGAGTAATGACATCGA,1,3715380
tolCp1,2.0,1,0,AGGGGCCGGTTATTCGATAA,1,3671858
tolCp1,2.0,1,0,AGGGGACTTACGCCTAGAAA,1,3711707
tolCp1,2.0,1,0,AGGGCTTGACAAAGAAAATT,1,3696058
tolCp1,2.0,1,0,AGGGCGTCTCCGTAAGTAAC,1,3714183
tolCp1,2.0,1,0,AGGGCGGACGGCAAACGATG,1,3711473
tolCp1,2.0,1,0,AGGGCATAGGTGGACTCAAG,1,3662816
tolCp1,2.0,1,0,AGGGATCTCGAGTCCTGAAT,1,3694052
tolCp1,2.0,1,0,AGGGATACTCCTTAATCCAA,1,3702114
tolCp1,2.0,1,0,AGGCTTATATAAGGCCTCAT,1,3711897
tolCp1,2.0,1,0,AGGCCGAGTACCAGCCGGGT,1,3679283
tolCp1,2.0,1,0,AGGCCCAATTCCCCCACTGC,1,3714187
tolCp1,2.0,1,0,AGGATTCTCAACACCGTAGT,1,3706945
tolCp1,2.0,1,0,AGGATGTATGTCCGGTGTAT,1,3705214
tolCp1,2.0,1,0,AGGAGTGCGCAGTGGGTTCG,1,3665661
tolCp1,2.0,1,0,AGGACGATCCCATTGTTAGT,1,3691275
tolCp1,2.0,1,0,AGGACGAGAGGTGCACAAGC,1,3708789
tolCp1,2.0,1,0,AGGAACATATCACTTCGATT,1,3697599
tolCp1,2.0,1,0,AGCTTCTTCTAGAAGGCGAT,1,3705923
tolCp1,2.0,1,0,AGCTTAGTGCGGTTAAGCCC,1,3706351
tolCp1,2.0,1,0,AGCTGGTCAGGACTGGCCCT,1,3692743
tolCp1,2.0,1,0,AGCTGAACTGGGTCCTGTAA,1,3693031
tolCp1,2.0,1,0,AGCTCTGTTACGGTAGGGTA,1,3711461
tolCp1,2.0,1,0,AGCTCCTAATGGGAAACCAT,1,3683689
tolCp1,2.0,1,0,AGCTCCCCCACTACCAAATT,1,3698322
tolCp1,2.0,1,0,AGCTATATGTTTATAGAGTG,1,3665821
tolCp1,2.0,1,0,AGCGTATGAAAAAAGTCACT,1,3711375
tolCp1,2.0,1,0,AGCGGCATAGGGAGACGCTT,1,3687448
tolCp1,2.0,1,0,AGCGGCAGCATACGCGGGAG,1,3682207
tolCp1,2.0,1,0,AGCGCTGCTGCAATCGCGTG,1,3668124
tolCp1,2.0,1,0,AGCGCACAGTGGGTATCTGT,1,3697023
tolCp1,2.0,1,0,AGCGACGTTTCTGTACAATC,1,3702193
tolCp1,2.0,1,0,AGCGAATGCACACAACTGAT,1,3669318
tolCp1,2.0,1,0,AGCCTTGTCCTGTGCCTTTG,1,3688069
tolCp1,2.0,1,0,AGCCTATCCTACGTAGGTGA,1,3696211
tolCp1,2.0,1,0,AGCCTACTAAATCTCGTTAT,1,3682563
tolCp1,2.0,1,0,AGCCCTCCAAAAGGGTCGTT,1,3663255
tolCp1,2.0,1,0,AGCCCCACGTTACATTCATG,1,3684065
tolCp1,2.0,1,0,AGCCATTGCTGACAGATGCC,1,3678624
tolCp1,2.0,1,0,AGCCATCTTTCGTTCACTCA,1,3663955
tolCp1,2.0,1,0,AGCATGGAGCCAGACTCTAT,1,3689543
tolCp1,2.0,1,0,AGCAGCTCTTTGAGTCTGGC,1,3692606
tolCp1,2.0,1,0,AGCACTGGGTAGCTCTAGTA,1,3669704
tolCp1,2.0,1,0,AGCACTCCAGTTTGAACTAG,1,3702173
tolCp1,2.0,1,0,AGCAACCGTATGAGTGGCAG,1,3708968
tolCp1,2.0,1,0,AGATTAGGATCCAAAACCGG,1,3684241
tolCp1,2.0,1,0,AGATGCTCTGGTGTTAGGTA,1,3678053
tolCp1,2.0,1,0,AGATCAGTTTGAGGGTGACA,1,3679284
tolCp1,2.0,1,0,AGATATCTACTTGTTACATT,1,3702363
tolCp1,2.0,1,0,AGATATCGCGCTATCAAGCT,1,3705818
tolCp1,2.0,1,0,AGAGTTGAGTACAACCACTG,1,3710376
tolCp1,2.0,1,0,AGAGTTCCGACCGAATAGAC,1,3676593
tolCp1,2.0,1,0,AGAGTGTTGCGACGTGAACA,1,3671092
tolCp1,2.0,1,0,AGAGTACCGCCCAGTCAGCA,1,3679631
tolCp1,2.0,1,0,AGAGGGTGATTTTTGGAGGG,1,3683972
tolCp1,2.0,1,0,AGAGAACCGGCTCAGGCGCT,1,3679899
tolCp1,2.0,1,0,AGACTTTGTACAATTGCAGA,1,3674638
tolCp1,2.0,1,0,AGACTTGCGCTACGGAAGTG,1,3702522
tolCp1,2.0,1,0,AGACACGGCCAAAAGAGACC,1,3663654
tolCp1,2.0,1,0,AGAATGCCGCGTGGCAGCGA,1,3690502
tolCp1,2.0,1,0,AGAAGGTACTGGAGCATGAA,1,3665872
tolCp1,2.0,1,0,AGAAGAAGCTAGCCCGGTTG,1,3694671
tolCp1,2.0,1,0,AGAACGAGGTGTCTAGAGTG,1,3666138
tolCp1,2.0,1,0,AGAACAATATGGATATACGT,1,3695263
tolCp1,2.0,1,0,AGAAACAGTGGTTACACGTT,1,3714085
tolCp1,2.0,1,0,ACTTTTGGGGGCATGTTGTT,1,3677192
tolCp1,2.0,1,0,ACTTTAAGATGCGAAGGGTG,1,3676832
tolCp1,2.0,1,0,ACTTGGGATAGGGGGGGATA,1,3687688
tolCp1,2.0,1,0,ACTTGGCACTGTGTTAACAC,1,3700767
tolCp1,2.0,1,0,ACTTCGTATATATTGCCATT,1,3668195
tolCp1,2.0,1,0,ACTTACACAGTGAAGGCAGA,1,3704366
tolCp1,2.0,1,0,ACTTAATCAGTTTTGGGTTA,1,3669984
tolCp1,2.0,1,0,ACTGGAGATGATTGGTTCGG,1,3683822
tolCp1,2.0,1,0,ACTGCGCTTATCTATAGTCT,1,3697979
tolCp1,2.0,1,0,ACTGCAGCACCTGTCAAATT,1,3662472
tolCp1,2.0,1,0,ACTGCACTCTACACTTACTC,1,3664748
tolCp1,2.0,1,0,ACTCTTAGCAGCTTGATCAG,1,3698052
tolCp1,2.0,1,0,ACTCTCTTACGCATTTAAAC,1,3690995
tolCp1,2.0,1,0,ACTCTCTGAGGCTGGGCACC,1,3698900
tolCp1,2.0,1,0,ACTCTCGCATTGCGTCTCAA,1,3672887
tolCp1,2.0,1,0,ACTCTCCAGCATCGCCCAAA,1,3672634
tolCp1,2.0,1,0,ACTCTCCAATATCGGCTCAC,1,3667315
tolCp1,2.0,1,0,ACTCTACCGTGGTTCCAGAG,1,3710463
tolCp1,2.0,1,0,ACTCGTTCTTTCAGCTGGTG,1,3670019
tolCp1,2.0,1,0,ACTCGGACATTCTTTCCGCA,1,3715429
tolCp1,2.0,1,0,ACTCCTATGGAGTGGTATTC,1,3699874
tolCp1,2.0,1,0,ACTCATGGTTCTGGCTGAGT,1,3668158
tolCp1,2.0,1,0,ACTCAATTTGCCAAGTTTAA,1,3709315
tolCp1,2.0,1,0,ACTCAACAGGCATATTGATA,1,3704499
tolCp1,2.0,1,0,ACTAGCTGCGGTTTACTTAC,1,3705394
tolCp1,2.0,1,0,ACTAGACTTATCATTAATCC,1,3698163
tolCp1,2.0,1,0,ACTACGAAAATCTAAAGTGA,1,3704992
tolCp1,2.0,1,0,ACTACCTACGAGCCCGGGGT,1,3709419
tolCp1,2.0,1,0,ACTAACGTGACCTAATTAGA,1,3674650
tolCp1,2.0,1,0,ACGTTGCAAATTAGTGACTC,1,3677198
tolCp1,2.0,1,0,ACGTTGACCGCCCGTCAAAA,1,3662473
tolCp1,2.0,1,0,ACGTTCCCCCTTGTGTCGAC,1,3680638
tolCp1,2.0,1,0,ACGTTCACATCGCGCCTATC,1,3671388
tolCp1,2.0,1,0,ACGTGTGGAATCTCGAACCA,1,3686908
tolCp1,2.0,1,0,ACGTGTGATACAAAAGCGAT,1,3704095
tolCp1,2.0,1,0,ACGTCTCCGTTGGGGCTATA,1,3692343
tolCp1,2.0,1,0,ACGTCCCGCGCGCACAGTGA,1,3694888
tolCp1,2.0,1,0,ACGTAACATTCCTACATACC,1,3697331
tolCp1,2.0,1,0,ACGGTTGCGGCGTAGCTCAA,1,3697918
tolCp1,2.0,1,0,ACGGTCTTACACGCTGAGAT,1,3709390
tolCp1,2.0,1,0,ACGGTAACTTTTGAACTTTT,1,3705647
tolCp1,2.0,1,0,ACGGGTGGCTCGAAAGGCCA,1,3672204
tolCp1,2.0,1,0,ACGGCACAGAAAATCGAATA,1,3685777
tolCp1,2.0,1,0,ACGGAGCATACTGGAGCTGT,1,3710341
tolCp1,2.0,1,0,ACGCTGGGTAACAGGAACGT,1,3670129
tolCp1,2.0,1,0,ACGCTCTTGACATAAGGCTG,1,3714391
tolCp1,2.0,1,0,ACGCTAGCGTAGCCTACGTA,1,3686331
tolCp1,2.0,1,0,ACGCCCGGACAAGATATCAG,1,3687191
tolCp1,2.0,1,0,ACGCAGATGTGAACGCACAC,1,3680404
tolCp1,2.0,1,0,ACGATGTAAAGAACATGTAG,1,3702127
tolCp1,2.0,1,0,ACGATCGGTAGCGCAAGTGT,1,3712538
tolCp1,2.0,1,0,ACGATATGACTATACGGGCG,1,3666968
tolCp1,2.0,1,0,ACGAGTTAATGAGCCGTCGG,1,3699015
tolCp1,2.0,1,0,ACGAGCCTTCAGCTTTTTTC,1,3689813
tolCp1,2.0,1,0,ACGACCGGGAGGAACCCCTA,1,3662374
tolCp1,2.0,1,0,ACCTTGCATTCATTAATATT,1,3681797
tolCp1,2.0,1,0,ACCTGTTGATATTAGCCTTC,1,3677526
tolCp1,2.0,1,0,ACCTGTTAAGCCCCGTTGTG,1,3673163
tolCp1,2.0,1,0,ACCTGTGTAGTAGGTCCTAT,1,3687560
tolCp1,2.0,1,0,ACCTGTGCGATCTTGATAGA,1,3676207
tolCp1,2.0,1,0,ACCTGAGGCTAGCGATACAG,1,3680848
tolCp1,2.0,1,0,ACCTCTTTCGGGTCTCATTG,1,3661764
tolCp1,2.0,1,0,ACCTATCTTGATAGACCTCG,1,3686615
tolCp1,2.0,1,0,ACCTATCTGCCCGCACTTAA,1,3687391
tolCp1,2.0,1,0,ACCGTTTCTTGGAGTGTTGT,1,3692369
tolCp1,2.0,1,0,ACCGTAATATACGAGGCGAT,1,3683427
tolCp1,2.0,1,0,ACCGTAATAGGTCGTCGTCT,1,3693155
tolCp1,2.0,1,0,ACCGTAACTAGGTTCACCCA,1,3688808
tolCp1,2.0,1,0,ACCGTAACAGGCTATAACTA,1,3686328
tolCp1,2.0,1,0,ACCGCTTCAGCCGCACTTGC,1,3674540
tolCp1,2.0,1,0,ACCGCACACCGTTTCCGCAT,1,3697856
tolCp1,2.0,1,0,ACCGAGGTAGTTCCGGCGGC,1,3678261
tolCp1,2.0,1,0,ACCCTTCCTTTTATCATTCG,1,3704620
tolCp1,2.0,1,0,ACCCTCATATCGCTTTGTTA,1,3704803
tolCp1,2.0,1,0,ACCCCTCTCGACTCCTCGAG,1,3686673
tolCp1,2.0,1,0,ACCATGGCTCATTGACCGGG,1,3695257
tolCp1,2.0,1,0,ACCACTCACCCTCCGTGTCC,1,3708618
tolCp1,2.0,1,0,ACCACGCGTCAAGTGCGGTC,1,3703556
tolCp1,2.0,1,0,ACCACGCCAGCAGTGAAGAT,1,3697904
tolCp1,2.0,1,0,ACCACCGGGGTAGTACGATG,1,3662713
tolCp1,2.0,1,0,ACCACAGGCCAGAGGCGTAC,1,3706379
tolCp1,2.0,1,0,ACATTTCAGCTGGTCAGGCT,1,3690817
tolCp1,2.0,1,0,ACATTGCCATTGGTCGGTGT,1,3699504
tolCp1,2.0,1,0,ACATTGATGTGGGGGGTTAC,1,3670408
tolCp1,2.0,1,0,ACATTCAGTATCTATGCTCC,1,3667121
tolCp1,2.0,1,0,ACATTAAAGGTACCTTGTCT,1,3668436
tolCp1,2.0,1,0,ACATCGAAATATTGGTGATA,1,3699953
tolCp1,2.0,1,0,ACATAGATTTCAGACCACAT,1,3687711
tolCp1,2.0,1,0,ACATAAAACTCACACCCTGA,1,3701915
tolCp1,2.0,1,0,ACAGTTCCTAACAGCGAAAC,1,3666610
tolCp1,2.0,1,0,ACAGTGATAATGGGCATAAT,1,3714363
tolCp1,2.0,1,0,ACAGTCCTCTTACACGATAA,1,3715269
tolCp1,2.0,1,0,ACAGGAAGTTGTTCGGCCCG,1,3697935
tolCp1,2.0,1,0,ACAGCGCAACCTGTCGTAGT,1,3671057
tolCp1,2.0,1,0,ACAGAAGTGAGTTGGGATCC,1,3709279
tolCp1,2.0,1,0,ACACTGTTAATACCTTCCCT,1,3674873
tolCp1,2.0,1,0,ACACTATACCTGGACCAGCA,1,3694459
tolCp1,2.0,1,0,ACACTAATGGTACGCTAGAG,1,3701533
tolCp1,2.0,1,0,ACACATAGCTTGTGAACAGC,1,3697898
tolCp1,2.0,1,0,ACACAGGGTCTATAGTTAAC,1,3667646
tolCp1,2.0,1,0,ACACAATATGAGGTGGTACT,1,3666685
tolCp1,2.0,1,0,ACACAAATTGATGGGGATGA,1,3688099
tolCp1,2.0,1,0,ACAATCAACCGTTAACACAA,1,3672949
tolCp1,2.0,1,0,ACAAGCGTTCACGGGAGCGC,1,3691888
tolCp1,2.0,1,0,ACAAGCACACTCTTTAGAGC,1,3671566
tolCp1,2.0,1,0,ACAACTAGAACCATCGTGGA,1,3683912
tolCp1,2.0,1,0,ACAAAGGATATAGGGAAGCT,1,3714679
tolCp1,2.0,1,0,AATTGGACCCCGCAGTAAGT,1,3670309
tolCp1,2.0,1,0,AATTGCGCGGTCTTAGCAAG,1,3677061
tolCp1,2.0,1,0,AATGTTCCATTATCTACCTG,1,3698625
tolCp1,2.0,1,0,AATGTTAAGGATGAAGTATT,1,3701523
tolCp1,2.0,1,0,AATGACGTATAGAAGGTTCA,1,3684984
tolCp1,2.0,1,0,AATCCATGACACATCCACGG,1,3691359
tolCp1,2.0,1,0,AATCCAGACATGTCCGCATG,1,3681665
tolCp1,2.0,1,0,AATCATGCATCTACGAGCTT,1,3708538
tolCp1,2.0,1,0,AATCAGTTTCACCGCGGGCA,1,3704422
tolCp1,2.0,1,0,AATCAACGACATAGACAGTG,1,3688163
tolCp1,2.0,1,0,AATCAACCGCGATGGATCGT,1,3668005
tolCp1,2.0,1,0,AATATTAACTTTTGGACGAT,1,3691795
tolCp1,2.0,1,0,AATATGAGGACTACTCCCAC,1,3673546
tolCp1,2.0,1,0,AATATAGGTAACAAAACCGC,1,3667152
tolCp1,2.0,1,0,AATAGGTACCACTATAAGAC,1,3691756
tolCp1,2.0,1,0,AATACGTTCCTTCGCCGATC,1,3666055
tolCp1,2.0,1,0,AATACACTACTGCTTGTCCC,1,3671940
tolCp1,2.0,1,0,AAGTTGGGGAAGGTTAATGT,1,3682543
tolCp1,2.0,1,0,AAGTGCGAATAATGGTTTTT,1,3685265
tolCp1,2.0,1,0,AAGTCCGTAGCCTTACATTC,1,3665004
tolCp1,2.0,1,0,AAGTCCGAAAGGGAGCACCC,1,3688950
tolCp1,2.0,1,0,AAGTATATCCGCTCCCCTAT,1,3684946
tolCp1,2.0,1,0,AAGTACCCGGAGTACTAAGA,1,3665635
tolCp1,2.0,1,0,AAGGTGCGTCTCAGAGAAGT,1,3663546
tolCp1,2.0,1,0,AAGGTCTCTCAGTGTAATTT,1,3690946
tolCp1,2.0,1,0,AAGGGGTGACTGGCCTCACA,1,3708523
tolCp1,2.0,1,0,AAGGCTGTCCTCCATCGTAC,1,3676414
tolCp1,2.0,1,0,AAGGCGATCCGATCGGGCTT,1,3692758
tolCp1,2.0,1,0,AAGGCCCAGCTTATAGGCGT,1,3700068
tolCp1,2.0,1,0,AAGGATTCCTTGGATCCTTG,1,3677764
tolCp1,2.0,1,0,AAGCTATTGCGTGCATGACC,1,3674206
tolCp1,2.0,1,0,AAGCTAACGCAGTCGGCCGC,1,3675025
tolCp1,2.0,1,0,AAGCGATCCAATGGCACCCA,1,3679792
tolCp1,2.0,1,0,AAGCATACTTCTGAGCTCAT,1,3671340
tolCp1,2.0,1,0,AAGCAATGATTATTGGTTTG,1,3705785
tolCp1,2.0,1,0,AAGATGGTACTTGCCACTCT,1,3678418
tolCp1,2.0,1,0,AACTTGATATCGTGTTGTAA,1,3682947
tolCp1,2.0,1,0,AACTTCAACTATGCGAACTA,1,3695979
tolCp1,2.0,1,0,AACTGGCGTGTCGTGGGCCA,1,3664234
tolCp1,2.0,1,0,AACTGAACGCCTTTCTGAGG,1,3706519
tolCp1,2.0,1,0,AACTCTCCGTGTCGGGCAGC,1,3707774
tolCp1,2.0,1,0,AACTATAGCCCCAGTCGGCC,1,3690832
tolCp1,2.0,1,0,AACTAGGGGCAGGCGATGCC,1,3689654
tolCp1,2.0,1,0,AACTAACTCTAACCAAGAAG,1,3664241
tolCp1,2.0,1,0,AACGTTAATGGCATCCCTCA,1,3668333
tolCp1,2.0,1,0,AACGGTAAGTAGAGCGGGAT,1,3683448
tolCp1,2.0,1,0,AACGCAGTGTGTTCTACCAC,1,3693352
tolCp1,2.0,1,0,AACGACCAGAGCTACATATT,1,3712031
tolCp1,2.0,1,0,AACGAAGTAAAGTGTGATGG,1,3662359
tolCp1,2.0,1,0,AACCGTGCGACAGGAGAACC,1,3699046
tolCp1,2.0,1,0,AACCGTCGATTAAGGGAGTA,1,3697412
tolCp1,2.0,1,0,AACCGGGCATATGGTGGGGT,1,3671013
tolCp1,2.0,1,0,AACCGACTGTGGTGCAGCTG,1,3673452
tolCp1,2.0,1,0,AACCCGATGTGGTGTCCAGG,1,3691510
tolCp1,2.0,1,0,AACCATACTCAGGTAAACCA,1,3668069
tolCp1,2.0,1,0,AACATTCGCGTAGTCGCGTA,1,3690048
tolCp1,2.0,1,0,AACATAATACGCCAATCGTA,1,3666477
tolCp1,2.0,1,0,AACAGTCTGACTCTGCTCAC,1,3710675
tolCp1,2.0,1,0,AACACTAATGCCTCTCAACT,1,3672438
tolCp1,2.0,1,0,AACAATAGATCGATTGAATC,1,3670552
tolCp1,2.0,1,0,AACAAAAATACGGAGCTCTT,1,3687384
tolCp1,2.0,1,0,AAATTTTCAAAACATCTGCG,1,3702122
tolCp1,2.0,1,0,AAATTGTGTACCTGACGTGC,1,3664072
tolCp1,2.0,1,0,AAATGCTCTCAACCGAGAGT,1,3667465
tolCp1,2.0,1,0,AAATCTGGAGTCACTCAAAG,1,3700050
tolCp1,2.0,1,0,AAATCGCGACGAAAACGACT,1,3705148
tolCp1,2.0,1,0,AAATCGAAGGCAACTGGGCA,1,3707044
tolCp1,2.0,1,0,AAATATTGTCACCCAATGCT,1,3700352
tolCp1,2.0,1,0,AAATAAGGTCGTAGTCAAGG,1,3687614
tolCp1,2.0,1,0,AAATAACGATTACTTGCGAA,1,3704119
tolCp1,2.0,1,0,AAAGTGAGCTTGTTGGTGCT,1,3661263
tolCp1,2.0,1,0,AAAGCACCGATACCTACATG,1,3702057
tolCp1,2.0,1,0,AAAGACCTGGTCAGTGGGAT,1,3671503
tolCp1,2.0,1,0,AAAGAAATGAATATACCTAT,1,3677082
tolCp1,2.0,1,0,AAACGTTTATGGCCTTCGCC,1,3677712
tolCp1,2.0,1,0,AAACGTGGTGGAGGGCTTCT,1,3690407
tolCp1,2.0,1,0,AAACGTAGCCCGGGATAGAA,1,3708156
tolCp1,2.0,1,0,AAACGGTACGCGGAAATGCG,1,3667625
tolCp1,2.0,1,0,AAACGGGTGGGTGTGTATAG,1,3686417
tolCp1,2.0,1,0,AAACGATTGTTGTCAACTCA,1,3710659
tolCp1,2.0,1,0,AAACCTTATTGTTTTCCATC,1,3677237
tolCp1,2.0,1,0,AAACCCTAACAGATCCGGCT,1,3710996
tolCp1,2.0,1,0,AAACCCGCACTTTCGGCCTC,1,3690162
tolCp1,2.0,1,0,AAAACGAATCACAATTCACA,1,3674437
tolCp1,2.0,1,0,AAAACCATTGCAAGCTGGTC,1,3667467
