name,relative_counts,ct,ct_0,barcode,ct_1,barcode_ind
galSp,0.578125,200,127,CATATGTGCAACTATGGCAG,73,1601129
galSp,0.06306306306306306,116,110,CCTTTCGACCCGCAGAAGCT,6,1604690
galSp,0.6,166,104,CTGAAGGCATTAATGTGGGC,62,1595260
galSp,0.7938144329896907,172,96,GGAGACCCGCCCATGTCTTG,76,1595730
galSp,1.09375,199,95,ATTAGCCCCCGATGCCTACT,104,1595310
galSp,1.9166666666666667,243,83,TGGATTTTTCAGTGGGGTCA,160,1595413
galSp,0.7710843373493976,145,82,CGCTTGGGTATCAGAAGGAC,63,1596882
galSp,0.3253012048192771,108,82,ATGGCCAATATATCACTAGG,26,1595967
galSp,1.0987654320987654,168,80,TCCGTGTTTGAGTATTGGTC,88,1607163
galSp,0.19753086419753085,95,80,GAGGTCAAATGGGGTCACAC,15,1596140
galSp,0.9240506329113924,150,78,GTCCATGATGATGTGCGAAA,72,1598111
galSp,0.2948717948717949,99,77,TCAAATAAGCGAGCAGGAAT,22,1595998
galSp,0.358974358974359,104,77,AGGTGACTTAGCCCTTTTTA,27,1595766
galSp,0.8311688311688312,139,76,TTAATCGGATGCCTTAGGTC,63,1606753
galSp,0.4155844155844156,107,76,TCATGATCCTACAACAAAGC,31,1604121
galSp,0.17105263157894737,87,75,AGTAGATGAACGCAGTACGG,12,1597663
galSp,1.4533333333333334,182,74,CCCATGATAAGGACTTAGAT,108,1599602
galSp,0.08,79,74,ACAATTGAACACCAGGTTTT,5,1598089
galSp,0.38666666666666666,102,74,AAACACGGTCAATGCAGAAT,28,1613330
galSp,1.3513513513513513,172,73,CTCGCCTCCACGTCGCCACA,99,1595293
galSp,0.40540540540540543,102,73,ATTCTGGCGCCACAGCTGAA,29,1596668
galSp,0.7083333333333334,121,71,ACCTGGTTATATCGTCCGAG,50,1595745
galSp,0.04225352112676056,72,70,TGAAAAGTCACTTTCGGGGA,2,1614155
galSp,1.028169014084507,142,70,GCAATTCTCCCAATTAGAAT,72,1595224
galSp,0.2112676056338028,84,70,CGCTTCAAACCAGTCAGAAA,14,1596967
galSp,0.6571428571428571,114,69,TCTCGGAGCAGCTTGAAAAT,45,1595404
galSp,0.19402985074626866,78,66,CGAGTCGAAAACAAAAGGGA,12,1611386
galSp,0.7575757575757576,114,65,TGTGTTGTGATCTCTAGGCT,49,1617297
galSp,0.9846153846153847,127,64,TTTACCCATCAACGCTCTAA,63,1597178
galSp,0.15384615384615385,73,64,TTCAGGCGGGCGCGGGGATG,9,1601376
galSp,0.15384615384615385,73,64,CCGTAGCTCACCCACCACTT,9,1601675
galSp,0.1875,74,63,CTAAAGACTCCGCGGAGTTT,11,1600898
galSp,0.1111111111111111,68,62,GGAAGAGGGAGCACGTGACT,6,1610361
galSp,0.6507936507936508,102,62,ATCTACCGTGGTCATTAGGG,40,1597203
galSp,0.41935483870967744,86,61,TCCCACCCCAACCGTTCTTA,25,1618754
galSp,0.3064516129032258,79,61,TATAAGGTAGAGAGCGTCAT,18,1595384
galSp,0.5483870967741935,94,61,TAAGAGCTCTATGGCGCTGC,33,1618362
galSp,0.24193548387096775,75,61,GCCTTTTCTTACGTGCCAGC,14,1596370
galSp,1.564516129032258,157,61,GCCGTGGATAGGCTGCGGGA,96,1599046
galSp,0.5901639344262295,95,60,TGCACATGCTCCGAGAGTAA,35,1609340
galSp,0.22950819672131148,73,60,CACTATCTAATCCCAGGGTC,13,1599945
galSp,0.7540983606557377,105,60,AGGGGGAGTAGCTGCACGTC,45,1596603
galSp,0.23333333333333334,72,59,TCCGGCCATACGACGGTTAC,13,1604013
galSp,0.9333333333333333,114,59,ATTGGTGCGGTTCAAGTATT,55,1611880
galSp,0.23728813559322035,71,58,TTAGGGCTCGGAGTGGATAG,13,1596758
galSp,0.1864406779661017,68,58,GGTGTAACACTTTATAACCA,10,1602276
galSp,0.5084745762711864,87,58,CGTGGGGCTTTCTGGAAAAA,29,1601404
galSp,0.23728813559322035,71,58,CCGCTTCGCTGGAAACCATA,13,1602085
galSp,1.9661016949152543,173,58,CCACTTCATCCGGATGTCCC,115,1598228
galSp,0.23728813559322035,71,58,ATAAGCGGGTCTTACAGTTA,13,1602354
galSp,0.3389830508474576,77,58,AACCACCAGTGTTTAAGGAC,19,1598975
galSp,0.5689655172413793,89,57,AGCCCGGTTTTTAGAATTCA,32,1601646
galSp,0.7192982456140351,96,56,TCTCTCTCCAAGCACAAAGA,40,1596945
galSp,1.1578947368421053,121,56,TCCGTAGCTAACCGTGGTTG,65,1616324
galSp,1.263157894736842,127,56,GATATCGTCATCTTCGACGA,71,1610033
galSp,3.087719298245614,231,56,CCGAAAAGACATAATTAGCT,175,1602593
galSp,0.2631578947368421,70,56,AGTACGTAGAGAATCATGAA,14,1601155
galSp,0.23636363636363636,66,54,GCTATGACCTAATTGGGCGA,12,1597426
galSp,1.0727272727272728,112,54,GATGATTGCGTAGCCCGCGT,58,1608751
galSp,0.2909090909090909,69,54,CTCGCGCGGCCACTTTCTAG,15,1597323
galSp,0.5818181818181818,85,54,AGAGAAGTTGAGTTTAAGGG,31,1604232
galSp,0.4909090909090909,80,54,ACTCTCAGGCAAACGTGTGA,26,1596881
galSp,1.2592592592592593,120,53,TATGTTTTCAATTCGCCTTG,67,1607574
galSp,0.5185185185185185,80,53,GCCTGTCTGAGATCAGCTGA,27,1595495
galSp,1.3888888888888888,127,53,CCACATCTCCCATAATCAAA,74,1604982
galSp,0.16666666666666666,61,53,CAAAGCACCAAATAGGAACG,8,1596505
galSp,2.4814814814814814,186,53,ATCCTGCCGAACGTCATTAA,133,1608163
galSp,0.1320754716981132,58,52,TTCGTAGTTGGCGTAAACGT,6,1620010
galSp,0.2641509433962264,65,52,GGCGGGCTCGGGCGGAGCTT,13,1595579
galSp,0.7169811320754716,89,52,CTTGTTATATCAACTAGATT,37,1596761
galSp,0.09433962264150944,56,52,CTCGCCTTATATCGTAGAGG,4,1606193
galSp,0.7924528301886793,93,52,CTCATACGAACTAAGTAGGA,41,1595941
galSp,2.2264150943396226,169,52,AAACGTTCTATATCAACCTC,117,1614771
galSp,0.6153846153846154,82,51,TGCCAGACAACCAGGTGAAA,31,1614891
galSp,0.36538461538461536,69,51,GTACGGCCGTCCCGTCGCTT,18,1600474
galSp,0.23076923076923078,62,51,GGAAATAAAGTATTAACGTA,11,1603328
galSp,0.3076923076923077,66,51,GACGCCATTGAAAGCAACCA,15,1597241
galSp,0.38461538461538464,70,51,CACCGAATAGGATAATGGTT,19,1620553
galSp,0.5384615384615384,78,51,CAAACGGGTACCTTAGTCTA,27,1616731
galSp,0.13725490196078433,56,50,TAACGGCAAGTAACGCGTAG,6,1611862
galSp,0.47058823529411764,73,50,GTTAGGCTGATATGCTCTTA,23,1618042
galSp,2.3333333333333335,168,50,GATTGTTCATTGACAATACT,118,1602455
galSp,0.6666666666666666,83,50,CGCACGCAATACGCACAAGA,33,1596282
galSp,1.0784313725490196,104,50,CCCGGAAAGCGTCCTGTCAA,54,1606150
galSp,0.5098039215686274,75,50,CACGACATGGATTCGAGCAG,25,1612681
galSp,0.29411764705882354,64,50,ATCGGTTAAGTCAAAAGATA,14,1604890
galSp,0.5098039215686274,75,50,AGGTAACCCTCCCGTCGCCA,25,1596684
galSp,0.4117647058823529,70,50,AGATTCGTTCTGTTGTCGCA,20,1613545
galSp,0.23529411764705882,61,50,ACGTTACACTGAGCTCAGCG,11,1600925
galSp,1.54,125,49,TGCGGGAAAGACGTACTTGT,76,1595403
galSp,0.30612244897959184,62,48,TTTTTCACAGGGGTAGGCAG,14,1621310
galSp,0.30612244897959184,62,48,AAGAGGGGCCTCGCTTCTAC,14,1597107
galSp,0.6041666666666666,75,47,TTCTAAATACGATTAACGAG,28,1603423
galSp,0.22916666666666666,57,47,TGCAAAGCCCCTATCGCAGC,10,1606449
galSp,0.1875,55,47,TGAGTGTCAGACTTCTACTC,8,1595648
galSp,0.10416666666666667,51,47,TAATTAGATGCATCTGGTAG,4,1618955
galSp,0.6458333333333334,77,47,GAAACGCCGCGGAGTACGAG,30,1607930
galSp,0.10416666666666667,51,47,CGAAGATTCTAAAAGGACTA,4,1601909
galSp,0.4791666666666667,69,47,CCTTGCGTAACTCCAGCCTG,22,1608952
galSp,0.14583333333333334,53,47,CAGCGAATGATCGTTTAACA,6,1605542
galSp,0.6041666666666666,75,47,ATTCGAGCGAAGCCTGAAAT,28,1615400
galSp,0.6458333333333334,77,47,ATCCCCTCCCACTGGCATTG,30,1611031
galSp,0.2916666666666667,60,47,AGGGAGGAGAGCTGCGGTGG,13,1610827
galSp,0.5416666666666666,72,47,AGATGCAGGCTAGAGACTGT,25,1613049
galSp,0.1875,55,47,ACCTGCCTCCCGGCCCAACC,8,1609415
galSp,0.4375,67,47,AATTTTTTAGATCAGAGCGG,20,1603822
galSp,0.22916666666666666,57,47,AACAGTCGTGGGGTTTGCGA,10,1607023
galSp,0.44680851063829785,66,46,TCTGCCCCATTCTCCCTAAC,20,1600758
galSp,1.2553191489361701,104,46,TATACGCACGGACATCTATT,58,1602748
galSp,0.6382978723404256,75,46,CTGACCACCTGAACGCTATG,29,1604308
galSp,1.0,92,46,CTCCGTCGTGGATTCTTCAG,46,1596028
galSp,1.0212765957446808,93,46,CGTTTTGTCGTTGTGCTATA,47,1614105
galSp,0.40425531914893614,64,46,CCGGGAATCAGTGGATTTGT,18,1604752
galSp,0.3617021276595745,62,46,CAGACAAACGTGAGTCCAAT,16,1613804
galSp,0.3617021276595745,62,46,ACTGCATCCCCATAACGGTA,16,1606056
galSp,0.19148936170212766,54,46,AACGACGAGGACGGACGTAG,8,1602882
galSp,0.8695652173913043,84,45,TTCTGGGCTCTTAGACGTTG,39,1608122
galSp,0.3695652173913043,61,45,TAGGAGCGCATCGCCGTGCC,16,1612078
galSp,0.6521739130434783,74,45,GTAAGATATGACAGCCCCTA,29,1597353
galSp,0.5652173913043478,70,45,GGTATAATGAGCGGGGTGAA,25,1602302
galSp,0.5434782608695652,69,45,GCAGGACTCGCACATGCACG,24,1616321
galSp,1.0434782608695652,92,45,CGACTGGCGTACTTTTAAAT,47,1598505
galSp,2.3260869565217392,151,45,ACCTGTTCGGGTCTCTTCCT,106,1609994
galSp,0.9130434782608695,86,45,AATAGTGAGGGAAAGTTCTT,41,1600948
galSp,0.782608695652174,80,45,AAGTCATTCGGAGCGACCTC,35,1602497
galSp,0.4444444444444444,63,44,TGGCAATTCCGCGATTCATC,19,1609512
galSp,1.3555555555555556,104,44,TGCAATGCGCCGGTAGGCGA,60,1596804
galSp,0.6888888888888889,74,44,TCTCTCAGGGATATTTGTTG,30,1597438
galSp,0.08888888888888889,47,44,TACGAGCACCCCACACTGAA,3,1609226
galSp,0.5777777777777777,69,44,TACAATGGTTAACATGGTCA,25,1602025
galSp,1.3333333333333333,103,44,GGGCCAGGCAATTAGTGCGC,59,1612265
galSp,0.24444444444444444,54,44,GAGCTTCATCACACATCGCA,10,1595548
galSp,1.4,106,44,GACTGCTCACCGAAAAACCT,62,1615224
galSp,1.3111111111111111,102,44,CCATTTCAAGTTCCAGCTTA,58,1597106
galSp,0.06666666666666667,46,44,ACGCAGAATTACGGGAAGCT,2,1597747
galSp,1.25,97,43,TGCAGTTACCCCAGTTACAA,54,1600023
galSp,0.5227272727272727,65,43,TCGGTATGGCCTTGAACCGA,22,1597306
galSp,0.045454545454545456,44,43,GGTGTTCAAATCCAATATTA,1,1602279
galSp,0.4772727272727273,63,43,GGTAGCACGACAATAGAGGC,20,1599244
galSp,4.113636363636363,223,43,GGGCCTCACGGGGTTTTTTG,180,1603424
galSp,0.75,75,43,GACGGATTGTCGCCAACGCT,32,1596764
galSp,1.2045454545454546,95,43,GACAGCTACCAGACGAGCGA,52,1596767
galSp,2.522727272727273,153,43,CGTGTTTATTCGATTTCCCT,110,1615209
galSp,0.4318181818181818,61,43,CACACGGAGTCTTTATGTGT,18,1609891
galSp,1.2954545454545454,99,43,ATGCTCGGGGTTTAATGCCG,56,1597493
galSp,1.5,108,43,ATCCGCCCGCGCTTTCTGTT,65,1595263
galSp,0.8181818181818182,78,43,AATCTCGGGCTCTGTAGTCG,35,1607266
galSp,0.2558139534883721,52,42,TGTGATTCATATGCAGCGAT,10,1597775
galSp,0.4186046511627907,59,42,GGACGCTAGTAGCGTTAATA,17,1597429
galSp,0.32558139534883723,55,42,GATGTGCTGCGTAGTACGGT,13,1598748
galSp,3.883720930232558,208,42,CGTGGCGCCCGAGCTACCGT,166,1608443
galSp,2.7209302325581395,158,42,CGGTTAAAAAGATAGTGACT,116,1609309
galSp,0.5813953488372093,66,42,CGGGTACATATACTCTATAC,24,1597881
galSp,0.37209302325581395,57,42,CGCGAAAATCCATAGTACAT,15,1601605
galSp,0.5116279069767442,63,42,CACATTACTTGTTACGCATC,21,1600831
galSp,0.627906976744186,68,42,AGACAACTCTTCTGTAAGGA,26,1599812
galSp,0.13953488372093023,47,42,AACCCTATAACTTGTGATCT,5,1604449
galSp,0.21428571428571427,49,41,TGTTCCATAAGGGATCATGA,8,1608341
galSp,0.2619047619047619,51,41,TGCGTAAAACATCTTACGTA,10,1607322
galSp,0.35714285714285715,55,41,TCTCTGTGGAAAGGTTGACG,14,1597572
galSp,0.07142857142857142,43,41,TCCGCGCGCATGGTGTCGTG,2,1610505
galSp,0.5952380952380952,65,41,TCCAAACATCATCTGGTCCT,24,1602641
galSp,2.4761904761904763,144,41,TACCTGGTCCGAATCGATAT,103,1595355
galSp,0.38095238095238093,56,41,TAATAGGCGTGTTGGAGAGG,15,1595591
galSp,1.0,82,41,GTCGATCTGAACCTAGGGTA,41,1600143
galSp,11.666666666666666,530,41,GTCAATTCGGATACCCCTTC,489,1595350
galSp,0.5714285714285714,64,41,GCCGCTTTCACAATGATGTA,23,1613357
galSp,0.2857142857142857,52,41,GATCACACGGTGGCTCGCCT,11,1598414
galSp,0.5238095238095238,62,41,GATAAGTCGCTTTTTAGGCA,21,1611400
galSp,0.23809523809523808,50,41,GAAAGTAGGCAAATTCCTGA,9,1597621
galSp,3.119047619047619,171,41,CGGAGTGTGACAAGCCACCT,130,1601512
galSp,1.1666666666666667,89,41,CCTCGTGGTGCAGCCGGGAC,48,1610866
galSp,0.3333333333333333,54,41,ATAGAGCTAAGTCCAACCGT,13,1598657
galSp,0.5476190476190477,63,41,AGTCCGGTAGAGGGGATGAC,22,1597730
galSp,0.6428571428571429,67,41,AGGCCCCATGTCTCATCCGG,26,1613740
galSp,1.951219512195122,119,40,TTGATCAAGAATGGAGACAA,79,1601300
galSp,1.5609756097560976,103,40,TGTCATCGTGATGCACGCGT,63,1598999
galSp,0.07317073170731707,42,40,TCTTGCAGTTGGGGAATCTG,2,1601606
galSp,1.1219512195121952,85,40,TAAAATGCCGGTGAATTTAC,45,1601258
galSp,0.5121951219512195,60,40,GTGTATTTGTATGTATCAAT,20,1605193
galSp,0.17073170731707318,46,40,GCATCTCAATTAAGGTGCCG,6,1595792
galSp,8.024390243902438,368,40,GAGCTGGTCCCGCTAGGTAC,328,1612404
galSp,0.5365853658536586,61,40,CGTAAGTTAGCAAACAACAT,21,1602764
galSp,0.21951219512195122,48,40,CGGGGTTACTCTCATGCAAA,8,1602688
galSp,0.6341463414634146,65,40,CCGTCAATTGTAGTTCGTAT,25,1604010
galSp,0.07317073170731707,42,40,CCGCGGTATATGGAATGTCC,2,1602341
galSp,0.4634146341463415,58,40,CCGATGCGAGCTCACTGCCC,18,1603315
galSp,2.682926829268293,149,40,CATTACTCATCTTCCGCTAT,109,1608765
galSp,0.5853658536585366,63,40,ACTCTACGGTGTGAGCCGTT,23,1596177
galSp,0.2926829268292683,51,40,ACGTGGTAAGTGCCCGCCAG,11,1601127
galSp,0.14634146341463414,45,40,AAGTCACCAATTGGGCGTTG,5,1599492
galSp,0.5853658536585366,63,40,AAATGAGGAGGTATGAGGCA,23,1602703
galSp,0.55,60,39,TTGATGACCCACAAGTGTAG,21,1598285
galSp,0.625,63,39,TTAGCTTGCATGTAGTGCGT,24,1601098
galSp,1.675,105,39,TCCGGACAGCCAGTCTCCCA,66,1620281
galSp,0.275,49,39,GTCACTCCCACTCGGAGTAA,10,1603199
galSp,1.5,98,39,GGTGTAGGTGTAGCGTACCA,59,1619037
galSp,0.15,44,39,GGGATCATGCGGGATCTATG,5,1603443
galSp,0.5,58,39,GCGCCTAGCGCGCCCGGCAG,19,1615046
galSp,0.2,46,39,GCGAGCTGATGTAGGGTTAT,7,1596969
galSp,0.9,74,39,GCAAGAGTCATACGTACGGA,35,1613000
galSp,1.05,80,39,GCAACTAAAAGCAGAGCGGT,41,1608305
galSp,1.475,97,39,CTCTCTAGGAACTAACACGA,58,1602473
galSp,0.475,57,39,CCGAGCGAAGGCTATATGCT,18,1599484
galSp,0.75,68,39,ATAAGGTTAGCGAACGGCTT,29,1596387
galSp,0.95,76,39,AATTCCTCCGGCTTCCGTTT,37,1600969
galSp,1.225,87,39,AAGAGCGCACGGCGTCCCCC,48,1616139
galSp,1.0512820512820513,78,38,TTTTGGTCACATCGGTAACG,40,1606372
galSp,0.07692307692307693,40,38,TTGAAGTTTAGTCCGCTAAA,2,1598675
galSp,0.3076923076923077,49,38,TGAGAATCATCCCGGAAGCA,11,1596972
galSp,1.9487179487179487,113,38,TCCTAACACGATTTGTGCCC,75,1604166
galSp,1.0512820512820513,78,38,TAATCTCACCTGCCCACAGT,40,1596084
galSp,0.6666666666666666,63,38,GTATGGACCAGCTTTAGTGC,25,1607718
galSp,0.6923076923076923,64,38,CTACCTTAGCGGCCTTGCTT,26,1607642
galSp,1.1025641025641026,80,38,CGGTTACGTTTCCCGACGTA,42,1602907
galSp,0.23076923076923078,46,38,CGATTTAGTCATGGCATTGT,8,1603126
galSp,0.2564102564102564,47,38,ATGGAGTTTGTTTACCGGGT,9,1608722
galSp,0.5128205128205128,57,38,ATAGGTGAAAGGTTCTGAGT,19,1596247
galSp,1.2564102564102564,86,38,ACCCTTTAGCATGGAGGGGA,48,1617406
galSp,0.8205128205128205,69,38,AAAGGTTCGGATGACGCAAG,31,1610599
galSp,1.5,93,37,TTCAACCGGACAAGTCATTG,56,1598769
galSp,0.23684210526315788,45,37,TGAAGGGTTGACGTTCGGAT,8,1617568
galSp,1.0789473684210527,77,37,TCTATCAGTCGTTGTGGGAT,40,1598792
galSp,0.15789473684210525,42,37,GTTATGTTCATTTCGCGACA,5,1609187
galSp,11.973684210526315,491,37,GGGGTCGCCTCGCAGGTAGA,454,1599346
galSp,0.7631578947368421,65,37,GAAGTTCGCACCAGCATGAT,28,1608176
galSp,0.3157894736842105,48,37,CTTGAGCTTATGAGAGTTGA,11,1600507
galSp,1.4210526315789473,90,37,CTCGCCTGGGGGGATGCTCA,53,1600478
galSp,0.2894736842105263,47,37,CGTGTTTTGGACGGCGTGAT,10,1619736
galSp,0.8421052631578947,68,37,CCTCACCACAAAGGTAGACA,31,1606831
galSp,0.2894736842105263,47,37,CCCGAGTAGTCAGGCAGAAC,10,1612940
galSp,1.0,74,37,CCACTTATTGTCATAGGTAG,37,1601769
galSp,0.7631578947368421,65,37,CAACATTCGAATTAGCTTAA,28,1615047
galSp,0.42105263157894735,52,37,AGCCCCGAGGGGGTTTCTAG,15,1620369
galSp,1.4473684210526316,91,37,AGATGAAAAATTAGTCGCGA,54,1605954
galSp,0.3157894736842105,48,37,AGAGATGACGATTGATGTAA,11,1607764
galSp,0.7105263157894737,63,37,AGAACAGCTCAGCTTCTTCA,26,1608325
galSp,0.47368421052631576,54,37,ACTTCTTGACCAATATAAAT,17,1605119
galSp,1.605263157894737,97,37,ACGTAGCATGGCCCGAATAT,60,1600516
galSp,0.5,55,37,ACCCGAAGGGTCTCTATCGT,18,1604808
galSp,0.39473684210526316,51,37,AAATGGAGGCCAGGGAGTAG,14,1613721
galSp,0.7567567567567568,63,36,TTGACTGTCCTCGCCACCCT,27,1596830
galSp,8.27027027027027,341,36,TGAGGTATCATTCGCCAGCA,305,1598390
galSp,0.6216216216216216,58,36,TCTCCCGCACGTCCGTGGTA,22,1596059
galSp,0.9459459459459459,70,36,TCGGCGGCTCTTTGGCCCTA,34,1603974
galSp,0.6486486486486487,59,36,TATGCTGAAAGGCCGGCATG,23,1614429
galSp,0.1891891891891892,42,36,GTAGATGTGTACAGTAGTTT,6,1606637
galSp,1.6756756756756757,97,36,GCTAGCTTTACGGACCCTAG,61,1605775
galSp,1.3243243243243243,84,36,GCCCCCCGAAGCGGTATATC,48,1610751
galSp,1.162162162162162,78,36,CTATAAATTACGCGTACCGA,42,1597267
galSp,0.40540540540540543,50,36,CGTTGGGCACGATTCCTAGT,14,1599024
galSp,0.2972972972972973,46,36,CGAATGCCGGGCGCAGATGG,10,1595461
galSp,0.1891891891891892,42,36,CCGCCGAGCTTATCAGGGCT,6,1607875
galSp,0.972972972972973,71,36,ATTTACATCCACGAGATTGA,35,1604789
galSp,0.8918918918918919,68,36,ATGCTCGCACTATCTAACAC,32,1605234
galSp,0.2702702702702703,45,36,AGGGATCACCTACGTCGCTC,9,1601343
galSp,0.32432432432432434,47,36,AGCTTGTAGGAACCGCTCTT,11,1597710
galSp,0.9459459459459459,70,36,AGCATACAAAGGTTGTACTG,34,1600712
galSp,0.40540540540540543,50,36,ACTTTACCGGAAGAGTGACT,14,1611882
galSp,0.9166666666666666,67,35,TTCGTTCGGTTGTGGGCTCA,32,1598726
galSp,0.3055555555555556,45,35,TATAGGCGCGTGACTTCCAT,10,1607733
galSp,0.7777777777777778,62,35,TAGGCCCCCCGAGAGTAGCT,27,1610453
galSp,1.25,79,35,TACAGTACGTATCGGACTCC,44,1607701
galSp,0.19444444444444445,41,35,GTGCAGGATGAACTAGCGGT,6,1600699
galSp,2.388888888888889,120,35,GTCAACCCCCTCAGGTTTTC,85,1599759
galSp,0.05555555555555555,36,35,GGGGTCAGGCACGAAGTCGG,1,1602039
galSp,0.16666666666666666,40,35,GCACTTCACAGAACCCTGCA,5,1598719
galSp,0.3333333333333333,46,35,GATTCACCAGTGAATGTTAA,11,1603562
galSp,0.5277777777777778,53,35,CTCTCGAGTTATATCAATGG,18,1603213
galSp,0.6944444444444444,59,35,CTAGTGTTCTGGGAGAGACT,24,1605441
galSp,1.0,70,35,CGCTCTAGTTGCCGTGATTC,35,1607652
galSp,1.0,70,35,CCGGTCGGCGATTTACGTAA,35,1600705
galSp,3.3055555555555554,153,35,CCGGCTTTTAGTGTCACCCT,118,1596686
galSp,0.5277777777777778,53,35,CCGGCCCGAAAAACCCGCCC,18,1599852
galSp,0.6944444444444444,59,35,CCCAGTCTTATGAAAGTGGT,24,1621270
galSp,0.16666666666666666,40,35,ATCAAGCCCTTCGATTACGA,5,1617389
galSp,0.2222222222222222,42,35,ATATTGAGGCCAACGGGACA,7,1598822
galSp,1.6666666666666667,94,35,AGTCTACCTGAAGCGGAACG,59,1600895
galSp,1.75,97,35,AGCCTACCACTTGGCGAAGA,62,1599222
galSp,0.16666666666666666,40,35,ACTTACAAAAATAGTCTTAT,5,1598895
galSp,0.1388888888888889,39,35,ACGGAATTCATGGCAGTTTT,4,1608356
galSp,0.08333333333333333,37,35,ACATCGGTACACGCATTGGG,2,1609017
galSp,1.0,70,35,AACGGACGTGAGCGCCCGAT,35,1606728
galSp,0.8055555555555556,63,35,AAATACATGGACGATCCACT,28,1604261
galSp,0.2,40,34,TGAGACGCTCGTAATTCAGG,6,1616611
galSp,1.0285714285714285,69,34,TCTGTTAAGCGTGAGAACCT,35,1609931
galSp,1.0857142857142856,71,34,TCTCGTCGAGTAGGGTTTAT,37,1600633
galSp,0.45714285714285713,49,34,GTGTTCTGAAACCACAGCCA,15,1602189
galSp,1.0285714285714285,69,34,GTGTCTAACAGGACGGCGCG,35,1609196
galSp,0.2,40,34,GGTATTACAAACTGCGTACA,6,1611758
galSp,0.2857142857142857,43,34,GGATTGGCGGCTAGGTTTAC,9,1599576
galSp,0.11428571428571428,37,34,GCACGCTGATGCATGGATTC,3,1610753
galSp,0.2857142857142857,43,34,CTGCCGTGGCAGGAGAGAAT,9,1597358
galSp,0.2857142857142857,43,34,CTCGGGAGGGGTGTAGGAAG,9,1608384
galSp,0.17142857142857143,39,34,CTCGAGGCGCTGGGTTTTGC,5,1598081
galSp,0.37142857142857144,46,34,CTCATGATCCTGAGGTCGAG,12,1604670
galSp,0.5428571428571428,52,34,CTAACGGTAACGGTGTGTCG,18,1614787
galSp,0.05714285714285714,35,34,CGGCGCTGTGTAGTTGAGAT,1,1618336
galSp,0.6857142857142857,57,34,CCCCGTTAACGGCAGATGAT,23,1596535
galSp,0.8,61,34,CATAAGATCGCGCTCTTGCT,27,1595527
galSp,0.5142857142857142,51,34,CAGTAGTGACTGCGGGCCAG,17,1607334
galSp,0.5428571428571428,52,34,ATGTGTGAGTAATAGACAGA,18,1608457
galSp,0.9714285714285714,67,34,ATACGCGGTCACCTTTCGCT,33,1597048
galSp,4.9714285714285715,207,34,AGTCCTGAGTTAAAAGCCTT,173,1611121
galSp,0.2,40,34,AGCAGCTGCACTTCGGTTAA,6,1617407
galSp,0.34285714285714286,45,34,AGATACAATGAGAAGTCGCT,11,1620932
galSp,0.11428571428571428,37,34,ACCTGTCGATGCCAACTCGA,3,1608367
galSp,0.7428571428571429,59,34,AAGCCCCATCGTCTTATCCA,25,1598945
galSp,0.2,40,34,AAGAGCGTGTGACCGTTTAT,6,1596194
galSp,0.5588235294117647,51,33,TTTATGCTTTGTTGTCGTCT,18,1604653
galSp,0.4411764705882353,47,33,TTGAATGCTCACCCCGCTAT,14,1606118
galSp,0.38235294117647056,45,33,TCCAGCGTCGGATGGCGGTT,12,1612947
galSp,0.20588235294117646,39,33,TCCAATGAATATATCTTGTG,6,1606633
galSp,0.8235294117647058,60,33,TAATTTTTCGATATTAGCCG,27,1599908
galSp,0.20588235294117646,39,33,GGCTAACAGGGTTACGTCAC,6,1608025
galSp,2.264705882352941,109,33,GCCTGGGTCCATTTTACGTT,76,1620933
galSp,1.5294117647058822,84,33,CTTTGACGCCAGTCAGAAAG,51,1619312
galSp,0.058823529411764705,34,33,CTTGTCGAATTACCAACGGT,1,1608049
galSp,0.35294117647058826,44,33,CTCTTATGAGACTTTGACAC,11,1599228
galSp,0.17647058823529413,38,33,CGCATTCGTAACGATAATCA,5,1608134
galSp,0.8823529411764706,62,33,CGCACTTCGTGTTAAGCATT,29,1608959
galSp,1.2941176470588236,76,33,CCTGTCCAGCTGCCAAAACA,43,1605776
galSp,0.4117647058823529,46,33,CAGTGCGCTCACTTACGGTC,13,1620438
galSp,0.8823529411764706,62,33,ATGATTTTTAGCTCAGACGG,29,1617501
galSp,0.17647058823529413,38,33,AGTTCACGGCCTACGGGTCA,5,1612891
galSp,0.9117647058823529,63,33,ACTGTGTACGGGAAAGGCCA,30,1601228
galSp,1.606060606060606,84,32,TTTCCGCGGCCTTGTGTGCA,52,1609314
galSp,1.8484848484848484,92,32,TTCCACCTATAAAGCTGGGT,60,1601989
galSp,0.06060606060606061,33,32,TTATTGCGGAAGGGTTCCAC,1,1598625
galSp,1.0,64,32,TCTGAAGGACGGATATATAA,32,1596760
galSp,1.6363636363636365,85,32,TCTCTTGGAATCATTCTCCC,53,1598638
galSp,0.15151515151515152,36,32,TCATGCGGGCGAGTATAGCT,4,1603669
galSp,0.7878787878787878,57,32,TCAAAAGCCGTTAGGGCCTA,25,1598628
galSp,0.8484848484848485,59,32,TATGAACTTGACTTATAACT,27,1613546
galSp,0.5454545454545454,49,32,TATCAGGGTTCTTGAGATAC,17,1600158
galSp,0.15151515151515152,36,32,TAGGTGACTTTGTCAGACTA,4,1618477
galSp,0.30303030303030304,41,32,TACCCGGGTCGGCTTGGGGA,9,1595662
galSp,1.7878787878787878,90,32,TAAAGGCCGTGTAATTCCTC,58,1598153
galSp,0.9696969696969697,63,32,GTCATATCACCACGTACACG,31,1599401
galSp,0.36363636363636365,43,32,GTAGGGTTATCAGAACGTAT,11,1597121
galSp,0.36363636363636365,43,32,GGGGTCCATCTAAAGACAGG,11,1597964
galSp,1.393939393939394,77,32,GGGCGGTTTCCGAAGCCGAG,45,1617994
galSp,0.06060606060606061,33,32,GGATTGCGTACCTCGCGGTA,1,1595262
galSp,0.7575757575757576,56,32,GATCTCATCACGCCTGGATG,24,1605597
galSp,0.21212121212121213,38,32,CGTCCACCATCGCAGTGCTT,6,1612349
galSp,1.1515151515151516,69,32,CGGCCTTAGACCACGGTCCC,37,1615444
galSp,0.48484848484848486,47,32,CGGATTCGTTGCTGCCGTGT,15,1620811
galSp,0.9696969696969697,63,32,CGGAGCGGTCAACTTTTAGT,31,1596114
galSp,1.3333333333333333,75,32,CCTGCGCGCCAAAGTAATAA,43,1608768
galSp,0.24242424242424243,39,32,CCAGGGCAGCTAAGGGCAAT,7,1609122
galSp,2.212121212121212,104,32,CATGACCGACCTTGGTCGCT,72,1613088
galSp,0.18181818181818182,37,32,CAGACTAGGTATATTGGATT,5,1596229
galSp,0.5454545454545454,49,32,ATTATTAGGTGCACTGTTTG,17,1613590
galSp,0.3939393939393939,44,32,ATCTTCCCTCACCAGACTCC,12,1596746
galSp,0.9393939393939394,62,32,AGTATTCGCTGCCTTTAAAG,30,1599966
galSp,0.8181818181818182,58,32,AGGCCTAGCGCGCTACCAGC,26,1600653
galSp,1.0303030303030303,65,32,AGGCCCGAGAGGATTAGATT,33,1618119
galSp,0.06060606060606061,33,32,AGAGTACGTATGAAATTGTC,1,1603796
galSp,0.30303030303030304,41,32,AAGGCCTTGCGCTTGACTGT,9,1598020
galSp,1.121212121212121,68,32,AAGACTAAATTCCGTGGGTA,36,1613308
galSp,1.25,70,31,TTTGTGTGCGAGCCGCTTGC,39,1599949
galSp,0.78125,55,31,TTTAGGGCTAAGGGTTCGGG,24,1603627
galSp,0.3125,40,31,TTGGCACGCCGCCTGATCGT,9,1603996
galSp,0.09375,33,31,TTCTAAAGGTCCCAGACCCA,2,1598976
galSp,0.21875,37,31,TTATTACAGAACCTAGATCT,6,1611953
galSp,0.5625,48,31,TGTGCGGCTACAACTCGCTT,17,1603871
galSp,0.59375,49,31,TGCCCTCCCGTATTGATGCT,18,1611936
galSp,0.40625,43,31,TATGCGGCCTTTATTCCGGA,12,1612459
galSp,0.34375,41,31,TATCAGAATATTGAAAAGAG,10,1598141
galSp,1.5,78,31,GTGTGGCAGAGGAAGGAAAC,47,1601710
galSp,1.0625,64,31,GTCTGTGATTAGGCCACGCC,33,1610919
galSp,0.3125,40,31,GGGCGTCTCATTTAACGGCA,9,1598613
galSp,0.25,38,31,GGGCGGCTTACCAAGACCAA,7,1599232
galSp,22.25,742,31,GCTCTCTGTATAAACGAAAG,711,1612851
galSp,0.625,50,31,GCTCAACCGCGTTATGTTCA,19,1600970
galSp,1.40625,75,31,GCCTCGATGCCCCACCTAAA,44,1610113
galSp,0.25,38,31,GCAAAGAGAACCCGCGGCGA,7,1595264
galSp,1.0625,64,31,GATATACATGCGTTACTGTT,33,1603581
galSp,0.71875,53,31,GATAATCACTGACTTGCTTT,22,1610612
galSp,0.59375,49,31,CTGTGGGGGTCGCAGTAAAC,18,1609522
galSp,0.28125,39,31,CTGGCTACGCAATTACTTTA,8,1603301
galSp,0.21875,37,31,CGATGGAATACTGGTACGCC,6,1620332
galSp,0.0625,32,31,CCATCGGCCAATGGGAGGCC,1,1597967
galSp,0.78125,55,31,CATTAAGTTGGCCTCAATAA,24,1600354
galSp,0.125,34,31,CAGCTCGTGACGGCTTTAGC,3,1604100
galSp,1.71875,85,31,CACTCCGTTAGTATTGTTGA,54,1597495
galSp,0.5625,48,31,CACGAGGTTCCGTACGTAAT,17,1620351
galSp,0.96875,61,31,CAAAGACGATACTTGGCGCC,30,1603558
galSp,0.4375,44,31,AGTGAGGCCTCAGGCATTGT,13,1607339
galSp,0.1875,36,31,AGTAGGTGCATTTGATATAT,5,1600361
galSp,0.09375,33,31,AGGGCCGCGCATGTTCGGAT,2,1609344
galSp,0.65625,51,31,AGGAGGGTATAACTGAAAAA,20,1599394
galSp,0.5625,48,31,AGATTTCTGAATGAATGCCT,17,1613154
galSp,0.96875,61,31,AAGTAACAAGCGCTGCAACC,30,1610941
galSp,0.5,46,31,AACGGAAGCTGGCGGCGCTC,15,1610116
galSp,0.75,54,31,AACAGACATGCTCCTTGTTA,23,1605938
galSp,0.8064516129032258,54,30,TTCAAGGGAATGACCTGACT,24,1609061
galSp,0.5483870967741935,46,30,TTATTTACTCACTAGCGCCC,16,1611309
galSp,0.45161290322580644,43,30,TGGTACGTCGCTAGTCCGAA,13,1596810
galSp,0.3870967741935484,41,30,TGGGTGATATGTGTTTGGTG,11,1603157
galSp,1.903225806451613,88,30,TCGTACTGCAACCAAAATAT,58,1600275
galSp,0.6451612903225806,49,30,TCGGGTATACCAAGCGGTAG,19,1613770
galSp,1.5806451612903225,78,30,TCCAACTCCCATTATGAAAG,48,1606179
galSp,1.0,60,30,TCAAGGGCTGATCGCATATG,30,1612527
galSp,0.8064516129032258,54,30,TATAACTATCAGGTAGCAAC,24,1596110
galSp,0.6451612903225806,49,30,GTCACATAATTTTGCGGTAC,19,1613403
galSp,0.4838709677419355,44,30,GGTCGAGTCAAAGAATTACA,14,1596384
galSp,0.5161290322580645,45,30,GGTAAATAAATTATTAGTAA,15,1619006
galSp,0.7741935483870968,53,30,GCCAACTCTCCTGCGAGGTG,23,1601836
galSp,0.9032258064516129,57,30,GATGACTGTCTGGCGGTGCG,27,1595467
galSp,0.22580645161290322,36,30,GATAGACTAACGAGTCTCTC,6,1610213
galSp,0.0967741935483871,32,30,GAGGCCGAGCAGAGAGCGGC,2,1595916
galSp,0.7741935483870968,53,30,GACTCCGTGTTTTTTCAATA,23,1600357
galSp,0.6451612903225806,49,30,CTTAGCCTTAGACTTTGTGG,19,1596083
galSp,0.3870967741935484,41,30,CTGTACAGACCCTGCTGTGC,11,1610148
galSp,0.2903225806451613,38,30,CTGGCGCCATTACGATGTTA,8,1601072
galSp,0.6774193548387096,50,30,CTCCTGATGTTTAGCCGCCG,20,1614157
galSp,0.12903225806451613,33,30,CGTGACTTAACGACCTAAGC,3,1614582
galSp,0.41935483870967744,42,30,CGTCTGATACAAGTGCAGAA,12,1612017
galSp,4.225806451612903,160,30,CGTAGCATTTCTGTCTCTGT,130,1605752
galSp,1.4193548387096775,73,30,CGGCTGCGACCAACTGGTCG,43,1596461
galSp,0.6774193548387096,50,30,CCCAAAGTTGGCCAGGTCGT,20,1615814
galSp,0.25806451612903225,37,30,CATATCCGCGGTGCGGGCCT,7,1598813
galSp,0.0967741935483871,32,30,CACTCAGCAAACATCGGCGG,2,1603769
galSp,1.7419354838709677,83,30,ATTCATTTAATATCCAGCAA,53,1603674
galSp,0.45161290322580644,43,30,ATTCAATCGGTTCGTTAATT,13,1600078
galSp,0.41935483870967744,42,30,ATGGTGATCCTGGTCGAACA,12,1601610
galSp,0.3548387096774194,40,30,AGGAACATAAAAGACGGATG,10,1595680
galSp,1.1612903225806452,65,30,ACTGGTTCAGCAAGCTGGCA,35,1616492
galSp,0.22580645161290322,36,30,ACCTTGGGACATCGCGATCA,6,1616460
galSp,0.3870967741935484,41,30,AACTACCTTCGTTACGGTAT,11,1610895
galSp,0.967741935483871,59,30,AACACGCAGAGAATTGTGCT,29,1602761
galSp,0.9032258064516129,57,30,AAACTACATCGACTAAATCT,27,1596350
galSp,0.9333333333333333,56,29,TGGCCTTATATCCCGGGACA,27,1596063
galSp,0.3,37,29,TCACTGTCGCCGTCGATCAT,8,1595581
galSp,1.5666666666666667,75,29,TCAACACGGTTGCAACCTGG,46,1595954
galSp,0.1,31,29,TACGAGACCCTCCGGTAGAT,2,1601195
galSp,0.4,40,29,GTTTTGCATCGCGAGACATT,11,1610315
galSp,0.6666666666666666,48,29,GTTTTACTAGGTAATACCTT,19,1617192
galSp,0.1,31,29,GGATTACGTTTCATAGATTT,2,1607124
galSp,0.16666666666666666,33,29,GCTACGTTGTCCGGACCATA,4,1618021
galSp,0.3333333333333333,38,29,GCCTTCAGGACAGGTACGTG,9,1614103
galSp,0.5666666666666667,45,29,GCCTGTGCGAGTAAAATTGT,16,1618039
galSp,0.6666666666666666,48,29,GCCGGCAAAAAATCAGAACG,19,1605593
galSp,0.5,43,29,CTGACGGTGAGAGTCGAGAG,14,1601853
galSp,0.13333333333333333,32,29,CTCGTTTCGCATTCACGGTT,3,1610765
galSp,0.9,55,29,CGTTCTATCACTATCCAAAC,26,1609509
galSp,1.5,73,29,CGTGTCCCTCCCGTCCGATC,44,1620881
galSp,0.5,43,29,CGGTTCGATATAGGTCCAAT,14,1602988
galSp,0.06666666666666667,30,29,CGACTGCAGCTAATCCGTCC,1,1599652
galSp,0.8666666666666667,54,29,CCGTAAAATGATATTGGTTG,25,1605362
galSp,0.06666666666666667,30,29,CCAAGCACCTGTCCAATGAG,1,1619095
galSp,1.0666666666666667,60,29,CATTGCGGCCTCTTGGTTAT,31,1604616
galSp,0.1,31,29,CATGTGTATGTGCTCGAAAA,2,1604867
galSp,1.9333333333333333,86,29,CAGGGTCCGCTTTCTGAGAG,57,1602211
galSp,0.7666666666666667,51,29,ATTCCATTCATTACTACCTA,22,1596910
galSp,0.9,55,29,ATTAGTTTTCTAGTAACCCA,26,1617243
galSp,1.1,61,29,ATGGGACCATTTTCACGGAT,32,1602780
galSp,0.3,37,29,ATACCATAGGCATCAGATGT,8,1606342
galSp,0.43333333333333335,41,29,AGCGCAACCACTTCCTGGAT,12,1609814
galSp,0.13333333333333333,32,29,AGAAATGGTACGACCCTTTG,3,1603990
galSp,0.7,49,29,ACTGGGACATGGGTCGTAAG,20,1601891
galSp,1.4333333333333333,71,29,AATGATCGGCAACATATCGT,42,1595626
galSp,0.36666666666666664,39,29,AAACTCAAGTCTTAGGTGAT,10,1611379
galSp,0.23333333333333334,35,29,AAAAATTGTATTTGGCAGCT,6,1602558
galSp,0.5862068965517241,44,28,TTAATATAGTATATCCCCCT,16,1602650
galSp,0.5862068965517241,44,28,TGGGTGAATCAGTCTACTGT,16,1619618
galSp,0.4482758620689655,40,28,TGCATGCTGAAGCCGCTGTA,12,1599992
galSp,3.586206896551724,131,28,TGCATCGACAGTGGGAATGA,103,1608024
galSp,0.6551724137931034,46,28,TCGAGATTGCTGGGTGGCTC,18,1616092
galSp,0.7241379310344828,48,28,TCCACGGCTCCATAGCGAAC,20,1601839
galSp,0.10344827586206896,30,28,TCAGTTTGCCCACACAGAAG,2,1602414
galSp,0.6551724137931034,46,28,TCACCTTTCTCAGTGGATTA,18,1610643
galSp,0.4482758620689655,40,28,TCAAACAGCAGACCGCCGGA,12,1600246
galSp,0.4827586206896552,41,28,TATAACATTTCAGACGAGAT,13,1602093
galSp,3.103448275862069,117,28,TACTCTTATTACCCGTTTTA,89,1621404
galSp,0.5172413793103449,42,28,TACGATTTCGAATCTGGCGT,14,1602677
galSp,0.13793103448275862,31,28,TAAACCGCAAAGAGGGAGAC,3,1607041
galSp,1.206896551724138,62,28,GGGCCTTTGTGTACCCTCCA,34,1598022
galSp,0.41379310344827586,39,28,GGGAACTTGTATTCGCGCAA,11,1613937
galSp,0.13793103448275862,31,28,GGCTCGACATCAGAGCCATG,3,1601225
galSp,0.5172413793103449,42,28,GGCAGTAGTCTCAAGTATTA,14,1617746
galSp,1.206896551724138,62,28,GGCAGCGTTTACGTTCATGC,34,1602031
galSp,1.4137931034482758,68,28,GCTTTAGTTTCAAGACAACT,40,1610761
galSp,1.206896551724138,62,28,GCTGGCAAACGTTACACCAT,34,1615984
galSp,0.896551724137931,53,28,GCCCGTACGTATTGAGCGAA,25,1605543
galSp,0.5172413793103449,42,28,GAGCAACTCTGCTGAGGTCC,14,1618486
galSp,2.4482758620689653,98,28,GACTACAGGTTGTGCTCCTA,70,1618753
galSp,0.1724137931034483,32,28,CTGGTATTGGAATTTTACAG,4,1598175
galSp,0.20689655172413793,33,28,CTGATCGCGGTCCATCTTTA,5,1606838
galSp,0.5862068965517241,44,28,CTCGAGGTGCTTATCTAATA,16,1597546
galSp,0.10344827586206896,30,28,CTCCAACGATCAGTAGAACC,2,1608687
galSp,0.5517241379310345,43,28,CGCTCAGGGTTCACCACATG,15,1615319
galSp,0.3103448275862069,36,28,CCTAATGCCGCTGGTGGCTC,8,1617584
galSp,0.896551724137931,53,28,CCAACCCAGAGAAGACCACC,25,1604302
galSp,0.10344827586206896,30,28,CACCAGTCGTTGTGGTTGGT,2,1618976
galSp,0.6551724137931034,46,28,CAACGCTCCAGGTCACTTCT,18,1597888
galSp,0.6896551724137931,47,28,ATCCGAGGTAAGATGATTAG,19,1598772
galSp,0.4482758620689655,40,28,ATCCCACGGTCACGTAGTTT,12,1608053
galSp,0.5862068965517241,44,28,ACTGCCTATCGGTGTTCCAA,16,1602939
galSp,0.5862068965517241,44,28,ACCGGTTCATGCGTCACTAC,16,1612057
galSp,1.5862068965517242,73,28,ACCCTGCCTGGGATGAGGTA,45,1597858
galSp,0.41379310344827586,39,28,AATGCGGCATAGCTTCTCAA,11,1611690
galSp,0.6551724137931034,46,28,AATCTGGTTCCCACTCCCAC,18,1605569
galSp,0.3103448275862069,36,28,AAAGGAAGTTGCCAGCTACG,8,1596197
galSp,0.21428571428571427,32,27,TTTCACGGGCTCTTGGGGTA,5,1601657
galSp,0.8928571428571429,51,27,TTTATCCGAAAGTTTTGTCA,24,1599234
galSp,0.17857142857142858,31,27,TTCGATCCGTCTCCAACATT,4,1607319
galSp,0.9642857142857143,53,27,TGCGCCAGCCCCTACCGGTC,26,1608507
galSp,1.1428571428571428,58,27,TGACTTGAGGGCAATATCAA,31,1614817
galSp,0.35714285714285715,36,27,TCTAGTGAAAACGTCGGGTA,9,1602361
galSp,1.1071428571428572,57,27,TCGGAACCCGCTTTTGGAAT,30,1598179
galSp,0.14285714285714285,30,27,TCGAGCGGGTGTGTTTTGTG,3,1596942
galSp,1.1785714285714286,59,27,TCATCATTTCGGCCGCAGAT,32,1599886
galSp,0.7857142857142857,48,27,TCAACGCAGCTGGGGCCGGT,21,1603941
galSp,1.0357142857142858,55,27,TAATTATCCAACCTCGCAAC,28,1615039
galSp,1.5714285714285714,70,27,TAATGGCGATTGACCGGGAC,43,1610764
galSp,0.8214285714285714,49,27,TAATAATTTTAAGTTACCGG,22,1613829
galSp,0.10714285714285714,29,27,GTGGACGAACGACTTAAACT,2,1599835
galSp,0.14285714285714285,30,27,GGCGAAAATCACCACGAACA,3,1620938
galSp,0.7142857142857143,46,27,GGCCCTTGCGGCTGTCTTTA,19,1613888
galSp,2.25,89,27,GGCAGAGCCTTGATAGAAGT,62,1608003
galSp,0.17857142857142858,31,27,GCGAATGAATAACTGAGCTT,4,1596768
galSp,2.892857142857143,107,27,GCACCGACTCGCTCAACCGT,80,1605718
galSp,0.4642857142857143,39,27,GCAAATCAATGCGATCTGGC,12,1604763
galSp,0.10714285714285714,29,27,GATCGCAACCATATCGTCCA,2,1596573
galSp,0.5357142857142857,41,27,GAGTGTCGTACTCAGCTTCA,14,1607759
galSp,0.39285714285714285,37,27,GAGCCTTGTTTTATGAGCCA,10,1606828
galSp,0.39285714285714285,37,27,CTTGGTGGTGAGGCAGCCTT,10,1605455
galSp,0.25,33,27,CTTAGTGCGTCGTACGGTAT,6,1607223
galSp,0.25,33,27,CTGGTAGGACCTTTAATGGA,6,1605576
galSp,1.4285714285714286,66,27,CTGGACGCCCAAGAGAATTT,39,1612689
galSp,0.9285714285714286,52,27,CTCGCACTGCGATTCTAGAG,25,1610399
galSp,6.035714285714286,195,27,CTAGCGGCGACAGTATACGA,168,1612408
galSp,1.4285714285714286,66,27,CTACGTTAATCTACTGCAGG,39,1606292
galSp,1.3928571428571428,65,27,CGGCTTTCGTTCTTAAAACT,38,1596489
galSp,1.6785714285714286,73,27,CGAAGTCTAATCGATCAATC,46,1597515
galSp,2.0357142857142856,83,27,CGAACCCTGCCCCTGTAAGG,56,1619751
galSp,0.07142857142857142,28,27,CCTGGGACGGCGTTACTGAC,1,1612437
galSp,0.7142857142857143,46,27,CCTGAGCGGCCGAAAACAAG,19,1609381
galSp,2.107142857142857,85,27,CCCCAAACGAGCTCTTAAGT,58,1600177
galSp,0.32142857142857145,35,27,CCCAGCCCGCAGTTAATCAT,8,1619344
galSp,0.8214285714285714,49,27,CCATTGGCGCATGTCCATTA,22,1597186
galSp,0.32142857142857145,35,27,CAGAACATGTTTTATTAATG,8,1599605
galSp,0.6785714285714286,45,27,CACTCAATCGGCGTTTGCTA,18,1611891
galSp,0.5,40,27,CAAAAACATTTTCAAGCATC,13,1596534
galSp,0.2857142857142857,34,27,ATGGGCGTGCTGCACAATTA,7,1606521
galSp,0.8928571428571429,51,27,ATGACCGGGGTGATAAGGCA,24,1616262
galSp,1.5357142857142858,69,27,ATCTCGCTAATAAGGAGCTA,42,1603985
galSp,1.5357142857142858,69,27,ATAATCGTCGAATTGGTCCA,42,1610255
galSp,0.8928571428571429,51,27,AGGTGTCTCATGCAGCTAAG,24,1596488
galSp,0.75,47,27,AGGACGCCAGGGGTCATGAG,20,1614195
galSp,1.3214285714285714,63,27,AGAAGACAGAGCGATACTGT,36,1604452
galSp,1.5,68,27,ACCCGTGCTCCGGGATCTAC,41,1595632
galSp,0.5,40,27,ACAGTTCTTAGCGAATACTA,13,1597151
galSp,0.6785714285714286,45,27,ACAAGAAATGCGAGCGGATC,18,1607433
galSp,1.0714285714285714,56,27,AATCAGCGCCCTTCAAGGTG,29,1605625
galSp,0.42857142857142855,38,27,AAGCTTGAGTTCCTTCAGTA,11,1618668
galSp,0.21428571428571427,32,27,AAGCTATTGAAATTCGTGTA,5,1611559
galSp,0.10714285714285714,29,27,AAGCCTGTAAGGTCGGGTCA,2,1601781
galSp,0.2857142857142857,34,27,AACTCTCCGACTCGTACAAT,7,1596943
galSp,2.7142857142857144,102,27,AACTAGCTATGAACAACCTT,75,1610084
galSp,0.14285714285714285,30,27,AAATGTGTAGTTCGGTGGTA,3,1600475
galSp,0.7037037037037037,44,26,TTGGTGAGTCGCGCTCCATT,18,1597993
galSp,1.2222222222222223,58,26,TTCTAAGTTGGTTCATTTCG,32,1607794
galSp,0.1111111111111111,28,26,TTATTGTGCCTTCGGACGGT,2,1595450
galSp,1.1851851851851851,57,26,TGGTGGTGTAAGGCTGGGCT,31,1608469
galSp,0.7407407407407407,45,26,TGGTCCACGTACATTTATCA,19,1618142
galSp,1.037037037037037,53,26,TGAAAATAGCAGCATATATC,27,1597669
galSp,1.1481481481481481,56,26,TCTTACACTACCACCGGTAC,30,1602620
galSp,1.0,52,26,TCTGCAGAGTGTTGCTACAT,26,1601913
galSp,0.3333333333333333,34,26,TCGACTCAACATGGCGTATT,8,1611238
galSp,0.2222222222222222,31,26,TCGAAAGATCTGCTGTTTTG,5,1602401
galSp,0.5555555555555556,40,26,TAGGATTCTTACGTTGGGTA,14,1601231
galSp,0.6666666666666666,43,26,TAAATACTCCGGTCAGGATT,17,1604005
galSp,0.8518518518518519,48,26,GGGCTTAGTTATGGAATGAC,22,1603839
galSp,7.62962962962963,231,26,GAGTTACGGGTAGTCCTGGT,205,1613416
galSp,1.0740740740740742,54,26,CTTGGGTATCTATGAATGTG,28,1606095
galSp,0.2962962962962963,33,26,CTTAGTATTGCTCGGGCACT,7,1608914
galSp,1.6666666666666667,70,26,CTGAATCCGATGCGGGCGAA,44,1612463
galSp,0.8148148148148148,47,26,CTCCCGGTGGGAGTGGCCGA,21,1611378
galSp,0.4444444444444444,37,26,CGTACCCGAGCGTGTTAAGG,11,1603178
galSp,0.6296296296296297,42,26,CCTCGCAATCTCTATATGGC,16,1612521
galSp,33.148148148148145,920,26,CCTAACGGACGAGCGCGCCT,894,1616486
galSp,0.37037037037037035,35,26,CCGGACACCCTTGAACGAAT,9,1615280
galSp,0.14814814814814814,29,26,CCCGGTCAATCCTTTGGAAT,3,1610937
galSp,0.6296296296296297,42,26,CCAGGCTTGCAGCTTAAGAT,16,1618167
galSp,0.5925925925925926,41,26,CCACCACATAACACCTTCTG,15,1617169
galSp,1.037037037037037,53,26,CATTAAGAGTGAGACCTTGT,27,1610276
galSp,0.18518518518518517,30,26,CATCCACACCCGGGCTCCAC,4,1596411
galSp,0.5185185185185185,39,26,CACCTGCGAACGCGACAGTT,13,1609198
galSp,0.07407407407407407,27,26,ATGTCCGCTATTAGGAGCAT,1,1601365
galSp,0.07407407407407407,27,26,ATGTCAGGTGAGAAAAAGGG,1,1617154
galSp,0.5925925925925926,41,26,AGTGCCCGTGGTTCAGAGAA,15,1609929
galSp,0.18518518518518517,30,26,AGGTAGCCCGAATCAAGTTT,4,1612121
galSp,0.7037037037037037,44,26,ACTGGGGCCTATACGGCAAA,18,1602000
galSp,0.5555555555555556,40,26,AATTCTTGACCGGTGTAAGG,14,1609696
galSp,0.4444444444444444,37,26,AATGATTTGTGGAGAGAATA,11,1605848
galSp,0.1111111111111111,28,26,AATCCACGTCCTAAATCAAA,2,1613156
galSp,1.1851851851851851,57,26,AAGGGGGACGATTGCCGTTG,31,1616880
galSp,0.8518518518518519,48,26,AAGACGCGTTCGAGCGATGT,22,1602159
galSp,1.0,52,26,AACTGCAACCGAGGGGGTCA,26,1610728
galSp,1.1923076923076923,55,25,TTTGGCGGGGAAGCGTTCAG,30,1610932
galSp,0.07692307692307693,26,25,TTTAGTAGAGCTAGCCGTTC,1,1620752
galSp,0.6538461538461539,41,25,TTGCGGTAGGGTTACAAGGG,16,1597003
galSp,1.1153846153846154,53,25,TGGGATTGGCATGTTTGACC,28,1613699
galSp,0.19230769230769232,29,25,TCGGTTAGAACCGAACGCCT,4,1600484
galSp,0.19230769230769232,29,25,TCCATACTCCCGTAAGTACG,4,1618226
galSp,0.8846153846153846,47,25,TCAGGCGCGTTGGTTGTGAT,22,1611622
galSp,0.7692307692307693,44,25,TAGATAGGCTGCAGACGAAC,19,1606493
galSp,0.7692307692307693,44,25,TAACTAGCGTACATTATTTA,19,1605607
galSp,0.6923076923076923,42,25,TAACGTCGTGCCGCTTGCGA,17,1620789
galSp,0.3076923076923077,32,25,TAACCTTGCTGTGGGAAAAG,7,1616416
galSp,0.15384615384615385,28,25,GTTTAGTCAGTTAGCAGCGA,3,1611921
galSp,1.2307692307692308,56,25,GTTGTGAGAGTCACGTAGCT,31,1612744
galSp,1.1538461538461537,54,25,GTTGTCTGGCTTTGGATAGA,29,1609319
galSp,0.38461538461538464,34,25,GTGTCTACGTTTTCAAAAGT,9,1596192
galSp,0.5,37,25,GTAACATTTGATTCTGATGC,12,1620186
galSp,1.3461538461538463,59,25,GGCGCTTTAGGTCTCTCCTC,34,1598054
galSp,0.6538461538461539,41,25,GGCAGAATTGTTGAAAGAGA,16,1609384
galSp,0.4230769230769231,35,25,GGAGGTGATGCCACCACGTT,10,1599910
galSp,1.2692307692307692,57,25,GCTGGTCACTGTGTCTATAT,32,1602990
galSp,0.5,37,25,GCTCATACATGCGAGAAACT,12,1620032
galSp,1.8846153846153846,73,25,GCGTTTCGATCGACGTAACA,48,1597980
galSp,0.07692307692307693,26,25,GCGGATTACAGACGGGTTGC,1,1616145
galSp,1.0,50,25,GCCTCGTGAATTCACATGTA,25,1598456
galSp,0.07692307692307693,26,25,GCCCTCGATTTACTCGCGTA,1,1614422
galSp,0.8846153846153846,47,25,GCAGGACGTAACCTATTCGA,22,1620591
galSp,0.4230769230769231,35,25,GATAACTCAATTATATCTCC,10,1608925
galSp,1.1538461538461537,54,25,CTATTACATTTATGCATGGG,29,1598051
galSp,1.5384615384615385,64,25,CTAAAATAACAAGCCATGTC,39,1608437
galSp,0.38461538461538464,34,25,CGATGGTTTATCTCTCCAAT,9,1614854
galSp,0.2692307692307692,31,25,CGATAGTAACTCTCGCAGCA,6,1614204
galSp,0.6538461538461539,41,25,CCGAGTAGAGTGGAGACTTT,16,1600785
galSp,0.6538461538461539,41,25,CCCCTGTTTTAAGCTCTTCG,16,1610813
galSp,0.8076923076923077,45,25,CAATGAGGTAAGAGAAAAGG,20,1617484
galSp,0.5769230769230769,39,25,CAATATTCGGCGACCCGGTC,14,1599168
galSp,0.15384615384615385,28,25,CAACAGCGAAATTCCGAGCA,3,1595312
galSp,0.6923076923076923,42,25,ATGGAGGGACCAACGCACAG,17,1605626
galSp,2.0384615384615383,77,25,ATGAGCCGAACAGCGTTGGC,52,1612644
galSp,2.0384615384615383,77,25,ATCCAATAGTGCTTATACTC,52,1599968
galSp,1.5,63,25,ATCATGTAAAGTTTCAGAGA,38,1609464
galSp,0.11538461538461539,27,25,AGGGATATCTGCTGTCGATT,2,1608512
galSp,1.0,50,25,AGATGGTATGTATGGCCGGT,25,1614267
galSp,0.6153846153846154,40,25,ACTTTTAGGGTTTTCTGCTC,15,1601279
galSp,0.7307692307692307,43,25,ACGATGCACGTGTAGAATGA,18,1614623
galSp,0.19230769230769232,29,25,ACGACTCTAAACGAAGGCGC,4,1616545
galSp,0.5769230769230769,39,25,ACCCATTTCACGGCTTCAAT,14,1611938
galSp,0.38461538461538464,34,25,ACCAATAGCCCACCAAGTTT,9,1611893
galSp,0.38461538461538464,34,25,AAGGAGCCCCCTGCCGCTAT,9,1617316
galSp,0.5384615384615384,38,25,AAATGTTCCTCCAGGTACAA,13,1599653
galSp,1.1153846153846154,53,25,AAACGTTCGGGGACCTCGTT,28,1613295
galSp,3.2,103,24,TTCGCTATTGGGAACTGTAT,79,1613311
galSp,0.12,26,24,TTCCTGAATTGCACTTCATG,2,1611333
galSp,0.56,37,24,TCTTCTATGCTTGATCTTTT,13,1609337
galSp,0.48,35,24,TCGGTGATCGGTCCGTGAAC,11,1606353
galSp,0.16,27,24,TCGAGTAGGCCCTAAGAGCA,3,1605514
galSp,0.4,33,24,TCATCCACCCCCTAAGGGTA,9,1607421
galSp,1.24,54,24,TCAGGATTTCAGCGTGCAGC,30,1613056
galSp,0.12,26,24,TATTGAGATTCAGTAAGTTT,2,1600813
galSp,1.88,70,24,TATACGTCGGGGTCCCGGAC,46,1604292
galSp,1.92,71,24,TAAGTCGGCTGCAGCTCCGA,47,1602621
galSp,0.4,33,24,GTTACTATCTCCTAAGGTAT,9,1598070
galSp,1.52,61,24,GGTGTTTATGTGAATGCTAG,37,1595416
galSp,1.36,57,24,GGCGCACATCTGGTTATCGA,33,1610621
galSp,0.68,40,24,GCTAGAGCGTGGCAACCAAA,16,1608511
galSp,0.12,26,24,GCGGTCCTGGGCATGCACTA,2,1615359
galSp,2.36,82,24,GCCACAATCCATCCTCGAAG,58,1599379
galSp,1.16,52,24,GATGTTTGAGTAGACACGAG,28,1613563
galSp,1.24,54,24,GATCCATAGTTAAGCGCATG,30,1618176
galSp,0.08,25,24,CTTCGCATTTTATTTTGATA,1,1604925
galSp,0.64,39,24,CTTACGCGTCCTTCTTCGCG,15,1611192
galSp,0.52,36,24,CTCGTCTCATATTGATAGCT,12,1604786
galSp,5.16,152,24,CTCAGGATCACTTAGGGCTT,128,1602960
galSp,0.08,25,24,CTAGGCTCGGTCACGCGGCA,1,1609701
galSp,0.12,26,24,CGTCCGTCGGCCATAGTTGC,2,1598326
galSp,1.0,48,24,CGTAGACATACCTCTTAGTT,24,1601321
galSp,1.28,55,24,CGGTCCCCTGACACCCACAT,31,1596331
galSp,1.48,60,24,CGGGCTGTCGGTCGTTTTGT,36,1596030
galSp,0.12,26,24,CGCATAATTATCTAGGGAGA,2,1615501
galSp,0.96,47,24,CGATACAACGTAGGATATTA,23,1602273
galSp,2.0,73,24,CGACTTAGGCTTTCAAGGGT,49,1606851
galSp,0.16,27,24,CCGTAAAATTGAGGATTCGA,3,1616676
galSp,0.2,28,24,CCGGGATTGCAAGCCTATCC,4,1596805
galSp,0.32,31,24,CCGAAGACTCAGGAGGCCCG,7,1608421
galSp,0.6,38,24,CCCCACCATCTCGGGTTGTT,14,1615939
galSp,1.08,50,24,CCATGGCAGGCAAAGGGAGC,26,1615157
galSp,16.6,438,24,CCATGAAGCCTCAAGATGAT,414,1603615
galSp,0.12,26,24,CCAGGGCGCGCCGCGTCGCA,2,1610379
galSp,0.24,29,24,CCACCGCATTTCAGGGATTG,5,1600116
galSp,0.64,39,24,CACTCGTAACCACATCAGCA,15,1599779
galSp,0.56,37,24,CACGTTGAGATAGATGAAAC,13,1621038
galSp,1.44,59,24,CACGGGTTCAGAACGAAAGT,35,1605361
galSp,1.72,66,24,CAATCGGCTGTTCCTCATTC,42,1617057
galSp,0.08,25,24,CAAGGTCCAGGTCCACTTGC,1,1606279
galSp,2.68,90,24,ATGCACAGCAACTCCACACC,66,1601713
galSp,0.52,36,24,ATCGAGGCTAATCACCCCGG,12,1605180
galSp,0.8,43,24,ATCAATCGATAGCAGGATAT,19,1613271
galSp,0.76,42,24,ATAGTTTATAAACGCGCCGA,18,1601234
galSp,0.68,40,24,AGAACGGGCAATTCGTCCCA,16,1604815
galSp,0.84,44,24,ACCTATAGATTTGCTTCAGA,20,1610056
galSp,1.08,50,24,ACAATAAGAGCCTATCTTAT,26,1610602
galSp,1.44,59,24,AATTTCACTTGCTTACGACC,35,1613080
galSp,0.8,43,24,AATGACTCGCTACCAAGGTT,19,1606541
galSp,0.96,47,24,AATACGAAATCTTTTTGAGT,23,1596283
galSp,0.2916666666666667,29,23,TTTCGACTCATTGTTCCTGC,6,1605204
galSp,4.75,136,23,TTTACTTCCTAACATCGCTG,113,1599623
galSp,1.7083333333333333,63,23,TTGCCTAGATGGTGGCTCAA,40,1596096
galSp,3.3333333333333335,102,23,TTGCACAGCCTATTTCACGC,79,1610915
galSp,0.08333333333333333,24,23,TGTGAGGCTGTATTTTTACA,1,1618157
galSp,1.1666666666666667,50,23,TGTAGAACGACTGGGTTGTA,27,1617894
galSp,0.08333333333333333,24,23,TGAACAGATAGAGTGGAATT,1,1602835
galSp,1.4166666666666667,56,23,TCTTGGCCGCTTAGTACCTA,33,1613608
galSp,1.0833333333333333,48,23,TCATTTTCATCAGTTAACCC,25,1607935
galSp,0.4583333333333333,33,23,TATTGAGGCATTGCGTGATA,10,1603590
galSp,1.2916666666666667,53,23,TATGTCGAGTCACCTACAAT,30,1604719
galSp,0.5833333333333334,36,23,TAGCACTCATTCGGTTCCAG,13,1597354
galSp,0.8333333333333334,42,23,TAGACGAGCACGAACAGTTT,19,1600567
galSp,0.125,25,23,TAAACAGTCCCTGCCATGCA,2,1610980
galSp,0.2916666666666667,29,23,TAAAAATGTATTGAAATTTA,6,1599272
galSp,0.3333333333333333,30,23,GTTTGCGAGCCAGCGACCGG,7,1597441
galSp,0.20833333333333334,27,23,GTCGTCGTGTATCGCTCTGG,4,1609492
galSp,0.20833333333333334,27,23,GTATTAAGAGTGGGACTCGG,4,1596638
galSp,3.0,94,23,GTAGGCAGCGAAAGACCCTT,71,1595231
galSp,0.6666666666666666,38,23,GGTCAAAAAAATTCGCCTCA,15,1620829
galSp,1.0,46,23,GGGCGCCGAACTGCGTAGCC,23,1604205
galSp,0.2916666666666667,29,23,GGCCCTGTAGTGTCTTCTCA,6,1611308
galSp,0.875,43,23,GGCCCTAGAGCCTGATGGAT,20,1604613
galSp,0.375,31,23,GGATCATTATCATAGGTATC,8,1613959
galSp,0.8333333333333334,42,23,GGAAACTTCCGAAAAGAACC,19,1613155
galSp,0.875,43,23,GCAGGCGTTGGAGAAGACAC,20,1596589
galSp,0.16666666666666666,26,23,GATTGTAGCTGGGCGCTGCA,3,1597366
galSp,0.375,31,23,GATCTAGGCATACTGCGGCC,8,1598961
galSp,2.9166666666666665,92,23,GATAGCTCTGTGATCAGCCT,69,1606377
galSp,0.6666666666666666,38,23,GAGTAAGGTCGCATATTTTC,15,1610828
galSp,1.0416666666666667,47,23,GAGATGCGATGCTGAACTGA,24,1620667
galSp,0.16666666666666666,26,23,GAGACAAACGGAAACAGCCT,3,1596058
galSp,0.25,28,23,GACCTAAGACAGGTGTGAGA,5,1601865
galSp,0.8333333333333334,42,23,GAAGACCCCCTGCGAACTCA,19,1611348
galSp,0.375,31,23,CTTGTGTGCCACAGTCCAAA,8,1605510
galSp,0.375,31,23,CTTGTGTAAGGTAAATTAAG,8,1597620
galSp,0.125,25,23,CTGACGCTCATGCACCCTAG,2,1610115
galSp,0.4166666666666667,32,23,CTCGTCAGGCATTGCCCTGT,9,1613071
galSp,0.7083333333333334,39,23,CTATCCTTTCAGGGTTAGAA,16,1598723
galSp,1.0416666666666667,47,23,CTAGAAAACTAATAGACGAT,24,1614796
galSp,6.041666666666667,167,23,CGTTTGCGGGTTATTAATTC,144,1612403
galSp,0.5,34,23,CGTAGCTGCTCTGGGAGATA,11,1612985
galSp,1.375,55,23,CGCATGGACATTTCTCATAA,32,1616918
galSp,0.08333333333333333,24,23,CGAATTGGTGCAATAATGTT,1,1606185
galSp,0.3333333333333333,30,23,CCGGGTTGGTAGGGGTGGGC,7,1616622
galSp,0.2916666666666667,29,23,CCCGAAACAAGTTTGACAAC,6,1602048
galSp,0.20833333333333334,27,23,CATCTGCCTATATTTCGAGG,4,1599145
galSp,1.2083333333333333,51,23,CAGCTGTAGGTTTTTCCGTG,28,1610152
galSp,0.625,37,23,CAGCCGCCCTCAAATTCGGA,14,1605849
galSp,0.3333333333333333,30,23,ATTATAGACCTCCAAATGCC,7,1597362
galSp,0.20833333333333334,27,23,ATGCCGACTCGCATGATGCA,4,1601498
galSp,1.3333333333333333,54,23,ATGCCAGCCCAAGCCTCGGT,31,1609946
galSp,0.9583333333333334,45,23,ATCCCCTGTAATCCGAGCAA,22,1595682
galSp,0.7916666666666666,41,23,ATAACGCCGGTCTATACGAG,18,1598801
galSp,0.2916666666666667,29,23,AGTATCAAAGAGGCAGGTTC,6,1595832
galSp,0.2916666666666667,29,23,AGCGGGCCGCGCCACTCAAG,6,1602231
galSp,1.0416666666666667,47,23,AGCAGTGATCACGATCATAT,24,1608695
galSp,0.625,37,23,ACTACAAGTCGGGAGGGTCA,14,1620870
galSp,0.5833333333333334,36,23,ACGCCTGCCTATGTGGCACA,13,1606790
galSp,1.5416666666666667,59,23,ACCTGTACGGCCGGCATAAC,36,1599489
galSp,1.2916666666666667,53,23,ACACGATCGTTATGTGTGGT,30,1608310
galSp,1.25,52,23,ACACATATAGTTCAGCAGAT,29,1613849
galSp,0.08333333333333333,24,23,AAGCGACTTCAAACCTACCA,1,1595774
galSp,0.2916666666666667,29,23,AAAGTCCTGGGATATGTGTC,6,1600144
galSp,0.25,28,23,AAAGTAAAGAGTGTGAAATT,5,1616434
galSp,0.13043478260869565,24,22,TTTTCGTTCCGAGGAACGGA,2,1596742
galSp,2.347826086956522,75,22,TTCATGCGATAATCGCTTTA,53,1606617
galSp,0.17391304347826086,25,22,TTCAAGTCCACCCTGCTAAG,3,1621256
galSp,1.8695652173913044,64,22,TGGCGGTTTGCATACAATCA,42,1615747
galSp,0.6086956521739131,35,22,TGAATACGTCTTACTCGAGG,13,1597833
galSp,0.7391304347826086,38,22,TCTAGCTTTGGTAGCTAGGG,16,1617879
galSp,1.173913043478261,48,22,TCTAATGGTACGCAACGGAC,26,1608133
galSp,0.13043478260869565,24,22,TCGTCGCGATTAGACTCTCT,2,1599165
galSp,0.08695652173913043,23,22,TCGGATTGAGGTCCACAAAA,1,1611962
galSp,0.43478260869565216,31,22,TCAGCCATGTAAATTCCTTT,9,1610651
galSp,0.17391304347826086,25,22,TATATTGGATCAGGATTACA,3,1607725
galSp,0.6521739130434783,36,22,TAGGTCGTGGCGTGATGTCT,14,1601584
galSp,0.34782608695652173,29,22,TACCGCTGCAAGTGCCGGAC,7,1597473
galSp,1.2173913043478262,49,22,GTGCTCGCTTCAGCCAAGCA,27,1609067
galSp,0.34782608695652173,29,22,GTCAAGGGGCATCGAACTAT,7,1609135
galSp,0.4782608695652174,32,22,GTAGGACCCCCAGTCGATTG,10,1602813
galSp,1.173913043478261,48,22,GGTAGGGGTCTTCAGCAGCT,26,1619788
galSp,1.5217391304347827,56,22,GGGACCTCACAAAAATGCAA,34,1601923
galSp,0.13043478260869565,24,22,GGCATGCCACGAGTGGGTCT,2,1609541
galSp,0.4782608695652174,32,22,GGATTTCTGGTGAGATCCTA,10,1607860
galSp,0.13043478260869565,24,22,GGATTCACGCGACGAAAAGC,2,1599588
galSp,0.6521739130434783,36,22,GCTTTTGACTACCCTGGTCC,14,1608644
galSp,0.782608695652174,39,22,GCTGATATCTAGCGATCCGC,17,1596179
galSp,0.6956521739130435,37,22,GCTCTTTAAAGGAAAGCGTG,15,1607682
galSp,0.43478260869565216,31,22,GCCTAATATGGATTAGATTT,9,1612094
galSp,2.260869565217391,73,22,GCCCTAGCAGACTGTGCTAA,51,1603720
galSp,0.5217391304347826,33,22,GCCAGGTCACTAAGGACTTT,11,1599127
galSp,0.8695652173913043,41,22,GCACCGCCACCATACCTGAT,19,1597053
galSp,0.7391304347826086,38,22,GCACAGATAATTGTTCAATG,16,1601206
galSp,0.8260869565217391,40,22,GAGGGTTTATCCTTTCCAAG,18,1621258
galSp,0.4782608695652174,32,22,GAGCGATCTCCGGTCGAAGG,10,1596623
galSp,1.7826086956521738,62,22,CTGTGAGTGCCGCCTGGATA,40,1596920
galSp,0.43478260869565216,31,22,CTCACGTAGGAGGTATGTAA,9,1597633
galSp,0.34782608695652173,29,22,CTAGCTTAGGGCTGGAAGGA,7,1612116
galSp,1.2173913043478262,49,22,CGTTGACCGTCTCTCTGCGA,27,1597324
galSp,0.08695652173913043,23,22,CGGGTGATTTCATTTTCAGG,1,1600613
galSp,0.08695652173913043,23,22,CGCTCGATCGTCCGCCCCAA,1,1616014
galSp,0.17391304347826086,25,22,CGATGAGGGCATCTAGTGTA,3,1610057
galSp,2.0434782608695654,68,22,CCGCTTCCGAGTCCTTCTAA,46,1606029
galSp,0.43478260869565216,31,22,CCAAAGAAAGGCATGGTTTG,9,1612683
galSp,1.0434782608695652,45,22,CATTTGCACAAACAGTGGTT,23,1608033
galSp,0.21739130434782608,26,22,CATTGTCCGTTCCACCATCG,4,1604403
galSp,1.434782608695652,54,22,CAGGACCGGCCCCCCTATAG,32,1599458
galSp,0.4782608695652174,32,22,CAGAGCAACAAGGCCGCCGG,10,1606971
galSp,0.6956521739130435,37,22,CAAACACGTAACTGGAGGCC,15,1598427
galSp,0.5652173913043478,34,22,ATTTCTCTTGAAGCAGCCAA,12,1606310
galSp,1.9130434782608696,65,22,ATTACTTGCGGTCCCGGAAC,43,1611647
galSp,0.17391304347826086,25,22,ATGTAGGTCGGCAGAATCAT,3,1602422
galSp,1.0869565217391304,46,22,ATGCGACAGGGCAATCGAAT,24,1604657
galSp,0.13043478260869565,24,22,ATCTGTAAAGCAAAATCGAA,2,1617190
galSp,0.6956521739130435,37,22,ATATCCTAATGACCGGTTGA,15,1605901
galSp,0.08695652173913043,23,22,AGTGGGAGCCGCACCGAATG,1,1617678
galSp,0.5652173913043478,34,22,AGTAACTCTACAACTCAGCG,12,1601105
galSp,0.9130434782608695,42,22,AGGACAATATTCTCCGGCTC,20,1613189
galSp,0.13043478260869565,24,22,AGCTCACTTTTTTCGCCGAT,2,1609997
galSp,1.5217391304347827,56,22,AGATAGCGTCATCTAAGGAC,34,1597785
galSp,0.9130434782608695,42,22,AGACGGAGTACCTCCGGTAT,20,1610096
galSp,12.521739130434783,309,22,AGACAGGTCTTAACATGGCG,287,1602386
galSp,0.21739130434782608,26,22,ACGAATGCACCTGTCTAGAC,4,1598292
galSp,0.6521739130434783,36,22,ACCTTTCGGCTTCAGTCGAA,14,1607037
galSp,2.4347826086956523,77,22,AATCGGAGTCTAAGCACACG,55,1602896
galSp,0.08695652173913043,23,22,AAGCTTAAAGGCTGTCGTGT,1,1612620
galSp,2.8260869565217392,86,22,AAGAGCACCTCCTATCGCTA,64,1598152
galSp,0.17391304347826086,25,22,AAGAAGTCTAGCAAAGTAAA,3,1610714
galSp,0.782608695652174,39,22,AACGCGCATACTTCGGTTCC,17,1595453
galSp,0.13043478260869565,24,22,AACCACCGGAGTGTGTAGAT,2,1612750
galSp,1.8695652173913044,64,22,AAAGGCTCCCTTTCTCTGCT,42,1613268
galSp,0.30434782608695654,28,22,AAAACGACTGTTAGGCCGCA,6,1610216
galSp,0.4090909090909091,29,21,TTTTAGCATTTACGTCATCA,8,1599132
galSp,0.09090909090909091,22,21,TTATGAAGCTCTCGAGTGTT,1,1598642
galSp,0.5454545454545454,32,21,TGTTGCAGGACAGGCGTAGA,11,1615844
galSp,0.5909090909090909,33,21,TGTCCGGAGATGCCATAGAA,12,1608636
galSp,0.2727272727272727,26,21,TGCTGCCGCGCACGACTAAT,5,1608423
galSp,0.3181818181818182,27,21,TGCTCAATGTTAACGCTCTT,6,1600231
galSp,0.45454545454545453,30,21,TCTTTGTGTGTGGATGTATT,9,1615439
galSp,1.2727272727272727,48,21,TCTTCGAGTACAGCGTTCAT,27,1601337
galSp,0.45454545454545453,30,21,TCAGGTTCGTTTCTGGATTT,9,1597763
galSp,6.681818181818182,167,21,TATTTCAAAATTGAGTCGTT,146,1599342
galSp,3.6818181818181817,101,21,TATCCGGGTACGATCACCTT,80,1604580
galSp,0.9090909090909091,40,21,TAAACGGAACGGACTGTGGT,19,1597899
galSp,0.45454545454545453,30,21,GTTTCAATCGAACAGTGTCA,9,1616409
galSp,0.22727272727272727,25,21,GTTCCAGCTTCCACTGCCAC,4,1602325
galSp,0.36363636363636365,28,21,GTGGGGCTGTTGTACCTGAA,7,1617761
galSp,3.3636363636363638,94,21,GTATGGCGTTCTCTCCACCC,73,1613732
galSp,1.9545454545454546,63,21,GGTGCTCGCCTCAATGCCTT,42,1618252
galSp,0.6363636363636364,34,21,GGTAGCCCTTTGCGACGCTA,13,1611168
galSp,0.5,31,21,GGGTATCCGTCACAACAAGC,10,1619094
galSp,0.4090909090909091,29,21,GGGATAAATCATGGCTTGGG,8,1618454
galSp,0.9090909090909091,40,21,GGCACTTAAGTCGATAATCA,19,1598112
galSp,0.9090909090909091,40,21,GCGGCCGAAAGCGGCCGTAT,19,1605934
galSp,0.22727272727272727,25,21,GCCGTGCCGCCTGAGTTCGA,4,1600083
galSp,1.0,42,21,GCCAGAATATTAAACCCTCA,21,1620002
galSp,1.0454545454545454,43,21,GATCACTTATCAGGTCGGTT,22,1598012
galSp,1.1363636363636365,45,21,GAATACCTCCTAGCGGAGAA,24,1606037
galSp,0.6363636363636364,34,21,GAAAGTTAACTTTCTATTGG,13,1604576
galSp,1.0454545454545454,43,21,CTGGGGCGTCGTCCATGTGA,22,1603557
galSp,0.09090909090909091,22,21,CTGCGTCACCGCATATTTAA,1,1605177
galSp,1.4090909090909092,51,21,CTCGGCGAGGGCTTGTGTAA,30,1602768
galSp,0.18181818181818182,24,21,CTATAACGTTTAGTTCAAGT,3,1597284
galSp,0.7727272727272727,37,21,CTAAGTCAAACGGCACATAG,16,1613054
galSp,0.5,31,21,CGGTATCGGCAAGGACAGGA,10,1604224
galSp,0.36363636363636365,28,21,CGGGACTCTCATGGCCATTA,7,1615164
galSp,1.2272727272727273,47,21,CGCGCAGGCCCTCCGCCTCT,26,1601937
galSp,0.5909090909090909,33,21,CGAGAATGCCGTCTTACCAA,12,1611516
galSp,0.45454545454545453,30,21,CGACCTCGGCGTTGGCCCCA,9,1595866
galSp,0.6818181818181818,35,21,CCGGTCGCTCACTCGCGTAT,14,1603142
galSp,0.36363636363636365,28,21,CCGCTATGGAGGAAGTTAGG,7,1613472
galSp,0.4090909090909091,29,21,CCCCCCTGCACAGCTTCTTG,8,1600860
galSp,2.0,64,21,CCATTCTTCTTAATCGTCTA,43,1616519
galSp,0.09090909090909091,22,21,CCAAGAATAATGCAGCTTCG,1,1608145
galSp,0.3181818181818182,27,21,CATTGCTACGTAAATCGTTG,6,1606607
galSp,1.0909090909090908,44,21,CAATTCAACAAATGGTCGGA,23,1613205
galSp,0.2727272727272727,26,21,ATTCCCCGCGCAAGACGTGA,5,1597576
galSp,0.5454545454545454,32,21,ATTAGTATCCCTTCGTATTG,11,1603591
galSp,0.7272727272727273,36,21,ATGGGGACCTTCAGCTCTAC,15,1596163
galSp,0.6818181818181818,35,21,ATGCTCGCAAGCCATGGTGT,14,1613050
galSp,0.6818181818181818,35,21,ATGAAGGGGCAGCTCGTAGG,14,1616322
galSp,0.5909090909090909,33,21,ATAGGGTGAGATTTCACGTA,12,1613175
galSp,0.13636363636363635,23,21,ATAGGCCGAGGGCCTATAGA,2,1598979
galSp,0.6363636363636364,34,21,ATAAGTAATAACTCCTCCGA,13,1600864
galSp,0.5454545454545454,32,21,AGTATAAATCATTCACCGAT,11,1603200
galSp,0.5909090909090909,33,21,AGGAAAGTCTTATCTCGATT,12,1602002
galSp,0.9545454545454546,41,21,AGCAGTAGCAATACAACCAA,20,1616615
galSp,0.6818181818181818,35,21,ACTCTGGGCTTGGCAGCGAC,14,1596847
galSp,0.09090909090909091,22,21,ACGTCCGTGGCAGAGAATAA,1,1615399
galSp,0.36363636363636365,28,21,ACGAGAAGACATCCATCTTT,7,1614280
galSp,0.22727272727272727,25,21,AATTTCGCACGAAAGACTAG,4,1617941
galSp,8.409090909090908,205,21,AAGGAAAACCATCTAAGAAT,184,1598139
galSp,0.4090909090909091,29,21,AACTATAGCCTCTTCGTGCT,8,1602627
galSp,0.9545454545454546,41,21,AACAAAGTCTAGTGGGAACC,20,1602501
galSp,0.8095238095238095,36,20,TTGTGTCGGATCGTAGATTC,16,1604590
galSp,0.38095238095238093,27,20,TTGGTACACCCCAGCCATTG,7,1597126
galSp,0.9523809523809523,39,20,TTCTGACTATGTGCAGGCTG,19,1595758
galSp,1.3333333333333333,47,20,TTATGGAATGTATGGAGATC,27,1611275
galSp,0.7142857142857143,34,20,TTAATCTAATTGTCGCGTAC,14,1603977
galSp,0.19047619047619047,23,20,TTAACTCTAGATCACCTCTA,3,1597286
galSp,0.09523809523809523,21,20,TGACTTCGACGGCAAAACAC,1,1604140
galSp,0.09523809523809523,21,20,TCTAACGGCGTCCACCTAAC,1,1603017
galSp,1.9523809523809523,60,20,TCGGGTCCTAACTCAGCTGA,40,1607335
galSp,0.9047619047619048,38,20,TCATCAGTCGAATACGCATC,18,1600843
galSp,2.5238095238095237,72,20,TCACTTAGGAGTGGTAGGGT,52,1616244
galSp,0.8571428571428571,37,20,TATTATGATCATTGTGTCTT,17,1597571
galSp,0.38095238095238093,27,20,TATAAACTCGAAAGCTACTA,7,1597309
galSp,0.9523809523809523,39,20,TAGCAGTATTCATACGACTA,19,1599151
galSp,2.142857142857143,64,20,TACGAAGTGATTTCAGGGGC,44,1598654
galSp,1.8095238095238095,57,20,GTGTGATTCGTATCTGCGCC,37,1613733
galSp,0.8571428571428571,37,20,GTGGGTATTTATTACGGGAC,17,1606530
galSp,1.3333333333333333,47,20,GTGACTAAGTTAAGCTTTAC,27,1610470
galSp,0.09523809523809523,21,20,GTCGATACACCGTGTCCTGA,1,1602559
galSp,0.6666666666666666,33,20,GGTTTACGAAAGTAGAGACT,13,1616770
galSp,0.6190476190476191,32,20,GGGGGGAAAAGTGAACGTTG,12,1609250
galSp,0.9523809523809523,39,20,GCTAGGGTCGTCTATATGTG,19,1600079
galSp,0.3333333333333333,26,20,GCGGTCCAGTTCTACTTCGT,6,1605728
galSp,2.1904761904761907,65,20,GCGGCACTCTGTGGACTAAA,45,1606916
galSp,0.8095238095238095,36,20,GCGCTAGACTCGTACAAGTG,16,1614992
galSp,0.38095238095238093,27,20,GCCAGGTTAGAACGATATGG,7,1604133
galSp,0.6666666666666666,33,20,GCAATAAGCGGTCTTAGAGA,13,1596280
galSp,0.9523809523809523,39,20,GATGTGCGGTATCATGGCTG,19,1620348
galSp,0.8095238095238095,36,20,GATAATCAATTTGGAGTTAC,16,1613924
galSp,0.6666666666666666,33,20,GAGACTCCTATAGCTGTCCA,13,1603052
galSp,0.2857142857142857,25,20,GACATGGATGGAGCGGAGTT,5,1606385
galSp,0.9523809523809523,39,20,GACACCATCGGTAAAAAATT,19,1604889
galSp,0.47619047619047616,29,20,CTTGACCACACGCGGATTAG,9,1605157
galSp,0.8095238095238095,36,20,CTTCGATCGTCAGGCTTCAA,16,1621240
galSp,0.23809523809523808,24,20,CTGAAGTATACCACGGTTAT,4,1613574
galSp,2.0476190476190474,62,20,CTCTCTCCCTTCGTAGCGTG,42,1598223
galSp,0.3333333333333333,26,20,CTCTAACCGGATTCCATCAC,6,1602897
galSp,0.7142857142857143,34,20,CTCGGGACCGAACATATCGT,14,1610686
galSp,1.4285714285714286,49,20,CTAGATGGCATTTTTAGGTA,29,1613896
galSp,0.7619047619047619,35,20,CGCTAGGCCCCTGTCACTAT,15,1595373
galSp,0.38095238095238093,27,20,CGCCGGGGGGGATGCGCTTT,7,1599382
galSp,0.14285714285714285,22,20,CGCCAATGTGGAGTATGAAC,2,1601925
galSp,1.1428571428571428,43,20,CGACGGGGTAGCATCCCAAG,23,1616002
galSp,0.14285714285714285,22,20,CGACACAAGTTCAGGTTGCT,2,1609514
galSp,0.5714285714285714,31,20,CCGCCTGCGTAGGCTCATCG,11,1620051
galSp,1.0,40,20,CCCTCACGAAGAGGTTTGAC,20,1607917
galSp,0.42857142857142855,28,20,CCCGTCTTTCGCTGTCCTTC,8,1601451
galSp,0.7619047619047619,35,20,CCCACCGTCCGTTGCGGGAA,15,1605317
galSp,2.5714285714285716,73,20,CCCAACTGCGCACCTGATAC,53,1614406
galSp,0.7142857142857143,34,20,CATGTACTCGAAATTACGTA,14,1595590
galSp,0.5238095238095238,30,20,CATGCATCTCGAACTTATAT,10,1596612
galSp,1.1428571428571428,43,20,CATCGAGGATTAGTTTAATA,23,1601841
galSp,0.7619047619047619,35,20,CAATGTTTGCAGCGGTTAAG,15,1618425
galSp,0.7142857142857143,34,20,CAACTCTGGCCTCGTAAACA,14,1597574
galSp,1.2380952380952381,45,20,CAACAATACACCGGAGGGTG,25,1605545
galSp,1.0,40,20,ATTGTGCCCATACGGGGAGT,20,1618640
galSp,0.23809523809523808,24,20,ATTCTCTGGAACCGGTTCAA,4,1606754
galSp,0.6190476190476191,32,20,ATTCCTAACGAGGCGAACAG,12,1608344
galSp,0.09523809523809523,21,20,ATGGCATAGTCATACGATTA,1,1614458
galSp,0.38095238095238093,27,20,ATGCATTAGAGCCTCGCGGC,7,1602049
galSp,0.14285714285714285,22,20,ATGAATAGTGGTTGGAAGAA,2,1620487
galSp,1.0952380952380953,42,20,AGGCTAGTTTCGAATATCTC,22,1608693
galSp,0.5238095238095238,30,20,AGCCCCCTCGTATGAGGGCG,10,1609358
galSp,0.2857142857142857,25,20,AGAGACGTCGGGAGTCTTAG,5,1607827
galSp,3.6666666666666665,96,20,ACTGCCTTGCCGATCGGTGC,76,1597601
galSp,1.1904761904761905,44,20,ACCTAGAATATAGAGATCTA,24,1616727
galSp,8.952380952380953,207,20,ACCGTTTTGGAGCCCAAAAA,187,1604637
galSp,0.8571428571428571,37,20,ACCAATGGCAAGGATCAACC,17,1612273
galSp,0.38095238095238093,27,20,ACATGGAAGCGATGTAATTC,7,1599290
galSp,0.19047619047619047,23,20,AATTTCCGGACCAGTGGCAG,3,1610271
galSp,1.8095238095238095,57,20,AATGTGATACAAATCGTGCA,37,1604012
galSp,0.7142857142857143,34,20,AATGTCTACGTCATCACCTA,14,1601410
galSp,0.14285714285714285,22,20,AATCCACATTTTAGAGCTCC,2,1603761
galSp,0.5714285714285714,31,20,AATCAAGTACATTGTGATGG,11,1614811
galSp,0.9047619047619048,38,20,AAGCGTCCCTTTAGGAGTCT,18,1596029
galSp,1.95,57,19,TTTGGGTTGATCGCAATATC,38,1602628
galSp,0.5,28,19,TTTGGCATGCCGGACTAAGA,9,1606218
galSp,4.1,100,19,TTTGAACTAATGCTCAAGTA,81,1601722
galSp,3.55,89,19,TTGATCAAGCCTACATTAGA,70,1595969
galSp,0.3,24,19,TTGACCAGGTAACAGGGGCA,5,1604161
galSp,1.4,46,19,TTATAGAGTCGAATAGGTAT,27,1616601
galSp,0.1,20,19,TTAACTGCTCTCAGACCTAT,1,1607824
galSp,1.4,46,19,TGTGGGACCCCGCCAGCGAT,27,1619444
galSp,0.55,29,19,TGTAGGCGGCGTATTAGCGC,10,1617058
galSp,0.9,36,19,TGGTGCAAGTTCCAATTATA,17,1598001
galSp,2.2,62,19,TGGACACATGTTTTTTGGTT,43,1613296
galSp,0.2,22,19,TCTCTATAACACGGTGTGGC,3,1604160
galSp,0.8,34,19,TCGTTATGGGCTGCTTTAAC,15,1609971
galSp,0.9,36,19,TCGTCACTCGGAGGGATCCA,17,1600025
galSp,1.85,55,19,TCGAATCCGGTTGGCAGACA,36,1595794
galSp,1.05,39,19,TCCTAGAATAAACGAGGGAC,20,1601042
galSp,1.35,45,19,TCCGGTAAGCCACGAAAGGA,26,1598571
galSp,1.05,39,19,TCAGTGACAGCTCATCTTCG,20,1614543
galSp,3.4,86,19,TCAGGACCACCGAACTCCAC,67,1615012
galSp,1.25,43,19,TATTTATAGGTCGCGAACAA,24,1603259
galSp,0.35,25,19,TAGGGATAATGGGCGAGGTT,6,1598762
galSp,5.85,135,19,TAGCATGAAGCTGAGACCAG,116,1595625
galSp,1.45,47,19,GTGCGCCCCCGCACTGTTGA,28,1619730
galSp,0.75,33,19,GTCTCGTATTACAACGGGTC,14,1602417
galSp,0.15,21,19,GTCATACGAGACCGATAGCC,2,1617613
galSp,1.75,53,19,GTACGGTTTTCTTCTTCAAG,34,1605669
galSp,2.75,73,19,GGTCTCCTTTCTGACTATTC,54,1605086
galSp,0.2,22,19,GGGGCCATTCAAGCATACAC,3,1614255
galSp,1.25,43,19,GGCTGGGCAGAACCTTAAGG,24,1599683
galSp,0.45,27,19,GCTATAGTACCTCCGTGGCC,8,1601694
galSp,0.65,31,19,GCGTACCCGCGTGTTGTCGC,12,1595770
galSp,0.35,25,19,GCGACCATTTCACAGCCGAA,6,1618263
galSp,1.25,43,19,GCGACACGGTTATTCAAGGG,24,1595569
galSp,0.2,22,19,GCCCAGCTTGAATCATCTCG,3,1596917
galSp,0.75,33,19,GCCATTGTAACTTACGGTAC,14,1614307
galSp,0.1,20,19,GCCACAGGGGGATGGCATAC,1,1613011
galSp,0.45,27,19,GATCACAATTACCGCGCGAT,8,1617346
galSp,2.6,70,19,GATAATCAAACGATGGTTTG,51,1620826
galSp,4.8,114,19,GAGGTTGATTCTAAGTCCCT,95,1604813
galSp,0.3,24,19,GAGCGGGAGTGTTGTTAAGT,5,1616579
galSp,0.6,30,19,GAATTTATTTTGCATCTGTT,11,1603019
galSp,0.2,22,19,GAATAATAACTGTTCCGGAA,3,1611741
galSp,1.5,48,19,CTTTACTCTTTACCTTAAGA,29,1599428
galSp,0.2,22,19,CTCTAGGCTCAGCCCATACT,3,1604052
galSp,52.65,1071,19,CTCAGATATGCTGTCTCATG,1052,1610179
galSp,0.15,21,19,CTATAAGCAAGCCGTCCGTA,2,1617148
galSp,0.6,30,19,CTAGTAACCATAATCTATTC,11,1597330
galSp,9.1,200,19,CGTTCCTTCTGGGGGGGTGC,181,1595351
galSp,1.4,46,19,CGTGCTTCTGCTAAAGTTCT,27,1609873
galSp,0.1,20,19,CGTCCTGGTGTGACCGCCGT,1,1605486
galSp,0.95,37,19,CGTCCTCGAATAGGACCCGA,18,1612371
galSp,0.45,27,19,CGGGTAACCCCGGTTTTGCG,8,1602648
galSp,2.1,60,19,CGGACTGAGGGAGGATGGTA,41,1601806
galSp,0.3,24,19,CGAGGGGCTGTGCTTCGTAA,5,1604676
galSp,1.35,45,19,CGAATCGAGTACATGGTAAC,26,1611145
galSp,0.8,34,19,CCTTATCCGCTCTCCATCGC,15,1596557
galSp,0.95,37,19,CCGTGTGCGATAAATCCGCA,18,1603703
galSp,0.3,24,19,CCGAGGTAATGCACATTTTC,5,1620412
galSp,0.55,29,19,CATTGTTATTCACCATGGCG,10,1598002
galSp,0.75,33,19,CATCTAATAGCGAACCCCTG,14,1618814
galSp,7.05,159,19,CAGTGATGTTGACAAGACAA,140,1615023
galSp,1.05,39,19,CAGGCCAAAAGGTTCGCTAA,20,1615900
galSp,0.7,32,19,CACGGAATCAGGTGTGCAAC,13,1598433
galSp,0.45,27,19,CACATACCGCCACACCTTGA,8,1611280
galSp,0.75,33,19,CAAAGTACACGATCGTTATT,14,1619056
galSp,0.4,26,19,ATTTGTTCATGGTCCCAAAT,7,1598989
galSp,0.15,21,19,ATGCCGTAACACGGGGGGCT,2,1611766
galSp,0.8,34,19,ATCTGATAGTACTTCGGATA,15,1597622
galSp,0.15,21,19,ATATTACCGAAAGGCAGTTA,2,1612710
galSp,0.8,34,19,ATAATGCCTTCTACGTACAA,15,1613736
galSp,2.7,72,19,AGGTAATTAAAGTCGTACCA,53,1599990
galSp,0.95,37,19,AGGCCAAAAACCCCGACCTG,18,1615389
galSp,1.45,47,19,AGATACCAATCTTGTCGTGC,28,1604832
galSp,2.1,60,19,AGAGTTCTCGAGGCACGTGT,41,1616513
galSp,1.55,49,19,AGACGCATCCGTACAGTGTT,30,1616343
galSp,1.3,44,19,ACTCAACTTCATCTACGTGT,25,1599895
galSp,0.6,30,19,ACGGTGACAAAAACCACGGC,11,1595652
galSp,5.85,135,19,ACGCTTGGCTCTCCCTACAT,116,1600393
galSp,0.55,29,19,ACCTTGTCGGCGGGCATCCA,10,1618899
galSp,0.55,29,19,ACCGGTACCCTGTAAGCGTT,10,1601188
galSp,0.6,30,19,ACCCGCAAGCTGCGCAGGGT,11,1606935
galSp,0.55,29,19,AATTTGGGAGCTTTTCTCCC,10,1605870
galSp,1.35,45,19,AACTATACTACACTGCGTTT,26,1599086
galSp,1.35,45,19,AACGTACACGGCTACATCAG,26,1605820
galSp,3.8,94,19,AACCCCCTAGTCTCAAAAAA,75,1601940
galSp,0.3,24,19,AACACGGACGCCCTGGCTAA,5,1603495
galSp,1.2105263157894737,40,18,TTTTTACTTTTAAGGTAAAA,22,1601165
galSp,0.15789473684210525,20,18,TTTCGGGCTTTTCGAACTGC,2,1612480
galSp,0.5789473684210527,28,18,TTGGACGGGAACGCCCTCAT,10,1621173
galSp,1.4736842105263157,45,18,TTCGGGTGTCTATTTGTTAC,27,1605113
galSp,1.1578947368421053,39,18,TTATCGCATCCCTAGGTAGT,21,1598798
galSp,0.42105263157894735,25,18,TTAGCCGGCGTAGCTAGGCA,7,1600729
galSp,0.5263157894736842,27,18,TTACTCAGCCGCACAAACCT,9,1621002
galSp,2.6315789473684212,67,18,TGTGTATTCAGGTTCAGTTT,49,1609035
galSp,0.2631578947368421,22,18,TGTATCCACAGTTGCATGTT,4,1596438
galSp,0.10526315789473684,19,18,TGGTGCCATGCGGCAAGTGA,1,1598947
galSp,1.105263157894737,38,18,TGCGGAAGACTCGATTCATC,20,1613507
galSp,1.736842105263158,50,18,TCGGGTCGAGATGCGATCAC,32,1597279
galSp,0.6842105263157895,30,18,TCGCCACCGAATACCAGGAG,12,1603877
galSp,0.2631578947368421,22,18,TCGAGCCGCGTTGCAGTCTC,4,1603455
galSp,4.368421052631579,100,18,TCCTACTTACATATACCGAA,82,1610912
galSp,0.3684210526315789,24,18,TCCGGGTTGTAGTCGAGAGG,6,1615346
galSp,0.8421052631578947,33,18,TCCCATACGTTTCTTACCCC,15,1615772
galSp,2.263157894736842,60,18,TCCACCTGGATACCATGGAC,42,1610342
galSp,1.631578947368421,48,18,TATGGTAAAGTTGATTAAAT,30,1601047
galSp,0.10526315789473684,19,18,TATATAAACTCAGTGCTGCT,1,1608263
galSp,1.3157894736842106,42,18,TAGGGCCATTCGGGTAGCGG,24,1595294
galSp,0.3157894736842105,23,18,TAGGCCCGATACGTGGAGGG,5,1620261
galSp,0.10526315789473684,19,18,TACAATAACATGCGTGTGTC,1,1595499
galSp,3.6315789473684212,86,18,TAATGAGACCTCTAATATCT,68,1602595
galSp,0.47368421052631576,26,18,TAAGTCTCGACCGCTCAGAG,8,1615469
galSp,3.0,74,18,TAAATGGTAGTGGAAGGTAG,56,1610911
galSp,0.5263157894736842,27,18,GTTGTGTTGACCAATCACAG,9,1597367
galSp,0.21052631578947367,21,18,GTTATGCTATGTCTGCGTGA,3,1610938
galSp,1.1578947368421053,39,18,GTTACTTTAGATCGCATCTC,21,1605324
galSp,1.0,36,18,GTCTTCGCTTGGTTGTCCCT,18,1602766
galSp,1.7894736842105263,51,18,GTCTCACTGGTGGATCTGTA,33,1607698
galSp,0.7368421052631579,31,18,GTCGCCGACGCGCCCCGACA,13,1607579
galSp,0.21052631578947367,21,18,GTCCCAATTGTGGAACCGGT,3,1617240
galSp,0.3157894736842105,23,18,GTCCACAGCGAAGCCTCACC,5,1599504
galSp,0.7368421052631579,31,18,GGTTTTTTGTTTTAGGGGAA,13,1603970
galSp,2.6842105263157894,68,18,GGGCTAGCCATGTTCCTTAT,50,1604122
galSp,0.21052631578947367,21,18,GCTTGTACCTACGGTGATAC,3,1605222
galSp,0.10526315789473684,19,18,GCTACAAAGCTGATGCACCA,1,1621145
galSp,1.263157894736842,41,18,GCGTTAGTGTGGAGTAGGGA,23,1605546
galSp,0.21052631578947367,21,18,GCGTTAGCAATACGCTTCGT,3,1600566
galSp,1.105263157894737,38,18,GCGGAACGTTCCCCCTGTTG,20,1615902
galSp,1.2105263157894737,40,18,GCGCCGACAAACTCCACGGT,22,1596421
galSp,0.15789473684210525,20,18,GCAGTCTTTCACGACACATA,2,1597822
galSp,1.263157894736842,41,18,GCAGGAGCAGTTCTCTCACT,23,1617747
galSp,0.3157894736842105,23,18,GAGCAACGGACAGTTCTTAA,5,1597243
galSp,0.7368421052631579,31,18,GACTTCCAACCGGTTCTGGG,13,1598529
galSp,0.10526315789473684,19,18,GACGACGAGAACCGTGGATC,1,1606489
galSp,1.0,36,18,GACCTTACCTGGCGCCTGGA,18,1597655
galSp,1.1578947368421053,39,18,GAAGGTAGAATTGGTCTGTT,21,1602995
galSp,0.47368421052631576,26,18,CTTTAAGGAGCAACGATAAA,8,1604242
galSp,0.2631578947368421,22,18,CTTAAGCGTTATCGGAACAC,4,1599535
galSp,0.5789473684210527,28,18,CTGGTCTATTGTGACGCCTA,10,1611312
galSp,0.5263157894736842,27,18,CTGCGTTGGATAGATTTTTT,9,1609110
galSp,2.6842105263157894,68,18,CGTTTTGTGACGTGAGACCG,50,1599050
galSp,0.47368421052631576,26,18,CGTGGTTCTCACTAAGAATT,8,1612021
galSp,0.47368421052631576,26,18,CGTGACGTCCCAGGAGTATG,8,1616856
galSp,0.3684210526315789,24,18,CGGTCTGCGTTTAGAGGACG,6,1610569
galSp,0.3684210526315789,24,18,CGGCCTAGTGGCAATCTCGA,6,1600220
galSp,0.10526315789473684,19,18,CGCCGCTCAGCGATTTGGAG,1,1608601
galSp,0.10526315789473684,19,18,CGCACGTTTCCTAGGGGCTA,1,1619088
galSp,1.5789473684210527,47,18,CGAGATAACGATTTGTCTGT,29,1620138
galSp,0.2631578947368421,22,18,CGAACGTAACCGCGCTTTTT,4,1615911
galSp,0.2631578947368421,22,18,CCTGTGCACGAGCCACGGTC,4,1595817
galSp,1.631578947368421,48,18,CCTGGTGGACGGTGGTCCTT,30,1596437
galSp,0.5789473684210527,28,18,CCTAACTCATTGCGACTCGT,10,1597453
galSp,1.1578947368421053,39,18,CCGTATAGCCTCGCATCGTA,21,1616550
galSp,2.4210526315789473,63,18,CCACCATTTAAACTTTACGA,45,1616450
galSp,1.9473684210526316,54,18,CAGAACGTGGGGTGGTAAAA,36,1595793
galSp,1.263157894736842,41,18,CACTTATGAAGCGCCCGCTA,23,1602840
galSp,0.3157894736842105,23,18,CACTGCAAAGGAGGCACAAG,5,1618055
galSp,1.6842105263157894,49,18,CACGTCCCCCGTTTTACAAT,31,1613881
galSp,1.263157894736842,41,18,CACGCAGACCGGGGACTAAA,23,1608886
galSp,3.526315789473684,84,18,CACAATCGGATGAGCAACGT,66,1616921
galSp,4.421052631578948,101,18,CAACGTTATTGTCGAATCAT,83,1597596
galSp,1.2105263157894737,40,18,CAAAGTGGTAATCAGCCCTG,22,1598733
galSp,0.10526315789473684,19,18,ATTTATTGGTGCTGGCGTAA,1,1597058
galSp,2.3157894736842106,61,18,ATTTACATATGAGGCTGGTC,43,1601728
galSp,0.9473684210526315,35,18,ATTGGGGACTCCCAGCAGAA,17,1614015
galSp,0.9473684210526315,35,18,ATTAACCGCTGGACAAGTAA,17,1600499
galSp,0.3157894736842105,23,18,ATGTCGGTGATGAAAGTGGT,5,1600304
galSp,0.21052631578947367,21,18,ATGGGCATCAGGTGAGATAT,3,1607651
galSp,1.1578947368421053,39,18,ATGGGAAAAGAGGATGCTTC,21,1596033
galSp,0.10526315789473684,19,18,ATAATGTGGGGTGTCTGGAC,1,1613737
galSp,0.47368421052631576,26,18,AGCGCCAACCCTAAAGTGAC,8,1608386
galSp,1.8421052631578947,52,18,AGAGCCCTGGCGGTCCCTCC,34,1602852
galSp,1.105263157894737,38,18,AGACCCTTTTAACTCTTCTC,20,1600098
galSp,0.631578947368421,29,18,AGAAGATATACTCCATGTTT,11,1617050
galSp,2.8947368421052633,72,18,ACGACACCCTCTTTCGACCT,54,1605100
galSp,0.5789473684210527,28,18,ACATGGAACAATGCAAACAC,10,1595932
galSp,0.7894736842105263,32,18,AAGGCTGCAATGGTGAGGCA,14,1614665
galSp,0.15789473684210525,20,18,AACCACTGATTACTGGCCCC,2,1603404
galSp,3.0526315789473686,75,18,AAATCGCAACGCTCGTCTAT,57,1618847
galSp,2.3157894736842106,61,18,AAAAGTATCGGTGGTCCATA,43,1612143
galSp,0.3333333333333333,22,17,TTTGCACATTAACTGAGTGA,5,1607637
galSp,0.8888888888888888,32,17,TTTATAATAACAGCCGGACT,15,1596958
galSp,10.722222222222221,209,17,TTTAGCGACAAGAGTACGTA,192,1598393
galSp,2.0,52,17,TTGGTAGTGTAGGCTGACAG,35,1607190
galSp,0.6111111111111112,27,17,TTCGGGAGTTGATGGTGAAC,10,1606421
galSp,1.2222222222222223,38,17,TTCGCACCATTCCGAAAACA,21,1617647
galSp,1.6111111111111112,45,17,TTCCAATCCTACGAGAGGTT,28,1610478
galSp,1.2777777777777777,39,17,TTATAATGGCTCATTCGCCA,22,1609336
galSp,0.6111111111111112,27,17,TTAAATCGGATTTCAGTTTA,10,1602086
galSp,1.2777777777777777,39,17,TGTCGCACGGACAAGGCGGA,22,1609412
galSp,2.0,52,17,TGTCGATAATTTGACGGGGA,35,1600584
galSp,1.1111111111111112,36,17,TGGACACGGCAACAGTTGGT,19,1611895
galSp,0.2777777777777778,21,17,TGCCGTAAGTGGAAACTCGA,4,1613943
galSp,1.3888888888888888,41,17,TGACGCTCATTTTCTTTGGT,24,1610384
galSp,0.3333333333333333,22,17,TCTAAGTGCGGGTTTTGATT,5,1620398
galSp,0.4444444444444444,24,17,TCGCCCAAATTATCTGAGCC,7,1607828
galSp,0.5555555555555556,26,17,TCCTAAGCTGCAAGGGGCGG,9,1615379
galSp,0.2222222222222222,20,17,TCAGTATACTTTAACCGACG,3,1603629
galSp,1.0,34,17,TCAATGTGGCCCAACCGTAA,17,1612892
galSp,0.2777777777777778,21,17,TCAATGAATCCGGTCGGCTG,4,1599724
galSp,0.7777777777777778,30,17,TATGAAAGTCCACCTGGAGC,13,1612430
galSp,0.16666666666666666,19,17,TATAGGGTGTCCTTACATTA,2,1603326
galSp,1.5,43,17,TAGCTGACCGAAGTAATATG,26,1599657
galSp,0.1111111111111111,18,17,TAGCCTGTCCGGTTGTCTAA,1,1602704
galSp,0.7777777777777778,30,17,TACTCGTGTTCGGCCGTAAA,13,1600929
galSp,0.6111111111111112,27,17,TAAGATACCCGCTAAGAACG,10,1601567
galSp,0.5,25,17,TAACAAAAGTTGGGATATGG,8,1607407
galSp,0.6666666666666666,28,17,GTGTTTAAGGCTACAGATTA,11,1595314
galSp,1.1111111111111112,36,17,GTCTTTTTGCGCGCCCCTCT,19,1599318
galSp,0.3888888888888889,23,17,GTCTAGCAATGTCCGGAAGA,6,1615195
galSp,0.4444444444444444,24,17,GTCGTACGCTCTCCGTCACT,7,1616859
galSp,1.3888888888888888,41,17,GTCCGTGGATGTGGCGAGAA,24,1595266
galSp,1.6666666666666667,46,17,GTCAGCTGTGGGACGACTAC,29,1598249
galSp,2.388888888888889,59,17,GTACGGCCTTCTAAAAGCCT,42,1602599
galSp,0.4444444444444444,24,17,GTACCTCTTTAAGTAACGGA,7,1602651
galSp,1.3888888888888888,41,17,GGGTCTCAAGCTCCTTAAAC,24,1609407
galSp,0.3333333333333333,22,17,GGGGTAGCACTAGCTTGTGG,5,1615291
galSp,7.277777777777778,147,17,GGGAAACCACCCGCCCATGA,130,1618390
galSp,0.9444444444444444,33,17,GGCTTTGAAGTGGGCTCGGA,16,1598821
galSp,1.1666666666666667,37,17,GGCTATCCGTCAGACTGTGA,20,1596979
galSp,0.3333333333333333,22,17,GGCGATGATAGACGGATGAT,5,1615531
galSp,1.7777777777777777,48,17,GGCAAGTCGGCACTTATGGC,31,1597496
galSp,0.2777777777777778,21,17,GGAGGACCCCATCAAAGCAA,4,1597348
galSp,1.3333333333333333,40,17,GGAATTGGAGAATCCGCATC,23,1617895
galSp,1.7222222222222223,47,17,GCTTCATTCGCTCATATCGA,30,1600118
galSp,1.2222222222222223,38,17,GCTTAGATTCCAATGCGGCT,21,1621152
galSp,1.4444444444444444,42,17,GCGTTGGTGGATATCGTTTA,25,1601193
galSp,0.5555555555555556,26,17,GCCTAGTACGGATTCTAACG,9,1602232
galSp,1.2777777777777777,39,17,GCATGGTCCTATCGGGCCAA,22,1595480
galSp,0.6666666666666666,28,17,GCACGTGATCAACAGCCAGC,11,1595902
galSp,0.5,25,17,GCACATTGACCACTGTCAGA,8,1612050
galSp,1.0,34,17,GCAAGGCCGGTATTATGTGT,17,1603978
galSp,0.16666666666666666,19,17,GATCCATACCGCTTAAACAG,2,1604475
galSp,1.3333333333333333,40,17,GATCATAGCTCTTTCCTCGT,23,1615498
galSp,2.388888888888889,59,17,GACCAAACCGAGCCAGGACA,42,1608078
galSp,0.2777777777777778,21,17,CTTTTCCGTTTGTCGTTTGA,4,1601233
galSp,0.16666666666666666,19,17,CTTTCCTTGAATTGATTTGT,2,1613222
galSp,1.8888888888888888,50,17,CTTTCAATTGTGTGCGCGCT,33,1597150
galSp,0.3333333333333333,22,17,CTTTAAGAGAGACGTGTGTA,5,1596743
galSp,0.2222222222222222,20,17,CTTGAGTCAGATTTGTCCGA,3,1602416
galSp,0.2777777777777778,21,17,CTTCGGGTTAATTGGTTGGG,4,1609493
galSp,0.3888888888888889,23,17,CTCTGGACAGCGAAACGAAA,6,1614660
galSp,0.6111111111111112,27,17,CTCCGCATTCGAAAACACGT,10,1613263
galSp,1.5,43,17,CTCATGTATGCAGTGTGATA,26,1614241
galSp,0.6666666666666666,28,17,CTCACTTGTTCCAATACTCC,11,1596032
galSp,0.2222222222222222,20,17,CGTGTCCCTGGAAGGGGTTA,3,1621150
galSp,0.5,25,17,CGTGGAACGGTCTGCAGTGA,8,1615830
galSp,0.6666666666666666,28,17,CGATCCATGGCCGGTCCGTT,11,1601189
galSp,0.3333333333333333,22,17,CCGGCACGAAATAGCCACAT,5,1615760
galSp,0.2777777777777778,21,17,CCGCTGATAGTCACTGTATC,4,1607119
galSp,0.2222222222222222,20,17,CCCCTATCTAAGGCCTTACG,3,1605442
galSp,1.1111111111111112,36,17,CCCAATATTGTGATAGGCAA,19,1599517
galSp,1.3888888888888888,41,17,CCATAGGGCAATTCAAACAC,24,1600685
galSp,0.1111111111111111,18,17,CCACATATCACCTTTTCTGT,1,1610135
galSp,0.5555555555555556,26,17,CCAATGGGGTCCCCGATAAC,9,1603634
galSp,1.0,34,17,CATACGGAGATATGTCCGTT,17,1603538
galSp,0.2222222222222222,20,17,CAGTTCCGTCAACGGTATTG,3,1596641
galSp,1.5555555555555556,44,17,CAGGCGAACTCGCCCGCTCC,27,1607432
galSp,0.1111111111111111,18,17,CACAGAGTTGTCCGCGTGAT,1,1597743
galSp,3.8333333333333335,85,17,CAAGGATATTCCAGAGGTAA,68,1610910
galSp,0.2777777777777778,21,17,ATTTCGTGTGCCCTGGAATT,4,1612242
galSp,1.6666666666666667,46,17,ATTGTGTACACTCAAGATAC,29,1598241
galSp,0.7222222222222222,29,17,ATTATGACGTAATTATTCTT,12,1598059
galSp,1.6666666666666667,46,17,ATGCCGGACTTGGTAAGGCC,29,1610217
galSp,0.1111111111111111,18,17,ATGATCTTGGCAGTGCGGAC,1,1615603
galSp,0.5,25,17,ATCCTGATATCACTGTTCAT,8,1613799
galSp,0.1111111111111111,18,17,ATCAGAGAAGAACATAATTC,1,1608160
galSp,1.2222222222222223,38,17,ATAGCATTCGGGGGAACAAT,21,1610090
galSp,0.7222222222222222,29,17,ATACAAGACACGGGGCGACA,12,1617480
galSp,1.0555555555555556,35,17,AGTGTTTATCTATGATTAGA,18,1620350
galSp,2.0,52,17,AGGCGGATTATTGATGTTGT,35,1617898
galSp,0.2222222222222222,20,17,AGCTGTGGTTCGGACAGACA,3,1608204
galSp,0.6666666666666666,28,17,AGCGGCACAATGCCCTATCA,11,1601041
galSp,0.16666666666666666,19,17,AGCGCCAAGTTCCATTCGTG,2,1597182
galSp,0.1111111111111111,18,17,AGCCGCCGCGGGACGGCCTA,1,1603277
galSp,0.4444444444444444,24,17,AGCAGTGTTATAGGTCACTT,7,1617805
galSp,0.1111111111111111,18,17,AGATTAAGAGACCGAGACAA,1,1608841
galSp,0.5,25,17,AGAGTCAATAGGTTGCCACA,8,1618250
galSp,0.3333333333333333,22,17,ACGGTTACGTTCAGGGTCGG,5,1615790
galSp,0.5555555555555556,26,17,ACCTTAGGGGAGACACCCTG,9,1603405
galSp,1.0555555555555556,35,17,ACCGTAAGCTGCGGATACTA,18,1601764
galSp,0.3333333333333333,22,17,ACCACAAACGGAGCGCTTTT,5,1609413
galSp,2.611111111111111,63,17,ACACTTTGGACCTCAGCGAA,46,1616305
galSp,4.333333333333333,94,17,ACACGGGCTGTCGGCGCTTG,77,1608888
galSp,0.1111111111111111,18,17,AATCTGGTTGGCGATCCAAT,1,1600667
galSp,1.7222222222222223,47,17,AATCCATTGATGGTATTCGT,30,1597779
galSp,0.7222222222222222,29,17,AAATGCTAACTAGGCTCCGG,12,1602366
galSp,2.0,52,17,AAAAATCCCTCATAGCTCGG,35,1616480
galSp,0.17647058823529413,18,16,TTTTCTCCGTTTGCCTTGAT,2,1601864
galSp,3.588235294117647,76,16,TTTGACCTTATACGCACCCT,60,1604593
galSp,0.17647058823529413,18,16,TTTACTCCTAGACTGGACAA,2,1606694
galSp,0.8823529411764706,30,16,TTTAAGCACTTCCTTTTTAG,14,1598861
galSp,0.4117647058823529,22,16,TTGCACGCAATATGTCACAG,6,1609745
galSp,0.23529411764705882,19,16,TTCACTCGCCTGACTTGCAT,3,1609439
galSp,0.4117647058823529,22,16,TTACTCTGTTTACGCTAAAA,6,1598438
galSp,0.29411764705882354,20,16,TGTAGCTTGAGGCTTTCGTT,4,1609647
galSp,0.29411764705882354,20,16,TGGGTGGCCGGCTTAGAAAG,4,1597360
galSp,0.17647058823529413,18,16,TGGGTGAGGGTCTGCTGTTG,2,1604677
galSp,0.4117647058823529,22,16,TGGCGGCGTCATGTACGCGC,6,1612202
galSp,1.8235294117647058,46,16,TGCTCGGCTACTTTAGATCA,30,1612967
galSp,1.0588235294117647,33,16,TGCATTCCAGAGCGATGCTA,17,1613208
galSp,1.588235294117647,42,16,TGACCTCCCTGTCCTCCCAT,26,1603823
galSp,0.4117647058823529,22,16,TCTTCTCGCGAGAGTCATCG,6,1609540
galSp,1.411764705882353,39,16,TCTGGCCTCTCGGTTTCTTG,23,1601419
galSp,0.11764705882352941,17,16,TCGTGTGTTCGCTCAAGGCC,1,1597325
galSp,1.0588235294117647,33,16,TCGCCCCGTAATTAGTCTAT,17,1598195
galSp,2.235294117647059,53,16,TCGATGTGGTTCCGATCTAC,37,1603716
galSp,1.588235294117647,42,16,TCATTCTCGGAAGGAGGACT,26,1605976
galSp,1.0,32,16,TCATCCTCAATAGAGAACGT,16,1617945
galSp,2.764705882352941,62,16,TATTTCATGATCCAGAAGGT,46,1595369
galSp,0.29411764705882354,20,16,TATGTTATCCCGGTAAGTTA,4,1609799
galSp,0.17647058823529413,18,16,TAGCGAAGCACCCCAGGCTC,2,1610791
galSp,0.11764705882352941,17,16,TACTTACGATAATAGTAGAG,1,1601107
galSp,0.11764705882352941,17,16,TAATGTTCGTATCAGGGTAA,1,1619487
galSp,1.0588235294117647,33,16,TAAGGGCCACCAAGGTGAAA,17,1611571
galSp,0.5882352941176471,25,16,TAAACGGGACCTCGAATTGT,9,1612418
galSp,2.3529411764705883,55,16,GTTTTTCGAACGAGTCTCAG,39,1618089
galSp,0.7058823529411765,27,16,GTTGATGTCAACAACGGCGC,11,1604967
galSp,0.7058823529411765,27,16,GTTACCACCGCCGGGTAGGA,11,1598016
galSp,0.8235294117647058,29,16,GTGTCGTAGAAGGTGTGTTG,13,1598734
galSp,1.588235294117647,42,16,GTGGCCCCCCCTAGATACCA,26,1616307
galSp,6.0588235294117645,118,16,GTGATGGCAAAGTAGGCCCT,102,1596982
galSp,0.7647058823529411,28,16,GTAATTCAGGTGGCTTCGCT,12,1613977
galSp,0.47058823529411764,23,16,GGTGGAAATGACAGCCCCTC,7,1602883
galSp,0.11764705882352941,17,16,GGTCTCTAGGCATTGACTCT,1,1595329
galSp,0.47058823529411764,23,16,GGGTCATCGTGTTCCAGTAA,7,1615296
galSp,1.1176470588235294,34,16,GGGCAAAGATGGCGATGTCA,18,1613229
galSp,0.11764705882352941,17,16,GCTTATCCCAGGCAGGGCTG,1,1602032
galSp,0.6470588235294118,26,16,GCTGTCTGTCCGCTTCTGGG,10,1598224
galSp,0.6470588235294118,26,16,GCTGAAGTGGGCATCGACAA,10,1621049
galSp,0.35294117647058826,21,16,GCTAGCAAGCGACGAAATTC,5,1596215
galSp,0.17647058823529413,18,16,GCGTTTAGTACTTTGCGGGT,2,1602563
galSp,0.11764705882352941,17,16,GCGCTGCAGGCGCGAGGCTT,1,1607542
galSp,1.5294117647058822,41,16,GCGACCCGTTAGTAAGCCTA,25,1597827
galSp,0.7647058823529411,28,16,GCGAACTCAGGCGTGAAGTA,12,1613809
galSp,1.6470588235294117,43,16,GCCGTCTCCGTGCGGCCAGC,27,1613886
galSp,0.9411764705882353,31,16,GCCACATGGAGTGGAAAGCT,15,1618695
galSp,0.9411764705882353,31,16,GCATAGCTTACGTCCCAGGG,15,1597652
galSp,0.47058823529411764,23,16,GCATACAAAGGAGCGCACTC,7,1601272
galSp,0.29411764705882354,20,16,GCACAAACTTAGGGGTAGTA,4,1619160
galSp,1.9411764705882353,48,16,GCAACTCACCTGTGTGCCGC,32,1597944
galSp,0.5294117647058824,24,16,GAGGCTTCGCTAAATGAACA,8,1596704
galSp,0.17647058823529413,18,16,GAACTTGAACTTGGGCGGTG,2,1612990
galSp,0.35294117647058826,21,16,CTTGTGCAATCGATTAACCA,5,1615693
galSp,0.23529411764705882,19,16,CTTGACATTTTCGGATGTTC,3,1611051
galSp,0.5882352941176471,25,16,CTTAGCCGTAGGAACCACCT,9,1608034
galSp,0.23529411764705882,19,16,CTCTTAGGAAAAACAGGATT,3,1611061
galSp,0.47058823529411764,23,16,CTCTCCTTGCGCTCGGTTAG,7,1606420
galSp,1.2352941176470589,36,16,CTATGGAGAGCATCACTTAA,20,1602872
galSp,1.2941176470588236,37,16,CGTTCACAAGTCCCGGCTTC,21,1596491
galSp,0.7058823529411765,27,16,CGGTCGTGCCTAAAGTAGTT,11,1606368
galSp,0.17647058823529413,18,16,CGGGCAGGATGTTTCGCAGA,2,1599143
galSp,1.0588235294117647,33,16,CGGACACCGCGGGTTCGAGG,17,1595497
galSp,0.17647058823529413,18,16,CGCTGTTATATCATAAAGCC,2,1596812
galSp,0.11764705882352941,17,16,CGCTCCCATCTTTAGCTTTT,1,1617338
galSp,0.17647058823529413,18,16,CCTCGTTAGCCTGGACTCAC,2,1598804
galSp,0.5882352941176471,25,16,CCTCCGATAATAGAATTGCC,9,1595431
galSp,1.2941176470588236,37,16,CCGTCCGGACCCGTGTCCTG,21,1603888
galSp,2.5294117647058822,58,16,CCGGACTGAGACATGACGCT,42,1600665
galSp,1.3529411764705883,38,16,CCCGCGTACGAGTTGTTCTT,22,1598337
galSp,0.7058823529411765,27,16,CCCAGGGGGAACACAGCGTG,11,1610557
galSp,0.11764705882352941,17,16,CCAGCTGCATAGGTGAGCGG,1,1616396
galSp,22.88235294117647,404,16,CCACTAAACCTAGGACGATA,388,1612853
galSp,0.9411764705882353,31,16,CCACGCGGCGCGTGAACTGA,15,1620621
galSp,0.7058823529411765,27,16,CCAAAGTCTGCGATTGGCTC,11,1598598
galSp,1.0,32,16,CATTTGGGAACGAGGATCCA,16,1605734
galSp,0.29411764705882354,20,16,CATGGGTCGGCGTCTATTTG,4,1600928
galSp,0.47058823529411764,23,16,CAGGTAATGGAACAAGACAT,7,1596922
galSp,0.5882352941176471,25,16,CACTAGGCCCGTAAGGTCAC,9,1602036
galSp,0.17647058823529413,18,16,CACTAAACGCAAGCGCGAGG,2,1598284
galSp,0.11764705882352941,17,16,ATTCTAAAACGCGCACTGTG,1,1612942
galSp,1.588235294117647,42,16,ATGAGTGCATGCTTTCAGAT,26,1606119
galSp,0.6470588235294118,26,16,ATCGTTACACGACAAGACCC,10,1621131
galSp,0.11764705882352941,17,16,ATCGATTCTATTCCTGGTAC,1,1598478
galSp,0.5294117647058824,24,16,ATAGCGCAGTAACGGCTCCG,8,1596397
galSp,2.176470588235294,52,16,ATAGAGAGGGCATCCATTAT,36,1595871
galSp,0.5294117647058824,24,16,ATAAGTCGCTCACACCTTTA,8,1614756
galSp,0.35294117647058826,21,16,AGTTGTTAGCGTCTAACTGG,5,1610663
galSp,0.6470588235294118,26,16,AGTTGATTAGCCTGGTTCCC,10,1599722
galSp,0.7058823529411765,27,16,AGTTAGCTCCTAACCGGTGG,11,1601802
galSp,0.11764705882352941,17,16,AGGTTGGGCTGAGTGAATAG,1,1598114
galSp,0.4117647058823529,22,16,AGGTCGCCGGTCGATAACCA,6,1620685
galSp,0.8235294117647058,29,16,AGGGCCCTGTGCCCTTCACA,13,1596066
galSp,0.5294117647058824,24,16,AGGAGTTATTTCACCTTTAA,8,1609921
galSp,0.17647058823529413,18,16,AGCGCCACCGTGATATCACT,2,1598308
galSp,1.1176470588235294,34,16,AGCCTATGTTCCGCATCCTA,18,1596231
galSp,1.7058823529411764,44,16,AGCATTCAAACGCCGGTGGG,28,1611259
galSp,1.588235294117647,42,16,AGAGGCGTTAGTTTTCTAAT,26,1595243
galSp,0.4117647058823529,22,16,AGAACCCCGCATAACTTAGT,6,1599445
galSp,1.0,32,16,ACTGCCCCTGGCTAAGGAAG,16,1620934
galSp,1.1176470588235294,34,16,ACTCCCCTCCTAGACTGCGA,18,1596465
galSp,1.3529411764705883,38,16,ACGCCACCTCGCGTAAGCTA,22,1600375
galSp,2.4705882352941178,57,16,ACCGTCCGATACGTAACCAG,41,1604305
galSp,0.11764705882352941,17,16,ACATTAAGGCTCGTCACCGG,1,1614407
galSp,0.8823529411764706,30,16,ACATGGCCGAGGCCCTTTCA,14,1611865
galSp,0.6470588235294118,26,16,ACATGCATGCTAATAACGAG,10,1620902
galSp,2.2941176470588234,54,16,ACAGCGTTCTGAGGATGTCT,38,1618280
galSp,0.47058823529411764,23,16,AAGGGACCCCTCTACTCCTT,7,1605894
galSp,1.8823529411764706,47,16,AAGGACATGCGGAGGGTTAA,31,1617137
galSp,0.5882352941176471,25,16,AACTGGTACCCAATGGGCAA,9,1601822
galSp,0.29411764705882354,20,16,AAATTTCAGTGTGGGGTTAC,4,1603037
galSp,0.125,16,15,TTGCCGGACCAAGCAGAACG,1,1599840
galSp,0.75,26,15,TTGATAATAGATGAACGCCA,11,1612018
galSp,1.375,36,15,TTCTTTCTGTCGGGAGGCTT,21,1599554
galSp,3.25,66,15,TTCGTTCTCAGCTTGTTGTA,51,1616797
galSp,3.9375,77,15,TTACAACGTATAGATTCACT,62,1608438
galSp,0.3125,19,15,TGTAGGGCCGGAAACCTTGG,4,1613981
galSp,1.1875,33,15,TGGTCATGAGGTTAGTGACA,18,1609508
galSp,1.1875,33,15,TGGGATGACATTAGAAAACG,18,1600597
galSp,1.0,30,15,TGGCCCGCTCGGCCGGTCCA,15,1598003
galSp,1.25,34,15,TGGCCATCCCTGTCCGAACG,19,1609315
galSp,1.125,32,15,TGCCTAGTTAGCACTTGACC,17,1605366
galSp,0.125,16,15,TGCATCGGTTACGATCCTAT,1,1597474
galSp,2.625,56,15,TGATTGTCATACTGGGGTCT,41,1608638
galSp,0.25,18,15,TCGCCTGGTTCGCTTTAGGT,3,1598732
galSp,0.9375,29,15,TCACAGCTCTTAGTCACTTG,14,1610132
galSp,1.8125,43,15,TCAACTTCTCGCCCTTGGGG,28,1597947
galSp,1.25,34,15,TATTCAGAGTCTGACCGTTA,19,1611830
galSp,0.375,20,15,TATTAACCTTGCAATCTAAT,5,1598617
galSp,0.125,16,15,TATGGGATACGCTGCAAAAT,1,1620026
galSp,1.25,34,15,TATACCATCCAACTGCAGTG,19,1620484
galSp,0.8125,27,15,TAGGGCACTATCTGTCATAT,12,1621332
galSp,2.375,52,15,TAGCTGAATACGATTGCTAC,37,1617783
galSp,0.4375,21,15,TAGCGGGGGGAATATGAAAG,6,1605410
galSp,0.1875,17,15,TACTGCCGCTCCTGATCGGG,2,1615744
galSp,1.9375,45,15,TACGGTTATCGCTGGGCTCT,30,1598802
galSp,5.8125,107,15,TACACACCCGACCCATGGTC,92,1615024
galSp,0.5625,23,15,GTGGCGCTCGCATAGAGTTT,8,1598791
galSp,0.25,18,15,GTGAAACTGGATAGGAGCCG,3,1595664
galSp,0.3125,19,15,GTCCCTGCACGGTACGCTGA,4,1610892
galSp,0.8125,27,15,GTACTACTTTATCGGATAAG,12,1609120
galSp,0.3125,19,15,GTAACTGAGGAGTTCATTGC,4,1602165
galSp,1.125,32,15,GGTGAAGATGGCACATGGGG,17,1621314
galSp,0.4375,21,15,GGGCTCTAGTATGCCAATCA,6,1606217
galSp,0.8125,27,15,GGGAGGAGCTCTATTGAAGC,12,1615049
galSp,1.8125,43,15,GGAACTCCGGCTCCACGTTG,28,1614556
galSp,1.0,30,15,GGAAAAGGAATGTTGGAATA,15,1606295
galSp,1.0625,31,15,GCTGACCGGGTTTCAGCCCA,16,1595913
galSp,0.5,22,15,GCTACGATCCTCGACGATTA,7,1611030
galSp,0.625,24,15,GCGTATGAAAGTAGTAGAAA,9,1607098
galSp,3.6875,73,15,GCGCGCTCTACGTGGAGTTG,58,1607377
galSp,1.375,36,15,GCCGGCGGAACTAACGGCAA,21,1616757
galSp,0.3125,19,15,GCCGCGGGAGATATACTTTA,4,1610109
galSp,0.5,22,15,GCACGTTCTGTACCAGCATG,7,1619109
galSp,2.3125,51,15,GCAAAACGCGTATACAAATC,36,1618959
galSp,1.3125,35,15,GATTGCTGTACCCCGAAGTC,20,1616748
galSp,0.5,22,15,GATAAGCACTATGCTGGGAC,7,1597517
galSp,1.0,30,15,GAGTCTTAGAGGCAGTCTGG,15,1597139
galSp,0.125,16,15,GAGAGCCAAGGGTCCGGGTT,1,1596311
galSp,1.1875,33,15,GACGAAGGAGTTAGACCCAC,18,1604301
galSp,2.5625,55,15,GACCTGGCCCGTGACTTTTA,40,1610898
galSp,0.5,22,15,CTTGGTACATAGAAGGTTGC,7,1595496
galSp,1.1875,33,15,CTTAGTGTCTTAGGACCAAC,18,1605940
galSp,0.875,28,15,CTTAGCTGGCCAGGGCAAGA,13,1595630
galSp,0.125,16,15,CTCTCTTGTTGAGCAACTAC,1,1616590
galSp,0.125,16,15,CTCCTCCAGTGCCACACTCG,1,1610872
galSp,0.125,16,15,CTATGTTAGCACGAACTTAC,1,1615685
galSp,0.125,16,15,CGTTCGCCTCCTTCACGCTT,1,1609708
galSp,1.75,42,15,CGTCGTAATAACGCCCTTAG,27,1597268
galSp,1.5625,39,15,CGTACCCACTATGAACGCTC,24,1612989
galSp,2.875,60,15,CGGGTCACCCTTACTTTAAA,45,1617984
galSp,1.5,38,15,CGGATTGTAATCGGTGAAAT,23,1599851
galSp,0.125,16,15,CGGACTTGGAACTATCAGAA,1,1602700
galSp,1.0,30,15,CGCTAAGCGCCCGTACCGAC,15,1608107
galSp,2.0,46,15,CGCAGTCTCGGAGTTCGCTG,31,1616245
galSp,0.25,18,15,CGAGTCCATGCTCCCCCATT,3,1613537
galSp,0.875,28,15,CGAGATTCGCAATTAAGCAT,13,1614237
galSp,0.4375,21,15,CCGGCACGTCAGTACCTGAG,6,1619763
galSp,1.375,36,15,CCGCCGTGTCGTAACCTCAA,21,1612150
galSp,8.0,142,15,CCCAGTAACTGTTTATGTAA,127,1608442
galSp,0.375,20,15,CATCGGTTTAAGCCCTCAGG,5,1606373
galSp,0.5,22,15,CACGAATTCGGGCTATGCGA,7,1606789
galSp,0.5625,23,15,CAATATAGGGTTGTTGAACT,8,1600869
galSp,0.125,16,15,CAACGGGTTTTTAATAAGTG,1,1595795
galSp,0.375,20,15,CAAAACTAAGCAGTGTACGA,5,1607878
galSp,1.4375,37,15,CAAAACACCATTCGCACGGA,22,1617517
galSp,1.375,36,15,ATTCTTATGGATCCTACAGA,21,1609722
galSp,0.6875,25,15,ATGTACGTCGGTGACAGACA,10,1597082
galSp,1.5625,39,15,ATGCGCTAGACTTACGTCGT,24,1597548
galSp,0.625,24,15,ATGAATAGACGGAGTCAAGT,9,1617168
galSp,0.375,20,15,ATCTGCGGCTCTTATTGTTT,5,1609867
galSp,0.3125,19,15,ATCCGACAAGGGGGGTAAAG,4,1598906
galSp,15.875,268,15,ATCATCTCGCCGGGTACCAT,253,1597608
galSp,1.1875,33,15,ATATAGTTCAGCCTCGGAGA,18,1597152
galSp,0.4375,21,15,ATACTTGTCAGTATGGCCTG,6,1600457
galSp,0.5625,23,15,ATACCTGGAGCCCGTGTGCA,8,1604591
galSp,0.25,18,15,ATACCAGGTACGCAGTAGCC,3,1620068
galSp,7.1875,129,15,ATAATGGAAGAACAGTATCA,114,1605757
galSp,0.6875,25,15,AGTGTAAAAACCGCAGCGTT,10,1605579
galSp,1.1875,33,15,AGTATCCAGTTTAGGGCCTG,18,1608080
galSp,0.125,16,15,AGGTGGGCCGCAGCGAATCG,1,1600994
galSp,0.375,20,15,AGAGACGCAGTCTTTCTTGC,5,1618602
galSp,0.1875,17,15,ACTTATTGTCTTGATCATCT,2,1596783
galSp,0.125,16,15,ACTGAAGGTAGGCGAGGACC,1,1611588
galSp,2.125,48,15,ACGTTTTAGATGCACGCTAT,33,1618697
galSp,1.1875,33,15,ACGGTGTGCGCACCAATCAC,18,1609614
galSp,1.4375,37,15,ACGGGTAGAGATTTTAAACT,22,1604531
galSp,0.5625,23,15,ACGACCCTTAGCAACCACGG,8,1601727
galSp,0.125,16,15,ACGAAGAGCGAGGCCGATAA,1,1603891
galSp,3.1875,65,15,ACCCAGTTGTTTGTCCTGAC,50,1610268
galSp,0.625,24,15,ACCAGTTAGAATTTGTACTA,9,1610679
galSp,0.6875,25,15,AATGTGTTGACTCCATTGTA,10,1599615
galSp,3.25,66,15,AATCGTGCAATCGGCTCGAT,51,1600920
galSp,8.0,142,15,AATAGTGTCACTGAGTTGAA,127,1602974
galSp,0.125,16,15,AACACTATTGACACGTGTTT,1,1617759
galSp,1.9375,45,15,AAAGCGGTTATGTAGAGTCG,30,1606370
galSp,35.733333333333334,549,14,TTTGGACTCTTAGTCAGGGG,535,1603613
galSp,1.0,28,14,TTTAGGTCCACACCACCCGT,14,1610343
galSp,0.13333333333333333,15,14,TTGTACGAACAGTCATCGGC,1,1613551
galSp,0.6,22,14,TTGGCTTGAGTTCCTACTTC,8,1601887
galSp,0.8,25,14,TTGCTTTGGTTTTCTGCTGT,11,1601028
galSp,0.26666666666666666,17,14,TTGAACCCGGTCCGGAGAAC,3,1601632
galSp,0.13333333333333333,15,14,TTCGGATCGAATAGTCTGGG,1,1617970
galSp,1.3333333333333333,33,14,TTCAGAGAGTCATGTGTCAC,19,1615204
galSp,0.4666666666666667,20,14,TGTTCTTTGCACGGTGTCTA,6,1615985
galSp,1.4,34,14,TGTGCATCGACTTTTGTTAA,20,1607417
galSp,2.3333333333333335,48,14,TGTATAGGGTGTGTCGAGCG,34,1615845
galSp,1.0,28,14,TGGTGTTATCCTACTCGGGT,14,1616762
galSp,0.9333333333333333,27,14,TGGGCCGCCGTCATGGTGCT,13,1621062
galSp,1.4,34,14,TCGTCACAGTTGCTAAACTT,20,1599031
galSp,0.4,19,14,TCGCTCATAGTACTTCATTT,5,1612745
galSp,0.9333333333333333,27,14,TCGCTCAGATTGCATCTCCT,13,1605702
galSp,0.13333333333333333,15,14,TCGCCTCTTACGGTCGTCGC,1,1607905
galSp,2.2666666666666666,47,14,TCCTCAAATCAATAAAAAGT,33,1596879
galSp,1.2,31,14,TCCCTCTCTGCACTAGACGT,17,1601229
galSp,0.4666666666666667,20,14,TCCCTCCGAGTCAACCAAGG,6,1610577
galSp,1.3333333333333333,33,14,TCCCTATCCATTGCACGATC,19,1619842
galSp,1.2666666666666666,32,14,TCCCGAGGAGGCCTAATAAT,18,1604612
galSp,1.7333333333333334,39,14,TCATAGATAGCACGAAGACG,25,1604027
galSp,1.4,34,14,TAGGCCCCGAACTGCGTCCC,20,1609012
galSp,0.4,19,14,TAGATGATAACATAGGACGT,5,1599659
galSp,1.5333333333333334,36,14,TACGGTTCTATGACTCGGGG,22,1605176
galSp,0.6,22,14,TACGGACAAAACGGATACAC,8,1601294
galSp,1.4666666666666666,35,14,GTCTTGGTTGATCCACTATT,21,1618237
galSp,1.6666666666666667,38,14,GTCACGATTCATCATACTTC,24,1598305
galSp,0.5333333333333333,21,14,GTATGCCCCCGCTCACTGAA,7,1616978
galSp,1.2666666666666666,32,14,GTAATATGGATGGCACGTTA,18,1599720
galSp,2.2,46,14,GGTTTAGCTCTTTATTATCG,32,1602916
galSp,0.5333333333333333,21,14,GGCTCAGAAAGCTCAGATGT,7,1598334
galSp,0.6666666666666666,23,14,GGCGTATACGGCCGTTTAAC,9,1620027
galSp,7.4,124,14,GGATGTAAGTAAGCGGTTCT,110,1599343
galSp,0.7333333333333333,24,14,GGATAGCTAGTAGCGCAAGT,10,1610120
galSp,2.533333333333333,51,14,GGAGCGTTTTTCATATTCTG,37,1617957
galSp,1.4,34,14,GGACGTCGGTGTATGGGGCA,20,1595979
galSp,1.0,28,14,GGAACTCTGGCCCGGTGATC,14,1617225
galSp,0.6,22,14,GCTTATTAAACCTGTGACGA,8,1605368
galSp,0.3333333333333333,18,14,GCTCATGCAGTATTGGGATG,4,1606040
galSp,0.4666666666666667,20,14,GCGTTCGACCAGCACTCTTA,6,1600257
galSp,2.0,43,14,GCGGGACGGATGAACCCCGC,29,1607904
galSp,0.13333333333333333,15,14,GCGCGAGGAGCTCCGCCAGG,1,1605533
galSp,0.13333333333333333,15,14,GCGCCAGCCTGAGGATTTGT,1,1618304
galSp,2.8,55,14,GCAGGACTTCCTGTGGCAGC,41,1597310
galSp,1.0666666666666667,29,14,GAGTAATGTTTTTCCGTTGT,15,1614687
galSp,4.733333333333333,84,14,GACTTCTCCAGTTTTAAAAG,70,1597599
galSp,0.4,19,14,GACAGGGGTCGTAAAGACGT,5,1608535
galSp,0.6666666666666666,23,14,CTTTGGTGTGTGCTATGACG,9,1618632
galSp,5.066666666666666,89,14,CTTGGCGCATTATAGCCAGT,75,1604639
galSp,0.8,25,14,CTTCGGTCTGTCGCAACATT,11,1612922
galSp,3.7333333333333334,69,14,CTGTCATATACCCTCCGTTG,55,1612440
galSp,0.5333333333333333,21,14,CTGGCGGGGTACCGGGAAGA,7,1615173
galSp,2.0,43,14,CTGGAGGACTTTAAGTATCG,29,1612921
galSp,7.8,130,14,CTCGGTCAGAATCAACTTAG,116,1599181
galSp,0.13333333333333333,15,14,CTCGCTGGCTTCAATAAGGG,1,1606492
galSp,2.066666666666667,44,14,CTCCCTCGTTATGGGACTGA,30,1608965
galSp,3.1333333333333333,60,14,CTCAGCCCCCAATGAATCGA,46,1600596
galSp,0.7333333333333333,24,14,CTCACACCTTCAGCTAGTCA,10,1611004
galSp,0.2,16,14,CTCAATACGTTTGGGCGTAG,2,1602715
galSp,0.26666666666666666,17,14,CTAGTAAGTGCCGTGTTGAA,3,1602709
galSp,2.466666666666667,50,14,CTAGGCGAACGCTCTCACGT,36,1604826
galSp,0.7333333333333333,24,14,CTACAAATTGTCGTAAAACA,10,1604132
galSp,3.3333333333333335,63,14,CTAAATGAATTCTGCGGCTC,49,1595253
galSp,6.8,115,14,CGTAATAGGCCCGGCATAGT,101,1610177
galSp,1.2666666666666666,32,14,CGGTGATTTCTCATATTAAT,18,1596688
galSp,0.9333333333333333,27,14,CGGTCTCCATGCCTTTCTGT,13,1618676
galSp,3.2,61,14,CGGTCCACCTTGATCAGCAT,47,1613525
galSp,0.6666666666666666,23,14,CGGGTCCGGCAATGGTAATA,9,1611426
galSp,0.2,16,14,CGATACCCACAGACTGGTAG,2,1597227
galSp,1.1333333333333333,30,14,CGACACCGGGTAAGGGCCCT,16,1614627
galSp,1.2666666666666666,32,14,CCTTACGTCTGGACCCCTCT,18,1609403
galSp,0.26666666666666666,17,14,CCTGGTGAGTGATTGGGGTT,3,1612928
galSp,0.13333333333333333,15,14,CCTCCCTACATCTCCTTGCA,1,1619368
galSp,0.26666666666666666,17,14,CCTCACTGTTAAGATCAGCT,3,1604809
galSp,1.5333333333333334,36,14,CCTATCCGATGTGATGAATG,22,1596968
galSp,0.13333333333333333,15,14,CCGGCGCGAGCACTGCGGAG,1,1621029
galSp,0.7333333333333333,24,14,CCGGAGGTCGGCTTCACCAA,10,1605360
galSp,1.2666666666666666,32,14,CCCTTTTTGGGAGGCTGAGT,18,1603746
galSp,2.2666666666666666,47,14,CCCGAGAAGTTCCGACGCCT,33,1595631
galSp,5.0,88,14,CCCAGAGCTGCGTTAGAAAT,74,1618438
galSp,0.3333333333333333,18,14,CCAATCGCGATTTAGCTGAC,4,1604410
galSp,0.7333333333333333,24,14,CATTGTTACGAGTTCAAGGG,10,1595864
galSp,0.4,19,14,CAGGGCAGGCCTCGGGCCAA,5,1610239
galSp,4.066666666666666,74,14,CAGAGATTCCCACCTTTATT,60,1604768
galSp,0.9333333333333333,27,14,CACGAGTATTGCGCGGAGTG,13,1610811
galSp,3.8,70,14,CACATTAAAGGGTGGGACTT,56,1605958
galSp,0.3333333333333333,18,14,CACAGTCGCAATCTACTCGT,4,1604128
galSp,0.7333333333333333,24,14,CAAATCCCGAACTCGTGACA,10,1601100
galSp,1.4,34,14,CAAATCAGAACTGGTGCGCC,20,1610865
galSp,0.4666666666666667,20,14,ATTTTGGTATCGATTGAATC,6,1603790
galSp,2.6,52,14,ATTTTGCAGCTATGGATTGA,38,1602894
galSp,0.6666666666666666,23,14,ATTTCAGTCCCGGTGACCTT,9,1619416
galSp,2.533333333333333,51,14,ATTAGAGGCGTCACAACGTA,37,1620568
galSp,1.6,37,14,ATTACTATCGTTTTGCAACT,23,1610000
galSp,0.8,25,14,ATTAAGGGTTCTAACCGGAA,11,1600047
galSp,3.1333333333333333,60,14,ATGTCAATCAAGTCTAAGGA,46,1608246
galSp,1.9333333333333333,42,14,ATGTAGATAGGTTAGCCCAC,28,1607872
galSp,0.5333333333333333,21,14,ATGGAGTTTTAGGCCTTCTC,7,1609151
galSp,0.4666666666666667,20,14,ATGATCTATTCCCGGTCTCT,6,1602476
galSp,0.6666666666666666,23,14,ATCTGCAACCAGCAGCCTCT,9,1620635
galSp,0.4666666666666667,20,14,ATCATAATGGACTACGAGAC,6,1596349
galSp,0.26666666666666666,17,14,ATATACGGGAGGGTACGGGT,3,1614935
galSp,0.3333333333333333,18,14,ATACTCGCGTCTCGGGACAA,4,1617278
galSp,0.5333333333333333,21,14,ATACTCAACGGGTTACTGCA,7,1606992
galSp,0.8,25,14,AGTTTTTACTTGGGCGTTTT,11,1603536
galSp,0.13333333333333333,15,14,AGTGGTTGAGTTTGCTTTGA,1,1610457
galSp,0.4,19,14,AGTATGAATTATTGCACCGG,5,1601536
galSp,0.4666666666666667,20,14,AGGCTCCAGTCTGCAGGCTA,6,1605689
galSp,0.6666666666666666,23,14,AGGCATCGGTCGCTGCTATA,9,1612266
galSp,0.9333333333333333,27,14,AGCATCCCGGGGGAAACGCA,13,1608288
galSp,0.6,22,14,ACTCTCTTTAATCCTGTGTC,8,1621041
galSp,0.13333333333333333,15,14,ACTCAATTAAGATGAGTTCA,1,1610952
galSp,0.8,25,14,ACGTGTAGTTACCAACGTTG,11,1618338
galSp,1.7333333333333334,39,14,ACGTGCCTATCGTGGATCCA,25,1616903
galSp,1.0,28,14,ACGGTAGGCATTAGGGCTAA,14,1595974
galSp,0.8,25,14,ACCTCCGGATTCCAGGGCCA,11,1599684
galSp,0.13333333333333333,15,14,ACCAATCAAATCGAACTCCA,1,1607337
galSp,0.4,19,14,ACATATGGGCGCGAAATTTC,5,1612419
galSp,0.26666666666666666,17,14,ACAGTGGTCTGTGAAAACCA,3,1610093
galSp,0.4,19,14,ACAGGTCGAAGGTATAATTA,5,1610604
galSp,0.5333333333333333,21,14,ACAGCCAAGCACCGGGCATG,7,1604163
galSp,0.3333333333333333,18,14,ACAATATGGCTGGTGCAAGA,4,1616679
galSp,0.13333333333333333,15,14,AATTTGTCAAACGAGGCGCT,1,1606701
galSp,0.5333333333333333,21,14,AATGTTATATGAAAAGCCGG,7,1610270
galSp,0.9333333333333333,27,14,AATGGGAGCAAGACCAAAAA,13,1621084
galSp,0.26666666666666666,17,14,AAGGGTAGGAGACCACATTT,3,1598118
galSp,0.4666666666666667,20,14,AAGCTTGGCCACGGGGTAAC,6,1598058
galSp,0.6,22,14,AAGCTCGCATAAGCCATTAC,8,1599947
galSp,0.5333333333333333,21,14,AACACAGAGATCACAAGTCG,7,1600991
galSp,2.6,52,14,AAACCTGCGACAGTCGAGCC,38,1598229
galSp,0.42857142857142855,18,13,TTTTTGCCTCTAATGCTTGC,5,1610035
galSp,1.2857142857142858,30,13,TTTCAGGGAACGTCATGATC,17,1602532
galSp,0.2857142857142857,16,13,TTGGCAGTGTGTTTATCGCG,3,1619294
galSp,0.42857142857142855,18,13,TTGGAGTGTATTACCCGGAG,5,1603230
galSp,0.14285714285714285,14,13,TTGGAGCCGCTCAAACAATA,1,1620352
galSp,0.5714285714285714,20,13,TTGCTACGTCGTGACATTGG,7,1610615
galSp,0.14285714285714285,14,13,TTGACAGCAGTTTCAGCTCT,1,1609947
galSp,0.5,19,13,TTCGTCCGGGTCGGTGCAGC,6,1600176
galSp,1.4285714285714286,32,13,TTCAGTGCCACTTTAAAACT,19,1616493
galSp,0.2857142857142857,16,13,TTAGATTCCTGCGTTACAGT,3,1615812
galSp,0.2857142857142857,16,13,TTAACGGGTAAGGCCCAGCG,3,1616368
galSp,1.5714285714285714,34,13,TGTTACTTACAGCCTCCGAC,21,1616535
galSp,1.2857142857142858,30,13,TGTGAAGGTGGCTTACCGAA,17,1598639
galSp,0.5,19,13,TGGGTGTAAATCGAGGCAGT,6,1611005
galSp,7.642857142857143,119,13,TGCTGTTGGTGATTATTTAC,106,1599129
galSp,0.42857142857142855,18,13,TGCCGTCACGACTAAATGAC,5,1608149
galSp,1.5,33,13,TGCAGGTTTAAATTACGATT,20,1607615
galSp,0.5,19,13,TGCAATGCCAAGCGTGGTGA,6,1618100
galSp,0.21428571428571427,15,13,TGAGCAGCTGCGTAGCTTAA,2,1621467
galSp,1.9285714285714286,39,13,TGAACAACGACGTGGGAACT,26,1609020
galSp,1.6428571428571428,35,13,TCGCGGCGTCGATCGGCCCC,22,1609016
galSp,2.7857142857142856,51,13,TCGCGCCGAGTAACTCTGCA,38,1610642
galSp,1.0714285714285714,27,13,TCCTTCCATACAGAACGAAC,14,1602338
galSp,0.7857142857142857,23,13,TCCTACGGGGCCTTTTTTAG,10,1610903
galSp,1.0,26,13,TCATGTAACCATAAATGCGT,13,1613337
galSp,1.0,26,13,TATTCATTCAGGTCCTCAGA,13,1602304
galSp,0.8571428571428571,24,13,TATGTAATAATGCGCAATAG,11,1604762
galSp,1.3571428571428572,31,13,TATCCTCTTGTAGTCCTACA,18,1615179
galSp,0.7142857142857143,22,13,TATCCGGAAAAATCTGGCAT,9,1616285
galSp,8.214285714285714,127,13,TAGGTGATTTACGCTTCTTA,114,1595225
galSp,0.5714285714285714,20,13,TAGCTCGACCTAGTTGCGAT,7,1610067
galSp,0.5,19,13,TAAGTATTAACGATAACCAC,6,1600761
galSp,1.1428571428571428,28,13,TAACATAACGAGTTATTTGG,15,1612572
galSp,2.9285714285714284,53,13,GTGTTTGCCCATGGAACATT,40,1606008
galSp,0.7142857142857143,22,13,GTGCGGAGCAAGCAACAACC,9,1596014
galSp,0.9285714285714286,25,13,GTCATCGGTCACTCTTATTG,12,1597946
galSp,3.2142857142857144,57,13,GTATCCCAGGCGTCGATAGA,44,1600080
galSp,4.0,68,13,GTACGAATTCCGAATGATTA,55,1615453
galSp,1.6428571428571428,35,13,GTACAAGCGTTAAGCTGGGT,22,1615383
galSp,1.2857142857142858,30,13,GGTTGCCGGATTGACATGTC,17,1617546
galSp,1.5714285714285714,34,13,GGTTCTTCATCCTGCTCACC,21,1606378
galSp,1.0,26,13,GGTGATTAGGGGCTGGTTAT,13,1606152
galSp,3.5,61,13,GGTAGCCATAGCGACCACCA,48,1616586
galSp,0.8571428571428571,24,13,GGGGTGGAGGCCAGCATCAT,11,1603546
galSp,0.5714285714285714,20,13,GGGGTACGTAGAACTCTTGT,7,1602527
galSp,5.285714285714286,86,13,GGGATTGTCTAAAACCGGGA,73,1617740
galSp,2.2857142857142856,44,13,GGGATGGGAGTATTAACCGC,31,1618306
galSp,0.7142857142857143,22,13,GGGAACAGAACCTTATATTT,9,1602769
galSp,1.6428571428571428,35,13,GGCCATGGGCCTGTTTGCTG,22,1601017
galSp,1.5,33,13,GGATGGCGTGGCTAAAACAA,20,1610118
galSp,0.14285714285714285,14,13,GGATAGGATCCACTTGCCAG,1,1613455
galSp,4.071428571428571,69,13,GCTGCCCAGCGTCCTGGGGG,56,1596062
galSp,0.21428571428571427,15,13,GCTGCCCAGCGGGCACACTT,2,1615820
galSp,0.21428571428571427,15,13,GCTAAATCATAGGTTGGAGT,2,1608387
galSp,0.35714285714285715,17,13,GCGGACAATGTAACATGTTG,4,1613260
galSp,0.6428571428571429,21,13,GCGACTCACGTTTATTTAAT,8,1618466
galSp,0.21428571428571427,15,13,GCCTACCCTGCTGATCACCG,2,1597154
galSp,0.35714285714285715,17,13,GCCCTATCGACATACACGAT,4,1609154
galSp,0.42857142857142855,18,13,GCAAGCACAGCCTACGCTCG,5,1601587
galSp,0.21428571428571427,15,13,GAGGATATGGACTTTGAAGA,2,1613767
galSp,1.5714285714285714,34,13,GACGGTCTTCGCCATGGTTA,21,1597626
galSp,1.3571428571428572,31,13,GACCGGCTGACGTATCTGTA,18,1611505
galSp,0.42857142857142855,18,13,GACCAGTTGAAGCTAGCTTG,5,1602732
galSp,2.142857142857143,42,13,GACATGTCTAATGGGTGATA,29,1597597
galSp,0.42857142857142855,18,13,GAATAGTTTGTGTTTTGAAT,5,1604981
galSp,1.5,33,13,GAAGCTATTATGGCTGCGTC,20,1615364
galSp,0.14285714285714285,14,13,GAACTGGGTGGGCGTTGGAT,1,1607731
galSp,0.21428571428571427,15,13,GAACATCAGCAGATGCTAGG,2,1595556
galSp,1.0,26,13,GAAAGGTGGATGCCCCCGAG,13,1612212
galSp,0.9285714285714286,25,13,CTTTGTACTTCGGGTGCAAG,12,1601108
galSp,3.142857142857143,56,13,CTTAGCATTGGCCCAAACGG,43,1603232
galSp,1.2142857142857142,29,13,CTGGCGCACTATTCGACCCC,16,1609490
galSp,1.0714285714285714,27,13,CTGGAAATTGCTGTGTTGCA,14,1605449
galSp,2.0,40,13,CTCTTTGGCATCTATGCGAA,27,1615088
galSp,0.42857142857142855,18,13,CTCGAGTTATGAAACTATGT,5,1607730
galSp,4.928571428571429,81,13,CTCATCGGGGATTTTATTTT,68,1595311
galSp,0.21428571428571427,15,13,CTCAGGCCTTCTACCCGCGT,2,1621432
galSp,1.0,26,13,CTATTGTAGGGTCTCGGGCA,13,1609964
galSp,0.14285714285714285,14,13,CTATTCTAAGGTCATATTCC,1,1607587
galSp,0.5714285714285714,20,13,CTAATTACTGGGTATATAAG,7,1607438
galSp,1.0,26,13,CGTGAGACATTAACTGCTGT,13,1605839
galSp,0.7142857142857143,22,13,CGGTGTAAGGGTTTTTCGGA,9,1617188
galSp,0.14285714285714285,14,13,CGGGGTCCTTACTCCGAATA,1,1616511
galSp,0.35714285714285715,17,13,CGGGACTGTCTGAAAACAAC,4,1601539
galSp,0.7857142857142857,23,13,CGGCGTTCGGCATGGCGTCA,10,1612784
galSp,0.21428571428571427,15,13,CGCCTCTTGACGCCACTTAA,2,1615647
galSp,1.5714285714285714,34,13,CGATTCCTTCTCCATAAATT,21,1601866
galSp,0.8571428571428571,24,13,CGATTAAGAGGGGATTTAGG,11,1600326
galSp,1.3571428571428572,31,13,CGATCGGATAGCGTCCCCGG,18,1611920
galSp,1.0,26,13,CCTTCTAGAAGCGGCTGTAA,13,1617723
galSp,0.14285714285714285,14,13,CCTGGTAACCTCAGGTGCAA,1,1618985
galSp,1.2857142857142858,30,13,CCTCCTTGGTTGATCTGACT,17,1598052
galSp,0.7857142857142857,23,13,CCGGCACGCTATAGGTCTCG,10,1603563
galSp,2.0714285714285716,41,13,CCGACTCCGCTATATACTTG,28,1598620
galSp,7.5,117,13,CCGACGAGAACGATTTGGGA,104,1595356
galSp,1.2857142857142858,30,13,CCCCCAGACACCGTACTGGG,17,1598440
galSp,0.5714285714285714,20,13,CCATACTGGCCACAGACTAT,7,1608309
galSp,0.2857142857142857,16,13,CCAGTTTGTGTTTCCCCGGA,3,1599485
galSp,0.5714285714285714,20,13,CAGACAGCGAAGCCAGGACA,7,1611764
galSp,1.4285714285714286,32,13,CAGAAGTTTCGGCCTTCGTT,19,1603148
galSp,0.21428571428571427,15,13,CAGAAGGAGCCGCGCTGTGC,2,1619476
galSp,0.14285714285714285,14,13,CAGAACCAGACACAGTCTAC,1,1596722
galSp,0.5714285714285714,20,13,CACTCGCTCCACCAGCACGG,7,1612966
galSp,1.2857142857142858,30,13,CACGTTGTGCAAAAGTTTTT,17,1597308
galSp,0.14285714285714285,14,13,CACGTTAAAGGTCTCCGGTG,1,1605217
galSp,0.35714285714285715,17,13,CAACGTCTACGTTTTGTTCC,4,1600977
galSp,0.9285714285714286,25,13,CAAAAACGTTTGCGTGATCA,12,1602415
galSp,0.42857142857142855,18,13,ATTTGGCGGAGTCGAGCACA,5,1612761
galSp,1.5714285714285714,34,13,ATTGCGTTCATCGAGCTTGA,21,1611589
galSp,1.2142857142857142,29,13,ATTCGGGGCACGGATCTGGA,16,1598306
galSp,0.14285714285714285,14,13,ATTATTCACGTTCATCTTCG,1,1602413
galSp,0.14285714285714285,14,13,ATTAAGTCCAACGAGGCACA,1,1610476
galSp,0.35714285714285715,17,13,ATGCGTGCAATCAGCGGAGT,4,1596724
galSp,1.4285714285714286,32,13,ATGCCGGCCCTTTCTAACAG,19,1604656
galSp,3.2857142857142856,58,13,ATGCAGCGCTCTAGATAACT,45,1605283
galSp,0.14285714285714285,14,13,ATGAACAGATACACATGATT,1,1596842
galSp,0.5,19,13,ATCTAGTGTTCTTCTTGAAG,6,1602854
galSp,1.0714285714285714,27,13,ATCGAGTGGTGCCGTGCTGC,14,1597212
galSp,1.7142857142857142,36,13,ATCACGTATGCTTGACCGGC,23,1606296
galSp,1.5714285714285714,34,13,ATACCGATAACTTATTGAGC,21,1613284
galSp,0.14285714285714285,14,13,AGGCGGTTCCGTCATGCCAA,1,1603295
galSp,1.3571428571428572,31,13,AGCCCATGAAGGATCGTAAG,18,1612736
galSp,1.1428571428571428,28,13,AGAATTACGAAGAAGAGCGT,15,1605735
galSp,0.5,19,13,AGAATGGTAGCTACTTACGC,6,1613961
galSp,1.4285714285714286,32,13,ACTTGTGTCACAGCATTCCA,19,1600035
galSp,1.4285714285714286,32,13,ACTGTTGGGGAATATCGCGC,19,1617854
galSp,0.14285714285714285,14,13,ACGTCACCAGGTATGATTGA,1,1602644
galSp,0.8571428571428571,24,13,ACGCGAGTCTCAATCTTATT,11,1616940
galSp,1.2857142857142858,30,13,ACGATATATTTAAGCCGTGA,17,1598770
galSp,1.3571428571428572,31,13,ACGACCAGTAAGGTCCAGTA,18,1607598
galSp,0.14285714285714285,14,13,ACCAAACGCGGCGGTACATC,1,1598848
galSp,14.142857142857142,210,13,ACAACTTGGCGAGAAGAAGA,197,1612846
galSp,0.42857142857142855,18,13,ACAAATACCCACGTCTTGGG,5,1597002
galSp,0.35714285714285715,17,13,ACAAAGAAGGGACTCGTGCA,4,1613306
galSp,3.857142857142857,66,13,AATTCTGTTGGCCCATAGTT,53,1607376
galSp,6.071428571428571,97,13,AATCGTCACTTACGTGTTCA,84,1597598
galSp,0.14285714285714285,14,13,AATCACCCACGGTGATTCAT,1,1599434
galSp,0.6428571428571429,21,13,AATACGCTCAACGCAAATCG,8,1601471
galSp,1.0714285714285714,27,13,AAGATGGCCCGCCTTCTTGA,14,1610812
galSp,0.35714285714285715,17,13,AACATGATTAGGTCGTCACA,4,1610961
galSp,0.14285714285714285,14,13,AACAGCGAGACGACATCAAC,1,1609382
galSp,32.0,460,13,AACAAGCATCCCAAATAGAT,447,1612398
galSp,2.0714285714285716,41,13,AACAACTTCTTGACTTTCTC,28,1620926
galSp,0.14285714285714285,14,13,AAAGTCTGTAATTGGACTTT,1,1605465
galSp,1.2142857142857142,29,13,AAAGCGTAACGAATGGGTGT,16,1603373
galSp,1.9285714285714286,39,13,AAAAGTAACGCATTGCGTGA,26,1613593
galSp,1.8461538461538463,35,12,TTTGGTTGGCGTAACCGGTA,23,1614507
galSp,4.230769230769231,66,12,TTTCCGTGTGTGGTTTCCTG,54,1604644
galSp,1.0769230769230769,25,12,TTTACCCGTGGATTCGACCC,13,1597049
galSp,0.23076923076923078,14,12,TTTAATACAGATGCTTGGCA,2,1612391
galSp,0.38461538461538464,16,12,TTGTGAATGCTCGGAATTTG,4,1600927
galSp,0.38461538461538464,16,12,TTGCCGTAGTACATGGACGG,4,1604993
galSp,1.0769230769230769,25,12,TTGAGGCGATTCTGTTCGAC,13,1605833
galSp,2.6153846153846154,45,12,TTCTTCGCCAAGGAGGTTGT,33,1602815
galSp,0.5384615384615384,18,12,TTCAACCGCGGAAACGAAAT,6,1600277
galSp,0.8461538461538461,22,12,TTATCCTGGACACAGATGAT,10,1615544
galSp,1.6153846153846154,32,12,TTATATTAATGATCACTGGT,20,1596723
galSp,2.076923076923077,38,12,TTAGTAGCAGGGCGGACTGG,26,1611380
galSp,0.46153846153846156,17,12,TTAGGAGTATTCCATTATAC,5,1597253
galSp,0.38461538461538464,16,12,TTAAATAGTAAACACGCGCT,4,1605194
galSp,1.6923076923076923,33,12,TGTGCGGCCATGGCAGCCAT,21,1610819
galSp,1.7692307692307692,34,12,TGTCAGGGCCCAACGATTCT,22,1609328
galSp,3.3076923076923075,54,12,TGGTCGAGGTAGCGTCCTAC,42,1615084
galSp,3.3076923076923075,54,12,TGGGTTCGCGAATGCACGCA,42,1614937
galSp,1.3846153846153846,29,12,TGGAACAAATCAGGTGTGTC,17,1606386
galSp,1.3076923076923077,28,12,TGCATCTGATTCTGCCAACG,16,1595247
galSp,2.8461538461538463,48,12,TGCAAAGAGACTTTATTAGC,36,1619990
galSp,0.38461538461538464,16,12,TGAAACGGTTTAGCTAACTT,4,1604814
galSp,2.1538461538461537,39,12,TGAAACGGGCGGCTGCACCT,27,1602781
galSp,1.3076923076923077,28,12,TCTTCCCCCATGTCCATCAA,16,1614239
galSp,0.9230769230769231,23,12,TCTCGGGACCTGATGACAAG,11,1611264
galSp,1.9230769230769231,36,12,TCGACTAATACTCCAAGTAT,24,1611960
galSp,0.38461538461538464,16,12,TCCTACAAAGGGGGTGGATG,4,1604541
galSp,1.4615384615384615,30,12,TCCTAATGACTGGGTCTCCA,18,1601954
galSp,1.3846153846153846,29,12,TCCGTTTAATATCATAGCGT,17,1616742
galSp,1.2307692307692308,27,12,TCCGCGACTTATAAAACATC,15,1598439
galSp,0.6153846153846154,19,12,TCCCGGGATCCATCTCCTTT,7,1612625
galSp,1.6923076923076923,33,12,TCATGCAGTCGTCCGGCATC,21,1604577
galSp,1.4615384615384615,30,12,TCAGCATTTTTCTGTGACGG,18,1602970
galSp,1.2307692307692308,27,12,TCAAAGTCCTATTCATCCGC,15,1598323
galSp,0.3076923076923077,15,12,TATTCGGGAAGCCTAGCATA,3,1613714
galSp,0.8461538461538461,22,12,TATCTGAGAAGGTCCGTCGC,10,1609643
galSp,6.153846153846154,91,12,TATCGGGCACCTGCGTACAC,79,1614767
galSp,0.46153846153846156,17,12,TATCCGAGGTACGTTGGTCC,5,1598435
galSp,1.3846153846153846,29,12,TACTTAAATGGTTGTCCACA,17,1600736
galSp,0.15384615384615385,13,12,TACGTGTGTCTGTCACGCTA,1,1619036
galSp,2.4615384615384617,43,12,TACGAACGAGTGGGGGAACA,31,1606784
galSp,1.2307692307692308,27,12,TACCCGTAGGTAGCACTTAA,15,1608188
galSp,0.7692307692307693,21,12,TACCATTCGTCGGCATTTCC,9,1601119
galSp,0.38461538461538464,16,12,TAATCCCTTTTGATTATGAT,4,1615941
galSp,2.1538461538461537,39,12,TAATAATCTCATCCGGCTAC,27,1609294
galSp,0.38461538461538464,16,12,GTCTGGAAGATCCGTTCATT,4,1604864
galSp,0.15384615384615385,13,12,GTCGCGGCGTTCCACCACGT,1,1595854
galSp,43.92307692307692,582,12,GTCCGATTGCCCAGTTACTG,570,1599340
galSp,0.3076923076923077,15,12,GTAGCGTGCTCAATTCCCGT,3,1615537
galSp,2.3846153846153846,42,12,GTAGCCTTGCCTGGTGGTGT,30,1619965
galSp,3.0,50,12,GTAGCACAAGTACTTGGGCT,38,1611823
galSp,0.6153846153846154,19,12,GTACTTTACGATTCCGTGGT,7,1602258
galSp,0.6923076923076923,20,12,GTACTTGCATGCAGCCCCGT,8,1615344
galSp,0.15384615384615385,13,12,GGTTCGGGACCCCTACTTTT,1,1596865
galSp,1.5384615384615385,31,12,GGTTCAACGTGGGCTGCAGA,19,1601159
galSp,0.15384615384615385,13,12,GGTCATACGCAAGCCATCTG,1,1604985
galSp,1.0769230769230769,25,12,GGTATGTATCCAGCCGACTT,13,1597272
galSp,0.7692307692307693,21,12,GGTAGTCGCCGCGGAAGATT,9,1611942
galSp,0.8461538461538461,22,12,GGGTGGCTACCTTCCTTCTG,10,1611376
galSp,2.3076923076923075,41,12,GGGGCGCAATAAAGTTGACT,29,1603722
galSp,1.0,24,12,GGGATGGCGCAAAATATAAT,12,1604011
galSp,1.6153846153846154,32,12,GGCGGGGAAACATAACTCCT,20,1620738
galSp,0.46153846153846156,17,12,GGCGAAAAAGCCTTTTCGTT,5,1611910
galSp,7.769230769230769,112,12,GGAGGCCTAGCAGCACGGGT,100,1615240
galSp,1.3076923076923077,28,12,GGACCGGTGCCACGAGCTAG,16,1614251
galSp,0.15384615384615385,13,12,GGACACAGTTGGGTACCATT,1,1601457
galSp,0.5384615384615384,18,12,GGAATCGTACAGCTGCGCAG,6,1619684
galSp,4.538461538461538,70,12,GGAAGGAAGGTTGTTAAGCA,58,1599365
galSp,0.3076923076923077,15,12,GCTGTGACGAACATTGGTGC,3,1601920
galSp,0.5384615384615384,18,12,GCTATTCTGGCTAAAACTCC,6,1617792
galSp,1.3076923076923077,28,12,GCGGTTGGCGTCCACGAACA,16,1612905
galSp,1.3076923076923077,28,12,GCGGCAGAAGGCAGTGAAAT,16,1609566
galSp,0.9230769230769231,23,12,GCGCGTGATGGAGTACGAGA,11,1598161
galSp,0.38461538461538464,16,12,GCGCCTAGTGGGGGGACTTA,4,1599456
galSp,0.6153846153846154,19,12,GCCTATCATAGGCCACTTAT,7,1612920
galSp,0.15384615384615385,13,12,GCAAATCACAAACGTTTAGT,1,1599144
galSp,0.38461538461538464,16,12,GATTTCAGCTTCAATCTCTT,4,1603628
galSp,0.15384615384615385,13,12,GATGCTAATCCCAGCTCAAT,1,1604439
galSp,0.9230769230769231,23,12,GATCTCATTCAATCCAGGGT,11,1600388
galSp,0.15384615384615385,13,12,GATCACGTTCAGAGGAGGTT,1,1607678
galSp,1.3846153846153846,29,12,GATATGTTTGTATTGTCATA,17,1598954
galSp,0.3076923076923077,15,12,GATACGGAAAAGTGGCCCGC,3,1604293
galSp,0.6153846153846154,19,12,GAGTTTCTGAGGGATTCACT,7,1601099
galSp,0.7692307692307693,21,12,GACTACTGACATCCCCCCGA,9,1620873
galSp,0.15384615384615385,13,12,GACCTGCGTCCGACGTAATT,1,1595549
galSp,0.15384615384615385,13,12,GAATTAAGTGAATGAAATAA,1,1618517
galSp,2.1538461538461537,39,12,GAAAGAGTGCCAGGGCAAGT,27,1607362
galSp,2.6153846153846154,45,12,CTTCGGTTAAGGCCTCGACT,33,1608792
galSp,0.5384615384615384,18,12,CTTCAAAATCACGCGCCGGT,6,1610978
galSp,0.3076923076923077,15,12,CTGGGTCAATGGGGTATAAT,3,1601696
galSp,0.15384615384615385,13,12,CTCGGAGACAAGTGATTCGA,1,1615709
galSp,0.7692307692307693,21,12,CTCGACACTGTATCGAACTG,9,1619483
galSp,1.2307692307692308,27,12,CTCCTACACGTGGATGTGTA,15,1601573
galSp,0.38461538461538464,16,12,CTCAACCGATTCATGCATCT,4,1615980
galSp,0.46153846153846156,17,12,CTATTAGGGCCGCTAGGTTT,5,1617206
galSp,0.46153846153846156,17,12,CTACTTTACTGCATTGCATA,5,1602685
galSp,1.5384615384615385,31,12,CGTGGCGCGCAGTTACGGGA,19,1601893
galSp,0.6153846153846154,19,12,CGTGAATCACCGGTACACAC,7,1616989
galSp,0.46153846153846156,17,12,CGGCTCCCCACACGTGTACT,5,1614269
galSp,0.15384615384615385,13,12,CGGCGCCGGTGTAGGCGACG,1,1602789
galSp,0.8461538461538461,22,12,CGACGGCAAGCCGGAGACAG,10,1601585
galSp,4.0,63,12,CGACACAATGCTCGGTCGTT,51,1601331
galSp,1.1538461538461537,26,12,CCTGTTGTCAAAGTATGCGA,14,1607120
galSp,0.6923076923076923,20,12,CCTCAGGGAATTGTTTAAAT,8,1603997
galSp,0.9230769230769231,23,12,CCCTTCTCTCCCCCTCAAGA,11,1595873
galSp,1.3076923076923077,28,12,CCATTACCTACCATATCCCG,16,1596886
galSp,0.15384615384615385,13,12,CAGTACCCTGCAGCTTGTAT,1,1607057
galSp,2.0,37,12,CACTTCAGGAGTGCCTCAAA,25,1603815
galSp,0.46153846153846156,17,12,CACCTTCCGCATGTTCACGT,5,1606198
galSp,0.15384615384615385,13,12,CACCTAACTTTCACGTGGGT,1,1613014
galSp,2.6923076923076925,46,12,CAATTGGAATGGGTCCTCGG,34,1610804
galSp,1.3076923076923077,28,12,CAACATTAGCCGGGAGGCTC,16,1605516
galSp,0.23076923076923078,14,12,CAAAATCCCATCAGGATTCT,2,1605876
galSp,3.076923076923077,51,12,ATTCAGCTGCGTGCTGGTCT,39,1611530
galSp,0.7692307692307693,21,12,ATGTTATGGAAGCGTGTTAA,9,1612248
galSp,2.1538461538461537,39,12,ATGTGGCCTTTATGACAGAG,27,1603767
galSp,0.3076923076923077,15,12,ATGGCGACATAGGTATCGAG,3,1600808
galSp,0.15384615384615385,13,12,ATGGAATTGAAACGTGGGAC,1,1604952
galSp,0.15384615384615385,13,12,ATGCTGAACCCCCTTGGTGT,1,1595799
galSp,0.23076923076923078,14,12,ATCGCTTTTGCAGTCGGAAT,2,1604026
galSp,0.15384615384615385,13,12,ATCGCCTAGAAAATATTGGA,1,1603914
galSp,1.1538461538461537,26,12,ATAAGGAACCCAAAGGGTCT,14,1597787
galSp,0.5384615384615384,18,12,AGTCATATATAATTCTCTCG,6,1596600
galSp,0.38461538461538464,16,12,AGTAATTCAGAGTGCTATAT,4,1618572
galSp,0.15384615384615385,13,12,AGGTGATTCCTACGGATATT,1,1603280
galSp,0.38461538461538464,16,12,AGGATACATGCTATTTGATT,4,1605615
galSp,2.8461538461538463,48,12,AGCCGACACTGAGACTACCG,36,1596691
galSp,0.46153846153846156,17,12,AGCCATAAGACGAAAACCGA,5,1595681
galSp,2.0,37,12,AGACATCATCAATAACACAT,25,1610680
galSp,0.15384615384615385,13,12,AGAACTTGGTAAGCAGACTC,1,1610105
galSp,1.1538461538461537,26,12,ACTGTATCGTTACGGAGCGG,14,1597558
galSp,14.076923076923077,194,12,ACTGCATTTTGTTATACCCT,182,1602387
galSp,0.5384615384615384,18,12,ACTCAGGTTCTGACGCCGCG,6,1600107
galSp,0.9230769230769231,23,12,ACTCACGCCACGTTGCTGTA,11,1606432
galSp,0.15384615384615385,13,12,ACGGACCGAAATATAACGCG,1,1599203
galSp,1.9230769230769231,36,12,ACCGGTTTAGTAATTCAGTT,24,1597085
galSp,0.8461538461538461,22,12,ACCCGGTCAACGACCGAAGA,10,1598531
galSp,2.1538461538461537,39,12,ACCATCCCGGCATAAATGCG,27,1619087
galSp,1.7692307692307692,34,12,ACCACAATATTTATTGGCGT,22,1614273
galSp,1.0769230769230769,25,12,ACCAATTACATCCTGGGTTC,13,1613166
galSp,0.3076923076923077,15,12,ACACTAACTAATTGATGCTG,3,1619528
galSp,0.15384615384615385,13,12,AATTAATAGCCGGAAGGTGG,1,1597191
galSp,0.23076923076923078,14,12,AAGTCAGGGTATAACAATTT,2,1608490
galSp,0.8461538461538461,22,12,AAGGGCAAAGGCAAGGTAAT,10,1616846
galSp,1.2307692307692308,27,12,AAGCGCTCAGTAACTGGGCT,15,1621030
galSp,0.38461538461538464,16,12,AAGAGCATCTCTTTTAGAAT,4,1604488
galSp,0.3076923076923077,15,12,AACGACCTGTCGTGCCTCCC,3,1597206
galSp,0.46153846153846156,17,12,AACACTAAATGGAGCTTCTG,5,1610430
galSp,0.6153846153846154,19,12,AAATCCAGAATCGAGTGGTA,7,1617533
galSp,0.6923076923076923,20,12,AAACGCTACCCGTGCGTGTA,8,1596102
galSp,2.8461538461538463,48,12,AAACCAGATTACCAAGTGAC,36,1619159
galSp,0.25,13,11,TTGTACCCGTCTTGGACCCA,2,1605233
galSp,1.0833333333333333,23,11,TTGTAAGGGCAAAAGTCAAT,12,1611301
galSp,6.75,91,11,TTGCCGTGTATGTTTGGAGC,80,1608458
galSp,4.416666666666667,63,11,TTCTCTCAACCGTCGGAGTC,52,1620952
galSp,1.0833333333333333,23,11,TTCGTAGTCCCCGATATAGC,12,1602177
galSp,0.16666666666666666,12,11,TTCGGCGCTTGCCTGGTTTA,1,1604073
galSp,1.1666666666666667,24,11,TTCCGTGCCTCCTACTCACC,13,1613715
galSp,0.4166666666666667,15,11,TTATTAGATCGCCGTACGGC,4,1619083
galSp,0.16666666666666666,12,11,TTACTCTTGTAGAAGCGGGG,1,1617428
galSp,0.25,13,11,TTACGGACTACGTTCCGATG,2,1612950
galSp,3.4166666666666665,51,11,TTACATTTTCTATCGTGAAA,40,1605681
galSp,1.1666666666666667,24,11,TTAAGTTACATCAAAGTGAA,13,1616216
galSp,1.0,22,11,TTAACCCCAAATGCGTGACC,11,1610894
galSp,0.16666666666666666,12,11,TGTTAAAATAAGGCAGGTGA,1,1616122
galSp,2.8333333333333335,44,11,TGTAGCACCAAGGTGATGCC,33,1606369
galSp,0.6666666666666666,18,11,TGGGGGTCCATGAGACCGAT,7,1619131
galSp,1.0833333333333333,23,11,TGGCTCCCATATTACCTTCG,12,1598149
galSp,0.5,16,11,TGCGGGCCGTAGAGTCAGAT,5,1600493
galSp,0.75,19,11,TGCAGTGTTCGATGTCGCTG,8,1602212
galSp,1.6666666666666667,30,11,TGCAGGATAAAGATGTGGCC,19,1618609
galSp,0.16666666666666666,12,11,TGATGATAGGTAGCTCTAGT,1,1617349
galSp,0.75,19,11,TGACTAGGCTTAAGATAAAG,8,1615783
galSp,0.4166666666666667,15,11,TCTTGGTTACCCTACACGGC,4,1619457
galSp,1.25,25,11,TCTGCGCGTGCATCTAATAA,14,1595228
galSp,4.166666666666667,60,11,TCTCCTTGTGTACCATTACA,49,1608875
galSp,0.6666666666666666,18,11,TCTACAGCATTGCAGGAGGC,7,1621222
galSp,1.0833333333333333,23,11,TCGGTTCCCCAGTGTATCAT,12,1618395
galSp,5.75,79,11,TCGGCCTGTCGTCAAGGCTA,68,1607577
galSp,2.5,40,11,TCGCTGGGTTAGAACAAGGT,29,1596354
galSp,0.16666666666666666,12,11,TCGCGTACGGTGCTGTCCTC,1,1620450
galSp,2.5,40,11,TCCCTTGCAGGATAGTCGTG,29,1607576
galSp,0.9166666666666666,21,11,TCACAGGAGGCGCGCAATGC,10,1600748
galSp,0.16666666666666666,12,11,TCAAAGGCCTGACCTCTGGC,1,1600048
galSp,0.16666666666666666,12,11,TATTAAATGGAGCAATGGCG,1,1616719
galSp,1.5833333333333333,29,11,TATCTCCGTCGCACCACGGT,18,1599166
galSp,2.0,34,11,TATAAATTGATCATAGCCTC,23,1602402
galSp,0.25,13,11,TAGGTGTAGAGACATTTCGC,2,1599303
galSp,2.5833333333333335,41,11,TAGCACTCGTGAGGCAGACT,30,1605206
galSp,2.4166666666666665,39,11,TACACCCTTCTTGTTAGTTC,28,1621367
galSp,2.8333333333333335,44,11,TAAGCACGGACCGTAGCTCG,33,1607095
galSp,1.0833333333333333,23,11,TAAATCGTCTATTTTTTCAA,12,1612624
galSp,0.6666666666666666,18,11,GTTCTAATAACTTAAATATC,7,1595237
galSp,2.0833333333333335,35,11,GTTAGAACATGGCATGGTAC,24,1609267
galSp,0.25,13,11,GTGTGATTCTGAACCAACGG,2,1598236
galSp,0.4166666666666667,15,11,GTGTAATTACGACATGTTAC,4,1600930
galSp,2.5833333333333335,41,11,GTGAGCCGCGATGGTGTAGG,30,1610309
galSp,1.0833333333333333,23,11,GTCTGAGAAAAAGAGTTTTG,12,1613187
galSp,0.5833333333333334,17,11,GTATGTTGCAACCCCAGTCA,6,1612626
galSp,0.3333333333333333,14,11,GTAACCTGTTAACACTCGGT,3,1608734
galSp,1.25,25,11,GGTTTGGGGCTCTTTTAGAC,14,1607839
galSp,0.5,16,11,GGTGGTAAAGTACAAAGCTG,5,1621055
galSp,1.75,31,11,GGTCTCATGATTACAAGTCC,20,1611841
galSp,0.8333333333333334,20,11,GGGTACCCTTTAACGCTGCT,9,1614898
galSp,0.25,13,11,GGGGTTCGCCGAGTGGCCGA,2,1596235
galSp,1.1666666666666667,24,11,GGGCTACCCTGTATGATCGA,13,1600933
galSp,0.6666666666666666,18,11,GGGAGGCGATGATTACTCGT,7,1607390
galSp,1.6666666666666667,30,11,GGCTCCTCCAGTTGCGACGA,19,1607211
galSp,0.16666666666666666,12,11,GGAGGATGAGTATCGACTAA,1,1598244
galSp,2.0833333333333335,35,11,GGAGGAATGAGCACGGATAT,24,1603677
galSp,2.0,34,11,GGACCAGATGATGCCCCTCT,23,1597359
galSp,0.3333333333333333,14,11,GGACAGATGAAGCGCTGAAC,3,1606932
galSp,0.16666666666666666,12,11,GCTGTAGCTCGGTAATATTT,1,1601281
galSp,1.3333333333333333,26,11,GCTGTAAGTGTCGTGTTGAA,15,1601169
galSp,4.166666666666667,60,11,GCTCAACCAGGCTAGAAGTC,49,1606729
galSp,0.4166666666666667,15,11,GCGTAAACCACAACTTATAT,4,1613869
galSp,2.9166666666666665,45,11,GCCTTGGTTTGGGGTTTCAA,34,1610982
galSp,0.16666666666666666,12,11,GCACCGTTAGATTGCATGCA,1,1609014
galSp,1.5833333333333333,29,11,GATTTTGTTACTCGGCGCAA,18,1611684
galSp,1.0,22,11,GATTGACCGATTCGGCTATT,11,1599370
galSp,0.5,16,11,GATCCACCTCGAGTATTGAC,5,1610946
galSp,0.9166666666666666,21,11,GATAGTACGCATTCGTCTAC,10,1609656
galSp,0.5,16,11,GAGTAAGTGCGCCTCGTCTC,5,1598987
galSp,2.0,34,11,GAGCTCTGCCGTCCCAATGG,23,1606914
galSp,2.9166666666666665,45,11,GAGCCAAGAGACATAAGTCC,34,1601009
galSp,1.4166666666666667,27,11,GACGGGGTCATTCCCATCGG,16,1612903
galSp,0.5833333333333334,17,11,GACACGCAGGAAGTTCGGTG,6,1605038
galSp,0.4166666666666667,15,11,GAATGGCGCAGCACAGACAG,4,1608564
galSp,41.916666666666664,513,11,GAACTAATATAGCTTCAGTC,502,1599344
galSp,0.9166666666666666,21,11,GAACCTAGGGCGTCCTGGAA,10,1615320
galSp,0.16666666666666666,12,11,CTTTGCCTTGCCCAAATCCA,1,1595869
galSp,1.1666666666666667,24,11,CTTGCTTCTGACTTGAGATA,13,1618063
galSp,0.8333333333333334,20,11,CTTCTTAAAGGCCGACTAAC,9,1599245
galSp,1.25,25,11,CTTCCGTTTCCTGGCCGCTA,14,1601852
galSp,2.3333333333333335,38,11,CTGCCTCTTAGCAGTTTTTG,27,1600343
galSp,1.0,22,11,CTGCATCTCCCTTACTGTCT,11,1598177
galSp,4.666666666666667,66,11,CTCTGGAACGGACCAGTGTG,55,1602594
galSp,0.25,13,11,CTCTATACTAGCAGCAGGGT,2,1608566
galSp,1.0833333333333333,23,11,CTATGAGCCTCGCTCAGGTA,12,1603808
galSp,1.0,22,11,CGTTAATTTTTCACAGTTCG,11,1615474
galSp,10.916666666666666,141,11,CGTGTGTTGTCAATCCGGAG,130,1620576
galSp,3.5833333333333335,53,11,CGTGTCCTACTGTGCATTAT,42,1599859
galSp,0.4166666666666667,15,11,CGGTTGGCCAGGCACATAGT,4,1600697
galSp,9.5,124,11,CGGGGAAAAAGGGCATATGT,113,1602955
galSp,0.16666666666666666,12,11,CGGGCGCACCGACAGGTCAA,1,1602705
galSp,1.9166666666666667,33,11,CGGCTCGGACTCTTGGACGG,22,1605156
galSp,0.16666666666666666,12,11,CGGCGCTACTGACCGTCCCA,1,1603942
galSp,9.5,124,11,CGGACTTGGTTGGTTTTAAG,113,1601717
galSp,1.4166666666666667,27,11,CGGACTTCCCACGCCCCAGA,16,1609580
galSp,0.25,13,11,CGCTTCAAAGGTCCCGCGGC,2,1620668
galSp,1.5,28,11,CGCTCTCGAAAACAGGGACC,17,1603442
galSp,0.3333333333333333,14,11,CGCCCAAATGCCATATCGCG,3,1598563
galSp,0.25,13,11,CGATGTAATTTTTAAACATA,2,1617485
galSp,1.3333333333333333,26,11,CGATAAGCCCAAGTATTTTC,15,1612748
galSp,0.16666666666666666,12,11,CGAGCAAATCGGGGGGAACA,1,1617526
galSp,2.0833333333333335,35,11,CGACGTTACCAACTTCTTGG,24,1613466
galSp,1.8333333333333333,32,11,CGAAGTCTTATGATGGATCA,21,1607599
galSp,1.6666666666666667,30,11,CCTCACGTAAGAGCCTATTT,19,1620036
galSp,12.083333333333334,155,11,CCTACGCGCGCAATGTCCCG,144,1610921
galSp,5.416666666666667,75,11,CCGGGGGCCTGGGCATACAA,64,1618181
galSp,1.75,31,11,CCCTTCACATGGTTCATATA,20,1602275
galSp,1.1666666666666667,24,11,CCCTCTCGGCAGATTGATGT,13,1615795
galSp,1.0,22,11,CCCGGTCACCACAGGAAAGT,11,1603519
galSp,1.0,22,11,CCATCAGGGGATATGGCACT,11,1615307
galSp,1.6666666666666667,30,11,CCATAGGATCATTTGTTGAT,19,1599811
galSp,0.16666666666666666,12,11,CCAGACTCCTTGTACAATAC,1,1607451
galSp,1.1666666666666667,24,11,CCACAAGACTTCAATTATGT,13,1616265
galSp,1.0,22,11,CCAATTTCGGAGGTTATTGT,11,1605105
galSp,1.1666666666666667,24,11,CCAAGTCGGGGTGTACATTA,13,1610091
galSp,2.8333333333333335,44,11,CATGCGTCGCGTCTAGTTAA,33,1606533
galSp,7.416666666666667,99,11,CATCAGCGTTTCGACTAACA,88,1602385
galSp,0.25,13,11,CAGAGTCTCCAGTACCTTTT,2,1613887
galSp,2.3333333333333335,38,11,CACTCTTGGCATTTGTTACT,27,1595814
galSp,0.9166666666666666,21,11,CACGACCCAACGTATGCCGG,10,1613033
galSp,1.5833333333333333,29,11,CACCCTCGGTTTGGTGAGTG,18,1597094
galSp,3.25,49,11,CACAAAGACAACATGAAGTC,38,1603086
galSp,3.8333333333333335,56,11,CAAGGGGCTTAGGTAGCCCC,45,1616252
galSp,1.25,25,11,CAAGAACGTAAATTCGGTAA,14,1614610
galSp,0.25,13,11,CAACACAAGTAACTCTCATG,2,1596890
galSp,1.1666666666666667,24,11,ATTTCGCTGGAGTCTACACA,13,1600216
galSp,0.16666666666666666,12,11,ATTGCGTGCACGACACATGT,1,1619690
galSp,0.5833333333333334,17,11,ATTGCCTGCGAATGATACGA,6,1608723
galSp,0.3333333333333333,14,11,ATTCCCACGTCTGACCGTAC,3,1616182
galSp,4.833333333333333,68,11,ATGTGACCAGACACTGTCTT,57,1610261
galSp,0.5833333333333334,17,11,ATGGTACTGTACATATGGCT,6,1595755
galSp,0.75,19,11,ATGGTACGGCTTATTCGGCT,8,1619009
galSp,0.16666666666666666,12,11,ATGGCCCCGGTAATGACGCG,1,1615419
galSp,0.9166666666666666,21,11,ATGCTGTGAGGGTCGATAGA,10,1600703
galSp,0.3333333333333333,14,11,ATCGTATTTAAGGATTTATA,3,1616730
galSp,3.0833333333333335,47,11,ATACGGCTCCGCCCTCCGCC,36,1617195
galSp,4.416666666666667,63,11,AGTGTTGTACAAACGCGGAG,52,1614899
galSp,4.666666666666667,66,11,AGTGTTATTTTGATTTAGTA,55,1617736
galSp,1.1666666666666667,24,11,AGTCATGTGATGCACCAGTC,13,1600134
galSp,0.3333333333333333,14,11,AGTAGCCAGCCAGCCGCAAC,3,1598130
galSp,0.5,16,11,AGGGCGAAGCCCAACTAGTC,5,1595547
galSp,0.75,19,11,AGGCTTATGGAAACATCCAT,8,1609289
galSp,1.0,22,11,AGGCGTAGAGAAGCTTCACG,11,1619306
galSp,0.3333333333333333,14,11,AGGACGTGGCCGCGTGATGG,3,1601613
galSp,3.9166666666666665,57,11,AGCCTAGCGATTAGGTTAGT,46,1597256
galSp,0.5,16,11,AGCAGCTTCCTAAATTTCCT,5,1602917
galSp,0.3333333333333333,14,11,AGAGGCAAGGATATAATATG,3,1618297
galSp,1.0833333333333333,23,11,ACGCCTTGTCAAGCATTCTG,12,1601470
galSp,1.4166666666666667,27,11,ACCTTATTTACCAGTACTAC,16,1610335
galSp,1.5,28,11,ACCGGTGACACTCGTATCTT,17,1615698
galSp,0.16666666666666666,12,11,ACCCAGAGAGGGACCAACAT,1,1600870
galSp,0.4166666666666667,15,11,ACCAGCATTCGCCGCGTTGA,4,1620536
galSp,1.25,25,11,ACATACCAACCCGCATAACG,14,1602567
galSp,1.5,28,11,AATATAATGAAAGATAAAGT,17,1609977
galSp,7.333333333333333,98,11,AATAATGTTGTGGATCATCT,87,1612400
galSp,0.75,19,11,AAGTGTACTGGCGAGCCAAG,8,1617283
galSp,0.25,13,11,AAGTAACCAGATATGAAATT,2,1608655
galSp,1.3333333333333333,26,11,AAGCTTCGTGTCGCTCCTTA,15,1597357
galSp,6.916666666666667,93,11,AACCAGCTAACCTGAGAATG,82,1601712
galSp,1.5,28,11,AAAGTGCCCCTACCAGATTT,17,1616650
galSp,0.5833333333333334,17,11,AAACTTGGAGCCAACCCATT,6,1614141
galSp,0.5,16,11,AAAAGCGACCAAGGATCTTC,5,1616700
galSp,1.9090909090909092,30,10,TTTCCAGTAATGATGGCTTC,20,1608951
galSp,1.6363636363636365,27,10,TTTACCTGCTATTCTAGATT,17,1597361
galSp,0.2727272727272727,12,10,TTTAAGTCATGCGAAGTGCT,2,1612433
galSp,1.0,20,10,TTGAACATAACAAACGATAT,10,1614873
galSp,3.4545454545454546,47,10,TTCGGTCAAAATTAACGCCC,37,1602562
galSp,1.0,20,10,TTCGGGTATCCGCGCGTCTA,10,1618080
galSp,0.18181818181818182,11,10,TTCCACCAGGTAGGGTGCAT,1,1606374
galSp,0.36363636363636365,13,10,TTAAGAGTGATCTGGTTGGT,3,1598561
galSp,0.36363636363636365,13,10,TGTAGGTAAAGGGTTCATAG,3,1616976
galSp,1.1818181818181819,22,10,TGTAAAGCCTCGTAATCTAC,12,1616944
galSp,1.9090909090909092,30,10,TGGTTGTTGCAGGTGTATAT,20,1619188
galSp,1.7272727272727273,28,10,TGGGGGTGCGTCATTACCTA,18,1604358
galSp,1.0909090909090908,21,10,TGGATCGTTGATTGCGGTTA,11,1601238
galSp,1.3636363636363635,24,10,TGCTAGTATCATACATTGCA,14,1610107
galSp,1.9090909090909092,30,10,TGCGTCCTTACAGAGCTGAG,20,1608354
galSp,1.6363636363636365,27,10,TGCCAGGGGCGTGCTTGGGA,17,1613388
galSp,1.0909090909090908,21,10,TGCCAGATGGCAACGGACAC,11,1613090
galSp,0.9090909090909091,19,10,TGCAACTACAACAAGTTTAA,9,1601043
galSp,1.0,20,10,TCTGATCTGGCGCTCCAGCT,10,1602574
galSp,3.3636363636363638,46,10,TCGTGGAGCCACGTCGGAAC,36,1611579
galSp,1.0909090909090908,21,10,TCGGGGTCTTAATTTTCAGA,11,1603733
galSp,0.6363636363636364,16,10,TCGCGCTACGTGCTTCCCCG,6,1618667
galSp,1.7272727272727273,28,10,TCCTCAAATGACTATAATAG,18,1595277
galSp,0.18181818181818182,11,10,TCCTAGTTTTTACCAAAGGT,1,1616363
galSp,8.454545454545455,102,10,TCCGTGCGCACATGGATTAT,92,1611124
galSp,0.2727272727272727,12,10,TCCGCTTCTTTTTTTCCTTA,2,1604277
galSp,0.36363636363636365,13,10,TCATCTCTTGAGTTGCCATG,3,1604206
galSp,0.45454545454545453,14,10,TCATATAGGCTGTATTCCGG,4,1621118
galSp,0.36363636363636365,13,10,TCACGCGGAGTGATAAGCGT,3,1607193
galSp,1.2727272727272727,23,10,TCACATGTCAGGGCTCAAGA,13,1597476
galSp,0.6363636363636364,16,10,TCAACGCCACCAACGAGGGA,6,1596699
galSp,1.4545454545454546,25,10,TATTGCGATCGTTAGTAAAC,15,1611008
galSp,1.5454545454545454,26,10,TATAAGCGGGGAAACAAAAA,16,1620630
galSp,1.4545454545454546,25,10,TACCAGTACTTGCCTCGAGT,15,1596048
galSp,0.36363636363636365,13,10,TACATCATAGTCGCTCTAAT,3,1595452
galSp,0.7272727272727273,17,10,TACAGGTTCTGTTTGTCTGA,7,1618937
galSp,0.2727272727272727,12,10,TAACACGGAAGGGTCTAGGA,2,1609200
galSp,1.2727272727272727,23,10,TAAAGAACTCAGAGCCCTGC,13,1608345
galSp,1.2727272727272727,23,10,GTTATTTCTTCGCGGACTGT,13,1619329
galSp,1.6363636363636365,27,10,GTTACGGACCCAGAGACAGT,17,1610647
galSp,2.090909090909091,32,10,GTGCGCTGCGAGCAATGTAA,22,1597440
galSp,1.0,20,10,GTGCAGGTTCCAAAATGGTG,10,1607228
galSp,0.45454545454545453,14,10,GTCGCAACCGGTCAAATGCG,4,1617829
galSp,1.3636363636363635,24,10,GTCGATGCGTTGGGGGGGAC,14,1618873
galSp,0.5454545454545454,15,10,GTCACCGGAGATGACGCGGT,5,1603854
galSp,2.8181818181818183,40,10,GTATCTGTATCGGCGTATGA,30,1601078
galSp,0.7272727272727273,17,10,GTAGTTGAAAAACTAACGAA,7,1607536
galSp,0.18181818181818182,11,10,GTAGAGATGCGGGGGGCCTT,1,1605869
galSp,0.7272727272727273,17,10,GTACAGTTAAGAGTGGAAGC,7,1606843
galSp,0.6363636363636364,16,10,GGTGTAGGCCTAGAAAGGCA,6,1621601
galSp,2.090909090909091,32,10,GGGTAGTCTCTGAGTGCCTC,22,1599212
galSp,0.8181818181818182,18,10,GGGAATAAGCTCAGATCCAT,8,1595267
galSp,0.5454545454545454,15,10,GGAGCAGTGAATTAATGCGT,5,1605945
galSp,0.36363636363636365,13,10,GGAGAGAAACGGGCGTTCCC,3,1614129
galSp,0.9090909090909091,19,10,GGAGACCTGCGCAGCCCACT,9,1610273
galSp,1.4545454545454546,25,10,GGAAGTATCCTTCCGTGAGG,15,1613703
galSp,0.9090909090909091,19,10,GCTTTGTGCTTGAGATATAC,9,1619108
galSp,0.18181818181818182,11,10,GCTGGCTTAGAAAGGGGTGG,1,1607038
galSp,1.9090909090909092,30,10,GCTCGTGATTGGACCAACTC,20,1620629
galSp,0.2727272727272727,12,10,GCTCAGTTGTGCCTAAGATG,2,1621425
galSp,2.4545454545454546,36,10,GCTCAGTACCTGCAGTACAA,26,1605405
galSp,1.9090909090909092,30,10,GCGATGTGTCGAAAGGATCC,20,1605773
galSp,1.6363636363636365,27,10,GCCTGGTCCACTCGAAACGA,17,1607726
galSp,1.3636363636363635,24,10,GCCGCTTTTCGGTTCAAGGC,14,1601497
galSp,1.2727272727272727,23,10,GCCGAGCGATCCCTCAATGC,13,1610914
galSp,0.45454545454545453,14,10,GCATCGTGCTGGCCAACCGT,4,1616813
galSp,1.0,20,10,GCAGTCTTGGACACTCATGC,10,1597940
galSp,2.5454545454545454,37,10,GCAGGGGCGTAGAGTTGACT,27,1596251
galSp,0.6363636363636364,16,10,GCAGCTTACGGGGGAGAATC,6,1616072
galSp,0.18181818181818182,11,10,GCACGGTTTTATAAGCATGG,1,1596977
galSp,1.5454545454545454,26,10,GATTCATCTCCTTTATTTTT,16,1596304
galSp,1.9090909090909092,30,10,GATTACCTGCGTTGCCCATT,20,1618957
galSp,1.0,20,10,GAGTCCGAGTCGTGGTTGCA,10,1619894
galSp,2.0,31,10,GAGATTAACAATCGTCCTAA,21,1619467
galSp,0.2727272727272727,12,10,GACCGCCCGCGCTACTCAGA,2,1603071
galSp,1.0,20,10,GACCAGAAGTACACTGCTTG,10,1617860
galSp,1.7272727272727273,28,10,GAAGGGCGGCACTGGTAGCA,18,1615700
galSp,11.090909090909092,131,10,GAAGGACCTACTTTTTCTAC,121,1600064
galSp,2.6363636363636362,38,10,GAAGCGCACTGGGAGAACTG,28,1620258
galSp,2.5454545454545454,37,10,GAACCACTATTATGATGTGC,27,1610909
galSp,0.18181818181818182,11,10,CTGTAAACCTTAGGTCGGCA,1,1617427
galSp,2.8181818181818183,40,10,CTGCTACGTTTATGTTCCGC,30,1607194
galSp,2.6363636363636362,38,10,CTGAGGTGAATACTCGGTCT,28,1601736
galSp,36.45454545454545,410,10,CTATAGATTCACCGTTCCCC,400,1602956
galSp,1.4545454545454546,25,10,CTAGTGTACCAATTTGAAAA,15,1619129
galSp,0.45454545454545453,14,10,CTACTCCAGAGGGTGATTTG,4,1618660
galSp,2.090909090909091,32,10,CTACGGGCCTTTCAAGTAAG,22,1608926
galSp,0.6363636363636364,16,10,CGTTACGCCGCCAAAGCAAT,6,1609794
galSp,1.0,20,10,CGTAAAAATGGGCGATCATT,10,1611670
galSp,1.0,20,10,CGGATTAGAGTATGACTTGC,10,1610241
galSp,2.1818181818181817,33,10,CGCGTACTCGCTCTCCGAGT,23,1605052
galSp,0.5454545454545454,15,10,CGCGACCTAAACTTCGGGTT,5,1601499
galSp,22.727272727272727,259,10,CGCACGTCAACCCGTTGTGG,249,1620984
galSp,2.909090909090909,41,10,CGCACGAATTACATCTGGTG,31,1609420
galSp,2.0,31,10,CGACACGCCCCTCCCGTGTT,21,1603954
galSp,1.3636363636363635,24,10,CCTCCTGGGACTCGGACCAG,14,1597179
galSp,3.6363636363636362,49,10,CCGGTGTTCAGTTATGAGTA,39,1595921
galSp,0.7272727272727273,17,10,CCGGGAGCGAGGCACTACAA,7,1597882
galSp,0.45454545454545453,14,10,CCGGACAAAATTCACAATAT,4,1600764
galSp,0.18181818181818182,11,10,CCGGAAGAGGACACTTTGGA,1,1613859
galSp,1.0,20,10,CCGCATCCTACTATATGGCT,10,1614297
galSp,1.2727272727272727,23,10,CCGCAGTCCATGCGAGACGG,13,1597492
galSp,0.45454545454545453,14,10,CCCTGGGCGGCCGTGATTCC,4,1614795
galSp,0.6363636363636364,16,10,CCCTGGCAACGGGTACCCTG,6,1601133
galSp,3.909090909090909,52,10,CCCTAGTTATATATACTCAA,42,1611681
galSp,0.18181818181818182,11,10,CCCGCCACTACAGGGCAGCG,1,1612161
galSp,0.9090909090909091,19,10,CCCCTTTGTCTCGACTTCAT,9,1620720
galSp,0.7272727272727273,17,10,CCCACTGGGCGACCGCCACT,7,1597781
galSp,4.2727272727272725,56,10,CCAGACAAGCTAAGAAGGTG,46,1620161
galSp,0.18181818181818182,11,10,CCAATCTTGAATACACATAG,1,1613978
galSp,2.0,31,10,CAGTGCACCCCGCGCGGAAG,21,1598635
galSp,0.6363636363636364,16,10,CAGTCCCTTATGGAAACCGT,6,1618631
galSp,0.6363636363636364,16,10,CACTCTGAACAGTTCACCAT,6,1605703
galSp,3.909090909090909,52,10,CACCGGCTGAGTGTCGTGTC,42,1613658
galSp,2.090909090909091,32,10,CACACTTCCGGCGAAAGTAT,22,1613871
galSp,0.8181818181818182,18,10,CAATTCGTAGGGACGTGCGA,8,1615687
galSp,0.36363636363636365,13,10,CAATGGCAACACCATTTGGG,3,1603580
galSp,0.6363636363636364,16,10,CAATATATTATTCGTGTTCA,6,1596327
galSp,0.6363636363636364,16,10,CAATAAGCAATTGGTCCAAA,6,1611441
galSp,0.2727272727272727,12,10,CAAGGTGCTGCGAAGCCTGC,2,1617642
galSp,0.8181818181818182,18,10,CAACGTGCTGGTCTAGTCCA,8,1596719
galSp,0.18181818181818182,11,10,ATTTGAGTTCCTAAATATGT,1,1600639
galSp,0.45454545454545453,14,10,ATTGTCCCTATCATGTTACA,4,1597036
galSp,0.36363636363636365,13,10,ATTGAAAATGGATTTCTCAC,3,1616267
galSp,1.6363636363636365,27,10,ATTCATGAGCTTCCGTCGCT,17,1604397
galSp,2.909090909090909,41,10,ATGTGTTTTGAGGAACCTAT,31,1602760
galSp,4.636363636363637,60,10,ATGTGTTTCATACGTGCCCA,50,1615459
galSp,0.45454545454545453,14,10,ATGTGTATCTTACTTGTGTA,4,1609152
galSp,1.4545454545454546,25,10,ATGGGCACGTCTTACGCCAC,15,1596077
galSp,0.5454545454545454,15,10,ATGGAGTAGGGTAGGTACTA,5,1621347
galSp,0.7272727272727273,17,10,ATGCCTGGTACAGTGAAAGG,7,1604720
galSp,1.7272727272727273,28,10,ATGCATCACTTAAGTTCAAT,18,1603946
galSp,0.18181818181818182,11,10,ATGATGAAAACACGACCCGT,1,1598942
galSp,2.5454545454545454,37,10,ATCTGCGACAGCAACTGCAA,27,1619239
galSp,1.0,20,10,ATCTCCCGGAGGCATCTAGT,10,1617009
galSp,0.5454545454545454,15,10,ATCGTCTAGTAATGGGAGGA,5,1601192
galSp,4.363636363636363,57,10,ATCGGTTATAGATCACTTAT,47,1614929
galSp,0.18181818181818182,11,10,ATCCCTTGTGAAGAATTAGA,1,1601050
galSp,1.7272727272727273,28,10,ATATGATATGGTGGTAGTTA,18,1604478
galSp,1.7272727272727273,28,10,ATACTTTACTGCGGTAGTTA,18,1609515
galSp,1.5454545454545454,26,10,ATACGGTCCTTCGGCGACGC,16,1613351
galSp,1.5454545454545454,26,10,ATAAACCCCGTATGTAAGTA,16,1611334
galSp,0.6363636363636364,16,10,AGTTACTAATTCAAACAAGA,6,1618902
galSp,0.18181818181818182,11,10,AGTGTTTTCTATAAGTATGC,1,1614383
galSp,0.45454545454545453,14,10,AGTCTATCTTTTGGCGTCTT,4,1604718
galSp,0.9090909090909091,19,10,AGTCCATTTCGCGAATTGGA,9,1613065
galSp,2.6363636363636362,38,10,AGGTTACACCAACTGGCAAA,28,1619132
galSp,0.18181818181818182,11,10,AGGTACAGCCGTTCTAACAA,1,1606589
galSp,2.0,31,10,AGGGCTAGTTTCACTTTGTA,21,1612593
galSp,0.18181818181818182,11,10,AGGGACGCCGCTGATGTAAC,1,1601160
galSp,0.45454545454545453,14,10,AGGCCGTTTTGTGAGTAAGT,4,1607990
galSp,0.36363636363636365,13,10,AGGCCAGGTGGCTAGAGTAC,3,1601187
galSp,0.2727272727272727,12,10,AGGCAGCAAATGTCCAGTTT,2,1610381
galSp,0.45454545454545453,14,10,AGCATGGAGCGTTTTAAACC,4,1614816
galSp,0.7272727272727273,17,10,AGCAGGAGATTCGTACGTAT,7,1620319
galSp,1.7272727272727273,28,10,AGCACTTCCTGTCACGTCAT,18,1617741
galSp,3.3636363636363638,46,10,AGCAATCCATTAAATTGTCT,36,1599536
galSp,2.0,31,10,ACTGATCACTTAGGCGAATT,21,1621075
galSp,0.18181818181818182,11,10,ACTCTTAGCGGAACACAAGC,1,1603739
galSp,0.7272727272727273,17,10,ACGTGGACACAAGAACGTTT,7,1607793
galSp,1.3636363636363635,24,10,ACGCCGAGTCAACATCTGCT,14,1600481
galSp,0.9090909090909091,19,10,ACCTCCTATAGGTTTAATAG,9,1608786
galSp,1.0909090909090908,21,10,ACCAACATGCTTCAGTGTAC,11,1598641
galSp,0.18181818181818182,11,10,ACATTTGAGAGTTGAAGTCA,1,1613433
galSp,1.6363636363636365,27,10,AATCGGCGACCGTATTTCCC,17,1606121
galSp,0.8181818181818182,18,10,AATATTACCGCCACATTACC,8,1603194
galSp,6.0,75,10,AATATATCTCGTCAGTTATA,65,1604640
galSp,1.0909090909090908,21,10,AAGTGTTTCGCTCACGGGAG,11,1603203
galSp,1.7272727272727273,28,10,AAGGCGTGGTAAGAGACCGA,18,1602160
galSp,0.18181818181818182,11,10,AAGCTAGCTACTCGGATTAC,1,1597018
galSp,5.363636363636363,68,10,AAGAAGACGTAAACTGGGGA,58,1612406
galSp,0.8181818181818182,18,10,AACTATTTAGCATTATGTAT,8,1606590
galSp,2.090909090909091,32,10,AACGCTGTGGTACGCTATCT,22,1603085
galSp,2.4545454545454546,36,10,AACGCCTAGCCTGGGACATC,26,1610782
galSp,2.727272727272727,39,10,AACCTTATCCGCGCGTCAAC,29,1603492
galSp,0.45454545454545453,14,10,AAATGAGGAGTCCGAATAAA,4,1614714
galSp,2.1818181818181817,33,10,AAATACCAATTTCACTCTAG,23,1613666
galSp,30.5,313,9,TTTCTGGCGGACCCAAAGGC,304,1612852
galSp,1.1,19,9,TTGTTTGATCGCGCTATCAG,10,1621244
galSp,5.7,65,9,TTGCTAACTCTCAGCCGTAT,56,1618391
galSp,1.3,21,9,TTGAGTTCCCTATGCCCGCA,12,1614147
galSp,1.5,23,9,TTGAGCTGCTCTACTGCTAC,14,1620410
galSp,0.5,13,9,TTCTGAGATGAATCGAAATC,4,1611952
galSp,1.6,24,9,TTCGTTCCCTAAAGCTTGAT,15,1616666
galSp,0.8,16,9,TTCGGTGTCCGATGAATGGT,7,1608214
galSp,3.0,38,9,TTCGGCCATAGAACGTGCAT,29,1615278
galSp,2.5,33,9,TTCCATTCGCGTTTTGTGTC,24,1599126
galSp,0.8,16,9,TTATTCCTCCCTTCGTCCCC,7,1613533
galSp,0.9,17,9,TTATGAACTTCTAATTGGCA,8,1613436
galSp,0.6,14,9,TTAGAACCCCATGTAGCTAC,5,1600810
galSp,1.2,20,9,TTACGATTCCTGATCAACCC,11,1605359
galSp,1.7,25,9,TGTTTGGGCCGGATAAGTAT,16,1619705
galSp,2.6,34,9,TGTTTCTCCTTTTGGTAATT,25,1602796
galSp,2.2,30,9,TGTGATGGATTAGGGCGCCT,21,1598546
galSp,2.6,34,9,TGTCTAGGAGATTTCCAGTC,25,1621159
galSp,0.4,12,9,TGTCAATATGTTAAATGGCA,3,1596401
galSp,0.6,14,9,TGTACTAACTGCACACCACA,5,1601659
galSp,1.2,20,9,TGGGACAGATAAACGGAAGA,11,1614815
galSp,0.3,11,9,TGCTTGGTACACCGTTAGCT,2,1602347
galSp,0.9,17,9,TGCTCGTGTAGGGTTCTCGA,8,1609231
galSp,1.4,22,9,TGCCGAGTAGAGCGAGATGT,13,1619468
galSp,1.6,24,9,TGATTTGAGAAAATGATCTT,15,1614208
galSp,3.1,39,9,TGATAGACCTTTACAAGTCC,30,1601434
galSp,2.3,31,9,TGACTGGATGTGGTCCATCG,22,1606181
galSp,2.1,29,9,TCTTAACTCTAGGCTATGAA,20,1597514
galSp,0.7,15,9,TCTGGCTGCGGCTTATGCCT,6,1597311
galSp,2.2,30,9,TCTGCGTTGGTTTTTAATAA,21,1620116
galSp,6.3,71,9,TCTCCTATTCTTAATACCTT,62,1604072
galSp,2.1,29,9,TCGGTACAATCTATAATCCC,20,1609567
galSp,0.3,11,9,TCGGAATGTACATCGGGGAG,2,1617341
galSp,0.4,12,9,TCGACATTTGCGGGGCCACT,3,1601534
galSp,1.9,27,9,TCCTCGAAGTATCGGCATCG,18,1613331
galSp,0.4,12,9,TCCGGAGTGTTCTTTAAATC,3,1618249
galSp,2.1,29,9,TCCGCAGTAACTATCCTGTA,20,1605091
galSp,5.0,58,9,TCACTCTGTGACAAGAACCA,49,1618398
galSp,3.5,43,9,TATGGCCGCCTGATTGCTTT,34,1595232
galSp,1.3,21,9,TATCATTTCCTCTACTTAGT,12,1609993
galSp,0.6,14,9,TAGTCGGGACAGAATGGTGC,5,1601770
galSp,2.1,29,9,TACTTGTTGGCCTGTTTAGA,20,1620550
galSp,0.8,16,9,TACTAATCTCTGGTACGTAT,7,1602403
galSp,0.8,16,9,TAACTGATATCGCAACTCTA,7,1616641
galSp,2.0,28,9,TAAAGTAAGCCACGTCTTGC,19,1602099
galSp,3.1,39,9,GTTTACATGGTAGATGTACT,30,1600875
galSp,0.2,10,9,GTTGCGGTCCCTCGCATTTG,1,1595804
galSp,0.6,14,9,GTTCGTCCCGCAATCTCTCC,5,1608679
galSp,0.9,17,9,GTTATGTATTCTTGTGACCC,8,1610547
galSp,0.7,15,9,GTTACAGTGTCGAGTGGATA,6,1614568
galSp,0.3,11,9,GTGTGCTCGTTTTCCTGTGG,2,1604939
galSp,0.8,16,9,GTGGTAGTCAAGAAGCGTGA,7,1603520
galSp,0.8,16,9,GTGCCTCCAATTAAGTCAAG,7,1597507
galSp,11.0,118,9,GTCGTAATGTTCCAAGATTC,109,1616554
galSp,4.9,57,9,GTCCACAGTGATCGGATTAA,48,1617738
galSp,1.8,26,9,GTACCCGCCACTCACTAATC,17,1611807
galSp,1.5,23,9,GGTGAGCCGCAAGATGGATA,14,1601449
galSp,1.4,22,9,GGTCTGAATCAACTTCGGAT,13,1604089
galSp,0.2,10,9,GGTCAGATAATACAGGGGTG,1,1606802
galSp,0.5,13,9,GGTATAGCCAGAAACGGCTA,4,1608467
galSp,0.6,14,9,GGGTGCAAAGAAATTATTGC,5,1608815
galSp,1.6,24,9,GGGTCCATGGTTCGGTAACT,15,1616801
galSp,2.5,33,9,GGGGGGCTAAAGTTCAGAAT,24,1620920
galSp,0.2,10,9,GGGGCGTGGGGCCATGCTGG,1,1600253
galSp,0.5,13,9,GGGCAGTGAGATGCAACACC,4,1617902
galSp,1.0,18,9,GGCTGTTATGCGAGTGTATC,9,1618344
galSp,1.2,20,9,GGCCCTTTAGATGGGGCACT,11,1597435
galSp,0.2,10,9,GGCAGGATTAGAGCACCATC,1,1597041
galSp,3.0,38,9,GGCACCTGAGCGGACGGTTA,29,1610367
galSp,0.5,13,9,GGATCTTACCCGACACGCGC,4,1615515
galSp,0.5,13,9,GGAGTACCGATGAGGCGAAA,4,1601285
galSp,4.1,49,9,GGACCAATCAGCCGGTCCGC,40,1608250
galSp,2.1,29,9,GCTGCTTCAAATATTATTGT,20,1609970
galSp,7.3,81,9,GCTGACGTTTTCAACGGCGT,72,1606454
galSp,0.7,15,9,GCGCGCAGAACGGTCGAGCT,6,1610275
galSp,1.0,18,9,GCCGATATTAGCGAGCTGGA,9,1599083
galSp,0.5,13,9,GCCCAAATATGGCCAGTCGC,4,1607812
galSp,2.1,29,9,GCATTCCTATACCTGCTAAG,20,1614742
galSp,0.4,12,9,GATTAGAGAACGCGGTTAAT,3,1618382
galSp,1.7,25,9,GATGTCGGCCCACGAAACCC,16,1608738
galSp,0.7,15,9,GATCTGGGCCAATTGGCGCT,6,1620530
galSp,1.1,19,9,GATCTACGGAGCCAGTGTGG,10,1616771
galSp,0.2,10,9,GAGTATGATTATGAAGGACA,1,1596101
galSp,0.3,11,9,GAGGTTAAGGCGAGATGTAT,2,1617848
galSp,1.0,18,9,GAGCATGATCGGGACGAGAT,9,1603297
galSp,0.8,16,9,GACAAGGGAGATATGAGGCC,7,1598619
galSp,0.6,14,9,GAATGGATTTCTTGGAGCTG,5,1599527
galSp,0.8,16,9,GAAAATGCCTTTGCGCTTTT,7,1608417
galSp,1.7,25,9,CTTAGCGGGAGGAGCTGAAT,16,1602114
galSp,3.3,41,9,CTGTCTTAGAGTTACGAGAA,32,1620827
galSp,0.3,11,9,CTGGGGATAGGCCCCTCGAT,2,1609069
galSp,2.0,28,9,CTGCTCGGATCTGGCAACGG,19,1613137
galSp,5.5,63,9,CTGAGTTGAGATATCTTGCA,54,1615729
galSp,0.8,16,9,CTCTCCCGGATTTTAAAGAA,7,1610510
galSp,1.6,24,9,CTCGGGATTCAGTCCCGGCT,15,1597923
galSp,1.6,24,9,CTCCTTGCTCAGTCAGTAGA,15,1616263
galSp,2.7,35,9,CTCCGTGAGCGTAGGCGTTG,26,1608079
galSp,2.7,35,9,CTCCCGCTTTGTCGATATCT,26,1603676
galSp,2.0,28,9,CTCATTGCGTCTGAGATCTT,19,1597854
galSp,0.8,16,9,CTAGTTGGCGCGGGTCTCCA,7,1596315
galSp,4.3,51,9,CGTTCATCCTACAATTTCCA,42,1611624
galSp,0.9,17,9,CGGCAATGAGACCCGGGTTT,8,1600666
galSp,2.3,31,9,CGCTTGAGCTGTTCGAGCGC,22,1606969
galSp,1.3,21,9,CGCCATCGATGTGTGTCTGG,12,1604891
galSp,2.8,36,9,CGCCAGTTTGGGCCGAGGAT,27,1597928
galSp,1.6,24,9,CGCAGCAGTTAAAAGTTGTA,15,1612252
galSp,1.6,24,9,CGATGAACAGGCCTATTTTA,15,1606880
galSp,39.8,406,9,CGATCTCACGGTTATGGCCA,397,1603612
galSp,1.0,18,9,CGAGTATGGGGTGGAGTTGG,9,1615758
galSp,1.2,20,9,CGAAATACGTTCCGTTTCAA,11,1596395
galSp,1.8,26,9,CCTCCTGTTCGTCCGTTTCG,17,1618686
galSp,1.1,19,9,CCTAGGTTCAAACCTCTAAA,10,1618998
galSp,3.1,39,9,CCGTACACCACCTAGTTCCA,30,1595405
galSp,5.6,64,9,CCGACGAAGTGTCCGCTGAC,55,1609089
galSp,0.8,16,9,CCGAAAAAAGCTCGGCAGGC,7,1597255
galSp,5.4,62,9,CCCGTCCGATCGTCTGACTT,53,1608698
galSp,0.3,11,9,CCCGGTACCAACCTGTAAAG,2,1611313
galSp,1.4,22,9,CCCCCGGCAGAGGTGGATGT,13,1606242
galSp,0.3,11,9,CCATTCGCTGTGTCCAACCA,2,1613286
galSp,2.3,31,9,CCACTGTGGGTCCCACAAGA,22,1607373
galSp,0.3,11,9,CCACGCCTCCCCTGCGTTTT,2,1596893
galSp,0.8,16,9,CCAAAATATTAGGCTCGTTG,7,1608522
galSp,3.6,44,9,CATGTCCGCTCTGGGGTTTG,35,1617816
galSp,1.8,26,9,CATGCCGTATAGCTAGCCTT,17,1596748
galSp,0.2,10,9,CATCAACAATAATCGACGTA,1,1612097
galSp,2.6,34,9,CATAAACTGGGGCGACCCAG,25,1600549
galSp,0.5,13,9,CAGTTTCTGGATCGGAATGG,4,1606938
galSp,2.0,28,9,CAGTCTGACTGTCCACGGGC,19,1617634
galSp,0.6,14,9,CAGCATTACTCGAAGTTTGT,5,1613020
galSp,0.3,11,9,CACCCACCGTCCATTCATCT,2,1607681
galSp,0.8,16,9,CACATATAAGCAATACACAT,7,1603366
galSp,40.4,412,9,CACAGAGTAGGCACGGGTAA,403,1612862
galSp,4.3,51,9,CACAGAGCCCGGCCTGGCCA,42,1618118
galSp,0.3,11,9,CAATGGTTCTCGGCATTTGT,2,1609870
galSp,3.3,41,9,CAAGCTATAAACAGCTTTAC,32,1612333
galSp,0.7,15,9,ATTTCTCCTTAGGCGCTATG,6,1606744
galSp,0.4,12,9,ATTTATAGCATAGTTTTATA,3,1610089
galSp,0.2,10,9,ATTGTGCGCGTAAATACGCG,1,1601938
galSp,0.3,11,9,ATTGCCATGTGTTGGTATTT,2,1603736
galSp,1.7,25,9,ATTCTATGTTGTCCCTTCTG,16,1606727
galSp,1.4,22,9,ATTCGGAGATGACTCCCGTG,13,1617765
galSp,1.8,26,9,ATTAGTTCCAAGCTCTCCTA,17,1606450
galSp,0.9,17,9,ATGTGTCACCTAGAAAGGAG,8,1615158
galSp,1.4,22,9,ATGGTTCGCGCGCAAGGCTG,13,1598592
galSp,1.6,24,9,ATGGCCGTGATATGTGCCTC,15,1611103
galSp,1.9,27,9,ATGAGCAACTCCATTAGTGA,18,1612096
galSp,0.3,11,9,ATGACGTCGCGGACATATTT,2,1621548
galSp,0.4,12,9,ATCGGAGCGTCACTAAAAGA,3,1597568
galSp,0.9,17,9,ATCGCCTTCGTACTGCCGAG,8,1605727
galSp,0.4,12,9,ATCGATGATTAACAATATTC,3,1617986
galSp,0.6,14,9,ATCCTCGCAGAAATAGAAGT,5,1614025
galSp,1.5,23,9,ATCCCCTCGGCTCAACCCGA,14,1607858
galSp,1.6,24,9,ATCATGCTATTCTCTGGCGT,15,1604401
galSp,1.9,27,9,ATAGCCACGCGTAGTCGCCG,18,1610040
galSp,0.9,17,9,ATACTAGTAGACCTCCAGGA,8,1617013
galSp,0.6,14,9,ATACGGTGACCGTTGGGCTC,5,1611037
galSp,0.3,11,9,ATACGAAGGTCGTTGCGTTA,2,1610783
galSp,0.3,11,9,AGTGCGTCATGTTTACCTGA,2,1600454
galSp,1.9,27,9,AGTGCGACAGTTTCGTGGGC,18,1609942
galSp,1.2,20,9,AGGTTTATTAAGCTGAAAGA,11,1614125
galSp,2.4,32,9,AGGGTAACCATAACGACGTA,23,1599758
galSp,3.3,41,9,AGGCATCCCAGGGAAGCATT,32,1615593
galSp,2.3,31,9,AGGACGGTAGAGAGCACGTT,22,1603056
galSp,0.6,14,9,AGCGCTGTAATCTTAGGAGC,5,1614890
galSp,1.1,19,9,AGCCGGTATCGCTAGGACCA,10,1601204
galSp,0.5,13,9,AGCACGTGTACGCTACCAGG,4,1597226
galSp,0.8,16,9,AGAGTGTATTATAATGATGT,7,1615897
galSp,0.7,15,9,AGAGAATTTTCTTCCGTGTC,6,1612441
galSp,3.1,39,9,AGAATTCATAATGCAGTCGG,30,1618302
galSp,2.0,28,9,ACTCACACCTCTACGACTGG,19,1609175
galSp,0.5,13,9,ACTAGCCTACATAGGGTGGT,4,1607666
galSp,6.8,76,9,ACGTTGTATTGCTTGCCTGA,67,1597604
galSp,0.7,15,9,ACGTACGCGCTCCAGTACAC,6,1604565
galSp,4.3,51,9,ACGTAAGTCAGAACTACAGG,42,1601179
galSp,0.2,10,9,ACGGAGGGAACAACCCCTCT,1,1619666
galSp,1.0,18,9,ACGCGAGAAGGTGGAGGAGC,9,1601367
galSp,0.6,14,9,ACCTCCACCCAGCTAGTTTT,5,1604482
galSp,0.8,16,9,ACCCGGAGTTCATCATTACA,7,1609919
galSp,1.9,27,9,ACATGCTCTTAGAATTCAAT,18,1595392
galSp,0.4,12,9,ACAGGGCGGGACTTATTCTA,3,1612415
galSp,2.0,28,9,ACAGACACAGCTCTAAATTC,19,1607641
galSp,2.4,32,9,ACACCAACTCCAATTGGATG,23,1616899
galSp,2.3,31,9,ACAAAACCTCATATACATAT,22,1604250
galSp,1.8,26,9,AATTGGGATGTTTGCGTATA,17,1618487
galSp,0.4,12,9,AATATGTGAGGATGTCTATA,3,1616353
galSp,1.4,22,9,AAGTTTCATGCGCGTGCTCC,13,1612201
galSp,0.5,13,9,AAGGCCAACATTGATTAAAG,4,1612325
galSp,1.0,18,9,AAGACGCAGCACCACAAAAA,9,1614359
galSp,1.1,19,9,AACTTCGGGCTGAGCACGAC,10,1609496
galSp,0.8,16,9,AACTAATGTGCTAACTGTGT,7,1599994
galSp,2.6,34,9,AACCTGCAAGTTCTAGAAAT,25,1618211
galSp,0.2,10,9,AACACCCTCGGAATTAATTC,1,1617882
galSp,1.9,27,9,AAATCTAACGTCCACCGATG,18,1600700
galSp,0.2,10,9,AAAGGCGTGAATGGGGGATT,1,1600013
galSp,0.2,10,9,AAAAACGAATAAAGACTCGT,1,1607610
galSp,1.0,16,8,TTTCAAGCAAGTATTCCTGA,8,1609494
galSp,0.4444444444444444,11,8,TTGTCAATTATCTGACCATT,3,1610240
galSp,0.7777777777777778,14,8,TTGCTGGTTTTCAATGGAAC,6,1602689
galSp,2.4444444444444446,29,8,TTGCGCAAGTTTTGCGAACT,21,1607386
galSp,1.8888888888888888,24,8,TTGCATGCAAGATAGGGACA,16,1601912
galSp,1.2222222222222223,18,8,TTCCAGTTTATCCCATGGCA,10,1615529
galSp,0.3333333333333333,10,8,TTAGTGTGGGGGCCGATAAC,2,1620311
galSp,0.4444444444444444,11,8,TGTTTCGCATACAATTCGTC,3,1605101
galSp,0.2222222222222222,9,8,TGTGTCTGCGCTATGCCATT,1,1600213
galSp,3.2222222222222223,36,8,TGTGCGATAGACGTCATAAT,28,1595301
galSp,14.555555555555555,138,8,TGGGAGCACCGACAGTCAAG,130,1599353
galSp,0.6666666666666666,13,8,TGGCCGATCGGGCATCGAAC,5,1603792
galSp,2.4444444444444446,29,8,TGGATGTTAGCTTATGCATG,21,1596265
galSp,1.2222222222222223,18,8,TGCCGCTTTTACCGATATAT,10,1608208
galSp,0.7777777777777778,14,8,TGCCAGATCGGGTCTGAATC,6,1615075
galSp,3.2222222222222223,36,8,TGAAGTCTAGATTGCTGTCT,28,1598332
galSp,0.3333333333333333,10,8,TGAACGACTCTCGGTTTAAA,2,1618513
galSp,1.7777777777777777,23,8,TGAAAACACGTACAGACTGG,15,1603806
galSp,0.2222222222222222,9,8,TCTTTCCGTCGTGGATAGCA,1,1610036
galSp,26.88888888888889,249,8,TCTTCGTGTGAAAAGAGTAC,241,1620989
galSp,9.222222222222221,90,8,TCTCTTCACGGTCACGACTT,82,1595353
galSp,1.3333333333333333,19,8,TCTATTGAGAGCATTTAAAC,11,1597602
galSp,0.3333333333333333,10,8,TCGTGGTTACGCTTACCCGA,2,1596291
galSp,1.3333333333333333,19,8,TCGTCTTGCTACAAGATATC,11,1616292
galSp,0.4444444444444444,11,8,TCGTCGTGGGTAACGGTATA,3,1603211
galSp,0.8888888888888888,15,8,TCCCACCTGAAGTTTCCTCG,7,1601418
galSp,2.0,25,8,TCCATTGCGATGAAGGGGAG,17,1613441
galSp,3.3333333333333335,37,8,TCCATGAGAGTAGACGCACT,29,1599453
galSp,2.7777777777777777,32,8,TCATGCATTGCGGCGTAAGA,24,1598727
galSp,0.6666666666666666,13,8,TCAGCTTCCCTCTGACTTGC,5,1621157
galSp,1.7777777777777777,23,8,TATTGATAGCATGCAAGGTC,15,1605548
galSp,1.4444444444444444,20,8,TATGCCACGCTACTTTATTT,12,1612490
galSp,2.5555555555555554,30,8,TATAACTCCCTTGGTACGAG,22,1617194
galSp,1.1111111111111112,17,8,TAGACATGAATAGCGGGCTT,9,1603461
galSp,5.333333333333333,55,8,TACTAGCATGTGAAGGTCCA,47,1600227
galSp,1.1111111111111112,17,8,TAATATCCTGGAGATCGTAC,9,1606274
galSp,1.1111111111111112,17,8,TAAGGCGGATGACTCTTACA,9,1615466
galSp,0.2222222222222222,9,8,TAAAATAATGTGCCGGGACA,1,1605566
galSp,1.8888888888888888,24,8,GTTGGGTTAAGCAAGCTTGT,16,1599045
galSp,1.3333333333333333,19,8,GTGTGCGGCTCGGGATCCTT,11,1601766
galSp,0.8888888888888888,15,8,GTGTCAGTAATAGGCCACAG,7,1607509
galSp,0.5555555555555556,12,8,GTCTTTGAGGGTTGCGTTGT,4,1611002
galSp,1.1111111111111112,17,8,GTCTTCTAAGCCTAAGCTCC,9,1602791
galSp,0.6666666666666666,13,8,GTCTAAGGACTATCAGTTGC,5,1605512
galSp,1.0,16,8,GTCGGGGTTCCCTGCAAAAG,8,1618938
galSp,0.4444444444444444,11,8,GTCGGGACTTGACCCGTTGT,3,1620232
galSp,0.2222222222222222,9,8,GTCCGTGGTGTGGATTACAC,1,1615927
galSp,0.4444444444444444,11,8,GTCCGCATGCTATATTTATT,3,1596824
galSp,1.2222222222222223,18,8,GTCCCACGCGTCTGCTTGTG,10,1605955
galSp,2.888888888888889,33,8,GTCAGCGTCCTGGGTACCCC,25,1610940
galSp,0.6666666666666666,13,8,GTCACTTTAGTTACGTATCA,5,1613003
galSp,2.0,25,8,GTACTTGAAGATTTCCGGAG,17,1608704
galSp,1.7777777777777777,23,8,GTAACATATATCCCATTCCC,15,1615997
galSp,1.7777777777777777,23,8,GGTTGCAACGCACTCGCTTC,15,1613435
galSp,0.3333333333333333,10,8,GGTTAATAGTCCACGCCATG,2,1595238
galSp,1.4444444444444444,20,8,GGTGCTCATTCGCACCTCTC,12,1614037
galSp,0.8888888888888888,15,8,GGTGCATGTAATGTCCAATT,7,1599393
galSp,0.8888888888888888,15,8,GGTCTTATCCCTTTTATGAC,7,1609390
galSp,0.6666666666666666,13,8,GGTAACATTAAAGTTCGATA,5,1619956
galSp,1.6666666666666667,22,8,GGGGGTAGTTAATCTGGGCT,14,1611970
galSp,2.3333333333333335,28,8,GGGATCAACTAAACCCCTCT,20,1619650
galSp,1.8888888888888888,24,8,GGGAAAGACTTAAGGCGTGT,16,1617171
galSp,0.2222222222222222,9,8,GGCTTAAAGTACTTTCTTCG,1,1610549
galSp,3.0,34,8,GGCGGACCCCTATGGAGTGT,26,1615707
galSp,0.2222222222222222,9,8,GGATGTATCTGGTCTCCCCA,1,1609850
galSp,0.5555555555555556,12,8,GGATACTTCAGTCGCGCAGT,4,1600599
galSp,0.2222222222222222,9,8,GGAGTACGAGACCGGATATT,1,1616766
galSp,1.3333333333333333,19,8,GGACGTACGCTGGTTCATGT,11,1619615
galSp,1.1111111111111112,17,8,GCTGGATCATTTGCAATGGT,9,1604692
galSp,1.0,16,8,GCTAAACAAGCTATCCCTTA,8,1601693
galSp,0.5555555555555556,12,8,GCGAGAGGGTAAATAGTATT,4,1614620
galSp,0.2222222222222222,9,8,GCCTTTACCGCTTTTCCGAT,1,1601628
galSp,0.5555555555555556,12,8,GCCTCCGTACACACAGGAAC,4,1609967
galSp,0.3333333333333333,10,8,GCCGGGTGTGTGACTGTCCA,2,1605070
galSp,0.3333333333333333,10,8,GCCAGGAAAATCTTGTTCAG,2,1612752
galSp,9.444444444444445,92,8,GCCAAACAACTTCGGGTCAG,84,1620607
galSp,8.444444444444445,83,8,GCATCACCGAGGAACCAGCA,75,1620585
galSp,0.3333333333333333,10,8,GCACTCGCTACAGTATTTCA,2,1615568
galSp,1.0,16,8,GCAATGATTGCCGGCCCGAT,8,1610488
galSp,2.3333333333333335,28,8,GATGGCTTACCCTTTCCGCG,20,1597418
galSp,6.222222222222222,63,8,GATATGTTTAAGGAAACGTT,55,1604641
galSp,1.5555555555555556,21,8,GAGGTGCACCTGCAGTTAGT,13,1595586
galSp,0.7777777777777778,14,8,GAGCACAGGTCTGCCGGTGT,6,1599494
galSp,1.0,16,8,GAGACTCCTACTATTTGGAA,8,1599364
galSp,1.4444444444444444,20,8,GAGACCGCGTATGTGGACCT,12,1603477
galSp,1.4444444444444444,20,8,GACTATACTGCCGAATCCGA,12,1608106
galSp,1.5555555555555556,21,8,GACCTGAGGGCTACCACTAC,13,1609083
galSp,21.333333333333332,199,8,GAAGGAAGTAAGAAGAAGAA,191,1607849
galSp,0.2222222222222222,9,8,CTTTTTTAGAAGATCGGTCC,1,1600030
galSp,2.6666666666666665,31,8,CTTTGTGGCTCTACTGTTAG,23,1614513
galSp,0.2222222222222222,9,8,CTTGTACTCGGCTGAGCTCA,1,1616836
galSp,4.0,43,8,CTTCCCCGTGACCCATAAAC,35,1614077
galSp,1.6666666666666667,22,8,CTTCACCTGGATCAGTGACT,14,1610383
galSp,0.4444444444444444,11,8,CTGTATAAGGAAGGATGTAG,3,1612271
galSp,1.2222222222222223,18,8,CTGTACGTGGGGGCGTGTTG,10,1596415
galSp,0.3333333333333333,10,8,CTGGACCGGAGTCCCAAGCT,2,1597047
galSp,1.5555555555555556,21,8,CTGCGAAAGGATCGTGTCTA,13,1613597
galSp,4.222222222222222,45,8,CTGCCCCTGGTTGTTCCGAC,37,1606934
galSp,0.2222222222222222,9,8,CTGCCCACTACATGAATGAG,1,1621482
galSp,0.3333333333333333,10,8,CTGCACGGCACTTGGGAGAG,2,1603543
galSp,0.5555555555555556,12,8,CTGACTAATAGGTGAGTGGA,4,1602624
galSp,0.5555555555555556,12,8,CTCGGTGTTACTTACGCAAA,4,1606107
galSp,0.4444444444444444,11,8,CTATTCAATCACGAGAGCTT,3,1620459
galSp,0.4444444444444444,11,8,CTAACATTTTGGTCATCTGG,3,1612189
galSp,1.0,16,8,CGTGTTTACAACTATTAACT,8,1605299
galSp,1.3333333333333333,19,8,CGTCGAGTTTACTGAGACAT,11,1619194
galSp,1.4444444444444444,20,8,CGGTCCATGAAATCGTCGTG,12,1607061
galSp,0.2222222222222222,9,8,CGGGTCAACGATGCAGTTCA,1,1616157
galSp,0.2222222222222222,9,8,CGGCCCTAGGCCATCTCCTT,1,1607946
galSp,1.3333333333333333,19,8,CGGCAAAGTTAAAATATGAC,11,1605004
galSp,6.666666666666667,67,8,CGGAAAAGTATACTGTCGGC,59,1602963
galSp,2.5555555555555554,30,8,CGCCTGGAAAGATAGCGTCG,22,1595397
galSp,2.4444444444444446,29,8,CGCATGAGTACCTCGAGCTG,21,1609998
galSp,1.1111111111111112,17,8,CGCATAAGGACTTCAGCCTA,9,1619373
galSp,0.2222222222222222,9,8,CGAGCCGTGCGACACGCGCA,1,1605371
galSp,0.2222222222222222,9,8,CGACTGCGGTAAACTAGGGT,1,1612705
galSp,0.4444444444444444,11,8,CGACATAAATTGTTGGCTGA,3,1597731
galSp,1.0,16,8,CCTCCTGGGGGGGGGTTCTC,8,1596787
galSp,0.2222222222222222,9,8,CCGGCACTGGGTTACTTCTA,1,1597015
galSp,0.8888888888888888,15,8,CCGACAGTAACCGTACGCCA,7,1600418
galSp,0.3333333333333333,10,8,CCCGTGCGTTAATTAGCGGG,2,1595530
galSp,3.3333333333333335,37,8,CCCGATCCCCCGGGCCGCGC,29,1604135
galSp,1.0,16,8,CCCAAGGCCTTTGTATTCGT,8,1609951
galSp,6.888888888888889,69,8,CCATGTCGGATTAGCACGGA,61,1599351
galSp,0.3333333333333333,10,8,CCACGCATACGTCGGAGCTA,2,1619844
galSp,0.7777777777777778,14,8,CCACAAGCCCTGTGTTCGTA,6,1608739
galSp,0.7777777777777778,14,8,CCAAAATCTTATGGGGATGC,6,1605192
galSp,1.1111111111111112,17,8,CCAAAATAACGGGAATTTAC,9,1611427
galSp,0.3333333333333333,10,8,CATCTAAGTCCGGATGCTCA,2,1605978
galSp,2.4444444444444446,29,8,CATCGTTCGTCACAAAAACA,21,1619857
galSp,1.1111111111111112,17,8,CATATGAACCCGCAAAATAT,9,1609582
galSp,0.2222222222222222,9,8,CAGTTCAGCCTCCAGCCACA,1,1620843
galSp,3.3333333333333335,37,8,CAGTGGACTCGACTACATGA,29,1615018
galSp,1.5555555555555556,21,8,CAGTGAACGGCGCTTTAGCT,13,1615232
galSp,0.8888888888888888,15,8,CAGGGGGAATATTATCACGT,7,1604185
galSp,0.7777777777777778,14,8,CAGATTTAGGATGACCCGCT,6,1597700
galSp,1.6666666666666667,22,8,CAGATCAGCATGGTCACGGC,14,1600034
galSp,0.6666666666666666,13,8,CACTCCGGCAGGTTATTATC,5,1614598
galSp,0.2222222222222222,9,8,CACTCCAAAATCCGGGATCA,1,1600255
galSp,2.4444444444444446,29,8,CACCACTCCGGAGGCAGGCT,21,1611605
galSp,0.4444444444444444,11,8,ATTTTTACCCTTAGTTTAAC,3,1619038
galSp,1.0,16,8,ATTTAGATACAGCTCATGCC,8,1617134
galSp,0.7777777777777778,14,8,ATGAAACTGTCGGTTCTGTA,6,1596294
galSp,3.4444444444444446,38,8,ATCTGCCGTTAGGTTAGCGT,30,1608581
galSp,0.2222222222222222,9,8,ATCTCCCACCAGATTTGCCA,1,1600569
galSp,1.0,16,8,ATCGCCCTTGGAAGACGTAG,8,1613136
galSp,1.8888888888888888,24,8,ATCGAGGAGCCTTCACCGTG,16,1607142
galSp,0.3333333333333333,10,8,ATCAGCTCATCAGAACATGA,2,1617343
galSp,3.3333333333333335,37,8,ATCAATTCGCTTTATCTAGC,29,1601627
galSp,0.2222222222222222,9,8,ATAGTCGCGCGTCGATCCCA,1,1601611
galSp,2.0,25,8,ATAGTCCCCCCACCACGTAG,17,1619726
galSp,7.555555555555555,75,8,ATACGTGAAACGCATGAAAT,67,1618773
galSp,1.0,16,8,AGTGTCTTCGTGCCGAGGCC,8,1602229
galSp,2.7777777777777777,32,8,AGTCCACGGAACGGGCCGGA,24,1615528
galSp,0.8888888888888888,15,8,AGGGTAGTGGTACCACACTC,7,1620309
galSp,1.2222222222222223,18,8,AGGGACTCCGAGAGCATAAA,10,1620318
galSp,1.5555555555555556,21,8,AGGCGAGACAGTGCGCGACA,13,1607123
galSp,0.6666666666666666,13,8,AGGCGACCAGTGACCGAGCT,5,1597545
galSp,0.8888888888888888,15,8,AGCTTACACCGTGTTCTCCA,7,1621605
galSp,1.4444444444444444,20,8,AGCACTGCGTCGAGCCGGTA,12,1607799
galSp,0.5555555555555556,12,8,AGACGATTAAGGCTAAGTTT,4,1600753
galSp,1.2222222222222223,18,8,AGAACCGGCGGCAGGGTATC,10,1614351
galSp,0.7777777777777778,14,8,ACTGTAAGTCTGACTTTGTA,6,1605962
galSp,2.6666666666666665,31,8,ACTGATGTGTATCTACACTC,23,1598345
galSp,0.6666666666666666,13,8,ACTCTTTTTGGAGTGAGTAG,5,1605530
galSp,0.6666666666666666,13,8,ACTCCCGGTTTTTAACGGCG,5,1618719
galSp,1.8888888888888888,24,8,ACGTGTTGCAACAGCATGAT,16,1603578
galSp,0.2222222222222222,9,8,ACGTGTACAGCTCGCGAAGC,1,1600899
galSp,1.6666666666666667,22,8,ACGGGACTTACAATGGCAGG,14,1596946
galSp,0.2222222222222222,9,8,ACGCTCGCTAGGCCTTTGAT,1,1598216
galSp,1.0,16,8,ACGCGCTAAGATACAAATCG,8,1612216
galSp,1.4444444444444444,20,8,ACGCGCAGACAACAACGGGG,12,1615987
galSp,0.2222222222222222,9,8,ACGATGCTGGTTTTACCATT,1,1617702
galSp,2.111111111111111,26,8,ACGACATTTCGAGACATTAC,18,1608737
galSp,2.0,25,8,ACGAAAACAGATTTTAGGAT,17,1604922
galSp,1.8888888888888888,24,8,ACCTTTCTGACGTTTCTACA,16,1614896
galSp,0.5555555555555556,12,8,ACCTGGTTTGTTGGAGGAGT,4,1598151
galSp,0.6666666666666666,13,8,ACCTGCTGTGCATGACAAAC,5,1604353
galSp,0.5555555555555556,12,8,ACCTAGGAACGCTTCTTAAG,4,1600616
galSp,0.3333333333333333,10,8,ACCGAAACTGCTGTCTGCGC,2,1598755
galSp,1.6666666666666667,22,8,ACATACGGAAGATGTTGCAA,14,1603099
galSp,2.0,25,8,ACATAAAACTGTCTAACGCA,17,1611000
galSp,0.2222222222222222,9,8,ACAGTGAAAGTTCATAATCT,1,1607500
galSp,0.2222222222222222,9,8,ACACATGACACGATTCTGCT,1,1615341
galSp,0.2222222222222222,9,8,ACACAATATGAAGGTCGGAC,1,1606023
galSp,1.5555555555555556,21,8,AATTATGTCTAGACAGTCCC,13,1602629
galSp,0.2222222222222222,9,8,AATCTCGCAACTCTTCACTT,1,1601792
galSp,2.4444444444444446,29,8,AATCCGCTCACGTAATTACA,21,1609150
galSp,0.3333333333333333,10,8,AATAGGCGCAAATCCGAGAT,2,1620944
galSp,0.4444444444444444,11,8,AAGTCGCGTAGAGTCAGACG,3,1604579
galSp,0.2222222222222222,9,8,AAGGGGCAGAAACATAGCGA,1,1615818
galSp,0.3333333333333333,10,8,AAGGCCAAGCGAGTCGGCAG,2,1598500
galSp,0.4444444444444444,11,8,AAGAGCTGACGGAAGTGTTG,3,1600956
galSp,2.7777777777777777,32,8,AACCGTGCCCGGGTAACACG,24,1598008
galSp,0.2222222222222222,9,8,AACCGATCCCAAAAGCTGGA,1,1597689
galSp,2.0,25,8,AACAACACCTATTGGCTTGG,17,1604339
galSp,1.125,15,7,TTTTTTTTCCTAGTGAAGGC,8,1599069
galSp,2.125,23,7,TTTTTGCACCATTCCACTCA,16,1608910
galSp,3.0,30,7,TTTGTTACATTGTCGTAAAA,23,1619254
galSp,1.625,19,7,TTTGGCCAGGACAACGAGAG,12,1609245
galSp,0.25,8,7,TTTGGCACCCGCAGTTGGCA,1,1602363
galSp,1.0,14,7,TTTGCCCGACGTGGTGGAGT,7,1604764
galSp,1.25,16,7,TTTGATTGCCCTTTTAGAAG,9,1617972
galSp,0.625,11,7,TTTAGCAGGTCACAATTCTG,4,1601917
galSp,1.625,19,7,TTGTTCAGTGCGACAATTCT,12,1596580
galSp,3.25,32,7,TTGGGTATCCGATGCGTGGC,25,1605488
galSp,0.875,13,7,TTGCGCAATCGAGGAAGAGC,6,1614131
galSp,0.5,10,7,TTGCATCCTCCCTTACCTCC,3,1616115
galSp,1.375,17,7,TTCGGCACGGGCGGGTATTT,10,1598547
galSp,3.5,34,7,TTCCGTTTATTCGCTAAGTA,27,1609036
galSp,2.25,24,7,TTCCACGGTTGTTTACTCCG,17,1608324
galSp,2.625,27,7,TTCCAACCCTGGCTTGGGAA,20,1609405
galSp,1.375,17,7,TTCATTTGGCGGGCGCCATG,10,1612365
galSp,0.375,9,7,TTCAAGAGTTCATTGCTATG,2,1617543
galSp,0.875,13,7,TTATTATCTATCCGGGGCTT,6,1596492
galSp,0.5,10,7,TTAGGATTTTTTGTAGGAAA,3,1608614
galSp,0.25,8,7,TTAAAGGAGTTCATTACAAA,1,1596856
galSp,0.25,8,7,TTAAACTCTGACGGCCGGCA,1,1616694
galSp,2.5,26,7,TGTCTGTAACAGTTTCATCC,19,1598680
galSp,0.25,8,7,TGTCCGGATACAGGTTCCTT,1,1611720
galSp,2.375,25,7,TGGGCTACCGAAATCATCTA,18,1616231
galSp,2.375,25,7,TGGGCCAGCGTGAGTATCTA,18,1600917
galSp,1.125,15,7,TGCTTATAGTTCCCAACCTA,8,1614212
galSp,0.75,12,7,TGCTGGTAGGCTACCTAATT,5,1607352
galSp,3.0,30,7,TGCGTTATGAAACGGTGGTT,23,1605553
galSp,0.625,11,7,TGCGGCCGCTATAGGGACGT,4,1621155
galSp,3.875,37,7,TGCCGGGTATTCTTCGGGGT,30,1612827
galSp,0.875,13,7,TGACCAACGAGCGATTGAAG,6,1613611
galSp,1.875,21,7,TGAATGTTAGAAATGTGAAT,14,1601595
galSp,0.375,9,7,TCTTTTCGCCTAGGACTGAC,2,1604064
galSp,0.75,12,7,TCTCGTGTAGCTATTGATAA,5,1620139
galSp,11.875,101,7,TCTCGCAGGACCAGAAAAAA,94,1610254
galSp,1.625,19,7,TCGTCTACGGTCGAGTCTCG,12,1618261
galSp,7.125,63,7,TCGCTGTAGGAAGCTCATAT,56,1601715
galSp,1.125,15,7,TCGCAAGAGTGCGTTAGCGA,8,1605964
galSp,0.375,9,7,TCCTCATCAGTGATCATAGC,2,1595725
galSp,0.375,9,7,TCATTACCTTGTTAGAACGA,2,1599387
galSp,0.25,8,7,TCATGCGCCCATGTAAGTGT,1,1618964
galSp,3.5,34,7,TCAGCGAGGATGCTTCGAGT,27,1595457
galSp,3.0,30,7,TCAATTACCTTCACTGTCCA,23,1605979
galSp,3.625,35,7,TCAAGGTAAGTACCATGCGT,28,1612688
galSp,3.125,31,7,TCAACAACATTCGTTTAGAC,24,1605624
galSp,0.5,10,7,TATTTTATAATGAGATTCGA,3,1606653
galSp,0.25,8,7,TATCACCAGAAGCCAATATA,1,1598946
galSp,0.25,8,7,TACTTTGACTTGGTACCTTT,1,1602076
galSp,10.5,90,7,TACTGCTCGATCTGAAATAA,83,1603618
galSp,3.75,36,7,TACGATCGTGTTGTGATCTA,29,1595415
galSp,0.375,9,7,TAATGGGCATGAGTTCGGGT,2,1609021
galSp,0.375,9,7,TAATGAGTGGTCCGTAGTTG,2,1610508
galSp,1.0,14,7,TAAAAACTGAGAAATGGCCG,7,1602765
galSp,1.5,18,7,GTTGTCCAAAAATCAAGAGT,11,1617465
galSp,0.25,8,7,GTTGCCCGAGAGATTTGGAC,1,1616047
galSp,0.875,13,7,GTTGATTTCTCTGTCAGGTA,6,1615475
galSp,0.75,12,7,GTTCCCTCTAGCCTCCGTAG,5,1599743
galSp,4.625,43,7,GTGTTATGTGGTCACTAGCT,36,1617005
galSp,2.125,23,7,GTGCCTCGTGGCGTGGCAAC,16,1598007
galSp,0.375,9,7,GTGCCCATCAGGTGAGACTT,2,1612877
galSp,1.5,18,7,GTCTGAGAGTGACCGCTTCA,11,1609339
galSp,0.25,8,7,GTCTCGACGTCGCTTAGATA,1,1605799
galSp,1.25,16,7,GTCTACCAGAAAGAAGGTGG,9,1619743
galSp,1.0,14,7,GTCGGTCTATGAATCCATTT,7,1612834
galSp,14.375,121,7,GTCCTTGCTTCAGGTATAGA,114,1608706
galSp,3.125,31,7,GTCCTGCGTCAGAACACGTA,24,1607981
galSp,4.25,40,7,GTCACGCTCGCTGGCGTCCA,33,1603976
galSp,0.5,10,7,GTATTGTAAGCGTGCTGCCT,3,1596947
galSp,0.25,8,7,GTAATGTTCGGACCTTGGAC,1,1618369
galSp,1.125,15,7,GGTCGCGTAGCCGGGTGACA,8,1617688
galSp,1.0,14,7,GGGTGGCTAAGCACGCCAGG,7,1595423
galSp,0.5,10,7,GGGGCGTAATGCTGCCTCTT,3,1618174
galSp,1.125,15,7,GGGGCCAGAGTATCCCAGCT,8,1616945
galSp,2.25,24,7,GGGACGATCGTTGGGACTTA,17,1612740
galSp,1.25,16,7,GGCGTGGCCTGACCCGGTAT,9,1608205
galSp,10.5,90,7,GGCAGGCGGCGTCGAAAGGA,83,1617670
galSp,0.5,10,7,GGAGTGTGATATGCAGGGGA,3,1603653
galSp,0.75,12,7,GGAGTATTTGTTTACCAAGT,5,1613899
galSp,0.5,10,7,GGAAGGCTACTCGCAGACCA,3,1605614
galSp,0.375,9,7,GCTTTTTGCGCTGGTTGCTG,2,1595976
galSp,1.25,16,7,GCTTTGCGAGGGTACGTTAA,9,1598659
galSp,0.5,10,7,GCTTGACTCGTCGTTAGCCA,3,1608521
galSp,1.375,17,7,GCTTATAAACCACCCGTGCT,10,1596176
galSp,2.125,23,7,GCTCTCAGAGGTTCGCAGCA,16,1618393
galSp,3.0,30,7,GCGCGGGGGAAGGGCATAGA,23,1604165
galSp,2.625,27,7,GCGATTTAGGATGTAAATGC,20,1604285
galSp,5.875,53,7,GCCGCTCCCCTAACATTGTA,46,1619438
galSp,0.75,12,7,GCCGCCACAGCAAGTAAGAT,5,1612943
galSp,1.375,17,7,GCCAGAGGGACCCACAGTAG,10,1620552
galSp,1.625,19,7,GCATTAGTGTTCCTCTGATA,12,1611555
galSp,0.375,9,7,GCAGTCAAGGCACCCGGTAT,2,1615253
galSp,1.5,18,7,GCAGCTCTGAAGTATCTCTT,11,1602158
galSp,0.25,8,7,GCAGCCGTGGCGCCCAGGTT,1,1598820
galSp,2.25,24,7,GCAGAGTGGTACCATGCCAT,17,1600204
galSp,0.5,10,7,GAGTTACTTGGTACGTGAGA,3,1613161
galSp,2.25,24,7,GACATTTACAGTCAACCATT,17,1605670
galSp,1.375,17,7,GAATTCGACCGTCTGTATGT,10,1611829
galSp,0.625,11,7,GAATATCCGGCGCGGAATTG,4,1619534
galSp,1.125,15,7,GAATAGACTACGAGTCCGAC,8,1620277
galSp,0.875,13,7,GAAGTCTCAAAGAGTAGCGG,6,1596292
galSp,0.625,11,7,CTTTTCTACGGAGGCGATTG,4,1604364
galSp,0.375,9,7,CTTGTAAACTGAGGCTCAAG,2,1617067
galSp,0.5,10,7,CTTGAAACTTTCGCAGCAAG,3,1611963
galSp,1.75,20,7,CTGTTCAAGGACCCTGCTTT,13,1608230
galSp,0.25,8,7,CTGGTTAGACGCCGATCTGT,1,1612126
galSp,0.25,8,7,CTGGGGCTGATCTGTGGATT,1,1613665
galSp,0.875,13,7,CTGGCTTAAACGCTGCTGTT,6,1618440
galSp,0.375,9,7,CTGGATAGCTTTGGGTGACT,2,1611028
galSp,0.375,9,7,CTCGTCACGGCCAATAACAA,2,1610742
galSp,1.0,14,7,CTCCGGCGCCAAGAGGTAGT,7,1599482
galSp,2.0,22,7,CTCCCATAAGGGGCCTCACT,15,1596621
galSp,0.75,12,7,CTCAGGTAACGTGTAAGGCT,5,1612378
galSp,1.125,15,7,CTACTGGTGATCATTAAAAA,8,1610853
galSp,1.875,21,7,CTACTCTCCGTACATGAACA,14,1605941
galSp,4.0,38,7,CGTGCGACATATCACGAAGT,31,1599316
galSp,2.375,25,7,CGGAGGGCTTCCTTGGGCAT,18,1608064
galSp,1.0,14,7,CGCCATGGGGTGGCCCAGAG,7,1601198
galSp,2.5,26,7,CGCATGACTGCCTTCGGATT,19,1598309
galSp,0.25,8,7,CGATGGCTTTCACGTCATCT,1,1620362
galSp,1.625,19,7,CGATGGCTTCAAGAGAAATG,12,1607580
galSp,1.0,14,7,CGAGGTGTCTTGCATGGTAC,7,1598589
galSp,1.125,15,7,CGACTCTCCATGCGTCCCAA,8,1617149
galSp,1.875,21,7,CGAAAGCCTAACGGAGACAC,14,1609681
galSp,0.625,11,7,CCTTCGCAGTCGTCCACATT,4,1600307
galSp,1.0,14,7,CCTGATCTTACATGACATCG,7,1617040
galSp,1.0,14,7,CCTCCGTAGACCTAAAGATC,7,1595261
galSp,0.625,11,7,CCGTGCTCGTGTCAAAGCAC,4,1618073
galSp,0.375,9,7,CCGGTAGCTTGTGGTAAGTA,2,1615206
galSp,3.125,31,7,CCGATATGGCAGGTCTGCGT,24,1603463
galSp,3.75,36,7,CCGAGAATTCCTTATTATGC,29,1612003
galSp,2.25,24,7,CCGACCGTGGGTATGGGTCA,17,1599325
galSp,0.5,10,7,CCCCTTCGTATTCGCCCTCT,3,1613747
galSp,0.5,10,7,CCCACTGGTCAAAGTCAATG,3,1605719
galSp,1.375,17,7,CCCACCGCTCTATATCTATA,10,1615306
galSp,1.0,14,7,CCACTTTGCCGGTGGCTACA,7,1601128
galSp,1.5,18,7,CATTTGCTACCAGCACCCCT,11,1617818
galSp,0.5,10,7,CATTGGGCGGTGTATACAAT,3,1607470
galSp,18.375,153,7,CATTACGGCAATCTAAGACT,146,1620609
galSp,1.125,15,7,CATGACAGTGGTAGGGCAAT,8,1606293
galSp,0.5,10,7,CAGTTCACATGCAACCCTCT,3,1614447
galSp,0.625,11,7,CAGTGAATACTCACCACCGA,4,1605627
galSp,0.625,11,7,CAGGAGTCACGCCTATCATT,4,1601655
galSp,1.125,15,7,CACGAGACGACCACACAGGT,8,1600522
galSp,10.625,91,7,CAATTCAATCGTACGAGAGA,84,1608711
galSp,2.75,28,7,CAATGTGAACACGGTTTCTG,21,1608439
galSp,1.875,21,7,CAATCCTTAACCAAATAAAA,14,1616598
galSp,1.0,14,7,CAAGGTCAGATCTACTCGGT,7,1610881
galSp,0.875,13,7,CAAGCGGGGTCTTTCGCGAA,6,1619933
galSp,0.875,13,7,CAACTTACACAAGACGTCAG,6,1603696
galSp,0.5,10,7,CAACGGTCCTAGATATGCCA,3,1597270
galSp,0.375,9,7,CAAACTTGTAAAAGTAGTGG,2,1616095
galSp,1.75,20,7,ATTTCACCCTCGAGAAGTGT,13,1596831
galSp,0.25,8,7,ATTTAGTCCTGCCTTTATGC,1,1613735
galSp,1.625,19,7,ATTCGCCCTTGGATTATAGA,12,1600950
galSp,2.5,26,7,ATTCCGCGTAGAGGAAAGTT,19,1604555
galSp,0.625,11,7,ATTAAAGGGACCTGGCTTGA,4,1620470
galSp,0.75,12,7,ATGGCCCAGATTCCCGGTCC,5,1596556
galSp,2.0,22,7,ATGGAACGGAATAATTGCTG,15,1612672
galSp,2.125,23,7,ATCTTGCTCCTACTCGACGC,16,1598442
galSp,0.25,8,7,ATCTAGACTGAGTTCGTCCT,1,1598259
galSp,0.25,8,7,ATCGGCGCATTTGTGTACGT,1,1599911
galSp,2.25,24,7,ATCGGAGCGTCCTATAAGCT,17,1612682
galSp,1.875,21,7,ATCGCGTGTAGATTATCAGC,14,1607022
galSp,9.5,82,7,ATCGAAGCCCAGAGACCGAT,75,1615009
galSp,2.25,24,7,ATCCGGTAATCAGGCAACTC,17,1599381
galSp,0.5,10,7,ATCCGCTGATGTATTAAGAG,3,1608441
galSp,0.75,12,7,ATCAAAGATTCGCACTACCA,5,1597073
galSp,5.0,46,7,ATATCCTATTGCATAGTTGG,39,1596214
galSp,0.625,11,7,ATAGATTAAGTCCAGCAGGT,4,1614299
galSp,13.125,111,7,ATAGATGGCTGAGGTAACCA,104,1612849
galSp,1.125,15,7,AGTTGGAACCATCGAGAAAG,8,1619363
galSp,1.0,14,7,AGTTACGGCGTGTCAGCCCG,7,1621502
galSp,1.875,21,7,AGTTACCATCGGATAAGTTC,14,1611578
galSp,3.5,34,7,AGTGTATTGAATTGTCCCTG,27,1608493
galSp,2.625,27,7,AGGGTCTGGGCGCAGGTGAA,20,1617773
galSp,0.375,9,7,AGGCTCCAAGCAAGCCGTCA,2,1600396
galSp,3.625,35,7,AGGATGGTATGGAATATTAT,28,1618190
galSp,0.625,11,7,AGCCCGTTACAATAGAACGG,4,1602568
galSp,1.625,19,7,AGCCAGTGTGCACGCACAGA,12,1608741
galSp,0.375,9,7,AGAACGGAAACGAATGATAA,2,1615041
galSp,1.75,20,7,AGAAAGCTCGGAAGGTGGTT,13,1620749
galSp,0.25,8,7,ACTCGCCCATTCCGTGTCGG,1,1603493
galSp,1.875,21,7,ACTCAAGCCCTGGCTAGGAT,14,1605736
galSp,0.25,8,7,ACGGTCATCGGCAAATTAAC,1,1609489
galSp,1.625,19,7,ACCTCACTTGCGGCTGTTGA,12,1602262
galSp,0.5,10,7,ACATTATTGTCTTTGACAGG,3,1616549
galSp,0.25,8,7,ACATACCCGAGCCGCCACTT,1,1612164
galSp,0.75,12,7,ACAGAGGAATATGAGTCTTG,5,1607347
galSp,1.25,16,7,ACACGCTGTATGCGGATTTG,9,1618871
galSp,0.75,12,7,ACAATGGTTATCCATCCCGG,5,1603127
galSp,3.25,32,7,ACAAGTCTAGCAGTAATAAA,25,1597328
galSp,4.5,42,7,AATTAGTACCTGCAGAATCT,35,1602740
galSp,0.375,9,7,AATGGCCGGTCAAATTGCTG,2,1616468
galSp,0.875,13,7,AATGCTAACTCTAGAGATCT,6,1612079
galSp,4.5,42,7,AAGGGAACCCTTCACAAATA,35,1614705
galSp,0.375,9,7,AAGAGAGGTGGTCAGATTGA,2,1616952
galSp,1.1428571428571428,13,6,TTTGTATGGGGCCGTTACCT,7,1617350
galSp,0.7142857142857143,10,6,TTTGAGTCCGGCGCCGTAGG,4,1605807
galSp,0.5714285714285714,9,6,TTTATTTTGACGGCTACTAT,3,1598183
galSp,0.2857142857142857,7,6,TTGGCCATGTAATGTGGTAT,1,1617949
galSp,5.142857142857143,41,6,TTCGTTCTTAGCCTGACGAC,35,1612405
galSp,1.0,12,6,TTCGGGTTGTCGGAGTACGT,6,1606463
galSp,1.8571428571428572,18,6,TTCGATCGCCATAGCCGGAG,12,1597439
galSp,2.5714285714285716,23,6,TTAGTAAGCGGTATATTAAT,17,1614461
galSp,0.7142857142857143,10,6,TGGTTGCGGATATGAGCGAT,4,1595787
galSp,0.2857142857142857,7,6,TGGTCCATACTTTTAACTTA,1,1607825
galSp,0.2857142857142857,7,6,TGGTATGACGGATCCCGCCG,1,1616099
galSp,2.5714285714285716,23,6,TGGGGGAATGTCTTAAGCGG,17,1615324
galSp,1.8571428571428572,18,6,TGGCTGTGAGGTGATCACTT,12,1600122
galSp,1.8571428571428572,18,6,TGGACGGTACATCGAGACCT,12,1609890
galSp,1.0,12,6,TGGAACTGCACCATGCCCCA,6,1621490
galSp,1.1428571428571428,13,6,TGGAACACATTGTTGGGACC,7,1618967
galSp,0.42857142857142855,8,6,TGCACAATGGTGTAGTATGT,2,1601301
galSp,1.4285714285714286,15,6,TGACTGCGCAAGATAAATAA,9,1612122
galSp,2.7142857142857144,24,6,TGAAGGGGTATGCAGAGTGT,18,1601293
galSp,0.2857142857142857,7,6,TCGTTGGCATATGCCTGATA,1,1617184
galSp,3.4285714285714284,29,6,TCGTTATATAGGGGTCTAGC,23,1606532
galSp,0.5714285714285714,9,6,TCGGTATTACACGCTGAGAC,3,1605671
galSp,4.142857142857143,34,6,TCGGAAGCTCGTGGGACGAT,28,1605999
galSp,0.2857142857142857,7,6,TCCTACTTCAGTAGTGGCGC,1,1598273
galSp,2.142857142857143,20,6,TCCGGGTTTCAGCCCTGAGT,14,1613963
galSp,2.7142857142857144,24,6,TCCCCTCCGAGCATACACTC,18,1597327
galSp,0.8571428571428571,11,6,TCCACCCAATACATCGTCCG,5,1600643
galSp,5.571428571428571,44,6,TCCAATGTCTACCGGCTATC,38,1601983
galSp,6.142857142857143,48,6,TCACAGCGGCCGGAAATTAA,42,1616484
galSp,0.7142857142857143,10,6,TCACAGAAGTGAAACCTACG,4,1602030
galSp,1.7142857142857142,17,6,TCACAAGCCGTATGCCCAAC,11,1595983
galSp,4.285714285714286,35,6,TCAACGCGTCGAAATATAAT,29,1604051
galSp,3.2857142857142856,28,6,TATTGCGCTAGTCCAGGATC,22,1598488
galSp,3.4285714285714284,29,6,TATACTTTAGCCGCACAGCA,23,1618026
galSp,2.5714285714285716,23,6,TAGTCAGAGTCCACACTACG,17,1621072
galSp,0.7142857142857143,10,6,TAGGGCGGTCCTCCGAGGCA,4,1597180
galSp,1.5714285714285714,16,6,TAGAGTCACAGAATAACGAA,10,1599029
galSp,0.2857142857142857,7,6,TAGAACGAATACCAACTATG,1,1604245
galSp,0.2857142857142857,7,6,TACCGGGGTGGAGCGCATTT,1,1615416
galSp,1.8571428571428572,18,6,TAATTAACCGATCGATTTGG,12,1608882
galSp,0.5714285714285714,9,6,TAAGATGCCTCCATTATAGC,3,1610999
galSp,1.1428571428571428,13,6,TAACTTTCATTAGTCGTCTC,7,1604178
galSp,2.857142857142857,25,6,GTTTCTGTGAACGAACAGAG,19,1602659
galSp,0.2857142857142857,7,6,GTTTATATCCGTAGCTTCCA,1,1601084
galSp,1.0,12,6,GTTGTATTAGACAGTAGCGA,6,1611902
galSp,24.428571428571427,176,6,GTTGGAGGATAGTCCTTTTT,170,1595627
galSp,1.4285714285714286,15,6,GTGCTGTTCGACTGCATACG,9,1599259
galSp,4.571428571428571,37,6,GTCTAAAGGATCAGCACAGG,31,1604642
galSp,2.142857142857143,20,6,GTCCACCGTTTCTATATGAT,14,1616498
galSp,1.0,12,6,GTATTCAGACATTCAAGTGA,6,1602477
galSp,0.7142857142857143,10,6,GTATGATGGAGACACTAGGT,4,1621198
galSp,2.142857142857143,20,6,GTAACAGGGCGGTCCGAGGT,14,1614384
galSp,1.8571428571428572,18,6,GGGTTTGTCCGCCAGAAAAG,12,1610060
galSp,0.7142857142857143,10,6,GGGTTGTTCAGGCCGGGTAG,4,1611996
galSp,0.5714285714285714,9,6,GGGCATACGCGTTAAGATAG,3,1605646
galSp,8.285714285714286,63,6,GGGCAGTTGGAGTCGCCATA,57,1611344
galSp,0.2857142857142857,7,6,GGGCAACCGGTTGTTATTTC,1,1602260
galSp,2.7142857142857144,24,6,GGGATGCCAGCGAGGAGAAT,18,1610460
galSp,0.2857142857142857,7,6,GGGATATTCAACGTAGGTTG,1,1610346
galSp,1.7142857142857142,17,6,GGGACGCAGATGGAGGGCCG,11,1609066
galSp,4.428571428571429,36,6,GGGAATTTGTCTTGTATGTA,30,1595239
galSp,0.2857142857142857,7,6,GGCTGCGCATACCTGTCACG,1,1596248
galSp,3.7142857142857144,31,6,GGCCAGTAACAACAGTGGGT,25,1617063
galSp,2.4285714285714284,22,6,GGCAATCTTCCGGGTTCTAA,16,1603926
galSp,1.0,12,6,GGCAACGTGGAAGCCTAGGG,6,1607351
galSp,0.8571428571428571,11,6,GGAATTCGACTGGGCCAAAT,5,1612987
galSp,4.285714285714286,35,6,GCTTTTATGCGAGCAACGAA,29,1617959
galSp,9.714285714285714,73,6,GCTTTCTATCATCTGTTCTT,67,1608641
galSp,4.857142857142857,39,6,GCTTTATGTACCTACCTTCG,33,1620841
galSp,1.0,12,6,GCTTCAGTCGCTGTAATCGG,6,1597580
galSp,11.571428571428571,86,6,GCTAGCTGAACACAGCGGAT,80,1599621
galSp,0.2857142857142857,7,6,GCTACTGAGAGTTAAGGTTC,1,1606609
galSp,1.0,12,6,GCGTGAGGACGAACGTTTTA,6,1604107
galSp,0.2857142857142857,7,6,GCGCTGTCGCATGCCCGGTG,1,1621380
galSp,6.714285714285714,52,6,GCCGATAGGGTTAACCAGCT,46,1608247
galSp,2.5714285714285716,23,6,GCCAGTCGCTGTAGCTTCAT,17,1599503
galSp,0.5714285714285714,9,6,GCACGAAATCCGCCTAGGAG,3,1617977
galSp,0.5714285714285714,9,6,GCAATGCAACTAGGATGTAC,3,1613336
galSp,2.5714285714285716,23,6,GATGTGTTCTGTAATCAGTG,17,1602701
galSp,0.7142857142857143,10,6,GAGTTCTGAAGTGCATCAGC,4,1610688
galSp,0.5714285714285714,9,6,GAGTGACCTCAATTCCACGA,3,1617083
galSp,0.5714285714285714,9,6,GAGGGACCCTCGTGTGCCCC,3,1617933
galSp,4.0,33,6,GAGGAAGCTCAAGCGGCGGT,27,1606329
galSp,4.428571428571429,36,6,GAGCAGGGGGCCGCAATGAC,30,1607639
galSp,2.0,19,6,GAGCAGATTTCTACCGGGTA,13,1610155
galSp,0.2857142857142857,7,6,GAGATGTAACGCAAAAAAAG,1,1615762
galSp,4.714285714285714,38,6,GACGTAAGCTCTATTTCCGA,32,1609078
galSp,0.5714285714285714,9,6,GACACTGTGGTCCGTGTCTT,3,1601480
galSp,52.857142857142854,375,6,GACAAAGCGGGGCGTTAGGA,369,1620983
galSp,0.8571428571428571,11,6,GAACTGAGTCTTCAGATCTA,5,1616294
galSp,0.42857142857142855,8,6,CTTTGGTCTTAATTACATGC,2,1606069
galSp,1.2857142857142858,14,6,CTTTATTCGTGATAGAAATC,8,1598287
galSp,3.0,26,6,CTTGCAGATTAAAAGACCAT,20,1601834
galSp,1.0,12,6,CTTCATTACGTCCTCCAGCG,6,1616884
galSp,0.8571428571428571,11,6,CTTATTACCATGTATGGAAG,5,1608872
galSp,1.2857142857142858,14,6,CTGTGAGTATGAAATTATAC,8,1601297
galSp,1.5714285714285714,16,6,CTGCACTCGATAGCGGTCCC,10,1609895
galSp,1.2857142857142858,14,6,CTGAGGATTAGTTCTAATTT,8,1604458
galSp,3.857142857142857,32,6,CTGAACAAGACTTATTTAGT,26,1599410
galSp,4.285714285714286,35,6,CTCGAGTATCATAGCGGGGC,29,1601227
galSp,1.4285714285714286,15,6,CTCCGCTTCCGTCTGAGTAA,9,1609252
galSp,0.5714285714285714,9,6,CTCCAGGTGGGACACAGACG,3,1607668
galSp,1.2857142857142858,14,6,CTAGAGGCTCCTCGTATACA,8,1609054
galSp,3.2857142857142856,28,6,CTAATGCGGGCCAAATTCAT,22,1620677
galSp,2.2857142857142856,21,6,CGTGCAAGTTGCCCAGCCCA,15,1597064
galSp,0.2857142857142857,7,6,CGTCGGACCGCTTCCCGGTA,1,1603916
galSp,0.42857142857142855,8,6,CGTCGCCCATAAGGCCAATG,2,1611414
galSp,0.42857142857142855,8,6,CGGTGTCCGTGGCCTCATTC,2,1613801
galSp,1.1428571428571428,13,6,CGGTGAGCGATGGGGGGCTT,7,1599626
galSp,4.428571428571429,36,6,CGGTATCTTCTCGTTGCTAT,30,1611461
galSp,0.2857142857142857,7,6,CGGTACAAACTATAGGGACT,1,1604096
galSp,1.1428571428571428,13,6,CGGCGGACACATAGATGCCC,7,1602013
galSp,0.42857142857142855,8,6,CGGAAGAGTGGGCATAACCG,2,1603813
galSp,1.7142857142857142,17,6,CGCTTCTAACCGACAACTGT,11,1604868
galSp,2.142857142857143,20,6,CGCTGCAAATTCCCTGGAAG,14,1598417
galSp,2.7142857142857144,24,6,CGCTCAACTAAGCAAATAAG,18,1606795
galSp,2.0,19,6,CGCGCGTCTATCAGAAACAT,13,1601103
galSp,1.2857142857142858,14,6,CGCAGTGAAGACGCACGGTA,8,1600250
galSp,3.142857142857143,27,6,CGAAATGTATATAGTTAGGT,21,1611828
galSp,0.7142857142857143,10,6,CCTTTTTAGTAAAACCGGAT,4,1600735
galSp,7.0,54,6,CCTTTGGGTTCCGTGTAAGG,48,1604068
galSp,0.2857142857142857,7,6,CCTTGTGCAGATTAACTGGT,1,1612602
galSp,0.42857142857142855,8,6,CCTTGGCTGGGGCACAAACT,2,1598210
galSp,1.1428571428571428,13,6,CCTGTGCTGGTCAGTGCGCT,7,1607586
galSp,0.2857142857142857,7,6,CCTGTGCCAAATCGCGGTCA,1,1615873
galSp,1.1428571428571428,13,6,CCTGTCTACCGCGGAACTCA,7,1612824
galSp,0.2857142857142857,7,6,CCTGCACTGTTGCAATCAAT,1,1612165
galSp,0.2857142857142857,7,6,CCTCATCGACTCCTCGTGCG,1,1618432
galSp,5.571428571428571,44,6,CCTATCGCTGCCTATTTGTT,38,1615176
galSp,0.8571428571428571,11,6,CCTAGTCCAGAGCATGGAGG,5,1599230
galSp,0.8571428571428571,11,6,CCGCTTTCACAATTGAGCAT,5,1617951
galSp,0.2857142857142857,7,6,CCCCGTCATTATAAGTGGTA,1,1617433
galSp,1.0,12,6,CCCCGGAAAGGAACCCCCCA,6,1610371
galSp,0.42857142857142855,8,6,CCCATTAAGGAGCACTCTTA,2,1598367
galSp,0.2857142857142857,7,6,CCATAAACAGTGTGACGAGC,1,1609641
galSp,14.714285714285714,108,6,CCAGACAAGTTAATGACCTC,102,1610256
galSp,2.7142857142857144,24,6,CCAAACGCAATGACGCTGAC,18,1607851
galSp,2.2857142857142856,21,6,CATGAGGAATACAAGGTTTT,15,1620883
galSp,1.2857142857142858,14,6,CATCGAGTTGCACAAACCCT,8,1608662
galSp,3.2857142857142856,28,6,CAGGTGTCGGCCGAATTTTG,22,1610543
galSp,0.42857142857142855,8,6,CAGGGTGCCCTCAGCCGCCC,2,1615692
galSp,0.42857142857142855,8,6,CAGGCGTCGGTAGGCACTGG,2,1598898
galSp,0.42857142857142855,8,6,CAGCGAGCAACAGGAGCATA,2,1611788
galSp,7.0,54,6,CAGCCTTTAGGGCAAATTGG,48,1603805
galSp,0.2857142857142857,7,6,CAGCAGCGGAGAGCAGCGTC,1,1596566
galSp,1.0,12,6,CAGAATTTCGAGGACTGTGC,6,1605961
galSp,3.4285714285714284,29,6,CACGGCAGGACCGAAAAGTG,23,1619880
galSp,0.2857142857142857,7,6,CACCTTTGGTAGATTTTGGG,1,1613659
galSp,1.2857142857142858,14,6,CACCGCCATAAGAGTGCCAA,8,1617431
galSp,1.2857142857142858,14,6,CACCCCGATAGGGTCAACAC,8,1607931
galSp,0.8571428571428571,11,6,CACATGTTTTCGGCAGGATT,5,1611418
galSp,1.4285714285714286,15,6,CACACGTAGTCGGCCAATAT,9,1596973
galSp,1.1428571428571428,13,6,CAATGAGTTCTCGACCCGTA,7,1601550
galSp,0.8571428571428571,11,6,CAATATATAGAGGGAAGACT,5,1595776
galSp,0.42857142857142855,8,6,CAATAGTCGTGAGAAATCTA,2,1595982
galSp,2.142857142857143,20,6,CAATAAATTGTGCTGATCTG,14,1600763
galSp,3.4285714285714284,29,6,CAAGTCTCGCGAGCTCCGTT,23,1600989
galSp,0.2857142857142857,7,6,ATTTTGGGTTTCGTCCAATT,1,1616449
galSp,2.2857142857142856,21,6,ATTGCCATCCGTCCGAACCC,15,1609834
galSp,0.5714285714285714,9,6,ATTACGGGCGGTGTGTGTAT,3,1615462
galSp,2.4285714285714284,22,6,ATTACGCAGGGCATTTGGCA,16,1618268
galSp,0.7142857142857143,10,6,ATGGGGGAGCGTCAACACGA,4,1620077
galSp,0.2857142857142857,7,6,ATGACGAGGGAAATCAGTTC,1,1610646
galSp,0.42857142857142855,8,6,ATCTTGGCGGCAGCTTGCTC,2,1597195
galSp,4.0,33,6,ATCGTTCTTTACATTGGCCT,27,1611202
galSp,0.2857142857142857,7,6,ATCGGTTTAACTTACACGTC,1,1618817
galSp,1.2857142857142858,14,6,ATCGCGGCATCAGCGAGCGA,8,1612722
galSp,2.857142857142857,25,6,ATCCGATGGAAGAGATACAC,19,1596313
galSp,0.7142857142857143,10,6,ATCACAACGATCAGCGACAG,4,1598328
galSp,0.42857142857142855,8,6,ATATGGAGACATCCTGCAAA,2,1611523
galSp,1.5714285714285714,16,6,ATAGACCGAAGCCGTTAGGA,10,1601213
galSp,1.7142857142857142,17,6,AGGGGGTCTGTCTTAAGTCT,11,1608479
galSp,3.7142857142857144,31,6,AGGGAATACGCTGCTAATAG,25,1605926
galSp,2.7142857142857144,24,6,AGGCCAGGTCCATAAGACCC,18,1595924
galSp,6.428571428571429,50,6,AGGCCAACAAAAACCAACCT,44,1607841
galSp,0.42857142857142855,8,6,AGCTTAGAAAAGTGATTGCA,2,1617457
galSp,4.0,33,6,AGCGTTAGTGGTTTCTAAAT,27,1597685
galSp,1.0,12,6,AGCCAGCACCAGATTTAGGA,6,1613282
galSp,3.7142857142857144,31,6,AGATGGTACGTTTGATACGA,25,1615513
galSp,0.8571428571428571,11,6,AGAGTAGCGGATCAGGGCCT,5,1595296
galSp,0.7142857142857143,10,6,AGAGGTAACACGATGAAACA,4,1598437
galSp,3.5714285714285716,30,6,ACTTGGTGGGCTTCAGCGGT,24,1616049
galSp,2.857142857142857,25,6,ACTCGGGGCTGTACCCGTCT,19,1616338
galSp,1.5714285714285714,16,6,ACTCCAAAGTAGGGGCTCGA,10,1595235
galSp,3.2857142857142856,28,6,ACTAGGTCGCCTTTTGATAT,22,1612723
galSp,1.7142857142857142,17,6,ACTACTCAGTTATTAGTATT,11,1614658
galSp,3.2857142857142856,28,6,ACGTAATCGCCAACCGGATC,22,1613839
galSp,0.2857142857142857,7,6,ACGGTTGCATAGCAAAGCCG,1,1596676
galSp,0.42857142857142855,8,6,ACGGTGGCGTGCGTCGTGAC,2,1609736
galSp,0.5714285714285714,9,6,ACGGAGTGTTACGTGCTCAA,3,1606428
galSp,2.0,19,6,ACGGACCGAACTCAACGGCC,13,1612258
galSp,2.142857142857143,20,6,ACGGACAGAGCGGTTTATCG,14,1600559
galSp,0.2857142857142857,7,6,ACGGAATCTATCCACGGTAT,1,1608884
galSp,0.42857142857142855,8,6,ACGATTTAGGAATGAACCAA,2,1607644
galSp,2.7142857142857144,24,6,ACGAATTCTAGGTTCCCCTA,18,1606520
galSp,2.142857142857143,20,6,ACGAAGCGTGTAACGGGCTT,14,1605608
galSp,2.2857142857142856,21,6,ACCGATGTCTTGAATGACTT,15,1611568
galSp,1.8571428571428572,18,6,ACCCAGTTTATATCCTTGTT,12,1601399
galSp,1.1428571428571428,13,6,ACCCACGTGCAGACGTGTTC,7,1596351
galSp,0.2857142857142857,7,6,ACATTTATTACGCAATCTCG,1,1612028
galSp,1.7142857142857142,17,6,ACAGCGGACCAAGCGGCAGG,11,1607465
galSp,0.5714285714285714,9,6,ACAATACAAGTTACCAGGTT,3,1613364
galSp,0.42857142857142855,8,6,AATTTCCCATCCACCGTTGA,2,1609944
galSp,0.2857142857142857,7,6,AATTATACGTACCGGCTAAC,1,1615325
galSp,2.857142857142857,25,6,AATGGAACGCATTACCGTCA,19,1612302
galSp,1.0,12,6,AATATATGCTTTGGGGGCAG,6,1601719
galSp,1.4285714285714286,15,6,AAGGAGCGGTGTTGGCGCAA,9,1604414
galSp,6.428571428571429,50,6,AAGGAGCATACCTGATTGGA,44,1601519
galSp,0.2857142857142857,7,6,AAGCTACAGGCTAGTGAGCT,1,1598652
galSp,0.7142857142857143,10,6,AAGCGCTAGGGATCATAGTT,4,1601782
galSp,1.4285714285714286,15,6,AAGACCCTTCCTAGCACCTC,9,1611844
galSp,0.5714285714285714,9,6,AAGAATCAATAATGCTGACA,3,1604168
galSp,1.0,12,6,AACGGATAAGAACCATACAA,6,1602395
galSp,0.2857142857142857,7,6,AACCTAAGGAGGGCTTTCGC,1,1613307
galSp,0.5714285714285714,9,6,AAAGAGACGGGTCTGGGAAC,3,1617766
galSp,0.7142857142857143,10,6,AAAACCAGCGGGAAAGAAAC,4,1603874
galSp,2.857142857142857,25,6,AAAAAGCGCGCTAGTGTGAG,19,1613513
galSp,2.5,19,5,TTTTATTTATCGAAGTGGTT,14,1607503
galSp,0.6666666666666666,8,5,TTTGATTTTGGGAGCCGGCA,3,1604055
galSp,2.0,16,5,TTGTTCGGATTCAGTTTGGT,11,1597108
galSp,0.6666666666666666,8,5,TTCTGGACATAACCCAATTA,3,1600112
galSp,1.1666666666666667,11,5,TTCTCGGGGTCAAATAATAT,6,1617415
galSp,3.3333333333333335,24,5,TTCCTCGCCTTCAAAAAGGG,19,1610409
galSp,3.6666666666666665,26,5,TTCCATGCCGAAAGTTCCTT,21,1618821
galSp,1.8333333333333333,15,5,TTATGCCATGCCAAAGTGTG,10,1600372
galSp,2.3333333333333335,18,5,TTATAGGCAACGAGTAAATT,13,1611483
galSp,3.8333333333333335,27,5,TTATAAGAACTTTTGGAACT,22,1605379
galSp,2.8333333333333335,21,5,TTAGACCTGGATCCGATTCG,16,1599135
galSp,1.1666666666666667,11,5,TTACTAAGTAGGTGGAATAG,6,1599522
galSp,4.5,31,5,TTACCGTTCTTCAACTTGGC,26,1612724
galSp,3.5,25,5,TTAATCTGCTGCATCTAAAC,20,1615287
galSp,1.5,13,5,TGTTCATTATGACCCTGTTA,8,1615613
galSp,0.6666666666666666,8,5,TGTGTTTCCTCGAGCACGGG,3,1611914
galSp,0.3333333333333333,6,5,TGTACTCAGCAGGCATCGTT,1,1618476
galSp,8.0,52,5,TGTACGTAGTAAAGCTAGTA,47,1614931
galSp,2.1666666666666665,17,5,TGGTCCGTCAAGGGGATCAT,12,1601953
galSp,1.0,10,5,TGGTATTGGTGTGACGGTCT,5,1609661
galSp,0.5,7,5,TGGGAGGTGGTTTTTGCCGG,2,1609569
galSp,0.5,7,5,TGCTGTGATCGGCTCCTGAG,2,1599287
galSp,1.5,13,5,TGCTCGCTGTAATGGGCTAC,8,1614567
galSp,2.3333333333333335,18,5,TGCCTACGTCCTAACCAGTG,13,1602198
galSp,1.5,13,5,TGCCCAGTAGGTGCTTCGGG,8,1595839
galSp,0.3333333333333333,6,5,TGATTTCTCTGCTACCTGCT,1,1619968
galSp,0.8333333333333334,9,5,TGATCGGCAAGTCCCATGTT,4,1609389
galSp,2.8333333333333335,21,5,TGACCCAGACGAGGTACTAT,16,1598464
galSp,0.3333333333333333,6,5,TGAAGCGTGGGCACAGAGGC,1,1597071
galSp,0.8333333333333334,9,5,TGAAATTCCATGAGTTCCAA,4,1606400
galSp,1.1666666666666667,11,5,TCTCCTCCCCCAAATTCGTG,6,1596355
galSp,1.1666666666666667,11,5,TCGTTCATCTTATTCGTACA,6,1615952
galSp,2.5,19,5,TCGAACGATACGCTACGGTG,14,1605489
galSp,20.0,124,5,TCCTTCGAATTGGTGTACTT,119,1618399
galSp,2.6666666666666665,20,5,TCCTTCACGCTCGTCTTGCA,15,1618364
galSp,2.0,16,5,TCCTGATCCCCGGGCTATAC,11,1605667
galSp,0.6666666666666666,8,5,TCCTCTACAGCGGGTTGCGG,3,1596540
galSp,1.0,10,5,TCCTCACATGGGCACGAGAC,5,1607837
galSp,3.3333333333333335,24,5,TCCGCTCAGATAGATCTTGC,19,1616596
galSp,0.5,7,5,TCCGCAACCTAGCATGCATT,2,1619327
galSp,0.8333333333333334,9,5,TCCCCAGACTTCCGAGTCAT,4,1600716
galSp,2.8333333333333335,21,5,TCCCATTTGTACTAATCAAT,16,1605705
galSp,3.3333333333333335,24,5,TCCCATTTAATATTCTGTCT,19,1614919
galSp,1.0,10,5,TCCCAGCGCGTGCATACGAG,5,1612712
galSp,0.3333333333333333,6,5,TCATGACTGCGGCCCTCAGC,1,1612145
galSp,0.5,7,5,TCATAAGGACTTTGATCGTT,2,1600218
galSp,1.6666666666666667,14,5,TCAAGCGCGAAGCTATGTCA,9,1603421
galSp,0.8333333333333334,9,5,TATTTAGAAGCTCTAGGCGG,4,1619085
galSp,0.3333333333333333,6,5,TATGTCGCCAAGTAAAGAGA,1,1605440
galSp,0.5,7,5,TATGGACGACCAAACTCACT,2,1600199
galSp,0.8333333333333334,9,5,TAGGAGGAATGTAACCTCTC,4,1604724
galSp,3.3333333333333335,24,5,TAGATTAAATCGCAAGCCCT,19,1611695
galSp,1.6666666666666667,14,5,TAGATGGATTAACCAATCTT,9,1620845
galSp,0.5,7,5,TACTAAAAACGCCGGGCTAA,2,1601946
galSp,2.1666666666666665,17,5,TACGTTGACCTTATACGAGC,12,1615143
galSp,14.166666666666666,89,5,TACGGTCAGAAAGTAGTTAA,84,1615241
galSp,4.166666666666667,29,5,TACCGGTGTCGCGACAGATA,24,1611220
galSp,0.5,7,5,TACATCTACTACGAGATTTA,2,1617196
galSp,9.0,58,5,TACATCCGTGTACAAGATCT,53,1618307
galSp,1.5,13,5,TAAGTTTCGCGTATCAGGGG,8,1611839
galSp,6.333333333333333,42,5,TAAGATTGAAGCACGCGTCA,37,1612401
galSp,0.8333333333333334,9,5,TAAGATAGTCGTGAGAGTTG,4,1613021
galSp,3.0,22,5,TAACGATCCATATATCCGAG,17,1596512
galSp,0.3333333333333333,6,5,GTTTCTTCTCTGTGGTTAAG,1,1603089
galSp,1.0,10,5,GTTAAGCAATCCCGCTTACA,5,1605272
galSp,2.6666666666666665,20,5,GTGTGAATCACAGGCTATGT,15,1599357
galSp,0.8333333333333334,9,5,GTGTACGGAGTGACATAACT,4,1609141
galSp,0.8333333333333334,9,5,GTGGAGTGAGAGTGTGACAT,4,1611792
galSp,3.5,25,5,GTGCCCACGCATTCAAAAGG,20,1618169
galSp,5.166666666666667,35,5,GTCGCAATACGTAGTTTATA,30,1615010
galSp,2.5,19,5,GTCCTAAATCAAACCTGTGC,14,1608420
galSp,3.8333333333333335,27,5,GTCCGGCGGCCGGAGCTCCT,22,1621530
galSp,0.6666666666666666,8,5,GTACTTACCGGCGTTTCTCT,3,1617985
galSp,0.3333333333333333,6,5,GTAATTTGCGCTGTGACCGA,1,1599996
galSp,2.8333333333333335,21,5,GTAAATTTGTACAGTGTGAA,16,1618267
galSp,12.166666666666666,77,5,GTAAAAATGACTGGGCAGGC,72,1620156
galSp,26.0,160,5,GGTTTGGACCAAGTACTTTA,155,1611126
galSp,0.6666666666666666,8,5,GGTGAACTTGACCTGAGCCC,3,1619058
galSp,3.8333333333333335,27,5,GGTCTCCATTCGAGTTATCT,22,1596594
galSp,1.0,10,5,GGTCGTCAAGAAGACTTCGG,5,1596845
galSp,12.5,79,5,GGTAGTGATTGCTATGGGCA,74,1602968
galSp,0.3333333333333333,6,5,GGCTTCTGTCTGCAGATCAT,1,1597668
galSp,0.3333333333333333,6,5,GGCGAGCAGCTTACTTAGTA,1,1621121
galSp,3.3333333333333335,24,5,GGCCTGAGTGGGATTCCAAC,19,1616250
galSp,1.5,13,5,GGCCGCCGTTTGTGGCTACT,8,1599907
galSp,4.166666666666667,29,5,GGCCCATTGACCTTAATACA,24,1605463
galSp,3.5,25,5,GGAGGGCACCTCGAGATTCA,20,1602714
galSp,0.6666666666666666,8,5,GGACTATGACAGGGTTCGTT,3,1614094
galSp,1.1666666666666667,11,5,GGAAAACATGTTTCCTTGGG,6,1606398
galSp,3.6666666666666665,26,5,GCTCGCATACGTTGAACCCT,21,1620396
galSp,0.6666666666666666,8,5,GCTCATACGTGCAGTCACTA,3,1610436
galSp,0.3333333333333333,6,5,GCTAGGGGTACAGATCGGCA,1,1609419
galSp,5.5,37,5,GCTAGACACAATCTCTAATC,32,1620830
galSp,1.5,13,5,GCGGGCGGTACGCTGACTTT,8,1609720
galSp,3.6666666666666665,26,5,GCGGATACCCGGACCAGCCC,21,1617099
galSp,1.5,13,5,GCGGAGTAATGGCGCTTAAC,8,1610893
galSp,1.5,13,5,GCGGAATCTGTTATCGCAGA,8,1601199
galSp,7.666666666666667,50,5,GCGCCTTACACATTGGGTAG,45,1613223
galSp,0.3333333333333333,6,5,GCGCATCGGCAAGTAGTAGG,1,1606009
galSp,0.8333333333333334,9,5,GCATGTAATGCGCATAGCTA,4,1613622
galSp,3.0,22,5,GCACTATGAAAAATCACTTC,17,1599817
galSp,0.5,7,5,GATCAACGTTTAACCGGTTA,2,1605896
galSp,0.5,7,5,GATAGTCGCCTTTCAGGCGG,2,1596693
galSp,2.8333333333333335,21,5,GAGTCCGACATATGGACGCC,16,1619903
galSp,3.5,25,5,GAGTATCGGTTAAATGTACT,20,1616479
galSp,2.3333333333333335,18,5,GAGGCCCACCACCTTCACAG,13,1600865
galSp,1.3333333333333333,12,5,GAGGACACTGGCGGTAGATA,7,1598684
galSp,0.5,7,5,GAGCGCTTGTGGCCAAGTCG,2,1621046
galSp,2.1666666666666665,17,5,GACTTGGCCCGTAGCTTAAA,12,1600784
galSp,1.5,13,5,GACGACATCAGGCCAGCCCG,8,1607613
galSp,1.0,10,5,GACCTAAAGCGGCGGGGCAA,5,1596386
galSp,1.0,10,5,GACCCTTGGGAAGGAGTTGC,5,1614966
galSp,3.8333333333333335,27,5,GACAGAGCTGGCCGGATATG,22,1601955
galSp,6.0,40,5,CTGTCGCAGTAACTCGTTTA,35,1616552
galSp,0.8333333333333334,9,5,CTGTACTCCTATCACACCAA,4,1612555
galSp,2.3333333333333335,18,5,CTGTAATGTTGCATATCTCT,13,1620730
galSp,0.6666666666666666,8,5,CTGGAGCATGACCACCTGCT,3,1599756
galSp,0.5,7,5,CTGAGCTTTATACTCTTTAG,2,1597786
galSp,3.0,22,5,CTGAAGTAGTGTTGTGCTAT,17,1610401
galSp,2.0,16,5,CTCTAGTGCAAATCCTCACT,11,1604053
galSp,0.3333333333333333,6,5,CTCTAAATAGCAATACCCTG,1,1617876
galSp,3.6666666666666665,26,5,CTCGGCCTCGATGTCAAATA,21,1602431
galSp,4.0,28,5,CTCGGAAATGGCGTCACGTG,23,1619569
galSp,1.5,13,5,CTCGCTTCAGATCTTTTAGC,8,1621494
galSp,2.0,16,5,CTCCGCGCATCCCCACCATA,11,1595442
galSp,1.1666666666666667,11,5,CTATTTGAATCGGTTGCCGT,6,1620731
galSp,4.333333333333333,30,5,CTATATGTTCTCAGCTGCCA,25,1610406
galSp,2.1666666666666665,17,5,CTAGACATATGTTGGTTTGT,12,1612115
galSp,2.5,19,5,CTACAGTTCAGTTAGGCACA,14,1610202
galSp,0.3333333333333333,6,5,CTAATTGTTTTCCTAAGGAG,1,1597350
galSp,1.3333333333333333,12,5,CGTTGGAGGCAGTTCGTTCC,7,1612826
galSp,2.5,19,5,CGTGTTCGTCATACCCTGTT,14,1605743
galSp,7.5,49,5,CGTCTTGGACCTCCTAATTG,44,1606799
galSp,0.5,7,5,CGTATACGGCGAGGACTGTT,2,1600877
galSp,3.6666666666666665,26,5,CGTAATCTGTGGCAATGGAC,21,1618574
galSp,1.6666666666666667,14,5,CGGTACTATCGTCCCGAGGG,9,1604192
galSp,7.833333333333333,51,5,CGGCTCGGCTGATCGTCAGC,46,1607846
galSp,7.166666666666667,47,5,CGGCGTGGAAGCGTTTCCAA,42,1604901
galSp,0.8333333333333334,9,5,CGGATGATGGCAGGCATATC,4,1619446
galSp,2.1666666666666665,17,5,CGGACCGTTCGTTATCAATT,12,1616199
galSp,0.5,7,5,CGCGTTCTCGGAACGCTAAA,2,1621459
galSp,1.1666666666666667,11,5,CGCCAGCTGCTAGGCGTAGG,6,1597131
galSp,2.5,19,5,CGCATGGCTGGCTCGGGAAA,14,1600858
galSp,1.0,10,5,CGCATCTGTGGAACGGAAGA,5,1604120
galSp,0.3333333333333333,6,5,CGATTACCTTCTGGGCGGTC,1,1601740
galSp,3.3333333333333335,24,5,CGAGTTTGTCATGGGCCCCT,19,1619436
galSp,1.0,10,5,CGAGCTGTGTGATTCATAGT,5,1606473
galSp,1.3333333333333333,12,5,CGACCATCAGCGCCATAAGT,7,1619742
galSp,2.1666666666666665,17,5,CCTTGTGTGCAGCGTGCATT,12,1615617
galSp,4.166666666666667,29,5,CCTTCCGGAATCGCTGTCGA,24,1601695
galSp,4.333333333333333,30,5,CCTGGTATACCTGATCGGCC,25,1597161
galSp,21.0,130,5,CCTGCGCTATTTGGTGAAAA,125,1603428
galSp,1.1666666666666667,11,5,CCTGATCGCAATTTATCCCA,6,1596536
galSp,0.5,7,5,CCTCCTGAGCAGGGATATTA,2,1618219
galSp,4.333333333333333,30,5,CCGGTCAGCGCGCTGATAAG,25,1607268
galSp,2.0,16,5,CCGGGCGTCTTTATTCCGTA,11,1617710
galSp,0.3333333333333333,6,5,CCGAGGTACGTTGGAAGATC,1,1597054
galSp,1.1666666666666667,11,5,CCGAGGGTCGTAAGAGATTG,6,1607396
galSp,0.5,7,5,CCGAGGGCCCTGGTACGCGT,2,1603212
galSp,1.1666666666666667,11,5,CCCGACCGAATTCCAGCTTC,6,1617165
galSp,2.6666666666666665,20,5,CCCCTATGTTGTCTCGCGGT,15,1619884
galSp,2.6666666666666665,20,5,CCCCCCAGTCGCACGGACGA,15,1597930
galSp,1.6666666666666667,14,5,CCATTGGTACCCAGGGGCTT,9,1597207
galSp,0.3333333333333333,6,5,CCAGACGGGCAACGCCCCGT,1,1617725
galSp,0.3333333333333333,6,5,CCAAGAAAGGGTAGAATGTC,1,1621359
galSp,0.6666666666666666,8,5,CATTTTTTTGAGGTAGCGAA,3,1614420
galSp,0.3333333333333333,6,5,CATTCGATAACGTCGTTTGA,1,1615192
galSp,2.1666666666666665,17,5,CATCTAGCGTTACGTCTGAA,12,1615940
galSp,3.3333333333333335,24,5,CATCCAGTGACGAAGAGGGA,19,1607524
galSp,0.6666666666666666,8,5,CATAATAAGGCGTCGGGTCG,3,1607999
galSp,1.6666666666666667,14,5,CAGCCAGCTGGGTACGATTC,9,1597943
galSp,0.8333333333333334,9,5,CAGAGGTTGCACCGCGCCAC,4,1615732
galSp,2.3333333333333335,18,5,CACTGAGGGGTTTGGACGAG,13,1602118
galSp,1.0,10,5,CACCACAGACCGTCCCCCCA,5,1598647
galSp,1.3333333333333333,12,5,CACAGAGCACTCGCTGACTT,7,1611562
galSp,1.3333333333333333,12,5,CAATCCTTAGTAGGCATATA,7,1602047
galSp,2.8333333333333335,21,5,CAAGTTAAAGCTAGCCGTGC,16,1618506
galSp,0.3333333333333333,6,5,CAAGTCTCTCGGAGAGCGTC,1,1606778
galSp,0.6666666666666666,8,5,ATTTTGTCGGACCACTACCG,3,1618816
galSp,0.3333333333333333,6,5,ATTTGGGTTCAGTTCCAGTG,1,1607058
galSp,3.5,25,5,ATTGTTTTACACACGAAAAA,20,1616302
galSp,0.6666666666666666,8,5,ATTGACACCGGACACTAGGT,3,1604659
galSp,3.6666666666666665,26,5,ATTAAAGCGTTATTAATCCT,21,1598847
galSp,1.0,10,5,ATTAAAAGTCAGACGGTTTC,5,1599912
galSp,2.5,19,5,ATGGCAATGTAGCCTTCAAA,14,1606501
galSp,1.1666666666666667,11,5,ATGGATGGACAAAGATTACA,6,1610477
galSp,1.0,10,5,ATGCCAACCCAACGTGTGAT,5,1618138
galSp,1.6666666666666667,14,5,ATCTAAATCACTATAGCAAG,9,1607129
galSp,4.0,28,5,ATCCACTGTGGTAATGGGGT,23,1617869
galSp,1.5,13,5,ATATTTGGGGATTGAATTTA,8,1608254
galSp,7.5,49,5,ATATGTCGAGTTCGTTAAGC,44,1620276
galSp,1.0,10,5,ATATGAGATGGGACAGGCCC,5,1616118
galSp,2.3333333333333335,18,5,ATACCCCACAACAAGCCTCT,13,1606371
galSp,1.8333333333333333,15,5,ATAATCTAGTGACATATTTT,10,1608600
galSp,2.8333333333333335,21,5,AGTTAGTGGGAATGTCCAAC,16,1607848
galSp,5.0,34,5,AGTGACCAATCGGCAGCCAC,29,1606195
galSp,0.3333333333333333,6,5,AGTCATAAACAGACGTAAGA,1,1608960
galSp,1.5,13,5,AGTAGGGTTACAAAGGATCA,8,1616401
galSp,1.1666666666666667,11,5,AGTAAGCACGTCAGGGTACA,6,1605427
galSp,5.0,34,5,AGGTGGTTATATCAGCTGCC,29,1596261
galSp,0.3333333333333333,6,5,AGGTGCATTATTCTGCTGTG,1,1615885
galSp,1.3333333333333333,12,5,AGGTCGGAGGGCTCTACGCT,7,1604054
galSp,1.8333333333333333,15,5,AGGGATCAAGGAAGCGCAAT,10,1609411
galSp,3.3333333333333335,24,5,AGCTCACACTGAACCCTCAC,19,1612237
galSp,4.333333333333333,30,5,AGCATCCGCTTCTTCGGCGT,25,1596819
galSp,6.166666666666667,41,5,AGCAATCACGAATTAACAGT,36,1597606
galSp,2.3333333333333335,18,5,AGAGCAATGGGATTTTGTCT,13,1613841
galSp,0.5,7,5,AGACGATGGCAAGTTGGTTA,2,1597670
galSp,1.5,13,5,ACTGACTCACTCATAAGCCA,8,1614605
galSp,10.166666666666666,65,5,ACTATAAGCCCTCGAGGTTC,60,1617667
galSp,1.6666666666666667,14,5,ACTAGCTAGTTACGGTGCAA,9,1608015
galSp,3.0,22,5,ACTAAGCTTCTTGCCTCTGA,17,1612532
galSp,1.5,13,5,ACGTTAGCAGCAGACACTGA,8,1606791
galSp,2.0,16,5,ACGTCCTCTGAAAAAAAATC,11,1611298
galSp,3.1666666666666665,23,5,ACGACAATGTAGTAGAGGGA,18,1603699
galSp,0.6666666666666666,8,5,ACGAAACTATCTGAGTACGC,3,1599268
galSp,2.0,16,5,ACCTCCTACTGCCCTATTGT,11,1604240
galSp,3.8333333333333335,27,5,ACCGCGATACATAATGTCCC,22,1616763
galSp,4.5,31,5,ACCGAACACTGAGCAAAGTA,26,1602967
galSp,3.0,22,5,ACCACTCGGTACTAAACGGT,17,1613072
galSp,0.3333333333333333,6,5,ACATCGGCTTCACAGCTCAT,1,1599035
galSp,1.1666666666666667,11,5,ACAGTGGAGAGAGCCTTGGT,6,1620262
galSp,2.3333333333333335,18,5,AATGGTACGCGGTAGCCGTC,13,1600305
galSp,3.1666666666666665,23,5,AATGGGTTTTGTCAGCAACA,18,1613761
galSp,1.8333333333333333,15,5,AATCTCTGTTTATGACTTGT,10,1604509
galSp,1.3333333333333333,12,5,AATCCCACTTTGTTATTCTT,7,1618687
galSp,1.1666666666666667,11,5,AAGTTTGGATCCGATTGGTC,6,1605804
galSp,0.8333333333333334,9,5,AAGTAGGGTGACATGTGTTG,4,1599243
galSp,1.3333333333333333,12,5,AAGCTTCGAGAGTCGCCCAA,7,1619935
galSp,0.8333333333333334,9,5,AAGCATAAAGTAATCTTCCC,4,1607979
galSp,1.0,10,5,AAGCACAGAAGGTTTCCGGA,5,1608397
galSp,2.1666666666666665,17,5,AAGAGATCTTCGGGATTGGT,12,1615746
galSp,1.5,13,5,AAGAGAGACCCTTTCTAGAG,8,1616435
galSp,0.3333333333333333,6,5,AAGAACGTCACTACGAATAT,1,1602464
galSp,0.3333333333333333,6,5,AACGCTGAGTGTTCAGCCAT,1,1603524
galSp,1.0,10,5,AACCGCGCATATATGTATGT,5,1611762
galSp,5.0,34,5,AACCCCGTCTCACCGAGAGG,29,1601936
galSp,1.1666666666666667,11,5,AAATTGATAAGATGGCCACT,6,1610773
galSp,3.6666666666666665,26,5,AAAGTTGCACCCATCCCATT,21,1616982
galSp,1.8333333333333333,15,5,AAAGAGGTGTTCAGGCATAA,10,1621379
galSp,0.8333333333333334,9,5,AAAAACAAATTCGAAAAGCC,4,1615750
galSp,5.6,31,4,TTTTCCGTGGGCATCAGAAG,27,1614048
galSp,2.2,14,4,TTTCTGTGGTGATCCGGCAA,10,1597629
galSp,1.0,8,4,TTTCTATCCTAAGATATTAG,4,1606527
galSp,0.4,5,4,TTGTTGTCGATGTACCCGAG,1,1609606
galSp,2.2,14,4,TTGTTCAGCTACCCTCGTGA,10,1619000
galSp,0.8,7,4,TTGTGGGACGTAGCCTGGGT,3,1609278
galSp,1.2,9,4,TTGCTGTTGGTTGAGGGATC,5,1600708
galSp,1.0,8,4,TTGCTGGGTATATCAGAGGA,4,1605723
galSp,0.4,5,4,TTCATGTTGCTTTCCGTCAC,1,1621243
galSp,4.0,23,4,TTCAACTTCTGGCCCAGACA,19,1602695
galSp,0.6,6,4,TTATGTGCTGGACGTTCCGG,2,1618296
galSp,1.4,10,4,TTAACGCGCTTCGTGTCAAT,6,1615816
galSp,0.8,7,4,TGTTGGATTATATCAATCTG,3,1604363
galSp,1.8,12,4,TGTTGCTAACAGTATCCGTG,8,1612327
galSp,5.8,32,4,TGTTAAGCATCCAGGGGTGT,28,1618824
galSp,0.8,7,4,TGTGTTCCCATGTTGAAATA,3,1601325
galSp,0.4,5,4,TGGTCCTAGCGTGTTTGTTA,1,1609465
galSp,3.6,21,4,TGGGGCGAACCCCGTAACCT,17,1596218
galSp,0.4,5,4,TGGGAACGGCGCCGCAGATA,1,1602500
galSp,0.8,7,4,TGGCCGTTATATGTTCACTT,3,1617054
galSp,1.4,10,4,TGGCCAGGGTGCCAGTGTTC,6,1614221
galSp,0.6,6,4,TGCTTTCGGTTCGATTCGTG,2,1615405
galSp,1.0,8,4,TGCGTTATTTCAGACTGTCT,4,1618239
galSp,2.2,14,4,TGCGGAACCATAGAGTGTCC,10,1612114
galSp,5.2,29,4,TGCCTCTCATATCACCGAAC,25,1598031
galSp,1.6,11,4,TGCCGGTTAGTATCCGTCGG,7,1606201
galSp,6.0,33,4,TGCCCCTGAATGACAGTCCC,29,1599729
galSp,2.2,14,4,TGCATGGTCTGATAGTTATC,10,1604338
galSp,1.2,9,4,TGATATTATGGGCAGTGTAG,5,1608257
galSp,0.4,5,4,TGAGTTTAGTAGGTAAATGG,1,1601773
galSp,1.8,12,4,TGAGGCTTCCTCGTCCGTGT,8,1597954
galSp,5.8,32,4,TGACGGTTGGAATCTCTTGT,28,1618766
galSp,9.8,52,4,TGACCCAGGTGTCTTCAGCC,48,1611130
galSp,1.6,11,4,TGAATCGCCCGTCCACAAGG,7,1600595
galSp,1.6,11,4,TGAAGAATCTCAAAGATATG,7,1598394
galSp,2.4,15,4,TCTACGCCTATTATATCCAA,11,1600374
galSp,2.8,17,4,TCGGTAAGTCAAGAGGAGGA,13,1614440
galSp,5.2,29,4,TCGGGACCGAGCTGCGGTTT,25,1616507
galSp,1.2,9,4,TCGGATCCTCGCGCCCGATT,5,1618752
galSp,1.4,10,4,TCGCTAGGTCTTGGCCACGG,6,1606190
galSp,8.6,46,4,TCGACATAACTTGGCTTGGC,42,1613430
galSp,3.2,19,4,TCGAAGAATTTTAATAGACT,15,1603051
galSp,0.8,7,4,TCCCGGAGGAAAGTCTGGCA,3,1600082
galSp,3.6,21,4,TCCATCAGCGCCTCATTGAA,17,1613143
galSp,2.0,13,4,TCATAGCTGTGGCCTGAAAG,9,1612911
galSp,0.6,6,4,TCAACGCTTGAGTCCACCGT,2,1607508
galSp,0.4,5,4,TATTGCAGTTTAGACCCGAC,1,1596127
galSp,1.2,9,4,TATCGCGGCAACGTGGTGAA,5,1601804
galSp,0.4,5,4,TATCCTCTAGGTGCCGTAAA,1,1614523
galSp,3.2,19,4,TATCATCCCTCTCAGAGTTA,15,1612660
galSp,2.2,14,4,TAGGTAGCGGGCTTACCTAG,10,1613769
galSp,1.6,11,4,TAGCTGGATAGCATTGGTAA,7,1619597
galSp,0.6,6,4,TAGCCATCATGAAATCCGTT,2,1601504
galSp,0.6,6,4,TAGCATCGCGATTCCCGACC,2,1595553
galSp,0.4,5,4,TAGACATCATGCTATATCGG,1,1609402
galSp,0.4,5,4,TAGAAGTCGGGAGTTGTCAC,1,1605028
galSp,1.6,11,4,TACGAACGAGACTTAATTCA,7,1595650
galSp,3.2,19,4,TAATATCGACTATTAAATCG,15,1596289
galSp,0.4,5,4,TAAGGGCTCGATTATCCAGC,1,1601778
galSp,15.8,82,4,TAACGGTCTTCAAGCGATTC,78,1613410
galSp,21.4,110,4,TAACGACACATAGGATACCC,106,1600070
galSp,4.4,25,4,TAAAATAACCGTCAGTGGCT,21,1617827
galSp,1.8,12,4,GTTTCAGAAACGCTGGCTCC,8,1606446
galSp,9.4,50,4,GTTTCAAGTTAGCAGCGCCC,46,1599356
galSp,0.4,5,4,GTTCTTGATCGTTAACCGAT,1,1599238
galSp,1.8,12,4,GTTCATATCTCGTGATCGAG,8,1618791
galSp,0.8,7,4,GTGGTAACGCCCGTATTATC,3,1612583
galSp,4.2,24,4,GTGCACCGGTCGCCCTATTT,20,1620310
galSp,1.0,8,4,GTGCAACAAGACAGAACGAG,4,1601477
galSp,1.4,10,4,GTCTTATAGCATTCTCGAAT,6,1598581
galSp,2.4,15,4,GTCTAGGGGGCGACCTTTAG,11,1619452
galSp,2.2,14,4,GTCATTTGCATCTGCGTAAG,10,1607803
galSp,4.6,26,4,GTCAAAAGTGGTGGTAGAGT,22,1600029
galSp,5.4,30,4,GTATTTCGATGCTTACCTGG,26,1605235
galSp,0.6,6,4,GTATGTCTCGACTTAAGGCT,2,1600223
galSp,15.8,82,4,GTATGCATGACGTGCGCGCC,78,1620639
galSp,2.0,13,4,GTATCAGTTATTTTACACGA,9,1611079
galSp,2.2,14,4,GTAGTGTGTTCGAGTGGCAA,10,1598095
galSp,2.6,16,4,GTAGGGCGAGCCAGCAATTG,12,1598025
galSp,1.6,11,4,GTAGCCCGTGTTTCGGTGCG,7,1621345
galSp,0.4,5,4,GTAAGCACTCCGCTCTCAAT,1,1605106
galSp,0.4,5,4,GGTTACTTCCGTCGAGAGAG,1,1613212
galSp,1.2,9,4,GGTGACGTGCTGATGACATT,5,1598458
galSp,0.8,7,4,GGTCTGGCCCACCCGGAGGT,3,1598873
galSp,2.2,14,4,GGTCCAAGAGCAACTATTAA,10,1608472
galSp,1.0,8,4,GGCTGAGTTGCGGGACGAAA,4,1619932
galSp,2.6,16,4,GGCTATTATGTAGTTGGGGG,12,1605403
galSp,1.6,11,4,GGCAGGTTTGGTTTCAACCG,7,1610492
galSp,0.4,5,4,GCTGAACAACACGACACAGC,1,1599609
galSp,2.2,14,4,GCTCTCATTGTAAAATATTT,10,1598696
galSp,0.8,7,4,GCTCGGAGATATGCGGCGTG,3,1610185
galSp,0.4,5,4,GCTCGCCCCATGCGCTAGAC,1,1603847
galSp,1.0,8,4,GCGCGTTAAGTTCATTCATG,4,1596753
galSp,1.6,11,4,GCGCAATCGTCATTTCAGAT,7,1610685
galSp,0.4,5,4,GCCGCGTCGAGTGGCAGGAA,1,1614238
galSp,4.2,24,4,GCCCCCTGACAAAAGTTTAT,20,1604899
galSp,1.2,9,4,GCATAGGCGCATTTGTCGGT,5,1605381
galSp,58.0,293,4,GATTGACTACAGGTAGTTAA,289,1612847
galSp,0.8,7,4,GATGCTTCTTCACCAGGTAG,3,1596541
galSp,3.4,20,4,GATCCGTCGCCCGCATGGGT,16,1597948
galSp,0.6,6,4,GAGTTACATAGTTCCCGAGA,2,1599087
galSp,5.4,30,4,GAGTGCAACGCGATGTTAAA,26,1621565
galSp,1.2,9,4,GAGTCACTATCAAACGGTGG,5,1599319
galSp,2.6,16,4,GAGGGTATAAAGTGAGCCCC,12,1610454
galSp,0.4,5,4,GAGGATTTTACGTTGTACCA,1,1609963
galSp,0.4,5,4,GACTTGCTATTCGGTCCCTA,1,1601022
galSp,5.6,31,4,GACTCAGGGCGCACTATTAC,27,1620566
galSp,3.0,18,4,GACGGTACGGGGCGCTTCCT,14,1611518
galSp,5.8,32,4,GACATCCAGCTGGCACCAGG,28,1621020
galSp,3.2,19,4,GAATTTAAGGCCCCGAGATG,15,1602342
galSp,0.4,5,4,GAATTAGATCGTATATCATT,1,1613386
galSp,4.8,27,4,GAATCGTGGTTGGTTCAAAG,23,1614347
galSp,0.4,5,4,GAATCCCTCTCGTAGGAGTT,1,1611013
galSp,4.8,27,4,GAAGCCTTCTATTCGTGAGA,23,1598021
galSp,0.8,7,4,GAACTAACCGTCCTCCGCCA,3,1607224
galSp,2.6,16,4,GAAACCAACCTTCACCGGTC,12,1610085
galSp,1.0,8,4,GAAAAACATACAGGATGTTC,4,1619533
galSp,2.0,13,4,CTTCTTGTCTTACACGCCGT,9,1609443
galSp,1.0,8,4,CTGTAGGTTTTGCGGAAGGT,4,1596144
galSp,2.6,16,4,CTGGTCCAAGCTGGTTCCAC,12,1614696
galSp,4.8,27,4,CTGAATGGCCCTTACCGGCA,23,1611919
galSp,0.4,5,4,CTCTCCCCCTCGTTAACGGT,1,1617274
galSp,2.0,13,4,CTCGATGGACGGGGGACGTT,9,1612944
galSp,4.0,23,4,CTCCTCAATACTGGTTTGTT,19,1598238
galSp,4.4,25,4,CTCATTTAGCTGTGTATTTA,21,1610352
galSp,4.0,23,4,CTAGAGACCGGGGACAGGAC,19,1620559
galSp,1.4,10,4,CTACTCCTCTCCCCTTTTAC,6,1603129
galSp,1.2,9,4,CTACGAGAGCCGCCAGCTGA,5,1599655
galSp,0.6,6,4,CTAAATGAACCCTCAGCCCT,2,1603018
galSp,1.0,8,4,CGTGTTATACATGCTGCGCG,4,1603151
galSp,1.0,8,4,CGTGTGGCGGGATTTGAACT,4,1598648
galSp,2.0,13,4,CGTCGTTCCCGACGAAATTT,9,1618491
galSp,5.8,32,4,CGTCAGCGTCGCGTGCCCGA,28,1616188
galSp,0.4,5,4,CGGTGCCACAAGCGGGATAA,1,1613646
galSp,3.0,18,4,CGGTAATCTCCCCTAATGCA,14,1616814
galSp,3.4,20,4,CGGGTTTTTTCATTGTCCTC,16,1609112
galSp,4.0,23,4,CGGGCCACACCTGGCCGCAT,19,1618473
galSp,0.4,5,4,CGGAAAAACAATTACGATTT,1,1617142
galSp,1.0,8,4,CGCTGAATGGTATATCGTTT,4,1618178
galSp,2.6,16,4,CGCTCTTATTGCATTTTAGT,12,1609212
galSp,2.0,13,4,CGCAATGTCCCTTTGTAGTG,9,1619293
galSp,0.4,5,4,CGATAGAGGCGGCAGGCATT,1,1600706
galSp,0.4,5,4,CGAGCGGATTTTATCAAAGA,1,1602877
galSp,1.2,9,4,CCTTTTGTATTGGATTGGTA,5,1615629
galSp,3.2,19,4,CCTTGGGCTAGCGGCATACA,15,1599932
galSp,1.0,8,4,CCTGCATGTATACTTGCTTC,4,1602077
galSp,4.8,27,4,CCTCTCATAATATAATAACC,23,1595895
galSp,1.8,12,4,CCTCAGGCTTACCCGCACCT,8,1612564
galSp,0.4,5,4,CCTCAGAGGAAAGCGGAGCA,1,1615463
galSp,0.4,5,4,CCTCACTATGTACTTTTTGA,1,1605289
galSp,5.0,28,4,CCTCACTAATCTGTCTGAAT,24,1611625
galSp,0.8,7,4,CCTACCCGACTAATTGACTT,3,1599185
galSp,1.6,11,4,CCTAATTCAAATCTGCTCGT,7,1606348
galSp,0.4,5,4,CCGTCCAGTTCGGTGTCCGA,1,1617024
galSp,4.8,27,4,CCGTAACAACGAGTGGGCCG,23,1620950
galSp,0.8,7,4,CCGCTGGAGAGGGGGAGAGT,3,1611182
galSp,2.2,14,4,CCGAGTGGGAATGGGTTCCT,10,1614686
galSp,1.6,11,4,CCCTAGCATGGATACCAACG,7,1615022
galSp,8.2,44,4,CCCGACGTAGTGGGAAAGGA,40,1597676
galSp,2.6,16,4,CCCAGTGCATGGCGCCCGGT,12,1603933
galSp,0.4,5,4,CCCACATGCTGCAAGTCACA,1,1605205
galSp,8.4,45,4,CCATGCCTGTTCTGTTAACT,41,1608699
galSp,1.0,8,4,CCAGATCAAATCGATACTAT,4,1610845
galSp,1.2,9,4,CCAATGGATGTTTGCAATGT,5,1610253
galSp,0.4,5,4,CCAACAGGTTTCATGTATAG,1,1615948
galSp,0.8,7,4,CATGTCCGCGGCATAAGCTT,3,1599613
galSp,3.2,19,4,CATGACCCAGGAGCGCCAAC,15,1617224
galSp,3.4,20,4,CAGGAATTGGCCTTCTTATA,16,1604819
galSp,1.4,10,4,CAGCGCCATAGTCAGGTTCT,6,1599927
galSp,0.6,6,4,CAGCCGCACCCAAGAAGTCT,2,1599450
galSp,18.8,97,4,CAGACGTTGCATATGATTCA,93,1605758
galSp,0.4,5,4,CACTCGCGGGCTCTATACGC,1,1598468
galSp,0.6,6,4,CACACGTCGGACACGGAGGC,2,1595335
galSp,1.6,11,4,CAATGGCTGAGGGACTCGCA,7,1601131
galSp,0.4,5,4,CAAGCAGTGGCCCCGAAATA,1,1616758
galSp,3.6,21,4,CAAGAATCACCGTCACGTTA,17,1616160
galSp,1.6,11,4,CAACTTCCAGTTTACTGTAA,7,1606883
galSp,3.4,20,4,CAACAATCAGGAGATTTAAA,16,1621241
galSp,3.0,18,4,CAAAGTACTGGCGATCAATC,14,1614282
galSp,2.2,14,4,CAAAAGCAATCGCCCCTTAA,10,1610487
galSp,1.4,10,4,ATTTGATAGGTATCATGCGG,6,1607768
galSp,1.4,10,4,ATTTCGATCGCCTATGTCCC,6,1612730
galSp,2.8,17,4,ATTCTTCAAGAAGATACTGC,13,1599999
galSp,0.6,6,4,ATGGTCGCAGGTTAATAAGA,2,1619717
galSp,0.4,5,4,ATGCTTCCTGTGAGGGGTTG,1,1609237
galSp,0.4,5,4,ATGAGCATTATATACGCGAT,1,1619300
galSp,1.0,8,4,ATGAAGAGCCCGCCTCCAGT,4,1608350
galSp,1.2,9,4,ATCCGGAACTTGCTTAGGTC,5,1595707
galSp,5.8,32,4,ATATTTATATCAGAGCGTCT,28,1603079
galSp,5.4,30,4,ATATTATATGTCTACGTTTA,26,1616058
galSp,0.6,6,4,ATATCGCCACCATCCAGCCA,2,1613488
galSp,2.6,16,4,ATAGTGATTGACAAAAGGCG,12,1605165
galSp,3.0,18,4,ATACTGAAGTTTCACCTGGG,14,1616372
galSp,3.6,21,4,ATACTACGCTGAATGATTCC,17,1610171
galSp,4.6,26,4,ATACCTGATAGAGGACATCC,22,1614113
galSp,5.8,32,4,ATACAAAAGACATAATTGAG,28,1603375
galSp,0.6,6,4,ATAACCCGCCCATTCCGCTA,2,1597525
galSp,2.0,13,4,AGTTTAACGTTTCCATAGGT,9,1620869
galSp,1.8,12,4,AGTTGCCCTAGTTCAGGCAA,8,1609988
galSp,0.4,5,4,AGTGCAAAGAACATAATGAG,1,1596889
galSp,3.4,20,4,AGTCATTCTTTAGCCCCGCA,16,1612361
galSp,0.6,6,4,AGGTGGTAGCCAACATTTAC,2,1600308
galSp,0.4,5,4,AGGTCTCCTATTTAGCTAGG,1,1604294
galSp,2.0,13,4,AGGCGTTTACACGTGATGTC,9,1596788
galSp,0.6,6,4,AGGAGCAGTGCGAGTATGCC,2,1598611
galSp,0.4,5,4,AGCGTCGTCACCGCTTTATG,1,1613925
galSp,0.4,5,4,AGCCTAGCCGCATTTTGAGC,1,1608892
galSp,0.6,6,4,AGCCTAGAATAACTAAGATA,2,1616717
galSp,3.4,20,4,AGAGGAAATGCATTGTGACA,16,1603758
galSp,6.0,33,4,AGAGATCAGTCGACCCTGCC,29,1598185
galSp,1.4,10,4,AGACGCCCGCAGCCGCTTAG,6,1596358
galSp,3.8,22,4,ACTGATACAGACGCGCCAAA,18,1619917
galSp,0.4,5,4,ACGTAGGCGCCAAGGGGACT,1,1604299
galSp,2.0,13,4,ACGCATAGCGCACCGTTGCG,9,1606925
galSp,0.8,7,4,ACGATCGAGAGGTCTTTGGC,3,1599467
galSp,1.0,8,4,ACGAATTGATCCCTTCATGA,4,1607650
galSp,9.6,51,4,ACCTAGTAGGACGCTCAATA,47,1608045
galSp,0.4,5,4,ACCCGGGCCTCTACGGCGGT,1,1611391
galSp,15.4,80,4,ACCCGCGTCAAGATCCGGTA,76,1617674
galSp,5.4,30,4,ACCAGAGGCACTGTGGCCTT,26,1599461
galSp,0.4,5,4,ACCACTGGCACATTTGAGCA,1,1601052
galSp,1.0,8,4,ACATACGACAGCCTCCATCA,4,1604028
galSp,4.0,23,4,ACACCAATGTCTGACTTACT,19,1618603
galSp,0.4,5,4,ACAAGATAAAGCACGTGGTA,1,1602185
galSp,4.6,26,4,AAGTCGATCCGGAATGGAAA,22,1616096
galSp,4.4,25,4,AAGTAAGGCACCGGCTACAC,21,1619014
galSp,4.0,23,4,AAGGGGGGGTTCACGTCCGA,19,1619664
galSp,2.4,15,4,AACTGAACGAGGCGAACAGG,11,1607951
galSp,1.4,10,4,AACGTGGTGGCGGAAGTAGC,6,1600458
galSp,1.4,10,4,AACGTCGAGTTATTGCTGGT,6,1617191
galSp,0.6,6,4,AACGGCCTAAAGCCACCATA,2,1619138
galSp,3.2,19,4,AACCTGGATAGCATCTCGTT,15,1607340
galSp,2.2,14,4,AACCATGTAGCTCCATAACT,10,1618565
galSp,4.0,23,4,AAATCTTTGTACAGTGATTT,19,1604356
galSp,1.2,9,4,AAAGTCTATCATTTCGATTG,5,1611573
galSp,4.8,27,4,AAAGGCGCCCTGATAATCGG,23,1615864
galSp,2.4,15,4,AAAGATGGTGCCCCATGAAT,11,1595733
galSp,1.6,11,4,AAACCAGCGTCGCCTGATGC,7,1604941
galSp,4.4,25,4,AAAAACCGGGTCTGGACACG,21,1618935
galSp,13.0,54,3,TTTTGTGCTCATGCTATATA,51,1595593
galSp,0.5,4,3,TTTTAAGGAGGCCTACGCAA,1,1600323
galSp,2.0,10,3,TTTGTCGGGTTGAATGCGGT,7,1619044
galSp,2.5,12,3,TTTCGTCCGCGCTGTCAATA,9,1608330
galSp,0.5,4,3,TTTAGGTGCGTACAGGGTCA,1,1606103
galSp,0.75,5,3,TTTAGGAATTCAAGTGGCGC,2,1619514
galSp,0.5,4,3,TTGGTTTATGTATCATCTGT,1,1604247
galSp,0.75,5,3,TTGGTCTAGATTTACTGGAA,2,1620935
galSp,2.75,13,3,TTGCATTGCCGCCTCTACGG,10,1618776
galSp,3.75,17,3,TTGAGGCACGCCGGCAATTT,14,1601111
galSp,3.0,14,3,TTGAGGAGTGTTTAGGGGCA,11,1605448
galSp,0.5,4,3,TTCTTCAAGGAGGGCAAATT,1,1599080
galSp,1.75,9,3,TTCTGGTACGACGCACGTGC,6,1596036
galSp,0.5,4,3,TTCTCCGGCAGGTGCTGTGG,1,1600944
galSp,0.75,5,3,TTCTATCCACCCAGCGGATT,2,1616415
galSp,2.25,11,3,TTCGGATCCCAGTTACTCAC,8,1604841
galSp,0.75,5,3,TTCCGCACGTGACTGTAGGT,2,1602839
galSp,4.0,18,3,TTCACAGAGTCAAACTCCTA,15,1607974
galSp,0.75,5,3,TTAGTAGGTGCAAGCAAGGA,2,1619007
galSp,1.75,9,3,TTAGGCTGTCCGTGCTTCCC,6,1598006
galSp,3.0,14,3,TTAGAGATTTTGTTGCCTCT,11,1613766
galSp,13.5,56,3,TTACTTACCAGTAACTCCTA,53,1610916
galSp,1.75,9,3,TTACTCAACGCCGAAAGATA,6,1610654
galSp,2.75,13,3,TTACGTGCGCTCTCACCTAG,10,1618189
galSp,0.75,5,3,TTACCTATTCGAGTCTCTCC,2,1615604
galSp,0.5,4,3,TGTGTTTGCAATGGTCAAGT,1,1604162
galSp,4.5,20,3,TGTGGTCGTGGGCTCGGGGA,17,1601596
galSp,5.5,24,3,TGTGCATCATTTTACATTTC,21,1602023
galSp,2.5,12,3,TGTCCGTGGAGTGAGTGCGC,9,1612871
galSp,0.75,5,3,TGTCACACCGCAACAAAGAT,2,1599350
galSp,0.5,4,3,TGTAGGTTTACTTTTGAGGC,1,1596372
galSp,1.75,9,3,TGTACTTGTGTTCCTAGTTG,6,1607067
galSp,2.75,13,3,TGGGCTTGGGACGCACGCGA,10,1607934
galSp,3.5,16,3,TGCTGTTCAAGTACGATAAC,13,1611460
galSp,0.75,5,3,TGCTGTGGGCCATGCGAGAA,2,1616235
galSp,0.75,5,3,TGCTCTACCAGGTTCTCTCT,2,1609966
galSp,2.0,10,3,TGCGATCCAGGACCAGATTG,7,1618664
galSp,0.5,4,3,TGCCCAAGTTCACCTGAAGT,1,1598418
galSp,8.5,36,3,TGCATTGAGCCGCGGACTGT,33,1617597
galSp,1.75,9,3,TGAGTACTGACAAAGTGCGG,6,1606972
galSp,2.5,12,3,TGAGAGTCTTCGACCACCCA,9,1599958
galSp,4.0,18,3,TGACTCTTTCGAACCATCAA,15,1607690
galSp,3.0,14,3,TGACGGTATGGGCGGGGGTG,11,1609393
galSp,5.5,24,3,TGACGCAACTCCCGAAACTC,21,1610184
galSp,7.25,31,3,TGAATCAGCGCCAACGTTGT,28,1601551
galSp,2.0,10,3,TGAAGAGGTGTGGGGTTGTT,7,1611580
galSp,0.75,5,3,TCTTACGAGCGATAACTAAT,2,1599139
galSp,0.75,5,3,TCTGATGACTTTAGTCAGAG,2,1620684
galSp,4.0,18,3,TCTCTGCTTGCTACGCAGCC,15,1609431
galSp,8.0,34,3,TCGTGACAACCCTCCTCACA,31,1621393
galSp,1.5,8,3,TCGTCCTTCCGCGGCCAGTA,5,1600876
galSp,7.75,33,3,TCGTATTCATTTTAACGCAA,30,1615945
galSp,2.0,10,3,TCGGATGGGAGGTATCCCGT,7,1609208
galSp,1.5,8,3,TCGCGTCACACCCCCCTAAG,5,1609223
galSp,4.75,21,3,TCGCGCGTCCCACTACGTTG,18,1607773
galSp,2.5,12,3,TCGCAACGTCTTGTTGTATT,9,1602783
galSp,3.0,14,3,TCGATGTAATTTTTACGTTA,11,1604609
galSp,3.5,16,3,TCGAGGCGCGATTCCCGCGT,13,1613434
galSp,8.5,36,3,TCCTGTTGTCGAGTTATCGA,33,1611123
galSp,1.5,8,3,TCCTGGGCAAGCGACAGTAC,5,1616902
galSp,7.0,30,3,TCCTCGATCTGCGTGGAAGA,27,1615129
galSp,5.25,23,3,TCCGCGGTTGCTATAATGTG,20,1612963
galSp,1.0,6,3,TCCCAAATTGCGCATTGCCA,3,1608624
galSp,0.75,5,3,TCCAGGCGACGAGTGCGAGA,2,1599726
galSp,1.0,6,3,TCCAATTGATACAAAACTAT,3,1605240
galSp,3.0,14,3,TCACGCTTATTTCCCACGAG,11,1613983
galSp,3.5,16,3,TCACCCCTCCCGGCCGCATT,13,1612536
galSp,2.25,11,3,TCAATAACGGTTGTGAACCT,8,1610934
galSp,1.5,8,3,TATTTGTTACCTTATTGCTT,5,1611060
galSp,8.5,36,3,TATTTATTATTCGAAGCACA,33,1599360
galSp,4.0,18,3,TATTACTATTCTGTAGGTTA,15,1605271
galSp,5.25,23,3,TATAGTCGCCTCATGTTTGA,20,1609062
galSp,6.75,29,3,TATACCAACAACTAAGGGGC,26,1604672
galSp,2.25,11,3,TAGTTCATTACCCATGCGAC,8,1603681
galSp,3.25,15,3,TAGCTTAAAGCAGTCAGAGG,12,1595488
galSp,4.25,19,3,TAGAAATAGCCAACGAGCGT,16,1605383
galSp,5.5,24,3,TACTACTCTAGGGTCAATGG,21,1610586
galSp,0.75,5,3,TACGCAGATGACATGCGCGA,2,1595955
galSp,7.25,31,3,TACAGTGAGCCGTCAAAGCT,28,1606068
galSp,13.0,54,3,TAAGCGTGAAATATAACCCT,51,1618592
galSp,3.25,15,3,GTTGTACATTCATAGGGTTT,12,1611728
galSp,5.75,25,3,GTGGGACAGGGGGTTTTACA,22,1598190
galSp,1.0,6,3,GTGCGTTTGCCCCACACTAC,3,1606975
galSp,11.0,46,3,GTGCAATGTGGCGATTTAAA,43,1603622
galSp,2.5,12,3,GTGAAGGATTGTGGCGAGTC,9,1607059
galSp,1.5,8,3,GTGAACACGTAGTATTGAGA,5,1614622
galSp,3.5,16,3,GTCTGATACTCGTGGATTGC,13,1612076
galSp,2.0,10,3,GTCCCGAATGACCGGGGCTA,7,1595935
galSp,1.75,9,3,GTCAGCTTGTAACGGACGGC,6,1612825
galSp,0.5,4,3,GTATGAACCCTATTTGCGAA,1,1619897
galSp,0.5,4,3,GTAACGCCAGACTGCTTCTT,1,1610323
galSp,3.0,14,3,GGTGACGCCCATCAAATGCA,11,1606706
galSp,0.75,5,3,GGGTGGCCGAAAGCTGGTTT,2,1606294
galSp,1.25,7,3,GGGTGATCCCAGAATCAATT,4,1618540
galSp,4.25,19,3,GGGGCGACGTTATTACTAGG,16,1617852
galSp,1.75,9,3,GGGCGAGCTTCACCGCGCCG,6,1615791
galSp,3.25,15,3,GGGCACTTATTAGCTCAGTC,12,1601073
galSp,6.0,26,3,GGCTCGACAGTGGTCCGAAT,23,1614916
galSp,3.25,15,3,GGCGTGTGTGATAGGGTGGC,12,1604761
galSp,1.5,8,3,GGCCTGTTCGTTATATAGAT,5,1609683
galSp,3.75,17,3,GGCCCAATACAAGGCTTTTC,14,1606773
galSp,3.5,16,3,GGATTACCGTCGATCGGGGT,13,1601421
galSp,1.5,8,3,GGACCCGACGTGGTACCAGT,5,1616668
galSp,7.25,31,3,GGAAAACATGGTAGATACGC,28,1600214
galSp,1.5,8,3,GCTTTGCCCCGCTGATGTAG,5,1610702
galSp,1.0,6,3,GCTTGACCAGACGTGAGGTG,3,1610507
galSp,0.5,4,3,GCTTACTAATAGTCGAACTC,1,1609460
galSp,0.75,5,3,GCTAGGGTGTCACGTAGAGG,2,1612206
galSp,0.5,4,3,GCGGGACTGGCCGGGGCCGA,1,1618514
galSp,1.75,9,3,GCGGCTCAATTTAACTCTGG,6,1620771
galSp,1.5,8,3,GCGGCCGTCCGCAAATGGCT,5,1613354
galSp,1.25,7,3,GCGCTCCAGGCGCCCTAGCA,4,1602806
galSp,2.75,13,3,GCGCGCATAAACTTGCACTG,10,1609517
galSp,2.25,11,3,GCGATTCAGGGGGAAGCTGA,8,1601997
galSp,2.0,10,3,GCCGGTGTACCTGGGCCTCC,7,1601283
galSp,2.0,10,3,GCCGATGTCACGCAACCAGT,7,1601980
galSp,5.0,22,3,GCCGACACGATTCCTTTGAT,19,1614348
galSp,4.75,21,3,GCCCTGTTCAAGTCTGTTGG,18,1599556
galSp,2.75,13,3,GCCAACAACTCTAGCACCTA,10,1601873
galSp,4.0,18,3,GCATATCCTATCTTTAGGAC,15,1600067
galSp,1.5,8,3,GCAGAGCATAATGTTCGGGT,5,1608248
galSp,39.5,160,3,GCAGAGATCGTGCGTGTCAA,157,1601711
galSp,0.5,4,3,GATTCGTGTCCCCTATTGGA,1,1613743
galSp,1.0,6,3,GATTCGTACGGAAGGACTGA,3,1615632
galSp,4.25,19,3,GATGGAGTGGTCGGAGTTCA,16,1619410
galSp,0.5,4,3,GATCTCAATGTGAAGCACAC,1,1608179
galSp,0.5,4,3,GATCGTTGAACGCTCAAAAT,1,1611644
galSp,7.25,31,3,GATCCTAACCGCGCGTTAAG,28,1620990
galSp,0.5,4,3,GATCAAAGGTTCCAGAGTTA,1,1599709
galSp,0.5,4,3,GAGTTCCATAGGCTCGCGGC,1,1604717
galSp,3.0,14,3,GAGTGCTTCCTGTTTGTCTG,11,1596765
galSp,3.25,15,3,GAGTACGAATCTTTATTGAA,12,1611991
galSp,2.5,12,3,GAGGGTTATTTCAAGACATA,9,1611046
galSp,2.0,10,3,GACTGTGTCATTGTGTTCAG,7,1600392
galSp,1.0,6,3,GACTCGGCAGCCATCGGAGG,3,1608950
galSp,0.5,4,3,GACCGACTCACCTCCTGTAT,1,1605647
galSp,2.5,12,3,GACACCCAGAGATGCGGATC,9,1608885
galSp,0.75,5,3,GAAGATACGCTCTGATACGA,2,1612179
galSp,37.0,150,3,GAACTTAGGCATACTGTTGT,147,1612854
galSp,0.5,4,3,GAAATCTTCAGTGGTCCCGA,1,1606043
galSp,1.75,9,3,CTTTCGAGCTCGTTCACCCT,6,1596944
galSp,5.0,22,3,CTTGGACATGATGGTTAGCT,19,1600297
galSp,0.75,5,3,CTTCTCACAAGGGAGCAACA,2,1597263
galSp,0.75,5,3,CTTAGTGGGACGCCGTGCCT,2,1601535
galSp,0.75,5,3,CTTAGATCATACACGGCCCC,2,1604852
galSp,6.75,29,3,CTTACTACTTTTAATACACT,26,1599523
galSp,1.5,8,3,CTGTTTTACTCTGCGAGTGA,5,1603264
galSp,1.75,9,3,CTGTCGTGCTTGGAGAACGG,6,1621420
galSp,1.75,9,3,CTGTATCTTAGCATGGGTCA,6,1611913
galSp,5.25,23,3,CTGCCAGAAGCCAAGCAGCA,20,1597356
galSp,6.25,27,3,CTGATCAGGTCCGGTCCAAA,24,1607582
galSp,1.25,7,3,CTGAAAACTGCTGGAAACAA,4,1615314
galSp,4.0,18,3,CTCGAGGGAAGCTCTCAGGC,15,1604009
galSp,1.25,7,3,CTCCTTTACCTTTGACACGT,4,1620119
galSp,3.25,15,3,CTCACACGTCGAGCATTTAA,12,1595746
galSp,0.5,4,3,CTAGCAATAGTCAGATCCTA,1,1597772
galSp,3.0,14,3,CTAACATCGAATTCAAAATC,11,1604785
galSp,2.75,13,3,CGTTTGGATCTCATATAGTC,10,1612077
galSp,0.5,4,3,CGTTCGGAATAGAACCAGGA,1,1602596
galSp,3.75,17,3,CGTTCGATTAGCCCTTTACT,14,1602961
galSp,6.75,29,3,CGTGATTGAAGGCAACCGGT,26,1610583
galSp,2.0,10,3,CGTGAATGATTGCGCAAGTA,7,1604848
galSp,1.75,9,3,CGTCGATCGCCCGTATGCAT,6,1608857
galSp,21.0,86,3,CGTAGCTCTGCATAGGCCGA,83,1612844
galSp,1.5,8,3,CGCCACTGATAATGACCATT,5,1612500
galSp,2.75,13,3,CGCAGCGGGCGTGTCCGGAA,10,1601456
galSp,3.0,14,3,CGCAATGTGTGCCCCTCGAT,11,1608548
galSp,1.25,7,3,CGATGTATGTTTTCTTAGGC,4,1598339
galSp,1.75,9,3,CGATATCTCTCGGATTGGGC,6,1615865
galSp,0.5,4,3,CGAGCTCGTAACGGCATCTA,1,1617303
galSp,7.0,30,3,CGAGCCAACTACAAGCTGGC,27,1611148
galSp,0.5,4,3,CGAGACAGTTACCAAGACGA,1,1614183
galSp,2.25,11,3,CGACGCCGGCGAAGCTTAAT,8,1615585
galSp,2.5,12,3,CGACACCCGAGGGATAGATA,9,1613418
galSp,1.0,6,3,CGAATAAATAGTCGTATAAG,3,1605074
galSp,5.0,22,3,CCTTTTGATCTCGGTTCCAC,19,1610252
galSp,1.0,6,3,CCTGCATTTGATTAATGTGT,3,1610956
galSp,1.0,6,3,CCTCTCTTTTGGTGTTAGTC,3,1621391
galSp,2.25,11,3,CCTAGTGCATGCGAGGCCCG,8,1605972
galSp,2.25,11,3,CCTACACATGCCACTCCAAC,8,1596726
galSp,4.25,19,3,CCTACAAAGACAGAGGGGAG,16,1620679
galSp,1.75,9,3,CCGTATATGTTGCCTCTGTC,6,1612351
galSp,2.5,12,3,CCGCTTAGCGTCTCGGATAT,9,1601101
galSp,123.75,497,3,CCGCTCTATACTAGCTCGCA,494,1612861
galSp,3.5,16,3,CCGAGCCCTAGTCAATACGT,13,1600582
galSp,2.75,13,3,CCCTTTATCAAGCTCAGGAT,10,1616772
galSp,3.25,15,3,CCCTTTAAATGATTGAGTGT,12,1606051
galSp,2.5,12,3,CCCTACAGTTGTCCTTAATG,9,1601417
galSp,32.5,132,3,CCCCTGTTGGCCGTAGATGA,129,1620987
galSp,1.75,9,3,CCCCTCTGAGGGTACATCAA,6,1604499
galSp,9.25,39,3,CCCCCTAACGCACATCTCTT,36,1619630
galSp,6.25,27,3,CCATTGGAACATCAGAGTCC,24,1601772
galSp,5.0,22,3,CCAGTCGCGGGAGGACCGGG,19,1612187
galSp,2.5,12,3,CCACCTAGTGTACACATACG,9,1613832
galSp,1.0,6,3,CATGTAAATGGTGGCACGTT,3,1600429
galSp,3.5,16,3,CATGAGCCTAGGGCATCGTG,13,1601849
galSp,1.0,6,3,CATCCATCCTGAGAGAAATA,3,1603541
galSp,5.0,22,3,CATAGACGTACTATTTAGAG,19,1613556
galSp,1.75,9,3,CAGTCATTTTCAGGCCTTAT,6,1598832
galSp,7.25,31,3,CAGGACCCTTCACCCTAAGA,28,1598091
galSp,3.25,15,3,CAGCATAACCCTCTACGAGC,12,1597965
galSp,0.75,5,3,CACGGATTGCCTCACTTCAA,2,1617779
galSp,3.25,15,3,CACCGGTTAGACCTTCTTGG,12,1598015
galSp,38.75,157,3,CACCAAGACGGCAAGCACTT,154,1612402
galSp,2.5,12,3,CACACAGAACAATAACATAT,9,1595230
galSp,0.5,4,3,CAAGTAGGGGAAAGGAACCA,1,1615243
galSp,48.75,197,3,CAAGCCGGTCTGTCAACGAG,194,1605763
galSp,5.5,24,3,CAAGACAAACAGAAGACTTA,21,1621012
galSp,0.5,4,3,CAACGCATCGGTAGAAACTC,1,1619054
galSp,2.25,11,3,ATTGTGTCCTAAAGACTTAC,8,1606028
galSp,3.25,15,3,ATTGGACGATTCAGGTCCAG,12,1621073
galSp,0.5,4,3,ATGTGTCATGTGTGGGTATA,1,1617635
galSp,1.5,8,3,ATGTCAGTGCATTGTTTGTC,5,1611262
galSp,4.5,20,3,ATGTAGTCAGTTGTGGTAAC,17,1612085
galSp,0.5,4,3,ATGGTTGTATCAAACAATTT,1,1595580
galSp,6.75,29,3,ATGAGTACATAGGGCTCCTG,26,1608735
galSp,3.75,17,3,ATCTTGGGCATGGGTTTTAA,14,1610749
galSp,1.0,6,3,ATCTCGTTCCAACGTTAACC,3,1619527
galSp,2.25,11,3,ATCGGTAGAATATCATACCC,8,1602133
galSp,0.75,5,3,ATATTTCATGTCCGTCGTGT,2,1608322
galSp,41.75,169,3,ATATTCTCCCGCACGTTCAT,166,1612410
galSp,0.75,5,3,ATAGGAATGTTGATCCTGGA,2,1614194
galSp,2.0,10,3,AGTTCTTCTGAGTGTTGTTT,7,1613565
galSp,0.5,4,3,AGTTCTCGAACTCGGGGGTA,1,1618170
galSp,1.75,9,3,AGTCCGCCTATCAGCCTGCA,6,1618883
galSp,0.5,4,3,AGTCACTGTTTTAGACCGGA,1,1619847
galSp,2.0,10,3,AGGGTCCGTTGTCGCTGGCT,7,1597000
galSp,1.25,7,3,AGGGACCACGAAATTACTGA,4,1606944
galSp,2.25,11,3,AGGATTATCTTTCGTCTCTG,8,1610154
galSp,1.75,9,3,AGGACCCAACAATCGGACCT,6,1611212
galSp,1.0,6,3,AGGAAAGTATTTCGGGCTAA,3,1606157
galSp,1.75,9,3,AGCGTGGTCTAGGCAACCAG,6,1600416
galSp,4.0,18,3,AGCGTCTAGGAGTTCGTAGT,15,1613774
galSp,3.0,14,3,AGCCTAGGGCAAGCATCGAA,11,1620647
galSp,1.5,8,3,AGCCGCAGGATGGACATTGC,5,1618610
galSp,0.5,4,3,ACTTGGATGTGAAATGACTA,1,1612117
galSp,2.0,10,3,ACTTATACTTTGTGTCTTAA,7,1605314
galSp,1.0,6,3,ACTGATGAAGGAGTACCTCA,3,1618984
galSp,0.75,5,3,ACTAAGACGCCTTCTCGGGT,2,1597130
galSp,12.75,53,3,ACGGCTCGCAATTACGTAGA,50,1611633
galSp,8.75,37,3,ACGCTTTGCTTGCTCTACCA,34,1595533
galSp,1.0,6,3,ACGATATTCTCTACGAGTGC,3,1601730
galSp,7.25,31,3,ACCTCGTAAGGCATTTCCGT,28,1617101
galSp,2.75,13,3,ACCGTGTCTTTCAGTAACAG,10,1607071
galSp,2.75,13,3,ACCCGTCCCCGGAGTCTGGT,10,1613092
galSp,6.75,29,3,ACCCCTGGAAAATACCTCTC,26,1596080
galSp,0.5,4,3,ACCCATGGGTGGAATGGCCT,1,1607964
galSp,2.0,10,3,ACCAATGCGCTACTCTTCCC,7,1601011
galSp,28.25,115,3,ACATTGTCCTAGGGTTTGGA,112,1613412
galSp,0.5,4,3,ACAGATAGTTGCATTCGGCC,1,1606762
galSp,9.25,39,3,ACAACCTCCCGGTCGGCCTC,36,1599731
galSp,2.5,12,3,ACAACAGGTAGCAAGGGCGT,9,1604799
galSp,0.75,5,3,AATGCGGACCGGGGAAGAGA,2,1620266
galSp,2.0,10,3,AATCACTCTCAAAGCCCTTA,7,1599526
galSp,2.5,12,3,AAGCCAGACTTGAGTAATGG,9,1618934
galSp,5.75,25,3,AACGAACGGTGCTCCTGGCG,22,1602605
galSp,4.5,20,3,AACCGCTATCGATAGACGTC,17,1606821
galSp,2.25,11,3,AAATGCCAAAGTTCAGCACG,8,1608355
galSp,2.5,12,3,AAACGTGATGTTTCAGTTTT,9,1600931
galSp,3.25,15,3,AAAAATCGTTAATTCTCTGG,12,1599047
galSp,2.6666666666666665,9,2,TTTTTACATCGGACTCTTAA,7,1607350
galSp,1.3333333333333333,5,2,TTTATACCAGAGGTGCGCAG,3,1602980
galSp,1.0,4,2,TTTAACGCTGGAGCTTAGCA,2,1607919
galSp,3.6666666666666665,12,2,TTGGACGATGAGCGAAAGGT,10,1599081
galSp,3.0,10,2,TTCTTTATGCATTTCTAAGG,8,1599307
galSp,3.0,10,2,TTCGTGTCGTCCAATCGAGG,8,1620923
galSp,1.3333333333333333,5,2,TTCGCTTACCATATACAATC,3,1613557
galSp,1.6666666666666667,6,2,TTCGATTAACAAATGGATGG,4,1601734
galSp,2.6666666666666665,9,2,TTCGAGGTTCGTTTTTGGCC,7,1616246
galSp,1.0,4,2,TTCCCACTTGCCACGCAACC,2,1602087
galSp,6.0,19,2,TTATGCATCGACTCTGTTGG,17,1619465
galSp,3.6666666666666665,12,2,TTATGAAGGAGACTCCAAGT,10,1618820
galSp,2.6666666666666665,9,2,TTATATGGAGCGGTGGATGT,7,1616563
galSp,1.0,4,2,TTACTTTGGCGTAATGTGAT,2,1602541
galSp,5.666666666666667,18,2,TTACACAATTCTGTTAAAAG,16,1599402
galSp,2.0,7,2,TTAATATATCACGTTGGACA,5,1596786
galSp,5.666666666666667,18,2,TGTTAACCCACCTAAAAGCT,16,1614968
galSp,5.666666666666667,18,2,TGTGCTCGGACGTGCCAAAC,16,1609695
galSp,2.6666666666666665,9,2,TGTCTGCGGCCATCTTAGGT,7,1597273
galSp,1.0,4,2,TGTATGGCGCCTTCTAGCGT,2,1597857
galSp,14.666666666666666,45,2,TGGTTTGGGCCACCTAGTAT,43,1599838
galSp,3.0,10,2,TGGTGGTGGCTTCGAACAAG,8,1598333
galSp,4.333333333333333,14,2,TGGTGAAGCCCCGGGCGGTT,12,1604507
galSp,24.666666666666668,75,2,TGGTACGTTGTCTAATAGAA,73,1617671
galSp,11.666666666666666,36,2,TGGCCAGACGCGACCGGATG,34,1616251
galSp,3.3333333333333335,11,2,TGGAGTTTGTGTTTACGGAG,9,1615116
galSp,1.3333333333333333,5,2,TGGAGTGAAATAAGCAATCA,3,1616557
galSp,4.0,13,2,TGGAATACAGAGAGGCCGTT,11,1607861
galSp,4.333333333333333,14,2,TGCTCATTGTGGGTCCCATT,12,1617531
galSp,7.666666666666667,24,2,TGCGTTTCATTGTATTCGTA,22,1599553
galSp,6.0,19,2,TGAGGCTTTAGATATGGCGG,17,1611682
galSp,6.333333333333333,20,2,TGAGGATTAGAGCGCTCTAG,18,1597611
galSp,8.333333333333334,26,2,TGAGAAAGCGATGCGGACTC,24,1599345
galSp,1.6666666666666667,6,2,TGAAGTGCACGAGCTCCTTA,4,1600446
galSp,10.0,31,2,TCTGGGTCCCTGGGTTTGTG,29,1597842
galSp,2.6666666666666665,9,2,TCTAGTGTGGCGTCCTTGAA,7,1602847
galSp,2.3333333333333335,8,2,TCGCCAGGCTTTGAGTCACA,6,1598910
galSp,4.0,13,2,TCGATATACGTCAAAGCCCT,11,1606732
galSp,4.333333333333333,14,2,TCGACATTCTCCTTCCGCGC,12,1611763
galSp,2.3333333333333335,8,2,TCGAATTTGAAGGAATGCAA,6,1619145
galSp,1.6666666666666667,6,2,TCCGACTCATGTTTCGTAGA,4,1602098
galSp,5.666666666666667,18,2,TCCCTCTTTCATCGCTCGAC,16,1620364
galSp,5.666666666666667,18,2,TCCCCGATCTAACTCTGTTG,16,1610950
galSp,4.333333333333333,14,2,TCCAGACGCCGGCGCCCGTA,12,1596937
galSp,1.6666666666666667,6,2,TCATTGCACAGGTCCGGTAA,4,1609545
galSp,1.3333333333333333,5,2,TCATAGCGTCGGGCGTTGGC,3,1611010
galSp,0.6666666666666666,3,2,TCAGTCACTCAGGTTCGGTC,1,1606071
galSp,1.6666666666666667,6,2,TATTGGGTGACTGGGAAAAG,4,1614994
galSp,8.333333333333334,26,2,TATTGGGACGACCGGCCTCA,24,1614071
galSp,11.0,34,2,TATTATCAAAGCTTTCGTGT,32,1600069
galSp,1.0,4,2,TATAGTTATCTTTCACTTTG,2,1616288
galSp,1.3333333333333333,5,2,TACACCCATCCAGGCTCCTT,3,1617874
galSp,0.6666666666666666,3,2,TAATCTATCTCTTGATGATC,1,1602893
galSp,1.3333333333333333,5,2,TAAGGCGGCTTCAGGCTCGC,3,1604896
galSp,11.0,34,2,TAACCCACACCAAGGTGGCT,32,1595370
galSp,1.3333333333333333,5,2,GTTTTGCATTATCATTCCCT,3,1599925
galSp,141.66666666666666,426,2,GTTGCCCCAACTCCGTTTGG,424,1603616
galSp,9.666666666666666,30,2,GTTCTGCGTGACTGGCGTGA,28,1605989
galSp,3.6666666666666665,12,2,GTTACGCATGGATGGGCGTT,10,1610665
galSp,2.3333333333333335,8,2,GTGTGACAGTCCAGCACGGC,6,1618464
galSp,0.6666666666666666,3,2,GTGCCCTTCTCCATTCTGGC,1,1616414
galSp,2.6666666666666665,9,2,GTCTTAGGAGAGCTTAATTC,7,1595589
galSp,0.6666666666666666,3,2,GTCTTAACGGCAATTACCTC,1,1619366
galSp,0.6666666666666666,3,2,GTCTCCTCAGGCAATGAGTC,1,1598482
galSp,1.0,4,2,GTCGCGTATGAGTTGTATTT,2,1606776
galSp,7.0,22,2,GTATGACTGGAACTTCACTG,20,1610368
galSp,5.333333333333333,17,2,GTACGCAATATGTCACGTTT,15,1613826
galSp,4.666666666666667,15,2,GTAATGCTATCTGGTCGTAA,13,1601178
galSp,22.333333333333332,68,2,GTAAGTTCGATTTGTAGGGC,66,1597157
galSp,5.0,16,2,GTAAGATATTGGTACCCTGT,14,1608333
galSp,1.0,4,2,GGTTAGGTCCCCGAACTGTC,2,1602918
galSp,5.666666666666667,18,2,GGTGATATCCGGCAACCATC,16,1606255
galSp,2.0,7,2,GGTCTGTGCCAGTCACAGCA,5,1603243
galSp,1.3333333333333333,5,2,GGGTACATGGTATCGTCTGA,3,1613947
galSp,4.666666666666667,15,2,GGGGCTATCTCCAGGATTGG,13,1604920
galSp,4.666666666666667,15,2,GGGGCAAAGGAGGTGAAACC,13,1610560
galSp,0.6666666666666666,3,2,GGGGAGTCTGGGTTATAGCT,1,1613333
galSp,4.333333333333333,14,2,GGGAGCTAAATATAAAGGCG,12,1595834
galSp,1.6666666666666667,6,2,GGAGGCGCACTACTGGGGCA,4,1618353
galSp,1.6666666666666667,6,2,GGACGAGGTCAATGGACACT,4,1597716
galSp,2.6666666666666665,9,2,GCTCATTCTAGAGGTGAGAG,7,1603103
galSp,1.0,4,2,GCTACACAAAGAAGTTATGC,2,1598150
galSp,6.333333333333333,20,2,GCTACAATCTCCAGCTACTT,18,1616746
galSp,2.6666666666666665,9,2,GCGAGATCTCCTTTTGTATT,7,1604438
galSp,12.666666666666666,39,2,GCGAATTGGCATCACCATTG,37,1605960
galSp,6.0,19,2,GCGAACTCTTGAGGTCCGTC,17,1598395
galSp,2.3333333333333335,8,2,GCGAAACGAGACCGTCGAAA,6,1621346
galSp,0.6666666666666666,3,2,GCCTAACAAGATAGGCACCA,1,1619577
galSp,3.3333333333333335,11,2,GCCGTCAGACCATTAGAATT,9,1620636
galSp,4.0,13,2,GCCCGTTAGGGCTTAGCACC,11,1616559
galSp,2.0,7,2,GCCCCCGGCCCTAGCGCTAT,5,1604788
galSp,1.6666666666666667,6,2,GCCATACCTAACATGGAGGT,4,1619065
galSp,6.0,19,2,GCATGTTGTTGCAGTAACCT,17,1615309
galSp,6.0,19,2,GCATCACAAAAGTGACAAAA,17,1600504
galSp,3.6666666666666665,12,2,GCACTTGGTAGTAACTCTCA,10,1614673
galSp,6.666666666666667,21,2,GCACTATAATTGCATTAAAA,19,1616825
galSp,1.6666666666666667,6,2,GATTCATAAACGCTGTATAA,4,1604700
galSp,3.3333333333333335,11,2,GATGGCTAACTCCCTCGCGT,9,1603331
galSp,1.0,4,2,GAGTTTGCTTATATTGCGGG,2,1608178
galSp,3.0,10,2,GAGGAGAGCGATAAAGCCGT,8,1612767
galSp,4.333333333333333,14,2,GAGCGTCCATCTGGCACATT,12,1600121
galSp,3.6666666666666665,12,2,GAGAAGATCGGCCCCACCCC,10,1604241
galSp,2.0,7,2,GACGGGGAGTACGGGAGTCC,5,1600423
galSp,1.0,4,2,GACGCCGTGGCTCTATCTGG,2,1615070
galSp,0.6666666666666666,3,2,GACGATCTCGCGAACAATAG,1,1603503
galSp,9.0,28,2,GACGATACGTCGTAAACGTA,26,1601001
galSp,8.0,25,2,GACCCGAAAAGCGTACAACT,23,1618319
galSp,2.6666666666666665,9,2,GACAAGAGCAATACATAAGT,7,1616282
galSp,5.0,16,2,GAATGGTTCCGTGATGGCAG,14,1606886
galSp,19.333333333333332,59,2,GAATGCCTGGTTATCCTCAG,57,1620152
galSp,11.333333333333334,35,2,GAAGATGGTCGTATGGGAGA,33,1602954
galSp,0.6666666666666666,3,2,GAAGACCGTCTTAGAGGCAG,1,1602524
galSp,0.6666666666666666,3,2,GAAATCCGGCTAACTTAGGA,1,1607448
galSp,4.333333333333333,14,2,GAAATATGGCTGCCTGAGGC,12,1612768
galSp,2.6666666666666665,9,2,CTTTGTCAGGGCAGGTGAGT,7,1614664
galSp,6.666666666666667,21,2,CTTTGGCTATGCGTGTCGTT,19,1601075
galSp,8.0,25,2,CTTTGCTCAAGCAGCTAAGA,23,1614512
galSp,3.3333333333333335,11,2,CTTGCACCAAATCCGACACT,9,1599902
galSp,1.3333333333333333,5,2,CTTCTCTAAACCCTTATTAT,3,1617810
galSp,12.666666666666666,39,2,CTTCGTAGTAGGCACCGGCG,37,1597384
galSp,1.3333333333333333,5,2,CTTCGACCCAGCGGTAGGCA,3,1620769
galSp,5.0,16,2,CTTCCAGTAATACAACCCGA,14,1603511
galSp,5.0,16,2,CTTCAGTTCAAGATCTCGCG,14,1613013
galSp,8.0,25,2,CTTCAAAATGCTCGCCGCAT,23,1600084
galSp,1.6666666666666667,6,2,CTTAAATTTCAGTGGTAGTA,4,1603584
galSp,1.0,4,2,CTTAAAACATGTCTACATTC,2,1604847
galSp,3.0,10,2,CTGTTAGTCAATGGTAGGGG,8,1603913
galSp,7.666666666666667,24,2,CTGCTCTCGATCAAGGCGGG,22,1598643
galSp,12.333333333333334,38,2,CTGATTCGCGTTTGCCCACG,36,1595233
galSp,1.6666666666666667,6,2,CTCCCGGGGGAATGGCGCGA,4,1611435
galSp,1.0,4,2,CTAAAGATTTTATGCTTGCC,2,1599096
galSp,1.0,4,2,CGTGGGCCCGGTTTATTTAT,2,1601405
galSp,4.0,13,2,CGTGCCAATTACATGCCGTA,11,1601743
galSp,8.666666666666666,27,2,CGTCGGTAAGCACCGTATTG,25,1613523
galSp,1.6666666666666667,6,2,CGTAAGGAGGCCCCCATCCT,4,1600390
galSp,2.3333333333333335,8,2,CGGTTTGCCCCCCGATAACG,6,1598590
galSp,4.666666666666667,15,2,CGGTTCCGTTATGCCCATGA,13,1616010
galSp,1.6666666666666667,6,2,CGGTTCAGGCAATGGGGGAG,4,1601745
galSp,3.3333333333333335,11,2,CGGTTCAAGTTTTTATACGG,9,1607206
galSp,1.0,4,2,CGGGTATGGACATGAGGGAC,2,1596706
galSp,3.6666666666666665,12,2,CGGCTTGAACCGTTTATCAC,10,1596321
galSp,1.3333333333333333,5,2,CGGATGGGAGTGATATAAGT,3,1603068
galSp,4.0,13,2,CGGACAACCAAAGTTAGCTA,11,1621538
galSp,1.6666666666666667,6,2,CGCTGGGCTGAGGACAAAAC,4,1605806
galSp,3.0,10,2,CGCAATCCCAGTGGGGGGCT,8,1601574
galSp,6.0,19,2,CGATTTTGGTGGATGAATGA,17,1599198
galSp,2.0,7,2,CGATTGACCCCGTTTCACCC,5,1607333
galSp,0.6666666666666666,3,2,CGAGCCCGCCTTCTGGTGGA,1,1598392
galSp,5.0,16,2,CGACCAAGTCACCCCGTCTT,14,1599386
galSp,10.0,31,2,CGAATTAGACTATTGAAGTT,29,1608272
galSp,18.0,55,2,CCTCGGTGTTCGTTCACTTC,53,1596268
galSp,7.333333333333333,23,2,CCTCGGAGATGCGCTCTCCA,21,1612769
galSp,3.3333333333333335,11,2,CCTCATCCAAGACGCCCCTA,9,1619192
galSp,3.3333333333333335,11,2,CCTAGTTGAGTGCTTAGGAA,9,1617850
galSp,7.333333333333333,23,2,CCGTACAGTCTCATAAATAT,21,1602073
galSp,2.3333333333333335,8,2,CCGGGATAACGAGTCTCAGA,6,1608584
galSp,7.0,22,2,CCATCGAACTGAAGTATGAG,20,1596974
galSp,1.6666666666666667,6,2,CCAGTGATTCGTACCGTGCA,4,1619439
galSp,4.333333333333333,14,2,CCACGAGAATATCTGGCAAG,12,1607227
galSp,1.3333333333333333,5,2,CCACATCAGGAATTATTAGT,3,1613202
galSp,2.6666666666666665,9,2,CATTGTGCTTAGCGCTTACG,7,1616228
galSp,0.6666666666666666,3,2,CATTAAGGGGTGCCTATAGC,1,1614773
galSp,3.6666666666666665,12,2,CATGCTGAATACGTGTATAT,10,1616756
galSp,3.3333333333333335,11,2,CATCAAGAGCTAGAACTGCA,9,1612146
galSp,0.6666666666666666,3,2,CATAACCTTAGGGACCGGAC,1,1601898
galSp,9.333333333333334,29,2,CAGGGCACATTAATAGGCCA,27,1615130
galSp,6.333333333333333,20,2,CAGATTTGTCTTTCCCCAAA,18,1603070
galSp,4.0,13,2,CAGATTCGCAGGAGAATGCC,11,1620834
galSp,0.6666666666666666,3,2,CAGAACTATTCGCGCGAACA,1,1618265
galSp,7.666666666666667,24,2,CACGGTATAATGGCGAATGG,22,1606389
galSp,1.3333333333333333,5,2,CACCCTGATTACTCTCCTAT,3,1608826
galSp,0.6666666666666666,3,2,CAATGTTTTTTGTTAGCATC,1,1615323
galSp,3.6666666666666665,12,2,CAATGTAAAGCTTTGGGTCC,10,1613352
galSp,8.0,25,2,CAATAGCGCTGCGATGCTCC,23,1616891
galSp,5.0,16,2,CAACTGGCGTTGGGGTAAGA,14,1614236
galSp,0.6666666666666666,3,2,CAACTCACTGCGTACCTTTT,1,1598192
galSp,1.0,4,2,CAACGATGTCGTTAGCTCGG,2,1608374
galSp,2.3333333333333335,8,2,CAACAAGTAGTTTGCCTATT,6,1597890
galSp,6.333333333333333,20,2,CAAATGATATTCGGTGAAGC,18,1618335
galSp,6.666666666666667,21,2,CAAACGTAGATTTCGTTATT,19,1613972
galSp,2.6666666666666665,9,2,CAAACGCGATCGCCCTGCAG,7,1599707
galSp,6.666666666666667,21,2,ATTTGGGTGACGCGGGCCGA,19,1604004
galSp,1.3333333333333333,5,2,ATTAAACTTTCTCTCTCTCA,3,1606380
galSp,3.3333333333333335,11,2,ATGTGTCAAACCCAAATGAT,9,1617078
galSp,11.333333333333334,35,2,ATGGTTGAATTGTTCAGTTA,33,1615020
galSp,0.6666666666666666,3,2,ATGGTGTGATCATCCATCTA,1,1613458
galSp,2.3333333333333335,8,2,ATGGAGTATAGCACGCTGTT,6,1607183
galSp,9.333333333333334,29,2,ATCTTCATGTTACTAGCGAG,27,1615223
galSp,0.6666666666666666,3,2,ATCTCTCAATCCGTGCTCAC,1,1609712
galSp,17.0,52,2,ATCGCGCCCACAGCCTCGTA,50,1601530
galSp,0.6666666666666666,3,2,ATCCTAAACGTCGCGTTTCC,1,1615201
galSp,2.0,7,2,ATCAGTACTACGATACTTCG,5,1620526
galSp,5.333333333333333,17,2,ATCACGCAGGAATTCCCTTG,15,1618571
galSp,16.666666666666668,51,2,ATCACCGTTCATAGAATATG,49,1595506
galSp,11.0,34,2,ATATGTAAGAATCGGAAATG,32,1615797
galSp,0.6666666666666666,3,2,ATATCGTGGCCCCTTTCACG,1,1617697
galSp,2.3333333333333335,8,2,ATAGGTGCTATAATGTGTAC,6,1602391
galSp,2.0,7,2,AGTGTAGGCCTCCGTGATCA,5,1606330
galSp,6.666666666666667,21,2,AGTGGTGTTGATTGATATAC,19,1607353
galSp,0.6666666666666666,3,2,AGTGAGGAATCTAGTCTCAT,1,1611954
galSp,2.6666666666666665,9,2,AGTCTATTTTCAACCGGTAC,7,1621227
galSp,4.0,13,2,AGTCGATAGCGAAAACGATT,11,1616190
galSp,0.6666666666666666,3,2,AGGGTTGCGTGGCTGCGACT,1,1598407
galSp,1.3333333333333333,5,2,AGGGTAGGGATAATGCTTTT,3,1603950
galSp,4.0,13,2,AGGCATACGGTTTCTGCGCG,11,1597380
galSp,5.333333333333333,17,2,AGCTTATTCGCCCGATCTTT,15,1614405
galSp,6.333333333333333,20,2,AGCTATAATATTTATGACCA,18,1595653
galSp,24.0,73,2,AGCGTGCTAGGGTCCCTTAA,71,1599355
galSp,1.3333333333333333,5,2,AGCCTTTGTTAATAACTTAC,3,1598882
galSp,2.6666666666666665,9,2,AGCCTTGTTCACAGTACATT,7,1601214
galSp,2.6666666666666665,9,2,AGCCGTTTGTACGCAATCTC,7,1619638
galSp,4.666666666666667,15,2,AGCACCGAACTAAAATTGCC,13,1615081
galSp,6.666666666666667,21,2,AGATACCCTTTACAGGATTC,19,1600164
galSp,2.0,7,2,AGAATAGCGCAAACTATGTT,5,1611152
galSp,0.6666666666666666,3,2,ACTTGTGTGGAAGTGAGGAA,1,1596559
galSp,3.6666666666666665,12,2,ACTGAGATGTAAACTTCGTG,10,1601957
galSp,5.0,16,2,ACTATCCAATCGCTACAAAT,14,1599803
galSp,1.0,4,2,ACGTGGAGGTATTCGACGTT,2,1619255
galSp,1.6666666666666667,6,2,ACGGTTGGCTGAACGGAGTT,4,1618106
galSp,7.333333333333333,23,2,ACGGTCTTGTCAATTTTGAA,21,1601390
galSp,2.6666666666666665,9,2,ACGCATAGCTTATTGTATAT,7,1620492
galSp,3.3333333333333335,11,2,ACGATACTCAAATACCCGTG,9,1619136
galSp,0.6666666666666666,3,2,ACCTTTCTATCTGCCATAAG,1,1604927
galSp,2.0,7,2,ACCTGCTAACCGCCTCAGTT,5,1600923
galSp,4.0,13,2,ACCTCAAGACCCTCCAGTCC,11,1606219
galSp,3.6666666666666665,12,2,ACCTACTGTCACAAACCCTG,10,1616059
galSp,2.3333333333333335,8,2,ACCGAATGGAGCCTCGCGAA,6,1599361
galSp,4.0,13,2,ACCCTGGGCACGAAGCGCAG,11,1606263
galSp,1.3333333333333333,5,2,ACCCGGTGATTTTATGTTGA,3,1607705
galSp,1.6666666666666667,6,2,ACATCAAAGGCAGTCCTGCT,4,1611636
galSp,5.333333333333333,17,2,ACACAGAAAGTAGGGCCTTA,15,1600008
galSp,17.333333333333332,53,2,ACACACTAATAGGGTACACT,51,1612025
galSp,0.6666666666666666,3,2,ACAAGGTGCGCGAACTATGA,1,1618317
galSp,2.0,7,2,AATGCGTAAAAATAACCACT,5,1621008
galSp,2.0,7,2,AATGATCGGAACTCCCCGAT,5,1602521
galSp,2.0,7,2,AATCACATGTCGTGGTCAAG,5,1609581
galSp,1.3333333333333333,5,2,AAGAGCTACGCCGACGTATT,3,1619441
galSp,2.6666666666666665,9,2,AAGAAAATAGTAAAAGCTAG,7,1605841
galSp,4.0,13,2,AACGCTAGGCATTTCCGTGA,11,1621191
galSp,3.3333333333333335,11,2,AACCGAGGTGTCACCCGAAT,9,1606303
galSp,1.0,4,2,AACACCCGGTCAACTTTTCT,2,1621507
galSp,0.6666666666666666,3,2,AAACTGACACGGTACTACAT,1,1601366
galSp,1.6666666666666667,6,2,AAACATGGTAGAATGTACCC,4,1609288
galSp,6.0,12,1,TTTTGTGGACGGAGACTCGA,11,1600322
galSp,1.0,2,1,TTTGGTTTCGAGGCGCTGAC,1,1599507
galSp,2.0,4,1,TTTGCGTCCAGGATCCCCGA,3,1608861
galSp,8.0,16,1,TTTCACTTCATTACGACTCT,15,1603640
galSp,9.0,18,1,TTTATCTTACTCCAGGCTCT,17,1601607
galSp,2.5,5,1,TTCGGCTCGCGAGCTTTGGC,4,1617093
galSp,10.5,21,1,TTCAGTAAGGCTTACTCTTC,20,1600724
galSp,7.0,14,1,TTATTGGACACGTCACGTGG,13,1606998
galSp,16.0,32,1,TTATGATATGATTAACCGAC,31,1595354
galSp,5.5,11,1,TGTACAACATATAGATACCC,10,1618467
galSp,13.5,27,1,TGGTTCGTGCGTACCCGCTT,26,1619030
galSp,5.5,11,1,TGGTTCGAGACCACCAATTC,10,1608568
galSp,9.5,19,1,TGGTATGATCAATAATATAG,18,1612561
galSp,8.5,17,1,TGGTAATCTGATGAGAACGC,16,1621311
galSp,1.0,2,1,TGGGTGTTCCCATAACGCGC,1,1597984
galSp,3.0,6,1,TGGGGGTCACTCATAGGACA,5,1604987
galSp,6.5,13,1,TGGGAAATGAAGGCGGGGGA,12,1619128
galSp,10.0,20,1,TGGACTGACGCTCGGATTCG,19,1616677
galSp,10.5,21,1,TGCTTATACTCTTGCCTTGG,20,1615376
galSp,3.0,6,1,TGCTCGGTCGTTTGTTTGGC,5,1599725
galSp,1.0,2,1,TGCCATCTCTTGTGTAGGAT,1,1607231
galSp,5.0,10,1,TGAGCATGGTATGACTTCAA,9,1600787
galSp,3.0,6,1,TGACGTATGAAGGTGAGGTG,5,1612605
galSp,7.5,15,1,TGACAAAACTTGGACATACA,14,1614047
galSp,2.5,5,1,TGAAGCGTGATCTAACGGAC,4,1619849
galSp,1.0,2,1,TGAAGCAGAAGAGGCAAAAT,1,1621388
galSp,3.0,6,1,TCTGTGTTCCCCAACGAACC,5,1614571
galSp,2.0,4,1,TCTGGGTTCTCGGTCTTCCA,3,1595352
galSp,9.5,19,1,TCTGCGGCTTATTTTGAGTG,18,1613238
galSp,1.0,2,1,TCTGCAGAAAGACACTGCGG,1,1614370
galSp,51.5,103,1,TCTATCCTGCCTTCTGAATT,102,1600068
galSp,7.5,15,1,TCTAGTTCAGTGTATCCAAG,14,1610445
galSp,7.5,15,1,TCGTTACCTGATTCCACGGC,14,1603725
galSp,5.0,10,1,TCGTGGCGAATAGTAGCGTT,9,1606676
galSp,5.0,10,1,TCGTAAAGGTTCGACCGAGC,9,1617044
galSp,3.0,6,1,TCGGTTTCCAGGCAGTGATA,5,1619831
galSp,1.5,3,1,TCGCGCGCGCCGACGGGAAA,2,1607302
galSp,1.0,2,1,TCGCATTCCGTTTAACCTCA,1,1608170
galSp,5.0,10,1,TCCGTTTCTTCAGAAAGCCT,9,1603673
galSp,4.5,9,1,TCCGCGACCAAAGCTCGCGG,8,1611604
galSp,9.0,18,1,TCCATCAACAGCCTTTTAGA,17,1615375
galSp,6.5,13,1,TCCAGTCTAATTTGTTAGAC,12,1608967
galSp,4.0,8,1,TCCAGGTATTTAAAGAAACT,7,1620762
galSp,1.0,2,1,TCCACTCCGTATGCTAGCTA,1,1612432
galSp,7.5,15,1,TCATGCAATACTTCGCGACA,14,1619960
galSp,6.5,13,1,TCATCGACCGTTTAGATCTG,12,1614975
galSp,5.0,10,1,TCAATGTTATCGAACCTCTA,9,1603376
galSp,1.0,2,1,TATTGATAAGATATTTATTA,1,1611125
galSp,1.5,3,1,TATTCAATCAAGTCTTGTAT,2,1612306
galSp,2.5,5,1,TATGTCAGGTCGAACATGCC,4,1602999
galSp,2.0,4,1,TATGGGACATCTCAATCTAC,3,1611922
galSp,8.0,16,1,TATGCTCCCTTAGCAATGCC,15,1615086
galSp,1.5,3,1,TATGCCCTTTCTTGTGGGGG,2,1604835
galSp,6.0,12,1,TATCAGCCGCTCGGCGATAT,11,1597646
galSp,2.0,4,1,TAGGGCATTTCAGCGAGGAT,3,1601630
galSp,3.5,7,1,TAGGCTCGACGTTACCGTAT,6,1600386
galSp,11.5,23,1,TAGGAATGAAAATGTGCTTA,22,1617676
galSp,1.0,2,1,TACTACGTGTTTGGTAGCGG,1,1602169
galSp,2.0,4,1,TACTAAAAGAACAGGGAGGC,3,1595752
galSp,5.5,11,1,TACGTATTATGGGCCGACGA,10,1609418
galSp,12.5,25,1,TACGCGTCTGCGATTAGCGT,24,1617448
galSp,8.5,17,1,TACCATATTTCTACGGTCAC,16,1615214
galSp,5.5,11,1,TAACTGCTGGCATGGCCGAG,10,1599398
galSp,2.0,4,1,TAACTGAGTGGTCCGGTCGA,3,1595510
galSp,3.5,7,1,GTTTTGGATTCCCAACTTAT,6,1617934
galSp,25.5,51,1,GTTGCAGCTACTCTGCCAAC,50,1612843
galSp,8.0,16,1,GTTCTTGGCAAGGGTGACGA,15,1609161
galSp,13.5,27,1,GTTATCCTGATTTCTGCGCT,26,1598140
galSp,13.5,27,1,GTTAGGTTATAAGTGCTCTT,26,1613102
galSp,3.5,7,1,GTTAGGCGTTCAAAACTCTC,6,1598293
galSp,11.0,22,1,GTTAGGACCAATTCTTACGG,21,1617041
galSp,2.0,4,1,GTTAGATTTGCCTCAACCGG,3,1601324
galSp,15.5,31,1,GTTACAATACAGGGTGTTGA,30,1611916
galSp,7.0,14,1,GTGTCCTGTAGAAGCGAGAG,13,1616779
galSp,5.5,11,1,GTGGCTTCATGCAATAGATG,10,1598431
galSp,7.5,15,1,GTGGCTGATGCAAGTTGTGT,14,1600200
galSp,14.5,29,1,GTGGCAACATAACATACGCT,28,1620144
galSp,1.0,2,1,GTGCTACATGTATGCGGCAA,1,1618172
galSp,5.5,11,1,GTGCCTTCCCTGCGGCGACG,10,1595529
galSp,6.0,12,1,GTCTCCAGGAAAGTTTGTTC,11,1608093
galSp,19.5,39,1,GTCTATTGAGCACACAATCT,38,1602898
galSp,5.0,10,1,GTCCGTACTCAACACAGATG,9,1614728
galSp,9.5,19,1,GTCCCTTAGGGCAGAGTTGA,18,1596255
galSp,4.0,8,1,GTCCCCCGAAAACTCCCACG,7,1608465
galSp,11.5,23,1,GTATTCCGGGTCACACAAAG,22,1608604
galSp,4.5,9,1,GTAGTTTATAAAGATTTCTC,8,1615836
galSp,3.5,7,1,GTAGGTGCCTTGCCCCGGAA,6,1610746
galSp,9.0,18,1,GTACGGGAAAGGCATGTCCC,17,1606280
galSp,5.0,10,1,GTAATTGCGAGGGTTATTTC,9,1608057
galSp,1.5,3,1,GTAAAGCCTGTACGTGATGA,2,1604897
galSp,5.5,11,1,GGTTGTGGTAAAAGACGGAT,10,1603879
galSp,2.0,4,1,GGTTCTGCTTCTGCCCGTAT,3,1604578
galSp,1.5,3,1,GGTTCTCACTTTGCCGTGGT,2,1612330
galSp,4.5,9,1,GGTTAGAGGATACAGAGTCT,8,1595324
galSp,12.5,25,1,GGTCTTTCAACACAAAAGGT,24,1604409
galSp,1.0,2,1,GGTCTTCAACCTGATAACAA,1,1605977
galSp,8.5,17,1,GGTCCCCGTATACAGAGCAT,16,1602959
galSp,2.5,5,1,GGGGGTCTGAACCGGCGTAA,4,1599510
galSp,10.5,21,1,GGGCATATCCGGATTCCAAG,20,1595891
galSp,3.0,6,1,GGCTATATATTGTTACGATA,5,1598513
galSp,1.0,2,1,GGCGGAACTGACCAATCCCT,1,1605898
galSp,2.0,4,1,GGCGCCTTATAAGACATCGT,3,1604476
galSp,4.0,8,1,GGCCAGCTGCAATGTTCCCT,7,1618403
galSp,2.0,4,1,GGATTATAGTTAGGTGGGAA,3,1599871
galSp,7.0,14,1,GGAGTATTTGGGTCCTATAT,13,1614545
galSp,3.5,7,1,GGAGCACTGAGGATCCATCC,6,1612385
galSp,5.0,10,1,GGACGAGTCACATTGGGGTC,9,1606283
galSp,10.5,21,1,GGAATCTTTTGTCAGCTTCG,20,1618567
galSp,1.0,2,1,GGAACACTCTACGATCCCTA,1,1609189
galSp,3.0,6,1,GCTTGTACGTCCGCCATGTA,5,1601961
galSp,1.5,3,1,GCTGAGCGCTGGCGCGGCCG,2,1614558
galSp,1.0,2,1,GCTCGTGGAAAACTGGCCCA,1,1596167
galSp,10.0,20,1,GCTCAGATGAGCACTTTCTG,19,1619947
galSp,2.0,4,1,GCTATAGGGTTTAATCGTCT,3,1600789
galSp,5.0,10,1,GCTAGTTACGCCAAATCGTT,9,1621604
galSp,3.5,7,1,GCGTTGACGAAGCGAACGAT,6,1604504
galSp,2.0,4,1,GCGTTCGTCACGTTCAAACC,3,1613706
galSp,6.0,12,1,GCGGTGTGCACAGCCTCCAT,11,1598094
galSp,13.0,26,1,GCGGAATGTAGTGCTACGGG,25,1596221
galSp,10.0,20,1,GCGCGTCACAGAGATTGCTC,19,1618616
galSp,7.5,15,1,GCGAGCACACTGGTATATAT,14,1598661
galSp,1.0,2,1,GCGACTTCTCATCTTGCACC,1,1617904
galSp,10.0,20,1,GCCGGTGGTTTGTTTCTGCT,19,1620467
galSp,1.5,3,1,GCCGCGCTACGTCTGAAGAC,2,1598066
galSp,9.5,19,1,GCCCGGTTTATTATATTGTC,18,1602597
galSp,6.5,13,1,GCCACTTGCACTTCGTGCTA,12,1607128
galSp,6.0,12,1,GCCACATCAAATACTTCCTT,11,1600267
galSp,6.0,12,1,GCATGAACAGGTAGGATTAC,11,1597421
galSp,3.0,6,1,GCACAGCTTGATAGTAATTC,5,1599721
galSp,7.5,15,1,GATTTGCATCGGTGCACATG,14,1596710
galSp,3.5,7,1,GATGGTGCCAATACCCACCA,6,1600193
galSp,1.5,3,1,GATGCGTTCTGCCCATCTCT,2,1602052
galSp,32.5,65,1,GAGTACGCTAACCAAGGACT,64,1612841
galSp,1.0,2,1,GAGACATTGTTCCTGTTTGA,1,1611463
galSp,2.5,5,1,GACTTCGGACTCTCTGGAAT,4,1608602
galSp,19.0,38,1,GACTAAGATGGGGAGGCTGC,37,1618573
galSp,11.5,23,1,GACGCAGCCTATAAAGCCAC,22,1619330
galSp,1.0,2,1,GACCTCAGTCTCGGAGAAGG,1,1611650
galSp,2.5,5,1,GACCCCCAACACTGGAGCTC,4,1619062
galSp,3.0,6,1,GACCATGGACGACTAAATTC,5,1599894
galSp,1.0,2,1,GACACTATAGGCATACCCAC,1,1616924
galSp,1.5,3,1,GAATGCTGTACCGGCATTAG,2,1610582
galSp,15.0,30,1,GAACGGTAACCTCCTCCAAC,29,1621306
galSp,5.0,10,1,GAACGATAATATCATCAATC,9,1619364
galSp,3.0,6,1,CTTGATTATTATTCGATAGT,5,1618566
galSp,7.0,14,1,CTTCCCGGACCCTACTCGAG,13,1606651
galSp,1.5,3,1,CTGTGAACGTTTAAGACCTG,2,1614797
galSp,4.5,9,1,CTGGGCCGACTCTCATGGGT,8,1618079
galSp,9.5,19,1,CTCTATTTGCTGTGTCGGGG,18,1602371
galSp,5.0,10,1,CTCTAACTCCGAATATTATC,9,1617302
galSp,1.0,2,1,CTCGGAAGGTTATCAGATCA,1,1597711
galSp,17.5,35,1,CTCATTGGTCTCCGCGTTCC,34,1606120
galSp,1.0,2,1,CTATTTCTACTCTTGTCGCC,1,1613067
galSp,2.0,4,1,CTATAATCCGGCTACTTTAG,3,1601724
galSp,5.5,11,1,CTAGGTCCACTTATAGAATG,10,1599313
galSp,2.0,4,1,CTAGGGGATAAGCACCGTAA,3,1614140
galSp,1.5,3,1,CTAGCTCAGATTTCCAACGT,2,1614353
galSp,1.0,2,1,CTAATCCTGGTTTAAGCGGG,1,1610292
galSp,2.5,5,1,CGTTGGATTGTATGTCCGTA,4,1618001
galSp,7.5,15,1,CGTCTCGATAAGCAAGCTCT,14,1599669
galSp,1.0,2,1,CGGCCGTAGCCACCCTAACG,1,1617125
galSp,7.0,14,1,CGGACCTCCCACCCGTATGG,13,1610687
galSp,1.0,2,1,CGGACCCTGTTTGCTCTCCT,1,1605733
galSp,6.5,13,1,CGGAAGCAAACGACTTGTGA,12,1605069
galSp,7.5,15,1,CGCTAGGATGCGATCCGACC,14,1609362
galSp,1.5,3,1,CGCTACACAAGCTTCACATT,2,1611428
galSp,3.5,7,1,CGCGCAAACCATTGAGATAT,6,1601137
galSp,2.5,5,1,CGATGGCTGTTATTGTCCGA,4,1605808
galSp,1.0,2,1,CGAGGAAATAACAGCCAGTC,1,1610774
galSp,3.0,6,1,CGACTGCTTGAGTCGCGCTG,5,1606677
galSp,37.0,74,1,CCTTGCGAACGTACAAGAAT,73,1611129
galSp,7.5,15,1,CCTTCCGATTCCGCTCCCTG,14,1604223
galSp,1.0,2,1,CCTTAAGAAGTGGACAGCTT,1,1613986
galSp,9.5,19,1,CCCTTTATAGTAGGAAGCAT,18,1603312
galSp,3.0,6,1,CCCTAGAGGCCGCGTGTTCG,5,1613002
galSp,12.0,24,1,CCCGGCCGCCTATCAACAAG,23,1607511
galSp,3.5,7,1,CCCCGGCTAGCGCATAGTAG,6,1606547
galSp,1.0,2,1,CCCCATACAGTTTAGTTCAC,1,1617411
galSp,2.0,4,1,CCCATTCCAAAAACTTCGCG,3,1614635
galSp,11.0,22,1,CCATAGGATCGGAGAGATCC,21,1608425
galSp,12.0,24,1,CCACGACTGTTGTCCAAAGG,23,1606730
galSp,3.5,7,1,CCACCTGTTCAATGCATCGG,6,1613987
galSp,14.0,28,1,CATTTGTCTGGCGGGAACGA,27,1613411
galSp,6.0,12,1,CATGGTAATCAGTGCGAAAC,11,1614727
galSp,9.0,18,1,CATGCGCTCGACCTTCGTTC,17,1597017
galSp,1.0,2,1,CATCGTTCGCGTTGGATAAA,1,1620474
galSp,1.0,2,1,CATCCTTTCGCTCTCTCCTT,1,1617043
galSp,8.0,16,1,CATAACAAACCCTCATCCAG,15,1619759
galSp,2.5,5,1,CAGAACCATCTCACATAATT,4,1595554
galSp,12.5,25,1,CACTGAATCGCGCTTTGTCT,24,1597543
galSp,3.0,6,1,CACTCATTCGTACATCCAAT,5,1613953
galSp,2.5,5,1,CACGCCCAGATGGTTAATCT,4,1595385
galSp,1.5,3,1,CAACGACCCGGGAGCCGCGT,2,1609937
galSp,5.5,11,1,CAAATAGTTATGTAGATCGA,10,1612927
galSp,4.0,8,1,CAAAATTCCAGTCACAGCGA,7,1601588
galSp,5.0,10,1,CAAAAGGATTCATAATGCAT,9,1617130
galSp,2.0,4,1,ATTCTCTCATGTTTCATGCG,3,1614090
galSp,8.5,17,1,ATTCCAGTGTACGTTAATGG,16,1615733
galSp,5.5,11,1,ATTCACTTTTAACCCGAAGT,10,1619753
galSp,1.0,2,1,ATTCAACGCACACATCCTTT,1,1619456
galSp,1.0,2,1,ATTATTGGGTTGTTTCCGTT,1,1612919
galSp,11.0,22,1,ATTACGCCCGTGAGATGAGA,21,1607383
galSp,7.5,15,1,ATGTGAAGGTAGTGACAGCA,14,1612575
galSp,7.0,14,1,ATGCGCTCCAGAGCTTGCGC,13,1614922
galSp,1.0,2,1,ATCTTCAAAATCTTACTCGT,1,1601132
galSp,2.5,5,1,ATCTGCACCACCCGTGTTTT,4,1603104
galSp,6.0,12,1,ATCGTGCTGACGGCAAGGCT,11,1602190
galSp,5.5,11,1,ATCGAAGGCATATGAACTCC,10,1605114
galSp,13.5,27,1,ATCACTGGTGATTGCTAAGG,26,1620236
galSp,11.5,23,1,ATCACTAATCTTGGGACAAA,22,1618192
galSp,50.5,101,1,ATACTGTCGTGATGGAGGAT,100,1608709
galSp,3.0,6,1,ATACTATAAACAGGTCTGAT,5,1619748
galSp,5.0,10,1,ATACGACTCACCCAGATCCT,9,1606841
galSp,4.0,8,1,ATACACAATTAAGCGCAAAC,7,1616333
galSp,3.5,7,1,AGTTCACTACCTAGTGTGGG,6,1607298
galSp,18.0,36,1,AGTGAAGCCCAGGTTAGAGA,35,1608721
galSp,4.5,9,1,AGTGAAACATCCGGGACTGA,8,1610418
galSp,2.0,4,1,AGTCTCCCGCTCCATTGGGA,3,1606258
galSp,1.5,3,1,AGTAGCTGAACGCACAGGCC,2,1610834
galSp,48.5,97,1,AGGTGGTTACTCTATGAAAC,96,1602958
galSp,1.0,2,1,AGGTCTTGGCATCTACAATA,1,1595959
galSp,3.5,7,1,AGGGGTGTGCTTCACGGTAC,6,1607604
galSp,12.5,25,1,AGCTATGTCAAGCAATTGAT,24,1607374
galSp,3.5,7,1,AGCTACTTGCTTTCACTCCT,6,1596727
galSp,4.5,9,1,AGCCCGCATTATTGGAATCC,8,1616574
galSp,14.5,29,1,AGATATGTGGTACTTCGGTT,28,1616339
galSp,8.5,17,1,AGAGCAGTAATTGGGTCTGA,16,1614562
galSp,6.5,13,1,ACTTGTTAGTGTGGATCCCA,12,1611561
galSp,4.0,8,1,ACTTGACCGCGCGGAAACGT,7,1598313
galSp,4.5,9,1,ACTGTACCGTTTGCAACGAA,8,1599146
galSp,1.0,2,1,ACTGCTTGGTTTGGATAACG,1,1609186
galSp,4.5,9,1,ACTCTATTATCGCGTTTAGC,8,1610463
galSp,1.5,3,1,ACGTCCCTTATCTGCCTTCT,2,1597050
galSp,5.5,11,1,ACGCATAGGAACTTCAGTAA,10,1603206
galSp,2.0,4,1,ACGACTGACCACCTTGGCGG,3,1619832
galSp,3.0,6,1,ACCTTCAACCTTTGGCATTC,5,1617018
galSp,11.5,23,1,ACCTTAACTCTGCTGTCTAT,22,1616882
galSp,4.0,8,1,ACCCCAGTAGATGGTTCGTC,7,1596017
galSp,14.0,28,1,ACATGGAAAATAAGATAGTG,27,1616539
galSp,1.0,2,1,ACAGAGCTTTATACTCGTAC,1,1599784
galSp,4.0,8,1,ACAAATCTTAAAAAGATCTC,7,1618439
galSp,11.0,22,1,AATTCTACGAGAGGCATTTA,21,1599186
galSp,5.5,11,1,AATTATCCTCTCGTCTCAGT,10,1602405
galSp,4.0,8,1,AATGGGGGAGAACGGGCCAA,7,1599104
galSp,4.5,9,1,AATGCGCCCGAGTTATGCCC,8,1607856
galSp,5.5,11,1,AATACCGTCTCCGCTAATTG,10,1598756
galSp,1.0,2,1,AAGGGACTGCTTTTTCTCCG,1,1610242
galSp,1.0,2,1,AAGCGTCCCATGACCCCCTA,1,1616312
galSp,7.5,15,1,AAATCTGGACAAGGGGCGAA,14,1604623
galSp,1.0,2,1,AAATCACCGCCCCGGTGCGT,1,1597075
galSp,5.0,10,1,AAAGTCGGACCCTTTAGTTA,9,1601785
galSp,4.5,9,1,AAACTGTAGTGGATATAGAC,8,1615968
galSp,1.5,3,1,AAACCGGAGTGCGATCCCCT,2,1601634
galSp,0.022727272727272728,43,43,TTCGGGTTGCGTTAAGGATA,0,1599854
galSp,0.022727272727272728,43,43,TCTATGCCAGAATCAGCGTG,0,1597855
galSp,0.022727272727272728,43,43,CGCTTTGAACCGCAGCTCGT,0,1600526
galSp,0.023809523809523808,41,41,CTATGGCCCATTGAAAACAG,0,1609684
galSp,0.024390243902439025,40,40,CGTAGCGTCTCTCGCTCGTC,0,1616258
galSp,0.024390243902439025,40,40,ATTAGGTGGTTCTATAGCGA,0,1615786
galSp,0.024390243902439025,40,40,AAAAAACGGCGATTCCAAGC,0,1597156
galSp,0.025,39,39,TCCCAGTGGATTAGTGGAGG,0,1609851
galSp,0.025,39,39,AGATCAGCGATCGGAGGCTT,0,1602749
galSp,0.02564102564102564,38,38,GATGCGGTGTAGGTTTCAAG,0,1613784
galSp,0.02564102564102564,38,38,GAATCCAGTAGCCGCACATA,0,1605819
galSp,0.02631578947368421,37,37,TGTAAAACCTACGCGCGCGC,0,1606049
galSp,0.02631578947368421,37,37,GGGGTATATGGAAATGGCTC,0,1608031
galSp,0.02702702702702703,36,36,ACGGGGAGCTTGTGCCGTTC,0,1606252
galSp,0.027777777777777776,35,35,GGTTAGAAATTTACTGCTAT,0,1604594
galSp,0.027777777777777776,35,35,ACCCGGACGACGGCTGTATG,0,1620120
galSp,0.027777777777777776,35,35,AAAACGACAATTTATGCGGA,0,1598612
galSp,0.02857142857142857,34,34,CACCAGCCATGGGGAAGCGG,0,1604991
galSp,0.029411764705882353,33,33,TGCATGGAGACTGAGGGGCA,0,1597583
galSp,0.029411764705882353,33,33,TGCATGCCCAGCCTACGCCT,0,1610556
galSp,0.029411764705882353,33,33,CATTATCGTACGGGTGTAAG,0,1617821
galSp,0.029411764705882353,33,33,AGCCACTATACTGCAAGGAC,0,1607316
galSp,0.030303030303030304,32,32,TTATCCAGCGCTCGCCTGCA,0,1616743
galSp,0.030303030303030304,32,32,GGATCCACGTCCGCCGCACG,0,1612909
galSp,0.030303030303030304,32,32,ACGCGCATATTGTTGATATG,0,1617387
galSp,0.03125,31,31,TGATGATTCAGAATCGGCTT,0,1601908
galSp,0.03125,31,31,GTTCGCTATGAGAACAGGAT,0,1613544
galSp,0.03125,31,31,AGCTCAGCGTACCGCCAAGT,0,1611419
galSp,0.03125,31,31,ACTGCACGAATGTGATGCGT,0,1599457
galSp,0.03225806451612903,30,30,TAATCATACATTTTTAAGCA,0,1604948
galSp,0.03225806451612903,30,30,GGGTGAATGGATATTAGCTT,0,1600463
galSp,0.03225806451612903,30,30,CTTAGATAGTGCGAATCCAC,0,1595582
galSp,0.03225806451612903,30,30,CGTGTTCTTTCATTCTTCAA,0,1599304
galSp,0.03225806451612903,30,30,ACTGCTATTCCTATAGGCAT,0,1603533
galSp,0.03225806451612903,30,30,ACTGCAATCAGATCAAAATG,0,1602027
galSp,0.03333333333333333,29,29,TGCAATCGAGTGTGGGCGTT,0,1603374
galSp,0.03333333333333333,29,29,GGCAACAATTTACCATCAAC,0,1599392
galSp,0.03333333333333333,29,29,GCCGATGCTGAGACTCAGTA,0,1613248
galSp,0.03333333333333333,29,29,CGCCCGGATCCTTAGTGGTT,0,1598237
galSp,0.03333333333333333,29,29,CGAAGCGGGAGACCGTTAAT,0,1616509
galSp,0.03333333333333333,29,29,CAGTCGCCTGCGAACACCGT,0,1609737
galSp,0.03333333333333333,29,29,AGGTAAGTTCTTTAGGCCAG,0,1598208
galSp,0.03333333333333333,29,29,AGATTAGCTTTTGCCCTAGC,0,1611296
galSp,0.03333333333333333,29,29,ACCGAACTTTATAGGCTCCC,0,1603128
galSp,0.034482758620689655,28,28,TCATCGCCACACAGGCGAAA,0,1598543
galSp,0.034482758620689655,28,28,GTTCTGATGGAATCAAATCT,0,1611027
galSp,0.034482758620689655,28,28,GCTAATTAATGGCGAACAAG,0,1617571
galSp,0.034482758620689655,28,28,GCCACTTGTCCATAAGAGTT,0,1617295
galSp,0.034482758620689655,28,28,GAGCATCTAGGAAAGGAGTT,0,1612363
galSp,0.034482758620689655,28,28,CTTAACAGCGTTCCCTGGCC,0,1597122
galSp,0.034482758620689655,28,28,CTCCGGGATACAACCGGAAT,0,1620632
galSp,0.034482758620689655,28,28,CGTTCTTATCGATTGATAAC,0,1596720
galSp,0.034482758620689655,28,28,CCAGTACCCTACCGCTCAAT,0,1598257
galSp,0.034482758620689655,28,28,CACTGAAGCCTTGACAGCCG,0,1615295
galSp,0.03571428571428571,27,27,TGACCGGACATCAGCAACTT,0,1612771
galSp,0.03571428571428571,27,27,TCGTGACCCGATAGGCAATT,0,1610059
galSp,0.03571428571428571,27,27,TATGCATCATGGGATTTCCA,0,1605189
galSp,0.03571428571428571,27,27,CCGAATAGTGCCCCTAGGAG,0,1614010
galSp,0.03571428571428571,27,27,CCGAAGGATTCCAGGACATT,0,1605166
galSp,0.03571428571428571,27,27,CAACAGCACACAATGTTCTA,0,1600508
galSp,0.03571428571428571,27,27,AATCGCAGCCGCTTTACTGT,0,1600832
galSp,0.037037037037037035,26,26,TCACACTTGTGGCTCTTTCG,0,1608637
galSp,0.037037037037037035,26,26,TATTAACCAAGACAAAGAAA,0,1612888
galSp,0.037037037037037035,26,26,GTTACGCGGAGCGGCGCCGT,0,1603140
galSp,0.037037037037037035,26,26,GGCGCGTTGCCCGAAGTCTT,0,1599130
galSp,0.037037037037037035,26,26,GAGTACGATATTGGCTGTCA,0,1611593
galSp,0.037037037037037035,26,26,GAGGGGTCGTTGATAGCGGA,0,1610419
galSp,0.037037037037037035,26,26,CTACATACGGCATAAGCCCA,0,1596811
galSp,0.037037037037037035,26,26,CGATAAAAGCGGGTTGGCCA,0,1621320
galSp,0.037037037037037035,26,26,CCTGCATGGGGTGATCCGAT,0,1614169
galSp,0.037037037037037035,26,26,CATGAAGGTTGGTAGCTTAA,0,1619518
galSp,0.037037037037037035,26,26,CAGGAAGTGACAGGCTTAGT,0,1615290
galSp,0.037037037037037035,26,26,ATTGTATGGCTCTTCGTTGA,0,1615516
galSp,0.037037037037037035,26,26,AGTCTGGCGGTTCCGGTTTC,0,1598851
galSp,0.037037037037037035,26,26,ACACACTGCCATTAGTTCTT,0,1601161
galSp,0.038461538461538464,25,25,TCTACAAGTAGACAAGCCAG,0,1601915
galSp,0.038461538461538464,25,25,TCAGGGGCAGGACCTAGACT,0,1602784
galSp,0.038461538461538464,25,25,TATGGATATACGTTGGTACT,0,1601156
galSp,0.038461538461538464,25,25,TATAAACGTACGCGGTTGAG,0,1604207
galSp,0.038461538461538464,25,25,GTGCCATAGCTTAAAGCGTA,0,1614018
galSp,0.038461538461538464,25,25,GCCTTGGCACGGGCATCGCA,0,1610729
galSp,0.038461538461538464,25,25,GCCTAAAGCCGGCGGAGATA,0,1605946
galSp,0.038461538461538464,25,25,GAGAGATGGACACGCGTGCG,0,1606813
galSp,0.038461538461538464,25,25,CTTGGCGGCACTTAGGTATG,0,1599780
galSp,0.038461538461538464,25,25,CCAGGCAACCTGGTAGTCCA,0,1604208
galSp,0.038461538461538464,25,25,ATTCGGACTCGATCGTAACA,0,1603652
galSp,0.038461538461538464,25,25,ATAATCATAAAACGGTACAT,0,1609923
galSp,0.038461538461538464,25,25,AGATAGGGGTCAGGAACAGA,0,1601995
galSp,0.038461538461538464,25,25,AGAGCCGGTAGTATTATTCT,0,1596069
galSp,0.038461538461538464,25,25,ACCCAGGCGTTCGACCGTAC,0,1611345
galSp,0.038461538461538464,25,25,AATGCTCCCGGGTGCCGGTA,0,1618384
galSp,0.038461538461538464,25,25,AATCATGCGCAGGAGGATGT,0,1601805
galSp,0.038461538461538464,25,25,AAACCGGCAGTGGACGGTGA,0,1614862
galSp,0.04,24,24,TTGACCGGCGCAACACCCGC,0,1613012
galSp,0.04,24,24,TTATGGACTGGGCTCGACCC,0,1597942
galSp,0.04,24,24,TCTAGCACTTTCAAGTACTT,0,1598554
galSp,0.04,24,24,GTAGGACAGCTTGCTGCGTG,0,1600324
galSp,0.04,24,24,GTACGGGGTCCCTCCCGAAT,0,1611791
galSp,0.04,24,24,GGCAACCCCTCCCTGGGAAT,0,1615871
galSp,0.04,24,24,CTTGTAAAATGGAATGGGTA,0,1600215
galSp,0.04,24,24,CGGACGTGGCCTTGCATGTT,0,1608603
galSp,0.04,24,24,CAAAGTCTTTCTTAGTAAGT,0,1608998
galSp,0.04,24,24,AGACCGATGGTCGTGTGGCA,0,1599323
galSp,0.04,24,24,AGAAATCAGGAATAGGCGTT,0,1613864
galSp,0.04,24,24,ACGCGGAGGGAGCTGACTCT,0,1611219
galSp,0.04,24,24,ACGCCTTGCGGCTTACTCAT,0,1609108
galSp,0.04,24,24,AACTTGCAGAGATGGTGTGG,0,1618755
galSp,0.041666666666666664,23,23,TTTGGCAACCGTCACGAGGT,0,1611078
galSp,0.041666666666666664,23,23,TTTGCTTGCTATTTTTTAGT,0,1607146
galSp,0.041666666666666664,23,23,TTGGGCCTCAAGCGTAGGGT,0,1619919
galSp,0.041666666666666664,23,23,TGTTACGATCACACTTTTAC,0,1600786
galSp,0.041666666666666664,23,23,TGAGCTGCAAAGCGCTGATT,0,1604524
galSp,0.041666666666666664,23,23,TCTACATCCAGATTCGGCTT,0,1619535
galSp,0.041666666666666664,23,23,TCGTCACTCGACCGAAGAGT,0,1619268
galSp,0.041666666666666664,23,23,GTTAGGGCAGATATCAGTAT,0,1597983
galSp,0.041666666666666664,23,23,GTCGTCCTACTGATACACCA,0,1618326
galSp,0.041666666666666664,23,23,GTAGGCGTGAGGAAACGTGA,0,1599868
galSp,0.041666666666666664,23,23,GGGATTAAGGCTACCACCCT,0,1608835
galSp,0.041666666666666664,23,23,GCTAGATGACGTGCGTAATA,0,1604877
galSp,0.041666666666666664,23,23,CTTAATATCGGACGGCGGTA,0,1616283
galSp,0.041666666666666664,23,23,CTGGAGTCTCAAAAAGGTGT,0,1599195
galSp,0.041666666666666664,23,23,CCTAGGGCATAGAACAACGA,0,1600280
galSp,0.041666666666666664,23,23,CATGAGACATGGGTACAACA,0,1595695
galSp,0.041666666666666664,23,23,CAGCTGTGTTGGCCAAAAAG,0,1600677
galSp,0.041666666666666664,23,23,CACAGGTATGTGGCCAGGTT,0,1619167
galSp,0.041666666666666664,23,23,CAACCTTGGTGCTCATGGCG,0,1598483
galSp,0.041666666666666664,23,23,AGATCCAACAACATTACGCA,0,1610705
galSp,0.041666666666666664,23,23,ACGGTATGGGTTCAGATATA,0,1604691
galSp,0.041666666666666664,23,23,ACAATCGGGATACGGCACTT,0,1621418
galSp,0.041666666666666664,23,23,ACAAACAGAGAGGTTCCGCA,0,1616808
galSp,0.041666666666666664,23,23,AAATCGTGTAAGATTTTTAA,0,1601296
galSp,0.043478260869565216,22,22,TTCCTACCTGAGGCCAGATC,0,1597665
galSp,0.043478260869565216,22,22,TGGCGTTACCGCGGCTTTAA,0,1617315
galSp,0.043478260869565216,22,22,TGCATTCACATCGTTGCTGA,0,1604144
galSp,0.043478260869565216,22,22,TGACATGGAAAAAACTGGTT,0,1618171
galSp,0.043478260869565216,22,22,TCCATGCCGGCGAGGGGGTT,0,1601819
galSp,0.043478260869565216,22,22,TCATACGTTTGAATAAATAG,0,1607399
galSp,0.043478260869565216,22,22,TCAGGCAGATGCGTGCGATA,0,1600871
galSp,0.043478260869565216,22,22,TATGTGGCGTATGTGTCAGT,0,1597458
galSp,0.043478260869565216,22,22,TAACAACTGTGAGGGTAGGT,0,1605053
galSp,0.043478260869565216,22,22,GGCGCACAAAAGGTTGTCAG,0,1611274
galSp,0.043478260869565216,22,22,GGATGCAAACGCTCTTGAGA,0,1599320
galSp,0.043478260869565216,22,22,GATAAATGGGCACCAGATAA,0,1599585
galSp,0.043478260869565216,22,22,CTTCGCTTCCGCTGGAGGGA,0,1612755
galSp,0.043478260869565216,22,22,CTTACTTAAGGGATCATTAG,0,1616979
galSp,0.043478260869565216,22,22,CTGGCATAGGGGAAACGTAA,0,1611083
galSp,0.043478260869565216,22,22,CGTACAGCTATGGTCCCCAC,0,1608656
galSp,0.043478260869565216,22,22,CGGATAGCTTTCCGGACTGT,0,1603292
galSp,0.043478260869565216,22,22,CCGCTCGAAAACTCCCCACG,0,1613051
galSp,0.043478260869565216,22,22,CCCGGCCTCTTTTTCACATA,0,1604671
galSp,0.043478260869565216,22,22,CCCAAAGGAGACCGTTACTG,0,1605065
galSp,0.043478260869565216,22,22,CATGGCAATTTTAAAGACGT,0,1597726
galSp,0.043478260869565216,22,22,CAGTCCCAGATTCCGCAAAT,0,1613338
galSp,0.043478260869565216,22,22,CACAAAGGGTAAAGGCGTGC,0,1603709
galSp,0.043478260869565216,22,22,CAATTGGCTGATGGCCCTGA,0,1608839
galSp,0.043478260869565216,22,22,CAAGGAGGCTAGGGACTCTT,0,1596763
galSp,0.043478260869565216,22,22,ATGGACTTGGCGATGCGGTG,0,1598781
galSp,0.043478260869565216,22,22,AGTATAGGTATGAAGTAGAG,0,1605578
galSp,0.043478260869565216,22,22,ACCTACAGTTTTGACAGCCT,0,1602498
galSp,0.043478260869565216,22,22,ACACGGGCAACCGATCCCGT,0,1604892
galSp,0.045454545454545456,21,21,TGGCCTACGTAATCTCCATC,0,1599892
galSp,0.045454545454545456,21,21,TCGGCAGCACGTAAACAGGT,0,1610157
galSp,0.045454545454545456,21,21,TATCGCGCATGAGACGCAGC,0,1612002
galSp,0.045454545454545456,21,21,TACATTAAGAGGGTAGCGGT,0,1606667
galSp,0.045454545454545456,21,21,TAACGCCCGACACATGAGGA,0,1602933
galSp,0.045454545454545456,21,21,TAAAGGCTTATGGCCGCAGG,0,1613004
galSp,0.045454545454545456,21,21,GTCATTGGTAGTTCGCAAGG,0,1614417
galSp,0.045454545454545456,21,21,GGTGGAAAAAAACCCGCGCT,0,1605249
galSp,0.045454545454545456,21,21,GCCTTGGTCATAAGCTCATA,0,1613980
galSp,0.045454545454545456,21,21,GATACGACAGCTACTTGAGG,0,1604812
galSp,0.045454545454545456,21,21,GAGGATGTCTTTGGTAGTTG,0,1601671
galSp,0.045454545454545456,21,21,GACTTGAACTATTCAATGCA,0,1599885
galSp,0.045454545454545456,21,21,CTCGGCGTTCAGGGTTGCGA,0,1616155
galSp,0.045454545454545456,21,21,CTCAGCCTTATCTGCCAGCC,0,1596310
galSp,0.045454545454545456,21,21,CGCACTGGGTTTCAAATGGT,0,1611098
galSp,0.045454545454545456,21,21,CCTCTGCCGAGTGGAGCAAG,0,1619351
galSp,0.045454545454545456,21,21,CATCGTACTAGCGGACCAGC,0,1599425
galSp,0.045454545454545456,21,21,CAGTCGGGGTCATGCTCATT,0,1606124
galSp,0.045454545454545456,21,21,AGACTCGCATTGGCAGCATA,0,1612606
galSp,0.045454545454545456,21,21,ACTGGTGGAAAAATACGACT,0,1608295
galSp,0.045454545454545456,21,21,ACTCAATGCGGAGCGTGGAC,0,1606763
galSp,0.045454545454545456,21,21,ACCAGCTGTTCATGCTTTTG,0,1619241
galSp,0.045454545454545456,21,21,AACTTGCCCGAAGCGCCCAC,0,1607269
galSp,0.047619047619047616,20,20,TTCCGTGCGACTAGACTGTT,0,1601345
galSp,0.047619047619047616,20,20,TTCAGAATCTATTCAAGAGT,0,1610771
galSp,0.047619047619047616,20,20,TCAGTAGTTACTGAATAGTA,0,1596555
galSp,0.047619047619047616,20,20,TAAGTCGCTAGGGCGAACAG,0,1613928
galSp,0.047619047619047616,20,20,TAACGGAACTCACACACCGT,0,1612656
galSp,0.047619047619047616,20,20,GCGTAAAAGCTGAATCCATT,0,1618231
galSp,0.047619047619047616,20,20,GCGCTTAGGTCCACTAAGTA,0,1598416
galSp,0.047619047619047616,20,20,GCCAAGCTAGACACTGTTGA,0,1617468
galSp,0.047619047619047616,20,20,CGTACCCTTGCGCGGAGGAG,0,1608616
galSp,0.047619047619047616,20,20,CGGGCCTCGATACAGTTATG,0,1621340
galSp,0.047619047619047616,20,20,CCGTCTTTATATGACACTCA,0,1596844
galSp,0.047619047619047616,20,20,CAGTCCGCCAATTGGCAACG,0,1601295
galSp,0.047619047619047616,20,20,ATCGATGGTCGCCATGGGCA,0,1602762
galSp,0.047619047619047616,20,20,AGAATAATGTTCAGATGTTT,0,1606861
galSp,0.047619047619047616,20,20,ACTCCCAATGTTATTGGCTT,0,1608050
galSp,0.047619047619047616,20,20,ACGCTCCGACCAAACTGCTG,0,1616888
galSp,0.047619047619047616,20,20,AATAGGTTCAACTTAACGCT,0,1608836
galSp,0.047619047619047616,20,20,AATAAGCGAACCCTTGACAT,0,1618283
galSp,0.047619047619047616,20,20,AACGGGTGCCCGGGCTTTAG,0,1621119
galSp,0.05,19,19,TGGGCTTAGTTCAACCATTA,0,1599562
galSp,0.05,19,19,TGGCCGTATTGATATGGTCA,0,1598099
galSp,0.05,19,19,GTTCGCATGGAGTGTTGATT,0,1598009
galSp,0.05,19,19,GTGAACCACCAGGGTGACGT,0,1599191
galSp,0.05,19,19,GTACAACGCGAACCAGCGAA,0,1613785
galSp,0.05,19,19,GGGGTCGCATGTTGAACATT,0,1620469
galSp,0.05,19,19,GGAACGGCTTCCGCTAACCT,0,1609248
galSp,0.05,19,19,GAGTCATGGCAGCGACTCTA,0,1616130
galSp,0.05,19,19,CGTTAAAAGCTTGCAAGACA,0,1607450
galSp,0.05,19,19,CGTAGCTAGGTGCGTGAAAT,0,1607066
galSp,0.05,19,19,CGGCCCCGAGAGTCACAGGG,0,1607735
galSp,0.05,19,19,CAGGCTCGCGCGTTTCGGTG,0,1595227
galSp,0.05,19,19,CACGTCCAATGTGAGTGAAG,0,1620285
galSp,0.05,19,19,AGGTCTTTTCTCACGGCATA,0,1603827
galSp,0.05,19,19,AGCCGGGGGTTTTCTTCAGT,0,1610561
galSp,0.05,19,19,AGAATGCGCCCAAGAAATAG,0,1596858
galSp,0.05,19,19,AGAAGATCCGAAAGCTTTTC,0,1620022
galSp,0.05,19,19,ACGTTCCCAGGCGTATGTGG,0,1610336
galSp,0.05,19,19,ACACGTCCGAGGCCCCGTAG,0,1605081
galSp,0.05,19,19,AATCTATTGCGCGTCGCCCG,0,1602992
galSp,0.05263157894736842,18,18,TTCGACATCCTCACTACTCT,0,1607152
galSp,0.05263157894736842,18,18,TGTTAGCATCAATACACGAG,0,1598426
galSp,0.05263157894736842,18,18,TAAATTGTGCGGATGAAATG,0,1618519
galSp,0.05263157894736842,18,18,GGGTCAACGGCACCTCTGTC,0,1610609
galSp,0.05263157894736842,18,18,GGGGATTATGATGTGTTCAG,0,1597741
galSp,0.05263157894736842,18,18,GGCCGTGTGTGAGGCCATTA,0,1611522
galSp,0.05263157894736842,18,18,GACGCTAACGAGTCACGGGC,0,1604831
galSp,0.05263157894736842,18,18,GACAATTGGCGGTAACGCGG,0,1602433
galSp,0.05263157894736842,18,18,CTTTGCGATCAGTCGTGGTT,0,1599102
galSp,0.05263157894736842,18,18,CTATTTACTCTACCAACCGT,0,1602331
galSp,0.05263157894736842,18,18,CTAGGTCGGCCCAGGCCTTG,0,1596158
galSp,0.05263157894736842,18,18,CTAACCATTTCAGGCGGTTC,0,1605529
galSp,0.05263157894736842,18,18,CGTTTGTAGCGCTTATCACA,0,1603889
galSp,0.05263157894736842,18,18,CGTGGAACTTTTCCTGGCTA,0,1596970
galSp,0.05263157894736842,18,18,CGAGGTGGGGGGTAGAAAGA,0,1609940
galSp,0.05263157894736842,18,18,CCTCTAGTTGACTTCCCGCC,0,1605419
galSp,0.05263157894736842,18,18,CCTACCGTAGTACTCCTTCA,0,1608285
galSp,0.05263157894736842,18,18,CCGGGCTATCTGCCTTTTTT,0,1606313
galSp,0.05263157894736842,18,18,CCGAGAACCCATATCAAACT,0,1613851
galSp,0.05263157894736842,18,18,CCATTAAACAACTGGAAGAC,0,1598335
galSp,0.05263157894736842,18,18,CAACGCCTACATTGAACCTG,0,1614643
galSp,0.05263157894736842,18,18,ATTGAGTAACGCTTTAAACC,0,1602088
galSp,0.05263157894736842,18,18,ATGGGGAATACCCCCAAGAT,0,1606027
galSp,0.05263157894736842,18,18,ATGCGAAACATGTCTCACTT,0,1605907
galSp,0.05263157894736842,18,18,ATAGGGACGTAAGGTGAACA,0,1603603
galSp,0.05263157894736842,18,18,AGTTCAATTTGTGAACGAGA,0,1600644
galSp,0.05263157894736842,18,18,AGAAAAGTCGGTTATTCCGT,0,1599640
galSp,0.05263157894736842,18,18,ACTGTTCGGAGGCCAGCCAT,0,1601939
galSp,0.05263157894736842,18,18,ACTGACAAGCCGGCCAAAAG,0,1609102
galSp,0.05263157894736842,18,18,ACGTGTTTCAAGCAATACGC,0,1601803
galSp,0.05263157894736842,18,18,ACGGGAGCACAATGAGGAAC,0,1606666
galSp,0.05263157894736842,18,18,AATGTCTCTCTGGCGGCTAG,0,1595885
galSp,0.05263157894736842,18,18,AACGCCCAGGCCTGCGTACC,0,1602072
galSp,0.05263157894736842,18,18,AAAATAGGGGTATACACAGA,0,1619064
galSp,0.05555555555555555,17,17,TTGTACGGGAATGCTGGCCA,0,1614486
galSp,0.05555555555555555,17,17,TTACTTAAAGGGAGTGAAGC,0,1603793
galSp,0.05555555555555555,17,17,TGGACAGCCAGCCCGGGTTT,0,1609103
galSp,0.05555555555555555,17,17,TGCCGCCTAGATTTTCACAA,0,1605897
galSp,0.05555555555555555,17,17,TGCACAATCACTCGGCTACA,0,1608553
galSp,0.05555555555555555,17,17,TCGCAGCAGTCCCCTGAGAC,0,1595226
galSp,0.05555555555555555,17,17,TATCTTTCCACAAGCGAGGG,0,1617731
galSp,0.05555555555555555,17,17,TACATGCATAGGACGCGCTA,0,1607729
galSp,0.05555555555555555,17,17,TAAGCGATGTAGTTTAATGC,0,1596168
galSp,0.05555555555555555,17,17,GTTGCGGAGACCTCACTCAT,0,1599590
galSp,0.05555555555555555,17,17,GTATCCTGGATCGGCCTACT,0,1619695
galSp,0.05555555555555555,17,17,GTAGGTTCACCGCTTCTCTG,0,1597355
galSp,0.05555555555555555,17,17,GTAAGGCGCGGGTAAGGCAT,0,1600707
galSp,0.05555555555555555,17,17,GGGCATGAGGTGTACAGCAA,0,1599637
galSp,0.05555555555555555,17,17,GGCTGAACTCGGAAGGACGA,0,1613827
galSp,0.05555555555555555,17,17,GGCAGCGGAAGTTCATGCTC,0,1602757
galSp,0.05555555555555555,17,17,GGATTACAGTCCGGGTACAG,0,1597408
galSp,0.05555555555555555,17,17,GCAAAATGTTACTATACTGC,0,1609249
galSp,0.05555555555555555,17,17,GATAGGCGGCCCACTGTGTC,0,1612462
galSp,0.05555555555555555,17,17,GAGGATACGATGGCTATGCG,0,1618932
galSp,0.05555555555555555,17,17,GAACAGGTATAATCTGGCTT,0,1605654
galSp,0.05555555555555555,17,17,CTTCTTCGACATACGATCGG,0,1614012
galSp,0.05555555555555555,17,17,CGGATGCGATATGGGAAACC,0,1604495
galSp,0.05555555555555555,17,17,CGACTTCCCACTTTGCGTCT,0,1616215
galSp,0.05555555555555555,17,17,CCTTTTCTCGCCTTGTGTAA,0,1599869
galSp,0.05555555555555555,17,17,CCGGAATATTACTGTGCAAA,0,1615438
galSp,0.05555555555555555,17,17,CCACTGGAAAGCCTTTGAGC,0,1596741
galSp,0.05555555555555555,17,17,CATGGCGTAACCTACTGGCT,0,1599586
galSp,0.05555555555555555,17,17,CACGGTCAGGAAGCAAGCAT,0,1607513
galSp,0.05555555555555555,17,17,CAACCAGAGAGACGTTGTAT,0,1607659
galSp,0.05555555555555555,17,17,CAACACGGTAGCTCAGAGAT,0,1617429
galSp,0.05555555555555555,17,17,ATTGCGTATCTAAGAAATTA,0,1608805
galSp,0.05555555555555555,17,17,ATTAAATTAACTAACAAAAG,0,1612925
galSp,0.05555555555555555,17,17,ATCTCCAGCGCTGTGTCGAC,0,1603906
galSp,0.05555555555555555,17,17,ATCCTCCCGCATTCGCAAGT,0,1598879
galSp,0.05555555555555555,17,17,AGCTCAAACTCTGAGGGTCT,0,1603770
galSp,0.05555555555555555,17,17,AGCTATGCGTAAAGTTTAAT,0,1613052
galSp,0.05555555555555555,17,17,ACTTCCACAGGTTATGCCGC,0,1608108
galSp,0.05555555555555555,17,17,ACTGCCATTGACTCGTGTGG,0,1596385
galSp,0.05555555555555555,17,17,ACGTAGGAATTAATCGAGTC,0,1606945
galSp,0.05555555555555555,17,17,AATAACTCCATACTTCGAAG,0,1611905
galSp,0.05555555555555555,17,17,AAGAATTTAGGCCTACGATG,0,1616032
galSp,0.05555555555555555,17,17,AACTTTTTCCTCGTTGGTCT,0,1595872
galSp,0.05555555555555555,17,17,AACAGCAAAGATCTTCAGGA,0,1608784
galSp,0.05555555555555555,17,17,AAATGTCGGTAGATAAATGA,0,1604632
galSp,0.05555555555555555,17,17,AAACGCTAGGTTGAGATCTA,0,1619510
galSp,0.058823529411764705,16,16,TTGCAGAGTAGACGTTCTTA,0,1614309
galSp,0.058823529411764705,16,16,TTCGTAACGATGACCCGAAT,0,1610781
galSp,0.058823529411764705,16,16,TGCTTATCCCGGGGTCGATG,0,1601223
galSp,0.058823529411764705,16,16,TGACAGACTGAAATGGCGGA,0,1606812
galSp,0.058823529411764705,16,16,TCTCAAACTCGGGTGGTGTT,0,1614587
galSp,0.058823529411764705,16,16,TATACGGGCTCTTATACAGA,0,1611755
galSp,0.058823529411764705,16,16,TACTTGCCGCAGCTCATAGT,0,1600908
galSp,0.058823529411764705,16,16,TAATGACCACTGATTACCTG,0,1615098
galSp,0.058823529411764705,16,16,GTTAGGTTCGCCCGCGAGAT,0,1612175
galSp,0.058823529411764705,16,16,GTCAGGACAGAAAGCCGGCT,0,1597783
galSp,0.058823529411764705,16,16,GTACCATGGAGCAGTAAATT,0,1598282
galSp,0.058823529411764705,16,16,GTAATTCAGTGTGGGGCCAT,0,1598336
galSp,0.058823529411764705,16,16,GTAATGGGAGGAGTACCATA,0,1599547
galSp,0.058823529411764705,16,16,GGGTGTCACAATCACCGGCG,0,1610469
galSp,0.058823529411764705,16,16,GGGATTGAATGAATTTGGAG,0,1599411
galSp,0.058823529411764705,16,16,GGGACGGGGGAACGTATTGA,0,1601647
galSp,0.058823529411764705,16,16,GCGACCACTGGGCGGGCGTT,0,1603276
galSp,0.058823529411764705,16,16,GCCGGACGTGGTAATGCCAT,0,1596576
galSp,0.058823529411764705,16,16,GCCGATTTTGCGCAGTCGAT,0,1604191
galSp,0.058823529411764705,16,16,GCCCCTTGACGGGTACGTGT,0,1618663
galSp,0.058823529411764705,16,16,GCACCGATGGGCAGGCTCAT,0,1601284
galSp,0.058823529411764705,16,16,GATTTATTCTTCGCCTGGGC,0,1614532
galSp,0.058823529411764705,16,16,GAGGTCATAGTGCGATTGAA,0,1619493
galSp,0.058823529411764705,16,16,CTTCTGACGGCCATATAATG,0,1614387
galSp,0.058823529411764705,16,16,CTTATTCCTGCGTCAGCATA,0,1608028
galSp,0.058823529411764705,16,16,CTGATACGTATCGGGCAGAG,0,1601643
galSp,0.058823529411764705,16,16,CTATATGGTTAGGGTTGCCA,0,1596639
galSp,0.058823529411764705,16,16,CGCACGTACGTTCGTCGGAC,0,1597906
galSp,0.058823529411764705,16,16,CCTTTTATAGGCCAGAACTT,0,1611615
galSp,0.058823529411764705,16,16,CCGGGTACGGTAGCGTGAAA,0,1609943
galSp,0.058823529411764705,16,16,CCCATTTTGGGCTGTTATGA,0,1604337
galSp,0.058823529411764705,16,16,CAGTTTACGCCCGGTGGTTA,0,1604457
galSp,0.058823529411764705,16,16,CAGGCTATTGTGTGGGCTCG,0,1608492
galSp,0.058823529411764705,16,16,CAGGAGGAGTAGCGGTGATA,0,1621381
galSp,0.058823529411764705,16,16,CAATCAGGGGTTAATCTTAA,0,1613976
galSp,0.058823529411764705,16,16,CAAGGAAGTGAGTGCCAACT,0,1595295
galSp,0.058823529411764705,16,16,CAAGATGTTATGGTTGTACG,0,1604505
galSp,0.058823529411764705,16,16,ATCTCGCAACCTCTTTTCGC,0,1609645
galSp,0.058823529411764705,16,16,ATCGCTCGGGAAAAATCGAA,0,1601468
galSp,0.058823529411764705,16,16,AGCATGGTCGAAGTACGCGT,0,1611703
galSp,0.058823529411764705,16,16,AAGAGGGTTTTCAGTAGGTG,0,1595229
galSp,0.058823529411764705,16,16,AAGAGCGCGGCAATTAGGCA,0,1609868
galSp,0.058823529411764705,16,16,AACTCTGTGGCTGTTATAGC,0,1598908
galSp,0.0625,15,15,TTTATCCAGTTCTCGTTGTA,0,1611369
galSp,0.0625,15,15,TTGTATCGCTAAACTCGACC,0,1607469
galSp,0.0625,15,15,TTGGGGTCAGACGCTCACTA,0,1619370
galSp,0.0625,15,15,TTGCTGTTGTCCCCCCAGCG,0,1614112
galSp,0.0625,15,15,TTCGCGCGTCAACGAAAATA,0,1612554
galSp,0.0625,15,15,TGTGTCAAACGTTGGCCGCA,0,1610300
galSp,0.0625,15,15,TGCTCTAATTCGATGTGATC,0,1610151
galSp,0.0625,15,15,TGCCGGTGGAGAATGCACTT,0,1598703
galSp,0.0625,15,15,TCTTGTCTACTGCAAAATTG,0,1595710
galSp,0.0625,15,15,TCCCTGGCCCATGCGTAGAT,0,1601892
galSp,0.0625,15,15,TATGCATACGACAATCACCA,0,1605871
galSp,0.0625,15,15,TAGACTGTGACGAATGCTAA,0,1618795
galSp,0.0625,15,15,TACTGTTCACTTGCTAACGT,0,1614892
galSp,0.0625,15,15,GTTGTACTTCAGCACGGCAT,0,1613297
galSp,0.0625,15,15,GTGATGTTACTCCTACGAAA,0,1620486
galSp,0.0625,15,15,GTGATAAGTCATCTAGAGAC,0,1604954
galSp,0.0625,15,15,GTCATTTAGTTGATGAGGAG,0,1608552
galSp,0.0625,15,15,GTATTTGGGTTCCACGAATG,0,1615621
galSp,0.0625,15,15,GTATGATGGAATTGCTGCTA,0,1612543
galSp,0.0625,15,15,GGTACGGTTCGATGCGGTGA,0,1597691
galSp,0.0625,15,15,GGGGCTGGGGATAAGTGGGT,0,1595585
galSp,0.0625,15,15,GGGATATAGCCGACACATTT,0,1610573
galSp,0.0625,15,15,GGCAGCTATAACTGCGGAAG,0,1609822
galSp,0.0625,15,15,GGACAATTACTTGGATATAG,0,1611337
galSp,0.0625,15,15,GCGCTGGGGAGTCGGTGCGA,0,1617453
galSp,0.0625,15,15,GCAAAGACCCTGAAAATTAA,0,1616617
galSp,0.0625,15,15,GAGTAATGGAGATGTGAAAC,0,1617031
galSp,0.0625,15,15,GACTGAACTGTGCAGTCGCT,0,1596458
galSp,0.0625,15,15,CTTTATGCAGGAACACGATC,0,1607412
galSp,0.0625,15,15,CTTCACACCCGAAGCTAGTG,0,1605534
galSp,0.0625,15,15,CTGTCAGGCGTAGGCAAAGG,0,1595557
galSp,0.0625,15,15,CTCATGGTAGCGTCAAACTT,0,1602747
galSp,0.0625,15,15,CGGGAGCCACCTATGTTGTG,0,1604493
galSp,0.0625,15,15,CGCGCTCCCGCTTTAGAGCA,0,1620757
galSp,0.0625,15,15,CGCGCTAGTTCCCACGATCA,0,1604467
galSp,0.0625,15,15,CGAAGGTCCCCGTTCTGCTC,0,1604742
galSp,0.0625,15,15,CCTGCGCTTCCTCAAGAAAG,0,1599993
galSp,0.0625,15,15,CCTCGGGCCTTCTAAAGGCA,0,1608842
galSp,0.0625,15,15,CACATGGCTAGAATTAACGA,0,1616606
galSp,0.0625,15,15,ATTTACGCTGGTATTACATA,0,1611832
galSp,0.0625,15,15,ATGCATGTTTTAATGTTGAA,0,1615066
galSp,0.0625,15,15,ATACGTAAGTACTGCATTGA,0,1608962
galSp,0.0625,15,15,ATACACCTTGGGCATGCTCA,0,1609194
galSp,0.0625,15,15,AGTTAAACACTTCCTTCTGA,0,1615851
galSp,0.0625,15,15,AGGGCGCACGAGGGCACCGG,0,1607013
galSp,0.0625,15,15,ACTCTTCAGTCCAAGAGAAG,0,1602875
galSp,0.0625,15,15,ACGGGTGAAATAAAGATATA,0,1595968
galSp,0.0625,15,15,AATAACAGAGGCGGGGCCCT,0,1604530
galSp,0.0625,15,15,AAGGGGCATCATGCCAGCCC,0,1606580
galSp,0.0625,15,15,AACTGGTTAAACGCATCAGC,0,1600190
galSp,0.0625,15,15,AAACGCGCTGTTTGGGCGGG,0,1601593
galSp,0.06666666666666667,14,14,TTTGGCTTGACGCGGCTTCA,0,1600990
galSp,0.06666666666666667,14,14,TTGACGGCAGCGTTTAAATA,0,1607203
galSp,0.06666666666666667,14,14,TTGACACGCACTGGATCAGA,0,1604276
galSp,0.06666666666666667,14,14,TTCTAGAGCGTCTTGCTAGT,0,1602642
galSp,0.06666666666666667,14,14,TTATCCCGCTGATCCGTATA,0,1598640
galSp,0.06666666666666667,14,14,TTATCCCCCTTCCAGAAGGT,0,1610106
galSp,0.06666666666666667,14,14,TGTTGAAGACCTACCTGCAA,0,1609570
galSp,0.06666666666666667,14,14,TGTCAAGAGTAAACGTCCGA,0,1603654
galSp,0.06666666666666667,14,14,TGGACCTGAGCGAAAGCATG,0,1597307
galSp,0.06666666666666667,14,14,TGCGGAGACATGCCGAACAA,0,1598568
galSp,0.06666666666666667,14,14,TGCAGCACCGTCGATCTGCG,0,1603069
galSp,0.06666666666666667,14,14,TGAGCCTAGGGTACGATTAA,0,1614770
galSp,0.06666666666666667,14,14,TCGGAGGTCCGGACGCTAAA,0,1602649
galSp,0.06666666666666667,14,14,TCCTTCATTCAAACATCACT,0,1606423
galSp,0.06666666666666667,14,14,TCCCTAATAGCCTCGATAAA,0,1607222
galSp,0.06666666666666667,14,14,TCCCATTATGCCCTGAAGAG,0,1609544
galSp,0.06666666666666667,14,14,TCAGATCAGGTCGGTACCTG,0,1595711
galSp,0.06666666666666667,14,14,TCACAGTATCGTTATAACGC,0,1606612
galSp,0.06666666666666667,14,14,TATTAGGGGCAATTTCTCAT,0,1611180
galSp,0.06666666666666667,14,14,TACCAGTGCCTATCGCGAAC,0,1599250
galSp,0.06666666666666667,14,14,TAATGTTGAATTTCGCAACT,0,1598782
galSp,0.06666666666666667,14,14,GTGTGACCTACGCTGACGGC,0,1621533
galSp,0.06666666666666667,14,14,GTGATTTACTGGTGATAGGA,0,1612594
galSp,0.06666666666666667,14,14,GTCGCGTTCAGTTTATCTAT,0,1600558
galSp,0.06666666666666667,14,14,GTACGAGTCGGTGTCCGTTC,0,1611310
galSp,0.06666666666666667,14,14,GGTGTACTTGTGCGAGCTCA,0,1620334
galSp,0.06666666666666667,14,14,GGCGTGGCCCCTGACCCGCG,0,1600527
galSp,0.06666666666666667,14,14,GGCCGTCATGGGAGATTTAA,0,1609338
galSp,0.06666666666666667,14,14,GGAGTACCTATGATTCGACT,0,1611849
galSp,0.06666666666666667,14,14,GGAGGGAACAGGAGGGAAGC,0,1618207
galSp,0.06666666666666667,14,14,GCCGACGGAGCGTCTCGGCT,0,1619029
galSp,0.06666666666666667,14,14,GCCCAGTTGGTTAGGCCTAC,0,1612467
galSp,0.06666666666666667,14,14,GAGTGAGGGGATCTGAGCCA,0,1613127
galSp,0.06666666666666667,14,14,GAGTAACACCAGCGTTCGGG,0,1596657
galSp,0.06666666666666667,14,14,GAGAGACTTATTCCCTTGAT,0,1619983
galSp,0.06666666666666667,14,14,GACTAATAGACGTACTCGAC,0,1619885
galSp,0.06666666666666667,14,14,GACCGTTTATCATATGACGG,0,1595433
galSp,0.06666666666666667,14,14,GAACCGCGTCACAGGCCAAA,0,1614024
galSp,0.06666666666666667,14,14,GAAAATAGTCCACACAATCA,0,1607683
galSp,0.06666666666666667,14,14,CTTTGCGCGGGCTGTACAGA,0,1617542
galSp,0.06666666666666667,14,14,CTGGGCTCGATCTTATCTGC,0,1605857
galSp,0.06666666666666667,14,14,CGTAATATTGTCCCTAGATA,0,1615283
galSp,0.06666666666666667,14,14,CGGGGTGTTAGTCCCATACA,0,1609663
galSp,0.06666666666666667,14,14,CGCGCCCCGATTACTCAGGG,0,1608029
galSp,0.06666666666666667,14,14,CGATGTCTTAAACCAATCAT,0,1610600
galSp,0.06666666666666667,14,14,CCTTCATAACGCGTCGGGAA,0,1599431
galSp,0.06666666666666667,14,14,CCGGAGTCCACCAGTGGTAG,0,1602263
galSp,0.06666666666666667,14,14,CCGCAGATTGCGGGAACGTG,0,1617028
galSp,0.06666666666666667,14,14,CCACGCGCATATGGCCTGCT,0,1603825
galSp,0.06666666666666667,14,14,CATTGGCCCTTCTGTAACTG,0,1612504
galSp,0.06666666666666667,14,14,CACATGTTTCTCTTGCGTGT,0,1615799
galSp,0.06666666666666667,14,14,ATGGTCACTACATGACTACA,0,1604837
galSp,0.06666666666666667,14,14,ATGCGGTCTACGCCACAAGC,0,1612621
galSp,0.06666666666666667,14,14,ATCCTGGACCCGTGTGGTAG,0,1601821
galSp,0.06666666666666667,14,14,ATAGTGAGGGGGTGATAACG,0,1603364
galSp,0.06666666666666667,14,14,ATACCAATGGAATTAGCTCA,0,1618017
galSp,0.06666666666666667,14,14,AGGCACTCGAGCATTGTGCA,0,1605224
galSp,0.06666666666666667,14,14,AGCATCGACGGTTCCAGATG,0,1620330
galSp,0.06666666666666667,14,14,AGCAGGATGTTATGTACGGG,0,1604681
galSp,0.06666666666666667,14,14,ACTTGAGGAAATTCCACGTA,0,1599946
galSp,0.06666666666666667,14,14,ACTGAACTATGATCGAACGT,0,1597908
galSp,0.06666666666666667,14,14,ACCCGCGTATGGCCGGTCTA,0,1601423
galSp,0.06666666666666667,14,14,ACATGTACCCCTACGCAATG,0,1615904
galSp,0.06666666666666667,14,14,ACAGAACTCTGACTGGGTTA,0,1611735
galSp,0.06666666666666667,14,14,AATATGAAGGAGGTGGCGGT,0,1607021
galSp,0.06666666666666667,14,14,AAGAGTACGCGTCGCGCAGA,0,1608557
galSp,0.07142857142857142,13,13,TTGTTTAGTTCTTCGAGTAT,0,1610983
galSp,0.07142857142857142,13,13,TTGTTGAGATGGTGAGCGTT,0,1607600
galSp,0.07142857142857142,13,13,TTGGCGTCCATGGCGGAGTT,0,1606568
galSp,0.07142857142857142,13,13,TTGAACCAGGAAACAATCCC,0,1610366
galSp,0.07142857142857142,13,13,TTCGTAATCGCGCCTTTCGT,0,1605363
galSp,0.07142857142857142,13,13,TTAGACTTACAATCACTCAA,0,1616879
galSp,0.07142857142857142,13,13,TGTATGGCTGAAGCTCCAGG,0,1605609
galSp,0.07142857142857142,13,13,TGTACGCCACTGATGGTTGT,0,1620942
galSp,0.07142857142857142,13,13,TGGGTTACCGTTCAGGGCGT,0,1599867
galSp,0.07142857142857142,13,13,TGGCCGTTCGTTGCTGAAGT,0,1619855
galSp,0.07142857142857142,13,13,TGGAAATCGACCTCCGGGTT,0,1610855
galSp,0.07142857142857142,13,13,TGGAAACTTGACAACGCACG,0,1596613
galSp,0.07142857142857142,13,13,TGAGAAGGGTTGGATAGGTT,0,1600536
galSp,0.07142857142857142,13,13,TGACACACAAACGTGGCTTG,0,1605875
galSp,0.07142857142857142,13,13,TCGGCTACAAAGTCCGAACG,0,1614915
galSp,0.07142857142857142,13,13,TCCCTATAGGACGCGTCTTT,0,1612263
galSp,0.07142857142857142,13,13,TATGGAGAGCCAAATATTGA,0,1609725
galSp,0.07142857142857142,13,13,GTTATCTACCGAATAATAGA,0,1596116
galSp,0.07142857142857142,13,13,GTGCCTACGTAAAATTAAAC,0,1608270
galSp,0.07142857142857142,13,13,GTCCAGCTGCCGAACTCACG,0,1606564
galSp,0.07142857142857142,13,13,GTCAAAATGTTCACTCGGGT,0,1600806
galSp,0.07142857142857142,13,13,GTATAAAGGACGTCATGCTC,0,1612163
galSp,0.07142857142857142,13,13,GTAGGGGCATTGTGCTCGCT,0,1600272
galSp,0.07142857142857142,13,13,GTACTCTGCCTTCGCACAGT,0,1607230
galSp,0.07142857142857142,13,13,GGCGGGAGGCTGATAGCGCG,0,1601406
galSp,0.07142857142857142,13,13,GGATTCTCACTTTATAGCAT,0,1612657
galSp,0.07142857142857142,13,13,GGATATTACCAACGCGTGGT,0,1610509
galSp,0.07142857142857142,13,13,GCTTCTAGAACTGTTCATTG,0,1595942
galSp,0.07142857142857142,13,13,GCTGCAAGCGGCGGACAGGT,0,1595853
galSp,0.07142857142857142,13,13,GCTCGCATTTTAAGACAATT,0,1598162
galSp,0.07142857142857142,13,13,GCTCGATCTGGAGAGTGTGT,0,1603717
galSp,0.07142857142857142,13,13,GCTACCTCTTCACGGGAGTA,0,1617432
galSp,0.07142857142857142,13,13,GCGATGTAATCGAACGCTGT,0,1620451
galSp,0.07142857142857142,13,13,GCCTATAGTCTTAGACGATC,0,1612494
galSp,0.07142857142857142,13,13,GCCGGCAATAAAACCGGGCT,0,1617023
galSp,0.07142857142857142,13,13,GCAGACACTTGAGTGCCGCT,0,1615903
galSp,0.07142857142857142,13,13,GAGCTCGGATGTACCAGACA,0,1606876
galSp,0.07142857142857142,13,13,GAGAGACGAGTCATCATCCG,0,1617988
galSp,0.07142857142857142,13,13,GAGACGAAGGTAGCCCAAAG,0,1612948
galSp,0.07142857142857142,13,13,GACGAAGTGAGGTTAATGCC,0,1596683
galSp,0.07142857142857142,13,13,GACAATTACGCTGCCGTGAC,0,1601594
galSp,0.07142857142857142,13,13,CTTCGCATATAACAAACCGT,0,1615042
galSp,0.07142857142857142,13,13,CTGTCACGTTAGGCCGGTGG,0,1611382
galSp,0.07142857142857142,13,13,CTGGATTTCGGCCACCTTTG,0,1611429
galSp,0.07142857142857142,13,13,CGTACATACCTGATGGATTG,0,1612604
galSp,0.07142857142857142,13,13,CGGTAATAATATGGAAGCGG,0,1600136
galSp,0.07142857142857142,13,13,CGCGTATGATGTTATCTCTA,0,1615298
galSp,0.07142857142857142,13,13,CGCCAGGCTCCTGTAAGCAA,0,1618027
galSp,0.07142857142857142,13,13,CGCACTGGGCCATGGCATAC,0,1602710
galSp,0.07142857142857142,13,13,CGAGGGATACTTGTTGTCGG,0,1611359
galSp,0.07142857142857142,13,13,CCTAGGATTATCCTGGTACA,0,1599928
galSp,0.07142857142857142,13,13,CCGATGAACGATGGGAAATG,0,1603456
galSp,0.07142857142857142,13,13,CCCTAGTTCACCCCGCGACT,0,1607628
galSp,0.07142857142857142,13,13,CCCGCCGCTGTCTCTTGGTT,0,1618905
galSp,0.07142857142857142,13,13,CCCCTGTCGGTATGCGTTTC,0,1595722
galSp,0.07142857142857142,13,13,CATCACTACCAGCTATCTGA,0,1613536
galSp,0.07142857142857142,13,13,CAGCTGCCTAAAGGAGTGGT,0,1599321
galSp,0.07142857142857142,13,13,CACCTGCTGGAGGTCAGAGT,0,1605521
galSp,0.07142857142857142,13,13,CACCGTTAGCCGCTTCGGCA,0,1598818
galSp,0.07142857142857142,13,13,CACCGTCAGCGGCGCCTCCG,0,1612488
galSp,0.07142857142857142,13,13,CACCCGCAGCACCAACAGCC,0,1619993
galSp,0.07142857142857142,13,13,CACCAGCAGTGTGCTATAAT,0,1599501
galSp,0.07142857142857142,13,13,CACAGGCGAGTTCAGCTGCT,0,1602686
galSp,0.07142857142857142,13,13,CACACTCGGATGGTAGGTAT,0,1596288
galSp,0.07142857142857142,13,13,CAAGTTAACAAGCTGCATCT,0,1608348
galSp,0.07142857142857142,13,13,ATTGGTTCGTCCATGAGACA,0,1597975
galSp,0.07142857142857142,13,13,ATTACCGTAGCGGGGGACTG,0,1600477
galSp,0.07142857142857142,13,13,ATGAGTTTTATCCGAGCGCC,0,1604115
galSp,0.07142857142857142,13,13,ATGAAGGAAGGTAGCTCAGA,0,1597825
galSp,0.07142857142857142,13,13,ATCCAGATACATACATGACG,0,1601679
galSp,0.07142857142857142,13,13,ATATTCGATAAACTTGGTCG,0,1621021
galSp,0.07142857142857142,13,13,ATATAGGGGGCTCCCGAGTA,0,1612541
galSp,0.07142857142857142,13,13,ATACAGATGTGTTGACTCGT,0,1614938
galSp,0.07142857142857142,13,13,ATAACTTAGGGCCAGTCCGC,0,1599857
galSp,0.07142857142857142,13,13,AGTATATAAGATAACTATCA,0,1608690
galSp,0.07142857142857142,13,13,AGTAAACGTACTGGCAGGTA,0,1619168
galSp,0.07142857142857142,13,13,AGGTTGGGATGCATAGCCGT,0,1617122
galSp,0.07142857142857142,13,13,AGGGCTGGTTTCGTCCGTAC,0,1614191
galSp,0.07142857142857142,13,13,AGGAGCGGTCAGAGGTCTTC,0,1603298
galSp,0.07142857142857142,13,13,AGCTCGTTCTACATATCCGA,0,1599914
galSp,0.07142857142857142,13,13,AGCAAAACTAGGTATGACTC,0,1597570
galSp,0.07142857142857142,13,13,AGACATAGAACGCCTTTCCG,0,1602054
galSp,0.07142857142857142,13,13,ACTTTTGACTGATTGCACTC,0,1609535
galSp,0.07142857142857142,13,13,ACTGTGGGGTATCGGTTAGA,0,1604688
galSp,0.07142857142857142,13,13,ACAGAGGCGGCCAAATCCGT,0,1611361
galSp,0.07142857142857142,13,13,ACAGACGTGGATCAGGCTGT,0,1618312
galSp,0.07142857142857142,13,13,AAGGGGTTCGTAAGAGAGCG,0,1613657
galSp,0.07142857142857142,13,13,AAGCTCATTTTCCACGTGAC,0,1615600
galSp,0.07142857142857142,13,13,AAAGCCTCAGCTTCCATTTT,0,1610018
galSp,0.07142857142857142,13,13,AAAGCCAGCAATGGACTAGG,0,1611214
galSp,0.07142857142857142,13,13,AAAAACGTAAATGGGGACAT,0,1599182
galSp,0.07692307692307693,12,12,TTGGGTCTGTTCAACTCGTT,0,1611448
galSp,0.07692307692307693,12,12,TTCTGGGGGTCGTTTAAGTG,0,1595781
galSp,0.07692307692307693,12,12,TTCTGCAGGGCATTCGAATC,0,1609169
galSp,0.07692307692307693,12,12,TTCCTTCTAAGTGGTTGGAT,0,1610197
galSp,0.07692307692307693,12,12,TTCCGTCGTCAATTCGTCAA,0,1603352
galSp,0.07692307692307693,12,12,TTCCGCATATTAGTTGATAC,0,1603347
galSp,0.07692307692307693,12,12,TTATTACCTTCTCATATAAT,0,1596789
galSp,0.07692307692307693,12,12,TTAGGATCCGATGTTGACGG,0,1598205
galSp,0.07692307692307693,12,12,TTAGCTAATGCATGTCCGGC,0,1603845
galSp,0.07692307692307693,12,12,TTACTGCGCTTTCAGATGGA,0,1598184
galSp,0.07692307692307693,12,12,TGTACACGTGACGCCTGTGT,0,1612727
galSp,0.07692307692307693,12,12,TGGACAGCGGATATACCCGC,0,1618468
galSp,0.07692307692307693,12,12,TGCTCCGGAGGTTTTGTTGA,0,1609976
galSp,0.07692307692307693,12,12,TGCGTGTACGGAGGGTAATC,0,1610754
galSp,0.07692307692307693,12,12,TCTTGGGCACTTCCTCCAAG,0,1612526
galSp,0.07692307692307693,12,12,TCTGGGGGTCCGGGAAGTCA,0,1621276
galSp,0.07692307692307693,12,12,TCTCCTGTACCGGACCGTGA,0,1599376
galSp,0.07692307692307693,12,12,TCTCCATAGCGAGGCCAACT,0,1617257
galSp,0.07692307692307693,12,12,TCTATCAACCGCAGAGTGTT,0,1601921
galSp,0.07692307692307693,12,12,TCGTCATAAATAGGAGACGC,0,1598528
galSp,0.07692307692307693,12,12,TCCGGTTGCGCGGGCACGGA,0,1602419
galSp,0.07692307692307693,12,12,TCAGTTTAGGAAAGCGTTTC,0,1600417
galSp,0.07692307692307693,12,12,TCAGTACGCACTCTGTCTCG,0,1609864
galSp,0.07692307692307693,12,12,TCAGGCGACGACCGGCCATG,0,1608343
galSp,0.07692307692307693,12,12,TCAATATTTTATTGAGGCTT,0,1607624
galSp,0.07692307692307693,12,12,TATGTGGCCGCACGGTCGCG,0,1595709
galSp,0.07692307692307693,12,12,TATGCAAAGGGATAGCGGAC,0,1620143
galSp,0.07692307692307693,12,12,TAGCGTTATAACCTAGGAGC,0,1596148
galSp,0.07692307692307693,12,12,TACTCACTCAGCAGGTCGAA,0,1596816
galSp,0.07692307692307693,12,12,TACGCTGGGAACTCATTGCT,0,1616369
galSp,0.07692307692307693,12,12,TACCAACTACGGTTCGTGGC,0,1608027
galSp,0.07692307692307693,12,12,TACACATGAACCAATGGAAG,0,1606655
galSp,0.07692307692307693,12,12,TAACATTGAACTGCATTTTG,0,1597894
galSp,0.07692307692307693,12,12,TAAATACATCGCCGCGCCGA,0,1608729
galSp,0.07692307692307693,12,12,TAAACTAGCTCCATCCGCAT,0,1613159
galSp,0.07692307692307693,12,12,GTTGAGTGAGAGTAAGTTCT,0,1609414
galSp,0.07692307692307693,12,12,GTGCCCGAAGTAGCGTTTCA,0,1608893
galSp,0.07692307692307693,12,12,GTGCCCATCTGGACGCGATA,0,1611699
galSp,0.07692307692307693,12,12,GTCCCTGGCCGACTGTTGCA,0,1618090
galSp,0.07692307692307693,12,12,GTCCCCGCGGTTAGGTGGTA,0,1606586
galSp,0.07692307692307693,12,12,GTATCATTCGCGCGCGACCT,0,1600482
galSp,0.07692307692307693,12,12,GTAGGAGCGCACATAATCAC,0,1607716
galSp,0.07692307692307693,12,12,GGTACAACTCCCACTCTCAT,0,1604220
galSp,0.07692307692307693,12,12,GCGGCAAAATACGGATATAC,0,1607068
galSp,0.07692307692307693,12,12,GCAGTCCTCGCGGTTACGCT,0,1597276
galSp,0.07692307692307693,12,12,GCAGGACCAGACTGAACGTC,0,1621124
galSp,0.07692307692307693,12,12,GCAGAGATATTTCGGTCAGT,0,1606407
galSp,0.07692307692307693,12,12,GATTTTTAACGCATCTCACT,0,1614220
galSp,0.07692307692307693,12,12,GATCTCAGGGCATGGTAACG,0,1597529
galSp,0.07692307692307693,12,12,GAAATGTTTCGCTACACAAG,0,1621529
galSp,0.07692307692307693,12,12,CTTCCCGTACGCTTGACACA,0,1614907
galSp,0.07692307692307693,12,12,CTTCACTCATGAAACCGATG,0,1608658
galSp,0.07692307692307693,12,12,CTGTCAAATGTGCGTTTGCA,0,1602339
galSp,0.07692307692307693,12,12,CTGGTACGGGGTTTCTCCAT,0,1601877
galSp,0.07692307692307693,12,12,CTGCAATTGAGAGCCGTAAC,0,1611252
galSp,0.07692307692307693,12,12,CTAAGGGTGCCCGCTCGAAG,0,1610544
galSp,0.07692307692307693,12,12,CGTACTGCTGTCGAAGCGAT,0,1616052
galSp,0.07692307692307693,12,12,CGTAATTCAAGGGTTATTTG,0,1607709
galSp,0.07692307692307693,12,12,CGGGATCTAAATTCAATGGG,0,1601648
galSp,0.07692307692307693,12,12,CGGCGGAAAGCGTGGCTGAT,0,1612124
galSp,0.07692307692307693,12,12,CGGCAATAACGGCGCGGGAA,0,1600320
galSp,0.07692307692307693,12,12,CGGCAAGATGACCATGATGG,0,1603016
galSp,0.07692307692307693,12,12,CGGATTAAACGTTTCTCGGA,0,1612901
galSp,0.07692307692307693,12,12,CGGAGTTGCCATACCAACAT,0,1620125
galSp,0.07692307692307693,12,12,CGCGGTTGGCGTACCACTTG,0,1606736
galSp,0.07692307692307693,12,12,CGCGAGTTGGCAATGGACCG,0,1602457
galSp,0.07692307692307693,12,12,CGCATTCGTGGCCACTCCAT,0,1619032
galSp,0.07692307692307693,12,12,CGATAGCGACTCTTACTGAA,0,1597977
galSp,0.07692307692307693,12,12,CCGAGCCCAGCATGGTTAAA,0,1597371
galSp,0.07692307692307693,12,12,CCCGCATTAAATCAGATGTG,0,1610772
galSp,0.07692307692307693,12,12,CCCCTGGTAACGCGGTTTCT,0,1619328
galSp,0.07692307692307693,12,12,CCATGTAAACCCAATGCCCG,0,1617123
galSp,0.07692307692307693,12,12,CCACCCTATGCTCGTCGCTT,0,1613759
galSp,0.07692307692307693,12,12,CCACAAAGCCGAAATTACGA,0,1619646
galSp,0.07692307692307693,12,12,CCAACCGATTGCTCTACGGC,0,1606281
galSp,0.07692307692307693,12,12,CATAAAAGTGGTGGATCAAG,0,1605024
galSp,0.07692307692307693,12,12,CAATGTTACTGTGAAATTTG,0,1608932
galSp,0.07692307692307693,12,12,CAAAAGCCGTTGCGCCGGTT,0,1601224
galSp,0.07692307692307693,12,12,ATTAAAGGACGGCTTCCGTG,0,1604833
galSp,0.07692307692307693,12,12,ATCCATAAATCGAAGTTTAA,0,1611759
galSp,0.07692307692307693,12,12,ATCATACGTCCAGATTTATC,0,1605672
galSp,0.07692307692307693,12,12,ATAGCCCCGAAGTATTCACT,0,1602326
galSp,0.07692307692307693,12,12,ATAAAAAACGGTCTCTAGGT,0,1600952
galSp,0.07692307692307693,12,12,AGTCAGGGGGGTACTGTCTG,0,1618900
galSp,0.07692307692307693,12,12,AGGACAGAATGAGATGTCCG,0,1601697
galSp,0.07692307692307693,12,12,AGCCTCATTGGTTCGAGCAC,0,1614745
galSp,0.07692307692307693,12,12,AGAGGCGGTATCAGAATCAA,0,1597092
galSp,0.07692307692307693,12,12,AGAAGGGGTTTGCCATGGGA,0,1600389
galSp,0.07692307692307693,12,12,ACTGCAGCGTGGACCTGTAT,0,1597863
galSp,0.07692307692307693,12,12,ACGCGGAAGTCGAGCAAATA,0,1609015
galSp,0.07692307692307693,12,12,ACCAGCGAGGTAAATGCGGG,0,1602255
galSp,0.07692307692307693,12,12,ACAGGACGTACTGGTAACTG,0,1616442
galSp,0.07692307692307693,12,12,AATTAATGTTATGGCGTGCC,0,1602777
galSp,0.07692307692307693,12,12,AAGAGCGCTGATTGTTACTT,0,1609800
galSp,0.07692307692307693,12,12,AACTCCGATGTCATCTAAAG,0,1620897
galSp,0.07692307692307693,12,12,AACAATTCATTGATACATGT,0,1601676
galSp,0.07692307692307693,12,12,AAATTTTCTACGTCAGTTTT,0,1597780
galSp,0.08333333333333333,11,11,TTTCGGGCATCGTGGGAGAG,0,1613473
galSp,0.08333333333333333,11,11,TTTCGACCGAGCCAGGTACC,0,1602800
galSp,0.08333333333333333,11,11,TTTAGCATACATCAAGAGCC,0,1608819
galSp,0.08333333333333333,11,11,TTGTCGGTAAGGCGCCCGTC,0,1617088
galSp,0.08333333333333333,11,11,TTGGGCTAGGGTGTTATGCA,0,1608804
galSp,0.08333333333333333,11,11,TTCCGCTCATATCAACCTAA,0,1598858
galSp,0.08333333333333333,11,11,TTCCCCAACGGTGCTCTGGC,0,1607638
galSp,0.08333333333333333,11,11,TTAGCTTCTATACGTGAGCA,0,1601661
galSp,0.08333333333333333,11,11,TGTTCCGGAGGTATAACTTC,0,1617767
galSp,0.08333333333333333,11,11,TGGCAAAGTATATCATCTCA,0,1604378
galSp,0.08333333333333333,11,11,TGGATCGTCTCGTCAACCCT,0,1595808
galSp,0.08333333333333333,11,11,TGCCCAAGTACCTTGCAATC,0,1618542
galSp,0.08333333333333333,11,11,TGATGAATCGTTTGATCCAC,0,1606987
galSp,0.08333333333333333,11,11,TGAGGGCTTGTATTGTCAGT,0,1618696
galSp,0.08333333333333333,11,11,TGAGACGTTGGAAAAGGTAT,0,1608396
galSp,0.08333333333333333,11,11,TGAAGCGCCCTTCAGCGCAT,0,1596232
galSp,0.08333333333333333,11,11,TGAAAGCACGATGGTCTCAT,0,1607096
galSp,0.08333333333333333,11,11,TCTCCATCGAAGCTGCAGGC,0,1597679
galSp,0.08333333333333333,11,11,TCGATTATGTAACGTTCCAC,0,1596099
galSp,0.08333333333333333,11,11,TCGATAGGGCAGCGCTTTGG,0,1618088
galSp,0.08333333333333333,11,11,TCGAACGGGGAGAAGGGCGA,0,1600400
galSp,0.08333333333333333,11,11,TCCCCGTTATTAGGAGCGCG,0,1618350
galSp,0.08333333333333333,11,11,TCATTTGGGGTATTTAGACT,0,1617392
galSp,0.08333333333333333,11,11,TATTCGATAGCTAAAAAAGT,0,1599685
galSp,0.08333333333333333,11,11,TATAGGTCTACCTTTACTAC,0,1611240
galSp,0.08333333333333333,11,11,TAAGGGCTTAATCGACGAGT,0,1613624
galSp,0.08333333333333333,11,11,TAACACGACCTATCACGCTA,0,1608615
galSp,0.08333333333333333,11,11,TAAAGCCAATGTGTGATGGT,0,1620422
galSp,0.08333333333333333,11,11,GTGCGCGACCAAGAGCTGAT,0,1602364
galSp,0.08333333333333333,11,11,GTCTGCCGTGTTTCCTCGAT,0,1619607
galSp,0.08333333333333333,11,11,GTCTCGACTGCGTCCGGTTT,0,1612924
galSp,0.08333333333333333,11,11,GTATTCTCGAGGTCTCACCG,0,1619925
galSp,0.08333333333333333,11,11,GGCCGGGAGCATGCGGTTCG,0,1604379
galSp,0.08333333333333333,11,11,GGCAGGCTCGCTTTTGCCAA,0,1602751
galSp,0.08333333333333333,11,11,GCTTTCTCGCGCAGAATTTG,0,1613817
galSp,0.08333333333333333,11,11,GCGGAGGCGCGTTTGTTCGC,0,1604758
galSp,0.08333333333333333,11,11,GCGCTATCTTCTGCTCGAAA,0,1619971
galSp,0.08333333333333333,11,11,GCGCGCACAATGACAGTCCG,0,1613853
galSp,0.08333333333333333,11,11,GCGCCTTATAAAGCGACGGG,0,1596230
galSp,0.08333333333333333,11,11,GCGAGGTCCTAGTCCTTTGA,0,1619296
galSp,0.08333333333333333,11,11,GCCTCGACCGTATGGTGGTA,0,1617846
galSp,0.08333333333333333,11,11,GCCGTGGCGCAAAATAAGAG,0,1606006
galSp,0.08333333333333333,11,11,GCCGAAGCAGCCGTAGAATG,0,1595813
galSp,0.08333333333333333,11,11,GCATTAATTATAAAAGGGTT,0,1615887
galSp,0.08333333333333333,11,11,GCATATTTACGGCAACACGC,0,1607975
galSp,0.08333333333333333,11,11,GCAACTATATCCGTCCCATA,0,1598413
galSp,0.08333333333333333,11,11,GATTCGTCCAACGTCATCAT,0,1620395
galSp,0.08333333333333333,11,11,GATCCCACGCATTGACGCCA,0,1616809
galSp,0.08333333333333333,11,11,GATAGGGCAGTATGCTTTCT,0,1613174
galSp,0.08333333333333333,11,11,GAGTGGTTGCGATAGGACTG,0,1599786
galSp,0.08333333333333333,11,11,GAGTACCAGAAAGATTGGCG,0,1613454
galSp,0.08333333333333333,11,11,GAGATGCTCCTAGTTCATAT,0,1613432
galSp,0.08333333333333333,11,11,GACGTCCCGGGGGTAAGCGG,0,1615606
galSp,0.08333333333333333,11,11,GACCCTGTCCTAGGTCATCA,0,1615708
galSp,0.08333333333333333,11,11,GAATAAATCCACGGCCGTAA,0,1602200
galSp,0.08333333333333333,11,11,GAAGAGTGGCATGCTTCACT,0,1619257
galSp,0.08333333333333333,11,11,CTTGGGGCCGCTGCGTTACA,0,1613926
galSp,0.08333333333333333,11,11,CTTAAGGATAGATTATGGTG,0,1599006
galSp,0.08333333333333333,11,11,CTAGCCAGACCTCACCGGTT,0,1600951
galSp,0.08333333333333333,11,11,CTACATTGGCCAGGCACAGT,0,1604441
galSp,0.08333333333333333,11,11,CTAAGGGTTCCGTGCCCGGT,0,1608524
galSp,0.08333333333333333,11,11,CGTGTGAATCATGCTATAGG,0,1606874
galSp,0.08333333333333333,11,11,CGTGGTCCCACGGTTGCACT,0,1599660
galSp,0.08333333333333333,11,11,CGGACCGCAGCGGCCACCAT,0,1619656
galSp,0.08333333333333333,11,11,CGCCCGTACCCTTGGTAGGT,0,1612674
galSp,0.08333333333333333,11,11,CGATAACTTCCCGCATATGT,0,1601796
galSp,0.08333333333333333,11,11,CGAACAGAACTCGTATGGTT,0,1615118
galSp,0.08333333333333333,11,11,CCTTTTCACTAAGTTCTCGG,0,1616820
galSp,0.08333333333333333,11,11,CCTGGAAGATAAGGAAACAT,0,1601439
galSp,0.08333333333333333,11,11,CCTCTACACATGCGTCCATA,0,1615979
galSp,0.08333333333333333,11,11,CCGTACCAAAAGTTCTAGGC,0,1614761
galSp,0.08333333333333333,11,11,CCGTAATTGACCGGCAAATT,0,1617872
galSp,0.08333333333333333,11,11,CCCGTACGTGTTATGGGTGG,0,1600100
galSp,0.08333333333333333,11,11,CATTTCAGTGAAAGAATAGA,0,1618493
galSp,0.08333333333333333,11,11,CATGTGAGAATAGACTCCAG,0,1605872
galSp,0.08333333333333333,11,11,CATGCGCACCGGTGGCTGCA,0,1607982
galSp,0.08333333333333333,11,11,CATCCCCGTTCGCCGGACTG,0,1621052
galSp,0.08333333333333333,11,11,CATAGGGTTGCTGGTTTATA,0,1609866
galSp,0.08333333333333333,11,11,CAGTGTTTCACCAGCGTTCA,0,1602900
galSp,0.08333333333333333,11,11,CAGACTAGAGGGGCCGAAGA,0,1609274
galSp,0.08333333333333333,11,11,CACTCCGCCGTCCTCTTAGT,0,1605167
galSp,0.08333333333333333,11,11,CACGGTAACACTGCACGATA,0,1604496
galSp,0.08333333333333333,11,11,CACCGGCGAGTTTAAACAAG,0,1610703
galSp,0.08333333333333333,11,11,CAAGCAAATCTTCGTGGGTG,0,1610317
galSp,0.08333333333333333,11,11,CAAAAACGCTGCGTGTCATT,0,1597823
galSp,0.08333333333333333,11,11,ATTTCATACGGCAAGTGTCC,0,1602409
galSp,0.08333333333333333,11,11,ATTTCACGGGGGTCTATATC,0,1617003
galSp,0.08333333333333333,11,11,ATTGATGTTTCGGTAAGGGG,0,1603952
galSp,0.08333333333333333,11,11,ATTGACCTATAGCGTCTAGC,0,1614266
galSp,0.08333333333333333,11,11,ATTCTCGCACGGGGGGTCCT,0,1598029
galSp,0.08333333333333333,11,11,ATTAGGAAGTACCGGTACAG,0,1616749
galSp,0.08333333333333333,11,11,ATGTAGGGAGAAATGTGTGT,0,1620554
galSp,0.08333333333333333,11,11,ATGGGGGTCCAAACATCTTA,0,1600642
galSp,0.08333333333333333,11,11,ATGGAGGAAATTGTTCCTTA,0,1604878
galSp,0.08333333333333333,11,11,ATCTAGGTAGGTGATGGCCA,0,1605936
galSp,0.08333333333333333,11,11,ATCAAACTGACCTTTGGTAC,0,1615219
galSp,0.08333333333333333,11,11,ATAGACTTTTCCGCAGTTAG,0,1619964
galSp,0.08333333333333333,11,11,ATAAGCTGTCGTGTTTGCTT,0,1614114
galSp,0.08333333333333333,11,11,ATAACGATTGGGTGGGCCCT,0,1602021
galSp,0.08333333333333333,11,11,AGTGACTATGACGTATAGGT,0,1610117
galSp,0.08333333333333333,11,11,AGGTTTCGAGTCAGCTTGGA,0,1597436
galSp,0.08333333333333333,11,11,AGGTTCGCGGAAATTTAGAA,0,1599948
galSp,0.08333333333333333,11,11,AGGCGAGTGGAAACAAATTC,0,1611658
galSp,0.08333333333333333,11,11,AGGAAGCGAGAGGAGGTCGT,0,1615530
galSp,0.08333333333333333,11,11,AGCCCTACAACCGTGCTCCA,0,1595659
galSp,0.08333333333333333,11,11,AGCCACTTGGAGGAGCTATA,0,1619707
galSp,0.08333333333333333,11,11,AGCACGAGATAGGCTGCAGG,0,1610838
galSp,0.08333333333333333,11,11,AGATCCCGCAGTATTCAGTA,0,1609348
galSp,0.08333333333333333,11,11,AGACGATGCACAATGGCCAA,0,1598327
galSp,0.08333333333333333,11,11,ACTGACAGGGCACTGCCTGT,0,1607232
galSp,0.08333333333333333,11,11,ACTCCCAGCGTACACGCTTA,0,1605023
galSp,0.08333333333333333,11,11,ACGTGCTGGCGGACGTCCAA,0,1605490
galSp,0.08333333333333333,11,11,ACGCTGCCGTGGTTTGGTTA,0,1598889
galSp,0.08333333333333333,11,11,ACGCGCTCGTGGGGTTCAAC,0,1619089
galSp,0.08333333333333333,11,11,ACCCTTTGAGTTCTTCAATG,0,1607055
galSp,0.08333333333333333,11,11,AATTCCACTAAGCAAACCTT,0,1607118
galSp,0.08333333333333333,11,11,AATATGGCGTAGTAGCGGAG,0,1595833
galSp,0.08333333333333333,11,11,AAGTGCGGAAGGTGGCCATG,0,1617141
galSp,0.08333333333333333,11,11,AAGGGCGCATATTTGGACAA,0,1596314
galSp,0.08333333333333333,11,11,AACGCTGTGGTGGCGAGGAT,0,1607274
galSp,0.08333333333333333,11,11,AACGCTAGCAGGGGAATCAT,0,1613041
galSp,0.08333333333333333,11,11,AAATGCCGTACCACGGCGTT,0,1619980
galSp,0.08333333333333333,11,11,AAACTAATCGGTATTTTCGG,0,1606335
galSp,0.08333333333333333,11,11,AAAAGGACACTTGTCAAGGA,0,1597285
galSp,0.09090909090909091,10,10,TTTTGTATAACTTAATACGT,0,1602763
galSp,0.09090909090909091,10,10,TTTTGGCTGGTGAGGAGCGT,0,1599757
galSp,0.09090909090909091,10,10,TTTCGGACGATGACCTGAGT,0,1616926
galSp,0.09090909090909091,10,10,TTTCGAGTACATAAAGCCAA,0,1605219
galSp,0.09090909090909091,10,10,TTTACGTAGCCGGTGTAATC,0,1610153
galSp,0.09090909090909091,10,10,TTGAGAGCTGTGGGTGATCT,0,1602643
galSp,0.09090909090909091,10,10,TTGAAAAAGGGTTAGAGCAT,0,1614358
galSp,0.09090909090909091,10,10,TTCGTTCAGGGCAGCTCGGA,0,1611967
galSp,0.09090909090909091,10,10,TTCGTAGATGTATCCACGAG,0,1608838
galSp,0.09090909090909091,10,10,TTCCTCAGACATTTGATCCC,0,1618620
galSp,0.09090909090909091,10,10,TTAGTGGTTGAGCAACAAGG,0,1610283
galSp,0.09090909090909091,10,10,TGGCGTCTGACGGGCCGCAT,0,1596635
galSp,0.09090909090909091,10,10,TGATCATAGCAGCCACACGT,0,1601926
galSp,0.09090909090909091,10,10,TGATATAATGGAATGTTGGA,0,1610479
galSp,0.09090909090909091,10,10,TGAGTCCGTAGTGGCGACTA,0,1619046
galSp,0.09090909090909091,10,10,TGACATGGGCCTACGAGGTC,0,1603420
galSp,0.09090909090909091,10,10,TCTTAAAGTCAGTTCCTTCA,0,1608544
galSp,0.09090909090909091,10,10,TCTGTCACGCCCACACAATG,0,1610393
galSp,0.09090909090909091,10,10,TCTAACTGGCCAACACAAGT,0,1602312
galSp,0.09090909090909091,10,10,TCGGATCGACTGAAACACTA,0,1603118
galSp,0.09090909090909091,10,10,TCCTTCGCTCCCGGCGTGAA,0,1598193
galSp,0.09090909090909091,10,10,TCCGTTTCCGCTGTGTTTTC,0,1600664
galSp,0.09090909090909091,10,10,TCCGGGGCTGTGACGGTCCT,0,1608422
galSp,0.09090909090909091,10,10,TCAGCGGTCAACTTAGTCTT,0,1606164
galSp,0.09090909090909091,10,10,TAGGTTACCCCATCAGGAGA,0,1612280
galSp,0.09090909090909091,10,10,TAGGGCGATTAAGATTACTG,0,1608284
galSp,0.09090909090909091,10,10,TACCTAGTCGAGGTAAGCTG,0,1605772
galSp,0.09090909090909091,10,10,GTTTCATATCGCACTATGAA,0,1610362
galSp,0.09090909090909091,10,10,GTGGTCGCACCAGCTGGGGA,0,1613241
galSp,0.09090909090909091,10,10,GTGCAGATGCACAAATTGAG,0,1609554
galSp,0.09090909090909091,10,10,GTATGTTCACTTGATCCGTA,0,1607043
galSp,0.09090909090909091,10,10,GTAGAAGCCAATAGTTGCAT,0,1615626
galSp,0.09090909090909091,10,10,GTACTTGGCTGTGCGTATGG,0,1612186
galSp,0.09090909090909091,10,10,GGTATTATCGTGAAGAAAAA,0,1600232
galSp,0.09090909090909091,10,10,GGGTAAAAAATGCCTCGGTC,0,1609667
galSp,0.09090909090909091,10,10,GGATTGCCACGCACCGCGTG,0,1602561
galSp,0.09090909090909091,10,10,GGAAATTACTTTAGGACTGA,0,1600284
galSp,0.09090909090909091,10,10,GCTTTCCCGATGTACAGACC,0,1606668
galSp,0.09090909090909091,10,10,GCTCCGGAAGAGCACGGGAG,0,1611158
galSp,0.09090909090909091,10,10,GCCGAGCAAACCAAGGGCCG,0,1595819
galSp,0.09090909090909091,10,10,GCCCGTTGCTTTTTGGTTCG,0,1611901
galSp,0.09090909090909091,10,10,GCCCAGGCTTGTCATCTGAG,0,1605071
galSp,0.09090909090909091,10,10,GCCAATGTTTATTATCCTAC,0,1614999
galSp,0.09090909090909091,10,10,GCATATCCGCCACCGACCTA,0,1598658
galSp,0.09090909090909091,10,10,GCAGTCTAAGAACGTTTTCA,0,1597124
galSp,0.09090909090909091,10,10,GCAGTCCATGGATCCAAGTA,0,1606829
galSp,0.09090909090909091,10,10,GCAGGCCGAACGGGGAGTAC,0,1604372
galSp,0.09090909090909091,10,10,GAGAAGCGGTAAATACCACC,0,1604629
galSp,0.09090909090909091,10,10,GACCTGGGGTGTTGTAGAGT,0,1605722
galSp,0.09090909090909091,10,10,GAAGGCCGGGTGGTCAGGAC,0,1596405
galSp,0.09090909090909091,10,10,CTGCATCGGGATATATGTGC,0,1606230
galSp,0.09090909090909091,10,10,CTGAAGTCTATCAAGCCGGT,0,1600431
galSp,0.09090909090909091,10,10,CTAGGCCCATGTTTCCATCG,0,1600105
galSp,0.09090909090909091,10,10,CTACTGTTAATCAGTACGTC,0,1597099
galSp,0.09090909090909091,10,10,CGTATTCTCAGGTGAGTGCC,0,1617155
galSp,0.09090909090909091,10,10,CGTAGGCTATTAGAGTTGAG,0,1603829
galSp,0.09090909090909091,10,10,CGGCGTGCTTAATCTACATT,0,1611899
galSp,0.09090909090909091,10,10,CGATCAGCGCGCTTACTTCT,0,1612872
galSp,0.09090909090909091,10,10,CCTATCCGATCTATGTCAGA,0,1603481
galSp,0.09090909090909091,10,10,CCTATAAGCGAGCCGACGTT,0,1597813
galSp,0.09090909090909091,10,10,CCTAAGGGTGGAATGAGTGG,0,1606151
galSp,0.09090909090909091,10,10,CCGGGCGATTCCACGCGCCT,0,1614872
galSp,0.09090909090909091,10,10,CCGCTGGCCGCCGTCTGCCG,0,1609163
galSp,0.09090909090909091,10,10,CCGCACGGAGGCAGCTATGA,0,1605724
galSp,0.09090909090909091,10,10,CCCGCCCAACGGCGGCGGTT,0,1612726
galSp,0.09090909090909091,10,10,CCCCTTCCAAGGAACATGAT,0,1601943
galSp,0.09090909090909091,10,10,CCAGAAGAGTCTGGTTTCAA,0,1611357
galSp,0.09090909090909091,10,10,CCACGCGTAAGTTTATCCAG,0,1608675
galSp,0.09090909090909091,10,10,CATCGGTCCCTCTAGCTTTA,0,1608267
galSp,0.09090909090909091,10,10,CATATGACGAACCATCGCGT,0,1610944
galSp,0.09090909090909091,10,10,CAGGCCTCTTATTTACAGTT,0,1603143
galSp,0.09090909090909091,10,10,CAGGATAGCTTGTAGCTATC,0,1595852
galSp,0.09090909090909091,10,10,CACTTGTCCGGCCATCCACC,0,1616823
galSp,0.09090909090909091,10,10,CAATGGCCCTGTCGTCCATT,0,1617156
galSp,0.09090909090909091,10,10,CAAGTTTTGTGCCTCTGTCC,0,1618040
galSp,0.09090909090909091,10,10,CAAGTGGTTTGGCGCATGAT,0,1610058
galSp,0.09090909090909091,10,10,ATTTCCTCTGCTTGCAGTAT,0,1600594
galSp,0.09090909090909091,10,10,ATTTCCTAAGGTGTGCAGCC,0,1603153
galSp,0.09090909090909091,10,10,ATGGTTGCGCCCTGTTCTGA,0,1600276
galSp,0.09090909090909091,10,10,ATGCCGTGTCAACCCGGGAG,0,1619470
galSp,0.09090909090909091,10,10,ATCCTCGGGTTACATTGCCG,0,1612369
galSp,0.09090909090909091,10,10,ATATGAGGTATACGCCGAGA,0,1609682
galSp,0.09090909090909091,10,10,ATATACTAATGGCCTAGTAA,0,1608606
galSp,0.09090909090909091,10,10,ATACACCATAGGAGACAGGT,0,1620220
galSp,0.09090909090909091,10,10,AGTTCTGTTCCCGCCAAGTT,0,1617973
galSp,0.09090909090909091,10,10,AGTGTTTCTATAACTCACTC,0,1606764
galSp,0.09090909090909091,10,10,AGTAGTATTGAATTTGCCAT,0,1616687
galSp,0.09090909090909091,10,10,AGTAATTACGCTAGGTTCTG,0,1602466
galSp,0.09090909090909091,10,10,AGGGTTGAGATACCCTTCGA,0,1598272
galSp,0.09090909090909091,10,10,AGGCTTCGTCCACTCCGCAC,0,1605683
galSp,0.09090909090909091,10,10,AGGATCTCTTCGATGTGGAC,0,1598855
galSp,0.09090909090909091,10,10,AGGAATAAGGCCTTAGTTTT,0,1618345
galSp,0.09090909090909091,10,10,AGCCGTGCGAGGGGCATGAT,0,1615907
galSp,0.09090909090909091,10,10,AGCCGGGTAGGTACGGGCAA,0,1597312
galSp,0.09090909090909091,10,10,AGCACGTCTACCCCTGGGCC,0,1609168
galSp,0.09090909090909091,10,10,AGAGGTTCTGATTTCGGCTC,0,1616071
galSp,0.09090909090909091,10,10,ACTCGATGAAATCCTCCGCC,0,1602400
galSp,0.09090909090909091,10,10,ACTCGAAACCGGGACTGTAG,0,1609359
galSp,0.09090909090909091,10,10,ACTAGGCCTAGGCAATCCCT,0,1611211
galSp,0.09090909090909091,10,10,ACGTTCGCGTCCAAAAAGTT,0,1601378
galSp,0.09090909090909091,10,10,ACGTGCACAGCTGGGATAGT,0,1619992
galSp,0.09090909090909091,10,10,ACGGCGGTGCAGCCTCCAAC,0,1613135
galSp,0.09090909090909091,10,10,ACGGCGGACATGGCATTCGG,0,1617498
galSp,0.09090909090909091,10,10,ACGGCATCTCTGAGTCGTCA,0,1603258
galSp,0.09090909090909091,10,10,ACCTGTGGTCCCCTCTGTCA,0,1612254
galSp,0.09090909090909091,10,10,ACCTACCGTCGTGTGGGTCA,0,1596185
galSp,0.09090909090909091,10,10,ACCGGGGTTTATAGACAAAA,0,1599288
galSp,0.09090909090909091,10,10,ACCCTGATATCGAAGCAGAT,0,1609462
galSp,0.09090909090909091,10,10,ACAGCCGGGTCAGTGCGATC,0,1599003
galSp,0.09090909090909091,10,10,AAGTATAGAACTATGCCCGG,0,1611107
galSp,0.09090909090909091,10,10,AAGCGACATCTTGCCGAGGG,0,1606139
galSp,0.09090909090909091,10,10,AAGATGACATTTCCTGAAAA,0,1603055
galSp,0.09090909090909091,10,10,AAGATCGCTCCCCATCTGAT,0,1598567
galSp,0.09090909090909091,10,10,AACGCCATTCGCCTCACTCT,0,1612704
galSp,0.09090909090909091,10,10,AACCTCCGACCCGCCCGCCC,0,1596980
galSp,0.09090909090909091,10,10,AACAAATTTCACTTGCCGTA,0,1606226
galSp,0.1,9,9,TTTTGTATGCGTCCTCGACA,0,1600278
galSp,0.1,9,9,TTTTCTATTATCCCTTAGAT,0,1596160
galSp,0.1,9,9,TTTTAGGTATTGCCCGGAAC,0,1613866
galSp,0.1,9,9,TTTATTTTGGGTTCTCGGGT,0,1605577
galSp,0.1,9,9,TTTATAGATTAGGGACGAGT,0,1609902
galSp,0.1,9,9,TTTAAGCCGTTAGCCCGCTC,0,1596141
galSp,0.1,9,9,TTGCATCCCAAGTGGTGTTT,0,1599673
galSp,0.1,9,9,TTCTTTCCAGGTTGTAGTGG,0,1612893
galSp,0.1,9,9,TTACGGGATCACTATCGTAG,0,1614271
galSp,0.1,9,9,TGTCACTATTACCGACTTCG,0,1597542
galSp,0.1,9,9,TGTATAGTAGTTGATACGAT,0,1620871
galSp,0.1,9,9,TGTAAAAGGCATATTCCTCG,0,1608227
galSp,0.1,9,9,TGGAACGGGTTAGCTGATGT,0,1603261
galSp,0.1,9,9,TGAGTCATCTGTTTCCACAT,0,1607248
galSp,0.1,9,9,TGAGACTACGGCGCTAAGAA,0,1616001
galSp,0.1,9,9,TGAATTAGACCTTTGGGTTC,0,1620059
galSp,0.1,9,9,TGAACTTGGGCGGTCTTCTT,0,1602873
galSp,0.1,9,9,TCTGGGTGAGAGCCCAGTGA,0,1603480
galSp,0.1,9,9,TCGTTCAATACGTGCGTCTA,0,1601044
galSp,0.1,9,9,TCGAAAAAGTGAAATTTCGA,0,1605169
galSp,0.1,9,9,TCCGTGCGACTTGACTCCAT,0,1621284
galSp,0.1,9,9,TCACTAGAATAATCCATATC,0,1603046
galSp,0.1,9,9,TCACGCCCAGTTAGCCATAA,0,1604794
galSp,0.1,9,9,TAGGTGGGCTCCATATTTCG,0,1602750
galSp,0.1,9,9,TAGCGTCCATGCGACCCCGG,0,1618043
galSp,0.1,9,9,TAGAGCTATGAGTGCATTAC,0,1599953
galSp,0.1,9,9,TACTTGTGGCAGGTTTTTGC,0,1602123
galSp,0.1,9,9,GTTTGGAGTAATGGACGGCC,0,1604116
galSp,0.1,9,9,GTTTAGATCCAATCAGCTAG,0,1604766
galSp,0.1,9,9,GTTCTACCAAAGTCTTATAT,0,1616860
galSp,0.1,9,9,GTTCCAGACGATCTCACCGG,0,1597639
galSp,0.1,9,9,GTTAAACCCAGTCATAATAC,0,1595736
galSp,0.1,9,9,GTGTCAGGGAAGATGGGCAT,0,1603299
galSp,0.1,9,9,GTGTAGGGGCCTCGCGAGTT,0,1613192
galSp,0.1,9,9,GTGGAGTGTCAGATTACAGG,0,1612938
galSp,0.1,9,9,GTGCTGTCATTTGCTATGTA,0,1602814
galSp,0.1,9,9,GTCTGCCAGTTAGACGCTCG,0,1596832
galSp,0.1,9,9,GTAGCATGCTCTAGTGGAAT,0,1603586
galSp,0.1,9,9,GGTTTGATACCGAGCCACGA,0,1596981
galSp,0.1,9,9,GGTGGATACGGTCGGTCATA,0,1609380
galSp,0.1,9,9,GGGTGTACCGAGAGAGAAAG,0,1621257
galSp,0.1,9,9,GGGAGGCCACGGTTTTACGT,0,1595715
galSp,0.1,9,9,GGGACGAATGCACACATTCA,0,1600260
galSp,0.1,9,9,GGGAATGGTCGGGATAAACC,0,1595386
galSp,0.1,9,9,GGCGTACAGCCCTGTTCGAT,0,1596416
galSp,0.1,9,9,GGCCGTTCCTAAGCACGGTG,0,1600497
galSp,0.1,9,9,GGATGTTAAACTTCCGTGGT,0,1607938
galSp,0.1,9,9,GGATGGAGGTTAGGCTAGTA,0,1604139
galSp,0.1,9,9,GGATGACATACCCCTGTGTG,0,1606522
galSp,0.1,9,9,GGATCAGGTTTGCTCTAATT,0,1607429
galSp,0.1,9,9,GGATAGTGAGATGTCACGAT,0,1614835
galSp,0.1,9,9,GGAGCGACGTAAAGATTGAT,0,1600837
galSp,0.1,9,9,GCTGGTGGCCTACTTGGAAT,0,1601786
galSp,0.1,9,9,GCTATAGAGCCAACTGAGAG,0,1608982
galSp,0.1,9,9,GCGGACGCAAGGAGCCGGTT,0,1598614
galSp,0.1,9,9,GCCGTGGGGACACTCTACTA,0,1602560
galSp,0.1,9,9,GATTCACCTGCGCTCCAGCC,0,1617660
galSp,0.1,9,9,GATGATAATAGTTGGTACAC,0,1607602
galSp,0.1,9,9,GATACTGCCACAGTAGCGCT,0,1595697
galSp,0.1,9,9,GATAATGCATTCGTCCAGAA,0,1611024
galSp,0.1,9,9,GAGTAGTGCTGCACTAGAGC,0,1600288
galSp,0.1,9,9,GAGGGACCGGAGGTTGGGAT,0,1597715
galSp,0.1,9,9,GAGCCGGAATTGAACGTCTG,0,1612939
galSp,0.1,9,9,GAGCACCGCCCCAGTCCAAG,0,1599027
galSp,0.1,9,9,GACTTGCTTCACGATACCTG,0,1597149
galSp,0.1,9,9,GACCTATTTCCCAAGACGTC,0,1606196
galSp,0.1,9,9,GAAGTTTAGACAGGGAAGTG,0,1595841
galSp,0.1,9,9,CTGTCGTGATACTTAATATA,0,1614590
galSp,0.1,9,9,CTGTAGAGCGCTCACCCGGA,0,1619292
galSp,0.1,9,9,CTATGTAGCTCTGCTTGTTT,0,1606408
galSp,0.1,9,9,CTATGAAGATTAACGCGACG,0,1620031
galSp,0.1,9,9,CTATAAGATTTATTTCGGAG,0,1599760
galSp,0.1,9,9,CTACAGGCAGAAGCAGCCCC,0,1609354
galSp,0.1,9,9,CGTATGCGGCAGATTGGAGA,0,1614534
galSp,0.1,9,9,CGTACGAACTACTCCCGATA,0,1606756
galSp,0.1,9,9,CGGTCCGTCTTAATCTCGAC,0,1614637
galSp,0.1,9,9,CGGGACCATATCGTGGTGTC,0,1606907
galSp,0.1,9,9,CGGCGTGGATATCCCTAAGA,0,1619669
galSp,0.1,9,9,CGGCGACGATCTTTAGTTCA,0,1600634
galSp,0.1,9,9,CGCCGTTAAGTGGCGACTAC,0,1616750
galSp,0.1,9,9,CGCCGACTGGTTCGTACCAG,0,1614385
galSp,0.1,9,9,CGCACGAGCAAAAAGCCGAA,0,1610694
galSp,0.1,9,9,CCTCAGACGACAGTATGCCT,0,1610287
galSp,0.1,9,9,CCGTGTAGCGGATATTTACT,0,1604675
galSp,0.1,9,9,CCGGGTCACGGGATGCGTCA,0,1601496
galSp,0.1,9,9,CCCGTGCGTTCTTCGTTTAT,0,1598116
galSp,0.1,9,9,CCCGGGAACTGAGTTGATGA,0,1602421
galSp,0.1,9,9,CCCCTTGTGGAGAGCTTAGG,0,1599142
galSp,0.1,9,9,CCCCGGCGGACTTGCCTACA,0,1617017
galSp,0.1,9,9,CCCCACTGGGAGTCAGGGTT,0,1596466
galSp,0.1,9,9,CATTGAGGTTTGTCAAGCAA,0,1610110
galSp,0.1,9,9,CATACCTAGTCCGTAGAGCA,0,1612279
galSp,0.1,9,9,CAGTTGGGGTGGATAGTCTA,0,1608256
galSp,0.1,9,9,CAGGTGTGAACGTGCCTATA,0,1612923
galSp,0.1,9,9,CAGGTAAGTTGGTGCATGTA,0,1612962
galSp,0.1,9,9,CAGGGAATTGTTTCGCGTGC,0,1610945
galSp,0.1,9,9,CAGGAGACAATTGCGTATTA,0,1595892
galSp,0.1,9,9,CACGCTGGCCTTTCTGGTGT,0,1610588
galSp,0.1,9,9,CAATTACCGATAAATGGGGT,0,1597060
galSp,0.1,9,9,CAATACGGCCTCAAGCGGGC,0,1598283
galSp,0.1,9,9,CAACTCAGCCCAGGCAAAGA,0,1620996
galSp,0.1,9,9,CAAATACATTGCTTGAAGGT,0,1614788
galSp,0.1,9,9,CAAAGGATGCACGGTCCTCG,0,1611314
galSp,0.1,9,9,ATTTGTGATATTGGGTCACA,0,1596785
galSp,0.1,9,9,ATTGTGTGAATGGCCTGCAT,0,1607196
galSp,0.1,9,9,ATTGGTTCAGCAGATAGCAA,0,1612501
galSp,0.1,9,9,ATTCTTCGGTTCTCCGTATG,0,1619790
galSp,0.1,9,9,ATTCGGAAGGGGAACTTTAT,0,1601947
galSp,0.1,9,9,ATTACGACTTGCCAACCCCG,0,1615601
galSp,0.1,9,9,ATGTAACAGGTAGTGACCTT,0,1602556
galSp,0.1,9,9,ATGATTTTCCGGAAGTCTAT,0,1621505
galSp,0.1,9,9,ATCTGGTGTTATACGGGTCC,0,1598065
galSp,0.1,9,9,ATCTAGCAAGTCTAAGCAGC,0,1599200
galSp,0.1,9,9,ATCGGAAACGGTCAAAAGCA,0,1606605
galSp,0.1,9,9,ATCGCGCTCGTCCGGTACTG,0,1607418
galSp,0.1,9,9,ATAAGGAGGTTGTTCTAGGG,0,1607823
galSp,0.1,9,9,ATAAAAGAATCGTATAGCCA,0,1601040
galSp,0.1,9,9,AGTCCGTCGATAAAGTCGGC,0,1597038
galSp,0.1,9,9,AGGTGCTTAACAGAATTACA,0,1611744
galSp,0.1,9,9,AGGAAGGGACGACCGCGATA,0,1615441
galSp,0.1,9,9,AGCTTTCGGCAATGATTAAT,0,1616187
galSp,0.1,9,9,AGCTTTAAGGCCCGGTGCCA,0,1604874
galSp,0.1,9,9,AGCCTGCCGGATATCTCCCA,0,1615381
galSp,0.1,9,9,AGCAGCCGAACAATAATGGT,0,1611038
galSp,0.1,9,9,AGCAATGCTATAGGGCAGTT,0,1607810
galSp,0.1,9,9,AGATAGGATCAACACGTTAT,0,1605311
galSp,0.1,9,9,AGAGGCGCTGACTTTAGTGG,0,1604528
galSp,0.1,9,9,ACTCCTATCTCAGAAAAGGA,0,1596615
galSp,0.1,9,9,ACTAAGATGTAAGGAAGATC,0,1616915
galSp,0.1,9,9,ACGTGACCCCCGGCCATTCA,0,1620104
galSp,0.1,9,9,ACGGGTAGTCGTACACCGCC,0,1620816
galSp,0.1,9,9,ACGCCACCCGTGGCTAGGCT,0,1599936
galSp,0.1,9,9,ACGAAGTTTGAAGTACCCGG,0,1604264
galSp,0.1,9,9,ACCTTTAGGCAGACATACCG,0,1609219
galSp,0.1,9,9,ACCGCCACATAGCAGTGTAG,0,1604942
galSp,0.1,9,9,ACCAACACATGCCAGGTGGG,0,1609659
galSp,0.1,9,9,AATTAGTGCCGGCTTTTAGA,0,1604459
galSp,0.1,9,9,AATCGTCGATTTCGGGGTAG,0,1608908
galSp,0.1,9,9,AATCATATGAAGGGAAACGG,0,1602346
galSp,0.1,9,9,AATAAGCCTGTTGCAATAGG,0,1607958
galSp,0.1,9,9,AAGTGGTATTAAGTCTTGGT,0,1611811
galSp,0.1,9,9,AAGGGGCATGCAGCTGCTAA,0,1602050
galSp,0.1,9,9,AAGGGCTCCTAACTAATTCC,0,1609232
galSp,0.1,9,9,AAGCTCACGCGGCCATTGTC,0,1609461
galSp,0.1,9,9,AAGCCTTGGGATACGAGCGC,0,1620525
galSp,0.1,9,9,AACCGGCTTTAGGGGGAGAT,0,1617138
galSp,0.1,9,9,AACATCAGGTACGAAGCCTG,0,1614445
galSp,0.1,9,9,AACATAGAGTATATAAGGTA,0,1596332
galSp,0.1,9,9,AAAGCCCCAAATTAGTAAGT,0,1602453
galSp,0.1,9,9,AAAACGCCGAACTTACATGC,0,1601319
galSp,0.1111111111111111,8,8,TTTGTGTATCGAGGTCCCGT,0,1620094
galSp,0.1111111111111111,8,8,TTTGATCTTGTGCTTAATCG,0,1607807
galSp,0.1111111111111111,8,8,TTTCCGGAGCAGATGAACTG,0,1602972
galSp,0.1111111111111111,8,8,TTTATTTAGCGCGTTCCCTT,0,1601342
galSp,0.1111111111111111,8,8,TTGTTTAGTGAACCCGGGGG,0,1595564
galSp,0.1111111111111111,8,8,TTGTTAATTATACCACGACA,0,1603851
galSp,0.1111111111111111,8,8,TTGGTAGTCCCTCAATTATT,0,1597030
galSp,0.1111111111111111,8,8,TTGGCCTACGTCAGTAAATA,0,1600403
galSp,0.1111111111111111,8,8,TTGAGGGCGTCGTCCACTCA,0,1608238
galSp,0.1111111111111111,8,8,TTCGGATAGATGGTACCTGA,0,1597123
galSp,0.1111111111111111,8,8,TTCGAAGAAGATGGGCCTCG,0,1598124
galSp,0.1111111111111111,8,8,TTATTTTCCCCCGGGTGTTG,0,1604811
galSp,0.1111111111111111,8,8,TTATATAGGCTCACATCTAA,0,1596575
galSp,0.1111111111111111,8,8,TTAATTCGAAGGAGAGGTTA,0,1606792
galSp,0.1111111111111111,8,8,TGTGGTTACATACCTTCTCG,0,1612209
galSp,0.1111111111111111,8,8,TGTGGTGTAATATCGAAAAA,0,1603014
galSp,0.1111111111111111,8,8,TGTGCAGATTACTCTCCCAG,0,1601622
galSp,0.1111111111111111,8,8,TGTCGAGTTTAGTTCCAGGG,0,1599449
galSp,0.1111111111111111,8,8,TGGTGGGTCTTTTCTTAGCA,0,1603091
galSp,0.1111111111111111,8,8,TGGTCTCGCCCCTTTGAGTT,0,1610472
galSp,0.1111111111111111,8,8,TGGTCCACGGCATCTACTCT,0,1598450
galSp,0.1111111111111111,8,8,TGGTACACAATCAATAAATG,0,1603073
galSp,0.1111111111111111,8,8,TGGGCTTTTCTCCTGAAGAT,0,1601138
galSp,0.1111111111111111,8,8,TGGCGTTTCCTAATCACGTT,0,1612937
galSp,0.1111111111111111,8,8,TGGCGGGACTTCGATCGAGG,0,1607528
galSp,0.1111111111111111,8,8,TGGACGAGACCCTCTGGCGC,0,1600024
galSp,0.1111111111111111,8,8,TGCTTGGTCAGTGGACATGA,0,1605207
galSp,0.1111111111111111,8,8,TGCCCTGTACCAAATATCTG,0,1605251
galSp,0.1111111111111111,8,8,TGCACGTGGAACAGCTGATG,0,1599893
galSp,0.1111111111111111,8,8,TGAGTATACTGTCGTCCGAT,0,1596320
galSp,0.1111111111111111,8,8,TGAAGTATCGGCGCGCGTTA,0,1610061
galSp,0.1111111111111111,8,8,TGAACCGCCATCCAGGTTGT,0,1604986
galSp,0.1111111111111111,8,8,TCTTGTTCCGTCAGTGGGAC,0,1605925
galSp,0.1111111111111111,8,8,TCTTGGGTTTGGATGGGCGA,0,1601765
galSp,0.1111111111111111,8,8,TCTTGATGGCGTAGCCGGCC,0,1616006
galSp,0.1111111111111111,8,8,TCTGGCCTAATAGGTCACTA,0,1598814
galSp,0.1111111111111111,8,8,TCTGCCCGCTAGTGGTGGGC,0,1616035
galSp,0.1111111111111111,8,8,TCTATGGGGCCTAAGAGTCG,0,1615937
galSp,0.1111111111111111,8,8,TCGGCACTCTTCTAGTGAAG,0,1606397
galSp,0.1111111111111111,8,8,TCGGCAATTGACTCAGCTGG,0,1620808
galSp,0.1111111111111111,8,8,TCGGAAGACAGGAAAGCTTT,0,1609478
galSp,0.1111111111111111,8,8,TCGCGCGTGTTGATGAAGCC,0,1603105
galSp,0.1111111111111111,8,8,TCGAGAAAGGGTGCTACCAC,0,1606863
galSp,0.1111111111111111,8,8,TCCTTAACACAAGGTTTGTT,0,1596463
galSp,0.1111111111111111,8,8,TCCGTTCCGAAGATCGGATG,0,1615362
galSp,0.1111111111111111,8,8,TCCACAGAAGGGCTCTGTCT,0,1602752
galSp,0.1111111111111111,8,8,TCCAAGGCGACCCAAAGGCG,0,1604983
galSp,0.1111111111111111,8,8,TCAGTTCCAAATGGAACAGA,0,1607745
galSp,0.1111111111111111,8,8,TCAGTTACTTGGGTTTGCGC,0,1595605
galSp,0.1111111111111111,8,8,TCAAACTCTACAGACTATTG,0,1610657
galSp,0.1111111111111111,8,8,TATTATTCGTACCCGATTAT,0,1595661
galSp,0.1111111111111111,8,8,TATCTTGGTCCTCCACGCGG,0,1611533
galSp,0.1111111111111111,8,8,TAGGGTCCTAGAAAGTGTTC,0,1609521
galSp,0.1111111111111111,8,8,TAGGGGCTTGTGGAGGTAAT,0,1599349
galSp,0.1111111111111111,8,8,TACCGTTGAACGCAGAAGCT,0,1610876
galSp,0.1111111111111111,8,8,TAATACGCGCAGCCGCAGCA,0,1619181
galSp,0.1111111111111111,8,8,TAAGTTACAAAGTTGGTAGA,0,1596813
galSp,0.1111111111111111,8,8,TAAGGGCGTAGCAATAGCGC,0,1607829
galSp,0.1111111111111111,8,8,TAACCGCAGACGGGAGGGCA,0,1617655
galSp,0.1111111111111111,8,8,TAAATATGTAAGCCGGTGCT,0,1619104
galSp,0.1111111111111111,8,8,GTTTGTCTAGTAGGACTTAG,0,1605376
galSp,0.1111111111111111,8,8,GTTTACGGCTGAAGCACTTA,0,1601682
galSp,0.1111111111111111,8,8,GTTCTGCGCGGGTCTGATTT,0,1607180
galSp,0.1111111111111111,8,8,GTTCGTTTTACACCGGCGGT,0,1616091
galSp,0.1111111111111111,8,8,GTTCCTTAAGTGTCCTCCGG,0,1605868
galSp,0.1111111111111111,8,8,GTTACCGAGCCGAAAATGCG,0,1609815
galSp,0.1111111111111111,8,8,GTGTCTGAAGATATGGTCTC,0,1596809
galSp,0.1111111111111111,8,8,GTGGGACGTATGACGTCGGC,0,1597427
galSp,0.1111111111111111,8,8,GTGCGGTGCACAAACGGGGA,0,1617290
galSp,0.1111111111111111,8,8,GTCTACCTTGGTCTTAAGAT,0,1618441
galSp,0.1111111111111111,8,8,GTCGATTCCGGTTGCGTTTT,0,1612811
galSp,0.1111111111111111,8,8,GTCCCCTATTATCCGTATCA,0,1609899
galSp,0.1111111111111111,8,8,GTCCAGGACAAATTCTGAAG,0,1600221
galSp,0.1111111111111111,8,8,GTCAGACTCAGCACACCCGA,0,1606241
galSp,0.1111111111111111,8,8,GTAGTAACGTGAGTCGAATT,0,1615347
galSp,0.1111111111111111,8,8,GTAACTCGAGTATAGGAACA,0,1616234
galSp,0.1111111111111111,8,8,GGTAACTCCGTTTTATAGTA,0,1608266
galSp,0.1111111111111111,8,8,GGGTCGTACGAAAGTTCGTT,0,1608142
galSp,0.1111111111111111,8,8,GGGGACCCGGGACTTTCATA,0,1621519
galSp,0.1111111111111111,8,8,GGGCTTGTGAGATCTAGGTG,0,1607699
galSp,0.1111111111111111,8,8,GGGCGATGAATGTAATTACG,0,1613728
galSp,0.1111111111111111,8,8,GGCTGACGAGGGTGTAGGTA,0,1599469
galSp,0.1111111111111111,8,8,GGCTAAATCAGGTGATCCAA,0,1609097
galSp,0.1111111111111111,8,8,GGCGGAATAATCAAGAGTGA,0,1612434
galSp,0.1111111111111111,8,8,GGCCTGGTGAGCACTGCTTC,0,1611194
galSp,0.1111111111111111,8,8,GGCAATACCCTGCTAACTGA,0,1605665
galSp,0.1111111111111111,8,8,GGAGGGGCCACTAATCTCCT,0,1616119
galSp,0.1111111111111111,8,8,GGACATGTTATGTGGATAAC,0,1599596
galSp,0.1111111111111111,8,8,GCTTAAAGTGAACACTCCAA,0,1606996
galSp,0.1111111111111111,8,8,GCTGCATGAGATGGGTCGGC,0,1597498
galSp,0.1111111111111111,8,8,GCGGGGAGAATCAGATTAGA,0,1604085
galSp,0.1111111111111111,8,8,GCGCGAAGCTTCTAGACGGA,0,1604368
galSp,0.1111111111111111,8,8,GCGATTGCCAAGATCTTTTG,0,1600636
galSp,0.1111111111111111,8,8,GCGACGGTTTACCCACAATT,0,1605686
galSp,0.1111111111111111,8,8,GCCTGTTCAGGCGTGAAGGT,0,1617436
galSp,0.1111111111111111,8,8,GCCTGCCAAGCAATTGTTCA,0,1617837
galSp,0.1111111111111111,8,8,GCCCCACCATTGTCCGAATA,0,1606670
galSp,0.1111111111111111,8,8,GCCATCTCAGGATAATTAGA,0,1617785
galSp,0.1111111111111111,8,8,GCCACAGGTACCATTATATT,0,1610957
galSp,0.1111111111111111,8,8,GCATGATTGGCTGGAGTGCG,0,1609922
galSp,0.1111111111111111,8,8,GCATAAGATCCGCACCCCAG,0,1597544
galSp,0.1111111111111111,8,8,GATTTTCCAAGCGCTGGTCT,0,1611351
galSp,0.1111111111111111,8,8,GATCGTAGTACGTTCTCAGA,0,1611300
galSp,0.1111111111111111,8,8,GATATTTGCGATGATAGAGC,0,1618228
galSp,0.1111111111111111,8,8,GATACCACTTTAGAAAGTCA,0,1612984
galSp,0.1111111111111111,8,8,GAGTATCCATGTTCTGATCA,0,1609622
galSp,0.1111111111111111,8,8,GACAAGGCGAGATTCCCGAA,0,1595270
galSp,0.1111111111111111,8,8,GAACGATGGGCTCTCAGGTG,0,1607424
galSp,0.1111111111111111,8,8,GAAACCCCAGCCCGATGGCT,0,1609723
galSp,0.1111111111111111,8,8,CTTTCGGTATATGCACCTGA,0,1601914
galSp,0.1111111111111111,8,8,CTTGGGACAACCTTGGCAAA,0,1608406
galSp,0.1111111111111111,8,8,CTTGAACAGTAGGATATACT,0,1620253
galSp,0.1111111111111111,8,8,CTGTAAATTTTTTTGCAGAT,0,1615880
galSp,0.1111111111111111,8,8,CTGGTTCTAACTACGGGTCT,0,1601555
galSp,0.1111111111111111,8,8,CTGGTGCTCTGTATGCGATA,0,1613548
galSp,0.1111111111111111,8,8,CTGATCAGGGTTCGCTATGA,0,1596728
galSp,0.1111111111111111,8,8,CTCTGTGTTACGGGCTGGGT,0,1603279
galSp,0.1111111111111111,8,8,CTCTGGTCAGCACTGAATTT,0,1617908
galSp,0.1111111111111111,8,8,CTCTCCACCGGGATACGGGT,0,1603883
galSp,0.1111111111111111,8,8,CTCGATTTACATCCTCCCAT,0,1612613
galSp,0.1111111111111111,8,8,CTCCAATGGCTTTACACGCT,0,1603505
galSp,0.1111111111111111,8,8,CTCAAGTAGTAACATGTTCG,0,1600139
galSp,0.1111111111111111,8,8,CTAGTGGCTGCACGTATGTG,0,1607168
galSp,0.1111111111111111,8,8,CTAGATCCCACAGCTACAGG,0,1604950
galSp,0.1111111111111111,8,8,CGTGGTTCAGACAGGCATCT,0,1606840
galSp,0.1111111111111111,8,8,CGTGAGTGCCGTGCCCCCAA,0,1621211
galSp,0.1111111111111111,8,8,CGTATCAATAGGGGAGGCCT,0,1615200
galSp,0.1111111111111111,8,8,CGGACAGGTAAAATTACTTA,0,1611149
galSp,0.1111111111111111,8,8,CGCTAATGGGATCTTAATTA,0,1613811
galSp,0.1111111111111111,8,8,CGCGTCAAAGAATTAAAATC,0,1621040
galSp,0.1111111111111111,8,8,CGCCTCGGAAGAGGACTAAA,0,1609975
galSp,0.1111111111111111,8,8,CGCCGACCATCGTACCGAAA,0,1600680
galSp,0.1111111111111111,8,8,CGCCCGGAGCTGAGTTGAAT,0,1618986
galSp,0.1111111111111111,8,8,CGCCCCGACGCAAACACTTG,0,1599095
galSp,0.1111111111111111,8,8,CGCATCTGACCGTTAGGGAC,0,1605080
galSp,0.1111111111111111,8,8,CGATGCCAGCCTTGAACATA,0,1621419
galSp,0.1111111111111111,8,8,CGAGTCGGTAGGGCTTATGT,0,1609341
galSp,0.1111111111111111,8,8,CGAGGTAAATCAAAGTGGTG,0,1609136
galSp,0.1111111111111111,8,8,CGACATATTGCGCGAGGTCC,0,1608800
galSp,0.1111111111111111,8,8,CGACACTTTTAGTATTCGTC,0,1611881
galSp,0.1111111111111111,8,8,CCGTTGTCCCATCGGGCGTG,0,1620651
galSp,0.1111111111111111,8,8,CCGGTACTGTCCGGTGCAGT,0,1617527
galSp,0.1111111111111111,8,8,CCCTGGTCGTTCCTGCTGTA,0,1601287
galSp,0.1111111111111111,8,8,CCCGCCATAGTTTGTGCATG,0,1598854
galSp,0.1111111111111111,8,8,CCATCTAAGGGCACGGACCC,0,1616682
galSp,0.1111111111111111,8,8,CCATATCAAGATCCGGGGAT,0,1609467
galSp,0.1111111111111111,8,8,CCAACTATCCATATGTAAGG,0,1611035
galSp,0.1111111111111111,8,8,CATTCTTAGCACATGGCCCC,0,1620370
galSp,0.1111111111111111,8,8,CATGGCTGCATCACCAGACA,0,1608642
galSp,0.1111111111111111,8,8,CATCCTATTGTTACATCCGG,0,1595391
galSp,0.1111111111111111,8,8,CAGTCTATGCTTAGAATACC,0,1604258
galSp,0.1111111111111111,8,8,CAGTCGTCTCTGCATCGTTG,0,1617974
galSp,0.1111111111111111,8,8,CAGTCGGAGGAGGTCCGTAT,0,1602439
galSp,0.1111111111111111,8,8,CAGTCAAGAGGTGCCCTTAA,0,1601626
galSp,0.1111111111111111,8,8,CAGCGTTCGGTAGTAGGTAC,0,1603826
galSp,0.1111111111111111,8,8,CAGCAGCGGAGGATATTTGT,0,1619235
galSp,0.1111111111111111,8,8,CACTTCTGTCTACGCCATAT,0,1616113
galSp,0.1111111111111111,8,8,CACTGGTCAAGGGCGCGCGG,0,1596490
galSp,0.1111111111111111,8,8,CACGACGATATTTACAAAAA,0,1595803
galSp,0.1111111111111111,8,8,CAAGGCCCTCACGCTGGCTG,0,1603994
galSp,0.1111111111111111,8,8,CAAACGGGACACTACAGGGG,0,1606271
galSp,0.1111111111111111,8,8,ATTTTTGACAGGGGTTCTAA,0,1620442
galSp,0.1111111111111111,8,8,ATTCGGACGACTTGACAGTG,0,1598321
galSp,0.1111111111111111,8,8,ATTAGCTACTCCCGGTTTCT,0,1607273
galSp,0.1111111111111111,8,8,ATTAGCACACTTTGTGCCCG,0,1598295
galSp,0.1111111111111111,8,8,ATGGAAGTAGTGGCTGCGCT,0,1601435
galSp,0.1111111111111111,8,8,ATGAACGGAGGGTACTAACT,0,1601338
galSp,0.1111111111111111,8,8,ATCTCCCCCAGCCTGCACCC,0,1607000
galSp,0.1111111111111111,8,8,ATCGGTAAGGACGAACTCTT,0,1614072
galSp,0.1111111111111111,8,8,ATCATGTTACTCACCTGACT,0,1602926
galSp,0.1111111111111111,8,8,ATATTCAATATCTTAGATGT,0,1616019
galSp,0.1111111111111111,8,8,ATAGGAAATGTGACCTGGTC,0,1614360
galSp,0.1111111111111111,8,8,ATACTAATTTCCTTGGATTC,0,1602782
galSp,0.1111111111111111,8,8,ATACAAGCTCTCACTCGGGC,0,1614995
galSp,0.1111111111111111,8,8,ATAACCGTGAAGGCTCGTCC,0,1597422
galSp,0.1111111111111111,8,8,AGTGTTTCGCTTACCTGTAA,0,1603651
galSp,0.1111111111111111,8,8,AGTGGCGTATTTTAACCCCG,0,1616636
galSp,0.1111111111111111,8,8,AGTGATCTGGAGATTCGCTT,0,1604869
galSp,0.1111111111111111,8,8,AGTAACTTAGCCGGTATTAG,0,1609956
galSp,0.1111111111111111,8,8,AGGTCGGGTCGGATGAGCAT,0,1616284
galSp,0.1111111111111111,8,8,AGGCGGTTATGAGGACGAGA,0,1609825
galSp,0.1111111111111111,8,8,AGGCGGGTCTTTTTGTGCAG,0,1607629
galSp,0.1111111111111111,8,8,AGCTAAACAATATTTCAATA,0,1614681
galSp,0.1111111111111111,8,8,AGCGGGGAAGAAGGCTACCT,0,1599810
galSp,0.1111111111111111,8,8,AGCGATCCCGACAGCATAAT,0,1607834
galSp,0.1111111111111111,8,8,AGCCTTTACCCTGTGGAAGA,0,1606531
galSp,0.1111111111111111,8,8,AGATGACCCGTAGCTGTACT,0,1605331
galSp,0.1111111111111111,8,8,AGAGGCAGGTAGTAAACACA,0,1608788
galSp,0.1111111111111111,8,8,ACGTACGCGGGCCTTGAAGA,0,1596348
galSp,0.1111111111111111,8,8,ACGGATGTAGAGGTCCGCAA,0,1615645
galSp,0.1111111111111111,8,8,ACGGACAGCTAAAGCGTCCG,0,1609692
galSp,0.1111111111111111,8,8,ACGGAAGCGAGGCTGACTTA,0,1605307
galSp,0.1111111111111111,8,8,ACGCTGGCGATCAAGCGGAA,0,1608937
galSp,0.1111111111111111,8,8,ACGCTGAGGTGGTTGAATTA,0,1616865
galSp,0.1111111111111111,8,8,ACGCAACGATCATCTCTGAG,0,1605447
galSp,0.1111111111111111,8,8,ACGAAATAGCTGCCAAGGAT,0,1619755
galSp,0.1111111111111111,8,8,ACCGTTAAGATTATGTACGG,0,1604940
galSp,0.1111111111111111,8,8,ACCGGCGGGGACCCGACCTT,0,1614695
galSp,0.1111111111111111,8,8,ACCGCCAGACCTACCAAACA,0,1608212
galSp,0.1111111111111111,8,8,ACCAGGGAGCGGCCAATATA,0,1615715
galSp,0.1111111111111111,8,8,ACATTTAGGAGCTAGCCTGT,0,1612986
galSp,0.1111111111111111,8,8,ACAGGCGCCAGACCCATCCC,0,1621054
galSp,0.1111111111111111,8,8,AATTTCATGCCGCTCAATGT,0,1618499
galSp,0.1111111111111111,8,8,AATTTAGTCTAGGGCACCGA,0,1604071
galSp,0.1111111111111111,8,8,AATTGGACACCCTTAGCCAT,0,1612952
galSp,0.1111111111111111,8,8,AATCTCCCAGGTCGCATTTG,0,1615304
galSp,0.1111111111111111,8,8,AAGGGGAGTCAATACCGTCA,0,1610886
galSp,0.1111111111111111,8,8,AAGCCGGTGTATCTGAAGCT,0,1612886
galSp,0.1111111111111111,8,8,AAGACCCTCACGCGAAAGAG,0,1618624
galSp,0.1111111111111111,8,8,AACTTGGGACAGGGTCTTTG,0,1595960
galSp,0.1111111111111111,8,8,AACCAAGCCAGTGCTCAATA,0,1600309
galSp,0.1111111111111111,8,8,AACAAGTTGCTTTCTACGGA,0,1611279
galSp,0.1111111111111111,8,8,AAATTCTTAGTGGCGTGATA,0,1611187
galSp,0.1111111111111111,8,8,AAAGGGTGGTTCCCCGTTCA,0,1611077
galSp,0.125,7,7,TTTTCACACGCAACTTTCAG,0,1595759
galSp,0.125,7,7,TTTTAGTTTTACACCGGTTT,0,1612167
galSp,0.125,7,7,TTTGTGGGCATGTTTCGTGT,0,1616898
galSp,0.125,7,7,TTTGCCCAATGCCCTTACAT,0,1600399
galSp,0.125,7,7,TTTGAACCTGAGCCGTAAAA,0,1602303
galSp,0.125,7,7,TTTCTCCCGGCAGGGCTATG,0,1614210
galSp,0.125,7,7,TTGTTTCACCATCCAGTCGT,0,1603711
galSp,0.125,7,7,TTGTCTGCGGGTCTCCTCCA,0,1602078
galSp,0.125,7,7,TTGGCGGTGTGTTTAGCGAT,0,1599274
galSp,0.125,7,7,TTGCTTCGGGCAGACCACAA,0,1616033
galSp,0.125,7,7,TTCACTCGGACGTATGACTT,0,1604971
galSp,0.125,7,7,TTACGGAGATTTCTTCAATG,0,1604525
galSp,0.125,7,7,TTACGAGCAAGAGCGACCAT,0,1608110
galSp,0.125,7,7,TGTGTAAGACGAGCTGCCGG,0,1595418
galSp,0.125,7,7,TGTAGAGTCTACGATCGACT,0,1616140
galSp,0.125,7,7,TGGTGGGTTCCTGGCTTGGC,0,1612100
galSp,0.125,7,7,TGGGATTGTGGTTAGAAAGT,0,1615714
galSp,0.125,7,7,TGGAATAGCTGCTTTCCAAG,0,1603077
galSp,0.125,7,7,TGGAAAGCACGCCTGCATTT,0,1598122
galSp,0.125,7,7,TGCTTCACAATTTATCGTCT,0,1606146
galSp,0.125,7,7,TGCGGCCATGAACATGGGTT,0,1608736
galSp,0.125,7,7,TGCATGTCCACAAGTGTGAA,0,1596151
galSp,0.125,7,7,TGCACTAATCAACGACACTA,0,1608824
galSp,0.125,7,7,TGATTCGATGAGCATGTATT,0,1597482
galSp,0.125,7,7,TGATCTGTAAAAATCTCGTC,0,1595463
galSp,0.125,7,7,TGATCGTGCATCCGGCTCCA,0,1615489
galSp,0.125,7,7,TGAGGGTCCGGAATCACCAC,0,1620368
galSp,0.125,7,7,TGAGCAAGTAATCGGCCAGG,0,1602819
galSp,0.125,7,7,TGAGACATCTGTTGGAAGAG,0,1603961
galSp,0.125,7,7,TGACTATACATTTTTCCCTG,0,1606672
galSp,0.125,7,7,TGACGTCACGTTCGCCGTAG,0,1603943
galSp,0.125,7,7,TCTGGGCTCAGTCTTGTTAT,0,1596403
galSp,0.125,7,7,TCTGGCGCCTCAATTGCCGA,0,1596572
galSp,0.125,7,7,TCTGGAAGTACAGGGGGCCA,0,1602213
galSp,0.125,7,7,TCTGCTACATGTACGTGTTC,0,1601158
galSp,0.125,7,7,TCTGATCCACGGCTCCTCAT,0,1597914
galSp,0.125,7,7,TCTGACCTCATTTGTAAAGG,0,1600541
galSp,0.125,7,7,TCTAGTCCTAATGAGGATAA,0,1597552
galSp,0.125,7,7,TCGTAGAACAAGACGATATG,0,1616178
galSp,0.125,7,7,TCGCCGTCCAAACATCCTTC,0,1616495
galSp,0.125,7,7,TCGAATTAAGTTGTTCTATA,0,1596744
galSp,0.125,7,7,TCCTTGGTTTGGTGAGGTAT,0,1602654
galSp,0.125,7,7,TCCCGTACTGGCCTATTTCC,0,1595236
galSp,0.125,7,7,TCCCGGGTCCCCTCGTCCCT,0,1611195
galSp,0.125,7,7,TCCCCCGGTCTGATACGATC,0,1615225
galSp,0.125,7,7,TCCAAACTTTGGACTGATGT,0,1604611
galSp,0.125,7,7,TCATTTACACTTTAGCTTGA,0,1604582
galSp,0.125,7,7,TCAGTGTAGGATACCTAAGA,0,1602787
galSp,0.125,7,7,TCACTTATGAACTGGTCTAT,0,1615260
galSp,0.125,7,7,TCACGACGTCAATTGCTGCG,0,1600926
galSp,0.125,7,7,TCACCACTCGGGAAGGTCCG,0,1612389
galSp,0.125,7,7,TCACAGTGCCACCTGTGCTA,0,1619078
galSp,0.125,7,7,TCAATGCTCATGAAACTAAC,0,1603737
galSp,0.125,7,7,TCAAGTGATTCGCAAGATGT,0,1612783
galSp,0.125,7,7,TATGGACCAGTTTACAAGTC,0,1615608
galSp,0.125,7,7,TATCCGGGGTAGTACGTGAG,0,1603564
galSp,0.125,7,7,TATCCGGGGGAACGTCTGAG,0,1615279
galSp,0.125,7,7,TATATTACCGATCTCACTTA,0,1608570
galSp,0.125,7,7,TAGGATACATATGGCAATTC,0,1595663
galSp,0.125,7,7,TAGAAAGCATTCCCAACATG,0,1603075
galSp,0.125,7,7,TACGGGCATCGTCCTCTGAA,0,1604472
galSp,0.125,7,7,TACCTAGTATACCCATGAGT,0,1619542
galSp,0.125,7,7,TAATCCCTATGGGATAGACG,0,1616644
galSp,0.125,7,7,TAATACGATGGGCGAAGGGG,0,1608380
galSp,0.125,7,7,TAATACATTAGGTAACGTTC,0,1605630
galSp,0.125,7,7,TAAGGTTCCGACGTGCGAAT,0,1603333
galSp,0.125,7,7,TAAACATTTTAGTAGTTCGG,0,1609992
galSp,0.125,7,7,GTTTCGTCTTTCGGGATGCA,0,1612875
galSp,0.125,7,7,GTTTACCTTGGTGTTATGTG,0,1617881
galSp,0.125,7,7,GTTCTCTCCCAGCATAAAGA,0,1606467
galSp,0.125,7,7,GTTCAACGGACTCTTGCCCG,0,1597478
galSp,0.125,7,7,GTGTTGGCGCATAGACTTGC,0,1607778
galSp,0.125,7,7,GTGTGAGATTCTTTCTGGGT,0,1606639
galSp,0.125,7,7,GTGTATCTGATTACGCGCTT,0,1610224
galSp,0.125,7,7,GTGGCGGACAATCACACGCA,0,1596125
galSp,0.125,7,7,GTGATTTCGACGATGCGTTG,0,1620055
galSp,0.125,7,7,GTGATGCTATCCTACGCGAC,0,1608625
galSp,0.125,7,7,GTCCTACAGTAAACAAAGCT,0,1616504
galSp,0.125,7,7,GTCCAGGGGCAAACGAGGGT,0,1617069
galSp,0.125,7,7,GTCAGCTCGAGGTGTTAGGC,0,1614759
galSp,0.125,7,7,GTAGTATCAGACGGGTAGTT,0,1606562
galSp,0.125,7,7,GTAGTAGAAAATTCAGGACT,0,1598030
galSp,0.125,7,7,GTACCTAGGACACCTATTAC,0,1616036
galSp,0.125,7,7,GTAAATTCGAACCCGTGCCA,0,1616873
galSp,0.125,7,7,GTAAATAGCAAACGGGGGAC,0,1597836
galSp,0.125,7,7,GGTTTAGGCCATTGCGACAT,0,1599293
galSp,0.125,7,7,GGTAATATCAGCGGTCTGCG,0,1621552
galSp,0.125,7,7,GGTAACCGCGGCCCCGATGA,0,1607106
galSp,0.125,7,7,GGGTTTACAAAATGTTCACT,0,1613865
galSp,0.125,7,7,GGGTGTGCTATCTGCTGGCA,0,1613464
galSp,0.125,7,7,GGGTAATGACATAAGCGGAT,0,1604304
galSp,0.125,7,7,GGGCTCCCCCAGGGCTCCAA,0,1618989
galSp,0.125,7,7,GGGCGCAGGTCCTGTAATAG,0,1605805
galSp,0.125,7,7,GGGCCTAAATCTACCTGTGT,0,1602075
galSp,0.125,7,7,GGCTGCATCCATACGACCTC,0,1608282
galSp,0.125,7,7,GGCTCACAGACTACACACAG,0,1613070
galSp,0.125,7,7,GGCGCCGCACAAGATTCCGA,0,1601102
galSp,0.125,7,7,GGCCCCTCGGAACGGCCCTC,0,1602795
galSp,0.125,7,7,GGATTCGCCATGTCAAAACG,0,1608287
galSp,0.125,7,7,GGATCAATACGCACGCTGAG,0,1614272
galSp,0.125,7,7,GGATACCATAGCCAATCGTG,0,1614161
galSp,0.125,7,7,GGAGTATAAAGTAAGCCAGG,0,1611959
galSp,0.125,7,7,GGAATCGCTGATAGGCGAAC,0,1603760
galSp,0.125,7,7,GCTTTACTAGCTGCGGATGA,0,1599537
galSp,0.125,7,7,GCTTGCTAAGAAGCCCTAGC,0,1596807
galSp,0.125,7,7,GCTATAGGTGGAAGAAGTTC,0,1598565
galSp,0.125,7,7,GCGTTTATTTATTGATGCGG,0,1608265
galSp,0.125,7,7,GCGGTCGCCAGGTTCAGGTT,0,1618421
galSp,0.125,7,7,GCCTCTTTATTTGCACACGC,0,1613825
galSp,0.125,7,7,GCCTCAATCGGTCGTGCTTG,0,1609613
galSp,0.125,7,7,GCCTAAATAGGCATATTAAC,0,1607137
galSp,0.125,7,7,GCCGTTTGAAGAGAACCCAT,0,1608411
galSp,0.125,7,7,GCCGTATGTTTCCTAATTTA,0,1599538
galSp,0.125,7,7,GCCCTGACTGTTCGTCCTAG,0,1618528
galSp,0.125,7,7,GCCACAAAACCAAGTTTAGA,0,1618633
galSp,0.125,7,7,GCCAAGTATGGAGTTTGGAG,0,1603186
galSp,0.125,7,7,GCATTCTTTTCCTGCGGCTG,0,1620921
galSp,0.125,7,7,GCAGTGGTCGGTGACTTATG,0,1598329
galSp,0.125,7,7,GCAGTAAGACTAACATCTAT,0,1603598
galSp,0.125,7,7,GCAGCCTATGTCAAATAACA,0,1603724
galSp,0.125,7,7,GCAGCAAGCAGAGGCACACT,0,1598341
galSp,0.125,7,7,GCACTATTTTCCCAGCCGGG,0,1611532
galSp,0.125,7,7,GCAAGGGGATGCTTTTGAGG,0,1595451
galSp,0.125,7,7,GCAACGGAGGAACGTTAGTA,0,1619937
galSp,0.125,7,7,GCAACATAAGGTTGATTTAT,0,1607865
galSp,0.125,7,7,GATGGCGGAATTGGTAGTGC,0,1597288
galSp,0.125,7,7,GATGATGGGCTATACCCGCG,0,1618148
galSp,0.125,7,7,GATAGCTAGAGCCACGCAAT,0,1617641
galSp,0.125,7,7,GAGTTGTAAAGTTAGGGGGA,0,1602622
galSp,0.125,7,7,GAGGGCTGTAGCACGCTTGG,0,1620472
galSp,0.125,7,7,GAGCATGGGGAGTGGAACTT,0,1604323
galSp,0.125,7,7,GAGAACGGTCCATGGCTCAC,0,1603550
galSp,0.125,7,7,GACTACCGTCCTGTACCAAC,0,1598374
galSp,0.125,7,7,GACATGTAGGAGAACAGCCG,0,1603204
galSp,0.125,7,7,GACACGGCTACAATTGAATG,0,1613283
galSp,0.125,7,7,GACACGCTAGTGGTCATAGA,0,1602454
galSp,0.125,7,7,GAATTTACAAGGCTCGTCTT,0,1606472
galSp,0.125,7,7,GAACAGGGCACGCTCCACTC,0,1602194
galSp,0.125,7,7,CTTTTTATGAATCGTAAACT,0,1614670
galSp,0.125,7,7,CTTTGTTTGTTCCGGGTGAT,0,1602945
galSp,0.125,7,7,CTTTATTTCCGCTGTAGCTG,0,1598697
galSp,0.125,7,7,CTTGTTTAAAGGGCAATGTA,0,1615895
galSp,0.125,7,7,CTGTAGATTGAGGAGTGCTG,0,1610570
galSp,0.125,7,7,CTGCTTAAAGATGTTAAGCT,0,1596642
galSp,0.125,7,7,CTGCCGTTACCATAACATAT,0,1614457
galSp,0.125,7,7,CTGAGCAGTGCCAAGGAACT,0,1610942
galSp,0.125,7,7,CTGAAGCAACGCCTAAACCA,0,1595945
galSp,0.125,7,7,CTCTAAATAGGAGTTGGTAT,0,1605478
galSp,0.125,7,7,CTCGTTGCCCATTTCTTCTG,0,1602225
galSp,0.125,7,7,CTAGGATGGTCTGGTGCACC,0,1615508
galSp,0.125,7,7,CTACTGGTAAGGCCGTCATC,0,1612104
galSp,0.125,7,7,CTAACCGGAGTCCCGTACTG,0,1604527
galSp,0.125,7,7,CGTTGCTTCGGGGATTAGTC,0,1605438
galSp,0.125,7,7,CGTTCGTTAGGGGTTATTGG,0,1617161
galSp,0.125,7,7,CGTGTTAAGTGTTTGTCAGT,0,1601081
galSp,0.125,7,7,CGTGACCCTCGAGTCGGGTA,0,1614448
galSp,0.125,7,7,CGTAGCCGTCTTTGTCCCGT,0,1615713
galSp,0.125,7,7,CGGTTATTCGAGGGGCGCTC,0,1607601
galSp,0.125,7,7,CGGTCAGCTATAGGGAACGT,0,1603947
galSp,0.125,7,7,CGGGGTGTGGAAAGACATTG,0,1621309
galSp,0.125,7,7,CGGCCTAGGGCCTGGGAACC,0,1609826
galSp,0.125,7,7,CGGCCACCGCTACGTGTCCA,0,1598679
galSp,0.125,7,7,CGGCACCTCGCGTTCATAGG,0,1619864
galSp,0.125,7,7,CGCGCATAAACTCACTACCT,0,1602333
galSp,0.125,7,7,CGCCGAGCACCGCCCGCCCT,0,1607336
galSp,0.125,7,7,CGCCCGATATAGCCCTCCTG,0,1614277
galSp,0.125,7,7,CGAAGGATTAGCTTCAGGTC,0,1613878
galSp,0.125,7,7,CCTTTATTACCTACATACTA,0,1603268
galSp,0.125,7,7,CCTGACGACTCCTATTATCA,0,1606229
galSp,0.125,7,7,CCTCGCGCTTCACAGCGATC,0,1619658
galSp,0.125,7,7,CCGTAGGTGCACCCACTCTG,0,1597776
galSp,0.125,7,7,CCGGGTTGTATCTCACTGAT,0,1611243
galSp,0.125,7,7,CCGGGGTCAAGGTACACAGG,0,1619843
galSp,0.125,7,7,CCGGGACACCCGAAAGTTGG,0,1612249
galSp,0.125,7,7,CCGGATTCAGTGGCGATCCT,0,1611257
galSp,0.125,7,7,CCGAGACGAGTGGGCCTGGT,0,1600770
galSp,0.125,7,7,CCGAATAAGCTCGCGTCCGA,0,1597369
galSp,0.125,7,7,CCCTGGTGGGAGACACGTCG,0,1607170
galSp,0.125,7,7,CCCTGACACGTAGGCCCCTC,0,1601699
galSp,0.125,7,7,CCCGGTCAAAATGACATTGT,0,1610787
galSp,0.125,7,7,CCCGGCGGACTTACACCAAC,0,1605416
galSp,0.125,7,7,CCCGCTGGAAGATATCGCGC,0,1620006
galSp,0.125,7,7,CCCCCGCCGATCTTAAGAGA,0,1601010
galSp,0.125,7,7,CCATATGGCCTGATCGCTCC,0,1613616
galSp,0.125,7,7,CCAGGCGGAGAAGAAAGGCC,0,1599710
galSp,0.125,7,7,CCAGGCACTTTCACTTCCAC,0,1616220
galSp,0.125,7,7,CCACTATCATAACTGTAGTT,0,1600674
galSp,0.125,7,7,CATTACGACGGGCATTCCAT,0,1616614
galSp,0.125,7,7,CATGGGCGTCATGGAGGTTC,0,1595996
galSp,0.125,7,7,CATCGGTTGGTCCCAGAACA,0,1611837
galSp,0.125,7,7,CAGCTGACCCATGGGAGCGA,0,1616472
galSp,0.125,7,7,CACTATACGCGTTTGAGGGG,0,1610991
galSp,0.125,7,7,CACGGGGGAAGGAAGCAAAG,0,1597801
galSp,0.125,7,7,CACCCAGTGGGGGGTAAGAT,0,1619291
galSp,0.125,7,7,CAATGGACTTTCGGCTCTTC,0,1603358
galSp,0.125,7,7,CAATCCCGAGTCTACACCCT,0,1600818
galSp,0.125,7,7,CAATACTTCTGGCCTTGGGA,0,1616863
galSp,0.125,7,7,CAAGTGTCCTAGGGCCTTTG,0,1609801
galSp,0.125,7,7,CAAAAGGCACTTTGCTGGCA,0,1608424
galSp,0.125,7,7,ATGGTATTTACCTCTACGTT,0,1611879
galSp,0.125,7,7,ATGCTCTGCATGGGGATATG,0,1612142
galSp,0.125,7,7,ATGCCAGGTCACTATACAGA,0,1619622
galSp,0.125,7,7,ATGCAATTATGGAACCGAGA,0,1607085
galSp,0.125,7,7,ATGAATATGGGAGACACGTT,0,1609995
galSp,0.125,7,7,ATCGTCAACCTACAATCAGC,0,1621543
galSp,0.125,7,7,ATCGACCACTGGTGTGTGGT,0,1595525
galSp,0.125,7,7,ATCCTTGACGATGATGACCT,0,1617570
galSp,0.125,7,7,ATCAGGTCGGCGTGTGAGTC,0,1620895
galSp,0.125,7,7,ATCACGGTTCTTCAAATCTT,0,1608213
galSp,0.125,7,7,ATAGTGGCCAAAACGGGCAG,0,1605826
galSp,0.125,7,7,ATAGGTGAAATACATGAATA,0,1599013
galSp,0.125,7,7,ATACCCAACCAGCCGGTAAT,0,1602720
galSp,0.125,7,7,AGTTTCGTACTACGCCGTAT,0,1604373
galSp,0.125,7,7,AGTTGGCAGATAGTCTGCTT,0,1619508
galSp,0.125,7,7,AGTACTGGAGTTTAACTCGT,0,1613906
galSp,0.125,7,7,AGTACCGCTCGAAGGATTTC,0,1596841
galSp,0.125,7,7,AGGGGTTCATCCCAAGATTA,0,1603162
galSp,0.125,7,7,AGGCCGAACGGTCCATCGAT,0,1616811
galSp,0.125,7,7,AGGCAGCGAGTAGGGATTTC,0,1613200
galSp,0.125,7,7,AGCTTACAGGCGGACTTTGA,0,1607993
galSp,0.125,7,7,AGCTAGGTCTCCAAGGTATA,0,1600150
galSp,0.125,7,7,AGCGCTGCTGTGAGTCAGCG,0,1616112
galSp,0.125,7,7,AGCACGACCTACTTCGTTAT,0,1615183
galSp,0.125,7,7,AGATCTACAAGCTGCAGTGG,0,1620699
galSp,0.125,7,7,AGAGGCCCTGGAATTTTGGC,0,1605933
galSp,0.125,7,7,AGACCTTCCAACCTCATGAA,0,1608569
galSp,0.125,7,7,AGAATCAAAGATATTGAGGC,0,1601400
galSp,0.125,7,7,AGAAACGTGCATATGTCTTC,0,1609615
galSp,0.125,7,7,ACTTTCATGGATGTCGTCAA,0,1612174
galSp,0.125,7,7,ACTTAAGACTGCTTGGTTAT,0,1597534
galSp,0.125,7,7,ACTGGCAGCCCAGCTAATAC,0,1611260
galSp,0.125,7,7,ACTCAGCTCATGGTACCCAA,0,1597399
galSp,0.125,7,7,ACTAGCAGGGTAGAAGACAT,0,1598510
galSp,0.125,7,7,ACGTTATGTAAGTGGTATGG,0,1608988
galSp,0.125,7,7,ACGATATGCATAATGCGGAT,0,1603193
galSp,0.125,7,7,ACCCGTTCTGATGAAGGCCC,0,1614308
galSp,0.125,7,7,ACCACCTCAGTTTAAGAATA,0,1608802
galSp,0.125,7,7,ACCAACATGGGGCTGTATAA,0,1616837
galSp,0.125,7,7,ACAGTAAGGCGAATCTCAAC,0,1619059
galSp,0.125,7,7,ACAGATCCGTTGAAAGAGTC,0,1619232
galSp,0.125,7,7,ACACTAAGCACTCCACCTGA,0,1596919
galSp,0.125,7,7,ACACACTGTTAACAAGAGAG,0,1600338
galSp,0.125,7,7,ACAACGGTATTGGATTCTTG,0,1619039
galSp,0.125,7,7,AATCTGGAAAGACTGTATGT,0,1598459
galSp,0.125,7,7,AATCTATTTACCATCAGTGT,0,1595919
galSp,0.125,7,7,AAGTGGTTTAGGTCGGTGTC,0,1615886
galSp,0.125,7,7,AAGGTTGTTCGCCCGTTTAA,0,1617623
galSp,0.125,7,7,AAGGGGCGTCGTTGCTTAGC,0,1607611
galSp,0.125,7,7,AAGGCGGTTGTTATTACTGT,0,1602836
galSp,0.125,7,7,AACTGTAATGCGCCGATCGT,0,1620431
galSp,0.125,7,7,AACTAGGTGTCCTTGTTGGC,0,1606073
galSp,0.125,7,7,AACGGTGTTTGTCCAGACAA,0,1609935
galSp,0.125,7,7,AACCGGTGGCCTTGCGAAGG,0,1608677
galSp,0.125,7,7,AAATATGGTCCCCGATATGT,0,1597919
galSp,0.125,7,7,AAAGTGGGCAAGTTGCATAC,0,1602516
galSp,0.125,7,7,AAAGTATTCTGAGTCAGGTG,0,1615384
galSp,0.125,7,7,AAAGCCAGTGAGCCCTGACA,0,1597949
galSp,0.125,7,7,AAACGTTTCAGCGCACAACT,0,1608463
galSp,0.125,7,7,AAAAGGCTTAGCGCCGCCCA,0,1604225
galSp,0.125,7,7,AAAAATAGGTAGGGATCGAA,0,1609473
galSp,0.14285714285714285,6,6,TTTTGGTTTATCCCGTTTGC,0,1621016
galSp,0.14285714285714285,6,6,TTTGGAACATGGTGCAAGCC,0,1596885
galSp,0.14285714285714285,6,6,TTTGCTGCTTGTTTACGGAC,0,1606770
galSp,0.14285714285714285,6,6,TTTGAGCACTTCCTCGCTGA,0,1620197
galSp,0.14285714285714285,6,6,TTTCATGGGGACCCTGCCAG,0,1618987
galSp,0.14285714285714285,6,6,TTTCACATAGCTGTGCTAAC,0,1611934
galSp,0.14285714285714285,6,6,TTGTTCTAAACCGGATGTGT,0,1612574
galSp,0.14285714285714285,6,6,TTGTTCGTAGTCTCTGGGTC,0,1604600
galSp,0.14285714285714285,6,6,TTGTTCCCTCAGCAATTCAT,0,1616371
galSp,0.14285714285714285,6,6,TTGTGAATTGCGAGCCACGT,0,1602306
galSp,0.14285714285714285,6,6,TTGGCAGACGGCTATCAATA,0,1598735
galSp,0.14285714285714285,6,6,TTGCTGGCACGGCTAGACTA,0,1599587
galSp,0.14285714285714285,6,6,TTCGCGCAACTATAACTCCG,0,1612134
galSp,0.14285714285714285,6,6,TTCCGGCCTCCTTATGCCCA,0,1609270
galSp,0.14285714285714285,6,6,TTCCCACCTCTCACCAAACT,0,1619529
galSp,0.14285714285714285,6,6,TTCAAAGCGGACAGGAGGCC,0,1600896
galSp,0.14285714285714285,6,6,TTACATGATCGGCCCAACGG,0,1615571
galSp,0.14285714285714285,6,6,TGTTACGTATCGGCCTCGCA,0,1596827
galSp,0.14285714285714285,6,6,TGTGTTGTCATAACGGTGGA,0,1607944
galSp,0.14285714285714285,6,6,TGTGACTTCTGGGGTCGCAT,0,1604564
galSp,0.14285714285714285,6,6,TGTCCCGGATTGTATAGAAG,0,1611596
galSp,0.14285714285714285,6,6,TGGGTGACTCCTAGCACTCG,0,1617636
galSp,0.14285714285714285,6,6,TGGGCTCTAGGATGCTCGGA,0,1607910
galSp,0.14285714285714285,6,6,TGGGCGGTTCGTACGGTGGA,0,1599455
galSp,0.14285714285714285,6,6,TGGGCGCCGTTTCCACGTGT,0,1596076
galSp,0.14285714285714285,6,6,TGGGCAAAGAAGCGTAGGCC,0,1603296
galSp,0.14285714285714285,6,6,TGGCCCTTAGTGCTCAGAAC,0,1615660
galSp,0.14285714285714285,6,6,TGGATTGGGGGCGGGCCATA,0,1618084
galSp,0.14285714285714285,6,6,TGGATAGCTTCACTGATTAT,0,1610481
galSp,0.14285714285714285,6,6,TGCTTTTGGCCCAAACAACG,0,1604300
galSp,0.14285714285714285,6,6,TGCCCGGTGACTATGACTGT,0,1614234
galSp,0.14285714285714285,6,6,TGAGTGGTGTTAAATCGGCG,0,1598461
galSp,0.14285714285714285,6,6,TGACCGAGATCCCGTGTATC,0,1596067
galSp,0.14285714285714285,6,6,TGACATGCATCGGGTCTAAT,0,1619223
galSp,0.14285714285714285,6,6,TCTGGCTAAACCCACGTCAC,0,1612141
galSp,0.14285714285714285,6,6,TCTGGAATATACTGTAGTTT,0,1615493
galSp,0.14285714285714285,6,6,TCTGCTACATCAACGGTATG,0,1607488
galSp,0.14285714285714285,6,6,TCTAGTTGCGCGACACCGAC,0,1610433
galSp,0.14285714285714285,6,6,TCTACCACATAGGCACTACA,0,1612882
galSp,0.14285714285714285,6,6,TCGAGGTGCCACTGGGCCTC,0,1608929
galSp,0.14285714285714285,6,6,TCGACTCGCAGCATTGCATA,0,1601808
galSp,0.14285714285714285,6,6,TCCTACTCGAACGTGAGGAA,0,1610967
galSp,0.14285714285714285,6,6,TCCGGTCAATATGTTCGAGG,0,1603478
galSp,0.14285714285714285,6,6,TCCGGCACTCAGAGTCGGGA,0,1606733
galSp,0.14285714285714285,6,6,TCCGGAGTGAAGTGCGTTTG,0,1616593
galSp,0.14285714285714285,6,6,TCCGCATCAAATGGGTTGTA,0,1615454
galSp,0.14285714285714285,6,6,TCCGATATCTAGTCTAGGAA,0,1611052
galSp,0.14285714285714285,6,6,TCCAAGGGGTATTCCGTTTT,0,1605327
galSp,0.14285714285714285,6,6,TCATCGTCCCCTGAAAGCAA,0,1619211
galSp,0.14285714285714285,6,6,TCATACGACAGTAGATGGCG,0,1604146
galSp,0.14285714285714285,6,6,TCAGTGCCTGTCCGTGGCGG,0,1611956
galSp,0.14285714285714285,6,6,TCAGCGGGGGCTAGATCGAT,0,1604680
galSp,0.14285714285714285,6,6,TCACGGTTTCCTTGAATGTT,0,1620851
galSp,0.14285714285714285,6,6,TCACGGACTTATAACCGGAC,0,1606638
galSp,0.14285714285714285,6,6,TCACACAGAAGGCCGTGGTC,0,1608612
galSp,0.14285714285714285,6,6,TCAATTCAGAGGATCATGTT,0,1610871
galSp,0.14285714285714285,6,6,TCAATCAATGTGCGGTTTTT,0,1600254
galSp,0.14285714285714285,6,6,TCAAAGACCGCGTGCACTCT,0,1601230
galSp,0.14285714285714285,6,6,TATTAGAGGTTGGGTCGGTC,0,1612181
galSp,0.14285714285714285,6,6,TATGAAGACACGGATGCGTA,0,1604450
galSp,0.14285714285714285,6,6,TATCCTCATGGTCTTATTGG,0,1618689
galSp,0.14285714285714285,6,6,TATCCGCGTGCTTAACACGG,0,1608389
galSp,0.14285714285714285,6,6,TATAAGTTAATCTGTGGTAT,0,1607117
galSp,0.14285714285714285,6,6,TAGCTGATGCAATCGCTACA,0,1605908
galSp,0.14285714285714285,6,6,TAGCGACAGCGGCATCCGCA,0,1615947
galSp,0.14285714285714285,6,6,TAGCCCTGCCTGGTATAAGG,0,1606438
galSp,0.14285714285714285,6,6,TAGAGATTCTTCGAACGTCC,0,1610166
galSp,0.14285714285714285,6,6,TACGAGGCCCGGATATCGAT,0,1615798
galSp,0.14285714285714285,6,6,TACACAGAACATCTCAAGAA,0,1604854
galSp,0.14285714285714285,6,6,TACAAGATCGCAGAGCCGTT,0,1621228
galSp,0.14285714285714285,6,6,TAATATGTAGATGAGGATCT,0,1605649
galSp,0.14285714285714285,6,6,TAATATAAATTAAACTCCAG,0,1604461
galSp,0.14285714285714285,6,6,TAAGCTTTTTTTTCCTTGTC,0,1598191
galSp,0.14285714285714285,6,6,TAAGCCATTCTTCGTTTTAG,0,1604260
galSp,0.14285714285714285,6,6,TAAGAGTCGTGCCACCGGGT,0,1618933
galSp,0.14285714285714285,6,6,TAACGCAGAGTTTTCTGCCG,0,1612945
galSp,0.14285714285714285,6,6,TAAACGGCCCATCCGGAATA,0,1600483
galSp,0.14285714285714285,6,6,GTTGCTGTCTGTATGTGGAT,0,1611508
galSp,0.14285714285714285,6,6,GTTGCGGCAGCCTGAGATGT,0,1617722
galSp,0.14285714285714285,6,6,GTTCTGGAGGCCAGACAATG,0,1604079
galSp,0.14285714285714285,6,6,GTTATACGGCAAGCCTCGCC,0,1598968
galSp,0.14285714285714285,6,6,GTTACTGTCCAACCCTGTCG,0,1617789
galSp,0.14285714285714285,6,6,GTGTAAGTACAGGAGATAGG,0,1604322
galSp,0.14285714285714285,6,6,GTGGGTTCACACACGTTCCC,0,1617198
galSp,0.14285714285714285,6,6,GTGACTCGGAAGGGGTACCT,0,1618858
galSp,0.14285714285714285,6,6,GTGAATTCGAATCCAGTACA,0,1607338
galSp,0.14285714285714285,6,6,GTCTTGCAATTGACCCTAGA,0,1599131
galSp,0.14285714285714285,6,6,GTCTTCAAAGTTTAAGTCAC,0,1614197
galSp,0.14285714285714285,6,6,GTCCTGGTACTTGCACTATC,0,1607179
galSp,0.14285714285714285,6,6,GTCCCAACCATTATTTCTGC,0,1620994
galSp,0.14285714285714285,6,6,GTATAGAACGAAAGAGTCGG,0,1617927
galSp,0.14285714285714285,6,6,GTAGTGGTGTGTTGAATAGC,0,1596674
galSp,0.14285714285714285,6,6,GTAGGGCGGAATCACGGAGG,0,1615906
galSp,0.14285714285714285,6,6,GTAGCACAGGCCAGATCGTT,0,1599305
galSp,0.14285714285714285,6,6,GTACGTCCACAGCTGCGAGG,0,1599603
galSp,0.14285714285714285,6,6,GTAATACTACGCAACTCACG,0,1612955
galSp,0.14285714285714285,6,6,GGTTTAGAGTGAAGTTGATG,0,1601870
galSp,0.14285714285714285,6,6,GGTGCACTACGACATGGCGA,0,1620443
galSp,0.14285714285714285,6,6,GGTATTCGGCCAGTTCTGTG,0,1613879
galSp,0.14285714285714285,6,6,GGGTACGCAACCCTTATTAG,0,1596503
galSp,0.14285714285714285,6,6,GGGGTGTATCGCGCCCCAAG,0,1612384
galSp,0.14285714285714285,6,6,GGGCTTCTGCTCGCATAATA,0,1606705
galSp,0.14285714285714285,6,6,GGGATGCGCCGTTCACCCTG,0,1607784
galSp,0.14285714285714285,6,6,GGCTTTCCTGGGTAATCGGG,0,1613573
galSp,0.14285714285714285,6,6,GGCTTTAGTGACTATCACAC,0,1605865
galSp,0.14285714285714285,6,6,GGCTGGCGGCTGCGCCCCTA,0,1596180
galSp,0.14285714285714285,6,6,GGCGTACATGCGGGAAAGGA,0,1600332
galSp,0.14285714285714285,6,6,GGCGGCAGCTTTGCTCGTGC,0,1598615
galSp,0.14285714285714285,6,6,GGCGACGCTAGGATCGGATC,0,1621261
galSp,0.14285714285714285,6,6,GGATTGTATAACTTGGTGCT,0,1620939
galSp,0.14285714285714285,6,6,GGATTCAGTAGTGGGTGTTG,0,1614511
galSp,0.14285714285714285,6,6,GGATTATATCAGCCATACGT,0,1596921
galSp,0.14285714285714285,6,6,GGACTACACAGCGTGTGATA,0,1617896
galSp,0.14285714285714285,6,6,GGACGTGTCGGTGTGAATGT,0,1614836
galSp,0.14285714285714285,6,6,GGACGGGCTTCTCCGTCAGT,0,1616502
galSp,0.14285714285714285,6,6,GGAAGCATGGTCCGTGCACC,0,1597603
galSp,0.14285714285714285,6,6,GCTTTTGACGAGTGGTAGGT,0,1615144
galSp,0.14285714285714285,6,6,GCTTTTAGATCCTTAATGTA,0,1600195
galSp,0.14285714285714285,6,6,GCTTGGGAACTGTCAGTATA,0,1615160
galSp,0.14285714285714285,6,6,GCTCGGTAAGCGACCACATA,0,1605115
galSp,0.14285714285714285,6,6,GCGTGCGGCATCCCTGGTAT,0,1596669
galSp,0.14285714285714285,6,6,GCGTACGTCCTGAGCGTCAG,0,1603235
galSp,0.14285714285714285,6,6,GCGGTAAAGGGGGAGCATTA,0,1596903
galSp,0.14285714285714285,6,6,GCGGGTAATGGTTGCAACGG,0,1604031
galSp,0.14285714285714285,6,6,GCGCTCGATTTCATTGCAGA,0,1608586
galSp,0.14285714285714285,6,6,GCGCCGTGACACAACTAGAG,0,1614206
galSp,0.14285714285714285,6,6,GCGCCAAATCGACAATGTTG,0,1619377
galSp,0.14285714285714285,6,6,GCGATCGCTATGGAAGCACA,0,1600812
galSp,0.14285714285714285,6,6,GCGAGGCCTGATAGATTCGT,0,1614642
galSp,0.14285714285714285,6,6,GCGAAATGTGCTGCAGGTCG,0,1601280
galSp,0.14285714285714285,6,6,GCCTGCGTTTAGCGCACGAG,0,1605917
galSp,0.14285714285714285,6,6,GCCTCCGTTGGGTGGCTCAG,0,1609543
galSp,0.14285714285714285,6,6,GCCGTATGCGACGTTCTCAT,0,1613968
galSp,0.14285714285714285,6,6,GCCGGCACAGCTAATATAGG,0,1612983
galSp,0.14285714285714285,6,6,GCCCTACCTTGAAGTGAGTA,0,1620336
galSp,0.14285714285714285,6,6,GCCCCTGGGCACATCCAGGC,0,1606933
galSp,0.14285714285714285,6,6,GCCAAAACTATCGCCGAATT,0,1606970
galSp,0.14285714285714285,6,6,GCATTTAGCCTTATTATCCA,0,1619315
galSp,0.14285714285714285,6,6,GCATTCCCGTGGTTGTCTGA,0,1606988
galSp,0.14285714285714285,6,6,GCATCTGGAGAACCAGGCTG,0,1620127
galSp,0.14285714285714285,6,6,GCAATTCGGGGGTCAATGAG,0,1614294
galSp,0.14285714285714285,6,6,GAGTGAAACTACAATGTATG,0,1613281
galSp,0.14285714285714285,6,6,GACTTGGAGGGCGCGTACCA,0,1601237
galSp,0.14285714285714285,6,6,GACGAAAACTGTAGACTTGC,0,1605067
galSp,0.14285714285714285,6,6,GACCGTGCGTAGAGACCCGT,0,1612240
galSp,0.14285714285714285,6,6,GAATGTGAAACGCTAGAGAG,0,1618583
galSp,0.14285714285714285,6,6,GAAGGACTGGCGGTAACACT,0,1611638
galSp,0.14285714285714285,6,6,GAAAACCCGACATTGAAAGG,0,1602678
galSp,0.14285714285714285,6,6,CTTTTTCCCGAGGGGCTCAA,0,1601572
galSp,0.14285714285714285,6,6,CTTTCAAACATGCGTGGCTC,0,1613391
galSp,0.14285714285714285,6,6,CTTTAGCTCGCCGCCCGAAA,0,1603730
galSp,0.14285714285714285,6,6,CTTGGTAAGTTAGCATACTG,0,1610750
galSp,0.14285714285714285,6,6,CTTGCACAAATTTCCTCGAG,0,1595606
galSp,0.14285714285714285,6,6,CTTAATTTTTTCCGTAGTTG,0,1595242
galSp,0.14285714285714285,6,6,CTTAAAGTCGCCCGCGGACT,0,1596031
galSp,0.14285714285714285,6,6,CTGTTTACGTACAAGCGTAG,0,1605493
galSp,0.14285714285714285,6,6,CTGGTACCTTAACGGGCACG,0,1602606
galSp,0.14285714285714285,6,6,CTGGACGCGTTGATGCGCCT,0,1611634
galSp,0.14285714285714285,6,6,CTGCTTGATCGTAGAGGAGG,0,1618737
galSp,0.14285714285714285,6,6,CTGCGCACAGTCCAGGAACG,0,1597009
galSp,0.14285714285714285,6,6,CTGAGATATATTGGACGGCT,0,1610318
galSp,0.14285714285714285,6,6,CTCTTATTGAAACTGAAGCA,0,1617936
galSp,0.14285714285714285,6,6,CTCGGATCCCCGGTCGATGA,0,1600086
galSp,0.14285714285714285,6,6,CTCATGTTCTGTTTAGATAG,0,1596136
galSp,0.14285714285714285,6,6,CTCATGACACATCGGTTCGT,0,1609707
galSp,0.14285714285714285,6,6,CTCAGGACTACACCAGGGAT,0,1602143
galSp,0.14285714285714285,6,6,CTATCTACTGTGTGCAGACG,0,1601815
galSp,0.14285714285714285,6,6,CTAGGTACGCGCACACACCA,0,1606964
galSp,0.14285714285714285,6,6,CGTGTTCGCCAAGGTGCCGG,0,1621521
galSp,0.14285714285714285,6,6,CGTGCAGCAAAGGTCTCCGT,0,1619959
galSp,0.14285714285714285,6,6,CGGTTCACATGAGAGGCTGG,0,1607015
galSp,0.14285714285714285,6,6,CGGTCAAGGCAGGGCTCTAC,0,1606986
galSp,0.14285714285714285,6,6,CGGGTGGGTGCCACCGAGAG,0,1620421
galSp,0.14285714285714285,6,6,CGGGCAATTTCTACAGGAAT,0,1609256
galSp,0.14285714285714285,6,6,CGGGAAGCGAAATCCGGAGA,0,1615602
galSp,0.14285714285714285,6,6,CGGCACAATGTTTGGGAACA,0,1596948
galSp,0.14285714285714285,6,6,CGGAATTTGGTCGTCCCAAC,0,1600378
galSp,0.14285714285714285,6,6,CGCGTTTTGTACTGCGGAGA,0,1615380
galSp,0.14285714285714285,6,6,CGCCTTATGTGGGTAGCGTT,0,1596473
galSp,0.14285714285714285,6,6,CGCAGGGTTCGGGATAACGT,0,1601080
galSp,0.14285714285714285,6,6,CGAGTTCGGTTCGTAAGGTA,0,1598027
galSp,0.14285714285714285,6,6,CGAGGAATCAGATTCTGCCT,0,1616698
galSp,0.14285714285714285,6,6,CGACTATTAGCTACTCGAGA,0,1601767
galSp,0.14285714285714285,6,6,CGACGCGAAGTTGAGTCCGT,0,1603632
galSp,0.14285714285714285,6,6,CGACGATATAATATCATGCA,0,1605253
galSp,0.14285714285714285,6,6,CGAAGAGGAATGGTAGGGTG,0,1613023
galSp,0.14285714285714285,6,6,CCTTTCTGTGCCCGGAATCT,0,1602029
galSp,0.14285714285714285,6,6,CCTTGGCAGAGAAATCATAC,0,1609788
galSp,0.14285714285714285,6,6,CCTCAGCCGCAAACGGGTTA,0,1620943
galSp,0.14285714285714285,6,6,CCTACAACTTTATTTGCGCG,0,1597713
galSp,0.14285714285714285,6,6,CCGTAGACTGATGCCTGACG,0,1607816
galSp,0.14285714285714285,6,6,CCGTACTTCTGGACAAATAG,0,1604875
galSp,0.14285714285714285,6,6,CCGTACATGGCTTGGTACAT,0,1616638
galSp,0.14285714285714285,6,6,CCGGCTGAGTCCTTTCTCCA,0,1604297
galSp,0.14285714285714285,6,6,CCGGAGCGGACATGAGCGTT,0,1597132
galSp,0.14285714285714285,6,6,CCGCGTACGGGGCAATTCTT,0,1607195
galSp,0.14285714285714285,6,6,CCGCCCCAAGCATGTCCGAG,0,1611190
galSp,0.14285714285714285,6,6,CCGATCAAGCGCCGCTTGGG,0,1597979
galSp,0.14285714285714285,6,6,CCGACTGTTAGCGCAACGCC,0,1595552
galSp,0.14285714285714285,6,6,CCCCAGAGACTTAGTCGAAT,0,1615068
galSp,0.14285714285714285,6,6,CCCACTTCTCACCACTACGA,0,1596005
galSp,0.14285714285714285,6,6,CCCAAGCAGGGTCCTATAAG,0,1617253
galSp,0.14285714285714285,6,6,CCACCGGGCATTGCCTGCAG,0,1602843
galSp,0.14285714285714285,6,6,CATGCATGTTGTACCTAGAT,0,1607640
galSp,0.14285714285714285,6,6,CATCATGTGACGGGTGCGGA,0,1602936
galSp,0.14285714285714285,6,6,CATATTGCGCGCCTTTAGAG,0,1600809
galSp,0.14285714285714285,6,6,CATACATCATACTTAGAGAT,0,1610622
galSp,0.14285714285714285,6,6,CAGTTCGGGCGGTAATCTAT,0,1606956
galSp,0.14285714285714285,6,6,CAGTAAGCGTGAATCTTAGT,0,1595595
galSp,0.14285714285714285,6,6,CAGGTTTCTCTCAATTGTAG,0,1611833
galSp,0.14285714285714285,6,6,CACTATTGAATCATAAGGGA,0,1613119
galSp,0.14285714285714285,6,6,CACCTGATGACCAAAGGCGT,0,1602860
galSp,0.14285714285714285,6,6,CACCGTAATGCGGTACATCA,0,1605824
galSp,0.14285714285714285,6,6,CACATGGGGAAGGCCCGTGG,0,1620698
galSp,0.14285714285714285,6,6,CAATTACGCATCGGCTGACA,0,1615189
galSp,0.14285714285714285,6,6,CAATAGTATCAAATCCAGGA,0,1605498
galSp,0.14285714285714285,6,6,CAAACTAATGTCTATGAACG,0,1601437
galSp,0.14285714285714285,6,6,ATTTCGGGTACCTGCCAATT,0,1609131
galSp,0.14285714285714285,6,6,ATTTAGAAGCGGTAGCATCT,0,1611599
galSp,0.14285714285714285,6,6,ATTGGGGCGTGATTAGCAGA,0,1610442
galSp,0.14285714285714285,6,6,ATTGACAAAAACTCCTGTAG,0,1621097
galSp,0.14285714285714285,6,6,ATTCACGTGTTTTTTCGAAC,0,1607065
galSp,0.14285714285714285,6,6,ATTAAGTCGTTCGACAAGAA,0,1609936
galSp,0.14285714285714285,6,6,ATTAACATGCTGCGCGGGGT,0,1616198
galSp,0.14285714285714285,6,6,ATGTCACATTTGCGCTGGTC,0,1619623
galSp,0.14285714285714285,6,6,ATGTAGTTTGACTGCTGCGA,0,1607184
galSp,0.14285714285714285,6,6,ATGCCATAGGATTGACTGAT,0,1612203
galSp,0.14285714285714285,6,6,ATCTTGAACTTCTGCGTTTA,0,1608041
galSp,0.14285714285714285,6,6,ATCTAATAGTGCGTTTCAGC,0,1609893
galSp,0.14285714285714285,6,6,ATCGCGCTGAAGAGCTGTTG,0,1620070
galSp,0.14285714285714285,6,6,ATCAAAGGTACCGAAGCGTT,0,1598722
galSp,0.14285714285714285,6,6,ATATGTATCACTTTGTACTG,0,1609385
galSp,0.14285714285714285,6,6,ATATGGCCTTGTAGTCGGAA,0,1599997
galSp,0.14285714285714285,6,6,ATATAGCATTCGAGAGCAAG,0,1600814
galSp,0.14285714285714285,6,6,ATAGAGGAATGCTAGGATGT,0,1614495
galSp,0.14285714285714285,6,6,ATAGAGAGTTCAACTTATAT,0,1618563
galSp,0.14285714285714285,6,6,ATACGTACACTGTATCGGAT,0,1597624
galSp,0.14285714285714285,6,6,ATAAAGCCTCCGCTTGATGC,0,1606616
galSp,0.14285714285714285,6,6,AGTTAAGCGATCCAGAATCT,0,1611656
galSp,0.14285714285714285,6,6,AGTGGCCGTACTGCGGACCT,0,1607708
galSp,0.14285714285714285,6,6,AGTGCGCCTCACAATGAAAT,0,1598369
galSp,0.14285714285714285,6,6,AGTGAGTACGTCTGGTGTGA,0,1602721
galSp,0.14285714285714285,6,6,AGGGGGAGTGCAGTGCACTT,0,1611011
galSp,0.14285714285714285,6,6,AGGGAAATATAGGGCGGCAG,0,1596894
galSp,0.14285714285714285,6,6,AGGAATTCTATGTTGTTTAT,0,1605851
galSp,0.14285714285714285,6,6,AGCGGGGCACTTGATACCCT,0,1615879
galSp,0.14285714285714285,6,6,AGCCGGACTGTTTAGTGTCT,0,1605032
galSp,0.14285714285714285,6,6,AGCCCTCGAGACAAGGCTTC,0,1600766
galSp,0.14285714285714285,6,6,AGCCCAGTAATGTCCTTTAA,0,1614546
galSp,0.14285714285714285,6,6,AGCATCCGGAAAGGCACAAC,0,1598222
galSp,0.14285714285714285,6,6,AGATCAATCCCAGCTATAGC,0,1608873
galSp,0.14285714285714285,6,6,AGATAGTAAGTCTGAGCGTC,0,1617982
galSp,0.14285714285714285,6,6,AGACGCACGAGGCAAACCGC,0,1599190
galSp,0.14285714285714285,6,6,AGACCTGTGCACAAGGAAAT,0,1597216
galSp,0.14285714285714285,6,6,AGACCCCTGTCCTGCCCATA,0,1607877
galSp,0.14285714285714285,6,6,AGACAGTAAAACGTGGGACT,0,1610550
galSp,0.14285714285714285,6,6,AGAACAGGGTGACAGCCCCA,0,1607197
galSp,0.14285714285714285,6,6,ACTTCATGCTGACACCGAGA,0,1604615
galSp,0.14285714285714285,6,6,ACTGCTGGATAGTTCTTATA,0,1611686
galSp,0.14285714285714285,6,6,ACTCATCCAAGACGAAACCT,0,1607284
galSp,0.14285714285714285,6,6,ACGTTCAGGTTTGACCGAAC,0,1617549
galSp,0.14285714285714285,6,6,ACGTCTATTCAAGTTGCAAT,0,1612513
galSp,0.14285714285714285,6,6,ACGTCACTCCATCATCGTAT,0,1601339
galSp,0.14285714285714285,6,6,ACGTATATCATCCGGTGTAT,0,1619599
galSp,0.14285714285714285,6,6,ACGGCATCGGAGTATGTGCA,0,1613232
galSp,0.14285714285714285,6,6,ACGGATTGCAACTGGCGGTT,0,1608541
galSp,0.14285714285714285,6,6,ACGAGGAGATAAAACTATGG,0,1597509
galSp,0.14285714285714285,6,6,ACCCCGGATCAGACCCATAG,0,1595917
galSp,0.14285714285714285,6,6,ACATATAATAGTGGACAGTT,0,1615494
galSp,0.14285714285714285,6,6,ACAGCTTCCACTAGCAGGAT,0,1603218
galSp,0.14285714285714285,6,6,AATTAGGAGACCCGAGCACC,0,1606606
galSp,0.14285714285714285,6,6,AATTACCCTACTCGCGCTCT,0,1619258
galSp,0.14285714285714285,6,6,AATATTAACGTTGTATCTTT,0,1601289
galSp,0.14285714285714285,6,6,AATAAACCCTACAATGATCC,0,1608306
galSp,0.14285714285714285,6,6,AAGTTTACAGAAAGGGTTAT,0,1607107
galSp,0.14285714285714285,6,6,AAGGGCTCCCCACGCGTCGT,0,1597883
galSp,0.14285714285714285,6,6,AAGGCATTAATGCTAGCGTC,0,1596052
galSp,0.14285714285714285,6,6,AAGCTCATGAGGGCAATGTC,0,1599548
galSp,0.14285714285714285,6,6,AAGATTATGTAAGTCGCAAT,0,1612725
galSp,0.14285714285714285,6,6,AAGATTAATTTTATAAGGGA,0,1608583
galSp,0.14285714285714285,6,6,AAGATGAGCTCCTTCCGGGG,0,1595292
galSp,0.14285714285714285,6,6,AAGAGAGATCCTATTTGCAC,0,1618230
galSp,0.14285714285714285,6,6,AACGACTTTTAACCCACGGG,0,1615119
galSp,0.14285714285714285,6,6,AACCTACATGGTGTCTGTTG,0,1619175
galSp,0.14285714285714285,6,6,AACCGGCTACCATTCTCTCA,0,1616581
galSp,0.14285714285714285,6,6,AACCGCTCAAGATTTGCGAT,0,1596494
galSp,0.14285714285714285,6,6,AACCATATGGCTGTGGCATA,0,1600681
galSp,0.14285714285714285,6,6,AAATTCTCTATTAGCGCGTT,0,1597812
galSp,0.14285714285714285,6,6,AAATCCCGATTCGGTCACGT,0,1601570
galSp,0.14285714285714285,6,6,AAACTCATCGTCCGAGTTGT,0,1614591
galSp,0.14285714285714285,6,6,AAAAAGGTTCGTCTGAGTCG,0,1617097
galSp,0.16666666666666666,5,5,TTTTCTGTACTGACTCTGAA,0,1611293
galSp,0.16666666666666666,5,5,TTTGGAGCCTAGCCCGTTAG,0,1614040
galSp,0.16666666666666666,5,5,TTTCTGGAAGCTTTATAGGG,0,1601820
galSp,0.16666666666666666,5,5,TTTCACGCGACCGGCTCCTA,0,1607945
galSp,0.16666666666666666,5,5,TTTATTGCTGCTCGATTATT,0,1612416
galSp,0.16666666666666666,5,5,TTTACCCTCGCCGGGTCGAA,0,1609013
galSp,0.16666666666666666,5,5,TTGTTTCACCATTCGCTTCA,0,1606731
galSp,0.16666666666666666,5,5,TTGTCAATTATTAAGAGACC,0,1595390
galSp,0.16666666666666666,5,5,TTGTACGCTACCGGGTTTCA,0,1602834
galSp,0.16666666666666666,5,5,TTGGCTCGATGCGAGCTACA,0,1599546
galSp,0.16666666666666666,5,5,TTGGCAGCACGGTGTTTGCG,0,1600828
galSp,0.16666666666666666,5,5,TTGCTCTCGGGATTCTGGAT,0,1611468
galSp,0.16666666666666666,5,5,TTGACCTAGACTTGAATTTA,0,1598664
galSp,0.16666666666666666,5,5,TTCGTCCATCTTCCTAACGT,0,1603216
galSp,0.16666666666666666,5,5,TTCGGATTCACCTTGTATAC,0,1597988
galSp,0.16666666666666666,5,5,TTCCTATCATTGCGTGTCCA,0,1620531
galSp,0.16666666666666666,5,5,TTCATGAAGTTGAGTTCCCA,0,1614179
galSp,0.16666666666666666,5,5,TTCACAGATCAGGAAAGCAT,0,1597751
galSp,0.16666666666666666,5,5,TTCACAAGCAGCTATGCATT,0,1608303
galSp,0.16666666666666666,5,5,TTATTAGGACGCCACAGCGA,0,1606819
galSp,0.16666666666666666,5,5,TTATGCAACGTGCTACCGGA,0,1598907
galSp,0.16666666666666666,5,5,TTATAAGTCTCGAAGGGTAC,0,1608030
galSp,0.16666666666666666,5,5,TTAATCCATCCCCAGACCCA,0,1618537
galSp,0.16666666666666666,5,5,TTAAATGATGTACGAAGTCG,0,1601783
galSp,0.16666666666666666,5,5,TGTTAATAGGTTTTGATGGC,0,1608956
galSp,0.16666666666666666,5,5,TGTCACACCGCAGAGGCGCT,0,1600848
galSp,0.16666666666666666,5,5,TGGTCGGCACCGTATAGGTG,0,1620021
galSp,0.16666666666666666,5,5,TGGGTCAGTATTGCCATATT,0,1613134
galSp,0.16666666666666666,5,5,TGGGCACGTAGGGCACGTCT,0,1616394
galSp,0.16666666666666666,5,5,TGGATCGTTATGTTGATAAC,0,1600115
galSp,0.16666666666666666,5,5,TGGAGAAAAACATCTTGGGT,0,1608864
galSp,0.16666666666666666,5,5,TGCTGTACGCGTGTCGGACT,0,1614786
galSp,0.16666666666666666,5,5,TGCGGTTTTAAACCGCTAGT,0,1597982
galSp,0.16666666666666666,5,5,TGCCAAGTGAAACATCGGAC,0,1620329
galSp,0.16666666666666666,5,5,TGAGACCGAGCGTCACCCCG,0,1601524
galSp,0.16666666666666666,5,5,TGACTGCTGCAGTGGCTCCA,0,1619400
galSp,0.16666666666666666,5,5,TGACGTTATCTACATGCATA,0,1619927
galSp,0.16666666666666666,5,5,TGAAAGTATACCAATCGATG,0,1606202
galSp,0.16666666666666666,5,5,TCTTGAGTAGGCCGAGGGGC,0,1617037
galSp,0.16666666666666666,5,5,TCTGGACCCTACATCCCGGA,0,1606695
galSp,0.16666666666666666,5,5,TCTGCAACTAGCGACACTTG,0,1597464
galSp,0.16666666666666666,5,5,TCTAATCCGAATGTATCAAC,0,1611480
galSp,0.16666666666666666,5,5,TCGTGCGCGTGCATGCCTCT,0,1612250
galSp,0.16666666666666666,5,5,TCGTGCCGTCTCGGTAATCG,0,1614553
galSp,0.16666666666666666,5,5,TCGTCGAGATACCTCAGTGA,0,1596689
galSp,0.16666666666666666,5,5,TCGTAGATCCTCGGAATGGC,0,1618143
galSp,0.16666666666666666,5,5,TCGGTTATTGAGCGTTTTAG,0,1601349
galSp,0.16666666666666666,5,5,TCGGATTCCATTTTCCGATA,0,1603063
galSp,0.16666666666666666,5,5,TCGCCAATTGTTAGGCGTCT,0,1603697
galSp,0.16666666666666666,5,5,TCGCACGTGATCAACGATTA,0,1620714
galSp,0.16666666666666666,5,5,TCCTCGATAATACAGACTCA,0,1613500
galSp,0.16666666666666666,5,5,TCCCCGCTCCCGTGGCAGGT,0,1611574
galSp,0.16666666666666666,5,5,TCATCTCCTTATCATTAGCC,0,1606765
galSp,0.16666666666666666,5,5,TCATCAGTTGGCCATAATCT,0,1601747
galSp,0.16666666666666666,5,5,TCATATGGATGATATAATAT,0,1609438
galSp,0.16666666666666666,5,5,TCACGTCGCACCGCAGTCAG,0,1619279
galSp,0.16666666666666666,5,5,TCACGGTAAAAGACTGCCTT,0,1618430
galSp,0.16666666666666666,5,5,TCAACCATCAGTGTTAACTT,0,1612236
galSp,0.16666666666666666,5,5,TATTCGTGCATAGTAATCAT,0,1601142
galSp,0.16666666666666666,5,5,TATGGCACACTCTTTCTCAA,0,1608890
galSp,0.16666666666666666,5,5,TATAGACCGAGCGGAAGTAG,0,1617548
galSp,0.16666666666666666,5,5,TAGTTTTTCTCACAGGTCTT,0,1613490
galSp,0.16666666666666666,5,5,TAGGTCGCACTTCTGATAAC,0,1617603
galSp,0.16666666666666666,5,5,TAGCGGCAGGGATACTTCGA,0,1606940
galSp,0.16666666666666666,5,5,TAGCCAGGGATATTTTACAG,0,1601464
galSp,0.16666666666666666,5,5,TAGAGACCTTACAACCCCCA,0,1620597
galSp,0.16666666666666666,5,5,TAGAAAGAGTGGTCTATTAG,0,1611997
galSp,0.16666666666666666,5,5,TACTTCTTTCGCAAGAGTCA,0,1605832
galSp,0.16666666666666666,5,5,TACCTAGCCTGGTCGAATTA,0,1613923
galSp,0.16666666666666666,5,5,TACCGGTACATGGGTTGTGA,0,1619660
galSp,0.16666666666666666,5,5,TAATAATGGATTCGAAAAGA,0,1613988
galSp,0.16666666666666666,5,5,TAAGTACCGTGATGAGTACA,0,1619950
galSp,0.16666666666666666,5,5,TAAGCAGCCGGGTAACGCAT,0,1610099
galSp,0.16666666666666666,5,5,TAAGATAGCAGTGCCGGTAC,0,1616759
galSp,0.16666666666666666,5,5,TAACTTGACGTCATTACTAC,0,1608585
galSp,0.16666666666666666,5,5,TAACAAGCACCTTGGTGGCT,0,1614703
galSp,0.16666666666666666,5,5,TAAATGAGGCCAAGTACGTC,0,1615063
galSp,0.16666666666666666,5,5,TAAACTCTGTAAGGATGTGC,0,1595748
galSp,0.16666666666666666,5,5,TAAACCATCCTATTTGATAC,0,1595971
galSp,0.16666666666666666,5,5,GTTTATTAGTAGATATCCAA,0,1608235
galSp,0.16666666666666666,5,5,GTTGTTCGTGCGTCATACTT,0,1600301
galSp,0.16666666666666666,5,5,GTTGGAGGGCCTACCCTCTC,0,1602844
galSp,0.16666666666666666,5,5,GTTCGGGACGCTATCCTTCA,0,1616720
galSp,0.16666666666666666,5,5,GTTAGGAGACCGACACCTGT,0,1613524
galSp,0.16666666666666666,5,5,GTTAAGGGCTGGTGCTGTCC,0,1616516
galSp,0.16666666666666666,5,5,GTTAAAAGCGACTTGAAATG,0,1597750
galSp,0.16666666666666666,5,5,GTGTGTTCTGGTTCTGTCGC,0,1620502
galSp,0.16666666666666666,5,5,GTGCTGGACTGGAGGCAAAA,0,1614721
galSp,0.16666666666666666,5,5,GTGCGTTTACGGGGACTTCT,0,1601260
galSp,0.16666666666666666,5,5,GTGCGAGCCTTGTGTAACGC,0,1602937
galSp,0.16666666666666666,5,5,GTGCGACCCCGGTGGCTGAA,0,1602222
galSp,0.16666666666666666,5,5,GTGATATTATATTTTTTGCA,0,1601290
galSp,0.16666666666666666,5,5,GTCTAGAACTGCCCGTCAAG,0,1601265
galSp,0.16666666666666666,5,5,GTCCTGGCATAACTCGACGG,0,1614700
galSp,0.16666666666666666,5,5,GTCCCACGCGCTTTGGAATC,0,1605367
galSp,0.16666666666666666,5,5,GTCCACTGTCTCATCAGTGT,0,1604741
galSp,0.16666666666666666,5,5,GTCATAAGTAGGCTTATCGA,0,1601609
galSp,0.16666666666666666,5,5,GTATCCAATTGGACTTAAGC,0,1600701
galSp,0.16666666666666666,5,5,GTATAACATTCTGTACACCT,0,1596766
galSp,0.16666666666666666,5,5,GTAGTGATACTGGGCTCGAA,0,1596771
galSp,0.16666666666666666,5,5,GTAGTCAGGAGTCGTTACGA,0,1600397
galSp,0.16666666666666666,5,5,GTACGTCACGACATTTAACT,0,1613532
galSp,0.16666666666666666,5,5,GTACGAATTAATGCGAAAGG,0,1619144
galSp,0.16666666666666666,5,5,GTACCCGCTATCGCAACGGA,0,1621014
galSp,0.16666666666666666,5,5,GTAATCTCACAGTCCACGTA,0,1604726
galSp,0.16666666666666666,5,5,GTAACTCTGAAGTATGAGTC,0,1618161
galSp,0.16666666666666666,5,5,GGTTTTCCTTATTGCAAATG,0,1609300
galSp,0.16666666666666666,5,5,GGTTAACTTTGGAAATAATG,0,1600085
galSp,0.16666666666666666,5,5,GGTGCACATAAGGTAGCGGT,0,1599512
galSp,0.16666666666666666,5,5,GGTACCTCCACAGGGTCCGA,0,1611727
galSp,0.16666666666666666,5,5,GGGTCATAATGCCGGGACTG,0,1595816
galSp,0.16666666666666666,5,5,GGGGTACGCTGAAAGGGCGG,0,1600816
galSp,0.16666666666666666,5,5,GGGGAGCGCGCAGTTCTTGT,0,1597695
galSp,0.16666666666666666,5,5,GGGCATGTCCTCCCCCACAG,0,1600447
galSp,0.16666666666666666,5,5,GGGACGCGGCTAGGGAGAGG,0,1613929
galSp,0.16666666666666666,5,5,GGCCTCAACCGACACCAGTG,0,1596284
galSp,0.16666666666666666,5,5,GGCCGTCTCGCCGCATTAAA,0,1598559
galSp,0.16666666666666666,5,5,GGCATAGCCCGCATAGGGCT,0,1615226
galSp,0.16666666666666666,5,5,GGCAGGCATAACTTAGACCC,0,1600873
galSp,0.16666666666666666,5,5,GGATGCCAGTAGTTCCCCTT,0,1596596
galSp,0.16666666666666666,5,5,GGAGGTTGAGTGGGTCTTGT,0,1613673
galSp,0.16666666666666666,5,5,GGAGGCTCTTGTAAACCTGT,0,1603958
galSp,0.16666666666666666,5,5,GGACGAATCTATTGCCATGA,0,1598203
galSp,0.16666666666666666,5,5,GGACCGAAACTGCAGCTGAT,0,1608508
galSp,0.16666666666666666,5,5,GGAATGTCGTTTCCCGCGGT,0,1604972
galSp,0.16666666666666666,5,5,GGAATAGGTCACTCAAGATT,0,1616037
galSp,0.16666666666666666,5,5,GGAATAAATTCAGACTACCG,0,1618761
galSp,0.16666666666666666,5,5,GGAAGTATCCGGACAGGCCA,0,1610431
galSp,0.16666666666666666,5,5,GGAAGTAAGCGCGTTTATAA,0,1605199
galSp,0.16666666666666666,5,5,GGAACCTGTCAAGTGGTTTA,0,1617755
galSp,0.16666666666666666,5,5,GCTCTGCGTCAGGCTGAGGT,0,1607192
galSp,0.16666666666666666,5,5,GCTCCGTATTAAAGAAGGCA,0,1613387
galSp,0.16666666666666666,5,5,GCGTTCAGTAAAGATATCTC,0,1596002
galSp,0.16666666666666666,5,5,GCGGCGTCGTACCGCGGCTA,0,1609091
galSp,0.16666666666666666,5,5,GCGGCACCCACTCCTACGTT,0,1614625
galSp,0.16666666666666666,5,5,GCGCTCCGCGAACCCGGTTT,0,1619677
galSp,0.16666666666666666,5,5,GCGCTCAGTCAGCCTTATGT,0,1597797
galSp,0.16666666666666666,5,5,GCGAGCAACAGAGCGCAATT,0,1621383
galSp,0.16666666666666666,5,5,GCGACGACCCCTTGCCGAGG,0,1604618
galSp,0.16666666666666666,5,5,GCGACCCCACTTGACTGATC,0,1621326
galSp,0.16666666666666666,5,5,GCGAAGTAAGCCGCTGTGGG,0,1617593
galSp,0.16666666666666666,5,5,GCCTGAGCCGCCAGCGAGAA,0,1621504
galSp,0.16666666666666666,5,5,GCCTCGGGTACAGGTTTTCA,0,1604400
galSp,0.16666666666666666,5,5,GCCTCACAGATCGCTACGCT,0,1612287
galSp,0.16666666666666666,5,5,GCCGGGTAAAAAGAAAAGGT,0,1617365
galSp,0.16666666666666666,5,5,GCCCTAGCGTGATCGGGTTG,0,1600451
galSp,0.16666666666666666,5,5,GCCCGGTCACGTGTTCGACA,0,1618059
galSp,0.16666666666666666,5,5,GCATGATTACCTCGTCAGAG,0,1595840
galSp,0.16666666666666666,5,5,GCAGGTGACGGTGGCCGTAA,0,1606814
galSp,0.16666666666666666,5,5,GCAACCTGTCAACAATCGAT,0,1611088
galSp,0.16666666666666666,5,5,GCAAACAGCGTAACTATGAA,0,1605639
galSp,0.16666666666666666,5,5,GATGTCCCCCAGGGCACCAG,0,1608837
galSp,0.16666666666666666,5,5,GATGAGCTACCACCGCTATG,0,1603444
galSp,0.16666666666666666,5,5,GATATTTGATCCGTAGAGCC,0,1617555
galSp,0.16666666666666666,5,5,GATAGTGAACGACGAAACGA,0,1619836
galSp,0.16666666666666666,5,5,GATACTATCGGACCGTTCAC,0,1612235
galSp,0.16666666666666666,5,5,GAGTTGGGTCTGCAGTAGAA,0,1609889
galSp,0.16666666666666666,5,5,GAGTGAGGATGGGGTGCTTC,0,1612464
galSp,0.16666666666666666,5,5,GAGGTCAGCCCGCCCCGATA,0,1602157
galSp,0.16666666666666666,5,5,GAGCGCACCCCAAGGTGTCA,0,1600179
galSp,0.16666666666666666,5,5,GACTGAATCCGGCGAGAAAC,0,1598434
galSp,0.16666666666666666,5,5,GACTCAAAGTATTGGCAAAA,0,1612770
galSp,0.16666666666666666,5,5,GACGCCTCAAATCGTTCACA,0,1608428
galSp,0.16666666666666666,5,5,GACACCAAATGCTCCAAGCG,0,1599982
galSp,0.16666666666666666,5,5,GAATTTATGATAGTCTTCCG,0,1621531
galSp,0.16666666666666666,5,5,GAATGGTGGTCGTTAGTCAC,0,1596308
galSp,0.16666666666666666,5,5,GAATGCTGTGCAGCCCGTTA,0,1613894
galSp,0.16666666666666666,5,5,GAATCGGAGGATTCCGGTAC,0,1597497
galSp,0.16666666666666666,5,5,GAAGACAATGCCCATCACTC,0,1603894
galSp,0.16666666666666666,5,5,GAACCTATGCTTAGCCCGTA,0,1610822
galSp,0.16666666666666666,5,5,GAACAGCTTGCCTTTCAGGG,0,1612489
galSp,0.16666666666666666,5,5,GAAAACAGTATCTCGGTCTT,0,1620411
galSp,0.16666666666666666,5,5,CTTGCTCCCTAGATATCGAA,0,1603607
galSp,0.16666666666666666,5,5,CTGGTTATAACTCCGTGCCA,0,1605365
galSp,0.16666666666666666,5,5,CTGGCTTGCTAAAAATCGGA,0,1597724
galSp,0.16666666666666666,5,5,CTGACTGCGCGGAAAGTGTG,0,1603150
galSp,0.16666666666666666,5,5,CTGAATAGCCCCAACAGGGT,0,1613381
galSp,0.16666666666666666,5,5,CTGAACCTTGCGACCTCTGA,0,1603023
galSp,0.16666666666666666,5,5,CTGAACAATTCCGCGAAAGA,0,1616686
galSp,0.16666666666666666,5,5,CTCTCGTCTGTTGCCTCTAA,0,1598730
galSp,0.16666666666666666,5,5,CTCGTGCCGTGTTATGTGGA,0,1599460
galSp,0.16666666666666666,5,5,CTCGGGATAATTGCTCTAGC,0,1598090
galSp,0.16666666666666666,5,5,CTCGGCGATATTTTCACTTC,0,1620053
galSp,0.16666666666666666,5,5,CTCCGGCCCTCTTCCGTCGT,0,1604727
galSp,0.16666666666666666,5,5,CTCCCCTAGGCAGTGGAATT,0,1610542
galSp,0.16666666666666666,5,5,CTCCAACGGCTCCCATGCAT,0,1608609
galSp,0.16666666666666666,5,5,CTCATACCAGCGCATGGTGC,0,1601264
galSp,0.16666666666666666,5,5,CTAGGTTCCAGATGGGACTA,0,1605692
galSp,0.16666666666666666,5,5,CTAGGCCGTCCTGGCTTGTC,0,1609888
galSp,0.16666666666666666,5,5,CTACTAATAACTTATCTGCC,0,1599681
galSp,0.16666666666666666,5,5,CTACGTCGGCACTCTGTACC,0,1619012
galSp,0.16666666666666666,5,5,CTACGCTATGGTCTCGGCGA,0,1599251
galSp,0.16666666666666666,5,5,CTAAATAAATTCGTGAGGAA,0,1611982
galSp,0.16666666666666666,5,5,CTAAACTATGCCAGCAGACA,0,1596111
galSp,0.16666666666666666,5,5,CTAAAATTAGCTAATAAGGG,0,1606058
galSp,0.16666666666666666,5,5,CGTTGCTCTCGGCCTCTGTC,0,1621514
galSp,0.16666666666666666,5,5,CGTTGCCTGGGCGGCTTCCA,0,1607391
galSp,0.16666666666666666,5,5,CGTGTTTCGACTATCGTTGT,0,1601317
galSp,0.16666666666666666,5,5,CGTCTGCAGTACGAAGGATC,0,1597788
galSp,0.16666666666666666,5,5,CGTCTAGAATTTCTTATGGC,0,1606957
galSp,0.16666666666666666,5,5,CGTATAGCCGACAAGACCAT,0,1605290
galSp,0.16666666666666666,5,5,CGTACCCAAACGCAAGTTGC,0,1608509
galSp,0.16666666666666666,5,5,CGGGTGTGCTGCGTAAAAGG,0,1602286
galSp,0.16666666666666666,5,5,CGGGAAGTAAAGCTCGGTCA,0,1615228
galSp,0.16666666666666666,5,5,CGGCAACAAATCCAATTCAG,0,1619299
galSp,0.16666666666666666,5,5,CGGAGATTTATACGAGGGTA,0,1599654
galSp,0.16666666666666666,5,5,CGCGTTTAATAAGCCGTATG,0,1615834
galSp,0.16666666666666666,5,5,CGCCAGGAGTGGTTGATGTG,0,1605531
galSp,0.16666666666666666,5,5,CGCAGAGAGGGTTGGCGACT,0,1600249
galSp,0.16666666666666666,5,5,CGAGTATTACCAGTACTCCA,0,1597519
galSp,0.16666666666666666,5,5,CGAGGTACAGCTTCTGTAAC,0,1600998
galSp,0.16666666666666666,5,5,CGAGGCATCCGGGCTAAAAC,0,1601602
galSp,0.16666666666666666,5,5,CGAGCGGGGGCGCTAATACA,0,1596195
galSp,0.16666666666666666,5,5,CGACGGATCTTTTTGGATCG,0,1612377
galSp,0.16666666666666666,5,5,CGACCTTCTAAACGTCATCC,0,1597202
galSp,0.16666666666666666,5,5,CGAAGAACGTGGCCCTGTCC,0,1600747
galSp,0.16666666666666666,5,5,CCTTGGAGTGACAAGAATCG,0,1610108
galSp,0.16666666666666666,5,5,CCTCAAGCGTGATGTTCGAG,0,1612559
galSp,0.16666666666666666,5,5,CCGTAGTAGACGATTCCTTT,0,1601654
galSp,0.16666666666666666,5,5,CCGGGTATACAGTATGGCTT,0,1611808
galSp,0.16666666666666666,5,5,CCGGCTCATTCTGCGATTAT,0,1602706
galSp,0.16666666666666666,5,5,CCGCGGAAGAGTGTGCTGTA,0,1597084
galSp,0.16666666666666666,5,5,CCGCACTAACGCAGCGACGA,0,1611106
galSp,0.16666666666666666,5,5,CCGATTTATTGGACGCTTAG,0,1610340
galSp,0.16666666666666666,5,5,CCCTGAGATCAGGTCACTTG,0,1611486
galSp,0.16666666666666666,5,5,CCCGTCACCAGGTGTGTGCG,0,1616185
galSp,0.16666666666666666,5,5,CCCCTTCGAGTTCGCCAGTA,0,1596010
galSp,0.16666666666666666,5,5,CCCATTACATTTGCCTCCCA,0,1610458
galSp,0.16666666666666666,5,5,CCACGAGGGACGCTCTCAAA,0,1611595
galSp,0.16666666666666666,5,5,CCACCTACAGAGAATTATGC,0,1608120
galSp,0.16666666666666666,5,5,CCACAGACAAGATTTTCCGA,0,1605666
galSp,0.16666666666666666,5,5,CCAATTGAGCTTTGACAGGA,0,1595835
galSp,0.16666666666666666,5,5,CCAAAACATCGTTACTTTCG,0,1619275
galSp,0.16666666666666666,5,5,CATTGGGCCATGCTTAACTG,0,1608136
galSp,0.16666666666666666,5,5,CATTGCGGACGGTCTTAGTC,0,1617585
galSp,0.16666666666666666,5,5,CATGGCAGTTCATGCTGGAA,0,1617535
galSp,0.16666666666666666,5,5,CATGCTACCTACCCGCTTAA,0,1598720
galSp,0.16666666666666666,5,5,CATATGGCTGCGTCAAGCAT,0,1601286
galSp,0.16666666666666666,5,5,CATAAAGGCGGCGGATCGCG,0,1613549
galSp,0.16666666666666666,5,5,CAGTTAGCGTAGGGCATTTT,0,1596954
galSp,0.16666666666666666,5,5,CAGGTTTTTTATCCAAAGGC,0,1596336
galSp,0.16666666666666666,5,5,CAGGCTGATATACTTGGCGC,0,1620588
galSp,0.16666666666666666,5,5,CAGGACATGGGGTATACGAC,0,1617686
galSp,0.16666666666666666,5,5,CAGCTGTATTATTTTCTTAG,0,1609892
galSp,0.16666666666666666,5,5,CAGACTCGAGGGGCGACAGC,0,1605613
galSp,0.16666666666666666,5,5,CAGACCTTTCAAAACGACTC,0,1620204
galSp,0.16666666666666666,5,5,CAGAACGATGAATAAGTCAT,0,1613213
galSp,0.16666666666666666,5,5,CACTGGTCAGGCTTGATTAA,0,1597932
galSp,0.16666666666666666,5,5,CACCCCAGGAAGATTCGACG,0,1605547
galSp,0.16666666666666666,5,5,CACATGGCTATCCTGTAACG,0,1599273
galSp,0.16666666666666666,5,5,CACAGGGTTCTGTCCTGGGC,0,1610420
galSp,0.16666666666666666,5,5,CAATGGTAGGGTACCTTATA,0,1597816
galSp,0.16666666666666666,5,5,CAAGCTCGAAGTCATGAGTT,0,1614644
galSp,0.16666666666666666,5,5,CAACAGGCGTTTGGGTAGTG,0,1605460
galSp,0.16666666666666666,5,5,CAAAGAGTGTGTAGTGTATC,0,1613526
galSp,0.16666666666666666,5,5,ATTATTATTAGTCTGTATAT,0,1596187
galSp,0.16666666666666666,5,5,ATTAGTTGAATTGGAATCCC,0,1609778
galSp,0.16666666666666666,5,5,ATTACGACGACATAAGGTGG,0,1614697
galSp,0.16666666666666666,5,5,ATGTCTAGGTCGAGCTTATC,0,1615982
galSp,0.16666666666666666,5,5,ATGTACCATCAGGATGTGGA,0,1613064
galSp,0.16666666666666666,5,5,ATGGTCATCTGAAAAGTAAC,0,1609542
galSp,0.16666666666666666,5,5,ATGGTCAGGGGTTACTCGTG,0,1598429
galSp,0.16666666666666666,5,5,ATGGGCTCATGTTCTTGTTA,0,1604500
galSp,0.16666666666666666,5,5,ATGCTGCATCAGAGGCTAAG,0,1598899
galSp,0.16666666666666666,5,5,ATGCTAACGAGCGGACGCGT,0,1596962
galSp,0.16666666666666666,5,5,ATGCCTCAACAACCATCGGG,0,1618013
galSp,0.16666666666666666,5,5,ATGAATGTATGCTCAGATCA,0,1619086
galSp,0.16666666666666666,5,5,ATCCGAGCGATCACGAGGCA,0,1610757
galSp,0.16666666666666666,5,5,ATCAGGTGCGACTGTATAGC,0,1612093
galSp,0.16666666666666666,5,5,ATCAATTGGCTCAGTTGGAT,0,1597968
galSp,0.16666666666666666,5,5,ATATGTGTATGGTGTACGAG,0,1599887
galSp,0.16666666666666666,5,5,ATATCGGATTCGGGTGCGTT,0,1600376
galSp,0.16666666666666666,5,5,ATAGCTCATCTGTGCTTTCG,0,1608880
galSp,0.16666666666666666,5,5,ATACTTTCTAAGAACAGTTA,0,1601603
galSp,0.16666666666666666,5,5,ATACGCTCTTCATCTAAACG,0,1600954
galSp,0.16666666666666666,5,5,ATAACCCCCGGTACGCTGGC,0,1603002
galSp,0.16666666666666666,5,5,AGTGTAATTCCGGCGTCATC,0,1607056
galSp,0.16666666666666666,5,5,AGTGCGCTGCCCCCATCGTG,0,1596774
galSp,0.16666666666666666,5,5,AGTGACTGTACATTTCCGGT,0,1620230
galSp,0.16666666666666666,5,5,AGTAATGATGCTCTCTCATT,0,1608676
galSp,0.16666666666666666,5,5,AGTAATGAGGCCCAACTCTA,0,1613908
galSp,0.16666666666666666,5,5,AGGTGCGCGGGCGGCTTGCA,0,1611034
galSp,0.16666666666666666,5,5,AGGTCTTGTCACATAGGCTC,0,1610229
galSp,0.16666666666666666,5,5,AGGTCCGTTGAGGTCAAAGT,0,1609094
galSp,0.16666666666666666,5,5,AGGGTGATAGTCAGCAAGAA,0,1617102
galSp,0.16666666666666666,5,5,AGGGTAATATGTTATGATTC,0,1599097
galSp,0.16666666666666666,5,5,AGGGCTTCTCGCGGACCAGT,0,1598548
galSp,0.16666666666666666,5,5,AGGCCTATTACATCCCATAT,0,1603181
galSp,0.16666666666666666,5,5,AGGATGTCTGTAGATACACG,0,1612277
galSp,0.16666666666666666,5,5,AGGAGGTTTAAGACCTCTTA,0,1611043
galSp,0.16666666666666666,5,5,AGGACCAGACCCCCGCAGTG,0,1618819
galSp,0.16666666666666666,5,5,AGGAAACCTGTTTCTCGGGT,0,1610779
galSp,0.16666666666666666,5,5,AGCTTATCTTGTCAACAGTC,0,1604755
galSp,0.16666666666666666,5,5,AGCTCCAGCCGTTGTCCATC,0,1619488
galSp,0.16666666666666666,5,5,AGCCGGATCTTGCGTGCGTG,0,1609697
galSp,0.16666666666666666,5,5,AGCCGCGTCACCACGTAGGC,0,1605415
galSp,0.16666666666666666,5,5,AGCAATACTTTGGAAATAAC,0,1605254
galSp,0.16666666666666666,5,5,AGATTTGTTTTCCTCTAGCA,0,1611233
galSp,0.16666666666666666,5,5,AGATACTATTCGGAGGCCCT,0,1608865
galSp,0.16666666666666666,5,5,AGAGAGGATGTTTATTGAAA,0,1604921
galSp,0.16666666666666666,5,5,AGAACGTCGGGAGCTTTTCC,0,1608226
galSp,0.16666666666666666,5,5,ACTGGTTACGGTCTCAAGGA,0,1613353
galSp,0.16666666666666666,5,5,ACTGGCTCTTGCCCGCTTTG,0,1604092
galSp,0.16666666666666666,5,5,ACTATGAGCAAGAAGCGAAA,0,1599620
galSp,0.16666666666666666,5,5,ACGTCTCGGCGTGTAGCTTG,0,1612058
galSp,0.16666666666666666,5,5,ACGTAAGAGGGGGAAGAACC,0,1609383
galSp,0.16666666666666666,5,5,ACGGCAATCACTTTATTAGG,0,1604924
galSp,0.16666666666666666,5,5,ACCTGGGACTGACTGTCAAT,0,1617855
galSp,0.16666666666666666,5,5,ACCTGAGTGTCGCGACGGAC,0,1602428
galSp,0.16666666666666666,5,5,ACCGGCAGCTGATTGTTCAG,0,1616257
galSp,0.16666666666666666,5,5,ACCCTCGGCTGGCTAAGCGT,0,1602691
galSp,0.16666666666666666,5,5,ACCCGAGGGCTCACGCACTT,0,1602993
galSp,0.16666666666666666,5,5,ACCCAGGATACCCACCGAAT,0,1606636
galSp,0.16666666666666666,5,5,ACATCGTATAACAATTTCTC,0,1612229
galSp,0.16666666666666666,5,5,ACAGTACGTCCGTCAAATCG,0,1597291
galSp,0.16666666666666666,5,5,ACAGGAGGCCACTGCTACGT,0,1610149
galSp,0.16666666666666666,5,5,ACAACTACTAGAATGACCGA,0,1610816
galSp,0.16666666666666666,5,5,ACAAAGGCCTAAGCGTCAGA,0,1596880
galSp,0.16666666666666666,5,5,AATGTAGATGGGCAGGGAGG,0,1619841
galSp,0.16666666666666666,5,5,AATGGTCAACTCTTGTACTT,0,1608582
galSp,0.16666666666666666,5,5,AATGATAAATGCAAGTTTAG,0,1606567
galSp,0.16666666666666666,5,5,AATCCCTCTTCAGTCCGCTT,0,1614386
galSp,0.16666666666666666,5,5,AATCAGCCATTACCGAGTAA,0,1598156
galSp,0.16666666666666666,5,5,AATAGGGGTCCATATGTAAC,0,1616619
galSp,0.16666666666666666,5,5,AAGTGCTGCAGCATGCGCGT,0,1603119
galSp,0.16666666666666666,5,5,AAGTCTACGTATGCCATCAA,0,1620835
galSp,0.16666666666666666,5,5,AAGTCAAATAGTAATAACAA,0,1609803
galSp,0.16666666666666666,5,5,AAGGTCGGCGAAAGATATTG,0,1620069
galSp,0.16666666666666666,5,5,AAGGATTGCCAGTCGCTCGT,0,1603457
galSp,0.16666666666666666,5,5,AAGCAGGGCTTGCTAGAATT,0,1602162
galSp,0.16666666666666666,5,5,AAGACGAGGAATACATACAG,0,1611509
galSp,0.16666666666666666,5,5,AAGAACACTTAGATCCCGGG,0,1600114
galSp,0.16666666666666666,5,5,AACGCCTTCGCAGTCATGTT,0,1608185
galSp,0.16666666666666666,5,5,AAATAATGAATGAAGTGATA,0,1614283
galSp,0.16666666666666666,5,5,AAAGTCCCAAAGAAGGGCCA,0,1613069
galSp,0.16666666666666666,5,5,AAACATTGAAGGTGACTGGA,0,1616306
galSp,0.16666666666666666,5,5,AAAAATTCAGGAACTGAGGA,0,1618450
galSp,0.2,4,4,TTTGTTCAACGGGTGGGTAA,0,1620187
galSp,0.2,4,4,TTTGGGCCATAAATGTTCGG,0,1613138
galSp,0.2,4,4,TTTCTCTGGGGGGTTTATCA,0,1607138
galSp,0.2,4,4,TTTCCAGACATACAACATCT,0,1615565
galSp,0.2,4,4,TTTCATGACCGACCATTATC,0,1598010
galSp,0.2,4,4,TTTCAAGCGACCTATATGGT,0,1610920
galSp,0.2,4,4,TTGATGGGGACTAAGTGCTA,0,1599396
galSp,0.2,4,4,TTGACTCAGACGAATCTCAT,0,1605882
galSp,0.2,4,4,TTCTTATACGACCAGGACAG,0,1600459
galSp,0.2,4,4,TTCTCATCCATGATTGAATT,0,1620909
galSp,0.2,4,4,TTATGCATCGTCCCGGTCAA,0,1614181
galSp,0.2,4,4,TTATATGCATCGGCGCGCCT,0,1596316
galSp,0.2,4,4,TTACTTTAAGTGTATCAATG,0,1617918
galSp,0.2,4,4,TTAAGAACAGGCGCTAACTA,0,1613724
galSp,0.2,4,4,TTAAATTACTCAGTCGCGTA,0,1609969
galSp,0.2,4,4,TGTTTGGAACTAGGCTGCCT,0,1600148
galSp,0.2,4,4,TGTTAGTATAATAGCTAAAC,0,1604884
galSp,0.2,4,4,TGTTAGAGAGTGCCAGATCA,0,1596390
galSp,0.2,4,4,TGTGATCCCCGCCGGTGGTC,0,1600756
galSp,0.2,4,4,TGTCCAACCTGAACGCGTAT,0,1604058
galSp,0.2,4,4,TGTATTCCATAGGACGAGAC,0,1618377
galSp,0.2,4,4,TGTACTTCGAGAACGAAATT,0,1611903
galSp,0.2,4,4,TGTAAACGGCCGAATTCTGC,0,1611821
galSp,0.2,4,4,TGGTTTGATCGGTACGCATT,0,1619562
galSp,0.2,4,4,TGGTGTCGGACATGAGTAGA,0,1597254
galSp,0.2,4,4,TGGTCTTTTATCGCGTAGAT,0,1615079
galSp,0.2,4,4,TGGGGAGTCCGCCCCCATCC,0,1617227
galSp,0.2,4,4,TGGGCGCGTTCGTGATAGAG,0,1611955
galSp,0.2,4,4,TGGCGTCCTTGGAGCTGGAC,0,1619970
galSp,0.2,4,4,TGGAGAGACGTCTCTCGGTA,0,1612213
galSp,0.2,4,4,TGGAATGCTGTGCAAGGCAT,0,1602235
galSp,0.2,4,4,TGCTAGGACCGCCTAGGACG,0,1611102
galSp,0.2,4,4,TGCGGTGGTGCAAATTGAAT,0,1617244
galSp,0.2,4,4,TGCGCTGGAATAGGCTAACC,0,1598653
galSp,0.2,4,4,TGCGCGGATCACTGGGCACA,0,1604614
galSp,0.2,4,4,TGCCCCTCGCCGTCTACCAT,0,1604699
galSp,0.2,4,4,TGCCCAGTCGGTATCGCTCC,0,1599002
galSp,0.2,4,4,TGATTATGAAAGCCCTGCAA,0,1615310
galSp,0.2,4,4,TGAGGTTATGCATTCCAAAA,0,1619471
galSp,0.2,4,4,TGACTCTTGCGCTAGGTCAT,0,1618625
galSp,0.2,4,4,TGAAGCACTAGCATAAGCTG,0,1601629
galSp,0.2,4,4,TCTTAGCCGTATAATCATTG,0,1620413
galSp,0.2,4,4,TCTCCCGGCGCTTCAATTGT,0,1618853
galSp,0.2,4,4,TCTAGTTATGCGAAGGAGTC,0,1614177
galSp,0.2,4,4,TCGTGGCTCATCGAGAGAAA,0,1621333
galSp,0.2,4,4,TCGTGCGAGTATGCAACTCG,0,1614023
galSp,0.2,4,4,TCGTCATGTTTCCATGAGTC,0,1609598
galSp,0.2,4,4,TCGTCAGCGCAGCGATCGTA,0,1596156
galSp,0.2,4,4,TCGCAAGGCCTCGATGGATA,0,1603427
galSp,0.2,4,4,TCGAGCGGGTGCGGCCCATT,0,1597971
galSp,0.2,4,4,TCCGGTGCATGGCGCCATGA,0,1610077
galSp,0.2,4,4,TCCAGGTAGCGCATGGTGAC,0,1605464
galSp,0.2,4,4,TCCACTCATCGACACCAGGT,0,1619810
galSp,0.2,4,4,TCCAAACTTAGAGATGCTCG,0,1602634
galSp,0.2,4,4,TCAGTTCCCCTGAGAGTTCC,0,1604606
galSp,0.2,4,4,TCAGGGTTATAGGTTAATGG,0,1597388
galSp,0.2,4,4,TCAGGAATGAGGGTTGGCAT,0,1620546
galSp,0.2,4,4,TCAGGAAAGCACAGAAAAAA,0,1616352
galSp,0.2,4,4,TCAGACCCACGCGCACGAAC,0,1607282
galSp,0.2,4,4,TCACACGGGTAGTTCATGCC,0,1602256
galSp,0.2,4,4,TCAATATAGTCCTAGGGGTT,0,1596191
galSp,0.2,4,4,TCAAACGCATAAGGCTCCAG,0,1602575
galSp,0.2,4,4,TCAAAACTCCTCTACAGTGA,0,1608388
galSp,0.2,4,4,TATGATGGGACTTGAATAAC,0,1598952
galSp,0.2,4,4,TATGAAATAAGGCTTCCGAC,0,1596272
galSp,0.2,4,4,TATATAATCATTCTTGCGTC,0,1618303
galSp,0.2,4,4,TATAGGGCGGAGATGGTACG,0,1605232
galSp,0.2,4,4,TAGGTGTTACAGCTACGAGG,0,1612188
galSp,0.2,4,4,TAGGTACTAGGAACAGTCTA,0,1620631
galSp,0.2,4,4,TAGGGCAAGGTCCGGATGAG,0,1610389
galSp,0.2,4,4,TAGGATTAAGCGTAGATTAA,0,1599572
galSp,0.2,4,4,TACTTCCCATCAGGTCGTAC,0,1615570
galSp,0.2,4,4,TACTGGGCGCAGAGGGATCA,0,1620331
galSp,0.2,4,4,TACTCAGAGGACTCGGTTGT,0,1600266
galSp,0.2,4,4,TACCGCAACTGTACTGCCAA,0,1609592
galSp,0.2,4,4,TACCGAACTTGGGGGTGGAA,0,1600490
galSp,0.2,4,4,TACAGTATCTTGGGTTTACC,0,1595249
galSp,0.2,4,4,TACAAGGCTCCCTAGCTCCA,0,1595299
galSp,0.2,4,4,TAATCACCGTGGCGCTCTCA,0,1611381
galSp,0.2,4,4,TAATACAACCCTTCGCCAGT,0,1606158
galSp,0.2,4,4,TAAGGTAGCGATATTATCGC,0,1612556
galSp,0.2,4,4,TAAGCCCGTGGATTTGGGAG,0,1613739
galSp,0.2,4,4,TAAGATTGCCGTCCAGGAAG,0,1598757
galSp,0.2,4,4,TAACTTGCGCGGCAGAGAGC,0,1596762
galSp,0.2,4,4,TAACCATCTTTTGCGGCAAT,0,1607405
galSp,0.2,4,4,TAAATAGCTGCCACGTTACA,0,1598105
galSp,0.2,4,4,GTTTGTACAGATGCGCGGTT,0,1608879
galSp,0.2,4,4,GTTGGCACGTGGTATTCCAG,0,1612238
galSp,0.2,4,4,GTTGCTGAACACCGTACCGA,0,1603329
galSp,0.2,4,4,GTTCTCAAGGGGTTAACATA,0,1601183
galSp,0.2,4,4,GTTACGCAAGCTACCTTCAC,0,1609764
galSp,0.2,4,4,GTTAAGGCGCAAAAGGTTTT,0,1618622
galSp,0.2,4,4,GTGTTGACGCGTAAACACCT,0,1600759
galSp,0.2,4,4,GTGTGAGCAATCAGCTCGCA,0,1621253
galSp,0.2,4,4,GTGGCGCACAGTGCTGTAAA,0,1604856
galSp,0.2,4,4,GTGGAGGGCTGCATTTATTC,0,1617626
galSp,0.2,4,4,GTGCCGGAGACCGGGCGACG,0,1599246
galSp,0.2,4,4,GTGCATTTGGTGAGGTTTGT,0,1602406
galSp,0.2,4,4,GTGAGTGAGAGGGGACTAAA,0,1597921
galSp,0.2,4,4,GTCTAGTGGCAATTAATATT,0,1612452
galSp,0.2,4,4,GTCGTGCCGCATTGTGGTAG,0,1599502
galSp,0.2,4,4,GTCGCGAGGTGATTGAAGAC,0,1598825
galSp,0.2,4,4,GTCGAAGTGGGAGGACATCA,0,1620066
galSp,0.2,4,4,GTCCTGCCCCATTGGTGTAG,0,1619628
galSp,0.2,4,4,GTCCGTCCGCGACGTCCCGG,0,1608353
galSp,0.2,4,4,GTCCGGCGAAGCTCATGTCA,0,1600126
galSp,0.2,4,4,GTCCCCGGGTATTGCCCCCA,0,1610150
galSp,0.2,4,4,GTCCACCGGTCCGGTTAGGA,0,1608268
galSp,0.2,4,4,GTCATTCCCAGGGGACATTG,0,1616812
galSp,0.2,4,4,GTCATAGCCCCAGGTAGTCG,0,1598415
galSp,0.2,4,4,GTATTCCGGCTTCGTTTTTA,0,1607783
galSp,0.2,4,4,GTATAACGGGCAACGTACAG,0,1607707
galSp,0.2,4,4,GTAGTGGCAAGTCGGAATCT,0,1617006
galSp,0.2,4,4,GTACGCAGTGTCTTAGCAAA,0,1616661
galSp,0.2,4,4,GTACAATCTATTTAGGGGTA,0,1608620
galSp,0.2,4,4,GGTTTGGTCCGACACTGGGA,0,1606717
galSp,0.2,4,4,GGTTTAGGTACTACCGACCC,0,1602196
galSp,0.2,4,4,GGTTCTCACCTGCAGAGATT,0,1611328
galSp,0.2,4,4,GGTGGAAAGAGATGCCGAGT,0,1614214
galSp,0.2,4,4,GGTAGTCGCAGTTACGGGCT,0,1605326
galSp,0.2,4,4,GGTACCACATCGAGACCTGA,0,1611222
galSp,0.2,4,4,GGTAAGGAGCATTGTTGGGC,0,1601403
galSp,0.2,4,4,GGTAAAACGAAAACTGACTC,0,1607422
galSp,0.2,4,4,GGGTTTTACAATCGCCTGGA,0,1619580
galSp,0.2,4,4,GGGTGGGGCTAAGGCCCTTG,0,1617182
galSp,0.2,4,4,GGGTGAGGCACAAACCAACG,0,1609225
galSp,0.2,4,4,GGGTCTGAGGATCCACTAAG,0,1598479
galSp,0.2,4,4,GGGTAATTTCTCCATACGAC,0,1612754
galSp,0.2,4,4,GGGGTAAGATGTTTCTGGCT,0,1596353
galSp,0.2,4,4,GGGGGATTGGTCACTATGAA,0,1615477
galSp,0.2,4,4,GGGGGAAATATGTTATGCCA,0,1599782
galSp,0.2,4,4,GGGGCTATTTCGCGGGCAGC,0,1603842
galSp,0.2,4,4,GGGGCCTTCCGCCCGTAAAG,0,1620424
galSp,0.2,4,4,GGGGATAAGTCCCTTGTCGG,0,1608510
galSp,0.2,4,4,GGGGACCTACATATCGTTGC,0,1618012
galSp,0.2,4,4,GGGATGAAACGACGCGGGTT,0,1618339
galSp,0.2,4,4,GGGATAAGTAGTACAAAATT,0,1609894
galSp,0.2,4,4,GGGAGCAGCAAACTACACAT,0,1602148
galSp,0.2,4,4,GGGACATGACGCGTGGTGAT,0,1604484
galSp,0.2,4,4,GGCGGAAGTGGTAGTGGTAT,0,1618381
galSp,0.2,4,4,GGCGCCTCCCGATGTCAACT,0,1609472
galSp,0.2,4,4,GGCGATACGAGACCCATTGC,0,1616013
galSp,0.2,4,4,GGCGAAGTTAACGCCACTCT,0,1596834
galSp,0.2,4,4,GGCCAGGGCCTCATTAGAAC,0,1608993
galSp,0.2,4,4,GGCATCAACAATGGCTCTGG,0,1600395
galSp,0.2,4,4,GGCAAAGGCTGTTCAGCCTT,0,1608966
galSp,0.2,4,4,GGATCCTGATCACATGCGGC,0,1602856
galSp,0.2,4,4,GGAGTAGAGTATTTTTGAGA,0,1606114
galSp,0.2,4,4,GGAGCACAGGCGACCATTTC,0,1597666
galSp,0.2,4,4,GGAGAGATGTGCTCCATACA,0,1618229
galSp,0.2,4,4,GGACTTGTCATGCGCCCCTC,0,1614768
galSp,0.2,4,4,GGACTCATATGCATTACTTA,0,1596117
galSp,0.2,4,4,GGACGAGGGCGGGTACACGC,0,1620489
galSp,0.2,4,4,GGAACCTAAGTATTCACATA,0,1604798
galSp,0.2,4,4,GGAAATGACTTTCCAGGTAA,0,1597978
galSp,0.2,4,4,GCTTTGGGCTCAACTATGGG,0,1617029
galSp,0.2,4,4,GCTTTGCAAAAGTCCCTCAT,0,1615770
galSp,0.2,4,4,GCTTTGAAGCGCTGGAGGAA,0,1596959
galSp,0.2,4,4,GCTTTAAGCGTATCATGCAT,0,1596513
galSp,0.2,4,4,GCTTCGATCAGGTCGCTTGT,0,1606565
galSp,0.2,4,4,GCTGTTGTTCTTGAGCCGTT,0,1611779
galSp,0.2,4,4,GCTCTCGGTCAGGTGCAGAC,0,1598217
galSp,0.2,4,4,GCTCCTTTTCTGCCTTTCAG,0,1615815
galSp,0.2,4,4,GCTCCCGCACGGTGCACTGT,0,1608276
galSp,0.2,4,4,GCTCCACAGGGAGCTGCGAC,0,1618863
galSp,0.2,4,4,GCTAGAAAGGCAGACGAGTT,0,1596599
galSp,0.2,4,4,GCTAACTTATCTAGGGTCGC,0,1617932
galSp,0.2,4,4,GCGTGTAGTGTAGGGGCGTA,0,1613802
galSp,0.2,4,4,GCGTCTTGTACTTTGCACAT,0,1600546
galSp,0.2,4,4,GCGTCAATAAATGGGTCGTA,0,1615883
galSp,0.2,4,4,GCGGGCTAGGAACTTGCAAC,0,1614219
galSp,0.2,4,4,GCGGGCGGATCAACTACGAG,0,1613325
galSp,0.2,4,4,GCGAGGCCGTGATGCCTGCA,0,1606816
galSp,0.2,4,4,GCCTTGATGAGTAGCGGGTT,0,1596957
galSp,0.2,4,4,GCCTCAATGTTCTCCAGGGA,0,1614235
galSp,0.2,4,4,GCCGTGATGGCGGTGACAGT,0,1615305
galSp,0.2,4,4,GCCCAGGAATTCAAAGAGAA,0,1613437
galSp,0.2,4,4,GCCCACTGTCAGGCGGTTTT,0,1602647
galSp,0.2,4,4,GCCAAACATATTCACGGCAG,0,1605479
galSp,0.2,4,4,GCATAAACCTATCAAGGACC,0,1619028
galSp,0.2,4,4,GCAGGTTGGCACTAAGAACC,0,1597522
galSp,0.2,4,4,GCAGCAAAGATCCGCTCTAC,0,1614207
galSp,0.2,4,4,GCAGAGGAGCAGATGTCGAT,0,1615567
galSp,0.2,4,4,GCAGAATCATTGCGCGCCTC,0,1596103
galSp,0.2,4,4,GCACCTGTACCCGGATACTT,0,1616310
galSp,0.2,4,4,GCACACAAACGCAGGGAATG,0,1600619
galSp,0.2,4,4,GATTGACTCCGACTTCGTTG,0,1600102
galSp,0.2,4,4,GATTCTCAAAGTCCGGGGTC,0,1620399
galSp,0.2,4,4,GATTAAAACTGACGAACATC,0,1607815
galSp,0.2,4,4,GATGTTCTAGGGGGGCGGGC,0,1604266
galSp,0.2,4,4,GATGGTGGACTTCAGCCGAC,0,1599225
galSp,0.2,4,4,GATCCTGCAGCGTCGACCAC,0,1614388
galSp,0.2,4,4,GATATACAGGTTCGGGCGCG,0,1610628
galSp,0.2,4,4,GAGTACCTCATGTCCTTGAG,0,1613199
galSp,0.2,4,4,GAGGGACCGAAGAACTGAGA,0,1613139
galSp,0.2,4,4,GAGAGACGTTCGAGGTGAGA,0,1599223
galSp,0.2,4,4,GAGAAGCCTCCCAATCTGCA,0,1609317
galSp,0.2,4,4,GACTAAGTACTCCGTGAGCC,0,1600971
galSp,0.2,4,4,GACCTAAGTCAACAATCACA,0,1617925
galSp,0.2,4,4,GACATTGTGTGGGATGGGTA,0,1609782
galSp,0.2,4,4,GAATTTCTGGGCGACTTGAC,0,1607121
galSp,0.2,4,4,GAATTACGGCGCTTTCCCAC,0,1616408
galSp,0.2,4,4,GAATGCTCACCCTTTGCACT,0,1613790
galSp,0.2,4,4,GAAGTCCATGGACTAATGAA,0,1611415
galSp,0.2,4,4,GAAGTCAGAATCATGCGGAA,0,1611065
galSp,0.2,4,4,GAAGGGGTGAGCCCACTGTC,0,1609863
galSp,0.2,4,4,CTTTGTGACCCTATCAGTTC,0,1601586
galSp,0.2,4,4,CTTGCAAACTTTAGTCATGC,0,1598258
galSp,0.2,4,4,CTTCGTAAAATGTTGTAGAT,0,1618939
galSp,0.2,4,4,CTGGCGTGGGGACTCATAGT,0,1598243
galSp,0.2,4,4,CTGGCACCATGCCTGGCTAT,0,1603088
galSp,0.2,4,4,CTGCTTGATATGTAAGATTT,0,1606137
galSp,0.2,4,4,CTGCTCATAACAGTGCATTT,0,1606379
galSp,0.2,4,4,CTGAGGTGCAACAGGTGCTA,0,1602241
galSp,0.2,4,4,CTCGGCCTCGGTGCTAGGTG,0,1613399
galSp,0.2,4,4,CTCGCCGCTTGAACAGCGGA,0,1606199
galSp,0.2,4,4,CTCAGGCGCCTGCTTATTTT,0,1603036
galSp,0.2,4,4,CTACTATAAAGACCTTAATT,0,1605066
galSp,0.2,4,4,CTAATAATATGAGCACGGCC,0,1595519
galSp,0.2,4,4,CTAACGGACGCAACAGCCGT,0,1600617
galSp,0.2,4,4,CGTTACAGGGAATAAGAGCC,0,1614521
galSp,0.2,4,4,CGTGTGTATTAAGGCACCAG,0,1604082
galSp,0.2,4,4,CGTCTTGATCCGAACGGTCT,0,1604730
galSp,0.2,4,4,CGTCGTCGGCAGAGTTGCCT,0,1613569
galSp,0.2,4,4,CGTCGTAGAGAACAGGGCAT,0,1604926
galSp,0.2,4,4,CGTCGATTTAGAACGCAAGA,0,1619883
galSp,0.2,4,4,CGTCCCTAGTCTGCGAAAGT,0,1609996
galSp,0.2,4,4,CGTCACGTGGACGACGGTGC,0,1618058
galSp,0.2,4,4,CGGTAGTAGGTTAGTTGTAT,0,1615067
galSp,0.2,4,4,CGGGGATCTAGCAGCAGTTG,0,1608986
galSp,0.2,4,4,CGGGGAATATCATTACGGTT,0,1598068
galSp,0.2,4,4,CGGCTCGGTGGTCGCCAGTT,0,1599384
galSp,0.2,4,4,CGGCCTAGTAGACTTTACGT,0,1620788
galSp,0.2,4,4,CGGACCAAGTTGGTGTCCGT,0,1619346
galSp,0.2,4,4,CGGAAGAGGCAAGTGTCATA,0,1603812
galSp,0.2,4,4,CGGAACGGCCACACAGAATG,0,1611184
galSp,0.2,4,4,CGCTTCATAGGGGGATGAGT,0,1597332
galSp,0.2,4,4,CGCTGCTAGGGCCACAGTCT,0,1610455
galSp,0.2,4,4,CGCTGCGCTTACTGTCATAG,0,1604084
galSp,0.2,4,4,CGCTATCTGGGCGTTACCTT,0,1620244
galSp,0.2,4,4,CGCCTCTCCGGCTCCAACGC,0,1600160
galSp,0.2,4,4,CGCCTACGCGCCTCATTACG,0,1607080
galSp,0.2,4,4,CGCCGTAGCAAAACGCCGGG,0,1598773
galSp,0.2,4,4,CGCATGGTATGGGCACTTTC,0,1618833
galSp,0.2,4,4,CGCAAGTGCGGTGCGCTGCG,0,1610493
galSp,0.2,4,4,CGATTTGCACTCAGTACCAG,0,1613800
galSp,0.2,4,4,CGATCGAGTAATATGGAACG,0,1604066
galSp,0.2,4,4,CGAGTAACATGACTTAACTT,0,1605701
galSp,0.2,4,4,CGAGAGGCGACCTTTACTAC,0,1601501
galSp,0.2,4,4,CGACTTGATGCATCAACTCG,0,1600993
galSp,0.2,4,4,CGACTCCTGTGGGCTTATCT,0,1602671
galSp,0.2,4,4,CGACGAGCTGGGGGCATCCT,0,1606839
galSp,0.2,4,4,CGACAACCGGCACAATTCCT,0,1615491
galSp,0.2,4,4,CGAAGAATGCATTCGGGAAC,0,1616975
galSp,0.2,4,4,CGAAAAAAGGCCCCGGTTTA,0,1602051
galSp,0.2,4,4,CCTTGGTATAGGAGGCCTTA,0,1602707
galSp,0.2,4,4,CCTCTAGAGAGCAAAGACCA,0,1609751
galSp,0.2,4,4,CCTCAGGTCAGCTCCATTGA,0,1616203
galSp,0.2,4,4,CCTAAACTTCCAAAAGAAAC,0,1618501
galSp,0.2,4,4,CCGGGGCTTAGCTACCCATT,0,1609143
galSp,0.2,4,4,CCGCTCTAATTGCCGAGAAG,0,1610218
galSp,0.2,4,4,CCGCGTCCTACATATGCCAT,0,1603107
galSp,0.2,4,4,CCGCATGGTTTAGACAGACA,0,1615360
galSp,0.2,4,4,CCGATTTTCGCCTGTGACAT,0,1606111
galSp,0.2,4,4,CCGAGTACCCTTGGAAGCAG,0,1620499
galSp,0.2,4,4,CCGAGCACAGAGATTGTAGG,0,1601083
galSp,0.2,4,4,CCCTGCGCAATCGTCCTATC,0,1607517
galSp,0.2,4,4,CCCTCCTTAATAGCTGGCGT,0,1613520
galSp,0.2,4,4,CCCTAGTTTTAAGTGGGGGT,0,1616202
galSp,0.2,4,4,CCCGTGTCCGGCCGCGGGTG,0,1597690
galSp,0.2,4,4,CCCGGTTTTTGTATATGCGG,0,1614156
galSp,0.2,4,4,CCCGCGCCACCGTTCTTTTG,0,1599820
galSp,0.2,4,4,CCCCCCCTCAGGCGTTTGGC,0,1608844
galSp,0.2,4,4,CCCATTCGTATCTCCGTTGA,0,1620497
galSp,0.2,4,4,CCCACATGCACATCGGGCAA,0,1599802
galSp,0.2,4,4,CCATCAATTGTTGTAGCATG,0,1608487
galSp,0.2,4,4,CCACTGTACTGTATCGGTGC,0,1595271
galSp,0.2,4,4,CCAATAGTTGCTCACGCAAC,0,1608820
galSp,0.2,4,4,CCAAGTTCGGTAGTGGCAAG,0,1606842
galSp,0.2,4,4,CCAACCCTCCCTAGGATCGA,0,1599793
galSp,0.2,4,4,CATTGAGTCGCACCAGTAAC,0,1603038
galSp,0.2,4,4,CATGAGGATACGGCACTGGT,0,1616953
galSp,0.2,4,4,CATCGATTTATGGTTCTAGG,0,1598104
galSp,0.2,4,4,CATATGGGCCCTTCATAGCT,0,1621376
galSp,0.2,4,4,CATACCTTCCGTATGGAGTG,0,1604065
galSp,0.2,4,4,CATAAAACATTGGCTTTGAG,0,1597557
galSp,0.2,4,4,CAGTTTAAATGCAGTTTTGC,0,1604537
galSp,0.2,4,4,CAGGGAGGTTAACCAGGAAG,0,1610339
galSp,0.2,4,4,CAGGAACTTGAATTGGCATA,0,1617814
galSp,0.2,4,4,CAGCGGCGATATCCGAGACT,0,1616325
galSp,0.2,4,4,CAGCATAGAAGGGCTGGCGG,0,1619052
galSp,0.2,4,4,CAGATCGTTGAGTTCGTCAC,0,1597196
galSp,0.2,4,4,CAGACAATGGCCAGTTTCTT,0,1619741
galSp,0.2,4,4,CAGAAGTCGGAATCGTAAGG,0,1600861
galSp,0.2,4,4,CACGTAAGAGAGCTGGGCAT,0,1601944
galSp,0.2,4,4,CACGGTTAAAGGTGGCCGGT,0,1606488
galSp,0.2,4,4,CACGGTATGCGGGCATGCTA,0,1612200
galSp,0.2,4,4,CACGCTTACCACTTGAGGTC,0,1598506
galSp,0.2,4,4,CACCATGAACCATAGGAGGT,0,1599014
galSp,0.2,4,4,CACACGTGAAGTCCGAAACT,0,1605316
galSp,0.2,4,4,CACAATTCGGCCACCGGGAA,0,1618826
galSp,0.2,4,4,CAATGTACCTAGTACTAGAG,0,1606942
galSp,0.2,4,4,CAATGCCAGGTTTGGTAATT,0,1597034
galSp,0.2,4,4,CAATGATTGTTGTGAAATAA,0,1604980
galSp,0.2,4,4,CAATAAGGGAGCACAGATTC,0,1609932
galSp,0.2,4,4,CAACTGTTGCGACTTGTTCG,0,1610572
galSp,0.2,4,4,CAACCGACGACTTCTTTTTA,0,1621301
galSp,0.2,4,4,CAAAGATGGTAATCAAGTGG,0,1612303
galSp,0.2,4,4,CAAAAGCAACGAGGAAACTA,0,1600525
galSp,0.2,4,4,ATTTTGGGCAATCAGACCAT,0,1597275
galSp,0.2,4,4,ATTTGCCCGCTTATGGAATG,0,1609660
galSp,0.2,4,4,ATTTCAACGTATCCAACTCC,0,1602479
galSp,0.2,4,4,ATTTAATTTGGCCACTTTGC,0,1602249
galSp,0.2,4,4,ATTGCTGCTTATGCGGAAAG,0,1612889
galSp,0.2,4,4,ATTCGCTGGGGATTTGTGTA,0,1604413
galSp,0.2,4,4,ATTCGCGACCGTCTCCACAC,0,1602474
galSp,0.2,4,4,ATTAGTCTCTGCCAGAGCCG,0,1621609
galSp,0.2,4,4,ATGTTCTTTTCAATTTTTGA,0,1598253
galSp,0.2,4,4,ATGTAGATATTGTTCCGGAG,0,1597485
galSp,0.2,4,4,ATGGTCCTCTCGGGTAATGA,0,1617624
galSp,0.2,4,4,ATGCTGCACGATGTTTCCAC,0,1598673
galSp,0.2,4,4,ATGCACCGGACGTATGGATA,0,1616681
galSp,0.2,4,4,ATGATTATCCCGTTTGGCCT,0,1598082
galSp,0.2,4,4,ATGAGTAGGCCAGTTAAATT,0,1603256
galSp,0.2,4,4,ATGAAAAAGGGTTGACGTAG,0,1613642
galSp,0.2,4,4,ATCGCGTCCACAGTTCGCTT,0,1617591
galSp,0.2,4,4,ATCCGGCCGAGCAGTGGAAA,0,1598509
galSp,0.2,4,4,ATCCGGCAACTTATCAATCT,0,1603892
galSp,0.2,4,4,ATCATACTTGTAATGGACTG,0,1598340
galSp,0.2,4,4,ATAGCTGTACAGACGATTTT,0,1620280
galSp,0.2,4,4,ATACGTGACTCTATACGCCG,0,1611977
galSp,0.2,4,4,ATAAGCAGTGGGGCGCGTAA,0,1608042
galSp,0.2,4,4,ATAAGAGCCTCAGCGATTCC,0,1616418
galSp,0.2,4,4,ATAAGACGATTTTCTCGCGG,0,1595753
galSp,0.2,4,4,AGTTTGGGCCTCACTAAAGC,0,1609761
galSp,0.2,4,4,AGTGGCCGGCTGCCGTGGCA,0,1599248
galSp,0.2,4,4,AGTGCGGTGCGACGGCGTCC,0,1607870
galSp,0.2,4,4,AGTCTATGCAGTACAGACGA,0,1604494
galSp,0.2,4,4,AGTCCCAACCTACTAAAAGT,0,1601998
galSp,0.2,4,4,AGTCAAAGATCTCAGGCTGC,0,1599747
galSp,0.2,4,4,AGGTGCACAGCTCAACGGAA,0,1620616
galSp,0.2,4,4,AGGGTGTACGGGTATTGCTA,0,1619731
galSp,0.2,4,4,AGGGTCGGTCGAGGTGTGAT,0,1612706
galSp,0.2,4,4,AGGCCTGCCGAACTACACTA,0,1610078
galSp,0.2,4,4,AGGCCCTATAATGAAACGTT,0,1608957
galSp,0.2,4,4,AGCTATAGCACGGTGGTGGT,0,1612607
galSp,0.2,4,4,AGCGAATATGCTTAGCGGAC,0,1610269
galSp,0.2,4,4,AGATACGGATCCCTGTTCTT,0,1612037
galSp,0.2,4,4,AGAGTAGCGCTGCTTACATA,0,1610571
galSp,0.2,4,4,AGAGCTAGAACACGTCTTGA,0,1599926
galSp,0.2,4,4,AGAGCGTCAGCCTTAGATGA,0,1612881
galSp,0.2,4,4,AGAGCCAGTCAGGCAATAGG,0,1599670
galSp,0.2,4,4,AGACTCACTCACCTAGGCGC,0,1613392
galSp,0.2,4,4,AGACGGAGGCATCTTTAGGT,0,1618141
galSp,0.2,4,4,AGACACAGGAACATAAGCTT,0,1612264
galSp,0.2,4,4,AGAATTCCTCCACGAATAGG,0,1614435
galSp,0.2,4,4,ACTTTTTTACGTTCCGCATT,0,1598004
galSp,0.2,4,4,ACTTGGTGAACGTCTCAATG,0,1619632
galSp,0.2,4,4,ACTTGCCGTGTTTTAAACGG,0,1604034
galSp,0.2,4,4,ACTGTTACCCGTCTAGCAGC,0,1599542
galSp,0.2,4,4,ACTGGCCGTCAAGCCTAGGT,0,1595421
galSp,0.2,4,4,ACTGCTCTACATAAGGCCAA,0,1601031
galSp,0.2,4,4,ACTGAGGATACTGCTCGGAA,0,1605210
galSp,0.2,4,4,ACTCTTGTTCCGAAGACTGT,0,1596402
galSp,0.2,4,4,ACGTTCGGTTATTTCGACAT,0,1600055
galSp,0.2,4,4,ACGTCAGACGATCTCGTTAT,0,1604621
galSp,0.2,4,4,ACGTACGGCGGAATGGCTTC,0,1618874
galSp,0.2,4,4,ACGGGTTCAGTGTGGTACGG,0,1621156
galSp,0.2,4,4,ACGGCCCTGCACATGGTGTG,0,1615803
galSp,0.2,4,4,ACGGACGCAAGACAGGCACA,0,1607740
galSp,0.2,4,4,ACGCTTAAGGCCATTGGGCT,0,1609074
galSp,0.2,4,4,ACCGTTTACGTCAAGTATTG,0,1598695
galSp,0.2,4,4,ACCGTCTCGGCGAGATACGC,0,1618739
galSp,0.2,4,4,ACCGATGACTGGTCCAGCTT,0,1617758
galSp,0.2,4,4,ACCCGCGGCAATGGGTGCAA,0,1607996
galSp,0.2,4,4,ACCCAGCATTGCCGACTCTT,0,1604791
galSp,0.2,4,4,ACATTCCTGGCCCGACTATG,0,1598154
galSp,0.2,4,4,ACAGGAGCGTATCTTGGTTA,0,1602786
galSp,0.2,4,4,ACACGAACATTTGCAGGATG,0,1598740
galSp,0.2,4,4,ACACCTTGCCTCGCTTTTGT,0,1606490
galSp,0.2,4,4,ACACCGTTGCTCAGGACGTG,0,1602376
galSp,0.2,4,4,ACACCCCAATTCGATTTTTT,0,1618034
galSp,0.2,4,4,ACAACGACTCGGTATACCCC,0,1600184
galSp,0.2,4,4,ACAAAGCTTTTGGCAGCAGA,0,1618854
galSp,0.2,4,4,AATGCTTCGTTGGCACATTG,0,1605852
galSp,0.2,4,4,AATCGAGCGGCTAATTTAGA,0,1597853
galSp,0.2,4,4,AATCCTTTGACATGCAGGGA,0,1610497
galSp,0.2,4,4,AATCATAACTGTGCTTTTAT,0,1619071
galSp,0.2,4,4,AATACAATACAGAATGCGAA,0,1617569
galSp,0.2,4,4,AAGTGAATAACGATGGTTAC,0,1610626
galSp,0.2,4,4,AAGGTTCTCTATAGCCAAAT,0,1607892
galSp,0.2,4,4,AAGGGGAAGACTGTTGATCG,0,1616867
galSp,0.2,4,4,AAGGCAAAACAAAAAAGACA,0,1595696
galSp,0.2,4,4,AAGCGAAGACTCATCTTGGT,0,1620555
galSp,0.2,4,4,AAGCATTGGGGGTACTGGTC,0,1608790
galSp,0.2,4,4,AAGCACATGAGGCTTTCTGG,0,1605315
galSp,0.2,4,4,AAGATGCTGGACGGTACAAT,0,1616374
galSp,0.2,4,4,AAGATATATACAACACAGCG,0,1618541
galSp,0.2,4,4,AAGAGGCATAGATCTCTAGA,0,1610137
galSp,0.2,4,4,AACGGGGCTCCCATTAGAAA,0,1603401
galSp,0.2,4,4,AACCTCATTGGGGGCGGTAT,0,1601664
galSp,0.2,4,4,AACAGGTGATTTTCCAAAAT,0,1602236
galSp,0.2,4,4,AACAGCCATGAATACCTCGC,0,1607026
galSp,0.2,4,4,AACAAGCCGAAGCTTTTCCT,0,1597410
galSp,0.2,4,4,AAATGAATCGTACTAACTGT,0,1607395
galSp,0.2,4,4,AAATCTAAGTAGTCACTTAT,0,1606510
galSp,0.2,4,4,AAAGGTAGCGGTTCTCGAAA,0,1605461
galSp,0.2,4,4,AAAGACGATTTCCTATATGT,0,1611354
galSp,0.2,4,4,AAACTTTTGTCAGTAACCTA,0,1620587
galSp,0.2,4,4,AAACTCTCCTAGCCCATGTT,0,1604910
galSp,0.2,4,4,AAACCAAGATGGTGGAGATC,0,1615321
galSp,0.2,4,4,AAACATCGGAGACCTTGGAC,0,1614481
galSp,0.2,4,4,AAAAGAGCCCCTTTTTTTCA,0,1612253
galSp,0.2,4,4,AAAACAATGGGATTAGCGGC,0,1612380
galSp,0.2,4,4,AAAAAAGGGTTGAGTCTCCC,0,1605685
galSp,0.25,3,3,TTTGGGACTAAAATCGCAAT,0,1612125
galSp,0.25,3,3,TTTCCGGCGGAGGTGACTCT,0,1600710
galSp,0.25,3,3,TTTAAGGAGCAAGGCACGAA,0,1601650
galSp,0.25,3,3,TTGTTCATGTGTGATCGCGG,0,1600170
galSp,0.25,3,3,TTGTCTTTAGCTGTCAAGTT,0,1619923
galSp,0.25,3,3,TTGTCTCTGGGTTTCAACAT,0,1613176
galSp,0.25,3,3,TTGTCGCTGGATGGTCCCTC,0,1602996
galSp,0.25,3,3,TTGTAATGCCCACAACGCTC,0,1616642
galSp,0.25,3,3,TTGGATGTTGAAGACAACGT,0,1604303
galSp,0.25,3,3,TTGGAATGTGGCACGTCTAA,0,1602308
galSp,0.25,3,3,TTGCTGGGTGATCACCACAC,0,1596562
galSp,0.25,3,3,TTGCATCATCAGGAGTTCGG,0,1617163
galSp,0.25,3,3,TTGCACCCTCATATAGGGGT,0,1606298
galSp,0.25,3,3,TTGATCTTAGTAGTAATTGG,0,1615766
galSp,0.25,3,3,TTCTTCTTCATCGTGGGTTA,0,1619645
galSp,0.25,3,3,TTCTGACACCATAGGGCATT,0,1619119
galSp,0.25,3,3,TTCTCCAAGACGAAGCTTCC,0,1613055
galSp,0.25,3,3,TTCTACAAACTCTTTTCAAC,0,1618866
galSp,0.25,3,3,TTCTAAGCAATGGTCAATTT,0,1596806
galSp,0.25,3,3,TTCGGAACTCGGGGTGGATT,0,1611765
galSp,0.25,3,3,TTCGACGCTGCAACTAGAGG,0,1611928
galSp,0.25,3,3,TTCCCGGGTCGTGCGCGTTC,0,1610083
galSp,0.25,3,3,TTCCAGTCGTCTAGAGGATA,0,1606411
galSp,0.25,3,3,TTCAAGCAGTCCTAATGTTC,0,1610092
galSp,0.25,3,3,TTACCGTTTTTAGCGTTCCA,0,1619134
galSp,0.25,3,3,TTACCGTATCTCCTAACGAA,0,1621568
galSp,0.25,3,3,TTACCCCTCTTTCCGTAAAA,0,1612362
galSp,0.25,3,3,TTACACCATACAGTTGAGTT,0,1611554
galSp,0.25,3,3,TTAAGTTCTATGCCCCTTTG,0,1612326
galSp,0.25,3,3,TTAAGCGCTCGGGTGCCTCG,0,1611592
galSp,0.25,3,3,TGTTTTTCCTATAACGGTAA,0,1608840
galSp,0.25,3,3,TGTTTTAAAGGAGCCTGAAA,0,1603027
galSp,0.25,3,3,TGTTCCGGTCTAGTTCTTCC,0,1615345
galSp,0.25,3,3,TGTGTGTAAAAGATGAGGTG,0,1600676
galSp,0.25,3,3,TGTGCTTGCGCTGCTGCCAT,0,1607886
galSp,0.25,3,3,TGTGAGGCCCGCGGGATAGT,0,1598250
galSp,0.25,3,3,TGTCTGAGAACTTGTAGCGC,0,1611918
galSp,0.25,3,3,TGTCGAGACGTCGAGGCGAC,0,1610777
galSp,0.25,3,3,TGTAGGCATTGCTGGCCAGC,0,1612788
galSp,0.25,3,3,TGTAAAGCCTTATTAATAGG,0,1606451
galSp,0.25,3,3,TGTAAAATTCTTCAGATGTC,0,1599459
galSp,0.25,3,3,TGGTTTCAGCCAGAAGTGTT,0,1617020
galSp,0.25,3,3,TGGGGAGAATATAAAACCAT,0,1607654
galSp,0.25,3,3,TGGGCCGCTTAGCAAGCACC,0,1601540
galSp,0.25,3,3,TGGCCGCCACAACACATCCA,0,1619798
galSp,0.25,3,3,TGGCACTTCCTTAAAATCTT,0,1609329
galSp,0.25,3,3,TGGAGGCCCTGCTTGACTCG,0,1601313
galSp,0.25,3,3,TGCTGTCCTGAATGACGTAA,0,1610324
galSp,0.25,3,3,TGCGGGTAAGTACCTAGGAA,0,1601523
galSp,0.25,3,3,TGCCGAGTTCTGCACTGGCG,0,1615125
galSp,0.25,3,3,TGCCCGGTCTGACCGGGTAC,0,1618706
galSp,0.25,3,3,TGCAGCAGCGTGTTCGCTGA,0,1599821
galSp,0.25,3,3,TGATTGAGAAATTAAATGGG,0,1609197
galSp,0.25,3,3,TGATGCGTCACTACTACCTA,0,1616881
galSp,0.25,3,3,TGAGATGGTGTCGATGCTAT,0,1596115
galSp,0.25,3,3,TGACCTGCCAGGGGAAAGTG,0,1617288
galSp,0.25,3,3,TCTTTTATCACACCGAACAC,0,1602067
galSp,0.25,3,3,TCTTGTGACATGCCAGATAA,0,1597087
galSp,0.25,3,3,TCTGTTTACCTGTGTCGGCG,0,1618282
galSp,0.25,3,3,TCTGTGCAATAGAGTAATTC,0,1599539
galSp,0.25,3,3,TCTGTAATCAATATAACCTG,0,1605750
galSp,0.25,3,3,TCTGATTATCAGATAGACCG,0,1609640
galSp,0.25,3,3,TCTCTGTGTGAAACGTGGTC,0,1600921
galSp,0.25,3,3,TCTCGTAGACGCCAGAAGGA,0,1596281
galSp,0.25,3,3,TCTCCGCTTAGGAATGTTGA,0,1619530
galSp,0.25,3,3,TCTCAACAGATGAAAAAGAC,0,1608194
galSp,0.25,3,3,TCGCGGCAAGGGGTGGTAAT,0,1609882
galSp,0.25,3,3,TCGCATGCCGGACTTGGGAA,0,1617409
galSp,0.25,3,3,TCGATAAGGTCGGCGCATGT,0,1611235
galSp,0.25,3,3,TCGAGTTGGGAACTCTTAGC,0,1619571
galSp,0.25,3,3,TCGAGTTCCGCCACTTTTGC,0,1601922
galSp,0.25,3,3,TCGAGCTTTTACCCACGGAC,0,1619207
galSp,0.25,3,3,TCGACACCACTGGAGTGGGT,0,1614726
galSp,0.25,3,3,TCGAACCTCTGAGACAGGCC,0,1610380
galSp,0.25,3,3,TCCTGTACGGCAACCATAGA,0,1596053
galSp,0.25,3,3,TCCTAACCAGAAGAATTTCT,0,1616737
galSp,0.25,3,3,TCCGTCGTGTATGAGGCTCT,0,1613763
galSp,0.25,3,3,TCCGGCTTTGTCCCCTCCAG,0,1617849
galSp,0.25,3,3,TCCGGAGGCGGGCCTTTGAA,0,1616663
galSp,0.25,3,3,TCCGACCCGGACAGGTGTAT,0,1615938
galSp,0.25,3,3,TCCGAACACAGCGGGCGTAG,0,1598516
galSp,0.25,3,3,TCCCGCAGTGTAATCAGGGA,0,1613475
galSp,0.25,3,3,TCCAGTGAGACCGTACCCCT,0,1602220
galSp,0.25,3,3,TCATTCTTACGACATCGCAC,0,1604800
galSp,0.25,3,3,TCATATTAATAGGACCCGTT,0,1610312
galSp,0.25,3,3,TCAGGGTTTGTCGTGGTGCT,0,1613096
galSp,0.25,3,3,TCAGCGCACGCATGAAGTTT,0,1605082
galSp,0.25,3,3,TCACAGTTGATTAGACAATC,0,1599026
galSp,0.25,3,3,TCAACGATCCCGAGCGAAAG,0,1605631
galSp,0.25,3,3,TCAAATCCTCGGCCAACTGT,0,1616920
galSp,0.25,3,3,TATTGCCTGCATGACCGGAA,0,1600718
galSp,0.25,3,3,TATTAAGCGAATATCAATCC,0,1610195
galSp,0.25,3,3,TATGTCGTTGCCAACCCCTA,0,1598501
galSp,0.25,3,3,TATGTCCGGGTCATATCCGG,0,1609630
galSp,0.25,3,3,TATCCGTCTTCAATCTGGTA,0,1604774
galSp,0.25,3,3,TATAGACCAATGATCAGTAT,0,1606767
galSp,0.25,3,3,TAGGGCCGTCTCTTTTGTTA,0,1618734
galSp,0.25,3,3,TAGGCCGGTAGCAAAGGTAC,0,1612359
galSp,0.25,3,3,TAGGCACCATATAGACGTGT,0,1605731
galSp,0.25,3,3,TAGAGTCCGACGTCCGGGTG,0,1604236
galSp,0.25,3,3,TAGAGGCAGAAAAGCTACCT,0,1598490
galSp,0.25,3,3,TAGAGCAAAGTACACACTTC,0,1603592
galSp,0.25,3,3,TAGACCTATGTTAAGTAAGT,0,1606160
galSp,0.25,3,3,TAGAATGTACAACTGAGGAC,0,1608209
galSp,0.25,3,3,TAGAAAAGAATCTCCTACGG,0,1607460
galSp,0.25,3,3,TACGCATAACGATGCGGCAA,0,1598312
galSp,0.25,3,3,TACGATCGACGCAACCACTC,0,1607998
galSp,0.25,3,3,TACCTGTTGGAGCCGTTTGA,0,1619057
galSp,0.25,3,3,TACAGGGTAACGTTCGTCCA,0,1609261
galSp,0.25,3,3,TACAACTTTGTTAGCTTCCG,0,1607467
galSp,0.25,3,3,TAATTATCAGGACTCCGTAT,0,1598525
galSp,0.25,3,3,TAAGCCAAGAGGACGTGACA,0,1612910
galSp,0.25,3,3,TAACGGCATCTCAGGGTATG,0,1597551
galSp,0.25,3,3,TAACGCTGAATTTTACGGCT,0,1619191
galSp,0.25,3,3,TAAATCACAATACGGGATTG,0,1619789
galSp,0.25,3,3,TAAACTGACTCCAGAGTTAG,0,1610745
galSp,0.25,3,3,TAAACGAGGACCGACCTGAC,0,1608717
galSp,0.25,3,3,TAAACCGGTCCAGCTGAAAC,0,1612652
galSp,0.25,3,3,TAAAAGACAACCTAGCATCA,0,1611726
galSp,0.25,3,3,GTTGTGCCGGGAATCATGTG,0,1606596
galSp,0.25,3,3,GTTGATTTATAAATTATTTT,0,1617474
galSp,0.25,3,3,GTTGATAGTATTATTAGGGA,0,1608035
galSp,0.25,3,3,GTTCCGTGGCTTCATCAGGG,0,1617268
galSp,0.25,3,3,GTTCCCCTGACGGCCTTATA,0,1613754
galSp,0.25,3,3,GTTCATTGGGCGTGGACATT,0,1620759
galSp,0.25,3,3,GTTATTATGTTGATTGGACA,0,1606618
galSp,0.25,3,3,GTTAGCCCGGCCCACCAGCT,0,1617337
galSp,0.25,3,3,GTTACTCGAAGCAGAGTTTA,0,1610786
galSp,0.25,3,3,GTTAAATTGCTGATTCACTA,0,1602906
galSp,0.25,3,3,GTGTGTGTAAGGGTCTATTT,0,1601059
galSp,0.25,3,3,GTGTCAAGGGCAGAGTCAGG,0,1598255
galSp,0.25,3,3,GTGTATAGTTCTTGGTATCA,0,1615452
galSp,0.25,3,3,GTGTAGGACTAGAAAGACAC,0,1596120
galSp,0.25,3,3,GTGTACGGACGCTTAACTTT,0,1606922
galSp,0.25,3,3,GTGGGGCAGAGCACTTCGAC,0,1616892
galSp,0.25,3,3,GTGGGAGGAAAAGCCTATAC,0,1613440
galSp,0.25,3,3,GTGCAGTTTCACGAGGGACA,0,1618618
galSp,0.25,3,3,GTCTCTGAGACACTAATAGC,0,1617254
galSp,0.25,3,3,GTCTCTCTAGCCGCTCTATA,0,1596119
galSp,0.25,3,3,GTCTAGGACTATCCAATAGT,0,1605298
galSp,0.25,3,3,GTCGTCCTTCCTATCGGTAT,0,1602170
galSp,0.25,3,3,GTCGTCCTACACATCGGACT,0,1617357
galSp,0.25,3,3,GTCGTATGACAGCTCGAAGG,0,1598062
galSp,0.25,3,3,GTCGCAGAGTCAGTCAGCTC,0,1600259
galSp,0.25,3,3,GTCATCATTTATGTACATGA,0,1617247
galSp,0.25,3,3,GTCATCAGGCTAACCCCCGG,0,1602281
galSp,0.25,3,3,GTCAGTCGATAACTGTGGCT,0,1621594
galSp,0.25,3,3,GTCAGTCCGATCTACTCTTG,0,1615329
galSp,0.25,3,3,GTCAGGAGTTTAAGGCGATC,0,1601082
galSp,0.25,3,3,GTCAGAGAACTGGTCAGATT,0,1606878
galSp,0.25,3,3,GTCACGTTTCGTGTGCGCTA,0,1604017
galSp,0.25,3,3,GTATCTAGAGTCCTGTCAAC,0,1596777
galSp,0.25,3,3,GTATATGTATCTCTGACAAG,0,1598750
galSp,0.25,3,3,GTAATTGACGTTCATCATCA,0,1607453
galSp,0.25,3,3,GTAACTGGGACTGCGCGCAA,0,1596498
galSp,0.25,3,3,GTAAAGGAGAATTTAATATG,0,1600053
galSp,0.25,3,3,GGTTTCGTTGATTAGTCGTT,0,1602572
galSp,0.25,3,3,GGTTCGAGGACTGGCTCAAC,0,1612336
galSp,0.25,3,3,GGTTCCGGGAGGCTCTCTGC,0,1611071
galSp,0.25,3,3,GGTTAGTGGACCGGGTATGC,0,1611852
galSp,0.25,3,3,GGTGTCAGTGGTGATCTTGG,0,1614569
galSp,0.25,3,3,GGTCTTTTTGAAACACAATG,0,1612004
galSp,0.25,3,3,GGTCGCGGGATTCGAGAGTA,0,1610619
galSp,0.25,3,3,GGTATTCGTTGAGGCAGGCA,0,1598760
galSp,0.25,3,3,GGTAGGAGAAGCAGCTGCAG,0,1600238
galSp,0.25,3,3,GGTACCCATCCAGCGGCGAT,0,1603241
galSp,0.25,3,3,GGTAATTTCAGGTCGGGGAG,0,1605378
galSp,0.25,3,3,GGTAAGTAACTACAGATATG,0,1603841
galSp,0.25,3,3,GGGTCCGCTCCGAGGAGGCA,0,1609871
galSp,0.25,3,3,GGGTACATCTAACGAACAGT,0,1618704
galSp,0.25,3,3,GGGGGGTACCAATCCCTGGA,0,1609823
galSp,0.25,3,3,GGGCGTCGAATATAACTGGA,0,1620259
galSp,0.25,3,3,GGGCGCATAGCAGATTTAGG,0,1604448
galSp,0.25,3,3,GGGCGACTGGTTCTTCAATC,0,1597133
galSp,0.25,3,3,GGGCGACGGAGTTGGCCGCT,0,1599874
galSp,0.25,3,3,GGGCCTCCTGATTGCACCAT,0,1596500
galSp,0.25,3,3,GGGATGAGGGAAGCCGCCAG,0,1618859
galSp,0.25,3,3,GGGACATTTAACAATCGGTT,0,1601326
galSp,0.25,3,3,GGGAAATGCCAGGTCCGCTC,0,1600771
galSp,0.25,3,3,GGCTGCTAACCCACCACAAC,0,1613962
galSp,0.25,3,3,GGCGGATCTTAACTACAAAA,0,1606856
galSp,0.25,3,3,GGCCTTCTTGTGTAACCTGG,0,1609813
galSp,0.25,3,3,GGCCTTCATCATATAATGAA,0,1605351
galSp,0.25,3,3,GGCCTGATTCAGGCAGGTGC,0,1606535
galSp,0.25,3,3,GGCCTCCGCCTCAAACGGTC,0,1615004
galSp,0.25,3,3,GGCCGGCATAGGTGCTGTTC,0,1596543
galSp,0.25,3,3,GGCATCCTAATACCGGACGG,0,1616745
galSp,0.25,3,3,GGCATACCGTCCATAGTCCC,0,1610896
galSp,0.25,3,3,GGATTTTTCACGTTGCCAGT,0,1603965
galSp,0.25,3,3,GGATAAGAGTGCTCATTTAG,0,1614459
galSp,0.25,3,3,GGAGGTAGAGAACAGGGGAG,0,1603354
galSp,0.25,3,3,GGAGGAAGTGTGAAATCCTC,0,1608808
galSp,0.25,3,3,GGAGCGGGATCGGTCGCCAA,0,1608339
galSp,0.25,3,3,GGAGCCACATAATTCCAGTA,0,1601872
galSp,0.25,3,3,GGAGAATATCGCTCGGGATC,0,1607918
galSp,0.25,3,3,GGACTGGACGTATATCTACT,0,1606180
galSp,0.25,3,3,GGACGCGAGCTTCGTGACCT,0,1616625
galSp,0.25,3,3,GGACGACGGAAAACATAAAG,0,1603850
galSp,0.25,3,3,GCTTTTAAATGTAATTGGCA,0,1612471
galSp,0.25,3,3,GCTTAGACTTTAGCACGCAC,0,1598842
galSp,0.25,3,3,GCTGCTCAGTAGTGACTGAA,0,1619659
galSp,0.25,3,3,GCTGATCGTTGGGTCTAGTC,0,1619200
galSp,0.25,3,3,GCTCTAGTGACTCTACGCGT,0,1595460
galSp,0.25,3,3,GCTCGGTTACTAAAGATCAG,0,1603809
galSp,0.25,3,3,GCTATCAAGAAGTACTATCA,0,1617450
galSp,0.25,3,3,GCGTACATATTATGATAGCC,0,1615401
galSp,0.25,3,3,GCGGTATAAACCTGTGTGGC,0,1602994
galSp,0.25,3,3,GCGGGTACAATCTGTGAGGT,0,1618020
galSp,0.25,3,3,GCGGGGCTTCGGCTGGGCCT,0,1620446
galSp,0.25,3,3,GCGATAGTTATCACGACCGT,0,1620363
galSp,0.25,3,3,GCGATAAGGTGAATGTTTTT,0,1603106
galSp,0.25,3,3,GCGAATATAGACCGGTTCAC,0,1612461
galSp,0.25,3,3,GCCTGACCAATGAGGACGAA,0,1597904
galSp,0.25,3,3,GCCTAGGGCTCCAGAAGTTG,0,1610590
galSp,0.25,3,3,GCCGTTGCAAATCGGCGAGC,0,1606635
galSp,0.25,3,3,GCCGTGAAGGCTTCCTTTCC,0,1607702
galSp,0.25,3,3,GCCGCAATCTAGCTCCCGCC,0,1619802
galSp,0.25,3,3,GCCCCTGAGCCCCGAAGTCT,0,1600192
galSp,0.25,3,3,GCCCCCACGCGATTTAGATA,0,1607060
galSp,0.25,3,3,GCCAGTTCAAAGGTCAGCTC,0,1611797
galSp,0.25,3,3,GCCAGCAGCCCTTCGCCGCC,0,1605302
galSp,0.25,3,3,GCATGGCTCCAAGCAACTGG,0,1599257
galSp,0.25,3,3,GCATCTGTCTCTACTTAAGC,0,1602289
galSp,0.25,3,3,GCATCTAGCAATGGGCAAGT,0,1608895
galSp,0.25,3,3,GCATCGGTACTCGAGCCTGC,0,1615031
galSp,0.25,3,3,GCATCGCTGCGTGTCCCGTT,0,1601789
galSp,0.25,3,3,GCAGGTGGATCGGCGCGGCT,0,1609137
galSp,0.25,3,3,GCAGACACATAGGTTGCCGG,0,1620790
galSp,0.25,3,3,GCACGTCCGGCCGCATTTTC,0,1595973
galSp,0.25,3,3,GCACCTTGAGTGGCGTGCGA,0,1614081
galSp,0.25,3,3,GCACAAGGGTCTCGGCCCGT,0,1621032
galSp,0.25,3,3,GCAAGCGGACGTTGTCAATG,0,1598600
galSp,0.25,3,3,GATTGGAATGCCAATGCAGT,0,1600356
galSp,0.25,3,3,GATCGTTGTGTCGTCTTAAC,0,1616627
galSp,0.25,3,3,GATCGGATTGCAGAGTAAGT,0,1601143
galSp,0.25,3,3,GATATCGGGCTAAGCACTAA,0,1618929
galSp,0.25,3,3,GATAATGCGTTTCCGATCCG,0,1611524
galSp,0.25,3,3,GATAACTATGCCGCTAGACG,0,1596352
galSp,0.25,3,3,GAGTGCGTAGAAGTCCGCCT,0,1613078
galSp,0.25,3,3,GAGTCTTTCGGCTCACATTT,0,1607643
galSp,0.25,3,3,GAGGGTTAGCCGAACCGTAT,0,1606919
galSp,0.25,3,3,GAGGAATGCAGCTTGTTTGA,0,1606200
galSp,0.25,3,3,GAGCACGCAGGTCTTGGAGG,0,1614580
galSp,0.25,3,3,GAGATGGTAAGGTTCATCTC,0,1616011
galSp,0.25,3,3,GAGATCGGATGTTCGGTGCA,0,1618608
galSp,0.25,3,3,GAGACATTTTAAGAGATGCT,0,1606594
galSp,0.25,3,3,GACGCAACCGCTCTTACAGT,0,1603130
galSp,0.25,3,3,GACGAGGGATCAAAACGGGT,0,1618098
galSp,0.25,3,3,GACGACGTGCTCTGTCGCCC,0,1595886
galSp,0.25,3,3,GACATGGTCGCACCCACAGT,0,1614934
galSp,0.25,3,3,GAATGACCCAGACCAAGACT,0,1598911
galSp,0.25,3,3,GAATAAGTATGCTGCCGGGT,0,1595259
galSp,0.25,3,3,GAAGAAACGATCTAGCGATT,0,1617798
galSp,0.25,3,3,GAACTATCGTGTGTCGAGTA,0,1619077
galSp,0.25,3,3,GAAATAGTAGCATCGACACT,0,1602817
galSp,0.25,3,3,CTTGTTACAAGCTGTGCAAA,0,1619005
galSp,0.25,3,3,CTTGTGGCAGACCCACAGAG,0,1611739
galSp,0.25,3,3,CTTGGTACAGTAGTATAATA,0,1599034
galSp,0.25,3,3,CTTGCGTACAAAGACCCGCG,0,1604879
galSp,0.25,3,3,CTGTATTACATACGAACATT,0,1621342
galSp,0.25,3,3,CTGTAGTCAGATGAACTTTA,0,1602427
galSp,0.25,3,3,CTGTAGAGCCAAAAGCGTAA,0,1602908
galSp,0.25,3,3,CTGGCTCTTCACACGAATGC,0,1606973
galSp,0.25,3,3,CTGGCCCGCGGCTGTCCGTT,0,1618945
galSp,0.25,3,3,CTGCTGGCCCCTCAGTGTAG,0,1611565
galSp,0.25,3,3,CTGCGTCAGTCGGCTCGTTT,0,1616849
galSp,0.25,3,3,CTGCGAAGTACATGACCTAC,0,1599801
galSp,0.25,3,3,CTGCCTGTTAAGATATTAAT,0,1600040
galSp,0.25,3,3,CTGATCGAATAACCGGCCCT,0,1599806
galSp,0.25,3,3,CTGATAGTGCGAACGAGAGT,0,1602821
galSp,0.25,3,3,CTGACTAAAGCAACGGCTGA,0,1601458
galSp,0.25,3,3,CTGAACCGTGGGGCTACAGT,0,1601952
galSp,0.25,3,3,CTCTCGCGAGAAGAAGCTCC,0,1614323
galSp,0.25,3,3,CTCCGTCAGCAGGGGGCAAA,0,1619141
galSp,0.25,3,3,CTATCCAGGTACTAGGCCGA,0,1604840
galSp,0.25,3,3,CTAGTCAGAGGACGACAGGT,0,1615711
galSp,0.25,3,3,CTAGGCCCTTCCTTCTCATG,0,1603368
galSp,0.25,3,3,CTAGAATGCGATTGACGTCT,0,1616181
galSp,0.25,3,3,CTACGGAGGCCCCTGCGCGG,0,1608513
galSp,0.25,3,3,CTAAGGGCTCGGCCCTCGCA,0,1601463
galSp,0.25,3,3,CGTTGCCATCTACCTACGGG,0,1610165
galSp,0.25,3,3,CGTTCGAGTCATTGTTAAAA,0,1604298
galSp,0.25,3,3,CGTTACAGGTGCACGCACAC,0,1602545
galSp,0.25,3,3,CGTCACGTTGGCCATTTACT,0,1620071
galSp,0.25,3,3,CGGTTCTTATATCAGAAGCG,0,1596846
galSp,0.25,3,3,CGGGTCTTAACGCTTTGGTA,0,1596574
galSp,0.25,3,3,CGGCACGAAGGCGGAGAGAC,0,1616933
galSp,0.25,3,3,CGGACGTCGCCGGGGCAATC,0,1596577
galSp,0.25,3,3,CGGAATCGCGTTGCGTTAGT,0,1610525
galSp,0.25,3,3,CGGAAGACTAGAGGGCGGAC,0,1618656
galSp,0.25,3,3,CGCTTGTAACGCGTGAATTA,0,1621219
galSp,0.25,3,3,CGCTGGCCGATGGGAGGGTA,0,1609424
galSp,0.25,3,3,CGCTCCGGTATAGAGTAGAA,0,1602826
galSp,0.25,3,3,CGCTCCGATGGTTCTCCGTT,0,1604371
galSp,0.25,3,3,CGCTATTTGAATACGTCCTC,0,1611058
galSp,0.25,3,3,CGCTAGTTGCGAAAAGATGT,0,1603597
galSp,0.25,3,3,CGCGTTGGCCCGGCGCTAGC,0,1620998
galSp,0.25,3,3,CGCGTCTAAATTTTGCCCTG,0,1609603
galSp,0.25,3,3,CGCGGCGACCACGCTCAGGT,0,1613482
galSp,0.25,3,3,CGCCTCATCTTCCGTCCCAT,0,1605551
galSp,0.25,3,3,CGCCGCTGCGCTACGTATAA,0,1602074
galSp,0.25,3,3,CGCCAAGCCTACTGGGTCGG,0,1612592
galSp,0.25,3,3,CGCAATGTTACCCCTGTTGA,0,1600834
galSp,0.25,3,3,CGCAAAGGCGTTGAAGATCG,0,1597444
galSp,0.25,3,3,CGAGCGGGTAGTTGATGTTT,0,1603021
galSp,0.25,3,3,CGACCTTGAATTCCCAGCGC,0,1614754
galSp,0.25,3,3,CGAAATTTCCGCGTCAACGA,0,1595701
galSp,0.25,3,3,CCTTTGATCCATCTTAATTC,0,1598778
galSp,0.25,3,3,CCTTGTGCTGGGAGTAATCA,0,1607780
galSp,0.25,3,3,CCTTGACATACAATCGTGTA,0,1613814
galSp,0.25,3,3,CCTTAATAGTGGCCTGTATT,0,1609928
galSp,0.25,3,3,CCTGCTGCGTTTTTGTTCGT,0,1604859
galSp,0.25,3,3,CCTGATGGGTCGCTGACATG,0,1605338
galSp,0.25,3,3,CCTCGTAGTTGCGACCGTAG,0,1600165
galSp,0.25,3,3,CCTCGGGAGTACCGACTGTT,0,1606375
galSp,0.25,3,3,CCTCCCCCCTACGTGCTATT,0,1603147
galSp,0.25,3,3,CCTAGCTGTCACAACAAATA,0,1620798
galSp,0.25,3,3,CCTAGATATTGACCGTGAGT,0,1607300
galSp,0.25,3,3,CCTAGAACTCTCACTGATCA,0,1611597
galSp,0.25,3,3,CCGTTCTTTGTTTCGAAGAT,0,1598443
galSp,0.25,3,3,CCGGATACTGCCGTGTATCA,0,1611026
galSp,0.25,3,3,CCGCGACCGGTGGCTTGTCC,0,1596287
galSp,0.25,3,3,CCGAGTATGTATCATCCTAG,0,1610868
galSp,0.25,3,3,CCGAAAGCTTGAATCCCATA,0,1609230
galSp,0.25,3,3,CCCTCGATTGGAACGACCTA,0,1597791
galSp,0.25,3,3,CCCGTAGGGGCATACCTTCC,0,1597578
galSp,0.25,3,3,CCCGGCGTAAGGCACAGCAT,0,1607909
galSp,0.25,3,3,CCCCCCGAAATACCTCCTAG,0,1611697
galSp,0.25,3,3,CCCCATGAGCCGGATTATTG,0,1620810
galSp,0.25,3,3,CCATGGTGCACCAGCCACTT,0,1619986
galSp,0.25,3,3,CCACTCAGGGGCGTGGGGCA,0,1600531
galSp,0.25,3,3,CCACGTTTTATAAGTAGCGA,0,1619803
galSp,0.25,3,3,CCACGGCCCCTTTTACGTCT,0,1609655
galSp,0.25,3,3,CCACGCATCACGGAGGAGGC,0,1615558
galSp,0.25,3,3,CCACGACGGCCAAGTCGGGA,0,1616760
galSp,0.25,3,3,CCACGAATATTCGTCCTCAC,0,1598678
galSp,0.25,3,3,CCACACCTCTTTTCCGCTGG,0,1599167
galSp,0.25,3,3,CCAACTATCCCGCATAACCA,0,1606477
galSp,0.25,3,3,CATTTTGCTGAAAGACTTTG,0,1616236
galSp,0.25,3,3,CATCCTAACATCGTGGTGTG,0,1617914
galSp,0.25,3,3,CATCCGAACTCCAGCACAGA,0,1595741
galSp,0.25,3,3,CAGTCCAGTCTAGAGGACCT,0,1615149
galSp,0.25,3,3,CAGTCAATCCCCCGCCCAGG,0,1599842
galSp,0.25,3,3,CAGGGGAAACTTACCATGCA,0,1613830
galSp,0.25,3,3,CAGGGATCATGTCCGCTGGA,0,1618611
galSp,0.25,3,3,CAGGCGTCAGACCAGAAGTT,0,1603433
galSp,0.25,3,3,CAGGACTGAGGACACCAGCC,0,1610540
galSp,0.25,3,3,CAGCGTATCGAGAGGTTGGA,0,1617856
galSp,0.25,3,3,CAGAGCTCGTCGTTTCTATG,0,1611290
galSp,0.25,3,3,CAGAGATTCCCAAACCGAGT,0,1615483
galSp,0.25,3,3,CAGACGGCAGACCGGTGGCG,0,1606383
galSp,0.25,3,3,CACTTTAACGTTCGGTAGAC,0,1613797
galSp,0.25,3,3,CACTGTTGTCCAACGTTTCG,0,1605282
galSp,0.25,3,3,CACGGTATTATCGTTTACGT,0,1601412
galSp,0.25,3,3,CACGGAGATTTGGTACAAGT,0,1607226
galSp,0.25,3,3,CACGCTTGTCGGTTGTAGTG,0,1618144
galSp,0.25,3,3,CACGCTTGGAATGCTGAGGA,0,1596658
galSp,0.25,3,3,CACGAGGCGTGTGGCACGTC,0,1600054
galSp,0.25,3,3,CACCCTTCCCATTGTGGATT,0,1617139
galSp,0.25,3,3,CACATGGGTGGCTGACCGGT,0,1618684
galSp,0.25,3,3,CACAAAAGAGGTCGTTTTAT,0,1609616
galSp,0.25,3,3,CAATCGCTCAAAAGCTAGAA,0,1620453
galSp,0.25,3,3,CAAGGTTTAATGATTAATTA,0,1614804
galSp,0.25,3,3,CAAGGAATGCATGCTCTGCG,0,1610098
galSp,0.25,3,3,CAAGCTTCTATATTTAGTGT,0,1617748
galSp,0.25,3,3,CAACGACAGGCAAGCTCTTA,0,1620686
galSp,0.25,3,3,CAACATGCTCGGGTCTGTAG,0,1612718
galSp,0.25,3,3,CAACAGAACTGGCCCCCGAG,0,1599761
galSp,0.25,3,3,CAAAGGAAACTACCAATGTG,0,1606138
galSp,0.25,3,3,CAAAGACTTCGGATAAATCA,0,1599834
galSp,0.25,3,3,ATTTACAAAGTCACCCGTGA,0,1610955
galSp,0.25,3,3,ATTGTGAGTTCGGTACAATG,0,1613585
galSp,0.25,3,3,ATTGGTATGTAGTTGAAAAA,0,1613444
galSp,0.25,3,3,ATTGAGTAACTTCACGCGGT,0,1617784
galSp,0.25,3,3,ATTCATGCGGAGCCAGGCTA,0,1619827
galSp,0.25,3,3,ATTCAGGCCAGACTCTTCGT,0,1620547
galSp,0.25,3,3,ATTCACGCACTGGATCGAAC,0,1604069
galSp,0.25,3,3,ATGTCTTGCCCGTCCGCCAC,0,1597155
galSp,0.25,3,3,ATGTACCTTATGCTGTAAAT,0,1610904
galSp,0.25,3,3,ATGGTTTCATCCGACGTATT,0,1610332
galSp,0.25,3,3,ATGGGTGAACCTTATTCTGA,0,1617241
galSp,0.25,3,3,ATGGGTACCGCACGCAGTAC,0,1610839
galSp,0.25,3,3,ATGCGTGGGAGTCAGCGATC,0,1599427
galSp,0.25,3,3,ATGCGTAGTTATCCCTCCTT,0,1615161
galSp,0.25,3,3,ATGCACATTCTTTCCTTACA,0,1597891
galSp,0.25,3,3,ATGATATTGTGACAATGATC,0,1601310
galSp,0.25,3,3,ATGAGTTATTAAATCTGTAA,0,1597111
galSp,0.25,3,3,ATCGCCAAACGGCCCGACCA,0,1620858
galSp,0.25,3,3,ATCCTCTAGGTTTAACTGAA,0,1596019
galSp,0.25,3,3,ATCCCCTGTCTCACGGGGCA,0,1614725
galSp,0.25,3,3,ATCCCCGAATTCATTGGCCT,0,1621405
galSp,0.25,3,3,ATCCACAGGGGTTACGCAGG,0,1599015
galSp,0.25,3,3,ATCACTCTCCTCATCTAAAG,0,1605571
galSp,0.25,3,3,ATCACGAGAATATGGTATGA,0,1614066
galSp,0.25,3,3,ATCACACAAATAGGTTGATG,0,1619868
galSp,0.25,3,3,ATATACGTAGCAGTACCCCG,0,1614661
galSp,0.25,3,3,ATATACAAGCGCCGTTACTC,0,1613508
galSp,0.25,3,3,ATAGGGGGAGACCAGTCCAG,0,1607229
galSp,0.25,3,3,ATAGCTATCAAGGGATACTT,0,1612694
galSp,0.25,3,3,ATAGACGCTTCGTTTTATCC,0,1604532
galSp,0.25,3,3,ATAGAAGAGATCAGTACGAA,0,1614488
galSp,0.25,3,3,ATAATTGGTGCGGTGTCGAG,0,1614205
galSp,0.25,3,3,ATAATGAGCGGGCTATTGAA,0,1614229
galSp,0.25,3,3,ATAAGGGTCGAGCGCTTCCA,0,1610164
galSp,0.25,3,3,AGTTGACTAGGTCGATAAAA,0,1619767
galSp,0.25,3,3,AGTTGACGACTCTACCGAAG,0,1611286
galSp,0.25,3,3,AGTGTATCGCACGTAGTCTG,0,1605285
galSp,0.25,3,3,AGTGGTTATTTTAACGCCAA,0,1603101
galSp,0.25,3,3,AGTCTAGGCCCGTGGACCCC,0,1600480
galSp,0.25,3,3,AGTCGAGATCGTTACAAGCC,0,1601838
galSp,0.25,3,3,AGGTTAGACCACAACGCTTC,0,1604602
galSp,0.25,3,3,AGGTGGAAGCATGAATTAAG,0,1603775
galSp,0.25,3,3,AGGGGTTTTTTCACCTGGTA,0,1597898
galSp,0.25,3,3,AGGGACGAACTCGAGCATGG,0,1601787
galSp,0.25,3,3,AGGAAAAATTTAGACACATA,0,1603953
galSp,0.25,3,3,AGCTGAAACTTGACGTGATC,0,1621224
galSp,0.25,3,3,AGCTCGACGAACTAGGTTTG,0,1600614
galSp,0.25,3,3,AGCTCAGGTCCTAGATCGAT,0,1612796
galSp,0.25,3,3,AGCTAGCTACATACCCAAGT,0,1600111
galSp,0.25,3,3,AGCGTCAACCGTAAGGCACC,0,1617298
galSp,0.25,3,3,AGCGCTAATGTGATAAGTGT,0,1603582
galSp,0.25,3,3,AGCATAAGCGTCCGCGCCGT,0,1621368
galSp,0.25,3,3,AGCAGGCGGACACCAATGCT,0,1599430
galSp,0.25,3,3,AGCAGATACGTCATTTCGGG,0,1604903
galSp,0.25,3,3,AGAGGGTATGTACCTCAACG,0,1617049
galSp,0.25,3,3,AGAGGGCGGATGCAAGGGCG,0,1612801
galSp,0.25,3,3,AGAGCGATGGCGTGGCGCAA,0,1609604
galSp,0.25,3,3,AGAACTTCGTATGAGTGGTT,0,1617408
galSp,0.25,3,3,AGAAACCTAAAAAGGACCGA,0,1604087
galSp,0.25,3,3,ACTTTTTCACTCATGGCTGC,0,1595424
galSp,0.25,3,3,ACTTTTGGAACCTTGGTTTA,0,1619543
galSp,0.25,3,3,ACTTTTCCAAATCAGGGAAG,0,1614826
galSp,0.25,3,3,ACTTCAGACGGCACCACTCT,0,1603252
galSp,0.25,3,3,ACTTATACTGACTGATACGG,0,1614573
galSp,0.25,3,3,ACTGGTACCCACACTCATTC,0,1610759
galSp,0.25,3,3,ACTCGCGGGTGGATTCGCCG,0,1614600
galSp,0.25,3,3,ACGTGCCACTCGTAGCCCAG,0,1618741
galSp,0.25,3,3,ACGTACGCAGTTGGTGGGAG,0,1614392
galSp,0.25,3,3,ACGGGATGGCCTCGGGATAC,0,1611289
galSp,0.25,3,3,ACGCCTTGTGAAAGGATCTG,0,1597365
galSp,0.25,3,3,ACGACAGTTACGCCTTCCAA,0,1620231
galSp,0.25,3,3,ACCTTATGGAATACCTCGCA,0,1606261
galSp,0.25,3,3,ACCGTGAACTTCGTCCGTCA,0,1598777
galSp,0.25,3,3,ACCGAGGCCTACTGGCCACT,0,1611407
galSp,0.25,3,3,ACCATTCGGGTTGGGACAGT,0,1604315
galSp,0.25,3,3,ACCAGGCCATAAGCTTATTA,0,1601894
galSp,0.25,3,3,ACCAAATTGTGGCAAGCATA,0,1596546
galSp,0.25,3,3,ACATGGGCAGCTTTGGGCAG,0,1608631
galSp,0.25,3,3,ACATCCTGGGACTGTATTTC,0,1614557
galSp,0.25,3,3,ACAGTACCGGCAGGATATAC,0,1611719
galSp,0.25,3,3,ACAGGTTGCTGTTACGATTG,0,1596088
galSp,0.25,3,3,ACAGCGTGCACATTCCACAG,0,1619581
galSp,0.25,3,3,ACAATTGATCCTCACTCCAA,0,1600194
galSp,0.25,3,3,ACAATTCTATAATGGCGGTG,0,1601590
galSp,0.25,3,3,ACAACAATATAGGCCGGATT,0,1609664
galSp,0.25,3,3,ACAAATACGACGACTAGAGG,0,1615451
galSp,0.25,3,3,AATTTATATAAAAAGCAGCG,0,1609262
galSp,0.25,3,3,AATGGTACTCTCCCGATAGA,0,1608571
galSp,0.25,3,3,AATGGGGATTAACTCATAGT,0,1605107
galSp,0.25,3,3,AATGGCTAACCATCTCTATT,0,1604928
galSp,0.25,3,3,AATCTATGTACGGAGGCATT,0,1603975
galSp,0.25,3,3,AATCGCGTCGTGTTACTTTG,0,1621260
galSp,0.25,3,3,AATCGAGTGCCACCGTGCGT,0,1612611
galSp,0.25,3,3,AATCCGAAACAATTTTCCAT,0,1612732
galSp,0.25,3,3,AATACGGAGCCCCCGTACAG,0,1601788
galSp,0.25,3,3,AAGTTCTGAATCATCCACGT,0,1614584
galSp,0.25,3,3,AAGGCATTCTAATAGTAAAA,0,1600476
galSp,0.25,3,3,AAGCGGGTGCGGATTAGCTC,0,1608981
galSp,0.25,3,3,AAGCGCATACTTTAGAGATA,0,1619055
galSp,0.25,3,3,AACTGGTGGATCAGCCAGTG,0,1596061
galSp,0.25,3,3,AACTATTGTTAGCGGAAGAC,0,1618046
galSp,0.25,3,3,AACCTAATCGCACAACGATC,0,1604080
galSp,0.25,3,3,AACCGATAGTGTTTCGCGCA,0,1610707
galSp,0.25,3,3,AACCACTACAGAGGCGTGTT,0,1601996
galSp,0.25,3,3,AACAACCTACTGGTAGGCTG,0,1609765
galSp,0.25,3,3,AAATGAGTTCTAATGATCAG,0,1616870
galSp,0.25,3,3,AAATCCTAATGATCTAGAAT,0,1613778
galSp,0.25,3,3,AAATAGAGACCAGAAGGAAT,0,1612338
galSp,0.25,3,3,AAAGTAGCTGCTGGATATGC,0,1608954
galSp,0.25,3,3,AAACCCGCCGGTTCTAAATG,0,1605218
galSp,0.25,3,3,AAACCATTCAGCGTGTGGCC,0,1620359
galSp,0.25,3,3,AAAATGCTCGTAGCGAATGA,0,1619524
galSp,0.25,3,3,AAAAGTGAAACTACACCCCC,0,1601967
galSp,0.25,3,3,AAAAGATTAGACTCTCACTC,0,1619478
galSp,0.25,3,3,AAAACACTTCGTACAGGCAT,0,1610935
galSp,0.25,3,3,AAAAATAAGTTGCATACAAA,0,1596398
galSp,0.3333333333333333,2,2,TTTTGCGTAGTACAAGCAAG,0,1601329
galSp,0.3333333333333333,2,2,TTTTCAAATTGCCTAGCTTC,0,1603693
galSp,0.3333333333333333,2,2,TTTGAATCACTTCACCGGTA,0,1620722
galSp,0.3333333333333333,2,2,TTTCTCGACCAGCCTGCACG,0,1616271
galSp,0.3333333333333333,2,2,TTTCGTCTCTTAGTCAACAG,0,1617806
galSp,0.3333333333333333,2,2,TTTCGGTCTGGGTCCGTAAT,0,1600912
galSp,0.3333333333333333,2,2,TTTCGACAAATTGATGTTCT,0,1611114
galSp,0.3333333333333333,2,2,TTTCCTGTGGAATTGCTCGC,0,1610102
galSp,0.3333333333333333,2,2,TTTCAGTACTGAGTTCGACA,0,1613084
galSp,0.3333333333333333,2,2,TTTCACGACATACGCGTTGA,0,1607116
galSp,0.3333333333333333,2,2,TTTAATGGGACTATCGCAGG,0,1607301
galSp,0.3333333333333333,2,2,TTTAAATCCTTAAAGTTCAC,0,1617649
galSp,0.3333333333333333,2,2,TTGTTTATAAGTTCTTGACC,0,1599839
galSp,0.3333333333333333,2,2,TTGTGCGTGAATTCACCATG,0,1607662
galSp,0.3333333333333333,2,2,TTGTCCTGTGGCCGCTACTG,0,1618979
galSp,0.3333333333333333,2,2,TTGGATGGATCAGCCATCAG,0,1609211
galSp,0.3333333333333333,2,2,TTGCTTTTAGATAACGGACT,0,1598526
galSp,0.3333333333333333,2,2,TTGCTGTTCGTAGGAGTTCT,0,1605041
galSp,0.3333333333333333,2,2,TTGCGAATAGTCGCGCAAGG,0,1615327
galSp,0.3333333333333333,2,2,TTGATGTTGTCCGTAAATTA,0,1611790
galSp,0.3333333333333333,2,2,TTGACTGTGCCCCGCCGGCT,0,1613553
galSp,0.3333333333333333,2,2,TTGACAAGGGCTGCCTGCGT,0,1615052
galSp,0.3333333333333333,2,2,TTCTTTATGCCCGAGTCCAC,0,1616939
galSp,0.3333333333333333,2,2,TTCTGTTTCCGAGTCCGATA,0,1612261
galSp,0.3333333333333333,2,2,TTCGAGTAACTGCAAAAACA,0,1606053
galSp,0.3333333333333333,2,2,TTCGACATGTATTGTCTCGT,0,1597559
galSp,0.3333333333333333,2,2,TTCCTTAGCCGCGACCGTGA,0,1616733
galSp,0.3333333333333333,2,2,TTCCAGGACAGTGGCAGTTT,0,1615594
galSp,0.3333333333333333,2,2,TTCCACGCATCCAAGGAAAG,0,1597539
galSp,0.3333333333333333,2,2,TTCAATGTTTTGGGAACATT,0,1620394
galSp,0.3333333333333333,2,2,TTATTTGATGCAGGGGCTGC,0,1613233
galSp,0.3333333333333333,2,2,TTATTACAATGCTGTGGTGA,0,1608128
galSp,0.3333333333333333,2,2,TTATGTACCTGGCCCATGTA,0,1608484
galSp,0.3333333333333333,2,2,TTATGCAGCCCAGTTATTTT,0,1609835
galSp,0.3333333333333333,2,2,TTAGTGCTTAAGGCAGGCGG,0,1613874
galSp,0.3333333333333333,2,2,TTAGGCCTTCCGACAGGGTT,0,1607688
galSp,0.3333333333333333,2,2,TTAGACTCCTACCCCGGCCA,0,1596829
galSp,0.3333333333333333,2,2,TTAGAAGCCGGGTAAGCGAT,0,1597244
galSp,0.3333333333333333,2,2,TTACGGCCGCTGGGTAATAA,0,1608933
galSp,0.3333333333333333,2,2,TTACCCTGCGCAGTATGTCA,0,1616497
galSp,0.3333333333333333,2,2,TTAAGATTAGAAGCGTCGTA,0,1603718
galSp,0.3333333333333333,2,2,TTAACACATAGTCCTATGTT,0,1615422
galSp,0.3333333333333333,2,2,TTAAATTCCTGGCCCACCTG,0,1607012
galSp,0.3333333333333333,2,2,TTAAATGGGTTTGGCTCAGT,0,1617189
galSp,0.3333333333333333,2,2,TTAAAGGGTCATAACAGATG,0,1618489
galSp,0.3333333333333333,2,2,TTAAACGGCAGTAGCGAGAT,0,1610424
galSp,0.3333333333333333,2,2,TGTTTTGACTAATGAATGTT,0,1610662
galSp,0.3333333333333333,2,2,TGTTCCTAAAGTTAAGAAGC,0,1608764
galSp,0.3333333333333333,2,2,TGTGTTGTAAATCTAGTTAA,0,1611798
galSp,0.3333333333333333,2,2,TGTGCGCGTGCGTGGCAATA,0,1601021
galSp,0.3333333333333333,2,2,TGTGACTATAACAAGACAAT,0,1609519
galSp,0.3333333333333333,2,2,TGTCAGCCTCAAGTGTCCTA,0,1609920
galSp,0.3333333333333333,2,2,TGGTTTCCGTTTAATTCTCT,0,1599239
galSp,0.3333333333333333,2,2,TGGTTTCCATGGGGTTTAAC,0,1611661
galSp,0.3333333333333333,2,2,TGGTGTACTGTCAGCGGTAG,0,1602010
galSp,0.3333333333333333,2,2,TGGTGGAAGTGGGTAAAAGC,0,1621363
galSp,0.3333333333333333,2,2,TGGGTTAGACTATGTCAAGA,0,1618759
galSp,0.3333333333333333,2,2,TGGGTGCCAGGGAAAGGTAT,0,1607608
galSp,0.3333333333333333,2,2,TGGGGGCATGTCTGAATGTC,0,1616828
galSp,0.3333333333333333,2,2,TGGGGATTCTCCTATGCGGC,0,1616012
galSp,0.3333333333333333,2,2,TGGCTTTGGGAACTTCTGAT,0,1612690
galSp,0.3333333333333333,2,2,TGGCGAAGAAAGGGATCGAA,0,1611453
galSp,0.3333333333333333,2,2,TGGCAAGGAGGCGCCCATTC,0,1613292
galSp,0.3333333333333333,2,2,TGGATTTGATGACTCAGGTC,0,1613474
galSp,0.3333333333333333,2,2,TGGATTCGGCCTCTGTTCGT,0,1616955
galSp,0.3333333333333333,2,2,TGGAGTCTTACATTCCAGGC,0,1605025
galSp,0.3333333333333333,2,2,TGGAGCTGGTTAACACAACG,0,1595469
galSp,0.3333333333333333,2,2,TGGACGTGCAGACTGACTTC,0,1608649
galSp,0.3333333333333333,2,2,TGGACCGATACCGCTCAGTA,0,1614108
galSp,0.3333333333333333,2,2,TGCTGATGCCGGTTGTGACA,0,1609290
galSp,0.3333333333333333,2,2,TGCTGAATGGAAAGTGGAGT,0,1608146
galSp,0.3333333333333333,2,2,TGCTCCAGATAAGGCGGGTT,0,1619010
galSp,0.3333333333333333,2,2,TGCTATTATTCAATTCTACA,0,1601136
galSp,0.3333333333333333,2,2,TGCGGCTACGCGCGGAAACC,0,1596371
galSp,0.3333333333333333,2,2,TGCGGACTGTTGGTCCTGAC,0,1618002
galSp,0.3333333333333333,2,2,TGCGAAGCTCTATTCAATGG,0,1616835
galSp,0.3333333333333333,2,2,TGCCTGTATCATTATTTAGT,0,1596950
galSp,0.3333333333333333,2,2,TGCCGAAGCACATGTGAGTA,0,1613607
galSp,0.3333333333333333,2,2,TGCCCCTCGCCTCCACAAGT,0,1606366
galSp,0.3333333333333333,2,2,TGCCAGTGGCAATATCTACG,0,1603303
galSp,0.3333333333333333,2,2,TGCACCACTAAGAAACGTTT,0,1614544
galSp,0.3333333333333333,2,2,TGCAAGACGGTATTTACCTT,0,1615555
galSp,0.3333333333333333,2,2,TGATCCGAAGCCTGCCGTTC,0,1600938
galSp,0.3333333333333333,2,2,TGACTTCGGACTACAGGCGC,0,1614098
galSp,0.3333333333333333,2,2,TGACCTCTGCTTTGGCGACG,0,1606500
galSp,0.3333333333333333,2,2,TGAATGTTGGGCTGTAAGAC,0,1615768
galSp,0.3333333333333333,2,2,TGAAAATCTGGTTCCAGAGC,0,1608506
galSp,0.3333333333333333,2,2,TCTTGGCCGACGCTACCTAG,0,1607292
galSp,0.3333333333333333,2,2,TCTGTATTACGAAAATGCGA,0,1606232
galSp,0.3333333333333333,2,2,TCTGGCTAACAATGGCCAGG,0,1604190
galSp,0.3333333333333333,2,2,TCTGGCCCCTCAAGATGCTG,0,1612299
galSp,0.3333333333333333,2,2,TCTGCTTATTCTAGTGCGTA,0,1605567
galSp,0.3333333333333333,2,2,TCTGAGCTAGGTGTTCACAG,0,1606974
galSp,0.3333333333333333,2,2,TCTCGCCACTTTATGATGGG,0,1617677
galSp,0.3333333333333333,2,2,TCTCACTAAGTTTGAAAATT,0,1612668
galSp,0.3333333333333333,2,2,TCTAGGTCTCACCGAGTTAG,0,1597814
galSp,0.3333333333333333,2,2,TCTAGGGATTACGACCACTA,0,1606640
galSp,0.3333333333333333,2,2,TCGTTACGTATGCAAATACA,0,1619043
galSp,0.3333333333333333,2,2,TCGTTAAGCAATCGTCGATA,0,1596860
galSp,0.3333333333333333,2,2,TCGTCGCGGGTCTACTACTA,0,1595768
galSp,0.3333333333333333,2,2,TCGTAGATAATCGTCGGAGC,0,1610051
galSp,0.3333333333333333,2,2,TCGTAAGGGGGACGTTGACA,0,1618071
galSp,0.3333333333333333,2,2,TCGGCTGTACATCTACCTAG,0,1600159
galSp,0.3333333333333333,2,2,TCGGACGCATGTCTCTACAC,0,1616753
galSp,0.3333333333333333,2,2,TCGCAAGACATACCCTTAGC,0,1596454
galSp,0.3333333333333333,2,2,TCGATGCCCAACAGCACCAC,0,1616200
galSp,0.3333333333333333,2,2,TCGAACTCTGCAGCCGTTTA,0,1600151
galSp,0.3333333333333333,2,2,TCCTTCGGATGATACGTGTA,0,1604497
galSp,0.3333333333333333,2,2,TCCTGTGGGGGGAGCGGTGC,0,1611191
galSp,0.3333333333333333,2,2,TCCTCTGTTAGGAGACAGGT,0,1611018
galSp,0.3333333333333333,2,2,TCCTCACTGTCATCGGTGGC,0,1611105
galSp,0.3333333333333333,2,2,TCCCCTATTACTGGACACTT,0,1611826
galSp,0.3333333333333333,2,2,TCCATTTATCTGTGGAGTTG,0,1614375
galSp,0.3333333333333333,2,2,TCATTATACACTAGCCCGAG,0,1617840
galSp,0.3333333333333333,2,2,TCATGGCGTGGTGTTTCGGT,0,1600180
galSp,0.3333333333333333,2,2,TCAGAGCGTGTACATCATGA,0,1600862
galSp,0.3333333333333333,2,2,TCACTTTTACGTGCACGGAT,0,1613810
galSp,0.3333333333333333,2,2,TCAAGTATCCCTTAAGGCAG,0,1598985
galSp,0.3333333333333333,2,2,TCAACTCAGGTCTTTAGTCC,0,1597628
galSp,0.3333333333333333,2,2,TCAACAGATGCGTCTCCAAC,0,1596537
galSp,0.3333333333333333,2,2,TCAAAATTTTCTTGGATGAA,0,1602267
galSp,0.3333333333333333,2,2,TATTGCCTGTAGAGTCACTG,0,1613439
galSp,0.3333333333333333,2,2,TATTCGTGGAGGCTGCATAA,0,1608156
galSp,0.3333333333333333,2,2,TATTATTTTTGGTCATGCAA,0,1613358
galSp,0.3333333333333333,2,2,TATGTTTGCTGCTATCTATT,0,1618379
galSp,0.3333333333333333,2,2,TATGCTGTCTTTCGTACAAG,0,1617762
galSp,0.3333333333333333,2,2,TATCAAGGTTAAAATCGTCC,0,1595712
galSp,0.3333333333333333,2,2,TATATGATGCTTAGGTGAGT,0,1614618
galSp,0.3333333333333333,2,2,TATATCGACTGCATACCCTT,0,1596440
galSp,0.3333333333333333,2,2,TATAGCGCAAGATGAGCAGT,0,1618050
galSp,0.3333333333333333,2,2,TATAGACGGAACTGAGCGCA,0,1615409
galSp,0.3333333333333333,2,2,TATACAGTATCAATATAGAA,0,1613647
galSp,0.3333333333333333,2,2,TATAATCATGCTTGGGTTTG,0,1613667
galSp,0.3333333333333333,2,2,TAGGTGCGTCCTTAGCTGAC,0,1613946
galSp,0.3333333333333333,2,2,TAGGCTGATTAAATCCATCG,0,1606509
galSp,0.3333333333333333,2,2,TAGCTTCTGGAATCGCGGGC,0,1595532
galSp,0.3333333333333333,2,2,TAGCCTTATGTTATTCCTTT,0,1614801
galSp,0.3333333333333333,2,2,TAGCACTGTGCATTGGGGAT,0,1607674
galSp,0.3333333333333333,2,2,TAGAGTGGTGTCGGGGGTTT,0,1595672
galSp,0.3333333333333333,2,2,TAGAAGCCGCTGTATTACTT,0,1597229
galSp,0.3333333333333333,2,2,TACTTATGATGATTGGGACA,0,1595665
galSp,0.3333333333333333,2,2,TACTGGCTCAGGAATCGAAA,0,1603944
galSp,0.3333333333333333,2,2,TACTGCCTTGCTACGCTATA,0,1614874
galSp,0.3333333333333333,2,2,TACTATCGTATCCAAAAGCA,0,1618469
galSp,0.3333333333333333,2,2,TACTATATTCGGTTCAGTTA,0,1603473
galSp,0.3333333333333333,2,2,TACGTTTCTAGGTTCGGAGT,0,1618102
galSp,0.3333333333333333,2,2,TACGGGGGGGGATGGTGTAT,0,1613132
galSp,0.3333333333333333,2,2,TACGATCTAGCAATAGGGGA,0,1610899
galSp,0.3333333333333333,2,2,TACCGAGTCGTTAGCACGGT,0,1599733
galSp,0.3333333333333333,2,2,TACCAAGTGGAGCCAAGCTG,0,1609416
galSp,0.3333333333333333,2,2,TACATACCACGTCGATTCTA,0,1600900
galSp,0.3333333333333333,2,2,TAATTTATAGGTTTTGCAAA,0,1619781
galSp,0.3333333333333333,2,2,TAATGTGAATAAACTAGCAT,0,1617266
galSp,0.3333333333333333,2,2,TAATAACTAGGATCCAAACC,0,1611567
galSp,0.3333333333333333,2,2,TAAGTCATATTGACTACGTG,0,1615374
galSp,0.3333333333333333,2,2,TAAGGAAGAACTCCCGCATA,0,1617632
galSp,0.3333333333333333,2,2,TAACTCCCTAGCCTTAATCG,0,1610985
galSp,0.3333333333333333,2,2,TAAACTATTCATCGTTTGGA,0,1604226
galSp,0.3333333333333333,2,2,TAAACCCGCGGAATAGTCTT,0,1619657
galSp,0.3333333333333333,2,2,GTTTTGGTAATTATAGATCG,0,1606524
galSp,0.3333333333333333,2,2,GTTTTGGGGCCTCATTATGC,0,1600798
galSp,0.3333333333333333,2,2,GTTTTCTGCTCACATAGTCC,0,1604855
galSp,0.3333333333333333,2,2,GTTTTACCACACTGCCCCCT,0,1599012
galSp,0.3333333333333333,2,2,GTTTGTCCTATATGGGTTTA,0,1609401
galSp,0.3333333333333333,2,2,GTTTCCGCCGTATCGTATGG,0,1599329
galSp,0.3333333333333333,2,2,GTTTATATTTTAGAGGAATT,0,1607622
galSp,0.3333333333333333,2,2,GTTGGTAGACCTTGTTTTAA,0,1598201
galSp,0.3333333333333333,2,2,GTTGGGATGTGAAATAGTGC,0,1600321
galSp,0.3333333333333333,2,2,GTTGCATCACCAGGGTAATA,0,1620199
galSp,0.3333333333333333,2,2,GTTCTAATGGACCCAGCCGC,0,1605837
galSp,0.3333333333333333,2,2,GTTCATGCGGTTTTTACGGA,0,1612095
galSp,0.3333333333333333,2,2,GTTATCGTGTATTCAGTGTG,0,1603450
galSp,0.3333333333333333,2,2,GTGTGTTCTTCCACATCCTT,0,1601656
galSp,0.3333333333333333,2,2,GTGGTTATTATCCTTTTTGT,0,1612086
galSp,0.3333333333333333,2,2,GTGGTGGAGACTTTTTTATA,0,1595889
galSp,0.3333333333333333,2,2,GTGGAGGCCTCATTACGGCG,0,1599762
galSp,0.3333333333333333,2,2,GTGCTGGTCCGAGTCATCTA,0,1615999
galSp,0.3333333333333333,2,2,GTGAGGCTAGGATACACACG,0,1618621
galSp,0.3333333333333333,2,2,GTGAGAGTGTACGAAGGCTC,0,1600385
galSp,0.3333333333333333,2,2,GTGACCTCCGCGAAGCAGGA,0,1606327
galSp,0.3333333333333333,2,2,GTCTTTGCTCAGCGGTCACT,0,1599249
galSp,0.3333333333333333,2,2,GTCTTGAAAGGCGAGTAGCA,0,1602355
galSp,0.3333333333333333,2,2,GTCTGATATCACAAGCGTGT,0,1614304
galSp,0.3333333333333333,2,2,GTCTCTCTTAGGGATACGAA,0,1604846
galSp,0.3333333333333333,2,2,GTCTCGCTGCTTGGGGCGAT,0,1612645
galSp,0.3333333333333333,2,2,GTCGCGGTAGTATTCATGGG,0,1606013
galSp,0.3333333333333333,2,2,GTCGCCCAGCGACCGCCATT,0,1603893
galSp,0.3333333333333333,2,2,GTCCTACGCGGACGGCTCTT,0,1607727
galSp,0.3333333333333333,2,2,GTCCAAGGGAACTACTCAGG,0,1620868
galSp,0.3333333333333333,2,2,GTCCAAGAGTCTTCAATGTC,0,1607199
galSp,0.3333333333333333,2,2,GTCATTCCGACTCCTGTATG,0,1600791
galSp,0.3333333333333333,2,2,GTCATGGGGTTAAGCTGGCG,0,1603263
galSp,0.3333333333333333,2,2,GTCACCGATTACAAGGGTCC,0,1603567
galSp,0.3333333333333333,2,2,GTATACCGGTCCCGGCAATT,0,1599371
galSp,0.3333333333333333,2,2,GTAGAATGATCGCAACTAGC,0,1595999
galSp,0.3333333333333333,2,2,GTAGAAAGGATAAACAGGTC,0,1608253
galSp,0.3333333333333333,2,2,GTACTGGTGTGCCGCAAAGT,0,1603702
galSp,0.3333333333333333,2,2,GTACAATGGGTCGTTTGGCT,0,1602202
galSp,0.3333333333333333,2,2,GTAAAGTGTCGACCCTAATG,0,1599082
galSp,0.3333333333333333,2,2,GTAAACAGGGGCTCGACATC,0,1610527
galSp,0.3333333333333333,2,2,GGTTGGGCCAATAGATGTCG,0,1604995
galSp,0.3333333333333333,2,2,GGTTGCGTTGCACAAAAGTG,0,1614434
galSp,0.3333333333333333,2,2,GGTTACTCTATTTAGGCGAT,0,1611957
galSp,0.3333333333333333,2,2,GGTTACTCGAGGTCGGGTTC,0,1609762
galSp,0.3333333333333333,2,2,GGTGGTGGCGAAAGCTCTTA,0,1618427
galSp,0.3333333333333333,2,2,GGTGGGTATATAGCACGCCA,0,1614033
galSp,0.3333333333333333,2,2,GGTGCTTTGGAGCTGCATAG,0,1595278
galSp,0.3333333333333333,2,2,GGTGCACTACAGTTTTCTGC,0,1606381
galSp,0.3333333333333333,2,2,GGTCGCATTGAGTTGGTAGT,0,1598786
galSp,0.3333333333333333,2,2,GGTCGCAAGTCGGGTCGGGT,0,1608874
galSp,0.3333333333333333,2,2,GGTCCTGGTTACGATAAAAA,0,1601025
galSp,0.3333333333333333,2,2,GGTAGTTGACGCACGGAGAA,0,1597494
galSp,0.3333333333333333,2,2,GGTAGTACATCGGTGTCAAT,0,1596285
galSp,0.3333333333333333,2,2,GGTAGGCTCGTCGGAGGGAA,0,1597653
galSp,0.3333333333333333,2,2,GGTAGCATTATTGCATGTTC,0,1608927
galSp,0.3333333333333333,2,2,GGTACTCTTATGGATGCACG,0,1600985
galSp,0.3333333333333333,2,2,GGTACTCAGACATGACCCAT,0,1603656
galSp,0.3333333333333333,2,2,GGTACAAATGATTAGAAGAA,0,1599773
galSp,0.3333333333333333,2,2,GGGTTTTCTAATAGGAGCGT,0,1604435
galSp,0.3333333333333333,2,2,GGGTGACCGATCTTAACCGC,0,1603882
galSp,0.3333333333333333,2,2,GGGTCTTTGTGATACAGCAG,0,1600760
galSp,0.3333333333333333,2,2,GGGTATGTGGCATTGTCTTT,0,1621043
galSp,0.3333333333333333,2,2,GGGGTGCTGCGTCTTCCGAT,0,1614412
galSp,0.3333333333333333,2,2,GGGGTACTCTAATTCGCTTT,0,1604194
galSp,0.3333333333333333,2,2,GGGGGCGCCAGTGGACCTAT,0,1618104
galSp,0.3333333333333333,2,2,GGGGCGGGAAAACTCGAAGT,0,1600573
galSp,0.3333333333333333,2,2,GGGGATTTACGATCATTCGG,0,1607393
galSp,0.3333333333333333,2,2,GGGGACTTTAACTCATCAGA,0,1614680
galSp,0.3333333333333333,2,2,GGGCTGTTCAAAGACCCTTG,0,1603474
galSp,0.3333333333333333,2,2,GGGCGGTCAGTTGGCTGAGT,0,1610825
galSp,0.3333333333333333,2,2,GGGCCGCAACGCCATGTGTA,0,1615292
galSp,0.3333333333333333,2,2,GGGACTAGACTAGCCTCTTG,0,1601874
galSp,0.3333333333333333,2,2,GGGAAAGAGCGCTGAGTGGC,0,1600762
galSp,0.3333333333333333,2,2,GGCTTGAACTTTAATCCATG,0,1604402
galSp,0.3333333333333333,2,2,GGCTGGGGTTCGCGTTTATC,0,1595927
galSp,0.3333333333333333,2,2,GGCTGCTATTGGTCGAGAAT,0,1616722
galSp,0.3333333333333333,2,2,GGCTGCACTCGTTTCCCAAA,0,1613967
galSp,0.3333333333333333,2,2,GGCTCGGACACTTTAGTGAC,0,1597209
galSp,0.3333333333333333,2,2,GGCTCCAGGATGACCGGGAA,0,1614451
galSp,0.3333333333333333,2,2,GGCGTCAGTCTAGATATCTG,0,1601608
galSp,0.3333333333333333,2,2,GGCAGATTCACGCCGACCAC,0,1617999
galSp,0.3333333333333333,2,2,GGATAGTGAGGCGTGACCCC,0,1611467
galSp,0.3333333333333333,2,2,GGAGCTTGACATTAAATTTG,0,1613457
galSp,0.3333333333333333,2,2,GGACGCGCCCACATATGTAA,0,1610873
galSp,0.3333333333333333,2,2,GGACCCGCGACCTATAAGCA,0,1606669
galSp,0.3333333333333333,2,2,GGACCATGCGGGGTGGCACC,0,1596776
galSp,0.3333333333333333,2,2,GGACAATGAAAGTTCGTTTC,0,1597368
galSp,0.3333333333333333,2,2,GGACAAAACAATAGCGTTTC,0,1613095
galSp,0.3333333333333333,2,2,GGAATGGTCTCCGACGTGAC,0,1618130
galSp,0.3333333333333333,2,2,GGAATCCTCGGGCGCGGGAT,0,1609268
galSp,0.3333333333333333,2,2,GGAAGGGGACTCTGGCGCAC,0,1595884
galSp,0.3333333333333333,2,2,GGAAGGCTAACGGCTGCTTC,0,1605054
galSp,0.3333333333333333,2,2,GGAACACGCTGCGATGCAGC,0,1603305
galSp,0.3333333333333333,2,2,GCTTTACATAGGGACTTTTC,0,1614073
galSp,0.3333333333333333,2,2,GCTTGTTCCCAGATTATCGC,0,1618923
galSp,0.3333333333333333,2,2,GCTTGGACAGGCTTTCGAGA,0,1609685
galSp,0.3333333333333333,2,2,GCTGGGGGGTAACGTACGAA,0,1603154
galSp,0.3333333333333333,2,2,GCTGGCGTCAGCTGACTAGG,0,1615553
galSp,0.3333333333333333,2,2,GCTGCGCTATTCGTGAGACA,0,1611317
galSp,0.3333333333333333,2,2,GCTGCACATGCTCAACCATT,0,1599254
galSp,0.3333333333333333,2,2,GCTCCCCACTCGTAAGAAGC,0,1610831
galSp,0.3333333333333333,2,2,GCTATCTCTCTCGGTTGGGG,0,1604001
galSp,0.3333333333333333,2,2,GCTAGCGGAGTAATATTGTT,0,1605643
galSp,0.3333333333333333,2,2,GCTACCGTCTTGGGCGACTA,0,1607991
galSp,0.3333333333333333,2,2,GCTACCAACCACCACTTTGA,0,1606801
galSp,0.3333333333333333,2,2,GCGTGTTCGCGGAAACTCCA,0,1601211
galSp,0.3333333333333333,2,2,GCGTCACCGGCTCTCTCCAG,0,1612968
galSp,0.3333333333333333,2,2,GCGGTCGTCCTATCCCCAAT,0,1611843
galSp,0.3333333333333333,2,2,GCGGGGTGGGTGGCTTAACC,0,1615521
galSp,0.3333333333333333,2,2,GCGGCACACAATCAGCAGTA,0,1596497
galSp,0.3333333333333333,2,2,GCGGATGATCGCGACTTGTC,0,1601857
galSp,0.3333333333333333,2,2,GCGCTGGTCACAGAAACAAT,0,1604830
galSp,0.3333333333333333,2,2,GCGCCCTATACGAATAAGAT,0,1595946
galSp,0.3333333333333333,2,2,GCGATGTCTCGTGCAACTTA,0,1606734
galSp,0.3333333333333333,2,2,GCGATACCCACAATTCAATA,0,1605190
galSp,0.3333333333333333,2,2,GCGACTACATACGCGTCGGT,0,1601096
galSp,0.3333333333333333,2,2,GCGACGCTATGAGTGCGTCC,0,1608757
galSp,0.3333333333333333,2,2,GCGACCTTCGTCTGCATGGG,0,1618145
galSp,0.3333333333333333,2,2,GCGAACACCGGTTCGAGGAA,0,1610832
galSp,0.3333333333333333,2,2,GCCTTCCCTCAGGTCGCGTG,0,1605373
galSp,0.3333333333333333,2,2,GCCTCTGACAGGTAGTCTGG,0,1603560
galSp,0.3333333333333333,2,2,GCCTCGTCGGTAGTGAGATC,0,1606110
galSp,0.3333333333333333,2,2,GCCTATTTGCGTCCCATAGG,0,1601134
galSp,0.3333333333333333,2,2,GCCTAGATATGCCATTCGAC,0,1604601
galSp,0.3333333333333333,2,2,GCCGGTGGTCACTTCGAGAT,0,1609945
galSp,0.3333333333333333,2,2,GCCATAATGCGCGAGCTAAT,0,1612661
galSp,0.3333333333333333,2,2,GCCACAACTCTACAGACGAT,0,1619989
galSp,0.3333333333333333,2,2,GCATGTTACCACGTGCATCG,0,1611183
galSp,0.3333333333333333,2,2,GCATGTGAGCGCGTACTCGC,0,1603566
galSp,0.3333333333333333,2,2,GCAGTGTGACCACTACACAC,0,1609342
galSp,0.3333333333333333,2,2,GCAGTAGCGGATCCAACGCT,0,1611488
galSp,0.3333333333333333,2,2,GCAGGACAGCTAGTACGATT,0,1616127
galSp,0.3333333333333333,2,2,GCAGCGGCCGTCCCACTGTT,0,1618744
galSp,0.3333333333333333,2,2,GCAGATTACCAACTGCTAAC,0,1602505
galSp,0.3333333333333333,2,2,GCAGATGATGGTCAACTGAT,0,1599690
galSp,0.3333333333333333,2,2,GCAAGCATTCCTTAGAGCAG,0,1607320
galSp,0.3333333333333333,2,2,GCAAGCATCATCCAAGGTAA,0,1621453
galSp,0.3333333333333333,2,2,GCAAGCAACGCAGTGCCACC,0,1611531
galSp,0.3333333333333333,2,2,GATTCTAATTCAAAGAGGGC,0,1614825
galSp,0.3333333333333333,2,2,GATTATGCGGCTGTATCACA,0,1615705
galSp,0.3333333333333333,2,2,GATGGGGTTATGCCAAAGAT,0,1600263
galSp,0.3333333333333333,2,2,GATGGCCTCAGCCAAGCATG,0,1606299
galSp,0.3333333333333333,2,2,GATGCCTGACTGCAGCCTTC,0,1616919
galSp,0.3333333333333333,2,2,GATGATGCCTCAAATGAAGC,0,1612495
galSp,0.3333333333333333,2,2,GATCTATATCCCGAGAGTAA,0,1615069
galSp,0.3333333333333333,2,2,GATACTACGCTGCAAAAAAA,0,1609511
galSp,0.3333333333333333,2,2,GAGTTGGTGTCCCTTTTAGT,0,1619472
galSp,0.3333333333333333,2,2,GAGTTCGCGGTCAGGACTTC,0,1612677
galSp,0.3333333333333333,2,2,GAGTTACAGTCCTTCTGGGT,0,1604433
galSp,0.3333333333333333,2,2,GAGTATTGGGTATACACTGT,0,1618025
galSp,0.3333333333333333,2,2,GAGGTAACCAGTCCGGTAGG,0,1600996
galSp,0.3333333333333333,2,2,GAGGGTAGGTGTAAATGAGA,0,1615210
galSp,0.3333333333333333,2,2,GAGGGGGGTTAGGTCTAATG,0,1615322
galSp,0.3333333333333333,2,2,GAGGCCTGTCAATAAGCCTA,0,1608794
galSp,0.3333333333333333,2,2,GAGCTGAACGCTGGGTTTGC,0,1596041
galSp,0.3333333333333333,2,2,GAGCATACAGGTGTCCGGCA,0,1604933
galSp,0.3333333333333333,2,2,GAGAGTAGTTTTAAGGACCT,0,1608342
galSp,0.3333333333333333,2,2,GAGAGGTAGTACATCGCGTC,0,1619303
galSp,0.3333333333333333,2,2,GAGAATGTCCAGGCCGTGAG,0,1598950
galSp,0.3333333333333333,2,2,GAGAAAGTGGGAAACCTATC,0,1598587
galSp,0.3333333333333333,2,2,GAGAAAAAATTGGCATGTGG,0,1618153
galSp,0.3333333333333333,2,2,GACGGGTTAACCGCTCAAGC,0,1618504
galSp,0.3333333333333333,2,2,GACGGATCTGAGATAGTTTA,0,1613100
galSp,0.3333333333333333,2,2,GACCTATGGGGAGGTCTTAT,0,1595635
galSp,0.3333333333333333,2,2,GACCCAGGGCTTTCTAATGT,0,1617476
galSp,0.3333333333333333,2,2,GACCAGTCCGGTCCGGATCA,0,1603412
galSp,0.3333333333333333,2,2,GACACAGGCCCAACCCTCAA,0,1606993
galSp,0.3333333333333333,2,2,GAATTACCTGAAGGGGGCCA,0,1597644
galSp,0.3333333333333333,2,2,GAATACGAGCTGGGGGGCGG,0,1613808
galSp,0.3333333333333333,2,2,GAAGGTGCGTGCCGACTCGT,0,1599570
galSp,0.3333333333333333,2,2,GAAGAGGTCTTCTGAATCCC,0,1619099
galSp,0.3333333333333333,2,2,GAAGACTGGCGGGAACCTTC,0,1605971
galSp,0.3333333333333333,2,2,GAAGAAACGTCAGCCAAGTA,0,1607813
galSp,0.3333333333333333,2,2,GAACGCGCGTTAAAGCTGTT,0,1602846
galSp,0.3333333333333333,2,2,GAACGATAAGAATATCGATC,0,1599171
galSp,0.3333333333333333,2,2,GAACATGCTTCGGGCTCACC,0,1609981
galSp,0.3333333333333333,2,2,GAAAAGAGTCTCTAAGTAGA,0,1609721
galSp,0.3333333333333333,2,2,GAAAAAAGGGAATTATCGCT,0,1612717
galSp,0.3333333333333333,2,2,CTTTGTGAATATGGCTATGG,0,1620534
galSp,0.3333333333333333,2,2,CTTTGTCGCGGGCTGTGTAA,0,1605284
galSp,0.3333333333333333,2,2,CTTTAGGTATCTCTATCCAG,0,1618845
galSp,0.3333333333333333,2,2,CTTGGTCACTCGGTCAGAGC,0,1603179
galSp,0.3333333333333333,2,2,CTTGATCGCAGCATACTTCA,0,1615874
galSp,0.3333333333333333,2,2,CTTCTGCGGTAGTTGAACCT,0,1609227
galSp,0.3333333333333333,2,2,CTTCGGCCAGTGGGACACGG,0,1596270
galSp,0.3333333333333333,2,2,CTTAGCCAGGGGATCGGGTA,0,1602103
galSp,0.3333333333333333,2,2,CTTAGAAGTTAACGTACCGG,0,1612183
galSp,0.3333333333333333,2,2,CTTACGATATGGATTCATCA,0,1606698
galSp,0.3333333333333333,2,2,CTGTGTTCGTATGTATTTTG,0,1601114
galSp,0.3333333333333333,2,2,CTGGGGCAGATGAATAGGAA,0,1603260
galSp,0.3333333333333333,2,2,CTGGCGTATCTTTTGTGAGA,0,1620596
galSp,0.3333333333333333,2,2,CTGGCCAGCTGAAGGTGCCC,0,1611261
galSp,0.3333333333333333,2,2,CTGGACCACTCTCCGTAGGG,0,1603992
galSp,0.3333333333333333,2,2,CTGCGAGGTCAGTGTTAAAT,0,1613648
galSp,0.3333333333333333,2,2,CTGCAAGATTGTGAGCCTTG,0,1618182
galSp,0.3333333333333333,2,2,CTGAGTCAAAAATCTCGGAA,0,1602191
galSp,0.3333333333333333,2,2,CTGACCACGGGCACAGATGA,0,1615163
galSp,0.3333333333333333,2,2,CTCTGGAACAACTCCGCATG,0,1597019
galSp,0.3333333333333333,2,2,CTCGCGACGGTGGCCAGCTC,0,1613385
galSp,0.3333333333333333,2,2,CTCCTGTAACGCTAGCACAA,0,1597261
galSp,0.3333333333333333,2,2,CTCCGCGACTGGCACCTCGA,0,1600464
galSp,0.3333333333333333,2,2,CTCATCGCTCACAGCCTTGA,0,1610236
galSp,0.3333333333333333,2,2,CTCAAGAAATCGCACAGCTA,0,1620898
galSp,0.3333333333333333,2,2,CTATCGCACAGATAGGCGGA,0,1600992
galSp,0.3333333333333333,2,2,CTATCCAACATGAATTTCGT,0,1621018
galSp,0.3333333333333333,2,2,CTACTAACCCTCGTTCTAAT,0,1601835
galSp,0.3333333333333333,2,2,CTACCGTCTGAGCCGATAAA,0,1612603
galSp,0.3333333333333333,2,2,CTACAGTGTGCAAGAGATCA,0,1604327
galSp,0.3333333333333333,2,2,CTAACAACGGAGCGGCGTCA,0,1601408
galSp,0.3333333333333333,2,2,CGTTTTCGCACTGAGCACAA,0,1617698
galSp,0.3333333333333333,2,2,CGTTGACACCTCGATGCGCG,0,1597550
galSp,0.3333333333333333,2,2,CGTGGTATGAAGGCAATGCA,0,1595502
galSp,0.3333333333333333,2,2,CGTGGCACACGCTCTGGGAT,0,1608632
galSp,0.3333333333333333,2,2,CGTGCCCAGTGGATAGCTGA,0,1613429
galSp,0.3333333333333333,2,2,CGTGATGTAGGGACCATTTT,0,1602552
galSp,0.3333333333333333,2,2,CGTCATCAATAAGACATTAT,0,1613402
galSp,0.3333333333333333,2,2,CGTATTGACTATAATTCGTC,0,1600178
galSp,0.3333333333333333,2,2,CGTATCAAAGGAAGAATCTG,0,1607719
galSp,0.3333333333333333,2,2,CGTATAAACGCATTGAAAGG,0,1613082
galSp,0.3333333333333333,2,2,CGTAGTCTGATGGCTCCTCT,0,1597969
galSp,0.3333333333333333,2,2,CGTAGGCCAGAGTTGTGTGA,0,1611886
galSp,0.3333333333333333,2,2,CGTACGCTATCATGTAATAT,0,1620688
galSp,0.3333333333333333,2,2,CGTACCTTTGCTGCTCTGCA,0,1607304
galSp,0.3333333333333333,2,2,CGTAAGTGAACATAGTGTCC,0,1597746
galSp,0.3333333333333333,2,2,CGGTGTGCGGCATTTACCAC,0,1616500
galSp,0.3333333333333333,2,2,CGGTCGTCTGTGCCAGTTTA,0,1620339
galSp,0.3333333333333333,2,2,CGGTCAGTGCCCAGGCAATA,0,1619953
galSp,0.3333333333333333,2,2,CGGTAGTGCGTATTTACCGG,0,1617100
galSp,0.3333333333333333,2,2,CGGGCCGTAGCCAACCGCGC,0,1612132
galSp,0.3333333333333333,2,2,CGGGCATCAGTTTCTCGCTT,0,1621015
galSp,0.3333333333333333,2,2,CGGCTACCAATGTCAGAGAT,0,1599117
galSp,0.3333333333333333,2,2,CGGCGGCAGCATCTCAGGGC,0,1614079
galSp,0.3333333333333333,2,2,CGGCGCGGGAGATCATGATG,0,1600568
galSp,0.3333333333333333,2,2,CGGCCCGTGAAATCAATCGT,0,1604006
galSp,0.3333333333333333,2,2,CGCTGAGTAGCGCCGATTTC,0,1619889
galSp,0.3333333333333333,2,2,CGCGTACCGAATCGAGGGCG,0,1616959
galSp,0.3333333333333333,2,2,CGCGGCGGTTGTTGGGTAAG,0,1620322
galSp,0.3333333333333333,2,2,CGCCTTGGCTAGGTCGCTCA,0,1620111
galSp,0.3333333333333333,2,2,CGCCGCTAAGTGACATAAAG,0,1601776
galSp,0.3333333333333333,2,2,CGCCCAAACTAAACCCTGAG,0,1609240
galSp,0.3333333333333333,2,2,CGCCACCTTTTTGAGACGAT,0,1604743
galSp,0.3333333333333333,2,2,CGCAGTCCCGTGCCCTACAG,0,1603234
galSp,0.3333333333333333,2,2,CGCACTCACCGGAGCATATA,0,1604753
galSp,0.3333333333333333,2,2,CGCACAATATAACAACTGTC,0,1609705
galSp,0.3333333333333333,2,2,CGATGGCATAGTCCGTGCTG,0,1612692
galSp,0.3333333333333333,2,2,CGATATGGTTCATCATTTTT,0,1616866
galSp,0.3333333333333333,2,2,CGAGACTTGGTGCTAAGTCC,0,1596335
galSp,0.3333333333333333,2,2,CGACTACTCGTGGTCGGTGC,0,1612601
galSp,0.3333333333333333,2,2,CGACCATGTCAGAATACTGT,0,1619764
galSp,0.3333333333333333,2,2,CGACAGTCGTCCGATGGAGC,0,1600749
galSp,0.3333333333333333,2,2,CGACAACGTATCAAATCGGG,0,1609321
galSp,0.3333333333333333,2,2,CGAATGGCCTGCGTTAGGGT,0,1618893
galSp,0.3333333333333333,2,2,CGAAGACCGAGTTCACCGTA,0,1612956
galSp,0.3333333333333333,2,2,CCTTCATGGTAGCTCGAGCG,0,1603959
galSp,0.3333333333333333,2,2,CCTGGGTATTCTCTGAACAA,0,1620626
galSp,0.3333333333333333,2,2,CCTGGGGTTTTTTGCGTACA,0,1606002
galSp,0.3333333333333333,2,2,CCTCAACGGCTCGAACTTGG,0,1605407
galSp,0.3333333333333333,2,2,CCTATGGTTCCGTCGGGAGC,0,1609740
galSp,0.3333333333333333,2,2,CCTACAGTGTGGAGTAGTCA,0,1618864
galSp,0.3333333333333333,2,2,CCGTTGATCGAATGTAATGT,0,1608403
galSp,0.3333333333333333,2,2,CCGGTTCGCGGTTCAGCGGT,0,1605451
galSp,0.3333333333333333,2,2,CCGGTGTAAACGTCATCATA,0,1608537
galSp,0.3333333333333333,2,2,CCGGGTCCTTCGCGTTCTCG,0,1608116
galSp,0.3333333333333333,2,2,CCGCCCTGGCCATCGTCAAG,0,1603253
galSp,0.3333333333333333,2,2,CCGCCAACGGTTGACGTACT,0,1595555
galSp,0.3333333333333333,2,2,CCGCAATTGCTCCCTGGAGC,0,1597457
galSp,0.3333333333333333,2,2,CCGACTCATAAATTCAAGGT,0,1595888
galSp,0.3333333333333333,2,2,CCCTGGCGGGATTCCTGTTT,0,1614118
galSp,0.3333333333333333,2,2,CCCTCAGCGATCTGGCATAT,0,1616121
galSp,0.3333333333333333,2,2,CCCTAGATCAGGTTGAAAAG,0,1607207
galSp,0.3333333333333333,2,2,CCCGTGGTCGTCTTGCGGCT,0,1606529
galSp,0.3333333333333333,2,2,CCCCGTCAGCCACCTACCGT,0,1597926
galSp,0.3333333333333333,2,2,CCCCCTTGTGGTTTTGCCAG,0,1609518
galSp,0.3333333333333333,2,2,CCCATGTTGGATGATCTTAA,0,1607933
galSp,0.3333333333333333,2,2,CCCACACCCCATGATTCTTG,0,1614331
galSp,0.3333333333333333,2,2,CCATTGGTTCCCTGCCTCTT,0,1610762
galSp,0.3333333333333333,2,2,CCATTGGGGTAGTTAAGTGA,0,1598897
galSp,0.3333333333333333,2,2,CCATGCTTTCGAGGGCTGGT,0,1617430
galSp,0.3333333333333333,2,2,CCATCTCCATGGGCGCAGGA,0,1607175
galSp,0.3333333333333333,2,2,CCATCGTGCGCATCGTTCTC,0,1610274
galSp,0.3333333333333333,2,2,CCATCGTCTAGTTTGCCACA,0,1606665
galSp,0.3333333333333333,2,2,CCAGTGGCTTGCTATTCAGG,0,1610645
galSp,0.3333333333333333,2,2,CCAGGTATGCTACAGCAAAA,0,1620784
galSp,0.3333333333333333,2,2,CCAGGCGTTTCGTAACTGTG,0,1616935
galSp,0.3333333333333333,2,2,CCAGGCACACTATGCACGGT,0,1620382
galSp,0.3333333333333333,2,2,CCAGCATAGTATACTGTGTA,0,1604275
galSp,0.3333333333333333,2,2,CCAGAGTCCAGTCTAAGTAT,0,1608269
galSp,0.3333333333333333,2,2,CCACCACGTTCACGAGGCGA,0,1597577
galSp,0.3333333333333333,2,2,CCAATACGGACAGCCTCAAA,0,1609084
galSp,0.3333333333333333,2,2,CCAACTATTAGGTAGAACAT,0,1607452
galSp,0.3333333333333333,2,2,CCAACACGGTCAATCAGCAC,0,1600571
galSp,0.3333333333333333,2,2,CATTTCGTCGCAACTCTCGG,0,1601292
galSp,0.3333333333333333,2,2,CATTTCAACGTACGGCGTCT,0,1598805
galSp,0.3333333333333333,2,2,CATTGCTAAGAGAGATCATC,0,1599175
galSp,0.3333333333333333,2,2,CATTGCCGAGTCCAAATCTG,0,1597563
galSp,0.3333333333333333,2,2,CATGATAGGTATCAACGACA,0,1598575
galSp,0.3333333333333333,2,2,CATGAAGGTTTTATCTCTAT,0,1607811
galSp,0.3333333333333333,2,2,CATCTCCCTGGCAGGGTTGG,0,1603789
galSp,0.3333333333333333,2,2,CATCGCCTACTTCTAGAGAG,0,1598874
galSp,0.3333333333333333,2,2,CATCCGCGACAGCCTACCTC,0,1619208
galSp,0.3333333333333333,2,2,CATCAGGCGTGGGTGAAATT,0,1610984
galSp,0.3333333333333333,2,2,CATATGAACCCGTAACGATG,0,1613803
galSp,0.3333333333333333,2,2,CAGTTTTCGTGGGACGGGCT,0,1607135
galSp,0.3333333333333333,2,2,CAGTTCGGCTGGCCTAGAGC,0,1612435
galSp,0.3333333333333333,2,2,CAGTAGGCCCCGGTAGCACT,0,1600836
galSp,0.3333333333333333,2,2,CAGGCGTAAACATCGCAGGC,0,1609173
galSp,0.3333333333333333,2,2,CAGGATGCTCCATTGCCAGG,0,1607165
galSp,0.3333333333333333,2,2,CAGCGTAACGGGGCTACGGG,0,1617950
galSp,0.3333333333333333,2,2,CAGCGGAAATGGAGACATAG,0,1616062
galSp,0.3333333333333333,2,2,CAGCCGTGGGCGCTCTGCCA,0,1614617
galSp,0.3333333333333333,2,2,CAGCACCAAATCGTTCCGTG,0,1612773
galSp,0.3333333333333333,2,2,CAGAGTTGTGGTTACAATAC,0,1614399
galSp,0.3333333333333333,2,2,CAGAAATTCGCATAGGTATT,0,1612282
galSp,0.3333333333333333,2,2,CACTTAGCGCAGGCGCGAGA,0,1595950
galSp,0.3333333333333333,2,2,CACTCGAGCTGGATATACAT,0,1615578
galSp,0.3333333333333333,2,2,CACTCATGTTACTACGGCTC,0,1611006
galSp,0.3333333333333333,2,2,CACTATATGGTAGCACAACC,0,1598263
galSp,0.3333333333333333,2,2,CACGCTGTTAACTAATGGTC,0,1608385
galSp,0.3333333333333333,2,2,CACCTACCCTCCCTTGGTCT,0,1613547
galSp,0.3333333333333333,2,2,CACCGCAGTGGATTGATCTG,0,1601942
galSp,0.3333333333333333,2,2,CACAGCCAATAACCCCCGCG,0,1609930
galSp,0.3333333333333333,2,2,CACACCTTGTCGAAAACCCT,0,1596867
galSp,0.3333333333333333,2,2,CAAGTAACCCTAAAATATCA,0,1601569
galSp,0.3333333333333333,2,2,CAAGCTTATCACCTGGTCGC,0,1595751
galSp,0.3333333333333333,2,2,CAACGATACGCTTCCACCTG,0,1599314
galSp,0.3333333333333333,2,2,CAACCACACGGGCCTCGGTA,0,1608595
galSp,0.3333333333333333,2,2,CAACAGTACGACCCCTGCGG,0,1603114
galSp,0.3333333333333333,2,2,CAAAGGGAGAATTCAAACAT,0,1606415
galSp,0.3333333333333333,2,2,ATTTTGGTGCGGCAAGTACA,0,1605346
galSp,0.3333333333333333,2,2,ATTTCCGATCAATCGGCGTT,0,1614253
galSp,0.3333333333333333,2,2,ATTTACAAGATTGCAGTCAA,0,1608763
galSp,0.3333333333333333,2,2,ATTGGGCCTATCAGTGTTAT,0,1613140
galSp,0.3333333333333333,2,2,ATTGAGGATACATTCGCTTA,0,1613815
galSp,0.3333333333333333,2,2,ATTGAGACAATGGAGTAATA,0,1615264
galSp,0.3333333333333333,2,2,ATTCGTTTTCGCATCTTTCA,0,1621341
galSp,0.3333333333333333,2,2,ATTCGTATTGTGAAACGAGT,0,1606523
galSp,0.3333333333333333,2,2,ATTCCTTGCATGTTTCCTGC,0,1598480
galSp,0.3333333333333333,2,2,ATTAATACAAATGATACGTT,0,1607409
galSp,0.3333333333333333,2,2,ATTAAGTCCCGGGTGATCTT,0,1613068
galSp,0.3333333333333333,2,2,ATTAAAATCGCTTGGGTTAA,0,1613053
galSp,0.3333333333333333,2,2,ATGTTTGAGATGCTATCTGT,0,1597370
galSp,0.3333333333333333,2,2,ATGTCTAGCCGCTACCGTGC,0,1618876
galSp,0.3333333333333333,2,2,ATGGGCTGGACATTCGCAAC,0,1597452
galSp,0.3333333333333333,2,2,ATGGGAATATGTACATAATT,0,1601145
galSp,0.3333333333333333,2,2,ATGCAGGCCGGACGGTGTAG,0,1612230
galSp,0.3333333333333333,2,2,ATGAGGCCCTGAGATTAGCG,0,1619825
galSp,0.3333333333333333,2,2,ATGACTAGCTCGTCGGGGGA,0,1600532
galSp,0.3333333333333333,2,2,ATCGCTGTTCCACTCTGTCG,0,1597459
galSp,0.3333333333333333,2,2,ATCGCAGAATCCTGTGTCTT,0,1596671
galSp,0.3333333333333333,2,2,ATCCTTTATCTTGGTTAGAG,0,1606478
galSp,0.3333333333333333,2,2,ATCCTCGAATCCCAACCAAG,0,1605557
galSp,0.3333333333333333,2,2,ATCCGGGTCTGGGTCAGGGC,0,1597208
galSp,0.3333333333333333,2,2,ATCCGGAATGCCTAGTCTCA,0,1609310
galSp,0.3333333333333333,2,2,ATCCCTAGGGCCTTCTATAT,0,1616531
galSp,0.3333333333333333,2,2,ATATTATGGCCAGATTAGGG,0,1616871
galSp,0.3333333333333333,2,2,ATATGAGCACAGCCCGTAGT,0,1596522
galSp,0.3333333333333333,2,2,ATATCTACCAAGCGCTGCTT,0,1618125
galSp,0.3333333333333333,2,2,ATATATGTTCGCTAAGCACC,0,1616551
galSp,0.3333333333333333,2,2,ATAGGCTTTAGGCGCCCGAA,0,1609706
galSp,0.3333333333333333,2,2,ATAGCGCCACACTAATAGTT,0,1602923
galSp,0.3333333333333333,2,2,ATACTTTGGCGATTAAGTCG,0,1603759
galSp,0.3333333333333333,2,2,ATACTGCGACGAGTATTACC,0,1596616
galSp,0.3333333333333333,2,2,ATAAGGTCGGGCTAAAGGGT,0,1600450
galSp,0.3333333333333333,2,2,ATAAAGCAGGGTAGTAACTT,0,1618433
galSp,0.3333333333333333,2,2,AGTTTTGTGACCGTAGGCCT,0,1613247
galSp,0.3333333333333333,2,2,AGTTTCCACAGGATAGCGAT,0,1615517
galSp,0.3333333333333333,2,2,AGTTGCGCAATTAGGTCAAT,0,1604898
galSp,0.3333333333333333,2,2,AGTTCGGACAGCACCTGATC,0,1604404
galSp,0.3333333333333333,2,2,AGTTAATTCGGAAGCGTTTT,0,1619264
galSp,0.3333333333333333,2,2,AGTGTTCTGGAAACTCGAGA,0,1619522
galSp,0.3333333333333333,2,2,AGTGGCTAACTTCGGATTAT,0,1608283
galSp,0.3333333333333333,2,2,AGTGAGGTTGGCCTGCTAGA,0,1605902
galSp,0.3333333333333333,2,2,AGTCGAAAACGGGTCACAAT,0,1607769
galSp,0.3333333333333333,2,2,AGTATGAATCGGGTAAAATA,0,1620423
galSp,0.3333333333333333,2,2,AGTATCTAGTGGAGTAAGGC,0,1608689
galSp,0.3333333333333333,2,2,AGTACCCATGTCAGTTGTCA,0,1614317
galSp,0.3333333333333333,2,2,AGTAACCGGTTTGTATATGT,0,1610623
galSp,0.3333333333333333,2,2,AGTAAATTTCTCCACAGTGG,0,1602696
galSp,0.3333333333333333,2,2,AGTAAACGAAGGCGTCTTTT,0,1609599
galSp,0.3333333333333333,2,2,AGGTTGTTAACACTGTCTCG,0,1604187
galSp,0.3333333333333333,2,2,AGGTCATGAGATGACAACAA,0,1600538
galSp,0.3333333333333333,2,2,AGGTCAGCTGTCAAAATAAA,0,1598795
galSp,0.3333333333333333,2,2,AGGTCACATCATGGATCCGT,0,1601079
galSp,0.3333333333333333,2,2,AGGTATAAACCTGCTTGCTC,0,1614442
galSp,0.3333333333333333,2,2,AGGTAACAGGCCGGTAGCTG,0,1600455
galSp,0.3333333333333333,2,2,AGGGTCAGAAGACATAGGTT,0,1613895
galSp,0.3333333333333333,2,2,AGGGGTTTCGTCCCACGCGT,0,1620081
galSp,0.3333333333333333,2,2,AGGGGCCTGATGCGTACGCT,0,1600382
galSp,0.3333333333333333,2,2,AGGCACCGGACATTAGCCAC,0,1597573
galSp,0.3333333333333333,2,2,AGGATCGCGGTTGGCCCCGA,0,1595970
galSp,0.3333333333333333,2,2,AGGACCTGCACGCAGAAGCT,0,1612804
galSp,0.3333333333333333,2,2,AGGACATGCTTTCCGGTGAA,0,1598218
galSp,0.3333333333333333,2,2,AGGAATGGGAACTGTCCTAA,0,1614471
galSp,0.3333333333333333,2,2,AGCTACGAAAGGCTCTAAAA,0,1613400
galSp,0.3333333333333333,2,2,AGCGGGACGCGCAGTTTAAT,0,1602711
galSp,0.3333333333333333,2,2,AGCGCTCACCTGTTAAAGGT,0,1597271
galSp,0.3333333333333333,2,2,AGCGACACTTGTATCATTAT,0,1618479
galSp,0.3333333333333333,2,2,AGCGAAGCACAACCCATGCC,0,1621239
galSp,0.3333333333333333,2,2,AGCCTAGACGGCGGATAGTA,0,1609742
galSp,0.3333333333333333,2,2,AGCCCAGTTAAAGTACTAAG,0,1616777
galSp,0.3333333333333333,2,2,AGCAGCTGCGGAAGCCGGGG,0,1619362
galSp,0.3333333333333333,2,2,AGCAGAATTGCGGGGGACAT,0,1612006
galSp,0.3333333333333333,2,2,AGATGGGCTACCGAAAGTAC,0,1598569
galSp,0.3333333333333333,2,2,AGATCGGCAAATCCCGGCGC,0,1605749
galSp,0.3333333333333333,2,2,AGATACTGCTAGTTATGACA,0,1607584
galSp,0.3333333333333333,2,2,AGAGCATGGGCAATCTACTG,0,1607029
galSp,0.3333333333333333,2,2,AGAGACCTACGTTAAATATA,0,1612443
galSp,0.3333333333333333,2,2,AGACTTCCCTGGGCGCCTGA,0,1613882
galSp,0.3333333333333333,2,2,AGACGAGAATGATAGCATTG,0,1616437
galSp,0.3333333333333333,2,2,AGACCCCGCAGAGCGTCCGA,0,1601369
galSp,0.3333333333333333,2,2,AGACATTTGGAGTAGCGGAT,0,1598604
galSp,0.3333333333333333,2,2,AGACAACATCTTGTTTCGCT,0,1611748
galSp,0.3333333333333333,2,2,AGAATCGCCCGCAGGAGATA,0,1597554
galSp,0.3333333333333333,2,2,AGAATCGAGTAGGAACGCGC,0,1604222
galSp,0.3333333333333333,2,2,AGAATCAGTGCTCATGGTTT,0,1617361
galSp,0.3333333333333333,2,2,AGAAGGCGTTAATTGGGATT,0,1598457
galSp,0.3333333333333333,2,2,AGAACTGGTGCTTCTAGCTA,0,1619768
galSp,0.3333333333333333,2,2,AGAACGATTCCTTACACGCA,0,1605056
galSp,0.3333333333333333,2,2,AGAACCCCTAATGAAAGGCC,0,1611630
galSp,0.3333333333333333,2,2,ACTTTTGTAGGCAGCACAAG,0,1596504
galSp,0.3333333333333333,2,2,ACTTTTCTCACCCCACAAAC,0,1604534
galSp,0.3333333333333333,2,2,ACTTGCTCAGCGTACCGCCC,0,1602925
galSp,0.3333333333333333,2,2,ACTGTCAGGGGCACATATCA,0,1616217
galSp,0.3333333333333333,2,2,ACTGCTAATAACGACCGGTG,0,1611783
galSp,0.3333333333333333,2,2,ACTGCCAAACACCGGACGTT,0,1605687
galSp,0.3333333333333333,2,2,ACTGATTTAGTAGGTATGCG,0,1615536
galSp,0.3333333333333333,2,2,ACTCTCTCAGCGCCCAATTT,0,1619961
galSp,0.3333333333333333,2,2,ACTCTATGGTATTTCCTGCA,0,1621539
galSp,0.3333333333333333,2,2,ACTCGCAATTAAGGTGGGGC,0,1601460
galSp,0.3333333333333333,2,2,ACTATCAACTGAGGTCAGGG,0,1617911
galSp,0.3333333333333333,2,2,ACTAGCCCACCGAACTACCG,0,1609121
galSp,0.3333333333333333,2,2,ACTAACCATGTCCTAAGAAT,0,1607728
galSp,0.3333333333333333,2,2,ACGTTCTGATACCGACATGT,0,1618156
galSp,0.3333333333333333,2,2,ACGTGGTTCCCGTGTTTAGA,0,1619621
galSp,0.3333333333333333,2,2,ACGTCTCTACACTAGCTGAA,0,1604740
galSp,0.3333333333333333,2,2,ACGTCCTGGTTGGCCATTGC,0,1608184
galSp,0.3333333333333333,2,2,ACGTCACGCCAAGACTCTGA,0,1614074
galSp,0.3333333333333333,2,2,ACGGATTCGTGGAAAACACA,0,1614570
galSp,0.3333333333333333,2,2,ACGCGTAAGTATGACTCCAC,0,1612876
galSp,0.3333333333333333,2,2,ACGCATATGGGCGGTGGGGT,0,1605319
galSp,0.3333333333333333,2,2,ACGCACAATTGGCAAACGAA,0,1619080
galSp,0.3333333333333333,2,2,ACGCAAATAAATGCGCTAGG,0,1619761
galSp,0.3333333333333333,2,2,ACGATCGGACAGAATTAGCG,0,1621190
galSp,0.3333333333333333,2,2,ACGACTAAGGCTGCACTACG,0,1618867
galSp,0.3333333333333333,2,2,ACCTTCGTACTGCGATAGAT,0,1605476
galSp,0.3333333333333333,2,2,ACCTATTGACCGGCCCGTGT,0,1609610
galSp,0.3333333333333333,2,2,ACCGTTCAAACCACTGAATC,0,1615881
galSp,0.3333333333333333,2,2,ACCGTAACGTACGCGCCTCC,0,1597834
galSp,0.3333333333333333,2,2,ACCCCCACGGCCTGCTCCGG,0,1607521
galSp,0.3333333333333333,2,2,ACCCACAAGCGCGGTGGTAC,0,1606082
galSp,0.3333333333333333,2,2,ACCCAAGTGTTGGGGCATAG,0,1603231
galSp,0.3333333333333333,2,2,ACCATTTGGTATGAGATCCG,0,1606052
galSp,0.3333333333333333,2,2,ACCAGGCATGTTCGTGCGTT,0,1617830
galSp,0.3333333333333333,2,2,ACCAGCTCGAAATTTTGCGC,0,1609843
galSp,0.3333333333333333,2,2,ACCACGATTAATGTTGCTCT,0,1606243
galSp,0.3333333333333333,2,2,ACCAACGCCTCCACTGTTAT,0,1600738
galSp,0.3333333333333333,2,2,ACATTTGTAGCAGCTTGACC,0,1614310
galSp,0.3333333333333333,2,2,ACATGGTTTGTTCCTCCACG,0,1610678
galSp,0.3333333333333333,2,2,ACATGGGTTTGCATGACTAT,0,1610204
galSp,0.3333333333333333,2,2,ACATGCGGGAGAGGGCGGTT,0,1613676
galSp,0.3333333333333333,2,2,ACAGTTGCGCCTCGTAATCC,0,1610310
galSp,0.3333333333333333,2,2,ACAGTCGAAGTATACTACCG,0,1606177
galSp,0.3333333333333333,2,2,ACACTAGGGTGACATAGGTC,0,1606144
galSp,0.3333333333333333,2,2,ACACGGTGCAAACTGGGGTA,0,1603773
galSp,0.3333333333333333,2,2,ACAATGAAAAGACAGGTTCA,0,1620545
galSp,0.3333333333333333,2,2,ACAAAGGAGCGATCCGCGGA,0,1607402
galSp,0.3333333333333333,2,2,ACAAAGCTAGCACCAGGTAG,0,1614777
galSp,0.3333333333333333,2,2,AATTGGTCGGTAACCATTGA,0,1598646
galSp,0.3333333333333333,2,2,AATTGATTCTCGGAATCAAC,0,1620274
galSp,0.3333333333333333,2,2,AATGGTTTAAGGGTTCGTCT,0,1610699
galSp,0.3333333333333333,2,2,AATGGGTGGAAGATCTACGG,0,1616726
galSp,0.3333333333333333,2,2,AATCTAGTTAGGGACCATTG,0,1619454
galSp,0.3333333333333333,2,2,AATCACAACGTATGGCAAGC,0,1611793
galSp,0.3333333333333333,2,2,AATAGAAGTCACTAATGCCA,0,1595655
galSp,0.3333333333333333,2,2,AATACGGCTCGAGATGACTG,0,1620121
galSp,0.3333333333333333,2,2,AATAACTTAACATCACCCCC,0,1611076
galSp,0.3333333333333333,2,2,AAGGGTGCGTATAGTGGTCG,0,1609617
galSp,0.3333333333333333,2,2,AAGGGTAGTGCATACCGGTG,0,1599952
galSp,0.3333333333333333,2,2,AAGGCGAGCCAGCCGCTCAT,0,1611906
galSp,0.3333333333333333,2,2,AAGGAGTTATCTGGATCTTG,0,1600622
galSp,0.3333333333333333,2,2,AAGCCATATGGCCCAAAGAG,0,1601350
galSp,0.3333333333333333,2,2,AAGACCGACTTCCATGTGGG,0,1601911
galSp,0.3333333333333333,2,2,AAGAAAGTGGTATCGATCAA,0,1610900
galSp,0.3333333333333333,2,2,AACTTTTGTGCACCTTTAGT,0,1618363
galSp,0.3333333333333333,2,2,AACTGGTTGACAGGCAACTC,0,1620706
galSp,0.3333333333333333,2,2,AACGTGAACCTGGTACAATT,0,1610347
galSp,0.3333333333333333,2,2,AACGGATATGGCTCCCTAGA,0,1607887
galSp,0.3333333333333333,2,2,AACGGACCGCGACGTGCAGA,0,1607932
galSp,0.3333333333333333,2,2,AACGCGCACTCGGTCATAGG,0,1607480
galSp,0.3333333333333333,2,2,AACGAAGATCAGTAAAGATA,0,1618870
galSp,0.3333333333333333,2,2,AACCCGGAGGCCATCGCGAC,0,1607039
galSp,0.3333333333333333,2,2,AACCATGTATTAAAGGTCAT,0,1610015
galSp,0.3333333333333333,2,2,AACCATATGAATCAACCGAG,0,1610200
galSp,0.3333333333333333,2,2,AACACTTCACATGCGCTCGC,0,1615199
galSp,0.3333333333333333,2,2,AACACAAAACACCTGGGAGT,0,1614346
galSp,0.3333333333333333,2,2,AAATTTATGAAATAGAACCG,0,1601130
galSp,0.3333333333333333,2,2,AAATTGACTTCCGCGTGTTG,0,1615796
galSp,0.3333333333333333,2,2,AAATGATGCGGAAGGTCTCC,0,1608328
galSp,0.3333333333333333,2,2,AAATACTGACCATGGTTAAC,0,1599187
galSp,0.3333333333333333,2,2,AAATACGCAGTCGGTTTTAT,0,1615326
galSp,0.3333333333333333,2,2,AAAGTATTCCGAAGTTTCCC,0,1595531
galSp,0.3333333333333333,2,2,AAAGGCACTCTTAAAGTACT,0,1604411
galSp,0.3333333333333333,2,2,AAAGCCTTCACTCCCTGACA,0,1603777
galSp,0.3333333333333333,2,2,AAACTCATTATATGACGTGA,0,1602772
galSp,0.3333333333333333,2,2,AAACCAGTTGGGCGCCACCA,0,1613512
galSp,0.3333333333333333,2,2,AAACAAGTGTATTTCGGGTC,0,1596725
galSp,0.3333333333333333,2,2,AAAATCGAGGTGTTTGTACG,0,1599282
galSp,0.3333333333333333,2,2,AAAAGTCTATCAGTTAGAAC,0,1598508
galSp,0.3333333333333333,2,2,AAAAGCTTCAGCCTTTCGGG,0,1597228
galSp,0.3333333333333333,2,2,AAAACGCAGGTTCGCATCAC,0,1621247
galSp,0.5,1,1,TTTTCGTCATCTGATAGAAC,0,1608659
galSp,0.5,1,1,TTTTAAGTATAATGCCACTC,0,1620297
galSp,0.5,1,1,TTTCTGAACAACGACGTTTT,0,1601045
galSp,0.5,1,1,TTTCGCTTCGACGTCTGATA,0,1616929
galSp,0.5,1,1,TTTCGAGTGTGCCGGTATGC,0,1599639
galSp,0.5,1,1,TTTCCAAAGACAGGCCCGTT,0,1607198
galSp,0.5,1,1,TTTCACTAGCATTCTTGCGT,0,1596734
galSp,0.5,1,1,TTTCAAAATTTCCTTAGGTT,0,1619732
galSp,0.5,1,1,TTTATACGGAGATTTCGTCA,0,1600621
galSp,0.5,1,1,TTTAAGTAAACGTCTAGAAC,0,1615156
galSp,0.5,1,1,TTGTTTTGGAATGTTCGGTA,0,1597059
galSp,0.5,1,1,TTGGTTACGCCCGATTCACC,0,1596749
galSp,0.5,1,1,TTGGCCACCATCGCAGGGTT,0,1604506
galSp,0.5,1,1,TTGGATCCGCGGTGCGGAAA,0,1617342
galSp,0.5,1,1,TTGGAGTCACACAACGATTG,0,1607246
galSp,0.5,1,1,TTGGAGCTGCGTAAATGGAA,0,1607171
galSp,0.5,1,1,TTGCATACTGATGTAGATTT,0,1595587
galSp,0.5,1,1,TTGATTTTTAACAATGTTTT,0,1597052
galSp,0.5,1,1,TTGACGTGGTGAGAAAGATC,0,1598180
galSp,0.5,1,1,TTGAACGAGTACCCTCGGCC,0,1616604
galSp,0.5,1,1,TTCTGTGTATACGCCGAAGC,0,1600279
galSp,0.5,1,1,TTCTCATGCGCTTCTTCTTG,0,1601698
galSp,0.5,1,1,TTCGGTAGTCACAAACGAGC,0,1604432
galSp,0.5,1,1,TTCGGGCCGCATATGCCATT,0,1611590
galSp,0.5,1,1,TTCGGCGAACGATGCGGCTT,0,1619920
galSp,0.5,1,1,TTCGCATATCCGCGTGAGGG,0,1608718
galSp,0.5,1,1,TTCGCAACATGCTTCAGATG,0,1600317
galSp,0.5,1,1,TTCGAAGACGGTTGTGTAGA,0,1603324
galSp,0.5,1,1,TTCCTGCATAGGTACAGTGT,0,1606723
galSp,0.5,1,1,TTCCCTGATGGCTAACATTT,0,1607713
galSp,0.5,1,1,TTCATTAGGGTTGCTTACTT,0,1608075
galSp,0.5,1,1,TTCAGTCTTTCTGGCAAACC,0,1614408
galSp,0.5,1,1,TTCAGGGAGCTACTACTGCC,0,1600133
galSp,0.5,1,1,TTCACATTGAAGCTAGCTTA,0,1599777
galSp,0.5,1,1,TTATTTTCAATACTTAGGGT,0,1612255
galSp,0.5,1,1,TTATGAGCAATTGTGTGTGT,0,1595387
galSp,0.5,1,1,TTATATGATGTAAAGGATGT,0,1610494
galSp,0.5,1,1,TTAGTAACTGCGGTTTGGCG,0,1614682
galSp,0.5,1,1,TTAAGGTGCTTCGTCGCAGG,0,1609979
galSp,0.5,1,1,TTAAGATACATGCTGGATCC,0,1596617
galSp,0.5,1,1,TTAACACTGGAGCTGAGTCA,0,1617704
galSp,0.5,1,1,TTAAAGCAAACAGGCTCACC,0,1614833
galSp,0.5,1,1,TGTTGGCGCCAGAGGTGCTG,0,1597631
galSp,0.5,1,1,TGTTGCATTATGAAGTTTAG,0,1596814
galSp,0.5,1,1,TGTTCGCTGGATGAAGTAGG,0,1606768
galSp,0.5,1,1,TGTTCATCTCGTTTTGGGAC,0,1601899
galSp,0.5,1,1,TGTTAGCTTTGCAGTCTTCA,0,1620532
galSp,0.5,1,1,TGTTACGTGCATTGATTTGC,0,1604090
galSp,0.5,1,1,TGTCCTAAATACTAGGCTGA,0,1605184
galSp,0.5,1,1,TGTCATAAGCGGAATCTCGG,0,1609831
galSp,0.5,1,1,TGTACAGTACCTTCCTTAAA,0,1599977
galSp,0.5,1,1,TGTAATAGTCGTACTATGTT,0,1617887
galSp,0.5,1,1,TGGTGGCGAAAGCAGCACAG,0,1618617
galSp,0.5,1,1,TGGTAGTACGCTGTCAATAC,0,1595765
galSp,0.5,1,1,TGGTAGCGACTGCATGTGCT,0,1610758
galSp,0.5,1,1,TGGTACAGCACGGTAGTAGT,0,1615202
galSp,0.5,1,1,TGGGAGGCTCATGGTCACGT,0,1597753
galSp,0.5,1,1,TGGCAATATTAGCCCCTTGG,0,1612687
galSp,0.5,1,1,TGGATTGCAACCACACTCGT,0,1595909
galSp,0.5,1,1,TGGAGTCGTCATCGACGGAC,0,1610245
galSp,0.5,1,1,TGGAGCCAGAACTATTAAAT,0,1612537
galSp,0.5,1,1,TGGACGTTTGTGGGTGCAAT,0,1600026
galSp,0.5,1,1,TGGACGAAATGTCGGGGCCT,0,1613941
galSp,0.5,1,1,TGGAAAGCGACAAGTGCCCT,0,1616298
galSp,0.5,1,1,TGCTTGTGGTGTCGAAAGAG,0,1601245
galSp,0.5,1,1,TGCTAACAAGTATACCACCA,0,1610799
galSp,0.5,1,1,TGCGCAGCGGCAAACGCTTT,0,1614209
galSp,0.5,1,1,TGCGACTGGTATCATTGAGC,0,1606657
galSp,0.5,1,1,TGCCGGGTGGCGGTAGCGGA,0,1597250
galSp,0.5,1,1,TGCCCATCGGTGTTAACCCT,0,1598984
galSp,0.5,1,1,TGCCAAGGCAAAGGCGCGCA,0,1600572
galSp,0.5,1,1,TGCATTGGGCTTCTCGTCGG,0,1602164
galSp,0.5,1,1,TGCATTCTCCCCCGGGAGCT,0,1608668
galSp,0.5,1,1,TGCAACGCAATATAGTGTGA,0,1607234
galSp,0.5,1,1,TGATGTGGATAGGCCTCCGG,0,1609070
galSp,0.5,1,1,TGATCACGTTGTCTAAACTT,0,1602343
galSp,0.5,1,1,TGAGTACCCTGTGTACTAGA,0,1597430
galSp,0.5,1,1,TGAGAGCCGATCTCCAGACG,0,1597093
galSp,0.5,1,1,TGACCAATGCTAACCGCTGC,0,1612883
galSp,0.5,1,1,TGAATCGCTATCCATTGGTG,0,1597826
galSp,0.5,1,1,TGAAGAAATCACAAATAGAA,0,1617030
galSp,0.5,1,1,TGAACGTCATGCTCTTCGGA,0,1605524
galSp,0.5,1,1,TGAAAGGTAAACAAGAAGGG,0,1600283
galSp,0.5,1,1,TGAAAGATGAGAAAGTGCGT,0,1596660
galSp,0.5,1,1,TGAAACGGCCTGCGGGTTGG,0,1600132
galSp,0.5,1,1,TGAAACCACGTTGCTGAGTC,0,1620200
galSp,0.5,1,1,TCTTTCCGTCTGGTAGCTGT,0,1618236
galSp,0.5,1,1,TCTTTCCAAGGGCATTGATC,0,1606716
galSp,0.5,1,1,TCTTGCTAAGGAGCAAGTGA,0,1606525
galSp,0.5,1,1,TCTTCACCTTCGACGAGCTT,0,1608902
galSp,0.5,1,1,TCTCTGAGGAATGACCTAGC,0,1602418
galSp,0.5,1,1,TCTCGGTTGCTGTTCTCACC,0,1602277
galSp,0.5,1,1,TCTCAAAGCAACCGTGTCTC,0,1600010
galSp,0.5,1,1,TCTACCCATACGGTTTAAAA,0,1598227
galSp,0.5,1,1,TCTAACCGAAATCCAACGAG,0,1611176
galSp,0.5,1,1,TCTAACAGCAGACGATTCAA,0,1608536
galSp,0.5,1,1,TCGTCTTTCGGGGCTTAGTG,0,1603973
galSp,0.5,1,1,TCGGTCTATAATGTACCTGG,0,1603441
galSp,0.5,1,1,TCGGATCCGACCTACGGGGA,0,1610417
galSp,0.5,1,1,TCGGAATACTGAGCAAGACA,0,1603083
galSp,0.5,1,1,TCGCGACTTTGGGATTACTG,0,1612907
galSp,0.5,1,1,TCGCCGGTACACAAAAGATG,0,1596510
galSp,0.5,1,1,TCGAGGCTAATCCGCAGGCC,0,1603306
galSp,0.5,1,1,TCGAGCCAGTTTCCGGAATT,0,1595446
galSp,0.5,1,1,TCGACGAATCAGATTCAGAC,0,1617203
galSp,0.5,1,1,TCGAAGGGGACGCGTTCTCA,0,1614339
galSp,0.5,1,1,TCCTGATTGTTCTTATGGTC,0,1618368
galSp,0.5,1,1,TCCTAACAGCGTGCGAGTTT,0,1598800
galSp,0.5,1,1,TCCGTCGCGAAGTGAAGCAC,0,1611810
galSp,0.5,1,1,TCCGAGAAGGGAAGACTCCA,0,1610475
galSp,0.5,1,1,TCCCCGGCGGATGGTCCCCT,0,1617413
galSp,0.5,1,1,TCCCCGACAGCTTGTTGTAA,0,1615495
galSp,0.5,1,1,TCCAGTAGAGGCTTTGCAGC,0,1613104
galSp,0.5,1,1,TCCAGTAACGTATCAGGAGT,0,1605055
galSp,0.5,1,1,TCCAGGGTATGCAGACATCA,0,1596271
galSp,0.5,1,1,TCCACGCACTGATCTACCGG,0,1620900
galSp,0.5,1,1,TCCAATTTACGAGTACTTTC,0,1600800
galSp,0.5,1,1,TCATTCTAGCAATCAGTTGC,0,1613250
galSp,0.5,1,1,TCATTATAGCACGGAATGAA,0,1611224
galSp,0.5,1,1,TCATTACTTCGCGCTTGAAG,0,1616331
galSp,0.5,1,1,TCATCCAGCTCAAATGGGTG,0,1606810
galSp,0.5,1,1,TCAGGCGCCCCTCTGTGAGT,0,1609199
galSp,0.5,1,1,TCAGATCCGGTCTAGGGACC,0,1603399
galSp,0.5,1,1,TCAGATCACACAATAGATCT,0,1607185
galSp,0.5,1,1,TCAGAATTCGAATGCGGACT,0,1620193
galSp,0.5,1,1,TCAGAATAATCTATTCGGCA,0,1618337
galSp,0.5,1,1,TCACTGCTATTCGCAGGTTA,0,1599302
galSp,0.5,1,1,TCACTCATATTGTCCCCTTG,0,1618846
galSp,0.5,1,1,TCACAATAAGCTGTTCTTGG,0,1603161
galSp,0.5,1,1,TCACAAGCGTATAGGTCCGA,0,1619531
galSp,0.5,1,1,TCACAAATTTCTTAACCACG,0,1605595
galSp,0.5,1,1,TCAATTGCGTTACCCAGGTG,0,1614894
galSp,0.5,1,1,TCAATGTGATCGGATCATGT,0,1615412
galSp,0.5,1,1,TCAATGTCAACTGTGTAATT,0,1607415
galSp,0.5,1,1,TCAATCTCATCGGGCCGTTC,0,1609466
galSp,0.5,1,1,TCAATCCAACTCCTCTGAGA,0,1604188
galSp,0.5,1,1,TCAAGGCCGACATTGGCCAC,0,1601958
galSp,0.5,1,1,TCAAGCACGGGGGGTCGCAG,0,1611215
galSp,0.5,1,1,TCAAGATAACGTTTCGCGGG,0,1610471
galSp,0.5,1,1,TATTTGTAATGAGATCCCTT,0,1598610
galSp,0.5,1,1,TATTGTGTCAGAGTGTCGTA,0,1617863
galSp,0.5,1,1,TATTGTGGGTCGAACTTCGG,0,1614284
galSp,0.5,1,1,TATTGCGTCGAGTAAATTAT,0,1617438
galSp,0.5,1,1,TATTGACAACAAAGACGGCT,0,1605674
galSp,0.5,1,1,TATTAACTCAAACCTAGAAG,0,1619823
galSp,0.5,1,1,TATGCGAATATCGCGGCCCT,0,1603300
galSp,0.5,1,1,TATGAGCCCGACCGAGGAAT,0,1600752
galSp,0.5,1,1,TATGACTTGTCTTGGTGTCT,0,1600845
galSp,0.5,1,1,TATGAAATGCTCCTGGACGA,0,1601191
galSp,0.5,1,1,TATCTTGGCCATCCAAAGTG,0,1616664
galSp,0.5,1,1,TATCGCTTCCATATGCGGAC,0,1615180
galSp,0.5,1,1,TATAGTAGAACATCCGTTTG,0,1612540
galSp,0.5,1,1,TATAAGGAATACTAACGAGG,0,1608688
galSp,0.5,1,1,TAGCTCCTTAGACCGCAACA,0,1595756
galSp,0.5,1,1,TAGCCGCTCAGGGGAGGCTG,0,1617117
galSp,0.5,1,1,TAGCATCCAAGCAATATATC,0,1620700
galSp,0.5,1,1,TAGATTGAGGACGAGATCCT,0,1596262
galSp,0.5,1,1,TAGATAACCGGCCACTCCTT,0,1609783
galSp,0.5,1,1,TAGAGGTCTGTGGCGTTCGA,0,1607929
galSp,0.5,1,1,TAGAGATAAACTGGGCGAGG,0,1611510
galSp,0.5,1,1,TAGACTCCGTGACCGCAGTA,0,1616025
galSp,0.5,1,1,TAGACATGTACGAAGGCGCA,0,1608646
galSp,0.5,1,1,TACTCAGCTGTCCTTCCTGA,0,1613462
galSp,0.5,1,1,TACGTAGTTGGCTTACACTG,0,1607260
galSp,0.5,1,1,TACGGTGTGAACTGCTGCAC,0,1597490
galSp,0.5,1,1,TACGGCTGAACGCTTTAGCT,0,1613594
galSp,0.5,1,1,TACGGCGGTGCAAAGTGATC,0,1614397
galSp,0.5,1,1,TACCGAGAAAGAGGTCGCCC,0,1617319
galSp,0.5,1,1,TACCACCGGCCTTAGAGGCT,0,1618446
galSp,0.5,1,1,TACAGGAACATAACATTAAA,0,1606014
galSp,0.5,1,1,TAATCTGTTTGGGGTAACGG,0,1608215
galSp,0.5,1,1,TAATCTAATTAGCGTGACAT,0,1618455
galSp,0.5,1,1,TAACGCGTGATGCTGCAGGT,0,1599491
galSp,0.5,1,1,TAACGCAGAGGGAGATATGT,0,1610066
galSp,0.5,1,1,TAACACTAAAACGTCCTACA,0,1606758
galSp,0.5,1,1,TAAATATGTGAAGTTGGATT,0,1603152
galSp,0.5,1,1,TAAATACAATGATCTAATCT,0,1619914
galSp,0.5,1,1,TAAAAGTCAGAGTTAGACTC,0,1615328
galSp,0.5,1,1,GTTTCGCATACTGTTTAAGG,0,1617167
galSp,0.5,1,1,GTTTATCAAAACGTAGGAGT,0,1613741
galSp,0.5,1,1,GTTTACTTCAAGGGGGAGTC,0,1595396
galSp,0.5,1,1,GTTGTTAGTTCTAAGGGGGG,0,1605358
galSp,0.5,1,1,GTTGTTAACATTCTGGGGAG,0,1604810
galSp,0.5,1,1,GTTGTCGTAACTGAGTCCAC,0,1609679
galSp,0.5,1,1,GTTGCGGCGGACTGCCAACG,0,1616205
galSp,0.5,1,1,GTTGACTACTCTTTTGCCAG,0,1617550
galSp,0.5,1,1,GTTCGTCAAAGTGGTTACCC,0,1609343
galSp,0.5,1,1,GTTCGATCCCTTTCCCAACG,0,1607795
galSp,0.5,1,1,GTTCCATAACGAGGCCCGTT,0,1602731
galSp,0.5,1,1,GTTATGGCTCGCAGACCGAC,0,1601842
galSp,0.5,1,1,GTTATGAGAAAGTAGCGGAC,0,1607983
galSp,0.5,1,1,GTTAGGGCCGCTGGAAGCTT,0,1598307
galSp,0.5,1,1,GTTAGGGACCGATGATTCAG,0,1599872
galSp,0.5,1,1,GTTAGGCCGGTGTTGACTCG,0,1605655
galSp,0.5,1,1,GTTAACTAAAGACCGGTCAA,0,1615730
galSp,0.5,1,1,GTTAACCATTTGCGCAAGGC,0,1606470
galSp,0.5,1,1,GTGGTTAGCGCCATATGCCA,0,1613615
galSp,0.5,1,1,GTGGTTACTTAAGATGGGGA,0,1611360
galSp,0.5,1,1,GTGGAGCCCTTATGTTATTT,0,1600000
galSp,0.5,1,1,GTGGACGTCCTCCTCAGTTG,0,1596703
galSp,0.5,1,1,GTGCTTACACCCCGTTGTGT,0,1616381
galSp,0.5,1,1,GTGCTACGTGTCTTCTATCT,0,1598353
galSp,0.5,1,1,GTGCGGAAGGATCATTGCTC,0,1618718
galSp,0.5,1,1,GTGCCGCACTGCGGTTACGG,0,1599247
galSp,0.5,1,1,GTGCATCGGTCATATGGATG,0,1604020
galSp,0.5,1,1,GTGCATAGGACAAGTCCAAA,0,1614864
galSp,0.5,1,1,GTGCAGCACAGCGGCCGGCA,0,1606125
galSp,0.5,1,1,GTGATGTTTCCCACAGAGGC,0,1597076
galSp,0.5,1,1,GTGAGGAAGTGGCCGGCCTT,0,1611778
galSp,0.5,1,1,GTGAATCTATGATTCTGGCC,0,1595583
galSp,0.5,1,1,GTGAAGGCATGCAACCAAGT,0,1595528
galSp,0.5,1,1,GTGAAGATGTTAACCCACTA,0,1616183
galSp,0.5,1,1,GTCTTTTCAAGGTATGCTTT,0,1621461
galSp,0.5,1,1,GTCTTCTGCTGCCGTCAGAC,0,1603486
galSp,0.5,1,1,GTCTGGACATTCCAGCAACT,0,1612386
galSp,0.5,1,1,GTCTCTCACAACAGGGGACA,0,1618270
galSp,0.5,1,1,GTCTCGTATAGTGATTGCGA,0,1611933
galSp,0.5,1,1,GTCGGGGACCGCTCATCATA,0,1617344
galSp,0.5,1,1,GTCCCCACCGCCCGCAAGTG,0,1606570
galSp,0.5,1,1,GTCCAGGGTCCTAGCTACAC,0,1616273
galSp,0.5,1,1,GTCAGATTATAACTTAGTAG,0,1614632
galSp,0.5,1,1,GTCAACTCCACCACCACACA,0,1616829
galSp,0.5,1,1,GTCAACAAGATCCCACCGGC,0,1618650
galSp,0.5,1,1,GTATTGCTCTCTGGTTTCTA,0,1605827
galSp,0.5,1,1,GTATTAGCGGCCATGGTAAC,0,1615472
galSp,0.5,1,1,GTATGCACACAGTGCCACCC,0,1604249
galSp,0.5,1,1,GTATCAGGAGGGCGCTCGGA,0,1614162
galSp,0.5,1,1,GTATATTCAAAAGTTGAGAT,0,1607397
galSp,0.5,1,1,GTAGTTGCGGGCCTAATTGC,0,1612795
galSp,0.5,1,1,GTAGTTATATCATACCGAAA,0,1620037
galSp,0.5,1,1,GTAGGTCGTCTTCATGTCCA,0,1608987
galSp,0.5,1,1,GTAGGAGACTAGACAGTCCG,0,1613120
galSp,0.5,1,1,GTAGATTGCTATTGCGCGGT,0,1618743
galSp,0.5,1,1,GTAGACATTACGCAGTCGCA,0,1615308
galSp,0.5,1,1,GTACATAGTCGGAGGTCCAT,0,1607973
galSp,0.5,1,1,GTAATTCGTCCCCCTACCAT,0,1614311
galSp,0.5,1,1,GGTTTCTTACCTCTACTGCA,0,1605737
galSp,0.5,1,1,GGTTTACTATGATCCTGTTA,0,1604059
galSp,0.5,1,1,GGTTCACGCTGTACGTCTTT,0,1616951
galSp,0.5,1,1,GGTGTAGTATCACCTAGGCG,0,1620791
galSp,0.5,1,1,GGTGGTCCCTGAGGCCTAAA,0,1608528
galSp,0.5,1,1,GGTGCTCCGGAAACGGCACC,0,1620796
galSp,0.5,1,1,GGTGCTAACTTCGTTCTCGT,0,1606057
galSp,0.5,1,1,GGTCTTCGTGAATTCAAAAT,0,1614285
galSp,0.5,1,1,GGTCTCGCGTTGTACTAAGC,0,1599413
galSp,0.5,1,1,GGTCTATGAGTACGCTGAAA,0,1601860
galSp,0.5,1,1,GGTCTATAGCGAGCTTGAGG,0,1596975
galSp,0.5,1,1,GGTCTACGTCGTAAAGTGGT,0,1612842
galSp,0.5,1,1,GGTCGTTCATGGACGTTTTG,0,1605216
galSp,0.5,1,1,GGTCGTGTGGAACACAAGAC,0,1610697
galSp,0.5,1,1,GGTCGGCACAATCCTGGGAA,0,1607238
galSp,0.5,1,1,GGTCACACTCGCGCACTGTG,0,1596769
galSp,0.5,1,1,GGTATTAACCAGCGGGGCAG,0,1616209
galSp,0.5,1,1,GGTAGGACCCCGAACCTCCC,0,1609052
galSp,0.5,1,1,GGTAGACATTTTAAGAAGCG,0,1617744
galSp,0.5,1,1,GGTACGCGACCGCGTATGAA,0,1597183
galSp,0.5,1,1,GGTACCGCTCGTTAGCCGTC,0,1606512
galSp,0.5,1,1,GGTAATGTACGGTCCCAATT,0,1611100
galSp,0.5,1,1,GGTAATATGCTTAAAGGTGG,0,1607921
galSp,0.5,1,1,GGGTGGGTCTGTCCTATTTA,0,1597083
galSp,0.5,1,1,GGGTGCCACCGCCGTATGCC,0,1612894
galSp,0.5,1,1,GGGTCCCGTGTTTTCGTGGC,0,1598044
galSp,0.5,1,1,GGGTCCATCTAACACGATGG,0,1606614
galSp,0.5,1,1,GGGGTCTCTTTTTGTAAACT,0,1605181
galSp,0.5,1,1,GGGGTCGGAATCATGGGCCG,0,1596159
galSp,0.5,1,1,GGGGGCTGGTGATTGCGGGG,0,1597109
galSp,0.5,1,1,GGGGGATAACCACCGTGGGT,0,1614142
galSp,0.5,1,1,GGGGCTGTGAATCGGCATGA,0,1605585
galSp,0.5,1,1,GGGCTATTCGGGTCCACCGT,0,1618120
galSp,0.5,1,1,GGGCCGGTTCATCTACCCGA,0,1613664
galSp,0.5,1,1,GGGCCAACATTACAAAGGGG,0,1617376
galSp,0.5,1,1,GGGCAAATATGTCCTCTACA,0,1608617
galSp,0.5,1,1,GGGAGCTCCGTTCCTAAGGC,0,1604130
galSp,0.5,1,1,GGGACCGTATGGACTGAATA,0,1619544
galSp,0.5,1,1,GGGACCACGGCCCGGATACG,0,1612693
galSp,0.5,1,1,GGGAATGATAGACGCAAATC,0,1617091
galSp,0.5,1,1,GGGAAAAACGCAGTAGATGA,0,1615507
galSp,0.5,1,1,GGCTTTCGCTTGGAGTCTCG,0,1597922
galSp,0.5,1,1,GGCTGGTCCGTATTTGTGTT,0,1602253
galSp,0.5,1,1,GGCTGGAAGACAACTGTCCG,0,1617305
galSp,0.5,1,1,GGCTCCGCATAGGAGGCCGA,0,1610923
galSp,0.5,1,1,GGCTACACAGGACAGCACTT,0,1596105
galSp,0.5,1,1,GGCCCCACGAGCTTGAGAAT,0,1610192
galSp,0.5,1,1,GGCCACACACCAAGATACGG,0,1606955
galSp,0.5,1,1,GGCATTATTCGCAAAACCTC,0,1599426
galSp,0.5,1,1,GGCATGTTTGTCACAAGCAT,0,1618756
galSp,0.5,1,1,GGCAGACGTCGCCATTGAGT,0,1614997
galSp,0.5,1,1,GGCAAGGGGGCGTTCTTTCA,0,1606888
galSp,0.5,1,1,GGATTCTGATATCCTCGTAG,0,1603925
galSp,0.5,1,1,GGATGCCGGGATGCGGGGTC,0,1605439
galSp,0.5,1,1,GGATATACAGTTAGCGATAC,0,1619220
galSp,0.5,1,1,GGAGTTCGTTTAGAGGTCAA,0,1610755
galSp,0.5,1,1,GGAGTAATCGATCCTGCGGT,0,1602269
galSp,0.5,1,1,GGAGGATCAAAATACGCCTT,0,1597269
galSp,0.5,1,1,GGAGCTGAGTTAAAGGCTAA,0,1606680
galSp,0.5,1,1,GGAGCAGCAAGGACCCGCAA,0,1612835
galSp,0.5,1,1,GGACTGGGGGTAGGTACATT,0,1610330
galSp,0.5,1,1,GGACCGAATTATTCTTACTA,0,1605990
galSp,0.5,1,1,GGAATGCTTCTAGAATTCCA,0,1620208
galSp,0.5,1,1,GGAATCCGCTATGGAGACCA,0,1620645
galSp,0.5,1,1,GGAAGTTTCAGGCTATGCGT,0,1619115
galSp,0.5,1,1,GGAAGATGTGTGGTCTGGCA,0,1621541
galSp,0.5,1,1,GGAAATCGCACCTGTGCGGT,0,1598551
galSp,0.5,1,1,GCTTTGTTTGTGTTTTTGAG,0,1607062
galSp,0.5,1,1,GCTTTCAGACGGGGCGTGAA,0,1598896
galSp,0.5,1,1,GCTTTACGTGCGCGGCACTA,0,1611319
galSp,0.5,1,1,GCTTGTCGGAGCGGCCTGCC,0,1620837
galSp,0.5,1,1,GCTTCGTTGGGCCGATTAAT,0,1603960
galSp,0.5,1,1,GCTTATGTCTGCTTAGCAAT,0,1610065
galSp,0.5,1,1,GCTTAGGCTCGTAGGAAAAA,0,1604117
galSp,0.5,1,1,GCTTACGAAAAAGTGGAAAA,0,1605556
galSp,0.5,1,1,GCTTAATGCAGTCAACGGCG,0,1620653
galSp,0.5,1,1,GCTTAACTTTGGGCCTTAAA,0,1604173
galSp,0.5,1,1,GCTGTTAATCGTTATCCGCT,0,1619290
galSp,0.5,1,1,GCTGGTACAATTCGCCCCTC,0,1608935
galSp,0.5,1,1,GCTGACAATGCAATAACTCT,0,1616076
galSp,0.5,1,1,GCTCGGCATGTCTACGGACA,0,1598957
galSp,0.5,1,1,GCTCACATTTTCCCTTCCAA,0,1615951
galSp,0.5,1,1,GCTAGGTGTACTTGGTGAAA,0,1615100
galSp,0.5,1,1,GCTACTCGGAGTTGAAGGAT,0,1607423
galSp,0.5,1,1,GCGTCCATTCTCGTCACCGG,0,1606976
galSp,0.5,1,1,GCGCTTCCGACAACCGCCCA,0,1621491
galSp,0.5,1,1,GCGCGACCGTGAAGTACTAC,0,1610682
galSp,0.5,1,1,GCGCCTCACGAGCCAACATG,0,1617158
galSp,0.5,1,1,GCGCCCCGTCCATGAACCGA,0,1611527
galSp,0.5,1,1,GCGATTATTTTCTTACCCCG,0,1598365
galSp,0.5,1,1,GCGAGCAAGACTTTGCCGAG,0,1598360
galSp,0.5,1,1,GCCTCAACCCAGTTCATACC,0,1614469
galSp,0.5,1,1,GCCTAGGATCCCTGGTTTTA,0,1599490
galSp,0.5,1,1,GCCGTGGGCGCGTCTTCAAT,0,1608909
galSp,0.5,1,1,GCCGGTCGCCTGTGATCCGC,0,1597865
galSp,0.5,1,1,GCCGCGGCATCATCAATGGT,0,1620802
galSp,0.5,1,1,GCCGCGATACTTATGACACA,0,1600719
galSp,0.5,1,1,GCCCTTTTGTCGTTTCAATG,0,1597090
galSp,0.5,1,1,GCCCTAGCTGAGGGCAATAA,0,1607126
galSp,0.5,1,1,GCCCAAACCGCGACACGTAT,0,1599377
galSp,0.5,1,1,GCCATGTTCACCTTCGGATC,0,1621549
galSp,0.5,1,1,GCCATGGCTAACGCTCGTTC,0,1599704
galSp,0.5,1,1,GCCATCCTATTCTTCTAGGC,0,1600833
galSp,0.5,1,1,GCCATATGCAATTACAGTAC,0,1616093
galSp,0.5,1,1,GCCAGCCATACAATGAGATT,0,1595504
galSp,0.5,1,1,GCCAGAGTCAAGACTTTTCG,0,1613979
galSp,0.5,1,1,GCCACGCGTGTCGTTAAAAC,0,1605606
galSp,0.5,1,1,GCATGTCAGAATCAGCTATT,0,1596439
galSp,0.5,1,1,GCATGGTAATGTCTGAGTGT,0,1604893
galSp,0.5,1,1,GCATCTGTATAGGTGCAATG,0,1616461
galSp,0.5,1,1,GCATCGGGGCCATTCACATT,0,1620694
galSp,0.5,1,1,GCATCCGTGGTATTTTGTTG,0,1605783
galSp,0.5,1,1,GCATAACAGTCCAGGCTCAG,0,1620618
galSp,0.5,1,1,GCAGGAGAAATTTCAGCCGA,0,1614572
galSp,0.5,1,1,GCAGCTCCCCGCTCTGTGAT,0,1616572
galSp,0.5,1,1,GCAGCCCGAGGGGAGTGAAT,0,1597945
galSp,0.5,1,1,GCAGAGACAGGGACTGGAAT,0,1601255
galSp,0.5,1,1,GCAGAGAATTCACAGATGTA,0,1619417
galSp,0.5,1,1,GCAGAAGCATTTAACGAGAT,0,1596361
galSp,0.5,1,1,GCACTTATGTAGGTCATCGA,0,1598194
galSp,0.5,1,1,GCACCACGGCTTCCCCCCCA,0,1607401
galSp,0.5,1,1,GCAATAAGTGGAGTACGCTC,0,1615910
galSp,0.5,1,1,GCAAGCACTTAGAGTCCAAT,0,1613837
galSp,0.5,1,1,GCAAGACATCCGATGTGAAG,0,1618941
galSp,0.5,1,1,GCAAAAGTGGACAAGTCTGT,0,1598376
galSp,0.5,1,1,GATTTCCGCAGGATTCGCTT,0,1608730
galSp,0.5,1,1,GATTCAGCCCGAACACCTCA,0,1598485
galSp,0.5,1,1,GATTCACACAGCGCATCCCG,0,1608393
galSp,0.5,1,1,GATGGGTCTAAATTTCAGTC,0,1596339
galSp,0.5,1,1,GATGGGCAAACTCGGGGTTC,0,1601612
galSp,0.5,1,1,GATGCTATGAATTTGCCCAT,0,1610784
galSp,0.5,1,1,GATGACTCAGGCCCCGCGCC,0,1604992
galSp,0.5,1,1,GATCTGGCGGCTAGTGAAGT,0,1614638
galSp,0.5,1,1,GATCTGATCGGGGTGTCTTC,0,1616916
galSp,0.5,1,1,GATCAGTTTTAACAGCTTGG,0,1605108
galSp,0.5,1,1,GATCAGTAACCGCATAGAGA,0,1617399
galSp,0.5,1,1,GATCACGTACTGGCTTATCA,0,1616716
galSp,0.5,1,1,GATCACCTTGAAGATGAACT,0,1611481
galSp,0.5,1,1,GATATTATAAGACGGGTTCA,0,1618629
galSp,0.5,1,1,GATATGTCGGATGCGAATGA,0,1606939
galSp,0.5,1,1,GATATAGGCTGGACTTATAT,0,1613173
galSp,0.5,1,1,GATAAACCCTGCGCCCAGCT,0,1618823
galSp,0.5,1,1,GAGTTGCCGCAACTCGACGC,0,1620711
galSp,0.5,1,1,GAGTGTAATAACGACTTCGG,0,1603149
galSp,0.5,1,1,GAGTGGTTTTCGGTTGTAGC,0,1603698
galSp,0.5,1,1,GAGTCTAGGTTTTGGTACGA,0,1611297
galSp,0.5,1,1,GAGTATTCTTGGACGAGATT,0,1613477
galSp,0.5,1,1,GAGTACGGCAGCTGGTCTGT,0,1595747
galSp,0.5,1,1,GAGGTAGGATCGCAAAGCCA,0,1614261
galSp,0.5,1,1,GAGGTACCTAACTACGCGAC,0,1616896
galSp,0.5,1,1,GAGGAGTTACGGCTACTAGC,0,1610706
galSp,0.5,1,1,GAGCTCGGGTTACCCCCAAC,0,1601688
galSp,0.5,1,1,GAGCATCGAGTGACGAATCC,0,1611753
galSp,0.5,1,1,GAGCAGGGTCTTAAAAATCA,0,1620237
galSp,0.5,1,1,GAGCACTAAGCCGTCATCAC,0,1599897
galSp,0.5,1,1,GAGCACATCTTAATGCAGTG,0,1619845
galSp,0.5,1,1,GAGACCTGAATTTTTTGGGT,0,1601109
galSp,0.5,1,1,GAGAATAAACAAAACGTGCC,0,1599294
galSp,0.5,1,1,GAGAAACCAGCCATTTACAG,0,1599543
galSp,0.5,1,1,GACTACTTGTGTTCAATTTG,0,1614967
galSp,0.5,1,1,GACGCGTACGCACATTCTAG,0,1619594
galSp,0.5,1,1,GACGACAACGCTGTACTCGG,0,1610867
galSp,0.5,1,1,GACCTACAAGAACGAGTGGA,0,1617275
galSp,0.5,1,1,GACCGTTCGTCCGCGGCTGG,0,1598972
galSp,0.5,1,1,GACCACGGTCGCCAATAGCT,0,1614812
galSp,0.5,1,1,GACAGAGGACGTCATCTACG,0,1602089
galSp,0.5,1,1,GACACACTCAGGGCGCGGTG,0,1617039
galSp,0.5,1,1,GAATTTGACAGAGGCCGTGC,0,1620753
galSp,0.5,1,1,GAATTCTTTTTTTCCACGCT,0,1599805
galSp,0.5,1,1,GAATGTGTAGTCGGGTAGAC,0,1617562
galSp,0.5,1,1,GAATGCCGCGGCTAATTAAT,0,1605740
galSp,0.5,1,1,GAATACGCAAGTCAAACCGA,0,1619766
galSp,0.5,1,1,GAAGATCTGACCGATCCAGT,0,1609657
galSp,0.5,1,1,GAACGTTTTTCTTTCGAGGT,0,1596146
galSp,0.5,1,1,GAACGGATTGACTGCACATT,0,1612324
galSp,0.5,1,1,GAACGAAGGGTGGTCGGTAT,0,1620306
galSp,0.5,1,1,CTTTTTTTATTGGTAATTTT,0,1615102
galSp,0.5,1,1,CTTTTTGTTTGATAGACTTC,0,1615239
galSp,0.5,1,1,CTTTTCGTTGGCTCAGACGT,0,1606460
galSp,0.5,1,1,CTTTTCACGGAAAGTCCAGC,0,1601807
galSp,0.5,1,1,CTTTGTGTATCGCCAGCTAT,0,1607252
galSp,0.5,1,1,CTTTGCGTACTTTCTTATCG,0,1597294
galSp,0.5,1,1,CTTTGAAATCAGCTCGGCCC,0,1605295
galSp,0.5,1,1,CTTTCGTCCGATGTGCCCAA,0,1603087
galSp,0.5,1,1,CTTTATATGCTTTTATGTCA,0,1601181
galSp,0.5,1,1,CTTGTTCCAACAGGGAAACT,0,1595802
galSp,0.5,1,1,CTTGTTCATGACCATTAACT,0,1604501
galSp,0.5,1,1,CTTGTGTAGGCATTCCCCGG,0,1616138
galSp,0.5,1,1,CTTGTAAACGACTTTGTGCA,0,1600419
galSp,0.5,1,1,CTTGGTAATCGAGATTGCTT,0,1615061
galSp,0.5,1,1,CTTGCGGGATCAGATTCGTG,0,1621134
galSp,0.5,1,1,CTTGCATATAGAATTTCAGC,0,1612590
galSp,0.5,1,1,CTTGCAAATGCATTATGGAT,0,1614536
galSp,0.5,1,1,CTTCTCGCGCCGGTCCGCGT,0,1617534
galSp,0.5,1,1,CTTCATGACCTATTTAGACA,0,1619100
galSp,0.5,1,1,CTTCACCCAGGGTTCTTTGT,0,1606990
galSp,0.5,1,1,CTTATTGGGGACATACCCCT,0,1617026
galSp,0.5,1,1,CTTAGGTTCCCGGGTGCGAC,0,1610382
galSp,0.5,1,1,CTTACTTATGCAAGCGATTT,0,1613914
galSp,0.5,1,1,CTTACAGGATTAAAGTCGGC,0,1598115
galSp,0.5,1,1,CTTAAAGCGTGTGGCCAGCT,0,1597895
galSp,0.5,1,1,CTGTGGCTTGAACGACTCAA,0,1603454
galSp,0.5,1,1,CTGTGAGGGTTTAACATCAT,0,1603053
galSp,0.5,1,1,CTGTAGGGGCCTCCAATTGT,0,1619951
galSp,0.5,1,1,CTGTAGGCACATAGACTCAA,0,1608640
galSp,0.5,1,1,CTGGTGAGCCTTTGAACATA,0,1609043
galSp,0.5,1,1,CTGGGCCGTGCAGATTGCAA,0,1617605
galSp,0.5,1,1,CTGGCGGACGGTATAAGTAA,0,1621444
galSp,0.5,1,1,CTGCGTACGGCCGTCTGGGT,0,1609292
galSp,0.5,1,1,CTGCGCTGTCAGCCGGTTCA,0,1605668
galSp,0.5,1,1,CTGAGTAAAGGGACGGACAG,0,1613480
galSp,0.5,1,1,CTCTTAGCCCGGAGGAGGGG,0,1620946
galSp,0.5,1,1,CTCTCCGGCGGACTTTTTTC,0,1609326
galSp,0.5,1,1,CTCGGTATTTACAAGATGTA,0,1601106
galSp,0.5,1,1,CTCGCTTGTTGAGCGTTGGC,0,1606455
galSp,0.5,1,1,CTCGCGTTCCTGAGTCATGG,0,1604057
galSp,0.5,1,1,CTCCCTCTGCGGGAGAAAGG,0,1621452
galSp,0.5,1,1,CTCCATGCTTTATACCATGG,0,1621242
galSp,0.5,1,1,CTCATTTACCAGTGCGTTAG,0,1596912
galSp,0.5,1,1,CTATTGAGCAAATTCGTGTT,0,1602804
galSp,0.5,1,1,CTATGGGGGAAGGTATGTCA,0,1597692
galSp,0.5,1,1,CTATGGCTCCGAGAAATAGA,0,1614704
galSp,0.5,1,1,CTATGATTACTGTTGAAAGC,0,1612098
galSp,0.5,1,1,CTATAACCCTACGTTGGCGG,0,1615849
galSp,0.5,1,1,CTAGAGTCTCGCAGACCTAC,0,1606126
galSp,0.5,1,1,CTAGACGGGGTGAGAAAGCC,0,1599788
galSp,0.5,1,1,CTACAGCGTGTCGTATAGTA,0,1598616
galSp,0.5,1,1,CTACAATGGCAGGATCCTGC,0,1603356
galSp,0.5,1,1,CTACAACTCAAACGAAGCCT,0,1595908
galSp,0.5,1,1,CTACAAAAAAGCGAACTGGA,0,1619865
galSp,0.5,1,1,CTAATGCTATCTGTGAATTT,0,1597007
galSp,0.5,1,1,CGTTGTGGGTGGTGTAAGGG,0,1608368
galSp,0.5,1,1,CGTTGGATGCTCGACACGCT,0,1597742
galSp,0.5,1,1,CGTTCTGCAGTGTAAACTGT,0,1597792
galSp,0.5,1,1,CGTTCCAGGGGTGCTCTAAC,0,1605198
galSp,0.5,1,1,CGTTAAGTATTATCGTCCTG,0,1596206
galSp,0.5,1,1,CGTGGCGTGCTGGGAAAGCC,0,1608023
galSp,0.5,1,1,CGTGCGTATAGTCGATGGAC,0,1601298
galSp,0.5,1,1,CGTCTAGCCCATTGCGTACC,0,1606136
galSp,0.5,1,1,CGTCCGTAGTACCATGAATT,0,1604721
galSp,0.5,1,1,CGTCCGGTTTGACGCCGGTC,0,1604678
galSp,0.5,1,1,CGTCCGGTGTTATGGCTCGA,0,1616227
galSp,0.5,1,1,CGTCAGTGAACTGTAAGTGC,0,1611288
galSp,0.5,1,1,CGTCAGCTTTGTTACGCTGC,0,1618636
galSp,0.5,1,1,CGTCAGCAGGGGATTGTCTC,0,1599418
galSp,0.5,1,1,CGTATTCACGACTTTCCCTA,0,1614070
galSp,0.5,1,1,CGTATAAATCTCTTGCTCCT,0,1598753
galSp,0.5,1,1,CGTAATGAACTTTCAGCATA,0,1603275
galSp,0.5,1,1,CGGTTTGAATTGGGCCAAGA,0,1598350
galSp,0.5,1,1,CGGTTTCGCCTTTGGATCTT,0,1598256
galSp,0.5,1,1,CGGTTGGAGCTGGGACTTCT,0,1613704
galSp,0.5,1,1,CGGTATGGCCAGCATCTCAA,0,1615959
galSp,0.5,1,1,CGGTACAGACGTCCCGGCCC,0,1602320
galSp,0.5,1,1,CGGGGTTGTGCTTGTACCAG,0,1610869
galSp,0.5,1,1,CGGGCGAGTTCGTCGCACCA,0,1619333
galSp,0.5,1,1,CGGGACTAATACAGCATCGA,0,1609079
galSp,0.5,1,1,CGGCGGAGGTAAAGTCGTCA,0,1602274
galSp,0.5,1,1,CGGCGAGGGTCTGAGGCACA,0,1601674
galSp,0.5,1,1,CGGCGACTAACACTCTGTAG,0,1607299
galSp,0.5,1,1,CGGCCTAGCTGTGCCAACAA,0,1616201
galSp,0.5,1,1,CGGCCCCGTTGAGTGGGGTG,0,1604103
galSp,0.5,1,1,CGGCATTGGGTCAGCAGCTA,0,1602946
galSp,0.5,1,1,CGGCATAAACCGATTTAATA,0,1614075
galSp,0.5,1,1,CGGATATAGTGGGGCCGTTT,0,1617354
galSp,0.5,1,1,CGGAGTCTAACCGACGGTCA,0,1597907
galSp,0.5,1,1,CGGAAGCCAAATTCATTAAC,0,1617232
galSp,0.5,1,1,CGCTCGGGCCTTGGCTTTCT,0,1612080
galSp,0.5,1,1,CGCTCACCATCTGGCTCGCA,0,1602517
galSp,0.5,1,1,CGCTAGATGAGCTATGGGCA,0,1608860
galSp,0.5,1,1,CGCTACTCCTATGTGTTTGC,0,1612420
galSp,0.5,1,1,CGCTAAGTAGCTAGCATTTT,0,1598560
galSp,0.5,1,1,CGCGCTGATTGCGTTCAGTA,0,1608336
galSp,0.5,1,1,CGCGCGGGATACCAGAGCCG,0,1606197
galSp,0.5,1,1,CGCGACCTGTGCAATATATT,0,1601177
galSp,0.5,1,1,CGCGAATTTCACGTGAGAAA,0,1613044
galSp,0.5,1,1,CGCCTGACGCGGCGATCTAA,0,1612328
galSp,0.5,1,1,CGCCCGGTTCTCGACCTGGT,0,1607204
galSp,0.5,1,1,CGCCATATTATCCTAAGGGG,0,1602544
galSp,0.5,1,1,CGCAGTCATTTTAAGCGGCA,0,1598178
galSp,0.5,1,1,CGCAGCACTCCGCGGGGCTA,0,1608061
galSp,0.5,1,1,CGCACCTAGCCCTTGTCACG,0,1607925
galSp,0.5,1,1,CGATTTATGATGGGGCCTCG,0,1616300
galSp,0.5,1,1,CGATTTACTAGGCGTGGCAA,0,1608251
galSp,0.5,1,1,CGATCGTGCGACCAGCGGCC,0,1618041
galSp,0.5,1,1,CGATCCAAACCAAGGCACCT,0,1599433
galSp,0.5,1,1,CGATAGAAGGACTCACAACC,0,1617412
galSp,0.5,1,1,CGAGTGTCCATAAGTGGCGA,0,1614068
galSp,0.5,1,1,CGAGGTCCGCATACAAGTTC,0,1621584
galSp,0.5,1,1,CGAGGGGGGTCCCCCTCGGA,0,1596754
galSp,0.5,1,1,CGAGGGGCATGATACGGTTT,0,1603024
galSp,0.5,1,1,CGAGGATTAGGTGCGTAATA,0,1606429
galSp,0.5,1,1,CGAGCGAAACTTTACAAAGC,0,1595685
galSp,0.5,1,1,CGAGAAACGACTGCAGTTGC,0,1602008
galSp,0.5,1,1,CGACGCGCGCACACGTAGTG,0,1595767
galSp,0.5,1,1,CGACAAGCTGCGGGGGCTTA,0,1602754
galSp,0.5,1,1,CGAATGGGTACAGCAAAACC,0,1608180
galSp,0.5,1,1,CGAACGACGTCAACCACACT,0,1616483
galSp,0.5,1,1,CGAAACTGTAGTTTGATGAT,0,1599011
galSp,0.5,1,1,CGAAAAGAGTGGGGTAATAG,0,1606099
galSp,0.5,1,1,CCTTGTGGCACTGGCACAGA,0,1600872
galSp,0.5,1,1,CCTTGTCACGCCTCAGAAGC,0,1617897
galSp,0.5,1,1,CCTTGCGTTCTACACCTCTC,0,1596818
galSp,0.5,1,1,CCTTGCGGCGCAGCGAATGA,0,1603146
galSp,0.5,1,1,CCTTCTTCATAGCTCGTGTT,0,1615694
galSp,0.5,1,1,CCTTCTCTGCTTATCGAGTG,0,1616477
galSp,0.5,1,1,CCTGGACGGCTTCTCTCAAC,0,1608643
galSp,0.5,1,1,CCTGCCCAGCTAAATACCGG,0,1603957
galSp,0.5,1,1,CCTGAATGAAAGCTCTTCGT,0,1599763
galSp,0.5,1,1,CCTCTAGATTTGCGTTCCAG,0,1611768
galSp,0.5,1,1,CCTAGAAGCTACACGACGTA,0,1596951
galSp,0.5,1,1,CCTACTATGCCGTTGGCGGC,0,1597748
galSp,0.5,1,1,CCTACGCTATTTGACGTGGG,0,1617561
galSp,0.5,1,1,CCTACCGGGGACTCTTGGAA,0,1613319
galSp,0.5,1,1,CCTACCGAAGAATATTTGGA,0,1599611
galSp,0.5,1,1,CCTACCACTTATAAATCACT,0,1596507
galSp,0.5,1,1,CCTACAGGCACGTTGCCTTA,0,1620734
galSp,0.5,1,1,CCGTTTCAACTGCCGTTGCA,0,1595667
galSp,0.5,1,1,CCGGTACGAGCCGGGTTTAA,0,1617515
galSp,0.5,1,1,CCGGGCGAAAGGACAGAAGG,0,1596147
galSp,0.5,1,1,CCGGCTTCCCACCCCGTTCC,0,1599496
galSp,0.5,1,1,CCGGCGATGAGGATGTTTTG,0,1598959
galSp,0.5,1,1,CCGGCGAGATACACATTGTT,0,1597784
galSp,0.5,1,1,CCGGCACTAAGTCTATTGGA,0,1605022
galSp,0.5,1,1,CCGGAGCGGGTAACGTCGGT,0,1595953
galSp,0.5,1,1,CCGGACTTATTGATATAGTA,0,1614814
galSp,0.5,1,1,CCGCTCAGCGGGGCCGCTCA,0,1609658
galSp,0.5,1,1,CCGCCTAACACTAATAGGAG,0,1617379
galSp,0.5,1,1,CCGCCAGGATTATAGCGCGG,0,1600600
galSp,0.5,1,1,CCGCATTGGTATAAAAAGTG,0,1598682
galSp,0.5,1,1,CCGCATTGGCCAGCGCCACC,0,1598079
galSp,0.5,1,1,CCGACTCCATTGCAGATTAA,0,1618009
galSp,0.5,1,1,CCGACACCGTCTAAATAGGT,0,1620005
galSp,0.5,1,1,CCGACACAGGAACGCGTATG,0,1617245
galSp,0.5,1,1,CCGAACCGGACGTATACACT,0,1611449
galSp,0.5,1,1,CCCTTAGAGGACCCCGTCCA,0,1610601
galSp,0.5,1,1,CCCTGTCACACCTTGACGAG,0,1609933
galSp,0.5,1,1,CCCGAGTATGGAAAGGCTCC,0,1599836
galSp,0.5,1,1,CCCCTCAACTCGAAACATAT,0,1613007
galSp,0.5,1,1,CCCCCCATCAGAAACGAATT,0,1598578
galSp,0.5,1,1,CCCCAGACAGGTTATCATTC,0,1618720
galSp,0.5,1,1,CCCAGATGGGCGCTCGGGTT,0,1608228
galSp,0.5,1,1,CCCACTTTGATACTTTAGGA,0,1598660
galSp,0.5,1,1,CCCACGTCAATTGTCCTTAT,0,1613805
galSp,0.5,1,1,CCATGTCTCAGGATCGCTAG,0,1603156
galSp,0.5,1,1,CCATGTCAGGGATTCCGTTT,0,1614030
galSp,0.5,1,1,CCATGACCAGTGCTAGCCTT,0,1609071
galSp,0.5,1,1,CCATGACACATTAAGAACAA,0,1620929
galSp,0.5,1,1,CCATAGAGTAAATGCTGGAA,0,1606673
galSp,0.5,1,1,CCAGTGGTCTGAAATGACAG,0,1597487
galSp,0.5,1,1,CCAGGTATGTAGCCGGCCGC,0,1610227
galSp,0.5,1,1,CCAGGGACTTCAAGGTCATA,0,1620736
galSp,0.5,1,1,CCAGGCTCACACCAGGCGGC,0,1606704
galSp,0.5,1,1,CCAGGCACTATCCAGCCTCT,0,1616599
galSp,0.5,1,1,CCAGCCTCAGCATTAGACCG,0,1601218
galSp,0.5,1,1,CCAGCCGGAGGCGCCAGTAA,0,1613453
galSp,0.5,1,1,CCACTCACAGTGACTTCCTT,0,1595771
galSp,0.5,1,1,CCACGAGTTGTGAGTTCTGA,0,1596745
galSp,0.5,1,1,CCAATACCTGAATGTCCCAG,0,1614029
galSp,0.5,1,1,CCAAGAGGAAACAGGTAAAT,0,1600598
galSp,0.5,1,1,CCAACCATACGCGAAAGTGT,0,1612152
galSp,0.5,1,1,CATTTGACACTATACTCGCG,0,1605300
galSp,0.5,1,1,CATTTCTAAAGGCTAAAATC,0,1605433
galSp,0.5,1,1,CATTCATGAACGGTACACCT,0,1617464
galSp,0.5,1,1,CATGTAAAGCTTTTGAAGAA,0,1609479
galSp,0.5,1,1,CATGCCACTGACACGGGGGT,0,1618024
galSp,0.5,1,1,CATGCAGGAGGGCTGTGTAC,0,1601561
galSp,0.5,1,1,CATCGATGACCTCCCGTCGG,0,1609724
galSp,0.5,1,1,CATCCAACATATTGCAGCGT,0,1615036
galSp,0.5,1,1,CATCATATGTGCCTTGGAGA,0,1612496
galSp,0.5,1,1,CATCACTCTATAATAAAGAG,0,1610038
galSp,0.5,1,1,CATATCATTCCGAATCCATT,0,1602737
galSp,0.5,1,1,CATAGACTCAAGAACAGGCC,0,1616796
galSp,0.5,1,1,CATACATGCATTTAACTCGC,0,1607516
galSp,0.5,1,1,CATACACGCGCGAAGCGCGC,0,1616116
galSp,0.5,1,1,CAGTTAGGACGCGAACGCAG,0,1616520
galSp,0.5,1,1,CAGTTACGTAGGCACGCAGC,0,1600750
galSp,0.5,1,1,CAGTCTGCAGCCCTCAAACA,0,1606642
galSp,0.5,1,1,CAGGTTTGTTTTGGGATGGA,0,1597991
galSp,0.5,1,1,CAGGTTCGTAGCCAAAGGTG,0,1611160
galSp,0.5,1,1,CAGGTACACCCTTATGAATC,0,1605684
galSp,0.5,1,1,CAGGATTATCCATCGAGGAT,0,1618559
galSp,0.5,1,1,CAGGAGCATGAGAGTATCGT,0,1614067
galSp,0.5,1,1,CAGGAAGGTTGACAGTATTT,0,1620515
galSp,0.5,1,1,CAGCTTGCGAGTGTAATCAC,0,1599155
galSp,0.5,1,1,CAGCCTTGCAACTCCCCTGA,0,1599091
galSp,0.5,1,1,CAGCCGGTGAGAGGGCGAAT,0,1607063
galSp,0.5,1,1,CAGCCGCTGCTGGAATTTAA,0,1597101
galSp,0.5,1,1,CAGATGGTCTTTGCTAGGGA,0,1616144
galSp,0.5,1,1,CAGATCTTGGGGCGATGGGC,0,1612227
galSp,0.5,1,1,CAGACAGGCGTAATATCTGA,0,1603172
galSp,0.5,1,1,CAGAACGGCAACACACTGAT,0,1612874
galSp,0.5,1,1,CAGAAACAAGATCGAGACCG,0,1620102
galSp,0.5,1,1,CACTGTTGACCTGCTAAGAT,0,1612268
galSp,0.5,1,1,CACTGGTTCCCGACGCTGGC,0,1612707
galSp,0.5,1,1,CACGTTCATTGTCGATAAGG,0,1605170
galSp,0.5,1,1,CACGGTCGTGAAAAATGTTA,0,1607040
galSp,0.5,1,1,CACGGGCCAGCTAGATCAAG,0,1616702
galSp,0.5,1,1,CACGCCTCCAGACCACGGCT,0,1613516
galSp,0.5,1,1,CACCGGTCGTTACTTACAAG,0,1597072
galSp,0.5,1,1,CACCGGCAGACATGACTCAA,0,1606991
galSp,0.5,1,1,CACCGCATACTTTCGGTCGT,0,1616048
galSp,0.5,1,1,CACATAGCGCGTTATCCGGC,0,1596622
galSp,0.5,1,1,CACACAACCGAGCATTGTAT,0,1621264
galSp,0.5,1,1,CACAATATGGGGGTAGCATG,0,1599607
galSp,0.5,1,1,CAATCGCGATCGAAACCGCG,0,1599770
galSp,0.5,1,1,CAAGTATGGTCATCGCCAGG,0,1603380
galSp,0.5,1,1,CAAGTACCGTCGTGTCTAGT,0,1598368
galSp,0.5,1,1,CAAGGGGTCGTGAAACGTGG,0,1618155
galSp,0.5,1,1,CAACACTTGGTTTTCTTTAG,0,1614293
galSp,0.5,1,1,CAACACATCAACAGTAATCG,0,1603278
galSp,0.5,1,1,CAAAGGGGGCGAGGAAGCCT,0,1615492
galSp,0.5,1,1,ATTTTTGTGTTGTCTCGTAT,0,1604646
galSp,0.5,1,1,ATTTTTGGCACAGCTCCTAC,0,1618076
galSp,0.5,1,1,ATTTTCGAAGTGGATATGTG,0,1597918
galSp,0.5,1,1,ATTTAACTCGGTACGGAGCT,0,1617124
galSp,0.5,1,1,ATTGTAAGTTTTCGCTCGGA,0,1616776
galSp,0.5,1,1,ATTGGTGGTCCCTAGATCAT,0,1612038
galSp,0.5,1,1,ATTGAGCAGGGGACCCAGAT,0,1619069
galSp,0.5,1,1,ATTGAACGTAACGTTCAACT,0,1605208
galSp,0.5,1,1,ATTCTTAGTGCGCATGCTAT,0,1617551
galSp,0.5,1,1,ATTCTTAGCACACCAACTCA,0,1612812
galSp,0.5,1,1,ATTCTGCCTATGGAGTTTGC,0,1612154
galSp,0.5,1,1,ATTCGGGAGTGGGTATCATA,0,1620654
galSp,0.5,1,1,ATTCCAAATCTCAGTTAGGA,0,1604002
galSp,0.5,1,1,ATTAGCGTGAGTTCAACGCC,0,1605764
galSp,0.5,1,1,ATTAGCGAACATGCGATTCA,0,1607920
galSp,0.5,1,1,ATGTTTCTTACCCCGGGGAC,0,1605787
galSp,0.5,1,1,ATGTTGCTGGCAGGCCGCCA,0,1612285
galSp,0.5,1,1,ATGTCAGTTAGCCGGCGTTT,0,1604894
galSp,0.5,1,1,ATGTATGCACGTCATTGGCC,0,1600880
galSp,0.5,1,1,ATGGTTTGGCACGTGACAGT,0,1616602
galSp,0.5,1,1,ATGGGTGTGTCCGAATCTGT,0,1605912
galSp,0.5,1,1,ATGGGGGCCAGACCTACGAA,0,1598672
galSp,0.5,1,1,ATGCTGTTAAATCTCGTATC,0,1600946
galSp,0.5,1,1,ATGCTACCTCGTTTATTTCC,0,1621086
galSp,0.5,1,1,ATGCGCGGCCCCGAATCTTC,0,1612546
galSp,0.5,1,1,ATGAGGGCCCGTGGGGTCAA,0,1616383
galSp,0.5,1,1,ATGACGTTCTAAAGCGACTG,0,1608610
galSp,0.5,1,1,ATGAAGTCTTATTATATGTT,0,1614844
galSp,0.5,1,1,ATGAACATTCCCTGTCCGTC,0,1620385
galSp,0.5,1,1,ATCTTGGCAAGCGAAAAGAG,0,1605906
galSp,0.5,1,1,ATCGTCAGATCGCTTATTAC,0,1608822
galSp,0.5,1,1,ATCGTACGTGCCCGCGAATA,0,1597798
galSp,0.5,1,1,ATCGCGAAGAACAAGGCAGC,0,1607468
galSp,0.5,1,1,ATCGAGGACTAACGCGCTAT,0,1607270
galSp,0.5,1,1,ATCGACTCTTGGGGCCACCT,0,1613764
galSp,0.5,1,1,ATCCGTGTTCGATATCCATG,0,1618316
galSp,0.5,1,1,ATCACGTCTGCGCGTGTTAT,0,1610034
galSp,0.5,1,1,ATCAATAGATCAGTATAGAC,0,1596082
galSp,0.5,1,1,ATCAACCTTCGGTGAGGCTC,0,1599809
galSp,0.5,1,1,ATATGTTCCTATGTCGGCGC,0,1616327
galSp,0.5,1,1,ATATCCACTGACGTGGTAGG,0,1597765
galSp,0.5,1,1,ATATAGGTACGTGACATACT,0,1608038
galSp,0.5,1,1,ATAGTGGCTTCTACCTTACT,0,1617954
galSp,0.5,1,1,ATAGGTATGAGTTCTGCAAA,0,1609101
galSp,0.5,1,1,ATAGGCCCCCAATCGGCACA,0,1614350
galSp,0.5,1,1,ATACCTTATGGACCTCGGAG,0,1600229
galSp,0.5,1,1,ATAATTTACCAGTCCGTCCT,0,1602571
galSp,0.5,1,1,ATAATATCCATTTAATCGTA,0,1609528
galSp,0.5,1,1,ATAAGGTCAGTTCGCGTCAT,0,1615905
galSp,0.5,1,1,ATAAGAGCACTCTTTATTGC,0,1620673
galSp,0.5,1,1,ATAAATACGATGCGACCAAC,0,1620455
galSp,0.5,1,1,ATAAACTCCGTATGTGTTCA,0,1600104
galSp,0.5,1,1,ATAAAATGGGGTCAAATGTT,0,1618564
galSp,0.5,1,1,AGTTTTTTGATGTTGGAGAG,0,1603032
galSp,0.5,1,1,AGTTTTTACGGATTAGCGGA,0,1607389
galSp,0.5,1,1,AGTTTCTATCGCGTACATGA,0,1610004
galSp,0.5,1,1,AGTTTCTATAACGGAAGGTC,0,1603349
galSp,0.5,1,1,AGTTCTTGGGCTAACAACCG,0,1607522
galSp,0.5,1,1,AGTTATAGCATGTAGAAAGT,0,1606231
galSp,0.5,1,1,AGTTAGATCTAATGGTCGAA,0,1610298
galSp,0.5,1,1,AGTTAAATTGACCGCCTTGT,0,1613094
galSp,0.5,1,1,AGTGTTTAGACATCTCCGAC,0,1606674
galSp,0.5,1,1,AGTGAGATATTGTGAGTTGG,0,1616345
galSp,0.5,1,1,AGTCCTGACTGCTCATTGAG,0,1600377
galSp,0.5,1,1,AGTCCGCGTTGAAAAAAAAC,0,1603110
galSp,0.5,1,1,AGTCAGACCCTGGCTGCGGG,0,1610316
galSp,0.5,1,1,AGTCACGCCGGAAGCAAGGC,0,1619114
galSp,0.5,1,1,AGTATAACGAATTTCATTGC,0,1610874
galSp,0.5,1,1,AGTACTACAACTGAGTGGCC,0,1618990
galSp,0.5,1,1,AGTAATGATGGTCTCTCATT,0,1608686
galSp,0.5,1,1,AGTAAAAGGAATCGAATAGC,0,1612569
galSp,0.5,1,1,AGGTTGCCCGTCTATATCAT,0,1610297
galSp,0.5,1,1,AGGTCGCTGGCTACGTGCAG,0,1606055
galSp,0.5,1,1,AGGTACCTACCAAGGCTCCG,0,1595797
galSp,0.5,1,1,AGGTAAACCGCTTCTCCCCT,0,1599808
galSp,0.5,1,1,AGGGTGACCGAACCGGAGAC,0,1616027
galSp,0.5,1,1,AGGGTAGAGGACCGTTGGGA,0,1617205
galSp,0.5,1,1,AGGGGGTCACAGACCCTATG,0,1605600
galSp,0.5,1,1,AGGGGAACTTATCTGTCTGC,0,1597869
galSp,0.5,1,1,AGGGCGGATAATCCGCCGAT,0,1610760
galSp,0.5,1,1,AGGCGTAGCTTAGTCTAAAA,0,1598699
galSp,0.5,1,1,AGGCGATCGCCTGTAGGATC,0,1613413
galSp,0.5,1,1,AGGCCGCTCATTGTCTGTTT,0,1599940
galSp,0.5,1,1,AGGCCGATAGTTTCTCGGAC,0,1614336
galSp,0.5,1,1,AGGCCGACTTGGATTCCAAT,0,1601475
galSp,0.5,1,1,AGGCAAAGGTCTGCAAAATT,0,1609115
galSp,0.5,1,1,AGGAGGCGGTCCACCCAAGG,0,1598666
galSp,0.5,1,1,AGGAGCTTAGACAGAGTGTT,0,1615674
galSp,0.5,1,1,AGGAGCGAACGAGCCTAACA,0,1618269
galSp,0.5,1,1,AGGAGACCGCACGGAAGGAT,0,1609098
galSp,0.5,1,1,AGGAATACGGAAAACAAAGG,0,1608719
galSp,0.5,1,1,AGGAAGTTCCCTTGCCGACA,0,1599099
galSp,0.5,1,1,AGCTTTCGCGTCCAATCCCT,0,1611887
galSp,0.5,1,1,AGCGGCATTAGAGTAGCCGC,0,1614038
galSp,0.5,1,1,AGCGCTGGCGACCTCGACCA,0,1621039
galSp,0.5,1,1,AGCGCCAGCAGAAAGGGTCG,0,1609064
galSp,0.5,1,1,AGCCGCGTTGGGACTGCAGA,0,1616692
galSp,0.5,1,1,AGCCGACGATTCATCATATA,0,1607880
galSp,0.5,1,1,AGCCCACATGCAGAATTGCC,0,1617287
galSp,0.5,1,1,AGATTAGAGACATCTAGTAC,0,1619185
galSp,0.5,1,1,AGATGTAGGGTGATTCTATT,0,1612118
galSp,0.5,1,1,AGATGTAAGCTATAGTACAA,0,1595785
galSp,0.5,1,1,AGATGGTACCCCACAGATGG,0,1605818
galSp,0.5,1,1,AGATGCGGGGATTTTGCAAG,0,1619372
galSp,0.5,1,1,AGATCGTTCGAAAGCGCTTG,0,1595928
galSp,0.5,1,1,AGATCGAGTGACATAAGAAA,0,1609474
galSp,0.5,1,1,AGATCATGACTTGAAGAAAC,0,1607454
galSp,0.5,1,1,AGATAGCACGCGACGCAAAT,0,1621193
galSp,0.5,1,1,AGATACAGGGATCTGATGAT,0,1610141
galSp,0.5,1,1,AGATAACGGATCCCCTTGCG,0,1599306
galSp,0.5,1,1,AGAGGGTTGAGGATTACCAA,0,1613734
galSp,0.5,1,1,AGAGGCGCACGGGCTAGGGG,0,1599794
galSp,0.5,1,1,AGAGAAGGGGGGCCAGTAAA,0,1619578
galSp,0.5,1,1,AGAATTACGTAAGGCCCGGC,0,1609934
galSp,0.5,1,1,AGAAGTCGATGGAAGAAGAT,0,1609068
galSp,0.5,1,1,AGAACAGATGGGCAACATGA,0,1613858
galSp,0.5,1,1,ACTTGGGGTGTCGGGCTAAC,0,1600364
galSp,0.5,1,1,ACTTGGGGTATATCGGGAAA,0,1616630
galSp,0.5,1,1,ACTGGGCGACGAGCTATCCT,0,1609234
galSp,0.5,1,1,ACTGCGCAGCCCGTGAAGAC,0,1609694
galSp,0.5,1,1,ACTCTGCTCCCTATGGTGTC,0,1601599
galSp,0.5,1,1,ACTCGTCCCGAGCATAGAAT,0,1614432
galSp,0.5,1,1,ACTCACAAGGTGCGACATGT,0,1611484
galSp,0.5,1,1,ACTAGAGTGCCTGGCTACCG,0,1610069
galSp,0.5,1,1,ACTAAGTTCGTGAACGGGCT,0,1598361
galSp,0.5,1,1,ACTAAACAGACGTTCGCAGC,0,1596205
galSp,0.5,1,1,ACGTTGAATGGCAGGTTTGG,0,1606007
galSp,0.5,1,1,ACGTTACGTTGCCCCAACGA,0,1618057
galSp,0.5,1,1,ACGTGCCGGTAAACGAACGC,0,1597782
galSp,0.5,1,1,ACGTATCGAGATGGCCGCTA,0,1603680
galSp,0.5,1,1,ACGGCCGTCAACGCTGTTAC,0,1603810
galSp,0.5,1,1,ACGGAGTCGGGAAGGCCCAT,0,1618387
galSp,0.5,1,1,ACGCTAGAAGGTGGCATATG,0,1600467
galSp,0.5,1,1,ACGCGGTGACGCTACTCTAA,0,1613163
galSp,0.5,1,1,ACGCGGGAGGTGCTGGTTTG,0,1600036
galSp,0.5,1,1,ACGCCAATGTTTTGCCGGAA,0,1605800
galSp,0.5,1,1,ACGCACCAAGAGCAGGACTA,0,1598749
galSp,0.5,1,1,ACGACGTAATGTGAGTTTCG,0,1605517
galSp,0.5,1,1,ACGAAACCAGTTAGCAATAG,0,1600515
galSp,0.5,1,1,ACCTTCTCAATTGTGAGAGT,0,1614566
galSp,0.5,1,1,ACCTGAGGTGGCGTTACGGG,0,1608519
galSp,0.5,1,1,ACCTACTCCTCTCCCTTGCG,0,1612311
galSp,0.5,1,1,ACCGTACGTCCACTATATAT,0,1602690
galSp,0.5,1,1,ACCCTTCAACTCGAGGGAGC,0,1598731
galSp,0.5,1,1,ACCCTGGCAATGGCTTGAAT,0,1597401
galSp,0.5,1,1,ACCCTGACGAGGTTCTAATA,0,1598055
galSp,0.5,1,1,ACCCTCAACCCAGCGTATAA,0,1604460
galSp,0.5,1,1,ACCCGCTCCATGGCACTATC,0,1606096
galSp,0.5,1,1,ACCCCTACTTAGGCTGACAC,0,1613883
galSp,0.5,1,1,ACCAGGTTTACCTACGTTCA,0,1600094
galSp,0.5,1,1,ACCACGCATCCTTACTTCTT,0,1608125
galSp,0.5,1,1,ACCACGCAAAACGGAATGAT,0,1604036
galSp,0.5,1,1,ACCAAAGTACGGTTTAGTCC,0,1609770
galSp,0.5,1,1,ACATTTAGGTTAGCCGTCAT,0,1608400
galSp,0.5,1,1,ACATGATCGGCTTATAATGC,0,1595760
galSp,0.5,1,1,ACATCAACCCGCGGTACGAG,0,1602878
galSp,0.5,1,1,ACATAGACAACGCGAAGGAT,0,1619422
galSp,0.5,1,1,ACATAAAACTCGTGGAGGGA,0,1619295
galSp,0.5,1,1,ACAGTTGGGCTCACGGTGCG,0,1605495
galSp,0.5,1,1,ACAGTAATAACACATATCAT,0,1616795
galSp,0.5,1,1,ACAGTAACCTTTTTTCGACA,0,1616241
galSp,0.5,1,1,ACAGCTCTATCGATTTGAAA,0,1614128
galSp,0.5,1,1,ACAGAATAACGTAAAAGTTG,0,1611080
galSp,0.5,1,1,ACACGGACGAGGCTGCGCTA,0,1608231
galSp,0.5,1,1,ACACATGCGTCACTTCCCAT,0,1603639
galSp,0.5,1,1,ACAACAACGACGGATACGAG,0,1609786
galSp,0.5,1,1,AATTTTTCACTTGCAGCGAA,0,1617296
galSp,0.5,1,1,AATTTTGGGCGAGTCACACG,0,1598436
galSp,0.5,1,1,AATTTGGATGTTACGATTTC,0,1608767
galSp,0.5,1,1,AATTTAATCTCATCACGGCC,0,1604081
galSp,0.5,1,1,AATTACTTATTACTGTCTTT,0,1596181
galSp,0.5,1,1,AATGTGGGATGAGTAGTGGA,0,1618472
galSp,0.5,1,1,AATGTATCCGATACGGTAAA,0,1606334
galSp,0.5,1,1,AATGGTATCACCCATCGCTC,0,1615496
galSp,0.5,1,1,AATGGGATTCCACAGCGTGA,0,1612731
galSp,0.5,1,1,AATGATCACTTACCAATCCT,0,1610070
galSp,0.5,1,1,AATCTCCCCGTATCCCGACG,0,1603738
galSp,0.5,1,1,AATCCTCTTTAAATTTGTTT,0,1608405
galSp,0.5,1,1,AATCCCATATCTTTTCCATG,0,1596770
galSp,0.5,1,1,AATCATCGCATGGCACTGCA,0,1599158
galSp,0.5,1,1,AATAGGAAGCACGGTAACAG,0,1618882
galSp,0.5,1,1,AAGTTGGGCGGTACATCTCC,0,1610988
galSp,0.5,1,1,AAGTGAGAAGAGGCGTGAGG,0,1598631
galSp,0.5,1,1,AAGTCGGTGCCTTCCCCGAC,0,1619649
galSp,0.5,1,1,AAGTCAGTCTCTGAGCAATG,0,1616715
galSp,0.5,1,1,AAGTATTCGGAGGTTGAAGA,0,1609807
galSp,0.5,1,1,AAGTATTAAAGCAAATTAAC,0,1618066
galSp,0.5,1,1,AAGTATGCCACACAGATTTC,0,1607201
galSp,0.5,1,1,AAGGGTAGCTTTGGCTTTTC,0,1618587
galSp,0.5,1,1,AAGGCTCAGTTCTTGTGAGT,0,1620723
galSp,0.5,1,1,AAGGCGTTGTGGAATGCGGT,0,1602116
galSp,0.5,1,1,AAGGCGAGCTACGCGTGAGG,0,1600958
galSp,0.5,1,1,AAGCTGCACTAGCTACGGAG,0,1611544
galSp,0.5,1,1,AAGCGAGCGAAGGTTGATCA,0,1606545
galSp,0.5,1,1,AAGCGACGAATCGAACAGAA,0,1606684
galSp,0.5,1,1,AAGCCTCGCGCGAGGAAACG,0,1612805
galSp,0.5,1,1,AAGAGGAATGTTGTGTAGCA,0,1596697
galSp,0.5,1,1,AACTTGACCACACTGTGGTA,0,1612436
galSp,0.5,1,1,AACTTCTGTTCGCAAAAACA,0,1620403
galSp,0.5,1,1,AACTGGAAGGGACATGGTAG,0,1598146
galSp,0.5,1,1,AACTGACGAATTATGACCAG,0,1595498
galSp,0.5,1,1,AACGCGGTGTACGCAATCTC,0,1619066
galSp,0.5,1,1,AACGCGGAGCAGCGTGTTAG,0,1616883
galSp,0.5,1,1,AACGCGCCGAGATTCTGCCT,0,1602138
galSp,0.5,1,1,AACCGTGAGGTGGCTTACCT,0,1600402
galSp,0.5,1,1,AACATTCGGTTCAGAACTCA,0,1609549
galSp,0.5,1,1,AACACTAAGATGTGTGAGCC,0,1619170
galSp,0.5,1,1,AACAAACCATTGTTCCACTG,0,1601686
galSp,0.5,1,1,AAATGGAGTTACGCTCCATG,0,1612173
galSp,0.5,1,1,AAAGGGGGTAAGCAGGTGTT,0,1597575
galSp,0.5,1,1,AAAGGAAGCTGCGGTCTTAT,0,1597340
galSp,0.5,1,1,AAACTATCGACTAAAGAAGG,0,1595948
galSp,0.5,1,1,AAACCCCCTGTTGCAGTCTT,0,1605068
galSp,0.5,1,1,AAACAAAGCACACTAATTGT,0,1597096
galSp,0.5,1,1,AAAATGCAAGCTCAGATGTG,0,1614537
galSp,0.5,1,1,AAAATCACCGGTCAGGTTGG,0,1613419
galSp,0.5,1,1,AAAAGCTTTATCGTAGCACA,0,1617226
galSp,0.5,1,1,AAAAAACGTCTAGCACGGTA,0,1619369
galSp,141.0,140,0,AATGGCCTGACCGCCGGGAT,140,1612863
galSp,102.0,101,0,TCCTTAAGGAGTGCCATTTT,101,1612855
galSp,94.0,93,0,CAAGTACGTCCCATCAGGAT,93,1620578
galSp,86.0,85,0,GAGTCTAGCTCTTACTCTCC,85,1607357
galSp,52.0,51,0,CGCCCCCATAGGGGACTTAC,51,1600071
galSp,46.0,45,0,CTTCCAAGCTTGCAATACGG,45,1611642
galSp,40.0,39,0,TCAGTGTTCAGAACTGGAAG,39,1618311
galSp,39.0,38,0,GCATAATCGTCTTCAACTGA,38,1604751
galSp,37.0,36,0,ACAGTTAGTTCAACGGTACA,36,1600811
galSp,37.0,36,0,AACCCAACGTGCACGCTTGA,36,1611122
galSp,36.0,35,0,CTGAACAGAGAGTTGATTAA,35,1610357
galSp,35.0,34,0,GACAAACCATTAGGGTTATC,34,1616039
galSp,33.0,32,0,CTGTGTCTTCACGTGAGTAT,32,1611612
galSp,29.0,28,0,GTGCATGCGCAGCGTCAGCT,28,1611406
galSp,29.0,28,0,AATCCAAGATGGGCGCCGCA,28,1616558
galSp,28.0,27,0,GACCCCACATCTAATTACGT,27,1598701
galSp,28.0,27,0,CCTTATGTCGCTTTATCAAC,27,1619320
galSp,27.0,26,0,GAAACGCACTGGTCTCAGAG,26,1610220
galSp,27.0,26,0,AGCTGTCACAGGTCTCGTGG,26,1597697
galSp,26.0,25,0,AATTTTAATCTGCTACTTTC,25,1614506
galSp,25.0,24,0,ATTAATGCCTTATCGCAACA,24,1610931
galSp,24.0,23,0,TAGAGCCGTTCGTACTCTTA,23,1614352
galSp,24.0,23,0,GTACTCGCATTGCTCGGGAT,23,1617010
galSp,24.0,23,0,GCAGCTCGATGGCTTACGGT,23,1607378
galSp,23.0,22,0,GGGGAATGTTTCGCAAACTA,22,1601948
galSp,23.0,22,0,GGCCAAGCTTTGGCCGGCAG,22,1595511
galSp,23.0,22,0,ATAAGTTATGATGTGGCCAT,22,1607774
galSp,21.0,20,0,TTGGATTCCTATGGACGGAC,20,1600426
galSp,21.0,20,0,TGGCGGGGGATGTTGTACGG,20,1601791
galSp,21.0,20,0,GGCAAGAGATGAGGTGACGC,20,1620986
galSp,21.0,20,0,GACGCATTTACCCACGATGG,20,1595977
galSp,21.0,20,0,CCGAGCATGGTTAGCTACAG,20,1606818
galSp,21.0,20,0,CAGTCCCGCGGACGTTGATT,20,1598142
galSp,20.0,19,0,TAGGGTAATACGCCGCCGGG,19,1613191
galSp,20.0,19,0,GCCTTCCAAACGATACCTAA,19,1618781
galSp,20.0,19,0,GAGGAGTCGGTTGTACGGAA,19,1604481
galSp,20.0,19,0,CTCAACAACTAACAATGGCC,19,1603525
galSp,20.0,19,0,CGTCCGCGAGCCAGTTCGCT,19,1598199
galSp,20.0,19,0,AGGATTACGCGACTGAGGCA,19,1616248
galSp,19.0,18,0,TTAGATAGCGGCGGTGCAGT,18,1604739
galSp,19.0,18,0,GTGCATCTCATGGTTATTAT,18,1620400
galSp,19.0,18,0,GACAAGGTTACACTGAGTAT,18,1600722
galSp,19.0,18,0,GACAACCTGGAAGCGCATAT,18,1601514
galSp,19.0,18,0,CGGCGTACCCCTACTCACCC,18,1598721
galSp,19.0,18,0,CATCACGAGCATCCTAACAC,18,1602156
galSp,18.0,17,0,TTGCAGATGGTGTTGTAAAC,17,1614466
galSp,18.0,17,0,TGTTGTTAGGTTCTGGTATC,17,1620955
galSp,18.0,17,0,TGGCCTACAAGAGTTTCAAT,17,1620284
galSp,18.0,17,0,TGCGTCAGCACCCCGTGGCT,17,1621312
galSp,18.0,17,0,TCGATTTTCGATTGAATGAA,17,1599904
galSp,18.0,17,0,TATCTAAGAGCCGGAGCAAC,17,1603494
galSp,18.0,17,0,TACGCTATCGATTATCCAGG,17,1596234
galSp,18.0,17,0,CTCCGTCTTGTAAACTCCAA,17,1597579
galSp,18.0,17,0,CTCATCGCATACCAGCCAGG,17,1604820
galSp,18.0,17,0,CCGTCGTATGCTTACGGTGC,17,1618777
galSp,17.0,16,0,TGACCACATCGCTAGGACAC,16,1619219
galSp,17.0,16,0,TATTAAGTCGTTGTTTGATT,16,1598711
galSp,17.0,16,0,GTGCTGTCATGTTGAGCTAA,16,1605412
galSp,17.0,16,0,GTAGCCGGAAGTGGGCTCGA,16,1599691
galSp,17.0,16,0,CTCGGCCATGGTGTCTGCCC,16,1607978
galSp,17.0,16,0,CTATAACGGGGACTATAAGA,16,1595244
galSp,17.0,16,0,CCGTATTGGCATGACCCTCC,16,1619098
galSp,17.0,16,0,ATGTTCGCGAGTCTTCACCA,16,1595476
galSp,17.0,16,0,AGAGGTCATGATGTATTGCT,16,1604944
galSp,16.0,15,0,TGGCATACCAGTTGCATTGA,15,1607032
galSp,16.0,15,0,TATTATCGCTATTCCAGATG,15,1618641
galSp,16.0,15,0,TACGGCACAATGATTGCTCT,15,1597280
galSp,16.0,15,0,TAAGCGCATCCTCTGGTTCA,15,1605364
galSp,16.0,15,0,GTCCCCTGGCTTGATGAGAA,15,1612105
galSp,16.0,15,0,GTCAATGTTACCGCTAGTGC,15,1601473
galSp,16.0,15,0,GGCACCGATATTGTATTGTA,15,1621563
galSp,16.0,15,0,CTGATTTAAAGTTTTTGAAA,15,1606054
galSp,16.0,15,0,CCTCGTCGGCGCACAAAGGT,15,1614193
galSp,16.0,15,0,CCCGTACTTTGAGGCAGAAG,15,1597089
galSp,16.0,15,0,CATGAATCAATTCTAAGAAG,15,1608701
galSp,16.0,15,0,ATTTGGGCACCAAGCCGGTT,15,1597667
galSp,16.0,15,0,AGATCACGAGTTTTGCTCTC,15,1601726
galSp,16.0,15,0,AGACTGTTATCCTTATGTAC,15,1601723
galSp,16.0,15,0,AGACTCCTAGCGACCCAGAA,15,1618725
galSp,16.0,15,0,ACTGGACTTGACTATCCCCA,15,1617032
galSp,16.0,15,0,AATCCTCCTCTATGGTCCGA,15,1617270
galSp,16.0,15,0,AAACTGGCTAAAGAGAGGCG,15,1620003
galSp,15.0,14,0,TTCCAGTCCTCCTACCTGGT,14,1619161
galSp,15.0,14,0,TGTAGCTTACGAAGTGGTAC,14,1606877
galSp,15.0,14,0,TGGGGATCCGCCCCCGCACT,14,1610112
galSp,15.0,14,0,TCGGAGACGGGTCGGACGTA,14,1612431
galSp,15.0,14,0,GGTCGTTCTTGTTAACAGTT,14,1598838
galSp,15.0,14,0,GACGATTACAGTAGTACCCT,14,1613872
galSp,15.0,14,0,CTTAGTTCTTACACTCCGTT,14,1602506
galSp,15.0,14,0,CATAGTACTATTATCCACCG,14,1619070
galSp,15.0,14,0,ATGGTTTATTCTTTTTTTGC,14,1603422
galSp,15.0,14,0,AGTAGGATCGAGGTCGTGTA,14,1604352
galSp,15.0,14,0,AGGGTAAAGACTTACTACGG,14,1613501
galSp,14.0,13,0,TTTTTCACCTGGCAAGGAAA,13,1603620
galSp,14.0,13,0,TTCCTCGATGCCGTTCTAAT,13,1606331
galSp,14.0,13,0,TGACTACTCGAACCTAACTA,13,1603034
galSp,14.0,13,0,TCGCTAGTGTATCCCCGCGA,13,1606384
galSp,14.0,13,0,TCAAGTAGGTTGCTAACCAG,13,1612686
galSp,14.0,13,0,TATGAGCATTGTCGGATATC,13,1606341
galSp,14.0,13,0,GTTTAACTAAGGGCTTGGGT,13,1607054
galSp,14.0,13,0,CCTTTCAACTCAACCTCGCC,13,1611040
galSp,14.0,13,0,CCTCTCAATATTTTTTAAGA,13,1603614
galSp,14.0,13,0,ATTATAGAGAGCAGGCCACT,13,1612774
galSp,14.0,13,0,ATGCTCGCATGTTGGTCACG,13,1601582
galSp,14.0,13,0,ATGCGGAACCCGTAATATCG,13,1604259
galSp,13.0,12,0,TGTGCGCATATCGCGACCAC,12,1610176
galSp,13.0,12,0,TGGTATTGATGGCTATAATG,12,1609812
galSp,13.0,12,0,TGCGGTTGGGGATTGTCAGT,12,1599412
galSp,13.0,12,0,GTGTAAGGGAGGTTCTGGCA,12,1614026
galSp,13.0,12,0,GCAATCACCATTGGGAGTCC,12,1619437
galSp,13.0,12,0,CGGGATTTCTTTATGACGGC,12,1595414
galSp,13.0,12,0,CGGATTAGGAAACTGCATCG,12,1595417
galSp,13.0,12,0,CCTTTTAGGGATCATGGGCC,12,1618807
galSp,13.0,12,0,CCTGAGGGGGGTACAGTTAT,12,1600765
galSp,13.0,12,0,ACTCGTGCCTTGTTAAGATT,12,1599354
galSp,13.0,12,0,AATGACTCCATGGGGCCTTT,12,1608044
galSp,12.0,11,0,TGATAAGGTGCGTGGCAGAG,11,1608700
galSp,12.0,11,0,GTCTCAGACGTTGATGTATA,11,1598408
galSp,12.0,11,0,CTTCGCATAGGGGCGTGGCG,11,1596664
galSp,12.0,11,0,CAAGCGAGTGATGATTTCTA,11,1617374
galSp,12.0,11,0,AGATTCTTCCTCGGTAGGCC,11,1610739
galSp,12.0,11,0,ACAACTGGATGGACGGCCTT,11,1597141
galSp,11.0,10,0,TTTTACCTCATCATCTTGCA,10,1616536
galSp,11.0,10,0,TGTACAGTATCGACCTGTGG,10,1608371
galSp,11.0,10,0,GTTGGCAGCTGGAGGTCATA,10,1615218
galSp,11.0,10,0,GTCCGATGCTAAGTCTGCCT,10,1613940
galSp,11.0,10,0,GCTAGTTCAGGGGAATCACC,10,1613762
galSp,11.0,10,0,CTTTCCGAACGTCTTGCTCG,10,1597204
galSp,11.0,10,0,CTTGTGTGGTTCTAGGGGAC,10,1603379
galSp,11.0,10,0,CTGAATTAGATTAGCCTAGT,10,1620378
galSp,11.0,10,0,CGATACGTACTCAATCGGGA,10,1609005
galSp,11.0,10,0,CATGTCACACCGTGTATCCC,10,1610422
galSp,11.0,10,0,CATCGCCTATCGCCCCCGTC,10,1607398
galSp,11.0,10,0,AAAAGGCAAGACGAGAGAGC,10,1606491
galSp,10.0,9,0,TCGGGATACGTAAGTTCAGC,9,1598588
galSp,10.0,9,0,TAAAGGGTGGTTGGGTACTA,9,1596173
galSp,10.0,9,0,GTACCACGACCTCCTTGATT,9,1609470
galSp,10.0,9,0,GGTCGGAAAGGCCGTCATCC,9,1618606
galSp,10.0,9,0,GCCCTTGTACGGAGTAGCTA,9,1611385
galSp,10.0,9,0,CTGCGGATCGGGAAGGTTCA,9,1617607
galSp,10.0,9,0,CGGATTGCCGCATGATCAAA,9,1619640
galSp,10.0,9,0,CCGGGTGCACAACCCGAACT,9,1621343
galSp,10.0,9,0,CATGTTAGCGCGGGAGACAC,9,1596423
galSp,10.0,9,0,CACACTGGATAGTGAGGTAA,9,1600286
galSp,10.0,9,0,ATTTAGGTGCAAAACACACT,9,1598053
galSp,10.0,9,0,AAACGTAGTACCGCCCTGTA,9,1607903
galSp,10.0,9,0,AAACGATTCTACTCCCCAGA,9,1619081
galSp,9.0,8,0,TGGTGCGTCCTTAGTACCAG,8,1618855
galSp,9.0,8,0,TGGGGTTCGACGAGTCCTCG,8,1605754
galSp,9.0,8,0,GTTCGCGTAGCGTATATGGT,8,1603633
galSp,9.0,8,0,GTCATCTAGCCTTTTTAAAT,8,1600066
galSp,9.0,8,0,GGGTCTATCTAGAAGGAAGC,8,1609360
galSp,9.0,8,0,GCTTGCGAGGCTAACGAACT,8,1595368
galSp,9.0,8,0,CTGGTGAAAAAACCGTTCAT,8,1598992
galSp,9.0,8,0,CTAGTTAGGGTCGCCTAGCC,8,1617554
galSp,9.0,8,0,CCTCAGTGGCAGCTACATAA,8,1614028
galSp,9.0,8,0,CCCGTTCTACAACGTTGCGA,8,1599979
galSp,9.0,8,0,CAGCTCTCTCAGCGGCGATT,8,1605965
galSp,9.0,8,0,CACCGTAGCAGACACTTCTA,8,1615015
galSp,9.0,8,0,ACTTATTCAAATCCAATCCG,8,1621226
galSp,8.0,7,0,TTAGAGATCTATTGGTGGTC,7,1607977
galSp,8.0,7,0,TCACAGCGAGGCCTACCGTT,7,1599853
galSp,8.0,7,0,TAAGCAAGAGTTACCGGAAC,7,1602214
galSp,8.0,7,0,GTGGTAATTTTACTGACGGC,7,1602252
galSp,8.0,7,0,GGACTCAGGGCGACCGAGCG,7,1616696
galSp,8.0,7,0,GGACTAATCTGGGGCATCCC,7,1620807
galSp,8.0,7,0,GAAGGGTAATCGCACAGCTT,7,1598092
galSp,8.0,7,0,CGTGTTGGCTTGTGAGAGTC,7,1605406
galSp,8.0,7,0,CGACCGCGGTTGGACTCGAC,7,1598397
galSp,8.0,7,0,CAACTCTACAAAATGTGGGG,7,1602904
galSp,8.0,7,0,ATACAATTTTCCTTTGTGGT,7,1599981
galSp,8.0,7,0,AGTTCCCCGTTCCACTATAT,7,1618649
galSp,8.0,7,0,AGTACCACCACTTTAAGACC,7,1613708
galSp,8.0,7,0,ACTCATCTGGCATAGAGAGC,7,1605959
galSp,8.0,7,0,ACACCTAACGAGGGACCGGG,7,1617151
galSp,7.0,6,0,TACTGTAGGTCGTAGTCCGT,6,1611057
galSp,7.0,6,0,GTGGCTGCGTCCGACTACCA,6,1613900
galSp,7.0,6,0,GGTTCCAGCGGTCCCTGGGA,6,1619316
galSp,7.0,6,0,GACACCTTGTGGCGCCCTAC,6,1616158
galSp,7.0,6,0,CTATTGGATATCCTGGTCTG,6,1610989
galSp,7.0,6,0,CGGCTGGATTACTACGCCTG,6,1601553
galSp,7.0,6,0,CCGGTTATTAGACACAGGAT,6,1600096
galSp,7.0,6,0,CAGGCCAACCCTTTTGTGAG,6,1608862
galSp,7.0,6,0,CAAAGTCTGTTAGAATTTTT,6,1620483
galSp,7.0,6,0,ATTCGAAAGAGGTGGAGTTG,6,1603762
galSp,7.0,6,0,ATCCACTCAAGTCTCGACCA,6,1600065
galSp,7.0,6,0,AAATTTGACCGGGACAATGT,6,1617579
galSp,6.0,5,0,TTGGGACAAGTACGTTAGCA,5,1602602
galSp,6.0,5,0,TGACCGTTTAGATGCTGTGC,5,1604257
galSp,6.0,5,0,TCGTCAGTGGCACAAGTGGA,5,1613045
galSp,6.0,5,0,TCCTACAACACATGGTTCCC,5,1616430
galSp,6.0,5,0,GTTCTTCATGGGCGGAACAT,5,1620101
galSp,6.0,5,0,GTTACAATACCATGGCGATT,5,1605536
galSp,6.0,5,0,GTGCGAGAGCGGGTACACGA,5,1607178
galSp,6.0,5,0,GCTTACTCCTGAAATAACTC,5,1597257
galSp,6.0,5,0,GCTCCGTTGGAAGCCCTTTT,5,1597664
galSp,6.0,5,0,GACGTTAGAGGGTTTACGCT,5,1600562
galSp,6.0,5,0,CTATCGCTGGACCGGGGGCA,5,1618588
galSp,6.0,5,0,CACGTAAATGGTTAACAGAA,5,1612019
galSp,6.0,5,0,CACGAATTGGGCCACGACCT,5,1598978
galSp,6.0,5,0,AGTTTGCCTGCTACGTTCGC,5,1600465
galSp,6.0,5,0,AGACGGGGGTGTAGCGATCG,5,1618794
galSp,6.0,5,0,ACTTGGTGTCCCAGTCGGCC,5,1612407
galSp,6.0,5,0,AATTACGCACTAGTCCAGAA,5,1614818
galSp,5.0,4,0,TTGTCACAAAGGGCCGGATA,4,1606769
galSp,5.0,4,0,TTGGACGACGCCGCCTTGAC,4,1620478
galSp,5.0,4,0,TTCTGTGTGGGCCATGGTCG,4,1609785
galSp,5.0,4,0,TTCGGAAACGCTCGATTATC,4,1603872
galSp,5.0,4,0,TGGCTTCCACTCTTTGGCCA,4,1608232
galSp,5.0,4,0,TGACTCTTTTCGGCACGTGA,4,1598261
galSp,5.0,4,0,TGACAATGGGTAAGTTCGTT,4,1612531
galSp,5.0,4,0,TCTATCATATATGGGAAAGA,4,1598859
galSp,5.0,4,0,TCGATACGTCGAGGATTCTG,4,1620103
galSp,5.0,4,0,TCCGTAATTCCAACCTGCGA,4,1603617
galSp,5.0,4,0,TCATTCTATAGGGTTCCAAA,4,1597778
galSp,5.0,4,0,TCACGTTTCATCACAACTAG,4,1616553
galSp,5.0,4,0,TAGCTGTCATAAGAGACATC,4,1612538
galSp,5.0,4,0,GGCACACGTCGCATGATGGT,4,1608249
galSp,5.0,4,0,GGAATTTCGTGCAGTTTGTG,4,1600879
galSp,5.0,4,0,GGAACAGAGGCGGCTATCCC,4,1611003
galSp,5.0,4,0,CGAGTTCCCGGCCGAATCAC,4,1613209
galSp,5.0,4,0,CCGCGTGTGGTCGGCTAGTG,4,1609837
galSp,5.0,4,0,CCCAAGAAATAGTCCTTATC,4,1607850
galSp,5.0,4,0,CCATGAACCCAATTCCATGG,4,1616474
galSp,5.0,4,0,CATAAGAGCTCAGTTGTCCT,4,1598252
galSp,5.0,4,0,CAGAGCCGTCGCCCGGATTC,4,1620778
galSp,5.0,4,0,ATTAGTGCACTCGTGGTCGT,4,1604124
galSp,5.0,4,0,ACCTTATTCGTCCAGTAGGG,4,1613890
galSp,4.0,3,0,TTTTGGAGGACTAACCGCAG,3,1603726
galSp,4.0,3,0,TGTACTACGGCTCGGGGAAG,3,1599748
galSp,4.0,3,0,TGCAGACAAGCAGGTGTTTT,3,1615211
galSp,4.0,3,0,TCGTATGCCTTAAACAACTC,3,1614437
galSp,4.0,3,0,GTTGCCTCAAGAGAATCTGC,3,1610277
galSp,4.0,3,0,GTGAACGAAACCCTATGAAG,3,1614515
galSp,4.0,3,0,GCTGCCAGCGACCTGATAGG,3,1605992
galSp,4.0,3,0,GCTGACAATCCATTTCTTGA,3,1599888
galSp,4.0,3,0,GCCTAACTCCCTCTCTTACT,3,1613787
galSp,4.0,3,0,GCCGTCTCGTATAGCTCCGA,3,1610009
galSp,4.0,3,0,GAATGGGGAAGGTGGTTTCT,3,1608702
galSp,4.0,3,0,CTATGCCGTATCCACTTAGT,3,1595855
galSp,4.0,3,0,CGGCAGTAACAACCCGACCC,3,1619801
galSp,4.0,3,0,CGGATAATCGCAATGTACCT,3,1603445
galSp,4.0,3,0,CCTCCTACCTGCAGCAAGAT,3,1601354
galSp,4.0,3,0,CCTACTGAGACCAACGTGAT,3,1618798
galSp,4.0,3,0,CATCAGCAGGGGATTTGGTT,3,1615238
galSp,4.0,3,0,ATTCCTCACTAACTGTACGG,3,1603180
galSp,4.0,3,0,AGTGAGGAAAGATTCGGGGT,3,1599179
galSp,4.0,3,0,ACTTGCATGCTCGCCAATTC,3,1620768
galSp,4.0,3,0,ACCGAATTTATCTACACGAA,3,1610614
galSp,4.0,3,0,AACACGCATTATCACAATAT,3,1620603
galSp,3.0,2,0,TTTCGTCGTTCGAAAATACA,2,1619854
galSp,3.0,2,0,TTGTTATTGATAATGATCAC,2,1608468
galSp,3.0,2,0,TTCGGATGTAGTTCGTATAG,2,1612399
galSp,3.0,2,0,TGTCTGTATTCCAAGATGTA,2,1602615
galSp,3.0,2,0,TCTACTTCGGGTATTGAGAC,2,1621553
galSp,3.0,2,0,TCGACCGCTATAGGACTTTA,2,1606123
galSp,3.0,2,0,TCCCCAACCAAAGCAGATGT,2,1614160
galSp,3.0,2,0,TAAGGCATTTATTTGCCACC,2,1614483
galSp,3.0,2,0,TAACAATAGACTGTAATAAT,2,1602905
galSp,3.0,2,0,GTTGGGTGCCGTGATCTTAC,2,1609768
galSp,3.0,2,0,GTTCACTGCATGTATTGCGT,2,1596989
galSp,3.0,2,0,GTGCTATCAGGGAGCTTCTT,2,1618419
galSp,3.0,2,0,GGTACTATCAGGGCGTGCTA,2,1602601
galSp,3.0,2,0,GATTTAGTTTTCGTCACCGA,2,1612648
galSp,3.0,2,0,GATAATCACAAGGGTCGAGT,2,1612219
galSp,3.0,2,0,GACCTTCATACCGCGGACGA,2,1613786
galSp,3.0,2,0,GAATGGAACGAGAAGTGCAC,2,1599049
galSp,3.0,2,0,GAATCCCGTCAAGAACGGTA,2,1603285
galSp,3.0,2,0,CGTATTCTTATATCGGCCTC,2,1615518
galSp,3.0,2,0,CGATTAACAGATCGTTAGCC,2,1602096
galSp,3.0,2,0,CCGCTGTTGCAGCGAAGGGT,2,1608210
galSp,3.0,2,0,CAACAACTCATACGAATCAG,2,1610403
galSp,3.0,2,0,ATTCAAGCCATTCATAGTGA,2,1595245
galSp,3.0,2,0,ATAGAGGATTACGCTCACGT,2,1611760
galSp,3.0,2,0,AGCCGAGAGAGACGACCTGT,2,1609702
galSp,3.0,2,0,ACTAAGTACTCGTAATTGAT,2,1604608
galSp,3.0,2,0,AACCTGTATGTAGTTGCGCT,2,1616591
galSp,2.0,1,0,TTTCTCTCTTTGGGCAACAT,1,1609302
galSp,2.0,1,0,TTTCTCGAAGCTGGTGCAGA,1,1610456
galSp,2.0,1,0,TTCACTGAATGGCAGCAAAA,1,1611868
galSp,2.0,1,0,TGTGTATGGGCTCCGTAAGC,1,1607884
galSp,2.0,1,0,TGGTGACTGCTACCGCGAGT,1,1611316
galSp,2.0,1,0,TGCCCCAATATCTAGCTTCC,1,1616956
galSp,2.0,1,0,TCGGTGTTCTGTACCCACGC,1,1612460
galSp,2.0,1,0,TATAAGAGTACTATAAAGTA,1,1612523
galSp,2.0,1,0,TAGGAGAATTTGCAAATGGT,1,1596249
galSp,2.0,1,0,GTTTAATGAGCACGGGCGCG,1,1613367
galSp,2.0,1,0,GTTGGCCCCTCTGATCCACA,1,1618134
galSp,2.0,1,0,GTGGGACACGTTTTTACGAC,1,1607082
galSp,2.0,1,0,GTGCCGCCTTCAGTATGTCT,1,1621316
galSp,2.0,1,0,GTCGGCGGGATATTGGAGCA,1,1603772
galSp,2.0,1,0,GTCGGCACCACGTATCGGAG,1,1610444
galSp,2.0,1,0,GTCATGATAGTACACAGCCA,1,1612009
galSp,2.0,1,0,GGTTACCCGCTGACCTGGAA,1,1612912
galSp,2.0,1,0,GGCGTTCCCTTCGGTTAGCG,1,1601631
galSp,2.0,1,0,GGCACTGGCGTCATAAGGAT,1,1614897
galSp,2.0,1,0,GATGGGCGTTCATTAACCTG,1,1604554
galSp,2.0,1,0,GACTAACGAACCCTCTGGAA,1,1604324
galSp,2.0,1,0,CTGGTGATCCATTGGTTGCC,1,1599929
galSp,2.0,1,0,CTGGGGCTGATTCAATTAAA,1,1615273
galSp,2.0,1,0,CCGTCTAGGCCCGCCAGTAC,1,1611462
galSp,2.0,1,0,CCGCGTAGGTACATTTCAAA,1,1614971
galSp,2.0,1,0,CATTCGCTCGGAAGAGCAAT,1,1608444
galSp,2.0,1,0,CATGCTACGTTACGTCATTA,1,1607706
galSp,2.0,1,0,CAGGGCCGTCTTCGTACTTG,1,1614180
galSp,2.0,1,0,CACGTCAGGGTCTCAGGGCT,1,1599052
galSp,2.0,1,0,CACGTAGGGGCGGTGGTCCC,1,1612829
galSp,2.0,1,0,CACCTCGCTTGCAATCACCT,1,1611553
galSp,2.0,1,0,ATGGATCTATCAAATGGCCT,1,1598398
galSp,2.0,1,0,ATAGGTGTCCATTATTCATG,1,1607507
galSp,2.0,1,0,AGTTAAGGACCGGTTGTGAA,1,1617380
galSp,2.0,1,0,AGGAAAATGAAACGTAACCA,1,1613960
galSp,2.0,1,0,AGCCGTAACGATTAGTCACG,1,1602287
galSp,2.0,1,0,ACGGCGATAGGGTTATATCC,1,1618908
galSp,2.0,1,0,ACGGAAATCCTTACTTAAGG,1,1604354
galSp,2.0,1,0,ACCGGTTCATCCCAACGTCA,1,1607994
galSp,2.0,1,0,ACCCCGCCTGGGCCGAAAAA,1,1597184
galSp,2.0,1,0,AATGGCTTGGTAGTCCGGCT,1,1605532
galSp,2.0,1,0,AATGACACCCTACACGAGGA,1,1600012
galSp,2.0,1,0,AAGGCCTGCTTTGGTATTAC,1,1613314
galSp,2.0,1,0,AACCAGCTCTGCCCGCTAAA,1,1607249
galSp,2.0,1,0,AAACGTTGGTCCCACGGTGT,1,1601868
galSp,2.0,1,0,AAACAGTCGCAGCGGACTCA,1,1614046
