name,relative_counts,ct,ct_0,barcode,ct_1,barcode_ind
yqjE_yqjK_yqjD_yqjC_predicted,1.080906148867314,641,308,GAAGAAAGCTTATCGCGGCC,333,5220838
yqjE_yqjK_yqjD_yqjC_predicted,0.28113879003558717,358,280,CACTCGCGCTTGTGGAGGTT,78,5232186
yqjE_yqjK_yqjD_yqjC_predicted,0.6442953020134228,243,148,CTTTCCATGCTAGCTACATA,95,5177596
yqjE_yqjK_yqjD_yqjC_predicted,0.5107913669064749,208,138,TCAAGCTATCCCATACTTGT,70,5220037
yqjE_yqjK_yqjD_yqjC_predicted,0.9492753623188406,267,137,CTGACCTGCGAGGTAAGCGT,130,5171359
yqjE_yqjK_yqjD_yqjC_predicted,0.24031007751937986,158,128,AAAAGCTTTAAAAAGCGGAG,30,5192102
yqjE_yqjK_yqjD_yqjC_predicted,0.296875,164,127,GACATACCCATCGATAACCA,37,5224217
yqjE_yqjK_yqjD_yqjC_predicted,0.5079365079365079,188,125,GCAGGACGGAAAAACCCGGT,63,5224880
yqjE_yqjK_yqjD_yqjC_predicted,0.488,184,124,GCGTACTTGCGTGTAATAGG,60,5207116
yqjE_yqjK_yqjD_yqjC_predicted,0.4732142857142857,163,111,GAATTCGCCATTTCTGGCTG,52,5235928
yqjE_yqjK_yqjD_yqjC_predicted,0.7307692307692307,178,103,GGGGAGTTAGGTTGATCGAA,75,5187607
yqjE_yqjK_yqjD_yqjC_predicted,0.9134615384615384,197,103,GACACTGTGTCACTGCCGAA,94,5249118
yqjE_yqjK_yqjD_yqjC_predicted,0.18627450980392157,119,101,CCGAGGGGGCAGGGCATTGT,18,5258782
yqjE_yqjK_yqjD_yqjC_predicted,0.0891089108910891,108,100,GTAAGTGTCGCGGCCGGTCA,8,5172622
yqjE_yqjK_yqjD_yqjC_predicted,0.34,132,99,GTCTGTGTCACGGGCATTGA,33,5185363
yqjE_yqjK_yqjD_yqjC_predicted,0.53125,145,95,TACCGAATTTCGCGTGGTGT,50,5208359
yqjE_yqjK_yqjD_yqjC_predicted,0.6,150,94,TCGACGCATATTGCCTACTT,56,5240406
yqjE_yqjK_yqjD_yqjC_predicted,0.4842105263157895,139,94,CCACGCATTACACGACATAT,45,5170776
yqjE_yqjK_yqjD_yqjC_predicted,0.38461538461538464,124,90,AGGGGGGAGGGTCGGGGGGA,34,5258462
yqjE_yqjK_yqjD_yqjC_predicted,0.5444444444444444,137,89,TCCATAGGGTCGTTGGTTAT,48,5175370
yqjE_yqjK_yqjD_yqjC_predicted,1.7444444444444445,245,89,CCAATTCTGACTCGTTTAGT,156,5185772
yqjE_yqjK_yqjD_yqjC_predicted,0.05555555555555555,93,89,ATACGGTATGATTGCTTTTC,4,5202709
yqjE_yqjK_yqjD_yqjC_predicted,0.33707865168539325,117,88,TCCGCTCACTAAAATTTCAG,29,5179144
yqjE_yqjK_yqjD_yqjC_predicted,0.4772727272727273,128,87,GTGTGACGGGAAGACACAAC,41,5191704
yqjE_yqjK_yqjD_yqjC_predicted,0.4367816091954023,123,86,AAACCGAGTAAGGTGGCCAT,37,5207405
yqjE_yqjK_yqjD_yqjC_predicted,0.5232558139534884,129,85,GGAGGCCGTTGGCAAAACTA,44,5174884
yqjE_yqjK_yqjD_yqjC_predicted,0.046511627906976744,88,85,CAGGTACTGAAGACGTTACA,3,5187911
yqjE_yqjK_yqjD_yqjC_predicted,0.08235294117647059,90,84,TCGTATATTCAGTATGGCGC,6,5172393
yqjE_yqjK_yqjD_yqjC_predicted,0.25882352941176473,105,84,CGTAGTAGATATGGCAGCGA,21,5176813
yqjE_yqjK_yqjD_yqjC_predicted,0.3764705882352941,115,84,AGAGACTACGTCGGCTGTGA,31,5206564
yqjE_yqjK_yqjD_yqjC_predicted,0.8809523809523809,156,83,TTGCTCTTTAGCGAGCCGGA,73,5173226
yqjE_yqjK_yqjD_yqjC_predicted,0.8214285714285714,151,83,AATACATCTAGCCACCAGGA,68,5182884
yqjE_yqjK_yqjD_yqjC_predicted,0.4880952380952381,123,83,AAGGGATGCGGTCTACTCGA,40,5172007
yqjE_yqjK_yqjD_yqjC_predicted,0.37349397590361444,112,82,TTAGCCTACTGTAGCGGAAG,30,5199000
yqjE_yqjK_yqjD_yqjC_predicted,0.27710843373493976,104,82,CAAGCTTTCGAGGAGACTGA,22,5172465
yqjE_yqjK_yqjD_yqjC_predicted,0.13414634146341464,91,81,TGCGGGACGTATCGATATTA,10,5202540
yqjE_yqjK_yqjD_yqjC_predicted,0.8148148148148148,145,80,TCCGGGAATTCTCTCGTGCG,65,5222498
yqjE_yqjK_yqjD_yqjC_predicted,0.8607594936708861,145,78,TGCATTGAATATATCGGAAG,67,5222764
yqjE_yqjK_yqjD_yqjC_predicted,0.4936708860759494,116,78,TCCCAGAATGGTCTCGACCT,38,5196183
yqjE_yqjK_yqjD_yqjC_predicted,0.8481012658227848,144,78,GCCGATCGACCCTTAACAAT,66,5248408
yqjE_yqjK_yqjD_yqjC_predicted,0.759493670886076,137,78,ACAGAATTGTATATCTAAAG,59,5203966
yqjE_yqjK_yqjD_yqjC_predicted,0.4230769230769231,109,77,TGTCATCCGCCACCGTCCAT,32,5174065
yqjE_yqjK_yqjD_yqjC_predicted,0.6282051282051282,125,77,GATGTCCAGGAGGTTCTACA,48,5232303
yqjE_yqjK_yqjD_yqjC_predicted,0.41025641025641024,108,77,ACTTGATTCCAATGGGGCTA,31,5228424
yqjE_yqjK_yqjD_yqjC_predicted,0.4935064935064935,113,76,TTTGCTGTGGTATGTCTACT,37,5262017
yqjE_yqjK_yqjD_yqjC_predicted,0.2077922077922078,91,76,TATCTCCACAGGCGGGTCCT,15,5177833
yqjE_yqjK_yqjD_yqjC_predicted,0.06493506493506493,80,76,CGTCCCCGCCCCACTCGACT,4,5171934
yqjE_yqjK_yqjD_yqjC_predicted,0.7368421052631579,130,75,TAGCCGTTTGTGTCGGAGCA,55,5219926
yqjE_yqjK_yqjD_yqjC_predicted,0.14473684210526316,85,75,CGGCGGAGTGAACCGCGTCT,10,5187425
yqjE_yqjK_yqjD_yqjC_predicted,0.4473684210526316,108,75,AGCGAACAGGAATATCGTAC,33,5253617
yqjE_yqjK_yqjD_yqjC_predicted,0.2236842105263158,91,75,AATGCAGGGTCTGCACTAGG,16,5203357
yqjE_yqjK_yqjD_yqjC_predicted,0.6,118,74,CGCTATTTCTCTATGAGATT,44,5179655
yqjE_yqjK_yqjD_yqjC_predicted,0.7333333333333333,128,74,CCATTCCTTCATGAACGGGA,54,5181183
yqjE_yqjK_yqjD_yqjC_predicted,1.44,181,74,ATGAATGAGGCAACGCACTC,107,5211458
yqjE_yqjK_yqjD_yqjC_predicted,0.4666666666666667,108,74,ATAGCTCATGCGTGCTGTGA,34,5176094
yqjE_yqjK_yqjD_yqjC_predicted,0.2465753424657534,89,72,TTAAGCATAGCCAATTGTGT,17,5255799
yqjE_yqjK_yqjD_yqjC_predicted,0.547945205479452,111,72,GCCTCAACGATTCATGGTCT,39,5189520
yqjE_yqjK_yqjD_yqjC_predicted,1.0410958904109588,147,72,CGAGACTGCGAGCTTGCCGT,75,5213063
yqjE_yqjK_yqjD_yqjC_predicted,0.1780821917808219,84,72,AAAGGCCAGCTCCTCTCCGA,12,5205288
yqjE_yqjK_yqjD_yqjC_predicted,0.2916666666666667,91,71,CGTCCAGACTATCAGACCGA,20,5178063
yqjE_yqjK_yqjD_yqjC_predicted,0.9027777777777778,135,71,CGGGACTAAGTCGGAACGGT,64,5191236
yqjE_yqjK_yqjD_yqjC_predicted,0.027777777777777776,72,71,CAATAATTAGCTCGCTGCAG,1,5260907
yqjE_yqjK_yqjD_yqjC_predicted,0.2361111111111111,87,71,ACCCAGGTGCGGGAATAAAA,16,5182349
yqjE_yqjK_yqjD_yqjC_predicted,0.647887323943662,115,70,TTCGACGCTTCGAACCCGCC,45,5171803
yqjE_yqjK_yqjD_yqjC_predicted,0.676056338028169,117,70,GTGGACCCCCTCGTCACCAG,47,5216920
yqjE_yqjK_yqjD_yqjC_predicted,0.5915492957746479,111,70,GTACCCTGCGGTAAAGGGCA,41,5174240
yqjE_yqjK_yqjD_yqjC_predicted,1.267605633802817,159,70,CTCATCATTTGAGGCTGCGC,89,5218386
yqjE_yqjK_yqjD_yqjC_predicted,0.14084507042253522,79,70,AGGTATGCAATCAGTTACCA,9,5180881
yqjE_yqjK_yqjD_yqjC_predicted,0.8,124,69,TGTCCGCACGTTTTACAAAT,55,5197296
yqjE_yqjK_yqjD_yqjC_predicted,1.2857142857142858,158,69,TCACAGGGATGACCGAGATG,89,5237745
yqjE_yqjK_yqjD_yqjC_predicted,0.15714285714285714,79,69,CAACTCGGACGACATAGAGT,10,5183082
yqjE_yqjK_yqjD_yqjC_predicted,0.5942028985507246,108,68,TTACAGGCAGTGGTGCTCCT,40,5216294
yqjE_yqjK_yqjD_yqjC_predicted,0.391304347826087,94,68,TGCTTATTGCAGTTCCAGAG,26,5200938
yqjE_yqjK_yqjD_yqjC_predicted,0.5507246376811594,105,68,GTATATTGATTGAGCAGTCC,37,5194682
yqjE_yqjK_yqjD_yqjC_predicted,0.2753623188405797,86,68,GGTCCGGGCTTCGACACTTA,18,5212701
yqjE_yqjK_yqjD_yqjC_predicted,0.17391304347826086,79,68,CAGGACGCCCAATGGGTCAA,11,5186439
yqjE_yqjK_yqjD_yqjC_predicted,1.0724637681159421,141,68,AGGCCCTAACCACCGTTCCT,73,5246776
yqjE_yqjK_yqjD_yqjC_predicted,0.8088235294117647,121,67,TACTTAAGCTGGTATAGGCC,54,5209879
yqjE_yqjK_yqjD_yqjC_predicted,0.1791044776119403,77,66,GATAAGGGGGTGACGATTCT,11,5186872
yqjE_yqjK_yqjD_yqjC_predicted,1.1343283582089552,141,66,CCTGACATATCATCTGGCAG,75,5195547
yqjE_yqjK_yqjD_yqjC_predicted,0.417910447761194,93,66,ATAATTCGACCCTTCTAGTT,27,5239084
yqjE_yqjK_yqjD_yqjC_predicted,0.3333333333333333,86,65,TTCCCAGAGTCGGTCAGGGT,21,5210664
yqjE_yqjK_yqjD_yqjC_predicted,1.0454545454545454,133,65,ACCGGAAGACCCATGGCTTA,68,5218912
yqjE_yqjK_yqjD_yqjC_predicted,0.21212121212121213,78,65,ACCGCGGCGCCCCAAGCAAT,13,5186059
yqjE_yqjK_yqjD_yqjC_predicted,1.4461538461538461,157,64,GCTCAACTTCCAACATGTCA,93,5178014
yqjE_yqjK_yqjD_yqjC_predicted,0.9384615384615385,124,64,GACGGTATGAAGAAATGGGA,60,5218395
yqjE_yqjK_yqjD_yqjC_predicted,0.5692307692307692,100,64,CGTGTTAAAACGGTTGTTCT,36,5182070
yqjE_yqjK_yqjD_yqjC_predicted,0.7846153846153846,114,64,CCTACCCTTGTTCGTGACTA,50,5208660
yqjE_yqjK_yqjD_yqjC_predicted,1.0307692307692307,130,64,AGTTTCGCCTATTAAATCCT,66,5211596
yqjE_yqjK_yqjD_yqjC_predicted,0.9384615384615385,124,64,AAAAACCCCTTTCCGTTCGG,60,5256723
yqjE_yqjK_yqjD_yqjC_predicted,0.953125,123,63,TACACTAAGTCCTGGAGTGT,60,5217158
yqjE_yqjK_yqjD_yqjC_predicted,0.3125,82,63,GGTTCTTGCCCCCTGAGCGA,19,5174951
yqjE_yqjK_yqjD_yqjC_predicted,0.296875,81,63,GGCCATGGATAGGGTAGGGA,18,5181179
yqjE_yqjK_yqjD_yqjC_predicted,0.5625,98,63,CATAGGCACATTTACCGATA,35,5173747
yqjE_yqjK_yqjD_yqjC_predicted,0.53125,96,63,CAGGACTAGCCCACGCATAC,33,5218431
yqjE_yqjK_yqjD_yqjC_predicted,0.5,94,63,AGCCACACCCGCTCCAGCAG,31,5214202
yqjE_yqjK_yqjD_yqjC_predicted,0.25,78,63,ACGTTGGAATAAAGCATTGA,15,5215717
yqjE_yqjK_yqjD_yqjC_predicted,0.09523809523809523,67,62,TGATGGAGCTATTATGGCAG,5,5175164
yqjE_yqjK_yqjD_yqjC_predicted,0.15873015873015872,71,62,GTCTCCGTAGCGTCAGCACG,9,5217753
yqjE_yqjK_yqjD_yqjC_predicted,0.1111111111111111,68,62,GGCTAGACACTCTATACACG,6,5222898
yqjE_yqjK_yqjD_yqjC_predicted,0.7096774193548387,104,61,TTTCATATAACATGGGTGTC,43,5208504
yqjE_yqjK_yqjD_yqjC_predicted,1.1612903225806452,132,61,TATTGGACCCCCAGGGTCAT,71,5190237
yqjE_yqjK_yqjD_yqjC_predicted,0.6612903225806451,101,61,GGATGTTGTGCTCTTCGCAA,40,5179227
yqjE_yqjK_yqjD_yqjC_predicted,0.12903225806451613,68,61,GAGCGGGACCTCCGGTGTGT,7,5199857
yqjE_yqjK_yqjD_yqjC_predicted,0.45161290322580644,88,61,ATCCCACTATAGAAGGTGAG,27,5207160
yqjE_yqjK_yqjD_yqjC_predicted,0.46774193548387094,89,61,ACAACCTCGCGACAGTACGC,28,5176093
yqjE_yqjK_yqjD_yqjC_predicted,0.819672131147541,109,60,TTTGCCCTGTGTTTCACATA,49,5228488
yqjE_yqjK_yqjD_yqjC_predicted,0.6721311475409836,100,60,TCGAGGTGAGAGGTCGTATA,40,5225877
yqjE_yqjK_yqjD_yqjC_predicted,0.16393442622950818,69,60,CGTCCTATGCGAGTGTCCAG,9,5183291
yqjE_yqjK_yqjD_yqjC_predicted,1.2131147540983607,133,60,AGATGTTGTATCACCCAAAT,73,5196787
yqjE_yqjK_yqjD_yqjC_predicted,0.11475409836065574,66,60,AAGTTTCGCAGGAGCGCTGA,6,5193565
yqjE_yqjK_yqjD_yqjC_predicted,0.35,79,59,TGGCGAAAATAGCTCATAGT,20,5246308
yqjE_yqjK_yqjD_yqjC_predicted,0.23333333333333334,72,59,GGAGAACGAATCGAGTCACA,13,5182065
yqjE_yqjK_yqjD_yqjC_predicted,0.3333333333333333,78,59,GCGTATCGCTTTATGATTTC,19,5239710
yqjE_yqjK_yqjD_yqjC_predicted,0.8166666666666667,107,59,GCAATAGTGAAACGGCCCCA,48,5177636
yqjE_yqjK_yqjD_yqjC_predicted,0.4166666666666667,83,59,GAGACAGGCATGCCGCGTTA,24,5174644
yqjE_yqjK_yqjD_yqjC_predicted,1.5666666666666667,152,59,GAATAGCTATCCACTGTAAA,93,5178349
yqjE_yqjK_yqjD_yqjC_predicted,0.1,64,59,CTATGACAGTGGTTATTGAT,5,5178828
yqjE_yqjK_yqjD_yqjC_predicted,0.31666666666666665,77,59,CGGACTCAAGGGAATGACGT,18,5197940
yqjE_yqjK_yqjD_yqjC_predicted,0.2711864406779661,73,58,TTAGACGCCTTGGTGTTCAT,15,5221147
yqjE_yqjK_yqjD_yqjC_predicted,0.3559322033898305,78,58,TATTACTAAGATTGAATACG,20,5171131
yqjE_yqjK_yqjD_yqjC_predicted,0.3728813559322034,79,58,CTCTTCAGGGCCGGAGCAAG,21,5230906
yqjE_yqjK_yqjD_yqjC_predicted,0.6271186440677966,94,58,CAGCCTGAGTGCGGCGGAGG,36,5211131
yqjE_yqjK_yqjD_yqjC_predicted,0.6610169491525424,96,58,CAATAGATTCTCTGGTATTT,38,5208411
yqjE_yqjK_yqjD_yqjC_predicted,0.711864406779661,99,58,ATCCAAGTTTCCTCTGTGAT,41,5219923
yqjE_yqjK_yqjD_yqjC_predicted,0.423728813559322,82,58,ACGCCGTAGGTACTGCGAGG,24,5204610
yqjE_yqjK_yqjD_yqjC_predicted,0.423728813559322,82,58,AACTCAAACGCTTTATCCAC,24,5207184
yqjE_yqjK_yqjD_yqjC_predicted,1.0344827586206897,116,57,CTTTGGTTGTCATTGAAGGT,59,5200284
yqjE_yqjK_yqjD_yqjC_predicted,0.3448275862068966,76,57,ATAGCTCGTTCGTGTATTTT,19,5180884
yqjE_yqjK_yqjD_yqjC_predicted,0.29310344827586204,73,57,ACCCGTCCACGTTGTTTGAA,16,5193385
yqjE_yqjK_yqjD_yqjC_predicted,0.3684210526315789,76,56,TGGAAATAGACGGGAATTCT,20,5197595
yqjE_yqjK_yqjD_yqjC_predicted,1.2280701754385965,125,56,TCCACCAATGTTTCAGGCTA,69,5188564
yqjE_yqjK_yqjD_yqjC_predicted,0.6842105263157895,94,56,CGCTATCGGCGGTTCTTATA,38,5254874
yqjE_yqjK_yqjD_yqjC_predicted,0.5789473684210527,88,56,CGCCTTTGTTCTCTGGCTAA,32,5258138
yqjE_yqjK_yqjD_yqjC_predicted,0.6842105263157895,94,56,CACCTGGCGACGCTCTGCGT,38,5227428
yqjE_yqjK_yqjD_yqjC_predicted,0.14035087719298245,63,56,AGTTTCAAACGAAGGCAAGA,7,5248941
yqjE_yqjK_yqjD_yqjC_predicted,0.15789473684210525,64,56,ACCGCGCAAGGGTCGGATTG,8,5238843
yqjE_yqjK_yqjD_yqjC_predicted,0.42105263157894735,79,56,AAGGCTGGCTGGTTCGTAGT,23,5201393
yqjE_yqjK_yqjD_yqjC_predicted,0.08771929824561403,60,56,AACCCAGCCTCACACTTGGA,4,5219410
yqjE_yqjK_yqjD_yqjC_predicted,0.44642857142857145,79,55,TGTACGCTAGCAAGCGAGAG,24,5221665
yqjE_yqjK_yqjD_yqjC_predicted,0.8392857142857143,101,55,TCGCGGAGGTTTAATAAAGC,46,5244037
yqjE_yqjK_yqjD_yqjC_predicted,0.125,61,55,TCAACACGGGCGTTAAGCGA,6,5207467
yqjE_yqjK_yqjD_yqjC_predicted,0.44642857142857145,79,55,GTCGTCGAAAGGATCATTGT,24,5180021
yqjE_yqjK_yqjD_yqjC_predicted,0.375,75,55,GTAGGATCGTTATAGGAGGT,20,5177723
yqjE_yqjK_yqjD_yqjC_predicted,0.5,82,55,GCTGGATACATAACTGCTGA,27,5177841
yqjE_yqjK_yqjD_yqjC_predicted,1.1607142857142858,119,55,GCTAACGGACTAGGCATAGT,64,5220099
yqjE_yqjK_yqjD_yqjC_predicted,0.14285714285714285,62,55,GAAGGTTCCCCTGGCGTCTA,7,5181017
yqjE_yqjK_yqjD_yqjC_predicted,27.964285714285715,1620,55,GAAAATTTTAGCGAAGACAG,1565,5257338
yqjE_yqjK_yqjD_yqjC_predicted,0.4642857142857143,80,55,CTATCCGGTCTCACCCTGAA,25,5215937
yqjE_yqjK_yqjD_yqjC_predicted,0.5,82,55,CATTGCACTAAACAAGTATT,27,5217029
yqjE_yqjK_yqjD_yqjC_predicted,0.48214285714285715,81,55,AGATTAGAAAGGTAGTCGTG,26,5183006
yqjE_yqjK_yqjD_yqjC_predicted,0.41818181818181815,76,54,TCTGGACCACCCATTTGTAG,22,5232175
yqjE_yqjK_yqjD_yqjC_predicted,1.2,119,54,TCATTGGCCGATTGGAACAC,65,5187455
yqjE_yqjK_yqjD_yqjC_predicted,0.18181818181818182,63,54,GTCCGGCCCAAGGTCCCGCA,9,5188717
yqjE_yqjK_yqjD_yqjC_predicted,0.4909090909090909,80,54,GTCATTACTCCCACGTGTTA,26,5214652
yqjE_yqjK_yqjD_yqjC_predicted,0.509090909090909,81,54,GGAAGTAGAGTCGTGCCATG,27,5187842
yqjE_yqjK_yqjD_yqjC_predicted,0.4,75,54,GATTCCCCGCGTATCCCAAC,21,5199603
yqjE_yqjK_yqjD_yqjC_predicted,0.2727272727272727,68,54,CTCGAAGCATTTGCAGTCAT,14,5246568
yqjE_yqjK_yqjD_yqjC_predicted,0.43636363636363634,77,54,CGCTAAGGTGCCCTATAATG,23,5231524
yqjE_yqjK_yqjD_yqjC_predicted,0.6,86,54,CAATGGTGTGGTATTCGGCT,32,5176449
yqjE_yqjK_yqjD_yqjC_predicted,0.41818181818181815,76,54,ATGGACACATTGACAGGTTT,22,5262844
yqjE_yqjK_yqjD_yqjC_predicted,0.2545454545454545,67,54,ACATCCCTGAAAGATTGAAA,13,5205950
yqjE_yqjK_yqjD_yqjC_predicted,0.5925925925925926,84,53,TGACTAGGAGGCCTTATGGC,31,5190629
yqjE_yqjK_yqjD_yqjC_predicted,0.7407407407407407,92,53,TCGCCCACTCTGGGGCTGTA,39,5258816
yqjE_yqjK_yqjD_yqjC_predicted,0.7962962962962963,95,53,TAGCCATTTGAGCCTACATC,42,5181486
yqjE_yqjK_yqjD_yqjC_predicted,0.7407407407407407,92,53,GGGACCGTCATGCGCTAACT,39,5240574
yqjE_yqjK_yqjD_yqjC_predicted,0.037037037037037035,54,53,GGCAGAAGGGATATAATCTT,1,5171010
yqjE_yqjK_yqjD_yqjC_predicted,0.42592592592592593,75,53,GGAGGTGGTACTGGTGCAGG,22,5214643
yqjE_yqjK_yqjD_yqjC_predicted,0.42592592592592593,75,53,GGAAACCCTGACAGTATAAC,22,5245619
yqjE_yqjK_yqjD_yqjC_predicted,1.1296296296296295,113,53,CTATACGCGTTGGTTGTCTC,60,5180426
yqjE_yqjK_yqjD_yqjC_predicted,0.5,79,53,CAGCGGCCATCGTCCGGGCT,26,5225797
yqjE_yqjK_yqjD_yqjC_predicted,0.3888888888888889,73,53,AAGTCTCGCAGGCGGCCGTA,20,5217476
yqjE_yqjK_yqjD_yqjC_predicted,0.18867924528301888,61,52,TTCTTTGAATCTTATAACTA,9,5237147
yqjE_yqjK_yqjD_yqjC_predicted,1.0377358490566038,106,52,GTTCACAGTCCATGTCAGGT,54,5242150
yqjE_yqjK_yqjD_yqjC_predicted,0.37735849056603776,71,52,GTACTGATTCCGATAGCTCG,19,5177834
yqjE_yqjK_yqjD_yqjC_predicted,0.1320754716981132,58,52,GGGGATAAAGCGGGTTTCGC,6,5193618
yqjE_yqjK_yqjD_yqjC_predicted,0.33962264150943394,69,52,CTTAAAATAGACAGGTGCGA,17,5243723
yqjE_yqjK_yqjD_yqjC_predicted,0.2641509433962264,65,52,CTACTGGATTACTCGTCTCG,13,5191329
yqjE_yqjK_yqjD_yqjC_predicted,0.5283018867924528,79,52,CCCAAAGGTATACATCGGTC,27,5257631
yqjE_yqjK_yqjD_yqjC_predicted,1.150943396226415,112,52,CCAGGCTTCAGGTTTGGCAT,60,5214418
yqjE_yqjK_yqjD_yqjC_predicted,0.3018867924528302,67,52,ACGCGCCCTTTGGCAATGTA,15,5230005
yqjE_yqjK_yqjD_yqjC_predicted,0.5471698113207547,80,52,ACCTATGGTACACATTTAAC,28,5180575
yqjE_yqjK_yqjD_yqjC_predicted,0.6037735849056604,83,52,ACCGTGAGTGTGTCTGCAAT,31,5250657
yqjE_yqjK_yqjD_yqjC_predicted,0.5384615384615384,78,51,TTTGAATCATGTCTATTAAG,27,5176814
yqjE_yqjK_yqjD_yqjC_predicted,0.8076923076923077,92,51,TTGGCTTAAATTTAGTTCGA,41,5174710
yqjE_yqjK_yqjD_yqjC_predicted,0.38461538461538464,70,51,TTAGCTTCATCGGCGGCCTC,19,5240071
yqjE_yqjK_yqjD_yqjC_predicted,0.3076923076923077,66,51,TGTGAACACTTTCCGATTTG,15,5200282
yqjE_yqjK_yqjD_yqjC_predicted,1.4615384615384615,126,51,TGAACCCCACTGGAAACCTC,75,5185852
yqjE_yqjK_yqjD_yqjC_predicted,0.6346153846153846,83,51,TCTTCAACGGAACTATGTCA,32,5247943
yqjE_yqjK_yqjD_yqjC_predicted,0.5384615384615384,78,51,TAACACATCAATTAGCGGTG,27,5220686
yqjE_yqjK_yqjD_yqjC_predicted,0.11538461538461539,56,51,GTGGGAGTCTTCCTATGGTA,5,5257796
yqjE_yqjK_yqjD_yqjC_predicted,0.8076923076923077,92,51,GGTCGTTCACATCAGCGGTA,41,5186704
yqjE_yqjK_yqjD_yqjC_predicted,0.5961538461538461,81,51,GGCGTAGGGACTAGCTCTGC,30,5176023
yqjE_yqjK_yqjD_yqjC_predicted,0.5192307692307693,77,51,GCGGCACTAAAGGCCGAACT,26,5229094
yqjE_yqjK_yqjD_yqjC_predicted,0.057692307692307696,53,51,GCATGGCGGTAAAGGGCGGT,2,5257987
yqjE_yqjK_yqjD_yqjC_predicted,0.09615384615384616,55,51,GATCACCTTGTTAACCAACG,4,5221668
yqjE_yqjK_yqjD_yqjC_predicted,0.40384615384615385,71,51,GAGTGGCGTTAAAAGATCCA,20,5205252
yqjE_yqjK_yqjD_yqjC_predicted,0.40384615384615385,71,51,CGTTTGTAACGCTATAGGAG,20,5224332
yqjE_yqjK_yqjD_yqjC_predicted,1.0192307692307692,103,51,CGATAAGCCACGTTGGTATC,52,5251931
yqjE_yqjK_yqjD_yqjC_predicted,0.21153846153846154,61,51,CCCGATTCGCCGCAGTCTAA,10,5187099
yqjE_yqjK_yqjD_yqjC_predicted,0.09615384615384616,55,51,CATAATCATTTTAGGGGGAT,4,5203301
yqjE_yqjK_yqjD_yqjC_predicted,0.6153846153846154,82,51,ACACATTCAGCGTACAACGT,31,5197001
yqjE_yqjK_yqjD_yqjC_predicted,0.6862745098039216,84,50,TTTGTAAAGAACACGGCAGA,34,5235570
yqjE_yqjK_yqjD_yqjC_predicted,0.8431372549019608,92,50,TTAGCGCAAGACGTCTAGGT,42,5247696
yqjE_yqjK_yqjD_yqjC_predicted,0.39215686274509803,69,50,TGTGCCGGGCTATTCCCTTA,19,5208577
yqjE_yqjK_yqjD_yqjC_predicted,0.4117647058823529,70,50,TGTCACAAGTTTTAGGAGGA,20,5226864
yqjE_yqjK_yqjD_yqjC_predicted,0.6274509803921569,81,50,TGGGTTATTGCATACTGGCC,31,5232560
yqjE_yqjK_yqjD_yqjC_predicted,0.6862745098039216,84,50,TGGCGGACCTGCGCGAACCA,34,5182810
yqjE_yqjK_yqjD_yqjC_predicted,0.5686274509803921,78,50,TGGACACAGTGGGGACACCA,28,5258941
yqjE_yqjK_yqjD_yqjC_predicted,1.6274509803921569,132,50,GTCGCCCGGTGTCCAAGCCC,82,5240997
yqjE_yqjK_yqjD_yqjC_predicted,0.45098039215686275,72,50,GGCGGTCTTCATAGAGTCGT,22,5256922
yqjE_yqjK_yqjD_yqjC_predicted,0.37254901960784315,68,50,GGCATCCGAAGAAAATGGCT,18,5173602
yqjE_yqjK_yqjD_yqjC_predicted,0.058823529411764705,52,50,GAAGCTAATTAATTACGCGG,2,5222454
yqjE_yqjK_yqjD_yqjC_predicted,0.27450980392156865,63,50,CTAGTTGGAGAAGGGCTAAT,13,5212446
yqjE_yqjK_yqjD_yqjC_predicted,0.0392156862745098,51,50,CAGTCGGGCAGCGTTCGCTC,1,5174949
yqjE_yqjK_yqjD_yqjC_predicted,0.5294117647058824,76,50,CACTGTTGGTGTACGGCCTA,26,5212794
yqjE_yqjK_yqjD_yqjC_predicted,0.35294117647058826,67,50,CACGCGTCAATGATCACTGA,17,5175086
yqjE_yqjK_yqjD_yqjC_predicted,0.17647058823529413,58,50,ATTAGCGTAAGAAGAGAAAG,8,5182562
yqjE_yqjK_yqjD_yqjC_predicted,0.5490196078431373,77,50,ACCCAATCAACGTGTCAGAG,27,5182234
yqjE_yqjK_yqjD_yqjC_predicted,0.32,64,49,TGGTGCCCTAGAGTGTAGCT,15,5186470
yqjE_yqjK_yqjD_yqjC_predicted,0.66,81,49,TGCATTTAACAGATTCAATG,32,5255283
yqjE_yqjK_yqjD_yqjC_predicted,0.84,90,49,TCCACGTACATGTTGGTTCT,41,5183118
yqjE_yqjK_yqjD_yqjC_predicted,0.32,64,49,TCATGAAGCTTATCGTCGTG,15,5243981
yqjE_yqjK_yqjD_yqjC_predicted,1.94,145,49,TACCGCGCTCGTCTATCGCT,96,5179773
yqjE_yqjK_yqjD_yqjC_predicted,0.28,62,49,GTGTACCTGACACGTGCCCC,13,5234182
yqjE_yqjK_yqjD_yqjC_predicted,0.58,77,49,GCCGCGCGTTATCCGGAAAT,28,5214647
yqjE_yqjK_yqjD_yqjC_predicted,0.52,74,49,CTTGGGTGACTCTGCATGCA,25,5177728
yqjE_yqjK_yqjD_yqjC_predicted,0.22,59,49,CTGTCCACTGGCCGCCTTGG,10,5187751
yqjE_yqjK_yqjD_yqjC_predicted,0.48,72,49,CGGTGACTGGCATTAATAAG,23,5255208
yqjE_yqjK_yqjD_yqjC_predicted,1.02,99,49,CGGGTAGGTGCGGGATCGCT,50,5185648
yqjE_yqjK_yqjD_yqjC_predicted,0.64,80,49,CCAACATTGGAATATTCTCC,31,5198242
yqjE_yqjK_yqjD_yqjC_predicted,0.38,67,49,ATGTTAAGCTTGCACGGCAG,18,5215034
yqjE_yqjK_yqjD_yqjC_predicted,0.04,50,49,ATCGGGTAAGGATTGTACAC,1,5190482
yqjE_yqjK_yqjD_yqjC_predicted,0.22,59,49,AAGGTAAATTCTTTAGTGAA,10,5260800
yqjE_yqjK_yqjD_yqjC_predicted,0.62,79,49,AAGGGTTAACACCGATGGTT,30,5206576
yqjE_yqjK_yqjD_yqjC_predicted,0.52,74,49,AACGGTATTCCGGTCTGGTT,25,5242255
yqjE_yqjK_yqjD_yqjC_predicted,0.5306122448979592,73,48,TTGCCTTGGTAAATGGTCGT,25,5222901
yqjE_yqjK_yqjD_yqjC_predicted,0.061224489795918366,50,48,TATCGTCTCCTTACCTGCAG,2,5213553
yqjE_yqjK_yqjD_yqjC_predicted,0.40816326530612246,67,48,GTAGAAGTAATGACACATGC,19,5240077
yqjE_yqjK_yqjD_yqjC_predicted,0.3469387755102041,64,48,GGTTGTATGATTTAGCTCAC,16,5214166
yqjE_yqjK_yqjD_yqjC_predicted,0.5102040816326531,72,48,GGAAATCGCAAATTCTTTCG,24,5184409
yqjE_yqjK_yqjD_yqjC_predicted,0.9591836734693877,94,48,GCGTGATGCCGGACACCCAG,46,5185295
yqjE_yqjK_yqjD_yqjC_predicted,0.12244897959183673,53,48,GAGGTGGAATGCCAGCCAGA,5,5170866
yqjE_yqjK_yqjD_yqjC_predicted,0.5306122448979592,73,48,GAAAGGGTAAATTGAGGACA,25,5182941
yqjE_yqjK_yqjD_yqjC_predicted,0.16326530612244897,55,48,CGTACACCGGTATCGGGATA,7,5196964
yqjE_yqjK_yqjD_yqjC_predicted,0.061224489795918366,50,48,ATCTTAGTGTGAGTTCTTGT,2,5182747
yqjE_yqjK_yqjD_yqjC_predicted,0.24489795918367346,59,48,AGGTTTTTCGGTTTTTACAC,11,5194935
yqjE_yqjK_yqjD_yqjC_predicted,0.08163265306122448,51,48,AGGCGCTACTGCTAAAGTCT,3,5175087
yqjE_yqjK_yqjD_yqjC_predicted,0.7346938775510204,83,48,ACACTACACTGAGTGGAAAT,35,5238354
yqjE_yqjK_yqjD_yqjC_predicted,0.4489795918367347,69,48,AAGGTCTTGAGTACCCGCGT,21,5229681
yqjE_yqjK_yqjD_yqjC_predicted,0.6530612244897959,79,48,AAGAAACGGGTGCCCATTTT,31,5177932
yqjE_yqjK_yqjD_yqjC_predicted,0.8571428571428571,89,48,AACCTCTCGGCCCTATCATC,41,5174886
yqjE_yqjK_yqjD_yqjC_predicted,0.9183673469387755,92,48,AAATAATCTGCATGCGCCTT,44,5221885
yqjE_yqjK_yqjD_yqjC_predicted,0.1875,55,47,TTTATGCTCCGTGCCGGTGG,8,5176951
yqjE_yqjK_yqjD_yqjC_predicted,0.10416666666666667,51,47,TTGCAGGGTTGCGTACGACC,4,5185454
yqjE_yqjK_yqjD_yqjC_predicted,0.2916666666666667,60,47,TTAAGAGCGAGCAACGGCTG,13,5247143
yqjE_yqjK_yqjD_yqjC_predicted,0.1875,55,47,TGGTCGTGCAAGGCTGCACT,8,5181330
yqjE_yqjK_yqjD_yqjC_predicted,0.16666666666666666,54,47,TGGGGAGTCCGTATCAATAT,7,5239230
yqjE_yqjK_yqjD_yqjC_predicted,0.8958333333333334,89,47,TGCGTTCCTGGTAGTGCAAC,42,5173951
yqjE_yqjK_yqjD_yqjC_predicted,0.3333333333333333,62,47,TCCTGGGTCGAGTCTATGAT,15,5208009
yqjE_yqjK_yqjD_yqjC_predicted,0.8958333333333334,89,47,TACCTATGACTTTGGTCCAT,42,5186121
yqjE_yqjK_yqjD_yqjC_predicted,0.5,70,47,GTGTCGCGACTTCATGAATA,23,5176984
yqjE_yqjK_yqjD_yqjC_predicted,0.5208333333333334,71,47,GGGCGTCACCAGGGTTCAGG,24,5247861
yqjE_yqjK_yqjD_yqjC_predicted,0.5416666666666666,72,47,GGCGTTAAGTATTGCCTATG,25,5236572
yqjE_yqjK_yqjD_yqjC_predicted,0.20833333333333334,56,47,GGAAACTTCGTCGTGACGAT,9,5196508
yqjE_yqjK_yqjD_yqjC_predicted,0.4166666666666667,66,47,GCGAAATGGTCCGCCGTTTA,19,5230604
yqjE_yqjK_yqjD_yqjC_predicted,0.9375,91,47,GCCACCCCCGGGCGTAAATA,44,5179578
yqjE_yqjK_yqjD_yqjC_predicted,0.4791666666666667,69,47,GAGCATGCCCTTAGGGCCGA,22,5184051
yqjE_yqjK_yqjD_yqjC_predicted,0.125,52,47,CTTTAAAGAATGGCAGTTCC,5,5222687
yqjE_yqjK_yqjD_yqjC_predicted,0.375,64,47,CTTCTACCGGAGGCACAGCA,17,5225061
yqjE_yqjK_yqjD_yqjC_predicted,1.0208333333333333,95,47,CGTGAAAAGCCAGGCGTCTA,48,5180318
yqjE_yqjK_yqjD_yqjC_predicted,0.7083333333333334,80,47,ATCCCCCGATGTACTTGCCT,33,5173864
yqjE_yqjK_yqjD_yqjC_predicted,0.14583333333333334,53,47,ATATGTCGTAACTACTACAG,6,5208552
yqjE_yqjK_yqjD_yqjC_predicted,0.6875,79,47,ACATCGAACATGATCTGGGT,32,5239684
yqjE_yqjK_yqjD_yqjC_predicted,0.3404255319148936,61,46,TTATTGAGCGTGCACTCTGC,15,5227871
yqjE_yqjK_yqjD_yqjC_predicted,0.8723404255319149,86,46,TTAATAGCACTACATTCAAA,40,5180091
yqjE_yqjK_yqjD_yqjC_predicted,0.10638297872340426,50,46,TCGCGCAGTAGCAGAGTTCT,4,5183066
yqjE_yqjK_yqjD_yqjC_predicted,0.0425531914893617,47,46,GGTGGCGGAGACGACCGCTT,1,5204518
yqjE_yqjK_yqjD_yqjC_predicted,0.2553191489361702,57,46,GGCAGCGGCTTAATTTATTC,11,5209789
yqjE_yqjK_yqjD_yqjC_predicted,0.1702127659574468,53,46,GCGAATCAGGAGTATTGGAG,7,5248897
yqjE_yqjK_yqjD_yqjC_predicted,0.10638297872340426,50,46,GCCATTGTGGGAACAAATCA,4,5256408
yqjE_yqjK_yqjD_yqjC_predicted,0.425531914893617,65,46,GAGATACATTCGCGATCGCT,19,5221892
yqjE_yqjK_yqjD_yqjC_predicted,0.23404255319148937,56,46,GAATCAAGTGAAACTGAGCT,10,5190407
yqjE_yqjK_yqjD_yqjC_predicted,0.5106382978723404,69,46,CGGTTAGAGGAAGGTTTGTT,23,5218895
yqjE_yqjK_yqjD_yqjC_predicted,0.1702127659574468,53,46,CGCGCGGGCACTCCCGACGT,7,5196713
yqjE_yqjK_yqjD_yqjC_predicted,0.574468085106383,72,46,CGATAAAAAGTAGGTCGCGT,26,5188243
yqjE_yqjK_yqjD_yqjC_predicted,0.7446808510638298,80,46,CACCGTTCCAATGCAGCGCT,34,5218638
yqjE_yqjK_yqjD_yqjC_predicted,1.2127659574468086,102,46,CACCGTGGTTATCTGTACTA,56,5258128
yqjE_yqjK_yqjD_yqjC_predicted,0.48936170212765956,68,46,CAAACGTCAGCTATTATTCG,22,5216578
yqjE_yqjK_yqjD_yqjC_predicted,0.6170212765957447,74,46,ATGAACATGATGTCGCACCT,28,5244034
yqjE_yqjK_yqjD_yqjC_predicted,0.8936170212765957,87,46,ATCCACGCCCCAGAAGGAGT,41,5205127
yqjE_yqjK_yqjD_yqjC_predicted,0.5531914893617021,71,46,AGTAGGTTTTCCCGGGCGAG,25,5186128
yqjE_yqjK_yqjD_yqjC_predicted,0.0425531914893617,47,46,AGTAGCAGTTTTACGACAAT,1,5205209
yqjE_yqjK_yqjD_yqjC_predicted,0.1702127659574468,53,46,AGGCCCTATTAAATGACTGT,7,5172395
yqjE_yqjK_yqjD_yqjC_predicted,0.0851063829787234,49,46,AGATTATGGTCCGTCCAGTA,3,5194796
yqjE_yqjK_yqjD_yqjC_predicted,0.10869565217391304,49,45,TTTCCTAGTTCAGCGGGTAA,4,5207300
yqjE_yqjK_yqjD_yqjC_predicted,0.17391304347826086,52,45,TTCATCACTTGTTAAGTTAA,7,5235140
yqjE_yqjK_yqjD_yqjC_predicted,0.30434782608695654,58,45,TGTTGTACGTGGAGACTTAA,13,5209634
yqjE_yqjK_yqjD_yqjC_predicted,0.5,67,45,TGTGATCCCCGTTTCTTCTA,22,5216269
yqjE_yqjK_yqjD_yqjC_predicted,0.34782608695652173,60,45,TGACACGCTCACAATCACAT,15,5174711
yqjE_yqjK_yqjD_yqjC_predicted,1.2391304347826086,101,45,TAACCAGCTGAGTGGTTCAT,56,5177023
yqjE_yqjK_yqjD_yqjC_predicted,0.4782608695652174,66,45,GTCGCAAGTTCCTTGTGTAT,21,5221009
yqjE_yqjK_yqjD_yqjC_predicted,0.2608695652173913,56,45,GTCACAAAGCCCCCTTGTGC,11,5210107
yqjE_yqjK_yqjD_yqjC_predicted,0.06521739130434782,47,45,GGGTAGCAAATAACCACGTG,2,5249310
yqjE_yqjK_yqjD_yqjC_predicted,0.1956521739130435,53,45,GGGGCAGTGACATGTTCCCT,8,5221824
yqjE_yqjK_yqjD_yqjC_predicted,0.17391304347826086,52,45,GGCCTAGCTCCGGACCAAAA,7,5221400
yqjE_yqjK_yqjD_yqjC_predicted,0.1956521739130435,53,45,GGACCACGCTTTACGAAAAG,8,5175894
yqjE_yqjK_yqjD_yqjC_predicted,0.21739130434782608,54,45,GCCAAAGTACGGCGTACTTA,9,5234208
yqjE_yqjK_yqjD_yqjC_predicted,0.391304347826087,62,45,CTCGTCATCACCGTTAGATT,17,5238993
yqjE_yqjK_yqjD_yqjC_predicted,0.41304347826086957,63,45,CTATGAACGTGAACTACGTA,18,5236207
yqjE_yqjK_yqjD_yqjC_predicted,0.6304347826086957,73,45,CGTAACGTAAGGACTGTGCA,28,5193059
yqjE_yqjK_yqjD_yqjC_predicted,0.3695652173913043,61,45,CGGGGGACTAATATATTTCA,16,5207588
yqjE_yqjK_yqjD_yqjC_predicted,0.34782608695652173,60,45,CACTCGAGTACGTCTAGCAA,15,5211459
yqjE_yqjK_yqjD_yqjC_predicted,0.2826086956521739,57,45,AGGTGGGGCAACTAGGCTAC,12,5201615
yqjE_yqjK_yqjD_yqjC_predicted,1.1956521739130435,99,45,ACCATTGCAGAGGTAACGAC,54,5170772
yqjE_yqjK_yqjD_yqjC_predicted,0.391304347826087,62,45,AAGGTCAGAGAATTCATATT,17,5173746
yqjE_yqjK_yqjD_yqjC_predicted,0.21739130434782608,54,45,AAACAGTGTACACGGCCCCA,9,5191859
yqjE_yqjK_yqjD_yqjC_predicted,0.5555555555555556,68,44,TTCCCTCTCACATACTAACG,24,5194181
yqjE_yqjK_yqjD_yqjC_predicted,0.37777777777777777,60,44,TGTCTGTACAGAGCGCCAAG,16,5177024
yqjE_yqjK_yqjD_yqjC_predicted,0.6666666666666666,73,44,TGCGCTCCGTCAGGTCTCCT,29,5201940
yqjE_yqjK_yqjD_yqjC_predicted,0.26666666666666666,55,44,TACAGCGCACGGGCCGTTAC,11,5204585
yqjE_yqjK_yqjD_yqjC_predicted,0.6222222222222222,71,44,GTGATTTAAAACTTGTACGG,27,5225983
yqjE_yqjK_yqjD_yqjC_predicted,1.0444444444444445,90,44,GTACCAACGGGGTCGCGATA,46,5253351
yqjE_yqjK_yqjD_yqjC_predicted,0.4888888888888889,65,44,GGGGTATCATCCGCTTCTGG,21,5218385
yqjE_yqjK_yqjD_yqjC_predicted,0.7777777777777778,78,44,GGCCACACGGATGGCGGAGC,34,5204130
yqjE_yqjK_yqjD_yqjC_predicted,0.9555555555555556,86,44,GCTACATCTAGATATGCAGA,42,5223266
yqjE_yqjK_yqjD_yqjC_predicted,0.8444444444444444,81,44,GCCTCCTAGGCTAACTTTTC,37,5182737
yqjE_yqjK_yqjD_yqjC_predicted,0.2222222222222222,53,44,CGGTAGGATGGTTAACTAAT,9,5177245
yqjE_yqjK_yqjD_yqjC_predicted,0.3111111111111111,57,44,CGGGCTTAGCCAATTTAGTT,13,5240248
yqjE_yqjK_yqjD_yqjC_predicted,0.5333333333333333,67,44,CGGGACTTTCAACTGTCGCA,23,5176747
yqjE_yqjK_yqjD_yqjC_predicted,0.17777777777777778,51,44,CGCTTAACATTCCGCATTAT,7,5246793
yqjE_yqjK_yqjD_yqjC_predicted,0.26666666666666666,55,44,CGCCAACGTGTGACTTGTAA,11,5226392
yqjE_yqjK_yqjD_yqjC_predicted,0.5777777777777777,69,44,CCTTCGGGCGTACGGTGTGA,25,5189917
yqjE_yqjK_yqjD_yqjC_predicted,0.3333333333333333,58,44,CATTGACGGACCGTATAATA,14,5239086
yqjE_yqjK_yqjD_yqjC_predicted,0.4222222222222222,62,44,CAGCCTGCGCGGTCAGGAGA,18,5185839
yqjE_yqjK_yqjD_yqjC_predicted,0.4,61,44,CACTCCGCCATGGCTACTAA,17,5227186
yqjE_yqjK_yqjD_yqjC_predicted,0.4666666666666667,64,44,ATAGGTCTTGCCCTGAGCCT,20,5178408
yqjE_yqjK_yqjD_yqjC_predicted,1.2666666666666666,100,44,AGTTCCTATACAAAATGTTC,56,5183164
yqjE_yqjK_yqjD_yqjC_predicted,0.24444444444444444,54,44,AGTGGACGTCATTGATACGA,10,5198187
yqjE_yqjK_yqjD_yqjC_predicted,1.0444444444444445,90,44,ACTTGTTCACCTCCCCCAAT,46,5210168
yqjE_yqjK_yqjD_yqjC_predicted,0.8666666666666667,82,44,ACAGGTCGGAGTCGAATCCC,38,5172114
yqjE_yqjK_yqjD_yqjC_predicted,0.35555555555555557,59,44,AACACGGTAAAATAACTACA,15,5212123
yqjE_yqjK_yqjD_yqjC_predicted,0.2,52,44,AAATTTTTACCCGCTGGAAC,8,5256135
yqjE_yqjK_yqjD_yqjC_predicted,0.09090909090909091,46,43,TTTCCCGCCCAGTCGTCTCA,3,5174136
yqjE_yqjK_yqjD_yqjC_predicted,1.0454545454545454,88,43,TTCCGTTATTGTTTCATAAC,45,5177449
yqjE_yqjK_yqjD_yqjC_predicted,0.13636363636363635,48,43,TCTGCCAGCAGAGAGTTGGT,5,5213916
yqjE_yqjK_yqjD_yqjC_predicted,0.3181818181818182,56,43,TCCCCGATGAGTACCTAAAG,13,5181588
yqjE_yqjK_yqjD_yqjC_predicted,1.0227272727272727,87,43,TCCAAGGCATCTGTACACGT,44,5210105
yqjE_yqjK_yqjD_yqjC_predicted,0.6363636363636364,70,43,TCAATGTGATCCGGCCCACG,27,5175231
yqjE_yqjK_yqjD_yqjC_predicted,0.5909090909090909,68,43,TAGCTCTGAGTGTACTGTAT,25,5228579
yqjE_yqjK_yqjD_yqjC_predicted,0.09090909090909091,46,43,TAAGCACCCGCAATACAAAA,3,5237472
yqjE_yqjK_yqjD_yqjC_predicted,0.13636363636363635,48,43,TAACAGAGTGCGTCTGCAGG,5,5228486
yqjE_yqjK_yqjD_yqjC_predicted,1.1590909090909092,93,43,GCGAAGTGGGCCACTACGAT,50,5179107
yqjE_yqjK_yqjD_yqjC_predicted,0.06818181818181818,45,43,CTGGTCACAGGTCGTCCTGT,2,5183766
yqjE_yqjK_yqjD_yqjC_predicted,0.2727272727272727,54,43,CTCGCGTCCATTGAACCTAA,11,5216549
yqjE_yqjK_yqjD_yqjC_predicted,0.6363636363636364,70,43,CTCACAATCTTAGAGATGAT,27,5184053
yqjE_yqjK_yqjD_yqjC_predicted,0.13636363636363635,48,43,CGGCAGCTTGATCCTGGTTT,5,5176096
yqjE_yqjK_yqjD_yqjC_predicted,0.45454545454545453,62,43,CGCCATCACCGCACGGCTTT,19,5191708
yqjE_yqjK_yqjD_yqjC_predicted,0.45454545454545453,62,43,CATATCGCTCTCACGTGTCC,19,5211737
yqjE_yqjK_yqjD_yqjC_predicted,0.5681818181818182,67,43,CATAGAGCTAGTTGAGGTGT,24,5251437
yqjE_yqjK_yqjD_yqjC_predicted,0.9318181818181818,83,43,CAGCGGTTTCGCCACCAATT,40,5210265
yqjE_yqjK_yqjD_yqjC_predicted,1.1363636363636365,92,43,CAAGCGGAGTGTTCAAGAAA,49,5186563
yqjE_yqjK_yqjD_yqjC_predicted,0.38636363636363635,59,43,CAACTAGATGCGCCATAGAC,16,5178769
yqjE_yqjK_yqjD_yqjC_predicted,0.22727272727272727,52,43,ATTGGGTAGAGATTATAAAT,9,5193564
yqjE_yqjK_yqjD_yqjC_predicted,1.3636363636363635,102,43,ATGTTTTTGTAGGCTCCACA,59,5239882
yqjE_yqjK_yqjD_yqjC_predicted,0.11363636363636363,47,43,AAGCGGCTTACCGGCCGGAC,4,5191082
yqjE_yqjK_yqjD_yqjC_predicted,0.6818181818181818,72,43,AAAAGGGATCTTCCGGCCAT,29,5177724
yqjE_yqjK_yqjD_yqjC_predicted,1.3488372093023255,99,42,TTTCTTAACCAATCATTGTG,57,5171862
yqjE_yqjK_yqjD_yqjC_predicted,0.2558139534883721,52,42,TGGGGGAATGCCAGTCGTCA,10,5206620
yqjE_yqjK_yqjD_yqjC_predicted,0.23255813953488372,51,42,TGCAGGGGTCTTATGCGTAT,9,5188246
yqjE_yqjK_yqjD_yqjC_predicted,0.06976744186046512,44,42,TGATATGGGCAAACGCGGAG,2,5212664
yqjE_yqjK_yqjD_yqjC_predicted,0.5116279069767442,63,42,TGACGCCTTAGTGCCCCAGG,21,5249137
yqjE_yqjK_yqjD_yqjC_predicted,0.11627906976744186,46,42,TGAACATTGTGCTGCGGAGT,4,5185516
yqjE_yqjK_yqjD_yqjC_predicted,0.4418604651162791,60,42,TCTTCGACCGCGGGTTATGT,18,5215709
yqjE_yqjK_yqjD_yqjC_predicted,0.6046511627906976,67,42,TCGCGCCTTTAACGCGGGCA,25,5232006
yqjE_yqjK_yqjD_yqjC_predicted,1.0,84,42,TCACACAAGGGTTTGGGCGG,42,5206908
yqjE_yqjK_yqjD_yqjC_predicted,0.9534883720930233,82,42,TAATCACACGAATGACACCT,40,5176968
yqjE_yqjK_yqjD_yqjC_predicted,0.06976744186046512,44,42,TAAATACAATTTGCCGACTC,2,5231543
yqjE_yqjK_yqjD_yqjC_predicted,0.09302325581395349,45,42,GTTCAAAGACATAGGATCGG,3,5188166
yqjE_yqjK_yqjD_yqjC_predicted,0.6511627906976745,69,42,GTCCCGAAGCTTGTATAATT,27,5208089
yqjE_yqjK_yqjD_yqjC_predicted,1.1395348837209303,90,42,GTCCACCCCGTACAGCATTA,48,5191937
yqjE_yqjK_yqjD_yqjC_predicted,0.627906976744186,68,42,GGGTGTTACGTTACATGTCT,26,5243820
yqjE_yqjK_yqjD_yqjC_predicted,0.3488372093023256,56,42,GGGGCAACTGTGCTGGCATA,14,5183977
yqjE_yqjK_yqjD_yqjC_predicted,0.046511627906976744,43,42,GCCACCTGCATTAACGCGGT,1,5185004
yqjE_yqjK_yqjD_yqjC_predicted,0.20930232558139536,50,42,CTCGGAGACGAGGCCTCTCT,8,5176451
yqjE_yqjK_yqjD_yqjC_predicted,0.7209302325581395,72,42,CTACTCGAGAGTGTTAGGGA,30,5216201
yqjE_yqjK_yqjD_yqjC_predicted,1.0930232558139534,88,42,CGTCCAACGGAAGTGCAGAT,46,5179854
yqjE_yqjK_yqjD_yqjC_predicted,0.3023255813953488,54,42,CGGGCATGCAGGATTGTCCA,12,5201404
yqjE_yqjK_yqjD_yqjC_predicted,1.5348837209302326,107,42,CATACGACGTCCGCACACCT,65,5262545
yqjE_yqjK_yqjD_yqjC_predicted,1.0232558139534884,85,42,CATAAGTGCCGGAAGGCGGT,43,5192882
yqjE_yqjK_yqjD_yqjC_predicted,0.6046511627906976,67,42,ATTTTCCTTTCTTGCTAAAG,25,5248519
yqjE_yqjK_yqjD_yqjC_predicted,0.20930232558139536,50,42,ATTGCGGTCCAGTTTCTAAG,8,5229264
yqjE_yqjK_yqjD_yqjC_predicted,0.16279069767441862,48,42,ATTGCATAGCTCCTTGAAAT,6,5241332
yqjE_yqjK_yqjD_yqjC_predicted,0.5116279069767442,63,42,ATTCGTCAATGGCAATACTC,21,5184136
yqjE_yqjK_yqjD_yqjC_predicted,0.6511627906976745,69,42,ATTAATTACTGACATGTTGT,27,5227356
yqjE_yqjK_yqjD_yqjC_predicted,0.5348837209302325,64,42,ATCATCGTCAGATATGGTGG,22,5211950
yqjE_yqjK_yqjD_yqjC_predicted,0.813953488372093,76,42,AGTACACTGGTAAGTTGAGA,34,5177873
yqjE_yqjK_yqjD_yqjC_predicted,1.186046511627907,92,42,ACCTCTCGACACAAGGCATT,50,5253417
yqjE_yqjK_yqjD_yqjC_predicted,1.0465116279069768,86,42,ACCGGTTCTTCCGTCGAGAA,44,5238840
yqjE_yqjK_yqjD_yqjC_predicted,0.18604651162790697,49,42,ACAGAGTGCCATCAACCGGG,7,5245752
yqjE_yqjK_yqjD_yqjC_predicted,0.8372093023255814,77,42,AATCCCATAACGCTCGTCTG,35,5178891
yqjE_yqjK_yqjD_yqjC_predicted,0.8837209302325582,79,42,AACTAAATACAAACGAAACA,37,5182071
yqjE_yqjK_yqjD_yqjC_predicted,0.5813953488372093,66,42,AACGGGGGTGAAGTTGAACC,24,5189004
yqjE_yqjK_yqjD_yqjC_predicted,0.35714285714285715,55,41,TTTTACCGGGTTAACAAAGT,14,5224400
yqjE_yqjK_yqjD_yqjC_predicted,0.23809523809523808,50,41,TTTATCCCGTTTGCGCTCGA,9,5213475
yqjE_yqjK_yqjD_yqjC_predicted,0.7142857142857143,70,41,TTGTCGCTCTTTTCCAAAGT,29,5250128
yqjE_yqjK_yqjD_yqjC_predicted,0.047619047619047616,42,41,TTGGATACCCGTGTTATGGT,1,5184122
yqjE_yqjK_yqjD_yqjC_predicted,0.09523809523809523,44,41,TTATCGCATACGGTACCAAG,3,5171948
yqjE_yqjK_yqjD_yqjC_predicted,0.5,61,41,TGATTACTGGTCCAGCAATT,20,5225261
yqjE_yqjK_yqjD_yqjC_predicted,1.0,82,41,TGATCTACCTATCTGTAAGA,41,5242720
yqjE_yqjK_yqjD_yqjC_predicted,0.9285714285714286,79,41,TGACCGTAGGGATGGCAAAG,38,5235697
yqjE_yqjK_yqjD_yqjC_predicted,0.23809523809523808,50,41,TCTAGCGCAAGTCCAGTATA,9,5179858
yqjE_yqjK_yqjD_yqjC_predicted,0.3333333333333333,54,41,TCTACCTATCCGCGAATACT,13,5221215
yqjE_yqjK_yqjD_yqjC_predicted,0.6904761904761905,69,41,TCGGAAGCGGCAGTCTTCCG,28,5193872
yqjE_yqjK_yqjD_yqjC_predicted,0.40476190476190477,57,41,TATCAGAACACCGGAGTGAC,16,5247430
yqjE_yqjK_yqjD_yqjC_predicted,0.07142857142857142,43,41,TAGGGAATAGCACGCCACTA,2,5225490
yqjE_yqjK_yqjD_yqjC_predicted,0.23809523809523808,50,41,GTTCGAATCTGTACTTTTGT,9,5252108
yqjE_yqjK_yqjD_yqjC_predicted,0.38095238095238093,56,41,GTCGCCCTAAGAAAATCGGT,15,5230580
yqjE_yqjK_yqjD_yqjC_predicted,0.3333333333333333,54,41,GTCCTCCGACTGCGAAGCTA,13,5239449
yqjE_yqjK_yqjD_yqjC_predicted,0.6190476190476191,66,41,GTAGGTAGGCAGGGAGGATA,25,5235255
yqjE_yqjK_yqjD_yqjC_predicted,0.2619047619047619,51,41,GCGGGTCTTAGAGTGTGTCA,10,5211275
yqjE_yqjK_yqjD_yqjC_predicted,0.35714285714285715,55,41,GCGAGAACGGCCTGGTGGAA,14,5209435
yqjE_yqjK_yqjD_yqjC_predicted,0.38095238095238093,56,41,GAACAGTGGGTTCTAAGGGA,15,5211600
yqjE_yqjK_yqjD_yqjC_predicted,0.7619047619047619,72,41,CTGTCCCAAGACGAAGATTA,31,5173553
yqjE_yqjK_yqjD_yqjC_predicted,1.2619047619047619,93,41,CGTGCCATGTCCGTAAACAT,52,5172469
yqjE_yqjK_yqjD_yqjC_predicted,0.16666666666666666,47,41,CGCGCTGGAGGCCGATCATC,6,5171951
yqjE_yqjK_yqjD_yqjC_predicted,1.380952380952381,98,41,CCTCTATACGCCTTAAGGTA,57,5247813
yqjE_yqjK_yqjD_yqjC_predicted,0.11904761904761904,45,41,CCGGTATATTTTGGGTGACG,4,5180267
yqjE_yqjK_yqjD_yqjC_predicted,0.16666666666666666,47,41,ATGTGGTGCTATCAGTATCT,6,5217542
yqjE_yqjK_yqjD_yqjC_predicted,0.30952380952380953,53,41,ATATAAGTGGTTTTGAGTGG,12,5196326
yqjE_yqjK_yqjD_yqjC_predicted,0.8809523809523809,77,41,AGGCAATGGTGCCGTAAGAC,36,5252703
yqjE_yqjK_yqjD_yqjC_predicted,0.2619047619047619,51,41,ACGGGCGGCTCGGTCAGCGA,10,5235336
yqjE_yqjK_yqjD_yqjC_predicted,0.19047619047619047,48,41,ACCTCGTCCTTGCGGAAGGA,7,5236665
yqjE_yqjK_yqjD_yqjC_predicted,1.6428571428571428,109,41,AATCACGTTCCTACACGTAA,68,5203303
yqjE_yqjK_yqjD_yqjC_predicted,0.2926829268292683,51,40,TTTCCATCCGTTAAAAAATC,11,5201425
yqjE_yqjK_yqjD_yqjC_predicted,0.5609756097560976,62,40,TTCGTTCGAGTCGCAATCGA,22,5211672
yqjE_yqjK_yqjD_yqjC_predicted,0.926829268292683,77,40,TTATGGCTACAAATGAATGT,37,5187237
yqjE_yqjK_yqjD_yqjC_predicted,0.5853658536585366,63,40,TGGATCTTCGGGACCCGCGG,23,5202249
yqjE_yqjK_yqjD_yqjC_predicted,0.9512195121951219,78,40,TGCGGATCGACGATTGTTGA,38,5200674
yqjE_yqjK_yqjD_yqjC_predicted,0.36585365853658536,54,40,TAGCCATGGCTTCAGTGAGT,14,5227274
yqjE_yqjK_yqjD_yqjC_predicted,0.4878048780487805,59,40,GGTACATGCATCCGTTACCG,19,5201133
yqjE_yqjK_yqjD_yqjC_predicted,1.2682926829268293,91,40,GGATGTACCAGAGGAGCCTT,51,5185376
yqjE_yqjK_yqjD_yqjC_predicted,0.21951219512195122,48,40,GCGTAATTGATGCTTGTACG,8,5211488
yqjE_yqjK_yqjD_yqjC_predicted,0.3170731707317073,52,40,GCCGGGGCTAATATAGGTTG,12,5196793
yqjE_yqjK_yqjD_yqjC_predicted,1.170731707317073,87,40,GAATCAACCAAGTCGTATTA,47,5199434
yqjE_yqjK_yqjD_yqjC_predicted,0.24390243902439024,49,40,GAACCGCAACTCCTCGGGCT,9,5193015
yqjE_yqjK_yqjD_yqjC_predicted,1.975609756097561,120,40,CTCGATATTCGCAGCTTCAG,80,5180503
yqjE_yqjK_yqjD_yqjC_predicted,0.34146341463414637,53,40,CTCAGGCTGCGCGTTATTCA,13,5185782
yqjE_yqjK_yqjD_yqjC_predicted,0.7317073170731707,69,40,CGGCTTGAAGCACTAAGCTA,29,5186562
yqjE_yqjK_yqjD_yqjC_predicted,0.24390243902439024,49,40,CGCTCTATGGGATACTAAAG,9,5191409
yqjE_yqjK_yqjD_yqjC_predicted,0.2682926829268293,50,40,CGCCGATTCCCAATCACGCT,10,5237308
yqjE_yqjK_yqjD_yqjC_predicted,0.3170731707317073,52,40,CGATCAGTCGTGGCTGGCGG,12,5255718
yqjE_yqjK_yqjD_yqjC_predicted,0.17073170731707318,46,40,CGAGGGCTTACGCAAGACAA,6,5194302
yqjE_yqjK_yqjD_yqjC_predicted,0.7804878048780488,71,40,CCGGGACCGTGGATATTCCA,31,5186579
yqjE_yqjK_yqjD_yqjC_predicted,1.5365853658536586,102,40,CCGGACGACGGGCGAACTTA,62,5176763
yqjE_yqjK_yqjD_yqjC_predicted,0.36585365853658536,54,40,CCCGGGAGGATCAACTGGCA,14,5246071
yqjE_yqjK_yqjD_yqjC_predicted,0.3170731707317073,52,40,CAATAACAGGTAGTTAGGCA,12,5187963
yqjE_yqjK_yqjD_yqjC_predicted,1.4146341463414633,97,40,CAACTGAACTGAACTTCCCG,57,5198024
yqjE_yqjK_yqjD_yqjC_predicted,0.7804878048780488,71,40,ATTAGTACCTGGGCACGTTC,31,5183605
yqjE_yqjK_yqjD_yqjC_predicted,0.5121951219512195,60,40,ATGCCCTAAGGGTTCATGAT,20,5258964
yqjE_yqjK_yqjD_yqjC_predicted,0.6341463414634146,65,40,ATCACGGGGCTTAGGACGCT,25,5228979
yqjE_yqjK_yqjD_yqjC_predicted,0.5121951219512195,60,40,AGCTTCTGTGAGAGCATTCA,20,5204184
yqjE_yqjK_yqjD_yqjC_predicted,0.926829268292683,77,40,AGCGCACATACAGGATGTTA,37,5229685
yqjE_yqjK_yqjD_yqjC_predicted,0.8536585365853658,74,40,ACTTGTAGGCTTCATTAAGT,34,5174796
yqjE_yqjK_yqjD_yqjC_predicted,0.17073170731707318,46,40,ACTCCGCTGTAATTTCAAGT,6,5175640
yqjE_yqjK_yqjD_yqjC_predicted,0.12195121951219512,44,40,ACCTCCAACGAGAGTTTTTT,4,5194610
yqjE_yqjK_yqjD_yqjC_predicted,0.45,56,39,TTTGCAAGGTTGAGAGCTCC,17,5182157
yqjE_yqjK_yqjD_yqjC_predicted,2.675,145,39,TTGATACGTTTTGACTAGCA,106,5225542
yqjE_yqjK_yqjD_yqjC_predicted,0.975,77,39,TTCCGTTTGAAAGTTCCGAT,38,5262814
yqjE_yqjK_yqjD_yqjC_predicted,0.425,55,39,TTAGATACCTTGCACGGAGC,16,5209813
yqjE_yqjK_yqjD_yqjC_predicted,0.25,48,39,TTAATGTGTTTGAATATATA,9,5235720
yqjE_yqjK_yqjD_yqjC_predicted,0.15,44,39,TTAAGTTCGCCAGTTGCCGG,5,5236024
yqjE_yqjK_yqjD_yqjC_predicted,0.85,72,39,TGGCACTTCGTACCTAAAGA,33,5220497
yqjE_yqjK_yqjD_yqjC_predicted,0.275,49,39,TGCATCGTTCATTTATTTCC,10,5210175
yqjE_yqjK_yqjD_yqjC_predicted,0.05,40,39,TGAGCTCTAGGTGCGATTCA,1,5177928
yqjE_yqjK_yqjD_yqjC_predicted,0.4,54,39,TGAGAAGCACTTTTCTTGAA,15,5233420
yqjE_yqjK_yqjD_yqjC_predicted,1.025,79,39,TCTCAATACGTTAGGACCTT,40,5221540
yqjE_yqjK_yqjD_yqjC_predicted,0.725,67,39,TCGGACTATCGACTGCCCTA,28,5200153
yqjE_yqjK_yqjD_yqjC_predicted,0.175,45,39,TATACCACGCGGACTCGTCC,6,5193509
yqjE_yqjK_yqjD_yqjC_predicted,0.9,74,39,TAGGCTGCGAGCCGTTGCCT,35,5209788
yqjE_yqjK_yqjD_yqjC_predicted,0.2,46,39,GTTTTAAGCGGTATACACAA,7,5183900
yqjE_yqjK_yqjD_yqjC_predicted,1.1,82,39,GTAAGTGGTACTGAAGCCAT,43,5235131
yqjE_yqjK_yqjD_yqjC_predicted,1.475,97,39,GGTGGGGGGCGGCGTGTGCA,58,5200745
yqjE_yqjK_yqjD_yqjC_predicted,0.2,46,39,GGTGGACCTTGAGGGCACTC,7,5236531
yqjE_yqjK_yqjD_yqjC_predicted,0.05,40,39,GGGGAACGTTCTGGTTGGCA,1,5259895
yqjE_yqjK_yqjD_yqjC_predicted,0.1,42,39,GGGCAGTAACAGACAACATT,3,5218449
yqjE_yqjK_yqjD_yqjC_predicted,0.475,57,39,GGGATGACACTCGGAGGGCG,18,5217155
yqjE_yqjK_yqjD_yqjC_predicted,0.05,40,39,GGACATGCTGCCATAATGAT,1,5221476
yqjE_yqjK_yqjD_yqjC_predicted,0.55,60,39,GCGCATGGGAAGAGGCGCAA,21,5203490
yqjE_yqjK_yqjD_yqjC_predicted,0.375,53,39,GCCGGACTTCTCGTTCGATC,14,5256708
yqjE_yqjK_yqjD_yqjC_predicted,0.7,66,39,GCCCTTCCAGGGTCCCGTAG,27,5242515
yqjE_yqjK_yqjD_yqjC_predicted,0.875,73,39,GATTGCGTCTCTTAACACCA,34,5241455
yqjE_yqjK_yqjD_yqjC_predicted,0.675,65,39,GAGCGTCATTCCATCCAACT,26,5254889
yqjE_yqjK_yqjD_yqjC_predicted,0.225,47,39,GAACGGTCTTACATCGAGTA,8,5253174
yqjE_yqjK_yqjD_yqjC_predicted,0.9,74,39,CTTGTGGTTCTACGATTTCC,35,5195412
yqjE_yqjK_yqjD_yqjC_predicted,0.95,76,39,CTGCTGCGGGTAAAGGTGGA,37,5196660
yqjE_yqjK_yqjD_yqjC_predicted,0.125,43,39,CGCACTATATCAGTCCGGAG,4,5209209
yqjE_yqjK_yqjD_yqjC_predicted,0.725,67,39,CCTGCCGGGTCTGACACATG,28,5193375
yqjE_yqjK_yqjD_yqjC_predicted,0.35,52,39,CCCAAGGCGTGATGGTGCTG,13,5216761
yqjE_yqjK_yqjD_yqjC_predicted,0.425,55,39,CCACCGACGGTTTATACGGC,16,5246730
yqjE_yqjK_yqjD_yqjC_predicted,0.35,52,39,CATCCTTATGCGGGTTCGTA,13,5190483
yqjE_yqjK_yqjD_yqjC_predicted,0.45,56,39,CACCATCCCACAGTAACTCT,17,5193455
yqjE_yqjK_yqjD_yqjC_predicted,0.65,64,39,CACAAATTTTAACTTCGATT,25,5198941
yqjE_yqjK_yqjD_yqjC_predicted,0.45,56,39,ATAGGGGCCTGGTACTGTAA,17,5233558
yqjE_yqjK_yqjD_yqjC_predicted,0.175,45,39,AGCTCTACACGCTGGAGAAC,6,5213058
yqjE_yqjK_yqjD_yqjC_predicted,0.625,63,39,ACTAGGGCGTGCTCTTCCGG,24,5198396
yqjE_yqjK_yqjD_yqjC_predicted,0.475,57,39,ACGGGGCTTGAAGAACCTGA,18,5220682
yqjE_yqjK_yqjD_yqjC_predicted,1.875,113,39,ACCTCCTTCATCCAATGTTT,74,5178925
yqjE_yqjK_yqjD_yqjC_predicted,0.05,40,39,ACCGTCTCGCCGATTGTTGG,1,5173141
yqjE_yqjK_yqjD_yqjC_predicted,0.175,45,39,AATATTCAGTTTTAGTTTTT,6,5243192
yqjE_yqjK_yqjD_yqjC_predicted,1.9,114,39,AAGCATTACCCAACGATCAA,75,5240029
yqjE_yqjK_yqjD_yqjC_predicted,0.7435897435897436,66,38,TTAAGGTTATGGTTAGTTAG,28,5187100
yqjE_yqjK_yqjD_yqjC_predicted,0.05128205128205128,39,38,TGCTTGAGCGCAGCCTCGAT,1,5196649
yqjE_yqjK_yqjD_yqjC_predicted,0.38461538461538464,52,38,TCGGATTGGGTCCTAATCTT,14,5210900
yqjE_yqjK_yqjD_yqjC_predicted,0.5641025641025641,59,38,TATCAGGGCACGGTTAAGAA,21,5236907
yqjE_yqjK_yqjD_yqjC_predicted,0.2564102564102564,47,38,TATAATGCCCTTGCTCTGAT,9,5261460
yqjE_yqjK_yqjD_yqjC_predicted,0.05128205128205128,39,38,TACGAGAGGAAAAGCCGTTA,1,5239034
yqjE_yqjK_yqjD_yqjC_predicted,0.3076923076923077,49,38,GTTATGTTGATCGAGCATTG,11,5247573
yqjE_yqjK_yqjD_yqjC_predicted,0.6153846153846154,61,38,GTGCGGCGCAATTCGTCTGT,23,5187702
yqjE_yqjK_yqjD_yqjC_predicted,0.20512820512820512,45,38,GTAGGTAGCCGATCTAAAGA,7,5217720
yqjE_yqjK_yqjD_yqjC_predicted,0.4358974358974359,54,38,GTAAGGTTAGAACGGCTTGC,16,5173900
yqjE_yqjK_yqjD_yqjC_predicted,0.46153846153846156,55,38,GTAACGCCCTTCTTGGTTAT,17,5181247
yqjE_yqjK_yqjD_yqjC_predicted,0.10256410256410256,41,38,GGTATTATGTGGCATACAAA,3,5242855
yqjE_yqjK_yqjD_yqjC_predicted,0.7948717948717948,68,38,GGTATATGCATAAGATTTAT,30,5184340
yqjE_yqjK_yqjD_yqjC_predicted,0.5128205128205128,57,38,GGATGCTACTTATGTTTTCT,19,5226507
yqjE_yqjK_yqjD_yqjC_predicted,0.717948717948718,65,38,GCCATTTTGTTCGAGCCCGA,27,5255807
yqjE_yqjK_yqjD_yqjC_predicted,0.07692307692307693,40,38,GATGTGTCAAGAAAGCTGTG,2,5216599
yqjE_yqjK_yqjD_yqjC_predicted,0.05128205128205128,39,38,GATGAATAGACGAGCAGCAT,1,5204709
yqjE_yqjK_yqjD_yqjC_predicted,0.28205128205128205,48,38,GAGATCACTCACCCAGGCCG,10,5217328
yqjE_yqjK_yqjD_yqjC_predicted,0.5384615384615384,58,38,GACGATATCGACCAATCATT,20,5217398
yqjE_yqjK_yqjD_yqjC_predicted,0.8461538461538461,70,38,GAACTACTTCGCCATCCCGA,32,5172137
yqjE_yqjK_yqjD_yqjC_predicted,1.0769230769230769,79,38,CTTGTTGTATTCATACAGCA,41,5219152
yqjE_yqjK_yqjD_yqjC_predicted,1.1025641025641026,80,38,CTGGGAGACACAGGTTCCAG,42,5178292
yqjE_yqjK_yqjD_yqjC_predicted,0.8717948717948718,71,38,CGTGCTACCAAGTACCAGGG,33,5217543
yqjE_yqjK_yqjD_yqjC_predicted,1.0769230769230769,79,38,CGGTAACTGTACATAGGCTA,41,5222762
yqjE_yqjK_yqjD_yqjC_predicted,1.0512820512820513,78,38,CGGCGAAAGTACAGAGGTCA,40,5222375
yqjE_yqjK_yqjD_yqjC_predicted,1.3076923076923077,88,38,CGAGACGGCGAAGCCATTCG,50,5257291
yqjE_yqjK_yqjD_yqjC_predicted,0.7692307692307693,67,38,CCATCTTCAACTGGCACGCA,29,5192241
yqjE_yqjK_yqjD_yqjC_predicted,1.2820512820512822,87,38,ATGAGTGCGGTCGCGTGAGC,49,5217811
yqjE_yqjK_yqjD_yqjC_predicted,0.38461538461538464,52,38,ATCTTGCTCGCTAGCTGCCA,14,5234447
yqjE_yqjK_yqjD_yqjC_predicted,0.05128205128205128,39,38,AGTCCCTTTCGCAGTCGAGT,1,5237474
yqjE_yqjK_yqjD_yqjC_predicted,2.717948717948718,143,38,AGCACGTGCTCCTAATGGCT,105,5214931
yqjE_yqjK_yqjD_yqjC_predicted,1.0769230769230769,79,38,ACGTGTCAATTAGTTCATTG,41,5232178
yqjE_yqjK_yqjD_yqjC_predicted,0.717948717948718,65,38,AATAGGTGGTGACATGCCCC,27,5204353
yqjE_yqjK_yqjD_yqjC_predicted,1.3846153846153846,91,38,AAGAGGGCGACTAACATCAA,53,5171329
yqjE_yqjK_yqjD_yqjC_predicted,0.9230769230769231,73,38,AAAACTCGCAGACTATGTAA,35,5227866
yqjE_yqjK_yqjD_yqjC_predicted,0.6578947368421053,61,37,TTTGACTATTCGATTTACCA,24,5226749
yqjE_yqjK_yqjD_yqjC_predicted,1.5263157894736843,94,37,TTTACTACCGTGGCCTACCA,57,5245385
yqjE_yqjK_yqjD_yqjC_predicted,0.6052631578947368,59,37,TGTAGACAAGTGACGCTCTT,22,5173607
yqjE_yqjK_yqjD_yqjC_predicted,0.7368421052631579,64,37,TCGTCCTTGGTCTGCCTATT,27,5175316
yqjE_yqjK_yqjD_yqjC_predicted,0.868421052631579,69,37,TCGTACCCCTGTATGTTTGG,32,5193124
yqjE_yqjK_yqjD_yqjC_predicted,0.39473684210526316,51,37,TCGCAAGTTGCTTTGGACTC,14,5190465
yqjE_yqjK_yqjD_yqjC_predicted,1.236842105263158,83,37,TAGGGTGTAATTGGACCGCG,46,5173550
yqjE_yqjK_yqjD_yqjC_predicted,1.4736842105263157,92,37,GTTTCAGCAACCCTCATTAA,55,5232725
yqjE_yqjK_yqjD_yqjC_predicted,0.5526315789473685,57,37,GTATCCGTGGGAGGTTTTGT,20,5213786
yqjE_yqjK_yqjD_yqjC_predicted,0.07894736842105263,39,37,GGTTGGAATCCCAAGTTGTT,2,5243906
yqjE_yqjK_yqjD_yqjC_predicted,1.3421052631578947,87,37,GGCTCCAAGATGTTCCCTGA,50,5228576
yqjE_yqjK_yqjD_yqjC_predicted,2.263157894736842,122,37,GCTCCCCAAAATGCATACCT,85,5204829
yqjE_yqjK_yqjD_yqjC_predicted,1.0263157894736843,75,37,GCGTCTATGAGAGCCTACTC,38,5242913
yqjE_yqjK_yqjD_yqjC_predicted,0.3157894736842105,48,37,GATGGAAACCAGTTTGGCGG,11,5216330
yqjE_yqjK_yqjD_yqjC_predicted,0.4473684210526316,53,37,GATAAATGGCCACCTGGTCA,16,5190220
yqjE_yqjK_yqjD_yqjC_predicted,0.9736842105263158,73,37,CTGTGTTCATTCTGGGCCAT,36,5197594
yqjE_yqjK_yqjD_yqjC_predicted,0.6842105263157895,62,37,CGGACAACGATTTTTGGCGC,25,5218225
yqjE_yqjK_yqjD_yqjC_predicted,1.605263157894737,97,37,CGCTTTTTACCCGTGAATAA,60,5215062
yqjE_yqjK_yqjD_yqjC_predicted,0.3157894736842105,48,37,CGATGTCTTCTCCAGCCGTC,11,5255103
yqjE_yqjK_yqjD_yqjC_predicted,0.47368421052631576,54,37,CGAATCGGTAGTAGGGTTAT,17,5176102
yqjE_yqjK_yqjD_yqjC_predicted,0.8421052631578947,68,37,CCCGAACTCCGGCGACAATT,31,5253590
yqjE_yqjK_yqjD_yqjC_predicted,0.7894736842105263,66,37,CCCCCTAACAATTAAATGTG,29,5225258
yqjE_yqjK_yqjD_yqjC_predicted,0.05263157894736842,38,37,CATATAAACCCACGCCTAGA,1,5191922
yqjE_yqjK_yqjD_yqjC_predicted,0.23684210526315788,45,37,CAGTTGCATATACTCAACTG,8,5245639
yqjE_yqjK_yqjD_yqjC_predicted,1.0,74,37,CAGTGGGTTAGCGCCCAGAC,37,5186486
yqjE_yqjK_yqjD_yqjC_predicted,0.42105263157894735,52,37,CACTCGCGTTCATAGATACT,15,5189241
yqjE_yqjK_yqjD_yqjC_predicted,0.3157894736842105,48,37,CAAATGAAGAGAGGCGGGCA,11,5192878
yqjE_yqjK_yqjD_yqjC_predicted,1.736842105263158,102,37,ATGACACGTCTAGAATTAGT,65,5226190
yqjE_yqjK_yqjD_yqjC_predicted,0.8157894736842105,67,37,ATCTGTCCTCTCCCAGAGAG,30,5221007
yqjE_yqjK_yqjD_yqjC_predicted,0.2894736842105263,47,37,ATCCGGAACAGGACGTCCAG,10,5243901
yqjE_yqjK_yqjD_yqjC_predicted,0.18421052631578946,43,37,AGGGGTTTACATGAGGCATA,6,5207310
yqjE_yqjK_yqjD_yqjC_predicted,1.4736842105263157,92,37,ACCCCTTGGCCGGCTTGCAG,55,5240583
yqjE_yqjK_yqjD_yqjC_predicted,1.5,93,37,ACCCCGTTCCTCCGTCTATC,56,5172811
yqjE_yqjK_yqjD_yqjC_predicted,0.6578947368421053,61,37,ACACAGGGCCGTGAGTCACA,24,5196127
yqjE_yqjK_yqjD_yqjC_predicted,0.7368421052631579,64,37,AATATTCACATGCATAACGT,27,5256801
yqjE_yqjK_yqjD_yqjC_predicted,0.3157894736842105,48,37,AAGGGACGTTTTCGATATAC,11,5262595
yqjE_yqjK_yqjD_yqjC_predicted,0.5789473684210527,58,37,AAACCGAAACAACAATCGAT,21,5207952
yqjE_yqjK_yqjD_yqjC_predicted,0.21052631578947367,44,37,AAAAATTATGACAGCAACGT,7,5180272
yqjE_yqjK_yqjD_yqjC_predicted,0.3783783783783784,49,36,TTGTAAACCTGTGGCACAGA,13,5242912
yqjE_yqjK_yqjD_yqjC_predicted,0.43243243243243246,51,36,TTGGGGTGGTCTCCTCGCTT,15,5221209
yqjE_yqjK_yqjD_yqjC_predicted,0.7567567567567568,63,36,TTACCAGGAGAATGCGGAGA,27,5204107
yqjE_yqjK_yqjD_yqjC_predicted,0.13513513513513514,40,36,TTAAGGAGGCAAACAGATAC,4,5228306
yqjE_yqjK_yqjD_yqjC_predicted,0.16216216216216217,41,36,TGATAAGAACCGATTTGAGG,5,5213199
yqjE_yqjK_yqjD_yqjC_predicted,0.6216216216216216,58,36,TCTTTCGTAGTACACGGTAT,22,5214138
yqjE_yqjK_yqjD_yqjC_predicted,0.5135135135135135,54,36,TCGGCACTCGCCACGAAAGC,18,5198690
yqjE_yqjK_yqjD_yqjC_predicted,0.6486486486486487,59,36,TCGGAATGCTGCTGTATGCT,23,5240818
yqjE_yqjK_yqjD_yqjC_predicted,0.7567567567567568,63,36,TCATTTCGCGAAGCAGTTGC,27,5178894
yqjE_yqjK_yqjD_yqjC_predicted,0.2702702702702703,45,36,TCAACCGGTCTGGGTATTCT,9,5186131
yqjE_yqjK_yqjD_yqjC_predicted,0.1891891891891892,42,36,TATGCGCTGTAGAGGCTTCA,6,5180023
yqjE_yqjK_yqjD_yqjC_predicted,0.08108108108108109,38,36,GTGAGCGATGATGGCCCTTC,2,5219787
yqjE_yqjK_yqjD_yqjC_predicted,1.1081081081081081,76,36,GGCACATTTCCTCGCCACCT,40,5176095
yqjE_yqjK_yqjD_yqjC_predicted,0.5405405405405406,55,36,GGAAGTTTTCGCTGGAGGGT,19,5247970
yqjE_yqjK_yqjD_yqjC_predicted,1.135135135135135,77,36,GCGTATATCTATGTTACGAG,41,5222785
yqjE_yqjK_yqjD_yqjC_predicted,0.10810810810810811,39,36,GCGCGTCAGAATTCAGCTTA,3,5178763
yqjE_yqjK_yqjD_yqjC_predicted,0.7837837837837838,64,36,GCCGGCGCGTTATGAAGGAA,28,5214594
yqjE_yqjK_yqjD_yqjC_predicted,0.32432432432432434,47,36,GCCATGTACCCTAGTTCATC,11,5216323
yqjE_yqjK_yqjD_yqjC_predicted,0.10810810810810811,39,36,GAGACTCCCTAGCAATGTTA,3,5245760
yqjE_yqjK_yqjD_yqjC_predicted,1.5675675675675675,93,36,CTGGAAAGGGACGGCGGCCC,57,5246901
yqjE_yqjK_yqjD_yqjC_predicted,0.8378378378378378,66,36,CTACTGGAGCTAGCATACTA,30,5189530
yqjE_yqjK_yqjD_yqjC_predicted,0.10810810810810811,39,36,CTACCCCGACACTTGCTCAG,3,5255725
yqjE_yqjK_yqjD_yqjC_predicted,0.08108108108108109,38,36,CGTTTAACTATTGGGCAGAT,2,5185111
yqjE_yqjK_yqjD_yqjC_predicted,0.1891891891891892,42,36,CGCTCTGCCAGGGATCAGTA,6,5185234
yqjE_yqjK_yqjD_yqjC_predicted,0.05405405405405406,37,36,CGCTATACGTCCGACTGGGA,1,5192544
yqjE_yqjK_yqjD_yqjC_predicted,0.1891891891891892,42,36,CGCGCTCTCCCCAACTAACT,6,5201838
yqjE_yqjK_yqjD_yqjC_predicted,0.05405405405405406,37,36,CGCGATGCGAGTTCCAGTAA,1,5221394
yqjE_yqjK_yqjD_yqjC_predicted,0.3783783783783784,49,36,CCTGCGGAAGAGGCAATCGG,13,5223091
yqjE_yqjK_yqjD_yqjC_predicted,1.135135135135135,77,36,CCGTTGCAGCTCCGGCCAGG,41,5193766
yqjE_yqjK_yqjD_yqjC_predicted,0.35135135135135137,48,36,CCGGTAGGCTTACCGAATAT,12,5189092
yqjE_yqjK_yqjD_yqjC_predicted,0.5405405405405406,55,36,CCACCTTGCAACCGCAAATA,19,5220835
yqjE_yqjK_yqjD_yqjC_predicted,0.3783783783783784,49,36,CACGTAACGCATCCGGTTGC,13,5178890
yqjE_yqjK_yqjD_yqjC_predicted,0.5675675675675675,56,36,CACGGATGTCTCAACTCTTA,20,5225932
yqjE_yqjK_yqjD_yqjC_predicted,0.5405405405405406,55,36,ATTATCAAATACTTCTTCTA,19,5223762
yqjE_yqjK_yqjD_yqjC_predicted,2.5405405405405403,129,36,ATGGCATCACGTCAGCCAAA,93,5179897
yqjE_yqjK_yqjD_yqjC_predicted,0.3783783783783784,49,36,ATCTACGCACTTAATGTTTG,13,5251190
yqjE_yqjK_yqjD_yqjC_predicted,0.7027027027027027,61,36,ATCCGACCGTCTAAGCGCAT,25,5208828
yqjE_yqjK_yqjD_yqjC_predicted,1.0,72,36,ATATCTGTTAACATTTGTGA,36,5178637
yqjE_yqjK_yqjD_yqjC_predicted,0.43243243243243246,51,36,ATAGTTCGAGGGCACAACTG,15,5203518
yqjE_yqjK_yqjD_yqjC_predicted,0.6486486486486487,59,36,AGTGGGACTGCTCCCGCTGA,23,5177571
yqjE_yqjK_yqjD_yqjC_predicted,0.2702702702702703,45,36,AGGTTATAAGGCCCCGAGGA,9,5228743
yqjE_yqjK_yqjD_yqjC_predicted,0.7027027027027027,61,36,AGGGCTCGTAAACCGAAAGA,25,5183774
yqjE_yqjK_yqjD_yqjC_predicted,1.1081081081081081,76,36,AGGCGCTACCCCAAAGGAAT,40,5252071
yqjE_yqjK_yqjD_yqjC_predicted,0.5945945945945946,57,36,AGGCCTCGGGTAAGGAAAGG,21,5181733
yqjE_yqjK_yqjD_yqjC_predicted,0.4864864864864865,53,36,AGCCCGACACAAAGTGACGA,17,5255039
yqjE_yqjK_yqjD_yqjC_predicted,0.2702702702702703,45,36,ACTTCGGCGGGGTAACACTT,9,5186827
yqjE_yqjK_yqjD_yqjC_predicted,0.4594594594594595,52,36,ACGGGTGGGGTTCGTTCACG,16,5225664
yqjE_yqjK_yqjD_yqjC_predicted,0.05405405405405406,37,36,ACCCAACAGCTACGACAGCA,1,5262895
yqjE_yqjK_yqjD_yqjC_predicted,1.2702702702702702,82,36,ACCAGAGGGATAGTAAAATA,46,5177398
yqjE_yqjK_yqjD_yqjC_predicted,0.4594594594594595,52,36,ACATCTAATTACGGAACTGG,16,5194292
yqjE_yqjK_yqjD_yqjC_predicted,0.08108108108108109,38,36,ACAGTGGACCGCAGTACTGC,2,5193632
yqjE_yqjK_yqjD_yqjC_predicted,0.3783783783783784,49,36,AAGTTAACTGTGGGGTAGAA,13,5212449
yqjE_yqjK_yqjD_yqjC_predicted,0.43243243243243246,51,36,AACGTAGCAGCCTGGCTCGC,15,5216205
yqjE_yqjK_yqjD_yqjC_predicted,0.5405405405405406,55,36,AAAGTGCCTAGCACCCACAC,19,5186440
yqjE_yqjK_yqjD_yqjC_predicted,0.5555555555555556,54,35,TTCGCTAGTTTTCGCGGATT,19,5246405
yqjE_yqjK_yqjD_yqjC_predicted,0.1111111111111111,38,35,TGGTTATGCATGCAGTGCAA,3,5217895
yqjE_yqjK_yqjD_yqjC_predicted,0.1111111111111111,38,35,TGCACGCCATTCCGGGCTAT,3,5245401
yqjE_yqjK_yqjD_yqjC_predicted,0.5833333333333334,55,35,TCTTCATTTAGGGATGACAT,20,5250162
yqjE_yqjK_yqjD_yqjC_predicted,0.5277777777777778,53,35,TCAGATTAAGCTGGATTGTA,18,5175503
yqjE_yqjK_yqjD_yqjC_predicted,1.0555555555555556,72,35,TAAGTGCAACAACCTTCAAG,37,5247610
yqjE_yqjK_yqjD_yqjC_predicted,0.3611111111111111,47,35,GTTGGCAACCAATGTTAAAA,12,5200233
yqjE_yqjK_yqjD_yqjC_predicted,0.3888888888888889,48,35,GTTCCGGGTAGTCCTGCCGA,13,5185908
yqjE_yqjK_yqjD_yqjC_predicted,0.16666666666666666,40,35,GTGTTAGCCCAGAGTGTCCA,5,5208291
yqjE_yqjK_yqjD_yqjC_predicted,1.75,97,35,GTCGGCGATACATCCGGGTA,62,5195879
yqjE_yqjK_yqjD_yqjC_predicted,0.6944444444444444,59,35,GTATTTTGCAGGGTGTTTCG,24,5180576
yqjE_yqjK_yqjD_yqjC_predicted,0.9166666666666666,67,35,GTAAAAATTAATCGTGCGCA,32,5182085
yqjE_yqjK_yqjD_yqjC_predicted,0.16666666666666666,40,35,GGTCGCTATCACAGTTACTC,5,5235620
yqjE_yqjK_yqjD_yqjC_predicted,0.2777777777777778,44,35,GGGTACGTACGTTTTGGATA,9,5254419
yqjE_yqjK_yqjD_yqjC_predicted,1.0277777777777777,71,35,GGCCCCCAGTCATGAATTAG,36,5185515
yqjE_yqjK_yqjD_yqjC_predicted,1.25,79,35,GGCAGATGCATCCTCTACAC,44,5173603
yqjE_yqjK_yqjD_yqjC_predicted,0.8333333333333334,64,35,GGAGAGGAGTCTGCCACACA,29,5218641
yqjE_yqjK_yqjD_yqjC_predicted,0.6944444444444444,59,35,GGAAGGGGACGCGTTACTGG,24,5181026
yqjE_yqjK_yqjD_yqjC_predicted,0.3055555555555556,45,35,GCTATGTGGTTCGGCTTCAA,10,5221666
yqjE_yqjK_yqjD_yqjC_predicted,1.6666666666666667,94,35,GCCCACTCTCTTTACGCTAT,59,5234280
yqjE_yqjK_yqjD_yqjC_predicted,1.5,88,35,GATCGACCGTTCGGCATCAC,53,5181325
yqjE_yqjK_yqjD_yqjC_predicted,0.5,52,35,GAGTCTGCGGGTGATAGTGT,17,5177691
yqjE_yqjK_yqjD_yqjC_predicted,0.5833333333333334,55,35,GACTGTGGAGGAACCATCTA,20,5178402
yqjE_yqjK_yqjD_yqjC_predicted,1.0277777777777777,71,35,CTGGGGTAGGTACTGGGCGT,36,5221791
yqjE_yqjK_yqjD_yqjC_predicted,0.3055555555555556,45,35,CTCGTAGTGGGCATTTGTTT,10,5251790
yqjE_yqjK_yqjD_yqjC_predicted,0.08333333333333333,37,35,CTCGAAAAGTATACTTGATC,2,5259947
yqjE_yqjK_yqjD_yqjC_predicted,0.7222222222222222,60,35,CGTTTTCGACCACACCACGT,25,5187427
yqjE_yqjK_yqjD_yqjC_predicted,0.3333333333333333,46,35,CGTTAAGTGAGTTCAAACGC,11,5173288
yqjE_yqjK_yqjD_yqjC_predicted,0.25,43,35,CGTGAAGTTGGCAGCTCGAA,8,5183186
yqjE_yqjK_yqjD_yqjC_predicted,0.05555555555555555,36,35,CGGAGTGTCCACACGAGTCC,1,5222450
yqjE_yqjK_yqjD_yqjC_predicted,0.4444444444444444,50,35,CGACTATCTCAGGCTTATAC,15,5240734
yqjE_yqjK_yqjD_yqjC_predicted,0.8611111111111112,65,35,CCGTTTCTGCTCGCCCAACT,30,5210992
yqjE_yqjK_yqjD_yqjC_predicted,0.4444444444444444,50,35,CCGGCTGCGGGTTTGGGGCG,15,5176239
yqjE_yqjK_yqjD_yqjC_predicted,0.4722222222222222,51,35,CCCCCGGACATTCCTAGTGG,16,5230576
yqjE_yqjK_yqjD_yqjC_predicted,0.9166666666666666,67,35,CCAGGTGCGGCTTCAAAGCG,32,5196186
yqjE_yqjK_yqjD_yqjC_predicted,0.6666666666666666,58,35,CATGTTGGGGTAGACTCATA,23,5223327
yqjE_yqjK_yqjD_yqjC_predicted,0.9166666666666666,67,35,CATGAACATGCCCTTCAAGT,32,5207543
yqjE_yqjK_yqjD_yqjC_predicted,1.25,79,35,CAGTGACCAGGATCCGGTAT,44,5202959
yqjE_yqjK_yqjD_yqjC_predicted,0.6111111111111112,56,35,CACTATTGGGCGCTCAGATT,21,5219928
yqjE_yqjK_yqjD_yqjC_predicted,0.16666666666666666,40,35,ATCCGTGGCGTGCAGTCGCT,5,5233757
yqjE_yqjK_yqjD_yqjC_predicted,0.5,52,35,ATATGTAGTCCCATTCGTCC,17,5222992
yqjE_yqjK_yqjD_yqjC_predicted,0.8055555555555556,63,35,ATAACCCCTTTCGGAGACTT,28,5197782
yqjE_yqjK_yqjD_yqjC_predicted,0.05555555555555555,36,35,AGGAGGAACAGGCCGGAGTC,1,5199806
yqjE_yqjK_yqjD_yqjC_predicted,0.4722222222222222,51,35,AGGACTTCGGCGATGGTTTA,16,5173638
yqjE_yqjK_yqjD_yqjC_predicted,1.3888888888888888,84,35,AGGAATGGTACAAAAGTAAA,49,5239935
yqjE_yqjK_yqjD_yqjC_predicted,0.4166666666666667,49,35,AGCAAAGTCAACAGAGATGT,14,5255315
yqjE_yqjK_yqjD_yqjC_predicted,0.1388888888888889,39,35,AGAGACTTGGCCCTGCAGAG,4,5186628
yqjE_yqjK_yqjD_yqjC_predicted,2.2777777777777777,116,35,ACTTGAGAGCGCGCTCGGGA,81,5239534
yqjE_yqjK_yqjD_yqjC_predicted,0.6666666666666666,58,35,ACGATGCTCAGAATGTCCCC,23,5221702
yqjE_yqjK_yqjD_yqjC_predicted,0.19444444444444445,41,35,ACCTGTAGGACAAGTGGACC,6,5185713
yqjE_yqjK_yqjD_yqjC_predicted,0.3611111111111111,47,35,ACATGGCGGGCAACGTCAGG,12,5241134
yqjE_yqjK_yqjD_yqjC_predicted,0.4166666666666667,49,35,AATGTCGGGTCATTAATTCT,14,5202449
yqjE_yqjK_yqjD_yqjC_predicted,0.5277777777777778,53,35,AACCGCGTGGTCAGTGTCCA,18,5216882
yqjE_yqjK_yqjD_yqjC_predicted,1.9714285714285715,102,34,TTGCGAATTCCAATACGAAA,68,5253424
yqjE_yqjK_yqjD_yqjC_predicted,0.4857142857142857,50,34,TTGCACAAATGGCTCGTAGC,16,5243040
yqjE_yqjK_yqjD_yqjC_predicted,0.3142857142857143,44,34,TTAGTGCTTAGCTAACCGTA,10,5222694
yqjE_yqjK_yqjD_yqjC_predicted,0.5714285714285714,53,34,TTAGCGTTGTCAACTGGGTC,19,5254027
yqjE_yqjK_yqjD_yqjC_predicted,0.2857142857142857,43,34,TGTGCGTCATTTTCACCGTG,9,5243336
yqjE_yqjK_yqjD_yqjC_predicted,0.6,54,34,TGTCTTTGCAAGGCCTCAAT,20,5196018
yqjE_yqjK_yqjD_yqjC_predicted,0.2,40,34,TGGCACGAACGAGGCGTAGA,6,5216402
yqjE_yqjK_yqjD_yqjC_predicted,0.6285714285714286,55,34,TGACACGGCTTCTCGGCGCT,21,5252177
yqjE_yqjK_yqjD_yqjC_predicted,0.37142857142857144,46,34,TGAAGGTTGGCAGGCTAGGA,12,5223539
yqjE_yqjK_yqjD_yqjC_predicted,0.17142857142857143,39,34,TCGGCCAGGCTGTGATATGT,5,5220131
yqjE_yqjK_yqjD_yqjC_predicted,7.571428571428571,298,34,TCCCTACGAGGGCGATGCGA,264,5180836
yqjE_yqjK_yqjD_yqjC_predicted,0.2571428571428571,42,34,TCAGAACTAAGGTTCTCTGT,8,5210734
yqjE_yqjK_yqjD_yqjC_predicted,1.3428571428571427,80,34,TCACGCCTAGTCCTATCGCT,46,5196896
yqjE_yqjK_yqjD_yqjC_predicted,0.22857142857142856,41,34,TATGTAGACAGAGATCAATA,7,5228627
yqjE_yqjK_yqjD_yqjC_predicted,0.05714285714285714,35,34,GTGCCGTTTTAATCCAAAAA,1,5174477
yqjE_yqjK_yqjD_yqjC_predicted,1.3428571428571427,80,34,GTCGGGGGCTCCGTTTAATG,46,5214465
yqjE_yqjK_yqjD_yqjC_predicted,0.2857142857142857,43,34,GGTGGGTAGAAAGTCAAGGC,9,5212402
yqjE_yqjK_yqjD_yqjC_predicted,0.4,47,34,GGTATATTGACGGCTGTGCA,13,5201510
yqjE_yqjK_yqjD_yqjC_predicted,0.05714285714285714,35,34,GGGTTTTCCTAGTTCTAGCT,1,5203435
yqjE_yqjK_yqjD_yqjC_predicted,0.5428571428571428,52,34,GCTTTGGGAAAGATCTTCTG,18,5232238
yqjE_yqjK_yqjD_yqjC_predicted,2.8,131,34,GCCCTTTCAGCGCCCGTATT,97,5254038
yqjE_yqjK_yqjD_yqjC_predicted,1.0,68,34,GCATATGAATATGAGCATTT,34,5239293
yqjE_yqjK_yqjD_yqjC_predicted,0.11428571428571428,37,34,CTGGTAGTGTACCTAACCTA,3,5182564
yqjE_yqjK_yqjD_yqjC_predicted,0.42857142857142855,48,34,CTGAGTGATAAGTATTTCTT,14,5207594
yqjE_yqjK_yqjD_yqjC_predicted,0.3142857142857143,44,34,CTCATACAGCGATTAGCGTA,10,5188074
yqjE_yqjK_yqjD_yqjC_predicted,0.6,54,34,CTAGTTGAGGACCTCTTAAA,20,5218036
yqjE_yqjK_yqjD_yqjC_predicted,0.42857142857142855,48,34,CTACCTCGGATAATCTACAG,14,5244619
yqjE_yqjK_yqjD_yqjC_predicted,0.37142857142857144,46,34,CGTGGCGCTCGCTCGCCTTG,12,5208977
yqjE_yqjK_yqjD_yqjC_predicted,0.2857142857142857,43,34,CGTCGGTCTCCATCGCGAAT,9,5205555
yqjE_yqjK_yqjD_yqjC_predicted,0.14285714285714285,38,34,CGGATGAGCAGTCTGGAGTA,4,5206641
yqjE_yqjK_yqjD_yqjC_predicted,0.6571428571428571,56,34,CGGAACCTAGCGAATGTCAT,22,5260036
yqjE_yqjK_yqjD_yqjC_predicted,0.4,47,34,CGATCCAACACTGGTAAGCG,13,5200091
yqjE_yqjK_yqjD_yqjC_predicted,1.2285714285714286,76,34,CCTGTTGTTTCACGGTATAC,42,5203843
yqjE_yqjK_yqjD_yqjC_predicted,1.6571428571428573,91,34,CCTGGGAACTAGGGGTTAGA,57,5229270
yqjE_yqjK_yqjD_yqjC_predicted,0.22857142857142856,41,34,CCATAAAGGTAAGAAGGAAT,7,5180897
yqjE_yqjK_yqjD_yqjC_predicted,0.42857142857142855,48,34,CATCGAACCCCTTTAACGGA,14,5244787
yqjE_yqjK_yqjD_yqjC_predicted,0.08571428571428572,36,34,CATAGGAAAGTGGTCAGGGG,2,5180549
yqjE_yqjK_yqjD_yqjC_predicted,0.6571428571428571,56,34,CAGCTGTTCTTCACTGGACA,22,5182505
yqjE_yqjK_yqjD_yqjC_predicted,1.3714285714285714,81,34,CACTACGACCACCTCTCCTA,47,5257804
yqjE_yqjK_yqjD_yqjC_predicted,0.4857142857142857,50,34,CACAGCGTCTGGGTAGACCT,16,5231313
yqjE_yqjK_yqjD_yqjC_predicted,2.2857142857142856,113,34,ATCAGGGATTACTTCTGTTA,79,5202048
yqjE_yqjK_yqjD_yqjC_predicted,1.457142857142857,84,34,AGTCTCCTCTTCGGATTATC,50,5186705
yqjE_yqjK_yqjD_yqjC_predicted,0.6285714285714286,55,34,AGATTATCCCTGTTAGGTTT,21,5183866
yqjE_yqjK_yqjD_yqjC_predicted,0.2571428571428571,42,34,ACGGTTGGCTTAGTGACGCT,8,5229468
yqjE_yqjK_yqjD_yqjC_predicted,0.6,54,34,ACAGCAAGTTAGCTCCTGGA,20,5219568
yqjE_yqjK_yqjD_yqjC_predicted,1.9428571428571428,101,34,AATTGTTGATGCCCATACTC,67,5186474
yqjE_yqjK_yqjD_yqjC_predicted,0.14285714285714285,38,34,AATTAAATCCACCGTCCGAC,4,5207180
yqjE_yqjK_yqjD_yqjC_predicted,1.4,82,34,AATATCTGGTCAGATGAGAG,48,5259269
yqjE_yqjK_yqjD_yqjC_predicted,0.8571428571428571,63,34,AAATATCGGAGTTTTCTGCA,29,5177837
yqjE_yqjK_yqjD_yqjC_predicted,0.2857142857142857,43,34,AAAGCCCCTAAAGAAACATT,9,5257695
yqjE_yqjK_yqjD_yqjC_predicted,0.17647058823529413,38,33,TTGGGTTAAGTATTCGGAAG,5,5198034
yqjE_yqjK_yqjD_yqjC_predicted,0.14705882352941177,37,33,TTCTTCGAGATATATAATTA,4,5233639
yqjE_yqjK_yqjD_yqjC_predicted,1.411764705882353,80,33,TTCGAGCGATGCCTCTTCCC,47,5261458
yqjE_yqjK_yqjD_yqjC_predicted,0.3235294117647059,43,33,TTAAGACATGTCAAATTCAG,10,5174468
yqjE_yqjK_yqjD_yqjC_predicted,0.08823529411764706,35,33,TGTCATCTCTAGGTACCCAC,2,5181752
yqjE_yqjK_yqjD_yqjC_predicted,0.4411764705882353,47,33,TGGTTGTTACTATCAGGAGC,14,5211965
yqjE_yqjK_yqjD_yqjC_predicted,0.9411764705882353,64,33,TGGTCAGCATTCTGTGGGAC,31,5187699
yqjE_yqjK_yqjD_yqjC_predicted,2.1176470588235294,104,33,TGCCCTCATTTCGAAGCTCC,71,5219163
yqjE_yqjK_yqjD_yqjC_predicted,0.7647058823529411,58,33,TGAGGTTTCGAGCAATTCCG,25,5244438
yqjE_yqjK_yqjD_yqjC_predicted,0.38235294117647056,45,33,TCGTGACCTATTTTTATCGC,12,5189155
yqjE_yqjK_yqjD_yqjC_predicted,1.0294117647058822,67,33,TCCTGAAGGATGGTCATAAC,34,5229751
yqjE_yqjK_yqjD_yqjC_predicted,0.6176470588235294,53,33,TCCCTGCGGACATATAAGCG,20,5190572
yqjE_yqjK_yqjD_yqjC_predicted,2.5,117,33,TCCCAAATAAACAAACCGAT,84,5229757
yqjE_yqjK_yqjD_yqjC_predicted,0.7058823529411765,56,33,TATGTCGGATTCAACATGGT,23,5260161
yqjE_yqjK_yqjD_yqjC_predicted,0.20588235294117646,39,33,TATCACGTCAAAAATGCGTA,6,5220688
yqjE_yqjK_yqjD_yqjC_predicted,1.7647058823529411,92,33,TAGCGCTACCTCGGAGTCCT,59,5174164
yqjE_yqjK_yqjD_yqjC_predicted,0.3235294117647059,43,33,GTTTCCTCAGCCCGTTTGCT,10,5235080
yqjE_yqjK_yqjD_yqjC_predicted,0.35294117647058826,44,33,GTTGATTAGTGAAGGATAAG,11,5174135
yqjE_yqjK_yqjD_yqjC_predicted,0.38235294117647056,45,33,GTTCACAAACGTACATGGGA,12,5221115
yqjE_yqjK_yqjD_yqjC_predicted,0.5882352941176471,52,33,GTCCGCACTTCTTCCCGTTA,19,5201326
yqjE_yqjK_yqjD_yqjC_predicted,0.11764705882352941,36,33,GTCATCTGAAACCCGTGTTA,3,5201062
yqjE_yqjK_yqjD_yqjC_predicted,0.08823529411764706,35,33,GTCATACCACTGTGAGGCGC,2,5201514
yqjE_yqjK_yqjD_yqjC_predicted,0.08823529411764706,35,33,GTCACACATTATTAAGTAGG,2,5209793
yqjE_yqjK_yqjD_yqjC_predicted,0.5882352941176471,52,33,GGTGGTGTCACCATTTGGCA,19,5217436
yqjE_yqjK_yqjD_yqjC_predicted,0.08823529411764706,35,33,GGTGCCACGTGTTACGAATT,2,5213220
yqjE_yqjK_yqjD_yqjC_predicted,0.8529411764705882,61,33,GGGTTTGGCCCATTACTCAG,28,5207559
yqjE_yqjK_yqjD_yqjC_predicted,0.7058823529411765,56,33,GGCCACGTGTTTAAATGTTT,23,5206738
yqjE_yqjK_yqjD_yqjC_predicted,0.8235294117647058,60,33,GCTTTGGGGATGCGCAGTAT,27,5246300
yqjE_yqjK_yqjD_yqjC_predicted,0.38235294117647056,45,33,GCTTTCGTCAGTCGCTTGGA,12,5245122
yqjE_yqjK_yqjD_yqjC_predicted,0.4117647058823529,46,33,GCTGAGTTAACGAATGGGAC,13,5250405
yqjE_yqjK_yqjD_yqjC_predicted,0.5294117647058824,50,33,GCGCGCTGCCCGGTACGGTA,17,5247722
yqjE_yqjK_yqjD_yqjC_predicted,0.7647058823529411,58,33,GCCACGTTCTCCTCGGGTAA,25,5227987
yqjE_yqjK_yqjD_yqjC_predicted,0.23529411764705882,40,33,GCATGCTTCAGTGTCTGCCT,7,5251398
yqjE_yqjK_yqjD_yqjC_predicted,0.058823529411764705,34,33,GATTGGCGGGTGACGACAGT,1,5178536
yqjE_yqjK_yqjD_yqjC_predicted,1.4411764705882353,81,33,GACCGACAGTTGGCCGTGTT,48,5201695
yqjE_yqjK_yqjD_yqjC_predicted,0.7647058823529411,58,33,GACACTCGCTGGGTATCTCG,25,5258174
yqjE_yqjK_yqjD_yqjC_predicted,1.0294117647058822,67,33,GAACGAATAGTTTCATGGTT,34,5240565
yqjE_yqjK_yqjD_yqjC_predicted,0.23529411764705882,40,33,GAACCTCTTCTTTCAGTTTC,7,5244798
yqjE_yqjK_yqjD_yqjC_predicted,0.35294117647058826,44,33,CTTTCGTATTGGAACGTCAT,11,5183363
yqjE_yqjK_yqjD_yqjC_predicted,1.0588235294117647,68,33,CTGGGGTCTGGTTCGGATGA,35,5187601
yqjE_yqjK_yqjD_yqjC_predicted,0.47058823529411764,48,33,CTGCTGCTAGGGCGGCTAAT,15,5191245
yqjE_yqjK_yqjD_yqjC_predicted,0.35294117647058826,44,33,CTCACATTAGCCAGACCAGC,11,5222147
yqjE_yqjK_yqjD_yqjC_predicted,0.6764705882352942,55,33,CTATCCCGCGGGCACCGATC,22,5261276
yqjE_yqjK_yqjD_yqjC_predicted,0.7352941176470589,57,33,CGTTCTTGTCACATGTTATC,24,5246515
yqjE_yqjK_yqjD_yqjC_predicted,1.0,66,33,CGTATAGGACCGGCCCTTCT,33,5189415
yqjE_yqjK_yqjD_yqjC_predicted,1.2352941176470589,74,33,CGTACTGACGCTGGTTGAAT,41,5191557
yqjE_yqjK_yqjD_yqjC_predicted,0.3235294117647059,43,33,CGAATCTAAGCTAGCACCCT,10,5239863
yqjE_yqjK_yqjD_yqjC_predicted,0.7352941176470589,57,33,CCGTTAGAACATCAAAAGTC,24,5187182
yqjE_yqjK_yqjD_yqjC_predicted,0.8823529411764706,62,33,CCAGCCGCCCCACATTACGA,29,5227555
yqjE_yqjK_yqjD_yqjC_predicted,0.6176470588235294,53,33,CATCAGACCAATGCCATCCG,20,5222373
yqjE_yqjK_yqjD_yqjC_predicted,0.5588235294117647,51,33,CAGCATACGTAATAAAGGAT,18,5218647
yqjE_yqjK_yqjD_yqjC_predicted,0.08823529411764706,35,33,CACAGTAACTCCACATCTCG,2,5260172
yqjE_yqjK_yqjD_yqjC_predicted,1.0,66,33,CAACCTCGTGGGCTCACTAT,33,5216095
yqjE_yqjK_yqjD_yqjC_predicted,1.088235294117647,69,33,ATTGAGCTTGTATTGTCTTC,36,5243160
yqjE_yqjK_yqjD_yqjC_predicted,0.5294117647058824,50,33,ATCTTAAATGCGTCTTTACA,17,5205014
yqjE_yqjK_yqjD_yqjC_predicted,0.47058823529411764,48,33,ATCTAAGCGTCAGCGGCCTA,15,5231887
yqjE_yqjK_yqjD_yqjC_predicted,0.5882352941176471,52,33,ATATCAGTTCACCTTCTAGA,19,5206809
yqjE_yqjK_yqjD_yqjC_predicted,0.23529411764705882,40,33,ATACTGTCGATACGTCGCGT,7,5239803
yqjE_yqjK_yqjD_yqjC_predicted,0.5,49,33,AGTTGCTCATTCTTAGTTTG,16,5202628
yqjE_yqjK_yqjD_yqjC_predicted,1.6470588235294117,88,33,AGCTCCCCTAAGATAAGAGT,55,5206853
yqjE_yqjK_yqjD_yqjC_predicted,1.088235294117647,69,33,ACTTCTCCGGATACACCTCT,36,5224922
yqjE_yqjK_yqjD_yqjC_predicted,0.11764705882352941,36,33,ACATAGCAGGTGAATGCATG,3,5228512
yqjE_yqjK_yqjD_yqjC_predicted,0.38235294117647056,45,33,ACAATCCGGAAATACGTCCT,12,5253172
yqjE_yqjK_yqjD_yqjC_predicted,0.5,49,33,AATGCAGGACTCGGTTTGGC,16,5194369
yqjE_yqjK_yqjD_yqjC_predicted,0.11764705882352941,36,33,AATCTGGTTGATGGGATGCT,3,5194917
yqjE_yqjK_yqjD_yqjC_predicted,0.29411764705882354,42,33,AATAAAGAACCGCACTTCCA,9,5205647
yqjE_yqjK_yqjD_yqjC_predicted,1.088235294117647,69,33,AAAATGGAGCCGTTTAATAA,36,5184195
yqjE_yqjK_yqjD_yqjC_predicted,0.42424242424242425,45,32,TTTTGTCATCCGATTCAGCT,13,5219575
yqjE_yqjK_yqjD_yqjC_predicted,1.9696969696969697,96,32,TTTCGATGTATCGTTCTCCT,64,5190634
yqjE_yqjK_yqjD_yqjC_predicted,0.7575757575757576,56,32,TTGTATGGTACAGAGGTTGT,24,5185663
yqjE_yqjK_yqjD_yqjC_predicted,2.0606060606060606,99,32,TTGGGGCTCGGTGGACTTTT,67,5214809
yqjE_yqjK_yqjD_yqjC_predicted,1.2727272727272727,73,32,TTGCTCCTGCAAATCAAGCC,41,5251798
yqjE_yqjK_yqjD_yqjC_predicted,1.1515151515151516,69,32,TTAGAGCCGTTAAAGAACTA,37,5201890
yqjE_yqjK_yqjD_yqjC_predicted,1.0606060606060606,66,32,TTAGAAGGCGGACGGTCGTT,34,5243736
yqjE_yqjK_yqjD_yqjC_predicted,0.8181818181818182,58,32,TGTAGCCCCCTGCCCAACAA,26,5236778
yqjE_yqjK_yqjD_yqjC_predicted,1.121212121212121,68,32,TGGATATCGTAACAGGAAGT,36,5197360
yqjE_yqjK_yqjD_yqjC_predicted,0.696969696969697,54,32,TGCGAAGACGGGAAGAGGGT,22,5171138
yqjE_yqjK_yqjD_yqjC_predicted,1.0909090909090908,67,32,TGATGGCGACTATTGTTCGG,35,5174287
yqjE_yqjK_yqjD_yqjC_predicted,1.121212121212121,68,32,TGACGCGACAAGAGCGTCGG,36,5194431
yqjE_yqjK_yqjD_yqjC_predicted,0.7272727272727273,55,32,TGAAATCTCGCGTCTCGTAG,23,5216129
yqjE_yqjK_yqjD_yqjC_predicted,1.0303030303030303,65,32,TCTTCGCTTATGTTCAAAGG,33,5228623
yqjE_yqjK_yqjD_yqjC_predicted,0.42424242424242425,45,32,TCTAGAAGTGGAGTACTGAT,13,5209795
yqjE_yqjK_yqjD_yqjC_predicted,0.12121212121212122,35,32,TCTAATCCAAGAGCATGACA,3,5188857
yqjE_yqjK_yqjD_yqjC_predicted,1.1818181818181819,70,32,TCGGTGGGGTTGGCCTTCCC,38,5218496
yqjE_yqjK_yqjD_yqjC_predicted,1.2727272727272727,73,32,TCGGGTCAGCTCTTTTAAGT,41,5182955
yqjE_yqjK_yqjD_yqjC_predicted,0.696969696969697,54,32,TCGGGTAAGCGTGAACTCAG,22,5191638
yqjE_yqjK_yqjD_yqjC_predicted,0.30303030303030304,41,32,TCCACGCCTCCTATATCGCA,9,5192182
yqjE_yqjK_yqjD_yqjC_predicted,1.0303030303030303,65,32,TCACTATCACTTTTTTTAGA,33,5191546
yqjE_yqjK_yqjD_yqjC_predicted,0.8181818181818182,58,32,TATCTGCGTCCAACTGGTCA,26,5230575
yqjE_yqjK_yqjD_yqjC_predicted,0.36363636363636365,43,32,TATCATGCTCGGTGGGACTG,11,5182678
yqjE_yqjK_yqjD_yqjC_predicted,0.09090909090909091,34,32,GTTAGCGTCGAAATGGAACG,2,5247967
yqjE_yqjK_yqjD_yqjC_predicted,0.18181818181818182,37,32,GTGATAACTACAGCGAGGCT,5,5239722
yqjE_yqjK_yqjD_yqjC_predicted,0.3939393939393939,44,32,GTGACCTGTATCACCTCAAT,12,5235264
yqjE_yqjK_yqjD_yqjC_predicted,0.21212121212121213,38,32,GTCGCTACCAGTTAGGCCCA,6,5209943
yqjE_yqjK_yqjD_yqjC_predicted,0.5454545454545454,49,32,GTATAACTATGGGGGAAGAA,17,5191490
yqjE_yqjK_yqjD_yqjC_predicted,0.24242424242424243,39,32,GGTTCGGACTGAAACAAAAT,7,5206193
yqjE_yqjK_yqjD_yqjC_predicted,0.2727272727272727,40,32,GGTTCACACGGCGGCAGCAT,8,5213860
yqjE_yqjK_yqjD_yqjC_predicted,0.5151515151515151,48,32,GGTGCTGGACCGGCTTCGAC,16,5216142
yqjE_yqjK_yqjD_yqjC_predicted,0.06060606060606061,33,32,GGGGGATGATGTATAATAAT,1,5195675
yqjE_yqjK_yqjD_yqjC_predicted,1.1515151515151516,69,32,GCTGGTGCGGAGGAGTGTAT,37,5198055
yqjE_yqjK_yqjD_yqjC_predicted,0.5151515151515151,48,32,GCGCCCATTGGCGGAAGGAA,16,5219742
yqjE_yqjK_yqjD_yqjC_predicted,0.36363636363636365,43,32,GCCGTCTATCTTTACCGGTG,11,5187720
yqjE_yqjK_yqjD_yqjC_predicted,0.8181818181818182,58,32,GCCAATTCACCTGGGGAGGA,26,5261403
yqjE_yqjK_yqjD_yqjC_predicted,0.8787878787878788,60,32,GCACAACTACTGCGAATAAG,28,5183972
yqjE_yqjK_yqjD_yqjC_predicted,0.09090909090909091,34,32,GATGAGTAAGAAAGTATTCC,2,5213626
yqjE_yqjK_yqjD_yqjC_predicted,1.0,64,32,GATCTACAGCGTTTAGAAAA,32,5229037
yqjE_yqjK_yqjD_yqjC_predicted,0.5454545454545454,49,32,GACGTTCCGTCGATCTCGCT,17,5243835
yqjE_yqjK_yqjD_yqjC_predicted,1.0,64,32,CTTGACGACGAGTTCGTGCA,32,5251056
yqjE_yqjK_yqjD_yqjC_predicted,1.696969696969697,87,32,CTGGGCAACCCGGTGTTCGC,55,5197626
yqjE_yqjK_yqjD_yqjC_predicted,1.0606060606060606,66,32,CTAACCGATTCGTAAATAAA,34,5173287
yqjE_yqjK_yqjD_yqjC_predicted,0.18181818181818182,37,32,CTAACACGAGAGCCAAAGCT,5,5194937
yqjE_yqjK_yqjD_yqjC_predicted,0.6363636363636364,52,32,CGTGTGTCGTGCATACGTGT,20,5207461
yqjE_yqjK_yqjD_yqjC_predicted,0.6060606060606061,51,32,CGGTTAGGATCATGTGGTAT,19,5218033
yqjE_yqjK_yqjD_yqjC_predicted,2.5757575757575757,116,32,CGATCTTTACCGCACCGATC,84,5251741
yqjE_yqjK_yqjD_yqjC_predicted,0.12121212121212122,35,32,CGACTGCGCTGCAGGAGCTC,3,5227949
yqjE_yqjK_yqjD_yqjC_predicted,0.8787878787878788,60,32,CCTTCAATTGAAAGGACCAA,28,5235043
yqjE_yqjK_yqjD_yqjC_predicted,1.0909090909090908,67,32,CCGCCGTATTGTGTTCCTTT,35,5259328
yqjE_yqjK_yqjD_yqjC_predicted,0.9696969696969697,63,32,CCACTCCTCCGCCTGGTAAG,31,5225371
yqjE_yqjK_yqjD_yqjC_predicted,0.6060606060606061,51,32,CCACGGTATAAGGATGGTGA,19,5247699
yqjE_yqjK_yqjD_yqjC_predicted,0.30303030303030304,41,32,CATTGGCTGTTCTGGCCTCT,9,5177466
yqjE_yqjK_yqjD_yqjC_predicted,0.24242424242424243,39,32,CATCCCCCCTACTGAACGTT,7,5230650
yqjE_yqjK_yqjD_yqjC_predicted,0.06060606060606061,33,32,CAGTGTGCGGGGGTGAACTG,1,5207073
yqjE_yqjK_yqjD_yqjC_predicted,0.8787878787878788,60,32,CAGGCAATACTATCACATTA,28,5242557
yqjE_yqjK_yqjD_yqjC_predicted,1.0606060606060606,66,32,CACTAAGTTTTACCTGATCT,34,5226701
yqjE_yqjK_yqjD_yqjC_predicted,0.12121212121212122,35,32,CAAGAGGATGTCGGTCATTA,3,5251879
yqjE_yqjK_yqjD_yqjC_predicted,0.18181818181818182,37,32,ATGGAGACGAGATTCTTTTC,5,5203095
yqjE_yqjK_yqjD_yqjC_predicted,1.0909090909090908,67,32,ATCCTGTCTCGTCGTGACGC,35,5227338
yqjE_yqjK_yqjD_yqjC_predicted,0.7878787878787878,57,32,ATCACACCGCGGGTTATTAC,25,5172108
yqjE_yqjK_yqjD_yqjC_predicted,0.15151515151515152,36,32,AGTTAGGGGTCACTTTGATT,4,5230887
yqjE_yqjK_yqjD_yqjC_predicted,0.15151515151515152,36,32,AGTCGGTCCCTCGAGAGTAA,4,5203780
yqjE_yqjK_yqjD_yqjC_predicted,0.9090909090909091,61,32,AGGTCATATCGAGCCAATAT,29,5171421
yqjE_yqjK_yqjD_yqjC_predicted,0.36363636363636365,43,32,AGGGTTTTGAGTTGCACCGT,11,5225378
yqjE_yqjK_yqjD_yqjC_predicted,0.6363636363636364,52,32,AGAGTATCGGTACGAAAAGT,20,5231176
yqjE_yqjK_yqjD_yqjC_predicted,2.212121212121212,104,32,ACGTCCTGGTGCATCTGGCA,72,5192617
yqjE_yqjK_yqjD_yqjC_predicted,0.21212121212121213,38,32,ACGGGAATGGCTGCACGTCA,6,5186826
yqjE_yqjK_yqjD_yqjC_predicted,0.18181818181818182,37,32,ACGAAGACTTGCTCTCACTG,5,5214332
yqjE_yqjK_yqjD_yqjC_predicted,0.5454545454545454,49,32,ACCTGTGCGGAGCTTCGGGA,17,5247324
yqjE_yqjK_yqjD_yqjC_predicted,1.0,64,32,ACCGCGAGACAAGTTGCCTT,32,5200420
yqjE_yqjK_yqjD_yqjC_predicted,0.6363636363636364,52,32,AAGGGACGGGTGAAGCGGAT,20,5212942
yqjE_yqjK_yqjD_yqjC_predicted,0.12121212121212122,35,32,AACCCCCAGTGATGCTCATC,3,5189221
yqjE_yqjK_yqjD_yqjC_predicted,0.06060606060606061,33,32,AAAGTCCATGTGGCAGCCAG,1,5217032
yqjE_yqjK_yqjD_yqjC_predicted,0.24242424242424243,39,32,AAACACTAGGCAAACTCATA,7,5191431
yqjE_yqjK_yqjD_yqjC_predicted,0.5625,48,31,TTTAGAGTTATCACATTCCA,17,5214139
yqjE_yqjK_yqjD_yqjC_predicted,0.09375,33,31,TTGGTATCGATGTATAAGAA,2,5203519
yqjE_yqjK_yqjD_yqjC_predicted,0.0625,32,31,TTCTATCGTCCAAGCGTGTA,1,5203626
yqjE_yqjK_yqjD_yqjC_predicted,0.6875,52,31,TTCGGTGTCAGTGACTATTT,21,5171647
yqjE_yqjK_yqjD_yqjC_predicted,0.40625,43,31,TTATCTTTAAAACTATACGC,12,5227187
yqjE_yqjK_yqjD_yqjC_predicted,0.15625,35,31,TTACTTTTCGCTGTTTGTTC,4,5230824
yqjE_yqjK_yqjD_yqjC_predicted,0.25,38,31,TGTTGAAGTTAATAGAAGAA,7,5246565
yqjE_yqjK_yqjD_yqjC_predicted,0.34375,41,31,TGGACACACATCACATATGT,10,5187846
yqjE_yqjK_yqjD_yqjC_predicted,1.40625,75,31,TGAGGATACACCGTCCCCGA,44,5246348
yqjE_yqjK_yqjD_yqjC_predicted,0.46875,45,31,TGACTGATGCCTTGCCTAAA,14,5255800
yqjE_yqjK_yqjD_yqjC_predicted,0.0625,32,31,TCGTAGATATGTATGGCTGT,1,5246145
yqjE_yqjK_yqjD_yqjC_predicted,0.40625,43,31,TCGAAAAGTATAAGCTTGTT,12,5185232
yqjE_yqjK_yqjD_yqjC_predicted,0.15625,35,31,TCCGGTTTGGTGTGAAAGTC,4,5189918
yqjE_yqjK_yqjD_yqjC_predicted,0.25,38,31,TCACCTTTCTAAAAAGCCAA,7,5187926
yqjE_yqjK_yqjD_yqjC_predicted,0.6875,52,31,TCACCGGCGGGCCGGCATTC,21,5240140
yqjE_yqjK_yqjD_yqjC_predicted,0.9375,60,31,TCAAATGACTGTATCTATGA,29,5218054
yqjE_yqjK_yqjD_yqjC_predicted,0.875,58,31,TATGCCTACCCGGTCCCTTC,27,5257851
yqjE_yqjK_yqjD_yqjC_predicted,0.5625,48,31,TATACCCACTGGACGGAATC,17,5231945
yqjE_yqjK_yqjD_yqjC_predicted,0.875,58,31,TAGCTATACGGTCTTACTTA,27,5178576
yqjE_yqjK_yqjD_yqjC_predicted,0.09375,33,31,GTGATCCCGTTCCAGGTTCG,2,5210996
yqjE_yqjK_yqjD_yqjC_predicted,0.5,46,31,GTCCAGTCTGGCACGGCAGA,15,5210534
yqjE_yqjK_yqjD_yqjC_predicted,0.1875,36,31,GTAGGAGTTGGCGTGGGAAA,5,5177845
yqjE_yqjK_yqjD_yqjC_predicted,0.78125,55,31,GGTAGGATCACGCAGCGGCT,24,5189138
yqjE_yqjK_yqjD_yqjC_predicted,0.25,38,31,GGGAGAGTACCTAGGCTAAA,7,5243984
yqjE_yqjK_yqjD_yqjC_predicted,1.09375,65,31,GGGACAGTCTATGGAAACCA,34,5183620
yqjE_yqjK_yqjD_yqjC_predicted,0.5625,48,31,GGCTAGCTATCTGTCAGACT,17,5211977
yqjE_yqjK_yqjD_yqjC_predicted,0.5,46,31,GGAGCCAGGACCGTCTATTG,15,5256859
yqjE_yqjK_yqjD_yqjC_predicted,0.375,42,31,GGAGAGTAATGCAGAAGCGT,11,5219893
yqjE_yqjK_yqjD_yqjC_predicted,0.375,42,31,GCGGTACGTATAGGACCGGC,11,5213551
yqjE_yqjK_yqjD_yqjC_predicted,1.03125,63,31,GCGCAACCGCGGGCCCTGGT,32,5235985
yqjE_yqjK_yqjD_yqjC_predicted,0.28125,39,31,GATTGGAGAACTAGCTCTCG,8,5201060
yqjE_yqjK_yqjD_yqjC_predicted,0.3125,40,31,GATGCTATTGGGCGCTGGGT,9,5213055
yqjE_yqjK_yqjD_yqjC_predicted,1.125,66,31,GATCTTGCTTGTTGGCGAAT,35,5260963
yqjE_yqjK_yqjD_yqjC_predicted,0.125,34,31,GAGGTCTAGAGCGCTTCCAA,3,5189740
yqjE_yqjK_yqjD_yqjC_predicted,0.125,34,31,CTTTCGAGGCGAGACATCGA,3,5212861
yqjE_yqjK_yqjD_yqjC_predicted,0.09375,33,31,CTTACTCTATAACTGGAATA,2,5178895
yqjE_yqjK_yqjD_yqjC_predicted,0.21875,37,31,CTGCAGCGGAATCGTTAGAT,6,5244491
yqjE_yqjK_yqjD_yqjC_predicted,0.8125,56,31,CTCACGGGTTGATACAGTTA,25,5227642
yqjE_yqjK_yqjD_yqjC_predicted,0.5,46,31,CTCAAACAACCCAGCTAGAT,15,5174565
yqjE_yqjK_yqjD_yqjC_predicted,0.34375,41,31,CTATGTGCCGAAACGTTCAT,10,5205229
yqjE_yqjK_yqjD_yqjC_predicted,1.5,78,31,CTAGTGCAGCTTATACAAGG,47,5194984
yqjE_yqjK_yqjD_yqjC_predicted,0.40625,43,31,CTACCTAATCGTGAAGTATA,12,5188244
yqjE_yqjK_yqjD_yqjC_predicted,0.09375,33,31,CTACAACGTGGAGGCAGGCA,2,5250476
yqjE_yqjK_yqjD_yqjC_predicted,0.28125,39,31,CGGTGGTTCGAAACTTAGCC,8,5225931
yqjE_yqjK_yqjD_yqjC_predicted,0.46875,45,31,CGGGTCTACGCGGAAGCCTG,14,5207115
yqjE_yqjK_yqjD_yqjC_predicted,0.40625,43,31,CCTTGCCCGCTCGCCTTTAT,12,5203853
yqjE_yqjK_yqjD_yqjC_predicted,0.09375,33,31,CCGGAAAGTTTACTCTACAT,2,5216662
yqjE_yqjK_yqjD_yqjC_predicted,0.28125,39,31,CCAACCTTTTGCTACAGAGT,8,5257581
yqjE_yqjK_yqjD_yqjC_predicted,1.125,66,31,CATCGCACAAGTTAATCCAA,35,5203663
yqjE_yqjK_yqjD_yqjC_predicted,0.15625,35,31,CAGTATCTGTCGAGCAGTCT,4,5205037
yqjE_yqjK_yqjD_yqjC_predicted,0.4375,44,31,CAGGATGATTCGGGATTATT,13,5214314
yqjE_yqjK_yqjD_yqjC_predicted,0.15625,35,31,CACGCCCCTGGCCCCCGAGC,4,5256151
yqjE_yqjK_yqjD_yqjC_predicted,1.21875,69,31,CACATGGGTAGGCGGCCTAG,38,5246068
yqjE_yqjK_yqjD_yqjC_predicted,0.09375,33,31,CAAGCTGTTGGCTCGCCGGT,2,5224095
yqjE_yqjK_yqjD_yqjC_predicted,0.09375,33,31,ATTTTTAGTGAACGTGCTAT,2,5174494
yqjE_yqjK_yqjD_yqjC_predicted,0.65625,51,31,ATTTCCCTGTTGCTGGACCT,20,5223060
yqjE_yqjK_yqjD_yqjC_predicted,0.53125,47,31,ATTGGGGAGTTTTAAGGCTG,16,5193176
yqjE_yqjK_yqjD_yqjC_predicted,0.40625,43,31,ATATCGACGTGATATCTGAT,12,5213934
yqjE_yqjK_yqjD_yqjC_predicted,0.4375,44,31,ATAGCGCTATGCTGTGGTAA,13,5195667
yqjE_yqjK_yqjD_yqjC_predicted,0.40625,43,31,ATAGCCATCGCTAGAGCAGT,12,5247381
yqjE_yqjK_yqjD_yqjC_predicted,0.5625,48,31,ATACAGAGTTCAACAGGCCT,17,5236130
yqjE_yqjK_yqjD_yqjC_predicted,0.125,34,31,AGGACAGAGGTGACGGCGTA,3,5251286
yqjE_yqjK_yqjD_yqjC_predicted,0.875,58,31,AGCTCCAGCGGTGCCGGCGG,27,5233855
yqjE_yqjK_yqjD_yqjC_predicted,0.53125,47,31,AGATAAGTACCCCGTCAGAT,16,5181946
yqjE_yqjK_yqjD_yqjC_predicted,1.59375,81,31,AGACCAATAGTTTGGGGATA,50,5174130
yqjE_yqjK_yqjD_yqjC_predicted,0.5625,48,31,ACGGTTGGAGTTAGGTTCGG,17,5217149
yqjE_yqjK_yqjD_yqjC_predicted,0.15625,35,31,ACGCAAAGCTGGGGATCGAA,4,5230914
yqjE_yqjK_yqjD_yqjC_predicted,0.40625,43,31,ACCTTGGGTCCCATGCGATT,12,5234888
yqjE_yqjK_yqjD_yqjC_predicted,0.5,46,31,ACCCTCTTTCTCAAGTTATG,15,5220579
yqjE_yqjK_yqjD_yqjC_predicted,0.25,38,31,ACATCTGACAACGGTCCTAT,7,5203033
yqjE_yqjK_yqjD_yqjC_predicted,1.15625,67,31,AACTAGCCGCATTACAGCTG,36,5191005
yqjE_yqjK_yqjD_yqjC_predicted,0.8387096774193549,55,30,TTGTCATGGAGTTGTCCCGG,25,5246414
yqjE_yqjK_yqjD_yqjC_predicted,0.5161290322580645,45,30,TTGCGACGCTTTTATCACAT,15,5193704
yqjE_yqjK_yqjD_yqjC_predicted,0.25806451612903225,37,30,TTGACCACCATGCCGGCACT,7,5208478
yqjE_yqjK_yqjD_yqjC_predicted,1.4516129032258065,74,30,TTAGGGGGCGACTTTTACCT,44,5222244
yqjE_yqjK_yqjD_yqjC_predicted,0.3870967741935484,41,30,TTAATTTGCAGTGGTCTCGT,11,5175940
yqjE_yqjK_yqjD_yqjC_predicted,0.06451612903225806,31,30,TGGTGTTGTTTCCGTCGAGC,1,5185660
yqjE_yqjK_yqjD_yqjC_predicted,0.7741935483870968,53,30,TGGTACTAGGCTCGTGTCCC,23,5243340
yqjE_yqjK_yqjD_yqjC_predicted,0.5483870967741935,46,30,TGGCACCTGTCAGGAGTGTA,16,5172416
yqjE_yqjK_yqjD_yqjC_predicted,0.25806451612903225,37,30,TGACGATAATTCGACCTGAG,7,5209648
yqjE_yqjK_yqjD_yqjC_predicted,0.7096774193548387,51,30,TGAATGACTGAAATCCAGAG,21,5204692
yqjE_yqjK_yqjD_yqjC_predicted,1.1290322580645162,64,30,TGAAGCTCTGTAATCCATGG,34,5173016
yqjE_yqjK_yqjD_yqjC_predicted,0.22580645161290322,36,30,TCGCGCACACTCGGCCCAAC,6,5195061
yqjE_yqjK_yqjD_yqjC_predicted,1.2258064516129032,67,30,TCCCTACAGAGTAATTCTAG,37,5212260
yqjE_yqjK_yqjD_yqjC_predicted,0.06451612903225806,31,30,TCCAGCAACCGCGCTGGATC,1,5260539
yqjE_yqjK_yqjD_yqjC_predicted,0.0967741935483871,32,30,TATCACAGTTAACCATAAGA,2,5182886
yqjE_yqjK_yqjD_yqjC_predicted,0.2903225806451613,38,30,TAGGAGTGGACCAGCCATGA,8,5200358
yqjE_yqjK_yqjD_yqjC_predicted,0.7096774193548387,51,30,TACATCTGAGCAAGCTAATC,21,5208951
yqjE_yqjK_yqjD_yqjC_predicted,0.06451612903225806,31,30,TACACGGAGCGAGACCTGAC,1,5196032
yqjE_yqjK_yqjD_yqjC_predicted,0.41935483870967744,42,30,TAATTGCTTGTCGTCAGTAA,12,5202256
yqjE_yqjK_yqjD_yqjC_predicted,1.4516129032258065,74,30,TAAGGAAAGCCTTGGGAGTG,44,5175845
yqjE_yqjK_yqjD_yqjC_predicted,2.3548387096774195,102,30,TAAGCGTCAACTTCAAACAT,72,5203140
yqjE_yqjK_yqjD_yqjC_predicted,0.12903225806451613,33,30,GTTGTGGGGGACGTTGCCCC,3,5191812
yqjE_yqjK_yqjD_yqjC_predicted,0.1935483870967742,35,30,GTTGCTGTGTTATCCTCTAT,5,5178533
yqjE_yqjK_yqjD_yqjC_predicted,0.3225806451612903,39,30,GTGGCAGTCCGGTAGAGTTA,9,5228315
yqjE_yqjK_yqjD_yqjC_predicted,3.5483870967741935,139,30,GTGCGTTTTTCCATGTCCTC,109,5208638
yqjE_yqjK_yqjD_yqjC_predicted,0.3225806451612903,39,30,GTCACGAGGTGTAATAACCT,9,5174953
yqjE_yqjK_yqjD_yqjC_predicted,0.3548387096774194,40,30,GTATAGCGCTCTTTCTAGTT,10,5225065
yqjE_yqjK_yqjD_yqjC_predicted,0.6774193548387096,50,30,GGTTATACCATCCCAAATAA,20,5236672
yqjE_yqjK_yqjD_yqjC_predicted,1.096774193548387,63,30,GGTAGCCCAGGTCTGGTAGA,33,5239723
yqjE_yqjK_yqjD_yqjC_predicted,0.3548387096774194,40,30,GGTACACTTACTACGTCACT,10,5226505
yqjE_yqjK_yqjD_yqjC_predicted,0.3225806451612903,39,30,GGGTAGATCGAATGGCTGAG,9,5209103
yqjE_yqjK_yqjD_yqjC_predicted,0.6451612903225806,49,30,GGGGTTTATAAGTACACGGA,19,5233191
yqjE_yqjK_yqjD_yqjC_predicted,0.6451612903225806,49,30,GGGCCGCGGAGCCGATGAGA,19,5251939
yqjE_yqjK_yqjD_yqjC_predicted,0.7419354838709677,52,30,GGGCAGTACGGGGTTGCTAG,22,5180931
yqjE_yqjK_yqjD_yqjC_predicted,1.064516129032258,62,30,GGGAAGTGCGCCTTGTACCT,32,5214041
yqjE_yqjK_yqjD_yqjC_predicted,0.6451612903225806,49,30,GGCGGTCAAGCCACCTCAAG,19,5246603
yqjE_yqjK_yqjD_yqjC_predicted,0.06451612903225806,31,30,GGCGAGACAGGCCAGTATTG,1,5237656
yqjE_yqjK_yqjD_yqjC_predicted,0.1935483870967742,35,30,GGCATTACAAAGGGGCTTTG,5,5196431
yqjE_yqjK_yqjD_yqjC_predicted,0.22580645161290322,36,30,GCTAAAGACTGTACACCAGT,6,5172049
yqjE_yqjK_yqjD_yqjC_predicted,1.5161290322580645,76,30,GCATTTCAAGGGTATCAGAG,46,5177225
yqjE_yqjK_yqjD_yqjC_predicted,1.2580645161290323,68,30,GCATGCCTTCAAACCTGAGG,38,5226514
yqjE_yqjK_yqjD_yqjC_predicted,0.7096774193548387,51,30,GCAACATTCCCTATGGTGTA,21,5199949
yqjE_yqjK_yqjD_yqjC_predicted,0.16129032258064516,34,30,GATCAAATACGGCCCCTCAT,4,5244564
yqjE_yqjK_yqjD_yqjC_predicted,0.5161290322580645,45,30,GAGCCTTCGCACGCTGTGTT,15,5175166
yqjE_yqjK_yqjD_yqjC_predicted,0.3225806451612903,39,30,GACTGGTTGTAGCGTTAGGC,9,5259808
yqjE_yqjK_yqjD_yqjC_predicted,0.8709677419354839,56,30,GAAGTAGGCGAGTAGTGAAG,26,5201188
yqjE_yqjK_yqjD_yqjC_predicted,0.6774193548387096,50,30,GAAAGCGCGATCCTCGCAAT,20,5198122
yqjE_yqjK_yqjD_yqjC_predicted,0.2903225806451613,38,30,CTTTTGCGCGGCCCGTTTGT,8,5176964
yqjE_yqjK_yqjD_yqjC_predicted,0.6774193548387096,50,30,CTTGGATGCCGAAACGCGTT,20,5199620
yqjE_yqjK_yqjD_yqjC_predicted,0.22580645161290322,36,30,CTTCGGGGTGGTGCAAGGTC,6,5212703
yqjE_yqjK_yqjD_yqjC_predicted,0.6451612903225806,49,30,CTTCGAAGCTCGTATCGCAT,19,5203761
yqjE_yqjK_yqjD_yqjC_predicted,0.16129032258064516,34,30,CTGTACTACCTAGGATGATG,4,5233457
yqjE_yqjK_yqjD_yqjC_predicted,0.16129032258064516,34,30,CTGCGGGTCGTCTCTCGGTG,4,5260538
yqjE_yqjK_yqjD_yqjC_predicted,0.12903225806451613,33,30,CTGAGACCGACCTCATAAAT,3,5193125
yqjE_yqjK_yqjD_yqjC_predicted,0.6451612903225806,49,30,CTCTTATGGGAGCACGCCTA,19,5220329
yqjE_yqjK_yqjD_yqjC_predicted,0.06451612903225806,31,30,CTCACAGGGTAAGCTGCTTT,1,5246556
yqjE_yqjK_yqjD_yqjC_predicted,0.4838709677419355,44,30,CTACAGGATTCGAGGACGTA,14,5217294
yqjE_yqjK_yqjD_yqjC_predicted,0.6451612903225806,49,30,CTAAACGGCAATCATCGCCA,19,5243646
yqjE_yqjK_yqjD_yqjC_predicted,2.0,91,30,CGTGTCATACAATAACACTG,61,5183926
yqjE_yqjK_yqjD_yqjC_predicted,0.16129032258064516,34,30,CGTATGCCCGCCCGAGGGAT,4,5231710
yqjE_yqjK_yqjD_yqjC_predicted,0.5806451612903226,47,30,CGGTGGGCACTTTCTGGCGT,17,5218585
yqjE_yqjK_yqjD_yqjC_predicted,1.1612903225806452,65,30,CGGACTGCGGCGTTAGCCCA,35,5217849
yqjE_yqjK_yqjD_yqjC_predicted,0.7096774193548387,51,30,CGCCGTCACTACCCGAAGCA,21,5196587
yqjE_yqjK_yqjD_yqjC_predicted,1.1612903225806452,65,30,CGCCGGAACGATATCGTGGA,35,5182122
yqjE_yqjK_yqjD_yqjC_predicted,1.4838709677419355,75,30,CGACTGTTTAAGTAAGACCT,45,5206259
yqjE_yqjK_yqjD_yqjC_predicted,0.22580645161290322,36,30,CCTCGGAAGGCGAGCAAAAT,6,5189408
yqjE_yqjK_yqjD_yqjC_predicted,1.4193548387096775,73,30,CCTACGCGGCGAAGTCGCTG,43,5216919
yqjE_yqjK_yqjD_yqjC_predicted,0.5483870967741935,46,30,CCTAAGAAGTGGTGGGAGAA,16,5183710
yqjE_yqjK_yqjD_yqjC_predicted,0.06451612903225806,31,30,CCCCCAACACATCTCATGGT,1,5222234
yqjE_yqjK_yqjD_yqjC_predicted,0.25806451612903225,37,30,CCAAGAACTGGCTTGTCACA,7,5188336
yqjE_yqjK_yqjD_yqjC_predicted,0.5161290322580645,45,30,CCAACACGTACCGAGACTTA,15,5239812
yqjE_yqjK_yqjD_yqjC_predicted,0.4838709677419355,44,30,CATTTGAGACAAAGGTCGAG,14,5235934
yqjE_yqjK_yqjD_yqjC_predicted,0.7419354838709677,52,30,CATAAATTCGCAGCACCCCC,22,5183075
yqjE_yqjK_yqjD_yqjC_predicted,0.5483870967741935,46,30,CAGTGATGAGCCCTGCCAGT,16,5215982
yqjE_yqjK_yqjD_yqjC_predicted,0.7419354838709677,52,30,CAGGGGCGAGTCCTATACAT,22,5218949
yqjE_yqjK_yqjD_yqjC_predicted,0.4838709677419355,44,30,CAAGGACCATAGGCAAGCTT,14,5207474
yqjE_yqjK_yqjD_yqjC_predicted,1.032258064516129,61,30,ATTAGTCTCCTAATCTCGGA,31,5173443
yqjE_yqjK_yqjD_yqjC_predicted,0.6451612903225806,49,30,ATGTTCTGAAGGTTCAGTCT,19,5172814
yqjE_yqjK_yqjD_yqjC_predicted,0.3870967741935484,41,30,ATGGCACGATTTCAAGGCGC,11,5198880
yqjE_yqjK_yqjD_yqjC_predicted,0.45161290322580644,43,30,ATGGACCCAAGGCTAATTCG,13,5182784
yqjE_yqjK_yqjD_yqjC_predicted,1.8387096774193548,86,30,ATGATGCCACGAGCAGATAA,56,5245304
yqjE_yqjK_yqjD_yqjC_predicted,1.096774193548387,63,30,ATCCCGGTTTTTACCCGCTA,33,5182337
yqjE_yqjK_yqjD_yqjC_predicted,0.06451612903225806,31,30,ATCCCCTTGCGGATGATAGC,1,5203839
yqjE_yqjK_yqjD_yqjC_predicted,0.22580645161290322,36,30,AGTACGGTCACTTGTGTAAC,6,5176267
yqjE_yqjK_yqjD_yqjC_predicted,0.5483870967741935,46,30,AGCCCTAGAGGTGGAGTAGA,16,5241034
yqjE_yqjK_yqjD_yqjC_predicted,1.1612903225806452,65,30,AGAGCGAAGTTTTTAATGTA,35,5242330
yqjE_yqjK_yqjD_yqjC_predicted,0.6451612903225806,49,30,AGACTAGGACCAGACGGCTA,19,5237630
yqjE_yqjK_yqjD_yqjC_predicted,0.3225806451612903,39,30,ACTCCGCCAGCTCCGCGCAA,9,5233018
yqjE_yqjK_yqjD_yqjC_predicted,0.16129032258064516,34,30,ACTAGGTGCTTTGGGTCTAA,4,5184566
yqjE_yqjK_yqjD_yqjC_predicted,0.2903225806451613,38,30,ACGCATGGACGCCTTTAACA,8,5172635
yqjE_yqjK_yqjD_yqjC_predicted,0.16129032258064516,34,30,ACCGGTTTTCTGGCCTGCGA,4,5209274
yqjE_yqjK_yqjD_yqjC_predicted,1.6451612903225807,80,30,ACCATTATCCGACAATGGTA,50,5211547
yqjE_yqjK_yqjD_yqjC_predicted,0.8064516129032258,54,30,ACCAATTTAGCATGTGGGTT,24,5189220
yqjE_yqjK_yqjD_yqjC_predicted,0.7741935483870968,53,30,AATGCACACCTCTATCGAGA,23,5192244
yqjE_yqjK_yqjD_yqjC_predicted,0.3870967741935484,41,30,AAGTGACTGGCCAGCGAGAT,11,5237589
yqjE_yqjK_yqjD_yqjC_predicted,1.1290322580645162,64,30,AAGATAGGTCAGGCACTTAA,34,5249681
yqjE_yqjK_yqjD_yqjC_predicted,0.6451612903225806,49,30,AACTTTACGGTCTCGTAGAC,19,5174795
yqjE_yqjK_yqjD_yqjC_predicted,0.8333333333333334,53,29,TTTCCTTGTTGGAGACACAC,24,5209465
yqjE_yqjK_yqjD_yqjC_predicted,0.8,52,29,TTGGCTCTCTCTGATAATAG,23,5226348
yqjE_yqjK_yqjD_yqjC_predicted,0.8333333333333334,53,29,TTGATCCGGACGATCATGGA,24,5197621
yqjE_yqjK_yqjD_yqjC_predicted,0.06666666666666667,30,29,TTCCTAGGCGGGGGGGATTA,1,5184410
yqjE_yqjK_yqjD_yqjC_predicted,0.13333333333333333,32,29,TTCAATTCACTTCACACACT,3,5177395
yqjE_yqjK_yqjD_yqjC_predicted,0.7333333333333333,50,29,TTACTAGGGAAGTCGCTTAG,21,5176543
yqjE_yqjK_yqjD_yqjC_predicted,1.1666666666666667,63,29,TGTTCACCATGAAACTACAT,34,5203177
yqjE_yqjK_yqjD_yqjC_predicted,0.5666666666666667,45,29,TGTATATAAGTGAGCTTTTT,16,5251249
yqjE_yqjK_yqjD_yqjC_predicted,0.06666666666666667,30,29,TGTAAACCAAACTTGTTATG,1,5196299
yqjE_yqjK_yqjD_yqjC_predicted,0.23333333333333334,35,29,TGCGCGTAGTATAATGTACA,6,5175432
yqjE_yqjK_yqjD_yqjC_predicted,0.7333333333333333,50,29,TGCCACGTTAGGGCATTCAC,21,5257792
yqjE_yqjK_yqjD_yqjC_predicted,1.4,70,29,TGAAGTCATGGGTCAACGGT,41,5194285
yqjE_yqjK_yqjD_yqjC_predicted,0.43333333333333335,41,29,TCTCAATGGATATCCGTGGG,12,5219624
yqjE_yqjK_yqjD_yqjC_predicted,0.6,46,29,TATGGCCATACTTGCTAGGC,17,5189184
yqjE_yqjK_yqjD_yqjC_predicted,0.26666666666666666,36,29,TATGAATTAGCTAGGCCAAT,7,5211222
yqjE_yqjK_yqjD_yqjC_predicted,1.4,70,29,TATAAACCCACGGTTGCTGT,41,5176277
yqjE_yqjK_yqjD_yqjC_predicted,1.2,64,29,TAGTGGCTATGTCACGGCTC,35,5181088
yqjE_yqjK_yqjD_yqjC_predicted,0.8333333333333334,53,29,TAGGTACAGGTTAGCTAACA,24,5176679
yqjE_yqjK_yqjD_yqjC_predicted,1.1,61,29,TAGCATCTCCCTCCGGTTTC,32,5180440
yqjE_yqjK_yqjD_yqjC_predicted,0.7,49,29,TAGATGGCGGACATCAGCGT,20,5174648
yqjE_yqjK_yqjD_yqjC_predicted,0.9333333333333333,56,29,TACTATGAAATCAACTTATG,27,5171695
yqjE_yqjK_yqjD_yqjC_predicted,0.9666666666666667,57,29,TACGCTCGTGTGGACGGTAA,28,5211332
yqjE_yqjK_yqjD_yqjC_predicted,0.23333333333333334,35,29,TAACCTCCCGACAAGATGGG,6,5182378
yqjE_yqjK_yqjD_yqjC_predicted,0.3333333333333333,38,29,GTTGACCTTCTATTAAGCTT,9,5193923
yqjE_yqjK_yqjD_yqjC_predicted,1.5333333333333334,74,29,GTCTCAGCTGGTAGAGGCCA,45,5180892
yqjE_yqjK_yqjD_yqjC_predicted,1.0666666666666667,60,29,GTATCACATGGGTTCCGGTA,31,5253828
yqjE_yqjK_yqjD_yqjC_predicted,0.36666666666666664,39,29,GTAGGAGTTTGTGCAATCCC,10,5235273
yqjE_yqjK_yqjD_yqjC_predicted,0.8333333333333334,53,29,GTACCAGTCAGTTAGCAGAT,24,5238063
yqjE_yqjK_yqjD_yqjC_predicted,0.6,46,29,GGTGTCACACAGTCAATCAG,17,5230894
yqjE_yqjK_yqjD_yqjC_predicted,1.1333333333333333,62,29,GGTGTACAAGCCACACGGGG,33,5178771
yqjE_yqjK_yqjD_yqjC_predicted,0.6333333333333333,47,29,GGTAGGACGATACTGTCAAG,18,5229490
yqjE_yqjK_yqjD_yqjC_predicted,0.06666666666666667,30,29,GGTAAGCCAGAGGCTAGCAT,1,5206503
yqjE_yqjK_yqjD_yqjC_predicted,0.3333333333333333,38,29,GGGGAGCGAACCTAATGAAG,9,5256580
yqjE_yqjK_yqjD_yqjC_predicted,0.06666666666666667,30,29,GGGATTTTGTGAGTTTAGAT,1,5217732
yqjE_yqjK_yqjD_yqjC_predicted,1.2333333333333334,65,29,GGCTTCAGTTTGCGTACAAC,36,5205565
yqjE_yqjK_yqjD_yqjC_predicted,0.13333333333333333,32,29,GGCTCTCGAGGTGAGCGAAT,3,5171860
yqjE_yqjK_yqjD_yqjC_predicted,0.23333333333333334,35,29,GGCTCCAGTAAAGTAAAAGT,6,5200564
yqjE_yqjK_yqjD_yqjC_predicted,0.4,40,29,GGAAACTATCGTCCCGCGGG,11,5189401
yqjE_yqjK_yqjD_yqjC_predicted,0.7666666666666667,51,29,GCTTGCCTTGCCGGGTAGTA,22,5240980
yqjE_yqjK_yqjD_yqjC_predicted,0.3,37,29,GCGTTTTAATAATGTTAACG,8,5231828
yqjE_yqjK_yqjD_yqjC_predicted,1.4333333333333333,71,29,GCGCATAGGCGTAGGGGGTT,42,5245306
yqjE_yqjK_yqjD_yqjC_predicted,1.5666666666666667,75,29,GCCTTAGCAGCATGCGTCAC,46,5252061
yqjE_yqjK_yqjD_yqjC_predicted,0.5,43,29,GCCTATGTATAACAGAGGGC,14,5174883
yqjE_yqjK_yqjD_yqjC_predicted,1.3333333333333333,68,29,GCCTACGGTCAGAGGAATAA,39,5223955
yqjE_yqjK_yqjD_yqjC_predicted,0.7333333333333333,50,29,GCCGATTACTTTCATACCTA,21,5184399
yqjE_yqjK_yqjD_yqjC_predicted,0.4,40,29,GCCCCATCAACTCTGGTTTA,11,5221972
yqjE_yqjK_yqjD_yqjC_predicted,0.6666666666666666,48,29,GCATAGAGTAGGATAAACAG,19,5221904
yqjE_yqjK_yqjD_yqjC_predicted,0.06666666666666667,30,29,GCAACAACCGGGAGCACTGA,1,5241807
yqjE_yqjK_yqjD_yqjC_predicted,1.6,76,29,GATCCCTGAGATGTAAATGA,47,5211821
yqjE_yqjK_yqjD_yqjC_predicted,0.06666666666666667,30,29,GATCAGGGTAGGACCGGTTT,1,5174337
yqjE_yqjK_yqjD_yqjC_predicted,0.5333333333333333,44,29,GACGAGCGCTGATGAGGGCA,15,5241153
yqjE_yqjK_yqjD_yqjC_predicted,1.0666666666666667,60,29,GAAGCATATCGAGAGGTGCT,31,5181084
yqjE_yqjK_yqjD_yqjC_predicted,0.3333333333333333,38,29,CTTGTGACTTGTTTGTAGTA,9,5223635
yqjE_yqjK_yqjD_yqjC_predicted,0.23333333333333334,35,29,CTTGGGTTTTAAGTGGTACG,6,5229549
yqjE_yqjK_yqjD_yqjC_predicted,0.7,49,29,CTGAAGCCCTGTTTCCCGTT,20,5213075
yqjE_yqjK_yqjD_yqjC_predicted,1.3666666666666667,69,29,CTCGTGTTGGCCAGGGAACT,40,5172802
yqjE_yqjK_yqjD_yqjC_predicted,0.16666666666666666,33,29,CGGTTTGACTTTACCCTACC,4,5179984
yqjE_yqjK_yqjD_yqjC_predicted,2.066666666666667,90,29,CGGCCACCATACGCCCTGCA,61,5220576
yqjE_yqjK_yqjD_yqjC_predicted,0.4,40,29,CGCTGTCCATGGTTTTGTGA,11,5197367
yqjE_yqjK_yqjD_yqjC_predicted,0.4,40,29,CGCCTATAGGAGCCATGAAC,11,5224091
yqjE_yqjK_yqjD_yqjC_predicted,0.6666666666666666,48,29,CGAGCCTCGGTCCTCAGAGT,19,5195134
yqjE_yqjK_yqjD_yqjC_predicted,1.2666666666666666,66,29,CCTTCGTAGGTTTCCTCCAC,37,5212994
yqjE_yqjK_yqjD_yqjC_predicted,0.06666666666666667,30,29,CCTGATCTAGTACAATTCGA,1,5208367
yqjE_yqjK_yqjD_yqjC_predicted,0.7,49,29,CCCCCAGTTTCATAACAAGG,20,5218123
yqjE_yqjK_yqjD_yqjC_predicted,1.2666666666666666,66,29,CCACACAAGTGGGTCCAGTA,37,5176845
yqjE_yqjK_yqjD_yqjC_predicted,0.13333333333333333,32,29,CATTAAGACAGGTCCTTGGC,3,5234486
yqjE_yqjK_yqjD_yqjC_predicted,1.9333333333333333,86,29,CATCTAATCCTTCGTTTCCC,57,5171279
yqjE_yqjK_yqjD_yqjC_predicted,0.36666666666666664,39,29,CAGTCAGCATGACGCCGGAC,10,5238356
yqjE_yqjK_yqjD_yqjC_predicted,0.7,49,29,CAGGACGCGTAAATCGCTAG,20,5240144
yqjE_yqjK_yqjD_yqjC_predicted,0.8666666666666667,54,29,CACGAGCCCAAACCATTCTT,25,5254548
yqjE_yqjK_yqjD_yqjC_predicted,0.8,52,29,CACATAGAGAAAGGGATGGC,23,5244572
yqjE_yqjK_yqjD_yqjC_predicted,0.3333333333333333,38,29,ATTAGTAGTTTACCGGACAC,9,5228037
yqjE_yqjK_yqjD_yqjC_predicted,0.2,34,29,ATGGTCATCCCCAAGGGCCT,5,5173406
yqjE_yqjK_yqjD_yqjC_predicted,0.26666666666666666,36,29,ATCGAGCGGAATTGATCAGT,7,5245071
yqjE_yqjK_yqjD_yqjC_predicted,0.16666666666666666,33,29,ATACTGTTGGTGTGAACGCG,4,5207822
yqjE_yqjK_yqjD_yqjC_predicted,0.6,46,29,ATACAGTAATCTCTGAGGTT,17,5176271
yqjE_yqjK_yqjD_yqjC_predicted,1.6,76,29,ATACAGCTACTTAGTAAAAC,47,5171869
yqjE_yqjK_yqjD_yqjC_predicted,0.8333333333333334,53,29,AGTTTTATCTGACCGCCAGT,24,5171420
yqjE_yqjK_yqjD_yqjC_predicted,0.7,49,29,AGTTTCGTCACTTGGATTGC,20,5192955
yqjE_yqjK_yqjD_yqjC_predicted,0.43333333333333335,41,29,AGTTTAATCCTGAGGCAGAA,12,5227869
yqjE_yqjK_yqjD_yqjC_predicted,0.3333333333333333,38,29,AGTGACTGATGGTGGTGGTG,9,5262978
yqjE_yqjK_yqjD_yqjC_predicted,0.2,34,29,AGGTCAAATATCTGACATTA,5,5171182
yqjE_yqjK_yqjD_yqjC_predicted,0.3333333333333333,38,29,AGGTAGCGCAGCTGCGTTCA,9,5179516
yqjE_yqjK_yqjD_yqjC_predicted,0.9333333333333333,56,29,AGGATCGCAACATTCCGCGA,27,5232181
yqjE_yqjK_yqjD_yqjC_predicted,1.2,64,29,AGAGGTTTAGACAATCGTTA,35,5259416
yqjE_yqjK_yqjD_yqjC_predicted,0.3,37,29,ACGTTCGTCATGCTGGACTA,8,5241397
yqjE_yqjK_yqjD_yqjC_predicted,0.3333333333333333,38,29,ACGTAGCCGCCAGGGTTCGG,9,5250875
yqjE_yqjK_yqjD_yqjC_predicted,1.4666666666666666,72,29,AAGTCGGGACCTCTTGATTA,43,5191006
yqjE_yqjK_yqjD_yqjC_predicted,0.7,49,29,AACTATATAGGCCCAAAAAG,20,5216206
yqjE_yqjK_yqjD_yqjC_predicted,0.8666666666666667,54,29,AACGGATATAGCACTCGCAG,25,5226391
yqjE_yqjK_yqjD_yqjC_predicted,0.5,43,29,AACCGGGTAGCAAATCGGCG,14,5252632
yqjE_yqjK_yqjD_yqjC_predicted,0.3,37,29,AACAATGCGTTGAAAAAATA,8,5254308
yqjE_yqjK_yqjD_yqjC_predicted,0.9333333333333333,56,29,AAAGGAGGTCAAATATCGAT,27,5240880
yqjE_yqjK_yqjD_yqjC_predicted,0.16666666666666666,33,29,AAAAAAAACATATACTAAGA,4,5204276
yqjE_yqjK_yqjD_yqjC_predicted,1.3103448275862069,65,28,TTGTCGTAGACAAACCTATA,37,5220624
yqjE_yqjK_yqjD_yqjC_predicted,0.13793103448275862,31,28,TTGGGTGGCTTCGGCCCCCA,3,5199296
yqjE_yqjK_yqjD_yqjC_predicted,0.4827586206896552,41,28,TTGGCATATACAACTGGCGA,13,5176465
yqjE_yqjK_yqjD_yqjC_predicted,0.06896551724137931,29,28,TTGCGCAAAACTGGTAATCT,1,5202451
yqjE_yqjK_yqjD_yqjC_predicted,0.896551724137931,53,28,TTGAGCGCATAACCAAGCGA,25,5174067
yqjE_yqjK_yqjD_yqjC_predicted,0.06896551724137931,29,28,TTATGTGACAGAGGCGGTGT,1,5218559
yqjE_yqjK_yqjD_yqjC_predicted,0.3793103448275862,38,28,TGTTTTCGACAGAGATATAT,10,5187838
yqjE_yqjK_yqjD_yqjC_predicted,0.6551724137931034,46,28,TGGGTAAGGAACTGACGGTT,18,5196305
yqjE_yqjK_yqjD_yqjC_predicted,0.6896551724137931,47,28,TGGCACCGTGATTGGTTTTC,19,5211605
yqjE_yqjK_yqjD_yqjC_predicted,0.1724137931034483,32,28,TGGACAGGGGTAATCTCTCG,4,5239669
yqjE_yqjK_yqjD_yqjC_predicted,0.896551724137931,53,28,TGCGCAACTGTACTCATCCA,25,5204804
yqjE_yqjK_yqjD_yqjC_predicted,0.3448275862068966,37,28,TGATTCGCCCCAGCCGTCAA,9,5247008
yqjE_yqjK_yqjD_yqjC_predicted,0.4827586206896552,41,28,TGAGACCTCTGTGGTTCAGA,13,5234770
yqjE_yqjK_yqjD_yqjC_predicted,0.5862068965517241,44,28,TCTGGGTGTGGTTTAACCAG,16,5261438
yqjE_yqjK_yqjD_yqjC_predicted,0.7931034482758621,50,28,TCGTCTAACAAAGCCTAACC,22,5181747
yqjE_yqjK_yqjD_yqjC_predicted,0.06896551724137931,29,28,TCGGCTAGTGTCTCGGGCGG,1,5230010
yqjE_yqjK_yqjD_yqjC_predicted,0.06896551724137931,29,28,TCGAGGTTCAATTGATTCAG,1,5235862
yqjE_yqjK_yqjD_yqjC_predicted,0.41379310344827586,39,28,TCGAGCTGATATGACCCTGG,11,5187612
yqjE_yqjK_yqjD_yqjC_predicted,0.06896551724137931,29,28,TCGAACGTCTGCCAACTCGA,1,5246890
yqjE_yqjK_yqjD_yqjC_predicted,0.1724137931034483,32,28,TCACAACTTAATTGTATGTA,4,5258692
yqjE_yqjK_yqjD_yqjC_predicted,0.3793103448275862,38,28,TATGCATGTCCTGGGCAATG,10,5233314
yqjE_yqjK_yqjD_yqjC_predicted,0.13793103448275862,31,28,TATACGAGATCCGATTACGT,3,5216984
yqjE_yqjK_yqjD_yqjC_predicted,0.27586206896551724,35,28,TAATAATCGGCTCCGTGGCT,7,5251236
yqjE_yqjK_yqjD_yqjC_predicted,0.5517241379310345,43,28,TAAGTTCACTTAAGTCCCTG,15,5233973
yqjE_yqjK_yqjD_yqjC_predicted,0.3448275862068966,37,28,TAAGCGCACAAACTGACATG,9,5236518
yqjE_yqjK_yqjD_yqjC_predicted,0.1724137931034483,32,28,GTTCGTGCCATATTGTCGGT,4,5197345
yqjE_yqjK_yqjD_yqjC_predicted,1.0,56,28,GTTCCGAACAGGCACTCGAG,28,5173598
yqjE_yqjK_yqjD_yqjC_predicted,0.13793103448275862,31,28,GTTCCATGCTAGTTGTACAG,3,5208586
yqjE_yqjK_yqjD_yqjC_predicted,0.2413793103448276,34,28,GTTAGTCGGGCTGACAGTAC,6,5231118
yqjE_yqjK_yqjD_yqjC_predicted,0.5517241379310345,43,28,GTGCTAGTTTCTCGCGCTGT,15,5226861
yqjE_yqjK_yqjD_yqjC_predicted,0.4482758620689655,40,28,GTCTGGTGGCTATTCCCTGC,12,5215028
yqjE_yqjK_yqjD_yqjC_predicted,0.06896551724137931,29,28,GTCCGCGGGCCAAACGTGTA,1,5212540
yqjE_yqjK_yqjD_yqjC_predicted,0.06896551724137931,29,28,GGTCTTCTCCGTTTGAGCGA,1,5210678
yqjE_yqjK_yqjD_yqjC_predicted,0.3448275862068966,37,28,GGTCCTCAGTTAGTTAGCCA,9,5183460
yqjE_yqjK_yqjD_yqjC_predicted,0.2413793103448276,34,28,GGGTAACAAATAGACGTAAA,6,5241384
yqjE_yqjK_yqjD_yqjC_predicted,0.6896551724137931,47,28,GGGCCATCAAGTTGTCTTGC,19,5193003
yqjE_yqjK_yqjD_yqjC_predicted,0.1724137931034483,32,28,GGCGACTTACGTGATGGTAA,4,5234750
yqjE_yqjK_yqjD_yqjC_predicted,0.27586206896551724,35,28,GCTTATAATGCCGGCCTAGA,7,5181244
yqjE_yqjK_yqjD_yqjC_predicted,0.20689655172413793,33,28,GCATCGTTTGCCTTTGGCGG,5,5200097
yqjE_yqjK_yqjD_yqjC_predicted,0.5172413793103449,42,28,GATGAATCCTTTCTTTGCGA,14,5254402
yqjE_yqjK_yqjD_yqjC_predicted,0.4827586206896552,41,28,GAGTTGGCTGCGCCATAGGT,13,5202388
yqjE_yqjK_yqjD_yqjC_predicted,0.41379310344827586,39,28,GAGTCTTAGCAGACGAACAC,11,5242017
yqjE_yqjK_yqjD_yqjC_predicted,0.06896551724137931,29,28,GAGGTTCTTCAGACACTTGA,1,5201886
yqjE_yqjK_yqjD_yqjC_predicted,0.6551724137931034,46,28,GAGAGATACGCTGTCGCAAC,18,5217034
yqjE_yqjK_yqjD_yqjC_predicted,2.9655172413793105,113,28,GACTCCTTCCTCAGCCGAGA,85,5176386
yqjE_yqjK_yqjD_yqjC_predicted,1.7586206896551724,78,28,GACCAAGTTGGCCAGGGGGA,50,5189223
yqjE_yqjK_yqjD_yqjC_predicted,0.20689655172413793,33,28,GACAATAGAGTCTCTTTGGC,5,5242548
yqjE_yqjK_yqjD_yqjC_predicted,0.1724137931034483,32,28,CTTGAGCCCGATCGAGGAAT,4,5234892
yqjE_yqjK_yqjD_yqjC_predicted,1.5517241379310345,72,28,CTGCTTGGACTGGGGGAAGG,44,5190577
yqjE_yqjK_yqjD_yqjC_predicted,0.27586206896551724,35,28,CTCTAATGTTGGGCTGCTTG,7,5256710
yqjE_yqjK_yqjD_yqjC_predicted,0.5862068965517241,44,28,CTCGTCAGACAGGCCTAGGC,16,5250548
yqjE_yqjK_yqjD_yqjC_predicted,0.5172413793103449,42,28,CTAGCGGCCATTGTGTGGGG,14,5233882
yqjE_yqjK_yqjD_yqjC_predicted,0.10344827586206896,30,28,CGGCTTCACCCTACCGTTAG,2,5210162
yqjE_yqjK_yqjD_yqjC_predicted,1.0689655172413792,58,28,CGGCATAACCAATAATCCTC,30,5221148
yqjE_yqjK_yqjD_yqjC_predicted,0.27586206896551724,35,28,CGACCGGGCGAGCAAGATGC,7,5229273
yqjE_yqjK_yqjD_yqjC_predicted,0.20689655172413793,33,28,CGAAATACCCCGCCCTATCA,5,5186566
yqjE_yqjK_yqjD_yqjC_predicted,0.5862068965517241,44,28,CCGGTGCTTGTAGGCTCTGC,16,5174618
yqjE_yqjK_yqjD_yqjC_predicted,0.6551724137931034,46,28,CCCCCGTGTACAAATCTTTC,18,5229258
yqjE_yqjK_yqjD_yqjC_predicted,0.9310344827586207,54,28,CCCACACGCGGACTGGACGC,26,5178064
yqjE_yqjK_yqjD_yqjC_predicted,0.06896551724137931,29,28,CCATTTAATTAGATTCGCAT,1,5219445
yqjE_yqjK_yqjD_yqjC_predicted,0.6551724137931034,46,28,CCAAATAGCAACTCAACTAT,18,5242985
yqjE_yqjK_yqjD_yqjC_predicted,0.6206896551724138,45,28,CATTGCAATTGTTCGCAAGG,17,5247544
yqjE_yqjK_yqjD_yqjC_predicted,0.1724137931034483,32,28,CATTCTCTGTATGATAAAGG,4,5238193
yqjE_yqjK_yqjD_yqjC_predicted,1.0,56,28,CATCTTGGTTTATCAAGTGC,28,5197606
yqjE_yqjK_yqjD_yqjC_predicted,0.2413793103448276,34,28,CAGTGGTGCGTAGGGGTCTA,6,5172810
yqjE_yqjK_yqjD_yqjC_predicted,1.3793103448275863,67,28,CAGTCTACATCATGGTGATG,39,5253661
yqjE_yqjK_yqjD_yqjC_predicted,0.10344827586206896,30,28,CAGGGATTCATAACCGATAT,2,5175082
yqjE_yqjK_yqjD_yqjC_predicted,0.3448275862068966,37,28,CAGCGACGTTAGGGACGCTT,9,5198763
yqjE_yqjK_yqjD_yqjC_predicted,0.3448275862068966,37,28,CAAGAAACGGGGGATTTCGC,9,5194183
yqjE_yqjK_yqjD_yqjC_predicted,1.0344827586206897,57,28,CAAATTTATGAATGTGTGAA,29,5223945
yqjE_yqjK_yqjD_yqjC_predicted,0.27586206896551724,35,28,ATTTAACCGGTTCACGCGAG,7,5250365
yqjE_yqjK_yqjD_yqjC_predicted,0.06896551724137931,29,28,ATTCTTTGACCTTGGTCTAC,1,5220001
yqjE_yqjK_yqjD_yqjC_predicted,0.4827586206896552,41,28,ATTACAACCCCGCGCCCAGC,13,5182011
yqjE_yqjK_yqjD_yqjC_predicted,0.9655172413793104,55,28,ATGTTCGCACTCTGATGGTA,27,5225839
yqjE_yqjK_yqjD_yqjC_predicted,1.0,56,28,ATGACTGGTTGCAGGCCGGT,28,5240139
yqjE_yqjK_yqjD_yqjC_predicted,0.3793103448275862,38,28,ATCGCGTATGGCCACTTATT,10,5212122
yqjE_yqjK_yqjD_yqjC_predicted,1.3103448275862069,65,28,ATCACACATCACAGCGGCTA,37,5177538
yqjE_yqjK_yqjD_yqjC_predicted,2.3448275862068964,95,28,ATATGCCAATTCTCCCACTA,67,5219729
yqjE_yqjK_yqjD_yqjC_predicted,0.6896551724137931,47,28,AGTTCTTTTTCCCCCAATTT,19,5176103
yqjE_yqjK_yqjD_yqjC_predicted,0.5862068965517241,44,28,AGTTACGTGGTTTGCTTCGG,16,5243875
yqjE_yqjK_yqjD_yqjC_predicted,0.13793103448275862,31,28,AGTGCGCGGGACCCGGTAAA,3,5192465
yqjE_yqjK_yqjD_yqjC_predicted,3.896551724137931,140,28,AGTCAGTCGGGTCTACGTCT,112,5182155
yqjE_yqjK_yqjD_yqjC_predicted,0.06896551724137931,29,28,AGTCAACTTCAGATGCGCCA,1,5232809
yqjE_yqjK_yqjD_yqjC_predicted,0.20689655172413793,33,28,AGTAAGCATTGTTGTCGTGC,5,5171953
yqjE_yqjK_yqjD_yqjC_predicted,0.20689655172413793,33,28,AGGTAAGGGACTCCAAGCGT,5,5183650
yqjE_yqjK_yqjD_yqjC_predicted,0.2413793103448276,34,28,AGGGGTGGATGGCTATTACA,6,5241764
yqjE_yqjK_yqjD_yqjC_predicted,0.4482758620689655,40,28,AGGCTGCAGCGCCAATATTG,12,5244587
yqjE_yqjK_yqjD_yqjC_predicted,1.5862068965517242,73,28,AGGACATCACGGGCGTTCTA,45,5245398
yqjE_yqjK_yqjD_yqjC_predicted,0.7586206896551724,49,28,AGCCATCAACGCTATTAAGG,21,5234104
yqjE_yqjK_yqjD_yqjC_predicted,0.3793103448275862,38,28,AGATTCGATACCAAGTGCGG,10,5182552
yqjE_yqjK_yqjD_yqjC_predicted,1.0689655172413792,58,28,ACTTTTTATAAGATACGGCT,30,5174811
yqjE_yqjK_yqjD_yqjC_predicted,0.06896551724137931,29,28,ACTCGGCTGTTCTGGCAAGA,1,5249671
yqjE_yqjK_yqjD_yqjC_predicted,1.3103448275862069,65,28,ACTCACTGATTCAAATATGT,37,5247146
yqjE_yqjK_yqjD_yqjC_predicted,1.206896551724138,62,28,ACGCTATCCTGCTGGCCCAG,34,5178657
yqjE_yqjK_yqjD_yqjC_predicted,0.4827586206896552,41,28,ACCTCGTCCGCCTGGCCCGG,13,5182069
yqjE_yqjK_yqjD_yqjC_predicted,0.9310344827586207,54,28,ACCGAAACGGTGCCAATTGT,26,5248520
yqjE_yqjK_yqjD_yqjC_predicted,0.6206896551724138,45,28,ACATATCTAGGTTACTGGCG,17,5189691
yqjE_yqjK_yqjD_yqjC_predicted,0.41379310344827586,39,28,ACAATAGGTGTCAGCATTGT,11,5256590
yqjE_yqjK_yqjD_yqjC_predicted,0.4827586206896552,41,28,AATCCAACAAAAGCAAGTGC,13,5191011
yqjE_yqjK_yqjD_yqjC_predicted,0.3793103448275862,38,28,AAGGTCTCGTTCTGACCATT,10,5201608
yqjE_yqjK_yqjD_yqjC_predicted,0.27586206896551724,35,28,AACACTTAGGGTGCGAAGTA,7,5261262
yqjE_yqjK_yqjD_yqjC_predicted,0.4642857142857143,39,27,TTTAGGTTGTGGGGCACCTA,12,5208492
yqjE_yqjK_yqjD_yqjC_predicted,0.5,40,27,TTCGTACCGACCTTATTAAT,13,5179243
yqjE_yqjK_yqjD_yqjC_predicted,0.07142857142857142,28,27,TGTCGGCGCGTATGTACTAA,1,5180097
yqjE_yqjK_yqjD_yqjC_predicted,0.5357142857142857,41,27,TGGTTAAGAGGGCTTTGTCT,14,5231315
yqjE_yqjK_yqjD_yqjC_predicted,0.07142857142857142,28,27,TGGTACGCCATCTACATGAG,1,5246999
yqjE_yqjK_yqjD_yqjC_predicted,0.2857142857142857,34,27,TGGGTCCGTATATATGCAAC,7,5233519
yqjE_yqjK_yqjD_yqjC_predicted,0.21428571428571427,32,27,TGCTATGGCTAAAACGTACT,5,5247806
yqjE_yqjK_yqjD_yqjC_predicted,0.21428571428571427,32,27,TGCGTTGCTGATAGATCGGG,5,5206431
yqjE_yqjK_yqjD_yqjC_predicted,0.6071428571428571,43,27,TGCCTATGATGCGATTTTAC,16,5198622
yqjE_yqjK_yqjD_yqjC_predicted,0.35714285714285715,36,27,TGATCCGTTTGATAACGCCC,9,5233959
yqjE_yqjK_yqjD_yqjC_predicted,0.07142857142857142,28,27,TGAGCTAAGTCTTCCGGCTG,1,5242983
yqjE_yqjK_yqjD_yqjC_predicted,0.2857142857142857,34,27,TGAGAGAACACGTCACGTTG,7,5182086
yqjE_yqjK_yqjD_yqjC_predicted,0.25,33,27,TGACTGGTGGACTAGCACTA,6,5232842
yqjE_yqjK_yqjD_yqjC_predicted,3.642857142857143,128,27,TGACGATTTTTTATTTACCT,101,5233454
yqjE_yqjK_yqjD_yqjC_predicted,0.17857142857142858,31,27,TCTCTTGGATGCACAGCTAA,4,5204649
yqjE_yqjK_yqjD_yqjC_predicted,0.07142857142857142,28,27,TCGGGCCATGTGCATATGCG,1,5178128
yqjE_yqjK_yqjD_yqjC_predicted,0.8214285714285714,49,27,TCGCGGTATAAGCGGGGGGT,22,5184997
yqjE_yqjK_yqjD_yqjC_predicted,0.6428571428571429,44,27,TCCTCAAAGCTATTTAGTTA,17,5176175
yqjE_yqjK_yqjD_yqjC_predicted,0.6428571428571429,44,27,TCCAGGTTGGTACTTGTCGG,17,5186889
yqjE_yqjK_yqjD_yqjC_predicted,0.21428571428571427,32,27,TCAGCACAGGGCTAAGTGCG,5,5244094
yqjE_yqjK_yqjD_yqjC_predicted,0.39285714285714285,37,27,TCACCGGTGTAGGAGTACCG,10,5220872
yqjE_yqjK_yqjD_yqjC_predicted,0.21428571428571427,32,27,TCAACTTTCTCGGTTGGCTA,5,5220062
yqjE_yqjK_yqjD_yqjC_predicted,1.0714285714285714,56,27,TCAACGGAATGCCCTGTAAC,29,5227203
yqjE_yqjK_yqjD_yqjC_predicted,0.42857142857142855,38,27,TATGCCTGAGCAGTGTCGCT,11,5222158
yqjE_yqjK_yqjD_yqjC_predicted,0.4642857142857143,39,27,TATAAACTACCTAGGGAGCC,12,5196898
yqjE_yqjK_yqjD_yqjC_predicted,1.0357142857142858,55,27,TAGATTACGCAACTGCTCGA,28,5216654
yqjE_yqjK_yqjD_yqjC_predicted,0.6071428571428571,43,27,TAGACGTCAGGGTGCACCAC,16,5196312
yqjE_yqjK_yqjD_yqjC_predicted,0.39285714285714285,37,27,TACATCTCAAGAACTATCAC,10,5225179
yqjE_yqjK_yqjD_yqjC_predicted,0.5714285714285714,42,27,GTTTGCACGCTACCCCCCTA,15,5228958
yqjE_yqjK_yqjD_yqjC_predicted,0.8928571428571429,51,27,GTTCTCCGCGTCTTGAGATC,24,5205402
yqjE_yqjK_yqjD_yqjC_predicted,0.17857142857142858,31,27,GTTCAGAAGCTACAATGCGC,4,5173748
yqjE_yqjK_yqjD_yqjC_predicted,0.5714285714285714,42,27,GTGAATCTCGCGAGAATCAC,15,5180928
yqjE_yqjK_yqjD_yqjC_predicted,1.6428571428571428,72,27,GTCTCTCTATCTTATGTCAT,45,5212295
yqjE_yqjK_yqjD_yqjC_predicted,0.5,40,27,GTCGCGTTAGGACGATCATA,13,5202248
yqjE_yqjK_yqjD_yqjC_predicted,0.32142857142857145,35,27,GTAGGAGGACTGGTTCGCTG,8,5187188
yqjE_yqjK_yqjD_yqjC_predicted,1.2857142857142858,62,27,GGTCTTGTATCTACCTAATA,35,5213638
yqjE_yqjK_yqjD_yqjC_predicted,0.7857142857142857,48,27,GGTCACTACGCCAAAGATTT,21,5218794
yqjE_yqjK_yqjD_yqjC_predicted,0.10714285714285714,29,27,GGGTCGTAGTGTACTCTGTA,2,5214234
yqjE_yqjK_yqjD_yqjC_predicted,0.07142857142857142,28,27,GGGGCATTTTGGTCCGGGGT,1,5215933
yqjE_yqjK_yqjD_yqjC_predicted,1.3214285714285714,63,27,GGGCATCGTGGTCCAAATAT,36,5224460
yqjE_yqjK_yqjD_yqjC_predicted,0.17857142857142858,31,27,GGGAATAAGGGATTAGGGAT,4,5176783
yqjE_yqjK_yqjD_yqjC_predicted,0.07142857142857142,28,27,GGGAAACGGTATAAAATAAC,1,5228944
yqjE_yqjK_yqjD_yqjC_predicted,0.07142857142857142,28,27,GGCTTGCCCGGAATCTCAAG,1,5259615
yqjE_yqjK_yqjD_yqjC_predicted,0.8928571428571429,51,27,GGCCTGCGGACGTAGAAGCT,24,5251910
yqjE_yqjK_yqjD_yqjC_predicted,0.2857142857142857,34,27,GGCCTCTCGCTTAATAGAAG,7,5181176
yqjE_yqjK_yqjD_yqjC_predicted,0.32142857142857145,35,27,GGCATAAGCTGCATGATGAG,8,5182555
yqjE_yqjK_yqjD_yqjC_predicted,0.32142857142857145,35,27,GGCACAGTGGGAAGAGTTGT,8,5232527
yqjE_yqjK_yqjD_yqjC_predicted,1.3928571428571428,65,27,GGAGCTATGAAACGGTGCAA,38,5180683
yqjE_yqjK_yqjD_yqjC_predicted,1.25,61,27,GGACTGCAGGCATCCCCCGT,34,5220185
yqjE_yqjK_yqjD_yqjC_predicted,0.8214285714285714,49,27,GGAAGGGATTTTCAAATCCT,22,5175702
yqjE_yqjK_yqjD_yqjC_predicted,1.3928571428571428,65,27,GCTTAACCTTGGGGTATATA,38,5262251
yqjE_yqjK_yqjD_yqjC_predicted,0.6071428571428571,43,27,GCTAGGTAGGACCTGTTTCA,16,5202627
yqjE_yqjK_yqjD_yqjC_predicted,1.6071428571428572,71,27,GCGCGGCCCTGAGCGACTGA,44,5219865
yqjE_yqjK_yqjD_yqjC_predicted,1.1785714285714286,59,27,GCCTTGTTTCAATCGTAGAT,32,5202321
yqjE_yqjK_yqjD_yqjC_predicted,0.75,47,27,GCCCGCAGAATTCAGGACGG,20,5190226
yqjE_yqjK_yqjD_yqjC_predicted,1.0,54,27,GCAAACGTGCGTACAGCCAC,27,5188076
yqjE_yqjK_yqjD_yqjC_predicted,1.3928571428571428,65,27,GATCGTTGGATGGGTCGTGT,38,5203170
yqjE_yqjK_yqjD_yqjC_predicted,0.07142857142857142,28,27,GATAGACGGCGATCTGAACA,1,5251800
yqjE_yqjK_yqjD_yqjC_predicted,0.35714285714285715,36,27,GATAAATCTCCGGTACTCAC,9,5261542
yqjE_yqjK_yqjD_yqjC_predicted,0.07142857142857142,28,27,GAGGGGGTCAGGGACCTCTC,1,5181634
yqjE_yqjK_yqjD_yqjC_predicted,1.4285714285714286,66,27,GACTGAAGATGGGGTCGTAA,39,5250099
yqjE_yqjK_yqjD_yqjC_predicted,0.6071428571428571,43,27,GACAGATTCCAATCGAGGTT,16,5213128
yqjE_yqjK_yqjD_yqjC_predicted,0.2857142857142857,34,27,GAAGGCACACCACGTGCCCG,7,5183999
yqjE_yqjK_yqjD_yqjC_predicted,0.07142857142857142,28,27,GAAAAGCGTCGGCACAATTC,1,5207587
yqjE_yqjK_yqjD_yqjC_predicted,0.35714285714285715,36,27,CTTCCACATGGGTTTGCAGG,9,5213739
yqjE_yqjK_yqjD_yqjC_predicted,0.6071428571428571,43,27,CTTCAATTTGGCTGAGCCCT,16,5226974
yqjE_yqjK_yqjD_yqjC_predicted,0.4642857142857143,39,27,CTGTTAAATGGTAGGAGTAT,12,5211674
yqjE_yqjK_yqjD_yqjC_predicted,1.0,54,27,CTGGAATGAACCATTAAGGG,27,5204771
yqjE_yqjK_yqjD_yqjC_predicted,1.5357142857142858,69,27,CTGAGAAATAACCTGATCCT,42,5199068
yqjE_yqjK_yqjD_yqjC_predicted,0.39285714285714285,37,27,CTCGCGGGCCTTACCTAGAC,10,5213401
yqjE_yqjK_yqjD_yqjC_predicted,0.9642857142857143,53,27,CTCCCACAACCTGAGTCTGT,26,5207062
yqjE_yqjK_yqjD_yqjC_predicted,1.4285714285714286,66,27,CTCCAGCTCCCGGCTCAGGT,39,5259209
yqjE_yqjK_yqjD_yqjC_predicted,1.0714285714285714,56,27,CTCATATGTTCATCTTTGGA,29,5249138
yqjE_yqjK_yqjD_yqjC_predicted,1.1785714285714286,59,27,CTCAAGCTGGCGTCGCGACA,32,5227052
yqjE_yqjK_yqjD_yqjC_predicted,0.6428571428571429,44,27,CTCAACGATCCGGTGGGAAA,17,5233032
yqjE_yqjK_yqjD_yqjC_predicted,1.75,75,27,CTATTGTTGCTGTAACACGC,48,5233857
yqjE_yqjK_yqjD_yqjC_predicted,2.25,89,27,CTAGGTACCGAGCAAAGTGT,62,5259911
yqjE_yqjK_yqjD_yqjC_predicted,1.8571428571428572,78,27,CGTTGCCGGTTTTTCCCTCA,51,5215098
yqjE_yqjK_yqjD_yqjC_predicted,0.6785714285714286,45,27,CGTCTCGAAAGAGTCGTGGC,18,5230116
yqjE_yqjK_yqjD_yqjC_predicted,1.1428571428571428,58,27,CGGATAATGCCATTGCACGA,31,5189819
yqjE_yqjK_yqjD_yqjC_predicted,0.35714285714285715,36,27,CGCTCAATGCGACTAGCTAT,9,5243533
yqjE_yqjK_yqjD_yqjC_predicted,2.0714285714285716,84,27,CGACTAAGAGAAGTCGCATT,57,5223057
yqjE_yqjK_yqjD_yqjC_predicted,0.7142857142857143,46,27,CGAAATGCGGCAACGGGGAC,19,5223062
yqjE_yqjK_yqjD_yqjC_predicted,0.6071428571428571,43,27,CCTGGCTGGGATCGGGGTAA,16,5234669
yqjE_yqjK_yqjD_yqjC_predicted,0.10714285714285714,29,27,CCGGAGACCTGTATCAGCTA,2,5251738
yqjE_yqjK_yqjD_yqjC_predicted,1.0,54,27,CCGCACAAGACAATGCACGG,27,5185382
yqjE_yqjK_yqjD_yqjC_predicted,0.07142857142857142,28,27,CCCTTATAATGTGCCAAATG,1,5190403
yqjE_yqjK_yqjD_yqjC_predicted,0.35714285714285715,36,27,CCAGCCTGTGCCGGCCGTGG,9,5212189
yqjE_yqjK_yqjD_yqjC_predicted,0.10714285714285714,29,27,CCACGGGGCGGTACATAACT,2,5190218
yqjE_yqjK_yqjD_yqjC_predicted,0.6071428571428571,43,27,CCACCTAGAGTTAGGGAAGG,16,5244858
yqjE_yqjK_yqjD_yqjC_predicted,0.6071428571428571,43,27,CATTTCTGGCTGTACGATGA,16,5175167
yqjE_yqjK_yqjD_yqjC_predicted,0.35714285714285715,36,27,CAGGCCTAATACAGCAGAAT,9,5195628
yqjE_yqjK_yqjD_yqjC_predicted,0.10714285714285714,29,27,CACCGGCTTGGTGGTGCCCC,2,5171503
yqjE_yqjK_yqjD_yqjC_predicted,0.75,47,27,CACCCGCGTTGAACGTTTTG,20,5247453
yqjE_yqjK_yqjD_yqjC_predicted,0.07142857142857142,28,27,CACCCAACTCGGTTAGAGTG,1,5252185
yqjE_yqjK_yqjD_yqjC_predicted,1.3571428571428572,64,27,CACAGGCGGCCCTATCCTAG,37,5221307
yqjE_yqjK_yqjD_yqjC_predicted,0.7857142857142857,48,27,CACAAGAGGCCGGAAGAGCA,21,5218143
yqjE_yqjK_yqjD_yqjC_predicted,0.9285714285714286,52,27,CAAGGTTAGGTAGTTAAAAA,25,5208286
yqjE_yqjK_yqjD_yqjC_predicted,0.7142857142857143,46,27,ATTTAGTTCACCACGTGCGG,19,5259596
yqjE_yqjK_yqjD_yqjC_predicted,1.2142857142857142,60,27,ATTGGTTTTGTGTCGGAAGC,33,5241912
yqjE_yqjK_yqjD_yqjC_predicted,0.2857142857142857,34,27,ATTGCCCACTTCGCCACCCC,7,5255077
yqjE_yqjK_yqjD_yqjC_predicted,1.0714285714285714,56,27,ATGTGCGCGACGCGATTTCA,29,5214014
yqjE_yqjK_yqjD_yqjC_predicted,1.0,54,27,ATGTCCTCGTAGATCAATAA,27,5186442
yqjE_yqjK_yqjD_yqjC_predicted,0.32142857142857145,35,27,ATGCTTAGGGGACGTCATGA,8,5254593
yqjE_yqjK_yqjD_yqjC_predicted,1.4642857142857142,67,27,ATGAGCGAACTAGCCCTAGC,40,5250737
yqjE_yqjK_yqjD_yqjC_predicted,1.1785714285714286,59,27,ATATGCGCATTGTCGCACTA,32,5199533
yqjE_yqjK_yqjD_yqjC_predicted,3.25,117,27,AGGTTCGACGGTTATAGAAA,90,5257350
yqjE_yqjK_yqjD_yqjC_predicted,0.32142857142857145,35,27,AGGTCCTTATCCCTGGCTAG,8,5238406
yqjE_yqjK_yqjD_yqjC_predicted,0.4642857142857143,39,27,AGGGTCCGCGAGAGCCTGCT,12,5256525
yqjE_yqjK_yqjD_yqjC_predicted,0.17857142857142858,31,27,AGGGCATTCAGGTAGGGCGA,4,5254309
yqjE_yqjK_yqjD_yqjC_predicted,1.25,61,27,AGCCGTCCAGTGCCTGATCA,34,5229940
yqjE_yqjK_yqjD_yqjC_predicted,0.42857142857142855,38,27,AGCATTTAGATGCGTTGTAT,11,5203978
yqjE_yqjK_yqjD_yqjC_predicted,0.6785714285714286,45,27,AGATGCGGCCTGACAACGGC,18,5173258
yqjE_yqjK_yqjD_yqjC_predicted,0.07142857142857142,28,27,AGAAGGGACCATTCGCGCTG,1,5173646
yqjE_yqjK_yqjD_yqjC_predicted,0.25,33,27,AGAACGCTATACTGATTTGT,6,5210632
yqjE_yqjK_yqjD_yqjC_predicted,0.6071428571428571,43,27,AGAAATACTCGATACTCTTA,16,5196428
yqjE_yqjK_yqjD_yqjC_predicted,0.75,47,27,ACTGACATATAGGCTGACTG,20,5218098
yqjE_yqjK_yqjD_yqjC_predicted,0.5714285714285714,42,27,ACTAGCTCCGTGTCAGTCTT,15,5227432
yqjE_yqjK_yqjD_yqjC_predicted,0.21428571428571427,32,27,ACGGTGTGCATCCAGACACG,5,5208053
yqjE_yqjK_yqjD_yqjC_predicted,0.32142857142857145,35,27,ACGCCGCCACTGGAGGGCGA,8,5248622
yqjE_yqjK_yqjD_yqjC_predicted,0.17857142857142858,31,27,ACCGCGCCCCCATTGATAAC,4,5208760
yqjE_yqjK_yqjD_yqjC_predicted,0.35714285714285715,36,27,ACACTTAGCATTAATTCCGC,9,5187569
yqjE_yqjK_yqjD_yqjC_predicted,1.0714285714285714,56,27,ACAACGGGTGGTTTTGCTCG,29,5184349
yqjE_yqjK_yqjD_yqjC_predicted,0.5,40,27,AATTATTTTACCGTTATTAT,13,5211546
yqjE_yqjK_yqjD_yqjC_predicted,0.25,33,27,AAGCCGTATGCCTACTGGGT,6,5195015
yqjE_yqjK_yqjD_yqjC_predicted,0.17857142857142858,31,27,AAGCACAAGTCGGTGAGACA,4,5192828
yqjE_yqjK_yqjD_yqjC_predicted,0.07142857142857142,28,27,AAGAAGGTAGACTCGCCCAT,1,5214142
yqjE_yqjK_yqjD_yqjC_predicted,0.07142857142857142,28,27,AACTATCTTGCAATCGAAGC,1,5214236
yqjE_yqjK_yqjD_yqjC_predicted,0.42857142857142855,38,27,AACGCGACCGCAGCGTAATT,11,5188268
yqjE_yqjK_yqjD_yqjC_predicted,0.21428571428571427,32,27,AACGCACAAGAGGATTTCAT,5,5205138
yqjE_yqjK_yqjD_yqjC_predicted,0.10714285714285714,29,27,AACACAGGCAAGCACGCGAA,2,5192902
yqjE_yqjK_yqjD_yqjC_predicted,0.07142857142857142,28,27,AAACTGGGTCTGTAACAACA,1,5243770
yqjE_yqjK_yqjD_yqjC_predicted,0.5,40,27,AAAATTTCCGCACTTGAAAC,13,5229152
yqjE_yqjK_yqjD_yqjC_predicted,0.07407407407407407,27,26,TTGTCTTTTCGCGCGAACCC,1,5262350
yqjE_yqjK_yqjD_yqjC_predicted,0.8148148148148148,47,26,TTGGGCACAGGGATCAAAGA,21,5237487
yqjE_yqjK_yqjD_yqjC_predicted,0.37037037037037035,35,26,TTCCACACTCCCGATGATGT,9,5229380
yqjE_yqjK_yqjD_yqjC_predicted,0.5185185185185185,39,26,TTATTGGTAAAGATTCATTG,13,5209690
yqjE_yqjK_yqjD_yqjC_predicted,0.4444444444444444,37,26,TTATCCGTCCATTACCATGG,11,5246144
yqjE_yqjK_yqjD_yqjC_predicted,0.1111111111111111,28,26,TTAGAGAACTGGCAAGCGAG,2,5256828
yqjE_yqjK_yqjD_yqjC_predicted,1.0740740740740742,54,26,TTACGCAAGAATCGAACGTG,28,5201358
yqjE_yqjK_yqjD_yqjC_predicted,0.37037037037037035,35,26,TGTTGAATCCAGACGGCTGG,9,5228665
yqjE_yqjK_yqjD_yqjC_predicted,0.48148148148148145,38,26,TGTAGGGTCTGATTCAGACC,12,5226741
yqjE_yqjK_yqjD_yqjC_predicted,2.5555555555555554,94,26,TGGTGTCGTGCCGCAATTGG,68,5217850
yqjE_yqjK_yqjD_yqjC_predicted,0.8148148148148148,47,26,TGCTCGCAGGAAGTTAGGGC,21,5180116
yqjE_yqjK_yqjD_yqjC_predicted,1.5555555555555556,67,26,TGCTAGGGTACAGACCTAAG,41,5215931
yqjE_yqjK_yqjD_yqjC_predicted,0.4444444444444444,37,26,TGCGTAGGGAAAACGCTGAG,11,5247475
yqjE_yqjK_yqjD_yqjC_predicted,0.8888888888888888,49,26,TGCGCATGCAAATCTCAGCG,23,5195726
yqjE_yqjK_yqjD_yqjC_predicted,1.1851851851851851,57,26,TGAGTTGGTAAATATACATG,31,5181242
yqjE_yqjK_yqjD_yqjC_predicted,0.5185185185185185,39,26,TGAAGGCCGCATGTCCTATG,13,5185028
yqjE_yqjK_yqjD_yqjC_predicted,1.3333333333333333,61,26,TCGACCAGTAGTGGTGACAA,35,5227489
yqjE_yqjK_yqjD_yqjC_predicted,0.6666666666666666,43,26,TCCTCTTGCGTAGGTCAGCT,17,5211143
yqjE_yqjK_yqjD_yqjC_predicted,0.5925925925925926,41,26,TCCCGGGGACCTGTTTAGTA,15,5219451
yqjE_yqjK_yqjD_yqjC_predicted,0.4074074074074074,36,26,TCCACGGATTGGTAACGCCC,10,5196382
yqjE_yqjK_yqjD_yqjC_predicted,0.4444444444444444,37,26,TCAGCGATTCCACGTGCGCT,11,5227551
yqjE_yqjK_yqjD_yqjC_predicted,0.6666666666666666,43,26,TCACCTTCCGTAATGGCGCT,17,5206432
yqjE_yqjK_yqjD_yqjC_predicted,2.2962962962962963,87,26,TCACCGGGGATATTGAACTA,61,5197442
yqjE_yqjK_yqjD_yqjC_predicted,0.2222222222222222,31,26,TCAAATATCTGGAAGTAATA,5,5261986
yqjE_yqjK_yqjD_yqjC_predicted,0.4074074074074074,36,26,TAGCAAGTGTCCCTAGGTCC,10,5192599
yqjE_yqjK_yqjD_yqjC_predicted,1.5185185185185186,66,26,TACCGAATAAGTTCCACGAC,40,5185773
yqjE_yqjK_yqjD_yqjC_predicted,1.3703703703703705,62,26,TAAACTCCCTGCCAGTAGGG,36,5228946
yqjE_yqjK_yqjD_yqjC_predicted,1.2592592592592593,59,26,GTTCTTCCGTATTGGTTGCA,33,5249653
yqjE_yqjK_yqjD_yqjC_predicted,0.4444444444444444,37,26,GTGTTTTGGGCAGACGTGTA,11,5224347
yqjE_yqjK_yqjD_yqjC_predicted,0.3333333333333333,34,26,GTGTTGAGGCTCCTCTACAA,8,5258965
yqjE_yqjK_yqjD_yqjC_predicted,0.14814814814814814,29,26,GTGTCCTCCACCGGCCAGTA,3,5209790
yqjE_yqjK_yqjD_yqjC_predicted,0.3333333333333333,34,26,GTGCACTTATGGGCTGGGGT,8,5233120
yqjE_yqjK_yqjD_yqjC_predicted,0.9629629629629629,51,26,GTCTCACCTCTACATTGTTA,25,5194689
yqjE_yqjK_yqjD_yqjC_predicted,0.5185185185185185,39,26,GGTTGGTCGTACCTTCAAAT,13,5214525
yqjE_yqjK_yqjD_yqjC_predicted,0.8518518518518519,48,26,GGTTACGCTTATGTACTGGC,22,5231859
yqjE_yqjK_yqjD_yqjC_predicted,0.7777777777777778,46,26,GGTGTGAACTCTCTCAACGG,20,5205894
yqjE_yqjK_yqjD_yqjC_predicted,0.2962962962962963,33,26,GGTGCGAAGTCCTGTAAGCA,7,5172587
yqjE_yqjK_yqjD_yqjC_predicted,1.8888888888888888,76,26,GGTAAGACTGTTCAGAAATA,50,5190854
yqjE_yqjK_yqjD_yqjC_predicted,0.6296296296296297,42,26,GGGTTAACTTGCGGATCCTT,16,5250691
yqjE_yqjK_yqjD_yqjC_predicted,1.1851851851851851,57,26,GGGAACTCGACAGCGACCAT,31,5215315
yqjE_yqjK_yqjD_yqjC_predicted,0.8148148148148148,47,26,GGCGCAGTGTATACACCACT,21,5191132
yqjE_yqjK_yqjD_yqjC_predicted,0.9629629629629629,51,26,GGCGACTTATCTGCAATGCT,25,5229504
yqjE_yqjK_yqjD_yqjC_predicted,0.4444444444444444,37,26,GGCCTGAATTCTAAACCCAA,11,5211137
yqjE_yqjK_yqjD_yqjC_predicted,1.6666666666666667,70,26,GGCACTGTAACTGGCTCGCT,44,5195267
yqjE_yqjK_yqjD_yqjC_predicted,0.8148148148148148,47,26,GGATCAATTGGCGCCAGTGT,21,5201331
yqjE_yqjK_yqjD_yqjC_predicted,1.3703703703703705,62,26,GGAGGGTATTTGTTAAGAGA,36,5173231
yqjE_yqjK_yqjD_yqjC_predicted,0.6666666666666666,43,26,GCTGAACGCGCCCAAACAGT,17,5230758
yqjE_yqjK_yqjD_yqjC_predicted,0.48148148148148145,38,26,GCTCTCTATTTATCTAGGTC,12,5219259
yqjE_yqjK_yqjD_yqjC_predicted,0.37037037037037035,35,26,GCGGACTTAACGGCTGGGTT,9,5239861
yqjE_yqjK_yqjD_yqjC_predicted,0.37037037037037035,35,26,GCCGGATTGAAGCCAGTCGT,9,5176453
yqjE_yqjK_yqjD_yqjC_predicted,0.2222222222222222,31,26,GCCGCACTGGTCATATTTAC,5,5241115
yqjE_yqjK_yqjD_yqjC_predicted,0.5925925925925926,41,26,GCCCTTATTTACATTACGGA,15,5180442
yqjE_yqjK_yqjD_yqjC_predicted,0.25925925925925924,32,26,GCCCACGCTATCTAGCATGC,6,5187616
yqjE_yqjK_yqjD_yqjC_predicted,0.2962962962962963,33,26,GCATTGGGACCCATACCTCA,7,5248127
yqjE_yqjK_yqjD_yqjC_predicted,0.2962962962962963,33,26,GCACACAGACGGGCTGCTTG,7,5234670
yqjE_yqjK_yqjD_yqjC_predicted,0.37037037037037035,35,26,GATCCTGTTCGATGAATTGT,9,5174640
yqjE_yqjK_yqjD_yqjC_predicted,0.18518518518518517,30,26,GAGCGTCACGTACTACATGT,4,5247385
yqjE_yqjK_yqjD_yqjC_predicted,0.37037037037037035,35,26,GAGATCCTATGACCGTAAAA,9,5216921
yqjE_yqjK_yqjD_yqjC_predicted,1.0,52,26,GACTCACTCCCTTCTCGTTA,26,5235830
yqjE_yqjK_yqjD_yqjC_predicted,0.7777777777777778,46,26,GACGTGTAGCGCATCGTGGA,20,5189403
yqjE_yqjK_yqjD_yqjC_predicted,0.2222222222222222,31,26,GAATAGTTCTCACAGCCCGC,5,5179000
yqjE_yqjK_yqjD_yqjC_predicted,0.3333333333333333,34,26,GAAGAGGGCAAGATGTTACT,8,5203877
yqjE_yqjK_yqjD_yqjC_predicted,1.037037037037037,53,26,GAAAAATAATACGTCCCTGA,27,5198416
yqjE_yqjK_yqjD_yqjC_predicted,0.8148148148148148,47,26,CTTAAGTGAGTACGTCCTAC,21,5234790
yqjE_yqjK_yqjD_yqjC_predicted,0.5925925925925926,41,26,CTGCTAGCTGAGTCTTACTG,15,5258943
yqjE_yqjK_yqjD_yqjC_predicted,0.4074074074074074,36,26,CTGATCAGTGGCAAATGCAA,10,5224901
yqjE_yqjK_yqjD_yqjC_predicted,0.07407407407407407,27,26,CTCCTTTCCGCAGATGGTAG,1,5176469
yqjE_yqjK_yqjD_yqjC_predicted,0.8148148148148148,47,26,CTATCGAAACGAGCTTATCA,21,5230426
yqjE_yqjK_yqjD_yqjC_predicted,0.25925925925925924,32,26,CTATAGGAGAGCAGTGGGGA,6,5201034
yqjE_yqjK_yqjD_yqjC_predicted,0.4074074074074074,36,26,CGTCCGTGACCTCAGATTAA,10,5211486
yqjE_yqjK_yqjD_yqjC_predicted,0.4444444444444444,37,26,CGGCGTTAGTCTACGAACAC,11,5217526
yqjE_yqjK_yqjD_yqjC_predicted,0.8888888888888888,49,26,CGGCACCGATGTCGGTCAAT,23,5208094
yqjE_yqjK_yqjD_yqjC_predicted,0.7037037037037037,44,26,CGGATCTGTGAAGGTCCCTT,18,5175945
yqjE_yqjK_yqjD_yqjC_predicted,0.6296296296296297,42,26,CGCTTTACCTCAGGATTAGA,16,5222374
yqjE_yqjK_yqjD_yqjC_predicted,0.6296296296296297,42,26,CGCGAGGTATGTCTCGGACT,16,5191560
yqjE_yqjK_yqjD_yqjC_predicted,0.37037037037037035,35,26,CGATTGCCCGTTCGAGAATC,9,5218034
yqjE_yqjK_yqjD_yqjC_predicted,0.2222222222222222,31,26,CGAGTGGAAAGATCAAGTAT,5,5186774
yqjE_yqjK_yqjD_yqjC_predicted,0.5185185185185185,39,26,CGAGTAAAGGAAGATGCTTA,13,5218433
yqjE_yqjK_yqjD_yqjC_predicted,0.7407407407407407,45,26,CCTTCGATCCGCACGAGATT,19,5176326
yqjE_yqjK_yqjD_yqjC_predicted,1.0740740740740742,54,26,CCTCAATGCCTGGCCCTGAT,28,5213107
yqjE_yqjK_yqjD_yqjC_predicted,0.18518518518518517,30,26,CCTAACGGATATTGGAATAG,4,5186775
yqjE_yqjK_yqjD_yqjC_predicted,7.2592592592592595,221,26,CCGGCCTCTACCTACGATGT,195,5188596
yqjE_yqjK_yqjD_yqjC_predicted,1.037037037037037,53,26,CCCGGCACGGTAAACGCACT,27,5244185
yqjE_yqjK_yqjD_yqjC_predicted,0.8148148148148148,47,26,CCCCGCGCAACAAGTTGGAA,21,5214140
yqjE_yqjK_yqjD_yqjC_predicted,0.37037037037037035,35,26,CCCAATTCTAGGTTACCCAA,9,5186173
yqjE_yqjK_yqjD_yqjC_predicted,0.5555555555555556,40,26,CCATTAGAGCCACGGAGGGT,14,5254039
yqjE_yqjK_yqjD_yqjC_predicted,0.5925925925925926,41,26,CCATGGTATTATGCACATAC,15,5192614
yqjE_yqjK_yqjD_yqjC_predicted,0.1111111111111111,28,26,CCAGCACTTATAGGGTCCAC,2,5187686
yqjE_yqjK_yqjD_yqjC_predicted,0.07407407407407407,27,26,CCAAGACCGTTGGGGAACAG,1,5248489
yqjE_yqjK_yqjD_yqjC_predicted,0.5185185185185185,39,26,CCAACGGTAACCAATCACGT,13,5249799
yqjE_yqjK_yqjD_yqjC_predicted,0.4444444444444444,37,26,CATTTGCTACCATACATGCT,11,5247620
yqjE_yqjK_yqjD_yqjC_predicted,1.1111111111111112,55,26,CATTTATCCATTTAGCGCAG,29,5219856
yqjE_yqjK_yqjD_yqjC_predicted,0.1111111111111111,28,26,CATATCCAGCGGGCGCGGAC,2,5220620
yqjE_yqjK_yqjD_yqjC_predicted,1.2962962962962963,60,26,CAGCCGACGCTACTATTTAC,34,5246494
yqjE_yqjK_yqjD_yqjC_predicted,0.6296296296296297,42,26,CAGCAACCACTCGACCAGTT,16,5230566
yqjE_yqjK_yqjD_yqjC_predicted,1.1851851851851851,57,26,ATTTCCCCTTCCGTGAAAGT,31,5225245
yqjE_yqjK_yqjD_yqjC_predicted,1.037037037037037,53,26,ATGGATGCCAGAGTATGCGA,27,5224464
yqjE_yqjK_yqjD_yqjC_predicted,0.07407407407407407,27,26,ATGAAGTTTCTCACCGTCGT,1,5205946
yqjE_yqjK_yqjD_yqjC_predicted,0.2962962962962963,33,26,ATCTTACTCTTGGACGCGAT,7,5191573
yqjE_yqjK_yqjD_yqjC_predicted,0.37037037037037035,35,26,ATCCTCTAGTCCCACGCGCA,9,5249472
yqjE_yqjK_yqjD_yqjC_predicted,0.8148148148148148,47,26,ATCACTGACGTAGTGGCGAT,21,5249526
yqjE_yqjK_yqjD_yqjC_predicted,0.6666666666666666,43,26,ATATTGGTCTTCAGTTGCGG,17,5181143
yqjE_yqjK_yqjD_yqjC_predicted,1.4074074074074074,63,26,ATAGTCGTCAGTAAATAAGT,37,5172565
yqjE_yqjK_yqjD_yqjC_predicted,2.5555555555555554,94,26,ATACGTTCAGCCTGTCTATT,68,5181901
yqjE_yqjK_yqjD_yqjC_predicted,1.4444444444444444,64,26,AGTGGGCTGAAAGTGCGACT,38,5226583
yqjE_yqjK_yqjD_yqjC_predicted,0.6666666666666666,43,26,AGATCCTAACTTTCCGGTCT,17,5182502
yqjE_yqjK_yqjD_yqjC_predicted,0.4074074074074074,36,26,AGAGGGACACTGCACGGGAA,10,5220038
yqjE_yqjK_yqjD_yqjC_predicted,0.14814814814814814,29,26,AGACCTCATTTCAATAGCCC,3,5184201
yqjE_yqjK_yqjD_yqjC_predicted,0.48148148148148145,38,26,ACTCTTAAATGAATTTGACA,12,5231213
yqjE_yqjK_yqjD_yqjC_predicted,0.9629629629629629,51,26,ACGGTTCCGACACAGTGCTC,25,5185169
yqjE_yqjK_yqjD_yqjC_predicted,0.5555555555555556,40,26,ACGGCGTAGCCTTTAGGCTA,14,5198629
yqjE_yqjK_yqjD_yqjC_predicted,0.4074074074074074,36,26,ACGATGCTCTGCGAGTTAGC,10,5204269
yqjE_yqjK_yqjD_yqjC_predicted,0.1111111111111111,28,26,ACGATCAATCATTAGGACAT,2,5203038
yqjE_yqjK_yqjD_yqjC_predicted,0.18518518518518517,30,26,ACCGGGATCATCAGCATATG,4,5195418
yqjE_yqjK_yqjD_yqjC_predicted,1.6666666666666667,70,26,AATTTTTTAACATCAGACAT,44,5208576
yqjE_yqjK_yqjD_yqjC_predicted,0.07407407407407407,27,26,AAGCTCGCGCCTGCCCGATA,1,5208891
yqjE_yqjK_yqjD_yqjC_predicted,0.18518518518518517,30,26,AACCTCACGGCAGGAAACGC,4,5203323
yqjE_yqjK_yqjD_yqjC_predicted,0.46153846153846156,36,25,TTTTCTGAGTTGGGGTTCGT,11,5227730
yqjE_yqjK_yqjD_yqjC_predicted,0.46153846153846156,36,25,TTTATTCGATCTCCGCAATG,11,5216017
yqjE_yqjK_yqjD_yqjC_predicted,0.5384615384615384,38,25,TTGTAGTTCCCGGTGCTAAA,13,5198025
yqjE_yqjK_yqjD_yqjC_predicted,0.8076923076923077,45,25,TTGGGCATGAAAGTGAGTGT,20,5183867
yqjE_yqjK_yqjD_yqjC_predicted,0.34615384615384615,33,25,TTGGACAAATTCTCGTATAT,8,5220352
yqjE_yqjK_yqjD_yqjC_predicted,0.9615384615384616,49,25,TTCTGCCGTGGGGTATCAGT,24,5231160
yqjE_yqjK_yqjD_yqjC_predicted,0.5,37,25,TTATGCTACAATGGGATCAA,12,5184958
yqjE_yqjK_yqjD_yqjC_predicted,0.07692307692307693,26,25,TGGTCTGCCTGTCCCTTGTT,1,5196656
yqjE_yqjK_yqjD_yqjC_predicted,0.19230769230769232,29,25,TGGTAAGTCAGCAGCGTTTA,4,5247332
yqjE_yqjK_yqjD_yqjC_predicted,1.1538461538461537,54,25,TGGGTCGCCTCCCCCGAGTT,29,5197880
yqjE_yqjK_yqjD_yqjC_predicted,1.1153846153846154,53,25,TGGATGCAACACGACGTGGG,28,5212119
yqjE_yqjK_yqjD_yqjC_predicted,0.5,37,25,TGCGATCTGAGGGACGGACT,12,5196968
yqjE_yqjK_yqjD_yqjC_predicted,0.7692307692307693,44,25,TGCATCGTACTTATTAAGAA,19,5195572
yqjE_yqjK_yqjD_yqjC_predicted,0.07692307692307693,26,25,TGATGCGCCCTGCATTGCTA,1,5179855
yqjE_yqjK_yqjD_yqjC_predicted,0.8076923076923077,45,25,TGATCAAGCCACTTCACTTC,20,5260107
yqjE_yqjK_yqjD_yqjC_predicted,0.9615384615384616,49,25,TCTTCCATGGAACAGTGTCG,24,5245720
yqjE_yqjK_yqjD_yqjC_predicted,0.9615384615384616,49,25,TCGGTCCTTTCGGGATTACG,24,5210561
yqjE_yqjK_yqjD_yqjC_predicted,0.9230769230769231,48,25,TCCTCTCATACGAACCACTA,23,5255815
yqjE_yqjK_yqjD_yqjC_predicted,0.11538461538461539,27,25,TCCTCATGGCGGAACACAAA,2,5223337
yqjE_yqjK_yqjD_yqjC_predicted,0.11538461538461539,27,25,TCCGTTGTCGGTCATGGCGA,2,5251003
yqjE_yqjK_yqjD_yqjC_predicted,0.46153846153846156,36,25,TCCAGAGGCCATGTGGTCCT,11,5241947
yqjE_yqjK_yqjD_yqjC_predicted,0.38461538461538464,34,25,TCACCACGAAATGAGCAAAT,9,5190475
yqjE_yqjK_yqjD_yqjC_predicted,0.34615384615384615,33,25,TATCCCTACAGCCGCTGGCT,8,5236187
yqjE_yqjK_yqjD_yqjC_predicted,1.2307692307692308,56,25,TAGTGTGTTCATCCTCCAAC,31,5215502
yqjE_yqjK_yqjD_yqjC_predicted,0.5769230769230769,39,25,TAGCGGGTTTAACCATGAGT,14,5205674
yqjE_yqjK_yqjD_yqjC_predicted,0.9615384615384616,49,25,TAGATATTGAGCTGGAACCT,24,5211789
yqjE_yqjK_yqjD_yqjC_predicted,0.5,37,25,TAGATAAGATAGCAAAGACA,12,5170946
yqjE_yqjK_yqjD_yqjC_predicted,0.7307692307692307,43,25,TAGAGGGATAGGGCAGGGTA,18,5238897
yqjE_yqjK_yqjD_yqjC_predicted,0.5769230769230769,39,25,TAGACTAGGTGGATAATGAG,14,5182066
yqjE_yqjK_yqjD_yqjC_predicted,0.6538461538461539,41,25,TACGTCGCCCTAGCGGCGCG,16,5216664
yqjE_yqjK_yqjD_yqjC_predicted,0.15384615384615385,28,25,TACAGAATAATCGGGCTGAT,3,5250743
yqjE_yqjK_yqjD_yqjC_predicted,0.8846153846153846,47,25,TAAGTGACGCGGAAAGCGTT,22,5194694
yqjE_yqjK_yqjD_yqjC_predicted,0.15384615384615385,28,25,TAACGTAACAGTACCATCAG,3,5221317
yqjE_yqjK_yqjD_yqjC_predicted,0.5384615384615384,38,25,GTTTGGTCACTCACGTCCAA,13,5239724
yqjE_yqjK_yqjD_yqjC_predicted,0.5384615384615384,38,25,GTTTGAGCATGAGTTCTGGC,13,5201696
yqjE_yqjK_yqjD_yqjC_predicted,0.15384615384615385,28,25,GTTGGCAGGGAGTCTCGATG,3,5248282
yqjE_yqjK_yqjD_yqjC_predicted,0.38461538461538464,34,25,GTTCCACTTAAATTCCCTCT,9,5173616
yqjE_yqjK_yqjD_yqjC_predicted,0.7307692307692307,43,25,GTTAATGTATTGTCCAGATC,18,5214597
yqjE_yqjK_yqjD_yqjC_predicted,0.23076923076923078,30,25,GTGCTCTCATCGTATAAAAA,5,5238774
yqjE_yqjK_yqjD_yqjC_predicted,0.19230769230769232,29,25,GTGCAATCACATAAGTCAGG,4,5215185
yqjE_yqjK_yqjD_yqjC_predicted,1.4615384615384615,62,25,GTCCGGTCGGATAATATTAT,37,5187965
yqjE_yqjK_yqjD_yqjC_predicted,1.0769230769230769,52,25,GTCCCTCTGCCCATATGTAA,27,5230748
yqjE_yqjK_yqjD_yqjC_predicted,0.6153846153846154,40,25,GTATATGTAGCGTTGTGGAA,15,5176318
yqjE_yqjK_yqjD_yqjC_predicted,1.1923076923076923,55,25,GTACTTTGTAACATCCGAGT,30,5200876
yqjE_yqjK_yqjD_yqjC_predicted,0.11538461538461539,27,25,GTACCTTAATGCTTTGGGCT,2,5194122
yqjE_yqjK_yqjD_yqjC_predicted,0.8461538461538461,46,25,GGTTAGCCGAGGCGCTTGAG,21,5233907
yqjE_yqjK_yqjD_yqjC_predicted,0.5384615384615384,38,25,GGTGGTGCGCCCAACCTTAC,13,5205197
yqjE_yqjK_yqjD_yqjC_predicted,1.0384615384615385,51,25,GGTGCCTAGAACCAATTGTT,26,5182944
yqjE_yqjK_yqjD_yqjC_predicted,0.19230769230769232,29,25,GGTAACGCTCAGATCCGTGA,4,5187679
yqjE_yqjK_yqjD_yqjC_predicted,0.23076923076923078,30,25,GGTAAATCAAAGGCAGTAAG,5,5192885
yqjE_yqjK_yqjD_yqjC_predicted,0.23076923076923078,30,25,GGGTGCCTTTGGAATATGTA,5,5234094
yqjE_yqjK_yqjD_yqjC_predicted,0.3076923076923077,32,25,GGGGAGTCCTTGTCGCGCTG,7,5198148
yqjE_yqjK_yqjD_yqjC_predicted,0.5,37,25,GGCTCCCAGCTTCTCCGAGT,12,5250093
yqjE_yqjK_yqjD_yqjC_predicted,0.46153846153846156,36,25,GGCGACCCTCGTATCACAAC,11,5206384
yqjE_yqjK_yqjD_yqjC_predicted,1.1923076923076923,55,25,GGATTTATTGCGTATATTGT,30,5233383
yqjE_yqjK_yqjD_yqjC_predicted,0.19230769230769232,29,25,GGAGCCTGGATACCTTCGGT,4,5187676
yqjE_yqjK_yqjD_yqjC_predicted,0.8076923076923077,45,25,GCTTGATCTGGCAGGACCCT,20,5227709
yqjE_yqjK_yqjD_yqjC_predicted,1.4230769230769231,61,25,GCTTACCTTAGGTCCCCCTT,36,5254301
yqjE_yqjK_yqjD_yqjC_predicted,0.8461538461538461,46,25,GCGTGTTCATTGTACGTTCC,21,5251827
yqjE_yqjK_yqjD_yqjC_predicted,0.5,37,25,GCGGATTAGTCGCTTGAACC,12,5234540
yqjE_yqjK_yqjD_yqjC_predicted,0.9230769230769231,48,25,GCGAGGGGTTGGCGTTGCGC,23,5219662
yqjE_yqjK_yqjD_yqjC_predicted,0.19230769230769232,29,25,GCCCCCCGTGGAAGAGCCTT,4,5261471
yqjE_yqjK_yqjD_yqjC_predicted,0.4230769230769231,35,25,GCCAGCCCGGACTGGGCAAG,10,5255410
yqjE_yqjK_yqjD_yqjC_predicted,1.2692307692307692,57,25,GCAACAAGGATATGCCCCGT,32,5214683
yqjE_yqjK_yqjD_yqjC_predicted,0.9230769230769231,48,25,GATTTGGCCAAAATTTTTAG,23,5238139
yqjE_yqjK_yqjD_yqjC_predicted,0.19230769230769232,29,25,GATTCTGGTCACCTGCCGGG,4,5230892
yqjE_yqjK_yqjD_yqjC_predicted,0.4230769230769231,35,25,GATCTCGGAACCAGACGTAT,10,5203621
yqjE_yqjK_yqjD_yqjC_predicted,0.7307692307692307,43,25,GATACGCGTCCGGGTTTTTG,18,5243647
yqjE_yqjK_yqjD_yqjC_predicted,1.2692307692307692,57,25,GAGTCTCGTAGCCCACCGGT,32,5247318
yqjE_yqjK_yqjD_yqjC_predicted,0.38461538461538464,34,25,GAGGGCTCGATGTGTCGCGC,9,5246562
yqjE_yqjK_yqjD_yqjC_predicted,1.0384615384615385,51,25,GAAGCAGGCCTGTTCGATTC,26,5202803
yqjE_yqjK_yqjD_yqjC_predicted,0.07692307692307693,26,25,GAACGGGCTTACGGACCGGT,1,5227139
yqjE_yqjK_yqjD_yqjC_predicted,0.5769230769230769,39,25,GAAAAGTTCATCTCACAAGC,14,5196253
yqjE_yqjK_yqjD_yqjC_predicted,0.46153846153846156,36,25,CTTTCTAGGGTAAACCGTTA,11,5220180
yqjE_yqjK_yqjD_yqjC_predicted,2.076923076923077,78,25,CTTGACTTGCTGAGCAACTT,53,5209401
yqjE_yqjK_yqjD_yqjC_predicted,0.19230769230769232,29,25,CTTGAAACCGCGCCGAGTTA,4,5226747
yqjE_yqjK_yqjD_yqjC_predicted,0.7307692307692307,43,25,CTCTTAGGGTATATCGTATT,18,5226581
yqjE_yqjK_yqjD_yqjC_predicted,0.19230769230769232,29,25,CTCCGGCGCTTAGTTCCGCA,4,5244033
yqjE_yqjK_yqjD_yqjC_predicted,0.3076923076923077,32,25,CTCCGCCGTTAGCGTAGGGT,7,5204847
yqjE_yqjK_yqjD_yqjC_predicted,0.6923076923076923,42,25,CTAGCACGGGAAAGAATCCT,17,5238959
yqjE_yqjK_yqjD_yqjC_predicted,1.5,63,25,CGTTGTCGGACGCGTGGAAA,38,5244876
yqjE_yqjK_yqjD_yqjC_predicted,0.11538461538461539,27,25,CGTAGTCACGAAGGGTCACG,2,5203622
yqjE_yqjK_yqjD_yqjC_predicted,1.3846153846153846,60,25,CGGTTCTAACACGTGGAATA,35,5210173
yqjE_yqjK_yqjD_yqjC_predicted,0.5769230769230769,39,25,CGGTCCTCGGAGGCATCAGA,14,5224560
yqjE_yqjK_yqjD_yqjC_predicted,0.7307692307692307,43,25,CGGTCCTCACATAGCGTTAA,18,5209296
yqjE_yqjK_yqjD_yqjC_predicted,1.0,50,25,CGGTCAAGTTTTTAGGAATG,25,5198999
yqjE_yqjK_yqjD_yqjC_predicted,0.11538461538461539,27,25,CGGTAAATATGGAAACTCCG,2,5261256
yqjE_yqjK_yqjD_yqjC_predicted,0.07692307692307693,26,25,CGGCTTGACGTCTCGTCGAA,1,5252583
yqjE_yqjK_yqjD_yqjC_predicted,0.15384615384615385,28,25,CGGCCATGTGAGCACTCGAT,3,5245236
yqjE_yqjK_yqjD_yqjC_predicted,0.6923076923076923,42,25,CGGACCGTGCGCGAGTATAG,17,5259214
yqjE_yqjK_yqjD_yqjC_predicted,0.3076923076923077,32,25,CGCTATCTGGCCCAAACAGT,7,5180882
yqjE_yqjK_yqjD_yqjC_predicted,0.6153846153846154,40,25,CGCTACTCCTTAGTAATCTC,15,5217703
yqjE_yqjK_yqjD_yqjC_predicted,0.07692307692307693,26,25,CGATGGGCGACCAGTGGCGA,1,5177385
yqjE_yqjK_yqjD_yqjC_predicted,0.07692307692307693,26,25,CCTTTTTAGATGAACCGTTT,1,5195270
yqjE_yqjK_yqjD_yqjC_predicted,1.3461538461538463,59,25,CCTCTTTAGGGGCAGTAGCC,34,5244689
yqjE_yqjK_yqjD_yqjC_predicted,0.8461538461538461,46,25,CCTCAAGTGAGCCATATACT,21,5235886
yqjE_yqjK_yqjD_yqjC_predicted,0.3076923076923077,32,25,CCTAGGACCACTCCGACGTT,7,5239487
yqjE_yqjK_yqjD_yqjC_predicted,0.2692307692307692,31,25,CCGCAGCCCGGAACGGTTAA,6,5192946
yqjE_yqjK_yqjD_yqjC_predicted,0.5769230769230769,39,25,CCCTGCCTCCTAAAAAGGTA,14,5247423
yqjE_yqjK_yqjD_yqjC_predicted,0.23076923076923078,30,25,CCCGTTCGTGGTGACATTGG,5,5202800
yqjE_yqjK_yqjD_yqjC_predicted,0.6153846153846154,40,25,CCCACGAAGCCCTTTAGAAA,15,5184115
yqjE_yqjK_yqjD_yqjC_predicted,0.23076923076923078,30,25,CATGGTCTAGCTTCCGCTTC,5,5187678
yqjE_yqjK_yqjD_yqjC_predicted,0.4230769230769231,35,25,CAGGAGTCCGGTCTGATGCA,10,5179466
yqjE_yqjK_yqjD_yqjC_predicted,0.5769230769230769,39,25,CAGATTTGCTCGGGGATTGG,14,5251609
yqjE_yqjK_yqjD_yqjC_predicted,0.8461538461538461,46,25,CAGATCCAGGGTGACGGTGA,21,5190427
yqjE_yqjK_yqjD_yqjC_predicted,0.8461538461538461,46,25,CACTTCGGTGTGCACTTAAT,21,5253428
yqjE_yqjK_yqjD_yqjC_predicted,0.4230769230769231,35,25,CACTATCCCCGTATCGTCAT,10,5259922
yqjE_yqjK_yqjD_yqjC_predicted,0.5384615384615384,38,25,CACGTGCCTCTAGCGCAATT,13,5200223
yqjE_yqjK_yqjD_yqjC_predicted,1.4230769230769231,61,25,CACGGCTCCTAACTGCAGGT,36,5238006
yqjE_yqjK_yqjD_yqjC_predicted,4.115384615384615,131,25,CAACGTTGGGCCAACGTGGT,106,5249046
yqjE_yqjK_yqjD_yqjC_predicted,0.8846153846153846,47,25,ATTATCGGCATTTCACAAGG,22,5202753
yqjE_yqjK_yqjD_yqjC_predicted,0.5,37,25,ATGTCTTTATGTTAGTACTG,12,5233251
yqjE_yqjK_yqjD_yqjC_predicted,0.34615384615384615,33,25,ATGGCTTTACGTTAGATCCT,8,5215791
yqjE_yqjK_yqjD_yqjC_predicted,0.2692307692307692,31,25,ATGACGCCCCGCACGGTCTT,6,5246153
yqjE_yqjK_yqjD_yqjC_predicted,1.1153846153846154,53,25,ATCTCCCCTGCAGTGGCGAA,28,5208292
yqjE_yqjK_yqjD_yqjC_predicted,0.5,37,25,ATCTAACGGCCACTGTGATG,12,5191712
yqjE_yqjK_yqjD_yqjC_predicted,0.5,37,25,ATCGGAGGAATCCCTGCTGA,12,5183247
yqjE_yqjK_yqjD_yqjC_predicted,0.6538461538461539,41,25,ATCGCTTTGGATGTTGAGGT,16,5175687
yqjE_yqjK_yqjD_yqjC_predicted,1.1538461538461537,54,25,AGTGTGAGGCAAGGGCATTC,29,5177039
yqjE_yqjK_yqjD_yqjC_predicted,0.23076923076923078,30,25,AGGGTTTCGAAGAATAGTAA,5,5222327
yqjE_yqjK_yqjD_yqjC_predicted,2.0,76,25,AGGCGATATAGAGTATGAGC,51,5232715
yqjE_yqjK_yqjD_yqjC_predicted,0.11538461538461539,27,25,AGGATTTCAAGACCCCAGTA,2,5188341
yqjE_yqjK_yqjD_yqjC_predicted,0.07692307692307693,26,25,AGCCGCATCCAACCGCACGA,1,5199524
yqjE_yqjK_yqjD_yqjC_predicted,1.0,50,25,AGCCACGCATATCGCTACCA,25,5183442
yqjE_yqjK_yqjD_yqjC_predicted,1.4615384615384615,62,25,AGCCAACTGGTTTGAGCACT,37,5239090
yqjE_yqjK_yqjD_yqjC_predicted,0.8461538461538461,46,25,AGAAGAGTAAGGCACTCCGC,21,5213616
yqjE_yqjK_yqjD_yqjC_predicted,0.2692307692307692,31,25,ACGCGAGCCCTGCATCTGCG,6,5188531
yqjE_yqjK_yqjD_yqjC_predicted,0.2692307692307692,31,25,ACGCACGTAAGCCACCCTTG,6,5203667
yqjE_yqjK_yqjD_yqjC_predicted,0.34615384615384615,33,25,ACCGGGGTCCCGTTTACCAT,8,5221762
yqjE_yqjK_yqjD_yqjC_predicted,0.8076923076923077,45,25,ACCGACCAAACAATTTATTC,20,5262055
yqjE_yqjK_yqjD_yqjC_predicted,0.6538461538461539,41,25,ACATGCATCAGCCGTTATTG,16,5176142
yqjE_yqjK_yqjD_yqjC_predicted,0.5,37,25,ACAGCCAAAGCAATCAGTAG,12,5195673
yqjE_yqjK_yqjD_yqjC_predicted,0.3076923076923077,32,25,ACAATGATCGCCCAACGCTT,7,5229551
yqjE_yqjK_yqjD_yqjC_predicted,0.15384615384615385,28,25,AATGTCTTACAAATAGAGAG,3,5189715
yqjE_yqjK_yqjD_yqjC_predicted,0.6538461538461539,41,25,AAGTTATATATTGGTGAGTT,16,5237071
yqjE_yqjK_yqjD_yqjC_predicted,1.5769230769230769,65,25,AAGGTCGAACATAATCACAT,40,5186471
yqjE_yqjK_yqjD_yqjC_predicted,0.23076923076923078,30,25,AAGGTCACAAGGTGTGTTAA,5,5252698
yqjE_yqjK_yqjD_yqjC_predicted,0.3076923076923077,32,25,AAGCTTCGAGAAACTTAACG,7,5224354
yqjE_yqjK_yqjD_yqjC_predicted,0.3076923076923077,32,25,AAGCCGGCCTGATGAATATG,7,5214095
yqjE_yqjK_yqjD_yqjC_predicted,0.19230769230769232,29,25,AAGCAGACAGGTAAAGAAGT,4,5250024
yqjE_yqjK_yqjD_yqjC_predicted,0.07692307692307693,26,25,AAGACTATAACGTGAGTGCT,1,5243426
yqjE_yqjK_yqjD_yqjC_predicted,0.38461538461538464,34,25,AAAATCTTGTACTGAATTGG,9,5221016
yqjE_yqjK_yqjD_yqjC_predicted,1.64,64,24,TTGGACATGACTGTGATACA,40,5229967
yqjE_yqjK_yqjD_yqjC_predicted,0.32,31,24,TTGCCAACACGACCCAGCGT,7,5173295
yqjE_yqjK_yqjD_yqjC_predicted,0.44,34,24,TTCGCTGGACCTGCCCGTAG,10,5261831
yqjE_yqjK_yqjD_yqjC_predicted,0.48,35,24,TTCGAAGTAAATAGTCGTGT,11,5234350
yqjE_yqjK_yqjD_yqjC_predicted,1.56,62,24,TTAGCACTCAATTGTCGCGT,38,5206299
yqjE_yqjK_yqjD_yqjC_predicted,0.96,47,24,TTAGACTACGCCTAAAATAC,23,5229838
yqjE_yqjK_yqjD_yqjC_predicted,1.2,53,24,TTACTCTGTCTAGTACCTAT,29,5216132
yqjE_yqjK_yqjD_yqjC_predicted,2.28,80,24,TGTAACCGAGGTAACGGCTC,56,5227200
yqjE_yqjK_yqjD_yqjC_predicted,0.52,36,24,TGGCACTAAATAGTCTTCTA,12,5174746
yqjE_yqjK_yqjD_yqjC_predicted,0.08,25,24,TGGAGTGTGAAAAATGTTTT,1,5182958
yqjE_yqjK_yqjD_yqjC_predicted,0.76,42,24,TGCCATTCCACCTCGCAATT,18,5201061
yqjE_yqjK_yqjD_yqjC_predicted,0.52,36,24,TGCCATGCCCAATAAAGTAA,12,5262007
yqjE_yqjK_yqjD_yqjC_predicted,12.04,324,24,TGATGGATATACTAGATAAA,300,5220749
yqjE_yqjK_yqjD_yqjC_predicted,0.48,35,24,TGATAATGACGTTTGGCTAT,11,5237663
yqjE_yqjK_yqjD_yqjC_predicted,1.68,65,24,TGACTCCGAAACGCGGATCC,41,5194619
yqjE_yqjK_yqjD_yqjC_predicted,0.2,28,24,TGAACATCGTAAGTACAAAA,4,5207110
yqjE_yqjK_yqjD_yqjC_predicted,0.96,47,24,TCTGTTCATAGCCCCTTTGT,23,5249376
yqjE_yqjK_yqjD_yqjC_predicted,0.2,28,24,TCTAGAAGGTCAGCTCCCAC,4,5215504
yqjE_yqjK_yqjD_yqjC_predicted,0.76,42,24,TCGTTACAGAAAAAGTCGTC,18,5247325
yqjE_yqjK_yqjD_yqjC_predicted,0.4,33,24,TCGTGGGGCTATAGTATGTG,9,5170821
yqjE_yqjK_yqjD_yqjC_predicted,0.12,26,24,TCGGGGGACATGAGGTGTGG,2,5238462
yqjE_yqjK_yqjD_yqjC_predicted,0.12,26,24,TCGAATCGGCCATAATGGGA,2,5176234
yqjE_yqjK_yqjD_yqjC_predicted,0.28,30,24,TCCCGTTACTCGGACATTAT,6,5234438
yqjE_yqjK_yqjD_yqjC_predicted,0.24,29,24,TCCCCGCCCGGCCCTCCTAT,5,5242931
yqjE_yqjK_yqjD_yqjC_predicted,0.8,43,24,TCATGTTGATTCGATACACT,19,5254054
yqjE_yqjK_yqjD_yqjC_predicted,0.84,44,24,TCATGAAAACGCTCTCGTGG,20,5254339
yqjE_yqjK_yqjD_yqjC_predicted,0.44,34,24,TCAGTTAAGGTAAAACTCAA,10,5181732
yqjE_yqjK_yqjD_yqjC_predicted,0.6,38,24,TCAGGGGCAGCAGCCAGAGT,14,5204833
yqjE_yqjK_yqjD_yqjC_predicted,0.08,25,24,TCAGAGGTTCCGTCCTGTGC,1,5251438
yqjE_yqjK_yqjD_yqjC_predicted,1.24,54,24,TCACAACTTTCTATTGACAT,30,5227786
yqjE_yqjK_yqjD_yqjC_predicted,0.16,27,24,TATGAAATGGCTACAACCTA,3,5179529
yqjE_yqjK_yqjD_yqjC_predicted,1.12,51,24,TACTTCGGACCAAATCTTTA,27,5217176
yqjE_yqjK_yqjD_yqjC_predicted,1.2,53,24,TACTTATCGATGAGGCGTAT,29,5253942
yqjE_yqjK_yqjD_yqjC_predicted,0.32,31,24,TACTCACGGTTGCGATATCT,7,5203637
yqjE_yqjK_yqjD_yqjC_predicted,0.72,41,24,TACGAGGGTATACATAGAGG,17,5236664
yqjE_yqjK_yqjD_yqjC_predicted,1.36,57,24,TACATCACACTCGACCCCGT,33,5252190
yqjE_yqjK_yqjD_yqjC_predicted,0.68,40,24,TAAGATAGGTCAGCGAAGCA,16,5182546
yqjE_yqjK_yqjD_yqjC_predicted,0.32,31,24,TAAATTAAGTACTGGGATGA,7,5250740
yqjE_yqjK_yqjD_yqjC_predicted,1.32,56,24,GTTGGGGAGGCATCAAAAAG,32,5241529
yqjE_yqjK_yqjD_yqjC_predicted,1.76,67,24,GTTCCGTGAGAGGTCCATTA,43,5219096
yqjE_yqjK_yqjD_yqjC_predicted,1.12,51,24,GTTCCAGTGAAAAGCACGTC,27,5257533
yqjE_yqjK_yqjD_yqjC_predicted,0.16,27,24,GTGTCACGCCAACGTCCCGA,3,5253012
yqjE_yqjK_yqjD_yqjC_predicted,2.08,75,24,GTCCGGCTTAAGCTTTAGAC,51,5233872
yqjE_yqjK_yqjD_yqjC_predicted,0.2,28,24,GTCATTCTACTTGTTACTTG,4,5194750
yqjE_yqjK_yqjD_yqjC_predicted,0.28,30,24,GTATGGGGTCGTCTGTAGCG,6,5186086
yqjE_yqjK_yqjD_yqjC_predicted,0.44,34,24,GTAGGCACCACTGACGTGAT,10,5210557
yqjE_yqjK_yqjD_yqjC_predicted,0.68,40,24,GTACGCATCACTTGTAGTGC,16,5203924
yqjE_yqjK_yqjD_yqjC_predicted,0.08,25,24,GGTAATAGGGCGGTGACGAG,1,5227683
yqjE_yqjK_yqjD_yqjC_predicted,0.2,28,24,GGGCTAAGCCACAGCCAAAG,4,5244493
yqjE_yqjK_yqjD_yqjC_predicted,0.24,29,24,GGGAAGGCCGCGTCCGTGGA,5,5207719
yqjE_yqjK_yqjD_yqjC_predicted,0.48,35,24,GGGAAGGCAGACCCCTCCGC,11,5210473
yqjE_yqjK_yqjD_yqjC_predicted,0.16,27,24,GGCTTACACAACTAATTTGC,3,5259130
yqjE_yqjK_yqjD_yqjC_predicted,0.08,25,24,GGCACTACTATGGAAACTGA,1,5177787
yqjE_yqjK_yqjD_yqjC_predicted,0.16,27,24,GGATCACCTTCGTGATCTGT,3,5171356
yqjE_yqjK_yqjD_yqjC_predicted,0.72,41,24,GGACTCAGGAAGTCAGTAAT,17,5211735
yqjE_yqjK_yqjD_yqjC_predicted,0.84,44,24,GGACCGTTGTAACAAGTTAC,20,5247424
yqjE_yqjK_yqjD_yqjC_predicted,1.68,65,24,GCGGGTGAAGTGGCGTAACT,41,5190405
yqjE_yqjK_yqjD_yqjC_predicted,0.88,45,24,GCGGCTCTCTCCGTGCTGTA,21,5204109
yqjE_yqjK_yqjD_yqjC_predicted,0.56,37,24,GCGCATGGTAGCCGAGAGGG,13,5197328
yqjE_yqjK_yqjD_yqjC_predicted,1.0,48,24,GCGAGGCTCGTCCCTAAGTG,24,5234170
yqjE_yqjK_yqjD_yqjC_predicted,0.56,37,24,GCCTACGGATACGGTCTGCT,13,5238694
yqjE_yqjK_yqjD_yqjC_predicted,0.16,27,24,GCCGTCAGCGAGACCCAGAG,3,5261504
yqjE_yqjK_yqjD_yqjC_predicted,0.32,31,24,GCCGGTAGGGATTCCGGGTA,7,5218049
yqjE_yqjK_yqjD_yqjC_predicted,0.28,30,24,GCCCACCTTCTTCTAGTATC,6,5201409
yqjE_yqjK_yqjD_yqjC_predicted,0.32,31,24,GCCACATACGATCTTTTAGT,7,5207676
yqjE_yqjK_yqjD_yqjC_predicted,2.32,81,24,GATTCAGAATTAGACCACCA,57,5229035
yqjE_yqjK_yqjD_yqjC_predicted,1.44,59,24,GATCGTGTGCCCAAGGGATT,35,5253008
yqjE_yqjK_yqjD_yqjC_predicted,1.2,53,24,GATAAATTGAAGAGTCCACT,29,5214648
yqjE_yqjK_yqjD_yqjC_predicted,0.76,42,24,GAGTGGTATGGGTATTCTAG,18,5181013
yqjE_yqjK_yqjD_yqjC_predicted,0.4,33,24,GAGGGTGAAGAGTCAGGCAT,9,5222310
yqjE_yqjK_yqjD_yqjC_predicted,0.36,32,24,GAGCCCCCCTTCCTTTCGGT,8,5253531
yqjE_yqjK_yqjD_yqjC_predicted,1.4,58,24,GACTGTATAGGCCATATACT,34,5255798
yqjE_yqjK_yqjD_yqjC_predicted,0.28,30,24,GAATGCCTGTACTATGGAAA,6,5223133
yqjE_yqjK_yqjD_yqjC_predicted,0.08,25,24,GAATAGCGCACGACATCGAA,1,5186234
yqjE_yqjK_yqjD_yqjC_predicted,0.12,26,24,CTTCTGATAAAATTATTCCA,2,5211545
yqjE_yqjK_yqjD_yqjC_predicted,2.08,75,24,CTTCCATCATCCCATCCATT,51,5255192
yqjE_yqjK_yqjD_yqjC_predicted,0.36,32,24,CTTAACGGGGCCGCGACGTG,8,5182945
yqjE_yqjK_yqjD_yqjC_predicted,0.2,28,24,CTGTGAAGAACGACGATATG,4,5229643
yqjE_yqjK_yqjD_yqjC_predicted,0.6,38,24,CTGGCTTTCTGAACGGGTCT,14,5201212
yqjE_yqjK_yqjD_yqjC_predicted,0.64,39,24,CTGCTCTTAGTAATGCGCCT,15,5238994
yqjE_yqjK_yqjD_yqjC_predicted,0.96,47,24,CTGCCAAATTCGACGGGCAG,23,5237809
yqjE_yqjK_yqjD_yqjC_predicted,0.24,29,24,CTGAAGTGCGACGTGGCTTA,5,5239741
yqjE_yqjK_yqjD_yqjC_predicted,0.2,28,24,CTCTTATGTCATTGCATCCG,4,5260152
yqjE_yqjK_yqjD_yqjC_predicted,0.32,31,24,CTCGGTTCTCACCGGGAATA,7,5255033
yqjE_yqjK_yqjD_yqjC_predicted,1.32,56,24,CTCCCTGGAAGGGGGCACAT,32,5188249
yqjE_yqjK_yqjD_yqjC_predicted,0.56,37,24,CTCCAGAAAGGAATCGCGGC,13,5197757
yqjE_yqjK_yqjD_yqjC_predicted,0.28,30,24,CTCAGCTCAAACTGGGTCTC,6,5202056
yqjE_yqjK_yqjD_yqjC_predicted,0.68,40,24,CTCAATGAGCACCACTTGAT,16,5233898
yqjE_yqjK_yqjD_yqjC_predicted,0.16,27,24,CGTTTGTCTCGAGAATAGTT,3,5181371
yqjE_yqjK_yqjD_yqjC_predicted,0.12,26,24,CGTGTCCCTTGAGCAACTCC,2,5262323
yqjE_yqjK_yqjD_yqjC_predicted,0.08,25,24,CGTCACAGATACGGACCTTA,1,5202577
yqjE_yqjK_yqjD_yqjC_predicted,1.4,58,24,CGGTAGGCTTCTATGGCACA,34,5185010
yqjE_yqjK_yqjD_yqjC_predicted,0.4,33,24,CGGATCCCAAACCTGCGGCT,9,5191489
yqjE_yqjK_yqjD_yqjC_predicted,0.56,37,24,CGGAGGTTGGCATTATTTCA,13,5209170
yqjE_yqjK_yqjD_yqjC_predicted,0.52,36,24,CGCTTGTCAGCTCCCACGAC,12,5175369
yqjE_yqjK_yqjD_yqjC_predicted,0.32,31,24,CGCTCTGGTCTTGCACTTGA,7,5251434
yqjE_yqjK_yqjD_yqjC_predicted,0.28,30,24,CGCCTACGGCTAGCAAATGT,6,5206692
yqjE_yqjK_yqjD_yqjC_predicted,1.44,59,24,CGATTTTAGCGCTCCGCGTT,35,5189214
yqjE_yqjK_yqjD_yqjC_predicted,0.28,30,24,CGATCCAAGGGAAAGCGAAG,6,5188191
yqjE_yqjK_yqjD_yqjC_predicted,0.2,28,24,CGAGCCTACTAATACGAGGT,4,5191485
yqjE_yqjK_yqjD_yqjC_predicted,0.16,27,24,CGACTTATCGATCTTTTGTT,3,5175563
yqjE_yqjK_yqjD_yqjC_predicted,0.08,25,24,CGACCGGGATTGATCTGGTA,1,5188094
yqjE_yqjK_yqjD_yqjC_predicted,0.28,30,24,CGACAGGCAAACATAGTTAG,6,5201799
yqjE_yqjK_yqjD_yqjC_predicted,0.52,36,24,CCTTTTCCGATCATATGTCT,12,5201590
yqjE_yqjK_yqjD_yqjC_predicted,0.08,25,24,CCTTGCTCGCGTTGTAGGTG,1,5214733
yqjE_yqjK_yqjD_yqjC_predicted,1.24,54,24,CCTGCTTTAAGATTTTTACT,30,5228887
yqjE_yqjK_yqjD_yqjC_predicted,0.4,33,24,CCTGCCCCGCCTTGCGTTCG,9,5195003
yqjE_yqjK_yqjD_yqjC_predicted,0.4,33,24,CCTCCTAACGGTCTCGCTGA,9,5226186
yqjE_yqjK_yqjD_yqjC_predicted,0.2,28,24,CCTAGGAGCGTCTATACTCA,4,5220681
yqjE_yqjK_yqjD_yqjC_predicted,0.16,27,24,CCGTTAAGACGTGCTGGACG,3,5211623
yqjE_yqjK_yqjD_yqjC_predicted,0.12,26,24,CCGGGAATCGCGTGTCCATC,2,5196965
yqjE_yqjK_yqjD_yqjC_predicted,0.32,31,24,CCGGCAAAAGGGACGATCAA,7,5243177
yqjE_yqjK_yqjD_yqjC_predicted,0.16,27,24,CCGAGCGGTTGACCATCCAG,3,5237751
yqjE_yqjK_yqjD_yqjC_predicted,0.4,33,24,CCCGTCGCAGTAGTGTCAAC,9,5215446
yqjE_yqjK_yqjD_yqjC_predicted,1.36,57,24,CCCGCGGAGATCCGCGTCGT,33,5212856
yqjE_yqjK_yqjD_yqjC_predicted,0.96,47,24,CCCCTACTGTCAGTGCCCTT,23,5250661
yqjE_yqjK_yqjD_yqjC_predicted,0.6,38,24,CCCAACAGTAAGTACCAGTA,14,5251684
yqjE_yqjK_yqjD_yqjC_predicted,0.28,30,24,CCATTTTCCTCAAGGGGATA,6,5248465
yqjE_yqjK_yqjD_yqjC_predicted,1.24,54,24,CCAGCCACTTACATCACGCG,30,5248044
yqjE_yqjK_yqjD_yqjC_predicted,0.36,32,24,CCACGCGGAGCTATGTTGAG,8,5247860
yqjE_yqjK_yqjD_yqjC_predicted,0.6,38,24,CCAATCTTGATGCCGGGACA,14,5186900
yqjE_yqjK_yqjD_yqjC_predicted,0.16,27,24,CCAAGGTGGAGGAGTTCCAC,3,5217104
yqjE_yqjK_yqjD_yqjC_predicted,0.36,32,24,CCAAAAGGGTCAGGGACGTC,8,5204581
yqjE_yqjK_yqjD_yqjC_predicted,0.16,27,24,CATGGGGCTTGAGGACCGGT,3,5185661
yqjE_yqjK_yqjD_yqjC_predicted,0.24,29,24,CAGGAATCGGGTGGAGGGGT,5,5181256
yqjE_yqjK_yqjD_yqjC_predicted,0.08,25,24,CACTACCCAACGATCTTTGT,1,5229156
yqjE_yqjK_yqjD_yqjC_predicted,0.48,35,24,CACGGAGCTCCTGGTAGGGG,11,5246954
yqjE_yqjK_yqjD_yqjC_predicted,0.44,34,24,CACAAGGGTAGTTATGAGAT,10,5245290
yqjE_yqjK_yqjD_yqjC_predicted,0.12,26,24,CAAGCAAGGAGCTACGCGAA,2,5227725
yqjE_yqjK_yqjD_yqjC_predicted,0.12,26,24,ATTGGGATGTCTAACACCTA,2,5209205
yqjE_yqjK_yqjD_yqjC_predicted,0.44,34,24,ATTCAACGGACTTAGGTCCG,10,5203173
yqjE_yqjK_yqjD_yqjC_predicted,2.56,87,24,ATTATGTGACCAACCTGTCA,63,5260363
yqjE_yqjK_yqjD_yqjC_predicted,0.32,31,24,ATGTATATCAACAGGATTGT,7,5206064
yqjE_yqjK_yqjD_yqjC_predicted,1.08,50,24,ATGCCACAAAGCTATCCATC,26,5172015
yqjE_yqjK_yqjD_yqjC_predicted,0.88,45,24,ATGAACCCCTTTCGTATGAT,21,5203157
yqjE_yqjK_yqjD_yqjC_predicted,0.76,42,24,ATCGCTAGCGACCCCTGGAA,18,5240359
yqjE_yqjK_yqjD_yqjC_predicted,0.2,28,24,ATCGCGATCTCTAGTGCGGT,4,5215261
yqjE_yqjK_yqjD_yqjC_predicted,2.0,73,24,ATCCTGTGTGTTGGGCAAGA,49,5225548
yqjE_yqjK_yqjD_yqjC_predicted,0.96,47,24,ATCAGTGGTAGGGTTTCGGG,23,5199743
yqjE_yqjK_yqjD_yqjC_predicted,0.12,26,24,ATATGTGCGTGTCATTGAGC,2,5253491
yqjE_yqjK_yqjD_yqjC_predicted,0.08,25,24,ATAGTCAAATCTTTACATCC,1,5207734
yqjE_yqjK_yqjD_yqjC_predicted,1.04,49,24,ATAAAGCGTGTGGTTTCCCT,25,5258506
yqjE_yqjK_yqjD_yqjC_predicted,0.08,25,24,AGTTACAGTATTTCAGTAGT,1,5228528
yqjE_yqjK_yqjD_yqjC_predicted,2.28,80,24,AGGGGTGAGGCTGGGAGCCC,56,5211667
yqjE_yqjK_yqjD_yqjC_predicted,1.08,50,24,AGGCAGGACTGAGGACGGTA,26,5198467
yqjE_yqjK_yqjD_yqjC_predicted,0.16,27,24,AGCGAGCATGGGTACCGCGT,3,5202736
yqjE_yqjK_yqjD_yqjC_predicted,0.64,39,24,AGCAGAGATTGGTCTGGGGG,15,5201786
yqjE_yqjK_yqjD_yqjC_predicted,0.56,37,24,AGAGTGATACTCACTTAAGA,13,5253471
yqjE_yqjK_yqjD_yqjC_predicted,0.2,28,24,ACGGTCTTTTGTATAAATAA,4,5257241
yqjE_yqjK_yqjD_yqjC_predicted,0.32,31,24,ACGGTCGATCTCATTCTGAT,7,5180650
yqjE_yqjK_yqjD_yqjC_predicted,0.44,34,24,ACGGCGAAGACTGCGACTCA,10,5223017
yqjE_yqjK_yqjD_yqjC_predicted,0.08,25,24,ACGCTCGCAACAGTCATGAG,1,5178158
yqjE_yqjK_yqjD_yqjC_predicted,1.0,48,24,ACGCGACCAGGTGCGGCTAT,24,5192335
yqjE_yqjK_yqjD_yqjC_predicted,0.32,31,24,ACCTACTCTGAGGTGTGACT,7,5186899
yqjE_yqjK_yqjD_yqjC_predicted,0.6,38,24,ACAATCTAATTTTTGTCACT,14,5240147
yqjE_yqjK_yqjD_yqjC_predicted,0.72,41,24,AATTTGACCGAATTCTCTGG,17,5226660
yqjE_yqjK_yqjD_yqjC_predicted,0.24,29,24,AATCCTCGCTTCCGGTCACG,5,5218388
yqjE_yqjK_yqjD_yqjC_predicted,0.36,32,24,AAGTATATTCATCCGTGATT,8,5219497
yqjE_yqjK_yqjD_yqjC_predicted,0.12,26,24,AAGGTAGGGCAGTAGGTAAA,2,5183377
yqjE_yqjK_yqjD_yqjC_predicted,3.52,111,24,AAGATGTCATCTAACTATTA,87,5185783
yqjE_yqjK_yqjD_yqjC_predicted,1.08,50,24,AACAATTGTGCGGGTTATTC,26,5229450
yqjE_yqjK_yqjD_yqjC_predicted,0.16,27,24,AAATGTAGGTATGGACGGGG,3,5228848
yqjE_yqjK_yqjD_yqjC_predicted,0.08,25,24,AAATGGGGTTTTGTTATCCG,1,5252801
yqjE_yqjK_yqjD_yqjC_predicted,0.12,26,24,AAAACTTCCTCATGCCGGGA,2,5199183
yqjE_yqjK_yqjD_yqjC_predicted,0.24,29,24,AAAAACAGTTCACTTGGTTG,5,5241971
yqjE_yqjK_yqjD_yqjC_predicted,0.875,43,23,TTTTCCTCCCAGATCTCTCC,20,5230053
yqjE_yqjK_yqjD_yqjC_predicted,0.125,25,23,TTTTAGACTTAGGTACCAAA,2,5222579
yqjE_yqjK_yqjD_yqjC_predicted,0.875,43,23,TTTGTGTATCGGCTAGGACA,20,5204599
yqjE_yqjK_yqjD_yqjC_predicted,0.2916666666666667,29,23,TTTATTTCAGGAGCTTGTCT,6,5215935
yqjE_yqjK_yqjD_yqjC_predicted,1.6666666666666667,62,23,TTTACATAACCAATTCTCCG,39,5254333
yqjE_yqjK_yqjD_yqjC_predicted,1.25,52,23,TTGGCTCTCGCATTTGCCGC,29,5197344
yqjE_yqjK_yqjD_yqjC_predicted,0.3333333333333333,30,23,TTATTCGTGGTGGGCTGGCA,7,5171183
yqjE_yqjK_yqjD_yqjC_predicted,0.7083333333333334,39,23,TTACAGCCCCGGTATATAAA,16,5182313
yqjE_yqjK_yqjD_yqjC_predicted,0.08333333333333333,24,23,TTACAACAATGCGCCATATA,1,5242613
yqjE_yqjK_yqjD_yqjC_predicted,0.08333333333333333,24,23,TTAAGGCGTACGGGTTTGGG,1,5216407
yqjE_yqjK_yqjD_yqjC_predicted,0.5833333333333334,36,23,TGTTATTCGTGCGACCAAGA,13,5180099
yqjE_yqjK_yqjD_yqjC_predicted,1.7916666666666667,65,23,TGTGTGAGCCTAGCTGGAAA,42,5213400
yqjE_yqjK_yqjD_yqjC_predicted,0.6666666666666666,38,23,TGTCTGCTACTCTTCCGTGT,15,5177492
yqjE_yqjK_yqjD_yqjC_predicted,0.20833333333333334,27,23,TGTCGGGTGTGGTAGGGCCA,4,5226876
yqjE_yqjK_yqjD_yqjC_predicted,0.5833333333333334,36,23,TGTCCTCCCGCATTTTAGGA,13,5178638
yqjE_yqjK_yqjD_yqjC_predicted,0.75,40,23,TGGTCACGACCACGGCGCTC,17,5180779
yqjE_yqjK_yqjD_yqjC_predicted,0.25,28,23,TGGGCAAACGTCTCCGAAGT,5,5252206
yqjE_yqjK_yqjD_yqjC_predicted,0.3333333333333333,30,23,TGGATTGGCCCCCGCATACT,7,5222771
yqjE_yqjK_yqjD_yqjC_predicted,1.5833333333333333,60,23,TGGAAGCACTACCTACCCCA,37,5239337
yqjE_yqjK_yqjD_yqjC_predicted,0.16666666666666666,26,23,TGCCTATATAATCTTCGGCC,3,5207000
yqjE_yqjK_yqjD_yqjC_predicted,6.291666666666667,173,23,TGCCGTACCCACCGTTCGAT,150,5183925
yqjE_yqjK_yqjD_yqjC_predicted,0.08333333333333333,24,23,TCTTTTTATAGTCGTTTAAA,1,5248293
yqjE_yqjK_yqjD_yqjC_predicted,0.5833333333333334,36,23,TCTTATAGGTAACGTTTGAA,13,5254553
yqjE_yqjK_yqjD_yqjC_predicted,0.4583333333333333,33,23,TCTCAAAGAGTTCTAGGTAT,10,5239794
yqjE_yqjK_yqjD_yqjC_predicted,0.5416666666666666,35,23,TCGCTCGACATGCGTGGTAA,12,5201327
yqjE_yqjK_yqjD_yqjC_predicted,1.0,46,23,TCCCCTTCTACGTGATTGGT,23,5215835
yqjE_yqjK_yqjD_yqjC_predicted,0.125,25,23,TCCCACCCGGGAATCTCCCA,2,5216398
yqjE_yqjK_yqjD_yqjC_predicted,0.3333333333333333,30,23,TCAGGTACGACCAGTGTTCC,7,5248343
yqjE_yqjK_yqjD_yqjC_predicted,0.08333333333333333,24,23,TCAAGAGGTTAGACTCTCAT,1,5208265
yqjE_yqjK_yqjD_yqjC_predicted,0.2916666666666667,29,23,TCAACTTGTGCGGCCCGACC,6,5241488
yqjE_yqjK_yqjD_yqjC_predicted,0.2916666666666667,29,23,TATTACCATAAGTGCATTAG,6,5195128
yqjE_yqjK_yqjD_yqjC_predicted,0.2916666666666667,29,23,TATACTGGGGTTTTCATACT,6,5176452
yqjE_yqjK_yqjD_yqjC_predicted,0.4583333333333333,33,23,TAGATGTCTTTTTTACGCTG,10,5182637
yqjE_yqjK_yqjD_yqjC_predicted,2.125,73,23,TAGACGTAACGATTTTCCCC,50,5252441
yqjE_yqjK_yqjD_yqjC_predicted,0.9166666666666666,44,23,TAATTTGCTACGGGCCGGTA,21,5216156
yqjE_yqjK_yqjD_yqjC_predicted,0.7083333333333334,39,23,TAATTACAGTCTGAATCTAT,16,5220100
yqjE_yqjK_yqjD_yqjC_predicted,0.5,34,23,TAACGTCTTGCTCTCGTATG,11,5249076
yqjE_yqjK_yqjD_yqjC_predicted,0.125,25,23,GTTGGAACAAATTTAGCATT,2,5244442
yqjE_yqjK_yqjD_yqjC_predicted,0.5416666666666666,35,23,GTGTAGACAAGTATTGCGCT,12,5217495
yqjE_yqjK_yqjD_yqjC_predicted,0.5,34,23,GTGCTAAGGTAACAAGACTC,11,5248007
yqjE_yqjK_yqjD_yqjC_predicted,0.9583333333333334,45,23,GTGAGATCTAGCGGGGCCAG,22,5195001
yqjE_yqjK_yqjD_yqjC_predicted,0.08333333333333333,24,23,GTCTACGCGATTAAGGGCCA,1,5248645
yqjE_yqjK_yqjD_yqjC_predicted,0.08333333333333333,24,23,GTCCAAGTTGGGACAAGAAG,1,5180669
yqjE_yqjK_yqjD_yqjC_predicted,0.375,31,23,GTACACGACTGCCCACGTGA,8,5174771
yqjE_yqjK_yqjD_yqjC_predicted,0.8333333333333334,42,23,GGTTAGGTCAGTTGGGCTAA,19,5190221
yqjE_yqjK_yqjD_yqjC_predicted,0.08333333333333333,24,23,GGTGGTCAATCGGAAACTCC,1,5183245
yqjE_yqjK_yqjD_yqjC_predicted,0.8333333333333334,42,23,GGGGTTAATGCTAGGTGAAT,19,5238050
yqjE_yqjK_yqjD_yqjC_predicted,1.0416666666666667,47,23,GGGGGTGACGGCTCATACAG,24,5184113
yqjE_yqjK_yqjD_yqjC_predicted,0.4166666666666667,32,23,GGGGCTCATCAATAAACTTC,9,5192118
yqjE_yqjK_yqjD_yqjC_predicted,0.3333333333333333,30,23,GGCTAAAGTATGTCGTCCAT,7,5219714
yqjE_yqjK_yqjD_yqjC_predicted,1.5,58,23,GGCCCACCTTGTCACATTCT,35,5237221
yqjE_yqjK_yqjD_yqjC_predicted,0.2916666666666667,29,23,GGAGTGGTCAGGCGGGAACG,6,5174078
yqjE_yqjK_yqjD_yqjC_predicted,0.375,31,23,GCTTTACTGGCCACTGATTT,8,5250464
yqjE_yqjK_yqjD_yqjC_predicted,0.9583333333333334,45,23,GCGGCGGCGCCTAGTTAGCT,22,5237879
yqjE_yqjK_yqjD_yqjC_predicted,0.7083333333333334,39,23,GCGACCGAGGCTTACGACTC,16,5240778
yqjE_yqjK_yqjD_yqjC_predicted,0.2916666666666667,29,23,GCCGAGGCTGGAGGCAAAGG,6,5177930
yqjE_yqjK_yqjD_yqjC_predicted,0.2916666666666667,29,23,GCCCTTAGGGTGTAAAAGCG,6,5201777
yqjE_yqjK_yqjD_yqjC_predicted,0.4583333333333333,33,23,GCCAGGCGGTCCGGCCCGTT,10,5224967
yqjE_yqjK_yqjD_yqjC_predicted,0.5416666666666666,35,23,GCATTTCTAGAAGGTTAATA,12,5209055
yqjE_yqjK_yqjD_yqjC_predicted,0.08333333333333333,24,23,GCAGCCAACTATGAATCCGA,1,5238934
yqjE_yqjK_yqjD_yqjC_predicted,1.0416666666666667,47,23,GCAGCACTATAGGTCGGCCT,24,5259950
yqjE_yqjK_yqjD_yqjC_predicted,0.375,31,23,GCAGCACGAAGGTCTTTGCG,8,5212302
yqjE_yqjK_yqjD_yqjC_predicted,0.16666666666666666,26,23,GATGGGTATCTAGGAAATAC,3,5247598
yqjE_yqjK_yqjD_yqjC_predicted,1.3333333333333333,54,23,GATGGCGTTGTAACTATTCT,31,5228703
yqjE_yqjK_yqjD_yqjC_predicted,0.5833333333333334,36,23,GATGCGGAAATGGGGTAGAT,13,5224024
yqjE_yqjK_yqjD_yqjC_predicted,0.4166666666666667,32,23,GATGCCCGGTAAAAGTTAGA,9,5262991
yqjE_yqjK_yqjD_yqjC_predicted,1.2083333333333333,51,23,GAGTTGGGGCAAACTCCACG,28,5226129
yqjE_yqjK_yqjD_yqjC_predicted,0.75,40,23,GAGGGGCCGTGTGCTGTTCA,17,5261514
yqjE_yqjK_yqjD_yqjC_predicted,0.5416666666666666,35,23,GAGGCTAACCACTTAATGAC,12,5243894
yqjE_yqjK_yqjD_yqjC_predicted,0.8333333333333334,42,23,GAGGCCGTGGCTAGTGGCCA,19,5179223
yqjE_yqjK_yqjD_yqjC_predicted,0.2916666666666667,29,23,GAGGCCCGCGGCGAATCCAT,6,5235017
yqjE_yqjK_yqjD_yqjC_predicted,1.0833333333333333,48,23,GAGAGTCCTGAGCTTGGGAT,25,5213234
yqjE_yqjK_yqjD_yqjC_predicted,0.16666666666666666,26,23,GAGACCAACGGACCCGGGGA,3,5247341
yqjE_yqjK_yqjD_yqjC_predicted,0.20833333333333334,27,23,GACTTACCTAAAGTGAGACT,4,5235988
yqjE_yqjK_yqjD_yqjC_predicted,0.125,25,23,GACGACCGCTCGGACAGGGT,2,5176327
yqjE_yqjK_yqjD_yqjC_predicted,0.25,28,23,GAATATGTTTGGAGTCGTTT,5,5245446
yqjE_yqjK_yqjD_yqjC_predicted,0.8333333333333334,42,23,GAACATGTTACCCGGAACAT,19,5196915
yqjE_yqjK_yqjD_yqjC_predicted,2.25,76,23,CTTCGAATCTATGCTCCCAT,53,5174664
yqjE_yqjK_yqjD_yqjC_predicted,0.25,28,23,CTTAACAAAAATTGTAAGGT,5,5221759
yqjE_yqjK_yqjD_yqjC_predicted,0.16666666666666666,26,23,CTGTATCGCCCTGGATCCTA,3,5198520
yqjE_yqjK_yqjD_yqjC_predicted,0.16666666666666666,26,23,CTCGCGTCATGCCGACCCAT,3,5209764
yqjE_yqjK_yqjD_yqjC_predicted,0.2916666666666667,29,23,CTCGACTGATACTATTGCAA,6,5191190
yqjE_yqjK_yqjD_yqjC_predicted,0.4583333333333333,33,23,CTCCTGGACGTCACCGCACT,10,5254941
yqjE_yqjK_yqjD_yqjC_predicted,0.5,34,23,CTCCTCATTAGCAGCAGTCC,11,5186779
yqjE_yqjK_yqjD_yqjC_predicted,0.3333333333333333,30,23,CTATTTTTGGACTCGGCTGA,7,5173908
yqjE_yqjK_yqjD_yqjC_predicted,0.8333333333333334,42,23,CTACAATAGCTCAAGCATGT,19,5185640
yqjE_yqjK_yqjD_yqjC_predicted,0.5416666666666666,35,23,CGTTAACCGTGGTTGCGTCA,12,5200761
yqjE_yqjK_yqjD_yqjC_predicted,0.7083333333333334,39,23,CGTCATTGATTTAATAATCC,16,5191511
yqjE_yqjK_yqjD_yqjC_predicted,0.25,28,23,CGTATCGCCATAAATGCTTC,5,5237516
yqjE_yqjK_yqjD_yqjC_predicted,0.3333333333333333,30,23,CGGTTTGGTCGTACAACTGA,7,5196193
yqjE_yqjK_yqjD_yqjC_predicted,0.16666666666666666,26,23,CGGTGTTTTAGTTCTCGGCG,3,5186341
yqjE_yqjK_yqjD_yqjC_predicted,0.4166666666666667,32,23,CGGGCTCTGATAGCGCTACT,9,5244788
yqjE_yqjK_yqjD_yqjC_predicted,0.625,37,23,CGGCTCCTACGCATATGTTT,14,5182569
yqjE_yqjK_yqjD_yqjC_predicted,0.5833333333333334,36,23,CGGCCTAGTTGACGTGCACG,13,5173091
yqjE_yqjK_yqjD_yqjC_predicted,0.5416666666666666,35,23,CGGATCGCCGCCTCACAGCG,12,5199294
yqjE_yqjK_yqjD_yqjC_predicted,0.16666666666666666,26,23,CGCTGAGCTGACAAGAGCAT,3,5196716
yqjE_yqjK_yqjD_yqjC_predicted,0.4166666666666667,32,23,CGCGTTAACTGGATCCACGT,9,5222252
yqjE_yqjK_yqjD_yqjC_predicted,0.5,34,23,CGCGACCCTCATCGCCATGC,11,5231940
yqjE_yqjK_yqjD_yqjC_predicted,0.16666666666666666,26,23,CGATTCTATCGGTGACCAAA,3,5248237
yqjE_yqjK_yqjD_yqjC_predicted,1.125,49,23,CGATGGACCTCATGGTCAAG,26,5192910
yqjE_yqjK_yqjD_yqjC_predicted,0.08333333333333333,24,23,CGAGATAGCTATTCCGAAAA,1,5258810
yqjE_yqjK_yqjD_yqjC_predicted,0.5416666666666666,35,23,CGACATTTAAGGTTTACCCA,12,5180030
yqjE_yqjK_yqjD_yqjC_predicted,0.375,31,23,CCTTTACGGTTTGCCATTTT,8,5187538
yqjE_yqjK_yqjD_yqjC_predicted,0.3333333333333333,30,23,CCTTCTTCTGGTTCCGTCTG,7,5180971
yqjE_yqjK_yqjD_yqjC_predicted,0.125,25,23,CCTTAACCCGGAGGTAAGGG,2,5245504
yqjE_yqjK_yqjD_yqjC_predicted,1.0,46,23,CCTGAAGGGTGACAGCGCTC,23,5248469
yqjE_yqjK_yqjD_yqjC_predicted,2.2083333333333335,75,23,CCTCATACTAGGGGTTCAAC,52,5237143
yqjE_yqjK_yqjD_yqjC_predicted,0.08333333333333333,24,23,CCTCACGGGTTGCCAGTTAT,1,5232451
yqjE_yqjK_yqjD_yqjC_predicted,0.7916666666666666,41,23,CCGTTTAGTCGGAAGTCCCT,18,5180103
yqjE_yqjK_yqjD_yqjC_predicted,1.0416666666666667,47,23,CCGGGTTAGAGAACCCAAGC,24,5248903
yqjE_yqjK_yqjD_yqjC_predicted,3.0416666666666665,95,23,CCGGGGCCGGACGGGCCATA,72,5231768
yqjE_yqjK_yqjD_yqjC_predicted,0.625,37,23,CCGCGTTGGGATAAATAGGA,14,5213789
yqjE_yqjK_yqjD_yqjC_predicted,0.3333333333333333,30,23,CCCGACTACGCGCGTTCGTT,7,5236067
yqjE_yqjK_yqjD_yqjC_predicted,1.625,61,23,CCCGAAAATCGTGCGCTCCG,38,5179987
yqjE_yqjK_yqjD_yqjC_predicted,0.25,28,23,CCCATTGGATTGCCGTTTCG,5,5242108
yqjE_yqjK_yqjD_yqjC_predicted,0.875,43,23,CCCAAAAGCGGCATGCTAGT,20,5246282
yqjE_yqjK_yqjD_yqjC_predicted,0.3333333333333333,30,23,CCATTCTTACTCCAGGTCCA,7,5255580
yqjE_yqjK_yqjD_yqjC_predicted,0.2916666666666667,29,23,CCAGGCCCCCAACGTGGTCT,6,5210920
yqjE_yqjK_yqjD_yqjC_predicted,0.7083333333333334,39,23,CATGTTGTTCGAGCGGACAT,16,5211135
yqjE_yqjK_yqjD_yqjC_predicted,0.5,34,23,CATGCCTCCCGCTACGGTCA,11,5174647
yqjE_yqjK_yqjD_yqjC_predicted,0.5833333333333334,36,23,CATGCAGGTGTGAGGACCCT,13,5240358
yqjE_yqjK_yqjD_yqjC_predicted,1.0416666666666667,47,23,CAGGTTGAGGCCGCCCGTAA,24,5236757
yqjE_yqjK_yqjD_yqjC_predicted,0.2916666666666667,29,23,CAGACAGTTTTCATTCTGGA,6,5173609
yqjE_yqjK_yqjD_yqjC_predicted,0.9166666666666666,44,23,CAGAAAGGTGACAGTATGCT,21,5204036
yqjE_yqjK_yqjD_yqjC_predicted,0.16666666666666666,26,23,CACTACCTTAACTACCGCTA,3,5208664
yqjE_yqjK_yqjD_yqjC_predicted,2.0,70,23,CACATCTTTGCACGCCCCAA,47,5172892
yqjE_yqjK_yqjD_yqjC_predicted,0.5,34,23,CAAGGGGCGGATGCGTACGA,11,5258978
yqjE_yqjK_yqjD_yqjC_predicted,1.0,46,23,CAAGCTGAGATTCTTTACAA,23,5232452
yqjE_yqjK_yqjD_yqjC_predicted,0.08333333333333333,24,23,ATTGCGTAAAGACAATGGAA,1,5192158
yqjE_yqjK_yqjD_yqjC_predicted,0.16666666666666666,26,23,ATTCGTCCGGCAACATACAT,3,5173475
yqjE_yqjK_yqjD_yqjC_predicted,0.125,25,23,ATTAGACAAATGGACAGAAT,2,5185774
yqjE_yqjK_yqjD_yqjC_predicted,0.20833333333333334,27,23,ATTACGATGGAATAATAGAA,4,5172055
yqjE_yqjK_yqjD_yqjC_predicted,0.5,34,23,ATTAATCGATCCTTTGCATG,11,5197321
yqjE_yqjK_yqjD_yqjC_predicted,1.25,52,23,ATGTGAGATTCAGACCCCGA,29,5228811
yqjE_yqjK_yqjD_yqjC_predicted,0.25,28,23,ATGATCGCTGCAGCTTAAGA,5,5241392
yqjE_yqjK_yqjD_yqjC_predicted,0.625,37,23,ATCTTTGTGGAACAATTGGG,14,5257753
yqjE_yqjK_yqjD_yqjC_predicted,0.25,28,23,ATCTATACTTTCACGGTGAT,5,5180630
yqjE_yqjK_yqjD_yqjC_predicted,0.75,40,23,ATCCCCCCCTCCGGAACTCC,17,5193568
yqjE_yqjK_yqjD_yqjC_predicted,0.9583333333333334,45,23,ATAGCCACCAGTATTAATGG,22,5250416
yqjE_yqjK_yqjD_yqjC_predicted,1.375,55,23,ATACTCTAAACCTCAACTAA,32,5233562
yqjE_yqjK_yqjD_yqjC_predicted,0.2916666666666667,29,23,AGTTATCACTTGACTTTGTC,6,5242608
yqjE_yqjK_yqjD_yqjC_predicted,0.125,25,23,AGTCGTATAATCATGGAGAG,2,5184398
yqjE_yqjK_yqjD_yqjC_predicted,0.3333333333333333,30,23,AGTCGGTGCTATAGGAATTT,7,5200683
yqjE_yqjK_yqjD_yqjC_predicted,1.375,55,23,AGGCGGTCTTAATGCTTGTG,32,5233388
yqjE_yqjK_yqjD_yqjC_predicted,0.625,37,23,AGGACATACTTAATGGCTCT,14,5234755
yqjE_yqjK_yqjD_yqjC_predicted,0.5416666666666666,35,23,AGGACAGACATGAGAGCATA,12,5257693
yqjE_yqjK_yqjD_yqjC_predicted,8.083333333333334,216,23,AGCTCATGGCGGGGGCGGGT,193,5257368
yqjE_yqjK_yqjD_yqjC_predicted,0.08333333333333333,24,23,AGCGTATTATAGTCTTAGCA,1,5256746
yqjE_yqjK_yqjD_yqjC_predicted,0.4166666666666667,32,23,AGCACCCGAACAAGGGGTAA,9,5250794
yqjE_yqjK_yqjD_yqjC_predicted,0.5833333333333334,36,23,AGATGTAGGCTAAGGATTTT,13,5249175
yqjE_yqjK_yqjD_yqjC_predicted,0.5833333333333334,36,23,AGAGTTATAGCCAACCAGCA,13,5244565
yqjE_yqjK_yqjD_yqjC_predicted,4.375,127,23,ACTTTAGATTAGTGAATCAG,104,5180837
yqjE_yqjK_yqjD_yqjC_predicted,1.1666666666666667,50,23,ACTCCTGAATCGAGGAACAG,27,5253472
yqjE_yqjK_yqjD_yqjC_predicted,0.5416666666666666,35,23,ACGTTGGAACTGTCAAGCCT,12,5197856
yqjE_yqjK_yqjD_yqjC_predicted,2.9583333333333335,93,23,ACGTACTCCGTCACCTCCAC,70,5207718
yqjE_yqjK_yqjD_yqjC_predicted,0.375,31,23,ACGCGTACCAAACGATAGGA,8,5215201
yqjE_yqjK_yqjD_yqjC_predicted,0.16666666666666666,26,23,ACGAACTGCTTGCCGATGGA,3,5207325
yqjE_yqjK_yqjD_yqjC_predicted,0.4166666666666667,32,23,ACCGTTGCCTGGATGGTTGT,9,5204267
yqjE_yqjK_yqjD_yqjC_predicted,0.4583333333333333,33,23,ACCGGATCGATGGAAGCATG,10,5207296
yqjE_yqjK_yqjD_yqjC_predicted,1.2916666666666667,53,23,ACATCAGCCGTAGGGGATGG,30,5176044
yqjE_yqjK_yqjD_yqjC_predicted,0.25,28,23,ACACTGGTGTCGTAGGTTAA,5,5200771
yqjE_yqjK_yqjD_yqjC_predicted,0.875,43,23,ACACATGTGTTTTGGAGTCG,20,5258725
yqjE_yqjK_yqjD_yqjC_predicted,1.0416666666666667,47,23,AATGATTTGGCCCGAGTGAT,24,5221008
yqjE_yqjK_yqjD_yqjC_predicted,0.4166666666666667,32,23,AAGTAAAAGTGGGAGGTGAG,9,5184927
yqjE_yqjK_yqjD_yqjC_predicted,0.8333333333333334,42,23,AAGCGTTCGGAGTTTACCTG,19,5215322
yqjE_yqjK_yqjD_yqjC_predicted,0.9583333333333334,45,23,AAGCCCAGTCTGCTTTAAGT,22,5200722
yqjE_yqjK_yqjD_yqjC_predicted,0.4166666666666667,32,23,AACTCTCGCTGCTCCACAGC,9,5223267
yqjE_yqjK_yqjD_yqjC_predicted,1.0,46,23,AACCATTACGGATGTGCGGG,23,5235480
yqjE_yqjK_yqjD_yqjC_predicted,0.08333333333333333,24,23,AACAATAAATCGGTGAGGCA,1,5191990
yqjE_yqjK_yqjD_yqjC_predicted,1.7083333333333333,63,23,AAATGTAAGAACGTAAATCA,40,5253775
yqjE_yqjK_yqjD_yqjC_predicted,0.4166666666666667,32,23,AAAGTCTTTCAGGGACCGCC,9,5204888
yqjE_yqjK_yqjD_yqjC_predicted,0.3333333333333333,30,23,AAAGGGTAGGGTGCGGCCCG,7,5207071
yqjE_yqjK_yqjD_yqjC_predicted,0.875,43,23,AAAGCAGATAAAAAACGGAT,20,5182249
yqjE_yqjK_yqjD_yqjC_predicted,0.125,25,23,AAAAGTAGGTCAACTAGAAC,2,5202630
yqjE_yqjK_yqjD_yqjC_predicted,2.260869565217391,73,22,TTTTTCCGGGGTCGCGGATT,51,5174134
yqjE_yqjK_yqjD_yqjC_predicted,0.30434782608695654,28,22,TTTTTCATCTTGTATGTTCA,6,5247626
yqjE_yqjK_yqjD_yqjC_predicted,0.5217391304347826,33,22,TTTCCACGCAAGTCCATCTC,11,5180384
yqjE_yqjK_yqjD_yqjC_predicted,0.782608695652174,39,22,TTTCCACGATCATTTGTTGC,17,5179507
yqjE_yqjK_yqjD_yqjC_predicted,1.3043478260869565,51,22,TTTCATGATGCGGGACATTG,29,5203092
yqjE_yqjK_yqjD_yqjC_predicted,1.1304347826086956,47,22,TTTAATATACACAATAGGTA,25,5225784
yqjE_yqjK_yqjD_yqjC_predicted,0.7391304347826086,38,22,TTGTTCAGCGCTTAACACCA,16,5260922
yqjE_yqjK_yqjD_yqjC_predicted,0.6086956521739131,35,22,TTGGCTTCGAGTAGCCGAGT,13,5193620
yqjE_yqjK_yqjD_yqjC_predicted,0.7391304347826086,38,22,TTCTGGTTGTGTTATAGTTA,16,5247855
yqjE_yqjK_yqjD_yqjC_predicted,1.9565217391304348,66,22,TTCCATCCTCTAGTAAAGAC,44,5217049
yqjE_yqjK_yqjD_yqjC_predicted,0.30434782608695654,28,22,TTCCAGCACCGTCGGTTAAA,6,5191246
yqjE_yqjK_yqjD_yqjC_predicted,0.34782608695652173,29,22,TGTGACATAGGTCTGTTTGC,7,5233806
yqjE_yqjK_yqjD_yqjC_predicted,0.13043478260869565,24,22,TGTCATTCGAGTTGCCGCCT,2,5230013
yqjE_yqjK_yqjD_yqjC_predicted,0.6956521739130435,37,22,TGTCATTACTCATTCTAGTC,15,5192711
yqjE_yqjK_yqjD_yqjC_predicted,0.8695652173913043,41,22,TGGCCATTGTGTCTGGACAG,19,5185610
yqjE_yqjK_yqjD_yqjC_predicted,0.30434782608695654,28,22,TGGAGTGCGATCTGAGCATC,6,5196997
yqjE_yqjK_yqjD_yqjC_predicted,0.17391304347826086,25,22,TGCTCAGCGTGTAGGGGCCG,3,5217096
yqjE_yqjK_yqjD_yqjC_predicted,0.21739130434782608,26,22,TGCTATCAGCATCTATTTAG,4,5217033
yqjE_yqjK_yqjD_yqjC_predicted,1.0,44,22,TGCAGGTCGGTCTAGGATAT,22,5206069
yqjE_yqjK_yqjD_yqjC_predicted,0.8695652173913043,41,22,TGCAGATGCGCCCGGTACCT,19,5197196
yqjE_yqjK_yqjD_yqjC_predicted,0.13043478260869565,24,22,TGAACGGTAGGTTTTCATAA,2,5220192
yqjE_yqjK_yqjD_yqjC_predicted,0.6521739130434783,36,22,TGAACACAGTCTTGGGGTGA,14,5191107
yqjE_yqjK_yqjD_yqjC_predicted,0.08695652173913043,23,22,TCTGCTGCCACTAGGGACCG,1,5185000
yqjE_yqjK_yqjD_yqjC_predicted,0.08695652173913043,23,22,TCGCGAAAGGCTAGTTAGGT,1,5207253
yqjE_yqjK_yqjD_yqjC_predicted,0.21739130434782608,26,22,TCGCCCTATGTGTTGAGTGT,4,5227278
yqjE_yqjK_yqjD_yqjC_predicted,0.34782608695652173,29,22,TCGATCGGTAGGATACACGC,7,5179863
yqjE_yqjK_yqjD_yqjC_predicted,0.8260869565217391,40,22,TCGACGCCAAAGCTCGATAA,18,5250256
yqjE_yqjK_yqjD_yqjC_predicted,0.21739130434782608,26,22,TCCTTCTTAGCTCGACGAAT,4,5191583
yqjE_yqjK_yqjD_yqjC_predicted,1.7826086956521738,62,22,TCCGGATTTTCTGAAACATT,40,5223954
yqjE_yqjK_yqjD_yqjC_predicted,0.21739130434782608,26,22,TCCGGAATTTTAAACTCCCA,4,5249996
yqjE_yqjK_yqjD_yqjC_predicted,1.7391304347826086,61,22,TCCCTCAATTGACTGAACCC,39,5253631
yqjE_yqjK_yqjD_yqjC_predicted,1.7391304347826086,61,22,TCACGTCCGTCTTATATGAG,39,5234033
yqjE_yqjK_yqjD_yqjC_predicted,0.391304347826087,30,22,TCACACCTGCGAGGAGACGG,8,5190080
yqjE_yqjK_yqjD_yqjC_predicted,0.391304347826087,30,22,TATTAATCAGTATGACTTTT,8,5203090
yqjE_yqjK_yqjD_yqjC_predicted,0.6086956521739131,35,22,TATCTACCATTCCGCCATGG,13,5208040
yqjE_yqjK_yqjD_yqjC_predicted,1.0434782608695652,45,22,TATACTCCTTGTGCTTCCAA,23,5204691
yqjE_yqjK_yqjD_yqjC_predicted,0.08695652173913043,23,22,TAATCCTCCACGTGGCCCAG,1,5180095
yqjE_yqjK_yqjD_yqjC_predicted,0.8695652173913043,41,22,TAAGGCGCACTGGAGGAGGC,19,5179582
yqjE_yqjK_yqjD_yqjC_predicted,0.34782608695652173,29,22,TAAGGCATGCCCGGTCGTTA,7,5224341
yqjE_yqjK_yqjD_yqjC_predicted,0.2608695652173913,27,22,TAACTAAGACTTTAGCCGTG,5,5241596
yqjE_yqjK_yqjD_yqjC_predicted,0.4782608695652174,32,22,GTTTCTAGTTAGGGTGTGTT,10,5189921
yqjE_yqjK_yqjD_yqjC_predicted,0.391304347826087,30,22,GTTATACTGAGTCATGATGT,8,5257033
yqjE_yqjK_yqjD_yqjC_predicted,0.30434782608695654,28,22,GTTAGGGCTATGACTCAACC,6,5170773
yqjE_yqjK_yqjD_yqjC_predicted,1.6521739130434783,59,22,GTGTAGCCTCGTGAGGTAAA,37,5222616
yqjE_yqjK_yqjD_yqjC_predicted,0.8260869565217391,40,22,GTGGGGTACTGGACACATGT,18,5246263
yqjE_yqjK_yqjD_yqjC_predicted,0.5217391304347826,33,22,GTGAGAGCATTGTCATAACA,11,5191386
yqjE_yqjK_yqjD_yqjC_predicted,0.9565217391304348,43,22,GTCTCGTCCGATACGCTGTT,21,5178137
yqjE_yqjK_yqjD_yqjC_predicted,0.13043478260869565,24,22,GTCTCGCAAACTTGGTGCCA,2,5233303
yqjE_yqjK_yqjD_yqjC_predicted,0.43478260869565216,31,22,GTAGAACCTTACCCATTAGG,9,5257800
yqjE_yqjK_yqjD_yqjC_predicted,0.43478260869565216,31,22,GGTGAGTCCAGCCGCTAAGT,9,5212616
yqjE_yqjK_yqjD_yqjC_predicted,0.6086956521739131,35,22,GGTATGCGGTGGGATATGAA,13,5173982
yqjE_yqjK_yqjD_yqjC_predicted,0.4782608695652174,32,22,GGTACGCCCCGGATAACCCA,10,5176127
yqjE_yqjK_yqjD_yqjC_predicted,0.6521739130434783,36,22,GGGTCGCGTCTACCAGCTCC,14,5218509
yqjE_yqjK_yqjD_yqjC_predicted,0.08695652173913043,23,22,GGGGGGCCGGTTTCCGAGAC,1,5214099
yqjE_yqjK_yqjD_yqjC_predicted,0.8260869565217391,40,22,GGGGGCTCCCGACAACACGA,18,5184890
yqjE_yqjK_yqjD_yqjC_predicted,0.4782608695652174,32,22,GGGACTCAGATTAATCTCTG,10,5246255
yqjE_yqjK_yqjD_yqjC_predicted,0.08695652173913043,23,22,GGCACCGATCGGGTCCTGCG,1,5244205
yqjE_yqjK_yqjD_yqjC_predicted,0.391304347826087,30,22,GGATGTAGCAAGCCACCACA,8,5229452
yqjE_yqjK_yqjD_yqjC_predicted,0.13043478260869565,24,22,GGATCCCACGGTGTGATTTA,2,5257405
yqjE_yqjK_yqjD_yqjC_predicted,0.21739130434782608,26,22,GGACTGTCATGGTTAGAGAA,4,5202454
yqjE_yqjK_yqjD_yqjC_predicted,0.5652173913043478,34,22,GGACTATTATTCCTAACCCA,12,5189128
yqjE_yqjK_yqjD_yqjC_predicted,1.6521739130434783,59,22,GGACGCTTTTGGTTCGGTGA,37,5204054
yqjE_yqjK_yqjD_yqjC_predicted,0.17391304347826086,25,22,GGACCTTTTTTCGGAAGTTC,3,5207099
yqjE_yqjK_yqjD_yqjC_predicted,0.4782608695652174,32,22,GCTCGTAATGTGAAGATTCC,10,5181945
yqjE_yqjK_yqjD_yqjC_predicted,0.2608695652173913,27,22,GCGGGGACGGGTCATAACCT,5,5173694
yqjE_yqjK_yqjD_yqjC_predicted,1.0869565217391304,46,22,GCGCAAATCCACACGCGTAG,24,5255682
yqjE_yqjK_yqjD_yqjC_predicted,0.4782608695652174,32,22,GCGATCACAGATACCATACA,10,5191292
yqjE_yqjK_yqjD_yqjC_predicted,1.5217391304347827,56,22,GCCTGATTAAATTTGTTTTA,34,5258691
yqjE_yqjK_yqjD_yqjC_predicted,2.782608695652174,85,22,GCCTCCCTATTGCCCGATCA,63,5194936
yqjE_yqjK_yqjD_yqjC_predicted,0.08695652173913043,23,22,GCCGGACTCAGGTAACAGCG,1,5171639
yqjE_yqjK_yqjD_yqjC_predicted,0.17391304347826086,25,22,GCATATGTAGCCCTCGGGTC,3,5171141
yqjE_yqjK_yqjD_yqjC_predicted,0.5217391304347826,33,22,GATTGAATGTCGAGGACCCA,11,5217239
yqjE_yqjK_yqjD_yqjC_predicted,0.5217391304347826,33,22,GATGACAATATTTCGCCTAT,11,5244877
yqjE_yqjK_yqjD_yqjC_predicted,1.0434782608695652,45,22,GATCTATCTCTGGAGCACGT,23,5234979
yqjE_yqjK_yqjD_yqjC_predicted,1.434782608695652,54,22,GATAGGCCTCTTACCTTGTG,32,5174131
yqjE_yqjK_yqjD_yqjC_predicted,0.08695652173913043,23,22,GAGTCTTAATCCATGTATCT,1,5218283
yqjE_yqjK_yqjD_yqjC_predicted,0.6956521739130435,37,22,GAGGTGGACTAAGTCGCCAA,15,5244966
yqjE_yqjK_yqjD_yqjC_predicted,0.6521739130434783,36,22,GAGGAAAGCGGTCTGTTTCC,14,5230500
yqjE_yqjK_yqjD_yqjC_predicted,0.5652173913043478,34,22,GACTGCTCTTCTCGCCAAGG,12,5197763
yqjE_yqjK_yqjD_yqjC_predicted,0.8260869565217391,40,22,GACGCGTGTGCTGCCTGGGC,18,5229698
yqjE_yqjK_yqjD_yqjC_predicted,0.17391304347826086,25,22,GAATTAGCCATATTTTCGAA,3,5250105
yqjE_yqjK_yqjD_yqjC_predicted,0.43478260869565216,31,22,GAACGAATCCCAGATTCTCA,9,5219516
yqjE_yqjK_yqjD_yqjC_predicted,1.0869565217391304,46,22,GAAAGACGTTACGCGGCAAT,24,5175486
yqjE_yqjK_yqjD_yqjC_predicted,1.173913043478261,48,22,CTTGCGTACTAGGAACTTAG,26,5198553
yqjE_yqjK_yqjD_yqjC_predicted,1.2608695652173914,50,22,CTTCGTTGTGTTTCTGCTAG,28,5191952
yqjE_yqjK_yqjD_yqjC_predicted,0.08695652173913043,23,22,CTTCGGACAGCTCGCCCCTG,1,5221541
yqjE_yqjK_yqjD_yqjC_predicted,0.7391304347826086,38,22,CTTAAACAAATGTTCTGACT,16,5229897
yqjE_yqjK_yqjD_yqjC_predicted,1.391304347826087,53,22,CTGTCAGGATGAAATTACCA,31,5181327
yqjE_yqjK_yqjD_yqjC_predicted,0.08695652173913043,23,22,CTGGTTGAAGTAAGGGAAAT,1,5191185
yqjE_yqjK_yqjD_yqjC_predicted,0.43478260869565216,31,22,CTGGGGGTCGGCAGGATTAT,9,5231601
yqjE_yqjK_yqjD_yqjC_predicted,1.0,44,22,CTGGAGTCCGCCTGGCACAT,22,5247268
yqjE_yqjK_yqjD_yqjC_predicted,0.13043478260869565,24,22,CTGCTCTGAGCCCTTTCGGG,2,5262359
yqjE_yqjK_yqjD_yqjC_predicted,1.8695652173913044,64,22,CTGCGGCATGTGTCAACTCC,42,5233473
yqjE_yqjK_yqjD_yqjC_predicted,0.13043478260869565,24,22,CTAGGGTCTGTCCGCATTTA,2,5253595
yqjE_yqjK_yqjD_yqjC_predicted,0.9565217391304348,43,22,CTACCGATTTACAAACGCGC,21,5229484
yqjE_yqjK_yqjD_yqjC_predicted,1.0869565217391304,46,22,CTACAAAAGAACCTGGGAAC,24,5229391
yqjE_yqjK_yqjD_yqjC_predicted,1.3043478260869565,51,22,CGTCCTAAGACCGGCGGCGA,29,5207827
yqjE_yqjK_yqjD_yqjC_predicted,1.7826086956521738,62,22,CGGTCTGTGTGACAGGGAAA,40,5216923
yqjE_yqjK_yqjD_yqjC_predicted,0.5217391304347826,33,22,CGGTATTGTCGCGCGAGTTA,11,5245755
yqjE_yqjK_yqjD_yqjC_predicted,1.6521739130434783,59,22,CGGGCATGACCGTCGAATCA,37,5253286
yqjE_yqjK_yqjD_yqjC_predicted,1.4782608695652173,55,22,CGGGAGACGAACCAGAGACA,33,5203664
yqjE_yqjK_yqjD_yqjC_predicted,0.30434782608695654,28,22,CGGAAGTTTTCGCGCAGAGC,6,5198691
yqjE_yqjK_yqjD_yqjC_predicted,0.08695652173913043,23,22,CGCGTCAATCCTGCTATTCC,1,5218661
yqjE_yqjK_yqjD_yqjC_predicted,1.7391304347826086,61,22,CGCCACATATTTCACGTCGT,39,5185771
yqjE_yqjK_yqjD_yqjC_predicted,0.782608695652174,39,22,CGCAATGAGGTTACCTACCC,17,5198392
yqjE_yqjK_yqjD_yqjC_predicted,1.4782608695652173,55,22,CGAGGCTTCAAGACATCTTG,33,5215832
yqjE_yqjK_yqjD_yqjC_predicted,0.782608695652174,39,22,CGAGGCGTTAGACTAATGTG,17,5174807
yqjE_yqjK_yqjD_yqjC_predicted,0.8260869565217391,40,22,CGAGCGTGCAATACGGTGCG,18,5184632
yqjE_yqjK_yqjD_yqjC_predicted,1.6956521739130435,60,22,CGACGTTTTATGCACTACCT,38,5228236
yqjE_yqjK_yqjD_yqjC_predicted,0.391304347826087,30,22,CGACGTATACCCGAAGCACG,8,5247000
yqjE_yqjK_yqjD_yqjC_predicted,0.34782608695652173,29,22,CGACGACGGATAGGTCGAGC,7,5252832
yqjE_yqjK_yqjD_yqjC_predicted,3.0869565217391304,92,22,CCTTTCTAACCTGATGCTCA,70,5185356
yqjE_yqjK_yqjD_yqjC_predicted,0.17391304347826086,25,22,CCTTGCTTCATTTCAGTTCC,3,5253422
yqjE_yqjK_yqjD_yqjC_predicted,0.08695652173913043,23,22,CCTGGCAAGCGGCCATTGAA,1,5206080
yqjE_yqjK_yqjD_yqjC_predicted,0.13043478260869565,24,22,CCTGAGCATGACTCGATCCA,2,5185604
yqjE_yqjK_yqjD_yqjC_predicted,0.6086956521739131,35,22,CCTCTGACTGTAGGCGGCGA,13,5200510
yqjE_yqjK_yqjD_yqjC_predicted,0.391304347826087,30,22,CCTCAGTCCACAGTCAGTGC,8,5234720
yqjE_yqjK_yqjD_yqjC_predicted,0.8260869565217391,40,22,CCTACCACATATATAGCGTA,18,5256141
yqjE_yqjK_yqjD_yqjC_predicted,0.08695652173913043,23,22,CCGGTAGGGCAGGCATATGC,1,5180516
yqjE_yqjK_yqjD_yqjC_predicted,0.21739130434782608,26,22,CCCGACAGAGACTGGAGCTT,4,5203439
yqjE_yqjK_yqjD_yqjC_predicted,1.0,44,22,CCAGCATTTTACAAGGGATA,22,5170989
yqjE_yqjK_yqjD_yqjC_predicted,0.8260869565217391,40,22,CCACGACTCCTGTGGCGAAT,18,5248836
yqjE_yqjK_yqjD_yqjC_predicted,2.130434782608696,70,22,CCAAGGCAACCCGCAATATG,48,5180839
yqjE_yqjK_yqjD_yqjC_predicted,0.6086956521739131,35,22,CCAACTAGGCAACATTGAAG,13,5233252
yqjE_yqjK_yqjD_yqjC_predicted,0.43478260869565216,31,22,CCAACAGGGTGGTAGGATTC,9,5215671
yqjE_yqjK_yqjD_yqjC_predicted,0.9130434782608695,42,22,CATCCACGCATCGGCTACGT,20,5238256
yqjE_yqjK_yqjD_yqjC_predicted,0.9565217391304348,43,22,CATACCCAGGGCAATGTGGC,21,5253877
yqjE_yqjK_yqjD_yqjC_predicted,0.43478260869565216,31,22,CACAACAAGTCGCCGTAGTG,9,5188108
yqjE_yqjK_yqjD_yqjC_predicted,1.4782608695652173,55,22,CAATACTATAGTACCCTCTC,33,5209271
yqjE_yqjK_yqjD_yqjC_predicted,1.0434782608695652,45,22,CAAGTGTCCATTGCACCTTT,23,5237519
yqjE_yqjK_yqjD_yqjC_predicted,0.21739130434782608,26,22,CAAGCCCGAGTGCAAGGCCG,4,5201531
yqjE_yqjK_yqjD_yqjC_predicted,1.3043478260869565,51,22,CAAACCTGTCGTATGCGCCA,29,5231781
yqjE_yqjK_yqjD_yqjC_predicted,0.8695652173913043,41,22,ATTTGCAGTGGTCGCAGGGT,19,5175318
yqjE_yqjK_yqjD_yqjC_predicted,0.08695652173913043,23,22,ATTTAAATCTGATGATGCCT,1,5237486
yqjE_yqjK_yqjD_yqjC_predicted,1.3043478260869565,51,22,ATTGTCATTTAGCAAGCGGG,29,5257043
yqjE_yqjK_yqjD_yqjC_predicted,0.8260869565217391,40,22,ATTATACAACGATTAATTGA,18,5179917
yqjE_yqjK_yqjD_yqjC_predicted,1.3043478260869565,51,22,ATTAGGGATGTCTGGTCCAC,29,5234798
yqjE_yqjK_yqjD_yqjC_predicted,0.9130434782608695,42,22,ATGGCAGTAGACCTAGAGCG,20,5223058
yqjE_yqjK_yqjD_yqjC_predicted,1.173913043478261,48,22,ATGGAGCGCTATGCCATCGA,26,5240921
yqjE_yqjK_yqjD_yqjC_predicted,1.0434782608695652,45,22,ATCCTCCATATCTAGTCAAA,23,5189845
yqjE_yqjK_yqjD_yqjC_predicted,1.5217391304347827,56,22,ATCCGAATGATGGCTAGTTA,34,5188385
yqjE_yqjK_yqjD_yqjC_predicted,1.0,44,22,ATATAACCTGTCTTCTCGTG,22,5237822
yqjE_yqjK_yqjD_yqjC_predicted,0.782608695652174,39,22,ATACTATCGAATCAGCGCGA,17,5223474
yqjE_yqjK_yqjD_yqjC_predicted,0.6086956521739131,35,22,ATACGGACGGTAGTCACAAC,13,5201612
yqjE_yqjK_yqjD_yqjC_predicted,0.6086956521739131,35,22,ATAAGCAAACTCTATTTGTA,13,5186885
yqjE_yqjK_yqjD_yqjC_predicted,0.391304347826087,30,22,ATAACGGTTCGCGGCATTTC,8,5187922
yqjE_yqjK_yqjD_yqjC_predicted,0.6521739130434783,36,22,AGTTGACTACGGGGTAATCA,14,5196509
yqjE_yqjK_yqjD_yqjC_predicted,0.6521739130434783,36,22,AGTACCAACTCGGTTCAATC,14,5179602
yqjE_yqjK_yqjD_yqjC_predicted,0.8695652173913043,41,22,AGTACAACAGGTTCACATGA,19,5171679
yqjE_yqjK_yqjD_yqjC_predicted,0.17391304347826086,25,22,AGGTGCGTGAAAAAGATACA,3,5257793
yqjE_yqjK_yqjD_yqjC_predicted,0.5217391304347826,33,22,AGGTGAGCACGGCCGGCGGA,11,5229489
yqjE_yqjK_yqjD_yqjC_predicted,0.782608695652174,39,22,AGGGCGTTAGCGGGTCCGAC,17,5179913
yqjE_yqjK_yqjD_yqjC_predicted,2.4347826086956523,77,22,AGGGAGCTTTATAGGATGTG,55,5185359
yqjE_yqjK_yqjD_yqjC_predicted,0.43478260869565216,31,22,AGCTGAATAAAACTACTCTT,9,5205196
yqjE_yqjK_yqjD_yqjC_predicted,1.173913043478261,48,22,AGATTGCACTGCGCTGAACG,26,5185006
yqjE_yqjK_yqjD_yqjC_predicted,0.08695652173913043,23,22,AGAAGGGATCGGCTCCATGT,1,5177860
yqjE_yqjK_yqjD_yqjC_predicted,0.17391304347826086,25,22,ACTTCGCCTCCTCATACGGG,3,5232077
yqjE_yqjK_yqjD_yqjC_predicted,0.21739130434782608,26,22,ACTGATGCGCTCGGCGCGCA,4,5257852
yqjE_yqjK_yqjD_yqjC_predicted,0.6086956521739131,35,22,ACTCAAGTCCCACCGGCTCA,13,5218140
yqjE_yqjK_yqjD_yqjC_predicted,0.4782608695652174,32,22,ACGTACTTGTGAACTTGGCC,10,5208626
yqjE_yqjK_yqjD_yqjC_predicted,0.391304347826087,30,22,ACCTAAGCGCCGAGGTAGGA,8,5216080
yqjE_yqjK_yqjD_yqjC_predicted,0.9130434782608695,42,22,ACCGTTAAAACGGGTTTCAT,20,5174690
yqjE_yqjK_yqjD_yqjC_predicted,1.608695652173913,58,22,ACCGACATGAGGCCATAGGG,36,5235404
yqjE_yqjK_yqjD_yqjC_predicted,0.43478260869565216,31,22,ACCAGACACACATCTGCGTC,9,5185976
yqjE_yqjK_yqjD_yqjC_predicted,0.2608695652173913,27,22,ACATTTCGGTTCCGGTCGGG,5,5231659
yqjE_yqjK_yqjD_yqjC_predicted,0.5652173913043478,34,22,ACATAAGACGCTCGGCCATT,12,5200248
yqjE_yqjK_yqjD_yqjC_predicted,0.21739130434782608,26,22,ACAGTGTTTCATATGTAGGG,4,5247447
yqjE_yqjK_yqjD_yqjC_predicted,0.4782608695652174,32,22,ACAGTCTGTAAATTCCCATA,10,5256785
yqjE_yqjK_yqjD_yqjC_predicted,0.43478260869565216,31,22,ACACGACGGGGAAAGACGAG,9,5212051
yqjE_yqjK_yqjD_yqjC_predicted,0.6521739130434783,36,22,ACAAAACAATGCGACGAGTA,14,5254598
yqjE_yqjK_yqjD_yqjC_predicted,0.4782608695652174,32,22,AATGTGATGGACCGCGATTT,10,5225945
yqjE_yqjK_yqjD_yqjC_predicted,0.5652173913043478,34,22,AATACTAGATCTCGCGTGAT,12,5242988
yqjE_yqjK_yqjD_yqjC_predicted,0.08695652173913043,23,22,AAGGTAGTTTCCCTCATAGT,1,5171544
yqjE_yqjK_yqjD_yqjC_predicted,0.21739130434782608,26,22,AAGGTACGCACTCGTGTGCA,4,5218815
yqjE_yqjK_yqjD_yqjC_predicted,0.9565217391304348,43,22,AAGCATACGTGACGTGTGGT,21,5193000
yqjE_yqjK_yqjD_yqjC_predicted,0.2608695652173913,27,22,AACTTAGCAGCGGCTGTCGG,5,5206206
yqjE_yqjK_yqjD_yqjC_predicted,2.130434782608696,70,22,AACGTTTCGGATGCGGCCTG,48,5184509
yqjE_yqjK_yqjD_yqjC_predicted,1.0434782608695652,45,22,AACGGGACGCACTGATCTCA,23,5259196
yqjE_yqjK_yqjD_yqjC_predicted,0.08695652173913043,23,22,AAATTCACTAGATTGATACG,1,5204453
yqjE_yqjK_yqjD_yqjC_predicted,0.2608695652173913,27,22,AAAGGCACCAACTGTGTTGA,5,5250795
yqjE_yqjK_yqjD_yqjC_predicted,1.608695652173913,58,22,AAACCCCTCCAATTAGATTA,36,5190004
yqjE_yqjK_yqjD_yqjC_predicted,0.43478260869565216,31,22,AAAAAGGACTCAGAAACAAG,9,5250826
yqjE_yqjK_yqjD_yqjC_predicted,0.13043478260869565,24,22,AAAAAGCGGCTTTGGTACAT,2,5207809
yqjE_yqjK_yqjD_yqjC_predicted,1.6818181818181819,57,21,TTTCCGACCCTGGATAATGC,36,5232334
yqjE_yqjK_yqjD_yqjC_predicted,0.6818181818181818,35,21,TTGCACATTCCGGGATGGAC,14,5262874
yqjE_yqjK_yqjD_yqjC_predicted,4.590909090909091,121,21,TTGAATGTGCCTTAACATCC,100,5197228
yqjE_yqjK_yqjD_yqjC_predicted,0.45454545454545453,30,21,TTATTGCGCATGGCTGATTT,9,5203830
yqjE_yqjK_yqjD_yqjC_predicted,0.22727272727272727,25,21,TTAGCCAGAAGCCACCTTAT,4,5249939
yqjE_yqjK_yqjD_yqjC_predicted,0.9090909090909091,40,21,TTACGTACACGTGCGTACGC,19,5239087
yqjE_yqjK_yqjD_yqjC_predicted,0.36363636363636365,28,21,TGTTTTGGTTCGCGAAAGTA,7,5236901
yqjE_yqjK_yqjD_yqjC_predicted,0.3181818181818182,27,21,TGTGCGGGACCTTTCCATCT,6,5194259
yqjE_yqjK_yqjD_yqjC_predicted,0.5,31,21,TGGTGGATGTGGTCACGTGT,10,5256899
yqjE_yqjK_yqjD_yqjC_predicted,1.5,53,21,TGGGTGGGTGGTAAGGTGAA,32,5240251
yqjE_yqjK_yqjD_yqjC_predicted,2.6818181818181817,79,21,TGGCTTTGGTCTGACTTAAT,58,5237435
yqjE_yqjK_yqjD_yqjC_predicted,0.22727272727272727,25,21,TGCTAATAAGAGAGTGTTAT,4,5246048
yqjE_yqjK_yqjD_yqjC_predicted,0.2727272727272727,26,21,TGCAATAAATACAGGTTTAG,5,5230177
yqjE_yqjK_yqjD_yqjC_predicted,0.09090909090909091,22,21,TGATTTTCCGTTAGCTAGTC,1,5218893
yqjE_yqjK_yqjD_yqjC_predicted,1.5909090909090908,55,21,TGATTCGCGGCCAGGCCACC,34,5238056
yqjE_yqjK_yqjD_yqjC_predicted,0.5454545454545454,32,21,TGATGGTCAATAATATCCAG,11,5228760
yqjE_yqjK_yqjD_yqjC_predicted,0.13636363636363635,23,21,TGATCGCTCGCGTTCAATTT,2,5216756
yqjE_yqjK_yqjD_yqjC_predicted,0.18181818181818182,24,21,TGATAAGAGGGTTCCTGCTC,3,5177450
yqjE_yqjK_yqjD_yqjC_predicted,0.5454545454545454,32,21,TGAGATACCTTCAGGCAGAA,11,5203918
yqjE_yqjK_yqjD_yqjC_predicted,0.09090909090909091,22,21,TGACATTCAGTTAACTAGAG,1,5241755
yqjE_yqjK_yqjD_yqjC_predicted,0.6363636363636364,34,21,TCTGAGCGCCGAACATGGAA,13,5252052
yqjE_yqjK_yqjD_yqjC_predicted,1.4545454545454546,52,21,TCGGAGATCGGACCGGCGGT,31,5191715
yqjE_yqjK_yqjD_yqjC_predicted,0.45454545454545453,30,21,TCGCGCGGGGACCATTTTTC,9,5262148
yqjE_yqjK_yqjD_yqjC_predicted,0.2727272727272727,26,21,TCGATGGCAAGCCTTGTGTG,5,5187048
yqjE_yqjK_yqjD_yqjC_predicted,0.8636363636363636,39,21,TCGACTACTAAAAGAGAAGA,18,5188655
yqjE_yqjK_yqjD_yqjC_predicted,0.22727272727272727,25,21,TCCTCGCATCTGTGCAAGAC,4,5202450
yqjE_yqjK_yqjD_yqjC_predicted,0.9545454545454546,41,21,TCCGTACCAATCAGGCTCAA,20,5175712
yqjE_yqjK_yqjD_yqjC_predicted,0.36363636363636365,28,21,TCCCGCTTTGATGGGCGAAG,7,5206077
yqjE_yqjK_yqjD_yqjC_predicted,1.0454545454545454,43,21,TCCCCCGCACTCTGTAGAGC,22,5231628
yqjE_yqjK_yqjD_yqjC_predicted,0.5454545454545454,32,21,TCCCAGCGCGCTGTGTAACG,11,5227460
yqjE_yqjK_yqjD_yqjC_predicted,0.7727272727272727,37,21,TCCATGGGCTACCGGCCTCG,16,5239400
yqjE_yqjK_yqjD_yqjC_predicted,0.8636363636363636,39,21,TCATGTGCGTGGTGAGTTGC,18,5256911
yqjE_yqjK_yqjD_yqjC_predicted,0.8181818181818182,38,21,TCAGACCTGTGAGGTTTCTA,17,5262217
yqjE_yqjK_yqjD_yqjC_predicted,0.5454545454545454,32,21,TCAAGGCCGCACCCAGGACC,11,5253718
yqjE_yqjK_yqjD_yqjC_predicted,0.5,31,21,TCAACGCGACATGGGACTAC,10,5222645
yqjE_yqjK_yqjD_yqjC_predicted,0.09090909090909091,22,21,TATGTTACGGCAAGGTAGTA,1,5183443
yqjE_yqjK_yqjD_yqjC_predicted,0.22727272727272727,25,21,TATGGGATCTCATGATATGG,4,5220305
yqjE_yqjK_yqjD_yqjC_predicted,0.8636363636363636,39,21,TATGGGAACTACTCCACATT,18,5235864
yqjE_yqjK_yqjD_yqjC_predicted,0.2727272727272727,26,21,TATGAGCGCCAATCGGGGTT,5,5177518
yqjE_yqjK_yqjD_yqjC_predicted,1.4545454545454546,52,21,TAGGTCCCGGGGAGTGACTC,31,5192103
yqjE_yqjK_yqjD_yqjC_predicted,0.9545454545454546,41,21,TAGGGAACCAGTCCAGACCT,20,5206737
yqjE_yqjK_yqjD_yqjC_predicted,1.0,42,21,TAGGAGCGGCTCTAGACTCT,21,5196078
yqjE_yqjK_yqjD_yqjC_predicted,0.7727272727272727,37,21,TAGCTTTAGTACCGGGCGTC,16,5230745
yqjE_yqjK_yqjD_yqjC_predicted,0.36363636363636365,28,21,TACTTTACCCTAGCAACTTG,7,5229691
yqjE_yqjK_yqjD_yqjC_predicted,1.0909090909090908,44,21,TACACCGCTGGAGTAGAAGG,23,5234663
yqjE_yqjK_yqjD_yqjC_predicted,0.2727272727272727,26,21,TAAACCGCCTCACGGGTCCA,5,5249316
yqjE_yqjK_yqjD_yqjC_predicted,2.1818181818181817,68,21,GTTTGCTCAAACAAAGAAGC,47,5236898
yqjE_yqjK_yqjD_yqjC_predicted,1.7727272727272727,59,21,GTTGTGCGTCCCGCATGATG,38,5226863
yqjE_yqjK_yqjD_yqjC_predicted,0.6363636363636364,34,21,GTGTCTGTCGGATGAGGAAT,13,5202481
yqjE_yqjK_yqjD_yqjC_predicted,0.18181818181818182,24,21,GTGGCGGATGACTTAGCTCT,3,5189345
yqjE_yqjK_yqjD_yqjC_predicted,0.2727272727272727,26,21,GTGACCCTATCCGTATGTAA,5,5171408
yqjE_yqjK_yqjD_yqjC_predicted,0.8181818181818182,38,21,GTCAGGGCAGTGGACCTAGC,17,5232904
yqjE_yqjK_yqjD_yqjC_predicted,0.09090909090909091,22,21,GTCAGCGCAATAGCGTAGAG,1,5193254
yqjE_yqjK_yqjD_yqjC_predicted,0.09090909090909091,22,21,GTCAATTGTTTACCTTATTC,1,5199553
yqjE_yqjK_yqjD_yqjC_predicted,0.4090909090909091,29,21,GTCAAAATCCATGTAACATT,8,5210782
yqjE_yqjK_yqjD_yqjC_predicted,1.1363636363636365,45,21,GTATTTGGCACCTTCAAATT,24,5189481
yqjE_yqjK_yqjD_yqjC_predicted,1.3636363636363635,50,21,GTAGTGTTTGCCCGTCACTT,29,5218397
yqjE_yqjK_yqjD_yqjC_predicted,0.4090909090909091,29,21,GTAGAGAGTCCGATAAGTTT,8,5255034
yqjE_yqjK_yqjD_yqjC_predicted,0.36363636363636365,28,21,GTAAGCAAGAGAGTACTGAT,7,5205327
yqjE_yqjK_yqjD_yqjC_predicted,4.363636363636363,116,21,GTAACCGCGACTACGTTCCA,95,5220746
yqjE_yqjK_yqjD_yqjC_predicted,0.18181818181818182,24,21,GTAAAATCAAAGGGATGCAA,3,5242106
yqjE_yqjK_yqjD_yqjC_predicted,0.45454545454545453,30,21,GGTCTTGATCTTAGGTTTGC,9,5245450
yqjE_yqjK_yqjD_yqjC_predicted,0.3181818181818182,27,21,GGTAGCGGAGCCAAAAGTGC,6,5249146
yqjE_yqjK_yqjD_yqjC_predicted,0.45454545454545453,30,21,GGGTTATGCCAAGGTTGCCA,9,5212991
yqjE_yqjK_yqjD_yqjC_predicted,0.6818181818181818,35,21,GGGTTACTCTGACAACGGTT,14,5181489
yqjE_yqjK_yqjD_yqjC_predicted,0.5909090909090909,33,21,GGGTGATCTTAAATGATCGA,12,5215359
yqjE_yqjK_yqjD_yqjC_predicted,0.3181818181818182,27,21,GGGCATTTTTCTTCAGGAAG,6,5234024
yqjE_yqjK_yqjD_yqjC_predicted,0.3181818181818182,27,21,GGGCATGAGAGGATGCTGCA,6,5247567
yqjE_yqjK_yqjD_yqjC_predicted,0.09090909090909091,22,21,GGCTTTGACACACTCTCCGG,1,5239543
yqjE_yqjK_yqjD_yqjC_predicted,1.1818181818181819,46,21,GGCTCTCCAAGGGCTCCTTT,25,5262020
yqjE_yqjK_yqjD_yqjC_predicted,0.6818181818181818,35,21,GGCATGGCGAGTGTTTGCGA,14,5199442
yqjE_yqjK_yqjD_yqjC_predicted,0.13636363636363635,23,21,GGATGTGGGTTCAACTTCCG,2,5233539
yqjE_yqjK_yqjD_yqjC_predicted,1.1818181818181819,46,21,GGATGTGATGACCGACGCTA,25,5209394
yqjE_yqjK_yqjD_yqjC_predicted,0.7272727272727273,36,21,GGACATCCTTGGGAAATCGC,15,5195415
yqjE_yqjK_yqjD_yqjC_predicted,0.6818181818181818,35,21,GCTGCACATCCATCCATGGC,14,5195342
yqjE_yqjK_yqjD_yqjC_predicted,0.36363636363636365,28,21,GCTCCGGCTTGTAGGTGTCG,7,5215627
yqjE_yqjK_yqjD_yqjC_predicted,0.2727272727272727,26,21,GCTAGGATCTAAAGGAAAGC,5,5231087
yqjE_yqjK_yqjD_yqjC_predicted,0.6818181818181818,35,21,GCTAATCGGGCAGGCATAGG,14,5181820
yqjE_yqjK_yqjD_yqjC_predicted,0.8181818181818182,38,21,GCGTTGGAGCGTAGCCCCGG,17,5232638
yqjE_yqjK_yqjD_yqjC_predicted,0.5454545454545454,32,21,GCGGGCACAGATCCCCGAGA,11,5258707
yqjE_yqjK_yqjD_yqjC_predicted,0.13636363636363635,23,21,GCGGACGAGTGATCATCTAG,2,5232909
yqjE_yqjK_yqjD_yqjC_predicted,0.8636363636363636,39,21,GCCGTCTTGGGCATGTTTAA,18,5192049
yqjE_yqjK_yqjD_yqjC_predicted,0.13636363636363635,23,21,GCCGTCCTTTACTATGCTGT,2,5253117
yqjE_yqjK_yqjD_yqjC_predicted,0.7727272727272727,37,21,GCCCCCAATGGTATTCAGAT,16,5225180
yqjE_yqjK_yqjD_yqjC_predicted,0.5,31,21,GCATTTAGGGACGGGGTGTG,10,5248522
yqjE_yqjK_yqjD_yqjC_predicted,0.18181818181818182,24,21,GCAGCTTGAACTCTGTTTGT,3,5185521
yqjE_yqjK_yqjD_yqjC_predicted,0.9545454545454546,41,21,GCACCCGAAGGGTAGTCAAG,20,5255723
yqjE_yqjK_yqjD_yqjC_predicted,0.7727272727272727,37,21,GCAATCACCGAAACGACTGG,16,5184508
yqjE_yqjK_yqjD_yqjC_predicted,0.09090909090909091,22,21,GATCGAGCAACGAATTGATA,1,5199451
yqjE_yqjK_yqjD_yqjC_predicted,0.13636363636363635,23,21,GATAGGTGCTCCTTTCCAGT,2,5189587
yqjE_yqjK_yqjD_yqjC_predicted,0.2727272727272727,26,21,GAGTAGTGATTTTAATGGAA,5,5224066
yqjE_yqjK_yqjD_yqjC_predicted,0.09090909090909091,22,21,GAGGCTTTCTACGCGTTAAC,1,5223045
yqjE_yqjK_yqjD_yqjC_predicted,0.3181818181818182,27,21,GAGCGTCACAAATATGCAGT,6,5200080
yqjE_yqjK_yqjD_yqjC_predicted,0.09090909090909091,22,21,GAGATTTTTTGACGTGGGTT,1,5194741
yqjE_yqjK_yqjD_yqjC_predicted,1.4545454545454546,52,21,GAGATTTGTAACGGTGACTA,31,5231822
yqjE_yqjK_yqjD_yqjC_predicted,0.5454545454545454,32,21,GACTGTGCGCGTGGTAATCG,11,5223664
yqjE_yqjK_yqjD_yqjC_predicted,1.1363636363636365,45,21,GACTACTTACAACCTCTCAT,24,5204433
yqjE_yqjK_yqjD_yqjC_predicted,0.5,31,21,GACGGATCGCACGATCCAGA,10,5220253
yqjE_yqjK_yqjD_yqjC_predicted,0.7727272727272727,37,21,GACCGTTCGCCCGTCCCACA,16,5189548
yqjE_yqjK_yqjD_yqjC_predicted,1.6818181818181819,57,21,GACCCCGCCGAGTTATTCTG,36,5186250
yqjE_yqjK_yqjD_yqjC_predicted,0.5909090909090909,33,21,GAATCTCGTACGGTGATCAT,12,5186533
yqjE_yqjK_yqjD_yqjC_predicted,0.5909090909090909,33,21,GAAGCTGGTTCGTTATAAGC,12,5236460
yqjE_yqjK_yqjD_yqjC_predicted,0.45454545454545453,30,21,GAAAGGTGGCCCGGCATGAT,9,5255345
yqjE_yqjK_yqjD_yqjC_predicted,0.9545454545454546,41,21,CTTGTTGGCGCTTGCTTCCT,20,5213919
yqjE_yqjK_yqjD_yqjC_predicted,0.09090909090909091,22,21,CTTGCGTCACTATCATTGTC,1,5215313
yqjE_yqjK_yqjD_yqjC_predicted,0.09090909090909091,22,21,CTTCTCTGATAGGAATACGG,1,5246143
yqjE_yqjK_yqjD_yqjC_predicted,0.6363636363636364,34,21,CTTATGTTATATGACAGTGT,13,5183616
yqjE_yqjK_yqjD_yqjC_predicted,0.36363636363636365,28,21,CTTAGGGGATAGTCAAAAGA,7,5246023
yqjE_yqjK_yqjD_yqjC_predicted,0.9090909090909091,40,21,CTTAAATTTGTCGTATTAAT,19,5211211
yqjE_yqjK_yqjD_yqjC_predicted,0.5,31,21,CTGGTCACCAGTGCCATCCA,10,5195573
yqjE_yqjK_yqjD_yqjC_predicted,0.3181818181818182,27,21,CTGGGCCAGTGGACCATCGG,6,5197764
yqjE_yqjK_yqjD_yqjC_predicted,0.2727272727272727,26,21,CTGGGCAAAGACTGGAATCG,5,5178946
yqjE_yqjK_yqjD_yqjC_predicted,0.13636363636363635,23,21,CTGCTTAAGTCTTCCGAGGG,2,5254327
yqjE_yqjK_yqjD_yqjC_predicted,5.363636363636363,138,21,CTGATAATACGCAGAGCAAA,117,5199118
yqjE_yqjK_yqjD_yqjC_predicted,1.0,42,21,CTGAGTCATTCTAGTCCCAT,21,5229833
yqjE_yqjK_yqjD_yqjC_predicted,0.3181818181818182,27,21,CTGAGTACACTGACTATGAC,6,5201571
yqjE_yqjK_yqjD_yqjC_predicted,1.4545454545454546,52,21,CTCCACCTCCCCAGTTCGAT,31,5185888
yqjE_yqjK_yqjD_yqjC_predicted,0.45454545454545453,30,21,CTCATTAGCCAACCTCGCGA,9,5176029
yqjE_yqjK_yqjD_yqjC_predicted,2.1818181818181817,68,21,CTATTTCTTGTGTCTGTTCT,47,5187969
yqjE_yqjK_yqjD_yqjC_predicted,4.045454545454546,109,21,CTATTGGTGTTAGTATTCTG,88,5198562
yqjE_yqjK_yqjD_yqjC_predicted,0.36363636363636365,28,21,CTAATGATTACGGTCAGACT,7,5253685
yqjE_yqjK_yqjD_yqjC_predicted,2.8181818181818183,82,21,CTAAAGATAAAAAGGGCTTG,61,5218909
yqjE_yqjK_yqjD_yqjC_predicted,0.8181818181818182,38,21,CGTTTCTCGCTACTGGCGCA,17,5208497
yqjE_yqjK_yqjD_yqjC_predicted,0.3181818181818182,27,21,CGTTTAGAGGACCCGTACAT,6,5237998
yqjE_yqjK_yqjD_yqjC_predicted,0.22727272727272727,25,21,CGTTCTGTCCTTCCCGTATA,4,5225611
yqjE_yqjK_yqjD_yqjC_predicted,0.18181818181818182,24,21,CGTTCAGCTGCAATGGTTTA,3,5226460
yqjE_yqjK_yqjD_yqjC_predicted,1.0,42,21,CGTCCGAGATCGGTGTTATG,21,5247476
yqjE_yqjK_yqjD_yqjC_predicted,0.22727272727272727,25,21,CGTAATAAATCCCAGGCTAG,4,5221146
yqjE_yqjK_yqjD_yqjC_predicted,0.9090909090909091,40,21,CGGTGGCAAAAACTTATCGA,19,5230656
yqjE_yqjK_yqjD_yqjC_predicted,0.13636363636363635,23,21,CGGTACGTCGTGTTGTCGTT,2,5170943
yqjE_yqjK_yqjD_yqjC_predicted,1.1363636363636365,45,21,CGGGTTGCGGCCGACCAAGC,24,5194189
yqjE_yqjK_yqjD_yqjC_predicted,0.6363636363636364,34,21,CGGGTGACAGACACGAAATC,13,5177299
yqjE_yqjK_yqjD_yqjC_predicted,1.3636363636363635,50,21,CGGGAGTTGTGACAGATGAG,29,5202704
yqjE_yqjK_yqjD_yqjC_predicted,2.227272727272727,69,21,CGCTTGCCGAGGGCTAGGCG,48,5247212
yqjE_yqjK_yqjD_yqjC_predicted,1.0909090909090908,44,21,CGCTAGGCTAACGGGGAAGT,23,5171684
yqjE_yqjK_yqjD_yqjC_predicted,0.13636363636363635,23,21,CGAGTCAGGCATGACCATAT,2,5215975
yqjE_yqjK_yqjD_yqjC_predicted,0.9545454545454546,41,21,CGAGGGAAAGACAACGTACG,20,5228779
yqjE_yqjK_yqjD_yqjC_predicted,1.3636363636363635,50,21,CGACTGCATATTCCCATCCT,29,5183978
yqjE_yqjK_yqjD_yqjC_predicted,0.13636363636363635,23,21,CGACGTGGGGTCACGAGCAA,2,5249390
yqjE_yqjK_yqjD_yqjC_predicted,0.5909090909090909,33,21,CGAACTCCGAGGTAATTCAC,12,5254315
yqjE_yqjK_yqjD_yqjC_predicted,1.4090909090909092,51,21,CCTTTCCAGTCTTGCGAAGA,30,5177784
yqjE_yqjK_yqjD_yqjC_predicted,0.36363636363636365,28,21,CCTGTTAGTGTGCCCTCCAG,7,5172061
yqjE_yqjK_yqjD_yqjC_predicted,1.0909090909090908,44,21,CCTATCATGCAGGTGGCACT,23,5204212
yqjE_yqjK_yqjD_yqjC_predicted,0.8181818181818182,38,21,CCGTGCGAACTTTTACCACA,17,5200357
yqjE_yqjK_yqjD_yqjC_predicted,0.5,31,21,CCGTACCCGTTTGAGTAACT,10,5174469
yqjE_yqjK_yqjD_yqjC_predicted,0.9545454545454546,41,21,CCGTAAGGTGTTTGACTAAC,20,5234084
yqjE_yqjK_yqjD_yqjC_predicted,1.0454545454545454,43,21,CCGGGCGTTCGATAAGCCAT,22,5219535
yqjE_yqjK_yqjD_yqjC_predicted,1.1818181818181819,46,21,CCGGCGGTCCTCCAAGGTCT,25,5190922
yqjE_yqjK_yqjD_yqjC_predicted,0.6818181818181818,35,21,CCCTTGCCTTATAAATAACA,14,5195335
yqjE_yqjK_yqjD_yqjC_predicted,0.36363636363636365,28,21,CCCTATTAATATCAGGGCCA,7,5202446
yqjE_yqjK_yqjD_yqjC_predicted,1.5454545454545454,54,21,CCCGTGTCCATCTATTGCAA,33,5206350
yqjE_yqjK_yqjD_yqjC_predicted,0.13636363636363635,23,21,CCCGGAAACCCGACATGTGT,2,5201528
yqjE_yqjK_yqjD_yqjC_predicted,0.4090909090909091,29,21,CCCGCTAAGGGGAACGCCAC,8,5241837
yqjE_yqjK_yqjD_yqjC_predicted,0.5,31,21,CCCCGTTGCGGCAGACCAGG,10,5241814
yqjE_yqjK_yqjD_yqjC_predicted,1.1363636363636365,45,21,CCCCGCATCAAGTTAGTAAT,24,5208206
yqjE_yqjK_yqjD_yqjC_predicted,0.09090909090909091,22,21,CCCCCGGCCTCGCTGGCGCC,1,5225332
yqjE_yqjK_yqjD_yqjC_predicted,0.5909090909090909,33,21,CCCACAGAAAGCACATTGAT,12,5227123
yqjE_yqjK_yqjD_yqjC_predicted,0.36363636363636365,28,21,CCATTCTCGGAGGGACGCTT,7,5236049
yqjE_yqjK_yqjD_yqjC_predicted,1.0454545454545454,43,21,CCATCGCGTACCTTTAAGGG,22,5173289
yqjE_yqjK_yqjD_yqjC_predicted,0.3181818181818182,27,21,CCACTGGGCGAAGTTACAGA,6,5262248
yqjE_yqjK_yqjD_yqjC_predicted,0.5,31,21,CCAATTGCCTTCCTTTGCTT,10,5246512
yqjE_yqjK_yqjD_yqjC_predicted,1.8636363636363635,61,21,CCAAGGCACGATGCCGAGGA,40,5174195
yqjE_yqjK_yqjD_yqjC_predicted,0.3181818181818182,27,21,CCAAGCCCCTACTTCTAATT,6,5261900
yqjE_yqjK_yqjD_yqjC_predicted,0.09090909090909091,22,21,CCAACTTCATCACACGTACA,1,5197860
yqjE_yqjK_yqjD_yqjC_predicted,1.8181818181818181,60,21,CCAACAATCACTGGTTCGAA,39,5189461
yqjE_yqjK_yqjD_yqjC_predicted,0.13636363636363635,23,21,CATTGGTTGGCCACTTAGTA,2,5242095
yqjE_yqjK_yqjD_yqjC_predicted,1.3636363636363635,50,21,CATGTATTACACCTGACTAC,29,5172502
yqjE_yqjK_yqjD_yqjC_predicted,0.22727272727272727,25,21,CATGGAGTCGGCCATTAGGT,4,5247106
yqjE_yqjK_yqjD_yqjC_predicted,0.09090909090909091,22,21,CAGTTTAAGTACTAATTTCC,1,5202005
yqjE_yqjK_yqjD_yqjC_predicted,0.22727272727272727,25,21,CAGTCCGTTGGGTCGTCGAA,4,5262044
yqjE_yqjK_yqjD_yqjC_predicted,1.0909090909090908,44,21,CAGAGCTGTACGCGGAGCGC,23,5247007
yqjE_yqjK_yqjD_yqjC_predicted,1.0909090909090908,44,21,CACTACCCTGAAAATCGCGT,23,5194814
yqjE_yqjK_yqjD_yqjC_predicted,0.5,31,21,CACGGTTCAAGATATGCGGA,10,5176065
yqjE_yqjK_yqjD_yqjC_predicted,15.454545454545455,360,21,CACCATTAGCGGAAGGTGAC,339,5180571
yqjE_yqjK_yqjD_yqjC_predicted,0.45454545454545453,30,21,CACAAACGGCAATGAAAATT,9,5245904
yqjE_yqjK_yqjD_yqjC_predicted,0.5454545454545454,32,21,CACAAACCGAGATATTACGT,11,5202253
yqjE_yqjK_yqjD_yqjC_predicted,0.4090909090909091,29,21,ATTTGAGGTTTTGAGCTCGA,8,5216600
yqjE_yqjK_yqjD_yqjC_predicted,1.0,42,21,ATTAAGGGGTTGTTCAGAAA,21,5203313
yqjE_yqjK_yqjD_yqjC_predicted,0.13636363636363635,23,21,ATGCGGAGCATACTGCTAGC,2,5208852
yqjE_yqjK_yqjD_yqjC_predicted,0.4090909090909091,29,21,ATCGTTTACGGTCCTAGAAA,8,5239094
yqjE_yqjK_yqjD_yqjC_predicted,1.0,42,21,ATCGTCGAACGTCATCGTTT,21,5207194
yqjE_yqjK_yqjD_yqjC_predicted,0.45454545454545453,30,21,ATCCTTTCTGATATGTCATA,9,5218291
yqjE_yqjK_yqjD_yqjC_predicted,0.4090909090909091,29,21,ATCCGTATGCAACGGGTGAA,8,5245577
yqjE_yqjK_yqjD_yqjC_predicted,0.09090909090909091,22,21,ATCCAATAAAAGGACGAATA,1,5228499
yqjE_yqjK_yqjD_yqjC_predicted,0.6363636363636364,34,21,ATCACGGCCTTTTTAACTGT,13,5191944
yqjE_yqjK_yqjD_yqjC_predicted,0.6818181818181818,35,21,ATCACCACGTCTTGGGACTT,14,5175381
yqjE_yqjK_yqjD_yqjC_predicted,0.5,31,21,ATAGGTTTCGGTGTAATCGT,10,5210106
yqjE_yqjK_yqjD_yqjC_predicted,0.36363636363636365,28,21,ATACGCTTGTCCGGAAGCTT,7,5173501
yqjE_yqjK_yqjD_yqjC_predicted,1.2727272727272727,48,21,ATACCGGCTTATTCCGATCT,27,5212859
yqjE_yqjK_yqjD_yqjC_predicted,1.8181818181818181,60,21,ATACAGACCTCCCCTGAGTC,39,5252093
yqjE_yqjK_yqjD_yqjC_predicted,0.9545454545454546,41,21,AGTTGATACGGAGCCGGAAA,20,5187785
yqjE_yqjK_yqjD_yqjC_predicted,0.5,31,21,AGTAAGGTTGTTCAGGAAGA,10,5247382
yqjE_yqjK_yqjD_yqjC_predicted,0.9090909090909091,40,21,AGGTGTGATTCCGGGGCTCA,19,5239605
yqjE_yqjK_yqjD_yqjC_predicted,0.2727272727272727,26,21,AGGCGCACATGCCGTAGGTC,5,5199222
yqjE_yqjK_yqjD_yqjC_predicted,0.9090909090909091,40,21,AGGCGCACACCCCTACTCGT,19,5235621
yqjE_yqjK_yqjD_yqjC_predicted,0.5454545454545454,32,21,AGATCAGCTTTAATTGATCT,11,5231171
yqjE_yqjK_yqjD_yqjC_predicted,1.0,42,21,AGAACACACGTCCAAGCCCT,21,5195289
yqjE_yqjK_yqjD_yqjC_predicted,0.8181818181818182,38,21,AGAACAATTTGCGGGTTTAA,17,5260629
yqjE_yqjK_yqjD_yqjC_predicted,0.2727272727272727,26,21,ACTCTTGAATCTAGCAAGCG,5,5228621
yqjE_yqjK_yqjD_yqjC_predicted,0.6363636363636364,34,21,ACTACACCAGTCTAGGTATC,13,5204716
yqjE_yqjK_yqjD_yqjC_predicted,0.7727272727272727,37,21,ACGGCTTGAGGGCAGAATCT,16,5230751
yqjE_yqjK_yqjD_yqjC_predicted,0.5,31,21,ACGAATCTGTGTGGTGGCCC,10,5214491
yqjE_yqjK_yqjD_yqjC_predicted,0.18181818181818182,24,21,ACCTGTGGGATAAGTACAGT,3,5217295
yqjE_yqjK_yqjD_yqjC_predicted,0.6363636363636364,34,21,ACCGGAATATTTGCGATAAG,13,5225064
yqjE_yqjK_yqjD_yqjC_predicted,0.5,31,21,ACCATATTGCCCGTTTTCGA,10,5231332
yqjE_yqjK_yqjD_yqjC_predicted,0.5,31,21,AATTCCCATCTTACAGACAA,10,5201132
yqjE_yqjK_yqjD_yqjC_predicted,0.6818181818181818,35,21,AATGGGAGTGCGCTTCATTC,14,5192206
yqjE_yqjK_yqjD_yqjC_predicted,0.09090909090909091,22,21,AAGTTTCGTGGGTAACACAT,1,5231526
yqjE_yqjK_yqjD_yqjC_predicted,0.6363636363636364,34,21,AAGTCTTAAATGACCATTGG,13,5210980
yqjE_yqjK_yqjD_yqjC_predicted,0.09090909090909091,22,21,AAGTATATAATGTGGCACTG,1,5181567
yqjE_yqjK_yqjD_yqjC_predicted,0.36363636363636365,28,21,AAGGTGTAGACTCGCCATTT,7,5209945
yqjE_yqjK_yqjD_yqjC_predicted,0.13636363636363635,23,21,AAGGACCATTCCGTTTACGA,2,5184703
yqjE_yqjK_yqjD_yqjC_predicted,0.36363636363636365,28,21,AAGCTCCCACCGCATGAGCC,7,5208667
yqjE_yqjK_yqjD_yqjC_predicted,0.09090909090909091,22,21,AACTCGTCGCTAATTCGCAG,1,5182079
yqjE_yqjK_yqjD_yqjC_predicted,0.22727272727272727,25,21,AACAGTTCGAATTCTGCGGG,4,5237296
yqjE_yqjK_yqjD_yqjC_predicted,0.18181818181818182,24,21,AACAGATCGACGGCCTCGTT,3,5196025
yqjE_yqjK_yqjD_yqjC_predicted,0.5909090909090909,33,21,AAATTGAAGCGGACAATGGA,12,5208978
yqjE_yqjK_yqjD_yqjC_predicted,0.9545454545454546,41,21,AAATCATCAATGTTCGTATG,20,5194018
yqjE_yqjK_yqjD_yqjC_predicted,0.18181818181818182,24,21,AAAGTTCATAATCACAGCTG,3,5209218
yqjE_yqjK_yqjD_yqjC_predicted,0.3181818181818182,27,21,AAAGGGGTGGAATTGCTCAA,6,5205941
yqjE_yqjK_yqjD_yqjC_predicted,1.1363636363636365,45,21,AAAGGGCCATCGTAAGCGCC,24,5222448
yqjE_yqjK_yqjD_yqjC_predicted,0.09090909090909091,22,21,AAAGAGCCATACAGGGTAAA,1,5178020
yqjE_yqjK_yqjD_yqjC_predicted,0.09090909090909091,22,21,AAACTGCCTTGTCCCGTTCA,1,5233156
yqjE_yqjK_yqjD_yqjC_predicted,0.2727272727272727,26,21,AAACGGTCCGAGGAACCTTT,5,5190724
yqjE_yqjK_yqjD_yqjC_predicted,1.0909090909090908,44,21,AAAAATCTGTTGCACCCCTC,23,5220947
yqjE_yqjK_yqjD_yqjC_predicted,0.5714285714285714,31,20,TTTTCACCGCGTACGATCTT,11,5186365
yqjE_yqjK_yqjD_yqjC_predicted,0.2857142857142857,25,20,TTTGATGCCCATCAAGAAGT,5,5224406
yqjE_yqjK_yqjD_yqjC_predicted,0.7619047619047619,35,20,TTTAGTACGCGACTTACCAA,15,5173757
yqjE_yqjK_yqjD_yqjC_predicted,0.47619047619047616,29,20,TTTAGCAGTACGCGTCGTCA,9,5207681
yqjE_yqjK_yqjD_yqjC_predicted,0.8571428571428571,37,20,TTGGTGAGAACCACATTCCA,17,5207066
yqjE_yqjK_yqjD_yqjC_predicted,0.38095238095238093,27,20,TTGACCTGCCTAGAGCAGGG,7,5216326
yqjE_yqjK_yqjD_yqjC_predicted,0.6666666666666666,33,20,TTCGTATTTTCTTGTGGATG,13,5196330
yqjE_yqjK_yqjD_yqjC_predicted,1.0952380952380953,42,20,TTCAAAGGGTCAATCGGTAG,22,5177032
yqjE_yqjK_yqjD_yqjC_predicted,0.14285714285714285,22,20,TTCAAAGCATGCGTGGACTA,2,5171260
yqjE_yqjK_yqjD_yqjC_predicted,2.5714285714285716,73,20,TTCAAAATGTGAATCTCCCC,53,5260635
yqjE_yqjK_yqjD_yqjC_predicted,1.6666666666666667,54,20,TTAATACATTTAGGTCCTCA,34,5219970
yqjE_yqjK_yqjD_yqjC_predicted,1.2857142857142858,46,20,TGTAACTATCCAAATCCGTC,26,5173216
yqjE_yqjK_yqjD_yqjC_predicted,1.6666666666666667,54,20,TGCTTCAAGTCTCCATCGAG,34,5205649
yqjE_yqjK_yqjD_yqjC_predicted,0.6190476190476191,32,20,TGCTTAGTCCGGAAAATGTC,12,5243496
yqjE_yqjK_yqjD_yqjC_predicted,0.6666666666666666,33,20,TGCTGGTCGGTCCACCAGTA,13,5203529
yqjE_yqjK_yqjD_yqjC_predicted,0.5238095238095238,30,20,TGCTCTCTATATGCTTAGGA,10,5217967
yqjE_yqjK_yqjD_yqjC_predicted,2.1904761904761907,65,20,TGCGACCAGACGGTTGGCAT,45,5182661
yqjE_yqjK_yqjD_yqjC_predicted,0.2857142857142857,25,20,TGATTCTTAACCATTGCCGC,5,5232524
yqjE_yqjK_yqjD_yqjC_predicted,0.7142857142857143,34,20,TGACTGACTCTGGTCTTGCA,14,5206145
yqjE_yqjK_yqjD_yqjC_predicted,1.0952380952380953,42,20,TGAACGCTGAATATCCACTG,22,5224525
yqjE_yqjK_yqjD_yqjC_predicted,0.3333333333333333,26,20,TCTGTCAACCCCGGTGTATC,6,5215453
yqjE_yqjK_yqjD_yqjC_predicted,0.5238095238095238,30,20,TCTGCGCTACGACTACCTCT,10,5176809
yqjE_yqjK_yqjD_yqjC_predicted,0.47619047619047616,29,20,TCTGCCGAGGTACATGGGAT,9,5205067
yqjE_yqjK_yqjD_yqjC_predicted,0.9523809523809523,39,20,TCTCGAGTGGGTTTTACGGT,19,5230603
yqjE_yqjK_yqjD_yqjC_predicted,1.0,40,20,TCGTTAGGGTGGGCGGGTTA,20,5178809
yqjE_yqjK_yqjD_yqjC_predicted,1.0952380952380953,42,20,TCGACAGGAGTCCTCACGTA,22,5200574
yqjE_yqjK_yqjD_yqjC_predicted,0.23809523809523808,24,20,TCGACACGCGAACGCTCTAC,4,5198449
yqjE_yqjK_yqjD_yqjC_predicted,0.47619047619047616,29,20,TCCACTTGCACCTGAGCCGA,9,5212224
yqjE_yqjK_yqjD_yqjC_predicted,1.0,40,20,TCAAGTGAGCCCCAGTGCCG,20,5183191
yqjE_yqjK_yqjD_yqjC_predicted,0.6190476190476191,32,20,TATGAATACCTCATGCTGGT,12,5181045
yqjE_yqjK_yqjD_yqjC_predicted,1.8571428571428572,58,20,TATATGGGTTGTGCGCTGCA,38,5254271
yqjE_yqjK_yqjD_yqjC_predicted,0.42857142857142855,28,20,TAGGGATATACCAATGCTAT,8,5244620
yqjE_yqjK_yqjD_yqjC_predicted,0.47619047619047616,29,20,TAGATGGGTAAGTTCCTAGT,9,5227045
yqjE_yqjK_yqjD_yqjC_predicted,0.38095238095238093,27,20,TAGATGGGGATTTTGGTATC,7,5198132
yqjE_yqjK_yqjD_yqjC_predicted,0.5238095238095238,30,20,TAGATAATTAGGTGCAAGAC,10,5230583
yqjE_yqjK_yqjD_yqjC_predicted,0.6190476190476191,32,20,TACGAGTCGAACCGAAGGTT,12,5208668
yqjE_yqjK_yqjD_yqjC_predicted,0.2857142857142857,25,20,TACAGGTGCCCCTCCCACGT,5,5215710
yqjE_yqjK_yqjD_yqjC_predicted,0.2857142857142857,25,20,TACAGGGTTGTGATCGAGTA,5,5173857
yqjE_yqjK_yqjD_yqjC_predicted,0.6666666666666666,33,20,TAATTCGCCTATATAAGGGC,13,5211163
yqjE_yqjK_yqjD_yqjC_predicted,0.38095238095238093,27,20,TAATTCAGTTATTTTTCGTT,7,5224338
yqjE_yqjK_yqjD_yqjC_predicted,0.38095238095238093,27,20,TAATCATTGATTCGTTGTTC,7,5178024
yqjE_yqjK_yqjD_yqjC_predicted,0.23809523809523808,24,20,TAAGCGGACGCTCGTAACTA,4,5213552
yqjE_yqjK_yqjD_yqjC_predicted,0.38095238095238093,27,20,TAAGACTCGAATCGCTGTGA,7,5182446
yqjE_yqjK_yqjD_yqjC_predicted,1.0476190476190477,41,20,TAACATCTAGAGCGTCTTCA,21,5224414
yqjE_yqjK_yqjD_yqjC_predicted,1.1428571428571428,43,20,TAAATTTGAACCTCCAGAGT,23,5251167
yqjE_yqjK_yqjD_yqjC_predicted,1.0476190476190477,41,20,GTGTTGCATTACAGACATTC,21,5175947
yqjE_yqjK_yqjD_yqjC_predicted,0.38095238095238093,27,20,GTGTTCCGCAGCATCGATGC,7,5185389
yqjE_yqjK_yqjD_yqjC_predicted,0.42857142857142855,28,20,GTGAAAGGTAAGTTCTCAGT,8,5218579
yqjE_yqjK_yqjD_yqjC_predicted,1.6666666666666667,54,20,GTCGGGCCTGGGAGCGAGGC,34,5199100
yqjE_yqjK_yqjD_yqjC_predicted,1.1904761904761905,44,20,GTCCGGCTAAAGTATTCAGT,24,5194874
yqjE_yqjK_yqjD_yqjC_predicted,2.0952380952380953,63,20,GTCCACTGATATGCCAGGCT,43,5253620
yqjE_yqjK_yqjD_yqjC_predicted,2.0,61,20,GTATAAACCCTACGAAGATC,41,5197389
yqjE_yqjK_yqjD_yqjC_predicted,0.2857142857142857,25,20,GTACCCCTCAATGAGGCTAT,5,5243404
yqjE_yqjK_yqjD_yqjC_predicted,1.2857142857142858,46,20,GGTTTTGTAGTTGCTTTTAA,26,5211591
yqjE_yqjK_yqjD_yqjC_predicted,0.23809523809523808,24,20,GGTTTAACAGGCCGGGTGCG,4,5186235
yqjE_yqjK_yqjD_yqjC_predicted,0.47619047619047616,29,20,GGTTATACTGATATCCGGTA,9,5201401
yqjE_yqjK_yqjD_yqjC_predicted,1.2380952380952381,45,20,GGTGATTACACACTACTCCC,25,5230350
yqjE_yqjK_yqjD_yqjC_predicted,0.14285714285714285,22,20,GGTCGGCCGAAAAACTCGCT,2,5260233
yqjE_yqjK_yqjD_yqjC_predicted,0.9047619047619048,38,20,GGGTTCACTTGCAATCCTTT,18,5220184
yqjE_yqjK_yqjD_yqjC_predicted,0.09523809523809523,21,20,GGGTCGCTGTGGTGACAAAA,1,5262549
yqjE_yqjK_yqjD_yqjC_predicted,2.4761904761904763,71,20,GGGTATCACGAGCGACGTTG,51,5237629
yqjE_yqjK_yqjD_yqjC_predicted,0.19047619047619047,23,20,GGGGGACTGGGACTAGCAGC,3,5209712
yqjE_yqjK_yqjD_yqjC_predicted,0.38095238095238093,27,20,GGGGATTCGAATTCCTATAG,7,5216655
yqjE_yqjK_yqjD_yqjC_predicted,0.47619047619047616,29,20,GGGCTGTATGAGCATCGAAT,9,5210675
yqjE_yqjK_yqjD_yqjC_predicted,0.3333333333333333,26,20,GGGAACTATGTTATCAAGGC,6,5236050
yqjE_yqjK_yqjD_yqjC_predicted,1.1428571428571428,43,20,GGCGAGAGGAAGGTGGAATG,23,5184131
yqjE_yqjK_yqjD_yqjC_predicted,1.6666666666666667,54,20,GGCCCGTGGTCGACTGTGCT,34,5261338
yqjE_yqjK_yqjD_yqjC_predicted,0.5714285714285714,31,20,GGCATCTATTTCGAGGTCAT,11,5238661
yqjE_yqjK_yqjD_yqjC_predicted,0.23809523809523808,24,20,GGATGGTTCCGGAGCAGTTG,4,5191925
yqjE_yqjK_yqjD_yqjC_predicted,1.1428571428571428,43,20,GGATGGACAAAACTGGAGAT,23,5179369
yqjE_yqjK_yqjD_yqjC_predicted,0.3333333333333333,26,20,GGAGTAAGCCGTTAAAGTGC,6,5180510
yqjE_yqjK_yqjD_yqjC_predicted,0.5238095238095238,30,20,GGAGGTGGTACTGCTGTGTG,10,5205747
yqjE_yqjK_yqjD_yqjC_predicted,0.2857142857142857,25,20,GGAGCTTAGGGGGACTGCTT,5,5187695
yqjE_yqjK_yqjD_yqjC_predicted,0.42857142857142855,28,20,GGACGGCCAGATGTCCCGGC,8,5224631
yqjE_yqjK_yqjD_yqjC_predicted,0.8095238095238095,36,20,GGACAACGATCGAACATGTT,16,5220630
yqjE_yqjK_yqjD_yqjC_predicted,0.14285714285714285,22,20,GGAAATCCCAACCGTCAATA,2,5191155
yqjE_yqjK_yqjD_yqjC_predicted,0.6666666666666666,33,20,GCTGGCTTAACATCATAGTC,13,5171888
yqjE_yqjK_yqjD_yqjC_predicted,0.14285714285714285,22,20,GCTCGTGGAGTACCCATGTA,2,5241597
yqjE_yqjK_yqjD_yqjC_predicted,1.7142857142857142,55,20,GCTACGACACAGTCGATTCG,35,5218706
yqjE_yqjK_yqjD_yqjC_predicted,0.5238095238095238,30,20,GCTAACACCACTGGGTAAGG,10,5176323
yqjE_yqjK_yqjD_yqjC_predicted,0.5238095238095238,30,20,GCGTCTGGATCTGCATACTC,10,5195200
yqjE_yqjK_yqjD_yqjC_predicted,1.6666666666666667,54,20,GCGGGAAGTTACTACTTCCG,34,5172446
yqjE_yqjK_yqjD_yqjC_predicted,1.5238095238095237,51,20,GCGATCAAAGGAACTGCCAA,31,5233711
yqjE_yqjK_yqjD_yqjC_predicted,0.9047619047619048,38,20,GCGAGTGCGCCGCCGAGGTG,18,5172642
yqjE_yqjK_yqjD_yqjC_predicted,0.2857142857142857,25,20,GCGAACAAAGAATATGCGGC,5,5181352
yqjE_yqjK_yqjD_yqjC_predicted,0.19047619047619047,23,20,GCCTCAGTTTTAGTCTATAA,3,5178582
yqjE_yqjK_yqjD_yqjC_predicted,0.42857142857142855,28,20,GCCGACCTGGAGTTGTTATG,8,5225054
yqjE_yqjK_yqjD_yqjC_predicted,0.2857142857142857,25,20,GCCCGGCCAAGTAACAGAAC,5,5198201
yqjE_yqjK_yqjD_yqjC_predicted,1.1428571428571428,43,20,GCCCAGGATTGGACTCCGTC,23,5190229
yqjE_yqjK_yqjD_yqjC_predicted,0.42857142857142855,28,20,GCATGAGTAATAATCCTGGT,8,5214094
yqjE_yqjK_yqjD_yqjC_predicted,0.38095238095238093,27,20,GCAAGTACATAAGCGTCCGA,7,5220622
yqjE_yqjK_yqjD_yqjC_predicted,0.8095238095238095,36,20,GCAAGCTGTCCTGGTACTCA,16,5190401
yqjE_yqjK_yqjD_yqjC_predicted,0.23809523809523808,24,20,GCAACACAGCCCGAACGACT,4,5206915
yqjE_yqjK_yqjD_yqjC_predicted,0.09523809523809523,21,20,GATTAGGCAGCTCACAGTGA,1,5206325
yqjE_yqjK_yqjD_yqjC_predicted,0.09523809523809523,21,20,GATCCAAGCATCTGCAGCAT,1,5226649
yqjE_yqjK_yqjD_yqjC_predicted,0.2857142857142857,25,20,GAGTCGGGTACGGCAGGGTC,5,5182669
yqjE_yqjK_yqjD_yqjC_predicted,0.8571428571428571,37,20,GAGTAAGGGAGACCCCCTAC,17,5239266
yqjE_yqjK_yqjD_yqjC_predicted,0.09523809523809523,21,20,GAGGGCTGACCGGAATACAG,1,5243651
yqjE_yqjK_yqjD_yqjC_predicted,0.9047619047619048,38,20,GAGCGGCTGAATGTATGTTG,18,5186475
yqjE_yqjK_yqjD_yqjC_predicted,0.5238095238095238,30,20,GAGAGGGTACGTCATCTTTA,10,5199369
yqjE_yqjK_yqjD_yqjC_predicted,0.23809523809523808,24,20,GACTGTTGACTTAGGGGCTT,4,5234360
yqjE_yqjK_yqjD_yqjC_predicted,0.14285714285714285,22,20,GACTGGACAAAACGGTATGA,2,5177526
yqjE_yqjK_yqjD_yqjC_predicted,1.3333333333333333,47,20,GACTCCCGGTGAAGCAGTAG,27,5241479
yqjE_yqjK_yqjD_yqjC_predicted,0.2857142857142857,25,20,GACTAGCTAGGCACCCAGGA,5,5207599
yqjE_yqjK_yqjD_yqjC_predicted,0.2857142857142857,25,20,GACGACCAATGTGAGCCCGG,5,5220504
yqjE_yqjK_yqjD_yqjC_predicted,1.0476190476190477,41,20,GACAGTGGGGACATTCTACC,21,5248186
yqjE_yqjK_yqjD_yqjC_predicted,0.9523809523809523,39,20,GACACAGCCTGACCCTCGCG,19,5219151
yqjE_yqjK_yqjD_yqjC_predicted,0.14285714285714285,22,20,GAATACTTGAAAAACTAGCC,2,5199763
yqjE_yqjK_yqjD_yqjC_predicted,0.8571428571428571,37,20,CTTTGTCTACGATAGCACCG,17,5213996
yqjE_yqjK_yqjD_yqjC_predicted,0.5714285714285714,31,20,CTTGTGTCCTCCAAGCCCGG,11,5254037
yqjE_yqjK_yqjD_yqjC_predicted,0.2857142857142857,25,20,CTTGGCTTATACCGCGTCAT,5,5211949
yqjE_yqjK_yqjD_yqjC_predicted,0.9047619047619048,38,20,CTTGCGATGTGGAGCCTGAG,18,5174651
yqjE_yqjK_yqjD_yqjC_predicted,1.1904761904761905,44,20,CTTCCGTGGGACGCAGGGAA,24,5247027
yqjE_yqjK_yqjD_yqjC_predicted,0.23809523809523808,24,20,CTTATAGCGTAAAAAAGCAA,4,5222625
yqjE_yqjK_yqjD_yqjC_predicted,0.2857142857142857,25,20,CTGGGGTCACCATAGTATTG,5,5255158
yqjE_yqjK_yqjD_yqjC_predicted,1.1904761904761905,44,20,CTGGATGTTTTATTCCACAA,24,5208907
yqjE_yqjK_yqjD_yqjC_predicted,1.6666666666666667,54,20,CTGCCCTATGAGGGGTTCGC,34,5251769
yqjE_yqjK_yqjD_yqjC_predicted,0.09523809523809523,21,20,CTCTAAACCGTCCGTGCATC,1,5252118
yqjE_yqjK_yqjD_yqjC_predicted,0.6666666666666666,33,20,CTAGCGCAGGCGTTTAATTC,13,5221977
yqjE_yqjK_yqjD_yqjC_predicted,0.14285714285714285,22,20,CTACAAGGACACCCCAAAAA,2,5179577
yqjE_yqjK_yqjD_yqjC_predicted,0.47619047619047616,29,20,CGTTTCAGTTATACCCCGTG,9,5194803
yqjE_yqjK_yqjD_yqjC_predicted,0.38095238095238093,27,20,CGTTCTGTGTGATCTGGACC,7,5242439
yqjE_yqjK_yqjD_yqjC_predicted,0.14285714285714285,22,20,CGTCCCATATAACCCGTCCC,2,5259916
yqjE_yqjK_yqjD_yqjC_predicted,0.2857142857142857,25,20,CGGTTCTAAAGCTAATGGAC,5,5229033
yqjE_yqjK_yqjD_yqjC_predicted,0.5238095238095238,30,20,CGGGTCGCATGTTAGCCTTA,10,5229905
yqjE_yqjK_yqjD_yqjC_predicted,0.47619047619047616,29,20,CGGCCTTGCCACTGGCCGCA,9,5205551
yqjE_yqjK_yqjD_yqjC_predicted,0.2857142857142857,25,20,CGGCCGCCGACGGCATTATC,5,5258756
yqjE_yqjK_yqjD_yqjC_predicted,0.19047619047619047,23,20,CGGATCCTTTTCCAAGACCT,3,5193485
yqjE_yqjK_yqjD_yqjC_predicted,0.5714285714285714,31,20,CGGAGGCCTACGCAACACTA,11,5205567
yqjE_yqjK_yqjD_yqjC_predicted,0.19047619047619047,23,20,CGCGTTCTACCTGCGAATGC,3,5172531
yqjE_yqjK_yqjD_yqjC_predicted,1.0476190476190477,41,20,CGCGTATGCGTGTCACCTGA,21,5202445
yqjE_yqjK_yqjD_yqjC_predicted,0.47619047619047616,29,20,CGCGGCGTCAGTCTCACTCA,9,5173680
yqjE_yqjK_yqjD_yqjC_predicted,0.42857142857142855,28,20,CGCGATGAGTCTCTTCGGGT,8,5237748
yqjE_yqjK_yqjD_yqjC_predicted,0.6666666666666666,33,20,CGCGACCAAATCAAAGGCCT,13,5200874
yqjE_yqjK_yqjD_yqjC_predicted,0.9523809523809523,39,20,CGCCGTCATGGGCGAAGGTT,19,5209344
yqjE_yqjK_yqjD_yqjC_predicted,0.14285714285714285,22,20,CGATTCACTGTTATGTCGTT,2,5258940
yqjE_yqjK_yqjD_yqjC_predicted,0.42857142857142855,28,20,CGATTAACTTTTTGGTACAC,8,5181519
yqjE_yqjK_yqjD_yqjC_predicted,1.0476190476190477,41,20,CGATCCCGTCCGCTTGCACA,21,5198450
yqjE_yqjK_yqjD_yqjC_predicted,0.9047619047619048,38,20,CGAGTGGAGGGTTTGTTATA,18,5172705
yqjE_yqjK_yqjD_yqjC_predicted,0.8571428571428571,37,20,CGAGACCGGAGCGCCAGGAT,17,5189968
yqjE_yqjK_yqjD_yqjC_predicted,0.7619047619047619,35,20,CCTGTAAGAGAGGCTACTAT,15,5190952
yqjE_yqjK_yqjD_yqjC_predicted,1.0952380952380953,42,20,CCTCGCAAACAGCAAATTTT,22,5240692
yqjE_yqjK_yqjD_yqjC_predicted,0.6190476190476191,32,20,CCTACCTGCGTAATGGGCAA,12,5176151
yqjE_yqjK_yqjD_yqjC_predicted,0.2857142857142857,25,20,CCGGTCGGTGCTTTCCGGCA,5,5190545
yqjE_yqjK_yqjD_yqjC_predicted,0.09523809523809523,21,20,CCGGGGATGTGAATGTTACT,1,5258251
yqjE_yqjK_yqjD_yqjC_predicted,0.8095238095238095,36,20,CCGCCTCGTTGGTCTATCAA,16,5199683
yqjE_yqjK_yqjD_yqjC_predicted,2.0476190476190474,62,20,CCGACTCGTTCTAGAGGTAT,42,5218282
yqjE_yqjK_yqjD_yqjC_predicted,1.5238095238095237,51,20,CCCTTTTTCCGCCTTCTCTA,31,5190481
yqjE_yqjK_yqjD_yqjC_predicted,0.8095238095238095,36,20,CCCTTGGAAACATCTGAAAC,16,5217419
yqjE_yqjK_yqjD_yqjC_predicted,0.09523809523809523,21,20,CCCGGTAAACTGCTCGCCCC,1,5178018
yqjE_yqjK_yqjD_yqjC_predicted,1.0952380952380953,42,20,CCCGGCCCGGTCAGGTGTCA,22,5198139
yqjE_yqjK_yqjD_yqjC_predicted,0.14285714285714285,22,20,CCCGGCAATTGCCGGATTGA,2,5219357
yqjE_yqjK_yqjD_yqjC_predicted,1.3333333333333333,47,20,CCCGACTTTGCAAGCTTAAT,27,5228362
yqjE_yqjK_yqjD_yqjC_predicted,0.09523809523809523,21,20,CCATCGTCCCACAACAGGAA,1,5253850
yqjE_yqjK_yqjD_yqjC_predicted,0.3333333333333333,26,20,CCATCGCAATCAAGAGGTAC,6,5215658
yqjE_yqjK_yqjD_yqjC_predicted,0.19047619047619047,23,20,CCATCCTTACTGTCGCTTTA,3,5258071
yqjE_yqjK_yqjD_yqjC_predicted,0.3333333333333333,26,20,CCAGAAGGTAGGTAGCTTGC,6,5221760
yqjE_yqjK_yqjD_yqjC_predicted,0.14285714285714285,22,20,CCACTCCAATCGGTGAATAT,2,5257089
yqjE_yqjK_yqjD_yqjC_predicted,0.47619047619047616,29,20,CATTTCCCCAGGGTGTTCGT,9,5171542
yqjE_yqjK_yqjD_yqjC_predicted,0.38095238095238093,27,20,CATGCGAAGTTCCGCACGAT,7,5251581
yqjE_yqjK_yqjD_yqjC_predicted,0.8095238095238095,36,20,CATCCTTCGTTTTTTTATTC,16,5247151
yqjE_yqjK_yqjD_yqjC_predicted,0.6666666666666666,33,20,CATCAAACAATGACGCAAGT,13,5171440
yqjE_yqjK_yqjD_yqjC_predicted,0.09523809523809523,21,20,CATAATTATGGTACGTCTTT,1,5186115
yqjE_yqjK_yqjD_yqjC_predicted,2.238095238095238,66,20,CAGTGCAGATGGGGTTATAT,46,5255429
yqjE_yqjK_yqjD_yqjC_predicted,0.42857142857142855,28,20,CAGTGCAACTGCACGACATG,8,5187755
yqjE_yqjK_yqjD_yqjC_predicted,0.38095238095238093,27,20,CAGTGACAGCCGAAACTCCC,7,5216420
yqjE_yqjK_yqjD_yqjC_predicted,0.8095238095238095,36,20,CAGGATTATCGACATCGTCT,16,5193165
yqjE_yqjK_yqjD_yqjC_predicted,0.3333333333333333,26,20,CAGCGCGCGTGCTTGATATG,6,5250368
yqjE_yqjK_yqjD_yqjC_predicted,0.2857142857142857,25,20,CACCTTTCAGGCTGGCACCA,5,5198188
yqjE_yqjK_yqjD_yqjC_predicted,0.5238095238095238,30,20,CACATTACATTGTCTGCACA,10,5228211
yqjE_yqjK_yqjD_yqjC_predicted,0.9047619047619048,38,20,CAATGGTCTAAACTGCCCAA,18,5194820
yqjE_yqjK_yqjD_yqjC_predicted,0.19047619047619047,23,20,ATTTTTTATAACGTGGCATG,3,5248355
yqjE_yqjK_yqjD_yqjC_predicted,0.23809523809523808,24,20,ATTTTAGGGCTAAGTCCCTC,4,5226083
yqjE_yqjK_yqjD_yqjC_predicted,0.47619047619047616,29,20,ATTTATGGTCCGATCATTGA,9,5198389
yqjE_yqjK_yqjD_yqjC_predicted,0.6190476190476191,32,20,ATGTGAAGCCCTTCAAATGT,12,5179583
yqjE_yqjK_yqjD_yqjC_predicted,0.38095238095238093,27,20,ATGTCGCCTGTTGAGCAGTG,7,5226508
yqjE_yqjK_yqjD_yqjC_predicted,1.2380952380952381,45,20,ATGGTAGCAAGGTCGATAAT,25,5207251
yqjE_yqjK_yqjD_yqjC_predicted,1.5714285714285714,52,20,ATGGAAACGGATACTTGGAT,32,5227039
yqjE_yqjK_yqjD_yqjC_predicted,1.5714285714285714,52,20,ATCGTAGAGGGGACAATGTG,32,5225360
yqjE_yqjK_yqjD_yqjC_predicted,0.14285714285714285,22,20,ATCCCCCTTCCATTCCTATG,2,5178514
yqjE_yqjK_yqjD_yqjC_predicted,0.3333333333333333,26,20,ATACTGGCTCAAAGCTCTTA,6,5212535
yqjE_yqjK_yqjD_yqjC_predicted,0.19047619047619047,23,20,ATACGGACGCCCCGACTAGA,3,5241328
yqjE_yqjK_yqjD_yqjC_predicted,4.238095238095238,108,20,ATACGCCAGACGTCTGATGT,88,5237146
yqjE_yqjK_yqjD_yqjC_predicted,0.8095238095238095,36,20,ATACAGGTACGCGGCTGTGT,16,5238192
yqjE_yqjK_yqjD_yqjC_predicted,1.0,40,20,ATAAGCGGATCTATTGAAAC,20,5190241
yqjE_yqjK_yqjD_yqjC_predicted,2.238095238095238,66,20,ATAAATAATGCATGAGATTA,46,5246349
yqjE_yqjK_yqjD_yqjC_predicted,2.380952380952381,69,20,AGTTCGACGGCCGTGTACCT,49,5207436
yqjE_yqjK_yqjD_yqjC_predicted,0.8095238095238095,36,20,AGTTAGGCATATTTAGGTAT,16,5189804
yqjE_yqjK_yqjD_yqjC_predicted,0.14285714285714285,22,20,AGTATTTACTGTAAGAGACG,2,5177746
yqjE_yqjK_yqjD_yqjC_predicted,0.6666666666666666,33,20,AGGTTAACTCGGCGCTGGAT,13,5187918
yqjE_yqjK_yqjD_yqjC_predicted,0.42857142857142855,28,20,AGGTATTACACCAATGAGGT,8,5176670
yqjE_yqjK_yqjD_yqjC_predicted,0.5714285714285714,31,20,AGGGGCTTCTCGGGGGCTGG,11,5209837
yqjE_yqjK_yqjD_yqjC_predicted,2.5714285714285716,73,20,AGGCTCTTAACATAGTTCCT,53,5202982
yqjE_yqjK_yqjD_yqjC_predicted,0.14285714285714285,22,20,AGGCGTCCATCCTCACTTGT,2,5239294
yqjE_yqjK_yqjD_yqjC_predicted,1.0952380952380953,42,20,AGGCCTGACCATCGTGTGCT,22,5223763
yqjE_yqjK_yqjD_yqjC_predicted,0.2857142857142857,25,20,AGGATTGCAGCACCCAGCTT,5,5233579
yqjE_yqjK_yqjD_yqjC_predicted,0.14285714285714285,22,20,AGGACGCCTGTATCAGCAAA,2,5215037
yqjE_yqjK_yqjD_yqjC_predicted,0.6666666666666666,33,20,AGCTTCCCGGTTAAGGAGAA,13,5194960
yqjE_yqjK_yqjD_yqjC_predicted,0.38095238095238093,27,20,AGCTTATGTTGGCGAAAGGT,7,5241240
yqjE_yqjK_yqjD_yqjC_predicted,0.42857142857142855,28,20,AGCTACTGGGTAACCTAAAT,8,5259644
yqjE_yqjK_yqjD_yqjC_predicted,1.2857142857142858,46,20,AGCCTCGGAGTTATGGTAAT,26,5197075
yqjE_yqjK_yqjD_yqjC_predicted,0.9047619047619048,38,20,AGCCATTGTTGCCCTGCCCA,18,5194072
yqjE_yqjK_yqjD_yqjC_predicted,0.3333333333333333,26,20,AGCCAGGTACGGCGGCAGAT,6,5171697
yqjE_yqjK_yqjD_yqjC_predicted,0.14285714285714285,22,20,AGAGGAAAACTTCCTTGTGA,2,5181526
yqjE_yqjK_yqjD_yqjC_predicted,0.09523809523809523,21,20,AGAGCCGCGTGGCTTTACCG,1,5196893
yqjE_yqjK_yqjD_yqjC_predicted,2.238095238095238,66,20,AGAACAGACTCAATAGGCGA,46,5225736
yqjE_yqjK_yqjD_yqjC_predicted,1.9047619047619047,59,20,ACTTCATAAAATTGTACACT,39,5190330
yqjE_yqjK_yqjD_yqjC_predicted,0.38095238095238093,27,20,ACTGGCGAAAGGGGCGACGT,7,5181744
yqjE_yqjK_yqjD_yqjC_predicted,0.23809523809523808,24,20,ACTGGCCGATTTTGCAGTGC,4,5191988
yqjE_yqjK_yqjD_yqjC_predicted,1.619047619047619,53,20,ACTGCTCTACAGCTTCCCAA,33,5254415
yqjE_yqjK_yqjD_yqjC_predicted,0.38095238095238093,27,20,ACTCTGTATCCTCTGTCACA,7,5230027
yqjE_yqjK_yqjD_yqjC_predicted,0.42857142857142855,28,20,ACTCTCCTTCAGGTGTGCTT,8,5219342
yqjE_yqjK_yqjD_yqjC_predicted,0.47619047619047616,29,20,ACTCACAGCTCCCTAATTGC,9,5207541
yqjE_yqjK_yqjD_yqjC_predicted,0.8571428571428571,37,20,ACTATACAACGGGCATTACC,17,5237950
yqjE_yqjK_yqjD_yqjC_predicted,1.0,40,20,ACGTTGGCATCTAGCTGTCC,20,5233423
yqjE_yqjK_yqjD_yqjC_predicted,0.42857142857142855,28,20,ACGGCCAACGGGTTCGGCCA,8,5234909
yqjE_yqjK_yqjD_yqjC_predicted,0.2857142857142857,25,20,ACGGAGCTTTAGTGGTTCTA,5,5208208
yqjE_yqjK_yqjD_yqjC_predicted,0.7619047619047619,35,20,ACGCGAGCCAACTATCTTTG,15,5258327
yqjE_yqjK_yqjD_yqjC_predicted,0.47619047619047616,29,20,ACGATTTTATATCTTAGCTA,9,5197601
yqjE_yqjK_yqjD_yqjC_predicted,0.6666666666666666,33,20,ACGAGATCTGAAAATCACCG,13,5222690
yqjE_yqjK_yqjD_yqjC_predicted,1.0952380952380953,42,20,ACCCTTCTGTAATTCAGTGG,22,5224219
yqjE_yqjK_yqjD_yqjC_predicted,1.2380952380952381,45,20,ACCCTGCCATGTGTAGGTAT,25,5262320
yqjE_yqjK_yqjD_yqjC_predicted,0.7619047619047619,35,20,ACCCGTGACCGGACATATGT,15,5188124
yqjE_yqjK_yqjD_yqjC_predicted,0.19047619047619047,23,20,ACACGTTTTCGGGATCGTGA,3,5257600
yqjE_yqjK_yqjD_yqjC_predicted,5.142857142857143,127,20,AATGTTTCGAATAACCGACA,107,5220745
yqjE_yqjK_yqjD_yqjC_predicted,0.7619047619047619,35,20,AATGCTGGATTTAAGATAGA,15,5195305
yqjE_yqjK_yqjD_yqjC_predicted,0.09523809523809523,21,20,AATAAATGCATCCCAAGGCC,1,5225745
yqjE_yqjK_yqjD_yqjC_predicted,0.09523809523809523,21,20,AAGTCGAGTGATCTCCGTAA,1,5203765
yqjE_yqjK_yqjD_yqjC_predicted,1.0476190476190477,41,20,AACTCCCCGGGACATCGATA,21,5216149
yqjE_yqjK_yqjD_yqjC_predicted,0.47619047619047616,29,20,AACTCATGAGCTATATCGTG,9,5214674
yqjE_yqjK_yqjD_yqjC_predicted,1.4761904761904763,50,20,AACGTCGTTTGGGCCATCCC,30,5171746
yqjE_yqjK_yqjD_yqjC_predicted,0.23809523809523808,24,20,AACGGCCTACCGGCACGCAT,4,5225171
yqjE_yqjK_yqjD_yqjC_predicted,2.2857142857142856,67,20,AACGAGTTATTTACGCCTCA,47,5203137
yqjE_yqjK_yqjD_yqjC_predicted,1.380952380952381,48,20,AAAGTTTATTAACGCCTCCG,28,5185138
yqjE_yqjK_yqjD_yqjC_predicted,1.0,38,19,TTTTGCTGCCTGTTCACTGA,19,5236889
yqjE_yqjK_yqjD_yqjC_predicted,0.9,36,19,TTTGAGACTCAGTTCTTTCT,17,5207471
yqjE_yqjK_yqjD_yqjC_predicted,0.95,37,19,TTTCCTCCGCCAGTGAGGAT,18,5260718
yqjE_yqjK_yqjD_yqjC_predicted,0.4,26,19,TTTCCGCGCGGTCCCCCCAT,7,5207751
yqjE_yqjK_yqjD_yqjC_predicted,0.55,29,19,TTGCACGGAGAGCCCGATTA,10,5262749
yqjE_yqjK_yqjD_yqjC_predicted,1.65,51,19,TTGAGGACTCCGTAATGTGT,32,5233795
yqjE_yqjK_yqjD_yqjC_predicted,0.5,28,19,TTCTGGAGCATGGTCACCCC,9,5172353
yqjE_yqjK_yqjD_yqjC_predicted,0.3,24,19,TTCTGCAAAAATTATATGGC,5,5236686
yqjE_yqjK_yqjD_yqjC_predicted,1.8,54,19,TTCTCTTCATAGCAATGGTA,35,5227548
yqjE_yqjK_yqjD_yqjC_predicted,0.1,20,19,TTCTAAAAAGATTTGTGTGC,1,5191786
yqjE_yqjK_yqjD_yqjC_predicted,0.6,30,19,TTCCACTACGGCTAACCTAC,11,5222334
yqjE_yqjK_yqjD_yqjC_predicted,3.25,83,19,TTATTGTTTCATGAAATTCT,64,5244790
yqjE_yqjK_yqjD_yqjC_predicted,1.75,53,19,TTATGTACTGCTACGCTGAG,34,5177144
yqjE_yqjK_yqjD_yqjC_predicted,0.5,28,19,TTAGGTCGATTCTAACCTTT,9,5243923
yqjE_yqjK_yqjD_yqjC_predicted,1.7,52,19,TTAGGGAATCTTGCTCCGGG,33,5172624
yqjE_yqjK_yqjD_yqjC_predicted,0.6,30,19,TTACGCTTGAGAACCGGCTT,11,5233854
yqjE_yqjK_yqjD_yqjC_predicted,0.85,35,19,TTACAATTGGCCTCTATGGC,16,5190334
yqjE_yqjK_yqjD_yqjC_predicted,0.6,30,19,TGTTCATTGGCAGGGGTTCT,11,5246491
yqjE_yqjK_yqjD_yqjC_predicted,1.05,39,19,TGTGTAGGTCCATGTCGTAT,20,5211056
yqjE_yqjK_yqjD_yqjC_predicted,1.1,40,19,TGTGAGATCGGCATATGTGT,21,5209864
yqjE_yqjK_yqjD_yqjC_predicted,1.1,40,19,TGGGGAATTCATCAAGCGAA,21,5189972
yqjE_yqjK_yqjD_yqjC_predicted,0.1,20,19,TGGGCCTGTTCGTTGGGCCT,1,5197752
yqjE_yqjK_yqjD_yqjC_predicted,0.25,23,19,TGGGCAGCCTTTTGTTTACG,4,5242152
yqjE_yqjK_yqjD_yqjC_predicted,1.95,57,19,TGGATGTACAAAGTTCGGCC,38,5193993
yqjE_yqjK_yqjD_yqjC_predicted,1.65,51,19,TGGAGGTCACGACCCTGCCC,32,5242947
yqjE_yqjK_yqjD_yqjC_predicted,0.95,37,19,TGCTGTGTGATTCCTCGGCA,18,5221761
yqjE_yqjK_yqjD_yqjC_predicted,0.1,20,19,TGCCCTCCCGTTGTGTGGTT,1,5219876
yqjE_yqjK_yqjD_yqjC_predicted,0.2,22,19,TGCAGCCTCCTTAGGGGCCA,3,5246501
yqjE_yqjK_yqjD_yqjC_predicted,1.65,51,19,TGATTAGACCTCCTTTGGCT,32,5194886
yqjE_yqjK_yqjD_yqjC_predicted,0.45,27,19,TGATAGTTTTGCGTCATGCT,8,5181135
yqjE_yqjK_yqjD_yqjC_predicted,1.3,44,19,TGATAATTAAGTCTGTAAAT,25,5178759
yqjE_yqjK_yqjD_yqjC_predicted,1.15,41,19,TGACCTAATAGCGGTAATTT,22,5218899
yqjE_yqjK_yqjD_yqjC_predicted,0.6,30,19,TGACACTACAATGCCCTAAT,11,5241396
yqjE_yqjK_yqjD_yqjC_predicted,1.1,40,19,TCTTCGCCGGTGTCAGATTG,21,5205347
yqjE_yqjK_yqjD_yqjC_predicted,0.2,22,19,TCGTCTCCAGAGGAAGGTGT,3,5181881
yqjE_yqjK_yqjD_yqjC_predicted,0.3,24,19,TCGTATGAATCGTCTATAGA,5,5181198
yqjE_yqjK_yqjD_yqjC_predicted,0.45,27,19,TCGCTGTCCCGCACTATCCA,8,5240727
yqjE_yqjK_yqjD_yqjC_predicted,0.1,20,19,TCCTTGCGATCTGCAGATGT,1,5193253
yqjE_yqjK_yqjD_yqjC_predicted,0.5,28,19,TCCTGAAAAACTGCTATGTA,9,5256288
yqjE_yqjK_yqjD_yqjC_predicted,1.05,39,19,TCCTCTATCCATCGTAACCA,20,5230431
yqjE_yqjK_yqjD_yqjC_predicted,0.1,20,19,TCCGTCAGACCTCCCTGGAC,1,5227492
yqjE_yqjK_yqjD_yqjC_predicted,0.1,20,19,TCCGGTGCTCGGATCAGATG,1,5227066
yqjE_yqjK_yqjD_yqjC_predicted,0.3,24,19,TCCGGTACGGCCCTACCGGA,5,5212855
yqjE_yqjK_yqjD_yqjC_predicted,2.25,63,19,TCCGGCTTGTGAAAAGTCCC,44,5172462
yqjE_yqjK_yqjD_yqjC_predicted,0.75,33,19,TCCCGGGATACCCCTCTTGT,14,5229552
yqjE_yqjK_yqjD_yqjC_predicted,0.5,28,19,TCCAGGAGTGGTATAGCGTG,9,5181736
yqjE_yqjK_yqjD_yqjC_predicted,0.6,30,19,TCCAAGCTCGAAGATTTTCA,11,5259305
yqjE_yqjK_yqjD_yqjC_predicted,0.1,20,19,TCAAGTTGTGCGTCGGAAAG,1,5254585
yqjE_yqjK_yqjD_yqjC_predicted,0.1,20,19,TATTGGAGGCACTCTGGCAA,1,5204680
yqjE_yqjK_yqjD_yqjC_predicted,0.65,31,19,TATGTTATAGGGCGCTTTTG,12,5186052
yqjE_yqjK_yqjD_yqjC_predicted,0.85,35,19,TATGGGCCGTGTAAGACCAT,16,5242332
yqjE_yqjK_yqjD_yqjC_predicted,0.1,20,19,TATCCACAGACGCTTGGATT,1,5211854
yqjE_yqjK_yqjD_yqjC_predicted,1.05,39,19,TATCCAAATGGTATGCGCTA,20,5202137
yqjE_yqjK_yqjD_yqjC_predicted,0.25,23,19,TAGAGCTCCGTCTAGTTGAT,4,5240869
yqjE_yqjK_yqjD_yqjC_predicted,0.4,26,19,TACTCCAAATAGCCTGACGA,7,5177742
yqjE_yqjK_yqjD_yqjC_predicted,1.2,42,19,TACGGTCCGGCAAGATACCA,23,5195771
yqjE_yqjK_yqjD_yqjC_predicted,0.1,20,19,TACGCCACGGCACATGAATA,1,5174388
yqjE_yqjK_yqjD_yqjC_predicted,0.4,26,19,TAATACGCTTCCTAAATAAC,7,5195274
yqjE_yqjK_yqjD_yqjC_predicted,0.65,31,19,TAATAAAGCTCTTATCACGA,12,5176859
yqjE_yqjK_yqjD_yqjC_predicted,0.4,26,19,TAAGCACGCATATACCGGTT,7,5244382
yqjE_yqjK_yqjD_yqjC_predicted,0.35,25,19,TAACACAGCAGCATTATTAG,6,5223472
yqjE_yqjK_yqjD_yqjC_predicted,0.75,33,19,GTTTGCAATATACTAGGAAC,14,5201389
yqjE_yqjK_yqjD_yqjC_predicted,0.1,20,19,GTTTCGGGAGAAAAGTACGA,1,5235694
yqjE_yqjK_yqjD_yqjC_predicted,0.9,36,19,GTTTAACCCTCCGCCTCTAG,17,5246807
yqjE_yqjK_yqjD_yqjC_predicted,0.6,30,19,GTTGGCGAAATGAGACATCC,11,5238970
yqjE_yqjK_yqjD_yqjC_predicted,0.45,27,19,GTTCGAGGTTGTGGAGCAGG,8,5246302
yqjE_yqjK_yqjD_yqjC_predicted,0.3,24,19,GTTCATGACGTCGTGTAACT,5,5242668
yqjE_yqjK_yqjD_yqjC_predicted,0.1,20,19,GTTACCGGTCTATCATTTCA,1,5258942
yqjE_yqjK_yqjD_yqjC_predicted,0.35,25,19,GTGTTCTAAGATGGCAGCAG,6,5183168
yqjE_yqjK_yqjD_yqjC_predicted,0.15,21,19,GTGTCGAGCACAATTTTAGA,2,5259439
yqjE_yqjK_yqjD_yqjC_predicted,0.45,27,19,GTGGGCCATCCCTTCGATCA,8,5242154
yqjE_yqjK_yqjD_yqjC_predicted,0.1,20,19,GTGCCATGCGTGCCATATGA,1,5202866
yqjE_yqjK_yqjD_yqjC_predicted,1.15,41,19,GTCTCAAAGGGACTACCCGC,22,5240354
yqjE_yqjK_yqjD_yqjC_predicted,0.7,32,19,GTCTAGATGGCAATGGCTAA,13,5228039
yqjE_yqjK_yqjD_yqjC_predicted,0.75,33,19,GTCCTTTCGCCCGGTGGAGC,14,5205792
yqjE_yqjK_yqjD_yqjC_predicted,0.1,20,19,GTCAAATTACGGTGCGTGGA,1,5194078
yqjE_yqjK_yqjD_yqjC_predicted,0.3,24,19,GTATTATACGGGCAACCGTA,5,5229567
yqjE_yqjK_yqjD_yqjC_predicted,0.7,32,19,GTAGTAGGACAGACCAAACT,13,5171041
yqjE_yqjK_yqjD_yqjC_predicted,0.7,32,19,GTAGGTAGCTGAGCGGAAGA,13,5182566
yqjE_yqjK_yqjD_yqjC_predicted,0.6,30,19,GTAGATCCCAGGGTAAGCTC,11,5193696
yqjE_yqjK_yqjD_yqjC_predicted,0.15,21,19,GTAGATATCAAGGTGTCTAG,2,5198753
yqjE_yqjK_yqjD_yqjC_predicted,0.1,20,19,GTACGGGACTCGGCTACTGG,1,5257630
yqjE_yqjK_yqjD_yqjC_predicted,0.6,30,19,GGTCATTCACTGCGTCCTCA,11,5193247
yqjE_yqjK_yqjD_yqjC_predicted,0.2,22,19,GGGGTGCATGAATCCGAGTG,3,5245516
yqjE_yqjK_yqjD_yqjC_predicted,0.55,29,19,GGGGCTTTTTAAACCGCGAC,10,5194005
yqjE_yqjK_yqjD_yqjC_predicted,2.2,62,19,GGGCTTTCGGGGACTCCTAT,43,5178112
yqjE_yqjK_yqjD_yqjC_predicted,0.1,20,19,GGCGGAGTTCAGGACGAGCT,1,5237402
yqjE_yqjK_yqjD_yqjC_predicted,0.35,25,19,GGCCAGGAGTAGTGCCCGGA,6,5241960
yqjE_yqjK_yqjD_yqjC_predicted,0.45,27,19,GGCAGGTCTTACCGTAAATA,8,5238574
yqjE_yqjK_yqjD_yqjC_predicted,0.2,22,19,GGAGTGTTCGTCTTAATTAC,3,5191089
yqjE_yqjK_yqjD_yqjC_predicted,0.3,24,19,GGACTTGTTCTAGTCGATAG,5,5227727
yqjE_yqjK_yqjD_yqjC_predicted,0.15,21,19,GGACCCAGTCGTTTATTTAT,2,5235509
yqjE_yqjK_yqjD_yqjC_predicted,0.5,28,19,GCTTCTGACGTGACGTTGGC,9,5228577
yqjE_yqjK_yqjD_yqjC_predicted,0.35,25,19,GCTGGTATCGCGACTTATGA,6,5238618
yqjE_yqjK_yqjD_yqjC_predicted,0.25,23,19,GCGTTACACTGGACCGAACC,4,5257469
yqjE_yqjK_yqjD_yqjC_predicted,0.6,30,19,GCGTCTAAGCCTTGCCGAGT,11,5185982
yqjE_yqjK_yqjD_yqjC_predicted,0.6,30,19,GCGGAAAGTCACAAGTCCTT,11,5199684
yqjE_yqjK_yqjD_yqjC_predicted,2.0,58,19,GCGATGCTACCTTAGCCCAG,39,5221252
yqjE_yqjK_yqjD_yqjC_predicted,1.0,38,19,GCGAGTACGGAACGGCCGCG,19,5253375
yqjE_yqjK_yqjD_yqjC_predicted,1.35,45,19,GCGAGACGGTTCCAATACAT,26,5201391
yqjE_yqjK_yqjD_yqjC_predicted,0.25,23,19,GCCGGGTGTTTCTGTAACGA,4,5208490
yqjE_yqjK_yqjD_yqjC_predicted,0.7,32,19,GCCGCAGCAACGCATCGTAC,13,5252792
yqjE_yqjK_yqjD_yqjC_predicted,0.85,35,19,GCCAAACTGCTCACACTTAT,16,5194723
yqjE_yqjK_yqjD_yqjC_predicted,1.95,57,19,GCAGGACAGAGTTTCAACTC,38,5209581
yqjE_yqjK_yqjD_yqjC_predicted,0.4,26,19,GCAGAATCGTGGATGCAACT,7,5197178
yqjE_yqjK_yqjD_yqjC_predicted,0.5,28,19,GCACGAACGGGCTTTATATA,9,5243995
yqjE_yqjK_yqjD_yqjC_predicted,0.15,21,19,GCACACACTTGTAGTCGAGC,2,5178905
yqjE_yqjK_yqjD_yqjC_predicted,0.1,20,19,GATGGCGCTCTATAGGTCCT,1,5177187
yqjE_yqjK_yqjD_yqjC_predicted,0.1,20,19,GATCTGCCGAGCACTGTGAA,1,5228581
yqjE_yqjK_yqjD_yqjC_predicted,0.75,33,19,GATAGGCTCGGTGTCGGTAT,14,5236611
yqjE_yqjK_yqjD_yqjC_predicted,0.75,33,19,GATAGGCAGGAACACTTATC,14,5252800
yqjE_yqjK_yqjD_yqjC_predicted,0.4,26,19,GATACGTACAGTTATATCAG,7,5240365
yqjE_yqjK_yqjD_yqjC_predicted,0.15,21,19,GATAAGTTGTCCCGCCCATC,2,5254047
yqjE_yqjK_yqjD_yqjC_predicted,0.1,20,19,GAGTACGTACAGGGCAAAAA,1,5222845
yqjE_yqjK_yqjD_yqjC_predicted,0.5,28,19,GAGGTGGCCGTGAAAGTGGC,9,5221303
yqjE_yqjK_yqjD_yqjC_predicted,0.75,33,19,GAGCCTTCTAGAAGCGCTTA,14,5189934
yqjE_yqjK_yqjD_yqjC_predicted,0.1,20,19,GAGACAGTATACCCAGTAGT,1,5213241
yqjE_yqjK_yqjD_yqjC_predicted,0.2,22,19,GAGAAGGTCCGTGGGTGTAA,3,5258136
yqjE_yqjK_yqjD_yqjC_predicted,0.1,20,19,GACTACCGTTAAGAGTTTCT,1,5198087
yqjE_yqjK_yqjD_yqjC_predicted,0.8,34,19,GACACTGCCTGTGCTTGGCA,15,5226208
yqjE_yqjK_yqjD_yqjC_predicted,0.8,34,19,GAAGTTAGATGGCAACGAAA,15,5225939
yqjE_yqjK_yqjD_yqjC_predicted,0.7,32,19,GAAATGCACCGTAAATCGGA,13,5203967
yqjE_yqjK_yqjD_yqjC_predicted,0.45,27,19,CTTTAGAAATTGTAATTGCC,8,5231638
yqjE_yqjK_yqjD_yqjC_predicted,1.3,44,19,CTTATCAACCCCAATATCTT,25,5196308
yqjE_yqjK_yqjD_yqjC_predicted,1.55,49,19,CTTACTGAGATTCCATCCTG,30,5206859
yqjE_yqjK_yqjD_yqjC_predicted,0.4,26,19,CTGTCCTGGGCCTGAGAACT,7,5245564
yqjE_yqjK_yqjD_yqjC_predicted,0.3,24,19,CTGGTTTGGACAAAAAGTAG,5,5179264
yqjE_yqjK_yqjD_yqjC_predicted,1.75,53,19,CTGCTGGGCAACACTCTCTG,34,5196712
yqjE_yqjK_yqjD_yqjC_predicted,0.9,36,19,CTGCCTTTGATTTAGGCAGA,17,5251238
yqjE_yqjK_yqjD_yqjC_predicted,0.3,24,19,CTGACATTGCAGGTCGGCTT,5,5188787
yqjE_yqjK_yqjD_yqjC_predicted,0.6,30,19,CTGAATTTTAGGTTAGCCAA,11,5216652
yqjE_yqjK_yqjD_yqjC_predicted,0.5,28,19,CTCTGATGGGTCCGGCTGTG,9,5224090
yqjE_yqjK_yqjD_yqjC_predicted,1.55,49,19,CTCGGTCATTCGCCCTAAGA,30,5175951
yqjE_yqjK_yqjD_yqjC_predicted,2.95,77,19,CTCCACTATTAACAACCTCC,58,5192416
yqjE_yqjK_yqjD_yqjC_predicted,0.65,31,19,CTCCACGAGTAGTACTGTTC,12,5219862
yqjE_yqjK_yqjD_yqjC_predicted,0.8,34,19,CTATATCGGTGGACATCACC,15,5184244
yqjE_yqjK_yqjD_yqjC_predicted,0.6,30,19,CTATAGCCGTCGTTCGGTAA,11,5234947
yqjE_yqjK_yqjD_yqjC_predicted,0.2,22,19,CTAGAGGGACTCCTAGTGAC,3,5201302
yqjE_yqjK_yqjD_yqjC_predicted,0.15,21,19,CTAATTTAGTTTCGGCGTTT,2,5235016
yqjE_yqjK_yqjD_yqjC_predicted,1.55,49,19,CGTTAAAACGCTTTAGCCTC,30,5249833
yqjE_yqjK_yqjD_yqjC_predicted,0.1,20,19,CGTGCTATTGCCGGTATTCT,1,5262039
yqjE_yqjK_yqjD_yqjC_predicted,0.3,24,19,CGTGACCCGCAGGGTCCTGA,5,5258689
yqjE_yqjK_yqjD_yqjC_predicted,1.2,42,19,CGTATGGCTCGGCTACTGAT,23,5220956
yqjE_yqjK_yqjD_yqjC_predicted,0.95,37,19,CGGTACACCCCTGATGTGTA,18,5253233
yqjE_yqjK_yqjD_yqjC_predicted,0.65,31,19,CGGGGGCCTATCTAACCCAT,12,5253839
yqjE_yqjK_yqjD_yqjC_predicted,2.8,74,19,CGGCAACGCTAGAGTCAGGA,55,5176948
yqjE_yqjK_yqjD_yqjC_predicted,0.65,31,19,CGGATTGTCACTGTCTGTCC,12,5195575
yqjE_yqjK_yqjD_yqjC_predicted,0.8,34,19,CGGATGGATAACGCAGTGCA,15,5259322
yqjE_yqjK_yqjD_yqjC_predicted,0.55,29,19,CGCGACCACTTCCAATCAGA,10,5207473
yqjE_yqjK_yqjD_yqjC_predicted,0.3,24,19,CGCCGGTCGCTGCTTGGCGA,5,5174931
yqjE_yqjK_yqjD_yqjC_predicted,1.4,46,19,CGAGCCCTGAGCCATTAGTG,27,5180434
yqjE_yqjK_yqjD_yqjC_predicted,0.6,30,19,CGACCCAAACGTTTGGTTTT,11,5242556
yqjE_yqjK_yqjD_yqjC_predicted,0.35,25,19,CCTTTCGTATTAGAGTTCGT,6,5188567
yqjE_yqjK_yqjD_yqjC_predicted,0.2,22,19,CCTTCGGTGTCTAAGAACCC,3,5190344
yqjE_yqjK_yqjD_yqjC_predicted,1.35,45,19,CCTACGTTATCGGATTGCTC,26,5233573
yqjE_yqjK_yqjD_yqjC_predicted,0.45,27,19,CCGGCATCGTTTGATCATAT,8,5197355
yqjE_yqjK_yqjD_yqjC_predicted,0.1,20,19,CCGATTGGTCGCCACCCAGG,1,5254594
yqjE_yqjK_yqjD_yqjC_predicted,2.0,58,19,CCCGTTCTAGAGCACAAGTG,39,5197399
yqjE_yqjK_yqjD_yqjC_predicted,0.75,33,19,CCCCAAGGGTCAAGCAGGCA,14,5184768
yqjE_yqjK_yqjD_yqjC_predicted,1.1,40,19,CCCATGATGAAAAATTTTTC,21,5224398
yqjE_yqjK_yqjD_yqjC_predicted,0.7,32,19,CCCATATGAAATTGTTAGAT,13,5190417
yqjE_yqjK_yqjD_yqjC_predicted,0.95,37,19,CCCAAGTCCCTCGGGACGAC,18,5260765
yqjE_yqjK_yqjD_yqjC_predicted,0.5,28,19,CCATCTTTGAGCCGCGTCCC,9,5199237
yqjE_yqjK_yqjD_yqjC_predicted,1.3,44,19,CCAGGGCGTTCCACACTAGC,25,5176960
yqjE_yqjK_yqjD_yqjC_predicted,0.1,20,19,CCAGGCGGGCGTGGCCGTTC,1,5213403
yqjE_yqjK_yqjD_yqjC_predicted,1.2,42,19,CCAGCACCATCACAAGCGGG,23,5258998
yqjE_yqjK_yqjD_yqjC_predicted,1.75,53,19,CCAACAACACGATATTTGAA,34,5229828
yqjE_yqjK_yqjD_yqjC_predicted,1.55,49,19,CATTGCGGGATATCACAGTG,30,5186707
yqjE_yqjK_yqjD_yqjC_predicted,0.1,20,19,CATGCTAGTCGTCCTGGAAC,1,5236582
yqjE_yqjK_yqjD_yqjC_predicted,0.8,34,19,CATGATCTGTTCTTTGTCAG,15,5188423
yqjE_yqjK_yqjD_yqjC_predicted,0.5,28,19,CATGATATCAAGAGAGGGCT,9,5177735
yqjE_yqjK_yqjD_yqjC_predicted,0.4,26,19,CATATCCCTTCGGTAGTAGA,7,5261124
yqjE_yqjK_yqjD_yqjC_predicted,0.1,20,19,CAGTATCTAGTCGTCGATCT,1,5190048
yqjE_yqjK_yqjD_yqjC_predicted,2.55,69,19,CAGGTAGCGGCTCTGAAAAT,50,5214650
yqjE_yqjK_yqjD_yqjC_predicted,1.35,45,19,CAGGCGTGGAGACGTTTCAT,26,5244659
yqjE_yqjK_yqjD_yqjC_predicted,1.6,50,19,CACGGTCATGGGTAGGCACC,31,5208663
yqjE_yqjK_yqjD_yqjC_predicted,0.65,31,19,CACATCCCTCCCTAGTACGC,12,5227942
yqjE_yqjK_yqjD_yqjC_predicted,0.4,26,19,CAAAAACGCAATTTTCAAGC,7,5171550
yqjE_yqjK_yqjD_yqjC_predicted,2.3,64,19,ATTGCACCCGGATTGGCCGT,45,5242920
yqjE_yqjK_yqjD_yqjC_predicted,0.25,23,19,ATTGAGAGTTGCTTGGTCGC,4,5234492
yqjE_yqjK_yqjD_yqjC_predicted,1.25,43,19,ATTACACGGGCTTCTGGGCA,24,5177801
yqjE_yqjK_yqjD_yqjC_predicted,4.4,106,19,ATGTACTTGAATCTAGTCCC,87,5247692
yqjE_yqjK_yqjD_yqjC_predicted,1.1,40,19,ATGGCTCATAAGGCGACAGT,21,5201604
yqjE_yqjK_yqjD_yqjC_predicted,1.8,54,19,ATGCACCTAGCCGACAGGTT,35,5240136
yqjE_yqjK_yqjD_yqjC_predicted,0.1,20,19,ATCTTGTGACTCTACGGTGA,1,5196963
yqjE_yqjK_yqjD_yqjC_predicted,0.15,21,19,ATCGCTACGAAAAGACGGCC,2,5235700
yqjE_yqjK_yqjD_yqjC_predicted,0.3,24,19,ATCGCGGTATTTGGGGAGCG,5,5214973
yqjE_yqjK_yqjD_yqjC_predicted,1.05,39,19,ATCGAAAATGTTTTTTCGTG,20,5252587
yqjE_yqjK_yqjD_yqjC_predicted,0.35,25,19,ATCAGCGTGCGGAATGGTCA,6,5244188
yqjE_yqjK_yqjD_yqjC_predicted,0.15,21,19,ATCACTCAAAGGCGTCCTGG,2,5210448
yqjE_yqjK_yqjD_yqjC_predicted,0.1,20,19,ATAAAAATTGGGCGAGGTCA,1,5214924
yqjE_yqjK_yqjD_yqjC_predicted,0.5,28,19,AGGGGGATACGTCGGAGGTA,9,5233906
yqjE_yqjK_yqjD_yqjC_predicted,0.45,27,19,AGGGCCACTGTCTACCTTCC,8,5211728
yqjE_yqjK_yqjD_yqjC_predicted,0.3,24,19,AGGATTTTATCGGTTCATTC,5,5226692
yqjE_yqjK_yqjD_yqjC_predicted,0.75,33,19,AGGATCCGACAGATTCCCAG,14,5257017
yqjE_yqjK_yqjD_yqjC_predicted,0.75,33,19,AGGAGCTTCGACGCGAGACG,14,5184190
yqjE_yqjK_yqjD_yqjC_predicted,0.1,20,19,AGGACTCTCATCCATATTAG,1,5236842
yqjE_yqjK_yqjD_yqjC_predicted,0.8,34,19,AGGAAACTCCGCTCGTACGT,15,5205356
yqjE_yqjK_yqjD_yqjC_predicted,0.7,32,19,AGCTATCGGGACAAAAGAAG,13,5193118
yqjE_yqjK_yqjD_yqjC_predicted,2.05,59,19,AGCGAGATCATGTATATGTT,40,5176021
yqjE_yqjK_yqjD_yqjC_predicted,1.6,50,19,AGCCTGGGGGACGATGAAAA,31,5207639
yqjE_yqjK_yqjD_yqjC_predicted,0.55,29,19,AGCAGTCAATACCGTGGACG,10,5228551
yqjE_yqjK_yqjD_yqjC_predicted,1.3,44,19,ACTCCAGGTTATCGTCGTTT,25,5226509
yqjE_yqjK_yqjD_yqjC_predicted,1.6,50,19,ACTCAAGACGCGGCCAAATG,31,5231769
yqjE_yqjK_yqjD_yqjC_predicted,0.1,20,19,ACTATTCGATCCCTCCGCTG,1,5208207
yqjE_yqjK_yqjD_yqjC_predicted,0.2,22,19,ACTATAGCTAAAGTCCTCCG,3,5192814
yqjE_yqjK_yqjD_yqjC_predicted,1.2,42,19,ACTACGTATGCCAAGGCCAT,23,5250364
yqjE_yqjK_yqjD_yqjC_predicted,0.35,25,19,ACTACACCGTATCCAGTTGA,6,5188259
yqjE_yqjK_yqjD_yqjC_predicted,0.3,24,19,ACTAAAGTCCTCCACGTATG,5,5260732
yqjE_yqjK_yqjD_yqjC_predicted,1.2,42,19,ACGGGTGCTAACCCCTCCCC,23,5220188
yqjE_yqjK_yqjD_yqjC_predicted,9.3,204,19,ACGGCCGCCTGCGCGGTACG,185,5208705
yqjE_yqjK_yqjD_yqjC_predicted,0.25,23,19,ACCCGGGTAGGCGGTGCGTA,4,5178586
yqjE_yqjK_yqjD_yqjC_predicted,0.45,27,19,ACATGTACGGCCTCGCGTCG,8,5203448
yqjE_yqjK_yqjD_yqjC_predicted,2.65,71,19,ACATGGAAAAGTGGAAAGCG,52,5177635
yqjE_yqjK_yqjD_yqjC_predicted,0.65,31,19,ACAGACTCCTAGCTGTCCTC,12,5259825
yqjE_yqjK_yqjD_yqjC_predicted,1.0,38,19,ACAATCAGGTCACCTGGAGT,19,5241664
yqjE_yqjK_yqjD_yqjC_predicted,1.25,43,19,AATAGGGCGGCCGCCTGGGT,24,5221253
yqjE_yqjK_yqjD_yqjC_predicted,1.05,39,19,AATACTCGGGCGTTGGGCTA,20,5177022
yqjE_yqjK_yqjD_yqjC_predicted,0.55,29,19,AAGTGAACGTAGCCTTCATC,10,5251742
yqjE_yqjK_yqjD_yqjC_predicted,0.7,32,19,AAGGTGTTCCTCTCGGTGTT,13,5191931
yqjE_yqjK_yqjD_yqjC_predicted,0.15,21,19,AAGGGTTTTTGCGATCGGCT,2,5223265
yqjE_yqjK_yqjD_yqjC_predicted,1.3,44,19,AAGAATGGGTCAAGTACGTC,25,5175218
yqjE_yqjK_yqjD_yqjC_predicted,0.8,34,19,AAAGATGCAGCTAGGGGAGT,15,5188035
yqjE_yqjK_yqjD_yqjC_predicted,0.15,21,19,AAACTCTGACACTTGGTGCC,2,5216926
yqjE_yqjK_yqjD_yqjC_predicted,0.5789473684210527,28,18,TTTTAACATTGCAAACCATA,10,5259514
yqjE_yqjK_yqjD_yqjC_predicted,0.47368421052631576,26,18,TTTGCGGGGGTCGTCTTGTC,8,5201570
yqjE_yqjK_yqjD_yqjC_predicted,0.47368421052631576,26,18,TTTCCTCGGGGTTGTCTAGG,8,5194085
yqjE_yqjK_yqjD_yqjC_predicted,0.10526315789473684,19,18,TTTCCATGGATAGATTGTAG,1,5236039
yqjE_yqjK_yqjD_yqjC_predicted,0.2631578947368421,22,18,TTGTTGACGGCTACACTGGG,4,5231404
yqjE_yqjK_yqjD_yqjC_predicted,0.10526315789473684,19,18,TTGTGCCAATCGCGACGTTT,1,5260805
yqjE_yqjK_yqjD_yqjC_predicted,0.15789473684210525,20,18,TTGTGATACTCGACTTCTCA,2,5242745
yqjE_yqjK_yqjD_yqjC_predicted,1.7894736842105263,51,18,TTGTCCGCGCGATAGATAAT,33,5231903
yqjE_yqjK_yqjD_yqjC_predicted,1.0526315789473684,37,18,TTGGGCCGACCTTAACTAAT,19,5235031
yqjE_yqjK_yqjD_yqjC_predicted,0.3157894736842105,23,18,TTGCTACTTAATTACCGGCC,5,5210170
yqjE_yqjK_yqjD_yqjC_predicted,0.21052631578947367,21,18,TTGCCAACCTTACCCGTACA,3,5234714
yqjE_yqjK_yqjD_yqjC_predicted,0.10526315789473684,19,18,TTGAATATTGCGTTTGGTAG,1,5224172
yqjE_yqjK_yqjD_yqjC_predicted,0.8947368421052632,34,18,TTCTTACCATGTCATACTGC,16,5213228
yqjE_yqjK_yqjD_yqjC_predicted,0.8947368421052632,34,18,TTCTAAAGCTATTTATGTTT,16,5217898
yqjE_yqjK_yqjD_yqjC_predicted,0.7368421052631579,31,18,TTCATGCCAAATCGGTTTGG,13,5245367
yqjE_yqjK_yqjD_yqjC_predicted,0.7894736842105263,32,18,TTCAGCTGCTAATGTTACTG,14,5238656
yqjE_yqjK_yqjD_yqjC_predicted,0.631578947368421,29,18,TTCACGAGGTGTCTATGCGC,11,5209215
yqjE_yqjK_yqjD_yqjC_predicted,0.2631578947368421,22,18,TTATTTGTAAATTCGAGCTG,4,5178998
yqjE_yqjK_yqjD_yqjC_predicted,0.2631578947368421,22,18,TTAGTTATCGTCAAGAATGG,4,5202077
yqjE_yqjK_yqjD_yqjC_predicted,0.2631578947368421,22,18,TTAGACCACGATTCCTCTTG,4,5260463
yqjE_yqjK_yqjD_yqjC_predicted,0.42105263157894735,25,18,TTAAGCTGAGCCAGGGTTAA,7,5208360
yqjE_yqjK_yqjD_yqjC_predicted,0.7368421052631579,31,18,TGTGAGCGACGAAGTCACGA,13,5215782
yqjE_yqjK_yqjD_yqjC_predicted,1.105263157894737,38,18,TGTCTGTGAAAGCGGTTTTT,20,5255322
yqjE_yqjK_yqjD_yqjC_predicted,0.5263157894736842,27,18,TGTCCCATGCTCTAATGAAA,9,5212121
yqjE_yqjK_yqjD_yqjC_predicted,0.8421052631578947,33,18,TGTACTTCTCGCTTGATTTT,15,5233430
yqjE_yqjK_yqjD_yqjC_predicted,0.42105263157894735,25,18,TGTACGGAGGAAGACGCGTA,7,5237966
yqjE_yqjK_yqjD_yqjC_predicted,0.10526315789473684,19,18,TGTACAAGTCACGCGATGTA,1,5256072
yqjE_yqjK_yqjD_yqjC_predicted,0.47368421052631576,26,18,TGGTGGCTGTATCAGGTTAT,8,5225328
yqjE_yqjK_yqjD_yqjC_predicted,1.105263157894737,38,18,TGGGCAAGATACTGCACGAA,20,5200430
yqjE_yqjK_yqjD_yqjC_predicted,0.5263157894736842,27,18,TGGCTATAAGGGAAATTTAT,9,5217601
yqjE_yqjK_yqjD_yqjC_predicted,0.47368421052631576,26,18,TGCTTAGTAAGTATGTGTGT,8,5177284
yqjE_yqjK_yqjD_yqjC_predicted,0.8421052631578947,33,18,TGCTTAGCCTTATTACCACA,15,5173086
yqjE_yqjK_yqjD_yqjC_predicted,0.5789473684210527,28,18,TGCTCAATATGCGTTACCAT,10,5210319
yqjE_yqjK_yqjD_yqjC_predicted,0.7368421052631579,31,18,TGCTAGACTAACCGCGCCTT,13,5181481
yqjE_yqjK_yqjD_yqjC_predicted,1.105263157894737,38,18,TGCGCAGAACGGCAAAATTG,20,5177309
yqjE_yqjK_yqjD_yqjC_predicted,0.21052631578947367,21,18,TGCCATAGTGGCAACGTCTA,3,5231599
yqjE_yqjK_yqjD_yqjC_predicted,0.631578947368421,29,18,TGCATGGCTAACAAAGCCTC,11,5178399
yqjE_yqjK_yqjD_yqjC_predicted,0.6842105263157895,30,18,TGCATCCTATTAAGGGTATA,12,5235863
yqjE_yqjK_yqjD_yqjC_predicted,0.9473684210526315,35,18,TGAGGGGTCGATGCTTGCTT,17,5225266
yqjE_yqjK_yqjD_yqjC_predicted,0.2631578947368421,22,18,TGACTGTCACCTGCGTACAG,4,5192406
yqjE_yqjK_yqjD_yqjC_predicted,0.47368421052631576,26,18,TCTTTAAGCCTCGCCGTCCG,8,5252790
yqjE_yqjK_yqjD_yqjC_predicted,0.21052631578947367,21,18,TCTGCACGGTTTACGCCAGG,3,5248775
yqjE_yqjK_yqjD_yqjC_predicted,0.3684210526315789,24,18,TCTAGGTAGGTTCCATCAAT,6,5181816
yqjE_yqjK_yqjD_yqjC_predicted,4.631578947368421,105,18,TCTAGCCTTCTTTAAACTTA,87,5183932
yqjE_yqjK_yqjD_yqjC_predicted,0.10526315789473684,19,18,TCGTGTAGGGATCATATGGA,1,5245622
yqjE_yqjK_yqjD_yqjC_predicted,0.10526315789473684,19,18,TCGTATAGGGCGCTAATGGC,1,5173844
yqjE_yqjK_yqjD_yqjC_predicted,0.47368421052631576,26,18,TCGGGGGTATAAACCGGTAG,8,5261278
yqjE_yqjK_yqjD_yqjC_predicted,1.2105263157894737,40,18,TCGGAGCATCTGTCCGAACT,22,5178699
yqjE_yqjK_yqjD_yqjC_predicted,0.8421052631578947,33,18,TCGCACATGCTATAGGGCGA,15,5196030
yqjE_yqjK_yqjD_yqjC_predicted,0.6842105263157895,30,18,TCGAGATGGATTCGTGTAAT,12,5258575
yqjE_yqjK_yqjD_yqjC_predicted,0.6842105263157895,30,18,TCCGGCACCACCGTGATGTA,12,5225660
yqjE_yqjK_yqjD_yqjC_predicted,0.3157894736842105,23,18,TCATTGGTAGAACTTCGATC,5,5241475
yqjE_yqjK_yqjD_yqjC_predicted,0.6842105263157895,30,18,TCATGGATTTCCTGCGGCAA,12,5260672
yqjE_yqjK_yqjD_yqjC_predicted,0.10526315789473684,19,18,TCATGGATTACACGCCCAGT,1,5181892
yqjE_yqjK_yqjD_yqjC_predicted,0.8947368421052632,34,18,TCATATTGTGGGACTCATGT,16,5222896
yqjE_yqjK_yqjD_yqjC_predicted,0.21052631578947367,21,18,TCAGGACTACCCCGCAGCCA,3,5223145
yqjE_yqjK_yqjD_yqjC_predicted,1.5263157894736843,46,18,TCAGGACCGGCTAATGGCAG,28,5185716
yqjE_yqjK_yqjD_yqjC_predicted,0.10526315789473684,19,18,TCAGCGTCTGCGGCGTTAGT,1,5178644
yqjE_yqjK_yqjD_yqjC_predicted,0.3684210526315789,24,18,TCACAGCTGGCAGGTGAGGG,6,5196459
yqjE_yqjK_yqjD_yqjC_predicted,0.15789473684210525,20,18,TCAAAACATAGCTACAAGAT,2,5253175
yqjE_yqjK_yqjD_yqjC_predicted,0.8947368421052632,34,18,TATCGTGCGTCGATTATAAG,16,5249970
yqjE_yqjK_yqjD_yqjC_predicted,1.736842105263158,50,18,TATAAGTGGCGTGAAAAACT,32,5233748
yqjE_yqjK_yqjD_yqjC_predicted,0.15789473684210525,20,18,TAGTCTTGTGTCGTTCGCGG,2,5205418
yqjE_yqjK_yqjD_yqjC_predicted,0.2631578947368421,22,18,TAGGGAGTTAAACTGAGGAT,4,5243198
yqjE_yqjK_yqjD_yqjC_predicted,0.3684210526315789,24,18,TAGCGCCATTGATTCTCGAT,6,5225981
yqjE_yqjK_yqjD_yqjC_predicted,0.3684210526315789,24,18,TAGCAGGACCCAACGTGAGT,6,5232491
yqjE_yqjK_yqjD_yqjC_predicted,0.47368421052631576,26,18,TACCGTACAGGGCCTGATGG,8,5206004
yqjE_yqjK_yqjD_yqjC_predicted,0.47368421052631576,26,18,TAAGACCCTTGGAACAGATA,8,5213800
yqjE_yqjK_yqjD_yqjC_predicted,0.3157894736842105,23,18,GTTTGGGTGTACAGGTAGTA,5,5192835
yqjE_yqjK_yqjD_yqjC_predicted,0.3157894736842105,23,18,GTTTACTTCGTATATTTTAG,5,5223212
yqjE_yqjK_yqjD_yqjC_predicted,0.8947368421052632,34,18,GTTGGTGTTGACCGCGGTAT,16,5221606
yqjE_yqjK_yqjD_yqjC_predicted,0.10526315789473684,19,18,GTTGGGCCGAAAGTTCTCCC,1,5204065
yqjE_yqjK_yqjD_yqjC_predicted,2.0,55,18,GTTCGAGTGTAATACATAAT,37,5212858
yqjE_yqjK_yqjD_yqjC_predicted,0.9473684210526315,35,18,GTGGGGGAATAGGTTCCCTA,17,5262409
yqjE_yqjK_yqjD_yqjC_predicted,0.7368421052631579,31,18,GTGGCTTTAAATCTTGGCCA,13,5220633
yqjE_yqjK_yqjD_yqjC_predicted,0.3157894736842105,23,18,GTGCTGTAGAATAATAATGA,5,5255243
yqjE_yqjK_yqjD_yqjC_predicted,0.631578947368421,29,18,GTGCTCACTTTTAAATTTTT,11,5238712
yqjE_yqjK_yqjD_yqjC_predicted,0.8421052631578947,33,18,GTCTCGAGAATCCGCGACGA,15,5246601
yqjE_yqjK_yqjD_yqjC_predicted,0.7368421052631579,31,18,GTCGGCTAAGGATAGAAGTG,13,5204886
yqjE_yqjK_yqjD_yqjC_predicted,0.631578947368421,29,18,GTCCTTACCGGCGAATAGAT,11,5259194
yqjE_yqjK_yqjD_yqjC_predicted,0.2631578947368421,22,18,GTAGCTAGTGAGATTTTGAT,4,5250979
yqjE_yqjK_yqjD_yqjC_predicted,0.5263157894736842,27,18,GTACATAGGCCGGTACCAGA,9,5199467
yqjE_yqjK_yqjD_yqjC_predicted,0.3684210526315789,24,18,GTAATCGATTACATCCGGCC,6,5260059
yqjE_yqjK_yqjD_yqjC_predicted,1.0,36,18,GTAACGCATACGAACTCGGA,18,5188519
yqjE_yqjK_yqjD_yqjC_predicted,0.10526315789473684,19,18,GGTTAGTTCTGTCGTTTGGC,1,5227934
yqjE_yqjK_yqjD_yqjC_predicted,0.15789473684210525,20,18,GGTGTCTCTCTATTCTAGCC,2,5254801
yqjE_yqjK_yqjD_yqjC_predicted,0.631578947368421,29,18,GGTAAGTAAGATCGGCACCT,11,5202133
yqjE_yqjK_yqjD_yqjC_predicted,0.7894736842105263,32,18,GGGGGATCTCGGTGAGATGT,14,5235935
yqjE_yqjK_yqjD_yqjC_predicted,1.4210526315789473,44,18,GGGGCCTAATGTGGGGATAA,26,5235147
yqjE_yqjK_yqjD_yqjC_predicted,0.47368421052631576,26,18,GGGCTAACCATAGGGGCCTG,8,5195336
yqjE_yqjK_yqjD_yqjC_predicted,0.42105263157894735,25,18,GGCTCTATCCTTTAATCAGT,7,5249197
yqjE_yqjK_yqjD_yqjC_predicted,0.10526315789473684,19,18,GGCGATTGTTCTATCTTGGA,1,5247701
yqjE_yqjK_yqjD_yqjC_predicted,0.631578947368421,29,18,GGATCGGTCTTGTAGGAAGA,11,5225271
yqjE_yqjK_yqjD_yqjC_predicted,0.10526315789473684,19,18,GGAGTTGGGCCGATTGTCAA,1,5192943
yqjE_yqjK_yqjD_yqjC_predicted,0.10526315789473684,19,18,GGAGAGAAACACCCTTCTGT,1,5195114
yqjE_yqjK_yqjD_yqjC_predicted,2.473684210526316,64,18,GGACGTAAGTAAGTCTAATA,46,5185392
yqjE_yqjK_yqjD_yqjC_predicted,0.47368421052631576,26,18,GGAATCTAACACAGCGCAAA,8,5232472
yqjE_yqjK_yqjD_yqjC_predicted,0.3684210526315789,24,18,GCTGGGATCTAGGGTGCGGT,6,5177397
yqjE_yqjK_yqjD_yqjC_predicted,0.2631578947368421,22,18,GCTACTATTGGCAGAAATAG,4,5180838
yqjE_yqjK_yqjD_yqjC_predicted,0.631578947368421,29,18,GCTACAATATTTGCGGTAAT,11,5196850
yqjE_yqjK_yqjD_yqjC_predicted,0.7368421052631579,31,18,GCGGCTATTTTTGTGATAGG,13,5183252
yqjE_yqjK_yqjD_yqjC_predicted,0.2631578947368421,22,18,GCGGCATGTTAGGTGAATAT,4,5189583
yqjE_yqjK_yqjD_yqjC_predicted,0.3157894736842105,23,18,GCGATAATTGGGATGATCTT,5,5191085
yqjE_yqjK_yqjD_yqjC_predicted,2.5789473684210527,66,18,GCCTTACTCTATATCGCCCT,48,5176395
yqjE_yqjK_yqjD_yqjC_predicted,0.10526315789473684,19,18,GCCTACGCTATGGAGTGATG,1,5172476
yqjE_yqjK_yqjD_yqjC_predicted,0.15789473684210525,20,18,GCCACGCCCGTAAATGTCAA,2,5217233
yqjE_yqjK_yqjD_yqjC_predicted,0.5263157894736842,27,18,GCATTCTAAACTTTGAACCT,9,5208227
yqjE_yqjK_yqjD_yqjC_predicted,0.7368421052631579,31,18,GCATCCTATATTATCTGTTG,13,5191522
yqjE_yqjK_yqjD_yqjC_predicted,0.10526315789473684,19,18,GCAGATATCCTCGTACTTAT,1,5224878
yqjE_yqjK_yqjD_yqjC_predicted,2.210526315789474,59,18,GCACTCAAGGAAAACGCTCA,41,5231222
yqjE_yqjK_yqjD_yqjC_predicted,1.0,36,18,GCAATCTTCATCAAATCGAA,18,5260565
yqjE_yqjK_yqjD_yqjC_predicted,0.631578947368421,29,18,GCAAATTAAAATATGAACAC,11,5188141
yqjE_yqjK_yqjD_yqjC_predicted,0.10526315789473684,19,18,GATTAGGGAGTCTGGCACAG,1,5243293
yqjE_yqjK_yqjD_yqjC_predicted,1.263157894736842,41,18,GATGCCCCACTATCCCTGAA,23,5222846
yqjE_yqjK_yqjD_yqjC_predicted,0.47368421052631576,26,18,GATCTGCGAGCCACTAAAAC,8,5183440
yqjE_yqjK_yqjD_yqjC_predicted,1.7894736842105263,51,18,GATCAGGCTGCAATTCCGTT,33,5239033
yqjE_yqjK_yqjD_yqjC_predicted,0.21052631578947367,21,18,GATACGTGGCGCCGCCGAAA,3,5256537
yqjE_yqjK_yqjD_yqjC_predicted,0.631578947368421,29,18,GAGTGAAATCTTCGGACGTA,11,5260507
yqjE_yqjK_yqjD_yqjC_predicted,0.3684210526315789,24,18,GAGCCTTGCAGTTAACAACC,6,5260818
yqjE_yqjK_yqjD_yqjC_predicted,0.9473684210526315,35,18,GAGCCTTGAGATACCTATTA,17,5253230
yqjE_yqjK_yqjD_yqjC_predicted,1.0526315789473684,37,18,GAGCCCACATCCGACTTAAG,19,5225376
yqjE_yqjK_yqjD_yqjC_predicted,0.5789473684210527,28,18,GACATTTACGCCAGAGGGGA,10,5223197
yqjE_yqjK_yqjD_yqjC_predicted,0.7368421052631579,31,18,GACATACCCCTATTATGCTA,13,5245235
yqjE_yqjK_yqjD_yqjC_predicted,0.5789473684210527,28,18,GAAGTTGCCGATAACCGTGC,10,5217330
yqjE_yqjK_yqjD_yqjC_predicted,0.15789473684210525,20,18,GAAGTAGTATCTATAAGGCA,2,5254335
yqjE_yqjK_yqjD_yqjC_predicted,0.42105263157894735,25,18,GAACCCCCTCCAGGAATAGC,7,5171940
yqjE_yqjK_yqjD_yqjC_predicted,0.2631578947368421,22,18,GAACCAATTTAAATCGAAAG,4,5215858
yqjE_yqjK_yqjD_yqjC_predicted,0.47368421052631576,26,18,GAAAGACACGATACCCAGAA,8,5212389
yqjE_yqjK_yqjD_yqjC_predicted,0.10526315789473684,19,18,CTTTATGCGCCCTGAACTAG,1,5256787
yqjE_yqjK_yqjD_yqjC_predicted,0.2631578947368421,22,18,CTGTGCGCATAAGTCGAGAT,4,5259822
yqjE_yqjK_yqjD_yqjC_predicted,2.3684210526315788,62,18,CTGTATTACCGACGAACCCT,44,5219177
yqjE_yqjK_yqjD_yqjC_predicted,0.631578947368421,29,18,CTGTATATTCCATGCCTAAG,11,5216130
yqjE_yqjK_yqjD_yqjC_predicted,0.47368421052631576,26,18,CTGGGTCAGGGAGGCTAAAC,8,5220127
yqjE_yqjK_yqjD_yqjC_predicted,0.8947368421052632,34,18,CTGAGGTAATTTTGTAGCCT,16,5200752
yqjE_yqjK_yqjD_yqjC_predicted,2.6842105263157894,68,18,CTGAGATCAGTAAAGAATCG,50,5249042
yqjE_yqjK_yqjD_yqjC_predicted,0.5263157894736842,27,18,CTCTGAGTGAAAACGCAGTC,9,5238196
yqjE_yqjK_yqjD_yqjC_predicted,0.10526315789473684,19,18,CTCGATACGAGTCGATTTGT,1,5232078
yqjE_yqjK_yqjD_yqjC_predicted,0.2631578947368421,22,18,CTCCGTACATGGACGGATGA,4,5239091
yqjE_yqjK_yqjD_yqjC_predicted,1.1578947368421053,39,18,CTCATTCACGAGTGCGACGA,21,5217321
yqjE_yqjK_yqjD_yqjC_predicted,0.10526315789473684,19,18,CTATTGAAGTCTCAGTGGAA,1,5204678
yqjE_yqjK_yqjD_yqjC_predicted,1.105263157894737,38,18,CTATAAAGGAACACTTAGCC,20,5236914
yqjE_yqjK_yqjD_yqjC_predicted,0.21052631578947367,21,18,CTAGGCCTCTTGACGGCTCA,3,5201692
yqjE_yqjK_yqjD_yqjC_predicted,1.1578947368421053,39,18,CTAGCTTAACTGGTCTCCTC,21,5248725
yqjE_yqjK_yqjD_yqjC_predicted,0.10526315789473684,19,18,CTAGAGGCTCTCGCTCAGCT,1,5256087
yqjE_yqjK_yqjD_yqjC_predicted,0.42105263157894735,25,18,CTACAAACCCTCCGTGCCCA,7,5256912
yqjE_yqjK_yqjD_yqjC_predicted,0.10526315789473684,19,18,CTACAAACAGGAATTCTATT,1,5202511
yqjE_yqjK_yqjD_yqjC_predicted,0.5263157894736842,27,18,CTAATCGGTCCGAGTTGAGG,9,5171549
yqjE_yqjK_yqjD_yqjC_predicted,0.15789473684210525,20,18,CGTTTCGTTGTCGTGCGCTG,2,5198831
yqjE_yqjK_yqjD_yqjC_predicted,1.105263157894737,38,18,CGTTTATACCAGCCTAACGT,20,5198210
yqjE_yqjK_yqjD_yqjC_predicted,0.7894736842105263,32,18,CGTGTTCTGTCGATCTGAAC,14,5215714
yqjE_yqjK_yqjD_yqjC_predicted,0.15789473684210525,20,18,CGTGGCTTAACGTCGGCGGT,2,5174198
yqjE_yqjK_yqjD_yqjC_predicted,0.9473684210526315,35,18,CGTCGGGTTTCAATTATGTT,17,5248483
yqjE_yqjK_yqjD_yqjC_predicted,0.21052631578947367,21,18,CGTCCCTTCTTCAATGTTAA,3,5185525
yqjE_yqjK_yqjD_yqjC_predicted,0.8947368421052632,34,18,CGGTAAACGCCTGTAAGCGA,16,5238475
yqjE_yqjK_yqjD_yqjC_predicted,0.5263157894736842,27,18,CGGGTCGGAAATGCAGGCAA,9,5189736
yqjE_yqjK_yqjD_yqjC_predicted,0.5263157894736842,27,18,CGGCAAGGCATCCTGGACAA,9,5239264
yqjE_yqjK_yqjD_yqjC_predicted,0.10526315789473684,19,18,CGGATATCGTTGTTACGCGG,1,5231066
yqjE_yqjK_yqjD_yqjC_predicted,0.15789473684210525,20,18,CGGATAAAAAAGGCAGTGCA,2,5206352
yqjE_yqjK_yqjD_yqjC_predicted,0.8947368421052632,34,18,CGCTTGAGTGTAGTTATGTT,16,5173223
yqjE_yqjK_yqjD_yqjC_predicted,0.10526315789473684,19,18,CGCCTTTTTTTAATAAACAT,1,5176475
yqjE_yqjK_yqjD_yqjC_predicted,1.7894736842105263,51,18,CGCCCCAGCCCGGCGGAGCG,33,5226092
yqjE_yqjK_yqjD_yqjC_predicted,1.5263157894736843,46,18,CGCCAGTGCGCCCGGCCTTT,28,5203706
yqjE_yqjK_yqjD_yqjC_predicted,0.8421052631578947,33,18,CGATGTGCTTTGTCAGGTGC,15,5190781
yqjE_yqjK_yqjD_yqjC_predicted,1.1578947368421053,39,18,CGATATGCTACGTTGAGTAT,21,5232684
yqjE_yqjK_yqjD_yqjC_predicted,0.10526315789473684,19,18,CGAGAGCACAGTGATTGTCA,1,5240922
yqjE_yqjK_yqjD_yqjC_predicted,0.15789473684210525,20,18,CGACAACGGTCGATCAACGA,2,5227194
yqjE_yqjK_yqjD_yqjC_predicted,0.6842105263157895,30,18,CGAATGCCCCACTTTTAATT,12,5197756
yqjE_yqjK_yqjD_yqjC_predicted,0.8947368421052632,34,18,CCTTGGTAGTGACTGGCACA,16,5195577
yqjE_yqjK_yqjD_yqjC_predicted,0.42105263157894735,25,18,CCTGTTACGGGGTCGGCACC,7,5223072
yqjE_yqjK_yqjD_yqjC_predicted,0.3157894736842105,23,18,CCTGCCGAACCAGATTGCAG,5,5183419
yqjE_yqjK_yqjD_yqjC_predicted,0.6842105263157895,30,18,CCTCGGAAAAGTACCTTCTG,12,5192249
yqjE_yqjK_yqjD_yqjC_predicted,1.0526315789473684,37,18,CCTCCTACGTTTCGCTAGAA,19,5250284
yqjE_yqjK_yqjD_yqjC_predicted,0.47368421052631576,26,18,CCTACCATTGTCCACTAGAT,8,5212454
yqjE_yqjK_yqjD_yqjC_predicted,1.0526315789473684,37,18,CCGGTAACTTTTTGTCTTAT,19,5184697
yqjE_yqjK_yqjD_yqjC_predicted,0.7894736842105263,32,18,CCGGCCGCCCCGGTTCGAGT,14,5211685
yqjE_yqjK_yqjD_yqjC_predicted,0.5789473684210527,28,18,CCGGAATGAACAGCGGCGCA,10,5204183
yqjE_yqjK_yqjD_yqjC_predicted,1.4736842105263157,45,18,CCGCATGAGGATCTTGGTCT,27,5218211
yqjE_yqjK_yqjD_yqjC_predicted,0.6842105263157895,30,18,CCGCACACGCCACAGGCAAC,12,5193185
yqjE_yqjK_yqjD_yqjC_predicted,1.631578947368421,48,18,CCGAGGCCGAAGAGACGGGT,30,5176139
yqjE_yqjK_yqjD_yqjC_predicted,0.3684210526315789,24,18,CCGAGGCCAATAATGAGAAG,6,5234494
yqjE_yqjK_yqjD_yqjC_predicted,0.6842105263157895,30,18,CCCTTTCCATTATGGTTACT,12,5195810
yqjE_yqjK_yqjD_yqjC_predicted,0.7368421052631579,31,18,CCCGGTAGGTTACCAGTTGC,13,5221353
yqjE_yqjK_yqjD_yqjC_predicted,0.15789473684210525,20,18,CCCGAGATTTAATAGAGTAC,2,5238045
yqjE_yqjK_yqjD_yqjC_predicted,1.7894736842105263,51,18,CCCCCTGCGTCGCTATGTGA,33,5222070
yqjE_yqjK_yqjD_yqjC_predicted,0.15789473684210525,20,18,CCCAAGGCCCCCATGCTTTC,2,5240143
yqjE_yqjK_yqjD_yqjC_predicted,1.6842105263157894,49,18,CCATGTTTCGTGCACAGGCA,31,5189925
yqjE_yqjK_yqjD_yqjC_predicted,1.105263157894737,38,18,CCAGTCCCCAAACACTTCAA,20,5220949
yqjE_yqjK_yqjD_yqjC_predicted,0.15789473684210525,20,18,CCAGCGCCACTTCGTCCGGA,2,5235933
yqjE_yqjK_yqjD_yqjC_predicted,1.8421052631578947,52,18,CCAACGCGTAGGGATCGGGT,34,5200497
yqjE_yqjK_yqjD_yqjC_predicted,1.4210526315789473,44,18,CATTGTGGTCTCAGTAGGCT,26,5246961
yqjE_yqjK_yqjD_yqjC_predicted,0.8947368421052632,34,18,CATTGCTCCCTTTACATCCT,16,5193929
yqjE_yqjK_yqjD_yqjC_predicted,0.3157894736842105,23,18,CATGTCGGGTTTGAATCTAC,5,5249094
yqjE_yqjK_yqjD_yqjC_predicted,0.47368421052631576,26,18,CATGCTGGAGGCGATCGCTC,8,5226699
yqjE_yqjK_yqjD_yqjC_predicted,0.15789473684210525,20,18,CATATACCGCATCGTGTTAG,2,5204519
yqjE_yqjK_yqjD_yqjC_predicted,0.10526315789473684,19,18,CAGGATTCGTTAACAAAGCT,1,5172891
yqjE_yqjK_yqjD_yqjC_predicted,0.21052631578947367,21,18,CAGCTCTCCGCTAGGTCTGC,3,5205085
yqjE_yqjK_yqjD_yqjC_predicted,1.631578947368421,48,18,CAGATGGCTAAAACGCCGTA,30,5221608
yqjE_yqjK_yqjD_yqjC_predicted,0.15789473684210525,20,18,CAATGCACACTGCTACAGCT,2,5224494
yqjE_yqjK_yqjD_yqjC_predicted,0.3157894736842105,23,18,CAATCGTACCCGTAGCAGGA,5,5199742
yqjE_yqjK_yqjD_yqjC_predicted,0.10526315789473684,19,18,CAACAGGTGTCTGCCCCATC,1,5194185
yqjE_yqjK_yqjD_yqjC_predicted,0.15789473684210525,20,18,CAAATGGAATGGCCAGATAG,2,5191999
yqjE_yqjK_yqjD_yqjC_predicted,0.631578947368421,29,18,CAAAGGTACTGTAGTCGGGC,11,5231172
yqjE_yqjK_yqjD_yqjC_predicted,1.105263157894737,38,18,CAAACGATACCCATCGAAAA,20,5180933
yqjE_yqjK_yqjD_yqjC_predicted,0.6842105263157895,30,18,ATTTGTGTCCTTGCGAAGTA,12,5260506
yqjE_yqjK_yqjD_yqjC_predicted,1.0526315789473684,37,18,ATTGTATATCGATGCGTATC,19,5200950
yqjE_yqjK_yqjD_yqjC_predicted,0.15789473684210525,20,18,ATTCTCTGGTAGCAAGGCAT,2,5254364
yqjE_yqjK_yqjD_yqjC_predicted,0.10526315789473684,19,18,ATGTTGAGATGCGTCAACTA,1,5236114
yqjE_yqjK_yqjD_yqjC_predicted,0.21052631578947367,21,18,ATGGAACTCCGTACTGGTGA,3,5246490
yqjE_yqjK_yqjD_yqjC_predicted,1.263157894736842,41,18,ATGCTCGCCGGTTACCCGTG,23,5194728
yqjE_yqjK_yqjD_yqjC_predicted,0.8947368421052632,34,18,ATGCCAATAGTTGCGGCTTC,16,5194197
yqjE_yqjK_yqjD_yqjC_predicted,0.6842105263157895,30,18,ATGCAGTTATTCGGCTACAC,12,5200886
yqjE_yqjK_yqjD_yqjC_predicted,0.10526315789473684,19,18,ATCGGGATAATAGCTCTTTC,1,5183635
yqjE_yqjK_yqjD_yqjC_predicted,0.42105263157894735,25,18,ATCGATGGGGTAGCCAGATA,7,5209577
yqjE_yqjK_yqjD_yqjC_predicted,0.6842105263157895,30,18,ATCCGCAGGGGCCGGGGTAG,12,5258660
yqjE_yqjK_yqjD_yqjC_predicted,0.7368421052631579,31,18,ATCCGATTAGTGTGTTCCCG,13,5198784
yqjE_yqjK_yqjD_yqjC_predicted,0.3684210526315789,24,18,ATCCACCACGATTTCCCCAT,6,5196900
yqjE_yqjK_yqjD_yqjC_predicted,1.5263157894736843,46,18,ATATGTACTAGGTCTGAGCT,28,5201896
yqjE_yqjK_yqjD_yqjC_predicted,0.15789473684210525,20,18,ATAGTGATCTCAGTCGGTAA,2,5192073
yqjE_yqjK_yqjD_yqjC_predicted,0.8947368421052632,34,18,ATAGCTTAGCGGGAGGCTTT,16,5219660
yqjE_yqjK_yqjD_yqjC_predicted,0.2631578947368421,22,18,ATAGCAGTTGTATGAGTCCA,4,5194670
yqjE_yqjK_yqjD_yqjC_predicted,1.4736842105263157,45,18,ATAGCAGGGTCTTCCCGCTT,27,5194801
yqjE_yqjK_yqjD_yqjC_predicted,1.0,36,18,AGTTATTAAACGTCAATCTG,18,5198241
yqjE_yqjK_yqjD_yqjC_predicted,1.0,36,18,AGTGTCCCCATCCGAACTTT,18,5222819
yqjE_yqjK_yqjD_yqjC_predicted,0.15789473684210525,20,18,AGTCGTGTCTGGCAGCGGAG,2,5214141
yqjE_yqjK_yqjD_yqjC_predicted,0.3157894736842105,23,18,AGGTCTAAGAGAACCCGCGA,5,5205224
yqjE_yqjK_yqjD_yqjC_predicted,0.2631578947368421,22,18,AGGTCAGTTCCAAACCGTAC,4,5232708
yqjE_yqjK_yqjD_yqjC_predicted,0.10526315789473684,19,18,AGGCTACGACTAGCCTTTCG,1,5196914
yqjE_yqjK_yqjD_yqjC_predicted,0.5263157894736842,27,18,AGGCGTTTGTATGTGGACGA,9,5200951
yqjE_yqjK_yqjD_yqjC_predicted,0.8421052631578947,33,18,AGCTATAGTTACTCATCTGT,15,5173978
yqjE_yqjK_yqjD_yqjC_predicted,0.631578947368421,29,18,AGCGGGCATCAATGATGTAA,11,5173301
yqjE_yqjK_yqjD_yqjC_predicted,0.42105263157894735,25,18,AGCGAACTTATCTCCAGTGT,7,5239397
yqjE_yqjK_yqjD_yqjC_predicted,1.0,36,18,AGCATAGTAAGGGACCTTTG,18,5187841
yqjE_yqjK_yqjD_yqjC_predicted,1.263157894736842,41,18,AGATGGAAGTGCGTGCAGCC,23,5225850
yqjE_yqjK_yqjD_yqjC_predicted,0.42105263157894735,25,18,AGAGTAGTTGGGCACCAATG,7,5208274
yqjE_yqjK_yqjD_yqjC_predicted,1.263157894736842,41,18,AGACCAGCTAACAGTTAGTA,23,5201894
yqjE_yqjK_yqjD_yqjC_predicted,0.15789473684210525,20,18,AGAATTAATAGCCATATAGT,2,5243059
yqjE_yqjK_yqjD_yqjC_predicted,0.10526315789473684,19,18,ACTGCGTAGACTCATGTTTA,1,5212384
yqjE_yqjK_yqjD_yqjC_predicted,0.3684210526315789,24,18,ACTACGGCCAAGGAAGTGGG,6,5234013
yqjE_yqjK_yqjD_yqjC_predicted,0.21052631578947367,21,18,ACCTGTACGTCCAGGGGGAC,3,5181896
yqjE_yqjK_yqjD_yqjC_predicted,1.0526315789473684,37,18,ACCTAGAGATTAAACTTTCA,19,5214419
yqjE_yqjK_yqjD_yqjC_predicted,0.3684210526315789,24,18,ACCCGCTCCCGGGGTAGGTC,6,5188784
yqjE_yqjK_yqjD_yqjC_predicted,1.105263157894737,38,18,ACCCGAATGATGAACGCTGT,20,5181332
yqjE_yqjK_yqjD_yqjC_predicted,0.3157894736842105,23,18,ACCATCACAGGCACACAGTT,5,5249098
yqjE_yqjK_yqjD_yqjC_predicted,0.21052631578947367,21,18,ACCATAGCACGGCTACGGTT,3,5184763
yqjE_yqjK_yqjD_yqjC_predicted,0.5789473684210527,28,18,ACCAAGGGAGGAAGGCGTTC,10,5243566
yqjE_yqjK_yqjD_yqjC_predicted,1.0,36,18,ACATCCTCCGCACCATGATC,18,5172632
yqjE_yqjK_yqjD_yqjC_predicted,0.3684210526315789,24,18,ACATAAGCTATGTGATCTTA,6,5241948
yqjE_yqjK_yqjD_yqjC_predicted,0.2631578947368421,22,18,ACAGTCCGAGCCCCCTATCC,4,5190152
yqjE_yqjK_yqjD_yqjC_predicted,0.631578947368421,29,18,ACAGCAGTTACCGCGAAGTA,11,5208791
yqjE_yqjK_yqjD_yqjC_predicted,0.9473684210526315,35,18,ACACCGGCGATTGGAAAAGA,17,5194815
yqjE_yqjK_yqjD_yqjC_predicted,0.10526315789473684,19,18,ACAAAAGTAAACGAGGATTA,1,5200117
yqjE_yqjK_yqjD_yqjC_predicted,0.10526315789473684,19,18,AATGAGTAGTCTACGAGTTT,1,5195071
yqjE_yqjK_yqjD_yqjC_predicted,1.1578947368421053,39,18,AATCGCGAATTCATTGCTGT,21,5183721
yqjE_yqjK_yqjD_yqjC_predicted,1.3157894736842106,42,18,AATATTTGTCTCTCGTAGTG,24,5190511
yqjE_yqjK_yqjD_yqjC_predicted,0.5789473684210527,28,18,AATATGTAATGGTGCTTTTG,10,5211734
yqjE_yqjK_yqjD_yqjC_predicted,0.10526315789473684,19,18,AATAAATGCATTCTGGAGGG,1,5190424
yqjE_yqjK_yqjD_yqjC_predicted,0.21052631578947367,21,18,AAGGGCTGGGGGTTTCAGCT,3,5247851
yqjE_yqjK_yqjD_yqjC_predicted,2.1578947368421053,58,18,AAGATTCGCATTGCAACGCA,40,5196722
yqjE_yqjK_yqjD_yqjC_predicted,1.0526315789473684,37,18,AAGACAATAATGCCTTGGCG,19,5256069
yqjE_yqjK_yqjD_yqjC_predicted,0.10526315789473684,19,18,AACTTTATGTTGATTCCGTA,1,5214459
yqjE_yqjK_yqjD_yqjC_predicted,0.3157894736842105,23,18,AACTAAGGGGAAAGGTTTCC,5,5181173
yqjE_yqjK_yqjD_yqjC_predicted,0.7894736842105263,32,18,AACGCAACCGCCAGCTCCCA,14,5190140
yqjE_yqjK_yqjD_yqjC_predicted,0.10526315789473684,19,18,AACCTATCGTTTAAAGACAC,1,5175250
yqjE_yqjK_yqjD_yqjC_predicted,4.157894736842105,96,18,AACCCTCTGCTATTTAACTG,78,5230055
yqjE_yqjK_yqjD_yqjC_predicted,0.3157894736842105,23,18,AACAACGGCTTTTCCGGTAA,5,5197711
yqjE_yqjK_yqjD_yqjC_predicted,0.2631578947368421,22,18,AAAGCCGCGACGGATCCTTT,4,5231226
yqjE_yqjK_yqjD_yqjC_predicted,0.9473684210526315,35,18,AAACTCCCTTGTCAGCGATC,17,5173420
yqjE_yqjK_yqjD_yqjC_predicted,0.10526315789473684,19,18,AAACGCTGACTACGACGCTT,1,5224350
yqjE_yqjK_yqjD_yqjC_predicted,0.10526315789473684,19,18,AAACGAGGTCTAGTTTCGAT,1,5259278
yqjE_yqjK_yqjD_yqjC_predicted,0.21052631578947367,21,18,AAACGACCCTGCAGTAAGCA,3,5196788
yqjE_yqjK_yqjD_yqjC_predicted,0.5263157894736842,27,18,AAACATTTCCCGTTCTGCAG,9,5238351
yqjE_yqjK_yqjD_yqjC_predicted,0.10526315789473684,19,18,AAAAACTGTGAGCGTCACGT,1,5211333
yqjE_yqjK_yqjD_yqjC_predicted,0.2222222222222222,20,17,TTTGTGGGCCGGTAGTTTCC,3,5199671
yqjE_yqjK_yqjD_yqjC_predicted,0.5555555555555556,26,17,TTGTCGTATTAGAACACTGT,9,5258700
yqjE_yqjK_yqjD_yqjC_predicted,2.7777777777777777,66,17,TTGTCCGAAGCCAGTTTAGG,49,5236669
yqjE_yqjK_yqjD_yqjC_predicted,0.16666666666666666,19,17,TTGTAGAGCCCGTAAGGTCT,2,5177844
yqjE_yqjK_yqjD_yqjC_predicted,1.0,34,17,TTGTACTATACAGGATCGTC,17,5176791
yqjE_yqjK_yqjD_yqjC_predicted,0.5,25,17,TTGATAAGTCGTGCGCAAGA,8,5249602
yqjE_yqjK_yqjD_yqjC_predicted,3.7222222222222223,83,17,TTGAGTGGGAGCCGTTAGAT,66,5232723
yqjE_yqjK_yqjD_yqjC_predicted,0.1111111111111111,18,17,TTCTGAGACCTATGGGGGTT,1,5183174
yqjE_yqjK_yqjD_yqjC_predicted,1.2222222222222223,38,17,TTCGGACGGAAGCGGAATTG,21,5199181
yqjE_yqjK_yqjD_yqjC_predicted,0.6111111111111112,27,17,TTATTGATATGTTGATCACT,10,5217696
yqjE_yqjK_yqjD_yqjC_predicted,1.5,43,17,TTATGGAGTCTATCAGCGAA,26,5218434
yqjE_yqjK_yqjD_yqjC_predicted,0.7777777777777778,30,17,TTATGACCGGAATCCTTTCC,13,5257141
yqjE_yqjK_yqjD_yqjC_predicted,0.4444444444444444,24,17,TTAGTAGGTGACTACCCAGG,7,5199643
yqjE_yqjK_yqjD_yqjC_predicted,1.4444444444444444,42,17,TTACTGCTTCCCCTCGGACA,25,5179586
yqjE_yqjK_yqjD_yqjC_predicted,0.7222222222222222,29,17,TTACGCCGGGCAGCAGGACG,12,5236077
yqjE_yqjK_yqjD_yqjC_predicted,0.8333333333333334,31,17,TTACACGTCGAATACGGGTG,14,5223502
yqjE_yqjK_yqjD_yqjC_predicted,0.1111111111111111,18,17,TTACAAGGTAGAGTCATCTT,1,5181137
yqjE_yqjK_yqjD_yqjC_predicted,0.1111111111111111,18,17,TGTGGACGTTGTATTGGTCG,1,5228780
yqjE_yqjK_yqjD_yqjC_predicted,0.4444444444444444,24,17,TGTGCGTGCATTTGGAAACC,7,5200748
yqjE_yqjK_yqjD_yqjC_predicted,2.3333333333333335,58,17,TGTGACCGACCCAAATGAAG,41,5225828
yqjE_yqjK_yqjD_yqjC_predicted,2.5555555555555554,62,17,TGTACCCGCAGTGCAAAAAG,45,5175652
yqjE_yqjK_yqjD_yqjC_predicted,2.5555555555555554,62,17,TGGGGCCGGCCTTCTAGCAT,45,5177333
yqjE_yqjK_yqjD_yqjC_predicted,0.4444444444444444,24,17,TGGGATTGGGTAAGGATGTT,7,5228793
yqjE_yqjK_yqjD_yqjC_predicted,0.3333333333333333,22,17,TGGGATCCAATTGTTATACG,5,5215632
yqjE_yqjK_yqjD_yqjC_predicted,0.5555555555555556,26,17,TGGGACAGCTGGGCTTCTAT,9,5242780
yqjE_yqjK_yqjD_yqjC_predicted,0.16666666666666666,19,17,TGGCCTCATGTTCCAAGTTA,2,5223210
yqjE_yqjK_yqjD_yqjC_predicted,0.2777777777777778,21,17,TGGCCTATTCGCCCAATATA,4,5202389
yqjE_yqjK_yqjD_yqjC_predicted,0.3888888888888889,23,17,TGGCAGCCTGCTACTTCCGA,6,5252799
yqjE_yqjK_yqjD_yqjC_predicted,0.16666666666666666,19,17,TGGAAGGATTTCTCACAAAG,2,5171453
yqjE_yqjK_yqjD_yqjC_predicted,0.5,25,17,TGCAAAGATGTGGCGTGCAT,8,5183417
yqjE_yqjK_yqjD_yqjC_predicted,0.16666666666666666,19,17,TGAGGTAACTCCTATGTTCA,2,5251203
yqjE_yqjK_yqjD_yqjC_predicted,0.5555555555555556,26,17,TGACTGGCCAGAAGGTATAA,9,5226227
yqjE_yqjK_yqjD_yqjC_predicted,1.0,34,17,TCTTTGGTTCTCATAACCAG,17,5260422
yqjE_yqjK_yqjD_yqjC_predicted,0.4444444444444444,24,17,TCTTGACATTTCTAAGAGCG,7,5259674
yqjE_yqjK_yqjD_yqjC_predicted,0.4444444444444444,24,17,TCTGGCTGAGATACCTTGGA,7,5237030
yqjE_yqjK_yqjD_yqjC_predicted,0.6666666666666666,28,17,TCTCCGGAACAGTGAGCGAT,11,5251395
yqjE_yqjK_yqjD_yqjC_predicted,0.2777777777777778,21,17,TCTCACGTATTTAAATGGAA,4,5199608
yqjE_yqjK_yqjD_yqjC_predicted,1.3333333333333333,40,17,TCTAATCGGTACGATATTGC,23,5209525
yqjE_yqjK_yqjD_yqjC_predicted,0.1111111111111111,18,17,TCGTTCTCGCTTGCTAGAGC,1,5225978
yqjE_yqjK_yqjD_yqjC_predicted,1.6111111111111112,45,17,TCGTGCTAGTTAGCAAACAT,28,5260231
yqjE_yqjK_yqjD_yqjC_predicted,0.1111111111111111,18,17,TCGGGTGAAAGTGGTGACGC,1,5186398
yqjE_yqjK_yqjD_yqjC_predicted,0.1111111111111111,18,17,TCGGCGCCCGGGATGTTGCT,1,5182644
yqjE_yqjK_yqjD_yqjC_predicted,1.2777777777777777,39,17,TCGCGTATCACAGCCGCTAG,22,5177529
yqjE_yqjK_yqjD_yqjC_predicted,0.5555555555555556,26,17,TCGAGCAGTTTCCTCCGTAG,9,5223691
yqjE_yqjK_yqjD_yqjC_predicted,0.8888888888888888,32,17,TCGAAAGTTTGTGTTTCGTA,15,5207614
yqjE_yqjK_yqjD_yqjC_predicted,0.8888888888888888,32,17,TCCGTCTAGCGGGCTAGGAG,15,5178404
yqjE_yqjK_yqjD_yqjC_predicted,0.2222222222222222,20,17,TCCCGCTCCCCGGACACTCG,3,5173749
yqjE_yqjK_yqjD_yqjC_predicted,1.3888888888888888,41,17,TCCCCCTGCAAATCGATCTG,24,5219629
yqjE_yqjK_yqjD_yqjC_predicted,0.16666666666666666,19,17,TCCATTGCCCATATGAGCTA,2,5201424
yqjE_yqjK_yqjD_yqjC_predicted,0.8888888888888888,32,17,TCCAGTTACCCAGGCAAGAT,15,5251150
yqjE_yqjK_yqjD_yqjC_predicted,0.1111111111111111,18,17,TCAGCAATATTTGCCCAGGT,1,5189980
yqjE_yqjK_yqjD_yqjC_predicted,0.5,25,17,TCAATCGCACCAATACCCTT,8,5192128
yqjE_yqjK_yqjD_yqjC_predicted,0.3888888888888889,23,17,TCAATCAGCTATATCACGTT,6,5208628
yqjE_yqjK_yqjD_yqjC_predicted,1.1111111111111112,36,17,TCAATATGTATTTATTGTCT,19,5243860
yqjE_yqjK_yqjD_yqjC_predicted,1.2777777777777777,39,17,TATTCAGACTGTGACGTTAA,22,5210999
yqjE_yqjK_yqjD_yqjC_predicted,1.1111111111111112,36,17,TATGTCAATGTAAGGCCAGT,19,5258386
yqjE_yqjK_yqjD_yqjC_predicted,0.8333333333333334,31,17,TATCCTGAGGTCACCACTCA,14,5202311
yqjE_yqjK_yqjD_yqjC_predicted,0.3333333333333333,22,17,TATAGAATTGCACTTTAAAT,5,5202257
yqjE_yqjK_yqjD_yqjC_predicted,0.16666666666666666,19,17,TATACCAGGATTAGGCCTGT,2,5223777
yqjE_yqjK_yqjD_yqjC_predicted,2.0555555555555554,53,17,TATACAAACAGCACTTTCAG,36,5220518
yqjE_yqjK_yqjD_yqjC_predicted,2.611111111111111,63,17,TAGCTTCATAATTTGAGGGA,46,5253344
yqjE_yqjK_yqjD_yqjC_predicted,0.4444444444444444,24,17,TAGCGCTCAGACCTACGTTT,7,5220240
yqjE_yqjK_yqjD_yqjC_predicted,0.2222222222222222,20,17,TAGCATGTGGCGGTCACTGA,3,5181948
yqjE_yqjK_yqjD_yqjC_predicted,0.2222222222222222,20,17,TAGAGACCATCGCGTCCTCG,3,5203093
yqjE_yqjK_yqjD_yqjC_predicted,1.2222222222222223,38,17,TACTCCGCATGTCGTGTAGC,21,5185777
yqjE_yqjK_yqjD_yqjC_predicted,2.0555555555555554,53,17,TACGGTAGGGTGTGGTCCCA,36,5173971
yqjE_yqjK_yqjD_yqjC_predicted,1.2777777777777777,39,17,TACATAGCAAAGACGTTTGC,22,5224558
yqjE_yqjK_yqjD_yqjC_predicted,0.3888888888888889,23,17,TACACATACGAGTGATTACA,6,5245700
yqjE_yqjK_yqjD_yqjC_predicted,2.1666666666666665,55,17,TAATAAGAACGGAAGGAGAT,38,5198247
yqjE_yqjK_yqjD_yqjC_predicted,1.6111111111111112,45,17,TAACTATCACTGCCATGATA,28,5199516
yqjE_yqjK_yqjD_yqjC_predicted,0.2777777777777778,21,17,TAAAGTTTCACTCCAAAGAC,4,5191015
yqjE_yqjK_yqjD_yqjC_predicted,1.1666666666666667,37,17,GTTTTGTAGATGGCTTCGGA,20,5178075
yqjE_yqjK_yqjD_yqjC_predicted,0.16666666666666666,19,17,GTTTGTACGGCCACATTCCG,2,5251860
yqjE_yqjK_yqjD_yqjC_predicted,0.3888888888888889,23,17,GTTTATAGCCGCAAGAACTA,6,5208205
yqjE_yqjK_yqjD_yqjC_predicted,0.6111111111111112,27,17,GTTGCGCGGATTGGAAATTA,10,5182049
yqjE_yqjK_yqjD_yqjC_predicted,1.2777777777777777,39,17,GTTGCCCACTGCCCTAAGGT,22,5190404
yqjE_yqjK_yqjD_yqjC_predicted,0.16666666666666666,19,17,GTTCCTCAATGGAAGGTGGT,2,5218047
yqjE_yqjK_yqjD_yqjC_predicted,0.1111111111111111,18,17,GTTACAGGTTCACGGGGATA,1,5176274
yqjE_yqjK_yqjD_yqjC_predicted,1.0555555555555556,35,17,GTTAACGGCGGGGGACTAAA,18,5251740
yqjE_yqjK_yqjD_yqjC_predicted,0.6111111111111112,27,17,GTGTTAAGACAATTCTCCGC,10,5211877
yqjE_yqjK_yqjD_yqjC_predicted,0.6666666666666666,28,17,GTGGCCTACACCTATAGGCT,11,5255726
yqjE_yqjK_yqjD_yqjC_predicted,1.3888888888888888,41,17,GTGCTTCCAGTTGAGACGTA,24,5187494
yqjE_yqjK_yqjD_yqjC_predicted,0.1111111111111111,18,17,GTGCCCCAGTCGGAGATAGC,1,5209299
yqjE_yqjK_yqjD_yqjC_predicted,0.2222222222222222,20,17,GTGAGTGTCGCCAGTGTAGC,3,5251746
yqjE_yqjK_yqjD_yqjC_predicted,0.7222222222222222,29,17,GTCTACAGCCGATCCGTCAT,12,5174678
yqjE_yqjK_yqjD_yqjC_predicted,0.3333333333333333,22,17,GTCGCCCCCTCAGATCAGAG,5,5244769
yqjE_yqjK_yqjD_yqjC_predicted,0.1111111111111111,18,17,GTCGATTTTGTACGGACAAG,1,5201677
yqjE_yqjK_yqjD_yqjC_predicted,0.2222222222222222,20,17,GTCACCTCTCGAAAGCATGT,3,5260961
yqjE_yqjK_yqjD_yqjC_predicted,0.5555555555555556,26,17,GTATGTATTTACGAGCTGTT,9,5229386
yqjE_yqjK_yqjD_yqjC_predicted,0.6111111111111112,27,17,GTATCAATCGACATACGGCA,10,5208912
yqjE_yqjK_yqjD_yqjC_predicted,0.9444444444444444,33,17,GTATATACAAACATTACGCT,16,5236623
yqjE_yqjK_yqjD_yqjC_predicted,1.9444444444444444,51,17,GTAGTGGAAGGTCTCTCTAA,34,5233693
yqjE_yqjK_yqjD_yqjC_predicted,1.0,34,17,GGTTCTTGAACTGAGAAAGA,17,5221879
yqjE_yqjK_yqjD_yqjC_predicted,0.2777777777777778,21,17,GGTTCGCAGGTTATATGGTA,4,5190930
yqjE_yqjK_yqjD_yqjC_predicted,1.1111111111111112,36,17,GGTGGGCACGCTCGAAATCA,19,5229004
yqjE_yqjK_yqjD_yqjC_predicted,0.3888888888888889,23,17,GGTGCAACCCTCGCACGGCT,6,5206877
yqjE_yqjK_yqjD_yqjC_predicted,0.9444444444444444,33,17,GGTATGCATTAAGTTCCCTG,16,5186477
yqjE_yqjK_yqjD_yqjC_predicted,2.0,52,17,GGTAGATGCGGCATTCCTAT,35,5222615
yqjE_yqjK_yqjD_yqjC_predicted,1.0555555555555556,35,17,GGTACGGGTTTATCTCCATC,18,5198220
yqjE_yqjK_yqjD_yqjC_predicted,0.4444444444444444,24,17,GGGTTGTGCTGACACAAGGT,7,5247588
yqjE_yqjK_yqjD_yqjC_predicted,0.2777777777777778,21,17,GGGTGCGAGTGCTATGTAGA,4,5202908
yqjE_yqjK_yqjD_yqjC_predicted,0.2222222222222222,20,17,GGGTCTCCGAATGTAGCTTT,3,5212530
yqjE_yqjK_yqjD_yqjC_predicted,0.8333333333333334,31,17,GGGTCATAAGTCTGGCTTGG,14,5181178
yqjE_yqjK_yqjD_yqjC_predicted,1.1666666666666667,37,17,GGGGCAACTACGATGAGTTA,20,5226774
yqjE_yqjK_yqjD_yqjC_predicted,0.3888888888888889,23,17,GGGGACCGTGGCCACTCGCT,6,5244971
yqjE_yqjK_yqjD_yqjC_predicted,1.7222222222222223,47,17,GGGCGGTCTCCAGGATCCTA,30,5200610
yqjE_yqjK_yqjD_yqjC_predicted,1.0,34,17,GGGCACTTGAACCGAGCGGT,17,5192332
yqjE_yqjK_yqjD_yqjC_predicted,0.1111111111111111,18,17,GGGATGTATTATGGAATAGT,1,5249168
yqjE_yqjK_yqjD_yqjC_predicted,0.16666666666666666,19,17,GGGATGTATTAGTGTTCACT,2,5253378
yqjE_yqjK_yqjD_yqjC_predicted,0.8333333333333334,31,17,GGCTGTATTGGAGGGCACGA,14,5251708
yqjE_yqjK_yqjD_yqjC_predicted,0.7222222222222222,29,17,GGCTCGTGTCGTCAATATTC,12,5191484
yqjE_yqjK_yqjD_yqjC_predicted,0.2777777777777778,21,17,GGCTCCATTGAAGCCTAGAC,4,5214175
yqjE_yqjK_yqjD_yqjC_predicted,2.4444444444444446,60,17,GGCTATCTCACATATCGTTC,43,5216922
yqjE_yqjK_yqjD_yqjC_predicted,0.16666666666666666,19,17,GGCTAATATACGTGATGCGG,2,5189323
yqjE_yqjK_yqjD_yqjC_predicted,0.3333333333333333,22,17,GGCCCTGTGACTTGTGGATT,5,5195666
yqjE_yqjK_yqjD_yqjC_predicted,0.8333333333333334,31,17,GGCATCATCTTGCATCGACT,14,5242497
yqjE_yqjK_yqjD_yqjC_predicted,0.2222222222222222,20,17,GGCAGTGTAAGTTCACCATG,3,5171046
yqjE_yqjK_yqjD_yqjC_predicted,0.1111111111111111,18,17,GGATAACCGCGTGAATGACT,1,5207891
yqjE_yqjK_yqjD_yqjC_predicted,0.3333333333333333,22,17,GGACGCACTTCATAGCGCTA,5,5175787
yqjE_yqjK_yqjD_yqjC_predicted,0.3888888888888889,23,17,GCTTGAGCAGTCTGAAGGGA,6,5222473
yqjE_yqjK_yqjD_yqjC_predicted,1.6666666666666667,46,17,GCTTCCTTTATGAATGCATG,29,5211946
yqjE_yqjK_yqjD_yqjC_predicted,0.4444444444444444,24,17,GCTCGGAACTGAAAGACCGT,7,5202015
yqjE_yqjK_yqjD_yqjC_predicted,3.7222222222222223,83,17,GCGTTGAACAAGTAGCGCTT,66,5198387
yqjE_yqjK_yqjD_yqjC_predicted,0.5,25,17,GCGGTCCCTCATCCTACTGA,8,5208889
yqjE_yqjK_yqjD_yqjC_predicted,0.5555555555555556,26,17,GCGGGTCGCTGCGGTTTGAT,9,5171936
yqjE_yqjK_yqjD_yqjC_predicted,1.3888888888888888,41,17,GCGGCATCGGGGGAACTGTG,24,5262631
yqjE_yqjK_yqjD_yqjC_predicted,1.5,43,17,GCGGAGGCGTTGTTCCCTTA,26,5230581
yqjE_yqjK_yqjD_yqjC_predicted,0.2222222222222222,20,17,GCCTCCGGTCCAGCAAGGAT,3,5177088
yqjE_yqjK_yqjD_yqjC_predicted,0.1111111111111111,18,17,GCCGTCGCTGGCTGTGTTCA,1,5220431
yqjE_yqjK_yqjD_yqjC_predicted,0.7222222222222222,29,17,GCCCTTTCGGCAGCGCCGAA,12,5246824
yqjE_yqjK_yqjD_yqjC_predicted,0.8333333333333334,31,17,GCCCAGGACTTTCAATCGTT,14,5187915
yqjE_yqjK_yqjD_yqjC_predicted,0.4444444444444444,24,17,GCCCAACGGTTATTGGCCTA,7,5252070
yqjE_yqjK_yqjD_yqjC_predicted,0.4444444444444444,24,17,GCCATTCCATCGTTGTGGAG,7,5204915
yqjE_yqjK_yqjD_yqjC_predicted,0.16666666666666666,19,17,GCCAGCGTATTTCAATAGGT,2,5232087
yqjE_yqjK_yqjD_yqjC_predicted,0.6666666666666666,28,17,GCATATAACTCTCTCCACGT,11,5210830
yqjE_yqjK_yqjD_yqjC_predicted,0.3333333333333333,22,17,GCAGCTGATTGTATGTATCT,5,5227049
yqjE_yqjK_yqjD_yqjC_predicted,0.5555555555555556,26,17,GCAGAGGATAGCTCGGCCGA,9,5248541
yqjE_yqjK_yqjD_yqjC_predicted,0.4444444444444444,24,17,GCACAAACCGCCTAAGGACC,7,5242370
yqjE_yqjK_yqjD_yqjC_predicted,1.8333333333333333,49,17,GCAAATATCATGTGTTCCGC,32,5245360
yqjE_yqjK_yqjD_yqjC_predicted,1.3333333333333333,40,17,GATGTATCACGTCCACTAAG,23,5191492
yqjE_yqjK_yqjD_yqjC_predicted,0.1111111111111111,18,17,GATCTTCTTTTTGCTATCGT,1,5199010
yqjE_yqjK_yqjD_yqjC_predicted,0.7777777777777778,30,17,GATCTCGCATACGGCCGGCT,13,5181250
yqjE_yqjK_yqjD_yqjC_predicted,0.4444444444444444,24,17,GATCCAATACGATCCGACAG,7,5231056
yqjE_yqjK_yqjD_yqjC_predicted,0.5555555555555556,26,17,GATAGTCATCAACAGCAGGC,9,5249930
yqjE_yqjK_yqjD_yqjC_predicted,1.7222222222222223,47,17,GAGTCTCCCGGATGTCTGTA,30,5251420
yqjE_yqjK_yqjD_yqjC_predicted,0.2222222222222222,20,17,GAGGAGCAGTTTTTGAGCGT,3,5235352
yqjE_yqjK_yqjD_yqjC_predicted,0.8333333333333334,31,17,GAGCCTGGAGGTTTAATATT,14,5229281
yqjE_yqjK_yqjD_yqjC_predicted,0.16666666666666666,19,17,GACGACTCCCTAAAACACCC,2,5175808
yqjE_yqjK_yqjD_yqjC_predicted,1.1111111111111112,36,17,GAATTGCCGTGCGTGCTGCA,19,5217315
yqjE_yqjK_yqjD_yqjC_predicted,0.16666666666666666,19,17,GAAGATTCCAGTTCATCGAT,2,5187433
yqjE_yqjK_yqjD_yqjC_predicted,1.1666666666666667,37,17,CTTTTGATGAAATACGTCCT,20,5215825
yqjE_yqjK_yqjD_yqjC_predicted,0.5,25,17,CTTGTAGTCTCATTCGTGCA,8,5206354
yqjE_yqjK_yqjD_yqjC_predicted,1.3333333333333333,40,17,CTTCGACGAGCCCTATTGAA,23,5245383
yqjE_yqjK_yqjD_yqjC_predicted,1.0,34,17,CTTCCCGGCCCCACGACATA,17,5194720
yqjE_yqjK_yqjD_yqjC_predicted,0.2777777777777778,21,17,CTTAAGAGACACGTCTAGAG,4,5227011
yqjE_yqjK_yqjD_yqjC_predicted,0.4444444444444444,24,17,CTTAACTGTCCAAAGCATGA,7,5249790
yqjE_yqjK_yqjD_yqjC_predicted,0.2222222222222222,20,17,CTGCGGTACGTTCTAGCAGT,3,5218220
yqjE_yqjK_yqjD_yqjC_predicted,1.7777777777777777,48,17,CTCGTGTTATGAAACGATAG,31,5196440
yqjE_yqjK_yqjD_yqjC_predicted,0.16666666666666666,19,17,CTCGGTACGGCAGGGGAACG,2,5234090
yqjE_yqjK_yqjD_yqjC_predicted,0.2222222222222222,20,17,CTCCCGAGTTGGTTATGGTA,3,5261452
yqjE_yqjK_yqjD_yqjC_predicted,0.2222222222222222,20,17,CTCCAGTTCCGGAATCGAAC,3,5216438
yqjE_yqjK_yqjD_yqjC_predicted,1.1111111111111112,36,17,CTCCAGATACAGTATGCCCA,19,5197495
yqjE_yqjK_yqjD_yqjC_predicted,0.2777777777777778,21,17,CTCATCCGTTATGTCCAGCA,4,5238053
yqjE_yqjK_yqjD_yqjC_predicted,1.0555555555555556,35,17,CTATGGCTCCGCAAAGAGAA,18,5214348
yqjE_yqjK_yqjD_yqjC_predicted,0.7222222222222222,29,17,CTAGGATCGTACGCATCTGC,12,5191787
yqjE_yqjK_yqjD_yqjC_predicted,0.1111111111111111,18,17,CTAAGCGGGGTAGCACACGT,1,5183019
yqjE_yqjK_yqjD_yqjC_predicted,0.8888888888888888,32,17,CTAAGATACTCATAAACGTT,15,5253226
yqjE_yqjK_yqjD_yqjC_predicted,0.2222222222222222,20,17,CTAACCTGGTACACGTCTTC,3,5201783
yqjE_yqjK_yqjD_yqjC_predicted,1.7777777777777777,48,17,CTAAATTTTTCTACGACCGG,31,5230167
yqjE_yqjK_yqjD_yqjC_predicted,0.1111111111111111,18,17,CGTTGTGTCGGAAGCCGTGA,1,5200159
yqjE_yqjK_yqjD_yqjC_predicted,0.16666666666666666,19,17,CGTTCCACACAATAGGCCCA,2,5216225
yqjE_yqjK_yqjD_yqjC_predicted,0.4444444444444444,24,17,CGTGCGCAGCTCGGATGCTG,7,5248724
yqjE_yqjK_yqjD_yqjC_predicted,2.0555555555555554,53,17,CGTCTGGGCGGCCTAATCCT,36,5208892
yqjE_yqjK_yqjD_yqjC_predicted,0.3333333333333333,22,17,CGTAGATTCCGGCGTAGACT,5,5239661
yqjE_yqjK_yqjD_yqjC_predicted,0.1111111111111111,18,17,CGGTTTTGGGGCTGTTCCCG,1,5183606
yqjE_yqjK_yqjD_yqjC_predicted,0.6666666666666666,28,17,CGGTTGATCGCACTTGTTGA,11,5212943
yqjE_yqjK_yqjD_yqjC_predicted,0.2777777777777778,21,17,CGGGTAGATAGGCACCAGAA,4,5194957
yqjE_yqjK_yqjD_yqjC_predicted,0.1111111111111111,18,17,CGGGGTCAGGAGAATACCCT,1,5192171
yqjE_yqjK_yqjD_yqjC_predicted,0.4444444444444444,24,17,CGGGCGTGTTGGACAATTAC,7,5180269
yqjE_yqjK_yqjD_yqjC_predicted,0.2777777777777778,21,17,CGGCCTACCCGGACAACGCA,4,5255359
yqjE_yqjK_yqjD_yqjC_predicted,0.8888888888888888,32,17,CGGATGGGGTTAAGCGGTGG,15,5260288
yqjE_yqjK_yqjD_yqjC_predicted,1.2222222222222223,38,17,CGCTCCACGTATACGTGTGA,21,5199481
yqjE_yqjK_yqjD_yqjC_predicted,1.1111111111111112,36,17,CGCTAGACGTGGATCGTCGG,19,5243477
yqjE_yqjK_yqjD_yqjC_predicted,0.1111111111111111,18,17,CGCGCGGTTTAAACGTGTTG,1,5237157
yqjE_yqjK_yqjD_yqjC_predicted,0.6111111111111112,27,17,CGCCTTACTCCAAATGGAAA,10,5193922
yqjE_yqjK_yqjD_yqjC_predicted,1.2777777777777777,39,17,CGCACCACGTCTTAAATACG,22,5235412
yqjE_yqjK_yqjD_yqjC_predicted,0.5,25,17,CGATTAGCAGTCTAACTATT,8,5179006
yqjE_yqjK_yqjD_yqjC_predicted,0.16666666666666666,19,17,CGATAATTATTGTGCTTGGG,2,5196714
yqjE_yqjK_yqjD_yqjC_predicted,0.9444444444444444,33,17,CGACATGTATGGTTTAAGCA,16,5200750
yqjE_yqjK_yqjD_yqjC_predicted,1.3888888888888888,41,17,CGAAGGAGATCCCCTGGAAT,24,5230595
yqjE_yqjK_yqjD_yqjC_predicted,0.1111111111111111,18,17,CGAACTCTCTCATGCGCTAG,1,5199976
yqjE_yqjK_yqjD_yqjC_predicted,0.5555555555555556,26,17,CGAACTCGCTGCGATCTACC,9,5242907
yqjE_yqjK_yqjD_yqjC_predicted,0.2222222222222222,20,17,CGAACAAAATTTGAATGAAT,3,5187544
yqjE_yqjK_yqjD_yqjC_predicted,0.8333333333333334,31,17,CCTTGCAATCTGGTAGACGG,14,5205885
yqjE_yqjK_yqjD_yqjC_predicted,1.0,34,17,CCTGTGGGTGAAGTTATTTA,17,5197964
yqjE_yqjK_yqjD_yqjC_predicted,1.3333333333333333,40,17,CCTCAGGTCAAGTCTTGATA,23,5245882
yqjE_yqjK_yqjD_yqjC_predicted,0.1111111111111111,18,17,CCTATTTAAAGTGACCATGG,1,5261683
yqjE_yqjK_yqjD_yqjC_predicted,0.7222222222222222,29,17,CCTACCGGGCATTTAAAGGC,12,5221877
yqjE_yqjK_yqjD_yqjC_predicted,0.2222222222222222,20,17,CCTAATTATGGACGAATAAG,3,5211482
yqjE_yqjK_yqjD_yqjC_predicted,0.1111111111111111,18,17,CCGTGATGAGTCGGCCCATG,1,5211004
yqjE_yqjK_yqjD_yqjC_predicted,0.7222222222222222,29,17,CCGCTCAGGTGCAGGAGAGT,12,5172771
yqjE_yqjK_yqjD_yqjC_predicted,0.1111111111111111,18,17,CCCTAGTATAATAAGTGCCA,1,5190641
yqjE_yqjK_yqjD_yqjC_predicted,0.2222222222222222,20,17,CCCGGGTGATATGGTCTAGT,3,5222820
yqjE_yqjK_yqjD_yqjC_predicted,0.1111111111111111,18,17,CCCGCGGGGCGGTTGCAAGT,1,5259489
yqjE_yqjK_yqjD_yqjC_predicted,0.3333333333333333,22,17,CCCGCAGCCGTATATGACAT,5,5189833
yqjE_yqjK_yqjD_yqjC_predicted,0.16666666666666666,19,17,CCCGATAAATCCGGTTTCGA,2,5205081
yqjE_yqjK_yqjD_yqjC_predicted,1.0555555555555556,35,17,CCCGAGTCATGTGACATGCG,18,5243161
yqjE_yqjK_yqjD_yqjC_predicted,0.16666666666666666,19,17,CCCCCGCCCGAGCGCCGGCG,2,5219841
yqjE_yqjK_yqjD_yqjC_predicted,0.4444444444444444,24,17,CCCACACCAGGCTCGCTACA,7,5254199
yqjE_yqjK_yqjD_yqjC_predicted,1.3333333333333333,40,17,CCATGTACATTCCGTAATAC,23,5209609
yqjE_yqjK_yqjD_yqjC_predicted,1.6111111111111112,45,17,CCATCTTAAGACAGTTCGGC,28,5198619
yqjE_yqjK_yqjD_yqjC_predicted,0.5,25,17,CATTGTCAGCTAGTTTAGAA,8,5235019
yqjE_yqjK_yqjD_yqjC_predicted,0.3333333333333333,22,17,CATGTTCAGCGGCGGTTAAG,5,5230644
yqjE_yqjK_yqjD_yqjC_predicted,0.4444444444444444,24,17,CATCTGTGAGAGCCCCTATT,7,5175848
yqjE_yqjK_yqjD_yqjC_predicted,0.6666666666666666,28,17,CATCCTAGGCAACCTCCGAA,11,5230293
yqjE_yqjK_yqjD_yqjC_predicted,0.5,25,17,CATCCGAGTTGGCCCCTGAT,8,5189286
yqjE_yqjK_yqjD_yqjC_predicted,0.5,25,17,CATACGTAATCATTAAGCTC,8,5208043
yqjE_yqjK_yqjD_yqjC_predicted,0.1111111111111111,18,17,CATAAGAGGGATACGTACTT,1,5206863
yqjE_yqjK_yqjD_yqjC_predicted,0.5,25,17,CAGTTAGCGAAAACCGGGTT,8,5217100
yqjE_yqjK_yqjD_yqjC_predicted,0.3888888888888889,23,17,CAGTCCCTGTTTACTTAGCT,6,5219504
yqjE_yqjK_yqjD_yqjC_predicted,0.2222222222222222,20,17,CAGTCCATCTCCGGACCCGA,3,5196810
yqjE_yqjK_yqjD_yqjC_predicted,1.0555555555555556,35,17,CAGGGCACTGTGCCCCGGAC,18,5253347
yqjE_yqjK_yqjD_yqjC_predicted,0.5,25,17,CAGGCATGTAGCTTGTCGTA,8,5203515
yqjE_yqjK_yqjD_yqjC_predicted,0.1111111111111111,18,17,CAGAGAGCATTCAACCAACG,1,5262752
yqjE_yqjK_yqjD_yqjC_predicted,0.2777777777777778,21,17,CACGCTCTTTCGCGGCCCTT,4,5243342
yqjE_yqjK_yqjD_yqjC_predicted,0.2222222222222222,20,17,CACGCCATGCTCGTTCCGTC,3,5175441
yqjE_yqjK_yqjD_yqjC_predicted,0.7222222222222222,29,17,CACGATTCGACACATGATAC,12,5247103
yqjE_yqjK_yqjD_yqjC_predicted,0.5555555555555556,26,17,CACGAGTTCAGGACGCACCA,9,5221123
yqjE_yqjK_yqjD_yqjC_predicted,0.6111111111111112,27,17,CACCTGGTTCCCAGTTCTTA,10,5185918
yqjE_yqjK_yqjD_yqjC_predicted,0.8333333333333334,31,17,CACAGCAATGCAAGTTACGT,14,5245970
yqjE_yqjK_yqjD_yqjC_predicted,0.16666666666666666,19,17,CAAGGGCCACATAAGCCGGG,2,5232901
yqjE_yqjK_yqjD_yqjC_predicted,0.8888888888888888,32,17,CAAGCGGCCACACTCCGCAG,15,5211337
yqjE_yqjK_yqjD_yqjC_predicted,1.3333333333333333,40,17,CAACCGGGTATAAGGAAACA,23,5180190
yqjE_yqjK_yqjD_yqjC_predicted,0.3333333333333333,22,17,CAACCCGTTCAAGAGCACCA,5,5198125
yqjE_yqjK_yqjD_yqjC_predicted,0.1111111111111111,18,17,CAACAGGGTATAAAATAAGG,1,5185909
yqjE_yqjK_yqjD_yqjC_predicted,0.8888888888888888,32,17,ATTGTCTTTCATGCCTGGTC,15,5180939
yqjE_yqjK_yqjD_yqjC_predicted,0.16666666666666666,19,17,ATTGCACACGGCCCTACAAC,2,5206142
yqjE_yqjK_yqjD_yqjC_predicted,0.7222222222222222,29,17,ATTCAACCCGCGGCCTCTCG,12,5213863
yqjE_yqjK_yqjD_yqjC_predicted,0.5555555555555556,26,17,ATTAACCCTTATTATCTGGT,9,5221265
yqjE_yqjK_yqjD_yqjC_predicted,0.7777777777777778,30,17,ATGTTTCAGCACCAGTAGAC,13,5184193
yqjE_yqjK_yqjD_yqjC_predicted,1.7777777777777777,48,17,ATGTGTCTCACGGCAGGAGG,31,5179703
yqjE_yqjK_yqjD_yqjC_predicted,0.16666666666666666,19,17,ATGGTGTTCGTAAATATGAT,2,5219390
yqjE_yqjK_yqjD_yqjC_predicted,0.1111111111111111,18,17,ATGCCTTGCTCAACAAAGAT,1,5238420
yqjE_yqjK_yqjD_yqjC_predicted,0.8333333333333334,31,17,ATGACTCTTCCGCGATTGCT,14,5249877
yqjE_yqjK_yqjD_yqjC_predicted,1.1111111111111112,36,17,ATCTGGAGCGCTCGCACGCC,19,5195723
yqjE_yqjK_yqjD_yqjC_predicted,0.1111111111111111,18,17,ATCTATGTAAAAAGGTATTT,1,5206144
yqjE_yqjK_yqjD_yqjC_predicted,0.2777777777777778,21,17,ATCGCGAGCCGCATCCGTAG,4,5251152
yqjE_yqjK_yqjD_yqjC_predicted,1.0555555555555556,35,17,ATCGAGAAAGTGTGTCACCC,18,5183776
yqjE_yqjK_yqjD_yqjC_predicted,0.5555555555555556,26,17,ATCGACGTCCAGCCTTCCGT,9,5219032
yqjE_yqjK_yqjD_yqjC_predicted,0.2777777777777778,21,17,ATCATCCCGTAAGACCTTTA,4,5204446
yqjE_yqjK_yqjD_yqjC_predicted,0.16666666666666666,19,17,ATCAGACATTATTCCTAGAA,2,5217297
yqjE_yqjK_yqjD_yqjC_predicted,0.7777777777777778,30,17,ATCAACATCCCCCTATAATT,13,5208101
yqjE_yqjK_yqjD_yqjC_predicted,0.8333333333333334,31,17,ATATGCGTATTCGCTATCCT,14,5238071
yqjE_yqjK_yqjD_yqjC_predicted,0.5555555555555556,26,17,ATAGTCTCATCATTAGTGTA,9,5188767
yqjE_yqjK_yqjD_yqjC_predicted,0.8333333333333334,31,17,ATAGCTCCCACATCTGTGCG,14,5182559
yqjE_yqjK_yqjD_yqjC_predicted,0.3888888888888889,23,17,ATAGACCATGTGTCTTAACG,6,5176605
yqjE_yqjK_yqjD_yqjC_predicted,1.2222222222222223,38,17,AGTTCGCTTCATGCTGATTA,21,5227564
yqjE_yqjK_yqjD_yqjC_predicted,0.1111111111111111,18,17,AGTCCTAAGATATGCTTGCA,1,5212034
yqjE_yqjK_yqjD_yqjC_predicted,0.1111111111111111,18,17,AGTCAGACAGAGGTAACAGT,1,5191942
yqjE_yqjK_yqjD_yqjC_predicted,0.8333333333333334,31,17,AGTAGGGGGTCGTATCAGGA,14,5238530
yqjE_yqjK_yqjD_yqjC_predicted,1.3333333333333333,40,17,AGTACGTTCGGCATATTCTT,23,5173809
yqjE_yqjK_yqjD_yqjC_predicted,1.6111111111111112,45,17,AGGGACCTCGCGGCACTGAA,28,5220257
yqjE_yqjK_yqjD_yqjC_predicted,0.1111111111111111,18,17,AGGCTGATAAGTTCAACGGG,1,5183705
yqjE_yqjK_yqjD_yqjC_predicted,0.2777777777777778,21,17,AGGCAATTAGCGATTATCAT,4,5252797
yqjE_yqjK_yqjD_yqjC_predicted,1.3888888888888888,41,17,AGGAGCGGTCGATTCATGAG,24,5243363
yqjE_yqjK_yqjD_yqjC_predicted,0.6666666666666666,28,17,AGCTTGGCGTCTTAACGGCC,11,5171245
yqjE_yqjK_yqjD_yqjC_predicted,0.1111111111111111,18,17,AGCTCTTCTGCCTACAGGGA,1,5207479
yqjE_yqjK_yqjD_yqjC_predicted,1.2222222222222223,38,17,AGCCACGCCAACCAGACTGC,21,5234420
yqjE_yqjK_yqjD_yqjC_predicted,1.8333333333333333,49,17,AGCACCCGCCCATGTAATAT,32,5262653
yqjE_yqjK_yqjD_yqjC_predicted,0.8888888888888888,32,17,AGATGGTTCCTTGCATTACG,15,5193859
yqjE_yqjK_yqjD_yqjC_predicted,3.2222222222222223,74,17,AGATGGTACCGTTTCTGTGT,57,5242503
yqjE_yqjK_yqjD_yqjC_predicted,0.3888888888888889,23,17,AGATCGGGGTGCCGGCTTCT,6,5187549
yqjE_yqjK_yqjD_yqjC_predicted,1.2222222222222223,38,17,AGACTGCATGTAGCCCTCTG,21,5189424
yqjE_yqjK_yqjD_yqjC_predicted,0.3333333333333333,22,17,AGACCGCACGAAACCTAGTT,5,5198321
yqjE_yqjK_yqjD_yqjC_predicted,1.0555555555555556,35,17,AGACAATGTCTACGTTCTGT,18,5219833
yqjE_yqjK_yqjD_yqjC_predicted,0.3333333333333333,22,17,AGAACTGGAAACGCAATTAT,5,5243537
yqjE_yqjK_yqjD_yqjC_predicted,0.4444444444444444,24,17,ACTTTTGTACCCAGCTGTCG,7,5209855
yqjE_yqjK_yqjD_yqjC_predicted,0.8333333333333334,31,17,ACTTGAGAGGCATGACAGGA,14,5248332
yqjE_yqjK_yqjD_yqjC_predicted,1.5,43,17,ACTGACACTGTACTAATGAT,26,5241137
yqjE_yqjK_yqjD_yqjC_predicted,0.5,25,17,ACTATGAGGAGGGAAAGGGT,8,5186846
yqjE_yqjK_yqjD_yqjC_predicted,0.7222222222222222,29,17,ACTAGGCCGCTTCCCGGTAC,12,5208011
yqjE_yqjK_yqjD_yqjC_predicted,0.8888888888888888,32,17,ACGTTATAACAGGCGGTACA,15,5185374
yqjE_yqjK_yqjD_yqjC_predicted,0.3333333333333333,22,17,ACGTGTCGTATATGAGAGTA,5,5189343
yqjE_yqjK_yqjD_yqjC_predicted,1.4444444444444444,42,17,ACGGTACCCAGTAGTGCATT,25,5259680
yqjE_yqjK_yqjD_yqjC_predicted,0.2777777777777778,21,17,ACCGGTGTCGGGTACGATGA,4,5195613
yqjE_yqjK_yqjD_yqjC_predicted,0.5555555555555556,26,17,ACCGCAAAGCACCACCGACA,9,5242910
yqjE_yqjK_yqjD_yqjC_predicted,0.4444444444444444,24,17,ACCAGTTGACCAGGGTGGAT,7,5261552
yqjE_yqjK_yqjD_yqjC_predicted,0.7222222222222222,29,17,ACACTACATTCCCAACTACA,12,5227712
yqjE_yqjK_yqjD_yqjC_predicted,0.3888888888888889,23,17,AATGTCAATCCATCGTAGTC,6,5177843
yqjE_yqjK_yqjD_yqjC_predicted,0.1111111111111111,18,17,AATGGTGCGATATATATAGA,1,5253236
yqjE_yqjK_yqjD_yqjC_predicted,1.0555555555555556,35,17,AATAGGTTTATGGGTAATCG,18,5236212
yqjE_yqjK_yqjD_yqjC_predicted,0.2777777777777778,21,17,AAGTGGAAGCTGGCCGCTGA,4,5204343
yqjE_yqjK_yqjD_yqjC_predicted,2.388888888888889,59,17,AAGGACCGGCCCCGACTACT,42,5229488
yqjE_yqjK_yqjD_yqjC_predicted,0.8888888888888888,32,17,AAGCCGAGCCGCGAACATGC,15,5241046
yqjE_yqjK_yqjD_yqjC_predicted,0.16666666666666666,19,17,AAGAGTTGCGGAAGGGGCTT,2,5225750
yqjE_yqjK_yqjD_yqjC_predicted,0.2222222222222222,20,17,AAGAGTGTGGCCAAGCTCGC,3,5230534
yqjE_yqjK_yqjD_yqjC_predicted,0.4444444444444444,24,17,AACGGCCATCGGCACTGCTT,7,5214403
yqjE_yqjK_yqjD_yqjC_predicted,1.8888888888888888,50,17,AAATGGTTCTATGGGCCTTC,33,5216281
yqjE_yqjK_yqjD_yqjC_predicted,0.3333333333333333,22,17,AAAGTGATTGACAGGATTTA,5,5229309
yqjE_yqjK_yqjD_yqjC_predicted,0.16666666666666666,19,17,AAAAGGCATTATGGGCCTTT,2,5258755
yqjE_yqjK_yqjD_yqjC_predicted,0.35294117647058826,21,16,TTTTTTCCGGCTATTCACCA,5,5190517
yqjE_yqjK_yqjD_yqjC_predicted,0.11764705882352941,17,16,TTTTCCATCTGGTTCTCTAG,1,5188342
yqjE_yqjK_yqjD_yqjC_predicted,0.7647058823529411,28,16,TTTTAAAACAGTTGATGGAG,12,5174725
yqjE_yqjK_yqjD_yqjC_predicted,1.1176470588235294,34,16,TTTGGTCGTTCGACTTTCAC,18,5171071
yqjE_yqjK_yqjD_yqjC_predicted,0.11764705882352941,17,16,TTTGGCCACATGCTAGTGAA,1,5208670
yqjE_yqjK_yqjD_yqjC_predicted,0.47058823529411764,23,16,TTTCTAGTACTGGGCCGGAA,7,5214649
yqjE_yqjK_yqjD_yqjC_predicted,0.29411764705882354,20,16,TTTCCAGGCTCCCACAGCAT,4,5175785
yqjE_yqjK_yqjD_yqjC_predicted,0.23529411764705882,19,16,TTTACTATGAGGGCCAGAGT,3,5222249
yqjE_yqjK_yqjD_yqjC_predicted,0.11764705882352941,17,16,TTTACGTGAGCTACAGCTTG,1,5175195
yqjE_yqjK_yqjD_yqjC_predicted,2.1176470588235294,51,16,TTGGGTTATGAGTCCCTCCA,35,5189545
yqjE_yqjK_yqjD_yqjC_predicted,0.4117647058823529,22,16,TTGGCCCGCCGTTTTTTGCT,6,5172111
yqjE_yqjK_yqjD_yqjC_predicted,0.7058823529411765,27,16,TTCCTGGTACGAACTAAAAC,11,5174728
yqjE_yqjK_yqjD_yqjC_predicted,0.5882352941176471,25,16,TTCCGAGCGGCAACATGGCG,9,5190514
yqjE_yqjK_yqjD_yqjC_predicted,0.8235294117647058,29,16,TTCCCGAAATGTGAAACCGT,13,5206469
yqjE_yqjK_yqjD_yqjC_predicted,1.2941176470588236,37,16,TTATGATTCCGACGAACACT,21,5253240
yqjE_yqjK_yqjD_yqjC_predicted,0.35294117647058826,21,16,TTATGAGGCATCTTTTTCTC,5,5205279
yqjE_yqjK_yqjD_yqjC_predicted,1.7647058823529411,45,16,TTATCGCACGAACCGCGGTC,29,5231060
yqjE_yqjK_yqjD_yqjC_predicted,4.0,83,16,TTACTTTGCGTTCAACAAGC,67,5253333
yqjE_yqjK_yqjD_yqjC_predicted,0.7647058823529411,28,16,TTACGTCCCCACCGAAGGAA,12,5237624
yqjE_yqjK_yqjD_yqjC_predicted,1.4705882352941178,40,16,TTACCATATGATGGGTCACT,24,5238839
yqjE_yqjK_yqjD_yqjC_predicted,0.29411764705882354,20,16,TTACAGGGGGTATCGACGGG,4,5210737
yqjE_yqjK_yqjD_yqjC_predicted,2.3529411764705883,55,16,TTAATGTCCAACTAGACCTG,39,5190506
yqjE_yqjK_yqjD_yqjC_predicted,0.7647058823529411,28,16,TTAACCCGTCAGAGCCAACT,12,5262554
yqjE_yqjK_yqjD_yqjC_predicted,0.5882352941176471,25,16,TTAACATTTTATCGGCTGTC,9,5192827
yqjE_yqjK_yqjD_yqjC_predicted,0.29411764705882354,20,16,TGTTTGCCGCGAAGGACCCT,4,5192895
yqjE_yqjK_yqjD_yqjC_predicted,0.47058823529411764,23,16,TGTGGGACAGTCGGAAAATG,7,5179589
yqjE_yqjK_yqjD_yqjC_predicted,0.35294117647058826,21,16,TGTCTGTCGTTGTGCGAAAT,5,5182557
yqjE_yqjK_yqjD_yqjC_predicted,0.29411764705882354,20,16,TGTCCCCGTGCGGGCGCCAC,4,5257277
yqjE_yqjK_yqjD_yqjC_predicted,0.11764705882352941,17,16,TGTCACTCGATCGGACACGT,1,5211665
yqjE_yqjK_yqjD_yqjC_predicted,0.35294117647058826,21,16,TGGGCCATGTGGTTGCGAAG,5,5206320
yqjE_yqjK_yqjD_yqjC_predicted,0.11764705882352941,17,16,TGGGCAATTGACCGTACACC,1,5172726
yqjE_yqjK_yqjD_yqjC_predicted,0.35294117647058826,21,16,TGGGATACGGCGTCGGCCAT,5,5219351
yqjE_yqjK_yqjD_yqjC_predicted,0.17647058823529413,18,16,TGGCACGTAAGGTCTCGCAT,2,5216035
yqjE_yqjK_yqjD_yqjC_predicted,1.0,32,16,TGGATTTAGAATAGGGGTCC,16,5189549
yqjE_yqjK_yqjD_yqjC_predicted,0.5294117647058824,24,16,TGGAATACTGGCGCTCTTCC,8,5235050
yqjE_yqjK_yqjD_yqjC_predicted,0.11764705882352941,17,16,TGCGAGAGGTAATGGAGTGT,1,5238509
yqjE_yqjK_yqjD_yqjC_predicted,0.8823529411764706,30,16,TGCCCGAAACCTTGTGCGGA,14,5256535
yqjE_yqjK_yqjD_yqjC_predicted,0.8235294117647058,29,16,TGCCAGTTTTCGGGCTGTTC,13,5189483
yqjE_yqjK_yqjD_yqjC_predicted,1.2352941176470589,36,16,TGCAGATTTTGCTGTGTCCT,20,5200676
yqjE_yqjK_yqjD_yqjC_predicted,1.2941176470588236,37,16,TGAGAGCAACTCCCGCCGGG,21,5247499
yqjE_yqjK_yqjD_yqjC_predicted,1.2941176470588236,37,16,TCTGTAGGCTCCGATGCCTC,21,5232719
yqjE_yqjK_yqjD_yqjC_predicted,0.17647058823529413,18,16,TCGTGCTTATGAAGGGGGTT,2,5188222
yqjE_yqjK_yqjD_yqjC_predicted,0.5294117647058824,24,16,TCGTGCCTCGGGGGCTCCTC,8,5235646
yqjE_yqjK_yqjD_yqjC_predicted,0.35294117647058826,21,16,TCGTGCAATGACGAATTGAA,5,5194640
yqjE_yqjK_yqjD_yqjC_predicted,1.0588235294117647,33,16,TCGCGGGGTCGTAAAATCCT,17,5191344
yqjE_yqjK_yqjD_yqjC_predicted,2.0,49,16,TCGCCTATTTTTGGAACTTG,33,5212667
yqjE_yqjK_yqjD_yqjC_predicted,0.8235294117647058,29,16,TCGCCGATGCCCTCTTTCGA,13,5254648
yqjE_yqjK_yqjD_yqjC_predicted,0.29411764705882354,20,16,TCGATCGCAGGGGTGGGTTA,4,5224867
yqjE_yqjK_yqjD_yqjC_predicted,0.35294117647058826,21,16,TCCTTGTGGATGACGCCTAA,5,5233902
yqjE_yqjK_yqjD_yqjC_predicted,1.7647058823529411,45,16,TCCTGGTTTTGCGCTACAGA,29,5187688
yqjE_yqjK_yqjD_yqjC_predicted,1.7058823529411764,44,16,TCCTCGAGGTATTGGACCCA,28,5213362
yqjE_yqjK_yqjD_yqjC_predicted,1.0588235294117647,33,16,TCCGAGAGCTACCATAAACG,17,5171190
yqjE_yqjK_yqjD_yqjC_predicted,1.1764705882352942,35,16,TCCCGGCAGGGCTCACACTG,19,5174672
yqjE_yqjK_yqjD_yqjC_predicted,0.47058823529411764,23,16,TCCAGGCACAGGGGTCCAAA,7,5260239
yqjE_yqjK_yqjD_yqjC_predicted,0.35294117647058826,21,16,TCAGGTCAATTACCACCTGT,5,5233962
yqjE_yqjK_yqjD_yqjC_predicted,0.5882352941176471,25,16,TCAGAGCATTGCAAACTATA,9,5175332
yqjE_yqjK_yqjD_yqjC_predicted,0.8235294117647058,29,16,TCACTCAATCACTGTAACGG,13,5215639
yqjE_yqjK_yqjD_yqjC_predicted,1.1764705882352942,35,16,TCACGACATGATTCATCCTA,19,5243818
yqjE_yqjK_yqjD_yqjC_predicted,0.11764705882352941,17,16,TCAATCTCTTTCGTCCTAGC,1,5231528
yqjE_yqjK_yqjD_yqjC_predicted,0.23529411764705882,19,16,TATTCAGCGGGCTCATATAG,3,5224258
yqjE_yqjK_yqjD_yqjC_predicted,0.11764705882352941,17,16,TATTACTATACTACATCGAT,1,5220344
yqjE_yqjK_yqjD_yqjC_predicted,0.8235294117647058,29,16,TATTACGACAACTAGGCTGA,13,5207616
yqjE_yqjK_yqjD_yqjC_predicted,1.0588235294117647,33,16,TATGTCACCTGTACGGGAAA,17,5198456
yqjE_yqjK_yqjD_yqjC_predicted,1.1764705882352942,35,16,TATGTACGCTAGAACAGCCT,19,5214622
yqjE_yqjK_yqjD_yqjC_predicted,0.11764705882352941,17,16,TATGGGGCTTCCAACTTGGA,1,5252754
yqjE_yqjK_yqjD_yqjC_predicted,0.47058823529411764,23,16,TATACACAGCAGGGCGTTCT,7,5198342
yqjE_yqjK_yqjD_yqjC_predicted,1.5294117647058822,41,16,TAGGTCCGGCATTTACCGAA,25,5174718
yqjE_yqjK_yqjD_yqjC_predicted,0.17647058823529413,18,16,TAGGCTTATCGGCCATCGAA,2,5238100
yqjE_yqjK_yqjD_yqjC_predicted,2.4705882352941178,57,16,TAGCAACGGTAAGCCTCTGC,41,5219210
yqjE_yqjK_yqjD_yqjC_predicted,0.4117647058823529,22,16,TAGAGTAGTCCCCCCTCTTA,6,5234962
yqjE_yqjK_yqjD_yqjC_predicted,0.29411764705882354,20,16,TACGATCCAGTATATAAGGC,4,5242277
yqjE_yqjK_yqjD_yqjC_predicted,0.5294117647058824,24,16,TACGAATTGTGGTCGCACAA,8,5177747
yqjE_yqjK_yqjD_yqjC_predicted,0.8823529411764706,30,16,TACCGTAGTGCTAAACACCA,14,5258554
yqjE_yqjK_yqjD_yqjC_predicted,0.29411764705882354,20,16,TACATTATCGAAGGGTACAT,4,5231776
yqjE_yqjK_yqjD_yqjC_predicted,0.5294117647058824,24,16,TAAGTACCGTACGTTCGTGT,8,5214862
yqjE_yqjK_yqjD_yqjC_predicted,0.7647058823529411,28,16,TAAGGTAGGGTAGCCAATTT,12,5202051
yqjE_yqjK_yqjD_yqjC_predicted,1.2352941176470589,36,16,TAAAGCTGGCATCGGCTCGT,20,5228928
yqjE_yqjK_yqjD_yqjC_predicted,1.4705882352941178,40,16,GTTGAGCATATACCCGTATG,24,5194059
yqjE_yqjK_yqjD_yqjC_predicted,1.2352941176470589,36,16,GTTCCCGGCCAACGATAGGC,20,5195603
yqjE_yqjK_yqjD_yqjC_predicted,0.5882352941176471,25,16,GTTCCCGAGTGCCACACATG,9,5242094
yqjE_yqjK_yqjD_yqjC_predicted,0.6470588235294118,26,16,GTTAGGGATAAGAAAGGCAG,10,5189680
yqjE_yqjK_yqjD_yqjC_predicted,1.0588235294117647,33,16,GTGTTGTCTATCCGTCTGGG,17,5175560
yqjE_yqjK_yqjD_yqjC_predicted,1.1176470588235294,34,16,GTGTCTGGCTGGTGTAACGG,18,5229750
yqjE_yqjK_yqjD_yqjC_predicted,0.7647058823529411,28,16,GTGGGTTACGCCACGGAGAT,12,5203965
yqjE_yqjK_yqjD_yqjC_predicted,0.11764705882352941,17,16,GTGCGTAAAAAGGGAACGGG,1,5232987
yqjE_yqjK_yqjD_yqjC_predicted,0.7647058823529411,28,16,GTGCATTATGTAAACCGCGA,12,5174344
yqjE_yqjK_yqjD_yqjC_predicted,0.47058823529411764,23,16,GTGAAATTGTATAAAACAAT,7,5221973
yqjE_yqjK_yqjD_yqjC_predicted,0.29411764705882354,20,16,GTCGCTCTTCGTGTATATCT,4,5235595
yqjE_yqjK_yqjD_yqjC_predicted,0.7058823529411765,27,16,GTCAACATGTGAGCAGCCCC,11,5217705
yqjE_yqjK_yqjD_yqjC_predicted,1.2352941176470589,36,16,GTATCAGTATTATGACAATG,20,5217458
yqjE_yqjK_yqjD_yqjC_predicted,0.17647058823529413,18,16,GTAGGCACCGCGATCATAGT,2,5260816
yqjE_yqjK_yqjD_yqjC_predicted,0.29411764705882354,20,16,GTAGCGGAAACTACCATTGG,4,5224785
yqjE_yqjK_yqjD_yqjC_predicted,0.47058823529411764,23,16,GTAGCATATTATCAATGCTA,7,5222905
yqjE_yqjK_yqjD_yqjC_predicted,0.8235294117647058,29,16,GTAGACACGCTTCTCCCATG,13,5171184
yqjE_yqjK_yqjD_yqjC_predicted,0.29411764705882354,20,16,GTACTGCATGTTGGTCCGAC,4,5258463
yqjE_yqjK_yqjD_yqjC_predicted,0.7647058823529411,28,16,GTACGGGATGAACGCCTACA,12,5241386
yqjE_yqjK_yqjD_yqjC_predicted,2.1176470588235294,51,16,GTAAGAGCCGCGCCTTAGCT,35,5210176
yqjE_yqjK_yqjD_yqjC_predicted,0.11764705882352941,17,16,GGTTGAAGCCGTCGCCAGCT,1,5198651
yqjE_yqjK_yqjD_yqjC_predicted,0.11764705882352941,17,16,GGTTATCCCTGCGATCATAT,1,5183872
yqjE_yqjK_yqjD_yqjC_predicted,0.47058823529411764,23,16,GGTGGGCACAGTTGAAAGTT,7,5223217
yqjE_yqjK_yqjD_yqjC_predicted,1.0588235294117647,33,16,GGTCGCGGTGCGTCTTCTCG,17,5189405
yqjE_yqjK_yqjD_yqjC_predicted,0.5882352941176471,25,16,GGTCGCCTAGGGGGGGTATT,9,5197657
yqjE_yqjK_yqjD_yqjC_predicted,0.6470588235294118,26,16,GGGTTGCCAAGTGGACGATG,10,5173477
yqjE_yqjK_yqjD_yqjC_predicted,0.8235294117647058,29,16,GGGTGTTCCAATGAATCTCC,13,5228360
yqjE_yqjK_yqjD_yqjC_predicted,0.29411764705882354,20,16,GGGTGATCGTGATCCTTTAT,4,5187931
yqjE_yqjK_yqjD_yqjC_predicted,0.8235294117647058,29,16,GGGTCGCGCTGTATCGGGGA,13,5260192
yqjE_yqjK_yqjD_yqjC_predicted,0.9411764705882353,31,16,GGGTATCGCAGTTCTGTTAC,15,5262673
yqjE_yqjK_yqjD_yqjC_predicted,1.0,32,16,GGGTATACGCGGTGCTAAGT,16,5171856
yqjE_yqjK_yqjD_yqjC_predicted,2.823529411764706,63,16,GGGTAACCCTCTCCTTACCG,47,5187186
yqjE_yqjK_yqjD_yqjC_predicted,0.11764705882352941,17,16,GGGGCTAGTTTCAGCCGCGA,1,5211165
yqjE_yqjK_yqjD_yqjC_predicted,0.23529411764705882,19,16,GGGCCACCGCAACAATGATA,3,5257625
yqjE_yqjK_yqjD_yqjC_predicted,0.5882352941176471,25,16,GGGATACGGGAAACCACCTA,9,5228426
yqjE_yqjK_yqjD_yqjC_predicted,0.11764705882352941,17,16,GGGAGACCAACATTACTTTT,1,5171331
yqjE_yqjK_yqjD_yqjC_predicted,0.8235294117647058,29,16,GGCGGCTGCTACACGCGACG,13,5239025
yqjE_yqjK_yqjD_yqjC_predicted,0.5294117647058824,24,16,GGCGCTATGTCATTGGGCGT,8,5208140
yqjE_yqjK_yqjD_yqjC_predicted,0.17647058823529413,18,16,GGCCTAATTAATATTTGAAG,2,5217546
yqjE_yqjK_yqjD_yqjC_predicted,0.11764705882352941,17,16,GGCAACTGGCCACCAAACAT,1,5244113
yqjE_yqjK_yqjD_yqjC_predicted,0.6470588235294118,26,16,GGATTTCTTTTCTCCGGTAA,10,5187294
yqjE_yqjK_yqjD_yqjC_predicted,0.5294117647058824,24,16,GGATTGCTTGTGCGTCCAGC,8,5255882
yqjE_yqjK_yqjD_yqjC_predicted,0.8235294117647058,29,16,GGAACCGTGATTAGTGTAAT,13,5221393
yqjE_yqjK_yqjD_yqjC_predicted,0.5882352941176471,25,16,GCTTACTTCGCAAGCCCCAA,9,5177162
yqjE_yqjK_yqjD_yqjC_predicted,0.8823529411764706,30,16,GCTTAACTTCCACACATCCA,14,5219713
yqjE_yqjK_yqjD_yqjC_predicted,1.0588235294117647,33,16,GCTATGGGGTGGCCTCAGCA,17,5252058
yqjE_yqjK_yqjD_yqjC_predicted,0.11764705882352941,17,16,GCGGAGTGGCGTCTATGTGA,1,5196302
yqjE_yqjK_yqjD_yqjC_predicted,1.1764705882352942,35,16,GCGCCCAACCTACATGCTAG,19,5201280
yqjE_yqjK_yqjD_yqjC_predicted,0.47058823529411764,23,16,GCGATACGTTAGATTTGCAA,7,5211383
yqjE_yqjK_yqjD_yqjC_predicted,0.11764705882352941,17,16,GCCTGCAATATGCAACGTAG,1,5228119
yqjE_yqjK_yqjD_yqjC_predicted,2.0,49,16,GCCGCGGCTTGATGTGCCCT,33,5261744
yqjE_yqjK_yqjD_yqjC_predicted,1.1176470588235294,34,16,GCCGACTCGTTTTAAACATC,18,5192948
yqjE_yqjK_yqjD_yqjC_predicted,0.29411764705882354,20,16,GCAGATGGGCTATACACGTG,4,5226419
yqjE_yqjK_yqjD_yqjC_predicted,2.235294117647059,53,16,GCACCGAAATATTCTAATAC,37,5225170
yqjE_yqjK_yqjD_yqjC_predicted,1.4705882352941178,40,16,GCAATGAGGAACCAGAATGC,24,5251949
yqjE_yqjK_yqjD_yqjC_predicted,2.7058823529411766,61,16,GATTGCCTAAGCTTAGTGGT,45,5207103
yqjE_yqjK_yqjD_yqjC_predicted,1.4705882352941178,40,16,GATTATTCCGCTGTTAAGCG,24,5242669
yqjE_yqjK_yqjD_yqjC_predicted,1.588235294117647,42,16,GATCAATTCGATCAACCGCT,26,5210625
yqjE_yqjK_yqjD_yqjC_predicted,0.35294117647058826,21,16,GAGTCGCTGGGACCCCAGAC,5,5219622
yqjE_yqjK_yqjD_yqjC_predicted,1.0,32,16,GAGGTTCACTGAGCCTTCAT,16,5224040
yqjE_yqjK_yqjD_yqjC_predicted,1.588235294117647,42,16,GAGGCCGCATTAAGTAAGGC,26,5179005
yqjE_yqjK_yqjD_yqjC_predicted,0.47058823529411764,23,16,GAGCGAGGTTCGGGGTAGGC,7,5241700
yqjE_yqjK_yqjD_yqjC_predicted,0.7647058823529411,28,16,GAGCACGACCAGGAAGCGGC,12,5201058
yqjE_yqjK_yqjD_yqjC_predicted,1.588235294117647,42,16,GAGCAACTGCAGTTGCCCGT,26,5209683
yqjE_yqjK_yqjD_yqjC_predicted,1.6470588235294117,43,16,GAGATAAGTGTCATCGCTAT,27,5240510
yqjE_yqjK_yqjD_yqjC_predicted,0.8235294117647058,29,16,GAGAAAGCGGCGCGTGGTAA,13,5261974
yqjE_yqjK_yqjD_yqjC_predicted,0.35294117647058826,21,16,GACTTTCAGAGCGAATTCTA,5,5261621
yqjE_yqjK_yqjD_yqjC_predicted,0.17647058823529413,18,16,GACTGGGCGATCCATTGAAC,2,5202245
yqjE_yqjK_yqjD_yqjC_predicted,0.11764705882352941,17,16,GACGTCCCTTCAACTCGTAA,1,5260844
yqjE_yqjK_yqjD_yqjC_predicted,0.23529411764705882,19,16,GACACAAGTGGTGGAGCGTG,3,5257862
yqjE_yqjK_yqjD_yqjC_predicted,2.235294117647059,53,16,GAATTGTCACTTACGGTTCA,37,5189129
yqjE_yqjK_yqjD_yqjC_predicted,0.35294117647058826,21,16,GAATTGGCCGGCCAGTGTAG,5,5201579
yqjE_yqjK_yqjD_yqjC_predicted,1.0,32,16,GAATCTCCAACCCGAGCCAT,16,5207668
yqjE_yqjK_yqjD_yqjC_predicted,0.23529411764705882,19,16,GAAGTCATTCTTACGAGATA,3,5249966
yqjE_yqjK_yqjD_yqjC_predicted,2.764705882352941,62,16,GAACCGTCAACTCATACAAA,46,5231075
yqjE_yqjK_yqjD_yqjC_predicted,0.4117647058823529,22,16,CTTTACATGTTTGGCGTCGC,6,5193697
yqjE_yqjK_yqjD_yqjC_predicted,1.5294117647058822,41,16,CTTGTGCGAAGAGCGTCGTA,25,5255218
yqjE_yqjK_yqjD_yqjC_predicted,0.11764705882352941,17,16,CTTGGTTTCATAAGGGCCGT,1,5207209
yqjE_yqjK_yqjD_yqjC_predicted,1.5294117647058822,41,16,CTTCCCACACTTTTCCTTGT,25,5221018
yqjE_yqjK_yqjD_yqjC_predicted,0.8235294117647058,29,16,CTGTACAGCCACTCAACCCA,13,5226425
yqjE_yqjK_yqjD_yqjC_predicted,1.6470588235294117,43,16,CTGGACGTAGGCAGCGACAA,27,5201700
yqjE_yqjK_yqjD_yqjC_predicted,0.17647058823529413,18,16,CTGGACAACTATATCGCGCA,2,5260424
yqjE_yqjK_yqjD_yqjC_predicted,0.29411764705882354,20,16,CTGCGTCCGCGGAAACTCGA,4,5241108
yqjE_yqjK_yqjD_yqjC_predicted,0.11764705882352941,17,16,CTGATGCCCAAATCAGTCTA,1,5228548
yqjE_yqjK_yqjD_yqjC_predicted,0.35294117647058826,21,16,CTGATCTCCGGGGGGTCGGG,5,5220621
yqjE_yqjK_yqjD_yqjC_predicted,0.6470588235294118,26,16,CTCTGTGGTCCTCGTATCGT,10,5207868
yqjE_yqjK_yqjD_yqjC_predicted,0.6470588235294118,26,16,CTCTAAAAGTCCCGCAAAAT,10,5197299
yqjE_yqjK_yqjD_yqjC_predicted,0.7058823529411765,27,16,CTCGTATACATTCCCAGCAT,11,5203382
yqjE_yqjK_yqjD_yqjC_predicted,0.17647058823529413,18,16,CTCGCGATGTTTCCGCCCAG,2,5187238
yqjE_yqjK_yqjD_yqjC_predicted,0.29411764705882354,20,16,CTCGAGTATTCAAGCAGAAC,4,5177186
yqjE_yqjK_yqjD_yqjC_predicted,2.235294117647059,53,16,CTCCAAGTGGAGCTTTCCCG,37,5176317
yqjE_yqjK_yqjD_yqjC_predicted,0.47058823529411764,23,16,CTATTCTTGGATATCGACAG,7,5211147
yqjE_yqjK_yqjD_yqjC_predicted,0.6470588235294118,26,16,CTATACAGTTACCCTGTTTT,10,5227734
yqjE_yqjK_yqjD_yqjC_predicted,0.5882352941176471,25,16,CTACCCGGGGTATTGAGTTC,9,5212990
yqjE_yqjK_yqjD_yqjC_predicted,0.11764705882352941,17,16,CTAATTGTATGTTATGGCGT,1,5227774
yqjE_yqjK_yqjD_yqjC_predicted,0.5882352941176471,25,16,CGTTCACGTTCCCAATCTCA,9,5254404
yqjE_yqjK_yqjD_yqjC_predicted,1.7647058823529411,45,16,CGTGTTAGGCGACGGGCTCT,29,5216862
yqjE_yqjK_yqjD_yqjC_predicted,0.17647058823529413,18,16,CGTGAACGGGTTAGACATGT,2,5192907
yqjE_yqjK_yqjD_yqjC_predicted,0.29411764705882354,20,16,CGTCCGCTTAGTAAGCTTTT,4,5193207
yqjE_yqjK_yqjD_yqjC_predicted,0.8823529411764706,30,16,CGTATCGTTCAGGTGGCCCC,14,5262928
yqjE_yqjK_yqjD_yqjC_predicted,0.11764705882352941,17,16,CGGTTTTATGGTAGAGTAAG,1,5194416
yqjE_yqjK_yqjD_yqjC_predicted,1.1176470588235294,34,16,CGGTTGGCACGAGTTATTGT,18,5235193
yqjE_yqjK_yqjD_yqjC_predicted,1.2941176470588236,37,16,CGGTGCCAGAGCATGCACGG,21,5240045
yqjE_yqjK_yqjD_yqjC_predicted,0.17647058823529413,18,16,CGGGCGCGCGTGGTGACTGG,2,5218105
yqjE_yqjK_yqjD_yqjC_predicted,2.4705882352941178,57,16,CGGCGAACATAATAATCCCT,41,5220355
yqjE_yqjK_yqjD_yqjC_predicted,0.11764705882352941,17,16,CGGAGCCTATGCGCGTTGAG,1,5184840
yqjE_yqjK_yqjD_yqjC_predicted,1.0,32,16,CGGAATCACCCCCCACGACA,16,5201279
yqjE_yqjK_yqjD_yqjC_predicted,2.1176470588235294,51,16,CGCTGCATCCGTGACGTTCA,35,5260414
yqjE_yqjK_yqjD_yqjC_predicted,0.5882352941176471,25,16,CGCTGATATCCTGCGCGTAA,9,5175015
yqjE_yqjK_yqjD_yqjC_predicted,1.3529411764705883,38,16,CGCGAGCATGGGGGAGTATA,22,5248109
yqjE_yqjK_yqjD_yqjC_predicted,0.4117647058823529,22,16,CGCCTCATCCCATTTGTTGG,6,5212940
yqjE_yqjK_yqjD_yqjC_predicted,0.17647058823529413,18,16,CGCCACATCGTGCGCGATGT,2,5209363
yqjE_yqjK_yqjD_yqjC_predicted,1.588235294117647,42,16,CGCCAAGGAACTGATGGGTC,26,5198260
yqjE_yqjK_yqjD_yqjC_predicted,0.6470588235294118,26,16,CGCATGCCACGCAAGTAGTC,10,5197700
yqjE_yqjK_yqjD_yqjC_predicted,0.11764705882352941,17,16,CGCAGTGGCCAATCTCTCGA,1,5171797
yqjE_yqjK_yqjD_yqjC_predicted,0.11764705882352941,17,16,CGATGGTAAGAGAAGTACCA,1,5240212
yqjE_yqjK_yqjD_yqjC_predicted,1.2352941176470589,36,16,CGATGGCGAAAACTGTCCAT,20,5236273
yqjE_yqjK_yqjD_yqjC_predicted,1.1176470588235294,34,16,CGATGAATCTGTTGAATTGA,18,5241752
yqjE_yqjK_yqjD_yqjC_predicted,0.35294117647058826,21,16,CGAGTTTTTGGGTGGTACAT,5,5216938
yqjE_yqjK_yqjD_yqjC_predicted,0.4117647058823529,22,16,CGAGCCTTATAAGCGGGTAA,6,5247829
yqjE_yqjK_yqjD_yqjC_predicted,0.29411764705882354,20,16,CGAGCCGTCTGTCGCACTGC,4,5218391
yqjE_yqjK_yqjD_yqjC_predicted,0.11764705882352941,17,16,CGAAGTTCCCGTACGTGGTC,1,5186954
yqjE_yqjK_yqjD_yqjC_predicted,1.411764705882353,39,16,CCTTGAGCGCGTTTGTAATG,23,5203386
yqjE_yqjK_yqjD_yqjC_predicted,0.7058823529411765,27,16,CCTGGAGGACTGTCCCTGCA,11,5213002
yqjE_yqjK_yqjD_yqjC_predicted,1.0588235294117647,33,16,CCTGAGTATCAGTATCCGGG,17,5195201
yqjE_yqjK_yqjD_yqjC_predicted,1.0588235294117647,33,16,CCTCTAAATCGAGCGACCTG,17,5207004
yqjE_yqjK_yqjD_yqjC_predicted,0.7058823529411765,27,16,CCTCGGACGGCCCCATTAAC,11,5259823
yqjE_yqjK_yqjD_yqjC_predicted,0.23529411764705882,19,16,CCTAAAAGTCGCTGGAGCAG,3,5259730
yqjE_yqjK_yqjD_yqjC_predicted,0.5294117647058824,24,16,CCGTTTCTCTCTGCACCGAG,8,5191927
yqjE_yqjK_yqjD_yqjC_predicted,0.35294117647058826,21,16,CCGTTTATTGGGCAAGTTTG,5,5218574
yqjE_yqjK_yqjD_yqjC_predicted,0.4117647058823529,22,16,CCGTCTCCAGTACGAGTGGA,6,5220261
yqjE_yqjK_yqjD_yqjC_predicted,0.5882352941176471,25,16,CCGTAGTACGGCGCCGGAAC,9,5220234
yqjE_yqjK_yqjD_yqjC_predicted,0.11764705882352941,17,16,CCGGTTATTGGCAGGACCAT,1,5249279
yqjE_yqjK_yqjD_yqjC_predicted,0.29411764705882354,20,16,CCGGTTAGGAAGGTGATAAA,4,5182329
yqjE_yqjK_yqjD_yqjC_predicted,3.823529411764706,80,16,CCGGCCTGCCCAGGCCCGAT,64,5232192
yqjE_yqjK_yqjD_yqjC_predicted,0.29411764705882354,20,16,CCGCTGGGCTTGACGCCGCA,4,5214834
yqjE_yqjK_yqjD_yqjC_predicted,0.6470588235294118,26,16,CCGCGTGGGTGGTGCCTAGA,10,5172486
yqjE_yqjK_yqjD_yqjC_predicted,0.7647058823529411,28,16,CCGAGTTGGGGTATTGAATT,12,5224776
yqjE_yqjK_yqjD_yqjC_predicted,1.3529411764705883,38,16,CCGACCCTACGACCAGGTTG,22,5192577
yqjE_yqjK_yqjD_yqjC_predicted,0.11764705882352941,17,16,CCCGTTTGCTAAATGCAACG,1,5174901
yqjE_yqjK_yqjD_yqjC_predicted,0.11764705882352941,17,16,CCCCTTTCCACATTTTTGTT,1,5180100
yqjE_yqjK_yqjD_yqjC_predicted,0.7647058823529411,28,16,CCCCGGAGATCTATTGGTCC,12,5258469
yqjE_yqjK_yqjD_yqjC_predicted,0.8235294117647058,29,16,CCCCGATCACCGAAATCCGA,13,5180612
yqjE_yqjK_yqjD_yqjC_predicted,1.1764705882352942,35,16,CCCCGAGACTAGAAGTAGTG,19,5198274
yqjE_yqjK_yqjD_yqjC_predicted,3.411764705882353,73,16,CCAGTCTTTGCAGGTGCGCT,57,5191737
yqjE_yqjK_yqjD_yqjC_predicted,0.7058823529411765,27,16,CCAGCAGAGTGTGTGTAGTG,11,5178406
yqjE_yqjK_yqjD_yqjC_predicted,0.6470588235294118,26,16,CCAGCAGAGGGCACTGCCCA,10,5253802
yqjE_yqjK_yqjD_yqjC_predicted,0.5294117647058824,24,16,CCAGATGACCGTGATGCCAA,8,5219784
yqjE_yqjK_yqjD_yqjC_predicted,0.47058823529411764,23,16,CCACATCCTTTATCGTGAAA,7,5187288
yqjE_yqjK_yqjD_yqjC_predicted,1.5294117647058822,41,16,CCACACAGTCTTACGATGAA,25,5218141
yqjE_yqjK_yqjD_yqjC_predicted,0.8235294117647058,29,16,CCAAAGGGTGCTGATGAATA,13,5186952
yqjE_yqjK_yqjD_yqjC_predicted,0.8823529411764706,30,16,CATTGCAATTACCCCGCCAC,14,5188350
yqjE_yqjK_yqjD_yqjC_predicted,1.2352941176470589,36,16,CATCATTACGAGTTATAAGA,20,5232140
yqjE_yqjK_yqjD_yqjC_predicted,0.47058823529411764,23,16,CATATCCCGTCAAGGGGGCA,7,5253475
yqjE_yqjK_yqjD_yqjC_predicted,0.8235294117647058,29,16,CAGTGCACTAATGCAATGTT,13,5223773
yqjE_yqjK_yqjD_yqjC_predicted,1.411764705882353,39,16,CAGTATCCAGGGCAAGATAA,23,5172838
yqjE_yqjK_yqjD_yqjC_predicted,0.7647058823529411,28,16,CAGGCTCTGGAATCTCACAA,12,5179603
yqjE_yqjK_yqjD_yqjC_predicted,1.2352941176470589,36,16,CAGGAACATTACCGTCATCT,20,5250475
yqjE_yqjK_yqjD_yqjC_predicted,1.8235294117647058,46,16,CAGACGGACACTAATAACGA,30,5257025
yqjE_yqjK_yqjD_yqjC_predicted,0.7058823529411765,27,16,CAGAAACTCCTGTCAAAAGA,11,5187118
yqjE_yqjK_yqjD_yqjC_predicted,1.1176470588235294,34,16,CACTTAGTTGAGGTCAGGCT,18,5202714
yqjE_yqjK_yqjD_yqjC_predicted,1.1764705882352942,35,16,CACCCCGCTCTTTAGTGGCC,19,5201509
yqjE_yqjK_yqjD_yqjC_predicted,0.17647058823529413,18,16,CAAGTGCAAAAGCAACATCA,2,5204100
yqjE_yqjK_yqjD_yqjC_predicted,1.2941176470588236,37,16,CAAGGTTATGAGGCTCCAAG,21,5254919
yqjE_yqjK_yqjD_yqjC_predicted,1.2352941176470589,36,16,CAACTGGCTAAAGAATCTCG,20,5260638
yqjE_yqjK_yqjD_yqjC_predicted,0.7058823529411765,27,16,CAACATGAACTCTTACGAAA,11,5181191
yqjE_yqjK_yqjD_yqjC_predicted,1.1176470588235294,34,16,CAAAGTCCAGTGACTAACCC,18,5232368
yqjE_yqjK_yqjD_yqjC_predicted,2.4705882352941178,57,16,ATTTTGAATAAGCTCCAGAA,41,5250436
yqjE_yqjK_yqjD_yqjC_predicted,2.1176470588235294,51,16,ATTTGCAACCTCCCCTTGCG,35,5257570
yqjE_yqjK_yqjD_yqjC_predicted,1.411764705882353,39,16,ATTTGAGCGTTAATGCCATA,23,5177001
yqjE_yqjK_yqjD_yqjC_predicted,0.8823529411764706,30,16,ATTTCATATTAATCAGTGAA,14,5242506
yqjE_yqjK_yqjD_yqjC_predicted,0.17647058823529413,18,16,ATTGCAGTTCGAGTCAATAG,2,5256905
yqjE_yqjK_yqjD_yqjC_predicted,1.2352941176470589,36,16,ATTGAGATGTAGACATATTC,20,5203521
yqjE_yqjK_yqjD_yqjC_predicted,2.0,49,16,ATTCCGACTCTATCCCTCCA,33,5254586
yqjE_yqjK_yqjD_yqjC_predicted,1.1176470588235294,34,16,ATTATGTAGATTGGGTAGCA,18,5189919
yqjE_yqjK_yqjD_yqjC_predicted,0.6470588235294118,26,16,ATTAATGCTTTACAACCAAA,10,5205859
yqjE_yqjK_yqjD_yqjC_predicted,0.29411764705882354,20,16,ATTAACCCGTGAGCACGTGC,4,5204205
yqjE_yqjK_yqjD_yqjC_predicted,1.2352941176470589,36,16,ATGTGTCTGGATTGGAGGAC,20,5195606
yqjE_yqjK_yqjD_yqjC_predicted,0.35294117647058826,21,16,ATGTGATCAGGAACTATAAC,5,5175555
yqjE_yqjK_yqjD_yqjC_predicted,1.9411764705882353,48,16,ATGAGATGCAGTATTAAGCT,32,5170950
yqjE_yqjK_yqjD_yqjC_predicted,0.11764705882352941,17,16,ATGAACCTGTATTTCGTTAT,1,5173640
yqjE_yqjK_yqjD_yqjC_predicted,0.6470588235294118,26,16,ATCTGCAGTTGTCGATGGAA,10,5232520
yqjE_yqjK_yqjD_yqjC_predicted,0.11764705882352941,17,16,ATCCGGTGCCATAAGGCGGC,1,5215457
yqjE_yqjK_yqjD_yqjC_predicted,1.6470588235294117,43,16,ATCCGATGCAGAACCTCCAA,27,5222005
yqjE_yqjK_yqjD_yqjC_predicted,0.11764705882352941,17,16,ATCCCGAATTCAATTGCCGT,1,5232830
yqjE_yqjK_yqjD_yqjC_predicted,1.0,32,16,ATCAGTCGAGAAATGCAAAA,16,5214353
yqjE_yqjK_yqjD_yqjC_predicted,0.17647058823529413,18,16,ATCACCCTTGTCACGATGAC,2,5192952
yqjE_yqjK_yqjD_yqjC_predicted,1.3529411764705883,38,16,ATATTTTGACGAGAAAACTT,22,5198388
yqjE_yqjK_yqjD_yqjC_predicted,0.35294117647058826,21,16,ATATTAACCCGTCAAACGTA,5,5186175
yqjE_yqjK_yqjD_yqjC_predicted,0.8235294117647058,29,16,ATAGGAGGTAGTCGAAGAAT,13,5247604
yqjE_yqjK_yqjD_yqjC_predicted,0.5882352941176471,25,16,ATACCGTGCATTTGTCGAAC,9,5262601
yqjE_yqjK_yqjD_yqjC_predicted,0.29411764705882354,20,16,ATACACCTGCAGCTATAGGA,4,5234079
yqjE_yqjK_yqjD_yqjC_predicted,0.5882352941176471,25,16,ATAATCTTATAAAATTTCTT,9,5258502
yqjE_yqjK_yqjD_yqjC_predicted,1.588235294117647,42,16,AGTGTAAAGTATTAATTTGA,26,5249732
yqjE_yqjK_yqjD_yqjC_predicted,0.8823529411764706,30,16,AGTGGAACCTTCCCAGCATG,14,5192245
yqjE_yqjK_yqjD_yqjC_predicted,0.47058823529411764,23,16,AGTGCGACGGTGAAGGAGGT,7,5229822
yqjE_yqjK_yqjD_yqjC_predicted,0.8235294117647058,29,16,AGTGCCCGTTGCGCAGATCT,13,5196337
yqjE_yqjK_yqjD_yqjC_predicted,1.1764705882352942,35,16,AGTCGGGCATATAACGATTA,19,5200573
yqjE_yqjK_yqjD_yqjC_predicted,0.6470588235294118,26,16,AGTAGCGGTATCATGGTGTG,10,5251447
yqjE_yqjK_yqjD_yqjC_predicted,1.1176470588235294,34,16,AGGTGGGTTTGAACACCGTT,18,5195285
yqjE_yqjK_yqjD_yqjC_predicted,0.23529411764705882,19,16,AGGGGCATTGAGTAGACCTA,3,5183748
yqjE_yqjK_yqjD_yqjC_predicted,0.7647058823529411,28,16,AGGCTCAAGTCTGAGCGGTT,12,5210266
yqjE_yqjK_yqjD_yqjC_predicted,0.4117647058823529,22,16,AGGCCGTTTGCAATGCGGGA,6,5232043
yqjE_yqjK_yqjD_yqjC_predicted,1.1764705882352942,35,16,AGCTTCGTGTTCGTTGTAAG,19,5202611
yqjE_yqjK_yqjD_yqjC_predicted,0.29411764705882354,20,16,AGCTTAACGGAGAGTTCGTA,4,5214734
yqjE_yqjK_yqjD_yqjC_predicted,1.0588235294117647,33,16,AGCTATCCGTACTCACGGCG,17,5201431
yqjE_yqjK_yqjD_yqjC_predicted,1.2352941176470589,36,16,AGCCCTAACAAGTCTCGCGA,20,5192966
yqjE_yqjK_yqjD_yqjC_predicted,0.5294117647058824,24,16,AGCACCTTAGGAATATGCCC,8,5184129
yqjE_yqjK_yqjD_yqjC_predicted,0.9411764705882353,31,16,AGCACCTACGTATGGGTGCT,15,5175645
yqjE_yqjK_yqjD_yqjC_predicted,0.5882352941176471,25,16,AGATTGTCGCATGCGCAATT,9,5171858
yqjE_yqjK_yqjD_yqjC_predicted,1.1176470588235294,34,16,AGACCATGAAAGCCCCAAAG,18,5247193
yqjE_yqjK_yqjD_yqjC_predicted,1.0,32,16,AGAAGTGCGGCATCGTGCGT,16,5240785
yqjE_yqjK_yqjD_yqjC_predicted,0.47058823529411764,23,16,AGAACATGTCAGATCACATA,7,5197493
yqjE_yqjK_yqjD_yqjC_predicted,0.47058823529411764,23,16,ACTTGTCTGGGAAAATAGGA,7,5244143
yqjE_yqjK_yqjD_yqjC_predicted,0.9411764705882353,31,16,ACGTATTCCAGTAATAGCGA,15,5201578
yqjE_yqjK_yqjD_yqjC_predicted,0.7058823529411765,27,16,ACGTACGACGCCAGGTTAAC,11,5183735
yqjE_yqjK_yqjD_yqjC_predicted,0.9411764705882353,31,16,ACGGGTAGAACACGTGGTCT,15,5236449
yqjE_yqjK_yqjD_yqjC_predicted,0.35294117647058826,21,16,ACCTTTCCGTAGCGACCCAT,5,5225329
yqjE_yqjK_yqjD_yqjC_predicted,1.2352941176470589,36,16,ACCTATAGAACAGATCATCA,20,5190139
yqjE_yqjK_yqjD_yqjC_predicted,0.47058823529411764,23,16,ACCGTCGGGAGCTGCCGCCA,7,5171941
yqjE_yqjK_yqjD_yqjC_predicted,0.35294117647058826,21,16,ACCCTGAATGATCGAATGGT,5,5171554
yqjE_yqjK_yqjD_yqjC_predicted,1.1764705882352942,35,16,ACCCCCGCCGCACAGTCTTA,19,5206806
yqjE_yqjK_yqjD_yqjC_predicted,1.2352941176470589,36,16,ACAGTCTACACTAGATGCCC,20,5236965
yqjE_yqjK_yqjD_yqjC_predicted,3.764705882352941,79,16,ACAGCCAGGAACTTCCGGCT,63,5205195
yqjE_yqjK_yqjD_yqjC_predicted,0.29411764705882354,20,16,ACACTCGCGCGTAGGGAATT,4,5173948
yqjE_yqjK_yqjD_yqjC_predicted,2.1176470588235294,51,16,ACACGGTGCCGGGCCTGTGG,35,5173234
yqjE_yqjK_yqjD_yqjC_predicted,0.35294117647058826,21,16,ACACGAGATTACCCTGGCTA,5,5234833
yqjE_yqjK_yqjD_yqjC_predicted,0.29411764705882354,20,16,ACACCTGAGGGTTATTATAA,4,5210672
yqjE_yqjK_yqjD_yqjC_predicted,0.17647058823529413,18,16,ACACCGTCAGGTCAGTGGGA,2,5238488
yqjE_yqjK_yqjD_yqjC_predicted,0.11764705882352941,17,16,ACACACCGAAAAGGAAGGCC,1,5207540
yqjE_yqjK_yqjD_yqjC_predicted,0.17647058823529413,18,16,ACAAGTCTATTTATTTTAGG,2,5244678
yqjE_yqjK_yqjD_yqjC_predicted,0.11764705882352941,17,16,ACAAGCAGCTTATTAGTGTA,1,5235069
yqjE_yqjK_yqjD_yqjC_predicted,1.0588235294117647,33,16,ACAACTGATAGATAACCTTT,17,5254453
yqjE_yqjK_yqjD_yqjC_predicted,0.35294117647058826,21,16,ACAACCTCTATAAGTAAGAT,5,5261804
yqjE_yqjK_yqjD_yqjC_predicted,0.9411764705882353,31,16,AATGTCGTTCACATGTAGTT,15,5213054
yqjE_yqjK_yqjD_yqjC_predicted,1.1176470588235294,34,16,AATCGGGTTTCCTAGGCCCA,18,5205341
yqjE_yqjK_yqjD_yqjC_predicted,1.6470588235294117,43,16,AATATCGGTGCTTTCCCTTA,27,5205417
yqjE_yqjK_yqjD_yqjC_predicted,0.7647058823529411,28,16,AAGTTGCGGGGGTGATTTCA,12,5172572
yqjE_yqjK_yqjD_yqjC_predicted,0.7058823529411765,27,16,AAGTGAAAGCAATTTTTAAG,11,5180520
yqjE_yqjK_yqjD_yqjC_predicted,1.0588235294117647,33,16,AAGTCCGTGTTTGGGGTATA,17,5193943
yqjE_yqjK_yqjD_yqjC_predicted,1.0,32,16,AAGCTTGTGGGGCGGGGATA,16,5201143
yqjE_yqjK_yqjD_yqjC_predicted,0.29411764705882354,20,16,AAGCTAGATGGTGGTACTTC,4,5221471
yqjE_yqjK_yqjD_yqjC_predicted,2.1176470588235294,51,16,AAGCGGATGTGCAAGAGAGC,35,5172945
yqjE_yqjK_yqjD_yqjC_predicted,1.5294117647058822,41,16,AAGACGGAATGAATACGATC,25,5219150
yqjE_yqjK_yqjD_yqjC_predicted,0.47058823529411764,23,16,AAGAACTGGCCGGAGCCCGT,7,5234887
yqjE_yqjK_yqjD_yqjC_predicted,1.6470588235294117,43,16,AACTTCCAAGCCAGTAGTAC,27,5253782
yqjE_yqjK_yqjD_yqjC_predicted,1.1176470588235294,34,16,AACGTTAATCATTGCAGCCT,18,5182507
yqjE_yqjK_yqjD_yqjC_predicted,2.588235294117647,59,16,AACGCGTTGGTCAAACTTGG,43,5240831
yqjE_yqjK_yqjD_yqjC_predicted,0.8235294117647058,29,16,AACGCCACAAAGGTAGCGAA,13,5236145
yqjE_yqjK_yqjD_yqjC_predicted,0.11764705882352941,17,16,AACAGTCGTCGGGACATCAT,1,5241543
yqjE_yqjK_yqjD_yqjC_predicted,0.5294117647058824,24,16,AACACACTATGACAAGATAA,8,5240830
yqjE_yqjK_yqjD_yqjC_predicted,0.11764705882352941,17,16,AAACGAGTGGCTCTGTGGGT,1,5196164
yqjE_yqjK_yqjD_yqjC_predicted,1.0625,31,15,TTTTTCCGGGAGTCTAATGA,16,5248517
yqjE_yqjK_yqjD_yqjC_predicted,4.0625,79,15,TTTTCTTACGGCCCATTGGT,64,5190912
yqjE_yqjK_yqjD_yqjC_predicted,1.6875,41,15,TTTGTCAACCGTTATCCCCT,26,5230495
yqjE_yqjK_yqjD_yqjC_predicted,0.375,20,15,TTTGCCTTAACGGGCCAGAT,5,5247807
yqjE_yqjK_yqjD_yqjC_predicted,0.375,20,15,TTTCACAATCTGGGACGGTC,5,5253510
yqjE_yqjK_yqjD_yqjC_predicted,2.75,58,15,TTTATTCTCTCACGGGTGTT,43,5172949
yqjE_yqjK_yqjD_yqjC_predicted,1.125,32,15,TTTATACAATCGTTCGTGGA,17,5217406
yqjE_yqjK_yqjD_yqjC_predicted,0.5,22,15,TTTAGTGTGTTTGATTCACA,7,5234387
yqjE_yqjK_yqjD_yqjC_predicted,0.125,16,15,TTGTAGGGAGGTTTTCGACG,1,5247741
yqjE_yqjK_yqjD_yqjC_predicted,0.9375,29,15,TTGGTCTCAGGCCAATGCAA,14,5204234
yqjE_yqjK_yqjD_yqjC_predicted,0.375,20,15,TTGGGGGATTAACTTCAGCA,5,5184578
yqjE_yqjK_yqjD_yqjC_predicted,0.8125,27,15,TTGATAGTCCGAGAGAGCAA,12,5199749
yqjE_yqjK_yqjD_yqjC_predicted,0.625,24,15,TTGAGAGACGTGTGTCAACA,9,5252294
yqjE_yqjK_yqjD_yqjC_predicted,0.1875,17,15,TTGAAGTCTCGTTTTGTGAC,2,5244857
yqjE_yqjK_yqjD_yqjC_predicted,1.125,32,15,TTCTGCCCAACATGATAACT,17,5214621
yqjE_yqjK_yqjD_yqjC_predicted,0.4375,21,15,TTCCTTTATCTAAAGTAGAA,6,5232009
yqjE_yqjK_yqjD_yqjC_predicted,0.1875,17,15,TTCCTATACGTCATAAGAGG,2,5189815
yqjE_yqjK_yqjD_yqjC_predicted,1.8125,43,15,TTATCTCAGTCTTTTAGGAA,28,5261885
yqjE_yqjK_yqjD_yqjC_predicted,1.6875,41,15,TTAGGGAGGTCCCACGTATC,26,5227711
yqjE_yqjK_yqjD_yqjC_predicted,0.375,20,15,TTACCTCGTGGCAAGATTCA,5,5177383
yqjE_yqjK_yqjD_yqjC_predicted,0.1875,17,15,TTAACCGTTGCTTAGCGGCG,2,5173896
yqjE_yqjK_yqjD_yqjC_predicted,1.4375,37,15,TGTTGAACGTCCAGGTCAGT,22,5224988
yqjE_yqjK_yqjD_yqjC_predicted,0.75,26,15,TGTTCCTATTTGGACCGCGC,11,5192837
yqjE_yqjK_yqjD_yqjC_predicted,0.75,26,15,TGTGATTATATCTCTTACGC,11,5245125
yqjE_yqjK_yqjD_yqjC_predicted,0.125,16,15,TGTCTGACGCCCAGGCTATA,1,5179588
yqjE_yqjK_yqjD_yqjC_predicted,2.0625,47,15,TGTCCGCAGTATGGTGTCAT,32,5229108
yqjE_yqjK_yqjD_yqjC_predicted,0.5,22,15,TGTAGCATTGAAGAGTTGAT,7,5229814
yqjE_yqjK_yqjD_yqjC_predicted,1.25,34,15,TGGTTAAAAATCAGGTCAAA,19,5180927
yqjE_yqjK_yqjD_yqjC_predicted,2.1875,49,15,TGGGGAAGATTTAGGCGTTG,34,5198085
yqjE_yqjK_yqjD_yqjC_predicted,0.125,16,15,TGGATAGGTATAACATTGGA,1,5171430
yqjE_yqjK_yqjD_yqjC_predicted,0.75,26,15,TGGAGATGCATGTGGGATGC,11,5241327
yqjE_yqjK_yqjD_yqjC_predicted,1.9375,45,15,TGGACCAAGATAGATACCTC,30,5219267
yqjE_yqjK_yqjD_yqjC_predicted,0.75,26,15,TGCTCAGAACCGCTTACGGC,11,5224654
yqjE_yqjK_yqjD_yqjC_predicted,0.9375,29,15,TGCGGGATAGAGGATCATCG,14,5207938
yqjE_yqjK_yqjD_yqjC_predicted,0.25,18,15,TGCGATGGCGTGTGCCATTG,3,5172841
yqjE_yqjK_yqjD_yqjC_predicted,0.4375,21,15,TGCCTGAGAGAATTTGAAGG,6,5191098
yqjE_yqjK_yqjD_yqjC_predicted,1.0,30,15,TGATTCCGTTGAAGGGAGTT,15,5186441
yqjE_yqjK_yqjD_yqjC_predicted,1.4375,37,15,TGATATAAAAGCCTCTCAGT,22,5206436
yqjE_yqjK_yqjD_yqjC_predicted,0.5625,23,15,TGATACCTACAAAGGTATTC,8,5255048
yqjE_yqjK_yqjD_yqjC_predicted,0.3125,19,15,TGAGATCCTTGCAAAAGGCG,4,5238370
yqjE_yqjK_yqjD_yqjC_predicted,0.6875,25,15,TGACACTATAGTATACGTGA,10,5199070
yqjE_yqjK_yqjD_yqjC_predicted,2.0625,47,15,TCTTTCTGAACCATCCGGGG,32,5223332
yqjE_yqjK_yqjD_yqjC_predicted,0.125,16,15,TCTTGCAGGCGATACCGATA,1,5231132
yqjE_yqjK_yqjD_yqjC_predicted,0.3125,19,15,TCTGTATTGTGTGGTCGAAG,4,5189535
yqjE_yqjK_yqjD_yqjC_predicted,1.75,42,15,TCTGCTGCATAAAATGACCG,27,5255545
yqjE_yqjK_yqjD_yqjC_predicted,0.125,16,15,TCTGCACCGAGCGTCATAGG,1,5229679
yqjE_yqjK_yqjD_yqjC_predicted,0.6875,25,15,TCTCGAGATGTAGCTGAGTC,10,5215387
yqjE_yqjK_yqjD_yqjC_predicted,1.5,38,15,TCTCAGATTTGTCTGTTCCT,23,5191079
yqjE_yqjK_yqjD_yqjC_predicted,0.125,16,15,TCTAGTAAATTGTCAAAACG,1,5170967
yqjE_yqjK_yqjD_yqjC_predicted,0.6875,25,15,TCGTTTGCGGACGGGATTAG,10,5238645
yqjE_yqjK_yqjD_yqjC_predicted,0.5,22,15,TCGGTTCGTGTAACTCGTCT,7,5205559
yqjE_yqjK_yqjD_yqjC_predicted,1.3125,35,15,TCGGGTAAACCTCTTCGTAT,20,5195937
yqjE_yqjK_yqjD_yqjC_predicted,1.3125,35,15,TCGCGTTTACTACCCTAGAG,20,5199355
yqjE_yqjK_yqjD_yqjC_predicted,0.3125,19,15,TCGCGTCTGGTCGCCTTTCA,4,5211939
yqjE_yqjK_yqjD_yqjC_predicted,0.375,20,15,TCGATTCATTAGAGAACACT,5,5187139
yqjE_yqjK_yqjD_yqjC_predicted,0.3125,19,15,TCGATGACACCAAGGTCATC,4,5223473
yqjE_yqjK_yqjD_yqjC_predicted,0.1875,17,15,TCGAGAATGTGTTCGTTTTA,2,5249091
yqjE_yqjK_yqjD_yqjC_predicted,0.125,16,15,TCGACACTTTGCAGGCGCAT,1,5217408
yqjE_yqjK_yqjD_yqjC_predicted,1.0,30,15,TCCTGTGCTGCGAGTTTTAC,15,5231258
yqjE_yqjK_yqjD_yqjC_predicted,0.3125,19,15,TCCTGGGCCGGGTGATTCGC,4,5213150
yqjE_yqjK_yqjD_yqjC_predicted,1.4375,37,15,TCCTAGCCCTCGGGCGTGCT,22,5224621
yqjE_yqjK_yqjD_yqjC_predicted,0.375,20,15,TCCGAGGTAGTCTGCGCGCG,5,5195674
yqjE_yqjK_yqjD_yqjC_predicted,0.1875,17,15,TCCCTCTTCGCGGCAATTGT,2,5178779
yqjE_yqjK_yqjD_yqjC_predicted,0.9375,29,15,TCCCGTGTAAAAGGCGCCCT,14,5177082
yqjE_yqjK_yqjD_yqjC_predicted,0.375,20,15,TCCACCGAAATAAATTGCGG,5,5227059
yqjE_yqjK_yqjD_yqjC_predicted,0.125,16,15,TCAGCGCGAGAATGGGCTGG,1,5211572
yqjE_yqjK_yqjD_yqjC_predicted,0.875,28,15,TCACAAAATGTGACACGTCC,13,5220042
yqjE_yqjK_yqjD_yqjC_predicted,0.3125,19,15,TCAAGAAAGGCTCCCTGTGC,4,5188866
yqjE_yqjK_yqjD_yqjC_predicted,0.1875,17,15,TCAACAGTATCGACGCACAT,2,5173169
yqjE_yqjK_yqjD_yqjC_predicted,0.5,22,15,TCAAAGGGGCCATACTTGGT,7,5256033
yqjE_yqjK_yqjD_yqjC_predicted,1.0625,31,15,TCAAAATTCAAACGTGTTAC,16,5205352
yqjE_yqjK_yqjD_yqjC_predicted,0.625,24,15,TATTTCGGACTGGCCGCCCT,9,5195795
yqjE_yqjK_yqjD_yqjC_predicted,1.375,36,15,TATTGCTGCGACTAAAGGCT,21,5199611
yqjE_yqjK_yqjD_yqjC_predicted,0.1875,17,15,TATGAGATCCCCTGCTCGGA,2,5247556
yqjE_yqjK_yqjD_yqjC_predicted,0.8125,27,15,TATCTGGCCCATGGCCGCTC,12,5251676
yqjE_yqjK_yqjD_yqjC_predicted,0.3125,19,15,TATCTGAGCTAGACACGTTG,4,5209468
yqjE_yqjK_yqjD_yqjC_predicted,0.6875,25,15,TATCTCGGCGCTTATGTCCC,10,5229850
yqjE_yqjK_yqjD_yqjC_predicted,0.25,18,15,TATCCAAGGGTAGCGGCTCA,3,5261448
yqjE_yqjK_yqjD_yqjC_predicted,0.1875,17,15,TATCAGGGTAGGCGCGGGCT,2,5199138
yqjE_yqjK_yqjD_yqjC_predicted,0.5625,23,15,TATCACGAGAGCTGCGTCGG,8,5251572
yqjE_yqjK_yqjD_yqjC_predicted,0.125,16,15,TATATGCCGGGGTTCGGTTT,1,5195123
yqjE_yqjK_yqjD_yqjC_predicted,0.9375,29,15,TATACTGGACGCCCTTTTGC,14,5196728
yqjE_yqjK_yqjD_yqjC_predicted,0.8125,27,15,TAGGTGTTTTTCCTACGTAC,12,5207886
yqjE_yqjK_yqjD_yqjC_predicted,0.1875,17,15,TAGGGTGCTACTCACAATTC,2,5233853
yqjE_yqjK_yqjD_yqjC_predicted,0.8125,27,15,TAGCGCACGTTTATTGCTGT,12,5185023
yqjE_yqjK_yqjD_yqjC_predicted,2.0,46,15,TAGATGAGAGCGACCTTTTA,31,5178337
yqjE_yqjK_yqjD_yqjC_predicted,0.4375,21,15,TAGATCTATTAGCGTTATTA,6,5194685
yqjE_yqjK_yqjD_yqjC_predicted,0.375,20,15,TACTGGGCTATTTGCTGGCA,5,5171423
yqjE_yqjK_yqjD_yqjC_predicted,1.0,30,15,TACTCACCTTTGGTACTAGA,15,5184779
yqjE_yqjK_yqjD_yqjC_predicted,0.9375,29,15,TACTAAATCTAATTCGGTTG,14,5196523
yqjE_yqjK_yqjD_yqjC_predicted,0.75,26,15,TACGGAGGACGACTTAAGGG,11,5205882
yqjE_yqjK_yqjD_yqjC_predicted,1.75,42,15,TACCATTACGCCTCACAAAT,27,5200681
yqjE_yqjK_yqjD_yqjC_predicted,0.125,16,15,TACCACGTGACTCTAAGGTG,1,5225391
yqjE_yqjK_yqjD_yqjC_predicted,0.375,20,15,TACATACAGGTTACGCGAAG,5,5223089
yqjE_yqjK_yqjD_yqjC_predicted,0.375,20,15,TACAGAGGGCCAGGATGTAG,5,5237218
yqjE_yqjK_yqjD_yqjC_predicted,0.125,16,15,TACACCAGTGAATTGACACG,1,5199994
yqjE_yqjK_yqjD_yqjC_predicted,0.3125,19,15,TAATGTTTTATTAATTCGAT,4,5224625
yqjE_yqjK_yqjD_yqjC_predicted,0.5,22,15,TAAGGCCCCAGCTCAGGCGG,7,5251179
yqjE_yqjK_yqjD_yqjC_predicted,1.125,32,15,TAAGAAGCAGGACGGTATTC,17,5235824
yqjE_yqjK_yqjD_yqjC_predicted,1.625,40,15,GTTTTGGTTACGTTCGTGGT,25,5187350
yqjE_yqjK_yqjD_yqjC_predicted,0.25,18,15,GTTTCGTCATCTAAGTCGGC,3,5188016
yqjE_yqjK_yqjD_yqjC_predicted,1.625,40,15,GTTATATGGATACATGATTT,25,5231891
yqjE_yqjK_yqjD_yqjC_predicted,0.25,18,15,GTGTCTAAGCAGACAAAGAA,3,5239864
yqjE_yqjK_yqjD_yqjC_predicted,1.0625,31,15,GTGGTTTATACTTTATCGGC,16,5224169
yqjE_yqjK_yqjD_yqjC_predicted,1.5625,39,15,GTGGTGTGAACTATTTGGAA,24,5187011
yqjE_yqjK_yqjD_yqjC_predicted,1.375,36,15,GTGAGTTCCTCTTGATTGGA,21,5171362
yqjE_yqjK_yqjD_yqjC_predicted,0.375,20,15,GTCTATGGATTGTCCAGCTG,5,5181000
yqjE_yqjK_yqjD_yqjC_predicted,0.125,16,15,GTCCTACATTACGGCTTCCA,1,5252377
yqjE_yqjK_yqjD_yqjC_predicted,1.0,30,15,GTCAGGCAAGCTACCTTGGA,15,5260117
yqjE_yqjK_yqjD_yqjC_predicted,0.25,18,15,GTAGTATCCTTAGTTCTTCC,3,5217830
yqjE_yqjK_yqjD_yqjC_predicted,0.4375,21,15,GTAGCAACAGGCTGGGTAGC,6,5246155
yqjE_yqjK_yqjD_yqjC_predicted,0.125,16,15,GTACTAAAAACCACTACTTC,1,5257040
yqjE_yqjK_yqjD_yqjC_predicted,1.9375,45,15,GGTCCTACGAACAACATCAA,30,5219788
yqjE_yqjK_yqjD_yqjC_predicted,1.25,34,15,GGTCCGGGCCTGGTGATCGT,19,5179988
yqjE_yqjK_yqjD_yqjC_predicted,0.625,24,15,GGTAGATATGCACTGGTATC,9,5180327
yqjE_yqjK_yqjD_yqjC_predicted,0.875,28,15,GGTACGTGGGTTCCATGTAT,13,5200120
yqjE_yqjK_yqjD_yqjC_predicted,0.4375,21,15,GGGTCGTCGGGATTGTAGAT,6,5187847
yqjE_yqjK_yqjD_yqjC_predicted,1.0625,31,15,GGGGCAATTTATTAGGGACT,16,5226742
yqjE_yqjK_yqjD_yqjC_predicted,0.4375,21,15,GGGCAATTGGTCGGCTGCGA,6,5212948
yqjE_yqjK_yqjD_yqjC_predicted,0.375,20,15,GGGATTTTACGGTTCAGATG,5,5232563
yqjE_yqjK_yqjD_yqjC_predicted,1.0,30,15,GGGAGCGAGCGCTTTTTAAC,15,5198252
yqjE_yqjK_yqjD_yqjC_predicted,0.125,16,15,GGCCTTAGGATAATCGCATA,1,5199406
yqjE_yqjK_yqjD_yqjC_predicted,0.9375,29,15,GGCCCACATCGTGCGAAGGA,14,5212589
yqjE_yqjK_yqjD_yqjC_predicted,0.375,20,15,GGATGTATTTACCCACCACG,5,5254914
yqjE_yqjK_yqjD_yqjC_predicted,0.5,22,15,GGATCTAAATTTACCTCTAA,7,5208363
yqjE_yqjK_yqjD_yqjC_predicted,0.5,22,15,GGATAAGCGACAGGCCTTGT,7,5203169
yqjE_yqjK_yqjD_yqjC_predicted,1.25,34,15,GGAATGTACCCATATGGGCA,19,5233919
yqjE_yqjK_yqjD_yqjC_predicted,0.4375,21,15,GGAAACTGACGTCGCTATCA,6,5251284
yqjE_yqjK_yqjD_yqjC_predicted,0.75,26,15,GCTTGTAGGTAATCCCCGGG,11,5193329
yqjE_yqjK_yqjD_yqjC_predicted,1.1875,33,15,GCTGCTTGGAGTATGCGGAT,18,5171589
yqjE_yqjK_yqjD_yqjC_predicted,1.0,30,15,GCTCTGGATGCGAGCGCTCA,15,5172193
yqjE_yqjK_yqjD_yqjC_predicted,1.5,38,15,GCTCGGGTCAACAAAGAAAT,23,5218394
yqjE_yqjK_yqjD_yqjC_predicted,0.625,24,15,GCGTCCCCCTAAAGGCGTCC,9,5212795
yqjE_yqjK_yqjD_yqjC_predicted,0.3125,19,15,GCGGTAATGCAGTGGAGATG,4,5198759
yqjE_yqjK_yqjD_yqjC_predicted,1.625,40,15,GCGCACTTAAAACGCGTCTA,25,5184807
yqjE_yqjK_yqjD_yqjC_predicted,0.125,16,15,GCCTACGCGGTAGTCGTTGC,1,5195566
yqjE_yqjK_yqjD_yqjC_predicted,1.25,34,15,GCCAAGTCAATTTTGAGTCC,19,5226277
yqjE_yqjK_yqjD_yqjC_predicted,1.1875,33,15,GCATGATCGGCCCATATCGC,18,5174851
yqjE_yqjK_yqjD_yqjC_predicted,1.125,32,15,GCAATATGAAGCGGTAGTCT,17,5181040
yqjE_yqjK_yqjD_yqjC_predicted,1.0,30,15,GCAAACCGCTTGATCGAGTA,15,5172952
yqjE_yqjK_yqjD_yqjC_predicted,2.0,46,15,GATTAGCGTTCTAATTTGCA,31,5189213
yqjE_yqjK_yqjD_yqjC_predicted,0.75,26,15,GATGTAGAATGCCTCTCCCC,11,5179861
yqjE_yqjK_yqjD_yqjC_predicted,0.9375,29,15,GATATCCGTTTCAAACAGTA,14,5225620
yqjE_yqjK_yqjD_yqjC_predicted,1.4375,37,15,GATACGCCGGTCATCCCCCA,22,5241625
yqjE_yqjK_yqjD_yqjC_predicted,0.1875,17,15,GAGTGCTGTGACCCTAGCCA,2,5185912
yqjE_yqjK_yqjD_yqjC_predicted,0.125,16,15,GAGGGTACACACGTAAGTGG,1,5182843
yqjE_yqjK_yqjD_yqjC_predicted,0.125,16,15,GAGGATGTGGGCCAAGCTTC,1,5173793
yqjE_yqjK_yqjD_yqjC_predicted,1.6875,41,15,GAGGAGCTTCAGTCGAGGCC,26,5225373
yqjE_yqjK_yqjD_yqjC_predicted,0.25,18,15,GAGCTGTATGCAAGACATCC,3,5173019
yqjE_yqjK_yqjD_yqjC_predicted,0.8125,27,15,GAGCGAGGCGGTGTCAGCCT,12,5215392
yqjE_yqjK_yqjD_yqjC_predicted,0.625,24,15,GACTTGGATCTGAAAAATTG,9,5260009
yqjE_yqjK_yqjD_yqjC_predicted,0.125,16,15,GACTTCAGCTTGGATAAACT,1,5226590
yqjE_yqjK_yqjD_yqjC_predicted,0.875,28,15,GACCTGCCCTGGGTGGACAC,13,5253627
yqjE_yqjK_yqjD_yqjC_predicted,0.125,16,15,GACCACAAGAATAAAAGAAC,1,5178240
yqjE_yqjK_yqjD_yqjC_predicted,0.8125,27,15,GACAGGTTTGGTCGAACGGT,12,5190777
yqjE_yqjK_yqjD_yqjC_predicted,0.125,16,15,GACAACCAGACCCGCCAGTT,1,5220906
yqjE_yqjK_yqjD_yqjC_predicted,0.125,16,15,GAACTCTACATTGGGGCAAT,1,5256830
yqjE_yqjK_yqjD_yqjC_predicted,0.8125,27,15,GAAAGTGCAGGTCATATTCT,12,5220960
yqjE_yqjK_yqjD_yqjC_predicted,0.3125,19,15,GAAACGCCGAGACCTTCAGA,4,5208409
yqjE_yqjK_yqjD_yqjC_predicted,2.0,46,15,CTTTAATCGACCCTGTTACT,31,5184192
yqjE_yqjK_yqjD_yqjC_predicted,1.0,30,15,CTTGCCAGTTCCACATTCGT,15,5175320
yqjE_yqjK_yqjD_yqjC_predicted,0.4375,21,15,CTTCCACTAACCAGACGAGC,6,5242662
yqjE_yqjK_yqjD_yqjC_predicted,0.625,24,15,CTGTTCCCTAACAAGGCAAC,9,5248187
yqjE_yqjK_yqjD_yqjC_predicted,1.25,34,15,CTGTCGTAATGTTCGGACGT,19,5202733
yqjE_yqjK_yqjD_yqjC_predicted,3.1875,65,15,CTGTCCGGGTTTGGGCCTGC,50,5211871
yqjE_yqjK_yqjD_yqjC_predicted,0.625,24,15,CTGGTCCGTACCGGTGGGCT,9,5216492
yqjE_yqjK_yqjD_yqjC_predicted,1.4375,37,15,CTGGAATTGAGATACATTGA,22,5254504
yqjE_yqjK_yqjD_yqjC_predicted,0.125,16,15,CTGGAAGCGTACCTAGCGGC,1,5244801
yqjE_yqjK_yqjD_yqjC_predicted,0.75,26,15,CTGCGCTTTTCGCGTGGCAA,11,5192157
yqjE_yqjK_yqjD_yqjC_predicted,2.0,46,15,CTGCCGCTTATGTTGAAGAA,31,5204956
yqjE_yqjK_yqjD_yqjC_predicted,0.75,26,15,CTGAAGTAAATCTCCAGGAG,11,5189808
yqjE_yqjK_yqjD_yqjC_predicted,0.625,24,15,CTGAACCACGGCAGGATAGT,9,5197492
yqjE_yqjK_yqjD_yqjC_predicted,0.25,18,15,CTCTTTTTTCTTACAACGTC,3,5217154
yqjE_yqjK_yqjD_yqjC_predicted,1.625,40,15,CTCTGCTTCCTGACATGTCA,25,5203353
yqjE_yqjK_yqjD_yqjC_predicted,0.3125,19,15,CTCTCGAAGCGTGATGCACA,4,5223003
yqjE_yqjK_yqjD_yqjC_predicted,1.875,44,15,CTCGTACGAGTAAGCCAAGA,29,5235020
yqjE_yqjK_yqjD_yqjC_predicted,0.8125,27,15,CTCGAAATAGTGCCTATTTG,12,5184941
yqjE_yqjK_yqjD_yqjC_predicted,2.75,58,15,CTATTGAGCACAAGAGAAAG,43,5218032
yqjE_yqjK_yqjD_yqjC_predicted,2.875,60,15,CTATGCTGTCGCAGAGACTG,45,5211209
yqjE_yqjK_yqjD_yqjC_predicted,0.3125,19,15,CTATCGGGTAATAAAAGGGA,4,5191343
yqjE_yqjK_yqjD_yqjC_predicted,1.5,38,15,CTATAACGTGCCTACGGCCC,23,5209531
yqjE_yqjK_yqjD_yqjC_predicted,0.3125,19,15,CTACGTGTGCTCTCCGCTCA,4,5203202
yqjE_yqjK_yqjD_yqjC_predicted,0.5,22,15,CTACCATCCGCATTTTCTGA,7,5203542
yqjE_yqjK_yqjD_yqjC_predicted,1.375,36,15,CTAACTAGCGCTAAACGCCT,21,5244938
yqjE_yqjK_yqjD_yqjC_predicted,0.875,28,15,CGTTAGGAGCTTCTTCAACG,13,5189825
yqjE_yqjK_yqjD_yqjC_predicted,0.5625,23,15,CGTGTTTCAGGTTTCAGGTG,8,5181785
yqjE_yqjK_yqjD_yqjC_predicted,0.125,16,15,CGTAGTCTTGCACGGAAGAA,1,5204162
yqjE_yqjK_yqjD_yqjC_predicted,0.125,16,15,CGGTTCATTTACGGGTTCTA,1,5220116
yqjE_yqjK_yqjD_yqjC_predicted,0.75,26,15,CGGTTCAATACCCCGTTGGG,11,5248183
yqjE_yqjK_yqjD_yqjC_predicted,3.0,62,15,CGGTGCATTTCTGGTACGAA,47,5187934
yqjE_yqjK_yqjD_yqjC_predicted,1.0625,31,15,CGGGTTTGGTCTACCGCGAC,16,5173673
yqjE_yqjK_yqjD_yqjC_predicted,1.8125,43,15,CGGGTCTACACTCGAACGCC,28,5247574
yqjE_yqjK_yqjD_yqjC_predicted,1.5,38,15,CGGGGGATGAGTAAGGACTA,23,5197801
yqjE_yqjK_yqjD_yqjC_predicted,0.125,16,15,CGGCCAGAGTTGCATGACTT,1,5237916
yqjE_yqjK_yqjD_yqjC_predicted,0.125,16,15,CGGCAGTTGATAACATAACG,1,5207956
yqjE_yqjK_yqjD_yqjC_predicted,0.1875,17,15,CGGCACTGACGCGGTTGGCT,2,5215445
yqjE_yqjK_yqjD_yqjC_predicted,0.125,16,15,CGCTTAACGACACTAGAGGT,1,5237943
yqjE_yqjK_yqjD_yqjC_predicted,0.125,16,15,CGCCGAAATCAATCAGGACC,1,5175944
yqjE_yqjK_yqjD_yqjC_predicted,0.625,24,15,CGATTCTGAAGAATTACTTT,9,5212461
yqjE_yqjK_yqjD_yqjC_predicted,1.0625,31,15,CGAGGGGCACACATACCCTG,16,5254540
yqjE_yqjK_yqjD_yqjC_predicted,0.625,24,15,CGACTCCCGCGGCACCAAGA,9,5196715
yqjE_yqjK_yqjD_yqjC_predicted,0.75,26,15,CGACCGCCACATATTTGTGA,11,5181337
yqjE_yqjK_yqjD_yqjC_predicted,0.3125,19,15,CGACATAAATACCGGGATTT,4,5258176
yqjE_yqjK_yqjD_yqjC_predicted,0.25,18,15,CGAACTAGCTAGCATAGATG,3,5193105
yqjE_yqjK_yqjD_yqjC_predicted,0.75,26,15,CGAACCAGCACGACCTCGTC,11,5244140
yqjE_yqjK_yqjD_yqjC_predicted,1.9375,45,15,CGAAAGTACGCGAGTCGCTA,30,5183875
yqjE_yqjK_yqjD_yqjC_predicted,2.5,54,15,CCTTTTTCCGTCGTCCCTAG,39,5210455
yqjE_yqjK_yqjD_yqjC_predicted,2.0,46,15,CCTTTGTCCTGATAGCGATC,31,5200767
yqjE_yqjK_yqjD_yqjC_predicted,1.0,30,15,CCTGTGGCGGTGTACGCTGT,15,5239228
yqjE_yqjK_yqjD_yqjC_predicted,5.875,108,15,CCTGCATTTGATACGCTGGA,93,5198573
yqjE_yqjK_yqjD_yqjC_predicted,0.375,20,15,CCTCTGTCACATCCGGATAT,5,5198340
yqjE_yqjK_yqjD_yqjC_predicted,0.4375,21,15,CCTCTGCAGATGCGTCGTCC,6,5216666
yqjE_yqjK_yqjD_yqjC_predicted,0.4375,21,15,CCTCGTATAGACGGAGCCCC,6,5201792
yqjE_yqjK_yqjD_yqjC_predicted,0.75,26,15,CCTCGTACCTTTCCGTGAAT,11,5251205
yqjE_yqjK_yqjD_yqjC_predicted,0.1875,17,15,CCTATGTTAGTTAAAGACTT,2,5248010
yqjE_yqjK_yqjD_yqjC_predicted,0.125,16,15,CCGTGCCGCGATTCGGCATG,1,5189976
yqjE_yqjK_yqjD_yqjC_predicted,1.0,30,15,CCGGTTTGGGACCATGCCTA,15,5185844
yqjE_yqjK_yqjD_yqjC_predicted,0.25,18,15,CCGGTCTGTGGACTAGGTTA,3,5197722
yqjE_yqjK_yqjD_yqjC_predicted,0.4375,21,15,CCGGACTTATTTTTAGCGTC,6,5234440
yqjE_yqjK_yqjD_yqjC_predicted,0.5625,23,15,CCGCCAGACCACGGCCTAAT,8,5176567
yqjE_yqjK_yqjD_yqjC_predicted,0.4375,21,15,CCGATCCTACTTCGTGTATG,6,5179898
yqjE_yqjK_yqjD_yqjC_predicted,1.0625,31,15,CCGAGTTGCGCAAATTTATA,16,5188088
yqjE_yqjK_yqjD_yqjC_predicted,1.125,32,15,CCGAGGGTCTCCGACCTTTT,17,5248633
yqjE_yqjK_yqjD_yqjC_predicted,1.0,30,15,CCGAGCGGGTTTCTCTGAGA,15,5208039
yqjE_yqjK_yqjD_yqjC_predicted,1.1875,33,15,CCGAGAACGTTTACCCCACT,18,5197212
yqjE_yqjK_yqjD_yqjC_predicted,0.125,16,15,CCCCGCCGTCCCGTAATGAA,1,5213449
yqjE_yqjK_yqjD_yqjC_predicted,1.4375,37,15,CCCATGCAACGTCGGAGAAT,22,5215819
yqjE_yqjK_yqjD_yqjC_predicted,0.875,28,15,CCATGGTGCCATCTGCCGTT,13,5182503
yqjE_yqjK_yqjD_yqjC_predicted,0.9375,29,15,CCAGGTTAAGGGAGAGACCA,14,5224519
yqjE_yqjK_yqjD_yqjC_predicted,0.4375,21,15,CCAGGATTTTGTAAGGCAAA,6,5252757
yqjE_yqjK_yqjD_yqjC_predicted,0.4375,21,15,CCAGCGGTAAGCATATTAGC,6,5186784
yqjE_yqjK_yqjD_yqjC_predicted,0.5625,23,15,CCACCGTTTGCGCCTACATC,8,5198393
yqjE_yqjK_yqjD_yqjC_predicted,0.875,28,15,CCAATCACTAGATTCACTTA,13,5226066
yqjE_yqjK_yqjD_yqjC_predicted,0.125,16,15,CCAAACTCGGGTACGTAGTA,1,5254368
yqjE_yqjK_yqjD_yqjC_predicted,1.3125,35,15,CATTTTGGGCTTGCGGACGT,20,5239730
yqjE_yqjK_yqjD_yqjC_predicted,0.1875,17,15,CATCGGGTCCGGTGGATCAA,2,5210704
yqjE_yqjK_yqjD_yqjC_predicted,0.9375,29,15,CATCCGTTCTGAGGAGTTCG,14,5213019
yqjE_yqjK_yqjD_yqjC_predicted,1.0625,31,15,CATACGAAGGAGAACCGAAT,16,5225365
yqjE_yqjK_yqjD_yqjC_predicted,1.375,36,15,CAGTGGTCGCACGGGTCAAT,21,5221273
yqjE_yqjK_yqjD_yqjC_predicted,0.4375,21,15,CAGTACCTTGTTGGTACGGC,6,5219168
yqjE_yqjK_yqjD_yqjC_predicted,0.3125,19,15,CAGGACTTTACCGCACAGTA,4,5181181
yqjE_yqjK_yqjD_yqjC_predicted,1.5,38,15,CAGCTCGGAATGACGGGTGA,23,5237253
yqjE_yqjK_yqjD_yqjC_predicted,1.8125,43,15,CAGAGCGTGTGTCTACACGT,28,5227404
yqjE_yqjK_yqjD_yqjC_predicted,3.375,68,15,CAGAGAAAGGATATAGTTGA,53,5227427
yqjE_yqjK_yqjD_yqjC_predicted,0.375,20,15,CACTTACGTGTTAATAACCA,5,5183659
yqjE_yqjK_yqjD_yqjC_predicted,0.5,22,15,CACCTTAATCAGCGCATTTC,7,5193401
yqjE_yqjK_yqjD_yqjC_predicted,2.5625,55,15,CACCTAACGTAACAAAGTTT,40,5199365
yqjE_yqjK_yqjD_yqjC_predicted,0.3125,19,15,CAATGGATGCCAAGTAGATC,4,5189003
yqjE_yqjK_yqjD_yqjC_predicted,0.4375,21,15,CAAGTAAAGCTCTCTGGAAG,6,5204345
yqjE_yqjK_yqjD_yqjC_predicted,0.1875,17,15,CAAGGTTCAGGTACTGACAC,2,5211393
yqjE_yqjK_yqjD_yqjC_predicted,1.0625,31,15,CAAGCTGTCCACTAATTCGA,16,5262685
yqjE_yqjK_yqjD_yqjC_predicted,0.625,24,15,CAAGCCCCAGGAGCTGACAA,9,5226398
yqjE_yqjK_yqjD_yqjC_predicted,0.3125,19,15,CAACCGGGGGACGCTCATTT,4,5225724
yqjE_yqjK_yqjD_yqjC_predicted,0.4375,21,15,CAACATGAAGCCCGATCGAC,6,5192473
yqjE_yqjK_yqjD_yqjC_predicted,0.5625,23,15,CAACAGATTCGGCACGTAAA,8,5198688
yqjE_yqjK_yqjD_yqjC_predicted,0.1875,17,15,CAACACCGGTAGGGAGCAGG,2,5215719
yqjE_yqjK_yqjD_yqjC_predicted,0.1875,17,15,CAAAGGTGATACCCCCCCTA,2,5199774
yqjE_yqjK_yqjD_yqjC_predicted,0.875,28,15,ATTTTCTTTCGGGCGGGAGG,13,5231624
yqjE_yqjK_yqjD_yqjC_predicted,0.5,22,15,ATTTTAGCTTCAAAGGGCAA,7,5262259
yqjE_yqjK_yqjD_yqjC_predicted,0.875,28,15,ATTTGCTCACAAAAAGCATG,13,5248943
yqjE_yqjK_yqjD_yqjC_predicted,2.1875,49,15,ATTCACAGCGTCCGGCTCTC,34,5183682
yqjE_yqjK_yqjD_yqjC_predicted,1.4375,37,15,ATTAGTACGTTAGGTACAAT,22,5247391
yqjE_yqjK_yqjD_yqjC_predicted,0.625,24,15,ATTACTTTTATTCACTCTTA,9,5249702
yqjE_yqjK_yqjD_yqjC_predicted,0.375,20,15,ATGGTAGAGTGTACGGTGGG,5,5233159
yqjE_yqjK_yqjD_yqjC_predicted,1.25,34,15,ATGACTCGGTGGAGTATCTT,19,5179857
yqjE_yqjK_yqjD_yqjC_predicted,1.25,34,15,ATGAACTTATTTAGAGGCTC,19,5225879
yqjE_yqjK_yqjD_yqjC_predicted,1.0,30,15,ATCTGGTGTTCACTCGTTAT,15,5234533
yqjE_yqjK_yqjD_yqjC_predicted,0.6875,25,15,ATCCCGAAGGTAACAATCAG,10,5173413
yqjE_yqjK_yqjD_yqjC_predicted,0.6875,25,15,ATCAGTGCTTCTCGGGGCGA,10,5220575
yqjE_yqjK_yqjD_yqjC_predicted,0.625,24,15,ATATGTGCAAACGTTTTCGG,9,5241428
yqjE_yqjK_yqjD_yqjC_predicted,0.9375,29,15,ATAGAGGCGTCAACTACGGG,14,5212939
yqjE_yqjK_yqjD_yqjC_predicted,0.875,28,15,ATAAGGCGATTACTTGGGGA,13,5239003
yqjE_yqjK_yqjD_yqjC_predicted,1.6875,41,15,AGTTGGCTTGGCATATCACT,26,5247808
yqjE_yqjK_yqjD_yqjC_predicted,1.8125,43,15,AGTTCTGGGTTCTTATTCTG,28,5183699
yqjE_yqjK_yqjD_yqjC_predicted,0.3125,19,15,AGTCAGAAATAATCCAGTCA,4,5226061
yqjE_yqjK_yqjD_yqjC_predicted,1.3125,35,15,AGTACCCAAATAAATTATGG,20,5197350
yqjE_yqjK_yqjD_yqjC_predicted,1.25,34,15,AGTAATACCACGCCCCAACA,19,5242944
yqjE_yqjK_yqjD_yqjC_predicted,0.125,16,15,AGTAAAGCTCAGGACCCGAC,1,5179692
yqjE_yqjK_yqjD_yqjC_predicted,1.1875,33,15,AGTAAAAGAAGCATAGCGGG,18,5197623
yqjE_yqjK_yqjD_yqjC_predicted,1.4375,37,15,AGGTCGCCCCAAGAAGCTCC,22,5240094
yqjE_yqjK_yqjD_yqjC_predicted,13.1875,225,15,AGGTCGATAGTGCCTAACCA,210,5190901
yqjE_yqjK_yqjD_yqjC_predicted,0.5,22,15,AGGGGTGAGGGGGAGTTCCT,7,5229562
yqjE_yqjK_yqjD_yqjC_predicted,0.9375,29,15,AGGAGTCTCCGAGCTCACTG,14,5219030
yqjE_yqjK_yqjD_yqjC_predicted,0.125,16,15,AGCTGCCGTACACAAAGCAG,1,5216244
yqjE_yqjK_yqjD_yqjC_predicted,2.5625,55,15,AGCTCGTCGTGTGTGGGGAC,40,5260756
yqjE_yqjK_yqjD_yqjC_predicted,0.875,28,15,AGCTCCGGACGCTGTGATCA,13,5235979
yqjE_yqjK_yqjD_yqjC_predicted,0.3125,19,15,AGCGTGTATCCGCATCGTTA,4,5232011
yqjE_yqjK_yqjD_yqjC_predicted,1.125,32,15,AGCGATGTGAGGGAGACACA,17,5228626
yqjE_yqjK_yqjD_yqjC_predicted,1.0625,31,15,AGCAGTAGAGCACGAATTAC,16,5222711
yqjE_yqjK_yqjD_yqjC_predicted,0.1875,17,15,AGCAACTCTCGAGCGATTTG,2,5191785
yqjE_yqjK_yqjD_yqjC_predicted,0.4375,21,15,AGAGATGTGAGCGTGGTTAG,6,5215738
yqjE_yqjK_yqjD_yqjC_predicted,0.8125,27,15,AGACCCGTGAGCGCGCAGGA,12,5240821
yqjE_yqjK_yqjD_yqjC_predicted,1.1875,33,15,AGACAAGCTTTTGTATTTCG,18,5184932
yqjE_yqjK_yqjD_yqjC_predicted,1.5625,39,15,ACTTTACCACATTGGCGACT,24,5186911
yqjE_yqjK_yqjD_yqjC_predicted,0.75,26,15,ACTTAAATTCATATCTGTCA,11,5189460
yqjE_yqjK_yqjD_yqjC_predicted,0.625,24,15,ACTGGGGGCGAGATGTATGT,9,5230007
yqjE_yqjK_yqjD_yqjC_predicted,1.625,40,15,ACTCTCGACTCGACTAGCCT,25,5243973
yqjE_yqjK_yqjD_yqjC_predicted,2.375,52,15,ACTATTTCCGCCCTGAGACT,37,5220182
yqjE_yqjK_yqjD_yqjC_predicted,1.0,30,15,ACTATGCGAACGTAGTATAT,15,5226880
yqjE_yqjK_yqjD_yqjC_predicted,0.125,16,15,ACTACGGGAGACGAAACTCA,1,5244810
yqjE_yqjK_yqjD_yqjC_predicted,1.3125,35,15,ACGGTCTTCTTGCGTTTTCC,20,5183059
yqjE_yqjK_yqjD_yqjC_predicted,0.25,18,15,ACGGTCGAGGAAATCGTGGA,3,5196591
yqjE_yqjK_yqjD_yqjC_predicted,0.125,16,15,ACGCGAAATTCTGAATAGGA,1,5217651
yqjE_yqjK_yqjD_yqjC_predicted,2.0,46,15,ACCTGGATAGATGGTTTTAT,31,5174797
yqjE_yqjK_yqjD_yqjC_predicted,0.6875,25,15,ACCTAACACTGCCCGCTCAC,10,5185176
yqjE_yqjK_yqjD_yqjC_predicted,0.75,26,15,ACCGGATAAAGCACTCCACT,11,5185304
yqjE_yqjK_yqjD_yqjC_predicted,1.1875,33,15,ACCGAAAAGTCAGAAAAACT,18,5228493
yqjE_yqjK_yqjD_yqjC_predicted,2.0625,47,15,ACCCAGTTCATGTGTACTCC,32,5210818
yqjE_yqjK_yqjD_yqjC_predicted,0.4375,21,15,ACCAAACGGTTTTTACCAGA,6,5236816
yqjE_yqjK_yqjD_yqjC_predicted,0.125,16,15,ACACGCTCTTGCTGTCGTAG,1,5252286
yqjE_yqjK_yqjD_yqjC_predicted,1.0,30,15,ACACGCGGCATCGTTTCTTC,15,5208822
yqjE_yqjK_yqjD_yqjC_predicted,0.875,28,15,ACACATAGTGCTGTATGACT,13,5191516
yqjE_yqjK_yqjD_yqjC_predicted,0.125,16,15,ACACAGCGCAATCTTAGTAA,1,5216287
yqjE_yqjK_yqjD_yqjC_predicted,2.4375,53,15,AATTGTGGGGCACAATGCGC,38,5214644
yqjE_yqjK_yqjD_yqjC_predicted,0.3125,19,15,AATGTAGGAATATTTGGCCA,4,5216594
yqjE_yqjK_yqjD_yqjC_predicted,0.625,24,15,AATGTAGAATTTAGCGAGCA,9,5256526
yqjE_yqjK_yqjD_yqjC_predicted,1.0625,31,15,AATGTACCACCTGGTGAACA,16,5185397
yqjE_yqjK_yqjD_yqjC_predicted,1.375,36,15,AATGTAAAAGGGAAAACTGA,21,5214863
yqjE_yqjK_yqjD_yqjC_predicted,0.125,16,15,AATGGGAACATGGGACAGGG,1,5235568
yqjE_yqjK_yqjD_yqjC_predicted,1.125,32,15,AATGAGGGAAGATCTAAATG,17,5195684
yqjE_yqjK_yqjD_yqjC_predicted,1.625,40,15,AATCTTACCTAGCTAGCGAG,25,5179441
yqjE_yqjK_yqjD_yqjC_predicted,1.9375,45,15,AATCTCTACGTCCTGAAGGT,30,5258051
yqjE_yqjK_yqjD_yqjC_predicted,2.25,50,15,AATCCCTGTCGCTATCACCC,35,5240774
yqjE_yqjK_yqjD_yqjC_predicted,1.9375,45,15,AATCCAACGCTGGGAGGCCC,30,5202281
yqjE_yqjK_yqjD_yqjC_predicted,1.75,42,15,AATCAACTCGCTGTTAGCTG,27,5262006
yqjE_yqjK_yqjD_yqjC_predicted,0.25,18,15,AAGTTGGGTAGCAAGTGTGT,3,5172232
yqjE_yqjK_yqjD_yqjC_predicted,2.0625,47,15,AAGTGTCAGCAGTCAGTCTT,32,5206185
yqjE_yqjK_yqjD_yqjC_predicted,0.5,22,15,AAGGCGCCTATCAACAGATA,7,5227865
yqjE_yqjK_yqjD_yqjC_predicted,1.375,36,15,AAGAATTGTGACCATGGGAC,21,5242288
yqjE_yqjK_yqjD_yqjC_predicted,1.1875,33,15,AACTTGTAGTGACATTACAC,18,5215757
yqjE_yqjK_yqjD_yqjC_predicted,0.1875,17,15,AACTAGAATTGCATTATGAA,2,5177638
yqjE_yqjK_yqjD_yqjC_predicted,0.75,26,15,AACGGAATGACCACATGCGG,11,5234355
yqjE_yqjK_yqjD_yqjC_predicted,1.0,30,15,AACGCGCTATCCCCAAGCAA,15,5215954
yqjE_yqjK_yqjD_yqjC_predicted,0.9375,29,15,AACCTCTGGTCCATGTCAGT,14,5182160
yqjE_yqjK_yqjD_yqjC_predicted,0.4375,21,15,AACCTATCTCCGTAACGTTG,6,5207509
yqjE_yqjK_yqjD_yqjC_predicted,0.9375,29,15,AACAGACACTGTTAGCGCAT,14,5184064
yqjE_yqjK_yqjD_yqjC_predicted,0.1875,17,15,AACACGAGACAGAAGCTTCT,2,5240007
yqjE_yqjK_yqjD_yqjC_predicted,0.6875,25,15,AAATTAAACGTGCGACCAAT,10,5215043
yqjE_yqjK_yqjD_yqjC_predicted,1.4375,37,15,AAAGTTCACCCGGGTTCCTT,22,5211276
yqjE_yqjK_yqjD_yqjC_predicted,1.125,32,15,AAAGGTAATCAATGTGGTTG,17,5217177
yqjE_yqjK_yqjD_yqjC_predicted,0.75,26,15,AAAGCCCTTCTATGCGTTAC,11,5198940
yqjE_yqjK_yqjD_yqjC_predicted,0.5625,23,15,AAACTCGGCATAACAGGTCA,8,5177862
yqjE_yqjK_yqjD_yqjC_predicted,0.5625,23,15,AAACAGTCCATTGCACCTCC,8,5242366
yqjE_yqjK_yqjD_yqjC_predicted,0.26666666666666666,17,14,TTTTCTCTCGGGGATGTCAT,3,5217355
yqjE_yqjK_yqjD_yqjC_predicted,0.6,22,14,TTTGCCTTTTATGACAACGG,8,5173660
yqjE_yqjK_yqjD_yqjC_predicted,1.8666666666666667,41,14,TTTATGGCGTTACATAGGTA,27,5237144
yqjE_yqjK_yqjD_yqjC_predicted,2.933333333333333,57,14,TTTATAGATATTTATAAGTT,43,5180428
yqjE_yqjK_yqjD_yqjC_predicted,0.8666666666666667,26,14,TTGTCCCAACGTATGCATGT,12,5233566
yqjE_yqjK_yqjD_yqjC_predicted,1.0,28,14,TTGGGTCCGGAAACTTCTGG,14,5221416
yqjE_yqjK_yqjD_yqjC_predicted,0.8,25,14,TTGGGTCACCCATGTCCAGG,11,5184568
yqjE_yqjK_yqjD_yqjC_predicted,0.2,16,14,TTGGGGCGCGCAACGATTGG,2,5224711
yqjE_yqjK_yqjD_yqjC_predicted,0.2,16,14,TTGGCACGAGACACGCTCTA,2,5228624
yqjE_yqjK_yqjD_yqjC_predicted,0.5333333333333333,21,14,TTGCGTTTGATTTGGAAGCA,7,5247736
yqjE_yqjK_yqjD_yqjC_predicted,0.13333333333333333,15,14,TTGCCACGGCCTGGCCAAGT,1,5206663
yqjE_yqjK_yqjD_yqjC_predicted,1.1333333333333333,30,14,TTGAGACTAAATGGTTAGTA,16,5242923
yqjE_yqjK_yqjD_yqjC_predicted,1.0,28,14,TTCTGGACTGGTCTTTGGAT,14,5225407
yqjE_yqjK_yqjD_yqjC_predicted,0.4,19,14,TTCTGCGAATTACCAAGCCT,5,5194938
yqjE_yqjK_yqjD_yqjC_predicted,2.0,43,14,TTCGGTTGCAAAGAGGCACA,29,5178762
yqjE_yqjK_yqjD_yqjC_predicted,1.3333333333333333,33,14,TTCCTGTGTAACTACACACT,19,5176708
yqjE_yqjK_yqjD_yqjC_predicted,0.13333333333333333,15,14,TTCAGTAAGCCGCGCCGACA,1,5228387
yqjE_yqjK_yqjD_yqjC_predicted,0.8,25,14,TTAGCGGGCGGAATGCCGCG,11,5244892
yqjE_yqjK_yqjD_yqjC_predicted,0.9333333333333333,27,14,TTACCGGAAAAGTGGAATGA,13,5180845
yqjE_yqjK_yqjD_yqjC_predicted,1.5333333333333334,36,14,TTAACAGCGATGGGCCTAAA,22,5205363
yqjE_yqjK_yqjD_yqjC_predicted,0.3333333333333333,18,14,TGTTTAGACGCGGTATTTCA,4,5209644
yqjE_yqjK_yqjD_yqjC_predicted,1.4,34,14,TGTATTCCCCGGCAGGGCAT,20,5204113
yqjE_yqjK_yqjD_yqjC_predicted,2.933333333333333,57,14,TGTACGGCGGCGATCGCGCT,43,5220708
yqjE_yqjK_yqjD_yqjC_predicted,1.2666666666666666,32,14,TGGTGCAGCTTTATGGCTTG,18,5186984
yqjE_yqjK_yqjD_yqjC_predicted,0.26666666666666666,17,14,TGGTACCAAGTGGTGCGTGT,3,5199067
yqjE_yqjK_yqjD_yqjC_predicted,0.6666666666666666,23,14,TGGGTTTTGGATCTTCAGAT,9,5223694
yqjE_yqjK_yqjD_yqjC_predicted,1.4,34,14,TGGGCCCAATTATCCAGTGG,20,5259032
yqjE_yqjK_yqjD_yqjC_predicted,1.1333333333333333,30,14,TGGCGGAACACGCCGAGAGA,16,5216532
yqjE_yqjK_yqjD_yqjC_predicted,0.2,16,14,TGGACGTTTGATGTTGCTCC,2,5184640
yqjE_yqjK_yqjD_yqjC_predicted,0.7333333333333333,24,14,TGCTCAGGCCCGAAGCCTTT,10,5206995
yqjE_yqjK_yqjD_yqjC_predicted,0.13333333333333333,15,14,TGCCTTACCTAATATGTCTC,1,5212473
yqjE_yqjK_yqjD_yqjC_predicted,0.8666666666666667,26,14,TGCATCGTTATGCCCGCATA,12,5235180
yqjE_yqjK_yqjD_yqjC_predicted,0.4666666666666667,20,14,TGCAGCCGTTGCTGGGGCAT,6,5208888
yqjE_yqjK_yqjD_yqjC_predicted,0.4,19,14,TGCACGCAATCCGGACATGG,5,5185466
yqjE_yqjK_yqjD_yqjC_predicted,0.3333333333333333,18,14,TGATTCCTATCGGGGTTGGA,4,5196700
yqjE_yqjK_yqjD_yqjC_predicted,0.13333333333333333,15,14,TGATCTCACGTACCTCAGGT,1,5254123
yqjE_yqjK_yqjD_yqjC_predicted,0.13333333333333333,15,14,TGAGTTTTAACATATAGCTC,1,5214016
yqjE_yqjK_yqjD_yqjC_predicted,0.4666666666666667,20,14,TGAGTCTCGCGGAAATCATT,6,5178767
yqjE_yqjK_yqjD_yqjC_predicted,0.7333333333333333,24,14,TGAGGTGGTCTCTAGGTACG,10,5180782
yqjE_yqjK_yqjD_yqjC_predicted,1.0,28,14,TGACTCCATAATGTAACCCA,14,5223358
yqjE_yqjK_yqjD_yqjC_predicted,0.7333333333333333,24,14,TCTTGTTTGGCAGCACAAAG,10,5245326
yqjE_yqjK_yqjD_yqjC_predicted,2.7333333333333334,54,14,TCTTAACTCCGAGTCACAAA,40,5216260
yqjE_yqjK_yqjD_yqjC_predicted,0.2,16,14,TCTCGGCGCTATAATGATTT,2,5245129
yqjE_yqjK_yqjD_yqjC_predicted,0.13333333333333333,15,14,TCTCCGGTATACAGATCTAT,1,5247326
yqjE_yqjK_yqjD_yqjC_predicted,0.3333333333333333,18,14,TCGTTGTAAACTGGGTTGAA,4,5234019
yqjE_yqjK_yqjD_yqjC_predicted,1.0,28,14,TCGTTATACTCGCTCATTGC,14,5252773
yqjE_yqjK_yqjD_yqjC_predicted,0.3333333333333333,18,14,TCGGTCAGTTGGGGGACAAC,4,5187202
yqjE_yqjK_yqjD_yqjC_predicted,0.9333333333333333,27,14,TCGGATCAGTAACTCTTGTG,13,5225555
yqjE_yqjK_yqjD_yqjC_predicted,1.0,28,14,TCGGACGTGTTGCGAGCTTG,14,5218736
yqjE_yqjK_yqjD_yqjC_predicted,1.2,31,14,TCGCTTCGAGGTAAAAATCT,17,5237886
yqjE_yqjK_yqjD_yqjC_predicted,1.2666666666666666,32,14,TCGATGAGCCCTCGCTTGGG,18,5205374
yqjE_yqjK_yqjD_yqjC_predicted,0.5333333333333333,21,14,TCGATAGTGCAAGAGCATAT,7,5208495
yqjE_yqjK_yqjD_yqjC_predicted,2.1333333333333333,45,14,TCGAGAGTGTGCCCGATTGC,31,5226825
yqjE_yqjK_yqjD_yqjC_predicted,0.8666666666666667,26,14,TCGACTGCCCAGCGCTAAAT,12,5247527
yqjE_yqjK_yqjD_yqjC_predicted,0.6,22,14,TCCGTCCTGCGGTCCTGATA,8,5175729
yqjE_yqjK_yqjD_yqjC_predicted,0.13333333333333333,15,14,TCCGCTGTACAGAAATCCTT,1,5232666
yqjE_yqjK_yqjD_yqjC_predicted,0.4,19,14,TCCGCCACGACCAACAGCGT,5,5238202
yqjE_yqjK_yqjD_yqjC_predicted,0.6,22,14,TCCCCTTTGGCGCCATCCAT,8,5195038
yqjE_yqjK_yqjD_yqjC_predicted,0.6666666666666666,23,14,TCCATAGATAGTAAGATCCG,9,5197491
yqjE_yqjK_yqjD_yqjC_predicted,2.466666666666667,50,14,TCCACTGCCGGCGCGGTAAT,36,5251064
yqjE_yqjK_yqjD_yqjC_predicted,0.26666666666666666,17,14,TCCACCCTGCAGTCACAGGG,3,5190467
yqjE_yqjK_yqjD_yqjC_predicted,0.8666666666666667,26,14,TCATATGATATAGTCAAACT,12,5177313
yqjE_yqjK_yqjD_yqjC_predicted,1.0,28,14,TCACCTTTCCGTAAGGGAAG,14,5197118
yqjE_yqjK_yqjD_yqjC_predicted,0.6,22,14,TCACATTCTGAGAGTATTCA,8,5226547
yqjE_yqjK_yqjD_yqjC_predicted,0.26666666666666666,17,14,TCACATACGCTCTCGGACGC,3,5195337
yqjE_yqjK_yqjD_yqjC_predicted,1.4,34,14,TATTCTATTTCTGACTCCGA,20,5178697
yqjE_yqjK_yqjD_yqjC_predicted,0.8,25,14,TATTAGGTCTACCCGAGCTC,11,5197384
yqjE_yqjK_yqjD_yqjC_predicted,0.13333333333333333,15,14,TATTAGCTTGGACGTCGGTC,1,5227430
yqjE_yqjK_yqjD_yqjC_predicted,2.7333333333333334,54,14,TATTAAATTGTCTCAACGGT,40,5232119
yqjE_yqjK_yqjD_yqjC_predicted,0.6,22,14,TATGGCAATACGTGGCGGAG,8,5175021
yqjE_yqjK_yqjD_yqjC_predicted,2.2,46,14,TATCTCCGGCTTGTTTAGCA,32,5184344
yqjE_yqjK_yqjD_yqjC_predicted,0.4,19,14,TATCCACAGAACCGGCATCG,5,5244434
yqjE_yqjK_yqjD_yqjC_predicted,0.4,19,14,TATATAGAAGCGCTCTTTTG,5,5201000
yqjE_yqjK_yqjD_yqjC_predicted,0.13333333333333333,15,14,TATAAGCCCTGCTTGTTACA,1,5236128
yqjE_yqjK_yqjD_yqjC_predicted,0.13333333333333333,15,14,TAGGCGTGCTCGTTTAAGTT,1,5233107
yqjE_yqjK_yqjD_yqjC_predicted,1.3333333333333333,33,14,TAGCCTCTTAGCGACTATGC,19,5257540
yqjE_yqjK_yqjD_yqjC_predicted,1.2,31,14,TAGATGCTCCCTAGAGGAGG,17,5219632
yqjE_yqjK_yqjD_yqjC_predicted,0.6666666666666666,23,14,TACTCTGTATCATAGGTCAT,9,5236256
yqjE_yqjK_yqjD_yqjC_predicted,1.0666666666666667,29,14,TACGGGAGGTCGTTCACGAG,15,5173404
yqjE_yqjK_yqjD_yqjC_predicted,0.3333333333333333,18,14,TACCAACGTGAGTGCACATG,4,5238535
yqjE_yqjK_yqjD_yqjC_predicted,2.3333333333333335,48,14,TACAGCCTGAGGTGGCAGAA,34,5235141
yqjE_yqjK_yqjD_yqjC_predicted,0.8666666666666667,26,14,TACACGCATGTGTATTTCCT,12,5218568
yqjE_yqjK_yqjD_yqjC_predicted,0.13333333333333333,15,14,TAATTCAAGGGGCGGGCTCA,1,5252144
yqjE_yqjK_yqjD_yqjC_predicted,0.13333333333333333,15,14,TAATGGATGTTAACGGAAAA,1,5173858
yqjE_yqjK_yqjD_yqjC_predicted,0.3333333333333333,18,14,TAAGTTTAGTCTATCTGCGC,4,5185821
yqjE_yqjK_yqjD_yqjC_predicted,0.2,16,14,TAACGCGTATGCGGGGATTC,2,5180372
yqjE_yqjK_yqjD_yqjC_predicted,1.5333333333333334,36,14,TAACCTTTACCTTCCCGGGT,22,5242097
yqjE_yqjK_yqjD_yqjC_predicted,1.0,28,14,TAACATTATCGGCTTCCTGT,14,5240107
yqjE_yqjK_yqjD_yqjC_predicted,0.13333333333333333,15,14,TAACAAGACTTGCTAATTTA,1,5253420
yqjE_yqjK_yqjD_yqjC_predicted,0.8,25,14,TAAACGTGATTTGAATACTT,11,5216663
yqjE_yqjK_yqjD_yqjC_predicted,0.26666666666666666,17,14,GTTTTTCAGTGCCAGACGCA,3,5240771
yqjE_yqjK_yqjD_yqjC_predicted,0.8666666666666667,26,14,GTTTTCGTGATGCTTTCCGA,12,5174080
yqjE_yqjK_yqjD_yqjC_predicted,2.2,46,14,GTTTGGTTGGGCACTGGAAC,32,5222897
yqjE_yqjK_yqjD_yqjC_predicted,0.5333333333333333,21,14,GTTGGACTGTAATGTATACT,7,5226948
yqjE_yqjK_yqjD_yqjC_predicted,1.2,31,14,GTTCTTCGGTTCTCCTATTT,17,5187840
yqjE_yqjK_yqjD_yqjC_predicted,1.3333333333333333,33,14,GTTCGAACAGTCATTGCTTT,19,5231795
yqjE_yqjK_yqjD_yqjC_predicted,0.6666666666666666,23,14,GTTAACTACAGCTTTAATGA,9,5248532
yqjE_yqjK_yqjD_yqjC_predicted,1.5333333333333334,36,14,GTGTTTTTAACAGGAGCCGG,22,5216650
yqjE_yqjK_yqjD_yqjC_predicted,1.0,28,14,GTGTACCAGCCCGTCTGGTC,14,5176544
yqjE_yqjK_yqjD_yqjC_predicted,0.4666666666666667,20,14,GTGGCCTCTCGCCAGCCCGA,6,5181025
yqjE_yqjK_yqjD_yqjC_predicted,0.5333333333333333,21,14,GTGGAGGATCTTTCTTCCGA,7,5214174
yqjE_yqjK_yqjD_yqjC_predicted,0.3333333333333333,18,14,GTGCGTCGTGACATCCTCAA,4,5184870
yqjE_yqjK_yqjD_yqjC_predicted,1.0666666666666667,29,14,GTGAGCTTTTAGACTAACAC,15,5175846
yqjE_yqjK_yqjD_yqjC_predicted,0.26666666666666666,17,14,GTCCAGAAGTAGCTAGGATA,3,5210180
yqjE_yqjK_yqjD_yqjC_predicted,1.6666666666666667,38,14,GTCAGCCGGTCCGAACGCCT,24,5237524
yqjE_yqjK_yqjD_yqjC_predicted,1.0666666666666667,29,14,GTAGGCTAGGCCCGGTTGCT,15,5253006
yqjE_yqjK_yqjD_yqjC_predicted,0.13333333333333333,15,14,GTACGTGTAGGCTGAGTCGC,1,5196087
yqjE_yqjK_yqjD_yqjC_predicted,2.0,43,14,GTAAGACACCATGCGTTATA,29,5209568
yqjE_yqjK_yqjD_yqjC_predicted,3.066666666666667,59,14,GTAACGCCTGAGAACGCGAT,45,5204681
yqjE_yqjK_yqjD_yqjC_predicted,1.7333333333333334,39,14,GGTTTATGGAGACCAACGTC,25,5215482
yqjE_yqjK_yqjD_yqjC_predicted,0.13333333333333333,15,14,GGTGGTAGAGGATTTGCATT,1,5230998
yqjE_yqjK_yqjD_yqjC_predicted,0.8,25,14,GGTCTAGGCGAAATGTCTGG,11,5205570
yqjE_yqjK_yqjD_yqjC_predicted,1.0,28,14,GGGTTTGCCCCGACGCGGCG,14,5175081
yqjE_yqjK_yqjD_yqjC_predicted,0.5333333333333333,21,14,GGGTCTCGGGGCTCATTAGT,7,5185182
yqjE_yqjK_yqjD_yqjC_predicted,2.6,52,14,GGGGCCGGACCTGCACGCGT,38,5216170
yqjE_yqjK_yqjD_yqjC_predicted,4.4,79,14,GGGGATTCTACTGGCCTGTA,65,5174802
yqjE_yqjK_yqjD_yqjC_predicted,2.8,55,14,GGGGAACGTGAGGATGGATT,41,5243166
yqjE_yqjK_yqjD_yqjC_predicted,0.6666666666666666,23,14,GGGGAACGGGCTCGAGGGCT,9,5189523
yqjE_yqjK_yqjD_yqjC_predicted,0.7333333333333333,24,14,GGGCGGACACTGGTTTCGGA,10,5178412
yqjE_yqjK_yqjD_yqjC_predicted,1.6666666666666667,38,14,GGGCATCATTCGGACCAGTC,24,5251098
yqjE_yqjK_yqjD_yqjC_predicted,1.0,28,14,GGGACATTTAGGCGGGGTGA,14,5211880
yqjE_yqjK_yqjD_yqjC_predicted,1.0666666666666667,29,14,GGCTTTGGGGATACTGCCAT,15,5262588
yqjE_yqjK_yqjD_yqjC_predicted,0.6666666666666666,23,14,GGCTTGGGTCGAGAAGGCTT,9,5224333
yqjE_yqjK_yqjD_yqjC_predicted,1.2,31,14,GGCTGGAGCGGGTGTTAGCA,17,5212818
yqjE_yqjK_yqjD_yqjC_predicted,2.066666666666667,44,14,GGCGTGATCTGGGTTTGTAA,30,5228883
yqjE_yqjK_yqjD_yqjC_predicted,0.8666666666666667,26,14,GGCCGGAGGCTACGCTGAAC,12,5191291
yqjE_yqjK_yqjD_yqjC_predicted,0.7333333333333333,24,14,GGCCAATGTAATAACCGCGT,10,5199371
yqjE_yqjK_yqjD_yqjC_predicted,0.3333333333333333,18,14,GGCAGATTGTGCAGGCATAT,4,5222761
yqjE_yqjK_yqjD_yqjC_predicted,0.2,16,14,GGATAGGTCGTATGGTTGTT,2,5187409
yqjE_yqjK_yqjD_yqjC_predicted,0.4666666666666667,20,14,GGAGATGGCAGAGCAAGCTT,6,5236904
yqjE_yqjK_yqjD_yqjC_predicted,0.26666666666666666,17,14,GGAGAGGCAGCTACGTAATA,3,5219551
yqjE_yqjK_yqjD_yqjC_predicted,0.13333333333333333,15,14,GGACGCTCACGGGTTATTTC,1,5234181
yqjE_yqjK_yqjD_yqjC_predicted,0.2,16,14,GGAACGTTAAAGTCTAGCCA,2,5212865
yqjE_yqjK_yqjD_yqjC_predicted,0.26666666666666666,17,14,GCTTGTCGAATCTCAAGGGA,3,5247817
yqjE_yqjK_yqjD_yqjC_predicted,1.0,28,14,GCTCGTCCCGCGAGTATAAG,14,5192565
yqjE_yqjK_yqjD_yqjC_predicted,4.6,82,14,GCGTGAGTGGGCTGATTGCC,68,5262828
yqjE_yqjK_yqjD_yqjC_predicted,0.4666666666666667,20,14,GCGGAATAGGGCAACTAAGG,6,5205286
yqjE_yqjK_yqjD_yqjC_predicted,0.4666666666666667,20,14,GCGCTGCTGGGGTAAGTTGT,6,5199152
yqjE_yqjK_yqjD_yqjC_predicted,1.6666666666666667,38,14,GCGCCTTAAGAGATCCTCGC,24,5245803
yqjE_yqjK_yqjD_yqjC_predicted,0.9333333333333333,27,14,GCGCAAAGCCTGGTTCCTGG,13,5200305
yqjE_yqjK_yqjD_yqjC_predicted,0.9333333333333333,27,14,GCGAGTTGGGGAGACGTTCA,13,5171345
yqjE_yqjK_yqjD_yqjC_predicted,1.9333333333333333,42,14,GCGAGAGGAACCGACTCAAG,28,5261652
yqjE_yqjK_yqjD_yqjC_predicted,1.6666666666666667,38,14,GCCTGGCAGTGCGGACGCCC,24,5246693
yqjE_yqjK_yqjD_yqjC_predicted,0.26666666666666666,17,14,GCCTCTTCTGATCGGAACGA,3,5182959
yqjE_yqjK_yqjD_yqjC_predicted,0.8666666666666667,26,14,GCCTAGGATCGCCAGAGCAG,12,5260958
yqjE_yqjK_yqjD_yqjC_predicted,1.9333333333333333,42,14,GCCGCGTAAGAATTACGATT,28,5172432
yqjE_yqjK_yqjD_yqjC_predicted,1.4,34,14,GCCGAGGAAAGGCGCCTGCC,20,5247549
yqjE_yqjK_yqjD_yqjC_predicted,1.7333333333333334,39,14,GCCAACCGGTTATTACCAAC,25,5213921
yqjE_yqjK_yqjD_yqjC_predicted,0.3333333333333333,18,14,GCACTTACTCGCTGACGCTA,4,5236782
yqjE_yqjK_yqjD_yqjC_predicted,0.7333333333333333,24,14,GCAAGCACTGCGTTACTCTG,10,5258263
yqjE_yqjK_yqjD_yqjC_predicted,2.2,46,14,GATTCATGTAGGCAGAATTG,32,5176976
yqjE_yqjK_yqjD_yqjC_predicted,0.4666666666666667,20,14,GATCGAAATAAAAGTTACGT,6,5247529
yqjE_yqjK_yqjD_yqjC_predicted,0.4,19,14,GATAACGTCTCTAGCTACTA,5,5213617
yqjE_yqjK_yqjD_yqjC_predicted,1.0666666666666667,29,14,GAGTTGAGAATCACTCCTTA,15,5173307
yqjE_yqjK_yqjD_yqjC_predicted,1.0666666666666667,29,14,GAGGGGGAGCCGCCGCCCGT,15,5247569
yqjE_yqjK_yqjD_yqjC_predicted,0.7333333333333333,24,14,GAGGATGGTAGGCCCGTCAC,10,5185362
yqjE_yqjK_yqjD_yqjC_predicted,1.6666666666666667,38,14,GAATGCGGGTATCGATTCGC,24,5191962
yqjE_yqjK_yqjD_yqjC_predicted,1.6666666666666667,38,14,GAATGCCTTTCGGGGGAAAT,24,5209529
yqjE_yqjK_yqjD_yqjC_predicted,2.2666666666666666,47,14,GAATAGGCAGATACAAGGGT,33,5204019
yqjE_yqjK_yqjD_yqjC_predicted,0.2,16,14,GAAGTCGATCATTTTACATC,2,5239773
yqjE_yqjK_yqjD_yqjC_predicted,0.26666666666666666,17,14,GAACGTAATTAACCTACATA,3,5229326
yqjE_yqjK_yqjD_yqjC_predicted,0.5333333333333333,21,14,GAACGGGTCAAGGTCCGCAA,7,5261919
yqjE_yqjK_yqjD_yqjC_predicted,0.2,16,14,GAACCAGCGCGGGTAAAGGG,2,5217293
yqjE_yqjK_yqjD_yqjC_predicted,0.8666666666666667,26,14,GAACCACGACGTCTATTCCG,12,5190921
yqjE_yqjK_yqjD_yqjC_predicted,0.2,16,14,GAACAGGTTCTGGCAACGGT,2,5248857
yqjE_yqjK_yqjD_yqjC_predicted,2.1333333333333333,45,14,GAACAACAGAGCCCACGAAC,31,5227055
yqjE_yqjK_yqjD_yqjC_predicted,0.3333333333333333,18,14,GAAAACGGGCGAAGGTGCCA,4,5204171
yqjE_yqjK_yqjD_yqjC_predicted,3.1333333333333333,60,14,CTTCTAAAAGTTCCATCCAG,46,5262705
yqjE_yqjK_yqjD_yqjC_predicted,1.5333333333333334,36,14,CTTACTCCTAATCATATAGT,22,5217499
yqjE_yqjK_yqjD_yqjC_predicted,0.26666666666666666,17,14,CTTAATGTACTTAAGTGGGT,3,5243353
yqjE_yqjK_yqjD_yqjC_predicted,1.2666666666666666,32,14,CTTAACTGCCAACGCCCCCA,18,5245093
yqjE_yqjK_yqjD_yqjC_predicted,0.3333333333333333,18,14,CTGTGTGCAATGCGGGAATA,4,5187968
yqjE_yqjK_yqjD_yqjC_predicted,0.4,19,14,CTGGCCAAAGGACAACCCTG,5,5186326
yqjE_yqjK_yqjD_yqjC_predicted,1.6666666666666667,38,14,CTGCTACGGACTCTTACTCC,24,5201527
yqjE_yqjK_yqjD_yqjC_predicted,0.4666666666666667,20,14,CTCTGAGTCGTTAACTAAGA,6,5186890
yqjE_yqjK_yqjD_yqjC_predicted,0.13333333333333333,15,14,CTCGGTTGCGGTTCTTTGTT,1,5176174
yqjE_yqjK_yqjD_yqjC_predicted,0.2,16,14,CTCGGTGCCCTGGGCTATGG,2,5185984
yqjE_yqjK_yqjD_yqjC_predicted,1.4666666666666666,35,14,CTCGGGCTACGTCACGCCCG,21,5241865
yqjE_yqjK_yqjD_yqjC_predicted,0.26666666666666666,17,14,CTCGCTATTAGCTTCGAATA,3,5241811
yqjE_yqjK_yqjD_yqjC_predicted,0.6666666666666666,23,14,CTCCGCGTCTGCCTGGATAT,9,5247320
yqjE_yqjK_yqjD_yqjC_predicted,0.4666666666666667,20,14,CTCCACGGCTGGGGCATGGG,6,5236702
yqjE_yqjK_yqjD_yqjC_predicted,0.4666666666666667,20,14,CTCATTATATCGTTCGAATG,6,5241910
yqjE_yqjK_yqjD_yqjC_predicted,1.9333333333333333,42,14,CTCACGTCAGTCTGAAGGAC,28,5225748
yqjE_yqjK_yqjD_yqjC_predicted,0.2,16,14,CTATGCTCGGTCCCACCGAT,2,5174331
yqjE_yqjK_yqjD_yqjC_predicted,0.4,19,14,CTAGTTGCAATGTCATTTAC,5,5248727
yqjE_yqjK_yqjD_yqjC_predicted,0.3333333333333333,18,14,CTAGTCCCGAGGTCAAGTAT,4,5252953
yqjE_yqjK_yqjD_yqjC_predicted,0.8,25,14,CTAGGGTGACCTTATGATGT,11,5210536
yqjE_yqjK_yqjD_yqjC_predicted,0.9333333333333333,27,14,CTAGGCACGTAATGTGGTTA,13,5202505
yqjE_yqjK_yqjD_yqjC_predicted,1.8,40,14,CTAGACGAAATGGCGGCACT,26,5192672
yqjE_yqjK_yqjD_yqjC_predicted,1.6,37,14,CTACCGTGCATGTGTCGTCG,23,5206601
yqjE_yqjK_yqjD_yqjC_predicted,2.1333333333333333,45,14,CTACCGCCACGCCTCCGCGT,31,5176842
yqjE_yqjK_yqjD_yqjC_predicted,0.13333333333333333,15,14,CTACAAGTCAACGCGGTTGA,1,5177275
yqjE_yqjK_yqjD_yqjC_predicted,1.2666666666666666,32,14,CGTTTGCTTCCAAGTCAAGA,18,5206371
yqjE_yqjK_yqjD_yqjC_predicted,0.4666666666666667,20,14,CGTTCTTGAACTGCAACACA,6,5182531
yqjE_yqjK_yqjD_yqjC_predicted,0.26666666666666666,17,14,CGTTAACATGATGCGAACAG,3,5178544
yqjE_yqjK_yqjD_yqjC_predicted,1.0666666666666667,29,14,CGTGGCATTCGCCACTCCAA,15,5173292
yqjE_yqjK_yqjD_yqjC_predicted,0.8,25,14,CGTCTATCAAATGCATGCAA,11,5242847
yqjE_yqjK_yqjD_yqjC_predicted,0.4666666666666667,20,14,CGTACAGGCCGGTTATCTTA,6,5204342
yqjE_yqjK_yqjD_yqjC_predicted,0.6666666666666666,23,14,CGGTGAGTCTTAGCAGCCAT,9,5204170
yqjE_yqjK_yqjD_yqjC_predicted,0.5333333333333333,21,14,CGGGATCTCCGAAACGGCAA,7,5257580
yqjE_yqjK_yqjD_yqjC_predicted,1.6666666666666667,38,14,CGGATTAACATATTTGGAGT,24,5205879
yqjE_yqjK_yqjD_yqjC_predicted,0.3333333333333333,18,14,CGGATATGATGGATTCGTTC,4,5200294
yqjE_yqjK_yqjD_yqjC_predicted,1.3333333333333333,33,14,CGGATATCAATCTCTGCGGA,19,5230849
yqjE_yqjK_yqjD_yqjC_predicted,0.4,19,14,CGGAGCCTTGTGACAAGCTG,5,5217256
yqjE_yqjK_yqjD_yqjC_predicted,0.6666666666666666,23,14,CGCTGTGTCGGAACAACGAG,9,5213023
yqjE_yqjK_yqjD_yqjC_predicted,1.0666666666666667,29,14,CGCTGGTATGTAGGATGCGT,15,5212319
yqjE_yqjK_yqjD_yqjC_predicted,0.4666666666666667,20,14,CGCTCCCTTGCGACTAGCCT,6,5197811
yqjE_yqjK_yqjD_yqjC_predicted,1.3333333333333333,33,14,CGCCTTAAACCTTCGGTCCC,19,5178353
yqjE_yqjK_yqjD_yqjC_predicted,0.13333333333333333,15,14,CGCATTAGCACAGGGCTGAA,1,5227639
yqjE_yqjK_yqjD_yqjC_predicted,0.13333333333333333,15,14,CGCATAAGAGCTGAGGGGAT,1,5185556
yqjE_yqjK_yqjD_yqjC_predicted,1.3333333333333333,33,14,CGACGTGGCACGGTTAGTAC,19,5196632
yqjE_yqjK_yqjD_yqjC_predicted,1.9333333333333333,42,14,CGAATTGGGCCTTCCTATGT,28,5208480
yqjE_yqjK_yqjD_yqjC_predicted,0.6666666666666666,23,14,CCTTCAGGAGTTTTGTCAGC,9,5208675
yqjE_yqjK_yqjD_yqjC_predicted,0.3333333333333333,18,14,CCTGGAGTGGGAGAAGCTGA,4,5235659
yqjE_yqjK_yqjD_yqjC_predicted,0.6666666666666666,23,14,CCTCTTTTATTTGGTGAGAG,9,5213862
yqjE_yqjK_yqjD_yqjC_predicted,1.0666666666666667,29,14,CCTAAGTGCGCGTGTTACGT,15,5241838
yqjE_yqjK_yqjD_yqjC_predicted,0.6666666666666666,23,14,CCGTTTACCCTCCACGACAT,9,5223980
yqjE_yqjK_yqjD_yqjC_predicted,0.6,22,14,CCGTGGGGTTTCATTACATA,8,5203980
yqjE_yqjK_yqjD_yqjC_predicted,0.13333333333333333,15,14,CCGTCTCGACGCATTATGCA,1,5198792
yqjE_yqjK_yqjD_yqjC_predicted,0.4666666666666667,20,14,CCGTAATTCACACACGGTAC,6,5192806
yqjE_yqjK_yqjD_yqjC_predicted,0.13333333333333333,15,14,CCGGGCTCTTCGGCTCTCGC,1,5208483
yqjE_yqjK_yqjD_yqjC_predicted,0.6,22,14,CCGGGCTCCACTATCCGACT,8,5256421
yqjE_yqjK_yqjD_yqjC_predicted,0.6666666666666666,23,14,CCGGATTGGGCAGCACAACA,9,5186600
yqjE_yqjK_yqjD_yqjC_predicted,0.4666666666666667,20,14,CCGCTTAAGCTGAGTACAAA,6,5180022
yqjE_yqjK_yqjD_yqjC_predicted,0.6,22,14,CCGCGGCGTACGGCGACGAA,8,5198892
yqjE_yqjK_yqjD_yqjC_predicted,1.0666666666666667,29,14,CCGATTTTATTACACTGTGT,15,5261169
yqjE_yqjK_yqjD_yqjC_predicted,2.066666666666667,44,14,CCGATACGAGCCAGGTGTGA,30,5215630
yqjE_yqjK_yqjD_yqjC_predicted,0.4666666666666667,20,14,CCGAGAGGTGAGTCCGTGGT,6,5208046
yqjE_yqjK_yqjD_yqjC_predicted,0.26666666666666666,17,14,CCGAAGGTTAAGACTGGCGG,3,5217477
yqjE_yqjK_yqjD_yqjC_predicted,1.7333333333333334,39,14,CCGAAGGGGGGGACAGATTG,25,5185038
yqjE_yqjK_yqjD_yqjC_predicted,1.1333333333333333,30,14,CCCGTATGAACTTCTAGACA,16,5211280
yqjE_yqjK_yqjD_yqjC_predicted,1.2666666666666666,32,14,CCCGGGAAGCATGCCAGAAT,18,5207284
yqjE_yqjK_yqjD_yqjC_predicted,0.6,22,14,CCCGCGTCTACGAGCCATAA,8,5227658
yqjE_yqjK_yqjD_yqjC_predicted,0.13333333333333333,15,14,CCATACGGGAGGTGCTTAGC,1,5171849
yqjE_yqjK_yqjD_yqjC_predicted,0.4,19,14,CCAGGTAGGGTGCGTGCCTC,5,5182162
yqjE_yqjK_yqjD_yqjC_predicted,1.8,40,14,CCAGCTGGCGATTGTTTGTA,26,5210476
yqjE_yqjK_yqjD_yqjC_predicted,1.0,28,14,CCACGACTCGAGCGCCCATG,14,5205087
yqjE_yqjK_yqjD_yqjC_predicted,0.26666666666666666,17,14,CCAACCACACCTGTTAGACA,3,5173444
yqjE_yqjK_yqjD_yqjC_predicted,0.7333333333333333,24,14,CATTTGTCGTGTTCCCGTTA,10,5204860
yqjE_yqjK_yqjD_yqjC_predicted,1.4,34,14,CATTGGGCGCAATCATCAGT,20,5231414
yqjE_yqjK_yqjD_yqjC_predicted,0.13333333333333333,15,14,CATTAGTTTTCTCCGACGTA,1,5191868
yqjE_yqjK_yqjD_yqjC_predicted,0.8666666666666667,26,14,CATGTGGGCACTCCTGAACT,12,5210382
yqjE_yqjK_yqjD_yqjC_predicted,0.6666666666666666,23,14,CATGCATATATCGGGCGCGT,9,5248414
yqjE_yqjK_yqjD_yqjC_predicted,1.5333333333333334,36,14,CATGCAAAGGGCGCCAGGAT,22,5238590
yqjE_yqjK_yqjD_yqjC_predicted,1.0,28,14,CATGAAACTTTCCTAAAGCC,14,5244310
yqjE_yqjK_yqjD_yqjC_predicted,0.4666666666666667,20,14,CATCTTCATTTGGATTGGAT,6,5177852
yqjE_yqjK_yqjD_yqjC_predicted,1.1333333333333333,30,14,CATCCGATGCACTGGCTTTT,16,5262202
yqjE_yqjK_yqjD_yqjC_predicted,8.0,133,14,CATATTCAGCCCAGCTCACC,119,5220755
yqjE_yqjK_yqjD_yqjC_predicted,1.0,28,14,CATAGACAGTAGAAGTAAAA,14,5228145
yqjE_yqjK_yqjD_yqjC_predicted,0.13333333333333333,15,14,CATACGAATGCCACCGTTTC,1,5243976
yqjE_yqjK_yqjD_yqjC_predicted,0.4666666666666667,20,14,CAGTTACCATTTGCCGTAAA,6,5184951
yqjE_yqjK_yqjD_yqjC_predicted,0.5333333333333333,21,14,CAGTGGCTCTGCGCCCCCTA,7,5247107
yqjE_yqjK_yqjD_yqjC_predicted,1.6,37,14,CAGTAGGCTTGAGGACGCCA,23,5257396
yqjE_yqjK_yqjD_yqjC_predicted,1.7333333333333334,39,14,CAGTAATAGCGTCATATCAG,25,5200475
yqjE_yqjK_yqjD_yqjC_predicted,2.2666666666666666,47,14,CAGGGATACCCCCATTGATA,33,5219347
yqjE_yqjK_yqjD_yqjC_predicted,0.3333333333333333,18,14,CAGGCCGCCATAGAGATATC,4,5231242
yqjE_yqjK_yqjD_yqjC_predicted,0.6666666666666666,23,14,CACTAGCTGACTTACATCTC,9,5220252
yqjE_yqjK_yqjD_yqjC_predicted,7.333333333333333,123,14,CACTAATTGGACTCCGGGCA,109,5220761
yqjE_yqjK_yqjD_yqjC_predicted,4.0,73,14,CACGAGTTTAGGAATGGCTG,59,5190904
yqjE_yqjK_yqjD_yqjC_predicted,1.2666666666666666,32,14,CACCTTGCGCCTGGGTGGCT,18,5191903
yqjE_yqjK_yqjD_yqjC_predicted,1.3333333333333333,33,14,CACCGGTTTTTTCTGTCCGA,19,5239243
yqjE_yqjK_yqjD_yqjC_predicted,1.2666666666666666,32,14,CACATAGAAAATCTTGGCTT,18,5223278
yqjE_yqjK_yqjD_yqjC_predicted,1.8666666666666667,41,14,CAATACACGTTGTTTCATAG,27,5231070
yqjE_yqjK_yqjD_yqjC_predicted,0.13333333333333333,15,14,CAAGTCACCCGAATCTATCC,1,5202158
yqjE_yqjK_yqjD_yqjC_predicted,1.1333333333333333,30,14,CAAGGCATGGCCGGGATCAC,16,5197154
yqjE_yqjK_yqjD_yqjC_predicted,0.4,19,14,CAAATTACAAGGGTAATCCA,5,5227408
yqjE_yqjK_yqjD_yqjC_predicted,1.1333333333333333,30,14,CAAATCAGTAGGGCATGATT,16,5191186
yqjE_yqjK_yqjD_yqjC_predicted,0.9333333333333333,27,14,CAAAGAATTATGCTCATCCA,13,5226668
yqjE_yqjK_yqjD_yqjC_predicted,0.3333333333333333,18,14,CAAAAATTTATCGGGTTAAA,4,5207896
yqjE_yqjK_yqjD_yqjC_predicted,1.0666666666666667,29,14,ATTTTAGGTCGAACGTTGAT,15,5218941
yqjE_yqjK_yqjD_yqjC_predicted,2.066666666666667,44,14,ATTTTACCCCCTAGACCGTT,30,5171027
yqjE_yqjK_yqjD_yqjC_predicted,1.5333333333333334,36,14,ATTTCGAGCTTAGATCCGGG,22,5237657
yqjE_yqjK_yqjD_yqjC_predicted,1.0,28,14,ATTTCGACGAATGGCTTTAT,14,5230181
yqjE_yqjK_yqjD_yqjC_predicted,0.8,25,14,ATTGTGAAATATGGGTGTGT,11,5210821
yqjE_yqjK_yqjD_yqjC_predicted,1.6666666666666667,38,14,ATTGGGGCTGATATAGTAAG,24,5205428
yqjE_yqjK_yqjD_yqjC_predicted,0.7333333333333333,24,14,ATTGATTTTGTACTTGTAAA,10,5233886
yqjE_yqjK_yqjD_yqjC_predicted,3.8,70,14,ATTCTATGGCCCGGGAAAGT,56,5234792
yqjE_yqjK_yqjD_yqjC_predicted,0.6666666666666666,23,14,ATTCGACAAGATGGAATGTT,9,5191298
yqjE_yqjK_yqjD_yqjC_predicted,2.2666666666666666,47,14,ATTCCCGTTACCCGCACTCT,33,5251397
yqjE_yqjK_yqjD_yqjC_predicted,2.533333333333333,51,14,ATTACGTATTGGTTATGCAG,37,5210447
yqjE_yqjK_yqjD_yqjC_predicted,0.3333333333333333,18,14,ATTACCGTTGAAAATCCAGT,4,5197028
yqjE_yqjK_yqjD_yqjC_predicted,1.4666666666666666,35,14,ATGTAGAGACTAAGCGACAA,21,5205202
yqjE_yqjK_yqjD_yqjC_predicted,0.4,19,14,ATGGCGCCGACCGGTATAAT,5,5195489
yqjE_yqjK_yqjD_yqjC_predicted,0.3333333333333333,18,14,ATGCAAGTCAGCGCACCGAT,4,5237130
yqjE_yqjK_yqjD_yqjC_predicted,0.7333333333333333,24,14,ATGACGGTATAATGGAACGG,10,5241785
yqjE_yqjK_yqjD_yqjC_predicted,0.8666666666666667,26,14,ATCTCCTATTAGAATACTAT,12,5205421
yqjE_yqjK_yqjD_yqjC_predicted,0.8,25,14,ATCGGGTCAGACGTTGTCCT,11,5236349
yqjE_yqjK_yqjD_yqjC_predicted,0.6666666666666666,23,14,ATCGCCAACGTCACACGTTT,9,5237825
yqjE_yqjK_yqjD_yqjC_predicted,0.2,16,14,ATCCGAAGTTGACGCTCATG,2,5177601
yqjE_yqjK_yqjD_yqjC_predicted,1.2666666666666666,32,14,ATCATGTGACAGCCTACAGT,18,5203138
yqjE_yqjK_yqjD_yqjC_predicted,0.6,22,14,ATCATGATCCTCGGGGGACT,8,5246305
yqjE_yqjK_yqjD_yqjC_predicted,2.0,43,14,ATCAGTAATGAGTTCGGGTA,29,5187850
yqjE_yqjK_yqjD_yqjC_predicted,0.3333333333333333,18,14,ATCACACCCAGGTCTTTCCA,4,5211712
yqjE_yqjK_yqjD_yqjC_predicted,0.9333333333333333,27,14,ATATTGCGAGTCGCCGTGGG,13,5177340
yqjE_yqjK_yqjD_yqjC_predicted,0.8666666666666667,26,14,ATATCCGCCTTACACGGTTA,12,5224121
yqjE_yqjK_yqjD_yqjC_predicted,1.0,28,14,ATAGGGTAGATTCCTCGCGA,14,5234574
yqjE_yqjK_yqjD_yqjC_predicted,0.6,22,14,ATAGCTGAAATCTGTGAGAT,8,5204490
yqjE_yqjK_yqjD_yqjC_predicted,0.3333333333333333,18,14,ATAACCTGCTTTCGCGCAGA,4,5248239
yqjE_yqjK_yqjD_yqjC_predicted,2.2666666666666666,47,14,AGTTTCGCCTGTATAGCCAC,33,5202569
yqjE_yqjK_yqjD_yqjC_predicted,0.6666666666666666,23,14,AGTGGCAACAGTAAAGGCAA,9,5237069
yqjE_yqjK_yqjD_yqjC_predicted,0.26666666666666666,17,14,AGTAATCGAGAGCAACCAGA,3,5216144
yqjE_yqjK_yqjD_yqjC_predicted,0.3333333333333333,18,14,AGGTTCACCCCCTCCCTATG,4,5244381
yqjE_yqjK_yqjD_yqjC_predicted,5.666666666666667,98,14,AGGGGTCGTGAGACGCGTCC,84,5260043
yqjE_yqjK_yqjD_yqjC_predicted,0.5333333333333333,21,14,AGGGAGCGGGCGAGGCAAAC,7,5233649
yqjE_yqjK_yqjD_yqjC_predicted,0.26666666666666666,17,14,AGGCGCACGTGAGAAAGTAG,3,5204358
yqjE_yqjK_yqjD_yqjC_predicted,1.5333333333333334,36,14,AGGAGTACCAAAAACCCGTT,22,5229849
yqjE_yqjK_yqjD_yqjC_predicted,0.4666666666666667,20,14,AGGAAGTTCGGCGGCCTAAC,6,5222392
yqjE_yqjK_yqjD_yqjC_predicted,2.8666666666666667,56,14,AGCTCTAAAGAACGGGGGTA,42,5242714
yqjE_yqjK_yqjD_yqjC_predicted,0.5333333333333333,21,14,AGCGTTATACAGACTGACGA,7,5260813
yqjE_yqjK_yqjD_yqjC_predicted,0.9333333333333333,27,14,AGCCTTAAGTGGACTTTCCT,13,5250741
yqjE_yqjK_yqjD_yqjC_predicted,0.3333333333333333,18,14,AGCCTGCTGCCATGATAGTT,4,5241051
yqjE_yqjK_yqjD_yqjC_predicted,0.2,16,14,AGATTGTTTCACACCTACGC,2,5205974
yqjE_yqjK_yqjD_yqjC_predicted,1.2666666666666666,32,14,AGATTGCGTTCAACCCACCA,18,5234186
yqjE_yqjK_yqjD_yqjC_predicted,0.6666666666666666,23,14,AGATTAGCTATTATACATAG,9,5188512
yqjE_yqjK_yqjD_yqjC_predicted,0.8666666666666667,26,14,AGATGATGTAAGTTTAGACA,12,5170787
yqjE_yqjK_yqjD_yqjC_predicted,0.13333333333333333,15,14,AGATAATGGCTCCCTCGTTG,1,5198638
yqjE_yqjK_yqjD_yqjC_predicted,0.26666666666666666,17,14,AGAGTAATTTGATAAGGCCT,3,5257217
yqjE_yqjK_yqjD_yqjC_predicted,0.13333333333333333,15,14,AGACAGGAGCAGCTGTCAAG,1,5242176
yqjE_yqjK_yqjD_yqjC_predicted,0.4,19,14,AGAACATCGATCTCATTTAG,5,5184615
yqjE_yqjK_yqjD_yqjC_predicted,0.4,19,14,ACTTTTTTTTTACTGCTTAG,5,5247437
yqjE_yqjK_yqjD_yqjC_predicted,1.4,34,14,ACTTTCAACGTCGTTACACA,20,5189814
yqjE_yqjK_yqjD_yqjC_predicted,0.4666666666666667,20,14,ACTTCTCCGGGTTCAATACG,6,5196861
yqjE_yqjK_yqjD_yqjC_predicted,0.26666666666666666,17,14,ACTGTAATTTGTAGCTTTAG,3,5229832
yqjE_yqjK_yqjD_yqjC_predicted,2.2,46,14,ACTCCACTCGGTACATACGG,32,5183526
yqjE_yqjK_yqjD_yqjC_predicted,1.0666666666666667,29,14,ACTAGGCAGACTCCTTCTGT,15,5197662
yqjE_yqjK_yqjD_yqjC_predicted,0.6,22,14,ACGTTCGCGAGGAAAGTAAA,8,5212706
yqjE_yqjK_yqjD_yqjC_predicted,0.6,22,14,ACGTTCGCCCGCAGTATAGT,8,5236209
yqjE_yqjK_yqjD_yqjC_predicted,1.0666666666666667,29,14,ACGTGAGCCTCTAATACTGT,15,5248292
yqjE_yqjK_yqjD_yqjC_predicted,0.4,19,14,ACGTCTCCGGAATATACTTA,5,5246083
yqjE_yqjK_yqjD_yqjC_predicted,1.5333333333333334,36,14,ACGGTCTCAGGGAGTTTTTC,22,5245535
yqjE_yqjK_yqjD_yqjC_predicted,1.3333333333333333,33,14,ACGGGACAGACACCAAAAGT,19,5200363
yqjE_yqjK_yqjD_yqjC_predicted,0.8,25,14,ACGGCTGGGGAGAGCGCTTG,11,5176325
yqjE_yqjK_yqjD_yqjC_predicted,2.0,43,14,ACGGAAATGCGGTGAAAGGA,29,5245400
yqjE_yqjK_yqjD_yqjC_predicted,1.4666666666666666,35,14,ACGCCACCATATAACCTCCG,21,5175937
yqjE_yqjK_yqjD_yqjC_predicted,1.3333333333333333,33,14,ACGATGGTTTGTGGGATCAG,19,5247985
yqjE_yqjK_yqjD_yqjC_predicted,0.5333333333333333,21,14,ACGACCGTACCCACCTTTCT,7,5255376
yqjE_yqjK_yqjD_yqjC_predicted,3.466666666666667,65,14,ACGAAATGTCGGTCAGGCTT,51,5202814
yqjE_yqjK_yqjD_yqjC_predicted,0.26666666666666666,17,14,ACCTGTTAAATTACTAAGGC,3,5176685
yqjE_yqjK_yqjD_yqjC_predicted,0.26666666666666666,17,14,ACCTCGTGCTTCCGTAAGGG,3,5214532
yqjE_yqjK_yqjD_yqjC_predicted,0.6,22,14,ACCTCCAGCTTTCGCCCTCT,8,5234548
yqjE_yqjK_yqjD_yqjC_predicted,0.8666666666666667,26,14,ACCGAATGAATTTCGACTCG,12,5204021
yqjE_yqjK_yqjD_yqjC_predicted,0.9333333333333333,27,14,ACCCTCGCTTCAAAGACATG,13,5191928
yqjE_yqjK_yqjD_yqjC_predicted,0.13333333333333333,15,14,ACCAATAAAGTTCGGTACGA,1,5251204
yqjE_yqjK_yqjD_yqjC_predicted,1.8666666666666667,41,14,ACCAAAGTATCATCAAGCCT,27,5209467
yqjE_yqjK_yqjD_yqjC_predicted,0.4666666666666667,20,14,ACATTAAAAGCATAACCGGT,6,5211549
yqjE_yqjK_yqjD_yqjC_predicted,0.13333333333333333,15,14,ACAGTCTTCTTGCCTACTAC,1,5217968
yqjE_yqjK_yqjD_yqjC_predicted,2.1333333333333333,45,14,ACAGAGTATCATTCCTTGGA,31,5254411
yqjE_yqjK_yqjD_yqjC_predicted,0.8666666666666667,26,14,ACACCCCCAGTTATTCGAAT,12,5175649
yqjE_yqjK_yqjD_yqjC_predicted,0.2,16,14,ACAAATCGCTGGCAGACAAG,2,5193182
yqjE_yqjK_yqjD_yqjC_predicted,0.8,25,14,ACAAAATTAAGGTGCATCAA,11,5184584
yqjE_yqjK_yqjD_yqjC_predicted,1.0,28,14,AATTCGTATTAAGGTGAATA,14,5208498
yqjE_yqjK_yqjD_yqjC_predicted,1.9333333333333333,42,14,AATGCTCGAGTTAGCGTTAG,28,5185847
yqjE_yqjK_yqjD_yqjC_predicted,0.6,22,14,AATCCTAAGCGGTGAGATGG,8,5250170
yqjE_yqjK_yqjD_yqjC_predicted,0.13333333333333333,15,14,AATAGTGCCAGACCCCAGGG,1,5210169
yqjE_yqjK_yqjD_yqjC_predicted,0.7333333333333333,24,14,AAGCGTATTCGACCAATGTT,10,5235143
yqjE_yqjK_yqjD_yqjC_predicted,1.0,28,14,AAGCGAGATCATTGCCACGG,14,5233574
yqjE_yqjK_yqjD_yqjC_predicted,1.0,28,14,AAGCCGTTTTGGTTGGTTAG,14,5195959
yqjE_yqjK_yqjD_yqjC_predicted,0.13333333333333333,15,14,AAGACTCTCGTGCGCAGGAT,1,5245880
yqjE_yqjK_yqjD_yqjC_predicted,0.8,25,14,AAGACTATGTTCAATGCAGT,11,5173850
yqjE_yqjK_yqjD_yqjC_predicted,1.8,40,14,AAGAACACGTAACGTATCTT,26,5192897
yqjE_yqjK_yqjD_yqjC_predicted,0.26666666666666666,17,14,AACTGCAAGTATGCAGGGTC,3,5176035
yqjE_yqjK_yqjD_yqjC_predicted,0.7333333333333333,24,14,AACGAGCTGACAGGGCGCGA,10,5236061
yqjE_yqjK_yqjD_yqjC_predicted,0.13333333333333333,15,14,AACAACATTCGTCTCCTAAG,1,5174327
yqjE_yqjK_yqjD_yqjC_predicted,1.1333333333333333,30,14,AAATCTCTTAACGAAGGTTT,16,5243814
yqjE_yqjK_yqjD_yqjC_predicted,0.13333333333333333,15,14,AAACTGCATTAGGCCATGGA,1,5208987
yqjE_yqjK_yqjD_yqjC_predicted,0.4,19,14,AAACGAGAGGTTGGCCCGCA,5,5249230
yqjE_yqjK_yqjD_yqjC_predicted,0.7333333333333333,24,14,AAAATTGTAAATCCATGTTA,10,5173068
yqjE_yqjK_yqjD_yqjC_predicted,0.14285714285714285,14,13,TTTTTTCACCCTACTGAGGC,1,5213928
yqjE_yqjK_yqjD_yqjC_predicted,1.2142857142857142,29,13,TTTTGGCTGGGTACCTTGCG,16,5178334
yqjE_yqjK_yqjD_yqjC_predicted,0.21428571428571427,15,13,TTTTATTACTTCATGGTTAA,2,5242046
yqjE_yqjK_yqjD_yqjC_predicted,0.6428571428571429,21,13,TTTTATACTTACTATGTCTA,8,5247772
yqjE_yqjK_yqjD_yqjC_predicted,0.21428571428571427,15,13,TTTGGGGTCTATCCCCCGCT,2,5237666
yqjE_yqjK_yqjD_yqjC_predicted,2.2142857142857144,43,13,TTTCACGCGGTTGAAAGCTT,30,5207669
yqjE_yqjK_yqjD_yqjC_predicted,1.1428571428571428,28,13,TTTATCGCTCTATCTAATTG,15,5191348
yqjE_yqjK_yqjD_yqjC_predicted,0.21428571428571427,15,13,TTGTGTGGCACAAGCTCTAC,2,5255180
yqjE_yqjK_yqjD_yqjC_predicted,0.5,19,13,TTGTGGGACGCTCTGATCAA,6,5233261
yqjE_yqjK_yqjD_yqjC_predicted,1.0714285714285714,27,13,TTGTACTCAGCAGTTCTTAA,14,5232617
yqjE_yqjK_yqjD_yqjC_predicted,0.8571428571428571,24,13,TTGTAAACGACGTGTCTCGA,11,5188198
yqjE_yqjK_yqjD_yqjC_predicted,0.8571428571428571,24,13,TTGCTACTGGCTTACGTCAC,11,5248093
yqjE_yqjK_yqjD_yqjC_predicted,1.8571428571428572,38,13,TTGCCACCTTGGCAGGACGG,25,5214019
yqjE_yqjK_yqjD_yqjC_predicted,2.7857142857142856,51,13,TTGAGGATAGGACTTTTAAT,38,5218561
yqjE_yqjK_yqjD_yqjC_predicted,0.9285714285714286,25,13,TTGACGTAAGGCTCACTTCG,12,5236671
yqjE_yqjK_yqjD_yqjC_predicted,1.3571428571428572,31,13,TTCTGGGCTGGTTTAGAGAG,18,5185293
yqjE_yqjK_yqjD_yqjC_predicted,0.5,19,13,TTCTCGTGCGGTAGTGCTGG,6,5253537
yqjE_yqjK_yqjD_yqjC_predicted,2.5,47,13,TTCTACGGAGTAACAGACAT,34,5193858
yqjE_yqjK_yqjD_yqjC_predicted,0.5,19,13,TTCGCCGGTATCGGAAATCC,6,5260293
yqjE_yqjK_yqjD_yqjC_predicted,0.21428571428571427,15,13,TTCCTGCATAGGAAACCTCT,2,5259091
yqjE_yqjK_yqjD_yqjC_predicted,1.0714285714285714,27,13,TTCCGGTGAGCTCCCAACAG,14,5247978
yqjE_yqjK_yqjD_yqjC_predicted,0.42857142857142855,18,13,TTCAATCTGCATGCGTGAAT,5,5192267
yqjE_yqjK_yqjD_yqjC_predicted,1.7142857142857142,36,13,TTCAAGAGGATAGAGCGTTG,23,5250757
yqjE_yqjK_yqjD_yqjC_predicted,0.14285714285714285,14,13,TTAGTTTCGTACGAGATGCC,1,5232299
yqjE_yqjK_yqjD_yqjC_predicted,0.5,19,13,TTAGTTAAGACGGACGCCTG,6,5197597
yqjE_yqjK_yqjD_yqjC_predicted,2.0714285714285716,41,13,TTAGTGTTACTATAGCCAGA,28,5194248
yqjE_yqjK_yqjD_yqjC_predicted,0.8571428571428571,24,13,TTAGTGCTGACGCAAGGATG,11,5239744
yqjE_yqjK_yqjD_yqjC_predicted,0.7857142857142857,23,13,TTAGTATACCGTATTAACGC,10,5173862
yqjE_yqjK_yqjD_yqjC_predicted,1.5714285714285714,34,13,TTAAGGCTACACCAACCAAG,21,5219219
yqjE_yqjK_yqjD_yqjC_predicted,0.42857142857142855,18,13,TGTTCGACAGACCGGTAACT,5,5259845
yqjE_yqjK_yqjD_yqjC_predicted,0.14285714285714285,14,13,TGTGGGTGCGCTTAACGCGA,1,5199242
yqjE_yqjK_yqjD_yqjC_predicted,1.0,26,13,TGTGGCGTTTAACCAGTGGT,13,5229123
yqjE_yqjK_yqjD_yqjC_predicted,0.8571428571428571,24,13,TGTCGGTGTTCTTCTTTTGA,11,5233520
yqjE_yqjK_yqjD_yqjC_predicted,1.4285714285714286,32,13,TGTACCACGTGTACGCGAAT,19,5174928
yqjE_yqjK_yqjD_yqjC_predicted,2.5,47,13,TGGTTGTTCGCAGGATGGTT,34,5243812
yqjE_yqjK_yqjD_yqjC_predicted,0.5714285714285714,20,13,TGGTCCAAATTCGCATAGGC,7,5176284
yqjE_yqjK_yqjD_yqjC_predicted,0.7142857142857143,22,13,TGGGTTCGTTCCGTTAGCGC,9,5210997
yqjE_yqjK_yqjD_yqjC_predicted,1.5714285714285714,34,13,TGGGCTGGTATCGGCCAATG,21,5204776
yqjE_yqjK_yqjD_yqjC_predicted,0.6428571428571429,21,13,TGGACATACTTGAGTTACAG,8,5235334
yqjE_yqjK_yqjD_yqjC_predicted,1.0,26,13,TGCCCGCGATTAGCATTATC,13,5174938
yqjE_yqjK_yqjD_yqjC_predicted,0.14285714285714285,14,13,TGCAGTGCACCTCATGTTCT,1,5254493
yqjE_yqjK_yqjD_yqjC_predicted,1.5,33,13,TGCAACTGTCACCTATCTTC,20,5188161
yqjE_yqjK_yqjD_yqjC_predicted,0.14285714285714285,14,13,TGATAGCGACAATCGCAAAC,1,5185180
yqjE_yqjK_yqjD_yqjC_predicted,0.21428571428571427,15,13,TGAAGCAATGAGATTCTCTT,2,5222648
yqjE_yqjK_yqjD_yqjC_predicted,1.2142857142857142,29,13,TGAACCCGGGCGCGTCTTAA,16,5206073
yqjE_yqjK_yqjD_yqjC_predicted,0.14285714285714285,14,13,TGAACCACGGTGAGACCGCA,1,5251051
yqjE_yqjK_yqjD_yqjC_predicted,0.6428571428571429,21,13,TCTTCGCACAATCTGAAGTC,8,5235994
yqjE_yqjK_yqjD_yqjC_predicted,0.8571428571428571,24,13,TCTGTCGCATGACGATGTCT,11,5189922
yqjE_yqjK_yqjD_yqjC_predicted,0.6428571428571429,21,13,TCTCTATGAGACTCAGGGAG,8,5199098
yqjE_yqjK_yqjD_yqjC_predicted,0.14285714285714285,14,13,TCTATTTTCCCGCTGGATGA,1,5242663
yqjE_yqjK_yqjD_yqjC_predicted,0.7142857142857143,22,13,TCTATACTGTTGCATACAAT,9,5171040
yqjE_yqjK_yqjD_yqjC_predicted,1.1428571428571428,28,13,TCGGTTGTGTAAGTCTTAAT,15,5253993
yqjE_yqjK_yqjD_yqjC_predicted,0.14285714285714285,14,13,TCGGGAGAAGATGTTGTTCA,1,5256573
yqjE_yqjK_yqjD_yqjC_predicted,1.2142857142857142,29,13,TCGGCCGGCTGTGATGTTTC,16,5262396
yqjE_yqjK_yqjD_yqjC_predicted,0.5,19,13,TCGCCGGTCGTCGTGTAATC,6,5200994
yqjE_yqjK_yqjD_yqjC_predicted,0.35714285714285715,17,13,TCGCATACCTTTTCCAGGAG,4,5199206
yqjE_yqjK_yqjD_yqjC_predicted,2.7857142857142856,51,13,TCGAGGTCCCTAACGTCGCA,38,5220083
yqjE_yqjK_yqjD_yqjC_predicted,1.0714285714285714,27,13,TCGAGAACAGCCAGGGGACA,14,5230025
yqjE_yqjK_yqjD_yqjC_predicted,0.7142857142857143,22,13,TCGACAGACGCTCGCACTGG,9,5206743
yqjE_yqjK_yqjD_yqjC_predicted,1.7857142857142858,37,13,TCCTGTTTCATACCCTAGTA,24,5185327
yqjE_yqjK_yqjD_yqjC_predicted,14.071428571428571,209,13,TCCTAGTCTTTGCGCTCAAT,196,5255504
yqjE_yqjK_yqjD_yqjC_predicted,0.2857142857142857,16,13,TCCGGGAGGGCTTTCTCGTT,3,5186828
yqjE_yqjK_yqjD_yqjC_predicted,1.2142857142857142,29,13,TCCGCTCTAGGATAAGGCTA,16,5247804
yqjE_yqjK_yqjD_yqjC_predicted,1.3571428571428572,31,13,TCCGCGCGGCCCTATTCCGA,18,5202258
yqjE_yqjK_yqjD_yqjC_predicted,0.14285714285714285,14,13,TCCGACGGATTACACATCAC,1,5190935
yqjE_yqjK_yqjD_yqjC_predicted,1.2142857142857142,29,13,TCCCTATGTAGTCTCCTGAA,16,5217974
yqjE_yqjK_yqjD_yqjC_predicted,0.21428571428571427,15,13,TCCCATGTCTCAGCGGTAAA,2,5203326
yqjE_yqjK_yqjD_yqjC_predicted,0.2857142857142857,16,13,TCCATCCATCAACTCAGTGC,3,5194438
yqjE_yqjK_yqjD_yqjC_predicted,1.5,33,13,TCATTTCAACCTGAACGCCT,20,5252538
yqjE_yqjK_yqjD_yqjC_predicted,0.14285714285714285,14,13,TCATTACCCAGGTATTTCCT,1,5201108
yqjE_yqjK_yqjD_yqjC_predicted,0.5714285714285714,20,13,TCATGGTATTGTTTTGCCTT,7,5192461
yqjE_yqjK_yqjD_yqjC_predicted,0.7142857142857143,22,13,TCACCAATGCTATCCTGGGC,9,5239862
yqjE_yqjK_yqjD_yqjC_predicted,1.7857142857142858,37,13,TCAATACCTTAGTTCTCAGA,24,5260046
yqjE_yqjK_yqjD_yqjC_predicted,0.9285714285714286,25,13,TCAACAATTTGGTTCCAAGA,12,5193995
yqjE_yqjK_yqjD_yqjC_predicted,1.7857142857142858,37,13,TATTCGGTTATATCCTGGAC,24,5234342
yqjE_yqjK_yqjD_yqjC_predicted,1.5714285714285714,34,13,TATTCCGCCTCGAATTCTAT,21,5192705
yqjE_yqjK_yqjD_yqjC_predicted,2.9285714285714284,53,13,TATTAACCATGTTCCAAACT,40,5182943
yqjE_yqjK_yqjD_yqjC_predicted,0.14285714285714285,14,13,TATGGGAGATTTCTTGATAC,1,5197661
yqjE_yqjK_yqjD_yqjC_predicted,0.2857142857142857,16,13,TATGGACTTAAAGCAATTTA,3,5205955
yqjE_yqjK_yqjD_yqjC_predicted,5.142857142857143,84,13,TATCTAGGCGCACAGCCAAC,71,5174967
yqjE_yqjK_yqjD_yqjC_predicted,0.7142857142857143,22,13,TATATGGGTATTAGAACCTC,9,5174422
yqjE_yqjK_yqjD_yqjC_predicted,0.21428571428571427,15,13,TATAGGCGTGGAGGGGGGAA,2,5201325
yqjE_yqjK_yqjD_yqjC_predicted,0.8571428571428571,24,13,TAGGAGGGCTCGGTCGTTCT,11,5186061
yqjE_yqjK_yqjD_yqjC_predicted,0.7142857142857143,22,13,TAGCGCCGGCTCCCTCGCGA,9,5246084
yqjE_yqjK_yqjD_yqjC_predicted,1.0714285714285714,27,13,TAGCCGCGGTGATTCCTAAC,14,5172729
yqjE_yqjK_yqjD_yqjC_predicted,2.7142857142857144,50,13,TAGATCGTGCCAGTATCAAA,37,5241541
yqjE_yqjK_yqjD_yqjC_predicted,0.21428571428571427,15,13,TAGACAAGTTCAGGTTTTCA,2,5249308
yqjE_yqjK_yqjD_yqjC_predicted,0.8571428571428571,24,13,TACGTTTTTCTATGCAAGTT,11,5232205
yqjE_yqjK_yqjD_yqjC_predicted,0.2857142857142857,16,13,TACGTCGGGTAAGTACGCAA,3,5259205
yqjE_yqjK_yqjD_yqjC_predicted,1.6428571428571428,35,13,TACGGATAGCTTATAGTGCT,22,5172946
yqjE_yqjK_yqjD_yqjC_predicted,0.42857142857142855,18,13,TACGCTAGTATTAGAAGTGT,5,5210013
yqjE_yqjK_yqjD_yqjC_predicted,1.5714285714285714,34,13,TACGCGCCGATGCATCAGTG,21,5237514
yqjE_yqjK_yqjD_yqjC_predicted,0.6428571428571429,21,13,TACGATGTGCAGACAGATTA,8,5236159
yqjE_yqjK_yqjD_yqjC_predicted,0.7857142857142857,23,13,TACCTTAAAAAAACCGATTT,10,5172190
yqjE_yqjK_yqjD_yqjC_predicted,0.42857142857142855,18,13,TACAGTCCTCGGCTCGCTAA,5,5239535
yqjE_yqjK_yqjD_yqjC_predicted,1.6428571428571428,35,13,TAATAGCTTTTTTTTAGATT,22,5226442
yqjE_yqjK_yqjD_yqjC_predicted,1.2857142857142858,30,13,TAATACCTGAACTGCCTAGT,17,5212448
yqjE_yqjK_yqjD_yqjC_predicted,3.5714285714285716,62,13,TAAGGTAATATCCCCGCGTT,49,5174806
yqjE_yqjK_yqjD_yqjC_predicted,1.2142857142857142,29,13,TAAGGGAAATTGTGTTCGCG,16,5237847
yqjE_yqjK_yqjD_yqjC_predicted,1.5714285714285714,34,13,TAAGCATTAGTTGTCTCCAC,21,5197758
yqjE_yqjK_yqjD_yqjC_predicted,0.5,19,13,TAACGCGGAGATCTGGCTTA,6,5246285
yqjE_yqjK_yqjD_yqjC_predicted,0.8571428571428571,24,13,TAACAATCCCACGAGATTAA,11,5252704
yqjE_yqjK_yqjD_yqjC_predicted,2.2142857142857144,43,13,GTTGGCGCTCCGGGATTGTT,30,5247718
yqjE_yqjK_yqjD_yqjC_predicted,0.35714285714285715,17,13,GTTCTTGCTCGTGGGAGTCG,4,5209478
yqjE_yqjK_yqjD_yqjC_predicted,0.7142857142857143,22,13,GTTCGTCCGCCGTAACTTCT,9,5253291
yqjE_yqjK_yqjD_yqjC_predicted,0.14285714285714285,14,13,GTTATGCGCATACCTAACTA,1,5174173
yqjE_yqjK_yqjD_yqjC_predicted,1.5,33,13,GTTAATCTACGCCTTTAGTG,20,5224782
yqjE_yqjK_yqjD_yqjC_predicted,0.5,19,13,GTGTGCAACACGTTTCTGTC,6,5225273
yqjE_yqjK_yqjD_yqjC_predicted,0.14285714285714285,14,13,GTGTGACACTCAGCTCGCAA,1,5212656
yqjE_yqjK_yqjD_yqjC_predicted,2.0714285714285716,41,13,GTGGTAACAGTAATGGATGG,28,5239410
yqjE_yqjK_yqjD_yqjC_predicted,0.2857142857142857,16,13,GTGGGACCCTCCTGTAACAT,3,5241038
yqjE_yqjK_yqjD_yqjC_predicted,0.42857142857142855,18,13,GTGCGACCAAGGTATAAGAG,5,5237750
yqjE_yqjK_yqjD_yqjC_predicted,2.142857142857143,42,13,GTGATCTTGTTCTAAAACGT,29,5192189
yqjE_yqjK_yqjD_yqjC_predicted,5.142857142857143,84,13,GTGAGGGATTCAATGGACTG,71,5255528
yqjE_yqjK_yqjD_yqjC_predicted,1.5,33,13,GTCCTTAAAAGTTGTCACCT,20,5184573
yqjE_yqjK_yqjD_yqjC_predicted,0.35714285714285715,17,13,GTCCGAAAGGTTGCAGCCCT,4,5210901
yqjE_yqjK_yqjD_yqjC_predicted,2.5,47,13,GTCATGCTACATCAATTTCT,34,5233115
yqjE_yqjK_yqjD_yqjC_predicted,0.5,19,13,GTCAGCGTATTACGCCAGAG,6,5234247
yqjE_yqjK_yqjD_yqjC_predicted,0.14285714285714285,14,13,GTCACTGTGTTAATAGGCTC,1,5211277
yqjE_yqjK_yqjD_yqjC_predicted,0.5,19,13,GTATGGCCATAGGGCACGGT,6,5250403
yqjE_yqjK_yqjD_yqjC_predicted,1.9285714285714286,39,13,GTAGTTAAGTTCTAGTGCTC,26,5193768
yqjE_yqjK_yqjD_yqjC_predicted,0.5714285714285714,20,13,GTAGTAGGCCTCGGCAAGCC,7,5261010
yqjE_yqjK_yqjD_yqjC_predicted,0.8571428571428571,24,13,GTAGGCAGAACAACGGTTCT,11,5220712
yqjE_yqjK_yqjD_yqjC_predicted,0.35714285714285715,17,13,GTACTGGAGCACGGGGCAGC,4,5180505
yqjE_yqjK_yqjD_yqjC_predicted,0.21428571428571427,15,13,GTACTACCCATAGTGGACAC,2,5239895
yqjE_yqjK_yqjD_yqjC_predicted,2.2142857142857144,43,13,GTACCCCACCGACAGTGGGA,30,5225312
yqjE_yqjK_yqjD_yqjC_predicted,1.3571428571428572,31,13,GTAATTTAAAGTCTACACGG,18,5172483
yqjE_yqjK_yqjD_yqjC_predicted,0.35714285714285715,17,13,GTAACGCGTTTGTGGCTTCG,4,5228136
yqjE_yqjK_yqjD_yqjC_predicted,1.1428571428571428,28,13,GGTTCTGAAACTTCCGTAGA,15,5226431
yqjE_yqjK_yqjD_yqjC_predicted,1.8571428571428572,38,13,GGTGTGTCAGCCCAGAGCTA,25,5260304
yqjE_yqjK_yqjD_yqjC_predicted,2.0,40,13,GGTGCCCACGTGTTCGGTCT,27,5210902
yqjE_yqjK_yqjD_yqjC_predicted,1.8571428571428572,38,13,GGTCCGATCAGTGCGTCAAG,25,5218398
yqjE_yqjK_yqjD_yqjC_predicted,0.21428571428571427,15,13,GGGTGCCGGCCAGCGGTGCT,2,5217704
yqjE_yqjK_yqjD_yqjC_predicted,2.7142857142857144,50,13,GGGTCGAGTGAGCAACGCTG,37,5229306
yqjE_yqjK_yqjD_yqjC_predicted,0.9285714285714286,25,13,GGGTAAGTCATGACAAACAA,12,5247560
yqjE_yqjK_yqjD_yqjC_predicted,0.35714285714285715,17,13,GGGCCAGGCCCGTATGTGGG,4,5205547
yqjE_yqjK_yqjD_yqjC_predicted,2.5,47,13,GGCTTATTATACTGTTTAAG,34,5237660
yqjE_yqjK_yqjD_yqjC_predicted,0.9285714285714286,25,13,GGCTCAAGTCGAGTAGACAA,12,5230837
yqjE_yqjK_yqjD_yqjC_predicted,1.1428571428571428,28,13,GGCCGATCCCCAGCCAGGTA,15,5248020
yqjE_yqjK_yqjD_yqjC_predicted,0.5,19,13,GGCAGATGCCCCATCCGGAA,6,5197362
yqjE_yqjK_yqjD_yqjC_predicted,0.35714285714285715,17,13,GGCACGTCCCCGCACACGAG,4,5235349
yqjE_yqjK_yqjD_yqjC_predicted,0.6428571428571429,21,13,GGCACCAAAAGAAGTTTTCA,8,5202553
yqjE_yqjK_yqjD_yqjC_predicted,0.14285714285714285,14,13,GGCAACGCTTATTTGGGAGA,1,5215419
yqjE_yqjK_yqjD_yqjC_predicted,0.35714285714285715,17,13,GGCAACGAGTTTCTGTCCAA,4,5205147
yqjE_yqjK_yqjD_yqjC_predicted,1.0,26,13,GGCAACATAAAAGGGTTCTA,13,5215270
yqjE_yqjK_yqjD_yqjC_predicted,1.4285714285714286,32,13,GGAGGCTGATCAGTTAATTT,19,5197751
yqjE_yqjK_yqjD_yqjC_predicted,0.14285714285714285,14,13,GGACATAACCGGATCGAAAA,1,5241757
yqjE_yqjK_yqjD_yqjC_predicted,0.9285714285714286,25,13,GGACAAATTTGCTCAGTCAA,12,5204832
yqjE_yqjK_yqjD_yqjC_predicted,0.42857142857142855,18,13,GGAAGTTAGTTGGAAGGCTC,5,5219707
yqjE_yqjK_yqjD_yqjC_predicted,0.14285714285714285,14,13,GGAACGTTATCAATGAGTCC,1,5189977
yqjE_yqjK_yqjD_yqjC_predicted,0.21428571428571427,15,13,GCTTACAAACAACAGGGGTA,2,5238710
yqjE_yqjK_yqjD_yqjC_predicted,0.6428571428571429,21,13,GCTTAACCTGTTGGCCGACT,8,5179204
yqjE_yqjK_yqjD_yqjC_predicted,1.8571428571428572,38,13,GCTGAAATTAGCGCGGCGGA,25,5191026
yqjE_yqjK_yqjD_yqjC_predicted,0.42857142857142855,18,13,GCTCAAGGTAATGATAGTAA,5,5241674
yqjE_yqjK_yqjD_yqjC_predicted,0.35714285714285715,17,13,GCGTGCAATACCCAACCACT,4,5225012
yqjE_yqjK_yqjD_yqjC_predicted,2.7142857142857144,50,13,GCGGTATCGGGTGAATATCG,37,5218944
yqjE_yqjK_yqjD_yqjC_predicted,0.8571428571428571,24,13,GCGGGTGTATTGAGATGGTC,11,5178355
yqjE_yqjK_yqjD_yqjC_predicted,0.21428571428571427,15,13,GCGGATGGAGGGGAGGGTGA,2,5238007
yqjE_yqjK_yqjD_yqjC_predicted,2.7857142857142856,51,13,GCGCCGCAGCAGTGTACGGA,38,5247188
yqjE_yqjK_yqjD_yqjC_predicted,1.1428571428571428,28,13,GCGAATCCGACTATTAGGAT,15,5190061
yqjE_yqjK_yqjD_yqjC_predicted,0.14285714285714285,14,13,GCGAAGAAATGATCGAGTTA,1,5218052
yqjE_yqjK_yqjD_yqjC_predicted,1.2857142857142858,30,13,GCCTTTTGACGGTGTAGGAC,17,5198457
yqjE_yqjK_yqjD_yqjC_predicted,0.9285714285714286,25,13,GCCTCACAGTGCATTAACGT,12,5224509
yqjE_yqjK_yqjD_yqjC_predicted,2.7142857142857144,50,13,GCCTCAACGCAGGTCTATGT,37,5171563
yqjE_yqjK_yqjD_yqjC_predicted,0.5714285714285714,20,13,GCCGTGTAGGCCCGGCCAGC,7,5225256
yqjE_yqjK_yqjD_yqjC_predicted,0.5714285714285714,20,13,GCCGGTGGTTAACCAATGAC,7,5197199
yqjE_yqjK_yqjD_yqjC_predicted,1.1428571428571428,28,13,GCCGCGTATATCAGCCTGAC,15,5221777
yqjE_yqjK_yqjD_yqjC_predicted,0.7142857142857143,22,13,GCCGCCTTGAATCGTCGGTC,9,5176241
yqjE_yqjK_yqjD_yqjC_predicted,0.35714285714285715,17,13,GCCGAGGAGAGCTATAAGAG,4,5196022
yqjE_yqjK_yqjD_yqjC_predicted,0.2857142857142857,16,13,GCCCCATGCATGAAGGACCT,3,5239506
yqjE_yqjK_yqjD_yqjC_predicted,1.3571428571428572,31,13,GCCCAGAGGGGCAACAACTT,18,5199186
yqjE_yqjK_yqjD_yqjC_predicted,0.35714285714285715,17,13,GCCAGTTCCCAGTCACGTCA,4,5224081
yqjE_yqjK_yqjD_yqjC_predicted,0.21428571428571427,15,13,GCATTGGGGATCTCATCAGT,2,5202637
yqjE_yqjK_yqjD_yqjC_predicted,0.2857142857142857,16,13,GCATGGGATGCTCCTTGTGA,3,5232613
yqjE_yqjK_yqjD_yqjC_predicted,3.0714285714285716,55,13,GCACCGCTCCCCCCGAATGA,42,5185993
yqjE_yqjK_yqjD_yqjC_predicted,0.2857142857142857,16,13,GCACCCATGTCTGGGAGTGT,3,5191336
yqjE_yqjK_yqjD_yqjC_predicted,1.8571428571428572,38,13,GCAAACGTCCCCCGGGGTTT,25,5259195
yqjE_yqjK_yqjD_yqjC_predicted,0.42857142857142855,18,13,GATTTCTACGATCCAGTTGG,5,5239937
yqjE_yqjK_yqjD_yqjC_predicted,0.6428571428571429,21,13,GATTTCACCTGTAGGATTAA,8,5191081
yqjE_yqjK_yqjD_yqjC_predicted,0.35714285714285715,17,13,GATTCACCGTTTGTATCTCT,4,5230901
yqjE_yqjK_yqjD_yqjC_predicted,0.14285714285714285,14,13,GATGTGGTAGCTTGTGAAAA,1,5250115
yqjE_yqjK_yqjD_yqjC_predicted,1.3571428571428572,31,13,GATGTCTATCCTGGAAATCT,18,5250401
yqjE_yqjK_yqjD_yqjC_predicted,0.14285714285714285,14,13,GATCGACGTGTTCGTTGGCA,1,5182169
yqjE_yqjK_yqjD_yqjC_predicted,0.7142857142857143,22,13,GATAATAGATACGATGTCGG,9,5185780
yqjE_yqjK_yqjD_yqjC_predicted,1.5,33,13,GAGTTTGTACATTGATACCC,20,5216667
yqjE_yqjK_yqjD_yqjC_predicted,0.35714285714285715,17,13,GAGTGCAGGTGCGTCCGGTA,4,5207064
yqjE_yqjK_yqjD_yqjC_predicted,0.35714285714285715,17,13,GAGGTCCACCTCATATCAAA,4,5195623
yqjE_yqjK_yqjD_yqjC_predicted,0.7857142857142857,23,13,GAGGATCGTCGCTCTATCGA,10,5200749
yqjE_yqjK_yqjD_yqjC_predicted,0.8571428571428571,24,13,GAGCGTGATTTTTGGATACG,11,5171154
yqjE_yqjK_yqjD_yqjC_predicted,0.42857142857142855,18,13,GAGATTCGGAGCCAAAGCAT,5,5226187
yqjE_yqjK_yqjD_yqjC_predicted,0.2857142857142857,16,13,GAGAGGATACTAACAGGCGT,3,5177393
yqjE_yqjK_yqjD_yqjC_predicted,0.35714285714285715,17,13,GAGACACGGCGTTGGCCGCG,4,5244397
yqjE_yqjK_yqjD_yqjC_predicted,0.5714285714285714,20,13,GACTTCAGCATCCGTCAGGC,7,5258890
yqjE_yqjK_yqjD_yqjC_predicted,1.3571428571428572,31,13,GACTCTATCCACTCAGCTAT,18,5183170
yqjE_yqjK_yqjD_yqjC_predicted,0.14285714285714285,14,13,GACGTTGAGTCCAGATGTAA,1,5249662
yqjE_yqjK_yqjD_yqjC_predicted,0.5714285714285714,20,13,GACGTACATAGTGCACTCGA,7,5197353
yqjE_yqjK_yqjD_yqjC_predicted,0.2857142857142857,16,13,GACGGGGTGTGTCACTTAGT,3,5224027
yqjE_yqjK_yqjD_yqjC_predicted,1.8571428571428572,38,13,GACGCTCGTCGTTGTATACG,25,5262016
yqjE_yqjK_yqjD_yqjC_predicted,0.42857142857142855,18,13,GACGCCCGAAGCTTCAGGAT,5,5231383
yqjE_yqjK_yqjD_yqjC_predicted,0.14285714285714285,14,13,GACGAGCTAGCTGGACTAAA,1,5215255
yqjE_yqjK_yqjD_yqjC_predicted,0.42857142857142855,18,13,GACGACCTTCCTGAACTTCA,5,5180325
yqjE_yqjK_yqjD_yqjC_predicted,0.14285714285714285,14,13,GACCGGCCGTGCGACTGGAA,1,5219037
yqjE_yqjK_yqjD_yqjC_predicted,0.5,19,13,GACCGGCCGGACTGTGCATA,6,5232265
yqjE_yqjK_yqjD_yqjC_predicted,0.7142857142857143,22,13,GACAGACTGGCTGTTTCGAA,9,5260812
yqjE_yqjK_yqjD_yqjC_predicted,1.7857142857142858,37,13,GACAAACGTGTTGTCCGATA,24,5219860
yqjE_yqjK_yqjD_yqjC_predicted,0.5,19,13,GAAGTTTGCGCCGACGCTGG,6,5258485
yqjE_yqjK_yqjD_yqjC_predicted,1.2857142857142858,30,13,GAAGCGGCTTGTATTGTACA,17,5189331
yqjE_yqjK_yqjD_yqjC_predicted,0.7142857142857143,22,13,GAAGCACTTGTGAGCTCGTA,9,5247862
yqjE_yqjK_yqjD_yqjC_predicted,0.7857142857142857,23,13,GAACTCGTGTTTGAGCAAAT,10,5208926
yqjE_yqjK_yqjD_yqjC_predicted,1.4285714285714286,32,13,GAAAGAACCACCCGAGTTGG,19,5261653
yqjE_yqjK_yqjD_yqjC_predicted,0.35714285714285715,17,13,CTTTTAAAGAAGCTCATAAA,4,5189650
yqjE_yqjK_yqjD_yqjC_predicted,2.857142857142857,52,13,CTTTCAGGTTGCCTGATAAC,39,5246924
yqjE_yqjK_yqjD_yqjC_predicted,1.7857142857142858,37,13,CTTTAATGTTCTCTAATAAG,24,5175698
yqjE_yqjK_yqjD_yqjC_predicted,0.5,19,13,CTTTAAGACGCCCAGTTCGA,6,5193523
yqjE_yqjK_yqjD_yqjC_predicted,0.5714285714285714,20,13,CTTCGTAGCCGTAGGACGTC,7,5199601
yqjE_yqjK_yqjD_yqjC_predicted,0.2857142857142857,16,13,CTTACTTTATGCGGACGTGA,3,5233382
yqjE_yqjK_yqjD_yqjC_predicted,3.5,61,13,CTGTTGCTCAGGGTCAATCG,48,5211947
yqjE_yqjK_yqjD_yqjC_predicted,0.14285714285714285,14,13,CTGTGACTCAGTACGTGACA,1,5237102
yqjE_yqjK_yqjD_yqjC_predicted,0.35714285714285715,17,13,CTGTCTAGGCCCAAGCGAGA,4,5177461
yqjE_yqjK_yqjD_yqjC_predicted,0.7857142857142857,23,13,CTGGAATAGGGTCCAGCAGG,10,5178019
yqjE_yqjK_yqjD_yqjC_predicted,1.4285714285714286,32,13,CTGCCGTTTCGCCCGAATAT,19,5181436
yqjE_yqjK_yqjD_yqjC_predicted,0.2857142857142857,16,13,CTGCCCCAAGGTGCGCGTGG,3,5226145
yqjE_yqjK_yqjD_yqjC_predicted,0.35714285714285715,17,13,CTGCATCATAATTCATTTAG,4,5193060
yqjE_yqjK_yqjD_yqjC_predicted,1.5714285714285714,34,13,CTGAGGCGTCGATCGGACAC,21,5180636
yqjE_yqjK_yqjD_yqjC_predicted,1.1428571428571428,28,13,CTCTTTGGCCTTGAGGGCGT,15,5239807
yqjE_yqjK_yqjD_yqjC_predicted,0.7857142857142857,23,13,CTCTTGAATGGGGTTTTGAT,10,5241928
yqjE_yqjK_yqjD_yqjC_predicted,0.35714285714285715,17,13,CTCTTCGGGAAGCTAGACCC,4,5193931
yqjE_yqjK_yqjD_yqjC_predicted,1.2857142857142858,30,13,CTCTGGTAGTAGAGGGTCGC,17,5217409
yqjE_yqjK_yqjD_yqjC_predicted,0.7857142857142857,23,13,CTCCTCAAGAAAGGGTATCC,10,5247371
yqjE_yqjK_yqjD_yqjC_predicted,1.5,33,13,CTATTCACGGCGAGCGTGCA,20,5213232
yqjE_yqjK_yqjD_yqjC_predicted,1.0714285714285714,27,13,CTATTAGCAGATGGTTAGCA,14,5190585
yqjE_yqjK_yqjD_yqjC_predicted,2.5714285714285716,48,13,CTATCGATGGTTCAGTCAGA,35,5234797
yqjE_yqjK_yqjD_yqjC_predicted,1.7142857142857142,36,13,CGTTACGTTCTTGGTCAGGA,23,5247394
yqjE_yqjK_yqjD_yqjC_predicted,0.8571428571428571,24,13,CGTCTTAAATACCCCGCTGA,11,5212078
yqjE_yqjK_yqjD_yqjC_predicted,0.14285714285714285,14,13,CGTCCTTGTATCTGGCTATT,1,5217252
yqjE_yqjK_yqjD_yqjC_predicted,0.7142857142857143,22,13,CGTCATCGCTACTCCGGAAG,9,5236663
yqjE_yqjK_yqjD_yqjC_predicted,2.0,40,13,CGTCAATTAGTACGGGTTTT,27,5211951
yqjE_yqjK_yqjD_yqjC_predicted,0.21428571428571427,15,13,CGTCAACAGGCCGCTACACA,2,5200561
yqjE_yqjK_yqjD_yqjC_predicted,1.2142857142857142,29,13,CGTAATTGAGCTGGCCACTG,16,5240355
yqjE_yqjK_yqjD_yqjC_predicted,1.6428571428571428,35,13,CGGTTGTTCTATGGGAGATT,22,5230539
yqjE_yqjK_yqjD_yqjC_predicted,0.9285714285714286,25,13,CGGTGAGAACTGGACATTTA,12,5176026
yqjE_yqjK_yqjD_yqjC_predicted,1.6428571428571428,35,13,CGGTGAAGAGCCCTGATGCA,22,5251739
yqjE_yqjK_yqjD_yqjC_predicted,0.14285714285714285,14,13,CGGTCACCTAGAAGCGTACA,1,5205947
yqjE_yqjK_yqjD_yqjC_predicted,1.2857142857142858,30,13,CGGGGGGGAACGGCAGACGG,17,5179392
yqjE_yqjK_yqjD_yqjC_predicted,0.14285714285714285,14,13,CGGGACATCTGATCATCCAT,1,5188101
yqjE_yqjK_yqjD_yqjC_predicted,0.42857142857142855,18,13,CGGACTAGCCATCGTCTTAT,5,5262808
yqjE_yqjK_yqjD_yqjC_predicted,0.5714285714285714,20,13,CGGACCTGATGGCAAGCGAT,7,5218761
yqjE_yqjK_yqjD_yqjC_predicted,0.6428571428571429,21,13,CGCTTAGTTAAGGTGAACGA,8,5243885
yqjE_yqjK_yqjD_yqjC_predicted,0.21428571428571427,15,13,CGCTCCGTAAAGATTCTATC,2,5171244
yqjE_yqjK_yqjD_yqjC_predicted,0.14285714285714285,14,13,CGCGATCTCATTCGGCGTTT,1,5205348
yqjE_yqjK_yqjD_yqjC_predicted,2.357142857142857,45,13,CGCAGGAAGCACATCTTTTA,32,5176746
yqjE_yqjK_yqjD_yqjC_predicted,1.4285714285714286,32,13,CGCACGCGCAACGTCACCCA,19,5240566
yqjE_yqjK_yqjD_yqjC_predicted,1.0,26,13,CGCAAAGCCCTACCGAAAAA,13,5194561
yqjE_yqjK_yqjD_yqjC_predicted,0.6428571428571429,21,13,CGATTTTCATGGGCATTGCG,8,5258384
yqjE_yqjK_yqjD_yqjC_predicted,0.7857142857142857,23,13,CGATTCTCAGTTCCAATTAT,10,5244307
yqjE_yqjK_yqjD_yqjC_predicted,0.14285714285714285,14,13,CGAACCTTGAGCTCATGAGT,1,5229701
yqjE_yqjK_yqjD_yqjC_predicted,0.5,19,13,CGAAAAATCCACGCATAGGC,6,5219628
yqjE_yqjK_yqjD_yqjC_predicted,0.14285714285714285,14,13,CCTTTTTACTCCAACTGGTT,1,5170779
yqjE_yqjK_yqjD_yqjC_predicted,5.928571428571429,95,13,CCTTGACGTATAACTTTCCT,82,5242447
yqjE_yqjK_yqjD_yqjC_predicted,1.0,26,13,CCTTGACAAGATTAATCGTA,13,5183572
yqjE_yqjK_yqjD_yqjC_predicted,0.7857142857142857,23,13,CCTTACATGTGAAGCCATCA,10,5250884
yqjE_yqjK_yqjD_yqjC_predicted,2.5714285714285716,48,13,CCTGGCTTAGACGAGCACAG,35,5217263
yqjE_yqjK_yqjD_yqjC_predicted,1.3571428571428572,31,13,CCTCGGTGACCGTATGGGGG,18,5241874
yqjE_yqjK_yqjD_yqjC_predicted,0.35714285714285715,17,13,CCTCCCTGGGACCAATTTGG,4,5200637
yqjE_yqjK_yqjD_yqjC_predicted,0.7142857142857143,22,13,CCTATGCAAATGTGTAGAAA,9,5209224
yqjE_yqjK_yqjD_yqjC_predicted,0.21428571428571427,15,13,CCGTTGCCTTGCGTCATTAC,2,5192623
yqjE_yqjK_yqjD_yqjC_predicted,0.9285714285714286,25,13,CCGTGTCTTAGTCATGCGCA,12,5198646
yqjE_yqjK_yqjD_yqjC_predicted,1.1428571428571428,28,13,CCGTCTTCGAAGTTAGGTAC,15,5229025
yqjE_yqjK_yqjD_yqjC_predicted,0.2857142857142857,16,13,CCGTCACTGCGTTGCAACTT,3,5208239
yqjE_yqjK_yqjD_yqjC_predicted,0.7857142857142857,23,13,CCGGTTCGATATTCGTGTCT,10,5198689
yqjE_yqjK_yqjD_yqjC_predicted,0.14285714285714285,14,13,CCGGGGGGCAGTTGCATGAA,1,5208055
yqjE_yqjK_yqjD_yqjC_predicted,0.2857142857142857,16,13,CCGCGGTTAGACAATCCACT,3,5209510
yqjE_yqjK_yqjD_yqjC_predicted,1.8571428571428572,38,13,CCGATATTTGGTGCAGTTAT,25,5241077
yqjE_yqjK_yqjD_yqjC_predicted,0.21428571428571427,15,13,CCGACAGACGGTTGTTTCTC,2,5202062
yqjE_yqjK_yqjD_yqjC_predicted,2.642857142857143,49,13,CCCTGGGAACCTGCTGGATC,36,5245698
yqjE_yqjK_yqjD_yqjC_predicted,2.5,47,13,CCCTAAGCAATATTCAGCGT,34,5209950
yqjE_yqjK_yqjD_yqjC_predicted,1.1428571428571428,28,13,CCCGGTACAATACCGCAATG,15,5236126
yqjE_yqjK_yqjD_yqjC_predicted,0.35714285714285715,17,13,CCCCTTAGGACCACATATAG,4,5203764
yqjE_yqjK_yqjD_yqjC_predicted,0.35714285714285715,17,13,CCCCCGAGAGATGTTTTCTA,4,5250547
yqjE_yqjK_yqjD_yqjC_predicted,0.42857142857142855,18,13,CCCCACAAGTCTAGGGACAC,5,5179700
yqjE_yqjK_yqjD_yqjC_predicted,1.4285714285714286,32,13,CCCCAAGACCCTGTCCTCCT,19,5202016
yqjE_yqjK_yqjD_yqjC_predicted,0.9285714285714286,25,13,CCATTAAAGGATCGCTGGTT,12,5225001
yqjE_yqjK_yqjD_yqjC_predicted,0.14285714285714285,14,13,CCATGAGGTAATCATGGCGA,1,5247765
yqjE_yqjK_yqjD_yqjC_predicted,0.5714285714285714,20,13,CCAGATCTACGCAGAGTTGA,7,5241703
yqjE_yqjK_yqjD_yqjC_predicted,0.8571428571428571,24,13,CCAAGTCTTTTCGTTAAACA,11,5232922
yqjE_yqjK_yqjD_yqjC_predicted,1.1428571428571428,28,13,CATTATGCGCACATCTCCGC,15,5251013
yqjE_yqjK_yqjD_yqjC_predicted,0.5714285714285714,20,13,CATGTACGCCTAAAGGTGTT,7,5227207
yqjE_yqjK_yqjD_yqjC_predicted,0.5714285714285714,20,13,CATGCTGGGGCTTTCCGATA,7,5245274
yqjE_yqjK_yqjD_yqjC_predicted,0.6428571428571429,21,13,CATGCGGAGTTGATCAGAGT,8,5178899
yqjE_yqjK_yqjD_yqjC_predicted,0.42857142857142855,18,13,CATCGAGTGGGCTAACCATG,5,5220178
yqjE_yqjK_yqjD_yqjC_predicted,1.9285714285714286,39,13,CATCACGCGAAAAGCACGAT,26,5252708
yqjE_yqjK_yqjD_yqjC_predicted,0.2857142857142857,16,13,CATATAGGGGGAGTTGCTCA,3,5240083
yqjE_yqjK_yqjD_yqjC_predicted,1.6428571428571428,35,13,CATACCTCGTGAGCAGCAAT,22,5199612
yqjE_yqjK_yqjD_yqjC_predicted,0.8571428571428571,24,13,CAGTGTGCCCCAGCCGACAC,11,5241135
yqjE_yqjK_yqjD_yqjC_predicted,0.14285714285714285,14,13,CAGTCACTAAGACAGGATCC,1,5215259
yqjE_yqjK_yqjD_yqjC_predicted,1.0714285714285714,27,13,CAGTCACCCGATTAAACTCG,14,5213056
yqjE_yqjK_yqjD_yqjC_predicted,0.5714285714285714,20,13,CAGGTTGCTATGTAACGCTT,7,5183378
yqjE_yqjK_yqjD_yqjC_predicted,0.14285714285714285,14,13,CAGGTAGCCCCCCTATCGAT,1,5188300
yqjE_yqjK_yqjD_yqjC_predicted,0.6428571428571429,21,13,CAGGGGTCAGATCTTTTTCG,8,5190425
yqjE_yqjK_yqjD_yqjC_predicted,0.35714285714285715,17,13,CAGGGCTCATCGTGTCGGTG,4,5222576
yqjE_yqjK_yqjD_yqjC_predicted,0.21428571428571427,15,13,CAGGCCAACACCATTAACAC,2,5211492
yqjE_yqjK_yqjD_yqjC_predicted,0.35714285714285715,17,13,CAGGAATTAGTTCCCTACTT,4,5258048
yqjE_yqjK_yqjD_yqjC_predicted,0.8571428571428571,24,13,CAGAGACATTTGAAAAAAAG,11,5227072
yqjE_yqjK_yqjD_yqjC_predicted,0.7142857142857143,22,13,CACGTGAAGGAAACCGCAAC,9,5186252
yqjE_yqjK_yqjD_yqjC_predicted,1.2857142857142858,30,13,CACAAGGTGTGAATCTGATT,17,5248564
yqjE_yqjK_yqjD_yqjC_predicted,0.2857142857142857,16,13,CAATATCTCGATCCGACATT,3,5193814
yqjE_yqjK_yqjD_yqjC_predicted,0.14285714285714285,14,13,CAAGTGTGTGCGCACGTTAA,1,5248791
yqjE_yqjK_yqjD_yqjC_predicted,1.8571428571428572,38,13,CAAGCACATGCAAACAACTT,25,5231523
yqjE_yqjK_yqjD_yqjC_predicted,2.0714285714285716,41,13,CAAGACCTTGGATTACCATT,28,5252056
yqjE_yqjK_yqjD_yqjC_predicted,1.7142857142857142,36,13,ATTTGGACGTTTCCCGGACT,23,5186891
yqjE_yqjK_yqjD_yqjC_predicted,0.42857142857142855,18,13,ATTTGACGCGCCTTCAAGCC,5,5176696
yqjE_yqjK_yqjD_yqjC_predicted,0.2857142857142857,16,13,ATTTCCGGTGACAGTCCACG,3,5172734
yqjE_yqjK_yqjD_yqjC_predicted,0.8571428571428571,24,13,ATTGTACAGAAAACTTGCGA,11,5224956
yqjE_yqjK_yqjD_yqjC_predicted,0.42857142857142855,18,13,ATTGATGAACAATGAGTAGC,5,5203437
yqjE_yqjK_yqjD_yqjC_predicted,2.9285714285714284,53,13,ATTCTTCCGTGCACGATTAC,40,5173973
yqjE_yqjK_yqjD_yqjC_predicted,0.21428571428571427,15,13,ATTCTAGTCAAGGATGGGAA,2,5251854
yqjE_yqjK_yqjD_yqjC_predicted,1.0714285714285714,27,13,ATTCGGGGCGCCATCACTAC,14,5192746
yqjE_yqjK_yqjD_yqjC_predicted,1.0714285714285714,27,13,ATTCATCTCCCTAAGAAGTT,14,5255113
yqjE_yqjK_yqjD_yqjC_predicted,1.9285714285714286,39,13,ATTACGTGATTGCGTCCCCG,26,5232260
yqjE_yqjK_yqjD_yqjC_predicted,0.8571428571428571,24,13,ATGTTGGCTGTACGCTCTTC,11,5226125
yqjE_yqjK_yqjD_yqjC_predicted,1.7857142857142858,37,13,ATGTTCTTCTACCATAATAT,24,5205889
yqjE_yqjK_yqjD_yqjC_predicted,0.2857142857142857,16,13,ATGTTCGTCTCTGTCACCTT,3,5177274
yqjE_yqjK_yqjD_yqjC_predicted,0.14285714285714285,14,13,ATGTAAGACGCCACCAAAAT,1,5262585
yqjE_yqjK_yqjD_yqjC_predicted,1.1428571428571428,28,13,ATGGTCTGTATCGTATTCCC,15,5190025
yqjE_yqjK_yqjD_yqjC_predicted,1.1428571428571428,28,13,ATGGGGATCGCCAACGGGTG,15,5246513
yqjE_yqjK_yqjD_yqjC_predicted,0.21428571428571427,15,13,ATGATGGGGCGAGGAGATGA,2,5256683
yqjE_yqjK_yqjD_yqjC_predicted,0.14285714285714285,14,13,ATGAGTCTTTATGATATATC,1,5184165
yqjE_yqjK_yqjD_yqjC_predicted,2.7142857142857144,50,13,ATCTCGTCCTTCCCCGCCTA,37,5249995
yqjE_yqjK_yqjD_yqjC_predicted,0.14285714285714285,14,13,ATCTACTTTTGCCGAAGATT,1,5231539
yqjE_yqjK_yqjD_yqjC_predicted,0.8571428571428571,24,13,ATCTAAGAGTCCGATTGGAA,11,5214188
yqjE_yqjK_yqjD_yqjC_predicted,1.7142857142857142,36,13,ATCATTGTGTCACACAGGGG,23,5180266
yqjE_yqjK_yqjD_yqjC_predicted,1.4285714285714286,32,13,ATCAGGAAAGTAAAGCCCGG,19,5252637
yqjE_yqjK_yqjD_yqjC_predicted,0.8571428571428571,24,13,ATATTGCGCTAGTTCGAGAT,11,5213495
yqjE_yqjK_yqjD_yqjC_predicted,1.8571428571428572,38,13,ATATCCAACTGAGGGTCCAC,25,5176690
yqjE_yqjK_yqjD_yqjC_predicted,0.35714285714285715,17,13,ATATACGCCCCCTGGATAAC,4,5181598
yqjE_yqjK_yqjD_yqjC_predicted,1.8571428571428572,38,13,ATAGGGTGATAACGTCCGAC,25,5254790
yqjE_yqjK_yqjD_yqjC_predicted,1.8571428571428572,38,13,ATACCTACGAAGGCGTGCGA,25,5211668
yqjE_yqjK_yqjD_yqjC_predicted,0.14285714285714285,14,13,ATACCCCGTTCGTTCGGGAT,1,5261120
yqjE_yqjK_yqjD_yqjC_predicted,0.5714285714285714,20,13,ATAACGATAGCCACTATAAA,7,5211979
yqjE_yqjK_yqjD_yqjC_predicted,1.6428571428571428,35,13,AGTTGATGCCAGGTCTTAAC,22,5208979
yqjE_yqjK_yqjD_yqjC_predicted,1.1428571428571428,28,13,AGTTCTGAGACCGTATGTCC,15,5199299
yqjE_yqjK_yqjD_yqjC_predicted,0.2857142857142857,16,13,AGTTCGTACACTTCGGGTAA,3,5261128
yqjE_yqjK_yqjD_yqjC_predicted,0.6428571428571429,21,13,AGTTCAACCCGCTAGGCAGA,8,5170958
yqjE_yqjK_yqjD_yqjC_predicted,0.9285714285714286,25,13,AGTCGGCTACTTCCACATAA,12,5227498
yqjE_yqjK_yqjD_yqjC_predicted,2.2857142857142856,44,13,AGTCACTCAGTGCGCATCAA,31,5210899
yqjE_yqjK_yqjD_yqjC_predicted,1.8571428571428572,38,13,AGTAGACCCATGGGTAGCTG,25,5243822
yqjE_yqjK_yqjD_yqjC_predicted,0.21428571428571427,15,13,AGGGGGTTAATCTAGATGTC,2,5207280
yqjE_yqjK_yqjD_yqjC_predicted,3.357142857142857,59,13,AGGGAAGTATTCAGGTAGTA,46,5220007
yqjE_yqjK_yqjD_yqjC_predicted,0.2857142857142857,16,13,AGGCTTCGTACTGGGACCTG,3,5195608
yqjE_yqjK_yqjD_yqjC_predicted,2.857142857142857,52,13,AGGCGAATGTATCCCTGTTC,39,5202550
yqjE_yqjK_yqjD_yqjC_predicted,0.5,19,13,AGGCCGGTCAAGAATATCTT,6,5257209
yqjE_yqjK_yqjD_yqjC_predicted,0.35714285714285715,17,13,AGGCCGCGCTCTTCACGCTG,4,5261450
yqjE_yqjK_yqjD_yqjC_predicted,0.5,19,13,AGGATTGCGGCATCTTGTAT,6,5192734
yqjE_yqjK_yqjD_yqjC_predicted,1.8571428571428572,38,13,AGGAAGCATACCCCCGTTGT,25,5215333
yqjE_yqjK_yqjD_yqjC_predicted,2.2857142857142856,44,13,AGCTCCTAGGTACGTAAAGA,31,5180320
yqjE_yqjK_yqjD_yqjC_predicted,0.8571428571428571,24,13,AGCGGGCCGTTGGTCAATTG,11,5180680
yqjE_yqjK_yqjD_yqjC_predicted,1.0,26,13,AGCGGAGCTACCTGGAGCGT,13,5239691
yqjE_yqjK_yqjD_yqjC_predicted,0.7142857142857143,22,13,AGCGGAAGATCGGCCCAAAA,9,5235839
yqjE_yqjK_yqjD_yqjC_predicted,1.1428571428571428,28,13,AGCGCACTTTTGATCCCGTT,15,5239083
yqjE_yqjK_yqjD_yqjC_predicted,0.5714285714285714,20,13,AGCGCAAGGCATATATTGGA,7,5260228
yqjE_yqjK_yqjD_yqjC_predicted,0.42857142857142855,18,13,AGCCCCTGTTACGTGCACAT,5,5257008
yqjE_yqjK_yqjD_yqjC_predicted,1.2142857142857142,29,13,AGCCACTCTCTAAGGTGTCC,16,5179315
yqjE_yqjK_yqjD_yqjC_predicted,0.42857142857142855,18,13,AGCATATTTCTGTCATCGGA,5,5230478
yqjE_yqjK_yqjD_yqjC_predicted,0.7142857142857143,22,13,AGCAGCACTCTTGTTGTAGG,9,5256342
yqjE_yqjK_yqjD_yqjC_predicted,1.6428571428571428,35,13,AGATATAACCACTCTTGCTC,22,5248467
yqjE_yqjK_yqjD_yqjC_predicted,1.7857142857142858,37,13,AGATAACATTCCCAGAGTCA,24,5234294
yqjE_yqjK_yqjD_yqjC_predicted,0.9285714285714286,25,13,AGACTATTTCCTTGTCTGTA,12,5236296
yqjE_yqjK_yqjD_yqjC_predicted,0.2857142857142857,16,13,AGACGGTCTAGCCAGAACGC,3,5193806
yqjE_yqjK_yqjD_yqjC_predicted,1.1428571428571428,28,13,AGACGGCAAGATGGCAATAG,15,5183894
yqjE_yqjK_yqjD_yqjC_predicted,0.5714285714285714,20,13,AGAATACCTCCGGTCATTTA,7,5226045
yqjE_yqjK_yqjD_yqjC_predicted,0.21428571428571427,15,13,AGAACTCAGGTTCAGGAACT,2,5213925
yqjE_yqjK_yqjD_yqjC_predicted,1.1428571428571428,28,13,ACTTGTAGTTACCTCCGGAT,15,5252233
yqjE_yqjK_yqjD_yqjC_predicted,1.0,26,13,ACTGTGTCTGGAACGTAGAT,13,5230746
yqjE_yqjK_yqjD_yqjC_predicted,2.142857142857143,42,13,ACTGCTCCCACAATGCCGTA,29,5261805
yqjE_yqjK_yqjD_yqjC_predicted,0.2857142857142857,16,13,ACTCTACAAAAACGTGAGTA,3,5182653
yqjE_yqjK_yqjD_yqjC_predicted,2.2857142857142856,44,13,ACTCTAACCGCTCGCACGAC,31,5180846
yqjE_yqjK_yqjD_yqjC_predicted,0.2857142857142857,16,13,ACTCCATTGTAATGCTTGGA,3,5189131
yqjE_yqjK_yqjD_yqjC_predicted,0.14285714285714285,14,13,ACTAGCCCGACCGGATAGTG,1,5255615
yqjE_yqjK_yqjD_yqjC_predicted,0.7857142857142857,23,13,ACGTGCCAGTATCGCCTCCT,10,5176481
yqjE_yqjK_yqjD_yqjC_predicted,0.21428571428571427,15,13,ACGTGAGGCATGATGTGCGT,2,5180788
yqjE_yqjK_yqjD_yqjC_predicted,0.5714285714285714,20,13,ACGTCCCCAGATTAACTCGC,7,5199525
yqjE_yqjK_yqjD_yqjC_predicted,0.35714285714285715,17,13,ACGTAGGCCAGAACGGAATA,4,5260597
yqjE_yqjK_yqjD_yqjC_predicted,0.14285714285714285,14,13,ACGGTATGCACAATTCATAA,1,5222390
yqjE_yqjK_yqjD_yqjC_predicted,0.14285714285714285,14,13,ACGGCTACCCCCACACCGAA,1,5202312
yqjE_yqjK_yqjD_yqjC_predicted,0.35714285714285715,17,13,ACGGAGTTTGGTGCGCTCAC,4,5229560
yqjE_yqjK_yqjD_yqjC_predicted,0.5,19,13,ACGCGTGCGATCGATAGATA,6,5219205
yqjE_yqjK_yqjD_yqjC_predicted,0.14285714285714285,14,13,ACGATCGAAGCTCCTATGTA,1,5256939
yqjE_yqjK_yqjD_yqjC_predicted,0.7142857142857143,22,13,ACGATACCATAGTTATGTAG,9,5244300
yqjE_yqjK_yqjD_yqjC_predicted,0.7142857142857143,22,13,ACGAGCTCATTTAGTTCATA,9,5178428
yqjE_yqjK_yqjD_yqjC_predicted,2.357142857142857,45,13,ACGAGCACGATCACCATTTA,32,5235256
yqjE_yqjK_yqjD_yqjC_predicted,1.3571428571428572,31,13,ACGAGACAGATATTGGAAGT,18,5180537
yqjE_yqjK_yqjD_yqjC_predicted,0.2857142857142857,16,13,ACCTATATGGCCGTGTACAG,3,5208225
yqjE_yqjK_yqjD_yqjC_predicted,1.0,26,13,ACCTAAGCCTTCATATTTCT,13,5205480
yqjE_yqjK_yqjD_yqjC_predicted,0.35714285714285715,17,13,ACCCCACGTTTGCCACGGCG,4,5247132
yqjE_yqjK_yqjD_yqjC_predicted,1.0714285714285714,27,13,ACCATGACCCTAAGCTGTCA,14,5247026
yqjE_yqjK_yqjD_yqjC_predicted,0.14285714285714285,14,13,ACCAGCCTCAAATATTAGGA,1,5188513
yqjE_yqjK_yqjD_yqjC_predicted,0.21428571428571427,15,13,ACCACGTGTAATAGGGATCG,2,5243823
yqjE_yqjK_yqjD_yqjC_predicted,0.6428571428571429,21,13,ACATGACCTCTATCTCGAAT,8,5209075
yqjE_yqjK_yqjD_yqjC_predicted,0.42857142857142855,18,13,ACATCTTATCGTGAGTCGGA,5,5235785
yqjE_yqjK_yqjD_yqjC_predicted,2.2857142857142856,44,13,ACAGTAGATGAGGATCAGCA,31,5183604
yqjE_yqjK_yqjD_yqjC_predicted,1.1428571428571428,28,13,ACACGTTAGGCGTTTAGAAT,15,5177297
yqjE_yqjK_yqjD_yqjC_predicted,1.0,26,13,AATTGTGAAGTTACGACTGG,13,5201285
yqjE_yqjK_yqjD_yqjC_predicted,0.5,19,13,AATTGGTCAGAGATATCGTG,6,5187890
yqjE_yqjK_yqjD_yqjC_predicted,0.35714285714285715,17,13,AATTGGAAAACGAGCAAGAA,4,5207407
yqjE_yqjK_yqjD_yqjC_predicted,0.21428571428571427,15,13,AATTGCCTGAACTAGATGCA,2,5178400
yqjE_yqjK_yqjD_yqjC_predicted,0.7142857142857143,22,13,AATGGCGGATCGGTGCTTTT,9,5219328
yqjE_yqjK_yqjD_yqjC_predicted,1.3571428571428572,31,13,AATGGCCTGTGTTGATTAAG,18,5209455
yqjE_yqjK_yqjD_yqjC_predicted,1.4285714285714286,32,13,AATCGCCGCCGTCGAGTTTA,19,5192104
yqjE_yqjK_yqjD_yqjC_predicted,0.5714285714285714,20,13,AATCCTGCCCCAACATCGCG,7,5254526
yqjE_yqjK_yqjD_yqjC_predicted,0.21428571428571427,15,13,AATCCCGATCTGAGACTATG,2,5199122
yqjE_yqjK_yqjD_yqjC_predicted,0.7142857142857143,22,13,AATCCAGAACACTTATGGGA,9,5177900
yqjE_yqjK_yqjD_yqjC_predicted,0.7142857142857143,22,13,AATCAAACACTTAAGTCTTG,9,5253596
yqjE_yqjK_yqjD_yqjC_predicted,0.8571428571428571,24,13,AAGTGAGGATGGCGTGGTAC,11,5243181
yqjE_yqjK_yqjD_yqjC_predicted,1.0,26,13,AAGTCCTAGAGACATCGTTT,13,5213922
yqjE_yqjK_yqjD_yqjC_predicted,2.2857142857142856,44,13,AAGTCCCACATGGACGTCAT,31,5258464
yqjE_yqjK_yqjD_yqjC_predicted,2.0,40,13,AAGGCGCGTTTACTCAACGA,27,5176335
yqjE_yqjK_yqjD_yqjC_predicted,0.2857142857142857,16,13,AAGGCGCGATTTTGGGAGCG,3,5175853
yqjE_yqjK_yqjD_yqjC_predicted,0.2857142857142857,16,13,AAGGAGACTATGGTACGCAA,3,5247536
yqjE_yqjK_yqjD_yqjC_predicted,3.0,54,13,AAGCTGGTAAACTTTAATCT,41,5187051
yqjE_yqjK_yqjD_yqjC_predicted,0.2857142857142857,16,13,AAGAGCGGCAATCCTGAGAG,3,5233533
yqjE_yqjK_yqjD_yqjC_predicted,0.5714285714285714,20,13,AAGAAATATGGTGTGCTTAG,7,5202381
yqjE_yqjK_yqjD_yqjC_predicted,3.4285714285714284,60,13,AACTTCACCATCTCACACGA,47,5200000
yqjE_yqjK_yqjD_yqjC_predicted,0.14285714285714285,14,13,AACTGGGTTTTATACTGTAT,1,5178559
yqjE_yqjK_yqjD_yqjC_predicted,0.14285714285714285,14,13,AACGAGAAGTGGTGTATGAC,1,5186957
yqjE_yqjK_yqjD_yqjC_predicted,0.14285714285714285,14,13,AACACCTTAAGTAATGCACA,1,5213410
yqjE_yqjK_yqjD_yqjC_predicted,0.2857142857142857,16,13,AAATTAGCGATCCGCAAGGC,3,5192257
yqjE_yqjK_yqjD_yqjC_predicted,1.0,26,13,AAATCGCGATAGTAGCACCT,13,5247209
yqjE_yqjK_yqjD_yqjC_predicted,0.5714285714285714,20,13,AAATAACCTGGGGTCATTCA,7,5252060
yqjE_yqjK_yqjD_yqjC_predicted,0.14285714285714285,14,13,AAAGCGGTCAGATCTGACCA,1,5233387
yqjE_yqjK_yqjD_yqjC_predicted,1.7142857142857142,36,13,AAAGACCGAGCGAAGAGGTT,23,5233544
yqjE_yqjK_yqjD_yqjC_predicted,0.42857142857142855,18,13,AAAGACACGAAAATCCTAGT,5,5209689
yqjE_yqjK_yqjD_yqjC_predicted,0.5714285714285714,20,13,AAAATATCTCGGAAACCAGT,7,5183122
yqjE_yqjK_yqjD_yqjC_predicted,0.15384615384615385,13,12,TTTTTGTACTAGGGAGAGGT,1,5185300
yqjE_yqjK_yqjD_yqjC_predicted,0.8461538461538461,22,12,TTTTTGGTCTAGCCAAAGTT,10,5224626
yqjE_yqjK_yqjD_yqjC_predicted,0.46153846153846156,17,12,TTTTCCGAGATCGGGATAGA,5,5242986
yqjE_yqjK_yqjD_yqjC_predicted,0.38461538461538464,16,12,TTTCGAGGATTCACGACCTA,4,5199391
yqjE_yqjK_yqjD_yqjC_predicted,0.15384615384615385,13,12,TTTATACCACAAAAATGAGA,1,5182177
yqjE_yqjK_yqjD_yqjC_predicted,1.6153846153846154,32,12,TTTACAGATTCAGGCTAACT,20,5201513
yqjE_yqjK_yqjD_yqjC_predicted,0.23076923076923078,14,12,TTGTTTTACTATGTGTTTTC,2,5194193
yqjE_yqjK_yqjD_yqjC_predicted,1.3076923076923077,28,12,TTGTTATCGACGGTGAGAGA,16,5212460
yqjE_yqjK_yqjD_yqjC_predicted,1.0769230769230769,25,12,TTGGTGGGTATGTAATGTAG,13,5182575
yqjE_yqjK_yqjD_yqjC_predicted,0.46153846153846156,17,12,TTGGTGGACGGTAGGCCCCG,5,5239883
yqjE_yqjK_yqjD_yqjC_predicted,1.4615384615384615,30,12,TTGGATCGCGTTGGCTTAAC,18,5210269
yqjE_yqjK_yqjD_yqjC_predicted,1.4615384615384615,30,12,TTGGAAATCGTGATAGGGGG,18,5238905
yqjE_yqjK_yqjD_yqjC_predicted,0.15384615384615385,13,12,TTGCGGCGCCGTTGCATGCA,1,5256343
yqjE_yqjK_yqjD_yqjC_predicted,0.15384615384615385,13,12,TTGCCACTGGAGCTCTAATC,1,5188037
yqjE_yqjK_yqjD_yqjC_predicted,1.6153846153846154,32,12,TTGATATGACTGCATACAGA,20,5226818
yqjE_yqjK_yqjD_yqjC_predicted,2.1538461538461537,39,12,TTGATAAAGACCGGCGACGA,27,5209144
yqjE_yqjK_yqjD_yqjC_predicted,1.9230769230769231,36,12,TTCTGTAGTCGTCTGTCCAT,24,5253167
yqjE_yqjK_yqjD_yqjC_predicted,0.8461538461538461,22,12,TTCGTCGTGTCGAAACGTCA,10,5222506
yqjE_yqjK_yqjD_yqjC_predicted,0.6923076923076923,20,12,TTACTCAGCACGGGCTACTA,8,5191038
yqjE_yqjK_yqjD_yqjC_predicted,2.769230769230769,47,12,TTACGGAACTTTGAAAGAGT,35,5215518
yqjE_yqjK_yqjD_yqjC_predicted,0.15384615384615385,13,12,TTACAGGCTGATCATCAGGA,1,5253018
yqjE_yqjK_yqjD_yqjC_predicted,0.38461538461538464,16,12,TTAAGCAACTCAGAGGTTGA,4,5195420
yqjE_yqjK_yqjD_yqjC_predicted,1.3076923076923077,28,12,TGTTTCACGCCTCTGCTATG,16,5213568
yqjE_yqjK_yqjD_yqjC_predicted,1.4615384615384615,30,12,TGTGTGACCTGGACCAGCAG,18,5216773
yqjE_yqjK_yqjD_yqjC_predicted,2.923076923076923,49,12,TGTGTAGCTGAAACATAATG,37,5187373
yqjE_yqjK_yqjD_yqjC_predicted,0.15384615384615385,13,12,TGTGAGAATTACATCACTGC,1,5238804
yqjE_yqjK_yqjD_yqjC_predicted,1.4615384615384615,30,12,TGTCTGGATTTATACACAGC,18,5227199
yqjE_yqjK_yqjD_yqjC_predicted,2.230769230769231,40,12,TGTCGCAATACTTCCGACAC,28,5206404
yqjE_yqjK_yqjD_yqjC_predicted,2.6153846153846154,45,12,TGTCCAGTGACGGGGTAGCG,33,5250131
yqjE_yqjK_yqjD_yqjC_predicted,0.15384615384615385,13,12,TGTCCACTTGTACCATGTTT,1,5241155
yqjE_yqjK_yqjD_yqjC_predicted,1.2307692307692308,27,12,TGTAGTTGGTCCACTACTTT,15,5245130
yqjE_yqjK_yqjD_yqjC_predicted,3.6923076923076925,59,12,TGTAATCGGTGTAGTGAGGT,47,5216824
yqjE_yqjK_yqjD_yqjC_predicted,0.23076923076923078,14,12,TGTAAAATGCGCGCCCAATA,2,5228978
yqjE_yqjK_yqjD_yqjC_predicted,1.3846153846153846,29,12,TGGTTCAGTCTCAAGGGAGT,17,5191920
yqjE_yqjK_yqjD_yqjC_predicted,0.5384615384615384,18,12,TGGTTATCCCAGTGCTCACA,6,5186071
yqjE_yqjK_yqjD_yqjC_predicted,1.1538461538461537,26,12,TGGTTATCAAGGAGGGTAGC,14,5237153
yqjE_yqjK_yqjD_yqjC_predicted,0.46153846153846156,17,12,TGGTCTTCTTGTGATAAACA,5,5197159
yqjE_yqjK_yqjD_yqjC_predicted,1.6923076923076923,33,12,TGGTCGTCGCAATAAGATAC,21,5199129
yqjE_yqjK_yqjD_yqjC_predicted,0.46153846153846156,17,12,TGGGTACTGAGGCCAATATC,5,5233798
yqjE_yqjK_yqjD_yqjC_predicted,1.3846153846153846,29,12,TGGGGTGCGTATCGGAATCT,17,5202983
yqjE_yqjK_yqjD_yqjC_predicted,0.8461538461538461,22,12,TGGACAACAGGGAACCCCGT,10,5247141
yqjE_yqjK_yqjD_yqjC_predicted,0.6153846153846154,19,12,TGGACAAATGCTTCTCGGCG,7,5197855
yqjE_yqjK_yqjD_yqjC_predicted,0.15384615384615385,13,12,TGCTGGCAACAGTTAGGCAA,1,5184602
yqjE_yqjK_yqjD_yqjC_predicted,0.6923076923076923,20,12,TGCGTGCTAGGAGTGGTGTA,8,5192067
yqjE_yqjK_yqjD_yqjC_predicted,0.15384615384615385,13,12,TGCGTCGGTATATTGCTTGG,1,5180277
yqjE_yqjK_yqjD_yqjC_predicted,0.6923076923076923,20,12,TGCCTGGGAAATTAGGGCGT,8,5171102
yqjE_yqjK_yqjD_yqjC_predicted,1.5384615384615385,31,12,TGCATGGTTTAGCATACCCG,19,5184569
yqjE_yqjK_yqjD_yqjC_predicted,0.9230769230769231,23,12,TGCATCGAACCTTATGCGAG,11,5198968
yqjE_yqjK_yqjD_yqjC_predicted,1.3846153846153846,29,12,TGCAGTAGCTGTACTCTGGA,17,5257041
yqjE_yqjK_yqjD_yqjC_predicted,0.23076923076923078,14,12,TGATCCTGATAAACATTTGT,2,5178567
yqjE_yqjK_yqjD_yqjC_predicted,5.076923076923077,77,12,TGAGTGGTGCCAAAGGGTCC,65,5251632
yqjE_yqjK_yqjD_yqjC_predicted,0.3076923076923077,15,12,TGAGAATCTGTTGGCCATGC,3,5223162
yqjE_yqjK_yqjD_yqjC_predicted,1.0,24,12,TGACTATTCATTCGAGGTTA,12,5211793
yqjE_yqjK_yqjD_yqjC_predicted,0.6153846153846154,19,12,TGACGACAATAGAGGAGCCT,7,5228092
yqjE_yqjK_yqjD_yqjC_predicted,0.3076923076923077,15,12,TGACATGACGATCACAGTGT,3,5230577
yqjE_yqjK_yqjD_yqjC_predicted,1.0,24,12,TGAACGTATCTGGGTTTGCA,12,5218345
yqjE_yqjK_yqjD_yqjC_predicted,1.3846153846153846,29,12,TCTCCGGCCAGGCAACCTGT,17,5231387
yqjE_yqjK_yqjD_yqjC_predicted,0.38461538461538464,16,12,TCTATAGATGTAAGTTTACG,4,5181916
yqjE_yqjK_yqjD_yqjC_predicted,1.0,24,12,TCGTGTCTGAAACGGGTGTG,12,5238743
yqjE_yqjK_yqjD_yqjC_predicted,1.0769230769230769,25,12,TCGTAAGTTTAATTGGATTC,13,5197346
yqjE_yqjK_yqjD_yqjC_predicted,0.15384615384615385,13,12,TCGGTCGCGGATAGATCTTA,1,5230599
yqjE_yqjK_yqjD_yqjC_predicted,0.9230769230769231,23,12,TCGGGTGATCCAGTGTCCGA,11,5243323
yqjE_yqjK_yqjD_yqjC_predicted,2.0,37,12,TCGGGGTCATCACATGTGGA,25,5235029
yqjE_yqjK_yqjD_yqjC_predicted,1.6153846153846154,32,12,TCGGGGATATCAGTAGGAGT,20,5212487
yqjE_yqjK_yqjD_yqjC_predicted,0.38461538461538464,16,12,TCGAGAGTTAATTAGACGCA,4,5189125
yqjE_yqjK_yqjD_yqjC_predicted,2.0,37,12,TCGACTGTGGTCGGCAGTAC,25,5235657
yqjE_yqjK_yqjD_yqjC_predicted,0.46153846153846156,17,12,TCGACTCGCCCAAGTCACAG,5,5226123
yqjE_yqjK_yqjD_yqjC_predicted,0.15384615384615385,13,12,TCGAATGACTTGTTTCGATC,1,5183983
yqjE_yqjK_yqjD_yqjC_predicted,0.7692307692307693,21,12,TCGAAACCCCAATTACGACA,9,5208358
yqjE_yqjK_yqjD_yqjC_predicted,1.3076923076923077,28,12,TCCTAGGCGGCGTTGGAACT,16,5226051
yqjE_yqjK_yqjD_yqjC_predicted,0.7692307692307693,21,12,TCCGCTCAGTACATTCTGAC,9,5196789
yqjE_yqjK_yqjD_yqjC_predicted,1.9230769230769231,36,12,TCCGCTAAGAGGTTACAGCT,24,5224681
yqjE_yqjK_yqjD_yqjC_predicted,0.15384615384615385,13,12,TCCGCGAAGGACGCAGATAC,1,5174798
yqjE_yqjK_yqjD_yqjC_predicted,1.2307692307692308,27,12,TCCGCACGGATGTATTGCTC,15,5192105
yqjE_yqjK_yqjD_yqjC_predicted,0.3076923076923077,15,12,TCCGAGGACGTCGTTGAGAC,3,5245136
yqjE_yqjK_yqjD_yqjC_predicted,0.38461538461538464,16,12,TCCGACGCCTGATCGCCTTT,4,5257954
yqjE_yqjK_yqjD_yqjC_predicted,1.0,24,12,TCCCGACTTGTTCCTACGTG,12,5221698
yqjE_yqjK_yqjD_yqjC_predicted,1.1538461538461537,26,12,TCCAGCCGGTGGGCAAGTAA,14,5184428
yqjE_yqjK_yqjD_yqjC_predicted,0.23076923076923078,14,12,TCATACACAACCAAGGATGA,2,5188080
yqjE_yqjK_yqjD_yqjC_predicted,2.4615384615384617,43,12,TCAGTCGGCGTATATCATCT,31,5255470
yqjE_yqjK_yqjD_yqjC_predicted,0.6923076923076923,20,12,TCAGGGGCATAATAAGCATT,8,5244416
yqjE_yqjK_yqjD_yqjC_predicted,0.6153846153846154,19,12,TCACTTCCGCCGGTGTGTGT,7,5262979
yqjE_yqjK_yqjD_yqjC_predicted,0.15384615384615385,13,12,TCACTCTCAGACCGCGCTGA,1,5227046
yqjE_yqjK_yqjD_yqjC_predicted,2.076923076923077,38,12,TCACCAGCCAGGCTGATTAC,26,5257432
yqjE_yqjK_yqjD_yqjC_predicted,2.6923076923076925,46,12,TCAATTCACTCGTGACGGAT,34,5177936
yqjE_yqjK_yqjD_yqjC_predicted,1.3076923076923077,28,12,TCAAGTATAAAAGGTTACTC,16,5217300
yqjE_yqjK_yqjD_yqjC_predicted,0.23076923076923078,14,12,TATTGAACTCTAGACTCATC,2,5171373
yqjE_yqjK_yqjD_yqjC_predicted,1.6153846153846154,32,12,TATTCGTACGACATGAGTAA,20,5178076
yqjE_yqjK_yqjD_yqjC_predicted,0.6923076923076923,20,12,TATGGTACGAAGGTCAGGGG,8,5216606
yqjE_yqjK_yqjD_yqjC_predicted,0.46153846153846156,17,12,TATGGGTTACTTTCGCACAT,5,5197034
yqjE_yqjK_yqjD_yqjC_predicted,2.076923076923077,38,12,TATGGATTGCACGCCTCCCA,26,5200239
yqjE_yqjK_yqjD_yqjC_predicted,0.9230769230769231,23,12,TATGGATACTCGCATTCGTA,11,5262964
yqjE_yqjK_yqjD_yqjC_predicted,0.15384615384615385,13,12,TATGAGACCGGGTAAGCTAG,1,5213198
yqjE_yqjK_yqjD_yqjC_predicted,2.8461538461538463,48,12,TATGACCTTTTCATCCTCGA,36,5241534
yqjE_yqjK_yqjD_yqjC_predicted,1.3076923076923077,28,12,TATCTTAGTCAAGTCCAAGA,16,5236427
yqjE_yqjK_yqjD_yqjC_predicted,0.23076923076923078,14,12,TATATTCGAGGGCACGGTGA,2,5251199
yqjE_yqjK_yqjD_yqjC_predicted,1.0,24,12,TATACTAGCTCTACTGGTAT,12,5182816
yqjE_yqjK_yqjD_yqjC_predicted,1.3846153846153846,29,12,TAGGGCACGGGGTACACGTT,17,5199007
yqjE_yqjK_yqjD_yqjC_predicted,1.3076923076923077,28,12,TAGCTCTAAATAGGACGTCT,16,5261733
yqjE_yqjK_yqjD_yqjC_predicted,1.3076923076923077,28,12,TAGATAATGTACGCCGCTCT,16,5254699
yqjE_yqjK_yqjD_yqjC_predicted,0.46153846153846156,17,12,TAGACAACCTGGCAATCATT,5,5238489
yqjE_yqjK_yqjD_yqjC_predicted,1.3076923076923077,28,12,TACTTGATTACAACCCTGCA,16,5203421
yqjE_yqjK_yqjD_yqjC_predicted,0.38461538461538464,16,12,TACGATGGTTCATCTGTACA,4,5178426
yqjE_yqjK_yqjD_yqjC_predicted,1.5384615384615385,31,12,TACCGGGGAAATCAGTTTTC,19,5207807
yqjE_yqjK_yqjD_yqjC_predicted,0.15384615384615385,13,12,TACCGGGCAACTACGACTAT,1,5195300
yqjE_yqjK_yqjD_yqjC_predicted,0.5384615384615384,18,12,TACCAGATAATATTCGGGAT,6,5213261
yqjE_yqjK_yqjD_yqjC_predicted,1.6153846153846154,32,12,TAATTACGATAAACCGACCA,20,5219513
yqjE_yqjK_yqjD_yqjC_predicted,0.8461538461538461,22,12,TAATGCATACAATGCGGGAA,10,5251510
yqjE_yqjK_yqjD_yqjC_predicted,1.0769230769230769,25,12,TAACGGCAAGATCAGGTTCT,13,5218227
yqjE_yqjK_yqjD_yqjC_predicted,0.7692307692307693,21,12,TAAAGGCCTGTACGGTTGGG,9,5171490
yqjE_yqjK_yqjD_yqjC_predicted,2.3076923076923075,41,12,GTTTTCATGGCTACGTGCCA,29,5205083
yqjE_yqjK_yqjD_yqjC_predicted,0.3076923076923077,15,12,GTTTGGAAAGGCTTTCAGGT,3,5172598
yqjE_yqjK_yqjD_yqjC_predicted,1.0769230769230769,25,12,GTTTCGGCCCGTATCAGGGC,13,5214470
yqjE_yqjK_yqjD_yqjC_predicted,0.15384615384615385,13,12,GTTTAAAAGTGGTGTTAGAA,1,5204448
yqjE_yqjK_yqjD_yqjC_predicted,6.0,89,12,GTTGTCGGTAAAGCCGGACT,77,5262702
yqjE_yqjK_yqjD_yqjC_predicted,0.6923076923076923,20,12,GTTGGGAATCTGGTTACACC,8,5173208
yqjE_yqjK_yqjD_yqjC_predicted,0.3076923076923077,15,12,GTTGCGACAGCAGGTCAAGT,3,5226241
yqjE_yqjK_yqjD_yqjC_predicted,1.2307692307692308,27,12,GTTGCATGATGGTTTTACGT,15,5180183
yqjE_yqjK_yqjD_yqjC_predicted,0.38461538461538464,16,12,GTTGATCCAGCGCAAGCCGA,4,5200883
yqjE_yqjK_yqjD_yqjC_predicted,6.076923076923077,90,12,GTGTTGTTGTTTAGCGCCCC,78,5247856
yqjE_yqjK_yqjD_yqjC_predicted,1.6153846153846154,32,12,GTGGTCATTTTTTGTTCATT,20,5249193
yqjE_yqjK_yqjD_yqjC_predicted,0.23076923076923078,14,12,GTGGACTTTCGACTGTGGGA,2,5171548
yqjE_yqjK_yqjD_yqjC_predicted,1.0,24,12,GTGGACTTACTTTGATACTG,12,5201722
yqjE_yqjK_yqjD_yqjC_predicted,0.6153846153846154,19,12,GTGCGTGGGCACAGAAAGTT,7,5199609
yqjE_yqjK_yqjD_yqjC_predicted,0.6923076923076923,20,12,GTGCGGTAGGGCGTTGGCGT,8,5248995
yqjE_yqjK_yqjD_yqjC_predicted,0.3076923076923077,15,12,GTGCGCTGGTATTGGCGGGA,3,5202315
yqjE_yqjK_yqjD_yqjC_predicted,0.3076923076923077,15,12,GTGCAAGGTTCTGAAGGATT,3,5190628
yqjE_yqjK_yqjD_yqjC_predicted,0.15384615384615385,13,12,GTGATTTTACCACGCTGTGT,1,5193383
yqjE_yqjK_yqjD_yqjC_predicted,0.15384615384615385,13,12,GTCTCGCTGAAATCACGACC,1,5194204
yqjE_yqjK_yqjD_yqjC_predicted,0.7692307692307693,21,12,GTCTATGTGGCGGTGGATTT,9,5181403
yqjE_yqjK_yqjD_yqjC_predicted,2.076923076923077,38,12,GTCCTTGCGAATCCCGAGCT,26,5228301
yqjE_yqjK_yqjD_yqjC_predicted,0.15384615384615385,13,12,GTCCCGTTTTCAGAACCCAC,1,5255824
yqjE_yqjK_yqjD_yqjC_predicted,1.1538461538461537,26,12,GTCCCGATTGTGTCATTGTA,14,5187687
yqjE_yqjK_yqjD_yqjC_predicted,2.4615384615384617,43,12,GTCATTGAATCCCTTTCTCG,31,5245080
yqjE_yqjK_yqjD_yqjC_predicted,0.8461538461538461,22,12,GTATGGATCTAGTTCGACTG,10,5242528
yqjE_yqjK_yqjD_yqjC_predicted,1.1538461538461537,26,12,GTATCCGTGAAACTTCTAGA,14,5219293
yqjE_yqjK_yqjD_yqjC_predicted,0.6923076923076923,20,12,GTATAAGCGCTATATGATTA,8,5186323
yqjE_yqjK_yqjD_yqjC_predicted,0.15384615384615385,13,12,GTAGGTTAACAGTGGGTACA,1,5235372
yqjE_yqjK_yqjD_yqjC_predicted,0.9230769230769231,23,12,GTAGCCCCGTCATGGTTACC,11,5174334
yqjE_yqjK_yqjD_yqjC_predicted,1.1538461538461537,26,12,GTAATTGATGGTCCACCCGG,14,5239036
yqjE_yqjK_yqjD_yqjC_predicted,0.5384615384615384,18,12,GGTTGGCAAAGCCTTTACGA,6,5199346
yqjE_yqjK_yqjD_yqjC_predicted,1.2307692307692308,27,12,GGTTGGAAGTGAATTCATTT,15,5209523
yqjE_yqjK_yqjD_yqjC_predicted,1.2307692307692308,27,12,GGTTCAGCAACCGGGTTCAG,15,5223074
yqjE_yqjK_yqjD_yqjC_predicted,1.3076923076923077,28,12,GGTGTATCTAAACGGAGCCT,16,5240401
yqjE_yqjK_yqjD_yqjC_predicted,0.46153846153846156,17,12,GGTGAAATTACTAGAGTTGC,5,5193392
yqjE_yqjK_yqjD_yqjC_predicted,0.6923076923076923,20,12,GGTCCCACCGCGAGGATGGA,8,5215226
yqjE_yqjK_yqjD_yqjC_predicted,1.0,24,12,GGTATTCGTCCCATGCCGGG,12,5228259
yqjE_yqjK_yqjD_yqjC_predicted,1.3846153846153846,29,12,GGTAGACAGTGCGACAATGA,17,5180328
yqjE_yqjK_yqjD_yqjC_predicted,0.38461538461538464,16,12,GGGTTGGGCCTGCCCCCTTA,4,5177281
yqjE_yqjK_yqjD_yqjC_predicted,0.7692307692307693,21,12,GGGTGACGGCATGTTGGTAT,9,5189745
yqjE_yqjK_yqjD_yqjC_predicted,0.5384615384615384,18,12,GGGTAATGGTAAAGGGTATG,6,5183249
yqjE_yqjK_yqjD_yqjC_predicted,0.6923076923076923,20,12,GGGGGATATGACTTCCCGTT,8,5238254
yqjE_yqjK_yqjD_yqjC_predicted,3.076923076923077,51,12,GGGGCGGTGCAATGCTTCAA,39,5182930
yqjE_yqjK_yqjD_yqjC_predicted,0.46153846153846156,17,12,GGGCTGCCCTATAATCCTAT,5,5205203
yqjE_yqjK_yqjD_yqjC_predicted,0.8461538461538461,22,12,GGGCTATCTTCACACAATCT,10,5176686
yqjE_yqjK_yqjD_yqjC_predicted,1.9230769230769231,36,12,GGGCGCGGAACCTAGACCTC,24,5256154
yqjE_yqjK_yqjD_yqjC_predicted,1.2307692307692308,27,12,GGGATGTTCAGGGGGGCAGG,15,5193330
yqjE_yqjK_yqjD_yqjC_predicted,0.46153846153846156,17,12,GGGAGTACGAGCGCAGCTGC,5,5240719
yqjE_yqjK_yqjD_yqjC_predicted,3.5384615384615383,57,12,GGGAGGGGTCCGGGAAAAGT,45,5171127
yqjE_yqjK_yqjD_yqjC_predicted,2.076923076923077,38,12,GGGACATTGGCCACCTCTGC,26,5237597
yqjE_yqjK_yqjD_yqjC_predicted,1.8461538461538463,35,12,GGCTTAGCCGGTTTCAAAGA,23,5218937
yqjE_yqjK_yqjD_yqjC_predicted,1.0,24,12,GGCTCGTTCGACGTTCGACC,12,5174414
yqjE_yqjK_yqjD_yqjC_predicted,0.6923076923076923,20,12,GGCGTTAAATCGCTTCGTTT,8,5236788
yqjE_yqjK_yqjD_yqjC_predicted,1.4615384615384615,30,12,GGCCCTGATTTTATCCCGTG,18,5241063
yqjE_yqjK_yqjD_yqjC_predicted,1.1538461538461537,26,12,GGCCCCATTTCTTCAGAGTT,14,5202063
yqjE_yqjK_yqjD_yqjC_predicted,0.7692307692307693,21,12,GGCATTGCAATAATGAGTTC,9,5211322
yqjE_yqjK_yqjD_yqjC_predicted,0.3076923076923077,15,12,GGCATGTGTGGAGCGTCATA,3,5197243
yqjE_yqjK_yqjD_yqjC_predicted,0.7692307692307693,21,12,GGCATCAACCCAGTGGCCTT,9,5185770
yqjE_yqjK_yqjD_yqjC_predicted,0.15384615384615385,13,12,GGATGAAGATCATGTATGGT,1,5231391
yqjE_yqjK_yqjD_yqjC_predicted,0.7692307692307693,21,12,GGAGCATGAACAGCCTACTT,9,5233866
yqjE_yqjK_yqjD_yqjC_predicted,0.46153846153846156,17,12,GGAGAGCTCGGTTTTGGCCT,5,5245528
yqjE_yqjK_yqjD_yqjC_predicted,0.15384615384615385,13,12,GGACTTGTCGGTTCTAACCC,1,5229683
yqjE_yqjK_yqjD_yqjC_predicted,1.1538461538461537,26,12,GGACTCTGCCTGTTAGTGCT,14,5238911
yqjE_yqjK_yqjD_yqjC_predicted,0.6153846153846154,19,12,GGAAGACTACCCCGCCTCCC,7,5235607
yqjE_yqjK_yqjD_yqjC_predicted,1.2307692307692308,27,12,GCTTTTCAATCCCGTCGTTA,15,5242514
yqjE_yqjK_yqjD_yqjC_predicted,1.3076923076923077,28,12,GCTTTAGAACAGACGCTTGT,16,5170944
yqjE_yqjK_yqjD_yqjC_predicted,4.153846153846154,65,12,GCTGTCTGGGGGGTCCTCGA,53,5256904
yqjE_yqjK_yqjD_yqjC_predicted,1.0769230769230769,25,12,GCTGCTATGCCCTGATCGTT,13,5254154
yqjE_yqjK_yqjD_yqjC_predicted,0.15384615384615385,13,12,GCTCGGCAATGGGCCGAGGA,1,5215783
yqjE_yqjK_yqjD_yqjC_predicted,0.6153846153846154,19,12,GCTATGTATAATTGATCACA,7,5235927
yqjE_yqjK_yqjD_yqjC_predicted,2.1538461538461537,39,12,GCTAGATACCATGCCACTGG,27,5178017
yqjE_yqjK_yqjD_yqjC_predicted,0.23076923076923078,14,12,GCGGTGTTAATATTACCGTT,2,5240204
yqjE_yqjK_yqjD_yqjC_predicted,0.6923076923076923,20,12,GCGGCTTGGATCCGCCGATA,8,5245119
yqjE_yqjK_yqjD_yqjC_predicted,1.8461538461538463,35,12,GCGGCCCCGGCGTACCCCGT,23,5257176
yqjE_yqjK_yqjD_yqjC_predicted,2.5384615384615383,44,12,GCGCTCATCTTATCCGATGA,32,5230852
yqjE_yqjK_yqjD_yqjC_predicted,0.15384615384615385,13,12,GCGATATTTTACGTAAACAT,1,5223698
yqjE_yqjK_yqjD_yqjC_predicted,1.2307692307692308,27,12,GCGAGGTTCGGTATCCCATT,15,5202556
yqjE_yqjK_yqjD_yqjC_predicted,1.9230769230769231,36,12,GCCTGCGGGAGCCTTTTACC,24,5209633
yqjE_yqjK_yqjD_yqjC_predicted,0.7692307692307693,21,12,GCCGGGCTGGGCGCCGGGGA,9,5231243
yqjE_yqjK_yqjD_yqjC_predicted,0.3076923076923077,15,12,GCCCGACCGGCACATAAATT,3,5192769
yqjE_yqjK_yqjD_yqjC_predicted,0.46153846153846156,17,12,GCCCAATTACGAACGGGTTG,5,5211846
yqjE_yqjK_yqjD_yqjC_predicted,0.15384615384615385,13,12,GCCAGTTCTTCAGCTAATGT,1,5187640
yqjE_yqjK_yqjD_yqjC_predicted,2.0,37,12,GCCAGTGTCACCGATCGATA,25,5180236
yqjE_yqjK_yqjD_yqjC_predicted,1.4615384615384615,30,12,GCCAATATCTCGACGCACTG,18,5236334
yqjE_yqjK_yqjD_yqjC_predicted,0.9230769230769231,23,12,GCATGGGCTATACTGTTTCC,11,5217556
yqjE_yqjK_yqjD_yqjC_predicted,0.38461538461538464,16,12,GCATATGCCGCAGATATGCA,4,5242680
yqjE_yqjK_yqjD_yqjC_predicted,2.6153846153846154,45,12,GCAGGGCCGGCAAATTCTAT,33,5202266
yqjE_yqjK_yqjD_yqjC_predicted,0.38461538461538464,16,12,GCAGGATCAATGAGCGGCGG,4,5184809
yqjE_yqjK_yqjD_yqjC_predicted,0.3076923076923077,15,12,GCACAAGGTCACCGACGCGA,3,5198369
yqjE_yqjK_yqjD_yqjC_predicted,1.7692307692307692,34,12,GCAATAGTGCCTTAGATGCT,22,5196210
yqjE_yqjK_yqjD_yqjC_predicted,0.46153846153846156,17,12,GCAAGACCGTAAATGGTAAT,5,5220529
yqjE_yqjK_yqjD_yqjC_predicted,2.0,37,12,GATTCCAACCATCCTGACTT,25,5198030
yqjE_yqjK_yqjD_yqjC_predicted,2.230769230769231,40,12,GATGGTTGTACTATTCCTGT,28,5218958
yqjE_yqjK_yqjD_yqjC_predicted,1.0,24,12,GATGCTCTGAGTGACGTGAG,12,5214795
yqjE_yqjK_yqjD_yqjC_predicted,1.3846153846153846,29,12,GATCGGTCAAGGTATGACTC,17,5207464
yqjE_yqjK_yqjD_yqjC_predicted,0.5384615384615384,18,12,GATCGAAAACGGTTGAACGC,6,5253426
yqjE_yqjK_yqjD_yqjC_predicted,0.38461538461538464,16,12,GATCCCCGAAATTTTCCTTG,4,5228634
yqjE_yqjK_yqjD_yqjC_predicted,0.46153846153846156,17,12,GATCCATCTGATTTGATTAA,5,5176988
yqjE_yqjK_yqjD_yqjC_predicted,0.9230769230769231,23,12,GATCAAATTCATGAATGGAG,11,5249650
yqjE_yqjK_yqjD_yqjC_predicted,1.0769230769230769,25,12,GATACGCCGTATAAGATCTG,13,5251611
yqjE_yqjK_yqjD_yqjC_predicted,0.3076923076923077,15,12,GATAAACTGCCAAAAGTGCA,3,5224175
yqjE_yqjK_yqjD_yqjC_predicted,2.4615384615384617,43,12,GAGGTGAGAGAGTTCGATAA,31,5251766
yqjE_yqjK_yqjD_yqjC_predicted,0.38461538461538464,16,12,GAGGGTTCGATACCCGCTGG,4,5258181
yqjE_yqjK_yqjD_yqjC_predicted,1.6153846153846154,32,12,GAGCCGTCAACGCTGCAGTC,20,5182308
yqjE_yqjK_yqjD_yqjC_predicted,0.15384615384615385,13,12,GAGAGCTCAAACTTTATTTG,1,5246861
yqjE_yqjK_yqjD_yqjC_predicted,1.3846153846153846,29,12,GACTATCTTGTAGTCGAGTA,17,5217963
yqjE_yqjK_yqjD_yqjC_predicted,0.46153846153846156,17,12,GACGTCTGTTAGGTCTCTCA,5,5176178
yqjE_yqjK_yqjD_yqjC_predicted,0.6923076923076923,20,12,GACGGTACGCGGCATCTTTG,8,5219743
yqjE_yqjK_yqjD_yqjC_predicted,2.3076923076923075,41,12,GACCTTTACAGTCGCCATTT,29,5245885
yqjE_yqjK_yqjD_yqjC_predicted,0.3076923076923077,15,12,GACCCTACTGAATACTCCTT,3,5241615
yqjE_yqjK_yqjD_yqjC_predicted,0.5384615384615384,18,12,GACCAGTTAGCATCGCTCTC,6,5209573
yqjE_yqjK_yqjD_yqjC_predicted,0.7692307692307693,21,12,GACAGCACTCGACATGGTGC,9,5232252
yqjE_yqjK_yqjD_yqjC_predicted,0.9230769230769231,23,12,GAATAGTACTACCTGAATAC,11,5205741
yqjE_yqjK_yqjD_yqjC_predicted,1.1538461538461537,26,12,GAAGTAATTGATGGCGAACT,14,5249268
yqjE_yqjK_yqjD_yqjC_predicted,0.15384615384615385,13,12,GAAGCTTAGATGCAATTGAC,1,5253973
yqjE_yqjK_yqjD_yqjC_predicted,1.5384615384615385,31,12,GAAGAATTCCAACGAGGGCT,19,5210630
yqjE_yqjK_yqjD_yqjC_predicted,2.6153846153846154,45,12,CTTTGAGCTCAACTCTGGAG,33,5233812
yqjE_yqjK_yqjD_yqjC_predicted,1.4615384615384615,30,12,CTTTAGTGATACGTTCGAGT,18,5232367
yqjE_yqjK_yqjD_yqjC_predicted,0.8461538461538461,22,12,CTTGTATCTCAGTAGGATTA,10,5235969
yqjE_yqjK_yqjD_yqjC_predicted,0.9230769230769231,23,12,CTTGGGTCTTGAATCACAAT,11,5240249
yqjE_yqjK_yqjD_yqjC_predicted,0.15384615384615385,13,12,CTTCTTCAACATCCTCAGAT,1,5220954
yqjE_yqjK_yqjD_yqjC_predicted,0.8461538461538461,22,12,CTTCTGCTCAAAACGGGACG,10,5249143
yqjE_yqjK_yqjD_yqjC_predicted,2.230769230769231,40,12,CTTAGTTCATATAAACGACT,28,5195599
yqjE_yqjK_yqjD_yqjC_predicted,0.38461538461538464,16,12,CTTACCCGCCGCTTACCGAG,4,5221545
yqjE_yqjK_yqjD_yqjC_predicted,4.923076923076923,75,12,CTTACAGTCGGTTCAATGGC,63,5252501
yqjE_yqjK_yqjD_yqjC_predicted,1.4615384615384615,30,12,CTGTACCATGCAATGACTAC,18,5171873
yqjE_yqjK_yqjD_yqjC_predicted,0.6923076923076923,20,12,CTGTAATAAATTAGCGTTCT,8,5193487
yqjE_yqjK_yqjD_yqjC_predicted,0.3076923076923077,15,12,CTGGAAGTGCCGTGATCCAC,3,5170945
yqjE_yqjK_yqjD_yqjC_predicted,1.6153846153846154,32,12,CTGCTTTAATGCCTCACTTA,20,5205964
yqjE_yqjK_yqjD_yqjC_predicted,1.5384615384615385,31,12,CTGATCGGGCACCGGATGTG,19,5210994
yqjE_yqjK_yqjD_yqjC_predicted,0.6923076923076923,20,12,CTGACGTTATATCCCGCACA,8,5214253
yqjE_yqjK_yqjD_yqjC_predicted,2.076923076923077,38,12,CTCTTCAGCGGGCAGGCAAA,26,5239233
yqjE_yqjK_yqjD_yqjC_predicted,0.15384615384615385,13,12,CTCGTTATCGTAATGGGCAC,1,5188008
yqjE_yqjK_yqjD_yqjC_predicted,0.6923076923076923,20,12,CTCGTCCCCCGCCAATCACA,8,5204611
yqjE_yqjK_yqjD_yqjC_predicted,2.0,37,12,CTCCTCCAACCTGGCGTATG,25,5202913
yqjE_yqjK_yqjD_yqjC_predicted,0.6923076923076923,20,12,CTCCGTCACTCGACCGCTTA,8,5195121
yqjE_yqjK_yqjD_yqjC_predicted,0.38461538461538464,16,12,CTATTAGGCCAAGACAAAAC,4,5189215
yqjE_yqjK_yqjD_yqjC_predicted,1.5384615384615385,31,12,CTATCACAAGTGCTGTCATA,19,5228949
yqjE_yqjK_yqjD_yqjC_predicted,0.9230769230769231,23,12,CTATACTCCGCGTTTCAGTT,11,5228310
yqjE_yqjK_yqjD_yqjC_predicted,0.15384615384615385,13,12,CTAGTTATCGCTACAATTTG,1,5258451
yqjE_yqjK_yqjD_yqjC_predicted,0.23076923076923078,14,12,CTAGGACGCGCTCTTTCACT,2,5218387
yqjE_yqjK_yqjD_yqjC_predicted,0.46153846153846156,17,12,CTAGAGACTTTGTGTTGCCT,5,5225433
yqjE_yqjK_yqjD_yqjC_predicted,0.15384615384615385,13,12,CTACCGCTACTCACGCGCAT,1,5261503
yqjE_yqjK_yqjD_yqjC_predicted,1.3076923076923077,28,12,CGTTCATACTTCATTGCCAC,16,5202941
yqjE_yqjK_yqjD_yqjC_predicted,1.6153846153846154,32,12,CGTGTGAAGGCTGTGATTGT,20,5234453
yqjE_yqjK_yqjD_yqjC_predicted,0.46153846153846156,17,12,CGTGGGCAGCGCGCTCAACT,5,5215186
yqjE_yqjK_yqjD_yqjC_predicted,0.46153846153846156,17,12,CGTGGCGTCTTGTACTCCGT,5,5236921
yqjE_yqjK_yqjD_yqjC_predicted,0.23076923076923078,14,12,CGTCTTGCATCACCAACGTG,2,5183769
yqjE_yqjK_yqjD_yqjC_predicted,0.46153846153846156,17,12,CGTCAAAGGATGTGCCGGTA,5,5229738
yqjE_yqjK_yqjD_yqjC_predicted,0.7692307692307693,21,12,CGTAGAGTGAAAATTAGAGT,9,5209123
yqjE_yqjK_yqjD_yqjC_predicted,0.8461538461538461,22,12,CGTAAACGGACAAAGTTTCT,10,5198783
yqjE_yqjK_yqjD_yqjC_predicted,1.6923076923076923,33,12,CGGTTCACAGGCGTTAGCGG,21,5208137
yqjE_yqjK_yqjD_yqjC_predicted,1.9230769230769231,36,12,CGGTGTTTATCCCGGGATGA,24,5246257
yqjE_yqjK_yqjD_yqjC_predicted,0.15384615384615385,13,12,CGGTGGAAATCCCGGCTACG,1,5177847
yqjE_yqjK_yqjD_yqjC_predicted,0.3076923076923077,15,12,CGGGATGAGTATGAATACGC,3,5247386
yqjE_yqjK_yqjD_yqjC_predicted,0.6923076923076923,20,12,CGGGAGTTACCGAGAAGTCA,8,5182161
yqjE_yqjK_yqjD_yqjC_predicted,1.0,24,12,CGGGACATAAAACAATGACT,12,5179242
yqjE_yqjK_yqjD_yqjC_predicted,0.7692307692307693,21,12,CGGGACAGCCCACGAGCTGC,9,5208742
yqjE_yqjK_yqjD_yqjC_predicted,1.9230769230769231,36,12,CGGCTCGGCATAAGGGAGGC,24,5174662
yqjE_yqjK_yqjD_yqjC_predicted,0.46153846153846156,17,12,CGGATAATATTACTCCGTAA,5,5201809
yqjE_yqjK_yqjD_yqjC_predicted,0.23076923076923078,14,12,CGGACGAACGGGGAGAGTCG,2,5209971
yqjE_yqjK_yqjD_yqjC_predicted,1.0769230769230769,25,12,CGCTGTTGAGAATGGTCGCT,13,5252125
yqjE_yqjK_yqjD_yqjC_predicted,2.3846153846153846,42,12,CGCCTCGGAGCCTTCCCAGA,30,5192399
yqjE_yqjK_yqjD_yqjC_predicted,0.38461538461538464,16,12,CGCCTCACGCGGAATAGTAG,4,5252803
yqjE_yqjK_yqjD_yqjC_predicted,0.5384615384615384,18,12,CGCCATGCGCCCCTCACCGA,6,5197732
yqjE_yqjK_yqjD_yqjC_predicted,0.5384615384615384,18,12,CGATCCAGCCTACTGACTTA,6,5247231
yqjE_yqjK_yqjD_yqjC_predicted,3.076923076923077,51,12,CGAGATAACTTAACCTCCAA,39,5204875
yqjE_yqjK_yqjD_yqjC_predicted,0.9230769230769231,23,12,CGACTCCTCAACCGGTCATG,11,5205569
yqjE_yqjK_yqjD_yqjC_predicted,1.3076923076923077,28,12,CGACGAATGGTTAACAACCC,16,5224783
yqjE_yqjK_yqjD_yqjC_predicted,0.8461538461538461,22,12,CGAATTTGCAATAAAGTAGA,10,5178243
yqjE_yqjK_yqjD_yqjC_predicted,2.076923076923077,38,12,CGAATGGACACTTGTGGATG,26,5212370
yqjE_yqjK_yqjD_yqjC_predicted,4.153846153846154,65,12,CGAACGTTCACTTTCACATA,53,5253652
yqjE_yqjK_yqjD_yqjC_predicted,0.23076923076923078,14,12,CGAACATTACATCACAGTTT,2,5254182
yqjE_yqjK_yqjD_yqjC_predicted,0.38461538461538464,16,12,CCTGCTGTAGCCGCTGAATA,4,5229257
yqjE_yqjK_yqjD_yqjC_predicted,2.6923076923076925,46,12,CCTGCAGATCGTCATCTCCA,34,5200966
yqjE_yqjK_yqjD_yqjC_predicted,0.23076923076923078,14,12,CCTCTGGGGCTACTCATAGC,2,5191705
yqjE_yqjK_yqjD_yqjC_predicted,0.8461538461538461,22,12,CCTCAAATTCGGGGGATAGG,10,5256733
yqjE_yqjK_yqjD_yqjC_predicted,2.0,37,12,CCTAGCATAATTCTCGAGAC,25,5190402
yqjE_yqjK_yqjD_yqjC_predicted,0.23076923076923078,14,12,CCTAATGTACAGAGGGACAC,2,5261075
yqjE_yqjK_yqjD_yqjC_predicted,1.9230769230769231,36,12,CCGTGTTAAGTGTTATGAAT,24,5248298
yqjE_yqjK_yqjD_yqjC_predicted,1.0769230769230769,25,12,CCGGTCTCGGACCATTGAGC,13,5204798
yqjE_yqjK_yqjD_yqjC_predicted,0.38461538461538464,16,12,CCGGCGGCAGTTATGGCTGG,4,5240838
yqjE_yqjK_yqjD_yqjC_predicted,0.23076923076923078,14,12,CCGGCGACGCGTGCAACCAC,2,5193980
yqjE_yqjK_yqjD_yqjC_predicted,2.1538461538461537,39,12,CCGGCCCAGCTTACGCTCCG,27,5177287
yqjE_yqjK_yqjD_yqjC_predicted,0.23076923076923078,14,12,CCGGAAAGGTCACTGGCCGT,2,5187101
yqjE_yqjK_yqjD_yqjC_predicted,7.0,102,12,CCGCATGAACGTAAAGTATT,90,5248180
yqjE_yqjK_yqjD_yqjC_predicted,2.0,37,12,CCGATGCTTTTCACTCTGGG,25,5255260
yqjE_yqjK_yqjD_yqjC_predicted,3.6153846153846154,58,12,CCGAAGTTGGGTGGATTTGA,46,5188963
yqjE_yqjK_yqjD_yqjC_predicted,1.6923076923076923,33,12,CCGAACACCGCTTCAAGGGG,21,5197953
yqjE_yqjK_yqjD_yqjC_predicted,0.8461538461538461,22,12,CCCGCTGCACGTTGCCCCGG,10,5198322
yqjE_yqjK_yqjD_yqjC_predicted,0.15384615384615385,13,12,CCCGACCCGTATACGTACAC,1,5254557
yqjE_yqjK_yqjD_yqjC_predicted,1.4615384615384615,30,12,CCCCTCCATCGGGCCATAAG,18,5247162
yqjE_yqjK_yqjD_yqjC_predicted,1.0769230769230769,25,12,CCCCGATCATCATCGTTCGT,13,5218576
yqjE_yqjK_yqjD_yqjC_predicted,0.3076923076923077,15,12,CCCCCGTCGCGTTGTCGAGT,3,5220587
yqjE_yqjK_yqjD_yqjC_predicted,2.0,37,12,CCCCCATCGGCCGAGGTACG,25,5209755
yqjE_yqjK_yqjD_yqjC_predicted,0.5384615384615384,18,12,CCCAAGAACCACACGAACCG,6,5191080
yqjE_yqjK_yqjD_yqjC_predicted,1.8461538461538463,35,12,CCATTACGGCGTCGATAGCG,23,5187291
yqjE_yqjK_yqjD_yqjC_predicted,1.3846153846153846,29,12,CCATCTATCTTATGGTACCC,17,5226809
yqjE_yqjK_yqjD_yqjC_predicted,2.6923076923076925,46,12,CCAGTAGTCAGGGTCCGTAG,34,5260370
yqjE_yqjK_yqjD_yqjC_predicted,0.46153846153846156,17,12,CCAGGTCTCGAGGAAGGTTT,5,5215117
yqjE_yqjK_yqjD_yqjC_predicted,2.0,37,12,CCAGCGTGTGAAAGCGCTAT,25,5171645
yqjE_yqjK_yqjD_yqjC_predicted,0.3076923076923077,15,12,CCAAGCACAGGTTCATAGAA,3,5187609
yqjE_yqjK_yqjD_yqjC_predicted,0.23076923076923078,14,12,CCAAAAGTATGCATCTTGCA,2,5175859
yqjE_yqjK_yqjD_yqjC_predicted,2.5384615384615383,44,12,CATTTTATCGGTATTCAATT,32,5244478
yqjE_yqjK_yqjD_yqjC_predicted,2.3846153846153846,42,12,CATTGTACTTCGATACACGG,30,5262085
yqjE_yqjK_yqjD_yqjC_predicted,0.46153846153846156,17,12,CATTAGCGTCCTCCTCATGG,5,5218564
yqjE_yqjK_yqjD_yqjC_predicted,0.5384615384615384,18,12,CATCGGTAACTACTTGACAA,6,5175895
yqjE_yqjK_yqjD_yqjC_predicted,0.15384615384615385,13,12,CATCGCTATGGGGGACGCCT,1,5195416
yqjE_yqjK_yqjD_yqjC_predicted,3.6153846153846154,58,12,CATAGATCCTGATTTGGAGG,46,5241271
yqjE_yqjK_yqjD_yqjC_predicted,0.5384615384615384,18,12,CATAATATAGTGTGGTGCCC,6,5238266
yqjE_yqjK_yqjD_yqjC_predicted,0.23076923076923078,14,12,CAGTTGTTTAACTACCCCCG,2,5176888
yqjE_yqjK_yqjD_yqjC_predicted,0.7692307692307693,21,12,CAGTGTTGCGCTTCTTCGAA,9,5208302
yqjE_yqjK_yqjD_yqjC_predicted,1.4615384615384615,30,12,CAGTGCACAGGTCGCTCACA,18,5242441
yqjE_yqjK_yqjD_yqjC_predicted,1.3846153846153846,29,12,CAGTCGGGCAGCGAAACGGA,17,5250456
yqjE_yqjK_yqjD_yqjC_predicted,0.9230769230769231,23,12,CAGGAGTCCCCAGGAGGTGA,11,5258911
yqjE_yqjK_yqjD_yqjC_predicted,0.6153846153846154,19,12,CAGGACAGATGGTTCAGACT,7,5205518
yqjE_yqjK_yqjD_yqjC_predicted,1.3076923076923077,28,12,CAGCGACCGGTTAGAACGTC,16,5231023
yqjE_yqjK_yqjD_yqjC_predicted,1.0769230769230769,25,12,CAGCCTCTGATCTGCAAACG,13,5260724
yqjE_yqjK_yqjD_yqjC_predicted,0.3076923076923077,15,12,CAGATTTGAATGTGCATCCC,3,5229959
yqjE_yqjK_yqjD_yqjC_predicted,3.6153846153846154,58,12,CAGATCGTGCATATGTTCCA,46,5251688
yqjE_yqjK_yqjD_yqjC_predicted,0.5384615384615384,18,12,CAGACGAGATATGGGTGATA,6,5208116
yqjE_yqjK_yqjD_yqjC_predicted,1.0,24,12,CAGAAGTCTCCAGAAGAGCC,12,5189524
yqjE_yqjK_yqjD_yqjC_predicted,0.8461538461538461,22,12,CACTGCGCAGCTTATGATCC,10,5240080
yqjE_yqjK_yqjD_yqjC_predicted,0.38461538461538464,16,12,CACTGATGAGTGAGTGTTCT,4,5183206
yqjE_yqjK_yqjD_yqjC_predicted,1.2307692307692308,27,12,CACTAGGCAATGCTCAGGTA,15,5256726
yqjE_yqjK_yqjD_yqjC_predicted,0.46153846153846156,17,12,CACTACAGCGAGTATTTGCC,5,5253619
yqjE_yqjK_yqjD_yqjC_predicted,0.23076923076923078,14,12,CACGTGAATATCTGACGGTC,2,5173452
yqjE_yqjK_yqjD_yqjC_predicted,0.5384615384615384,18,12,CACGTCATCTATCCGAGATT,6,5200882
yqjE_yqjK_yqjD_yqjC_predicted,0.6153846153846154,19,12,CACGTCAGGAGAATCGGGGA,7,5194811
yqjE_yqjK_yqjD_yqjC_predicted,1.3076923076923077,28,12,CACGCCGCCCGCCGCCCCTT,16,5228432
yqjE_yqjK_yqjD_yqjC_predicted,1.1538461538461537,26,12,CACCTACCAAAAAGACCCGT,14,5239737
yqjE_yqjK_yqjD_yqjC_predicted,1.4615384615384615,30,12,CACAACGTTATCTATCGCTC,18,5248232
yqjE_yqjK_yqjD_yqjC_predicted,1.3846153846153846,29,12,CAATTCGTGTGCTGAGATAA,17,5256328
yqjE_yqjK_yqjD_yqjC_predicted,1.6153846153846154,32,12,CAATAAAGACACCCAGGCCT,20,5261561
yqjE_yqjK_yqjD_yqjC_predicted,1.2307692307692308,27,12,CAAGTGGTATAGCACTTAAT,15,5212120
yqjE_yqjK_yqjD_yqjC_predicted,0.5384615384615384,18,12,CAAGTGCGGAACCGCCCCCA,6,5227553
yqjE_yqjK_yqjD_yqjC_predicted,0.46153846153846156,17,12,CAAGTAGCTGAGCTGGTGAC,5,5197126
yqjE_yqjK_yqjD_yqjC_predicted,0.15384615384615385,13,12,CAAGACGCTCTGGAAGATCG,1,5191202
yqjE_yqjK_yqjD_yqjC_predicted,1.7692307692307692,34,12,CAACTGTTGTGAGTTCCCAT,22,5173848
yqjE_yqjK_yqjD_yqjC_predicted,0.23076923076923078,14,12,CAACGACTGTGAACAGTCCA,2,5238893
yqjE_yqjK_yqjD_yqjC_predicted,0.7692307692307693,21,12,CAACACAAAGAAGTCATTCT,9,5249793
yqjE_yqjK_yqjD_yqjC_predicted,1.1538461538461537,26,12,CAAATTGGCACCGGCTAAGG,14,5210744
yqjE_yqjK_yqjD_yqjC_predicted,0.3076923076923077,15,12,CAAATAAAAGCGGCACACCA,3,5209101
yqjE_yqjK_yqjD_yqjC_predicted,0.23076923076923078,14,12,CAAAGGATGTCTGTCTTCGG,2,5262762
yqjE_yqjK_yqjD_yqjC_predicted,0.8461538461538461,22,12,ATTTGCGTGTTTAGATTTTC,10,5244780
yqjE_yqjK_yqjD_yqjC_predicted,1.1538461538461537,26,12,ATTGATCCGACTGCTTATCA,14,5208306
yqjE_yqjK_yqjD_yqjC_predicted,0.15384615384615385,13,12,ATTGACCCACGTTGTGAGTT,1,5212869
yqjE_yqjK_yqjD_yqjC_predicted,0.8461538461538461,22,12,ATTCTCCGTCGCTGGGGCAA,10,5214293
yqjE_yqjK_yqjD_yqjC_predicted,0.46153846153846156,17,12,ATTCATAACTAGCGTGGGTG,5,5189807
yqjE_yqjK_yqjD_yqjC_predicted,1.7692307692307692,34,12,ATTATGAATAGCCTATGTAG,22,5196849
yqjE_yqjK_yqjD_yqjC_predicted,0.46153846153846156,17,12,ATGTGGCGTGGATTGAGGTC,5,5211149
yqjE_yqjK_yqjD_yqjC_predicted,0.15384615384615385,13,12,ATGGCACAATTGACGAGACT,1,5254994
yqjE_yqjK_yqjD_yqjC_predicted,0.8461538461538461,22,12,ATGGAGGAACTGACACTAAT,10,5237687
yqjE_yqjK_yqjD_yqjC_predicted,0.46153846153846156,17,12,ATGAACACGGGTTTTTGTGC,5,5178700
yqjE_yqjK_yqjD_yqjC_predicted,0.6153846153846154,19,12,ATCGTTTCGTGGGGCATCAC,7,5236463
yqjE_yqjK_yqjD_yqjC_predicted,0.23076923076923078,14,12,ATCGCCATGACCTACGGCCA,2,5183877
yqjE_yqjK_yqjD_yqjC_predicted,0.23076923076923078,14,12,ATCGAACGATGTGGGTCTCT,2,5197608
yqjE_yqjK_yqjD_yqjC_predicted,1.6153846153846154,32,12,ATCCTTATGGTGTAGTGGGT,20,5196128
yqjE_yqjK_yqjD_yqjC_predicted,0.46153846153846156,17,12,ATCATCTCACACCAACCGCA,5,5247945
yqjE_yqjK_yqjD_yqjC_predicted,0.3076923076923077,15,12,ATCACTAGCATCAAAAAGAA,3,5241393
yqjE_yqjK_yqjD_yqjC_predicted,1.3076923076923077,28,12,ATATTAGGACTAGATATGCT,16,5208412
yqjE_yqjK_yqjD_yqjC_predicted,0.3076923076923077,15,12,ATATGGGTAATCAGAATCTG,3,5233750
yqjE_yqjK_yqjD_yqjC_predicted,2.076923076923077,38,12,ATAGGGCTCTTCATATGGAT,26,5250874
yqjE_yqjK_yqjD_yqjC_predicted,0.15384615384615385,13,12,ATAGAGGTTTTTCGCATATC,1,5227643
yqjE_yqjK_yqjD_yqjC_predicted,0.3076923076923077,15,12,ATACTCTAAAACAAGAATAC,3,5252483
yqjE_yqjK_yqjD_yqjC_predicted,0.15384615384615385,13,12,ATACGCCGGTAAGGCCCATT,1,5253073
yqjE_yqjK_yqjD_yqjC_predicted,3.0,50,12,ATACGAAGACTGTTTTGTAG,38,5254443
yqjE_yqjK_yqjD_yqjC_predicted,0.5384615384615384,18,12,ATACCAAGGGTTCACCTCTT,6,5194680
yqjE_yqjK_yqjD_yqjC_predicted,0.46153846153846156,17,12,ATAAAGGTTGGATTGATACC,5,5209412
yqjE_yqjK_yqjD_yqjC_predicted,1.5384615384615385,31,12,AGTTAGCATTCTCGCATAAA,19,5221339
yqjE_yqjK_yqjD_yqjC_predicted,0.7692307692307693,21,12,AGTGTCTCCTAAAAAGGCGT,9,5171511
yqjE_yqjK_yqjD_yqjC_predicted,0.6153846153846154,19,12,AGTGGGGAATGGTTAACTTG,7,5189732
yqjE_yqjK_yqjD_yqjC_predicted,0.23076923076923078,14,12,AGTGGGCGTGGGCAAAGTAT,2,5182970
yqjE_yqjK_yqjD_yqjC_predicted,0.38461538461538464,16,12,AGTGACAATCTATATATCCT,4,5214323
yqjE_yqjK_yqjD_yqjC_predicted,0.23076923076923078,14,12,AGTCGCCCTACCCACAAAGG,2,5234675
yqjE_yqjK_yqjD_yqjC_predicted,0.5384615384615384,18,12,AGTCGATTATGAGCGGTGGG,6,5183132
yqjE_yqjK_yqjD_yqjC_predicted,0.6153846153846154,19,12,AGTCGACCACAAGCAATGTA,7,5202567
yqjE_yqjK_yqjD_yqjC_predicted,0.38461538461538464,16,12,AGTATCTCGGAAGGTTCAGA,4,5217808
yqjE_yqjK_yqjD_yqjC_predicted,1.2307692307692308,27,12,AGTACTTTTCTTTTAGACCA,15,5206574
yqjE_yqjK_yqjD_yqjC_predicted,1.1538461538461537,26,12,AGGAGTTTCAATCCCCGCTG,14,5228628
yqjE_yqjK_yqjD_yqjC_predicted,0.5384615384615384,18,12,AGGAACGCCTTCGCGATGGG,6,5258675
yqjE_yqjK_yqjD_yqjC_predicted,0.9230769230769231,23,12,AGCGTCTGTTTTAGGTAAGA,11,5192285
yqjE_yqjK_yqjD_yqjC_predicted,0.46153846153846156,17,12,AGCGTCATTCCTTCGGGACT,5,5252730
yqjE_yqjK_yqjD_yqjC_predicted,0.6153846153846154,19,12,AGCGATGTAAATTTCATTAA,7,5174493
yqjE_yqjK_yqjD_yqjC_predicted,0.3076923076923077,15,12,AGCCGCACAGGGTTACAGCT,3,5181188
yqjE_yqjK_yqjD_yqjC_predicted,2.3846153846153846,42,12,AGATTTAAGTTGGTCCTCCT,30,5239681
yqjE_yqjK_yqjD_yqjC_predicted,0.23076923076923078,14,12,AGAGCCAGGTCGAAAGTAGC,2,5206804
yqjE_yqjK_yqjD_yqjC_predicted,0.3076923076923077,15,12,AGAAGGTCACCTTAATTTTG,3,5197639
yqjE_yqjK_yqjD_yqjC_predicted,1.3076923076923077,28,12,ACTGTCATCTTCGGTCAAAT,16,5204099
yqjE_yqjK_yqjD_yqjC_predicted,3.6153846153846154,58,12,ACTCCGGTTCAGTCCAGAAG,46,5245126
yqjE_yqjK_yqjD_yqjC_predicted,0.5384615384615384,18,12,ACTCCGCCCAGTCACCATCC,6,5174296
yqjE_yqjK_yqjD_yqjC_predicted,1.6153846153846154,32,12,ACTACATTGTGCTTGTGTGC,20,5189208
yqjE_yqjK_yqjD_yqjC_predicted,0.8461538461538461,22,12,ACGTCGTCCTTCGTACCGGT,10,5213803
yqjE_yqjK_yqjD_yqjC_predicted,2.230769230769231,40,12,ACGTATTTACGCGACGAAAC,28,5193566
yqjE_yqjK_yqjD_yqjC_predicted,0.5384615384615384,18,12,ACGGGCACCTACCTGGAACT,6,5235776
yqjE_yqjK_yqjD_yqjC_predicted,0.15384615384615385,13,12,ACGGAGTGGTATGCCCTAAT,1,5254922
yqjE_yqjK_yqjD_yqjC_predicted,0.6923076923076923,20,12,ACGCCTTGTGGGGCTCTTAC,8,5187913
yqjE_yqjK_yqjD_yqjC_predicted,1.3846153846153846,29,12,ACGACGGGGAGAATACGACA,17,5217993
yqjE_yqjK_yqjD_yqjC_predicted,0.38461538461538464,16,12,ACCTGGCACTACAGGGCTAT,4,5237971
yqjE_yqjK_yqjD_yqjC_predicted,0.5384615384615384,18,12,ACCTGCGTCCGCTCATTGAC,6,5184631
yqjE_yqjK_yqjD_yqjC_predicted,0.6923076923076923,20,12,ACCTATGTTATACCCGCGGT,8,5189551
yqjE_yqjK_yqjD_yqjC_predicted,2.923076923076923,49,12,ACCGCCCGTTAAATTCTAGT,37,5176680
yqjE_yqjK_yqjD_yqjC_predicted,0.9230769230769231,23,12,ACCCTGTTCATGTCCTCCCA,11,5193238
yqjE_yqjK_yqjD_yqjC_predicted,0.15384615384615385,13,12,ACCCGGTCGGTGGGGTATTA,1,5203673
yqjE_yqjK_yqjD_yqjC_predicted,1.1538461538461537,26,12,ACCCCTCGTATAACCGTAGT,14,5175389
yqjE_yqjK_yqjD_yqjC_predicted,0.8461538461538461,22,12,ACCATTTTGGCTGGCGGTGC,10,5212654
yqjE_yqjK_yqjD_yqjC_predicted,0.15384615384615385,13,12,ACCAGCTGATAGGAAAAGTT,1,5187375
yqjE_yqjK_yqjD_yqjC_predicted,0.3076923076923077,15,12,ACCACGCGTCTATATCGAGT,3,5243047
yqjE_yqjK_yqjD_yqjC_predicted,0.8461538461538461,22,12,ACAGTGGACTGCTATGAAAT,10,5191943
yqjE_yqjK_yqjD_yqjC_predicted,0.15384615384615385,13,12,ACAGGGTCAAAATGGAGGTT,1,5171545
yqjE_yqjK_yqjD_yqjC_predicted,0.23076923076923078,14,12,ACAGGGTAGGCAGACACCAA,2,5171518
yqjE_yqjK_yqjD_yqjC_predicted,0.3076923076923077,15,12,ACAGGAATACCGTAATTTTG,3,5260099
yqjE_yqjK_yqjD_yqjC_predicted,0.15384615384615385,13,12,ACAGCCATTCGTCTCAGCTT,1,5238108
yqjE_yqjK_yqjD_yqjC_predicted,0.38461538461538464,16,12,ACAGAGATGGTCGCAAGATC,4,5190238
yqjE_yqjK_yqjD_yqjC_predicted,2.0,37,12,ACACGTCAATTGTAACGACT,25,5262469
yqjE_yqjK_yqjD_yqjC_predicted,2.230769230769231,40,12,ACACGCTGGTAAGCGTGATT,28,5184659
yqjE_yqjK_yqjD_yqjC_predicted,0.46153846153846156,17,12,ACAAAGAACATGTGTTCACT,5,5236897
yqjE_yqjK_yqjD_yqjC_predicted,0.3076923076923077,15,12,AATTGTTATCAAGGTGTCTC,3,5195505
yqjE_yqjK_yqjD_yqjC_predicted,1.0769230769230769,25,12,AATTGATCACGCAGTCCCAT,13,5234756
yqjE_yqjK_yqjD_yqjC_predicted,1.2307692307692308,27,12,AATTATCACAAGACATTGCA,15,5247870
yqjE_yqjK_yqjD_yqjC_predicted,2.3076923076923075,41,12,AATGGATGCTACAAGTCACG,29,5171756
yqjE_yqjK_yqjD_yqjC_predicted,0.9230769230769231,23,12,AATCCTACGGTGGTACGGCA,11,5233299
yqjE_yqjK_yqjD_yqjC_predicted,3.4615384615384617,56,12,AAGTAGGAAGGATAGGTAAA,44,5181363
yqjE_yqjK_yqjD_yqjC_predicted,0.5384615384615384,18,12,AAGCTGGGATGTAAAACAAT,6,5194636
yqjE_yqjK_yqjD_yqjC_predicted,0.46153846153846156,17,12,AAGCGCCGCTTCTGCGGTTC,5,5252279
yqjE_yqjK_yqjD_yqjC_predicted,0.7692307692307693,21,12,AAGCCCAAGCTGCAGGGTCA,9,5237625
yqjE_yqjK_yqjD_yqjC_predicted,1.5384615384615385,31,12,AAGATTGTGGATGCAGAATT,19,5191517
yqjE_yqjK_yqjD_yqjC_predicted,0.38461538461538464,16,12,AAGAGTACCTGCTTTCCATA,4,5185684
yqjE_yqjK_yqjD_yqjC_predicted,0.6923076923076923,20,12,AAGAGACAGCCCTAGAGCCC,8,5191345
yqjE_yqjK_yqjD_yqjC_predicted,2.4615384615384617,43,12,AACTGCAAATGTGTCTGCGG,31,5171629
yqjE_yqjK_yqjD_yqjC_predicted,0.38461538461538464,16,12,AACTCCTGATGCATGCAGGG,4,5215690
yqjE_yqjK_yqjD_yqjC_predicted,0.15384615384615385,13,12,AACTATTGGTCTGGTTTGGT,1,5180430
yqjE_yqjK_yqjD_yqjC_predicted,0.6153846153846154,19,12,AACTAAACCCCACAGGTAAC,7,5219113
yqjE_yqjK_yqjD_yqjC_predicted,0.38461538461538464,16,12,AACCCCGGGTTGGAGGTATA,4,5258419
yqjE_yqjK_yqjD_yqjC_predicted,0.46153846153846156,17,12,AACACCCGGTTACGTTTAGC,5,5261646
yqjE_yqjK_yqjD_yqjC_predicted,0.46153846153846156,17,12,AAATTTCACGTTGTTTCGGG,5,5215566
yqjE_yqjK_yqjD_yqjC_predicted,0.15384615384615385,13,12,AAATGCAGCGGCTGTCAGCG,1,5188159
yqjE_yqjK_yqjD_yqjC_predicted,0.15384615384615385,13,12,AAAGCATCTATGTAGAGAGC,1,5240909
yqjE_yqjK_yqjD_yqjC_predicted,0.9230769230769231,23,12,AAAGCATAGTAGGCGGGGTC,11,5221225
yqjE_yqjK_yqjD_yqjC_predicted,0.38461538461538464,16,12,AAAACCGCGGCCTGTAGGGT,4,5206088
yqjE_yqjK_yqjD_yqjC_predicted,0.3333333333333333,14,11,TTTTTCCACCGGCGGGCATC,3,5220364
yqjE_yqjK_yqjD_yqjC_predicted,1.4166666666666667,27,11,TTTTCGCTGAGTAGAACACC,16,5173639
yqjE_yqjK_yqjD_yqjC_predicted,1.9166666666666667,33,11,TTTTACTACCACTTTTTGGC,22,5206500
yqjE_yqjK_yqjD_yqjC_predicted,1.4166666666666667,27,11,TTTTACAAAATAATTGCGAT,16,5256577
yqjE_yqjK_yqjD_yqjC_predicted,0.9166666666666666,21,11,TTTGCCCTCAATAGTCTACC,10,5214305
yqjE_yqjK_yqjD_yqjC_predicted,8.0,106,11,TTTGCCCCAGGGAGGTCAGT,95,5190865
yqjE_yqjK_yqjD_yqjC_predicted,1.1666666666666667,24,11,TTTGAGGGGCCTAGTATTAA,13,5252985
yqjE_yqjK_yqjD_yqjC_predicted,0.3333333333333333,14,11,TTGTTCTTATAGCTCGAGGA,3,5203469
yqjE_yqjK_yqjD_yqjC_predicted,1.4166666666666667,27,11,TTGTTCTATGTCCCGGTGGT,16,5243424
yqjE_yqjK_yqjD_yqjC_predicted,0.75,19,11,TTGTTATTATCTGCTCAACG,8,5234295
yqjE_yqjK_yqjD_yqjC_predicted,0.4166666666666667,15,11,TTGTCGCCGGCGCTGCACTA,4,5194858
yqjE_yqjK_yqjD_yqjC_predicted,2.5,40,11,TTGTCCTCGTCAATGGGAAT,29,5257622
yqjE_yqjK_yqjD_yqjC_predicted,0.3333333333333333,14,11,TTGGAGACCTTTTTCTCCCT,3,5190370
yqjE_yqjK_yqjD_yqjC_predicted,0.3333333333333333,14,11,TTGCTTTGAGAATATGCAAC,3,5239832
yqjE_yqjK_yqjD_yqjC_predicted,6.083333333333333,83,11,TTGCTCAGACGGTAACGAGT,72,5184359
yqjE_yqjK_yqjD_yqjC_predicted,0.6666666666666666,18,11,TTCGTCCCCGATTCCGCAAT,7,5184595
yqjE_yqjK_yqjD_yqjC_predicted,0.4166666666666667,15,11,TTCGTATAATATACGTATTG,4,5238660
yqjE_yqjK_yqjD_yqjC_predicted,0.9166666666666666,21,11,TTCGGTGACGTCACGACCGT,10,5204831
yqjE_yqjK_yqjD_yqjC_predicted,1.0833333333333333,23,11,TTCGGTAGCCACACTGTAGA,12,5172330
yqjE_yqjK_yqjD_yqjC_predicted,0.4166666666666667,15,11,TTCGCTTCAGATTGTAGTGT,4,5190130
yqjE_yqjK_yqjD_yqjC_predicted,1.0833333333333333,23,11,TTCGAGGACGTGGGAATTGC,12,5224228
yqjE_yqjK_yqjD_yqjC_predicted,0.8333333333333334,20,11,TTCGAGCTTTTGAAAGCACA,9,5173219
yqjE_yqjK_yqjD_yqjC_predicted,0.5833333333333334,17,11,TTCCGAGTGTTGTGGCTAAA,6,5200381
yqjE_yqjK_yqjD_yqjC_predicted,1.0833333333333333,23,11,TTCACGAATAGAATCGGAAC,12,5237866
yqjE_yqjK_yqjD_yqjC_predicted,0.8333333333333334,20,11,TTCAAGCTCGGAGGTCAACG,9,5221627
yqjE_yqjK_yqjD_yqjC_predicted,2.3333333333333335,38,11,TTCAAGAAATAGGGGTTCCT,27,5261217
yqjE_yqjK_yqjD_yqjC_predicted,0.16666666666666666,12,11,TTAGGTGCATCTTACTCGGC,1,5201512
yqjE_yqjK_yqjD_yqjC_predicted,0.25,13,11,TTAGGGACCCAGGGCCCGCA,2,5210517
yqjE_yqjK_yqjD_yqjC_predicted,2.3333333333333335,38,11,TTAGGAGTGGTAGGGAACGA,27,5205948
yqjE_yqjK_yqjD_yqjC_predicted,0.3333333333333333,14,11,TTACCCTGCTCCTACGTTTT,3,5217351
yqjE_yqjK_yqjD_yqjC_predicted,0.16666666666666666,12,11,TTACATTCGCTATTACGCCT,1,5189100
yqjE_yqjK_yqjD_yqjC_predicted,0.25,13,11,TTAATAAAATCAGTTTCCAC,2,5199432
yqjE_yqjK_yqjD_yqjC_predicted,1.25,25,11,TTAAAAAGTCCAAGGTCCAA,14,5211319
yqjE_yqjK_yqjD_yqjC_predicted,0.6666666666666666,18,11,TGTTTTCCAATTATTTTAAA,7,5211465
yqjE_yqjK_yqjD_yqjC_predicted,1.25,25,11,TGTTTCGTTCCGCTTCGGTT,14,5223811
yqjE_yqjK_yqjD_yqjC_predicted,2.9166666666666665,45,11,TGTTGCCTCCTGTTTACGGG,34,5257850
yqjE_yqjK_yqjD_yqjC_predicted,1.25,25,11,TGTTCACGATGAACTATTAA,14,5237335
yqjE_yqjK_yqjD_yqjC_predicted,2.25,37,11,TGTGTTGCACGGTCTACAAT,26,5178492
yqjE_yqjK_yqjD_yqjC_predicted,1.1666666666666667,24,11,TGTCGGGTTCGGAGCTGAGA,13,5243771
yqjE_yqjK_yqjD_yqjC_predicted,1.5,28,11,TGTCACCGTAACGTTCCTGC,17,5235633
yqjE_yqjK_yqjD_yqjC_predicted,3.0833333333333335,47,11,TGGTTAGACGTACAACACCT,36,5183131
yqjE_yqjK_yqjD_yqjC_predicted,0.3333333333333333,14,11,TGGTCAGTTTTGCTCGGGAT,3,5191716
yqjE_yqjK_yqjD_yqjC_predicted,0.3333333333333333,14,11,TGGGATACAGCAACGCAATT,3,5207508
yqjE_yqjK_yqjD_yqjC_predicted,0.5833333333333334,17,11,TGGGAGACAGCTGTTTGTGT,6,5226432
yqjE_yqjK_yqjD_yqjC_predicted,0.3333333333333333,14,11,TGGCTGCCGAGTGAGTTAGA,3,5187443
yqjE_yqjK_yqjD_yqjC_predicted,2.25,37,11,TGGCGAGAGATTGGTCCATG,26,5226498
yqjE_yqjK_yqjD_yqjC_predicted,1.3333333333333333,26,11,TGGCCTGGAACCAGAGCGGT,15,5173661
yqjE_yqjK_yqjD_yqjC_predicted,2.75,43,11,TGGCCGCGTTCAATCGGTGT,32,5259324
yqjE_yqjK_yqjD_yqjC_predicted,2.0,34,11,TGGCCCAGCGTTGTCCTCTC,23,5212301
yqjE_yqjK_yqjD_yqjC_predicted,0.25,13,11,TGGCCACCTTGGACCTCTCC,2,5231777
yqjE_yqjK_yqjD_yqjC_predicted,1.8333333333333333,32,11,TGGATAACCGACCGGATCCT,21,5224872
yqjE_yqjK_yqjD_yqjC_predicted,0.5,16,11,TGCTTAGTGTGGTTTTATAT,5,5232177
yqjE_yqjK_yqjD_yqjC_predicted,1.6666666666666667,30,11,TGCTCCTCCCGTCAATTCGT,19,5232261
yqjE_yqjK_yqjD_yqjC_predicted,0.4166666666666667,15,11,TGCGGTATCCCCGTTGATGA,4,5205945
yqjE_yqjK_yqjD_yqjC_predicted,0.25,13,11,TGCGGGCGCGGTCAGGGGAA,2,5221610
yqjE_yqjK_yqjD_yqjC_predicted,2.75,43,11,TGCGGCGAATAAGGCTAGTG,32,5174560
yqjE_yqjK_yqjD_yqjC_predicted,3.1666666666666665,48,11,TGCGCATGTCTGAATAATTT,37,5236227
yqjE_yqjK_yqjD_yqjC_predicted,0.3333333333333333,14,11,TGCAGTGGCGCAAGAAGATT,3,5204677
yqjE_yqjK_yqjD_yqjC_predicted,0.8333333333333334,20,11,TGCAATTGGTCTGGCGTAAC,9,5206563
yqjE_yqjK_yqjD_yqjC_predicted,1.0833333333333333,23,11,TGCAATCTCGAACTTGCGCC,12,5171939
yqjE_yqjK_yqjD_yqjC_predicted,2.5,40,11,TGCAAACGCTTACGGCCACC,29,5233715
yqjE_yqjK_yqjD_yqjC_predicted,0.9166666666666666,21,11,TGAGGTAGACTGTGAAATCC,10,5223772
yqjE_yqjK_yqjD_yqjC_predicted,0.16666666666666666,12,11,TGAGGGGTATGTAGATCATC,1,5253017
yqjE_yqjK_yqjD_yqjC_predicted,0.4166666666666667,15,11,TGACTTACTACATCAAAAGG,4,5194232
yqjE_yqjK_yqjD_yqjC_predicted,0.3333333333333333,14,11,TGACTGTAGCCATGTGACGG,3,5244066
yqjE_yqjK_yqjD_yqjC_predicted,2.0833333333333335,35,11,TGACGGACCGGCGAGCACTC,24,5231542
yqjE_yqjK_yqjD_yqjC_predicted,1.1666666666666667,24,11,TGAATTGGGAAACGGGCGGT,13,5238115
yqjE_yqjK_yqjD_yqjC_predicted,1.6666666666666667,30,11,TGAACGAGGCCATTATGCCC,19,5184945
yqjE_yqjK_yqjD_yqjC_predicted,0.4166666666666667,15,11,TGAAATCGTGAGGGGGCCAT,4,5249271
yqjE_yqjK_yqjD_yqjC_predicted,0.25,13,11,TCTTTATGTATGGCCTTGCA,2,5256902
yqjE_yqjK_yqjD_yqjC_predicted,0.16666666666666666,12,11,TCTTCGGTTGAGCCTAGACG,1,5185026
yqjE_yqjK_yqjD_yqjC_predicted,0.16666666666666666,12,11,TCTGGCTTCGAATGGGAACG,1,5186181
yqjE_yqjK_yqjD_yqjC_predicted,2.25,37,11,TCTGCAGTCGATACCACGAC,26,5198189
yqjE_yqjK_yqjD_yqjC_predicted,0.75,19,11,TCTGAGTTGCCGAATCGGCC,8,5204720
yqjE_yqjK_yqjD_yqjC_predicted,0.4166666666666667,15,11,TCTCACGGTTATCGATGACA,4,5192023
yqjE_yqjK_yqjD_yqjC_predicted,2.8333333333333335,44,11,TCTATTGCCTCGTCTACTCC,33,5236785
yqjE_yqjK_yqjD_yqjC_predicted,0.75,19,11,TCTAGGCACAGTTGAGTACA,8,5226189
yqjE_yqjK_yqjD_yqjC_predicted,0.16666666666666666,12,11,TCTAGCAGGATGAATGGCAG,1,5200796
yqjE_yqjK_yqjD_yqjC_predicted,0.75,19,11,TCTACCCGTTAAAACCGTTA,8,5185719
yqjE_yqjK_yqjD_yqjC_predicted,0.75,19,11,TCGTCAACCTCACGAAAGCT,8,5173759
yqjE_yqjK_yqjD_yqjC_predicted,1.5833333333333333,29,11,TCGTATCCTTTGCGTGGAAC,18,5222442
yqjE_yqjK_yqjD_yqjC_predicted,1.0,22,11,TCGGTCCGTCCCAAGTGCGT,11,5258640
yqjE_yqjK_yqjD_yqjC_predicted,1.1666666666666667,24,11,TCGGAGCATGTATAGTTATC,13,5259898
yqjE_yqjK_yqjD_yqjC_predicted,1.1666666666666667,24,11,TCGCGTCCGTTTTGACTTCA,13,5220705
yqjE_yqjK_yqjD_yqjC_predicted,0.8333333333333334,20,11,TCGCGGGAAAGCGGGTCAGT,9,5182173
yqjE_yqjK_yqjD_yqjC_predicted,5.25,73,11,TCGAATCCAACCTGTCATCT,62,5177602
yqjE_yqjK_yqjD_yqjC_predicted,1.5833333333333333,29,11,TCGAAATTTGTTCCCTATAG,18,5182353
yqjE_yqjK_yqjD_yqjC_predicted,1.25,25,11,TCCTAGTACAGCAAAGGATA,14,5245695
yqjE_yqjK_yqjD_yqjC_predicted,0.25,13,11,TCCGTTTTAAGTGAGGTGAC,2,5241324
yqjE_yqjK_yqjD_yqjC_predicted,1.25,25,11,TCCGCCTTGATAATTTTGCC,14,5217359
yqjE_yqjK_yqjD_yqjC_predicted,1.1666666666666667,24,11,TCCCCACCGTGGCTGACTTG,13,5262011
yqjE_yqjK_yqjD_yqjC_predicted,2.0,34,11,TCCATTGCATAGGCGGATGG,23,5171135
yqjE_yqjK_yqjD_yqjC_predicted,0.75,19,11,TCCATCAGTGGACTCGTAAC,8,5247338
yqjE_yqjK_yqjD_yqjC_predicted,1.5833333333333333,29,11,TCCACAGTGTCGATTGTCTA,18,5211824
yqjE_yqjK_yqjD_yqjC_predicted,0.16666666666666666,12,11,TCATGATCATGAGTGACCGA,1,5202448
yqjE_yqjK_yqjD_yqjC_predicted,3.6666666666666665,54,11,TCAGGAACCAGGCGTGACCG,43,5225732
yqjE_yqjK_yqjD_yqjC_predicted,1.0833333333333333,23,11,TCAGCCGCGTAGAAGAACGC,12,5180317
yqjE_yqjK_yqjD_yqjC_predicted,0.8333333333333334,20,11,TCAGCCAGAGTGCGAGTGGG,9,5219460
yqjE_yqjK_yqjD_yqjC_predicted,0.4166666666666667,15,11,TCAGATCATTACTTGGCATA,4,5184694
yqjE_yqjK_yqjD_yqjC_predicted,0.16666666666666666,12,11,TCACTCTCATACAGTATGTA,1,5209806
yqjE_yqjK_yqjD_yqjC_predicted,0.16666666666666666,12,11,TCACTACTCCTAACCGCCGC,1,5213070
yqjE_yqjK_yqjD_yqjC_predicted,1.1666666666666667,24,11,TCAAGGGACGCATTAATACA,13,5254444
yqjE_yqjK_yqjD_yqjC_predicted,0.25,13,11,TCAACATTCATTTATATTGC,2,5211755
yqjE_yqjK_yqjD_yqjC_predicted,0.3333333333333333,14,11,TCAAATTACGCCCTAACGAG,3,5207426
yqjE_yqjK_yqjD_yqjC_predicted,0.16666666666666666,12,11,TCAAAGCCCATGTCCAACCG,1,5232729
yqjE_yqjK_yqjD_yqjC_predicted,1.6666666666666667,30,11,TATGGCCGTATAATAGGTAG,19,5257571
yqjE_yqjK_yqjD_yqjC_predicted,0.3333333333333333,14,11,TATGCCACTGGAAAACCTGT,3,5226352
yqjE_yqjK_yqjD_yqjC_predicted,0.6666666666666666,18,11,TATGAAAACTAAGGCCCTCT,7,5210903
yqjE_yqjK_yqjD_yqjC_predicted,0.25,13,11,TATCTAGCGCTCCAGTCTCA,2,5196743
yqjE_yqjK_yqjD_yqjC_predicted,0.16666666666666666,12,11,TATATATAGCAGTACCGACT,1,5200885
yqjE_yqjK_yqjD_yqjC_predicted,0.75,19,11,TAGGGAAAAGAGGATAGTTC,8,5214520
yqjE_yqjK_yqjD_yqjC_predicted,4.0,58,11,TAGCGTTCAATATCAATAGA,47,5207065
yqjE_yqjK_yqjD_yqjC_predicted,0.8333333333333334,20,11,TAGAGTGTTCGAGGCCCAAA,9,5199001
yqjE_yqjK_yqjD_yqjC_predicted,0.8333333333333334,20,11,TACTGCCTATACAAGCCGGA,9,5203311
yqjE_yqjK_yqjD_yqjC_predicted,1.1666666666666667,24,11,TACTGAATACAGTGGTGCTC,13,5170788
yqjE_yqjK_yqjD_yqjC_predicted,3.8333333333333335,56,11,TACCTAGTCGGTGGCCCATG,45,5216004
yqjE_yqjK_yqjD_yqjC_predicted,0.4166666666666667,15,11,TACCGGTATGCGCGCCTAAA,4,5213621
yqjE_yqjK_yqjD_yqjC_predicted,0.5833333333333334,17,11,TACCCGTCAAAGTGGTGTTA,6,5181814
yqjE_yqjK_yqjD_yqjC_predicted,1.6666666666666667,30,11,TACCCATGCCGGCTAAATAG,19,5177652
yqjE_yqjK_yqjD_yqjC_predicted,1.1666666666666667,24,11,TACAATATGTACCTGCAGAG,13,5235811
yqjE_yqjK_yqjD_yqjC_predicted,2.0833333333333335,35,11,TAATATTACTCAAGGCCCTT,24,5191287
yqjE_yqjK_yqjD_yqjC_predicted,0.5,16,11,TAAGCCTCGGAGGCATTTCT,5,5185867
yqjE_yqjK_yqjD_yqjC_predicted,2.5833333333333335,41,11,TAAGCAGGGCTACCTCATTC,30,5220753
yqjE_yqjK_yqjD_yqjC_predicted,0.8333333333333334,20,11,TAACTGGGTAATCGCATACG,9,5254343
yqjE_yqjK_yqjD_yqjC_predicted,1.25,25,11,TAACTCATATAAAGAGGTGG,14,5206903
yqjE_yqjK_yqjD_yqjC_predicted,0.8333333333333334,20,11,TAAAGTGTTGTGGAGAGCGC,9,5233052
yqjE_yqjK_yqjD_yqjC_predicted,0.3333333333333333,14,11,TAAAGGAGGCCCGTTATTCA,3,5194856
yqjE_yqjK_yqjD_yqjC_predicted,0.4166666666666667,15,11,GTTGTCCGCGTACGATAACC,4,5220632
yqjE_yqjK_yqjD_yqjC_predicted,1.0833333333333333,23,11,GTTGCGCCGTCAACACAACA,12,5197669
yqjE_yqjK_yqjD_yqjC_predicted,0.3333333333333333,14,11,GTTGAAACACACTCGTTCGA,3,5261868
yqjE_yqjK_yqjD_yqjC_predicted,2.0833333333333335,35,11,GTTCCAGCTACCTGAGGTTA,24,5211736
yqjE_yqjK_yqjD_yqjC_predicted,0.25,13,11,GTTCATCTTCGGGCCTAAAC,2,5199148
yqjE_yqjK_yqjD_yqjC_predicted,0.4166666666666667,15,11,GTGTTTACCAATCAGATGCT,4,5187189
yqjE_yqjK_yqjD_yqjC_predicted,1.0,22,11,GTGTGTCTAGTGGGTTTACT,11,5246905
yqjE_yqjK_yqjD_yqjC_predicted,9.75,127,11,GTGGATGACTCCTCGAGGCC,116,5245416
yqjE_yqjK_yqjD_yqjC_predicted,0.16666666666666666,12,11,GTGGACGTGGGTTGTCAGTC,1,5233654
yqjE_yqjK_yqjD_yqjC_predicted,1.5833333333333333,29,11,GTGATTCCGAGAGTAGCTAT,18,5212673
yqjE_yqjK_yqjD_yqjC_predicted,0.16666666666666666,12,11,GTGACCGTTTTAGTGGCCCC,1,5258086
yqjE_yqjK_yqjD_yqjC_predicted,1.25,25,11,GTCTTGCATGGGTCCGCTCT,14,5234982
yqjE_yqjK_yqjD_yqjC_predicted,0.8333333333333334,20,11,GTCTGGCCCTAGGGGATGTT,9,5193626
yqjE_yqjK_yqjD_yqjC_predicted,0.3333333333333333,14,11,GTCTAGACAAATACAGATCA,3,5181735
yqjE_yqjK_yqjD_yqjC_predicted,1.5,28,11,GTCGGGAGCCAAGTTCCCAC,17,5253217
yqjE_yqjK_yqjD_yqjC_predicted,0.3333333333333333,14,11,GTCCTCGAGCTAGGCGACCC,3,5172411
yqjE_yqjK_yqjD_yqjC_predicted,0.25,13,11,GTCCCGCTAACTTATTTCGG,2,5214838
yqjE_yqjK_yqjD_yqjC_predicted,2.0,34,11,GTCAAACTCCTGACCATCAC,23,5180157
yqjE_yqjK_yqjD_yqjC_predicted,0.75,19,11,GTATTGTGCAGTTTTTCGAC,8,5205887
yqjE_yqjK_yqjD_yqjC_predicted,0.16666666666666666,12,11,GTATGTGTGGTATATAACTA,1,5188745
yqjE_yqjK_yqjD_yqjC_predicted,1.5,28,11,GTATGGGCATCGCGGTGGCT,17,5180676
yqjE_yqjK_yqjD_yqjC_predicted,0.3333333333333333,14,11,GTATGCCGGCCGGGGTAACT,3,5214833
yqjE_yqjK_yqjD_yqjC_predicted,0.6666666666666666,18,11,GTATCTGTTGCCGCCATTCG,7,5196042
yqjE_yqjK_yqjD_yqjC_predicted,2.1666666666666665,36,11,GTATCAGCAGACTGATGTCT,25,5194742
yqjE_yqjK_yqjD_yqjC_predicted,0.3333333333333333,14,11,GTAGGGTTTCCTCAAGAGGG,3,5200377
yqjE_yqjK_yqjD_yqjC_predicted,0.5,16,11,GTACTACGAAAAACTCCTCA,5,5193676
yqjE_yqjK_yqjD_yqjC_predicted,0.16666666666666666,12,11,GTACAGCCCCTTTACGGTCT,1,5236165
yqjE_yqjK_yqjD_yqjC_predicted,1.0,22,11,GTAAGTAGTGCTAGCTGGGA,11,5203842
yqjE_yqjK_yqjD_yqjC_predicted,0.6666666666666666,18,11,GTAACCCTTCCTATCTAGTC,7,5209457
yqjE_yqjK_yqjD_yqjC_predicted,1.0833333333333333,23,11,GTAAATTGTACCGGCCGTGG,12,5234002
yqjE_yqjK_yqjD_yqjC_predicted,1.25,25,11,GGTTGTCAAACGTACCGGCA,14,5197036
yqjE_yqjK_yqjD_yqjC_predicted,0.25,13,11,GGTTATAGTTAAGTGGAGAT,2,5200797
yqjE_yqjK_yqjD_yqjC_predicted,1.3333333333333333,26,11,GGTGGTTGCTTCGTCCACCA,15,5203302
yqjE_yqjK_yqjD_yqjC_predicted,1.0,22,11,GGTCGGAGCAAACCATAGCT,11,5226656
yqjE_yqjK_yqjD_yqjC_predicted,0.3333333333333333,14,11,GGTCCAGGCTCACGCTCCTT,3,5259038
yqjE_yqjK_yqjD_yqjC_predicted,1.1666666666666667,24,11,GGTATTAATAAACGATGTCT,13,5170956
yqjE_yqjK_yqjD_yqjC_predicted,2.75,43,11,GGTATGCCAATCCCTTGAAC,32,5222102
yqjE_yqjK_yqjD_yqjC_predicted,0.5,16,11,GGTAGGTCGGTCAAATAATT,5,5204242
yqjE_yqjK_yqjD_yqjC_predicted,2.25,37,11,GGTAGCAATGGCTGTGTATT,26,5207264
yqjE_yqjK_yqjD_yqjC_predicted,0.5833333333333334,17,11,GGTAAACACTGGACCCTGGC,6,5237199
yqjE_yqjK_yqjD_yqjC_predicted,1.3333333333333333,26,11,GGGTGGCGCCCTTCAGGACT,15,5240875
yqjE_yqjK_yqjD_yqjC_predicted,0.4166666666666667,15,11,GGGTCCAGAGACCAACCGCT,4,5202964
yqjE_yqjK_yqjD_yqjC_predicted,1.3333333333333333,26,11,GGGTCAGTTAATACCGGTCT,15,5173140
yqjE_yqjK_yqjD_yqjC_predicted,0.75,19,11,GGGTAACGATTAAGAGGTGT,8,5234171
yqjE_yqjK_yqjD_yqjC_predicted,2.8333333333333335,44,11,GGGGGTATCAATTCAATATG,33,5251630
yqjE_yqjK_yqjD_yqjC_predicted,0.8333333333333334,20,11,GGGCGTTAGTAATAGTTGTC,9,5211990
yqjE_yqjK_yqjD_yqjC_predicted,1.1666666666666667,24,11,GGGATGTATATATAATCCAG,13,5248569
yqjE_yqjK_yqjD_yqjC_predicted,1.1666666666666667,24,11,GGGAGTTCGATACGGAATAA,13,5261672
yqjE_yqjK_yqjD_yqjC_predicted,0.25,13,11,GGGACGTGATGGCTTCAGTG,2,5194725
yqjE_yqjK_yqjD_yqjC_predicted,0.5,16,11,GGCTTATTGGCAGACAAAAT,5,5245237
yqjE_yqjK_yqjD_yqjC_predicted,0.16666666666666666,12,11,GGCGGCGTAAATGATTGTGT,1,5214458
yqjE_yqjK_yqjD_yqjC_predicted,0.16666666666666666,12,11,GGCGGAGAGCTTCATGGGAG,1,5245310
yqjE_yqjK_yqjD_yqjC_predicted,1.0,22,11,GGCCCTGATAGACATTGTAA,11,5254835
yqjE_yqjK_yqjD_yqjC_predicted,0.3333333333333333,14,11,GGCCAGCTCCCCTCTTAAAA,3,5176048
yqjE_yqjK_yqjD_yqjC_predicted,0.6666666666666666,18,11,GGCATCCATCTCTAACCATC,7,5253228
yqjE_yqjK_yqjD_yqjC_predicted,0.25,13,11,GGCAGATGTGGTCAATCGCA,2,5210912
yqjE_yqjK_yqjD_yqjC_predicted,1.6666666666666667,30,11,GGATTGACGTACTTAAGCGT,19,5211602
yqjE_yqjK_yqjD_yqjC_predicted,4.416666666666667,63,11,GGATTCTTCTGACGATTCTT,52,5236972
yqjE_yqjK_yqjD_yqjC_predicted,0.4166666666666667,15,11,GGATGGGTCAGGTAGGCTAT,4,5262130
yqjE_yqjK_yqjD_yqjC_predicted,1.6666666666666667,30,11,GGATCCTTTCCCCTGGCTAT,19,5261925
yqjE_yqjK_yqjD_yqjC_predicted,0.75,19,11,GGATAGCACGTATTCTCAGC,8,5251052
yqjE_yqjK_yqjD_yqjC_predicted,0.5,16,11,GGACGCACATGGAATTGAAG,5,5255820
yqjE_yqjK_yqjD_yqjC_predicted,1.8333333333333333,32,11,GGACCGGTTCTCGCGTCCAT,21,5240004
yqjE_yqjK_yqjD_yqjC_predicted,0.5833333333333334,17,11,GGACCAAGATCCGAAAAACC,6,5241841
yqjE_yqjK_yqjD_yqjC_predicted,0.8333333333333334,20,11,GGACACCCAGACCATGTCCA,9,5218768
yqjE_yqjK_yqjD_yqjC_predicted,0.16666666666666666,12,11,GCTTTCCGCTATGGTATTCC,1,5224735
yqjE_yqjK_yqjD_yqjC_predicted,1.1666666666666667,24,11,GCTTAGAAAACCACACAACA,13,5249340
yqjE_yqjK_yqjD_yqjC_predicted,0.5833333333333334,17,11,GCTGTTGATGAAATAGGGCA,6,5237744
yqjE_yqjK_yqjD_yqjC_predicted,0.16666666666666666,12,11,GCTGTGGGGGGTCGCAAGCA,1,5217763
yqjE_yqjK_yqjD_yqjC_predicted,0.25,13,11,GCTGGGTGGATCATCATGGT,2,5230075
yqjE_yqjK_yqjD_yqjC_predicted,0.16666666666666666,12,11,GCTCTTTAAACCGAGCCGAT,1,5235496
yqjE_yqjK_yqjD_yqjC_predicted,0.16666666666666666,12,11,GCTATCCGGTAGCCACCCCA,1,5260241
yqjE_yqjK_yqjD_yqjC_predicted,0.6666666666666666,18,11,GCGTTCCACCCCCGTTAGTC,7,5181012
yqjE_yqjK_yqjD_yqjC_predicted,0.16666666666666666,12,11,GCGTGTTCGTAACCGTCGAG,1,5188757
yqjE_yqjK_yqjD_yqjC_predicted,0.4166666666666667,15,11,GCGTGGAGTGTTAATCCATG,4,5244589
yqjE_yqjK_yqjD_yqjC_predicted,0.4166666666666667,15,11,GCGTCTTGCTCGAATACGTG,4,5221673
yqjE_yqjK_yqjD_yqjC_predicted,0.3333333333333333,14,11,GCGTAGGTGCGTAACGTCAT,3,5219502
yqjE_yqjK_yqjD_yqjC_predicted,2.6666666666666665,42,11,GCGTAGCATAGAGGGAAGCG,31,5209843
yqjE_yqjK_yqjD_yqjC_predicted,0.16666666666666666,12,11,GCGGTATAGAGCCAGGGACA,1,5187241
yqjE_yqjK_yqjD_yqjC_predicted,0.3333333333333333,14,11,GCGGACTGGTTAAGGGTAAA,3,5256422
yqjE_yqjK_yqjD_yqjC_predicted,0.4166666666666667,15,11,GCGCTTATTCGGTGGTCTTG,4,5248278
yqjE_yqjK_yqjD_yqjC_predicted,1.25,25,11,GCCTTTGTGGGCGCTGATTG,14,5211336
yqjE_yqjK_yqjD_yqjC_predicted,1.5,28,11,GCCTCCGCTTGCCAAATTCA,17,5197926
yqjE_yqjK_yqjD_yqjC_predicted,0.4166666666666667,15,11,GCCTATTAGGGATGCTCGCC,4,5253141
yqjE_yqjK_yqjD_yqjC_predicted,0.9166666666666666,21,11,GCCGTACTACTCCGGATCTC,10,5242313
yqjE_yqjK_yqjD_yqjC_predicted,0.25,13,11,GCCGGTGGAAAGGGCTAGAT,2,5209204
yqjE_yqjK_yqjD_yqjC_predicted,1.3333333333333333,26,11,GCCGCCGGGACCCACAGGAC,15,5226062
yqjE_yqjK_yqjD_yqjC_predicted,0.5,16,11,GCCGAAGCGGGTTTTGCATG,5,5214203
yqjE_yqjK_yqjD_yqjC_predicted,1.5,28,11,GCCCATTGGGTGCGAGGGCG,17,5182640
yqjE_yqjK_yqjD_yqjC_predicted,0.3333333333333333,14,11,GCCAGCGATCTCCGTTGGTG,3,5190537
yqjE_yqjK_yqjD_yqjC_predicted,1.75,31,11,GCCAGACCCCTCGGACTGGG,20,5187074
yqjE_yqjK_yqjD_yqjC_predicted,0.8333333333333334,20,11,GCCACCGTCGATGGGGGACG,9,5234567
yqjE_yqjK_yqjD_yqjC_predicted,0.25,13,11,GCCAATCCGGCCACGCACCA,2,5174809
yqjE_yqjK_yqjD_yqjC_predicted,1.9166666666666667,33,11,GCCAAGCCATCGTCGGCTGA,22,5249218
yqjE_yqjK_yqjD_yqjC_predicted,0.25,13,11,GCATACGCTGTGGTAAGTGT,2,5171160
yqjE_yqjK_yqjD_yqjC_predicted,0.3333333333333333,14,11,GCAGTATGTCTAGTAAAGAT,3,5181109
yqjE_yqjK_yqjD_yqjC_predicted,0.8333333333333334,20,11,GCAGCAGTTAAGTAATCCCT,9,5231463
yqjE_yqjK_yqjD_yqjC_predicted,1.8333333333333333,32,11,GCACAGCGCTGACATTATTT,21,5231320
yqjE_yqjK_yqjD_yqjC_predicted,0.4166666666666667,15,11,GCAATATAGACGCGCTTCTT,4,5191636
yqjE_yqjK_yqjD_yqjC_predicted,0.16666666666666666,12,11,GCAAGTGTAGCCTTAGACGG,1,5176818
yqjE_yqjK_yqjD_yqjC_predicted,2.0,34,11,GCAACCTGAAGCGAACTCTG,23,5226497
yqjE_yqjK_yqjD_yqjC_predicted,1.9166666666666667,33,11,GATTATGATGACAAAATAAT,22,5217074
yqjE_yqjK_yqjD_yqjC_predicted,0.5,16,11,GATATACTGGAGGCAGTTAA,5,5191498
yqjE_yqjK_yqjD_yqjC_predicted,0.16666666666666666,12,11,GAGTTCGCATGACTCGGGGG,1,5182900
yqjE_yqjK_yqjD_yqjC_predicted,0.25,13,11,GAGTGTTCTCAACGTAGTTG,2,5173606
yqjE_yqjK_yqjD_yqjC_predicted,0.3333333333333333,14,11,GAGGTTCAACAGATCCCCCG,3,5200499
yqjE_yqjK_yqjD_yqjC_predicted,0.16666666666666666,12,11,GAGGCGGCACACCGGGGATC,1,5186239
yqjE_yqjK_yqjD_yqjC_predicted,0.5,16,11,GAGGAACATAGATCGAACGC,5,5187379
yqjE_yqjK_yqjD_yqjC_predicted,3.6666666666666665,54,11,GAGCAAAGGTTTCACCTCTA,43,5254347
yqjE_yqjK_yqjD_yqjC_predicted,1.4166666666666667,27,11,GAGATGTTGAAGATGCTAAG,16,5261550
yqjE_yqjK_yqjD_yqjC_predicted,2.5833333333333335,41,11,GAGAGCCGAGTGCATGACAA,30,5241600
yqjE_yqjK_yqjD_yqjC_predicted,0.25,13,11,GACGGAGTAGGTATCCGCGA,2,5216242
yqjE_yqjK_yqjD_yqjC_predicted,0.5,16,11,GACGCTCCTTCGTCATGACT,5,5232616
yqjE_yqjK_yqjD_yqjC_predicted,2.25,37,11,GACATCTGACACCATGCGTC,26,5200235
yqjE_yqjK_yqjD_yqjC_predicted,0.16666666666666666,12,11,GACAGGGTAGGCCGACTCCT,1,5230087
yqjE_yqjK_yqjD_yqjC_predicted,2.0,34,11,GAATGAATACGTCCATAATT,23,5226506
yqjE_yqjK_yqjD_yqjC_predicted,2.0,34,11,GAAGGTTAATGTACTTTCAC,23,5229782
yqjE_yqjK_yqjD_yqjC_predicted,2.0833333333333335,35,11,GAACCGGGTCACTTTTTTCG,24,5239952
yqjE_yqjK_yqjD_yqjC_predicted,0.16666666666666666,12,11,GAAACGTCGTCTATGCGGCA,1,5185102
yqjE_yqjK_yqjD_yqjC_predicted,1.75,31,11,CTTTTAGGCGCGCACACTAT,20,5233308
yqjE_yqjK_yqjD_yqjC_predicted,0.25,13,11,CTTTGACTGGCCGCCATTAA,2,5171070
yqjE_yqjK_yqjD_yqjC_predicted,1.3333333333333333,26,11,CTTTGACGGCGGGCCGATTT,15,5238463
yqjE_yqjK_yqjD_yqjC_predicted,5.666666666666667,78,11,CTTGTCAAACAAAGGCACAT,67,5235731
yqjE_yqjK_yqjD_yqjC_predicted,0.75,19,11,CTTATCTACCTGGCATTTAC,8,5186396
yqjE_yqjK_yqjD_yqjC_predicted,0.75,19,11,CTTATCCCGAAGGCATGTGT,8,5237372
yqjE_yqjK_yqjD_yqjC_predicted,3.0833333333333335,47,11,CTTAAGATCGGGTCGTGATG,36,5255155
yqjE_yqjK_yqjD_yqjC_predicted,0.25,13,11,CTGTTTTGTAATGGTACCGG,2,5218894
yqjE_yqjK_yqjD_yqjC_predicted,2.0833333333333335,35,11,CTGTCTATTGGATGAATCAC,24,5233345
yqjE_yqjK_yqjD_yqjC_predicted,0.8333333333333334,20,11,CTGTCGCTCCTTAGCCGGGT,9,5192236
yqjE_yqjK_yqjD_yqjC_predicted,0.16666666666666666,12,11,CTGTATTGGACATTGCTGAA,1,5170900
yqjE_yqjK_yqjD_yqjC_predicted,0.8333333333333334,20,11,CTGTAGCAATTCTGAGCGTG,9,5212464
yqjE_yqjK_yqjD_yqjC_predicted,1.4166666666666667,27,11,CTGGTTCAGGCTGCGATCAT,16,5222693
yqjE_yqjK_yqjD_yqjC_predicted,1.3333333333333333,26,11,CTGGATCGGTAAACATCTGC,15,5178954
yqjE_yqjK_yqjD_yqjC_predicted,1.5833333333333333,29,11,CTGGAAGGACGTGGGGGACA,18,5253439
yqjE_yqjK_yqjD_yqjC_predicted,0.4166666666666667,15,11,CTGCCTAGGACTGCCTTTAA,4,5183879
yqjE_yqjK_yqjD_yqjC_predicted,1.0,22,11,CTGCCGAACCCGAACAAATT,11,5205257
yqjE_yqjK_yqjD_yqjC_predicted,1.6666666666666667,30,11,CTGCACGTCGTTTACAGCCA,19,5207281
yqjE_yqjK_yqjD_yqjC_predicted,0.6666666666666666,18,11,CTGCAAGTCTTACGTTTGTG,7,5185170
yqjE_yqjK_yqjD_yqjC_predicted,0.4166666666666667,15,11,CTGAAGCCGGCACATACGAT,4,5208689
yqjE_yqjK_yqjD_yqjC_predicted,1.0833333333333333,23,11,CTCGTTTGCCTCACCACGGC,12,5244923
yqjE_yqjK_yqjD_yqjC_predicted,1.25,25,11,CTCGTAACGGCATGGCGAAC,14,5260362
yqjE_yqjK_yqjD_yqjC_predicted,0.5,16,11,CTCCTCGCCTTGCCCAGGCT,5,5189237
yqjE_yqjK_yqjD_yqjC_predicted,1.5833333333333333,29,11,CTCACTAGCTCCAGGAAATG,18,5204341
yqjE_yqjK_yqjD_yqjC_predicted,1.3333333333333333,26,11,CTCAACAGTAATGAGTCGAT,15,5242811
yqjE_yqjK_yqjD_yqjC_predicted,5.0,70,11,CTATCAGACTTGGGGAACTT,59,5259129
yqjE_yqjK_yqjD_yqjC_predicted,0.5,16,11,CTACTGGCACTAGACGATAT,5,5201736
yqjE_yqjK_yqjD_yqjC_predicted,2.25,37,11,CTACTCAGGTACAGTAGGGT,26,5242635
yqjE_yqjK_yqjD_yqjC_predicted,0.16666666666666666,12,11,CTACACAGTTATCGCACGCG,1,5217317
yqjE_yqjK_yqjD_yqjC_predicted,0.4166666666666667,15,11,CGTTCGCGGTTGGCTTTATC,4,5222688
yqjE_yqjK_yqjD_yqjC_predicted,0.5,16,11,CGTGCGGCTGCCTCAGTCAC,5,5259079
yqjE_yqjK_yqjD_yqjC_predicted,1.25,25,11,CGTGATCTGGTTCTCCGAGT,14,5231600
yqjE_yqjK_yqjD_yqjC_predicted,0.16666666666666666,12,11,CGTCTTCAACGATTGGCGCA,1,5191334
yqjE_yqjK_yqjD_yqjC_predicted,1.0833333333333333,23,11,CGTCCCTCCCGGAAGACAAG,12,5202129
yqjE_yqjK_yqjD_yqjC_predicted,1.5,28,11,CGTCCCAACAAAGGAACATG,17,5187290
yqjE_yqjK_yqjD_yqjC_predicted,0.8333333333333334,20,11,CGTCAGTGAAGTATCTGAGT,9,5210235
yqjE_yqjK_yqjD_yqjC_predicted,0.5833333333333334,17,11,CGTATCCCCGGGGGGAGTAT,6,5255870
yqjE_yqjK_yqjD_yqjC_predicted,0.75,19,11,CGGTTGGATCCGTTTTTATG,8,5232664
yqjE_yqjK_yqjD_yqjC_predicted,1.0,22,11,CGGTTAGGCTGTGATGTCGT,11,5204524
yqjE_yqjK_yqjD_yqjC_predicted,1.0833333333333333,23,11,CGGTCCTCCTAGACATATAT,12,5200456
yqjE_yqjK_yqjD_yqjC_predicted,1.3333333333333333,26,11,CGGTAAGTCCGGGGTGCGGA,15,5241017
yqjE_yqjK_yqjD_yqjC_predicted,1.25,25,11,CGGGTTTTTATAACATCAGG,14,5261545
yqjE_yqjK_yqjD_yqjC_predicted,0.6666666666666666,18,11,CGGGTGGTAGCCGATCGGGT,7,5204435
yqjE_yqjK_yqjD_yqjC_predicted,0.25,13,11,CGGGTCATTGGAGGGACCAG,2,5210059
yqjE_yqjK_yqjD_yqjC_predicted,0.6666666666666666,18,11,CGGGAGAGCTGTCACGCCGT,7,5193068
yqjE_yqjK_yqjD_yqjC_predicted,0.8333333333333334,20,11,CGGAAGCATGCAGCCGATTT,9,5187236
yqjE_yqjK_yqjD_yqjC_predicted,0.3333333333333333,14,11,CGCTGCTTATAATGTTGCCC,3,5179001
yqjE_yqjK_yqjD_yqjC_predicted,0.16666666666666666,12,11,CGCTGCCTGCTTCACTCTAG,1,5215386
yqjE_yqjK_yqjD_yqjC_predicted,1.25,25,11,CGCTCCTTTGGCCTACGGAG,14,5205027
yqjE_yqjK_yqjD_yqjC_predicted,1.0833333333333333,23,11,CGCTAGAGATCAAAGGAAAG,12,5231529
yqjE_yqjK_yqjD_yqjC_predicted,0.75,19,11,CGCGGTTCACGGCCAAGCAA,8,5234403
yqjE_yqjK_yqjD_yqjC_predicted,2.0,34,11,CGCCCGTCTATCTCTCGCTT,23,5178078
yqjE_yqjK_yqjD_yqjC_predicted,1.3333333333333333,26,11,CGCAGAAGGAGCCCGATAAA,15,5171763
yqjE_yqjK_yqjD_yqjC_predicted,0.5833333333333334,17,11,CGATCGTGTAATACGAACGA,6,5179712
yqjE_yqjK_yqjD_yqjC_predicted,0.5833333333333334,17,11,CGATAGTATTAGGGGAAGTT,6,5200940
yqjE_yqjK_yqjD_yqjC_predicted,0.4166666666666667,15,11,CGAGGTCGCACCCCGTAGGC,4,5255881
yqjE_yqjK_yqjD_yqjC_predicted,0.5,16,11,CGAGGAAGACACCCTATAAG,5,5224957
yqjE_yqjK_yqjD_yqjC_predicted,0.3333333333333333,14,11,CGACTGTGTGTCAATACGAT,3,5191791
yqjE_yqjK_yqjD_yqjC_predicted,1.1666666666666667,24,11,CGACTAAAATCATTAATTTT,13,5250318
yqjE_yqjK_yqjD_yqjC_predicted,0.4166666666666667,15,11,CGAATCTTAAGAGGGTATCA,4,5262861
yqjE_yqjK_yqjD_yqjC_predicted,1.1666666666666667,24,11,CGAATCCGTGTGTGGATCCC,13,5211002
yqjE_yqjK_yqjD_yqjC_predicted,0.25,13,11,CGAAGGGGGCCTGAAACAAG,2,5195830
yqjE_yqjK_yqjD_yqjC_predicted,0.25,13,11,CGAAATTTATCTGACCGATT,2,5224044
yqjE_yqjK_yqjD_yqjC_predicted,0.16666666666666666,12,11,CCTTTCGAACTTAACGGCGT,1,5246353
yqjE_yqjK_yqjD_yqjC_predicted,0.4166666666666667,15,11,CCTTCTTTAATGTCTCGAAC,4,5229028
yqjE_yqjK_yqjD_yqjC_predicted,0.4166666666666667,15,11,CCTGCTTGTAAGACATCCTA,4,5234713
yqjE_yqjK_yqjD_yqjC_predicted,1.25,25,11,CCTGACAATAATGACACAGT,14,5179508
yqjE_yqjK_yqjD_yqjC_predicted,1.5,28,11,CCTCCATAGGCCTCATGCCC,17,5201412
yqjE_yqjK_yqjD_yqjC_predicted,1.9166666666666667,33,11,CCTAGAGTCTGGGGCCGTGA,22,5218855
yqjE_yqjK_yqjD_yqjC_predicted,2.1666666666666665,36,11,CCGTGCGATTGGGCAAAATT,25,5183690
yqjE_yqjK_yqjD_yqjC_predicted,0.25,13,11,CCGGGGCGTTAACCTGGCAG,2,5255020
yqjE_yqjK_yqjD_yqjC_predicted,0.5833333333333334,17,11,CCGCTTATGTCTTTTGGGCT,6,5218525
yqjE_yqjK_yqjD_yqjC_predicted,0.5833333333333334,17,11,CCGCTGCCACACTACGATCT,6,5228967
yqjE_yqjK_yqjD_yqjC_predicted,0.5833333333333334,17,11,CCGCTGATTGGCGGAGTAGG,6,5202565
yqjE_yqjK_yqjD_yqjC_predicted,0.25,13,11,CCGCCCTGATCGTGCATCTG,2,5232924
yqjE_yqjK_yqjD_yqjC_predicted,1.25,25,11,CCGCAAGCGTTTAGTTAAAA,14,5230825
yqjE_yqjK_yqjD_yqjC_predicted,0.16666666666666666,12,11,CCGAGTGCAGAGCTGCTGGT,1,5243062
yqjE_yqjK_yqjD_yqjC_predicted,0.3333333333333333,14,11,CCGACTCCAGGTACGAAATT,3,5240203
yqjE_yqjK_yqjD_yqjC_predicted,1.75,31,11,CCCTGCACGATTGCCAGGTT,20,5254956
yqjE_yqjK_yqjD_yqjC_predicted,0.5,16,11,CCCTACTCGAATGTGAGAGA,5,5197740
yqjE_yqjK_yqjD_yqjC_predicted,1.9166666666666667,33,11,CCCTAAGAAGCGCGTACTAA,22,5225646
yqjE_yqjK_yqjD_yqjC_predicted,0.5,16,11,CCCGCGCGGGAAGACAGTCA,5,5236679
yqjE_yqjK_yqjD_yqjC_predicted,0.75,19,11,CCCGAGATATAACTCTCGCT,8,5192741
yqjE_yqjK_yqjD_yqjC_predicted,1.0,22,11,CCCGAACGTCGGCTACGTAT,11,5201135
yqjE_yqjK_yqjD_yqjC_predicted,1.5833333333333333,29,11,CCCCTGGTGACGTTAACGGA,18,5247609
yqjE_yqjK_yqjD_yqjC_predicted,0.16666666666666666,12,11,CCCCGCTAAAACGTTCGTGA,1,5201338
yqjE_yqjK_yqjD_yqjC_predicted,0.25,13,11,CCCCCCGTCTTAGGGCCAGG,2,5187305
yqjE_yqjK_yqjD_yqjC_predicted,1.3333333333333333,26,11,CCCCACGGGACGAATCCCTA,15,5254190
yqjE_yqjK_yqjD_yqjC_predicted,0.25,13,11,CCCATGCTGATAGTTAGCCT,2,5262857
yqjE_yqjK_yqjD_yqjC_predicted,2.4166666666666665,39,11,CCCATGACAATTACCCCCGC,28,5206434
yqjE_yqjK_yqjD_yqjC_predicted,0.3333333333333333,14,11,CCCACTACACTTGAGACAGA,3,5210271
yqjE_yqjK_yqjD_yqjC_predicted,0.75,19,11,CCCACAGTTTTACGTCATTG,8,5229684
yqjE_yqjK_yqjD_yqjC_predicted,2.0833333333333335,35,11,CCATTAGCTCTTTGCAAGGC,24,5230765
yqjE_yqjK_yqjD_yqjC_predicted,0.6666666666666666,18,11,CCATGCAGGGCATACTTCTG,7,5184912
yqjE_yqjK_yqjD_yqjC_predicted,0.4166666666666667,15,11,CCATATGCATGCCGGTGATA,4,5184876
yqjE_yqjK_yqjD_yqjC_predicted,1.0,22,11,CCAGCAGGATGAAAGGAATT,11,5249059
yqjE_yqjK_yqjD_yqjC_predicted,0.25,13,11,CCAGCACACACAGCTGAAGT,2,5221937
yqjE_yqjK_yqjD_yqjC_predicted,1.3333333333333333,26,11,CCACTGGATCAGGGATAGCC,15,5187924
yqjE_yqjK_yqjD_yqjC_predicted,1.4166666666666667,27,11,CCACGCTCTACGACTGCGAT,16,5211049
yqjE_yqjK_yqjD_yqjC_predicted,0.3333333333333333,14,11,CCACCCTTGCGAACTTTGGG,3,5228505
yqjE_yqjK_yqjD_yqjC_predicted,0.3333333333333333,14,11,CCAAGCCGGTCGAACCTCCA,3,5204595
yqjE_yqjK_yqjD_yqjC_predicted,0.5,16,11,CATGTAACATCTACCAACTC,5,5210623
yqjE_yqjK_yqjD_yqjC_predicted,0.4166666666666667,15,11,CATGATACCCACCAGCCCTA,4,5215456
yqjE_yqjK_yqjD_yqjC_predicted,0.16666666666666666,12,11,CATCTCGAGTATATTAAACT,1,5207832
yqjE_yqjK_yqjD_yqjC_predicted,0.16666666666666666,12,11,CATCAGTTGCCGCCACAATA,1,5191582
yqjE_yqjK_yqjD_yqjC_predicted,0.5833333333333334,17,11,CAGTTCGAACAAAGCTACTT,6,5208104
yqjE_yqjK_yqjD_yqjC_predicted,1.9166666666666667,33,11,CAGTTCCTAGTCAGTGAGAT,22,5174724
yqjE_yqjK_yqjD_yqjC_predicted,2.0833333333333335,35,11,CAGTGGCGCAAAACTACTCG,24,5231336
yqjE_yqjK_yqjD_yqjC_predicted,0.75,19,11,CAGTCAATCCGATCCCGCGA,8,5239291
yqjE_yqjK_yqjD_yqjC_predicted,1.3333333333333333,26,11,CAGGTTTGGGGGGTCCTAAG,15,5241361
yqjE_yqjK_yqjD_yqjC_predicted,2.0,34,11,CAGGTAGTCTAATGCGAGCA,23,5197678
yqjE_yqjK_yqjD_yqjC_predicted,1.0,22,11,CAGGCTATTCTAGATTGGAT,11,5234352
yqjE_yqjK_yqjD_yqjC_predicted,0.16666666666666666,12,11,CAGCCGCTTGCGACGCCTTA,1,5187194
yqjE_yqjK_yqjD_yqjC_predicted,0.6666666666666666,18,11,CAGCCAATGATTTCGTTGAT,7,5247866
yqjE_yqjK_yqjD_yqjC_predicted,0.25,13,11,CAGCACCTTGTTGGGCGCTC,2,5246252
yqjE_yqjK_yqjD_yqjC_predicted,2.0,34,11,CAGATAAACAAGTGTGAGTA,23,5206742
yqjE_yqjK_yqjD_yqjC_predicted,2.25,37,11,CACTTATTCTGAACACACTC,26,5179222
yqjE_yqjK_yqjD_yqjC_predicted,1.9166666666666667,33,11,CACTCTACCAGAAAGAACGT,22,5233624
yqjE_yqjK_yqjD_yqjC_predicted,0.16666666666666666,12,11,CACTATCTATTGCTATTCGG,1,5187430
yqjE_yqjK_yqjD_yqjC_predicted,1.0833333333333333,23,11,CACGGGATTCCTAAAGAACT,12,5226284
yqjE_yqjK_yqjD_yqjC_predicted,0.3333333333333333,14,11,CAAGTTACTCATTGTATGTT,3,5173489
yqjE_yqjK_yqjD_yqjC_predicted,0.3333333333333333,14,11,CAACTTCATCAATTTTTCAA,3,5204675
yqjE_yqjK_yqjD_yqjC_predicted,0.25,13,11,CAACAGCCCGCAACGATAAT,2,5186399
yqjE_yqjK_yqjD_yqjC_predicted,2.75,43,11,CAAATGGTCTAGTTGTCCCT,32,5255658
yqjE_yqjK_yqjD_yqjC_predicted,0.16666666666666666,12,11,CAAATAGATTCCACTCGTTG,1,5248586
yqjE_yqjK_yqjD_yqjC_predicted,0.16666666666666666,12,11,CAAATAAGGATTACCCAGTT,1,5224286
yqjE_yqjK_yqjD_yqjC_predicted,1.75,31,11,ATTGCTGTTAGGTTTAATAG,20,5189404
yqjE_yqjK_yqjD_yqjC_predicted,0.4166666666666667,15,11,ATTGCCGGCCAAACCTACGT,4,5172084
yqjE_yqjK_yqjD_yqjC_predicted,0.25,13,11,ATTGATTTACGCAACCCCAT,2,5179910
yqjE_yqjK_yqjD_yqjC_predicted,1.0833333333333333,23,11,ATTGATTACCAGTCCTTCGA,12,5220492
yqjE_yqjK_yqjD_yqjC_predicted,0.16666666666666666,12,11,ATTCGTGGAAGTTCTTAGCA,1,5229073
yqjE_yqjK_yqjD_yqjC_predicted,1.8333333333333333,32,11,ATTCGGGAGCCGCAGTAGAT,21,5248279
yqjE_yqjK_yqjD_yqjC_predicted,0.6666666666666666,18,11,ATTCCCCCATTAGGCCAACT,7,5213703
yqjE_yqjK_yqjD_yqjC_predicted,1.0833333333333333,23,11,ATTCCAAGGTTTGGCGGGCG,12,5250646
yqjE_yqjK_yqjD_yqjC_predicted,0.4166666666666667,15,11,ATTCATATCGCCTAAACGGT,4,5173225
yqjE_yqjK_yqjD_yqjC_predicted,0.5833333333333334,17,11,ATTACACATTGTGCCACACA,6,5243238
yqjE_yqjK_yqjD_yqjC_predicted,0.6666666666666666,18,11,ATGTGCTCGGTTGGGTGTCT,7,5245187
yqjE_yqjK_yqjD_yqjC_predicted,1.0833333333333333,23,11,ATGTCTGACGTGCTTCTAAC,12,5249934
yqjE_yqjK_yqjD_yqjC_predicted,0.75,19,11,ATGGCGGGCCTACGGCAGGC,8,5195697
yqjE_yqjK_yqjD_yqjC_predicted,1.0,22,11,ATGCTTATTGTTGACTCCCT,11,5208910
yqjE_yqjK_yqjD_yqjC_predicted,0.8333333333333334,20,11,ATGCCTTCACTGGCCACGGT,9,5222398
yqjE_yqjK_yqjD_yqjC_predicted,2.75,43,11,ATGAGGAGGTGTAGGATAGT,32,5173311
yqjE_yqjK_yqjD_yqjC_predicted,1.0833333333333333,23,11,ATGACAGAATAGGTAGTTGT,12,5237958
yqjE_yqjK_yqjD_yqjC_predicted,0.16666666666666666,12,11,ATCTGTTTAGATCGGCCTTA,1,5187457
yqjE_yqjK_yqjD_yqjC_predicted,0.5,16,11,ATCTAAATGCCGCATTGGCG,5,5254809
yqjE_yqjK_yqjD_yqjC_predicted,0.25,13,11,ATCGTCCAACCTCAGAAGTG,2,5233167
yqjE_yqjK_yqjD_yqjC_predicted,1.0833333333333333,23,11,ATCCTAATTTATCCAGACCC,12,5252523
yqjE_yqjK_yqjD_yqjC_predicted,0.16666666666666666,12,11,ATCATTAAACTGACTCTGTT,1,5173183
yqjE_yqjK_yqjD_yqjC_predicted,1.0833333333333333,23,11,ATATTCGTAATCTGGAGACA,12,5227047
yqjE_yqjK_yqjD_yqjC_predicted,0.3333333333333333,14,11,ATATTCCCAAGACGCTGGAT,3,5178540
yqjE_yqjK_yqjD_yqjC_predicted,0.6666666666666666,18,11,ATATGTAATCGGTGGAAGAA,7,5190928
yqjE_yqjK_yqjD_yqjC_predicted,0.9166666666666666,21,11,ATACGCCGAGCTGGCTTAAA,10,5198946
yqjE_yqjK_yqjD_yqjC_predicted,1.1666666666666667,24,11,ATACCGTTCTGACCTCTTTA,13,5243532
yqjE_yqjK_yqjD_yqjC_predicted,0.5833333333333334,17,11,ATACATGGACCCCGGATTTA,6,5224475
yqjE_yqjK_yqjD_yqjC_predicted,0.4166666666666667,15,11,ATAATCATGTGGAACACTCC,4,5262122
yqjE_yqjK_yqjD_yqjC_predicted,5.0,70,11,ATAACTTGCAATCGAGAGAC,59,5246958
yqjE_yqjK_yqjD_yqjC_predicted,0.25,13,11,ATAACGTCAGTAATTAGTAG,2,5187332
yqjE_yqjK_yqjD_yqjC_predicted,2.1666666666666665,36,11,AGTTCCGAGAACGCGCTGCT,25,5221876
yqjE_yqjK_yqjD_yqjC_predicted,1.9166666666666667,33,11,AGTGTCATCAGTAACTATTA,22,5254015
yqjE_yqjK_yqjD_yqjC_predicted,0.75,19,11,AGTGACAATACCCGGTCAGG,8,5237480
yqjE_yqjK_yqjD_yqjC_predicted,0.75,19,11,AGTCCGCAGTCGGCCTGATT,8,5175093
yqjE_yqjK_yqjD_yqjC_predicted,0.8333333333333334,20,11,AGTAATAATGTAATCTAAGT,9,5227070
yqjE_yqjK_yqjD_yqjC_predicted,1.4166666666666667,27,11,AGTAAGTGAGAGGAACCTCC,16,5183794
yqjE_yqjK_yqjD_yqjC_predicted,0.9166666666666666,21,11,AGGTTTGGAATTGTGCGCCT,10,5171967
yqjE_yqjK_yqjD_yqjC_predicted,0.16666666666666666,12,11,AGGTTGCTATGTCCAGCATT,1,5250092
yqjE_yqjK_yqjD_yqjC_predicted,0.16666666666666666,12,11,AGGTCTGGCGGGCGTCGACG,1,5206571
yqjE_yqjK_yqjD_yqjC_predicted,0.16666666666666666,12,11,AGGTCTGCTAGCGCGATTCA,1,5183556
yqjE_yqjK_yqjD_yqjC_predicted,1.5833333333333333,29,11,AGGTACGTCCATGACGGCGG,18,5210267
yqjE_yqjK_yqjD_yqjC_predicted,0.4166666666666667,15,11,AGGGTAGTTTCCTAACGCTT,4,5242059
yqjE_yqjK_yqjD_yqjC_predicted,3.0833333333333335,47,11,AGGGGTCGTTTCTAGACTCA,36,5261918
yqjE_yqjK_yqjD_yqjC_predicted,0.16666666666666666,12,11,AGGCTCACCTTCCGACCAGT,1,5205031
yqjE_yqjK_yqjD_yqjC_predicted,0.16666666666666666,12,11,AGGCGTTATTTAGCATATAT,1,5208989
yqjE_yqjK_yqjD_yqjC_predicted,2.0,34,11,AGGCGTGCTCAGTTCCATAG,23,5201287
yqjE_yqjK_yqjD_yqjC_predicted,0.25,13,11,AGGCCTTCCTGTTGTATCAC,2,5251498
yqjE_yqjK_yqjD_yqjC_predicted,0.16666666666666666,12,11,AGGCCCACACACAACCATGC,1,5194367
yqjE_yqjK_yqjD_yqjC_predicted,0.5,16,11,AGGAGCAGCAAACCAATAGG,5,5206402
yqjE_yqjK_yqjD_yqjC_predicted,0.25,13,11,AGGAGATCTCTGGGGCAATA,2,5231187
yqjE_yqjK_yqjD_yqjC_predicted,1.8333333333333333,32,11,AGGAGAGTTCTGGCTCGAAC,21,5258261
yqjE_yqjK_yqjD_yqjC_predicted,1.4166666666666667,27,11,AGCTACATAATTGATACGAA,16,5224953
yqjE_yqjK_yqjD_yqjC_predicted,2.4166666666666665,39,11,AGCGACTTAGGCCCGTTCAG,28,5251761
yqjE_yqjK_yqjD_yqjC_predicted,1.5,28,11,AGCCTCGCGTATAGACTCTG,17,5239533
yqjE_yqjK_yqjD_yqjC_predicted,1.0833333333333333,23,11,AGCCGCTCTCTCTCCCCCTA,12,5207186
yqjE_yqjK_yqjD_yqjC_predicted,0.3333333333333333,14,11,AGCACATAAAAGCAACGCCC,3,5194293
yqjE_yqjK_yqjD_yqjC_predicted,1.0,22,11,AGATTGCTCTCGATTTATGC,11,5202971
yqjE_yqjK_yqjD_yqjC_predicted,0.4166666666666667,15,11,AGATTGATCGCAAATAGGGA,4,5248333
yqjE_yqjK_yqjD_yqjC_predicted,0.5833333333333334,17,11,AGATCGGGCTCGTCTAGTTT,6,5176555
yqjE_yqjK_yqjD_yqjC_predicted,0.25,13,11,AGATCATAATACTCTACACA,2,5242373
yqjE_yqjK_yqjD_yqjC_predicted,0.5,16,11,AGATAGTATGCATAGAAGGC,5,5179360
yqjE_yqjK_yqjD_yqjC_predicted,0.6666666666666666,18,11,AGAGACGCTCGTTGAGATGT,7,5237175
yqjE_yqjK_yqjD_yqjC_predicted,1.4166666666666667,27,11,AGAATTGTAATCCCGTGGAC,16,5241839
yqjE_yqjK_yqjD_yqjC_predicted,0.8333333333333334,20,11,ACTCTCGACGGATCATCATT,9,5206446
yqjE_yqjK_yqjD_yqjC_predicted,0.8333333333333334,20,11,ACTCGTTAGGAAAACTCGTT,9,5214115
yqjE_yqjK_yqjD_yqjC_predicted,0.5,16,11,ACTAGGTTCCCCGGATAAAA,5,5216934
yqjE_yqjK_yqjD_yqjC_predicted,0.4166666666666667,15,11,ACGTGTTCTTAACAGACTGC,4,5225935
yqjE_yqjK_yqjD_yqjC_predicted,1.9166666666666667,33,11,ACGTGATTAGAAGGCGATCC,22,5245388
yqjE_yqjK_yqjD_yqjC_predicted,2.25,37,11,ACGTCCATTTGTGTATTTTA,26,5234787
yqjE_yqjK_yqjD_yqjC_predicted,1.0,22,11,ACGCTACATATATTGACCTA,11,5195007
yqjE_yqjK_yqjD_yqjC_predicted,0.75,19,11,ACGCAGCCCGAGCACCGGAT,8,5180274
yqjE_yqjK_yqjD_yqjC_predicted,2.6666666666666665,42,11,ACGACCCTCCTGGTCCATGA,31,5253294
yqjE_yqjK_yqjD_yqjC_predicted,0.25,13,11,ACGAATTCTTGCGTATATTG,2,5251109
yqjE_yqjK_yqjD_yqjC_predicted,1.0833333333333333,23,11,ACCTCCCCACTTCACGGCTT,12,5218459
yqjE_yqjK_yqjD_yqjC_predicted,1.3333333333333333,26,11,ACCTATCAGCAACTAATTCT,15,5219875
yqjE_yqjK_yqjD_yqjC_predicted,1.4166666666666667,27,11,ACCTAAGAATCATTTTGAAT,16,5195427
yqjE_yqjK_yqjD_yqjC_predicted,1.5833333333333333,29,11,ACCCTAATGTGGGAAGCCGT,18,5262053
yqjE_yqjK_yqjD_yqjC_predicted,0.16666666666666666,12,11,ACCCCGCTGTTTCGGGTCTA,1,5250171
yqjE_yqjK_yqjD_yqjC_predicted,1.3333333333333333,26,11,ACCATGCATGCTCGTCCTCG,15,5238252
yqjE_yqjK_yqjD_yqjC_predicted,0.4166666666666667,15,11,ACCAACTTCCTAAGAACATA,4,5212073
yqjE_yqjK_yqjD_yqjC_predicted,1.75,31,11,ACATGTTTCCTGAAAGCCGT,20,5195417
yqjE_yqjK_yqjD_yqjC_predicted,1.5,28,11,ACACTGGGTTTATTCTCCGT,17,5218103
yqjE_yqjK_yqjD_yqjC_predicted,1.6666666666666667,30,11,ACACGTAGCGTAAAACATAA,19,5200359
yqjE_yqjK_yqjD_yqjC_predicted,0.25,13,11,ACACAGCCCACCGCGCCCGA,2,5240514
yqjE_yqjK_yqjD_yqjC_predicted,0.4166666666666667,15,11,ACAATATCGAAGGTTCTCGG,4,5192842
yqjE_yqjK_yqjD_yqjC_predicted,1.75,31,11,AATTCTTCAATTCGCCATCC,20,5212509
yqjE_yqjK_yqjD_yqjC_predicted,1.9166666666666667,33,11,AATGGTCGAGCTTCTAGGCC,22,5179021
yqjE_yqjK_yqjD_yqjC_predicted,1.3333333333333333,26,11,AATATCGTCTTACTTCGACC,15,5221555
yqjE_yqjK_yqjD_yqjC_predicted,0.16666666666666666,12,11,AATAGCAAGCCGCGATTCTA,1,5250969
yqjE_yqjK_yqjD_yqjC_predicted,0.25,13,11,AAGTGTCGTCTCTCTGGCCG,2,5176689
yqjE_yqjK_yqjD_yqjC_predicted,0.16666666666666666,12,11,AAGTGGGGATGGCCAAGCAA,1,5187920
yqjE_yqjK_yqjD_yqjC_predicted,0.9166666666666666,21,11,AAGTATGGAGCTCAACGACC,10,5201532
yqjE_yqjK_yqjD_yqjC_predicted,0.3333333333333333,14,11,AAGGACGGTGGTTCGAAAAT,3,5197407
yqjE_yqjK_yqjD_yqjC_predicted,2.6666666666666665,42,11,AAGCTGTCGGTATTCCTAGC,31,5225979
yqjE_yqjK_yqjD_yqjC_predicted,0.25,13,11,AAGCTCTACCGCCTTTCATT,2,5176795
yqjE_yqjK_yqjD_yqjC_predicted,2.5,40,11,AAGAGCTCGTGGAAGTGTTT,29,5199462
yqjE_yqjK_yqjD_yqjC_predicted,0.25,13,11,AACTTTTTAAGAATCAATTA,2,5194180
yqjE_yqjK_yqjD_yqjC_predicted,0.16666666666666666,12,11,AACTGAATGGATGCTCATGT,1,5178111
yqjE_yqjK_yqjD_yqjC_predicted,1.5833333333333333,29,11,AACGGCCTACCCCCACTCGG,18,5180925
yqjE_yqjK_yqjD_yqjC_predicted,1.0833333333333333,23,11,AACCATATTCCTGACCCTTT,12,5226089
yqjE_yqjK_yqjD_yqjC_predicted,1.0833333333333333,23,11,AACAAGGGATTCGTCGTCTA,12,5191247
yqjE_yqjK_yqjD_yqjC_predicted,2.75,43,11,AAATAGTTAACGACAAATCT,32,5190637
yqjE_yqjK_yqjD_yqjC_predicted,0.3333333333333333,14,11,AAAATGATCGTCAGTTCGTA,3,5208050
yqjE_yqjK_yqjD_yqjC_predicted,0.2727272727272727,12,10,TTTTGCCGGGTCCATGTCGG,2,5197087
yqjE_yqjK_yqjD_yqjC_predicted,0.9090909090909091,19,10,TTTTCACAGGAGAGAGACGT,9,5218685
yqjE_yqjK_yqjD_yqjC_predicted,10.818181818181818,128,10,TTTGTTCCAAAAGCTAGCCA,118,5255511
yqjE_yqjK_yqjD_yqjC_predicted,0.6363636363636364,16,10,TTTGGTATTCATGCTTGGTC,6,5218432
yqjE_yqjK_yqjD_yqjC_predicted,1.0909090909090908,21,10,TTTGCCAATTAGGTTTGAAT,11,5203420
yqjE_yqjK_yqjD_yqjC_predicted,1.0909090909090908,21,10,TTTCGTGCCTAGAGTCAGAC,11,5242283
yqjE_yqjK_yqjD_yqjC_predicted,1.0,20,10,TTTCACAATAATTCCAAGTC,10,5205019
yqjE_yqjK_yqjD_yqjC_predicted,3.1818181818181817,44,10,TTTAGGTTCCTTCCTTGATC,34,5181333
yqjE_yqjK_yqjD_yqjC_predicted,1.3636363636363635,24,10,TTGTTTGTATTCCGAGTACT,14,5192198
yqjE_yqjK_yqjD_yqjC_predicted,0.36363636363636365,13,10,TTGTTTCAGCGACAGTGGAC,3,5173507
yqjE_yqjK_yqjD_yqjC_predicted,1.7272727272727273,28,10,TTGTGTTACATCACCAGGGC,18,5194422
yqjE_yqjK_yqjD_yqjC_predicted,0.5454545454545454,15,10,TTGGTACGGCACTTGTGCAG,5,5193199
yqjE_yqjK_yqjD_yqjC_predicted,0.5454545454545454,15,10,TTGGCTAGGATGCGTCTCGG,5,5198887
yqjE_yqjK_yqjD_yqjC_predicted,0.2727272727272727,12,10,TTGGCATTTTACCGAAACTT,2,5178294
yqjE_yqjK_yqjD_yqjC_predicted,1.2727272727272727,23,10,TTGGACGCTCGATGGTGATA,13,5199089
yqjE_yqjK_yqjD_yqjC_predicted,0.45454545454545453,14,10,TTGCGTAAGCTTATAATGAC,4,5253169
yqjE_yqjK_yqjD_yqjC_predicted,0.2727272727272727,12,10,TTGATTTAACATGTTCTTGA,2,5193937
yqjE_yqjK_yqjD_yqjC_predicted,0.45454545454545453,14,10,TTGATGATCGTGATCACCAT,4,5193236
yqjE_yqjK_yqjD_yqjC_predicted,1.1818181818181819,22,10,TTGAAGCCAACTACCGCTTC,12,5259162
yqjE_yqjK_yqjD_yqjC_predicted,1.4545454545454546,25,10,TTCTGCACCGTCAGCGTAGA,15,5224629
yqjE_yqjK_yqjD_yqjC_predicted,1.5454545454545454,26,10,TTCTCGCACACTGATTTATA,16,5250195
yqjE_yqjK_yqjD_yqjC_predicted,0.18181818181818182,11,10,TTCTATGTATCAGGCTACAT,1,5207888
yqjE_yqjK_yqjD_yqjC_predicted,0.7272727272727273,17,10,TTCGTAACCCATACGTGAAG,7,5229636
yqjE_yqjK_yqjD_yqjC_predicted,1.6363636363636365,27,10,TTCGGGAATGGTCATTTCTT,17,5219623
yqjE_yqjK_yqjD_yqjC_predicted,0.18181818181818182,11,10,TTCCTGTTTCTCGGAGAAAT,1,5260041
yqjE_yqjK_yqjD_yqjC_predicted,0.18181818181818182,11,10,TTCCCAGGTTGGAAGCAAGG,1,5196208
yqjE_yqjK_yqjD_yqjC_predicted,0.9090909090909091,19,10,TTCCATGAAACAGGTGATCG,9,5178016
yqjE_yqjK_yqjD_yqjC_predicted,0.6363636363636364,16,10,TTCATAATAGGAGCTCCTTC,6,5245920
yqjE_yqjK_yqjD_yqjC_predicted,0.8181818181818182,18,10,TTCAGCAGTTAATAGTACAT,8,5252912
yqjE_yqjK_yqjD_yqjC_predicted,2.3636363636363638,35,10,TTCACAGCTAGGGCGAAAAA,25,5180359
yqjE_yqjK_yqjD_yqjC_predicted,1.9090909090909092,30,10,TTATCCTACAGGAATCGGTA,20,5190658
yqjE_yqjK_yqjD_yqjC_predicted,0.2727272727272727,12,10,TTATATTTCTAGCATCGGTT,2,5232455
yqjE_yqjK_yqjD_yqjC_predicted,0.2727272727272727,12,10,TTAGTATGACTTAGGAGTGG,2,5200871
yqjE_yqjK_yqjD_yqjC_predicted,2.1818181818181817,33,10,TTAGCGGTAATGATCGGATG,23,5201140
yqjE_yqjK_yqjD_yqjC_predicted,0.45454545454545453,14,10,TTAGATAGCAGCATCGTAGA,4,5233802
yqjE_yqjK_yqjD_yqjC_predicted,0.5454545454545454,15,10,TTAGAAAAGAGACCAGGAGC,5,5177159
yqjE_yqjK_yqjD_yqjC_predicted,1.0,20,10,TTACAGCATAGAACTACCAT,10,5239996
yqjE_yqjK_yqjD_yqjC_predicted,1.5454545454545454,26,10,TTAATGTATGCTACTACAAA,16,5235717
yqjE_yqjK_yqjD_yqjC_predicted,0.8181818181818182,18,10,TTAACGCCGGGCAACCCATT,8,5218969
yqjE_yqjK_yqjD_yqjC_predicted,0.6363636363636364,16,10,TTAAAGTGAAAACTAATCAA,6,5236992
yqjE_yqjK_yqjD_yqjC_predicted,0.36363636363636365,13,10,TGTTGGGCATTTCACTTGCA,3,5189619
yqjE_yqjK_yqjD_yqjC_predicted,2.3636363636363638,35,10,TGTTATGGAAACTTAGGGGC,25,5200957
yqjE_yqjK_yqjD_yqjC_predicted,0.18181818181818182,11,10,TGTGATATGTTGCAATCCGA,1,5227604
yqjE_yqjK_yqjD_yqjC_predicted,0.36363636363636365,13,10,TGTCAGGGAGTACACTCTAT,3,5251859
yqjE_yqjK_yqjD_yqjC_predicted,1.1818181818181819,22,10,TGTAGACTTCCGACGGGGGG,12,5213629
yqjE_yqjK_yqjD_yqjC_predicted,0.2727272727272727,12,10,TGTACATAGCAGCAAATCAC,2,5173294
yqjE_yqjK_yqjD_yqjC_predicted,0.18181818181818182,11,10,TGGTGCCTTGCGCGTAGATT,1,5242334
yqjE_yqjK_yqjD_yqjC_predicted,1.9090909090909092,30,10,TGGTCTCGATCCGGCATTGC,20,5240036
yqjE_yqjK_yqjD_yqjC_predicted,0.18181818181818182,11,10,TGGTCTACGGAATTTGCGCT,1,5260796
yqjE_yqjK_yqjD_yqjC_predicted,0.2727272727272727,12,10,TGGTACTATATATGTGGATT,2,5172012
yqjE_yqjK_yqjD_yqjC_predicted,2.3636363636363638,35,10,TGGGGTCGGCATAAACCAGT,25,5255035
yqjE_yqjK_yqjD_yqjC_predicted,2.4545454545454546,36,10,TGGGGATATATGCCCCAGTC,26,5180952
yqjE_yqjK_yqjD_yqjC_predicted,1.4545454545454546,25,10,TGGGCTTTGTATTTGGTCGC,15,5261121
yqjE_yqjK_yqjD_yqjC_predicted,3.272727272727273,45,10,TGGGCTACATTCAGACGCTA,35,5215985
yqjE_yqjK_yqjD_yqjC_predicted,1.2727272727272727,23,10,TGGGCATCCGTATTTCGATC,13,5219470
yqjE_yqjK_yqjD_yqjC_predicted,3.3636363636363638,46,10,TGGGAACCAGGTCTTGTTCT,36,5186726
yqjE_yqjK_yqjD_yqjC_predicted,1.1818181818181819,22,10,TGGCTGGTCCCTATGCATCA,12,5194157
yqjE_yqjK_yqjD_yqjC_predicted,0.9090909090909091,19,10,TGGCTCTGACGACCATAAAA,9,5209108
yqjE_yqjK_yqjD_yqjC_predicted,0.9090909090909091,19,10,TGGATCGACATCTAAGAGGC,9,5218176
yqjE_yqjK_yqjD_yqjC_predicted,1.0,20,10,TGGACCTTTCCTTCTTACAT,10,5174649
yqjE_yqjK_yqjD_yqjC_predicted,0.18181818181818182,11,10,TGCTGACACCGTCGCATACT,1,5204101
yqjE_yqjK_yqjD_yqjC_predicted,1.0,20,10,TGCTCGTTCTCGGCGCTGTC,10,5229895
yqjE_yqjK_yqjD_yqjC_predicted,0.7272727272727273,17,10,TGCGCGGAATAGTTCGAATT,7,5173435
yqjE_yqjK_yqjD_yqjC_predicted,0.8181818181818182,18,10,TGCGATAGGCGGGATCGAAA,8,5223900
yqjE_yqjK_yqjD_yqjC_predicted,1.6363636363636365,27,10,TGCCGAGGGCACCGTCGTTC,17,5188015
yqjE_yqjK_yqjD_yqjC_predicted,0.2727272727272727,12,10,TGCCCACTAGGAATTCGACC,2,5202410
yqjE_yqjK_yqjD_yqjC_predicted,0.2727272727272727,12,10,TGCATTAGCCGCTTATGGGG,2,5243832
yqjE_yqjK_yqjD_yqjC_predicted,0.7272727272727273,17,10,TGCAAGTGGAGTTCCTTGAT,7,5236164
yqjE_yqjK_yqjD_yqjC_predicted,2.090909090909091,32,10,TGATGGCGCACAATTTCTAG,22,5259900
yqjE_yqjK_yqjD_yqjC_predicted,0.7272727272727273,17,10,TGATCTTAGCCAACGCGAGA,7,5256492
yqjE_yqjK_yqjD_yqjC_predicted,0.18181818181818182,11,10,TGATCGAGCCAATACAGGTT,1,5232203
yqjE_yqjK_yqjD_yqjC_predicted,0.18181818181818182,11,10,TGATCAACTGCATCGTAGAT,1,5245135
yqjE_yqjK_yqjD_yqjC_predicted,0.18181818181818182,11,10,TGACTCTGCTTAGATTTTTT,1,5187966
yqjE_yqjK_yqjD_yqjC_predicted,2.909090909090909,41,10,TCTTTGCCGACGGGTACCCT,31,5217573
yqjE_yqjK_yqjD_yqjC_predicted,1.1818181818181819,22,10,TCTGGGTACATACTGTTATA,12,5216814
yqjE_yqjK_yqjD_yqjC_predicted,0.5454545454545454,15,10,TCTCTTTGGTCTCGTGTTTC,5,5219831
yqjE_yqjK_yqjD_yqjC_predicted,0.36363636363636365,13,10,TCTCTGATCAATTGATAGAA,3,5205052
yqjE_yqjK_yqjD_yqjC_predicted,0.6363636363636364,16,10,TCTCGCCGGGTATACGCGGA,6,5256243
yqjE_yqjK_yqjD_yqjC_predicted,2.1818181818181817,33,10,TCTCCGGCCGTAGGGGTCCA,23,5174646
yqjE_yqjK_yqjD_yqjC_predicted,0.45454545454545453,14,10,TCTCACGCGCGCTTCCACCC,4,5222773
yqjE_yqjK_yqjD_yqjC_predicted,0.45454545454545453,14,10,TCTAGGGCATTGCGATGTGT,4,5235871
yqjE_yqjK_yqjD_yqjC_predicted,1.5454545454545454,26,10,TCTACGAAAATTAGAAATAA,16,5248485
yqjE_yqjK_yqjD_yqjC_predicted,0.18181818181818182,11,10,TCGTAAAGATGCAGCATACG,1,5215032
yqjE_yqjK_yqjD_yqjC_predicted,0.5454545454545454,15,10,TCGGAACAAAGCCAAGAGGA,5,5181838
yqjE_yqjK_yqjD_yqjC_predicted,0.2727272727272727,12,10,TCGCGATCAGACCGGGGTAT,2,5252831
yqjE_yqjK_yqjD_yqjC_predicted,2.4545454545454546,36,10,TCGCAAAGGACGAAGCTCTT,26,5224410
yqjE_yqjK_yqjD_yqjC_predicted,1.0,20,10,TCGATGGTGCAGTCCCTCCC,10,5209270
yqjE_yqjK_yqjD_yqjC_predicted,2.6363636363636362,38,10,TCGATCATTAGCATCTTCGC,28,5232075
yqjE_yqjK_yqjD_yqjC_predicted,2.909090909090909,41,10,TCCTGCGTTCCGTCACGGAC,31,5213408
yqjE_yqjK_yqjD_yqjC_predicted,0.18181818181818182,11,10,TCCGGCTTTGGATAGATCAT,1,5261656
yqjE_yqjK_yqjD_yqjC_predicted,5.545454545454546,70,10,TCCCTAGAGCAAGGGCCAGA,60,5190866
yqjE_yqjK_yqjD_yqjC_predicted,0.6363636363636364,16,10,TCCCGTGCTGATGCCCCGAT,6,5262322
yqjE_yqjK_yqjD_yqjC_predicted,0.18181818181818182,11,10,TCCCCATACCAATTGTCACT,1,5224511
yqjE_yqjK_yqjD_yqjC_predicted,0.45454545454545453,14,10,TCCAGGACCACACTCGCGTC,4,5188637
yqjE_yqjK_yqjD_yqjC_predicted,2.272727272727273,34,10,TCCAAGAGCTCCAAACACGA,24,5183020
yqjE_yqjK_yqjD_yqjC_predicted,1.5454545454545454,26,10,TCATGATCTAGAGACCATGG,16,5222098
yqjE_yqjK_yqjD_yqjC_predicted,0.5454545454545454,15,10,TCATGAGCGTAACAAGGAGT,5,5227962
yqjE_yqjK_yqjD_yqjC_predicted,1.4545454545454546,25,10,TCATCGTTGATTGTGTCAGA,15,5232255
yqjE_yqjK_yqjD_yqjC_predicted,2.272727272727273,34,10,TCAGGACAACCCCAGAAATC,24,5232921
yqjE_yqjK_yqjD_yqjC_predicted,1.3636363636363635,24,10,TCAGAGCGGTACCGTAGTAG,14,5254875
yqjE_yqjK_yqjD_yqjC_predicted,0.5454545454545454,15,10,TCACCTGCTGTATGGAGGCT,5,5259099
yqjE_yqjK_yqjD_yqjC_predicted,0.2727272727272727,12,10,TATTGGTAGCAATCAACCCA,2,5175492
yqjE_yqjK_yqjD_yqjC_predicted,1.4545454545454546,25,10,TATGTAAGGCTCCGTCACGT,15,5260742
yqjE_yqjK_yqjD_yqjC_predicted,2.0,31,10,TATGGGAGCACTGGAGTCCG,21,5190222
yqjE_yqjK_yqjD_yqjC_predicted,2.4545454545454546,36,10,TATGATTGGGAGTGTTTTAG,26,5180595
yqjE_yqjK_yqjD_yqjC_predicted,0.9090909090909091,19,10,TATCTTTGTATCTCGGTGTT,9,5260811
yqjE_yqjK_yqjD_yqjC_predicted,0.5454545454545454,15,10,TATCGGCACAAGTTTGCCCG,5,5209661
yqjE_yqjK_yqjD_yqjC_predicted,2.5454545454545454,37,10,TATCGAACGGCATCCTAATT,27,5226653
yqjE_yqjK_yqjD_yqjC_predicted,3.5454545454545454,48,10,TATATGTGACCTCTGAAGTA,38,5249375
yqjE_yqjK_yqjD_yqjC_predicted,0.5454545454545454,15,10,TATACTTCCTTTCTCCTAAA,5,5209595
yqjE_yqjK_yqjD_yqjC_predicted,0.2727272727272727,12,10,TAGGTTAACTAACTGATTCA,2,5181458
yqjE_yqjK_yqjD_yqjC_predicted,0.45454545454545453,14,10,TAGGTGCAAAACCGCTCTGA,4,5240569
yqjE_yqjK_yqjD_yqjC_predicted,1.0,20,10,TAGGCGGTTTCTGTTTCGCT,10,5221062
yqjE_yqjK_yqjD_yqjC_predicted,3.090909090909091,43,10,TAGGATGAATCCTTAGATCC,33,5191499
yqjE_yqjK_yqjD_yqjC_predicted,0.8181818181818182,18,10,TAGGAGGGTTTCTGAGCAGC,8,5218575
yqjE_yqjK_yqjD_yqjC_predicted,1.8181818181818181,29,10,TAGGAATCAAGTCCACATAT,19,5190920
yqjE_yqjK_yqjD_yqjC_predicted,1.9090909090909092,30,10,TAGCTCCATCGTCCGCGAAC,20,5222902
yqjE_yqjK_yqjD_yqjC_predicted,1.5454545454545454,26,10,TAGCCCGTTCACGTCGCCTT,16,5211813
yqjE_yqjK_yqjD_yqjC_predicted,1.3636363636363635,24,10,TAGATCATCCGTTTAACTTA,14,5213197
yqjE_yqjK_yqjD_yqjC_predicted,0.18181818181818182,11,10,TAGACTTCAGTGACGACATG,1,5215256
yqjE_yqjK_yqjD_yqjC_predicted,0.8181818181818182,18,10,TAGACGTGTAAGATTTAAGG,8,5249484
yqjE_yqjK_yqjD_yqjC_predicted,0.45454545454545453,14,10,TAGACATTGTCCATTAGTTG,4,5173409
yqjE_yqjK_yqjD_yqjC_predicted,0.2727272727272727,12,10,TAGACAAGCCCTCAATCCGG,2,5203923
yqjE_yqjK_yqjD_yqjC_predicted,0.5454545454545454,15,10,TACCAGGGGAGCGTCTTCCG,5,5172800
yqjE_yqjK_yqjD_yqjC_predicted,1.2727272727272727,23,10,TACATTGTGTTTGACACTAT,13,5182645
yqjE_yqjK_yqjD_yqjC_predicted,3.0,42,10,TACACCAATCCGGGTAACCT,32,5193826
yqjE_yqjK_yqjD_yqjC_predicted,1.0909090909090908,21,10,TACAAGCCTACTCGCAGCGA,11,5212724
yqjE_yqjK_yqjD_yqjC_predicted,1.0,20,10,TAAGGGAATCGGTTGGGTCA,10,5249288
yqjE_yqjK_yqjD_yqjC_predicted,0.7272727272727273,17,10,TAAGATCAGTCTGAGGTAGA,7,5176280
yqjE_yqjK_yqjD_yqjC_predicted,1.0909090909090908,21,10,TAACCTCTAAGCGGTCTCGG,11,5187441
yqjE_yqjK_yqjD_yqjC_predicted,0.5454545454545454,15,10,TAACCGGCACCGGTTAGCTA,5,5227133
yqjE_yqjK_yqjD_yqjC_predicted,0.2727272727272727,12,10,TAACCCTCCACAGTGGCATC,2,5175371
yqjE_yqjK_yqjD_yqjC_predicted,2.1818181818181817,33,10,TAACAGGCAGCACTAATATG,23,5195282
yqjE_yqjK_yqjD_yqjC_predicted,1.6363636363636365,27,10,TAAATACAAGAATCCGTCAG,17,5252271
yqjE_yqjK_yqjD_yqjC_predicted,2.1818181818181817,33,10,GTTTGCGGGGGGCGGTGATA,23,5253567
yqjE_yqjK_yqjD_yqjC_predicted,0.2727272727272727,12,10,GTTGTGACCAAGTGGCATAA,2,5230353
yqjE_yqjK_yqjD_yqjC_predicted,0.2727272727272727,12,10,GTTGTACCGCAAACGGCGGG,2,5189480
yqjE_yqjK_yqjD_yqjC_predicted,0.5454545454545454,15,10,GTTGGGAATGCCTTGGCTAG,5,5174829
yqjE_yqjK_yqjD_yqjC_predicted,1.5454545454545454,26,10,GTTGCTATAGGGGCATACGT,16,5183274
yqjE_yqjK_yqjD_yqjC_predicted,0.18181818181818182,11,10,GTTGCGCTTCGTGGAGGCCA,1,5173240
yqjE_yqjK_yqjD_yqjC_predicted,0.2727272727272727,12,10,GTTGCAGTGGGTACGGAAGC,2,5186979
yqjE_yqjK_yqjD_yqjC_predicted,2.6363636363636362,38,10,GTTCTTCAACTCTGAGCGAC,28,5224894
yqjE_yqjK_yqjD_yqjC_predicted,1.8181818181818181,29,10,GTTATTTTCCGCGAGCGCGC,19,5250038
yqjE_yqjK_yqjD_yqjC_predicted,2.0,31,10,GTTACACTGATACCGGGCTC,21,5252658
yqjE_yqjK_yqjD_yqjC_predicted,0.7272727272727273,17,10,GTGTGTACGTTCAAATGCAG,7,5255418
yqjE_yqjK_yqjD_yqjC_predicted,1.7272727272727273,28,10,GTGTATCGGAGAGTCGGTCT,18,5248105
yqjE_yqjK_yqjD_yqjC_predicted,0.18181818181818182,11,10,GTGGTTCTCTCTACGAACAG,1,5239560
yqjE_yqjK_yqjD_yqjC_predicted,0.36363636363636365,13,10,GTGGTCCATGTCTGACGCGT,3,5175400
yqjE_yqjK_yqjD_yqjC_predicted,1.0909090909090908,21,10,GTGGGTGTACATCATGAGTG,11,5181847
yqjE_yqjK_yqjD_yqjC_predicted,1.3636363636363635,24,10,GTGGCGCTTTTTGATCAATA,14,5246159
yqjE_yqjK_yqjD_yqjC_predicted,2.727272727272727,39,10,GTGCGTTTGCTGCTGGGTTG,29,5208437
yqjE_yqjK_yqjD_yqjC_predicted,0.45454545454545453,14,10,GTGAGGTCGGACCAAGACTT,4,5171816
yqjE_yqjK_yqjD_yqjC_predicted,1.4545454545454546,25,10,GTGAGCGGGGTGTGCATGTA,15,5211957
yqjE_yqjK_yqjD_yqjC_predicted,0.7272727272727273,17,10,GTCTTTCGTTGCGGTGAAAG,7,5234537
yqjE_yqjK_yqjD_yqjC_predicted,0.5454545454545454,15,10,GTCTCGAAGCTCCTCCGTGC,5,5178947
yqjE_yqjK_yqjD_yqjC_predicted,0.8181818181818182,18,10,GTCTAGTACTGTATCTGAAC,8,5180787
yqjE_yqjK_yqjD_yqjC_predicted,0.18181818181818182,11,10,GTCGGCTGCGCTGGGGTGTT,1,5198947
yqjE_yqjK_yqjD_yqjC_predicted,1.4545454545454546,25,10,GTCGCGCCCAAGGAAAACGA,15,5195690
yqjE_yqjK_yqjD_yqjC_predicted,0.18181818181818182,11,10,GTCCTCCCCAAGGGTGAATT,1,5243513
yqjE_yqjK_yqjD_yqjC_predicted,0.18181818181818182,11,10,GTCAGGCGCAACGAAGATGC,1,5200768
yqjE_yqjK_yqjD_yqjC_predicted,0.5454545454545454,15,10,GTCAATCCAAAGTGCAAACA,5,5203433
yqjE_yqjK_yqjD_yqjC_predicted,0.2727272727272727,12,10,GTATGGCCGGGTATCTAGTG,2,5208917
yqjE_yqjK_yqjD_yqjC_predicted,0.5454545454545454,15,10,GTATCTGTTGCGGGCTGCGT,5,5232492
yqjE_yqjK_yqjD_yqjC_predicted,1.2727272727272727,23,10,GTATACGGGTTGTACATTGC,13,5239304
yqjE_yqjK_yqjD_yqjC_predicted,0.36363636363636365,13,10,GTAGGTTAACATCTCCAATT,3,5180913
yqjE_yqjK_yqjD_yqjC_predicted,0.36363636363636365,13,10,GTAGGTGGACGAGGAACCAC,3,5201706
yqjE_yqjK_yqjD_yqjC_predicted,0.18181818181818182,11,10,GTAGATCGTAGCTTCCCTGT,1,5188395
yqjE_yqjK_yqjD_yqjC_predicted,0.7272727272727273,17,10,GTACACTCTGGCAGGGACCT,7,5231133
yqjE_yqjK_yqjD_yqjC_predicted,1.0,20,10,GTAACTTACAAGGATAGCGA,10,5259792
yqjE_yqjK_yqjD_yqjC_predicted,0.45454545454545453,14,10,GTAACAACGTTCGGAGCAAT,4,5201685
yqjE_yqjK_yqjD_yqjC_predicted,1.1818181818181819,22,10,GGTTTCGCGTACTATCTTGA,12,5221527
yqjE_yqjK_yqjD_yqjC_predicted,0.9090909090909091,19,10,GGTTCTCGAGTCGAGTTGGT,9,5195908
yqjE_yqjK_yqjD_yqjC_predicted,0.5454545454545454,15,10,GGTTAGATGAGAACAGAATA,5,5181105
yqjE_yqjK_yqjD_yqjC_predicted,2.4545454545454546,36,10,GGTGCTTACGCAGCCTCTGC,26,5173552
yqjE_yqjK_yqjD_yqjC_predicted,1.2727272727272727,23,10,GGTCTTACTAATGTGTCGAA,13,5217236
yqjE_yqjK_yqjD_yqjC_predicted,1.8181818181818181,29,10,GGTCAGCTAGTATACTCGCA,19,5172208
yqjE_yqjK_yqjD_yqjC_predicted,2.272727272727273,34,10,GGTCAACCGTATCCGTAGTA,24,5209574
yqjE_yqjK_yqjD_yqjC_predicted,2.1818181818181817,33,10,GGTAATCGCCTGACGGGTGC,23,5245063
yqjE_yqjK_yqjD_yqjC_predicted,0.5454545454545454,15,10,GGGGTGAGAAGAAACTCTAG,5,5210837
yqjE_yqjK_yqjD_yqjC_predicted,0.18181818181818182,11,10,GGGGTATCTCGAGTATATTG,1,5173479
yqjE_yqjK_yqjD_yqjC_predicted,0.8181818181818182,18,10,GGGGCTTGTTACTAAGCAGT,8,5210790
yqjE_yqjK_yqjD_yqjC_predicted,1.3636363636363635,24,10,GGGGCGTCGCCGATCCTTTG,14,5207183
yqjE_yqjK_yqjD_yqjC_predicted,0.5454545454545454,15,10,GGGGAGATTACCAGCGATCT,5,5203684
yqjE_yqjK_yqjD_yqjC_predicted,2.1818181818181817,33,10,GGGCGCAGTAGACTTCCGTG,23,5236721
yqjE_yqjK_yqjD_yqjC_predicted,2.8181818181818183,40,10,GGGAAACTGGCAAGCCTAGG,30,5228047
yqjE_yqjK_yqjD_yqjC_predicted,0.36363636363636365,13,10,GGCTTTACCGTGGGAAAGTC,3,5172957
yqjE_yqjK_yqjD_yqjC_predicted,0.2727272727272727,12,10,GGCTCCGTACCAAGTTGCCA,2,5195344
yqjE_yqjK_yqjD_yqjC_predicted,1.6363636363636365,27,10,GGCGGCTGTAGGTCACATCT,17,5224620
yqjE_yqjK_yqjD_yqjC_predicted,0.18181818181818182,11,10,GGCGCCAGACCTGCATAGTA,1,5246571
yqjE_yqjK_yqjD_yqjC_predicted,2.727272727272727,39,10,GGCGCAAATATATGTAACAC,29,5213987
yqjE_yqjK_yqjD_yqjC_predicted,1.3636363636363635,24,10,GGCCTGTTAGATAGACTCCG,14,5190569
yqjE_yqjK_yqjD_yqjC_predicted,0.6363636363636364,16,10,GGCCTGATTTCTTCAATGGT,6,5258956
yqjE_yqjK_yqjD_yqjC_predicted,1.8181818181818181,29,10,GGCCACTTATAGTATGACTA,19,5256166
yqjE_yqjK_yqjD_yqjC_predicted,0.36363636363636365,13,10,GGCAACCTCGGATGCAGATA,3,5193775
yqjE_yqjK_yqjD_yqjC_predicted,0.2727272727272727,12,10,GGATGGGTCCATGAAGCGAT,2,5219173
yqjE_yqjK_yqjD_yqjC_predicted,0.18181818181818182,11,10,GGATAGGTGTGTCAAATCTC,1,5234062
yqjE_yqjK_yqjD_yqjC_predicted,0.2727272727272727,12,10,GGAGGGTTATGTGTGGTGGT,2,5175079
yqjE_yqjK_yqjD_yqjC_predicted,1.6363636363636365,27,10,GGAGGGGGTAACCTCGTAAG,17,5260801
yqjE_yqjK_yqjD_yqjC_predicted,0.7272727272727273,17,10,GGACTTCACGCGTGTTTAAA,7,5243041
yqjE_yqjK_yqjD_yqjC_predicted,1.2727272727272727,23,10,GGACGTATGAAGTTATTGCT,13,5178256
yqjE_yqjK_yqjD_yqjC_predicted,2.1818181818181817,33,10,GGACACACTCGCTCGTCTCG,23,5178510
yqjE_yqjK_yqjD_yqjC_predicted,0.7272727272727273,17,10,GCTTTCTTGTGTATCAGATA,7,5176891
yqjE_yqjK_yqjD_yqjC_predicted,0.9090909090909091,19,10,GCTTCCTAAACATTCTTGCG,9,5209747
yqjE_yqjK_yqjD_yqjC_predicted,1.2727272727272727,23,10,GCTTCAAGGTGCAGTTTAGA,13,5216812
yqjE_yqjK_yqjD_yqjC_predicted,0.5454545454545454,15,10,GCTTAACTAATAAACATAAC,5,5260504
yqjE_yqjK_yqjD_yqjC_predicted,0.2727272727272727,12,10,GCTTAACAACTTCTACGAAT,2,5214355
yqjE_yqjK_yqjD_yqjC_predicted,3.090909090909091,43,10,GCTGAAGCTCCGCAGCTCGC,33,5204384
yqjE_yqjK_yqjD_yqjC_predicted,0.6363636363636364,16,10,GCTAAGGGGGCGCTGATAGT,6,5174029
yqjE_yqjK_yqjD_yqjC_predicted,0.18181818181818182,11,10,GCGTACGAGGAGGAGTTAGT,1,5238418
yqjE_yqjK_yqjD_yqjC_predicted,0.45454545454545453,14,10,GCGTACCATGTGCGAGCCCC,4,5192520
yqjE_yqjK_yqjD_yqjC_predicted,3.0,42,10,GCGGGATTCGTATGCGAATG,32,5208679
yqjE_yqjK_yqjD_yqjC_predicted,0.18181818181818182,11,10,GCGGCGTGTGGATGTGACGC,1,5246014
yqjE_yqjK_yqjD_yqjC_predicted,0.7272727272727273,17,10,GCGGATAGATTGTGAATATA,7,5233694
yqjE_yqjK_yqjD_yqjC_predicted,0.45454545454545453,14,10,GCGGAGATGAGGCAGCTTAC,4,5200943
yqjE_yqjK_yqjD_yqjC_predicted,1.4545454545454546,25,10,GCGCTGGCCACGCCCTCGCT,15,5252400
yqjE_yqjK_yqjD_yqjC_predicted,0.18181818181818182,11,10,GCGCTAGGTCTACATTAGCA,1,5258014
yqjE_yqjK_yqjD_yqjC_predicted,0.2727272727272727,12,10,GCGCGCAATGGACTAAGAAG,2,5224798
yqjE_yqjK_yqjD_yqjC_predicted,0.36363636363636365,13,10,GCGCCACGTGCTCAATTTTT,3,5177580
yqjE_yqjK_yqjD_yqjC_predicted,0.6363636363636364,16,10,GCGCAGGGTCAGGTATTATT,6,5219661
yqjE_yqjK_yqjD_yqjC_predicted,0.18181818181818182,11,10,GCGATTCATACGTCTTACGG,1,5182067
yqjE_yqjK_yqjD_yqjC_predicted,0.2727272727272727,12,10,GCGAACGGCTCTTCTCAATG,2,5186708
yqjE_yqjK_yqjD_yqjC_predicted,0.7272727272727273,17,10,GCGAACACCCGGACTGGTAT,7,5220256
yqjE_yqjK_yqjD_yqjC_predicted,1.0909090909090908,21,10,GCCTTCTCGGGTAACCCTAT,11,5223507
yqjE_yqjK_yqjD_yqjC_predicted,6.363636363636363,79,10,GCCTGCTCGTCGAGTCGCGG,69,5257358
yqjE_yqjK_yqjD_yqjC_predicted,0.7272727272727273,17,10,GCCTCGTTTGGCACTGACTC,7,5224416
yqjE_yqjK_yqjD_yqjC_predicted,0.5454545454545454,15,10,GCCGACACCACCCGACCCCT,5,5195193
yqjE_yqjK_yqjD_yqjC_predicted,1.9090909090909092,30,10,GCCCTCACAAGAGCTCACTG,20,5258896
yqjE_yqjK_yqjD_yqjC_predicted,0.9090909090909091,19,10,GCCATTGGAGTCAAAGGGAA,9,5232631
yqjE_yqjK_yqjD_yqjC_predicted,0.9090909090909091,19,10,GCCACGATGAATTACAAAAG,9,5238277
yqjE_yqjK_yqjD_yqjC_predicted,0.2727272727272727,12,10,GCCAAGAAATCGAGAATTAC,2,5216874
yqjE_yqjK_yqjD_yqjC_predicted,0.36363636363636365,13,10,GCATTGGAGGTTTGGCGTGG,3,5173803
yqjE_yqjK_yqjD_yqjC_predicted,2.1818181818181817,33,10,GCAGTCCTTGTAGCGGGAGC,23,5222451
yqjE_yqjK_yqjD_yqjC_predicted,1.1818181818181819,22,10,GCAGGCAAATGATCCGTCGT,12,5182163
yqjE_yqjK_yqjD_yqjC_predicted,1.5454545454545454,26,10,GCAGGACCTTTCGGAGTATA,16,5175334
yqjE_yqjK_yqjD_yqjC_predicted,0.45454545454545453,14,10,GCAGATACCAGAGGTTTTCC,4,5189309
yqjE_yqjK_yqjD_yqjC_predicted,1.0,20,10,GCACTGGACCTCTGATTTCG,10,5220094
yqjE_yqjK_yqjD_yqjC_predicted,1.3636363636363635,24,10,GCACGGCCGTACATCCGTGT,14,5216860
yqjE_yqjK_yqjD_yqjC_predicted,0.45454545454545453,14,10,GCACCGGCTTGGCACACCGT,4,5179946
yqjE_yqjK_yqjD_yqjC_predicted,1.7272727272727273,28,10,GCACCGCTCCCTCTGCTATG,18,5181475
yqjE_yqjK_yqjD_yqjC_predicted,0.5454545454545454,15,10,GCACCGCGGGCAGAGCAAAC,5,5216096
yqjE_yqjK_yqjD_yqjC_predicted,0.8181818181818182,18,10,GCACCCTTCAGTACGTCATA,8,5210057
yqjE_yqjK_yqjD_yqjC_predicted,0.7272727272727273,17,10,GATGGTTTCGCCCACCGCAT,7,5251638
yqjE_yqjK_yqjD_yqjC_predicted,0.7272727272727273,17,10,GATGCGTGTGTCAACGGCCG,7,5186010
yqjE_yqjK_yqjD_yqjC_predicted,0.5454545454545454,15,10,GATCGTCAATAACTTCCTCG,5,5225169
yqjE_yqjK_yqjD_yqjC_predicted,1.3636363636363635,24,10,GATCGATGCGTGTTACACCT,14,5229244
yqjE_yqjK_yqjD_yqjC_predicted,0.18181818181818182,11,10,GATATATTACGTTTCTCTAA,1,5200011
yqjE_yqjK_yqjD_yqjC_predicted,0.7272727272727273,17,10,GATATACTCGGCCTCGAATA,7,5194739
yqjE_yqjK_yqjD_yqjC_predicted,0.45454545454545453,14,10,GATAATAGCACACTCCGGCC,4,5246304
yqjE_yqjK_yqjD_yqjC_predicted,3.090909090909091,43,10,GAGTACCCTGCGAGACGTAA,33,5246497
yqjE_yqjK_yqjD_yqjC_predicted,0.2727272727272727,12,10,GAGTAAGGGCACACGGTGTG,2,5180522
yqjE_yqjK_yqjD_yqjC_predicted,1.9090909090909092,30,10,GAGGTAGCCCCTCAGCAGTT,20,5249301
yqjE_yqjK_yqjD_yqjC_predicted,2.4545454545454546,36,10,GAGGGCTATTGAATAACTCT,26,5242096
yqjE_yqjK_yqjD_yqjC_predicted,0.6363636363636364,16,10,GAGGGCCGATTGGCTAATCC,6,5230679
yqjE_yqjK_yqjD_yqjC_predicted,0.18181818181818182,11,10,GAGGAAAGCAAATGAAGAGA,1,5244132
yqjE_yqjK_yqjD_yqjC_predicted,0.36363636363636365,13,10,GAGCCCCAACAAGGTTACTG,3,5225259
yqjE_yqjK_yqjD_yqjC_predicted,0.45454545454545453,14,10,GAGCAGGTGTTTTGATGCTT,4,5215850
yqjE_yqjK_yqjD_yqjC_predicted,3.4545454545454546,47,10,GAGATTTCGTTGCAAGCGCT,37,5245505
yqjE_yqjK_yqjD_yqjC_predicted,0.36363636363636365,13,10,GAGAGGGGGCTTCCCTGACG,3,5251917
yqjE_yqjK_yqjD_yqjC_predicted,0.18181818181818182,11,10,GAGAACAACCCTAGGCTGCA,1,5242905
yqjE_yqjK_yqjD_yqjC_predicted,0.18181818181818182,11,10,GACTGAAAGGAAGATCCGGA,1,5190094
yqjE_yqjK_yqjD_yqjC_predicted,0.6363636363636364,16,10,GACTAACCGCCATGCCTCGG,6,5184765
yqjE_yqjK_yqjD_yqjC_predicted,0.7272727272727273,17,10,GACGTTTCGTTCCACGCGGT,7,5188575
yqjE_yqjK_yqjD_yqjC_predicted,0.18181818181818182,11,10,GACGTTCCTCGAATGGAGGA,1,5183775
yqjE_yqjK_yqjD_yqjC_predicted,0.18181818181818182,11,10,GACGTATCAGTTGATGGAAA,1,5247720
yqjE_yqjK_yqjD_yqjC_predicted,1.9090909090909092,30,10,GACCATAAGATTCGCGAGAA,20,5201065
yqjE_yqjK_yqjD_yqjC_predicted,0.6363636363636364,16,10,GACAGGTGCCCCGGTCCAGA,6,5181815
yqjE_yqjK_yqjD_yqjC_predicted,1.0,20,10,GACAGGCCGAAAATAGCGCG,10,5245394
yqjE_yqjK_yqjD_yqjC_predicted,2.909090909090909,41,10,GAATTCGCTTGAAATAAGTA,31,5187770
yqjE_yqjK_yqjD_yqjC_predicted,0.9090909090909091,19,10,GAACACATTACAGCTTGGGA,9,5240678
yqjE_yqjK_yqjD_yqjC_predicted,0.2727272727272727,12,10,GAAAGAATTCGAAACCCATA,2,5259137
yqjE_yqjK_yqjD_yqjC_predicted,0.2727272727272727,12,10,CTTGTTCTTTTAGCGAGCCT,2,5196794
yqjE_yqjK_yqjD_yqjC_predicted,1.2727272727272727,23,10,CTTGTAATATAATAGGAAGT,13,5240984
yqjE_yqjK_yqjD_yqjC_predicted,2.1818181818181817,33,10,CTTGGTCCTTTGGCGGATTT,23,5210668
yqjE_yqjK_yqjD_yqjC_predicted,0.18181818181818182,11,10,CTTGCGATGCGAGGACTCAA,1,5236365
yqjE_yqjK_yqjD_yqjC_predicted,1.6363636363636365,27,10,CTTGAACCCAGGAATGTCTA,17,5228910
yqjE_yqjK_yqjD_yqjC_predicted,2.090909090909091,32,10,CTTCTCTTATTATTTTAGTG,22,5213855
yqjE_yqjK_yqjD_yqjC_predicted,0.7272727272727273,17,10,CTTCGCTGACTATCAAACTT,7,5227388
yqjE_yqjK_yqjD_yqjC_predicted,0.36363636363636365,13,10,CTTCCTCCCTTTGGAGCGGC,3,5236135
yqjE_yqjK_yqjD_yqjC_predicted,1.1818181818181819,22,10,CTTATATAGGGGCATCGGCT,12,5218640
yqjE_yqjK_yqjD_yqjC_predicted,0.18181818181818182,11,10,CTGTAATAAGAAGATTACAC,1,5191084
yqjE_yqjK_yqjD_yqjC_predicted,2.5454545454545454,37,10,CTGTAAGCAGTACTGGTGTA,27,5255316
yqjE_yqjK_yqjD_yqjC_predicted,0.2727272727272727,12,10,CTGGGGTTCACGAATGGGTG,2,5201522
yqjE_yqjK_yqjD_yqjC_predicted,0.18181818181818182,11,10,CTGGGAATGTTCGGGGCGTA,1,5207028
yqjE_yqjK_yqjD_yqjC_predicted,0.6363636363636364,16,10,CTGGCCCATGAGACTGTCCC,6,5179918
yqjE_yqjK_yqjD_yqjC_predicted,1.6363636363636365,27,10,CTCTTTTGACCACATAGCGT,17,5187700
yqjE_yqjK_yqjD_yqjC_predicted,3.909090909090909,52,10,CTCTTCGAAGGCCGAGACTG,42,5231926
yqjE_yqjK_yqjD_yqjC_predicted,1.9090909090909092,30,10,CTCGTAACACTATAAGACAC,20,5251683
yqjE_yqjK_yqjD_yqjC_predicted,1.0,20,10,CTCGGTGTATTAGGTTCTTA,10,5222596
yqjE_yqjK_yqjD_yqjC_predicted,1.5454545454545454,26,10,CTCGCTGAACGGGACTCGCA,16,5207128
yqjE_yqjK_yqjD_yqjC_predicted,2.3636363636363638,35,10,CTCCTGAACAAGTTCTCCAA,25,5174487
yqjE_yqjK_yqjD_yqjC_predicted,1.1818181818181819,22,10,CTCCGGCAACGCGCCTTATC,12,5171294
yqjE_yqjK_yqjD_yqjC_predicted,0.18181818181818182,11,10,CTCCCTTAGATGCCAGTCGG,1,5235638
yqjE_yqjK_yqjD_yqjC_predicted,0.5454545454545454,15,10,CTCCAGTCGAGGCTCTACGG,5,5178630
yqjE_yqjK_yqjD_yqjC_predicted,0.36363636363636365,13,10,CTCATGCAACCCATAACCAA,3,5229581
yqjE_yqjK_yqjD_yqjC_predicted,0.6363636363636364,16,10,CTATGCCATGATTGTTAGAC,6,5241492
yqjE_yqjK_yqjD_yqjC_predicted,0.9090909090909091,19,10,CTATGCAGCCAGGTCAACGT,9,5174043
yqjE_yqjK_yqjD_yqjC_predicted,2.3636363636363638,35,10,CTATCTTGCCTTCACGCGCC,25,5209458
yqjE_yqjK_yqjD_yqjC_predicted,1.5454545454545454,26,10,CTATAGACGCACGCGTTGCC,16,5197932
yqjE_yqjK_yqjD_yqjC_predicted,0.2727272727272727,12,10,CTAGCTCCAGGAGCGAGGAC,2,5243550
yqjE_yqjK_yqjD_yqjC_predicted,0.18181818181818182,11,10,CTACGCCGTAGTTTGTTTCA,1,5212458
yqjE_yqjK_yqjD_yqjC_predicted,0.2727272727272727,12,10,CTACGATTAGGATCATTAGT,2,5239938
yqjE_yqjK_yqjD_yqjC_predicted,0.6363636363636364,16,10,CGTTGGATTTAGCGACGGTT,6,5257805
yqjE_yqjK_yqjD_yqjC_predicted,0.45454545454545453,14,10,CGTGTGTCATCGCGCTGTCC,4,5231402
yqjE_yqjK_yqjD_yqjC_predicted,0.9090909090909091,19,10,CGTCCTCCTCCTGCATAGGT,9,5207010
yqjE_yqjK_yqjD_yqjC_predicted,2.272727272727273,34,10,CGTATATCGAGGATACATCT,24,5221152
yqjE_yqjK_yqjD_yqjC_predicted,3.0,42,10,CGTAGTTCAAGCGATACGCC,32,5198199
yqjE_yqjK_yqjD_yqjC_predicted,0.6363636363636364,16,10,CGTAAAACTGTACTGGTGAA,6,5231540
yqjE_yqjK_yqjD_yqjC_predicted,0.8181818181818182,18,10,CGGTATATAATGGGCACCGT,8,5244965
yqjE_yqjK_yqjD_yqjC_predicted,2.727272727272727,39,10,CGGGTCAGGCGGCAATTCTC,29,5178639
yqjE_yqjK_yqjD_yqjC_predicted,0.2727272727272727,12,10,CGGGGTCACGGATCCAACAT,2,5193623
yqjE_yqjK_yqjD_yqjC_predicted,1.4545454545454546,25,10,CGGGGATCCAGTGGCTTGAG,15,5219395
yqjE_yqjK_yqjD_yqjC_predicted,1.8181818181818181,29,10,CGGGAATTATCCAAAACCAC,19,5227003
yqjE_yqjK_yqjD_yqjC_predicted,1.3636363636363635,24,10,CGGCTCGTAGACATAGCAGG,14,5244537
yqjE_yqjK_yqjD_yqjC_predicted,0.9090909090909091,19,10,CGGCCAATAAGAATTAGTTA,9,5173474
yqjE_yqjK_yqjD_yqjC_predicted,1.5454545454545454,26,10,CGGCATACCAGCTTATTCCA,16,5184806
yqjE_yqjK_yqjD_yqjC_predicted,2.6363636363636362,38,10,CGCTGGTTCGCCTAGGTGGG,28,5195272
yqjE_yqjK_yqjD_yqjC_predicted,0.5454545454545454,15,10,CGCTCAGCAACCCCAGGTGT,5,5226770
yqjE_yqjK_yqjD_yqjC_predicted,1.0,20,10,CGCGTATGTGATAAGCTGAA,10,5247666
yqjE_yqjK_yqjD_yqjC_predicted,0.9090909090909091,19,10,CGCGTAGATAGGATCCTTTG,9,5237073
yqjE_yqjK_yqjD_yqjC_predicted,1.5454545454545454,26,10,CGCGGGGTACTGGCAAACCA,16,5232521
yqjE_yqjK_yqjD_yqjC_predicted,0.6363636363636364,16,10,CGCGGATTTGCTTCATGTCT,6,5185524
yqjE_yqjK_yqjD_yqjC_predicted,2.3636363636363638,35,10,CGCGAATTAATATCGTGTTG,25,5238046
yqjE_yqjK_yqjD_yqjC_predicted,0.18181818181818182,11,10,CGCCTGCGAAAACAATAGGC,1,5257218
yqjE_yqjK_yqjD_yqjC_predicted,0.2727272727272727,12,10,CGCCAGTCTAGACGCCCGGT,2,5209268
yqjE_yqjK_yqjD_yqjC_predicted,0.8181818181818182,18,10,CGCCACCGAGTGTCTTCTAT,8,5186405
yqjE_yqjK_yqjD_yqjC_predicted,0.9090909090909091,19,10,CGCAAGGCCGAAGCACACGT,9,5217857
yqjE_yqjK_yqjD_yqjC_predicted,2.5454545454545454,37,10,CGATGGAGAGCGTTGAACTT,27,5182236
yqjE_yqjK_yqjD_yqjC_predicted,2.272727272727273,34,10,CGAGCTACACAGGCAACTTG,24,5174876
yqjE_yqjK_yqjD_yqjC_predicted,0.2727272727272727,12,10,CGAGAAAGAATAAGGGGCTC,2,5252904
yqjE_yqjK_yqjD_yqjC_predicted,0.6363636363636364,16,10,CGACACGAGACAGGGATGAA,6,5194069
yqjE_yqjK_yqjD_yqjC_predicted,1.0909090909090908,21,10,CGAAGATTGATAACGTCCAG,11,5226671
yqjE_yqjK_yqjD_yqjC_predicted,0.18181818181818182,11,10,CGAAGAGTTACAGAACCATC,1,5232525
yqjE_yqjK_yqjD_yqjC_predicted,1.4545454545454546,25,10,CGAAACTATCTTGACGTAAG,15,5202105
yqjE_yqjK_yqjD_yqjC_predicted,1.4545454545454546,25,10,CGAAACCTAGAATAATTGAC,15,5195438
yqjE_yqjK_yqjD_yqjC_predicted,1.1818181818181819,22,10,CCTTGATATTGGCATTCCGA,12,5178320
yqjE_yqjK_yqjD_yqjC_predicted,1.0,20,10,CCTGGATCGGTAATGGCCCC,10,5245907
yqjE_yqjK_yqjD_yqjC_predicted,0.2727272727272727,12,10,CCTCATGTATCGGTAACAGT,2,5205903
yqjE_yqjK_yqjD_yqjC_predicted,2.1818181818181817,33,10,CCTAGATATTGCTGCCCCGA,23,5233797
yqjE_yqjK_yqjD_yqjC_predicted,1.3636363636363635,24,10,CCTACGGTTTCTTATCCAGG,14,5253653
yqjE_yqjK_yqjD_yqjC_predicted,0.6363636363636364,16,10,CCGTTTCGGCTCCGTACCTT,6,5209910
yqjE_yqjK_yqjD_yqjC_predicted,0.7272727272727273,17,10,CCGTTAGATCGGATGCACAT,7,5211021
yqjE_yqjK_yqjD_yqjC_predicted,1.7272727272727273,28,10,CCGGTCATAGTTAGGGTTTT,18,5216397
yqjE_yqjK_yqjD_yqjC_predicted,1.4545454545454546,25,10,CCGCTCATAAAGTCTTAGGC,15,5216535
yqjE_yqjK_yqjD_yqjC_predicted,2.6363636363636362,38,10,CCGCTATACTCGACGGTCAC,28,5208896
yqjE_yqjK_yqjD_yqjC_predicted,0.8181818181818182,18,10,CCGAGTACGGACACTTTGCA,8,5206044
yqjE_yqjK_yqjD_yqjC_predicted,1.5454545454545454,26,10,CCGACAGCGTCACAAGCACT,16,5251570
yqjE_yqjK_yqjD_yqjC_predicted,0.2727272727272727,12,10,CCCGCGGCTGGTCGTCCACA,2,5204646
yqjE_yqjK_yqjD_yqjC_predicted,0.2727272727272727,12,10,CCCCTCCCCTGTGAACAAAG,2,5173796
yqjE_yqjK_yqjD_yqjC_predicted,0.8181818181818182,18,10,CCCCGCTCCTTAAGAATCAA,8,5259356
yqjE_yqjK_yqjD_yqjC_predicted,0.2727272727272727,12,10,CCCATGAAGAATAACCGGTT,2,5212298
yqjE_yqjK_yqjD_yqjC_predicted,1.8181818181818181,29,10,CCCAAGGATCACAAACATTT,19,5179514
yqjE_yqjK_yqjD_yqjC_predicted,1.5454545454545454,26,10,CCCAACGGTTAATCATGTGA,16,5180707
yqjE_yqjK_yqjD_yqjC_predicted,1.7272727272727273,28,10,CCATTTGAAGCCTAATTGAG,18,5256749
yqjE_yqjK_yqjD_yqjC_predicted,0.18181818181818182,11,10,CCATCTGTTTCCCCCGGCTG,1,5232445
yqjE_yqjK_yqjD_yqjC_predicted,1.9090909090909092,30,10,CCATCGACAAATTGCACTAT,20,5188783
yqjE_yqjK_yqjD_yqjC_predicted,0.45454545454545453,14,10,CCATCCCATCTTTAGTGGCC,4,5237262
yqjE_yqjK_yqjD_yqjC_predicted,2.8181818181818183,40,10,CCAGCCACACAGACAGCGGG,30,5192277
yqjE_yqjK_yqjD_yqjC_predicted,0.2727272727272727,12,10,CCAGACTAGGCGAGGACTAA,2,5225175
yqjE_yqjK_yqjD_yqjC_predicted,1.0909090909090908,21,10,CCACTGAGCTAGAGACCGTT,11,5245950
yqjE_yqjK_yqjD_yqjC_predicted,0.18181818181818182,11,10,CCACCTTAGTATGGGATAGC,1,5262119
yqjE_yqjK_yqjD_yqjC_predicted,0.18181818181818182,11,10,CCACCTCATGGGTCCGAATG,1,5182899
yqjE_yqjK_yqjD_yqjC_predicted,1.0,20,10,CCAAATATCCTAGTACAGGG,10,5250083
yqjE_yqjK_yqjD_yqjC_predicted,0.36363636363636365,13,10,CATTCAGTCGCAAACAGGCT,3,5233903
yqjE_yqjK_yqjD_yqjC_predicted,0.2727272727272727,12,10,CATTAAGCCTTCATAGTTCC,2,5227580
yqjE_yqjK_yqjD_yqjC_predicted,0.6363636363636364,16,10,CATGGGTTCAAAGATAAAGC,6,5212702
yqjE_yqjK_yqjD_yqjC_predicted,0.6363636363636364,16,10,CATGCTCGATTCAGTTTTTC,6,5238162
yqjE_yqjK_yqjD_yqjC_predicted,0.2727272727272727,12,10,CATCGGATTCTTCGTTGCTC,2,5209881
yqjE_yqjK_yqjD_yqjC_predicted,2.727272727272727,39,10,CATCCCGAAGACCTAACACT,29,5244181
yqjE_yqjK_yqjD_yqjC_predicted,0.36363636363636365,13,10,CAGTCTTGCAGGGCATACGT,3,5259366
yqjE_yqjK_yqjD_yqjC_predicted,2.4545454545454546,36,10,CAGGTTACCGGGTGCTCTCG,26,5221670
yqjE_yqjK_yqjD_yqjC_predicted,0.7272727272727273,17,10,CAGCTTTATTCAACGTTGTA,7,5256417
yqjE_yqjK_yqjD_yqjC_predicted,0.18181818181818182,11,10,CAGCTTAGACAGTCCCGGCA,1,5176973
yqjE_yqjK_yqjD_yqjC_predicted,1.0909090909090908,21,10,CAGCTAGCGCCGTACAACTG,11,5238887
yqjE_yqjK_yqjD_yqjC_predicted,0.5454545454545454,15,10,CAGATGGCTGGGTGAACTTT,5,5202597
yqjE_yqjK_yqjD_yqjC_predicted,0.36363636363636365,13,10,CAGATAATTCAGACCGCGAC,3,5229815
yqjE_yqjK_yqjD_yqjC_predicted,4.2727272727272725,56,10,CAGACGCATGAAATTCTCAC,46,5208662
yqjE_yqjK_yqjD_yqjC_predicted,0.18181818181818182,11,10,CAGAAGCGTTGGAGCGCTGT,1,5193374
yqjE_yqjK_yqjD_yqjC_predicted,1.6363636363636365,27,10,CACTTACTGTGTACCCCCGA,17,5190513
yqjE_yqjK_yqjD_yqjC_predicted,0.7272727272727273,17,10,CACTGCCCAATATCCGACAC,7,5218938
yqjE_yqjK_yqjD_yqjC_predicted,2.272727272727273,34,10,CACGTGGGGAGCCTGAACGC,24,5206207
yqjE_yqjK_yqjD_yqjC_predicted,0.36363636363636365,13,10,CACGTCCACCGCAATACATC,3,5259042
yqjE_yqjK_yqjD_yqjC_predicted,1.3636363636363635,24,10,CACGCCAAGGAAACCTATAG,14,5226989
yqjE_yqjK_yqjD_yqjC_predicted,0.9090909090909091,19,10,CACGACGGCGCTTAAGAGTG,9,5200246
yqjE_yqjK_yqjD_yqjC_predicted,2.909090909090909,41,10,CACCGCCAACATGGACCTAA,31,5257645
yqjE_yqjK_yqjD_yqjC_predicted,3.6363636363636362,49,10,CACCCACACGCTTGGGAGGC,39,5189655
yqjE_yqjK_yqjD_yqjC_predicted,2.272727272727273,34,10,CACACCTTCGTCATTGGAGA,24,5221810
yqjE_yqjK_yqjD_yqjC_predicted,2.6363636363636362,38,10,CAATAGATCGGTCCCAAGAA,28,5226761
yqjE_yqjK_yqjD_yqjC_predicted,0.8181818181818182,18,10,CAAGTACGATGCGTACGGAT,8,5239150
yqjE_yqjK_yqjD_yqjC_predicted,0.6363636363636364,16,10,CAAGCCTACGTAAAATTACA,6,5220268
yqjE_yqjK_yqjD_yqjC_predicted,1.9090909090909092,30,10,CAAGATTCCACTCTTTGGTA,20,5230899
yqjE_yqjK_yqjD_yqjC_predicted,0.6363636363636364,16,10,CAAGAGCCGTTGTTCAAGTT,6,5216755
yqjE_yqjK_yqjD_yqjC_predicted,0.9090909090909091,19,10,CAACTTACTAGGACTTCGCC,9,5176266
yqjE_yqjK_yqjD_yqjC_predicted,0.18181818181818182,11,10,CAACGTGTCGGGACCAGGAG,1,5258779
yqjE_yqjK_yqjD_yqjC_predicted,0.2727272727272727,12,10,CAACAGAATTGACCCGAAGG,2,5177727
yqjE_yqjK_yqjD_yqjC_predicted,0.2727272727272727,12,10,CAAATTGAGACCGGAAGCGT,2,5182853
yqjE_yqjK_yqjD_yqjC_predicted,2.0,31,10,CAAACAGCATTTAAGAGCTC,21,5228227
yqjE_yqjK_yqjD_yqjC_predicted,2.6363636363636362,38,10,ATTTCCCAAGGGCTGGGTGA,28,5247832
yqjE_yqjK_yqjD_yqjC_predicted,0.36363636363636365,13,10,ATTTCCACTACCTCGCTGAG,3,5231319
yqjE_yqjK_yqjD_yqjC_predicted,3.8181818181818183,51,10,ATTGTTCGTAGTTAACAAAT,41,5214710
yqjE_yqjK_yqjD_yqjC_predicted,0.8181818181818182,18,10,ATTGTGAAGATTGAATCCTA,8,5195724
yqjE_yqjK_yqjD_yqjC_predicted,0.9090909090909091,19,10,ATTGAGCCAATCCTTGCGCG,9,5215299
yqjE_yqjK_yqjD_yqjC_predicted,1.1818181818181819,22,10,ATTCGCAATTAACCGCGGTC,12,5182582
yqjE_yqjK_yqjD_yqjC_predicted,2.090909090909091,32,10,ATTATCATGGCAAGATTACT,22,5247111
yqjE_yqjK_yqjD_yqjC_predicted,1.0909090909090908,21,10,ATGTTCGGGGTGGCCCGGGG,11,5226657
yqjE_yqjK_yqjD_yqjC_predicted,0.18181818181818182,11,10,ATGTCAGGCTGCTTCGGGTG,1,5232787
yqjE_yqjK_yqjD_yqjC_predicted,0.2727272727272727,12,10,ATGGCGTCACAATAGTTCTG,2,5215759
yqjE_yqjK_yqjD_yqjC_predicted,0.36363636363636365,13,10,ATGCTGTTGGGTTTTTCTCT,3,5230234
yqjE_yqjK_yqjD_yqjC_predicted,1.1818181818181819,22,10,ATGCCGCTGGTACCGGCCCA,12,5207680
yqjE_yqjK_yqjD_yqjC_predicted,0.36363636363636365,13,10,ATGCATGTCACGTAAGTGCT,3,5186238
yqjE_yqjK_yqjD_yqjC_predicted,0.18181818181818182,11,10,ATGCAACTAGAATTTGGACG,1,5218996
yqjE_yqjK_yqjD_yqjC_predicted,0.18181818181818182,11,10,ATGACTAAGTGCGGGAGGAT,1,5243204
yqjE_yqjK_yqjD_yqjC_predicted,0.36363636363636365,13,10,ATCGCGGGCACTCGAGCGCG,3,5202735
yqjE_yqjK_yqjD_yqjC_predicted,2.727272727272727,39,10,ATCGATAAGTCCTACTCGAG,29,5247700
yqjE_yqjK_yqjD_yqjC_predicted,2.0,31,10,ATCCAAAACGCGGATTATCT,21,5211389
yqjE_yqjK_yqjD_yqjC_predicted,2.090909090909091,32,10,ATCAGAACTCCAAGCCCAAA,22,5252373
yqjE_yqjK_yqjD_yqjC_predicted,0.6363636363636364,16,10,ATATTTATATCTCACACGTC,6,5204726
yqjE_yqjK_yqjD_yqjC_predicted,0.18181818181818182,11,10,ATATGGCAGCGGTAACGTAA,1,5262394
yqjE_yqjK_yqjD_yqjC_predicted,0.8181818181818182,18,10,ATATCTTGTCGCGAGACGAG,8,5215384
yqjE_yqjK_yqjD_yqjC_predicted,0.7272727272727273,17,10,ATATCGTCGAGCTACTTGTG,7,5229032
yqjE_yqjK_yqjD_yqjC_predicted,4.7272727272727275,61,10,ATATCCCGCATCCTTACAAA,51,5262841
yqjE_yqjK_yqjD_yqjC_predicted,0.2727272727272727,12,10,ATAGTGATTCTGAAATGGTA,2,5184375
yqjE_yqjK_yqjD_yqjC_predicted,0.2727272727272727,12,10,ATAGTGATCTGTATAAATCG,2,5179097
yqjE_yqjK_yqjD_yqjC_predicted,1.2727272727272727,23,10,ATAGTCGCGTCATTCTGACT,13,5242683
yqjE_yqjK_yqjD_yqjC_predicted,1.2727272727272727,23,10,ATAGTAACCTCCCAGTTGTA,13,5211461
yqjE_yqjK_yqjD_yqjC_predicted,1.0,20,10,ATAGGCAATATCAGCCTGTG,10,5190085
yqjE_yqjK_yqjD_yqjC_predicted,1.2727272727272727,23,10,ATACTTACACGAGCAGGAAC,13,5191709
yqjE_yqjK_yqjD_yqjC_predicted,2.5454545454545454,37,10,ATACGAGGGCGGGGACATGA,27,5248185
yqjE_yqjK_yqjD_yqjC_predicted,1.4545454545454546,25,10,ATACACCTGGGTAGGCAAAA,15,5229688
yqjE_yqjK_yqjD_yqjC_predicted,1.1818181818181819,22,10,AGTTTGCCTTTTTGGCACAG,12,5223398
yqjE_yqjK_yqjD_yqjC_predicted,0.9090909090909091,19,10,AGTTGATTAGATCGAGCCCT,9,5204350
yqjE_yqjK_yqjD_yqjC_predicted,0.18181818181818182,11,10,AGTTAAACCGGAGCGCGGGG,1,5201694
yqjE_yqjK_yqjD_yqjC_predicted,0.6363636363636364,16,10,AGTGAGCTGCAGTGGGCTCA,6,5212782
yqjE_yqjK_yqjD_yqjC_predicted,0.8181818181818182,18,10,AGTCGCATGGAATCTCCTAA,8,5201575
yqjE_yqjK_yqjD_yqjC_predicted,0.6363636363636364,16,10,AGTCCCTCTGGTCATAACAA,6,5244557
yqjE_yqjK_yqjD_yqjC_predicted,3.3636363636363638,46,10,AGTAGCATTGGCGGACCGGA,36,5202222
yqjE_yqjK_yqjD_yqjC_predicted,0.36363636363636365,13,10,AGGTGAATTTGGATATACTC,3,5186483
yqjE_yqjK_yqjD_yqjC_predicted,0.8181818181818182,18,10,AGGTCAAGCTTGTCAAGTAG,8,5214467
yqjE_yqjK_yqjD_yqjC_predicted,0.45454545454545453,14,10,AGGTATAACGGTTCCTAATG,4,5178836
yqjE_yqjK_yqjD_yqjC_predicted,0.5454545454545454,15,10,AGGTAGGGATATATACCGGA,5,5174359
yqjE_yqjK_yqjD_yqjC_predicted,0.8181818181818182,18,10,AGGTAGCGAAGGCAACTATT,8,5187185
yqjE_yqjK_yqjD_yqjC_predicted,2.0,31,10,AGGTACCAGTACATAGACGT,21,5201702
yqjE_yqjK_yqjD_yqjC_predicted,0.2727272727272727,12,10,AGGGATACCCCCCGTCGGTA,2,5200526
yqjE_yqjK_yqjD_yqjC_predicted,1.6363636363636365,27,10,AGGCGTCCTCCTATACGTTT,17,5178403
yqjE_yqjK_yqjD_yqjC_predicted,2.3636363636363638,35,10,AGGCGGTCTATCAGAGCTGG,25,5250494
yqjE_yqjK_yqjD_yqjC_predicted,0.45454545454545453,14,10,AGGCGCAGCCCACGGGATGT,4,5261449
yqjE_yqjK_yqjD_yqjC_predicted,0.6363636363636364,16,10,AGGCCTGTATAAAGTCCGAA,6,5176403
yqjE_yqjK_yqjD_yqjC_predicted,1.0,20,10,AGGCAACGTTTCTCTCTTAG,10,5232903
yqjE_yqjK_yqjD_yqjC_predicted,0.2727272727272727,12,10,AGGATGATGTGCGGCATGGT,2,5205277
yqjE_yqjK_yqjD_yqjC_predicted,1.0909090909090908,21,10,AGGATGAGCCGAATCGGTCT,11,5190228
yqjE_yqjK_yqjD_yqjC_predicted,0.18181818181818182,11,10,AGGAACGCATTGTCAAGATC,1,5177277
yqjE_yqjK_yqjD_yqjC_predicted,0.36363636363636365,13,10,AGCTCTGTGTCTCCAGGACG,3,5198050
yqjE_yqjK_yqjD_yqjC_predicted,0.18181818181818182,11,10,AGCCTGCTGGTAATAAAGGG,1,5215568
yqjE_yqjK_yqjD_yqjC_predicted,1.7272727272727273,28,10,AGCCTCGGACGACACCAGGC,18,5245618
yqjE_yqjK_yqjD_yqjC_predicted,1.3636363636363635,24,10,AGCCGCGAAAAATATCGGAC,14,5207240
yqjE_yqjK_yqjD_yqjC_predicted,0.18181818181818182,11,10,AGCATGATTATGGAGCTGTA,1,5218900
yqjE_yqjK_yqjD_yqjC_predicted,0.5454545454545454,15,10,AGCATCCCGTATCTTACTTA,5,5181398
yqjE_yqjK_yqjD_yqjC_predicted,1.6363636363636365,27,10,AGATTGGTGGTCAAACCTCG,17,5212864
yqjE_yqjK_yqjD_yqjC_predicted,0.18181818181818182,11,10,AGAGCTAGAAGTGGGATTCT,1,5206870
yqjE_yqjK_yqjD_yqjC_predicted,0.2727272727272727,12,10,AGAGCACAAAAATAGGCTGA,2,5241957
yqjE_yqjK_yqjD_yqjC_predicted,2.8181818181818183,40,10,AGACTGGACAAAAGCCTTGG,30,5242559
yqjE_yqjK_yqjD_yqjC_predicted,2.5454545454545454,37,10,AGACCGGGGGGGACTTCGAC,27,5240309
yqjE_yqjK_yqjD_yqjC_predicted,1.5454545454545454,26,10,AGACCCGCGCTCGTACTAGA,16,5233774
yqjE_yqjK_yqjD_yqjC_predicted,0.7272727272727273,17,10,AGACACACTATGCGCACGGG,7,5204301
yqjE_yqjK_yqjD_yqjC_predicted,1.0,20,10,AGAACGCATGGGCTGTCAAT,10,5255154
yqjE_yqjK_yqjD_yqjC_predicted,0.5454545454545454,15,10,ACTTGTCCGTCATGGCCAGT,5,5209266
yqjE_yqjK_yqjD_yqjC_predicted,3.1818181818181817,44,10,ACTTCCCTGGGTCAGGTGAC,34,5245820
yqjE_yqjK_yqjD_yqjC_predicted,0.9090909090909091,19,10,ACTTCCCCCTGCACTCTGGA,9,5204906
yqjE_yqjK_yqjD_yqjC_predicted,0.2727272727272727,12,10,ACTTATCCACATTCGACCAG,2,5217169
yqjE_yqjK_yqjD_yqjC_predicted,2.272727272727273,34,10,ACTGACAGGAGGGAACACGC,24,5179532
yqjE_yqjK_yqjD_yqjC_predicted,0.18181818181818182,11,10,ACTCTCGCCTTACCGAGTGT,1,5260595
yqjE_yqjK_yqjD_yqjC_predicted,0.45454545454545453,14,10,ACTCGGTCTTATTGTACCCC,4,5254791
yqjE_yqjK_yqjD_yqjC_predicted,1.3636363636363635,24,10,ACTCGCGCTCACCATGGGGT,14,5175677
yqjE_yqjK_yqjD_yqjC_predicted,0.36363636363636365,13,10,ACTAGATTCACATTTATCCT,3,5260089
yqjE_yqjK_yqjD_yqjC_predicted,0.18181818181818182,11,10,ACTAAACATTCCGGACCCGG,1,5241881
yqjE_yqjK_yqjD_yqjC_predicted,1.7272727272727273,28,10,ACGTTTACCAGTGGGCGTTG,18,5258910
yqjE_yqjK_yqjD_yqjC_predicted,1.5454545454545454,26,10,ACGTGTCCGGTGTGTACTCT,16,5234659
yqjE_yqjK_yqjD_yqjC_predicted,0.2727272727272727,12,10,ACGTCCAGTTCTACTCATCA,2,5238962
yqjE_yqjK_yqjD_yqjC_predicted,0.2727272727272727,12,10,ACGGTGTAAGCTTAAGGATA,2,5222396
yqjE_yqjK_yqjD_yqjC_predicted,0.2727272727272727,12,10,ACGGGGGAACTGCTGATCAT,2,5195345
yqjE_yqjK_yqjD_yqjC_predicted,0.2727272727272727,12,10,ACGGATAGCCAAATCGGGTT,2,5186275
yqjE_yqjK_yqjD_yqjC_predicted,0.8181818181818182,18,10,ACGGACCGTGCCATACTTAC,8,5176461
yqjE_yqjK_yqjD_yqjC_predicted,3.0,42,10,ACGGACAGAGCGCCTACAAT,32,5210496
yqjE_yqjK_yqjD_yqjC_predicted,0.45454545454545453,14,10,ACGCTTCATGCACGACAACA,4,5224461
yqjE_yqjK_yqjD_yqjC_predicted,1.9090909090909092,30,10,ACGCCGAGGCATAGTAGCAT,20,5209222
yqjE_yqjK_yqjD_yqjC_predicted,1.0909090909090908,21,10,ACGCCCAATTGACAGATCTC,11,5207721
yqjE_yqjK_yqjD_yqjC_predicted,0.5454545454545454,15,10,ACGCACCATATAGCGTGCTA,5,5218571
yqjE_yqjK_yqjD_yqjC_predicted,1.5454545454545454,26,10,ACGACGGGCGACTCATCAGT,16,5203106
yqjE_yqjK_yqjD_yqjC_predicted,0.2727272727272727,12,10,ACGACACCGATCAGCTTGTG,2,5202204
yqjE_yqjK_yqjD_yqjC_predicted,0.6363636363636364,16,10,ACGAAGCAAGACGGCCGCTA,6,5221023
yqjE_yqjK_yqjD_yqjC_predicted,2.5454545454545454,37,10,ACCTGCTATTACGTTATCCT,27,5242632
yqjE_yqjK_yqjD_yqjC_predicted,0.2727272727272727,12,10,ACCTAGCTTGCGTCTAATTT,2,5211733
yqjE_yqjK_yqjD_yqjC_predicted,0.18181818181818182,11,10,ACCGTTGGTCAAGTTTGGGT,1,5256374
yqjE_yqjK_yqjD_yqjC_predicted,0.18181818181818182,11,10,ACCGGCGTTCGTTTTCCATA,1,5228130
yqjE_yqjK_yqjD_yqjC_predicted,0.5454545454545454,15,10,ACCCGCGGTGCGATCTTAGT,5,5188880
yqjE_yqjK_yqjD_yqjC_predicted,0.18181818181818182,11,10,ACCATAGGGTTCCTAGTGCG,1,5189002
yqjE_yqjK_yqjD_yqjC_predicted,1.6363636363636365,27,10,ACCAAACTGACCCAGTGAGC,17,5258310
yqjE_yqjK_yqjD_yqjC_predicted,0.18181818181818182,11,10,ACATTAGCTCAAACCGCGCA,1,5259778
yqjE_yqjK_yqjD_yqjC_predicted,1.1818181818181819,22,10,ACATGTGGGTTTAAGGGAGT,12,5253227
yqjE_yqjK_yqjD_yqjC_predicted,0.9090909090909091,19,10,ACATGGGAGCCCGAGAAAAA,9,5212388
yqjE_yqjK_yqjD_yqjC_predicted,0.2727272727272727,12,10,ACATCGCGAAGGGCAGCAAG,2,5234130
yqjE_yqjK_yqjD_yqjC_predicted,0.5454545454545454,15,10,ACACGTTACAGGTTCTGACG,5,5181308
yqjE_yqjK_yqjD_yqjC_predicted,0.36363636363636365,13,10,ACAAACTCTTGACAAAGCAA,3,5175426
yqjE_yqjK_yqjD_yqjC_predicted,0.45454545454545453,14,10,ACAAAACAGGTAGCGATTGT,4,5209710
yqjE_yqjK_yqjD_yqjC_predicted,0.36363636363636365,13,10,AATTGGCGTATCTGTCACCG,3,5231703
yqjE_yqjK_yqjD_yqjC_predicted,0.5454545454545454,15,10,AATTCTGTCCCATAGCGAGA,5,5180617
yqjE_yqjK_yqjD_yqjC_predicted,0.45454545454545453,14,10,AATTAGGGGATTCCTATATG,4,5237518
yqjE_yqjK_yqjD_yqjC_predicted,1.1818181818181819,22,10,AATGTTCGAATTTAAAGTAG,12,5201833
yqjE_yqjK_yqjD_yqjC_predicted,0.6363636363636364,16,10,AATGAGCCCGCAGCAACTTG,6,5258970
yqjE_yqjK_yqjD_yqjC_predicted,0.18181818181818182,11,10,AATCGGAGGCTCCCGTTTGT,1,5257577
yqjE_yqjK_yqjD_yqjC_predicted,2.6363636363636362,38,10,AATCCATGTTGGCTAAAGTG,28,5220041
yqjE_yqjK_yqjD_yqjC_predicted,0.18181818181818182,11,10,AATATTTCATAAGGCATCTC,1,5262777
yqjE_yqjK_yqjD_yqjC_predicted,1.4545454545454546,25,10,AATACTCAGCCGCCGACGCT,15,5185851
yqjE_yqjK_yqjD_yqjC_predicted,2.1818181818181817,33,10,AATAAACCCCCACTATTATT,23,5219569
yqjE_yqjK_yqjD_yqjC_predicted,0.5454545454545454,15,10,AAGTGCGATTCTTACCACCA,5,5254447
yqjE_yqjK_yqjD_yqjC_predicted,0.7272727272727273,17,10,AAGTCGCACAGAGAAGCTTA,7,5179590
yqjE_yqjK_yqjD_yqjC_predicted,3.8181818181818183,51,10,AAGTCCCTCCTAACCAATCT,41,5224289
yqjE_yqjK_yqjD_yqjC_predicted,0.36363636363636365,13,10,AAGTAAAGCTGGGTCGGGCA,3,5240527
yqjE_yqjK_yqjD_yqjC_predicted,1.0,20,10,AAGGTTTAACTAAATGCGAA,10,5200103
yqjE_yqjK_yqjD_yqjC_predicted,0.18181818181818182,11,10,AAGGGTTATGGATTCCTCTC,1,5211334
yqjE_yqjK_yqjD_yqjC_predicted,0.45454545454545453,14,10,AAGGAATCTCCGAGGCCGGG,4,5237671
yqjE_yqjK_yqjD_yqjC_predicted,2.1818181818181817,33,10,AAGGAACCCGGAAGTCGAGC,23,5239442
yqjE_yqjK_yqjD_yqjC_predicted,0.9090909090909091,19,10,AAGCTGGATGGTATATCCCT,9,5259197
yqjE_yqjK_yqjD_yqjC_predicted,1.2727272727272727,23,10,AAGCGCGCTAGGGATGGCAA,13,5260309
yqjE_yqjK_yqjD_yqjC_predicted,0.7272727272727273,17,10,AAGCATAAGGACGTGAAGCT,7,5198958
yqjE_yqjK_yqjD_yqjC_predicted,3.5454545454545454,48,10,AAGCACCCAACGACGGAGAT,38,5197596
yqjE_yqjK_yqjD_yqjC_predicted,2.0,31,10,AAGATGATATTTGATAGGGT,21,5210462
yqjE_yqjK_yqjD_yqjC_predicted,0.8181818181818182,18,10,AAGACAAGGCTGAGGCCGCA,8,5232381
yqjE_yqjK_yqjD_yqjC_predicted,1.9090909090909092,30,10,AACTTCAGACACACGTTAAA,20,5233006
yqjE_yqjK_yqjD_yqjC_predicted,1.0,20,10,AACTCCGTGGCTTGTATGGA,10,5212680
yqjE_yqjK_yqjD_yqjC_predicted,2.8181818181818183,40,10,AACTAGGCTTAGTTCCTAAT,30,5239675
yqjE_yqjK_yqjD_yqjC_predicted,2.3636363636363638,35,10,AACGTGCTCTGAGGGATACA,25,5253311
yqjE_yqjK_yqjD_yqjC_predicted,0.6363636363636364,16,10,AACGGTATAGGGTGTTCGAT,6,5254728
yqjE_yqjK_yqjD_yqjC_predicted,1.4545454545454546,25,10,AACGCTGGCTTTAATTTTGT,15,5197301
yqjE_yqjK_yqjD_yqjC_predicted,0.45454545454545453,14,10,AACCAGGGGGACCCACCGTG,4,5211878
yqjE_yqjK_yqjD_yqjC_predicted,0.45454545454545453,14,10,AACATGCGGGTACACGGTCG,4,5250183
yqjE_yqjK_yqjD_yqjC_predicted,0.2727272727272727,12,10,AAATAGCAGAAAATGTCTCA,2,5215603
yqjE_yqjK_yqjD_yqjC_predicted,0.2727272727272727,12,10,AAACTTTAAGGACAACGGAG,2,5245889
yqjE_yqjK_yqjD_yqjC_predicted,0.18181818181818182,11,10,AAACATAGGTGGAAATCTCA,1,5257456
yqjE_yqjK_yqjD_yqjC_predicted,0.2727272727272727,12,10,AAAATGTGAATTCAACCTGT,2,5257627
yqjE_yqjK_yqjD_yqjC_predicted,0.6363636363636364,16,10,AAAATACGTTTGCTCTATAC,6,5190795
yqjE_yqjK_yqjD_yqjC_predicted,2.090909090909091,32,10,AAAAGTAACAACCTTCCACG,22,5221769
yqjE_yqjK_yqjD_yqjC_predicted,0.45454545454545453,14,10,AAAAGCGGTATCGCTCTATT,4,5173101
yqjE_yqjK_yqjD_yqjC_predicted,0.2,10,9,TTTTCTGTAGGCCCCGTATT,1,5197233
yqjE_yqjK_yqjD_yqjC_predicted,0.7,15,9,TTTTCCCGCCATACGACTTC,6,5218822
yqjE_yqjK_yqjD_yqjC_predicted,0.4,12,9,TTTTCATCCGGACCCCGTTA,3,5230641
yqjE_yqjK_yqjD_yqjC_predicted,0.7,15,9,TTTGTCTTCCGGTCGTCAAA,6,5229492
yqjE_yqjK_yqjD_yqjC_predicted,3.7,45,9,TTTGTATGCAATCCTCGAGA,36,5178950
yqjE_yqjK_yqjD_yqjC_predicted,0.2,10,9,TTTGACAGGGACAACCGAAT,1,5194083
yqjE_yqjK_yqjD_yqjC_predicted,0.2,10,9,TTTGAATAATCAGACCGCGG,1,5189209
yqjE_yqjK_yqjD_yqjC_predicted,0.4,12,9,TTTCTGTCGCCAGTAGACTG,3,5176906
yqjE_yqjK_yqjD_yqjC_predicted,1.4,22,9,TTTCTCTCGACCAATGGACG,13,5238943
yqjE_yqjK_yqjD_yqjC_predicted,1.7,25,9,TTTCTATTGAACCGGACTGT,16,5174261
yqjE_yqjK_yqjD_yqjC_predicted,1.8,26,9,TTTCCGAGCCGACACGAAGA,17,5238726
yqjE_yqjK_yqjD_yqjC_predicted,4.7,55,9,TTTCCAAAACCGGAGTGTCT,46,5212573
yqjE_yqjK_yqjD_yqjC_predicted,1.8,26,9,TTTATCAAGTTGAATCGAAA,17,5197522
yqjE_yqjK_yqjD_yqjC_predicted,2.1,29,9,TTTAGGCAAGTTCCCGCTAG,20,5234366
yqjE_yqjK_yqjD_yqjC_predicted,2.2,30,9,TTTAATCCGCACGCTGCTTT,21,5235574
yqjE_yqjK_yqjD_yqjC_predicted,0.6,14,9,TTGTCAAAATCTCAGACATT,5,5233609
yqjE_yqjK_yqjD_yqjC_predicted,1.9,27,9,TTGGTGACGGTAGGCGACCT,18,5204837
yqjE_yqjK_yqjD_yqjC_predicted,2.4,32,9,TTGGTAGCTTCAGTTTCTTC,23,5218212
yqjE_yqjK_yqjD_yqjC_predicted,0.6,14,9,TTGGGGATTCTTATTTCGAC,5,5209640
yqjE_yqjK_yqjD_yqjC_predicted,0.4,12,9,TTGGGCATCAGACAGTTGCG,3,5240665
yqjE_yqjK_yqjD_yqjC_predicted,3.1,39,9,TTGGCACGCTTTTTGTGGCC,30,5204043
yqjE_yqjK_yqjD_yqjC_predicted,0.4,12,9,TTGGAATGTACCAAGCCTCC,3,5242054
yqjE_yqjK_yqjD_yqjC_predicted,0.4,12,9,TTGCCGAAGAAGTCAGCGTA,3,5251514
yqjE_yqjK_yqjD_yqjC_predicted,1.6,24,9,TTGATGGTTTTCTGGCCCAG,15,5237311
yqjE_yqjK_yqjD_yqjC_predicted,1.2,20,9,TTGAGCTAATATGACTCTTC,11,5218427
yqjE_yqjK_yqjD_yqjC_predicted,1.2,20,9,TTCCTTCGGACTTCCACGGA,11,5252699
yqjE_yqjK_yqjD_yqjC_predicted,1.1,19,9,TTCCATCCCGATTACTGTTA,10,5243821
yqjE_yqjK_yqjD_yqjC_predicted,0.4,12,9,TTCATGTTAAGGTGAAGGGA,3,5191947
yqjE_yqjK_yqjD_yqjC_predicted,1.1,19,9,TTCAGATATGCGCTCGGGCT,10,5174517
yqjE_yqjK_yqjD_yqjC_predicted,0.7,15,9,TTCACGGGCAATCGAGAGCT,6,5247142
yqjE_yqjK_yqjD_yqjC_predicted,1.2,20,9,TTCACACTTCGACTGAACAC,11,5180237
yqjE_yqjK_yqjD_yqjC_predicted,0.7,15,9,TTCAAGCTCGTGGACTTTGT,6,5220689
yqjE_yqjK_yqjD_yqjC_predicted,0.5,13,9,TTATGACCACTGTCGCACCT,4,5202557
yqjE_yqjK_yqjD_yqjC_predicted,2.0,28,9,TTAGTTGTATAACAGTTTCG,19,5184517
yqjE_yqjK_yqjD_yqjC_predicted,0.4,12,9,TTAGTGGTAAAAGCACTATA,3,5187970
yqjE_yqjK_yqjD_yqjC_predicted,1.3,21,9,TTAGACAGCATACGACGTCA,12,5172554
yqjE_yqjK_yqjD_yqjC_predicted,0.9,17,9,TTACTCGTGTATGCTTAAGG,8,5221087
yqjE_yqjK_yqjD_yqjC_predicted,2.7,35,9,TTACGTGGTGCCTGGAGGAC,26,5216973
yqjE_yqjK_yqjD_yqjC_predicted,0.2,10,9,TTACGGCGCAAGTATTGTTC,1,5228176
yqjE_yqjK_yqjD_yqjC_predicted,0.5,13,9,TTAACTTGTTGGTGAGTCCT,4,5252841
yqjE_yqjK_yqjD_yqjC_predicted,0.2,10,9,TTAACAGTCCGCAATAATTG,1,5173909
yqjE_yqjK_yqjD_yqjC_predicted,0.6,14,9,TGTTAGATGGTTGAGAGGAT,5,5223213
yqjE_yqjK_yqjD_yqjC_predicted,0.6,14,9,TGTGTCTCGCGGCCTCAAGA,5,5200747
yqjE_yqjK_yqjD_yqjC_predicted,1.1,19,9,TGTGGGGGCTGGCTGATATT,10,5232530
yqjE_yqjK_yqjD_yqjC_predicted,0.5,13,9,TGTGCCGTCTGTAGTCAAAT,4,5241341
yqjE_yqjK_yqjD_yqjC_predicted,0.5,13,9,TGTCTGGCGGTCTTGCAACT,4,5173156
yqjE_yqjK_yqjD_yqjC_predicted,1.2,20,9,TGTCTGAAAGTTGGGGGGAC,11,5218821
yqjE_yqjK_yqjD_yqjC_predicted,0.9,17,9,TGTCGGATAGGCCAATTCCA,8,5241810
yqjE_yqjK_yqjD_yqjC_predicted,0.2,10,9,TGTCATGTATACTCCATGTG,1,5173332
yqjE_yqjK_yqjD_yqjC_predicted,3.4,42,9,TGTATTATCTCATTGACGAT,33,5185460
yqjE_yqjK_yqjD_yqjC_predicted,2.1,29,9,TGTACTCGATTCGGATGTGG,20,5226230
yqjE_yqjK_yqjD_yqjC_predicted,1.0,18,9,TGGGTTACATTCGGCTGCGG,9,5201139
yqjE_yqjK_yqjD_yqjC_predicted,2.7,35,9,TGGGGTCGGCTAAGTGGGAG,26,5236272
yqjE_yqjK_yqjD_yqjC_predicted,0.3,11,9,TGGGGAAGCTTCCACGAGGG,2,5190133
yqjE_yqjK_yqjD_yqjC_predicted,0.4,12,9,TGGGCCGAGGAAACAATTGT,3,5176972
yqjE_yqjK_yqjD_yqjC_predicted,0.5,13,9,TGGATACACCCTGTTATACG,4,5227144
yqjE_yqjK_yqjD_yqjC_predicted,0.3,11,9,TGGAGGTCCCTATTAAATCC,2,5176707
yqjE_yqjK_yqjD_yqjC_predicted,2.3,31,9,TGCTCTTCCTTTTTGCGGCA,22,5238061
yqjE_yqjK_yqjD_yqjC_predicted,0.5,13,9,TGCTCACAGCCGCCCATCTA,4,5176330
yqjE_yqjK_yqjD_yqjC_predicted,0.3,11,9,TGCGATTAATTCGTCCCACC,2,5196189
yqjE_yqjK_yqjD_yqjC_predicted,2.3,31,9,TGCGAGGAGATGTGACCCCG,22,5176055
yqjE_yqjK_yqjD_yqjC_predicted,2.3,31,9,TGCCTGTTAGAGGTCCCTGT,22,5183467
yqjE_yqjK_yqjD_yqjC_predicted,0.7,15,9,TGCAGTATGGTCGGTAGTAA,6,5242182
yqjE_yqjK_yqjD_yqjC_predicted,1.0,18,9,TGATCGGTAACGTGAACATA,9,5233645
yqjE_yqjK_yqjD_yqjC_predicted,1.3,21,9,TGAGGTGTTACGGCCCTCCA,12,5249955
yqjE_yqjK_yqjD_yqjC_predicted,0.8,16,9,TGAGGCACGAAACTCACACG,7,5206075
yqjE_yqjK_yqjD_yqjC_predicted,0.8,16,9,TGACGGGGCTGGTTCGCTCC,7,5206501
yqjE_yqjK_yqjD_yqjC_predicted,0.3,11,9,TCTTTCGTTTCTCCCGTAAT,2,5216305
yqjE_yqjK_yqjD_yqjC_predicted,1.9,27,9,TCTTATTACCGTAACTCTGA,18,5254409
yqjE_yqjK_yqjD_yqjC_predicted,3.9,47,9,TCTGTGTGGATCTTATTAGC,38,5199121
yqjE_yqjK_yqjD_yqjC_predicted,1.3,21,9,TCTGTATTTCGATCTTACCT,12,5215843
yqjE_yqjK_yqjD_yqjC_predicted,22.8,236,9,TCTGATCTAAAGTTGCGGGT,227,5257362
yqjE_yqjK_yqjD_yqjC_predicted,1.1,19,9,TCTGAAGTAGGCGGATTCAC,10,5185987
yqjE_yqjK_yqjD_yqjC_predicted,0.9,17,9,TCTATCCATCATGTGGAAAA,8,5258465
yqjE_yqjK_yqjD_yqjC_predicted,0.2,10,9,TCTACAGTCCGCGGGCTTTG,1,5212387
yqjE_yqjK_yqjD_yqjC_predicted,1.9,27,9,TCGTGCTCGACACACTTAGT,18,5177858
yqjE_yqjK_yqjD_yqjC_predicted,5.1,59,9,TCGTCGCTGTTAGGAAATTA,50,5200682
yqjE_yqjK_yqjD_yqjC_predicted,0.3,11,9,TCGGGGTTATGGGATGTGGT,2,5259433
yqjE_yqjK_yqjD_yqjC_predicted,1.0,18,9,TCGGGATGTATACGCTTCAT,9,5248635
yqjE_yqjK_yqjD_yqjC_predicted,0.2,10,9,TCGGCGCCGACACAAAATGT,1,5260642
yqjE_yqjK_yqjD_yqjC_predicted,0.6,14,9,TCGGACCTCAATCTGCGCTA,5,5225953
yqjE_yqjK_yqjD_yqjC_predicted,1.8,26,9,TCGGAATAAGTGTCTTAGTT,17,5258328
yqjE_yqjK_yqjD_yqjC_predicted,0.4,12,9,TCGGAAAAGTTCAGCGGCGG,3,5236566
yqjE_yqjK_yqjD_yqjC_predicted,0.2,10,9,TCGCTATCACGAGGTACATG,1,5175405
yqjE_yqjK_yqjD_yqjC_predicted,0.3,11,9,TCGAAGAACTGTCTGCATAT,2,5235274
yqjE_yqjK_yqjD_yqjC_predicted,1.6,24,9,TCCTTCTCGGATGACGATGC,15,5246423
yqjE_yqjK_yqjD_yqjC_predicted,0.3,11,9,TCCTCCGCTAGATCGAACAA,2,5219689
yqjE_yqjK_yqjD_yqjC_predicted,1.4,22,9,TCCTATCCTTCGCTAACGTA,13,5200566
yqjE_yqjK_yqjD_yqjC_predicted,1.4,22,9,TCCGCCGGTTAGTGGTGCTC,13,5225949
yqjE_yqjK_yqjD_yqjC_predicted,0.2,10,9,TCCCCGCGGGGCAACATAAC,1,5258980
yqjE_yqjK_yqjD_yqjC_predicted,0.2,10,9,TCCCAGCTCCCGGTGTTGTG,1,5210228
yqjE_yqjK_yqjD_yqjC_predicted,0.2,10,9,TCCATATTATTCTTGTAAGA,1,5253908
yqjE_yqjK_yqjD_yqjC_predicted,0.9,17,9,TCCACGAAGAACCGTGCGAA,8,5235787
yqjE_yqjK_yqjD_yqjC_predicted,1.9,27,9,TCCACACAGTGAGCGACAAG,18,5236027
yqjE_yqjK_yqjD_yqjC_predicted,0.6,14,9,TCCAAAAATCCATTGTCGGC,5,5229692
yqjE_yqjK_yqjD_yqjC_predicted,0.3,11,9,TCATTTTATCGATGGATTGT,2,5187851
yqjE_yqjK_yqjD_yqjC_predicted,0.2,10,9,TCATCTTAATCCCGGTAGCA,1,5220538
yqjE_yqjK_yqjD_yqjC_predicted,1.6,24,9,TCAGGGGGCAGTCCAGCCCG,15,5220772
yqjE_yqjK_yqjD_yqjC_predicted,0.5,13,9,TCAGACTTGGGTAGAATCAG,4,5218501
yqjE_yqjK_yqjD_yqjC_predicted,0.2,10,9,TCACCTAAGGGGGTGTGGTA,1,5176378
yqjE_yqjK_yqjD_yqjC_predicted,9.2,100,9,TCAAAGCTTCCCAGGTGGAC,91,5219169
yqjE_yqjK_yqjD_yqjC_predicted,1.9,27,9,TCAAACGTGGCGAATAGTGT,18,5179090
yqjE_yqjK_yqjD_yqjC_predicted,0.3,11,9,TATTGTAATCAGTCGTTTTT,2,5188590
yqjE_yqjK_yqjD_yqjC_predicted,0.5,13,9,TATTGGGCGAAAATCCGGTA,4,5188288
yqjE_yqjK_yqjD_yqjC_predicted,2.3,31,9,TATTACGACGTATAGTTTCA,22,5191802
yqjE_yqjK_yqjD_yqjC_predicted,0.7,15,9,TATAGTTTATGATTTGCACC,6,5180268
yqjE_yqjK_yqjD_yqjC_predicted,0.7,15,9,TATAGTGAACATTCCATTAG,6,5202053
yqjE_yqjK_yqjD_yqjC_predicted,1.8,26,9,TATACTCATGTTTTGAGGGA,17,5206566
yqjE_yqjK_yqjD_yqjC_predicted,0.5,13,9,TAGTTGGGTTCGTTACAACT,4,5259312
yqjE_yqjK_yqjD_yqjC_predicted,0.3,11,9,TAGGGTTCCCGCCACTGAGT,2,5237238
yqjE_yqjK_yqjD_yqjC_predicted,0.4,12,9,TAGCTTTATATGAACAACGA,3,5239348
yqjE_yqjK_yqjD_yqjC_predicted,1.0,18,9,TAGCTTGAGTCGAAACTCTC,9,5212551
yqjE_yqjK_yqjD_yqjC_predicted,1.4,22,9,TAGCAGATGGGTTAAGTACG,13,5184015
yqjE_yqjK_yqjD_yqjC_predicted,0.2,10,9,TAGATTGCGTACCGTGTACT,1,5177575
yqjE_yqjK_yqjD_yqjC_predicted,2.5,33,9,TAGATCGCCCCCATAACAAA,24,5248234
yqjE_yqjK_yqjD_yqjC_predicted,1.3,21,9,TAGAATCGCAATCTGTTGAC,12,5219752
yqjE_yqjK_yqjD_yqjC_predicted,2.5,33,9,TAGAACACCATTTGCGAAAA,24,5233295
yqjE_yqjK_yqjD_yqjC_predicted,3.3,41,9,TACTGTCGTCATCAAGACCG,32,5198108
yqjE_yqjK_yqjD_yqjC_predicted,1.8,26,9,TACTCTTAGCGCTTAGAACC,17,5242916
yqjE_yqjK_yqjD_yqjC_predicted,1.2,20,9,TACTACACAAGAGTCCCATG,11,5242051
yqjE_yqjK_yqjD_yqjC_predicted,0.4,12,9,TACGTGTTTAGCAAGTAGCC,3,5258610
yqjE_yqjK_yqjD_yqjC_predicted,0.5,13,9,TACGATCTCATTCCGGCTTG,4,5219500
yqjE_yqjK_yqjD_yqjC_predicted,2.3,31,9,TACGACAGATCGGGATAGTT,22,5217372
yqjE_yqjK_yqjD_yqjC_predicted,1.1,19,9,TACCCGTTTCCGTGGGGCAG,10,5221151
yqjE_yqjK_yqjD_yqjC_predicted,0.2,10,9,TACAAAGGGCGGTTGGGCGC,1,5231966
yqjE_yqjK_yqjD_yqjC_predicted,1.6,24,9,TAATGGATGCCGAAGTCCAA,15,5209400
yqjE_yqjK_yqjD_yqjC_predicted,1.0,18,9,TAATGAATTTCCATTGGTCA,9,5175646
yqjE_yqjK_yqjD_yqjC_predicted,0.2,10,9,TAATACGTAGATCAAACGAA,1,5225801
yqjE_yqjK_yqjD_yqjC_predicted,0.5,13,9,TAAGTAGAATGAGGGCACTA,4,5248048
yqjE_yqjK_yqjD_yqjC_predicted,1.2,20,9,TAAATAAGAACCGTCAAGCT,11,5248468
yqjE_yqjK_yqjD_yqjC_predicted,0.7,15,9,TAAAATTGAAGATCGAGCTC,6,5190571
yqjE_yqjK_yqjD_yqjC_predicted,1.6,24,9,GTTTGTGAATGGAATGAGAC,15,5210213
yqjE_yqjK_yqjD_yqjC_predicted,0.5,13,9,GTTTCGCCGACCAGGAATGA,4,5239270
yqjE_yqjK_yqjD_yqjC_predicted,1.3,21,9,GTTGTACTTCATCACTGTAG,12,5219128
yqjE_yqjK_yqjD_yqjC_predicted,1.7,25,9,GTTGTAAGAGCATACCAGTG,16,5242310
yqjE_yqjK_yqjD_yqjC_predicted,0.2,10,9,GTTGGATCGCACAACTCAGA,1,5174513
yqjE_yqjK_yqjD_yqjC_predicted,1.0,18,9,GTTGACAGTGTATGACCCAT,9,5256529
yqjE_yqjK_yqjD_yqjC_predicted,4.4,52,9,GTTGAATCTTTCGCAGGAGC,43,5188247
yqjE_yqjK_yqjD_yqjC_predicted,0.2,10,9,GTTCGAAGTTGTTTCTTCAG,1,5194365
yqjE_yqjK_yqjD_yqjC_predicted,1.1,19,9,GTTCCAGACATTGTGGGGTT,10,5252016
yqjE_yqjK_yqjD_yqjC_predicted,1.2,20,9,GTTCATTGAGTTTGGGTCAT,11,5223271
yqjE_yqjK_yqjD_yqjC_predicted,1.6,24,9,GTTAATGGCCCGCTCATAGT,15,5175450
yqjE_yqjK_yqjD_yqjC_predicted,1.9,27,9,GTGTTTGCCACATATGCTTA,18,5191788
yqjE_yqjK_yqjD_yqjC_predicted,5.0,58,9,GTGTTGTAGATTCTCTGAGA,49,5194119
yqjE_yqjK_yqjD_yqjC_predicted,2.0,28,9,GTGTTGAAGGCAATCAGCCC,19,5186130
yqjE_yqjK_yqjD_yqjC_predicted,0.3,11,9,GTGTCACCGACCTCACCCTG,2,5206994
yqjE_yqjK_yqjD_yqjC_predicted,0.4,12,9,GTGTAGGCGTGAAGGGTTCC,3,5232999
yqjE_yqjK_yqjD_yqjC_predicted,0.6,14,9,GTGGGGATTGTACGATACAA,5,5226005
yqjE_yqjK_yqjD_yqjC_predicted,0.7,15,9,GTGGCTTCCGTAGAACTTCC,6,5203048
yqjE_yqjK_yqjD_yqjC_predicted,0.5,13,9,GTGGCTATTCGTATCTCATG,4,5238076
yqjE_yqjK_yqjD_yqjC_predicted,0.2,10,9,GTGGACGCCTTGAATTATAT,1,5202649
yqjE_yqjK_yqjD_yqjC_predicted,5.4,62,9,GTGCAGTGAGGTGACTACTA,53,5194576
yqjE_yqjK_yqjD_yqjC_predicted,0.4,12,9,GTGCAGGAAACGCGCAGGGG,3,5232049
yqjE_yqjK_yqjD_yqjC_predicted,3.6,44,9,GTGCACTGGCGTATAATCCT,35,5186648
yqjE_yqjK_yqjD_yqjC_predicted,0.4,12,9,GTGCAAACAGCCAATCCGTA,3,5190074
yqjE_yqjK_yqjD_yqjC_predicted,1.1,19,9,GTCTCGAGCCTCAAATTTTG,10,5191223
yqjE_yqjK_yqjD_yqjC_predicted,3.0,38,9,GTCTCCTTTGCGCGGTGAGA,29,5232701
yqjE_yqjK_yqjD_yqjC_predicted,4.0,48,9,GTCTAGCCGGGTGCGCAATC,39,5199602
yqjE_yqjK_yqjD_yqjC_predicted,3.4,42,9,GTCGCTGGATAAGTCAGTCG,33,5187107
yqjE_yqjK_yqjD_yqjC_predicted,1.0,18,9,GTCGATGGTTATAGTGAAGT,9,5250004
yqjE_yqjK_yqjD_yqjC_predicted,0.2,10,9,GTCCTGCCCGCATGGGGCTG,1,5242604
yqjE_yqjK_yqjD_yqjC_predicted,0.2,10,9,GTCCCGCGCACAGTGTCAGT,1,5177947
yqjE_yqjK_yqjD_yqjC_predicted,1.6,24,9,GTCCAATATGTCTTCGGTTG,15,5260427
yqjE_yqjK_yqjD_yqjC_predicted,1.1,19,9,GTCAGCCTACCATACGCGTC,10,5197441
yqjE_yqjK_yqjD_yqjC_predicted,1.1,19,9,GTATAATGAACGCGTTTGCT,10,5217467
yqjE_yqjK_yqjD_yqjC_predicted,0.2,10,9,GTAGCACAGGCAGTCCAAAC,1,5192169
yqjE_yqjK_yqjD_yqjC_predicted,0.3,11,9,GTACATCGCAGCCGGCCTGG,2,5242909
yqjE_yqjK_yqjD_yqjC_predicted,0.8,16,9,GTAAGACACGGTGGGCTAGA,7,5233772
yqjE_yqjK_yqjD_yqjC_predicted,0.3,11,9,GGTTCGACTGGTCAATTTTG,2,5233911
yqjE_yqjK_yqjD_yqjC_predicted,2.9,37,9,GGTTCCACGGTGGCTTTCGA,28,5202821
yqjE_yqjK_yqjD_yqjC_predicted,28.4,292,9,GGTTATCCTCCTTTCAGCCA,283,5257818
yqjE_yqjK_yqjD_yqjC_predicted,1.1,19,9,GGTGCGTAAGTCCATGGGAT,10,5180853
yqjE_yqjK_yqjD_yqjC_predicted,2.8,36,9,GGTCTGGAGCGACTCAACGA,27,5203006
yqjE_yqjK_yqjD_yqjC_predicted,1.1,19,9,GGTCTCGTGGGATCTTTCCT,10,5229485
yqjE_yqjK_yqjD_yqjC_predicted,0.8,16,9,GGTCTCGAACATTACATGAG,7,5186487
yqjE_yqjK_yqjD_yqjC_predicted,0.2,10,9,GGTCGTTACACGTGTGTACA,1,5207705
yqjE_yqjK_yqjD_yqjC_predicted,1.3,21,9,GGTCGCTGCGTACCTCATCA,12,5260797
yqjE_yqjK_yqjD_yqjC_predicted,0.2,10,9,GGTCAAATTTCCCAGCGCCA,1,5232570
yqjE_yqjK_yqjD_yqjC_predicted,0.9,17,9,GGGTCATCCGTGTAACCAGG,8,5214021
yqjE_yqjK_yqjD_yqjC_predicted,32.6,334,9,GGGTAGTTTGACAGAGGTAG,325,5198550
yqjE_yqjK_yqjD_yqjC_predicted,0.3,11,9,GGGTACAAGAGGATACTTGC,2,5171393
yqjE_yqjK_yqjD_yqjC_predicted,1.3,21,9,GGGGTTGATATAAGGAAGGA,12,5201019
yqjE_yqjK_yqjD_yqjC_predicted,0.2,10,9,GGGGTCAAACCTCAGCGAAA,1,5250226
yqjE_yqjK_yqjD_yqjC_predicted,3.2,40,9,GGGCTGAGACGTGGTTATCG,31,5184403
yqjE_yqjK_yqjD_yqjC_predicted,1.3,21,9,GGGCGATAATTGATGAGCCA,12,5210527
yqjE_yqjK_yqjD_yqjC_predicted,1.4,22,9,GGCGTTGTAAGCACCCAGTG,13,5171696
yqjE_yqjK_yqjD_yqjC_predicted,2.0,28,9,GGCGTGTATTGGTGCGTCCC,19,5246090
yqjE_yqjK_yqjD_yqjC_predicted,1.6,24,9,GGCGCGGGGGGTGTCTGTGA,15,5171921
yqjE_yqjK_yqjD_yqjC_predicted,1.0,18,9,GGCGCACGTCGTGAGTTGGT,9,5224391
yqjE_yqjK_yqjD_yqjC_predicted,0.3,11,9,GGCCGCATGATATCAAGATC,2,5224571
yqjE_yqjK_yqjD_yqjC_predicted,0.3,11,9,GGCCCAGCTCGATTCCGGGG,2,5220520
yqjE_yqjK_yqjD_yqjC_predicted,0.9,17,9,GGCCCAAATACACTAAGTAG,8,5180621
yqjE_yqjK_yqjD_yqjC_predicted,0.2,10,9,GGCATTTACGACCTTTCATT,1,5188886
yqjE_yqjK_yqjD_yqjC_predicted,0.8,16,9,GGCAGGTCAGGTAAGAGAAG,7,5174156
yqjE_yqjK_yqjD_yqjC_predicted,0.8,16,9,GGATGGGGATTGCCGCGTTC,7,5237410
yqjE_yqjK_yqjD_yqjC_predicted,0.6,14,9,GGATGCTCTTAGCACCTAAT,5,5190125
yqjE_yqjK_yqjD_yqjC_predicted,2.5,33,9,GGATGCGTGGGGGATAACGG,24,5180331
yqjE_yqjK_yqjD_yqjC_predicted,0.2,10,9,GGATAACGAAAAACGTGTAC,1,5190245
yqjE_yqjK_yqjD_yqjC_predicted,2.1,29,9,GGAGTGGCAAAATTCAGATT,20,5231537
yqjE_yqjK_yqjD_yqjC_predicted,0.9,17,9,GGAGGTGCTCGTGTCCGTAT,8,5227128
yqjE_yqjK_yqjD_yqjC_predicted,0.2,10,9,GGACTGTCGATTTGTCTGAT,1,5203347
yqjE_yqjK_yqjD_yqjC_predicted,0.6,14,9,GGACTACCACGAATAAGCAT,5,5233087
yqjE_yqjK_yqjD_yqjC_predicted,0.2,10,9,GGACGACGAGGATTATGCTT,1,5203979
yqjE_yqjK_yqjD_yqjC_predicted,0.4,12,9,GGACACGACCTGCTAGACCT,3,5197090
yqjE_yqjK_yqjD_yqjC_predicted,0.6,14,9,GGAACGTTAGGCGACGAATA,5,5244854
yqjE_yqjK_yqjD_yqjC_predicted,1.2,20,9,GGAACCTAGCGTTCGACGTC,11,5211324
yqjE_yqjK_yqjD_yqjC_predicted,0.3,11,9,GGAACATGATTCCGACTTAC,2,5260637
yqjE_yqjK_yqjD_yqjC_predicted,2.2,30,9,GCTTTGCTAAACCCCTCCCC,21,5260303
yqjE_yqjK_yqjD_yqjC_predicted,0.5,13,9,GCTTGTCTCCATTTGTCAGT,4,5258892
yqjE_yqjK_yqjD_yqjC_predicted,1.4,22,9,GCTTGGACGCTTCCGCAGAT,13,5245751
yqjE_yqjK_yqjD_yqjC_predicted,1.2,20,9,GCTTAGGGTGGGGCAGGCTC,11,5239999
yqjE_yqjK_yqjD_yqjC_predicted,1.3,21,9,GCTGGGATGTTATTAATCTA,12,5217373
yqjE_yqjK_yqjD_yqjC_predicted,0.2,10,9,GCTGAACTCAAAGACTCTGG,1,5224467
yqjE_yqjK_yqjD_yqjC_predicted,0.4,12,9,GCTATGGTCCAGGGTGAATG,3,5179985
yqjE_yqjK_yqjD_yqjC_predicted,1.2,20,9,GCTAGGAGGCGTCGGGCAGT,11,5234450
yqjE_yqjK_yqjD_yqjC_predicted,1.0,18,9,GCGTCCGACGGAGAATCCGC,9,5237198
yqjE_yqjK_yqjD_yqjC_predicted,0.6,14,9,GCGTAATGAAGACCAGTCTT,5,5187884
yqjE_yqjK_yqjD_yqjC_predicted,0.4,12,9,GCGGGGCTTGTGTACATTCC,3,5202711
yqjE_yqjK_yqjD_yqjC_predicted,3.3,41,9,GCGCGTCTCTACTGTTGTAT,32,5197754
yqjE_yqjK_yqjD_yqjC_predicted,0.6,14,9,GCGAACAGTACACGGACTAG,5,5211243
yqjE_yqjK_yqjD_yqjC_predicted,1.5,23,9,GCCTGATACGGCCGGAAGAA,14,5220701
yqjE_yqjK_yqjD_yqjC_predicted,1.0,18,9,GCCTGAACAATCAGACTAGG,9,5196037
yqjE_yqjK_yqjD_yqjC_predicted,0.4,12,9,GCCTCACATTTACTCGGTAC,3,5249873
yqjE_yqjK_yqjD_yqjC_predicted,1.7,25,9,GCCGTTTGTTTGGTTTATGT,16,5178361
yqjE_yqjK_yqjD_yqjC_predicted,0.3,11,9,GCCGTGTGAGCTTTGCGCAG,2,5202719
yqjE_yqjK_yqjD_yqjC_predicted,0.4,12,9,GCCATAGTGTTTTCGACTGC,3,5188154
yqjE_yqjK_yqjD_yqjC_predicted,1.7,25,9,GCCAGTTGCTCGTGCCGAGT,16,5252766
yqjE_yqjK_yqjD_yqjC_predicted,0.2,10,9,GCCAGTCGCGACATAACGTG,1,5193454
yqjE_yqjK_yqjD_yqjC_predicted,1.2,20,9,GCCACTCAAAACTCTGCGAC,11,5238664
yqjE_yqjK_yqjD_yqjC_predicted,1.0,18,9,GCCAAGTGCAACTTAACCGG,9,5197545
yqjE_yqjK_yqjD_yqjC_predicted,0.3,11,9,GCATTGCCAGCCAAGAGTCT,2,5242320
yqjE_yqjK_yqjD_yqjC_predicted,3.1,39,9,GCATCTAGAATAAATATATC,30,5197046
yqjE_yqjK_yqjD_yqjC_predicted,1.3,21,9,GCATAGCTGCATAAAGGTTT,12,5197368
yqjE_yqjK_yqjD_yqjC_predicted,0.8,16,9,GCAGTAAAGAATAATGAGGG,7,5189145
yqjE_yqjK_yqjD_yqjC_predicted,1.6,24,9,GCAGCCTCATATCGGGACCA,15,5248350
yqjE_yqjK_yqjD_yqjC_predicted,0.4,12,9,GCAGACCTCTTGAATAAGGC,3,5232066
yqjE_yqjK_yqjD_yqjC_predicted,0.2,10,9,GCAGAAGCGTTGCAGGAATT,1,5256761
yqjE_yqjK_yqjD_yqjC_predicted,0.4,12,9,GCACTGGACTCGAAAGGTTT,3,5220523
yqjE_yqjK_yqjD_yqjC_predicted,2.8,36,9,GCACCGTGAATGTCCATGCG,27,5206435
yqjE_yqjK_yqjD_yqjC_predicted,1.6,24,9,GCAATTGCCCTTAATTATTA,15,5188976
yqjE_yqjK_yqjD_yqjC_predicted,0.2,10,9,GCAATCGACTTTGTAGATTC,1,5246854
yqjE_yqjK_yqjD_yqjC_predicted,1.5,23,9,GATTCACAGACGGCAGGACC,14,5190679
yqjE_yqjK_yqjD_yqjC_predicted,2.1,29,9,GATGTTCTTCGGTGTGATGA,20,5200118
yqjE_yqjK_yqjD_yqjC_predicted,1.3,21,9,GATGAAGGGTCTTTACGAGT,12,5177795
yqjE_yqjK_yqjD_yqjC_predicted,2.1,29,9,GATCGCGCTCTCGATTCGAC,20,5246426
yqjE_yqjK_yqjD_yqjC_predicted,5.0,58,9,GATCCAGAGTTCTCTAAATC,49,5233755
yqjE_yqjK_yqjD_yqjC_predicted,1.3,21,9,GATCAGCGCCTGTCACGCAG,12,5182593
yqjE_yqjK_yqjD_yqjC_predicted,2.8,36,9,GATCACGCAAATCCACTTAG,27,5236558
yqjE_yqjK_yqjD_yqjC_predicted,0.5,13,9,GATAATCGGCCCGTGTTCTG,4,5244919
yqjE_yqjK_yqjD_yqjC_predicted,2.6,34,9,GATAACTTACACACTCCTGC,25,5260312
yqjE_yqjK_yqjD_yqjC_predicted,1.0,18,9,GAGTATAGTACGTAAGTCTA,9,5217904
yqjE_yqjK_yqjD_yqjC_predicted,0.4,12,9,GAGGGTACCTTACCGAACTA,3,5179518
yqjE_yqjK_yqjD_yqjC_predicted,1.9,27,9,GAGCTTCCACGTCTCGAGCA,18,5190127
yqjE_yqjK_yqjD_yqjC_predicted,1.0,18,9,GAGCTGATTACCGTTTCGGA,9,5244153
yqjE_yqjK_yqjD_yqjC_predicted,0.4,12,9,GAGCGCACCTGGCTTTAGGT,3,5221919
yqjE_yqjK_yqjD_yqjC_predicted,0.4,12,9,GAGCCCTGAGCTTTGTCGAT,3,5178951
yqjE_yqjK_yqjD_yqjC_predicted,2.9,37,9,GAGCACGCCAGCGTCTTGCG,28,5191204
yqjE_yqjK_yqjD_yqjC_predicted,0.5,13,9,GACGCAGGTCGTAGATAGTT,4,5218856
yqjE_yqjK_yqjD_yqjC_predicted,0.2,10,9,GACGAAATCGCACGGGCCGA,1,5242062
yqjE_yqjK_yqjD_yqjC_predicted,1.2,20,9,GACATTATTACCAGGCTCGC,11,5256578
yqjE_yqjK_yqjD_yqjC_predicted,0.8,16,9,GAATGCCTGTAACCTAAACC,7,5202506
yqjE_yqjK_yqjD_yqjC_predicted,0.3,11,9,GAAGGGTAAGTCGGGCTCAC,2,5253731
yqjE_yqjK_yqjD_yqjC_predicted,0.3,11,9,GAACTTGCCCTTCGAATTAA,2,5206351
yqjE_yqjK_yqjD_yqjC_predicted,1.5,23,9,GAACTGATAGTATACGCGGC,14,5211704
yqjE_yqjK_yqjD_yqjC_predicted,0.2,10,9,GAAATCCTTCCCTATTTTTC,1,5207596
yqjE_yqjK_yqjD_yqjC_predicted,3.2,40,9,GAAATAGCACTATCACAACG,31,5195602
yqjE_yqjK_yqjD_yqjC_predicted,0.3,11,9,GAAAGCAAACAGCGGCGCCT,2,5182954
yqjE_yqjK_yqjD_yqjC_predicted,3.0,38,9,CTTTTTGCAAACTAACCGCT,29,5190867
yqjE_yqjK_yqjD_yqjC_predicted,0.2,10,9,CTTTCTACTTATATGGGAGT,1,5191884
yqjE_yqjK_yqjD_yqjC_predicted,2.8,36,9,CTTTACTTCTTTCGTTTCCA,27,5237878
yqjE_yqjK_yqjD_yqjC_predicted,2.0,28,9,CTTGTCTGAATCGTGAGGGT,19,5210458
yqjE_yqjK_yqjD_yqjC_predicted,0.2,10,9,CTTGTAGGTTAAGCCAAATC,1,5204110
yqjE_yqjK_yqjD_yqjC_predicted,1.3,21,9,CTTGAATGATGACTCTAATT,12,5238716
yqjE_yqjK_yqjD_yqjC_predicted,0.3,11,9,CTTCTTCTGGACATATGGTC,2,5238347
yqjE_yqjK_yqjD_yqjC_predicted,0.9,17,9,CTTCGGCGTATGGCCGTCTT,8,5192176
yqjE_yqjK_yqjD_yqjC_predicted,4.6,54,9,CTTCACAGTCTATACAACTA,45,5237148
yqjE_yqjK_yqjD_yqjC_predicted,0.3,11,9,CTTAAGTGCATCCGAACGTT,2,5189735
yqjE_yqjK_yqjD_yqjC_predicted,0.2,10,9,CTTAAGGTACAACTGTACGG,1,5236993
yqjE_yqjK_yqjD_yqjC_predicted,3.0,38,9,CTGTGTCTCACGGGGCGCCC,29,5255676
yqjE_yqjK_yqjD_yqjC_predicted,1.5,23,9,CTGTAGCGGATGGGTTCCGT,14,5260381
yqjE_yqjK_yqjD_yqjC_predicted,0.2,10,9,CTGGTGTTGCTGGAGAGAGT,1,5202049
yqjE_yqjK_yqjD_yqjC_predicted,0.6,14,9,CTGGTCGGGCATTAACGTCA,5,5223068
yqjE_yqjK_yqjD_yqjC_predicted,1.1,19,9,CTGGCGCAGAAGGTAATTTA,10,5238508
yqjE_yqjK_yqjD_yqjC_predicted,1.1,19,9,CTGCTGATCCGTTCACGACA,10,5225364
yqjE_yqjK_yqjD_yqjC_predicted,1.7,25,9,CTGCCCCCCTACCATATTCG,16,5225990
yqjE_yqjK_yqjD_yqjC_predicted,1.2,20,9,CTCTGTTTAAAAATCAGAGC,11,5215713
yqjE_yqjK_yqjD_yqjC_predicted,0.4,12,9,CTCTGCTCAACTGATGTGAA,3,5242340
yqjE_yqjK_yqjD_yqjC_predicted,1.7,25,9,CTCGTTGGATTTAAATCAGG,16,5254560
yqjE_yqjK_yqjD_yqjC_predicted,0.2,10,9,CTCCTAATCCATGGCATCTT,1,5227090
yqjE_yqjK_yqjD_yqjC_predicted,0.5,13,9,CTCCGAAACAGTTTCCGTTG,4,5225754
yqjE_yqjK_yqjD_yqjC_predicted,3.4,42,9,CTCCCGAGGTCCAGTATCAC,33,5250933
yqjE_yqjK_yqjD_yqjC_predicted,0.2,10,9,CTCCCCTCCACGTATAACTT,1,5191450
yqjE_yqjK_yqjD_yqjC_predicted,1.0,18,9,CTCCAAGTCTAACAATATCA,9,5243635
yqjE_yqjK_yqjD_yqjC_predicted,3.9,47,9,CTCAAATTACGCCTTCGTCT,38,5212338
yqjE_yqjK_yqjD_yqjC_predicted,0.5,13,9,CTATGTATCGTATTGGCTAT,4,5237403
yqjE_yqjK_yqjD_yqjC_predicted,2.0,28,9,CTAGTTCACGGGTTCGATTC,19,5254059
yqjE_yqjK_yqjD_yqjC_predicted,0.2,10,9,CTAGTCCGCTCTGGTAACGT,1,5201682
yqjE_yqjK_yqjD_yqjC_predicted,0.5,13,9,CTAGGATCTATAGCTTGTTT,4,5257859
yqjE_yqjK_yqjD_yqjC_predicted,0.2,10,9,CTACTTTATGTGCTGGGATG,1,5203305
yqjE_yqjK_yqjD_yqjC_predicted,3.5,43,9,CTACTTACGAACACGGGGCA,34,5178539
yqjE_yqjK_yqjD_yqjC_predicted,0.7,15,9,CTACTGGCGGGTGGGCGATT,6,5225321
yqjE_yqjK_yqjD_yqjC_predicted,4.3,51,9,CTACATTATAGTCCCACTTC,42,5174407
yqjE_yqjK_yqjD_yqjC_predicted,0.2,10,9,CTAATTTAGATGACGGAGAA,1,5222720
yqjE_yqjK_yqjD_yqjC_predicted,1.9,27,9,CTAATGACAAAGACATCGCA,18,5209091
yqjE_yqjK_yqjD_yqjC_predicted,0.9,17,9,CTAAGGCGCCAACCAGGATT,8,5260925
yqjE_yqjK_yqjD_yqjC_predicted,0.8,16,9,CTAAATGAACGAACGATGTG,7,5182906
yqjE_yqjK_yqjD_yqjC_predicted,1.2,20,9,CGTTGTGAGGAGCACCGTGA,11,5185033
yqjE_yqjK_yqjD_yqjC_predicted,1.1,19,9,CGTTCGGGCCGTAAGAAAGT,10,5208562
yqjE_yqjK_yqjD_yqjC_predicted,2.9,37,9,CGTTCGACACGGCGTAATTC,28,5175499
yqjE_yqjK_yqjD_yqjC_predicted,0.8,16,9,CGTGTTCGCGGAGCCACTCT,7,5229686
yqjE_yqjK_yqjD_yqjC_predicted,1.2,20,9,CGTCCCGAGCCTAACTGTGG,11,5183026
yqjE_yqjK_yqjD_yqjC_predicted,0.2,10,9,CGTCCATTCTTGACACAAGT,1,5179510
yqjE_yqjK_yqjD_yqjC_predicted,0.4,12,9,CGTAGCTGACTGATTAGTTT,3,5176141
yqjE_yqjK_yqjD_yqjC_predicted,4.2,50,9,CGTACTGTGATCTAATACCG,41,5221318
yqjE_yqjK_yqjD_yqjC_predicted,3.0,38,9,CGTACCCGTACCGACGGAGC,29,5214933
yqjE_yqjK_yqjD_yqjC_predicted,0.3,11,9,CGGTGGTGCGTCTGCTATAA,2,5229265
yqjE_yqjK_yqjD_yqjC_predicted,8.2,90,9,CGGTCAAGCTATGTCTTACT,81,5234282
yqjE_yqjK_yqjD_yqjC_predicted,0.7,15,9,CGGGCTCAATGCACACGGAG,6,5208661
yqjE_yqjK_yqjD_yqjC_predicted,0.5,13,9,CGGCTGTCACCGGGTTCGCT,4,5203679
yqjE_yqjK_yqjD_yqjC_predicted,1.3,21,9,CGGCTGCGCCTATTTGCGTC,12,5178298
yqjE_yqjK_yqjD_yqjC_predicted,0.5,13,9,CGGCGTTTCGCCTTTATCAC,4,5184119
yqjE_yqjK_yqjD_yqjC_predicted,1.8,26,9,CGGCGGTATTAATTCACTGC,17,5215357
yqjE_yqjK_yqjD_yqjC_predicted,2.4,32,9,CGGCCCGGTGTGACAGTTGT,23,5179601
yqjE_yqjK_yqjD_yqjC_predicted,5.7,65,9,CGGATGACCTGGAGTGATAT,56,5243501
yqjE_yqjK_yqjD_yqjC_predicted,1.4,22,9,CGGATCTAGGCTATCCGCAG,13,5236895
yqjE_yqjK_yqjD_yqjC_predicted,1.6,24,9,CGGAGCAAAGGAGTAGACAA,15,5171156
yqjE_yqjK_yqjD_yqjC_predicted,0.5,13,9,CGCTTGGAAGCGACCCAGAG,4,5189666
yqjE_yqjK_yqjD_yqjC_predicted,3.4,42,9,CGCTGATTGAAGGTAGGGTT,33,5233158
yqjE_yqjK_yqjD_yqjC_predicted,1.0,18,9,CGCTCGGTGCGCTGGTTCAC,9,5191196
yqjE_yqjK_yqjD_yqjC_predicted,1.2,20,9,CGCTATTCTGAACAGTAGAT,11,5252942
yqjE_yqjK_yqjD_yqjC_predicted,1.4,22,9,CGCGTCCCATCCAGCCCTAA,13,5219674
yqjE_yqjK_yqjD_yqjC_predicted,1.4,22,9,CGCGTCAGTGCGCTTTATTC,13,5237149
yqjE_yqjK_yqjD_yqjC_predicted,1.5,23,9,CGCCCAGGACTTTTCGCTTG,14,5236963
yqjE_yqjK_yqjD_yqjC_predicted,1.1,19,9,CGCATAACAAATTAGTTTTG,10,5243120
yqjE_yqjK_yqjD_yqjC_predicted,0.6,14,9,CGATGAGTTTCATGGGTTAT,5,5213735
yqjE_yqjK_yqjD_yqjC_predicted,0.2,10,9,CGATATTCTCGAGGGCGCTT,1,5196534
yqjE_yqjK_yqjD_yqjC_predicted,0.9,17,9,CGAGTCAAGATGTATCACAG,8,5229074
yqjE_yqjK_yqjD_yqjC_predicted,0.7,15,9,CGACCGCCGGAAATTTTAAG,6,5250918
yqjE_yqjK_yqjD_yqjC_predicted,2.7,35,9,CGACATACATTTAACAACTC,26,5210671
yqjE_yqjK_yqjD_yqjC_predicted,1.3,21,9,CGAACAGCACTGCCGCATTT,12,5205584
yqjE_yqjK_yqjD_yqjC_predicted,0.5,13,9,CGAACAGATATCAGTCGGAA,4,5173705
yqjE_yqjK_yqjD_yqjC_predicted,2.2,30,9,CGAAATCAGGGCCTGGTCCG,21,5194102
yqjE_yqjK_yqjD_yqjC_predicted,3.1,39,9,CGAAAGGTCATGTCCCCCTT,30,5259918
yqjE_yqjK_yqjD_yqjC_predicted,2.8,36,9,CCTGTTGAGGCAAACATACC,27,5205393
yqjE_yqjK_yqjD_yqjC_predicted,1.1,19,9,CCTCCCCTGACTGTAGCCGA,10,5249032
yqjE_yqjK_yqjD_yqjC_predicted,1.0,18,9,CCTATGGTGTTCTCGCCGAC,9,5242281
yqjE_yqjK_yqjD_yqjC_predicted,0.7,15,9,CCTATCCTTGGGGCTATAGT,6,5239229
yqjE_yqjK_yqjD_yqjC_predicted,0.5,13,9,CCTATCACCAGCGCAACGGG,4,5234363
yqjE_yqjK_yqjD_yqjC_predicted,1.2,20,9,CCTAGCCGGCCCCGCGTGCA,11,5179695
yqjE_yqjK_yqjD_yqjC_predicted,0.5,13,9,CCTAACAACTACGGATCAAT,4,5253688
yqjE_yqjK_yqjD_yqjC_predicted,1.4,22,9,CCGGTTACCCTTGAAGATGC,13,5233820
yqjE_yqjK_yqjD_yqjC_predicted,1.2,20,9,CCGGGTCCGTTGGATGATTT,11,5223757
yqjE_yqjK_yqjD_yqjC_predicted,0.2,10,9,CCGGGCAGGTCATGGCATTT,1,5196603
yqjE_yqjK_yqjD_yqjC_predicted,1.9,27,9,CCGGCGCCATGCCATATAAA,18,5244148
yqjE_yqjK_yqjD_yqjC_predicted,0.9,17,9,CCGCTGGCAAATCTACGGTA,8,5207812
yqjE_yqjK_yqjD_yqjC_predicted,4.6,54,9,CCGCTATTAAGGTACTTGAG,45,5209100
yqjE_yqjK_yqjD_yqjC_predicted,2.6,34,9,CCGCCAAATGAATGCGGAGT,25,5190408
yqjE_yqjK_yqjD_yqjC_predicted,0.2,10,9,CCGATCTAGCTCTAGACTGT,1,5191991
yqjE_yqjK_yqjD_yqjC_predicted,4.0,48,9,CCGAGGGGATATTCTCTTGA,39,5198577
yqjE_yqjK_yqjD_yqjC_predicted,0.5,13,9,CCGAGAACGCTCAGGAATAT,4,5249771
yqjE_yqjK_yqjD_yqjC_predicted,1.4,22,9,CCGACTTCCTGAAGCGAATG,13,5260959
yqjE_yqjK_yqjD_yqjC_predicted,3.0,38,9,CCGACGCAGGGTGCGCACTG,29,5183242
yqjE_yqjK_yqjD_yqjC_predicted,1.4,22,9,CCCTACGACAGCTGGCACAT,13,5191102
yqjE_yqjK_yqjD_yqjC_predicted,1.0,18,9,CCCTAATGTGGCCTACGCAT,9,5183262
yqjE_yqjK_yqjD_yqjC_predicted,0.6,14,9,CCCGGATAAGTGGTTCCTAT,5,5243000
yqjE_yqjK_yqjD_yqjC_predicted,0.9,17,9,CCCGAAAATGGGACAGCCCG,8,5217826
yqjE_yqjK_yqjD_yqjC_predicted,4.5,53,9,CCCCAGGCCTAGTAGTCGTG,44,5213354
yqjE_yqjK_yqjD_yqjC_predicted,2.9,37,9,CCCATTGTTGAGGTATCATC,28,5250258
yqjE_yqjK_yqjD_yqjC_predicted,1.0,18,9,CCCATAGGGAGATAGTAGCC,9,5188164
yqjE_yqjK_yqjD_yqjC_predicted,4.7,55,9,CCATATACTTCTATTTGTTT,46,5255343
yqjE_yqjK_yqjD_yqjC_predicted,0.5,13,9,CCATACCTACGCGGCACACT,4,5238348
yqjE_yqjK_yqjD_yqjC_predicted,1.7,25,9,CCAGTGCTTTCACACCAGCT,16,5222767
yqjE_yqjK_yqjD_yqjC_predicted,0.8,16,9,CCAGATGGGGTTTGCGAAGG,7,5189953
yqjE_yqjK_yqjD_yqjC_predicted,0.5,13,9,CCAGAAGGGCCACACTCGTA,4,5227466
yqjE_yqjK_yqjD_yqjC_predicted,0.3,11,9,CCACTAGATGTTCCAGTAAT,2,5185314
yqjE_yqjK_yqjD_yqjC_predicted,0.4,12,9,CCACCGCGCGCACTACTATC,3,5258766
yqjE_yqjK_yqjD_yqjC_predicted,0.8,16,9,CCACACGTCTGGTTTAGGAG,7,5238276
yqjE_yqjK_yqjD_yqjC_predicted,0.9,17,9,CCAATCTAGGCGGCCCCGTG,8,5180844
yqjE_yqjK_yqjD_yqjC_predicted,1.1,19,9,CCAAAATTTATTCCTTCACT,10,5194132
yqjE_yqjK_yqjD_yqjC_predicted,0.2,10,9,CATGGCGGGCTTATACTCCC,1,5203698
yqjE_yqjK_yqjD_yqjC_predicted,1.4,22,9,CATATTGTTTCAGCCTCCGA,13,5221893
yqjE_yqjK_yqjD_yqjC_predicted,1.7,25,9,CATATCAGTAGCCGCACAAG,16,5249412
yqjE_yqjK_yqjD_yqjC_predicted,0.9,17,9,CATAAACTGTTAGTGTGTTA,8,5234167
yqjE_yqjK_yqjD_yqjC_predicted,0.8,16,9,CAGTTAGTTTGAAGACATTG,7,5238157
yqjE_yqjK_yqjD_yqjC_predicted,1.5,23,9,CAGTAGGGGCTAGGTCTAAG,14,5184207
yqjE_yqjK_yqjD_yqjC_predicted,0.9,17,9,CAGGGTCTGTTATAAGTCCT,8,5187691
yqjE_yqjK_yqjD_yqjC_predicted,2.6,34,9,CAGGGGACTGACGGTGTAAA,25,5199990
yqjE_yqjK_yqjD_yqjC_predicted,0.4,12,9,CAGGAAACGACACCCCTAGT,3,5220331
yqjE_yqjK_yqjD_yqjC_predicted,0.3,11,9,CAGCTTATACTAATGGATCA,2,5191515
yqjE_yqjK_yqjD_yqjC_predicted,2.6,34,9,CAGCAGTAAGTGATACCCCC,25,5232674
yqjE_yqjK_yqjD_yqjC_predicted,0.9,17,9,CAGACATGCCGCGTACTGGA,8,5235693
yqjE_yqjK_yqjD_yqjC_predicted,1.3,21,9,CACTTTGAGCTACAAACACT,12,5215708
yqjE_yqjK_yqjD_yqjC_predicted,1.1,19,9,CACTGTGCCCCGCATCTCAT,10,5207806
yqjE_yqjK_yqjD_yqjC_predicted,0.3,11,9,CACTGGCCCCACAAAGTTCT,2,5214352
yqjE_yqjK_yqjD_yqjC_predicted,2.5,33,9,CACGATTATTCCCTTAAGTA,24,5258257
yqjE_yqjK_yqjD_yqjC_predicted,0.7,15,9,CACAGGATATCAAGGTCATG,6,5176983
yqjE_yqjK_yqjD_yqjC_predicted,0.9,17,9,CAATTCGCAGCCCGGAGCAG,8,5178148
yqjE_yqjK_yqjD_yqjC_predicted,0.2,10,9,CAATGAACGCAGGACGCATC,1,5183880
yqjE_yqjK_yqjD_yqjC_predicted,0.3,11,9,CAAGTTCCACCGCCCTTTCC,2,5259726
yqjE_yqjK_yqjD_yqjC_predicted,2.4,32,9,CAAGGTTCCAAGATACCTTC,23,5211153
yqjE_yqjK_yqjD_yqjC_predicted,0.2,10,9,CAAACTTCAGGCGCACCAAT,1,5186861
yqjE_yqjK_yqjD_yqjC_predicted,1.4,22,9,CAAAAGGTCGGGTCACACGG,13,5217092
yqjE_yqjK_yqjD_yqjC_predicted,1.9,27,9,ATTTTTGCCTGGAATGAGAT,18,5235692
yqjE_yqjK_yqjD_yqjC_predicted,0.2,10,9,ATTTTCTACTGAGCGGCTTA,1,5194985
yqjE_yqjK_yqjD_yqjC_predicted,3.2,40,9,ATTTGGCTCCTTGATAGGCC,31,5188264
yqjE_yqjK_yqjD_yqjC_predicted,1.2,20,9,ATTTCTTTACAGCTGGTGCA,11,5213982
yqjE_yqjK_yqjD_yqjC_predicted,5.6,64,9,ATTGGTTGGGCTCGTGTCGT,55,5226523
yqjE_yqjK_yqjD_yqjC_predicted,0.2,10,9,ATTGGGCTTCTTGGACTCGC,1,5184652
yqjE_yqjK_yqjD_yqjC_predicted,0.6,14,9,ATTGCGACAAGTGCTTGCGT,5,5234902
yqjE_yqjK_yqjD_yqjC_predicted,0.8,16,9,ATTGCCGTTTAATGGACCCA,7,5176576
yqjE_yqjK_yqjD_yqjC_predicted,0.7,15,9,ATTGAAGTTATGGATCTGCC,6,5172766
yqjE_yqjK_yqjD_yqjC_predicted,1.9,27,9,ATTCGCGTATTCAGCTCCTA,18,5223269
yqjE_yqjK_yqjD_yqjC_predicted,0.2,10,9,ATTCCCGCCTCGTGTTTGAG,1,5233722
yqjE_yqjK_yqjD_yqjC_predicted,2.9,37,9,ATTCCACGGGGTGGCGAACG,28,5253776
yqjE_yqjK_yqjD_yqjC_predicted,0.2,10,9,ATTATCTCGTCCTGCCCGGT,1,5203958
yqjE_yqjK_yqjD_yqjC_predicted,1.7,25,9,ATTAGTCTCTAACACAAAGA,16,5171386
yqjE_yqjK_yqjD_yqjC_predicted,3.2,40,9,ATTACATTGGCTGGAAGGTC,31,5226640
yqjE_yqjK_yqjD_yqjC_predicted,0.4,12,9,ATTAATCACTTTTGCGAAAT,3,5188005
yqjE_yqjK_yqjD_yqjC_predicted,2.4,32,9,ATTAACCTTGACCTGCATGC,23,5211214
yqjE_yqjK_yqjD_yqjC_predicted,0.5,13,9,ATGTGTGGGCTACAGGATGG,4,5176233
yqjE_yqjK_yqjD_yqjC_predicted,1.5,23,9,ATGGTCTAAATCTGGCATCA,14,5175096
yqjE_yqjK_yqjD_yqjC_predicted,1.1,19,9,ATGGGGTGTCCGGCGAAGGA,10,5213586
yqjE_yqjK_yqjD_yqjC_predicted,1.3,21,9,ATGGGCCTGGTATGTCGATG,12,5194942
yqjE_yqjK_yqjD_yqjC_predicted,0.7,15,9,ATGGCCTATGTGTGCAAGAT,6,5244317
yqjE_yqjK_yqjD_yqjC_predicted,1.7,25,9,ATGGCCATAGCTATAGCTGA,16,5199456
yqjE_yqjK_yqjD_yqjC_predicted,0.3,11,9,ATGCGAACTGAATAACCCTC,2,5254499
yqjE_yqjK_yqjD_yqjC_predicted,0.2,10,9,ATGCATTCGGTCCAATACTT,1,5194800
yqjE_yqjK_yqjD_yqjC_predicted,0.4,12,9,ATGAGGCGACTACTGCGAAA,3,5235263
yqjE_yqjK_yqjD_yqjC_predicted,2.8,36,9,ATCTGTGGTATAGGCTGCAT,27,5201192
yqjE_yqjK_yqjD_yqjC_predicted,0.3,11,9,ATCTCTAGTATCCGTAGCCT,2,5251496
yqjE_yqjK_yqjD_yqjC_predicted,0.4,12,9,ATCGTATCGTCGCTGTCTCT,3,5202033
yqjE_yqjK_yqjD_yqjC_predicted,2.4,32,9,ATCGGTATGAATTTATGGCT,23,5253733
yqjE_yqjK_yqjD_yqjC_predicted,0.6,14,9,ATCGCCGAATATCATGAATT,5,5179247
yqjE_yqjK_yqjD_yqjC_predicted,0.3,11,9,ATCGAGTCGAACTCCGGGGT,2,5198627
yqjE_yqjK_yqjD_yqjC_predicted,1.0,18,9,ATCCTGCTTGTTCTTCGAGT,9,5190233
yqjE_yqjK_yqjD_yqjC_predicted,1.4,22,9,ATCCCTATAAGAGGGTGGCT,13,5210913
yqjE_yqjK_yqjD_yqjC_predicted,1.7,25,9,ATCCCGCGCGGTGGGACGTC,16,5244576
yqjE_yqjK_yqjD_yqjC_predicted,0.2,10,9,ATCACAAAAACGGTGCGCGG,1,5176838
yqjE_yqjK_yqjD_yqjC_predicted,0.8,16,9,ATCAAACTCATATTTTTGAT,7,5235696
yqjE_yqjK_yqjD_yqjC_predicted,1.2,20,9,ATAGTCCATTAGCGGGGTCA,11,5197551
yqjE_yqjK_yqjD_yqjC_predicted,1.3,21,9,ATAGTAGCCCACGAAAGATT,12,5191306
yqjE_yqjK_yqjD_yqjC_predicted,2.9,37,9,ATAGCCGCGACAGAATTATA,28,5177935
yqjE_yqjK_yqjD_yqjC_predicted,1.3,21,9,ATACCGATACTGTCCGGACG,12,5194139
yqjE_yqjK_yqjD_yqjC_predicted,0.9,17,9,ATACCCCCGGACTTTAAAAT,8,5175713
yqjE_yqjK_yqjD_yqjC_predicted,0.2,10,9,ATAATGTGCTCCAAAGCTAG,1,5253943
yqjE_yqjK_yqjD_yqjC_predicted,0.4,12,9,ATAAGTTACGGGATTTGAGC,3,5210064
yqjE_yqjK_yqjD_yqjC_predicted,1.3,21,9,ATAACAGCTCCCTAGGTTTT,12,5255207
yqjE_yqjK_yqjD_yqjC_predicted,8.0,88,9,AGTTGTATCGTAGATACCGT,79,5255505
yqjE_yqjK_yqjD_yqjC_predicted,1.8,26,9,AGTGCCCTTACTTTGTCAAT,17,5223148
yqjE_yqjK_yqjD_yqjC_predicted,0.8,16,9,AGTGCACAGGTTATTTTCGA,7,5249530
yqjE_yqjK_yqjD_yqjC_predicted,0.2,10,9,AGTCACAATTCACGCCTGGA,1,5216713
yqjE_yqjK_yqjD_yqjC_predicted,0.3,11,9,AGTACTCTTATTGTAGAATA,2,5244751
yqjE_yqjK_yqjD_yqjC_predicted,0.6,14,9,AGTACGGTAAACACACCAGT,5,5249413
yqjE_yqjK_yqjD_yqjC_predicted,0.4,12,9,AGGGTCACTAACTGGTCGGC,3,5247635
yqjE_yqjK_yqjD_yqjC_predicted,0.5,13,9,AGGGGTTGAGCCACGGTGGA,4,5182832
yqjE_yqjK_yqjD_yqjC_predicted,0.8,16,9,AGGGAATTACAACGACTGTA,7,5214192
yqjE_yqjK_yqjD_yqjC_predicted,0.2,10,9,AGGCTGGGGCCTAGTCGCTC,1,5250996
yqjE_yqjK_yqjD_yqjC_predicted,0.8,16,9,AGGCTCGGAGTTACCCTATT,7,5249759
yqjE_yqjK_yqjD_yqjC_predicted,0.2,10,9,AGGCCGAGCGCTGGAACAAT,1,5211664
yqjE_yqjK_yqjD_yqjC_predicted,0.2,10,9,AGGAGAGGCCTCGGAATTGC,1,5173977
yqjE_yqjK_yqjD_yqjC_predicted,1.7,25,9,AGGACCGATTAAGGTGTACT,16,5175134
yqjE_yqjK_yqjD_yqjC_predicted,1.8,26,9,AGCTCTTCTTTAATTGCCCA,17,5229982
yqjE_yqjK_yqjD_yqjC_predicted,1.1,19,9,AGCTCTAGGCCGTGCACCCA,10,5177999
yqjE_yqjK_yqjD_yqjC_predicted,2.4,32,9,AGCTCCCCTGAGTGCGTCGA,23,5245883
yqjE_yqjK_yqjD_yqjC_predicted,1.9,27,9,AGCGAAGACCGACCGATTAT,18,5204074
yqjE_yqjK_yqjD_yqjC_predicted,0.7,15,9,AGCCGCGGCTCTGTATTGAC,6,5172651
yqjE_yqjK_yqjD_yqjC_predicted,1.7,25,9,AGCCAAACTCTGGGATAATT,16,5181027
yqjE_yqjK_yqjD_yqjC_predicted,0.2,10,9,AGCAGTTGCTGAGCGCCCAG,1,5202138
yqjE_yqjK_yqjD_yqjC_predicted,0.2,10,9,AGCAATGTAAAGCATACGAT,1,5228527
yqjE_yqjK_yqjD_yqjC_predicted,0.3,11,9,AGATACAATGACGAAGCAAA,2,5229570
yqjE_yqjK_yqjD_yqjC_predicted,1.7,25,9,AGAGTCCATGAACTAAGTCC,16,5219927
yqjE_yqjK_yqjD_yqjC_predicted,0.5,13,9,AGAGATTCTTTCTGAATAAC,4,5209741
yqjE_yqjK_yqjD_yqjC_predicted,0.2,10,9,AGAACTAGGCGTTTCCGTGC,1,5220101
yqjE_yqjK_yqjD_yqjC_predicted,2.9,37,9,ACTTGTGTTCCGTAGTATAT,28,5221845
yqjE_yqjK_yqjD_yqjC_predicted,1.5,23,9,ACTTCGCCGTTTAGCAAATA,14,5210112
yqjE_yqjK_yqjD_yqjC_predicted,1.2,20,9,ACTTCGCACGTATTCTAAAC,11,5232179
yqjE_yqjK_yqjD_yqjC_predicted,1.7,25,9,ACTGGGGATCTGAGGCGCTA,16,5181947
yqjE_yqjK_yqjD_yqjC_predicted,1.6,24,9,ACTGGATGGCTAAATGCTAT,15,5221289
yqjE_yqjK_yqjD_yqjC_predicted,1.8,26,9,ACTGCCAATAACGACCGCGT,17,5235408
yqjE_yqjK_yqjD_yqjC_predicted,0.2,10,9,ACTCGATTGAATCGGCCATT,1,5173028
yqjE_yqjK_yqjD_yqjC_predicted,0.7,15,9,ACTCAAATACGGCATGAGAC,6,5244253
yqjE_yqjK_yqjD_yqjC_predicted,1.9,27,9,ACTATCGACGATACAGGCAA,18,5249109
yqjE_yqjK_yqjD_yqjC_predicted,1.0,18,9,ACTACTTTCATCATAAAGAC,9,5177755
yqjE_yqjK_yqjD_yqjC_predicted,1.8,26,9,ACGTGTTTTTACAGGCGCGA,17,5210972
yqjE_yqjK_yqjD_yqjC_predicted,1.4,22,9,ACGTGACCCGAGGGGAAATC,13,5218139
yqjE_yqjK_yqjD_yqjC_predicted,0.8,16,9,ACGTCAGTCATGGTATAACA,7,5252962
yqjE_yqjK_yqjD_yqjC_predicted,1.3,21,9,ACGTATTGGTACATCTTGGT,12,5220132
yqjE_yqjK_yqjD_yqjC_predicted,0.2,10,9,ACGGTTCGACCTTGGAGGAC,1,5194868
yqjE_yqjK_yqjD_yqjC_predicted,1.3,21,9,ACGGCAGAGAGGTCGGATAG,12,5227986
yqjE_yqjK_yqjD_yqjC_predicted,0.2,10,9,ACGGACTGAATGGAGACTAA,1,5210241
yqjE_yqjK_yqjD_yqjC_predicted,1.5,23,9,ACGCTCGACCCATCCTAGCT,14,5262754
yqjE_yqjK_yqjD_yqjC_predicted,0.2,10,9,ACGCAGGATATCGGGCTTTT,1,5251580
yqjE_yqjK_yqjD_yqjC_predicted,1.5,23,9,ACGATTAGCTGGGGATGCGC,14,5204062
yqjE_yqjK_yqjD_yqjC_predicted,0.3,11,9,ACGATCGTTAAGCCGCTAGT,2,5197952
yqjE_yqjK_yqjD_yqjC_predicted,1.4,22,9,ACGATATTGGATAGCGCAGT,13,5257149
yqjE_yqjK_yqjD_yqjC_predicted,2.8,36,9,ACCTCGTCGATAGCCCTATT,27,5253143
yqjE_yqjK_yqjD_yqjC_predicted,2.6,34,9,ACCTCATTGTTACTCGACGA,25,5212602
yqjE_yqjK_yqjD_yqjC_predicted,2.3,31,9,ACCGGCATACCGCCGTGGTA,22,5254242
yqjE_yqjK_yqjD_yqjC_predicted,2.7,35,9,ACCATACGCTTCAGCCCGGA,26,5201181
yqjE_yqjK_yqjD_yqjC_predicted,1.1,19,9,ACCAGAAGCCCCGAAGCGCG,10,5210219
yqjE_yqjK_yqjD_yqjC_predicted,0.5,13,9,ACCACCTCTTCATGGTAGCG,4,5257028
yqjE_yqjK_yqjD_yqjC_predicted,0.2,10,9,ACCAATCGCTGCCTATTTTT,1,5242792
yqjE_yqjK_yqjD_yqjC_predicted,2.6,34,9,ACATTCAGGTACACCCGGTA,25,5181637
yqjE_yqjK_yqjD_yqjC_predicted,2.0,28,9,ACATCCGATCGACCCTTATT,19,5207759
yqjE_yqjK_yqjD_yqjC_predicted,0.8,16,9,ACAGGCATCAGCGAGGGTAA,7,5217550
yqjE_yqjK_yqjD_yqjC_predicted,0.3,11,9,ACACTATGAGTGGCAGAAGG,2,5232772
yqjE_yqjK_yqjD_yqjC_predicted,0.5,13,9,ACACATGCAAGGTGGCGGCA,4,5223714
yqjE_yqjK_yqjD_yqjC_predicted,0.5,13,9,ACACAGAGATTTAGGCTACC,4,5174241
yqjE_yqjK_yqjD_yqjC_predicted,0.9,17,9,ACACAACGGTATACCGCGTT,8,5234889
yqjE_yqjK_yqjD_yqjC_predicted,0.9,17,9,AATTCATATAGTCAAGATAG,8,5216665
yqjE_yqjK_yqjD_yqjC_predicted,3.2,40,9,AATGCTTGCTCTAATACGTG,31,5180694
yqjE_yqjK_yqjD_yqjC_predicted,0.3,11,9,AATCTTTCGCCTGCTGGCGC,2,5243116
yqjE_yqjK_yqjD_yqjC_predicted,0.5,13,9,AATCTCCGATAAATACATAT,4,5262478
yqjE_yqjK_yqjD_yqjC_predicted,1.6,24,9,AATCCCAAGGTGAGACATAC,15,5171206
yqjE_yqjK_yqjD_yqjC_predicted,1.2,20,9,AATAAAGGAGGGCAACTCCA,11,5196020
yqjE_yqjK_yqjD_yqjC_predicted,0.6,14,9,AAGTGGCTGGTAATGCGCCG,5,5175550
yqjE_yqjK_yqjD_yqjC_predicted,2.6,34,9,AAGTGATATAGCGGTCGCAT,25,5173150
yqjE_yqjK_yqjD_yqjC_predicted,0.7,15,9,AAGTACCCCGCGGCCCCATA,6,5184946
yqjE_yqjK_yqjD_yqjC_predicted,1.3,21,9,AAGGCCCCCTTGACTCCCTT,12,5176548
yqjE_yqjK_yqjD_yqjC_predicted,0.9,17,9,AAGGAACTTGCTATGTGCAA,8,5253530
yqjE_yqjK_yqjD_yqjC_predicted,2.4,32,9,AAGCCCTACTAAGCCGCCTC,23,5188163
yqjE_yqjK_yqjD_yqjC_predicted,0.6,14,9,AAGCAAATGGTCTGGATCAG,5,5208674
yqjE_yqjK_yqjD_yqjC_predicted,1.7,25,9,AACTTTCGAATAATGTGTCA,16,5238308
yqjE_yqjK_yqjD_yqjC_predicted,0.6,14,9,AACTCCGCAACGGGAAAAAC,5,5175686
yqjE_yqjK_yqjD_yqjC_predicted,0.8,16,9,AACGTTTAGGGACTCTTAAT,7,5253778
yqjE_yqjK_yqjD_yqjC_predicted,0.5,13,9,AACGCACGGCCTTGGACTTT,4,5184760
yqjE_yqjK_yqjD_yqjC_predicted,3.5,43,9,AACCTAGTTCGGATGCCCTC,34,5230342
yqjE_yqjK_yqjD_yqjC_predicted,0.2,10,9,AACAATATCCCCAGATTTCC,1,5189046
yqjE_yqjK_yqjD_yqjC_predicted,0.6,14,9,AAATTAATGCCTCAGGGAGA,5,5180714
yqjE_yqjK_yqjD_yqjC_predicted,1.0,18,9,AAATCATATTTACTTTCAAA,9,5201300
yqjE_yqjK_yqjD_yqjC_predicted,0.7,15,9,AAATACAGGTAGGAACTGGG,6,5213257
yqjE_yqjK_yqjD_yqjC_predicted,2.1,29,9,AAAGTCGGTAGGTAAGGTCC,20,5191340
yqjE_yqjK_yqjD_yqjC_predicted,1.2,20,9,AAAGGGAAGCAAAGTTGTGT,11,5190691
yqjE_yqjK_yqjD_yqjC_predicted,0.4,12,9,AAACTTCAAAACGACCACGT,3,5241678
yqjE_yqjK_yqjD_yqjC_predicted,0.6,14,9,AAACTCAGCTACTGGACCGA,5,5181305
yqjE_yqjK_yqjD_yqjC_predicted,1.1,19,9,AAACGCTCGTATTATTTTCT,10,5254688
yqjE_yqjK_yqjD_yqjC_predicted,0.3,11,9,AAACCTTCCATCGGTTCTCG,2,5199921
yqjE_yqjK_yqjD_yqjC_predicted,0.9,17,9,AAACCTCCTGGGCCTTTTGC,8,5215755
yqjE_yqjK_yqjD_yqjC_predicted,0.4,12,9,AAACAGAAGAGTGTAGTAGA,3,5211628
yqjE_yqjK_yqjD_yqjC_predicted,0.5,13,9,AAAATGAGACATTTTAGGGC,4,5249720
yqjE_yqjK_yqjD_yqjC_predicted,2.0,28,9,AAAAGTATGAATCGGGGAAG,19,5174196
yqjE_yqjK_yqjD_yqjC_predicted,0.3333333333333333,10,8,TTTTTTAGTCTGACGGTCCC,2,5206939
yqjE_yqjK_yqjD_yqjC_predicted,2.888888888888889,33,8,TTTTGTTCCTCGTATTAATT,25,5203354
yqjE_yqjK_yqjD_yqjC_predicted,0.4444444444444444,11,8,TTTTGCTGCTTGCCAGCGTC,3,5244516
yqjE_yqjK_yqjD_yqjC_predicted,0.2222222222222222,9,8,TTTTGACAGAGCACGCATCC,1,5227040
yqjE_yqjK_yqjD_yqjC_predicted,0.4444444444444444,11,8,TTTTACGGTGAGTGTTTATG,3,5178451
yqjE_yqjK_yqjD_yqjC_predicted,2.0,25,8,TTTGCCTTCAATAGCCGTCT,17,5239282
yqjE_yqjK_yqjD_yqjC_predicted,2.5555555555555554,30,8,TTTGACATCTGGTGCGACGC,22,5212128
yqjE_yqjK_yqjD_yqjC_predicted,1.3333333333333333,19,8,TTTCTGGCGAAAATCCACGA,11,5218588
yqjE_yqjK_yqjD_yqjC_predicted,0.4444444444444444,11,8,TTTCGGAAGGAAGTTGTGAC,3,5207397
yqjE_yqjK_yqjD_yqjC_predicted,1.3333333333333333,19,8,TTTCCTCCCTTCCAGCCATG,11,5231478
yqjE_yqjK_yqjD_yqjC_predicted,1.4444444444444444,20,8,TTTCCAACTGGCGAAGCGTA,12,5197297
yqjE_yqjK_yqjD_yqjC_predicted,1.6666666666666667,22,8,TTTACATCATCGATTGCTGA,14,5193822
yqjE_yqjK_yqjD_yqjC_predicted,1.2222222222222223,18,8,TTTAATCCTGGGTAGGTGTG,10,5204877
yqjE_yqjK_yqjD_yqjC_predicted,2.4444444444444446,29,8,TTTAATCAATTCGCCCAACT,21,5220981
yqjE_yqjK_yqjD_yqjC_predicted,3.0,34,8,TTTAAATCTGTTGTTCTAAT,26,5234657
yqjE_yqjK_yqjD_yqjC_predicted,4.0,43,8,TTGTTCCTAATCTCACGTTT,35,5184469
yqjE_yqjK_yqjD_yqjC_predicted,1.0,16,8,TTGTCTTGACTCATCGCGAA,8,5245117
yqjE_yqjK_yqjD_yqjC_predicted,2.0,25,8,TTGGTTTAGACGACGCCTTC,17,5187713
yqjE_yqjK_yqjD_yqjC_predicted,0.3333333333333333,10,8,TTGGGACCGGTTGAGTTTTC,2,5183246
yqjE_yqjK_yqjD_yqjC_predicted,0.8888888888888888,15,8,TTGGAGGTGATATGGTGAGG,7,5198244
yqjE_yqjK_yqjD_yqjC_predicted,1.0,16,8,TTGGAGCAGCTCCAAGCCAC,8,5234168
yqjE_yqjK_yqjD_yqjC_predicted,0.2222222222222222,9,8,TTGGACTGTGCATTATTTAG,1,5207757
yqjE_yqjK_yqjD_yqjC_predicted,1.2222222222222223,18,8,TTGGACCCTTCAGAAGTGAG,10,5176106
yqjE_yqjK_yqjD_yqjC_predicted,0.4444444444444444,11,8,TTGCCAAGCTCCTCACCGTA,3,5180986
yqjE_yqjK_yqjD_yqjC_predicted,4.111111111111111,44,8,TTGATAGACAACGCTGGAGG,36,5205440
yqjE_yqjK_yqjD_yqjC_predicted,0.2222222222222222,9,8,TTGACCCGAAAGATATGGTG,1,5177683
yqjE_yqjK_yqjD_yqjC_predicted,1.6666666666666667,22,8,TTCTGCAGTGGGCGGGGGAG,14,5226758
yqjE_yqjK_yqjD_yqjC_predicted,0.2222222222222222,9,8,TTCGTCTACGGTTCACAGTA,1,5172454
yqjE_yqjK_yqjD_yqjC_predicted,0.7777777777777778,14,8,TTCGCCGTCCCGCTCATCAA,6,5250534
yqjE_yqjK_yqjD_yqjC_predicted,4.555555555555555,48,8,TTCATCATCGTAGGTAAGAA,40,5249192
yqjE_yqjK_yqjD_yqjC_predicted,4.444444444444445,47,8,TTCATAACGAACCGAATCCT,39,5198261
yqjE_yqjK_yqjD_yqjC_predicted,2.5555555555555554,30,8,TTCACTATATACCGACCGGG,22,5251913
yqjE_yqjK_yqjD_yqjC_predicted,0.2222222222222222,9,8,TTCAAACGGATGTGCGTGGT,1,5235088
yqjE_yqjK_yqjD_yqjC_predicted,2.4444444444444446,29,8,TTATGATTTAATGGCTTTCT,21,5237818
yqjE_yqjK_yqjD_yqjC_predicted,0.3333333333333333,10,8,TTAGTCTGGGCTCAGCCCAA,2,5175028
yqjE_yqjK_yqjD_yqjC_predicted,2.3333333333333335,28,8,TTAGTCGGGTGTCTTAAAGC,20,5199614
yqjE_yqjK_yqjD_yqjC_predicted,0.6666666666666666,13,8,TTAGGTTTGCCACTTGGAGT,5,5204146
yqjE_yqjK_yqjD_yqjC_predicted,3.3333333333333335,37,8,TTAGCGTCCGACCACTGCCC,29,5204717
yqjE_yqjK_yqjD_yqjC_predicted,4.333333333333333,46,8,TTAGCGGGTCAGCAAACTCG,38,5206192
yqjE_yqjK_yqjD_yqjC_predicted,2.3333333333333335,28,8,TTAGCCAATGTGGTCAGAAG,20,5200645
yqjE_yqjK_yqjD_yqjC_predicted,2.6666666666666665,31,8,TTACTAACATGCCGGGTGGA,23,5257343
yqjE_yqjK_yqjD_yqjC_predicted,2.4444444444444446,29,8,TTACCCCGATCCCTGGGATA,21,5217027
yqjE_yqjK_yqjD_yqjC_predicted,0.2222222222222222,9,8,TTACAGTCAGACCGGCACTA,1,5176902
yqjE_yqjK_yqjD_yqjC_predicted,2.4444444444444446,29,8,TTAATGATGGGTCATCGAGG,21,5244688
yqjE_yqjK_yqjD_yqjC_predicted,0.2222222222222222,9,8,TTAATAGGATGTGCCGAACT,1,5228730
yqjE_yqjK_yqjD_yqjC_predicted,1.0,16,8,TTAACGGGTGAAGCGCTTGT,8,5213699
yqjE_yqjK_yqjD_yqjC_predicted,0.7777777777777778,14,8,TTAACGGCGGATATTATTCC,6,5250477
yqjE_yqjK_yqjD_yqjC_predicted,0.2222222222222222,9,8,TTAACATTAAGCCCGACGGT,1,5181723
yqjE_yqjK_yqjD_yqjC_predicted,1.2222222222222223,18,8,TGTTTTCTCAAGTACTTCGG,10,5211463
yqjE_yqjK_yqjD_yqjC_predicted,1.4444444444444444,20,8,TGTTCTTAACCCGCACATGA,12,5243620
yqjE_yqjK_yqjD_yqjC_predicted,0.2222222222222222,9,8,TGTTCCTCCAAACCAGGGTC,1,5230071
yqjE_yqjK_yqjD_yqjC_predicted,0.8888888888888888,15,8,TGTGGGGGTATCAGGCGCGC,7,5218771
yqjE_yqjK_yqjD_yqjC_predicted,1.1111111111111112,17,8,TGTGCACTGGGGGCTGTCTA,9,5220390
yqjE_yqjK_yqjD_yqjC_predicted,0.4444444444444444,11,8,TGTGAGGACGGCTGGTTTAG,3,5232609
yqjE_yqjK_yqjD_yqjC_predicted,0.8888888888888888,15,8,TGTGAAGGCTAAATGCAAAG,7,5177439
yqjE_yqjK_yqjD_yqjC_predicted,0.4444444444444444,11,8,TGTCTAGGCCTCTTGGCTCC,3,5227815
yqjE_yqjK_yqjD_yqjC_predicted,1.2222222222222223,18,8,TGTACTGAACGTCTGAAACT,10,5239443
yqjE_yqjK_yqjD_yqjC_predicted,1.6666666666666667,22,8,TGGTTTTCCGGACAGGTTAA,14,5207351
yqjE_yqjK_yqjD_yqjC_predicted,1.4444444444444444,20,8,TGGTTCATATAAAAGGCGTC,12,5247532
yqjE_yqjK_yqjD_yqjC_predicted,2.3333333333333335,28,8,TGGTCCTATTATATAACCAT,20,5193484
yqjE_yqjK_yqjD_yqjC_predicted,2.7777777777777777,32,8,TGGGCATGTACCACCAATTG,24,5251677
yqjE_yqjK_yqjD_yqjC_predicted,3.3333333333333335,37,8,TGGCTGGTTAGAGCGCGTAT,29,5204253
yqjE_yqjK_yqjD_yqjC_predicted,0.8888888888888888,15,8,TGGCTACTTTTAGTCGAGTT,7,5201138
yqjE_yqjK_yqjD_yqjC_predicted,2.3333333333333335,28,8,TGGCCCTAGGTACCGCGGAG,20,5241431
yqjE_yqjK_yqjD_yqjC_predicted,3.0,34,8,TGGCCCGTTCCGCTTTGTCG,26,5221156
yqjE_yqjK_yqjD_yqjC_predicted,0.5555555555555556,12,8,TGGCAGGTATTATGCGCATT,4,5261258
yqjE_yqjK_yqjD_yqjC_predicted,2.111111111111111,26,8,TGGCACCGACCCTCTGCTTG,18,5250994
yqjE_yqjK_yqjD_yqjC_predicted,4.444444444444445,47,8,TGGAGCTTGATACACTACCA,39,5171632
yqjE_yqjK_yqjD_yqjC_predicted,1.6666666666666667,22,8,TGGAACGCACTGGTATATGG,14,5183800
yqjE_yqjK_yqjD_yqjC_predicted,4.666666666666667,49,8,TGCTTATGCAGAGTATGTCA,41,5249223
yqjE_yqjK_yqjD_yqjC_predicted,0.2222222222222222,9,8,TGCTAGGTTGCTACAACGCC,1,5192268
yqjE_yqjK_yqjD_yqjC_predicted,1.0,16,8,TGCGTTCAATTGCCGTGTGG,8,5240070
yqjE_yqjK_yqjD_yqjC_predicted,2.0,25,8,TGCGCACTTGAAAACCGGCG,17,5199133
yqjE_yqjK_yqjD_yqjC_predicted,0.4444444444444444,11,8,TGCGATCACGTAGTAAATAA,3,5248188
yqjE_yqjK_yqjD_yqjC_predicted,0.3333333333333333,10,8,TGCCGAGCGGCGGAACGCTC,2,5212133
yqjE_yqjK_yqjD_yqjC_predicted,0.6666666666666666,13,8,TGCCCTTTTCGTTTGCCTTT,5,5211146
yqjE_yqjK_yqjD_yqjC_predicted,2.4444444444444446,29,8,TGCCAGGATATTAGAGAGCG,21,5218644
yqjE_yqjK_yqjD_yqjC_predicted,2.0,25,8,TGCATTCCAAACCTCCACCA,17,5244527
yqjE_yqjK_yqjD_yqjC_predicted,0.2222222222222222,9,8,TGCATAGCGGGCCGACGTAC,1,5237974
yqjE_yqjK_yqjD_yqjC_predicted,2.111111111111111,26,8,TGCAAGATTCTTTTTGTTTT,18,5242639
yqjE_yqjK_yqjD_yqjC_predicted,0.3333333333333333,10,8,TGCAAAAGTAGGCCGTCACA,2,5179094
yqjE_yqjK_yqjD_yqjC_predicted,2.4444444444444446,29,8,TGATCATAATATTAAAAGCT,21,5171374
yqjE_yqjK_yqjD_yqjC_predicted,0.3333333333333333,10,8,TGATAGACTTCAAGACATTC,2,5175168
yqjE_yqjK_yqjD_yqjC_predicted,2.111111111111111,26,8,TGATAACTCCGAGCCGGTGC,18,5205895
yqjE_yqjK_yqjD_yqjC_predicted,1.1111111111111112,17,8,TGAGATCCAGAAAATCAAAC,9,5234290
yqjE_yqjK_yqjD_yqjC_predicted,0.3333333333333333,10,8,TGAAGCGGATTGCGCTGTAA,2,5195139
yqjE_yqjK_yqjD_yqjC_predicted,0.5555555555555556,12,8,TGAACTTAACTACGGAACTC,4,5184407
yqjE_yqjK_yqjD_yqjC_predicted,1.7777777777777777,23,8,TCTTTTACGGGATGCTATCA,15,5172725
yqjE_yqjK_yqjD_yqjC_predicted,1.5555555555555556,21,8,TCTTACTACGTTACTACGTT,13,5193629
yqjE_yqjK_yqjD_yqjC_predicted,1.6666666666666667,22,8,TCTGTAACAGGTATCGGTAG,14,5254991
yqjE_yqjK_yqjD_yqjC_predicted,1.6666666666666667,22,8,TCTGGTCGTGGAATATTGCT,14,5175169
yqjE_yqjK_yqjD_yqjC_predicted,0.2222222222222222,9,8,TCTGGCTTGGCCTCGCAAAA,1,5256547
yqjE_yqjK_yqjD_yqjC_predicted,1.0,16,8,TCTGCACCGGGTAATGTTCC,8,5173480
yqjE_yqjK_yqjD_yqjC_predicted,1.4444444444444444,20,8,TCTGAAGCAGGATGTGTAGT,12,5214334
yqjE_yqjK_yqjD_yqjC_predicted,3.111111111111111,35,8,TCTCTACTGCGGAAACCTCT,27,5231825
yqjE_yqjK_yqjD_yqjC_predicted,3.111111111111111,35,8,TCTCGTTCGCATCGGTCCCT,27,5230496
yqjE_yqjK_yqjD_yqjC_predicted,2.0,25,8,TCTCCTGGGGAAGTGGCGCT,17,5234910
yqjE_yqjK_yqjD_yqjC_predicted,1.3333333333333333,19,8,TCTCAGGGACGTTCTTTCGC,11,5226677
yqjE_yqjK_yqjD_yqjC_predicted,4.555555555555555,48,8,TCTCACATCTTGTCAACTGG,40,5253998
yqjE_yqjK_yqjD_yqjC_predicted,1.4444444444444444,20,8,TCTATTCGGAAGCTGGGACT,12,5193864
yqjE_yqjK_yqjD_yqjC_predicted,1.1111111111111112,17,8,TCTATCGGGGGCTAGACGTA,9,5217785
yqjE_yqjK_yqjD_yqjC_predicted,0.5555555555555556,12,8,TCTACGGGGCCAGGAGGCGC,4,5176889
yqjE_yqjK_yqjD_yqjC_predicted,0.2222222222222222,9,8,TCGTGGGCTTAACGCCTTCT,1,5196510
yqjE_yqjK_yqjD_yqjC_predicted,3.111111111111111,35,8,TCGTGCTTCGTGGTCTCAGA,27,5188996
yqjE_yqjK_yqjD_yqjC_predicted,1.1111111111111112,17,8,TCGGTGTGACGTCCCCGATG,9,5204520
yqjE_yqjK_yqjD_yqjC_predicted,0.5555555555555556,12,8,TCGGTATATCAGGCATCACG,4,5227458
yqjE_yqjK_yqjD_yqjC_predicted,0.3333333333333333,10,8,TCGGGTCTGGAACTAAAGTC,2,5177238
yqjE_yqjK_yqjD_yqjC_predicted,0.3333333333333333,10,8,TCGGGTCGGCCGGCTTTGAA,2,5174875
yqjE_yqjK_yqjD_yqjC_predicted,0.3333333333333333,10,8,TCGGCGGGACTCCTGCTCTC,2,5178069
yqjE_yqjK_yqjD_yqjC_predicted,1.6666666666666667,22,8,TCGACTACTACTGAGTGAAT,14,5211604
yqjE_yqjK_yqjD_yqjC_predicted,4.777777777777778,50,8,TCGACAACTTTCCTCCTCGT,42,5174146
yqjE_yqjK_yqjD_yqjC_predicted,1.7777777777777777,23,8,TCCTTTGGACTCCTGTATAC,15,5201610
yqjE_yqjK_yqjD_yqjC_predicted,1.2222222222222223,18,8,TCCTTAACACAGGCGTCTGG,10,5249952
yqjE_yqjK_yqjD_yqjC_predicted,1.5555555555555556,21,8,TCCTGGAAATGTGATTCCTT,13,5172679
yqjE_yqjK_yqjD_yqjC_predicted,1.5555555555555556,21,8,TCCTAATGCTTACGGTATTC,13,5239804
yqjE_yqjK_yqjD_yqjC_predicted,0.6666666666666666,13,8,TCCGGATCGGTAGAAGAACC,5,5193808
yqjE_yqjK_yqjD_yqjC_predicted,1.7777777777777777,23,8,TCCGATATAGAGGGATCCGG,15,5213069
yqjE_yqjK_yqjD_yqjC_predicted,0.5555555555555556,12,8,TCCGAGCTCCCGGAGTTATA,4,5186895
yqjE_yqjK_yqjD_yqjC_predicted,2.111111111111111,26,8,TCCCTTTAGGACTTAACTCT,18,5233509
yqjE_yqjK_yqjD_yqjC_predicted,2.2222222222222223,27,8,TCCCTCTTTTAAGTTGCACT,19,5248737
yqjE_yqjK_yqjD_yqjC_predicted,0.4444444444444444,11,8,TCCCCAGGGTGCTCCTGACA,3,5238355
yqjE_yqjK_yqjD_yqjC_predicted,4.0,43,8,TCCACGAACCTCCTTGGTCC,35,5248786
yqjE_yqjK_yqjD_yqjC_predicted,0.5555555555555556,12,8,TCATGCAGTTCGGAGACTGG,4,5240121
yqjE_yqjK_yqjD_yqjC_predicted,0.5555555555555556,12,8,TCATCATGGGTTTGGCAAAG,4,5181737
yqjE_yqjK_yqjD_yqjC_predicted,0.2222222222222222,9,8,TCAGCTGCTTTAAACGGTAG,1,5229930
yqjE_yqjK_yqjD_yqjC_predicted,1.6666666666666667,22,8,TCAGACCTTTAGTCATTCGT,14,5229682
yqjE_yqjK_yqjD_yqjC_predicted,1.8888888888888888,24,8,TCACTGGGAGACCAGGAAGG,16,5260174
yqjE_yqjK_yqjD_yqjC_predicted,0.2222222222222222,9,8,TCACCTTACGCAACGGGGTG,1,5216948
yqjE_yqjK_yqjD_yqjC_predicted,0.6666666666666666,13,8,TCAATCGAACACTAAAAGGA,5,5193438
yqjE_yqjK_yqjD_yqjC_predicted,3.0,34,8,TCAAGATACTGGTCTACCGT,26,5210751
yqjE_yqjK_yqjD_yqjC_predicted,1.1111111111111112,17,8,TCAACCTCTTGGGCAGATGT,9,5173618
yqjE_yqjK_yqjD_yqjC_predicted,0.2222222222222222,9,8,TCAACCTCGGGACCCGTTGA,1,5220638
yqjE_yqjK_yqjD_yqjC_predicted,0.8888888888888888,15,8,TATTCCAAGGCGTTACTAAC,7,5180941
yqjE_yqjK_yqjD_yqjC_predicted,0.4444444444444444,11,8,TATTCACTATTTTTAGCGGT,3,5223436
yqjE_yqjK_yqjD_yqjC_predicted,2.5555555555555554,30,8,TATTATCCAAGCACCCCCCA,22,5259917
yqjE_yqjK_yqjD_yqjC_predicted,0.5555555555555556,12,8,TATGTGTCGTGGTCTGCATT,4,5226982
yqjE_yqjK_yqjD_yqjC_predicted,2.5555555555555554,30,8,TATGTAGCCACATTGTCCTT,22,5195886
yqjE_yqjK_yqjD_yqjC_predicted,0.3333333333333333,10,8,TATGACAAAAGGGCTAAATG,2,5243567
yqjE_yqjK_yqjD_yqjC_predicted,1.3333333333333333,19,8,TATCTCTTGCAGACGCGATG,11,5178760
yqjE_yqjK_yqjD_yqjC_predicted,1.8888888888888888,24,8,TATCCGAGCTCCGAAAGCTC,16,5235716
yqjE_yqjK_yqjD_yqjC_predicted,1.3333333333333333,19,8,TATCAACCGGGTGAAAACTC,11,5205952
yqjE_yqjK_yqjD_yqjC_predicted,1.7777777777777777,23,8,TATAGACTGTTAACGACGAT,15,5228686
yqjE_yqjK_yqjD_yqjC_predicted,4.222222222222222,45,8,TAGCTTCCCCGCATCGGCAA,37,5225829
yqjE_yqjK_yqjD_yqjC_predicted,0.4444444444444444,11,8,TAGCGTCGCAACGTGTCATA,3,5238144
yqjE_yqjK_yqjD_yqjC_predicted,0.8888888888888888,15,8,TAGCGGCTCAGCCGCTTCGC,7,5173981
yqjE_yqjK_yqjD_yqjC_predicted,2.3333333333333335,28,8,TAGCCTGATCTGAGGATTAG,20,5251802
yqjE_yqjK_yqjD_yqjC_predicted,0.5555555555555556,12,8,TACTCATGCATCGTCTGGCG,4,5251748
yqjE_yqjK_yqjD_yqjC_predicted,0.3333333333333333,10,8,TACTAAGCGCCCATTTCCCA,2,5195773
yqjE_yqjK_yqjD_yqjC_predicted,2.7777777777777777,32,8,TACCTTGTTTTGCGCCATGC,24,5183028
yqjE_yqjK_yqjD_yqjC_predicted,2.4444444444444446,29,8,TACCTTCCGCAAGATCAGGA,21,5191677
yqjE_yqjK_yqjD_yqjC_predicted,0.3333333333333333,10,8,TACCTCATCCGACGATAGAG,2,5238667
yqjE_yqjK_yqjD_yqjC_predicted,0.5555555555555556,12,8,TACCTATTTGTGCATCTAGG,4,5220532
yqjE_yqjK_yqjD_yqjC_predicted,0.2222222222222222,9,8,TACCTACGCTGGCCTAACTA,1,5221270
yqjE_yqjK_yqjD_yqjC_predicted,0.4444444444444444,11,8,TACCGCCTGTTCCCGGCGAT,3,5213793
yqjE_yqjK_yqjD_yqjC_predicted,0.7777777777777778,14,8,TACCACATCAGTGGCCTTCG,6,5176146
yqjE_yqjK_yqjD_yqjC_predicted,3.3333333333333335,37,8,TACATTCAGGGTAAAGCCCT,29,5196202
yqjE_yqjK_yqjD_yqjC_predicted,2.6666666666666665,31,8,TACAGAGTCCAGTCCCGTTT,23,5232242
yqjE_yqjK_yqjD_yqjC_predicted,2.111111111111111,26,8,TACACCACCTCCTTGCGTCA,18,5179447
yqjE_yqjK_yqjD_yqjC_predicted,0.7777777777777778,14,8,TAATTTCTCGACCATCTGTT,6,5193441
yqjE_yqjK_yqjD_yqjC_predicted,1.0,16,8,TAAGGCTCTTTTGGACTCAA,8,5176350
yqjE_yqjK_yqjD_yqjC_predicted,1.3333333333333333,19,8,TAAGGATCTCACACGATGAG,11,5204161
yqjE_yqjK_yqjD_yqjC_predicted,2.6666666666666665,31,8,TAAGACGCGCGTACGGGCCT,23,5244313
yqjE_yqjK_yqjD_yqjC_predicted,0.3333333333333333,10,8,TAACGGTTACCACATTACCT,2,5256961
yqjE_yqjK_yqjD_yqjC_predicted,4.111111111111111,44,8,TAACCATCTAGGTGTTTACG,36,5232266
yqjE_yqjK_yqjD_yqjC_predicted,3.2222222222222223,36,8,TAACATGGGTCAGAGTCATT,28,5255542
yqjE_yqjK_yqjD_yqjC_predicted,0.8888888888888888,15,8,TAAATCTCAGTTGGTGAACC,7,5234365
yqjE_yqjK_yqjD_yqjC_predicted,0.7777777777777778,14,8,TAAACGCTCCCATCCTCGAT,6,5250315
yqjE_yqjK_yqjD_yqjC_predicted,2.2222222222222223,27,8,TAAACCCGGGCGGGGGAGAA,19,5194568
yqjE_yqjK_yqjD_yqjC_predicted,1.2222222222222223,18,8,TAAAAGGCCCCGTCTTCTAC,10,5259371
yqjE_yqjK_yqjD_yqjC_predicted,0.4444444444444444,11,8,GTTTTTACATAACGGCAACT,3,5235206
yqjE_yqjK_yqjD_yqjC_predicted,1.6666666666666667,22,8,GTTTGACACCGACATGGTTG,14,5243930
yqjE_yqjK_yqjD_yqjC_predicted,1.6666666666666667,22,8,GTTTCGGAAGCGGTGCGACA,14,5241279
yqjE_yqjK_yqjD_yqjC_predicted,0.2222222222222222,9,8,GTTTACTACTGCGAAATCCG,1,5230744
yqjE_yqjK_yqjD_yqjC_predicted,1.8888888888888888,24,8,GTTTACCTCCCGTTTGGTTC,16,5254044
yqjE_yqjK_yqjD_yqjC_predicted,0.3333333333333333,10,8,GTTTAATCTGTGTGCAAACG,2,5199945
yqjE_yqjK_yqjD_yqjC_predicted,1.1111111111111112,17,8,GTTGGTGGAGTCCCCCTCGA,9,5216993
yqjE_yqjK_yqjD_yqjC_predicted,0.2222222222222222,9,8,GTTGCCTTTAGAGTTGGGCG,1,5225489
yqjE_yqjK_yqjD_yqjC_predicted,5.0,52,8,GTTGACTTATCATTGCGGAT,44,5234495
yqjE_yqjK_yqjD_yqjC_predicted,1.4444444444444444,20,8,GTTGACCCAAAGTGCTGCAT,12,5207730
yqjE_yqjK_yqjD_yqjC_predicted,1.7777777777777777,23,8,GTTGACATTAGTCCTTGTTT,15,5208633
yqjE_yqjK_yqjD_yqjC_predicted,1.2222222222222223,18,8,GTTCCAAACCTAAAAGCAAC,10,5253102
yqjE_yqjK_yqjD_yqjC_predicted,0.3333333333333333,10,8,GTTCAGTCCAGCTCAATAGG,2,5194057
yqjE_yqjK_yqjD_yqjC_predicted,0.6666666666666666,13,8,GTTCAGCTAGGGAGCTCCTT,5,5189805
yqjE_yqjK_yqjD_yqjC_predicted,1.4444444444444444,20,8,GTTAAGTTTATTAAGGGTGA,12,5173758
yqjE_yqjK_yqjD_yqjC_predicted,1.0,16,8,GTGTTGTCAGATATATTTAG,8,5178948
yqjE_yqjK_yqjD_yqjC_predicted,2.0,25,8,GTGTGTTTCGCTGCACCTCA,17,5179244
yqjE_yqjK_yqjD_yqjC_predicted,6.0,61,8,GTGTCACACACAGAGAAGAC,53,5206060
yqjE_yqjK_yqjD_yqjC_predicted,1.2222222222222223,18,8,GTGTCAAATATCTCTTACTC,10,5221501
yqjE_yqjK_yqjD_yqjC_predicted,1.5555555555555556,21,8,GTGGTGCGACGCATGGACGA,13,5186347
yqjE_yqjK_yqjD_yqjC_predicted,0.4444444444444444,11,8,GTGGGTTTAAAAGACCGCCT,3,5207434
yqjE_yqjK_yqjD_yqjC_predicted,1.8888888888888888,24,8,GTGGGGGCAGGGCTGCCGTT,16,5208830
yqjE_yqjK_yqjD_yqjC_predicted,0.2222222222222222,9,8,GTGGCGGAATTCCTCTCAGT,1,5216139
yqjE_yqjK_yqjD_yqjC_predicted,0.2222222222222222,9,8,GTGCTGACAGCAACGACCTG,1,5260679
yqjE_yqjK_yqjD_yqjC_predicted,2.6666666666666665,31,8,GTGCGCGGGAAGAAATACTT,23,5225740
yqjE_yqjK_yqjD_yqjC_predicted,0.8888888888888888,15,8,GTGATTTGATGCGACTTTCT,7,5213311
yqjE_yqjK_yqjD_yqjC_predicted,1.7777777777777777,23,8,GTGATTGTCCCTGACGGTTC,15,5243101
yqjE_yqjK_yqjD_yqjC_predicted,2.111111111111111,26,8,GTGATCTATGGGCGTCGGTA,18,5205434
yqjE_yqjK_yqjD_yqjC_predicted,1.7777777777777777,23,8,GTGATCAAGCCACGTGGTAA,15,5209839
yqjE_yqjK_yqjD_yqjC_predicted,3.2222222222222223,36,8,GTGATACGGAAAGAAAAGAA,28,5233965
yqjE_yqjK_yqjD_yqjC_predicted,0.7777777777777778,14,8,GTGAGTCTCCGCTCGGAATA,6,5233103
yqjE_yqjK_yqjD_yqjC_predicted,0.8888888888888888,15,8,GTGAGGAATAAAGTTCTAAC,7,5171555
yqjE_yqjK_yqjD_yqjC_predicted,0.5555555555555556,12,8,GTGAATCAGTACATGGATAA,4,5209124
yqjE_yqjK_yqjD_yqjC_predicted,2.888888888888889,33,8,GTGAAAGGTAGTCCGCTCTT,25,5261517
yqjE_yqjK_yqjD_yqjC_predicted,0.3333333333333333,10,8,GTCTGGCGTAGGTGTCGGGT,2,5222121
yqjE_yqjK_yqjD_yqjC_predicted,0.2222222222222222,9,8,GTCTGCCTCGGCATTAAAAG,1,5237515
yqjE_yqjK_yqjD_yqjC_predicted,1.5555555555555556,21,8,GTCTGAGCACATGGATTGGA,13,5248507
yqjE_yqjK_yqjD_yqjC_predicted,2.888888888888889,33,8,GTCCCGAGCCGAACCCGAAT,25,5249953
yqjE_yqjK_yqjD_yqjC_predicted,0.2222222222222222,9,8,GTCATTGATCCTCCAATTGG,1,5186054
yqjE_yqjK_yqjD_yqjC_predicted,1.6666666666666667,22,8,GTCATCGATGTCAAGGGAGA,14,5191285
yqjE_yqjK_yqjD_yqjC_predicted,0.2222222222222222,9,8,GTCAGTGAATACGAGCTGGT,1,5170827
yqjE_yqjK_yqjD_yqjC_predicted,1.2222222222222223,18,8,GTATTTTAAATATTTTCCAT,10,5256449
yqjE_yqjK_yqjD_yqjC_predicted,0.5555555555555556,12,8,GTATGAACTAAAGGAGAGAT,4,5200802
yqjE_yqjK_yqjD_yqjC_predicted,0.3333333333333333,10,8,GTATCTGTACAAGTCGAGAT,2,5191930
yqjE_yqjK_yqjD_yqjC_predicted,0.6666666666666666,13,8,GTAGTTACGTGGCAACAGTG,5,5224116
yqjE_yqjK_yqjD_yqjC_predicted,0.6666666666666666,13,8,GTAGTGTGAAACCGTGCAAT,5,5234678
yqjE_yqjK_yqjD_yqjC_predicted,1.1111111111111112,17,8,GTAGCATCACGGCATTAAAC,9,5190871
yqjE_yqjK_yqjD_yqjC_predicted,0.2222222222222222,9,8,GTACTGCCTTCTGTTCGTCA,1,5255758
yqjE_yqjK_yqjD_yqjC_predicted,0.4444444444444444,11,8,GTACGCGAGGTCTGACGAAA,3,5244035
yqjE_yqjK_yqjD_yqjC_predicted,1.2222222222222223,18,8,GTACCTACTTGATTTTGGGG,10,5225324
yqjE_yqjK_yqjD_yqjC_predicted,0.2222222222222222,9,8,GTACCACATAGAGAACCGAT,1,5238888
yqjE_yqjK_yqjD_yqjC_predicted,4.0,43,8,GTAACGGCTCAGAACGGTCT,35,5171807
yqjE_yqjK_yqjD_yqjC_predicted,0.2222222222222222,9,8,GGTTGTCAACATGCGATGAC,1,5175090
yqjE_yqjK_yqjD_yqjC_predicted,0.2222222222222222,9,8,GGTGCGTGATCATATGGCAG,1,5216982
yqjE_yqjK_yqjD_yqjC_predicted,1.3333333333333333,19,8,GGTGCGGATTGACTTTAGAA,11,5213303
yqjE_yqjK_yqjD_yqjC_predicted,0.3333333333333333,10,8,GGTGCACACCTAAAGAAGAA,2,5186325
yqjE_yqjK_yqjD_yqjC_predicted,1.3333333333333333,19,8,GGTCGGTCCTTAATTGTCAC,11,5226210
yqjE_yqjK_yqjD_yqjC_predicted,2.0,25,8,GGTCGCATCTAACGGCGGTG,17,5219858
yqjE_yqjK_yqjD_yqjC_predicted,0.4444444444444444,11,8,GGTCCTCACCTTGGGTGATT,3,5225062
yqjE_yqjK_yqjD_yqjC_predicted,1.3333333333333333,19,8,GGTCCTATTCTACGGGAGCG,11,5252080
yqjE_yqjK_yqjD_yqjC_predicted,2.2222222222222223,27,8,GGTCAGGAGCTATGTAATGA,19,5251083
yqjE_yqjK_yqjD_yqjC_predicted,0.5555555555555556,12,8,GGTAAGTATATTAGCTCACT,4,5254129
yqjE_yqjK_yqjD_yqjC_predicted,3.6666666666666665,40,8,GGGTGCTCCTCCCGTACGGT,32,5191833
yqjE_yqjK_yqjD_yqjC_predicted,1.7777777777777777,23,8,GGGTCCTTGTAGAAAGCGCC,15,5192536
yqjE_yqjK_yqjD_yqjC_predicted,0.8888888888888888,15,8,GGGGTTATCTACATCTCCGA,7,5171106
yqjE_yqjK_yqjD_yqjC_predicted,1.7777777777777777,23,8,GGGGGCACCGAAACCGGCTC,15,5176702
yqjE_yqjK_yqjD_yqjC_predicted,1.2222222222222223,18,8,GGGGGAGCTGTGTAGGAATT,10,5250095
yqjE_yqjK_yqjD_yqjC_predicted,4.0,43,8,GGGGCCTCGTGTTCCGGTAG,35,5184369
yqjE_yqjK_yqjD_yqjC_predicted,0.5555555555555556,12,8,GGGGCCTAGCGCTAACGCCA,4,5210449
yqjE_yqjK_yqjD_yqjC_predicted,0.6666666666666666,13,8,GGGCGGTGCCTGCCACTTCT,5,5232721
yqjE_yqjK_yqjD_yqjC_predicted,0.4444444444444444,11,8,GGGCATCAGTATCCGGCTGT,3,5231525
yqjE_yqjK_yqjD_yqjC_predicted,3.3333333333333335,37,8,GGGATTGTGATGCTGTACTT,29,5177404
yqjE_yqjK_yqjD_yqjC_predicted,0.2222222222222222,9,8,GGGAGTATTGGCATCATTCG,1,5232906
yqjE_yqjK_yqjD_yqjC_predicted,1.8888888888888888,24,8,GGGAGACGTATGCCTTATGT,16,5240642
yqjE_yqjK_yqjD_yqjC_predicted,1.5555555555555556,21,8,GGCTTAGTAGCGTCGCCTGC,13,5193347
yqjE_yqjK_yqjD_yqjC_predicted,2.2222222222222223,27,8,GGCTGAAAAAGATTGCGCAT,19,5236354
yqjE_yqjK_yqjD_yqjC_predicted,1.6666666666666667,22,8,GGCGGAATAAAGTAGGTCCG,14,5191193
yqjE_yqjK_yqjD_yqjC_predicted,1.6666666666666667,22,8,GGCGACTTAGGAATTCACTC,14,5262558
yqjE_yqjK_yqjD_yqjC_predicted,3.2222222222222223,36,8,GGCGAACAGGCCGATTCCCA,28,5253955
yqjE_yqjK_yqjD_yqjC_predicted,0.7777777777777778,14,8,GGCCGACACCGACTAAGTAC,6,5227736
yqjE_yqjK_yqjD_yqjC_predicted,0.6666666666666666,13,8,GGCCCAACCGAATATGATGA,5,5251986
yqjE_yqjK_yqjD_yqjC_predicted,1.2222222222222223,18,8,GGCATCTCAGTCAGACGGTG,10,5225994
yqjE_yqjK_yqjD_yqjC_predicted,2.7777777777777777,32,8,GGACGAGTAGGGGTAAACCG,24,5173437
yqjE_yqjK_yqjD_yqjC_predicted,1.2222222222222223,18,8,GGAACATGAGATTATACTCA,10,5210425
yqjE_yqjK_yqjD_yqjC_predicted,2.111111111111111,26,8,GGAAAGTATCTCTCATTTGT,18,5245608
yqjE_yqjK_yqjD_yqjC_predicted,1.7777777777777777,23,8,GCTTAGTCTTTATGTTTCAG,15,5253969
yqjE_yqjK_yqjD_yqjC_predicted,1.3333333333333333,19,8,GCTTAATGGACAGTCTGTCC,11,5246787
yqjE_yqjK_yqjD_yqjC_predicted,1.0,16,8,GCTCTTCCGGTACCCTTTTG,8,5203517
yqjE_yqjK_yqjD_yqjC_predicted,3.888888888888889,42,8,GCTCGTCTTTTATCATCTAA,34,5221122
yqjE_yqjK_yqjD_yqjC_predicted,1.0,16,8,GCTATCGTCCAGCATATGCA,8,5203772
yqjE_yqjK_yqjD_yqjC_predicted,0.7777777777777778,14,8,GCTACAGCCAGGTGGCTACT,6,5256558
yqjE_yqjK_yqjD_yqjC_predicted,0.2222222222222222,9,8,GCGGTAGGGGATACCGCTAC,1,5228215
yqjE_yqjK_yqjD_yqjC_predicted,1.5555555555555556,21,8,GCGACGGATCGTCAACGGCG,13,5200578
yqjE_yqjK_yqjD_yqjC_predicted,0.5555555555555556,12,8,GCCGGTATTGAGGCTGCAAG,4,5256919
yqjE_yqjK_yqjD_yqjC_predicted,3.111111111111111,35,8,GCCGGCAGAATCCTTCGCTT,27,5234688
yqjE_yqjK_yqjD_yqjC_predicted,0.3333333333333333,10,8,GCCGCAACGACACAAGTCAT,2,5213106
yqjE_yqjK_yqjD_yqjC_predicted,3.111111111111111,35,8,GCCCTAGGTGCAGGTCAGGA,27,5187187
yqjE_yqjK_yqjD_yqjC_predicted,0.8888888888888888,15,8,GCCCTACAAAGTCTACGCAA,7,5225834
yqjE_yqjK_yqjD_yqjC_predicted,0.2222222222222222,9,8,GCCATGCGGCGATTCATAGT,1,5250633
yqjE_yqjK_yqjD_yqjC_predicted,2.111111111111111,26,8,GCCACGACACGACAATAACT,18,5192890
yqjE_yqjK_yqjD_yqjC_predicted,1.8888888888888888,24,8,GCCACACTTCCTCGCCCGAC,16,5261657
yqjE_yqjK_yqjD_yqjC_predicted,0.2222222222222222,9,8,GCCAAGAAAAAAGTGTGTTG,1,5172311
yqjE_yqjK_yqjD_yqjC_predicted,0.5555555555555556,12,8,GCATTTGTGCCAGGAGCTTG,4,5258053
yqjE_yqjK_yqjD_yqjC_predicted,1.0,16,8,GCATGCCCACCCTTGTTACC,8,5227355
yqjE_yqjK_yqjD_yqjC_predicted,4.333333333333333,46,8,GCATCCGGAGGGCAGACTCG,38,5220762
yqjE_yqjK_yqjD_yqjC_predicted,0.2222222222222222,9,8,GCATATTACATGGCTGAGTA,1,5248902
yqjE_yqjK_yqjD_yqjC_predicted,0.2222222222222222,9,8,GCATATCCTAACGAGAGGGC,1,5178030
yqjE_yqjK_yqjD_yqjC_predicted,1.2222222222222223,18,8,GCATACCGAGGGCGTAGGGC,10,5214025
yqjE_yqjK_yqjD_yqjC_predicted,1.7777777777777777,23,8,GCAGTAAAGCTGGAGGATCT,15,5250327
yqjE_yqjK_yqjD_yqjC_predicted,1.6666666666666667,22,8,GCAGGGTGAGTAGTAAGAGC,14,5197912
yqjE_yqjK_yqjD_yqjC_predicted,8.0,79,8,GCAGCGTTCGTCCCTGCGGG,71,5258316
yqjE_yqjK_yqjD_yqjC_predicted,2.4444444444444446,29,8,GCAGATCAGATCCTGTTTTC,21,5220683
yqjE_yqjK_yqjD_yqjC_predicted,0.4444444444444444,11,8,GCAGAATTCGTCGAGTGGCC,3,5240564
yqjE_yqjK_yqjD_yqjC_predicted,2.7777777777777777,32,8,GATTGCCGACAGTACTCCGA,24,5178340
yqjE_yqjK_yqjD_yqjC_predicted,1.2222222222222223,18,8,GATTGATATGCGAGCGCGGC,10,5254192
yqjE_yqjK_yqjD_yqjC_predicted,2.4444444444444446,29,8,GATTACTTTGCCGCAAGCGT,21,5221667
yqjE_yqjK_yqjD_yqjC_predicted,1.5555555555555556,21,8,GATTAATAGCCCTTTAGTTA,13,5201191
yqjE_yqjK_yqjD_yqjC_predicted,2.2222222222222223,27,8,GATGTGACTGTGGATATCTA,19,5248329
yqjE_yqjK_yqjD_yqjC_predicted,0.5555555555555556,12,8,GATCCTAGGATGTAGGGTTG,4,5247339
yqjE_yqjK_yqjD_yqjC_predicted,0.7777777777777778,14,8,GAGTATTGCAGGTCTCGACG,6,5190338
yqjE_yqjK_yqjD_yqjC_predicted,1.1111111111111112,17,8,GAGGTAGGCCAATCCGGGTC,9,5224512
yqjE_yqjK_yqjD_yqjC_predicted,1.6666666666666667,22,8,GAGGCACGTGTACTCATGAC,14,5236025
yqjE_yqjK_yqjD_yqjC_predicted,0.6666666666666666,13,8,GAGGAACATACATGCTAACA,5,5250259
yqjE_yqjK_yqjD_yqjC_predicted,1.1111111111111112,17,8,GAGATACTCCCGAAACGGAA,9,5187298
yqjE_yqjK_yqjD_yqjC_predicted,0.6666666666666666,13,8,GAGACGTGTATGACCGCAAG,5,5171023
yqjE_yqjK_yqjD_yqjC_predicted,0.7777777777777778,14,8,GACTGTGAATGAGCAACTGA,6,5187212
yqjE_yqjK_yqjD_yqjC_predicted,0.7777777777777778,14,8,GACTGAACGGGTCTCTAGTT,6,5212383
yqjE_yqjK_yqjD_yqjC_predicted,0.4444444444444444,11,8,GACTAGGGACGACGTAGTGT,3,5210052
yqjE_yqjK_yqjD_yqjC_predicted,0.5555555555555556,12,8,GACTAGCAGAGCCTTGTTAA,4,5239847
yqjE_yqjK_yqjD_yqjC_predicted,0.3333333333333333,10,8,GACCTAAGTCCTTTCATCTC,2,5250738
yqjE_yqjK_yqjD_yqjC_predicted,1.3333333333333333,19,8,GACATTGTGCAGCAAGGTCG,11,5224355
yqjE_yqjK_yqjD_yqjC_predicted,1.4444444444444444,20,8,GACAAACGAGTGACAGGACC,12,5177027
yqjE_yqjK_yqjD_yqjC_predicted,0.2222222222222222,9,8,GAATTGGGTCGAAGTGGTCC,1,5206340
yqjE_yqjK_yqjD_yqjC_predicted,0.4444444444444444,11,8,GAATGGCCGGTAACGCCGTA,3,5238002
yqjE_yqjK_yqjD_yqjC_predicted,1.2222222222222223,18,8,GAATAAGAGACACAGAAAGT,10,5227808
yqjE_yqjK_yqjD_yqjC_predicted,2.2222222222222223,27,8,GAAGGCCGCAACGTACATAC,19,5187416
yqjE_yqjK_yqjD_yqjC_predicted,3.0,34,8,GAAGCGTACGAGGTAGCTCC,26,5247816
yqjE_yqjK_yqjD_yqjC_predicted,2.888888888888889,33,8,GAACTTACCTAGACGATTTA,25,5192840
yqjE_yqjK_yqjD_yqjC_predicted,2.3333333333333335,28,8,GAAATTCCTTAAAAGAGGGG,20,5240085
yqjE_yqjK_yqjD_yqjC_predicted,0.4444444444444444,11,8,GAAAGTTGGGTCGCATGATT,3,5199606
yqjE_yqjK_yqjD_yqjC_predicted,1.1111111111111112,17,8,CTTTGGTGGGCGACACTTCG,9,5261410
yqjE_yqjK_yqjD_yqjC_predicted,0.3333333333333333,10,8,CTTTCTCATCGCTACTTGAT,2,5197727
yqjE_yqjK_yqjD_yqjC_predicted,2.2222222222222223,27,8,CTTGAGATTCATTTTGTCGG,19,5230202
yqjE_yqjK_yqjD_yqjC_predicted,2.2222222222222223,27,8,CTTCTGACCCGTGCGACAAG,19,5195191
yqjE_yqjK_yqjD_yqjC_predicted,3.4444444444444446,38,8,CTTCTCAGTTTGGTAGACCA,30,5227195
yqjE_yqjK_yqjD_yqjC_predicted,1.7777777777777777,23,8,CTTCACTTGTGGTGGCGCGT,15,5212758
yqjE_yqjK_yqjD_yqjC_predicted,2.0,25,8,CTTAGTCCCTAGAGGCCCTC,17,5212801
yqjE_yqjK_yqjD_yqjC_predicted,2.2222222222222223,27,8,CTTACTCCGGTATGTATCCC,19,5180898
yqjE_yqjK_yqjD_yqjC_predicted,0.4444444444444444,11,8,CTGTGTGCTAAGGCCCTTAA,3,5171593
yqjE_yqjK_yqjD_yqjC_predicted,1.4444444444444444,20,8,CTGTCACAAAAGCTTCGTAT,12,5215455
yqjE_yqjK_yqjD_yqjC_predicted,1.8888888888888888,24,8,CTGTATTTAGGTCTGCGGAG,16,5209466
yqjE_yqjK_yqjD_yqjC_predicted,2.3333333333333335,28,8,CTGGGTGAGATATGCACCTT,20,5239409
yqjE_yqjK_yqjD_yqjC_predicted,1.4444444444444444,20,8,CTGGGGGTGTTTTAAGGATA,12,5196590
yqjE_yqjK_yqjD_yqjC_predicted,0.6666666666666666,13,8,CTGGCAGGACATGGTCATTC,5,5187428
yqjE_yqjK_yqjD_yqjC_predicted,0.2222222222222222,9,8,CTGCTGTTCCGAGAGGGTTC,1,5186636
yqjE_yqjK_yqjD_yqjC_predicted,1.3333333333333333,19,8,CTGCTGCTGTGGAAGCTGTA,11,5176903
yqjE_yqjK_yqjD_yqjC_predicted,0.3333333333333333,10,8,CTGCGATAGCAAGACGTCTA,2,5209352
yqjE_yqjK_yqjD_yqjC_predicted,0.8888888888888888,15,8,CTGCCCGGTCCATTATTGCG,7,5207713
yqjE_yqjK_yqjD_yqjC_predicted,0.3333333333333333,10,8,CTGCAGTGCGACGTGCGTGG,2,5210451
yqjE_yqjK_yqjD_yqjC_predicted,1.5555555555555556,21,8,CTGAACCGACTATAAGCCCC,13,5206855
yqjE_yqjK_yqjD_yqjC_predicted,0.2222222222222222,9,8,CTCTTTATAGAACCAGGGTA,1,5201617
yqjE_yqjK_yqjD_yqjC_predicted,0.5555555555555556,12,8,CTCTGAGCCGGTGGGTCCCT,4,5230658
yqjE_yqjK_yqjD_yqjC_predicted,4.666666666666667,49,8,CTCTATCTAAGCTGCCTAGA,41,5195312
yqjE_yqjK_yqjD_yqjC_predicted,2.888888888888889,33,8,CTCGTTCCATCCACCAGATT,25,5260807
yqjE_yqjK_yqjD_yqjC_predicted,2.3333333333333335,28,8,CTCGCAGACTCTCAATTTTT,20,5207117
yqjE_yqjK_yqjD_yqjC_predicted,0.2222222222222222,9,8,CTCGACCAGGTTCAGCCAGG,1,5223493
yqjE_yqjK_yqjD_yqjC_predicted,0.7777777777777778,14,8,CTCGAATAATCAGAGAGGTT,6,5243987
yqjE_yqjK_yqjD_yqjC_predicted,0.7777777777777778,14,8,CTCCGTTTACTAGCGCACTG,6,5196971
yqjE_yqjK_yqjD_yqjC_predicted,0.6666666666666666,13,8,CTATTGATCGCCGGCTTCTT,5,5260055
yqjE_yqjK_yqjD_yqjC_predicted,0.6666666666666666,13,8,CTATTGACCGGTCCTGAACA,5,5226916
yqjE_yqjK_yqjD_yqjC_predicted,1.2222222222222223,18,8,CTATTATGGACTGATTTGCA,10,5193324
yqjE_yqjK_yqjD_yqjC_predicted,1.3333333333333333,19,8,CTATGGTTGTTCCAGTAAGC,11,5237400
yqjE_yqjK_yqjD_yqjC_predicted,1.1111111111111112,17,8,CTATCGCGACTTTGCCGTAA,9,5223282
yqjE_yqjK_yqjD_yqjC_predicted,0.6666666666666666,13,8,CTATCCAGCGTAAGTAACAG,5,5245976
yqjE_yqjK_yqjD_yqjC_predicted,0.2222222222222222,9,8,CTAGTGGCTGTCACAATAAA,1,5170801
yqjE_yqjK_yqjD_yqjC_predicted,2.5555555555555554,30,8,CTAGCTCGAAGACCACTATT,22,5185450
yqjE_yqjK_yqjD_yqjC_predicted,1.0,16,8,CTAGCGGGACGCAGAGAACT,8,5253804
yqjE_yqjK_yqjD_yqjC_predicted,1.6666666666666667,22,8,CTAGAGGTTGTACGAGAAGG,14,5198330
yqjE_yqjK_yqjD_yqjC_predicted,1.1111111111111112,17,8,CTACTTGCGTCACGTAATTG,9,5233976
yqjE_yqjK_yqjD_yqjC_predicted,1.7777777777777777,23,8,CTACGACCGCCACTGCGTCT,15,5211326
yqjE_yqjK_yqjD_yqjC_predicted,2.2222222222222223,27,8,CGTTTCATCAATCAGTAACC,19,5245895
yqjE_yqjK_yqjD_yqjC_predicted,2.7777777777777777,32,8,CGTTCCCGCTTCGAAAGTGG,24,5190642
yqjE_yqjK_yqjD_yqjC_predicted,0.2222222222222222,9,8,CGTGTCGTTAGGCCGCCTTA,1,5209792
yqjE_yqjK_yqjD_yqjC_predicted,2.7777777777777777,32,8,CGTGTCATCCACGTAAATAA,24,5202860
yqjE_yqjK_yqjD_yqjC_predicted,0.3333333333333333,10,8,CGTGGCTCCCTGACTACTCC,2,5211175
yqjE_yqjK_yqjD_yqjC_predicted,0.4444444444444444,11,8,CGTCTTTCCGTAGTGCGCGG,3,5200519
yqjE_yqjK_yqjD_yqjC_predicted,2.6666666666666665,31,8,CGGTGAGAGATGATGACGAC,23,5184061
yqjE_yqjK_yqjD_yqjC_predicted,1.6666666666666667,22,8,CGGGTAGCCAGGTTGCCCTT,14,5224277
yqjE_yqjK_yqjD_yqjC_predicted,0.6666666666666666,13,8,CGGGGAGATGCGGGGGGGGT,5,5199188
yqjE_yqjK_yqjD_yqjC_predicted,1.7777777777777777,23,8,CGGGGAAAGGCAACGGTCAG,15,5218056
yqjE_yqjK_yqjD_yqjC_predicted,2.0,25,8,CGGGAGGAGCTAAGAGATGA,17,5186449
yqjE_yqjK_yqjD_yqjC_predicted,1.0,16,8,CGGGAAAGGAAATGTTATCT,8,5223890
yqjE_yqjK_yqjD_yqjC_predicted,0.8888888888888888,15,8,CGGCGTGCCGACCTCTTACA,7,5216415
yqjE_yqjK_yqjD_yqjC_predicted,0.7777777777777778,14,8,CGGCCGTGCCGCCAACGTAA,6,5262890
yqjE_yqjK_yqjD_yqjC_predicted,2.888888888888889,33,8,CGGCAAGTATGCTTCAGGCA,25,5237124
yqjE_yqjK_yqjD_yqjC_predicted,1.0,16,8,CGGAGGATCGCTTTTAAACT,8,5195374
yqjE_yqjK_yqjD_yqjC_predicted,1.7777777777777777,23,8,CGGACACGATCGATAAAGGC,15,5188793
yqjE_yqjK_yqjD_yqjC_predicted,0.2222222222222222,9,8,CGGAAGATAACTGTGTACGG,1,5248838
yqjE_yqjK_yqjD_yqjC_predicted,0.2222222222222222,9,8,CGCGTCATGGTCTCAATGAT,1,5228778
yqjE_yqjK_yqjD_yqjC_predicted,0.6666666666666666,13,8,CGCGGTACGGAGTCAGCGGA,5,5173871
yqjE_yqjK_yqjD_yqjC_predicted,2.4444444444444446,29,8,CGCGGAAGTCCCGACTTCTA,21,5175899
yqjE_yqjK_yqjD_yqjC_predicted,2.2222222222222223,27,8,CGCGCTGCTCCTACGTTAAT,19,5234796
yqjE_yqjK_yqjD_yqjC_predicted,1.0,16,8,CGCGCGCAAAGGGAAATAGG,8,5204949
yqjE_yqjK_yqjD_yqjC_predicted,1.0,16,8,CGCCTCCAAGCCTAGCTTCG,8,5240454
yqjE_yqjK_yqjD_yqjC_predicted,0.6666666666666666,13,8,CGCCGACGCCCCGTCACAGC,5,5183134
yqjE_yqjK_yqjD_yqjC_predicted,1.3333333333333333,19,8,CGCACGGCATGACTCACATT,11,5173612
yqjE_yqjK_yqjD_yqjC_predicted,0.2222222222222222,9,8,CGCAATGCCGAAGACAAGGA,1,5253189
yqjE_yqjK_yqjD_yqjC_predicted,2.888888888888889,33,8,CGATTGAAGGGAGCTCATCC,25,5200300
yqjE_yqjK_yqjD_yqjC_predicted,0.2222222222222222,9,8,CGATGAAACCATGGGTGGAA,1,5210679
yqjE_yqjK_yqjD_yqjC_predicted,1.0,16,8,CGATAGGCGCTGCGAATACT,8,5252848
yqjE_yqjK_yqjD_yqjC_predicted,1.2222222222222223,18,8,CGATACCCCTATCTGTATGC,10,5210441
yqjE_yqjK_yqjD_yqjC_predicted,1.4444444444444444,20,8,CGAGGCTATTAACAATCATG,12,5171365
yqjE_yqjK_yqjD_yqjC_predicted,3.2222222222222223,36,8,CGAATATGGCAACTTAGATT,28,5198620
yqjE_yqjK_yqjD_yqjC_predicted,1.5555555555555556,21,8,CGAAATATGTGCCGATAGAA,13,5214201
yqjE_yqjK_yqjD_yqjC_predicted,0.7777777777777778,14,8,CGAAACTTATGTGCACCCGT,6,5213927
yqjE_yqjK_yqjD_yqjC_predicted,2.111111111111111,26,8,CCTTAGGAAGCGGTGAGTCC,18,5221961
yqjE_yqjK_yqjD_yqjC_predicted,1.5555555555555556,21,8,CCTCTCCTTGGGGTAGATGT,13,5197735
yqjE_yqjK_yqjD_yqjC_predicted,0.6666666666666666,13,8,CCTCTATCGCCGGGGGCGCT,5,5174656
yqjE_yqjK_yqjD_yqjC_predicted,0.6666666666666666,13,8,CCTCATTGTTGGGTAACATC,5,5249235
yqjE_yqjK_yqjD_yqjC_predicted,0.2222222222222222,9,8,CCTCAAGGTGATTTGACGAT,1,5237607
yqjE_yqjK_yqjD_yqjC_predicted,1.6666666666666667,22,8,CCTACCTACTGCAAATTTCG,14,5260731
yqjE_yqjK_yqjD_yqjC_predicted,1.2222222222222223,18,8,CCGTGTGCCATTGTTATCCC,10,5253663
yqjE_yqjK_yqjD_yqjC_predicted,0.8888888888888888,15,8,CCGTAGCTTAACAAGCTGGT,7,5261622
yqjE_yqjK_yqjD_yqjC_predicted,1.5555555555555556,21,8,CCGTACTGGTAAGGACAACC,13,5193639
yqjE_yqjK_yqjD_yqjC_predicted,1.3333333333333333,19,8,CCGTACGATTTCGGCCATAG,11,5173861
yqjE_yqjK_yqjD_yqjC_predicted,4.444444444444445,47,8,CCGGGTATGTGGTATTGTCT,39,5232744
yqjE_yqjK_yqjD_yqjC_predicted,0.5555555555555556,12,8,CCGCCAGCGCGGAAAGAAGA,4,5220952
yqjE_yqjK_yqjD_yqjC_predicted,2.6666666666666665,31,8,CCGAGAATTGTGGCGCCTGC,23,5261506
yqjE_yqjK_yqjD_yqjC_predicted,1.3333333333333333,19,8,CCCTTGACGACAAAAACTCG,11,5246777
yqjE_yqjK_yqjD_yqjC_predicted,2.888888888888889,33,8,CCCTCCCAGGAATACCCCGT,25,5242577
yqjE_yqjK_yqjD_yqjC_predicted,0.7777777777777778,14,8,CCCTACAAATCTAGCTTTGT,6,5221934
yqjE_yqjK_yqjD_yqjC_predicted,0.3333333333333333,10,8,CCCGGTTAGGCAGGTGGGCT,2,5181270
yqjE_yqjK_yqjD_yqjC_predicted,1.8888888888888888,24,8,CCCGGAGGCTTAGGGGGTTA,16,5258952
yqjE_yqjK_yqjD_yqjC_predicted,1.2222222222222223,18,8,CCCGCAGAGTTCAGATTCAA,10,5260253
yqjE_yqjK_yqjD_yqjC_predicted,0.5555555555555556,12,8,CCCGACCTGTGAGGGTATTT,4,5260806
yqjE_yqjK_yqjD_yqjC_predicted,0.5555555555555556,12,8,CCCCTGTTAAAGTTTATTGG,4,5219924
yqjE_yqjK_yqjD_yqjC_predicted,0.8888888888888888,15,8,CCCCTGAAGCGCTCGTTAAC,7,5233551
yqjE_yqjK_yqjD_yqjC_predicted,1.3333333333333333,19,8,CCCCTCTGTGTCTCCCAGGA,11,5253701
yqjE_yqjK_yqjD_yqjC_predicted,3.3333333333333335,37,8,CCCCGGTCATACCTAGTTGC,29,5244765
yqjE_yqjK_yqjD_yqjC_predicted,1.8888888888888888,24,8,CCCCGCTTGATACCTCGTAA,16,5225485
yqjE_yqjK_yqjD_yqjC_predicted,0.3333333333333333,10,8,CCCAGTGTGGTAAGTCTTTG,2,5215394
yqjE_yqjK_yqjD_yqjC_predicted,0.6666666666666666,13,8,CCCAATTCAGATACCCGCTA,5,5212421
yqjE_yqjK_yqjD_yqjC_predicted,1.8888888888888888,24,8,CCATTCCCCCGGTGGACCAA,16,5183181
yqjE_yqjK_yqjD_yqjC_predicted,0.8888888888888888,15,8,CCATTATTCGGAGGAACGGG,7,5251285
yqjE_yqjK_yqjD_yqjC_predicted,2.2222222222222223,27,8,CCATAGTTGACATAGCGGAA,19,5237204
yqjE_yqjK_yqjD_yqjC_predicted,0.2222222222222222,9,8,CCAGGTTTATTCTGCAATAT,1,5214653
yqjE_yqjK_yqjD_yqjC_predicted,1.3333333333333333,19,8,CCAGCCCAGCGCTCATAGAT,11,5255324
yqjE_yqjK_yqjD_yqjC_predicted,1.0,16,8,CCAGACAACATGAAGTTATT,8,5223125
yqjE_yqjK_yqjD_yqjC_predicted,1.1111111111111112,17,8,CCACATTCACTAAGCAACGG,9,5191007
yqjE_yqjK_yqjD_yqjC_predicted,0.3333333333333333,10,8,CCACACTCAGCTGAGCTATC,2,5260795
yqjE_yqjK_yqjD_yqjC_predicted,1.7777777777777777,23,8,CCAATGTACAAGGCGCTTCT,15,5254124
yqjE_yqjK_yqjD_yqjC_predicted,2.111111111111111,26,8,CCAACTCTAGGGTGGGTCGC,18,5188355
yqjE_yqjK_yqjD_yqjC_predicted,4.666666666666667,49,8,CCAAATCTCCAACACACTCT,41,5187289
yqjE_yqjK_yqjD_yqjC_predicted,0.3333333333333333,10,8,CATTGAAGTAACACTTCACA,2,5248712
yqjE_yqjK_yqjD_yqjC_predicted,1.3333333333333333,19,8,CATTATTACCCAAAGGGTTC,11,5228197
yqjE_yqjK_yqjD_yqjC_predicted,1.6666666666666667,22,8,CATGTAGTTCACTACAGAGG,14,5260743
yqjE_yqjK_yqjD_yqjC_predicted,3.4444444444444446,38,8,CATGTAGTACCATTGCTCCT,30,5197999
yqjE_yqjK_yqjD_yqjC_predicted,0.4444444444444444,11,8,CATGGGTGTCCACACAGAGA,3,5236597
yqjE_yqjK_yqjD_yqjC_predicted,0.2222222222222222,9,8,CATGGGGTCAAATGCGGTGC,1,5247509
yqjE_yqjK_yqjD_yqjC_predicted,0.4444444444444444,11,8,CATGCCGCCATCGCGTTTGG,3,5174251
yqjE_yqjK_yqjD_yqjC_predicted,1.8888888888888888,24,8,CATGATTAGTTGGCCTACGA,16,5240444
yqjE_yqjK_yqjD_yqjC_predicted,1.3333333333333333,19,8,CATCTTGACCTCGGGTGTCG,11,5235724
yqjE_yqjK_yqjD_yqjC_predicted,1.0,16,8,CATCTACGGACGACTCCGTA,8,5195513
yqjE_yqjK_yqjD_yqjC_predicted,0.7777777777777778,14,8,CATCCTAACTCATTAAAAGA,6,5223722
yqjE_yqjK_yqjD_yqjC_predicted,0.3333333333333333,10,8,CATAGCTCCGATCCAGCGCC,2,5236217
yqjE_yqjK_yqjD_yqjC_predicted,0.5555555555555556,12,8,CATAAAGGGTCAGTTTGGTC,4,5201780
yqjE_yqjK_yqjD_yqjC_predicted,0.6666666666666666,13,8,CAGGTTAGGCTTTGCTAGGA,5,5171137
yqjE_yqjK_yqjD_yqjC_predicted,4.0,43,8,CAGGTCCAGTCGTATCCTTT,35,5239353
yqjE_yqjK_yqjD_yqjC_predicted,5.666666666666667,58,8,CAGGATCTATCAGTAGAATA,50,5262708
yqjE_yqjK_yqjD_yqjC_predicted,1.1111111111111112,17,8,CAGGAGCTGGCATCTAGGAC,9,5248374
yqjE_yqjK_yqjD_yqjC_predicted,0.2222222222222222,9,8,CAGCTTTCATTCTCCAAGAA,1,5216951
yqjE_yqjK_yqjD_yqjC_predicted,0.2222222222222222,9,8,CAGCCTTCATGGTAGACATG,1,5243871
yqjE_yqjK_yqjD_yqjC_predicted,0.5555555555555556,12,8,CAGCCCCTCGAGTCTAGTGA,4,5232662
yqjE_yqjK_yqjD_yqjC_predicted,1.7777777777777777,23,8,CAGAACTTTGCAGGGCTTAC,15,5179573
yqjE_yqjK_yqjD_yqjC_predicted,1.2222222222222223,18,8,CACTATTGGTCCTTTAATTA,10,5210747
yqjE_yqjK_yqjD_yqjC_predicted,0.4444444444444444,11,8,CACGATTATATGGCGCGTTT,3,5235313
yqjE_yqjK_yqjD_yqjC_predicted,3.111111111111111,35,8,CACCGCGCGTTGATTATGCG,27,5194570
yqjE_yqjK_yqjD_yqjC_predicted,1.6666666666666667,22,8,CACCATGCTGTAGAACCGGC,14,5228950
yqjE_yqjK_yqjD_yqjC_predicted,1.8888888888888888,24,8,CACATGCCAGGTCAATTATT,16,5229655
yqjE_yqjK_yqjD_yqjC_predicted,2.5555555555555554,30,8,CACAGTCGCGGCACCTTCCT,22,5186060
yqjE_yqjK_yqjD_yqjC_predicted,1.4444444444444444,20,8,CACACTGTTACTGAGTGCTG,12,5176428
yqjE_yqjK_yqjD_yqjC_predicted,3.5555555555555554,39,8,CAATGTCGGACAGTTACTTT,31,5179359
yqjE_yqjK_yqjD_yqjC_predicted,4.333333333333333,46,8,CAATCTGTTTCGCCTTCATC,38,5219709
yqjE_yqjK_yqjD_yqjC_predicted,0.4444444444444444,11,8,CAAGGTGTGCTAGTGAGGAC,3,5210694
yqjE_yqjK_yqjD_yqjC_predicted,1.2222222222222223,18,8,CAAGCTTGCAGCGTGATGTG,10,5249386
yqjE_yqjK_yqjD_yqjC_predicted,0.5555555555555556,12,8,CAAAGTCACTAGAGTGAAAT,4,5251747
yqjE_yqjK_yqjD_yqjC_predicted,2.0,25,8,CAAAGTACCTGTAGGACAAA,17,5257691
yqjE_yqjK_yqjD_yqjC_predicted,1.8888888888888888,24,8,CAAAAGGGAAGCTTGGCGTA,16,5215831
yqjE_yqjK_yqjD_yqjC_predicted,0.6666666666666666,13,8,ATTTGCGGGTTCTGGCACCA,5,5230171
yqjE_yqjK_yqjD_yqjC_predicted,1.8888888888888888,24,8,ATTTACTGATTGGGGGTCAA,16,5254915
yqjE_yqjK_yqjD_yqjC_predicted,1.7777777777777777,23,8,ATTGGGGCCATTAACCGGGG,15,5224488
yqjE_yqjK_yqjD_yqjC_predicted,1.7777777777777777,23,8,ATTCGGGAGCCGTAGCGAAA,15,5177721
yqjE_yqjK_yqjD_yqjC_predicted,0.4444444444444444,11,8,ATTCGCATTTCGGCGTTATA,3,5182174
yqjE_yqjK_yqjD_yqjC_predicted,0.3333333333333333,10,8,ATTCGACGAGTCTCTGCCCA,2,5256309
yqjE_yqjK_yqjD_yqjC_predicted,0.8888888888888888,15,8,ATTCCCGATCTCAGCACTTT,7,5228117
yqjE_yqjK_yqjD_yqjC_predicted,1.0,16,8,ATTAGCCTTTAGTTCATTTG,8,5227124
yqjE_yqjK_yqjD_yqjC_predicted,1.5555555555555556,21,8,ATTACCGTGCCCGTGAATCG,13,5214349
yqjE_yqjK_yqjD_yqjC_predicted,0.3333333333333333,10,8,ATTAAAATGCCGGGAAACCT,2,5260003
yqjE_yqjK_yqjD_yqjC_predicted,0.2222222222222222,9,8,ATTAAAATCACTAAGTGAAC,1,5186055
yqjE_yqjK_yqjD_yqjC_predicted,0.2222222222222222,9,8,ATTAAAAACCTAGGCCACCC,1,5208768
yqjE_yqjK_yqjD_yqjC_predicted,2.111111111111111,26,8,ATGTTAGCTCCCCTTAGATC,18,5226839
yqjE_yqjK_yqjD_yqjC_predicted,0.6666666666666666,13,8,ATGTGAACATCGGCAGGTGC,5,5193472
yqjE_yqjK_yqjD_yqjC_predicted,0.4444444444444444,11,8,ATGTCTGCCCTCAGGCGACT,3,5193628
yqjE_yqjK_yqjD_yqjC_predicted,2.5555555555555554,30,8,ATGTACCGTAAGTGGGCAAG,22,5175395
yqjE_yqjK_yqjD_yqjC_predicted,0.2222222222222222,9,8,ATGGTCAGCGTCGGATACCG,1,5248557
yqjE_yqjK_yqjD_yqjC_predicted,1.8888888888888888,24,8,ATGGGTGGCGCACCCCTGTC,16,5211592
yqjE_yqjK_yqjD_yqjC_predicted,1.0,16,8,ATGGGCTCATCCAAGGTGCA,8,5234479
yqjE_yqjK_yqjD_yqjC_predicted,0.7777777777777778,14,8,ATGGGCTATAAAAAGCGGGG,6,5188731
yqjE_yqjK_yqjD_yqjC_predicted,0.8888888888888888,15,8,ATGGATTATGTTTCAGTGTA,7,5206729
yqjE_yqjK_yqjD_yqjC_predicted,0.2222222222222222,9,8,ATGAGGCAATGAACGTCTCT,1,5192448
yqjE_yqjK_yqjD_yqjC_predicted,0.2222222222222222,9,8,ATGAGCCCTACAATGGGAAC,1,5198402
yqjE_yqjK_yqjD_yqjC_predicted,0.3333333333333333,10,8,ATCTTCTTGTATACTTAGCT,2,5215965
yqjE_yqjK_yqjD_yqjC_predicted,3.111111111111111,35,8,ATCTGGTAGTTCCGTTGAAA,27,5177227
yqjE_yqjK_yqjD_yqjC_predicted,0.2222222222222222,9,8,ATCTGCCTAATCTGCATGTG,1,5198770
yqjE_yqjK_yqjD_yqjC_predicted,0.7777777777777778,14,8,ATCTATGCACGGACGCATGG,6,5217493
yqjE_yqjK_yqjD_yqjC_predicted,0.4444444444444444,11,8,ATCTAAGTTAATACTGATTA,3,5210208
yqjE_yqjK_yqjD_yqjC_predicted,0.4444444444444444,11,8,ATCATTGTCGCATTTGTATT,3,5189621
yqjE_yqjK_yqjD_yqjC_predicted,1.7777777777777777,23,8,ATCAATCGTTTCAGACGCTT,15,5252794
yqjE_yqjK_yqjD_yqjC_predicted,0.8888888888888888,15,8,ATATGGATTGCTGTCGGGCA,7,5250829
yqjE_yqjK_yqjD_yqjC_predicted,1.3333333333333333,19,8,ATATCTCCGTGCGCCAACCG,11,5241014
yqjE_yqjK_yqjD_yqjC_predicted,0.8888888888888888,15,8,ATAGTGTGAAGCACCTAACA,7,5217698
yqjE_yqjK_yqjD_yqjC_predicted,1.4444444444444444,20,8,ATACTTTTATACGCTAAATG,12,5216876
yqjE_yqjK_yqjD_yqjC_predicted,0.8888888888888888,15,8,ATACTCTGTACTTTTTAAGG,7,5184708
yqjE_yqjK_yqjD_yqjC_predicted,0.8888888888888888,15,8,ATACGGTCATGCCCGGCCAG,7,5178737
yqjE_yqjK_yqjD_yqjC_predicted,1.3333333333333333,19,8,ATACGGGGGCGTTCCCGGTA,11,5243530
yqjE_yqjK_yqjD_yqjC_predicted,0.8888888888888888,15,8,ATAAGCCGCCTACGCCTTCG,7,5257921
yqjE_yqjK_yqjD_yqjC_predicted,0.6666666666666666,13,8,ATAAACTTGTTACGCATTGA,5,5222617
yqjE_yqjK_yqjD_yqjC_predicted,1.8888888888888888,24,8,ATAAACAGTAAACCCGAGAG,16,5194687
yqjE_yqjK_yqjD_yqjC_predicted,2.0,25,8,ATAAACAGGCACGCAGGACG,17,5216574
yqjE_yqjK_yqjD_yqjC_predicted,0.2222222222222222,9,8,ATAAAAAGGTAAGTGTACGT,1,5258763
yqjE_yqjK_yqjD_yqjC_predicted,1.2222222222222223,18,8,AGTGCTTACTGAGCTGTCGT,10,5174652
yqjE_yqjK_yqjD_yqjC_predicted,1.7777777777777777,23,8,AGTCGCCTACTATAATGGGT,15,5221953
yqjE_yqjK_yqjD_yqjC_predicted,1.3333333333333333,19,8,AGTCGCCAACTTCAGGGTTA,11,5213689
yqjE_yqjK_yqjD_yqjC_predicted,1.3333333333333333,19,8,AGTCCCCTGCTAGGCCCAGA,11,5229046
yqjE_yqjK_yqjD_yqjC_predicted,2.0,25,8,AGTCAGTGAAAAGTCTCACA,17,5259827
yqjE_yqjK_yqjD_yqjC_predicted,0.5555555555555556,12,8,AGTAGCAGCCGCCAATACTG,4,5219233
yqjE_yqjK_yqjD_yqjC_predicted,0.7777777777777778,14,8,AGTACGTCAGTGAGAATGTA,6,5215172
yqjE_yqjK_yqjD_yqjC_predicted,2.111111111111111,26,8,AGGTTAAAAACCCAGAATCA,18,5202513
yqjE_yqjK_yqjD_yqjC_predicted,0.4444444444444444,11,8,AGGTGTTCCAACTAGAGCGA,3,5209657
yqjE_yqjK_yqjD_yqjC_predicted,2.3333333333333335,28,8,AGGTGGAAAAATGAGGGACG,20,5235423
yqjE_yqjK_yqjD_yqjC_predicted,1.4444444444444444,20,8,AGGTAATCACATTCTGTATT,12,5203307
yqjE_yqjK_yqjD_yqjC_predicted,2.0,25,8,AGGGGCATGGTCACGGGCTA,17,5257280
yqjE_yqjK_yqjD_yqjC_predicted,0.7777777777777778,14,8,AGGGGACGAGGCTGAGGTTT,6,5250627
yqjE_yqjK_yqjD_yqjC_predicted,1.3333333333333333,19,8,AGGGGAACTACTAAGACGAG,11,5235208
yqjE_yqjK_yqjD_yqjC_predicted,2.111111111111111,26,8,AGGGCAAGGTAGCTGAGGGT,18,5217524
yqjE_yqjK_yqjD_yqjC_predicted,0.2222222222222222,9,8,AGGGAACGCTCGGGCGTCCT,1,5242844
yqjE_yqjK_yqjD_yqjC_predicted,1.8888888888888888,24,8,AGGCAACCACGGCAGTAGGA,16,5170907
yqjE_yqjK_yqjD_yqjC_predicted,0.4444444444444444,11,8,AGGACTATCGCTGATCAGGT,3,5216250
yqjE_yqjK_yqjD_yqjC_predicted,1.5555555555555556,21,8,AGCTTTGCAATCATCGCTCT,13,5232775
yqjE_yqjK_yqjD_yqjC_predicted,0.2222222222222222,9,8,AGCTTGGGTGGCCTGGGGAA,1,5186445
yqjE_yqjK_yqjD_yqjC_predicted,0.3333333333333333,10,8,AGCTGGTCGCGGACCGGTTC,2,5229568
yqjE_yqjK_yqjD_yqjC_predicted,2.0,25,8,AGCTGGACACTTTTTTTAGA,17,5226283
yqjE_yqjK_yqjD_yqjC_predicted,0.8888888888888888,15,8,AGCTAAAGAATCTCAGACAT,7,5204198
yqjE_yqjK_yqjD_yqjC_predicted,5.555555555555555,57,8,AGCGTGCTGTAAGAGTAACT,49,5191323
yqjE_yqjK_yqjD_yqjC_predicted,1.7777777777777777,23,8,AGCGCTGATAGCGCACACAC,15,5205425
yqjE_yqjK_yqjD_yqjC_predicted,1.2222222222222223,18,8,AGCGCGAGTATACAAGGCTC,10,5213513
yqjE_yqjK_yqjD_yqjC_predicted,0.5555555555555556,12,8,AGCCGTATATTAAGCAAAGA,4,5197929
yqjE_yqjK_yqjD_yqjC_predicted,1.4444444444444444,20,8,AGCATGAAGTCTGATCTAAT,12,5180723
yqjE_yqjK_yqjD_yqjC_predicted,0.3333333333333333,10,8,AGCATAGACGCATCCAAAAT,2,5207766
yqjE_yqjK_yqjD_yqjC_predicted,0.3333333333333333,10,8,AGCACGGGCAAGAAACCCGA,2,5248297
yqjE_yqjK_yqjD_yqjC_predicted,1.6666666666666667,22,8,AGATTAACTGTTCGCAGATA,14,5229555
yqjE_yqjK_yqjD_yqjC_predicted,0.2222222222222222,9,8,AGATGCCGCATTCAGCGAGA,1,5232020
yqjE_yqjK_yqjD_yqjC_predicted,0.8888888888888888,15,8,AGAGTCGAAAGACACCGAGG,7,5246336
yqjE_yqjK_yqjD_yqjC_predicted,2.3333333333333335,28,8,AGAGATGTGGACGGCTGATA,20,5254317
yqjE_yqjK_yqjD_yqjC_predicted,1.0,16,8,AGACGCAACCCTTTAGATAA,8,5198255
yqjE_yqjK_yqjD_yqjC_predicted,0.8888888888888888,15,8,AGACCTCGCGGGCGTCTGAG,7,5241491
yqjE_yqjK_yqjD_yqjC_predicted,1.3333333333333333,19,8,AGACCATTGTCCCGTAAACC,11,5173179
yqjE_yqjK_yqjD_yqjC_predicted,0.3333333333333333,10,8,AGACCATAAGATCTGGATGC,2,5174739
yqjE_yqjK_yqjD_yqjC_predicted,0.2222222222222222,9,8,AGAATGTAGTTTAATGTCTC,1,5262993
yqjE_yqjK_yqjD_yqjC_predicted,0.3333333333333333,10,8,AGAAGTGGCGCGGTCGGTTA,2,5242292
yqjE_yqjK_yqjD_yqjC_predicted,0.7777777777777778,14,8,AGAACGTCATCGCGAAAGTA,6,5174907
yqjE_yqjK_yqjD_yqjC_predicted,0.5555555555555556,12,8,ACTTATCCAACCCCAGTGCG,4,5235732
yqjE_yqjK_yqjD_yqjC_predicted,0.4444444444444444,11,8,ACTTAATCGCCGAGATATCA,3,5203434
yqjE_yqjK_yqjD_yqjC_predicted,20.88888888888889,195,8,ACTGACATTGCATCATCTGG,187,5183942
yqjE_yqjK_yqjD_yqjC_predicted,1.2222222222222223,18,8,ACTCTGGTTTCGGTAAGTTC,10,5259554
yqjE_yqjK_yqjD_yqjC_predicted,2.2222222222222223,27,8,ACTCCCTAAATTCAGGTCTC,19,5221945
yqjE_yqjK_yqjD_yqjC_predicted,1.6666666666666667,22,8,ACTCACGGTTCTTCTTCAAT,14,5259314
yqjE_yqjK_yqjD_yqjC_predicted,0.2222222222222222,9,8,ACTATTACATGGTATCCAAA,1,5239269
yqjE_yqjK_yqjD_yqjC_predicted,1.0,16,8,ACTAGGATTTGAACAGGAGA,8,5255038
yqjE_yqjK_yqjD_yqjC_predicted,0.5555555555555556,12,8,ACTACGGCTCGTGAGTCTTC,4,5226639
yqjE_yqjK_yqjD_yqjC_predicted,4.0,43,8,ACTAAACCCACCTAAGCCAA,35,5213728
yqjE_yqjK_yqjD_yqjC_predicted,0.5555555555555556,12,8,ACGTTGGTGTGATTACGATC,4,5175823
yqjE_yqjK_yqjD_yqjC_predicted,0.7777777777777778,14,8,ACGTTCGTTAGCTCATAATC,6,5202507
yqjE_yqjK_yqjD_yqjC_predicted,1.8888888888888888,24,8,ACGTTACCCGTACTTGAAGG,16,5174518
yqjE_yqjK_yqjD_yqjC_predicted,4.444444444444445,47,8,ACGTGGACGCAAAGTTCGGA,39,5174034
yqjE_yqjK_yqjD_yqjC_predicted,2.7777777777777777,32,8,ACGTCAGGTCTAAAGGTCTT,24,5253658
yqjE_yqjK_yqjD_yqjC_predicted,0.3333333333333333,10,8,ACGGTCCCCGAGAATACAAC,2,5180934
yqjE_yqjK_yqjD_yqjC_predicted,0.2222222222222222,9,8,ACGGCTCAGGTCATGGGTGC,1,5209475
yqjE_yqjK_yqjD_yqjC_predicted,1.0,16,8,ACGGCCAAGCCCAGCAAGTG,8,5195792
yqjE_yqjK_yqjD_yqjC_predicted,2.111111111111111,26,8,ACGCTGATATCGGCGGCCAT,18,5184196
yqjE_yqjK_yqjD_yqjC_predicted,2.6666666666666665,31,8,ACGCGCGCGTCAAAGGGTTC,23,5221550
yqjE_yqjK_yqjD_yqjC_predicted,0.6666666666666666,13,8,ACGACGCTTCCCTAACATGT,5,5250553
yqjE_yqjK_yqjD_yqjC_predicted,0.6666666666666666,13,8,ACCTTTATGCAGTGATCTTA,5,5251059
yqjE_yqjK_yqjD_yqjC_predicted,0.2222222222222222,9,8,ACCTTGGTCGTGTCTTGTCT,1,5180641
yqjE_yqjK_yqjD_yqjC_predicted,0.2222222222222222,9,8,ACCTTGCTACTCAAGTGCGG,1,5255325
yqjE_yqjK_yqjD_yqjC_predicted,1.1111111111111112,17,8,ACCGGGTACAGTAGGTCAAA,9,5192351
yqjE_yqjK_yqjD_yqjC_predicted,1.0,16,8,ACCGAGAGTCAGCCCACTCC,8,5236182
yqjE_yqjK_yqjD_yqjC_predicted,0.7777777777777778,14,8,ACCGACACCTAGACGACTGT,6,5231783
yqjE_yqjK_yqjD_yqjC_predicted,0.2222222222222222,9,8,ACCATCGTGTCCCCTTATTA,1,5248523
yqjE_yqjK_yqjD_yqjC_predicted,0.2222222222222222,9,8,ACATCTGCGCGTAGGAGCTG,1,5207664
yqjE_yqjK_yqjD_yqjC_predicted,0.7777777777777778,14,8,ACAGTCTTGACCCGCCAGTT,6,5262687
yqjE_yqjK_yqjD_yqjC_predicted,1.3333333333333333,19,8,ACAGATCCTCCTCGCGGTCC,11,5198358
yqjE_yqjK_yqjD_yqjC_predicted,1.0,16,8,ACACCTGGGGCTGGAAACAT,8,5218286
yqjE_yqjK_yqjD_yqjC_predicted,0.6666666666666666,13,8,ACACATCTTACAAGCCGTTG,5,5170778
yqjE_yqjK_yqjD_yqjC_predicted,0.5555555555555556,12,8,ACAATCCATTTGTTTAGGTT,4,5187447
yqjE_yqjK_yqjD_yqjC_predicted,0.2222222222222222,9,8,ACAAGCTTATCGGGGTGCAT,1,5243660
yqjE_yqjK_yqjD_yqjC_predicted,1.8888888888888888,24,8,AATTCGATTATGCAGGTTCT,16,5197373
yqjE_yqjK_yqjD_yqjC_predicted,1.4444444444444444,20,8,AATCTGACATAAGTTACGCT,12,5175256
yqjE_yqjK_yqjD_yqjC_predicted,0.5555555555555556,12,8,AATAGCAGGCAAACCACAAT,4,5230775
yqjE_yqjK_yqjD_yqjC_predicted,0.2222222222222222,9,8,AAGTTGCTAGTCTGGTGCGT,1,5174141
yqjE_yqjK_yqjD_yqjC_predicted,5.666666666666667,58,8,AAGTGCTAAGCATACAGCTT,50,5175549
yqjE_yqjK_yqjD_yqjC_predicted,0.3333333333333333,10,8,AAGTCTACACCGTAACCACC,2,5208416
yqjE_yqjK_yqjD_yqjC_predicted,2.6666666666666665,31,8,AAGTCGCGTTAGCACATAGA,23,5209593
yqjE_yqjK_yqjD_yqjC_predicted,0.6666666666666666,13,8,AAGGTAGGCCATACTCATCC,5,5222994
yqjE_yqjK_yqjD_yqjC_predicted,1.5555555555555556,21,8,AAGGGTGCGGGCGACCACTT,13,5198295
yqjE_yqjK_yqjD_yqjC_predicted,0.6666666666666666,13,8,AAGCGTGTGGTGTGTCAGAT,5,5178284
yqjE_yqjK_yqjD_yqjC_predicted,0.4444444444444444,11,8,AAGCGACCTGTGGGGCATAA,3,5191347
yqjE_yqjK_yqjD_yqjC_predicted,1.4444444444444444,20,8,AAGCATGTACTTCCGATACG,12,5261573
yqjE_yqjK_yqjD_yqjC_predicted,0.6666666666666666,13,8,AAGCACGGTGTCCCTGTACC,5,5245697
yqjE_yqjK_yqjD_yqjC_predicted,0.4444444444444444,11,8,AAGCAAAATCATATCTTTTC,3,5210368
yqjE_yqjK_yqjD_yqjC_predicted,0.4444444444444444,11,8,AAGACCAGGTAGGTACCTTC,3,5250261
yqjE_yqjK_yqjD_yqjC_predicted,1.3333333333333333,19,8,AAGACCAGGCTAGCACCCTC,11,5257538
yqjE_yqjK_yqjD_yqjC_predicted,1.6666666666666667,22,8,AAGAAAGTGGCTCGTGTTAT,14,5183070
yqjE_yqjK_yqjD_yqjC_predicted,2.4444444444444446,29,8,AACTCCACTGCGACAAAGGG,21,5241759
yqjE_yqjK_yqjD_yqjC_predicted,0.4444444444444444,11,8,AACATGCGCACGTTGCGTTT,3,5241915
yqjE_yqjK_yqjD_yqjC_predicted,1.3333333333333333,19,8,AACAATAGTCCTATCTGGGA,11,5248942
yqjE_yqjK_yqjD_yqjC_predicted,0.7777777777777778,14,8,AAATTCGAGGTGGTCCCAGT,6,5227990
yqjE_yqjK_yqjD_yqjC_predicted,0.3333333333333333,10,8,AAATAAGCGGTTGTGAAATG,2,5249369
yqjE_yqjK_yqjD_yqjC_predicted,0.6666666666666666,13,8,AAACGTGAGATCAGGTGCGT,5,5262303
yqjE_yqjK_yqjD_yqjC_predicted,1.4444444444444444,20,8,AAACGCTGTCTTATATTGAG,12,5219718
yqjE_yqjK_yqjD_yqjC_predicted,0.7777777777777778,14,8,AAACCTCAAGGTGTCAGCTT,6,5195736
yqjE_yqjK_yqjD_yqjC_predicted,3.2222222222222223,36,8,AAAACTTACGGCCAACGAAT,28,5176247
yqjE_yqjK_yqjD_yqjC_predicted,1.875,21,7,TTTTTTCCGCTACGTCTCCA,14,5183283
yqjE_yqjK_yqjD_yqjC_predicted,0.5,10,7,TTTTTGCGCATGACGCAGAC,3,5215451
yqjE_yqjK_yqjD_yqjC_predicted,0.25,8,7,TTTTGTGAGGAGAGATGAAG,1,5187282
yqjE_yqjK_yqjD_yqjC_predicted,1.25,16,7,TTTTCTTGGCCACCCTTGCG,9,5216534
yqjE_yqjK_yqjD_yqjC_predicted,1.375,17,7,TTTTCGAGTTATATGGAATC,10,5225207
yqjE_yqjK_yqjD_yqjC_predicted,3.25,32,7,TTTTATCAGCGTGTCCTTTT,25,5190321
yqjE_yqjK_yqjD_yqjC_predicted,2.0,22,7,TTTGGTATAAAACTTGCATT,15,5221395
yqjE_yqjK_yqjD_yqjC_predicted,1.375,17,7,TTTGCTCAGGACCCCACCTA,10,5196386
yqjE_yqjK_yqjD_yqjC_predicted,1.875,21,7,TTTGCGGCATTATTAACACG,14,5176310
yqjE_yqjK_yqjD_yqjC_predicted,4.875,45,7,TTTGAGTTGCCCATGCTCAC,38,5254992
yqjE_yqjK_yqjD_yqjC_predicted,1.75,20,7,TTTGACTACTCCTATCGCGT,13,5257159
yqjE_yqjK_yqjD_yqjC_predicted,1.5,18,7,TTTCATACGAATCGTCGCTA,11,5252591
yqjE_yqjK_yqjD_yqjC_predicted,0.625,11,7,TTTCAAAACTTCTATCTCTG,4,5253194
yqjE_yqjK_yqjD_yqjC_predicted,1.5,18,7,TTTACCTTCGGAAAACACAG,11,5260828
yqjE_yqjK_yqjD_yqjC_predicted,3.25,32,7,TTTACCACGATTATCATCTT,25,5213411
yqjE_yqjK_yqjD_yqjC_predicted,0.375,9,7,TTTAAAGGGCCATTCAACAG,2,5247975
yqjE_yqjK_yqjD_yqjC_predicted,0.25,8,7,TTGTCATATTCTGTAGTCTG,1,5188347
yqjE_yqjK_yqjD_yqjC_predicted,0.5,10,7,TTGTAAAGTTTTGGCCAACC,3,5241916
yqjE_yqjK_yqjD_yqjC_predicted,2.625,27,7,TTGGGTGCTCAAGGTTGCCT,20,5197773
yqjE_yqjK_yqjD_yqjC_predicted,2.125,23,7,TTGCTCTTTGTTCTTTCTGG,16,5244208
yqjE_yqjK_yqjD_yqjC_predicted,1.25,16,7,TTGCTCGGGGAACGATTGCA,9,5223274
yqjE_yqjK_yqjD_yqjC_predicted,1.5,18,7,TTGCCACCCTGGTAAGATCC,11,5195065
yqjE_yqjK_yqjD_yqjC_predicted,0.625,11,7,TTGCACTCCTGACCTTATGA,4,5195768
yqjE_yqjK_yqjD_yqjC_predicted,1.0,14,7,TTGAGCTCAAAGGGCTAGGG,7,5260170
yqjE_yqjK_yqjD_yqjC_predicted,0.25,8,7,TTGACCCCATGAGTTGACCC,1,5237063
yqjE_yqjK_yqjD_yqjC_predicted,0.625,11,7,TTGAAGACGTGGACCAACCG,4,5226685
yqjE_yqjK_yqjD_yqjC_predicted,9.75,84,7,TTCTGATAGAAAATCGCTTC,77,5257385
yqjE_yqjK_yqjD_yqjC_predicted,2.5,26,7,TTCTGACGGCGCAATTGATA,19,5186292
yqjE_yqjK_yqjD_yqjC_predicted,3.375,33,7,TTCTATGTGCGCGAGAAACC,26,5204175
yqjE_yqjK_yqjD_yqjC_predicted,0.375,9,7,TTCGGCCCCTTTGTGCGGTA,2,5173166
yqjE_yqjK_yqjD_yqjC_predicted,1.75,20,7,TTCGGCCAGCAGCACCTTCT,13,5199680
yqjE_yqjK_yqjD_yqjC_predicted,0.25,8,7,TTCGCTCGTAACACAGGTTT,1,5185836
yqjE_yqjK_yqjD_yqjC_predicted,11.75,100,7,TTCGCCTTCTTGTTTAAGGG,93,5257336
yqjE_yqjK_yqjD_yqjC_predicted,1.25,16,7,TTCCGAGGTTGCGCCGTTAC,9,5253807
yqjE_yqjK_yqjD_yqjC_predicted,1.375,17,7,TTCCCTCTTCTCCGGGGGAC,10,5189803
yqjE_yqjK_yqjD_yqjC_predicted,2.375,25,7,TTCCCCCCGCGACCGGTGCG,18,5186172
yqjE_yqjK_yqjD_yqjC_predicted,1.875,21,7,TTCATGAGCGCATTTACAGC,14,5194736
yqjE_yqjK_yqjD_yqjC_predicted,0.625,11,7,TTCATATAAAGTGCCTGGTA,4,5235894
yqjE_yqjK_yqjD_yqjC_predicted,3.5,34,7,TTCAGGTCATTTTTGTATGG,27,5229602
yqjE_yqjK_yqjD_yqjC_predicted,0.375,9,7,TTATCCATCGTAATTGATGA,2,5259498
yqjE_yqjK_yqjD_yqjC_predicted,1.625,19,7,TTAGTAGCCACTGCCGTGCT,12,5217483
yqjE_yqjK_yqjD_yqjC_predicted,2.0,22,7,TTAGATCAGTAGTGGCGTCT,15,5181953
yqjE_yqjK_yqjD_yqjC_predicted,1.0,14,7,TTACTAGCCTTTCAGCGTGT,7,5227264
yqjE_yqjK_yqjD_yqjC_predicted,0.625,11,7,TTACACGTGTATGTACAAAC,4,5242168
yqjE_yqjK_yqjD_yqjC_predicted,1.0,14,7,TTAATCGCGTTCTTCTATAC,7,5180840
yqjE_yqjK_yqjD_yqjC_predicted,1.375,17,7,TGTTTTGGGCGCTGTTGGTA,10,5231082
yqjE_yqjK_yqjD_yqjC_predicted,1.375,17,7,TGTTGCCCGGACCAGGGCCA,10,5170869
yqjE_yqjK_yqjD_yqjC_predicted,2.75,28,7,TGTTCTGTCGCCCAATAGGA,21,5196331
yqjE_yqjK_yqjD_yqjC_predicted,0.25,8,7,TGTTATGAGGCTTTAAGAGT,1,5243079
yqjE_yqjK_yqjD_yqjC_predicted,1.375,17,7,TGTGTATGTCACGCTGACAT,10,5179707
yqjE_yqjK_yqjD_yqjC_predicted,0.375,9,7,TGTGATAGAGTTGTACATAG,2,5241118
yqjE_yqjK_yqjD_yqjC_predicted,1.875,21,7,TGTATAACATTCGATACCTT,14,5237298
yqjE_yqjK_yqjD_yqjC_predicted,0.5,10,7,TGTAAACGCCAGATCCGATA,3,5197889
yqjE_yqjK_yqjD_yqjC_predicted,0.25,8,7,TGGTTCGTCGATCTTTACCA,1,5205403
yqjE_yqjK_yqjD_yqjC_predicted,1.0,14,7,TGGTTATCATCAATCTCCCG,7,5177749
yqjE_yqjK_yqjD_yqjC_predicted,0.875,13,7,TGGTGGCCTCCTAGTAACTT,6,5244067
yqjE_yqjK_yqjD_yqjC_predicted,1.625,19,7,TGGTGCTTCAGTGGGAGTGA,12,5225500
yqjE_yqjK_yqjD_yqjC_predicted,1.5,18,7,TGGGTAGCATAACATCGGAC,11,5230754
yqjE_yqjK_yqjD_yqjC_predicted,5.75,52,7,TGGGGTTGCGGAGGCAACTG,45,5191953
yqjE_yqjK_yqjD_yqjC_predicted,0.375,9,7,TGGGGAGTCCAAACATAGTG,2,5224309
yqjE_yqjK_yqjD_yqjC_predicted,0.375,9,7,TGGGACCGTGGAGTCGGTCC,2,5209908
yqjE_yqjK_yqjD_yqjC_predicted,0.375,9,7,TGGCTCGCAAGAACACCAGA,2,5211418
yqjE_yqjK_yqjD_yqjC_predicted,1.5,18,7,TGGCGTCTCTTTTTGTTTCG,11,5243420
yqjE_yqjK_yqjD_yqjC_predicted,0.375,9,7,TGGCCGGATGGACCCGGAGG,2,5217166
yqjE_yqjK_yqjD_yqjC_predicted,0.25,8,7,TGGCACTGGTTTCTCCGGGT,1,5206381
yqjE_yqjK_yqjD_yqjC_predicted,1.625,19,7,TGGCACATGGAACACCTGTA,12,5206257
yqjE_yqjK_yqjD_yqjC_predicted,3.25,32,7,TGGACGCAAAATGGAGTGGC,25,5187619
yqjE_yqjK_yqjD_yqjC_predicted,3.5,34,7,TGCTTGAGTGTCCTTTTTGG,27,5260838
yqjE_yqjK_yqjD_yqjC_predicted,0.625,11,7,TGCTGCTCGGCGATTTCCTG,4,5227263
yqjE_yqjK_yqjD_yqjC_predicted,1.875,21,7,TGCTGAGCCTGTATGCTTGT,14,5235305
yqjE_yqjK_yqjD_yqjC_predicted,1.875,21,7,TGCTGAAGTCACTCAAAGTC,14,5237126
yqjE_yqjK_yqjD_yqjC_predicted,0.5,10,7,TGCTGAAACAGGCTCGGCTG,3,5228200
yqjE_yqjK_yqjD_yqjC_predicted,0.25,8,7,TGCTATAATTAGTGGGCTTA,1,5244690
yqjE_yqjK_yqjD_yqjC_predicted,0.625,11,7,TGCGAAGCACAGTGTCGAAC,4,5254599
yqjE_yqjK_yqjD_yqjC_predicted,3.125,31,7,TGCCAATAATGTACGACTTT,24,5174333
yqjE_yqjK_yqjD_yqjC_predicted,0.25,8,7,TGCAGAGAGGTCAGATGAGG,1,5182560
yqjE_yqjK_yqjD_yqjC_predicted,1.75,20,7,TGATTACGCGATAATTCCTA,13,5217717
yqjE_yqjK_yqjD_yqjC_predicted,0.375,9,7,TGATGGAGAGGTTTGTATTT,2,5181765
yqjE_yqjK_yqjD_yqjC_predicted,0.25,8,7,TGATCCAGTGACGGGAATAT,1,5208630
yqjE_yqjK_yqjD_yqjC_predicted,1.125,15,7,TGATATCGGTTCAAATCCTA,8,5241262
yqjE_yqjK_yqjD_yqjC_predicted,1.125,15,7,TGAGCTTCATCCAATCTCAA,8,5178768
yqjE_yqjK_yqjD_yqjC_predicted,1.625,19,7,TGAGCATATGATCGACACCA,12,5226868
yqjE_yqjK_yqjD_yqjC_predicted,0.75,12,7,TGAGACCTAAAACCTAGTTC,5,5213437
yqjE_yqjK_yqjD_yqjC_predicted,1.0,14,7,TGAGAAACCCGGCTGACATG,7,5249453
yqjE_yqjK_yqjD_yqjC_predicted,0.75,12,7,TGACTAGCCACTCTGGCTGA,5,5248722
yqjE_yqjK_yqjD_yqjC_predicted,3.25,32,7,TGAATCTGAATATCACTGTG,25,5192130
yqjE_yqjK_yqjD_yqjC_predicted,1.375,17,7,TGAAGATGCCGTGCATTACG,10,5179781
yqjE_yqjK_yqjD_yqjC_predicted,0.5,10,7,TGAAACTCGTATAGTACCAA,3,5221000
yqjE_yqjK_yqjD_yqjC_predicted,0.5,10,7,TCTTTATTTGACTGTTTGAA,3,5221884
yqjE_yqjK_yqjD_yqjC_predicted,1.125,15,7,TCTTTAGAGACCGTGCTACA,8,5185369
yqjE_yqjK_yqjD_yqjC_predicted,0.75,12,7,TCTTGGGGCTCAGTTCTCAA,5,5212468
yqjE_yqjK_yqjD_yqjC_predicted,1.75,20,7,TCTTCGGATAGTTTAGATAA,13,5174408
yqjE_yqjK_yqjD_yqjC_predicted,2.5,26,7,TCTTCCTTATCGAACTCAGA,19,5261459
yqjE_yqjK_yqjD_yqjC_predicted,2.375,25,7,TCTTCAGCGAACCCAAACGG,18,5221149
yqjE_yqjK_yqjD_yqjC_predicted,0.375,9,7,TCTTATGGTGTAGCCGTGCT,2,5229723
yqjE_yqjK_yqjD_yqjC_predicted,1.0,14,7,TCTTAGTGGTGTAAGTGTGT,7,5232706
yqjE_yqjK_yqjD_yqjC_predicted,1.375,17,7,TCTGTCCGCTATGAGATGAA,10,5218936
yqjE_yqjK_yqjD_yqjC_predicted,0.25,8,7,TCTCCATCACATCTTAAAAT,1,5262611
yqjE_yqjK_yqjD_yqjC_predicted,1.125,15,7,TCTAAGTGTTTCACACCGGC,8,5228693
yqjE_yqjK_yqjD_yqjC_predicted,0.375,9,7,TCGTTGATCTATAGTTAACC,2,5256184
yqjE_yqjK_yqjD_yqjC_predicted,1.375,17,7,TCGTCCAGGCTGTGTAAAAT,10,5256376
yqjE_yqjK_yqjD_yqjC_predicted,0.5,10,7,TCGTATCGGGTTATGCAAAT,3,5251455
yqjE_yqjK_yqjD_yqjC_predicted,1.0,14,7,TCGTACCGACGAGGACACCG,7,5182749
yqjE_yqjK_yqjD_yqjC_predicted,0.625,11,7,TCGGATTTAACCATACACTC,4,5245625
yqjE_yqjK_yqjD_yqjC_predicted,0.5,10,7,TCGATCGAGCCCACATCGAC,3,5225402
yqjE_yqjK_yqjD_yqjC_predicted,0.75,12,7,TCGATAGGTGCTAGTTGTCT,5,5214237
yqjE_yqjK_yqjD_yqjC_predicted,0.875,13,7,TCGACCTTCGACATAATACT,6,5193323
yqjE_yqjK_yqjD_yqjC_predicted,0.75,12,7,TCGAAATGGTTTAGCCGGCT,5,5240458
yqjE_yqjK_yqjD_yqjC_predicted,1.25,16,7,TCCTTGTATCTGTCACGGCT,9,5175041
yqjE_yqjK_yqjD_yqjC_predicted,0.75,12,7,TCCTTACGACCAGAGCAGTA,5,5194966
yqjE_yqjK_yqjD_yqjC_predicted,2.0,22,7,TCCTGCACGAGGTATCCTTC,15,5236236
yqjE_yqjK_yqjD_yqjC_predicted,3.25,32,7,TCCGTCTTCGTAGTGGAGGT,25,5257701
yqjE_yqjK_yqjD_yqjC_predicted,0.25,8,7,TCCGTCTGGAGCGGTTTCTA,1,5212963
yqjE_yqjK_yqjD_yqjC_predicted,1.5,18,7,TCCGTAATGTCCGAGCACAC,11,5197206
yqjE_yqjK_yqjD_yqjC_predicted,1.5,18,7,TCCCATAGGCACTTACGCAT,11,5204960
yqjE_yqjK_yqjD_yqjC_predicted,0.875,13,7,TCCAGCTTGGTGGTGAGCGG,6,5232767
yqjE_yqjK_yqjD_yqjC_predicted,1.125,15,7,TCCAGATTTGGACCCGCAAC,8,5233171
yqjE_yqjK_yqjD_yqjC_predicted,1.5,18,7,TCCACCACATTATTCCCATA,11,5233294
yqjE_yqjK_yqjD_yqjC_predicted,1.25,16,7,TCCAAGGTCTATTCGTTAGA,9,5201546
yqjE_yqjK_yqjD_yqjC_predicted,0.25,8,7,TCCAAGAAATTATTAGACCA,1,5235594
yqjE_yqjK_yqjD_yqjC_predicted,1.25,16,7,TCCAACTCCGTCCGCGCCCA,9,5228796
yqjE_yqjK_yqjD_yqjC_predicted,4.5,42,7,TCATTCTTGTTGCAGCAAGA,35,5173604
yqjE_yqjK_yqjD_yqjC_predicted,3.375,33,7,TCATGCCAATGAGTGATACT,26,5221456
yqjE_yqjK_yqjD_yqjC_predicted,1.25,16,7,TCATGCAAAATGTTTGGGGT,9,5225846
yqjE_yqjK_yqjD_yqjC_predicted,1.125,15,7,TCATCGGACTTTTGTTATGT,8,5208087
yqjE_yqjK_yqjD_yqjC_predicted,1.375,17,7,TCATCCTTTCACTTTCAGAA,10,5252009
yqjE_yqjK_yqjD_yqjC_predicted,1.375,17,7,TCAGCGCGCATTTGTCTCTG,10,5226802
yqjE_yqjK_yqjD_yqjC_predicted,2.125,23,7,TCAGCATACCTGCCTAACCC,16,5174244
yqjE_yqjK_yqjD_yqjC_predicted,0.25,8,7,TCAGATGGCTTACAGATCGC,1,5221883
yqjE_yqjK_yqjD_yqjC_predicted,2.125,23,7,TCACCTGGGGGAAACCCAGG,16,5219571
yqjE_yqjK_yqjD_yqjC_predicted,0.25,8,7,TCACACGGGCAGTGCTGCCG,1,5215268
yqjE_yqjK_yqjD_yqjC_predicted,1.25,16,7,TCAATTTACTGGTCGCGGGT,9,5196184
yqjE_yqjK_yqjD_yqjC_predicted,0.375,9,7,TCAAGGTGGCTCGGTCCCAC,2,5247427
yqjE_yqjK_yqjD_yqjC_predicted,6.125,55,7,TCAAGATCCGTATGCTTTAT,48,5245356
yqjE_yqjK_yqjD_yqjC_predicted,0.5,10,7,TATTCTTAAGTGACTTTCCT,3,5246275
yqjE_yqjK_yqjD_yqjC_predicted,0.375,9,7,TATGGATGAAATCCTAGATC,2,5178607
yqjE_yqjK_yqjD_yqjC_predicted,3.0,30,7,TATGCCACAAAGAGTAGTAC,23,5232493
yqjE_yqjK_yqjD_yqjC_predicted,2.125,23,7,TATCGCTTTCAGACACCGGT,16,5184764
yqjE_yqjK_yqjD_yqjC_predicted,1.625,19,7,TATCCGAATCTGCTTAATAA,12,5203633
yqjE_yqjK_yqjD_yqjC_predicted,5.625,51,7,TATCAGCCACGAAGACGGCA,44,5246236
yqjE_yqjK_yqjD_yqjC_predicted,1.375,17,7,TATAGCGCTAACAAGCTCCC,10,5171424
yqjE_yqjK_yqjD_yqjC_predicted,0.875,13,7,TAGTGACGTTACGTCCCGCA,6,5247226
yqjE_yqjK_yqjD_yqjC_predicted,0.25,8,7,TAGGTTAAATGTGCCCCCGT,1,5213487
yqjE_yqjK_yqjD_yqjC_predicted,2.25,24,7,TAGGTGAGATACGATGGTCT,17,5211536
yqjE_yqjK_yqjD_yqjC_predicted,1.625,19,7,TAGGATAAACGTCGACCGCG,12,5193891
yqjE_yqjK_yqjD_yqjC_predicted,1.75,20,7,TAGCCCTTTAACCTGCTAGC,13,5181739
yqjE_yqjK_yqjD_yqjC_predicted,0.25,8,7,TAGCAGCAGCGCGTGTCCAT,1,5249311
yqjE_yqjK_yqjD_yqjC_predicted,0.375,9,7,TAGCAGCAACGTCACTTACT,2,5259926
yqjE_yqjK_yqjD_yqjC_predicted,0.375,9,7,TAGCAACGAGGCTAGGCGCT,2,5184401
yqjE_yqjK_yqjD_yqjC_predicted,1.375,17,7,TAGATTGTCGAAAGTGGGTC,10,5251691
yqjE_yqjK_yqjD_yqjC_predicted,1.5,18,7,TAGAGGTTCAGCGTTATACT,11,5226367
yqjE_yqjK_yqjD_yqjC_predicted,0.625,11,7,TAGAGCGGCGTCTAGCTGAT,4,5188640
yqjE_yqjK_yqjD_yqjC_predicted,7.125,63,7,TAGAATTGCTGGGCTGTAGT,56,5229499
yqjE_yqjK_yqjD_yqjC_predicted,3.0,30,7,TACTCATCCCCTGGCCGTGA,23,5204272
yqjE_yqjK_yqjD_yqjC_predicted,0.875,13,7,TACTATCTGTGGACCACGAA,6,5181756
yqjE_yqjK_yqjD_yqjC_predicted,4.75,44,7,TACGTCGCGTTTAACTCTCC,37,5174511
yqjE_yqjK_yqjD_yqjC_predicted,2.25,24,7,TACGAGAGTTCCTTTCGAAA,17,5209017
yqjE_yqjK_yqjD_yqjC_predicted,0.875,13,7,TACGACCACTAACCAGGGTC,6,5243813
yqjE_yqjK_yqjD_yqjC_predicted,2.0,22,7,TACCAACCTGCGATCACGGA,15,5216648
yqjE_yqjK_yqjD_yqjC_predicted,2.125,23,7,TACAGCTTATTTCACACAGA,16,5171492
yqjE_yqjK_yqjD_yqjC_predicted,0.75,12,7,TACAAGACCAAGGTTTACAT,5,5228312
yqjE_yqjK_yqjD_yqjC_predicted,0.5,10,7,TAAGGGGACGCAGCCTCAAG,3,5174247
yqjE_yqjK_yqjD_yqjC_predicted,3.0,30,7,TAAGCTATAGTGGCATTGAC,23,5195063
yqjE_yqjK_yqjD_yqjC_predicted,0.625,11,7,TAAGCGTTTGCGGTACGCCT,4,5221166
yqjE_yqjK_yqjD_yqjC_predicted,0.25,8,7,TAAGACGTAACCGGGGACCA,1,5238268
yqjE_yqjK_yqjD_yqjC_predicted,4.625,43,7,TAAATTCGGTTTAGTATTTG,36,5178354
yqjE_yqjK_yqjD_yqjC_predicted,0.5,10,7,TAAAGTTTATTCTGTACAAG,3,5240252
yqjE_yqjK_yqjD_yqjC_predicted,0.625,11,7,TAAAGAATACGTCCTGTAGG,4,5217312
yqjE_yqjK_yqjD_yqjC_predicted,0.5,10,7,GTTTGTCGGAGGCTTGGGGC,3,5207965
yqjE_yqjK_yqjD_yqjC_predicted,0.75,12,7,GTTTGAAAGCCACTCGATTA,5,5173846
yqjE_yqjK_yqjD_yqjC_predicted,1.0,14,7,GTTGGAGGCAGGAGCGCGGT,7,5247766
yqjE_yqjK_yqjD_yqjC_predicted,1.375,17,7,GTTGCTCGAGCCGCTCACAC,10,5220950
yqjE_yqjK_yqjD_yqjC_predicted,0.25,8,7,GTTGATGAGTCTCCTCTACG,1,5210666
yqjE_yqjK_yqjD_yqjC_predicted,7.0,62,7,GTTCTCATTTCTCAGGCTGT,55,5182013
yqjE_yqjK_yqjD_yqjC_predicted,0.5,10,7,GTTCTACAGTCAAGACGTAA,3,5189776
yqjE_yqjK_yqjD_yqjC_predicted,1.125,15,7,GTTCAAATGTGCCTCCACTA,8,5186833
yqjE_yqjK_yqjD_yqjC_predicted,3.625,35,7,GTTAGTCTCGTCCTCATGGG,28,5192680
yqjE_yqjK_yqjD_yqjC_predicted,3.875,37,7,GTTAGGGGCCTCGTAGGCTC,30,5243854
yqjE_yqjK_yqjD_yqjC_predicted,0.375,9,7,GTTAGCTTAGCGGATGCTGC,2,5185568
yqjE_yqjK_yqjD_yqjC_predicted,0.25,8,7,GTTAATGCCGGCCCTTTCAT,1,5205398
yqjE_yqjK_yqjD_yqjC_predicted,2.125,23,7,GTGTTTAACCCCACCTTAAG,16,5177948
yqjE_yqjK_yqjD_yqjC_predicted,3.25,32,7,GTGTTAAAAGGTGTCAAAAG,25,5196532
yqjE_yqjK_yqjD_yqjC_predicted,3.125,31,7,GTGTCTAGGTATGAGGTTAA,24,5182156
yqjE_yqjK_yqjD_yqjC_predicted,0.5,10,7,GTGGTTGTCCGCTTTGCATG,3,5188377
yqjE_yqjK_yqjD_yqjC_predicted,1.375,17,7,GTGGAAAGTGGTCGAACGTT,10,5223268
yqjE_yqjK_yqjD_yqjC_predicted,1.25,16,7,GTGCTCATTGTAGGCTAGTA,9,5194370
yqjE_yqjK_yqjD_yqjC_predicted,3.125,31,7,GTGAGTTCAGCGATCAATTT,24,5214499
yqjE_yqjK_yqjD_yqjC_predicted,0.25,8,7,GTGACGCTCTTCGTGTTAGT,1,5257698
yqjE_yqjK_yqjD_yqjC_predicted,1.125,15,7,GTGACCCGATAAACGTCTCT,8,5195560
yqjE_yqjK_yqjD_yqjC_predicted,0.5,10,7,GTCGTAATCATTATGCCCAC,3,5240146
yqjE_yqjK_yqjD_yqjC_predicted,2.375,25,7,GTCGCTGTTTGATAGATATT,18,5259052
yqjE_yqjK_yqjD_yqjC_predicted,0.75,12,7,GTCCTTGTAAGGAGTTTCGA,5,5191356
yqjE_yqjK_yqjD_yqjC_predicted,2.625,27,7,GTCCTCGGTCCTTAAGGAGT,20,5224775
yqjE_yqjK_yqjD_yqjC_predicted,1.125,15,7,GTCCATGAAATCTCACTACC,8,5189368
yqjE_yqjK_yqjD_yqjC_predicted,1.75,20,7,GTCCACGCCCTACAGGTTCA,13,5206059
yqjE_yqjK_yqjD_yqjC_predicted,3.75,36,7,GTCATCTGAATCCCCGACCA,29,5188491
yqjE_yqjK_yqjD_yqjC_predicted,3.375,33,7,GTCAGCTGCCTATTAGTTCA,26,5227345
yqjE_yqjK_yqjD_yqjC_predicted,1.75,20,7,GTCACTGAGTATATCCTCAC,13,5247276
yqjE_yqjK_yqjD_yqjC_predicted,1.0,14,7,GTATGTGGAGTGAAAGCGAT,7,5220368
yqjE_yqjK_yqjD_yqjC_predicted,1.0,14,7,GTATCGACCTCCGCTGGACC,7,5198432
yqjE_yqjK_yqjD_yqjC_predicted,0.25,8,7,GTAGGTCTGTGCGTCACGCT,1,5232742
yqjE_yqjK_yqjD_yqjC_predicted,0.25,8,7,GTAGAGCCCACTATTTGACA,1,5199058
yqjE_yqjK_yqjD_yqjC_predicted,0.5,10,7,GTACCTCTGCGCTGATCACT,3,5203026
yqjE_yqjK_yqjD_yqjC_predicted,1.875,21,7,GTAATAGGCCTGCTACGAGG,14,5185775
yqjE_yqjK_yqjD_yqjC_predicted,0.625,11,7,GTAAGCTGCAAGCGTCGCAT,4,5246259
yqjE_yqjK_yqjD_yqjC_predicted,1.375,17,7,GTAAGCTAAACATGGGTAAA,10,5206629
yqjE_yqjK_yqjD_yqjC_predicted,0.875,13,7,GTAAAAGGGCTCACCGTGTG,6,5219263
yqjE_yqjK_yqjD_yqjC_predicted,0.375,9,7,GTAAAACCTGATACGAACAT,2,5170953
yqjE_yqjK_yqjD_yqjC_predicted,2.75,28,7,GTAAAACATGCTGTTCGACA,21,5202252
yqjE_yqjK_yqjD_yqjC_predicted,1.75,20,7,GGTTGGTCGGGGTGGAAATT,13,5238195
yqjE_yqjK_yqjD_yqjC_predicted,3.0,30,7,GGTTGACAATTCTGGGGTTC,23,5262041
yqjE_yqjK_yqjD_yqjC_predicted,1.625,19,7,GGTGTCACACCGTCTACTTT,12,5223553
yqjE_yqjK_yqjD_yqjC_predicted,2.375,25,7,GGTGCCTGCTCTTGCGCCTC,18,5212002
yqjE_yqjK_yqjD_yqjC_predicted,0.25,8,7,GGTGCAGGTGGCGGTGGTGA,1,5230504
yqjE_yqjK_yqjD_yqjC_predicted,0.375,9,7,GGTGATGGAATCATGAGTCA,2,5197172
yqjE_yqjK_yqjD_yqjC_predicted,1.5,18,7,GGTGACTACTGATTCTTAGA,11,5175728
yqjE_yqjK_yqjD_yqjC_predicted,2.625,27,7,GGTCACGGTTTGGCGGTTCT,20,5256363
yqjE_yqjK_yqjD_yqjC_predicted,2.5,26,7,GGTATCACGCGTGGTAAAAA,19,5247100
yqjE_yqjK_yqjD_yqjC_predicted,0.875,13,7,GGTACAAAGTTAAAACTGAT,6,5210053
yqjE_yqjK_yqjD_yqjC_predicted,0.75,12,7,GGTAACCACTGTCTAAGTGT,5,5202073
yqjE_yqjK_yqjD_yqjC_predicted,1.0,14,7,GGGTTCCTCAAGCCTACCCA,7,5240072
yqjE_yqjK_yqjD_yqjC_predicted,0.75,12,7,GGGTTAGACGTATGCAATCC,5,5237145
yqjE_yqjK_yqjD_yqjC_predicted,2.125,23,7,GGGTTACCCGAACCCTCGTA,16,5180032
yqjE_yqjK_yqjD_yqjC_predicted,0.5,10,7,GGGTGGACGGTTATGGCTCA,3,5205017
yqjE_yqjK_yqjD_yqjC_predicted,0.375,9,7,GGGTCCGATAATAGGACGTA,2,5237100
yqjE_yqjK_yqjD_yqjC_predicted,1.25,16,7,GGGGGGAATATCGTCGGCGT,9,5219559
yqjE_yqjK_yqjD_yqjC_predicted,0.625,11,7,GGGGACGAGACCAACGATTC,4,5195887
yqjE_yqjK_yqjD_yqjC_predicted,0.25,8,7,GGGGAATAGTGTGAGACTCT,1,5208761
yqjE_yqjK_yqjD_yqjC_predicted,1.5,18,7,GGGGAAGCATATGGAAGCCC,11,5251161
yqjE_yqjK_yqjD_yqjC_predicted,2.625,27,7,GGGCTGTTGTATCTTGCAAA,20,5243882
yqjE_yqjK_yqjD_yqjC_predicted,12.75,108,7,GGGCTAGAAAGGATTAATTT,101,5221268
yqjE_yqjK_yqjD_yqjC_predicted,0.5,10,7,GGGCGGCAGTAATGGGTGCT,3,5244623
yqjE_yqjK_yqjD_yqjC_predicted,0.625,11,7,GGGCATCAAGAGGCTTAGTC,4,5221430
yqjE_yqjK_yqjD_yqjC_predicted,2.0,22,7,GGGCAAACCCCTGTTATGCG,15,5189559
yqjE_yqjK_yqjD_yqjC_predicted,2.75,28,7,GGGATCTACGAGTCACGAGT,21,5260287
yqjE_yqjK_yqjD_yqjC_predicted,0.75,12,7,GGGATCCTGTGTCCTCCCGC,5,5246029
yqjE_yqjK_yqjD_yqjC_predicted,0.25,8,7,GGGATCCAGTCTGAAATAAT,1,5208371
yqjE_yqjK_yqjD_yqjC_predicted,0.5,10,7,GGGACCCTATCCCTCTCGTT,3,5235861
yqjE_yqjK_yqjD_yqjC_predicted,0.25,8,7,GGCTGCATTGCGCTAGATCA,1,5189226
yqjE_yqjK_yqjD_yqjC_predicted,0.5,10,7,GGCCCGTGTTTCAGTATTAT,3,5173217
yqjE_yqjK_yqjD_yqjC_predicted,1.0,14,7,GGCCAGATGCCCTATATATA,7,5174472
yqjE_yqjK_yqjD_yqjC_predicted,5.875,53,7,GGCAGTCGTGGAGTGGACAC,46,5233455
yqjE_yqjK_yqjD_yqjC_predicted,1.875,21,7,GGCAGGAGTCGGACAGATCT,14,5204185
yqjE_yqjK_yqjD_yqjC_predicted,0.75,12,7,GGCAGCAAATGGCGAAGACC,5,5208090
yqjE_yqjK_yqjD_yqjC_predicted,0.625,11,7,GGCAATTGGTTAGACGAACG,4,5220733
yqjE_yqjK_yqjD_yqjC_predicted,1.875,21,7,GGCAAATAAGCCGGACACTG,14,5237585
yqjE_yqjK_yqjD_yqjC_predicted,1.75,20,7,GGATCAGTCTGAGATAGTGC,13,5184055
yqjE_yqjK_yqjD_yqjC_predicted,1.625,19,7,GGATAGCATTGAGTAGACCC,12,5253016
yqjE_yqjK_yqjD_yqjC_predicted,0.625,11,7,GGAGGTTCCCCAACTTAAGT,4,5245510
yqjE_yqjK_yqjD_yqjC_predicted,1.875,21,7,GGAGAAGCCAGTCAATTACT,14,5221311
yqjE_yqjK_yqjD_yqjC_predicted,0.25,8,7,GGAAACTATTAGAATGCCGG,1,5198245
yqjE_yqjK_yqjD_yqjC_predicted,0.375,9,7,GCTTTCATGGGATACTCCAG,2,5215008
yqjE_yqjK_yqjD_yqjC_predicted,4.125,39,7,GCTTGGATGGCAGCGGCTGC,32,5244880
yqjE_yqjK_yqjD_yqjC_predicted,0.25,8,7,GCTTAACGCCAAGGTGTTCA,1,5172112
yqjE_yqjK_yqjD_yqjC_predicted,2.25,24,7,GCTTAAAATTTTGCAAGGTT,17,5262030
yqjE_yqjK_yqjD_yqjC_predicted,1.125,15,7,GCTGGTAATCTGGGGCCACC,8,5206440
yqjE_yqjK_yqjD_yqjC_predicted,0.375,9,7,GCTGATTCAAATGAATCACA,2,5190814
yqjE_yqjK_yqjD_yqjC_predicted,1.5,18,7,GCTGAATTTGTAGGGCTAAA,11,5247600
yqjE_yqjK_yqjD_yqjC_predicted,2.75,28,7,GCTCTTAATGATCGACCCTA,21,5248845
yqjE_yqjK_yqjD_yqjC_predicted,4.5,42,7,GCTCTCATTAGTATTATACA,35,5173988
yqjE_yqjK_yqjD_yqjC_predicted,2.125,23,7,GCTCGTAGAGATCTACCATG,16,5220512
yqjE_yqjK_yqjD_yqjC_predicted,0.5,10,7,GCTCAAGAACAGAGATACCC,3,5235411
yqjE_yqjK_yqjD_yqjC_predicted,4.0,38,7,GCTAGGGGGCGTTGTTTAAG,31,5248735
yqjE_yqjK_yqjD_yqjC_predicted,1.125,15,7,GCTACCTCCGAGAATTTAAG,8,5190462
yqjE_yqjK_yqjD_yqjC_predicted,2.875,29,7,GCGTTCGTCTAAAGGGACGA,22,5201787
yqjE_yqjK_yqjD_yqjC_predicted,0.25,8,7,GCGTTAAGCAGTTCGGAGGA,1,5245054
yqjE_yqjK_yqjD_yqjC_predicted,1.75,20,7,GCGTCTCAAGACCAAAGGTG,13,5206101
yqjE_yqjK_yqjD_yqjC_predicted,1.125,15,7,GCGTCGCCTGAAACCTTCTT,8,5182826
yqjE_yqjK_yqjD_yqjC_predicted,2.75,28,7,GCGGTAAAATCCGATATCGA,21,5227392
yqjE_yqjK_yqjD_yqjC_predicted,1.0,14,7,GCGGGAGGGAGTTCCATCGC,7,5238253
yqjE_yqjK_yqjD_yqjC_predicted,0.875,13,7,GCGGCCCGTACAAGAACTCC,6,5203668
yqjE_yqjK_yqjD_yqjC_predicted,2.5,26,7,GCGATATCGACTTGGCTTGA,19,5197528
yqjE_yqjK_yqjD_yqjC_predicted,4.375,41,7,GCGAGACCTAAGTAGAGCGT,34,5211931
yqjE_yqjK_yqjD_yqjC_predicted,2.5,26,7,GCCTTGCCGAACTTCACTCG,19,5245518
yqjE_yqjK_yqjD_yqjC_predicted,1.875,21,7,GCCTATACTCCTCGATTAAG,14,5211180
yqjE_yqjK_yqjD_yqjC_predicted,0.25,8,7,GCCGCGTACGATCATAGAAG,1,5175792
yqjE_yqjK_yqjD_yqjC_predicted,0.375,9,7,GCCGCGCCACCTGAGGCTGA,2,5184077
yqjE_yqjK_yqjD_yqjC_predicted,0.625,11,7,GCCCTCTGCAGCATACCAAG,4,5210332
yqjE_yqjK_yqjD_yqjC_predicted,0.5,10,7,GCCCGGCCACCGGGGGACTG,3,5203894
yqjE_yqjK_yqjD_yqjC_predicted,0.375,9,7,GCCCCGAGGACGTTCACTTC,2,5210931
yqjE_yqjK_yqjD_yqjC_predicted,0.625,11,7,GCCCAACGAGATATTGAGAT,4,5215206
yqjE_yqjK_yqjD_yqjC_predicted,4.125,39,7,GCCAGGGCGGCGTCCTTAGA,32,5194735
yqjE_yqjK_yqjD_yqjC_predicted,0.75,12,7,GCAGTTCACCGCGCGACTGT,5,5180628
yqjE_yqjK_yqjD_yqjC_predicted,0.375,9,7,GCAGAGTACGTGGCTCGGCA,2,5245827
yqjE_yqjK_yqjD_yqjC_predicted,1.0,14,7,GCAATCGGTATGGGTACAAC,7,5206380
yqjE_yqjK_yqjD_yqjC_predicted,0.625,11,7,GCAATCAAGGGCTCCCGGTG,4,5217662
yqjE_yqjK_yqjD_yqjC_predicted,2.5,26,7,GCAAGGTCTTGGTACTTTAG,19,5226795
yqjE_yqjK_yqjD_yqjC_predicted,1.25,16,7,GATTCTCGAGTCCTCTCCCA,9,5259685
yqjE_yqjK_yqjD_yqjC_predicted,1.625,19,7,GATTATGGCAATAGTCTAGT,12,5231547
yqjE_yqjK_yqjD_yqjC_predicted,0.625,11,7,GATGTGGAACCACCATGTTA,4,5184761
yqjE_yqjK_yqjD_yqjC_predicted,1.25,16,7,GATGGTCGATTTGAGCACGA,9,5220058
yqjE_yqjK_yqjD_yqjC_predicted,1.75,20,7,GATGGCATTTCTTGAGTTTG,13,5246873
yqjE_yqjK_yqjD_yqjC_predicted,0.25,8,7,GATGCGACACCCAAATTAGT,1,5185203
yqjE_yqjK_yqjD_yqjC_predicted,2.25,24,7,GATCGGTTCAACGCTATGCT,17,5174197
yqjE_yqjK_yqjD_yqjC_predicted,0.25,8,7,GATCCGCCGGTGGTGGACGG,1,5239865
yqjE_yqjK_yqjD_yqjC_predicted,2.875,29,7,GATATAGGGATCTCTCCAGT,22,5213032
yqjE_yqjK_yqjD_yqjC_predicted,0.5,10,7,GATAGGGGCATGGCACTTCG,3,5186116
yqjE_yqjK_yqjD_yqjC_predicted,0.375,9,7,GAGTCCAGCGTGCGAGGGGC,2,5180180
yqjE_yqjK_yqjD_yqjC_predicted,0.25,8,7,GAGTCACCTCGCGTTTAAGC,1,5174079
yqjE_yqjK_yqjD_yqjC_predicted,2.0,22,7,GAGTATTGATCATGTTCTTA,15,5178493
yqjE_yqjK_yqjD_yqjC_predicted,1.375,17,7,GAGGGGGTACCCCGTGCCCA,10,5202473
yqjE_yqjK_yqjD_yqjC_predicted,2.375,25,7,GAGCTATTGGGGGACCTGTA,18,5260098
yqjE_yqjK_yqjD_yqjC_predicted,2.0,22,7,GAGCTAAATGGTCTTGGGGT,15,5186444
yqjE_yqjK_yqjD_yqjC_predicted,2.25,24,7,GAGCGAAAGGTGGAGTATTC,17,5208712
yqjE_yqjK_yqjD_yqjC_predicted,4.75,44,7,GAGCATACTGTACTTTGCAA,37,5241739
yqjE_yqjK_yqjD_yqjC_predicted,0.25,8,7,GAGATCTAATTGGAACCTCT,1,5238413
yqjE_yqjK_yqjD_yqjC_predicted,1.375,17,7,GAGATCAGCTGCCTTGTTGA,10,5221015
yqjE_yqjK_yqjD_yqjC_predicted,0.375,9,7,GAGACCGCGTGATACACCAC,2,5247630
yqjE_yqjK_yqjD_yqjC_predicted,3.75,36,7,GAGACACCGAGCTACTCTAA,29,5238210
yqjE_yqjK_yqjD_yqjC_predicted,6.25,56,7,GAGACAATCCGTCTGGTTAA,49,5192947
yqjE_yqjK_yqjD_yqjC_predicted,0.875,13,7,GAGAACAAGAGCAATCGGTG,6,5215707
yqjE_yqjK_yqjD_yqjC_predicted,0.25,8,7,GAGAAATTTTTACTTTAGTA,1,5241263
yqjE_yqjK_yqjD_yqjC_predicted,0.75,12,7,GACTCTTTTAACGTATAGTC,5,5184124
yqjE_yqjK_yqjD_yqjC_predicted,0.25,8,7,GACTCTCTGTCCGATAGCCA,1,5219580
yqjE_yqjK_yqjD_yqjC_predicted,1.5,18,7,GACCTGGTCTGCCATTTTCC,11,5247280
yqjE_yqjK_yqjD_yqjC_predicted,2.5,26,7,GACCCAATTAGATGTGAGCT,19,5252726
yqjE_yqjK_yqjD_yqjC_predicted,0.375,9,7,GACCAACCTCCCGACCCTAT,2,5210198
yqjE_yqjK_yqjD_yqjC_predicted,1.0,14,7,GACACGACTGTGCGAACGGC,7,5200947
yqjE_yqjK_yqjD_yqjC_predicted,2.625,27,7,GAATTCTAACATCGAGTAAG,20,5181152
yqjE_yqjK_yqjD_yqjC_predicted,2.75,28,7,GAAGTTACGCCAAGCCTTAC,21,5202168
yqjE_yqjK_yqjD_yqjC_predicted,1.875,21,7,GAAGTAGGCTGAAAAACCCG,14,5214147
yqjE_yqjK_yqjD_yqjC_predicted,2.875,29,7,GAAGTAGCTACGTAGCAGAT,22,5211624
yqjE_yqjK_yqjD_yqjC_predicted,1.75,20,7,GAAGCACCTAACGGATCCTC,13,5232256
yqjE_yqjK_yqjD_yqjC_predicted,1.0,14,7,GAAGAGCCTGAGTATCTGAA,7,5187431
yqjE_yqjK_yqjD_yqjC_predicted,0.375,9,7,GAACTGCACAATGTGGGCTG,2,5237694
yqjE_yqjK_yqjD_yqjC_predicted,0.25,8,7,GAACATTAGAGAAGTGATTG,1,5211289
yqjE_yqjK_yqjD_yqjC_predicted,0.75,12,7,GAAAACGAAGTTCGAGGAAT,5,5206750
yqjE_yqjK_yqjD_yqjC_predicted,1.75,20,7,CTTTTATTACTGCGCACATG,13,5212207
yqjE_yqjK_yqjD_yqjC_predicted,0.625,11,7,CTTTCAGGCCGCAGTGAAAT,4,5228542
yqjE_yqjK_yqjD_yqjC_predicted,3.0,30,7,CTTTACCTCAATCACTCCCC,23,5171513
yqjE_yqjK_yqjD_yqjC_predicted,0.5,10,7,CTTTAAATATAATTTGGTAA,3,5196956
yqjE_yqjK_yqjD_yqjC_predicted,1.625,19,7,CTTGTTTCTAGGGGGCACAA,12,5230921
yqjE_yqjK_yqjD_yqjC_predicted,1.125,15,7,CTTGTCAAAGCCTATACCTA,8,5193172
yqjE_yqjK_yqjD_yqjC_predicted,1.625,19,7,CTTGGCATGTTCAGAGTCCA,12,5261440
yqjE_yqjK_yqjD_yqjC_predicted,0.5,10,7,CTTGAGGCGGCTGAGGTGAT,3,5186001
yqjE_yqjK_yqjD_yqjC_predicted,1.125,15,7,CTTGACTCATGGATCCGTAA,8,5230536
yqjE_yqjK_yqjD_yqjC_predicted,0.5,10,7,CTTGAAGTGAGTGGGGCGAT,3,5262603
yqjE_yqjK_yqjD_yqjC_predicted,2.125,23,7,CTTCGGACGTATTAGCTCGC,16,5214091
yqjE_yqjK_yqjD_yqjC_predicted,1.375,17,7,CTTCGCCAACTAAAATTACA,10,5262080
yqjE_yqjK_yqjD_yqjC_predicted,3.125,31,7,CTTCCTTCGGTTGTTTATAG,24,5219719
yqjE_yqjK_yqjD_yqjC_predicted,1.625,19,7,CTTCAATACCGGCTAGGGTT,12,5199908
yqjE_yqjK_yqjD_yqjC_predicted,1.5,18,7,CTTATTAGTATTTTATTCGA,11,5177608
yqjE_yqjK_yqjD_yqjC_predicted,0.5,10,7,CTTATCGAAACGCGTCATCA,3,5243401
yqjE_yqjK_yqjD_yqjC_predicted,2.375,25,7,CTTAGGCAGGTAGCGTCGCG,18,5178044
yqjE_yqjK_yqjD_yqjC_predicted,1.625,19,7,CTTAAGGTCTTAACGTACAG,12,5226977
yqjE_yqjK_yqjD_yqjC_predicted,0.75,12,7,CTGTGGTGTTACCCGCTGCA,5,5197300
yqjE_yqjK_yqjD_yqjC_predicted,2.625,27,7,CTGTGCCGTATGATGACGCA,20,5253946
yqjE_yqjK_yqjD_yqjC_predicted,0.625,11,7,CTGGTTTATAATGAGTTGGA,4,5225906
yqjE_yqjK_yqjD_yqjC_predicted,0.25,8,7,CTGGCGGTCGGCATGACCAA,1,5262013
yqjE_yqjK_yqjD_yqjC_predicted,3.75,36,7,CTGGCAATAAAGGTCTCCTA,29,5189970
yqjE_yqjK_yqjD_yqjC_predicted,0.375,9,7,CTGGAAACGCGCTAAGTGGC,2,5173066
yqjE_yqjK_yqjD_yqjC_predicted,0.625,11,7,CTGCTTTCATCAATGCAAGA,4,5194880
yqjE_yqjK_yqjD_yqjC_predicted,2.375,25,7,CTGCGATGCGCTCAAGCGAG,18,5175412
yqjE_yqjK_yqjD_yqjC_predicted,0.25,8,7,CTGCCGCTAACTAAAAATAT,1,5226053
yqjE_yqjK_yqjD_yqjC_predicted,0.5,10,7,CTGCATAACTGAGTCGGGCA,3,5212391
yqjE_yqjK_yqjD_yqjC_predicted,1.5,18,7,CTGCACACTTTGTGGAACCT,11,5194426
yqjE_yqjK_yqjD_yqjC_predicted,0.625,11,7,CTGATCTCGCGCTAGGCCAC,4,5251818
yqjE_yqjK_yqjD_yqjC_predicted,1.25,16,7,CTGAAGACGGCAACGGACAG,9,5192693
yqjE_yqjK_yqjD_yqjC_predicted,1.0,14,7,CTGAAATGGAAAACTTTTGC,7,5207173
yqjE_yqjK_yqjD_yqjC_predicted,1.5,18,7,CTCTCGTGCCGAGCTAAAAG,11,5244708
yqjE_yqjK_yqjD_yqjC_predicted,1.5,18,7,CTCTCGCGACTATTCGAAGT,11,5257401
yqjE_yqjK_yqjD_yqjC_predicted,3.125,31,7,CTCTCCATCGCGAAGGACTA,24,5261130
yqjE_yqjK_yqjD_yqjC_predicted,0.875,13,7,CTCCTCGCAGCGAGTGTCTG,6,5207547
yqjE_yqjK_yqjD_yqjC_predicted,0.25,8,7,CTCCATCACATCGAAATCTC,1,5201283
yqjE_yqjK_yqjD_yqjC_predicted,0.25,8,7,CTCCAGCATTGGCTGCCGTT,1,5221347
yqjE_yqjK_yqjD_yqjC_predicted,1.5,18,7,CTCATCCGCAGGCTAGGATG,11,5252087
yqjE_yqjK_yqjD_yqjC_predicted,0.25,8,7,CTCACGCCCCCGTTTACCAA,1,5255187
yqjE_yqjK_yqjD_yqjC_predicted,1.875,21,7,CTATGTATTTGATAGTGAAA,14,5241506
yqjE_yqjK_yqjD_yqjC_predicted,2.125,23,7,CTATATTAGCGTAGGATCGT,16,5232236
yqjE_yqjK_yqjD_yqjC_predicted,0.875,13,7,CTAGGTTCGGGGCCACTCAA,6,5231622
yqjE_yqjK_yqjD_yqjC_predicted,1.625,19,7,CTAGCTGATCGGGATTCATG,12,5224893
yqjE_yqjK_yqjD_yqjC_predicted,0.25,8,7,CTACCCAAGGCAGTGACGAT,1,5226891
yqjE_yqjK_yqjD_yqjC_predicted,1.125,15,7,CTACATTCCCCTACCAATTA,8,5187881
yqjE_yqjK_yqjD_yqjC_predicted,2.0,22,7,CTAAGGTTGCCAAATTCAGA,15,5170813
yqjE_yqjK_yqjD_yqjC_predicted,1.125,15,7,CTAACCTCTTTTCAAGAGCA,8,5175796
yqjE_yqjK_yqjD_yqjC_predicted,0.625,11,7,CTAACACTTGATTTTCATAA,4,5176349
yqjE_yqjK_yqjD_yqjC_predicted,1.125,15,7,CTAAATGAGTTTTAGAAACT,8,5219509
yqjE_yqjK_yqjD_yqjC_predicted,1.0,14,7,CTAAAGGGCAATTAACAATG,7,5177955
yqjE_yqjK_yqjD_yqjC_predicted,1.25,16,7,CTAAAAGAGTGCTTCAACAT,9,5233752
yqjE_yqjK_yqjD_yqjC_predicted,1.75,20,7,CGTTGGCGTTTGGGCTATGG,13,5186233
yqjE_yqjK_yqjD_yqjC_predicted,0.25,8,7,CGTGTTGGCGCTACACTCGG,1,5204578
yqjE_yqjK_yqjD_yqjC_predicted,3.875,37,7,CGTGTAAGCTTTCGATTCAT,30,5249558
yqjE_yqjK_yqjD_yqjC_predicted,2.5,26,7,CGTCGTCTCCTAGTTGCTTT,19,5232411
yqjE_yqjK_yqjD_yqjC_predicted,0.375,9,7,CGTCGCTTGGTGTCGGGCTG,2,5173605
yqjE_yqjK_yqjD_yqjC_predicted,2.125,23,7,CGTCGCGCAATGTCAAGTCA,16,5192100
yqjE_yqjK_yqjD_yqjC_predicted,2.75,28,7,CGTACGGTCTCCACCATACA,21,5212173
yqjE_yqjK_yqjD_yqjC_predicted,3.375,33,7,CGGGTGCGTATCGCCGAAGG,26,5171863
yqjE_yqjK_yqjD_yqjC_predicted,0.25,8,7,CGGGTGACCGTTACTCGAGT,1,5192183
yqjE_yqjK_yqjD_yqjC_predicted,0.75,12,7,CGGGGCATGCCATAGGCCGA,5,5214811
yqjE_yqjK_yqjD_yqjC_predicted,1.0,14,7,CGGGATTAGAAAAACAAGCA,7,5208827
yqjE_yqjK_yqjD_yqjC_predicted,2.375,25,7,CGGGATAAGCACGTAAGATG,18,5226516
yqjE_yqjK_yqjD_yqjC_predicted,1.25,16,7,CGGGAATCAAGCGTGGGCAA,9,5176547
yqjE_yqjK_yqjD_yqjC_predicted,1.0,14,7,CGGGAAGCAATTCCGGATCA,7,5260825
yqjE_yqjK_yqjD_yqjC_predicted,1.125,15,7,CGGCTGAACACTAACAATCT,8,5251360
yqjE_yqjK_yqjD_yqjC_predicted,2.75,28,7,CGGCCGAGAACGGTAAAAAC,21,5223770
yqjE_yqjK_yqjD_yqjC_predicted,1.875,21,7,CGGCAGCCAATGTAACCATC,14,5246320
yqjE_yqjK_yqjD_yqjC_predicted,0.25,8,7,CGGCACCGACAGCGGCAGCA,1,5219286
yqjE_yqjK_yqjD_yqjC_predicted,1.5,18,7,CGGCAAACCTGATCGGTTAC,11,5247215
yqjE_yqjK_yqjD_yqjC_predicted,0.625,11,7,CGCTTGATGGGATAGACCGT,4,5211176
yqjE_yqjK_yqjD_yqjC_predicted,0.25,8,7,CGCTAGCCATGCGTTACCTA,1,5194405
yqjE_yqjK_yqjD_yqjC_predicted,1.125,15,7,CGCTAACAGTACTCCCTCAC,8,5194813
yqjE_yqjK_yqjD_yqjC_predicted,1.25,16,7,CGCGCACAGTGCCCGGAACC,9,5262272
yqjE_yqjK_yqjD_yqjC_predicted,0.375,9,7,CGCCGTTACGCAGCTTGCCT,2,5242834
yqjE_yqjK_yqjD_yqjC_predicted,0.875,13,7,CGCCGCGGGCGCACTGTAAA,6,5175245
yqjE_yqjK_yqjD_yqjC_predicted,0.375,9,7,CGCATTATTACCCGACAGCT,2,5206258
yqjE_yqjK_yqjD_yqjC_predicted,2.75,28,7,CGCACCTTTTATGAAGTCTC,21,5207949
yqjE_yqjK_yqjD_yqjC_predicted,0.875,13,7,CGCAAACTACGGAGCTGACT,6,5202809
yqjE_yqjK_yqjD_yqjC_predicted,0.875,13,7,CGATGCCTAGGGTAGTCGCG,6,5198215
yqjE_yqjK_yqjD_yqjC_predicted,1.75,20,7,CGATAGTGGGGACCGTAGTC,13,5215311
yqjE_yqjK_yqjD_yqjC_predicted,5.625,51,7,CGATAGGGCTGCCAACGCCT,44,5237422
yqjE_yqjK_yqjD_yqjC_predicted,1.875,21,7,CGAGATACGCAGGGGGTAAT,14,5202820
yqjE_yqjK_yqjD_yqjC_predicted,0.25,8,7,CGACCATCAGGTCGTAGCCA,1,5251924
yqjE_yqjK_yqjD_yqjC_predicted,2.0,22,7,CGACAGCCGAGATCCTGCAG,15,5214681
yqjE_yqjK_yqjD_yqjC_predicted,0.25,8,7,CGAATTGGATCCCCTAAGTT,1,5187540
yqjE_yqjK_yqjD_yqjC_predicted,0.375,9,7,CGAATCCTATACCGCCTCTC,2,5242914
yqjE_yqjK_yqjD_yqjC_predicted,2.125,23,7,CGAATAATTCGTACCTCCCC,16,5200930
yqjE_yqjK_yqjD_yqjC_predicted,1.125,15,7,CGAAAATCTAGGCCAAGGAG,8,5214535
yqjE_yqjK_yqjD_yqjC_predicted,0.75,12,7,CCTTGAGCAAGAGGACTTCT,5,5211150
yqjE_yqjK_yqjD_yqjC_predicted,1.125,15,7,CCTTCGACTTCTCCCCGTAA,8,5194872
yqjE_yqjK_yqjD_yqjC_predicted,0.375,9,7,CCTGTCCATCTTACCTTCGT,2,5258217
yqjE_yqjK_yqjD_yqjC_predicted,3.5,34,7,CCTGGCCTAAATCCCACAAG,27,5196039
yqjE_yqjK_yqjD_yqjC_predicted,1.625,19,7,CCTGATATACACAGGCCGGA,12,5174210
yqjE_yqjK_yqjD_yqjC_predicted,0.25,8,7,CCTCTCAAATCACATAAACC,1,5179792
yqjE_yqjK_yqjD_yqjC_predicted,0.25,8,7,CCTCCTCTCCAGACCGTGGG,1,5242238
yqjE_yqjK_yqjD_yqjC_predicted,0.25,8,7,CCTCAAAAGGGGGCCTAAGA,1,5184872
yqjE_yqjK_yqjD_yqjC_predicted,0.25,8,7,CCTAAGGATTGTGAACGATC,1,5233905
yqjE_yqjK_yqjD_yqjC_predicted,1.875,21,7,CCGTGCAGGGGCCGGCCGCG,14,5253353
yqjE_yqjK_yqjD_yqjC_predicted,1.625,19,7,CCGGTCACCGAATCACTCTG,12,5243743
yqjE_yqjK_yqjD_yqjC_predicted,0.25,8,7,CCGGCGAACAACCATAAGAC,1,5213663
yqjE_yqjK_yqjD_yqjC_predicted,0.25,8,7,CCGGACTCGGCACGCCCGCC,1,5252010
yqjE_yqjK_yqjD_yqjC_predicted,2.75,28,7,CCGATTCCGTCAACAAGTGT,21,5198595
yqjE_yqjK_yqjD_yqjC_predicted,0.875,13,7,CCGATATTTTATCGGGGAAC,6,5225675
yqjE_yqjK_yqjD_yqjC_predicted,0.625,11,7,CCGACACGCGAGGTCCGTGG,4,5223795
yqjE_yqjK_yqjD_yqjC_predicted,1.25,16,7,CCGAATTCATCCACAGAAAC,9,5242607
yqjE_yqjK_yqjD_yqjC_predicted,1.875,21,7,CCCTTTTTGCTATACCATCA,14,5216797
yqjE_yqjK_yqjD_yqjC_predicted,2.625,27,7,CCCTGCCATATAAAGCAACT,20,5232197
yqjE_yqjK_yqjD_yqjC_predicted,1.0,14,7,CCCTGATTCTTGCTTTTCAT,7,5256928
yqjE_yqjK_yqjD_yqjC_predicted,1.375,17,7,CCCGTAGCCCTATGTACGAG,10,5200881
yqjE_yqjK_yqjD_yqjC_predicted,1.125,15,7,CCCGCGCGAAAGAAGAACGC,8,5205881
yqjE_yqjK_yqjD_yqjC_predicted,2.625,27,7,CCCCTCACAAGGACAAAGGG,20,5183073
yqjE_yqjK_yqjD_yqjC_predicted,0.875,13,7,CCCCCGCTGTAATTCGCATA,6,5222607
yqjE_yqjK_yqjD_yqjC_predicted,1.375,17,7,CCCCCGCCGCGATCAGATGG,10,5216325
yqjE_yqjK_yqjD_yqjC_predicted,0.5,10,7,CCCCACGTCTATGCCGATGG,3,5226194
yqjE_yqjK_yqjD_yqjC_predicted,1.375,17,7,CCCATAATCAGAATAGCGCT,10,5231922
yqjE_yqjK_yqjD_yqjC_predicted,4.625,43,7,CCCACGCTGTTTAGACTTCT,36,5172653
yqjE_yqjK_yqjD_yqjC_predicted,1.25,16,7,CCATTGCTCTTGCGCCAGAT,9,5210296
yqjE_yqjK_yqjD_yqjC_predicted,1.25,16,7,CCATGGTATCTCAGTGCGCC,9,5249593
yqjE_yqjK_yqjD_yqjC_predicted,0.375,9,7,CCACTATCATAATTCCGTCA,2,5239825
yqjE_yqjK_yqjD_yqjC_predicted,0.25,8,7,CCACAGACTCGGAACAATGT,1,5177573
yqjE_yqjK_yqjD_yqjC_predicted,2.0,22,7,CCAAGATTGAGCCTCGCCAT,15,5181642
yqjE_yqjK_yqjD_yqjC_predicted,0.5,10,7,CCAACCAGCAACCAGTGACA,3,5203109
yqjE_yqjK_yqjD_yqjC_predicted,2.5,26,7,CATTTCTCAGGAGCCATGGT,19,5183366
yqjE_yqjK_yqjD_yqjC_predicted,2.25,24,7,CATTACCATTGACAGTGGAG,17,5187675
yqjE_yqjK_yqjD_yqjC_predicted,2.25,24,7,CATTACAAACCCGAGTGCTA,17,5203031
yqjE_yqjK_yqjD_yqjC_predicted,0.625,11,7,CATGTATTGAGAGTAGTGCA,4,5217240
yqjE_yqjK_yqjD_yqjC_predicted,1.375,17,7,CATGGTCAGATGGTCTCGCC,10,5234527
yqjE_yqjK_yqjD_yqjC_predicted,0.375,9,7,CATCTCACCAGAAGCCGGTG,2,5193456
yqjE_yqjK_yqjD_yqjC_predicted,0.25,8,7,CATCGTGTCACGAACATGTG,1,5254400
yqjE_yqjK_yqjD_yqjC_predicted,1.0,14,7,CATCATGATTTTTGTTGCGT,7,5195414
yqjE_yqjK_yqjD_yqjC_predicted,1.875,21,7,CATATGTACTGATGCACATA,14,5247321
yqjE_yqjK_yqjD_yqjC_predicted,1.125,15,7,CATAGTCTCCCGGCTGAATG,8,5187448
yqjE_yqjK_yqjD_yqjC_predicted,2.375,25,7,CATAGGGAGCGACGTTAGGG,18,5194218
yqjE_yqjK_yqjD_yqjC_predicted,1.75,20,7,CAGTAACGATTGGTGTTGTC,13,5172482
yqjE_yqjK_yqjD_yqjC_predicted,0.75,12,7,CAGGTATAGACGAAGGTGTT,5,5259374
yqjE_yqjK_yqjD_yqjC_predicted,1.625,19,7,CAGGGGCTAGCTCACGGGTC,12,5197175
yqjE_yqjK_yqjD_yqjC_predicted,1.375,17,7,CAGGCTTTTCCATGTTACTT,10,5181590
yqjE_yqjK_yqjD_yqjC_predicted,0.25,8,7,CAGCTACGCCCACGCGCTTC,1,5224069
yqjE_yqjK_yqjD_yqjC_predicted,1.25,16,7,CAGCGTTCGGGCCATGACTA,9,5249315
yqjE_yqjK_yqjD_yqjC_predicted,0.375,9,7,CAGCGTCTCATAACATCTCC,2,5184532
yqjE_yqjK_yqjD_yqjC_predicted,1.0,14,7,CAGCGAAGCTCCAGCCAATG,7,5191191
yqjE_yqjK_yqjD_yqjC_predicted,1.875,21,7,CAGATTCAAATGTGGCAACG,14,5210029
yqjE_yqjK_yqjD_yqjC_predicted,1.0,14,7,CAGAATTGTCTTTTTTTGGT,7,5250422
yqjE_yqjK_yqjD_yqjC_predicted,1.875,21,7,CACTTAATGTCCACCTCTGA,14,5181648
yqjE_yqjK_yqjD_yqjC_predicted,3.625,35,7,CACTGCATTGGGCGGAGCAA,28,5178359
yqjE_yqjK_yqjD_yqjC_predicted,1.375,17,7,CACTAGATCGTACCGCATCA,10,5255206
yqjE_yqjK_yqjD_yqjC_predicted,2.0,22,7,CACGAACGGTTTAGGAATAC,15,5209006
yqjE_yqjK_yqjD_yqjC_predicted,0.875,13,7,CACCTTTATTAAAATACCTT,6,5199875
yqjE_yqjK_yqjD_yqjC_predicted,1.5,18,7,CACCACGGTCCCGATAACCC,11,5181566
yqjE_yqjK_yqjD_yqjC_predicted,0.25,8,7,CACATGGCCTCATATGGGCA,1,5177158
yqjE_yqjK_yqjD_yqjC_predicted,0.375,9,7,CACAGTAGCCTGATTCGGGA,2,5229975
yqjE_yqjK_yqjD_yqjC_predicted,0.375,9,7,CACAGGGGAAGTCTTCTGGA,2,5203496
yqjE_yqjK_yqjD_yqjC_predicted,1.875,21,7,CACACGACAGGATTGCCTCA,14,5248766
yqjE_yqjK_yqjD_yqjC_predicted,0.5,10,7,CAATTTTATAATATCTTGTA,3,5211457
yqjE_yqjK_yqjD_yqjC_predicted,0.75,12,7,CAATTGCGAGAGCGATACAA,5,5201208
yqjE_yqjK_yqjD_yqjC_predicted,1.5,18,7,CAATGTGAAAGCAACGTCCC,11,5241270
yqjE_yqjK_yqjD_yqjC_predicted,1.75,20,7,CAATGTACTGGTCAGGTATA,13,5205552
yqjE_yqjK_yqjD_yqjC_predicted,1.875,21,7,CAATCTGGCGATTGGGGAAA,14,5230069
yqjE_yqjK_yqjD_yqjC_predicted,1.875,21,7,CAATCTCCCCTTCGAACTAT,14,5218161
yqjE_yqjK_yqjD_yqjC_predicted,0.25,8,7,CAAGGGTCCGTTGCACGATA,1,5259761
yqjE_yqjK_yqjD_yqjC_predicted,3.75,36,7,CAAGATGGTGGCGACTGATA,29,5217917
yqjE_yqjK_yqjD_yqjC_predicted,1.75,20,7,CAAGAGCCGCTTGATGAAAT,13,5251155
yqjE_yqjK_yqjD_yqjC_predicted,0.375,9,7,CAACTGCCAAAGCACCGTCG,2,5199198
yqjE_yqjK_yqjD_yqjC_predicted,0.75,12,7,CAACGGCGGGCGGTGACTGT,5,5234754
yqjE_yqjK_yqjD_yqjC_predicted,0.875,13,7,CAAATAACCCTCGAGTCTGT,6,5262989
yqjE_yqjK_yqjD_yqjC_predicted,1.375,17,7,CAAAGAGGCGGAGCCATTTT,10,5229830
yqjE_yqjK_yqjD_yqjC_predicted,2.125,23,7,CAAAGACAGCCGGGCCATTG,16,5251091
yqjE_yqjK_yqjD_yqjC_predicted,1.125,15,7,CAAACCCTTAGAACACGTAT,8,5242098
yqjE_yqjK_yqjD_yqjC_predicted,2.0,22,7,CAAACATTGTATCCTGGTTT,15,5249449
yqjE_yqjK_yqjD_yqjC_predicted,1.75,20,7,ATTTCGCTCTTCTTGGCGAG,13,5175643
yqjE_yqjK_yqjD_yqjC_predicted,0.625,11,7,ATTCCGGGGAAACGTCATGT,4,5178703
yqjE_yqjK_yqjD_yqjC_predicted,2.125,23,7,ATTCCACCGGTACCACTGGA,16,5209895
yqjE_yqjK_yqjD_yqjC_predicted,3.875,37,7,ATTATATTTCGGCAACTGCC,30,5174530
yqjE_yqjK_yqjD_yqjC_predicted,2.0,22,7,ATTAGCCTGGACCTGACCGG,15,5196982
yqjE_yqjK_yqjD_yqjC_predicted,1.625,19,7,ATTAAGCATTTGTCCACCTG,12,5202668
yqjE_yqjK_yqjD_yqjC_predicted,1.125,15,7,ATGGTGTGCTGAGGTCCCGA,8,5248296
yqjE_yqjK_yqjD_yqjC_predicted,0.875,13,7,ATGGTCGGCCGGCCTCGCGA,6,5233696
yqjE_yqjK_yqjD_yqjC_predicted,1.625,19,7,ATGGTAAGTTTTCGGTGATA,12,5199159
yqjE_yqjK_yqjD_yqjC_predicted,1.375,17,7,ATGGTAAAAACCTCCGTAAT,10,5221459
yqjE_yqjK_yqjD_yqjC_predicted,0.375,9,7,ATGGGGTCAATTGGGAGGGT,2,5212885
yqjE_yqjK_yqjD_yqjC_predicted,2.875,29,7,ATGCCTGCGAGAGTAGAGGT,22,5254984
yqjE_yqjK_yqjD_yqjC_predicted,0.875,13,7,ATGATTCGGTTCAGGCACTG,6,5206453
yqjE_yqjK_yqjD_yqjC_predicted,4.0,38,7,ATGACTAAGTACAGCAAAAA,31,5226054
yqjE_yqjK_yqjD_yqjC_predicted,0.625,11,7,ATCTGTAACATAGGCCGAGA,4,5227929
yqjE_yqjK_yqjD_yqjC_predicted,0.625,11,7,ATCTCTCGTGTCCTTGTCAC,4,5175221
yqjE_yqjK_yqjD_yqjC_predicted,1.375,17,7,ATCTCCAAAGCAGGCTAGTA,10,5179028
yqjE_yqjK_yqjD_yqjC_predicted,0.75,12,7,ATCTAAGGAAAATGGATAGA,5,5185357
yqjE_yqjK_yqjD_yqjC_predicted,0.875,13,7,ATCGTCTTTCCAATCGCCTG,6,5229268
yqjE_yqjK_yqjD_yqjC_predicted,1.125,15,7,ATCGGCATCTGCGTCCTACA,8,5221675
yqjE_yqjK_yqjD_yqjC_predicted,0.75,12,7,ATCGCAGGGGTATGGCACTA,5,5235165
yqjE_yqjK_yqjD_yqjC_predicted,0.625,11,7,ATCGAGGGGGGCGTCACCAT,4,5195235
yqjE_yqjK_yqjD_yqjC_predicted,0.25,8,7,ATCCGTGATGACTATGTTTC,1,5186370
yqjE_yqjK_yqjD_yqjC_predicted,4.875,45,7,ATCCGCAGATGGGTGCGAAT,38,5198243
yqjE_yqjK_yqjD_yqjC_predicted,0.875,13,7,ATCAATGCTCCTCAAAGAAA,6,5182846
yqjE_yqjK_yqjD_yqjC_predicted,2.0,22,7,ATCAACAGCAGGGCTCTTCG,15,5251433
yqjE_yqjK_yqjD_yqjC_predicted,0.25,8,7,ATATAGGGGTAATGGTCTGC,1,5216880
yqjE_yqjK_yqjD_yqjC_predicted,1.75,20,7,ATATAACCGAAGTAAGAGTG,13,5232636
yqjE_yqjK_yqjD_yqjC_predicted,2.25,24,7,ATAGTCTACCCAAGGGGACA,17,5178490
yqjE_yqjK_yqjD_yqjC_predicted,0.5,10,7,ATAGCAGCCTAGTGGTGTAG,3,5211619
yqjE_yqjK_yqjD_yqjC_predicted,0.5,10,7,ATAGAATCTCAATGGTATGG,3,5180950
yqjE_yqjK_yqjD_yqjC_predicted,0.5,10,7,ATACTGACGCGGGTTGGGGT,3,5249267
yqjE_yqjK_yqjD_yqjC_predicted,1.5,18,7,ATACGACACGAGGTGGCAGT,11,5222584
yqjE_yqjK_yqjD_yqjC_predicted,2.625,27,7,ATACCATGCACACCGTCTGC,20,5249743
yqjE_yqjK_yqjD_yqjC_predicted,0.875,13,7,ATAATGTGTTGTAAGCCAGC,6,5229284
yqjE_yqjK_yqjD_yqjC_predicted,0.75,12,7,AGTTCGGTCGATATGGCGCT,5,5176396
yqjE_yqjK_yqjD_yqjC_predicted,0.25,8,7,AGTTCAGACGAAAGCACCAG,1,5239674
yqjE_yqjK_yqjD_yqjC_predicted,1.125,15,7,AGTTAGTTGCTATTAGGAAG,8,5239530
yqjE_yqjK_yqjD_yqjC_predicted,0.25,8,7,AGTGGTAAACAGTATTGTAG,1,5222836
yqjE_yqjK_yqjD_yqjC_predicted,0.25,8,7,AGTGCCTGAACCCTGATTGT,1,5239940
yqjE_yqjK_yqjD_yqjC_predicted,11.0,94,7,AGTGATCTAAGTAAAGAAGA,87,5204102
yqjE_yqjK_yqjD_yqjC_predicted,1.375,17,7,AGTCGTTGCTTAGACGCTGT,10,5236673
yqjE_yqjK_yqjD_yqjC_predicted,3.375,33,7,AGTCCGGAACGCCGCAACAC,26,5201584
yqjE_yqjK_yqjD_yqjC_predicted,0.75,12,7,AGTAGAGCGTGTACTCCTAC,5,5246781
yqjE_yqjK_yqjD_yqjC_predicted,1.125,15,7,AGTACTCCTCTAGGATTAAG,8,5171541
yqjE_yqjK_yqjD_yqjC_predicted,2.25,24,7,AGTAAGAGCTTAAGAATCAC,17,5218940
yqjE_yqjK_yqjD_yqjC_predicted,1.375,17,7,AGGTTCGTGACGAACGCATA,10,5260053
yqjE_yqjK_yqjD_yqjC_predicted,2.25,24,7,AGGTTACTCCAATATGCATC,17,5182736
yqjE_yqjK_yqjD_yqjC_predicted,1.625,19,7,AGGTCCGGGTGATGAAGAGA,12,5194677
yqjE_yqjK_yqjD_yqjC_predicted,0.75,12,7,AGGTACTCATTCCTTTATCT,5,5243870
yqjE_yqjK_yqjD_yqjC_predicted,2.375,25,7,AGGTACGGCCGGGTTGAAGG,18,5208681
yqjE_yqjK_yqjD_yqjC_predicted,2.875,29,7,AGGGCAATAAGCCTGTCTCA,22,5174250
yqjE_yqjK_yqjD_yqjC_predicted,0.25,8,7,AGGGACATTACAGAACCACT,1,5222856
yqjE_yqjK_yqjD_yqjC_predicted,1.5,18,7,AGGCTGATCCTCTCGGTAGA,11,5175187
yqjE_yqjK_yqjD_yqjC_predicted,0.25,8,7,AGGCCACACACGGGAAACGG,1,5213436
yqjE_yqjK_yqjD_yqjC_predicted,1.5,18,7,AGGAGCTGCACGGGGCCGCG,11,5227805
yqjE_yqjK_yqjD_yqjC_predicted,0.375,9,7,AGGACCAACGGATCACCTCG,2,5253961
yqjE_yqjK_yqjD_yqjC_predicted,1.125,15,7,AGGACACATCCTAGAACGAA,8,5218737
yqjE_yqjK_yqjD_yqjC_predicted,2.0,22,7,AGCTCCGCTATACCTGAGCC,15,5183539
yqjE_yqjK_yqjD_yqjC_predicted,3.625,35,7,AGCTACACCTGAATGTCCAA,28,5189229
yqjE_yqjK_yqjD_yqjC_predicted,1.625,19,7,AGCGTTTGCCAATTATTTGT,12,5216865
yqjE_yqjK_yqjD_yqjC_predicted,0.375,9,7,AGCGTGGGGCTCAGCAACGT,2,5250014
yqjE_yqjK_yqjD_yqjC_predicted,0.25,8,7,AGCGTGCGCAAGACTGAAAT,1,5184191
yqjE_yqjK_yqjD_yqjC_predicted,0.375,9,7,AGCGGATATATAGCCCAAAG,2,5221325
yqjE_yqjK_yqjD_yqjC_predicted,0.5,10,7,AGCCTTCGAGGCTTCCTTCT,3,5239731
yqjE_yqjK_yqjD_yqjC_predicted,0.375,9,7,AGCCTGCACTCAGGTGGGTG,2,5259812
yqjE_yqjK_yqjD_yqjC_predicted,1.875,21,7,AGCCTCCTCCTATAACAGCA,14,5230063
yqjE_yqjK_yqjD_yqjC_predicted,0.25,8,7,AGCCGGAGGGACGACGGGTT,1,5241772
yqjE_yqjK_yqjD_yqjC_predicted,5.0,46,7,AGCCGCATCAATCATCCTTA,39,5202014
yqjE_yqjK_yqjD_yqjC_predicted,1.125,15,7,AGCCACCATTATCGTATACT,8,5245881
yqjE_yqjK_yqjD_yqjC_predicted,2.5,26,7,AGCAGACCCACATACTTAAG,19,5180979
yqjE_yqjK_yqjD_yqjC_predicted,3.25,32,7,AGATGTTAAGGCCCGCACTT,25,5199182
yqjE_yqjK_yqjD_yqjC_predicted,1.5,18,7,AGATGCCCCTCTAGAAGGAC,11,5178537
yqjE_yqjK_yqjD_yqjC_predicted,2.25,24,7,AGATGCATGAAGTGGCAAAT,17,5243538
yqjE_yqjK_yqjD_yqjC_predicted,0.5,10,7,AGATCCTACAGATTAAGCCC,3,5229483
yqjE_yqjK_yqjD_yqjC_predicted,1.125,15,7,AGAGGCTGGGTGAATCACTA,8,5229941
yqjE_yqjK_yqjD_yqjC_predicted,1.0,14,7,AGAGGAGCTCAAGGTACTGA,7,5248749
yqjE_yqjK_yqjD_yqjC_predicted,3.25,32,7,AGAGCGGAAGAAGTGAAAAG,25,5245268
yqjE_yqjK_yqjD_yqjC_predicted,4.625,43,7,AGAGCAATACCCTCATGGTG,36,5189007
yqjE_yqjK_yqjD_yqjC_predicted,1.125,15,7,AGAGATGGATGTTTGGCTAT,8,5175205
yqjE_yqjK_yqjD_yqjC_predicted,1.125,15,7,AGAGACATACCGCGCCGGGA,8,5173071
yqjE_yqjK_yqjD_yqjC_predicted,1.75,20,7,AGACGTCCGGTATTTAGAGG,13,5181887
yqjE_yqjK_yqjD_yqjC_predicted,2.25,24,7,AGAAGCTCCCCGTGCTCCTG,17,5235388
yqjE_yqjK_yqjD_yqjC_predicted,0.75,12,7,ACTTGGTCATCATGGGACCC,5,5249330
yqjE_yqjK_yqjD_yqjC_predicted,1.25,16,7,ACTGTCGATCGTTAGCTCTC,9,5253890
yqjE_yqjK_yqjD_yqjC_predicted,1.0,14,7,ACTGGACTGGAGTTCGTGGT,7,5200751
yqjE_yqjK_yqjD_yqjC_predicted,0.375,9,7,ACTCTTACTCTGTGGGTCCT,2,5201187
yqjE_yqjK_yqjD_yqjC_predicted,2.25,24,7,ACTCCTGGTGAATGGGGAGT,17,5190819
yqjE_yqjK_yqjD_yqjC_predicted,0.75,12,7,ACTCAGAAGTGCAGGTCCGA,5,5223948
yqjE_yqjK_yqjD_yqjC_predicted,1.625,19,7,ACTAACATAGCCGGGAGGCA,12,5259813
yqjE_yqjK_yqjD_yqjC_predicted,1.75,20,7,ACGTTTATGGCCACTTTGTC,13,5255959
yqjE_yqjK_yqjD_yqjC_predicted,2.375,25,7,ACGTGTAAGCCGATTGCCTA,18,5225577
yqjE_yqjK_yqjD_yqjC_predicted,1.5,18,7,ACGTATCAGATCTTGTTCGG,11,5221090
yqjE_yqjK_yqjD_yqjC_predicted,3.5,34,7,ACGGTGGGGGCGTGTTACGT,27,5177855
yqjE_yqjK_yqjD_yqjC_predicted,5.25,48,7,ACGGGCTCTACCGTGACGAA,41,5183931
yqjE_yqjK_yqjD_yqjC_predicted,0.25,8,7,ACGGGCAAACGGTACGGTTT,1,5225972
yqjE_yqjK_yqjD_yqjC_predicted,1.625,19,7,ACGGCGAGGAAACTTGGAGG,12,5228969
yqjE_yqjK_yqjD_yqjC_predicted,0.25,8,7,ACGGACAATACATCGGTCAA,1,5245515
yqjE_yqjK_yqjD_yqjC_predicted,0.25,8,7,ACGCTGGTGCGTTTGTAGGG,1,5180139
yqjE_yqjK_yqjD_yqjC_predicted,2.375,25,7,ACGCGTGATGTTGTAAAACC,18,5223238
yqjE_yqjK_yqjD_yqjC_predicted,0.75,12,7,ACGCCTCCTAAGCGGTACTC,5,5208477
yqjE_yqjK_yqjD_yqjC_predicted,0.75,12,7,ACGCCGGAGGGATTCTTATT,5,5256137
yqjE_yqjK_yqjD_yqjC_predicted,0.25,8,7,ACGCCCGAGGTACGTACGCA,1,5213130
yqjE_yqjK_yqjD_yqjC_predicted,0.25,8,7,ACGATTATGCGCCGTCTGTT,1,5171215
yqjE_yqjK_yqjD_yqjC_predicted,1.25,16,7,ACGATGGAGATCATTAGTAT,9,5216008
yqjE_yqjK_yqjD_yqjC_predicted,1.625,19,7,ACGATCGTCCTAGAAAGGGT,12,5181482
yqjE_yqjK_yqjD_yqjC_predicted,0.625,11,7,ACGATACGCAATAGTACCAA,4,5242465
yqjE_yqjK_yqjD_yqjC_predicted,3.25,32,7,ACGATAATGACCCGGATAAG,25,5194290
yqjE_yqjK_yqjD_yqjC_predicted,3.125,31,7,ACGACACGGCGCAGCGTCAC,24,5194674
yqjE_yqjK_yqjD_yqjC_predicted,3.375,33,7,ACGAATCGTTCCGCAGGTGC,26,5254802
yqjE_yqjK_yqjD_yqjC_predicted,4.375,41,7,ACCTGGCATGGATAATCCAG,34,5180028
yqjE_yqjK_yqjD_yqjC_predicted,1.625,19,7,ACCGGGCAGCACAAAGAAAT,12,5230862
yqjE_yqjK_yqjD_yqjC_predicted,0.375,9,7,ACCGGAGCGCGTTACATCGT,2,5239461
yqjE_yqjK_yqjD_yqjC_predicted,0.25,8,7,ACCGAAGACCTAAACGAGGT,1,5185303
yqjE_yqjK_yqjD_yqjC_predicted,1.5,18,7,ACCCGGCCAAACGGCTACAG,11,5197600
yqjE_yqjK_yqjD_yqjC_predicted,1.625,19,7,ACCCCGCCGAGGGACTGTAA,12,5230423
yqjE_yqjK_yqjD_yqjC_predicted,1.375,17,7,ACCCAGTCCCCACCGTGGTA,10,5254808
yqjE_yqjK_yqjD_yqjC_predicted,0.25,8,7,ACCCAAGGCATTGCACTACT,1,5221875
yqjE_yqjK_yqjD_yqjC_predicted,0.25,8,7,ACCATCTGTTCGGACGCCTT,1,5237194
yqjE_yqjK_yqjD_yqjC_predicted,0.5,10,7,ACCAAAAAAATGAAAAAGAC,3,5213244
yqjE_yqjK_yqjD_yqjC_predicted,0.875,13,7,ACATCGGGCGACCGTTGATC,6,5183455
yqjE_yqjK_yqjD_yqjC_predicted,0.625,11,7,ACAGTGTAACTGAATTAGAA,4,5228835
yqjE_yqjK_yqjD_yqjC_predicted,1.5,18,7,ACAGAGTAAGTGATTCCGGG,11,5202710
yqjE_yqjK_yqjD_yqjC_predicted,0.25,8,7,ACACTCCTGCGTGTCAGAGT,1,5237869
yqjE_yqjK_yqjD_yqjC_predicted,1.5,18,7,ACACATTTGGGCTCTCGTAC,11,5235049
yqjE_yqjK_yqjD_yqjC_predicted,0.75,12,7,ACAATTGGAGAGCCGCCCCT,5,5237749
yqjE_yqjK_yqjD_yqjC_predicted,1.25,16,7,ACAATTCATATAAACCGGAG,9,5204900
yqjE_yqjK_yqjD_yqjC_predicted,0.5,10,7,ACAAGCCTCTATCTATGCGA,3,5231504
yqjE_yqjK_yqjD_yqjC_predicted,1.375,17,7,ACAACTTGCGAATTAACCTG,10,5240871
yqjE_yqjK_yqjD_yqjC_predicted,0.875,13,7,AATTGACTGAATCCATATTG,6,5234315
yqjE_yqjK_yqjD_yqjC_predicted,1.0,14,7,AATTACATCTAAGTCTATGG,7,5232991
yqjE_yqjK_yqjD_yqjC_predicted,1.25,16,7,AATGGCCCATAAGCTACCCA,9,5180798
yqjE_yqjK_yqjD_yqjC_predicted,0.25,8,7,AATGAAGCTGTTCAATCGAC,1,5233941
yqjE_yqjK_yqjD_yqjC_predicted,0.25,8,7,AATCCCACATAGCTAATAAT,1,5202635
yqjE_yqjK_yqjD_yqjC_predicted,0.625,11,7,AATCAGTATATGCACCGCTC,4,5223696
yqjE_yqjK_yqjD_yqjC_predicted,0.5,10,7,AATAGCAGTAGTATGAATCC,3,5225316
yqjE_yqjK_yqjD_yqjC_predicted,1.5,18,7,AAGTTGGGCGGCTACATAGC,11,5215478
yqjE_yqjK_yqjD_yqjC_predicted,1.125,15,7,AAGTCGAGAGTAATGACCTG,8,5218379
yqjE_yqjK_yqjD_yqjC_predicted,0.875,13,7,AAGGGTACATGGAGGCCTAT,6,5245334
yqjE_yqjK_yqjD_yqjC_predicted,1.75,20,7,AAGGCTACTGGAATGACCGC,13,5173033
yqjE_yqjK_yqjD_yqjC_predicted,2.5,26,7,AAGGATCAGGTATATAGCGG,19,5246366
yqjE_yqjK_yqjD_yqjC_predicted,0.25,8,7,AAGCTTTTAACAACGAGGAT,1,5257110
yqjE_yqjK_yqjD_yqjC_predicted,1.375,17,7,AAGCTGCATTCCCTTATCCT,10,5182255
yqjE_yqjK_yqjD_yqjC_predicted,0.625,11,7,AAGCGCGATGGGTGATCGCT,4,5171290
yqjE_yqjK_yqjD_yqjC_predicted,1.75,20,7,AAGAACTTTCAATCACACGA,13,5212343
yqjE_yqjK_yqjD_yqjC_predicted,1.125,15,7,AACTTCTGCTTAGGGACGGG,8,5225858
yqjE_yqjK_yqjD_yqjC_predicted,1.625,19,7,AACTTCTATCATGGATCTAT,12,5175943
yqjE_yqjK_yqjD_yqjC_predicted,4.0,38,7,AACTGTGGTAAGGTCCCGCC,31,5205396
yqjE_yqjK_yqjD_yqjC_predicted,0.375,9,7,AACTCAGAGGCGCTTATCTT,2,5222267
yqjE_yqjK_yqjD_yqjC_predicted,2.625,27,7,AACTAACACTACTAGAATTC,20,5214101
yqjE_yqjK_yqjD_yqjC_predicted,1.25,16,7,AACGTTTTGGGGGTCACTTC,9,5204874
yqjE_yqjK_yqjD_yqjC_predicted,2.375,25,7,AACGCTGTAGCGATTGCACA,18,5192625
yqjE_yqjK_yqjD_yqjC_predicted,0.5,10,7,AACGCGCGATACGAATCCCA,3,5194621
yqjE_yqjK_yqjD_yqjC_predicted,2.375,25,7,AACGAGATCCCGGTGCAGTT,18,5246024
yqjE_yqjK_yqjD_yqjC_predicted,2.5,26,7,AACCTTCACAACCTGTAACA,19,5184826
yqjE_yqjK_yqjD_yqjC_predicted,0.25,8,7,AACCTGTAGCCCGACGCGCA,1,5238091
yqjE_yqjK_yqjD_yqjC_predicted,1.0,14,7,AACCTCGCGTCCCAGGCGGT,7,5207245
yqjE_yqjK_yqjD_yqjC_predicted,0.375,9,7,AACAGACACGTCGAAAGAAT,2,5241379
yqjE_yqjK_yqjD_yqjC_predicted,1.375,17,7,AAATCTCTATCTGGTTGAGT,10,5234536
yqjE_yqjK_yqjD_yqjC_predicted,0.875,13,7,AAAGTTCTGCTCAGGAAGCT,6,5177160
yqjE_yqjK_yqjD_yqjC_predicted,0.25,8,7,AAAGTACCTTTTGGCCACGC,1,5233697
yqjE_yqjK_yqjD_yqjC_predicted,2.125,23,7,AAAGGTGTTTAAGTTGCTGC,16,5172971
yqjE_yqjK_yqjD_yqjC_predicted,1.625,19,7,AAACTGAGTAGATCCCGGTT,12,5248478
yqjE_yqjK_yqjD_yqjC_predicted,2.0,22,7,AAACGACCAGGCGAAAAATT,15,5220874
yqjE_yqjK_yqjD_yqjC_predicted,1.125,15,7,AAAAGGAAATCACGTGGATT,8,5204216
yqjE_yqjK_yqjD_yqjC_predicted,0.875,13,7,AAAAGCGGGTTCATGGGGCA,6,5239292
yqjE_yqjK_yqjD_yqjC_predicted,0.8571428571428571,11,6,TTTTGTTCACAATCAGAAGG,5,5236584
yqjE_yqjK_yqjD_yqjC_predicted,0.7142857142857143,10,6,TTTTCGTTCGGAGCGTTTAC,4,5262670
yqjE_yqjK_yqjD_yqjC_predicted,1.7142857142857142,17,6,TTTTATGGCCCGGTGGAGCG,11,5188415
yqjE_yqjK_yqjD_yqjC_predicted,0.42857142857142855,8,6,TTTGTCAGGTTAGATCCATA,2,5187374
yqjE_yqjK_yqjD_yqjC_predicted,1.2857142857142858,14,6,TTTGTATTGCTCGGCGACCA,8,5191637
yqjE_yqjK_yqjD_yqjC_predicted,1.1428571428571428,13,6,TTTGGGGCCAGTGGCTCTGG,7,5231337
yqjE_yqjK_yqjD_yqjC_predicted,1.1428571428571428,13,6,TTTCTTTTACGTTACTGCGT,7,5196662
yqjE_yqjK_yqjD_yqjC_predicted,0.7142857142857143,10,6,TTTCTTTTAATGAAGTGGCC,4,5219471
yqjE_yqjK_yqjD_yqjC_predicted,0.5714285714285714,9,6,TTTCTTTGTCTGAAAGCTCC,3,5194875
yqjE_yqjK_yqjD_yqjC_predicted,0.2857142857142857,7,6,TTTCGTGCATCTCCTTGGCT,1,5237392
yqjE_yqjK_yqjD_yqjC_predicted,2.4285714285714284,22,6,TTTCAGACATACGTTATGTT,16,5176473
yqjE_yqjK_yqjD_yqjC_predicted,2.142857142857143,20,6,TTTCAGAATAGATATGCTAT,14,5181334
yqjE_yqjK_yqjD_yqjC_predicted,1.5714285714285714,16,6,TTTCAAGAAGCCTTGCCTTA,10,5171750
yqjE_yqjK_yqjD_yqjC_predicted,2.5714285714285716,23,6,TTTATGAAACAAAGGTGGGG,17,5228789
yqjE_yqjK_yqjD_yqjC_predicted,3.142857142857143,27,6,TTTAGTGTATATAGGCGTTA,21,5172836
yqjE_yqjK_yqjD_yqjC_predicted,3.7142857142857144,31,6,TTTAGCCCTCCTCTATGTGT,25,5228188
yqjE_yqjK_yqjD_yqjC_predicted,2.2857142857142856,21,6,TTTACCCCCGAGTTGCTATA,15,5219839
yqjE_yqjK_yqjD_yqjC_predicted,0.2857142857142857,7,6,TTTACCATCCTCAGACAATA,1,5195998
yqjE_yqjK_yqjD_yqjC_predicted,16.0,117,6,TTGGTACGACACCCCTATTT,111,5257342
yqjE_yqjK_yqjD_yqjC_predicted,0.2857142857142857,7,6,TTGGCCCTGGTGAGACAACA,1,5190469
yqjE_yqjK_yqjD_yqjC_predicted,0.7142857142857143,10,6,TTGGAAACGCGATTGTAGCG,4,5203361
yqjE_yqjK_yqjD_yqjC_predicted,1.4285714285714286,15,6,TTGATATGTCTGATAGCGGC,9,5216757
yqjE_yqjK_yqjD_yqjC_predicted,0.2857142857142857,7,6,TTGAGGGTCATCAAGAGTTA,1,5205602
yqjE_yqjK_yqjD_yqjC_predicted,2.857142857142857,25,6,TTGAGCACTTATAGAGATAT,19,5202571
yqjE_yqjK_yqjD_yqjC_predicted,0.5714285714285714,9,6,TTGAAGGTAAAACAGTGTTA,3,5171045
yqjE_yqjK_yqjD_yqjC_predicted,1.1428571428571428,13,6,TTCTTTTCTGCACGTATGGA,7,5219795
yqjE_yqjK_yqjD_yqjC_predicted,4.0,33,6,TTCTTTACCGCCATGAGTAT,27,5197129
yqjE_yqjK_yqjD_yqjC_predicted,2.7142857142857144,24,6,TTCTGCTCGCTCGTGTATGC,18,5221551
yqjE_yqjK_yqjD_yqjC_predicted,3.7142857142857144,31,6,TTCCGTGAGCATGTGATTGG,25,5175027
yqjE_yqjK_yqjD_yqjC_predicted,1.2857142857142858,14,6,TTCCGCGCAGTGTATGGGTA,8,5233046
yqjE_yqjK_yqjD_yqjC_predicted,1.2857142857142858,14,6,TTCCCGTACCAAGAGTCATC,8,5246016
yqjE_yqjK_yqjD_yqjC_predicted,2.0,19,6,TTCCCGCGGGTAAGAGGACG,13,5260669
yqjE_yqjK_yqjD_yqjC_predicted,0.7142857142857143,10,6,TTCCCGAATGTATGTACGAC,4,5238421
yqjE_yqjK_yqjD_yqjC_predicted,3.857142857142857,32,6,TTCCATCTAGCACGAAAGCA,26,5254395
yqjE_yqjK_yqjD_yqjC_predicted,1.1428571428571428,13,6,TTCCATAATTCGGCACTGGT,7,5206796
yqjE_yqjK_yqjD_yqjC_predicted,0.2857142857142857,7,6,TTCAGGATAGTAAAGGGGCA,1,5198817
yqjE_yqjK_yqjD_yqjC_predicted,2.5714285714285716,23,6,TTCACGATTTTCGTTGTTCG,17,5204355
yqjE_yqjK_yqjD_yqjC_predicted,1.7142857142857142,17,6,TTCAACGTGAATTGTCTGGA,11,5214356
yqjE_yqjK_yqjD_yqjC_predicted,0.2857142857142857,7,6,TTCAACAGGTTTCGTGGACG,1,5186892
yqjE_yqjK_yqjD_yqjC_predicted,1.8571428571428572,18,6,TTATTTCACATCCCCCGGCG,12,5253369
yqjE_yqjK_yqjD_yqjC_predicted,1.4285714285714286,15,6,TTATCTGGAGTTGTCTGATC,9,5228185
yqjE_yqjK_yqjD_yqjC_predicted,1.5714285714285714,16,6,TTATACCAGCCCAGCACCTG,10,5202375
yqjE_yqjK_yqjD_yqjC_predicted,0.2857142857142857,7,6,TTAGGACAGGCAGTAACACT,1,5195473
yqjE_yqjK_yqjD_yqjC_predicted,0.8571428571428571,11,6,TTAGCGGGGGGTCCCTCGTC,5,5220451
yqjE_yqjK_yqjD_yqjC_predicted,1.0,12,6,TTAGCAGCGTTCGGCCACGC,6,5256802
yqjE_yqjK_yqjD_yqjC_predicted,0.42857142857142855,8,6,TTAGATTCGGTACATAAGTT,2,5250013
yqjE_yqjK_yqjD_yqjC_predicted,1.5714285714285714,16,6,TTAGATTCAGGTTTCTTATC,10,5252121
yqjE_yqjK_yqjD_yqjC_predicted,0.7142857142857143,10,6,TTAGACGTCCGCGGTTGATC,4,5258253
yqjE_yqjK_yqjD_yqjC_predicted,0.2857142857142857,7,6,TTAGAACGACCTTCTACTCT,1,5209092
yqjE_yqjK_yqjD_yqjC_predicted,0.5714285714285714,9,6,TTACTCTTGTATGCCGTCGC,3,5249467
yqjE_yqjK_yqjD_yqjC_predicted,2.0,19,6,TTACTCGCTAGAAGTGCAGC,13,5257471
yqjE_yqjK_yqjD_yqjC_predicted,0.42857142857142855,8,6,TTACGCCACGCCTCCTTTTG,2,5217515
yqjE_yqjK_yqjD_yqjC_predicted,4.857142857142857,39,6,TTAACTGAGAGGTTCGGATA,33,5194986
yqjE_yqjK_yqjD_yqjC_predicted,1.1428571428571428,13,6,TTAAATAATTTTCGTTATAA,7,5179433
yqjE_yqjK_yqjD_yqjC_predicted,0.8571428571428571,11,6,TTAAAGGTAGTTCGGCCGCA,5,5260307
yqjE_yqjK_yqjD_yqjC_predicted,3.0,26,6,TTAAAAGCTTTAACTAATCT,20,5214627
yqjE_yqjK_yqjD_yqjC_predicted,0.2857142857142857,7,6,TGTTGGAAGGCGACCACGTC,1,5236448
yqjE_yqjK_yqjD_yqjC_predicted,3.5714285714285716,30,6,TGTGTATGTATTCACGTTAG,24,5175897
yqjE_yqjK_yqjD_yqjC_predicted,1.7142857142857142,17,6,TGTGGCAGATACATCATTGC,11,5238065
yqjE_yqjK_yqjD_yqjC_predicted,2.4285714285714284,22,6,TGTGCTTACGGGCCGCCCTC,16,5223221
yqjE_yqjK_yqjD_yqjC_predicted,0.2857142857142857,7,6,TGTGCGCCGGTGCTCGCCAA,1,5186847
yqjE_yqjK_yqjD_yqjC_predicted,0.2857142857142857,7,6,TGTGATTTTGGTTTCGTATA,1,5191242
yqjE_yqjK_yqjD_yqjC_predicted,2.2857142857142856,21,6,TGTGATCCTTCGGCGGTTGA,15,5259676
yqjE_yqjK_yqjD_yqjC_predicted,1.2857142857142858,14,6,TGTGAATATATTAATAATTT,8,5213565
yqjE_yqjK_yqjD_yqjC_predicted,4.285714285714286,35,6,TGTCTTTGCGGCCTAGGGAA,29,5202054
yqjE_yqjK_yqjD_yqjC_predicted,1.5714285714285714,16,6,TGTCTGATTTACAGGGCTAG,10,5245448
yqjE_yqjK_yqjD_yqjC_predicted,0.2857142857142857,7,6,TGTCCTACTCTGCTAAGCAT,1,5257454
yqjE_yqjK_yqjD_yqjC_predicted,1.2857142857142858,14,6,TGTCAGCATCCAAGCTCTCA,8,5222637
yqjE_yqjK_yqjD_yqjC_predicted,1.2857142857142858,14,6,TGTAATTCAGGTCTGCAACA,8,5190774
yqjE_yqjK_yqjD_yqjC_predicted,1.2857142857142858,14,6,TGGTCTGTTTTGTCTGGCTC,8,5200152
yqjE_yqjK_yqjD_yqjC_predicted,2.142857142857143,20,6,TGGTATATTTCTTCTTGGTT,14,5232318
yqjE_yqjK_yqjD_yqjC_predicted,1.5714285714285714,16,6,TGGTAGCAAGTGGATTGTAC,10,5204156
yqjE_yqjK_yqjD_yqjC_predicted,6.428571428571429,50,6,TGGGGGGCCACAAATTTCGG,44,5243243
yqjE_yqjK_yqjD_yqjC_predicted,0.2857142857142857,7,6,TGGCTTTACCCTCCTTGCTT,1,5204592
yqjE_yqjK_yqjD_yqjC_predicted,5.714285714285714,45,6,TGCTGTACTGCCCTGACGTT,39,5223961
yqjE_yqjK_yqjD_yqjC_predicted,1.8571428571428572,18,6,TGCTACCAGATCTCTACCAC,12,5194990
yqjE_yqjK_yqjD_yqjC_predicted,1.2857142857142858,14,6,TGCGTTAAGACTGGAGTTTT,8,5216861
yqjE_yqjK_yqjD_yqjC_predicted,0.2857142857142857,7,6,TGCGCTGAGAGAAGATGCGG,1,5246318
yqjE_yqjK_yqjD_yqjC_predicted,1.7142857142857142,17,6,TGCCACAAACCCTATTCATA,11,5238785
yqjE_yqjK_yqjD_yqjC_predicted,0.8571428571428571,11,6,TGCATTTTATTGACTCCCGG,5,5243417
yqjE_yqjK_yqjD_yqjC_predicted,0.42857142857142855,8,6,TGCATGGTTCGATTCGCCCA,2,5208072
yqjE_yqjK_yqjD_yqjC_predicted,1.7142857142857142,17,6,TGCATCCAGCAATATAGTCT,11,5227530
yqjE_yqjK_yqjD_yqjC_predicted,1.0,12,6,TGCACCTGGCGACCCTTCCC,6,5219195
yqjE_yqjK_yqjD_yqjC_predicted,1.4285714285714286,15,6,TGCAATCACTTTGCGGTCCG,9,5214413
yqjE_yqjK_yqjD_yqjC_predicted,0.2857142857142857,7,6,TGCAAAGGTTTAGTAATTAG,1,5173490
yqjE_yqjK_yqjD_yqjC_predicted,0.5714285714285714,9,6,TGATTGTGATTGAGTGGTCC,3,5250807
yqjE_yqjK_yqjD_yqjC_predicted,0.42857142857142855,8,6,TGATTATCTAATCAGAGTTG,2,5236841
yqjE_yqjK_yqjD_yqjC_predicted,0.5714285714285714,9,6,TGATAACGTTTTGATTTAAA,3,5203875
yqjE_yqjK_yqjD_yqjC_predicted,0.2857142857142857,7,6,TGAGGAAGGTCAGATCCGAT,1,5255317
yqjE_yqjK_yqjD_yqjC_predicted,0.7142857142857143,10,6,TGACTTTTTGTATCGTTTTG,4,5250861
yqjE_yqjK_yqjD_yqjC_predicted,2.4285714285714284,22,6,TGACCTATTGGTAACTGTCA,16,5241138
yqjE_yqjK_yqjD_yqjC_predicted,2.857142857142857,25,6,TGACCGTTCTCACTGGGGGT,19,5184264
yqjE_yqjK_yqjD_yqjC_predicted,1.2857142857142858,14,6,TGACAATCGGAACTCACGGA,8,5253074
yqjE_yqjK_yqjD_yqjC_predicted,2.857142857142857,25,6,TGAAGCAACGACCATCGGAA,19,5241852
yqjE_yqjK_yqjD_yqjC_predicted,0.2857142857142857,7,6,TCTTTATGGGGCGTGCCGGA,1,5207589
yqjE_yqjK_yqjD_yqjC_predicted,1.7142857142857142,17,6,TCTTGGCTGCCACGTTGCGT,11,5225083
yqjE_yqjK_yqjD_yqjC_predicted,6.428571428571429,50,6,TCTTGCACAAGCTATGACAA,44,5203802
yqjE_yqjK_yqjD_yqjC_predicted,1.1428571428571428,13,6,TCTTCTGTTCCTGAGGTTGT,7,5230006
yqjE_yqjK_yqjD_yqjC_predicted,2.142857142857143,20,6,TCTTATTCAGGGATCATTGC,14,5240198
yqjE_yqjK_yqjD_yqjC_predicted,2.4285714285714284,22,6,TCTGTCGGCTCTGCACCACG,16,5225315
yqjE_yqjK_yqjD_yqjC_predicted,0.8571428571428571,11,6,TCTGCTGTCAGTCAATAGAC,5,5211765
yqjE_yqjK_yqjD_yqjC_predicted,0.2857142857142857,7,6,TCTGCCACACCTGGGATCTA,1,5197616
yqjE_yqjK_yqjD_yqjC_predicted,0.2857142857142857,7,6,TCTCTATGCAGCTTTGAAAG,1,5176583
yqjE_yqjK_yqjD_yqjC_predicted,3.5714285714285716,30,6,TCTCGCTCGCACCATCTTTG,24,5237844
yqjE_yqjK_yqjD_yqjC_predicted,1.0,12,6,TCTCGCGATGGGCCGTTACC,6,5229624
yqjE_yqjK_yqjD_yqjC_predicted,1.2857142857142858,14,6,TCTCATATTCGAGACTTCTA,8,5254620
yqjE_yqjK_yqjD_yqjC_predicted,4.428571428571429,36,6,TCTCAGTTTGAACACTGCTG,30,5234800
yqjE_yqjK_yqjD_yqjC_predicted,1.0,12,6,TCTATCCACCGAGCACGAAT,6,5215425
yqjE_yqjK_yqjD_yqjC_predicted,4.714285714285714,38,6,TCGTAGTCCTTGTTCCTGAT,32,5224478
yqjE_yqjK_yqjD_yqjC_predicted,5.714285714285714,45,6,TCGGTATGATTCCGGAGCGT,39,5175373
yqjE_yqjK_yqjD_yqjC_predicted,2.0,19,6,TCGGTATAGCAGGATTCGGT,13,5247526
yqjE_yqjK_yqjD_yqjC_predicted,0.8571428571428571,11,6,TCGGGACTCCCATGTAGGAA,5,5239492
yqjE_yqjK_yqjD_yqjC_predicted,0.5714285714285714,9,6,TCGGCAGCCGACCTTAATCT,3,5219717
yqjE_yqjK_yqjD_yqjC_predicted,1.8571428571428572,18,6,TCGGCACCCCAGCAAGCGGT,12,5221193
yqjE_yqjK_yqjD_yqjC_predicted,0.8571428571428571,11,6,TCGCTCTAGTCAGAGGGGTC,5,5241608
yqjE_yqjK_yqjD_yqjC_predicted,1.5714285714285714,16,6,TCGCGTTTGTCTGGCTCGGA,10,5195559
yqjE_yqjK_yqjD_yqjC_predicted,1.1428571428571428,13,6,TCGCGAGGTGCAGATGTCCG,7,5251406
yqjE_yqjK_yqjD_yqjC_predicted,2.142857142857143,20,6,TCGCACTGCAACAGGCTACA,14,5204271
yqjE_yqjK_yqjD_yqjC_predicted,0.42857142857142855,8,6,TCGACTGATTAAAGGCCTCA,2,5185914
yqjE_yqjK_yqjD_yqjC_predicted,2.5714285714285716,23,6,TCGACCAGGAAGTTGTATAC,17,5196425
yqjE_yqjK_yqjD_yqjC_predicted,0.7142857142857143,10,6,TCCTTATCTGAGCAAGTGTT,4,5188861
yqjE_yqjK_yqjD_yqjC_predicted,0.42857142857142855,8,6,TCCTCCGTGAAGGGCTGGCT,2,5217418
yqjE_yqjK_yqjD_yqjC_predicted,0.2857142857142857,7,6,TCCTCAAAGTACTTACAAAG,1,5256814
yqjE_yqjK_yqjD_yqjC_predicted,2.5714285714285716,23,6,TCCGGTCATGTCGGTCGTTC,17,5229034
yqjE_yqjK_yqjD_yqjC_predicted,1.0,12,6,TCCGCATGTTGTAGATAAAA,6,5227612
yqjE_yqjK_yqjD_yqjC_predicted,1.1428571428571428,13,6,TCCGCAAACCTGGCACGCTA,7,5246728
yqjE_yqjK_yqjD_yqjC_predicted,1.7142857142857142,17,6,TCCGATGTGCCGCTAGCTTC,11,5258762
yqjE_yqjK_yqjD_yqjC_predicted,0.7142857142857143,10,6,TCCCTAGACCCCTGATCAAT,4,5199056
yqjE_yqjK_yqjD_yqjC_predicted,5.285714285714286,42,6,TCCCCGACGATATTGTTGTA,36,5231785
yqjE_yqjK_yqjD_yqjC_predicted,0.7142857142857143,10,6,TCCCCCGAACGATATTTAGA,4,5253821
yqjE_yqjK_yqjD_yqjC_predicted,0.5714285714285714,9,6,TCCATGAATATTCGTATACC,3,5257168
yqjE_yqjK_yqjD_yqjC_predicted,0.2857142857142857,7,6,TCCACATCTGTGTCAAGCTC,1,5236754
yqjE_yqjK_yqjD_yqjC_predicted,0.7142857142857143,10,6,TCATTCTGGTTGTCCTTTGC,4,5176400
yqjE_yqjK_yqjD_yqjC_predicted,0.5714285714285714,9,6,TCATAATGGATTCCCTCGTG,3,5261409
yqjE_yqjK_yqjD_yqjC_predicted,2.857142857142857,25,6,TCAGTGTTCTTAAGACCGTT,19,5172468
yqjE_yqjK_yqjD_yqjC_predicted,0.2857142857142857,7,6,TCAGTCTGTGACAATGTCGT,1,5185082
yqjE_yqjK_yqjD_yqjC_predicted,0.42857142857142855,8,6,TCAGAATCACTGTGCATTTG,2,5255987
yqjE_yqjK_yqjD_yqjC_predicted,1.4285714285714286,15,6,TCAAGGTACGCCGATTCACA,9,5243518
yqjE_yqjK_yqjD_yqjC_predicted,0.2857142857142857,7,6,TATTTTGGAATTCTCTTGCT,1,5177693
yqjE_yqjK_yqjD_yqjC_predicted,2.142857142857143,20,6,TATTTGGATGGGGTATGGTT,14,5228897
yqjE_yqjK_yqjD_yqjC_predicted,1.8571428571428572,18,6,TATTGTATAGAATAAAGGGA,12,5192314
yqjE_yqjK_yqjD_yqjC_predicted,1.4285714285714286,15,6,TATGGTATACCACGACTGAA,9,5258415
yqjE_yqjK_yqjD_yqjC_predicted,0.42857142857142855,8,6,TATGCTTGAACGATCGGAAG,2,5205554
yqjE_yqjK_yqjD_yqjC_predicted,2.5714285714285716,23,6,TATGAGATACATCCACACAA,17,5195481
yqjE_yqjK_yqjD_yqjC_predicted,0.7142857142857143,10,6,TATCTGTTGCCCAGTGGGCG,4,5174841
yqjE_yqjK_yqjD_yqjC_predicted,1.4285714285714286,15,6,TATCGCGTTGTGTTGTTCTC,9,5247871
yqjE_yqjK_yqjD_yqjC_predicted,4.285714285714286,35,6,TATCATAGGTCACTGATGTA,29,5182754
yqjE_yqjK_yqjD_yqjC_predicted,0.2857142857142857,7,6,TAGGGGAGATGTTGTGTGGC,1,5227057
yqjE_yqjK_yqjD_yqjC_predicted,2.7142857142857144,24,6,TAGGGAGGCAGGGCACTCGC,18,5254884
yqjE_yqjK_yqjD_yqjC_predicted,0.2857142857142857,7,6,TAGGCCCAGGGTTGATCACA,1,5173017
yqjE_yqjK_yqjD_yqjC_predicted,0.7142857142857143,10,6,TAGACGCAAGGTGCGTCGGG,4,5195742
yqjE_yqjK_yqjD_yqjC_predicted,1.4285714285714286,15,6,TACTTTTAGTCAAGAGGACA,9,5177757
yqjE_yqjK_yqjD_yqjC_predicted,0.2857142857142857,7,6,TACTTTAGTTACGTACCTGA,1,5182351
yqjE_yqjK_yqjD_yqjC_predicted,1.8571428571428572,18,6,TACTTACTTGCGGCCTCCAA,12,5194415
yqjE_yqjK_yqjD_yqjC_predicted,0.7142857142857143,10,6,TACTTAACAGGGCGCTTTAA,4,5187557
yqjE_yqjK_yqjD_yqjC_predicted,3.5714285714285716,30,6,TACTCACGGACCATTCTAAT,24,5170867
yqjE_yqjK_yqjD_yqjC_predicted,1.1428571428571428,13,6,TACTACGAGCCTTACATGTT,7,5203909
yqjE_yqjK_yqjD_yqjC_predicted,2.4285714285714284,22,6,TACGTCCCGTTTGGACTTAA,16,5208923
yqjE_yqjK_yqjD_yqjC_predicted,3.0,26,6,TACGCGATTAGTATATGTAT,20,5229171
yqjE_yqjK_yqjD_yqjC_predicted,0.8571428571428571,11,6,TACGCAGCACTGAAATGAGC,5,5200513
yqjE_yqjK_yqjD_yqjC_predicted,4.0,33,6,TACGATAAGGAGATAGATGA,27,5251912
yqjE_yqjK_yqjD_yqjC_predicted,5.571428571428571,44,6,TACCGGTTAGCACCACCATC,38,5240256
yqjE_yqjK_yqjD_yqjC_predicted,0.42857142857142855,8,6,TACATGTGTAATTGGAGCCT,2,5197692
yqjE_yqjK_yqjD_yqjC_predicted,2.2857142857142856,21,6,TACAGGAAGTCGTAAGGCGA,15,5242254
yqjE_yqjK_yqjD_yqjC_predicted,0.5714285714285714,9,6,TAATTTAGTCGGGGAGTTAG,3,5249224
yqjE_yqjK_yqjD_yqjC_predicted,0.42857142857142855,8,6,TAATATTGGAGATTGTGAAG,2,5260275
yqjE_yqjK_yqjD_yqjC_predicted,0.2857142857142857,7,6,TAATATTACTTTCCTTTGGT,1,5200286
yqjE_yqjK_yqjD_yqjC_predicted,0.42857142857142855,8,6,TAATAAACCTTTTCCCTAGG,2,5193407
yqjE_yqjK_yqjD_yqjC_predicted,1.0,12,6,TAAGCTTGCTCCGCAGCATT,6,5214743
yqjE_yqjK_yqjD_yqjC_predicted,1.8571428571428572,18,6,TAACGGGCAGGCGGAGCATT,12,5181326
yqjE_yqjK_yqjD_yqjC_predicted,1.5714285714285714,16,6,TAACAAACTCCACCCGTAGT,10,5190062
yqjE_yqjK_yqjD_yqjC_predicted,3.5714285714285716,30,6,TAAATTTTTCGCAACGGGGA,24,5227514
yqjE_yqjK_yqjD_yqjC_predicted,2.142857142857143,20,6,TAAACAGAAGCGATGAAGTC,14,5257183
yqjE_yqjK_yqjD_yqjC_predicted,1.2857142857142858,14,6,TAAAAGCCAACCTGGCCCCT,8,5218063
yqjE_yqjK_yqjD_yqjC_predicted,2.142857142857143,20,6,GTTTTTTCGGGACTCCCCTA,14,5197514
yqjE_yqjK_yqjD_yqjC_predicted,0.8571428571428571,11,6,GTTTTTGAAACAGCGGTAAA,5,5209002
yqjE_yqjK_yqjD_yqjC_predicted,1.4285714285714286,15,6,GTTTTGGACGACCAGCGGTG,9,5171380
yqjE_yqjK_yqjD_yqjC_predicted,1.7142857142857142,17,6,GTTTGCTGGACGAAATTAAG,11,5231010
yqjE_yqjK_yqjD_yqjC_predicted,0.42857142857142855,8,6,GTTTGATGTAGATCCGCGGC,2,5237064
yqjE_yqjK_yqjD_yqjC_predicted,0.2857142857142857,7,6,GTTGTACCACCAATTGTCGT,1,5174143
yqjE_yqjK_yqjD_yqjC_predicted,1.5714285714285714,16,6,GTTGGGGTTGAATCGAGACC,10,5251530
yqjE_yqjK_yqjD_yqjC_predicted,0.5714285714285714,9,6,GTTGGGACTGTAAAAGAGTC,3,5184097
yqjE_yqjK_yqjD_yqjC_predicted,0.42857142857142855,8,6,GTTCCTACGACCCAGACCTG,2,5261380
yqjE_yqjK_yqjD_yqjC_predicted,1.0,12,6,GTTCATGTGGCCGGAGGGTC,6,5185126
yqjE_yqjK_yqjD_yqjC_predicted,1.1428571428571428,13,6,GTTATGCCGTACTCGAAGGT,7,5213490
yqjE_yqjK_yqjD_yqjC_predicted,0.5714285714285714,9,6,GTTATACGTTTGATGACGCG,3,5210127
yqjE_yqjK_yqjD_yqjC_predicted,3.0,26,6,GTTAGCTGGTCCAGCCGATT,20,5260522
yqjE_yqjK_yqjD_yqjC_predicted,0.7142857142857143,10,6,GTTACGGTCTTTTGATCCCA,4,5255954
yqjE_yqjK_yqjD_yqjC_predicted,0.2857142857142857,7,6,GTTAACTCTAGATTTCGCTC,1,5233389
yqjE_yqjK_yqjD_yqjC_predicted,2.0,19,6,GTGTTTCGACGGCGTATAGG,13,5186568
yqjE_yqjK_yqjD_yqjC_predicted,1.2857142857142858,14,6,GTGTTAGGCCGGCCCATACA,8,5236555
yqjE_yqjK_yqjD_yqjC_predicted,1.0,12,6,GTGTTACAGTCAACGCCAAC,6,5177649
yqjE_yqjK_yqjD_yqjC_predicted,2.5714285714285716,23,6,GTGTGACCATAACTGATTCT,17,5223818
yqjE_yqjK_yqjD_yqjC_predicted,1.7142857142857142,17,6,GTGGCTCGAACTATTGGGCT,11,5208583
yqjE_yqjK_yqjD_yqjC_predicted,1.1428571428571428,13,6,GTGGCGTACAATGATGGTAA,7,5255287
yqjE_yqjK_yqjD_yqjC_predicted,1.7142857142857142,17,6,GTGCCCAGCATCTAAGTCAC,11,5242752
yqjE_yqjK_yqjD_yqjC_predicted,0.2857142857142857,7,6,GTGATCAACGCAAGCCGGAT,1,5181518
yqjE_yqjK_yqjD_yqjC_predicted,0.2857142857142857,7,6,GTGAATGCTTGTATGGGGGC,1,5205960
yqjE_yqjK_yqjD_yqjC_predicted,1.8571428571428572,18,6,GTCTTTAGAATTTCAGAGGT,12,5262260
yqjE_yqjK_yqjD_yqjC_predicted,0.2857142857142857,7,6,GTCTGTCAAGAAGGAGAGCA,1,5222460
yqjE_yqjK_yqjD_yqjC_predicted,1.7142857142857142,17,6,GTCTGCAAGTCGAAGTGATA,11,5172708
yqjE_yqjK_yqjD_yqjC_predicted,1.1428571428571428,13,6,GTCTAAGCGGTTTAGAGCTG,7,5224221
yqjE_yqjK_yqjD_yqjC_predicted,3.142857142857143,27,6,GTCGAGGATACTCGTCGGTA,21,5226430
yqjE_yqjK_yqjD_yqjC_predicted,0.8571428571428571,11,6,GTCCTCGCTCACCCCTTAGC,5,5217602
yqjE_yqjK_yqjD_yqjC_predicted,2.857142857142857,25,6,GTCCGAGCGAGCGGCGCGGC,19,5224227
yqjE_yqjK_yqjD_yqjC_predicted,0.7142857142857143,10,6,GTCATCTCGGTATTTAAGGT,4,5207811
yqjE_yqjK_yqjD_yqjC_predicted,2.2857142857142856,21,6,GTCAGTTGCAGCGTTCCTAA,15,5251489
yqjE_yqjK_yqjD_yqjC_predicted,0.42857142857142855,8,6,GTATCTGAGAACCAGCTATC,2,5233162
yqjE_yqjK_yqjD_yqjC_predicted,3.2857142857142856,28,6,GTATCTCCAGAGCATTGGCC,22,5188384
yqjE_yqjK_yqjD_yqjC_predicted,4.142857142857143,34,6,GTATCCTAATGCGAGTGCGA,28,5230510
yqjE_yqjK_yqjD_yqjC_predicted,2.0,19,6,GTATACAGGAGAGAACTCCT,13,5200365
yqjE_yqjK_yqjD_yqjC_predicted,0.7142857142857143,10,6,GTATAAAGTGGGGAAGGCAT,4,5261125
yqjE_yqjK_yqjD_yqjC_predicted,2.2857142857142856,21,6,GTAGTTCTGCTTTCATAGCC,15,5235590
yqjE_yqjK_yqjD_yqjC_predicted,3.0,26,6,GTAGGGATCTAAATCTTAAC,20,5202910
yqjE_yqjK_yqjD_yqjC_predicted,1.0,12,6,GTACCCCTTGCATTTGTGAC,6,5185464
yqjE_yqjK_yqjD_yqjC_predicted,3.2857142857142856,28,6,GTACATCGCCAAAAACAACT,22,5223287
yqjE_yqjK_yqjD_yqjC_predicted,0.7142857142857143,10,6,GTAAGGGTGAACCTAAGCAG,4,5180296
yqjE_yqjK_yqjD_yqjC_predicted,2.142857142857143,20,6,GTAAACATAAGTTCTCTCCA,14,5172488
yqjE_yqjK_yqjD_yqjC_predicted,1.7142857142857142,17,6,GTAAAAGTTTCTGCCAGGGC,11,5185666
yqjE_yqjK_yqjD_yqjC_predicted,0.2857142857142857,7,6,GGTTTCAGTCGCCTTTACGC,1,5189412
yqjE_yqjK_yqjD_yqjC_predicted,1.7142857142857142,17,6,GGTTTATGTGCTTCTCGGCG,11,5231250
yqjE_yqjK_yqjD_yqjC_predicted,0.42857142857142855,8,6,GGTTGAGAATAGTCATTTAC,2,5184019
yqjE_yqjK_yqjD_yqjC_predicted,1.5714285714285714,16,6,GGTTCCTATACCGCGTCAGT,10,5236363
yqjE_yqjK_yqjD_yqjC_predicted,0.2857142857142857,7,6,GGTGGATATATGTTCTTAAA,1,5237028
yqjE_yqjK_yqjD_yqjC_predicted,1.4285714285714286,15,6,GGTGCCTAAGGGTCTTAGAA,9,5180502
yqjE_yqjK_yqjD_yqjC_predicted,1.2857142857142858,14,6,GGTCTGGAAATCGAGGGTCT,8,5237227
yqjE_yqjK_yqjD_yqjC_predicted,0.2857142857142857,7,6,GGTCCTAAAGCTGTATCGCA,1,5257029
yqjE_yqjK_yqjD_yqjC_predicted,1.2857142857142858,14,6,GGTCCCGTGAAATTGACGTT,8,5188804
yqjE_yqjK_yqjD_yqjC_predicted,1.5714285714285714,16,6,GGTCACATTCATCTACTTGA,10,5205613
yqjE_yqjK_yqjD_yqjC_predicted,0.2857142857142857,7,6,GGTATGACATCTACCTATTT,1,5232541
yqjE_yqjK_yqjD_yqjC_predicted,0.2857142857142857,7,6,GGTAAGAACAGGTACGACTA,1,5243982
yqjE_yqjK_yqjD_yqjC_predicted,1.4285714285714286,15,6,GGGTTCGAACTGTTCGGGAC,9,5186148
yqjE_yqjK_yqjD_yqjC_predicted,1.0,12,6,GGGTGGTGGGACTTTATCCA,6,5196443
yqjE_yqjK_yqjD_yqjC_predicted,0.8571428571428571,11,6,GGGTCGCATTCATTCTAGTA,5,5254092
yqjE_yqjK_yqjD_yqjC_predicted,2.142857142857143,20,6,GGGGTCGCTATTACAGCTAA,14,5236000
yqjE_yqjK_yqjD_yqjC_predicted,2.5714285714285716,23,6,GGGGTCGAGATGTCTGTATC,17,5253287
yqjE_yqjK_yqjD_yqjC_predicted,2.4285714285714284,22,6,GGGGCAGTGTCGCAACCTGT,16,5193326
yqjE_yqjK_yqjD_yqjC_predicted,3.5714285714285716,30,6,GGGCTTCAACTTATGCATTC,24,5251590
yqjE_yqjK_yqjD_yqjC_predicted,0.42857142857142855,8,6,GGGCTTACTCGACACTCGGG,2,5211239
yqjE_yqjK_yqjD_yqjC_predicted,3.0,26,6,GGGCTGCCAGCGGACCAGCC,20,5194722
yqjE_yqjK_yqjD_yqjC_predicted,1.5714285714285714,16,6,GGGCTCATGGGCAAGAGTTT,10,5247744
yqjE_yqjK_yqjD_yqjC_predicted,0.7142857142857143,10,6,GGGACTCCTGGACGAAACGT,4,5181293
yqjE_yqjK_yqjD_yqjC_predicted,0.2857142857142857,7,6,GGGAACCGCTACGTGGACTT,1,5229899
yqjE_yqjK_yqjD_yqjC_predicted,0.42857142857142855,8,6,GGCTTTTTGGGAGCTCGCGA,2,5217810
yqjE_yqjK_yqjD_yqjC_predicted,6.142857142857143,48,6,GGCTTAGCTACTTGCTCCAT,42,5240988
yqjE_yqjK_yqjD_yqjC_predicted,0.8571428571428571,11,6,GGCTGATATGTAACGCACAT,5,5191307
yqjE_yqjK_yqjD_yqjC_predicted,0.5714285714285714,9,6,GGCCCCGCCAGGTCAGCGTG,3,5245550
yqjE_yqjK_yqjD_yqjC_predicted,6.571428571428571,51,6,GGCAATGAAACTATAAGGCA,45,5220764
yqjE_yqjK_yqjD_yqjC_predicted,0.42857142857142855,8,6,GGATCTATAGTACTTGCTAG,2,5199204
yqjE_yqjK_yqjD_yqjC_predicted,0.2857142857142857,7,6,GGACTCTGTAAACCCTAGCG,1,5187748
yqjE_yqjK_yqjD_yqjC_predicted,4.142857142857143,34,6,GGACCTATTCCGCCCTAGTG,28,5224408
yqjE_yqjK_yqjD_yqjC_predicted,2.7142857142857144,24,6,GGAAGTATCGGAGGCTTCTT,18,5228917
yqjE_yqjK_yqjD_yqjC_predicted,0.2857142857142857,7,6,GCTTCGTTTGCTAGTCCATC,1,5229350
yqjE_yqjK_yqjD_yqjC_predicted,1.5714285714285714,16,6,GCTTATTGCATTGCGGCCAA,10,5209906
yqjE_yqjK_yqjD_yqjC_predicted,0.42857142857142855,8,6,GCTCGCTCACCACGGAGCGT,2,5190372
yqjE_yqjK_yqjD_yqjC_predicted,0.2857142857142857,7,6,GCTCCTCAGTACCCGGGCGC,1,5179786
yqjE_yqjK_yqjD_yqjC_predicted,1.8571428571428572,18,6,GCTATAGCGGGTAGACCGCG,12,5174559
yqjE_yqjK_yqjD_yqjC_predicted,0.5714285714285714,9,6,GCTAGTCCGGGAGCCGGCCT,3,5254243
yqjE_yqjK_yqjD_yqjC_predicted,2.857142857142857,25,6,GCTACTGTACTATGATCAAA,19,5192115
yqjE_yqjK_yqjD_yqjC_predicted,0.42857142857142855,8,6,GCTACAAGGTGAGTCCCGTA,2,5259315
yqjE_yqjK_yqjD_yqjC_predicted,0.5714285714285714,9,6,GCGTGGGATGAGGATCGATG,3,5245002
yqjE_yqjK_yqjD_yqjC_predicted,1.0,12,6,GCGTCATAGTGTCTGCAGTG,6,5209089
yqjE_yqjK_yqjD_yqjC_predicted,0.8571428571428571,11,6,GCGGGACCCATATGGGGACT,5,5205029
yqjE_yqjK_yqjD_yqjC_predicted,0.2857142857142857,7,6,GCGGCGTGGGGTGAGGTAAT,1,5187534
yqjE_yqjK_yqjD_yqjC_predicted,0.42857142857142855,8,6,GCGGAGCTTATCAGTGAAAC,2,5175069
yqjE_yqjK_yqjD_yqjC_predicted,0.5714285714285714,9,6,GCGCCACACAAGTCGTCCTG,3,5173376
yqjE_yqjK_yqjD_yqjC_predicted,1.0,12,6,GCGACACATTATGACGTGTC,6,5212952
yqjE_yqjK_yqjD_yqjC_predicted,0.5714285714285714,9,6,GCCTTCATACGAAACAAAGT,3,5243286
yqjE_yqjK_yqjD_yqjC_predicted,0.2857142857142857,7,6,GCCTAGTTGGGGAGCAATTT,1,5251595
yqjE_yqjK_yqjD_yqjC_predicted,1.4285714285714286,15,6,GCCTACAACATCTGCATTAC,9,5207081
yqjE_yqjK_yqjD_yqjC_predicted,0.8571428571428571,11,6,GCCTAACCTGATGTCCGTAA,5,5195955
yqjE_yqjK_yqjD_yqjC_predicted,0.8571428571428571,11,6,GCCTAAAATACGTCGATTGC,5,5207839
yqjE_yqjK_yqjD_yqjC_predicted,0.2857142857142857,7,6,GCCGGGGCAGGCTGCAAGTA,1,5181583
yqjE_yqjK_yqjD_yqjC_predicted,0.8571428571428571,11,6,GCCGGATTTTCCCAGACTAG,5,5232803
yqjE_yqjK_yqjD_yqjC_predicted,1.2857142857142858,14,6,GCCGATCTGCGTTTGTTGAC,8,5201832
yqjE_yqjK_yqjD_yqjC_predicted,2.0,19,6,GCCGAGGGGTATTTCGGATG,13,5249448
yqjE_yqjK_yqjD_yqjC_predicted,1.7142857142857142,17,6,GCCGACATTTCCCGTCACCT,11,5209147
yqjE_yqjK_yqjD_yqjC_predicted,1.2857142857142858,14,6,GCCCTGTCAAACTATAAGAT,8,5217304
yqjE_yqjK_yqjD_yqjC_predicted,1.7142857142857142,17,6,GCCCTGACTCACTCGAATTG,11,5240075
yqjE_yqjK_yqjD_yqjC_predicted,0.42857142857142855,8,6,GCCCTCCAACAAACGAGTAA,2,5216133
yqjE_yqjK_yqjD_yqjC_predicted,0.8571428571428571,11,6,GCCCATCCGTCTCGCCTGAA,5,5198630
yqjE_yqjK_yqjD_yqjC_predicted,0.5714285714285714,9,6,GCCAGGTACGGTCGGTGCGA,3,5186706
yqjE_yqjK_yqjD_yqjC_predicted,1.0,12,6,GCCACCGGCCGCGACTGGTA,6,5192016
yqjE_yqjK_yqjD_yqjC_predicted,0.7142857142857143,10,6,GCCAAAGGTTGTTTATTGCG,4,5260294
yqjE_yqjK_yqjD_yqjC_predicted,7.285714285714286,56,6,GCCAAACGATGAAAACACTG,50,5239588
yqjE_yqjK_yqjD_yqjC_predicted,0.42857142857142855,8,6,GCATCATGCGTGTGCCGGAC,2,5231900
yqjE_yqjK_yqjD_yqjC_predicted,0.5714285714285714,9,6,GCATAATTTATTAGTCAGGG,3,5255353
yqjE_yqjK_yqjD_yqjC_predicted,0.8571428571428571,11,6,GCAGCCTAACAGTACAATTT,5,5217869
yqjE_yqjK_yqjD_yqjC_predicted,0.42857142857142855,8,6,GCACTGAGTTCTATCACCCA,2,5242164
yqjE_yqjK_yqjD_yqjC_predicted,2.5714285714285716,23,6,GCACCACACGGTCTTATCGA,17,5190856
yqjE_yqjK_yqjD_yqjC_predicted,2.142857142857143,20,6,GCACATGCCCGTCTAAGTTG,14,5242906
yqjE_yqjK_yqjD_yqjC_predicted,1.0,12,6,GCAATTTGAAACGCATAATC,6,5194730
yqjE_yqjK_yqjD_yqjC_predicted,2.5714285714285716,23,6,GCAAGACCCCACGGGCCATC,17,5239909
yqjE_yqjK_yqjD_yqjC_predicted,2.5714285714285716,23,6,GCAAGACAGCGCCTCGATTA,17,5234554
yqjE_yqjK_yqjD_yqjC_predicted,2.7142857142857144,24,6,GATTTCTTCTTATCATAGCA,18,5222827
yqjE_yqjK_yqjD_yqjC_predicted,0.2857142857142857,7,6,GATGTGGCGTGATTCACGCT,1,5216494
yqjE_yqjK_yqjD_yqjC_predicted,0.42857142857142855,8,6,GATGTACACATCTCCTTTGG,2,5179901
yqjE_yqjK_yqjD_yqjC_predicted,0.42857142857142855,8,6,GATGCGGGTGACAGCGAGCG,2,5263000
yqjE_yqjK_yqjD_yqjC_predicted,5.857142857142857,46,6,GATCTATCATGACTTTACAA,40,5211873
yqjE_yqjK_yqjD_yqjC_predicted,2.0,19,6,GAGTATAGTGGCAAGTGGGT,13,5235335
yqjE_yqjK_yqjD_yqjC_predicted,0.2857142857142857,7,6,GAGTACACAATATGTTCACA,1,5215939
yqjE_yqjK_yqjD_yqjC_predicted,2.5714285714285716,23,6,GAGGTAGCTCTGAATACATT,17,5222779
yqjE_yqjK_yqjD_yqjC_predicted,0.7142857142857143,10,6,GAGCAGAGAGGCATCTTTTG,4,5172472
yqjE_yqjK_yqjD_yqjC_predicted,6.142857142857143,48,6,GAGATTGGTTCTCTAGCATA,42,5211505
yqjE_yqjK_yqjD_yqjC_predicted,1.7142857142857142,17,6,GAGACATAAACCTTGTTCAC,11,5236560
yqjE_yqjK_yqjD_yqjC_predicted,1.4285714285714286,15,6,GAGACAGGGAATTGCGACTG,9,5222283
yqjE_yqjK_yqjD_yqjC_predicted,2.5714285714285716,23,6,GAGAAAGCTCTATGTCCCAA,17,5261557
yqjE_yqjK_yqjD_yqjC_predicted,1.7142857142857142,17,6,GACTTGTAATCTCCCGTCAC,11,5229818
yqjE_yqjK_yqjD_yqjC_predicted,3.857142857142857,32,6,GACGAACAGGGGGCGCAGCC,26,5244301
yqjE_yqjK_yqjD_yqjC_predicted,2.2857142857142856,21,6,GACCTAAAAGAAACCGGACG,15,5246564
yqjE_yqjK_yqjD_yqjC_predicted,1.1428571428571428,13,6,GACATTGGTTGGGCTTGCCT,7,5217106
yqjE_yqjK_yqjD_yqjC_predicted,2.4285714285714284,22,6,GACACTAAGAAACAGGAATC,16,5262426
yqjE_yqjK_yqjD_yqjC_predicted,3.142857142857143,27,6,GACAATTTTAAGGCTCGCGG,21,5212397
yqjE_yqjK_yqjD_yqjC_predicted,0.8571428571428571,11,6,GAATTTGGTAAGGCGGTCGG,5,5184805
yqjE_yqjK_yqjD_yqjC_predicted,0.2857142857142857,7,6,GAATCTGGGCGGTGTACATG,1,5177276
yqjE_yqjK_yqjD_yqjC_predicted,0.8571428571428571,11,6,GAATCACCAAAACCTTCACC,5,5250263
yqjE_yqjK_yqjD_yqjC_predicted,0.7142857142857143,10,6,GAAGGCGCCTTTTGGACGCA,4,5197914
yqjE_yqjK_yqjD_yqjC_predicted,1.4285714285714286,15,6,GAAGAAGGTTGAATCCTTAA,9,5197208
yqjE_yqjK_yqjD_yqjC_predicted,2.5714285714285716,23,6,GAACGTATGAGACGACGGGA,17,5173924
yqjE_yqjK_yqjD_yqjC_predicted,2.7142857142857144,24,6,GAACCAGACAGACGCGTATG,18,5226075
yqjE_yqjK_yqjD_yqjC_predicted,3.4285714285714284,29,6,GAAAGTCTTCTGGTTTTCCT,23,5224411
yqjE_yqjK_yqjD_yqjC_predicted,0.8571428571428571,11,6,GAAAGTCCATGGCCTAACGC,5,5179922
yqjE_yqjK_yqjD_yqjC_predicted,7.0,54,6,GAAAGCGAGTATGCCTTCCC,48,5220757
yqjE_yqjK_yqjD_yqjC_predicted,1.1428571428571428,13,6,CTTTCCGTACTTTGCTTCCA,7,5243884
yqjE_yqjK_yqjD_yqjC_predicted,2.5714285714285716,23,6,CTTGTGCTCGGGGCAAGCAG,17,5242723
yqjE_yqjK_yqjD_yqjC_predicted,2.4285714285714284,22,6,CTTGATCGGCCTTCGTCCTC,16,5204523
yqjE_yqjK_yqjD_yqjC_predicted,0.2857142857142857,7,6,CTTCGTTCTGCGACAATACA,1,5220488
yqjE_yqjK_yqjD_yqjC_predicted,2.7142857142857144,24,6,CTTCGCGAATTACCATTTAG,18,5184245
yqjE_yqjK_yqjD_yqjC_predicted,2.142857142857143,20,6,CTTCAGCATTAGCATCGGGA,14,5196927
yqjE_yqjK_yqjD_yqjC_predicted,0.42857142857142855,8,6,CTTACAGATTACGTGCCTAT,2,5240996
yqjE_yqjK_yqjD_yqjC_predicted,0.5714285714285714,9,6,CTTAACATCCCGGCAAATAG,3,5188523
yqjE_yqjK_yqjD_yqjC_predicted,1.0,12,6,CTTAAATCGTAAGTGTGGGT,6,5220163
yqjE_yqjK_yqjD_yqjC_predicted,0.8571428571428571,11,6,CTGTCGGGCCACCGCCATAT,5,5188146
yqjE_yqjK_yqjD_yqjC_predicted,0.2857142857142857,7,6,CTGTATGGAGCGTACCGTAC,1,5236989
yqjE_yqjK_yqjD_yqjC_predicted,0.7142857142857143,10,6,CTGGTTTTGTAGCACCGCTA,4,5186985
yqjE_yqjK_yqjD_yqjC_predicted,0.2857142857142857,7,6,CTGGGGGTCATTTCATGAGT,1,5191848
yqjE_yqjK_yqjD_yqjC_predicted,0.2857142857142857,7,6,CTGGGGCTCGTGTCGTCGCT,1,5249724
yqjE_yqjK_yqjD_yqjC_predicted,2.0,19,6,CTGGCTACTCTCTTGATTCA,13,5217279
yqjE_yqjK_yqjD_yqjC_predicted,2.4285714285714284,22,6,CTGGAGACCAACGCGCTAGT,16,5171724
yqjE_yqjK_yqjD_yqjC_predicted,1.1428571428571428,13,6,CTGCGTAATGTCCACGCGTG,7,5178073
yqjE_yqjK_yqjD_yqjC_predicted,1.8571428571428572,18,6,CTGCACAGAGACGATGGGCA,12,5210847
yqjE_yqjK_yqjD_yqjC_predicted,1.2857142857142858,14,6,CTGCAACGTGGACATCGGCA,8,5238368
yqjE_yqjK_yqjD_yqjC_predicted,0.8571428571428571,11,6,CTCTGTTGAAACGATTGTCC,5,5192797
yqjE_yqjK_yqjD_yqjC_predicted,0.7142857142857143,10,6,CTCTGAGATAGCGTAATACA,4,5224276
yqjE_yqjK_yqjD_yqjC_predicted,0.7142857142857143,10,6,CTCTACGACTTGAACCAACG,4,5170812
yqjE_yqjK_yqjD_yqjC_predicted,0.42857142857142855,8,6,CTCGTGTTTCATCTGGTCAT,2,5241294
yqjE_yqjK_yqjD_yqjC_predicted,0.42857142857142855,8,6,CTCGGGTCTCGCTTTATCTT,2,5250321
yqjE_yqjK_yqjD_yqjC_predicted,2.5714285714285716,23,6,CTCGGAGTGTTATAGGATGT,17,5237765
yqjE_yqjK_yqjD_yqjC_predicted,2.4285714285714284,22,6,CTCCTATGATATTACGGTCG,16,5261298
yqjE_yqjK_yqjD_yqjC_predicted,1.0,12,6,CTCCGCTCACAGACCCTGTA,6,5205954
yqjE_yqjK_yqjD_yqjC_predicted,0.8571428571428571,11,6,CTCCAACCGAGGGGCTACTG,5,5251061
yqjE_yqjK_yqjD_yqjC_predicted,3.0,26,6,CTCACCGGGCCTTTACGCCT,20,5245893
yqjE_yqjK_yqjD_yqjC_predicted,0.2857142857142857,7,6,CTATCGCTTCTGCCCGCGTA,1,5237163
yqjE_yqjK_yqjD_yqjC_predicted,1.2857142857142858,14,6,CTATCCGCAGGAACCTCTAG,8,5226146
yqjE_yqjK_yqjD_yqjC_predicted,2.2857142857142856,21,6,CTATATGTCGTGGCGTCAAG,15,5218521
yqjE_yqjK_yqjD_yqjC_predicted,3.0,26,6,CTATATAGATCGCATAACAG,20,5174824
yqjE_yqjK_yqjD_yqjC_predicted,1.4285714285714286,15,6,CTAGGAGGGACGCAATCTAA,9,5239134
yqjE_yqjK_yqjD_yqjC_predicted,1.0,12,6,CTAGCTCCGCATGCGCCGCC,6,5243932
yqjE_yqjK_yqjD_yqjC_predicted,2.2857142857142856,21,6,CTACTTTCTCAGTTAATGTC,15,5217305
yqjE_yqjK_yqjD_yqjC_predicted,4.714285714285714,38,6,CTACGTCATTCCACTAAAGC,32,5231469
yqjE_yqjK_yqjD_yqjC_predicted,0.42857142857142855,8,6,CTACGAACGCACAGTCTTAA,2,5254305
yqjE_yqjK_yqjD_yqjC_predicted,2.4285714285714284,22,6,CTACAGCCGGGATTCCAATA,16,5191182
yqjE_yqjK_yqjD_yqjC_predicted,3.5714285714285716,30,6,CTAATTTCGACTCTAAGCGT,24,5184911
yqjE_yqjK_yqjD_yqjC_predicted,0.2857142857142857,7,6,CGTTTTGGTATAGGGGGTGG,1,5182800
yqjE_yqjK_yqjD_yqjC_predicted,4.142857142857143,34,6,CGTTGTTTTGGGTCAGGTCA,28,5214810
yqjE_yqjK_yqjD_yqjC_predicted,1.8571428571428572,18,6,CGTTGCGGGATCCCATTATT,12,5197313
yqjE_yqjK_yqjD_yqjC_predicted,5.857142857142857,46,6,CGTTCCGCGACAAGCATAAC,40,5205205
yqjE_yqjK_yqjD_yqjC_predicted,1.4285714285714286,15,6,CGTTAATCGTAGAAAGTATT,9,5239558
yqjE_yqjK_yqjD_yqjC_predicted,1.1428571428571428,13,6,CGTGTGCTATTAGGGACCGG,7,5258717
yqjE_yqjK_yqjD_yqjC_predicted,0.2857142857142857,7,6,CGTGTGACGGAACCGCGCTT,1,5228526
yqjE_yqjK_yqjD_yqjC_predicted,3.7142857142857144,31,6,CGTGGCTATCCAGGTCTTGT,25,5256910
yqjE_yqjK_yqjD_yqjC_predicted,4.714285714285714,38,6,CGTGCATAATGCCTGTCCCA,32,5175798
yqjE_yqjK_yqjD_yqjC_predicted,2.7142857142857144,24,6,CGTCTTGAGCGGCGAGAACT,18,5257143
yqjE_yqjK_yqjD_yqjC_predicted,1.7142857142857142,17,6,CGTCCCTAAAAGTTCCTGTT,11,5238064
yqjE_yqjK_yqjD_yqjC_predicted,3.142857142857143,27,6,CGTCCCCGAATAACCCGTTA,21,5203779
yqjE_yqjK_yqjD_yqjC_predicted,2.5714285714285716,23,6,CGTCACGGATGCGTTGAAAT,17,5182513
yqjE_yqjK_yqjD_yqjC_predicted,2.857142857142857,25,6,CGTAGGGACTCGCGGTGACG,19,5182056
yqjE_yqjK_yqjD_yqjC_predicted,3.142857142857143,27,6,CGTAATAGCCGAATAGAAAA,21,5195113
yqjE_yqjK_yqjD_yqjC_predicted,1.1428571428571428,13,6,CGGTTTTGATAAGGCTAAAT,7,5176753
yqjE_yqjK_yqjD_yqjC_predicted,0.5714285714285714,9,6,CGGTTCAATTGATGTCGGAG,3,5184819
yqjE_yqjK_yqjD_yqjC_predicted,1.2857142857142858,14,6,CGGTTAGGAACGTGTCAACT,8,5247005
yqjE_yqjK_yqjD_yqjC_predicted,2.7142857142857144,24,6,CGGTTACCGGGCGTGAAGAA,18,5249651
yqjE_yqjK_yqjD_yqjC_predicted,2.7142857142857144,24,6,CGGTGCACGTTAATTGCCTT,18,5230327
yqjE_yqjK_yqjD_yqjC_predicted,2.142857142857143,20,6,CGGGGCCGCTACTATGGGCT,14,5208783
yqjE_yqjK_yqjD_yqjC_predicted,2.5714285714285716,23,6,CGGGAGTGTATGTGTGATAC,17,5260471
yqjE_yqjK_yqjD_yqjC_predicted,2.142857142857143,20,6,CGGGAGAGTTGTCGTGGGAG,14,5214804
yqjE_yqjK_yqjD_yqjC_predicted,0.5714285714285714,9,6,CGGCTTAAAGGACGAAAAGG,3,5251359
yqjE_yqjK_yqjD_yqjC_predicted,1.1428571428571428,13,6,CGGCTATATGATGAATGTGC,7,5230345
yqjE_yqjK_yqjD_yqjC_predicted,1.0,12,6,CGGCATTAGGTCTTACAAGC,6,5245812
yqjE_yqjK_yqjD_yqjC_predicted,2.857142857142857,25,6,CGGACTGTTTTACGCTTGAC,19,5196187
yqjE_yqjK_yqjD_yqjC_predicted,1.4285714285714286,15,6,CGGAACTCCCAGTATCATGT,9,5234248
yqjE_yqjK_yqjD_yqjC_predicted,1.8571428571428572,18,6,CGCTTGGTGTGGCGCTACAC,12,5251588
yqjE_yqjK_yqjD_yqjC_predicted,1.0,12,6,CGCTGCGGACCCCCAATTGC,6,5177405
yqjE_yqjK_yqjD_yqjC_predicted,1.4285714285714286,15,6,CGCTAAAATGGTCCTTCAGA,9,5233699
yqjE_yqjK_yqjD_yqjC_predicted,1.8571428571428572,18,6,CGCGTTGACAGGAGTCGAGG,12,5234716
yqjE_yqjK_yqjD_yqjC_predicted,0.42857142857142855,8,6,CGCCTTCCTCCCAGGAAGAA,2,5189823
yqjE_yqjK_yqjD_yqjC_predicted,0.42857142857142855,8,6,CGCCCTGAATAACCGATTAA,2,5203571
yqjE_yqjK_yqjD_yqjC_predicted,0.2857142857142857,7,6,CGCCCCCGGCTAACACGTCA,1,5258429
yqjE_yqjK_yqjD_yqjC_predicted,0.7142857142857143,10,6,CGATACCTACAAACGGGCTG,4,5202807
yqjE_yqjK_yqjD_yqjC_predicted,2.857142857142857,25,6,CGAGGCAGAGGCCTGCCAGT,19,5219666
yqjE_yqjK_yqjD_yqjC_predicted,2.4285714285714284,22,6,CGAGGCACATTGGTTTGTGT,16,5209203
yqjE_yqjK_yqjD_yqjC_predicted,0.5714285714285714,9,6,CGAGGAATTGCGCCTTCTCC,3,5181912
yqjE_yqjK_yqjD_yqjC_predicted,0.42857142857142855,8,6,CGACATGTTTCGGCACAGGC,2,5186443
yqjE_yqjK_yqjD_yqjC_predicted,0.8571428571428571,11,6,CGACACGAGACTTGTCCTTG,5,5214456
yqjE_yqjK_yqjD_yqjC_predicted,0.42857142857142855,8,6,CGAAGTGCTGTACGCTGGAA,2,5228786
yqjE_yqjK_yqjD_yqjC_predicted,3.142857142857143,27,6,CGAAGTGACCGAGACAGAAT,21,5244886
yqjE_yqjK_yqjD_yqjC_predicted,1.4285714285714286,15,6,CGAAACGTCTATAATATCTA,9,5233121
yqjE_yqjK_yqjD_yqjC_predicted,1.0,12,6,CCTTCTGTCGTTGCTCTTTA,6,5179950
yqjE_yqjK_yqjD_yqjC_predicted,0.42857142857142855,8,6,CCTGCAAGCAATTCTGCTTC,2,5231059
yqjE_yqjK_yqjD_yqjC_predicted,1.4285714285714286,15,6,CCTCTTAAGGTGGATAGGGA,9,5258609
yqjE_yqjK_yqjD_yqjC_predicted,0.7142857142857143,10,6,CCTCGGCGTCCTCGGGGGTA,4,5201760
yqjE_yqjK_yqjD_yqjC_predicted,0.7142857142857143,10,6,CCTCCGGCTCGTATTTGGTA,4,5181564
yqjE_yqjK_yqjD_yqjC_predicted,1.5714285714285714,16,6,CCTAGTCCGCTTCCCCAGCA,10,5254880
yqjE_yqjK_yqjD_yqjC_predicted,1.1428571428571428,13,6,CCTACGCGCGCTTCAATCAC,7,5243215
yqjE_yqjK_yqjD_yqjC_predicted,1.1428571428571428,13,6,CCTAAGAGTAAGTCTTTGCA,7,5226606
yqjE_yqjK_yqjD_yqjC_predicted,2.142857142857143,20,6,CCGTTCGCTAGCACGGTGGT,14,5194127
yqjE_yqjK_yqjD_yqjC_predicted,0.7142857142857143,10,6,CCGTTCAAGGTGCCCGTGTG,4,5199199
yqjE_yqjK_yqjD_yqjC_predicted,1.8571428571428572,18,6,CCGTGCATCCGGGAAAGATC,12,5231058
yqjE_yqjK_yqjD_yqjC_predicted,4.0,33,6,CCGGTCGTCCCTACAGGGAA,27,5250355
yqjE_yqjK_yqjD_yqjC_predicted,0.42857142857142855,8,6,CCGGGCTACCCACACGGATA,2,5229020
yqjE_yqjK_yqjD_yqjC_predicted,3.0,26,6,CCGGCGTTGATCGCTTCGAT,20,5239529
yqjE_yqjK_yqjD_yqjC_predicted,1.0,12,6,CCGGAAAAGGGCAGCTTCAG,6,5250882
yqjE_yqjK_yqjD_yqjC_predicted,0.7142857142857143,10,6,CCGCGGCCACCAGTCGAATC,4,5246150
yqjE_yqjK_yqjD_yqjC_predicted,4.571428571428571,37,6,CCGCGAAGCCAACTCCGTTT,31,5198468
yqjE_yqjK_yqjD_yqjC_predicted,2.142857142857143,20,6,CCGATGTTGTGGTGGATGGT,14,5205360
yqjE_yqjK_yqjD_yqjC_predicted,1.0,12,6,CCGACAAGTGTATAAACACA,6,5235860
yqjE_yqjK_yqjD_yqjC_predicted,1.5714285714285714,16,6,CCCTGTAACAATCGCGCTCC,10,5256966
yqjE_yqjK_yqjD_yqjC_predicted,0.7142857142857143,10,6,CCCTCTCGAAGGGTCTAAAG,4,5223521
yqjE_yqjK_yqjD_yqjC_predicted,0.42857142857142855,8,6,CCCGGGATGGAGAGTACCGT,2,5223235
yqjE_yqjK_yqjD_yqjC_predicted,0.42857142857142855,8,6,CCCGCTTATCGCTTACTGTC,2,5261939
yqjE_yqjK_yqjD_yqjC_predicted,1.0,12,6,CCCGCAGCTGGCGGAGGTAT,6,5181102
yqjE_yqjK_yqjD_yqjC_predicted,1.1428571428571428,13,6,CCCCGTGACATAAGAGCAAC,7,5232101
yqjE_yqjK_yqjD_yqjC_predicted,0.2857142857142857,7,6,CCCCGGTACAAGGTATTGCA,1,5247627
yqjE_yqjK_yqjD_yqjC_predicted,1.8571428571428572,18,6,CCCCCATAGGGCGGGAAGCA,12,5246312
yqjE_yqjK_yqjD_yqjC_predicted,1.5714285714285714,16,6,CCCCAGCAGAACGTGTGATT,10,5257948
yqjE_yqjK_yqjD_yqjC_predicted,2.142857142857143,20,6,CCCATGCTGTGTAGCCTGAA,14,5238680
yqjE_yqjK_yqjD_yqjC_predicted,2.142857142857143,20,6,CCCATGAAATGTGGGTTAGA,14,5173103
yqjE_yqjK_yqjD_yqjC_predicted,0.8571428571428571,11,6,CCCATCTCGTAATAAAAGTG,5,5231340
yqjE_yqjK_yqjD_yqjC_predicted,0.2857142857142857,7,6,CCCATCGTAGGACGCTTGCG,1,5214531
yqjE_yqjK_yqjD_yqjC_predicted,1.4285714285714286,15,6,CCCACGCTTAATAGGTATAT,9,5239592
yqjE_yqjK_yqjD_yqjC_predicted,1.1428571428571428,13,6,CCATGCCGCGTTTAGAATTG,7,5223118
yqjE_yqjK_yqjD_yqjC_predicted,0.5714285714285714,9,6,CCATCCCTGTTTGCGTAATT,3,5227209
yqjE_yqjK_yqjD_yqjC_predicted,3.0,26,6,CCAGGGAGAAATTTGAATGA,20,5214159
yqjE_yqjK_yqjD_yqjC_predicted,1.8571428571428572,18,6,CCAGGCCCAGCAAATGGCCT,12,5260996
yqjE_yqjK_yqjD_yqjC_predicted,0.8571428571428571,11,6,CCAGCGTCCGCGGAATCGTT,5,5207733
yqjE_yqjK_yqjD_yqjC_predicted,4.857142857142857,39,6,CCAGACATGACTGTGGGGGA,33,5240721
yqjE_yqjK_yqjD_yqjC_predicted,1.4285714285714286,15,6,CCACTGAGGGTAAAAGCGTA,9,5212333
yqjE_yqjK_yqjD_yqjC_predicted,1.1428571428571428,13,6,CCACTCAATTTGCGCATGTC,7,5251390
yqjE_yqjK_yqjD_yqjC_predicted,0.2857142857142857,7,6,CCACCAATCCGGGCAACTCA,1,5175559
yqjE_yqjK_yqjD_yqjC_predicted,2.857142857142857,25,6,CCACATGCGATGTATATGAG,19,5229678
yqjE_yqjK_yqjD_yqjC_predicted,0.42857142857142855,8,6,CCACAGGCGGAGACGTACGA,2,5230183
yqjE_yqjK_yqjD_yqjC_predicted,1.0,12,6,CCACAGCTTGAACTAACAAG,6,5214596
yqjE_yqjK_yqjD_yqjC_predicted,1.2857142857142858,14,6,CCAAGTACATGACTGAATAA,8,5251492
yqjE_yqjK_yqjD_yqjC_predicted,0.42857142857142855,8,6,CCAAGCTGTACGTGGTAGTC,2,5174569
yqjE_yqjK_yqjD_yqjC_predicted,0.42857142857142855,8,6,CCAACCTGGAAATGTGTTGA,2,5251613
yqjE_yqjK_yqjD_yqjC_predicted,0.2857142857142857,7,6,CATGGTAACACGTTCAGCTA,1,5243276
yqjE_yqjK_yqjD_yqjC_predicted,4.571428571428571,37,6,CATGCATGAGGACATTATGT,31,5207120
yqjE_yqjK_yqjD_yqjC_predicted,1.7142857142857142,17,6,CATGATCGTACCAGATTCCA,11,5230833
yqjE_yqjK_yqjD_yqjC_predicted,0.42857142857142855,8,6,CATGAGGTAGCCCTAGATTA,2,5206012
yqjE_yqjK_yqjD_yqjC_predicted,2.142857142857143,20,6,CATCTCGGGTTAACGACTCG,14,5191050
yqjE_yqjK_yqjD_yqjC_predicted,0.2857142857142857,7,6,CATCGGCTCTCAGGCAAGCC,1,5241385
yqjE_yqjK_yqjD_yqjC_predicted,0.2857142857142857,7,6,CATCGCGCTCTGCAGAAACC,1,5248756
yqjE_yqjK_yqjD_yqjC_predicted,1.0,12,6,CATCCTTAGGAAATCCATTG,6,5212610
yqjE_yqjK_yqjD_yqjC_predicted,1.8571428571428572,18,6,CATATGCGCCCTAACATCCC,12,5207298
yqjE_yqjK_yqjD_yqjC_predicted,0.5714285714285714,9,6,CATATCGACTGTCTGCAGGT,3,5232404
yqjE_yqjK_yqjD_yqjC_predicted,0.7142857142857143,10,6,CAGTTATTCCCGAAGAAGGG,4,5219638
yqjE_yqjK_yqjD_yqjC_predicted,4.285714285714286,35,6,CAGTGCAATACTCCGTATCG,29,5211731
yqjE_yqjK_yqjD_yqjC_predicted,0.42857142857142855,8,6,CAGTCCTGGCAGAGTGGAAT,2,5250819
yqjE_yqjK_yqjD_yqjC_predicted,2.142857142857143,20,6,CAGTCAGTGTGTGATCCTGG,14,5176759
yqjE_yqjK_yqjD_yqjC_predicted,1.0,12,6,CAGTATTGAGATGGGATTCT,6,5185517
yqjE_yqjK_yqjD_yqjC_predicted,3.142857142857143,27,6,CAGTAGCTTTCACATCGGAA,21,5226512
yqjE_yqjK_yqjD_yqjC_predicted,3.4285714285714284,29,6,CAGCGTACTGACGTTATAGT,23,5214870
yqjE_yqjK_yqjD_yqjC_predicted,0.2857142857142857,7,6,CAGCAGTTGACAAGTCATCC,1,5193336
yqjE_yqjK_yqjD_yqjC_predicted,0.2857142857142857,7,6,CAGATGCCAAAAATATAATA,1,5239271
yqjE_yqjK_yqjD_yqjC_predicted,3.2857142857142856,28,6,CAGACCCCGCCAGAAAGATT,22,5183933
yqjE_yqjK_yqjD_yqjC_predicted,2.0,19,6,CACTTCCCGGACATAATCAC,13,5229808
yqjE_yqjK_yqjD_yqjC_predicted,0.5714285714285714,9,6,CACGTGCGGGACGTACACCT,3,5211812
yqjE_yqjK_yqjD_yqjC_predicted,0.2857142857142857,7,6,CACGTGCAAAGATAGGCCGG,1,5196290
yqjE_yqjK_yqjD_yqjC_predicted,0.7142857142857143,10,6,CACGATGCCCGTGCCAAATC,4,5215099
yqjE_yqjK_yqjD_yqjC_predicted,1.2857142857142858,14,6,CACGACCATGACATCATGAT,8,5256781
yqjE_yqjK_yqjD_yqjC_predicted,0.7142857142857143,10,6,CACGACATAAACAAAGTCCT,4,5249884
yqjE_yqjK_yqjD_yqjC_predicted,3.142857142857143,27,6,CACCATAAGGGGCAATTAGT,21,5211828
yqjE_yqjK_yqjD_yqjC_predicted,1.8571428571428572,18,6,CAATTGGCCGAATCGGATTG,12,5171937
yqjE_yqjK_yqjD_yqjC_predicted,3.4285714285714284,29,6,CAATGGTGCGCATAAGGACG,23,5234028
yqjE_yqjK_yqjD_yqjC_predicted,0.42857142857142855,8,6,CAATCCAGAGTTCCGCCCGT,2,5220111
yqjE_yqjK_yqjD_yqjC_predicted,3.2857142857142856,28,6,CAAGGGTTTTGACTTTCACC,22,5253484
yqjE_yqjK_yqjD_yqjC_predicted,2.7142857142857144,24,6,CAAGCGGCAGTTCGCTTCGC,18,5188401
yqjE_yqjK_yqjD_yqjC_predicted,0.2857142857142857,7,6,CAAGCATATGGAGGGGAGGG,1,5257213
yqjE_yqjK_yqjD_yqjC_predicted,2.0,19,6,CAACTCGCATCATGGATATT,13,5247101
yqjE_yqjK_yqjD_yqjC_predicted,0.8571428571428571,11,6,CAACTACGGTTGTAGCAGCC,5,5236543
yqjE_yqjK_yqjD_yqjC_predicted,2.2857142857142856,21,6,CAACGGGGCTAATTGTGTCA,15,5229516
yqjE_yqjK_yqjD_yqjC_predicted,0.7142857142857143,10,6,CAACCAGCTGATTATGCATG,4,5212188
yqjE_yqjK_yqjD_yqjC_predicted,1.5714285714285714,16,6,CAACCAGCGAGGGTAGCCAA,10,5214797
yqjE_yqjK_yqjD_yqjC_predicted,0.2857142857142857,7,6,CAAAGCCTTTTGCTTCAATC,1,5189133
yqjE_yqjK_yqjD_yqjC_predicted,1.0,12,6,CAAACGTCCAAATGTACACT,6,5191083
yqjE_yqjK_yqjD_yqjC_predicted,0.2857142857142857,7,6,CAAAACAGGAAAACAGCGCA,1,5210364
yqjE_yqjK_yqjD_yqjC_predicted,0.2857142857142857,7,6,ATTTGGTATTGTGGGAAAGG,1,5230424
yqjE_yqjK_yqjD_yqjC_predicted,0.5714285714285714,9,6,ATTTGCGCCGACCCCGGGCG,3,5261671
yqjE_yqjK_yqjD_yqjC_predicted,4.857142857142857,39,6,ATTTCCCCCAAGTTAGCCTT,33,5237771
yqjE_yqjK_yqjD_yqjC_predicted,4.857142857142857,39,6,ATTTAGGCCACTGTTTACTA,33,5182093
yqjE_yqjK_yqjD_yqjC_predicted,2.4285714285714284,22,6,ATTTACTTCTGATTTCGTAC,16,5214836
yqjE_yqjK_yqjD_yqjC_predicted,0.8571428571428571,11,6,ATTTAAGCCGGGTTTCGGTA,5,5262668
yqjE_yqjK_yqjD_yqjC_predicted,0.2857142857142857,7,6,ATTGCTCTGCAATCCTGAGT,1,5219587
yqjE_yqjK_yqjD_yqjC_predicted,0.2857142857142857,7,6,ATTGATTACGCAACCTCGTA,1,5183101
yqjE_yqjK_yqjD_yqjC_predicted,0.8571428571428571,11,6,ATTCTCCTGTTACTCACCCC,5,5214658
yqjE_yqjK_yqjD_yqjC_predicted,1.1428571428571428,13,6,ATTCTAGGGGCCACTAACTA,7,5246234
yqjE_yqjK_yqjD_yqjC_predicted,0.7142857142857143,10,6,ATTCGTTGAAGGCGCCGCTC,4,5201333
yqjE_yqjK_yqjD_yqjC_predicted,2.857142857142857,25,6,ATTCGGCAACAAATGTTCCT,19,5222199
yqjE_yqjK_yqjD_yqjC_predicted,0.2857142857142857,7,6,ATTCCAAAGTCTTTGACCCT,1,5186786
yqjE_yqjK_yqjD_yqjC_predicted,3.2857142857142856,28,6,ATTCAGCATGCGCTTACGCA,22,5229385
yqjE_yqjK_yqjD_yqjC_predicted,1.7142857142857142,17,6,ATTATGGCCGGCTGTTCCTC,11,5209797
yqjE_yqjK_yqjD_yqjC_predicted,0.2857142857142857,7,6,ATTAGTTGCGTTGGGTTTTT,1,5175553
yqjE_yqjK_yqjD_yqjC_predicted,7.571428571428571,58,6,ATTACGGCACATAGTGCCAA,52,5174022
yqjE_yqjK_yqjD_yqjC_predicted,1.8571428571428572,18,6,ATTAATCGGGAGATTAAATA,12,5256923
yqjE_yqjK_yqjD_yqjC_predicted,2.142857142857143,20,6,ATGTTTTCCAGGTTTTTTTG,14,5250275
yqjE_yqjK_yqjD_yqjC_predicted,0.42857142857142855,8,6,ATGTTGAGAATTTTCGAGCA,2,5216837
yqjE_yqjK_yqjD_yqjC_predicted,0.5714285714285714,9,6,ATGTTCTGGGCCTCGCCTAG,3,5233720
yqjE_yqjK_yqjD_yqjC_predicted,0.8571428571428571,11,6,ATGTTCATAAGTCTGAGGAC,5,5180111
yqjE_yqjK_yqjD_yqjC_predicted,0.2857142857142857,7,6,ATGTTACCGGTATTGGGTTC,1,5194414
yqjE_yqjK_yqjD_yqjC_predicted,1.7142857142857142,17,6,ATGTCCGGCCGCGGCATGGG,11,5172343
yqjE_yqjK_yqjD_yqjC_predicted,2.142857142857143,20,6,ATGTAGGTATTAGTTCCCCC,14,5211895
yqjE_yqjK_yqjD_yqjC_predicted,2.142857142857143,20,6,ATGGGCCGTTTAAGAGACAG,14,5214949
yqjE_yqjK_yqjD_yqjC_predicted,0.2857142857142857,7,6,ATGGCGCATGGGCTCACACT,1,5222923
yqjE_yqjK_yqjD_yqjC_predicted,2.857142857142857,25,6,ATGCTTCACATAACTCGTGT,19,5201413
yqjE_yqjK_yqjD_yqjC_predicted,11.0,82,6,ATGCTATTCGTTGCTAACCC,76,5220372
yqjE_yqjK_yqjD_yqjC_predicted,0.7142857142857143,10,6,ATGCGTCCGGGAGGCGCACC,4,5177453
yqjE_yqjK_yqjD_yqjC_predicted,0.2857142857142857,7,6,ATGCGACACAGGTTTTCGTA,1,5218945
yqjE_yqjK_yqjD_yqjC_predicted,3.7142857142857144,31,6,ATGAGGGGCAACTACCTGCA,25,5207607
yqjE_yqjK_yqjD_yqjC_predicted,0.8571428571428571,11,6,ATGACCTACAACGAAAATCT,5,5230065
yqjE_yqjK_yqjD_yqjC_predicted,1.0,12,6,ATCTTACGAGACAGATCGCG,6,5245511
yqjE_yqjK_yqjD_yqjC_predicted,2.7142857142857144,24,6,ATCTGTTTGTCCCCAAGTCC,18,5219157
yqjE_yqjK_yqjD_yqjC_predicted,0.5714285714285714,9,6,ATCTCTAACTAGGTGAATGC,3,5194201
yqjE_yqjK_yqjD_yqjC_predicted,0.5714285714285714,9,6,ATCTCCCTAAAAGCGCGGGC,3,5182819
yqjE_yqjK_yqjD_yqjC_predicted,0.7142857142857143,10,6,ATCGCGTGGTATATTTGTTC,4,5236894
yqjE_yqjK_yqjD_yqjC_predicted,3.4285714285714284,29,6,ATCGCCCACGCTCCTCGGGC,23,5262775
yqjE_yqjK_yqjD_yqjC_predicted,0.2857142857142857,7,6,ATCCTTGTGACGTAGCAGTT,1,5233028
yqjE_yqjK_yqjD_yqjC_predicted,1.0,12,6,ATCCCCTTCGACTGATACAC,6,5172481
yqjE_yqjK_yqjD_yqjC_predicted,0.5714285714285714,9,6,ATCCCAGTGACCGGTGAGAA,3,5224623
yqjE_yqjK_yqjD_yqjC_predicted,1.8571428571428572,18,6,ATCATCGCTAGTCAAAGATT,12,5228989
yqjE_yqjK_yqjD_yqjC_predicted,3.7142857142857144,31,6,ATCATCAGACTGCACGTCAA,25,5208231
yqjE_yqjK_yqjD_yqjC_predicted,3.0,26,6,ATCAGTCAAGAAGCGGAAAT,20,5246800
yqjE_yqjK_yqjD_yqjC_predicted,1.1428571428571428,13,6,ATCAGCTACTCACCAGCGAT,7,5217879
yqjE_yqjK_yqjD_yqjC_predicted,0.42857142857142855,8,6,ATCAGAGTTAACAGATGCGT,2,5251770
yqjE_yqjK_yqjD_yqjC_predicted,1.2857142857142858,14,6,ATCACGGAGATCCCACATTA,8,5234761
yqjE_yqjK_yqjD_yqjC_predicted,0.2857142857142857,7,6,ATCACCCCCCGTCGCAGCGG,1,5243306
yqjE_yqjK_yqjD_yqjC_predicted,0.2857142857142857,7,6,ATAGATAGTCGGTTATCTTC,1,5261132
yqjE_yqjK_yqjD_yqjC_predicted,2.857142857142857,25,6,ATAGAACAAAACCATCAGGC,19,5225405
yqjE_yqjK_yqjD_yqjC_predicted,0.42857142857142855,8,6,ATACGACTGCCAGTTAAATC,2,5257767
yqjE_yqjK_yqjD_yqjC_predicted,2.0,19,6,AGTTCGCAGTTGCGTGCGGT,13,5214143
yqjE_yqjK_yqjD_yqjC_predicted,4.428571428571429,36,6,AGTTCACTCCTATTTTTGAG,30,5226188
yqjE_yqjK_yqjD_yqjC_predicted,0.42857142857142855,8,6,AGTTATGCAGTCTGACGATT,2,5221678
yqjE_yqjK_yqjD_yqjC_predicted,1.2857142857142858,14,6,AGTTAGGACTTTCGGGTTAA,8,5234917
yqjE_yqjK_yqjD_yqjC_predicted,0.5714285714285714,9,6,AGTTAGCTATTCATGGTCAC,3,5212379
yqjE_yqjK_yqjD_yqjC_predicted,0.2857142857142857,7,6,AGTGTGGGAAGTATTCGAGA,1,5181673
yqjE_yqjK_yqjD_yqjC_predicted,0.7142857142857143,10,6,AGTGGGATGTAGGGGCTAGT,4,5232916
yqjE_yqjK_yqjD_yqjC_predicted,2.5714285714285716,23,6,AGTGCTAAAATCCCAAGACG,17,5171015
yqjE_yqjK_yqjD_yqjC_predicted,0.5714285714285714,9,6,AGTGAACAGCTCACTCTAGA,3,5246806
yqjE_yqjK_yqjD_yqjC_predicted,0.5714285714285714,9,6,AGTATACGCCCTGTCTGATT,3,5210432
yqjE_yqjK_yqjD_yqjC_predicted,4.571428571428571,37,6,AGTAGCGTCGGGGAGGTATG,31,5226201
yqjE_yqjK_yqjD_yqjC_predicted,0.2857142857142857,7,6,AGTACAGGAATCAGAAAGTA,1,5206905
yqjE_yqjK_yqjD_yqjC_predicted,0.7142857142857143,10,6,AGTAAACTTGCAACTCAGAC,4,5248344
yqjE_yqjK_yqjD_yqjC_predicted,1.0,12,6,AGGTTTTAGCGTTCTGCCTC,6,5219269
yqjE_yqjK_yqjD_yqjC_predicted,1.5714285714285714,16,6,AGGTATGTGACGCTGCTGGG,10,5258642
yqjE_yqjK_yqjD_yqjC_predicted,0.5714285714285714,9,6,AGGTAAGCAGGTTCCTCAGC,3,5180511
yqjE_yqjK_yqjD_yqjC_predicted,2.4285714285714284,22,6,AGGGGTAGCCGGCTTCGCAT,16,5232166
yqjE_yqjK_yqjD_yqjC_predicted,3.0,26,6,AGGGGGTGTATCCATGACTC,20,5206817
yqjE_yqjK_yqjD_yqjC_predicted,2.2857142857142856,21,6,AGGGAGTTAAATACGATGTC,15,5204843
yqjE_yqjK_yqjD_yqjC_predicted,1.1428571428571428,13,6,AGGGACGCCTTGGTGGGGAC,7,5233967
yqjE_yqjK_yqjD_yqjC_predicted,0.42857142857142855,8,6,AGGCGTAACTTTGAGGTTCA,2,5211555
yqjE_yqjK_yqjD_yqjC_predicted,0.8571428571428571,11,6,AGGCCGTCATGAGTAATTCA,5,5222116
yqjE_yqjK_yqjD_yqjC_predicted,3.7142857142857144,31,6,AGGCAGGAAAACCACCCCTG,25,5234425
yqjE_yqjK_yqjD_yqjC_predicted,5.428571428571429,43,6,AGGCAGCAGGGTAAGCATCG,37,5199619
yqjE_yqjK_yqjD_yqjC_predicted,0.8571428571428571,11,6,AGGAGTGCCATCAGGTTGTT,5,5262984
yqjE_yqjK_yqjD_yqjC_predicted,3.0,26,6,AGCTTCTTCTATACACCCTC,20,5241853
yqjE_yqjK_yqjD_yqjC_predicted,2.142857142857143,20,6,AGCTATACCTGACCATGTGT,14,5197097
yqjE_yqjK_yqjD_yqjC_predicted,1.0,12,6,AGCTACATCTTGTAAGGCTC,6,5190409
yqjE_yqjK_yqjD_yqjC_predicted,0.8571428571428571,11,6,AGCGATGGGATATGATAGCT,5,5199879
yqjE_yqjK_yqjD_yqjC_predicted,0.7142857142857143,10,6,AGCCACACCGAGATGGTGTT,4,5182942
yqjE_yqjK_yqjD_yqjC_predicted,1.1428571428571428,13,6,AGCATACGGAGGTCCTGTCG,7,5227801
yqjE_yqjK_yqjD_yqjC_predicted,1.5714285714285714,16,6,AGCACTATACTAATTTATGC,10,5180800
yqjE_yqjK_yqjD_yqjC_predicted,0.8571428571428571,11,6,AGATTTCGCGCTCTGGGTGC,5,5197778
yqjE_yqjK_yqjD_yqjC_predicted,4.0,33,6,AGATCGTAGAGTCTGACAAA,27,5206813
yqjE_yqjK_yqjD_yqjC_predicted,2.142857142857143,20,6,AGATCGATGGCTAGAGAGTG,14,5221017
yqjE_yqjK_yqjD_yqjC_predicted,0.7142857142857143,10,6,AGATAACGGTTTTGAAATGG,4,5236524
yqjE_yqjK_yqjD_yqjC_predicted,3.857142857142857,32,6,AGACTTGAAGCCTCAAACAC,26,5236857
yqjE_yqjK_yqjD_yqjC_predicted,1.2857142857142858,14,6,AGACTGCGTTGGCGACCGTC,8,5234679
yqjE_yqjK_yqjD_yqjC_predicted,0.8571428571428571,11,6,AGACTGCGTCGATTGTCAAC,5,5196661
yqjE_yqjK_yqjD_yqjC_predicted,2.5714285714285716,23,6,AGACGTTGGTGCGGGCTTGG,17,5201291
yqjE_yqjK_yqjD_yqjC_predicted,1.1428571428571428,13,6,AGACCGTTTGGTATAATATA,7,5231425
yqjE_yqjK_yqjD_yqjC_predicted,3.7142857142857144,31,6,AGAATTGCTATCCTTTAGCT,25,5181688
yqjE_yqjK_yqjD_yqjC_predicted,2.142857142857143,20,6,AGAAAAGCAAAGTAGAATGT,14,5251815
yqjE_yqjK_yqjD_yqjC_predicted,5.428571428571429,43,6,ACTTTCGGCTCCTGGGAGCA,37,5231705
yqjE_yqjK_yqjD_yqjC_predicted,0.5714285714285714,9,6,ACTTATTGTACTTTCGCTTT,3,5174717
yqjE_yqjK_yqjD_yqjC_predicted,1.8571428571428572,18,6,ACTTATCTCGATGAATGACA,12,5217862
yqjE_yqjK_yqjD_yqjC_predicted,0.5714285714285714,9,6,ACTTATCCTCGGTCGGCATT,3,5257798
yqjE_yqjK_yqjD_yqjC_predicted,1.2857142857142858,14,6,ACTGGCATTAAGAAGACCTG,8,5185297
yqjE_yqjK_yqjD_yqjC_predicted,3.2857142857142856,28,6,ACTGCGTCATACGTAGCTGA,22,5205682
yqjE_yqjK_yqjD_yqjC_predicted,0.42857142857142855,8,6,ACTGCCGTGGGACGAGTGCT,2,5179788
yqjE_yqjK_yqjD_yqjC_predicted,2.2857142857142856,21,6,ACTCTTATTTGTTAATCGCT,15,5238291
yqjE_yqjK_yqjD_yqjC_predicted,0.7142857142857143,10,6,ACTCATTTGGATACGACGAG,4,5198890
yqjE_yqjK_yqjD_yqjC_predicted,3.4285714285714284,29,6,ACTCAGTGTGAGTGGATCGA,23,5234415
yqjE_yqjK_yqjD_yqjC_predicted,1.7142857142857142,17,6,ACTCACCCTGCTCGGAATGC,11,5243535
yqjE_yqjK_yqjD_yqjC_predicted,1.0,12,6,ACTCAAAAAACTTAGCGCGT,6,5260425
yqjE_yqjK_yqjD_yqjC_predicted,1.2857142857142858,14,6,ACGTTTAAAAATCAAATCGC,8,5202437
yqjE_yqjK_yqjD_yqjC_predicted,0.7142857142857143,10,6,ACGTGGTTGATCCCTACGGT,4,5207670
yqjE_yqjK_yqjD_yqjC_predicted,0.2857142857142857,7,6,ACGTATTATGTTCCGCTTGC,1,5226119
yqjE_yqjK_yqjD_yqjC_predicted,6.571428571428571,51,6,ACGGCCTTGCTTGTGTCCGA,45,5208047
yqjE_yqjK_yqjD_yqjC_predicted,1.5714285714285714,16,6,ACGGATGCCCGTGGTGACTG,10,5190129
yqjE_yqjK_yqjD_yqjC_predicted,2.2857142857142856,21,6,ACGCGCCGTCAAATGTGACA,15,5239444
yqjE_yqjK_yqjD_yqjC_predicted,1.7142857142857142,17,6,ACGCCCCTCGTGCCGAGTGC,11,5226203
yqjE_yqjK_yqjD_yqjC_predicted,1.4285714285714286,15,6,ACGCACGTTTGTATCCCTGC,9,5200958
yqjE_yqjK_yqjD_yqjC_predicted,1.4285714285714286,15,6,ACGCAAATCTCAGTAATGTA,9,5233867
yqjE_yqjK_yqjD_yqjC_predicted,1.0,12,6,ACGAGCAGTTCACGCGGTCC,6,5205704
yqjE_yqjK_yqjD_yqjC_predicted,1.7142857142857142,17,6,ACGACGTAAGATTACCGAGA,11,5220295
yqjE_yqjK_yqjD_yqjC_predicted,1.4285714285714286,15,6,ACGACGGTACCGCTGGTTCA,9,5194871
yqjE_yqjK_yqjD_yqjC_predicted,4.0,33,6,ACGACACCCATTCATCGAAG,27,5228116
yqjE_yqjK_yqjD_yqjC_predicted,3.0,26,6,ACGAACTCGTTCCATTACCC,20,5233603
yqjE_yqjK_yqjD_yqjC_predicted,1.4285714285714286,15,6,ACGAAAGTCGTTTGGGATAA,9,5261163
yqjE_yqjK_yqjD_yqjC_predicted,4.142857142857143,34,6,ACCTGAGACCTGTTGACGCA,28,5172805
yqjE_yqjK_yqjD_yqjC_predicted,0.7142857142857143,10,6,ACCTGACCAGCAGTGATCCA,4,5202061
yqjE_yqjK_yqjD_yqjC_predicted,0.2857142857142857,7,6,ACCTATTGATTTACCATCGA,1,5187435
yqjE_yqjK_yqjD_yqjC_predicted,5.285714285714286,42,6,ACCGGAATCCTCAGCCGATA,36,5207420
yqjE_yqjK_yqjD_yqjC_predicted,1.0,12,6,ACCCAGCGGCTTGTGCCTAA,6,5246267
yqjE_yqjK_yqjD_yqjC_predicted,4.571428571428571,37,6,ACCCAAGGAGTACTCAGAGA,31,5203763
yqjE_yqjK_yqjD_yqjC_predicted,0.42857142857142855,8,6,ACCATTCCGGGTATTAATCT,2,5255589
yqjE_yqjK_yqjD_yqjC_predicted,0.7142857142857143,10,6,ACCACTTATCTTTACAGTAG,4,5184516
yqjE_yqjK_yqjD_yqjC_predicted,2.5714285714285716,23,6,ACCACTGAAGATTCCCTAGA,17,5177317
yqjE_yqjK_yqjD_yqjC_predicted,3.5714285714285716,30,6,ACCACAAAAGTGAGGATAGG,24,5213943
yqjE_yqjK_yqjD_yqjC_predicted,4.428571428571429,36,6,ACCAAGAAATGCTCCGTTTA,30,5262713
yqjE_yqjK_yqjD_yqjC_predicted,0.8571428571428571,11,6,ACATCCTTGAAGAAACGTGA,5,5246913
yqjE_yqjK_yqjD_yqjC_predicted,1.7142857142857142,17,6,ACATAAATCGAATGGGACGC,11,5194010
yqjE_yqjK_yqjD_yqjC_predicted,4.571428571428571,37,6,ACAGTGCTTGTCCTTTAGAT,31,5261558
yqjE_yqjK_yqjD_yqjC_predicted,1.4285714285714286,15,6,ACAGTACTTCAAAAGGAGGT,9,5191091
yqjE_yqjK_yqjD_yqjC_predicted,2.7142857142857144,24,6,ACAGCCGCGCCATCGGTGTT,18,5175322
yqjE_yqjK_yqjD_yqjC_predicted,0.2857142857142857,7,6,ACACTTAGCGGATGATATTA,1,5207241
yqjE_yqjK_yqjD_yqjC_predicted,1.2857142857142858,14,6,ACACTAAGGCCGGAGACCCG,8,5187863
yqjE_yqjK_yqjD_yqjC_predicted,3.2857142857142856,28,6,ACAAACTGTTTCATCCGATA,22,5187776
yqjE_yqjK_yqjD_yqjC_predicted,1.0,12,6,AATTGCGACCTACTCTATGT,6,5260375
yqjE_yqjK_yqjD_yqjC_predicted,1.1428571428571428,13,6,AATTCTACACCATGCCATTC,7,5196035
yqjE_yqjK_yqjD_yqjC_predicted,1.4285714285714286,15,6,AATGGTTGACCTATGGCATG,9,5246956
yqjE_yqjK_yqjD_yqjC_predicted,1.8571428571428572,18,6,AATGATCCCTTGTGATGTGA,12,5238283
yqjE_yqjK_yqjD_yqjC_predicted,4.285714285714286,35,6,AATGAAAGTGCAGCCAAGCC,29,5199607
yqjE_yqjK_yqjD_yqjC_predicted,2.857142857142857,25,6,AATCGCGCATGTAAGGGTCT,19,5184261
yqjE_yqjK_yqjD_yqjC_predicted,6.428571428571429,50,6,AATCATGGCCGCTAGACCTG,44,5219182
yqjE_yqjK_yqjD_yqjC_predicted,0.7142857142857143,10,6,AATATAATGGGGTTTTTAAC,4,5229215
yqjE_yqjK_yqjD_yqjC_predicted,7.428571428571429,57,6,AATAGAAAATCACAGGTACA,51,5171805
yqjE_yqjK_yqjD_yqjC_predicted,2.142857142857143,20,6,AATACTTCCAACAAAGAGCA,14,5249090
yqjE_yqjK_yqjD_yqjC_predicted,0.5714285714285714,9,6,AATACCATGTAGGGTACGTG,3,5224958
yqjE_yqjK_yqjD_yqjC_predicted,4.857142857142857,39,6,AAGTTGGATTGTTTGTTCCC,33,5199604
yqjE_yqjK_yqjD_yqjC_predicted,0.2857142857142857,7,6,AAGTGATTTGGAATGGCAGA,1,5229168
yqjE_yqjK_yqjD_yqjC_predicted,0.2857142857142857,7,6,AAGTGAGAACTTGTTCTCGC,1,5232184
yqjE_yqjK_yqjD_yqjC_predicted,1.5714285714285714,16,6,AAGTAAGTCCCCATATGATA,10,5228034
yqjE_yqjK_yqjD_yqjC_predicted,0.2857142857142857,7,6,AAGGTCGCGCCCCCTCTTGG,1,5239604
yqjE_yqjK_yqjD_yqjC_predicted,2.0,19,6,AAGGTCACTCTTAATCACTC,13,5250487
yqjE_yqjK_yqjD_yqjC_predicted,2.0,19,6,AAGGGTTTTGCTTACGGGTG,13,5200005
yqjE_yqjK_yqjD_yqjC_predicted,0.2857142857142857,7,6,AAGGGCCACAGCAAACTCGT,1,5183631
yqjE_yqjK_yqjD_yqjC_predicted,2.5714285714285716,23,6,AAGGGATCTCAGAGACTAAG,17,5200644
yqjE_yqjK_yqjD_yqjC_predicted,2.7142857142857144,24,6,AAGGCTAGCGGCTTCTGATG,18,5190257
yqjE_yqjK_yqjD_yqjC_predicted,2.4285714285714284,22,6,AAGCTAAACTTCTCTAAAAG,16,5220048
yqjE_yqjK_yqjD_yqjC_predicted,1.1428571428571428,13,6,AAGCGTCATTAGCACGGTTG,7,5186287
yqjE_yqjK_yqjD_yqjC_predicted,0.2857142857142857,7,6,AAGCATCTGGAGGAGTGTCA,1,5237423
yqjE_yqjK_yqjD_yqjC_predicted,1.0,12,6,AAGCAGATATCCAGGCGGAC,6,5175756
yqjE_yqjK_yqjD_yqjC_predicted,1.7142857142857142,17,6,AAGATGCATAGACTCACCCG,11,5176517
yqjE_yqjK_yqjD_yqjC_predicted,2.2857142857142856,21,6,AAGAGACTGAAGTTTATATT,15,5228947
yqjE_yqjK_yqjD_yqjC_predicted,3.142857142857143,27,6,AAGACATCGAGCCACCGAAT,21,5202963
yqjE_yqjK_yqjD_yqjC_predicted,0.8571428571428571,11,6,AAGAACCGGAGTTAGTTCTT,5,5198031
yqjE_yqjK_yqjD_yqjC_predicted,3.142857142857143,27,6,AACTTGGAAGCAGTTGCCTA,21,5173649
yqjE_yqjK_yqjD_yqjC_predicted,1.5714285714285714,16,6,AACTTCTCGACCGCGGTGCA,10,5187302
yqjE_yqjK_yqjD_yqjC_predicted,0.42857142857142855,8,6,AACTTAGGCTTTTAATATCA,2,5219340
yqjE_yqjK_yqjD_yqjC_predicted,2.7142857142857144,24,6,AACTATTATCTCTCCTCTAG,18,5171325
yqjE_yqjK_yqjD_yqjC_predicted,0.2857142857142857,7,6,AACTATATAAAGATCCCTGT,1,5232163
yqjE_yqjK_yqjD_yqjC_predicted,4.142857142857143,34,6,AACGTGTGAAAGCTGGTGCG,28,5189756
yqjE_yqjK_yqjD_yqjC_predicted,2.4285714285714284,22,6,AACGTGGCATCTCGGTTACA,16,5181042
yqjE_yqjK_yqjD_yqjC_predicted,4.0,33,6,AACGTGCGCGAGAGGATCGT,27,5208496
yqjE_yqjK_yqjD_yqjC_predicted,0.2857142857142857,7,6,AACGGCCTGTGTGTAACGTT,1,5216823
yqjE_yqjK_yqjD_yqjC_predicted,0.2857142857142857,7,6,AACCTGTGGGTACGTGACTA,1,5253039
yqjE_yqjK_yqjD_yqjC_predicted,0.2857142857142857,7,6,AACCTAGAGCCTAAAAACGT,1,5196842
yqjE_yqjK_yqjD_yqjC_predicted,0.5714285714285714,9,6,AACCAAAGCCCACTGTAAAT,3,5261708
yqjE_yqjK_yqjD_yqjC_predicted,0.2857142857142857,7,6,AACATGGCTGGTGCAGAAAA,1,5195255
yqjE_yqjK_yqjD_yqjC_predicted,3.7142857142857144,31,6,AACATGAATGGTGCGTGCGG,25,5205756
yqjE_yqjK_yqjD_yqjC_predicted,1.4285714285714286,15,6,AACAGTTATCTATCTCAATT,9,5173300
yqjE_yqjK_yqjD_yqjC_predicted,1.0,12,6,AAATCCCCACGGTTAACCTT,6,5203885
yqjE_yqjK_yqjD_yqjC_predicted,2.142857142857143,20,6,AAAGTTAATACCATGAAGTG,14,5192669
yqjE_yqjK_yqjD_yqjC_predicted,1.2857142857142858,14,6,AAACTTCTGCATGCAATCAC,8,5240605
yqjE_yqjK_yqjD_yqjC_predicted,0.5714285714285714,9,6,AAACGGAGTGTTCTAAGAGG,3,5253285
yqjE_yqjK_yqjD_yqjC_predicted,0.8571428571428571,11,6,AAACCGTCGGCAAGTCGTTC,5,5257145
yqjE_yqjK_yqjD_yqjC_predicted,1.7142857142857142,17,6,AAACATGTCATTTCTTACCC,11,5211818
yqjE_yqjK_yqjD_yqjC_predicted,1.7142857142857142,17,6,AAACATGGTGAACCACACAC,11,5204966
yqjE_yqjK_yqjD_yqjC_predicted,2.0,19,6,AAAATAATCCACGTCTGCTA,13,5193393
yqjE_yqjK_yqjD_yqjC_predicted,2.2857142857142856,21,6,AAAAGAACTATGCTGTAATG,15,5181667
yqjE_yqjK_yqjD_yqjC_predicted,1.1428571428571428,13,6,AAAACAATGAGCACCGGTGT,7,5226936
yqjE_yqjK_yqjD_yqjC_predicted,0.2857142857142857,7,6,AAAAATCAAATCCTCAAGTC,1,5207612
yqjE_yqjK_yqjD_yqjC_predicted,0.7142857142857143,10,6,AAAAAAGAATATAGAAGACA,4,5197560
yqjE_yqjK_yqjD_yqjC_predicted,2.8333333333333335,21,5,TTTTGGAATGTAAATCACCA,16,5226654
yqjE_yqjK_yqjD_yqjC_predicted,1.3333333333333333,12,5,TTTTGAACCGGCAGGTAATA,7,5226866
yqjE_yqjK_yqjD_yqjC_predicted,1.8333333333333333,15,5,TTTTATGCAATCAAGATACA,10,5205295
yqjE_yqjK_yqjD_yqjC_predicted,4.166666666666667,29,5,TTTGATATCTTTTGGGTTTT,24,5192695
yqjE_yqjK_yqjD_yqjC_predicted,0.3333333333333333,6,5,TTTCTATGACATCCATCTAG,1,5230793
yqjE_yqjK_yqjD_yqjC_predicted,2.0,16,5,TTTCCCAGGGGAGAGGCAGA,11,5261066
yqjE_yqjK_yqjD_yqjC_predicted,4.5,31,5,TTTCATCCATTCAGCCCTAG,26,5177392
yqjE_yqjK_yqjD_yqjC_predicted,1.3333333333333333,12,5,TTTCACCCCTAGGACCACCT,7,5245076
yqjE_yqjK_yqjD_yqjC_predicted,1.1666666666666667,11,5,TTGTCGCGCTAATAGGTGTA,6,5254937
yqjE_yqjK_yqjD_yqjC_predicted,0.5,7,5,TTGGTGCCCCGGGCCGTCCA,2,5226793
yqjE_yqjK_yqjD_yqjC_predicted,0.8333333333333334,9,5,TTGGTAAACTCGACCAGGAA,4,5229781
yqjE_yqjK_yqjD_yqjC_predicted,4.5,31,5,TTGGGATTTGAGTCGGCGCA,26,5172880
yqjE_yqjK_yqjD_yqjC_predicted,1.8333333333333333,15,5,TTGGCAGGGGTTCTAGTCTA,10,5243392
yqjE_yqjK_yqjD_yqjC_predicted,0.5,7,5,TTGCTCTTAACAGGCCCTGC,2,5176268
yqjE_yqjK_yqjD_yqjC_predicted,3.0,22,5,TTGCTAGCATCTCCATAAAT,17,5180792
yqjE_yqjK_yqjD_yqjC_predicted,1.0,10,5,TTGCCGCTCATCGGTCACCG,5,5173692
yqjE_yqjK_yqjD_yqjC_predicted,1.3333333333333333,12,5,TTGATACCTACCCTAGTTGA,7,5175234
yqjE_yqjK_yqjD_yqjC_predicted,1.1666666666666667,11,5,TTGAGGTCCCAACGAGCTGT,6,5212036
yqjE_yqjK_yqjD_yqjC_predicted,2.0,16,5,TTGAGCAACTTTTCCGCAAG,11,5196748
yqjE_yqjK_yqjD_yqjC_predicted,2.8333333333333335,21,5,TTCTTCGACGCTTTTCGTAA,16,5236667
yqjE_yqjK_yqjD_yqjC_predicted,1.8333333333333333,15,5,TTCTTCCCTGAGATTCGGTC,10,5180271
yqjE_yqjK_yqjD_yqjC_predicted,3.8333333333333335,27,5,TTCTTCATACGAGACTTCTT,22,5254435
yqjE_yqjK_yqjD_yqjC_predicted,1.1666666666666667,11,5,TTCTCGGATGGAGGACTTGT,6,5205562
yqjE_yqjK_yqjD_yqjC_predicted,2.8333333333333335,21,5,TTCGTATAATACTCCTGAGT,16,5211212
yqjE_yqjK_yqjD_yqjC_predicted,1.5,13,5,TTCCATGTGGGCAACAGTAC,8,5229557
yqjE_yqjK_yqjD_yqjC_predicted,0.3333333333333333,6,5,TTCAGCCAGTTGTAGGGACG,1,5225233
yqjE_yqjK_yqjD_yqjC_predicted,0.3333333333333333,6,5,TTCAGAAAAACCGTTAAACC,1,5249820
yqjE_yqjK_yqjD_yqjC_predicted,4.166666666666667,29,5,TTCACGTCATCAGGAGCCGA,24,5172584
yqjE_yqjK_yqjD_yqjC_predicted,3.5,25,5,TTCACGAGCGAAACGTCGAA,20,5232188
yqjE_yqjK_yqjD_yqjC_predicted,1.6666666666666667,14,5,TTATGACGCCTATTAAAAGT,9,5178851
yqjE_yqjK_yqjD_yqjC_predicted,0.3333333333333333,6,5,TTATCCCTTCAGACCCTGCG,1,5239727
yqjE_yqjK_yqjD_yqjC_predicted,2.8333333333333335,21,5,TTATAGCGCCTAATCCCCGT,16,5185108
yqjE_yqjK_yqjD_yqjC_predicted,0.5,7,5,TTATACCCCTTCGGCTATCT,2,5257122
yqjE_yqjK_yqjD_yqjC_predicted,0.5,7,5,TTAGTTCTTTAAACGGGGTT,2,5204463
yqjE_yqjK_yqjD_yqjC_predicted,1.5,13,5,TTAGCAAGGTTAGGAACTAG,8,5249579
yqjE_yqjK_yqjD_yqjC_predicted,0.3333333333333333,6,5,TTAGATTGGGTACAGTACGT,1,5228977
yqjE_yqjK_yqjD_yqjC_predicted,2.8333333333333335,21,5,TTACTGTGTGGGGGTAATCT,16,5187603
yqjE_yqjK_yqjD_yqjC_predicted,1.5,13,5,TTACGCGGTTTGACGGCCCT,8,5209791
yqjE_yqjK_yqjD_yqjC_predicted,1.6666666666666667,14,5,TGTTTGAAGTCTCAATCCTA,9,5247708
yqjE_yqjK_yqjD_yqjC_predicted,3.0,22,5,TGTTGGCCATGGGTGATGCG,17,5208424
yqjE_yqjK_yqjD_yqjC_predicted,1.0,10,5,TGTTGAAGTCAACATTATGG,5,5228899
yqjE_yqjK_yqjD_yqjC_predicted,0.3333333333333333,6,5,TGTTATGGTCTACTTTTCAC,1,5260311
yqjE_yqjK_yqjD_yqjC_predicted,2.1666666666666665,17,5,TGTTAGTACAAACGCGAATA,12,5215872
yqjE_yqjK_yqjD_yqjC_predicted,3.0,22,5,TGTTAACTGTCACCTCCTGG,17,5227558
yqjE_yqjK_yqjD_yqjC_predicted,3.8333333333333335,27,5,TGTGGCTGGTACTTTGCCCA,22,5258326
yqjE_yqjK_yqjD_yqjC_predicted,1.1666666666666667,11,5,TGTGGCACCTTTCTCTGTGC,6,5222246
yqjE_yqjK_yqjD_yqjC_predicted,7.166666666666667,47,5,TGTGGATTATATGTTAATTT,42,5254450
yqjE_yqjK_yqjD_yqjC_predicted,0.5,7,5,TGTGCTGTTAGGCTAGAGGT,2,5228309
yqjE_yqjK_yqjD_yqjC_predicted,0.8333333333333334,9,5,TGTGCTGATATCGGGACCTA,4,5201067
yqjE_yqjK_yqjD_yqjC_predicted,0.6666666666666666,8,5,TGTGACTACAGAATTCATAT,3,5232572
yqjE_yqjK_yqjD_yqjC_predicted,3.6666666666666665,26,5,TGTCTGAATATGCACCGGTA,21,5182889
yqjE_yqjK_yqjD_yqjC_predicted,1.6666666666666667,14,5,TGTCTCGAATTCAAATACAA,9,5206447
yqjE_yqjK_yqjD_yqjC_predicted,1.5,13,5,TGTCTAGATAAAGAACGTGG,8,5194804
yqjE_yqjK_yqjD_yqjC_predicted,3.1666666666666665,23,5,TGTCGTCGTCAGAACTTAAT,18,5178937
yqjE_yqjK_yqjD_yqjC_predicted,0.3333333333333333,6,5,TGTCCGGTGCTGCCGTCCTA,1,5226705
yqjE_yqjK_yqjD_yqjC_predicted,2.6666666666666665,20,5,TGTCACTTGTGAAAAGATCG,15,5259468
yqjE_yqjK_yqjD_yqjC_predicted,0.8333333333333334,9,5,TGTACAGGCACTGGGCCTAC,4,5224666
yqjE_yqjK_yqjD_yqjC_predicted,4.333333333333333,30,5,TGTAACGGAACTGCTGATCT,25,5232105
yqjE_yqjK_yqjD_yqjC_predicted,3.0,22,5,TGTAAAAAAACAGCACGCTT,17,5192088
yqjE_yqjK_yqjD_yqjC_predicted,1.1666666666666667,11,5,TGGTGGGTGATCATAACCTA,6,5240366
yqjE_yqjK_yqjD_yqjC_predicted,6.0,40,5,TGGTCGATGGCAGAGTAAAA,35,5226228
yqjE_yqjK_yqjD_yqjC_predicted,0.5,7,5,TGGGTGATATGGGAGCATAT,2,5251363
yqjE_yqjK_yqjD_yqjC_predicted,1.5,13,5,TGGGCTACACGGACTCTCTA,8,5252513
yqjE_yqjK_yqjD_yqjC_predicted,4.5,31,5,TGGGATGCTCAGCTGGTCAT,26,5180848
yqjE_yqjK_yqjD_yqjC_predicted,1.6666666666666667,14,5,TGGCATCCAATGGTAAGTCA,9,5259071
yqjE_yqjK_yqjD_yqjC_predicted,0.3333333333333333,6,5,TGGAGGCGCGCTTGGCCGGT,1,5180959
yqjE_yqjK_yqjD_yqjC_predicted,4.0,28,5,TGGAGGAACTCGGACACACC,23,5216611
yqjE_yqjK_yqjD_yqjC_predicted,0.5,7,5,TGGACCAGCTCATCTCTCGT,2,5222150
yqjE_yqjK_yqjD_yqjC_predicted,2.1666666666666665,17,5,TGGACAATCACGCCATTACA,12,5213788
yqjE_yqjK_yqjD_yqjC_predicted,0.8333333333333334,9,5,TGGAATCGATAGTTTGGAAC,4,5230929
yqjE_yqjK_yqjD_yqjC_predicted,1.0,10,5,TGCTGATCACGTGGTTCAAG,5,5189979
yqjE_yqjK_yqjD_yqjC_predicted,2.0,16,5,TGCGATCCCCGTAGTAGAGG,11,5173721
yqjE_yqjK_yqjD_yqjC_predicted,1.5,13,5,TGCGAAGAGGCTTCACAGTT,8,5260763
yqjE_yqjK_yqjD_yqjC_predicted,0.6666666666666666,8,5,TGCCTGTAAGAAAGCATTGT,3,5191387
yqjE_yqjK_yqjD_yqjC_predicted,2.0,16,5,TGCCAGCTGCCTGCGCAGCC,11,5224015
yqjE_yqjK_yqjD_yqjC_predicted,0.3333333333333333,6,5,TGCAACCGATGAATTTCTAG,1,5234349
yqjE_yqjK_yqjD_yqjC_predicted,1.0,10,5,TGATGTCTACTACTGGCCAG,5,5243485
yqjE_yqjK_yqjD_yqjC_predicted,1.0,10,5,TGATGTCCCCCTCGTGCTAG,5,5199906
yqjE_yqjK_yqjD_yqjC_predicted,1.3333333333333333,12,5,TGAGTGTACGCGGGACGCCG,7,5174838
yqjE_yqjK_yqjD_yqjC_predicted,1.6666666666666667,14,5,TGAGTAATCTCTGGTATCAC,9,5205586
yqjE_yqjK_yqjD_yqjC_predicted,3.0,22,5,TGAGGCTGGTTAAACCCGGT,17,5209050
yqjE_yqjK_yqjD_yqjC_predicted,1.5,13,5,TGAGCACGATTGAGAACCCC,8,5257568
yqjE_yqjK_yqjD_yqjC_predicted,1.8333333333333333,15,5,TGAGAACAATCACTCTAGTG,10,5261201
yqjE_yqjK_yqjD_yqjC_predicted,0.3333333333333333,6,5,TGACTTTAGGTACCCGAGAG,1,5181597
yqjE_yqjK_yqjD_yqjC_predicted,1.6666666666666667,14,5,TGACTTGCGATTAAGTCCGC,9,5194134
yqjE_yqjK_yqjD_yqjC_predicted,4.166666666666667,29,5,TGACCCGTATAAGTTGTAAT,24,5237023
yqjE_yqjK_yqjD_yqjC_predicted,0.6666666666666666,8,5,TGACATGTGAGCCTACACGA,3,5225168
yqjE_yqjK_yqjD_yqjC_predicted,0.5,7,5,TGAATCTTCTTCTCAGGAAG,2,5179291
yqjE_yqjK_yqjD_yqjC_predicted,0.3333333333333333,6,5,TGAAGTCGGCGCGGACGCCA,1,5188638
yqjE_yqjK_yqjD_yqjC_predicted,0.3333333333333333,6,5,TGAACCGGGGGATTTTAGTT,1,5258758
yqjE_yqjK_yqjD_yqjC_predicted,4.0,28,5,TGAAATGGCTTATAACACCC,23,5194633
yqjE_yqjK_yqjD_yqjC_predicted,4.833333333333333,33,5,TGAAACTCCGGCTATAAGAA,28,5192753
yqjE_yqjK_yqjD_yqjC_predicted,0.5,7,5,TCTTAGGTCATGTCACGACC,2,5218497
yqjE_yqjK_yqjD_yqjC_predicted,0.3333333333333333,6,5,TCTGTGTACTACGATTACTA,1,5196640
yqjE_yqjK_yqjD_yqjC_predicted,0.3333333333333333,6,5,TCTGAAGACATCGCCAGCGG,1,5225937
yqjE_yqjK_yqjD_yqjC_predicted,1.5,13,5,TCTCTACCTAAGCGGTGTCA,8,5252660
yqjE_yqjK_yqjD_yqjC_predicted,3.3333333333333335,24,5,TCTCGAGTGGCGTATGATCA,19,5230666
yqjE_yqjK_yqjD_yqjC_predicted,2.3333333333333335,18,5,TCTATATAAAGAACGTGCTG,13,5256369
yqjE_yqjK_yqjD_yqjC_predicted,5.333333333333333,36,5,TCTACCTGTGGCAAATAGAG,31,5189985
yqjE_yqjK_yqjD_yqjC_predicted,0.3333333333333333,6,5,TCTACACTCACACTAGCGTA,1,5210542
yqjE_yqjK_yqjD_yqjC_predicted,2.3333333333333335,18,5,TCTAAGTGGATTTCCAGAGG,13,5174256
yqjE_yqjK_yqjD_yqjC_predicted,1.5,13,5,TCGTTAACGCGGGCACCAAT,8,5234976
yqjE_yqjK_yqjD_yqjC_predicted,6.166666666666667,41,5,TCGTGATCAATCCATCCCGG,36,5255502
yqjE_yqjK_yqjD_yqjC_predicted,0.3333333333333333,6,5,TCGTATACTTTGGCAGCCGT,1,5255877
yqjE_yqjK_yqjD_yqjC_predicted,0.3333333333333333,6,5,TCGTAATACAAGGGGGGAGT,1,5246309
yqjE_yqjK_yqjD_yqjC_predicted,1.8333333333333333,15,5,TCGGTCAATTACTGTCAGTA,10,5176559
yqjE_yqjK_yqjD_yqjC_predicted,2.0,16,5,TCGGGTTATCGCACCTAGAC,11,5187247
yqjE_yqjK_yqjD_yqjC_predicted,0.5,7,5,TCGGGCGATCAGCTCCACCA,2,5189997
yqjE_yqjK_yqjD_yqjC_predicted,0.3333333333333333,6,5,TCGGGCCTAGATGTATGTAT,1,5207179
yqjE_yqjK_yqjD_yqjC_predicted,1.3333333333333333,12,5,TCGCACGGCGATGCTGTCAG,7,5238944
yqjE_yqjK_yqjD_yqjC_predicted,1.3333333333333333,12,5,TCGATTAGGTTTTCTCGAGT,7,5190122
yqjE_yqjK_yqjD_yqjC_predicted,7.5,49,5,TCGAGGTGTCGTTAGACTAG,44,5220756
yqjE_yqjK_yqjD_yqjC_predicted,0.3333333333333333,6,5,TCGAGGTCGGAAGCGACGAT,1,5260598
yqjE_yqjK_yqjD_yqjC_predicted,3.5,25,5,TCCTTAGTACTAAGGATCAA,20,5205453
yqjE_yqjK_yqjD_yqjC_predicted,1.0,10,5,TCCTGGTGGGCTCAAGACCA,5,5208365
yqjE_yqjK_yqjD_yqjC_predicted,0.5,7,5,TCCTGGCACGCGGATTCAAT,2,5236160
yqjE_yqjK_yqjD_yqjC_predicted,1.3333333333333333,12,5,TCCTATCATGTGTCAGCTAG,7,5229961
yqjE_yqjK_yqjD_yqjC_predicted,1.6666666666666667,14,5,TCCTACATAAATCCAAACAT,9,5256477
yqjE_yqjK_yqjD_yqjC_predicted,0.3333333333333333,6,5,TCCGTTCGCTGCGGACAATT,1,5197613
yqjE_yqjK_yqjD_yqjC_predicted,0.6666666666666666,8,5,TCCGTCCGCTTGGCATATCG,3,5186639
yqjE_yqjK_yqjD_yqjC_predicted,0.6666666666666666,8,5,TCCGGCTGAACGTAATTGAC,3,5244445
yqjE_yqjK_yqjD_yqjC_predicted,1.3333333333333333,12,5,TCCGCTAGGCAAAGACAAGG,7,5197269
yqjE_yqjK_yqjD_yqjC_predicted,1.8333333333333333,15,5,TCCCCTATCTGTTTAGGCAC,10,5239948
yqjE_yqjK_yqjD_yqjC_predicted,2.0,16,5,TCCCCTACCTGAGGCTCATA,11,5171228
yqjE_yqjK_yqjD_yqjC_predicted,1.0,10,5,TCCCCGCCTGCCCGTTCGGT,5,5191244
yqjE_yqjK_yqjD_yqjC_predicted,1.1666666666666667,11,5,TCCCAGGATCAGGCAGGCAA,6,5211719
yqjE_yqjK_yqjD_yqjC_predicted,3.1666666666666665,23,5,TCCAGGGACCTCGGGCTGCA,18,5218263
yqjE_yqjK_yqjD_yqjC_predicted,4.0,28,5,TCCACTCAGAAATTCGCCCC,23,5257687
yqjE_yqjK_yqjD_yqjC_predicted,0.5,7,5,TCCAACGCTTCTGCAGCCGA,2,5172022
yqjE_yqjK_yqjD_yqjC_predicted,4.666666666666667,32,5,TCATTGACAACGTTGGAGTA,27,5192144
yqjE_yqjK_yqjD_yqjC_predicted,0.5,7,5,TCATACTGACAGAGGCACTA,2,5245362
yqjE_yqjK_yqjD_yqjC_predicted,2.5,19,5,TCATAAGTGGCACCTTACCC,14,5203207
yqjE_yqjK_yqjD_yqjC_predicted,0.5,7,5,TCAGGGCTGAGCAGCAGGTG,2,5244107
yqjE_yqjK_yqjD_yqjC_predicted,1.5,13,5,TCAGACTACCCCACCGGGGA,8,5218110
yqjE_yqjK_yqjD_yqjC_predicted,0.5,7,5,TCACTCATGTTATAAAGGGT,2,5222291
yqjE_yqjK_yqjD_yqjC_predicted,1.1666666666666667,11,5,TCACATCTAGGCGAGTGAGA,6,5238858
yqjE_yqjK_yqjD_yqjC_predicted,0.6666666666666666,8,5,TCACATATCTCATGTTTCCG,3,5180729
yqjE_yqjK_yqjD_yqjC_predicted,3.8333333333333335,27,5,TCAATGCCGCTACGACGGGG,22,5219218
yqjE_yqjK_yqjD_yqjC_predicted,0.3333333333333333,6,5,TCAAGGTGGTATGTTGGGAT,1,5257305
yqjE_yqjK_yqjD_yqjC_predicted,0.5,7,5,TCAAAACGCGGTCTAGTCTT,2,5213409
yqjE_yqjK_yqjD_yqjC_predicted,0.6666666666666666,8,5,TATTAATGGAATATGCGTTA,3,5183980
yqjE_yqjK_yqjD_yqjC_predicted,0.6666666666666666,8,5,TATGAGTGTAACCGCCACAC,3,5223405
yqjE_yqjK_yqjD_yqjC_predicted,7.0,46,5,TATCCTTACGGGACGGACTA,41,5259031
yqjE_yqjK_yqjD_yqjC_predicted,1.6666666666666667,14,5,TATCCTCGTTAATCTGGAGG,9,5255628
yqjE_yqjK_yqjD_yqjC_predicted,0.5,7,5,TATCACATATTCGGTATTTG,2,5219665
yqjE_yqjK_yqjD_yqjC_predicted,1.6666666666666667,14,5,TATAGTCAATAGTCACCGAA,9,5216136
yqjE_yqjK_yqjD_yqjC_predicted,0.5,7,5,TATACCGGTGGATGTGTCTA,2,5183906
yqjE_yqjK_yqjD_yqjC_predicted,2.8333333333333335,21,5,TATAATAGGCCCAATCTTGC,16,5195485
yqjE_yqjK_yqjD_yqjC_predicted,0.8333333333333334,9,5,TAGGACCTGATACTCCTCCA,4,5217902
yqjE_yqjK_yqjD_yqjC_predicted,4.5,31,5,TAGGAAAGGATAGGGCAATA,26,5245620
yqjE_yqjK_yqjD_yqjC_predicted,1.0,10,5,TAGCTTGAGTAGCAGTAAAT,5,5202447
yqjE_yqjK_yqjD_yqjC_predicted,0.3333333333333333,6,5,TAGCTCAGGATAAAACGATT,1,5230660
yqjE_yqjK_yqjD_yqjC_predicted,0.5,7,5,TAGCTACTCAGTGCATTGCC,2,5185602
yqjE_yqjK_yqjD_yqjC_predicted,1.5,13,5,TAGCGGCCCGTGCAATCATG,8,5223843
yqjE_yqjK_yqjD_yqjC_predicted,2.6666666666666665,20,5,TAGCGCGCTCAGTACGTCCT,15,5218410
yqjE_yqjK_yqjD_yqjC_predicted,0.8333333333333334,9,5,TAGCGCCCGTAACTAGCTGT,4,5190159
yqjE_yqjK_yqjD_yqjC_predicted,0.6666666666666666,8,5,TAGCGAGTTCGTAATTTGTG,3,5171872
yqjE_yqjK_yqjD_yqjC_predicted,0.8333333333333334,9,5,TAGCCGGCTCTGGGGTGGCC,4,5197663
yqjE_yqjK_yqjD_yqjC_predicted,3.8333333333333335,27,5,TAGCAGGTGAGTAACTAGGT,22,5181562
yqjE_yqjK_yqjD_yqjC_predicted,1.3333333333333333,12,5,TAGCAGGCGTCCGCTGCCTG,7,5218966
yqjE_yqjK_yqjD_yqjC_predicted,0.3333333333333333,6,5,TAGATTTAAGCTGAGCACAC,1,5220945
yqjE_yqjK_yqjD_yqjC_predicted,1.6666666666666667,14,5,TAGAGTATCCAGCATTAGTG,9,5174818
yqjE_yqjK_yqjD_yqjC_predicted,0.6666666666666666,8,5,TAGAAGGAGGCTTGCGCTCT,3,5188953
yqjE_yqjK_yqjD_yqjC_predicted,2.5,19,5,TACTTCGTATGAGCGGGGTG,14,5177390
yqjE_yqjK_yqjD_yqjC_predicted,0.3333333333333333,6,5,TACTGGGACCACCGTGATTA,1,5197714
yqjE_yqjK_yqjD_yqjC_predicted,2.1666666666666665,17,5,TACTGCATCTGGAATACGGT,12,5241465
yqjE_yqjK_yqjD_yqjC_predicted,2.1666666666666665,17,5,TACTGATCAGTACCCTTGGA,12,5189969
yqjE_yqjK_yqjD_yqjC_predicted,3.3333333333333335,24,5,TACTCACTTTAAAAAATGAC,19,5245701
yqjE_yqjK_yqjD_yqjC_predicted,1.1666666666666667,11,5,TACTATGCAACAAACTTGAA,6,5250796
yqjE_yqjK_yqjD_yqjC_predicted,1.0,10,5,TACGTCGTCTCATTAGGTAG,5,5171368
yqjE_yqjK_yqjD_yqjC_predicted,0.3333333333333333,6,5,TACGAAGAAGTAGAGAGGGC,1,5259630
yqjE_yqjK_yqjD_yqjC_predicted,1.1666666666666667,11,5,TACCTTAGACGTTCACACAT,6,5222409
yqjE_yqjK_yqjD_yqjC_predicted,3.6666666666666665,26,5,TACCTGTTATAGAATTATGA,21,5198327
yqjE_yqjK_yqjD_yqjC_predicted,0.5,7,5,TACCCTTAACCCATAGAGCA,2,5199970
yqjE_yqjK_yqjD_yqjC_predicted,0.3333333333333333,6,5,TACCCGATGCTAGCTGCAAT,1,5251574
yqjE_yqjK_yqjD_yqjC_predicted,0.8333333333333334,9,5,TACCATGCGATATCGGGCTC,4,5214176
yqjE_yqjK_yqjD_yqjC_predicted,1.8333333333333333,15,5,TACAAACGAGTCGGCAAAAG,10,5241966
yqjE_yqjK_yqjD_yqjC_predicted,1.1666666666666667,11,5,TAATGGGTATAGAACTGTTA,6,5214482
yqjE_yqjK_yqjD_yqjC_predicted,0.5,7,5,TAATGACTCTGACGTCTGAC,2,5219936
yqjE_yqjK_yqjD_yqjC_predicted,0.8333333333333334,9,5,TAATAGAAGTTATTAGGGTA,4,5244195
yqjE_yqjK_yqjD_yqjC_predicted,3.8333333333333335,27,5,TAAGCACATCCATCACTATT,22,5256901
yqjE_yqjK_yqjD_yqjC_predicted,2.0,16,5,TAAGCAAGCAATTCGCATTA,11,5222575
yqjE_yqjK_yqjD_yqjC_predicted,0.3333333333333333,6,5,TAAGAGACCCGCAGCTCACC,1,5244542
yqjE_yqjK_yqjD_yqjC_predicted,2.5,19,5,TAACGTGACCTTTCCAGAGG,14,5226231
yqjE_yqjK_yqjD_yqjC_predicted,1.1666666666666667,11,5,TAACGTCGAGAAAGATACTC,6,5256909
yqjE_yqjK_yqjD_yqjC_predicted,1.6666666666666667,14,5,TAACGCCATCGAGAGGAGGT,9,5204508
yqjE_yqjK_yqjD_yqjC_predicted,2.0,16,5,TAACAGTTATTCAGTTGGAG,11,5226010
yqjE_yqjK_yqjD_yqjC_predicted,1.0,10,5,TAAACTTCAACTCGGCCACT,5,5188007
yqjE_yqjK_yqjD_yqjC_predicted,0.3333333333333333,6,5,TAAAACAACTCGGTTGAGGA,1,5199880
yqjE_yqjK_yqjD_yqjC_predicted,1.3333333333333333,12,5,GTTTGCGGGTATTATAGGAG,7,5243910
yqjE_yqjK_yqjD_yqjC_predicted,1.1666666666666667,11,5,GTTTCGATTTGGCACGTAGA,6,5194153
yqjE_yqjK_yqjD_yqjC_predicted,0.3333333333333333,6,5,GTTTAGGAGCTTAATGAACT,1,5177115
yqjE_yqjK_yqjD_yqjC_predicted,0.6666666666666666,8,5,GTTTACCCGTGGAGGAATCC,3,5242992
yqjE_yqjK_yqjD_yqjC_predicted,4.0,28,5,GTTGGCTGGCAATGAGCAGA,23,5232446
yqjE_yqjK_yqjD_yqjC_predicted,0.8333333333333334,9,5,GTTGCTTTCGGAGGTGAATA,4,5232917
yqjE_yqjK_yqjD_yqjC_predicted,0.5,7,5,GTTGCTCGATTAGGGCTATG,2,5183629
yqjE_yqjK_yqjD_yqjC_predicted,1.8333333333333333,15,5,GTTGCGGGATGAGTTTGTCC,10,5218759
yqjE_yqjK_yqjD_yqjC_predicted,0.6666666666666666,8,5,GTTGAAAATGGGCACAACTA,3,5226765
yqjE_yqjK_yqjD_yqjC_predicted,1.1666666666666667,11,5,GTTCGGAATGCCAGGGACCT,6,5217569
yqjE_yqjK_yqjD_yqjC_predicted,1.1666666666666667,11,5,GTTCAGAGGACCCTTACCAA,6,5256748
yqjE_yqjK_yqjD_yqjC_predicted,1.8333333333333333,15,5,GTTATGTTCAATGGAGCATC,10,5213293
yqjE_yqjK_yqjD_yqjC_predicted,0.3333333333333333,6,5,GTTAGGGGCAGCCCAGTACC,1,5199240
yqjE_yqjK_yqjD_yqjC_predicted,2.3333333333333335,18,5,GTTACGAGAATAGTCATCGC,13,5206005
yqjE_yqjK_yqjD_yqjC_predicted,2.0,16,5,GTGTTAAGTTCTCCCAGCGA,11,5219352
yqjE_yqjK_yqjD_yqjC_predicted,0.6666666666666666,8,5,GTGTCCTATTCCCTTTAAAT,3,5244187
yqjE_yqjK_yqjD_yqjC_predicted,1.8333333333333333,15,5,GTGTAGTCGTAATGACGAGG,10,5234353
yqjE_yqjK_yqjD_yqjC_predicted,0.3333333333333333,6,5,GTGGTTCATAGCTCCATACC,1,5262150
yqjE_yqjK_yqjD_yqjC_predicted,0.6666666666666666,8,5,GTGGTATAACCCACCGGCAT,3,5224562
yqjE_yqjK_yqjD_yqjC_predicted,2.5,19,5,GTGGGACCGGGCTAATTATA,14,5177937
yqjE_yqjK_yqjD_yqjC_predicted,3.6666666666666665,26,5,GTGGCTAATTCGAACGCCTG,21,5227817
yqjE_yqjK_yqjD_yqjC_predicted,1.5,13,5,GTGGCCACGGCCGCACCTCC,8,5197658
yqjE_yqjK_yqjD_yqjC_predicted,0.5,7,5,GTGGCACCTCGTCCCTACTA,2,5229627
yqjE_yqjK_yqjD_yqjC_predicted,2.1666666666666665,17,5,GTGGAGAGTACGATTAGCCA,12,5237115
yqjE_yqjK_yqjD_yqjC_predicted,1.5,13,5,GTGCTATCAAAGAGGTTGAC,8,5179422
yqjE_yqjK_yqjD_yqjC_predicted,0.6666666666666666,8,5,GTGCGGTTGAGGATGAGATC,3,5211065
yqjE_yqjK_yqjD_yqjC_predicted,0.5,7,5,GTGCCTTAGTCCCATAGATA,2,5215537
yqjE_yqjK_yqjD_yqjC_predicted,0.3333333333333333,6,5,GTGCCTCCTAGAGGAGACAG,1,5222200
yqjE_yqjK_yqjD_yqjC_predicted,1.6666666666666667,14,5,GTGACTCAGACAGCTTCCCA,9,5225880
yqjE_yqjK_yqjD_yqjC_predicted,0.6666666666666666,8,5,GTCTCCCAGTCCCTGGCCAT,3,5259217
yqjE_yqjK_yqjD_yqjC_predicted,1.8333333333333333,15,5,GTCTCATGGCCCTCCAAGGC,10,5241842
yqjE_yqjK_yqjD_yqjC_predicted,3.5,25,5,GTCTCAGCCGTCCAGGGGGC,20,5232190
yqjE_yqjK_yqjD_yqjC_predicted,1.3333333333333333,12,5,GTCGGGCGGGTCTTCAAAAG,7,5235909
yqjE_yqjK_yqjD_yqjC_predicted,3.5,25,5,GTCGGAGATCTCGGACTGCG,20,5246379
yqjE_yqjK_yqjD_yqjC_predicted,0.6666666666666666,8,5,GTCGAGTGGTTGTGATGGTC,3,5197361
yqjE_yqjK_yqjD_yqjC_predicted,0.8333333333333334,9,5,GTCCGCTCGAAGGCCGGAGC,4,5184893
yqjE_yqjK_yqjD_yqjC_predicted,1.6666666666666667,14,5,GTCCGAATATTATGTGGTAG,9,5202912
yqjE_yqjK_yqjD_yqjC_predicted,4.0,28,5,GTCCCCGGATGGGCGTGCAA,23,5240474
yqjE_yqjK_yqjD_yqjC_predicted,2.8333333333333335,21,5,GTCCCACTCTGGTGTGATTT,16,5228399
yqjE_yqjK_yqjD_yqjC_predicted,1.0,10,5,GTCCAGCTGCCAGCTAAAAC,5,5215578
yqjE_yqjK_yqjD_yqjC_predicted,0.6666666666666666,8,5,GTCCAAACGAGCGCGCTTAA,3,5203411
yqjE_yqjK_yqjD_yqjC_predicted,5.833333333333333,39,5,GTCACGTATACACGCCAGGT,34,5183929
yqjE_yqjK_yqjD_yqjC_predicted,7.5,49,5,GTATTGTTTTCCGCTAAGTA,44,5235715
yqjE_yqjK_yqjD_yqjC_predicted,2.5,19,5,GTAGAGAGCATGTAGGAAAA,14,5237426
yqjE_yqjK_yqjD_yqjC_predicted,0.5,7,5,GTACTATTCTACCTCAATCC,2,5232310
yqjE_yqjK_yqjD_yqjC_predicted,1.3333333333333333,12,5,GGTTTTAGCGGCGCTGGACA,7,5254473
yqjE_yqjK_yqjD_yqjC_predicted,0.6666666666666666,8,5,GGTTTTACGCCCATTGCACT,3,5223858
yqjE_yqjK_yqjD_yqjC_predicted,2.6666666666666665,20,5,GGTTTAGAATGTTCAGACAT,15,5188251
yqjE_yqjK_yqjD_yqjC_predicted,0.3333333333333333,6,5,GGTTACAAGAGCTCCGGACA,1,5224648
yqjE_yqjK_yqjD_yqjC_predicted,1.0,10,5,GGTGTTCGTCCCGACTGCGC,5,5203349
yqjE_yqjK_yqjD_yqjC_predicted,0.3333333333333333,6,5,GGTGAAAGCCTTTACTTTCT,1,5173378
yqjE_yqjK_yqjD_yqjC_predicted,0.5,7,5,GGTCAAAAGAGCTTGATCGA,2,5220002
yqjE_yqjK_yqjD_yqjC_predicted,1.3333333333333333,12,5,GGTATTCCCCCGAATGGCAT,7,5205726
yqjE_yqjK_yqjD_yqjC_predicted,0.6666666666666666,8,5,GGTACTTTGACAGAGCTCAT,3,5247853
yqjE_yqjK_yqjD_yqjC_predicted,1.1666666666666667,11,5,GGTAAAGTTTACTTCTCGGT,6,5207723
yqjE_yqjK_yqjD_yqjC_predicted,2.1666666666666665,17,5,GGGTTTACAACTATGTGCGA,12,5204131
yqjE_yqjK_yqjD_yqjC_predicted,3.6666666666666665,26,5,GGGTTAATCACTATCCACCC,21,5237999
yqjE_yqjK_yqjD_yqjC_predicted,0.8333333333333334,9,5,GGGTGGGTCCGGTTGGTGAG,4,5216212
yqjE_yqjK_yqjD_yqjC_predicted,1.0,10,5,GGGTGGCATGTGGACCGTGT,5,5239779
yqjE_yqjK_yqjD_yqjC_predicted,0.8333333333333334,9,5,GGGTATTAAGACTTTTTAGA,4,5194175
yqjE_yqjK_yqjD_yqjC_predicted,1.0,10,5,GGGTATGCACCGTGAGGTAA,5,5191505
yqjE_yqjK_yqjD_yqjC_predicted,0.8333333333333334,9,5,GGGGTTTGAAGTTACATCTC,4,5178236
yqjE_yqjK_yqjD_yqjC_predicted,0.8333333333333334,9,5,GGGGATGTCTGTGGATAGTA,4,5213153
yqjE_yqjK_yqjD_yqjC_predicted,2.5,19,5,GGGGAAGATTTGAGAGATGC,14,5184812
yqjE_yqjK_yqjD_yqjC_predicted,3.0,22,5,GGGCAGCCGTTGGTGGAGTC,17,5203380
yqjE_yqjK_yqjD_yqjC_predicted,3.5,25,5,GGGATGGGCAACCAGTCATG,20,5226202
yqjE_yqjK_yqjD_yqjC_predicted,2.8333333333333335,21,5,GGGAGCTACGGGCTGCCGAC,16,5191044
yqjE_yqjK_yqjD_yqjC_predicted,0.5,7,5,GGCTTGGCACTCTAACGGCC,2,5249452
yqjE_yqjK_yqjD_yqjC_predicted,0.8333333333333334,9,5,GGCTCATGAGCCTCCGAGCA,4,5200333
yqjE_yqjK_yqjD_yqjC_predicted,0.6666666666666666,8,5,GGCGTCCCGTACCGCCCGAT,3,5185319
yqjE_yqjK_yqjD_yqjC_predicted,3.5,25,5,GGCGGACCTGAGGCTGGTGA,20,5232637
yqjE_yqjK_yqjD_yqjC_predicted,0.6666666666666666,8,5,GGCGCTTCAGTTAACAGTGC,3,5260521
yqjE_yqjK_yqjD_yqjC_predicted,2.3333333333333335,18,5,GGCCTCGGTTCCATCAAAGA,13,5177521
yqjE_yqjK_yqjD_yqjC_predicted,2.0,16,5,GGCCGTCGTTAGACGCCGGC,11,5214595
yqjE_yqjK_yqjD_yqjC_predicted,0.3333333333333333,6,5,GGCCGTCCACCCAACTTTTA,1,5256981
yqjE_yqjK_yqjD_yqjC_predicted,7.666666666666667,50,5,GGCCCCCTACTCTTGGCCTT,45,5241048
yqjE_yqjK_yqjD_yqjC_predicted,2.8333333333333335,21,5,GGCCACACCGGTTGATCTCC,16,5178859
yqjE_yqjK_yqjD_yqjC_predicted,1.5,13,5,GGCATGTCCATGTCTCAGGA,8,5215938
yqjE_yqjK_yqjD_yqjC_predicted,0.8333333333333334,9,5,GGCAGCCCTCAAAGATTTAA,4,5220432
yqjE_yqjK_yqjD_yqjC_predicted,1.1666666666666667,11,5,GGCACTGCCCGCCTTTCATA,6,5231323
yqjE_yqjK_yqjD_yqjC_predicted,3.8333333333333335,27,5,GGCACCTAACTCGTGGTGGT,22,5209796
yqjE_yqjK_yqjD_yqjC_predicted,0.5,7,5,GGCAACCAGCTCACGTCTTG,2,5235911
yqjE_yqjK_yqjD_yqjC_predicted,1.3333333333333333,12,5,GGATTATAGAAGTCACCGCG,7,5203922
yqjE_yqjK_yqjD_yqjC_predicted,2.1666666666666665,17,5,GGATGTTAGTGACCTACCGT,12,5210236
yqjE_yqjK_yqjD_yqjC_predicted,0.3333333333333333,6,5,GGATGCTTTAACACGAGTCA,1,5229280
yqjE_yqjK_yqjD_yqjC_predicted,0.3333333333333333,6,5,GGAGTCACGCCGGTCGATCT,1,5256695
yqjE_yqjK_yqjD_yqjC_predicted,0.5,7,5,GGAGCGTACATAAGATCGAC,2,5210773
yqjE_yqjK_yqjD_yqjC_predicted,0.3333333333333333,6,5,GGAGCCGTGTGGTGCTTTAG,1,5233749
yqjE_yqjK_yqjD_yqjC_predicted,4.333333333333333,30,5,GGACTGGCGCATCTTATGCA,25,5258960
yqjE_yqjK_yqjD_yqjC_predicted,0.3333333333333333,6,5,GGACTCCCGTGAACGGGCAG,1,5175876
yqjE_yqjK_yqjD_yqjC_predicted,1.6666666666666667,14,5,GGACTCAGCCTATATTTGCG,9,5253895
yqjE_yqjK_yqjD_yqjC_predicted,1.6666666666666667,14,5,GGACTAACTCGTGAATTGGG,9,5223431
yqjE_yqjK_yqjD_yqjC_predicted,5.166666666666667,35,5,GGACGGTCTCGGAATTTAAG,30,5240517
yqjE_yqjK_yqjD_yqjC_predicted,6.166666666666667,41,5,GGACCCCTTAGTATAGGGTA,36,5237766
yqjE_yqjK_yqjD_yqjC_predicted,1.1666666666666667,11,5,GGACAGGGAGATGCTCAAGA,6,5245523
yqjE_yqjK_yqjD_yqjC_predicted,2.0,16,5,GGAATGACCCGGGGGGGAAA,11,5239235
yqjE_yqjK_yqjD_yqjC_predicted,1.6666666666666667,14,5,GGAAGGCTGCTGGTCATAGT,9,5189240
yqjE_yqjK_yqjD_yqjC_predicted,0.5,7,5,GGAAATAGGTCCCCCTGCGT,2,5202808
yqjE_yqjK_yqjD_yqjC_predicted,1.6666666666666667,14,5,GCTTGTACAGAGTATACGAT,9,5231081
yqjE_yqjK_yqjD_yqjC_predicted,1.6666666666666667,14,5,GCTTGCCACACCGCGACGCG,9,5181740
yqjE_yqjK_yqjD_yqjC_predicted,1.6666666666666667,14,5,GCTTCGCCAGTCCCATTGCA,9,5251255
yqjE_yqjK_yqjD_yqjC_predicted,5.166666666666667,35,5,GCTGGTTAGCCCCAAACCGT,30,5193389
yqjE_yqjK_yqjD_yqjC_predicted,1.5,13,5,GCTCTGGGGCACCCGTGCTA,8,5212179
yqjE_yqjK_yqjD_yqjC_predicted,3.8333333333333335,27,5,GCTCCTTAGGTCCAAGACGG,22,5259494
yqjE_yqjK_yqjD_yqjC_predicted,1.6666666666666667,14,5,GCTCAACGGGTACAGGGGAA,9,5187276
yqjE_yqjK_yqjD_yqjC_predicted,1.0,10,5,GCTATTTGATCTCAAGGTAG,5,5240197
yqjE_yqjK_yqjD_yqjC_predicted,2.0,16,5,GCTATATGCAGGCACCAGAT,11,5224871
yqjE_yqjK_yqjD_yqjC_predicted,2.5,19,5,GCTAGAATGAACTTATCTAG,14,5224115
yqjE_yqjK_yqjD_yqjC_predicted,2.1666666666666665,17,5,GCTACGCAAAAAGAGTCAGT,12,5176191
yqjE_yqjK_yqjD_yqjC_predicted,3.5,25,5,GCTACAAAGGCATGTAAGAG,20,5178450
yqjE_yqjK_yqjD_yqjC_predicted,0.3333333333333333,6,5,GCTAAGAAGGGTTGGAGGCC,1,5186065
yqjE_yqjK_yqjD_yqjC_predicted,0.3333333333333333,6,5,GCGTGGCCTACGTGTTGATC,1,5211756
yqjE_yqjK_yqjD_yqjC_predicted,2.0,16,5,GCGTCTGACCTTGCTCGGAA,11,5216700
yqjE_yqjK_yqjD_yqjC_predicted,0.5,7,5,GCGGGCTTCAGCCAAGCAAT,2,5171236
yqjE_yqjK_yqjD_yqjC_predicted,0.6666666666666666,8,5,GCGCTTGGTTCTGGACCAGA,3,5241490
yqjE_yqjK_yqjD_yqjC_predicted,0.5,7,5,GCGCTTGCGCCTATTGCTTT,2,5175109
yqjE_yqjK_yqjD_yqjC_predicted,5.166666666666667,35,5,GCGCGTGAACGGTCGTGCCT,30,5241062
yqjE_yqjK_yqjD_yqjC_predicted,0.6666666666666666,8,5,GCGCCTAGGGTAATGTTCGG,3,5233346
yqjE_yqjK_yqjD_yqjC_predicted,0.3333333333333333,6,5,GCGAACGTGTAGTCATTCGT,1,5199049
yqjE_yqjK_yqjD_yqjC_predicted,0.5,7,5,GCCTGTGAAGTCAAGTCAAA,2,5254052
yqjE_yqjK_yqjD_yqjC_predicted,3.6666666666666665,26,5,GCCTGAATTCATATATCAGA,21,5181404
yqjE_yqjK_yqjD_yqjC_predicted,0.5,7,5,GCCTCGGCCTTCTGATATAT,2,5240844
yqjE_yqjK_yqjD_yqjC_predicted,2.1666666666666665,17,5,GCCCCCGCGTCCTTGTACTC,12,5220422
yqjE_yqjK_yqjD_yqjC_predicted,0.8333333333333334,9,5,GCCAGATCGTCTAATGCTTA,4,5180634
yqjE_yqjK_yqjD_yqjC_predicted,0.5,7,5,GCCAAGGGTTAGTGTAGCCT,2,5262655
yqjE_yqjK_yqjD_yqjC_predicted,1.1666666666666667,11,5,GCCAAGAAGAGCCTATATAA,6,5181499
yqjE_yqjK_yqjD_yqjC_predicted,3.1666666666666665,23,5,GCCAAAGGAGTGGTCCGGGA,18,5195271
yqjE_yqjK_yqjD_yqjC_predicted,0.3333333333333333,6,5,GCATTGGCCGGGGATGGGCA,1,5259831
yqjE_yqjK_yqjD_yqjC_predicted,2.1666666666666665,17,5,GCATCTGCGTGCTCCTAAGT,12,5218284
yqjE_yqjK_yqjD_yqjC_predicted,0.8333333333333334,9,5,GCACGAAGAGATGTGCATAC,4,5203740
yqjE_yqjK_yqjD_yqjC_predicted,0.5,7,5,GCACCGGTAGCCCCGTAAAA,2,5205200
yqjE_yqjK_yqjD_yqjC_predicted,0.3333333333333333,6,5,GCACCAATGCAAGTAGCGTG,1,5197365
yqjE_yqjK_yqjD_yqjC_predicted,2.1666666666666665,17,5,GCAATGGTGTAACCCGATCA,12,5225455
yqjE_yqjK_yqjD_yqjC_predicted,2.0,16,5,GCAATCACGTACCCGTTCTC,11,5193928
yqjE_yqjK_yqjD_yqjC_predicted,1.8333333333333333,15,5,GCAAGACAACCGTGTGTCAA,10,5232313
yqjE_yqjK_yqjD_yqjC_predicted,1.0,10,5,GCAACTGGAAACAGTCAGAT,5,5185178
yqjE_yqjK_yqjD_yqjC_predicted,3.3333333333333335,24,5,GCAACAATGGGACATGACCT,19,5202173
yqjE_yqjK_yqjD_yqjC_predicted,4.0,28,5,GCAAATGCTTCGAAGTACTG,23,5256461
yqjE_yqjK_yqjD_yqjC_predicted,2.3333333333333335,18,5,GCAAAATCGGTCCCGGAACG,13,5171333
yqjE_yqjK_yqjD_yqjC_predicted,0.3333333333333333,6,5,GATTAAGGTATCAGTCGCAA,1,5225366
yqjE_yqjK_yqjD_yqjC_predicted,0.3333333333333333,6,5,GATGCAAGCTGCTACAGGGT,1,5185606
yqjE_yqjK_yqjD_yqjC_predicted,0.3333333333333333,6,5,GATCGTTAAGCAGGATGGAT,1,5208851
yqjE_yqjK_yqjD_yqjC_predicted,1.5,13,5,GATCCCTGGTGAGCTGCACA,8,5189714
yqjE_yqjK_yqjD_yqjC_predicted,1.1666666666666667,11,5,GATCCCTCGCGTGCTGTAGG,6,5240987
yqjE_yqjK_yqjD_yqjC_predicted,0.3333333333333333,6,5,GATACCCCATCCGACTGGCG,1,5226816
yqjE_yqjK_yqjD_yqjC_predicted,1.0,10,5,GAGTTTCCGCTGTGAAGGCC,5,5203364
yqjE_yqjK_yqjD_yqjC_predicted,0.5,7,5,GAGGTTCATCTGGGCAAAAG,2,5199452
yqjE_yqjK_yqjD_yqjC_predicted,1.0,10,5,GAGGGGGGTGCTCTACCAGG,5,5220826
yqjE_yqjK_yqjD_yqjC_predicted,0.5,7,5,GAGGCTATCTATCGTGTATT,2,5260398
yqjE_yqjK_yqjD_yqjC_predicted,2.1666666666666665,17,5,GAGCGAGGGCGACAAGCATT,12,5219186
yqjE_yqjK_yqjD_yqjC_predicted,1.1666666666666667,11,5,GAGCCCCTATACGTATAGAC,6,5205733
yqjE_yqjK_yqjD_yqjC_predicted,1.0,10,5,GAGCAATCATAAAGTATGCA,5,5171500
yqjE_yqjK_yqjD_yqjC_predicted,0.5,7,5,GAGCAAATGCCTCAATCCGT,2,5255114
yqjE_yqjK_yqjD_yqjC_predicted,0.5,7,5,GAGATAGCTGGCTTAATTTA,2,5195361
yqjE_yqjK_yqjD_yqjC_predicted,0.5,7,5,GAGAGGACACTGCGTGATGG,2,5199293
yqjE_yqjK_yqjD_yqjC_predicted,2.1666666666666665,17,5,GACTCGCCTGGCACGCCTTG,12,5183295
yqjE_yqjK_yqjD_yqjC_predicted,3.6666666666666665,26,5,GACGTGGGGCATTGTTAATA,21,5249815
yqjE_yqjK_yqjD_yqjC_predicted,0.6666666666666666,8,5,GACGGAAAAATATCAGTGCG,3,5186126
yqjE_yqjK_yqjD_yqjC_predicted,1.3333333333333333,12,5,GACCGGCGCACCCGCAGAGG,7,5216082
yqjE_yqjK_yqjD_yqjC_predicted,0.3333333333333333,6,5,GACATGGTGGTTCACCCTAT,1,5199402
yqjE_yqjK_yqjD_yqjC_predicted,1.6666666666666667,14,5,GACAGCAATGACTCGGCGTC,9,5240028
yqjE_yqjK_yqjD_yqjC_predicted,0.3333333333333333,6,5,GACACTAGGGCTTTGAGATA,1,5185715
yqjE_yqjK_yqjD_yqjC_predicted,0.3333333333333333,6,5,GACACCAAGGGGTCTCGTAG,1,5224671
yqjE_yqjK_yqjD_yqjC_predicted,2.1666666666666665,17,5,GAATTTCGCTAGAGTGCTCA,12,5212187
yqjE_yqjK_yqjD_yqjC_predicted,1.8333333333333333,15,5,GAATTGGCGGGGTGACTTGC,10,5226025
yqjE_yqjK_yqjD_yqjC_predicted,2.3333333333333335,18,5,GAATGACGTACACGGTTGGC,13,5209884
yqjE_yqjK_yqjD_yqjC_predicted,0.5,7,5,GAATACACGTATCTTATAGC,2,5230844
yqjE_yqjK_yqjD_yqjC_predicted,0.6666666666666666,8,5,GAATAACGTCCTATAGTCAT,3,5249334
yqjE_yqjK_yqjD_yqjC_predicted,1.1666666666666667,11,5,GAAGTCTCAAGATTGGACTC,6,5191289
yqjE_yqjK_yqjD_yqjC_predicted,1.1666666666666667,11,5,GAAGAGGTCATACCGCGATT,6,5218601
yqjE_yqjK_yqjD_yqjC_predicted,0.8333333333333334,9,5,GAACTATCGTAATATCATAG,4,5185850
yqjE_yqjK_yqjD_yqjC_predicted,3.1666666666666665,23,5,GAACGCCAGTAAAGGGGCAA,18,5244103
yqjE_yqjK_yqjD_yqjC_predicted,1.1666666666666667,11,5,GAACGCACTGCTCCTGTACT,6,5195601
yqjE_yqjK_yqjD_yqjC_predicted,0.3333333333333333,6,5,GAACCTGGATTGAAGGCAGC,1,5251583
yqjE_yqjK_yqjD_yqjC_predicted,2.1666666666666665,17,5,GAACCTCAAGCAATCGGGTT,12,5221967
yqjE_yqjK_yqjD_yqjC_predicted,1.5,13,5,GAACATCACAGTAAAGGTTT,8,5252380
yqjE_yqjK_yqjD_yqjC_predicted,1.3333333333333333,12,5,GAACAGCTTGTACTCCCGTA,7,5196195
yqjE_yqjK_yqjD_yqjC_predicted,0.3333333333333333,6,5,GAACAAGGCAGAGGGCTTCA,1,5194843
yqjE_yqjK_yqjD_yqjC_predicted,5.333333333333333,36,5,GAAATTAAGGCTGGGTGTGC,31,5178246
yqjE_yqjK_yqjD_yqjC_predicted,0.5,7,5,GAAATGGTTTATGTTTCATA,2,5251820
yqjE_yqjK_yqjD_yqjC_predicted,1.0,10,5,GAAACGGGGTGTATACTGAT,5,5234866
yqjE_yqjK_yqjD_yqjC_predicted,0.3333333333333333,6,5,GAAAAGATGTGTCGCCTGGA,1,5245617
yqjE_yqjK_yqjD_yqjC_predicted,1.3333333333333333,12,5,GAAAACGTTAAGGTAAACTT,7,5220328
yqjE_yqjK_yqjD_yqjC_predicted,2.3333333333333335,18,5,CTTTGGCAGCATCGCTACTC,13,5199595
yqjE_yqjK_yqjD_yqjC_predicted,2.0,16,5,CTTTAGCGTTTATCGAGGCG,11,5256071
yqjE_yqjK_yqjD_yqjC_predicted,0.6666666666666666,8,5,CTTTAATATAGTCTTTTTGG,3,5241981
yqjE_yqjK_yqjD_yqjC_predicted,0.3333333333333333,6,5,CTTGCGTGTCACCCTAGCTT,1,5216033
yqjE_yqjK_yqjD_yqjC_predicted,1.6666666666666667,14,5,CTTGATATGACAGGTGGGGT,9,5233174
yqjE_yqjK_yqjD_yqjC_predicted,5.166666666666667,35,5,CTTCTCGACTGTTACGTAGC,30,5200942
yqjE_yqjK_yqjD_yqjC_predicted,1.0,10,5,CTTATGGAGAGCTTATGTTA,5,5187269
yqjE_yqjK_yqjD_yqjC_predicted,1.1666666666666667,11,5,CTTATAAAGATCAGGGGGAC,6,5251356
yqjE_yqjK_yqjD_yqjC_predicted,1.5,13,5,CTTAGTCCGTGGCGCACACT,8,5229097
yqjE_yqjK_yqjD_yqjC_predicted,0.5,7,5,CTTAGCCAGAGCTAAACATA,2,5197369
yqjE_yqjK_yqjD_yqjC_predicted,2.5,19,5,CTTACCGACGAATTAAAGTC,14,5192696
yqjE_yqjK_yqjD_yqjC_predicted,2.0,16,5,CTGTTCCCAGCGGAGACTCC,11,5193807
yqjE_yqjK_yqjD_yqjC_predicted,2.6666666666666665,20,5,CTGTCTGTCCAGTTATGCTA,15,5224816
yqjE_yqjK_yqjD_yqjC_predicted,0.8333333333333334,9,5,CTGGGTAATTTTCACGGATA,4,5210172
yqjE_yqjK_yqjD_yqjC_predicted,1.0,10,5,CTGGCATTTCGCCCACCGAC,5,5259203
yqjE_yqjK_yqjD_yqjC_predicted,1.6666666666666667,14,5,CTGCCATTGGTATGGGGTAC,9,5243638
yqjE_yqjK_yqjD_yqjC_predicted,12.666666666666666,80,5,CTGCACGCCTGTAGTGTGCT,75,5220754
yqjE_yqjK_yqjD_yqjC_predicted,1.1666666666666667,11,5,CTGACGCGGGCCATATCAGG,6,5207814
yqjE_yqjK_yqjD_yqjC_predicted,37.166666666666664,227,5,CTGACCCTCTCAAGCGACCA,222,5253554
yqjE_yqjK_yqjD_yqjC_predicted,3.6666666666666665,26,5,CTCTTACTTAAGACTTACCT,21,5198754
yqjE_yqjK_yqjD_yqjC_predicted,0.8333333333333334,9,5,CTCTCCTCAACAACCAAATT,4,5249450
yqjE_yqjK_yqjD_yqjC_predicted,2.0,16,5,CTCTCCAACGTTACTTCATT,11,5191462
yqjE_yqjK_yqjD_yqjC_predicted,1.3333333333333333,12,5,CTCTAAGTCTGACAGCAGAA,7,5260374
yqjE_yqjK_yqjD_yqjC_predicted,1.5,13,5,CTCGGAGTAGAAGTTATTCT,8,5253087
yqjE_yqjK_yqjD_yqjC_predicted,1.5,13,5,CTCGAAACTTCTGACCTGAT,8,5246659
yqjE_yqjK_yqjD_yqjC_predicted,0.6666666666666666,8,5,CTCCTCAAAATAAATCCCCC,3,5199310
yqjE_yqjK_yqjD_yqjC_predicted,3.1666666666666665,23,5,CTCCCGTTCGACGTTGAGGG,18,5176320
yqjE_yqjK_yqjD_yqjC_predicted,0.5,7,5,CTCCAACGATTGCAGGGAGA,2,5175083
yqjE_yqjK_yqjD_yqjC_predicted,3.0,22,5,CTCATGGCACATTATTTTTT,17,5187545
yqjE_yqjK_yqjD_yqjC_predicted,2.6666666666666665,20,5,CTCAGGCCACCTTAACAACA,15,5223498
yqjE_yqjK_yqjD_yqjC_predicted,0.5,7,5,CTCAGACAGCGACTCGAAGG,2,5173064
yqjE_yqjK_yqjD_yqjC_predicted,1.6666666666666667,14,5,CTCACTTGTTCGACATCTGG,9,5229637
yqjE_yqjK_yqjD_yqjC_predicted,1.1666666666666667,11,5,CTCAAGGCTTGGCGAGGTCA,6,5187950
yqjE_yqjK_yqjD_yqjC_predicted,2.0,16,5,CTATTCCGCAACAGCAGGCT,11,5171789
yqjE_yqjK_yqjD_yqjC_predicted,0.5,7,5,CTATGCTGTAAAACCAAACT,2,5215576
yqjE_yqjK_yqjD_yqjC_predicted,0.3333333333333333,6,5,CTATGAGAGCGCCGCCCCAT,1,5228043
yqjE_yqjK_yqjD_yqjC_predicted,1.6666666666666667,14,5,CTATAAGAGGGAACTTTGTA,9,5182662
yqjE_yqjK_yqjD_yqjC_predicted,0.5,7,5,CTAGTTCGCCGAGAGACTGA,2,5205867
yqjE_yqjK_yqjD_yqjC_predicted,0.3333333333333333,6,5,CTACTGGTTTCACTGGTGTC,1,5258904
yqjE_yqjK_yqjD_yqjC_predicted,0.5,7,5,CTACGGCACGCAGGTATTGC,2,5197680
yqjE_yqjK_yqjD_yqjC_predicted,1.0,10,5,CTACAACAGGGCCTTGTGGT,5,5195340
yqjE_yqjK_yqjD_yqjC_predicted,1.1666666666666667,11,5,CTAATGGATTTCGCATGCTT,6,5178360
yqjE_yqjK_yqjD_yqjC_predicted,1.1666666666666667,11,5,CTAAGGTGGCTAAGGGGTTG,6,5245925
yqjE_yqjK_yqjD_yqjC_predicted,3.8333333333333335,27,5,CTAAGAAGTACATTCGCACA,22,5262335
yqjE_yqjK_yqjD_yqjC_predicted,2.0,16,5,CGTTTCTGGGTAATTTTTAA,11,5241952
yqjE_yqjK_yqjD_yqjC_predicted,1.0,10,5,CGTGGTTACTTTTGCTCGCA,5,5246803
yqjE_yqjK_yqjD_yqjC_predicted,0.3333333333333333,6,5,CGTGACTATTGCGAGGGTCA,1,5208211
yqjE_yqjK_yqjD_yqjC_predicted,3.3333333333333335,24,5,CGTGAAGGACTTTCGTCTAC,19,5231119
yqjE_yqjK_yqjD_yqjC_predicted,0.3333333333333333,6,5,CGTCTAGGAGGGCGGCTGAC,1,5196264
yqjE_yqjK_yqjD_yqjC_predicted,2.6666666666666665,20,5,CGTCGCCTGCCTTCAATAAA,15,5174956
yqjE_yqjK_yqjD_yqjC_predicted,1.3333333333333333,12,5,CGTCCAGTGGAGATCCACGT,7,5210184
yqjE_yqjK_yqjD_yqjC_predicted,3.3333333333333335,24,5,CGTCACAGTAGTGCACTGTA,19,5238175
yqjE_yqjK_yqjD_yqjC_predicted,0.5,7,5,CGTATCATAGATGCTCTTGA,2,5230128
yqjE_yqjK_yqjD_yqjC_predicted,2.5,19,5,CGTACTTACCCACATGCGGT,14,5226215
yqjE_yqjK_yqjD_yqjC_predicted,0.6666666666666666,8,5,CGTACGCACGCCTTACTTGC,3,5197398
yqjE_yqjK_yqjD_yqjC_predicted,59.5,361,5,CGTAAGCGAATCTTATTACT,356,5256995
yqjE_yqjK_yqjD_yqjC_predicted,1.5,13,5,CGGTTGAAAGGAGGAAGGCT,8,5204209
yqjE_yqjK_yqjD_yqjC_predicted,3.3333333333333335,24,5,CGGTGTTCTCGTTATAACCC,19,5224331
yqjE_yqjK_yqjD_yqjC_predicted,1.1666666666666667,11,5,CGGTGGCCACCGGACTTAAG,6,5193410
yqjE_yqjK_yqjD_yqjC_predicted,0.5,7,5,CGGTAGTGCGCGACGCCCTC,2,5241782
yqjE_yqjK_yqjD_yqjC_predicted,0.6666666666666666,8,5,CGGTACCTGATTACAGGAAC,3,5243739
yqjE_yqjK_yqjD_yqjC_predicted,1.0,10,5,CGGGTGGGGACTCCAGTGTA,5,5253354
yqjE_yqjK_yqjD_yqjC_predicted,0.3333333333333333,6,5,CGGGTGCTCAGGTTTTGCGT,1,5186346
yqjE_yqjK_yqjD_yqjC_predicted,2.1666666666666665,17,5,CGGGTCTGTACGATGTGTAA,12,5213078
yqjE_yqjK_yqjD_yqjC_predicted,0.3333333333333333,6,5,CGGGTAACCGGAACCCATCC,1,5238769
yqjE_yqjK_yqjD_yqjC_predicted,4.0,28,5,CGGGGCGAATGACGGTTGCT,23,5225988
yqjE_yqjK_yqjD_yqjC_predicted,1.1666666666666667,11,5,CGGGGAGCGTTTTGCCCACT,6,5258081
yqjE_yqjK_yqjD_yqjC_predicted,0.6666666666666666,8,5,CGGGCCATTTTGCCGGTTTC,3,5181085
yqjE_yqjK_yqjD_yqjC_predicted,0.8333333333333334,9,5,CGGATTCCATCGTGGCCTAA,4,5210676
yqjE_yqjK_yqjD_yqjC_predicted,3.5,25,5,CGGATAAAGCCGAACACTGG,20,5173419
yqjE_yqjK_yqjD_yqjC_predicted,1.6666666666666667,14,5,CGGAGCTGCGTTTCTCTGGC,9,5175715
yqjE_yqjK_yqjD_yqjC_predicted,1.0,10,5,CGGAATATTCACATCCCTGT,5,5211278
yqjE_yqjK_yqjD_yqjC_predicted,2.0,16,5,CGGAACTCAATCACTTACTC,11,5240865
yqjE_yqjK_yqjD_yqjC_predicted,2.3333333333333335,18,5,CGGAAACGACACAAGGCACT,13,5190499
yqjE_yqjK_yqjD_yqjC_predicted,0.5,7,5,CGCTCATGTTTTCCAGAGCG,2,5247337
yqjE_yqjK_yqjD_yqjC_predicted,1.1666666666666667,11,5,CGCTACTTCGCTTACTACGC,6,5220574
yqjE_yqjK_yqjD_yqjC_predicted,2.1666666666666665,17,5,CGCGCGACAAGGGGCGAAGG,12,5255159
yqjE_yqjK_yqjD_yqjC_predicted,1.8333333333333333,15,5,CGCGCCACGATTTGGTTGGT,10,5252072
yqjE_yqjK_yqjD_yqjC_predicted,2.0,16,5,CGCGAAACACCACAGGCCAG,11,5190307
yqjE_yqjK_yqjD_yqjC_predicted,0.8333333333333334,9,5,CGCCTGGTCTCTGTGGCAGT,4,5219499
yqjE_yqjK_yqjD_yqjC_predicted,2.3333333333333335,18,5,CGCAAAGAAGTGGCTACATG,13,5195743
yqjE_yqjK_yqjD_yqjC_predicted,0.6666666666666666,8,5,CGATCCGGAAGAGCATAGCG,3,5193767
yqjE_yqjK_yqjD_yqjC_predicted,1.3333333333333333,12,5,CGAGTGCAGTTCCAGATGAA,7,5184877
yqjE_yqjK_yqjD_yqjC_predicted,2.1666666666666665,17,5,CGAGGGACCGCGAGCGTGCC,12,5196806
yqjE_yqjK_yqjD_yqjC_predicted,0.3333333333333333,6,5,CGAGATGGATTATTAATACG,1,5229174
yqjE_yqjK_yqjD_yqjC_predicted,2.0,16,5,CGACTCGAGCAACTGCAGTT,11,5241854
yqjE_yqjK_yqjD_yqjC_predicted,1.5,13,5,CGACGATGTGCTACGGGTAA,8,5194425
yqjE_yqjK_yqjD_yqjC_predicted,0.8333333333333334,9,5,CGACCCGCTTCCGGCGTTAA,4,5177257
yqjE_yqjK_yqjD_yqjC_predicted,2.8333333333333335,21,5,CGACAATTTCACAGGTATAG,16,5229420
yqjE_yqjK_yqjD_yqjC_predicted,1.6666666666666667,14,5,CGAATTTGGCTGGTGGCCCT,9,5234633
yqjE_yqjK_yqjD_yqjC_predicted,0.6666666666666666,8,5,CCTTTACAAACCCGGAGGAG,3,5175227
yqjE_yqjK_yqjD_yqjC_predicted,0.5,7,5,CCTTCCAGATAGCTCTCATC,2,5239991
yqjE_yqjK_yqjD_yqjC_predicted,1.1666666666666667,11,5,CCTTCCACAAACCGTCCCCG,6,5252945
yqjE_yqjK_yqjD_yqjC_predicted,0.3333333333333333,6,5,CCTTAGAAATCCAGCCAGGT,1,5173022
yqjE_yqjK_yqjD_yqjC_predicted,0.6666666666666666,8,5,CCTGCTTTACCATACGACTT,3,5177982
yqjE_yqjK_yqjD_yqjC_predicted,0.6666666666666666,8,5,CCTCGTGGGTCACGAAAGCG,3,5202839
yqjE_yqjK_yqjD_yqjC_predicted,0.6666666666666666,8,5,CCTCGGAGTTCAATGTCCTT,3,5230373
yqjE_yqjK_yqjD_yqjC_predicted,17.166666666666668,107,5,CCTCATCTGTTACCGTTGCA,102,5255503
yqjE_yqjK_yqjD_yqjC_predicted,3.0,22,5,CCTCAAGAAGGAATGGACTT,17,5246161
yqjE_yqjK_yqjD_yqjC_predicted,1.6666666666666667,14,5,CCTATCTTAGTTCTTTCTGA,9,5181571
yqjE_yqjK_yqjD_yqjC_predicted,1.3333333333333333,12,5,CCTAGATATGTATGTAACTA,7,5179446
yqjE_yqjK_yqjD_yqjC_predicted,0.3333333333333333,6,5,CCGTTTAGAAGTCAAACCTT,1,5202174
yqjE_yqjK_yqjD_yqjC_predicted,0.6666666666666666,8,5,CCGTTAAAATCCTGAAGAGA,3,5251134
yqjE_yqjK_yqjD_yqjC_predicted,2.5,19,5,CCGTGTATCTCTACTCACAA,14,5226323
yqjE_yqjK_yqjD_yqjC_predicted,0.3333333333333333,6,5,CCGTGCAACCCGTATTTTTC,1,5196191
yqjE_yqjK_yqjD_yqjC_predicted,2.8333333333333335,21,5,CCGTGACACGATCGTAGTTG,16,5234480
yqjE_yqjK_yqjD_yqjC_predicted,0.6666666666666666,8,5,CCGTATAAGGAGCAACGTTC,3,5245630
yqjE_yqjK_yqjD_yqjC_predicted,1.1666666666666667,11,5,CCGGTTTCATCTACGATTTA,6,5191040
yqjE_yqjK_yqjD_yqjC_predicted,1.1666666666666667,11,5,CCGGTTCCGTGTCGCGTCCC,6,5227868
yqjE_yqjK_yqjD_yqjC_predicted,2.8333333333333335,21,5,CCGGTCCGGGACTGTAAATA,16,5258706
yqjE_yqjK_yqjD_yqjC_predicted,1.1666666666666667,11,5,CCGGCTAGTGGTTGAGGGTC,6,5182306
yqjE_yqjK_yqjD_yqjC_predicted,4.666666666666667,32,5,CCGGCCGTCGCCGATAAAAG,27,5197057
yqjE_yqjK_yqjD_yqjC_predicted,0.8333333333333334,9,5,CCGCTGTGTCTGTAGGAAAC,4,5180989
yqjE_yqjK_yqjD_yqjC_predicted,4.166666666666667,29,5,CCGCGATTGGCCGGACGACA,24,5235205
yqjE_yqjK_yqjD_yqjC_predicted,1.3333333333333333,12,5,CCGCAATCATAGCTCGCCGT,7,5183017
yqjE_yqjK_yqjD_yqjC_predicted,1.1666666666666667,11,5,CCGAGGGCGGCTCGCGAACT,6,5211764
yqjE_yqjK_yqjD_yqjC_predicted,1.6666666666666667,14,5,CCCTTTCCGCCATACGGCTC,9,5245451
yqjE_yqjK_yqjD_yqjC_predicted,0.5,7,5,CCCTTCATGTACCTTTCGGA,2,5247918
yqjE_yqjK_yqjD_yqjC_predicted,0.3333333333333333,6,5,CCCTATCAAAACACAGTGGA,1,5196185
yqjE_yqjK_yqjD_yqjC_predicted,5.333333333333333,36,5,CCCTACAGGTTGACGTATGA,31,5201397
yqjE_yqjK_yqjD_yqjC_predicted,0.6666666666666666,8,5,CCCGCGAATTATGTGCTCTT,3,5251122
yqjE_yqjK_yqjD_yqjC_predicted,2.1666666666666665,17,5,CCCCGATAACGGCTTAAAGA,12,5177124
yqjE_yqjK_yqjD_yqjC_predicted,2.5,19,5,CCCATGTTAGGCCATGTCAG,14,5207472
yqjE_yqjK_yqjD_yqjC_predicted,0.3333333333333333,6,5,CCCATAATCTTGTTAGAGTA,1,5255584
yqjE_yqjK_yqjD_yqjC_predicted,1.1666666666666667,11,5,CCATCCGAGGCGCTCAGTTT,6,5181646
yqjE_yqjK_yqjD_yqjC_predicted,4.0,28,5,CCAGGGTAGAGCAAGGGCCT,23,5219099
yqjE_yqjK_yqjD_yqjC_predicted,3.1666666666666665,23,5,CCAGGACGTTCCTAACGTGT,18,5228358
yqjE_yqjK_yqjD_yqjC_predicted,4.666666666666667,32,5,CCAGCCAAAAAGATCAATTT,27,5186395
yqjE_yqjK_yqjD_yqjC_predicted,0.3333333333333333,6,5,CCACTATTGTATACCAACAC,1,5224104
yqjE_yqjK_yqjD_yqjC_predicted,1.3333333333333333,12,5,CCACAGGTTTTAAACGTTGG,7,5241753
yqjE_yqjK_yqjD_yqjC_predicted,0.3333333333333333,6,5,CCACACAATAAATCCATCGG,1,5184262
yqjE_yqjK_yqjD_yqjC_predicted,0.6666666666666666,8,5,CCACAAACGCCGCGACGAGC,3,5176319
yqjE_yqjK_yqjD_yqjC_predicted,2.0,16,5,CCAACTGGTTAGGAGTGGCC,11,5216276
yqjE_yqjK_yqjD_yqjC_predicted,1.5,13,5,CCAACGTGTCTGCGAGGATG,8,5217114
yqjE_yqjK_yqjD_yqjC_predicted,2.1666666666666665,17,5,CCAACAAGGAAAGAGCATTA,12,5212058
yqjE_yqjK_yqjD_yqjC_predicted,0.6666666666666666,8,5,CATTTGCAGATGAGCTAGGG,3,5203973
yqjE_yqjK_yqjD_yqjC_predicted,0.6666666666666666,8,5,CATGTTATATGAGAAGCGCA,3,5204845
yqjE_yqjK_yqjD_yqjC_predicted,2.6666666666666665,20,5,CATGGAGTGCTACGAGAGAC,15,5193037
yqjE_yqjK_yqjD_yqjC_predicted,3.6666666666666665,26,5,CATGAGTGGCGTACCGAACA,21,5243411
yqjE_yqjK_yqjD_yqjC_predicted,3.1666666666666665,23,5,CATGACAATTACCAAATATC,18,5229263
yqjE_yqjK_yqjD_yqjC_predicted,2.8333333333333335,21,5,CATCCGATTAACGGCCTGAT,16,5231818
yqjE_yqjK_yqjD_yqjC_predicted,0.5,7,5,CATAGGTCGGGCCTACTAGA,2,5256854
yqjE_yqjK_yqjD_yqjC_predicted,0.8333333333333334,9,5,CAGTGCTGCGGAAACGAGGG,4,5227752
yqjE_yqjK_yqjD_yqjC_predicted,2.3333333333333335,18,5,CAGTCCCCATGGCACCAGCG,13,5240392
yqjE_yqjK_yqjD_yqjC_predicted,0.8333333333333334,9,5,CAGTAATTTTGTTATTCATA,4,5223559
yqjE_yqjK_yqjD_yqjC_predicted,0.6666666666666666,8,5,CAGGTCTCAAAAAAACTACT,3,5229254
yqjE_yqjK_yqjD_yqjC_predicted,3.6666666666666665,26,5,CAGGTAGAACTACAGCAAAG,21,5217859
yqjE_yqjK_yqjD_yqjC_predicted,1.0,10,5,CAGGACAATAGATACCAATC,5,5250320
yqjE_yqjK_yqjD_yqjC_predicted,1.8333333333333333,15,5,CAGGAAGGCCTCCGGCCAAA,10,5219999
yqjE_yqjK_yqjD_yqjC_predicted,2.1666666666666665,17,5,CAGCTTGTTCCGTTTGACCT,12,5216986
yqjE_yqjK_yqjD_yqjC_predicted,1.6666666666666667,14,5,CAGCTGAAAATGCGCGCCAA,9,5253717
yqjE_yqjK_yqjD_yqjC_predicted,2.3333333333333335,18,5,CAGCGTTATCGATCGTATAT,13,5208983
yqjE_yqjK_yqjD_yqjC_predicted,0.8333333333333334,9,5,CAGCGGTACCCTGTATCCCT,4,5202142
yqjE_yqjK_yqjD_yqjC_predicted,1.1666666666666667,11,5,CAGCGCACTTGGCGGAAGTA,6,5262872
yqjE_yqjK_yqjD_yqjC_predicted,5.833333333333333,39,5,CAGCGCACTGGGCATGCCCT,34,5247615
yqjE_yqjK_yqjD_yqjC_predicted,0.3333333333333333,6,5,CAGCACGCCGAAGTCCAATT,1,5181086
yqjE_yqjK_yqjD_yqjC_predicted,0.8333333333333334,9,5,CAGACTCTAAAAGGTCAAAG,4,5192328
yqjE_yqjK_yqjD_yqjC_predicted,2.1666666666666665,17,5,CACTTAAGATTCGATCGCGC,12,5237035
yqjE_yqjK_yqjD_yqjC_predicted,1.0,10,5,CACTATTACTTCGCAAAAGG,5,5212599
yqjE_yqjK_yqjD_yqjC_predicted,0.6666666666666666,8,5,CACTATCAACATCCAGCCAT,3,5188639
yqjE_yqjK_yqjD_yqjC_predicted,1.5,13,5,CACGGGCCTACTCGCGCTCG,8,5228694
yqjE_yqjK_yqjD_yqjC_predicted,2.0,16,5,CACGCGAGTGAGCATACTCC,11,5250124
yqjE_yqjK_yqjD_yqjC_predicted,3.5,25,5,CACCTCGGCATAATCAATAA,20,5184416
yqjE_yqjK_yqjD_yqjC_predicted,1.3333333333333333,12,5,CACACCCTGCATCAACGAGT,7,5212995
yqjE_yqjK_yqjD_yqjC_predicted,0.3333333333333333,6,5,CAATTAGAGGCCAGCATCGT,1,5205126
yqjE_yqjK_yqjD_yqjC_predicted,1.8333333333333333,15,5,CAATGCAATCCTGGCAGCGG,10,5242498
yqjE_yqjK_yqjD_yqjC_predicted,3.6666666666666665,26,5,CAACGTGTAGATAGCATGTA,21,5223536
yqjE_yqjK_yqjD_yqjC_predicted,0.8333333333333334,9,5,CAACCGGAACTGTAGTTTCA,4,5220889
yqjE_yqjK_yqjD_yqjC_predicted,1.1666666666666667,11,5,CAAATTTGACCAGGATAATT,6,5260238
yqjE_yqjK_yqjD_yqjC_predicted,2.0,16,5,CAAATTCTCGCGGACTTGGG,11,5220212
yqjE_yqjK_yqjD_yqjC_predicted,3.0,22,5,CAAAGGAGCATCCACTCGGT,17,5187309
yqjE_yqjK_yqjD_yqjC_predicted,2.3333333333333335,18,5,CAAAGCCAGCGGAGGAGGGT,13,5244871
yqjE_yqjK_yqjD_yqjC_predicted,1.1666666666666667,11,5,ATTTTCGAAGGATTATCCTT,6,5219886
yqjE_yqjK_yqjD_yqjC_predicted,3.1666666666666665,23,5,ATTGTTGCTCAGGCCAAAGG,18,5222376
yqjE_yqjK_yqjD_yqjC_predicted,3.0,22,5,ATTGTCACGGAGGGGAGCTT,17,5207014
yqjE_yqjK_yqjD_yqjC_predicted,0.3333333333333333,6,5,ATTGGGATGACACAGAGGCC,1,5204200
yqjE_yqjK_yqjD_yqjC_predicted,0.5,7,5,ATTGATTTAAAGTCAAGCTC,2,5190627
yqjE_yqjK_yqjD_yqjC_predicted,0.6666666666666666,8,5,ATTCTGGAGTTTCCTTGAGT,3,5202011
yqjE_yqjK_yqjD_yqjC_predicted,4.666666666666667,32,5,ATTCTCAGGCTTTCTATGAC,27,5225763
yqjE_yqjK_yqjD_yqjC_predicted,2.0,16,5,ATTCACCCGGAATCCGAGCT,11,5174903
yqjE_yqjK_yqjD_yqjC_predicted,1.0,10,5,ATTAGGGGCCAAAACCACAG,5,5183201
yqjE_yqjK_yqjD_yqjC_predicted,2.5,19,5,ATGTGAGCTCACGATGGAAA,14,5255089
yqjE_yqjK_yqjD_yqjC_predicted,4.333333333333333,30,5,ATGGTGGAACCCACAATGGT,25,5252795
yqjE_yqjK_yqjD_yqjC_predicted,1.8333333333333333,15,5,ATGGTCAGGCCTTAAATGAA,10,5244585
yqjE_yqjK_yqjD_yqjC_predicted,0.6666666666666666,8,5,ATGGACCTATATTCTGACCA,3,5173382
yqjE_yqjK_yqjD_yqjC_predicted,0.3333333333333333,6,5,ATGCGCAATGCCCTTCTATA,1,5245809
yqjE_yqjK_yqjD_yqjC_predicted,3.1666666666666665,23,5,ATGCCAGACAACTTTCAAGA,18,5233471
yqjE_yqjK_yqjD_yqjC_predicted,0.8333333333333334,9,5,ATGCAACTGGGGCGGACTGT,4,5174431
yqjE_yqjK_yqjD_yqjC_predicted,3.6666666666666665,26,5,ATGATGCGTTAGCCTCAGAG,21,5198937
yqjE_yqjK_yqjD_yqjC_predicted,3.3333333333333335,24,5,ATGAGAGTACGAGCACCCAA,19,5177232
yqjE_yqjK_yqjD_yqjC_predicted,5.166666666666667,35,5,ATCTTCCATTACCATAGTGA,30,5219273
yqjE_yqjK_yqjD_yqjC_predicted,0.3333333333333333,6,5,ATCTGCAGGCCCATCGGAAC,1,5204895
yqjE_yqjK_yqjD_yqjC_predicted,2.0,16,5,ATCTCGTTACCTATCGATAT,11,5203127
yqjE_yqjK_yqjD_yqjC_predicted,1.3333333333333333,12,5,ATCTAAAGCATCCTCAATTT,7,5249136
yqjE_yqjK_yqjD_yqjC_predicted,1.3333333333333333,12,5,ATCGAAACTAACGTCGTGCA,7,5207015
yqjE_yqjK_yqjD_yqjC_predicted,1.8333333333333333,15,5,ATCCGCGTCCTGAATTATCT,10,5211435
yqjE_yqjK_yqjD_yqjC_predicted,0.3333333333333333,6,5,ATCCGATGAGAACGCTAAAT,1,5222372
yqjE_yqjK_yqjD_yqjC_predicted,3.6666666666666665,26,5,ATCCACTTAATCAATAGTGC,21,5231415
yqjE_yqjK_yqjD_yqjC_predicted,0.5,7,5,ATCATTGGCCTTCAGAAATT,2,5259748
yqjE_yqjK_yqjD_yqjC_predicted,0.8333333333333334,9,5,ATCAGCACCTATCACATTGC,4,5172563
yqjE_yqjK_yqjD_yqjC_predicted,0.8333333333333334,9,5,ATCACCGGGTCTCCGCAAAT,4,5190431
yqjE_yqjK_yqjD_yqjC_predicted,2.1666666666666665,17,5,ATCACCGGGAAACTTATGTC,12,5183218
yqjE_yqjK_yqjD_yqjC_predicted,0.8333333333333334,9,5,ATATTTTGCTCTGCTCTCCT,4,5191471
yqjE_yqjK_yqjD_yqjC_predicted,3.8333333333333335,27,5,ATATGATGTATTTCACGGCG,22,5192235
yqjE_yqjK_yqjD_yqjC_predicted,5.666666666666667,38,5,ATATCAAATTGCGGTGCTGT,33,5243224
yqjE_yqjK_yqjD_yqjC_predicted,1.6666666666666667,14,5,ATAGTAGATCGTTCAACTAT,9,5211290
yqjE_yqjK_yqjD_yqjC_predicted,1.1666666666666667,11,5,ATAGGGGGCCGGACTCCTCG,6,5237626
yqjE_yqjK_yqjD_yqjC_predicted,0.3333333333333333,6,5,ATAGGGCCTGGGCAACCTTC,1,5186942
yqjE_yqjK_yqjD_yqjC_predicted,5.5,37,5,ATAGCATCATATGATTCCTA,32,5253363
yqjE_yqjK_yqjD_yqjC_predicted,1.0,10,5,ATAGAAGCAATTCTTCAGTC,5,5252892
yqjE_yqjK_yqjD_yqjC_predicted,2.0,16,5,ATACCGTGCCTGAGGGTGTT,11,5208529
yqjE_yqjK_yqjD_yqjC_predicted,1.6666666666666667,14,5,ATACCAGTACGTCGTGGAGC,9,5174125
yqjE_yqjK_yqjD_yqjC_predicted,3.1666666666666665,23,5,ATAAAATCTAAGACACTACA,18,5183941
yqjE_yqjK_yqjD_yqjC_predicted,1.8333333333333333,15,5,AGTTCGTGACCTTCGAGGAA,10,5198881
yqjE_yqjK_yqjD_yqjC_predicted,1.5,13,5,AGTTATTCATCGGCCCGACA,8,5222581
yqjE_yqjK_yqjD_yqjC_predicted,1.6666666666666667,14,5,AGTCATTGTAGGTCCCCAAT,9,5181990
yqjE_yqjK_yqjD_yqjC_predicted,1.1666666666666667,11,5,AGTCAGATGTTAGTAGTTAC,6,5200584
yqjE_yqjK_yqjD_yqjC_predicted,0.3333333333333333,6,5,AGTAATAGGCCCATGTTGTC,1,5186394
yqjE_yqjK_yqjD_yqjC_predicted,1.1666666666666667,11,5,AGTAACTTTTCCGGATAGAA,6,5197496
yqjE_yqjK_yqjD_yqjC_predicted,2.0,16,5,AGGTTCCACGGATCCCCAAT,11,5232302
yqjE_yqjK_yqjD_yqjC_predicted,0.6666666666666666,8,5,AGGTGAAGGTAGCCCGGGTT,3,5233310
yqjE_yqjK_yqjD_yqjC_predicted,0.8333333333333334,9,5,AGGTGAACTCGCGCCAAAAG,4,5218896
yqjE_yqjK_yqjD_yqjC_predicted,2.6666666666666665,20,5,AGGTCGCCCATAGTCAGACA,15,5200776
yqjE_yqjK_yqjD_yqjC_predicted,0.3333333333333333,6,5,AGGGTATAGACCTGTAACAT,1,5247616
yqjE_yqjK_yqjD_yqjC_predicted,1.0,10,5,AGGGGGGAATGGACCGGCTA,5,5244180
yqjE_yqjK_yqjD_yqjC_predicted,0.3333333333333333,6,5,AGGGGATAGGACACACCGGA,1,5230112
yqjE_yqjK_yqjD_yqjC_predicted,0.5,7,5,AGGGCCGAGGCCGGTGAATC,2,5209321
yqjE_yqjK_yqjD_yqjC_predicted,4.0,28,5,AGGGAAATGACCATTTAGAC,23,5218666
yqjE_yqjK_yqjD_yqjC_predicted,0.5,7,5,AGGCCCACGATACATAATTT,2,5176645
yqjE_yqjK_yqjD_yqjC_predicted,1.3333333333333333,12,5,AGGACAAGATGCCGATGTGC,7,5249539
yqjE_yqjK_yqjD_yqjC_predicted,0.8333333333333334,9,5,AGGAATCCGTGCTCACGCAA,4,5196047
yqjE_yqjK_yqjD_yqjC_predicted,0.8333333333333334,9,5,AGCTTGTACGGTCGGACACA,4,5213066
yqjE_yqjK_yqjD_yqjC_predicted,1.0,10,5,AGCTCCTCTCGGGAGTACTT,5,5218707
yqjE_yqjK_yqjD_yqjC_predicted,1.3333333333333333,12,5,AGCTCATGAGCAGGTTGGCA,7,5257678
yqjE_yqjK_yqjD_yqjC_predicted,0.6666666666666666,8,5,AGCGGCTAGACCTTTCTGGT,3,5225863
yqjE_yqjK_yqjD_yqjC_predicted,2.6666666666666665,20,5,AGCGCCTCGACGGGTCCGTC,15,5173485
yqjE_yqjK_yqjD_yqjC_predicted,0.5,7,5,AGCGAATATGTCCCGGACAT,2,5214735
yqjE_yqjK_yqjD_yqjC_predicted,2.5,19,5,AGCCTAGTTCTCTTACTGAA,14,5236681
yqjE_yqjK_yqjD_yqjC_predicted,5.166666666666667,35,5,AGCCGCGACTATCGAAGGCA,30,5200650
yqjE_yqjK_yqjD_yqjC_predicted,0.6666666666666666,8,5,AGCCCTTAAGTTGGCGTCAA,3,5248603
yqjE_yqjK_yqjD_yqjC_predicted,4.0,28,5,AGCCCCTAGAGACGCCTCTA,23,5247797
yqjE_yqjK_yqjD_yqjC_predicted,4.666666666666667,32,5,AGCCATAGTCTCCTTGACTT,27,5172398
yqjE_yqjK_yqjD_yqjC_predicted,1.0,10,5,AGCCAACGGCCGGCACCTGA,5,5194857
yqjE_yqjK_yqjD_yqjC_predicted,1.6666666666666667,14,5,AGCACGCTCGTCAATCCCAT,9,5235983
yqjE_yqjK_yqjD_yqjC_predicted,2.1666666666666665,17,5,AGCACAACCCTAACCATTTG,12,5250026
yqjE_yqjK_yqjD_yqjC_predicted,5.666666666666667,38,5,AGATGTGGGCCAATGGGACC,33,5208627
yqjE_yqjK_yqjD_yqjC_predicted,2.1666666666666665,17,5,AGAGCCCGTGCACCGAAAGG,12,5255419
yqjE_yqjK_yqjD_yqjC_predicted,1.0,10,5,AGAGACCACCCGGGCTGTAA,5,5261825
yqjE_yqjK_yqjD_yqjC_predicted,0.6666666666666666,8,5,AGACTTCATCCCATCAATGG,3,5174532
yqjE_yqjK_yqjD_yqjC_predicted,1.1666666666666667,11,5,AGACAACCTAGGAATTTCAT,6,5258710
yqjE_yqjK_yqjD_yqjC_predicted,0.3333333333333333,6,5,AGAAACACCCTTGGCAGGAC,1,5220118
yqjE_yqjK_yqjD_yqjC_predicted,0.3333333333333333,6,5,ACTTTATCCATATGTGTGCT,1,5178974
yqjE_yqjK_yqjD_yqjC_predicted,0.3333333333333333,6,5,ACTTGAGTCGCAAGTGCATA,1,5181329
yqjE_yqjK_yqjD_yqjC_predicted,0.3333333333333333,6,5,ACTTCGCGCATGCGGACGTT,1,5224174
yqjE_yqjK_yqjD_yqjC_predicted,0.5,7,5,ACTTCCCGGACGTGGATAAA,2,5189943
yqjE_yqjK_yqjD_yqjC_predicted,1.0,10,5,ACTTATCAAGCCCTTAATAA,5,5241866
yqjE_yqjK_yqjD_yqjC_predicted,1.8333333333333333,15,5,ACTGTGTGCCAAATGTACTG,10,5177513
yqjE_yqjK_yqjD_yqjC_predicted,0.5,7,5,ACTGATTTACCGAGTGCAGA,2,5228235
yqjE_yqjK_yqjD_yqjC_predicted,0.6666666666666666,8,5,ACTCTACATAGGTATCTGAA,3,5197561
yqjE_yqjK_yqjD_yqjC_predicted,2.1666666666666665,17,5,ACTCCTGATATTTATAGCAA,12,5195206
yqjE_yqjK_yqjD_yqjC_predicted,3.5,25,5,ACTACTGAGTGAATATCGAT,20,5177781
yqjE_yqjK_yqjD_yqjC_predicted,1.1666666666666667,11,5,ACTACCGACCCGTTTGGTTT,6,5211598
yqjE_yqjK_yqjD_yqjC_predicted,1.5,13,5,ACTACCAACCCATGTGCCGA,8,5252068
yqjE_yqjK_yqjD_yqjC_predicted,1.3333333333333333,12,5,ACGTTTGTCTAAATCCTTTA,7,5235072
yqjE_yqjK_yqjD_yqjC_predicted,1.0,10,5,ACGGGCCGTGAGGGTTAGGA,5,5221255
yqjE_yqjK_yqjD_yqjC_predicted,0.3333333333333333,6,5,ACGGACGCGTCCTGATGGGT,1,5202363
yqjE_yqjK_yqjD_yqjC_predicted,0.3333333333333333,6,5,ACGGACCGCTTGCGAGTTAG,1,5195797
yqjE_yqjK_yqjD_yqjC_predicted,0.3333333333333333,6,5,ACGGAACCCAGGCCCAGAGA,1,5238775
yqjE_yqjK_yqjD_yqjC_predicted,0.8333333333333334,9,5,ACGCTCCGGCCATCTGCTTC,4,5249217
yqjE_yqjK_yqjD_yqjC_predicted,0.3333333333333333,6,5,ACGCAGCCCGGCTAATTATC,1,5233776
yqjE_yqjK_yqjD_yqjC_predicted,0.3333333333333333,6,5,ACGATATGGGGATCGGACTC,1,5236453
yqjE_yqjK_yqjD_yqjC_predicted,1.3333333333333333,12,5,ACGATAGCATATTATCCAGT,7,5180350
yqjE_yqjK_yqjD_yqjC_predicted,0.3333333333333333,6,5,ACGAGCAGGGCAGGATGTAC,1,5246171
yqjE_yqjK_yqjD_yqjC_predicted,0.6666666666666666,8,5,ACGACTTCCACGTCATAGGT,3,5214600
yqjE_yqjK_yqjD_yqjC_predicted,0.6666666666666666,8,5,ACGAACCGAAGTGGCGCCTC,3,5223064
yqjE_yqjK_yqjD_yqjC_predicted,3.8333333333333335,27,5,ACCTTTGCCTCTCGTATCAC,22,5179255
yqjE_yqjK_yqjD_yqjC_predicted,5.5,37,5,ACCTGCCACTAAGGCATGTT,32,5173849
yqjE_yqjK_yqjD_yqjC_predicted,0.6666666666666666,8,5,ACCGTTTAGGGTTTTGTCCC,3,5179236
yqjE_yqjK_yqjD_yqjC_predicted,5.166666666666667,35,5,ACCGGAGGTAGAGTGGGTTA,30,5183593
yqjE_yqjK_yqjD_yqjC_predicted,0.8333333333333334,9,5,ACATCATTTGCGAATTTTCG,4,5210652
yqjE_yqjK_yqjD_yqjC_predicted,0.8333333333333334,9,5,ACATCAATACCGGCGGTTAC,4,5250709
yqjE_yqjK_yqjD_yqjC_predicted,0.8333333333333334,9,5,ACATAAATTGGATTCTCCTA,4,5190748
yqjE_yqjK_yqjD_yqjC_predicted,0.5,7,5,ACAGGAATCACTCCTAAAGA,2,5231889
yqjE_yqjK_yqjD_yqjC_predicted,2.3333333333333335,18,5,ACACATGATATCACTGCTGT,13,5204210
yqjE_yqjK_yqjD_yqjC_predicted,0.5,7,5,ACAATGCTTTGGACGAATAC,2,5220102
yqjE_yqjK_yqjD_yqjC_predicted,0.3333333333333333,6,5,ACAACACGCTCTTACGGACT,1,5210755
yqjE_yqjK_yqjD_yqjC_predicted,0.3333333333333333,6,5,ACAAAAGGACCGCTATTAAG,1,5221157
yqjE_yqjK_yqjD_yqjC_predicted,1.0,10,5,ACAAAAAGTCTAGCTCATAA,5,5241531
yqjE_yqjK_yqjD_yqjC_predicted,3.1666666666666665,23,5,AATTTTCCATCTTGCAGTGC,18,5180438
yqjE_yqjK_yqjD_yqjC_predicted,0.3333333333333333,6,5,AATTTCGTCTGGCCATACGA,1,5195491
yqjE_yqjK_yqjD_yqjC_predicted,2.3333333333333335,18,5,AATTGGTCGCACGGGTAAAA,13,5196390
yqjE_yqjK_yqjD_yqjC_predicted,1.3333333333333333,12,5,AATGGTGTTGCCTATGGCTC,7,5180623
yqjE_yqjK_yqjD_yqjC_predicted,0.3333333333333333,6,5,AATGCCAATGTCTGCCTCCC,1,5253014
yqjE_yqjK_yqjD_yqjC_predicted,0.5,7,5,AATGCATCTCGTCCTGGTCA,2,5230235
yqjE_yqjK_yqjD_yqjC_predicted,2.3333333333333335,18,5,AATCGCCCGATACACGGGAC,13,5247876
yqjE_yqjK_yqjD_yqjC_predicted,1.1666666666666667,11,5,AATCCAGAGCGCCTGGTCGA,6,5246995
yqjE_yqjK_yqjD_yqjC_predicted,1.0,10,5,AATCATTCCATAGTCTCCGT,5,5210459
yqjE_yqjK_yqjD_yqjC_predicted,0.5,7,5,AATACGTCGGAATGCAAAGG,2,5202999
yqjE_yqjK_yqjD_yqjC_predicted,0.5,7,5,AAGTTGTATCGTGATCATCG,2,5213399
yqjE_yqjK_yqjD_yqjC_predicted,0.3333333333333333,6,5,AAGTGTGTGATACGGGTTAC,1,5213076
yqjE_yqjK_yqjD_yqjC_predicted,1.5,13,5,AAGTGGACAGATAGGCGTGG,8,5203483
yqjE_yqjK_yqjD_yqjC_predicted,4.5,31,5,AAGTCCTGCCGCGATATCGC,26,5189219
yqjE_yqjK_yqjD_yqjC_predicted,8.166666666666666,53,5,AAGGCTCTGGCCGTTGGGCT,48,5200998
yqjE_yqjK_yqjD_yqjC_predicted,1.1666666666666667,11,5,AAGGCAAATGTGCGGACGCT,6,5228797
yqjE_yqjK_yqjD_yqjC_predicted,1.8333333333333333,15,5,AAGCCCGGTTAGAGGAGTTG,10,5219845
yqjE_yqjK_yqjD_yqjC_predicted,0.6666666666666666,8,5,AAGCAAGCGGTGTGTGGCCA,3,5204002
yqjE_yqjK_yqjD_yqjC_predicted,1.1666666666666667,11,5,AACTGCCTTGTTAACCCTTT,6,5223776
yqjE_yqjK_yqjD_yqjC_predicted,5.833333333333333,39,5,AACTCCGTTTGGTCTGTGGA,34,5173029
yqjE_yqjK_yqjD_yqjC_predicted,0.5,7,5,AACTCCGAGCGCTTTGTGAC,2,5241929
yqjE_yqjK_yqjD_yqjC_predicted,3.1666666666666665,23,5,AACGCTGCAAGACTGTAAGA,18,5257403
yqjE_yqjK_yqjD_yqjC_predicted,0.5,7,5,AACGCATGTAACGGGCTATT,2,5212174
yqjE_yqjK_yqjD_yqjC_predicted,1.1666666666666667,11,5,AACCGTATAAGATTGTCTTA,6,5181338
yqjE_yqjK_yqjD_yqjC_predicted,2.0,16,5,AACCATCCTTCGTGTGTATT,11,5180700
yqjE_yqjK_yqjD_yqjC_predicted,0.3333333333333333,6,5,AAATGGACGTACACCCAATC,1,5200560
yqjE_yqjK_yqjD_yqjC_predicted,3.3333333333333335,24,5,AAATCGGAGCTTTGCCTGTC,19,5210117
yqjE_yqjK_yqjD_yqjC_predicted,0.3333333333333333,6,5,AAATAAGTGGGACCCCTCAC,1,5223837
yqjE_yqjK_yqjD_yqjC_predicted,1.6666666666666667,14,5,AAAGTTAACAAATGATCCCA,9,5254893
yqjE_yqjK_yqjD_yqjC_predicted,3.3333333333333335,24,5,AAAGGTCAGAATCACCATGC,19,5186797
yqjE_yqjK_yqjD_yqjC_predicted,0.6666666666666666,8,5,AAACTCGATAGGGCCGTACA,3,5206665
yqjE_yqjK_yqjD_yqjC_predicted,1.5,13,5,AAACGGGTTCGTATAAACGG,8,5242977
yqjE_yqjK_yqjD_yqjC_predicted,1.3333333333333333,12,5,AAACCGTAATCAGTAAATTT,7,5235214
yqjE_yqjK_yqjD_yqjC_predicted,0.3333333333333333,6,5,AAACACCGGGAGAGCATGAA,1,5205815
yqjE_yqjK_yqjD_yqjC_predicted,4.2,24,4,TTTTTAGGCGACACTGCGGT,20,5261306
yqjE_yqjK_yqjD_yqjC_predicted,0.8,7,4,TTTTCACGGCTGGCAGCCAA,3,5207312
yqjE_yqjK_yqjD_yqjC_predicted,0.4,5,4,TTTGTCAAGTGGTCGAGTAT,1,5183380
yqjE_yqjK_yqjD_yqjC_predicted,3.2,19,4,TTTGTATGTGTGGCTTGCTC,15,5238891
yqjE_yqjK_yqjD_yqjC_predicted,1.2,9,4,TTTGCCAGTATTAGAGCTCC,5,5185778
yqjE_yqjK_yqjD_yqjC_predicted,1.6,11,4,TTTGACAGGAGGCCTGCCGG,7,5221576
yqjE_yqjK_yqjD_yqjC_predicted,0.6,6,4,TTTCCCAGTACTATTATGCG,2,5226200
yqjE_yqjK_yqjD_yqjC_predicted,0.4,5,4,TTTATCAGATGGGTGTAACT,1,5187307
yqjE_yqjK_yqjD_yqjC_predicted,3.2,19,4,TTTACTTCTTATACAATAGA,15,5196142
yqjE_yqjK_yqjD_yqjC_predicted,3.2,19,4,TTTACATGTATATGAAACTA,15,5171582
yqjE_yqjK_yqjD_yqjC_predicted,3.2,19,4,TTGTCTCGGCATAGTAGGAC,15,5184589
yqjE_yqjK_yqjD_yqjC_predicted,1.6,11,4,TTGTATGGCCGCACTAATAG,7,5227549
yqjE_yqjK_yqjD_yqjC_predicted,0.6,6,4,TTGTATCCGGAGTTCGTACA,2,5235889
yqjE_yqjK_yqjD_yqjC_predicted,2.4,15,4,TTGGTGAGTACTGTAGACGA,11,5228758
yqjE_yqjK_yqjD_yqjC_predicted,0.6,6,4,TTGCTTAGAAGGCACAGTTT,2,5240882
yqjE_yqjK_yqjD_yqjC_predicted,1.4,10,4,TTGCCAGGTCTAGCACTTCC,6,5257739
yqjE_yqjK_yqjD_yqjC_predicted,2.2,14,4,TTGATTAGGCTCCATTCCTA,10,5191034
yqjE_yqjK_yqjD_yqjC_predicted,1.0,8,4,TTCTTTTTAAACATTGTTAG,4,5231125
yqjE_yqjK_yqjD_yqjC_predicted,2.2,14,4,TTCTCGGATGTGACTAGGAA,10,5233859
yqjE_yqjK_yqjD_yqjC_predicted,3.6,21,4,TTCGGTGTTAGAATCTATAA,17,5227853
yqjE_yqjK_yqjD_yqjC_predicted,2.4,15,4,TTCGGCTGTGTCCCCACTTT,11,5216027
yqjE_yqjK_yqjD_yqjC_predicted,3.6,21,4,TTCGGAAGCCATCCTAGAAT,17,5227051
yqjE_yqjK_yqjD_yqjC_predicted,0.6,6,4,TTCCGCGCATCTTATAGGAT,2,5215463
yqjE_yqjK_yqjD_yqjC_predicted,1.6,11,4,TTCCCCAACAGGGATGTAGT,7,5182024
yqjE_yqjK_yqjD_yqjC_predicted,1.0,8,4,TTCCCACAACCCATACGTGT,4,5218439
yqjE_yqjK_yqjD_yqjC_predicted,7.2,39,4,TTCCAGAGCTATTGTCGTGA,35,5198576
yqjE_yqjK_yqjD_yqjC_predicted,1.0,8,4,TTCATTATTGACCATTTTGC,4,5237462
yqjE_yqjK_yqjD_yqjC_predicted,2.4,15,4,TTCACATGAGCGTACGACAT,11,5223946
yqjE_yqjK_yqjD_yqjC_predicted,1.0,8,4,TTATGCATCTAGGCCACTTA,4,5211680
yqjE_yqjK_yqjD_yqjC_predicted,4.8,27,4,TTATCACCAATGCCACCCAG,23,5258520
yqjE_yqjK_yqjD_yqjC_predicted,0.8,7,4,TTAGTCAAGCCAGAGTCCGT,3,5223636
yqjE_yqjK_yqjD_yqjC_predicted,2.0,13,4,TTAGGCACAAGGCATGGGAG,9,5179009
yqjE_yqjK_yqjD_yqjC_predicted,1.4,10,4,TTAGGACGCTTGTCTTCGTT,6,5235876
yqjE_yqjK_yqjD_yqjC_predicted,0.4,5,4,TTAGCTTGAGAGTAACCTCC,1,5186063
yqjE_yqjK_yqjD_yqjC_predicted,3.4,20,4,TTACGGCACCCTCACATGGC,16,5214399
yqjE_yqjK_yqjD_yqjC_predicted,2.4,15,4,TTACGACATTTATGGCATAC,11,5178624
yqjE_yqjK_yqjD_yqjC_predicted,3.2,19,4,TTACAGGGCTGTTTAGGAAG,15,5218506
yqjE_yqjK_yqjD_yqjC_predicted,1.4,10,4,TTACAGAGAGTGAGTAGGGG,6,5253076
yqjE_yqjK_yqjD_yqjC_predicted,1.0,8,4,TTAATGATGCTAACTGTTTA,4,5215952
yqjE_yqjK_yqjD_yqjC_predicted,2.0,13,4,TTAAGTCTTACAAACGATCA,9,5187505
yqjE_yqjK_yqjD_yqjC_predicted,0.6,6,4,TGTTTCGTATGATAGGACCT,2,5250663
yqjE_yqjK_yqjD_yqjC_predicted,0.8,7,4,TGTTCTGTCTGCCTTTCCCG,3,5203996
yqjE_yqjK_yqjD_yqjC_predicted,1.0,8,4,TGTTCTGATGCCTCATACAG,4,5260051
yqjE_yqjK_yqjD_yqjC_predicted,1.6,11,4,TGTGTTAGATATCTATCGAA,7,5200106
yqjE_yqjK_yqjD_yqjC_predicted,2.0,13,4,TGTGCTTCCAACGCTTATTC,9,5245598
yqjE_yqjK_yqjD_yqjC_predicted,4.8,27,4,TGTGCCCGCCAGGCCTCATT,23,5190185
yqjE_yqjK_yqjD_yqjC_predicted,0.4,5,4,TGTGCCCATAGCGGGCTTCC,1,5221089
yqjE_yqjK_yqjD_yqjC_predicted,2.6,16,4,TGTCTTCTTTCACTCCTGCA,12,5259948
yqjE_yqjK_yqjD_yqjC_predicted,2.0,13,4,TGTCTGTCTGGACGAACAGA,9,5257624
yqjE_yqjK_yqjD_yqjC_predicted,1.2,9,4,TGTCTGACGGGGATCGTCCT,5,5176755
yqjE_yqjK_yqjD_yqjC_predicted,1.6,11,4,TGTCAAAGCCGGGTACAGAA,7,5184633
yqjE_yqjK_yqjD_yqjC_predicted,0.4,5,4,TGTAGGTGTCTAGCGTCCTG,1,5191212
yqjE_yqjK_yqjD_yqjC_predicted,0.8,7,4,TGTACATAGATTACAGAACC,3,5182116
yqjE_yqjK_yqjD_yqjC_predicted,0.6,6,4,TGTAATTATCCCGACTTTAG,2,5195135
yqjE_yqjK_yqjD_yqjC_predicted,0.4,5,4,TGGTTATCCGGATTGAAGGG,1,5177260
yqjE_yqjK_yqjD_yqjC_predicted,6.2,34,4,TGGTGTAGACGGTTTACGGG,30,5182694
yqjE_yqjK_yqjD_yqjC_predicted,2.2,14,4,TGGTCAAATTTCCCTTTCGT,10,5172958
yqjE_yqjK_yqjD_yqjC_predicted,0.4,5,4,TGGGTCCGAGTACTTTGTAA,1,5185890
yqjE_yqjK_yqjD_yqjC_predicted,1.0,8,4,TGGGCCGGAGGCTGCCGTTC,4,5192836
yqjE_yqjK_yqjD_yqjC_predicted,3.2,19,4,TGGGACCTGCATCGATAATC,15,5240301
yqjE_yqjK_yqjD_yqjC_predicted,2.6,16,4,TGGCCTGTATAGGTCCCCGA,12,5197235
yqjE_yqjK_yqjD_yqjC_predicted,1.2,9,4,TGGAAGCCCGCAACAGGACT,5,5254713
yqjE_yqjK_yqjD_yqjC_predicted,1.6,11,4,TGGAACGGCCTATTATCCAA,7,5182738
yqjE_yqjK_yqjD_yqjC_predicted,2.4,15,4,TGCTTTAACTAAAAGGTCAT,11,5245624
yqjE_yqjK_yqjD_yqjC_predicted,1.2,9,4,TGCTATGTCTACGCTCCAAA,5,5212538
yqjE_yqjK_yqjD_yqjC_predicted,1.6,11,4,TGCTATATTTTCCAGTCTCT,7,5185996
yqjE_yqjK_yqjD_yqjC_predicted,1.4,10,4,TGCTAGTAATCGCGAGCAGG,6,5209126
yqjE_yqjK_yqjD_yqjC_predicted,4.6,26,4,TGCGTCGTATCACTCAGGCA,22,5218502
yqjE_yqjK_yqjD_yqjC_predicted,1.0,8,4,TGCGTACCGTCGTCGAAGGT,4,5182278
yqjE_yqjK_yqjD_yqjC_predicted,4.6,26,4,TGCCCGCTCTCTCCGCTTGC,22,5179239
yqjE_yqjK_yqjD_yqjC_predicted,0.8,7,4,TGCCAATACTGGAGAACTCC,3,5235945
yqjE_yqjK_yqjD_yqjC_predicted,4.4,25,4,TGCAGGGTTAGCCTATATCT,21,5199160
yqjE_yqjK_yqjD_yqjC_predicted,1.8,12,4,TGCAGCATTATACAGTGCGT,8,5214736
yqjE_yqjK_yqjD_yqjC_predicted,4.2,24,4,TGCAATCGACTTTCGGATTG,20,5185461
yqjE_yqjK_yqjD_yqjC_predicted,0.4,5,4,TGCAAGGAGTAATTGCGCTC,1,5192750
yqjE_yqjK_yqjD_yqjC_predicted,1.8,12,4,TGAGTGGACTTCAGCGTGCG,8,5202314
yqjE_yqjK_yqjD_yqjC_predicted,0.8,7,4,TGAGTACCTGGCAGTATTTT,3,5201714
yqjE_yqjK_yqjD_yqjC_predicted,4.0,23,4,TGAGAGGTACAATGCGCATG,19,5209078
yqjE_yqjK_yqjD_yqjC_predicted,0.4,5,4,TGAGAGCAGTGAAATCGAAT,1,5176701
yqjE_yqjK_yqjD_yqjC_predicted,1.0,8,4,TGACTTCGGGCACCCTCTCA,4,5246570
yqjE_yqjK_yqjD_yqjC_predicted,0.4,5,4,TGACGAAGACCTTGGAACTT,1,5259542
yqjE_yqjK_yqjD_yqjC_predicted,0.8,7,4,TGACATGGCCGCGGTTGAAC,3,5239694
yqjE_yqjK_yqjD_yqjC_predicted,7.2,39,4,TGACAGCGGGCATGCTCAAT,35,5261255
yqjE_yqjK_yqjD_yqjC_predicted,22.2,114,4,TGACAATGCCCCCTTCTCCC,110,5220760
yqjE_yqjK_yqjD_yqjC_predicted,1.4,10,4,TGAATTGGAGCGCCCCAGCT,6,5187507
yqjE_yqjK_yqjD_yqjC_predicted,6.4,35,4,TGAATGCTACTCGGACGAAG,31,5199627
yqjE_yqjK_yqjD_yqjC_predicted,0.4,5,4,TGAAGACGTATTGGACAGGA,1,5239361
yqjE_yqjK_yqjD_yqjC_predicted,0.6,6,4,TGAAATGGCGGACCGAACAA,2,5192415
yqjE_yqjK_yqjD_yqjC_predicted,1.0,8,4,TGAAAGGAGTCGTGCCGCCA,4,5211524
yqjE_yqjK_yqjD_yqjC_predicted,3.0,18,4,TCTTGTTCAGGCAGTCGTTA,14,5217858
yqjE_yqjK_yqjD_yqjC_predicted,0.8,7,4,TCTTAATTGTCCGGCCCTAG,3,5252944
yqjE_yqjK_yqjD_yqjC_predicted,0.4,5,4,TCTTAATACATTTCAAAGAT,1,5185930
yqjE_yqjK_yqjD_yqjC_predicted,1.0,8,4,TCTGTTCGGTGTTAAGAGTT,4,5242781
yqjE_yqjK_yqjD_yqjC_predicted,0.4,5,4,TCTGGTATATGCGTTTGTAA,1,5177799
yqjE_yqjK_yqjD_yqjC_predicted,0.8,7,4,TCTGCTGGGGTGACCCATTA,3,5258625
yqjE_yqjK_yqjD_yqjC_predicted,3.2,19,4,TCTGCCTGAAGAGGCTAGCC,15,5228529
yqjE_yqjK_yqjD_yqjC_predicted,5.8,32,4,TCTGCATCACTGACGTGCTT,28,5219853
yqjE_yqjK_yqjD_yqjC_predicted,4.6,26,4,TCTCGTTCAGTGCGGCACTA,22,5175393
yqjE_yqjK_yqjD_yqjC_predicted,3.4,20,4,TCTCCCGTGCATATCGGGTG,16,5227140
yqjE_yqjK_yqjD_yqjC_predicted,1.4,10,4,TCTCCCATTAGCGCGTCGCA,6,5193183
yqjE_yqjK_yqjD_yqjC_predicted,1.8,12,4,TCTCAAGATAGAGAGATTCA,8,5228654
yqjE_yqjK_yqjD_yqjC_predicted,4.8,27,4,TCGTTAGTGAAGCAACTAGC,23,5253148
yqjE_yqjK_yqjD_yqjC_predicted,0.4,5,4,TCGTGTGCGCCATAGAGCTT,1,5178766
yqjE_yqjK_yqjD_yqjC_predicted,2.6,16,4,TCGTGGCCGGGATGCCGAAT,12,5188733
yqjE_yqjK_yqjD_yqjC_predicted,2.2,14,4,TCGTCTCGCATGCCCATCCA,10,5239232
yqjE_yqjK_yqjD_yqjC_predicted,2.2,14,4,TCGTCAGGTTTGCAAGTTCT,10,5199973
yqjE_yqjK_yqjD_yqjC_predicted,1.6,11,4,TCGTCAAAAGGCCAGTTCCC,7,5210380
yqjE_yqjK_yqjD_yqjC_predicted,3.0,18,4,TCGTACTTCCAGACGCGATC,14,5232606
yqjE_yqjK_yqjD_yqjC_predicted,0.6,6,4,TCGCTAACCATCAATTGTTG,2,5180674
yqjE_yqjK_yqjD_yqjC_predicted,1.2,9,4,TCGCCTTCGACCTTAGCTCG,5,5251312
yqjE_yqjK_yqjD_yqjC_predicted,1.6,11,4,TCGATGAATCCATCAAAAAT,7,5226077
yqjE_yqjK_yqjD_yqjC_predicted,3.8,22,4,TCGATAGCTGAGCAGGAGGC,18,5224016
yqjE_yqjK_yqjD_yqjC_predicted,0.8,7,4,TCGAGTTTGATTACACGACA,3,5206318
yqjE_yqjK_yqjD_yqjC_predicted,1.6,11,4,TCGACCAAGCATTCAACGCC,7,5192841
yqjE_yqjK_yqjD_yqjC_predicted,3.8,22,4,TCCTGTCGGGTTTTTGCAGC,18,5173218
yqjE_yqjK_yqjD_yqjC_predicted,1.0,8,4,TCCTGACGAGTGGAGGCAGT,4,5238429
yqjE_yqjK_yqjD_yqjC_predicted,0.6,6,4,TCCTAACTCGGGGAAGGTGA,2,5182113
yqjE_yqjK_yqjD_yqjC_predicted,0.4,5,4,TCCTAACGGTTCAATGGTCA,1,5204029
yqjE_yqjK_yqjD_yqjC_predicted,3.4,20,4,TCCCGTTATGATGGTTAAAG,16,5250916
yqjE_yqjK_yqjD_yqjC_predicted,2.4,15,4,TCCCACAAGGTTTATTGTAG,11,5225467
yqjE_yqjK_yqjD_yqjC_predicted,1.8,12,4,TCCCAACGGAGTACCCAGAG,8,5188961
yqjE_yqjK_yqjD_yqjC_predicted,1.0,8,4,TCCATTCCCAAGGTACACCT,4,5259692
yqjE_yqjK_yqjD_yqjC_predicted,2.0,13,4,TCCATCAAGGCGTGTTGGCT,9,5233564
yqjE_yqjK_yqjD_yqjC_predicted,4.4,25,4,TCATTGCGTCTCGCGAGAAT,21,5257091
yqjE_yqjK_yqjD_yqjC_predicted,3.8,22,4,TCATTCAATCGTGGTCGTCC,18,5252898
yqjE_yqjK_yqjD_yqjC_predicted,3.0,18,4,TCATGTACTCCGATACAGTA,14,5245975
yqjE_yqjK_yqjD_yqjC_predicted,2.2,14,4,TCAGGTGCCGCAACGTATCC,10,5237985
yqjE_yqjK_yqjD_yqjC_predicted,1.0,8,4,TCAGGGCAGGTCCAAGTCAG,4,5172837
yqjE_yqjK_yqjD_yqjC_predicted,0.6,6,4,TCAGGATACCTGAGTAGTGG,2,5214213
yqjE_yqjK_yqjD_yqjC_predicted,0.4,5,4,TCAGCGAAGATCGAAAAAGA,1,5237098
yqjE_yqjK_yqjD_yqjC_predicted,0.4,5,4,TCAGACTCCTAATACGGTGT,1,5250878
yqjE_yqjK_yqjD_yqjC_predicted,0.4,5,4,TCAGACGGCAACAGACATCA,1,5223879
yqjE_yqjK_yqjD_yqjC_predicted,3.8,22,4,TCAGACATTATCAAAGAGGG,18,5252179
yqjE_yqjK_yqjD_yqjC_predicted,3.2,19,4,TCACCACCCTCAACGTGACA,15,5231939
yqjE_yqjK_yqjD_yqjC_predicted,0.4,5,4,TCACCACATGAGAAAGTCAC,1,5245636
yqjE_yqjK_yqjD_yqjC_predicted,0.8,7,4,TCACACGCACCAGAACAGTT,3,5179900
yqjE_yqjK_yqjD_yqjC_predicted,2.8,17,4,TCACAACCGTGGTCTAAGTT,13,5222910
yqjE_yqjK_yqjD_yqjC_predicted,1.6,11,4,TATGTATATATTACTGACGT,7,5228929
yqjE_yqjK_yqjD_yqjC_predicted,0.8,7,4,TATGCCCCAAGAGCCCTTCC,3,5233437
yqjE_yqjK_yqjD_yqjC_predicted,3.6,21,4,TATGAGGTCCTTGAGGATTA,17,5189939
yqjE_yqjK_yqjD_yqjC_predicted,2.8,17,4,TATGAAGTCGGAAATTAGAG,13,5173239
yqjE_yqjK_yqjD_yqjC_predicted,1.0,8,4,TATCTCATAGCCAACTCGTT,4,5182528
yqjE_yqjK_yqjD_yqjC_predicted,1.0,8,4,TATCTAGTCGAATCGTGAAA,4,5191741
yqjE_yqjK_yqjD_yqjC_predicted,1.6,11,4,TATCCCACACTTTATCGCTG,7,5226041
yqjE_yqjK_yqjD_yqjC_predicted,2.6,16,4,TATATGACTGCCAGGGACCA,12,5262447
yqjE_yqjK_yqjD_yqjC_predicted,0.4,5,4,TATATCTCGACAGTCCGACG,1,5174142
yqjE_yqjK_yqjD_yqjC_predicted,3.2,19,4,TATATCGAGTCCATAGATAG,15,5216352
yqjE_yqjK_yqjD_yqjC_predicted,1.0,8,4,TATAGCCCTCTGCCCTGCGG,4,5253734
yqjE_yqjK_yqjD_yqjC_predicted,4.2,24,4,TATAAAATCTTCATGGTAGG,20,5248133
yqjE_yqjK_yqjD_yqjC_predicted,1.0,8,4,TAGGTATTGGACGCCATCGT,4,5254449
yqjE_yqjK_yqjD_yqjC_predicted,6.4,35,4,TAGGGAGCTCTTATGCAACA,31,5209220
yqjE_yqjK_yqjD_yqjC_predicted,1.0,8,4,TAGGCGTTCTGATGCTTCGA,4,5199531
yqjE_yqjK_yqjD_yqjC_predicted,0.6,6,4,TAGGAGGATCCGATGTAGGG,2,5191594
yqjE_yqjK_yqjD_yqjC_predicted,2.0,13,4,TAGGAAGACGCTCACAAATG,9,5210390
yqjE_yqjK_yqjD_yqjC_predicted,0.8,7,4,TAGCGGCTTAAGCCCTGTTG,3,5207075
yqjE_yqjK_yqjD_yqjC_predicted,0.8,7,4,TAGAGATGGGGGTTTCGGGT,3,5181877
yqjE_yqjK_yqjD_yqjC_predicted,0.8,7,4,TAGACGCCTGTACTATCCAT,3,5207994
yqjE_yqjK_yqjD_yqjC_predicted,2.2,14,4,TAGACACCCAGGAAGTCATC,10,5225607
yqjE_yqjK_yqjD_yqjC_predicted,1.0,8,4,TAGACAATCAGACCTACCTT,4,5189518
yqjE_yqjK_yqjD_yqjC_predicted,0.6,6,4,TACTTGCACCGTCTCGAGAT,2,5181434
yqjE_yqjK_yqjD_yqjC_predicted,0.4,5,4,TACTGGGAAGATCGGCATTC,1,5181656
yqjE_yqjK_yqjD_yqjC_predicted,1.2,9,4,TACTGAATGGTTAGTGCCTG,5,5221737
yqjE_yqjK_yqjD_yqjC_predicted,1.6,11,4,TACGTTATATTCAACGACCC,7,5194184
yqjE_yqjK_yqjD_yqjC_predicted,0.4,5,4,TACGTGGCACTAGACTATCC,1,5170878
yqjE_yqjK_yqjD_yqjC_predicted,2.2,14,4,TACGAGGATCACACAGTGCA,10,5246059
yqjE_yqjK_yqjD_yqjC_predicted,1.0,8,4,TACGAATTGGGTAGCCAAGT,4,5252458
yqjE_yqjK_yqjD_yqjC_predicted,5.0,28,4,TACCGTGGCCAACAGAGGTA,24,5235932
yqjE_yqjK_yqjD_yqjC_predicted,0.4,5,4,TACCGCCGAGCTCGAGCCGG,1,5182125
yqjE_yqjK_yqjD_yqjC_predicted,1.4,10,4,TACATCTTGGCTAAAGGCTA,6,5208310
yqjE_yqjK_yqjD_yqjC_predicted,7.4,40,4,TACACCCTATCACCTCCCCA,36,5185845
yqjE_yqjK_yqjD_yqjC_predicted,1.4,10,4,TAATTTCCCTGTAGGCCAGG,6,5186327
yqjE_yqjK_yqjD_yqjC_predicted,2.2,14,4,TAATGGTCCTTGTAATTGTG,10,5185561
yqjE_yqjK_yqjD_yqjC_predicted,0.8,7,4,TAATGCCTGTTTCACTCCTC,3,5205548
yqjE_yqjK_yqjD_yqjC_predicted,1.0,8,4,TAATCGTGGGGAACCAGTCC,4,5219265
yqjE_yqjK_yqjD_yqjC_predicted,0.6,6,4,TAATATGGCTGAAGGCATGA,2,5229212
yqjE_yqjK_yqjD_yqjC_predicted,0.6,6,4,TAATAACTAGCCCTTGTTAT,2,5216774
yqjE_yqjK_yqjD_yqjC_predicted,2.4,15,4,TAAGTCAAAGCCCGCCAAAT,11,5255213
yqjE_yqjK_yqjD_yqjC_predicted,1.4,10,4,TAAGGTGTGGGTAGGTACAA,6,5210813
yqjE_yqjK_yqjD_yqjC_predicted,1.0,8,4,TAAGGAGCAAACTCCATGGT,4,5181734
yqjE_yqjK_yqjD_yqjC_predicted,1.0,8,4,TAAGCTGGACTTCCGCACTC,4,5196546
yqjE_yqjK_yqjD_yqjC_predicted,0.4,5,4,TAAGATACTCGCGGATTAAT,1,5232799
yqjE_yqjK_yqjD_yqjC_predicted,0.8,7,4,TAACGGTCTGGGCGCCGACT,3,5238269
yqjE_yqjK_yqjD_yqjC_predicted,1.2,9,4,TAACCCTGGGAGACATCGGC,5,5206261
yqjE_yqjK_yqjD_yqjC_predicted,0.4,5,4,TAAATGCAATAGAACCGTCC,1,5234376
yqjE_yqjK_yqjD_yqjC_predicted,0.4,5,4,GTTTTCCGGCGTTGGGTCTG,1,5178907
yqjE_yqjK_yqjD_yqjC_predicted,4.6,26,4,GTTGGTTCCGTCTCATGCCT,22,5186236
yqjE_yqjK_yqjD_yqjC_predicted,7.2,39,4,GTTGGTGTACAGTTTAGCGG,35,5183518
yqjE_yqjK_yqjD_yqjC_predicted,2.6,16,4,GTTGCAAGCCCTGGTGGATC,12,5198621
yqjE_yqjK_yqjD_yqjC_predicted,0.4,5,4,GTTGATAGTAGGGGAATAAT,1,5205023
yqjE_yqjK_yqjD_yqjC_predicted,0.6,6,4,GTTCGTACGAGTATGCCAAA,2,5171136
yqjE_yqjK_yqjD_yqjC_predicted,0.4,5,4,GTTCGATCCAAACGATAGAG,1,5193571
yqjE_yqjK_yqjD_yqjC_predicted,0.4,5,4,GTTCCTGTTAAGTGCACTCA,1,5196654
yqjE_yqjK_yqjD_yqjC_predicted,4.8,27,4,GTGTTGGTTACGGTACCCTT,23,5233582
yqjE_yqjK_yqjD_yqjC_predicted,1.6,11,4,GTGTCAAGTAGTGAGCGATC,7,5189769
yqjE_yqjK_yqjD_yqjC_predicted,1.0,8,4,GTGGACCCGCTGAAGAAAAA,4,5185748
yqjE_yqjK_yqjD_yqjC_predicted,4.6,26,4,GTGCTTTCGTGCGCATTAAA,22,5211215
yqjE_yqjK_yqjD_yqjC_predicted,5.6,31,4,GTGCGGAGAACGATGCGCTT,27,5212657
yqjE_yqjK_yqjD_yqjC_predicted,1.2,9,4,GTGCCGGAACGCCTGCTCAC,5,5207857
yqjE_yqjK_yqjD_yqjC_predicted,1.4,10,4,GTGCAGGGTTCCGCAATATA,6,5174409
yqjE_yqjK_yqjD_yqjC_predicted,0.4,5,4,GTGCAGCTTGGAGTTCAAGG,1,5229397
yqjE_yqjK_yqjD_yqjC_predicted,2.6,16,4,GTGCAAGTTCTGTACCAGTG,12,5232980
yqjE_yqjK_yqjD_yqjC_predicted,0.4,5,4,GTGATCTTCATGTGATTGTA,1,5178045
yqjE_yqjK_yqjD_yqjC_predicted,0.6,6,4,GTGACTGCATCGGTATTTTC,2,5230587
yqjE_yqjK_yqjD_yqjC_predicted,2.0,13,4,GTGACAAGTGCAGACCAGAC,9,5173885
yqjE_yqjK_yqjD_yqjC_predicted,1.6,11,4,GTCTGGCGCACCATTGCCAC,7,5204270
yqjE_yqjK_yqjD_yqjC_predicted,0.4,5,4,GTCTAGGGCTCAATGAGGGT,1,5206763
yqjE_yqjK_yqjD_yqjC_predicted,7.6,41,4,GTCTAGACTCAACCAAGATG,37,5175490
yqjE_yqjK_yqjD_yqjC_predicted,4.4,25,4,GTCGTAATCTCTCGATTTTA,21,5233192
yqjE_yqjK_yqjD_yqjC_predicted,0.4,5,4,GTCGCGCGTGTGATTTTTTC,1,5183571
yqjE_yqjK_yqjD_yqjC_predicted,1.0,8,4,GTCGCGAGTGGTTTCCCCTT,4,5258576
yqjE_yqjK_yqjD_yqjC_predicted,1.4,10,4,GTCCGTGGACCGGGCTCCAA,6,5232988
yqjE_yqjK_yqjD_yqjC_predicted,2.4,15,4,GTCCAAAATCTTTCTTGAAT,11,5190664
yqjE_yqjK_yqjD_yqjC_predicted,1.2,9,4,GTCATGAAACCACCGAATTC,5,5257242
yqjE_yqjK_yqjD_yqjC_predicted,3.2,19,4,GTCACGTCGTGCCATGACAG,15,5262245
yqjE_yqjK_yqjD_yqjC_predicted,0.4,5,4,GTATTCCGGAGTCTCTTGGT,1,5236287
yqjE_yqjK_yqjD_yqjC_predicted,2.8,17,4,GTATGGTGGATCAATCCGTT,13,5175578
yqjE_yqjK_yqjD_yqjC_predicted,1.8,12,4,GTATCAATGTCCCGTAGTGT,8,5199540
yqjE_yqjK_yqjD_yqjC_predicted,0.4,5,4,GTATCAAGTAACCGGGAATA,1,5255323
yqjE_yqjK_yqjD_yqjC_predicted,0.4,5,4,GTACACCACGCTGACACTCA,1,5183492
yqjE_yqjK_yqjD_yqjC_predicted,2.2,14,4,GGTTCGAATTCGATCACAGG,10,5212562
yqjE_yqjK_yqjD_yqjC_predicted,1.4,10,4,GGTTAGGCGTCGGATAGTCC,6,5244167
yqjE_yqjK_yqjD_yqjC_predicted,0.4,5,4,GGTGTTGCAGCGATCCAAGA,1,5220526
yqjE_yqjK_yqjD_yqjC_predicted,3.2,19,4,GGTGGAATATTCCACAATAG,15,5184279
yqjE_yqjK_yqjD_yqjC_predicted,3.4,20,4,GGTGGAAGGAAGCTAGACCA,16,5260188
yqjE_yqjK_yqjD_yqjC_predicted,2.4,15,4,GGTGAGCCTACAAACGCGGC,11,5223109
yqjE_yqjK_yqjD_yqjC_predicted,3.4,20,4,GGTGAGCCCGAACTAATTAT,16,5219284
yqjE_yqjK_yqjD_yqjC_predicted,5.0,28,4,GGTATCCCGTCCTCGGTATT,24,5234571
yqjE_yqjK_yqjD_yqjC_predicted,2.0,13,4,GGTATAAACTGTACGGGTTG,9,5179709
yqjE_yqjK_yqjD_yqjC_predicted,3.4,20,4,GGTACTGCGATCTGCTCTAG,16,5257334
yqjE_yqjK_yqjD_yqjC_predicted,9.6,51,4,GGTACCTCGTGTCACCTTAG,47,5205238
yqjE_yqjK_yqjD_yqjC_predicted,7.6,41,4,GGTACCAGCACTACCGACAG,37,5194316
yqjE_yqjK_yqjD_yqjC_predicted,2.0,13,4,GGGTTGTAGAACATCCATAA,9,5179958
yqjE_yqjK_yqjD_yqjC_predicted,5.8,32,4,GGGTGTCTGGTTTGCGGCAT,28,5237948
yqjE_yqjK_yqjD_yqjC_predicted,2.2,14,4,GGGTGAGAACGCCGCAAGAA,10,5222829
yqjE_yqjK_yqjD_yqjC_predicted,1.2,9,4,GGGTCATCGCCGTGCCGTTA,5,5198026
yqjE_yqjK_yqjD_yqjC_predicted,1.0,8,4,GGGTACTGACGGCCCCCAAA,4,5206301
yqjE_yqjK_yqjD_yqjC_predicted,5.6,31,4,GGGGTTTCCCGTGATTCGGC,27,5232079
yqjE_yqjK_yqjD_yqjC_predicted,0.8,7,4,GGGGTCTCGAAGCTAAATGA,3,5199155
yqjE_yqjK_yqjD_yqjC_predicted,1.2,9,4,GGGGTATCAACACTCACAAT,5,5181336
yqjE_yqjK_yqjD_yqjC_predicted,3.0,18,4,GGGGCTCAAAAGCGTCTGGT,14,5222633
yqjE_yqjK_yqjD_yqjC_predicted,2.8,17,4,GGGGCCGGAAGAAATGGTGT,13,5257822
yqjE_yqjK_yqjD_yqjC_predicted,4.2,24,4,GGGGACCGCATTCCTGATTT,20,5253712
yqjE_yqjK_yqjD_yqjC_predicted,0.8,7,4,GGGCTGTTTTGGTTGGCCGG,3,5250037
yqjE_yqjK_yqjD_yqjC_predicted,0.8,7,4,GGGCTGTCGGTTGGCAGAGC,3,5194065
yqjE_yqjK_yqjD_yqjC_predicted,4.8,27,4,GGGCTCGTAAAAAAGCTAAC,23,5209420
yqjE_yqjK_yqjD_yqjC_predicted,2.4,15,4,GGGCTCAAATCTAAGCATCA,11,5210120
yqjE_yqjK_yqjD_yqjC_predicted,0.4,5,4,GGGATTATTCCGGAACTCCT,1,5229622
yqjE_yqjK_yqjD_yqjC_predicted,1.2,9,4,GGGATGCCATGTGTGGTCAA,5,5220816
yqjE_yqjK_yqjD_yqjC_predicted,1.2,9,4,GGGATCGCAGCAAGTGGGTC,5,5227652
yqjE_yqjK_yqjD_yqjC_predicted,0.4,5,4,GGGAGCAGGTAATGGAGTTA,1,5253964
yqjE_yqjK_yqjD_yqjC_predicted,2.4,15,4,GGCTTGATCAACACGCGGCT,11,5250011
yqjE_yqjK_yqjD_yqjC_predicted,2.8,17,4,GGCTGCTCCCGTAATCCGTT,13,5191512
yqjE_yqjK_yqjD_yqjC_predicted,4.6,26,4,GGCTCACAGGCTAACTGCTC,22,5194120
yqjE_yqjK_yqjD_yqjC_predicted,0.4,5,4,GGCGTGGCGCTCAGGACTTG,1,5193902
yqjE_yqjK_yqjD_yqjC_predicted,0.6,6,4,GGCGTCAACTGAAGTCCGGT,2,5203758
yqjE_yqjK_yqjD_yqjC_predicted,1.8,12,4,GGCGGCACGCTTAACATCGG,8,5189607
yqjE_yqjK_yqjD_yqjC_predicted,0.4,5,4,GGCGCGACAGGGGACGCAAA,1,5195898
yqjE_yqjK_yqjD_yqjC_predicted,0.8,7,4,GGCCAGATTGAGCAATCGGC,3,5233347
yqjE_yqjK_yqjD_yqjC_predicted,7.4,40,4,GGCATTCATCAAGAACCTAA,36,5253379
yqjE_yqjK_yqjD_yqjC_predicted,0.8,7,4,GGCAGAGATACCTTTGAAGT,3,5178826
yqjE_yqjK_yqjD_yqjC_predicted,3.6,21,4,GGCAATAAAGGCGGAAGATG,17,5251019
yqjE_yqjK_yqjD_yqjC_predicted,2.6,16,4,GGCAACATAATTGGGGCATA,12,5217051
yqjE_yqjK_yqjD_yqjC_predicted,0.4,5,4,GGATTGTAATTCCTGCTGTG,1,5213875
yqjE_yqjK_yqjD_yqjC_predicted,1.4,10,4,GGATGAACCCATGGGTAATG,6,5207513
yqjE_yqjK_yqjD_yqjC_predicted,0.4,5,4,GGATCCCGACTCACGAAATC,1,5220776
yqjE_yqjK_yqjD_yqjC_predicted,1.4,10,4,GGAGCTAACGGAGACACTTA,6,5227439
yqjE_yqjK_yqjD_yqjC_predicted,0.4,5,4,GGACTTTTCTCTCGTTTACG,1,5180281
yqjE_yqjK_yqjD_yqjC_predicted,5.4,30,4,GGACTTCAGGTTGGGCCAAA,26,5221497
yqjE_yqjK_yqjD_yqjC_predicted,3.4,20,4,GGACGAGACATGTCACTTTC,16,5251573
yqjE_yqjK_yqjD_yqjC_predicted,0.8,7,4,GGACCCGGGTATCTTACCCA,3,5214124
yqjE_yqjK_yqjD_yqjC_predicted,4.2,24,4,GGACAGCAGCCAGCATAGTG,20,5204830
yqjE_yqjK_yqjD_yqjC_predicted,1.4,10,4,GGACAACGAACCGTGTAAAT,6,5193507
yqjE_yqjK_yqjD_yqjC_predicted,4.6,26,4,GGACAAACCGTCAACACCGG,22,5231000
yqjE_yqjK_yqjD_yqjC_predicted,4.2,24,4,GGAACGCAGAAGGTTCGCTT,20,5226364
yqjE_yqjK_yqjD_yqjC_predicted,3.2,19,4,GGAAATCGGGACCATCGCAA,15,5220790
yqjE_yqjK_yqjD_yqjC_predicted,0.4,5,4,GGAAAGATCCAGAGGATAGA,1,5221222
yqjE_yqjK_yqjD_yqjC_predicted,1.8,12,4,GCTTGGCGTCAATCCTATCA,8,5222322
yqjE_yqjK_yqjD_yqjC_predicted,0.6,6,4,GCTCTTTCTGAACGTTCTGC,2,5228900
yqjE_yqjK_yqjD_yqjC_predicted,1.4,10,4,GCTCGTTACCGAACGGACGA,6,5187235
yqjE_yqjK_yqjD_yqjC_predicted,3.0,18,4,GCTCCCTGAATCTAAAAAAG,14,5215761
yqjE_yqjK_yqjD_yqjC_predicted,1.0,8,4,GCTATGCTAGGTTGCGTGAT,4,5196803
yqjE_yqjK_yqjD_yqjC_predicted,0.4,5,4,GCTAGCACACCGTGCGCGGT,1,5251325
yqjE_yqjK_yqjD_yqjC_predicted,1.4,10,4,GCTAAGAAAACTGCCCTGAA,6,5213720
yqjE_yqjK_yqjD_yqjC_predicted,1.0,8,4,GCGTAAATGGATTCCTTTTG,4,5222586
yqjE_yqjK_yqjD_yqjC_predicted,1.4,10,4,GCGGTGAACGGGACGAATCC,6,5250694
yqjE_yqjK_yqjD_yqjC_predicted,4.0,23,4,GCGGTAATACCTGAGAAGCC,19,5176898
yqjE_yqjK_yqjD_yqjC_predicted,0.6,6,4,GCGGGTTTTTGACAACGGGA,2,5171091
yqjE_yqjK_yqjD_yqjC_predicted,0.8,7,4,GCGGCCTTGGCGTATTACAC,3,5241675
yqjE_yqjK_yqjD_yqjC_predicted,2.6,16,4,GCGCGTTCGCTCTCTCTTGA,12,5225344
yqjE_yqjK_yqjD_yqjC_predicted,0.6,6,4,GCGCGGAATGTATGCGCTTC,2,5225215
yqjE_yqjK_yqjD_yqjC_predicted,1.2,9,4,GCGCCAGTCGGCTCCCCGCG,5,5245758
yqjE_yqjK_yqjD_yqjC_predicted,1.4,10,4,GCGAGAAACATAGGAACGTC,6,5255380
yqjE_yqjK_yqjD_yqjC_predicted,0.8,7,4,GCCTGTGGACAGTATGTGGC,3,5178804
yqjE_yqjK_yqjD_yqjC_predicted,4.8,27,4,GCCTGTCTCGTCTAGAAGCA,23,5206790
yqjE_yqjK_yqjD_yqjC_predicted,0.6,6,4,GCCGCTTGCTACTCGAGCAG,2,5254840
yqjE_yqjK_yqjD_yqjC_predicted,0.4,5,4,GCCCTTGGCCACTTTCTGAT,1,5248815
yqjE_yqjK_yqjD_yqjC_predicted,2.4,15,4,GCCCTCTCAACCGTAAACGT,11,5250736
yqjE_yqjK_yqjD_yqjC_predicted,2.4,15,4,GCCCTAGAGCCTGATTAATG,11,5251865
yqjE_yqjK_yqjD_yqjC_predicted,0.4,5,4,GCCCCTTGAAGTGATTCTCG,1,5193769
yqjE_yqjK_yqjD_yqjC_predicted,0.4,5,4,GCCCAGGGGTCAACGAGGTA,1,5260932
yqjE_yqjK_yqjD_yqjC_predicted,1.4,10,4,GCCATCTACGAGAGTTGAGC,6,5191400
yqjE_yqjK_yqjD_yqjC_predicted,0.8,7,4,GCCATCCGCCATCAAAGAAT,3,5221306
yqjE_yqjK_yqjD_yqjC_predicted,2.8,17,4,GCCAGGGTTTCTCAAGCGGT,13,5254446
yqjE_yqjK_yqjD_yqjC_predicted,2.0,13,4,GCCACCAGGGGCAGGAAAGA,9,5261932
yqjE_yqjK_yqjD_yqjC_predicted,0.4,5,4,GCCAAATGGTCACGACAGAC,1,5242435
yqjE_yqjK_yqjD_yqjC_predicted,8.4,45,4,GCATTGCACCTTACGTGATC,41,5248115
yqjE_yqjK_yqjD_yqjC_predicted,3.0,18,4,GCATGGGAACTGTTCCACAT,14,5240601
yqjE_yqjK_yqjD_yqjC_predicted,3.0,18,4,GCATGCAGGGAGCCAACAAA,14,5208640
yqjE_yqjK_yqjD_yqjC_predicted,4.8,27,4,GCATCTAGCACAATGACATT,23,5232500
yqjE_yqjK_yqjD_yqjC_predicted,2.0,13,4,GCATACCACTGGGATTTTAT,9,5261135
yqjE_yqjK_yqjD_yqjC_predicted,0.6,6,4,GCAGTATTCAAGTTACTGGA,2,5215133
yqjE_yqjK_yqjD_yqjC_predicted,3.6,21,4,GCAGCCGCGGGCAGATCATA,17,5231953
yqjE_yqjK_yqjD_yqjC_predicted,1.0,8,4,GCAGATGCAAGGGTCGAAAG,4,5172071
yqjE_yqjK_yqjD_yqjC_predicted,0.8,7,4,GCACTGTTAATCACCGAGTG,3,5222839
yqjE_yqjK_yqjD_yqjC_predicted,0.4,5,4,GCACAGAGTCCCTTATGGCG,1,5188338
yqjE_yqjK_yqjD_yqjC_predicted,4.4,25,4,GCACAGACGCGTAATAGTGG,21,5181601
yqjE_yqjK_yqjD_yqjC_predicted,0.4,5,4,GCAAGCGTAGCAATGGCCGA,1,5190519
yqjE_yqjK_yqjD_yqjC_predicted,2.4,15,4,GCAACTTTCCTCACATTGGT,11,5224952
yqjE_yqjK_yqjD_yqjC_predicted,0.4,5,4,GCAAAGGGACAACGAGGGCA,1,5202632
yqjE_yqjK_yqjD_yqjC_predicted,0.6,6,4,GATTTCGCGTCACTCCTAAC,2,5175241
yqjE_yqjK_yqjD_yqjC_predicted,1.8,12,4,GATTCTCTGTCCACATAGCG,8,5251864
yqjE_yqjK_yqjD_yqjC_predicted,0.4,5,4,GATTCATGGTAACCAACTAT,1,5184510
yqjE_yqjK_yqjD_yqjC_predicted,2.0,13,4,GATGCGTGGAATGTTCTACC,9,5200467
yqjE_yqjK_yqjD_yqjC_predicted,0.4,5,4,GATGACAGTTGTGGGCGGCC,1,5259330
yqjE_yqjK_yqjD_yqjC_predicted,4.4,25,4,GATCGCGTGGGTGATAACCT,21,5223802
yqjE_yqjK_yqjD_yqjC_predicted,1.4,10,4,GATCCGGTGCTTCAGGACAG,6,5192013
yqjE_yqjK_yqjD_yqjC_predicted,4.6,26,4,GATATCGAGGCTTCCATACG,22,5253492
yqjE_yqjK_yqjD_yqjC_predicted,0.4,5,4,GATAGCGGCCGAACAAAAGT,1,5184411
yqjE_yqjK_yqjD_yqjC_predicted,1.0,8,4,GATAGACAAGCCTCGGCCTT,4,5261417
yqjE_yqjK_yqjD_yqjC_predicted,1.2,9,4,GATAATCCAAAGGCCCTCCG,5,5234799
yqjE_yqjK_yqjD_yqjC_predicted,5.2,29,4,GAGTTAGGTCTGTGACTCAA,25,5240015
yqjE_yqjK_yqjD_yqjC_predicted,4.8,27,4,GAGTCCCCGTCATCCTGAGG,23,5194676
yqjE_yqjK_yqjD_yqjC_predicted,0.4,5,4,GAGTAGAGATGGTCGGTTGC,1,5212180
yqjE_yqjK_yqjD_yqjC_predicted,1.6,11,4,GAGGTCCAGCTTACGGCCTC,7,5218495
yqjE_yqjK_yqjD_yqjC_predicted,0.4,5,4,GAGGGGGGGACTATCCACTT,1,5203143
yqjE_yqjK_yqjD_yqjC_predicted,1.4,10,4,GAGGGACAAGGGGTTGTTAC,6,5238101
yqjE_yqjK_yqjD_yqjC_predicted,1.4,10,4,GAGGCAGCCCCCCTAGCACT,6,5258101
yqjE_yqjK_yqjD_yqjC_predicted,0.4,5,4,GAGCTTTAGAGAATGTACGA,1,5255624
yqjE_yqjK_yqjD_yqjC_predicted,0.6,6,4,GAGCTTCGCCCTTTATCTTA,2,5243011
yqjE_yqjK_yqjD_yqjC_predicted,0.8,7,4,GAGCTTACCGGTGAAGATCG,3,5176051
yqjE_yqjK_yqjD_yqjC_predicted,6.8,37,4,GAGCATAGCTCCGAAGAGAG,33,5229361
yqjE_yqjK_yqjD_yqjC_predicted,0.8,7,4,GAGAGTAGGAGGGGGCTCTA,3,5219606
yqjE_yqjK_yqjD_yqjC_predicted,1.8,12,4,GACTTCGTTCATGAAGGTTT,8,5191439
yqjE_yqjK_yqjD_yqjC_predicted,1.8,12,4,GACTGCTGCTTGCGTATTGC,8,5223573
yqjE_yqjK_yqjD_yqjC_predicted,1.8,12,4,GACTGAGCCCTGATATTATC,8,5260464
yqjE_yqjK_yqjD_yqjC_predicted,4.2,24,4,GACTCCCATGGGTGTCTTCC,20,5247210
yqjE_yqjK_yqjD_yqjC_predicted,0.4,5,4,GACTCAAAAGCTTCTAACCC,1,5194489
yqjE_yqjK_yqjD_yqjC_predicted,2.4,15,4,GACGTTGAGACTGGGAGGTA,11,5178893
yqjE_yqjK_yqjD_yqjC_predicted,0.4,5,4,GACGTGTCGTTGTGCCGTGG,1,5220856
yqjE_yqjK_yqjD_yqjC_predicted,1.6,11,4,GACGTGCGCTGCCCACGCGA,7,5208293
yqjE_yqjK_yqjD_yqjC_predicted,1.4,10,4,GACGTCAGCGAGTATTCTCC,6,5221568
yqjE_yqjK_yqjD_yqjC_predicted,0.4,5,4,GACGGTGTAGAGCAGTTGCG,1,5228606
yqjE_yqjK_yqjD_yqjC_predicted,2.2,14,4,GACGCGCGCGGCAAAAAGGA,10,5234324
yqjE_yqjK_yqjD_yqjC_predicted,0.4,5,4,GACCGCGGAAAGGCATCTGA,1,5193381
yqjE_yqjK_yqjD_yqjC_predicted,14.6,76,4,GACCCAAGCAAAGGTGGCGA,72,5234374
yqjE_yqjK_yqjD_yqjC_predicted,0.4,5,4,GACCAGGACGTGAGGTCGAC,1,5195639
yqjE_yqjK_yqjD_yqjC_predicted,2.4,15,4,GACATCGTACGCGGAAACCC,11,5249944
yqjE_yqjK_yqjD_yqjC_predicted,2.8,17,4,GACAGCAATGAATACGGGTC,13,5197865
yqjE_yqjK_yqjD_yqjC_predicted,2.8,17,4,GACACGGTCCCGTACTCGGA,13,5216083
yqjE_yqjK_yqjD_yqjC_predicted,1.8,12,4,GACAATCAGAGTAACGTACA,8,5239303
yqjE_yqjK_yqjD_yqjC_predicted,6.0,33,4,GACAAGAAGCCGTGAGATTG,29,5178783
yqjE_yqjK_yqjD_yqjC_predicted,4.0,23,4,GAATAATAGGTTGGCAGAAG,19,5257083
yqjE_yqjK_yqjD_yqjC_predicted,0.8,7,4,GAAGGCTCAGTTAATCATAA,3,5247694
yqjE_yqjK_yqjD_yqjC_predicted,1.4,10,4,GAAGCGGTGGCTGTTCCTTG,6,5213012
yqjE_yqjK_yqjD_yqjC_predicted,0.4,5,4,GAACCAAAGGAAGGCGTGGG,1,5247219
yqjE_yqjK_yqjD_yqjC_predicted,0.4,5,4,GAACAGGGTAAGGGTTCTCG,1,5219456
yqjE_yqjK_yqjD_yqjC_predicted,6.6,36,4,GAACAGACAAGAGCAGGATC,32,5248363
yqjE_yqjK_yqjD_yqjC_predicted,2.6,16,4,CTTTTAGGGCAAGCGCCTCA,12,5186573
yqjE_yqjK_yqjD_yqjC_predicted,3.4,20,4,CTTTTAAGGAAAAGTATTTG,16,5240461
yqjE_yqjK_yqjD_yqjC_predicted,1.8,12,4,CTTTGGGTCCCCAAAACCTA,8,5223575
yqjE_yqjK_yqjD_yqjC_predicted,6.0,33,4,CTTTGATTTCGTATCATGGC,29,5237305
yqjE_yqjK_yqjD_yqjC_predicted,5.4,30,4,CTTTGATGTCCGGAAACATA,26,5250175
yqjE_yqjK_yqjD_yqjC_predicted,5.8,32,4,CTTTGATGTACTTAGTACCT,28,5221671
yqjE_yqjK_yqjD_yqjC_predicted,3.8,22,4,CTTTGACATCCCGCTCTGAC,18,5234897
yqjE_yqjK_yqjD_yqjC_predicted,1.0,8,4,CTTTAAGTGCATCAGTACCG,4,5183127
yqjE_yqjK_yqjD_yqjC_predicted,2.6,16,4,CTTGGGGCATGCCATCCCGT,12,5211829
yqjE_yqjK_yqjD_yqjC_predicted,0.4,5,4,CTTGGGGACTTCACATCCAG,1,5214157
yqjE_yqjK_yqjD_yqjC_predicted,0.6,6,4,CTTGGCCCAGATACCTTCGG,2,5214031
yqjE_yqjK_yqjD_yqjC_predicted,4.6,26,4,CTTGAGCATGAATACGGCTT,22,5255722
yqjE_yqjK_yqjD_yqjC_predicted,4.2,24,4,CTTGACGGAGTTACCGCGCG,20,5229009
yqjE_yqjK_yqjD_yqjC_predicted,2.0,13,4,CTTCGTGTACTCCACAGCGG,9,5170899
yqjE_yqjK_yqjD_yqjC_predicted,1.0,8,4,CTTCGTACACAGCCTGAACG,4,5218578
yqjE_yqjK_yqjD_yqjC_predicted,0.4,5,4,CTTCGCTCCTGTCTCAACCG,1,5224826
yqjE_yqjK_yqjD_yqjC_predicted,1.8,12,4,CTTATTTCGCCACCAGCTCT,8,5241525
yqjE_yqjK_yqjD_yqjC_predicted,2.6,16,4,CTTATTGTTATAGCGCTGCA,12,5187849
yqjE_yqjK_yqjD_yqjC_predicted,1.8,12,4,CTTAGTACTCCGGTCCTAGG,8,5219095
yqjE_yqjK_yqjD_yqjC_predicted,0.6,6,4,CTTAATTACCACGTGCTTTG,2,5218478
yqjE_yqjK_yqjD_yqjC_predicted,0.8,7,4,CTGTTTTGATCTTCCCGCGA,3,5179523
yqjE_yqjK_yqjD_yqjC_predicted,4.2,24,4,CTGTGATCAATCTCGCCTTC,20,5170791
yqjE_yqjK_yqjD_yqjC_predicted,2.2,14,4,CTGTCCTGCTACAGGTGCGA,10,5179592
yqjE_yqjK_yqjD_yqjC_predicted,1.2,9,4,CTGTCAATGACTCTGTGGAT,5,5238779
yqjE_yqjK_yqjD_yqjC_predicted,1.6,11,4,CTGTAAACTCGGCCGTCTAC,7,5184638
yqjE_yqjK_yqjD_yqjC_predicted,2.4,15,4,CTGGTTCGGACCCACGCAAT,11,5210702
yqjE_yqjK_yqjD_yqjC_predicted,1.6,11,4,CTGGTCCCCGGAACGTGGAA,7,5236457
yqjE_yqjK_yqjD_yqjC_predicted,0.6,6,4,CTGGTCATACACAGACGCAG,2,5218055
yqjE_yqjK_yqjD_yqjC_predicted,0.4,5,4,CTGGGGCGCGATGGATTACT,1,5203572
yqjE_yqjK_yqjD_yqjC_predicted,1.2,9,4,CTGGGCCCCTGCTTCTATAA,5,5257927
yqjE_yqjK_yqjD_yqjC_predicted,3.0,18,4,CTGGGAAAACGTCCACCCAT,14,5216752
yqjE_yqjK_yqjD_yqjC_predicted,1.0,8,4,CTGCTTAAGCATGAACGAGG,4,5208270
yqjE_yqjK_yqjD_yqjC_predicted,2.0,13,4,CTGCTGCAGTGTGACTCCTC,9,5218182
yqjE_yqjK_yqjD_yqjC_predicted,3.2,19,4,CTGCGAGGGCGCGTAAAACC,15,5241816
yqjE_yqjK_yqjD_yqjC_predicted,2.0,13,4,CTGAGGTCGCCAATTCTACA,9,5216328
yqjE_yqjK_yqjD_yqjC_predicted,4.4,25,4,CTGAATACGGGGGGCACAAT,21,5257579
yqjE_yqjK_yqjD_yqjC_predicted,5.4,30,4,CTCTTACCAGATATGACGTC,26,5260984
yqjE_yqjK_yqjD_yqjC_predicted,0.8,7,4,CTCTGGAGCATTACGCTCCT,3,5182251
yqjE_yqjK_yqjD_yqjC_predicted,0.4,5,4,CTCTGCTACGGCAATCTATG,1,5245819
yqjE_yqjK_yqjD_yqjC_predicted,2.4,15,4,CTCTCGGAACAATGACAAAG,11,5203579
yqjE_yqjK_yqjD_yqjC_predicted,1.2,9,4,CTCGGGTTACAACCAGCGAT,5,5237843
yqjE_yqjK_yqjD_yqjC_predicted,0.8,7,4,CTCGGCCACATAAGGTTAAC,3,5180573
yqjE_yqjK_yqjD_yqjC_predicted,1.4,10,4,CTCGCAGGTAAGTGGGCTTA,6,5229635
yqjE_yqjK_yqjD_yqjC_predicted,0.6,6,4,CTCCTATTCGTTCTGCATAC,2,5172020
yqjE_yqjK_yqjD_yqjC_predicted,3.2,19,4,CTCCTAGGGGCTCACCCGTG,15,5236698
yqjE_yqjK_yqjD_yqjC_predicted,0.4,5,4,CTCCGCCTTTTCGCTCGGAC,1,5212762
yqjE_yqjK_yqjD_yqjC_predicted,1.2,9,4,CTCCCTGGCGTCTACTTTGC,5,5224179
yqjE_yqjK_yqjD_yqjC_predicted,1.2,9,4,CTCCATACTGAGGAATCCCT,5,5183887
yqjE_yqjK_yqjD_yqjC_predicted,4.0,23,4,CTCATGCACTCTGCTACTCC,19,5248906
yqjE_yqjK_yqjD_yqjC_predicted,4.4,25,4,CTCATCTGGATTATGGCAGC,21,5202743
yqjE_yqjK_yqjD_yqjC_predicted,3.4,20,4,CTCAGTATCTTGGATAGCAA,16,5210153
yqjE_yqjK_yqjD_yqjC_predicted,2.6,16,4,CTCAGATTACGGCGAAATGC,12,5194515
yqjE_yqjK_yqjD_yqjC_predicted,0.4,5,4,CTCAGATCGCTATCTTCTGG,1,5251624
yqjE_yqjK_yqjD_yqjC_predicted,2.8,17,4,CTCAATTTTACTCCGCTTTT,13,5173369
yqjE_yqjK_yqjD_yqjC_predicted,3.8,22,4,CTCAATTAAGTCCCCTGCAT,18,5217966
yqjE_yqjK_yqjD_yqjC_predicted,0.4,5,4,CTATTAGCGGTTCAATATAG,1,5253847
yqjE_yqjK_yqjD_yqjC_predicted,0.4,5,4,CTATCAGCCGCTCCAAATAG,1,5193624
yqjE_yqjK_yqjD_yqjC_predicted,0.8,7,4,CTATAGTGTTGTACTTTCGC,3,5201903
yqjE_yqjK_yqjD_yqjC_predicted,1.4,10,4,CTATAGGTCCACAAGACAGG,6,5261872
yqjE_yqjK_yqjD_yqjC_predicted,13.2,69,4,CTATAGCGACTACTCTCGAC,65,5249043
yqjE_yqjK_yqjD_yqjC_predicted,5.4,30,4,CTATACTACGCGACAACGAC,26,5217559
yqjE_yqjK_yqjD_yqjC_predicted,2.0,13,4,CTAGTTGCGTCACACCTGCT,9,5211542
yqjE_yqjK_yqjD_yqjC_predicted,0.4,5,4,CTAGGTGATGACCAAGTTGG,1,5225252
yqjE_yqjK_yqjD_yqjC_predicted,0.6,6,4,CTAGCTCAAAGTATTTCGGG,2,5228945
yqjE_yqjK_yqjD_yqjC_predicted,3.0,18,4,CTAGCATCGATAACTGTCAC,14,5203172
yqjE_yqjK_yqjD_yqjC_predicted,0.4,5,4,CGTGGGCATGAGTGTTTACA,1,5199521
yqjE_yqjK_yqjD_yqjC_predicted,3.2,19,4,CGTCTTCCGGAGGCGGACCC,15,5170792
yqjE_yqjK_yqjD_yqjC_predicted,1.2,9,4,CGTCTCGACAAAGCGGATAA,5,5227876
yqjE_yqjK_yqjD_yqjC_predicted,8.0,43,4,CGTCCTGGCTTCGCTCGTAA,39,5241808
yqjE_yqjK_yqjD_yqjC_predicted,2.2,14,4,CGTCCTCGGACTCCCCTTTG,10,5250317
yqjE_yqjK_yqjD_yqjC_predicted,8.8,47,4,CGTCCTACCCTATCCTGGTC,43,5198391
yqjE_yqjK_yqjD_yqjC_predicted,1.8,12,4,CGTCCCTAGTACGTGGCTGT,8,5217426
yqjE_yqjK_yqjD_yqjC_predicted,0.4,5,4,CGTAATTGAGATGAAAGTAA,1,5215401
yqjE_yqjK_yqjD_yqjC_predicted,3.8,22,4,CGGTGTAATATCGGCTCTTT,18,5240395
yqjE_yqjK_yqjD_yqjC_predicted,1.2,9,4,CGGTGACGAACTGGTGTAGC,5,5227832
yqjE_yqjK_yqjD_yqjC_predicted,1.2,9,4,CGGTCGTGAGCAATCCCTGT,5,5198196
yqjE_yqjK_yqjD_yqjC_predicted,1.6,11,4,CGGTAGAAATAATATGCATA,7,5205799
yqjE_yqjK_yqjD_yqjC_predicted,1.8,12,4,CGGGTAGAACCTTAATTGAA,8,5214054
yqjE_yqjK_yqjD_yqjC_predicted,2.4,15,4,CGGGCATTTTGATATTCAAA,11,5262635
yqjE_yqjK_yqjD_yqjC_predicted,0.8,7,4,CGGCTTGAATCCATACCCGT,3,5188799
yqjE_yqjK_yqjD_yqjC_predicted,1.0,8,4,CGGCGTATATGAGTATTTAT,4,5249153
yqjE_yqjK_yqjD_yqjC_predicted,2.6,16,4,CGGCCTGTAGTGGATTGTGA,12,5223208
yqjE_yqjK_yqjD_yqjC_predicted,1.8,12,4,CGGCCCCGTGGCCACGCGGA,8,5199988
yqjE_yqjK_yqjD_yqjC_predicted,0.6,6,4,CGGAGTTTCATTATAGGGAT,2,5182514
yqjE_yqjK_yqjD_yqjC_predicted,0.8,7,4,CGGAGACCGTGAAGGGACTC,3,5218942
yqjE_yqjK_yqjD_yqjC_predicted,2.4,15,4,CGGAATTTCTGAGGCAGAAG,11,5262347
yqjE_yqjK_yqjD_yqjC_predicted,4.2,24,4,CGCTCGGTGGGTTCGCGTGT,20,5190430
yqjE_yqjK_yqjD_yqjC_predicted,1.0,8,4,CGCTATTTTGAATCATGCAG,4,5251237
yqjE_yqjK_yqjD_yqjC_predicted,0.8,7,4,CGCTAGGCGAACTCCGCCGC,3,5232383
yqjE_yqjK_yqjD_yqjC_predicted,0.6,6,4,CGCTAAGGGTAAACAGCTAT,2,5187865
yqjE_yqjK_yqjD_yqjC_predicted,1.6,11,4,CGCGTGTTTAATCACTGTAT,7,5241265
yqjE_yqjK_yqjD_yqjC_predicted,2.6,16,4,CGCGGTGCATATACTGTTGT,12,5247174
yqjE_yqjK_yqjD_yqjC_predicted,0.4,5,4,CGCGGGGTCTATTGTATGCT,1,5217035
yqjE_yqjK_yqjD_yqjC_predicted,1.6,11,4,CGCCATATTCACGGCAGGGG,7,5249791
yqjE_yqjK_yqjD_yqjC_predicted,0.8,7,4,CGCCAGTTAGGGCAGGCCAT,3,5211539
yqjE_yqjK_yqjD_yqjC_predicted,0.8,7,4,CGCATAGACGGCGTCTGGCC,3,5234408
yqjE_yqjK_yqjD_yqjC_predicted,2.2,14,4,CGCAGTTGATTGAGGATTCA,10,5217927
yqjE_yqjK_yqjD_yqjC_predicted,0.4,5,4,CGCAGTAATAGGCGATCCAC,1,5224160
yqjE_yqjK_yqjD_yqjC_predicted,1.2,9,4,CGCACTACGCCGCCTCACTT,5,5214092
yqjE_yqjK_yqjD_yqjC_predicted,1.2,9,4,CGATGTGCTGTGATGACAAT,5,5214925
yqjE_yqjK_yqjD_yqjC_predicted,1.4,10,4,CGATCAAGTGCGAGCGGGTC,6,5246962
yqjE_yqjK_yqjD_yqjC_predicted,4.4,25,4,CGAGCTTAAAAGGTGAGCGT,21,5194491
yqjE_yqjK_yqjD_yqjC_predicted,3.0,18,4,CGAGCAGTTATATATCAGCT,14,5183458
yqjE_yqjK_yqjD_yqjC_predicted,3.2,19,4,CGAGAACGTGTACATCGCAT,15,5178647
yqjE_yqjK_yqjD_yqjC_predicted,0.6,6,4,CGACGAGGTAGACATTCTGT,2,5226235
yqjE_yqjK_yqjD_yqjC_predicted,0.4,5,4,CGAATAGGAGTTTGGCAAGA,1,5246284
yqjE_yqjK_yqjD_yqjC_predicted,3.8,22,4,CGAACCTGCTAGTATCTGGA,18,5176820
yqjE_yqjK_yqjD_yqjC_predicted,4.0,23,4,CGAACATCCCGGCCCCTCAA,19,5238217
yqjE_yqjK_yqjD_yqjC_predicted,6.2,34,4,CGAAAGCAAATGGATGACAA,30,5231532
yqjE_yqjK_yqjD_yqjC_predicted,1.6,11,4,CCTTGGGGTAGACTCGTGTA,7,5198150
yqjE_yqjK_yqjD_yqjC_predicted,2.2,14,4,CCTTGCCCAAAGACCGTAGT,10,5194457
yqjE_yqjK_yqjD_yqjC_predicted,1.2,9,4,CCTTGAATTTCGCTCACTTA,5,5244523
yqjE_yqjK_yqjD_yqjC_predicted,3.6,21,4,CCTTCTGGAACTGGGTTCTT,17,5228330
yqjE_yqjK_yqjD_yqjC_predicted,0.6,6,4,CCTTCTCCTTCGTTATCTAG,2,5179543
yqjE_yqjK_yqjD_yqjC_predicted,2.2,14,4,CCTTCGTTATTATGCGTCGT,10,5234882
yqjE_yqjK_yqjD_yqjC_predicted,2.4,15,4,CCTTCAGTAGCAACTCACAT,11,5223601
yqjE_yqjK_yqjD_yqjC_predicted,0.4,5,4,CCTTCAGATAACTTGCGTAG,1,5253092
yqjE_yqjK_yqjD_yqjC_predicted,3.0,18,4,CCTGTTTGGATTGATCATGT,14,5194767
yqjE_yqjK_yqjD_yqjC_predicted,3.6,21,4,CCTGTAGTATCGTCGGGATT,17,5255530
yqjE_yqjK_yqjD_yqjC_predicted,1.8,12,4,CCTACTTAAAGTAAAACACG,8,5256711
yqjE_yqjK_yqjD_yqjC_predicted,2.6,16,4,CCTAATGGACGATCCGGGAC,12,5256452
yqjE_yqjK_yqjD_yqjC_predicted,0.6,6,4,CCGTTTTGTAGTGCGAGGTG,2,5184784
yqjE_yqjK_yqjD_yqjC_predicted,4.2,24,4,CCGTTAACGAGGGTACGTAT,20,5224173
yqjE_yqjK_yqjD_yqjC_predicted,0.8,7,4,CCGTGGCCAAGCTGAAACGT,3,5197981
yqjE_yqjK_yqjD_yqjC_predicted,0.8,7,4,CCGTGGACAGGGTCCGGGTC,3,5224667
yqjE_yqjK_yqjD_yqjC_predicted,1.6,11,4,CCGGTGTCCATCTTTTAGTG,7,5182328
yqjE_yqjK_yqjD_yqjC_predicted,3.6,21,4,CCGGAAGCAATGAGAGTCTG,17,5261979
yqjE_yqjK_yqjD_yqjC_predicted,2.8,17,4,CCGCCGTGTCAAAGGAGCTG,13,5181751
yqjE_yqjK_yqjD_yqjC_predicted,1.2,9,4,CCGCACATAGGAGCGCCAAC,5,5260837
yqjE_yqjK_yqjD_yqjC_predicted,2.0,13,4,CCGATGACGTACCTCCCGGA,9,5231955
yqjE_yqjK_yqjD_yqjC_predicted,3.0,18,4,CCGAGCAAGCGAATTAGTGA,14,5207391
yqjE_yqjK_yqjD_yqjC_predicted,3.2,19,4,CCGACTATATGAGTCCGGTC,15,5258696
yqjE_yqjK_yqjD_yqjC_predicted,0.6,6,4,CCGACCAATGCCTCCACGTT,2,5260453
yqjE_yqjK_yqjD_yqjC_predicted,4.0,23,4,CCCGTTGCACGGGTACCCGG,19,5254627
yqjE_yqjK_yqjD_yqjC_predicted,1.4,10,4,CCCGTCAGCTATATATCGAG,6,5248777
yqjE_yqjK_yqjD_yqjC_predicted,1.8,12,4,CCCGAGAAGCACCTGACCCT,8,5256988
yqjE_yqjK_yqjD_yqjC_predicted,2.2,14,4,CCCGACTAGCAACCAGCGGC,10,5223297
yqjE_yqjK_yqjD_yqjC_predicted,2.8,17,4,CCCCTGGCGGGGAAACGTCC,13,5204277
yqjE_yqjK_yqjD_yqjC_predicted,1.0,8,4,CCCCGTACTATTTGCGAGAT,4,5218017
yqjE_yqjK_yqjD_yqjC_predicted,0.4,5,4,CCCCGTACCAGAGACCATAG,1,5172365
yqjE_yqjK_yqjD_yqjC_predicted,2.2,14,4,CCCCACGACGGGTTACCTGA,10,5199245
yqjE_yqjK_yqjD_yqjC_predicted,0.6,6,4,CCCAGGAGCCCGCGTCTAGT,2,5178832
yqjE_yqjK_yqjD_yqjC_predicted,0.4,5,4,CCCAGCATCGTTTCTCTATA,1,5254555
yqjE_yqjK_yqjD_yqjC_predicted,1.0,8,4,CCCAGCAATGTTGAATTAAG,4,5260720
yqjE_yqjK_yqjD_yqjC_predicted,0.6,6,4,CCATTGCACTCCCCGGGCTT,2,5233309
yqjE_yqjK_yqjD_yqjC_predicted,3.6,21,4,CCATTCGATTTCCCGTTATG,17,5180945
yqjE_yqjK_yqjD_yqjC_predicted,3.8,22,4,CCATCTGTTGCTTCCGAATG,18,5211827
yqjE_yqjK_yqjD_yqjC_predicted,2.4,15,4,CCATCTCCGCTAGGGCGCCT,11,5176432
yqjE_yqjK_yqjD_yqjC_predicted,0.6,6,4,CCATATCCAGATATTGTGGA,2,5183450
yqjE_yqjK_yqjD_yqjC_predicted,0.8,7,4,CCATAATGGCCAAAAATGTA,3,5194585
yqjE_yqjK_yqjD_yqjC_predicted,6.4,35,4,CCATAAGGAGGAAGGGTATC,31,5174862
yqjE_yqjK_yqjD_yqjC_predicted,0.4,5,4,CCATAACGAACCTAAACGCA,1,5262095
yqjE_yqjK_yqjD_yqjC_predicted,2.0,13,4,CCAGTGTGCCTCAGACGCGG,9,5200422
yqjE_yqjK_yqjD_yqjC_predicted,3.2,19,4,CCAGTCCTCACGTGCGCAAA,15,5220929
yqjE_yqjK_yqjD_yqjC_predicted,1.0,8,4,CCAGGGGGCGTAAATCTATA,4,5237996
yqjE_yqjK_yqjD_yqjC_predicted,1.0,8,4,CCAGGCCCTGACTGTACGTC,4,5207558
yqjE_yqjK_yqjD_yqjC_predicted,1.6,11,4,CCAGCTCCGCTATAGATGAT,7,5198652
yqjE_yqjK_yqjD_yqjC_predicted,0.4,5,4,CCACTTAGTAGGGGAAGGAC,1,5185238
yqjE_yqjK_yqjD_yqjC_predicted,2.2,14,4,CCACTGCTTTCAGTCGGACC,10,5174245
yqjE_yqjK_yqjD_yqjC_predicted,3.2,19,4,CCACTATCCGGCGGGCGTAG,15,5253387
yqjE_yqjK_yqjD_yqjC_predicted,0.8,7,4,CCACTAGGGACGTCAGTATG,3,5202861
yqjE_yqjK_yqjD_yqjC_predicted,3.6,21,4,CCACGCGAGAGACGCCCCAG,17,5239802
yqjE_yqjK_yqjD_yqjC_predicted,0.4,5,4,CCACAGCGTCCACCTGTGTA,1,5228995
yqjE_yqjK_yqjD_yqjC_predicted,3.2,19,4,CCACAGCATCTAGCCAAAAT,15,5234101
yqjE_yqjK_yqjD_yqjC_predicted,0.8,7,4,CCAAGTAATTACCTAGGTAT,3,5223891
yqjE_yqjK_yqjD_yqjC_predicted,1.2,9,4,CCAAGGGCGTATCATTCCGA,5,5238098
yqjE_yqjK_yqjD_yqjC_predicted,0.4,5,4,CCAAGCCTTTTTTTTTCGGC,1,5235698
yqjE_yqjK_yqjD_yqjC_predicted,1.2,9,4,CCAAGATCCGCTCCCGGTTT,5,5258342
yqjE_yqjK_yqjD_yqjC_predicted,0.4,5,4,CATTTTTATATATCATCGCG,1,5179112
yqjE_yqjK_yqjD_yqjC_predicted,14.8,77,4,CATTCGAAAAAGGGGGATCC,73,5220768
yqjE_yqjK_yqjD_yqjC_predicted,4.6,26,4,CATGTATGCCCGTCGGGGGT,22,5204683
yqjE_yqjK_yqjD_yqjC_predicted,1.6,11,4,CATGCTCGAGATGGGACAAA,7,5222245
yqjE_yqjK_yqjD_yqjC_predicted,2.8,17,4,CATGAGGGATAAGAATAGTG,13,5238404
yqjE_yqjK_yqjD_yqjC_predicted,2.0,13,4,CATCTTACTTCCGTAGCTTT,9,5260766
yqjE_yqjK_yqjD_yqjC_predicted,2.8,17,4,CATCCTAGATAAATGTCCCC,13,5210629
yqjE_yqjK_yqjD_yqjC_predicted,3.8,22,4,CATCCAATGGGGTATCCGCA,18,5212386
yqjE_yqjK_yqjD_yqjC_predicted,1.6,11,4,CATCAGGGATTCCGCCTTTC,7,5202662
yqjE_yqjK_yqjD_yqjC_predicted,8.8,47,4,CATAGTCTTGTGCCATTGTC,43,5228297
yqjE_yqjK_yqjD_yqjC_predicted,2.8,17,4,CATAGGAGCTGGCTCCAGCA,13,5254132
yqjE_yqjK_yqjD_yqjC_predicted,0.4,5,4,CATAATTCCAAAGTGTGTCG,1,5200918
yqjE_yqjK_yqjD_yqjC_predicted,1.6,11,4,CAGTTAGGATATTAAACTCT,7,5255100
yqjE_yqjK_yqjD_yqjC_predicted,1.6,11,4,CAGTCGTCGGCCCGGCTCTT,7,5215892
yqjE_yqjK_yqjD_yqjC_predicted,1.0,8,4,CAGTCATTAAACGAACGGCA,4,5259705
yqjE_yqjK_yqjD_yqjC_predicted,2.8,17,4,CAGTCATAGTGCACGACCTA,13,5225368
yqjE_yqjK_yqjD_yqjC_predicted,2.8,17,4,CAGGTCGCGAACGGTCAGTA,13,5250573
yqjE_yqjK_yqjD_yqjC_predicted,0.8,7,4,CAGGTAGTTGACAGGTAAGG,3,5229641
yqjE_yqjK_yqjD_yqjC_predicted,5.8,32,4,CAGGCGGCCCATCACTTCCT,28,5228319
yqjE_yqjK_yqjD_yqjC_predicted,0.4,5,4,CAGGCACTGCACATCGCATG,1,5229667
yqjE_yqjK_yqjD_yqjC_predicted,1.6,11,4,CAGGATAGGATGCGCAACGC,7,5191037
yqjE_yqjK_yqjD_yqjC_predicted,1.8,12,4,CAGGACCCGCACCGAAGGAT,8,5232094
yqjE_yqjK_yqjD_yqjC_predicted,0.4,5,4,CAGCGCGCGTTGGTGAGCCC,1,5190815
yqjE_yqjK_yqjD_yqjC_predicted,1.0,8,4,CAGCATATCCCGGCAAAACG,4,5184998
yqjE_yqjK_yqjD_yqjC_predicted,2.0,13,4,CAGCACTCTGGCCCTCGGGA,9,5197440
yqjE_yqjK_yqjD_yqjC_predicted,1.6,11,4,CAGCAATAATCTGCTGACGG,7,5210004
yqjE_yqjK_yqjD_yqjC_predicted,2.4,15,4,CAGATAGGTGCGGTCTGGCA,11,5226044
yqjE_yqjK_yqjD_yqjC_predicted,3.8,22,4,CAGAGTAAGCTGTCACTGTC,18,5186343
yqjE_yqjK_yqjD_yqjC_predicted,1.4,10,4,CACTTCGTGAGTGCAAGCTG,6,5245120
yqjE_yqjK_yqjD_yqjC_predicted,3.0,18,4,CACTTCCGTATCTCATCGGT,14,5211493
yqjE_yqjK_yqjD_yqjC_predicted,2.0,13,4,CACTGGGTTCTTTGCGCCTG,9,5182310
yqjE_yqjK_yqjD_yqjC_predicted,2.8,17,4,CACTGCCAAATTTGGGCACG,13,5253391
yqjE_yqjK_yqjD_yqjC_predicted,2.2,14,4,CACTGATGCGATAGCGCTTG,10,5202834
yqjE_yqjK_yqjD_yqjC_predicted,0.4,5,4,CACTATGAGTCTGGTCTGTG,1,5205655
yqjE_yqjK_yqjD_yqjC_predicted,0.6,6,4,CACGGTATGTGCCTCTATTC,2,5217178
yqjE_yqjK_yqjD_yqjC_predicted,0.6,6,4,CACCGTTCTTGTGTCCGAAC,2,5185199
yqjE_yqjK_yqjD_yqjC_predicted,4.4,25,4,CACATCATCAAGCATGTATT,21,5203969
yqjE_yqjK_yqjD_yqjC_predicted,0.6,6,4,CACAGTCACGCCGAACTAGA,2,5203319
yqjE_yqjK_yqjD_yqjC_predicted,2.2,14,4,CACAGCGTCACGCCCCCGGA,10,5252793
yqjE_yqjK_yqjD_yqjC_predicted,1.8,12,4,CACAACCGCAGCCCACCGTG,8,5250931
yqjE_yqjK_yqjD_yqjC_predicted,1.4,10,4,CACAAACATAATCCCTCGGT,6,5249171
yqjE_yqjK_yqjD_yqjC_predicted,3.8,22,4,CACAAAAGTACGGAGAGGAA,18,5236421
yqjE_yqjK_yqjD_yqjC_predicted,0.8,7,4,CAATTCCAATCTTCCTGTAC,3,5184706
yqjE_yqjK_yqjD_yqjC_predicted,6.0,33,4,CAATGCGTTCCCGCGGGTCT,29,5229811
yqjE_yqjK_yqjD_yqjC_predicted,1.8,12,4,CAATGCCTGGGATGTAAGCC,8,5184202
yqjE_yqjK_yqjD_yqjC_predicted,6.4,35,4,CAATCTTAAGTTCTCGTTTT,31,5249446
yqjE_yqjK_yqjD_yqjC_predicted,6.2,34,4,CAAGGGGCTGCACGTAGCGT,30,5217972
yqjE_yqjK_yqjD_yqjC_predicted,3.2,19,4,CAAGGGAATTTTCCTCTAAG,15,5215663
yqjE_yqjK_yqjD_yqjC_predicted,0.4,5,4,CAAGCCATCCACTTGTGCTC,1,5177089
yqjE_yqjK_yqjD_yqjC_predicted,0.8,7,4,CAAGCACTAGCTCTAAGTTC,3,5189146
yqjE_yqjK_yqjD_yqjC_predicted,1.6,11,4,CAAGCACGCTGAAAACGGGA,7,5258888
yqjE_yqjK_yqjD_yqjC_predicted,0.8,7,4,CAACGTCCAAGCCATCCATT,3,5171332
yqjE_yqjK_yqjD_yqjC_predicted,2.0,13,4,CAACGGTGTGTCTGTGCCTG,9,5255032
yqjE_yqjK_yqjD_yqjC_predicted,3.2,19,4,CAACCCTGACTTTACCTGCA,15,5256158
yqjE_yqjK_yqjD_yqjC_predicted,1.2,9,4,CAAATTCGGCAGCATGCTTT,5,5199086
yqjE_yqjK_yqjD_yqjC_predicted,1.0,8,4,CAAAGGCCTCACTGGAATCT,4,5212715
yqjE_yqjK_yqjD_yqjC_predicted,2.8,17,4,ATTTGGTACCCTGCGCGGAA,13,5247777
yqjE_yqjK_yqjD_yqjC_predicted,2.2,14,4,ATTTCGTCTCCAAGGCATGT,10,5219944
yqjE_yqjK_yqjD_yqjC_predicted,2.8,17,4,ATTTATCTGCGCACCGTGAG,13,5171180
yqjE_yqjK_yqjD_yqjC_predicted,2.4,15,4,ATTTAAGTGCATTGTTCTGG,11,5193008
yqjE_yqjK_yqjD_yqjC_predicted,0.4,5,4,ATTGTTTGCATGACCGATGC,1,5256682
yqjE_yqjK_yqjD_yqjC_predicted,4.2,24,4,ATTGTGTTTCACTTTTGCGC,20,5248667
yqjE_yqjK_yqjD_yqjC_predicted,0.4,5,4,ATTGTCGGGATTATCAACAC,1,5202603
yqjE_yqjK_yqjD_yqjC_predicted,1.6,11,4,ATTGCGTTATTTTAACGCCA,7,5239750
yqjE_yqjK_yqjD_yqjC_predicted,2.2,14,4,ATTGAGCCAGTAACACGCAG,10,5187498
yqjE_yqjK_yqjD_yqjC_predicted,7.0,38,4,ATTCTCGGCAAACTTAGAGG,34,5215834
yqjE_yqjK_yqjD_yqjC_predicted,1.6,11,4,ATTCGGCTTTAGGGAAAGCT,7,5222526
yqjE_yqjK_yqjD_yqjC_predicted,0.4,5,4,ATTCATTCCCCCTAACATTG,1,5228587
yqjE_yqjK_yqjD_yqjC_predicted,1.6,11,4,ATTATCTGCCATTCTCCTCA,7,5183747
yqjE_yqjK_yqjD_yqjC_predicted,2.6,16,4,ATTAGTATCAGTTCATAAGT,12,5201574
yqjE_yqjK_yqjD_yqjC_predicted,0.4,5,4,ATTAGGTTAGCGGAATATCA,1,5259887
yqjE_yqjK_yqjD_yqjC_predicted,3.0,18,4,ATTAGGCAACTGCGAGTCAT,14,5214839
yqjE_yqjK_yqjD_yqjC_predicted,0.8,7,4,ATTAGGAAGTGCGGCTTAAA,3,5173505
yqjE_yqjK_yqjD_yqjC_predicted,1.8,12,4,ATTAGCAGCCGCGAGTACCC,8,5186909
yqjE_yqjK_yqjD_yqjC_predicted,1.8,12,4,ATTAATACAAAGAGTCCGAG,8,5181579
yqjE_yqjK_yqjD_yqjC_predicted,0.6,6,4,ATGTTTATCGTCCGGCAGCG,2,5249722
yqjE_yqjK_yqjD_yqjC_predicted,2.0,13,4,ATGTTATTTATCAGACTTCC,9,5222837
yqjE_yqjK_yqjD_yqjC_predicted,0.8,7,4,ATGTGACCGGACCAATGAGA,3,5245139
yqjE_yqjK_yqjD_yqjC_predicted,3.2,19,4,ATGGTGGCATATGCGTCGAG,15,5257535
yqjE_yqjK_yqjD_yqjC_predicted,2.6,16,4,ATGGCTTTATGAAACGGTCA,12,5208982
yqjE_yqjK_yqjD_yqjC_predicted,1.0,8,4,ATGGCCAATACTCGGGATCT,4,5176122
yqjE_yqjK_yqjD_yqjC_predicted,4.0,23,4,ATGGCATTTACACAAACAGA,19,5183007
yqjE_yqjK_yqjD_yqjC_predicted,3.0,18,4,ATGGATTTGAGCGCCAGAAC,14,5229036
yqjE_yqjK_yqjD_yqjC_predicted,4.4,25,4,ATGCTGTCATTCGGCGTTGT,21,5183949
yqjE_yqjK_yqjD_yqjC_predicted,2.2,14,4,ATGCGGAGGTTCACAAGTTC,10,5186274
yqjE_yqjK_yqjD_yqjC_predicted,0.8,7,4,ATGATATGGTAAGTTCTCAT,3,5242240
yqjE_yqjK_yqjD_yqjC_predicted,7.8,42,4,ATGATAGCAGACGGTCCCTG,38,5256999
yqjE_yqjK_yqjD_yqjC_predicted,3.2,19,4,ATGAGCTTCTTTTGTGACGA,15,5249447
yqjE_yqjK_yqjD_yqjC_predicted,0.4,5,4,ATGACTGCGCCGTACACCCT,1,5218214
yqjE_yqjK_yqjD_yqjC_predicted,0.8,7,4,ATGACTCGCTGTTCCCCTGC,3,5227726
yqjE_yqjK_yqjD_yqjC_predicted,1.6,11,4,ATCTTTTCGCAAAGCGGGGT,7,5224632
yqjE_yqjK_yqjD_yqjC_predicted,1.4,10,4,ATCTTTAAGTAGTGCCATCG,6,5238863
yqjE_yqjK_yqjD_yqjC_predicted,0.8,7,4,ATCTTCCACTATCCGTAGCT,3,5252796
yqjE_yqjK_yqjD_yqjC_predicted,2.2,14,4,ATCTTCAGCAGTACAGTGAA,10,5194436
yqjE_yqjK_yqjD_yqjC_predicted,0.4,5,4,ATCTGTATATACCGGGTGCT,1,5199003
yqjE_yqjK_yqjD_yqjC_predicted,1.4,10,4,ATCTCGTGAGCACCGAGCGC,6,5212193
yqjE_yqjK_yqjD_yqjC_predicted,3.6,21,4,ATCTAGTCATTAGGAAGACA,17,5237177
yqjE_yqjK_yqjD_yqjC_predicted,4.8,27,4,ATCTAAGGTCTGCTAACATT,23,5188381
yqjE_yqjK_yqjD_yqjC_predicted,5.6,31,4,ATCGTAACCGTGTGTGCCTA,27,5253159
yqjE_yqjK_yqjD_yqjC_predicted,0.4,5,4,ATCGGTGTATCTCCCCTCAT,1,5214703
yqjE_yqjK_yqjD_yqjC_predicted,0.4,5,4,ATCGGGAGAGGAACTAGATG,1,5215506
yqjE_yqjK_yqjD_yqjC_predicted,3.8,22,4,ATCGGCTGCGGCAATTCACC,18,5232143
yqjE_yqjK_yqjD_yqjC_predicted,0.4,5,4,ATCGAATATGAGCCGTAGTC,1,5198469
yqjE_yqjK_yqjD_yqjC_predicted,3.0,18,4,ATCCGGGCCTGCGTAAACTA,14,5190633
yqjE_yqjK_yqjD_yqjC_predicted,1.8,12,4,ATCCGGGAGATATGGGCGGA,8,5195426
yqjE_yqjK_yqjD_yqjC_predicted,0.8,7,4,ATCCCCGTACTCCTCATTAA,3,5229214
yqjE_yqjK_yqjD_yqjC_predicted,1.6,11,4,ATCAGCTATATCGCTTTCTG,7,5188724
yqjE_yqjK_yqjD_yqjC_predicted,2.2,14,4,ATCAGCATATGTGACAAGCA,10,5257341
yqjE_yqjK_yqjD_yqjC_predicted,4.0,23,4,ATCAAGGTCGAAGGAGTCAT,19,5260831
yqjE_yqjK_yqjD_yqjC_predicted,3.6,21,4,ATCAAATCCAAGCTACGATC,17,5181745
yqjE_yqjK_yqjD_yqjC_predicted,1.6,11,4,ATATTTGGAAAGTGAAAACT,7,5194004
yqjE_yqjK_yqjD_yqjC_predicted,3.0,18,4,ATATTAAGCGGCACTACCAC,14,5180726
yqjE_yqjK_yqjD_yqjC_predicted,1.2,9,4,ATATGTATTTGAGAGGGGGG,5,5230779
yqjE_yqjK_yqjD_yqjC_predicted,6.4,35,4,ATATCATCCCCAGGCCGTTA,31,5216787
yqjE_yqjK_yqjD_yqjC_predicted,1.8,12,4,ATAGTAGAAGTAGGCGGCGG,8,5183524
yqjE_yqjK_yqjD_yqjC_predicted,4.6,26,4,ATAGCGACCGGTCTCGAATT,22,5210558
yqjE_yqjK_yqjD_yqjC_predicted,4.4,25,4,ATACTGGATTCGCGTTAAGA,21,5216222
yqjE_yqjK_yqjD_yqjC_predicted,1.0,8,4,ATACTAGCTTAGCCGTTAAT,4,5177226
yqjE_yqjK_yqjD_yqjC_predicted,4.6,26,4,ATACGTCCATATTTTGACAC,22,5183619
yqjE_yqjK_yqjD_yqjC_predicted,2.0,13,4,ATACATAACCGCGCGGTGTC,9,5242141
yqjE_yqjK_yqjD_yqjC_predicted,7.8,42,4,ATACAGTCCGAGCTGTTCCG,38,5255501
yqjE_yqjK_yqjD_yqjC_predicted,3.6,21,4,AGTTTCGCCAAATGGCAAAC,17,5194860
yqjE_yqjK_yqjD_yqjC_predicted,0.4,5,4,AGTTTATTACATATATTGTC,1,5204696
yqjE_yqjK_yqjD_yqjC_predicted,3.0,18,4,AGTTGACCCCCTTCGTAGTC,14,5240736
yqjE_yqjK_yqjD_yqjC_predicted,0.4,5,4,AGTGTTTTGTGGCGTCGGCA,1,5187535
yqjE_yqjK_yqjD_yqjC_predicted,0.4,5,4,AGTGTTGGCACCGCTTGGGG,1,5177941
yqjE_yqjK_yqjD_yqjC_predicted,5.0,28,4,AGTGCGTATACAAATCAGCA,24,5253806
yqjE_yqjK_yqjD_yqjC_predicted,0.4,5,4,AGTGAGGAGCGTTGGGAGTA,1,5212465
yqjE_yqjK_yqjD_yqjC_predicted,2.2,14,4,AGTCGTTGGTTTGAGATCCT,10,5221150
yqjE_yqjK_yqjD_yqjC_predicted,0.4,5,4,AGTATCGAGGAAAATTCGTA,1,5172847
yqjE_yqjK_yqjD_yqjC_predicted,1.6,11,4,AGTAGATGTTCAGAGTTACG,7,5193804
yqjE_yqjK_yqjD_yqjC_predicted,1.8,12,4,AGTACATACATGATCTGAAG,8,5193206
yqjE_yqjK_yqjD_yqjC_predicted,0.6,6,4,AGGTGGGCCGTGCGCTCATC,2,5171449
yqjE_yqjK_yqjD_yqjC_predicted,0.4,5,4,AGGTAGGTCAGAGGCTTGTA,1,5203689
yqjE_yqjK_yqjD_yqjC_predicted,4.0,23,4,AGGGTAGCCGTCGTTGGCTA,19,5183140
yqjE_yqjK_yqjD_yqjC_predicted,1.4,10,4,AGGGCTCACACGGACCCGTT,6,5251743
yqjE_yqjK_yqjD_yqjC_predicted,0.4,5,4,AGGGCGCTAGATTCGGTTAA,1,5248236
yqjE_yqjK_yqjD_yqjC_predicted,5.8,32,4,AGGGCATTAGGGCAGGGCTT,28,5249052
yqjE_yqjK_yqjD_yqjC_predicted,2.2,14,4,AGGGCAACGGTCGGACATAT,10,5258853
yqjE_yqjK_yqjD_yqjC_predicted,0.6,6,4,AGGCGCACGGTAATCGAGAC,2,5250216
yqjE_yqjK_yqjD_yqjC_predicted,3.8,22,4,AGGCATTCGGCCTTGAATTG,18,5258347
yqjE_yqjK_yqjD_yqjC_predicted,1.4,10,4,AGGATCCCGTGTGGAGTCGG,6,5260717
yqjE_yqjK_yqjD_yqjC_predicted,0.6,6,4,AGGACGGAGCGTAATCACGC,2,5208091
yqjE_yqjK_yqjD_yqjC_predicted,2.8,17,4,AGGACGCACGCGAAGAGGCC,13,5248499
yqjE_yqjK_yqjD_yqjC_predicted,4.6,26,4,AGGACCCCGACTTCTCTCTA,22,5255796
yqjE_yqjK_yqjD_yqjC_predicted,1.0,8,4,AGCTTCCTGGCTCGCGTTTT,4,5176010
yqjE_yqjK_yqjD_yqjC_predicted,2.6,16,4,AGCTGGTACGGGCATGTAAT,12,5182525
yqjE_yqjK_yqjD_yqjC_predicted,1.8,12,4,AGCTCAGACCCAGCTTACGC,8,5258399
yqjE_yqjK_yqjD_yqjC_predicted,1.6,11,4,AGCTAAGGCTTATAGCCTGG,7,5240885
yqjE_yqjK_yqjD_yqjC_predicted,2.0,13,4,AGCGTCGTATGCGCCCAAGA,9,5190410
yqjE_yqjK_yqjD_yqjC_predicted,1.4,10,4,AGCGGGTGTCATTGTTAATT,6,5254458
yqjE_yqjK_yqjD_yqjC_predicted,0.4,5,4,AGCGCTTGTCAGCTTACATT,1,5245427
yqjE_yqjK_yqjD_yqjC_predicted,3.2,19,4,AGCCTTCGACGCATCGGCTC,15,5222578
yqjE_yqjK_yqjD_yqjC_predicted,0.4,5,4,AGCCGCACTCTGCTGTGATA,1,5244686
yqjE_yqjK_yqjD_yqjC_predicted,2.4,15,4,AGCCAGATGAGCGAGTTGGG,11,5176634
yqjE_yqjK_yqjD_yqjC_predicted,0.4,5,4,AGCCAAAGCGGCCGAGCTCG,1,5245779
yqjE_yqjK_yqjD_yqjC_predicted,3.2,19,4,AGCAGGTTGGATATCCCCAC,15,5253705
yqjE_yqjK_yqjD_yqjC_predicted,0.4,5,4,AGCACTGCCACTTAGTGGCA,1,5198351
yqjE_yqjK_yqjD_yqjC_predicted,1.8,12,4,AGATGGAGACTGAGTGCAAG,8,5253495
yqjE_yqjK_yqjD_yqjC_predicted,3.8,22,4,AGATATCTACTGCAATGCTC,18,5200287
yqjE_yqjK_yqjD_yqjC_predicted,6.6,36,4,AGAGTGTCAAAGAAATATCA,32,5183961
yqjE_yqjK_yqjD_yqjC_predicted,0.6,6,4,AGAGTATCATTCGAGGGACA,2,5202186
yqjE_yqjK_yqjD_yqjC_predicted,1.4,10,4,AGAGGGGGCATAGCTCAAAT,6,5261638
yqjE_yqjK_yqjD_yqjC_predicted,2.4,15,4,AGAGGCGACTCTCCAGTTCC,11,5213250
yqjE_yqjK_yqjD_yqjC_predicted,0.4,5,4,AGACTTACGATCTTGCACTC,1,5237747
yqjE_yqjK_yqjD_yqjC_predicted,1.4,10,4,AGAAGCGTGGTACACAAGTA,6,5238941
yqjE_yqjK_yqjD_yqjC_predicted,2.8,17,4,AGAAAAGTGCCGGGCGCGTA,13,5222621
yqjE_yqjK_yqjD_yqjC_predicted,0.8,7,4,ACTTTCCTTAAACACTATCA,3,5217989
yqjE_yqjK_yqjD_yqjC_predicted,9.2,49,4,ACTTTACCGGTCTACTCCTC,45,5262149
yqjE_yqjK_yqjD_yqjC_predicted,0.4,5,4,ACTTCTATCCTCGGATGGAA,1,5252443
yqjE_yqjK_yqjD_yqjC_predicted,6.2,34,4,ACTTCGCCATCGGCTATACT,30,5228109
yqjE_yqjK_yqjD_yqjC_predicted,0.6,6,4,ACTTCCAACGCAAGGAGCAG,2,5199672
yqjE_yqjK_yqjD_yqjC_predicted,0.4,5,4,ACTGGCTGATCCACGCACTG,1,5242583
yqjE_yqjK_yqjD_yqjC_predicted,0.6,6,4,ACTGCAGATGGGTCCGCCTC,2,5173093
yqjE_yqjK_yqjD_yqjC_predicted,0.4,5,4,ACTCTGAGACGTCCGACATG,1,5244789
yqjE_yqjK_yqjD_yqjC_predicted,3.2,19,4,ACTCAGGTTGGATACGACCA,15,5225374
yqjE_yqjK_yqjD_yqjC_predicted,0.8,7,4,ACTATAATGACATGCGAGAC,3,5241770
yqjE_yqjK_yqjD_yqjC_predicted,1.2,9,4,ACTACCGCTCGGAAGGTATA,5,5196589
yqjE_yqjK_yqjD_yqjC_predicted,1.6,11,4,ACTAAGAAGTAATGTATCAC,7,5230061
yqjE_yqjK_yqjD_yqjC_predicted,0.8,7,4,ACGTTGCTGACTCTATCTCG,3,5196669
yqjE_yqjK_yqjD_yqjC_predicted,3.8,22,4,ACGTGTAACGTAGCATCGTA,18,5210925
yqjE_yqjK_yqjD_yqjC_predicted,8.0,43,4,ACGTGCGTGATACCGGAAGT,39,5238148
yqjE_yqjK_yqjD_yqjC_predicted,1.6,11,4,ACGTAGAGCGGGGTGGTGCA,7,5186656
yqjE_yqjK_yqjD_yqjC_predicted,0.8,7,4,ACGGTTTACGCGTTTTTATA,3,5230593
yqjE_yqjK_yqjD_yqjC_predicted,1.6,11,4,ACGCGCCGGTGAATAGGTGC,7,5191932
yqjE_yqjK_yqjD_yqjC_predicted,2.8,17,4,ACGAAGTTCGATACGGGTAA,13,5224986
yqjE_yqjK_yqjD_yqjC_predicted,2.2,14,4,ACCTGCCATGTTACATTATC,10,5196293
yqjE_yqjK_yqjD_yqjC_predicted,0.4,5,4,ACCGTGCTGACGTTGAAAGC,1,5232115
yqjE_yqjK_yqjD_yqjC_predicted,1.0,8,4,ACCGGGCGTCGATGCCCCTA,4,5226965
yqjE_yqjK_yqjD_yqjC_predicted,0.6,6,4,ACCGGCTCTCCGCGCGTAGG,2,5218455
yqjE_yqjK_yqjD_yqjC_predicted,1.4,10,4,ACCGGAAATGCATAGCGGGG,6,5217046
yqjE_yqjK_yqjD_yqjC_predicted,0.6,6,4,ACCGCATCAGCCTTTAGTTC,2,5199870
yqjE_yqjK_yqjD_yqjC_predicted,2.0,13,4,ACCCTATGTGCCACTTAAAA,9,5219148
yqjE_yqjK_yqjD_yqjC_predicted,1.6,11,4,ACCATCCGGGTCAAAGGTCT,7,5208771
yqjE_yqjK_yqjD_yqjC_predicted,0.8,7,4,ACATTTTGAGTCGAATCGAC,3,5240298
yqjE_yqjK_yqjD_yqjC_predicted,0.4,5,4,ACATTCCAACGGTCGTAAAT,1,5201179
yqjE_yqjK_yqjD_yqjC_predicted,1.0,8,4,ACATGGATGAGACAAGCGGA,4,5192575
yqjE_yqjK_yqjD_yqjC_predicted,1.2,9,4,ACATCTCTCCATCCTATACT,5,5200953
yqjE_yqjK_yqjD_yqjC_predicted,2.4,15,4,ACATCTATGTTTCGGATAAC,11,5245892
yqjE_yqjK_yqjD_yqjC_predicted,0.4,5,4,ACAGACCAACCTGTCTAAAT,1,5223402
yqjE_yqjK_yqjD_yqjC_predicted,1.4,10,4,ACACGCTTCAGATACCGAGT,6,5186527
yqjE_yqjK_yqjD_yqjC_predicted,2.0,13,4,ACACAGACACTACAGCACGT,9,5203390
yqjE_yqjK_yqjD_yqjC_predicted,0.4,5,4,ACAATATCCGGGCATTAGCC,1,5201453
yqjE_yqjK_yqjD_yqjC_predicted,1.8,12,4,ACAACTGCTATGGGCTAGTG,8,5221254
yqjE_yqjK_yqjD_yqjC_predicted,1.8,12,4,AATTTCACAACGTGCGATGT,8,5191393
yqjE_yqjK_yqjD_yqjC_predicted,3.8,22,4,AATTCATGTTTTCTGCTCGT,18,5257023
yqjE_yqjK_yqjD_yqjC_predicted,0.4,5,4,AATTCACAAGGCTTCCAAGC,1,5224836
yqjE_yqjK_yqjD_yqjC_predicted,0.4,5,4,AATGGGAGAGCAAGCAAAGA,1,5201207
yqjE_yqjK_yqjD_yqjC_predicted,3.2,19,4,AATGCTAAAGTGTCTAAAGG,15,5208108
yqjE_yqjK_yqjD_yqjC_predicted,1.4,10,4,AATCCGTGTCTAAACCGTGA,6,5246358
yqjE_yqjK_yqjD_yqjC_predicted,0.4,5,4,AATATCCGTGAATATATAAG,1,5207738
yqjE_yqjK_yqjD_yqjC_predicted,5.6,31,4,AATATATCTCCCCACCCGAA,27,5232323
yqjE_yqjK_yqjD_yqjC_predicted,10.6,56,4,AATAGTGGGGGGTTAACAGT,52,5198566
yqjE_yqjK_yqjD_yqjC_predicted,2.8,17,4,AATACTGACAGGCGTACCTT,13,5189613
yqjE_yqjK_yqjD_yqjC_predicted,0.4,5,4,AATACGTCCTTTAGCGTCTG,1,5240563
yqjE_yqjK_yqjD_yqjC_predicted,5.0,28,4,AATAAATCCGCGATGCCCGT,24,5213742
yqjE_yqjK_yqjD_yqjC_predicted,0.4,5,4,AAGTAACACTGCAATAGCCA,1,5198888
yqjE_yqjK_yqjD_yqjC_predicted,1.4,10,4,AAGGCACTGTCAGAAGTAAT,6,5179576
yqjE_yqjK_yqjD_yqjC_predicted,2.0,13,4,AAGCTGAGAGTGAGTGCTAC,9,5246050
yqjE_yqjK_yqjD_yqjC_predicted,0.4,5,4,AAGCTGAAATCTCAAACCCT,1,5213251
yqjE_yqjK_yqjD_yqjC_predicted,3.4,20,4,AAGCGTGGTCGGGATTCTGA,16,5223021
yqjE_yqjK_yqjD_yqjC_predicted,0.4,5,4,AAGCGAATCAACACTTCCGG,1,5174856
yqjE_yqjK_yqjD_yqjC_predicted,1.6,11,4,AAGCACGCCAACGAACTTGG,7,5229402
yqjE_yqjK_yqjD_yqjC_predicted,1.0,8,4,AAGAGCTTCTAAGGAGGAGC,4,5210539
yqjE_yqjK_yqjD_yqjC_predicted,3.2,19,4,AAGAAGGCTATGTATCGGGA,15,5256355
yqjE_yqjK_yqjD_yqjC_predicted,8.0,43,4,AACTCCCGTAACATCGTCAC,39,5194961
yqjE_yqjK_yqjD_yqjC_predicted,3.8,22,4,AACTACCAACTGACCGGCCC,18,5202928
yqjE_yqjK_yqjD_yqjC_predicted,1.0,8,4,AACGTTTGGTATCGAGGGCA,4,5198942
yqjE_yqjK_yqjD_yqjC_predicted,1.6,11,4,AACGTCTGCAGTACCATGGT,7,5251554
yqjE_yqjK_yqjD_yqjC_predicted,0.4,5,4,AACGCGCGGTCCCTAACATT,1,5205667
yqjE_yqjK_yqjD_yqjC_predicted,0.4,5,4,AACGCAATGCACTTCGTTAA,1,5217066
yqjE_yqjK_yqjD_yqjC_predicted,5.4,30,4,AACCGGGAAACGACATACGG,26,5207887
yqjE_yqjK_yqjD_yqjC_predicted,0.8,7,4,AACATGGCAAGAACAGGTTC,3,5234682
yqjE_yqjK_yqjD_yqjC_predicted,1.8,12,4,AACAATCGGCGCTCGCCCTG,8,5188893
yqjE_yqjK_yqjD_yqjC_predicted,4.2,24,4,AAATTTTAAGGCCTGCCGAA,20,5260318
yqjE_yqjK_yqjD_yqjC_predicted,1.2,9,4,AAATGTAGCAGCACGCGGGA,5,5234860
yqjE_yqjK_yqjD_yqjC_predicted,0.8,7,4,AAATGGGCACTGCTCGACCT,3,5225317
yqjE_yqjK_yqjD_yqjC_predicted,3.2,19,4,AAATCCCAATACCATCGGTG,15,5191850
yqjE_yqjK_yqjD_yqjC_predicted,2.6,16,4,AAAGGGCTACGTGAATGGTT,12,5197303
yqjE_yqjK_yqjD_yqjC_predicted,2.4,15,4,AAACTAGACGCTCAGCTTAG,11,5189306
yqjE_yqjK_yqjD_yqjC_predicted,1.6,11,4,AAACGTCACTAGCTAGGAGG,7,5260095
yqjE_yqjK_yqjD_yqjC_predicted,1.6,11,4,AAACATTTAGTCAAGTCGAT,7,5235619
yqjE_yqjK_yqjD_yqjC_predicted,2.4,15,4,AAACAGCTTAGAGGGGGACA,11,5258860
yqjE_yqjK_yqjD_yqjC_predicted,1.0,8,4,AAACACAGTACCCGCCTCGT,4,5227185
yqjE_yqjK_yqjD_yqjC_predicted,2.2,14,4,AAAAGATTTGGCTGGCAGTG,10,5246254
yqjE_yqjK_yqjD_yqjC_predicted,0.4,5,4,AAAACGCAACACTCAAGCAT,1,5251541
yqjE_yqjK_yqjD_yqjC_predicted,3.0,18,4,AAAAAGGGATAGGGATAGCC,14,5180656
yqjE_yqjK_yqjD_yqjC_predicted,1.75,9,3,TTTTTGAGAGTAGCACAAGT,6,5261337
yqjE_yqjK_yqjD_yqjC_predicted,3.0,14,3,TTTGCGTAGCGACAGTCAGA,11,5183121
yqjE_yqjK_yqjD_yqjC_predicted,0.5,4,3,TTTGCCTCATTTGATGTATT,1,5232147
yqjE_yqjK_yqjD_yqjC_predicted,4.25,19,3,TTTCCGAATGAGGATTTACA,16,5184865
yqjE_yqjK_yqjD_yqjC_predicted,2.5,12,3,TTTATGGACAATGCGTATTA,9,5185820
yqjE_yqjK_yqjD_yqjC_predicted,2.75,13,3,TTTACATGAGCCAGGGGATA,10,5187330
yqjE_yqjK_yqjD_yqjC_predicted,0.5,4,3,TTTAACCACCATTAGGTCCT,1,5176060
yqjE_yqjK_yqjD_yqjC_predicted,2.25,11,3,TTGTTTGAGATAAGCTAATA,8,5243843
yqjE_yqjK_yqjD_yqjC_predicted,1.75,9,3,TTGTGCTATCCCACCCTCGG,6,5183213
yqjE_yqjK_yqjD_yqjC_predicted,6.0,26,3,TTGTAGACTACCTATCCGCT,23,5242341
yqjE_yqjK_yqjD_yqjC_predicted,7.5,32,3,TTGGTCATCCGCCCAGTATT,29,5179352
yqjE_yqjK_yqjD_yqjC_predicted,4.75,21,3,TTGGGTCGGCGGTGTGGAAA,18,5232990
yqjE_yqjK_yqjD_yqjC_predicted,2.25,11,3,TTGGGCGACTGCCCCCCGTC,8,5249313
yqjE_yqjK_yqjD_yqjC_predicted,0.5,4,3,TTGGCATCGACGGTTCGACT,1,5257154
yqjE_yqjK_yqjD_yqjC_predicted,8.75,37,3,TTGGCACAAGGTCGCTGTAT,34,5191665
yqjE_yqjK_yqjD_yqjC_predicted,4.25,19,3,TTGGATCCTGGATGGACCTC,16,5246301
yqjE_yqjK_yqjD_yqjC_predicted,1.0,6,3,TTGCGCGGGATTGTGATGGA,3,5234804
yqjE_yqjK_yqjD_yqjC_predicted,1.25,7,3,TTGAAGACCTTGTTATTGCT,4,5185904
yqjE_yqjK_yqjD_yqjC_predicted,4.0,18,3,TTCTGGGCTCCTGATACCGG,15,5181650
yqjE_yqjK_yqjD_yqjC_predicted,0.75,5,3,TTCTGGGCATTTAGTGTAGT,2,5199814
yqjE_yqjK_yqjD_yqjC_predicted,0.5,4,3,TTCTGAAATGCTCAGCCAAG,1,5253476
yqjE_yqjK_yqjD_yqjC_predicted,4.25,19,3,TTCGTCGCCACTGCTATCGG,16,5193950
yqjE_yqjK_yqjD_yqjC_predicted,6.0,26,3,TTCGTCATGACGGTGTCCAG,23,5248509
yqjE_yqjK_yqjD_yqjC_predicted,6.25,27,3,TTCGCTTAGTATATCTGGCA,24,5195433
yqjE_yqjK_yqjD_yqjC_predicted,1.75,9,3,TTCCGTCGCCGGGAATGGTT,6,5222766
yqjE_yqjK_yqjD_yqjC_predicted,0.5,4,3,TTCCATCTCGCAAGAAGGCC,1,5259908
yqjE_yqjK_yqjD_yqjC_predicted,0.75,5,3,TTCATGAGAGTATATTCTTC,2,5234843
yqjE_yqjK_yqjD_yqjC_predicted,0.5,4,3,TTCAAGATAGGCAACAGGAC,1,5261707
yqjE_yqjK_yqjD_yqjC_predicted,2.0,10,3,TTATTTCTAGCTGTTGTTTC,7,5254195
yqjE_yqjK_yqjD_yqjC_predicted,0.5,4,3,TTATCTCCTCGATGAACATT,1,5212545
yqjE_yqjK_yqjD_yqjC_predicted,2.75,13,3,TTAGTGCCCCCTCTACGTTA,10,5185475
yqjE_yqjK_yqjD_yqjC_predicted,1.0,6,3,TTAGTCCTGCATATCAATAG,3,5212213
yqjE_yqjK_yqjD_yqjC_predicted,3.25,15,3,TTAGGGGGAGGTAGGCCGAC,12,5182767
yqjE_yqjK_yqjD_yqjC_predicted,3.0,14,3,TTACTCACGGCAAAGCCAAA,11,5175865
yqjE_yqjK_yqjD_yqjC_predicted,3.25,15,3,TTACGCTATACACGCTCGAG,12,5182752
yqjE_yqjK_yqjD_yqjC_predicted,0.5,4,3,TTACAGGTAGGCGGGTTGAC,1,5200691
yqjE_yqjK_yqjD_yqjC_predicted,2.0,10,3,TTAATACGCACCCAATAGTG,7,5234575
yqjE_yqjK_yqjD_yqjC_predicted,8.5,36,3,TTAACAGTAGGTTCGCGACC,33,5189517
yqjE_yqjK_yqjD_yqjC_predicted,0.5,4,3,TTAACAGACGCCCAAGCGCA,1,5237478
yqjE_yqjK_yqjD_yqjC_predicted,6.75,29,3,TTAAATTATGGGCCGCGGAT,26,5255509
yqjE_yqjK_yqjD_yqjC_predicted,1.0,6,3,TTAAATTAAACTGGTCCTCA,3,5245152
yqjE_yqjK_yqjD_yqjC_predicted,1.75,9,3,TGTTTCGTATGGGGCGAAGG,6,5215638
yqjE_yqjK_yqjD_yqjC_predicted,2.0,10,3,TGTTTCGCGCATCTTTGTAA,7,5216181
yqjE_yqjK_yqjD_yqjC_predicted,8.0,34,3,TGTTCGATATTAAATTTTTA,31,5226824
yqjE_yqjK_yqjD_yqjC_predicted,6.25,27,3,TGTGTTGGTCTGAGGCCTGG,24,5194291
yqjE_yqjK_yqjD_yqjC_predicted,2.0,10,3,TGTGGTCCCGGTCGAGGTCT,7,5233756
yqjE_yqjK_yqjD_yqjC_predicted,2.75,13,3,TGTGCGTTTTTTTAACCCAC,10,5262226
yqjE_yqjK_yqjD_yqjC_predicted,1.25,7,3,TGTGATTTGTGGGGCAAGAG,4,5187270
yqjE_yqjK_yqjD_yqjC_predicted,3.25,15,3,TGTGACTGTAGCTTAATGGG,12,5173034
yqjE_yqjK_yqjD_yqjC_predicted,1.0,6,3,TGTCGAGTTTACCCAGGAAT,3,5203871
yqjE_yqjK_yqjD_yqjC_predicted,1.0,6,3,TGTATCATGTCCACGGTTGT,3,5230440
yqjE_yqjK_yqjD_yqjC_predicted,1.5,8,3,TGTAGGGAGCCGCTAGTTCA,5,5198778
yqjE_yqjK_yqjD_yqjC_predicted,0.5,4,3,TGTACCTTGAAAGATCTCTC,1,5208088
yqjE_yqjK_yqjD_yqjC_predicted,3.25,15,3,TGGTGCAGGGAGCCCTTACC,12,5173144
yqjE_yqjK_yqjD_yqjC_predicted,1.75,9,3,TGGTATGGCTTGCCGAGTGG,6,5231959
yqjE_yqjK_yqjD_yqjC_predicted,1.5,8,3,TGGTAGTTTGCATACGCATC,5,5175718
yqjE_yqjK_yqjD_yqjC_predicted,6.75,29,3,TGGGGGGGTTAAGCACATTC,26,5191531
yqjE_yqjK_yqjD_yqjC_predicted,6.5,28,3,TGGGCGAAGGGCATTGAAAA,25,5190120
yqjE_yqjK_yqjD_yqjC_predicted,0.75,5,3,TGGGCACCCTACGAAAAGGT,2,5177382
yqjE_yqjK_yqjD_yqjC_predicted,0.5,4,3,TGGCTTCGCCAGTCGGCCCG,1,5205705
yqjE_yqjK_yqjD_yqjC_predicted,1.0,6,3,TGGCGACAGGCCAGGTGATA,3,5184268
yqjE_yqjK_yqjD_yqjC_predicted,3.75,17,3,TGGCGAATCTTCGATGCAAC,14,5178093
yqjE_yqjK_yqjD_yqjC_predicted,0.5,4,3,TGGCCCCGCAACACATTGCG,1,5201834
yqjE_yqjK_yqjD_yqjC_predicted,2.75,13,3,TGGCAGAGTCGGTTCTATAG,10,5196622
yqjE_yqjK_yqjD_yqjC_predicted,0.75,5,3,TGGATTCGCCAGCGAAAGGG,2,5210669
yqjE_yqjK_yqjD_yqjC_predicted,0.5,4,3,TGGATTACGTGACATAGATT,1,5204461
yqjE_yqjK_yqjD_yqjC_predicted,7.0,30,3,TGGAAGGGCATAATAGTGGG,27,5182933
yqjE_yqjK_yqjD_yqjC_predicted,2.25,11,3,TGCGTTCAATGATTCGCATA,8,5247857
yqjE_yqjK_yqjD_yqjC_predicted,0.75,5,3,TGCGGCTAGGATTGCGAGGT,2,5207210
yqjE_yqjK_yqjD_yqjC_predicted,2.75,13,3,TGCGCCGAACCTGTATACGT,10,5213082
yqjE_yqjK_yqjD_yqjC_predicted,6.5,28,3,TGCGAACGTTGCCACGGGAA,25,5194003
yqjE_yqjK_yqjD_yqjC_predicted,7.25,31,3,TGCCTCTGGGTTGAAGAAAA,28,5243584
yqjE_yqjK_yqjD_yqjC_predicted,0.75,5,3,TGCCTACGATCCTTAGGTTA,2,5254313
yqjE_yqjK_yqjD_yqjC_predicted,2.0,10,3,TGCCGCTCTTGGCGCTATCT,7,5222459
yqjE_yqjK_yqjD_yqjC_predicted,1.0,6,3,TGCCCATGTACCGGCCGTCA,3,5230959
yqjE_yqjK_yqjD_yqjC_predicted,1.5,8,3,TGCCATTCAGATTCTAGACC,5,5214170
yqjE_yqjK_yqjD_yqjC_predicted,0.5,4,3,TGCCAAGCAGGAAATACCTC,1,5206799
yqjE_yqjK_yqjD_yqjC_predicted,1.5,8,3,TGCATGGGTCCTCCCACCCT,5,5215874
yqjE_yqjK_yqjD_yqjC_predicted,1.75,9,3,TGCATCTGTTCGACTTCAAT,6,5215404
yqjE_yqjK_yqjD_yqjC_predicted,2.0,10,3,TGCAATTACCGTCCGATCGG,7,5252466
yqjE_yqjK_yqjD_yqjC_predicted,3.5,16,3,TGATGCTGATACATCGACAG,13,5226195
yqjE_yqjK_yqjD_yqjC_predicted,2.25,11,3,TGATCCGTTCAGTCGGAAGT,8,5238310
yqjE_yqjK_yqjD_yqjC_predicted,0.75,5,3,TGATACTAACCAGGCACGTC,2,5262758
yqjE_yqjK_yqjD_yqjC_predicted,4.25,19,3,TGAGCATACAGGTTGCGCAT,16,5240775
yqjE_yqjK_yqjD_yqjC_predicted,1.5,8,3,TGACCTCTCTGTCGTCATCA,5,5232454
yqjE_yqjK_yqjD_yqjC_predicted,1.5,8,3,TGACAAGTACATCGCGTGGG,5,5258302
yqjE_yqjK_yqjD_yqjC_predicted,3.75,17,3,TGAATGGGAGCACCCGTGCT,14,5247522
yqjE_yqjK_yqjD_yqjC_predicted,4.25,19,3,TGAAGCATCGAGTCATGCGT,16,5236887
yqjE_yqjK_yqjD_yqjC_predicted,2.75,13,3,TGAAAATGGAGATACCATCG,10,5212886
yqjE_yqjK_yqjD_yqjC_predicted,0.5,4,3,TGAAAAAGGTGACTGAAGCT,1,5180911
yqjE_yqjK_yqjD_yqjC_predicted,11.5,48,3,TCTTTCAAGACGGACCTGGT,45,5184087
yqjE_yqjK_yqjD_yqjC_predicted,1.5,8,3,TCTTTAGACCCCACCATTAT,5,5192845
yqjE_yqjK_yqjD_yqjC_predicted,4.0,18,3,TCTTGGACCATCCACACTGT,15,5187728
yqjE_yqjK_yqjD_yqjC_predicted,5.5,24,3,TCTTCGACCCAGTGTCACAT,21,5219807
yqjE_yqjK_yqjD_yqjC_predicted,4.25,19,3,TCTTCCCATGCGGCCACTTC,16,5230830
yqjE_yqjK_yqjD_yqjC_predicted,2.5,12,3,TCTGTGGTTCTCAATAATCG,9,5194154
yqjE_yqjK_yqjD_yqjC_predicted,4.25,19,3,TCTGGGGACGTTCGCTACAA,16,5223528
yqjE_yqjK_yqjD_yqjC_predicted,0.5,4,3,TCTGGCGTCTTGCAGTATGT,1,5223408
yqjE_yqjK_yqjD_yqjC_predicted,3.0,14,3,TCTCGGAGAGCTGTCTCTGA,11,5188285
yqjE_yqjK_yqjD_yqjC_predicted,1.25,7,3,TCTCCGCTCTCCCTGATCCT,4,5205113
yqjE_yqjK_yqjD_yqjC_predicted,4.0,18,3,TCTCCCTGTATTAACATATG,15,5202738
yqjE_yqjK_yqjD_yqjC_predicted,4.5,20,3,TCTCAAAAAGAAGAGGGCCG,17,5247171
yqjE_yqjK_yqjD_yqjC_predicted,1.25,7,3,TCTATGATGTTAATCATACC,4,5189098
yqjE_yqjK_yqjD_yqjC_predicted,1.5,8,3,TCTACGCATAATAAGCTCGA,5,5223838
yqjE_yqjK_yqjD_yqjC_predicted,3.25,15,3,TCGTGCCCTGGGTCATAAGT,12,5242724
yqjE_yqjK_yqjD_yqjC_predicted,9.75,41,3,TCGTCGGATTTATGAGGAGT,38,5234916
yqjE_yqjK_yqjD_yqjC_predicted,4.25,19,3,TCGTAGCGTGTTGCCACTGT,16,5190107
yqjE_yqjK_yqjD_yqjC_predicted,1.0,6,3,TCGTAATCCAGGCCGTGTGA,3,5174011
yqjE_yqjK_yqjD_yqjC_predicted,1.75,9,3,TCGGTAGCGCTAGTAGCATG,6,5197210
yqjE_yqjK_yqjD_yqjC_predicted,2.5,12,3,TCGGGTCGTCCTCAGGGACT,9,5262656
yqjE_yqjK_yqjD_yqjC_predicted,2.75,13,3,TCGGCGTTTGAAAATCTTCT,10,5254608
yqjE_yqjK_yqjD_yqjC_predicted,5.5,24,3,TCGGCAAGTAAACCATGTGT,21,5172292
yqjE_yqjK_yqjD_yqjC_predicted,9.5,40,3,TCGGATTCGCTACGCCGTAA,37,5185779
yqjE_yqjK_yqjD_yqjC_predicted,9.5,40,3,TCGGACCATAAACCCTCGAA,37,5230596
yqjE_yqjK_yqjD_yqjC_predicted,12.0,50,3,TCGCTTATACCTCCTTAATG,47,5208805
yqjE_yqjK_yqjD_yqjC_predicted,1.5,8,3,TCGCGGTATACGACCCTCAC,5,5173798
yqjE_yqjK_yqjD_yqjC_predicted,1.0,6,3,TCGATGTCTGATCATCCGCT,3,5245566
yqjE_yqjK_yqjD_yqjC_predicted,3.0,14,3,TCGACGTCTTTCATCTGTTA,11,5245148
yqjE_yqjK_yqjD_yqjC_predicted,0.5,4,3,TCGAAGTCGTCCACCAGCAG,1,5218569
yqjE_yqjK_yqjD_yqjC_predicted,0.5,4,3,TCGAAGGTCAACAACTATGA,1,5173517
yqjE_yqjK_yqjD_yqjC_predicted,0.75,5,3,TCGAACCGACCGCACGTGGT,2,5255738
yqjE_yqjK_yqjD_yqjC_predicted,0.5,4,3,TCCTTATAAATGCGCTCGGA,1,5177344
yqjE_yqjK_yqjD_yqjC_predicted,0.75,5,3,TCCTAGAGCCGACAATGGCA,2,5235902
yqjE_yqjK_yqjD_yqjC_predicted,2.25,11,3,TCCTACCAACCAAATCAGGT,8,5243362
yqjE_yqjK_yqjD_yqjC_predicted,6.25,27,3,TCCGGGTTTCAACTTGACGA,24,5212347
yqjE_yqjK_yqjD_yqjC_predicted,2.5,12,3,TCCGCTATGGTTTTGGCATT,9,5231073
yqjE_yqjK_yqjD_yqjC_predicted,1.75,9,3,TCCCTCTGTGGTTGCTGTCC,6,5173534
yqjE_yqjK_yqjD_yqjC_predicted,9.75,41,3,TCCCTAGTTCGATCACTCCG,38,5202805
yqjE_yqjK_yqjD_yqjC_predicted,2.25,11,3,TCCCGGACGCCCGTCCGGTC,8,5171813
yqjE_yqjK_yqjD_yqjC_predicted,3.25,15,3,TCCCGACGTGCAACATACCT,12,5214856
yqjE_yqjK_yqjD_yqjC_predicted,2.0,10,3,TCATCTTCCCAACACCGGTC,7,5177164
yqjE_yqjK_yqjD_yqjC_predicted,1.0,6,3,TCATCACAGACTACTAAACA,3,5201842
yqjE_yqjK_yqjD_yqjC_predicted,1.25,7,3,TCATAATGCGGGTCCTCGTA,4,5199301
yqjE_yqjK_yqjD_yqjC_predicted,10.5,44,3,TCAGCTGTGAGTTGATAATT,41,5177391
yqjE_yqjK_yqjD_yqjC_predicted,8.0,34,3,TCAGCCGCACTACCTCACGA,31,5244826
yqjE_yqjK_yqjD_yqjC_predicted,3.75,17,3,TCACTCTATTCCCTCGACGC,14,5212476
yqjE_yqjK_yqjD_yqjC_predicted,2.0,10,3,TCACGAACTTCCAACATTTA,7,5191133
yqjE_yqjK_yqjD_yqjC_predicted,3.25,15,3,TCACCCCCACTCTTTTTGGA,12,5210289
yqjE_yqjK_yqjD_yqjC_predicted,2.25,11,3,TCAAGGGTCCTATGCCGTCC,8,5224559
yqjE_yqjK_yqjD_yqjC_predicted,3.5,16,3,TCAAATCCCCTTATATCAAT,13,5191413
yqjE_yqjK_yqjD_yqjC_predicted,1.75,9,3,TATTGGATAAAGCGGAAATC,6,5233532
yqjE_yqjK_yqjD_yqjC_predicted,6.5,28,3,TATTCACTCTGTTCCCAGTC,25,5176812
yqjE_yqjK_yqjD_yqjC_predicted,0.5,4,3,TATGTTTCCGAGCATGAGGA,1,5196837
yqjE_yqjK_yqjD_yqjC_predicted,3.25,15,3,TATGTTTAGGAATCCGGGGT,12,5188348
yqjE_yqjK_yqjD_yqjC_predicted,0.5,4,3,TATGGCGTATCAGCCGAGGA,1,5237297
yqjE_yqjK_yqjD_yqjC_predicted,3.5,16,3,TATCGGTGGCGGGTCCTACT,13,5210174
yqjE_yqjK_yqjD_yqjC_predicted,1.25,7,3,TATCGGGTCATATTCCGGTC,4,5212528
yqjE_yqjK_yqjD_yqjC_predicted,3.0,14,3,TATCAATATGGCCGGGTAAC,11,5185916
yqjE_yqjK_yqjD_yqjC_predicted,0.75,5,3,TATAGGCTTCTTGGTCGTTT,2,5174820
yqjE_yqjK_yqjD_yqjC_predicted,0.75,5,3,TATACATCCCCGCTCTACCT,2,5261370
yqjE_yqjK_yqjD_yqjC_predicted,6.0,26,3,TAGGGCGATCGGCTAATATG,23,5217244
yqjE_yqjK_yqjD_yqjC_predicted,2.25,11,3,TAGGCCAGATTCCCGCTTAA,8,5187843
yqjE_yqjK_yqjD_yqjC_predicted,1.25,7,3,TAGCTCGCATCCGACACGAG,4,5257019
yqjE_yqjK_yqjD_yqjC_predicted,1.0,6,3,TAGCCAGAGGGAGTCGCACA,3,5209068
yqjE_yqjK_yqjD_yqjC_predicted,6.25,27,3,TAGCATGGGAGGCACTACTG,24,5180052
yqjE_yqjK_yqjD_yqjC_predicted,1.0,6,3,TAGATCGTAGGTATCCGGTG,3,5179154
yqjE_yqjK_yqjD_yqjC_predicted,7.5,32,3,TAGATAACACACTCCTCATA,29,5202911
yqjE_yqjK_yqjD_yqjC_predicted,2.0,10,3,TAGACCCCATCAAAGCCAAG,7,5232314
yqjE_yqjK_yqjD_yqjC_predicted,4.25,19,3,TAGAAGGAAGCGATTGCTAT,16,5182649
yqjE_yqjK_yqjD_yqjC_predicted,2.5,12,3,TACTTCGGTGCTTCCTTTGC,9,5253091
yqjE_yqjK_yqjD_yqjC_predicted,2.75,13,3,TACGTTTCTGTACTTCAAGA,10,5206588
yqjE_yqjK_yqjD_yqjC_predicted,7.25,31,3,TACGTTAAGATCATCGCCCC,28,5188697
yqjE_yqjK_yqjD_yqjC_predicted,0.75,5,3,TACGGTTACAAAAAAAGCCC,2,5250696
yqjE_yqjK_yqjD_yqjC_predicted,4.5,20,3,TACGGAAGTGACGTGTTCGG,17,5248291
yqjE_yqjK_yqjD_yqjC_predicted,2.5,12,3,TACGCTGCAGTCTGCCAGCT,9,5186692
yqjE_yqjK_yqjD_yqjC_predicted,0.5,4,3,TACGACTACCCTGGCAGAGA,1,5175491
yqjE_yqjK_yqjD_yqjC_predicted,10.5,44,3,TACCAGCGGGTCGGCACCTG,41,5255527
yqjE_yqjK_yqjD_yqjC_predicted,0.5,4,3,TACATGTAAATCCTGCCCGT,1,5243810
yqjE_yqjK_yqjD_yqjC_predicted,6.0,26,3,TACATGAGGTTTAAAGATAT,23,5223052
yqjE_yqjK_yqjD_yqjC_predicted,4.75,21,3,TACAGCACTCTGTACTCTCC,18,5233195
yqjE_yqjK_yqjD_yqjC_predicted,2.75,13,3,TAATAGGATATCGGTGTGTT,10,5199449
yqjE_yqjK_yqjD_yqjC_predicted,3.5,16,3,TAATACGAAGCATGTATACC,13,5174815
yqjE_yqjK_yqjD_yqjC_predicted,7.0,30,3,TAATAAACCCTAGATTACGG,27,5260833
yqjE_yqjK_yqjD_yqjC_predicted,3.75,17,3,TAAGTTTCTGCTATATTTGG,14,5190869
yqjE_yqjK_yqjD_yqjC_predicted,5.0,22,3,TAAGCTAAATATTAGCGCTT,19,5199221
yqjE_yqjK_yqjD_yqjC_predicted,1.0,6,3,TAACTTCATCAGTAGTCCTT,3,5190051
yqjE_yqjK_yqjD_yqjC_predicted,5.25,23,3,TAACTCCGTTTCAAGAACGT,20,5180385
yqjE_yqjK_yqjD_yqjC_predicted,2.5,12,3,TAACTACGCCATCGGCCCCG,9,5204086
yqjE_yqjK_yqjD_yqjC_predicted,3.0,14,3,TAACGGCCCGTCAGTGCACG,11,5252372
yqjE_yqjK_yqjD_yqjC_predicted,4.75,21,3,TAACCAATCCGACCAGGTAA,18,5214883
yqjE_yqjK_yqjD_yqjC_predicted,5.25,23,3,TAACAGGAGCAATTTTAATC,20,5214316
yqjE_yqjK_yqjD_yqjC_predicted,1.5,8,3,TAAATGTTGGTTAATATGTG,5,5171916
yqjE_yqjK_yqjD_yqjC_predicted,3.0,14,3,TAAACTGCCGAGACGCGGAG,11,5248641
yqjE_yqjK_yqjD_yqjC_predicted,3.0,14,3,GTTTTTCTCCCATTTCACCT,11,5173643
yqjE_yqjK_yqjD_yqjC_predicted,0.5,4,3,GTTTTTATAGGTTTGCCCCG,1,5239355
yqjE_yqjK_yqjD_yqjC_predicted,0.5,4,3,GTTTTTACCGTAATAGAGCT,1,5261864
yqjE_yqjK_yqjD_yqjC_predicted,1.25,7,3,GTTTCAAAGGGAACGGACAG,4,5228903
yqjE_yqjK_yqjD_yqjC_predicted,1.5,8,3,GTTGCTCTCTGAGACACTTA,5,5214317
yqjE_yqjK_yqjD_yqjC_predicted,1.75,9,3,GTTCTATGTGGTCACCTCAT,6,5249264
yqjE_yqjK_yqjD_yqjC_predicted,0.5,4,3,GTTCGATTAGGATCTGAGGC,1,5187377
yqjE_yqjK_yqjD_yqjC_predicted,0.75,5,3,GTTCACAAACTCTGTCTTGC,2,5179170
yqjE_yqjK_yqjD_yqjC_predicted,1.25,7,3,GTTATGACGGTTCTGAGGGT,4,5176912
yqjE_yqjK_yqjD_yqjC_predicted,2.25,11,3,GTTAGTGGGGTAGTCCAAGA,8,5195893
yqjE_yqjK_yqjD_yqjC_predicted,5.0,22,3,GTTAGGCCGCAATTCCTGTC,19,5172256
yqjE_yqjK_yqjD_yqjC_predicted,1.5,8,3,GTGTGATCGAGAGGTGAGGT,5,5233318
yqjE_yqjK_yqjD_yqjC_predicted,4.0,18,3,GTGTCACCCTTTAGGATCGA,15,5206465
yqjE_yqjK_yqjD_yqjC_predicted,1.25,7,3,GTGGTCCGCATTCGGGACTT,4,5172109
yqjE_yqjK_yqjD_yqjC_predicted,1.0,6,3,GTGGACAAATTGACTTTGGC,3,5220335
yqjE_yqjK_yqjD_yqjC_predicted,1.0,6,3,GTGCACAAAGGTTCCTAAAG,3,5186625
yqjE_yqjK_yqjD_yqjC_predicted,0.75,5,3,GTGCAACCGACGCGGCCTGA,2,5207076
yqjE_yqjK_yqjD_yqjC_predicted,4.0,18,3,GTGATGACACGGGCGTTCCC,15,5212997
yqjE_yqjK_yqjD_yqjC_predicted,3.0,14,3,GTGACGGTCAAGGCGACGTG,11,5210682
yqjE_yqjK_yqjD_yqjC_predicted,8.25,35,3,GTGAACACATCGAGGCATAT,32,5203058
yqjE_yqjK_yqjD_yqjC_predicted,1.0,6,3,GTCTCTTTCATAACTCACCT,3,5179145
yqjE_yqjK_yqjD_yqjC_predicted,0.5,4,3,GTCGCAATCAAGTCGGAGCC,1,5186089
yqjE_yqjK_yqjD_yqjC_predicted,0.5,4,3,GTCGAGTTCGACTACTTAAC,1,5261126
yqjE_yqjK_yqjD_yqjC_predicted,0.5,4,3,GTCGAGTGTACTAACATCAT,1,5202419
yqjE_yqjK_yqjD_yqjC_predicted,2.75,13,3,GTCCTTTGGGGGGGAAGGCC,10,5173751
yqjE_yqjK_yqjD_yqjC_predicted,0.5,4,3,GTCCAGAGATAACTTTCGCA,1,5189547
yqjE_yqjK_yqjD_yqjC_predicted,1.5,8,3,GTCATTTCATTTCCCGGAAG,5,5233031
yqjE_yqjK_yqjD_yqjC_predicted,2.75,13,3,GTCAGTCATGTTGCGAGTTT,10,5214670
yqjE_yqjK_yqjD_yqjC_predicted,1.75,9,3,GTCAGGGCAGGGTATAATCG,6,5182389
yqjE_yqjK_yqjD_yqjC_predicted,1.75,9,3,GTCAGCACTCGACTTCGGCC,6,5199040
yqjE_yqjK_yqjD_yqjC_predicted,2.0,10,3,GTCACTGTGTTAACGGGTGC,7,5171580
yqjE_yqjK_yqjD_yqjC_predicted,3.0,14,3,GTCACACGGGGACTTCTGTT,11,5175596
yqjE_yqjK_yqjD_yqjC_predicted,2.75,13,3,GTCAATAGACGAGACACCAT,10,5184899
yqjE_yqjK_yqjD_yqjC_predicted,1.75,9,3,GTATATGCAACTTACATGAT,6,5239869
yqjE_yqjK_yqjD_yqjC_predicted,3.5,16,3,GTAGTTCGGCAGCAAAAGCC,13,5251211
yqjE_yqjK_yqjD_yqjC_predicted,1.5,8,3,GTAGCGCATAAATCAGCCCA,5,5178770
yqjE_yqjK_yqjD_yqjC_predicted,2.0,10,3,GTAAAGCCTAAACATACCAG,7,5254901
yqjE_yqjK_yqjD_yqjC_predicted,4.25,19,3,GGTTCTGCAATGGAAGATTA,16,5230432
yqjE_yqjK_yqjD_yqjC_predicted,0.5,4,3,GGTGTCCCCCTTAACGGACT,1,5224356
yqjE_yqjK_yqjD_yqjC_predicted,1.5,8,3,GGTGTAGTTACTGGTATTCC,5,5255239
yqjE_yqjK_yqjD_yqjC_predicted,1.75,9,3,GGTGCACCAGTCGCTTTTAG,6,5208135
yqjE_yqjK_yqjD_yqjC_predicted,1.0,6,3,GGTGAGGAAGCAATTTTTAA,3,5230434
yqjE_yqjK_yqjD_yqjC_predicted,1.5,8,3,GGTGAGCCTATGGACGGAAT,5,5182388
yqjE_yqjK_yqjD_yqjC_predicted,3.75,17,3,GGTCTATGAGTCAATTGAGG,14,5193415
yqjE_yqjK_yqjD_yqjC_predicted,1.25,7,3,GGTCGTTGATCACCCCCATC,4,5208688
yqjE_yqjK_yqjD_yqjC_predicted,1.0,6,3,GGTCGCTGATAAGCCCATGA,3,5245092
yqjE_yqjK_yqjD_yqjC_predicted,3.0,14,3,GGTCAACTTTCGCATAGGTC,11,5258129
yqjE_yqjK_yqjD_yqjC_predicted,1.0,6,3,GGTATCAAATTCGTCCGGAG,3,5231770
yqjE_yqjK_yqjD_yqjC_predicted,2.0,10,3,GGTAGATGGAGGACGCGGTA,7,5240145
yqjE_yqjK_yqjD_yqjC_predicted,0.75,5,3,GGTACGACTGCTCGTCGGTA,2,5255233
yqjE_yqjK_yqjD_yqjC_predicted,2.5,12,3,GGTACAAAGGTCACCACTCG,9,5243873
yqjE_yqjK_yqjD_yqjC_predicted,0.5,4,3,GGTAAGTCATCGGCGGAAAA,1,5259910
yqjE_yqjK_yqjD_yqjC_predicted,0.5,4,3,GGGTGGGCGCCGGTGTTCAG,1,5212048
yqjE_yqjK_yqjD_yqjC_predicted,5.0,22,3,GGGTATTCAACTCACTCTAG,19,5231944
yqjE_yqjK_yqjD_yqjC_predicted,1.25,7,3,GGGTAATATTGTCTTGCAAG,4,5245677
yqjE_yqjK_yqjD_yqjC_predicted,1.0,6,3,GGGGTATCCCCGCTATAAAG,3,5174981
yqjE_yqjK_yqjD_yqjC_predicted,0.75,5,3,GGGGGTGGGCTGGAATAAGC,2,5219396
yqjE_yqjK_yqjD_yqjC_predicted,4.75,21,3,GGGCTGATAGATGGACCCCA,18,5199633
yqjE_yqjK_yqjD_yqjC_predicted,0.5,4,3,GGGCCACGGTGCACTGAGGG,1,5230173
yqjE_yqjK_yqjD_yqjC_predicted,1.5,8,3,GGGCACTAGGACGATCGAGC,5,5223991
yqjE_yqjK_yqjD_yqjC_predicted,0.75,5,3,GGGAGGCGAACATTTGGCCC,2,5216868
yqjE_yqjK_yqjD_yqjC_predicted,3.0,14,3,GGGAATTCTTATTTCACAAT,11,5217852
yqjE_yqjK_yqjD_yqjC_predicted,0.75,5,3,GGGAAGGTGTTCTGATGCGC,2,5243234
yqjE_yqjK_yqjD_yqjC_predicted,2.75,13,3,GGGAAGATCAAACGTTGGTA,10,5197168
yqjE_yqjK_yqjD_yqjC_predicted,0.5,4,3,GGCTGAGGTAGTACAATACT,1,5177836
yqjE_yqjK_yqjD_yqjC_predicted,2.25,11,3,GGCTCGGACAATTGCCTGCA,8,5222927
yqjE_yqjK_yqjD_yqjC_predicted,0.75,5,3,GGCTCATACCGTCAGTAATT,2,5216148
yqjE_yqjK_yqjD_yqjC_predicted,1.0,6,3,GGCTAGCCATCATAGGAGGC,3,5177945
yqjE_yqjK_yqjD_yqjC_predicted,2.75,13,3,GGCGTTCAGCTGCAAAATCT,10,5187110
yqjE_yqjK_yqjD_yqjC_predicted,3.75,17,3,GGCGTGATGGTGTTCCTTAG,14,5224997
yqjE_yqjK_yqjD_yqjC_predicted,1.0,6,3,GGCGCAAAAAGCCACATAGG,3,5217127
yqjE_yqjK_yqjD_yqjC_predicted,0.75,5,3,GGCGACAGCAACCACCTGCA,2,5187385
yqjE_yqjK_yqjD_yqjC_predicted,4.75,21,3,GGCCTTGCTCCTTATAAACA,18,5191857
yqjE_yqjK_yqjD_yqjC_predicted,3.5,16,3,GGCCGATTCTGGGCCAGTAG,13,5197812
yqjE_yqjK_yqjD_yqjC_predicted,2.25,11,3,GGCCCCACCCACGTTTGGGC,8,5249999
yqjE_yqjK_yqjD_yqjC_predicted,5.25,23,3,GGCATCTCCTCGGGACCAAG,20,5213081
yqjE_yqjK_yqjD_yqjC_predicted,2.5,12,3,GGCATCTCACTCCGGAGAGA,9,5242854
yqjE_yqjK_yqjD_yqjC_predicted,0.5,4,3,GGCACCGGTTGCTACTGGTG,1,5227989
yqjE_yqjK_yqjD_yqjC_predicted,1.75,9,3,GGATTCGTGCTCTTCGGGGA,6,5231971
yqjE_yqjK_yqjD_yqjC_predicted,7.75,33,3,GGATGTACAGTGCACCAGGT,30,5248327
yqjE_yqjK_yqjD_yqjC_predicted,3.25,15,3,GGAGTCGGCGGCTCGCCTTT,12,5218527
yqjE_yqjK_yqjD_yqjC_predicted,6.0,26,3,GGACGGTTTTCAAAACTCCT,23,5230651
yqjE_yqjK_yqjD_yqjC_predicted,1.25,7,3,GGACCCCGGGGTCAACCCCT,4,5243368
yqjE_yqjK_yqjD_yqjC_predicted,6.0,26,3,GGAAGGGTTGCACCCGATCT,23,5184176
yqjE_yqjK_yqjD_yqjC_predicted,3.25,15,3,GGAAGCACCCCTCTGTGAAC,12,5227268
yqjE_yqjK_yqjD_yqjC_predicted,1.25,7,3,GGAACTTTGCCTTTGCTAGT,4,5230645
yqjE_yqjK_yqjD_yqjC_predicted,2.0,10,3,GGAACCGGGAAGTGACGCCA,7,5170868
yqjE_yqjK_yqjD_yqjC_predicted,2.0,10,3,GGAAACCAAGGTTACCTGCA,7,5234928
yqjE_yqjK_yqjD_yqjC_predicted,1.5,8,3,GCTTCCTATCTGTACAATAA,5,5238197
yqjE_yqjK_yqjD_yqjC_predicted,0.75,5,3,GCTGTCCTCTATTTTGAGTA,2,5198463
yqjE_yqjK_yqjD_yqjC_predicted,1.0,6,3,GCTGGGGATTAGGGACGGGA,3,5188148
yqjE_yqjK_yqjD_yqjC_predicted,2.25,11,3,GCTGCTTAGTCGCCTCATGA,8,5230059
yqjE_yqjK_yqjD_yqjC_predicted,0.5,4,3,GCTGCGCTAATTTGAAGCTC,1,5253346
yqjE_yqjK_yqjD_yqjC_predicted,8.25,35,3,GCTGCCTAATTGTTCCATTA,32,5256018
yqjE_yqjK_yqjD_yqjC_predicted,3.0,14,3,GCTGACAATCTTATGAGAGA,11,5241297
yqjE_yqjK_yqjD_yqjC_predicted,2.0,10,3,GCTCTTGGAGCTACGCCGTA,7,5234169
yqjE_yqjK_yqjD_yqjC_predicted,4.25,19,3,GCTCTAATGGTTACGTGTAT,16,5221644
yqjE_yqjK_yqjD_yqjC_predicted,3.5,16,3,GCTCTAATATCACTACACTT,13,5215685
yqjE_yqjK_yqjD_yqjC_predicted,1.25,7,3,GCTCGGTAGGCAATGCATGC,4,5206187
yqjE_yqjK_yqjD_yqjC_predicted,0.75,5,3,GCTATTCTCCACCTCTATCG,2,5237196
yqjE_yqjK_yqjD_yqjC_predicted,0.75,5,3,GCTATGGCCCGTCGACTCTC,2,5210242
yqjE_yqjK_yqjD_yqjC_predicted,1.25,7,3,GCTAGTGACTCTAATGCTCG,4,5250265
yqjE_yqjK_yqjD_yqjC_predicted,0.5,4,3,GCTAGATAACTAATCAACTC,1,5215561
yqjE_yqjK_yqjD_yqjC_predicted,0.5,4,3,GCTAAGCACCGGATTCGATA,1,5246812
yqjE_yqjK_yqjD_yqjC_predicted,2.0,10,3,GCGTTACCACGTACGCAAGC,7,5172760
yqjE_yqjK_yqjD_yqjC_predicted,2.25,11,3,GCGTGGGTATAGGCGGGCTG,8,5220107
yqjE_yqjK_yqjD_yqjC_predicted,4.25,19,3,GCGTGGAAGAGCTCACAGAG,16,5183521
yqjE_yqjK_yqjD_yqjC_predicted,1.25,7,3,GCGGTAAGTAGCCGGCTAGA,4,5248039
yqjE_yqjK_yqjD_yqjC_predicted,0.75,5,3,GCGGCGAAGGGGCATCCGAG,2,5214360
yqjE_yqjK_yqjD_yqjC_predicted,1.5,8,3,GCGGATGGTGTCTGGCAAGT,5,5245193
yqjE_yqjK_yqjD_yqjC_predicted,2.0,10,3,GCGCTTGGGCGTAGCTCCAT,7,5204708
yqjE_yqjK_yqjD_yqjC_predicted,0.5,4,3,GCGCTTAAGAACGTTAGCCC,1,5254401
yqjE_yqjK_yqjD_yqjC_predicted,2.5,12,3,GCGCCAAAACGATAGTGCTA,9,5176031
yqjE_yqjK_yqjD_yqjC_predicted,2.5,12,3,GCGATCAAATTGGATACTCG,9,5224668
yqjE_yqjK_yqjD_yqjC_predicted,0.75,5,3,GCGAAATCGAGCGACTCCAA,2,5258543
yqjE_yqjK_yqjD_yqjC_predicted,1.5,8,3,GCCTTTCACCAGTATGTTTT,5,5184662
yqjE_yqjK_yqjD_yqjC_predicted,1.25,7,3,GCCTCGTACGGGGCAATGCA,4,5235812
yqjE_yqjK_yqjD_yqjC_predicted,7.5,32,3,GCCGTGGATGTATCCTCCCA,29,5193189
yqjE_yqjK_yqjD_yqjC_predicted,0.75,5,3,GCCGAATGGCCGCAGGAAAG,2,5253421
yqjE_yqjK_yqjD_yqjC_predicted,3.5,16,3,GCCCGTGAGTACGAATACAG,13,5246741
yqjE_yqjK_yqjD_yqjC_predicted,6.0,26,3,GCCCGACAATACTCTCTACT,23,5189044
yqjE_yqjK_yqjD_yqjC_predicted,0.75,5,3,GCCCAGCATGTAGCTCCGAG,2,5222577
yqjE_yqjK_yqjD_yqjC_predicted,3.25,15,3,GCCCACGTCGAAAGTGACTG,12,5253842
yqjE_yqjK_yqjD_yqjC_predicted,1.25,7,3,GCCAAGCATAAGTATATCGA,4,5252231
yqjE_yqjK_yqjD_yqjC_predicted,0.5,4,3,GCCAACGAATTTTTCCTGTG,1,5208511
yqjE_yqjK_yqjD_yqjC_predicted,0.75,5,3,GCATTTAGAAGTTTGGCCTA,2,5174272
yqjE_yqjK_yqjD_yqjC_predicted,3.25,15,3,GCATCTAACGTTCGAGATGC,12,5220341
yqjE_yqjK_yqjD_yqjC_predicted,2.25,11,3,GCAATCTCCCTATCGAAGGT,8,5253539
yqjE_yqjK_yqjD_yqjC_predicted,1.25,7,3,GCAAGTATCTGAAATCGCCT,4,5236640
yqjE_yqjK_yqjD_yqjC_predicted,0.5,4,3,GCAAACGGGGTCGGCGGGTC,1,5173486
yqjE_yqjK_yqjD_yqjC_predicted,0.5,4,3,GATTCTGTCGAAAGCATCAT,1,5210665
yqjE_yqjK_yqjD_yqjC_predicted,3.0,14,3,GATTCGTCTGGCGCCAGGAC,11,5251618
yqjE_yqjK_yqjD_yqjC_predicted,0.5,4,3,GATGCGCCATCCTGTCGCGC,1,5233916
yqjE_yqjK_yqjD_yqjC_predicted,0.75,5,3,GATGACCGATGGAGTCCACG,2,5253874
yqjE_yqjK_yqjD_yqjC_predicted,3.25,15,3,GATCGTGGAATCGGTTGTAC,12,5175508
yqjE_yqjK_yqjD_yqjC_predicted,2.5,12,3,GATATGTGTTCTCCTAGTAA,9,5208238
yqjE_yqjK_yqjD_yqjC_predicted,17.0,70,3,GATAGGTCTTTGGAAGACAC,67,5199898
yqjE_yqjK_yqjD_yqjC_predicted,0.5,4,3,GATAGGAGCATACAAGGGGG,1,5193355
yqjE_yqjK_yqjD_yqjC_predicted,0.5,4,3,GAGTCAGTAGCTAAGCATGC,1,5171987
yqjE_yqjK_yqjD_yqjC_predicted,1.25,7,3,GAGTACGTGTGACTTAGTGT,4,5214664
yqjE_yqjK_yqjD_yqjC_predicted,2.0,10,3,GAGGGTCTCCATAGATACCT,7,5252340
yqjE_yqjK_yqjD_yqjC_predicted,1.25,7,3,GAGGCACTTTCTGGCACTTT,4,5255181
yqjE_yqjK_yqjD_yqjC_predicted,2.0,10,3,GAGCTTAAGACACCCTTCAA,7,5210049
yqjE_yqjK_yqjD_yqjC_predicted,1.25,7,3,GAGCGTCGGTTCTGATCTGT,4,5250166
yqjE_yqjK_yqjD_yqjC_predicted,2.5,12,3,GAGCGGTACGTCTGAATTAT,9,5253037
yqjE_yqjK_yqjD_yqjC_predicted,1.0,6,3,GAGCGCGAAGCTCTATGATA,3,5234569
yqjE_yqjK_yqjD_yqjC_predicted,5.5,24,3,GAGCCGGTGGTCGACCCTCC,21,5223421
yqjE_yqjK_yqjD_yqjC_predicted,1.75,9,3,GAGACAGAGGGTTCTCGTTT,6,5192973
yqjE_yqjK_yqjD_yqjC_predicted,3.5,16,3,GACTTAGAGACTATGTCGAA,13,5237345
yqjE_yqjK_yqjD_yqjC_predicted,3.75,17,3,GACTCCATAGGGTGGGAGGA,14,5254260
yqjE_yqjK_yqjD_yqjC_predicted,1.25,7,3,GACTAAATGGGGATGATCAA,4,5228177
yqjE_yqjK_yqjD_yqjC_predicted,0.5,4,3,GACGTAACCCTAGATTGGCC,1,5178795
yqjE_yqjK_yqjD_yqjC_predicted,1.5,8,3,GACGAGTGTTACTTCTCAGG,5,5207187
yqjE_yqjK_yqjD_yqjC_predicted,1.75,9,3,GACCGATTAACGTCGCGGTA,6,5228070
yqjE_yqjK_yqjD_yqjC_predicted,0.5,4,3,GACCACAGGGACACGGGGGG,1,5191365
yqjE_yqjK_yqjD_yqjC_predicted,6.0,26,3,GACATTGCGGTCCTAGCAGC,23,5256407
yqjE_yqjK_yqjD_yqjC_predicted,0.5,4,3,GACACTTCCACGTACTAATA,1,5194131
yqjE_yqjK_yqjD_yqjC_predicted,5.0,22,3,GACACGAGCACTAATGGTGT,19,5219198
yqjE_yqjK_yqjD_yqjC_predicted,1.75,9,3,GAATGTGCTCTTCGACGGAA,6,5257282
yqjE_yqjK_yqjD_yqjC_predicted,6.5,28,3,GAAGTAGGTTCTACTGATTC,25,5208107
yqjE_yqjK_yqjD_yqjC_predicted,6.75,29,3,GAAGGGAGTAGAAGTCACAA,26,5229481
yqjE_yqjK_yqjD_yqjC_predicted,3.5,16,3,GAAGGCCGACTATTACCTGC,13,5241283
yqjE_yqjK_yqjD_yqjC_predicted,0.5,4,3,GAAGGACATGCCTCCTGGAC,1,5254189
yqjE_yqjK_yqjD_yqjC_predicted,5.75,25,3,GAACAAGTATTACATACCTT,22,5198762
yqjE_yqjK_yqjD_yqjC_predicted,2.0,10,3,GAAACTGGAAACCTCCTGGA,7,5230217
yqjE_yqjK_yqjD_yqjC_predicted,2.5,12,3,GAAAACGTCGGCCTGACCTC,9,5197232
yqjE_yqjK_yqjD_yqjC_predicted,0.5,4,3,CTTTGTACATCTAGTTTATG,1,5200163
yqjE_yqjK_yqjD_yqjC_predicted,1.25,7,3,CTTGGCCTTACAAATTGATA,4,5210124
yqjE_yqjK_yqjD_yqjC_predicted,6.0,26,3,CTTGCCTTTACACGGCTTTG,23,5193190
yqjE_yqjK_yqjD_yqjC_predicted,1.25,7,3,CTTGCCACAGGCAAATCACC,4,5243352
yqjE_yqjK_yqjD_yqjC_predicted,5.0,22,3,CTTGACCCTAAGTGGTTGAC,19,5200466
yqjE_yqjK_yqjD_yqjC_predicted,3.75,17,3,CTTCTTCCGGTTTTGCGGTG,14,5256762
yqjE_yqjK_yqjD_yqjC_predicted,4.0,18,3,CTTCTCGGCTATAACCCATT,15,5176245
yqjE_yqjK_yqjD_yqjC_predicted,1.75,9,3,CTTCGTTTTCCAGTTGCACC,6,5234586
yqjE_yqjK_yqjD_yqjC_predicted,2.75,13,3,CTTCGGGTTCACCGCAATGC,10,5230961
yqjE_yqjK_yqjD_yqjC_predicted,1.0,6,3,CTTCCGACCGTCGCAATGTA,3,5218611
yqjE_yqjK_yqjD_yqjC_predicted,0.75,5,3,CTTAGTCCGATTCCCAATCT,2,5225835
yqjE_yqjK_yqjD_yqjC_predicted,0.75,5,3,CTTAGGTTTTTGGGAGTGTA,2,5208686
yqjE_yqjK_yqjD_yqjC_predicted,0.75,5,3,CTTAGGGTCTCGTAATGTAT,2,5229040
yqjE_yqjK_yqjD_yqjC_predicted,0.5,4,3,CTTAGCAACATCTCAGTAGT,1,5256806
yqjE_yqjK_yqjD_yqjC_predicted,2.5,12,3,CTTACTGAGCGATTCCATGA,9,5226402
yqjE_yqjK_yqjD_yqjC_predicted,3.0,14,3,CTTAATTGCCCGCACGGCTG,11,5196800
yqjE_yqjK_yqjD_yqjC_predicted,0.75,5,3,CTGTTGGCAATGGGGGAAGT,2,5215660
yqjE_yqjK_yqjD_yqjC_predicted,3.5,16,3,CTGTTGACCGAGCGCTTATT,13,5192156
yqjE_yqjK_yqjD_yqjC_predicted,4.25,19,3,CTGTTCTTACTTGCGACCAT,16,5179101
yqjE_yqjK_yqjD_yqjC_predicted,1.0,6,3,CTGTGGGTACGCCTACCGGA,3,5237796
yqjE_yqjK_yqjD_yqjC_predicted,6.0,26,3,CTGTCCTGCCCTAACGGGAC,23,5202917
yqjE_yqjK_yqjD_yqjC_predicted,1.75,9,3,CTGTATACCTCTTGCAAGCT,6,5259045
yqjE_yqjK_yqjD_yqjC_predicted,0.5,4,3,CTGGTTCGGATGCAGATACA,1,5199474
yqjE_yqjK_yqjD_yqjC_predicted,2.5,12,3,CTGGTCTTCGTATGTTTGTA,9,5248211
yqjE_yqjK_yqjD_yqjC_predicted,4.75,21,3,CTGGTCCGTGTCTATGCAGT,18,5191867
yqjE_yqjK_yqjD_yqjC_predicted,1.5,8,3,CTGGTACCGTATAACAAGTG,5,5175946
yqjE_yqjK_yqjD_yqjC_predicted,3.5,16,3,CTGGGGCCGTAATTTGTATG,13,5230657
yqjE_yqjK_yqjD_yqjC_predicted,10.0,42,3,CTGGCTTATGATGGTCGTCA,39,5198554
yqjE_yqjK_yqjD_yqjC_predicted,0.75,5,3,CTGGATTAGAGTATTATTAA,2,5249794
yqjE_yqjK_yqjD_yqjC_predicted,2.0,10,3,CTGCGCTATGGGACCGGAAG,7,5211916
yqjE_yqjK_yqjD_yqjC_predicted,1.75,9,3,CTGCCTTCATGCTATGCGCC,6,5215410
yqjE_yqjK_yqjD_yqjC_predicted,3.75,17,3,CTGATCGGCACATCTAAGGT,14,5257688
yqjE_yqjK_yqjD_yqjC_predicted,3.25,15,3,CTGACGCCTAGATGGGTACC,12,5221429
yqjE_yqjK_yqjD_yqjC_predicted,0.5,4,3,CTGACGAGATCATGTTCATG,1,5261668
yqjE_yqjK_yqjD_yqjC_predicted,4.75,21,3,CTGACCATCGATAAACTTTT,18,5219711
yqjE_yqjK_yqjD_yqjC_predicted,0.5,4,3,CTGAAGCGTCATTATATTAT,1,5261013
yqjE_yqjK_yqjD_yqjC_predicted,6.25,27,3,CTCTATGTTTTAACTTCGAC,24,5222381
yqjE_yqjK_yqjD_yqjC_predicted,0.5,4,3,CTCGACCTGCAGATCTGTAA,1,5226121
yqjE_yqjK_yqjD_yqjC_predicted,3.0,14,3,CTCGACAAGAGGCGGAGCCC,11,5236619
yqjE_yqjK_yqjD_yqjC_predicted,0.5,4,3,CTCGAAGCCAACATTCCGGG,1,5181678
yqjE_yqjK_yqjD_yqjC_predicted,4.0,18,3,CTCCTGAATTGTGAGGATTT,15,5178850
yqjE_yqjK_yqjD_yqjC_predicted,1.0,6,3,CTCCTCGGCGCAGCCACACA,3,5256017
yqjE_yqjK_yqjD_yqjC_predicted,0.75,5,3,CTCCGGCTATATGGATCTCG,2,5180427
yqjE_yqjK_yqjD_yqjC_predicted,2.0,10,3,CTCCGACGCGTCAGTTCAGT,7,5190455
yqjE_yqjK_yqjD_yqjC_predicted,1.0,6,3,CTCCCTTACAAGAAGTATGA,3,5236241
yqjE_yqjK_yqjD_yqjC_predicted,1.25,7,3,CTCCCGAGCGCTCCAGCACT,4,5234692
yqjE_yqjK_yqjD_yqjC_predicted,2.5,12,3,CTCCATTGGCTTTACCTGGT,9,5216707
yqjE_yqjK_yqjD_yqjC_predicted,1.5,8,3,CTCATATGTCACAAGCCGGA,5,5187370
yqjE_yqjK_yqjD_yqjC_predicted,2.75,13,3,CTCAGATATGTCAGCCAAAC,10,5255043
yqjE_yqjK_yqjD_yqjC_predicted,0.5,4,3,CTCAATCGGTTTTGTTACCG,1,5247017
yqjE_yqjK_yqjD_yqjC_predicted,3.25,15,3,CTCAATCAAGGGCCTAACTG,12,5244629
yqjE_yqjK_yqjD_yqjC_predicted,10.25,43,3,CTAGTGAGAACCTAGATCTA,40,5228906
yqjE_yqjK_yqjD_yqjC_predicted,3.5,16,3,CTAGGTCTCCCTCAAGCAGA,13,5217606
yqjE_yqjK_yqjD_yqjC_predicted,3.75,17,3,CTAGATCCTACGATGCACTC,14,5224133
yqjE_yqjK_yqjD_yqjC_predicted,1.5,8,3,CTACCCCCGGCCGAAACCAA,5,5200472
yqjE_yqjK_yqjD_yqjC_predicted,2.0,10,3,CTACAACAACGAGATATAGA,7,5205345
yqjE_yqjK_yqjD_yqjC_predicted,2.0,10,3,CTAATTTACAAGTAGCAATG,7,5262666
yqjE_yqjK_yqjD_yqjC_predicted,1.25,7,3,CTAACTTCAATTTCTTAAAC,4,5261118
yqjE_yqjK_yqjD_yqjC_predicted,3.0,14,3,CTAACTCACTAAACCCCCTC,11,5219479
yqjE_yqjK_yqjD_yqjC_predicted,0.5,4,3,CGTTTGTCCGGCACCGGAGC,1,5192413
yqjE_yqjK_yqjD_yqjC_predicted,0.75,5,3,CGTTTATGCGCCTAGGGGCT,2,5236787
yqjE_yqjK_yqjD_yqjC_predicted,1.5,8,3,CGTTACCTCCACGGCTCGTT,5,5237399
yqjE_yqjK_yqjD_yqjC_predicted,1.25,7,3,CGTTAAGGTGCTGTCCCAGG,4,5171655
yqjE_yqjK_yqjD_yqjC_predicted,0.5,4,3,CGTCGGTGGGCATGCAACTC,1,5175388
yqjE_yqjK_yqjD_yqjC_predicted,1.75,9,3,CGTCCATTTTCCGGGAGCCA,6,5171072
yqjE_yqjK_yqjD_yqjC_predicted,0.5,4,3,CGTCAGGATCGTCACAGTAT,1,5202114
yqjE_yqjK_yqjD_yqjC_predicted,1.25,7,3,CGTAGTCCCAGGTCTTCGAC,4,5249738
yqjE_yqjK_yqjD_yqjC_predicted,7.25,31,3,CGTAATCTAGATTATGTTAA,28,5236338
yqjE_yqjK_yqjD_yqjC_predicted,2.0,10,3,CGGTTCCATCTTCTATTCTC,7,5178609
yqjE_yqjK_yqjD_yqjC_predicted,4.75,21,3,CGGTGTTCGGCTGTGCAAAC,18,5238281
yqjE_yqjK_yqjD_yqjC_predicted,0.5,4,3,CGGTCCTTGGTAGAGTTAAA,1,5185360
yqjE_yqjK_yqjD_yqjC_predicted,1.25,7,3,CGGTATCCCTCATTTTTTGC,4,5227127
yqjE_yqjK_yqjD_yqjC_predicted,1.5,8,3,CGGGTTTGTTCCTTTACTAG,5,5175984
yqjE_yqjK_yqjD_yqjC_predicted,2.0,10,3,CGGGCAGTTCTTGAGTAGTG,7,5238789
yqjE_yqjK_yqjD_yqjC_predicted,0.5,4,3,CGGCTGGCTTCGTGGAAAGT,1,5242337
yqjE_yqjK_yqjD_yqjC_predicted,3.5,16,3,CGGCGTTGAGAGGAACGAGA,13,5252700
yqjE_yqjK_yqjD_yqjC_predicted,0.75,5,3,CGGCGGATACTCATTGTGCG,2,5198919
yqjE_yqjK_yqjD_yqjC_predicted,2.0,10,3,CGGCCGGCACTCCCCCGTGA,7,5225944
yqjE_yqjK_yqjD_yqjC_predicted,1.5,8,3,CGGCCGCGCTAGATCTTCCC,5,5203911
yqjE_yqjK_yqjD_yqjC_predicted,2.5,12,3,CGGCAATCTTGATATATCAC,9,5231385
yqjE_yqjK_yqjD_yqjC_predicted,2.0,10,3,CGGATTTAGGCTAGCACGCC,7,5248653
yqjE_yqjK_yqjD_yqjC_predicted,0.5,4,3,CGGATTCTCACTGGGAACGA,1,5213555
yqjE_yqjK_yqjD_yqjC_predicted,1.5,8,3,CGGATAACGTGACTTGCCCT,5,5255097
yqjE_yqjK_yqjD_yqjC_predicted,6.25,27,3,CGGAGCCTCATTTCTAAGAA,24,5261131
yqjE_yqjK_yqjD_yqjC_predicted,1.75,9,3,CGGACTGGTACGGCCGCGAG,6,5202968
yqjE_yqjK_yqjD_yqjC_predicted,2.5,12,3,CGGACTATATAGCAGATACG,9,5174744
yqjE_yqjK_yqjD_yqjC_predicted,4.0,18,3,CGGACATCGTCGAGCGAGAT,15,5199207
yqjE_yqjK_yqjD_yqjC_predicted,3.25,15,3,CGCTCGGGCGCCGTTCTACT,12,5260175
yqjE_yqjK_yqjD_yqjC_predicted,4.5,20,3,CGCTAACAGCCAGTTGTAGA,17,5175428
yqjE_yqjK_yqjD_yqjC_predicted,1.25,7,3,CGCCTCATCGACTAAAAACA,4,5249807
yqjE_yqjK_yqjD_yqjC_predicted,3.75,17,3,CGCCGTGGAAAGAAAATGGT,14,5206238
yqjE_yqjK_yqjD_yqjC_predicted,3.5,16,3,CGCCGCTTCACTTTCAACCC,13,5244328
yqjE_yqjK_yqjD_yqjC_predicted,2.0,10,3,CGCATTTAAGCGAAAAAGAA,7,5219631
yqjE_yqjK_yqjD_yqjC_predicted,3.5,16,3,CGCAGCTTGGGATCCCGACG,13,5225806
yqjE_yqjK_yqjD_yqjC_predicted,1.5,8,3,CGCAATATTTGCATAACATG,5,5187437
yqjE_yqjK_yqjD_yqjC_predicted,0.5,4,3,CGATGGTGAACAGTGTCCAG,1,5194939
yqjE_yqjK_yqjD_yqjC_predicted,0.5,4,3,CGAGTGTATCCGCCGGTTGT,1,5251450
yqjE_yqjK_yqjD_yqjC_predicted,0.5,4,3,CGAGTATTACTGTCTTAAAG,1,5239811
yqjE_yqjK_yqjD_yqjC_predicted,4.75,21,3,CGAGAAAGCTCGAGAATCGT,18,5227644
yqjE_yqjK_yqjD_yqjC_predicted,1.25,7,3,CGACTAGAGATGCGGTCGCT,4,5250859
yqjE_yqjK_yqjD_yqjC_predicted,1.0,6,3,CGACGGTCTGAGACCGAAGT,3,5236866
yqjE_yqjK_yqjD_yqjC_predicted,1.5,8,3,CGACCTATGAGGAGTAGATG,5,5210485
yqjE_yqjK_yqjD_yqjC_predicted,0.75,5,3,CGACCCTCGGCCGACAACTT,2,5246542
yqjE_yqjK_yqjD_yqjC_predicted,0.75,5,3,CGAATCTCAGTTAACGTCCT,2,5215821
yqjE_yqjK_yqjD_yqjC_predicted,1.75,9,3,CGAATATGACCGTTTAAAAG,6,5222899
yqjE_yqjK_yqjD_yqjC_predicted,1.75,9,3,CGAAGCTTTAAATAGAGATA,6,5180037
yqjE_yqjK_yqjD_yqjC_predicted,1.0,6,3,CGAAGATCAACATATCGGCA,3,5207221
yqjE_yqjK_yqjD_yqjC_predicted,1.25,7,3,CGAAACAAACTATCTCATAC,4,5255962
yqjE_yqjK_yqjD_yqjC_predicted,4.0,18,3,CCTTCGTCGTTTTGCCCGCA,15,5261988
yqjE_yqjK_yqjD_yqjC_predicted,3.0,14,3,CCTTCAATCACGGACTTAGA,11,5176358
yqjE_yqjK_yqjD_yqjC_predicted,5.75,25,3,CCTTAGCTGTGTGCGGTCAG,22,5226134
yqjE_yqjK_yqjD_yqjC_predicted,3.5,16,3,CCTGGTCTATTAATGCATCC,13,5236275
yqjE_yqjK_yqjD_yqjC_predicted,1.25,7,3,CCTCTTCGGACCAGCATTTG,4,5253902
yqjE_yqjK_yqjD_yqjC_predicted,0.5,4,3,CCTCCAGTTGGTTCGATTTA,1,5206749
yqjE_yqjK_yqjD_yqjC_predicted,2.0,10,3,CCTATGTAGCCCGACCTTGG,7,5249951
yqjE_yqjK_yqjD_yqjC_predicted,3.75,17,3,CCTATCGCTTAAGGCACGCC,14,5192273
yqjE_yqjK_yqjD_yqjC_predicted,1.25,7,3,CCTATCATGATTGGTCTCGG,4,5233092
yqjE_yqjK_yqjD_yqjC_predicted,0.5,4,3,CCTAGAGTAAGACCATTAAA,1,5245750
yqjE_yqjK_yqjD_yqjC_predicted,1.25,7,3,CCTAGACAGTCCGTGGTCCG,4,5228759
yqjE_yqjK_yqjD_yqjC_predicted,2.0,10,3,CCTACCGACTCACAGTTCGG,7,5223785
yqjE_yqjK_yqjD_yqjC_predicted,3.25,15,3,CCTAACAACGTCGGTGGCCA,12,5183984
yqjE_yqjK_yqjD_yqjC_predicted,5.0,22,3,CCTAAAATGCGGAGTAACTT,19,5172145
yqjE_yqjK_yqjD_yqjC_predicted,0.5,4,3,CCGTTGCTTGGGCAGAGTGA,1,5213733
yqjE_yqjK_yqjD_yqjC_predicted,0.5,4,3,CCGTTAATGCCCTTTTGAGG,1,5242675
yqjE_yqjK_yqjD_yqjC_predicted,6.5,28,3,CCGTCACAACCATTCTTTTG,25,5198040
yqjE_yqjK_yqjD_yqjC_predicted,2.5,12,3,CCGTATGACATACTTGGTGA,9,5205060
yqjE_yqjK_yqjD_yqjC_predicted,9.75,41,3,CCGTAGTTTTCCAAGGCAGC,38,5257661
yqjE_yqjK_yqjD_yqjC_predicted,5.25,23,3,CCGGGTCGTTATCGAATTTT,20,5209267
yqjE_yqjK_yqjD_yqjC_predicted,1.25,7,3,CCGGGTAGACTAAGGATCTG,4,5189251
yqjE_yqjK_yqjD_yqjC_predicted,4.25,19,3,CCGGGGCATCTCACGTACGG,16,5180554
yqjE_yqjK_yqjD_yqjC_predicted,2.75,13,3,CCGGGCCGGATTGGACACAA,10,5262818
yqjE_yqjK_yqjD_yqjC_predicted,0.75,5,3,CCGGCGGTTCCGCCAGCCAC,2,5237833
yqjE_yqjK_yqjD_yqjC_predicted,6.25,27,3,CCGGATTTTTGCATGACTGT,24,5233560
yqjE_yqjK_yqjD_yqjC_predicted,1.25,7,3,CCGGACTGTTGACCGTGGAG,4,5198552
yqjE_yqjK_yqjD_yqjC_predicted,2.25,11,3,CCGCTGACCCGTATTTTCCT,8,5191009
yqjE_yqjK_yqjD_yqjC_predicted,1.5,8,3,CCGCAGTGCATCGACGTTCG,5,5240453
yqjE_yqjK_yqjD_yqjC_predicted,1.0,6,3,CCGCACTGGAGCTGAATGAC,3,5215706
yqjE_yqjK_yqjD_yqjC_predicted,1.25,7,3,CCGACGGAATGTATAGTAGG,4,5213218
yqjE_yqjK_yqjD_yqjC_predicted,1.5,8,3,CCGAACCCTAGTTACGTGCC,5,5250610
yqjE_yqjK_yqjD_yqjC_predicted,5.5,24,3,CCGAAACCCTTCCGAGGCCT,21,5176073
yqjE_yqjK_yqjD_yqjC_predicted,1.25,7,3,CCCTTTCCGTCTAGTAGCAA,4,5182774
yqjE_yqjK_yqjD_yqjC_predicted,7.0,30,3,CCCTGCGCTTGCGGGTGAAT,27,5245815
yqjE_yqjK_yqjD_yqjC_predicted,8.0,34,3,CCCTGCCGCCGAAAGTAGGC,31,5174361
yqjE_yqjK_yqjD_yqjC_predicted,0.75,5,3,CCCGCCTGATAAAATTCTCG,2,5207667
yqjE_yqjK_yqjD_yqjC_predicted,2.0,10,3,CCCGCCTCTTAGATGTATAT,7,5207249
yqjE_yqjK_yqjD_yqjC_predicted,1.5,8,3,CCCCTGCTTCAATCGGGCGC,5,5227813
yqjE_yqjK_yqjD_yqjC_predicted,3.5,16,3,CCCCCTCAGTGAGGACAGAT,13,5176153
yqjE_yqjK_yqjD_yqjC_predicted,0.75,5,3,CCCACTCTTTCACCCGGGGA,2,5228695
yqjE_yqjK_yqjD_yqjC_predicted,5.5,24,3,CCATTCGGACGTCTTATTTC,21,5250205
yqjE_yqjK_yqjD_yqjC_predicted,1.25,7,3,CCATACGGTGGCGGGCCACG,4,5252045
yqjE_yqjK_yqjD_yqjC_predicted,3.5,16,3,CCAGGCGGCGAAAAGCGGGT,13,5250714
yqjE_yqjK_yqjD_yqjC_predicted,1.0,6,3,CCAGGCGCGCTCCCCCTAGT,3,5187426
yqjE_yqjK_yqjD_yqjC_predicted,1.75,9,3,CCAGAACGACGAGCACTTGG,6,5179176
yqjE_yqjK_yqjD_yqjC_predicted,2.0,10,3,CCACTCTTGAACGTTTCAAA,7,5207468
yqjE_yqjK_yqjD_yqjC_predicted,0.75,5,3,CCACTAATCTCCATTGTCCT,2,5248651
yqjE_yqjK_yqjD_yqjC_predicted,0.5,4,3,CCACGCGGTTCGTTCAGGAA,1,5217094
yqjE_yqjK_yqjD_yqjC_predicted,1.0,6,3,CCACCGAAGTAATCATGGTA,3,5260554
yqjE_yqjK_yqjD_yqjC_predicted,5.75,25,3,CCACCCCATGATCCCCCCAG,22,5198655
yqjE_yqjK_yqjD_yqjC_predicted,2.75,13,3,CCAATTGCGCAAGCATTTAT,10,5246213
yqjE_yqjK_yqjD_yqjC_predicted,3.5,16,3,CCAATCCGTGCTATTCACTC,13,5241610
yqjE_yqjK_yqjD_yqjC_predicted,0.5,4,3,CATTTGCGGAAAACGTCTTA,1,5185104
yqjE_yqjK_yqjD_yqjC_predicted,4.5,20,3,CATTCCGGCAGAACCGCCCT,17,5249723
yqjE_yqjK_yqjD_yqjC_predicted,34.5,140,3,CATTACAGGTGGACTCGTTA,137,5199144
yqjE_yqjK_yqjD_yqjC_predicted,5.25,23,3,CATGCATCTCATTGAACCCT,20,5203159
yqjE_yqjK_yqjD_yqjC_predicted,3.0,14,3,CATGACAGATCAGGCGGTAT,11,5235874
yqjE_yqjK_yqjD_yqjC_predicted,11.25,47,3,CATGAAACTGGGGCAAACCT,44,5247973
yqjE_yqjK_yqjD_yqjC_predicted,0.5,4,3,CATCTGTTGGTTCCCCCGGG,1,5253985
yqjE_yqjK_yqjD_yqjC_predicted,0.75,5,3,CATCTGCCGTGCAGAGTTTT,2,5205246
yqjE_yqjK_yqjD_yqjC_predicted,1.5,8,3,CATCATAACTTCCGTGCCAG,5,5188529
yqjE_yqjK_yqjD_yqjC_predicted,2.0,10,3,CATAGTACTCGCCAAATCTT,7,5184430
yqjE_yqjK_yqjD_yqjC_predicted,1.0,6,3,CATAGGTAACCACGAGACAT,3,5208785
yqjE_yqjK_yqjD_yqjC_predicted,2.0,10,3,CAGTTGAGAGAGGGTTGCGG,7,5234406
yqjE_yqjK_yqjD_yqjC_predicted,3.0,14,3,CAGTGTGCGCACATGAGGCA,11,5248867
yqjE_yqjK_yqjD_yqjC_predicted,6.0,26,3,CAGTCTTTTGCTACCATTGA,23,5259323
yqjE_yqjK_yqjD_yqjC_predicted,2.75,13,3,CAGTCGGCAGGTTAATAAGC,10,5232306
yqjE_yqjK_yqjD_yqjC_predicted,0.5,4,3,CAGGGTGTTCCGCGCTTCGG,1,5249469
yqjE_yqjK_yqjD_yqjC_predicted,0.5,4,3,CAGGGGCGCGGGGATCAGCA,1,5258379
yqjE_yqjK_yqjD_yqjC_predicted,4.5,20,3,CAGGGCTAACAGGCTCCAAT,17,5240522
yqjE_yqjK_yqjD_yqjC_predicted,1.0,6,3,CAGACGACAGCGGGAAAATT,3,5237957
yqjE_yqjK_yqjD_yqjC_predicted,1.25,7,3,CACTGGGGTCGGTATACGTC,4,5227867
yqjE_yqjK_yqjD_yqjC_predicted,3.75,17,3,CACTCACGGTGCAAATCGTG,14,5238677
yqjE_yqjK_yqjD_yqjC_predicted,1.25,7,3,CACCTTGAATGGGTCATAAG,4,5173806
yqjE_yqjK_yqjD_yqjC_predicted,0.5,4,3,CACCTCCTAGAGGAGGAACT,1,5247333
yqjE_yqjK_yqjD_yqjC_predicted,5.0,22,3,CACCGTCCCACAGAGCACGT,19,5253662
yqjE_yqjK_yqjD_yqjC_predicted,3.0,14,3,CACCCCCCAAGGTTCGACAC,11,5205478
yqjE_yqjK_yqjD_yqjC_predicted,4.75,21,3,CACCCACAGGTATTAAATAC,18,5253873
yqjE_yqjK_yqjD_yqjC_predicted,4.75,21,3,CACATTCATCCGGGCATAAA,18,5186119
yqjE_yqjK_yqjD_yqjC_predicted,1.25,7,3,CACATTACTGCCAAAGATTT,4,5236562
yqjE_yqjK_yqjD_yqjC_predicted,2.25,11,3,CAATCTTTTAATCGCTGCGT,8,5217700
yqjE_yqjK_yqjD_yqjC_predicted,0.75,5,3,CAAGGTAACGCCGGGTATTC,2,5253305
yqjE_yqjK_yqjD_yqjC_predicted,1.0,6,3,CAAGGAACTTCCTCGGAGCA,3,5186567
yqjE_yqjK_yqjD_yqjC_predicted,6.25,27,3,CAAGATGATTTTGACACGAT,24,5217925
yqjE_yqjK_yqjD_yqjC_predicted,2.25,11,3,CAAGATCCTGGTCCAGACGT,8,5195965
yqjE_yqjK_yqjD_yqjC_predicted,0.5,4,3,CAAGAATTTGAACCCGAAAT,1,5257394
yqjE_yqjK_yqjD_yqjC_predicted,0.75,5,3,CAAGAACCTAACAGGCAATT,2,5258510
yqjE_yqjK_yqjD_yqjC_predicted,2.25,11,3,CAACTACGGCCTATTGGGTG,8,5184494
yqjE_yqjK_yqjD_yqjC_predicted,1.5,8,3,CAACGATCCGTCTCGTGCCC,5,5238095
yqjE_yqjK_yqjD_yqjC_predicted,2.0,10,3,CAACACTGGCGCACGTTAAT,7,5200675
yqjE_yqjK_yqjD_yqjC_predicted,0.5,4,3,CAACAACCGTTTGGAAAATC,1,5256907
yqjE_yqjK_yqjD_yqjC_predicted,0.5,4,3,ATTTTGGAGAACCAATAATT,1,5230708
yqjE_yqjK_yqjD_yqjC_predicted,12.75,53,3,ATTTTAGCCCTCTCCAACCA,50,5257337
yqjE_yqjK_yqjD_yqjC_predicted,3.25,15,3,ATTTCTCGGTTAGTGCACAA,12,5170940
yqjE_yqjK_yqjD_yqjC_predicted,2.25,11,3,ATTTCATGGTCGTACTTGAG,8,5225941
yqjE_yqjK_yqjD_yqjC_predicted,2.5,12,3,ATTTACACGTAGCGGTGGGT,9,5196319
yqjE_yqjK_yqjD_yqjC_predicted,0.5,4,3,ATTCCATGGAGTCCAGAACG,1,5177800
yqjE_yqjK_yqjD_yqjC_predicted,1.0,6,3,ATTCATGTCGATCCCTGGAA,3,5214049
yqjE_yqjK_yqjD_yqjC_predicted,0.75,5,3,ATTACTAACTGGACTCTCCG,2,5253494
yqjE_yqjK_yqjD_yqjC_predicted,3.25,15,3,ATTAATAGGGTAGTTTCTGG,12,5213852
yqjE_yqjK_yqjD_yqjC_predicted,2.5,12,3,ATGTTTGCAGCGTACAAACT,9,5180749
yqjE_yqjK_yqjD_yqjC_predicted,0.5,4,3,ATGTTTATGCGTTTTCGAGG,1,5247230
yqjE_yqjK_yqjD_yqjC_predicted,5.25,23,3,ATGTTTAGCGAGCCGATAGT,20,5235743
yqjE_yqjK_yqjD_yqjC_predicted,1.25,7,3,ATGTCTGGCACTGGGTAATG,4,5178338
yqjE_yqjK_yqjD_yqjC_predicted,2.5,12,3,ATGTATAGCAGCGGCGAATG,9,5204528
yqjE_yqjK_yqjD_yqjC_predicted,0.75,5,3,ATGGGTGGTTGCCGCAATAG,2,5207724
yqjE_yqjK_yqjD_yqjC_predicted,0.75,5,3,ATGGCGTGCCTCCTTGTTTC,2,5245053
yqjE_yqjK_yqjD_yqjC_predicted,0.75,5,3,ATGCGTAACTTCACACATTT,2,5241623
yqjE_yqjK_yqjD_yqjC_predicted,4.0,18,3,ATGCGATGCGTGCTATGGTT,15,5179471
yqjE_yqjK_yqjD_yqjC_predicted,3.25,15,3,ATGCAACAGCTCGTCGGAGA,12,5172014
yqjE_yqjK_yqjD_yqjC_predicted,4.75,21,3,ATGATCTGACCCGCGCAAAC,18,5180703
yqjE_yqjK_yqjD_yqjC_predicted,2.25,11,3,ATGATCCTTCTGGAGGATTA,8,5228190
yqjE_yqjK_yqjD_yqjC_predicted,2.5,12,3,ATGACGGGGCACGTGATACA,9,5242874
yqjE_yqjK_yqjD_yqjC_predicted,4.25,19,3,ATGAACTTTCACATTCACTC,16,5243122
yqjE_yqjK_yqjD_yqjC_predicted,1.25,7,3,ATGAAAAAGAATTATGCTTG,4,5208433
yqjE_yqjK_yqjD_yqjC_predicted,0.5,4,3,ATCTTCCAGCCGGTCTTAAG,1,5221127
yqjE_yqjK_yqjD_yqjC_predicted,1.0,6,3,ATCTTCACCTTTCTCTCTTT,3,5225404
yqjE_yqjK_yqjD_yqjC_predicted,7.25,31,3,ATCTTAGCCGAACAAACAGG,28,5181208
yqjE_yqjK_yqjD_yqjC_predicted,0.5,4,3,ATCTGCCGAGGGAGCCTTGT,1,5182334
yqjE_yqjK_yqjD_yqjC_predicted,1.25,7,3,ATCTCGGCTGTAGTCTTCAT,4,5206910
yqjE_yqjK_yqjD_yqjC_predicted,0.5,4,3,ATCGTCGATTAACTTACCAA,1,5219758
yqjE_yqjK_yqjD_yqjC_predicted,3.75,17,3,ATCGTCGAAGCACGGCTAAC,14,5235739
yqjE_yqjK_yqjD_yqjC_predicted,2.25,11,3,ATCGTCCCTACGGATTGGAT,8,5190290
yqjE_yqjK_yqjD_yqjC_predicted,1.5,8,3,ATCGTCATCACGCCAAATCC,5,5172817
yqjE_yqjK_yqjD_yqjC_predicted,1.25,7,3,ATCGGTATCTTGTCCAAGTG,4,5239667
yqjE_yqjK_yqjD_yqjC_predicted,1.25,7,3,ATCGCGCGCCTATGTTTCGG,4,5219664
yqjE_yqjK_yqjD_yqjC_predicted,1.75,9,3,ATCCGGGGCATTGACCATAT,6,5228909
yqjE_yqjK_yqjD_yqjC_predicted,8.5,36,3,ATCCGGGACGGACCTGGCGC,33,5218111
yqjE_yqjK_yqjD_yqjC_predicted,6.0,26,3,ATCCCTGAATGTGCAACATG,23,5234232
yqjE_yqjK_yqjD_yqjC_predicted,4.0,18,3,ATCCACATATTATGACTAAA,15,5196027
yqjE_yqjK_yqjD_yqjC_predicted,0.5,4,3,ATCAGGAGGTAAGAATGTAA,1,5204137
yqjE_yqjK_yqjD_yqjC_predicted,3.5,16,3,ATCACTGCCGCATCATATCC,13,5220494
yqjE_yqjK_yqjD_yqjC_predicted,0.75,5,3,ATCAAGATCTGAATCCCGAG,2,5177230
yqjE_yqjK_yqjD_yqjC_predicted,2.25,11,3,ATCAAACGGGTGAGTTTAGA,8,5223488
yqjE_yqjK_yqjD_yqjC_predicted,1.25,7,3,ATCAAACCCGAACAGGGAGA,4,5198570
yqjE_yqjK_yqjD_yqjC_predicted,4.25,19,3,ATATCGGACGTCTAAAGAAT,16,5177701
yqjE_yqjK_yqjD_yqjC_predicted,0.75,5,3,ATATCAGTGTTCTCATACGT,2,5190923
yqjE_yqjK_yqjD_yqjC_predicted,1.25,7,3,ATATAAAGCCAAGGCATAGA,4,5203447
yqjE_yqjK_yqjD_yqjC_predicted,2.5,12,3,ATAGGCTGACACGCGAGTGA,9,5201010
yqjE_yqjK_yqjD_yqjC_predicted,0.5,4,3,ATACTAGATACAACATACTG,1,5227386
yqjE_yqjK_yqjD_yqjC_predicted,0.75,5,3,ATACGGATGTAGGACCAGCC,2,5235197
yqjE_yqjK_yqjD_yqjC_predicted,1.75,9,3,ATACCTAATGCTGTTACAAG,6,5179865
yqjE_yqjK_yqjD_yqjC_predicted,2.5,12,3,ATACACAATTCGTGCCCGTG,9,5206810
yqjE_yqjK_yqjD_yqjC_predicted,1.5,8,3,ATAATTGTAGGTCACTCCTA,5,5197275
yqjE_yqjK_yqjD_yqjC_predicted,4.5,20,3,ATAATATTTGCGTACTTTTA,17,5257462
yqjE_yqjK_yqjD_yqjC_predicted,0.5,4,3,ATAATAGGCAGATGCGTGGG,1,5243892
yqjE_yqjK_yqjD_yqjC_predicted,0.5,4,3,ATAAGGAATTCTTATTAATC,1,5261119
yqjE_yqjK_yqjD_yqjC_predicted,1.25,7,3,ATAAGCGGCAACGCTAAGGT,4,5238844
yqjE_yqjK_yqjD_yqjC_predicted,2.5,12,3,ATAAATAGATTACGCCTAGT,9,5223152
yqjE_yqjK_yqjD_yqjC_predicted,2.0,10,3,ATAAAGTTCCGAGGCATCAC,7,5225666
yqjE_yqjK_yqjD_yqjC_predicted,2.75,13,3,ATAAAGGGCTCGGGGGCCAC,10,5173236
yqjE_yqjK_yqjD_yqjC_predicted,0.5,4,3,ATAAACTGAGTGGCGGAAAA,1,5219599
yqjE_yqjK_yqjD_yqjC_predicted,1.5,8,3,AGTTGGACAAGTATTAGTCT,5,5229304
yqjE_yqjK_yqjD_yqjC_predicted,3.25,15,3,AGTTCTCGATATTGGAAGCT,12,5226846
yqjE_yqjK_yqjD_yqjC_predicted,0.75,5,3,AGTTCCAGCGCTTAATGTCA,2,5189608
yqjE_yqjK_yqjD_yqjC_predicted,1.5,8,3,AGTTAGATTTCCCCTGCTCT,5,5183712
yqjE_yqjK_yqjD_yqjC_predicted,0.75,5,3,AGTGTGTAACCGACTCTGCG,2,5182771
yqjE_yqjK_yqjD_yqjC_predicted,2.0,10,3,AGTCTTCATCCACTGAATTC,7,5182270
yqjE_yqjK_yqjD_yqjC_predicted,0.5,4,3,AGTCCATAGCGTACGACCTA,1,5240907
yqjE_yqjK_yqjD_yqjC_predicted,0.75,5,3,AGTATCCCCGTGTGCCTTTT,2,5219962
yqjE_yqjK_yqjD_yqjC_predicted,1.5,8,3,AGTAGCACAAACTCCATATA,5,5178965
yqjE_yqjK_yqjD_yqjC_predicted,3.25,15,3,AGTACTCTGTACAAAGCCAT,12,5245672
yqjE_yqjK_yqjD_yqjC_predicted,1.5,8,3,AGTAAGCAGGTAGATTCAAA,5,5228125
yqjE_yqjK_yqjD_yqjC_predicted,1.0,6,3,AGGTTGGGTAAGGGAGGTGT,3,5259999
yqjE_yqjK_yqjD_yqjC_predicted,2.75,13,3,AGGTTCGAAATGCCTCGCTG,10,5203543
yqjE_yqjK_yqjD_yqjC_predicted,0.5,4,3,AGGTGAGTGTACAGCATATA,1,5240788
yqjE_yqjK_yqjD_yqjC_predicted,0.75,5,3,AGGTACCGACCTGGCGTTTA,2,5219046
yqjE_yqjK_yqjD_yqjC_predicted,1.25,7,3,AGGGTGGACCTCGCGGCCGT,4,5187066
yqjE_yqjK_yqjD_yqjC_predicted,2.25,11,3,AGGCAGGGTCTACGGCTGCC,8,5190632
yqjE_yqjK_yqjD_yqjC_predicted,0.75,5,3,AGGATGGGTTAGTAGGCCTT,2,5202144
yqjE_yqjK_yqjD_yqjC_predicted,3.0,14,3,AGGACTCTTAGTGTAGTTCC,11,5247972
yqjE_yqjK_yqjD_yqjC_predicted,7.75,33,3,AGCTGGGATCGGTGTGACCC,30,5262998
yqjE_yqjK_yqjD_yqjC_predicted,4.5,20,3,AGCCAGCTCACCTCATGCAT,17,5177302
yqjE_yqjK_yqjD_yqjC_predicted,1.5,8,3,AGCAAGCTGACAGTCTGTAC,5,5258286
yqjE_yqjK_yqjD_yqjC_predicted,4.25,19,3,AGATTACGCCCCCTGGTGCC,16,5188547
yqjE_yqjK_yqjD_yqjC_predicted,6.25,27,3,AGATCACCATGGCCGCGCCC,24,5225362
yqjE_yqjK_yqjD_yqjC_predicted,0.5,4,3,AGAGCAGGCTAATAAGTTTG,1,5259995
yqjE_yqjK_yqjD_yqjC_predicted,3.75,17,3,AGAGAAGAAGGCGTTGTTGA,14,5222404
yqjE_yqjK_yqjD_yqjC_predicted,3.5,16,3,AGACGGAGGCATCCCTTGCT,13,5174222
yqjE_yqjK_yqjD_yqjC_predicted,1.25,7,3,AGAAGGTTCAATTACCCGCT,4,5224096
yqjE_yqjK_yqjD_yqjC_predicted,5.25,23,3,AGAAAGCCCTCGAGGAAAGC,20,5224001
yqjE_yqjK_yqjD_yqjC_predicted,3.75,17,3,ACTTTGTCAAGCATCCGCCG,14,5219397
yqjE_yqjK_yqjD_yqjC_predicted,0.5,4,3,ACTGTGTTCCAGCTACCGAT,1,5232415
yqjE_yqjK_yqjD_yqjC_predicted,1.0,6,3,ACTGACGTGTTTGCAACACG,3,5183704
yqjE_yqjK_yqjD_yqjC_predicted,4.75,21,3,ACTCAAGGGCTAAATATGCA,18,5206611
yqjE_yqjK_yqjD_yqjC_predicted,2.5,12,3,ACTATTTCTAGCTGGACCCC,9,5207185
yqjE_yqjK_yqjD_yqjC_predicted,9.25,39,3,ACTAGGTACATATCAGCGCC,36,5256913
yqjE_yqjK_yqjD_yqjC_predicted,3.0,14,3,ACGTCTGATGGATGACCTCT,11,5222757
yqjE_yqjK_yqjD_yqjC_predicted,0.5,4,3,ACGTATACGGACAACCGTTA,1,5213047
yqjE_yqjK_yqjD_yqjC_predicted,1.0,6,3,ACGTACCGATACACCGGGTA,3,5206360
yqjE_yqjK_yqjD_yqjC_predicted,2.75,13,3,ACGGTGGCGCCCAATGAGTG,10,5217617
yqjE_yqjK_yqjD_yqjC_predicted,1.5,8,3,ACGGTCTGTAGTTTGGTAAA,5,5259266
yqjE_yqjK_yqjD_yqjC_predicted,1.0,6,3,ACGGTCGTCCCTGTTCCATA,3,5190236
yqjE_yqjK_yqjD_yqjC_predicted,0.75,5,3,ACGGCTGTTAGGATCTAACA,2,5256020
yqjE_yqjK_yqjD_yqjC_predicted,1.0,6,3,ACGGAGGGAACCCAGTTAAC,3,5228425
yqjE_yqjK_yqjD_yqjC_predicted,2.25,11,3,ACGGAGCGCACAGCGCGGGA,8,5175165
yqjE_yqjK_yqjD_yqjC_predicted,0.5,4,3,ACGCCTCGGAACTGGGTGGT,1,5249498
yqjE_yqjK_yqjD_yqjC_predicted,0.5,4,3,ACGCCACGTCGGTGGCACCT,1,5248990
yqjE_yqjK_yqjD_yqjC_predicted,2.75,13,3,ACGCAGTTTGAACCAGACTA,10,5190646
yqjE_yqjK_yqjD_yqjC_predicted,4.0,18,3,ACGATTTATGTGCAGTGCAT,15,5171958
yqjE_yqjK_yqjD_yqjC_predicted,0.5,4,3,ACGATCTGTTCGATGGGGCA,1,5194870
yqjE_yqjK_yqjD_yqjC_predicted,4.25,19,3,ACGATACTTGCATGGTTACA,16,5174482
yqjE_yqjK_yqjD_yqjC_predicted,2.75,13,3,ACCTGCGGTCTATCTCTCAT,10,5218775
yqjE_yqjK_yqjD_yqjC_predicted,0.5,4,3,ACCTGACGTTTGGTAAGTGC,1,5184132
yqjE_yqjK_yqjD_yqjC_predicted,0.75,5,3,ACCTCTTGGCGCTAAATAAA,2,5194802
yqjE_yqjK_yqjD_yqjC_predicted,1.5,8,3,ACCGTGCTCCCTCTGCACAC,5,5260730
yqjE_yqjK_yqjD_yqjC_predicted,3.0,14,3,ACCGCTGTTTCGTAGGCTAT,11,5260118
yqjE_yqjK_yqjD_yqjC_predicted,2.5,12,3,ACCGACCCTTAGTTCGATAT,9,5249456
yqjE_yqjK_yqjD_yqjC_predicted,4.5,20,3,ACCCTTTAACTCTTATACTA,17,5198561
yqjE_yqjK_yqjD_yqjC_predicted,2.25,11,3,ACCCAAAAGGTTGTCTACGC,8,5230774
yqjE_yqjK_yqjD_yqjC_predicted,0.75,5,3,ACCATTTCTTCACGTCGAGA,2,5252122
yqjE_yqjK_yqjD_yqjC_predicted,1.0,6,3,ACCAGCGTCGGTGAATTAAG,3,5232249
yqjE_yqjK_yqjD_yqjC_predicted,0.75,5,3,ACCACCGAGTCGCCCGTACT,2,5216999
yqjE_yqjK_yqjD_yqjC_predicted,1.5,8,3,ACCAAGTGCTATGATTTGAC,5,5257849
yqjE_yqjK_yqjD_yqjC_predicted,6.5,28,3,ACCAAACGACTTAAGGGACC,25,5232528
yqjE_yqjK_yqjD_yqjC_predicted,0.5,4,3,ACATCTGTTTATTCATAGCA,1,5243403
yqjE_yqjK_yqjD_yqjC_predicted,3.0,14,3,ACATATCGTACCGCAATGGC,11,5225878
yqjE_yqjK_yqjD_yqjC_predicted,1.5,8,3,ACATATACATCCACACGTTA,5,5211646
yqjE_yqjK_yqjD_yqjC_predicted,1.5,8,3,ACAGGTGCTTCAATGGAGCT,5,5247894
yqjE_yqjK_yqjD_yqjC_predicted,1.0,6,3,ACAGGTCGCCGTGAATCGTA,3,5240695
yqjE_yqjK_yqjD_yqjC_predicted,1.25,7,3,ACAGAATGCCCACCGAGGTT,4,5202977
yqjE_yqjK_yqjD_yqjC_predicted,2.5,12,3,ACACTCTCGGAGGCGGGTGT,9,5176751
yqjE_yqjK_yqjD_yqjC_predicted,2.0,10,3,ACACGGTGTAAGAGTTCATC,7,5239281
yqjE_yqjK_yqjD_yqjC_predicted,1.75,9,3,ACACCGTTATATAATCGTTT,6,5255829
yqjE_yqjK_yqjD_yqjC_predicted,3.75,17,3,ACACCGGTTGCGTGGCCGAA,14,5245709
yqjE_yqjK_yqjD_yqjC_predicted,0.75,5,3,ACACCACTGGATTTAGCGGT,2,5221789
yqjE_yqjK_yqjD_yqjC_predicted,1.5,8,3,ACACAAGAGGAGGCCTTCCC,5,5188594
yqjE_yqjK_yqjD_yqjC_predicted,0.5,4,3,ACAACATAGCGTGAACGTGG,1,5256488
yqjE_yqjK_yqjD_yqjC_predicted,2.5,12,3,AATTTTACTTACAGTTGTTG,9,5245769
yqjE_yqjK_yqjD_yqjC_predicted,3.5,16,3,AATTTCAGGCAATGTCCACG,13,5216651
yqjE_yqjK_yqjD_yqjC_predicted,6.75,29,3,AATGCTGTTTTCTGTCACAG,26,5192940
yqjE_yqjK_yqjD_yqjC_predicted,3.25,15,3,AATGATGATTGAACTCACCT,12,5223411
yqjE_yqjK_yqjD_yqjC_predicted,3.5,16,3,AATGAGTTACTTGGATCCTA,13,5258747
yqjE_yqjK_yqjD_yqjC_predicted,5.5,24,3,AATCGCCACTTGAAAGGACG,21,5254595
yqjE_yqjK_yqjD_yqjC_predicted,3.5,16,3,AATCAGGGACGAGATTAGCA,13,5218233
yqjE_yqjK_yqjD_yqjC_predicted,2.5,12,3,AATCAACACAGATAACACCT,9,5207142
yqjE_yqjK_yqjD_yqjC_predicted,7.0,30,3,AATAGGGTGCCGGGCAGTTC,27,5182293
yqjE_yqjK_yqjD_yqjC_predicted,0.5,4,3,AAGTTACAACGGACCTGGTG,1,5174800
yqjE_yqjK_yqjD_yqjC_predicted,1.5,8,3,AAGTGTCGGTTTACGCATAA,5,5206376
yqjE_yqjK_yqjD_yqjC_predicted,2.75,13,3,AAGTGCCGGAGGCCCCCTTA,10,5252774
yqjE_yqjK_yqjD_yqjC_predicted,2.5,12,3,AAGTCGAAGATTTTTACGGC,9,5245922
yqjE_yqjK_yqjD_yqjC_predicted,3.75,17,3,AAGTCCTGCCCTCCACTGTC,14,5198477
yqjE_yqjK_yqjD_yqjC_predicted,1.25,7,3,AAGGTTCAGTACTCGGGACG,4,5190862
yqjE_yqjK_yqjD_yqjC_predicted,0.5,4,3,AAGGTCGGTTATGCGACGCA,1,5231244
yqjE_yqjK_yqjD_yqjC_predicted,5.25,23,3,AAGGATACGGTTTCTTACAT,20,5239454
yqjE_yqjK_yqjD_yqjC_predicted,1.0,6,3,AAGCTCCTCCGAGGCGAGGC,3,5251887
yqjE_yqjK_yqjD_yqjC_predicted,0.5,4,3,AAGCGGCCGGTGAGCCACGA,1,5224727
yqjE_yqjK_yqjD_yqjC_predicted,2.0,10,3,AAGACTTTTTCAACCATAAG,7,5217199
yqjE_yqjK_yqjD_yqjC_predicted,3.75,17,3,AACTTACCCAAAACAAATTA,14,5258975
yqjE_yqjK_yqjD_yqjC_predicted,1.25,7,3,AACTGTCTATAATTGGTTCC,4,5250098
yqjE_yqjK_yqjD_yqjC_predicted,6.25,27,3,AACTGGGGTTGCTTTAAGTT,24,5180143
yqjE_yqjK_yqjD_yqjC_predicted,6.5,28,3,AACTCCACGGTTGTAGACAC,25,5255220
yqjE_yqjK_yqjD_yqjC_predicted,1.5,8,3,AACTACGGTAAACCCACGCA,5,5199425
yqjE_yqjK_yqjD_yqjC_predicted,3.25,15,3,AACGTAGCAACGGTACCCTT,12,5171635
yqjE_yqjK_yqjD_yqjC_predicted,4.75,21,3,AACGGGACACAAGGGAAAAC,18,5173321
yqjE_yqjK_yqjD_yqjC_predicted,0.5,4,3,AACGATTTGTACAGGAGTCA,1,5196761
yqjE_yqjK_yqjD_yqjC_predicted,1.0,6,3,AACCTTCGGCTGCTACATGG,3,5248101
yqjE_yqjK_yqjD_yqjC_predicted,1.25,7,3,AACCGCGGCAGCAGCGATCC,4,5260163
yqjE_yqjK_yqjD_yqjC_predicted,1.5,8,3,AACCGCCCAGCAAGAGACGA,5,5216609
yqjE_yqjK_yqjD_yqjC_predicted,0.75,5,3,AACCGAACTCGATGAAGCTG,2,5248617
yqjE_yqjK_yqjD_yqjC_predicted,3.75,17,3,AACCACCTTCTTGGACATTA,14,5216898
yqjE_yqjK_yqjD_yqjC_predicted,0.5,4,3,AACCACACTATAGAGGGAAC,1,5261768
yqjE_yqjK_yqjD_yqjC_predicted,6.0,26,3,AACATTCTTGTCAACCTACT,23,5209650
yqjE_yqjK_yqjD_yqjC_predicted,2.0,10,3,AACACCAGTCATCGGGATTC,7,5224224
yqjE_yqjK_yqjD_yqjC_predicted,0.5,4,3,AAATCGTTTATGTACCCGCA,1,5227803
yqjE_yqjK_yqjD_yqjC_predicted,1.0,6,3,AAATAAGGGCTAGGCGATTG,3,5259793
yqjE_yqjK_yqjD_yqjC_predicted,2.75,13,3,AAATAAAAGAGCAACGAAGC,10,5220747
yqjE_yqjK_yqjD_yqjC_predicted,6.75,29,3,AAAGGTTATTGGCTTCGATT,26,5214533
yqjE_yqjK_yqjD_yqjC_predicted,3.5,16,3,AAAGGGTGTAATGATTCGTT,13,5198884
yqjE_yqjK_yqjD_yqjC_predicted,0.5,4,3,AAAGCACTCCTGGCTAACCA,1,5187334
yqjE_yqjK_yqjD_yqjC_predicted,4.0,18,3,AAACGAAGTTAAAGAGTCCC,15,5232132
yqjE_yqjK_yqjD_yqjC_predicted,0.75,5,3,AAACCTATACTACTAACGAA,2,5190174
yqjE_yqjK_yqjD_yqjC_predicted,4.75,21,3,AAACCAGCAATAACCCGTGT,18,5229989
yqjE_yqjK_yqjD_yqjC_predicted,0.75,5,3,AAACCACAAGTGCGGTTAGA,2,5173970
yqjE_yqjK_yqjD_yqjC_predicted,1.25,7,3,AAACAGTTTCACGGCCGACC,4,5236843
yqjE_yqjK_yqjD_yqjC_predicted,0.75,5,3,AAACAGGAGCTTATTGTGGC,2,5185791
yqjE_yqjK_yqjD_yqjC_predicted,2.25,11,3,AAACACACCTGCGCCTCTAC,8,5205814
yqjE_yqjK_yqjD_yqjC_predicted,2.25,11,3,AAAAGCTCATCCAGATACTC,8,5231619
yqjE_yqjK_yqjD_yqjC_predicted,1.25,7,3,AAAACTGGAAGGTGGACTAC,4,5260799
yqjE_yqjK_yqjD_yqjC_predicted,1.0,6,3,AAAACCTGGCACGTACATGA,3,5171012
yqjE_yqjK_yqjD_yqjC_predicted,0.6666666666666666,3,2,TTTTTTTAATAATCGCCTAA,1,5187839
yqjE_yqjK_yqjD_yqjC_predicted,2.3333333333333335,8,2,TTTTAGAATTTGACTTACCA,6,5200206
yqjE_yqjK_yqjD_yqjC_predicted,0.6666666666666666,3,2,TTTGTGAGCGCAACGAACGC,1,5190963
yqjE_yqjK_yqjD_yqjC_predicted,1.0,4,2,TTTCTGGCAAGTTCCGACCG,2,5188518
yqjE_yqjK_yqjD_yqjC_predicted,1.6666666666666667,6,2,TTTCCTGGACTTCACTTCAC,4,5210290
yqjE_yqjK_yqjD_yqjC_predicted,2.0,7,2,TTTCCGCCCTTGCGTTCCTT,5,5216094
yqjE_yqjK_yqjD_yqjC_predicted,2.3333333333333335,8,2,TTTAGTTCAAATCCGAGTTG,6,5221409
yqjE_yqjK_yqjD_yqjC_predicted,2.6666666666666665,9,2,TTTAGTCGTTCATAAGAAGA,7,5233401
yqjE_yqjK_yqjD_yqjC_predicted,4.666666666666667,15,2,TTTAGACTTCTTGTAATATG,13,5205218
yqjE_yqjK_yqjD_yqjC_predicted,1.0,4,2,TTTACGCACGCTGTTGATAC,2,5232084
yqjE_yqjK_yqjD_yqjC_predicted,5.333333333333333,17,2,TTTACACCCGAATGAGTAAG,15,5193170
yqjE_yqjK_yqjD_yqjC_predicted,2.0,7,2,TTTAACGGGCAGGAACACTC,5,5250890
yqjE_yqjK_yqjD_yqjC_predicted,3.6666666666666665,12,2,TTTAAATCATCGGACCATCT,10,5209273
yqjE_yqjK_yqjD_yqjC_predicted,1.0,4,2,TTGTTGCACCATCAAAGGAC,2,5214602
yqjE_yqjK_yqjD_yqjC_predicted,0.6666666666666666,3,2,TTGTCATCAAACATGTTATA,1,5224752
yqjE_yqjK_yqjD_yqjC_predicted,0.6666666666666666,3,2,TTGTACATGCCAAGTGGGAT,1,5244797
yqjE_yqjK_yqjD_yqjC_predicted,2.3333333333333335,8,2,TTGGTAGGGTAACATAAGGG,6,5256967
yqjE_yqjK_yqjD_yqjC_predicted,9.0,28,2,TTGGCTGATATAAGGTTGTC,26,5238588
yqjE_yqjK_yqjD_yqjC_predicted,1.0,4,2,TTGGCTCTACGTGCACATAT,2,5232926
yqjE_yqjK_yqjD_yqjC_predicted,2.6666666666666665,9,2,TTGGCACCGCGTCCCAGTGG,7,5251522
yqjE_yqjK_yqjD_yqjC_predicted,3.0,10,2,TTGGCAACCCAATCTCTAAT,8,5251908
yqjE_yqjK_yqjD_yqjC_predicted,0.6666666666666666,3,2,TTGGATTTATAAATAGTTTT,1,5230498
yqjE_yqjK_yqjD_yqjC_predicted,8.0,25,2,TTGGAAGAATTGTTCAAGAG,23,5182152
yqjE_yqjK_yqjD_yqjC_predicted,8.666666666666666,27,2,TTGAGGAACCGGCTCACGGA,25,5214464
yqjE_yqjK_yqjD_yqjC_predicted,3.0,10,2,TTGACTCTGGGTGCTTATTT,8,5217878
yqjE_yqjK_yqjD_yqjC_predicted,8.333333333333334,26,2,TTGACACCCGTCGGACAAAT,24,5178468
yqjE_yqjK_yqjD_yqjC_predicted,1.0,4,2,TTGAAAACCTCACGCTAAGG,2,5180620
yqjE_yqjK_yqjD_yqjC_predicted,1.6666666666666667,6,2,TTCTTGACTTCAATACCATC,4,5258274
yqjE_yqjK_yqjD_yqjC_predicted,0.6666666666666666,3,2,TTCTCCCAAACATGGCTCGT,1,5234545
yqjE_yqjK_yqjD_yqjC_predicted,7.666666666666667,24,2,TTCGTCTGAAACTCTCCCAT,22,5205582
yqjE_yqjK_yqjD_yqjC_predicted,3.3333333333333335,11,2,TTCGTCCTAATTAGTCGCCT,9,5246884
yqjE_yqjK_yqjD_yqjC_predicted,3.0,10,2,TTCGTAGACATGGCAATCAG,8,5241261
yqjE_yqjK_yqjD_yqjC_predicted,5.0,16,2,TTCGGTCTATCTGAAGGAGA,14,5225386
yqjE_yqjK_yqjD_yqjC_predicted,1.6666666666666667,6,2,TTCGGGATCGTTGGGTCAAG,4,5221751
yqjE_yqjK_yqjD_yqjC_predicted,0.6666666666666666,3,2,TTCGCCAAAGTATTCCCACA,1,5230636
yqjE_yqjK_yqjD_yqjC_predicted,2.0,7,2,TTCGACCGGGGGTTTGCTAA,5,5196013
yqjE_yqjK_yqjD_yqjC_predicted,1.3333333333333333,5,2,TTCCTGTAGATCCATAAGAT,3,5216088
yqjE_yqjK_yqjD_yqjC_predicted,3.6666666666666665,12,2,TTCCCTTGGGGGTAGGCAGG,10,5176588
yqjE_yqjK_yqjD_yqjC_predicted,4.333333333333333,14,2,TTCCATGAGCTAGTTTTTTT,12,5225443
yqjE_yqjK_yqjD_yqjC_predicted,9.0,28,2,TTCATGGTGAGTAGGCAACG,26,5204244
yqjE_yqjK_yqjD_yqjC_predicted,0.6666666666666666,3,2,TTCATGATCAAGCCTACCTG,1,5209167
yqjE_yqjK_yqjD_yqjC_predicted,2.6666666666666665,9,2,TTCAGAAAGGTGGAGGCAGG,7,5232835
yqjE_yqjK_yqjD_yqjC_predicted,5.0,16,2,TTCAATTAATCCAGTACCCT,14,5232734
yqjE_yqjK_yqjD_yqjC_predicted,11.666666666666666,36,2,TTCAACCCATTTATAAGATG,34,5172042
yqjE_yqjK_yqjD_yqjC_predicted,0.6666666666666666,3,2,TTATTTGGGCCGGGTTAAGT,1,5228857
yqjE_yqjK_yqjD_yqjC_predicted,1.6666666666666667,6,2,TTATGGTAACTTTTGAAATT,4,5248682
yqjE_yqjK_yqjD_yqjC_predicted,2.0,7,2,TTAGGACACGGCTTTAGATA,5,5211196
yqjE_yqjK_yqjD_yqjC_predicted,4.0,13,2,TTAGACGTCTTAGGTTTGCG,11,5220581
yqjE_yqjK_yqjD_yqjC_predicted,1.0,4,2,TTACGTAATTCACAAGGTAC,2,5227742
yqjE_yqjK_yqjD_yqjC_predicted,1.3333333333333333,5,2,TTACGGGCAGACGTTGTCCC,3,5218392
yqjE_yqjK_yqjD_yqjC_predicted,2.3333333333333335,8,2,TTAATCCATCACAGTAGCGG,6,5252516
yqjE_yqjK_yqjD_yqjC_predicted,0.6666666666666666,3,2,TGTTGTTCGTGTGACAAATC,1,5199950
yqjE_yqjK_yqjD_yqjC_predicted,1.6666666666666667,6,2,TGTTGATAGCGGGGCGGGCG,4,5225925
yqjE_yqjK_yqjD_yqjC_predicted,3.3333333333333335,11,2,TGTTCAGGGCCGTTTGAGGC,9,5226087
yqjE_yqjK_yqjD_yqjC_predicted,3.0,10,2,TGTGTGGATGCGGGGGTGAG,8,5227248
yqjE_yqjK_yqjD_yqjC_predicted,2.3333333333333335,8,2,TGTGGTTGCGGGACTCGCTA,6,5229310
yqjE_yqjK_yqjD_yqjC_predicted,1.0,4,2,TGTCTAATTGCTTCCATTCA,2,5261523
yqjE_yqjK_yqjD_yqjC_predicted,2.6666666666666665,9,2,TGTCTAACACATGATGCAGA,7,5171485
yqjE_yqjK_yqjD_yqjC_predicted,1.0,4,2,TGTCGCAGAGCTCGCATACG,2,5173457
yqjE_yqjK_yqjD_yqjC_predicted,5.0,16,2,TGTCGCAATGCGTATGCTGG,14,5191889
yqjE_yqjK_yqjD_yqjC_predicted,9.666666666666666,30,2,TGTACGGAAACAACTAGCAA,28,5221279
yqjE_yqjK_yqjD_yqjC_predicted,7.0,22,2,TGTACACATAGGAAGCTTGT,20,5176154
yqjE_yqjK_yqjD_yqjC_predicted,13.666666666666666,42,2,TGTAAGGCCTCGCATAAATA,40,5235384
yqjE_yqjK_yqjD_yqjC_predicted,3.3333333333333335,11,2,TGGTTGAAGGAAAGGCTAAT,9,5194128
yqjE_yqjK_yqjD_yqjC_predicted,1.6666666666666667,6,2,TGGTGTATTTAGCCATGAGT,4,5248900
yqjE_yqjK_yqjD_yqjC_predicted,3.3333333333333335,11,2,TGGTCCGCCTTCCTTCTACA,9,5207285
yqjE_yqjK_yqjD_yqjC_predicted,6.0,19,2,TGGGGGATTCAGTTCCTTGA,17,5218517
yqjE_yqjK_yqjD_yqjC_predicted,1.0,4,2,TGGGGAACATATTGGTTCAA,2,5243489
yqjE_yqjK_yqjD_yqjC_predicted,1.3333333333333333,5,2,TGGCTCGTCGTCCTACGTTC,3,5172355
yqjE_yqjK_yqjD_yqjC_predicted,3.3333333333333335,11,2,TGGCTATGTGGGGTGACAGT,9,5210383
yqjE_yqjK_yqjD_yqjC_predicted,5.333333333333333,17,2,TGGCCACCGATGAGGTCGAT,15,5209714
yqjE_yqjK_yqjD_yqjC_predicted,5.666666666666667,18,2,TGGATGACTCAATGCTTGGT,16,5198311
yqjE_yqjK_yqjD_yqjC_predicted,2.0,7,2,TGGACTCTCCATAGGTGGAA,5,5189522
yqjE_yqjK_yqjD_yqjC_predicted,1.0,4,2,TGCTATACTTAGTCCCGTTA,2,5236612
yqjE_yqjK_yqjD_yqjC_predicted,6.666666666666667,21,2,TGCTAAAGTTTCATTGGGGT,19,5243700
yqjE_yqjK_yqjD_yqjC_predicted,2.6666666666666665,9,2,TGCCTCACGTCATCGTCCCC,7,5196847
yqjE_yqjK_yqjD_yqjC_predicted,4.666666666666667,15,2,TGCCCTGTAGTATAGGGGAC,13,5203917
yqjE_yqjK_yqjD_yqjC_predicted,6.0,19,2,TGCCCGTCCCGTCTCGGCTT,17,5223406
yqjE_yqjK_yqjD_yqjC_predicted,1.3333333333333333,5,2,TGCATTCTGGCACAGCCACT,3,5248353
yqjE_yqjK_yqjD_yqjC_predicted,2.0,7,2,TGCATCCGGAGAGTTTTTGG,5,5259002
yqjE_yqjK_yqjD_yqjC_predicted,0.6666666666666666,3,2,TGCAGTGGCGGGTTCCTCGA,1,5193357
yqjE_yqjK_yqjD_yqjC_predicted,5.666666666666667,18,2,TGCAGGGTCAAGGCAAGTCG,16,5258831
yqjE_yqjK_yqjD_yqjC_predicted,0.6666666666666666,3,2,TGCAGCCCAAAGAATCTTTC,1,5220881
yqjE_yqjK_yqjD_yqjC_predicted,3.3333333333333335,11,2,TGCAGATACTTATACGAGCT,9,5180513
yqjE_yqjK_yqjD_yqjC_predicted,0.6666666666666666,3,2,TGCACTGGTAAAGCACGGAG,1,5260510
yqjE_yqjK_yqjD_yqjC_predicted,3.0,10,2,TGCACGACCCAGATCCCTCG,8,5255678
yqjE_yqjK_yqjD_yqjC_predicted,8.333333333333334,26,2,TGCAAGTTTCGAACGTAAGT,24,5218404
yqjE_yqjK_yqjD_yqjC_predicted,2.6666666666666665,9,2,TGATTGATTTCGAAGAATAC,7,5181223
yqjE_yqjK_yqjD_yqjC_predicted,1.3333333333333333,5,2,TGATTCGGCACGCGCATCGC,3,5224749
yqjE_yqjK_yqjD_yqjC_predicted,1.3333333333333333,5,2,TGATGGTTGGACCCGTCGGC,3,5226055
yqjE_yqjK_yqjD_yqjC_predicted,6.666666666666667,21,2,TGATGCCGGTTCATTCCGAA,19,5209955
yqjE_yqjK_yqjD_yqjC_predicted,1.6666666666666667,6,2,TGATCTACGAGAGTCCCCCT,4,5183395
yqjE_yqjK_yqjD_yqjC_predicted,6.666666666666667,21,2,TGATCATTCCAGAAGGTTGT,19,5187501
yqjE_yqjK_yqjD_yqjC_predicted,4.0,13,2,TGATCAGGCCGCCCTCAAGG,11,5198767
yqjE_yqjK_yqjD_yqjC_predicted,0.6666666666666666,3,2,TGAGTTGTAGGCGGCGACAG,1,5218053
yqjE_yqjK_yqjD_yqjC_predicted,1.6666666666666667,6,2,TGAGTTAAATTTGTGTTTAA,4,5185387
yqjE_yqjK_yqjD_yqjC_predicted,5.0,16,2,TGAGTCACAATATACAGTGG,14,5255685
yqjE_yqjK_yqjD_yqjC_predicted,0.6666666666666666,3,2,TGAGGTTACACGTGTGGAGG,1,5171024
yqjE_yqjK_yqjD_yqjC_predicted,8.333333333333334,26,2,TGAGGATCACAGCTTGTGTA,24,5251328
yqjE_yqjK_yqjD_yqjC_predicted,2.3333333333333335,8,2,TGAGAGTGGCCCTGGCACAA,6,5177163
yqjE_yqjK_yqjD_yqjC_predicted,6.0,19,2,TGACTGTGATCTTCGACTAT,17,5262418
yqjE_yqjK_yqjD_yqjC_predicted,4.0,13,2,TGACGTCACGTCCTAGCAGT,11,5225899
yqjE_yqjK_yqjD_yqjC_predicted,7.0,22,2,TGACGATCACCCATACCGAC,20,5249805
yqjE_yqjK_yqjD_yqjC_predicted,6.0,19,2,TGACCGATCAATCTCCATAT,17,5174778
yqjE_yqjK_yqjD_yqjC_predicted,2.3333333333333335,8,2,TCTTTGATAGATGCCTCGAT,6,5226302
yqjE_yqjK_yqjD_yqjC_predicted,3.6666666666666665,12,2,TCTTTAAACGCATCTGACGG,10,5173220
yqjE_yqjK_yqjD_yqjC_predicted,0.6666666666666666,3,2,TCTTGCACCCGATTTAACCT,1,5198692
yqjE_yqjK_yqjD_yqjC_predicted,3.3333333333333335,11,2,TCTGGGGATTACGGTGCGAC,9,5171649
yqjE_yqjK_yqjD_yqjC_predicted,2.0,7,2,TCTGCCAGAGGAAGTTATAT,5,5246421
yqjE_yqjK_yqjD_yqjC_predicted,8.0,25,2,TCTGATCTCGTATGGCGGTC,23,5228698
yqjE_yqjK_yqjD_yqjC_predicted,1.3333333333333333,5,2,TCTCTGCAACCCGACGGTTG,3,5258431
yqjE_yqjK_yqjD_yqjC_predicted,2.6666666666666665,9,2,TCTCGTTTGACGGGTGTAAC,7,5172975
yqjE_yqjK_yqjD_yqjC_predicted,3.0,10,2,TCTCCAGTCTGGGGTCCGTC,8,5187322
yqjE_yqjK_yqjD_yqjC_predicted,13.666666666666666,42,2,TCTATTTTCGTGCTAAGGTC,40,5184120
yqjE_yqjK_yqjD_yqjC_predicted,5.666666666666667,18,2,TCTAATGCTTAATTTCATCC,16,5204586
yqjE_yqjK_yqjD_yqjC_predicted,0.6666666666666666,3,2,TCTAACTTTGTATCGTCGCA,1,5178439
yqjE_yqjK_yqjD_yqjC_predicted,3.6666666666666665,12,2,TCTAAATGCTAGAGCGTCTC,10,5217701
yqjE_yqjK_yqjD_yqjC_predicted,1.3333333333333333,5,2,TCGTGTTAGGTCCAGACATT,3,5239117
yqjE_yqjK_yqjD_yqjC_predicted,0.6666666666666666,3,2,TCGTGCGGCAAACAGATGAA,1,5231235
yqjE_yqjK_yqjD_yqjC_predicted,7.0,22,2,TCGGTTATAATTTAAATACA,20,5174529
yqjE_yqjK_yqjD_yqjC_predicted,2.3333333333333335,8,2,TCGGTCGGTTATGCCTTCTG,6,5218765
yqjE_yqjK_yqjD_yqjC_predicted,6.666666666666667,21,2,TCGGCCCGAGAATGAGTGCT,19,5253295
yqjE_yqjK_yqjD_yqjC_predicted,5.666666666666667,18,2,TCGGCAAATCTCGCTTCGTC,16,5195770
yqjE_yqjK_yqjD_yqjC_predicted,9.333333333333334,29,2,TCGGATTATAGCTTGGGTAC,27,5251399
yqjE_yqjK_yqjD_yqjC_predicted,5.0,16,2,TCGGAGAGTTTGCTGAGTGC,14,5248295
yqjE_yqjK_yqjD_yqjC_predicted,6.333333333333333,20,2,TCGCTCTATCATACCAAAAC,18,5259804
yqjE_yqjK_yqjD_yqjC_predicted,0.6666666666666666,3,2,TCGCGGACGGCTGCAATAGT,1,5258619
yqjE_yqjK_yqjD_yqjC_predicted,2.6666666666666665,9,2,TCGCGAGTTAGGTGCCATAA,7,5224702
yqjE_yqjK_yqjD_yqjC_predicted,0.6666666666666666,3,2,TCGCCAGTCTGAACCATTTA,1,5236539
yqjE_yqjK_yqjD_yqjC_predicted,5.666666666666667,18,2,TCGCAGGATAGTGTGAGGAG,16,5261248
yqjE_yqjK_yqjD_yqjC_predicted,5.333333333333333,17,2,TCCTTATCAAGGTAGGGATT,15,5232777
yqjE_yqjK_yqjD_yqjC_predicted,3.0,10,2,TCCTCTAAGAGAGGTCGATT,8,5261926
yqjE_yqjK_yqjD_yqjC_predicted,1.0,4,2,TCCTCGTGAAGCCACTTGTT,2,5248977
yqjE_yqjK_yqjD_yqjC_predicted,8.333333333333334,26,2,TCCTCGCCCTTCGCGTCCGA,24,5230258
yqjE_yqjK_yqjD_yqjC_predicted,7.666666666666667,24,2,TCCTAGCGCCTGTATGAATA,22,5235888
yqjE_yqjK_yqjD_yqjC_predicted,5.666666666666667,18,2,TCCGCCCGCCGCATGCAGAT,16,5238717
yqjE_yqjK_yqjD_yqjC_predicted,6.333333333333333,20,2,TCCCATTCATGTATCCGCCT,18,5178922
yqjE_yqjK_yqjD_yqjC_predicted,3.6666666666666665,12,2,TCCATCTCACAACGTATGAC,10,5180521
yqjE_yqjK_yqjD_yqjC_predicted,1.0,4,2,TCCATATTTGGGATTGACAT,2,5175834
yqjE_yqjK_yqjD_yqjC_predicted,2.0,7,2,TCCAGGTAACGACCGTTAAC,5,5204363
yqjE_yqjK_yqjD_yqjC_predicted,4.333333333333333,14,2,TCCAACATAGCCAAAATGTA,12,5259280
yqjE_yqjK_yqjD_yqjC_predicted,7.666666666666667,24,2,TCATTATTACTTACAGAATC,22,5235380
yqjE_yqjK_yqjD_yqjC_predicted,11.666666666666666,36,2,TCATATCGCATCCATACACG,34,5195878
yqjE_yqjK_yqjD_yqjC_predicted,4.666666666666667,15,2,TCAGGCTTTCAAATCTCAGA,13,5181384
yqjE_yqjK_yqjD_yqjC_predicted,4.333333333333333,14,2,TCAGAGCTTTTTATGCGCTA,12,5249532
yqjE_yqjK_yqjD_yqjC_predicted,2.6666666666666665,9,2,TCACGCTGGAAAGTGTAATC,7,5236462
yqjE_yqjK_yqjD_yqjC_predicted,5.666666666666667,18,2,TCACGAGAAGTACGGGTTTA,16,5237672
yqjE_yqjK_yqjD_yqjC_predicted,1.6666666666666667,6,2,TCAAGCGTCAAAAGCGGTAA,4,5184585
yqjE_yqjK_yqjD_yqjC_predicted,4.333333333333333,14,2,TCAACCGCAATTAATCCCAG,12,5241035
yqjE_yqjK_yqjD_yqjC_predicted,6.666666666666667,21,2,TATGTTATGAGCATGGGTCC,19,5243904
yqjE_yqjK_yqjD_yqjC_predicted,0.6666666666666666,3,2,TATGTTATCGGAAGTTGCCA,1,5204527
yqjE_yqjK_yqjD_yqjC_predicted,1.0,4,2,TATGTCCTTTGTGCCCGATA,2,5175902
yqjE_yqjK_yqjD_yqjC_predicted,12.333333333333334,38,2,TATCAGGGCGCACCCTCTGG,36,5244108
yqjE_yqjK_yqjD_yqjC_predicted,1.0,4,2,TATATATGGGGTTCCTCCCT,2,5187389
yqjE_yqjK_yqjD_yqjC_predicted,1.3333333333333333,5,2,TATACGGATGTAATTTCATG,3,5241408
yqjE_yqjK_yqjD_yqjC_predicted,0.6666666666666666,3,2,TAGTCGGCCCCTACGTACTT,1,5221320
yqjE_yqjK_yqjD_yqjC_predicted,2.0,7,2,TAGGGTGGCTGTGCAGACCT,5,5217387
yqjE_yqjK_yqjD_yqjC_predicted,2.6666666666666665,9,2,TAGGCAAAATGATGGGACGT,7,5237248
yqjE_yqjK_yqjD_yqjC_predicted,0.6666666666666666,3,2,TAGGAGGCATTAAAAGCGGA,1,5219199
yqjE_yqjK_yqjD_yqjC_predicted,2.6666666666666665,9,2,TAGCAGCTCCCCCTACTCCT,7,5204282
yqjE_yqjK_yqjD_yqjC_predicted,3.0,10,2,TAGAGCTATACATCAACCGG,8,5242433
yqjE_yqjK_yqjD_yqjC_predicted,2.6666666666666665,9,2,TAGAACATTAGGGATTAACT,7,5203156
yqjE_yqjK_yqjD_yqjC_predicted,2.6666666666666665,9,2,TAGAACACTTGTCCGTGCTT,7,5211810
yqjE_yqjK_yqjD_yqjC_predicted,2.6666666666666665,9,2,TACGCTGTACTTCCTGCCAA,7,5251137
yqjE_yqjK_yqjD_yqjC_predicted,4.0,13,2,TACGAATCCGGGGTGTGGTT,11,5249797
yqjE_yqjK_yqjD_yqjC_predicted,0.6666666666666666,3,2,TACCGAGGGACCCGAATTAG,1,5226069
yqjE_yqjK_yqjD_yqjC_predicted,1.0,4,2,TACCCTTGGATCGGCTAAGT,2,5260815
yqjE_yqjK_yqjD_yqjC_predicted,2.6666666666666665,9,2,TACCCAGAGATAGCCGATAC,7,5255423
yqjE_yqjK_yqjD_yqjC_predicted,4.333333333333333,14,2,TACATTGTTTTAAGTGCTAA,12,5210217
yqjE_yqjK_yqjD_yqjC_predicted,2.6666666666666665,9,2,TACAGGTTAATGACCTGTAT,7,5253442
yqjE_yqjK_yqjD_yqjC_predicted,1.0,4,2,TACAGGTCGGATTATTAGCG,2,5190419
yqjE_yqjK_yqjD_yqjC_predicted,1.0,4,2,TACAGGTAGTCCGCATATAA,2,5254412
yqjE_yqjK_yqjD_yqjC_predicted,0.6666666666666666,3,2,TACACTCGCTGACTTGGTGT,1,5189810
yqjE_yqjK_yqjD_yqjC_predicted,7.333333333333333,23,2,TACACGGTCACTAACTCATA,21,5224230
yqjE_yqjK_yqjD_yqjC_predicted,1.0,4,2,TACACCAGCGACGGGTAACT,2,5214408
yqjE_yqjK_yqjD_yqjC_predicted,1.3333333333333333,5,2,TAATTGTGGAGTAATTCTAC,3,5212714
yqjE_yqjK_yqjD_yqjC_predicted,6.333333333333333,20,2,TAATAGACTTAACCGTCTCA,18,5239611
yqjE_yqjK_yqjD_yqjC_predicted,2.6666666666666665,9,2,TAAGTGCCGCTGAAGTTGCA,7,5200790
yqjE_yqjK_yqjD_yqjC_predicted,2.0,7,2,TAAGGTACGCCCCGGAATTA,5,5259620
yqjE_yqjK_yqjD_yqjC_predicted,1.3333333333333333,5,2,TAACGTTTGTACTCACGAGA,3,5175133
yqjE_yqjK_yqjD_yqjC_predicted,2.3333333333333335,8,2,TAACGGGACTGTGGTGCTTA,6,5251141
yqjE_yqjK_yqjD_yqjC_predicted,3.3333333333333335,11,2,TAACGGATAACCGGTTCGAA,9,5216486
yqjE_yqjK_yqjD_yqjC_predicted,1.3333333333333333,5,2,TAACATTTACCGATGTATCC,3,5248835
yqjE_yqjK_yqjD_yqjC_predicted,1.3333333333333333,5,2,TAAATTCGCGGAAGAGCATA,3,5236622
yqjE_yqjK_yqjD_yqjC_predicted,3.0,10,2,TAAACGACCGAATGCGCTAC,8,5183622
yqjE_yqjK_yqjD_yqjC_predicted,5.0,16,2,GTTTTTATGGTACAGGGACG,14,5228927
yqjE_yqjK_yqjD_yqjC_predicted,2.6666666666666665,9,2,GTTTTCCGACCGAGCCCTAA,7,5233315
yqjE_yqjK_yqjD_yqjC_predicted,0.6666666666666666,3,2,GTTTGCGTTTAGGGACGGAG,1,5184896
yqjE_yqjK_yqjD_yqjC_predicted,1.0,4,2,GTTTGCGTTCCGTTTCGGTG,2,5227395
yqjE_yqjK_yqjD_yqjC_predicted,2.0,7,2,GTTTCTAGAGTTTGAATATT,5,5255360
yqjE_yqjK_yqjD_yqjC_predicted,5.333333333333333,17,2,GTTTCCGTCGCCTACGCTTC,15,5188997
yqjE_yqjK_yqjD_yqjC_predicted,0.6666666666666666,3,2,GTTTATTTTAATACCCGGTG,1,5235788
yqjE_yqjK_yqjD_yqjC_predicted,1.6666666666666667,6,2,GTTTATTCCGCGTCTATGTC,4,5200814
yqjE_yqjK_yqjD_yqjC_predicted,6.333333333333333,20,2,GTTTACAGAGTTATTGCTAC,18,5231661
yqjE_yqjK_yqjD_yqjC_predicted,2.0,7,2,GTTGGTCGGCTGGTCGTGAT,5,5192337
yqjE_yqjK_yqjD_yqjC_predicted,1.6666666666666667,6,2,GTTGGGGTAGCTAGGTCGCT,4,5205084
yqjE_yqjK_yqjD_yqjC_predicted,0.6666666666666666,3,2,GTTCTTTTACCCCCACGCTT,1,5187085
yqjE_yqjK_yqjD_yqjC_predicted,0.6666666666666666,3,2,GTTCTTGGTTGTAGCGCTAA,1,5262468
yqjE_yqjK_yqjD_yqjC_predicted,2.0,7,2,GTTCGAAGGTTAAAGCGGGG,5,5239608
yqjE_yqjK_yqjD_yqjC_predicted,3.3333333333333335,11,2,GTTCACGAATCCGTACTGGT,9,5254949
yqjE_yqjK_yqjD_yqjC_predicted,1.6666666666666667,6,2,GTTATCTTGAAATTTGGCGC,4,5208288
yqjE_yqjK_yqjD_yqjC_predicted,3.3333333333333335,11,2,GTTATACGGGTAAGCCAAAC,9,5210277
yqjE_yqjK_yqjD_yqjC_predicted,2.0,7,2,GTTAGGCACGTTTATTTCCA,5,5257774
yqjE_yqjK_yqjD_yqjC_predicted,6.666666666666667,21,2,GTTAGACTTGCTGCCTCATT,19,5180451
yqjE_yqjK_yqjD_yqjC_predicted,0.6666666666666666,3,2,GTGTCGCATGGTTAAGTTTT,1,5199974
yqjE_yqjK_yqjD_yqjC_predicted,3.3333333333333335,11,2,GTGTCCAAATAATCGACGTT,9,5257293
yqjE_yqjK_yqjD_yqjC_predicted,13.333333333333334,41,2,GTGGGGCGCCTTTATGGTTT,39,5260882
yqjE_yqjK_yqjD_yqjC_predicted,1.6666666666666667,6,2,GTGGGGAGCGTCTGCGGGTT,4,5256462
yqjE_yqjK_yqjD_yqjC_predicted,2.3333333333333335,8,2,GTGCTTATGATTCTCTTAGA,6,5226453
yqjE_yqjK_yqjD_yqjC_predicted,11.333333333333334,35,2,GTGCGTGGACTCCGTACTGT,33,5234443
yqjE_yqjK_yqjD_yqjC_predicted,0.6666666666666666,3,2,GTGCCTAGGTATCCGACAAC,1,5248156
yqjE_yqjK_yqjD_yqjC_predicted,3.0,10,2,GTGCAGCCCCGAATGGTCAG,8,5209952
yqjE_yqjK_yqjD_yqjC_predicted,4.666666666666667,15,2,GTGATTACCGGACGGGGATT,13,5233974
yqjE_yqjK_yqjD_yqjC_predicted,2.3333333333333335,8,2,GTGAAATTCTCGCCACCCGG,6,5218275
yqjE_yqjK_yqjD_yqjC_predicted,1.6666666666666667,6,2,GTCTTATCGCTGAAAGCTTT,4,5228803
yqjE_yqjK_yqjD_yqjC_predicted,6.0,19,2,GTCGTCATGAGCTGTTCACA,17,5191541
yqjE_yqjK_yqjD_yqjC_predicted,3.6666666666666665,12,2,GTCGCTCCGTATACGCATTT,10,5249927
yqjE_yqjK_yqjD_yqjC_predicted,6.333333333333333,20,2,GTCCTAGCTAATGTGGGTGG,18,5171665
yqjE_yqjK_yqjD_yqjC_predicted,0.6666666666666666,3,2,GTCCTAAATTTCCCTTTTTC,1,5204615
yqjE_yqjK_yqjD_yqjC_predicted,0.6666666666666666,3,2,GTCCATGGGCGTTAGAGGCT,1,5177887
yqjE_yqjK_yqjD_yqjC_predicted,2.6666666666666665,9,2,GTCCACAGAGTAGCAACCTA,7,5200156
yqjE_yqjK_yqjD_yqjC_predicted,1.0,4,2,GTCATAGTCGCCAGTGGTCT,2,5200384
yqjE_yqjK_yqjD_yqjC_predicted,11.666666666666666,36,2,GTCATAGAGTTGGTGGTTTC,34,5179903
yqjE_yqjK_yqjD_yqjC_predicted,1.6666666666666667,6,2,GTATTTTCGTGACCTTACCC,4,5183669
yqjE_yqjK_yqjD_yqjC_predicted,1.0,4,2,GTATTGACAGAGGTATTTCG,2,5219522
yqjE_yqjK_yqjD_yqjC_predicted,0.6666666666666666,3,2,GTATGCTACGACGGTACGCA,1,5191706
yqjE_yqjK_yqjD_yqjC_predicted,4.666666666666667,15,2,GTATCTACCACCTTGGCGCC,13,5193788
yqjE_yqjK_yqjD_yqjC_predicted,4.666666666666667,15,2,GTATAGTACCGCTAATAAAG,13,5172829
yqjE_yqjK_yqjD_yqjC_predicted,4.0,13,2,GTATACATGGTACCGTAGGT,11,5193517
yqjE_yqjK_yqjD_yqjC_predicted,2.0,7,2,GTAGAGAAGTGAACTCGGAA,5,5254472
yqjE_yqjK_yqjD_yqjC_predicted,1.3333333333333333,5,2,GTACTTTGGCAGGGCTATTT,3,5250003
yqjE_yqjK_yqjD_yqjC_predicted,1.0,4,2,GTACTTGTCTGTTTTTCCAG,2,5218970
yqjE_yqjK_yqjD_yqjC_predicted,1.6666666666666667,6,2,GTACGTGAAGTACTGCTGTT,4,5188815
yqjE_yqjK_yqjD_yqjC_predicted,20.0,61,2,GTACGTCTTCAGACGCATTG,59,5218906
yqjE_yqjK_yqjD_yqjC_predicted,3.0,10,2,GTACCGTGGTTTCCTAATAT,8,5219348
yqjE_yqjK_yqjD_yqjC_predicted,4.333333333333333,14,2,GTACCATTCTACAGTGAATG,12,5219626
yqjE_yqjK_yqjD_yqjC_predicted,6.666666666666667,21,2,GTACAGTTTCCAATGAGTGT,19,5207813
yqjE_yqjK_yqjD_yqjC_predicted,6.333333333333333,20,2,GTAAGATCGGTGTGGGTATG,18,5195070
yqjE_yqjK_yqjD_yqjC_predicted,6.0,19,2,GTAAATATGTAGGGGAATGC,17,5230843
yqjE_yqjK_yqjD_yqjC_predicted,1.6666666666666667,6,2,GTAAAGTGTGAATGCTTGTT,4,5220258
yqjE_yqjK_yqjD_yqjC_predicted,1.0,4,2,GTAAAAGGCAAGGGTTTCCC,2,5206377
yqjE_yqjK_yqjD_yqjC_predicted,4.666666666666667,15,2,GGTTTAATCGTCAAACGCTC,13,5207124
yqjE_yqjK_yqjD_yqjC_predicted,7.666666666666667,24,2,GGTTCGGGCCGAGCTATCAA,22,5179899
yqjE_yqjK_yqjD_yqjC_predicted,1.6666666666666667,6,2,GGTTAATTGGTCGTTGTCCG,4,5191390
yqjE_yqjK_yqjD_yqjC_predicted,1.6666666666666667,6,2,GGTGTTGCGAGCATACGTCT,4,5190887
yqjE_yqjK_yqjD_yqjC_predicted,0.6666666666666666,3,2,GGTGGCGGTGTAGTAGAAAG,1,5242235
yqjE_yqjK_yqjD_yqjC_predicted,5.333333333333333,17,2,GGTGGAAACATTCTTCCGCG,15,5258087
yqjE_yqjK_yqjD_yqjC_predicted,5.0,16,2,GGTCCAGTAAGTCCCCTGTA,14,5249025
yqjE_yqjK_yqjD_yqjC_predicted,0.6666666666666666,3,2,GGTCACCGACTAATGAGCCT,1,5202180
yqjE_yqjK_yqjD_yqjC_predicted,2.6666666666666665,9,2,GGTATTACCCCCTTGGTGCT,7,5230850
yqjE_yqjK_yqjD_yqjC_predicted,2.0,7,2,GGTAATTGCACCCTCCATCT,5,5174810
yqjE_yqjK_yqjD_yqjC_predicted,8.0,25,2,GGGGTGAAGGGTTCGGCGGT,23,5210789
yqjE_yqjK_yqjD_yqjC_predicted,0.6666666666666666,3,2,GGGCCTGGTTTGTTTCTCTG,1,5218352
yqjE_yqjK_yqjD_yqjC_predicted,4.666666666666667,15,2,GGGCCTGGCGGGTATCTCAT,13,5203526
yqjE_yqjK_yqjD_yqjC_predicted,6.0,19,2,GGGCAGCGGTTTCTTACGAC,17,5251351
yqjE_yqjK_yqjD_yqjC_predicted,3.6666666666666665,12,2,GGGATCCTCCAACAAGGACT,10,5248765
yqjE_yqjK_yqjD_yqjC_predicted,1.6666666666666667,6,2,GGGATAGTTAGCTTCCACCA,4,5193679
yqjE_yqjK_yqjD_yqjC_predicted,3.0,10,2,GGGACTCCAACAGAAACTGG,8,5245664
yqjE_yqjK_yqjD_yqjC_predicted,0.6666666666666666,3,2,GGGACGATTTTCTGTGCCAC,1,5246022
yqjE_yqjK_yqjD_yqjC_predicted,0.6666666666666666,3,2,GGGAAATTAACAATGTTCTC,1,5196596
yqjE_yqjK_yqjD_yqjC_predicted,9.0,28,2,GGCTTTTTGAAGCCGTAATT,26,5209575
yqjE_yqjK_yqjD_yqjC_predicted,6.333333333333333,20,2,GGCTTCTCAGCCCGCGAAGA,18,5204974
yqjE_yqjK_yqjD_yqjC_predicted,1.6666666666666667,6,2,GGCTGGTCCACCTAGGGGCT,4,5205117
yqjE_yqjK_yqjD_yqjC_predicted,4.666666666666667,15,2,GGCTGATGTAAGACGCCTCC,13,5260299
yqjE_yqjK_yqjD_yqjC_predicted,3.3333333333333335,11,2,GGCTCTCTTCGGGGGCCATC,9,5242450
yqjE_yqjK_yqjD_yqjC_predicted,0.6666666666666666,3,2,GGCTACAGAAGATCATGCTC,1,5178504
yqjE_yqjK_yqjD_yqjC_predicted,4.666666666666667,15,2,GGCTAAAAGTCACCGATCGG,13,5183515
yqjE_yqjK_yqjD_yqjC_predicted,1.3333333333333333,5,2,GGCGTAGGTGCCAAAGTTTC,3,5174821
yqjE_yqjK_yqjD_yqjC_predicted,6.0,19,2,GGCGGTTGTAGTGCAACGAC,17,5189778
yqjE_yqjK_yqjD_yqjC_predicted,0.6666666666666666,3,2,GGCGGGGATCCATTTTGTAC,1,5241913
yqjE_yqjK_yqjD_yqjC_predicted,5.0,16,2,GGCGCGGTCCTACGTTGCTC,14,5187445
yqjE_yqjK_yqjD_yqjC_predicted,3.0,10,2,GGCCCCAGGTGCCGCCAGTG,8,5182091
yqjE_yqjK_yqjD_yqjC_predicted,1.6666666666666667,6,2,GGCCAGCAACCTCGCGTTAA,4,5235789
yqjE_yqjK_yqjD_yqjC_predicted,1.0,4,2,GGCAGTGGTGCTATATTTAG,2,5180082
yqjE_yqjK_yqjD_yqjC_predicted,5.333333333333333,17,2,GGCACCGCGCAAACGTCAGC,15,5191335
yqjE_yqjK_yqjD_yqjC_predicted,3.6666666666666665,12,2,GGCACATTCTCAACATCAGC,10,5218904
yqjE_yqjK_yqjD_yqjC_predicted,11.333333333333334,35,2,GGATCCGGGTGAAACTACCG,33,5253655
yqjE_yqjK_yqjD_yqjC_predicted,2.0,7,2,GGATATGGCGCGGCCCCGCG,5,5186996
yqjE_yqjK_yqjD_yqjC_predicted,0.6666666666666666,3,2,GGATATATGTCATTGTCCCT,1,5247774
yqjE_yqjK_yqjD_yqjC_predicted,1.6666666666666667,6,2,GGATAAAGTGGCCGTGACAT,4,5257397
yqjE_yqjK_yqjD_yqjC_predicted,0.6666666666666666,3,2,GGAGCAGACATCTTTTCCTA,1,5180944
yqjE_yqjK_yqjD_yqjC_predicted,2.0,7,2,GGAGACCGTAGGCTACGGTA,5,5186716
yqjE_yqjK_yqjD_yqjC_predicted,1.0,4,2,GGACTCTGATGACTCTCGCA,2,5208542
yqjE_yqjK_yqjD_yqjC_predicted,4.0,13,2,GGACCTGATAACATACGGTT,11,5175740
yqjE_yqjK_yqjD_yqjC_predicted,2.0,7,2,GGACCTAAGTGTTGCGGCCA,5,5245453
yqjE_yqjK_yqjD_yqjC_predicted,2.6666666666666665,9,2,GGACAGCGCAGCAACCATGA,7,5224358
yqjE_yqjK_yqjD_yqjC_predicted,5.333333333333333,17,2,GGACACGCTTATAGAAAGGT,15,5182247
yqjE_yqjK_yqjD_yqjC_predicted,1.0,4,2,GGAATGCGTAGAGCCAGCCT,2,5190100
yqjE_yqjK_yqjD_yqjC_predicted,1.0,4,2,GGAAGATAGGCAAAGTTGGC,2,5261406
yqjE_yqjK_yqjD_yqjC_predicted,7.333333333333333,23,2,GGAACGTTGAACCCGGTCAC,21,5202516
yqjE_yqjK_yqjD_yqjC_predicted,0.6666666666666666,3,2,GGAAAGAGGCTTTACGTAGG,1,5216548
yqjE_yqjK_yqjD_yqjC_predicted,3.0,10,2,GGAAAAAGGATGGTGAAGCG,8,5242846
yqjE_yqjK_yqjD_yqjC_predicted,1.0,4,2,GCTTGGCTATTAACAGACGC,2,5218443
yqjE_yqjK_yqjD_yqjC_predicted,4.666666666666667,15,2,GCTTGGCATACCATCCCCGT,13,5235794
yqjE_yqjK_yqjD_yqjC_predicted,9.333333333333334,29,2,GCTTATGCGAAGAGATCCGA,27,5211395
yqjE_yqjK_yqjD_yqjC_predicted,2.0,7,2,GCTCTGTCTTCATTGATGCC,5,5196801
yqjE_yqjK_yqjD_yqjC_predicted,1.6666666666666667,6,2,GCTCCGAGGCTCACAGTTCA,4,5199783
yqjE_yqjK_yqjD_yqjC_predicted,0.6666666666666666,3,2,GCTATGGGCTTTACCACGCT,1,5247982
yqjE_yqjK_yqjD_yqjC_predicted,2.6666666666666665,9,2,GCTAAATTGGTGGGGAGGTT,7,5221218
yqjE_yqjK_yqjD_yqjC_predicted,0.6666666666666666,3,2,GCGTTGTGGCCTGACCGGGA,1,5260671
yqjE_yqjK_yqjD_yqjC_predicted,7.333333333333333,23,2,GCGTGCCCGTATCTTATGGA,21,5192509
yqjE_yqjK_yqjD_yqjC_predicted,2.0,7,2,GCGTCTCGACCTCTATATCC,5,5195933
yqjE_yqjK_yqjD_yqjC_predicted,1.3333333333333333,5,2,GCGGGTATTCCGGGTTTTGG,3,5223704
yqjE_yqjK_yqjD_yqjC_predicted,0.6666666666666666,3,2,GCGGGCCGGTGCCGACCTCG,1,5258591
yqjE_yqjK_yqjD_yqjC_predicted,2.3333333333333335,8,2,GCGGCGTTACGAGATGACAG,6,5234015
yqjE_yqjK_yqjD_yqjC_predicted,1.0,4,2,GCGGATTGATTTAAAAGTTA,2,5229906
yqjE_yqjK_yqjD_yqjC_predicted,4.0,13,2,GCGCCCATGAACTGTGACAT,11,5204952
yqjE_yqjK_yqjD_yqjC_predicted,4.0,13,2,GCGATTTGGCATTATTGGGG,11,5223010
yqjE_yqjK_yqjD_yqjC_predicted,1.3333333333333333,5,2,GCGAATTCGGCCTAGCAAGT,3,5215945
yqjE_yqjK_yqjD_yqjC_predicted,0.6666666666666666,3,2,GCGAACAGCAGCGTCCGGCA,1,5225314
yqjE_yqjK_yqjD_yqjC_predicted,5.333333333333333,17,2,GCGAAATGCGGATACTGGTT,15,5178651
yqjE_yqjK_yqjD_yqjC_predicted,4.0,13,2,GCCTTCAATGATACTGTCCT,11,5176329
yqjE_yqjK_yqjD_yqjC_predicted,7.333333333333333,23,2,GCCTTACGGACTAGAGTATA,21,5204630
yqjE_yqjK_yqjD_yqjC_predicted,6.333333333333333,20,2,GCCTGCATGAAGCACTACGT,18,5199995
yqjE_yqjK_yqjD_yqjC_predicted,6.333333333333333,20,2,GCCTACGTGAACAAGGAACG,18,5216424
yqjE_yqjK_yqjD_yqjC_predicted,3.0,10,2,GCCGCGGATGTATACGTCCA,8,5214033
yqjE_yqjK_yqjD_yqjC_predicted,16.0,49,2,GCCCTAAGGAGCTGGAGTGT,47,5235961
yqjE_yqjK_yqjD_yqjC_predicted,4.333333333333333,14,2,GCCCCGAGCGCCAGGACTCT,12,5248929
yqjE_yqjK_yqjD_yqjC_predicted,8.666666666666666,27,2,GCCATACTCCCATAGCTTGC,25,5257488
yqjE_yqjK_yqjD_yqjC_predicted,0.6666666666666666,3,2,GCCACTGTAGTGGTAAATCT,1,5259346
yqjE_yqjK_yqjD_yqjC_predicted,0.6666666666666666,3,2,GCCACCTACGTGGAAGCAGG,1,5194362
yqjE_yqjK_yqjD_yqjC_predicted,4.0,13,2,GCATTGGTTAGAAATTCCCT,11,5203151
yqjE_yqjK_yqjD_yqjC_predicted,3.3333333333333335,11,2,GCATGCATAGTGTCCGAAAA,9,5171884
yqjE_yqjK_yqjD_yqjC_predicted,2.0,7,2,GCATCTCGCTGCTTTTAATG,5,5230847
yqjE_yqjK_yqjD_yqjC_predicted,0.6666666666666666,3,2,GCATACGTCATTGCTATTTA,1,5196442
yqjE_yqjK_yqjD_yqjC_predicted,0.6666666666666666,3,2,GCAGTCCCTCGAGACGTGTA,1,5237105
yqjE_yqjK_yqjD_yqjC_predicted,1.0,4,2,GCAGCGCTGGCTTTGACAGC,2,5186588
yqjE_yqjK_yqjD_yqjC_predicted,1.6666666666666667,6,2,GCACTGCTACACGACCACTT,4,5221684
yqjE_yqjK_yqjD_yqjC_predicted,8.0,25,2,GCACGTGGTCAGGCTGGTTT,23,5233298
yqjE_yqjK_yqjD_yqjC_predicted,3.0,10,2,GCAATGACAGAATATCTTGG,8,5178065
yqjE_yqjK_yqjD_yqjC_predicted,5.0,16,2,GCAATCAATGTGGACAGTGC,14,5244110
yqjE_yqjK_yqjD_yqjC_predicted,6.333333333333333,20,2,GCAACTTATGCATTACCTGA,18,5261072
yqjE_yqjK_yqjD_yqjC_predicted,1.3333333333333333,5,2,GATTGATACATATTCCACTC,3,5216041
yqjE_yqjK_yqjD_yqjC_predicted,1.3333333333333333,5,2,GATTGAGTCGTAGACTATAC,3,5183976
yqjE_yqjK_yqjD_yqjC_predicted,0.6666666666666666,3,2,GATTACGTTCCGTATCGCAT,1,5227493
yqjE_yqjK_yqjD_yqjC_predicted,2.3333333333333335,8,2,GATGGTTTCAGTGGTTCACA,6,5204201
yqjE_yqjK_yqjD_yqjC_predicted,6.0,19,2,GATGGGAACCACCAAGTACA,17,5240263
yqjE_yqjK_yqjD_yqjC_predicted,4.666666666666667,15,2,GATGCGGCATTTGATGTTAA,13,5226155
yqjE_yqjK_yqjD_yqjC_predicted,4.333333333333333,14,2,GATCTTCGAGGAAATCTTAA,12,5212457
yqjE_yqjK_yqjD_yqjC_predicted,0.6666666666666666,3,2,GATCTATTACACAGTGAAGT,1,5247248
yqjE_yqjK_yqjD_yqjC_predicted,6.0,19,2,GATCCGTGTGATACCGGTGG,17,5198361
yqjE_yqjK_yqjD_yqjC_predicted,8.0,25,2,GATATAGACCCATCATCTTG,23,5179350
yqjE_yqjK_yqjD_yqjC_predicted,4.0,13,2,GAGTTACGCTTTGCCCGTAC,11,5214417
yqjE_yqjK_yqjD_yqjC_predicted,2.3333333333333335,8,2,GAGTGATAGAATATTATGCA,6,5188084
yqjE_yqjK_yqjD_yqjC_predicted,4.333333333333333,14,2,GAGTCTTTATTTTAATTGGC,12,5214546
yqjE_yqjK_yqjD_yqjC_predicted,1.0,4,2,GAGCGTAGTTTACGCACCAG,2,5257032
yqjE_yqjK_yqjD_yqjC_predicted,5.0,16,2,GAGCGGAAAACGGCGGCTGG,14,5236773
yqjE_yqjK_yqjD_yqjC_predicted,2.0,7,2,GAGCCCGCCGGTCCCGTAAG,5,5214476
yqjE_yqjK_yqjD_yqjC_predicted,3.0,10,2,GAGATTTTCGTTGTTCCCCG,8,5247347
yqjE_yqjK_yqjD_yqjC_predicted,0.6666666666666666,3,2,GAGATGCCTTGAGCCGGCAG,1,5191368
yqjE_yqjK_yqjD_yqjC_predicted,1.6666666666666667,6,2,GACTTCCCCGAAGGTACGTT,4,5206043
yqjE_yqjK_yqjD_yqjC_predicted,2.6666666666666665,9,2,GACTGGCTCATCGATAAGCA,7,5256891
yqjE_yqjK_yqjD_yqjC_predicted,3.3333333333333335,11,2,GACTGGCTAGTTGGGGCTAT,9,5239668
yqjE_yqjK_yqjD_yqjC_predicted,2.3333333333333335,8,2,GACTGAGTGCATCGAGGGTG,6,5243357
yqjE_yqjK_yqjD_yqjC_predicted,1.0,4,2,GACTGACATTAGCCAGGCAG,2,5251028
yqjE_yqjK_yqjD_yqjC_predicted,2.0,7,2,GACTCTTTATAAGTGAATCA,5,5236129
yqjE_yqjK_yqjD_yqjC_predicted,6.333333333333333,20,2,GACTCATCGAGAGACCGGGC,18,5207895
yqjE_yqjK_yqjD_yqjC_predicted,3.0,10,2,GACCTCGTCTCGATTTCATT,8,5210121
yqjE_yqjK_yqjD_yqjC_predicted,4.333333333333333,14,2,GACCAGGGCTGATGCTCCTC,12,5206461
yqjE_yqjK_yqjD_yqjC_predicted,1.3333333333333333,5,2,GACATGGGGCCTTTCGTACT,3,5215516
yqjE_yqjK_yqjD_yqjC_predicted,3.0,10,2,GACATGAATTACTGGTATAA,8,5198897
yqjE_yqjK_yqjD_yqjC_predicted,3.0,10,2,GACATAAAGGAATTTATATA,8,5231716
yqjE_yqjK_yqjD_yqjC_predicted,3.6666666666666665,12,2,GACACTGAGTAGGGAATGTT,10,5239546
yqjE_yqjK_yqjD_yqjC_predicted,1.6666666666666667,6,2,GAATAAGATATGCTGGACAA,4,5201964
yqjE_yqjK_yqjD_yqjC_predicted,1.0,4,2,GAAGGCTGTCCTCTGTCCTT,2,5199678
yqjE_yqjK_yqjD_yqjC_predicted,2.0,7,2,GAAAGACTCGTGCCCCGATA,5,5261801
yqjE_yqjK_yqjD_yqjC_predicted,0.6666666666666666,3,2,CTTTTTCTCAGATCCGCGCG,1,5185848
yqjE_yqjK_yqjD_yqjC_predicted,3.0,10,2,CTTTTGAAATGTGTCTGCAA,8,5176816
yqjE_yqjK_yqjD_yqjC_predicted,10.0,31,2,CTTTGTTTATGAACATTCTA,29,5172120
yqjE_yqjK_yqjD_yqjC_predicted,2.0,7,2,CTTTGCGTTACCCCGGTGAT,5,5192629
yqjE_yqjK_yqjD_yqjC_predicted,1.0,4,2,CTTTATGCCATAAATCCACG,2,5222188
yqjE_yqjK_yqjD_yqjC_predicted,2.0,7,2,CTTGGGGGAGCCAACGTTAA,5,5205432
yqjE_yqjK_yqjD_yqjC_predicted,0.6666666666666666,3,2,CTTGGGCGATTTCTTGCTCA,1,5174684
yqjE_yqjK_yqjD_yqjC_predicted,6.666666666666667,21,2,CTTGCGGAGGTAGCCGGGGC,19,5218237
yqjE_yqjK_yqjD_yqjC_predicted,2.3333333333333335,8,2,CTTGCAGGCAAGACGTGCAA,6,5255318
yqjE_yqjK_yqjD_yqjC_predicted,9.0,28,2,CTTCTCTGGGTGAAATTTTA,26,5202471
yqjE_yqjK_yqjD_yqjC_predicted,6.666666666666667,21,2,CTTCGGAAAACCCTATTTTG,19,5254337
yqjE_yqjK_yqjD_yqjC_predicted,2.0,7,2,CTTCCCCTGCGGTTCAAAGA,5,5235115
yqjE_yqjK_yqjD_yqjC_predicted,1.6666666666666667,6,2,CTTAGGTAGAAGTACTCAGG,4,5202718
yqjE_yqjK_yqjD_yqjC_predicted,4.666666666666667,15,2,CTGTAACAGTTTAAGCGTGA,13,5196665
yqjE_yqjK_yqjD_yqjC_predicted,5.666666666666667,18,2,CTGGTTGTGTGGTGCTATCC,16,5178356
yqjE_yqjK_yqjD_yqjC_predicted,3.6666666666666665,12,2,CTGGAGACAGTAGGAATGCT,10,5220429
yqjE_yqjK_yqjD_yqjC_predicted,0.6666666666666666,3,2,CTGGACTACTTCTTCTGGTA,1,5199202
yqjE_yqjK_yqjD_yqjC_predicted,2.0,7,2,CTGATGCATGGATTTACTAT,5,5246575
yqjE_yqjK_yqjD_yqjC_predicted,1.6666666666666667,6,2,CTGACGGCTCAAGAATTCCT,4,5214675
yqjE_yqjK_yqjD_yqjC_predicted,4.0,13,2,CTGACCCAGGACTCTCCTAG,11,5246559
yqjE_yqjK_yqjD_yqjC_predicted,7.666666666666667,24,2,CTGAATCCACATGTGAGCTG,22,5219448
yqjE_yqjK_yqjD_yqjC_predicted,1.6666666666666667,6,2,CTGAAGCCCTTTGATAACCA,4,5245100
yqjE_yqjK_yqjD_yqjC_predicted,5.666666666666667,18,2,CTCTTCGTTATTGGTTTACT,16,5181966
yqjE_yqjK_yqjD_yqjC_predicted,2.0,7,2,CTCTGATGAAGGTCACACAG,5,5201440
yqjE_yqjK_yqjD_yqjC_predicted,4.0,13,2,CTCGTCCTTTTGTTTAGTAT,11,5201731
yqjE_yqjK_yqjD_yqjC_predicted,4.666666666666667,15,2,CTCGTAGGCCTGCTGTAAAA,13,5196528
yqjE_yqjK_yqjD_yqjC_predicted,1.3333333333333333,5,2,CTCCTCCTTCTTTACGTGGT,3,5224034
yqjE_yqjK_yqjD_yqjC_predicted,6.333333333333333,20,2,CTCCTCATGGTGCGACGAAA,18,5237470
yqjE_yqjK_yqjD_yqjC_predicted,1.0,4,2,CTCCGTCTAGGTTCAGAATT,2,5178847
yqjE_yqjK_yqjD_yqjC_predicted,1.0,4,2,CTCCAATCGGTCGGCTTTGT,2,5241394
yqjE_yqjK_yqjD_yqjC_predicted,1.0,4,2,CTCATGTCGATATGGTGGTA,2,5179957
yqjE_yqjK_yqjD_yqjC_predicted,7.333333333333333,23,2,CTCAGATGTGCTCGATGTGT,21,5193213
yqjE_yqjK_yqjD_yqjC_predicted,0.6666666666666666,3,2,CTCAAGTTGAAAGATTCTTT,1,5258189
yqjE_yqjK_yqjD_yqjC_predicted,7.0,22,2,CTCAACTCTTTCAAACCAGT,20,5196601
yqjE_yqjK_yqjD_yqjC_predicted,2.3333333333333335,8,2,CTATTCACGTGTAGCTAATC,6,5181148
yqjE_yqjK_yqjD_yqjC_predicted,4.0,13,2,CTATCAACGTCGTTTGTCCC,11,5180930
yqjE_yqjK_yqjD_yqjC_predicted,3.0,10,2,CTAGGTACCTCGCAACCGTA,8,5227552
yqjE_yqjK_yqjD_yqjC_predicted,8.333333333333334,26,2,CTAGGATTCTACCAGCCGCT,24,5242552
yqjE_yqjK_yqjD_yqjC_predicted,6.0,19,2,CTAGATGATTCACCGGCGAT,17,5177610
yqjE_yqjK_yqjD_yqjC_predicted,2.3333333333333335,8,2,CTACTCGACGCTATTGTCTT,6,5247803
yqjE_yqjK_yqjD_yqjC_predicted,3.3333333333333335,11,2,CTACGGCTCTAGGAAAGGTC,9,5210995
yqjE_yqjK_yqjD_yqjC_predicted,11.0,34,2,CTACGCTGTCTTAATTCGGA,32,5239495
yqjE_yqjK_yqjD_yqjC_predicted,1.0,4,2,CTACGATCGTTCTACTGTCA,2,5249243
yqjE_yqjK_yqjD_yqjC_predicted,3.3333333333333335,11,2,CTAATTGCACCTCGTAAATC,9,5177970
yqjE_yqjK_yqjD_yqjC_predicted,0.6666666666666666,3,2,CTAAGAACCGGCTTTTGAAT,1,5214497
yqjE_yqjK_yqjD_yqjC_predicted,0.6666666666666666,3,2,CTAAATTCCAAGAGCATCCA,1,5241552
yqjE_yqjK_yqjD_yqjC_predicted,2.3333333333333335,8,2,CGTTGTAGTCCCCCTTTGGT,6,5242611
yqjE_yqjK_yqjD_yqjC_predicted,1.0,4,2,CGTTGGTTGCTGGGGCGTGT,2,5231986
yqjE_yqjK_yqjD_yqjC_predicted,0.6666666666666666,3,2,CGTTGCTCTTGAGCGCACAG,1,5248064
yqjE_yqjK_yqjD_yqjC_predicted,1.0,4,2,CGTGTCTATAAAGAGCCCGT,2,5245915
yqjE_yqjK_yqjD_yqjC_predicted,6.0,19,2,CGTGGATAGATCGATCACTG,17,5220517
yqjE_yqjK_yqjD_yqjC_predicted,7.333333333333333,23,2,CGTCGGTTTTCATATTGGAG,21,5212996
yqjE_yqjK_yqjD_yqjC_predicted,2.6666666666666665,9,2,CGTCCTAAACAGGCGGCACG,7,5196311
yqjE_yqjK_yqjD_yqjC_predicted,7.0,22,2,CGTCCCTGGGGGCACTAAGC,20,5218448
yqjE_yqjK_yqjD_yqjC_predicted,1.0,4,2,CGTCCCTCGCTCTACTCATG,2,5178627
yqjE_yqjK_yqjD_yqjC_predicted,6.333333333333333,20,2,CGTAGCTGCAGTAAATCCTT,18,5192641
yqjE_yqjK_yqjD_yqjC_predicted,9.0,28,2,CGTAGCATGCCTTTCAGCAG,26,5173249
yqjE_yqjK_yqjD_yqjC_predicted,3.3333333333333335,11,2,CGGTTATGGGTCTCTAGCAG,9,5240033
yqjE_yqjK_yqjD_yqjC_predicted,3.3333333333333335,11,2,CGGTCCCGGTGAGATAAGAG,9,5221772
yqjE_yqjK_yqjD_yqjC_predicted,1.6666666666666667,6,2,CGGGTTCATCGATTAGATCT,4,5221474
yqjE_yqjK_yqjD_yqjC_predicted,0.6666666666666666,3,2,CGGGTCCATGCGTCGTAAGT,1,5195905
yqjE_yqjK_yqjD_yqjC_predicted,2.3333333333333335,8,2,CGGGTCCAGTCCATAGGTAA,6,5215677
yqjE_yqjK_yqjD_yqjC_predicted,4.333333333333333,14,2,CGGGGTTTTAGCTATATTGC,12,5219663
yqjE_yqjK_yqjD_yqjC_predicted,3.3333333333333335,11,2,CGGGATCCTAACCGAACCAT,9,5171732
yqjE_yqjK_yqjD_yqjC_predicted,3.6666666666666665,12,2,CGGGAAAGACAGACTCAGAG,10,5193462
yqjE_yqjK_yqjD_yqjC_predicted,6.666666666666667,21,2,CGGCTTACTTCCCGGTAACA,19,5222447
yqjE_yqjK_yqjD_yqjC_predicted,5.0,16,2,CGGCGCGTCTCGAGCCTACA,14,5213872
yqjE_yqjK_yqjD_yqjC_predicted,2.3333333333333335,8,2,CGGAGGACAACGTGACGTGT,6,5179285
yqjE_yqjK_yqjD_yqjC_predicted,12.666666666666666,39,2,CGGACCCCCGGATACCCATC,37,5255554
yqjE_yqjK_yqjD_yqjC_predicted,2.6666666666666665,9,2,CGGAAGAGTCTGAAACGCTG,7,5174201
yqjE_yqjK_yqjD_yqjC_predicted,3.0,10,2,CGGAACGGTTCTGTACTAAT,8,5172116
yqjE_yqjK_yqjD_yqjC_predicted,5.666666666666667,18,2,CGCTCCAGTAGCGGCTTTTT,16,5221782
yqjE_yqjK_yqjD_yqjC_predicted,5.333333333333333,17,2,CGCTAGCTAGCACCCCCCGT,15,5207840
yqjE_yqjK_yqjD_yqjC_predicted,1.0,4,2,CGCGTTCATACGTTGCAAAT,2,5173038
yqjE_yqjK_yqjD_yqjC_predicted,3.3333333333333335,11,2,CGCGTTATAGACTCACTAAT,9,5201343
yqjE_yqjK_yqjD_yqjC_predicted,1.0,4,2,CGCGGTCGCTATGGGTAGAC,2,5197723
yqjE_yqjK_yqjD_yqjC_predicted,1.6666666666666667,6,2,CGCGCTTCCTCCAGGACGCT,4,5189152
yqjE_yqjK_yqjD_yqjC_predicted,3.6666666666666665,12,2,CGCGCCCGCGACGTCACCGC,10,5231123
yqjE_yqjK_yqjD_yqjC_predicted,0.6666666666666666,3,2,CGCATTCTGCCTCAAGGGTG,1,5229400
yqjE_yqjK_yqjD_yqjC_predicted,4.333333333333333,14,2,CGCAGATTATCTTTAGCGCT,12,5183257
yqjE_yqjK_yqjD_yqjC_predicted,6.666666666666667,21,2,CGCACTTTGGTCAATGCAGT,19,5210911
yqjE_yqjK_yqjD_yqjC_predicted,2.6666666666666665,9,2,CGCACTCCCATCAACAAATA,7,5223360
yqjE_yqjK_yqjD_yqjC_predicted,2.6666666666666665,9,2,CGCACCGTTAAAATCCCTAA,7,5247828
yqjE_yqjK_yqjD_yqjC_predicted,0.6666666666666666,3,2,CGCAAATGATCTATGAAAAT,1,5227130
yqjE_yqjK_yqjD_yqjC_predicted,26.333333333333332,80,2,CGATTTTGACCGCCTACATA,78,5220763
yqjE_yqjK_yqjD_yqjC_predicted,2.6666666666666665,9,2,CGATTTTAACTAGGGTCTAA,7,5207203
yqjE_yqjK_yqjD_yqjC_predicted,4.0,13,2,CGATGCCACGTACATCGGCT,11,5218914
yqjE_yqjK_yqjD_yqjC_predicted,3.0,10,2,CGATCTTGCATCTGCTAGGC,8,5205576
yqjE_yqjK_yqjD_yqjC_predicted,2.3333333333333335,8,2,CGATAGCTTCATATAACAGA,6,5206640
yqjE_yqjK_yqjD_yqjC_predicted,1.3333333333333333,5,2,CGAGGTCGCACGGGGATGCA,3,5176024
yqjE_yqjK_yqjD_yqjC_predicted,0.6666666666666666,3,2,CGAGCTCTCACGAAATCTCT,1,5259517
yqjE_yqjK_yqjD_yqjC_predicted,5.333333333333333,17,2,CGAGACAAACGCAAGGATCA,15,5212299
yqjE_yqjK_yqjD_yqjC_predicted,1.3333333333333333,5,2,CGACGTCACCCGTCATGGTC,3,5202086
yqjE_yqjK_yqjD_yqjC_predicted,5.0,16,2,CGACCCCGTATGAAGCGACT,14,5223346
yqjE_yqjK_yqjD_yqjC_predicted,2.3333333333333335,8,2,CGAACGCGTCGGCGAGTCCC,6,5188720
yqjE_yqjK_yqjD_yqjC_predicted,3.0,10,2,CGAAACGGATCATCGTCGAT,8,5180955
yqjE_yqjK_yqjD_yqjC_predicted,6.0,19,2,CCTTTTTTGTAGCGCAAGAC,17,5237413
yqjE_yqjK_yqjD_yqjC_predicted,3.6666666666666665,12,2,CCTTTCATAACCATACTTAA,10,5171759
yqjE_yqjK_yqjD_yqjC_predicted,1.3333333333333333,5,2,CCTTCGTTAACAGGCGTAGA,3,5235639
yqjE_yqjK_yqjD_yqjC_predicted,0.6666666666666666,3,2,CCTTATAAGGCGGGCCAGGC,1,5219720
yqjE_yqjK_yqjD_yqjC_predicted,8.333333333333334,26,2,CCTTAGCACAGCATAAAGCT,24,5197768
yqjE_yqjK_yqjD_yqjC_predicted,1.0,4,2,CCTTAATATACGTCAGGACT,2,5260385
yqjE_yqjK_yqjD_yqjC_predicted,15.666666666666666,48,2,CCTGTCACAATCCTGTACGT,46,5222573
yqjE_yqjK_yqjD_yqjC_predicted,2.0,7,2,CCTGCTCCTGAGTGTAGCGC,5,5191053
yqjE_yqjK_yqjD_yqjC_predicted,3.3333333333333335,11,2,CCTGCTCCTATTTTCTTGTT,9,5254702
yqjE_yqjK_yqjD_yqjC_predicted,1.0,4,2,CCTGCCAGCTATAACGGGAA,2,5209530
yqjE_yqjK_yqjD_yqjC_predicted,0.6666666666666666,3,2,CCTGAGGAGACGCATTATGT,1,5221025
yqjE_yqjK_yqjD_yqjC_predicted,2.6666666666666665,9,2,CCTCGACCACGTCGGTTATC,7,5183067
yqjE_yqjK_yqjD_yqjC_predicted,5.333333333333333,17,2,CCTCCTGTTAGTGCTCTGTG,15,5245064
yqjE_yqjK_yqjD_yqjC_predicted,1.3333333333333333,5,2,CCTCATAAGACGCAAAATTG,3,5243641
yqjE_yqjK_yqjD_yqjC_predicted,1.0,4,2,CCTCACTATTCGGTGCTCCT,2,5222774
yqjE_yqjK_yqjD_yqjC_predicted,4.666666666666667,15,2,CCTATTACCGGGGCATACGA,13,5253284
yqjE_yqjK_yqjD_yqjC_predicted,3.0,10,2,CCTAAAAAGCTAAATTCGTC,8,5262942
yqjE_yqjK_yqjD_yqjC_predicted,3.3333333333333335,11,2,CCGTCTGAAGGAGGTTAACC,9,5241769
yqjE_yqjK_yqjD_yqjC_predicted,1.0,4,2,CCGGTGCAGGTGGGGCCATA,2,5217777
yqjE_yqjK_yqjD_yqjC_predicted,3.6666666666666665,12,2,CCGGTCCGGTGCGCGGAAAA,10,5240460
yqjE_yqjK_yqjD_yqjC_predicted,0.6666666666666666,3,2,CCGGGAAGTCCCTCGTTCAA,1,5239088
yqjE_yqjK_yqjD_yqjC_predicted,1.3333333333333333,5,2,CCGGACTTTATCGCGCGTTA,3,5228079
yqjE_yqjK_yqjD_yqjC_predicted,2.0,7,2,CCGGACGAGAGCTTGCCACA,5,5239867
yqjE_yqjK_yqjD_yqjC_predicted,4.0,13,2,CCGCTCTCAAGTGGCAAGGG,11,5208397
yqjE_yqjK_yqjD_yqjC_predicted,7.0,22,2,CCGCGAGTGTTTTCCAGTAC,20,5229487
yqjE_yqjK_yqjD_yqjC_predicted,1.3333333333333333,5,2,CCGCCTTGAACCCCTCATTT,3,5260037
yqjE_yqjK_yqjD_yqjC_predicted,1.0,4,2,CCGCCCTACGAGCGAGAGAG,2,5217466
yqjE_yqjK_yqjD_yqjC_predicted,3.3333333333333335,11,2,CCGCAGAGGCAGTGGGCTTT,9,5182911
yqjE_yqjK_yqjD_yqjC_predicted,1.6666666666666667,6,2,CCGCAAGCCTAGAACCATTA,4,5218367
yqjE_yqjK_yqjD_yqjC_predicted,0.6666666666666666,3,2,CCGACTTTCGCCCGTTCATA,1,5231136
yqjE_yqjK_yqjD_yqjC_predicted,1.3333333333333333,5,2,CCGACAGCCATATCCGGTCC,3,5244036
yqjE_yqjK_yqjD_yqjC_predicted,1.0,4,2,CCCTCTGGTGGGAATCGGCT,2,5223117
yqjE_yqjK_yqjD_yqjC_predicted,4.333333333333333,14,2,CCCGGTTCATGAGTATTTCT,12,5251235
yqjE_yqjK_yqjD_yqjC_predicted,2.6666666666666665,9,2,CCCGGCGGCTCGACGGAAAA,7,5252865
yqjE_yqjK_yqjD_yqjC_predicted,2.3333333333333335,8,2,CCCGAATTGTCAATTCCCCT,6,5258433
yqjE_yqjK_yqjD_yqjC_predicted,2.3333333333333335,8,2,CCCCGAGTCTGGCTCTGCGA,6,5184749
yqjE_yqjK_yqjD_yqjC_predicted,1.0,4,2,CCCAAGGGATTGTTATCATC,2,5205192
yqjE_yqjK_yqjD_yqjC_predicted,2.0,7,2,CCATTTATAACGCGCCGAAC,5,5247704
yqjE_yqjK_yqjD_yqjC_predicted,2.6666666666666665,9,2,CCATGGTTTATCTGTGGCTG,7,5192053
yqjE_yqjK_yqjD_yqjC_predicted,2.3333333333333335,8,2,CCATCCAACCGAGCGGAGTG,6,5190084
yqjE_yqjK_yqjD_yqjC_predicted,4.666666666666667,15,2,CCATCAGGAGCCAAGGCCCA,13,5175533
yqjE_yqjK_yqjD_yqjC_predicted,8.0,25,2,CCAGCTGGGGAGAACAACTA,23,5223949
yqjE_yqjK_yqjD_yqjC_predicted,1.0,4,2,CCACTGTCTATACGGTCATA,2,5249605
yqjE_yqjK_yqjD_yqjC_predicted,2.3333333333333335,8,2,CCACTCGAGCAACCGTCGCT,6,5246220
yqjE_yqjK_yqjD_yqjC_predicted,4.333333333333333,14,2,CCACTAATCTGCAACCCCGG,12,5225331
yqjE_yqjK_yqjD_yqjC_predicted,0.6666666666666666,3,2,CCACGCGCAATACTTGATGG,1,5191955
yqjE_yqjK_yqjD_yqjC_predicted,1.6666666666666667,6,2,CCAATCCTACCTTATGCTTC,4,5210143
yqjE_yqjK_yqjD_yqjC_predicted,0.6666666666666666,3,2,CCAAACGCTTCGGACTCGAT,1,5253840
yqjE_yqjK_yqjD_yqjC_predicted,1.0,4,2,CATTTCTTTGGCAATGGCAA,2,5210699
yqjE_yqjK_yqjD_yqjC_predicted,3.3333333333333335,11,2,CATTTCCTGAGGCACTTGGG,9,5256823
yqjE_yqjK_yqjD_yqjC_predicted,0.6666666666666666,3,2,CATTCGATTGAAGTCGTGGA,1,5205675
yqjE_yqjK_yqjD_yqjC_predicted,0.6666666666666666,3,2,CATTCACAAAGAGTCTCGAG,1,5172121
yqjE_yqjK_yqjD_yqjC_predicted,1.6666666666666667,6,2,CATGTTTGGAATACCATATC,4,5180093
yqjE_yqjK_yqjD_yqjC_predicted,1.0,4,2,CATGGGGCGTACGTTTCAAG,2,5224649
yqjE_yqjK_yqjD_yqjC_predicted,2.3333333333333335,8,2,CATGGAAATCATGTCCTCAG,6,5197713
yqjE_yqjK_yqjD_yqjC_predicted,2.0,7,2,CATGCTAGCTCCGCACGCCG,5,5202325
yqjE_yqjK_yqjD_yqjC_predicted,10.666666666666666,33,2,CATCATCATTAGTCCCAATC,31,5215285
yqjE_yqjK_yqjD_yqjC_predicted,1.0,4,2,CATATGACGGGAACGGTGTG,2,5195936
yqjE_yqjK_yqjD_yqjC_predicted,2.6666666666666665,9,2,CATAGATTCGAGCGGCCGTT,7,5234207
yqjE_yqjK_yqjD_yqjC_predicted,4.0,13,2,CATACATTTCGGGTACTTAT,11,5233438
yqjE_yqjK_yqjD_yqjC_predicted,5.0,16,2,CATACATTCCCGGTTGACGG,14,5234259
yqjE_yqjK_yqjD_yqjC_predicted,2.3333333333333335,8,2,CATAATCCAGAGAGAATGTT,6,5251018
yqjE_yqjK_yqjD_yqjC_predicted,3.6666666666666665,12,2,CAGTTCAGCCTTGAGACTTC,10,5194577
yqjE_yqjK_yqjD_yqjC_predicted,2.0,7,2,CAGTTACTTCACCGTACGGC,5,5261802
yqjE_yqjK_yqjD_yqjC_predicted,8.333333333333334,26,2,CAGTGCATCGTGACAACCGC,24,5248730
yqjE_yqjK_yqjD_yqjC_predicted,1.3333333333333333,5,2,CAGTCAGACGCTAACTTATA,3,5207239
yqjE_yqjK_yqjD_yqjC_predicted,3.6666666666666665,12,2,CAGGTAACACCGTGTCAGGT,10,5185681
yqjE_yqjK_yqjD_yqjC_predicted,0.6666666666666666,3,2,CAGGGCGCAGAGCTCGATCT,1,5185980
yqjE_yqjK_yqjD_yqjC_predicted,8.0,25,2,CAGGAACAAAATTTTAATTC,23,5203915
yqjE_yqjK_yqjD_yqjC_predicted,2.3333333333333335,8,2,CAGCAGCAGTTTTGATCCAC,6,5244304
yqjE_yqjK_yqjD_yqjC_predicted,1.0,4,2,CAGAGCAAGTGGTGGGGTCT,2,5251195
yqjE_yqjK_yqjD_yqjC_predicted,3.0,10,2,CAGACGTCATCCATGTGCAA,8,5177865
yqjE_yqjK_yqjD_yqjC_predicted,0.6666666666666666,3,2,CAGAAGAACGTACTCCCCTT,1,5260349
yqjE_yqjK_yqjD_yqjC_predicted,1.6666666666666667,6,2,CACTGAATTGACAGGGAAGG,4,5191894
yqjE_yqjK_yqjD_yqjC_predicted,4.0,13,2,CACTACTTACAAATTCCTGC,11,5237208
yqjE_yqjK_yqjD_yqjC_predicted,5.0,16,2,CACTAACGAAAGTCTAGCGC,14,5236867
yqjE_yqjK_yqjD_yqjC_predicted,4.333333333333333,14,2,CACGTCAGTGCTTTTCCTTG,12,5236243
yqjE_yqjK_yqjD_yqjC_predicted,4.666666666666667,15,2,CACGCCCCCGGAAATCTTTC,13,5180050
yqjE_yqjK_yqjD_yqjC_predicted,2.6666666666666665,9,2,CACCGTTATAAGTTGGTTAT,7,5242047
yqjE_yqjK_yqjD_yqjC_predicted,2.6666666666666665,9,2,CACCCGCTTTTTAGGCACGA,7,5206068
yqjE_yqjK_yqjD_yqjC_predicted,2.0,7,2,CACCAGTGGGTAACGAAACC,5,5194810
yqjE_yqjK_yqjD_yqjC_predicted,1.3333333333333333,5,2,CACACCGAGCACAGCCCCTG,3,5240485
yqjE_yqjK_yqjD_yqjC_predicted,4.333333333333333,14,2,CACACACGCGCGTAATGACA,12,5258638
yqjE_yqjK_yqjD_yqjC_predicted,2.6666666666666665,9,2,CACAAGCGAAGATCATCAAC,7,5194075
yqjE_yqjK_yqjD_yqjC_predicted,3.0,10,2,CAATTAGACTCCGATAGCGG,8,5248359
yqjE_yqjK_yqjD_yqjC_predicted,1.6666666666666667,6,2,CAATCCTAGGTGGCAATTCC,4,5204791
yqjE_yqjK_yqjD_yqjC_predicted,0.6666666666666666,3,2,CAATCAGTTGCCGATTTGTG,1,5184198
yqjE_yqjK_yqjD_yqjC_predicted,0.6666666666666666,3,2,CAATAGCATCCACCTGGACT,1,5214278
yqjE_yqjK_yqjD_yqjC_predicted,1.6666666666666667,6,2,CAATAATTCGCCGGCGGTCC,4,5203114
yqjE_yqjK_yqjD_yqjC_predicted,2.0,7,2,CAATAATCCAGCCCCCTTGT,5,5206199
yqjE_yqjK_yqjD_yqjC_predicted,6.666666666666667,21,2,CAAGTTACTTCCAGATGGCG,19,5192205
yqjE_yqjK_yqjD_yqjC_predicted,2.0,7,2,CAAGTGTGAAGGACTTCACT,5,5206594
yqjE_yqjK_yqjD_yqjC_predicted,3.3333333333333335,11,2,CAAGGCAAACGTACTGAAAA,9,5243848
yqjE_yqjK_yqjD_yqjC_predicted,3.0,10,2,CAAGCCTGGAACCCACATAA,8,5190484
yqjE_yqjK_yqjD_yqjC_predicted,0.6666666666666666,3,2,CAACTCTATGGGGTGTCGGA,1,5241179
yqjE_yqjK_yqjD_yqjC_predicted,0.6666666666666666,3,2,CAACGGGTAACATAGGATTT,1,5175509
yqjE_yqjK_yqjD_yqjC_predicted,1.0,4,2,CAACGACTTCAACTTCGACA,2,5198047
yqjE_yqjK_yqjD_yqjC_predicted,1.3333333333333333,5,2,CAACAATTGTGTCACGATAC,3,5173371
yqjE_yqjK_yqjD_yqjC_predicted,0.6666666666666666,3,2,CAAATTCTCGGAGTCGTACT,1,5214766
yqjE_yqjK_yqjD_yqjC_predicted,13.333333333333334,41,2,CAAATCAAGTGCACCCCCGC,39,5217856
yqjE_yqjK_yqjD_yqjC_predicted,0.6666666666666666,3,2,CAAACTTAGGTAACTTTACA,1,5230182
yqjE_yqjK_yqjD_yqjC_predicted,0.6666666666666666,3,2,CAAAAGCCATTACTCAGTCA,1,5230931
yqjE_yqjK_yqjD_yqjC_predicted,0.6666666666666666,3,2,ATTTTGATCCAAGAAGCAGA,1,5179668
yqjE_yqjK_yqjD_yqjC_predicted,0.6666666666666666,3,2,ATTTGTCTGAGAGCTGATTT,1,5260130
yqjE_yqjK_yqjD_yqjC_predicted,0.6666666666666666,3,2,ATTTATTTTTAACTCGCGTC,1,5189860
yqjE_yqjK_yqjD_yqjC_predicted,21.0,64,2,ATTTATGAATTGCCACAGCA,62,5218393
yqjE_yqjK_yqjD_yqjC_predicted,5.0,16,2,ATTGTTCGGTAATACGGACA,14,5176068
yqjE_yqjK_yqjD_yqjC_predicted,3.0,10,2,ATTGCCATTAAGAAAAGAAA,8,5233408
yqjE_yqjK_yqjD_yqjC_predicted,3.3333333333333335,11,2,ATTCTCGGGCGGCTTGTTTG,9,5170826
yqjE_yqjK_yqjD_yqjC_predicted,4.0,13,2,ATTCCATTAACAAAGGTTAC,11,5240471
yqjE_yqjK_yqjD_yqjC_predicted,1.3333333333333333,5,2,ATTCATTAGTTACGTGTACT,3,5179989
yqjE_yqjK_yqjD_yqjC_predicted,6.0,19,2,ATTCATCGAAGGGAGTCTGC,17,5209217
yqjE_yqjK_yqjD_yqjC_predicted,6.0,19,2,ATTCAGGCGCAGGTCAGTGG,17,5182757
yqjE_yqjK_yqjD_yqjC_predicted,7.333333333333333,23,2,ATTAAGCCCTACTATTGCGC,21,5221499
yqjE_yqjK_yqjD_yqjC_predicted,4.333333333333333,14,2,ATGTTTTTGACTACACTGGA,12,5223142
yqjE_yqjK_yqjD_yqjC_predicted,0.6666666666666666,3,2,ATGTTGAGTTACTGCTACGA,1,5194424
yqjE_yqjK_yqjD_yqjC_predicted,1.0,4,2,ATGTTCGTCACACCATAACA,2,5220515
yqjE_yqjK_yqjD_yqjC_predicted,1.6666666666666667,6,2,ATGTTCGCCACTTTCGAGCT,4,5240137
yqjE_yqjK_yqjD_yqjC_predicted,0.6666666666666666,3,2,ATGTTCCAGAGGTCCTGTAA,1,5245195
yqjE_yqjK_yqjD_yqjC_predicted,7.0,22,2,ATGTGTCAGTTCGACTTTCG,20,5242537
yqjE_yqjK_yqjD_yqjC_predicted,2.6666666666666665,9,2,ATGTCGCGATCGGTACTCCA,7,5255724
yqjE_yqjK_yqjD_yqjC_predicted,5.0,16,2,ATGTCCGGGCATGGTCGAAC,14,5173317
yqjE_yqjK_yqjD_yqjC_predicted,1.0,4,2,ATGGGTTATCCAACAATATT,2,5171491
yqjE_yqjK_yqjD_yqjC_predicted,0.6666666666666666,3,2,ATGGGTCTGGCTGAGTATTT,1,5196657
yqjE_yqjK_yqjD_yqjC_predicted,0.6666666666666666,3,2,ATGGGGGCCTAGACGTCTCC,1,5259240
yqjE_yqjK_yqjD_yqjC_predicted,5.0,16,2,ATGGCTGGGGGCCGACAACT,14,5183529
yqjE_yqjK_yqjD_yqjC_predicted,1.0,4,2,ATGGATCGATAATCTGACAT,2,5224825
yqjE_yqjK_yqjD_yqjC_predicted,3.6666666666666665,12,2,ATGGATATTCTATGGCAACA,10,5184254
yqjE_yqjK_yqjD_yqjC_predicted,0.6666666666666666,3,2,ATGCTAAAGCTGCCTAGGTT,1,5208844
yqjE_yqjK_yqjD_yqjC_predicted,4.333333333333333,14,2,ATGCGCTAATAGATTGACAT,12,5173696
yqjE_yqjK_yqjD_yqjC_predicted,9.0,28,2,ATGCAGCGCGGTTGCGTAAT,26,5230253
yqjE_yqjK_yqjD_yqjC_predicted,2.3333333333333335,8,2,ATGATAGCCAGGTAATCATC,6,5243125
yqjE_yqjK_yqjD_yqjC_predicted,3.0,10,2,ATGAAGATATTGCCACAGGG,8,5184227
yqjE_yqjK_yqjD_yqjC_predicted,11.333333333333334,35,2,ATCTCGCCTAATGAGCCACC,33,5205041
yqjE_yqjK_yqjD_yqjC_predicted,0.6666666666666666,3,2,ATCGGTTCAAAGACGGTAGT,1,5198268
yqjE_yqjK_yqjD_yqjC_predicted,10.0,31,2,ATCGGAGTCCACACTTCAAG,29,5188107
yqjE_yqjK_yqjD_yqjC_predicted,1.6666666666666667,6,2,ATCGCGGCTTTATCACCTGG,4,5173062
yqjE_yqjK_yqjD_yqjC_predicted,4.0,13,2,ATCGCAGGATAGGTTGAAAT,11,5189901
yqjE_yqjK_yqjD_yqjC_predicted,10.0,31,2,ATCCTGGCTGCCTAATATGC,29,5257705
yqjE_yqjK_yqjD_yqjC_predicted,1.3333333333333333,5,2,ATCCTGGCGCTGAACTTGCC,3,5228122
yqjE_yqjK_yqjD_yqjC_predicted,0.6666666666666666,3,2,ATCCTCTATGTTATGCCCAT,1,5234817
yqjE_yqjK_yqjD_yqjC_predicted,11.0,34,2,ATCCGGAGGGTGCAGTCCAA,32,5260847
yqjE_yqjK_yqjD_yqjC_predicted,2.3333333333333335,8,2,ATCCGAACGGTACCGTAGCT,6,5223697
yqjE_yqjK_yqjD_yqjC_predicted,3.3333333333333335,11,2,ATCCATGATTATCGGAAGCC,9,5218289
yqjE_yqjK_yqjD_yqjC_predicted,5.666666666666667,18,2,ATCATATCAGCGTACCTGTA,16,5180593
yqjE_yqjK_yqjD_yqjC_predicted,1.3333333333333333,5,2,ATCATAGTAGGGACACGTCT,3,5228912
yqjE_yqjK_yqjD_yqjC_predicted,1.6666666666666667,6,2,ATCAGTACCACAGGCCCCTG,4,5258697
yqjE_yqjK_yqjD_yqjC_predicted,5.0,16,2,ATCACTGAATCAACATTGTC,14,5211415
yqjE_yqjK_yqjD_yqjC_predicted,2.0,7,2,ATCACGTGTGGAGTATAAAC,5,5258829
yqjE_yqjK_yqjD_yqjC_predicted,0.6666666666666666,3,2,ATAGTACTTGAGCGAGGAGC,1,5181314
yqjE_yqjK_yqjD_yqjC_predicted,4.666666666666667,15,2,ATAGGGCGTCGGGATGCAGA,13,5180938
yqjE_yqjK_yqjD_yqjC_predicted,0.6666666666666666,3,2,ATAGCCCTATGGGTAAAAAG,1,5256685
yqjE_yqjK_yqjD_yqjC_predicted,2.6666666666666665,9,2,ATACATAATCTACTATTAGA,7,5234428
yqjE_yqjK_yqjD_yqjC_predicted,6.666666666666667,21,2,ATACAGAAGTCGCGCGGACC,19,5222235
yqjE_yqjK_yqjD_yqjC_predicted,3.0,10,2,ATAACCCCTTTCGGACATGA,8,5205016
yqjE_yqjK_yqjD_yqjC_predicted,1.3333333333333333,5,2,ATAAATCGTCCCTGACATGT,3,5212175
yqjE_yqjK_yqjD_yqjC_predicted,0.6666666666666666,3,2,ATAAAATTGCCGCCAGTCCA,1,5235959
yqjE_yqjK_yqjD_yqjC_predicted,4.0,13,2,AGTTTCCAGTTTTGGTTTTT,11,5238835
yqjE_yqjK_yqjD_yqjC_predicted,0.6666666666666666,3,2,AGTTGCCCAGACATAGGAAG,1,5210195
yqjE_yqjK_yqjD_yqjC_predicted,0.6666666666666666,3,2,AGTTCTGGTCTTACCAAGAA,1,5208240
yqjE_yqjK_yqjD_yqjC_predicted,0.6666666666666666,3,2,AGTTCGCCGGGGAATCGGAG,1,5174293
yqjE_yqjK_yqjD_yqjC_predicted,4.666666666666667,15,2,AGTTCCCACGACCTCGTGAT,13,5258702
yqjE_yqjK_yqjD_yqjC_predicted,6.666666666666667,21,2,AGTGTTCTCATGTTCCGCTG,19,5226510
yqjE_yqjK_yqjD_yqjC_predicted,4.333333333333333,14,2,AGTGTGACAACAGACCGAAT,12,5225572
yqjE_yqjK_yqjD_yqjC_predicted,0.6666666666666666,3,2,AGTGGACAGCTGAATTTCAT,1,5221788
yqjE_yqjK_yqjD_yqjC_predicted,2.3333333333333335,8,2,AGTCTCATTACATAGCTCAT,6,5249987
yqjE_yqjK_yqjD_yqjC_predicted,2.6666666666666665,9,2,AGTCCGTGCGTTTTCAGGTT,7,5187774
yqjE_yqjK_yqjD_yqjC_predicted,1.6666666666666667,6,2,AGTCAACTCCTCGACCCACA,4,5207675
yqjE_yqjK_yqjD_yqjC_predicted,2.3333333333333335,8,2,AGTATGTTGCCCCGTGGGGA,6,5216022
yqjE_yqjK_yqjD_yqjC_predicted,2.0,7,2,AGTATGGTTAGCGTCCAAAC,5,5175319
yqjE_yqjK_yqjD_yqjC_predicted,2.3333333333333335,8,2,AGTATATTTCTCGTGCCAGT,6,5198801
yqjE_yqjK_yqjD_yqjC_predicted,1.0,4,2,AGTATAATGGTGATCGAGAG,2,5259903
yqjE_yqjK_yqjD_yqjC_predicted,2.6666666666666665,9,2,AGTACGGGTAATCTTATGTC,7,5248638
yqjE_yqjK_yqjD_yqjC_predicted,0.6666666666666666,3,2,AGTACGAAGAAGCCGGGAAG,1,5237173
yqjE_yqjK_yqjD_yqjC_predicted,0.6666666666666666,3,2,AGGGCCTGGAGCAAGGTTAA,1,5228749
yqjE_yqjK_yqjD_yqjC_predicted,1.3333333333333333,5,2,AGGCTAGGTCATCACGTGAT,3,5236262
yqjE_yqjK_yqjD_yqjC_predicted,3.0,10,2,AGGCAGCTAGTTCATTTGTT,8,5229210
yqjE_yqjK_yqjD_yqjC_predicted,0.6666666666666666,3,2,AGGAGAGTCGGAGGCAGTCT,1,5193386
yqjE_yqjK_yqjD_yqjC_predicted,6.333333333333333,20,2,AGCTTCGATCTTTTATGCAA,18,5207879
yqjE_yqjK_yqjD_yqjC_predicted,7.0,22,2,AGCTCCGCTGGGCATTATCA,20,5209456
yqjE_yqjK_yqjD_yqjC_predicted,6.0,19,2,AGCTCACCTATAACGGACTA,17,5225613
yqjE_yqjK_yqjD_yqjC_predicted,0.6666666666666666,3,2,AGCCCACCGCGAGCTAGAAT,1,5185003
yqjE_yqjK_yqjD_yqjC_predicted,1.3333333333333333,5,2,AGCATCAGGTTAGTTGATCA,3,5236459
yqjE_yqjK_yqjD_yqjC_predicted,3.0,10,2,AGCATCACAGGTCGCCGAGA,8,5190575
yqjE_yqjK_yqjD_yqjC_predicted,3.3333333333333335,11,2,AGCAGGAGTAAGGCAGAGAC,9,5253098
yqjE_yqjK_yqjD_yqjC_predicted,0.6666666666666666,3,2,AGCAGACCAGAAAGACACTA,1,5200563
yqjE_yqjK_yqjD_yqjC_predicted,3.0,10,2,AGCACAGTACATCGACATGT,8,5213252
yqjE_yqjK_yqjD_yqjC_predicted,3.0,10,2,AGATTTAAGTCATCTCCCGA,8,5215105
yqjE_yqjK_yqjD_yqjC_predicted,3.3333333333333335,11,2,AGATTTAAATTGGCGCCATG,9,5256618
yqjE_yqjK_yqjD_yqjC_predicted,1.0,4,2,AGATGCTGCGGACTACGGGA,2,5259702
yqjE_yqjK_yqjD_yqjC_predicted,1.0,4,2,AGATAACACACACGCAAGGA,2,5262216
yqjE_yqjK_yqjD_yqjC_predicted,4.333333333333333,14,2,AGAGCCGTAGAGTCACCCTA,12,5183428
yqjE_yqjK_yqjD_yqjC_predicted,1.3333333333333333,5,2,AGAGCATCGTCTCGGGCTCT,3,5193784
yqjE_yqjK_yqjD_yqjC_predicted,1.3333333333333333,5,2,AGACACTGCCGGATTAAGTA,3,5185793
yqjE_yqjK_yqjD_yqjC_predicted,3.6666666666666665,12,2,AGAAGGAGTGGACTCGACTC,10,5232611
yqjE_yqjK_yqjD_yqjC_predicted,0.6666666666666666,3,2,AGAAGAAAAGCACTACTAGA,1,5214979
yqjE_yqjK_yqjD_yqjC_predicted,0.6666666666666666,3,2,ACTTTTACCCATTCCCAGTT,1,5220812
yqjE_yqjK_yqjD_yqjC_predicted,2.0,7,2,ACTTGTGGTTCTCCTTGACC,5,5236357
yqjE_yqjK_yqjD_yqjC_predicted,3.6666666666666665,12,2,ACTTGGCCCCGGTATCGCCT,10,5209732
yqjE_yqjK_yqjD_yqjC_predicted,2.0,7,2,ACTGTTGGGAACGTGCTCCT,5,5231963
yqjE_yqjK_yqjD_yqjC_predicted,3.3333333333333335,11,2,ACTGGTTCCTTCCGCCATAT,9,5175089
yqjE_yqjK_yqjD_yqjC_predicted,6.333333333333333,20,2,ACTCGGCAAACTTCAAGAGT,18,5193533
yqjE_yqjK_yqjD_yqjC_predicted,6.333333333333333,20,2,ACTCCTGGGCACGTATTGTA,18,5171627
yqjE_yqjK_yqjD_yqjC_predicted,1.6666666666666667,6,2,ACTACAACAACAGCGAGTAA,4,5252652
yqjE_yqjK_yqjD_yqjC_predicted,4.0,13,2,ACGTTTAACCGCGCGTACGA,11,5213929
yqjE_yqjK_yqjD_yqjC_predicted,3.0,10,2,ACGTGAGCTTGCCGTCAACA,8,5252631
yqjE_yqjK_yqjD_yqjC_predicted,6.333333333333333,20,2,ACGTCACATGCCCAGGTGCA,18,5203094
yqjE_yqjK_yqjD_yqjC_predicted,9.666666666666666,30,2,ACGGGCGTATTGACAATATA,28,5207685
yqjE_yqjK_yqjD_yqjC_predicted,1.3333333333333333,5,2,ACGGCGGTCGTCCCCACCGC,3,5209856
yqjE_yqjK_yqjD_yqjC_predicted,3.3333333333333335,11,2,ACGGCGGAAATTCAGCTCTC,9,5260611
yqjE_yqjK_yqjD_yqjC_predicted,2.3333333333333335,8,2,ACGGCCTTGTGCACCACAGC,6,5216620
yqjE_yqjK_yqjD_yqjC_predicted,2.3333333333333335,8,2,ACGGAAAGCTTTATGAGAAT,6,5218504
yqjE_yqjK_yqjD_yqjC_predicted,0.6666666666666666,3,2,ACGGAAAGATCGTTCAACGT,1,5230024
yqjE_yqjK_yqjD_yqjC_predicted,1.0,4,2,ACGCGTCATATTGGGGCATA,2,5181350
yqjE_yqjK_yqjD_yqjC_predicted,6.666666666666667,21,2,ACGCCCGCCTACTTACGTTA,19,5186016
yqjE_yqjK_yqjD_yqjC_predicted,1.0,4,2,ACGCAGGTATCGTGGGCTCT,2,5181857
yqjE_yqjK_yqjD_yqjC_predicted,0.6666666666666666,3,2,ACGATTACGCCATATATACT,1,5230305
yqjE_yqjK_yqjD_yqjC_predicted,4.0,13,2,ACGATGTAGCAGGATAAGAT,11,5184712
yqjE_yqjK_yqjD_yqjC_predicted,6.666666666666667,21,2,ACGAGCCAGTTTAGGAGCAT,19,5181418
yqjE_yqjK_yqjD_yqjC_predicted,9.333333333333334,29,2,ACCTCGATACCTGCCTCCGT,27,5191396
yqjE_yqjK_yqjD_yqjC_predicted,0.6666666666666666,3,2,ACCTACCCTGAAAAGTGCAA,1,5207824
yqjE_yqjK_yqjD_yqjC_predicted,4.0,13,2,ACCGGAATGACACTCCAACC,11,5208862
yqjE_yqjK_yqjD_yqjC_predicted,1.6666666666666667,6,2,ACCGCTATCCTATAGTTTTA,4,5203539
yqjE_yqjK_yqjD_yqjC_predicted,2.0,7,2,ACCGAAGTCCCAATGCCTTG,5,5172448
yqjE_yqjK_yqjD_yqjC_predicted,3.0,10,2,ACCGAAAAACTAAGGGTAGT,8,5258146
yqjE_yqjK_yqjD_yqjC_predicted,0.6666666666666666,3,2,ACCACTATCCTGCACAAAGA,1,5253702
yqjE_yqjK_yqjD_yqjC_predicted,3.0,10,2,ACATTAGCTTTTTTCTCTTT,8,5183154
yqjE_yqjK_yqjD_yqjC_predicted,2.0,7,2,ACATGCATCATTTAACAAAG,5,5178125
yqjE_yqjK_yqjD_yqjC_predicted,6.333333333333333,20,2,ACATGAACAACGGCACAAGA,18,5220508
yqjE_yqjK_yqjD_yqjC_predicted,6.333333333333333,20,2,ACATCTGTACTGAATCCCTA,18,5182171
yqjE_yqjK_yqjD_yqjC_predicted,3.6666666666666665,12,2,ACATAATGCCCGAGTCCGCG,10,5244679
yqjE_yqjK_yqjD_yqjC_predicted,3.3333333333333335,11,2,ACAGTTTCCGGGGGTATCTT,9,5227662
yqjE_yqjK_yqjD_yqjC_predicted,4.0,13,2,ACAGGCATTCAGCAATGATT,11,5240079
yqjE_yqjK_yqjD_yqjC_predicted,1.0,4,2,ACAGAAGGTGGACAACTCTA,2,5221013
yqjE_yqjK_yqjD_yqjC_predicted,1.3333333333333333,5,2,ACACGCTGACATCTTAGTCA,3,5242511
yqjE_yqjK_yqjD_yqjC_predicted,4.0,13,2,ACACCCATGGACTACCCAGC,11,5241141
yqjE_yqjK_yqjD_yqjC_predicted,8.333333333333334,26,2,ACACCACCTTGATAGACTAC,24,5228586
yqjE_yqjK_yqjD_yqjC_predicted,5.0,16,2,AATTTACGGGCTGTTATTAC,14,5234722
yqjE_yqjK_yqjD_yqjC_predicted,1.0,4,2,AATTGGACGACGAAAAGAAC,2,5239238
yqjE_yqjK_yqjD_yqjC_predicted,1.0,4,2,AATTCCCCATTTATCGTCTT,2,5233840
yqjE_yqjK_yqjD_yqjC_predicted,9.333333333333334,29,2,AATTAGAGACGGGGGTAAAA,27,5215573
yqjE_yqjK_yqjD_yqjC_predicted,11.333333333333334,35,2,AATGGTCTCCCCCCTGAATC,33,5217405
yqjE_yqjK_yqjD_yqjC_predicted,3.3333333333333335,11,2,AATGGTATAGGAACCAATGA,9,5190355
yqjE_yqjK_yqjD_yqjC_predicted,1.0,4,2,AATGAGATAACATATGTCAG,2,5235440
yqjE_yqjK_yqjD_yqjC_predicted,0.6666666666666666,3,2,AATCTTATAAATCATCTAAG,1,5249139
yqjE_yqjK_yqjD_yqjC_predicted,2.6666666666666665,9,2,AATCTGTTATTAAGTCTGCA,7,5237342
yqjE_yqjK_yqjD_yqjC_predicted,2.3333333333333335,8,2,AATCCTAGACTAACATACTA,6,5175705
yqjE_yqjK_yqjD_yqjC_predicted,1.3333333333333333,5,2,AATCCGGCTAGATTTATACA,3,5189950
yqjE_yqjK_yqjD_yqjC_predicted,2.6666666666666665,9,2,AATCATGAAGAATGCATAGT,7,5234964
yqjE_yqjK_yqjD_yqjC_predicted,0.6666666666666666,3,2,AATAGAATGCCCAGAAAGCC,1,5186793
yqjE_yqjK_yqjD_yqjC_predicted,16.0,49,2,AATACGCGTCCCCTGTAGAA,47,5172944
yqjE_yqjK_yqjD_yqjC_predicted,0.6666666666666666,3,2,AAGTTGTGGTCGTAAGGTCT,1,5226290
yqjE_yqjK_yqjD_yqjC_predicted,8.0,25,2,AAGTTATTTGCCACTCCGAG,23,5180273
yqjE_yqjK_yqjD_yqjC_predicted,4.333333333333333,14,2,AAGTGGTACATTGGACCTGT,12,5230523
yqjE_yqjK_yqjD_yqjC_predicted,1.0,4,2,AAGTCTCCTGAAAAACATCT,2,5212993
yqjE_yqjK_yqjD_yqjC_predicted,1.3333333333333333,5,2,AAGGGTTATGAACCTCATGC,3,5243228
yqjE_yqjK_yqjD_yqjC_predicted,2.3333333333333335,8,2,AAGGGAGCCATCTTGGGTCG,6,5229625
yqjE_yqjK_yqjD_yqjC_predicted,0.6666666666666666,3,2,AAGGCGCCCAGGCCGCTCGT,1,5195935
yqjE_yqjK_yqjD_yqjC_predicted,1.3333333333333333,5,2,AAGGCAACTGGTAGCGAGCG,3,5210514
yqjE_yqjK_yqjD_yqjC_predicted,4.0,13,2,AAGCTCACGTTAACGTGACT,11,5188426
yqjE_yqjK_yqjD_yqjC_predicted,5.0,16,2,AAGCCTCGCAGACAAGGCAA,14,5203025
yqjE_yqjK_yqjD_yqjC_predicted,1.0,4,2,AAGCCGGATCTCGTGCTTGC,2,5193489
yqjE_yqjK_yqjD_yqjC_predicted,1.0,4,2,AAGCCGACTGAGGCTTACCC,2,5262750
yqjE_yqjK_yqjD_yqjC_predicted,5.333333333333333,17,2,AAGATTCGGCTGTCGGAATT,15,5174362
yqjE_yqjK_yqjD_yqjC_predicted,0.6666666666666666,3,2,AAGATGACAACAACGGATAC,1,5179663
yqjE_yqjK_yqjD_yqjC_predicted,5.666666666666667,18,2,AAGATATCGTCTAGCATACA,16,5196609
yqjE_yqjK_yqjD_yqjC_predicted,5.0,16,2,AAGAGCATCCACACTCTTTC,14,5199132
yqjE_yqjK_yqjD_yqjC_predicted,10.666666666666666,33,2,AACTTCGGCCTACCGTCACA,31,5184162
yqjE_yqjK_yqjD_yqjC_predicted,6.333333333333333,20,2,AACTTCGATTTTTGGACGGG,18,5221768
yqjE_yqjK_yqjD_yqjC_predicted,4.666666666666667,15,2,AACTGCGCATTTCTCATTGC,13,5250076
yqjE_yqjK_yqjD_yqjC_predicted,1.3333333333333333,5,2,AACTCGGGGCTTTCTCAAGT,3,5236852
yqjE_yqjK_yqjD_yqjC_predicted,0.6666666666666666,3,2,AACGGCAATTCGATGTCTTC,1,5242502
yqjE_yqjK_yqjD_yqjC_predicted,2.3333333333333335,8,2,AACGCCATTTCAACGAGGGT,6,5241441
yqjE_yqjK_yqjD_yqjC_predicted,2.3333333333333335,8,2,AACGCATTGTGCATCTGCGA,6,5188902
yqjE_yqjK_yqjD_yqjC_predicted,8.0,25,2,AACGCAATGTAGATCATGTA,23,5172678
yqjE_yqjK_yqjD_yqjC_predicted,1.6666666666666667,6,2,AACGAGGATATAACCTGGTT,4,5227429
yqjE_yqjK_yqjD_yqjC_predicted,4.333333333333333,14,2,AACGAAACAGTTTAAGTCCG,12,5212216
yqjE_yqjK_yqjD_yqjC_predicted,1.6666666666666667,6,2,AACCTCTCGAAGCCCCTATC,4,5184511
yqjE_yqjK_yqjD_yqjC_predicted,4.333333333333333,14,2,AACAGCTCGAAGTATGTAGC,12,5226745
yqjE_yqjK_yqjD_yqjC_predicted,1.6666666666666667,6,2,AACACAAAGGAACGCAGATC,4,5171149
yqjE_yqjK_yqjD_yqjC_predicted,1.3333333333333333,5,2,AAATCGGTTACAGATCTGAA,3,5234565
yqjE_yqjK_yqjD_yqjC_predicted,6.333333333333333,20,2,AAAGCGCCAACGTGAAGGGT,18,5197500
yqjE_yqjK_yqjD_yqjC_predicted,3.0,10,2,AAAGAGAACGGGAATAAAGT,8,5231444
yqjE_yqjK_yqjD_yqjC_predicted,1.6666666666666667,6,2,AAACGTATTTCATGAATTCT,4,5258809
yqjE_yqjK_yqjD_yqjC_predicted,1.0,4,2,AAACCGGTTATACAATACTC,2,5215827
yqjE_yqjK_yqjD_yqjC_predicted,7.666666666666667,24,2,AAACAAGATGATCCGGGTTC,22,5220343
yqjE_yqjK_yqjD_yqjC_predicted,7.0,22,2,AAAAAGTCATCCCTTTTGCG,20,5226790
yqjE_yqjK_yqjD_yqjC_predicted,3.3333333333333335,11,2,AAAAACCATCGAGAGCGGTC,9,5216976
yqjE_yqjK_yqjD_yqjC_predicted,3.5,7,1,TTTTGTTTGTATTTTCAACA,6,5195203
yqjE_yqjK_yqjD_yqjC_predicted,3.5,7,1,TTTTCGCGTAATATCCTTAT,6,5215328
yqjE_yqjK_yqjD_yqjC_predicted,3.0,6,1,TTTTCCCACGTCTTAGCGTA,5,5236289
yqjE_yqjK_yqjD_yqjC_predicted,1.5,3,1,TTTGGGATTGCATATCGGTG,2,5210411
yqjE_yqjK_yqjD_yqjC_predicted,11.0,22,1,TTTGCTCACTGTGAGTTTAA,21,5250758
yqjE_yqjK_yqjD_yqjC_predicted,7.0,14,1,TTTGCCGCGTGCCGCCGAGA,13,5260585
yqjE_yqjK_yqjD_yqjC_predicted,1.5,3,1,TTTCTGACGCCCCGCCCTTA,2,5218435
yqjE_yqjK_yqjD_yqjC_predicted,1.5,3,1,TTTCGTTCCCATTGGAAGCA,2,5250596
yqjE_yqjK_yqjD_yqjC_predicted,1.0,2,1,TTTCGTGCATGGGTAATCGC,1,5185413
yqjE_yqjK_yqjD_yqjC_predicted,11.0,22,1,TTTCGGGCTTACGAGGCGCT,21,5179251
yqjE_yqjK_yqjD_yqjC_predicted,2.5,5,1,TTTCGCTGTATAGCTACGCG,4,5206922
yqjE_yqjK_yqjD_yqjC_predicted,3.0,6,1,TTTCCCCGTCATGCAACTTT,5,5182670
yqjE_yqjK_yqjD_yqjC_predicted,1.0,2,1,TTTCCAAGCTTATCGATTCA,1,5228249
yqjE_yqjK_yqjD_yqjC_predicted,11.5,23,1,TTTATTGGGATAAGCTAACG,22,5227724
yqjE_yqjK_yqjD_yqjC_predicted,6.0,12,1,TTTAATCAGCTGTCGGGTGT,11,5206003
yqjE_yqjK_yqjD_yqjC_predicted,2.0,4,1,TTGTGGTATCCCAGAACTGC,3,5221020
yqjE_yqjK_yqjD_yqjC_predicted,3.0,6,1,TTGTATGGCGTAGTTGGAAG,5,5200501
yqjE_yqjK_yqjD_yqjC_predicted,1.0,2,1,TTGGGCGTTATATTCAATGT,1,5190147
yqjE_yqjK_yqjD_yqjC_predicted,8.5,17,1,TTGGCACAGCTCTGAAATTG,16,5215124
yqjE_yqjK_yqjD_yqjC_predicted,1.5,3,1,TTGGAGGACAGATGGGTCCT,2,5248284
yqjE_yqjK_yqjD_yqjC_predicted,14.0,28,1,TTGCTGAAGAGTGTATGCTA,27,5238004
yqjE_yqjK_yqjD_yqjC_predicted,12.5,25,1,TTGCTCCAGCCTACTCGAAT,24,5243590
yqjE_yqjK_yqjD_yqjC_predicted,2.0,4,1,TTGCGTCAGAGTGTGTTGTA,3,5212606
yqjE_yqjK_yqjD_yqjC_predicted,4.5,9,1,TTGCGCACAGATAGATGGGT,8,5196911
yqjE_yqjK_yqjD_yqjC_predicted,22.0,44,1,TTGCACGTTCGGAGTCTACA,43,5244520
yqjE_yqjK_yqjD_yqjC_predicted,9.0,18,1,TTGAACGCGAGGATCCACGC,17,5207480
yqjE_yqjK_yqjD_yqjC_predicted,2.5,5,1,TTCTTTGATTTCAACGGAGA,4,5221221
yqjE_yqjK_yqjD_yqjC_predicted,4.5,9,1,TTCTTAAACACGTTGGCTCG,8,5174534
yqjE_yqjK_yqjD_yqjC_predicted,2.0,4,1,TTCTGCAAAGGTCTTTAACA,3,5171031
yqjE_yqjK_yqjD_yqjC_predicted,9.0,18,1,TTCTCGTCATTTCTCAATTA,17,5247395
yqjE_yqjK_yqjD_yqjC_predicted,3.0,6,1,TTCTAGACAATTTTTACCTC,5,5219980
yqjE_yqjK_yqjD_yqjC_predicted,1.0,2,1,TTCGTTCCACTCGCGAACAA,1,5216899
yqjE_yqjK_yqjD_yqjC_predicted,4.5,9,1,TTCGTAATGGAGGCATTCCC,8,5189689
yqjE_yqjK_yqjD_yqjC_predicted,2.0,4,1,TTCGGTTTCACCGGCACCTA,3,5256405
yqjE_yqjK_yqjD_yqjC_predicted,1.5,3,1,TTCGGATATCACGGGATTAT,2,5233418
yqjE_yqjK_yqjD_yqjC_predicted,5.5,11,1,TTCCTCTACAAACGGAACTG,10,5243313
yqjE_yqjK_yqjD_yqjC_predicted,2.0,4,1,TTCCGTGATGTGCGTGCCTA,3,5249237
yqjE_yqjK_yqjD_yqjC_predicted,6.5,13,1,TTCCGGGGGCGACATCTGTA,12,5188344
yqjE_yqjK_yqjD_yqjC_predicted,7.5,15,1,TTCCGCCGATCTGTTCTCGC,14,5240396
yqjE_yqjK_yqjD_yqjC_predicted,1.0,2,1,TTCCCTAAGAGTAGTGTGTT,1,5257757
yqjE_yqjK_yqjD_yqjC_predicted,1.5,3,1,TTCCCATGATGACCAGACTC,2,5220657
yqjE_yqjK_yqjD_yqjC_predicted,21.0,42,1,TTCATTCTGCTACCTGGGGG,41,5220770
yqjE_yqjK_yqjD_yqjC_predicted,1.5,3,1,TTCATGGCGCTAAAGAGTGC,2,5218880
yqjE_yqjK_yqjD_yqjC_predicted,4.5,9,1,TTCAGCTTCAAAGTCCTCGT,8,5171286
yqjE_yqjK_yqjD_yqjC_predicted,6.0,12,1,TTCAGCCATATTTCTTGTGG,11,5189295
yqjE_yqjK_yqjD_yqjC_predicted,1.5,3,1,TTCACATTTATCATAGATTT,2,5227343
yqjE_yqjK_yqjD_yqjC_predicted,2.0,4,1,TTCAAGCTAAGGAGTGGTTG,3,5229409
yqjE_yqjK_yqjD_yqjC_predicted,1.0,2,1,TTATTGAAGTCGGTTGTGCT,1,5246683
yqjE_yqjK_yqjD_yqjC_predicted,5.5,11,1,TTATGTTGGCTATGGTGGTT,10,5260685
yqjE_yqjK_yqjD_yqjC_predicted,3.5,7,1,TTATGGTGATGATAATATGA,6,5252765
yqjE_yqjK_yqjD_yqjC_predicted,1.0,2,1,TTATCGCCAATGGCCTGAAG,1,5178373
yqjE_yqjK_yqjD_yqjC_predicted,1.0,2,1,TTAGTGTCGAGACACGGGGG,1,5205826
yqjE_yqjK_yqjD_yqjC_predicted,2.0,4,1,TTAGGTTGGACCGCTAAGTC,3,5178032
yqjE_yqjK_yqjD_yqjC_predicted,12.0,24,1,TTAGGGTAACGTGCGCTAAG,23,5237608
yqjE_yqjK_yqjD_yqjC_predicted,1.5,3,1,TTAGAAATGAATATCTTAAA,2,5246819
yqjE_yqjK_yqjD_yqjC_predicted,10.5,21,1,TTACTTATCGGCGAGGATTG,20,5225774
yqjE_yqjK_yqjD_yqjC_predicted,15.0,30,1,TTACTCACGGCCAGGAGATA,29,5183786
yqjE_yqjK_yqjD_yqjC_predicted,1.5,3,1,TTACGGAAGAAGTATAGTTT,2,5244256
yqjE_yqjK_yqjD_yqjC_predicted,1.0,2,1,TTACGCGCGGCTACCCATAC,1,5226925
yqjE_yqjK_yqjD_yqjC_predicted,1.0,2,1,TTACCTCCGGTACTTTAATT,1,5196041
yqjE_yqjK_yqjD_yqjC_predicted,1.0,2,1,TTAATCCTTGGGAGCGGGTA,1,5243248
yqjE_yqjK_yqjD_yqjC_predicted,4.0,8,1,TTAAGTGTGGCTATAAAAGG,7,5253224
yqjE_yqjK_yqjD_yqjC_predicted,1.0,2,1,TTAAGAAATTCTGAAGGCAG,1,5224653
yqjE_yqjK_yqjD_yqjC_predicted,2.0,4,1,TTAACGGCATGTGTTGCCGA,3,5209643
yqjE_yqjK_yqjD_yqjC_predicted,3.5,7,1,TTAACCATTTTATTCCTTGT,6,5251054
yqjE_yqjK_yqjD_yqjC_predicted,5.5,11,1,TTAAATGGACTAAATAAACG,10,5225167
yqjE_yqjK_yqjD_yqjC_predicted,6.0,12,1,TTAAAGCTCCGCCTGACGGG,11,5262717
yqjE_yqjK_yqjD_yqjC_predicted,1.0,2,1,TGTTGACGCCGAGTGCGGTA,1,5228105
yqjE_yqjK_yqjD_yqjC_predicted,6.0,12,1,TGTGTGGCTAATTCTGGGTT,11,5220133
yqjE_yqjK_yqjD_yqjC_predicted,1.5,3,1,TGTCTTTCCATTTTCTGGCC,2,5242367
yqjE_yqjK_yqjD_yqjC_predicted,1.5,3,1,TGTCTCCCACTATTTCACAT,2,5202643
yqjE_yqjK_yqjD_yqjC_predicted,1.0,2,1,TGTCCCTACTTCTCTTCCTC,1,5246099
yqjE_yqjK_yqjD_yqjC_predicted,4.0,8,1,TGTCATGCATTGCGGGGTTC,7,5178378
yqjE_yqjK_yqjD_yqjC_predicted,6.5,13,1,TGTCAGTACGAAGCTTTGGG,12,5256251
yqjE_yqjK_yqjD_yqjC_predicted,1.5,3,1,TGTCAGCTATTATGCCGTCT,2,5203595
yqjE_yqjK_yqjD_yqjC_predicted,8.0,16,1,TGTATGACTCGGTTGCATTA,15,5201420
yqjE_yqjK_yqjD_yqjC_predicted,17.0,34,1,TGTAATGATCTAAGTACGCT,33,5200366
yqjE_yqjK_yqjD_yqjC_predicted,3.5,7,1,TGGTCACTCAGGTTTCATGT,6,5178220
yqjE_yqjK_yqjD_yqjC_predicted,1.0,2,1,TGGTCACCACTGTGGGTAAT,1,5218655
yqjE_yqjK_yqjD_yqjC_predicted,1.0,2,1,TGGTATTTGTTTTTTCGTCT,1,5194203
yqjE_yqjK_yqjD_yqjC_predicted,2.0,4,1,TGGCTCCGGGTAGTAGAGGG,3,5253736
yqjE_yqjK_yqjD_yqjC_predicted,11.5,23,1,TGGCCGATTCGATGACTTGC,22,5230319
yqjE_yqjK_yqjD_yqjC_predicted,1.0,2,1,TGGCCACGCTAGCTTTAGAA,1,5242845
yqjE_yqjK_yqjD_yqjC_predicted,1.0,2,1,TGGCATCGCGGTCTTTGTAC,1,5252344
yqjE_yqjK_yqjD_yqjC_predicted,1.0,2,1,TGGCAGTAGTTAACGCGTCA,1,5189849
yqjE_yqjK_yqjD_yqjC_predicted,2.0,4,1,TGGACGACAGAAACAGCCTG,3,5179633
yqjE_yqjK_yqjD_yqjC_predicted,1.0,2,1,TGGACAAGGGTCTAGGGTAC,1,5227941
yqjE_yqjK_yqjD_yqjC_predicted,8.5,17,1,TGCTTTGTTATCAGGGTGAT,16,5225794
yqjE_yqjK_yqjD_yqjC_predicted,3.5,7,1,TGCTCACGAGGCAACCTATG,6,5195978
yqjE_yqjK_yqjD_yqjC_predicted,1.5,3,1,TGCTAGTGGGCTAAGGCCTG,2,5199127
yqjE_yqjK_yqjD_yqjC_predicted,8.0,16,1,TGCGTTGTGCAAGCTAGAAT,15,5205397
yqjE_yqjK_yqjD_yqjC_predicted,1.5,3,1,TGCGGGAGCCTATTCTCGAC,2,5254684
yqjE_yqjK_yqjD_yqjC_predicted,4.0,8,1,TGCGGACCGCCATCTGTGCA,7,5172911
yqjE_yqjK_yqjD_yqjC_predicted,3.5,7,1,TGCGCTCATACTTCCCGCGC,6,5183610
yqjE_yqjK_yqjD_yqjC_predicted,4.0,8,1,TGCGCCCTCCCCCGATTTCC,7,5230020
yqjE_yqjK_yqjD_yqjC_predicted,6.5,13,1,TGCCGTTCGAAGCTTGTTAT,12,5193672
yqjE_yqjK_yqjD_yqjC_predicted,3.5,7,1,TGCCGGTTCACTCTCGCTGA,6,5185477
yqjE_yqjK_yqjD_yqjC_predicted,3.5,7,1,TGCAATGATGCACACTCATA,6,5205424
yqjE_yqjK_yqjD_yqjC_predicted,4.5,9,1,TGCAAACTCGCCAGCGGTCA,8,5237336
yqjE_yqjK_yqjD_yqjC_predicted,3.0,6,1,TGATTTCAGTCTCTCGGTTA,5,5234491
yqjE_yqjK_yqjD_yqjC_predicted,6.0,12,1,TGATTCGTCTACACTTTTTG,11,5179465
yqjE_yqjK_yqjD_yqjC_predicted,1.5,3,1,TGATGGAAGCATTCGCCTCA,2,5210379
yqjE_yqjK_yqjD_yqjC_predicted,1.0,2,1,TGATCTTTCAATTTGAGAGG,1,5173722
yqjE_yqjK_yqjD_yqjC_predicted,5.0,10,1,TGATCTCGCCGGCAGAGATA,9,5187173
yqjE_yqjK_yqjD_yqjC_predicted,7.5,15,1,TGAGGGGAAATGTACGACCG,14,5173074
yqjE_yqjK_yqjD_yqjC_predicted,1.5,3,1,TGAGAGGGGTGTATGTCTGA,2,5220801
yqjE_yqjK_yqjD_yqjC_predicted,3.0,6,1,TGACGGTTCTCTGGACGAAT,5,5237670
yqjE_yqjK_yqjD_yqjC_predicted,6.0,12,1,TGACGGTTATCAACAAGCGT,11,5230400
yqjE_yqjK_yqjD_yqjC_predicted,12.0,24,1,TGACCGAGGGTTAGATTAGG,23,5200096
yqjE_yqjK_yqjD_yqjC_predicted,7.5,15,1,TGACCCGTTTCGCCTCCAGC,14,5262548
yqjE_yqjK_yqjD_yqjC_predicted,15.5,31,1,TGACCACATAGGACTGGAAC,30,5249536
yqjE_yqjK_yqjD_yqjC_predicted,1.0,2,1,TGACATCTACTACCTAGTTT,1,5195757
yqjE_yqjK_yqjD_yqjC_predicted,13.0,26,1,TGACACGTATAGCGTCGCAG,25,5219165
yqjE_yqjK_yqjD_yqjC_predicted,1.5,3,1,TGAAGAGCATGGGGATAAAA,2,5241112
yqjE_yqjK_yqjD_yqjC_predicted,1.0,2,1,TGAACCAGGAAGGGGCGATC,1,5262859
yqjE_yqjK_yqjD_yqjC_predicted,1.0,2,1,TCTTGCGCGTGAGATTGAAG,1,5203037
yqjE_yqjK_yqjD_yqjC_predicted,2.5,5,1,TCTTCGGATATCAGGATACA,4,5254910
yqjE_yqjK_yqjD_yqjC_predicted,1.0,2,1,TCTGTGAACAGTGTATTCCA,1,5223067
yqjE_yqjK_yqjD_yqjC_predicted,1.0,2,1,TCTGTATCGGAATTTAATTT,1,5190466
yqjE_yqjK_yqjD_yqjC_predicted,2.0,4,1,TCTGAGGGGCCAGGCCGGTG,3,5194309
yqjE_yqjK_yqjD_yqjC_predicted,1.0,2,1,TCTCATCCCTGGGCTCACAC,1,5200583
yqjE_yqjK_yqjD_yqjC_predicted,2.5,5,1,TCTCAGTCAATATGCTCTCT,4,5255497
yqjE_yqjK_yqjD_yqjC_predicted,1.0,2,1,TCTAGCGTAGGCCATCGTGC,1,5186711
yqjE_yqjK_yqjD_yqjC_predicted,1.5,3,1,TCGTCGGCGTATTTTTTATC,2,5190327
yqjE_yqjK_yqjD_yqjC_predicted,4.5,9,1,TCGTCGCTGTATCCTGTATT,8,5243772
yqjE_yqjK_yqjD_yqjC_predicted,4.5,9,1,TCGTCCAGATATCTTCGCTT,8,5174890
yqjE_yqjK_yqjD_yqjC_predicted,1.0,2,1,TCGTCACGGCATGAATTTCC,1,5237823
yqjE_yqjK_yqjD_yqjC_predicted,2.0,4,1,TCGTCACGGAGTTCCGGAGT,3,5179261
yqjE_yqjK_yqjD_yqjC_predicted,3.5,7,1,TCGTATTGCTCACTGGCACT,6,5224345
yqjE_yqjK_yqjD_yqjC_predicted,1.0,2,1,TCGTAGGCCACGATTGGGGG,1,5245730
yqjE_yqjK_yqjD_yqjC_predicted,5.0,10,1,TCGGGAACTAAAACACCTGA,9,5205103
yqjE_yqjK_yqjD_yqjC_predicted,3.5,7,1,TCGGCTAGTCTTTAAGTCTA,6,5183871
yqjE_yqjK_yqjD_yqjC_predicted,1.0,2,1,TCGGCAACCTTTCCCTACAT,1,5204053
yqjE_yqjK_yqjD_yqjC_predicted,6.5,13,1,TCGCTTTGACACCAGGTGCT,12,5257039
yqjE_yqjK_yqjD_yqjC_predicted,1.0,2,1,TCGCTCATCGAACCATTAGT,1,5242379
yqjE_yqjK_yqjD_yqjC_predicted,5.5,11,1,TCGCGCCCTCATGGAAATAT,10,5173186
yqjE_yqjK_yqjD_yqjC_predicted,7.5,15,1,TCGCCGATCCGTGATAGTCG,14,5186021
yqjE_yqjK_yqjD_yqjC_predicted,1.0,2,1,TCGCCCACGACCAAAAAGCC,1,5239098
yqjE_yqjK_yqjD_yqjC_predicted,1.0,2,1,TCGATGTTAGAGCGGCACAT,1,5198508
yqjE_yqjK_yqjD_yqjC_predicted,2.5,5,1,TCGATATGTAACCACACGCT,4,5217162
yqjE_yqjK_yqjD_yqjC_predicted,3.5,7,1,TCGACAGTGTGTTTCCCGGA,6,5245278
yqjE_yqjK_yqjD_yqjC_predicted,24.0,48,1,TCGACAAGGGACTATTAATT,47,5181346
yqjE_yqjK_yqjD_yqjC_predicted,8.0,16,1,TCGAAGTGGTGGACACAAGT,15,5204858
yqjE_yqjK_yqjD_yqjC_predicted,7.5,15,1,TCCTTGGTTGTTGATACGTG,14,5259897
yqjE_yqjK_yqjD_yqjC_predicted,6.5,13,1,TCCTAGTCACTCGAGATTAT,12,5214469
yqjE_yqjK_yqjD_yqjC_predicted,2.0,4,1,TCCTACCACGGTTTTTTTTA,3,5197788
yqjE_yqjK_yqjD_yqjC_predicted,3.0,6,1,TCCGGGAGCTCTCTACTGCT,5,5187636
yqjE_yqjK_yqjD_yqjC_predicted,1.0,2,1,TCCGCCGAAACAGGTCAAAC,1,5170781
yqjE_yqjK_yqjD_yqjC_predicted,7.0,14,1,TCCCGTTGTCTAAGTCGGTC,13,5227212
yqjE_yqjK_yqjD_yqjC_predicted,10.0,20,1,TCCCAAAAATCACTCCGAAT,19,5214877
yqjE_yqjK_yqjD_yqjC_predicted,1.0,2,1,TCCACGGGCAGGGTCGGCCC,1,5217001
yqjE_yqjK_yqjD_yqjC_predicted,10.5,21,1,TCATGCTAGTGACCGCCCAA,20,5224579
yqjE_yqjK_yqjD_yqjC_predicted,14.0,28,1,TCAGAAACTCGGCTTGCTGT,27,5257803
yqjE_yqjK_yqjD_yqjC_predicted,5.0,10,1,TCACTCGTCAACTTAGCACA,9,5185960
yqjE_yqjK_yqjD_yqjC_predicted,4.5,9,1,TCACTCCCCTCACTTAGGTC,8,5216034
yqjE_yqjK_yqjD_yqjC_predicted,1.0,2,1,TCAATCGAATCACTAGAAGC,1,5262823
yqjE_yqjK_yqjD_yqjC_predicted,2.0,4,1,TCAACCATCTGCTCCAAGAT,3,5204723
yqjE_yqjK_yqjD_yqjC_predicted,3.5,7,1,TCAAAGCTATACGATAGGTA,6,5217851
yqjE_yqjK_yqjD_yqjC_predicted,1.5,3,1,TCAAACTGAGACTGGACACC,2,5182692
yqjE_yqjK_yqjD_yqjC_predicted,3.5,7,1,TATTTGTATCTACTGGCTAT,6,5228987
yqjE_yqjK_yqjD_yqjC_predicted,4.0,8,1,TATTCCAGTGCGGGGGCCAG,7,5235482
yqjE_yqjK_yqjD_yqjC_predicted,8.0,16,1,TATGTCTTTGCGCTGCCCAA,15,5170808
yqjE_yqjK_yqjD_yqjC_predicted,1.0,2,1,TATGTCCCGATCCTTACGTA,1,5251799
yqjE_yqjK_yqjD_yqjC_predicted,15.0,30,1,TATGTACCCATACGTGCTCT,29,5238675
yqjE_yqjK_yqjD_yqjC_predicted,1.0,2,1,TATGCTCGTCCCTGCCGACC,1,5218901
yqjE_yqjK_yqjD_yqjC_predicted,7.0,14,1,TATGCCCGCCCAAACAGCGC,13,5222509
yqjE_yqjK_yqjD_yqjC_predicted,1.5,3,1,TATCTTTGTGAGGGACGTAA,2,5185235
yqjE_yqjK_yqjD_yqjC_predicted,7.0,14,1,TATCTGTTTCCAGTCGCTCT,13,5178145
yqjE_yqjK_yqjD_yqjC_predicted,2.5,5,1,TATCGGGCTCTTACTCGAGA,4,5248841
yqjE_yqjK_yqjD_yqjC_predicted,12.5,25,1,TATCGGAAAATTTCGTAGTA,24,5249466
yqjE_yqjK_yqjD_yqjC_predicted,1.5,3,1,TATCGATAGATCAAGGTAGC,2,5208216
yqjE_yqjK_yqjD_yqjC_predicted,13.5,27,1,TATCGAGTCTTATGGTTAAG,26,5172890
yqjE_yqjK_yqjD_yqjC_predicted,3.5,7,1,TATCATCAGGAGGCACCTCT,6,5197059
yqjE_yqjK_yqjD_yqjC_predicted,5.5,11,1,TATAGTGCGGAGACATCGGG,10,5219156
yqjE_yqjK_yqjD_yqjC_predicted,2.0,4,1,TAGGTGCTATGTTCAAGGAT,3,5219710
yqjE_yqjK_yqjD_yqjC_predicted,3.0,6,1,TAGGTCCACTCGTCCCTCAA,5,5181399
yqjE_yqjK_yqjD_yqjC_predicted,5.0,10,1,TAGCTTATCAACGGTTGTGA,9,5246699
yqjE_yqjK_yqjD_yqjC_predicted,3.0,6,1,TAGCCTCAGTTGTCATACAA,5,5206163
yqjE_yqjK_yqjD_yqjC_predicted,10.0,20,1,TAGAGGAATTTCACCCCTTA,19,5190667
yqjE_yqjK_yqjD_yqjC_predicted,3.0,6,1,TAGACATTGCATGCACGCTT,5,5198248
yqjE_yqjK_yqjD_yqjC_predicted,2.5,5,1,TACTTACGGTTTCGGGTAGA,4,5252973
yqjE_yqjK_yqjD_yqjC_predicted,2.5,5,1,TACTGGCTACTTATATGCTT,4,5189150
yqjE_yqjK_yqjD_yqjC_predicted,4.5,9,1,TACTGACGGTCGTTCTCCTT,8,5196336
yqjE_yqjK_yqjD_yqjC_predicted,5.5,11,1,TACTCTTTATAGCGAGGGTC,10,5241329
yqjE_yqjK_yqjD_yqjC_predicted,4.0,8,1,TACTCTACGCTTAAAAATAC,7,5209841
yqjE_yqjK_yqjD_yqjC_predicted,3.0,6,1,TACGCTCGCGACTATCCTCC,5,5209537
yqjE_yqjK_yqjD_yqjC_predicted,6.5,13,1,TACGAGAAATCCTTTCGGTT,12,5250824
yqjE_yqjK_yqjD_yqjC_predicted,2.0,4,1,TACGACCTAGTCCATCTCAT,3,5198397
yqjE_yqjK_yqjD_yqjC_predicted,6.5,13,1,TACCTTCACTGAACGGGTGG,12,5246976
yqjE_yqjK_yqjD_yqjC_predicted,2.0,4,1,TACCTCATGCTTTACCGACG,3,5225030
yqjE_yqjK_yqjD_yqjC_predicted,16.0,32,1,TACCATTCGCGCAAGGGTCT,31,5183785
yqjE_yqjK_yqjD_yqjC_predicted,1.0,2,1,TACATCAGCTCTACTGACGA,1,5258044
yqjE_yqjK_yqjD_yqjC_predicted,1.0,2,1,TACAGGGCCTCTAGTTCCAA,1,5183551
yqjE_yqjK_yqjD_yqjC_predicted,2.0,4,1,TACACTTGAGCCTGGTACTA,3,5227400
yqjE_yqjK_yqjD_yqjC_predicted,1.0,2,1,TAATTGTGTGAATGCCGTCG,1,5188254
yqjE_yqjK_yqjD_yqjC_predicted,6.5,13,1,TAATTGAGGCAACCAATACC,12,5233030
yqjE_yqjK_yqjD_yqjC_predicted,13.5,27,1,TAATCCGCTCATATTACGCT,26,5222538
yqjE_yqjK_yqjD_yqjC_predicted,1.0,2,1,TAATATTTAGCTCAATCTGA,1,5204112
yqjE_yqjK_yqjD_yqjC_predicted,6.5,13,1,TAATAAGGGGGTCTAGGATA,12,5202804
yqjE_yqjK_yqjD_yqjC_predicted,4.5,9,1,TAATAACGTAAATAAAGGAG,8,5217339
yqjE_yqjK_yqjD_yqjC_predicted,1.0,2,1,TAAGTCACGAATGATCCGGG,1,5256016
yqjE_yqjK_yqjD_yqjC_predicted,3.0,6,1,TAAGGTAGAAATATTCATAG,5,5217960
yqjE_yqjK_yqjD_yqjC_predicted,5.5,11,1,TAAGGGTATATGTTCCTAAT,10,5254462
yqjE_yqjK_yqjD_yqjC_predicted,7.0,14,1,TAAGCGTTGTATACACCCCC,13,5239814
yqjE_yqjK_yqjD_yqjC_predicted,3.0,6,1,TAAGAACATGACACCCAGAC,5,5253079
yqjE_yqjK_yqjD_yqjC_predicted,7.0,14,1,TAACTGCGGTCGTGCATTGG,13,5254754
yqjE_yqjK_yqjD_yqjC_predicted,4.0,8,1,TAACATAGGTATTTTCATAG,7,5233918
yqjE_yqjK_yqjD_yqjC_predicted,4.0,8,1,TAACACGTCACCGAGATATT,7,5234187
yqjE_yqjK_yqjD_yqjC_predicted,3.0,6,1,TAACACACTTACACAACGAT,5,5245668
yqjE_yqjK_yqjD_yqjC_predicted,15.0,30,1,TAAATCCCATCAGGCCCTAC,29,5247799
yqjE_yqjK_yqjD_yqjC_predicted,3.0,6,1,TAAAGCCTAGAAAGGGCACA,5,5224641
yqjE_yqjK_yqjD_yqjC_predicted,1.0,2,1,TAAACCCATTTTTGCGGACC,1,5197237
yqjE_yqjK_yqjD_yqjC_predicted,8.5,17,1,TAAACCCATTTATCGCAATA,16,5206268
yqjE_yqjK_yqjD_yqjC_predicted,8.0,16,1,GTTTTACGTACTGGAAATCC,15,5245390
yqjE_yqjK_yqjD_yqjC_predicted,36.0,72,1,GTTTGTGGAAGACGACTTGA,71,5198602
yqjE_yqjK_yqjD_yqjC_predicted,2.0,4,1,GTTTGGCAGCAGCACCGGTG,3,5229599
yqjE_yqjK_yqjD_yqjC_predicted,2.0,4,1,GTTTGCGCATGGGCGGCTCC,3,5211250
yqjE_yqjK_yqjD_yqjC_predicted,2.5,5,1,GTTGGTTCTGTTTGTCAACG,4,5191300
yqjE_yqjK_yqjD_yqjC_predicted,1.0,2,1,GTTGGGCATAGTCACGAAAA,1,5190798
yqjE_yqjK_yqjD_yqjC_predicted,6.0,12,1,GTTGGCTCGAACGTTGGCTA,11,5225751
yqjE_yqjK_yqjD_yqjC_predicted,13.0,26,1,GTTCTTGTTGAAAGGGGATG,25,5201629
yqjE_yqjK_yqjD_yqjC_predicted,1.5,3,1,GTTCTGAGCCAAGGCATCTA,2,5194727
yqjE_yqjK_yqjD_yqjC_predicted,1.0,2,1,GTTCGCCTGAGCTGGCCGGT,1,5234401
yqjE_yqjK_yqjD_yqjC_predicted,1.5,3,1,GTTCAACCTAGGGTCAGGCC,2,5173067
yqjE_yqjK_yqjD_yqjC_predicted,1.0,2,1,GTTAGCAGACCCTAGAAACA,1,5233391
yqjE_yqjK_yqjD_yqjC_predicted,10.0,20,1,GTTAGATGTCGAATCGTTCG,19,5255369
yqjE_yqjK_yqjD_yqjC_predicted,2.5,5,1,GTTACGTCAGTGGCAAGCTG,4,5171496
yqjE_yqjK_yqjD_yqjC_predicted,1.0,2,1,GTTACCCTATTTTTCTGTGG,1,5182444
yqjE_yqjK_yqjD_yqjC_predicted,1.0,2,1,GTTAAACGATAAATCTGGCT,1,5238741
yqjE_yqjK_yqjD_yqjC_predicted,3.0,6,1,GTGTTGGGCAAACTTATCTT,5,5207605
yqjE_yqjK_yqjD_yqjC_predicted,3.5,7,1,GTGTGTCCCGTAAAGGCAAA,6,5237857
yqjE_yqjK_yqjD_yqjC_predicted,2.0,4,1,GTGTCTCCTAGGGCACGTGT,3,5235730
yqjE_yqjK_yqjD_yqjC_predicted,8.5,17,1,GTGTATTGTTTTTCCGACAG,16,5225910
yqjE_yqjK_yqjD_yqjC_predicted,2.0,4,1,GTGTAACGCGCCACCTACAC,3,5255712
yqjE_yqjK_yqjD_yqjC_predicted,1.0,2,1,GTGGAGTTGCCGTGGGAAGA,1,5241387
yqjE_yqjK_yqjD_yqjC_predicted,1.0,2,1,GTGGAGAGCACGTACAAGAA,1,5184777
yqjE_yqjK_yqjD_yqjC_predicted,1.5,3,1,GTGCCCTTCGTTAAAACGTT,2,5198329
yqjE_yqjK_yqjD_yqjC_predicted,5.5,11,1,GTGATAAATCTTGGCGCCAT,10,5187504
yqjE_yqjK_yqjD_yqjC_predicted,1.5,3,1,GTGACGTTTCAGAGGTATTA,2,5256536
yqjE_yqjK_yqjD_yqjC_predicted,1.5,3,1,GTCTAGCACTTAGTACCAGT,2,5182367
yqjE_yqjK_yqjD_yqjC_predicted,3.0,6,1,GTCTAACCAGGAGGGAACAA,5,5177655
yqjE_yqjK_yqjD_yqjC_predicted,6.5,13,1,GTCGTCCTTGGGTGTTTTAT,12,5192135
yqjE_yqjK_yqjD_yqjC_predicted,5.5,11,1,GTCGTCCGCTTGCCGGGAAG,10,5261189
yqjE_yqjK_yqjD_yqjC_predicted,2.0,4,1,GTCGGGGTCCCCGCCTGTTT,3,5212247
yqjE_yqjK_yqjD_yqjC_predicted,3.5,7,1,GTCCTCTCCGCGTCGCGCTA,6,5238199
yqjE_yqjK_yqjD_yqjC_predicted,1.0,2,1,GTCCTCACAGTCCACTGTCT,1,5235775
yqjE_yqjK_yqjD_yqjC_predicted,6.5,13,1,GTCCTAGACTCATGCGCTTA,12,5188024
yqjE_yqjK_yqjD_yqjC_predicted,5.0,10,1,GTCCTAGACATAGTTTATCT,9,5241767
yqjE_yqjK_yqjD_yqjC_predicted,15.5,31,1,GTCCGTTCCGTGGTCTGACC,30,5219572
yqjE_yqjK_yqjD_yqjC_predicted,7.5,15,1,GTCCCCCCTTGCAGTTTATC,14,5186723
yqjE_yqjK_yqjD_yqjC_predicted,16.0,32,1,GTCATCCGTCCAGGCGGGTC,31,5186959
yqjE_yqjK_yqjD_yqjC_predicted,1.5,3,1,GTATTGCTTATAAGTGTACC,2,5222924
yqjE_yqjK_yqjD_yqjC_predicted,1.0,2,1,GTATTCCCACAGTAAGCTTT,1,5194497
yqjE_yqjK_yqjD_yqjC_predicted,10.5,21,1,GTATACCTCGCGCAGACCCC,20,5182639
yqjE_yqjK_yqjD_yqjC_predicted,3.5,7,1,GTACGAAATCATGTCACAAA,6,5211882
yqjE_yqjK_yqjD_yqjC_predicted,6.5,13,1,GTACCCGACGGCAAAAATAC,12,5232240
yqjE_yqjK_yqjD_yqjC_predicted,4.5,9,1,GTACACCAACGTTTTTGACC,8,5235260
yqjE_yqjK_yqjD_yqjC_predicted,9.5,19,1,GTACACAGTCATACGAAGTT,18,5248370
yqjE_yqjK_yqjD_yqjC_predicted,10.5,21,1,GTACAATCAATTCAACTTAC,20,5216140
yqjE_yqjK_yqjD_yqjC_predicted,1.0,2,1,GTAATGGGCATTGAGGGTTA,1,5211132
yqjE_yqjK_yqjD_yqjC_predicted,4.5,9,1,GTAAGTTGGTGCGGTGTAAG,8,5214667
yqjE_yqjK_yqjD_yqjC_predicted,1.0,2,1,GTAACTCCACACGTTATGGA,1,5218910
yqjE_yqjK_yqjD_yqjC_predicted,5.0,10,1,GGTTTTACGACAATTTCAAC,9,5172301
yqjE_yqjK_yqjD_yqjC_predicted,1.5,3,1,GGTTGAGATCCAAGTTGTTA,2,5173484
yqjE_yqjK_yqjD_yqjC_predicted,2.0,4,1,GGTTCTTATAATGTGCCAAT,3,5262900
yqjE_yqjK_yqjD_yqjC_predicted,1.0,2,1,GGTTCCAACCGGGGGGCTGA,1,5210998
yqjE_yqjK_yqjD_yqjC_predicted,5.5,11,1,GGTGTTATCACGCTCTCTCG,10,5226369
yqjE_yqjK_yqjD_yqjC_predicted,6.0,12,1,GGTGGGATAACCTTATCAAT,11,5252789
yqjE_yqjK_yqjD_yqjC_predicted,5.5,11,1,GGTGCGTTCACTCTGCCGGT,10,5191934
yqjE_yqjK_yqjD_yqjC_predicted,1.0,2,1,GGTGCGGATGCCGGATAGAA,1,5225543
yqjE_yqjK_yqjD_yqjC_predicted,2.0,4,1,GGTGCCTGGTCAATGCTTAC,3,5250658
yqjE_yqjK_yqjD_yqjC_predicted,1.0,2,1,GGTGAGCACAACGCGAACCT,1,5240047
yqjE_yqjK_yqjD_yqjC_predicted,9.0,18,1,GGTCTGTGCAAGTAGTCTGG,17,5207067
yqjE_yqjK_yqjD_yqjC_predicted,1.5,3,1,GGTCTAGCGCTCATAGGAGG,2,5225890
yqjE_yqjK_yqjD_yqjC_predicted,10.5,21,1,GGTCGATACTAATTCCCAAA,20,5181145
yqjE_yqjK_yqjD_yqjC_predicted,5.0,10,1,GGTCGAGGGACTATTGCAGT,9,5224657
yqjE_yqjK_yqjD_yqjC_predicted,6.0,12,1,GGTCCTTAAACCTGTCCGAA,11,5230425
yqjE_yqjK_yqjD_yqjC_predicted,2.5,5,1,GGTCCGGTTCAACTCCCCCT,4,5185186
yqjE_yqjK_yqjD_yqjC_predicted,8.5,17,1,GGTCATAGCATCTGATAGGT,16,5249680
yqjE_yqjK_yqjD_yqjC_predicted,5.5,11,1,GGTATTCAGCACTTACTAGA,10,5179895
yqjE_yqjK_yqjD_yqjC_predicted,1.0,2,1,GGTAGCTAACAGGGCTACAC,1,5173297
yqjE_yqjK_yqjD_yqjC_predicted,5.5,11,1,GGTAGCACTTGCAATGACCT,10,5258283
yqjE_yqjK_yqjD_yqjC_predicted,4.0,8,1,GGTAGAAGCACCATTCCATA,7,5241776
yqjE_yqjK_yqjD_yqjC_predicted,1.0,2,1,GGTAACGAGAGTAACCAATG,1,5244518
yqjE_yqjK_yqjD_yqjC_predicted,6.5,13,1,GGGTGGTAAGGGTGCTACTG,12,5173027
yqjE_yqjK_yqjD_yqjC_predicted,1.0,2,1,GGGTACGCCGGCTCCCGAAC,1,5210288
yqjE_yqjK_yqjD_yqjC_predicted,1.0,2,1,GGGGCGATAGTCTGATCTGC,1,5170974
yqjE_yqjK_yqjD_yqjC_predicted,11.5,23,1,GGGGCCGGGCCTCCAAGGGC,22,5248486
yqjE_yqjK_yqjD_yqjC_predicted,9.0,18,1,GGGCTTCCCGGACATGCGTT,17,5230168
yqjE_yqjK_yqjD_yqjC_predicted,5.0,10,1,GGGCGTTTCCGAATAAGCCG,9,5190713
yqjE_yqjK_yqjD_yqjC_predicted,3.5,7,1,GGGAGGAGCTCAAGCCCGAA,6,5251142
yqjE_yqjK_yqjD_yqjC_predicted,1.5,3,1,GGCTGTAGAATAGACTCTGT,2,5196970
yqjE_yqjK_yqjD_yqjC_predicted,3.0,6,1,GGCTGCCCAGGATCTACTGA,5,5228547
yqjE_yqjK_yqjD_yqjC_predicted,4.5,9,1,GGCGCTCCAGCTTATACCAT,8,5248528
yqjE_yqjK_yqjD_yqjC_predicted,1.0,2,1,GGCGCATAGTAGATCCTCCT,1,5196988
yqjE_yqjK_yqjD_yqjC_predicted,1.5,3,1,GGCGAAAGTAACCATAGTGT,2,5220903
yqjE_yqjK_yqjD_yqjC_predicted,5.0,10,1,GGCCCTTTAGAGTTACCACA,9,5202074
yqjE_yqjK_yqjD_yqjC_predicted,1.0,2,1,GGCCCTCTCATTTTGGCTTA,1,5173482
yqjE_yqjK_yqjD_yqjC_predicted,3.5,7,1,GGCCCTAGAAGGTTTCGTAG,6,5172951
yqjE_yqjK_yqjD_yqjC_predicted,6.0,12,1,GGCCCCAATAATGACATCGG,11,5227638
yqjE_yqjK_yqjD_yqjC_predicted,8.0,16,1,GGCCAGCGACTAGCTACTCC,15,5208368
yqjE_yqjK_yqjD_yqjC_predicted,7.0,14,1,GGCATTATCGCTTACCATCT,13,5215461
yqjE_yqjK_yqjD_yqjC_predicted,10.0,20,1,GGCATACCCTATGGTTAGAA,19,5180319
yqjE_yqjK_yqjD_yqjC_predicted,1.5,3,1,GGCAGCGTGCGAAGCGGTTC,2,5197851
yqjE_yqjK_yqjD_yqjC_predicted,5.5,11,1,GGCACTTCTGATTTACTATT,10,5261799
yqjE_yqjK_yqjD_yqjC_predicted,3.0,6,1,GGCAACGCCCGCTCCTAACG,5,5247246
yqjE_yqjK_yqjD_yqjC_predicted,5.5,11,1,GGATTGTGCCACGTCTGGTA,10,5180807
yqjE_yqjK_yqjD_yqjC_predicted,4.5,9,1,GGATTGAGAATTCTTGCCGG,8,5190853
yqjE_yqjK_yqjD_yqjC_predicted,15.0,30,1,GGATCAATGTTTCCAGCCTC,29,5181355
yqjE_yqjK_yqjD_yqjC_predicted,11.5,23,1,GGAGTACGCGCATTATGGTA,22,5216207
yqjE_yqjK_yqjD_yqjC_predicted,3.5,7,1,GGAGGGCAGCCGTGGTCACA,6,5207136
yqjE_yqjK_yqjD_yqjC_predicted,9.0,18,1,GGACTGAAAACACTGGTTCG,17,5189287
yqjE_yqjK_yqjD_yqjC_predicted,7.5,15,1,GGACGTGTACGCAAGCTTGA,14,5256616
yqjE_yqjK_yqjD_yqjC_predicted,11.5,23,1,GGACAGATACACTTAGTTGG,22,5241802
yqjE_yqjK_yqjD_yqjC_predicted,7.5,15,1,GGAATTATTACACTAGCCCA,14,5231665
yqjE_yqjK_yqjD_yqjC_predicted,1.0,2,1,GGAACCTGAATGGCCTCCAG,1,5196848
yqjE_yqjK_yqjD_yqjC_predicted,1.5,3,1,GCTTTCTAATGTAACCTTTA,2,5257166
yqjE_yqjK_yqjD_yqjC_predicted,1.0,2,1,GCTTTCGTCCAGCTCGAGAT,1,5205760
yqjE_yqjK_yqjD_yqjC_predicted,2.5,5,1,GCTTCGTTGAATCCATACAG,4,5225746
yqjE_yqjK_yqjD_yqjC_predicted,10.0,20,1,GCTTCCCTAAGAACTCTTAA,19,5179100
yqjE_yqjK_yqjD_yqjC_predicted,2.5,5,1,GCTTCAACCGTGACCACGCT,4,5256458
yqjE_yqjK_yqjD_yqjC_predicted,5.5,11,1,GCTTACCTAGGATCCGTAAC,10,5241007
yqjE_yqjK_yqjD_yqjC_predicted,4.5,9,1,GCTGCGTTGCACCAGGCTCT,8,5219188
yqjE_yqjK_yqjD_yqjC_predicted,3.5,7,1,GCTGCGTTCACCGATGCAGT,6,5207688
yqjE_yqjK_yqjD_yqjC_predicted,2.5,5,1,GCTGAGACCTGGGATTCAGG,4,5220803
yqjE_yqjK_yqjD_yqjC_predicted,2.0,4,1,GCTCTAGGTGGTCTGCAGTA,3,5174885
yqjE_yqjK_yqjD_yqjC_predicted,14.0,28,1,GCTATTATCATACTACCTCT,27,5201003
yqjE_yqjK_yqjD_yqjC_predicted,5.5,11,1,GCTATGGTTTACGGAATTAC,10,5177347
yqjE_yqjK_yqjD_yqjC_predicted,8.0,16,1,GCTAGGGAACCGCTACGGAC,15,5194413
yqjE_yqjK_yqjD_yqjC_predicted,10.0,20,1,GCTAGATACGAGAGATTGTT,19,5247015
yqjE_yqjK_yqjD_yqjC_predicted,12.0,24,1,GCTACTCGGGTATCAACCGT,23,5171223
yqjE_yqjK_yqjD_yqjC_predicted,1.0,2,1,GCTACTAGGTTACAGATGTT,1,5233581
yqjE_yqjK_yqjD_yqjC_predicted,2.5,5,1,GCGTTGCGAACATGTCATTA,4,5232912
yqjE_yqjK_yqjD_yqjC_predicted,1.0,2,1,GCGTCACGTATCGAGCATGA,1,5172424
yqjE_yqjK_yqjD_yqjC_predicted,6.5,13,1,GCGGTCGAAAAGAATTCCCC,12,5245826
yqjE_yqjK_yqjD_yqjC_predicted,11.0,22,1,GCGGGCGGCGCTGACAGCAG,21,5253306
yqjE_yqjK_yqjD_yqjC_predicted,2.0,4,1,GCGGCTCGCAGAGACTTTAA,3,5177846
yqjE_yqjK_yqjD_yqjC_predicted,6.5,13,1,GCGCCTGAAGGAGTGATAAA,12,5220696
yqjE_yqjK_yqjD_yqjC_predicted,1.0,2,1,GCGCCAGCGTAACTACGTCT,1,5235898
yqjE_yqjK_yqjD_yqjC_predicted,3.5,7,1,GCCTTCTTCACTCGAACTTC,6,5198507
yqjE_yqjK_yqjD_yqjC_predicted,2.0,4,1,GCCTGGACCCGAGCTCAAGA,3,5232726
yqjE_yqjK_yqjD_yqjC_predicted,15.5,31,1,GCCTCGCCAGTATTGTGCGA,30,5190620
yqjE_yqjK_yqjD_yqjC_predicted,9.0,18,1,GCCGGGCATCAAGGTGGGTG,17,5235877
yqjE_yqjK_yqjD_yqjC_predicted,1.0,2,1,GCCGCTCGATCTGTGATCCT,1,5239347
yqjE_yqjK_yqjD_yqjC_predicted,5.0,10,1,GCCGATTGCGCAGTTACTAC,9,5172627
yqjE_yqjK_yqjD_yqjC_predicted,1.0,2,1,GCCGAGGCTTCACAGAGGTG,1,5178823
yqjE_yqjK_yqjD_yqjC_predicted,1.5,3,1,GCCCTTAAACCTGCAATTGC,2,5180321
yqjE_yqjK_yqjD_yqjC_predicted,11.5,23,1,GCCCTATTAAGAGGCCGCGA,22,5259852
yqjE_yqjK_yqjD_yqjC_predicted,3.0,6,1,GCCATCGTATCGAGGTGCGC,5,5216151
yqjE_yqjK_yqjD_yqjC_predicted,2.0,4,1,GCCATACAATGGGCCTACCC,3,5240826
yqjE_yqjK_yqjD_yqjC_predicted,4.5,9,1,GCCAGTTTAGGCCGACGTTA,8,5229227
yqjE_yqjK_yqjD_yqjC_predicted,7.0,14,1,GCATTCCTGGCCGAAGGTTA,13,5261090
yqjE_yqjK_yqjD_yqjC_predicted,5.5,11,1,GCATGTGCACAAAGAGCTAT,10,5185662
yqjE_yqjK_yqjD_yqjC_predicted,8.0,16,1,GCATGGTTACTCCGCGTTAG,15,5223154
yqjE_yqjK_yqjD_yqjC_predicted,2.5,5,1,GCATGCATCTAACCCGGTCT,4,5191710
yqjE_yqjK_yqjD_yqjC_predicted,2.5,5,1,GCATCGAAGATTGCCACCCT,4,5238102
yqjE_yqjK_yqjD_yqjC_predicted,2.0,4,1,GCATCAAATCAAGAGGCCCA,3,5203662
yqjE_yqjK_yqjD_yqjC_predicted,1.0,2,1,GCAGGTGGTTCTCCAATCTT,1,5232578
yqjE_yqjK_yqjD_yqjC_predicted,15.0,30,1,GCACATAAACGTATTGGAAA,29,5244794
yqjE_yqjK_yqjD_yqjC_predicted,7.0,14,1,GCACAAAGCTGGTTTTATTT,13,5241424
yqjE_yqjK_yqjD_yqjC_predicted,11.5,23,1,GATTTGCAGTATTGCGCGGA,22,5182239
yqjE_yqjK_yqjD_yqjC_predicted,2.0,4,1,GATGGTCATGTGAATCAGCT,3,5230941
yqjE_yqjK_yqjD_yqjC_predicted,7.0,14,1,GATGGCTGGGCTCTGACGGT,13,5231804
yqjE_yqjK_yqjD_yqjC_predicted,6.0,12,1,GATGGCGCATTTCTCGGACA,11,5247500
yqjE_yqjK_yqjD_yqjC_predicted,1.0,2,1,GATGCTTCGAAACCATGCTA,1,5205573
yqjE_yqjK_yqjD_yqjC_predicted,6.0,12,1,GATGCCCCCAGTGAATTGGT,11,5258662
yqjE_yqjK_yqjD_yqjC_predicted,1.0,2,1,GATGAGATGCAATTGGCGTT,1,5253437
yqjE_yqjK_yqjD_yqjC_predicted,7.0,14,1,GATGAAGCGGCGTTGCTCCT,13,5204735
yqjE_yqjK_yqjD_yqjC_predicted,2.5,5,1,GATCGGGCGGCCTCGATTTC,4,5227565
yqjE_yqjK_yqjD_yqjC_predicted,1.0,2,1,GATCGGCGATCCGATAGACC,1,5211558
yqjE_yqjK_yqjD_yqjC_predicted,2.0,4,1,GATCCGCATCTGCGGCCAGT,3,5238353
yqjE_yqjK_yqjD_yqjC_predicted,1.5,3,1,GATCAGTTACGTTTCGCAGG,2,5206740
yqjE_yqjK_yqjD_yqjC_predicted,8.5,17,1,GATAGTGGGGCTACGTTTCC,16,5225409
yqjE_yqjK_yqjD_yqjC_predicted,1.0,2,1,GATACTCTCGAGTCACGGAG,1,5176810
yqjE_yqjK_yqjD_yqjC_predicted,3.5,7,1,GATAAAAGTCGCAGCATGGT,6,5247534
yqjE_yqjK_yqjD_yqjC_predicted,6.0,12,1,GAGTTCAAGCATTCAGTGGG,11,5185429
yqjE_yqjK_yqjD_yqjC_predicted,36.5,73,1,GAGTCAGGTCTGCGTTGTAT,72,5255506
yqjE_yqjK_yqjD_yqjC_predicted,1.0,2,1,GAGGTCTCCATACGTTTCCT,1,5206746
yqjE_yqjK_yqjD_yqjC_predicted,57.0,114,1,GAGGCTTGACCACTTAGTCT,113,5255558
yqjE_yqjK_yqjD_yqjC_predicted,1.5,3,1,GAGGCACTTCCCAGTAGGTC,2,5232702
yqjE_yqjK_yqjD_yqjC_predicted,6.0,12,1,GAGGATCTACCTATCGGGGG,11,5233819
yqjE_yqjK_yqjD_yqjC_predicted,4.0,8,1,GAGCGACTCCATCCGTTCTA,7,5229291
yqjE_yqjK_yqjD_yqjC_predicted,4.0,8,1,GAGCGACTAAAAAAGCAGTA,7,5227918
yqjE_yqjK_yqjD_yqjC_predicted,8.0,16,1,GAGCATGTAAACGGTCCACA,15,5254445
yqjE_yqjK_yqjD_yqjC_predicted,3.0,6,1,GAGACGTTATCAGCGGGACG,5,5220121
yqjE_yqjK_yqjD_yqjC_predicted,11.0,22,1,GAGACCGGCTGCCACAGGCC,21,5224163
yqjE_yqjK_yqjD_yqjC_predicted,8.0,16,1,GACTCAGCGTTGTCGCGCTC,15,5243487
yqjE_yqjK_yqjD_yqjC_predicted,6.0,12,1,GACTAGGAGGATTAAAATCT,11,5179941
yqjE_yqjK_yqjD_yqjC_predicted,1.0,2,1,GACGTGAAGGAGTGCTGTCC,1,5201190
yqjE_yqjK_yqjD_yqjC_predicted,3.5,7,1,GACGTATCGGGGTCTTGGTT,6,5196659
yqjE_yqjK_yqjD_yqjC_predicted,1.5,3,1,GACGGCTGTCTGACAGACAA,2,5224824
yqjE_yqjK_yqjD_yqjC_predicted,1.0,2,1,GACCTTTATGCGCAGAAGAA,1,5221838
yqjE_yqjK_yqjD_yqjC_predicted,4.5,9,1,GACCTCACATGGCGGTTAAT,8,5198214
yqjE_yqjK_yqjD_yqjC_predicted,1.0,2,1,GACCGAGCATTTTGCCTCGA,1,5205630
yqjE_yqjK_yqjD_yqjC_predicted,1.0,2,1,GACCATAGTGAAGCAACCAT,1,5245927
yqjE_yqjK_yqjD_yqjC_predicted,2.5,5,1,GACATTCGAGCATCCCGCGG,4,5224092
yqjE_yqjK_yqjD_yqjC_predicted,12.0,24,1,GACAGTATATACCGGGGGCA,23,5208874
yqjE_yqjK_yqjD_yqjC_predicted,1.0,2,1,GACAGCCTCTACGGTGAGCT,1,5247879
yqjE_yqjK_yqjD_yqjC_predicted,2.5,5,1,GACAATTTGGCGAGGGCTGG,4,5254454
yqjE_yqjK_yqjD_yqjC_predicted,4.0,8,1,GACAAGTATGGAGGTGATTC,7,5246981
yqjE_yqjK_yqjD_yqjC_predicted,3.5,7,1,GAATCCGGTGTTATAGGACC,6,5232243
yqjE_yqjK_yqjD_yqjC_predicted,8.0,16,1,GAATATCCCCCCTCTACAGT,15,5172484
yqjE_yqjK_yqjD_yqjC_predicted,16.5,33,1,GAAGGGGCGACATGTAGACA,32,5212536
yqjE_yqjK_yqjD_yqjC_predicted,3.5,7,1,GAAGAGGAGAGCGCCGCGGC,6,5178519
yqjE_yqjK_yqjD_yqjC_predicted,1.0,2,1,GAACTGACCTCTACCCGTAT,1,5222220
yqjE_yqjK_yqjD_yqjC_predicted,1.0,2,1,GAACCTTCAGTTCAGAGTGT,1,5200495
yqjE_yqjK_yqjD_yqjC_predicted,5.5,11,1,GAACAGACTAATGTCAAACG,10,5201332
yqjE_yqjK_yqjD_yqjC_predicted,2.0,4,1,GAACAACTCCTTCCAGTTCT,3,5192759
yqjE_yqjK_yqjD_yqjC_predicted,1.5,3,1,GAAAGTTCCAAAATGTCTAT,2,5241116
yqjE_yqjK_yqjD_yqjC_predicted,12.0,24,1,CTTTTTGATCGGATACACAT,23,5234356
yqjE_yqjK_yqjD_yqjC_predicted,19.0,38,1,CTTTTGTAAGGGCCGGTTCA,37,5252077
yqjE_yqjK_yqjD_yqjC_predicted,1.5,3,1,CTTTGGCTCCCAAACACTCT,2,5261036
yqjE_yqjK_yqjD_yqjC_predicted,2.0,4,1,CTTTGCGATCGCCCATGTAT,3,5261224
yqjE_yqjK_yqjD_yqjC_predicted,12.0,24,1,CTTTAAAGTCTTAGAGAGTG,23,5255517
yqjE_yqjK_yqjD_yqjC_predicted,6.5,13,1,CTTGCTCATAGCCAACTCTG,12,5199761
yqjE_yqjK_yqjD_yqjC_predicted,7.0,14,1,CTTCTGGGATATGTCGTATA,13,5199075
yqjE_yqjK_yqjD_yqjC_predicted,4.5,9,1,CTTCGATCACCCTATCGACG,8,5208148
yqjE_yqjK_yqjD_yqjC_predicted,4.5,9,1,CTTCATACTCTGGAACAGTC,8,5178712
yqjE_yqjK_yqjD_yqjC_predicted,2.0,4,1,CTTCATAAAGTTCGCTCGCG,3,5181968
yqjE_yqjK_yqjD_yqjC_predicted,3.0,6,1,CTTCAGACCCCTCGTGCTTA,5,5245468
yqjE_yqjK_yqjD_yqjC_predicted,3.5,7,1,CTTCACCCAGCATAGCGCTT,6,5173056
yqjE_yqjK_yqjD_yqjC_predicted,13.5,27,1,CTTATACTCAGAATGCTCTA,26,5217905
yqjE_yqjK_yqjD_yqjC_predicted,1.0,2,1,CTTAAGTAAGACTGAAGCAG,1,5237790
yqjE_yqjK_yqjD_yqjC_predicted,5.5,11,1,CTTAAAGTTGTCCAACTATT,10,5187620
yqjE_yqjK_yqjD_yqjC_predicted,8.5,17,1,CTGTGGTTCCCAGCGATAAG,16,5216498
yqjE_yqjK_yqjD_yqjC_predicted,2.0,4,1,CTGTACAGAAGAGTGAGGCG,3,5208625
yqjE_yqjK_yqjD_yqjC_predicted,2.5,5,1,CTGTAAACACTAACCTGCGG,4,5176488
yqjE_yqjK_yqjD_yqjC_predicted,1.5,3,1,CTGGTACAGTGGGACTAGAT,2,5180545
yqjE_yqjK_yqjD_yqjC_predicted,14.0,28,1,CTGGCAGTTACGGCCATGGT,27,5189201
yqjE_yqjK_yqjD_yqjC_predicted,2.5,5,1,CTGCTAGGCTATGAGCTCCA,4,5246212
yqjE_yqjK_yqjD_yqjC_predicted,2.5,5,1,CTGCGTTTGGGTTAAAACAA,4,5244050
yqjE_yqjK_yqjD_yqjC_predicted,3.0,6,1,CTGCCCTTCCTGCCAACAGA,5,5193698
yqjE_yqjK_yqjD_yqjC_predicted,4.0,8,1,CTGACGGAATGGGTCCGGCT,7,5203844
yqjE_yqjK_yqjD_yqjC_predicted,7.0,14,1,CTGAATCCGGATTTCTGATA,13,5198265
yqjE_yqjK_yqjD_yqjC_predicted,12.0,24,1,CTGAACAGAGCTTCTTACAT,23,5187853
yqjE_yqjK_yqjD_yqjC_predicted,6.5,13,1,CTCTTGCGAGGTTAATGCCG,12,5245378
yqjE_yqjK_yqjD_yqjC_predicted,3.5,7,1,CTCTTCTTCGTAAAGCTCTT,6,5187459
yqjE_yqjK_yqjD_yqjC_predicted,7.0,14,1,CTCTGCTCACGAGCTAGAAC,13,5176808
yqjE_yqjK_yqjD_yqjC_predicted,1.0,2,1,CTCTGCACCTCATTTTGCTG,1,5191337
yqjE_yqjK_yqjD_yqjC_predicted,12.5,25,1,CTCTCTTTGTTTGTAATCAT,24,5256096
yqjE_yqjK_yqjD_yqjC_predicted,2.0,4,1,CTCTCAACATATGTGAAAGA,3,5250834
yqjE_yqjK_yqjD_yqjC_predicted,5.5,11,1,CTCGGATGGGTCCCAAAGGG,10,5248639
yqjE_yqjK_yqjD_yqjC_predicted,1.0,2,1,CTCCTCGAATTGTCTAAGTT,1,5260654
yqjE_yqjK_yqjD_yqjC_predicted,3.0,6,1,CTCCCGTGCGGGCAGAGGCC,5,5182530
yqjE_yqjK_yqjD_yqjC_predicted,2.0,4,1,CTCCCACGACAACTATTGAC,3,5187506
yqjE_yqjK_yqjD_yqjC_predicted,3.5,7,1,CTCCATGTAATCATCAATCT,6,5257990
yqjE_yqjK_yqjD_yqjC_predicted,4.5,9,1,CTCCAGCGGTGATTGCGACC,8,5242257
yqjE_yqjK_yqjD_yqjC_predicted,7.5,15,1,CTCACGTCTGGAAGTGCGTT,14,5205953
yqjE_yqjK_yqjD_yqjC_predicted,8.0,16,1,CTCACGAGTCTAGGCTTGTT,15,5223641
yqjE_yqjK_yqjD_yqjC_predicted,3.0,6,1,CTATTCATCACAATTGATAA,5,5244533
yqjE_yqjK_yqjD_yqjC_predicted,8.5,17,1,CTAGGGTAGTGGGCTACCTC,16,5213849
yqjE_yqjK_yqjD_yqjC_predicted,19.0,38,1,CTAGAAGGGAATACAAAGAC,37,5171428
yqjE_yqjK_yqjD_yqjC_predicted,1.0,2,1,CTACGGTATCCGCGCATTCT,1,5254815
yqjE_yqjK_yqjD_yqjC_predicted,7.0,14,1,CTACGCGCTGGTAACTGCAA,13,5193647
yqjE_yqjK_yqjD_yqjC_predicted,3.5,7,1,CTACCAAATGCTTAATCCTT,6,5192583
yqjE_yqjK_yqjD_yqjC_predicted,1.5,3,1,CGTTTTGGGCAGAGTCCGCT,2,5191753
yqjE_yqjK_yqjD_yqjC_predicted,14.0,28,1,CGTTTTAATTTTGTCTTTAG,27,5237401
yqjE_yqjK_yqjD_yqjC_predicted,4.5,9,1,CGTTTAGATGGGCCTCCACT,8,5230948
yqjE_yqjK_yqjD_yqjC_predicted,6.5,13,1,CGTTGGGACGATCCACTCAC,12,5191561
yqjE_yqjK_yqjD_yqjC_predicted,5.5,11,1,CGTTCGTAAGGCCTTGGGAC,10,5184851
yqjE_yqjK_yqjD_yqjC_predicted,4.0,8,1,CGTTCATTTGTATCATTGTA,7,5182043
yqjE_yqjK_yqjD_yqjC_predicted,1.0,2,1,CGTGTGGGCTGTACAGCTGC,1,5204896
yqjE_yqjK_yqjD_yqjC_predicted,8.0,16,1,CGTGAGGGAGCACTAACACT,15,5253429
yqjE_yqjK_yqjD_yqjC_predicted,12.0,24,1,CGTGACCCCCTCCGACCCCC,23,5251184
yqjE_yqjK_yqjD_yqjC_predicted,1.0,2,1,CGTCCAGATCTTCCCCGGTA,1,5216978
yqjE_yqjK_yqjD_yqjC_predicted,1.5,3,1,CGTATATTTAGCCGGAACTT,2,5243183
yqjE_yqjK_yqjD_yqjC_predicted,1.0,2,1,CGTAGGATGGCTCCTACGTC,1,5226827
yqjE_yqjK_yqjD_yqjC_predicted,5.5,11,1,CGGTAACGCTATTGGTAGAG,10,5227873
yqjE_yqjK_yqjD_yqjC_predicted,4.0,8,1,CGGGGTTGTACGCCATTAAT,7,5226706
yqjE_yqjK_yqjD_yqjC_predicted,8.0,16,1,CGGGGTCACGTCCTGACTGT,15,5243295
yqjE_yqjK_yqjD_yqjC_predicted,7.5,15,1,CGGGCGTAAATCAAGTCCCT,14,5245846
yqjE_yqjK_yqjD_yqjC_predicted,3.0,6,1,CGGGATCAACATTTCATATT,5,5226407
yqjE_yqjK_yqjD_yqjC_predicted,1.0,2,1,CGGCTTGTCCCCTTATTACA,1,5197392
yqjE_yqjK_yqjD_yqjC_predicted,15.0,30,1,CGCTTCGGGCCGGGTCCATG,29,5216591
yqjE_yqjK_yqjD_yqjC_predicted,5.0,10,1,CGCGATGTACGCAAATCGGG,9,5255152
yqjE_yqjK_yqjD_yqjC_predicted,4.0,8,1,CGCCTGGGGTCGGACGACTA,7,5211380
yqjE_yqjK_yqjD_yqjC_predicted,3.5,7,1,CGCCTATGGCGCTCAGCCCA,6,5224939
yqjE_yqjK_yqjD_yqjC_predicted,8.5,17,1,CGCCTAAGAGATCGGGGGGC,16,5235421
yqjE_yqjK_yqjD_yqjC_predicted,4.0,8,1,CGCCAGCTGCGTATGCATAT,7,5192107
yqjE_yqjK_yqjD_yqjC_predicted,1.0,2,1,CGCATCCGTAGCACGATGGT,1,5200266
yqjE_yqjK_yqjD_yqjC_predicted,5.5,11,1,CGCACTGTGACTACGTACCC,10,5234807
yqjE_yqjK_yqjD_yqjC_predicted,5.0,10,1,CGCAACCTTACCTGTGGGGT,9,5189486
yqjE_yqjK_yqjD_yqjC_predicted,1.5,3,1,CGATTCACATATTTGCTGTA,2,5216709
yqjE_yqjK_yqjD_yqjC_predicted,1.0,2,1,CGATGGTCCGGACTGATTTA,1,5227667
yqjE_yqjK_yqjD_yqjC_predicted,2.5,5,1,CGATCTACCGGTATGAGGAA,4,5257746
yqjE_yqjK_yqjD_yqjC_predicted,10.5,21,1,CGATAAATGCTCTGGGGTTC,20,5199150
yqjE_yqjK_yqjD_yqjC_predicted,5.5,11,1,CGAGTTAGTGTAGATTGGTA,10,5249067
yqjE_yqjK_yqjD_yqjC_predicted,3.5,7,1,CGAGCTAAGTCGTAATCGTT,6,5206363
yqjE_yqjK_yqjD_yqjC_predicted,2.5,5,1,CGAGCGTAAACAGACCTCCT,4,5187541
yqjE_yqjK_yqjD_yqjC_predicted,2.0,4,1,CGACAAGGTACCTATGTTCC,3,5226898
yqjE_yqjK_yqjD_yqjC_predicted,2.0,4,1,CGAATCCCGTGCACAAGTAA,3,5227451
yqjE_yqjK_yqjD_yqjC_predicted,2.0,4,1,CGAATACAGCACTCTTGTTG,3,5224031
yqjE_yqjK_yqjD_yqjC_predicted,1.0,2,1,CGAAGGAACTTCGCAGCGAG,1,5188729
yqjE_yqjK_yqjD_yqjC_predicted,10.0,20,1,CGAACGTACGTGAGATATTC,19,5260647
yqjE_yqjK_yqjD_yqjC_predicted,14.5,29,1,CCTTTCACCGGATCCTGCGC,28,5249537
yqjE_yqjK_yqjD_yqjC_predicted,5.0,10,1,CCTTGTATCTGGGACTCGGC,9,5216721
yqjE_yqjK_yqjD_yqjC_predicted,6.0,12,1,CCTTCCCCGGTGTCTCCGGA,11,5249154
yqjE_yqjK_yqjD_yqjC_predicted,6.0,12,1,CCTGGTACGAAACTCGACGT,11,5242539
yqjE_yqjK_yqjD_yqjC_predicted,2.5,5,1,CCTGGAATACGCTGTTTAGA,4,5238142
yqjE_yqjK_yqjD_yqjC_predicted,4.5,9,1,CCTGCTCTTATATAAGGCCT,8,5219016
yqjE_yqjK_yqjD_yqjC_predicted,10.5,21,1,CCTCTAATCATAGTTGCGGA,20,5258420
yqjE_yqjK_yqjD_yqjC_predicted,1.0,2,1,CCTCGCGAACTCATTTTTTC,1,5215883
yqjE_yqjK_yqjD_yqjC_predicted,14.5,29,1,CCTCGAAGCCTCAGTAGCAT,28,5220289
yqjE_yqjK_yqjD_yqjC_predicted,4.5,9,1,CCTCCGTATTCGATTTAAGA,8,5233397
yqjE_yqjK_yqjD_yqjC_predicted,8.0,16,1,CCTCACTTCGAGGGCTTTGC,15,5189047
yqjE_yqjK_yqjD_yqjC_predicted,4.5,9,1,CCTAGCCCTAAATAGAAGCA,8,5244252
yqjE_yqjK_yqjD_yqjC_predicted,6.5,13,1,CCTAATCCGGCCCACCCAGA,12,5210575
yqjE_yqjK_yqjD_yqjC_predicted,2.0,4,1,CCTAATACCAGGGATGGTTG,3,5182519
yqjE_yqjK_yqjD_yqjC_predicted,2.5,5,1,CCTAACGCCTTAATCATAAC,4,5186572
yqjE_yqjK_yqjD_yqjC_predicted,6.5,13,1,CCGTCTGCGAGGGTCTGCCC,12,5214503
yqjE_yqjK_yqjD_yqjC_predicted,7.0,14,1,CCGTCCTTTAATCTTTACAG,13,5238160
yqjE_yqjK_yqjD_yqjC_predicted,4.0,8,1,CCGTCCTCCTAACGTGCTAA,7,5241125
yqjE_yqjK_yqjD_yqjC_predicted,2.5,5,1,CCGTCCGCTGCAATCGACGT,4,5248594
yqjE_yqjK_yqjD_yqjC_predicted,1.0,2,1,CCGTCACGGTTGTGTTACAT,1,5229044
yqjE_yqjK_yqjD_yqjC_predicted,4.5,9,1,CCGTAGCTAACGATCCTAAG,8,5242186
yqjE_yqjK_yqjD_yqjC_predicted,2.5,5,1,CCGTAATGCTCGGGCGCTTA,4,5207469
yqjE_yqjK_yqjD_yqjC_predicted,4.5,9,1,CCGGGCCGGTCAGGTGCTAT,8,5232532
yqjE_yqjK_yqjD_yqjC_predicted,4.0,8,1,CCGGCGCCCCACTACATCCG,7,5172375
yqjE_yqjK_yqjD_yqjC_predicted,9.5,19,1,CCGGACTTCACCCCACCAGT,18,5187056
yqjE_yqjK_yqjD_yqjC_predicted,7.0,14,1,CCGCCTAAGCATTTACTCCG,13,5213073
yqjE_yqjK_yqjD_yqjC_predicted,6.5,13,1,CCGCCGTTCCTGAAGCGCCG,12,5236858
yqjE_yqjK_yqjD_yqjC_predicted,1.0,2,1,CCGCCCCGGTACAACCTTGT,1,5217299
yqjE_yqjK_yqjD_yqjC_predicted,12.5,25,1,CCGCCAGCTAAAGAACCAGC,24,5247633
yqjE_yqjK_yqjD_yqjC_predicted,7.0,14,1,CCGCAGCGAACAAACATCGC,13,5257090
yqjE_yqjK_yqjD_yqjC_predicted,20.5,41,1,CCGCACGGTCTAATACCATC,40,5171293
yqjE_yqjK_yqjD_yqjC_predicted,12.0,24,1,CCGAATCCCTATGCACATGA,23,5239031
yqjE_yqjK_yqjD_yqjC_predicted,6.0,12,1,CCCTTGTGCAAGGGGTTGAC,11,5186675
yqjE_yqjK_yqjD_yqjC_predicted,1.5,3,1,CCCTTGCTAAATACATTGCA,2,5233043
yqjE_yqjK_yqjD_yqjC_predicted,16.5,33,1,CCCTGCGACCTAAGCGAGTA,32,5253672
yqjE_yqjK_yqjD_yqjC_predicted,2.5,5,1,CCCTGCCAGATTGCTTCTAT,4,5174284
yqjE_yqjK_yqjD_yqjC_predicted,1.0,2,1,CCCTCGCTGGAATTGCTCTA,1,5238211
yqjE_yqjK_yqjD_yqjC_predicted,1.0,2,1,CCCTCCGCATCGGGCAGTTT,1,5231888
yqjE_yqjK_yqjD_yqjC_predicted,1.5,3,1,CCCTAAACGCCTCGTACCAG,2,5254055
yqjE_yqjK_yqjD_yqjC_predicted,10.0,20,1,CCCCATTGACTGACCTGTAA,19,5177056
yqjE_yqjK_yqjD_yqjC_predicted,8.5,17,1,CCCCAGCGCCTTCCAGTTCT,16,5178143
yqjE_yqjK_yqjD_yqjC_predicted,5.0,10,1,CCCATGCATACGAAAAGGGC,9,5201066
yqjE_yqjK_yqjD_yqjC_predicted,4.5,9,1,CCCATCTATGCAGCTATTTG,8,5261661
yqjE_yqjK_yqjD_yqjC_predicted,1.0,2,1,CCCATCCAGCCACTAAGTAC,1,5245908
yqjE_yqjK_yqjD_yqjC_predicted,7.5,15,1,CCCAGACTCCCGGCCCCCTA,14,5235346
yqjE_yqjK_yqjD_yqjC_predicted,1.0,2,1,CCCAAAATCTCAGAGTAACT,1,5198394
yqjE_yqjK_yqjD_yqjC_predicted,1.0,2,1,CCATTACCATACTTCTCTAT,1,5190369
yqjE_yqjK_yqjD_yqjC_predicted,12.0,24,1,CCATGGTGTATAGCACTCCT,23,5215870
yqjE_yqjK_yqjD_yqjC_predicted,1.0,2,1,CCATCTGTGCGGCATATAGC,1,5244628
yqjE_yqjK_yqjD_yqjC_predicted,5.5,11,1,CCATCGACCGGGCTAAAGTT,10,5241452
yqjE_yqjK_yqjD_yqjC_predicted,14.0,28,1,CCATCACCGAGACTGGGTAG,27,5208199
yqjE_yqjK_yqjD_yqjC_predicted,7.5,15,1,CCAGTTGGGAAGTCCTATGA,14,5200809
yqjE_yqjK_yqjD_yqjC_predicted,7.0,14,1,CCAGCTGATGACCCAGTGCA,13,5216555
yqjE_yqjK_yqjD_yqjC_predicted,3.5,7,1,CCAGCGCGCAAGGCTTACTT,6,5224287
yqjE_yqjK_yqjD_yqjC_predicted,5.5,11,1,CCAGATAAGTGGAAAGTGTA,10,5184725
yqjE_yqjK_yqjD_yqjC_predicted,1.0,2,1,CCAACCATGTGCTATGTTCG,1,5200793
yqjE_yqjK_yqjD_yqjC_predicted,7.0,14,1,CATTTCATCGCTGCGAGCCA,13,5255212
yqjE_yqjK_yqjD_yqjC_predicted,6.0,12,1,CATTTACGACCGACGAGGAC,11,5182641
yqjE_yqjK_yqjD_yqjC_predicted,9.0,18,1,CATTGCTTGCGCTCTCTACA,17,5230935
yqjE_yqjK_yqjD_yqjC_predicted,4.5,9,1,CATTGAAAGTCGTTCTTTAA,8,5212555
yqjE_yqjK_yqjD_yqjC_predicted,3.0,6,1,CATTAGGGCTACCTTACTCT,5,5233536
yqjE_yqjK_yqjD_yqjC_predicted,1.5,3,1,CATGTTAATAACGTTACCAC,2,5254336
yqjE_yqjK_yqjD_yqjC_predicted,29.5,59,1,CATGTGGAATGCCAAACGCT,58,5198569
yqjE_yqjK_yqjD_yqjC_predicted,1.5,3,1,CATGTAGATATGGTCACAGG,2,5258624
yqjE_yqjK_yqjD_yqjC_predicted,1.0,2,1,CATGCCGGATGCGAGTTTAA,1,5237684
yqjE_yqjK_yqjD_yqjC_predicted,4.5,9,1,CATCTAGCTCAATACGCAAC,8,5233764
yqjE_yqjK_yqjD_yqjC_predicted,1.5,3,1,CATCGTGGGTATGTAGCTGC,2,5195350
yqjE_yqjK_yqjD_yqjC_predicted,6.5,13,1,CATAGTTCGGCGCGAAGTGG,12,5177975
yqjE_yqjK_yqjD_yqjC_predicted,4.0,8,1,CATAGATACAAGCGATTAAG,7,5182890
yqjE_yqjK_yqjD_yqjC_predicted,1.0,2,1,CATAGAACCAGAGATCTATG,1,5219465
yqjE_yqjK_yqjD_yqjC_predicted,1.0,2,1,CATACGACCGGCCGCCCCAT,1,5237303
yqjE_yqjK_yqjD_yqjC_predicted,5.0,10,1,CATAATCCGGTCCTCGTCGG,9,5220773
yqjE_yqjK_yqjD_yqjC_predicted,6.5,13,1,CATAAGTTGTTAGTTTGTCA,12,5185938
yqjE_yqjK_yqjD_yqjC_predicted,2.5,5,1,CAGTTTACACGCACGGTCGT,4,5233404
yqjE_yqjK_yqjD_yqjC_predicted,4.5,9,1,CAGTTGAGGGTATCAATTAA,8,5198623
yqjE_yqjK_yqjD_yqjC_predicted,1.5,3,1,CAGTCGTGAGGTATGGGACT,2,5220857
yqjE_yqjK_yqjD_yqjC_predicted,1.5,3,1,CAGTAGGGTGTAACTACGAT,2,5222515
yqjE_yqjK_yqjD_yqjC_predicted,5.5,11,1,CAGGTAAGTAATCTATCGAC,10,5215314
yqjE_yqjK_yqjD_yqjC_predicted,8.0,16,1,CAGGGACGATCGTTTTCCTT,15,5252988
yqjE_yqjK_yqjD_yqjC_predicted,5.5,11,1,CAGGCGTAGCGCGGGTTACT,10,5220885
yqjE_yqjK_yqjD_yqjC_predicted,6.5,13,1,CAGGCATCGCACTGCTGGGA,12,5238226
yqjE_yqjK_yqjD_yqjC_predicted,1.0,2,1,CAGCGCCTACCGATGTATAC,1,5193453
yqjE_yqjK_yqjD_yqjC_predicted,8.0,16,1,CAGCAAACTATTAAAATCAG,15,5194733
yqjE_yqjK_yqjD_yqjC_predicted,1.0,2,1,CACTGGGGGGCTCTACGTCT,1,5210861
yqjE_yqjK_yqjD_yqjC_predicted,4.0,8,1,CACTCTGCGCTGAAAGGCTG,7,5240236
yqjE_yqjK_yqjD_yqjC_predicted,5.5,11,1,CACGTATAAGAGGTTGGCCG,10,5171068
yqjE_yqjK_yqjD_yqjC_predicted,9.0,18,1,CACGCGGTTGAACCGGGGGA,17,5175960
yqjE_yqjK_yqjD_yqjC_predicted,5.5,11,1,CACGCCTTTCGGCAAAAACT,10,5207728
yqjE_yqjK_yqjD_yqjC_predicted,9.0,18,1,CACCTATGCGCGCGACGTCT,17,5210401
yqjE_yqjK_yqjD_yqjC_predicted,4.0,8,1,CACCCTCGCCTACGTGAACG,7,5257037
yqjE_yqjK_yqjD_yqjC_predicted,2.0,4,1,CACCAATGTGCCACAGACCG,3,5247263
yqjE_yqjK_yqjD_yqjC_predicted,5.5,11,1,CACATGGTATACCGTTATTG,10,5182363
yqjE_yqjK_yqjD_yqjC_predicted,1.0,2,1,CACACTTGCGACTCTATTTT,1,5192918
yqjE_yqjK_yqjD_yqjC_predicted,2.0,4,1,CAATTGGATTTATGGTGCAG,3,5235783
yqjE_yqjK_yqjD_yqjC_predicted,3.5,7,1,CAATTCTGGCTGTTTGAACT,6,5171715
yqjE_yqjK_yqjD_yqjC_predicted,1.5,3,1,CAATGCGGGATATCTGGGAC,2,5236975
yqjE_yqjK_yqjD_yqjC_predicted,4.0,8,1,CAATGATAGGCGCCGCGGAG,7,5195626
yqjE_yqjK_yqjD_yqjC_predicted,5.5,11,1,CAATAGATGCTCTTACCGGA,10,5203144
yqjE_yqjK_yqjD_yqjC_predicted,1.5,3,1,CAAGTCTTAAACGCTACGGT,2,5179386
yqjE_yqjK_yqjD_yqjC_predicted,2.0,4,1,CAAGCGATAATCATATCCAT,3,5231894
yqjE_yqjK_yqjD_yqjC_predicted,1.0,2,1,CAAGCCACCGCGGAGTTTTC,1,5217030
yqjE_yqjK_yqjD_yqjC_predicted,1.0,2,1,CAACGTTCTATTTTAACTAA,1,5256392
yqjE_yqjK_yqjD_yqjC_predicted,7.0,14,1,CAACGGTCTGGGCACCTGTC,13,5232459
yqjE_yqjK_yqjD_yqjC_predicted,1.0,2,1,CAACGAATACGACCATTGTC,1,5212450
yqjE_yqjK_yqjD_yqjC_predicted,7.5,15,1,CAACAGCCGACGGACTTCTA,14,5223977
yqjE_yqjK_yqjD_yqjC_predicted,2.0,4,1,CAACAGCAACCGTCTTCGGA,3,5255608
yqjE_yqjK_yqjD_yqjC_predicted,3.0,6,1,CAAATTGTGGCGCGGGGGCG,5,5200021
yqjE_yqjK_yqjD_yqjC_predicted,7.5,15,1,CAAAGACCGGAGAACCATTA,14,5198567
yqjE_yqjK_yqjD_yqjC_predicted,1.0,2,1,ATTTTATTCTATGTATCCAG,1,5195299
yqjE_yqjK_yqjD_yqjC_predicted,4.0,8,1,ATTTGGTATAAAAACGTAGT,7,5241680
yqjE_yqjK_yqjD_yqjC_predicted,1.5,3,1,ATTTGCGCTCCATCGGAACA,2,5175225
yqjE_yqjK_yqjD_yqjC_predicted,1.0,2,1,ATTTGCATAGGCATGTAATT,1,5213154
yqjE_yqjK_yqjD_yqjC_predicted,1.0,2,1,ATTTCCAAGACTTGGCTCAC,1,5180106
yqjE_yqjK_yqjD_yqjC_predicted,1.5,3,1,ATTGCTGGTTGACACAGTCA,2,5215848
yqjE_yqjK_yqjD_yqjC_predicted,3.5,7,1,ATTGATGGAGGATGAAGTGT,6,5195570
yqjE_yqjK_yqjD_yqjC_predicted,1.0,2,1,ATTGAGGGCTGAAGGCATAT,1,5185080
yqjE_yqjK_yqjD_yqjC_predicted,3.5,7,1,ATTGAGGAACCGGGCCGCAA,6,5186570
yqjE_yqjK_yqjD_yqjC_predicted,1.0,2,1,ATTGAGAGGTCTGGGTCTTC,1,5259520
yqjE_yqjK_yqjD_yqjC_predicted,5.0,10,1,ATTCGGTGTGTAGGCACAGC,9,5188053
yqjE_yqjK_yqjD_yqjC_predicted,2.0,4,1,ATTCCGCAGGTTAGCCATTA,3,5178704
yqjE_yqjK_yqjD_yqjC_predicted,1.0,2,1,ATTCCAGATGCGTTAGATAA,1,5191649
yqjE_yqjK_yqjD_yqjC_predicted,3.0,6,1,ATTCAACTGTCTGTTATGCA,5,5222400
yqjE_yqjK_yqjD_yqjC_predicted,9.5,19,1,ATTATGTCAACCATACCCAA,18,5192369
yqjE_yqjK_yqjD_yqjC_predicted,1.0,2,1,ATGTTTGGCTAGAGTATCGT,1,5206642
yqjE_yqjK_yqjD_yqjC_predicted,3.0,6,1,ATGTTCGAACCTGTTGCTAC,5,5184067
yqjE_yqjK_yqjD_yqjC_predicted,1.0,2,1,ATGTTAGGAATAAGCCGGAA,1,5255740
yqjE_yqjK_yqjD_yqjC_predicted,11.5,23,1,ATGTGCGGGGACGAGCCACG,22,5171032
yqjE_yqjK_yqjD_yqjC_predicted,1.0,2,1,ATGTGCACTGCCTTACCGAT,1,5229382
yqjE_yqjK_yqjD_yqjC_predicted,7.5,15,1,ATGTATTTGGAGGGTGTTTC,14,5176184
yqjE_yqjK_yqjD_yqjC_predicted,11.0,22,1,ATGGCACAGCTGCAGAAAAT,21,5250223
yqjE_yqjK_yqjD_yqjC_predicted,1.0,2,1,ATGCTTTAGATTGCCCTCAA,1,5222612
yqjE_yqjK_yqjD_yqjC_predicted,1.0,2,1,ATGCTATATTGCGTGCATCG,1,5187823
yqjE_yqjK_yqjD_yqjC_predicted,1.5,3,1,ATGCGTACTTGTCAAGGCGG,2,5178191
yqjE_yqjK_yqjD_yqjC_predicted,14.0,28,1,ATGCACGGAGAATGACAAAA,27,5182110
yqjE_yqjK_yqjD_yqjC_predicted,1.0,2,1,ATGCACGCGTACGCGACCGG,1,5243358
yqjE_yqjK_yqjD_yqjC_predicted,3.0,6,1,ATGATACTGCGTCCCATTCA,5,5177101
yqjE_yqjK_yqjD_yqjC_predicted,10.0,20,1,ATGAGGGGTCCAAATACTCC,19,5190582
yqjE_yqjK_yqjD_yqjC_predicted,6.5,13,1,ATGAGACCCAACATTGTGTG,12,5207602
yqjE_yqjK_yqjD_yqjC_predicted,1.5,3,1,ATCTCACGACCGGGGGCCTC,2,5237534
yqjE_yqjK_yqjD_yqjC_predicted,2.5,5,1,ATCTATTTTGGGCGTTCACT,4,5232669
yqjE_yqjK_yqjD_yqjC_predicted,2.5,5,1,ATCTACACTTGGTAGTCGTT,4,5218790
yqjE_yqjK_yqjD_yqjC_predicted,4.5,9,1,ATCGTGTTCCTTACTGCATT,8,5174749
yqjE_yqjK_yqjD_yqjC_predicted,5.5,11,1,ATCGGGCATTTATTGGAAGA,10,5216760
yqjE_yqjK_yqjD_yqjC_predicted,11.5,23,1,ATCCTCCGCGATGCAGTTGT,22,5201095
yqjE_yqjK_yqjD_yqjC_predicted,1.5,3,1,ATCCCAGAGCTCAAATTTAC,2,5216203
yqjE_yqjK_yqjD_yqjC_predicted,5.5,11,1,ATCCACCTAAGATAGGTCTT,10,5234534
yqjE_yqjK_yqjD_yqjC_predicted,11.5,23,1,ATCCAATGGAAGGTGCCGTC,22,5210553
yqjE_yqjK_yqjD_yqjC_predicted,8.0,16,1,ATCAGTGGTTCTCTTAATCC,15,5232911
yqjE_yqjK_yqjD_yqjC_predicted,11.5,23,1,ATCACTCGACCCGGTAGAGA,22,5224477
yqjE_yqjK_yqjD_yqjC_predicted,2.0,4,1,ATATTTATATTACAGAGCAG,3,5261404
yqjE_yqjK_yqjD_yqjC_predicted,1.0,2,1,ATATTGGCTCCCATCAGTGT,1,5219635
yqjE_yqjK_yqjD_yqjC_predicted,2.0,4,1,ATATTACGGGACATCCCCTT,3,5173906
yqjE_yqjK_yqjD_yqjC_predicted,7.0,14,1,ATATGGAAGGATTTTCTTTA,13,5203681
yqjE_yqjK_yqjD_yqjC_predicted,1.0,2,1,ATATCTGCCACAGGCTAATT,1,5241478
yqjE_yqjK_yqjD_yqjC_predicted,1.5,3,1,ATATCAGATTGGTGTGGTGA,2,5233384
yqjE_yqjK_yqjD_yqjC_predicted,7.5,15,1,ATATAATCTTTTAAAACACT,14,5189585
yqjE_yqjK_yqjD_yqjC_predicted,1.0,2,1,ATAGTTAGAGAGCAACTCTA,1,5228983
yqjE_yqjK_yqjD_yqjC_predicted,2.5,5,1,ATAGCCAAAGCACAGGATGC,4,5171944
yqjE_yqjK_yqjD_yqjC_predicted,1.0,2,1,ATACGCGTAGAGCATAAATG,1,5246354
yqjE_yqjK_yqjD_yqjC_predicted,1.5,3,1,ATACCCGATCATCCCATACG,2,5203977
yqjE_yqjK_yqjD_yqjC_predicted,10.0,20,1,ATACCCGAGGACGGTAACTC,19,5199289
yqjE_yqjK_yqjD_yqjC_predicted,1.0,2,1,ATACATGAGCCCGGGGGATC,1,5198755
yqjE_yqjK_yqjD_yqjC_predicted,1.5,3,1,ATAATGGGAAAACACACGGG,2,5230428
yqjE_yqjK_yqjD_yqjC_predicted,5.5,11,1,ATAACGAAGTGCATCGGAGC,10,5217988
yqjE_yqjK_yqjD_yqjC_predicted,1.0,2,1,ATAAAGAATCATGTATTCCA,1,5214872
yqjE_yqjK_yqjD_yqjC_predicted,5.0,10,1,AGTTGTGTGGTTAAGGATCA,9,5220443
yqjE_yqjK_yqjD_yqjC_predicted,10.0,20,1,AGTTGCTTGGACCTACTCTA,19,5201841
yqjE_yqjK_yqjD_yqjC_predicted,3.5,7,1,AGTTGATCGGTTCAATAAGC,6,5257447
yqjE_yqjK_yqjD_yqjC_predicted,2.0,4,1,AGTTCGTACAGTCTTAGCTA,3,5206717
yqjE_yqjK_yqjD_yqjC_predicted,8.5,17,1,AGTTCGGGCTGGTGTTGTTG,16,5218370
yqjE_yqjK_yqjD_yqjC_predicted,2.0,4,1,AGTTATGAGAGATAAGAAGG,3,5178839
yqjE_yqjK_yqjD_yqjC_predicted,13.5,27,1,AGTGTACGCAGTAACGAGCC,26,5198217
yqjE_yqjK_yqjD_yqjC_predicted,6.0,12,1,AGTGGCCGCCGCCTATTCAT,11,5233704
yqjE_yqjK_yqjD_yqjC_predicted,1.0,2,1,AGTGATCGAAGAGTGAGTAT,1,5221520
yqjE_yqjK_yqjD_yqjC_predicted,8.5,17,1,AGTGACGTGGTAGAATCCAT,16,5231410
yqjE_yqjK_yqjD_yqjC_predicted,3.0,6,1,AGTATACCATAAATCTTCAG,5,5210739
yqjE_yqjK_yqjD_yqjC_predicted,1.0,2,1,AGGTGCATAGTAGTCAAGAT,1,5242619
yqjE_yqjK_yqjD_yqjC_predicted,2.0,4,1,AGGTCCTATAAGCAGGCATG,3,5197068
yqjE_yqjK_yqjD_yqjC_predicted,7.0,14,1,AGGTATCCAGACATAATCCT,13,5173699
yqjE_yqjK_yqjD_yqjC_predicted,1.0,2,1,AGGTACAACGCCTTGAACGA,1,5241493
yqjE_yqjK_yqjD_yqjC_predicted,9.5,19,1,AGGGTGACAGTCGGAAATCT,18,5198525
yqjE_yqjK_yqjD_yqjC_predicted,2.5,5,1,AGGGCGTCGGTTTGCTCGAA,4,5249746
yqjE_yqjK_yqjD_yqjC_predicted,1.0,2,1,AGGGATCCTTTTACGTAGGT,1,5235982
yqjE_yqjK_yqjD_yqjC_predicted,7.5,15,1,AGGGAACTCGATTCCACGGC,14,5257042
yqjE_yqjK_yqjD_yqjC_predicted,3.0,6,1,AGGCAACAACGTTACACATG,5,5198578
yqjE_yqjK_yqjD_yqjC_predicted,1.5,3,1,AGGAATCCGGGGTGCCAGAT,2,5188551
yqjE_yqjK_yqjD_yqjC_predicted,10.5,21,1,AGGAAGTTCGACAATCGACA,20,5227445
yqjE_yqjK_yqjD_yqjC_predicted,1.0,2,1,AGCTTGCACAATCCATACGA,1,5219141
yqjE_yqjK_yqjD_yqjC_predicted,1.0,2,1,AGCTGTACCTCCCAAGGGGG,1,5235637
yqjE_yqjK_yqjD_yqjC_predicted,6.0,12,1,AGCTGTAATACAGAGGCACG,11,5245514
yqjE_yqjK_yqjD_yqjC_predicted,3.0,6,1,AGCTCTCCTGTGGGATCGCG,5,5184263
yqjE_yqjK_yqjD_yqjC_predicted,2.0,4,1,AGCTAGGCACTTAGGTTAAA,3,5251919
yqjE_yqjK_yqjD_yqjC_predicted,4.5,9,1,AGCTACGCACTCACGCGGGA,8,5210318
yqjE_yqjK_yqjD_yqjC_predicted,1.0,2,1,AGCGCCAGCGCCTATGGATC,1,5189492
yqjE_yqjK_yqjD_yqjC_predicted,6.0,12,1,AGCGAAAGCGGATTGGCATT,11,5177705
yqjE_yqjK_yqjD_yqjC_predicted,4.0,8,1,AGCAACGGCGATGGGATGGA,7,5184565
yqjE_yqjK_yqjD_yqjC_predicted,3.0,6,1,AGATTGCGATTGCATTCACA,5,5184429
yqjE_yqjK_yqjD_yqjC_predicted,9.5,19,1,AGATGGGTACAAAGGTTAAA,18,5210795
yqjE_yqjK_yqjD_yqjC_predicted,6.0,12,1,AGATCTTGCTACGGTATGCC,11,5212237
yqjE_yqjK_yqjD_yqjC_predicted,7.0,14,1,AGATCTATGACTGCTGGAGC,13,5187600
yqjE_yqjK_yqjD_yqjC_predicted,1.0,2,1,AGAGACCATATTCCCAATCC,1,5233652
yqjE_yqjK_yqjD_yqjC_predicted,2.5,5,1,AGACTTGGAATCGGGAACAA,4,5172216
yqjE_yqjK_yqjD_yqjC_predicted,6.0,12,1,AGACTGAGTACGCCCAGGCA,11,5230406
yqjE_yqjK_yqjD_yqjC_predicted,2.5,5,1,AGACCCCTCACTTACTCCAC,4,5175584
yqjE_yqjK_yqjD_yqjC_predicted,4.5,9,1,AGACACGGTGGACTAGCGCT,8,5194864
yqjE_yqjK_yqjD_yqjC_predicted,15.0,30,1,AGACAACGGTTCCAATCCAA,29,5237299
yqjE_yqjK_yqjD_yqjC_predicted,5.5,11,1,ACTTTAGGCGCAATCGCGCT,10,5232548
yqjE_yqjK_yqjD_yqjC_predicted,6.0,12,1,ACTTCTCTAAGCCTCCGCCT,11,5240011
yqjE_yqjK_yqjD_yqjC_predicted,1.0,2,1,ACTTAGATTCCGATCTCTTT,1,5195273
yqjE_yqjK_yqjD_yqjC_predicted,8.0,16,1,ACTTAGAGGACCAGTCGTTT,15,5254251
yqjE_yqjK_yqjD_yqjC_predicted,2.0,4,1,ACTTAACCGACAAGGCTCGA,3,5203997
yqjE_yqjK_yqjD_yqjC_predicted,1.0,2,1,ACTGTGTTAAATAGGACCTC,1,5230769
yqjE_yqjK_yqjD_yqjC_predicted,5.0,10,1,ACTGTCTTTCCAGCATCGTT,9,5221525
yqjE_yqjK_yqjD_yqjC_predicted,7.0,14,1,ACTGTAAACTTCGACGTAAT,13,5256851
yqjE_yqjK_yqjD_yqjC_predicted,8.0,16,1,ACTCCAACCGTTTTAGTGGA,15,5220787
yqjE_yqjK_yqjD_yqjC_predicted,1.0,2,1,ACTCATGCGGGGAGGACATG,1,5179777
yqjE_yqjK_yqjD_yqjC_predicted,6.0,12,1,ACTCACGTCACTGTGCCGAG,11,5186328
yqjE_yqjK_yqjD_yqjC_predicted,3.0,6,1,ACTAGCAATCCCTTTTCGCA,5,5257323
yqjE_yqjK_yqjD_yqjC_predicted,1.0,2,1,ACTACAGAAGCGCAGCGTCT,1,5196678
yqjE_yqjK_yqjD_yqjC_predicted,9.5,19,1,ACGTTTTAGGTATTACAACT,18,5185459
yqjE_yqjK_yqjD_yqjC_predicted,2.5,5,1,ACGTTGGCTCCTACGCGCAA,4,5259469
yqjE_yqjK_yqjD_yqjC_predicted,1.0,2,1,ACGTTATGTGTTGAACCATT,1,5181134
yqjE_yqjK_yqjD_yqjC_predicted,1.0,2,1,ACGTAGAGTTAATGTAAGGC,1,5192166
yqjE_yqjK_yqjD_yqjC_predicted,7.0,14,1,ACGGGTTTCTCAGTCCCAGT,13,5179296
yqjE_yqjK_yqjD_yqjC_predicted,2.5,5,1,ACGGATAACGTGTTATGCCT,4,5190182
yqjE_yqjK_yqjD_yqjC_predicted,5.0,10,1,ACGCTTAGGCCGCCGGCCGT,9,5227840
yqjE_yqjK_yqjD_yqjC_predicted,7.0,14,1,ACGCGCCCACCAACGTGCTG,13,5218444
yqjE_yqjK_yqjD_yqjC_predicted,1.0,2,1,ACGAGGAGCTGTGAAGCATA,1,5252802
yqjE_yqjK_yqjD_yqjC_predicted,1.0,2,1,ACCGTACAGGGACTCAGTGA,1,5248738
yqjE_yqjK_yqjD_yqjC_predicted,1.0,2,1,ACCGGCGTGTCCGCATCGGG,1,5231233
yqjE_yqjK_yqjD_yqjC_predicted,1.5,3,1,ACCGGCGTACCGCCGTGGTA,2,5254240
yqjE_yqjK_yqjD_yqjC_predicted,6.0,12,1,ACCGCAAAAAGGGAAACTAT,11,5178547
yqjE_yqjK_yqjD_yqjC_predicted,1.5,3,1,ACCGATGATGCGCTACCAAA,2,5245308
yqjE_yqjK_yqjD_yqjC_predicted,3.5,7,1,ACCCTCAAAGCAGGCTCCCG,6,5207305
yqjE_yqjK_yqjD_yqjC_predicted,12.5,25,1,ACCCGGACTATTGTTCTACT,24,5210389
yqjE_yqjK_yqjD_yqjC_predicted,7.0,14,1,ACCCAGGCCCAACTCCTCCC,13,5231411
yqjE_yqjK_yqjD_yqjC_predicted,2.0,4,1,ACCATAGCGCAATAATATCT,3,5197311
yqjE_yqjK_yqjD_yqjC_predicted,5.0,10,1,ACCAGTTCTTTACATAGTAA,9,5233644
yqjE_yqjK_yqjD_yqjC_predicted,1.0,2,1,ACCACTTGCCGGGAATCGGC,1,5190924
yqjE_yqjK_yqjD_yqjC_predicted,24.5,49,1,ACCAACGTTAGTCATTGCTT,48,5253289
yqjE_yqjK_yqjD_yqjC_predicted,3.5,7,1,ACCAAACCGTTGATCGAGTA,6,5223877
yqjE_yqjK_yqjD_yqjC_predicted,5.5,11,1,ACATTGTCCAATTAGCCGGC,10,5255519
yqjE_yqjK_yqjD_yqjC_predicted,1.0,2,1,ACATTCCGTACCTCGTCAGT,1,5233344
yqjE_yqjK_yqjD_yqjC_predicted,1.0,2,1,ACATCGGGCTTCACCTTACA,1,5229049
yqjE_yqjK_yqjD_yqjC_predicted,5.0,10,1,ACATATGATATCGTGTAAGT,9,5197611
yqjE_yqjK_yqjD_yqjC_predicted,2.5,5,1,ACATAGAAGAGTGGAAGGCT,4,5194769
yqjE_yqjK_yqjD_yqjC_predicted,4.5,9,1,ACAGTATTGTGTGGTAATCG,8,5230912
yqjE_yqjK_yqjD_yqjC_predicted,2.5,5,1,ACAGCCTCCATGGACACCGG,4,5182506
yqjE_yqjK_yqjD_yqjC_predicted,1.0,2,1,ACAGCAGGAATATACTGACA,1,5216669
yqjE_yqjK_yqjD_yqjC_predicted,3.5,7,1,ACAGATTCCTTCGCAGTTGT,6,5190900
yqjE_yqjK_yqjD_yqjC_predicted,9.0,18,1,ACACTTCACAGTTTCGATTG,17,5258811
yqjE_yqjK_yqjD_yqjC_predicted,3.0,6,1,ACACTGTCTGGGAGGTTTGT,5,5238974
yqjE_yqjK_yqjD_yqjC_predicted,9.0,18,1,ACACCCCTTTTACTTTAAGA,17,5250638
yqjE_yqjK_yqjD_yqjC_predicted,3.0,6,1,ACACAGTCCCCCTCGACGAC,5,5259589
yqjE_yqjK_yqjD_yqjC_predicted,9.0,18,1,ACAAGTAGTATTGGTGTACT,17,5178352
yqjE_yqjK_yqjD_yqjC_predicted,10.0,20,1,ACAACGTACTTCAAGACCAC,19,5170964
yqjE_yqjK_yqjD_yqjC_predicted,10.5,21,1,ACAAATAACTTAAACCATCT,20,5186854
yqjE_yqjK_yqjD_yqjC_predicted,3.0,6,1,AATTTTCCAAGTAAGTGGGA,5,5212455
yqjE_yqjK_yqjD_yqjC_predicted,11.5,23,1,AATTCGCAAGTAATTCGAAA,22,5196317
yqjE_yqjK_yqjD_yqjC_predicted,4.0,8,1,AATTATAGTGTACGTTTAAG,7,5224971
yqjE_yqjK_yqjD_yqjC_predicted,5.5,11,1,AATTAATTGCAGCATTCCTG,10,5178966
yqjE_yqjK_yqjD_yqjC_predicted,4.0,8,1,AATGGCCGGCTGTTTACTAT,7,5220966
yqjE_yqjK_yqjD_yqjC_predicted,9.0,18,1,AATGCTTCTAGAAATCAGAC,17,5235998
yqjE_yqjK_yqjD_yqjC_predicted,5.0,10,1,AATATGGTCCCTGTCCTAAG,9,5177220
yqjE_yqjK_yqjD_yqjC_predicted,3.0,6,1,AAGTTACATACCTCGTTTAG,5,5187206
yqjE_yqjK_yqjD_yqjC_predicted,2.0,4,1,AAGTGTACGACCTCGTAAAG,3,5190361
yqjE_yqjK_yqjD_yqjC_predicted,4.0,8,1,AAGGCTGCGTTGCGCACTCC,7,5233094
yqjE_yqjK_yqjD_yqjC_predicted,1.0,2,1,AAGCGGCCACCGCGTGACCT,1,5173859
yqjE_yqjK_yqjD_yqjC_predicted,5.0,10,1,AAGAGTCTGATGAAGGGTCT,9,5236204
yqjE_yqjK_yqjD_yqjC_predicted,4.5,9,1,AACTTCATAATGGACATACT,8,5247225
yqjE_yqjK_yqjD_yqjC_predicted,1.0,2,1,AACTGTGGTGTCCCACTCAT,1,5200461
yqjE_yqjK_yqjD_yqjC_predicted,3.0,6,1,AACCACGAACAACACCTGTT,5,5203440
yqjE_yqjK_yqjD_yqjC_predicted,2.0,4,1,AACATCCAGCGAATTTTAGA,3,5202184
yqjE_yqjK_yqjD_yqjC_predicted,2.0,4,1,AACAAGGACCTTTAAGGTCA,3,5234180
yqjE_yqjK_yqjD_yqjC_predicted,2.0,4,1,AAATTGCCCGGGTAGACCAC,3,5239505
yqjE_yqjK_yqjD_yqjC_predicted,1.0,2,1,AAATTAATACGTTCGGTATT,1,5255673
yqjE_yqjK_yqjD_yqjC_predicted,1.0,2,1,AAATCTAAGTGTATTTTTTA,1,5237167
yqjE_yqjK_yqjD_yqjC_predicted,6.0,12,1,AAAGTGGGTATCCATAGTAA,11,5205198
yqjE_yqjK_yqjD_yqjC_predicted,4.5,9,1,AAAGCCCGAAAAGAGCAAAT,8,5245311
yqjE_yqjK_yqjD_yqjC_predicted,1.5,3,1,AAAGATACAAAATATGTGAA,2,5190295
yqjE_yqjK_yqjD_yqjC_predicted,5.0,10,1,AAAGAACCTATCCGGACCGA,9,5222339
yqjE_yqjK_yqjD_yqjC_predicted,3.0,6,1,AAACTTTTTGGACCTTCATT,5,5174274
yqjE_yqjK_yqjD_yqjC_predicted,1.5,3,1,AAACTCGTTTGCGCCGAAAA,2,5173059
yqjE_yqjK_yqjD_yqjC_predicted,4.0,8,1,AAACGTGCGGGTTCCTCGGT,7,5241457
yqjE_yqjK_yqjD_yqjC_predicted,1.5,3,1,AAACGTCAGCGATTCTGGAA,2,5212829
yqjE_yqjK_yqjD_yqjC_predicted,1.0,2,1,AAACCTTCATGGGGTTGGTT,1,5199480
yqjE_yqjK_yqjD_yqjC_predicted,10.5,21,1,AAACAAGTGATATAGTTACG,20,5212243
yqjE_yqjK_yqjD_yqjC_predicted,4.5,9,1,AAAAGTTAGCACATCAGGGG,8,5188003
yqjE_yqjK_yqjD_yqjC_predicted,8.0,16,1,AAAAGATGGTTTCGTGTCAC,15,5194629
yqjE_yqjK_yqjD_yqjC_predicted,1.5,3,1,AAAAATGGAAATATAATCAT,2,5259001
yqjE_yqjK_yqjD_yqjC_predicted,5.5,11,1,AAAAATCTGGTCCATTTGCT,10,5236125
yqjE_yqjK_yqjD_yqjC_predicted,0.017857142857142856,55,55,AGATCTTACTGTACATCTAA,0,5220626
yqjE_yqjK_yqjD_yqjC_predicted,0.018518518518518517,53,53,CCACGCCCGACACACTGCTC,0,5230542
yqjE_yqjK_yqjD_yqjC_predicted,0.0196078431372549,50,50,CGGATATTACAGCGTTACGA,0,5209053
yqjE_yqjK_yqjD_yqjC_predicted,0.02,49,49,TAAAGGTGTGCCGGAAGACA,0,5228184
yqjE_yqjK_yqjD_yqjC_predicted,0.02,49,49,CTGAACGCGGTCGGGCAGTG,0,5189228
yqjE_yqjK_yqjD_yqjC_predicted,0.02040816326530612,48,48,ACCAGTTGATCTTGCGAAAG,0,5241264
yqjE_yqjK_yqjD_yqjC_predicted,0.02127659574468085,46,46,ACTAGAGCCAAATCTCCCGC,0,5214645
yqjE_yqjK_yqjD_yqjC_predicted,0.021739130434782608,45,45,ATAGGTCATCGGGGATAATA,0,5181397
yqjE_yqjK_yqjD_yqjC_predicted,0.021739130434782608,45,45,ACTGAGTGGAGACTCAGCTT,0,5230749
yqjE_yqjK_yqjD_yqjC_predicted,0.022222222222222223,44,44,TAGGAACTAGGACCGGCACG,0,5262199
yqjE_yqjK_yqjD_yqjC_predicted,0.022222222222222223,44,44,GGATAACAGGGAAGGGGCCT,0,5214235
yqjE_yqjK_yqjD_yqjC_predicted,0.022222222222222223,44,44,CTCTTGCTAGTGCCCGACGT,0,5253593
yqjE_yqjK_yqjD_yqjC_predicted,0.022222222222222223,44,44,CTACATGCGGTGCCTCCGCC,0,5260372
yqjE_yqjK_yqjD_yqjC_predicted,0.022222222222222223,44,44,ATCTAGTCCCCAAAGGGCGA,0,5210048
yqjE_yqjK_yqjD_yqjC_predicted,0.022727272727272728,43,43,TGATTTCCTTTACAAGCTCG,0,5193062
yqjE_yqjK_yqjD_yqjC_predicted,0.022727272727272728,43,43,AGCTTCGAAAGGTTCCTGGA,0,5217754
yqjE_yqjK_yqjD_yqjC_predicted,0.023255813953488372,42,42,TCGGAGGTACGGCTGTAGGT,0,5229548
yqjE_yqjK_yqjD_yqjC_predicted,0.023255813953488372,42,42,CGCGTTGGAGGCGAGTTTAG,0,5208901
yqjE_yqjK_yqjD_yqjC_predicted,0.023255813953488372,42,42,AGGGGTTACACCGGGTATAG,0,5176019
yqjE_yqjK_yqjD_yqjC_predicted,0.023809523809523808,41,41,GGTTGATCATGCTATCATTA,0,5211468
yqjE_yqjK_yqjD_yqjC_predicted,0.024390243902439025,40,40,TCAGGTATATCAGCTTGTTT,0,5177929
yqjE_yqjK_yqjD_yqjC_predicted,0.024390243902439025,40,40,TAACCTGATGGTATATAAGA,0,5238713
yqjE_yqjK_yqjD_yqjC_predicted,0.024390243902439025,40,40,CGTTCGGCTTAAGCGGGCTT,0,5173146
yqjE_yqjK_yqjD_yqjC_predicted,0.024390243902439025,40,40,CCTCGTGGTAGATTATTCGA,0,5175173
yqjE_yqjK_yqjD_yqjC_predicted,0.024390243902439025,40,40,ATTAGTGACGGGAAGTGGAG,0,5232008
yqjE_yqjK_yqjD_yqjC_predicted,0.024390243902439025,40,40,AGTTGGGTTGGATTGAGAGT,0,5252791
yqjE_yqjK_yqjD_yqjC_predicted,0.024390243902439025,40,40,AGACGCGACAGGAGTTCACG,0,5252787
yqjE_yqjK_yqjD_yqjC_predicted,0.025,39,39,GGTTAAATCGACTTCGTATT,0,5226496
yqjE_yqjK_yqjD_yqjC_predicted,0.025,39,39,AGCAACACTGCCGACAAAGT,0,5205392
yqjE_yqjK_yqjD_yqjC_predicted,0.025,39,39,AAGCTCACAAGACGGGTCTT,0,5187639
yqjE_yqjK_yqjD_yqjC_predicted,0.02564102564102564,38,38,CGTCATGCCATGGAGGTTTA,0,5208084
yqjE_yqjK_yqjD_yqjC_predicted,0.02564102564102564,38,38,CAACGGGATCACGCACGAAG,0,5241150
yqjE_yqjK_yqjD_yqjC_predicted,0.02564102564102564,38,38,ATCAACGGAAGTCGCTACGT,0,5236678
yqjE_yqjK_yqjD_yqjC_predicted,0.02631578947368421,37,37,TTTAGGCTGGCATGGTAATT,0,5230571
yqjE_yqjK_yqjD_yqjC_predicted,0.02631578947368421,37,37,ATCGGAGTGCTTTAGACTCT,0,5219260
yqjE_yqjK_yqjD_yqjC_predicted,0.02631578947368421,37,37,ACACCCTAGCCGGTACCACT,0,5250910
yqjE_yqjK_yqjD_yqjC_predicted,0.02631578947368421,37,37,AATTTACAGGTAAAGTCTAT,0,5244440
yqjE_yqjK_yqjD_yqjC_predicted,0.02631578947368421,37,37,AATTAGAAGTTAGGCACGCA,0,5260031
yqjE_yqjK_yqjD_yqjC_predicted,0.02631578947368421,37,37,AAACGGGGTTGGAACCAATG,0,5172568
yqjE_yqjK_yqjD_yqjC_predicted,0.02702702702702703,36,36,TTCTTTTGCTTTTGCACGAC,0,5240156
yqjE_yqjK_yqjD_yqjC_predicted,0.02702702702702703,36,36,GGATTGTCCTCCGCTTTGCC,0,5178425
yqjE_yqjK_yqjD_yqjC_predicted,0.02702702702702703,36,36,CCCCCCGGATTTAACTGCAT,0,5203182
yqjE_yqjK_yqjD_yqjC_predicted,0.02702702702702703,36,36,ATGATTGCGTGATACCTTAA,0,5213365
yqjE_yqjK_yqjD_yqjC_predicted,0.027777777777777776,35,35,TAGCCATAAGCACCAAGGGT,0,5177476
yqjE_yqjK_yqjD_yqjC_predicted,0.027777777777777776,35,35,ACATCGTCACGGAAGGGACG,0,5176678
yqjE_yqjK_yqjD_yqjC_predicted,0.027777777777777776,35,35,AATCTTTCTGTCTCAGGGCA,0,5203762
yqjE_yqjK_yqjD_yqjC_predicted,0.02857142857142857,34,34,TAGCAGATAGTCTGGTGCCT,0,5190165
yqjE_yqjK_yqjD_yqjC_predicted,0.02857142857142857,34,34,TAATGCTAGGGCACAGACGT,0,5179904
yqjE_yqjK_yqjD_yqjC_predicted,0.02857142857142857,34,34,GTGAGGTATCGCGGACTTAG,0,5222914
yqjE_yqjK_yqjD_yqjC_predicted,0.02857142857142857,34,34,GGCCGTAACACCCAGTCAAT,0,5184996
yqjE_yqjK_yqjD_yqjC_predicted,0.02857142857142857,34,34,GCATCTCTGTGTAGTAGAGC,0,5185902
yqjE_yqjK_yqjD_yqjC_predicted,0.02857142857142857,34,34,GAGGGTAGTGAACGGATTTA,0,5236161
yqjE_yqjK_yqjD_yqjC_predicted,0.02857142857142857,34,34,GACCAGGTGGGACCATTGGA,0,5195269
yqjE_yqjK_yqjD_yqjC_predicted,0.02857142857142857,34,34,AGTTACCACTGCGTACGTCA,0,5188514
yqjE_yqjK_yqjD_yqjC_predicted,0.029411764705882353,33,33,TTGTGGTACGGCTTTCCGGC,0,5256454
yqjE_yqjK_yqjD_yqjC_predicted,0.029411764705882353,33,33,TTGACTGTCGCGTGTAAACA,0,5206624
yqjE_yqjK_yqjD_yqjC_predicted,0.029411764705882353,33,33,TCCGGCCCGTTATTCGGCAT,0,5237020
yqjE_yqjK_yqjD_yqjC_predicted,0.029411764705882353,33,33,TCCAGAACGTAAGGATGAGT,0,5178405
yqjE_yqjK_yqjD_yqjC_predicted,0.029411764705882353,33,33,TAGAGCCAGCGAATAGGTGT,0,5244901
yqjE_yqjK_yqjD_yqjC_predicted,0.029411764705882353,33,33,GGGGATTCAAATACGACTCG,0,5196295
yqjE_yqjK_yqjD_yqjC_predicted,0.029411764705882353,33,33,GGGCGCGGGTTTGTCTATGT,0,5193621
yqjE_yqjK_yqjD_yqjC_predicted,0.029411764705882353,33,33,GGCAGTGTTCGGGCACGAGT,0,5208479
yqjE_yqjK_yqjD_yqjC_predicted,0.029411764705882353,33,33,GCCTTTTAGGTTGACTTCCA,0,5211729
yqjE_yqjK_yqjD_yqjC_predicted,0.029411764705882353,33,33,GCCAATCTCGGCGGTGGTGA,0,5171935
yqjE_yqjK_yqjD_yqjC_predicted,0.029411764705882353,33,33,CTATTGTATGTTTCACGATA,0,5171066
yqjE_yqjK_yqjD_yqjC_predicted,0.029411764705882353,33,33,CTAGATACGTGGGTCTTGAG,0,5261857
yqjE_yqjK_yqjD_yqjC_predicted,0.029411764705882353,33,33,CGGCTACATAAAAGCCGTGG,0,5235026
yqjE_yqjK_yqjD_yqjC_predicted,0.029411764705882353,33,33,CGAGGCGTGGGCTCTCCTGT,0,5185367
yqjE_yqjK_yqjD_yqjC_predicted,0.029411764705882353,33,33,CCTTGCTGAGGGATACGGCG,0,5199184
yqjE_yqjK_yqjD_yqjC_predicted,0.029411764705882353,33,33,ATAGGAAGCAATCGTGTGTT,0,5207520
yqjE_yqjK_yqjD_yqjC_predicted,0.029411764705882353,33,33,AAATACACATGAGACTGGGA,0,5205890
yqjE_yqjK_yqjD_yqjC_predicted,0.030303030303030304,32,32,TGTTTTGACCGTTCTATGAT,0,5204526
yqjE_yqjK_yqjD_yqjC_predicted,0.030303030303030304,32,32,TGTCAGGGTGCAAAGATTGT,0,5220326
yqjE_yqjK_yqjD_yqjC_predicted,0.030303030303030304,32,32,TGGGTGGTACTGCGGGTCTG,0,5246266
yqjE_yqjK_yqjD_yqjC_predicted,0.030303030303030304,32,32,TGAGCCTTTGGTGACTTGGT,0,5182073
yqjE_yqjK_yqjD_yqjC_predicted,0.030303030303030304,32,32,GGTGGGAGCCCTCGGGGTGC,0,5233085
yqjE_yqjK_yqjD_yqjC_predicted,0.030303030303030304,32,32,GGAACGACGAACGGCTCAGC,0,5184882
yqjE_yqjK_yqjD_yqjC_predicted,0.030303030303030304,32,32,GATGTCCCCACTGACGATTG,0,5238827
yqjE_yqjK_yqjD_yqjC_predicted,0.030303030303030304,32,32,CTTATCTCCTGATGGCATGC,0,5209461
yqjE_yqjK_yqjD_yqjC_predicted,0.030303030303030304,32,32,ATTACGTACCTCCACACGCG,0,5233208
yqjE_yqjK_yqjD_yqjC_predicted,0.030303030303030304,32,32,ATGGCAACCTATGCCCAGTC,0,5218453
yqjE_yqjK_yqjD_yqjC_predicted,0.030303030303030304,32,32,ATCTGGGCTTGAAGGACCAA,0,5205663
yqjE_yqjK_yqjD_yqjC_predicted,0.030303030303030304,32,32,ATCCGTGGATGTGTGTTTGT,0,5216422
yqjE_yqjK_yqjD_yqjC_predicted,0.030303030303030304,32,32,AGTTTTCATGTTCCCTTCTA,0,5174889
yqjE_yqjK_yqjD_yqjC_predicted,0.030303030303030304,32,32,AGTTATCGCCTAGGATCAAA,0,5251015
yqjE_yqjK_yqjD_yqjC_predicted,0.030303030303030304,32,32,ACGGGCGACCTAGTAGCTTT,0,5193646
yqjE_yqjK_yqjD_yqjC_predicted,0.03125,31,31,TTAACAGCCTCGGACCGCAT,0,5251057
yqjE_yqjK_yqjD_yqjC_predicted,0.03125,31,31,TCTTGACAGCCCAAAAGCAA,0,5244183
yqjE_yqjK_yqjD_yqjC_predicted,0.03125,31,31,TCATCACTGTCCTTGACTAG,0,5205476
yqjE_yqjK_yqjD_yqjC_predicted,0.03125,31,31,TAGGTTCGCTCCCCTGTCAT,0,5205265
yqjE_yqjK_yqjD_yqjC_predicted,0.03125,31,31,GTTTAGGGGAGCGGTGCACG,0,5175097
yqjE_yqjK_yqjD_yqjC_predicted,0.03125,31,31,GTGATCAAAGCTAACAGGGA,0,5224936
yqjE_yqjK_yqjD_yqjC_predicted,0.03125,31,31,GTCTGGAGTGGCGTCACGGT,0,5199810
yqjE_yqjK_yqjD_yqjC_predicted,0.03125,31,31,GTCTGAGAGGGGTCGTAAGT,0,5177572
yqjE_yqjK_yqjD_yqjC_predicted,0.03125,31,31,GTCAATATCATTAGTACCGG,0,5246262
yqjE_yqjK_yqjD_yqjC_predicted,0.03125,31,31,GGAGATGGCCAATACTGAGT,0,5226740
yqjE_yqjK_yqjD_yqjC_predicted,0.03125,31,31,GCACAACGGTGCCGTCGGTA,0,5230840
yqjE_yqjK_yqjD_yqjC_predicted,0.03125,31,31,GAAAGTAGTTGCGTTAGAGA,0,5174638
yqjE_yqjK_yqjD_yqjC_predicted,0.03125,31,31,CCCTAACGACCCATTGGTTC,0,5218560
yqjE_yqjK_yqjD_yqjC_predicted,0.03125,31,31,CCAACTGTGCATGAGAGAAC,0,5260290
yqjE_yqjK_yqjD_yqjC_predicted,0.03125,31,31,AGGGTTTTGTACTGCGTCAC,0,5175269
yqjE_yqjK_yqjD_yqjC_predicted,0.03225806451612903,30,30,TTTAATAAAGGGCTCCGGTT,0,5237991
yqjE_yqjK_yqjD_yqjC_predicted,0.03225806451612903,30,30,TTGCTATGAGGTAAAATGTT,0,5217699
yqjE_yqjK_yqjD_yqjC_predicted,0.03225806451612903,30,30,TGCGTAGATGATTCAGCGCT,0,5174574
yqjE_yqjK_yqjD_yqjC_predicted,0.03225806451612903,30,30,TCATCTCCGCTTGAGCAGGT,0,5222689
yqjE_yqjK_yqjD_yqjC_predicted,0.03225806451612903,30,30,TATCCGAGCCAATAGCTAGT,0,5205790
yqjE_yqjK_yqjD_yqjC_predicted,0.03225806451612903,30,30,TATACCGTGTCGTGCGCTTG,0,5177085
yqjE_yqjK_yqjD_yqjC_predicted,0.03225806451612903,30,30,TACCACCGTCAGCGGGCAAT,0,5213349
yqjE_yqjK_yqjD_yqjC_predicted,0.03225806451612903,30,30,GTGTGCTTAGATTTGTCCGA,0,5200090
yqjE_yqjK_yqjD_yqjC_predicted,0.03225806451612903,30,30,GTGTCCGTATCAGAAAAGCA,0,5233914
yqjE_yqjK_yqjD_yqjC_predicted,0.03225806451612903,30,30,GGTAGTATAATGAAGAGCTG,0,5224868
yqjE_yqjK_yqjD_yqjC_predicted,0.03225806451612903,30,30,GGGAGCCGGCTCCATGGGCA,0,5233386
yqjE_yqjK_yqjD_yqjC_predicted,0.03225806451612903,30,30,GGCCGCTGGAAGGAAGAAGT,0,5224809
yqjE_yqjK_yqjD_yqjC_predicted,0.03225806451612903,30,30,GATAAAAAGTGTTTCTGCTG,0,5186420
yqjE_yqjK_yqjD_yqjC_predicted,0.03225806451612903,30,30,GAGGAATTCGGATACCGACT,0,5186036
yqjE_yqjK_yqjD_yqjC_predicted,0.03225806451612903,30,30,GAATCGCAAGGTTGGTGTCG,0,5201594
yqjE_yqjK_yqjD_yqjC_predicted,0.03225806451612903,30,30,CCATCGTGCTGCTACCATCA,0,5218389
yqjE_yqjK_yqjD_yqjC_predicted,0.03225806451612903,30,30,CACGGTCCGGGTTGAGAATT,0,5258806
yqjE_yqjK_yqjD_yqjC_predicted,0.03225806451612903,30,30,ATTACCCGCGTCCCCGAGAC,0,5232128
yqjE_yqjK_yqjD_yqjC_predicted,0.03225806451612903,30,30,ATACGCCAAGGGCGTGGTAG,0,5208623
yqjE_yqjK_yqjD_yqjC_predicted,0.03225806451612903,30,30,ACACGTCGGTTCGCCCTCTT,0,5193992
yqjE_yqjK_yqjD_yqjC_predicted,0.03225806451612903,30,30,AAAACACTTTAATGTTCGGG,0,5261520
yqjE_yqjK_yqjD_yqjC_predicted,0.03333333333333333,29,29,TTTTCAATGATGATGGCGGT,0,5200094
yqjE_yqjK_yqjD_yqjC_predicted,0.03333333333333333,29,29,TTGATCTTGGCGAGGGTTTT,0,5209894
yqjE_yqjK_yqjD_yqjC_predicted,0.03333333333333333,29,29,TGGACCTGTCCGCAATAGTG,0,5245705
yqjE_yqjK_yqjD_yqjC_predicted,0.03333333333333333,29,29,TGCCTCTTAGTAAGGTGTCT,0,5207893
yqjE_yqjK_yqjD_yqjC_predicted,0.03333333333333333,29,29,TATACTGCACGGATGGCAAG,0,5216278
yqjE_yqjK_yqjD_yqjC_predicted,0.03333333333333333,29,29,GTCGTGGGTGTGGGGACTGG,0,5213059
yqjE_yqjK_yqjD_yqjC_predicted,0.03333333333333333,29,29,GTACTGACTGGTTAAAGGGG,0,5252039
yqjE_yqjK_yqjD_yqjC_predicted,0.03333333333333333,29,29,GGGAAACGTAGTCTCGCGCG,0,5193774
yqjE_yqjK_yqjD_yqjC_predicted,0.03333333333333333,29,29,CGGCATAAGGGATCGGCGAT,0,5210450
yqjE_yqjK_yqjD_yqjC_predicted,0.03333333333333333,29,29,CGGAGGGTGACTACTACGCT,0,5174183
yqjE_yqjK_yqjD_yqjC_predicted,0.03333333333333333,29,29,CGAGTTATTCCTAGGACTGG,0,5181563
yqjE_yqjK_yqjD_yqjC_predicted,0.03333333333333333,29,29,CCAGAGTACATCGGGTGGTA,0,5224274
yqjE_yqjK_yqjD_yqjC_predicted,0.03333333333333333,29,29,CAGCGGACCCAGTCAACTGG,0,5197759
yqjE_yqjK_yqjD_yqjC_predicted,0.03333333333333333,29,29,CACCAACCGCTAAACTATTT,0,5234526
yqjE_yqjK_yqjD_yqjC_predicted,0.03333333333333333,29,29,ATTTTAAGTAGGGAATATCT,0,5181011
yqjE_yqjK_yqjD_yqjC_predicted,0.03333333333333333,29,29,AGCCGTTTTCACGACAGACG,0,5251192
yqjE_yqjK_yqjD_yqjC_predicted,0.03333333333333333,29,29,AGAAACGGCAATAGATAGCA,0,5219586
yqjE_yqjK_yqjD_yqjC_predicted,0.034482758620689655,28,28,TTCAAGCATCAAGGGCCAGG,0,5255374
yqjE_yqjK_yqjD_yqjC_predicted,0.034482758620689655,28,28,TGGCGAGCGCGTCCAGCGAT,0,5229116
yqjE_yqjK_yqjD_yqjC_predicted,0.034482758620689655,28,28,TCTGCATCACATGTGAGATT,0,5220113
yqjE_yqjK_yqjD_yqjC_predicted,0.034482758620689655,28,28,TCAAAAAAGGGGGTGTACGA,0,5224377
yqjE_yqjK_yqjD_yqjC_predicted,0.034482758620689655,28,28,TAGGAACGATTGTCTCTGCC,0,5240415
yqjE_yqjK_yqjD_yqjC_predicted,0.034482758620689655,28,28,GTTTTTGTCGTGGACAAAGG,0,5175084
yqjE_yqjK_yqjD_yqjC_predicted,0.034482758620689655,28,28,GTCTATGCCTCGACAGTGAG,0,5225680
yqjE_yqjK_yqjD_yqjC_predicted,0.034482758620689655,28,28,GTACCCCGGTGAGTCTGAGA,0,5239602
yqjE_yqjK_yqjD_yqjC_predicted,0.034482758620689655,28,28,GGCATATATGAACGATACGA,0,5191642
yqjE_yqjK_yqjD_yqjC_predicted,0.034482758620689655,28,28,GGAGCAGATCATATGGTCGT,0,5227188
yqjE_yqjK_yqjD_yqjC_predicted,0.034482758620689655,28,28,GCCCTCGATTAACTCGAAAG,0,5246361
yqjE_yqjK_yqjD_yqjC_predicted,0.034482758620689655,28,28,GCAGAATGAGTTAAATTTAT,0,5238931
yqjE_yqjK_yqjD_yqjC_predicted,0.034482758620689655,28,28,GATGGTCTCGTACACTTAAG,0,5176540
yqjE_yqjK_yqjD_yqjC_predicted,0.034482758620689655,28,28,CTGCTGCGCGTAGTCCTGCA,0,5231144
yqjE_yqjK_yqjD_yqjC_predicted,0.034482758620689655,28,28,CTCACTCCCGGCCAGTTTCA,0,5253719
yqjE_yqjK_yqjD_yqjC_predicted,0.034482758620689655,28,28,CGTTTTTGAAAACTTATATA,0,5203954
yqjE_yqjK_yqjD_yqjC_predicted,0.034482758620689655,28,28,CGAGTGTGGGATGCATCTGA,0,5172189
yqjE_yqjK_yqjD_yqjC_predicted,0.034482758620689655,28,28,CAGGGTGTTCGCAAGTGTGC,0,5244419
yqjE_yqjK_yqjD_yqjC_predicted,0.034482758620689655,28,28,CAGCTCGAACTGGTACCGTA,0,5209886
yqjE_yqjK_yqjD_yqjC_predicted,0.034482758620689655,28,28,CAATCTTAGACGGACGGACA,0,5228029
yqjE_yqjK_yqjD_yqjC_predicted,0.034482758620689655,28,28,CAAGATCAGATGCCTATGCA,0,5182036
yqjE_yqjK_yqjD_yqjC_predicted,0.034482758620689655,28,28,CAAAGGTAATCGAACTTCGA,0,5194890
yqjE_yqjK_yqjD_yqjC_predicted,0.034482758620689655,28,28,ACGAGGCTGCAAGTGGCTAG,0,5225383
yqjE_yqjK_yqjD_yqjC_predicted,0.034482758620689655,28,28,ACATCGCCCTGCAGTGTCGC,0,5223279
yqjE_yqjK_yqjD_yqjC_predicted,0.034482758620689655,28,28,AATTCACAATAAGAACAACA,0,5228246
yqjE_yqjK_yqjD_yqjC_predicted,0.034482758620689655,28,28,AAGTGAGTTCGGTCTGCCTG,0,5178372
yqjE_yqjK_yqjD_yqjC_predicted,0.034482758620689655,28,28,AAGACCTGAGCGAGCAGTTT,0,5207598
yqjE_yqjK_yqjD_yqjC_predicted,0.03571428571428571,27,27,TTGCTACTCAGCGAGACTTG,0,5231848
yqjE_yqjK_yqjD_yqjC_predicted,0.03571428571428571,27,27,TTGATTTAACTACTCCTTCG,0,5250025
yqjE_yqjK_yqjD_yqjC_predicted,0.03571428571428571,27,27,TTCAGGTAAGGTTCTGGAAC,0,5189319
yqjE_yqjK_yqjD_yqjC_predicted,0.03571428571428571,27,27,TGGGTCTTCCTCGACAACTA,0,5188805
yqjE_yqjK_yqjD_yqjC_predicted,0.03571428571428571,27,27,TCTGGGGACTTACAGATGAG,0,5253559
yqjE_yqjK_yqjD_yqjC_predicted,0.03571428571428571,27,27,TCGGGAATGAGAGTCCAAAT,0,5171481
yqjE_yqjK_yqjD_yqjC_predicted,0.03571428571428571,27,27,TATGGCTACACCTTGATACA,0,5235718
yqjE_yqjK_yqjD_yqjC_predicted,0.03571428571428571,27,27,GGGGATCGCCGGTTAGATTA,0,5175706
yqjE_yqjK_yqjD_yqjC_predicted,0.03571428571428571,27,27,GGACTACGTTCACGAGGCAT,0,5257703
yqjE_yqjK_yqjD_yqjC_predicted,0.03571428571428571,27,27,GCTTGATCTAACGCGATGAT,0,5247905
yqjE_yqjK_yqjD_yqjC_predicted,0.03571428571428571,27,27,GCGTATTCATTCGTCTGCAA,0,5204403
yqjE_yqjK_yqjD_yqjC_predicted,0.03571428571428571,27,27,GAGTTTGGATGGGACAAACG,0,5226650
yqjE_yqjK_yqjD_yqjC_predicted,0.03571428571428571,27,27,GAAACTGTGTCTAATGCGAG,0,5178304
yqjE_yqjK_yqjD_yqjC_predicted,0.03571428571428571,27,27,CGGGACTGGCGGGCGCCAAC,0,5236259
yqjE_yqjK_yqjD_yqjC_predicted,0.03571428571428571,27,27,CGCAGGAGTTGATTTGCCAT,0,5261549
yqjE_yqjK_yqjD_yqjC_predicted,0.03571428571428571,27,27,CGAGAAGCCAGAAGCGACTC,0,5208482
yqjE_yqjK_yqjD_yqjC_predicted,0.03571428571428571,27,27,CCTGTCATGGTTCAGATAAA,0,5219027
yqjE_yqjK_yqjD_yqjC_predicted,0.03571428571428571,27,27,CCTGAGTTAAAAAGGCAGTT,0,5242598
yqjE_yqjK_yqjD_yqjC_predicted,0.03571428571428571,27,27,CCTCTTTGGACACAATAGAT,0,5209526
yqjE_yqjK_yqjD_yqjC_predicted,0.03571428571428571,27,27,CCGGTATTGTTCTCTGTAAA,0,5239082
yqjE_yqjK_yqjD_yqjC_predicted,0.03571428571428571,27,27,CATGCGGACTGGGTTAGTCT,0,5204740
yqjE_yqjK_yqjD_yqjC_predicted,0.03571428571428571,27,27,ATTCAGAATAAATGTCTCGT,0,5240780
yqjE_yqjK_yqjD_yqjC_predicted,0.03571428571428571,27,27,ATTAATATTGAGCTGTAGAG,0,5219958
yqjE_yqjK_yqjD_yqjC_predicted,0.03571428571428571,27,27,AACGAACCAAGCAGAGACAT,0,5174086
yqjE_yqjK_yqjD_yqjC_predicted,0.037037037037037035,26,26,TTGCTGATTAATGGAACGTC,0,5228359
yqjE_yqjK_yqjD_yqjC_predicted,0.037037037037037035,26,26,TTACTGGGGAATGATGTGGT,0,5249580
yqjE_yqjK_yqjD_yqjC_predicted,0.037037037037037035,26,26,TGGAGGTCACGTGTCGGCAT,0,5174703
yqjE_yqjK_yqjD_yqjC_predicted,0.037037037037037035,26,26,TGAGCAGCATGCCAGAAATC,0,5189649
yqjE_yqjK_yqjD_yqjC_predicted,0.037037037037037035,26,26,TCATCTTTGGTAATAGACGA,0,5209524
yqjE_yqjK_yqjD_yqjC_predicted,0.037037037037037035,26,26,GTATTTGCATCGCGCACCAG,0,5258249
yqjE_yqjK_yqjD_yqjC_predicted,0.037037037037037035,26,26,GTAAGTAGTGCGAATAGTTT,0,5223760
yqjE_yqjK_yqjD_yqjC_predicted,0.037037037037037035,26,26,GGGTGTCGCAATATGCGTGC,0,5177042
yqjE_yqjK_yqjD_yqjC_predicted,0.037037037037037035,26,26,GGGCTCATTCTCCTGGTGCT,0,5186322
yqjE_yqjK_yqjD_yqjC_predicted,0.037037037037037035,26,26,GGCCCACGAAAGCTTTTTAG,0,5231173
yqjE_yqjK_yqjD_yqjC_predicted,0.037037037037037035,26,26,GGCACTACATAAGCTGCATA,0,5186910
yqjE_yqjK_yqjD_yqjC_predicted,0.037037037037037035,26,26,CTGGCCGGGTGAACTCCCAA,0,5200232
yqjE_yqjK_yqjD_yqjC_predicted,0.037037037037037035,26,26,CTAAGGAGCCCACGGCTTGA,0,5252894
yqjE_yqjK_yqjD_yqjC_predicted,0.037037037037037035,26,26,CGTATAGTTCTTTACTGTGT,0,5195351
yqjE_yqjK_yqjD_yqjC_predicted,0.037037037037037035,26,26,CGGTTATGGTGGGATCACGA,0,5229776
yqjE_yqjK_yqjD_yqjC_predicted,0.037037037037037035,26,26,CGAGCTATCAGCTGCGAATA,0,5211166
yqjE_yqjK_yqjD_yqjC_predicted,0.037037037037037035,26,26,CGAGCACGATATGGCTATTT,0,5193866
yqjE_yqjK_yqjD_yqjC_predicted,0.037037037037037035,26,26,CCGGGTATAGAATCGGTAAT,0,5251723
yqjE_yqjK_yqjD_yqjC_predicted,0.037037037037037035,26,26,ATTAAAGACGCCATTTGGAT,0,5198698
yqjE_yqjK_yqjD_yqjC_predicted,0.037037037037037035,26,26,ATGTGAGTTGTTTGCATATC,0,5253004
yqjE_yqjK_yqjD_yqjC_predicted,0.037037037037037035,26,26,ATAGGTATCCGGGAATTCAA,0,5182077
yqjE_yqjK_yqjD_yqjC_predicted,0.037037037037037035,26,26,AGAGTTCTTCTATGACAGTC,0,5188075
yqjE_yqjK_yqjD_yqjC_predicted,0.037037037037037035,26,26,ACATATGTATCAATACGTGG,0,5173573
yqjE_yqjK_yqjD_yqjC_predicted,0.037037037037037035,26,26,ACAAGCTCGGCGGATTTACG,0,5250517
yqjE_yqjK_yqjD_yqjC_predicted,0.037037037037037035,26,26,AACTTGGATGCCCCACTTTG,0,5226303
yqjE_yqjK_yqjD_yqjC_predicted,0.038461538461538464,25,25,TTGATATCCTATTCCCTAAC,0,5194062
yqjE_yqjK_yqjD_yqjC_predicted,0.038461538461538464,25,25,TTCGGCGGGGCAATGTGGCT,0,5195728
yqjE_yqjK_yqjD_yqjC_predicted,0.038461538461538464,25,25,TTCCAAAAATGTATTACTAG,0,5262593
yqjE_yqjK_yqjD_yqjC_predicted,0.038461538461538464,25,25,TGGGGGACATGTCCTCAGGA,0,5209576
yqjE_yqjK_yqjD_yqjC_predicted,0.038461538461538464,25,25,TCGCCCTGTGCAAGCCATTA,0,5230888
yqjE_yqjK_yqjD_yqjC_predicted,0.038461538461538464,25,25,TCCCGAGTTGGGACTAGCTT,0,5199215
yqjE_yqjK_yqjD_yqjC_predicted,0.038461538461538464,25,25,TCACTGTATTGGACGCTTAT,0,5238302
yqjE_yqjK_yqjD_yqjC_predicted,0.038461538461538464,25,25,TAACATCGAGGATGTCTAGT,0,5222242
yqjE_yqjK_yqjD_yqjC_predicted,0.038461538461538464,25,25,GTTTACGGCCCGCGCATCCA,0,5175644
yqjE_yqjK_yqjD_yqjC_predicted,0.038461538461538464,25,25,GTTGACACGTCTAACTTGCG,0,5218758
yqjE_yqjK_yqjD_yqjC_predicted,0.038461538461538464,25,25,GTTCGCGATCCGATAGGGTC,0,5194753
yqjE_yqjK_yqjD_yqjC_predicted,0.038461538461538464,25,25,GTCCAAACACCTGGCATTAC,0,5209343
yqjE_yqjK_yqjD_yqjC_predicted,0.038461538461538464,25,25,GTATCTGCCACATGCTTTCC,0,5226881
yqjE_yqjK_yqjD_yqjC_predicted,0.038461538461538464,25,25,GGTTCCGGACATTTCACGTT,0,5251154
yqjE_yqjK_yqjD_yqjC_predicted,0.038461538461538464,25,25,GGTATTAAACTGGGGGCAGC,0,5201836
yqjE_yqjK_yqjD_yqjC_predicted,0.038461538461538464,25,25,GGCAGATCCAATAATCGGCA,0,5193231
yqjE_yqjK_yqjD_yqjC_predicted,0.038461538461538464,25,25,GCAGTTTTTCAATTCGGGGG,0,5186070
yqjE_yqjK_yqjD_yqjC_predicted,0.038461538461538464,25,25,GCAGACAATATATAGTGGCA,0,5171067
yqjE_yqjK_yqjD_yqjC_predicted,0.038461538461538464,25,25,GCAATCAACACTAGCGCAAG,0,5180092
yqjE_yqjK_yqjD_yqjC_predicted,0.038461538461538464,25,25,GAAGAGTGGATGGAAAACGA,0,5216224
yqjE_yqjK_yqjD_yqjC_predicted,0.038461538461538464,25,25,GAACGGGATAAATCAGCATC,0,5171186
yqjE_yqjK_yqjD_yqjC_predicted,0.038461538461538464,25,25,CTTTGGCATTGGGGACAGGA,0,5205957
yqjE_yqjK_yqjD_yqjC_predicted,0.038461538461538464,25,25,CGTAGGGCAGCTCGTCACAA,0,5182166
yqjE_yqjK_yqjD_yqjC_predicted,0.038461538461538464,25,25,CGAGGGTGCTAGTCGCCAGG,0,5216781
yqjE_yqjK_yqjD_yqjC_predicted,0.038461538461538464,25,25,CCTTGTTATTCTGATGCCGT,0,5233638
yqjE_yqjK_yqjD_yqjC_predicted,0.038461538461538464,25,25,CCGCATTTGTCTAGTAGGAC,0,5242232
yqjE_yqjK_yqjD_yqjC_predicted,0.038461538461538464,25,25,CATTTCATTATGCATCTTGC,0,5243970
yqjE_yqjK_yqjD_yqjC_predicted,0.038461538461538464,25,25,CACGCGTAAGTTATCTGGGC,0,5220829
yqjE_yqjK_yqjD_yqjC_predicted,0.038461538461538464,25,25,ATTCATTGCCGTTAAACAGT,0,5261020
yqjE_yqjK_yqjD_yqjC_predicted,0.038461538461538464,25,25,ATGATATGCCGAGTCTTAAC,0,5247818
yqjE_yqjK_yqjD_yqjC_predicted,0.038461538461538464,25,25,ATATTCTTCCGGTTGTATGA,0,5176639
yqjE_yqjK_yqjD_yqjC_predicted,0.038461538461538464,25,25,ATAAGGGCCAAAACGTGTAA,0,5193527
yqjE_yqjK_yqjD_yqjC_predicted,0.038461538461538464,25,25,AGGAGGGCAGTCAATTATTG,0,5203449
yqjE_yqjK_yqjD_yqjC_predicted,0.038461538461538464,25,25,AGAGGGGAGAGGGGCTTTCA,0,5244549
yqjE_yqjK_yqjD_yqjC_predicted,0.038461538461538464,25,25,AGACAAGCCGGCGGCGGCCA,0,5233079
yqjE_yqjK_yqjD_yqjC_predicted,0.038461538461538464,25,25,AAAGACACCATCGGAGAAGA,0,5175711
yqjE_yqjK_yqjD_yqjC_predicted,0.038461538461538464,25,25,AAAGAAACCAGAGAGTAGCA,0,5237022
yqjE_yqjK_yqjD_yqjC_predicted,0.04,24,24,TTGTTGCCAACGCAAGTCAC,0,5196180
yqjE_yqjK_yqjD_yqjC_predicted,0.04,24,24,TTCGTTTGGGACACTCGACC,0,5209636
yqjE_yqjK_yqjD_yqjC_predicted,0.04,24,24,TGTTCAACTTGGATAGCATA,0,5237018
yqjE_yqjK_yqjD_yqjC_predicted,0.04,24,24,TCTTGACGGTGGCCCATAAG,0,5183068
yqjE_yqjK_yqjD_yqjC_predicted,0.04,24,24,TCTACAAGACTGCCCAAGGA,0,5209637
yqjE_yqjK_yqjD_yqjC_predicted,0.04,24,24,TATCAGTTTAGCATTAAGTG,0,5224099
yqjE_yqjK_yqjD_yqjC_predicted,0.04,24,24,TAGGCGACACCGGAGCGTCA,0,5188077
yqjE_yqjK_yqjD_yqjC_predicted,0.04,24,24,GTGAATGCGATAGGTTCCAA,0,5210649
yqjE_yqjK_yqjD_yqjC_predicted,0.04,24,24,GTCAGTCTGTCGCGGGGAAG,0,5198939
yqjE_yqjK_yqjD_yqjC_predicted,0.04,24,24,GGTTATATATGTCCTAAGGG,0,5254646
yqjE_yqjK_yqjD_yqjC_predicted,0.04,24,24,GGGAATACGCATATGCTTTT,0,5219863
yqjE_yqjK_yqjD_yqjC_predicted,0.04,24,24,GGCGTTACCGATCACACTAA,0,5198339
yqjE_yqjK_yqjD_yqjC_predicted,0.04,24,24,GGAACATTTAGTCCGCGTGT,0,5229467
yqjE_yqjK_yqjD_yqjC_predicted,0.04,24,24,GCCGCATTTATGGTCCAAGC,0,5194452
yqjE_yqjK_yqjD_yqjC_predicted,0.04,24,24,GCACTAGAAGTACAGACACT,0,5227988
yqjE_yqjK_yqjD_yqjC_predicted,0.04,24,24,GCACCCGTTCGCCGTGGAAT,0,5211959
yqjE_yqjK_yqjD_yqjC_predicted,0.04,24,24,GATGTAGTGGAAAGTAGTCT,0,5200197
yqjE_yqjK_yqjD_yqjC_predicted,0.04,24,24,GAGTAGCGCCAGGTTAGTCA,0,5203141
yqjE_yqjK_yqjD_yqjC_predicted,0.04,24,24,GAACGTTCGGTGACAAAGGA,0,5214475
yqjE_yqjK_yqjD_yqjC_predicted,0.04,24,24,GAAACTACCCCTCGGACATA,0,5249783
yqjE_yqjK_yqjD_yqjC_predicted,0.04,24,24,CTGATGGGGTCATGAATCAG,0,5184128
yqjE_yqjK_yqjD_yqjC_predicted,0.04,24,24,CTCGGCACCTGAGCGTGTGA,0,5191558
yqjE_yqjK_yqjD_yqjC_predicted,0.04,24,24,CGGTTGCTATTCAAAGGTCA,0,5239988
yqjE_yqjK_yqjD_yqjC_predicted,0.04,24,24,CGGATGTCCACCTATCATAG,0,5188858
yqjE_yqjK_yqjD_yqjC_predicted,0.04,24,24,CGCGGCCCAATGGACATAAC,0,5216128
yqjE_yqjK_yqjD_yqjC_predicted,0.04,24,24,CGCCCTTGTGCTTAAATGTG,0,5260029
yqjE_yqjK_yqjD_yqjC_predicted,0.04,24,24,CGATGTGACATACTGACAAG,0,5244888
yqjE_yqjK_yqjD_yqjC_predicted,0.04,24,24,CGATATCCTGGTAACGGAGT,0,5224982
yqjE_yqjK_yqjD_yqjC_predicted,0.04,24,24,CGAATTTATACGCCTCTTAT,0,5200812
yqjE_yqjK_yqjD_yqjC_predicted,0.04,24,24,CCTGCAAAGCAGTGGCCGTT,0,5174714
yqjE_yqjK_yqjD_yqjC_predicted,0.04,24,24,CCAACTTATGACCATTCTGT,0,5211969
yqjE_yqjK_yqjD_yqjC_predicted,0.04,24,24,CATAAGGCTCGCTGTGGGGA,0,5182812
yqjE_yqjK_yqjD_yqjC_predicted,0.04,24,24,CAACGGGGAACTAATCAGAC,0,5209462
yqjE_yqjK_yqjD_yqjC_predicted,0.04,24,24,CAACGGCTACTGCCACATGT,0,5251512
yqjE_yqjK_yqjD_yqjC_predicted,0.04,24,24,ATAGTGAAACTGCCGGTAAA,0,5256673
yqjE_yqjK_yqjD_yqjC_predicted,0.04,24,24,AGGACGGGGAATGCCGTAGG,0,5234177
yqjE_yqjK_yqjD_yqjC_predicted,0.04,24,24,AGAAGCGCCCTGATTGCTAA,0,5212598
yqjE_yqjK_yqjD_yqjC_predicted,0.04,24,24,ACTGCAGATAGTGCCTTTGA,0,5208765
yqjE_yqjK_yqjD_yqjC_predicted,0.04,24,24,ACTGCACTGTTGGGCCAAAC,0,5229189
yqjE_yqjK_yqjD_yqjC_predicted,0.04,24,24,AATGAATTCTGGGGCTGATG,0,5208774
yqjE_yqjK_yqjD_yqjC_predicted,0.04,24,24,AATCAAGCGGTTCCACGTTG,0,5210908
yqjE_yqjK_yqjD_yqjC_predicted,0.04,24,24,AATATCTGCCGGGAGCGCAG,0,5193699
yqjE_yqjK_yqjD_yqjC_predicted,0.04,24,24,AAGTAAGGGGTGCGTCGGGA,0,5230497
yqjE_yqjK_yqjD_yqjC_predicted,0.04,24,24,AACTTTTTGTAAAGCACTAC,0,5201278
yqjE_yqjK_yqjD_yqjC_predicted,0.04,24,24,AACGGCCCTCGCTTCAGATG,0,5253262
yqjE_yqjK_yqjD_yqjC_predicted,0.04,24,24,AACAGCACTCACGGAAAGAT,0,5207340
yqjE_yqjK_yqjD_yqjC_predicted,0.041666666666666664,23,23,TTTAGCGGATCCTGTCGGTG,0,5259521
yqjE_yqjK_yqjD_yqjC_predicted,0.041666666666666664,23,23,TTGGCAAGCAGAAGTCCTCA,0,5220804
yqjE_yqjK_yqjD_yqjC_predicted,0.041666666666666664,23,23,TTCGTAATCAATTTTCCTGA,0,5226973
yqjE_yqjK_yqjD_yqjC_predicted,0.041666666666666664,23,23,TTCATAAGCCGGGGGTGGGT,0,5177791
yqjE_yqjK_yqjD_yqjC_predicted,0.041666666666666664,23,23,TTAGCCGAAACACCCGTGTT,0,5259075
yqjE_yqjK_yqjD_yqjC_predicted,0.041666666666666664,23,23,TGTTTATCGTTTCTGTCTGA,0,5186272
yqjE_yqjK_yqjD_yqjC_predicted,0.041666666666666664,23,23,TGGCCACTACGTGTCAGATA,0,5193168
yqjE_yqjK_yqjD_yqjC_predicted,0.041666666666666664,23,23,TGCCTGGCGCAGGCGCTGGG,0,5175980
yqjE_yqjK_yqjD_yqjC_predicted,0.041666666666666664,23,23,TGCCTCCAAGGACCGTGGGT,0,5240776
yqjE_yqjK_yqjD_yqjC_predicted,0.041666666666666664,23,23,TGAGTTCAGGGGTGTGGAAC,0,5188813
yqjE_yqjK_yqjD_yqjC_predicted,0.041666666666666664,23,23,GTCTTTCGCATAACGACTAC,0,5206656
yqjE_yqjK_yqjD_yqjC_predicted,0.041666666666666664,23,23,GGGTTCTAGGAGATCGGTCT,0,5240666
yqjE_yqjK_yqjD_yqjC_predicted,0.041666666666666664,23,23,GGCGGCGCCCGCTCGGTTGT,0,5190477
yqjE_yqjK_yqjD_yqjC_predicted,0.041666666666666664,23,23,GGACTCTGTTGGGCGGATAA,0,5259679
yqjE_yqjK_yqjD_yqjC_predicted,0.041666666666666664,23,23,GGACAAGTACGGCTCTACAT,0,5176757
yqjE_yqjK_yqjD_yqjC_predicted,0.041666666666666664,23,23,GCGCAAATGGCGGATGTCAA,0,5192834
yqjE_yqjK_yqjD_yqjC_predicted,0.041666666666666664,23,23,GCCGCTACCAAAGCGTTCGA,0,5201529
yqjE_yqjK_yqjD_yqjC_predicted,0.041666666666666664,23,23,GCCCTGGGCAACAGTGGGTG,0,5173750
yqjE_yqjK_yqjD_yqjC_predicted,0.041666666666666664,23,23,GCAACCATTGGTGAACTCTT,0,5231377
yqjE_yqjK_yqjD_yqjC_predicted,0.041666666666666664,23,23,GATTAACCCGATGGGTATGG,0,5221205
yqjE_yqjK_yqjD_yqjC_predicted,0.041666666666666664,23,23,GAGTACTGTGATGGGTGCCC,0,5187750
yqjE_yqjK_yqjD_yqjC_predicted,0.041666666666666664,23,23,CGGCTTGGGCCTGCTTTGAA,0,5247002
yqjE_yqjK_yqjD_yqjC_predicted,0.041666666666666664,23,23,CGGCTAATTACACCGGCCTC,0,5249371
yqjE_yqjK_yqjD_yqjC_predicted,0.041666666666666664,23,23,CCTTAGGTGTACCTTGCATA,0,5247481
yqjE_yqjK_yqjD_yqjC_predicted,0.041666666666666664,23,23,CCCTGGTTGTGATCCACGTT,0,5200565
yqjE_yqjK_yqjD_yqjC_predicted,0.041666666666666664,23,23,CCATGCACCTATCCGAGGTT,0,5252353
yqjE_yqjK_yqjD_yqjC_predicted,0.041666666666666664,23,23,CCAGCACGTGTTCACTATAC,0,5188970
yqjE_yqjK_yqjD_yqjC_predicted,0.041666666666666664,23,23,CAGAGTTCTCTCTATGCTGG,0,5212627
yqjE_yqjK_yqjD_yqjC_predicted,0.041666666666666664,23,23,CAGACTATCCACTGGTATAG,0,5188525
yqjE_yqjK_yqjD_yqjC_predicted,0.041666666666666664,23,23,CACTAACGATTCACGCTTAG,0,5222030
yqjE_yqjK_yqjD_yqjC_predicted,0.041666666666666664,23,23,CACAGGAAGTCAGATCTCAG,0,5225739
yqjE_yqjK_yqjD_yqjC_predicted,0.041666666666666664,23,23,CAAGCAATAAATCATTAACA,0,5251347
yqjE_yqjK_yqjD_yqjC_predicted,0.041666666666666664,23,23,CAAAGACACGCCGGTGCGGA,0,5172347
yqjE_yqjK_yqjD_yqjC_predicted,0.041666666666666664,23,23,ATTACGTCTGACCGGAAATT,0,5256279
yqjE_yqjK_yqjD_yqjC_predicted,0.041666666666666664,23,23,ATGCTTAGGCTGATAGTATT,0,5191851
yqjE_yqjK_yqjD_yqjC_predicted,0.041666666666666664,23,23,ATGACTTGCTCCGGGGTTAA,0,5254328
yqjE_yqjK_yqjD_yqjC_predicted,0.041666666666666664,23,23,ATCGCAATTCGAGGCTGCTA,0,5258248
yqjE_yqjK_yqjD_yqjC_predicted,0.041666666666666664,23,23,AGTAGGTGCATGAAAATTTA,0,5203643
yqjE_yqjK_yqjD_yqjC_predicted,0.041666666666666664,23,23,AGGCATATCACACAGAAGAA,0,5231388
yqjE_yqjK_yqjD_yqjC_predicted,0.041666666666666664,23,23,AGCAAGTCCATGGCGTGGTT,0,5195564
yqjE_yqjK_yqjD_yqjC_predicted,0.041666666666666664,23,23,ACCGTCACTCGCGTGGCAGG,0,5185005
yqjE_yqjK_yqjD_yqjC_predicted,0.041666666666666664,23,23,ACCGCGAGATGGAGGACCTC,0,5184816
yqjE_yqjK_yqjD_yqjC_predicted,0.041666666666666664,23,23,AATGAGGGGGGCGGGGAAGA,0,5221102
yqjE_yqjK_yqjD_yqjC_predicted,0.041666666666666664,23,23,AATACTGCCGGTCCGGCGTC,0,5235138
yqjE_yqjK_yqjD_yqjC_predicted,0.041666666666666664,23,23,AAGTGCATGTACTTCTGAAG,0,5177681
yqjE_yqjK_yqjD_yqjC_predicted,0.041666666666666664,23,23,AAGCAACGGTTAGGGTGTTT,0,5240822
yqjE_yqjK_yqjD_yqjC_predicted,0.043478260869565216,22,22,TTGTCGGCCTTCCAGCGGTT,0,5188587
yqjE_yqjK_yqjD_yqjC_predicted,0.043478260869565216,22,22,TTGATGTTTAGAGGTACTGT,0,5242371
yqjE_yqjK_yqjD_yqjC_predicted,0.043478260869565216,22,22,TTAGGTATAGTTTGCACGAG,0,5172571
yqjE_yqjK_yqjD_yqjC_predicted,0.043478260869565216,22,22,TTACTCTGAGAAGCTGCAAC,0,5182012
yqjE_yqjK_yqjD_yqjC_predicted,0.043478260869565216,22,22,TTACAAGCAAGGTCTTTCAT,0,5256844
yqjE_yqjK_yqjD_yqjC_predicted,0.043478260869565216,22,22,TGGGTCTTGGATTCAGGAAA,0,5217153
yqjE_yqjK_yqjD_yqjC_predicted,0.043478260869565216,22,22,TGGCGACGTCCGAAGCCGCC,0,5173171
yqjE_yqjK_yqjD_yqjC_predicted,0.043478260869565216,22,22,TGCAAGCTGCGCCTGGTAAT,0,5224334
yqjE_yqjK_yqjD_yqjC_predicted,0.043478260869565216,22,22,TGCAACGCTATTAACATGGG,0,5236668
yqjE_yqjK_yqjD_yqjC_predicted,0.043478260869565216,22,22,TCGTACCGCGTTAGGCTCCA,0,5187500
yqjE_yqjK_yqjD_yqjC_predicted,0.043478260869565216,22,22,TCCGCTGAACGAGCGGGCCT,0,5257399
yqjE_yqjK_yqjD_yqjC_predicted,0.043478260869565216,22,22,TCCGACCTGGCCACATAAAT,0,5216974
yqjE_yqjK_yqjD_yqjC_predicted,0.043478260869565216,22,22,TCAGAACTCTGAGGAGAGCA,0,5184702
yqjE_yqjK_yqjD_yqjC_predicted,0.043478260869565216,22,22,GTGCATTGACGATGTGGAAA,0,5172123
yqjE_yqjK_yqjD_yqjC_predicted,0.043478260869565216,22,22,GGTGTACGCTGCGGCCCATA,0,5254823
yqjE_yqjK_yqjD_yqjC_predicted,0.043478260869565216,22,22,GGCCTTCCAAAGCCAATATA,0,5187602
yqjE_yqjK_yqjD_yqjC_predicted,0.043478260869565216,22,22,GGATGTGTCCTGGCAAGAAC,0,5174557
yqjE_yqjK_yqjD_yqjC_predicted,0.043478260869565216,22,22,GGACGAAATATGCCGTGGTA,0,5203091
yqjE_yqjK_yqjD_yqjC_predicted,0.043478260869565216,22,22,GCGAAACCCAAAAGCTATCT,0,5203670
yqjE_yqjK_yqjD_yqjC_predicted,0.043478260869565216,22,22,GCCGGGGGGGGTTCGACGCC,0,5225671
yqjE_yqjK_yqjD_yqjC_predicted,0.043478260869565216,22,22,GCCACATATGGGTTACCTAT,0,5188078
yqjE_yqjK_yqjD_yqjC_predicted,0.043478260869565216,22,22,GCAAGGCGGCACAGTCAAAA,0,5185841
yqjE_yqjK_yqjD_yqjC_predicted,0.043478260869565216,22,22,GATGTAACCGCGATGCATTC,0,5229576
yqjE_yqjK_yqjD_yqjC_predicted,0.043478260869565216,22,22,GAGGGCACAACGCTTGGACA,0,5204764
yqjE_yqjK_yqjD_yqjC_predicted,0.043478260869565216,22,22,GAGCATGTTCCCACCCTTAT,0,5188939
yqjE_yqjK_yqjD_yqjC_predicted,0.043478260869565216,22,22,GAGACGGGCTATACCGAATA,0,5220920
yqjE_yqjK_yqjD_yqjC_predicted,0.043478260869565216,22,22,GAGAAAAGTGCAGTGCGATT,0,5177471
yqjE_yqjK_yqjD_yqjC_predicted,0.043478260869565216,22,22,CTGGGTCTCTCAACGATATA,0,5247695
yqjE_yqjK_yqjD_yqjC_predicted,0.043478260869565216,22,22,CTCTTAAGGTGTTAGCTCAA,0,5234590
yqjE_yqjK_yqjD_yqjC_predicted,0.043478260869565216,22,22,CTCTAAAGTTGTTGGGGTCA,0,5260713
yqjE_yqjK_yqjD_yqjC_predicted,0.043478260869565216,22,22,CTCGTTCTAAGGGAGGCTAG,0,5246151
yqjE_yqjK_yqjD_yqjC_predicted,0.043478260869565216,22,22,CTATACTCTCTAGCCACAGC,0,5171978
yqjE_yqjK_yqjD_yqjC_predicted,0.043478260869565216,22,22,CTAGGCTTGGCCTTCCGTGT,0,5240670
yqjE_yqjK_yqjD_yqjC_predicted,0.043478260869565216,22,22,CGTGTGCTACGAATCAACGG,0,5173528
yqjE_yqjK_yqjD_yqjC_predicted,0.043478260869565216,22,22,CGGACTGGAGACGCTGCCCA,0,5192594
yqjE_yqjK_yqjD_yqjC_predicted,0.043478260869565216,22,22,CGCCCAAACCAAGGTGATCA,0,5255488
yqjE_yqjK_yqjD_yqjC_predicted,0.043478260869565216,22,22,CCTACTACCAGGCTCTGGCA,0,5233172
yqjE_yqjK_yqjD_yqjC_predicted,0.043478260869565216,22,22,CCGGGTATAGGGCTGCACTC,0,5221521
yqjE_yqjK_yqjD_yqjC_predicted,0.043478260869565216,22,22,CCCTGCTTGGCAACGGTTTA,0,5199345
yqjE_yqjK_yqjD_yqjC_predicted,0.043478260869565216,22,22,CATAGCATGCAGGTCCCGAA,0,5198451
yqjE_yqjK_yqjD_yqjC_predicted,0.043478260869565216,22,22,CACTTAAATTCCAAGTGATA,0,5204024
yqjE_yqjK_yqjD_yqjC_predicted,0.043478260869565216,22,22,CACAAAAGTCAATGACGTAA,0,5197295
yqjE_yqjK_yqjD_yqjC_predicted,0.043478260869565216,22,22,CAATAGGATGGGCACCCGAG,0,5239897
yqjE_yqjK_yqjD_yqjC_predicted,0.043478260869565216,22,22,CAAAAATAACGTAAGGGTGT,0,5171557
yqjE_yqjK_yqjD_yqjC_predicted,0.043478260869565216,22,22,ATTTACGACCTTTCGCTGTG,0,5175562
yqjE_yqjK_yqjD_yqjC_predicted,0.043478260869565216,22,22,ATGGTTCGAGGGTCTTCGAA,0,5243163
yqjE_yqjK_yqjD_yqjC_predicted,0.043478260869565216,22,22,ATGATATAGCGGGACTGGTA,0,5252661
yqjE_yqjK_yqjD_yqjC_predicted,0.043478260869565216,22,22,ATCGGCGTATATACGGTGTC,0,5193063
yqjE_yqjK_yqjD_yqjC_predicted,0.043478260869565216,22,22,ATCATTACGTGACGCGCTCT,0,5204167
yqjE_yqjK_yqjD_yqjC_predicted,0.043478260869565216,22,22,AGGTGCATTCCGGCCTTGAG,0,5256448
yqjE_yqjK_yqjD_yqjC_predicted,0.043478260869565216,22,22,AGGGAGGAACTTATCAGACC,0,5237584
yqjE_yqjK_yqjD_yqjC_predicted,0.043478260869565216,22,22,AGGATGGGATACGTAGGACT,0,5237711
yqjE_yqjK_yqjD_yqjC_predicted,0.043478260869565216,22,22,AGCTTTCTCGGGTGAGGTTG,0,5190248
yqjE_yqjK_yqjD_yqjC_predicted,0.043478260869565216,22,22,AGCGCGACCGAGAGCGAATG,0,5213535
yqjE_yqjK_yqjD_yqjC_predicted,0.043478260869565216,22,22,AGCCGTGTCGTTGGAGGTCT,0,5253875
yqjE_yqjK_yqjD_yqjC_predicted,0.043478260869565216,22,22,AGCAAGGTAGCGAGAGATAA,0,5200879
yqjE_yqjK_yqjD_yqjC_predicted,0.043478260869565216,22,22,AGAGATCATTGGCGCGTTAT,0,5179694
yqjE_yqjK_yqjD_yqjC_predicted,0.043478260869565216,22,22,ACTCATAGTATGAAATTTTG,0,5245354
yqjE_yqjK_yqjD_yqjC_predicted,0.043478260869565216,22,22,ACCGCTTCTTCGGCGAGCGT,0,5245568
yqjE_yqjK_yqjD_yqjC_predicted,0.043478260869565216,22,22,ACAGCTCTCTATCTTGTGTA,0,5176750
yqjE_yqjK_yqjD_yqjC_predicted,0.043478260869565216,22,22,AATTATTATGAAGGACGGAG,0,5243796
yqjE_yqjK_yqjD_yqjC_predicted,0.045454545454545456,21,21,TTGCAGCTACGACTGTACGA,0,5242725
yqjE_yqjK_yqjD_yqjC_predicted,0.045454545454545456,21,21,TTCGACGTCCATTCGTATAT,0,5172197
yqjE_yqjK_yqjD_yqjC_predicted,0.045454545454545456,21,21,TTACAGAAGTGTCGGATGCG,0,5215633
yqjE_yqjK_yqjD_yqjC_predicted,0.045454545454545456,21,21,TGTTACGATGGAGAGACCCA,0,5233969
yqjE_yqjK_yqjD_yqjC_predicted,0.045454545454545456,21,21,TGTGAAGGTGTTTGCTGTAA,0,5206983
yqjE_yqjK_yqjD_yqjC_predicted,0.045454545454545456,21,21,TGTCACGTGGTTCTGCCGTT,0,5244933
yqjE_yqjK_yqjD_yqjC_predicted,0.045454545454545456,21,21,TGGAAAGTTATAATGGTTCT,0,5199745
yqjE_yqjK_yqjD_yqjC_predicted,0.045454545454545456,21,21,TGCTGGTACGCACTGTACAT,0,5212793
yqjE_yqjK_yqjD_yqjC_predicted,0.045454545454545456,21,21,TGAGCATGCAGCAAACTGGT,0,5225070
yqjE_yqjK_yqjD_yqjC_predicted,0.045454545454545456,21,21,TCTGTTGCCCCTGATCTGGT,0,5218499
yqjE_yqjK_yqjD_yqjC_predicted,0.045454545454545456,21,21,TCTCGCTCCATTGTTTTTCG,0,5261025
yqjE_yqjK_yqjD_yqjC_predicted,0.045454545454545456,21,21,TCAGGTAGTATGTAACCCGG,0,5174639
yqjE_yqjK_yqjD_yqjC_predicted,0.045454545454545456,21,21,TCAGATCAGTGGTTTAGTCT,0,5233763
yqjE_yqjK_yqjD_yqjC_predicted,0.045454545454545456,21,21,TCAAGAGTAGCCAAAAGTTT,0,5180429
yqjE_yqjK_yqjD_yqjC_predicted,0.045454545454545456,21,21,TCAAGAGCCCACCCGACGAA,0,5252847
yqjE_yqjK_yqjD_yqjC_predicted,0.045454545454545456,21,21,TATCCCCTGGTAATCACGCA,0,5179292
yqjE_yqjK_yqjD_yqjC_predicted,0.045454545454545456,21,21,TATACCGGAGACGTCCGCTC,0,5240978
yqjE_yqjK_yqjD_yqjC_predicted,0.045454545454545456,21,21,TAGACCTGACAGAGGTCACC,0,5199054
yqjE_yqjK_yqjD_yqjC_predicted,0.045454545454545456,21,21,TAAAAGGGCCGGAATCAATC,0,5225796
yqjE_yqjK_yqjD_yqjC_predicted,0.045454545454545456,21,21,GTTTGGAATAGGCCTGCTCA,0,5172063
yqjE_yqjK_yqjD_yqjC_predicted,0.045454545454545456,21,21,GTGTATTAGGATCCGATTGT,0,5250751
yqjE_yqjK_yqjD_yqjC_predicted,0.045454545454545456,21,21,GTCTCTTTATAGGACAATCT,0,5201819
yqjE_yqjK_yqjD_yqjC_predicted,0.045454545454545456,21,21,GTCTAGAAACTGGAGCTTCT,0,5185192
yqjE_yqjK_yqjD_yqjC_predicted,0.045454545454545456,21,21,GTCCAAGCCTCGTCGAAAGT,0,5236382
yqjE_yqjK_yqjD_yqjC_predicted,0.045454545454545456,21,21,GTAGCAACGACCGTAACATT,0,5224100
yqjE_yqjK_yqjD_yqjC_predicted,0.045454545454545456,21,21,GGTGAACATTCGACGTACTA,0,5261335
yqjE_yqjK_yqjD_yqjC_predicted,0.045454545454545456,21,21,GGTCCTCGAAAGACTGGGAT,0,5196650
yqjE_yqjK_yqjD_yqjC_predicted,0.045454545454545456,21,21,GGGCTTGTGAGATTCGTAAC,0,5220942
yqjE_yqjK_yqjD_yqjC_predicted,0.045454545454545456,21,21,GGGAACATGGGATGTTACTT,0,5191238
yqjE_yqjK_yqjD_yqjC_predicted,0.045454545454545456,21,21,GGCTTTTCCGTTATGTTGTC,0,5175224
yqjE_yqjK_yqjD_yqjC_predicted,0.045454545454545456,21,21,GGCTGCGGGGGCGTCCCACT,0,5242324
yqjE_yqjK_yqjD_yqjC_predicted,0.045454545454545456,21,21,GCATTTGAACAGTTGAGCTT,0,5213882
yqjE_yqjK_yqjD_yqjC_predicted,0.045454545454545456,21,21,GCACGGGGGTTCCCGGCCGA,0,5196321
yqjE_yqjK_yqjD_yqjC_predicted,0.045454545454545456,21,21,GAGTTTACGAACACCTGACA,0,5194562
yqjE_yqjK_yqjD_yqjC_predicted,0.045454545454545456,21,21,GACCCATTCAATGGAGCGCT,0,5236451
yqjE_yqjK_yqjD_yqjC_predicted,0.045454545454545456,21,21,GACATCGCTCATGACAGATG,0,5191237
yqjE_yqjK_yqjD_yqjC_predicted,0.045454545454545456,21,21,GACAGCCGTACCACGTCAGT,0,5211464
yqjE_yqjK_yqjD_yqjC_predicted,0.045454545454545456,21,21,CTTTAAGACAAGGTCCTATA,0,5259145
yqjE_yqjK_yqjD_yqjC_predicted,0.045454545454545456,21,21,CTGCCCAGTTTGTAGTCGAA,0,5234089
yqjE_yqjK_yqjD_yqjC_predicted,0.045454545454545456,21,21,CGTGAGCTCTCTAGCAGCAG,0,5235405
yqjE_yqjK_yqjD_yqjC_predicted,0.045454545454545456,21,21,CGGCACGATCAGGTGTAAAC,0,5224468
yqjE_yqjK_yqjD_yqjC_predicted,0.045454545454545456,21,21,CGGATCGGCTTAGTTAGTTC,0,5241955
yqjE_yqjK_yqjD_yqjC_predicted,0.045454545454545456,21,21,CGCGGTCAATAAGCGCTAGC,0,5175866
yqjE_yqjK_yqjD_yqjC_predicted,0.045454545454545456,21,21,CGCCCCGGCCACTTCCAGCT,0,5186247
yqjE_yqjK_yqjD_yqjC_predicted,0.045454545454545456,21,21,CGAGCGATAGAAAGGACTAA,0,5254804
yqjE_yqjK_yqjD_yqjC_predicted,0.045454545454545456,21,21,CCTGGGTGTCTGTATCTTAA,0,5197962
yqjE_yqjK_yqjD_yqjC_predicted,0.045454545454545456,21,21,CCTGGCACATCGAAGATGCA,0,5225390
yqjE_yqjK_yqjD_yqjC_predicted,0.045454545454545456,21,21,CCTAAGCTTAGGAGCCACTT,0,5261011
yqjE_yqjK_yqjD_yqjC_predicted,0.045454545454545456,21,21,CCCAGTATCCGGACCTCTAT,0,5228203
yqjE_yqjK_yqjD_yqjC_predicted,0.045454545454545456,21,21,CCCACTGGTACGTTGGGTTA,0,5241632
yqjE_yqjK_yqjD_yqjC_predicted,0.045454545454545456,21,21,CCAAGGTTAGCCATGCTGTA,0,5261247
yqjE_yqjK_yqjD_yqjC_predicted,0.045454545454545456,21,21,ATTGGTTATCGCGTTTTTGT,0,5202493
yqjE_yqjK_yqjD_yqjC_predicted,0.045454545454545456,21,21,ATTAGACATCCATTCGTTTA,0,5199205
yqjE_yqjK_yqjD_yqjC_predicted,0.045454545454545456,21,21,ATCTTAAAGTGCACCTAGTT,0,5208845
yqjE_yqjK_yqjD_yqjC_predicted,0.045454545454545456,21,21,ATCGGGTGCTTTCCAGCTTC,0,5226914
yqjE_yqjK_yqjD_yqjC_predicted,0.045454545454545456,21,21,AGTTAGCATTCCGTGGTCTT,0,5197170
yqjE_yqjK_yqjD_yqjC_predicted,0.045454545454545456,21,21,AGTACTTGAACATGGGCTAG,0,5236266
yqjE_yqjK_yqjD_yqjC_predicted,0.045454545454545456,21,21,AGGTCTCAATCTCATAAAAT,0,5253699
yqjE_yqjK_yqjD_yqjC_predicted,0.045454545454545456,21,21,AGGGTTCTTTCTCTCGGCTC,0,5218223
yqjE_yqjK_yqjD_yqjC_predicted,0.045454545454545456,21,21,AGCTACGAGGTTGACTACCT,0,5215102
yqjE_yqjK_yqjD_yqjC_predicted,0.045454545454545456,21,21,AGACGGACTACACGTAACTC,0,5187449
yqjE_yqjK_yqjD_yqjC_predicted,0.045454545454545456,21,21,AGAAGGTCGGCATGGACTTT,0,5235018
yqjE_yqjK_yqjD_yqjC_predicted,0.045454545454545456,21,21,ACTGCTTGTCTGGCGTTGCA,0,5240169
yqjE_yqjK_yqjD_yqjC_predicted,0.045454545454545456,21,21,ACGCGATGTTCCGAGCTTAG,0,5250954
yqjE_yqjK_yqjD_yqjC_predicted,0.045454545454545456,21,21,ACGCCGAACTAGGCAGATCG,0,5225361
yqjE_yqjK_yqjD_yqjC_predicted,0.045454545454545456,21,21,AATTTTTATGTCATCATCTT,0,5214178
yqjE_yqjK_yqjD_yqjC_predicted,0.045454545454545456,21,21,AATGGAGCCCCACTATTGAC,0,5226056
yqjE_yqjK_yqjD_yqjC_predicted,0.045454545454545456,21,21,AAGTCCGGGTGAACATGTGA,0,5187923
yqjE_yqjK_yqjD_yqjC_predicted,0.045454545454545456,21,21,AACAACGCGAGCATTAATAT,0,5257224
yqjE_yqjK_yqjD_yqjC_predicted,0.047619047619047616,20,20,TTTTGCCTAACCTTCCTCAT,0,5238507
yqjE_yqjK_yqjD_yqjC_predicted,0.047619047619047616,20,20,TTTAATGTGACTGTGATAAG,0,5235486
yqjE_yqjK_yqjD_yqjC_predicted,0.047619047619047616,20,20,TTGTGTGGAGGTCATAATGG,0,5201429
yqjE_yqjK_yqjD_yqjC_predicted,0.047619047619047616,20,20,TTACAGGCAACGGTAAATTG,0,5175870
yqjE_yqjK_yqjD_yqjC_predicted,0.047619047619047616,20,20,TGTAACCTACGCGGGTGGAC,0,5237718
yqjE_yqjK_yqjD_yqjC_predicted,0.047619047619047616,20,20,TGGAGTACATTGGTACCGAA,0,5230897
yqjE_yqjK_yqjD_yqjC_predicted,0.047619047619047616,20,20,TGGAACGTGCGGGCGGCCTC,0,5243730
yqjE_yqjK_yqjD_yqjC_predicted,0.047619047619047616,20,20,TGCGCTACTAAATCCAGATA,0,5242425
yqjE_yqjK_yqjD_yqjC_predicted,0.047619047619047616,20,20,TGCCTTTAGGTTCACTCTTT,0,5259028
yqjE_yqjK_yqjD_yqjC_predicted,0.047619047619047616,20,20,TGCCGCATCCGGTACACGAA,0,5201573
yqjE_yqjK_yqjD_yqjC_predicted,0.047619047619047616,20,20,TGCACTGTCAGGGGAATTAC,0,5208921
yqjE_yqjK_yqjD_yqjC_predicted,0.047619047619047616,20,20,TGAGCAGCGGGGTCTGACAC,0,5171019
yqjE_yqjK_yqjD_yqjC_predicted,0.047619047619047616,20,20,TCGACGTTAACTCGTAGACT,0,5207516
yqjE_yqjK_yqjD_yqjC_predicted,0.047619047619047616,20,20,TCATTGGAACCGTTTGCTCA,0,5233572
yqjE_yqjK_yqjD_yqjC_predicted,0.047619047619047616,20,20,TCACTTACACGGAATGGTGA,0,5225322
yqjE_yqjK_yqjD_yqjC_predicted,0.047619047619047616,20,20,TAGGGGCTGCAGTCCTCGCT,0,5240867
yqjE_yqjK_yqjD_yqjC_predicted,0.047619047619047616,20,20,TAGGCGTCCAAGCGCCGAAA,0,5187240
yqjE_yqjK_yqjD_yqjC_predicted,0.047619047619047616,20,20,TACTAGCCTAAAACGCATTG,0,5259815
yqjE_yqjK_yqjD_yqjC_predicted,0.047619047619047616,20,20,TAAATGCGATATTCGTACTG,0,5219271
yqjE_yqjK_yqjD_yqjC_predicted,0.047619047619047616,20,20,TAAAACGACGACCAATGTTG,0,5235340
yqjE_yqjK_yqjD_yqjC_predicted,0.047619047619047616,20,20,GTGGCTAATAGAGGCAGGAA,0,5238137
yqjE_yqjK_yqjD_yqjC_predicted,0.047619047619047616,20,20,GTCCGGGTAACCGCTCCTCG,0,5238958
yqjE_yqjK_yqjD_yqjC_predicted,0.047619047619047616,20,20,GTCAGGATTCATGTGCTCTA,0,5196296
yqjE_yqjK_yqjD_yqjC_predicted,0.047619047619047616,20,20,GTAAAACCATACGCTTCTTA,0,5182078
yqjE_yqjK_yqjD_yqjC_predicted,0.047619047619047616,20,20,GGTCTAGAGTTGAGGGCCAG,0,5252368
yqjE_yqjK_yqjD_yqjC_predicted,0.047619047619047616,20,20,GGTCGGGCTAGCTGGATAGG,0,5259579
yqjE_yqjK_yqjD_yqjC_predicted,0.047619047619047616,20,20,GGTCAAAAGGTAAGCTTCGT,0,5204011
yqjE_yqjK_yqjD_yqjC_predicted,0.047619047619047616,20,20,GGGGGATCATACTTACGTAC,0,5240516
yqjE_yqjK_yqjD_yqjC_predicted,0.047619047619047616,20,20,GGGACGGAATCACCGGCACT,0,5227686
yqjE_yqjK_yqjD_yqjC_predicted,0.047619047619047616,20,20,GGCAGTGCGTCCTACGCTCT,0,5196349
yqjE_yqjK_yqjD_yqjC_predicted,0.047619047619047616,20,20,GGACAGATCTCTAGCTATAG,0,5199185
yqjE_yqjK_yqjD_yqjC_predicted,0.047619047619047616,20,20,GCTTTGATTCGGGTACGGCC,0,5204582
yqjE_yqjK_yqjD_yqjC_predicted,0.047619047619047616,20,20,GCTATAGGTCCTGACCAAAT,0,5174567
yqjE_yqjK_yqjD_yqjC_predicted,0.047619047619047616,20,20,GCGAACTCAGTGATAAGCGA,0,5253989
yqjE_yqjK_yqjD_yqjC_predicted,0.047619047619047616,20,20,GCCGGGTTTGTGCTTGTAAA,0,5224102
yqjE_yqjK_yqjD_yqjC_predicted,0.047619047619047616,20,20,GCAACGGTCTTAGTAATTGT,0,5213517
yqjE_yqjK_yqjD_yqjC_predicted,0.047619047619047616,20,20,GAGGTGCTTTTGGCGGCCGA,0,5257741
yqjE_yqjK_yqjD_yqjC_predicted,0.047619047619047616,20,20,GACTATGGGTTAGAGCTCCC,0,5247178
yqjE_yqjK_yqjD_yqjC_predicted,0.047619047619047616,20,20,CTTGGGGGGTATCTAGTTAC,0,5254921
yqjE_yqjK_yqjD_yqjC_predicted,0.047619047619047616,20,20,CTCGTACACAGCGTAAGCGA,0,5237655
yqjE_yqjK_yqjD_yqjC_predicted,0.047619047619047616,20,20,CTATTCAGGCTTGTTAACTT,0,5224342
yqjE_yqjK_yqjD_yqjC_predicted,0.047619047619047616,20,20,CGTGCACACTGGGCAGCGCA,0,5174243
yqjE_yqjK_yqjD_yqjC_predicted,0.047619047619047616,20,20,CGGGACCAATTCCCACTGAA,0,5232402
yqjE_yqjK_yqjD_yqjC_predicted,0.047619047619047616,20,20,CGGCGATAGGATCGCTGAGA,0,5201400
yqjE_yqjK_yqjD_yqjC_predicted,0.047619047619047616,20,20,CGCTGTCTAGACAGACCAGG,0,5177236
yqjE_yqjK_yqjD_yqjC_predicted,0.047619047619047616,20,20,CGCAACTCGCGTGGTTGAGG,0,5205961
yqjE_yqjK_yqjD_yqjC_predicted,0.047619047619047616,20,20,CGATGGCGAACTTAGTCCTT,0,5221928
yqjE_yqjK_yqjD_yqjC_predicted,0.047619047619047616,20,20,CGAGAAAGGAACAACCCAAC,0,5211141
yqjE_yqjK_yqjD_yqjC_predicted,0.047619047619047616,20,20,CCTGGGTGTAAGGTCCAAAG,0,5213119
yqjE_yqjK_yqjD_yqjC_predicted,0.047619047619047616,20,20,CCTAGTTATAGGCCCTGACT,0,5179480
yqjE_yqjK_yqjD_yqjC_predicted,0.047619047619047616,20,20,CCTAGTGCGATACTCGTCAA,0,5200490
yqjE_yqjK_yqjD_yqjC_predicted,0.047619047619047616,20,20,CCCTTCAGCTAAACTGGCGG,0,5180334
yqjE_yqjK_yqjD_yqjC_predicted,0.047619047619047616,20,20,CCCCTGTTCTGAAGTCACAT,0,5181073
yqjE_yqjK_yqjD_yqjC_predicted,0.047619047619047616,20,20,CCCCTAACGTAGGCTCCGGC,0,5201778
yqjE_yqjK_yqjD_yqjC_predicted,0.047619047619047616,20,20,CCCCCCATGTGTAGGAAAAC,0,5194014
yqjE_yqjK_yqjD_yqjC_predicted,0.047619047619047616,20,20,CAGCGCGAACTTTTTCCGTC,0,5221505
yqjE_yqjK_yqjD_yqjC_predicted,0.047619047619047616,20,20,ATTACATAATTTTTTGCGAA,0,5235348
yqjE_yqjK_yqjD_yqjC_predicted,0.047619047619047616,20,20,ATGCAAGCGCCAGCTTGTAG,0,5225814
yqjE_yqjK_yqjD_yqjC_predicted,0.047619047619047616,20,20,ATCTCAGGGTTCATGGGCGT,0,5235838
yqjE_yqjK_yqjD_yqjC_predicted,0.047619047619047616,20,20,AGTTTTTCGTCGTCACCAAT,0,5188874
yqjE_yqjK_yqjD_yqjC_predicted,0.047619047619047616,20,20,AGTGAGGAATGGTACACGCA,0,5252506
yqjE_yqjK_yqjD_yqjC_predicted,0.047619047619047616,20,20,AGTCTTTGTCAGGCAGGTCG,0,5211964
yqjE_yqjK_yqjD_yqjC_predicted,0.047619047619047616,20,20,AGGGACGGTAGAGAGTCCAA,0,5212445
yqjE_yqjK_yqjD_yqjC_predicted,0.047619047619047616,20,20,AGCGGCCCTATGAAGCCATC,0,5229407
yqjE_yqjK_yqjD_yqjC_predicted,0.047619047619047616,20,20,AGCCAGCGTTTTGCAGGTCG,0,5200743
yqjE_yqjK_yqjD_yqjC_predicted,0.047619047619047616,20,20,AGCCACAGTCATGGCGAAAG,0,5189462
yqjE_yqjK_yqjD_yqjC_predicted,0.047619047619047616,20,20,AGATAAATGCCTGTGATCGC,0,5259577
yqjE_yqjK_yqjD_yqjC_predicted,0.047619047619047616,20,20,AGAATTACTCATATTCACAG,0,5196125
yqjE_yqjK_yqjD_yqjC_predicted,0.047619047619047616,20,20,ACTGGGGTAACGTTCAAAAG,0,5253535
yqjE_yqjK_yqjD_yqjC_predicted,0.047619047619047616,20,20,ACGAATTTAAAGAAAAGTAC,0,5226351
yqjE_yqjK_yqjD_yqjC_predicted,0.047619047619047616,20,20,ACCTGGTAAATCTACCGAAT,0,5259671
yqjE_yqjK_yqjD_yqjC_predicted,0.047619047619047616,20,20,ACATAATGCACTTTACGCGA,0,5206741
yqjE_yqjK_yqjD_yqjC_predicted,0.047619047619047616,20,20,AAGGGCACTGGCACCCTCGG,0,5176545
yqjE_yqjK_yqjD_yqjC_predicted,0.047619047619047616,20,20,AAGCCACTCCGTAACCGTCT,0,5215271
yqjE_yqjK_yqjD_yqjC_predicted,0.047619047619047616,20,20,AAGAAGACGCCAGAGCAGAC,0,5200692
yqjE_yqjK_yqjD_yqjC_predicted,0.05,19,19,TTTCCTAGGATGACAAAAAT,0,5224098
yqjE_yqjK_yqjD_yqjC_predicted,0.05,19,19,TTTCCATCGACGTTAGCGGG,0,5194063
yqjE_yqjK_yqjD_yqjC_predicted,0.05,19,19,TTCTATTGACTAATTTGGTT,0,5206215
yqjE_yqjK_yqjD_yqjC_predicted,0.05,19,19,TTAGCCAAAAAGGTGTGCAA,0,5232010
yqjE_yqjK_yqjD_yqjC_predicted,0.05,19,19,TTAAACTATTATACGGGGAC,0,5179031
yqjE_yqjK_yqjD_yqjC_predicted,0.05,19,19,TGTAATGGTAAGTGACATTA,0,5227266
yqjE_yqjK_yqjD_yqjC_predicted,0.05,19,19,TGGGGGTATCTGCGGGGAGC,0,5241621
yqjE_yqjK_yqjD_yqjC_predicted,0.05,19,19,TGGGCATATAATTCGCTCAA,0,5249550
yqjE_yqjK_yqjD_yqjC_predicted,0.05,19,19,TGCGGTGGCGTCGGTAATGT,0,5186400
yqjE_yqjK_yqjD_yqjC_predicted,0.05,19,19,TGCCTGTCGAACGACACAAA,0,5197516
yqjE_yqjK_yqjD_yqjC_predicted,0.05,19,19,TGCATAAGTAGATACGCCTG,0,5251377
yqjE_yqjK_yqjD_yqjC_predicted,0.05,19,19,TGATGGGGGAACAGTAACAG,0,5258924
yqjE_yqjK_yqjD_yqjC_predicted,0.05,19,19,TCTGCCCGTGATTAAGCTCG,0,5196460
yqjE_yqjK_yqjD_yqjC_predicted,0.05,19,19,TCCGCGGTGGACCAAGTTAC,0,5196588
yqjE_yqjK_yqjD_yqjC_predicted,0.05,19,19,TCCGAACGAGCTGCGTTTAT,0,5223638
yqjE_yqjK_yqjD_yqjC_predicted,0.05,19,19,TCCAGGTCCACACGGGGTCA,0,5208264
yqjE_yqjK_yqjD_yqjC_predicted,0.05,19,19,TCACGTCCTGAACTGTTGCG,0,5249718
yqjE_yqjK_yqjD_yqjC_predicted,0.05,19,19,TAGGACACGGTTAGTGTCTC,0,5237880
yqjE_yqjK_yqjD_yqjC_predicted,0.05,19,19,TAATTCCGGGCCATCGCTCA,0,5250520
yqjE_yqjK_yqjD_yqjC_predicted,0.05,19,19,TAACTTAAGATCAGAAATCA,0,5249655
yqjE_yqjK_yqjD_yqjC_predicted,0.05,19,19,GTTGCTAGGGGAATAATGCT,0,5247384
yqjE_yqjK_yqjD_yqjC_predicted,0.05,19,19,GTTCGCATATTGTCACGGTA,0,5183982
yqjE_yqjK_yqjD_yqjC_predicted,0.05,19,19,GTATTAGGTTTTGGCCTAGG,0,5189536
yqjE_yqjK_yqjD_yqjC_predicted,0.05,19,19,GTACGTGCACCCCGGTATGT,0,5181248
yqjE_yqjK_yqjD_yqjC_predicted,0.05,19,19,GGTACCCTACCATAGTCGGT,0,5260298
yqjE_yqjK_yqjD_yqjC_predicted,0.05,19,19,GGGTTATCCGAAGCGACCGT,0,5170789
yqjE_yqjK_yqjD_yqjC_predicted,0.05,19,19,GGCTTATATCAAACCGTTCA,0,5256307
yqjE_yqjK_yqjD_yqjC_predicted,0.05,19,19,GGACGTTTACCTCCATTCCG,0,5209896
yqjE_yqjK_yqjD_yqjC_predicted,0.05,19,19,GGACAGGGTGGTGCGAAAGT,0,5215218
yqjE_yqjK_yqjD_yqjC_predicted,0.05,19,19,GCGCTCGGTCTGAAATTTTG,0,5204958
yqjE_yqjK_yqjD_yqjC_predicted,0.05,19,19,GCGATCTGATACAGATTGGA,0,5223586
yqjE_yqjK_yqjD_yqjC_predicted,0.05,19,19,GCCCTTAGGTCAATATGGTT,0,5216403
yqjE_yqjK_yqjD_yqjC_predicted,0.05,19,19,GCCCCCAAAGAAAAGATGAA,0,5193064
yqjE_yqjK_yqjD_yqjC_predicted,0.05,19,19,GCCACCAAGGTATCGGATAA,0,5183243
yqjE_yqjK_yqjD_yqjC_predicted,0.05,19,19,GCATCTTTGTGACACGGTGC,0,5243540
yqjE_yqjK_yqjD_yqjC_predicted,0.05,19,19,GATTTCCCGATATCAGGTTC,0,5258791
yqjE_yqjK_yqjD_yqjC_predicted,0.05,19,19,GATTTATTGAACGGTTAGTA,0,5256464
yqjE_yqjK_yqjD_yqjC_predicted,0.05,19,19,GATTGCACACTTTCGAATCT,0,5251703
yqjE_yqjK_yqjD_yqjC_predicted,0.05,19,19,GATGGAGGGCAGGGCCACAA,0,5226209
yqjE_yqjK_yqjD_yqjC_predicted,0.05,19,19,GAGGACCATTGGAGTCTTAG,0,5178897
yqjE_yqjK_yqjD_yqjC_predicted,0.05,19,19,GAGCTGTCATCGCAGTTTTA,0,5254186
yqjE_yqjK_yqjD_yqjC_predicted,0.05,19,19,GAGCCGAAGCACGAAACATG,0,5173873
yqjE_yqjK_yqjD_yqjC_predicted,0.05,19,19,GACCTAAGGATGCAGGTCGA,0,5248754
yqjE_yqjK_yqjD_yqjC_predicted,0.05,19,19,GAATCGGTGCGCACAAGGGA,0,5222618
yqjE_yqjK_yqjD_yqjC_predicted,0.05,19,19,CTTTCGGCAGTACCAACACA,0,5248409
yqjE_yqjK_yqjD_yqjC_predicted,0.05,19,19,CTCGGACACGCTCGAACTCT,0,5181769
yqjE_yqjK_yqjD_yqjC_predicted,0.05,19,19,CTAGGATTCCTGCCTGGGAC,0,5181080
yqjE_yqjK_yqjD_yqjC_predicted,0.05,19,19,CGTTGCCCTAGTGCAATACT,0,5256687
yqjE_yqjK_yqjD_yqjC_predicted,0.05,19,19,CGTCCACCCTATGCTCAGCA,0,5215269
yqjE_yqjK_yqjD_yqjC_predicted,0.05,19,19,CGTATGATACGACTGAAAAA,0,5173021
yqjE_yqjK_yqjD_yqjC_predicted,0.05,19,19,CGGGGGCAACCAATTCCAGG,0,5211960
yqjE_yqjK_yqjD_yqjC_predicted,0.05,19,19,CGGCTTTTCAGAGTATCCGA,0,5238856
yqjE_yqjK_yqjD_yqjC_predicted,0.05,19,19,CGCGCGAATGGCTATGCGAG,0,5178640
yqjE_yqjK_yqjD_yqjC_predicted,0.05,19,19,CGACTTGGGTGGTCAGGTCC,0,5214405
yqjE_yqjK_yqjD_yqjC_predicted,0.05,19,19,CCTCTCCCTTATAGACGCGG,0,5220819
yqjE_yqjK_yqjD_yqjC_predicted,0.05,19,19,CCTAGCGAAGCCAGCGTTGT,0,5249581
yqjE_yqjK_yqjD_yqjC_predicted,0.05,19,19,CCGTATGGTAACAGTATTAA,0,5236557
yqjE_yqjK_yqjD_yqjC_predicted,0.05,19,19,CCCTATTCGTGATAGACCGC,0,5261797
yqjE_yqjK_yqjD_yqjC_predicted,0.05,19,19,CCATCATAGTTGCATCGAGC,0,5210719
yqjE_yqjK_yqjD_yqjC_predicted,0.05,19,19,CCACAGCCTTTTGACCGCTT,0,5235339
yqjE_yqjK_yqjD_yqjC_predicted,0.05,19,19,CATGCTAGTGGAAACTCTAG,0,5177967
yqjE_yqjK_yqjD_yqjC_predicted,0.05,19,19,CATACATGTCACAAGCAGAT,0,5200690
yqjE_yqjK_yqjD_yqjC_predicted,0.05,19,19,CACTCTTCTCGTTCTGTGGG,0,5204344
yqjE_yqjK_yqjD_yqjC_predicted,0.05,19,19,CACTAGAGAGCAAAGAAATC,0,5187862
yqjE_yqjK_yqjD_yqjC_predicted,0.05,19,19,CACGCGTGCCCAGCTTACGA,0,5190150
yqjE_yqjK_yqjD_yqjC_predicted,0.05,19,19,CAAGATACGAACTAAGTCTA,0,5222463
yqjE_yqjK_yqjD_yqjC_predicted,0.05,19,19,CAACAAGCATGACGAGTGCG,0,5247479
yqjE_yqjK_yqjD_yqjC_predicted,0.05,19,19,ATTGTGATTCGCCAACAGTG,0,5218045
yqjE_yqjK_yqjD_yqjC_predicted,0.05,19,19,ATGCATTAGCGGGGGGATCG,0,5206690
yqjE_yqjK_yqjD_yqjC_predicted,0.05,19,19,ATCGCGGGTGGAAAGGCACT,0,5202937
yqjE_yqjK_yqjD_yqjC_predicted,0.05,19,19,ATATTAGACAAACAGCATCT,0,5225279
yqjE_yqjK_yqjD_yqjC_predicted,0.05,19,19,ATATCGATCGGTTAGGATCT,0,5174952
yqjE_yqjK_yqjD_yqjC_predicted,0.05,19,19,ATAAATTGGGTGCGGATCTA,0,5205416
yqjE_yqjK_yqjD_yqjC_predicted,0.05,19,19,AGTCTACTCACGGTTGGCGG,0,5230573
yqjE_yqjK_yqjD_yqjC_predicted,0.05,19,19,AGTCGGCTTCTCCCGGGAGG,0,5200452
yqjE_yqjK_yqjD_yqjC_predicted,0.05,19,19,AGTATTAAGTCAAGAAATCC,0,5218022
yqjE_yqjK_yqjD_yqjC_predicted,0.05,19,19,AGGTTTTGCCTTGCGTGGGT,0,5181949
yqjE_yqjK_yqjD_yqjC_predicted,0.05,19,19,AGGTGTTGAACTGGGTTAAC,0,5209668
yqjE_yqjK_yqjD_yqjC_predicted,0.05,19,19,AGGTCGTTAGATTGGCTGCG,0,5203737
yqjE_yqjK_yqjD_yqjC_predicted,0.05,19,19,AGGTAACGATTGTCATTAAA,0,5239453
yqjE_yqjK_yqjD_yqjC_predicted,0.05,19,19,AGGATTACAAGCCTAGCACG,0,5211210
yqjE_yqjK_yqjD_yqjC_predicted,0.05,19,19,AGGAAGGTGTACCCAGAGTT,0,5197038
yqjE_yqjK_yqjD_yqjC_predicted,0.05,19,19,AGAATCCTAATGCCTTCTTG,0,5203675
yqjE_yqjK_yqjD_yqjC_predicted,0.05,19,19,ACTGACTGACTTCGAAAGTG,0,5229436
yqjE_yqjK_yqjD_yqjC_predicted,0.05,19,19,ACTATTGAGGAGGTTGGCAT,0,5215221
yqjE_yqjK_yqjD_yqjC_predicted,0.05,19,19,ACGTTCGCCTCCAGATTACT,0,5178293
yqjE_yqjK_yqjD_yqjC_predicted,0.05,19,19,ACGTGATACGGCACCGCACA,0,5240272
yqjE_yqjK_yqjD_yqjC_predicted,0.05,19,19,ACGGTACAGATCTTCACTCT,0,5250433
yqjE_yqjK_yqjD_yqjC_predicted,0.05,19,19,ACCTGTAGGGTTCATGTAAC,0,5174425
yqjE_yqjK_yqjD_yqjC_predicted,0.05,19,19,ACCTCAAGGGGCAACCTTCC,0,5259619
yqjE_yqjK_yqjD_yqjC_predicted,0.05,19,19,ACCTAAGTATGCTCGAGGAT,0,5204699
yqjE_yqjK_yqjD_yqjC_predicted,0.05,19,19,ACAAGTCAGGGTGTATACTT,0,5208572
yqjE_yqjK_yqjD_yqjC_predicted,0.05,19,19,ACAAAGAAAACACGGAATTC,0,5250804
yqjE_yqjK_yqjD_yqjC_predicted,0.05,19,19,AAGCCGTGTCATGGGTCTGA,0,5245150
yqjE_yqjK_yqjD_yqjC_predicted,0.05,19,19,AAGAAACGCGCGTCGTGCTC,0,5227654
yqjE_yqjK_yqjD_yqjC_predicted,0.05,19,19,AACTTTTACCACACCACTCT,0,5191565
yqjE_yqjK_yqjD_yqjC_predicted,0.05,19,19,AACAGCCGTGGGGGAGTTAT,0,5195470
yqjE_yqjK_yqjD_yqjC_predicted,0.05,19,19,AAATTGAGAGTGGCGAAAGC,0,5216336
yqjE_yqjK_yqjD_yqjC_predicted,0.05,19,19,AAATACTAGACAACAGTGCA,0,5255162
yqjE_yqjK_yqjD_yqjC_predicted,0.05,19,19,AAACGTTCCACCCGATTTAA,0,5245309
yqjE_yqjK_yqjD_yqjC_predicted,0.05,19,19,AAACCCAGGCGTATTCTGGA,0,5216073
yqjE_yqjK_yqjD_yqjC_predicted,0.05263157894736842,18,18,TTTTCGGCGAGGAACTTCGA,0,5250945
yqjE_yqjK_yqjD_yqjC_predicted,0.05263157894736842,18,18,TTTAGTTACCTCATAGCGCG,0,5198487
yqjE_yqjK_yqjD_yqjC_predicted,0.05263157894736842,18,18,TTTAGCATTAATCCGAAAAC,0,5239452
yqjE_yqjK_yqjD_yqjC_predicted,0.05263157894736842,18,18,TTGACCGACTGGATCTGGGC,0,5190757
yqjE_yqjK_yqjD_yqjC_predicted,0.05263157894736842,18,18,TGTTGGGCGTACACATGGGT,0,5223078
yqjE_yqjK_yqjD_yqjC_predicted,0.05263157894736842,18,18,TGGTCAGCCTCTGTGCGGTT,0,5230760
yqjE_yqjK_yqjD_yqjC_predicted,0.05263157894736842,18,18,TGGGTGATACTCTGGTGGTA,0,5214523
yqjE_yqjK_yqjD_yqjC_predicted,0.05263157894736842,18,18,TGATCCTTGCTTATAGTGAA,0,5220810
yqjE_yqjK_yqjD_yqjC_predicted,0.05263157894736842,18,18,TGATAGAGTAATAGTATCGG,0,5218500
yqjE_yqjK_yqjD_yqjC_predicted,0.05263157894736842,18,18,TGAAGATCCGGCGCTGGCCC,0,5218115
yqjE_yqjK_yqjD_yqjC_predicted,0.05263157894736842,18,18,TCTTGTATAACCATGGGCCT,0,5249685
yqjE_yqjK_yqjD_yqjC_predicted,0.05263157894736842,18,18,TCGCGTGTACACAGTCATCA,0,5173689
yqjE_yqjK_yqjD_yqjC_predicted,0.05263157894736842,18,18,TCGAAGATACTTTCGATGGT,0,5189457
yqjE_yqjK_yqjD_yqjC_predicted,0.05263157894736842,18,18,TCATGCGGTAGTAGCAAGCT,0,5201839
yqjE_yqjK_yqjD_yqjC_predicted,0.05263157894736842,18,18,TATTAATTACGTGTCCCGGG,0,5258068
yqjE_yqjK_yqjD_yqjC_predicted,0.05263157894736842,18,18,TAGTACTCCGCTTGGCTTAT,0,5184350
yqjE_yqjK_yqjD_yqjC_predicted,0.05263157894736842,18,18,TAGGCTGAGCTATTGGGGTT,0,5230358
yqjE_yqjK_yqjD_yqjC_predicted,0.05263157894736842,18,18,TACTGGTAGTGTATTCGCCT,0,5221069
yqjE_yqjK_yqjD_yqjC_predicted,0.05263157894736842,18,18,TACTAGATTGTGTATATGTT,0,5188155
yqjE_yqjK_yqjD_yqjC_predicted,0.05263157894736842,18,18,TACGATTGGTGGCATGCCAC,0,5203438
yqjE_yqjK_yqjD_yqjC_predicted,0.05263157894736842,18,18,TAATTGGTCAAGGGATGAGT,0,5216596
yqjE_yqjK_yqjD_yqjC_predicted,0.05263157894736842,18,18,TAATTATGCACAGGAGTGTC,0,5219589
yqjE_yqjK_yqjD_yqjC_predicted,0.05263157894736842,18,18,TAAATCGATGGAGTTTGCAG,0,5204064
yqjE_yqjK_yqjD_yqjC_predicted,0.05263157894736842,18,18,TAAAGCGAGGGTGCTTAGTG,0,5197229
yqjE_yqjK_yqjD_yqjC_predicted,0.05263157894736842,18,18,GTTCCAGGCCAATCGTTTTC,0,5202081
yqjE_yqjK_yqjD_yqjC_predicted,0.05263157894736842,18,18,GTGTATATATCTTCTCACGC,0,5255735
yqjE_yqjK_yqjD_yqjC_predicted,0.05263157894736842,18,18,GTGGAGGTGCTATTACCCTT,0,5224469
yqjE_yqjK_yqjD_yqjC_predicted,0.05263157894736842,18,18,GTGGAGCTTTCGTCTGGTTA,0,5212765
yqjE_yqjK_yqjD_yqjC_predicted,0.05263157894736842,18,18,GTGACTCCACCTAATGTCAT,0,5187043
yqjE_yqjK_yqjD_yqjC_predicted,0.05263157894736842,18,18,GTCCCGGGAAAGATCGTCCC,0,5193877
yqjE_yqjK_yqjD_yqjC_predicted,0.05263157894736842,18,18,GTAGCGCATTTGCCCCTTGT,0,5203919
yqjE_yqjK_yqjD_yqjC_predicted,0.05263157894736842,18,18,GGTCGGCACCCCTTGTAATC,0,5174242
yqjE_yqjK_yqjD_yqjC_predicted,0.05263157894736842,18,18,GGTACCCCGCTGTGTACCTC,0,5175824
yqjE_yqjK_yqjD_yqjC_predicted,0.05263157894736842,18,18,GGGTAAATGGTTGTGCGGGT,0,5214953
yqjE_yqjK_yqjD_yqjC_predicted,0.05263157894736842,18,18,GGGGTCTCTGCCTTAACAGT,0,5207604
yqjE_yqjK_yqjD_yqjC_predicted,0.05263157894736842,18,18,GGGCAAAGAGGTCTCGCTTC,0,5252890
yqjE_yqjK_yqjD_yqjC_predicted,0.05263157894736842,18,18,GGGACTGTTCACTCCCAAAC,0,5261151
yqjE_yqjK_yqjD_yqjC_predicted,0.05263157894736842,18,18,GGCGCTCACTTTAGGGGAAT,0,5174721
yqjE_yqjK_yqjD_yqjC_predicted,0.05263157894736842,18,18,GGATTGGAGTTCGTGGCGCA,0,5206920
yqjE_yqjK_yqjD_yqjC_predicted,0.05263157894736842,18,18,GGATAAGAGGACAGGATGTC,0,5216661
yqjE_yqjK_yqjD_yqjC_predicted,0.05263157894736842,18,18,GGAGTTTTTCACATGAGATT,0,5183235
yqjE_yqjK_yqjD_yqjC_predicted,0.05263157894736842,18,18,GGAACAGTCGTTGGGATATT,0,5258467
yqjE_yqjK_yqjD_yqjC_predicted,0.05263157894736842,18,18,GGAAATGGTGCGCATACGAA,0,5223168
yqjE_yqjK_yqjD_yqjC_predicted,0.05263157894736842,18,18,GCGGCGTAGGAGCTGACACA,0,5218344
yqjE_yqjK_yqjD_yqjC_predicted,0.05263157894736842,18,18,GCCGATTGTTTTGTGGTTAG,0,5196520
yqjE_yqjK_yqjD_yqjC_predicted,0.05263157894736842,18,18,GCCATCTTAGGCAGAGTGAT,0,5210681
yqjE_yqjK_yqjD_yqjC_predicted,0.05263157894736842,18,18,GCAAGGTAAAGGAAACGCCC,0,5227690
yqjE_yqjK_yqjD_yqjC_predicted,0.05263157894736842,18,18,GATTACATCCCGTCCAAGAG,0,5177294
yqjE_yqjK_yqjD_yqjC_predicted,0.05263157894736842,18,18,GATGGCTGGCGTGGGCGAAC,0,5173478
yqjE_yqjK_yqjD_yqjC_predicted,0.05263157894736842,18,18,GACTTATCACGACAGTATCT,0,5218816
yqjE_yqjK_yqjD_yqjC_predicted,0.05263157894736842,18,18,GAAATTACTTTGATGCCTGT,0,5226292
yqjE_yqjK_yqjD_yqjC_predicted,0.05263157894736842,18,18,CTTTCCCGTCAGGCGCCCGT,0,5174349
yqjE_yqjK_yqjD_yqjC_predicted,0.05263157894736842,18,18,CTTTAGCCGTCTGACGCCGC,0,5207288
yqjE_yqjK_yqjD_yqjC_predicted,0.05263157894736842,18,18,CTTTAAGAACCGGCTGATCT,0,5231326
yqjE_yqjK_yqjD_yqjC_predicted,0.05263157894736842,18,18,CTGTATCTTGGACCTTTCAC,0,5227910
yqjE_yqjK_yqjD_yqjC_predicted,0.05263157894736842,18,18,CTCTACGACCCGATGCGGAG,0,5191135
yqjE_yqjK_yqjD_yqjC_predicted,0.05263157894736842,18,18,CTCCGGCGATATATAATCAT,0,5230898
yqjE_yqjK_yqjD_yqjC_predicted,0.05263157894736842,18,18,CTAGGCTATCGCGCAATGGA,0,5236111
yqjE_yqjK_yqjD_yqjC_predicted,0.05263157894736842,18,18,CGTCCACGGTTCGTGCGAAC,0,5257290
yqjE_yqjK_yqjD_yqjC_predicted,0.05263157894736842,18,18,CGGTATGAAACAGTTTGATG,0,5178023
yqjE_yqjK_yqjD_yqjC_predicted,0.05263157894736842,18,18,CGACGGCCCCCTAACATAGC,0,5221095
yqjE_yqjK_yqjD_yqjC_predicted,0.05263157894736842,18,18,CCGTGCGCACGCGATCGCTG,0,5214950
yqjE_yqjK_yqjD_yqjC_predicted,0.05263157894736842,18,18,CCGCTTTTAAGTCCATTTGC,0,5260317
yqjE_yqjK_yqjD_yqjC_predicted,0.05263157894736842,18,18,CCGATACAGTGGCCTGGTAT,0,5198640
yqjE_yqjK_yqjD_yqjC_predicted,0.05263157894736842,18,18,CCCTTTATTCAAACCGATAG,0,5248718
yqjE_yqjK_yqjD_yqjC_predicted,0.05263157894736842,18,18,CCCTGGGCCGGATTTGTCAC,0,5185240
yqjE_yqjK_yqjD_yqjC_predicted,0.05263157894736842,18,18,CCCGATCACCCGTCGTCGAT,0,5213104
yqjE_yqjK_yqjD_yqjC_predicted,0.05263157894736842,18,18,CCCACCCTAGGGGGGGTTAC,0,5224314
yqjE_yqjK_yqjD_yqjC_predicted,0.05263157894736842,18,18,CCATCTGCAACACCTTACTG,0,5236258
yqjE_yqjK_yqjD_yqjC_predicted,0.05263157894736842,18,18,CCACCTTGGGGGTAAATCCA,0,5252828
yqjE_yqjK_yqjD_yqjC_predicted,0.05263157894736842,18,18,CCACCCTTGACACACTGTGA,0,5216416
yqjE_yqjK_yqjD_yqjC_predicted,0.05263157894736842,18,18,CCAATATAGAGATTTCCCAG,0,5177687
yqjE_yqjK_yqjD_yqjC_predicted,0.05263157894736842,18,18,CATGTTATAGTGCTCCCGGC,0,5205191
yqjE_yqjK_yqjD_yqjC_predicted,0.05263157894736842,18,18,CATGGGACAAGCATCTGGTG,0,5174066
yqjE_yqjK_yqjD_yqjC_predicted,0.05263157894736842,18,18,CATACGACTGAGGACTTTAT,0,5234343
yqjE_yqjK_yqjD_yqjC_predicted,0.05263157894736842,18,18,CATAACAGACCATTGCAAGT,0,5175887
yqjE_yqjK_yqjD_yqjC_predicted,0.05263157894736842,18,18,CAGATGTTCCTCGCCAGCTT,0,5216405
yqjE_yqjK_yqjD_yqjC_predicted,0.05263157894736842,18,18,CACCGGGAATGATCGTATAA,0,5205550
yqjE_yqjK_yqjD_yqjC_predicted,0.05263157894736842,18,18,CACATTGAATAAAAAATTTC,0,5258059
yqjE_yqjK_yqjD_yqjC_predicted,0.05263157894736842,18,18,CAATACCCCAAGTCCGTTAG,0,5218353
yqjE_yqjK_yqjD_yqjC_predicted,0.05263157894736842,18,18,ATGGTTCCGAGGCTCATCCA,0,5217303
yqjE_yqjK_yqjD_yqjC_predicted,0.05263157894736842,18,18,ATGGGCTCAAAGAAGCTAAA,0,5220843
yqjE_yqjK_yqjD_yqjC_predicted,0.05263157894736842,18,18,ATGCGAGGGGTTGGATTAAA,0,5196983
yqjE_yqjK_yqjD_yqjC_predicted,0.05263157894736842,18,18,ATGATACACGAAAACTTTAG,0,5237047
yqjE_yqjK_yqjD_yqjC_predicted,0.05263157894736842,18,18,ATCTCTCTAGGCCGCTCGAT,0,5233641
yqjE_yqjK_yqjD_yqjC_predicted,0.05263157894736842,18,18,ATCAACTGCTGGTGTAGTTA,0,5193440
yqjE_yqjK_yqjD_yqjC_predicted,0.05263157894736842,18,18,ATATTCCATCCCGACGTAAA,0,5217496
yqjE_yqjK_yqjD_yqjC_predicted,0.05263157894736842,18,18,ATAGACGTGGGTTGTCCATA,0,5240304
yqjE_yqjK_yqjD_yqjC_predicted,0.05263157894736842,18,18,ATACTCCGGTCCAAGGCGGA,0,5206686
yqjE_yqjK_yqjD_yqjC_predicted,0.05263157894736842,18,18,ATACTACACCTGTGTATGCG,0,5176748
yqjE_yqjK_yqjD_yqjC_predicted,0.05263157894736842,18,18,AGTGACAGCCACGGGCTGGA,0,5251700
yqjE_yqjK_yqjD_yqjC_predicted,0.05263157894736842,18,18,AGTGAAATTTTGAATGGGAA,0,5217565
yqjE_yqjK_yqjD_yqjC_predicted,0.05263157894736842,18,18,AGTCGAGGGGTGAATTATGC,0,5196135
yqjE_yqjK_yqjD_yqjC_predicted,0.05263157894736842,18,18,AGTATCGCGCTGTAAAGCCT,0,5210456
yqjE_yqjK_yqjD_yqjC_predicted,0.05263157894736842,18,18,AGTATAGCACCGGCGTTGGA,0,5186925
yqjE_yqjK_yqjD_yqjC_predicted,0.05263157894736842,18,18,AGGTTAGGAGTCAACTGGCG,0,5191727
yqjE_yqjK_yqjD_yqjC_predicted,0.05263157894736842,18,18,AGGGGGCCGAACGCCTGGGT,0,5185230
yqjE_yqjK_yqjD_yqjC_predicted,0.05263157894736842,18,18,AGGGAAGAGATTCAGGTGTT,0,5201693
yqjE_yqjK_yqjD_yqjC_predicted,0.05263157894736842,18,18,AGGAGAACGTGTTGGTGGGA,0,5232154
yqjE_yqjK_yqjD_yqjC_predicted,0.05263157894736842,18,18,AGCGTCAGCTGGTCGGTTCT,0,5240449
yqjE_yqjK_yqjD_yqjC_predicted,0.05263157894736842,18,18,AGAGAAATTCAGCCCACGGT,0,5239267
yqjE_yqjK_yqjD_yqjC_predicted,0.05263157894736842,18,18,AGACAACCGCAAGATTGTAC,0,5185601
yqjE_yqjK_yqjD_yqjC_predicted,0.05263157894736842,18,18,ACGTGCGACTAATGAATGCC,0,5214423
yqjE_yqjK_yqjD_yqjC_predicted,0.05263157894736842,18,18,ACATTCGGATCGATTTTTAA,0,5190651
yqjE_yqjK_yqjD_yqjC_predicted,0.05263157894736842,18,18,ACATCGATATCGCCTCAGGA,0,5211844
yqjE_yqjK_yqjD_yqjC_predicted,0.05263157894736842,18,18,AATGTATCCTGATGTTGCCA,0,5207683
yqjE_yqjK_yqjD_yqjC_predicted,0.05263157894736842,18,18,AATAACTTAACCAGGTGAGT,0,5234239
yqjE_yqjK_yqjD_yqjC_predicted,0.05263157894736842,18,18,AAGTCTTCGTCCATCGCGGA,0,5232016
yqjE_yqjK_yqjD_yqjC_predicted,0.05263157894736842,18,18,AAGGTATCATCTCGAGCCTG,0,5262663
yqjE_yqjK_yqjD_yqjC_predicted,0.05263157894736842,18,18,AAGCCATATGCCTACTTGCG,0,5228745
yqjE_yqjK_yqjD_yqjC_predicted,0.05263157894736842,18,18,AAACCAAATAACCGTAGTTG,0,5218757
yqjE_yqjK_yqjD_yqjC_predicted,0.05555555555555555,17,17,TTTAACGCTTAAATGACTGT,0,5240717
yqjE_yqjK_yqjD_yqjC_predicted,0.05555555555555555,17,17,TTGTGCGGTCACGACAGCGT,0,5207306
yqjE_yqjK_yqjD_yqjC_predicted,0.05555555555555555,17,17,TTGATAAACTCGATTCATTC,0,5222443
yqjE_yqjK_yqjD_yqjC_predicted,0.05555555555555555,17,17,TTGAAAGCTGACGGAAGATA,0,5211489
yqjE_yqjK_yqjD_yqjC_predicted,0.05555555555555555,17,17,TTCTCTTGGCGTTCGGACAC,0,5245223
yqjE_yqjK_yqjD_yqjC_predicted,0.05555555555555555,17,17,TTCGTCTCGGGTTACTGGCG,0,5177171
yqjE_yqjK_yqjD_yqjC_predicted,0.05555555555555555,17,17,TTAACCGTGAAGTCATGCTT,0,5211024
yqjE_yqjK_yqjD_yqjC_predicted,0.05555555555555555,17,17,TGTTAGCCAAGGAGTAACTA,0,5186248
yqjE_yqjK_yqjD_yqjC_predicted,0.05555555555555555,17,17,TGTGCATAAATTTTGAATAT,0,5218317
yqjE_yqjK_yqjD_yqjC_predicted,0.05555555555555555,17,17,TGTGACGCGGTGGGACAGGT,0,5177931
yqjE_yqjK_yqjD_yqjC_predicted,0.05555555555555555,17,17,TGTCTGGCAGCAGTAGATCT,0,5218285
yqjE_yqjK_yqjD_yqjC_predicted,0.05555555555555555,17,17,TGTCATGCCAAACCCGCTGT,0,5232080
yqjE_yqjK_yqjD_yqjC_predicted,0.05555555555555555,17,17,TGTCAGCTTTTTACGGCTTC,0,5185110
yqjE_yqjK_yqjD_yqjC_predicted,0.05555555555555555,17,17,TGTAAGTGGAGGGTTGGTGG,0,5171804
yqjE_yqjK_yqjD_yqjC_predicted,0.05555555555555555,17,17,TGGACGGTATGGCAGCCCCT,0,5180613
yqjE_yqjK_yqjD_yqjC_predicted,0.05555555555555555,17,17,TGCAGATAGATAATTTGAAC,0,5184242
yqjE_yqjK_yqjD_yqjC_predicted,0.05555555555555555,17,17,TGAGGACTGGAGGCCGGTAC,0,5207521
yqjE_yqjK_yqjD_yqjC_predicted,0.05555555555555555,17,17,TGAACGTACAAGGAGATTGT,0,5255332
yqjE_yqjK_yqjD_yqjC_predicted,0.05555555555555555,17,17,TCGGCATAAAGAAATGATCA,0,5172723
yqjE_yqjK_yqjD_yqjC_predicted,0.05555555555555555,17,17,TCGGACTTATTCATACCGTC,0,5198097
yqjE_yqjK_yqjD_yqjC_predicted,0.05555555555555555,17,17,TCGATGGTCTGGCCCCCTGA,0,5230661
yqjE_yqjK_yqjD_yqjC_predicted,0.05555555555555555,17,17,TCGAGCTTTCCCCGCCACTT,0,5176726
yqjE_yqjK_yqjD_yqjC_predicted,0.05555555555555555,17,17,TCCGGTAACCGTAACGGACT,0,5203100
yqjE_yqjK_yqjD_yqjC_predicted,0.05555555555555555,17,17,TCCCCGATTAGAATTACTGT,0,5229898
yqjE_yqjK_yqjD_yqjC_predicted,0.05555555555555555,17,17,TCATACACTTGAGAAGTTTT,0,5254183
yqjE_yqjK_yqjD_yqjC_predicted,0.05555555555555555,17,17,TCAGGCCAATGCTATCTAAG,0,5176041
yqjE_yqjK_yqjD_yqjC_predicted,0.05555555555555555,17,17,TCAGACTATCTTTTCCTTAG,0,5187103
yqjE_yqjK_yqjD_yqjC_predicted,0.05555555555555555,17,17,TATTAAAGGGTAAGTGACCG,0,5230436
yqjE_yqjK_yqjD_yqjC_predicted,0.05555555555555555,17,17,TATGTAGGCGATGGTACGCA,0,5205581
yqjE_yqjK_yqjD_yqjC_predicted,0.05555555555555555,17,17,TATGCAAGGGCTCCCATATG,0,5251358
yqjE_yqjK_yqjD_yqjC_predicted,0.05555555555555555,17,17,TATCGTTATCACAATTCAAT,0,5175556
yqjE_yqjK_yqjD_yqjC_predicted,0.05555555555555555,17,17,TAGCTATATTGGATTTTCGA,0,5232913
yqjE_yqjK_yqjD_yqjC_predicted,0.05555555555555555,17,17,TACTGCGCTCGCCGGCCAGA,0,5175800
yqjE_yqjK_yqjD_yqjC_predicted,0.05555555555555555,17,17,TACGTAGAGCCAGCTGGGTC,0,5228672
yqjE_yqjK_yqjD_yqjC_predicted,0.05555555555555555,17,17,TACGGATTATTCGAAGTCAT,0,5194493
yqjE_yqjK_yqjD_yqjC_predicted,0.05555555555555555,17,17,TACGCAAGGCAACCGCAGGA,0,5240512
yqjE_yqjK_yqjD_yqjC_predicted,0.05555555555555555,17,17,GTGTGGCAAAATACCTATTA,0,5257244
yqjE_yqjK_yqjD_yqjC_predicted,0.05555555555555555,17,17,GTCTCCGGGTGTCACGCATA,0,5197630
yqjE_yqjK_yqjD_yqjC_predicted,0.05555555555555555,17,17,GTCGATAACGAATCTTTACA,0,5203528
yqjE_yqjK_yqjD_yqjC_predicted,0.05555555555555555,17,17,GTCCTTGTTTGATCCGCATA,0,5226896
yqjE_yqjK_yqjD_yqjC_predicted,0.05555555555555555,17,17,GTCATGCGCCGATCAGCAAC,0,5238866
yqjE_yqjK_yqjD_yqjC_predicted,0.05555555555555555,17,17,GGTACAATAAGTAAGGGAAG,0,5172910
yqjE_yqjK_yqjD_yqjC_predicted,0.05555555555555555,17,17,GGGTTAAGGGTCTCATACCA,0,5229311
yqjE_yqjK_yqjD_yqjC_predicted,0.05555555555555555,17,17,GGGATTGTGTGGCTGTGGAT,0,5207244
yqjE_yqjK_yqjD_yqjC_predicted,0.05555555555555555,17,17,GGGACACGCCGGATAGTGTT,0,5194904
yqjE_yqjK_yqjD_yqjC_predicted,0.05555555555555555,17,17,GGCTATGTCGCTGAAAAGCA,0,5249792
yqjE_yqjK_yqjD_yqjC_predicted,0.05555555555555555,17,17,GGATTCCACCGGCTATATAG,0,5183398
yqjE_yqjK_yqjD_yqjC_predicted,0.05555555555555555,17,17,GGATGAGCCGTATCAGACGA,0,5213730
yqjE_yqjK_yqjD_yqjC_predicted,0.05555555555555555,17,17,GGACTCCCATTCGGCGGTCT,0,5217148
yqjE_yqjK_yqjD_yqjC_predicted,0.05555555555555555,17,17,GCTTCGCTTTTATCGTGGGA,0,5190561
yqjE_yqjK_yqjD_yqjC_predicted,0.05555555555555555,17,17,GCGGGGAAACGTGACCACCA,0,5184006
yqjE_yqjK_yqjD_yqjC_predicted,0.05555555555555555,17,17,GCCAACATCGTGCATGGTCA,0,5187595
yqjE_yqjK_yqjD_yqjC_predicted,0.05555555555555555,17,17,GCAGGTTACTGGGGACCCTG,0,5190485
yqjE_yqjK_yqjD_yqjC_predicted,0.05555555555555555,17,17,GCAATACCCTAGACGTCAAC,0,5259609
yqjE_yqjK_yqjD_yqjC_predicted,0.05555555555555555,17,17,GCAAAGGAAGTCATGCTGCT,0,5256261
yqjE_yqjK_yqjD_yqjC_predicted,0.05555555555555555,17,17,GCAAACCCCCCGAAAGGGCA,0,5261019
yqjE_yqjK_yqjD_yqjC_predicted,0.05555555555555555,17,17,GATTGGCATGGGCTCAACTG,0,5246073
yqjE_yqjK_yqjD_yqjC_predicted,0.05555555555555555,17,17,GATTCTGGGTGTCCTCTTGA,0,5192324
yqjE_yqjK_yqjD_yqjC_predicted,0.05555555555555555,17,17,GATTCAACAGGCGCCAGAGT,0,5185121
yqjE_yqjK_yqjD_yqjC_predicted,0.05555555555555555,17,17,GATCGTTATTTCTGTCGTAT,0,5241267
yqjE_yqjK_yqjD_yqjC_predicted,0.05555555555555555,17,17,GAGGCGGGGCTCACAAGCGT,0,5211563
yqjE_yqjK_yqjD_yqjC_predicted,0.05555555555555555,17,17,GAGAGAAAGAGCCGATTAAC,0,5253077
yqjE_yqjK_yqjD_yqjC_predicted,0.05555555555555555,17,17,GACTGTTAGAATGAGTTGCC,0,5250993
yqjE_yqjK_yqjD_yqjC_predicted,0.05555555555555555,17,17,GACGATTAGCCGGTCAATAC,0,5241683
yqjE_yqjK_yqjD_yqjC_predicted,0.05555555555555555,17,17,GACAGGGTATTTAACGGTAA,0,5256974
yqjE_yqjK_yqjD_yqjC_predicted,0.05555555555555555,17,17,GAATTGACCATGCTTACGAC,0,5175174
yqjE_yqjK_yqjD_yqjC_predicted,0.05555555555555555,17,17,GAACTCGGCATATACGTACG,0,5206361
yqjE_yqjK_yqjD_yqjC_predicted,0.05555555555555555,17,17,CTTAGAAAAACTTACAGTTT,0,5217922
yqjE_yqjK_yqjD_yqjC_predicted,0.05555555555555555,17,17,CTGGGTGGAGTGCTACAACG,0,5187519
yqjE_yqjK_yqjD_yqjC_predicted,0.05555555555555555,17,17,CTCATTCAAATTGGGATTTG,0,5210076
yqjE_yqjK_yqjD_yqjC_predicted,0.05555555555555555,17,17,CTAGTGGATCACTACGCAGT,0,5254544
yqjE_yqjK_yqjD_yqjC_predicted,0.05555555555555555,17,17,CTACTTCCGTTAAGCAGTAA,0,5255880
yqjE_yqjK_yqjD_yqjC_predicted,0.05555555555555555,17,17,CTAATTTTATCAGGGGTCTT,0,5175351
yqjE_yqjK_yqjD_yqjC_predicted,0.05555555555555555,17,17,CGTTGGCAGGATGGTTCCGG,0,5172168
yqjE_yqjK_yqjD_yqjC_predicted,0.05555555555555555,17,17,CGTTCCGCAAAGGCCCCCCG,0,5226983
yqjE_yqjK_yqjD_yqjC_predicted,0.05555555555555555,17,17,CGTGCTTAGCAGGTAAGTGT,0,5182590
yqjE_yqjK_yqjD_yqjC_predicted,0.05555555555555555,17,17,CGTCATCATGAGGCCCTACC,0,5256699
yqjE_yqjK_yqjD_yqjC_predicted,0.05555555555555555,17,17,CGTAGGGTCATGGAGTATCT,0,5192162
yqjE_yqjK_yqjD_yqjC_predicted,0.05555555555555555,17,17,CGTAGGGACAACGTACGGAC,0,5261464
yqjE_yqjK_yqjD_yqjC_predicted,0.05555555555555555,17,17,CGTAGCTTTCTCCTTGGCTG,0,5260114
yqjE_yqjK_yqjD_yqjC_predicted,0.05555555555555555,17,17,CGTAAAACGTCAATAGGCAC,0,5251066
yqjE_yqjK_yqjD_yqjC_predicted,0.05555555555555555,17,17,CGGTCTACGCAGAACCGCGT,0,5206798
yqjE_yqjK_yqjD_yqjC_predicted,0.05555555555555555,17,17,CGGATAAAGTTGGGATTATT,0,5202027
yqjE_yqjK_yqjD_yqjC_predicted,0.05555555555555555,17,17,CGCGAATCACTTGTCGGATA,0,5229813
yqjE_yqjK_yqjD_yqjC_predicted,0.05555555555555555,17,17,CGCCTTATGCAGATAATTCT,0,5181400
yqjE_yqjK_yqjD_yqjC_predicted,0.05555555555555555,17,17,CGCCTGTGGTGAAGCCACAA,0,5238265
yqjE_yqjK_yqjD_yqjC_predicted,0.05555555555555555,17,17,CGATCCGTAAATAGTACTTT,0,5250326
yqjE_yqjK_yqjD_yqjC_predicted,0.05555555555555555,17,17,CGAGGTGGTTTAGCGGGATC,0,5249664
yqjE_yqjK_yqjD_yqjC_predicted,0.05555555555555555,17,17,CGAGAGTCTTAACAGAACTA,0,5193718
yqjE_yqjK_yqjD_yqjC_predicted,0.05555555555555555,17,17,CGACTAGGACTCATAGCTAG,0,5181285
yqjE_yqjK_yqjD_yqjC_predicted,0.05555555555555555,17,17,CGAAAGCCATGCGTACTCGA,0,5192165
yqjE_yqjK_yqjD_yqjC_predicted,0.05555555555555555,17,17,CCTTGCGAAACAGAACTCAT,0,5171630
yqjE_yqjK_yqjD_yqjC_predicted,0.05555555555555555,17,17,CCGCGAGTTCCCTGGCTTTG,0,5212860
yqjE_yqjK_yqjD_yqjC_predicted,0.05555555555555555,17,17,CCGACAAAGGGACCGAGTGT,0,5207181
yqjE_yqjK_yqjD_yqjC_predicted,0.05555555555555555,17,17,CCATAAGCTACGTTATTCGT,0,5176470
yqjE_yqjK_yqjD_yqjC_predicted,0.05555555555555555,17,17,CCAAGCCGAGGGACAGGCAA,0,5181015
yqjE_yqjK_yqjD_yqjC_predicted,0.05555555555555555,17,17,CATTAAGCGTTCTGTAATCG,0,5217241
yqjE_yqjK_yqjD_yqjC_predicted,0.05555555555555555,17,17,CATGCGTTTCCATTCTGGAA,0,5242856
yqjE_yqjK_yqjD_yqjC_predicted,0.05555555555555555,17,17,CATCTAGTAAGTCCCACCCC,0,5262330
yqjE_yqjK_yqjD_yqjC_predicted,0.05555555555555555,17,17,CAGTTTCGCCGCGATTTGGA,0,5175574
yqjE_yqjK_yqjD_yqjC_predicted,0.05555555555555555,17,17,CAGCCTCAACGGCGTCGGGT,0,5213355
yqjE_yqjK_yqjD_yqjC_predicted,0.05555555555555555,17,17,CACGTTAGTTTCGGCGGGAA,0,5226406
yqjE_yqjK_yqjD_yqjC_predicted,0.05555555555555555,17,17,CACCGTAAGTTAGAATACGC,0,5194419
yqjE_yqjK_yqjD_yqjC_predicted,0.05555555555555555,17,17,CACCGGGGTTGCCAGGCGTA,0,5240262
yqjE_yqjK_yqjD_yqjC_predicted,0.05555555555555555,17,17,CACATGTAAGCATTATGGCA,0,5259816
yqjE_yqjK_yqjD_yqjC_predicted,0.05555555555555555,17,17,CAAGCCGAGGTAGGGTGTAC,0,5248962
yqjE_yqjK_yqjD_yqjC_predicted,0.05555555555555555,17,17,CAAGAGGGGTGTCCTGGCAA,0,5184071
yqjE_yqjK_yqjD_yqjC_predicted,0.05555555555555555,17,17,CAACAAGTTTCTGTGAACAA,0,5200762
yqjE_yqjK_yqjD_yqjC_predicted,0.05555555555555555,17,17,CAAATCCTCGCGGGTATTTG,0,5247854
yqjE_yqjK_yqjD_yqjC_predicted,0.05555555555555555,17,17,ATTGCCCTTTACATCGCGAG,0,5243250
yqjE_yqjK_yqjD_yqjC_predicted,0.05555555555555555,17,17,ATTCGTACGCATCAGTTTTG,0,5220273
yqjE_yqjK_yqjD_yqjC_predicted,0.05555555555555555,17,17,ATGTTCCCAAAAATCAGTGC,0,5226647
yqjE_yqjK_yqjD_yqjC_predicted,0.05555555555555555,17,17,ATGGGAGGTTTCTTTCCGAT,0,5174262
yqjE_yqjK_yqjD_yqjC_predicted,0.05555555555555555,17,17,ATGAGTACTCATTTTTCAAA,0,5238049
yqjE_yqjK_yqjD_yqjC_predicted,0.05555555555555555,17,17,ATCATACAAACCGGATTGGC,0,5172982
yqjE_yqjK_yqjD_yqjC_predicted,0.05555555555555555,17,17,ATCAGCGATGATTTCCTTAT,0,5181655
yqjE_yqjK_yqjD_yqjC_predicted,0.05555555555555555,17,17,ATATTGGAATATTTGGGACC,0,5190739
yqjE_yqjK_yqjD_yqjC_predicted,0.05555555555555555,17,17,ATATGGACTGACGGTAGTGT,0,5215396
yqjE_yqjK_yqjD_yqjC_predicted,0.05555555555555555,17,17,ATAGGATATGAATTGTATAG,0,5198491
yqjE_yqjK_yqjD_yqjC_predicted,0.05555555555555555,17,17,AGGTGGCTATAACTATAGTA,0,5204980
yqjE_yqjK_yqjD_yqjC_predicted,0.05555555555555555,17,17,AGGGTTTTTCTCTGAAAAAG,0,5233155
yqjE_yqjK_yqjD_yqjC_predicted,0.05555555555555555,17,17,AGGAGCACCAGGCAGACTAT,0,5198944
yqjE_yqjK_yqjD_yqjC_predicted,0.05555555555555555,17,17,AGCTGGTGGGAATTCCTTAG,0,5185312
yqjE_yqjK_yqjD_yqjC_predicted,0.05555555555555555,17,17,AGCATACATACCACTGGGTT,0,5232763
yqjE_yqjK_yqjD_yqjC_predicted,0.05555555555555555,17,17,AGATCCCTGTCTAGAGATGT,0,5246610
yqjE_yqjK_yqjD_yqjC_predicted,0.05555555555555555,17,17,AGAGGAGGCATCCACTCGTC,0,5235576
yqjE_yqjK_yqjD_yqjC_predicted,0.05555555555555555,17,17,ACGTCCCCCATAGCTGCAAC,0,5198699
yqjE_yqjK_yqjD_yqjC_predicted,0.05555555555555555,17,17,ACGACGTGAGCTCACGGCGT,0,5202539
yqjE_yqjK_yqjD_yqjC_predicted,0.05555555555555555,17,17,ACCCCACCAGAGCGCGTTTC,0,5201632
yqjE_yqjK_yqjD_yqjC_predicted,0.05555555555555555,17,17,ACATGGCCTTCTTACATAAA,0,5258446
yqjE_yqjK_yqjD_yqjC_predicted,0.05555555555555555,17,17,ACACGGGAAACTTTCATCGA,0,5262589
yqjE_yqjK_yqjD_yqjC_predicted,0.05555555555555555,17,17,AAGTGACAGGTTTGAGGCTG,0,5220807
yqjE_yqjK_yqjD_yqjC_predicted,0.05555555555555555,17,17,AAGTCAGCACAACTACGATA,0,5198060
yqjE_yqjK_yqjD_yqjC_predicted,0.05555555555555555,17,17,AAGTACAAGTCCGTAACGGG,0,5247625
yqjE_yqjK_yqjD_yqjC_predicted,0.05555555555555555,17,17,AAGAGTCCATAGCAGTATAT,0,5241039
yqjE_yqjK_yqjD_yqjC_predicted,0.05555555555555555,17,17,AAGAGCTGGGTATTATTTCA,0,5202812
yqjE_yqjK_yqjD_yqjC_predicted,0.05555555555555555,17,17,AACTGCAAGTAAATCCATAC,0,5182643
yqjE_yqjK_yqjD_yqjC_predicted,0.05555555555555555,17,17,AACCTGGAGGCTGCTCGTAT,0,5225855
yqjE_yqjK_yqjD_yqjC_predicted,0.05555555555555555,17,17,AACCGTGCCGGTTGTGCTTG,0,5217322
yqjE_yqjK_yqjD_yqjC_predicted,0.05555555555555555,17,17,AACATAGATAGATTTAACGT,0,5215312
yqjE_yqjK_yqjD_yqjC_predicted,0.058823529411764705,16,16,TTTTGCCCATCTTGACGTAG,0,5258126
yqjE_yqjK_yqjD_yqjC_predicted,0.058823529411764705,16,16,TTGTGAGGCCCCAGAGGTCT,0,5185871
yqjE_yqjK_yqjD_yqjC_predicted,0.058823529411764705,16,16,TTGGGTCTGGCATGACAAAT,0,5224664
yqjE_yqjK_yqjD_yqjC_predicted,0.058823529411764705,16,16,TTGGCCCCAGTGTTCAATGT,0,5233498
yqjE_yqjK_yqjD_yqjC_predicted,0.058823529411764705,16,16,TTGGAGTCGCGTCGGGCCGT,0,5234880
yqjE_yqjK_yqjD_yqjC_predicted,0.058823529411764705,16,16,TTGCGAAAAAGTTTCCCGGT,0,5249191
yqjE_yqjK_yqjD_yqjC_predicted,0.058823529411764705,16,16,TTGATGTCACTCCGATCAGC,0,5237479
yqjE_yqjK_yqjD_yqjC_predicted,0.058823529411764705,16,16,TTGAGAGCACTCAGATGGTT,0,5231841
yqjE_yqjK_yqjD_yqjC_predicted,0.058823529411764705,16,16,TTCTCGAGCTGCGTTCATGA,0,5243805
yqjE_yqjK_yqjD_yqjC_predicted,0.058823529411764705,16,16,TTCTCATATTTGCGGATACA,0,5262660
yqjE_yqjK_yqjD_yqjC_predicted,0.058823529411764705,16,16,TTCCGAACAGTGCCATCGGT,0,5251191
yqjE_yqjK_yqjD_yqjC_predicted,0.058823529411764705,16,16,TTATTAGAGCGTGATAAGGT,0,5181405
yqjE_yqjK_yqjD_yqjC_predicted,0.058823529411764705,16,16,TTATCATGGCTATGTTGTCT,0,5222239
yqjE_yqjK_yqjD_yqjC_predicted,0.058823529411764705,16,16,TTAAGGTAGGCCTAACCCAT,0,5203304
yqjE_yqjK_yqjD_yqjC_predicted,0.058823529411764705,16,16,TGTGGAACCCTCTCAACGAT,0,5234762
yqjE_yqjK_yqjD_yqjC_predicted,0.058823529411764705,16,16,TGGCTTACGTACGAAACAAT,0,5254820
yqjE_yqjK_yqjD_yqjC_predicted,0.058823529411764705,16,16,TGGCACTAGCGTTAGTTGTG,0,5214420
yqjE_yqjK_yqjD_yqjC_predicted,0.058823529411764705,16,16,TGCTTGAGCTTTCACTGCTT,0,5259027
yqjE_yqjK_yqjD_yqjC_predicted,0.058823529411764705,16,16,TGCGCCGGATGAGATGTCAT,0,5198197
yqjE_yqjK_yqjD_yqjC_predicted,0.058823529411764705,16,16,TGCGAAATCACAGCTCTATC,0,5204340
yqjE_yqjK_yqjD_yqjC_predicted,0.058823529411764705,16,16,TGATCAAATCCATTCACGCA,0,5192185
yqjE_yqjK_yqjD_yqjC_predicted,0.058823529411764705,16,16,TGACTGAATACGGCACTCCC,0,5198633
yqjE_yqjK_yqjD_yqjC_predicted,0.058823529411764705,16,16,TGACCGGCAGGTGCAACACT,0,5207246
yqjE_yqjK_yqjD_yqjC_predicted,0.058823529411764705,16,16,TCGTGGATCATCATGTTTTA,0,5204853
yqjE_yqjK_yqjD_yqjC_predicted,0.058823529411764705,16,16,TCGTACATGCGGCCGCCGAT,0,5224715
yqjE_yqjK_yqjD_yqjC_predicted,0.058823529411764705,16,16,TCCTAATAGGCGGATCACAG,0,5208618
yqjE_yqjK_yqjD_yqjC_predicted,0.058823529411764705,16,16,TCCCTTTTTTTCGTAAGGTG,0,5177581
yqjE_yqjK_yqjD_yqjC_predicted,0.058823529411764705,16,16,TCCCGTCCAAGGCTTCTGAC,0,5172466
yqjE_yqjK_yqjD_yqjC_predicted,0.058823529411764705,16,16,TCCATGTCGATCCGGCCGGT,0,5245646
yqjE_yqjK_yqjD_yqjC_predicted,0.058823529411764705,16,16,TCATATACAGACGATGTGTG,0,5209355
yqjE_yqjK_yqjD_yqjC_predicted,0.058823529411764705,16,16,TCACGTTCACACACAGGATG,0,5246862
yqjE_yqjK_yqjD_yqjC_predicted,0.058823529411764705,16,16,TATTCAATTAGGGTCAAGAA,0,5242671
yqjE_yqjK_yqjD_yqjC_predicted,0.058823529411764705,16,16,TATGGTTCTCCATTCTCCAA,0,5183998
yqjE_yqjK_yqjD_yqjC_predicted,0.058823529411764705,16,16,TATGCGTCCCGATCGTGCCG,0,5214022
yqjE_yqjK_yqjD_yqjC_predicted,0.058823529411764705,16,16,TATGCCTTGTGTAGAGGAGT,0,5203972
yqjE_yqjK_yqjD_yqjC_predicted,0.058823529411764705,16,16,TAGGGAATGTTTTGAGGGTA,0,5250693
yqjE_yqjK_yqjD_yqjC_predicted,0.058823529411764705,16,16,TAGGCTGCCGATTCTTAGTC,0,5218390
yqjE_yqjK_yqjD_yqjC_predicted,0.058823529411764705,16,16,TAGGCGCATGGAGCCTCTGA,0,5221763
yqjE_yqjK_yqjD_yqjC_predicted,0.058823529411764705,16,16,TAGCCATTCTCCGCATCGGG,0,5259437
yqjE_yqjK_yqjD_yqjC_predicted,0.058823529411764705,16,16,TACGGAATTGTTCTAGAACT,0,5179868
yqjE_yqjK_yqjD_yqjC_predicted,0.058823529411764705,16,16,TAACTTGGTATTAACATAGT,0,5258945
yqjE_yqjK_yqjD_yqjC_predicted,0.058823529411764705,16,16,TAAAGTACGTTCATACATCA,0,5228077
yqjE_yqjK_yqjD_yqjC_predicted,0.058823529411764705,16,16,GTTTGCTCTAAGGTGGTCTT,0,5191790
yqjE_yqjK_yqjD_yqjC_predicted,0.058823529411764705,16,16,GTTTCCTACACGGGATGAGT,0,5193838
yqjE_yqjK_yqjD_yqjC_predicted,0.058823529411764705,16,16,GTTAAGCCCTACGCAAGGTA,0,5259492
yqjE_yqjK_yqjD_yqjC_predicted,0.058823529411764705,16,16,GTTAACATGGCAATTACGTA,0,5197031
yqjE_yqjK_yqjD_yqjC_predicted,0.058823529411764705,16,16,GTGTAGTTATCATCGTAGGT,0,5218287
yqjE_yqjK_yqjD_yqjC_predicted,0.058823529411764705,16,16,GTGCCGTGCGTATCCGGAGG,0,5236112
yqjE_yqjK_yqjD_yqjC_predicted,0.058823529411764705,16,16,GTGCACAAGCGGGGAACTTG,0,5180531
yqjE_yqjK_yqjD_yqjC_predicted,0.058823529411764705,16,16,GTGATCGGGCCGGAGAAAGT,0,5208597
yqjE_yqjK_yqjD_yqjC_predicted,0.058823529411764705,16,16,GTCGCGACCGTGGACCATTC,0,5227504
yqjE_yqjK_yqjD_yqjC_predicted,0.058823529411764705,16,16,GTCCAGTAGCATTCTGTTAT,0,5202461
yqjE_yqjK_yqjD_yqjC_predicted,0.058823529411764705,16,16,GGTGATTTCGCCTCTATAAG,0,5205066
yqjE_yqjK_yqjD_yqjC_predicted,0.058823529411764705,16,16,GGGGTAACGAGCCCGATCCT,0,5191989
yqjE_yqjK_yqjD_yqjC_predicted,0.058823529411764705,16,16,GGGCACAATCGGGGTCTACT,0,5174588
yqjE_yqjK_yqjD_yqjC_predicted,0.058823529411764705,16,16,GGGAGACCCGGTTACCGAGT,0,5248762
yqjE_yqjK_yqjD_yqjC_predicted,0.058823529411764705,16,16,GGCTGCGTATGCTGCGGGGG,0,5225498
yqjE_yqjK_yqjD_yqjC_predicted,0.058823529411764705,16,16,GGCTCCTCCTGGCTCGTTGT,0,5233495
yqjE_yqjK_yqjD_yqjC_predicted,0.058823529411764705,16,16,GGACGCCTAGGAATCGTCCT,0,5187378
yqjE_yqjK_yqjD_yqjC_predicted,0.058823529411764705,16,16,GGAATGCTACCGTCCTCCTA,0,5201417
yqjE_yqjK_yqjD_yqjC_predicted,0.058823529411764705,16,16,GGAAGGCCAGTGATACTGAT,0,5206747
yqjE_yqjK_yqjD_yqjC_predicted,0.058823529411764705,16,16,GGAAACAAAGCCCCTCTGGA,0,5213874
yqjE_yqjK_yqjD_yqjC_predicted,0.058823529411764705,16,16,GCTCGCCTGTTCACAGAGGC,0,5207157
yqjE_yqjK_yqjD_yqjC_predicted,0.058823529411764705,16,16,GCTCCGGCATAAACAAGACA,0,5237559
yqjE_yqjK_yqjD_yqjC_predicted,0.058823529411764705,16,16,GCTAGAGGCGGCGTTGCAAA,0,5211186
yqjE_yqjK_yqjD_yqjC_predicted,0.058823529411764705,16,16,GCGTATTCTTCTAAGGTGTA,0,5230074
yqjE_yqjK_yqjD_yqjC_predicted,0.058823529411764705,16,16,GCGGTCGATGGACTAGCTGC,0,5187914
yqjE_yqjK_yqjD_yqjC_predicted,0.058823529411764705,16,16,GCGGGAACTGCTTTACGCGC,0,5190726
yqjE_yqjK_yqjD_yqjC_predicted,0.058823529411764705,16,16,GCGGAAGAAGTGAACTCATA,0,5234082
yqjE_yqjK_yqjD_yqjC_predicted,0.058823529411764705,16,16,GCGCAGGGGGGCAGTTTTTC,0,5229262
yqjE_yqjK_yqjD_yqjC_predicted,0.058823529411764705,16,16,GCCGCGGAGACTCCGCCAGC,0,5223885
yqjE_yqjK_yqjD_yqjC_predicted,0.058823529411764705,16,16,GCCAAGTGGAATAATAGCTA,0,5199748
yqjE_yqjK_yqjD_yqjC_predicted,0.058823529411764705,16,16,GCATGTCTACAAACCATTGA,0,5219501
yqjE_yqjK_yqjD_yqjC_predicted,0.058823529411764705,16,16,GCACATCGACAACTTCTATA,0,5171226
yqjE_yqjK_yqjD_yqjC_predicted,0.058823529411764705,16,16,GCAATGACAACCGCATTAAC,0,5171706
yqjE_yqjK_yqjD_yqjC_predicted,0.058823529411764705,16,16,GATAGCCTGAATGACCTTCG,0,5182354
yqjE_yqjK_yqjD_yqjC_predicted,0.058823529411764705,16,16,GATAATCATAGGTGAGTGAT,0,5231325
yqjE_yqjK_yqjD_yqjC_predicted,0.058823529411764705,16,16,GAGCTGTCGCAGGGTGAAGT,0,5255367
yqjE_yqjK_yqjD_yqjC_predicted,0.058823529411764705,16,16,CTTTGTATAATAACCATTAG,0,5231883
yqjE_yqjK_yqjD_yqjC_predicted,0.058823529411764705,16,16,CTTGTCCACTCGATAGGAAG,0,5239026
yqjE_yqjK_yqjD_yqjC_predicted,0.058823529411764705,16,16,CTTGCGTAGGTGTTAAAATG,0,5199751
yqjE_yqjK_yqjD_yqjC_predicted,0.058823529411764705,16,16,CTTCACGACTGAAAAGTCAG,0,5233024
yqjE_yqjK_yqjD_yqjC_predicted,0.058823529411764705,16,16,CTGTTACTACATCCTGTTTT,0,5251672
yqjE_yqjK_yqjD_yqjC_predicted,0.058823529411764705,16,16,CTGGACGTCGGTATGCTTCC,0,5254796
yqjE_yqjK_yqjD_yqjC_predicted,0.058823529411764705,16,16,CTGCTCGTATGCGGGGCTCT,0,5176907
yqjE_yqjK_yqjD_yqjC_predicted,0.058823529411764705,16,16,CTGCAACCGCGTTTGTGGCT,0,5260759
yqjE_yqjK_yqjD_yqjC_predicted,0.058823529411764705,16,16,CTGATAAGTCGTTTTATTGA,0,5185233
yqjE_yqjK_yqjD_yqjC_predicted,0.058823529411764705,16,16,CTCGCACATTTTAGGTAGCA,0,5173521
yqjE_yqjK_yqjD_yqjC_predicted,0.058823529411764705,16,16,CGGTCGCGGTACAAGCAGGG,0,5177689
yqjE_yqjK_yqjD_yqjC_predicted,0.058823529411764705,16,16,CGGGTACACTTAGCTACCGT,0,5205131
yqjE_yqjK_yqjD_yqjC_predicted,0.058823529411764705,16,16,CGGGCCGTCACGATGCCGCA,0,5260197
yqjE_yqjK_yqjD_yqjC_predicted,0.058823529411764705,16,16,CGGGCATGTATAATAACACA,0,5190494
yqjE_yqjK_yqjD_yqjC_predicted,0.058823529411764705,16,16,CGGCTAATGATTAGATTAAA,0,5172681
yqjE_yqjK_yqjD_yqjC_predicted,0.058823529411764705,16,16,CGGAAATTGAACTATGCGCG,0,5232371
yqjE_yqjK_yqjD_yqjC_predicted,0.058823529411764705,16,16,CGCGGACTCTACAGGGGCTC,0,5234635
yqjE_yqjK_yqjD_yqjC_predicted,0.058823529411764705,16,16,CGCCGTAGCTTTCAGCGTAA,0,5244992
yqjE_yqjK_yqjD_yqjC_predicted,0.058823529411764705,16,16,CGCCGCGTGTGTGGCATCGT,0,5258508
yqjE_yqjK_yqjD_yqjC_predicted,0.058823529411764705,16,16,CGATTTGTAAGAACACTTAT,0,5179916
yqjE_yqjK_yqjD_yqjC_predicted,0.058823529411764705,16,16,CGATTGTAAGGACATACAAT,0,5173630
yqjE_yqjK_yqjD_yqjC_predicted,0.058823529411764705,16,16,CGATAAAAGTGGACACCCTT,0,5251500
yqjE_yqjK_yqjD_yqjC_predicted,0.058823529411764705,16,16,CGAACTAATGCAACGTACAT,0,5186534
yqjE_yqjK_yqjD_yqjC_predicted,0.058823529411764705,16,16,CCTGGACTAGGGTAAGCGGT,0,5193824
yqjE_yqjK_yqjD_yqjC_predicted,0.058823529411764705,16,16,CCTGCCACATCCTGGCTGGA,0,5215476
yqjE_yqjK_yqjD_yqjC_predicted,0.058823529411764705,16,16,CCTGATGAATTCGCACCTGC,0,5240155
yqjE_yqjK_yqjD_yqjC_predicted,0.058823529411764705,16,16,CCTACCGCGACTTGCAAATA,0,5176549
yqjE_yqjK_yqjD_yqjC_predicted,0.058823529411764705,16,16,CCGTAATACATAAGCACGGA,0,5204774
yqjE_yqjK_yqjD_yqjC_predicted,0.058823529411764705,16,16,CCGGGTCTAGCAGACAAAAT,0,5242053
yqjE_yqjK_yqjD_yqjC_predicted,0.058823529411764705,16,16,CCGGCCACTAGGTAACCAAA,0,5186960
yqjE_yqjK_yqjD_yqjC_predicted,0.058823529411764705,16,16,CCCGCTGGCCCTTAACGCTA,0,5175648
yqjE_yqjK_yqjD_yqjC_predicted,0.058823529411764705,16,16,CCATTTTGCGAAGTCCGGGT,0,5197375
yqjE_yqjK_yqjD_yqjC_predicted,0.058823529411764705,16,16,CCATCCTCTAGCCCGAGGTG,0,5215785
yqjE_yqjK_yqjD_yqjC_predicted,0.058823529411764705,16,16,CCAGTTCAGGCATCTAAAGT,0,5259830
yqjE_yqjK_yqjD_yqjC_predicted,0.058823529411764705,16,16,CCAAGCGTTCTAACCACTTT,0,5186393
yqjE_yqjK_yqjD_yqjC_predicted,0.058823529411764705,16,16,CATGGAAGTTATCCTGCAGA,0,5201889
yqjE_yqjK_yqjD_yqjC_predicted,0.058823529411764705,16,16,CATCGACCGCTGACATCGCT,0,5172662
yqjE_yqjK_yqjD_yqjC_predicted,0.058823529411764705,16,16,CACCACGAGGCGTGCTCCGC,0,5173974
yqjE_yqjK_yqjD_yqjC_predicted,0.058823529411764705,16,16,CACAGACCCGGTTGTCGGTT,0,5248023
yqjE_yqjK_yqjD_yqjC_predicted,0.058823529411764705,16,16,CACAAATCTCACGTTAGATC,0,5252717
yqjE_yqjK_yqjD_yqjC_predicted,0.058823529411764705,16,16,CAAAAGGTGGACCTTGTTGG,0,5183452
yqjE_yqjK_yqjD_yqjC_predicted,0.058823529411764705,16,16,ATTTTTAAAGCCCTTGGGTG,0,5172623
yqjE_yqjK_yqjD_yqjC_predicted,0.058823529411764705,16,16,ATTGGCGTTTTCCTACTTGG,0,5228952
yqjE_yqjK_yqjD_yqjC_predicted,0.058823529411764705,16,16,ATTCTATCACACGACGTGAG,0,5202859
yqjE_yqjK_yqjD_yqjC_predicted,0.058823529411764705,16,16,ATTCAAATATGTGTAACAAT,0,5221939
yqjE_yqjK_yqjD_yqjC_predicted,0.058823529411764705,16,16,ATTAGGTGGACTACAGCGTT,0,5256572
yqjE_yqjK_yqjD_yqjC_predicted,0.058823529411764705,16,16,ATGGTAGTGGGCCAGCTCGG,0,5202644
yqjE_yqjK_yqjD_yqjC_predicted,0.058823529411764705,16,16,ATGCTAGGCGCGGTTGTAAT,0,5180342
yqjE_yqjK_yqjD_yqjC_predicted,0.058823529411764705,16,16,ATGCGCGGGTTTTGATGACT,0,5178150
yqjE_yqjK_yqjD_yqjC_predicted,0.058823529411764705,16,16,ATGCCTACACACCAGGCCGG,0,5221164
yqjE_yqjK_yqjD_yqjC_predicted,0.058823529411764705,16,16,ATGCAAACAGGCTAGTAAAG,0,5197182
yqjE_yqjK_yqjD_yqjC_predicted,0.058823529411764705,16,16,ATCCCAAACACACTGTTGTA,0,5258459
yqjE_yqjK_yqjD_yqjC_predicted,0.058823529411764705,16,16,ATATGGGGAAGCTCGTGCCT,0,5182375
yqjE_yqjK_yqjD_yqjC_predicted,0.058823529411764705,16,16,ATAATTGGGAAGGTTATGGT,0,5211390
yqjE_yqjK_yqjD_yqjC_predicted,0.058823529411764705,16,16,AGTAGTCAGCTGCAAGGCCG,0,5212871
yqjE_yqjK_yqjD_yqjC_predicted,0.058823529411764705,16,16,AGGTGGCTGGGGGAGCGTCT,0,5219217
yqjE_yqjK_yqjD_yqjC_predicted,0.058823529411764705,16,16,AGGGGAGCCAATCCTTGTAA,0,5227757
yqjE_yqjK_yqjD_yqjC_predicted,0.058823529411764705,16,16,AGCTTGGTGTGCGGACCGCG,0,5203677
yqjE_yqjK_yqjD_yqjC_predicted,0.058823529411764705,16,16,AGCGTTCCCAGGGCCGATGC,0,5229256
yqjE_yqjK_yqjD_yqjC_predicted,0.058823529411764705,16,16,AGCGGATCCGGTGTGATGTG,0,5173916
yqjE_yqjK_yqjD_yqjC_predicted,0.058823529411764705,16,16,AGCGCTCTGTCTCGCAGTGT,0,5250913
yqjE_yqjK_yqjD_yqjC_predicted,0.058823529411764705,16,16,AGCCCCTAAAGCTGACGTGT,0,5244692
yqjE_yqjK_yqjD_yqjC_predicted,0.058823529411764705,16,16,AGATTGTGCGACCAGTCTTA,0,5250257
yqjE_yqjK_yqjD_yqjC_predicted,0.058823529411764705,16,16,AGAGAAGGAGATCCCAAACT,0,5187135
yqjE_yqjK_yqjD_yqjC_predicted,0.058823529411764705,16,16,AGACTTTCTAAACCCACAGT,0,5191876
yqjE_yqjK_yqjD_yqjC_predicted,0.058823529411764705,16,16,AGAAGCGAGGCGGTAGTGTT,0,5200772
yqjE_yqjK_yqjD_yqjC_predicted,0.058823529411764705,16,16,AGAAAGGCGTCGGCCTGGAG,0,5254384
yqjE_yqjK_yqjD_yqjC_predicted,0.058823529411764705,16,16,ACTATTAGTACTGTGGGCCA,0,5192414
yqjE_yqjK_yqjD_yqjC_predicted,0.058823529411764705,16,16,ACTATATCGCTACTTCTCGG,0,5206265
yqjE_yqjK_yqjD_yqjC_predicted,0.058823529411764705,16,16,ACGTATAATGCAAAAGAGTT,0,5175730
yqjE_yqjK_yqjD_yqjC_predicted,0.058823529411764705,16,16,ACGATTTTAACCCCAAATGG,0,5247707
yqjE_yqjK_yqjD_yqjC_predicted,0.058823529411764705,16,16,ACCTTGGTTCTAACTCTACT,0,5231943
yqjE_yqjK_yqjD_yqjC_predicted,0.058823529411764705,16,16,ACCGGGTGTGGGTTCGGCTG,0,5214182
yqjE_yqjK_yqjD_yqjC_predicted,0.058823529411764705,16,16,ACCGGCGGACACGCGGGAGG,0,5171633
yqjE_yqjK_yqjD_yqjC_predicted,0.058823529411764705,16,16,ACCATTCTGGCGACGGTTTC,0,5231396
yqjE_yqjK_yqjD_yqjC_predicted,0.058823529411764705,16,16,ACAAGTTTATACGACGAGGA,0,5175228
yqjE_yqjK_yqjD_yqjC_predicted,0.058823529411764705,16,16,ACAAGTGCCTAATGACGGAA,0,5229283
yqjE_yqjK_yqjD_yqjC_predicted,0.058823529411764705,16,16,ACAAGTCTGTAGGATGGTGT,0,5220109
yqjE_yqjK_yqjD_yqjC_predicted,0.058823529411764705,16,16,AATTTACTTAGTCTCGGAAT,0,5260306
yqjE_yqjK_yqjD_yqjC_predicted,0.058823529411764705,16,16,AATTAGTTCGGTGCGCTTAT,0,5203776
yqjE_yqjK_yqjD_yqjC_predicted,0.058823529411764705,16,16,AATTAGTGTGGGCCGAACGC,0,5224348
yqjE_yqjK_yqjD_yqjC_predicted,0.058823529411764705,16,16,AAGCTTCGTAGCTACTAATG,0,5194721
yqjE_yqjK_yqjD_yqjC_predicted,0.058823529411764705,16,16,AAGCACATACAGAGGCATAA,0,5256384
yqjE_yqjK_yqjD_yqjC_predicted,0.058823529411764705,16,16,AACTTGCTGTGTCGCCCGTG,0,5235585
yqjE_yqjK_yqjD_yqjC_predicted,0.058823529411764705,16,16,AACTAAGGACCATGGATCTG,0,5244298
yqjE_yqjK_yqjD_yqjC_predicted,0.058823529411764705,16,16,AACGCAGACCACCTCGGAGC,0,5214493
yqjE_yqjK_yqjD_yqjC_predicted,0.058823529411764705,16,16,AACCGCGAAATTGAGTGAAT,0,5240623
yqjE_yqjK_yqjD_yqjC_predicted,0.058823529411764705,16,16,AAATGATAGTCAGACTGGGT,0,5188794
yqjE_yqjK_yqjD_yqjC_predicted,0.058823529411764705,16,16,AAAGCTCTAAGGATTGCGGA,0,5235870
yqjE_yqjK_yqjD_yqjC_predicted,0.058823529411764705,16,16,AAAAAGGTATACGACAGACG,0,5211856
yqjE_yqjK_yqjD_yqjC_predicted,0.0625,15,15,TTTTACATAGTAGTGTTTAC,0,5258981
yqjE_yqjK_yqjD_yqjC_predicted,0.0625,15,15,TTTGCACTGCAGAGAGCTAC,0,5229924
yqjE_yqjK_yqjD_yqjC_predicted,0.0625,15,15,TTTAGTCAGTATCTATCGAC,0,5225063
yqjE_yqjK_yqjD_yqjC_predicted,0.0625,15,15,TTCTAATTGTTTGACGAATT,0,5178079
yqjE_yqjK_yqjD_yqjC_predicted,0.0625,15,15,TTCCGGTTGATAGCCCGCGT,0,5239806
yqjE_yqjK_yqjD_yqjC_predicted,0.0625,15,15,TTCAGGTCCACCTCTTGTGC,0,5210918
yqjE_yqjK_yqjD_yqjC_predicted,0.0625,15,15,TTCAACAGGCAGGTGAAGGT,0,5242092
yqjE_yqjK_yqjD_yqjC_predicted,0.0625,15,15,TTAGCTGGTACAACCGAATG,0,5229422
yqjE_yqjK_yqjD_yqjC_predicted,0.0625,15,15,TTAATTTTATTGTTACTGAG,0,5226040
yqjE_yqjK_yqjD_yqjC_predicted,0.0625,15,15,TGTGAGGGACGGGGTGTAAC,0,5220067
yqjE_yqjK_yqjD_yqjC_predicted,0.0625,15,15,TGGTACGGATGTTCTTGGAT,0,5219079
yqjE_yqjK_yqjD_yqjC_predicted,0.0625,15,15,TGGATGGAAGAAACCTGGAG,0,5195188
yqjE_yqjK_yqjD_yqjC_predicted,0.0625,15,15,TGCGATTATAGGCTCGTCAT,0,5249648
yqjE_yqjK_yqjD_yqjC_predicted,0.0625,15,15,TGCCGCTGTGTTGGCTATAT,0,5233368
yqjE_yqjK_yqjD_yqjC_predicted,0.0625,15,15,TGCATTGTGTTTAGTAAGAT,0,5237820
yqjE_yqjK_yqjD_yqjC_predicted,0.0625,15,15,TGCATTATCGGCCAGTAATA,0,5189147
yqjE_yqjK_yqjD_yqjC_predicted,0.0625,15,15,TGATCTTTATTCGGCTGAAG,0,5189841
yqjE_yqjK_yqjD_yqjC_predicted,0.0625,15,15,TGAGAGCGTAATGATCGTTT,0,5190070
yqjE_yqjK_yqjD_yqjC_predicted,0.0625,15,15,TGACTTGGCGCGGGGACTGA,0,5251508
yqjE_yqjK_yqjD_yqjC_predicted,0.0625,15,15,TGACGGATTAATCGTCACAG,0,5222305
yqjE_yqjK_yqjD_yqjC_predicted,0.0625,15,15,TGACCGCAGTACTAGAACGT,0,5213245
yqjE_yqjK_yqjD_yqjC_predicted,0.0625,15,15,TCTGACCGCGTCGGCCGAGC,0,5260885
yqjE_yqjK_yqjD_yqjC_predicted,0.0625,15,15,TCGTTCTTCCAGAAAAAACA,0,5185379
yqjE_yqjK_yqjD_yqjC_predicted,0.0625,15,15,TCGCCCCCGGAGAAGGAGAA,0,5229340
yqjE_yqjK_yqjD_yqjC_predicted,0.0625,15,15,TCGACGGAGGACGGACATCA,0,5189525
yqjE_yqjK_yqjD_yqjC_predicted,0.0625,15,15,TCCCCGCATTACCCGTTCAT,0,5195734
yqjE_yqjK_yqjD_yqjC_predicted,0.0625,15,15,TCCCCGACTCCCTTCGATTT,0,5190421
yqjE_yqjK_yqjD_yqjC_predicted,0.0625,15,15,TCCAGCAGGGCAAATGGCGT,0,5251744
yqjE_yqjK_yqjD_yqjC_predicted,0.0625,15,15,TCAGCCGGAGCAGAACCGGT,0,5205549
yqjE_yqjK_yqjD_yqjC_predicted,0.0625,15,15,TCACCGGTGTGTAGGCAGTA,0,5207704
yqjE_yqjK_yqjD_yqjC_predicted,0.0625,15,15,TCACACGCACACCAGAGGCG,0,5177589
yqjE_yqjK_yqjD_yqjC_predicted,0.0625,15,15,TATATTCTACGCGCCCCGTC,0,5206811
yqjE_yqjK_yqjD_yqjC_predicted,0.0625,15,15,TATATAGGTGAGTATACGAC,0,5185381
yqjE_yqjK_yqjD_yqjC_predicted,0.0625,15,15,TAGGGAGTAGGCGATGCCTG,0,5174406
yqjE_yqjK_yqjD_yqjC_predicted,0.0625,15,15,TAGCCCCACGACTGGCGCGA,0,5237036
yqjE_yqjK_yqjD_yqjC_predicted,0.0625,15,15,TACGTAGGCTTTACTATGAG,0,5258793
yqjE_yqjK_yqjD_yqjC_predicted,0.0625,15,15,TACCTCTATACAGTCAATCG,0,5227286
yqjE_yqjK_yqjD_yqjC_predicted,0.0625,15,15,TACATATGGCGCCCTTTGCT,0,5214233
yqjE_yqjK_yqjD_yqjC_predicted,0.0625,15,15,TACAGCGATGCTGCAATCCC,0,5240081
yqjE_yqjK_yqjD_yqjC_predicted,0.0625,15,15,TAAGTCCGCTACTTGTTGGT,0,5248030
yqjE_yqjK_yqjD_yqjC_predicted,0.0625,15,15,TAAATCCAATGCAGAGCCGA,0,5184298
yqjE_yqjK_yqjD_yqjC_predicted,0.0625,15,15,TAAAGCCAAGGGGGACTTGG,0,5251451
yqjE_yqjK_yqjD_yqjC_predicted,0.0625,15,15,GTTTTAGTTTGGTGTCTCCG,0,5225066
yqjE_yqjK_yqjD_yqjC_predicted,0.0625,15,15,GTTTCGGGCATATCCCGACA,0,5237531
yqjE_yqjK_yqjD_yqjC_predicted,0.0625,15,15,GTTTCCAAACAGTTAGCTCT,0,5179657
yqjE_yqjK_yqjD_yqjC_predicted,0.0625,15,15,GTTTAAACCGCCACGGGCAA,0,5227211
yqjE_yqjK_yqjD_yqjC_predicted,0.0625,15,15,GTTGCAGACGATGTGTAGTG,0,5207338
yqjE_yqjK_yqjD_yqjC_predicted,0.0625,15,15,GTTCCAGATGGCATGCGTAA,0,5202018
yqjE_yqjK_yqjD_yqjC_predicted,0.0625,15,15,GTTATGATTTCACCCGAGCG,0,5216836
yqjE_yqjK_yqjD_yqjC_predicted,0.0625,15,15,GTTAGTCCGCCGTGTACTTT,0,5213903
yqjE_yqjK_yqjD_yqjC_predicted,0.0625,15,15,GTGGCGTTAGCTTTCCGGAC,0,5188940
yqjE_yqjK_yqjD_yqjC_predicted,0.0625,15,15,GTGACTCCTATTCGGTCTTC,0,5251485
yqjE_yqjK_yqjD_yqjC_predicted,0.0625,15,15,GTCGATAGGGAATCCGACCT,0,5213930
yqjE_yqjK_yqjD_yqjC_predicted,0.0625,15,15,GTCATAAGGGGTTATGTTGG,0,5179093
yqjE_yqjK_yqjD_yqjC_predicted,0.0625,15,15,GTAGACGGCAGCTAGTGGAC,0,5218126
yqjE_yqjK_yqjD_yqjC_predicted,0.0625,15,15,GGTCGTACTCCCCCATAACT,0,5211868
yqjE_yqjK_yqjD_yqjC_predicted,0.0625,15,15,GGGCGAGTGTGTCCGCGGTT,0,5192762
yqjE_yqjK_yqjD_yqjC_predicted,0.0625,15,15,GGGACCACCAATTGCGCTAG,0,5217599
yqjE_yqjK_yqjD_yqjC_predicted,0.0625,15,15,GGCGGGGAAAGTCAGCGAGT,0,5194620
yqjE_yqjK_yqjD_yqjC_predicted,0.0625,15,15,GGCAACGTCGGAGTGTGGTG,0,5251324
yqjE_yqjK_yqjD_yqjC_predicted,0.0625,15,15,GCTTGAGGGATCGAAAACCC,0,5180285
yqjE_yqjK_yqjD_yqjC_predicted,0.0625,15,15,GCTATACGCGATCAACGGTG,0,5215501
yqjE_yqjK_yqjD_yqjC_predicted,0.0625,15,15,GCGGAACCCCTGCCGTGACC,0,5205719
yqjE_yqjK_yqjD_yqjC_predicted,0.0625,15,15,GCGAGGTTATACGCGCAACA,0,5217877
yqjE_yqjK_yqjD_yqjC_predicted,0.0625,15,15,GCCTCGACCTCCCGCAACAG,0,5190141
yqjE_yqjK_yqjD_yqjC_predicted,0.0625,15,15,GCCGGCACACGTGTGGATGG,0,5232831
yqjE_yqjK_yqjD_yqjC_predicted,0.0625,15,15,GCCGCTGTCTGCATGAATGG,0,5194432
yqjE_yqjK_yqjD_yqjC_predicted,0.0625,15,15,GCCCGATACGTTCTTCATGT,0,5220050
yqjE_yqjK_yqjD_yqjC_predicted,0.0625,15,15,GCCCGAAATTGCATCCAAAT,0,5213014
yqjE_yqjK_yqjD_yqjC_predicted,0.0625,15,15,GCCATCGTGCTACAATACGG,0,5182238
yqjE_yqjK_yqjD_yqjC_predicted,0.0625,15,15,GCCAGTTTTATCCATAAGGA,0,5183268
yqjE_yqjK_yqjD_yqjC_predicted,0.0625,15,15,GCCAGTTACAAGCTTTTCAG,0,5217105
yqjE_yqjK_yqjD_yqjC_predicted,0.0625,15,15,GCATGTTACGATATGTGGTA,0,5184762
yqjE_yqjK_yqjD_yqjC_predicted,0.0625,15,15,GCAGTGGAACTGTGGCGCGG,0,5257986
yqjE_yqjK_yqjD_yqjC_predicted,0.0625,15,15,GATTTATGGAATTAACTCAG,0,5243986
yqjE_yqjK_yqjD_yqjC_predicted,0.0625,15,15,GATGTCTACGGGTACGCGCC,0,5210904
yqjE_yqjK_yqjD_yqjC_predicted,0.0625,15,15,GATCAAGGTGAGCGACGGAA,0,5238005
yqjE_yqjK_yqjD_yqjC_predicted,0.0625,15,15,GAGTGGGTAACGACGCTTAA,0,5235726
yqjE_yqjK_yqjD_yqjC_predicted,0.0625,15,15,GAGACAAGAGGTTTTTGGAT,0,5173018
yqjE_yqjK_yqjD_yqjC_predicted,0.0625,15,15,GACTACGATTTCACTGTATT,0,5230019
yqjE_yqjK_yqjD_yqjC_predicted,0.0625,15,15,GACACAAGCGTGTACGACAC,0,5211385
yqjE_yqjK_yqjD_yqjC_predicted,0.0625,15,15,GACAAATTCGCGCTCCCGTT,0,5200093
yqjE_yqjK_yqjD_yqjC_predicted,0.0625,15,15,GAATTGTGGGACCTACAGGA,0,5255042
yqjE_yqjK_yqjD_yqjC_predicted,0.0625,15,15,GAACCGCGCACGCCCTGGGG,0,5190103
yqjE_yqjK_yqjD_yqjC_predicted,0.0625,15,15,GAAACTATCGTGGAGTACGA,0,5231704
yqjE_yqjK_yqjD_yqjC_predicted,0.0625,15,15,CTTCATACAAACCGCGTAAA,0,5202715
yqjE_yqjK_yqjD_yqjC_predicted,0.0625,15,15,CTTACCGCGATCCGGTCTGC,0,5202601
yqjE_yqjK_yqjD_yqjC_predicted,0.0625,15,15,CTGTGTGTTTAAGTACATCA,0,5244698
yqjE_yqjK_yqjD_yqjC_predicted,0.0625,15,15,CTGCGGCGATTATTCTATCG,0,5213491
yqjE_yqjK_yqjD_yqjC_predicted,0.0625,15,15,CTGAAGTCTGATCACGCAAA,0,5192161
yqjE_yqjK_yqjD_yqjC_predicted,0.0625,15,15,CTCTGGCGCAGCGGAGAGTT,0,5199043
yqjE_yqjK_yqjD_yqjC_predicted,0.0625,15,15,CTATCCGTCAGAGTTGATAG,0,5221467
yqjE_yqjK_yqjD_yqjC_predicted,0.0625,15,15,CTAGGGGCTAGGCTCGAGAC,0,5259980
yqjE_yqjK_yqjD_yqjC_predicted,0.0625,15,15,CGTTGCAGCGAGAGGCCATT,0,5181473
yqjE_yqjK_yqjD_yqjC_predicted,0.0625,15,15,CGTTAGCTATGTCGACTAAT,0,5238563
yqjE_yqjK_yqjD_yqjC_predicted,0.0625,15,15,CGTGAGGAATCTCCGTTGGT,0,5246463
yqjE_yqjK_yqjD_yqjC_predicted,0.0625,15,15,CGTCTTTAGATGCGCCAGCA,0,5191495
yqjE_yqjK_yqjD_yqjC_predicted,0.0625,15,15,CGGTCTTATCGGTGTGTGAT,0,5176020
yqjE_yqjK_yqjD_yqjC_predicted,0.0625,15,15,CGGTAAACGCCGTCAGTTTG,0,5183767
yqjE_yqjK_yqjD_yqjC_predicted,0.0625,15,15,CGGGGCGGTAAGACAGCGTG,0,5245884
yqjE_yqjK_yqjD_yqjC_predicted,0.0625,15,15,CGGGAGGGCTGCCCCCCACG,0,5176176
yqjE_yqjK_yqjD_yqjC_predicted,0.0625,15,15,CGGGAGGAGTCGCGTCGAAA,0,5171705
yqjE_yqjK_yqjD_yqjC_predicted,0.0625,15,15,CGGATTGGGCCGACCAGTTG,0,5189928
yqjE_yqjK_yqjD_yqjC_predicted,0.0625,15,15,CGGACTGCCGCATATCTGAG,0,5188610
yqjE_yqjK_yqjD_yqjC_predicted,0.0625,15,15,CGCGGTCGGGATGTGGGACC,0,5239414
yqjE_yqjK_yqjD_yqjC_predicted,0.0625,15,15,CGCGAGTGATCTTTCTTCCA,0,5262546
yqjE_yqjK_yqjD_yqjC_predicted,0.0625,15,15,CGCAACGATCGGAACGGACA,0,5187608
yqjE_yqjK_yqjD_yqjC_predicted,0.0625,15,15,CGATTCCGGGTTAAAGGGCA,0,5184975
yqjE_yqjK_yqjD_yqjC_predicted,0.0625,15,15,CGAAGACACAATCCCGAAAA,0,5223364
yqjE_yqjK_yqjD_yqjC_predicted,0.0625,15,15,CCTATGGTATTTCGAATATC,0,5214741
yqjE_yqjK_yqjD_yqjC_predicted,0.0625,15,15,CCGGGTATGTCAGGACTCTT,0,5245567
yqjE_yqjK_yqjD_yqjC_predicted,0.0625,15,15,CCGATCCAAGAAACTTACCT,0,5249206
yqjE_yqjK_yqjD_yqjC_predicted,0.0625,15,15,CCGACCCCCAGTAGGTTCAC,0,5173698
yqjE_yqjK_yqjD_yqjC_predicted,0.0625,15,15,CCGACCCCAGCCTTAGGTAA,0,5255160
yqjE_yqjK_yqjD_yqjC_predicted,0.0625,15,15,CCCTTTAGATACCAAAGAAC,0,5208268
yqjE_yqjK_yqjD_yqjC_predicted,0.0625,15,15,CCCGGTCTGCGGAGGAGCAT,0,5181476
yqjE_yqjK_yqjD_yqjC_predicted,0.0625,15,15,CCCGGCGCATCCATAGTTGA,0,5201152
yqjE_yqjK_yqjD_yqjC_predicted,0.0625,15,15,CCAGCAATTCCTCGGGTTAG,0,5239601
yqjE_yqjK_yqjD_yqjC_predicted,0.0625,15,15,CCAGATCTACATAGAGGCGA,0,5225367
yqjE_yqjK_yqjD_yqjC_predicted,0.0625,15,15,CCACTACTAGCATAAAGTTC,0,5181652
yqjE_yqjK_yqjD_yqjC_predicted,0.0625,15,15,CCACCTTTTTCCCTGTCCAA,0,5225278
yqjE_yqjK_yqjD_yqjC_predicted,0.0625,15,15,CATGAGTAGTCTGAACACAT,0,5262275
yqjE_yqjK_yqjD_yqjC_predicted,0.0625,15,15,CATCGATCGTGTCAGGGCCA,0,5201002
yqjE_yqjK_yqjD_yqjC_predicted,0.0625,15,15,CATCCGCAAGAGGAGATGGC,0,5256599
yqjE_yqjK_yqjD_yqjC_predicted,0.0625,15,15,CATCCGACTCATGGTAGCTA,0,5223281
yqjE_yqjK_yqjD_yqjC_predicted,0.0625,15,15,CATAAAGGTGTTAGGTCACA,0,5209602
yqjE_yqjK_yqjD_yqjC_predicted,0.0625,15,15,CAGGACAACTTCACTAGATA,0,5260054
yqjE_yqjK_yqjD_yqjC_predicted,0.0625,15,15,CAGATTATCAGCAATCTTCC,0,5191180
yqjE_yqjK_yqjD_yqjC_predicted,0.0625,15,15,CACGTCACAGGAGGCGTTTT,0,5242157
yqjE_yqjK_yqjD_yqjC_predicted,0.0625,15,15,CACGGTATCCTGCGTGACAG,0,5250546
yqjE_yqjK_yqjD_yqjC_predicted,0.0625,15,15,CACCGTCTATTCTTCCGCTC,0,5210185
yqjE_yqjK_yqjD_yqjC_predicted,0.0625,15,15,CACCCGGCTTGGTGGCCCGA,0,5259270
yqjE_yqjK_yqjD_yqjC_predicted,0.0625,15,15,CACCACAATACGACGGCTTG,0,5225626
yqjE_yqjK_yqjD_yqjC_predicted,0.0625,15,15,CACAGGCTATTATGCTTTAA,0,5215681
yqjE_yqjK_yqjD_yqjC_predicted,0.0625,15,15,CACAACATAAACGTTCCATG,0,5179153
yqjE_yqjK_yqjD_yqjC_predicted,0.0625,15,15,CAAAGCGAGCCCGTTTGGTC,0,5203975
yqjE_yqjK_yqjD_yqjC_predicted,0.0625,15,15,CAAACCGTTGCTAGTGTTCA,0,5171168
yqjE_yqjK_yqjD_yqjC_predicted,0.0625,15,15,ATTTCCCGGGGACATAATTT,0,5230064
yqjE_yqjK_yqjD_yqjC_predicted,0.0625,15,15,ATTTCCCACTATATGGGCTC,0,5252759
yqjE_yqjK_yqjD_yqjC_predicted,0.0625,15,15,ATTGCGATCCAAGACTTAGC,0,5189482
yqjE_yqjK_yqjD_yqjC_predicted,0.0625,15,15,ATTCGCGAGGAGGTAGAATT,0,5177288
yqjE_yqjK_yqjD_yqjC_predicted,0.0625,15,15,ATGTTTTATACGTAAAAGGC,0,5234530
yqjE_yqjK_yqjD_yqjC_predicted,0.0625,15,15,ATCTGATATTGGGATATCTC,0,5223525
yqjE_yqjK_yqjD_yqjC_predicted,0.0625,15,15,ATCTCCCTAATATGTCGAGC,0,5194023
yqjE_yqjK_yqjD_yqjC_predicted,0.0625,15,15,ATCCACGCGTTTCGACATTG,0,5179245
yqjE_yqjK_yqjD_yqjC_predicted,0.0625,15,15,ATCACAAGCGGGGGGTCAGG,0,5201511
yqjE_yqjK_yqjD_yqjC_predicted,0.0625,15,15,ATAACTACATCTCTCGTAGT,0,5224643
yqjE_yqjK_yqjD_yqjC_predicted,0.0625,15,15,ATAACACAGAAGGGTTTCGG,0,5181823
yqjE_yqjK_yqjD_yqjC_predicted,0.0625,15,15,AGTGCGTAGCTTTTTGCTCT,0,5175423
yqjE_yqjK_yqjD_yqjC_predicted,0.0625,15,15,AGTGACTGGATTTCCTGGGA,0,5192771
yqjE_yqjK_yqjD_yqjC_predicted,0.0625,15,15,AGGCACGAAGCGCTAATGAA,0,5243819
yqjE_yqjK_yqjD_yqjC_predicted,0.0625,15,15,AGCTGAAGAATTATTGCTAC,0,5177950
yqjE_yqjK_yqjD_yqjC_predicted,0.0625,15,15,AGATTACACAACGATGCTGT,0,5232450
yqjE_yqjK_yqjD_yqjC_predicted,0.0625,15,15,AGATATAAAAAATGGTGCGC,0,5258759
yqjE_yqjK_yqjD_yqjC_predicted,0.0625,15,15,AGATAGGTGATGGGTCGGCG,0,5191131
yqjE_yqjK_yqjD_yqjC_predicted,0.0625,15,15,AGACTCGGAGTCCGGTTCTA,0,5223013
yqjE_yqjK_yqjD_yqjC_predicted,0.0625,15,15,ACTTTTATCACTGAGCACTA,0,5175554
yqjE_yqjK_yqjD_yqjC_predicted,0.0625,15,15,ACTTTGTCGGAAAAAACTAA,0,5222256
yqjE_yqjK_yqjD_yqjC_predicted,0.0625,15,15,ACTAAAAGCGTATGAGACAG,0,5207979
yqjE_yqjK_yqjD_yqjC_predicted,0.0625,15,15,ACGGTCAGACTGCACCTTTA,0,5215704
yqjE_yqjK_yqjD_yqjC_predicted,0.0625,15,15,ACGCCAACCTCTAACGGTGA,0,5231563
yqjE_yqjK_yqjD_yqjC_predicted,0.0625,15,15,ACCGTGGAAGGAAAGCGTCT,0,5217970
yqjE_yqjK_yqjD_yqjC_predicted,0.0625,15,15,ACACCCTTTCTAACCCACAT,0,5208986
yqjE_yqjK_yqjD_yqjC_predicted,0.0625,15,15,ACAAGGTGGGAAGTTTGGAG,0,5235403
yqjE_yqjK_yqjD_yqjC_predicted,0.0625,15,15,AATTATATCCCAAAGTTATG,0,5189014
yqjE_yqjK_yqjD_yqjC_predicted,0.0625,15,15,AATCGCCGTTGTGCCCTTAC,0,5170892
yqjE_yqjK_yqjD_yqjC_predicted,0.0625,15,15,AATAGCAGGTTTCGCTTCAA,0,5185974
yqjE_yqjK_yqjD_yqjC_predicted,0.0625,15,15,AACTGGTGGAATAGCGGTCT,0,5208935
yqjE_yqjK_yqjD_yqjC_predicted,0.0625,15,15,AACTCTGTGGGTGAGATCGT,0,5244177
yqjE_yqjK_yqjD_yqjC_predicted,0.0625,15,15,AACCACGCCAATATACAGCT,0,5237827
yqjE_yqjK_yqjD_yqjC_predicted,0.0625,15,15,AACAAGGCATTGTTAAAAAG,0,5209489
yqjE_yqjK_yqjD_yqjC_predicted,0.0625,15,15,AAATCAGGTCCGTGTCGCAG,0,5198376
yqjE_yqjK_yqjD_yqjC_predicted,0.0625,15,15,AAAGTATTGGTGGCAGTCGT,0,5245807
yqjE_yqjK_yqjD_yqjC_predicted,0.0625,15,15,AAACCGAGTCATGCCTTTAT,0,5195751
yqjE_yqjK_yqjD_yqjC_predicted,0.0625,15,15,AAACCCCATTTAGGGGCTCC,0,5262009
yqjE_yqjK_yqjD_yqjC_predicted,0.06666666666666667,14,14,TTTCCTTATAATGTTCCCAA,0,5217202
yqjE_yqjK_yqjD_yqjC_predicted,0.06666666666666667,14,14,TTTAACACATGGATTGTAAA,0,5199046
yqjE_yqjK_yqjD_yqjC_predicted,0.06666666666666667,14,14,TTGCTCACAGCCTCCAGCGG,0,5220010
yqjE_yqjK_yqjD_yqjC_predicted,0.06666666666666667,14,14,TTGAGCTGATAGCACTGCTC,0,5186840
yqjE_yqjK_yqjD_yqjC_predicted,0.06666666666666667,14,14,TTGAAGTAAAGTTAGTAACC,0,5257020
yqjE_yqjK_yqjD_yqjC_predicted,0.06666666666666667,14,14,TTCGGGTGCGCGACAGCGCC,0,5223542
yqjE_yqjK_yqjD_yqjC_predicted,0.06666666666666667,14,14,TTCGGAACATGGTGTTTGGG,0,5219527
yqjE_yqjK_yqjD_yqjC_predicted,0.06666666666666667,14,14,TTCAATAGCATATCTGCTAG,0,5261753
yqjE_yqjK_yqjD_yqjC_predicted,0.06666666666666667,14,14,TTAGTGGCTTTGCAATACAG,0,5181318
yqjE_yqjK_yqjD_yqjC_predicted,0.06666666666666667,14,14,TTAAATGTCAGTATCGTTCA,0,5181358
yqjE_yqjK_yqjD_yqjC_predicted,0.06666666666666667,14,14,TGTTTTCAGTGTTAGGCGTC,0,5213481
yqjE_yqjK_yqjD_yqjC_predicted,0.06666666666666667,14,14,TGTGAATGGCTACTCACGCT,0,5256187
yqjE_yqjK_yqjD_yqjC_predicted,0.06666666666666667,14,14,TGGTTTGGGTCTACTGGGGG,0,5258125
yqjE_yqjK_yqjD_yqjC_predicted,0.06666666666666667,14,14,TGGTATAGCAACGCAAGATA,0,5217657
yqjE_yqjK_yqjD_yqjC_predicted,0.06666666666666667,14,14,TGGGATATGGATGGCCCTCA,0,5218718
yqjE_yqjK_yqjD_yqjC_predicted,0.06666666666666667,14,14,TGGCTGGTTCGGGTCTCTGT,0,5237287
yqjE_yqjK_yqjD_yqjC_predicted,0.06666666666666667,14,14,TGGCTGAGACGGACGTAATC,0,5200902
yqjE_yqjK_yqjD_yqjC_predicted,0.06666666666666667,14,14,TGGACAGGCAACACCGAGAT,0,5214415
yqjE_yqjK_yqjD_yqjC_predicted,0.06666666666666667,14,14,TGCTTCTCAGAAATTTTATC,0,5171285
yqjE_yqjK_yqjD_yqjC_predicted,0.06666666666666667,14,14,TGCTGTAGCACTCGTTCAAG,0,5227273
yqjE_yqjK_yqjD_yqjC_predicted,0.06666666666666667,14,14,TGCTGGGTCGTGACGTCCAC,0,5176205
yqjE_yqjK_yqjD_yqjC_predicted,0.06666666666666667,14,14,TGCCGTAGGACTGATTAAAC,0,5176085
yqjE_yqjK_yqjD_yqjC_predicted,0.06666666666666667,14,14,TGAGTTAGTCATCGACCATT,0,5189360
yqjE_yqjK_yqjD_yqjC_predicted,0.06666666666666667,14,14,TGACATAGAGGACGCTAGAG,0,5202379
yqjE_yqjK_yqjD_yqjC_predicted,0.06666666666666667,14,14,TCGTGAGAGAGTCGCGACCA,0,5240755
yqjE_yqjK_yqjD_yqjC_predicted,0.06666666666666667,14,14,TCGAGGCTGAGCGACAAAGA,0,5222407
yqjE_yqjK_yqjD_yqjC_predicted,0.06666666666666667,14,14,TCGACCAATCGGGGGTAGCA,0,5191885
yqjE_yqjK_yqjD_yqjC_predicted,0.06666666666666667,14,14,TCCTTCTGACCTCGTTGTGG,0,5194418
yqjE_yqjK_yqjD_yqjC_predicted,0.06666666666666667,14,14,TCCTACAGCACTGTACTCGT,0,5231024
yqjE_yqjK_yqjD_yqjC_predicted,0.06666666666666667,14,14,TCCCCGTTACTCTTCATTAA,0,5253945
yqjE_yqjK_yqjD_yqjC_predicted,0.06666666666666667,14,14,TCCCCATCCCATTCCGGAGA,0,5198088
yqjE_yqjK_yqjD_yqjC_predicted,0.06666666666666667,14,14,TCCCCAATAGCTCCGCCATC,0,5244423
yqjE_yqjK_yqjD_yqjC_predicted,0.06666666666666667,14,14,TCATGAACTTAAAAATTATG,0,5247105
yqjE_yqjK_yqjD_yqjC_predicted,0.06666666666666667,14,14,TCATCTATTGTTGAGGGGTC,0,5171641
yqjE_yqjK_yqjD_yqjC_predicted,0.06666666666666667,14,14,TCAATCGTTGGGGGAGAAGT,0,5199997
yqjE_yqjK_yqjD_yqjC_predicted,0.06666666666666667,14,14,TATTGCGGGTCATGGTAGCA,0,5177311
yqjE_yqjK_yqjD_yqjC_predicted,0.06666666666666667,14,14,TATATATGCACCAAAGGATT,0,5256347
yqjE_yqjK_yqjD_yqjC_predicted,0.06666666666666667,14,14,TATACTAGCTGCTTAAAAAA,0,5202276
yqjE_yqjK_yqjD_yqjC_predicted,0.06666666666666667,14,14,TAGGTGAGAGATACTCGCCC,0,5216246
yqjE_yqjK_yqjD_yqjC_predicted,0.06666666666666667,14,14,TAGGGGGTAATAAGTCGGGG,0,5170874
yqjE_yqjK_yqjD_yqjC_predicted,0.06666666666666667,14,14,TAGGGCCAGGACGATAGCCA,0,5194421
yqjE_yqjK_yqjD_yqjC_predicted,0.06666666666666667,14,14,TAGGATGGAAGCGGGACCCG,0,5252818
yqjE_yqjK_yqjD_yqjC_predicted,0.06666666666666667,14,14,TAGCGGAAGGACCGTAACGT,0,5217965
yqjE_yqjK_yqjD_yqjC_predicted,0.06666666666666667,14,14,TAGCATGAACTTCGAGTGTC,0,5216988
yqjE_yqjK_yqjD_yqjC_predicted,0.06666666666666667,14,14,TAGACAGGCGGCGCTAAACG,0,5202551
yqjE_yqjK_yqjD_yqjC_predicted,0.06666666666666667,14,14,TAGACAGCCGTTCCGGCAAT,0,5198894
yqjE_yqjK_yqjD_yqjC_predicted,0.06666666666666667,14,14,TACTTCGCTACGATATCTGT,0,5184834
yqjE_yqjK_yqjD_yqjC_predicted,0.06666666666666667,14,14,TACGGCATCGGGTCGAGCCC,0,5220312
yqjE_yqjK_yqjD_yqjC_predicted,0.06666666666666667,14,14,TACACAGTACAGGGAACATG,0,5175938
yqjE_yqjK_yqjD_yqjC_predicted,0.06666666666666667,14,14,TAATTCATCCATAGCCGACA,0,5253552
yqjE_yqjK_yqjD_yqjC_predicted,0.06666666666666667,14,14,TAATCGCTCTTCCCGTGTAA,0,5243450
yqjE_yqjK_yqjD_yqjC_predicted,0.06666666666666667,14,14,TAATCCAGGGGCTTGGGTAG,0,5189967
yqjE_yqjK_yqjD_yqjC_predicted,0.06666666666666667,14,14,TAAGTCTGGTACCGGTTAAT,0,5181603
yqjE_yqjK_yqjD_yqjC_predicted,0.06666666666666667,14,14,TAAGCGCCGCATGTTCGTAA,0,5215449
yqjE_yqjK_yqjD_yqjC_predicted,0.06666666666666667,14,14,GTTATCAAGGATTTTCGAAG,0,5236298
yqjE_yqjK_yqjD_yqjC_predicted,0.06666666666666667,14,14,GTGTTCTTTCATAATGCGTA,0,5257685
yqjE_yqjK_yqjD_yqjC_predicted,0.06666666666666667,14,14,GTGTGAATCGAACAAGGCGT,0,5183387
yqjE_yqjK_yqjD_yqjC_predicted,0.06666666666666667,14,14,GTGGTCTTGGGCCGTGGGTT,0,5189733
yqjE_yqjK_yqjD_yqjC_predicted,0.06666666666666667,14,14,GTGCCGTTGTCACGAGACAC,0,5240868
yqjE_yqjK_yqjD_yqjC_predicted,0.06666666666666667,14,14,GTGCCGTATTATGCTACTTG,0,5178646
yqjE_yqjK_yqjD_yqjC_predicted,0.06666666666666667,14,14,GTGATCATGTTGAGACCGAA,0,5260438
yqjE_yqjK_yqjD_yqjC_predicted,0.06666666666666667,14,14,GTGACGCTGGGCTGCGACCC,0,5211320
yqjE_yqjK_yqjD_yqjC_predicted,0.06666666666666667,14,14,GTCTAAGATCTAACTCTCTA,0,5180753
yqjE_yqjK_yqjD_yqjC_predicted,0.06666666666666667,14,14,GTCGCACGACTTGAGCCCTC,0,5179143
yqjE_yqjK_yqjD_yqjC_predicted,0.06666666666666667,14,14,GTCCTCGTAGTTCTCCCACG,0,5247131
yqjE_yqjK_yqjD_yqjC_predicted,0.06666666666666667,14,14,GTCATGAGGCATCGATATGG,0,5214662
yqjE_yqjK_yqjD_yqjC_predicted,0.06666666666666667,14,14,GTCAGCAAGGCTCAAGACCA,0,5204541
yqjE_yqjK_yqjD_yqjC_predicted,0.06666666666666667,14,14,GTATTGTATATTTGGGAATT,0,5175898
yqjE_yqjK_yqjD_yqjC_predicted,0.06666666666666667,14,14,GTATGATTCTGGTTTCATCT,0,5231386
yqjE_yqjK_yqjD_yqjC_predicted,0.06666666666666667,14,14,GTATCACACAATGCCCGGTT,0,5221577
yqjE_yqjK_yqjD_yqjC_predicted,0.06666666666666667,14,14,GTACACCTAAGCGGAGCAGT,0,5176388
yqjE_yqjK_yqjD_yqjC_predicted,0.06666666666666667,14,14,GGTGTCTGCGTTGTGTGGCA,0,5189988
yqjE_yqjK_yqjD_yqjC_predicted,0.06666666666666667,14,14,GGTGTCCACATTCAGTCGGG,0,5177239
yqjE_yqjK_yqjD_yqjC_predicted,0.06666666666666667,14,14,GGTAGTTTTGTACATTCCAG,0,5227651
yqjE_yqjK_yqjD_yqjC_predicted,0.06666666666666667,14,14,GGGTACGAACGTTCTCGCGT,0,5220225
yqjE_yqjK_yqjD_yqjC_predicted,0.06666666666666667,14,14,GGGAGTGCCTGTCGAAACCC,0,5222379
yqjE_yqjK_yqjD_yqjC_predicted,0.06666666666666667,14,14,GGCTGTAGAGTCAGCACCGA,0,5200244
yqjE_yqjK_yqjD_yqjC_predicted,0.06666666666666667,14,14,GGCTCTCCCGCACGGTTCCA,0,5206906
yqjE_yqjK_yqjD_yqjC_predicted,0.06666666666666667,14,14,GGCTAGTACACCGCTGAGCA,0,5259086
yqjE_yqjK_yqjD_yqjC_predicted,0.06666666666666667,14,14,GGCTAACACTCGCATGTTTT,0,5206328
yqjE_yqjK_yqjD_yqjC_predicted,0.06666666666666667,14,14,GGCGCCTCTACACTGGACGA,0,5177038
yqjE_yqjK_yqjD_yqjC_predicted,0.06666666666666667,14,14,GGCAGGTTATGGCCTACCGC,0,5196133
yqjE_yqjK_yqjD_yqjC_predicted,0.06666666666666667,14,14,GGATTTCGTATTTACGCCAT,0,5225370
yqjE_yqjK_yqjD_yqjC_predicted,0.06666666666666667,14,14,GGATCTTAAGCAGCTAGAGA,0,5204046
yqjE_yqjK_yqjD_yqjC_predicted,0.06666666666666667,14,14,GGAGTAAAAGGTTAAACGGA,0,5235258
yqjE_yqjK_yqjD_yqjC_predicted,0.06666666666666667,14,14,GGAGAGGATAGTAGGGTCGT,0,5235139
yqjE_yqjK_yqjD_yqjC_predicted,0.06666666666666667,14,14,GGACGTCTCGTATATTAGAA,0,5235797
yqjE_yqjK_yqjD_yqjC_predicted,0.06666666666666667,14,14,GGACGAGGCGCGATTTTTTG,0,5255613
yqjE_yqjK_yqjD_yqjC_predicted,0.06666666666666667,14,14,GGACGAAGAGTTCAGGTTAG,0,5216006
yqjE_yqjK_yqjD_yqjC_predicted,0.06666666666666667,14,14,GGAAGCCGGTCATGTGAATA,0,5175272
yqjE_yqjK_yqjD_yqjC_predicted,0.06666666666666667,14,14,GGAACTCGGGGTCGTGGTAG,0,5229081
yqjE_yqjK_yqjD_yqjC_predicted,0.06666666666666667,14,14,GCTTAAAGGCTTGGGCCGTG,0,5208141
yqjE_yqjK_yqjD_yqjC_predicted,0.06666666666666667,14,14,GCGTTCAAGGGCAAGGTGGT,0,5223959
yqjE_yqjK_yqjD_yqjC_predicted,0.06666666666666667,14,14,GCGTTAGTTCGACCGAGCTT,0,5226199
yqjE_yqjK_yqjD_yqjC_predicted,0.06666666666666667,14,14,GCGTGTTTGCACGCGTGCTC,0,5206460
yqjE_yqjK_yqjD_yqjC_predicted,0.06666666666666667,14,14,GCGCTATCTACGCCCTGATG,0,5171130
yqjE_yqjK_yqjD_yqjC_predicted,0.06666666666666667,14,14,GCCTGGGCGAGCCGAGCGGT,0,5214636
yqjE_yqjK_yqjD_yqjC_predicted,0.06666666666666667,14,14,GCCTCTCGTTACAACCGTAG,0,5196593
yqjE_yqjK_yqjD_yqjC_predicted,0.06666666666666667,14,14,GCCGATCCGAGTTATGAGCT,0,5188542
yqjE_yqjK_yqjD_yqjC_predicted,0.06666666666666667,14,14,GCCCGTTTTGACTTTTAAGA,0,5242803
yqjE_yqjK_yqjD_yqjC_predicted,0.06666666666666667,14,14,GCCCGTTCCCCTTGGCCATG,0,5260160
yqjE_yqjK_yqjD_yqjC_predicted,0.06666666666666667,14,14,GCCCGTGCACACCTCACCCA,0,5195120
yqjE_yqjK_yqjD_yqjC_predicted,0.06666666666666667,14,14,GCCATAGACCGTGTTGGGCA,0,5208158
yqjE_yqjK_yqjD_yqjC_predicted,0.06666666666666667,14,14,GCATATGCATAACCTAAACT,0,5202521
yqjE_yqjK_yqjD_yqjC_predicted,0.06666666666666667,14,14,GCACTTGTCCTAATAAAAAA,0,5260027
yqjE_yqjK_yqjD_yqjC_predicted,0.06666666666666667,14,14,GCACGGCTTTTGTACTTATG,0,5190325
yqjE_yqjK_yqjD_yqjC_predicted,0.06666666666666667,14,14,GCACCAGCTACTACTAAGGT,0,5235021
yqjE_yqjK_yqjD_yqjC_predicted,0.06666666666666667,14,14,GATTGTTGGGCGCCGTGGTC,0,5184253
yqjE_yqjK_yqjD_yqjC_predicted,0.06666666666666667,14,14,GATTAGGCCCTAAACCGATA,0,5257537
yqjE_yqjK_yqjD_yqjC_predicted,0.06666666666666667,14,14,GAGTGAAGAGCCGAGCGCTT,0,5251104
yqjE_yqjK_yqjD_yqjC_predicted,0.06666666666666667,14,14,GAGTAGCAGAAAGGAGGGTA,0,5262048
yqjE_yqjK_yqjD_yqjC_predicted,0.06666666666666667,14,14,GAGGTACAGGTCCCAGTTCT,0,5250125
yqjE_yqjK_yqjD_yqjC_predicted,0.06666666666666667,14,14,GAGGGCACTTCAGCGCAGGA,0,5250167
yqjE_yqjK_yqjD_yqjC_predicted,0.06666666666666667,14,14,GAGAATGACTCAGGGCGATC,0,5199209
yqjE_yqjK_yqjD_yqjC_predicted,0.06666666666666667,14,14,GAATTGGGGGTAGGATGGAG,0,5241598
yqjE_yqjK_yqjD_yqjC_predicted,0.06666666666666667,14,14,GAAGCGGCCGGACCTATGGG,0,5248994
yqjE_yqjK_yqjD_yqjC_predicted,0.06666666666666667,14,14,GAAGCCCCGGCACTCAAAGT,0,5240667
yqjE_yqjK_yqjD_yqjC_predicted,0.06666666666666667,14,14,GAACATCTTTGGTCCGTTGT,0,5212600
yqjE_yqjK_yqjD_yqjC_predicted,0.06666666666666667,14,14,GAACAAAGCAACCTTCAGAG,0,5199428
yqjE_yqjK_yqjD_yqjC_predicted,0.06666666666666667,14,14,GAAAGGTTGCCTATGAATAG,0,5208190
yqjE_yqjK_yqjD_yqjC_predicted,0.06666666666666667,14,14,CTTTGGCTGCTTTCCAGATC,0,5188574
yqjE_yqjK_yqjD_yqjC_predicted,0.06666666666666667,14,14,CTTGCCAATCACTACTAGGT,0,5241006
yqjE_yqjK_yqjD_yqjC_predicted,0.06666666666666667,14,14,CTTCAGGTCGGTAATAATCA,0,5202152
yqjE_yqjK_yqjD_yqjC_predicted,0.06666666666666667,14,14,CTTATAGAGCATCCTTACGT,0,5246148
yqjE_yqjK_yqjD_yqjC_predicted,0.06666666666666667,14,14,CTGGTAGCCGAGTATAAGCT,0,5237944
yqjE_yqjK_yqjD_yqjC_predicted,0.06666666666666667,14,14,CTGGCCTTTGGCTGTTCGTG,0,5227512
yqjE_yqjK_yqjD_yqjC_predicted,0.06666666666666667,14,14,CTGCAGCTCATTATATTGTG,0,5199429
yqjE_yqjK_yqjD_yqjC_predicted,0.06666666666666667,14,14,CTGATATATATGCAGTTAGC,0,5174157
yqjE_yqjK_yqjD_yqjC_predicted,0.06666666666666667,14,14,CTGAGATTGCCGGGCTGGGC,0,5209715
yqjE_yqjK_yqjD_yqjC_predicted,0.06666666666666667,14,14,CTCGTAGCACTGATTCCAGT,0,5221825
yqjE_yqjK_yqjD_yqjC_predicted,0.06666666666666667,14,14,CTCGCCGTGAGGCGTTCAGC,0,5251362
yqjE_yqjK_yqjD_yqjC_predicted,0.06666666666666667,14,14,CTCGCAGTATTTATGCGGGG,0,5214364
yqjE_yqjK_yqjD_yqjC_predicted,0.06666666666666667,14,14,CTCGAGTACTACGTTGGGGG,0,5180733
yqjE_yqjK_yqjD_yqjC_predicted,0.06666666666666667,14,14,CTCCCGTTATGGAGTTGTGA,0,5208056
yqjE_yqjK_yqjD_yqjC_predicted,0.06666666666666667,14,14,CTCCAGTCGCGCCCCATGGT,0,5201167
yqjE_yqjK_yqjD_yqjC_predicted,0.06666666666666667,14,14,CTATATACGATTTCGAACGG,0,5233327
yqjE_yqjK_yqjD_yqjC_predicted,0.06666666666666667,14,14,CTAGGTTCCGAATAATGGAA,0,5227314
yqjE_yqjK_yqjD_yqjC_predicted,0.06666666666666667,14,14,CTAGGCTCCTCATAGCGGAT,0,5244179
yqjE_yqjK_yqjD_yqjC_predicted,0.06666666666666667,14,14,CTACACAGTTAGCTTCAAGG,0,5237814
yqjE_yqjK_yqjD_yqjC_predicted,0.06666666666666667,14,14,CGTGGAATCAGGTTTGCACG,0,5203711
yqjE_yqjK_yqjD_yqjC_predicted,0.06666666666666667,14,14,CGTGGAACGCCATTAGTTAG,0,5225389
yqjE_yqjK_yqjD_yqjC_predicted,0.06666666666666667,14,14,CGTCACTGCTAATTTCGTAC,0,5255411
yqjE_yqjK_yqjD_yqjC_predicted,0.06666666666666667,14,14,CGTAAGGGCGCTGGCGTACA,0,5214934
yqjE_yqjK_yqjD_yqjC_predicted,0.06666666666666667,14,14,CGTAACAAGATGATAAGCCG,0,5221781
yqjE_yqjK_yqjD_yqjC_predicted,0.06666666666666667,14,14,CGGGTGTTACATGTCACCCC,0,5179774
yqjE_yqjK_yqjD_yqjC_predicted,0.06666666666666667,14,14,CGGAGGATAAGCATAAAGGA,0,5220568
yqjE_yqjK_yqjD_yqjC_predicted,0.06666666666666667,14,14,CGGAGAAATTAGTAGAACCG,0,5193101
yqjE_yqjK_yqjD_yqjC_predicted,0.06666666666666667,14,14,CGGAAAAAATCATACCGTAC,0,5208142
yqjE_yqjK_yqjD_yqjC_predicted,0.06666666666666667,14,14,CGCGCATTTGAAAGCACTAA,0,5186118
yqjE_yqjK_yqjD_yqjC_predicted,0.06666666666666667,14,14,CGCCTGTGAGGTACTTCGCC,0,5209647
yqjE_yqjK_yqjD_yqjC_predicted,0.06666666666666667,14,14,CGCATGCGGACATTATCAGC,0,5247940
yqjE_yqjK_yqjD_yqjC_predicted,0.06666666666666667,14,14,CGCATCGCAATTGGCGGCGT,0,5255355
yqjE_yqjK_yqjD_yqjC_predicted,0.06666666666666667,14,14,CGCACTTATGATCTAGAAGA,0,5203194
yqjE_yqjK_yqjD_yqjC_predicted,0.06666666666666667,14,14,CGCAACATAGTATATGGAAT,0,5214093
yqjE_yqjK_yqjD_yqjC_predicted,0.06666666666666667,14,14,CGATTATATCGTTGACATCA,0,5215033
yqjE_yqjK_yqjD_yqjC_predicted,0.06666666666666667,14,14,CGAGGAGATTTGTCCTATTG,0,5208575
yqjE_yqjK_yqjD_yqjC_predicted,0.06666666666666667,14,14,CGACTTAGACATCCTGTTTC,0,5253818
yqjE_yqjK_yqjD_yqjC_predicted,0.06666666666666667,14,14,CGACGTCTTTTGGCAACTGG,0,5171867
yqjE_yqjK_yqjD_yqjC_predicted,0.06666666666666667,14,14,CGACATAGCAGACCCAATGC,0,5222211
yqjE_yqjK_yqjD_yqjC_predicted,0.06666666666666667,14,14,CGAAGGTCCGGAGGCTCCTA,0,5196272
yqjE_yqjK_yqjD_yqjC_predicted,0.06666666666666667,14,14,CCTTCTGAGCGTTAAATTGC,0,5223409
yqjE_yqjK_yqjD_yqjC_predicted,0.06666666666666667,14,14,CCTCCAATAAGTTGGGTGAT,0,5239989
yqjE_yqjK_yqjD_yqjC_predicted,0.06666666666666667,14,14,CCTATTGGACCGGACTCATC,0,5226439
yqjE_yqjK_yqjD_yqjC_predicted,0.06666666666666667,14,14,CCTAATGTCCTTCTAAACTA,0,5215175
yqjE_yqjK_yqjD_yqjC_predicted,0.06666666666666667,14,14,CCGCTTGAACGGGAGAAAGC,0,5257393
yqjE_yqjK_yqjD_yqjC_predicted,0.06666666666666667,14,14,CCGATAGTTACAGCGGTTCA,0,5237868
yqjE_yqjK_yqjD_yqjC_predicted,0.06666666666666667,14,14,CCCGCCCGAGGCGTACCATA,0,5191078
yqjE_yqjK_yqjD_yqjC_predicted,0.06666666666666667,14,14,CCATTACACTGTACCGACAA,0,5174899
yqjE_yqjK_yqjD_yqjC_predicted,0.06666666666666667,14,14,CCATGCACTCGCAGTTGATT,0,5179830
yqjE_yqjK_yqjD_yqjC_predicted,0.06666666666666667,14,14,CCAATGCATGCCGGTCCGCG,0,5203089
yqjE_yqjK_yqjD_yqjC_predicted,0.06666666666666667,14,14,CCAAACTCACGCAGAGACCG,0,5208488
yqjE_yqjK_yqjD_yqjC_predicted,0.06666666666666667,14,14,CCAAACGGCCGCTGTAATGC,0,5185933
yqjE_yqjK_yqjD_yqjC_predicted,0.06666666666666667,14,14,CATTCATGGGGAACAAATCG,0,5261127
yqjE_yqjK_yqjD_yqjC_predicted,0.06666666666666667,14,14,CATGCAGAACAACCAGGTCT,0,5202921
yqjE_yqjK_yqjD_yqjC_predicted,0.06666666666666667,14,14,CATCTTTCGACGGGTCATTG,0,5209979
yqjE_yqjK_yqjD_yqjC_predicted,0.06666666666666667,14,14,CATCGTAGGTTAGGAGAAGT,0,5219789
yqjE_yqjK_yqjD_yqjC_predicted,0.06666666666666667,14,14,CATAAGCTGGGGTGGGGTGG,0,5195360
yqjE_yqjK_yqjD_yqjC_predicted,0.06666666666666667,14,14,CAGGGGCATGTTCGTGGCCA,0,5193002
yqjE_yqjK_yqjD_yqjC_predicted,0.06666666666666667,14,14,CAGAAGGCTGCCTCCAGTCA,0,5220117
yqjE_yqjK_yqjD_yqjC_predicted,0.06666666666666667,14,14,CACTCCCGGGTAGACGCATG,0,5227337
yqjE_yqjK_yqjD_yqjC_predicted,0.06666666666666667,14,14,CACGGGTGTCTACAGAACTT,0,5261091
yqjE_yqjK_yqjD_yqjC_predicted,0.06666666666666667,14,14,CACCCGCCAGTGCGACCACT,0,5172028
yqjE_yqjK_yqjD_yqjC_predicted,0.06666666666666667,14,14,CAATATCGGCGCTCGCTCCA,0,5176105
yqjE_yqjK_yqjD_yqjC_predicted,0.06666666666666667,14,14,CAATAGAGCTCAGAATTCCA,0,5231225
yqjE_yqjK_yqjD_yqjC_predicted,0.06666666666666667,14,14,CAACTACGCATGACATTGAC,0,5255753
yqjE_yqjK_yqjD_yqjC_predicted,0.06666666666666667,14,14,CAACGGAATTGGGCAGTTAG,0,5211279
yqjE_yqjK_yqjD_yqjC_predicted,0.06666666666666667,14,14,ATTGCAAATACGATCAGGAG,0,5173438
yqjE_yqjK_yqjD_yqjC_predicted,0.06666666666666667,14,14,ATTGATGCAAGAGCCTCCTG,0,5207754
yqjE_yqjK_yqjD_yqjC_predicted,0.06666666666666667,14,14,ATTATTAGGTGTATATCCTC,0,5247899
yqjE_yqjK_yqjD_yqjC_predicted,0.06666666666666667,14,14,ATTAGTCCACCGAGCATAGA,0,5181207
yqjE_yqjK_yqjD_yqjC_predicted,0.06666666666666667,14,14,ATTAGGCTAGCGGGACTCCC,0,5204457
yqjE_yqjK_yqjD_yqjC_predicted,0.06666666666666667,14,14,ATTAAGGGGCTGGGAGGGAG,0,5196455
yqjE_yqjK_yqjD_yqjC_predicted,0.06666666666666667,14,14,ATGTTAGTGGCGAAGAATTT,0,5254032
yqjE_yqjK_yqjD_yqjC_predicted,0.06666666666666667,14,14,ATGTATCTTCAACGTAGGAG,0,5201785
yqjE_yqjK_yqjD_yqjC_predicted,0.06666666666666667,14,14,ATGCCCAAGGAATAGAGAAG,0,5237815
yqjE_yqjK_yqjD_yqjC_predicted,0.06666666666666667,14,14,ATGCAAGCCTCTCGACTCTG,0,5178958
yqjE_yqjK_yqjD_yqjC_predicted,0.06666666666666667,14,14,ATCTTATACAGTGCTAACCA,0,5239740
yqjE_yqjK_yqjD_yqjC_predicted,0.06666666666666667,14,14,ATCTTACTCAGTGTTAAATA,0,5196291
yqjE_yqjK_yqjD_yqjC_predicted,0.06666666666666667,14,14,ATCGTGTTTTCGGGTCTCAC,0,5192435
yqjE_yqjK_yqjD_yqjC_predicted,0.06666666666666667,14,14,ATCGGTAAAGTCCATGCTAT,0,5233248
yqjE_yqjK_yqjD_yqjC_predicted,0.06666666666666667,14,14,ATAGCGTCCTAGACTTCATC,0,5252004
yqjE_yqjK_yqjD_yqjC_predicted,0.06666666666666667,14,14,ATACCGATCGGTCAAGCCAA,0,5188379
yqjE_yqjK_yqjD_yqjC_predicted,0.06666666666666667,14,14,ATAAGAGGTGGGGGCACACT,0,5230408
yqjE_yqjK_yqjD_yqjC_predicted,0.06666666666666667,14,14,ATAACTGGTAAGGCCACGTA,0,5253497
yqjE_yqjK_yqjD_yqjC_predicted,0.06666666666666667,14,14,AGTTGGGAGTGTGCACAAGA,0,5261022
yqjE_yqjK_yqjD_yqjC_predicted,0.06666666666666667,14,14,AGTGTCTGATATCCGGCATT,0,5249273
yqjE_yqjK_yqjD_yqjC_predicted,0.06666666666666667,14,14,AGTGGTGACTTCGCCGCTGA,0,5230469
yqjE_yqjK_yqjD_yqjC_predicted,0.06666666666666667,14,14,AGTGATAACAGCTGGCTTCC,0,5233561
yqjE_yqjK_yqjD_yqjC_predicted,0.06666666666666667,14,14,AGTCATCAGTAATCCAGCAA,0,5174570
yqjE_yqjK_yqjD_yqjC_predicted,0.06666666666666667,14,14,AGTCACCCACGGGCCTCTGT,0,5254128
yqjE_yqjK_yqjD_yqjC_predicted,0.06666666666666667,14,14,AGTATGTGAGTTCGCAAAAT,0,5240754
yqjE_yqjK_yqjD_yqjC_predicted,0.06666666666666667,14,14,AGGTACGGTGAACAAACGCC,0,5178193
yqjE_yqjK_yqjD_yqjC_predicted,0.06666666666666667,14,14,AGGACGTGCGCCTTGAAGTA,0,5212863
yqjE_yqjK_yqjD_yqjC_predicted,0.06666666666666667,14,14,AGCGGTTTGAATGTGTTGGG,0,5219115
yqjE_yqjK_yqjD_yqjC_predicted,0.06666666666666667,14,14,AGCCTCGGGATCAGCACCCT,0,5227648
yqjE_yqjK_yqjD_yqjC_predicted,0.06666666666666667,14,14,AGCACGAGACCAATGCTGCT,0,5224463
yqjE_yqjK_yqjD_yqjC_predicted,0.06666666666666667,14,14,AGATTGCAGCTTAGATATAT,0,5173559
yqjE_yqjK_yqjD_yqjC_predicted,0.06666666666666667,14,14,AGATAGCAAGATGAATACAT,0,5249352
yqjE_yqjK_yqjD_yqjC_predicted,0.06666666666666667,14,14,ACTTGAGATGCGGATTCGGG,0,5172470
yqjE_yqjK_yqjD_yqjC_predicted,0.06666666666666667,14,14,ACTTCATCCGGAAGACGCGT,0,5221093
yqjE_yqjK_yqjD_yqjC_predicted,0.06666666666666667,14,14,ACTCCAAAGGAGACTGCGTA,0,5252329
yqjE_yqjK_yqjD_yqjC_predicted,0.06666666666666667,14,14,ACGTTATCCGGCATCACGTC,0,5207542
yqjE_yqjK_yqjD_yqjC_predicted,0.06666666666666667,14,14,ACGTACATAATGCTAATATC,0,5190728
yqjE_yqjK_yqjD_yqjC_predicted,0.06666666666666667,14,14,ACGTAATGCTAGATTGTCGT,0,5215402
yqjE_yqjK_yqjD_yqjC_predicted,0.06666666666666667,14,14,ACGGGCTCTTGAATCCATGG,0,5177523
yqjE_yqjK_yqjD_yqjC_predicted,0.06666666666666667,14,14,ACGGAAAGTTCTCGCTTGCG,0,5211554
yqjE_yqjK_yqjD_yqjC_predicted,0.06666666666666667,14,14,ACGCACTCAAGCTGCTCAGG,0,5261205
yqjE_yqjK_yqjD_yqjC_predicted,0.06666666666666667,14,14,ACGATATTTTGAAGACATTT,0,5214242
yqjE_yqjK_yqjD_yqjC_predicted,0.06666666666666667,14,14,ACGAGAGCTTCCTTGGATTA,0,5261627
yqjE_yqjK_yqjD_yqjC_predicted,0.06666666666666667,14,14,ACGACTGGCCCTGTACTACT,0,5204158
yqjE_yqjK_yqjD_yqjC_predicted,0.06666666666666667,14,14,ACCTTAGACGCATGGGTGAG,0,5251295
yqjE_yqjK_yqjD_yqjC_predicted,0.06666666666666667,14,14,ACCAGAGGCGTGATTCGCGT,0,5186789
yqjE_yqjK_yqjD_yqjC_predicted,0.06666666666666667,14,14,ACAGGTGATAATGGATGCTC,0,5185668
yqjE_yqjK_yqjD_yqjC_predicted,0.06666666666666667,14,14,ACACTGGTAAGCAAGAGCGC,0,5206625
yqjE_yqjK_yqjD_yqjC_predicted,0.06666666666666667,14,14,ACACCTAGTCTTTCTGGAGA,0,5242866
yqjE_yqjK_yqjD_yqjC_predicted,0.06666666666666667,14,14,ACAAGGGCATTACTGCGGTG,0,5218311
yqjE_yqjK_yqjD_yqjC_predicted,0.06666666666666667,14,14,ACAACCGGGAATGCCATCAC,0,5197371
yqjE_yqjK_yqjD_yqjC_predicted,0.06666666666666667,14,14,AATGTATTGGAATCCTAAAG,0,5178705
yqjE_yqjK_yqjD_yqjC_predicted,0.06666666666666667,14,14,AATGAGGATATGAAGACGCG,0,5189335
yqjE_yqjK_yqjD_yqjC_predicted,0.06666666666666667,14,14,AATAGACCACCCTTCGACAC,0,5203444
yqjE_yqjK_yqjD_yqjC_predicted,0.06666666666666667,14,14,AAGGTGGAGTGCCGGCCGTA,0,5224330
yqjE_yqjK_yqjD_yqjC_predicted,0.06666666666666667,14,14,AAGCGAGTATCTTCGCATCC,0,5204579
yqjE_yqjK_yqjD_yqjC_predicted,0.06666666666666667,14,14,AACTGTATCGGGATCTCGCT,0,5205365
yqjE_yqjK_yqjD_yqjC_predicted,0.06666666666666667,14,14,AACGTGCTGCAAACGTCAGT,0,5218230
yqjE_yqjK_yqjD_yqjC_predicted,0.06666666666666667,14,14,AACCTATATTGAGTAGTAGC,0,5197271
yqjE_yqjK_yqjD_yqjC_predicted,0.06666666666666667,14,14,AACCATCACCCTGGCAGAAC,0,5192807
yqjE_yqjK_yqjD_yqjC_predicted,0.06666666666666667,14,14,AACCAAGACAAGAGTCTATC,0,5177304
yqjE_yqjK_yqjD_yqjC_predicted,0.06666666666666667,14,14,AACACACTCTATCGGTAACG,0,5198227
yqjE_yqjK_yqjD_yqjC_predicted,0.06666666666666667,14,14,AAATTCGGCGTCCCACTTGC,0,5190239
yqjE_yqjK_yqjD_yqjC_predicted,0.06666666666666667,14,14,AAATTCCGGTTAATCTGCAT,0,5197310
yqjE_yqjK_yqjD_yqjC_predicted,0.06666666666666667,14,14,AAATGACACATAAGACCTGA,0,5181024
yqjE_yqjK_yqjD_yqjC_predicted,0.06666666666666667,14,14,AAAGTAGCCTTTATCCGCTG,0,5199532
yqjE_yqjK_yqjD_yqjC_predicted,0.06666666666666667,14,14,AAACTTCCGAGGAGGCAAAA,0,5203179
yqjE_yqjK_yqjD_yqjC_predicted,0.06666666666666667,14,14,AAACTCGTCGCCCGGGTCAC,0,5231392
yqjE_yqjK_yqjD_yqjC_predicted,0.07142857142857142,13,13,TTTGGGAATCCTATTTGATT,0,5244346
yqjE_yqjK_yqjD_yqjC_predicted,0.07142857142857142,13,13,TTTCTGTGTATAGGGCGGAC,0,5243106
yqjE_yqjK_yqjD_yqjC_predicted,0.07142857142857142,13,13,TTTAGTTGAGTACTGTCACG,0,5257729
yqjE_yqjK_yqjD_yqjC_predicted,0.07142857142857142,13,13,TTTAAGCGGCGGTGGCAATG,0,5229513
yqjE_yqjK_yqjD_yqjC_predicted,0.07142857142857142,13,13,TTGTGGGTGGGTGACAGTTC,0,5202829
yqjE_yqjK_yqjD_yqjC_predicted,0.07142857142857142,13,13,TTGTGCCAGCCTATGGTAGC,0,5211373
yqjE_yqjK_yqjD_yqjC_predicted,0.07142857142857142,13,13,TTCGGAAGACATTTTAAGAC,0,5204273
yqjE_yqjK_yqjD_yqjC_predicted,0.07142857142857142,13,13,TTCCTAGGGAGTTAGAGACG,0,5181878
yqjE_yqjK_yqjD_yqjC_predicted,0.07142857142857142,13,13,TTATATGAGGCCGGTCACTA,0,5212067
yqjE_yqjK_yqjD_yqjC_predicted,0.07142857142857142,13,13,TTAGATTCTTTTGCTGTTGT,0,5225486
yqjE_yqjK_yqjD_yqjC_predicted,0.07142857142857142,13,13,TTACTATTCATACGAGTCAT,0,5253107
yqjE_yqjK_yqjD_yqjC_predicted,0.07142857142857142,13,13,TTACGCCAAGTGGTAGCTTG,0,5228002
yqjE_yqjK_yqjD_yqjC_predicted,0.07142857142857142,13,13,TTACCATTGCGCAGGATTGG,0,5181477
yqjE_yqjK_yqjD_yqjC_predicted,0.07142857142857142,13,13,TTACATGAGGATAGCTTCTT,0,5261735
yqjE_yqjK_yqjD_yqjC_predicted,0.07142857142857142,13,13,TTAAGGAAGTTCAACGCTTG,0,5252351
yqjE_yqjK_yqjD_yqjC_predicted,0.07142857142857142,13,13,TGTTCTTCCGTGGACCTCGA,0,5175434
yqjE_yqjK_yqjD_yqjC_predicted,0.07142857142857142,13,13,TGTCTCACACGCAGGCGAAG,0,5184644
yqjE_yqjK_yqjD_yqjC_predicted,0.07142857142857142,13,13,TGGTTCGCCAATTGACCTGC,0,5232333
yqjE_yqjK_yqjD_yqjC_predicted,0.07142857142857142,13,13,TGGTCTTAACCACCCCCTGT,0,5191095
yqjE_yqjK_yqjD_yqjC_predicted,0.07142857142857142,13,13,TGGTCAGACATCGCAAAGGA,0,5204850
yqjE_yqjK_yqjD_yqjC_predicted,0.07142857142857142,13,13,TGGGGAGCTCTGAACTCCGT,0,5211874
yqjE_yqjK_yqjD_yqjC_predicted,0.07142857142857142,13,13,TGGGAAGTCATTGCAGTCAG,0,5252902
yqjE_yqjK_yqjD_yqjC_predicted,0.07142857142857142,13,13,TGGCTAGTGGAAAGAGAGTT,0,5261983
yqjE_yqjK_yqjD_yqjC_predicted,0.07142857142857142,13,13,TGGCGGATTAATGTCACGAC,0,5240324
yqjE_yqjK_yqjD_yqjC_predicted,0.07142857142857142,13,13,TGGCCTTGGATTGCGACATA,0,5176393
yqjE_yqjK_yqjD_yqjC_predicted,0.07142857142857142,13,13,TGGAATATACGAACGCGGTG,0,5234014
yqjE_yqjK_yqjD_yqjC_predicted,0.07142857142857142,13,13,TGCAGTTGCAGACAGGAGGT,0,5182592
yqjE_yqjK_yqjD_yqjC_predicted,0.07142857142857142,13,13,TGATAGTAACGGGGTAGGCA,0,5194724
yqjE_yqjK_yqjD_yqjC_predicted,0.07142857142857142,13,13,TGACGAAACCGAGAATCATG,0,5197941
yqjE_yqjK_yqjD_yqjC_predicted,0.07142857142857142,13,13,TGACCCACGAGTCTGAGACT,0,5190279
yqjE_yqjK_yqjD_yqjC_predicted,0.07142857142857142,13,13,TCTTGAAAGACGGACCTCAA,0,5216327
yqjE_yqjK_yqjD_yqjC_predicted,0.07142857142857142,13,13,TCTGCTAAACGTTACGCGGG,0,5191532
yqjE_yqjK_yqjD_yqjC_predicted,0.07142857142857142,13,13,TCGGTTGGGATGAGGGAAGT,0,5246998
yqjE_yqjK_yqjD_yqjC_predicted,0.07142857142857142,13,13,TCGGCGCATCGCATGTAGGT,0,5177051
yqjE_yqjK_yqjD_yqjC_predicted,0.07142857142857142,13,13,TCGAGGGGATCGGAGATCGG,0,5208136
yqjE_yqjK_yqjD_yqjC_predicted,0.07142857142857142,13,13,TCGAGCTGGCCAGAGAATTG,0,5221472
yqjE_yqjK_yqjD_yqjC_predicted,0.07142857142857142,13,13,TCGAGATTGGAATAGCAATC,0,5245574
yqjE_yqjK_yqjD_yqjC_predicted,0.07142857142857142,13,13,TCCGATATGGGTCGAGTAGG,0,5179513
yqjE_yqjK_yqjD_yqjC_predicted,0.07142857142857142,13,13,TCCGACGTCTGCGCTGCAAC,0,5197158
yqjE_yqjK_yqjD_yqjC_predicted,0.07142857142857142,13,13,TCCCTGGACCCCGCGGCAGT,0,5214327
yqjE_yqjK_yqjD_yqjC_predicted,0.07142857142857142,13,13,TCCACTCAGGGCGTGATACT,0,5197102
yqjE_yqjK_yqjD_yqjC_predicted,0.07142857142857142,13,13,TCATACTGGAAAGCAGGCTA,0,5226196
yqjE_yqjK_yqjD_yqjC_predicted,0.07142857142857142,13,13,TCAATCGACATTAGGTGGCG,0,5212043
yqjE_yqjK_yqjD_yqjC_predicted,0.07142857142857142,13,13,TCAAGGTTCACGTTGCTCAC,0,5250662
yqjE_yqjK_yqjD_yqjC_predicted,0.07142857142857142,13,13,TATTTTAGGGTTCACACGGA,0,5177733
yqjE_yqjK_yqjD_yqjC_predicted,0.07142857142857142,13,13,TATTGCTCCGACTGCGGAGA,0,5182090
yqjE_yqjK_yqjD_yqjC_predicted,0.07142857142857142,13,13,TATATCAAACGAGCTTGCCT,0,5175995
yqjE_yqjK_yqjD_yqjC_predicted,0.07142857142857142,13,13,TATAAGACCAAGACTTTAAT,0,5238386
yqjE_yqjK_yqjD_yqjC_predicted,0.07142857142857142,13,13,TAGTTTACCAACCATGAGTA,0,5234689
yqjE_yqjK_yqjD_yqjC_predicted,0.07142857142857142,13,13,TAGGATGATGTAAGAAGGGT,0,5189806
yqjE_yqjK_yqjD_yqjC_predicted,0.07142857142857142,13,13,TAGGAGACAAATTCGTAAGT,0,5206568
yqjE_yqjK_yqjD_yqjC_predicted,0.07142857142857142,13,13,TAGCCGCCTACCGACAACGA,0,5196981
yqjE_yqjK_yqjD_yqjC_predicted,0.07142857142857142,13,13,TAGACTTCCTGGCCCCGTAG,0,5258389
yqjE_yqjK_yqjD_yqjC_predicted,0.07142857142857142,13,13,TACGAGTGGGGCTATGATAT,0,5185862
yqjE_yqjK_yqjD_yqjC_predicted,0.07142857142857142,13,13,TAATTTCGCACGCCTGTACT,0,5236337
yqjE_yqjK_yqjD_yqjC_predicted,0.07142857142857142,13,13,TAAGAAAAACCGTATAGACT,0,5216411
yqjE_yqjK_yqjD_yqjC_predicted,0.07142857142857142,13,13,GTTTATCTCAGTGCATGCTC,0,5259448
yqjE_yqjK_yqjD_yqjC_predicted,0.07142857142857142,13,13,GTTGCTCATAAGTGTACCGT,0,5186154
yqjE_yqjK_yqjD_yqjC_predicted,0.07142857142857142,13,13,GTTACGCCAATTAGCCAGTT,0,5231343
yqjE_yqjK_yqjD_yqjC_predicted,0.07142857142857142,13,13,GTTACCTTATGCAATTTCAT,0,5214603
yqjE_yqjK_yqjD_yqjC_predicted,0.07142857142857142,13,13,GTGTTAATTCGCGTAGACGT,0,5187226
yqjE_yqjK_yqjD_yqjC_predicted,0.07142857142857142,13,13,GTGTATTGGACCCCCAGGGG,0,5197624
yqjE_yqjK_yqjD_yqjC_predicted,0.07142857142857142,13,13,GTGTAAACGGCCGAACCTCG,0,5182010
yqjE_yqjK_yqjD_yqjC_predicted,0.07142857142857142,13,13,GTGGAGACCAAACGGGCCTT,0,5219304
yqjE_yqjK_yqjD_yqjC_predicted,0.07142857142857142,13,13,GTGACAGGACAACGGGATAA,0,5209398
yqjE_yqjK_yqjD_yqjC_predicted,0.07142857142857142,13,13,GTCCTAATTGTAAAGACGAC,0,5242603
yqjE_yqjK_yqjD_yqjC_predicted,0.07142857142857142,13,13,GTCCACGGGTTGTGCTAAGG,0,5244878
yqjE_yqjK_yqjD_yqjC_predicted,0.07142857142857142,13,13,GTCCAAGCGAATGTCTAACT,0,5250160
yqjE_yqjK_yqjD_yqjC_predicted,0.07142857142857142,13,13,GTATTGTTTATGACGCTAAA,0,5195189
yqjE_yqjK_yqjD_yqjC_predicted,0.07142857142857142,13,13,GTAGTGTCTGGTCACAGAAG,0,5178147
yqjE_yqjK_yqjD_yqjC_predicted,0.07142857142857142,13,13,GTAGGCGCACGACACCGGGT,0,5172487
yqjE_yqjK_yqjD_yqjC_predicted,0.07142857142857142,13,13,GTACTCCTGGTGATTCAGAA,0,5187880
yqjE_yqjK_yqjD_yqjC_predicted,0.07142857142857142,13,13,GTACATCACGGGTATACAGT,0,5199093
yqjE_yqjK_yqjD_yqjC_predicted,0.07142857142857142,13,13,GGTTGGAGTTCAACTGCACA,0,5204401
yqjE_yqjK_yqjD_yqjC_predicted,0.07142857142857142,13,13,GGTGCCATCTTATTCCCCAT,0,5179715
yqjE_yqjK_yqjD_yqjC_predicted,0.07142857142857142,13,13,GGTCTTTCGATCGTACGCAA,0,5178162
yqjE_yqjK_yqjD_yqjC_predicted,0.07142857142857142,13,13,GGTATCCGGGCGGTCTAAGG,0,5217417
yqjE_yqjK_yqjD_yqjC_predicted,0.07142857142857142,13,13,GGTACCTGATCGTTAGGAAC,0,5213740
yqjE_yqjK_yqjD_yqjC_predicted,0.07142857142857142,13,13,GGGGGACAGGGATAGGAAGT,0,5197928
yqjE_yqjK_yqjD_yqjC_predicted,0.07142857142857142,13,13,GGGCCTATAGATGGGCTAGC,0,5182240
yqjE_yqjK_yqjD_yqjC_predicted,0.07142857142857142,13,13,GGGCAGCAGGGCCTCGAATA,0,5199771
yqjE_yqjK_yqjD_yqjC_predicted,0.07142857142857142,13,13,GGGAACCTGCTCAGGACCGC,0,5190775
yqjE_yqjK_yqjD_yqjC_predicted,0.07142857142857142,13,13,GGCTATGACTATCTGGAATT,0,5230098
yqjE_yqjK_yqjD_yqjC_predicted,0.07142857142857142,13,13,GGCGTTAAGTCCGCCAGTTT,0,5214177
yqjE_yqjK_yqjD_yqjC_predicted,0.07142857142857142,13,13,GGCCCGGCATCTAGAGAGGC,0,5199376
yqjE_yqjK_yqjD_yqjC_predicted,0.07142857142857142,13,13,GGCACATAAAGTTTTCTTAT,0,5184520
yqjE_yqjK_yqjD_yqjC_predicted,0.07142857142857142,13,13,GGCAAGGATCAGTCCTACGA,0,5215696
yqjE_yqjK_yqjD_yqjC_predicted,0.07142857142857142,13,13,GGATGAGGTAATTGCGCTGC,0,5231004
yqjE_yqjK_yqjD_yqjC_predicted,0.07142857142857142,13,13,GGATATGTCGCTGGAAGTCA,0,5233913
yqjE_yqjK_yqjD_yqjC_predicted,0.07142857142857142,13,13,GGATACGTCAAGTGTGACTC,0,5231344
yqjE_yqjK_yqjD_yqjC_predicted,0.07142857142857142,13,13,GGAGGTTGGAGATATGGGGG,0,5219998
yqjE_yqjK_yqjD_yqjC_predicted,0.07142857142857142,13,13,GGAGATGTCTGCAATTATGA,0,5260923
yqjE_yqjK_yqjD_yqjC_predicted,0.07142857142857142,13,13,GGAATCTAAATGTCGTGGAG,0,5202728
yqjE_yqjK_yqjD_yqjC_predicted,0.07142857142857142,13,13,GGAAGGCCATGCATTCGAGG,0,5227747
yqjE_yqjK_yqjD_yqjC_predicted,0.07142857142857142,13,13,GCTGACCAAGAGGTCTGCCT,0,5253977
yqjE_yqjK_yqjD_yqjC_predicted,0.07142857142857142,13,13,GCTCTCTGGCACATTCAGAA,0,5232635
yqjE_yqjK_yqjD_yqjC_predicted,0.07142857142857142,13,13,GCTCGGTCGAGCATCGAATT,0,5197201
yqjE_yqjK_yqjD_yqjC_predicted,0.07142857142857142,13,13,GCTCACCTATCTTCGTTCCT,0,5219463
yqjE_yqjK_yqjD_yqjC_predicted,0.07142857142857142,13,13,GCGTGCGTCAAGCAGCAGCC,0,5202973
yqjE_yqjK_yqjD_yqjC_predicted,0.07142857142857142,13,13,GCGTGCACTTAAGGGAAAGC,0,5236618
yqjE_yqjK_yqjD_yqjC_predicted,0.07142857142857142,13,13,GCGTGACTAATGGTCCAGGC,0,5212543
yqjE_yqjK_yqjD_yqjC_predicted,0.07142857142857142,13,13,GCGGGCTAGCTAAGGGGTCG,0,5230917
yqjE_yqjK_yqjD_yqjC_predicted,0.07142857142857142,13,13,GCGGGCCACTTCTAGGAGCA,0,5220964
yqjE_yqjK_yqjD_yqjC_predicted,0.07142857142857142,13,13,GCGCTGGAGATCCAAGTGTC,0,5244949
yqjE_yqjK_yqjD_yqjC_predicted,0.07142857142857142,13,13,GCGCCAGAACTAACGGGTTG,0,5182435
yqjE_yqjK_yqjD_yqjC_predicted,0.07142857142857142,13,13,GCGCATACAGGTAGGCCACT,0,5253080
yqjE_yqjK_yqjD_yqjC_predicted,0.07142857142857142,13,13,GCGAAGGATCCTGTCTTTGG,0,5244928
yqjE_yqjK_yqjD_yqjC_predicted,0.07142857142857142,13,13,GCCTCTTATCCACGCCAGGC,0,5249780
yqjE_yqjK_yqjD_yqjC_predicted,0.07142857142857142,13,13,GCCTCTCGTTTGCCCCAACT,0,5178401
yqjE_yqjK_yqjD_yqjC_predicted,0.07142857142857142,13,13,GCCGACATATACCTTTCACT,0,5178715
yqjE_yqjK_yqjD_yqjC_predicted,0.07142857142857142,13,13,GCATCGGTCCAGGGGCACAT,0,5213483
yqjE_yqjK_yqjD_yqjC_predicted,0.07142857142857142,13,13,GCATAAAGCAGATGTCACGC,0,5199076
yqjE_yqjK_yqjD_yqjC_predicted,0.07142857142857142,13,13,GCACTATAAAACTTTTCGAC,0,5206567
yqjE_yqjK_yqjD_yqjC_predicted,0.07142857142857142,13,13,GCACCGTAAAATCCCGCCCA,0,5232012
yqjE_yqjK_yqjD_yqjC_predicted,0.07142857142857142,13,13,GCAATGGAGCCACACGATGT,0,5241694
yqjE_yqjK_yqjD_yqjC_predicted,0.07142857142857142,13,13,GCAAATCTAATACAAGACCA,0,5246739
yqjE_yqjK_yqjD_yqjC_predicted,0.07142857142857142,13,13,GATTCCTCATAAGATGATTT,0,5187313
yqjE_yqjK_yqjD_yqjC_predicted,0.07142857142857142,13,13,GATTATGGGATACGGAACGG,0,5257598
yqjE_yqjK_yqjD_yqjC_predicted,0.07142857142857142,13,13,GATGCCATGTGACTTGACTA,0,5180803
yqjE_yqjK_yqjD_yqjC_predicted,0.07142857142857142,13,13,GATCCAGTTTTCTGGGCTTG,0,5180098
yqjE_yqjK_yqjD_yqjC_predicted,0.07142857142857142,13,13,GAGATGTAGATCTGAATGAG,0,5189974
yqjE_yqjK_yqjD_yqjC_predicted,0.07142857142857142,13,13,GAGAGGTAGTAGGATGACAA,0,5200840
yqjE_yqjK_yqjD_yqjC_predicted,0.07142857142857142,13,13,GAGACTGTAGTCTCTTTACT,0,5221609
yqjE_yqjK_yqjD_yqjC_predicted,0.07142857142857142,13,13,GAGAACGAGGTTTCCTGTGT,0,5193009
yqjE_yqjK_yqjD_yqjC_predicted,0.07142857142857142,13,13,GACGCAGCTCGTGGTGCGTA,0,5233051
yqjE_yqjK_yqjD_yqjC_predicted,0.07142857142857142,13,13,GACAATTCGTCTACCCCTGC,0,5241611
yqjE_yqjK_yqjD_yqjC_predicted,0.07142857142857142,13,13,GAAGAAGCGAGAGACCCGGC,0,5231360
yqjE_yqjK_yqjD_yqjC_predicted,0.07142857142857142,13,13,GAACGTTGCCTTCCCCAATA,0,5178089
yqjE_yqjK_yqjD_yqjC_predicted,0.07142857142857142,13,13,GAACAACAGTTATACAGGGT,0,5179160
yqjE_yqjK_yqjD_yqjC_predicted,0.07142857142857142,13,13,CTTGGAGGAGGGGAGAAGAT,0,5183472
yqjE_yqjK_yqjD_yqjC_predicted,0.07142857142857142,13,13,CTTGCAAAGGCTCAAATCCG,0,5190644
yqjE_yqjK_yqjD_yqjC_predicted,0.07142857142857142,13,13,CTGGGAGGCCTGCTGCGAAC,0,5222501
yqjE_yqjK_yqjD_yqjC_predicted,0.07142857142857142,13,13,CTGATGATGATCCCGGGTAG,0,5188252
yqjE_yqjK_yqjD_yqjC_predicted,0.07142857142857142,13,13,CTCTCCGCTAGTGGCGCGAT,0,5246015
yqjE_yqjK_yqjD_yqjC_predicted,0.07142857142857142,13,13,CTCCTTCCATATAGAGAGGC,0,5227940
yqjE_yqjK_yqjD_yqjC_predicted,0.07142857142857142,13,13,CTAGTATTTTAGTACTAGGG,0,5183244
yqjE_yqjK_yqjD_yqjC_predicted,0.07142857142857142,13,13,CTACCGCTTCAGCTGGCAGC,0,5192177
yqjE_yqjK_yqjD_yqjC_predicted,0.07142857142857142,13,13,CGTGATCACCGTGGAACGTC,0,5228914
yqjE_yqjK_yqjD_yqjC_predicted,0.07142857142857142,13,13,CGTCAATCCCTTACTAAGGC,0,5202052
yqjE_yqjK_yqjD_yqjC_predicted,0.07142857142857142,13,13,CGTAGGCTATAGGAGATAAC,0,5249209
yqjE_yqjK_yqjD_yqjC_predicted,0.07142857142857142,13,13,CGTAAGAATGTTAAAGGCAT,0,5193816
yqjE_yqjK_yqjD_yqjC_predicted,0.07142857142857142,13,13,CGTAACTGCCAATCCTTTGC,0,5255012
yqjE_yqjK_yqjD_yqjC_predicted,0.07142857142857142,13,13,CGGTGCTTATTTTACGCCGA,0,5227713
yqjE_yqjK_yqjD_yqjC_predicted,0.07142857142857142,13,13,CGGTGAGACCAGCCGTATTG,0,5188728
yqjE_yqjK_yqjD_yqjC_predicted,0.07142857142857142,13,13,CGGTACCAGGTCTAGGTTCG,0,5241766
yqjE_yqjK_yqjD_yqjC_predicted,0.07142857142857142,13,13,CGGGCTGAAGTACTGTGCGA,0,5220879
yqjE_yqjK_yqjD_yqjC_predicted,0.07142857142857142,13,13,CGGCCCTAGATACCACTGGA,0,5240088
yqjE_yqjK_yqjD_yqjC_predicted,0.07142857142857142,13,13,CGGACGATGCTTTCATGGTC,0,5226287
yqjE_yqjK_yqjD_yqjC_predicted,0.07142857142857142,13,13,CGCGTGCGGTTACGAACGTC,0,5201161
yqjE_yqjK_yqjD_yqjC_predicted,0.07142857142857142,13,13,CGCGGGTCACGCGGAGTATT,0,5254981
yqjE_yqjK_yqjD_yqjC_predicted,0.07142857142857142,13,13,CGCGCCAACCATTAGCACGA,0,5176767
yqjE_yqjK_yqjD_yqjC_predicted,0.07142857142857142,13,13,CGCGCAACCCCGTTTAAGGC,0,5258781
yqjE_yqjK_yqjD_yqjC_predicted,0.07142857142857142,13,13,CGCGAACTATATGTGCAAAC,0,5234751
yqjE_yqjK_yqjD_yqjC_predicted,0.07142857142857142,13,13,CGCAAGTGCGATGCGACAAG,0,5223482
yqjE_yqjK_yqjD_yqjC_predicted,0.07142857142857142,13,13,CGCAAAGTTCCCAGAGAGTT,0,5259422
yqjE_yqjK_yqjD_yqjC_predicted,0.07142857142857142,13,13,CGATTGGTTCACGGACGGCG,0,5176760
yqjE_yqjK_yqjD_yqjC_predicted,0.07142857142857142,13,13,CGATCGCGTTGCGCTTGAAA,0,5212710
yqjE_yqjK_yqjD_yqjC_predicted,0.07142857142857142,13,13,CGACCCATATGCATGACGAG,0,5175444
yqjE_yqjK_yqjD_yqjC_predicted,0.07142857142857142,13,13,CGAAGTGAATGGTCTTATGA,0,5210541
yqjE_yqjK_yqjD_yqjC_predicted,0.07142857142857142,13,13,CGAAGACTGAGCCATCGGGT,0,5190263
yqjE_yqjK_yqjD_yqjC_predicted,0.07142857142857142,13,13,CGAAAATTCTCGTTGGGCCG,0,5202518
yqjE_yqjK_yqjD_yqjC_predicted,0.07142857142857142,13,13,CCTTATGGAACACAATGTTT,0,5225657
yqjE_yqjK_yqjD_yqjC_predicted,0.07142857142857142,13,13,CCTGCCATGGATACATGGTC,0,5205798
yqjE_yqjK_yqjD_yqjC_predicted,0.07142857142857142,13,13,CCTGACGACTAGGAGTTCGA,0,5186478
yqjE_yqjK_yqjD_yqjC_predicted,0.07142857142857142,13,13,CCTCTCCATTTCCTCAAACA,0,5205128
yqjE_yqjK_yqjD_yqjC_predicted,0.07142857142857142,13,13,CCTAAATTTGGAAGCATCAA,0,5252370
yqjE_yqjK_yqjD_yqjC_predicted,0.07142857142857142,13,13,CCGGGTTACGTAGGTGCGTA,0,5178908
yqjE_yqjK_yqjD_yqjC_predicted,0.07142857142857142,13,13,CCGCGCGGGTACCGTCCAAT,0,5237808
yqjE_yqjK_yqjD_yqjC_predicted,0.07142857142857142,13,13,CCGATAGACCAAACGGGATA,0,5216404
yqjE_yqjK_yqjD_yqjC_predicted,0.07142857142857142,13,13,CCGAGCGAGACATTAATTCG,0,5227938
yqjE_yqjK_yqjD_yqjC_predicted,0.07142857142857142,13,13,CCGACTGATCAGCGGTAGTA,0,5225827
yqjE_yqjK_yqjD_yqjC_predicted,0.07142857142857142,13,13,CCCGTCTAATGACCCCGGGA,0,5221611
yqjE_yqjK_yqjD_yqjC_predicted,0.07142857142857142,13,13,CCCGCTCATTTCTGAGATAA,0,5258010
yqjE_yqjK_yqjD_yqjC_predicted,0.07142857142857142,13,13,CCCCCATGTATTTATTTTGT,0,5216127
yqjE_yqjK_yqjD_yqjC_predicted,0.07142857142857142,13,13,CCCATCTAGTACCTCAATTG,0,5190809
yqjE_yqjK_yqjD_yqjC_predicted,0.07142857142857142,13,13,CCCATCACAAGGCATCTCAG,0,5199909
yqjE_yqjK_yqjD_yqjC_predicted,0.07142857142857142,13,13,CCCACAGATGGTCCTCAGAT,0,5212239
yqjE_yqjK_yqjD_yqjC_predicted,0.07142857142857142,13,13,CCATGTGGACCTGTGGGTCC,0,5176460
yqjE_yqjK_yqjD_yqjC_predicted,0.07142857142857142,13,13,CCATGTGACACGGTTAACTT,0,5178903
yqjE_yqjK_yqjD_yqjC_predicted,0.07142857142857142,13,13,CCAGCTTCAACTGGACATAC,0,5245466
yqjE_yqjK_yqjD_yqjC_predicted,0.07142857142857142,13,13,CCAGATCCGCCGCGCCGGCA,0,5216434
yqjE_yqjK_yqjD_yqjC_predicted,0.07142857142857142,13,13,CCACTAGGTAACACCACTTC,0,5242599
yqjE_yqjK_yqjD_yqjC_predicted,0.07142857142857142,13,13,CCACGGCCCTGGAGGCCGTA,0,5230654
yqjE_yqjK_yqjD_yqjC_predicted,0.07142857142857142,13,13,CCAAAAGAGACTTGACAGCG,0,5194036
yqjE_yqjK_yqjD_yqjC_predicted,0.07142857142857142,13,13,CATTTCACATGGATAGTGAT,0,5251796
yqjE_yqjK_yqjD_yqjC_predicted,0.07142857142857142,13,13,CATTGACAGTGCGGTGGATG,0,5195125
yqjE_yqjK_yqjD_yqjC_predicted,0.07142857142857142,13,13,CATTCGGAGGCATATTACCA,0,5186240
yqjE_yqjK_yqjD_yqjC_predicted,0.07142857142857142,13,13,CATGGCGGTCGATTGTGTCC,0,5225559
yqjE_yqjK_yqjD_yqjC_predicted,0.07142857142857142,13,13,CATGCCGCGACAAGCTAGCG,0,5202308
yqjE_yqjK_yqjD_yqjC_predicted,0.07142857142857142,13,13,CATCGAGTAGTTAGTGATGC,0,5221211
yqjE_yqjK_yqjD_yqjC_predicted,0.07142857142857142,13,13,CATCAGCTCCGATCAGACAC,0,5195949
yqjE_yqjK_yqjD_yqjC_predicted,0.07142857142857142,13,13,CAGTTGTCCAACTAATAGGA,0,5194113
yqjE_yqjK_yqjD_yqjC_predicted,0.07142857142857142,13,13,CAGTTGTAGATTCGTACTCC,0,5189873
yqjE_yqjK_yqjD_yqjC_predicted,0.07142857142857142,13,13,CAGTTATAGGATTCTAGGAA,0,5205962
yqjE_yqjK_yqjD_yqjC_predicted,0.07142857142857142,13,13,CAGAGTTGAGGTACTCCACT,0,5230984
yqjE_yqjK_yqjD_yqjC_predicted,0.07142857142857142,13,13,CACGATGCAGGAGTCGTATC,0,5211208
yqjE_yqjK_yqjD_yqjC_predicted,0.07142857142857142,13,13,CAATAGAGCGATAGCATCAG,0,5216251
yqjE_yqjK_yqjD_yqjC_predicted,0.07142857142857142,13,13,CAAGTGCTTGGGCGCGGCGC,0,5213792
yqjE_yqjK_yqjD_yqjC_predicted,0.07142857142857142,13,13,CAAGTAAATGCGACGGAGCC,0,5225606
yqjE_yqjK_yqjD_yqjC_predicted,0.07142857142857142,13,13,CAAGCGTTCTAACTGGATCT,0,5230530
yqjE_yqjK_yqjD_yqjC_predicted,0.07142857142857142,13,13,CAACACTCTAGCATTTCTGA,0,5201414
yqjE_yqjK_yqjD_yqjC_predicted,0.07142857142857142,13,13,ATTCATACTTGGTTTAGTTC,0,5181738
yqjE_yqjK_yqjD_yqjC_predicted,0.07142857142857142,13,13,ATTAGTTACATGGCTGGTGA,0,5202661
yqjE_yqjK_yqjD_yqjC_predicted,0.07142857142857142,13,13,ATTAATCCGTTTTGTTTACG,0,5215265
yqjE_yqjK_yqjD_yqjC_predicted,0.07142857142857142,13,13,ATGTCCTGACTCATTCCTTG,0,5190836
yqjE_yqjK_yqjD_yqjC_predicted,0.07142857142857142,13,13,ATGTCACGGCATGGGTGTAA,0,5176032
yqjE_yqjK_yqjD_yqjC_predicted,0.07142857142857142,13,13,ATGGGCTGATTGGGGACGTC,0,5189802
yqjE_yqjK_yqjD_yqjC_predicted,0.07142857142857142,13,13,ATGGCGTGGAACAGCCGTAT,0,5246679
yqjE_yqjK_yqjD_yqjC_predicted,0.07142857142857142,13,13,ATGGACGGACACGATATTGG,0,5240572
yqjE_yqjK_yqjD_yqjC_predicted,0.07142857142857142,13,13,ATGCTAGGATCCCATCACAT,0,5174654
yqjE_yqjK_yqjD_yqjC_predicted,0.07142857142857142,13,13,ATGCCGCCCTGACATGAAAT,0,5240025
yqjE_yqjK_yqjD_yqjC_predicted,0.07142857142857142,13,13,ATGCCCGTGGGATTATGCCT,0,5258141
yqjE_yqjK_yqjD_yqjC_predicted,0.07142857142857142,13,13,ATGACGGTACCCGCTCCGTG,0,5182556
yqjE_yqjK_yqjD_yqjC_predicted,0.07142857142857142,13,13,ATGACGAGCGGCGCATAACG,0,5180904
yqjE_yqjK_yqjD_yqjC_predicted,0.07142857142857142,13,13,ATCTGCTCGTTTTTTAAGAA,0,5202650
yqjE_yqjK_yqjD_yqjC_predicted,0.07142857142857142,13,13,ATCTCCAGGGCAGGAACAAC,0,5246557
yqjE_yqjK_yqjD_yqjC_predicted,0.07142857142857142,13,13,ATCGTTTGACAAAAATCCAG,0,5226570
yqjE_yqjK_yqjD_yqjC_predicted,0.07142857142857142,13,13,ATCGGGTAGAATCCAGTCCG,0,5211771
yqjE_yqjK_yqjD_yqjC_predicted,0.07142857142857142,13,13,ATCGGATTCTAAACTGGGAT,0,5171713
yqjE_yqjK_yqjD_yqjC_predicted,0.07142857142857142,13,13,ATCCTGCGGTAGGAACTTGC,0,5187115
yqjE_yqjK_yqjD_yqjC_predicted,0.07142857142857142,13,13,ATCCGAGTAAAGAGCCGGAC,0,5190776
yqjE_yqjK_yqjD_yqjC_predicted,0.07142857142857142,13,13,ATCAAATTTCGTCGGGTTAA,0,5236028
yqjE_yqjK_yqjD_yqjC_predicted,0.07142857142857142,13,13,ATATTAGGACGATCGGTACT,0,5221032
yqjE_yqjK_yqjD_yqjC_predicted,0.07142857142857142,13,13,ATATAGTACTGAGGGATCAA,0,5194628
yqjE_yqjK_yqjD_yqjC_predicted,0.07142857142857142,13,13,ATAGTAACGAGCCAATTTGC,0,5234630
yqjE_yqjK_yqjD_yqjC_predicted,0.07142857142857142,13,13,ATAGATTCAAATGTTGCCTG,0,5233458
yqjE_yqjK_yqjD_yqjC_predicted,0.07142857142857142,13,13,ATACGCCGGGCCAGGGTTAA,0,5179115
yqjE_yqjK_yqjD_yqjC_predicted,0.07142857142857142,13,13,ATACACCTGACCTATTGCTC,0,5177772
yqjE_yqjK_yqjD_yqjC_predicted,0.07142857142857142,13,13,ATAAGGGCTAGGAGCGTCTT,0,5248863
yqjE_yqjK_yqjD_yqjC_predicted,0.07142857142857142,13,13,ATAACGCCATACAGCATGGG,0,5242851
yqjE_yqjK_yqjD_yqjC_predicted,0.07142857142857142,13,13,ATAAATGTCTACACGTTATG,0,5215016
yqjE_yqjK_yqjD_yqjC_predicted,0.07142857142857142,13,13,AGTTGGATCGGGATATAAAC,0,5241321
yqjE_yqjK_yqjD_yqjC_predicted,0.07142857142857142,13,13,AGTTGCTTCTGAAGGGCTGA,0,5173032
yqjE_yqjK_yqjD_yqjC_predicted,0.07142857142857142,13,13,AGTATAGGCAGAGAAATATA,0,5190948
yqjE_yqjK_yqjD_yqjC_predicted,0.07142857142857142,13,13,AGGTGCGTGTGCGGCCAAGT,0,5210350
yqjE_yqjK_yqjD_yqjC_predicted,0.07142857142857142,13,13,AGGTAGTAGCCCCCGAACTG,0,5181353
yqjE_yqjK_yqjD_yqjC_predicted,0.07142857142857142,13,13,AGGGGGGTGCCAGAGTTTGA,0,5173551
yqjE_yqjK_yqjD_yqjC_predicted,0.07142857142857142,13,13,AGGGGCTACTAGCTACGTAC,0,5190113
yqjE_yqjK_yqjD_yqjC_predicted,0.07142857142857142,13,13,AGCGGTTGTGTGAATAGGCA,0,5238466
yqjE_yqjK_yqjD_yqjC_predicted,0.07142857142857142,13,13,AGCCCTCTTGCTACAGCTCT,0,5233707
yqjE_yqjK_yqjD_yqjC_predicted,0.07142857142857142,13,13,AGCCCTAGCCCCCGAAGGAG,0,5249366
yqjE_yqjK_yqjD_yqjC_predicted,0.07142857142857142,13,13,AGCCATTGTCAGGGTTGTTT,0,5238352
yqjE_yqjK_yqjD_yqjC_predicted,0.07142857142857142,13,13,AGATAAAAAATTGCTATGGC,0,5235368
yqjE_yqjK_yqjD_yqjC_predicted,0.07142857142857142,13,13,AGAGGCTACCTGTGAAGTGA,0,5225882
yqjE_yqjK_yqjD_yqjC_predicted,0.07142857142857142,13,13,AGAGGCGCTCTCTTGCTCTT,0,5240772
yqjE_yqjK_yqjD_yqjC_predicted,0.07142857142857142,13,13,AGAAGACAAAAGGGTTTGTG,0,5244687
yqjE_yqjK_yqjD_yqjC_predicted,0.07142857142857142,13,13,ACTGCCGATACAGTACCTGG,0,5220437
yqjE_yqjK_yqjD_yqjC_predicted,0.07142857142857142,13,13,ACTATCAGTGGTTTAGAGGA,0,5184700
yqjE_yqjK_yqjD_yqjC_predicted,0.07142857142857142,13,13,ACTACGTATGCTAGCTGGTG,0,5260155
yqjE_yqjK_yqjD_yqjC_predicted,0.07142857142857142,13,13,ACTAACGGAGGGGATACACT,0,5228258
yqjE_yqjK_yqjD_yqjC_predicted,0.07142857142857142,13,13,ACGTGTTGACATTTTATTTA,0,5186829
yqjE_yqjK_yqjD_yqjC_predicted,0.07142857142857142,13,13,ACGTGACTGGAGGGTGTAGG,0,5219381
yqjE_yqjK_yqjD_yqjC_predicted,0.07142857142857142,13,13,ACGGGGAGCGAGTACGCAGA,0,5180783
yqjE_yqjK_yqjD_yqjC_predicted,0.07142857142857142,13,13,ACGGATGCCCTTTCTACACG,0,5227913
yqjE_yqjK_yqjD_yqjC_predicted,0.07142857142857142,13,13,ACGGAAAGAAACCGGACTAG,0,5216441
yqjE_yqjK_yqjD_yqjC_predicted,0.07142857142857142,13,13,ACGCGGGAGTTGGATAAGTA,0,5203628
yqjE_yqjK_yqjD_yqjC_predicted,0.07142857142857142,13,13,ACGCCCTCGTGGTGGAATCT,0,5233184
yqjE_yqjK_yqjD_yqjC_predicted,0.07142857142857142,13,13,ACGCCCTACGTGCTGTATAC,0,5233247
yqjE_yqjK_yqjD_yqjC_predicted,0.07142857142857142,13,13,ACGCAGTTCGTTGTCGGAGG,0,5228583
yqjE_yqjK_yqjD_yqjC_predicted,0.07142857142857142,13,13,ACCGGGGGACGGGCGCAGAT,0,5182815
yqjE_yqjK_yqjD_yqjC_predicted,0.07142857142857142,13,13,ACCCCACGGGTTTCTGAAGA,0,5212603
yqjE_yqjK_yqjD_yqjC_predicted,0.07142857142857142,13,13,ACCATGAGCCACTAAGGGAA,0,5184574
yqjE_yqjK_yqjD_yqjC_predicted,0.07142857142857142,13,13,ACACGTCAGAGATTGTGTGT,0,5204260
yqjE_yqjK_yqjD_yqjC_predicted,0.07142857142857142,13,13,ACAATTGATGTGTGAGTATA,0,5171701
yqjE_yqjK_yqjD_yqjC_predicted,0.07142857142857142,13,13,ACAAATATTATTCAATCTAG,0,5235833
yqjE_yqjK_yqjD_yqjC_predicted,0.07142857142857142,13,13,AATGTGTAATTTCTATCGAA,0,5243971
yqjE_yqjK_yqjD_yqjC_predicted,0.07142857142857142,13,13,AAGTTACAGCTGGAATTCTT,0,5223761
yqjE_yqjK_yqjD_yqjC_predicted,0.07142857142857142,13,13,AAGGGCACACCCATGGTTGA,0,5173825
yqjE_yqjK_yqjD_yqjC_predicted,0.07142857142857142,13,13,AAGGGATCCGCGAGGGCGAA,0,5178534
yqjE_yqjK_yqjD_yqjC_predicted,0.07142857142857142,13,13,AAGCGAGTAACGCCCCGCAG,0,5241532
yqjE_yqjK_yqjD_yqjC_predicted,0.07142857142857142,13,13,AAGCATGGTCCCCCAGGGGA,0,5193525
yqjE_yqjK_yqjD_yqjC_predicted,0.07142857142857142,13,13,AAGAGATCCGGCCGAATTGT,0,5223814
yqjE_yqjK_yqjD_yqjC_predicted,0.07142857142857142,13,13,AACTTGCTTACAGGGACTTA,0,5196798
yqjE_yqjK_yqjD_yqjC_predicted,0.07142857142857142,13,13,AACGTGGAAGGTCACGATGT,0,5235148
yqjE_yqjK_yqjD_yqjC_predicted,0.07142857142857142,13,13,AACCGTACATTTGATTTTCT,0,5191184
yqjE_yqjK_yqjD_yqjC_predicted,0.07142857142857142,13,13,AACCCACAGGCTGCACTCCG,0,5237415
yqjE_yqjK_yqjD_yqjC_predicted,0.07142857142857142,13,13,AAATTCTTGCGACTAATAAG,0,5195419
yqjE_yqjK_yqjD_yqjC_predicted,0.07142857142857142,13,13,AAAGTGCATAAATCGCAAAA,0,5257923
yqjE_yqjK_yqjD_yqjC_predicted,0.07142857142857142,13,13,AAAGGCGGAAAGCCATGTGA,0,5242777
yqjE_yqjK_yqjD_yqjC_predicted,0.07142857142857142,13,13,AAACGGGTGAGGGGCTCGCA,0,5232705
yqjE_yqjK_yqjD_yqjC_predicted,0.07142857142857142,13,13,AAACAAGCCCACGCAGGCGC,0,5220236
yqjE_yqjK_yqjD_yqjC_predicted,0.07142857142857142,13,13,AAAATCTCGCGCAGTATTTT,0,5213405
yqjE_yqjK_yqjD_yqjC_predicted,0.07142857142857142,13,13,AAAATACGTGTTCCTCGGAT,0,5236055
yqjE_yqjK_yqjD_yqjC_predicted,0.07142857142857142,13,13,AAAAGGTCGAGGGGCCGTTC,0,5207595
yqjE_yqjK_yqjD_yqjC_predicted,0.07142857142857142,13,13,AAAAGCGTGGGCTCGGGGGC,0,5251507
yqjE_yqjK_yqjD_yqjC_predicted,0.07692307692307693,12,12,TTTGTCGCTTCTGCATCTTG,0,5200506
yqjE_yqjK_yqjD_yqjC_predicted,0.07692307692307693,12,12,TTTGGACTGGGTTCCACTCA,0,5258521
yqjE_yqjK_yqjD_yqjC_predicted,0.07692307692307693,12,12,TTTGCCGATCTCATCCCGCC,0,5189926
yqjE_yqjK_yqjD_yqjC_predicted,0.07692307692307693,12,12,TTTGAATCAGCCACCAAGGA,0,5204885
yqjE_yqjK_yqjD_yqjC_predicted,0.07692307692307693,12,12,TTTCTTAAACGAGGGTCCAC,0,5250881
yqjE_yqjK_yqjD_yqjC_predicted,0.07692307692307693,12,12,TTTAATGTCAGTAGGTTGGT,0,5214243
yqjE_yqjK_yqjD_yqjC_predicted,0.07692307692307693,12,12,TTTAAGGTAATGAGGTCTAG,0,5199343
yqjE_yqjK_yqjD_yqjC_predicted,0.07692307692307693,12,12,TTGGTTCCGCCTACAGGTGA,0,5242499
yqjE_yqjK_yqjD_yqjC_predicted,0.07692307692307693,12,12,TTGCAATTCGGTGCTTCTAC,0,5239800
yqjE_yqjK_yqjD_yqjC_predicted,0.07692307692307693,12,12,TTGAGCTCCGCAAGACAAGT,0,5188642
yqjE_yqjK_yqjD_yqjC_predicted,0.07692307692307693,12,12,TTGACTGCGGCGACGCCGAT,0,5261376
yqjE_yqjK_yqjD_yqjC_predicted,0.07692307692307693,12,12,TTCTTCGTGACGGGCCGATA,0,5172615
yqjE_yqjK_yqjD_yqjC_predicted,0.07692307692307693,12,12,TTCTAAGACCAATGACCCTT,0,5257697
yqjE_yqjK_yqjD_yqjC_predicted,0.07692307692307693,12,12,TTCGTGACCGCTGTTTACCA,0,5208598
yqjE_yqjK_yqjD_yqjC_predicted,0.07692307692307693,12,12,TTCGGTATAGATCGTAGAAC,0,5179232
yqjE_yqjK_yqjD_yqjC_predicted,0.07692307692307693,12,12,TTCCGGTCCCTAGCCAAGAC,0,5184347
yqjE_yqjK_yqjD_yqjC_predicted,0.07692307692307693,12,12,TTATTACGTCCCAACTCTAA,0,5206687
yqjE_yqjK_yqjD_yqjC_predicted,0.07692307692307693,12,12,TTAGCTCGGCGTGATCCGTG,0,5194686
yqjE_yqjK_yqjD_yqjC_predicted,0.07692307692307693,12,12,TTAGAGGCGGGCTGGGAGAG,0,5259826
yqjE_yqjK_yqjD_yqjC_predicted,0.07692307692307693,12,12,TTACCGGACCCGTTCAATGA,0,5204784
yqjE_yqjK_yqjD_yqjC_predicted,0.07692307692307693,12,12,TTAACGATGCCGTCTGGGAT,0,5221480
yqjE_yqjK_yqjD_yqjC_predicted,0.07692307692307693,12,12,TGTTACCGTAAACCTCGACT,0,5216561
yqjE_yqjK_yqjD_yqjC_predicted,0.07692307692307693,12,12,TGTGCCCTACTAGCGCCTAT,0,5245754
yqjE_yqjK_yqjD_yqjC_predicted,0.07692307692307693,12,12,TGTCGGAAATGCCTCGGAAA,0,5181328
yqjE_yqjK_yqjD_yqjC_predicted,0.07692307692307693,12,12,TGTCACAGGGACGCCCAAGT,0,5226474
yqjE_yqjK_yqjD_yqjC_predicted,0.07692307692307693,12,12,TGTAGCTCGATAGAGCCCAA,0,5171551
yqjE_yqjK_yqjD_yqjC_predicted,0.07692307692307693,12,12,TGTACGGCATATCCCGAAGA,0,5188859
yqjE_yqjK_yqjD_yqjC_predicted,0.07692307692307693,12,12,TGGTGCCAACATAATTGTTT,0,5191924
yqjE_yqjK_yqjD_yqjC_predicted,0.07692307692307693,12,12,TGGTCGGATTGTGGATTGTC,0,5184346
yqjE_yqjK_yqjD_yqjC_predicted,0.07692307692307693,12,12,TGGTACGGACGAGCAACCTT,0,5187762
yqjE_yqjK_yqjD_yqjC_predicted,0.07692307692307693,12,12,TGGGGAACAGTAGCGGGTTT,0,5261246
yqjE_yqjK_yqjD_yqjC_predicted,0.07692307692307693,12,12,TGGGAATAAATTTTAATCGG,0,5231949
yqjE_yqjK_yqjD_yqjC_predicted,0.07692307692307693,12,12,TGGCTTTAGGTAGTATAAAG,0,5217102
yqjE_yqjK_yqjD_yqjC_predicted,0.07692307692307693,12,12,TGGCCAATTGTTGTCGGAAA,0,5177877
yqjE_yqjK_yqjD_yqjC_predicted,0.07692307692307693,12,12,TGCTCCGTCCTGAGAACCTA,0,5233360
yqjE_yqjK_yqjD_yqjC_predicted,0.07692307692307693,12,12,TGCACCTAACCGAAACTAAG,0,5175390
yqjE_yqjK_yqjD_yqjC_predicted,0.07692307692307693,12,12,TGCAAGAACGTATGGCGGTG,0,5208928
yqjE_yqjK_yqjD_yqjC_predicted,0.07692307692307693,12,12,TGATTAAGTGAAGATAGTTT,0,5243921
yqjE_yqjK_yqjD_yqjC_predicted,0.07692307692307693,12,12,TGAGTGGCTTGTGTCTAAAC,0,5221052
yqjE_yqjK_yqjD_yqjC_predicted,0.07692307692307693,12,12,TGAGGTGGCAAAGTCATGTG,0,5217097
yqjE_yqjK_yqjD_yqjC_predicted,0.07692307692307693,12,12,TGAGCGTCCAGTCCTTTAGG,0,5262553
yqjE_yqjK_yqjD_yqjC_predicted,0.07692307692307693,12,12,TGAGCAGAGTACATGGGCCG,0,5207207
yqjE_yqjK_yqjD_yqjC_predicted,0.07692307692307693,12,12,TGACTTAACATTATTGGGAC,0,5241047
yqjE_yqjK_yqjD_yqjC_predicted,0.07692307692307693,12,12,TGACTGGGTCCTCTGCGTTC,0,5232796
yqjE_yqjK_yqjD_yqjC_predicted,0.07692307692307693,12,12,TGAACAAAACGATGATTTTG,0,5233054
yqjE_yqjK_yqjD_yqjC_predicted,0.07692307692307693,12,12,TCTTGGTGAAGATGCTTACG,0,5188817
yqjE_yqjK_yqjD_yqjC_predicted,0.07692307692307693,12,12,TCTGGCAAGTTATCTCTCGC,0,5256247
yqjE_yqjK_yqjD_yqjC_predicted,0.07692307692307693,12,12,TCTGCTAAACGCGGAAGAGT,0,5182805
yqjE_yqjK_yqjD_yqjC_predicted,0.07692307692307693,12,12,TCTCGTGCTCAAGCGCATCT,0,5181866
yqjE_yqjK_yqjD_yqjC_predicted,0.07692307692307693,12,12,TCTCGCGTTTAGAAGAAATA,0,5188175
yqjE_yqjK_yqjD_yqjC_predicted,0.07692307692307693,12,12,TCTCAGTTTAGATATAGTAG,0,5215794
yqjE_yqjK_yqjD_yqjC_predicted,0.07692307692307693,12,12,TCTAGCCGCTGATCCTGACC,0,5191417
yqjE_yqjK_yqjD_yqjC_predicted,0.07692307692307693,12,12,TCGTTTACACGGGATCTTAA,0,5222991
yqjE_yqjK_yqjD_yqjC_predicted,0.07692307692307693,12,12,TCGGGGAGAGATGTATATTG,0,5223341
yqjE_yqjK_yqjD_yqjC_predicted,0.07692307692307693,12,12,TCGATCTCCACCGGATAATC,0,5231733
yqjE_yqjK_yqjD_yqjC_predicted,0.07692307692307693,12,12,TCCGGACAAGCCCCATATGC,0,5202642
yqjE_yqjK_yqjD_yqjC_predicted,0.07692307692307693,12,12,TCCCTGACTAAATTCAGGAC,0,5175379
yqjE_yqjK_yqjD_yqjC_predicted,0.07692307692307693,12,12,TCCCAGTTGCTTCAGTGTCA,0,5251119
yqjE_yqjK_yqjD_yqjC_predicted,0.07692307692307693,12,12,TCCATTCTTATTCAGGTATT,0,5206929
yqjE_yqjK_yqjD_yqjC_predicted,0.07692307692307693,12,12,TCCAGGGCCTCAGGTGCAAG,0,5258577
yqjE_yqjK_yqjD_yqjC_predicted,0.07692307692307693,12,12,TCCAAATTCACTTTTATCGA,0,5178995
yqjE_yqjK_yqjD_yqjC_predicted,0.07692307692307693,12,12,TCACTAGGCGAGCGCGTAGT,0,5252311
yqjE_yqjK_yqjD_yqjC_predicted,0.07692307692307693,12,12,TCAAGCCACCCCTATGTTGT,0,5224399
yqjE_yqjK_yqjD_yqjC_predicted,0.07692307692307693,12,12,TATTGCATGCGTTATCGGAA,0,5203857
yqjE_yqjK_yqjD_yqjC_predicted,0.07692307692307693,12,12,TATTACAGATGTGGGAAGCG,0,5251754
yqjE_yqjK_yqjD_yqjC_predicted,0.07692307692307693,12,12,TATGTAGCGGACTTGAGAGT,0,5218490
yqjE_yqjK_yqjD_yqjC_predicted,0.07692307692307693,12,12,TATGCGGCGGACCGGCCACA,0,5262038
yqjE_yqjK_yqjD_yqjC_predicted,0.07692307692307693,12,12,TATGCAAGGGGAACGGTGAA,0,5261760
yqjE_yqjK_yqjD_yqjC_predicted,0.07692307692307693,12,12,TATCCGATAAAAAGGCGGAT,0,5185378
yqjE_yqjK_yqjD_yqjC_predicted,0.07692307692307693,12,12,TATATTCCTTTTAGGGGTCC,0,5234018
yqjE_yqjK_yqjD_yqjC_predicted,0.07692307692307693,12,12,TATATGTGCCGGATTTGCCT,0,5175255
yqjE_yqjK_yqjD_yqjC_predicted,0.07692307692307693,12,12,TATACTGCATGCATTCCAAA,0,5236215
yqjE_yqjK_yqjD_yqjC_predicted,0.07692307692307693,12,12,TAGGGACGAAGGATCCACTC,0,5179500
yqjE_yqjK_yqjD_yqjC_predicted,0.07692307692307693,12,12,TAGGATGCCCTACCCATGCC,0,5192881
yqjE_yqjK_yqjD_yqjC_predicted,0.07692307692307693,12,12,TAGGAAGGTTGGCTATCCAT,0,5195156
yqjE_yqjK_yqjD_yqjC_predicted,0.07692307692307693,12,12,TACTTTGGTCTCAAACTATT,0,5188719
yqjE_yqjK_yqjD_yqjC_predicted,0.07692307692307693,12,12,TACTGTTCACATCGGCACCA,0,5217873
yqjE_yqjK_yqjD_yqjC_predicted,0.07692307692307693,12,12,TACGTTATGTAAGTCCGGGG,0,5229816
yqjE_yqjK_yqjD_yqjC_predicted,0.07692307692307693,12,12,TACGGCAGTTTAAGGTATAT,0,5255950
yqjE_yqjK_yqjD_yqjC_predicted,0.07692307692307693,12,12,TACCCGGGAGAGTTTGCCCA,0,5192279
yqjE_yqjK_yqjD_yqjC_predicted,0.07692307692307693,12,12,TACCCAGGTCGCTGAATTAA,0,5207844
yqjE_yqjK_yqjD_yqjC_predicted,0.07692307692307693,12,12,TACATTCACTCAAACTCGAG,0,5243574
yqjE_yqjK_yqjD_yqjC_predicted,0.07692307692307693,12,12,TAATTCGGCAGAACGATCGT,0,5186244
yqjE_yqjK_yqjD_yqjC_predicted,0.07692307692307693,12,12,TAATACGCCACTCCATGGGT,0,5174070
yqjE_yqjK_yqjD_yqjC_predicted,0.07692307692307693,12,12,TAACGGTGAGAACGCCCAGT,0,5234407
yqjE_yqjK_yqjD_yqjC_predicted,0.07692307692307693,12,12,TAACGATATTGGAAGCAGTG,0,5190077
yqjE_yqjK_yqjD_yqjC_predicted,0.07692307692307693,12,12,TAACCGATCCTACATGGGTA,0,5191341
yqjE_yqjK_yqjD_yqjC_predicted,0.07692307692307693,12,12,TAAAGCCATACCTGCATCAG,0,5209660
yqjE_yqjK_yqjD_yqjC_predicted,0.07692307692307693,12,12,GTTTGGGAGTCCCCGGGCAG,0,5171859
yqjE_yqjK_yqjD_yqjC_predicted,0.07692307692307693,12,12,GTTTGCCTGGGACCCTGCTT,0,5259036
yqjE_yqjK_yqjD_yqjC_predicted,0.07692307692307693,12,12,GTTCTCGATCTAGATGGATG,0,5211557
yqjE_yqjK_yqjD_yqjC_predicted,0.07692307692307693,12,12,GTTCCACATGACCGCTATAA,0,5183462
yqjE_yqjK_yqjD_yqjC_predicted,0.07692307692307693,12,12,GTGTGGTCGGGATGGTGATA,0,5260919
yqjE_yqjK_yqjD_yqjC_predicted,0.07692307692307693,12,12,GTGTACTGTGCCCTGACCGG,0,5251129
yqjE_yqjK_yqjD_yqjC_predicted,0.07692307692307693,12,12,GTGGTCTAGATCGAGTGACC,0,5212381
yqjE_yqjK_yqjD_yqjC_predicted,0.07692307692307693,12,12,GTGCTACTGCGTTCAAAGAG,0,5228495
yqjE_yqjK_yqjD_yqjC_predicted,0.07692307692307693,12,12,GTGCAATGCTTCGTATATGG,0,5241487
yqjE_yqjK_yqjD_yqjC_predicted,0.07692307692307693,12,12,GTGAAACCCGGTGAGAACCA,0,5253713
yqjE_yqjK_yqjD_yqjC_predicted,0.07692307692307693,12,12,GTCTTGGTAAACGTTTTGTG,0,5194186
yqjE_yqjK_yqjD_yqjC_predicted,0.07692307692307693,12,12,GTCTTCTGTTCGATTGCAGT,0,5236910
yqjE_yqjK_yqjD_yqjC_predicted,0.07692307692307693,12,12,GTCGTTTATACCTGTACAGA,0,5196652
yqjE_yqjK_yqjD_yqjC_predicted,0.07692307692307693,12,12,GTCGATCATATATCGCCTCA,0,5195293
yqjE_yqjK_yqjD_yqjC_predicted,0.07692307692307693,12,12,GTCCCCATAAGACTTTCTCG,0,5171073
yqjE_yqjK_yqjD_yqjC_predicted,0.07692307692307693,12,12,GTATTAAGATCAGGCATCAA,0,5218004
yqjE_yqjK_yqjD_yqjC_predicted,0.07692307692307693,12,12,GTATGCGCAAGGGCGACTAC,0,5215673
yqjE_yqjK_yqjD_yqjC_predicted,0.07692307692307693,12,12,GTAGTTGGGGATTGGTTAGA,0,5253514
yqjE_yqjK_yqjD_yqjC_predicted,0.07692307692307693,12,12,GTAGGCCATCCCCAAGACTA,0,5192331
yqjE_yqjK_yqjD_yqjC_predicted,0.07692307692307693,12,12,GTAGCAGGACAGTGCCAACT,0,5188169
yqjE_yqjK_yqjD_yqjC_predicted,0.07692307692307693,12,12,GTACTGTTGAGTGTCCGCCA,0,5252557
yqjE_yqjK_yqjD_yqjC_predicted,0.07692307692307693,12,12,GTACGATAAGGGCTAGCGCA,0,5233643
yqjE_yqjK_yqjD_yqjC_predicted,0.07692307692307693,12,12,GGTTTTAGAAACGGTAGAGT,0,5198195
yqjE_yqjK_yqjD_yqjC_predicted,0.07692307692307693,12,12,GGTTGCGTCAAATCACTCGT,0,5198070
yqjE_yqjK_yqjD_yqjC_predicted,0.07692307692307693,12,12,GGTGTAATCATGAAACATGT,0,5179025
yqjE_yqjK_yqjD_yqjC_predicted,0.07692307692307693,12,12,GGTATGATTGGTGCGCAAGA,0,5218065
yqjE_yqjK_yqjD_yqjC_predicted,0.07692307692307693,12,12,GGTAATGTGCAACCTATTCG,0,5223993
yqjE_yqjK_yqjD_yqjC_predicted,0.07692307692307693,12,12,GGGTGTGCACGGCATTTGGA,0,5236800
yqjE_yqjK_yqjD_yqjC_predicted,0.07692307692307693,12,12,GGGTCTTAATGCCTTTTACA,0,5188741
yqjE_yqjK_yqjD_yqjC_predicted,0.07692307692307693,12,12,GGGTCGGTTTGAGATTACGT,0,5245322
yqjE_yqjK_yqjD_yqjC_predicted,0.07692307692307693,12,12,GGGCATTGTCAAAGTTGCGA,0,5235880
yqjE_yqjK_yqjD_yqjC_predicted,0.07692307692307693,12,12,GGGCAGTTGAGATGTCAGCT,0,5189325
yqjE_yqjK_yqjD_yqjC_predicted,0.07692307692307693,12,12,GGGCAATGCTCCCTTTGAGT,0,5183144
yqjE_yqjK_yqjD_yqjC_predicted,0.07692307692307693,12,12,GGGCAAGATTGGGCTATCAG,0,5227717
yqjE_yqjK_yqjD_yqjC_predicted,0.07692307692307693,12,12,GGGAGTGCTATGGGGTTCGG,0,5222998
yqjE_yqjK_yqjD_yqjC_predicted,0.07692307692307693,12,12,GGCTGCCGATCAATAAAGTT,0,5218099
yqjE_yqjK_yqjD_yqjC_predicted,0.07692307692307693,12,12,GGCGGTCTGGGTTCCTCTTA,0,5235774
yqjE_yqjK_yqjD_yqjC_predicted,0.07692307692307693,12,12,GGCGGGCCATAGGCATACTA,0,5225553
yqjE_yqjK_yqjD_yqjC_predicted,0.07692307692307693,12,12,GGATAAGACGTGGCAGTTAG,0,5183465
yqjE_yqjK_yqjD_yqjC_predicted,0.07692307692307693,12,12,GGAGGTAAGTACGAGTAATT,0,5176798
yqjE_yqjK_yqjD_yqjC_predicted,0.07692307692307693,12,12,GGAGATCATACTGGTTGAGT,0,5195841
yqjE_yqjK_yqjD_yqjC_predicted,0.07692307692307693,12,12,GGAAGCGGCCTTTGACGTTG,0,5234369
yqjE_yqjK_yqjD_yqjC_predicted,0.07692307692307693,12,12,GGAACCAGTTAGGATTCAAG,0,5192817
yqjE_yqjK_yqjD_yqjC_predicted,0.07692307692307693,12,12,GCTTGACTACTGTACATGGA,0,5204104
yqjE_yqjK_yqjD_yqjC_predicted,0.07692307692307693,12,12,GCTTATGAGCGAACTAACTT,0,5170976
yqjE_yqjK_yqjD_yqjC_predicted,0.07692307692307693,12,12,GCTGATCCGGCACTGCATTA,0,5235426
yqjE_yqjK_yqjD_yqjC_predicted,0.07692307692307693,12,12,GCTATTGCGGGAGTGGGCCG,0,5221260
yqjE_yqjK_yqjD_yqjC_predicted,0.07692307692307693,12,12,GCGTTGTCCGCGAAGCGCGT,0,5258142
yqjE_yqjK_yqjD_yqjC_predicted,0.07692307692307693,12,12,GCGTCCTTTGATAATCCGGC,0,5171628
yqjE_yqjK_yqjD_yqjC_predicted,0.07692307692307693,12,12,GCGGGTCGCGCCACGGCCTT,0,5217774
yqjE_yqjK_yqjD_yqjC_predicted,0.07692307692307693,12,12,GCGGGGTATGTTGCCGCTAT,0,5178096
yqjE_yqjK_yqjD_yqjC_predicted,0.07692307692307693,12,12,GCGCGAAAATCCGTTATCAC,0,5172098
yqjE_yqjK_yqjD_yqjC_predicted,0.07692307692307693,12,12,GCCTCGGACCTCCGATCTCT,0,5224885
yqjE_yqjK_yqjD_yqjC_predicted,0.07692307692307693,12,12,GCCTCCAGAGTTCAGGATAT,0,5226354
yqjE_yqjK_yqjD_yqjC_predicted,0.07692307692307693,12,12,GCCCGTGTAACGATTCTGGG,0,5192944
yqjE_yqjK_yqjD_yqjC_predicted,0.07692307692307693,12,12,GCCCAGGGAAGGAGATACCG,0,5195376
yqjE_yqjK_yqjD_yqjC_predicted,0.07692307692307693,12,12,GCATTACGGTAACCAATTTC,0,5209117
yqjE_yqjK_yqjD_yqjC_predicted,0.07692307692307693,12,12,GCATGCCATTCGAGGATAAT,0,5178324
yqjE_yqjK_yqjD_yqjC_predicted,0.07692307692307693,12,12,GCATCAATTTGGGGAAACTG,0,5227431
yqjE_yqjK_yqjD_yqjC_predicted,0.07692307692307693,12,12,GCATACTGGCCACCATGGTG,0,5195835
yqjE_yqjK_yqjD_yqjC_predicted,0.07692307692307693,12,12,GCAGGGCTACGCCCTACGGG,0,5219828
yqjE_yqjK_yqjD_yqjC_predicted,0.07692307692307693,12,12,GCAGCCTACGATATACTTCA,0,5262197
yqjE_yqjK_yqjD_yqjC_predicted,0.07692307692307693,12,12,GCACCTGAGACGTGCTGGTG,0,5209750
yqjE_yqjK_yqjD_yqjC_predicted,0.07692307692307693,12,12,GCAATTGCTTTACCAAGTGA,0,5259423
yqjE_yqjK_yqjD_yqjC_predicted,0.07692307692307693,12,12,GATTTCAACAGGGTCGGCCT,0,5240859
yqjE_yqjK_yqjD_yqjC_predicted,0.07692307692307693,12,12,GATGTGTAACAAGCTGGAAT,0,5190674
yqjE_yqjK_yqjD_yqjC_predicted,0.07692307692307693,12,12,GATGAGGGCACGTACGGCGC,0,5219424
yqjE_yqjK_yqjD_yqjC_predicted,0.07692307692307693,12,12,GATCCGTAGTGCTTACCACA,0,5199243
yqjE_yqjK_yqjD_yqjC_predicted,0.07692307692307693,12,12,GAGGCTGCACGCGGCGGACC,0,5259341
yqjE_yqjK_yqjD_yqjC_predicted,0.07692307692307693,12,12,GAGAGTATACTAATAGAGAA,0,5246351
yqjE_yqjK_yqjD_yqjC_predicted,0.07692307692307693,12,12,GAGACCGGAGGCTTTCGTCT,0,5208169
yqjE_yqjK_yqjD_yqjC_predicted,0.07692307692307693,12,12,GACTTGAGGGAAGTGCCTAG,0,5211151
yqjE_yqjK_yqjD_yqjC_predicted,0.07692307692307693,12,12,GACTCGGTGGTGTGCGCAAT,0,5237031
yqjE_yqjK_yqjD_yqjC_predicted,0.07692307692307693,12,12,GACGGTACGATATTGAGGGC,0,5231281
yqjE_yqjK_yqjD_yqjC_predicted,0.07692307692307693,12,12,GACGCTCCGGATGGTAGTTG,0,5244803
yqjE_yqjK_yqjD_yqjC_predicted,0.07692307692307693,12,12,GACGCGGCCCTGGGATAGAG,0,5171857
yqjE_yqjK_yqjD_yqjC_predicted,0.07692307692307693,12,12,GACCCTTACGATAAAATAAT,0,5179004
yqjE_yqjK_yqjD_yqjC_predicted,0.07692307692307693,12,12,GACCAGCCAGTACATACCGT,0,5251007
yqjE_yqjK_yqjD_yqjC_predicted,0.07692307692307693,12,12,GACAACTTCATGCGGCGCCC,0,5249202
yqjE_yqjK_yqjD_yqjC_predicted,0.07692307692307693,12,12,GAATGGATCATATCGGTGAG,0,5239538
yqjE_yqjK_yqjD_yqjC_predicted,0.07692307692307693,12,12,GAATAAGCCTAGGATGGCGC,0,5232142
yqjE_yqjK_yqjD_yqjC_predicted,0.07692307692307693,12,12,GAAGCCCCGAAGCGCGTTTG,0,5249695
yqjE_yqjK_yqjD_yqjC_predicted,0.07692307692307693,12,12,CTTTGAGTCCATGAATGATG,0,5216283
yqjE_yqjK_yqjD_yqjC_predicted,0.07692307692307693,12,12,CTTTCTTCGGTCGATACGCG,0,5239457
yqjE_yqjK_yqjD_yqjC_predicted,0.07692307692307693,12,12,CTTGGCCTCTGGTCGCGGGC,0,5221386
yqjE_yqjK_yqjD_yqjC_predicted,0.07692307692307693,12,12,CTTCATCGCTTACCAGACCA,0,5246561
yqjE_yqjK_yqjD_yqjC_predicted,0.07692307692307693,12,12,CTTATATCGCGGCATTATTG,0,5245305
yqjE_yqjK_yqjD_yqjC_predicted,0.07692307692307693,12,12,CTGGGCACCTGTCAGGAGGA,0,5262871
yqjE_yqjK_yqjD_yqjC_predicted,0.07692307692307693,12,12,CTGAGTTACTGATGTTTGCA,0,5253948
yqjE_yqjK_yqjD_yqjC_predicted,0.07692307692307693,12,12,CTCGTTTTAGTGCCAGGTAG,0,5252272
yqjE_yqjK_yqjD_yqjC_predicted,0.07692307692307693,12,12,CTCGGCGGAATCCGGACCAA,0,5231057
yqjE_yqjK_yqjD_yqjC_predicted,0.07692307692307693,12,12,CTCGACTAATACAACTGACT,0,5214801
yqjE_yqjK_yqjD_yqjC_predicted,0.07692307692307693,12,12,CTAGTGGAACAATCGCCGCT,0,5192056
yqjE_yqjK_yqjD_yqjC_predicted,0.07692307692307693,12,12,CTAGGCCCTGGACGACCAAT,0,5244336
yqjE_yqjK_yqjD_yqjC_predicted,0.07692307692307693,12,12,CGTTCCTACAAGCACACGGA,0,5259539
yqjE_yqjK_yqjD_yqjC_predicted,0.07692307692307693,12,12,CGTGAGGTGGCATTTTCTTG,0,5241569
yqjE_yqjK_yqjD_yqjC_predicted,0.07692307692307693,12,12,CGTCCGCCGCAAGTACGTCG,0,5186122
yqjE_yqjK_yqjD_yqjC_predicted,0.07692307692307693,12,12,CGTATACACTCTCTGAGTGT,0,5176905
yqjE_yqjK_yqjD_yqjC_predicted,0.07692307692307693,12,12,CGTACGGTGTATGTACGTTT,0,5225319
yqjE_yqjK_yqjD_yqjC_predicted,0.07692307692307693,12,12,CGTAATGCCAGGCCGATACG,0,5201390
yqjE_yqjK_yqjD_yqjC_predicted,0.07692307692307693,12,12,CGGTTGGGCTCAGTGAGGCC,0,5233971
yqjE_yqjK_yqjD_yqjC_predicted,0.07692307692307693,12,12,CGGTGGGAAGGTACGTCCGA,0,5194855
yqjE_yqjK_yqjD_yqjC_predicted,0.07692307692307693,12,12,CGGTATCAAGGGCGTGAAGA,0,5200307
yqjE_yqjK_yqjD_yqjC_predicted,0.07692307692307693,12,12,CGGTAGACGGAAATGGCCCT,0,5172025
yqjE_yqjK_yqjD_yqjC_predicted,0.07692307692307693,12,12,CGGGTTCTTGGAAGGTTTTA,0,5246919
yqjE_yqjK_yqjD_yqjC_predicted,0.07692307692307693,12,12,CGGGATTTAGAAGGATTTTC,0,5247997
yqjE_yqjK_yqjD_yqjC_predicted,0.07692307692307693,12,12,CGGCCTAAAGGGATTGCGTG,0,5239240
yqjE_yqjK_yqjD_yqjC_predicted,0.07692307692307693,12,12,CGGACCGGTCGATATACGGA,0,5213114
yqjE_yqjK_yqjD_yqjC_predicted,0.07692307692307693,12,12,CGGAAAATAGGGGGCACTTG,0,5226775
yqjE_yqjK_yqjD_yqjC_predicted,0.07692307692307693,12,12,CGCTTGTCATAGGCAGTGTT,0,5236029
yqjE_yqjK_yqjD_yqjC_predicted,0.07692307692307693,12,12,CGCTGATTACAAAACGGACA,0,5240672
yqjE_yqjK_yqjD_yqjC_predicted,0.07692307692307693,12,12,CGCGGATGGTCCGTAGTGGC,0,5253608
yqjE_yqjK_yqjD_yqjC_predicted,0.07692307692307693,12,12,CGCGAACGCCGGCGTATTGA,0,5175528
yqjE_yqjK_yqjD_yqjC_predicted,0.07692307692307693,12,12,CGCCTGGATGAAACCGGCTT,0,5228885
yqjE_yqjK_yqjD_yqjC_predicted,0.07692307692307693,12,12,CGCCAACCTACCGTAGATGA,0,5179864
yqjE_yqjK_yqjD_yqjC_predicted,0.07692307692307693,12,12,CGCATGAGCAGACGGATAAA,0,5244702
yqjE_yqjK_yqjD_yqjC_predicted,0.07692307692307693,12,12,CGCAGTAGGTTCGACTGAAA,0,5255737
yqjE_yqjK_yqjD_yqjC_predicted,0.07692307692307693,12,12,CGCAGGTAAAAGGCCGTATC,0,5234367
yqjE_yqjK_yqjD_yqjC_predicted,0.07692307692307693,12,12,CGCAGCACAAGTAGAATAAC,0,5244250
yqjE_yqjK_yqjD_yqjC_predicted,0.07692307692307693,12,12,CGATGCCTTTTACAATTGTC,0,5193720
yqjE_yqjK_yqjD_yqjC_predicted,0.07692307692307693,12,12,CGATATACCCTACGAGCGAG,0,5190227
yqjE_yqjK_yqjD_yqjC_predicted,0.07692307692307693,12,12,CGAGTCGCCTTACGGCGTTC,0,5261332
yqjE_yqjK_yqjD_yqjC_predicted,0.07692307692307693,12,12,CGACTATCAGAGACCAAGCA,0,5226411
yqjE_yqjK_yqjD_yqjC_predicted,0.07692307692307693,12,12,CGAAATTTTCCCTTACGGAC,0,5172050
yqjE_yqjK_yqjD_yqjC_predicted,0.07692307692307693,12,12,CGAAACTGACGTCTTTAGAA,0,5210463
yqjE_yqjK_yqjD_yqjC_predicted,0.07692307692307693,12,12,CCTGGCCCTTTCCACGGGGA,0,5247913
yqjE_yqjK_yqjD_yqjC_predicted,0.07692307692307693,12,12,CCTGCCATGGGCTGTTATAT,0,5219884
yqjE_yqjK_yqjD_yqjC_predicted,0.07692307692307693,12,12,CCTGATGGACTGCATAGCGT,0,5236214
yqjE_yqjK_yqjD_yqjC_predicted,0.07692307692307693,12,12,CCGGTGTGCACGTGCAATCG,0,5205021
yqjE_yqjK_yqjD_yqjC_predicted,0.07692307692307693,12,12,CCGGTCGGTAACAGCAAGAT,0,5245763
yqjE_yqjK_yqjD_yqjC_predicted,0.07692307692307693,12,12,CCGCACAGGAAACCACGAGT,0,5226627
yqjE_yqjK_yqjD_yqjC_predicted,0.07692307692307693,12,12,CCCTGTTTGACAGGTCCCAT,0,5240303
yqjE_yqjK_yqjD_yqjC_predicted,0.07692307692307693,12,12,CCCGCGCGATAAATTGAAGA,0,5240919
yqjE_yqjK_yqjD_yqjC_predicted,0.07692307692307693,12,12,CCCCAGACGTCCGAAGTATA,0,5173704
yqjE_yqjK_yqjD_yqjC_predicted,0.07692307692307693,12,12,CCCAACGTACCGAACAGGGG,0,5232106
yqjE_yqjK_yqjD_yqjC_predicted,0.07692307692307693,12,12,CCAGTTCTAGACAAGAAGAT,0,5175869
yqjE_yqjK_yqjD_yqjC_predicted,0.07692307692307693,12,12,CCACTCGCTGAGGAGTCGGT,0,5185311
yqjE_yqjK_yqjD_yqjC_predicted,0.07692307692307693,12,12,CCACCCGAAGACGGTTCAGT,0,5259405
yqjE_yqjK_yqjD_yqjC_predicted,0.07692307692307693,12,12,CCACAGGAATCTTGACGCCG,0,5220129
yqjE_yqjK_yqjD_yqjC_predicted,0.07692307692307693,12,12,CCAAGATAGAGCGCCCTCGT,0,5222928
yqjE_yqjK_yqjD_yqjC_predicted,0.07692307692307693,12,12,CATTTGAAGCATTTCGATTA,0,5197884
yqjE_yqjK_yqjD_yqjC_predicted,0.07692307692307693,12,12,CATTTACAAATGCCCAAACG,0,5189723
yqjE_yqjK_yqjD_yqjC_predicted,0.07692307692307693,12,12,CATTCACTACACAAGTATCC,0,5223899
yqjE_yqjK_yqjD_yqjC_predicted,0.07692307692307693,12,12,CATACATTGGCACGAATGTC,0,5233534
yqjE_yqjK_yqjD_yqjC_predicted,0.07692307692307693,12,12,CAGGTAGAACGGCAAGATCG,0,5219938
yqjE_yqjK_yqjD_yqjC_predicted,0.07692307692307693,12,12,CAGGCAAAAACGCCAGCATT,0,5223018
yqjE_yqjK_yqjD_yqjC_predicted,0.07692307692307693,12,12,CAGATAAACAGGCCGCACCG,0,5205956
yqjE_yqjK_yqjD_yqjC_predicted,0.07692307692307693,12,12,CAGACTACTAGACCCTGGAT,0,5212533
yqjE_yqjK_yqjD_yqjC_predicted,0.07692307692307693,12,12,CAGAAGCGATACTCAGTAAT,0,5220951
yqjE_yqjK_yqjD_yqjC_predicted,0.07692307692307693,12,12,CACTTTCATGGACTCTGAAG,0,5230375
yqjE_yqjK_yqjD_yqjC_predicted,0.07692307692307693,12,12,CACTGTTCTGAGTTTTAAAT,0,5207063
yqjE_yqjK_yqjD_yqjC_predicted,0.07692307692307693,12,12,CACTCACAGCGGGTTTCACC,0,5239392
yqjE_yqjK_yqjD_yqjC_predicted,0.07692307692307693,12,12,CACGGTGAGGAAACAGGGTG,0,5246296
yqjE_yqjK_yqjD_yqjC_predicted,0.07692307692307693,12,12,CACAATACGCAGGACACGCC,0,5195276
yqjE_yqjK_yqjD_yqjC_predicted,0.07692307692307693,12,12,CAATCTACCCTATCTGTAGG,0,5228305
yqjE_yqjK_yqjD_yqjC_predicted,0.07692307692307693,12,12,CAAGACTTAATCAACAGATC,0,5233759
yqjE_yqjK_yqjD_yqjC_predicted,0.07692307692307693,12,12,CAAAGTTCGCTCACGCTATT,0,5226306
yqjE_yqjK_yqjD_yqjC_predicted,0.07692307692307693,12,12,CAAAAAAAACGGGCTGGTCT,0,5203636
yqjE_yqjK_yqjD_yqjC_predicted,0.07692307692307693,12,12,ATTTTTACCTGATTGGGTCA,0,5233964
yqjE_yqjK_yqjD_yqjC_predicted,0.07692307692307693,12,12,ATTTTAAAAAATTGCTACAT,0,5252686
yqjE_yqjK_yqjD_yqjC_predicted,0.07692307692307693,12,12,ATTTATCAGCTTGTTGGTAT,0,5258693
yqjE_yqjK_yqjD_yqjC_predicted,0.07692307692307693,12,12,ATTATTCTGTTGCGAGCACA,0,5252745
yqjE_yqjK_yqjD_yqjC_predicted,0.07692307692307693,12,12,ATTATGCGAACGACAGGCCC,0,5241612
yqjE_yqjK_yqjD_yqjC_predicted,0.07692307692307693,12,12,ATTAGTGCCACCATGGGAGT,0,5196946
yqjE_yqjK_yqjD_yqjC_predicted,0.07692307692307693,12,12,ATGGGGGGCGTAGGCTACAC,0,5218360
yqjE_yqjK_yqjD_yqjC_predicted,0.07692307692307693,12,12,ATGGCGGAGAGTCCAGACCA,0,5260767
yqjE_yqjK_yqjD_yqjC_predicted,0.07692307692307693,12,12,ATGGCCACAGCACCCGATGG,0,5205557
yqjE_yqjK_yqjD_yqjC_predicted,0.07692307692307693,12,12,ATGGAACGGCACGTCAGTCC,0,5202076
yqjE_yqjK_yqjD_yqjC_predicted,0.07692307692307693,12,12,ATGGAAATGGCGCCGTGAAT,0,5211487
yqjE_yqjK_yqjD_yqjC_predicted,0.07692307692307693,12,12,ATGCTTGACTACAGGCGTAG,0,5254261
yqjE_yqjK_yqjD_yqjC_predicted,0.07692307692307693,12,12,ATGAAATGAGAACAGGCCAA,0,5177739
yqjE_yqjK_yqjD_yqjC_predicted,0.07692307692307693,12,12,ATCTTCATTGGATTTTACGG,0,5191198
yqjE_yqjK_yqjD_yqjC_predicted,0.07692307692307693,12,12,ATCTGACATTGTATGACGAG,0,5200567
yqjE_yqjK_yqjD_yqjC_predicted,0.07692307692307693,12,12,ATCTATCTAGGAATTTTCGT,0,5196600
yqjE_yqjK_yqjD_yqjC_predicted,0.07692307692307693,12,12,ATCCGAGCAATGTTTAGAGG,0,5207593
yqjE_yqjK_yqjD_yqjC_predicted,0.07692307692307693,12,12,ATCCCGACTCCGAGGAACGA,0,5171843
yqjE_yqjK_yqjD_yqjC_predicted,0.07692307692307693,12,12,ATCATTTGACGCTGGGCCAT,0,5249583
yqjE_yqjK_yqjD_yqjC_predicted,0.07692307692307693,12,12,ATCATGCGTCTCGTACGGTA,0,5190432
yqjE_yqjK_yqjD_yqjC_predicted,0.07692307692307693,12,12,ATCATGCAATGGGATAGGTA,0,5243545
yqjE_yqjK_yqjD_yqjC_predicted,0.07692307692307693,12,12,ATAGACCTGGATGTGTCTAA,0,5255124
yqjE_yqjK_yqjD_yqjC_predicted,0.07692307692307693,12,12,ATAGAAACGGGTGGATTGAT,0,5200489
yqjE_yqjK_yqjD_yqjC_predicted,0.07692307692307693,12,12,ATAACGAGTAGCATCTATCG,0,5228223
yqjE_yqjK_yqjD_yqjC_predicted,0.07692307692307693,12,12,ATAAACGATACCCTGGCTCC,0,5254135
yqjE_yqjK_yqjD_yqjC_predicted,0.07692307692307693,12,12,AGTCGTACGGCAGAATATGT,0,5248853
yqjE_yqjK_yqjD_yqjC_predicted,0.07692307692307693,12,12,AGTCCGCGGCCCTATTTTGA,0,5221106
yqjE_yqjK_yqjD_yqjC_predicted,0.07692307692307693,12,12,AGTCAAACCGCTGAGAAAAG,0,5182429
yqjE_yqjK_yqjD_yqjC_predicted,0.07692307692307693,12,12,AGTATACGGGCTGCTTCGAA,0,5175222
yqjE_yqjK_yqjD_yqjC_predicted,0.07692307692307693,12,12,AGGACAGGACTTTACGAGCC,0,5200100
yqjE_yqjK_yqjD_yqjC_predicted,0.07692307692307693,12,12,AGCTCGGGATATTAAGGATT,0,5218837
yqjE_yqjK_yqjD_yqjC_predicted,0.07692307692307693,12,12,AGCAGTTTGTGGCGATTCCG,0,5205082
yqjE_yqjK_yqjD_yqjC_predicted,0.07692307692307693,12,12,AGCAGGTCTTGCATGCACCT,0,5240425
yqjE_yqjK_yqjD_yqjC_predicted,0.07692307692307693,12,12,AGCAAAGCTCATTGTTCTCC,0,5225842
yqjE_yqjK_yqjD_yqjC_predicted,0.07692307692307693,12,12,AGATGATCTAAATCCGATTG,0,5201015
yqjE_yqjK_yqjD_yqjC_predicted,0.07692307692307693,12,12,AGATGACGATTTTGCGGTTG,0,5221463
yqjE_yqjK_yqjD_yqjC_predicted,0.07692307692307693,12,12,AGATCCAGGGTTCAGCAAAT,0,5230018
yqjE_yqjK_yqjD_yqjC_predicted,0.07692307692307693,12,12,AGATACCGCAGAGACCAAAA,0,5234701
yqjE_yqjK_yqjD_yqjC_predicted,0.07692307692307693,12,12,AGAGTAACCCCAAGTTATTT,0,5179464
yqjE_yqjK_yqjD_yqjC_predicted,0.07692307692307693,12,12,AGAGCTCTGCACCCCACATA,0,5246079
yqjE_yqjK_yqjD_yqjC_predicted,0.07692307692307693,12,12,AGAGAGGCTGTTAACCCGCT,0,5229223
yqjE_yqjK_yqjD_yqjC_predicted,0.07692307692307693,12,12,AGAGAACAACCTGCGAAAGT,0,5188009
yqjE_yqjK_yqjD_yqjC_predicted,0.07692307692307693,12,12,AGACTAAATATGGTTAGTGG,0,5228541
yqjE_yqjK_yqjD_yqjC_predicted,0.07692307692307693,12,12,AGACACGGGGATTTGCGAAA,0,5255908
yqjE_yqjK_yqjD_yqjC_predicted,0.07692307692307693,12,12,AGAAGGACCAGCCACGAATA,0,5215171
yqjE_yqjK_yqjD_yqjC_predicted,0.07692307692307693,12,12,ACTATTCTACACAGAACCTA,0,5214466
yqjE_yqjK_yqjD_yqjC_predicted,0.07692307692307693,12,12,ACTAGGAGATGAATAGACTG,0,5225562
yqjE_yqjK_yqjD_yqjC_predicted,0.07692307692307693,12,12,ACGTTTGCAGCAACGAACGA,0,5172803
yqjE_yqjK_yqjD_yqjC_predicted,0.07692307692307693,12,12,ACGTGATCGGGTCGCAACGA,0,5197498
yqjE_yqjK_yqjD_yqjC_predicted,0.07692307692307693,12,12,ACGTACTGCGGTCGGTTTAG,0,5261785
yqjE_yqjK_yqjD_yqjC_predicted,0.07692307692307693,12,12,ACGCTCAGTTCTCGAGTGCA,0,5172594
yqjE_yqjK_yqjD_yqjC_predicted,0.07692307692307693,12,12,ACGACCTCTCCACCTCGACG,0,5184810
yqjE_yqjK_yqjD_yqjC_predicted,0.07692307692307693,12,12,ACGAATATCCAGAGAATCTG,0,5197056
yqjE_yqjK_yqjD_yqjC_predicted,0.07692307692307693,12,12,ACCGGTCCGAATCGTGCGTG,0,5188873
yqjE_yqjK_yqjD_yqjC_predicted,0.07692307692307693,12,12,ACCGGGTGCAATATCGTAGC,0,5172493
yqjE_yqjK_yqjD_yqjC_predicted,0.07692307692307693,12,12,ACCGGCCCTAGGTGGTTACA,0,5191274
yqjE_yqjK_yqjD_yqjC_predicted,0.07692307692307693,12,12,ACCATTTTGCGGCTCGGCCA,0,5177387
yqjE_yqjK_yqjD_yqjC_predicted,0.07692307692307693,12,12,ACATCACCAAGTCCGTATCA,0,5252453
yqjE_yqjK_yqjD_yqjC_predicted,0.07692307692307693,12,12,ACATAGGCACTACTGAACTA,0,5218347
yqjE_yqjK_yqjD_yqjC_predicted,0.07692307692307693,12,12,ACACTTTAGATAGCACGCGT,0,5248947
yqjE_yqjK_yqjD_yqjC_predicted,0.07692307692307693,12,12,ACACAAGGGGGTGCTACCGC,0,5211221
yqjE_yqjK_yqjD_yqjC_predicted,0.07692307692307693,12,12,AATGAAGTCCAACCGATGCA,0,5240142
yqjE_yqjK_yqjD_yqjC_predicted,0.07692307692307693,12,12,AATGAAGGCCGCAGGATGAA,0,5236172
yqjE_yqjK_yqjD_yqjC_predicted,0.07692307692307693,12,12,AATAGCTATGGTGGTCTGAT,0,5236404
yqjE_yqjK_yqjD_yqjC_predicted,0.07692307692307693,12,12,AATACTTGCTATAGCAACTA,0,5218831
yqjE_yqjK_yqjD_yqjC_predicted,0.07692307692307693,12,12,AAGTGAAAGAATCGAGGAGC,0,5229417
yqjE_yqjK_yqjD_yqjC_predicted,0.07692307692307693,12,12,AAGGTGCGATCGGCACTAGC,0,5188277
yqjE_yqjK_yqjD_yqjC_predicted,0.07692307692307693,12,12,AAGGGCCGGTCTTCAATAAT,0,5178357
yqjE_yqjK_yqjD_yqjC_predicted,0.07692307692307693,12,12,AAGCTGTTCCCGCTAGTTAA,0,5259635
yqjE_yqjK_yqjD_yqjC_predicted,0.07692307692307693,12,12,AAGCGTTTTCAGCCCTGCGG,0,5197409
yqjE_yqjK_yqjD_yqjC_predicted,0.07692307692307693,12,12,AAGAGAGGAATTAAGTCGTT,0,5186844
yqjE_yqjK_yqjD_yqjC_predicted,0.07692307692307693,12,12,AAGACATTAGTGGAGCAAAT,0,5211382
yqjE_yqjK_yqjD_yqjC_predicted,0.07692307692307693,12,12,AAGAAGGTGATGGGATAAGT,0,5223804
yqjE_yqjK_yqjD_yqjC_predicted,0.07692307692307693,12,12,AAGAACTTGCAACGAGGCCT,0,5250777
yqjE_yqjK_yqjD_yqjC_predicted,0.07692307692307693,12,12,AACCGTAGTCGCAATCTGTA,0,5237590
yqjE_yqjK_yqjD_yqjC_predicted,0.07692307692307693,12,12,AACCGCTGCTAGGCATGATT,0,5234488
yqjE_yqjK_yqjD_yqjC_predicted,0.07692307692307693,12,12,AAATGGGATATAGCATCCTC,0,5238525
yqjE_yqjK_yqjD_yqjC_predicted,0.07692307692307693,12,12,AAATGGAATAGGGCTTAAGG,0,5188468
yqjE_yqjK_yqjD_yqjC_predicted,0.07692307692307693,12,12,AAATGACCCCCGATTCCGCT,0,5230649
yqjE_yqjK_yqjD_yqjC_predicted,0.07692307692307693,12,12,AAAGTCATAAGATTCGCTGT,0,5261085
yqjE_yqjK_yqjD_yqjC_predicted,0.07692307692307693,12,12,AAACTTTTTCTTTTTGATAA,0,5189293
yqjE_yqjK_yqjD_yqjC_predicted,0.07692307692307693,12,12,AAACTGTGCCCAAGTTCAGG,0,5192535
yqjE_yqjK_yqjD_yqjC_predicted,0.07692307692307693,12,12,AAACCTCTAGTAGGTGTGAC,0,5223596
yqjE_yqjK_yqjD_yqjC_predicted,0.07692307692307693,12,12,AAAAGGGTTGTCCATATGTT,0,5172397
yqjE_yqjK_yqjD_yqjC_predicted,0.08333333333333333,11,11,TTTGCATGACGATTCGGTTG,0,5202919
yqjE_yqjK_yqjD_yqjC_predicted,0.08333333333333333,11,11,TTTCCAGAGAGGCTGCGTAG,0,5213866
yqjE_yqjK_yqjD_yqjC_predicted,0.08333333333333333,11,11,TTTAGCTTTCTAAAATCTAA,0,5223526
yqjE_yqjK_yqjD_yqjC_predicted,0.08333333333333333,11,11,TTGTCGGCATTTAAAATAAG,0,5231533
yqjE_yqjK_yqjD_yqjC_predicted,0.08333333333333333,11,11,TTGGTTGTCAGGCATACCCC,0,5248518
yqjE_yqjK_yqjD_yqjC_predicted,0.08333333333333333,11,11,TTGGGACTGGTTGAGCCTTT,0,5199546
yqjE_yqjK_yqjD_yqjC_predicted,0.08333333333333333,11,11,TTGCCGGTGAGTACAGCACG,0,5226582
yqjE_yqjK_yqjD_yqjC_predicted,0.08333333333333333,11,11,TTGCACATGGGGCAGTGTGT,0,5192887
yqjE_yqjK_yqjD_yqjC_predicted,0.08333333333333333,11,11,TTCTATGCCTATATTTCAAC,0,5174900
yqjE_yqjK_yqjD_yqjC_predicted,0.08333333333333333,11,11,TTCGTGTCTGGTAACCTAGG,0,5206189
yqjE_yqjK_yqjD_yqjC_predicted,0.08333333333333333,11,11,TTCAGCTTAGCTGTGACGCT,0,5244338
yqjE_yqjK_yqjD_yqjC_predicted,0.08333333333333333,11,11,TTCACTTCGAAATCAGAATC,0,5214932
yqjE_yqjK_yqjD_yqjC_predicted,0.08333333333333333,11,11,TTATCTGAATCCGCACCTCA,0,5259144
yqjE_yqjK_yqjD_yqjC_predicted,0.08333333333333333,11,11,TTAGCGATGTAGTTCTATGA,0,5262224
yqjE_yqjK_yqjD_yqjC_predicted,0.08333333333333333,11,11,TTACCATCAAAGGAATGTGT,0,5249103
yqjE_yqjK_yqjD_yqjC_predicted,0.08333333333333333,11,11,TGTTCAAGTGAATGACTATC,0,5228032
yqjE_yqjK_yqjD_yqjC_predicted,0.08333333333333333,11,11,TGTGTGGGTGCGGAATCGTT,0,5245069
yqjE_yqjK_yqjD_yqjC_predicted,0.08333333333333333,11,11,TGTGTCATCCTATATCGGAA,0,5203370
yqjE_yqjK_yqjD_yqjC_predicted,0.08333333333333333,11,11,TGTGGAGGCTGTTGAGTAAT,0,5215606
yqjE_yqjK_yqjD_yqjC_predicted,0.08333333333333333,11,11,TGTGAGCATATGCGCCAATG,0,5198636
yqjE_yqjK_yqjD_yqjC_predicted,0.08333333333333333,11,11,TGTCTCATCTTGGCTGTGGG,0,5219697
yqjE_yqjK_yqjD_yqjC_predicted,0.08333333333333333,11,11,TGTCTAGCAGGTGGGAGCTC,0,5240330
yqjE_yqjK_yqjD_yqjC_predicted,0.08333333333333333,11,11,TGTCGTGGTTTCTCGGCACG,0,5194368
yqjE_yqjK_yqjD_yqjC_predicted,0.08333333333333333,11,11,TGTCATGTGATTGACATGTT,0,5184616
yqjE_yqjK_yqjD_yqjC_predicted,0.08333333333333333,11,11,TGTAATAGGAGAATGAGAGC,0,5197868
yqjE_yqjK_yqjD_yqjC_predicted,0.08333333333333333,11,11,TGGTTGTCAATATACAAAGA,0,5196438
yqjE_yqjK_yqjD_yqjC_predicted,0.08333333333333333,11,11,TGGTGGCGCGTTAGAGAAAC,0,5221758
yqjE_yqjK_yqjD_yqjC_predicted,0.08333333333333333,11,11,TGGTACATTGGAGTGGTGAG,0,5245244
yqjE_yqjK_yqjD_yqjC_predicted,0.08333333333333333,11,11,TGGGGCTCGAAAGTGAGTTG,0,5250118
yqjE_yqjK_yqjD_yqjC_predicted,0.08333333333333333,11,11,TGCTACAGTATCTGGCGGTC,0,5181312
yqjE_yqjK_yqjD_yqjC_predicted,0.08333333333333333,11,11,TGCTAAGCGGGTCACTACTT,0,5225073
yqjE_yqjK_yqjD_yqjC_predicted,0.08333333333333333,11,11,TGCCTCACCGCTGGACCGGG,0,5208509
yqjE_yqjK_yqjD_yqjC_predicted,0.08333333333333333,11,11,TGCCCTGGGCGCAATGACGC,0,5260125
yqjE_yqjK_yqjD_yqjC_predicted,0.08333333333333333,11,11,TGCATACGCCCAACATCTGA,0,5258300
yqjE_yqjK_yqjD_yqjC_predicted,0.08333333333333333,11,11,TGCAATAGCGCACGCCTCCA,0,5236666
yqjE_yqjK_yqjD_yqjC_predicted,0.08333333333333333,11,11,TGATCGAGGGTAGCGCTTGG,0,5247931
yqjE_yqjK_yqjD_yqjC_predicted,0.08333333333333333,11,11,TGACTCTTGGAATGCATTCG,0,5190411
yqjE_yqjK_yqjD_yqjC_predicted,0.08333333333333333,11,11,TGAATGTACCAACCGATGCA,0,5229208
yqjE_yqjK_yqjD_yqjC_predicted,0.08333333333333333,11,11,TGAAATTATAGACCTCTAGA,0,5174073
yqjE_yqjK_yqjD_yqjC_predicted,0.08333333333333333,11,11,TCTTTATTGGCCGGGGATGA,0,5244176
yqjE_yqjK_yqjD_yqjC_predicted,0.08333333333333333,11,11,TCTTGACATAGCAGTCTAGT,0,5176459
yqjE_yqjK_yqjD_yqjC_predicted,0.08333333333333333,11,11,TCTTAGTGGCAAACGGCCAT,0,5205290
yqjE_yqjK_yqjD_yqjC_predicted,0.08333333333333333,11,11,TCTGTTCTCTTAGTCCGAGT,0,5225527
yqjE_yqjK_yqjD_yqjC_predicted,0.08333333333333333,11,11,TCTGTAGCCAGGCTTCTCCA,0,5175547
yqjE_yqjK_yqjD_yqjC_predicted,0.08333333333333333,11,11,TCTGCATGAGTTAAACAGGA,0,5226998
yqjE_yqjK_yqjD_yqjC_predicted,0.08333333333333333,11,11,TCTCACGTCCGGTCTCTGAA,0,5191415
yqjE_yqjK_yqjD_yqjC_predicted,0.08333333333333333,11,11,TCTAAGTTGAGGAGTTCATG,0,5251090
yqjE_yqjK_yqjD_yqjC_predicted,0.08333333333333333,11,11,TCGGCCGCAGGGAGACGCGA,0,5198971
yqjE_yqjK_yqjD_yqjC_predicted,0.08333333333333333,11,11,TCGATCGCATGGGGTCATGC,0,5244584
yqjE_yqjK_yqjD_yqjC_predicted,0.08333333333333333,11,11,TCCTTTCCATGAGATGAATT,0,5171377
yqjE_yqjK_yqjD_yqjC_predicted,0.08333333333333333,11,11,TCCCTGATTTGACCTTTAAG,0,5208507
yqjE_yqjK_yqjD_yqjC_predicted,0.08333333333333333,11,11,TCCCTATCTCTCATAGGCAA,0,5173336
yqjE_yqjK_yqjD_yqjC_predicted,0.08333333333333333,11,11,TCCAGAGGAAGAACGGCCGT,0,5209734
yqjE_yqjK_yqjD_yqjC_predicted,0.08333333333333333,11,11,TCATGCCGCAGAAGCTGGAC,0,5185673
yqjE_yqjK_yqjD_yqjC_predicted,0.08333333333333333,11,11,TCATACCTCACAGGAAGACG,0,5214570
yqjE_yqjK_yqjD_yqjC_predicted,0.08333333333333333,11,11,TCAGTTGCGTCGCGATTCGT,0,5195784
yqjE_yqjK_yqjD_yqjC_predicted,0.08333333333333333,11,11,TCACCATGATTTCCGGCACC,0,5225363
yqjE_yqjK_yqjD_yqjC_predicted,0.08333333333333333,11,11,TCACAGGCTAGACAGTCCGC,0,5191847
yqjE_yqjK_yqjD_yqjC_predicted,0.08333333333333333,11,11,TCAATAAGGGATGATAATTC,0,5261800
yqjE_yqjK_yqjD_yqjC_predicted,0.08333333333333333,11,11,TATGTCGCGGTAGTTAGTGT,0,5188147
yqjE_yqjK_yqjD_yqjC_predicted,0.08333333333333333,11,11,TATGGAACCTGTCTGTAAGC,0,5237667
yqjE_yqjK_yqjD_yqjC_predicted,0.08333333333333333,11,11,TATCGTGACCTCCATTGGTG,0,5235311
yqjE_yqjK_yqjD_yqjC_predicted,0.08333333333333333,11,11,TATACCCCTGGCTTTAGGTG,0,5229565
yqjE_yqjK_yqjD_yqjC_predicted,0.08333333333333333,11,11,TAGATGCTTGCCCTGTTAAG,0,5179743
yqjE_yqjK_yqjD_yqjC_predicted,0.08333333333333333,11,11,TAGAAACTTTTACTACGCAT,0,5183157
yqjE_yqjK_yqjD_yqjC_predicted,0.08333333333333333,11,11,TACTTGAATTATGGACTTTC,0,5209719
yqjE_yqjK_yqjD_yqjC_predicted,0.08333333333333333,11,11,TACGTGGCCTCGGGAAGATA,0,5223059
yqjE_yqjK_yqjD_yqjC_predicted,0.08333333333333333,11,11,TACGGTGATGTTACGCTATA,0,5184402
yqjE_yqjK_yqjD_yqjC_predicted,0.08333333333333333,11,11,TACGCTTATATTGGGGACGC,0,5246235
yqjE_yqjK_yqjD_yqjC_predicted,0.08333333333333333,11,11,TACGCGCATTCGCACAAGGA,0,5195373
yqjE_yqjK_yqjD_yqjC_predicted,0.08333333333333333,11,11,TACATCGGTGGGTCCTGGTA,0,5250028
yqjE_yqjK_yqjD_yqjC_predicted,0.08333333333333333,11,11,TAACTAGATTTTACCAGTTC,0,5182772
yqjE_yqjK_yqjD_yqjC_predicted,0.08333333333333333,11,11,TAACGAAGTAGGCGACAGGT,0,5249647
yqjE_yqjK_yqjD_yqjC_predicted,0.08333333333333333,11,11,TAACCGGTTAAAAGAGCCAC,0,5238860
yqjE_yqjK_yqjD_yqjC_predicted,0.08333333333333333,11,11,TAACCCTGCGAAGGTATAGG,0,5191097
yqjE_yqjK_yqjD_yqjC_predicted,0.08333333333333333,11,11,TAACAGGTTCGGTCAGATCC,0,5252313
yqjE_yqjK_yqjD_yqjC_predicted,0.08333333333333333,11,11,TAAAGGGCCGCGACTTTACC,0,5224368
yqjE_yqjK_yqjD_yqjC_predicted,0.08333333333333333,11,11,TAAACAAGGTCGGCCCCTGC,0,5215664
yqjE_yqjK_yqjD_yqjC_predicted,0.08333333333333333,11,11,GTTTAGGAGTTAGCATCCCA,0,5171338
yqjE_yqjK_yqjD_yqjC_predicted,0.08333333333333333,11,11,GTTCGTTGGTGGACCCGTCG,0,5237872
yqjE_yqjK_yqjD_yqjC_predicted,0.08333333333333333,11,11,GTTCGGAATTTGGTCACTTA,0,5203466
yqjE_yqjK_yqjD_yqjC_predicted,0.08333333333333333,11,11,GTTAGTCTCACCCTAGCGCG,0,5244567
yqjE_yqjK_yqjD_yqjC_predicted,0.08333333333333333,11,11,GTTACGGGCGGACGTGAAAG,0,5187477
yqjE_yqjK_yqjD_yqjC_predicted,0.08333333333333333,11,11,GTTACCTTGTCCGACGGGTT,0,5239097
yqjE_yqjK_yqjD_yqjC_predicted,0.08333333333333333,11,11,GTTAAAGGCGAACATAGATG,0,5220015
yqjE_yqjK_yqjD_yqjC_predicted,0.08333333333333333,11,11,GTGTATTTAACAGGTTCCTA,0,5201892
yqjE_yqjK_yqjD_yqjC_predicted,0.08333333333333333,11,11,GTGGTGTAAAGAAGATCCCA,0,5253432
yqjE_yqjK_yqjD_yqjC_predicted,0.08333333333333333,11,11,GTGGTGGGTGCGATCAAAAG,0,5209664
yqjE_yqjK_yqjD_yqjC_predicted,0.08333333333333333,11,11,GTGGGTGCCTAGGCGAGCGA,0,5200297
yqjE_yqjK_yqjD_yqjC_predicted,0.08333333333333333,11,11,GTGGGAAGTAATTGCTAACA,0,5190223
yqjE_yqjK_yqjD_yqjC_predicted,0.08333333333333333,11,11,GTGGCTCTACAAGAGCGTGA,0,5213201
yqjE_yqjK_yqjD_yqjC_predicted,0.08333333333333333,11,11,GTGCTGAGGCTGAGCTGGGT,0,5251350
yqjE_yqjK_yqjD_yqjC_predicted,0.08333333333333333,11,11,GTGCGGTTGCCGACACAGCG,0,5206627
yqjE_yqjK_yqjD_yqjC_predicted,0.08333333333333333,11,11,GTGCCAGGCCTTGTCCTTTC,0,5234224
yqjE_yqjK_yqjD_yqjC_predicted,0.08333333333333333,11,11,GTGAAGGTACCGAGATGATT,0,5191086
yqjE_yqjK_yqjD_yqjC_predicted,0.08333333333333333,11,11,GTGAAGCGGAACGCAGTTGG,0,5177726
yqjE_yqjK_yqjD_yqjC_predicted,0.08333333333333333,11,11,GTCGTTTATCGTTCATCCCG,0,5248230
yqjE_yqjK_yqjD_yqjC_predicted,0.08333333333333333,11,11,GTCCGCTCAACGAGTCGCTA,0,5171558
yqjE_yqjK_yqjD_yqjC_predicted,0.08333333333333333,11,11,GTCATTCATACAAACCCGTT,0,5203470
yqjE_yqjK_yqjD_yqjC_predicted,0.08333333333333333,11,11,GTCATACCGGAACCGTACAG,0,5215197
yqjE_yqjK_yqjD_yqjC_predicted,0.08333333333333333,11,11,GTCAGAGGCAATGGTCACGT,0,5223065
yqjE_yqjK_yqjD_yqjC_predicted,0.08333333333333333,11,11,GTCAGAGCCGAAGATATATC,0,5226347
yqjE_yqjK_yqjD_yqjC_predicted,0.08333333333333333,11,11,GTCACTTCTTTTAGGGGATC,0,5220680
yqjE_yqjK_yqjD_yqjC_predicted,0.08333333333333333,11,11,GTCACCCTAATACCATCGCC,0,5244711
yqjE_yqjK_yqjD_yqjC_predicted,0.08333333333333333,11,11,GTCAATCAGATAAGCTGCGA,0,5229847
yqjE_yqjK_yqjD_yqjC_predicted,0.08333333333333333,11,11,GTATCCGCTCGACACGGCCT,0,5192441
yqjE_yqjK_yqjD_yqjC_predicted,0.08333333333333333,11,11,GTATCAACAACGGGTGCGTC,0,5183741
yqjE_yqjK_yqjD_yqjC_predicted,0.08333333333333333,11,11,GTATACGCTGGAGACACGGG,0,5226294
yqjE_yqjK_yqjD_yqjC_predicted,0.08333333333333333,11,11,GTAGGCAAGTGTTCACGTTA,0,5207198
yqjE_yqjK_yqjD_yqjC_predicted,0.08333333333333333,11,11,GTACGCATTGTTCACATCAC,0,5212453
yqjE_yqjK_yqjD_yqjC_predicted,0.08333333333333333,11,11,GTAAACCGCGGGCCGTCAGA,0,5221005
yqjE_yqjK_yqjD_yqjC_predicted,0.08333333333333333,11,11,GGTTCAAATCGGGCTCCCTG,0,5227957
yqjE_yqjK_yqjD_yqjC_predicted,0.08333333333333333,11,11,GGTATGCTTGCCCGATATGC,0,5206184
yqjE_yqjK_yqjD_yqjC_predicted,0.08333333333333333,11,11,GGTATCCTTAGTCGATTCTT,0,5204685
yqjE_yqjK_yqjD_yqjC_predicted,0.08333333333333333,11,11,GGTACTAGCTAGCCTTACGA,0,5251909
yqjE_yqjK_yqjD_yqjC_predicted,0.08333333333333333,11,11,GGGTCAATTGATATCGCACG,0,5253300
yqjE_yqjK_yqjD_yqjC_predicted,0.08333333333333333,11,11,GGGTAGAGGGGCCTTGCCCA,0,5232686
yqjE_yqjK_yqjD_yqjC_predicted,0.08333333333333333,11,11,GGGTACTCTGCGTTCGGTTT,0,5223563
yqjE_yqjK_yqjD_yqjC_predicted,0.08333333333333333,11,11,GGGGATGTTGCTACTTGCGA,0,5191134
yqjE_yqjK_yqjD_yqjC_predicted,0.08333333333333333,11,11,GGGCTGGTCCACGCCGCAGT,0,5185961
yqjE_yqjK_yqjD_yqjC_predicted,0.08333333333333333,11,11,GGGCTATACAAGGACTCTCC,0,5192549
yqjE_yqjK_yqjD_yqjC_predicted,0.08333333333333333,11,11,GGGCGGCTCTATCCGTCGAA,0,5182656
yqjE_yqjK_yqjD_yqjC_predicted,0.08333333333333333,11,11,GGGCAGAACGGCAGAAAGAA,0,5206999
yqjE_yqjK_yqjD_yqjC_predicted,0.08333333333333333,11,11,GGGAGTATCTGGACAGCCTT,0,5207890
yqjE_yqjK_yqjD_yqjC_predicted,0.08333333333333333,11,11,GGGAGGGATCTCTACTACTT,0,5255825
yqjE_yqjK_yqjD_yqjC_predicted,0.08333333333333333,11,11,GGCTGCTGACCCAAGGTAAC,0,5191288
yqjE_yqjK_yqjD_yqjC_predicted,0.08333333333333333,11,11,GGCTCTCAACGCGTAAGCTT,0,5177489
yqjE_yqjK_yqjD_yqjC_predicted,0.08333333333333333,11,11,GGCTAAGTAACCATGGGTGT,0,5189016
yqjE_yqjK_yqjD_yqjC_predicted,0.08333333333333333,11,11,GGCGGGCCGTGAAGAATCCA,0,5212452
yqjE_yqjK_yqjD_yqjC_predicted,0.08333333333333333,11,11,GGCGGCACCGGTACCGGGAG,0,5261649
yqjE_yqjK_yqjD_yqjC_predicted,0.08333333333333333,11,11,GGCGCTAACATAGCTATTTC,0,5197006
yqjE_yqjK_yqjD_yqjC_predicted,0.08333333333333333,11,11,GGCCATTGATCTGGGATAAG,0,5217150
yqjE_yqjK_yqjD_yqjC_predicted,0.08333333333333333,11,11,GGCAGTATCGGCTGCATTGT,0,5234481
yqjE_yqjK_yqjD_yqjC_predicted,0.08333333333333333,11,11,GGATGCTAGCTCTTCCTGGC,0,5224965
yqjE_yqjK_yqjD_yqjC_predicted,0.08333333333333333,11,11,GGAGCGTATGCCGGTCAGAA,0,5216138
yqjE_yqjK_yqjD_yqjC_predicted,0.08333333333333333,11,11,GGACGACGAAAACGAGGCGG,0,5216074
yqjE_yqjK_yqjD_yqjC_predicted,0.08333333333333333,11,11,GGAAGCCCGATACCAGGGAC,0,5221674
yqjE_yqjK_yqjD_yqjC_predicted,0.08333333333333333,11,11,GGAACTTTTATTAGTTCAGC,0,5179426
yqjE_yqjK_yqjD_yqjC_predicted,0.08333333333333333,11,11,GCTCAGGGACTCTGGCAGGC,0,5224288
yqjE_yqjK_yqjD_yqjC_predicted,0.08333333333333333,11,11,GCTATCCAACGTGCGGCGGC,0,5196241
yqjE_yqjK_yqjD_yqjC_predicted,0.08333333333333333,11,11,GCTATACACATGGCTATATA,0,5225251
yqjE_yqjK_yqjD_yqjC_predicted,0.08333333333333333,11,11,GCTACGTGGGCGTCCACTAC,0,5240219
yqjE_yqjK_yqjD_yqjC_predicted,0.08333333333333333,11,11,GCGTCCCTTGAGGTTCGTAT,0,5196745
yqjE_yqjK_yqjD_yqjC_predicted,0.08333333333333333,11,11,GCGTCACCATTAGGTTGCCG,0,5218213
yqjE_yqjK_yqjD_yqjC_predicted,0.08333333333333333,11,11,GCGTAACGACATCTATAGCG,0,5249527
yqjE_yqjK_yqjD_yqjC_predicted,0.08333333333333333,11,11,GCGGCCTGGGCTACGTGCGA,0,5200281
yqjE_yqjK_yqjD_yqjC_predicted,0.08333333333333333,11,11,GCGGATTGTTATTTTCATAA,0,5253003
yqjE_yqjK_yqjD_yqjC_predicted,0.08333333333333333,11,11,GCGCATCACTTGTTTCAACC,0,5209269
yqjE_yqjK_yqjD_yqjC_predicted,0.08333333333333333,11,11,GCGAGGGGAACATCCGAAAT,0,5226924
yqjE_yqjK_yqjD_yqjC_predicted,0.08333333333333333,11,11,GCGACCCACAATGCGGTCGG,0,5203395
yqjE_yqjK_yqjD_yqjC_predicted,0.08333333333333333,11,11,GCCGCGGGTAAGCCTATCTA,0,5249377
yqjE_yqjK_yqjD_yqjC_predicted,0.08333333333333333,11,11,GCCCGAGGTGATATGCCAGT,0,5189516
yqjE_yqjK_yqjD_yqjC_predicted,0.08333333333333333,11,11,GCCCCGCGCCCGCCCCATAT,0,5218819
yqjE_yqjK_yqjD_yqjC_predicted,0.08333333333333333,11,11,GCCCATGTTGTAACCGGAGG,0,5219059
yqjE_yqjK_yqjD_yqjC_predicted,0.08333333333333333,11,11,GCCCAAGCTCACGGTGGACG,0,5253611
yqjE_yqjK_yqjD_yqjC_predicted,0.08333333333333333,11,11,GCATATTATACCCTGCTATG,0,5191543
yqjE_yqjK_yqjD_yqjC_predicted,0.08333333333333333,11,11,GCACTGGTGCCTCACGCATA,0,5210973
yqjE_yqjK_yqjD_yqjC_predicted,0.08333333333333333,11,11,GATTTTGGTTAGCGGCCAAT,0,5228400
yqjE_yqjK_yqjD_yqjC_predicted,0.08333333333333333,11,11,GATTTACTAGGGCGAAGCCA,0,5233272
yqjE_yqjK_yqjD_yqjC_predicted,0.08333333333333333,11,11,GATGTAAAAGTGTTCTGGAC,0,5230910
yqjE_yqjK_yqjD_yqjC_predicted,0.08333333333333333,11,11,GATGGCAACGCAGTCACAAA,0,5226751
yqjE_yqjK_yqjD_yqjC_predicted,0.08333333333333333,11,11,GATGACTGAAGATCCCGCGT,0,5262865
yqjE_yqjK_yqjD_yqjC_predicted,0.08333333333333333,11,11,GATCGAGCCTACAGGCTGGA,0,5228622
yqjE_yqjK_yqjD_yqjC_predicted,0.08333333333333333,11,11,GATCCCGACTCGAAAACCCG,0,5210853
yqjE_yqjK_yqjD_yqjC_predicted,0.08333333333333333,11,11,GATCATGACGTGCAGGGGGT,0,5221319
yqjE_yqjK_yqjD_yqjC_predicted,0.08333333333333333,11,11,GAGTACGATCCTTCTTTTTT,0,5171439
yqjE_yqjK_yqjD_yqjC_predicted,0.08333333333333333,11,11,GAGTACCCTAGATTCTTCGT,0,5253015
yqjE_yqjK_yqjD_yqjC_predicted,0.08333333333333333,11,11,GAGGTAACGGCGTATTCGGA,0,5183270
yqjE_yqjK_yqjD_yqjC_predicted,0.08333333333333333,11,11,GAGGATATGGCGAGATATAT,0,5223780
yqjE_yqjK_yqjD_yqjC_predicted,0.08333333333333333,11,11,GAGGACAGTCGCGATTATAA,0,5220639
yqjE_yqjK_yqjD_yqjC_predicted,0.08333333333333333,11,11,GAGCTGTGCACTATGCCTCT,0,5207663
yqjE_yqjK_yqjD_yqjC_predicted,0.08333333333333333,11,11,GAGCAATATTCATGATTTTA,0,5250440
yqjE_yqjK_yqjD_yqjC_predicted,0.08333333333333333,11,11,GAGACTCATGTACTCGGATT,0,5205736
yqjE_yqjK_yqjD_yqjC_predicted,0.08333333333333333,11,11,GAGACAGCGACAGGATGACA,0,5183777
yqjE_yqjK_yqjD_yqjC_predicted,0.08333333333333333,11,11,GACGAACGCATAACTCAATA,0,5175570
yqjE_yqjK_yqjD_yqjC_predicted,0.08333333333333333,11,11,GACCTGTGAAGGGCGTCGCG,0,5212898
yqjE_yqjK_yqjD_yqjC_predicted,0.08333333333333333,11,11,GACCAACCATGGCTTTTCAT,0,5211466
yqjE_yqjK_yqjD_yqjC_predicted,0.08333333333333333,11,11,GACATTGAGGGATCACAAAA,0,5247587
yqjE_yqjK_yqjD_yqjC_predicted,0.08333333333333333,11,11,GAACAGTTGGTTTCTGATGG,0,5173980
yqjE_yqjK_yqjD_yqjC_predicted,0.08333333333333333,11,11,CTTCTTAGGCATGGGTGTAA,0,5178765
yqjE_yqjK_yqjD_yqjC_predicted,0.08333333333333333,11,11,CTTCTTAGGATTTCTATTTA,0,5230299
yqjE_yqjK_yqjD_yqjC_predicted,0.08333333333333333,11,11,CTTCCGACGATGGTCAGACC,0,5252262
yqjE_yqjK_yqjD_yqjC_predicted,0.08333333333333333,11,11,CTTACGAGGTTCCGCGTTGA,0,5193488
yqjE_yqjK_yqjD_yqjC_predicted,0.08333333333333333,11,11,CTGTACGTTTGGAGACCGTT,0,5239378
yqjE_yqjK_yqjD_yqjC_predicted,0.08333333333333333,11,11,CTGTAACTGAGTCGCAACAA,0,5229125
yqjE_yqjK_yqjD_yqjC_predicted,0.08333333333333333,11,11,CTGGTCGTGATCTCATGGAT,0,5191008
yqjE_yqjK_yqjD_yqjC_predicted,0.08333333333333333,11,11,CTGGGTGTACGGGGATTTTT,0,5262094
yqjE_yqjK_yqjD_yqjC_predicted,0.08333333333333333,11,11,CTGGGGGCAGTAATTACTTA,0,5218836
yqjE_yqjK_yqjD_yqjC_predicted,0.08333333333333333,11,11,CTGCTATCTTCCTGGGTCTG,0,5203369
yqjE_yqjK_yqjD_yqjC_predicted,0.08333333333333333,11,11,CTGATAGTGGTGCAGTACAT,0,5199764
yqjE_yqjK_yqjD_yqjC_predicted,0.08333333333333333,11,11,CTCTTGTTAACGATGTCGAG,0,5183638
yqjE_yqjK_yqjD_yqjC_predicted,0.08333333333333333,11,11,CTCTTGGCGCTGGGAGCAGC,0,5204694
yqjE_yqjK_yqjD_yqjC_predicted,0.08333333333333333,11,11,CTCGTGCACGTAGCAAATAG,0,5250381
yqjE_yqjK_yqjD_yqjC_predicted,0.08333333333333333,11,11,CTCGGTTGGTTCATATATTG,0,5236116
yqjE_yqjK_yqjD_yqjC_predicted,0.08333333333333333,11,11,CTCGCCCAAAGAGTGAGGTA,0,5204547
yqjE_yqjK_yqjD_yqjC_predicted,0.08333333333333333,11,11,CTATATCTGAGTAGCGCTGA,0,5219524
yqjE_yqjK_yqjD_yqjC_predicted,0.08333333333333333,11,11,CTAGTTCTCGACAGTTTCGT,0,5198418
yqjE_yqjK_yqjD_yqjC_predicted,0.08333333333333333,11,11,CTAGGGGTACCGTACAGTAT,0,5235436
yqjE_yqjK_yqjD_yqjC_predicted,0.08333333333333333,11,11,CTAGGGATACAAAGACAATA,0,5220349
yqjE_yqjK_yqjD_yqjC_predicted,0.08333333333333333,11,11,CTACTCCCTCTCCAGCGACT,0,5171242
yqjE_yqjK_yqjD_yqjC_predicted,0.08333333333333333,11,11,CTACCCTAAGCTTTACTGAT,0,5259326
yqjE_yqjK_yqjD_yqjC_predicted,0.08333333333333333,11,11,CTACAACGAAAGCCACTACA,0,5242718
yqjE_yqjK_yqjD_yqjC_predicted,0.08333333333333333,11,11,CTAAAGGTCTGTAAGGCGAA,0,5226295
yqjE_yqjK_yqjD_yqjC_predicted,0.08333333333333333,11,11,CGTTTTGACCCGAATATTCA,0,5202050
yqjE_yqjK_yqjD_yqjC_predicted,0.08333333333333333,11,11,CGTTTCTCAGAAGTGGTGCG,0,5202323
yqjE_yqjK_yqjD_yqjC_predicted,0.08333333333333333,11,11,CGTTAGCCAAGGCTAAGTTT,0,5221854
yqjE_yqjK_yqjD_yqjC_predicted,0.08333333333333333,11,11,CGTCACACGCCCAGACGGGT,0,5249182
yqjE_yqjK_yqjD_yqjC_predicted,0.08333333333333333,11,11,CGTCAATATCTGTTATCCAT,0,5189010
yqjE_yqjK_yqjD_yqjC_predicted,0.08333333333333333,11,11,CGGTTATCTACTTTTCCGTA,0,5186480
yqjE_yqjK_yqjD_yqjC_predicted,0.08333333333333333,11,11,CGGTCGCAAACAGATCAAGG,0,5228126
yqjE_yqjK_yqjD_yqjC_predicted,0.08333333333333333,11,11,CGGGTTCTTCGACCGCTTTG,0,5175939
yqjE_yqjK_yqjD_yqjC_predicted,0.08333333333333333,11,11,CGGGTTAAACAAAGCCGGTC,0,5202230
yqjE_yqjK_yqjD_yqjC_predicted,0.08333333333333333,11,11,CGGCACCCATGGTCTAAAAA,0,5227341
yqjE_yqjK_yqjD_yqjC_predicted,0.08333333333333333,11,11,CGGATACTGAAAACGGCATA,0,5175958
yqjE_yqjK_yqjD_yqjC_predicted,0.08333333333333333,11,11,CGGAGAAAAGGCGGCAGAGT,0,5216590
yqjE_yqjK_yqjD_yqjC_predicted,0.08333333333333333,11,11,CGGACGAGGCCGAGTTCAAA,0,5248949
yqjE_yqjK_yqjD_yqjC_predicted,0.08333333333333333,11,11,CGCTTAGGTGTGTGGTGGAC,0,5201394
yqjE_yqjK_yqjD_yqjC_predicted,0.08333333333333333,11,11,CGCTTAATGATTAAACGGTT,0,5246101
yqjE_yqjK_yqjD_yqjC_predicted,0.08333333333333333,11,11,CGCTGCAAGCATATCGACGA,0,5195432
yqjE_yqjK_yqjD_yqjC_predicted,0.08333333333333333,11,11,CGCGGGGATGGTTAGCGAAT,0,5203362
yqjE_yqjK_yqjD_yqjC_predicted,0.08333333333333333,11,11,CGCGAGGGTACGTTACATAA,0,5261702
yqjE_yqjK_yqjD_yqjC_predicted,0.08333333333333333,11,11,CGCGAGCTGCAGTCCCCTAT,0,5181592
yqjE_yqjK_yqjD_yqjC_predicted,0.08333333333333333,11,11,CGCCGTGAAACATTACGCGG,0,5200753
yqjE_yqjK_yqjD_yqjC_predicted,0.08333333333333333,11,11,CGCCAGTGGCAGCACGTGGA,0,5204628
yqjE_yqjK_yqjD_yqjC_predicted,0.08333333333333333,11,11,CGCCAGGCTTGACCATTGCC,0,5204352
yqjE_yqjK_yqjD_yqjC_predicted,0.08333333333333333,11,11,CGCATAGTTAATGCAATAAA,0,5179723
yqjE_yqjK_yqjD_yqjC_predicted,0.08333333333333333,11,11,CGAGGAAACAGGGGAGCGTG,0,5220785
yqjE_yqjK_yqjD_yqjC_predicted,0.08333333333333333,11,11,CGACTCTAGCACCACGAGTG,0,5210375
yqjE_yqjK_yqjD_yqjC_predicted,0.08333333333333333,11,11,CGACCCGCGATCACGCAATA,0,5190605
yqjE_yqjK_yqjD_yqjC_predicted,0.08333333333333333,11,11,CCTTTTCGTGCTACCATCGC,0,5255914
yqjE_yqjK_yqjD_yqjC_predicted,0.08333333333333333,11,11,CCTTCATTAGCAGTCAGTGC,0,5256965
yqjE_yqjK_yqjD_yqjC_predicted,0.08333333333333333,11,11,CCTGTATATCCCGTTTCAAT,0,5215391
yqjE_yqjK_yqjD_yqjC_predicted,0.08333333333333333,11,11,CCTCTCCCGGTAGCGACGCT,0,5188100
yqjE_yqjK_yqjD_yqjC_predicted,0.08333333333333333,11,11,CCGTTTTGCCGGGGGCTCTC,0,5178036
yqjE_yqjK_yqjD_yqjC_predicted,0.08333333333333333,11,11,CCGTTCGTTACGTCCCTTAT,0,5176703
yqjE_yqjK_yqjD_yqjC_predicted,0.08333333333333333,11,11,CCGTGCGCACAAACAAAGTG,0,5251053
yqjE_yqjK_yqjD_yqjC_predicted,0.08333333333333333,11,11,CCGTCCTGCTTACCAAGGTT,0,5193077
yqjE_yqjK_yqjD_yqjC_predicted,0.08333333333333333,11,11,CCGTCCGTCTCCAGCCGTGA,0,5243733
yqjE_yqjK_yqjD_yqjC_predicted,0.08333333333333333,11,11,CCGTCCCAAAACTTGAAGCT,0,5175886
yqjE_yqjK_yqjD_yqjC_predicted,0.08333333333333333,11,11,CCGTCCACCAGCGCATTGGG,0,5252107
yqjE_yqjK_yqjD_yqjC_predicted,0.08333333333333333,11,11,CCGGGTATGAGATCTCCAAT,0,5204362
yqjE_yqjK_yqjD_yqjC_predicted,0.08333333333333333,11,11,CCGAACCGGGGGCGTTCGAG,0,5203185
yqjE_yqjK_yqjD_yqjC_predicted,0.08333333333333333,11,11,CCCGTGATGAAACGAAGCCC,0,5184542
yqjE_yqjK_yqjD_yqjC_predicted,0.08333333333333333,11,11,CCCCGGGGATGCCATCCACG,0,5174957
yqjE_yqjK_yqjD_yqjC_predicted,0.08333333333333333,11,11,CCCATGTTCAACTTACCCTC,0,5189844
yqjE_yqjK_yqjD_yqjC_predicted,0.08333333333333333,11,11,CCCAGTCAGCTCTCTTAGTA,0,5240690
yqjE_yqjK_yqjD_yqjC_predicted,0.08333333333333333,11,11,CCCACTAATGCTTTCATAGA,0,5185114
yqjE_yqjK_yqjD_yqjC_predicted,0.08333333333333333,11,11,CCCACCGTGCTATTAGGATT,0,5174716
yqjE_yqjK_yqjD_yqjC_predicted,0.08333333333333333,11,11,CCATTTGCAGGGTCCACCAT,0,5174915
yqjE_yqjK_yqjD_yqjC_predicted,0.08333333333333333,11,11,CCATATGTCTCCTTAAGTTA,0,5179199
yqjE_yqjK_yqjD_yqjC_predicted,0.08333333333333333,11,11,CCAGTCGGATTCTCGTTTGG,0,5249582
yqjE_yqjK_yqjD_yqjC_predicted,0.08333333333333333,11,11,CCAATGAGAATCCAGGCATG,0,5225093
yqjE_yqjK_yqjD_yqjC_predicted,0.08333333333333333,11,11,CCAAGTCCGCCCCCTCGGAT,0,5201059
yqjE_yqjK_yqjD_yqjC_predicted,0.08333333333333333,11,11,CCAACACGATTGGTAACTCT,0,5243531
yqjE_yqjK_yqjD_yqjC_predicted,0.08333333333333333,11,11,CATTGAATCAGATGTGCCCG,0,5240951
yqjE_yqjK_yqjD_yqjC_predicted,0.08333333333333333,11,11,CATTAGTCCGATGCGGGTGC,0,5200166
yqjE_yqjK_yqjD_yqjC_predicted,0.08333333333333333,11,11,CATTAGAAGGAATGGTGTTA,0,5243552
yqjE_yqjK_yqjD_yqjC_predicted,0.08333333333333333,11,11,CATGCGTGGCGGTATGCGCG,0,5186905
yqjE_yqjK_yqjD_yqjC_predicted,0.08333333333333333,11,11,CATCCAGGAGGTTCCTTGGT,0,5208528
yqjE_yqjK_yqjD_yqjC_predicted,0.08333333333333333,11,11,CAGCTTTCTTCTCTCGGTTA,0,5220125
yqjE_yqjK_yqjD_yqjC_predicted,0.08333333333333333,11,11,CAGAGAACTGCACGGGGCCT,0,5203352
yqjE_yqjK_yqjD_yqjC_predicted,0.08333333333333333,11,11,CAGACGAATGGGCACCCGGA,0,5250266
yqjE_yqjK_yqjD_yqjC_predicted,0.08333333333333333,11,11,CACTCCTAGAATTTCCCACG,0,5172201
yqjE_yqjK_yqjD_yqjC_predicted,0.08333333333333333,11,11,CACTCACCCCCTGCTTGGAT,0,5234478
yqjE_yqjK_yqjD_yqjC_predicted,0.08333333333333333,11,11,CACGTCCAACACGACAGTAG,0,5217357
yqjE_yqjK_yqjD_yqjC_predicted,0.08333333333333333,11,11,CACGCGCTGTTTCCGTTTAC,0,5192469
yqjE_yqjK_yqjD_yqjC_predicted,0.08333333333333333,11,11,CACCGGAAGCGTGAGTGTAG,0,5254185
yqjE_yqjK_yqjD_yqjC_predicted,0.08333333333333333,11,11,CACACTTATCCGTCCGGGTC,0,5205685
yqjE_yqjK_yqjD_yqjC_predicted,0.08333333333333333,11,11,CACACCGACCTGTACACTCA,0,5247606
yqjE_yqjK_yqjD_yqjC_predicted,0.08333333333333333,11,11,CAATGTAGGAAGGCATATGG,0,5225934
yqjE_yqjK_yqjD_yqjC_predicted,0.08333333333333333,11,11,CAACGAAGAATACGGGTGCA,0,5216334
yqjE_yqjK_yqjD_yqjC_predicted,0.08333333333333333,11,11,CAACATCTATAGTCCTCAAT,0,5225103
yqjE_yqjK_yqjD_yqjC_predicted,0.08333333333333333,11,11,ATTTTCGAGTGATGCATCGT,0,5199074
yqjE_yqjK_yqjD_yqjC_predicted,0.08333333333333333,11,11,ATTTGATATGTCATACATAA,0,5182910
yqjE_yqjK_yqjD_yqjC_predicted,0.08333333333333333,11,11,ATTTGAGTCGTAGGCTATTC,0,5187111
yqjE_yqjK_yqjD_yqjC_predicted,0.08333333333333333,11,11,ATTTAAAAAAGTATATGCGA,0,5250914
yqjE_yqjK_yqjD_yqjC_predicted,0.08333333333333333,11,11,ATTGCTCTACAAGTGGCAAC,0,5226280
yqjE_yqjK_yqjD_yqjC_predicted,0.08333333333333333,11,11,ATTCCGGATGTGCCATGTGT,0,5223639
yqjE_yqjK_yqjD_yqjC_predicted,0.08333333333333333,11,11,ATTAGCGGTCTTGCGACGGG,0,5246660
yqjE_yqjK_yqjD_yqjC_predicted,0.08333333333333333,11,11,ATTAGCGCATCCCCGCGACG,0,5239398
yqjE_yqjK_yqjD_yqjC_predicted,0.08333333333333333,11,11,ATTAGAAGTGAGTGCGAGGG,0,5212723
yqjE_yqjK_yqjD_yqjC_predicted,0.08333333333333333,11,11,ATGGTAAAAACTCATCGTGG,0,5210742
yqjE_yqjK_yqjD_yqjC_predicted,0.08333333333333333,11,11,ATGGGGTACCATGATTCGCT,0,5186709
yqjE_yqjK_yqjD_yqjC_predicted,0.08333333333333333,11,11,ATGCGGAGCCAATCCCACTA,0,5202508
yqjE_yqjK_yqjD_yqjC_predicted,0.08333333333333333,11,11,ATGCACCAGGTCACTTATGT,0,5183287
yqjE_yqjK_yqjD_yqjC_predicted,0.08333333333333333,11,11,ATGCAACGTAAAGTGTATAA,0,5186324
yqjE_yqjK_yqjD_yqjC_predicted,0.08333333333333333,11,11,ATCTTCTGGAGGAAGCAATA,0,5221174
yqjE_yqjK_yqjD_yqjC_predicted,0.08333333333333333,11,11,ATCTGGGATTTCATTGTTCT,0,5185451
yqjE_yqjK_yqjD_yqjC_predicted,0.08333333333333333,11,11,ATCGTAATTTTAGCCGTTGG,0,5185853
yqjE_yqjK_yqjD_yqjC_predicted,0.08333333333333333,11,11,ATCCGGGTTGATCAGCTGAA,0,5175239
yqjE_yqjK_yqjD_yqjC_predicted,0.08333333333333333,11,11,ATCCCCAGCTCTGACCGGTT,0,5236574
yqjE_yqjK_yqjD_yqjC_predicted,0.08333333333333333,11,11,ATCCAACTCGTGTATCACGC,0,5236520
yqjE_yqjK_yqjD_yqjC_predicted,0.08333333333333333,11,11,ATCAGGTTCTTACATATGCT,0,5209240
yqjE_yqjK_yqjD_yqjC_predicted,0.08333333333333333,11,11,ATATGGTCCCGAACATACCT,0,5173374
yqjE_yqjK_yqjD_yqjC_predicted,0.08333333333333333,11,11,ATATCGTTCTAATGCCATGC,0,5242331
yqjE_yqjK_yqjD_yqjC_predicted,0.08333333333333333,11,11,ATAGTTGTCGTACACGTAGA,0,5230274
yqjE_yqjK_yqjD_yqjC_predicted,0.08333333333333333,11,11,ATAGCTACGTCCACTACGTT,0,5229491
yqjE_yqjK_yqjD_yqjC_predicted,0.08333333333333333,11,11,AGTTTAAAAGGACGGGACCA,0,5239767
yqjE_yqjK_yqjD_yqjC_predicted,0.08333333333333333,11,11,AGTTGCACGATAAGAACGGT,0,5191194
yqjE_yqjK_yqjD_yqjC_predicted,0.08333333333333333,11,11,AGTCTCGTACAGCAAACGGA,0,5172631
yqjE_yqjK_yqjD_yqjC_predicted,0.08333333333333333,11,11,AGTCGTCAATAGAAGTTAGG,0,5246729
yqjE_yqjK_yqjD_yqjC_predicted,0.08333333333333333,11,11,AGTCAACCGGCAAGGGAGTA,0,5187371
yqjE_yqjK_yqjD_yqjC_predicted,0.08333333333333333,11,11,AGTAGAGCACCACAGATAAT,0,5242687
yqjE_yqjK_yqjD_yqjC_predicted,0.08333333333333333,11,11,AGTACTGTACGCGCGCGGCC,0,5198192
yqjE_yqjK_yqjD_yqjC_predicted,0.08333333333333333,11,11,AGTACCGCGTCCAGCTGTGA,0,5221964
yqjE_yqjK_yqjD_yqjC_predicted,0.08333333333333333,11,11,AGTAATCCCAGACAGGCGCT,0,5182461
yqjE_yqjK_yqjD_yqjC_predicted,0.08333333333333333,11,11,AGTAAAGACTACAGTTGAAG,0,5222840
yqjE_yqjK_yqjD_yqjC_predicted,0.08333333333333333,11,11,AGGGTTTCGGGGTAGACTAC,0,5214938
yqjE_yqjK_yqjD_yqjC_predicted,0.08333333333333333,11,11,AGGGTTGGGCGCTAAGATTT,0,5255577
yqjE_yqjK_yqjD_yqjC_predicted,0.08333333333333333,11,11,AGGGTGTACGCCACCTCGGA,0,5256296
yqjE_yqjK_yqjD_yqjC_predicted,0.08333333333333333,11,11,AGGGCCGAGGAATACATTTG,0,5196023
yqjE_yqjK_yqjD_yqjC_predicted,0.08333333333333333,11,11,AGGATGCGGGTATAGTCCAC,0,5174804
yqjE_yqjK_yqjD_yqjC_predicted,0.08333333333333333,11,11,AGCTTAGGTGAACGCAAGGC,0,5217048
yqjE_yqjK_yqjD_yqjC_predicted,0.08333333333333333,11,11,AGCGTTGCTGCCGTATGCCT,0,5240430
yqjE_yqjK_yqjD_yqjC_predicted,0.08333333333333333,11,11,AGCGGTTCAACATGCATATG,0,5199905
yqjE_yqjK_yqjD_yqjC_predicted,0.08333333333333333,11,11,AGCCGCACGCATATGCAGCA,0,5257024
yqjE_yqjK_yqjD_yqjC_predicted,0.08333333333333333,11,11,AGCCCAGTGGCGCTTGGGTA,0,5262797
yqjE_yqjK_yqjD_yqjC_predicted,0.08333333333333333,11,11,AGCCAGTTAAGCCTCGAGTC,0,5174712
yqjE_yqjK_yqjD_yqjC_predicted,0.08333333333333333,11,11,AGCCAGGGAGCGTCGGTTCT,0,5250576
yqjE_yqjK_yqjD_yqjC_predicted,0.08333333333333333,11,11,AGCCAGACAGGATGCTTCCG,0,5202089
yqjE_yqjK_yqjD_yqjC_predicted,0.08333333333333333,11,11,AGCATGGGCACATCTCCGTC,0,5184341
yqjE_yqjK_yqjD_yqjC_predicted,0.08333333333333333,11,11,AGCATACCGAAATAAGTTTT,0,5261505
yqjE_yqjK_yqjD_yqjC_predicted,0.08333333333333333,11,11,AGCACCAAGGCACAGCATCC,0,5190740
yqjE_yqjK_yqjD_yqjC_predicted,0.08333333333333333,11,11,AGATAGGGCTAGTTGCCCAC,0,5251586
yqjE_yqjK_yqjD_yqjC_predicted,0.08333333333333333,11,11,AGATAATAGTTATTCTACGT,0,5206961
yqjE_yqjK_yqjD_yqjC_predicted,0.08333333333333333,11,11,AGAGATAACCCGGGGGTACA,0,5213646
yqjE_yqjK_yqjD_yqjC_predicted,0.08333333333333333,11,11,AGACTCGTCCGACGAGATCC,0,5203938
yqjE_yqjK_yqjD_yqjC_predicted,0.08333333333333333,11,11,AGACCATATGCCAGGTTCGA,0,5248986
yqjE_yqjK_yqjD_yqjC_predicted,0.08333333333333333,11,11,AGAAGACCAACTGGTAGCTG,0,5232396
yqjE_yqjK_yqjD_yqjC_predicted,0.08333333333333333,11,11,ACTTTCATGTGGCAACGCAA,0,5229031
yqjE_yqjK_yqjD_yqjC_predicted,0.08333333333333333,11,11,ACTTTATGCGTCAAAGCACC,0,5251920
yqjE_yqjK_yqjD_yqjC_predicted,0.08333333333333333,11,11,ACTTGCCACTGTCTAGGGGT,0,5249960
yqjE_yqjK_yqjD_yqjC_predicted,0.08333333333333333,11,11,ACTGGGGGGACGGGGTTTAA,0,5230522
yqjE_yqjK_yqjD_yqjC_predicted,0.08333333333333333,11,11,ACTGAAGGCTGTTTTTATAG,0,5189632
yqjE_yqjK_yqjD_yqjC_predicted,0.08333333333333333,11,11,ACTGAACAACTATTTGGTAA,0,5217307
yqjE_yqjK_yqjD_yqjC_predicted,0.08333333333333333,11,11,ACTCCGGACGTGCTAAGACT,0,5192633
yqjE_yqjK_yqjD_yqjC_predicted,0.08333333333333333,11,11,ACTACGGCTGATGCCGCGCG,0,5236969
yqjE_yqjK_yqjD_yqjC_predicted,0.08333333333333333,11,11,ACGTTCGTGGGCGGTAAAGC,0,5228476
yqjE_yqjK_yqjD_yqjC_predicted,0.08333333333333333,11,11,ACGGGCACAAGAATTCTCCG,0,5255358
yqjE_yqjK_yqjD_yqjC_predicted,0.08333333333333333,11,11,ACGCACGGCGCTGGGTACAT,0,5173855
yqjE_yqjK_yqjD_yqjC_predicted,0.08333333333333333,11,11,ACGATTGTCTGTCTCTACAA,0,5190119
yqjE_yqjK_yqjD_yqjC_predicted,0.08333333333333333,11,11,ACCTCCTCTGTGACTTAAAG,0,5174510
yqjE_yqjK_yqjD_yqjC_predicted,0.08333333333333333,11,11,ACCTAGTTCGGGGGGAGGAT,0,5179421
yqjE_yqjK_yqjD_yqjC_predicted,0.08333333333333333,11,11,ACCGAAGTGTGCCCGTAACC,0,5210552
yqjE_yqjK_yqjD_yqjC_predicted,0.08333333333333333,11,11,ACCACGATTTAGCCAAGTCG,0,5178291
yqjE_yqjK_yqjD_yqjC_predicted,0.08333333333333333,11,11,ACAGCAAACCCATATAGGCG,0,5243997
yqjE_yqjK_yqjD_yqjC_predicted,0.08333333333333333,11,11,ACACAGTGTTTTCAATCAAA,0,5204989
yqjE_yqjK_yqjD_yqjC_predicted,0.08333333333333333,11,11,ACAATCCAGTCCAGTCGATT,0,5171482
yqjE_yqjK_yqjD_yqjC_predicted,0.08333333333333333,11,11,ACAACATCGTTGCGACCTTA,0,5231298
yqjE_yqjK_yqjD_yqjC_predicted,0.08333333333333333,11,11,AATTTGGAGACTCAGAGCGC,0,5247592
yqjE_yqjK_yqjD_yqjC_predicted,0.08333333333333333,11,11,AATTGTTAACTGGGGCGGCA,0,5226641
yqjE_yqjK_yqjD_yqjC_predicted,0.08333333333333333,11,11,AATTCACGTTCTCTCGCCAT,0,5231668
yqjE_yqjK_yqjD_yqjC_predicted,0.08333333333333333,11,11,AATGGGTACGGCGAAACTTT,0,5171773
yqjE_yqjK_yqjD_yqjC_predicted,0.08333333333333333,11,11,AATGGGTAAGGTGATGAGAG,0,5245905
yqjE_yqjK_yqjD_yqjC_predicted,0.08333333333333333,11,11,AATGGCGGACAACCGTTTCC,0,5214044
yqjE_yqjK_yqjD_yqjC_predicted,0.08333333333333333,11,11,AATGCTTACTTGAAAACGGG,0,5189137
yqjE_yqjK_yqjD_yqjC_predicted,0.08333333333333333,11,11,AATCTTGGCCATCTAACATA,0,5179234
yqjE_yqjK_yqjD_yqjC_predicted,0.08333333333333333,11,11,AATAGCCAACCGACAAATGT,0,5195735
yqjE_yqjK_yqjD_yqjC_predicted,0.08333333333333333,11,11,AAGTGGACAAACTTCTCTCA,0,5248971
yqjE_yqjK_yqjD_yqjC_predicted,0.08333333333333333,11,11,AAGTCCGTAGGACCCTCACG,0,5203970
yqjE_yqjK_yqjD_yqjC_predicted,0.08333333333333333,11,11,AAGGTAGCGGCGCGCGCAAT,0,5211296
yqjE_yqjK_yqjD_yqjC_predicted,0.08333333333333333,11,11,AAGGTAAGAGGCCCTAGGTC,0,5253697
yqjE_yqjK_yqjD_yqjC_predicted,0.08333333333333333,11,11,AAGGGTTTGGGTGCCCAGGT,0,5192689
yqjE_yqjK_yqjD_yqjC_predicted,0.08333333333333333,11,11,AAGCGAGGTGTTATGTGCCA,0,5215836
yqjE_yqjK_yqjD_yqjC_predicted,0.08333333333333333,11,11,AACTCGAAAGGCCCGCAATA,0,5195195
yqjE_yqjK_yqjD_yqjC_predicted,0.08333333333333333,11,11,AACTAACAAGTGGCAAAGAC,0,5190491
yqjE_yqjK_yqjD_yqjC_predicted,0.08333333333333333,11,11,AACGCGATCTAACGCTGCTT,0,5177909
yqjE_yqjK_yqjD_yqjC_predicted,0.08333333333333333,11,11,AACCTCTAGTGTTTGGATTC,0,5239099
yqjE_yqjK_yqjD_yqjC_predicted,0.08333333333333333,11,11,AACAGTCCGGGAGACCCTCT,0,5176853
yqjE_yqjK_yqjD_yqjC_predicted,0.08333333333333333,11,11,AACACAGCAATCCACTAACT,0,5253384
yqjE_yqjK_yqjD_yqjC_predicted,0.08333333333333333,11,11,AAATTTGGACCCTTCCTGGA,0,5227484
yqjE_yqjK_yqjD_yqjC_predicted,0.08333333333333333,11,11,AAAGCTCTACATTTGTGAAC,0,5237961
yqjE_yqjK_yqjD_yqjC_predicted,0.08333333333333333,11,11,AAAGCTACAAAGGTTCACGT,0,5197002
yqjE_yqjK_yqjD_yqjC_predicted,0.08333333333333333,11,11,AAACCTGCCGGCCAGTGGCA,0,5171187
yqjE_yqjK_yqjD_yqjC_predicted,0.08333333333333333,11,11,AAACCCTCACAACGTGTTTA,0,5239631
yqjE_yqjK_yqjD_yqjC_predicted,0.08333333333333333,11,11,AAAAGCTCGACGTATGACTG,0,5188290
yqjE_yqjK_yqjD_yqjC_predicted,0.08333333333333333,11,11,AAAAAATATCCCTTAACGCG,0,5199899
yqjE_yqjK_yqjD_yqjC_predicted,0.09090909090909091,10,10,TTTTTTGCTTGAATTGAATT,0,5187677
yqjE_yqjK_yqjD_yqjC_predicted,0.09090909090909091,10,10,TTTTACGCGGGTGCCGCTCT,0,5245563
yqjE_yqjK_yqjD_yqjC_predicted,0.09090909090909091,10,10,TTTCCTATACTATTGCGAGG,0,5211593
yqjE_yqjK_yqjD_yqjC_predicted,0.09090909090909091,10,10,TTTCAACGTCGTACTTCTTG,0,5172516
yqjE_yqjK_yqjD_yqjC_predicted,0.09090909090909091,10,10,TTTATACCAAAAAGCGTTCT,0,5213402
yqjE_yqjK_yqjD_yqjC_predicted,0.09090909090909091,10,10,TTTAGGAAAAACATCAAGAT,0,5231468
yqjE_yqjK_yqjD_yqjC_predicted,0.09090909090909091,10,10,TTGTGCAAAGTACCCGGGTT,0,5246732
yqjE_yqjK_yqjD_yqjC_predicted,0.09090909090909091,10,10,TTGTATACGTGCACCACTTG,0,5186882
yqjE_yqjK_yqjD_yqjC_predicted,0.09090909090909091,10,10,TTGGTTCTTCAGGCAGCGTC,0,5203452
yqjE_yqjK_yqjD_yqjC_predicted,0.09090909090909091,10,10,TTGGGCAGGGTTGGTTTGGC,0,5248410
yqjE_yqjK_yqjD_yqjC_predicted,0.09090909090909091,10,10,TTGCTTAGGCGTCGGCCCAG,0,5179698
yqjE_yqjK_yqjD_yqjC_predicted,0.09090909090909091,10,10,TTGCTGGGTTTATTAGGTAA,0,5183373
yqjE_yqjK_yqjD_yqjC_predicted,0.09090909090909091,10,10,TTGCGCAGTCGGCGACAATT,0,5240472
yqjE_yqjK_yqjD_yqjC_predicted,0.09090909090909091,10,10,TTGCCTCTTAACTTCAAACT,0,5216771
yqjE_yqjK_yqjD_yqjC_predicted,0.09090909090909091,10,10,TTGCCCGGCTCGTACACGAT,0,5208990
yqjE_yqjK_yqjD_yqjC_predicted,0.09090909090909091,10,10,TTGATCAAGTTCGGCGTAAT,0,5229768
yqjE_yqjK_yqjD_yqjC_predicted,0.09090909090909091,10,10,TTCTCCCCCACAAACGTTGT,0,5188517
yqjE_yqjK_yqjD_yqjC_predicted,0.09090909090909091,10,10,TTCGAGCAACCTGAGCTACA,0,5181664
yqjE_yqjK_yqjD_yqjC_predicted,0.09090909090909091,10,10,TTCGAGAATAAAGCTACCGT,0,5208905
yqjE_yqjK_yqjD_yqjC_predicted,0.09090909090909091,10,10,TTCGAATTGGTGAAATGGAC,0,5210570
yqjE_yqjK_yqjD_yqjC_predicted,0.09090909090909091,10,10,TTCCTGCCTCTACCAACGAA,0,5229977
yqjE_yqjK_yqjD_yqjC_predicted,0.09090909090909091,10,10,TTCCGGTTACCTACTATAAT,0,5242935
yqjE_yqjK_yqjD_yqjC_predicted,0.09090909090909091,10,10,TTCCGAGCACTTACAGTGCA,0,5170884
yqjE_yqjK_yqjD_yqjC_predicted,0.09090909090909091,10,10,TTCAGCAACGAATGCAGGTT,0,5221556
yqjE_yqjK_yqjD_yqjC_predicted,0.09090909090909091,10,10,TTCACAGTCAGATAAAGACA,0,5217301
yqjE_yqjK_yqjD_yqjC_predicted,0.09090909090909091,10,10,TTATGCACGAGGCAGAACTT,0,5179156
yqjE_yqjK_yqjD_yqjC_predicted,0.09090909090909091,10,10,TTAGTAGAGTCTAGCCCACG,0,5223066
yqjE_yqjK_yqjD_yqjC_predicted,0.09090909090909091,10,10,TTAGGGATGCTCCCTCGCTG,0,5230509
yqjE_yqjK_yqjD_yqjC_predicted,0.09090909090909091,10,10,TTAGGAATAAAGGTTACGGA,0,5213474
yqjE_yqjK_yqjD_yqjC_predicted,0.09090909090909091,10,10,TTAGATCGAAGCTTTCTTCT,0,5185301
yqjE_yqjK_yqjD_yqjC_predicted,0.09090909090909091,10,10,TTAGAAGATAACAATTCTGT,0,5252109
yqjE_yqjK_yqjD_yqjC_predicted,0.09090909090909091,10,10,TTACATTGTGAGTCACCATT,0,5206854
yqjE_yqjK_yqjD_yqjC_predicted,0.09090909090909091,10,10,TTACAAATGCAAGGAATATG,0,5251571
yqjE_yqjK_yqjD_yqjC_predicted,0.09090909090909091,10,10,TGTTCCACAGCAGGTGGGAT,0,5180970
yqjE_yqjK_yqjD_yqjC_predicted,0.09090909090909091,10,10,TGTTAACTGTAGGTTGATAA,0,5200095
yqjE_yqjK_yqjD_yqjC_predicted,0.09090909090909091,10,10,TGTGTTAAATTAGGAATCTG,0,5234347
yqjE_yqjK_yqjD_yqjC_predicted,0.09090909090909091,10,10,TGTGAATGGTGAAACTAAGT,0,5251839
yqjE_yqjK_yqjD_yqjC_predicted,0.09090909090909091,10,10,TGTCATTTCGAGGTATCAGC,0,5237528
yqjE_yqjK_yqjD_yqjC_predicted,0.09090909090909091,10,10,TGTCACCCTTGATTAGAAAC,0,5196515
yqjE_yqjK_yqjD_yqjC_predicted,0.09090909090909091,10,10,TGTAGTCGCCTCGTACCCAA,0,5189826
yqjE_yqjK_yqjD_yqjC_predicted,0.09090909090909091,10,10,TGTAGACCCCGGTTAGGCAT,0,5251008
yqjE_yqjK_yqjD_yqjC_predicted,0.09090909090909091,10,10,TGTACATCCTCTGAGGGGCA,0,5245570
yqjE_yqjK_yqjD_yqjC_predicted,0.09090909090909091,10,10,TGGTTGCCATTAACCTGTCT,0,5187381
yqjE_yqjK_yqjD_yqjC_predicted,0.09090909090909091,10,10,TGGTTCAGGGAATCCACATG,0,5200285
yqjE_yqjK_yqjD_yqjC_predicted,0.09090909090909091,10,10,TGGTGTTCTGCACGTATTAG,0,5209351
yqjE_yqjK_yqjD_yqjC_predicted,0.09090909090909091,10,10,TGGTATCAGGCGTCGGCGTC,0,5199940
yqjE_yqjK_yqjD_yqjC_predicted,0.09090909090909091,10,10,TGGGGCGGTTTAGGGTATAA,0,5210667
yqjE_yqjK_yqjD_yqjC_predicted,0.09090909090909091,10,10,TGGGAAAGTAGAAGGGTAAT,0,5262154
yqjE_yqjK_yqjD_yqjC_predicted,0.09090909090909091,10,10,TGGCTGCAATCAAACTCAGG,0,5177157
yqjE_yqjK_yqjD_yqjC_predicted,0.09090909090909091,10,10,TGGCTCCCGTATTGACCAGC,0,5194152
yqjE_yqjK_yqjD_yqjC_predicted,0.09090909090909091,10,10,TGGCACTTAGTACTAACGGT,0,5217767
yqjE_yqjK_yqjD_yqjC_predicted,0.09090909090909091,10,10,TGCTTGCATTGTGCTTCGCA,0,5216927
yqjE_yqjK_yqjD_yqjC_predicted,0.09090909090909091,10,10,TGCTAGGCTGTAACTGGCTA,0,5203047
yqjE_yqjK_yqjD_yqjC_predicted,0.09090909090909091,10,10,TGCGAATGACACTAACCCAC,0,5238637
yqjE_yqjK_yqjD_yqjC_predicted,0.09090909090909091,10,10,TGCCTCTCGGCTTGCATCTA,0,5248966
yqjE_yqjK_yqjD_yqjC_predicted,0.09090909090909091,10,10,TGCAATGTTCACGAAACCTT,0,5203176
yqjE_yqjK_yqjD_yqjC_predicted,0.09090909090909091,10,10,TGATTTAGTCCTTTAAGCGC,0,5190640
yqjE_yqjK_yqjD_yqjC_predicted,0.09090909090909091,10,10,TGATTGGATTGGTGAGACCC,0,5247742
yqjE_yqjK_yqjD_yqjC_predicted,0.09090909090909091,10,10,TGATCTCTGGAACGAATCGT,0,5222787
yqjE_yqjK_yqjD_yqjC_predicted,0.09090909090909091,10,10,TGAGCGGTCGATGGAGACCA,0,5177798
yqjE_yqjK_yqjD_yqjC_predicted,0.09090909090909091,10,10,TGAGAAATAAGGAAGGACGA,0,5262446
yqjE_yqjK_yqjD_yqjC_predicted,0.09090909090909091,10,10,TGAAAGAGTGGGTGTAACCA,0,5216683
yqjE_yqjK_yqjD_yqjC_predicted,0.09090909090909091,10,10,TGAAACGCCGGTAATGTACA,0,5204026
yqjE_yqjK_yqjD_yqjC_predicted,0.09090909090909091,10,10,TCTTTTAGTGTTTCGATCCA,0,5250173
yqjE_yqjK_yqjD_yqjC_predicted,0.09090909090909091,10,10,TCTTGTGCATCTATGATTCG,0,5176952
yqjE_yqjK_yqjD_yqjC_predicted,0.09090909090909091,10,10,TCTCTGCGGGAGTTGCTGTA,0,5207192
yqjE_yqjK_yqjD_yqjC_predicted,0.09090909090909091,10,10,TCTCGGTTAAAGGGTGGGTG,0,5204291
yqjE_yqjK_yqjD_yqjC_predicted,0.09090909090909091,10,10,TCTCAGAATCTCGGTTTGAC,0,5226309
yqjE_yqjK_yqjD_yqjC_predicted,0.09090909090909091,10,10,TCTCACTGTAAGGGGCATTA,0,5259055
yqjE_yqjK_yqjD_yqjC_predicted,0.09090909090909091,10,10,TCGTTAGTAACAGGCGGATT,0,5237138
yqjE_yqjK_yqjD_yqjC_predicted,0.09090909090909091,10,10,TCGGTTGGACAGGACACTAC,0,5226537
yqjE_yqjK_yqjD_yqjC_predicted,0.09090909090909091,10,10,TCGGTGGGAGGTTACCGTTC,0,5189363
yqjE_yqjK_yqjD_yqjC_predicted,0.09090909090909091,10,10,TCGGCGACGTGAAGTCCGGT,0,5236755
yqjE_yqjK_yqjD_yqjC_predicted,0.09090909090909091,10,10,TCGGACGGACGCATTCAGGA,0,5183811
yqjE_yqjK_yqjD_yqjC_predicted,0.09090909090909091,10,10,TCGCGCTGGGCGAAGTTCAA,0,5258990
yqjE_yqjK_yqjD_yqjC_predicted,0.09090909090909091,10,10,TCGCAGTCGGAAAAAAGGCA,0,5214689
yqjE_yqjK_yqjD_yqjC_predicted,0.09090909090909091,10,10,TCGATCTGCGCCGTCCGAGG,0,5230895
yqjE_yqjK_yqjD_yqjC_predicted,0.09090909090909091,10,10,TCGATACGCTTGTACAGGTC,0,5203951
yqjE_yqjK_yqjD_yqjC_predicted,0.09090909090909091,10,10,TCGAGCCAGATACGTTTCTG,0,5171653
yqjE_yqjK_yqjD_yqjC_predicted,0.09090909090909091,10,10,TCCTTCATTGCGACGGTAAG,0,5202139
yqjE_yqjK_yqjD_yqjC_predicted,0.09090909090909091,10,10,TCCTGAAGGTTGGCCGAGTT,0,5196377
yqjE_yqjK_yqjD_yqjC_predicted,0.09090909090909091,10,10,TCCGCAAGGCATTTCCCATA,0,5192903
yqjE_yqjK_yqjD_yqjC_predicted,0.09090909090909091,10,10,TCCCTGTTTAAAACGGGCCT,0,5226400
yqjE_yqjK_yqjD_yqjC_predicted,0.09090909090909091,10,10,TCCCGGCTACAATTCTTCGC,0,5208024
yqjE_yqjK_yqjD_yqjC_predicted,0.09090909090909091,10,10,TCCCCAATTGAAGCCTCAGA,0,5220424
yqjE_yqjK_yqjD_yqjC_predicted,0.09090909090909091,10,10,TCCCATCGCAAAAAGGTGGT,0,5229995
yqjE_yqjK_yqjD_yqjC_predicted,0.09090909090909091,10,10,TCATGGACCTCTTCAGCATG,0,5190154
yqjE_yqjK_yqjD_yqjC_predicted,0.09090909090909091,10,10,TCATGATTATAACACAGGAG,0,5190266
yqjE_yqjK_yqjD_yqjC_predicted,0.09090909090909091,10,10,TCATCAGCCACGGTCATCGT,0,5251941
yqjE_yqjK_yqjD_yqjC_predicted,0.09090909090909091,10,10,TCAGTGCAATGATTCCTATG,0,5244486
yqjE_yqjK_yqjD_yqjC_predicted,0.09090909090909091,10,10,TCACTGTACCCGCGATGCAA,0,5194953
yqjE_yqjK_yqjD_yqjC_predicted,0.09090909090909091,10,10,TCAAATTACATTCTGTCCAA,0,5232594
yqjE_yqjK_yqjD_yqjC_predicted,0.09090909090909091,10,10,TCAAAGTTGTCTTGGAGTTC,0,5183176
yqjE_yqjK_yqjD_yqjC_predicted,0.09090909090909091,10,10,TATTGGTTGCAGGAGGTGTT,0,5202378
yqjE_yqjK_yqjD_yqjC_predicted,0.09090909090909091,10,10,TATTCCTAGGGGTCCGCGTT,0,5233223
yqjE_yqjK_yqjD_yqjC_predicted,0.09090909090909091,10,10,TATTATCGTTGGGCTAGCTC,0,5195903
yqjE_yqjK_yqjD_yqjC_predicted,0.09090909090909091,10,10,TATTATAGCAGTCCTGCTAT,0,5226455
yqjE_yqjK_yqjD_yqjC_predicted,0.09090909090909091,10,10,TATGTGCGCTTACATTCTAT,0,5193865
yqjE_yqjK_yqjD_yqjC_predicted,0.09090909090909091,10,10,TATGGTAGTAAACGTTCACT,0,5184194
yqjE_yqjK_yqjD_yqjC_predicted,0.09090909090909091,10,10,TATGGGTGAAAAATTAAGTG,0,5188968
yqjE_yqjK_yqjD_yqjC_predicted,0.09090909090909091,10,10,TATGCCGAGAAGCGCTATAG,0,5252440
yqjE_yqjK_yqjD_yqjC_predicted,0.09090909090909091,10,10,TATGACCGCTGATGCAGGAC,0,5173298
yqjE_yqjK_yqjD_yqjC_predicted,0.09090909090909091,10,10,TATCCTGATGCAAACGCAAC,0,5230677
yqjE_yqjK_yqjD_yqjC_predicted,0.09090909090909091,10,10,TATATCTGCACGCTCCTGAC,0,5184570
yqjE_yqjK_yqjD_yqjC_predicted,0.09090909090909091,10,10,TATAGTTCAGTCAGAGTCGG,0,5221269
yqjE_yqjK_yqjD_yqjC_predicted,0.09090909090909091,10,10,TATACTCGAGCCAGAAGCGT,0,5206366
yqjE_yqjK_yqjD_yqjC_predicted,0.09090909090909091,10,10,TATACAAAGGGAGCATGGAA,0,5260127
yqjE_yqjK_yqjD_yqjC_predicted,0.09090909090909091,10,10,TAGGTGGAGGCCGACCGACG,0,5235418
yqjE_yqjK_yqjD_yqjC_predicted,0.09090909090909091,10,10,TAGGTGAAGCTAATTCACTG,0,5241684
yqjE_yqjK_yqjD_yqjC_predicted,0.09090909090909091,10,10,TAGGTCTTCTTATCTGCATC,0,5186632
yqjE_yqjK_yqjD_yqjC_predicted,0.09090909090909091,10,10,TAGGGAGGACGCCATTATGA,0,5225903
yqjE_yqjK_yqjD_yqjC_predicted,0.09090909090909091,10,10,TAGCTTGTAACCATATCTGT,0,5232839
yqjE_yqjK_yqjD_yqjC_predicted,0.09090909090909091,10,10,TAGCTGCCTGTGCTCACCAC,0,5231775
yqjE_yqjK_yqjD_yqjC_predicted,0.09090909090909091,10,10,TAGCGTTCGAAGGGATTAGG,0,5189217
yqjE_yqjK_yqjD_yqjC_predicted,0.09090909090909091,10,10,TACTTGCATACTGAAATTTG,0,5183608
yqjE_yqjK_yqjD_yqjC_predicted,0.09090909090909091,10,10,TACTTACAACGGGCGGGTGG,0,5210329
yqjE_yqjK_yqjD_yqjC_predicted,0.09090909090909091,10,10,TACCTGCTTCATCAGCCAGA,0,5234849
yqjE_yqjK_yqjD_yqjC_predicted,0.09090909090909091,10,10,TACCCGGGGGCCTTAACGCA,0,5192883
yqjE_yqjK_yqjD_yqjC_predicted,0.09090909090909091,10,10,TACAGGCGCTAGTATATCTG,0,5246611
yqjE_yqjK_yqjD_yqjC_predicted,0.09090909090909091,10,10,TAACCGAGAGGTGAGGGCAT,0,5240872
yqjE_yqjK_yqjD_yqjC_predicted,0.09090909090909091,10,10,TAAACGCTGGTTGGTTCAGT,0,5184295
yqjE_yqjK_yqjD_yqjC_predicted,0.09090909090909091,10,10,TAAAATCTTCTGAAGGCAAA,0,5200498
yqjE_yqjK_yqjD_yqjC_predicted,0.09090909090909091,10,10,GTTCTTTATAACGCATTGAA,0,5241037
yqjE_yqjK_yqjD_yqjC_predicted,0.09090909090909091,10,10,GTTCTAAGCCTTTGGAGTTC,0,5220992
yqjE_yqjK_yqjD_yqjC_predicted,0.09090909090909091,10,10,GTTCGTGAAGCCTTCGAAAC,0,5227956
yqjE_yqjK_yqjD_yqjC_predicted,0.09090909090909091,10,10,GTTAGCACTGGTAAAAAACT,0,5242569
yqjE_yqjK_yqjD_yqjC_predicted,0.09090909090909091,10,10,GTGTCATTATCTTGAAGTCG,0,5204347
yqjE_yqjK_yqjD_yqjC_predicted,0.09090909090909091,10,10,GTGGTATTGAATGTTGTGAC,0,5213625
yqjE_yqjK_yqjD_yqjC_predicted,0.09090909090909091,10,10,GTGGGTCCCGGGAGTATGCT,0,5227161
yqjE_yqjK_yqjD_yqjC_predicted,0.09090909090909091,10,10,GTGGGGGCCTGGCACGCAAA,0,5198955
yqjE_yqjK_yqjD_yqjC_predicted,0.09090909090909091,10,10,GTGGGGCTGGACAGACAATA,0,5202974
yqjE_yqjK_yqjD_yqjC_predicted,0.09090909090909091,10,10,GTGCTGATCGCGATCAATAC,0,5171132
yqjE_yqjK_yqjD_yqjC_predicted,0.09090909090909091,10,10,GTGCTAAGGTTATAACGCAA,0,5259983
yqjE_yqjK_yqjD_yqjC_predicted,0.09090909090909091,10,10,GTGATCAAGCTTAACTGTTA,0,5261077
yqjE_yqjK_yqjD_yqjC_predicted,0.09090909090909091,10,10,GTGATAGGATTATTTGGCGT,0,5218356
yqjE_yqjK_yqjD_yqjC_predicted,0.09090909090909091,10,10,GTGAGGGGCGCTGATGACAG,0,5228492
yqjE_yqjK_yqjD_yqjC_predicted,0.09090909090909091,10,10,GTGAGGGACACCGGGGGTAG,0,5243974
yqjE_yqjK_yqjD_yqjC_predicted,0.09090909090909091,10,10,GTGAGACCTGCCCAGCTTCA,0,5244109
yqjE_yqjK_yqjD_yqjC_predicted,0.09090909090909091,10,10,GTCTCACATCGTGCGCCGGC,0,5182820
yqjE_yqjK_yqjD_yqjC_predicted,0.09090909090909091,10,10,GTCTACACGAATCCGTGATT,0,5234031
yqjE_yqjK_yqjD_yqjC_predicted,0.09090909090909091,10,10,GTCGTCCCGAAGCTTTTGCG,0,5258511
yqjE_yqjK_yqjD_yqjC_predicted,0.09090909090909091,10,10,GTCGAAGTATCGTAGTGCGG,0,5257452
yqjE_yqjK_yqjD_yqjC_predicted,0.09090909090909091,10,10,GTCCTAAGATTGTATGAACA,0,5235779
yqjE_yqjK_yqjD_yqjC_predicted,0.09090909090909091,10,10,GTCATCTGCCCAAGCAAAAC,0,5217490
yqjE_yqjK_yqjD_yqjC_predicted,0.09090909090909091,10,10,GTATTTTCGAAGTGAATACT,0,5191596
yqjE_yqjK_yqjD_yqjC_predicted,0.09090909090909091,10,10,GTATGAGAAACATCCGAGAG,0,5187749
yqjE_yqjK_yqjD_yqjC_predicted,0.09090909090909091,10,10,GTATCGGGCCGTGCTGCATG,0,5182825
yqjE_yqjK_yqjD_yqjC_predicted,0.09090909090909091,10,10,GTATACTACCGTGTGGCGCA,0,5186053
yqjE_yqjK_yqjD_yqjC_predicted,0.09090909090909091,10,10,GTAGGTCGCAAGATGTGATT,0,5204157
yqjE_yqjK_yqjD_yqjC_predicted,0.09090909090909091,10,10,GTAGCACGTGCGGGACGAGG,0,5187123
yqjE_yqjK_yqjD_yqjC_predicted,0.09090909090909091,10,10,GTAGATATCCGGTGGGTTTT,0,5246860
yqjE_yqjK_yqjD_yqjC_predicted,0.09090909090909091,10,10,GTACGTTCAGCCACGTTTGG,0,5246574
yqjE_yqjK_yqjD_yqjC_predicted,0.09090909090909091,10,10,GTACCGCCAGTCATCTCGCC,0,5227495
yqjE_yqjK_yqjD_yqjC_predicted,0.09090909090909091,10,10,GTACCGACAACTATTTACGT,0,5188017
yqjE_yqjK_yqjD_yqjC_predicted,0.09090909090909091,10,10,GTACCCAGCATAATAGGAAA,0,5192571
yqjE_yqjK_yqjD_yqjC_predicted,0.09090909090909091,10,10,GTACATCATATGCGCACTGA,0,5220818
yqjE_yqjK_yqjD_yqjC_predicted,0.09090909090909091,10,10,GTACAGGAGGCGACTCGGTC,0,5182332
yqjE_yqjK_yqjD_yqjC_predicted,0.09090909090909091,10,10,GTAACTAATAGAGGAGCCGA,0,5185803
yqjE_yqjK_yqjD_yqjC_predicted,0.09090909090909091,10,10,GTAACGCGATAGAAAATGCA,0,5248094
yqjE_yqjK_yqjD_yqjC_predicted,0.09090909090909091,10,10,GGTTCGCATAAGCCAAGATT,0,5208171
yqjE_yqjK_yqjD_yqjC_predicted,0.09090909090909091,10,10,GGTTCGAACTGGGACCCGGT,0,5252324
yqjE_yqjK_yqjD_yqjC_predicted,0.09090909090909091,10,10,GGTTCACTTTGATGAGCTCT,0,5209880
yqjE_yqjK_yqjD_yqjC_predicted,0.09090909090909091,10,10,GGTTACCGTACAGTTATCTT,0,5183286
yqjE_yqjK_yqjD_yqjC_predicted,0.09090909090909091,10,10,GGTGAGGTAGTGACGTGCTA,0,5203841
yqjE_yqjK_yqjD_yqjC_predicted,0.09090909090909091,10,10,GGTCATTTACTCTGTTCAGC,0,5208388
yqjE_yqjK_yqjD_yqjC_predicted,0.09090909090909091,10,10,GGTAGGGTCTACACTTGAGT,0,5204012
yqjE_yqjK_yqjD_yqjC_predicted,0.09090909090909091,10,10,GGTAGAAGGAACGCAGTCAT,0,5186263
yqjE_yqjK_yqjD_yqjC_predicted,0.09090909090909091,10,10,GGGTTCAGGGCAGAGTTGAG,0,5182740
yqjE_yqjK_yqjD_yqjC_predicted,0.09090909090909091,10,10,GGGTGCCCCCCGCGTTGGAA,0,5242261
yqjE_yqjK_yqjD_yqjC_predicted,0.09090909090909091,10,10,GGGTATCGATGGTCTAACGG,0,5182744
yqjE_yqjK_yqjD_yqjC_predicted,0.09090909090909091,10,10,GGGGTTCGCTTCGGTGCGAT,0,5224388
yqjE_yqjK_yqjD_yqjC_predicted,0.09090909090909091,10,10,GGGGGCTCGGGCGTTGGACA,0,5183241
yqjE_yqjK_yqjD_yqjC_predicted,0.09090909090909091,10,10,GGGGGACGTTGCCTCGCTGA,0,5239701
yqjE_yqjK_yqjD_yqjC_predicted,0.09090909090909091,10,10,GGGGGAACATCGCAGTCACT,0,5206183
yqjE_yqjK_yqjD_yqjC_predicted,0.09090909090909091,10,10,GGGGCGTGCCCTGCCTTTCT,0,5260599
yqjE_yqjK_yqjD_yqjC_predicted,0.09090909090909091,10,10,GGGGCCTTTCCATTCGCGGT,0,5246653
yqjE_yqjK_yqjD_yqjC_predicted,0.09090909090909091,10,10,GGGGAGGCAATTCATCAGTT,0,5243956
yqjE_yqjK_yqjD_yqjC_predicted,0.09090909090909091,10,10,GGGCGCGTCTAGTGGGCTAG,0,5258500
yqjE_yqjK_yqjD_yqjC_predicted,0.09090909090909091,10,10,GGGCGCCTTGATGGGCCTTT,0,5204182
yqjE_yqjK_yqjD_yqjC_predicted,0.09090909090909091,10,10,GGGCAGACGGGTCTGTGATC,0,5256162
yqjE_yqjK_yqjD_yqjC_predicted,0.09090909090909091,10,10,GGGATGAGTGGCCTGGGCGC,0,5187973
yqjE_yqjK_yqjD_yqjC_predicted,0.09090909090909091,10,10,GGGACACGGCTAGTAGAATT,0,5209713
yqjE_yqjK_yqjD_yqjC_predicted,0.09090909090909091,10,10,GGGAACACTGTTAGCGTTAT,0,5196372
yqjE_yqjK_yqjD_yqjC_predicted,0.09090909090909091,10,10,GGCTGAGCTACAATTCAGGT,0,5248964
yqjE_yqjK_yqjD_yqjC_predicted,0.09090909090909091,10,10,GGCTCGGTCGGTGCCGGAGG,0,5246433
yqjE_yqjK_yqjD_yqjC_predicted,0.09090909090909091,10,10,GGCTAGTCTTGTGCTAATCA,0,5226042
yqjE_yqjK_yqjD_yqjC_predicted,0.09090909090909091,10,10,GGCCTGATATTTGACAAGAT,0,5195597
yqjE_yqjK_yqjD_yqjC_predicted,0.09090909090909091,10,10,GGCCTCTAAAGCATGTTTCT,0,5232948
yqjE_yqjK_yqjD_yqjC_predicted,0.09090909090909091,10,10,GGCCGTAAGTTGGTATAGAA,0,5183124
yqjE_yqjK_yqjD_yqjC_predicted,0.09090909090909091,10,10,GGCCGACAAACTTCTATGGC,0,5212085
yqjE_yqjK_yqjD_yqjC_predicted,0.09090909090909091,10,10,GGCCCAACAGGGAATCGGTG,0,5241235
yqjE_yqjK_yqjD_yqjC_predicted,0.09090909090909091,10,10,GGCCAGAAGTTGAGACTGAC,0,5203811
yqjE_yqjK_yqjD_yqjC_predicted,0.09090909090909091,10,10,GGATGTCGCCTTGCCGTTGA,0,5172637
yqjE_yqjK_yqjD_yqjC_predicted,0.09090909090909091,10,10,GGATCTACGCGTCCCTTCCT,0,5210199
yqjE_yqjK_yqjD_yqjC_predicted,0.09090909090909091,10,10,GGATACGGAACATTCCAAGG,0,5243482
yqjE_yqjK_yqjD_yqjC_predicted,0.09090909090909091,10,10,GGACAAGCAGTATTCATATT,0,5205937
yqjE_yqjK_yqjD_yqjC_predicted,0.09090909090909091,10,10,GGAATAGAAGAACTGCGAGC,0,5233811
yqjE_yqjK_yqjD_yqjC_predicted,0.09090909090909091,10,10,GGAACTACCTGGTAGCAGCT,0,5205281
yqjE_yqjK_yqjD_yqjC_predicted,0.09090909090909091,10,10,GGAAAAGTTCTCTCGGTGAA,0,5260088
yqjE_yqjK_yqjD_yqjC_predicted,0.09090909090909091,10,10,GCTTGAGGCTAACTCATCAT,0,5177587
yqjE_yqjK_yqjD_yqjC_predicted,0.09090909090909091,10,10,GCTGTTCTGAGCATGATTTA,0,5208635
yqjE_yqjK_yqjD_yqjC_predicted,0.09090909090909091,10,10,GCTGGGACACGGGAGAAATT,0,5191369
yqjE_yqjK_yqjD_yqjC_predicted,0.09090909090909091,10,10,GCTGATAATACATTTACGTG,0,5184639
yqjE_yqjK_yqjD_yqjC_predicted,0.09090909090909091,10,10,GCTCACACAGGCTTCTCGAT,0,5245239
yqjE_yqjK_yqjD_yqjC_predicted,0.09090909090909091,10,10,GCTAAATTAACACGTCGGCG,0,5261886
yqjE_yqjK_yqjD_yqjC_predicted,0.09090909090909091,10,10,GCGTTAAATCTATGTTTAGA,0,5220955
yqjE_yqjK_yqjD_yqjC_predicted,0.09090909090909091,10,10,GCGGCTGGAAACCCGGATAT,0,5210562
yqjE_yqjK_yqjD_yqjC_predicted,0.09090909090909091,10,10,GCGCCGAAAATACAGCGAAT,0,5252326
yqjE_yqjK_yqjD_yqjC_predicted,0.09090909090909091,10,10,GCGACATCCAGCCCTCGCGT,0,5262815
yqjE_yqjK_yqjD_yqjC_predicted,0.09090909090909091,10,10,GCCTAAGCGGCTTACTAACT,0,5256782
yqjE_yqjK_yqjD_yqjC_predicted,0.09090909090909091,10,10,GCCGTACCTCAGTTCTTGCT,0,5192833
yqjE_yqjK_yqjD_yqjC_predicted,0.09090909090909091,10,10,GCCGGTTTTTCTGTTGCGAA,0,5178419
yqjE_yqjK_yqjD_yqjC_predicted,0.09090909090909091,10,10,GCCGGAACTCGGGACATGTG,0,5217697
yqjE_yqjK_yqjD_yqjC_predicted,0.09090909090909091,10,10,GCCCTCCAACACGGGACTAT,0,5212808
yqjE_yqjK_yqjD_yqjC_predicted,0.09090909090909091,10,10,GCCCATAGTAACATAGATGG,0,5176285
yqjE_yqjK_yqjD_yqjC_predicted,0.09090909090909091,10,10,GCCACGCTATAAGTAACAGG,0,5261669
yqjE_yqjK_yqjD_yqjC_predicted,0.09090909090909091,10,10,GCCACGCATTTGCGTATAAT,0,5210405
yqjE_yqjK_yqjD_yqjC_predicted,0.09090909090909091,10,10,GCCACCTCGGTTAAGAAGGT,0,5214114
yqjE_yqjK_yqjD_yqjC_predicted,0.09090909090909091,10,10,GCCACAAATCGAGCCCGCTT,0,5217636
yqjE_yqjK_yqjD_yqjC_predicted,0.09090909090909091,10,10,GCATACAAAGCTGGAGACTT,0,5260292
yqjE_yqjK_yqjD_yqjC_predicted,0.09090909090909091,10,10,GCAGTGGGTCAATAGCGGTG,0,5180536
yqjE_yqjK_yqjD_yqjC_predicted,0.09090909090909091,10,10,GCAGTAGCCGAGTCGCCGGT,0,5234925
yqjE_yqjK_yqjD_yqjC_predicted,0.09090909090909091,10,10,GCACAGGCTCACATCGTTTA,0,5204766
yqjE_yqjK_yqjD_yqjC_predicted,0.09090909090909091,10,10,GCAATGAGCCCCTTTATGTA,0,5198675
yqjE_yqjK_yqjD_yqjC_predicted,0.09090909090909091,10,10,GCAAGAACGTAGCACACAAG,0,5203436
yqjE_yqjK_yqjD_yqjC_predicted,0.09090909090909091,10,10,GCAACTATTCTATGTTGTCA,0,5218075
yqjE_yqjK_yqjD_yqjC_predicted,0.09090909090909091,10,10,GCAACGCGAGTCAACTATGA,0,5224065
yqjE_yqjK_yqjD_yqjC_predicted,0.09090909090909091,10,10,GATTTTTAGGAGTGCCTATT,0,5247223
yqjE_yqjK_yqjD_yqjC_predicted,0.09090909090909091,10,10,GATTACGAATAAACGGTCTA,0,5216204
yqjE_yqjK_yqjD_yqjC_predicted,0.09090909090909091,10,10,GATTAAGACCTGAATAGTAC,0,5186180
yqjE_yqjK_yqjD_yqjC_predicted,0.09090909090909091,10,10,GATGAGCTCTATAGAGGCCA,0,5257536
yqjE_yqjK_yqjD_yqjC_predicted,0.09090909090909091,10,10,GATCGTTCACTCAGCGACCA,0,5185934
yqjE_yqjK_yqjD_yqjC_predicted,0.09090909090909091,10,10,GATATGATAGGACTCTGGCG,0,5210933
yqjE_yqjK_yqjD_yqjC_predicted,0.09090909090909091,10,10,GATAGAGACGGCAGAGAGAA,0,5203205
yqjE_yqjK_yqjD_yqjC_predicted,0.09090909090909091,10,10,GATACTGTGTAAGGCTTCCT,0,5232444
yqjE_yqjK_yqjD_yqjC_predicted,0.09090909090909091,10,10,GATAACGAAACGACAGTTCT,0,5257283
yqjE_yqjK_yqjD_yqjC_predicted,0.09090909090909091,10,10,GATAACCCGTCCTTCAGATT,0,5177116
yqjE_yqjK_yqjD_yqjC_predicted,0.09090909090909091,10,10,GAGTAACGTGGTGTATACTT,0,5202651
yqjE_yqjK_yqjD_yqjC_predicted,0.09090909090909091,10,10,GAGGTACTCACGATTGAGGG,0,5237070
yqjE_yqjK_yqjD_yqjC_predicted,0.09090909090909091,10,10,GAGGGAATGTTCTGACGGGT,0,5171484
yqjE_yqjK_yqjD_yqjC_predicted,0.09090909090909091,10,10,GAGCGTATCGTTCAAGAGCT,0,5232375
yqjE_yqjK_yqjD_yqjC_predicted,0.09090909090909091,10,10,GAGATATTTCTGATTAGTCT,0,5233611
yqjE_yqjK_yqjD_yqjC_predicted,0.09090909090909091,10,10,GAGAGCATTCCTAAACCCAT,0,5182026
yqjE_yqjK_yqjD_yqjC_predicted,0.09090909090909091,10,10,GAGACGCAATTGGGATCTGT,0,5180445
yqjE_yqjK_yqjD_yqjC_predicted,0.09090909090909091,10,10,GACTGGCGAAGACGACCATT,0,5177737
yqjE_yqjK_yqjD_yqjC_predicted,0.09090909090909091,10,10,GACTCTCGGGCGGTCGCTGG,0,5259168
yqjE_yqjK_yqjD_yqjC_predicted,0.09090909090909091,10,10,GACGTAGGCTCAAGGCACAA,0,5206506
yqjE_yqjK_yqjD_yqjC_predicted,0.09090909090909091,10,10,GACACATATGCTGGGACTGT,0,5250911
yqjE_yqjK_yqjD_yqjC_predicted,0.09090909090909091,10,10,GACACAGTAACCCGCTGTCG,0,5245315
yqjE_yqjK_yqjD_yqjC_predicted,0.09090909090909091,10,10,GAATTTTGTGTGACGGATAG,0,5214069
yqjE_yqjK_yqjD_yqjC_predicted,0.09090909090909091,10,10,GAATAAATAACTCGGTCTTA,0,5209472
yqjE_yqjK_yqjD_yqjC_predicted,0.09090909090909091,10,10,GAAGGTTAAGAAACCAGTGG,0,5208573
yqjE_yqjK_yqjD_yqjC_predicted,0.09090909090909091,10,10,GAAGGGGCATTCGTGAACGG,0,5214859
yqjE_yqjK_yqjD_yqjC_predicted,0.09090909090909091,10,10,GAACCTGCCAGACGCATCGT,0,5191570
yqjE_yqjK_yqjD_yqjC_predicted,0.09090909090909091,10,10,GAACCGCCATCTGCGTGTCC,0,5246034
yqjE_yqjK_yqjD_yqjC_predicted,0.09090909090909091,10,10,GAAATCTCCATGAACTGTGA,0,5172639
yqjE_yqjK_yqjD_yqjC_predicted,0.09090909090909091,10,10,GAAACCCGATACCTGATAGC,0,5205738
yqjE_yqjK_yqjD_yqjC_predicted,0.09090909090909091,10,10,CTTTAAGGCTCGCGTGCAGA,0,5242626
yqjE_yqjK_yqjD_yqjC_predicted,0.09090909090909091,10,10,CTTGGTGAAAAACTCAGTGC,0,5224739
yqjE_yqjK_yqjD_yqjC_predicted,0.09090909090909091,10,10,CTTGGGTCATCCTTGATCCA,0,5209235
yqjE_yqjK_yqjD_yqjC_predicted,0.09090909090909091,10,10,CTTGACGTGAGGGAGGTTGT,0,5233773
yqjE_yqjK_yqjD_yqjC_predicted,0.09090909090909091,10,10,CTTCAGGCAATCCTATAACA,0,5252319
yqjE_yqjK_yqjD_yqjC_predicted,0.09090909090909091,10,10,CTTCAAGAGGGGTGCCCAGA,0,5222691
yqjE_yqjK_yqjD_yqjC_predicted,0.09090909090909091,10,10,CTTATTTACAAGGTCGCCTC,0,5173922
yqjE_yqjK_yqjD_yqjC_predicted,0.09090909090909091,10,10,CTTATTTAAGGGCGTAGTTA,0,5171284
yqjE_yqjK_yqjD_yqjC_predicted,0.09090909090909091,10,10,CTGTACGGGGTCTTCGAGGC,0,5193065
yqjE_yqjK_yqjD_yqjC_predicted,0.09090909090909091,10,10,CTGTAATTGGTAAGGTGATA,0,5224710
yqjE_yqjK_yqjD_yqjC_predicted,0.09090909090909091,10,10,CTGGGGAACGTGAGGAAGGA,0,5214668
yqjE_yqjK_yqjD_yqjC_predicted,0.09090909090909091,10,10,CTGGCCTCGTGTTAAAGAGC,0,5243758
yqjE_yqjK_yqjD_yqjC_predicted,0.09090909090909091,10,10,CTGCGTACTAACAATTGTCG,0,5192121
yqjE_yqjK_yqjD_yqjC_predicted,0.09090909090909091,10,10,CTGAGGGCATTTTTGCCGGG,0,5235410
yqjE_yqjK_yqjD_yqjC_predicted,0.09090909090909091,10,10,CTCTCGCCCACACGTTAGCA,0,5241636
yqjE_yqjK_yqjD_yqjC_predicted,0.09090909090909091,10,10,CTCGCCGGCAAGCAAACCAA,0,5259136
yqjE_yqjK_yqjD_yqjC_predicted,0.09090909090909091,10,10,CTCCTTCATAGGAAGGCTAC,0,5215667
yqjE_yqjK_yqjD_yqjC_predicted,0.09090909090909091,10,10,CTCCTGGAGCCCTCGCGTGC,0,5195112
yqjE_yqjK_yqjD_yqjC_predicted,0.09090909090909091,10,10,CTCCGGCTCGGAGGATTCCC,0,5180476
yqjE_yqjK_yqjD_yqjC_predicted,0.09090909090909091,10,10,CTCATCGTATACAAGACTGA,0,5234895
yqjE_yqjK_yqjD_yqjC_predicted,0.09090909090909091,10,10,CTCACCAAAGGCATGCCGCA,0,5235213
yqjE_yqjK_yqjD_yqjC_predicted,0.09090909090909091,10,10,CTCAACGTAGGGGCGGGCGA,0,5203282
yqjE_yqjK_yqjD_yqjC_predicted,0.09090909090909091,10,10,CTATAGTCTAGGTACCATCC,0,5217548
yqjE_yqjK_yqjD_yqjC_predicted,0.09090909090909091,10,10,CTAGTCCTTGCACTCGCTTA,0,5176213
yqjE_yqjK_yqjD_yqjC_predicted,0.09090909090909091,10,10,CTAGTACCTCAGTCCGGAGC,0,5183051
yqjE_yqjK_yqjD_yqjC_predicted,0.09090909090909091,10,10,CTACTGGCCGTGTTGGTGAC,0,5176468
yqjE_yqjK_yqjD_yqjC_predicted,0.09090909090909091,10,10,CTACCCTGCGCATGGGCTTT,0,5234017
yqjE_yqjK_yqjD_yqjC_predicted,0.09090909090909091,10,10,CTAATCCGCGCAACTTGGAT,0,5257991
yqjE_yqjK_yqjD_yqjC_predicted,0.09090909090909091,10,10,CTAAATGCTTAGGAAGATAC,0,5211958
yqjE_yqjK_yqjD_yqjC_predicted,0.09090909090909091,10,10,CGTTGAACAACTCGGGCAAC,0,5197755
yqjE_yqjK_yqjD_yqjC_predicted,0.09090909090909091,10,10,CGTGTTCGTAGGCATCCCAC,0,5229843
yqjE_yqjK_yqjD_yqjC_predicted,0.09090909090909091,10,10,CGTGTCACATAGGCGAAAAT,0,5204828
yqjE_yqjK_yqjD_yqjC_predicted,0.09090909090909091,10,10,CGTCTTTATGTCCCGAGCGA,0,5201605
yqjE_yqjK_yqjD_yqjC_predicted,0.09090909090909091,10,10,CGTCTCTCCGTTAACTGCTA,0,5203976
yqjE_yqjK_yqjD_yqjC_predicted,0.09090909090909091,10,10,CGTCCCACCCTATAAATACT,0,5196905
yqjE_yqjK_yqjD_yqjC_predicted,0.09090909090909091,10,10,CGTAGGCCAGATGCCCTAAC,0,5234261
yqjE_yqjK_yqjD_yqjC_predicted,0.09090909090909091,10,10,CGGGGTCCCACTGTGGAAAC,0,5182380
yqjE_yqjK_yqjD_yqjC_predicted,0.09090909090909091,10,10,CGGGACTGTGTAGAAAGTAC,0,5206307
yqjE_yqjK_yqjD_yqjC_predicted,0.09090909090909091,10,10,CGGGACAGCGTTTCGTCGTA,0,5220875
yqjE_yqjK_yqjD_yqjC_predicted,0.09090909090909091,10,10,CGGCATCGTGAAGTCGAGTT,0,5210465
yqjE_yqjK_yqjD_yqjC_predicted,0.09090909090909091,10,10,CGGCAGCACTCGCATGTGGA,0,5220356
yqjE_yqjK_yqjD_yqjC_predicted,0.09090909090909091,10,10,CGGATAGGAATCCAAGGCGG,0,5196354
yqjE_yqjK_yqjD_yqjC_predicted,0.09090909090909091,10,10,CGGAGCGAGCGATGGCTCGT,0,5251528
yqjE_yqjK_yqjD_yqjC_predicted,0.09090909090909091,10,10,CGGAAGGATTGGATTCAAAT,0,5184567
yqjE_yqjK_yqjD_yqjC_predicted,0.09090909090909091,10,10,CGCTTGGACTCCAGGCTTCT,0,5258951
yqjE_yqjK_yqjD_yqjC_predicted,0.09090909090909091,10,10,CGCTACACCCTTGCCAGGAA,0,5223523
yqjE_yqjK_yqjD_yqjC_predicted,0.09090909090909091,10,10,CGCGTACCACTTACGATAGT,0,5184143
yqjE_yqjK_yqjD_yqjC_predicted,0.09090909090909091,10,10,CGCCATCAACCCCGGAATGT,0,5180889
yqjE_yqjK_yqjD_yqjC_predicted,0.09090909090909091,10,10,CGCATTAGAGTTCCACGTCT,0,5189028
yqjE_yqjK_yqjD_yqjC_predicted,0.09090909090909091,10,10,CGATTCGGCACAGACAGTGG,0,5182626
yqjE_yqjK_yqjD_yqjC_predicted,0.09090909090909091,10,10,CGATTCCCACGAACCCAAGG,0,5230396
yqjE_yqjK_yqjD_yqjC_predicted,0.09090909090909091,10,10,CGATGTGATAAATACCTTGC,0,5243905
yqjE_yqjK_yqjD_yqjC_predicted,0.09090909090909091,10,10,CGAGTCAACGCACCTTAAGC,0,5211966
yqjE_yqjK_yqjD_yqjC_predicted,0.09090909090909091,10,10,CGAGTAGGGAGACAGTCACG,0,5243158
yqjE_yqjK_yqjD_yqjC_predicted,0.09090909090909091,10,10,CGAGCACTTATGATCCACAC,0,5193334
yqjE_yqjK_yqjD_yqjC_predicted,0.09090909090909091,10,10,CGACGCCCCAAAAGGCGCTT,0,5207182
yqjE_yqjK_yqjD_yqjC_predicted,0.09090909090909091,10,10,CGACGACCAATGCCGACAGG,0,5251153
yqjE_yqjK_yqjD_yqjC_predicted,0.09090909090909091,10,10,CGACCGCTACCCAGCGGATA,0,5174755
yqjE_yqjK_yqjD_yqjC_predicted,0.09090909090909091,10,10,CGAACTGCCTGCGCTTTGGG,0,5256359
yqjE_yqjK_yqjD_yqjC_predicted,0.09090909090909091,10,10,CCTTTTAAGATATTCAAAGT,0,5181831
yqjE_yqjK_yqjD_yqjC_predicted,0.09090909090909091,10,10,CCTTGAGGGAAACATGGGGT,0,5171642
yqjE_yqjK_yqjD_yqjC_predicted,0.09090909090909091,10,10,CCTTCCCGCCGTTTGTAGTT,0,5232280
yqjE_yqjK_yqjD_yqjC_predicted,0.09090909090909091,10,10,CCTGCGAACCTGCGGTCTTC,0,5261377
yqjE_yqjK_yqjD_yqjC_predicted,0.09090909090909091,10,10,CCTCGTACCGGGGCAAGGAA,0,5201630
yqjE_yqjK_yqjD_yqjC_predicted,0.09090909090909091,10,10,CCTCGCTCCCGGGAGGTCCT,0,5208915
yqjE_yqjK_yqjD_yqjC_predicted,0.09090909090909091,10,10,CCTAGGTTGGCGGGCCGCCT,0,5197066
yqjE_yqjK_yqjD_yqjC_predicted,0.09090909090909091,10,10,CCGTAGCTTCAAGTTACAAA,0,5234721
yqjE_yqjK_yqjD_yqjC_predicted,0.09090909090909091,10,10,CCGGGCGGGGTGCGCAATAA,0,5215694
yqjE_yqjK_yqjD_yqjC_predicted,0.09090909090909091,10,10,CCGGCAACACCATAATGTCT,0,5176345
yqjE_yqjK_yqjD_yqjC_predicted,0.09090909090909091,10,10,CCGCTTCCTATGACTGTGTT,0,5172740
yqjE_yqjK_yqjD_yqjC_predicted,0.09090909090909091,10,10,CCGCACACGGACTACATGGT,0,5220487
yqjE_yqjK_yqjD_yqjC_predicted,0.09090909090909091,10,10,CCGCAACAGAGCATGGCGTG,0,5187744
yqjE_yqjK_yqjD_yqjC_predicted,0.09090909090909091,10,10,CCGAGAGAGAAAAAGAACGG,0,5241109
yqjE_yqjK_yqjD_yqjC_predicted,0.09090909090909091,10,10,CCGAATAAGGGAAGGCTACG,0,5207830
yqjE_yqjK_yqjD_yqjC_predicted,0.09090909090909091,10,10,CCGAAGGCGCAGAGGTTCTC,0,5207346
yqjE_yqjK_yqjD_yqjC_predicted,0.09090909090909091,10,10,CCCTCGTATTTATGTCGAGA,0,5231012
yqjE_yqjK_yqjD_yqjC_predicted,0.09090909090909091,10,10,CCCGGGGCCAAGGAGAGAGT,0,5254794
yqjE_yqjK_yqjD_yqjC_predicted,0.09090909090909091,10,10,CCCGGCGGCATACTTGGATA,0,5233450
yqjE_yqjK_yqjD_yqjC_predicted,0.09090909090909091,10,10,CCCCGGCGATATAACATCGT,0,5197216
yqjE_yqjK_yqjD_yqjC_predicted,0.09090909090909091,10,10,CCCCCGTTTACGGAGTGCGA,0,5236088
yqjE_yqjK_yqjD_yqjC_predicted,0.09090909090909091,10,10,CCCCACCTCGATACATCATA,0,5212564
yqjE_yqjK_yqjD_yqjC_predicted,0.09090909090909091,10,10,CCCAGTTATGGATAGCACGT,0,5181186
yqjE_yqjK_yqjD_yqjC_predicted,0.09090909090909091,10,10,CCCACTATGTCGATCGACCA,0,5199861
yqjE_yqjK_yqjD_yqjC_predicted,0.09090909090909091,10,10,CCCACCCGGACTCAATTGCT,0,5249826
yqjE_yqjK_yqjD_yqjC_predicted,0.09090909090909091,10,10,CCATAGTAAGCGCGGGCTTC,0,5249347
yqjE_yqjK_yqjD_yqjC_predicted,0.09090909090909091,10,10,CCAAGTAATGTCCTGAGGCG,0,5201148
yqjE_yqjK_yqjD_yqjC_predicted,0.09090909090909091,10,10,CATTCTGCCCTCAGCGCGCA,0,5226607
yqjE_yqjK_yqjD_yqjC_predicted,0.09090909090909091,10,10,CATTCGGCGCGCCAGGTCAT,0,5243661
yqjE_yqjK_yqjD_yqjC_predicted,0.09090909090909091,10,10,CATTCCCCTCCTTGTCCAGT,0,5234621
yqjE_yqjK_yqjD_yqjC_predicted,0.09090909090909091,10,10,CATGACGAAATTTCCAGGAC,0,5191540
yqjE_yqjK_yqjD_yqjC_predicted,0.09090909090909091,10,10,CATGACCAGGGATTCAGTGC,0,5201421
yqjE_yqjK_yqjD_yqjC_predicted,0.09090909090909091,10,10,CATCGCGTATGATGCCACCG,0,5194324
yqjE_yqjK_yqjD_yqjC_predicted,0.09090909090909091,10,10,CATCACGTAACACAGTGTCT,0,5234684
yqjE_yqjK_yqjD_yqjC_predicted,0.09090909090909091,10,10,CATATTTACACAGGTCTGCC,0,5182964
yqjE_yqjK_yqjD_yqjC_predicted,0.09090909090909091,10,10,CATATATTAATCTGGTAGAC,0,5201691
yqjE_yqjK_yqjD_yqjC_predicted,0.09090909090909091,10,10,CATACTGGTGAGTTATGAAT,0,5183737
yqjE_yqjK_yqjD_yqjC_predicted,0.09090909090909091,10,10,CATACAATGAGTACAAAGGG,0,5213732
yqjE_yqjK_yqjD_yqjC_predicted,0.09090909090909091,10,10,CAGTGGGGTCGCTCGGAGGT,0,5253656
yqjE_yqjK_yqjD_yqjC_predicted,0.09090909090909091,10,10,CAGTCCGTTTGTTCTTACGC,0,5225074
yqjE_yqjK_yqjD_yqjC_predicted,0.09090909090909091,10,10,CAGGCCATACTATGGTAGCC,0,5205136
yqjE_yqjK_yqjD_yqjC_predicted,0.09090909090909091,10,10,CAGCCATGGATGTTACCCTA,0,5249980
yqjE_yqjK_yqjD_yqjC_predicted,0.09090909090909091,10,10,CAGCAAGTGGATTCACATTC,0,5237152
yqjE_yqjK_yqjD_yqjC_predicted,0.09090909090909091,10,10,CAGAAGTGGCCCCATCGTCA,0,5204436
yqjE_yqjK_yqjD_yqjC_predicted,0.09090909090909091,10,10,CACTGAAGGCTGCAAGTTGA,0,5190380
yqjE_yqjK_yqjD_yqjC_predicted,0.09090909090909091,10,10,CACTCCTTCTGGAACGCGCA,0,5251481
yqjE_yqjK_yqjD_yqjC_predicted,0.09090909090909091,10,10,CACGAGGTCCTCTTTGGCGG,0,5172643
yqjE_yqjK_yqjD_yqjC_predicted,0.09090909090909091,10,10,CACGACTTTGTCATTTCGGA,0,5185607
yqjE_yqjK_yqjD_yqjC_predicted,0.09090909090909091,10,10,CACCCAGAACGACCAGTACA,0,5250295
yqjE_yqjK_yqjD_yqjC_predicted,0.09090909090909091,10,10,CACACATCTGATATTCACAG,0,5252159
yqjE_yqjK_yqjD_yqjC_predicted,0.09090909090909091,10,10,CACACAGGTTTTTGCCGTGG,0,5250855
yqjE_yqjK_yqjD_yqjC_predicted,0.09090909090909091,10,10,CACAAGCATCGGGTTCTGCA,0,5225250
yqjE_yqjK_yqjD_yqjC_predicted,0.09090909090909091,10,10,CAAGCGGGCGTCTAAATCCC,0,5181116
yqjE_yqjK_yqjD_yqjC_predicted,0.09090909090909091,10,10,CAACGAACAATCACGGGAGG,0,5223005
yqjE_yqjK_yqjD_yqjC_predicted,0.09090909090909091,10,10,CAACCCGCATGCAAAAGTTT,0,5248970
yqjE_yqjK_yqjD_yqjC_predicted,0.09090909090909091,10,10,CAACCCCTCGACGATCAAGG,0,5245784
yqjE_yqjK_yqjD_yqjC_predicted,0.09090909090909091,10,10,CAAATGACTTCAGCCTGCCC,0,5189971
yqjE_yqjK_yqjD_yqjC_predicted,0.09090909090909091,10,10,CAAAACTGGGGCACGACAGT,0,5261812
yqjE_yqjK_yqjD_yqjC_predicted,0.09090909090909091,10,10,CAAAAAGTCACTTGGGCTAA,0,5195671
yqjE_yqjK_yqjD_yqjC_predicted,0.09090909090909091,10,10,ATTTTCTCGTCCCGACCGCT,0,5213842
yqjE_yqjK_yqjD_yqjC_predicted,0.09090909090909091,10,10,ATTTCAGGTGGAGAAGACAA,0,5183607
yqjE_yqjK_yqjD_yqjC_predicted,0.09090909090909091,10,10,ATTCTTCACAGGGAGGGCCG,0,5204773
yqjE_yqjK_yqjD_yqjC_predicted,0.09090909090909091,10,10,ATGTTATTGACCCAGGGTTC,0,5254259
yqjE_yqjK_yqjD_yqjC_predicted,0.09090909090909091,10,10,ATGTTACAACAAAGAGAACT,0,5204950
yqjE_yqjK_yqjD_yqjC_predicted,0.09090909090909091,10,10,ATGGTCCGACCCGTACGGAC,0,5239659
yqjE_yqjK_yqjD_yqjC_predicted,0.09090909090909091,10,10,ATGGCATCATGCGATCTTTG,0,5191567
yqjE_yqjK_yqjD_yqjC_predicted,0.09090909090909091,10,10,ATGCTCCTTATCCATGATTC,0,5243055
yqjE_yqjK_yqjD_yqjC_predicted,0.09090909090909091,10,10,ATGACCGCTCGGAGATATGT,0,5206341
yqjE_yqjK_yqjD_yqjC_predicted,0.09090909090909091,10,10,ATCTGATTACAGAAAACCGA,0,5220975
yqjE_yqjK_yqjD_yqjC_predicted,0.09090909090909091,10,10,ATCGTTCTGGTGCGTGCTCC,0,5255165
yqjE_yqjK_yqjD_yqjC_predicted,0.09090909090909091,10,10,ATCCGCTCCGCAGCTATAGG,0,5244019
yqjE_yqjK_yqjD_yqjC_predicted,0.09090909090909091,10,10,ATCCGCTCCGACTGGGATCG,0,5216819
yqjE_yqjK_yqjD_yqjC_predicted,0.09090909090909091,10,10,ATCCGCGCATGAAAGGTCAA,0,5203174
yqjE_yqjK_yqjD_yqjC_predicted,0.09090909090909091,10,10,ATCCCCTAAGAATGGGAGAA,0,5235230
yqjE_yqjK_yqjD_yqjC_predicted,0.09090909090909091,10,10,ATCAGTCTCGAATTATAGGT,0,5260966
yqjE_yqjK_yqjD_yqjC_predicted,0.09090909090909091,10,10,ATATTAGATATGGGGGGTTT,0,5191286
yqjE_yqjK_yqjD_yqjC_predicted,0.09090909090909091,10,10,ATATCCCAGTGCTATAAATA,0,5256864
yqjE_yqjK_yqjD_yqjC_predicted,0.09090909090909091,10,10,ATACTCCACGGGTTTAGTGA,0,5229694
yqjE_yqjK_yqjD_yqjC_predicted,0.09090909090909091,10,10,ATACTATTGCTTGAGACTAT,0,5191873
yqjE_yqjK_yqjD_yqjC_predicted,0.09090909090909091,10,10,ATACTAGAAGCGAGTGTACA,0,5185156
yqjE_yqjK_yqjD_yqjC_predicted,0.09090909090909091,10,10,ATACAGAGGTCACCGCTATA,0,5191996
yqjE_yqjK_yqjD_yqjC_predicted,0.09090909090909091,10,10,ATAAGCCGAAACCCCAGGGT,0,5214714
yqjE_yqjK_yqjD_yqjC_predicted,0.09090909090909091,10,10,AGTGTCTTCAGAAAAAGCTC,0,5223138
yqjE_yqjK_yqjD_yqjC_predicted,0.09090909090909091,10,10,AGTGGGGTTACGGCTACAGG,0,5223953
yqjE_yqjK_yqjD_yqjC_predicted,0.09090909090909091,10,10,AGTCGCATCTTGACGGTGCA,0,5231181
yqjE_yqjK_yqjD_yqjC_predicted,0.09090909090909091,10,10,AGTCGATCGACGCTCGTCAG,0,5234077
yqjE_yqjK_yqjD_yqjC_predicted,0.09090909090909091,10,10,AGTCCGGGCCTTTGGTCCCC,0,5241961
yqjE_yqjK_yqjD_yqjC_predicted,0.09090909090909091,10,10,AGTCAGGGAATCCAGGGCAG,0,5228394
yqjE_yqjK_yqjD_yqjC_predicted,0.09090909090909091,10,10,AGTAGCGGGAAGGAACTAGG,0,5210084
yqjE_yqjK_yqjD_yqjC_predicted,0.09090909090909091,10,10,AGGTGGTAGGTCTTGTCTTC,0,5204266
yqjE_yqjK_yqjD_yqjC_predicted,0.09090909090909091,10,10,AGGTAGAAAACAGGCGAATG,0,5229621
yqjE_yqjK_yqjD_yqjC_predicted,0.09090909090909091,10,10,AGGGCAAATTTCTGAATAGT,0,5179993
yqjE_yqjK_yqjD_yqjC_predicted,0.09090909090909091,10,10,AGGGACAACGCATCTCGGCC,0,5189093
yqjE_yqjK_yqjD_yqjC_predicted,0.09090909090909091,10,10,AGGATCTGCGTTAAAAAGAG,0,5176837
yqjE_yqjK_yqjD_yqjC_predicted,0.09090909090909091,10,10,AGGAGAGACCCTTGTTCCTC,0,5181509
yqjE_yqjK_yqjD_yqjC_predicted,0.09090909090909091,10,10,AGGACCACGGGGCGGGGGAG,0,5186989
yqjE_yqjK_yqjD_yqjC_predicted,0.09090909090909091,10,10,AGGAACAATAAGCTCCATCG,0,5208517
yqjE_yqjK_yqjD_yqjC_predicted,0.09090909090909091,10,10,AGCTTAGTGTCACAGTAAGA,0,5193174
yqjE_yqjK_yqjD_yqjC_predicted,0.09090909090909091,10,10,AGCTCACCGAATACGCTCTA,0,5215093
yqjE_yqjK_yqjD_yqjC_predicted,0.09090909090909091,10,10,AGCCGAACCAAAGCTCCCAG,0,5241273
yqjE_yqjK_yqjD_yqjC_predicted,0.09090909090909091,10,10,AGCCCATTTCTTGGGTGCAG,0,5215448
yqjE_yqjK_yqjD_yqjC_predicted,0.09090909090909091,10,10,AGCATTTTCCCGGGCAATCG,0,5216504
yqjE_yqjK_yqjD_yqjC_predicted,0.09090909090909091,10,10,AGCACTGCCCTTGTACCATT,0,5192017
yqjE_yqjK_yqjD_yqjC_predicted,0.09090909090909091,10,10,AGCACCTATTGCTCACACTC,0,5229092
yqjE_yqjK_yqjD_yqjC_predicted,0.09090909090909091,10,10,AGCAAATGCTCAGAAAGCTG,0,5218051
yqjE_yqjK_yqjD_yqjC_predicted,0.09090909090909091,10,10,AGATTGTCTGTATCCAATAA,0,5200154
yqjE_yqjK_yqjD_yqjC_predicted,0.09090909090909091,10,10,AGATGAAAGAGATTTACCGT,0,5214495
yqjE_yqjK_yqjD_yqjC_predicted,0.09090909090909091,10,10,AGAGTTTCTCGACCGAGAGC,0,5195154
yqjE_yqjK_yqjD_yqjC_predicted,0.09090909090909091,10,10,AGAGGTTACATGCGCAGCGG,0,5193242
yqjE_yqjK_yqjD_yqjC_predicted,0.09090909090909091,10,10,AGAGGCTCTTCCACTGTCCT,0,5216592
yqjE_yqjK_yqjD_yqjC_predicted,0.09090909090909091,10,10,AGAGCGGCGGCTGAAACCAC,0,5239810
yqjE_yqjK_yqjD_yqjC_predicted,0.09090909090909091,10,10,AGACGTGTGGACGGACGTTG,0,5182888
yqjE_yqjK_yqjD_yqjC_predicted,0.09090909090909091,10,10,AGACGGGATTGTAGCATTCA,0,5213859
yqjE_yqjK_yqjD_yqjC_predicted,0.09090909090909091,10,10,AGACACTTTAAGTCCTTGGT,0,5183018
yqjE_yqjK_yqjD_yqjC_predicted,0.09090909090909091,10,10,AGAATTCGGGTCTTCGCATG,0,5232275
yqjE_yqjK_yqjD_yqjC_predicted,0.09090909090909091,10,10,AGAACGCGGCAAACACTGTA,0,5237882
yqjE_yqjK_yqjD_yqjC_predicted,0.09090909090909091,10,10,ACTTGGCACGAACCCCCAAT,0,5237881
yqjE_yqjK_yqjD_yqjC_predicted,0.09090909090909091,10,10,ACTTACAGAACTTTTCAACA,0,5236261
yqjE_yqjK_yqjD_yqjC_predicted,0.09090909090909091,10,10,ACTGCTTGGTGCACCCAGCT,0,5220692
yqjE_yqjK_yqjD_yqjC_predicted,0.09090909090909091,10,10,ACTGCCCCACCCACAAGTAG,0,5191722
yqjE_yqjK_yqjD_yqjC_predicted,0.09090909090909091,10,10,ACTGATAAGACCTGCCCCAC,0,5185179
yqjE_yqjK_yqjD_yqjC_predicted,0.09090909090909091,10,10,ACTGACACTGGCACTATGCA,0,5216497
yqjE_yqjK_yqjD_yqjC_predicted,0.09090909090909091,10,10,ACTCAGTACGCCTAGGCACA,0,5204937
yqjE_yqjK_yqjD_yqjC_predicted,0.09090909090909091,10,10,ACTACTCTTGTTCTCGTCGG,0,5235572
yqjE_yqjK_yqjD_yqjC_predicted,0.09090909090909091,10,10,ACTACACTGTGAAGTCGTAA,0,5233131
yqjE_yqjK_yqjD_yqjC_predicted,0.09090909090909091,10,10,ACGTTAATGGCGCTACAGTC,0,5244257
yqjE_yqjK_yqjD_yqjC_predicted,0.09090909090909091,10,10,ACGTGGCAGAGTCTATTCGG,0,5253538
yqjE_yqjK_yqjD_yqjC_predicted,0.09090909090909091,10,10,ACGGTTGTTTGGACAGAGTA,0,5173887
yqjE_yqjK_yqjD_yqjC_predicted,0.09090909090909091,10,10,ACGGAAGGAATCCTCTCAAC,0,5240904
yqjE_yqjK_yqjD_yqjC_predicted,0.09090909090909091,10,10,ACGCGGAGAAGTGTGCGCCG,0,5185282
yqjE_yqjK_yqjD_yqjC_predicted,0.09090909090909091,10,10,ACGCCTACTGCGTGTCACGG,0,5218378
yqjE_yqjK_yqjD_yqjC_predicted,0.09090909090909091,10,10,ACGCCCCACGTACCAGCGTG,0,5178224
yqjE_yqjK_yqjD_yqjC_predicted,0.09090909090909091,10,10,ACGCATCAAAAGAGGCGATC,0,5211560
yqjE_yqjK_yqjD_yqjC_predicted,0.09090909090909091,10,10,ACGCAGCTACGAGCGGTGTC,0,5251704
yqjE_yqjK_yqjD_yqjC_predicted,0.09090909090909091,10,10,ACGCAAGGGCGCTGTCTCAT,0,5256753
yqjE_yqjK_yqjD_yqjC_predicted,0.09090909090909091,10,10,ACGAAATAACTTCCGTGCTG,0,5193961
yqjE_yqjK_yqjD_yqjC_predicted,0.09090909090909091,10,10,ACCTTTTTACTTCTCCCCCA,0,5211666
yqjE_yqjK_yqjD_yqjC_predicted,0.09090909090909091,10,10,ACCTAATCGGTACAAGAGTA,0,5214651
yqjE_yqjK_yqjD_yqjC_predicted,0.09090909090909091,10,10,ACCGTCGGCAGTATTTCGGG,0,5220493
yqjE_yqjK_yqjD_yqjC_predicted,0.09090909090909091,10,10,ACCCCGAGCGGGCTAATAAG,0,5216410
yqjE_yqjK_yqjD_yqjC_predicted,0.09090909090909091,10,10,ACCCCACGGCACAAGTATTG,0,5254898
yqjE_yqjK_yqjD_yqjC_predicted,0.09090909090909091,10,10,ACCATCATCAGTTAATGAAT,0,5205984
yqjE_yqjK_yqjD_yqjC_predicted,0.09090909090909091,10,10,ACATTTCACCAGCTGGATAA,0,5180932
yqjE_yqjK_yqjD_yqjC_predicted,0.09090909090909091,10,10,ACATTATCCGCTAGCATGGA,0,5260777
yqjE_yqjK_yqjD_yqjC_predicted,0.09090909090909091,10,10,ACATGGGGCGCCACTAGACA,0,5246606
yqjE_yqjK_yqjD_yqjC_predicted,0.09090909090909091,10,10,AATTTTAATAGGACGATTGC,0,5195066
yqjE_yqjK_yqjD_yqjC_predicted,0.09090909090909091,10,10,AATTCCAAGAATTGCGTCTT,0,5205226
yqjE_yqjK_yqjD_yqjC_predicted,0.09090909090909091,10,10,AATGACGACGTGAATCGGCG,0,5256412
yqjE_yqjK_yqjD_yqjC_predicted,0.09090909090909091,10,10,AATCCGCTTCTAAGATAAAT,0,5226873
yqjE_yqjK_yqjD_yqjC_predicted,0.09090909090909091,10,10,AATCCAGGAATTGCGGTGCG,0,5225728
yqjE_yqjK_yqjD_yqjC_predicted,0.09090909090909091,10,10,AATACGGTCTAGGGGCATCA,0,5250611
yqjE_yqjK_yqjD_yqjC_predicted,0.09090909090909091,10,10,AAGTCCACCGAGCTTCTCGG,0,5185239
yqjE_yqjK_yqjD_yqjC_predicted,0.09090909090909091,10,10,AAGTCCAAACGTTCAGATTT,0,5174959
yqjE_yqjK_yqjD_yqjC_predicted,0.09090909090909091,10,10,AAGTCAGGATCACGTTCTGT,0,5252439
yqjE_yqjK_yqjD_yqjC_predicted,0.09090909090909091,10,10,AAGTAACTGTCATCTATGGT,0,5231322
yqjE_yqjK_yqjD_yqjC_predicted,0.09090909090909091,10,10,AAGGTAAGGGCTAGGTTTTA,0,5218835
yqjE_yqjK_yqjD_yqjC_predicted,0.09090909090909091,10,10,AAGGAAACGTAAGCTTAAAA,0,5193777
yqjE_yqjK_yqjD_yqjC_predicted,0.09090909090909091,10,10,AAGCGAATCAAGGAGCTGGT,0,5254461
yqjE_yqjK_yqjD_yqjC_predicted,0.09090909090909091,10,10,AAGCGAACGTACTACAAGTA,0,5234264
yqjE_yqjK_yqjD_yqjC_predicted,0.09090909090909091,10,10,AAGCCACCCCTTGTGGCTAC,0,5236464
yqjE_yqjK_yqjD_yqjC_predicted,0.09090909090909091,10,10,AAGACCAGATTTGTGTAGCG,0,5184259
yqjE_yqjK_yqjD_yqjC_predicted,0.09090909090909091,10,10,AACTCCTGCCGAACAGCGGG,0,5232204
yqjE_yqjK_yqjD_yqjC_predicted,0.09090909090909091,10,10,AACGCGCTCGAGGGTACTTA,0,5180433
yqjE_yqjK_yqjD_yqjC_predicted,0.09090909090909091,10,10,AACGACCGACAAAGTGACAA,0,5244861
yqjE_yqjK_yqjD_yqjC_predicted,0.09090909090909091,10,10,AACACGATGCGATGCACGCG,0,5231724
yqjE_yqjK_yqjD_yqjC_predicted,0.09090909090909091,10,10,AACACCTTTAAGGAGCAATG,0,5205455
yqjE_yqjK_yqjD_yqjC_predicted,0.09090909090909091,10,10,AAATGCTAGTCTTGACAATG,0,5193332
yqjE_yqjK_yqjD_yqjC_predicted,0.09090909090909091,10,10,AAATGAATGTCGTTGCGCGA,0,5177456
yqjE_yqjK_yqjD_yqjC_predicted,0.09090909090909091,10,10,AAAGTGGTGGTGATATGAAT,0,5258308
yqjE_yqjK_yqjD_yqjC_predicted,0.09090909090909091,10,10,AAAGTAACCTCGTTGCCGTC,0,5233760
yqjE_yqjK_yqjD_yqjC_predicted,0.09090909090909091,10,10,AAAGAGGTTTCACACATGCT,0,5242230
yqjE_yqjK_yqjD_yqjC_predicted,0.09090909090909091,10,10,AAACTGCTTTGCCAACTCTG,0,5247611
yqjE_yqjK_yqjD_yqjC_predicted,0.09090909090909091,10,10,AAACGTAGCTTGGGCATACA,0,5225338
yqjE_yqjK_yqjD_yqjC_predicted,0.09090909090909091,10,10,AAACGCGAGGCCTGCCGTGA,0,5214304
yqjE_yqjK_yqjD_yqjC_predicted,0.09090909090909091,10,10,AAACCAGATTGCGGAAATTG,0,5202663
yqjE_yqjK_yqjD_yqjC_predicted,0.09090909090909091,10,10,AAAAGGTGCTCCGCATACGT,0,5231467
yqjE_yqjK_yqjD_yqjC_predicted,0.09090909090909091,10,10,AAAACTTTACCAACCTTCTC,0,5200754
yqjE_yqjK_yqjD_yqjC_predicted,0.09090909090909091,10,10,AAAACGGTTCACGGTTTAAT,0,5216124
yqjE_yqjK_yqjD_yqjC_predicted,0.1,9,9,TTTTTGATCGGCAAGTTAAT,0,5247098
yqjE_yqjK_yqjD_yqjC_predicted,0.1,9,9,TTTTGGCTTATCACTTTCGC,0,5221006
yqjE_yqjK_yqjD_yqjC_predicted,0.1,9,9,TTTTCCAGGTATTGAGCGCA,0,5239789
yqjE_yqjK_yqjD_yqjC_predicted,0.1,9,9,TTTTAATGCTGAATCGGGCA,0,5228307
yqjE_yqjK_yqjD_yqjC_predicted,0.1,9,9,TTTGGTTAGGGCATATAACC,0,5258608
yqjE_yqjK_yqjD_yqjC_predicted,0.1,9,9,TTTGCCGTTCCAGGATGGCA,0,5174895
yqjE_yqjK_yqjD_yqjC_predicted,0.1,9,9,TTTCTGGCATCATGGCCCGA,0,5254554
yqjE_yqjK_yqjD_yqjC_predicted,0.1,9,9,TTTCCCTCGTATTTCACCAT,0,5237425
yqjE_yqjK_yqjD_yqjC_predicted,0.1,9,9,TTTCAGTATCTTTTAGAAGA,0,5198460
yqjE_yqjK_yqjD_yqjC_predicted,0.1,9,9,TTGTTCAGTTCATCGGGCCA,0,5252112
yqjE_yqjK_yqjD_yqjC_predicted,0.1,9,9,TTGTGGATATCCGACCTAGT,0,5203838
yqjE_yqjK_yqjD_yqjC_predicted,0.1,9,9,TTGTGGAGTTAACCTAGTCC,0,5202400
yqjE_yqjK_yqjD_yqjC_predicted,0.1,9,9,TTGGCTCTAATCCGAGTTAC,0,5191789
yqjE_yqjK_yqjD_yqjC_predicted,0.1,9,9,TTGGCGGGGCGCCAGGAGGT,0,5174213
yqjE_yqjK_yqjD_yqjC_predicted,0.1,9,9,TTGCGATACCCAAGAGGGAC,0,5211972
yqjE_yqjK_yqjD_yqjC_predicted,0.1,9,9,TTGCAAGTAACGGGCCGCAT,0,5237274
yqjE_yqjK_yqjD_yqjC_predicted,0.1,9,9,TTGATGTTTAGTACTGGTCG,0,5199676
yqjE_yqjK_yqjD_yqjC_predicted,0.1,9,9,TTCTTACGGTATTGCCGACA,0,5200746
yqjE_yqjK_yqjD_yqjC_predicted,0.1,9,9,TTCTGTCAGCCAGTCAACCT,0,5171111
yqjE_yqjK_yqjD_yqjC_predicted,0.1,9,9,TTCTCGCGTTTCCCGTACGA,0,5218307
yqjE_yqjK_yqjD_yqjC_predicted,0.1,9,9,TTCTAGCATGCGGAGACTAA,0,5261297
yqjE_yqjK_yqjD_yqjC_predicted,0.1,9,9,TTCGGGCAATTCACTATTTG,0,5236589
yqjE_yqjK_yqjD_yqjC_predicted,0.1,9,9,TTCGGCCTCAATTCTTAAAT,0,5186014
yqjE_yqjK_yqjD_yqjC_predicted,0.1,9,9,TTCGAACTGCCCTCTGACGG,0,5191870
yqjE_yqjK_yqjD_yqjC_predicted,0.1,9,9,TTCATAACGCTCTTAGAGAC,0,5251869
yqjE_yqjK_yqjD_yqjC_predicted,0.1,9,9,TTCAGGGGGTGCAACTGTAA,0,5237638
yqjE_yqjK_yqjD_yqjC_predicted,0.1,9,9,TTCACTTGGCTACGTCTTCT,0,5205880
yqjE_yqjK_yqjD_yqjC_predicted,0.1,9,9,TTCAAACGTATTAGGGATGA,0,5223705
yqjE_yqjK_yqjD_yqjC_predicted,0.1,9,9,TTATCTATCACAGCGCGCGG,0,5252255
yqjE_yqjK_yqjD_yqjC_predicted,0.1,9,9,TTATCCTCACATTGTGACGG,0,5240383
yqjE_yqjK_yqjD_yqjC_predicted,0.1,9,9,TTATCATTTTAATTGGCACG,0,5231474
yqjE_yqjK_yqjD_yqjC_predicted,0.1,9,9,TTAGTTGTCTCAAACATAAT,0,5195508
yqjE_yqjK_yqjD_yqjC_predicted,0.1,9,9,TTAGTCCACTATTCAGGTAC,0,5196314
yqjE_yqjK_yqjD_yqjC_predicted,0.1,9,9,TTAGTAAATCACGTACAGAT,0,5219975
yqjE_yqjK_yqjD_yqjC_predicted,0.1,9,9,TTAGCATCAGGGTTGGATAA,0,5241498
yqjE_yqjK_yqjD_yqjC_predicted,0.1,9,9,TTAGCAGTGCTGGTGGCGTT,0,5245973
yqjE_yqjK_yqjD_yqjC_predicted,0.1,9,9,TTACTGAAACTAACTTATGT,0,5228589
yqjE_yqjK_yqjD_yqjC_predicted,0.1,9,9,TTACGCCTTTCGCCGAACAC,0,5196261
yqjE_yqjK_yqjD_yqjC_predicted,0.1,9,9,TTACAAGAGCCTTGAAAAGA,0,5257446
yqjE_yqjK_yqjD_yqjC_predicted,0.1,9,9,TTAACTGTCTTGTATTTGGA,0,5175357
yqjE_yqjK_yqjD_yqjC_predicted,0.1,9,9,TTAAATGGGCATGGAATGAG,0,5238662
yqjE_yqjK_yqjD_yqjC_predicted,0.1,9,9,TGTTTAACAAGTCACGCCCT,0,5199300
yqjE_yqjK_yqjD_yqjC_predicted,0.1,9,9,TGTTATGAGCAAGTTTTAGC,0,5185307
yqjE_yqjK_yqjD_yqjC_predicted,0.1,9,9,TGTTAACCACTCGGACAGGT,0,5227590
yqjE_yqjK_yqjD_yqjC_predicted,0.1,9,9,TGTGGGAAAACGTGGCTAGG,0,5258703
yqjE_yqjK_yqjD_yqjC_predicted,0.1,9,9,TGTGGATGTAGTTGGAGAGC,0,5207767
yqjE_yqjK_yqjD_yqjC_predicted,0.1,9,9,TGGTTTCGCGTTTATAGGTT,0,5254341
yqjE_yqjK_yqjD_yqjC_predicted,0.1,9,9,TGGTGCGCATGCCAGGTGGT,0,5181890
yqjE_yqjK_yqjD_yqjC_predicted,0.1,9,9,TGGGCCGGTCAATGCTTCTT,0,5221098
yqjE_yqjK_yqjD_yqjC_predicted,0.1,9,9,TGGCTTTTGCTTGCCAGCAA,0,5251824
yqjE_yqjK_yqjD_yqjC_predicted,0.1,9,9,TGGATATTCGTTCTGCGAAT,0,5259263
yqjE_yqjK_yqjD_yqjC_predicted,0.1,9,9,TGGAATGGTTCACAATGCTG,0,5189316
yqjE_yqjK_yqjD_yqjC_predicted,0.1,9,9,TGCTTTGGTCTAGCTGTAGA,0,5185988
yqjE_yqjK_yqjD_yqjC_predicted,0.1,9,9,TGCTTCGGCATTAAGAGGCG,0,5219597
yqjE_yqjK_yqjD_yqjC_predicted,0.1,9,9,TGCTTAACGCAGGCTCTTTT,0,5202976
yqjE_yqjK_yqjD_yqjC_predicted,0.1,9,9,TGCTGGATGCAGCAATACAC,0,5204783
yqjE_yqjK_yqjD_yqjC_predicted,0.1,9,9,TGCGGTCTGTTTCATTGTCC,0,5252033
yqjE_yqjK_yqjD_yqjC_predicted,0.1,9,9,TGCGCGTGAAGGATGTCGTT,0,5186930
yqjE_yqjK_yqjD_yqjC_predicted,0.1,9,9,TGCCGGTCGGGTCCAGACAC,0,5192239
yqjE_yqjK_yqjD_yqjC_predicted,0.1,9,9,TGCCGACACTAGCGAAAAGC,0,5181488
yqjE_yqjK_yqjD_yqjC_predicted,0.1,9,9,TGCCCGATGCAACTATACCC,0,5180965
yqjE_yqjK_yqjD_yqjC_predicted,0.1,9,9,TGCAGGCTCTACGAAGGCGA,0,5223377
yqjE_yqjK_yqjD_yqjC_predicted,0.1,9,9,TGCAATCCCCGAATCGTTTC,0,5259191
yqjE_yqjK_yqjD_yqjC_predicted,0.1,9,9,TGCAACCGACCGGTAAAAAC,0,5214959
yqjE_yqjK_yqjD_yqjC_predicted,0.1,9,9,TGATTAAGCAAAGTTGGCGT,0,5182165
yqjE_yqjK_yqjD_yqjC_predicted,0.1,9,9,TGATCTAGGCTCTAACGCTA,0,5250754
yqjE_yqjK_yqjD_yqjC_predicted,0.1,9,9,TGATAATAGGGGGAGTATCT,0,5177457
yqjE_yqjK_yqjD_yqjC_predicted,0.1,9,9,TGAGTGCATGGGCGATAGAG,0,5189367
yqjE_yqjK_yqjD_yqjC_predicted,0.1,9,9,TGAGGTCTACGCACGGACGG,0,5217908
yqjE_yqjK_yqjD_yqjC_predicted,0.1,9,9,TGAAAGCTCGCAGGGCCTCC,0,5233605
yqjE_yqjK_yqjD_yqjC_predicted,0.1,9,9,TGAAAAGGGATCTCGTGCCA,0,5179848
yqjE_yqjK_yqjD_yqjC_predicted,0.1,9,9,TCTTTTGTTAGTCACAGCGG,0,5194017
yqjE_yqjK_yqjD_yqjC_predicted,0.1,9,9,TCTTGATTGGGCGGGATACA,0,5212451
yqjE_yqjK_yqjD_yqjC_predicted,0.1,9,9,TCTTGAACAACCAGAGTGCC,0,5230570
yqjE_yqjK_yqjD_yqjC_predicted,0.1,9,9,TCTGTGCTCATCCCAATAAA,0,5192829
yqjE_yqjK_yqjD_yqjC_predicted,0.1,9,9,TCTGGTCCGCGCGACTCGGC,0,5253696
yqjE_yqjK_yqjD_yqjC_predicted,0.1,9,9,TCTGACTGGTGGAACATTGT,0,5242860
yqjE_yqjK_yqjD_yqjC_predicted,0.1,9,9,TCTAGCAGAGGCCAGAATAC,0,5193378
yqjE_yqjK_yqjD_yqjC_predicted,0.1,9,9,TCTACTTGAATTAACGTAAC,0,5192754
yqjE_yqjK_yqjD_yqjC_predicted,0.1,9,9,TCTACGGATCGCGCAGCAAA,0,5238673
yqjE_yqjK_yqjD_yqjC_predicted,0.1,9,9,TCGTTGGGTTATCGGAATTG,0,5185539
yqjE_yqjK_yqjD_yqjC_predicted,0.1,9,9,TCGTGGTCCTCACGGCAGGT,0,5180633
yqjE_yqjK_yqjD_yqjC_predicted,0.1,9,9,TCGTCTAATCCGGGGACTAC,0,5261364
yqjE_yqjK_yqjD_yqjC_predicted,0.1,9,9,TCGGCAAAGAGTGACCAGTT,0,5171761
yqjE_yqjK_yqjD_yqjC_predicted,0.1,9,9,TCGGAGCGATTCTTTGGGTA,0,5258082
yqjE_yqjK_yqjD_yqjC_predicted,0.1,9,9,TCGCTATACCAAACAGATAC,0,5180101
yqjE_yqjK_yqjD_yqjC_predicted,0.1,9,9,TCGCGTAGTACTGCAGTCGT,0,5258236
yqjE_yqjK_yqjD_yqjC_predicted,0.1,9,9,TCGCCAGTCTGAACATGGCA,0,5204682
yqjE_yqjK_yqjD_yqjC_predicted,0.1,9,9,TCCTCACGTGGGGGGTGAAC,0,5191096
yqjE_yqjK_yqjD_yqjC_predicted,0.1,9,9,TCCGACCGCCCCACGCGAGC,0,5212578
yqjE_yqjK_yqjD_yqjC_predicted,0.1,9,9,TCCCTTTAAGTGGGTTACTG,0,5229259
yqjE_yqjK_yqjD_yqjC_predicted,0.1,9,9,TCCCCTACGAGCCCACCGAC,0,5212001
yqjE_yqjK_yqjD_yqjC_predicted,0.1,9,9,TCCATGCGGAAGAAGGGGAA,0,5186502
yqjE_yqjK_yqjD_yqjC_predicted,0.1,9,9,TCCAGTGGGGACACTGCGAA,0,5233606
yqjE_yqjK_yqjD_yqjC_predicted,0.1,9,9,TCCACAGTCCCCTGAGGGCT,0,5180966
yqjE_yqjK_yqjD_yqjC_predicted,0.1,9,9,TCATTCGTCCGCAACTGTTG,0,5226615
yqjE_yqjK_yqjD_yqjC_predicted,0.1,9,9,TCATGCCATTGTGGTTATGG,0,5184400
yqjE_yqjK_yqjD_yqjC_predicted,0.1,9,9,TCAGTTGCAAGCCGAGTAAA,0,5201705
yqjE_yqjK_yqjD_yqjC_predicted,0.1,9,9,TCAGGGACTGCCTTGTTTAT,0,5187625
yqjE_yqjK_yqjD_yqjC_predicted,0.1,9,9,TCAGCCCGATATTTCTAGGG,0,5180542
yqjE_yqjK_yqjD_yqjC_predicted,0.1,9,9,TCACGCAAGTACATATATAC,0,5208134
yqjE_yqjK_yqjD_yqjC_predicted,0.1,9,9,TCAAGTCAGTGACACGATCA,0,5181638
yqjE_yqjK_yqjD_yqjC_predicted,0.1,9,9,TCAAGATTAAGCGTCTCTAC,0,5197462
yqjE_yqjK_yqjD_yqjC_predicted,0.1,9,9,TCAACGAGTATATCCGTTGT,0,5180625
yqjE_yqjK_yqjD_yqjC_predicted,0.1,9,9,TCAACCACGGCGGTACTCCC,0,5182261
yqjE_yqjK_yqjD_yqjC_predicted,0.1,9,9,TATGAACTTACGTTGCGTTA,0,5259764
yqjE_yqjK_yqjD_yqjC_predicted,0.1,9,9,TATCCCGAAACACGTAACTT,0,5200755
yqjE_yqjK_yqjD_yqjC_predicted,0.1,9,9,TATCATTGCTCCTAGCCGGA,0,5172185
yqjE_yqjK_yqjD_yqjC_predicted,0.1,9,9,TATAGTTTCGGAGTTACATC,0,5247095
yqjE_yqjK_yqjD_yqjC_predicted,0.1,9,9,TAGTTTGACGCAAATAGATT,0,5189233
yqjE_yqjK_yqjD_yqjC_predicted,0.1,9,9,TAGGGGTATATTCTGGGGTT,0,5204876
yqjE_yqjK_yqjD_yqjC_predicted,0.1,9,9,TAGGCTTTCCATTTTATCTG,0,5196989
yqjE_yqjK_yqjD_yqjC_predicted,0.1,9,9,TAGGCGACTACACTCAGTTC,0,5201007
yqjE_yqjK_yqjD_yqjC_predicted,0.1,9,9,TAGGCAGTGAGGTTTACGTG,0,5215839
yqjE_yqjK_yqjD_yqjC_predicted,0.1,9,9,TAGGACCGAGTTTCCGTATT,0,5227812
yqjE_yqjK_yqjD_yqjC_predicted,0.1,9,9,TAGCTCCACCAGCACTACGA,0,5230343
yqjE_yqjK_yqjD_yqjC_predicted,0.1,9,9,TAGCATCTCCTATTGTCATT,0,5236517
yqjE_yqjK_yqjD_yqjC_predicted,0.1,9,9,TAGATAATGGTCACTGAATC,0,5172211
yqjE_yqjK_yqjD_yqjC_predicted,0.1,9,9,TACGGGTTGGACCGCCACAG,0,5188952
yqjE_yqjK_yqjD_yqjC_predicted,0.1,9,9,TACGGGGTGTAAGTTTTCCG,0,5192407
yqjE_yqjK_yqjD_yqjC_predicted,0.1,9,9,TACGGCCTACGGCTTGTAGA,0,5211847
yqjE_yqjK_yqjD_yqjC_predicted,0.1,9,9,TACGCTGATTCATAATCCGG,0,5212079
yqjE_yqjK_yqjD_yqjC_predicted,0.1,9,9,TACCGGTGTGCCGTCTCTGG,0,5246086
yqjE_yqjK_yqjD_yqjC_predicted,0.1,9,9,TACCATGGCCGATCCTTAAG,0,5212320
yqjE_yqjK_yqjD_yqjC_predicted,0.1,9,9,TAATGGAACGGCGCAGCAAA,0,5246604
yqjE_yqjK_yqjD_yqjC_predicted,0.1,9,9,TAAGTACTCTGATCAGCCAG,0,5249959
yqjE_yqjK_yqjD_yqjC_predicted,0.1,9,9,TAAATTGTCGTGCCATCGCA,0,5183468
yqjE_yqjK_yqjD_yqjC_predicted,0.1,9,9,TAAATGTCGGTCTAGCGAGC,0,5202141
yqjE_yqjK_yqjD_yqjC_predicted,0.1,9,9,TAAACCGGAACTTTCTGCCG,0,5177339
yqjE_yqjK_yqjD_yqjC_predicted,0.1,9,9,GTTTTGGCTACTGCGTTGTT,0,5251491
yqjE_yqjK_yqjD_yqjC_predicted,0.1,9,9,GTTTTCCGCCGTGAAGTGGC,0,5195881
yqjE_yqjK_yqjD_yqjC_predicted,0.1,9,9,GTTTCATACCTACTCAACAG,0,5228895
yqjE_yqjK_yqjD_yqjC_predicted,0.1,9,9,GTTTAGCTAAAAGGGTGGCT,0,5228192
yqjE_yqjK_yqjD_yqjC_predicted,0.1,9,9,GTTGCAGCCGGCCACTGTGT,0,5186058
yqjE_yqjK_yqjD_yqjC_predicted,0.1,9,9,GTTGATTACCTCTCCACCAA,0,5203139
yqjE_yqjK_yqjD_yqjC_predicted,0.1,9,9,GTTCTGGCCGGCATCAGTTT,0,5196318
yqjE_yqjK_yqjD_yqjC_predicted,0.1,9,9,GTTCTCTCGTTCGTAAATCT,0,5250111
yqjE_yqjK_yqjD_yqjC_predicted,0.1,9,9,GTTCTAAATGTGAACTTACC,0,5245368
yqjE_yqjK_yqjD_yqjC_predicted,0.1,9,9,GTTATGGTAATCGCAGCGAA,0,5204670
yqjE_yqjK_yqjD_yqjC_predicted,0.1,9,9,GTTATATTAGGATTTGAGTA,0,5223764
yqjE_yqjK_yqjD_yqjC_predicted,0.1,9,9,GTTAGGGTCTCGCAATACGT,0,5192735
yqjE_yqjK_yqjD_yqjC_predicted,0.1,9,9,GTTAGGCAATGCAGGTATGG,0,5241727
yqjE_yqjK_yqjD_yqjC_predicted,0.1,9,9,GTTAGCCGACATGGTCATAG,0,5196385
yqjE_yqjK_yqjD_yqjC_predicted,0.1,9,9,GTTAATGGTCGCAGTTTGGT,0,5187462
yqjE_yqjK_yqjD_yqjC_predicted,0.1,9,9,GTTAATAGCACCGGGGCACA,0,5181264
yqjE_yqjK_yqjD_yqjC_predicted,0.1,9,9,GTGTTCGTACGTGTTTAGCA,0,5255289
yqjE_yqjK_yqjD_yqjC_predicted,0.1,9,9,GTGTCCGTTCATGGGTAGGT,0,5179515
yqjE_yqjK_yqjD_yqjC_predicted,0.1,9,9,GTGGGCCGGCTAGTGTTCGT,0,5237664
yqjE_yqjK_yqjD_yqjC_predicted,0.1,9,9,GTGGCATTATCATGCATCGT,0,5246858
yqjE_yqjK_yqjD_yqjC_predicted,0.1,9,9,GTGCCCTGTGAGCTCAAATT,0,5259710
yqjE_yqjK_yqjD_yqjC_predicted,0.1,9,9,GTGACAGGGTTCCTCAAGAC,0,5206904
yqjE_yqjK_yqjD_yqjC_predicted,0.1,9,9,GTGACAATCTCCAGGCGAAG,0,5260639
yqjE_yqjK_yqjD_yqjC_predicted,0.1,9,9,GTCTGCGACTGGTTCCAAGT,0,5202155
yqjE_yqjK_yqjD_yqjC_predicted,0.1,9,9,GTCTGACCGAGTTCTATCCG,0,5210314
yqjE_yqjK_yqjD_yqjC_predicted,0.1,9,9,GTCGAACACGCGAGCTTGTG,0,5210186
yqjE_yqjK_yqjD_yqjC_predicted,0.1,9,9,GTCAGTTACAAGGGATATTC,0,5244870
yqjE_yqjK_yqjD_yqjC_predicted,0.1,9,9,GTCAGGCGGGGGCCAGAAGG,0,5212614
yqjE_yqjK_yqjD_yqjC_predicted,0.1,9,9,GTCACCAGTTAGCTTGCTTG,0,5235629
yqjE_yqjK_yqjD_yqjC_predicted,0.1,9,9,GTCACACCCCGGATCTTCCC,0,5222628
yqjE_yqjK_yqjD_yqjC_predicted,0.1,9,9,GTCAAACCTTGAAGGTTCGC,0,5233701
yqjE_yqjK_yqjD_yqjC_predicted,0.1,9,9,GTAAGTAGAGCTAACTGCTG,0,5206066
yqjE_yqjK_yqjD_yqjC_predicted,0.1,9,9,GTAAAAGGAGAATAGGCTGT,0,5171730
yqjE_yqjK_yqjD_yqjC_predicted,0.1,9,9,GGTTACAACGATCACCGGGT,0,5213415
yqjE_yqjK_yqjD_yqjC_predicted,0.1,9,9,GGTGGGCCGTGACGTTTGCT,0,5198495
yqjE_yqjK_yqjD_yqjC_predicted,0.1,9,9,GGTGACCTCAATTCGAATAA,0,5244258
yqjE_yqjK_yqjD_yqjC_predicted,0.1,9,9,GGTCGATAAAATTCCAGTGG,0,5213064
yqjE_yqjK_yqjD_yqjC_predicted,0.1,9,9,GGTCCGGTCACGCATTTCGT,0,5191639
yqjE_yqjK_yqjD_yqjC_predicted,0.1,9,9,GGTCATCGGGGGACTCTAGA,0,5226433
yqjE_yqjK_yqjD_yqjC_predicted,0.1,9,9,GGTAGGTTGCTGGTCTAGGT,0,5236830
yqjE_yqjK_yqjD_yqjC_predicted,0.1,9,9,GGTAGAACCACAGTTAAATT,0,5212062
yqjE_yqjK_yqjD_yqjC_predicted,0.1,9,9,GGGTGGTACGCTGGCGTGGT,0,5246489
yqjE_yqjK_yqjD_yqjC_predicted,0.1,9,9,GGGTCGCGATGTAAGACGGC,0,5171787
yqjE_yqjK_yqjD_yqjC_predicted,0.1,9,9,GGGTCAGTCGTTCGAACATA,0,5214659
yqjE_yqjK_yqjD_yqjC_predicted,0.1,9,9,GGGTAATCGACGGCATTTAG,0,5225609
yqjE_yqjK_yqjD_yqjC_predicted,0.1,9,9,GGGGGTGAGTTGTCCAACGA,0,5245810
yqjE_yqjK_yqjD_yqjC_predicted,0.1,9,9,GGGGGCATATAATTGAGCGC,0,5233497
yqjE_yqjK_yqjD_yqjC_predicted,0.1,9,9,GGGGCATATGGTAAGGGTGG,0,5232090
yqjE_yqjK_yqjD_yqjC_predicted,0.1,9,9,GGGCGAAGCAGGTTAAAATT,0,5208920
yqjE_yqjK_yqjD_yqjC_predicted,0.1,9,9,GGCTTGCGGATGGAAGATGA,0,5213738
yqjE_yqjK_yqjD_yqjC_predicted,0.1,9,9,GGCTTAGGCAGTTTTTGGTA,0,5173023
yqjE_yqjK_yqjD_yqjC_predicted,0.1,9,9,GGCGCTGAAGACCGTCGTTC,0,5183079
yqjE_yqjK_yqjD_yqjC_predicted,0.1,9,9,GGCGCGACACATGAATGTAC,0,5176987
yqjE_yqjK_yqjD_yqjC_predicted,0.1,9,9,GGCGCCTCGTCCGGATCTCA,0,5262206
yqjE_yqjK_yqjD_yqjC_predicted,0.1,9,9,GGCGCCCTATACGCCGCGAC,0,5220046
yqjE_yqjK_yqjD_yqjC_predicted,0.1,9,9,GGCCCGGGTTGGGTACCAAA,0,5244536
yqjE_yqjK_yqjD_yqjC_predicted,0.1,9,9,GGCCCCTCTGTACAAACCAT,0,5195090
yqjE_yqjK_yqjD_yqjC_predicted,0.1,9,9,GGCCAATAGAAGATCCGTAA,0,5219276
yqjE_yqjK_yqjD_yqjC_predicted,0.1,9,9,GGATTATGTAACGTGTGTGA,0,5238956
yqjE_yqjK_yqjD_yqjC_predicted,0.1,9,9,GGATGCGGAACGGCTCGGAT,0,5202029
yqjE_yqjK_yqjD_yqjC_predicted,0.1,9,9,GGATAGTGTGCTATATGCCA,0,5205032
yqjE_yqjK_yqjD_yqjC_predicted,0.1,9,9,GGAGTGAAAAGGATTCTTTA,0,5203153
yqjE_yqjK_yqjD_yqjC_predicted,0.1,9,9,GGAGTAAGAACGTTTACGGA,0,5233266
yqjE_yqjK_yqjD_yqjC_predicted,0.1,9,9,GGACCCATGGAGCACTCTTA,0,5244882
yqjE_yqjK_yqjD_yqjC_predicted,0.1,9,9,GGACATGTGGCCAGTAACGT,0,5229705
yqjE_yqjK_yqjD_yqjC_predicted,0.1,9,9,GGAAGGTCTGGGGGGAATTC,0,5226464
yqjE_yqjK_yqjD_yqjC_predicted,0.1,9,9,GGAAACGTCGTCTGGAACTA,0,5193708
yqjE_yqjK_yqjD_yqjC_predicted,0.1,9,9,GCTGTAATCGACGGAATCAC,0,5253165
yqjE_yqjK_yqjD_yqjC_predicted,0.1,9,9,GCTGGATGAGGGGTCGAAAC,0,5188227
yqjE_yqjK_yqjD_yqjC_predicted,0.1,9,9,GCTGGAGCGTAAACAGGATG,0,5204441
yqjE_yqjK_yqjD_yqjC_predicted,0.1,9,9,GCTGGAGAGGCAATGTTTAG,0,5221136
yqjE_yqjK_yqjD_yqjC_predicted,0.1,9,9,GCTCGATTGAGCAATTTTGA,0,5179034
yqjE_yqjK_yqjD_yqjC_predicted,0.1,9,9,GCTATGATATGGGAGGGTCT,0,5210418
yqjE_yqjK_yqjD_yqjC_predicted,0.1,9,9,GCTACGTCAAGGGCGGACGA,0,5192624
yqjE_yqjK_yqjD_yqjC_predicted,0.1,9,9,GCTACATAGCAGAAACCGTC,0,5209832
yqjE_yqjK_yqjD_yqjC_predicted,0.1,9,9,GCTAAAGGGGTGCGTCAAGG,0,5247968
yqjE_yqjK_yqjD_yqjC_predicted,0.1,9,9,GCGTCGTGGTGGTGAGAGGA,0,5234728
yqjE_yqjK_yqjD_yqjC_predicted,0.1,9,9,GCGGCCCGCGGAGGTCAGTC,0,5199022
yqjE_yqjK_yqjD_yqjC_predicted,0.1,9,9,GCGCCTATATTCAGACACGG,0,5253273
yqjE_yqjK_yqjD_yqjC_predicted,0.1,9,9,GCGCAGAAAATGTTCGGGGA,0,5253496
yqjE_yqjK_yqjD_yqjC_predicted,0.1,9,9,GCGATGAGACGTTATGGCTA,0,5253436
yqjE_yqjK_yqjD_yqjC_predicted,0.1,9,9,GCGATCCACAGCCCTCAGCA,0,5203009
yqjE_yqjK_yqjD_yqjC_predicted,0.1,9,9,GCGACGTGGCCGGCTCTTCA,0,5171631
yqjE_yqjK_yqjD_yqjC_predicted,0.1,9,9,GCCTCTATAGCTGGATCCGA,0,5181185
yqjE_yqjK_yqjD_yqjC_predicted,0.1,9,9,GCCTCGTTTAACATTATCAT,0,5262395
yqjE_yqjK_yqjD_yqjC_predicted,0.1,9,9,GCCGTGGACAACAAAATCAA,0,5171918
yqjE_yqjK_yqjD_yqjC_predicted,0.1,9,9,GCCGGCAGGTAGGTAATGTC,0,5248243
yqjE_yqjK_yqjD_yqjC_predicted,0.1,9,9,GCCGAGGGGATCTTGGAGTT,0,5177091
yqjE_yqjK_yqjD_yqjC_predicted,0.1,9,9,GCCCGGTGCAAAGGCATAAC,0,5217473
yqjE_yqjK_yqjD_yqjC_predicted,0.1,9,9,GCCCGCTCTACTTGCCAGGT,0,5211003
yqjE_yqjK_yqjD_yqjC_predicted,0.1,9,9,GCCATAAGTCCTTGGGGTCA,0,5178892
yqjE_yqjK_yqjD_yqjC_predicted,0.1,9,9,GCCACTGATTTCTGAAGGAC,0,5176450
yqjE_yqjK_yqjD_yqjC_predicted,0.1,9,9,GCCACGGGGGTCTTCGTCCA,0,5225372
yqjE_yqjK_yqjD_yqjC_predicted,0.1,9,9,GCATGGATTTGTACACACTA,0,5209007
yqjE_yqjK_yqjD_yqjC_predicted,0.1,9,9,GCAGCTCTTTACTTCAAATG,0,5200424
yqjE_yqjK_yqjD_yqjC_predicted,0.1,9,9,GCAATTAGGGTTTCACCTTG,0,5186965
yqjE_yqjK_yqjD_yqjC_predicted,0.1,9,9,GCAATGATCTTGCCTATACT,0,5244476
yqjE_yqjK_yqjD_yqjC_predicted,0.1,9,9,GCAATGAAATAGGTGGACCC,0,5181512
yqjE_yqjK_yqjD_yqjC_predicted,0.1,9,9,GCAATCAGTTGGGCCAATGA,0,5243738
yqjE_yqjK_yqjD_yqjC_predicted,0.1,9,9,GCAACCTAGGGGCTGCTGTA,0,5213342
yqjE_yqjK_yqjD_yqjC_predicted,0.1,9,9,GATTGTCCGTATCAATCACG,0,5213677
yqjE_yqjK_yqjD_yqjC_predicted,0.1,9,9,GATTGGCGTATCTTGTTAGG,0,5184715
yqjE_yqjK_yqjD_yqjC_predicted,0.1,9,9,GATGTAGATCATGACTACGA,0,5181855
yqjE_yqjK_yqjD_yqjC_predicted,0.1,9,9,GATGCGACGTCTTCTTGTTA,0,5186971
yqjE_yqjK_yqjD_yqjC_predicted,0.1,9,9,GATGAGAAGGAAATGCGAGA,0,5252957
yqjE_yqjK_yqjD_yqjC_predicted,0.1,9,9,GATATGATTTTTTTTCTAAC,0,5206864
yqjE_yqjK_yqjD_yqjC_predicted,0.1,9,9,GATAGTGGTGCAGGGTTGAG,0,5204580
yqjE_yqjK_yqjD_yqjC_predicted,0.1,9,9,GATAGCGTGACGGGCTGGTG,0,5205508
yqjE_yqjK_yqjD_yqjC_predicted,0.1,9,9,GAGTTAAGAACGCGATTCAG,0,5247908
yqjE_yqjK_yqjD_yqjC_predicted,0.1,9,9,GAGTGAATAAATCCTGGCTG,0,5245060
yqjE_yqjK_yqjD_yqjC_predicted,0.1,9,9,GAGTCCGAGGCGCGCCCTCG,0,5176554
yqjE_yqjK_yqjD_yqjC_predicted,0.1,9,9,GAGGTTCGTAGAGATCTCGG,0,5174009
yqjE_yqjK_yqjD_yqjC_predicted,0.1,9,9,GAGGGTCATTTAACCGGGGT,0,5172929
yqjE_yqjK_yqjD_yqjC_predicted,0.1,9,9,GAGCTTTATCGCACCATTGT,0,5253549
yqjE_yqjK_yqjD_yqjC_predicted,0.1,9,9,GAGATGTACACTGGGTTGGG,0,5221322
yqjE_yqjK_yqjD_yqjC_predicted,0.1,9,9,GAGACAATCAAGTGATTATT,0,5230021
yqjE_yqjK_yqjD_yqjC_predicted,0.1,9,9,GACGTCCCCGTGGTACTACT,0,5238901
yqjE_yqjK_yqjD_yqjC_predicted,0.1,9,9,GACGCACTAGACACCCGATC,0,5191349
yqjE_yqjK_yqjD_yqjC_predicted,0.1,9,9,GACCCTTGTGAAAGTCAAAT,0,5206997
yqjE_yqjK_yqjD_yqjC_predicted,0.1,9,9,GACCCGTAGCATAAAGTGTC,0,5239609
yqjE_yqjK_yqjD_yqjC_predicted,0.1,9,9,GACCACGCCTCTGTAAACAT,0,5219786
yqjE_yqjK_yqjD_yqjC_predicted,0.1,9,9,GACATGGAGGGGGTGGAGAT,0,5219043
yqjE_yqjK_yqjD_yqjC_predicted,0.1,9,9,GACAGAGTGTCGAGCTGTAC,0,5245061
yqjE_yqjK_yqjD_yqjC_predicted,0.1,9,9,GAATTGTGCCCACTACCCTG,0,5229632
yqjE_yqjK_yqjD_yqjC_predicted,0.1,9,9,GAATCATTTCCTGAGTAATG,0,5252672
yqjE_yqjK_yqjD_yqjC_predicted,0.1,9,9,GAAGTAACCACTGCCAGTGG,0,5250217
yqjE_yqjK_yqjD_yqjC_predicted,0.1,9,9,GAAGAATGGAATATTAGAAT,0,5244643
yqjE_yqjK_yqjD_yqjC_predicted,0.1,9,9,GAACCCCCTAGAGAAGAGTA,0,5201944
yqjE_yqjK_yqjD_yqjC_predicted,0.1,9,9,GAAATTACCCGGATGTTCAA,0,5228955
yqjE_yqjK_yqjD_yqjC_predicted,0.1,9,9,GAAATGTAAAGAGCGTTGTT,0,5197510
yqjE_yqjK_yqjD_yqjC_predicted,0.1,9,9,GAAAGTGCCCCGCCGACCGG,0,5239817
yqjE_yqjK_yqjD_yqjC_predicted,0.1,9,9,GAAACAGGAGGACTTTAACC,0,5200165
yqjE_yqjK_yqjD_yqjC_predicted,0.1,9,9,CTTTTAGTCTCGTGGAGGAC,0,5249004
yqjE_yqjK_yqjD_yqjC_predicted,0.1,9,9,CTTTCGAAAATGAAGAGATA,0,5213426
yqjE_yqjK_yqjD_yqjC_predicted,0.1,9,9,CTTGGTCTCATCCGCGAATG,0,5252943
yqjE_yqjK_yqjD_yqjC_predicted,0.1,9,9,CTTGGTCGGCGTCGCGTGCG,0,5177348
yqjE_yqjK_yqjD_yqjC_predicted,0.1,9,9,CTTGACACATCCTTAGGAGT,0,5184125
yqjE_yqjK_yqjD_yqjC_predicted,0.1,9,9,CTTCTTTGCTTTAGCGGGTA,0,5236362
yqjE_yqjK_yqjD_yqjC_predicted,0.1,9,9,CTTCTACGCACGTGTTCGAT,0,5259198
yqjE_yqjK_yqjD_yqjC_predicted,0.1,9,9,CTTCGTGACTCCCGGTGCTG,0,5237837
yqjE_yqjK_yqjD_yqjC_predicted,0.1,9,9,CTTCGCAGTACTTGGCTCGC,0,5189713
yqjE_yqjK_yqjD_yqjC_predicted,0.1,9,9,CTTCCTGAAGCTTTTGGATT,0,5244852
yqjE_yqjK_yqjD_yqjC_predicted,0.1,9,9,CTTCATATATCTTAATGGTA,0,5234022
yqjE_yqjK_yqjD_yqjC_predicted,0.1,9,9,CTTATTTTATTAGCTCGAAT,0,5203873
yqjE_yqjK_yqjD_yqjC_predicted,0.1,9,9,CTTAACGCATGCTGTTCCCT,0,5211338
yqjE_yqjK_yqjD_yqjC_predicted,0.1,9,9,CTGTTGATTGAATTAACTGA,0,5214860
yqjE_yqjK_yqjD_yqjC_predicted,0.1,9,9,CTGTCGTAAAGGTTCTTACA,0,5171049
yqjE_yqjK_yqjD_yqjC_predicted,0.1,9,9,CTGGTGCTTTAGTCACATAA,0,5219538
yqjE_yqjK_yqjD_yqjC_predicted,0.1,9,9,CTGGGTTTGCCTGACGGAAT,0,5236458
yqjE_yqjK_yqjD_yqjC_predicted,0.1,9,9,CTGGATTAGAAGGAAGGGGG,0,5195885
yqjE_yqjK_yqjD_yqjC_predicted,0.1,9,9,CTGCGCCCCAGAAGGAGCCA,0,5184062
yqjE_yqjK_yqjD_yqjC_predicted,0.1,9,9,CTGCAATACCTACATTCGGT,0,5228961
yqjE_yqjK_yqjD_yqjC_predicted,0.1,9,9,CTGATTAACGACGTCAGACC,0,5201071
yqjE_yqjK_yqjD_yqjC_predicted,0.1,9,9,CTGATACTGGAGGTAGTGGA,0,5212819
yqjE_yqjK_yqjD_yqjC_predicted,0.1,9,9,CTCGGGTCTTCATAATTGTA,0,5239145
yqjE_yqjK_yqjD_yqjC_predicted,0.1,9,9,CTCGGACCCTATATCCCTGG,0,5176563
yqjE_yqjK_yqjD_yqjC_predicted,0.1,9,9,CTCGACGGATGATTTGCTAG,0,5187957
yqjE_yqjK_yqjD_yqjC_predicted,0.1,9,9,CTCGACCTCGAGGACTGTAG,0,5195890
yqjE_yqjK_yqjD_yqjC_predicted,0.1,9,9,CTCCACAGAGACAAAGGTCA,0,5173025
yqjE_yqjK_yqjD_yqjC_predicted,0.1,9,9,CTCAGACATGCTACGATATA,0,5242647
yqjE_yqjK_yqjD_yqjC_predicted,0.1,9,9,CTCAGACACTTTAAGATGAC,0,5206062
yqjE_yqjK_yqjD_yqjC_predicted,0.1,9,9,CTCACCGCGCATCTCCCATT,0,5203759
yqjE_yqjK_yqjD_yqjC_predicted,0.1,9,9,CTCAAAAATCAGACCTTACC,0,5241677
yqjE_yqjK_yqjD_yqjC_predicted,0.1,9,9,CTATTTTTGCAGTAAAATAT,0,5199529
yqjE_yqjK_yqjD_yqjC_predicted,0.1,9,9,CTATGTTCTTCGACACACCC,0,5209411
yqjE_yqjK_yqjD_yqjC_predicted,0.1,9,9,CTATGATGACGGGGTTGTCA,0,5258652
yqjE_yqjK_yqjD_yqjC_predicted,0.1,9,9,CTATACTGCCAAAGATTACA,0,5252960
yqjE_yqjK_yqjD_yqjC_predicted,0.1,9,9,CTAGCATGTTCCGCCAGGCA,0,5202810
yqjE_yqjK_yqjD_yqjC_predicted,0.1,9,9,CTAGACCGGACATGCTCTGC,0,5232111
yqjE_yqjK_yqjD_yqjC_predicted,0.1,9,9,CTACTCGTTCCGCTGCCCAA,0,5231779
yqjE_yqjK_yqjD_yqjC_predicted,0.1,9,9,CTAAATAATCCTAGCTCCAT,0,5255036
yqjE_yqjK_yqjD_yqjC_predicted,0.1,9,9,CGTTGAGAATTCCTCGTCGG,0,5258210
yqjE_yqjK_yqjD_yqjC_predicted,0.1,9,9,CGTGGGTATCATTTCCCTGT,0,5203634
yqjE_yqjK_yqjD_yqjC_predicted,0.1,9,9,CGTGCCGCCAACTAACAACG,0,5217274
yqjE_yqjK_yqjD_yqjC_predicted,0.1,9,9,CGTCGTATAGGCTTCAGACA,0,5213203
yqjE_yqjK_yqjD_yqjC_predicted,0.1,9,9,CGTCATACAGCAGAGACTTC,0,5233083
yqjE_yqjK_yqjD_yqjC_predicted,0.1,9,9,CGTCATAAAGATCGGCGGTT,0,5259611
yqjE_yqjK_yqjD_yqjC_predicted,0.1,9,9,CGTAGCTGATAGTGCAAGCA,0,5214197
yqjE_yqjK_yqjD_yqjC_predicted,0.1,9,9,CGTAACCCGCAAAGTATTAT,0,5201606
yqjE_yqjK_yqjD_yqjC_predicted,0.1,9,9,CGGTAGTTGCGGGATGAATC,0,5238770
yqjE_yqjK_yqjD_yqjC_predicted,0.1,9,9,CGGTAGACGTTGCCTCGCTG,0,5214400
yqjE_yqjK_yqjD_yqjC_predicted,0.1,9,9,CGGTAAGTGGTTTTGCAGGG,0,5232853
yqjE_yqjK_yqjD_yqjC_predicted,0.1,9,9,CGGCGCATGTTGGCTGCTTA,0,5230471
yqjE_yqjK_yqjD_yqjC_predicted,0.1,9,9,CGGATGTTCACCCCTCCAGC,0,5230294
yqjE_yqjK_yqjD_yqjC_predicted,0.1,9,9,CGGACTTCGATTTTGGCGCT,0,5242172
yqjE_yqjK_yqjD_yqjC_predicted,0.1,9,9,CGGACTCAAGCCCGGTTTAA,0,5204105
yqjE_yqjK_yqjD_yqjC_predicted,0.1,9,9,CGCTTGTGGACAAAATACTC,0,5182089
yqjE_yqjK_yqjD_yqjC_predicted,0.1,9,9,CGCGGACACGAAGGTGCCAT,0,5220719
yqjE_yqjK_yqjD_yqjC_predicted,0.1,9,9,CGCGCACTCAGCTAAAGTGG,0,5236403
yqjE_yqjK_yqjD_yqjC_predicted,0.1,9,9,CGCGATGCTTTGATACCAAT,0,5238776
yqjE_yqjK_yqjD_yqjC_predicted,0.1,9,9,CGCCTCGGCTCACCACGTTC,0,5214272
yqjE_yqjK_yqjD_yqjC_predicted,0.1,9,9,CGCCCATTCGCAATGGAATG,0,5171674
yqjE_yqjK_yqjD_yqjC_predicted,0.1,9,9,CGCCACATAACGTTAAAATT,0,5191751
yqjE_yqjK_yqjD_yqjC_predicted,0.1,9,9,CGATTTCCGCTCGTAAAACA,0,5188467
yqjE_yqjK_yqjD_yqjC_predicted,0.1,9,9,CGATTCGGCTCTAATAAAAT,0,5260419
yqjE_yqjK_yqjD_yqjC_predicted,0.1,9,9,CGATGCTTACCGTAACTTCA,0,5254691
yqjE_yqjK_yqjD_yqjC_predicted,0.1,9,9,CGAGTGCACAGGAGCGGTTA,0,5209069
yqjE_yqjK_yqjD_yqjC_predicted,0.1,9,9,CGAGTCGAGTTATTCCGGCA,0,5253243
yqjE_yqjK_yqjD_yqjC_predicted,0.1,9,9,CGAGGGAAAGGTGTCTGCTC,0,5235950
yqjE_yqjK_yqjD_yqjC_predicted,0.1,9,9,CGACTGCATTTTCCGTGACT,0,5214846
yqjE_yqjK_yqjD_yqjC_predicted,0.1,9,9,CGACACTCTCGTAGTGTCCT,0,5255247
yqjE_yqjK_yqjD_yqjC_predicted,0.1,9,9,CCTTGTGGGGCAAGGACTAT,0,5198957
yqjE_yqjK_yqjD_yqjC_predicted,0.1,9,9,CCTTGGCACTACTGGGTAAT,0,5256850
yqjE_yqjK_yqjD_yqjC_predicted,0.1,9,9,CCTTGCGCCTGGTCGAGGAA,0,5192012
yqjE_yqjK_yqjD_yqjC_predicted,0.1,9,9,CCTTGCCCGAGATAGTATCA,0,5171280
yqjE_yqjK_yqjD_yqjC_predicted,0.1,9,9,CCTGGCCGGGCGACGAATGC,0,5174925
yqjE_yqjK_yqjD_yqjC_predicted,0.1,9,9,CCTGAGTTCCGTTCCCAGTA,0,5195741
yqjE_yqjK_yqjD_yqjC_predicted,0.1,9,9,CCTATTTTGCCATAGTTCAA,0,5208624
yqjE_yqjK_yqjD_yqjC_predicted,0.1,9,9,CCTACGTGGGAAGTCCAAGC,0,5227256
yqjE_yqjK_yqjD_yqjC_predicted,0.1,9,9,CCTACAGTATCAGAGTGAGA,0,5251494
yqjE_yqjK_yqjD_yqjC_predicted,0.1,9,9,CCTAAGGCGAGACGTACGTC,0,5210814
yqjE_yqjK_yqjD_yqjC_predicted,0.1,9,9,CCTAACGCAGCTGTTGCTGA,0,5252018
yqjE_yqjK_yqjD_yqjC_predicted,0.1,9,9,CCGTTTATTGCCAATTATAT,0,5213624
yqjE_yqjK_yqjD_yqjC_predicted,0.1,9,9,CCGTTCGCTTAATCAATTTC,0,5255286
yqjE_yqjK_yqjD_yqjC_predicted,0.1,9,9,CCGGAACCTCAAGTAAGCAA,0,5262892
yqjE_yqjK_yqjD_yqjC_predicted,0.1,9,9,CCGCGCGCGCGCCTTTTTCT,0,5259082
yqjE_yqjK_yqjD_yqjC_predicted,0.1,9,9,CCGCATCTGACTAATTTTGT,0,5238528
yqjE_yqjK_yqjD_yqjC_predicted,0.1,9,9,CCGCAAGACTTAAATTAACT,0,5202140
yqjE_yqjK_yqjD_yqjC_predicted,0.1,9,9,CCCTTATCAGCCTTCTGAAA,0,5201238
yqjE_yqjK_yqjD_yqjC_predicted,0.1,9,9,CCCTATGGATAGGCGGTCCT,0,5230126
yqjE_yqjK_yqjD_yqjC_predicted,0.1,9,9,CCCTAGCCGAGTGGCCATCA,0,5254060
yqjE_yqjK_yqjD_yqjC_predicted,0.1,9,9,CCCGCACCGCGGGAACCGCA,0,5181909
yqjE_yqjK_yqjD_yqjC_predicted,0.1,9,9,CCCCATAGATAACTATCAGC,0,5228427
yqjE_yqjK_yqjD_yqjC_predicted,0.1,9,9,CCCATGCACAGCGTGAGTAA,0,5177699
yqjE_yqjK_yqjD_yqjC_predicted,0.1,9,9,CCCATGCAAGGCGGATCAGT,0,5209617
yqjE_yqjK_yqjD_yqjC_predicted,0.1,9,9,CCCACCTGCTAACAGCCGTA,0,5177154
yqjE_yqjK_yqjD_yqjC_predicted,0.1,9,9,CCCAAGATGAGACCCGGGGA,0,5230439
yqjE_yqjK_yqjD_yqjC_predicted,0.1,9,9,CCATTTCTGGTAGGGAGATT,0,5201105
yqjE_yqjK_yqjD_yqjC_predicted,0.1,9,9,CCATTGAAAAACTGGAATTA,0,5197179
yqjE_yqjK_yqjD_yqjC_predicted,0.1,9,9,CCAGCTGACGTAAGTACCTG,0,5225837
yqjE_yqjK_yqjD_yqjC_predicted,0.1,9,9,CCAGCATCCGGATCTTCTAA,0,5239045
yqjE_yqjK_yqjD_yqjC_predicted,0.1,9,9,CCAAGGGTGTGACAGGCCGG,0,5191434
yqjE_yqjK_yqjD_yqjC_predicted,0.1,9,9,CCAAGACGGTTTAAGAGGGG,0,5173752
yqjE_yqjK_yqjD_yqjC_predicted,0.1,9,9,CCAAATAGGCATGACCGGGA,0,5261420
yqjE_yqjK_yqjD_yqjC_predicted,0.1,9,9,CATTTGTCTTATCACGTTAC,0,5176980
yqjE_yqjK_yqjD_yqjC_predicted,0.1,9,9,CATTCCGCACCTGGTGAGAT,0,5195411
yqjE_yqjK_yqjD_yqjC_predicted,0.1,9,9,CATCGACAGGCATCGGTGTA,0,5176811
yqjE_yqjK_yqjD_yqjC_predicted,0.1,9,9,CATCCTCGTTCGGATAGAGA,0,5260843
yqjE_yqjK_yqjD_yqjC_predicted,0.1,9,9,CATCAGATATATAGAGAGGG,0,5177515
yqjE_yqjK_yqjD_yqjC_predicted,0.1,9,9,CATATACTCCAGCCACTAGA,0,5255475
yqjE_yqjK_yqjD_yqjC_predicted,0.1,9,9,CAGTTGCGTTGGTTACCTTG,0,5254800
yqjE_yqjK_yqjD_yqjC_predicted,0.1,9,9,CAGTGGGGATATGACCCACC,0,5226184
yqjE_yqjK_yqjD_yqjC_predicted,0.1,9,9,CAGGTAATGTGACGTATGGG,0,5230646
yqjE_yqjK_yqjD_yqjC_predicted,0.1,9,9,CAGGAAATTGCTGGTACGTC,0,5191447
yqjE_yqjK_yqjD_yqjC_predicted,0.1,9,9,CAGCCCTAATCTGGGGGAAT,0,5227433
yqjE_yqjK_yqjD_yqjC_predicted,0.1,9,9,CAGCAATGGCCTGAGGTCTA,0,5192670
yqjE_yqjK_yqjD_yqjC_predicted,0.1,9,9,CAGAAATCGCATCTAAGATT,0,5250528
yqjE_yqjK_yqjD_yqjC_predicted,0.1,9,9,CACTTCTTTGTGTAAGTTCC,0,5249814
yqjE_yqjK_yqjD_yqjC_predicted,0.1,9,9,CACTATTACTGTACAATGGG,0,5214793
yqjE_yqjK_yqjD_yqjC_predicted,0.1,9,9,CACGCTAGTAGGGTAGAAAG,0,5257392
yqjE_yqjK_yqjD_yqjC_predicted,0.1,9,9,CACCTGTGCGCTGACCGATG,0,5190470
yqjE_yqjK_yqjD_yqjC_predicted,0.1,9,9,CACCTCAAATCGGGTGGATT,0,5180639
yqjE_yqjK_yqjD_yqjC_predicted,0.1,9,9,CACCGTGCTTGGTCCAACAG,0,5185465
yqjE_yqjK_yqjD_yqjC_predicted,0.1,9,9,CACCGAGGAAACAGGTAATA,0,5225755
yqjE_yqjK_yqjD_yqjC_predicted,0.1,9,9,CACAGTGGTTTGATAGGAGT,0,5207068
yqjE_yqjK_yqjD_yqjC_predicted,0.1,9,9,CACAGATTCACCACATGGTT,0,5250941
yqjE_yqjK_yqjD_yqjC_predicted,0.1,9,9,CAAGGGCCATATGCGGATAT,0,5242715
yqjE_yqjK_yqjD_yqjC_predicted,0.1,9,9,CAACTTGCTTGCGTCAGACT,0,5225189
yqjE_yqjK_yqjD_yqjC_predicted,0.1,9,9,CAACTCGTTAGATTTAAGTT,0,5197927
yqjE_yqjK_yqjD_yqjC_predicted,0.1,9,9,CAACAAGGGGGGGCCCTGGC,0,5225336
yqjE_yqjK_yqjD_yqjC_predicted,0.1,9,9,ATTTTAGCCAGAGATGTAAT,0,5180247
yqjE_yqjK_yqjD_yqjC_predicted,0.1,9,9,ATTTGTTATTTTGGGGGGGT,0,5261664
yqjE_yqjK_yqjD_yqjC_predicted,0.1,9,9,ATTTAGTTCTAGGTGATACG,0,5257709
yqjE_yqjK_yqjD_yqjC_predicted,0.1,9,9,ATTGTTTTACGAGTCAAAAG,0,5229564
yqjE_yqjK_yqjD_yqjC_predicted,0.1,9,9,ATTGTAGAGGCCTCTAGCTT,0,5258953
yqjE_yqjK_yqjD_yqjC_predicted,0.1,9,9,ATTGGCCACGAATTCAAGGA,0,5231937
yqjE_yqjK_yqjD_yqjC_predicted,0.1,9,9,ATTCCCGTTCGGATTATTGG,0,5225795
yqjE_yqjK_yqjD_yqjC_predicted,0.1,9,9,ATTCATTTCGCCACGGCGTA,0,5196987
yqjE_yqjK_yqjD_yqjC_predicted,0.1,9,9,ATTCAGGTCGTACATCCATG,0,5176916
yqjE_yqjK_yqjD_yqjC_predicted,0.1,9,9,ATTCACTGACACCTATTTTT,0,5218543
yqjE_yqjK_yqjD_yqjC_predicted,0.1,9,9,ATTCACTAAAGTACAGCTTT,0,5262105
yqjE_yqjK_yqjD_yqjC_predicted,0.1,9,9,ATTATCTATCAGCGACGTGC,0,5200703
yqjE_yqjK_yqjD_yqjC_predicted,0.1,9,9,ATTAGACTGTGGAGTCCAAA,0,5262060
yqjE_yqjK_yqjD_yqjC_predicted,0.1,9,9,ATTAACTTTCTGTAGACCAA,0,5228792
yqjE_yqjK_yqjD_yqjC_predicted,0.1,9,9,ATGTCAGTCAACTATAGCAA,0,5190599
yqjE_yqjK_yqjD_yqjC_predicted,0.1,9,9,ATGTATAGGGCGACGGGTAC,0,5261863
yqjE_yqjK_yqjD_yqjC_predicted,0.1,9,9,ATGTAGAGGTCTTGGCGTAT,0,5252411
yqjE_yqjK_yqjD_yqjC_predicted,0.1,9,9,ATGGTTTACCCTGTAAGTTA,0,5246507
yqjE_yqjK_yqjD_yqjC_predicted,0.1,9,9,ATGGGGATTTTGGCTGGATG,0,5179354
yqjE_yqjK_yqjD_yqjC_predicted,0.1,9,9,ATGGGCGGCCGCTCTAATAG,0,5229554
yqjE_yqjK_yqjD_yqjC_predicted,0.1,9,9,ATGGATAGGTCCTATGTTAG,0,5172016
yqjE_yqjK_yqjD_yqjC_predicted,0.1,9,9,ATGCTAGGTGCTCCCACGTA,0,5211255
yqjE_yqjK_yqjD_yqjC_predicted,0.1,9,9,ATGCCTCGGGCAGTCCTACG,0,5177094
yqjE_yqjK_yqjD_yqjC_predicted,0.1,9,9,ATGAGGTATTTGAAATTGCA,0,5225492
yqjE_yqjK_yqjD_yqjC_predicted,0.1,9,9,ATGAAGGTGGTGGTGTGCTT,0,5171808
yqjE_yqjK_yqjD_yqjC_predicted,0.1,9,9,ATCGTATCAAGAGAACATGA,0,5236767
yqjE_yqjK_yqjD_yqjC_predicted,0.1,9,9,ATCGCAAGGAGTGGTGCCCG,0,5262249
yqjE_yqjK_yqjD_yqjC_predicted,0.1,9,9,ATCGAACTGCATTTCAACCT,0,5252382
yqjE_yqjK_yqjD_yqjC_predicted,0.1,9,9,ATCCCCGTCTGGGTGTAGTA,0,5188572
yqjE_yqjK_yqjD_yqjC_predicted,0.1,9,9,ATATTCGCACTGGGGAATTC,0,5175040
yqjE_yqjK_yqjD_yqjC_predicted,0.1,9,9,ATATAATTCGCCCCTCATAC,0,5173148
yqjE_yqjK_yqjD_yqjC_predicted,0.1,9,9,ATAGTCGTCCCGTACCTAAC,0,5241524
yqjE_yqjK_yqjD_yqjC_predicted,0.1,9,9,ATAGGAACCCGGGTAAAGGC,0,5251625
yqjE_yqjK_yqjD_yqjC_predicted,0.1,9,9,ATAGCTCCGGTGTACGGGGT,0,5246180
yqjE_yqjK_yqjD_yqjC_predicted,0.1,9,9,ATAAGCGACCTCCGGGTTGG,0,5174133
yqjE_yqjK_yqjD_yqjC_predicted,0.1,9,9,ATAACTCATAATCCGCATTA,0,5228860
yqjE_yqjK_yqjD_yqjC_predicted,0.1,9,9,ATAAACTTAATTTATTTCAA,0,5239726
yqjE_yqjK_yqjD_yqjC_predicted,0.1,9,9,AGTTTCTGCCATTTGAACTT,0,5205558
yqjE_yqjK_yqjD_yqjC_predicted,0.1,9,9,AGTGTACTGAGTCATTGGAC,0,5186262
yqjE_yqjK_yqjD_yqjC_predicted,0.1,9,9,AGTGGCAACTCATTCTCGGT,0,5180949
yqjE_yqjK_yqjD_yqjC_predicted,0.1,9,9,AGTGAGCCATGCGACGTAGG,0,5180780
yqjE_yqjK_yqjD_yqjC_predicted,0.1,9,9,AGTCGTCTGCATATACCCGA,0,5210916
yqjE_yqjK_yqjD_yqjC_predicted,0.1,9,9,AGTATTCCTTTCTGGTACAT,0,5200017
yqjE_yqjK_yqjD_yqjC_predicted,0.1,9,9,AGTATGCCAAGCGCAGGGGG,0,5193997
yqjE_yqjK_yqjD_yqjC_predicted,0.1,9,9,AGTAACGCTTTAACAGTGAA,0,5210793
yqjE_yqjK_yqjD_yqjC_predicted,0.1,9,9,AGGTTTAACTACGGTGTCTT,0,5231824
yqjE_yqjK_yqjD_yqjC_predicted,0.1,9,9,AGGGTTCCAATGCTCTTGCG,0,5185957
yqjE_yqjK_yqjD_yqjC_predicted,0.1,9,9,AGGGTAGGGTCCAGCACGAA,0,5179664
yqjE_yqjK_yqjD_yqjC_predicted,0.1,9,9,AGGGGACCCACCATAAGTCA,0,5206211
yqjE_yqjK_yqjD_yqjC_predicted,0.1,9,9,AGGGCAAATTCTTCAGTGTA,0,5237211
yqjE_yqjK_yqjD_yqjC_predicted,0.1,9,9,AGGCTCCTTCTAGCAGTATA,0,5191493
yqjE_yqjK_yqjD_yqjC_predicted,0.1,9,9,AGGCAGCCTCCGTCTGTGTT,0,5175642
yqjE_yqjK_yqjD_yqjC_predicted,0.1,9,9,AGGCAACGGTTGGCGCATGT,0,5180184
yqjE_yqjK_yqjD_yqjC_predicted,0.1,9,9,AGGATCATTGGCCCTATAGG,0,5234639
yqjE_yqjK_yqjD_yqjC_predicted,0.1,9,9,AGGAAGCATCGCTGCAAACC,0,5211603
yqjE_yqjK_yqjD_yqjC_predicted,0.1,9,9,AGGAAAAGGCACTAATATCG,0,5192740
yqjE_yqjK_yqjD_yqjC_predicted,0.1,9,9,AGCTGAAAGGCGCACGGGGT,0,5235365
yqjE_yqjK_yqjD_yqjC_predicted,0.1,9,9,AGCTCTCCGTCACGTCGATT,0,5185072
yqjE_yqjK_yqjD_yqjC_predicted,0.1,9,9,AGCGTTCTGGGTACGTTTGA,0,5212716
yqjE_yqjK_yqjD_yqjC_predicted,0.1,9,9,AGCGTAGGTGTATGACTGTC,0,5230470
yqjE_yqjK_yqjD_yqjC_predicted,0.1,9,9,AGCGGGGGTGTTATGACTAC,0,5235357
yqjE_yqjK_yqjD_yqjC_predicted,0.1,9,9,AGCGGATAAAGACCGTTTGA,0,5179977
yqjE_yqjK_yqjD_yqjC_predicted,0.1,9,9,AGCGCCCATTGTTAACTAAT,0,5175141
yqjE_yqjK_yqjD_yqjC_predicted,0.1,9,9,AGCAACAGCTGTGGCAAGGA,0,5190189
yqjE_yqjK_yqjD_yqjC_predicted,0.1,9,9,AGAGCCAAGAAAAGCTCGAC,0,5172689
yqjE_yqjK_yqjD_yqjC_predicted,0.1,9,9,AGAGACAGGGCTGTCAGGAT,0,5224915
yqjE_yqjK_yqjD_yqjC_predicted,0.1,9,9,AGACGTCGGAGTAGCCTCTG,0,5244860
yqjE_yqjK_yqjD_yqjC_predicted,0.1,9,9,AGACCACGCTAGTACGGCGT,0,5258331
yqjE_yqjK_yqjD_yqjC_predicted,0.1,9,9,AGAAGCTCCGAGCCTAGCTT,0,5206941
yqjE_yqjK_yqjD_yqjC_predicted,0.1,9,9,AGAACGACGGCGGGGGTTAT,0,5254549
yqjE_yqjK_yqjD_yqjC_predicted,0.1,9,9,AGAACCTGTTCGAAACGCTT,0,5236037
yqjE_yqjK_yqjD_yqjC_predicted,0.1,9,9,ACTTGCCTATGCGTGGCAAA,0,5262061
yqjE_yqjK_yqjD_yqjC_predicted,0.1,9,9,ACTTCTTGAGCAAGGCGAAT,0,5204533
yqjE_yqjK_yqjD_yqjC_predicted,0.1,9,9,ACTTCTCTTCAAGTCGGATC,0,5226648
yqjE_yqjK_yqjD_yqjC_predicted,0.1,9,9,ACTTCAGACTGTCTTCTACT,0,5207914
yqjE_yqjK_yqjD_yqjC_predicted,0.1,9,9,ACTGTTGTAGAGGTCGAAGG,0,5222511
yqjE_yqjK_yqjD_yqjC_predicted,0.1,9,9,ACTGGAGATGCGAGCCCCTT,0,5251239
yqjE_yqjK_yqjD_yqjC_predicted,0.1,9,9,ACTCTCGAAGGCGTTCAGCT,0,5176042
yqjE_yqjK_yqjD_yqjC_predicted,0.1,9,9,ACTATGCTGTCAAACATGGT,0,5253801
yqjE_yqjK_yqjD_yqjC_predicted,0.1,9,9,ACTATCCATCAGCCAGGCCT,0,5173730
yqjE_yqjK_yqjD_yqjC_predicted,0.1,9,9,ACTAGCGGCGGCCTGCACGC,0,5172648
yqjE_yqjK_yqjD_yqjC_predicted,0.1,9,9,ACTAGATATGACTGCATGAT,0,5239729
yqjE_yqjK_yqjD_yqjC_predicted,0.1,9,9,ACGTTCAGCAGGACTACAAT,0,5258921
yqjE_yqjK_yqjD_yqjC_predicted,0.1,9,9,ACGTGCTATTATAACCCAGT,0,5173476
yqjE_yqjK_yqjD_yqjC_predicted,0.1,9,9,ACGTGCTAAGATTGCCATTG,0,5206593
yqjE_yqjK_yqjD_yqjC_predicted,0.1,9,9,ACGTAGGAGATCCGTGCTCG,0,5201227
yqjE_yqjK_yqjD_yqjC_predicted,0.1,9,9,ACGGGCTTAGCAAAGCCGCT,0,5175223
yqjE_yqjK_yqjD_yqjC_predicted,0.1,9,9,ACGGGAGGGGCACAACGGCG,0,5202799
yqjE_yqjK_yqjD_yqjC_predicted,0.1,9,9,ACGCTTCCTCCGGGTAAATG,0,5239116
yqjE_yqjK_yqjD_yqjC_predicted,0.1,9,9,ACGAGAGAGCTGCTCGCTTA,0,5187274
yqjE_yqjK_yqjD_yqjC_predicted,0.1,9,9,ACGACGATTATAACGCACAA,0,5184342
yqjE_yqjK_yqjD_yqjC_predicted,0.1,9,9,ACCTCCCCATATTGCACAGT,0,5231850
yqjE_yqjK_yqjD_yqjC_predicted,0.1,9,9,ACCTCATAGAGTTCATGGGA,0,5258605
yqjE_yqjK_yqjD_yqjC_predicted,0.1,9,9,ACCTATGCGGTGTAAACCCA,0,5181267
yqjE_yqjK_yqjD_yqjC_predicted,0.1,9,9,ACCCTGACCAGAGAACGTTT,0,5259637
yqjE_yqjK_yqjD_yqjC_predicted,0.1,9,9,ACCCCGGGAAGTGTTTAGGT,0,5196612
yqjE_yqjK_yqjD_yqjC_predicted,0.1,9,9,ACCATGCATGTTTACCATGC,0,5259030
yqjE_yqjK_yqjD_yqjC_predicted,0.1,9,9,ACATGTGGATCTAGCGTTTC,0,5188786
yqjE_yqjK_yqjD_yqjC_predicted,0.1,9,9,ACATCACGGGCTCAGGGTGA,0,5225343
yqjE_yqjK_yqjD_yqjC_predicted,0.1,9,9,ACATACCGCAGTAAAAGGGA,0,5229772
yqjE_yqjK_yqjD_yqjC_predicted,0.1,9,9,ACAGTAACGTCGTATGAGCG,0,5250363
yqjE_yqjK_yqjD_yqjC_predicted,0.1,9,9,ACAGCGTTGGCAAGGCCCAC,0,5237641
yqjE_yqjK_yqjD_yqjC_predicted,0.1,9,9,ACACCTTAATGAAAGTCGGA,0,5227074
yqjE_yqjK_yqjD_yqjC_predicted,0.1,9,9,ACAATGGGGGCGAAAAGTTA,0,5232093
yqjE_yqjK_yqjD_yqjC_predicted,0.1,9,9,ACAAGACGTCTTTGACGGTC,0,5237525
yqjE_yqjK_yqjD_yqjC_predicted,0.1,9,9,AATTAATACCGAACGGGCGC,0,5189357
yqjE_yqjK_yqjD_yqjC_predicted,0.1,9,9,AATGCCTGGTGTACAGTCAA,0,5230755
yqjE_yqjK_yqjD_yqjC_predicted,0.1,9,9,AATCTAATTTTTATTCACGA,0,5208908
yqjE_yqjK_yqjD_yqjC_predicted,0.1,9,9,AATCCGTGGGGGGTGACGCT,0,5215111
yqjE_yqjK_yqjD_yqjC_predicted,0.1,9,9,AATCCGAGGCTTCATGCAAT,0,5256619
yqjE_yqjK_yqjD_yqjC_predicted,0.1,9,9,AATAAAGTTCTCCGGCTTAC,0,5203096
yqjE_yqjK_yqjD_yqjC_predicted,0.1,9,9,AAGGTAGGTTACAAATAAGA,0,5236696
yqjE_yqjK_yqjD_yqjC_predicted,0.1,9,9,AAGCTTTCACTTCGGCGGCA,0,5182947
yqjE_yqjK_yqjD_yqjC_predicted,0.1,9,9,AAGCCTCGGGTGCACAGTAT,0,5227883
yqjE_yqjK_yqjD_yqjC_predicted,0.1,9,9,AAGATCGCAACAACATGCTA,0,5203120
yqjE_yqjK_yqjD_yqjC_predicted,0.1,9,9,AAGAGGGTAAAATTCTTAAC,0,5248189
yqjE_yqjK_yqjD_yqjC_predicted,0.1,9,9,AACTCTCTGGCTTGCTACTA,0,5205739
yqjE_yqjK_yqjD_yqjC_predicted,0.1,9,9,AACGGACGATAGCGAGCTGT,0,5220842
yqjE_yqjK_yqjD_yqjC_predicted,0.1,9,9,AACCGCCATATTTGTCCGGC,0,5195268
yqjE_yqjK_yqjD_yqjC_predicted,0.1,9,9,AACCGAGGACGGGAAGGGCA,0,5171152
yqjE_yqjK_yqjD_yqjC_predicted,0.1,9,9,AACCCGGTTTAGGCATTATT,0,5220736
yqjE_yqjK_yqjD_yqjC_predicted,0.1,9,9,AACACTGCGTCTAGTATTCA,0,5204891
yqjE_yqjK_yqjD_yqjC_predicted,0.1,9,9,AACACGTGAGTCCCGCCGAA,0,5231582
yqjE_yqjK_yqjD_yqjC_predicted,0.1,9,9,AACACGGGGTTTAGCGTTTA,0,5204588
yqjE_yqjK_yqjD_yqjC_predicted,0.1,9,9,AACAACCATCTGCCTAGAGC,0,5194284
yqjE_yqjK_yqjD_yqjC_predicted,0.1,9,9,AAAGTCGAGGTACCTGAAGT,0,5204563
yqjE_yqjK_yqjD_yqjC_predicted,0.1,9,9,AAAGGGGGCTACGTTCCATT,0,5198824
yqjE_yqjK_yqjD_yqjC_predicted,0.1,9,9,AAAGAGGGGACTCCGCAGGA,0,5210182
yqjE_yqjK_yqjD_yqjC_predicted,0.1,9,9,AAAGAATACGGTTGAGCGGG,0,5238272
yqjE_yqjK_yqjD_yqjC_predicted,0.1,9,9,AAACTACGTACCGCGATATC,0,5170806
yqjE_yqjK_yqjD_yqjC_predicted,0.1,9,9,AAAATTGATGCTGGTACAAC,0,5233250
yqjE_yqjK_yqjD_yqjC_predicted,0.1,9,9,AAAAAAGGCAGACGCAGCGG,0,5196395
yqjE_yqjK_yqjD_yqjC_predicted,0.1,9,9,AAAAAAGCGGCGCCCCCTTC,0,5179013
yqjE_yqjK_yqjD_yqjC_predicted,0.1111111111111111,8,8,TTTTGATAGTGGAGTTACTA,0,5171712
yqjE_yqjK_yqjD_yqjC_predicted,0.1111111111111111,8,8,TTTTCGCTGCAAGATCTCGA,0,5218152
yqjE_yqjK_yqjD_yqjC_predicted,0.1111111111111111,8,8,TTTTCGCACCGTATCCCCTG,0,5262021
yqjE_yqjK_yqjD_yqjC_predicted,0.1111111111111111,8,8,TTTTCAATGTCCTACAATCG,0,5200917
yqjE_yqjK_yqjD_yqjC_predicted,0.1111111111111111,8,8,TTTTATGGTGGTTCGGGGCG,0,5171675
yqjE_yqjK_yqjD_yqjC_predicted,0.1111111111111111,8,8,TTTTACCGTCACGCAGAGAT,0,5187948
yqjE_yqjK_yqjD_yqjC_predicted,0.1111111111111111,8,8,TTTTAAAATTAGGTTGCAAC,0,5217031
yqjE_yqjK_yqjD_yqjC_predicted,0.1111111111111111,8,8,TTTCCGGGTCATATATTGGT,0,5213312
yqjE_yqjK_yqjD_yqjC_predicted,0.1111111111111111,8,8,TTTCAACGTGGATCGACAAT,0,5236853
yqjE_yqjK_yqjD_yqjC_predicted,0.1111111111111111,8,8,TTTATGCAAAACGCGTGACT,0,5197802
yqjE_yqjK_yqjD_yqjC_predicted,0.1111111111111111,8,8,TTTAATACAGCACTCGAATC,0,5251713
yqjE_yqjK_yqjD_yqjC_predicted,0.1111111111111111,8,8,TTGTTGCACATTCACTGATA,0,5230230
yqjE_yqjK_yqjD_yqjC_predicted,0.1111111111111111,8,8,TTGTGTATGTTAGGACAGTC,0,5261158
yqjE_yqjK_yqjD_yqjC_predicted,0.1111111111111111,8,8,TTGGGGGAAAGGCGTAAGGC,0,5258724
yqjE_yqjK_yqjD_yqjC_predicted,0.1111111111111111,8,8,TTGGGATGTGACCATCCTCA,0,5229821
yqjE_yqjK_yqjD_yqjC_predicted,0.1111111111111111,8,8,TTGGCTCTACACCTTCAAAG,0,5215919
yqjE_yqjK_yqjD_yqjC_predicted,0.1111111111111111,8,8,TTGGAACGAAAACGAGCTGC,0,5256532
yqjE_yqjK_yqjD_yqjC_predicted,0.1111111111111111,8,8,TTGCGTATACGTTCGAGGGC,0,5249649
yqjE_yqjK_yqjD_yqjC_predicted,0.1111111111111111,8,8,TTGCCAGAGGTGGACTTGAT,0,5239632
yqjE_yqjK_yqjD_yqjC_predicted,0.1111111111111111,8,8,TTGCATATATCCGACCCAGT,0,5186633
yqjE_yqjK_yqjD_yqjC_predicted,0.1111111111111111,8,8,TTGATGTCCTGCATAAAGGG,0,5183653
yqjE_yqjK_yqjD_yqjC_predicted,0.1111111111111111,8,8,TTCTAATAGCGCGGGACCAC,0,5186310
yqjE_yqjK_yqjD_yqjC_predicted,0.1111111111111111,8,8,TTCGTGGTCAGACACAACCA,0,5184948
yqjE_yqjK_yqjD_yqjC_predicted,0.1111111111111111,8,8,TTCCTTGATATCCCTGAATA,0,5260865
yqjE_yqjK_yqjD_yqjC_predicted,0.1111111111111111,8,8,TTCCTCTATGGTCTATGTGC,0,5235226
yqjE_yqjK_yqjD_yqjC_predicted,0.1111111111111111,8,8,TTCCTCGCCAACGCAGTGTC,0,5173703
yqjE_yqjK_yqjD_yqjC_predicted,0.1111111111111111,8,8,TTCCTATAAGATTTCGGTCG,0,5262204
yqjE_yqjK_yqjD_yqjC_predicted,0.1111111111111111,8,8,TTCCCCGCCATCCTTGACCT,0,5251647
yqjE_yqjK_yqjD_yqjC_predicted,0.1111111111111111,8,8,TTCCCACTGGAGATACCTAT,0,5227282
yqjE_yqjK_yqjD_yqjC_predicted,0.1111111111111111,8,8,TTCCCACATACATCCCGTTG,0,5235929
yqjE_yqjK_yqjD_yqjC_predicted,0.1111111111111111,8,8,TTCATACCCGCAGGTCGCCG,0,5262247
yqjE_yqjK_yqjD_yqjC_predicted,0.1111111111111111,8,8,TTCAACGTCGATCGCAGATG,0,5183371
yqjE_yqjK_yqjD_yqjC_predicted,0.1111111111111111,8,8,TTCAAAAGTTAAGGTACAAT,0,5202405
yqjE_yqjK_yqjD_yqjC_predicted,0.1111111111111111,8,8,TTATGCGTTACTGGGAAACT,0,5192373
yqjE_yqjK_yqjD_yqjC_predicted,0.1111111111111111,8,8,TTATATCGCAACTTAATGTG,0,5247697
yqjE_yqjK_yqjD_yqjC_predicted,0.1111111111111111,8,8,TTATATCAGCTATACGGATA,0,5234435
yqjE_yqjK_yqjD_yqjC_predicted,0.1111111111111111,8,8,TTAGGAGGCGGGCTACACTA,0,5254363
yqjE_yqjK_yqjD_yqjC_predicted,0.1111111111111111,8,8,TTAGAGCTTGTCTTGGACTC,0,5192075
yqjE_yqjK_yqjD_yqjC_predicted,0.1111111111111111,8,8,TTAGAAACAGATGCGGTGAT,0,5205133
yqjE_yqjK_yqjD_yqjC_predicted,0.1111111111111111,8,8,TTACTCAAAATGTTGTCCGA,0,5239827
yqjE_yqjK_yqjD_yqjC_predicted,0.1111111111111111,8,8,TTACGTTACGCCCCAAAGAA,0,5221731
yqjE_yqjK_yqjD_yqjC_predicted,0.1111111111111111,8,8,TTACCTGAGGTAGGCCAGGG,0,5194187
yqjE_yqjK_yqjD_yqjC_predicted,0.1111111111111111,8,8,TTACCGCCATGAACGTAGCA,0,5211553
yqjE_yqjK_yqjD_yqjC_predicted,0.1111111111111111,8,8,TTACCCAGCGGAGAACATAA,0,5200416
yqjE_yqjK_yqjD_yqjC_predicted,0.1111111111111111,8,8,TTACAGAAAATTTTGATCGA,0,5246360
yqjE_yqjK_yqjD_yqjC_predicted,0.1111111111111111,8,8,TTACAACATGTGGGTCCCAA,0,5177641
yqjE_yqjK_yqjD_yqjC_predicted,0.1111111111111111,8,8,TTAATGGAAAAAGGGCGAGT,0,5209730
yqjE_yqjK_yqjD_yqjC_predicted,0.1111111111111111,8,8,TTAAGCGATGGTATAACTCC,0,5204160
yqjE_yqjK_yqjD_yqjC_predicted,0.1111111111111111,8,8,TGTTGCCTTTGTACGCGGAC,0,5240431
yqjE_yqjK_yqjD_yqjC_predicted,0.1111111111111111,8,8,TGTGAGGGCTTTACTGTCTA,0,5174138
yqjE_yqjK_yqjD_yqjC_predicted,0.1111111111111111,8,8,TGTCGCAGCGACGGATTTAG,0,5183346
yqjE_yqjK_yqjD_yqjC_predicted,0.1111111111111111,8,8,TGTCCACCTGAGTCGTATGT,0,5201633
yqjE_yqjK_yqjD_yqjC_predicted,0.1111111111111111,8,8,TGTCAACAAGCTCATGGAAT,0,5182595
yqjE_yqjK_yqjD_yqjC_predicted,0.1111111111111111,8,8,TGTATTGGTCCCTGCGGTGG,0,5220065
yqjE_yqjK_yqjD_yqjC_predicted,0.1111111111111111,8,8,TGTATCTCCAGGAAAGTCCT,0,5199028
yqjE_yqjK_yqjD_yqjC_predicted,0.1111111111111111,8,8,TGGTGAGTATATTCGGGTCG,0,5208280
yqjE_yqjK_yqjD_yqjC_predicted,0.1111111111111111,8,8,TGGTCAAGAGTTCCCCCCAG,0,5248198
yqjE_yqjK_yqjD_yqjC_predicted,0.1111111111111111,8,8,TGGGCCACTAGCTAATTCAC,0,5171471
yqjE_yqjK_yqjD_yqjC_predicted,0.1111111111111111,8,8,TGGGATTTAGCGGGCGGTCA,0,5218498
yqjE_yqjK_yqjD_yqjC_predicted,0.1111111111111111,8,8,TGGCTTCTGTATTTCGGCTC,0,5184121
yqjE_yqjK_yqjD_yqjC_predicted,0.1111111111111111,8,8,TGGCGAGTCTCCCGCGACAA,0,5200589
yqjE_yqjK_yqjD_yqjC_predicted,0.1111111111111111,8,8,TGGCACTTCTGTCGGATCTA,0,5232718
yqjE_yqjK_yqjD_yqjC_predicted,0.1111111111111111,8,8,TGGATTTCCAGGTAGATACG,0,5198669
yqjE_yqjK_yqjD_yqjC_predicted,0.1111111111111111,8,8,TGGAACCACTATCTAGGTTC,0,5227440
yqjE_yqjK_yqjD_yqjC_predicted,0.1111111111111111,8,8,TGCTGGTAGGATTCGAAGAA,0,5194969
yqjE_yqjK_yqjD_yqjC_predicted,0.1111111111111111,8,8,TGCTATGCCGCGTGTCTAGG,0,5196423
yqjE_yqjK_yqjD_yqjC_predicted,0.1111111111111111,8,8,TGCTAGGGGAGCCTGATACT,0,5216821
yqjE_yqjK_yqjD_yqjC_predicted,0.1111111111111111,8,8,TGCGGTTGGTTGGTTCAGGC,0,5176963
yqjE_yqjK_yqjD_yqjC_predicted,0.1111111111111111,8,8,TGCGGCTTGTTTGCTTTATA,0,5176394
yqjE_yqjK_yqjD_yqjC_predicted,0.1111111111111111,8,8,TGCCTCTATTGGGCGATGGT,0,5187044
yqjE_yqjK_yqjD_yqjC_predicted,0.1111111111111111,8,8,TGCCCTGCGCGCGATAATGG,0,5224020
yqjE_yqjK_yqjD_yqjC_predicted,0.1111111111111111,8,8,TGCATTTAAAAGCGCATTTC,0,5201221
yqjE_yqjK_yqjD_yqjC_predicted,0.1111111111111111,8,8,TGCAGCATCACTTTGACGAT,0,5192738
yqjE_yqjK_yqjD_yqjC_predicted,0.1111111111111111,8,8,TGCACCTCAGTACGACGGGG,0,5255595
yqjE_yqjK_yqjD_yqjC_predicted,0.1111111111111111,8,8,TGCAAGCACAAACGGCCGGT,0,5192160
yqjE_yqjK_yqjD_yqjC_predicted,0.1111111111111111,8,8,TGCAAGATGACATATGGCGA,0,5246496
yqjE_yqjK_yqjD_yqjC_predicted,0.1111111111111111,8,8,TGATGTTGAACGACGCCTTC,0,5219797
yqjE_yqjK_yqjD_yqjC_predicted,0.1111111111111111,8,8,TGATAGTAGAGTGTGGTAAT,0,5224138
yqjE_yqjK_yqjD_yqjC_predicted,0.1111111111111111,8,8,TGAGTAACGCCGTCAACTTG,0,5210764
yqjE_yqjK_yqjD_yqjC_predicted,0.1111111111111111,8,8,TGAGGTAAGCTGCAAGATCC,0,5259487
yqjE_yqjK_yqjD_yqjC_predicted,0.1111111111111111,8,8,TGACCGCACGTGATAGAATT,0,5261050
yqjE_yqjK_yqjD_yqjC_predicted,0.1111111111111111,8,8,TGACCATCGGTTGACAAACC,0,5258787
yqjE_yqjK_yqjD_yqjC_predicted,0.1111111111111111,8,8,TGAACACTATGAGTAGCGCT,0,5231121
yqjE_yqjK_yqjD_yqjC_predicted,0.1111111111111111,8,8,TCTTTAACAGCTGGGCGCAA,0,5195656
yqjE_yqjK_yqjD_yqjC_predicted,0.1111111111111111,8,8,TCTGTGTGTAGAACCGCCCT,0,5184808
yqjE_yqjK_yqjD_yqjC_predicted,0.1111111111111111,8,8,TCTGTCGCGTCACTATGCCT,0,5192124
yqjE_yqjK_yqjD_yqjC_predicted,0.1111111111111111,8,8,TCTGGACATGAGTCCAAACC,0,5178228
yqjE_yqjK_yqjD_yqjC_predicted,0.1111111111111111,8,8,TCTGCCGACACACGGTCTTT,0,5191518
yqjE_yqjK_yqjD_yqjC_predicted,0.1111111111111111,8,8,TCTGACTGAGATGGATTAAC,0,5256244
yqjE_yqjK_yqjD_yqjC_predicted,0.1111111111111111,8,8,TCTCCTGCGATGAACAGCGG,0,5185613
yqjE_yqjK_yqjD_yqjC_predicted,0.1111111111111111,8,8,TCTCAGCTTCATGTTGCCAA,0,5181443
yqjE_yqjK_yqjD_yqjC_predicted,0.1111111111111111,8,8,TCTAAGTGTAGGTTAAACTT,0,5225085
yqjE_yqjK_yqjD_yqjC_predicted,0.1111111111111111,8,8,TCTAACTCTGATAACAAGGA,0,5248162
yqjE_yqjK_yqjD_yqjC_predicted,0.1111111111111111,8,8,TCGTTATAGGGAGCGAGCCC,0,5219644
yqjE_yqjK_yqjD_yqjC_predicted,0.1111111111111111,8,8,TCGTGGTCGGATTCTGTCAT,0,5240991
yqjE_yqjK_yqjD_yqjC_predicted,0.1111111111111111,8,8,TCGTGGGGTACCCATGGAGT,0,5231823
yqjE_yqjK_yqjD_yqjC_predicted,0.1111111111111111,8,8,TCGCGGAGGCTGCACTATTA,0,5239878
yqjE_yqjK_yqjD_yqjC_predicted,0.1111111111111111,8,8,TCGCAGTTTATATACTTGAA,0,5233961
yqjE_yqjK_yqjD_yqjC_predicted,0.1111111111111111,8,8,TCGCACACAATTTCCCCTGG,0,5211358
yqjE_yqjK_yqjD_yqjC_predicted,0.1111111111111111,8,8,TCGATCGTGAATGAAAATCA,0,5216533
yqjE_yqjK_yqjD_yqjC_predicted,0.1111111111111111,8,8,TCGATCCGGCACAGCGGGAC,0,5239052
yqjE_yqjK_yqjD_yqjC_predicted,0.1111111111111111,8,8,TCCTTGGAGATGAATTTACA,0,5207551
yqjE_yqjK_yqjD_yqjC_predicted,0.1111111111111111,8,8,TCCTGCCATACTATTTGTCA,0,5179780
yqjE_yqjK_yqjD_yqjC_predicted,0.1111111111111111,8,8,TCCGATGGCGGGTGCTTAAA,0,5228344
yqjE_yqjK_yqjD_yqjC_predicted,0.1111111111111111,8,8,TCCCATTCTAATGTTTCGAC,0,5177738
yqjE_yqjK_yqjD_yqjC_predicted,0.1111111111111111,8,8,TCCAGGGTCGTCAACGGAGG,0,5240363
yqjE_yqjK_yqjD_yqjC_predicted,0.1111111111111111,8,8,TCCAATGTCGTAGTTGTAAT,0,5257952
yqjE_yqjK_yqjD_yqjC_predicted,0.1111111111111111,8,8,TCCAATGAGGGTTGAACCCC,0,5228434
yqjE_yqjK_yqjD_yqjC_predicted,0.1111111111111111,8,8,TCCAACCACGTTATTGTACA,0,5218518
yqjE_yqjK_yqjD_yqjC_predicted,0.1111111111111111,8,8,TCATGGTGTGCCACGTGCAT,0,5226522
yqjE_yqjK_yqjD_yqjC_predicted,0.1111111111111111,8,8,TCATCATCGCATGCAACCTG,0,5213572
yqjE_yqjK_yqjD_yqjC_predicted,0.1111111111111111,8,8,TCAGGCAACGCTTGAATGTT,0,5262067
yqjE_yqjK_yqjD_yqjC_predicted,0.1111111111111111,8,8,TCAGCTGGAACGCGGAGACT,0,5230957
yqjE_yqjK_yqjD_yqjC_predicted,0.1111111111111111,8,8,TCACGGGTTCTTTTGAAGAC,0,5242670
yqjE_yqjK_yqjD_yqjC_predicted,0.1111111111111111,8,8,TCAATTACTAAGATGCAGGG,0,5243701
yqjE_yqjK_yqjD_yqjC_predicted,0.1111111111111111,8,8,TCAATGGCGTACTAAAGTGC,0,5178845
yqjE_yqjK_yqjD_yqjC_predicted,0.1111111111111111,8,8,TCAACCGTTTAGATGGGAGC,0,5186489
yqjE_yqjK_yqjD_yqjC_predicted,0.1111111111111111,8,8,TCAACCCTCAATGTCGTTCT,0,5249757
yqjE_yqjK_yqjD_yqjC_predicted,0.1111111111111111,8,8,TATTAAACATATCGCTGCGT,0,5256701
yqjE_yqjK_yqjD_yqjC_predicted,0.1111111111111111,8,8,TATGTAACTGACGGCGCTAT,0,5212220
yqjE_yqjK_yqjD_yqjC_predicted,0.1111111111111111,8,8,TATGCAACCCTGGAGCAAGG,0,5200288
yqjE_yqjK_yqjD_yqjC_predicted,0.1111111111111111,8,8,TATGAGACCCCAAAGGGCTT,0,5260458
yqjE_yqjK_yqjD_yqjC_predicted,0.1111111111111111,8,8,TATCGTTCGACATGATTCAT,0,5197347
yqjE_yqjK_yqjD_yqjC_predicted,0.1111111111111111,8,8,TATCGCTCTAATAGCGATAT,0,5212670
yqjE_yqjK_yqjD_yqjC_predicted,0.1111111111111111,8,8,TATCAGCCTAGTCAGACAAT,0,5234737
yqjE_yqjK_yqjD_yqjC_predicted,0.1111111111111111,8,8,TATATCATAGATGGTAAGGC,0,5183382
yqjE_yqjK_yqjD_yqjC_predicted,0.1111111111111111,8,8,TATACAGCTTACGCCGAGTA,0,5250402
yqjE_yqjK_yqjD_yqjC_predicted,0.1111111111111111,8,8,TATAATTAATAGCTTACTTC,0,5216002
yqjE_yqjK_yqjD_yqjC_predicted,0.1111111111111111,8,8,TATAAACTAGTACGTCAGTG,0,5207140
yqjE_yqjK_yqjD_yqjC_predicted,0.1111111111111111,8,8,TAGGGACCGGGGCAAGTACC,0,5193163
yqjE_yqjK_yqjD_yqjC_predicted,0.1111111111111111,8,8,TAGGCTCTGATCGACTGCCT,0,5218760
yqjE_yqjK_yqjD_yqjC_predicted,0.1111111111111111,8,8,TAGGCGTCGTTTGTCCCGCT,0,5214102
yqjE_yqjK_yqjD_yqjC_predicted,0.1111111111111111,8,8,TAGGACCCTTTGTAGCTCTC,0,5239310
yqjE_yqjK_yqjD_yqjC_predicted,0.1111111111111111,8,8,TAGCTCCGTCCCCACAGTTT,0,5212308
yqjE_yqjK_yqjD_yqjC_predicted,0.1111111111111111,8,8,TAGCGACACCGAGACTCTTT,0,5241522
yqjE_yqjK_yqjD_yqjC_predicted,0.1111111111111111,8,8,TAGCCCTGCATCAAGTGACA,0,5205603
yqjE_yqjK_yqjD_yqjC_predicted,0.1111111111111111,8,8,TAGCATACGCCCGGGCGAGT,0,5253950
yqjE_yqjK_yqjD_yqjC_predicted,0.1111111111111111,8,8,TAGATGGAGCAACGCCGTTT,0,5227043
yqjE_yqjK_yqjD_yqjC_predicted,0.1111111111111111,8,8,TACTTATTTCCTGCGGGTAT,0,5219684
yqjE_yqjK_yqjD_yqjC_predicted,0.1111111111111111,8,8,TACTTAATGATCAAGTATAG,0,5259344
yqjE_yqjK_yqjD_yqjC_predicted,0.1111111111111111,8,8,TACGGGCGGAGGTAATTCAA,0,5227075
yqjE_yqjK_yqjD_yqjC_predicted,0.1111111111111111,8,8,TACCTGTAGGTCATGGCTGT,0,5192954
yqjE_yqjK_yqjD_yqjC_predicted,0.1111111111111111,8,8,TACATGTGGTTAACGCGTCA,0,5203274
yqjE_yqjK_yqjD_yqjC_predicted,0.1111111111111111,8,8,TACACTGAGTATCGCCTTCA,0,5231251
yqjE_yqjK_yqjD_yqjC_predicted,0.1111111111111111,8,8,TACACCCCGTGCCACTCGAA,0,5223147
yqjE_yqjK_yqjD_yqjC_predicted,0.1111111111111111,8,8,TAATGTATTGTAACTACCCC,0,5242570
yqjE_yqjK_yqjD_yqjC_predicted,0.1111111111111111,8,8,TAATGGGTCTCCTCAGTCAC,0,5254825
yqjE_yqjK_yqjD_yqjC_predicted,0.1111111111111111,8,8,TAATGGCAGTATCCAACGGA,0,5237593
yqjE_yqjK_yqjD_yqjC_predicted,0.1111111111111111,8,8,TAATCCTCGATGAATGCTGG,0,5209212
yqjE_yqjK_yqjD_yqjC_predicted,0.1111111111111111,8,8,TAAGTACATGATAATACTTG,0,5245371
yqjE_yqjK_yqjD_yqjC_predicted,0.1111111111111111,8,8,TAAGGCGCCGGCTATTTGTG,0,5183711
yqjE_yqjK_yqjD_yqjC_predicted,0.1111111111111111,8,8,TAACTGCTAATCCGGTGCCT,0,5201091
yqjE_yqjK_yqjD_yqjC_predicted,0.1111111111111111,8,8,TAAATGCGCGCCCGTAGGTA,0,5200440
yqjE_yqjK_yqjD_yqjC_predicted,0.1111111111111111,8,8,TAAACCGTAACGTAACCTTA,0,5258252
yqjE_yqjK_yqjD_yqjC_predicted,0.1111111111111111,8,8,TAAAAATAACAAACGATATA,0,5219229
yqjE_yqjK_yqjD_yqjC_predicted,0.1111111111111111,8,8,GTTTACGATTAGGGGTTTAT,0,5221699
yqjE_yqjK_yqjD_yqjC_predicted,0.1111111111111111,8,8,GTTTAAAGAGGCCGGCGAGC,0,5212325
yqjE_yqjK_yqjD_yqjC_predicted,0.1111111111111111,8,8,GTTGTCATTCCCTCGGTTAC,0,5212554
yqjE_yqjK_yqjD_yqjC_predicted,0.1111111111111111,8,8,GTTGGTGGCTTAGGGTGTGT,0,5215181
yqjE_yqjK_yqjD_yqjC_predicted,0.1111111111111111,8,8,GTTGCATAATGGAGTGCTAA,0,5201145
yqjE_yqjK_yqjD_yqjC_predicted,0.1111111111111111,8,8,GTTCATTTGTGAAACCAGGG,0,5206315
yqjE_yqjK_yqjD_yqjC_predicted,0.1111111111111111,8,8,GTTACCTGGGCTTCCAGTGC,0,5178140
yqjE_yqjK_yqjD_yqjC_predicted,0.1111111111111111,8,8,GTGTGGGACAGTTGTGCGCG,0,5250750
yqjE_yqjK_yqjD_yqjC_predicted,0.1111111111111111,8,8,GTGTCTCGGCACGTGGGCAG,0,5224275
yqjE_yqjK_yqjD_yqjC_predicted,0.1111111111111111,8,8,GTGTACCAGTGGCCCCTAGA,0,5186125
yqjE_yqjK_yqjD_yqjC_predicted,0.1111111111111111,8,8,GTGGTGTCCTCGAAGTGGTT,0,5262838
yqjE_yqjK_yqjD_yqjC_predicted,0.1111111111111111,8,8,GTGGGCTTGCGTGGAGACAC,0,5239028
yqjE_yqjK_yqjD_yqjC_predicted,0.1111111111111111,8,8,GTGGGCTTGAATAACTGGGA,0,5225862
yqjE_yqjK_yqjD_yqjC_predicted,0.1111111111111111,8,8,GTGGGCCTGCATGGATAATG,0,5250478
yqjE_yqjK_yqjD_yqjC_predicted,0.1111111111111111,8,8,GTGGAGTATAGCATGTGTAG,0,5205568
yqjE_yqjK_yqjD_yqjC_predicted,0.1111111111111111,8,8,GTGCTACGAGGCGGAGAAGA,0,5209340
yqjE_yqjK_yqjD_yqjC_predicted,0.1111111111111111,8,8,GTGCATTCCTCCGGAAAATA,0,5250335
yqjE_yqjK_yqjD_yqjC_predicted,0.1111111111111111,8,8,GTGCAAAGTGGTAAAATAGG,0,5243800
yqjE_yqjK_yqjD_yqjC_predicted,0.1111111111111111,8,8,GTGAATTCTACGTCATTCGG,0,5220228
yqjE_yqjK_yqjD_yqjC_predicted,0.1111111111111111,8,8,GTGAAGAACTTCAGAAAGAT,0,5241326
yqjE_yqjK_yqjD_yqjC_predicted,0.1111111111111111,8,8,GTCTGGAACTTTTGTCGGCG,0,5236896
yqjE_yqjK_yqjD_yqjC_predicted,0.1111111111111111,8,8,GTCTCGCAGTATCCCGTAGT,0,5230762
yqjE_yqjK_yqjD_yqjC_predicted,0.1111111111111111,8,8,GTCTCAACCGGTGTGGAAAG,0,5242410
yqjE_yqjK_yqjD_yqjC_predicted,0.1111111111111111,8,8,GTCGTGATAAGTCCTAAATT,0,5214524
yqjE_yqjK_yqjD_yqjC_predicted,0.1111111111111111,8,8,GTCGGTAACCCGTAACCTAC,0,5244519
yqjE_yqjK_yqjD_yqjC_predicted,0.1111111111111111,8,8,GTCGCGAGGTTCCGCGGGAT,0,5224804
yqjE_yqjK_yqjD_yqjC_predicted,0.1111111111111111,8,8,GTCCTTTCCTACAACGCAAG,0,5192898
yqjE_yqjK_yqjD_yqjC_predicted,0.1111111111111111,8,8,GTCCTGCTTTAGGAGGGACA,0,5199675
yqjE_yqjK_yqjD_yqjC_predicted,0.1111111111111111,8,8,GTCCGATGACTTGAGCGTAT,0,5188269
yqjE_yqjK_yqjD_yqjC_predicted,0.1111111111111111,8,8,GTCCCTGGGTGGCAGATTCA,0,5243422
yqjE_yqjK_yqjD_yqjC_predicted,0.1111111111111111,8,8,GTCCAGTCTAGGTGCAACGT,0,5251795
yqjE_yqjK_yqjD_yqjC_predicted,0.1111111111111111,8,8,GTCCACGCGCTGGGTAGGCA,0,5240253
yqjE_yqjK_yqjD_yqjC_predicted,0.1111111111111111,8,8,GTCAGTAATGCTTGGTTACA,0,5219861
yqjE_yqjK_yqjD_yqjC_predicted,0.1111111111111111,8,8,GTATTCGGTTCTCGGATCGC,0,5174061
yqjE_yqjK_yqjD_yqjC_predicted,0.1111111111111111,8,8,GTATGTCGTGAAGCCCTCAG,0,5180801
yqjE_yqjK_yqjD_yqjC_predicted,0.1111111111111111,8,8,GTATCTGCGCAAGTGGGCGG,0,5171343
yqjE_yqjK_yqjD_yqjC_predicted,0.1111111111111111,8,8,GTATCGGTGTGAACTCTTAA,0,5210042
yqjE_yqjK_yqjD_yqjC_predicted,0.1111111111111111,8,8,GTATAAAACTGGGGGATCTA,0,5205231
yqjE_yqjK_yqjD_yqjC_predicted,0.1111111111111111,8,8,GTAGGTGCTAGTCAACGAAA,0,5181891
yqjE_yqjK_yqjD_yqjC_predicted,0.1111111111111111,8,8,GTAGATTCGACATGACGAAA,0,5235373
yqjE_yqjK_yqjD_yqjC_predicted,0.1111111111111111,8,8,GTAGATACGGCGCGGTTGAC,0,5178726
yqjE_yqjK_yqjD_yqjC_predicted,0.1111111111111111,8,8,GTAGAGGAGGCGATGCATCC,0,5205716
yqjE_yqjK_yqjD_yqjC_predicted,0.1111111111111111,8,8,GTACTTGGGCGCGGTGACCC,0,5242999
yqjE_yqjK_yqjD_yqjC_predicted,0.1111111111111111,8,8,GTACGTCTCGCAGAGCTCCA,0,5174641
yqjE_yqjK_yqjD_yqjC_predicted,0.1111111111111111,8,8,GTAAGTCTAGTCATCATGCA,0,5254035
yqjE_yqjK_yqjD_yqjC_predicted,0.1111111111111111,8,8,GTAAGGTTCTTCCAGGGCAG,0,5175451
yqjE_yqjK_yqjD_yqjC_predicted,0.1111111111111111,8,8,GTAAGCGGACGTACAACTAC,0,5216537
yqjE_yqjK_yqjD_yqjC_predicted,0.1111111111111111,8,8,GTAACGTACCATTCCTGTAG,0,5187845
yqjE_yqjK_yqjD_yqjC_predicted,0.1111111111111111,8,8,GGTTTGTAATGATCGCGCGG,0,5211000
yqjE_yqjK_yqjD_yqjC_predicted,0.1111111111111111,8,8,GGTTGCTGACAACTGGCACA,0,5234021
yqjE_yqjK_yqjD_yqjC_predicted,0.1111111111111111,8,8,GGTTGATTTTACAAGGGGTA,0,5213955
yqjE_yqjK_yqjD_yqjC_predicted,0.1111111111111111,8,8,GGTTGAGCGCATCATCTCGA,0,5231347
yqjE_yqjK_yqjD_yqjC_predicted,0.1111111111111111,8,8,GGTTCGTGAATAGTAAAATG,0,5226735
yqjE_yqjK_yqjD_yqjC_predicted,0.1111111111111111,8,8,GGTTACCTAAGGTCACCTGA,0,5258732
yqjE_yqjK_yqjD_yqjC_predicted,0.1111111111111111,8,8,GGTGTAGCTAATGCCCTACG,0,5249969
yqjE_yqjK_yqjD_yqjC_predicted,0.1111111111111111,8,8,GGTGTAACGCCATAGGTACT,0,5259160
yqjE_yqjK_yqjD_yqjC_predicted,0.1111111111111111,8,8,GGTGGGGCAAAAACCCGAGG,0,5252459
yqjE_yqjK_yqjD_yqjC_predicted,0.1111111111111111,8,8,GGTGATCACGCCCACGACGA,0,5248178
yqjE_yqjK_yqjD_yqjC_predicted,0.1111111111111111,8,8,GGTCTTTCAGTTGCTGATTT,0,5211134
yqjE_yqjK_yqjD_yqjC_predicted,0.1111111111111111,8,8,GGTCGAACCGCGTGGATCAC,0,5221927
yqjE_yqjK_yqjD_yqjC_predicted,0.1111111111111111,8,8,GGTCCATAAACGGGGACGCC,0,5199776
yqjE_yqjK_yqjD_yqjC_predicted,0.1111111111111111,8,8,GGTCCAGTAGCGGCTGGTAG,0,5222453
yqjE_yqjK_yqjD_yqjC_predicted,0.1111111111111111,8,8,GGTCCAATTGGCGCGCACCT,0,5229158
yqjE_yqjK_yqjD_yqjC_predicted,0.1111111111111111,8,8,GGTCAACCGTCGCTGTTGTA,0,5180515
yqjE_yqjK_yqjD_yqjC_predicted,0.1111111111111111,8,8,GGTATTGGGCACACGCGAAT,0,5212148
yqjE_yqjK_yqjD_yqjC_predicted,0.1111111111111111,8,8,GGTAGGAGCCGAGCAGCGGT,0,5253024
yqjE_yqjK_yqjD_yqjC_predicted,0.1111111111111111,8,8,GGTAAGTATGCCAAAATGCG,0,5217404
yqjE_yqjK_yqjD_yqjC_predicted,0.1111111111111111,8,8,GGGTTCCGTAAATTCCTAGT,0,5255810
yqjE_yqjK_yqjD_yqjC_predicted,0.1111111111111111,8,8,GGGTGGGTGAAGGGTTTCTC,0,5209934
yqjE_yqjK_yqjD_yqjC_predicted,0.1111111111111111,8,8,GGGTATTTTCTGATAGGCTG,0,5190860
yqjE_yqjK_yqjD_yqjC_predicted,0.1111111111111111,8,8,GGGTAAGTAGGCAAAACATT,0,5211985
yqjE_yqjK_yqjD_yqjC_predicted,0.1111111111111111,8,8,GGGGGAGTACAGGTGCGATC,0,5216796
yqjE_yqjK_yqjD_yqjC_predicted,0.1111111111111111,8,8,GGGGCGCGAAGACGGTACGC,0,5247999
yqjE_yqjK_yqjD_yqjC_predicted,0.1111111111111111,8,8,GGGGCAATAATTGTGGACCC,0,5245638
yqjE_yqjK_yqjD_yqjC_predicted,0.1111111111111111,8,8,GGGCTAGATCATCTATCTAT,0,5193510
yqjE_yqjK_yqjD_yqjC_predicted,0.1111111111111111,8,8,GGGCGTTCGTATTGGGCCGT,0,5229312
yqjE_yqjK_yqjD_yqjC_predicted,0.1111111111111111,8,8,GGGCCAAAGCCGACGAGTTC,0,5245181
yqjE_yqjK_yqjD_yqjC_predicted,0.1111111111111111,8,8,GGGATGCTCAAGACTGGCTG,0,5211136
yqjE_yqjK_yqjD_yqjC_predicted,0.1111111111111111,8,8,GGGACTGTCGGAGCCTTTGC,0,5237004
yqjE_yqjK_yqjD_yqjC_predicted,0.1111111111111111,8,8,GGGACACGCCTGCTCAGGCA,0,5182338
yqjE_yqjK_yqjD_yqjC_predicted,0.1111111111111111,8,8,GGGAATGCCGGCTGCGCCAA,0,5194635
yqjE_yqjK_yqjD_yqjC_predicted,0.1111111111111111,8,8,GGGAACTTCCTCCGTTCGTC,0,5250260
yqjE_yqjK_yqjD_yqjC_predicted,0.1111111111111111,8,8,GGCTCTGGATAGAGGCCTTC,0,5174509
yqjE_yqjK_yqjD_yqjC_predicted,0.1111111111111111,8,8,GGCTCACTGACCTCCCGGAA,0,5233602
yqjE_yqjK_yqjD_yqjC_predicted,0.1111111111111111,8,8,GGCTATAATGTAAGGCGAGC,0,5171806
yqjE_yqjK_yqjD_yqjC_predicted,0.1111111111111111,8,8,GGCGTGTACGGCTGAACTCC,0,5214149
yqjE_yqjK_yqjD_yqjC_predicted,0.1111111111111111,8,8,GGCGTGGCGCTTAGAACACA,0,5216928
yqjE_yqjK_yqjD_yqjC_predicted,0.1111111111111111,8,8,GGCGGACTGAGTTGCCCTTC,0,5238579
yqjE_yqjK_yqjD_yqjC_predicted,0.1111111111111111,8,8,GGCCTGGGTGTATGGGAATT,0,5261699
yqjE_yqjK_yqjD_yqjC_predicted,0.1111111111111111,8,8,GGCCGTGTACCCCTCATAGT,0,5195386
yqjE_yqjK_yqjD_yqjC_predicted,0.1111111111111111,8,8,GGCCGTGAGGCACATTGCTT,0,5229726
yqjE_yqjK_yqjD_yqjC_predicted,0.1111111111111111,8,8,GGCCGTAAAATCATCAGGCC,0,5212915
yqjE_yqjK_yqjD_yqjC_predicted,0.1111111111111111,8,8,GGCCGGAGTCGGGGCTACCT,0,5180687
yqjE_yqjK_yqjD_yqjC_predicted,0.1111111111111111,8,8,GGCCGCCTTCGGTTACTCCC,0,5200939
yqjE_yqjK_yqjD_yqjC_predicted,0.1111111111111111,8,8,GGCCACGGATTAACTTGGCC,0,5182445
yqjE_yqjK_yqjD_yqjC_predicted,0.1111111111111111,8,8,GGCCAACGCAAAAACAAAGA,0,5258760
yqjE_yqjK_yqjD_yqjC_predicted,0.1111111111111111,8,8,GGCACCCGAACCCATGCGGG,0,5258137
yqjE_yqjK_yqjD_yqjC_predicted,0.1111111111111111,8,8,GGCACAAGTGATACATCCTG,0,5249013
yqjE_yqjK_yqjD_yqjC_predicted,0.1111111111111111,8,8,GGCAATGCGTCAAGAGCGGT,0,5235159
yqjE_yqjK_yqjD_yqjC_predicted,0.1111111111111111,8,8,GGATGAGGAAGAAGGCCCGT,0,5180048
yqjE_yqjK_yqjD_yqjC_predicted,0.1111111111111111,8,8,GGATATCCTACAGCACGTAA,0,5172629
yqjE_yqjK_yqjD_yqjC_predicted,0.1111111111111111,8,8,GGATATAGTCGAAGGGGTAA,0,5215571
yqjE_yqjK_yqjD_yqjC_predicted,0.1111111111111111,8,8,GGACGCTGTTGTACAAAACG,0,5254604
yqjE_yqjK_yqjD_yqjC_predicted,0.1111111111111111,8,8,GGACCCCGGGATAACAGTCC,0,5251779
yqjE_yqjK_yqjD_yqjC_predicted,0.1111111111111111,8,8,GGACCATCTCAGGCTCGAGA,0,5175329
yqjE_yqjK_yqjD_yqjC_predicted,0.1111111111111111,8,8,GGACAATGCGCCCGCTCTCC,0,5178299
yqjE_yqjK_yqjD_yqjC_predicted,0.1111111111111111,8,8,GGACAAGCGAGGGCTTTTTA,0,5189856
yqjE_yqjK_yqjD_yqjC_predicted,0.1111111111111111,8,8,GGAACATCTGACCCGAAGAG,0,5231338
yqjE_yqjK_yqjD_yqjC_predicted,0.1111111111111111,8,8,GGAAATAAGAAGAACTGACG,0,5227022
yqjE_yqjK_yqjD_yqjC_predicted,0.1111111111111111,8,8,GCTTGAACAAAACCAGGGAC,0,5208317
yqjE_yqjK_yqjD_yqjC_predicted,0.1111111111111111,8,8,GCTTCGCCTCGGATCGGTTT,0,5211800
yqjE_yqjK_yqjD_yqjC_predicted,0.1111111111111111,8,8,GCTTAACTACCCAGCTCGAA,0,5198157
yqjE_yqjK_yqjD_yqjC_predicted,0.1111111111111111,8,8,GCTGGGCTTAACATCATCAT,0,5173100
yqjE_yqjK_yqjD_yqjC_predicted,0.1111111111111111,8,8,GCTGGGAGTATGCCGTATCT,0,5221022
yqjE_yqjK_yqjD_yqjC_predicted,0.1111111111111111,8,8,GCTGCATAGCTACAGCTCTT,0,5242786
yqjE_yqjK_yqjD_yqjC_predicted,0.1111111111111111,8,8,GCTCGTCGATTTTGGGTGTT,0,5206454
yqjE_yqjK_yqjD_yqjC_predicted,0.1111111111111111,8,8,GCTCGTACAGGTGCTCCTCC,0,5181138
yqjE_yqjK_yqjD_yqjC_predicted,0.1111111111111111,8,8,GCTCGCGAGGATCTACTTAG,0,5222201
yqjE_yqjK_yqjD_yqjC_predicted,0.1111111111111111,8,8,GCTCATGACCTTAACTCTGC,0,5249115
yqjE_yqjK_yqjD_yqjC_predicted,0.1111111111111111,8,8,GCTCAGCCAGAAGGCACTGA,0,5189729
yqjE_yqjK_yqjD_yqjC_predicted,0.1111111111111111,8,8,GCTATTAACACTTCCTTTGC,0,5239969
yqjE_yqjK_yqjD_yqjC_predicted,0.1111111111111111,8,8,GCTAGAGGGCGGCCGGTATT,0,5231194
yqjE_yqjK_yqjD_yqjC_predicted,0.1111111111111111,8,8,GCTACAATACCGGTCATTTG,0,5247232
yqjE_yqjK_yqjD_yqjC_predicted,0.1111111111111111,8,8,GCGTTTTGGGTCTAGTCGTT,0,5237835
yqjE_yqjK_yqjD_yqjC_predicted,0.1111111111111111,8,8,GCGTTATTTGCTATACAAAT,0,5206355
yqjE_yqjK_yqjD_yqjC_predicted,0.1111111111111111,8,8,GCGTGCAATTCGATTCCACT,0,5209753
yqjE_yqjK_yqjD_yqjC_predicted,0.1111111111111111,8,8,GCGTAATGTCTGTTGCGAAT,0,5221803
yqjE_yqjK_yqjD_yqjC_predicted,0.1111111111111111,8,8,GCGGGCTGTCCTAGGGATGG,0,5243768
yqjE_yqjK_yqjD_yqjC_predicted,0.1111111111111111,8,8,GCGGGAGAGGACGATCATAG,0,5250799
yqjE_yqjK_yqjD_yqjC_predicted,0.1111111111111111,8,8,GCGCGTTTTTCACATCCGCT,0,5238807
yqjE_yqjK_yqjD_yqjC_predicted,0.1111111111111111,8,8,GCGCCCGGGCCGTTCGTATG,0,5260435
yqjE_yqjK_yqjD_yqjC_predicted,0.1111111111111111,8,8,GCGATGATCTGCGATCATGA,0,5241443
yqjE_yqjK_yqjD_yqjC_predicted,0.1111111111111111,8,8,GCGACCAAGGCGTTCCAACC,0,5194096
yqjE_yqjK_yqjD_yqjC_predicted,0.1111111111111111,8,8,GCGAACCACTATCCCACGTG,0,5258955
yqjE_yqjK_yqjD_yqjC_predicted,0.1111111111111111,8,8,GCCTGTTATCGATCGAACGG,0,5219222
yqjE_yqjK_yqjD_yqjC_predicted,0.1111111111111111,8,8,GCCTCCCTAGCCAATCTAAG,0,5184875
yqjE_yqjK_yqjD_yqjC_predicted,0.1111111111111111,8,8,GCCGTGGGTTTTTGGAAGAG,0,5219755
yqjE_yqjK_yqjD_yqjC_predicted,0.1111111111111111,8,8,GCCCTACAATACACTCGGGC,0,5185714
yqjE_yqjK_yqjD_yqjC_predicted,0.1111111111111111,8,8,GCCCAACATAAACCGTCAAA,0,5254380
yqjE_yqjK_yqjD_yqjC_predicted,0.1111111111111111,8,8,GCCAGGCCTGGGCGTACTTC,0,5183523
yqjE_yqjK_yqjD_yqjC_predicted,0.1111111111111111,8,8,GCCACGGGTAAAGTTGCCCT,0,5193442
yqjE_yqjK_yqjD_yqjC_predicted,0.1111111111111111,8,8,GCCAATGTCTCACCCCGCCG,0,5188434
yqjE_yqjK_yqjD_yqjC_predicted,0.1111111111111111,8,8,GCATTCGCTCGCTCAGGGTT,0,5242508
yqjE_yqjK_yqjD_yqjC_predicted,0.1111111111111111,8,8,GCATTACGCTATGTTAATGA,0,5261729
yqjE_yqjK_yqjD_yqjC_predicted,0.1111111111111111,8,8,GCATGTTCAGATGATGATGC,0,5196602
yqjE_yqjK_yqjD_yqjC_predicted,0.1111111111111111,8,8,GCATATGGACGGGTGTTCGT,0,5207343
yqjE_yqjK_yqjD_yqjC_predicted,0.1111111111111111,8,8,GCATACTCGCAGTACTGATA,0,5201427
yqjE_yqjK_yqjD_yqjC_predicted,0.1111111111111111,8,8,GCAAGGGGCGAACGGTTTCA,0,5184999
yqjE_yqjK_yqjD_yqjC_predicted,0.1111111111111111,8,8,GCAACCTTAAGGGGTCCTAT,0,5221219
yqjE_yqjK_yqjD_yqjC_predicted,0.1111111111111111,8,8,GATTCCTTGACCTGCGTCTC,0,5185975
yqjE_yqjK_yqjD_yqjC_predicted,0.1111111111111111,8,8,GATTAGGCGACGTTACTGCT,0,5234085
yqjE_yqjK_yqjD_yqjC_predicted,0.1111111111111111,8,8,GATGTATCTATCAGGTCCCG,0,5257102
yqjE_yqjK_yqjD_yqjC_predicted,0.1111111111111111,8,8,GATGGGAGACCCGCGGTCTC,0,5198453
yqjE_yqjK_yqjD_yqjC_predicted,0.1111111111111111,8,8,GATGCGGCGTGGAGACTGTT,0,5253019
yqjE_yqjK_yqjD_yqjC_predicted,0.1111111111111111,8,8,GATGAATGTATCGAGTGCCT,0,5224954
yqjE_yqjK_yqjD_yqjC_predicted,0.1111111111111111,8,8,GATGAACACTCCCAAAGCGT,0,5246514
yqjE_yqjK_yqjD_yqjC_predicted,0.1111111111111111,8,8,GATCTTACCGCGCAAATACC,0,5210538
yqjE_yqjK_yqjD_yqjC_predicted,0.1111111111111111,8,8,GAGTTGGCTCTAGTTTCGGG,0,5212662
yqjE_yqjK_yqjD_yqjC_predicted,0.1111111111111111,8,8,GAGGTTGCCGAAAATCCAGC,0,5249058
yqjE_yqjK_yqjD_yqjC_predicted,0.1111111111111111,8,8,GAGGGCTGCTCGAGGCAGGT,0,5261222
yqjE_yqjK_yqjD_yqjC_predicted,0.1111111111111111,8,8,GAGGGCAAGCCCAGGATTAG,0,5223167
yqjE_yqjK_yqjD_yqjC_predicted,0.1111111111111111,8,8,GAGGCTGAATCAGTGATTAA,0,5258256
yqjE_yqjK_yqjD_yqjC_predicted,0.1111111111111111,8,8,GAGGCATAAGGGCCTTTTTG,0,5236388
yqjE_yqjK_yqjD_yqjC_predicted,0.1111111111111111,8,8,GAGGACTGACATCTAGAATT,0,5208085
yqjE_yqjK_yqjD_yqjC_predicted,0.1111111111111111,8,8,GAGCGGACTCGGAAATGTGT,0,5239968
yqjE_yqjK_yqjD_yqjC_predicted,0.1111111111111111,8,8,GAGCACAAACTCCTTACTAC,0,5173972
yqjE_yqjK_yqjD_yqjC_predicted,0.1111111111111111,8,8,GAGATTGGGCCTCTAGCGGG,0,5237325
yqjE_yqjK_yqjD_yqjC_predicted,0.1111111111111111,8,8,GAGAACCTTAGTATCGTTTC,0,5244308
yqjE_yqjK_yqjD_yqjC_predicted,0.1111111111111111,8,8,GACGTTTTGTCCGAATACGG,0,5206387
yqjE_yqjK_yqjD_yqjC_predicted,0.1111111111111111,8,8,GACGTTCATTGCTATCGCGA,0,5214038
yqjE_yqjK_yqjD_yqjC_predicted,0.1111111111111111,8,8,GACGGGATGCCAAACCCCAG,0,5233342
yqjE_yqjK_yqjD_yqjC_predicted,0.1111111111111111,8,8,GACGCTAAGTGGCTAGTGTT,0,5184713
yqjE_yqjK_yqjD_yqjC_predicted,0.1111111111111111,8,8,GACCTCATTCTACCGACCCA,0,5235604
yqjE_yqjK_yqjD_yqjC_predicted,0.1111111111111111,8,8,GACAGGCAAAATCTCTTCCA,0,5194357
yqjE_yqjK_yqjD_yqjC_predicted,0.1111111111111111,8,8,GAATGATTGAAACGTTTCTT,0,5188593
yqjE_yqjK_yqjD_yqjC_predicted,0.1111111111111111,8,8,GAAGGGGCAAATATTACAAA,0,5171118
yqjE_yqjK_yqjD_yqjC_predicted,0.1111111111111111,8,8,GAAGAATTGTTTCGGTTAAG,0,5196470
yqjE_yqjK_yqjD_yqjC_predicted,0.1111111111111111,8,8,GAACGGCCTGTTGGAATGAG,0,5256931
yqjE_yqjK_yqjD_yqjC_predicted,0.1111111111111111,8,8,GAACCTATGGTTGAGTTGGT,0,5202420
yqjE_yqjK_yqjD_yqjC_predicted,0.1111111111111111,8,8,GAACACATCCGCAGTACTTG,0,5202867
yqjE_yqjK_yqjD_yqjC_predicted,0.1111111111111111,8,8,GAAAAGTTGGGGTAGGCAGA,0,5204217
yqjE_yqjK_yqjD_yqjC_predicted,0.1111111111111111,8,8,CTTTGGAGAGGCTTATTACA,0,5193947
yqjE_yqjK_yqjD_yqjC_predicted,0.1111111111111111,8,8,CTTTGATTGCCGTGCAGCCC,0,5204360
yqjE_yqjK_yqjD_yqjC_predicted,0.1111111111111111,8,8,CTTTCATCTTCTAATCCTGA,0,5184960
yqjE_yqjK_yqjD_yqjC_predicted,0.1111111111111111,8,8,CTTTAAGCACTCTCTTGACA,0,5211325
yqjE_yqjK_yqjD_yqjC_predicted,0.1111111111111111,8,8,CTTGGTTAAAGGTCGGGAGA,0,5251026
yqjE_yqjK_yqjD_yqjC_predicted,0.1111111111111111,8,8,CTTGGAATGGCAAGGGGTAT,0,5234943
yqjE_yqjK_yqjD_yqjC_predicted,0.1111111111111111,8,8,CTTGAGGTAAGTGTACGCTC,0,5242843
yqjE_yqjK_yqjD_yqjC_predicted,0.1111111111111111,8,8,CTTCGAAGGTCTGTTTTCAT,0,5221188
yqjE_yqjK_yqjD_yqjC_predicted,0.1111111111111111,8,8,CTTAGGGTGAAAGGTAGGCC,0,5212802
yqjE_yqjK_yqjD_yqjC_predicted,0.1111111111111111,8,8,CTTAGCGAGGTTTTCTTTAA,0,5236333
yqjE_yqjK_yqjD_yqjC_predicted,0.1111111111111111,8,8,CTTACGCTGAGTTATTTAAT,0,5254615
yqjE_yqjK_yqjD_yqjC_predicted,0.1111111111111111,8,8,CTTACCCTTCGCCGGTCGCT,0,5199236
yqjE_yqjK_yqjD_yqjC_predicted,0.1111111111111111,8,8,CTTAATCGGGGAACCGAAGG,0,5198777
yqjE_yqjK_yqjD_yqjC_predicted,0.1111111111111111,8,8,CTGGGACTACAAATCCTCTA,0,5242782
yqjE_yqjK_yqjD_yqjC_predicted,0.1111111111111111,8,8,CTGGAACCACTGAAGACGTG,0,5197039
yqjE_yqjK_yqjD_yqjC_predicted,0.1111111111111111,8,8,CTGCGTTACTGGCGGGGGAC,0,5262985
yqjE_yqjK_yqjD_yqjC_predicted,0.1111111111111111,8,8,CTGCCACGTAGCCTTCATAC,0,5205917
yqjE_yqjK_yqjD_yqjC_predicted,0.1111111111111111,8,8,CTGATACCAGTCTATCCGAC,0,5254715
yqjE_yqjK_yqjD_yqjC_predicted,0.1111111111111111,8,8,CTGACCGGGGAATCGTGAAT,0,5241763
yqjE_yqjK_yqjD_yqjC_predicted,0.1111111111111111,8,8,CTGACACGATAGGGGATTAT,0,5208825
yqjE_yqjK_yqjD_yqjC_predicted,0.1111111111111111,8,8,CTCTGTGTACGGTGTACCCA,0,5257776
yqjE_yqjK_yqjD_yqjC_predicted,0.1111111111111111,8,8,CTCTCGGCGCTACCTGCTGT,0,5194681
yqjE_yqjK_yqjD_yqjC_predicted,0.1111111111111111,8,8,CTCTCGCAGCCGGGCCTGTA,0,5256613
yqjE_yqjK_yqjD_yqjC_predicted,0.1111111111111111,8,8,CTCTCAGGACGGCCAGTTCG,0,5175714
yqjE_yqjK_yqjD_yqjC_predicted,0.1111111111111111,8,8,CTCTACAGGGCGAAACTATC,0,5182821
yqjE_yqjK_yqjD_yqjC_predicted,0.1111111111111111,8,8,CTCTAAAGTGGATACGAAAG,0,5217465
yqjE_yqjK_yqjD_yqjC_predicted,0.1111111111111111,8,8,CTCGACTATTGAGCCGGTAT,0,5218725
yqjE_yqjK_yqjD_yqjC_predicted,0.1111111111111111,8,8,CTCCAGCCGGCTCATACAGT,0,5209798
yqjE_yqjK_yqjD_yqjC_predicted,0.1111111111111111,8,8,CTCATATACTCCAATACATG,0,5179717
yqjE_yqjK_yqjD_yqjC_predicted,0.1111111111111111,8,8,CTCAGTGACAACCTAGGGTA,0,5237628
yqjE_yqjK_yqjD_yqjC_predicted,0.1111111111111111,8,8,CTATTTCATCCGTAGATACT,0,5175631
yqjE_yqjK_yqjD_yqjC_predicted,0.1111111111111111,8,8,CTATCGGGTTGGCTACCGCC,0,5209850
yqjE_yqjK_yqjD_yqjC_predicted,0.1111111111111111,8,8,CTATAAATCAATGCCCGGTT,0,5220201
yqjE_yqjK_yqjD_yqjC_predicted,0.1111111111111111,8,8,CTAGGCGTTGTGATACTAAG,0,5174475
yqjE_yqjK_yqjD_yqjC_predicted,0.1111111111111111,8,8,CTAGACAATGATATCAATCG,0,5180280
yqjE_yqjK_yqjD_yqjC_predicted,0.1111111111111111,8,8,CTACGATGCCGTGTGACCGG,0,5236688
yqjE_yqjK_yqjD_yqjC_predicted,0.1111111111111111,8,8,CTAATGTCGTGGCTGTAAGT,0,5234980
yqjE_yqjK_yqjD_yqjC_predicted,0.1111111111111111,8,8,CTAATCCGGGTTGTGGGAGA,0,5215318
yqjE_yqjK_yqjD_yqjC_predicted,0.1111111111111111,8,8,CTAACGCGATTGTACGCTCG,0,5215930
yqjE_yqjK_yqjD_yqjC_predicted,0.1111111111111111,8,8,CGTTTCGCCTACTATTTTAA,0,5195068
yqjE_yqjK_yqjD_yqjC_predicted,0.1111111111111111,8,8,CGTTTCCGCGGGAGCGGATA,0,5214183
yqjE_yqjK_yqjD_yqjC_predicted,0.1111111111111111,8,8,CGTTGTGCAACTACGTTATA,0,5241383
yqjE_yqjK_yqjD_yqjC_predicted,0.1111111111111111,8,8,CGTTGTCAGGTGCACCGTTT,0,5244316
yqjE_yqjK_yqjD_yqjC_predicted,0.1111111111111111,8,8,CGTTCCAAACTGACGCACGA,0,5194504
yqjE_yqjK_yqjD_yqjC_predicted,0.1111111111111111,8,8,CGTTACTGGGGTTGCCGAGG,0,5241049
yqjE_yqjK_yqjD_yqjC_predicted,0.1111111111111111,8,8,CGTGTATGCTTTGGGTGCTT,0,5260035
yqjE_yqjK_yqjD_yqjC_predicted,0.1111111111111111,8,8,CGTGCGGCCGGGTTCGTAGT,0,5261280
yqjE_yqjK_yqjD_yqjC_predicted,0.1111111111111111,8,8,CGTGCACGACTCTCGGCGAC,0,5236026
yqjE_yqjK_yqjD_yqjC_predicted,0.1111111111111111,8,8,CGTCGTTTAATATGGCCGCT,0,5255284
yqjE_yqjK_yqjD_yqjC_predicted,0.1111111111111111,8,8,CGTCGGCTATAGTCTACTAA,0,5208183
yqjE_yqjK_yqjD_yqjC_predicted,0.1111111111111111,8,8,CGTCCATATCTCTACCATGC,0,5173805
yqjE_yqjK_yqjD_yqjC_predicted,0.1111111111111111,8,8,CGTATAGTGAGGAAGGCCAT,0,5184265
yqjE_yqjK_yqjD_yqjC_predicted,0.1111111111111111,8,8,CGTAGTGGTGGTCTGCTCTA,0,5187038
yqjE_yqjK_yqjD_yqjC_predicted,0.1111111111111111,8,8,CGTACTATCGGCTATCGTTC,0,5218869
yqjE_yqjK_yqjD_yqjC_predicted,0.1111111111111111,8,8,CGTACCTCGCGCCCGGCAAT,0,5201198
yqjE_yqjK_yqjD_yqjC_predicted,0.1111111111111111,8,8,CGTAAGAATCCCCGCTTGTT,0,5201141
yqjE_yqjK_yqjD_yqjC_predicted,0.1111111111111111,8,8,CGGTGTTCAGGGACGGGTCT,0,5247482
yqjE_yqjK_yqjD_yqjC_predicted,0.1111111111111111,8,8,CGGTGCTGTATAAGGACGTC,0,5222385
yqjE_yqjK_yqjD_yqjC_predicted,0.1111111111111111,8,8,CGGTCAGGTTTAGTTTAGAC,0,5179509
yqjE_yqjK_yqjD_yqjC_predicted,0.1111111111111111,8,8,CGGTCAGCCCCAAGCTTATT,0,5203350
yqjE_yqjK_yqjD_yqjC_predicted,0.1111111111111111,8,8,CGGGGCGCAACTGGTATCCT,0,5260186
yqjE_yqjK_yqjD_yqjC_predicted,0.1111111111111111,8,8,CGGGGCAAAGCATCAGCGGT,0,5194372
yqjE_yqjK_yqjD_yqjC_predicted,0.1111111111111111,8,8,CGGGCTGTGACCCCGAGTAG,0,5244752
yqjE_yqjK_yqjD_yqjC_predicted,0.1111111111111111,8,8,CGGGCTCCACATGGCCGAAG,0,5191105
yqjE_yqjK_yqjD_yqjC_predicted,0.1111111111111111,8,8,CGGGATCCAAAGCGGTGTCT,0,5258371
yqjE_yqjK_yqjD_yqjC_predicted,0.1111111111111111,8,8,CGGGATAGAGAGTTAAATCT,0,5233712
yqjE_yqjK_yqjD_yqjC_predicted,0.1111111111111111,8,8,CGGCAGACTGCATCCTGCGT,0,5217860
yqjE_yqjK_yqjD_yqjC_predicted,0.1111111111111111,8,8,CGGCACACGCTATCGAGCCT,0,5171945
yqjE_yqjK_yqjD_yqjC_predicted,0.1111111111111111,8,8,CGGAGATGAATCCTTATATG,0,5193018
yqjE_yqjK_yqjD_yqjC_predicted,0.1111111111111111,8,8,CGGAAGACGTATAGGAACGG,0,5200491
yqjE_yqjK_yqjD_yqjC_predicted,0.1111111111111111,8,8,CGCTTCGGGGTACCTGGTTT,0,5171976
yqjE_yqjK_yqjD_yqjC_predicted,0.1111111111111111,8,8,CGCTCCCAGTTAAACGGGAG,0,5242045
yqjE_yqjK_yqjD_yqjC_predicted,0.1111111111111111,8,8,CGCGTCTCTATCTACTGGAA,0,5176312
yqjE_yqjK_yqjD_yqjC_predicted,0.1111111111111111,8,8,CGCGCGTGGGGCGTAACAGT,0,5188229
yqjE_yqjK_yqjD_yqjC_predicted,0.1111111111111111,8,8,CGCGATCACTATTCGCTGAC,0,5236407
yqjE_yqjK_yqjD_yqjC_predicted,0.1111111111111111,8,8,CGCGAAAAGTGATGTGGACT,0,5241528
yqjE_yqjK_yqjD_yqjC_predicted,0.1111111111111111,8,8,CGCCCACCGTCCAGACCCAC,0,5251234
yqjE_yqjK_yqjD_yqjC_predicted,0.1111111111111111,8,8,CGCCAATTTGGAAATAATTT,0,5230247
yqjE_yqjK_yqjD_yqjC_predicted,0.1111111111111111,8,8,CGCAGCTAACAACGGGTTTA,0,5239341
yqjE_yqjK_yqjD_yqjC_predicted,0.1111111111111111,8,8,CGCAGCCGCCCTAATCGATA,0,5219147
yqjE_yqjK_yqjD_yqjC_predicted,0.1111111111111111,8,8,CGCAGAAAAGTGGGCCGGTC,0,5210732
yqjE_yqjK_yqjD_yqjC_predicted,0.1111111111111111,8,8,CGCAAGACTGCTGTTAGTCA,0,5211172
yqjE_yqjK_yqjD_yqjC_predicted,0.1111111111111111,8,8,CGATTTTAAGAGAGTCGAGA,0,5188867
yqjE_yqjK_yqjD_yqjC_predicted,0.1111111111111111,8,8,CGATTTGATATACCAACGCG,0,5231154
yqjE_yqjK_yqjD_yqjC_predicted,0.1111111111111111,8,8,CGATGGATAAATCATTTACG,0,5186208
yqjE_yqjK_yqjD_yqjC_predicted,0.1111111111111111,8,8,CGATCAACAGGCCGCTAAAT,0,5230582
yqjE_yqjK_yqjD_yqjC_predicted,0.1111111111111111,8,8,CGAGACCGGAACAACTTCCA,0,5188809
yqjE_yqjK_yqjD_yqjC_predicted,0.1111111111111111,8,8,CGACTTATACTTCAATAGCG,0,5225830
yqjE_yqjK_yqjD_yqjC_predicted,0.1111111111111111,8,8,CGAAGTGTAACCACGGCCCA,0,5222455
yqjE_yqjK_yqjD_yqjC_predicted,0.1111111111111111,8,8,CGAAGGTTGAAAATGCAGTC,0,5176603
yqjE_yqjK_yqjD_yqjC_predicted,0.1111111111111111,8,8,CGAAGAAAACCTTCTGGCGA,0,5179998
yqjE_yqjK_yqjD_yqjC_predicted,0.1111111111111111,8,8,CGAAAGCGGGACCCGTGTGA,0,5191438
yqjE_yqjK_yqjD_yqjC_predicted,0.1111111111111111,8,8,CGAAAGCGGCCTGGTGTTTC,0,5207803
yqjE_yqjK_yqjD_yqjC_predicted,0.1111111111111111,8,8,CGAAACTAAATTTATTGAGC,0,5238942
yqjE_yqjK_yqjD_yqjC_predicted,0.1111111111111111,8,8,CCTTTCTGACGGGCGGGTGT,0,5231156
yqjE_yqjK_yqjD_yqjC_predicted,0.1111111111111111,8,8,CCTTAGTTAGCGCGCAACGG,0,5177295
yqjE_yqjK_yqjD_yqjC_predicted,0.1111111111111111,8,8,CCTGGGATAGGGGGCGACGC,0,5212732
yqjE_yqjK_yqjD_yqjC_predicted,0.1111111111111111,8,8,CCTGGCGTCGAGGCCTCCTT,0,5183364
yqjE_yqjK_yqjD_yqjC_predicted,0.1111111111111111,8,8,CCTGCTCCCGGGGGTCCAAG,0,5262274
yqjE_yqjK_yqjD_yqjC_predicted,0.1111111111111111,8,8,CCTCGGTACTTGGAGAGGTG,0,5192202
yqjE_yqjK_yqjD_yqjC_predicted,0.1111111111111111,8,8,CCTCCGGGTCTACGCAATGA,0,5256469
yqjE_yqjK_yqjD_yqjC_predicted,0.1111111111111111,8,8,CCTCAGGAGATGGAGACTCT,0,5246605
yqjE_yqjK_yqjD_yqjC_predicted,0.1111111111111111,8,8,CCTATCACTAGACTAAGAAC,0,5212965
yqjE_yqjK_yqjD_yqjC_predicted,0.1111111111111111,8,8,CCTAGAGATGACAGTCGGTG,0,5208175
yqjE_yqjK_yqjD_yqjC_predicted,0.1111111111111111,8,8,CCTACCGGGACGTCTGCTTT,0,5243162
yqjE_yqjK_yqjD_yqjC_predicted,0.1111111111111111,8,8,CCGTTCAATTAGTGTGTAGG,0,5217463
yqjE_yqjK_yqjD_yqjC_predicted,0.1111111111111111,8,8,CCGTCTCCCTGCTTTGAGTG,0,5228133
yqjE_yqjK_yqjD_yqjC_predicted,0.1111111111111111,8,8,CCGTACCTCTCTTGCTCGCA,0,5228578
yqjE_yqjK_yqjD_yqjC_predicted,0.1111111111111111,8,8,CCGGCGAAGGACTAACTCCC,0,5176575
yqjE_yqjK_yqjD_yqjC_predicted,0.1111111111111111,8,8,CCGGATCCACAGTGTAGAGA,0,5206797
yqjE_yqjK_yqjD_yqjC_predicted,0.1111111111111111,8,8,CCGGACCGGGCAGGTTATGT,0,5192906
yqjE_yqjK_yqjD_yqjC_predicted,0.1111111111111111,8,8,CCGCAAAGAAATGGCTTCAC,0,5216213
yqjE_yqjK_yqjD_yqjC_predicted,0.1111111111111111,8,8,CCGATCGGCAAGTGACAGGG,0,5217598
yqjE_yqjK_yqjD_yqjC_predicted,0.1111111111111111,8,8,CCGAGCCGATTATGATTTCG,0,5262397
yqjE_yqjK_yqjD_yqjC_predicted,0.1111111111111111,8,8,CCGACTTGGTAGGCCGTCTG,0,5200316
yqjE_yqjK_yqjD_yqjC_predicted,0.1111111111111111,8,8,CCGACGAGTCTCCCGGGTTC,0,5174642
yqjE_yqjK_yqjD_yqjC_predicted,0.1111111111111111,8,8,CCGACAGGCCTTTAGGCGCT,0,5219929
yqjE_yqjK_yqjD_yqjC_predicted,0.1111111111111111,8,8,CCCTGACGAACCACGTAGGT,0,5217713
yqjE_yqjK_yqjD_yqjC_predicted,0.1111111111111111,8,8,CCCTCACGGGGATCAGTCGC,0,5196387
yqjE_yqjK_yqjD_yqjC_predicted,0.1111111111111111,8,8,CCCGTGGCAGCTAAAGCGAA,0,5204911
yqjE_yqjK_yqjD_yqjC_predicted,0.1111111111111111,8,8,CCCGGATCATTTATGAATTT,0,5243908
yqjE_yqjK_yqjD_yqjC_predicted,0.1111111111111111,8,8,CCCGCTTTGCGCCCGGACAA,0,5182158
yqjE_yqjK_yqjD_yqjC_predicted,0.1111111111111111,8,8,CCCGCTCAACAAGTAGGAAC,0,5236578
yqjE_yqjK_yqjD_yqjC_predicted,0.1111111111111111,8,8,CCCGCCTGGCTATACGCGAA,0,5187475
yqjE_yqjK_yqjD_yqjC_predicted,0.1111111111111111,8,8,CCCCTCGTTAAGCACTGCGT,0,5259261
yqjE_yqjK_yqjD_yqjC_predicted,0.1111111111111111,8,8,CCCCGCAGACTGTGATCCCC,0,5193074
yqjE_yqjK_yqjD_yqjC_predicted,0.1111111111111111,8,8,CCCCCAGTTGTGTAGTGGTT,0,5206263
yqjE_yqjK_yqjD_yqjC_predicted,0.1111111111111111,8,8,CCCCCAACTGCAGTTTGCGT,0,5194654
yqjE_yqjK_yqjD_yqjC_predicted,0.1111111111111111,8,8,CCCCACATATTTATCCTTAC,0,5204020
yqjE_yqjK_yqjD_yqjC_predicted,0.1111111111111111,8,8,CCCATCTTGTTCCGCAGTTA,0,5213367
yqjE_yqjK_yqjD_yqjC_predicted,0.1111111111111111,8,8,CCCAGAGTATGGGATCACAC,0,5225055
yqjE_yqjK_yqjD_yqjC_predicted,0.1111111111111111,8,8,CCATGTACCACGTACAGCTT,0,5203032
yqjE_yqjK_yqjD_yqjC_predicted,0.1111111111111111,8,8,CCATCGGACGGCGCCCACGG,0,5222383
yqjE_yqjK_yqjD_yqjC_predicted,0.1111111111111111,8,8,CCAGATACTCTTTGTCCGGG,0,5219060
yqjE_yqjK_yqjD_yqjC_predicted,0.1111111111111111,8,8,CCACACAGTTTACTTACAGG,0,5262597
yqjE_yqjK_yqjD_yqjC_predicted,0.1111111111111111,8,8,CCACACAAAACAGCCAATGA,0,5197377
yqjE_yqjK_yqjD_yqjC_predicted,0.1111111111111111,8,8,CCACAAGTTCCCATGGGAGC,0,5204521
yqjE_yqjK_yqjD_yqjC_predicted,0.1111111111111111,8,8,CCAATGTCACAGATTGCCTG,0,5178410
yqjE_yqjK_yqjD_yqjC_predicted,0.1111111111111111,8,8,CCAAATTGCAAAACCCGAAA,0,5252030
yqjE_yqjK_yqjD_yqjC_predicted,0.1111111111111111,8,8,CCAAAGGTGTATGTAAGCTA,0,5255588
yqjE_yqjK_yqjD_yqjC_predicted,0.1111111111111111,8,8,CATTTGTACCATTTTCCACA,0,5256632
yqjE_yqjK_yqjD_yqjC_predicted,0.1111111111111111,8,8,CATTCTTTAAGGCTGTTACT,0,5189855
yqjE_yqjK_yqjD_yqjC_predicted,0.1111111111111111,8,8,CATTCATGGTGGCCCGAGAT,0,5192825
yqjE_yqjK_yqjD_yqjC_predicted,0.1111111111111111,8,8,CATGTCTAGTAATTGATCGT,0,5253986
yqjE_yqjK_yqjD_yqjC_predicted,0.1111111111111111,8,8,CATGTAGGATCCGTGTCCCC,0,5225082
yqjE_yqjK_yqjD_yqjC_predicted,0.1111111111111111,8,8,CATGCTTGGGGCTTTAATGT,0,5205430
yqjE_yqjK_yqjD_yqjC_predicted,0.1111111111111111,8,8,CATGCGCTCCTTGTAAGGCG,0,5189611
yqjE_yqjK_yqjD_yqjC_predicted,0.1111111111111111,8,8,CATGCAGTATCCTGTTACAC,0,5256684
yqjE_yqjK_yqjD_yqjC_predicted,0.1111111111111111,8,8,CATCTTGCCATAATTGCTCA,0,5200318
yqjE_yqjK_yqjD_yqjC_predicted,0.1111111111111111,8,8,CATCAGCTGTCTCTTTTAAC,0,5187052
yqjE_yqjK_yqjD_yqjC_predicted,0.1111111111111111,8,8,CATCACTGGCAGACGACCTG,0,5179724
yqjE_yqjK_yqjD_yqjC_predicted,0.1111111111111111,8,8,CATATGATGCGCGTTAGAGT,0,5173272
yqjE_yqjK_yqjD_yqjC_predicted,0.1111111111111111,8,8,CATAAACACCCTCTATTTTT,0,5237477
yqjE_yqjK_yqjD_yqjC_predicted,0.1111111111111111,8,8,CAGTTGTCCCGCGACCATGC,0,5243299
yqjE_yqjK_yqjD_yqjC_predicted,0.1111111111111111,8,8,CAGTCTACTGTTAGTTACCA,0,5217228
yqjE_yqjK_yqjD_yqjC_predicted,0.1111111111111111,8,8,CAGGTGATACCGACCGTTAA,0,5185106
yqjE_yqjK_yqjD_yqjC_predicted,0.1111111111111111,8,8,CAGGTCACGTAAGTCCAAAA,0,5189001
yqjE_yqjK_yqjD_yqjC_predicted,0.1111111111111111,8,8,CAGGGGTGCGTAAACAGGAA,0,5242431
yqjE_yqjK_yqjD_yqjC_predicted,0.1111111111111111,8,8,CAGGGGTAGATAAGGGGTGT,0,5255797
yqjE_yqjK_yqjD_yqjC_predicted,0.1111111111111111,8,8,CAGAGGCTCTATGAAGGTGT,0,5190102
yqjE_yqjK_yqjD_yqjC_predicted,0.1111111111111111,8,8,CAGAGCGAAGCGCGGCAGGT,0,5173629
yqjE_yqjK_yqjD_yqjC_predicted,0.1111111111111111,8,8,CACTTGCTCGATGACCAGCT,0,5189686
yqjE_yqjK_yqjD_yqjC_predicted,0.1111111111111111,8,8,CACTGGTGTTCTCACAAGCG,0,5215894
yqjE_yqjK_yqjD_yqjC_predicted,0.1111111111111111,8,8,CACTGGACACCGCTCCTCTA,0,5197985
yqjE_yqjK_yqjD_yqjC_predicted,0.1111111111111111,8,8,CACGGTAGCATGCAGACTCC,0,5199344
yqjE_yqjK_yqjD_yqjC_predicted,0.1111111111111111,8,8,CACGCTCTTGGGAGGTCATA,0,5203974
yqjE_yqjK_yqjD_yqjC_predicted,0.1111111111111111,8,8,CACCCACAGCTGTCTACGAT,0,5247477
yqjE_yqjK_yqjD_yqjC_predicted,0.1111111111111111,8,8,CACATTCACGTTCCCAGTTT,0,5188328
yqjE_yqjK_yqjD_yqjC_predicted,0.1111111111111111,8,8,CACAGAAACACCCTTCGAGC,0,5198190
yqjE_yqjK_yqjD_yqjC_predicted,0.1111111111111111,8,8,CAATTGCGAATCACAACGAC,0,5214947
yqjE_yqjK_yqjD_yqjC_predicted,0.1111111111111111,8,8,CAAGCCCTCCAACGCCTTTC,0,5194287
yqjE_yqjK_yqjD_yqjC_predicted,0.1111111111111111,8,8,CAAGACAGCAAATACATAAC,0,5188261
yqjE_yqjK_yqjD_yqjC_predicted,0.1111111111111111,8,8,CAACGGGCGGCACAAAAGTG,0,5246855
yqjE_yqjK_yqjD_yqjC_predicted,0.1111111111111111,8,8,CAACGAAAAAATTAACGAAC,0,5188601
yqjE_yqjK_yqjD_yqjC_predicted,0.1111111111111111,8,8,CAAATCTTGCGCTCTCAGTG,0,5174970
yqjE_yqjK_yqjD_yqjC_predicted,0.1111111111111111,8,8,CAAAGGACACACCGTTACTC,0,5175085
yqjE_yqjK_yqjD_yqjC_predicted,0.1111111111111111,8,8,CAAAGCCCGGGATTATGAGC,0,5190926
yqjE_yqjK_yqjD_yqjC_predicted,0.1111111111111111,8,8,ATTTCTAAGAACGGGTAATT,0,5195119
yqjE_yqjK_yqjD_yqjC_predicted,0.1111111111111111,8,8,ATTTATCGCCCAGAAGAACC,0,5193638
yqjE_yqjK_yqjD_yqjC_predicted,0.1111111111111111,8,8,ATTGTTGGCCGACCGTGTTT,0,5192401
yqjE_yqjK_yqjD_yqjC_predicted,0.1111111111111111,8,8,ATTGTGTCCTTAAGGGACAG,0,5183613
yqjE_yqjK_yqjD_yqjC_predicted,0.1111111111111111,8,8,ATTGCGGTTCGATATATGGT,0,5218505
yqjE_yqjK_yqjD_yqjC_predicted,0.1111111111111111,8,8,ATTGATTAGGGCAATAACAG,0,5220702
yqjE_yqjK_yqjD_yqjC_predicted,0.1111111111111111,8,8,ATTGAGTAAGTCCAACTGCT,0,5209350
yqjE_yqjK_yqjD_yqjC_predicted,0.1111111111111111,8,8,ATTCTTTGTCGCTTCAATTA,0,5219894
yqjE_yqjK_yqjD_yqjC_predicted,0.1111111111111111,8,8,ATTCTTCAGGAGTCCCAAAC,0,5214739
yqjE_yqjK_yqjD_yqjC_predicted,0.1111111111111111,8,8,ATTCTTCAAGATTTAATGAT,0,5204684
yqjE_yqjK_yqjD_yqjC_predicted,0.1111111111111111,8,8,ATTATCCGTAACGTTTAGCT,0,5244124
yqjE_yqjK_yqjD_yqjC_predicted,0.1111111111111111,8,8,ATTATATTAGGGTCCCCGAA,0,5262042
yqjE_yqjK_yqjD_yqjC_predicted,0.1111111111111111,8,8,ATTAGGCTCTTTCAACAAAA,0,5174514
yqjE_yqjK_yqjD_yqjC_predicted,0.1111111111111111,8,8,ATTAGCATGTTAAGCAGCTG,0,5245576
yqjE_yqjK_yqjD_yqjC_predicted,0.1111111111111111,8,8,ATTACGTTAACCCGGTGGCC,0,5231395
yqjE_yqjK_yqjD_yqjC_predicted,0.1111111111111111,8,8,ATTACGGGCGATAGACTCTG,0,5240362
yqjE_yqjK_yqjD_yqjC_predicted,0.1111111111111111,8,8,ATTACACAAGGTTGTGCACG,0,5180284
yqjE_yqjK_yqjD_yqjC_predicted,0.1111111111111111,8,8,ATGGTTGAGATCTTGTACTG,0,5236573
yqjE_yqjK_yqjD_yqjC_predicted,0.1111111111111111,8,8,ATGGTGTATCAGTGCCTCGT,0,5197058
yqjE_yqjK_yqjD_yqjC_predicted,0.1111111111111111,8,8,ATGGTCACTGCCATCACATG,0,5236118
yqjE_yqjK_yqjD_yqjC_predicted,0.1111111111111111,8,8,ATGGTATTTTAAGTGCGACG,0,5195472
yqjE_yqjK_yqjD_yqjC_predicted,0.1111111111111111,8,8,ATGGGGAAAATAGGTGAGCG,0,5206289
yqjE_yqjK_yqjD_yqjC_predicted,0.1111111111111111,8,8,ATGGCCTATAATAACGCTTT,0,5186333
yqjE_yqjK_yqjD_yqjC_predicted,0.1111111111111111,8,8,ATGGCCAGGAGGACAACACG,0,5218833
yqjE_yqjK_yqjD_yqjC_predicted,0.1111111111111111,8,8,ATGCTATGGTTGTTCTCGAG,0,5209728
yqjE_yqjK_yqjD_yqjC_predicted,0.1111111111111111,8,8,ATGCTACAAAGTTAGCTTAA,0,5233700
yqjE_yqjK_yqjD_yqjC_predicted,0.1111111111111111,8,8,ATGCGCCGCTATTGAACCTA,0,5229392
yqjE_yqjK_yqjD_yqjC_predicted,0.1111111111111111,8,8,ATGCCATTAGATCGCTGCGC,0,5254062
yqjE_yqjK_yqjD_yqjC_predicted,0.1111111111111111,8,8,ATGACCAGCGGCCGGAAATC,0,5210452
yqjE_yqjK_yqjD_yqjC_predicted,0.1111111111111111,8,8,ATCTGGAGACCAGGAGCGCC,0,5207220
yqjE_yqjK_yqjD_yqjC_predicted,0.1111111111111111,8,8,ATCTATGCTAGGCGAAGGGG,0,5194247
yqjE_yqjK_yqjD_yqjC_predicted,0.1111111111111111,8,8,ATCGTTATGATTGGTTCCAT,0,5243666
yqjE_yqjK_yqjD_yqjC_predicted,0.1111111111111111,8,8,ATCGCTTATGTGCGGTGGGG,0,5209226
yqjE_yqjK_yqjD_yqjC_predicted,0.1111111111111111,8,8,ATCGCTGAAGTAAGGAAGTC,0,5258055
yqjE_yqjK_yqjD_yqjC_predicted,0.1111111111111111,8,8,ATCGCGACTTGGGACTTCCT,0,5252366
yqjE_yqjK_yqjD_yqjC_predicted,0.1111111111111111,8,8,ATCGACTTTGATGTTAGCCC,0,5227293
yqjE_yqjK_yqjD_yqjC_predicted,0.1111111111111111,8,8,ATCCTTACCTCAGTCGGTGC,0,5201857
yqjE_yqjK_yqjD_yqjC_predicted,0.1111111111111111,8,8,ATCCAACGTAAGTTATCGAA,0,5233395
yqjE_yqjK_yqjD_yqjC_predicted,0.1111111111111111,8,8,ATCCAACATCCGGTACCTCA,0,5236402
yqjE_yqjK_yqjD_yqjC_predicted,0.1111111111111111,8,8,ATCCAAAACGCGTGATTCAA,0,5171861
yqjE_yqjK_yqjD_yqjC_predicted,0.1111111111111111,8,8,ATCAGGTCGGCTTTATGGTT,0,5247892
yqjE_yqjK_yqjD_yqjC_predicted,0.1111111111111111,8,8,ATCAGAGATACGTGAACCCG,0,5224539
yqjE_yqjK_yqjD_yqjC_predicted,0.1111111111111111,8,8,ATATCTGGACGCTCGGGGCT,0,5219077
yqjE_yqjK_yqjD_yqjC_predicted,0.1111111111111111,8,8,ATAGCCCGCCAGCGTTCGAC,0,5209275
yqjE_yqjK_yqjD_yqjC_predicted,0.1111111111111111,8,8,ATACTTCTTGTTCGGCCTCT,0,5203800
yqjE_yqjK_yqjD_yqjC_predicted,0.1111111111111111,8,8,ATACGGGTCGGTTGTATGTA,0,5251757
yqjE_yqjK_yqjD_yqjC_predicted,0.1111111111111111,8,8,ATACGCTACGTACAAGTCAG,0,5230187
yqjE_yqjK_yqjD_yqjC_predicted,0.1111111111111111,8,8,ATACGACTTCGGCTGGTTGG,0,5260472
yqjE_yqjK_yqjD_yqjC_predicted,0.1111111111111111,8,8,ATACATTGGGGCAGCACAAG,0,5178232
yqjE_yqjK_yqjD_yqjC_predicted,0.1111111111111111,8,8,ATACAGCGAAAATACGACCC,0,5253349
yqjE_yqjK_yqjD_yqjC_predicted,0.1111111111111111,8,8,ATAAGGATTTGCCGTTGTGC,0,5227710
yqjE_yqjK_yqjD_yqjC_predicted,0.1111111111111111,8,8,AGTTGACCCTTTAAGTCCTT,0,5228795
yqjE_yqjK_yqjD_yqjC_predicted,0.1111111111111111,8,8,AGTTAATAGTGTGATGACGT,0,5177964
yqjE_yqjK_yqjD_yqjC_predicted,0.1111111111111111,8,8,AGTGTGTCCTTAGTCGGGAG,0,5184579
yqjE_yqjK_yqjD_yqjC_predicted,0.1111111111111111,8,8,AGTGGTGCTAATCCACATCT,0,5194690
yqjE_yqjK_yqjD_yqjC_predicted,0.1111111111111111,8,8,AGTGGGTGTCGCTTTGCCGT,0,5173702
yqjE_yqjK_yqjD_yqjC_predicted,0.1111111111111111,8,8,AGTGCTTGTTTGCTATTCAA,0,5240652
yqjE_yqjK_yqjD_yqjC_predicted,0.1111111111111111,8,8,AGTGAGGAGGCCGGTAGCCA,0,5220104
yqjE_yqjK_yqjD_yqjC_predicted,0.1111111111111111,8,8,AGTGAGAGGCTGTGGCATTT,0,5174631
yqjE_yqjK_yqjD_yqjC_predicted,0.1111111111111111,8,8,AGTCTCCGACGTAGGGAGCT,0,5260468
yqjE_yqjK_yqjD_yqjC_predicted,0.1111111111111111,8,8,AGTCGTAAGGAGAGGCAAGT,0,5206688
yqjE_yqjK_yqjD_yqjC_predicted,0.1111111111111111,8,8,AGTCCCGCGACCCCACTCAA,0,5258054
yqjE_yqjK_yqjD_yqjC_predicted,0.1111111111111111,8,8,AGTCAGGCGATCTTACTGCT,0,5184230
yqjE_yqjK_yqjD_yqjC_predicted,0.1111111111111111,8,8,AGTAGGGCTACGGTTATCCA,0,5221019
yqjE_yqjK_yqjD_yqjC_predicted,0.1111111111111111,8,8,AGTAACACTGTGTAGTCGCA,0,5239334
yqjE_yqjK_yqjD_yqjC_predicted,0.1111111111111111,8,8,AGGTTCTTTGCGAACTTACA,0,5231603
yqjE_yqjK_yqjD_yqjC_predicted,0.1111111111111111,8,8,AGGTTAAAAGGACATATCAT,0,5183466
yqjE_yqjK_yqjD_yqjC_predicted,0.1111111111111111,8,8,AGGTGGTGAAACTTTGGAAT,0,5173701
yqjE_yqjK_yqjD_yqjC_predicted,0.1111111111111111,8,8,AGGTATTTCTAAACCCCTAC,0,5229939
yqjE_yqjK_yqjD_yqjC_predicted,0.1111111111111111,8,8,AGGTACTGCGCATATGATCA,0,5213231
yqjE_yqjK_yqjD_yqjC_predicted,0.1111111111111111,8,8,AGGTACCCACGTGTTATTTA,0,5172755
yqjE_yqjK_yqjD_yqjC_predicted,0.1111111111111111,8,8,AGGCGGGAATCGTTCTCAAC,0,5225187
yqjE_yqjK_yqjD_yqjC_predicted,0.1111111111111111,8,8,AGGCATAAGAGGTCATGCTG,0,5227497
yqjE_yqjK_yqjD_yqjC_predicted,0.1111111111111111,8,8,AGGAGGTTTATCCAACCTCG,0,5233635
yqjE_yqjK_yqjD_yqjC_predicted,0.1111111111111111,8,8,AGGAGATCCAAGACTGGCAA,0,5223645
yqjE_yqjK_yqjD_yqjC_predicted,0.1111111111111111,8,8,AGCTTGCTTAGGTCGTTTTA,0,5208893
yqjE_yqjK_yqjD_yqjC_predicted,0.1111111111111111,8,8,AGCTTGAGCCCGCGAAGCTC,0,5224429
yqjE_yqjK_yqjD_yqjC_predicted,0.1111111111111111,8,8,AGCTGGGGCTAGCTCACAGT,0,5185380
yqjE_yqjK_yqjD_yqjC_predicted,0.1111111111111111,8,8,AGCCATCTCGCAGCTGTGCT,0,5196313
yqjE_yqjK_yqjD_yqjC_predicted,0.1111111111111111,8,8,AGCATTTTCCCAACGTGGTT,0,5224613
yqjE_yqjK_yqjD_yqjC_predicted,0.1111111111111111,8,8,AGCACCGCAATGTACACCGT,0,5219281
yqjE_yqjK_yqjD_yqjC_predicted,0.1111111111111111,8,8,AGCAACGAGTATAACTGTCC,0,5190925
yqjE_yqjK_yqjD_yqjC_predicted,0.1111111111111111,8,8,AGATGTCACCCTCCTGCCAA,0,5261822
yqjE_yqjK_yqjD_yqjC_predicted,0.1111111111111111,8,8,AGATGGTAAATCGCCGCGCG,0,5261992
yqjE_yqjK_yqjD_yqjC_predicted,0.1111111111111111,8,8,AGATACTGTCGGCTCAGAAG,0,5241657
yqjE_yqjK_yqjD_yqjC_predicted,0.1111111111111111,8,8,AGAGCGCGGGGAGGCACGTC,0,5252367
yqjE_yqjK_yqjD_yqjC_predicted,0.1111111111111111,8,8,AGAGCATTGGTCAACTTGAG,0,5247037
yqjE_yqjK_yqjD_yqjC_predicted,0.1111111111111111,8,8,AGAGCAATATTGCGCCACAT,0,5172200
yqjE_yqjK_yqjD_yqjC_predicted,0.1111111111111111,8,8,AGAGAGCCACGAGCTAATTC,0,5180042
yqjE_yqjK_yqjD_yqjC_predicted,0.1111111111111111,8,8,AGAGAACTGGGGGTCCAGCG,0,5259273
yqjE_yqjK_yqjD_yqjC_predicted,0.1111111111111111,8,8,AGACTTTGAAACGCGCTCGG,0,5236467
yqjE_yqjK_yqjD_yqjC_predicted,0.1111111111111111,8,8,AGACTAGGCGCAGCTTAAAA,0,5183069
yqjE_yqjK_yqjD_yqjC_predicted,0.1111111111111111,8,8,AGACCGAGTTCGTCTTTCGA,0,5202660
yqjE_yqjK_yqjD_yqjC_predicted,0.1111111111111111,8,8,AGAATCAAGCAGTCACCACA,0,5195649
yqjE_yqjK_yqjD_yqjC_predicted,0.1111111111111111,8,8,ACTTGCGACCCTTTTTAATG,0,5173245
yqjE_yqjK_yqjD_yqjC_predicted,0.1111111111111111,8,8,ACTTATCCCCACTGAGAAGG,0,5212877
yqjE_yqjK_yqjD_yqjC_predicted,0.1111111111111111,8,8,ACTGCGGTTCCCATTCTTCG,0,5240728
yqjE_yqjK_yqjD_yqjC_predicted,0.1111111111111111,8,8,ACTGACCGGTAGCCTAGGTG,0,5206795
yqjE_yqjK_yqjD_yqjC_predicted,0.1111111111111111,8,8,ACTCCGTCCCGCCTCAATCA,0,5211495
yqjE_yqjK_yqjD_yqjC_predicted,0.1111111111111111,8,8,ACTCATTAAAACACACCAGT,0,5191388
yqjE_yqjK_yqjD_yqjC_predicted,0.1111111111111111,8,8,ACTAAGACGTGTAGGATGGT,0,5215094
yqjE_yqjK_yqjD_yqjC_predicted,0.1111111111111111,8,8,ACGTGGGCCTGATCCAAAGG,0,5190812
yqjE_yqjK_yqjD_yqjC_predicted,0.1111111111111111,8,8,ACGTCGTAACATAAGTTCTG,0,5255794
yqjE_yqjK_yqjD_yqjC_predicted,0.1111111111111111,8,8,ACGTCCTGCCTCTTGCCGTA,0,5231621
yqjE_yqjK_yqjD_yqjC_predicted,0.1111111111111111,8,8,ACGGTCAAGTAGCATCATGG,0,5212720
yqjE_yqjK_yqjD_yqjC_predicted,0.1111111111111111,8,8,ACGGGTCTGTCTATTCCGGA,0,5212072
yqjE_yqjK_yqjD_yqjC_predicted,0.1111111111111111,8,8,ACGGGCCAAAGGCCCTGTGG,0,5200455
yqjE_yqjK_yqjD_yqjC_predicted,0.1111111111111111,8,8,ACGCAGCACCCGAAAGGCCA,0,5220883
yqjE_yqjK_yqjD_yqjC_predicted,0.1111111111111111,8,8,ACGCAATATACGGCGTGCAT,0,5186194
yqjE_yqjK_yqjD_yqjC_predicted,0.1111111111111111,8,8,ACGAATTACACGAACGGTGT,0,5221158
yqjE_yqjK_yqjD_yqjC_predicted,0.1111111111111111,8,8,ACCTTCATTAATTAAGGATG,0,5238251
yqjE_yqjK_yqjD_yqjC_predicted,0.1111111111111111,8,8,ACCTGTTGATGTGAGTCTGG,0,5189132
yqjE_yqjK_yqjD_yqjC_predicted,0.1111111111111111,8,8,ACCTGTCAACATGGCCCTTA,0,5224622
yqjE_yqjK_yqjD_yqjC_predicted,0.1111111111111111,8,8,ACCTGCTAACGAGGTAATAT,0,5189556
yqjE_yqjK_yqjD_yqjC_predicted,0.1111111111111111,8,8,ACCTGCAAAATCCGTCGGCA,0,5228777
yqjE_yqjK_yqjD_yqjC_predicted,0.1111111111111111,8,8,ACCGGTTACCTTCCCTATCG,0,5228913
yqjE_yqjK_yqjD_yqjC_predicted,0.1111111111111111,8,8,ACCGCCAACCACTCCTATGC,0,5254602
yqjE_yqjK_yqjD_yqjC_predicted,0.1111111111111111,8,8,ACCGACCAGCAGTAGGTCGC,0,5184965
yqjE_yqjK_yqjD_yqjC_predicted,0.1111111111111111,8,8,ACCCTAAAAGTACCGTTGCT,0,5188306
yqjE_yqjK_yqjD_yqjC_predicted,0.1111111111111111,8,8,ACCCAGTACGACGGTAACGG,0,5190471
yqjE_yqjK_yqjD_yqjC_predicted,0.1111111111111111,8,8,ACCATTCGCTATCGATTGTA,0,5247274
yqjE_yqjK_yqjD_yqjC_predicted,0.1111111111111111,8,8,ACCAAAGCCCAAGATACTAC,0,5184135
yqjE_yqjK_yqjD_yqjC_predicted,0.1111111111111111,8,8,ACATCATTGGGACGATCCCA,0,5188011
yqjE_yqjK_yqjD_yqjC_predicted,0.1111111111111111,8,8,ACATCACACAGTGATACCTG,0,5208328
yqjE_yqjK_yqjD_yqjC_predicted,0.1111111111111111,8,8,ACAGGGCATCGTGAGCCATT,0,5176505
yqjE_yqjK_yqjD_yqjC_predicted,0.1111111111111111,8,8,ACAGCCGCCTCAAGGATGCA,0,5194877
yqjE_yqjK_yqjD_yqjC_predicted,0.1111111111111111,8,8,ACACGAAACGGTACTTAATC,0,5229999
yqjE_yqjK_yqjD_yqjC_predicted,0.1111111111111111,8,8,ACAATGGGTGCACAGGACGG,0,5202801
yqjE_yqjK_yqjD_yqjC_predicted,0.1111111111111111,8,8,ACAAAAGGTACACTTGAACA,0,5199192
yqjE_yqjK_yqjD_yqjC_predicted,0.1111111111111111,8,8,AATTTCCGGACACGACCTCA,0,5206214
yqjE_yqjK_yqjD_yqjC_predicted,0.1111111111111111,8,8,AATTTCAGCTTCGCCACTTC,0,5216266
yqjE_yqjK_yqjD_yqjC_predicted,0.1111111111111111,8,8,AATTTATCTGACAATCCGGC,0,5198256
yqjE_yqjK_yqjD_yqjC_predicted,0.1111111111111111,8,8,AATTGTCCATACGACCTGGG,0,5252120
yqjE_yqjK_yqjD_yqjC_predicted,0.1111111111111111,8,8,AATTCAGGGTCGCCCTTCCC,0,5221097
yqjE_yqjK_yqjD_yqjC_predicted,0.1111111111111111,8,8,AATGCACAGGCTCCAGAGTG,0,5194522
yqjE_yqjK_yqjD_yqjC_predicted,0.1111111111111111,8,8,AATGAACCTAACGGTGTGCA,0,5189117
yqjE_yqjK_yqjD_yqjC_predicted,0.1111111111111111,8,8,AATCTGAGCGGAGTACGGGA,0,5247717
yqjE_yqjK_yqjD_yqjC_predicted,0.1111111111111111,8,8,AATCAGTTTTGCCTAGCGAC,0,5232889
yqjE_yqjK_yqjD_yqjC_predicted,0.1111111111111111,8,8,AATCAAGTCAGGACTGCCGT,0,5184601
yqjE_yqjK_yqjD_yqjC_predicted,0.1111111111111111,8,8,AATATCGCTGCCAATCCAGA,0,5243483
yqjE_yqjK_yqjD_yqjC_predicted,0.1111111111111111,8,8,AATATACCGCAGCCTATTTC,0,5235780
yqjE_yqjK_yqjD_yqjC_predicted,0.1111111111111111,8,8,AATAGAGGCCTGCATCTTGT,0,5209014
yqjE_yqjK_yqjD_yqjC_predicted,0.1111111111111111,8,8,AAGTAGAGCAGTATTTTGCG,0,5185534
yqjE_yqjK_yqjD_yqjC_predicted,0.1111111111111111,8,8,AAGGTGGAAGACACGTACAT,0,5237393
yqjE_yqjK_yqjD_yqjC_predicted,0.1111111111111111,8,8,AAGGCTCCGGCAGAGTGCCT,0,5246031
yqjE_yqjK_yqjD_yqjC_predicted,0.1111111111111111,8,8,AAGGCCCGGGTTCCAGGCAG,0,5248713
yqjE_yqjK_yqjD_yqjC_predicted,0.1111111111111111,8,8,AAGCGTTACCACCGGACCAT,0,5258901
yqjE_yqjK_yqjD_yqjC_predicted,0.1111111111111111,8,8,AAGCCTGGAGAGTGGCCCGT,0,5216759
yqjE_yqjK_yqjD_yqjC_predicted,0.1111111111111111,8,8,AAGCCTCGTTAAAAACGTAC,0,5186264
yqjE_yqjK_yqjD_yqjC_predicted,0.1111111111111111,8,8,AAGCCTACCGCCCAACTTGA,0,5217172
yqjE_yqjK_yqjD_yqjC_predicted,0.1111111111111111,8,8,AAGCCATTTTGCGATTTAGG,0,5221672
yqjE_yqjK_yqjD_yqjC_predicted,0.1111111111111111,8,8,AAGCCATTGTAACCGCGGCG,0,5208144
yqjE_yqjK_yqjD_yqjC_predicted,0.1111111111111111,8,8,AAGATCGCGTCACACTATTG,0,5213687
yqjE_yqjK_yqjD_yqjC_predicted,0.1111111111111111,8,8,AAGAATTTGGCGGGACCAGA,0,5225071
yqjE_yqjK_yqjD_yqjC_predicted,0.1111111111111111,8,8,AAGAATATGGTTGGACTATG,0,5212798
yqjE_yqjK_yqjD_yqjC_predicted,0.1111111111111111,8,8,AACTTTAGCCAAGTTTGGAA,0,5206087
yqjE_yqjK_yqjD_yqjC_predicted,0.1111111111111111,8,8,AACTGTCGGCTATCAAGATG,0,5243044
yqjE_yqjK_yqjD_yqjC_predicted,0.1111111111111111,8,8,AACGTATCTCATGGCAGCCA,0,5189931
yqjE_yqjK_yqjD_yqjC_predicted,0.1111111111111111,8,8,AACGGTATAATCACAGGTTT,0,5261933
yqjE_yqjK_yqjD_yqjC_predicted,0.1111111111111111,8,8,AACGCGCCTCCTTTTAGGAA,0,5222832
yqjE_yqjK_yqjD_yqjC_predicted,0.1111111111111111,8,8,AACGCCATACCTGTCAAGTA,0,5203110
yqjE_yqjK_yqjD_yqjC_predicted,0.1111111111111111,8,8,AACGCAGAGATGTTAGGATA,0,5218778
yqjE_yqjK_yqjD_yqjC_predicted,0.1111111111111111,8,8,AACCCTTTTGGACTGCAACG,0,5255597
yqjE_yqjK_yqjD_yqjC_predicted,0.1111111111111111,8,8,AACAAGGATCATAGATAGAT,0,5252424
yqjE_yqjK_yqjD_yqjC_predicted,0.1111111111111111,8,8,AAATTTATGAGTAATTTACG,0,5187868
yqjE_yqjK_yqjD_yqjC_predicted,0.1111111111111111,8,8,AAATCACTCTGGAGAGAACC,0,5255003
yqjE_yqjK_yqjD_yqjC_predicted,0.1111111111111111,8,8,AAATAGGGTCTTGGAGATTA,0,5224191
yqjE_yqjK_yqjD_yqjC_predicted,0.1111111111111111,8,8,AAAGCGGTCGGGCGCAGCAT,0,5192911
yqjE_yqjK_yqjD_yqjC_predicted,0.1111111111111111,8,8,AAAGACGCGGAAGGGTAGCA,0,5180420
yqjE_yqjK_yqjD_yqjC_predicted,0.1111111111111111,8,8,AAACGGATGGACTAGGTCTC,0,5257857
yqjE_yqjK_yqjD_yqjC_predicted,0.1111111111111111,8,8,AAACATGACCGCCCCCACTC,0,5201160
yqjE_yqjK_yqjD_yqjC_predicted,0.1111111111111111,8,8,AAACAGCCAAGGTACACAAA,0,5214181
yqjE_yqjK_yqjD_yqjC_predicted,0.1111111111111111,8,8,AAAATCGCGGTGGGCCGGAG,0,5240651
yqjE_yqjK_yqjD_yqjC_predicted,0.1111111111111111,8,8,AAAATCAGTGTGCATGGAAT,0,5227810
yqjE_yqjK_yqjD_yqjC_predicted,0.1111111111111111,8,8,AAAAGTTGTCATGGCTAGAC,0,5171075
yqjE_yqjK_yqjD_yqjC_predicted,0.1111111111111111,8,8,AAAAGCACACGCAGGGTAAG,0,5205357
yqjE_yqjK_yqjD_yqjC_predicted,0.1111111111111111,8,8,AAAAGAATAAAGACTCCGAC,0,5211684
yqjE_yqjK_yqjD_yqjC_predicted,0.1111111111111111,8,8,AAAACATTCTCCTCCCGCCT,0,5248283
yqjE_yqjK_yqjD_yqjC_predicted,0.1111111111111111,8,8,AAAAATCCACGTACAACGTC,0,5177251
yqjE_yqjK_yqjD_yqjC_predicted,0.125,7,7,TTTTTACGATACCGGTCACC,0,5223061
yqjE_yqjK_yqjD_yqjC_predicted,0.125,7,7,TTTTGCCCAGCTAAGGCGAT,0,5252130
yqjE_yqjK_yqjD_yqjC_predicted,0.125,7,7,TTTTATAGACTGCTATTGCG,0,5236793
yqjE_yqjK_yqjD_yqjC_predicted,0.125,7,7,TTTTAATTAAATTGGCTGGC,0,5226456
yqjE_yqjK_yqjD_yqjC_predicted,0.125,7,7,TTTGTTGGACGTTTACGCGT,0,5216789
yqjE_yqjK_yqjD_yqjC_predicted,0.125,7,7,TTTGTCCGCTAATAGTCAGA,0,5183662
yqjE_yqjK_yqjD_yqjC_predicted,0.125,7,7,TTTGGCAAGCGAGTAAAAGT,0,5249322
yqjE_yqjK_yqjD_yqjC_predicted,0.125,7,7,TTTGCAACGGACCTGAGAGG,0,5233780
yqjE_yqjK_yqjD_yqjC_predicted,0.125,7,7,TTTCTGCTAGGTTTAGGTAG,0,5178896
yqjE_yqjK_yqjD_yqjC_predicted,0.125,7,7,TTTCTCGGTGCGCCACCGAG,0,5224713
yqjE_yqjK_yqjD_yqjC_predicted,0.125,7,7,TTTCTCGCCCGTTCCTAGAT,0,5236211
yqjE_yqjK_yqjD_yqjC_predicted,0.125,7,7,TTTCGTGTAACTGGGGACAT,0,5251436
yqjE_yqjK_yqjD_yqjC_predicted,0.125,7,7,TTTATTTTTTTTAATCGGTT,0,5253013
yqjE_yqjK_yqjD_yqjC_predicted,0.125,7,7,TTGTTCGAGATAATCGGTAT,0,5242156
yqjE_yqjK_yqjD_yqjC_predicted,0.125,7,7,TTGTTATTTACTCGGGGCTG,0,5239884
yqjE_yqjK_yqjD_yqjC_predicted,0.125,7,7,TTGTGTCGCGTGGCGATCGA,0,5240419
yqjE_yqjK_yqjD_yqjC_predicted,0.125,7,7,TTGTCGCAGCCGTCATCGTC,0,5237789
yqjE_yqjK_yqjD_yqjC_predicted,0.125,7,7,TTGTCCAGTGAGGATAACGG,0,5259607
yqjE_yqjK_yqjD_yqjC_predicted,0.125,7,7,TTGGTGACAGGCCTCTCCGA,0,5236769
yqjE_yqjK_yqjD_yqjC_predicted,0.125,7,7,TTGGTCTGCAGGTACTATGC,0,5200717
yqjE_yqjK_yqjD_yqjC_predicted,0.125,7,7,TTGGGCGCTCATAGTCCTCA,0,5247901
yqjE_yqjK_yqjD_yqjC_predicted,0.125,7,7,TTGGAGAGGGAACTTTCGTC,0,5214840
yqjE_yqjK_yqjD_yqjC_predicted,0.125,7,7,TTGCTTTGGCCAATGTACTT,0,5223070
yqjE_yqjK_yqjD_yqjC_predicted,0.125,7,7,TTGCGCTGGATATTCTGAAA,0,5195278
yqjE_yqjK_yqjD_yqjC_predicted,0.125,7,7,TTGCGACAAACGATCGCGTA,0,5245004
yqjE_yqjK_yqjD_yqjC_predicted,0.125,7,7,TTGCCCGAGCACAGTTAGAC,0,5173265
yqjE_yqjK_yqjD_yqjC_predicted,0.125,7,7,TTGATTCCGGCTGCCACGGG,0,5255424
yqjE_yqjK_yqjD_yqjC_predicted,0.125,7,7,TTGAGCTTCTTTTGGCAGGG,0,5231312
yqjE_yqjK_yqjD_yqjC_predicted,0.125,7,7,TTGACTAGGTCTGAAGCCAC,0,5228646
yqjE_yqjK_yqjD_yqjC_predicted,0.125,7,7,TTGACATATACCGAACATCT,0,5199691
yqjE_yqjK_yqjD_yqjC_predicted,0.125,7,7,TTGACAGCGCTGCGGCTCAT,0,5236288
yqjE_yqjK_yqjD_yqjC_predicted,0.125,7,7,TTCTGTCCCAATGCATACTA,0,5223226
yqjE_yqjK_yqjD_yqjC_predicted,0.125,7,7,TTCTCAGAAAGCGGCCGACA,0,5222887
yqjE_yqjK_yqjD_yqjC_predicted,0.125,7,7,TTCGTAAATATACGCGGCTG,0,5171762
yqjE_yqjK_yqjD_yqjC_predicted,0.125,7,7,TTCGGGTCCACTCGCGACCA,0,5240758
yqjE_yqjK_yqjD_yqjC_predicted,0.125,7,7,TTCCGTATATGATCTCGACA,0,5171177
yqjE_yqjK_yqjD_yqjC_predicted,0.125,7,7,TTCCATAGGAAAAGAGCTTT,0,5226645
yqjE_yqjK_yqjD_yqjC_predicted,0.125,7,7,TTCATAGATTCCTGTTGATG,0,5231317
yqjE_yqjK_yqjD_yqjC_predicted,0.125,7,7,TTCAGGGTAGATCGGTAACA,0,5222703
yqjE_yqjK_yqjD_yqjC_predicted,0.125,7,7,TTCAGGAGGTGTTTGTGATT,0,5203337
yqjE_yqjK_yqjD_yqjC_predicted,0.125,7,7,TTCACCTCTCGGGACGCGAC,0,5246558
yqjE_yqjK_yqjD_yqjC_predicted,0.125,7,7,TTCACAGCTTATAGTACATA,0,5171687
yqjE_yqjK_yqjD_yqjC_predicted,0.125,7,7,TTCAAAAGGGTAGTACCTGC,0,5209498
yqjE_yqjK_yqjD_yqjC_predicted,0.125,7,7,TTATGGAAACGGGGTGTGCC,0,5216778
yqjE_yqjK_yqjD_yqjC_predicted,0.125,7,7,TTATAGGGATTCTTCAAGCA,0,5261507
yqjE_yqjK_yqjD_yqjC_predicted,0.125,7,7,TTATAATCGACACCGTCCTT,0,5223556
yqjE_yqjK_yqjD_yqjC_predicted,0.125,7,7,TTAGAGAACTAGTGGAACGG,0,5192743
yqjE_yqjK_yqjD_yqjC_predicted,0.125,7,7,TTACGCAGGAAACCTTCGGG,0,5257016
yqjE_yqjK_yqjD_yqjC_predicted,0.125,7,7,TTAATGGGTGGTACGTTCAA,0,5204964
yqjE_yqjK_yqjD_yqjC_predicted,0.125,7,7,TTAATACGGTCGAAGTAGGA,0,5232038
yqjE_yqjK_yqjD_yqjC_predicted,0.125,7,7,TTAAGTCGGAAAGGCCAAAC,0,5213300
yqjE_yqjK_yqjD_yqjC_predicted,0.125,7,7,TTAAGACGCAATGACCATGA,0,5255291
yqjE_yqjK_yqjD_yqjC_predicted,0.125,7,7,TTAACTTCCATTAAAGGACC,0,5223958
yqjE_yqjK_yqjD_yqjC_predicted,0.125,7,7,TTAAATGGGAGCGGTGCGGT,0,5190655
yqjE_yqjK_yqjD_yqjC_predicted,0.125,7,7,TTAAAGTAACTCGATCCACT,0,5260686
yqjE_yqjK_yqjD_yqjC_predicted,0.125,7,7,TGTTTCAGTTGCATCCGTGT,0,5172150
yqjE_yqjK_yqjD_yqjC_predicted,0.125,7,7,TGTTGTGTTCGGCCAAGCTG,0,5236332
yqjE_yqjK_yqjD_yqjC_predicted,0.125,7,7,TGTTGCATCCGGTCACGTCC,0,5228849
yqjE_yqjK_yqjD_yqjC_predicted,0.125,7,7,TGTTCACGCTCACCAATCAT,0,5248848
yqjE_yqjK_yqjD_yqjC_predicted,0.125,7,7,TGTTATATATATCAGGATTA,0,5252275
yqjE_yqjK_yqjD_yqjC_predicted,0.125,7,7,TGTTAGTATAGCTGCTGGTT,0,5191504
yqjE_yqjK_yqjD_yqjC_predicted,0.125,7,7,TGTTAACGGGATGAGTCGGT,0,5226669
yqjE_yqjK_yqjD_yqjC_predicted,0.125,7,7,TGTGTCAGGGTGGATGTCCC,0,5244596
yqjE_yqjK_yqjD_yqjC_predicted,0.125,7,7,TGTGGGGAGCGGGCCATGTT,0,5204800
yqjE_yqjK_yqjD_yqjC_predicted,0.125,7,7,TGTGGCTGGGTAAGGTTATC,0,5211161
yqjE_yqjK_yqjD_yqjC_predicted,0.125,7,7,TGTGGATTAATTGGAATCAG,0,5248898
yqjE_yqjK_yqjD_yqjC_predicted,0.125,7,7,TGTGACGGCCGGGGTTATTT,0,5190057
yqjE_yqjK_yqjD_yqjC_predicted,0.125,7,7,TGTCTCAGGGCCGAATGTGC,0,5235269
yqjE_yqjK_yqjD_yqjC_predicted,0.125,7,7,TGTCGAAGATCAAGGGCAGG,0,5190786
yqjE_yqjK_yqjD_yqjC_predicted,0.125,7,7,TGTCACGATTCCGCACGGAA,0,5225411
yqjE_yqjK_yqjD_yqjC_predicted,0.125,7,7,TGTCACCGTTTCGCTTCATT,0,5186198
yqjE_yqjK_yqjD_yqjC_predicted,0.125,7,7,TGTACGAAGGCAGGGTGTAC,0,5261021
yqjE_yqjK_yqjD_yqjC_predicted,0.125,7,7,TGGTCGGCTTCGCTTGTTTA,0,5253965
yqjE_yqjK_yqjD_yqjC_predicted,0.125,7,7,TGGTCGCTAAGCGTTTATCA,0,5244522
yqjE_yqjK_yqjD_yqjC_predicted,0.125,7,7,TGGTCCGTTCGTGATGGAGC,0,5195616
yqjE_yqjK_yqjD_yqjC_predicted,0.125,7,7,TGGTACGCAAGTTCGACAAT,0,5193197
yqjE_yqjK_yqjD_yqjC_predicted,0.125,7,7,TGGGCGTTCTAAGATAGCTT,0,5242223
yqjE_yqjK_yqjD_yqjC_predicted,0.125,7,7,TGGGCGGCGCCAGAAGGGCG,0,5180112
yqjE_yqjK_yqjD_yqjC_predicted,0.125,7,7,TGGGACGGGTCCTTGTAAGT,0,5173040
yqjE_yqjK_yqjD_yqjC_predicted,0.125,7,7,TGGCTGGTGTACAAGGCGAG,0,5201591
yqjE_yqjK_yqjD_yqjC_predicted,0.125,7,7,TGGCTGGGAGCACGCCGAGG,0,5205484
yqjE_yqjK_yqjD_yqjC_predicted,0.125,7,7,TGGCTCCCGCCTATCTCCTG,0,5251501
yqjE_yqjK_yqjD_yqjC_predicted,0.125,7,7,TGGCGAGCAACCCGGAGCAG,0,5252235
yqjE_yqjK_yqjD_yqjC_predicted,0.125,7,7,TGGCCCACCCAGCTGGGGCG,0,5242565
yqjE_yqjK_yqjD_yqjC_predicted,0.125,7,7,TGGATTCAAAGCGCCGTATA,0,5229170
yqjE_yqjK_yqjD_yqjC_predicted,0.125,7,7,TGGATCCCTGAACGCATACG,0,5242688
yqjE_yqjK_yqjD_yqjC_predicted,0.125,7,7,TGGAGTTTGAGTTCGTGCCC,0,5192832
yqjE_yqjK_yqjD_yqjC_predicted,0.125,7,7,TGGAAGGACCTCTGTTGTAT,0,5221936
yqjE_yqjK_yqjD_yqjC_predicted,0.125,7,7,TGCTGCGATTCAACCCGCGA,0,5215830
yqjE_yqjK_yqjD_yqjC_predicted,0.125,7,7,TGCTGATCCTAGGTGGTGTA,0,5192889
yqjE_yqjK_yqjD_yqjC_predicted,0.125,7,7,TGCTAGACACGGACCTAGGT,0,5253298
yqjE_yqjK_yqjD_yqjC_predicted,0.125,7,7,TGCGGCACGGAGTATATCAA,0,5178208
yqjE_yqjK_yqjD_yqjC_predicted,0.125,7,7,TGCGGACACCATATGCTGAG,0,5199625
yqjE_yqjK_yqjD_yqjC_predicted,0.125,7,7,TGCGCGTTTAGACCACCACG,0,5246916
yqjE_yqjK_yqjD_yqjC_predicted,0.125,7,7,TGCGATTTCGTGGATGGCGA,0,5254717
yqjE_yqjK_yqjD_yqjC_predicted,0.125,7,7,TGCGAGTGATCCAATCCAGT,0,5181422
yqjE_yqjK_yqjD_yqjC_predicted,0.125,7,7,TGCCTGTGGACTTCTTATCC,0,5193178
yqjE_yqjK_yqjD_yqjC_predicted,0.125,7,7,TGCCGTGGCTCTTTTGAATT,0,5256908
yqjE_yqjK_yqjD_yqjC_predicted,0.125,7,7,TGCCCCGCAGTTGTATTATT,0,5178775
yqjE_yqjK_yqjD_yqjC_predicted,0.125,7,7,TGCCCATAAAGGCTAACGGC,0,5259709
yqjE_yqjK_yqjD_yqjC_predicted,0.125,7,7,TGCATAGTTGTAGCGTTATG,0,5241872
yqjE_yqjK_yqjD_yqjC_predicted,0.125,7,7,TGCAGTCCGGATCGTCGGTG,0,5220266
yqjE_yqjK_yqjD_yqjC_predicted,0.125,7,7,TGCAACTGACCCTAGTCACT,0,5211216
yqjE_yqjK_yqjD_yqjC_predicted,0.125,7,7,TGATTCGGGCTCGTTTTTTA,0,5172479
yqjE_yqjK_yqjD_yqjC_predicted,0.125,7,7,TGATGGAGAAGGGTACGCAT,0,5229658
yqjE_yqjK_yqjD_yqjC_predicted,0.125,7,7,TGAGTTCGTCAGCGAGATAT,0,5185296
yqjE_yqjK_yqjD_yqjC_predicted,0.125,7,7,TGAGTATCTGCTCAAATCAT,0,5237897
yqjE_yqjK_yqjD_yqjC_predicted,0.125,7,7,TGAGGTTTAATTCTACGTGT,0,5241339
yqjE_yqjK_yqjD_yqjC_predicted,0.125,7,7,TGAGGCGGAAAGCAGCGTTT,0,5182449
yqjE_yqjK_yqjD_yqjC_predicted,0.125,7,7,TGAGGAGGGTGTCATCTTTA,0,5241771
yqjE_yqjK_yqjD_yqjC_predicted,0.125,7,7,TGAGGACTCTAATTGTGCGC,0,5240779
yqjE_yqjK_yqjD_yqjC_predicted,0.125,7,7,TGAGACTAACAGGGTGCAAT,0,5223128
yqjE_yqjK_yqjD_yqjC_predicted,0.125,7,7,TGACCTGCTGATGGTGCCTA,0,5184076
yqjE_yqjK_yqjD_yqjC_predicted,0.125,7,7,TGACAGTTTGTGAGGACTAT,0,5241629
yqjE_yqjK_yqjD_yqjC_predicted,0.125,7,7,TGACAAGAATAGGAAGAAAG,0,5191970
yqjE_yqjK_yqjD_yqjC_predicted,0.125,7,7,TGAATTCGGCTCGGTCCCCG,0,5245282
yqjE_yqjK_yqjD_yqjC_predicted,0.125,7,7,TGAATTAAGACATAGGACAG,0,5252181
yqjE_yqjK_yqjD_yqjC_predicted,0.125,7,7,TGAATATGGCATCGAATCGC,0,5190116
yqjE_yqjK_yqjD_yqjC_predicted,0.125,7,7,TGAACTCCGCTGTTCGCAGA,0,5235630
yqjE_yqjK_yqjD_yqjC_predicted,0.125,7,7,TCTTTGGCAGAAATGCACTC,0,5249272
yqjE_yqjK_yqjD_yqjC_predicted,0.125,7,7,TCTTTGGACTCTTGGGAGAA,0,5178033
yqjE_yqjK_yqjD_yqjC_predicted,0.125,7,7,TCTTACATCCGGAGCGAGAG,0,5241601
yqjE_yqjK_yqjD_yqjC_predicted,0.125,7,7,TCTGTCATCCCTTAAATGAT,0,5248776
yqjE_yqjK_yqjD_yqjC_predicted,0.125,7,7,TCTGATAATATTATATACCA,0,5210827
yqjE_yqjK_yqjD_yqjC_predicted,0.125,7,7,TCTGAGGCTCAGTATTCGGG,0,5190737
yqjE_yqjK_yqjD_yqjC_predicted,0.125,7,7,TCTGACGATGTATGAGTCCA,0,5204769
yqjE_yqjK_yqjD_yqjC_predicted,0.125,7,7,TCTCTAGGAGCGGTAGGCTC,0,5240819
yqjE_yqjK_yqjD_yqjC_predicted,0.125,7,7,TCTCGAAATGCGCAACATCT,0,5190855
yqjE_yqjK_yqjD_yqjC_predicted,0.125,7,7,TCTCATCCCTTGCGGGCAAA,0,5201618
yqjE_yqjK_yqjD_yqjC_predicted,0.125,7,7,TCTACAAGCCGACGCGAACC,0,5210924
yqjE_yqjK_yqjD_yqjC_predicted,0.125,7,7,TCGTGATGGTGTTCTGGCGT,0,5215864
yqjE_yqjK_yqjD_yqjC_predicted,0.125,7,7,TCGGTTGGGCTAGATATTCG,0,5185664
yqjE_yqjK_yqjD_yqjC_predicted,0.125,7,7,TCGGTCTCTGCTATTCGTAG,0,5241698
yqjE_yqjK_yqjD_yqjC_predicted,0.125,7,7,TCGGGGTTTTCATAAGCATG,0,5246012
yqjE_yqjK_yqjD_yqjC_predicted,0.125,7,7,TCGGGAAGATATGCCACAAG,0,5208637
yqjE_yqjK_yqjD_yqjC_predicted,0.125,7,7,TCGCTCCGGTTCCACCAGCC,0,5181079
yqjE_yqjK_yqjD_yqjC_predicted,0.125,7,7,TCGCTCAACTGGAGTCCTCA,0,5207188
yqjE_yqjK_yqjD_yqjC_predicted,0.125,7,7,TCGCGGAAGATGTCTTTTAG,0,5232176
yqjE_yqjK_yqjD_yqjC_predicted,0.125,7,7,TCGCGCATACAACCGTATAG,0,5225831
yqjE_yqjK_yqjD_yqjC_predicted,0.125,7,7,TCGCCTCAAGGTACCGGTTG,0,5197660
yqjE_yqjK_yqjD_yqjC_predicted,0.125,7,7,TCGCCGGGCACGAAATTCGT,0,5213704
yqjE_yqjK_yqjD_yqjC_predicted,0.125,7,7,TCGCATTCACCGCATGACGT,0,5182319
yqjE_yqjK_yqjD_yqjC_predicted,0.125,7,7,TCGCATCTAGAGTGGTACGT,0,5170847
yqjE_yqjK_yqjD_yqjC_predicted,0.125,7,7,TCGCAATTACCTTTCACGAT,0,5253095
yqjE_yqjK_yqjD_yqjC_predicted,0.125,7,7,TCGAGTCCTCTGCCTGTGGA,0,5171088
yqjE_yqjK_yqjD_yqjC_predicted,0.125,7,7,TCGACTGCCGTATGCGTAGG,0,5201642
yqjE_yqjK_yqjD_yqjC_predicted,0.125,7,7,TCGAAAGAGTAGTACTCCTG,0,5200856
yqjE_yqjK_yqjD_yqjC_predicted,0.125,7,7,TCCGTAAGTGCGAGCTGATG,0,5198399
yqjE_yqjK_yqjD_yqjC_predicted,0.125,7,7,TCCGGAACACAAGAGGCTGC,0,5256349
yqjE_yqjK_yqjD_yqjC_predicted,0.125,7,7,TCCGCACACTGGGCCGGGAA,0,5207026
yqjE_yqjK_yqjD_yqjC_predicted,0.125,7,7,TCCCTCTCCCAGCACGCCAC,0,5184438
yqjE_yqjK_yqjD_yqjC_predicted,0.125,7,7,TCCATTGGGCTGGGACATCT,0,5250920
yqjE_yqjK_yqjD_yqjC_predicted,0.125,7,7,TCCATATAGTGTGGAGTTGG,0,5261138
yqjE_yqjK_yqjD_yqjC_predicted,0.125,7,7,TCCAAAGTAGGTTGACCGTT,0,5240061
yqjE_yqjK_yqjD_yqjC_predicted,0.125,7,7,TCATTGCGGGCTAGTTCTTA,0,5216875
yqjE_yqjK_yqjD_yqjC_predicted,0.125,7,7,TCATCGCTTTCTATGCTGGT,0,5219505
yqjE_yqjK_yqjD_yqjC_predicted,0.125,7,7,TCATAAACTGTTTCGCGCTG,0,5204878
yqjE_yqjK_yqjD_yqjC_predicted,0.125,7,7,TCAGTCTTCGTCCCTGACAC,0,5180517
yqjE_yqjK_yqjD_yqjC_predicted,0.125,7,7,TCAGGCTTCACGCCTTCCAT,0,5261544
yqjE_yqjK_yqjD_yqjC_predicted,0.125,7,7,TCAGCTCAATTGCTAACTGC,0,5230429
yqjE_yqjK_yqjD_yqjC_predicted,0.125,7,7,TCACAAAACACCGGAGCAGC,0,5256956
yqjE_yqjK_yqjD_yqjC_predicted,0.125,7,7,TCAATTGGTTTACTGTCGCG,0,5209128
yqjE_yqjK_yqjD_yqjC_predicted,0.125,7,7,TCAAGTTGCATGGGGCACAA,0,5226926
yqjE_yqjK_yqjD_yqjC_predicted,0.125,7,7,TCAAGGATGCGGAGCGTATA,0,5204163
yqjE_yqjK_yqjD_yqjC_predicted,0.125,7,7,TATTGCGGAATTTTTCTGTT,0,5219394
yqjE_yqjK_yqjD_yqjC_predicted,0.125,7,7,TATGTAATTAGGGCTGGCAT,0,5231750
yqjE_yqjK_yqjD_yqjC_predicted,0.125,7,7,TATGGTAAACCCAGGGCTTC,0,5250097
yqjE_yqjK_yqjD_yqjC_predicted,0.125,7,7,TATGGCCGTAATACGGGGTA,0,5189958
yqjE_yqjK_yqjD_yqjC_predicted,0.125,7,7,TATGATGACTACTTTCGTGT,0,5255117
yqjE_yqjK_yqjD_yqjC_predicted,0.125,7,7,TATGAACGGGGATGCAGTTG,0,5234159
yqjE_yqjK_yqjD_yqjC_predicted,0.125,7,7,TATCCTAATTTTCCTCACTA,0,5244040
yqjE_yqjK_yqjD_yqjC_predicted,0.125,7,7,TATAGAAGGTCGTGTTGGTC,0,5173318
yqjE_yqjK_yqjD_yqjC_predicted,0.125,7,7,TATACAGTATCAAATCTAAC,0,5226039
yqjE_yqjK_yqjD_yqjC_predicted,0.125,7,7,TATAACGCAGTAAAGTCTCC,0,5227880
yqjE_yqjK_yqjD_yqjC_predicted,0.125,7,7,TAGGTGTCACCGTACGACTA,0,5178568
yqjE_yqjK_yqjD_yqjC_predicted,0.125,7,7,TAGGCTTAATTGATGAGACT,0,5222926
yqjE_yqjK_yqjD_yqjC_predicted,0.125,7,7,TAGGCGTCCCTCCTTACTCA,0,5246615
yqjE_yqjK_yqjD_yqjC_predicted,0.125,7,7,TAGGACCCTAAATAACCTCG,0,5191995
yqjE_yqjK_yqjD_yqjC_predicted,0.125,7,7,TAGGAATAAGTGGCTAAAGA,0,5217555
yqjE_yqjK_yqjD_yqjC_predicted,0.125,7,7,TAGCCGGTATCTTACTGCGG,0,5190527
yqjE_yqjK_yqjD_yqjC_predicted,0.125,7,7,TAGCCCGCCTGTTCAATCAA,0,5229571
yqjE_yqjK_yqjD_yqjC_predicted,0.125,7,7,TAGCATGTTGTGACGGCGTC,0,5224630
yqjE_yqjK_yqjD_yqjC_predicted,0.125,7,7,TAGATTTGATAGAGTTGGAT,0,5179437
yqjE_yqjK_yqjD_yqjC_predicted,0.125,7,7,TAGACGTTGTAGGTAACGTC,0,5186961
yqjE_yqjK_yqjD_yqjC_predicted,0.125,7,7,TAGACAACCCACGGAGCCTA,0,5176979
yqjE_yqjK_yqjD_yqjC_predicted,0.125,7,7,TACTTATCCGGTTGGGTCGG,0,5203321
yqjE_yqjK_yqjD_yqjC_predicted,0.125,7,7,TACTGTCCTAGCCCAAACGG,0,5251871
yqjE_yqjK_yqjD_yqjC_predicted,0.125,7,7,TACTCAACTTGAGTACCATG,0,5250516
yqjE_yqjK_yqjD_yqjC_predicted,0.125,7,7,TACTAGCCGTACTTCGTTGA,0,5223119
yqjE_yqjK_yqjD_yqjC_predicted,0.125,7,7,TACGTTCTCCTAGGGCAACG,0,5224935
yqjE_yqjK_yqjD_yqjC_predicted,0.125,7,7,TACGGAAGTGTGGAGGGTTT,0,5216766
yqjE_yqjK_yqjD_yqjC_predicted,0.125,7,7,TACGCCGTCCCCGTGCAGTG,0,5230326
yqjE_yqjK_yqjD_yqjC_predicted,0.125,7,7,TACGCATTTTCAGCATGGGT,0,5192879
yqjE_yqjK_yqjD_yqjC_predicted,0.125,7,7,TACGCAGGTCTGCAACTCGT,0,5233535
yqjE_yqjK_yqjD_yqjC_predicted,0.125,7,7,TACCTCATGCTTCATTAATC,0,5189442
yqjE_yqjK_yqjD_yqjC_predicted,0.125,7,7,TACCGATATATATCATCCGG,0,5193778
yqjE_yqjK_yqjD_yqjC_predicted,0.125,7,7,TACCCTTCCCTGGACTATTT,0,5179428
yqjE_yqjK_yqjD_yqjC_predicted,0.125,7,7,TACCAGCAACCCTGGTGCTG,0,5171348
yqjE_yqjK_yqjD_yqjC_predicted,0.125,7,7,TACATTGCGTAGTCCGTTCG,0,5222710
yqjE_yqjK_yqjD_yqjC_predicted,0.125,7,7,TACAGTCGTGCGAAGGAACA,0,5235025
yqjE_yqjK_yqjD_yqjC_predicted,0.125,7,7,TACAGCCCAGTCCGTGAATC,0,5246369
yqjE_yqjK_yqjD_yqjC_predicted,0.125,7,7,TACACTCACGCGACTGCCGT,0,5228534
yqjE_yqjK_yqjD_yqjC_predicted,0.125,7,7,TAATTTTGGCAGAACAACGC,0,5212837
yqjE_yqjK_yqjD_yqjC_predicted,0.125,7,7,TAATTTGGAATTTCGGTTCG,0,5219834
yqjE_yqjK_yqjD_yqjC_predicted,0.125,7,7,TAATCAAGTTGCGCTCCATA,0,5209081
yqjE_yqjK_yqjD_yqjC_predicted,0.125,7,7,TAAGTCGTCGCTATCAGGAA,0,5178659
yqjE_yqjK_yqjD_yqjC_predicted,0.125,7,7,TAAGTCCAGGTTTGGACCTC,0,5252081
yqjE_yqjK_yqjD_yqjC_predicted,0.125,7,7,TAAGCTGGTGGGAATGGCCC,0,5262850
yqjE_yqjK_yqjD_yqjC_predicted,0.125,7,7,TAACTCCATGCACCTTTGGG,0,5180716
yqjE_yqjK_yqjD_yqjC_predicted,0.125,7,7,TAACTAACCGTCGAACGTTG,0,5238996
yqjE_yqjK_yqjD_yqjC_predicted,0.125,7,7,TAACCAACCGGCGGCGATTT,0,5249216
yqjE_yqjK_yqjD_yqjC_predicted,0.125,7,7,TAAACGGTTCTACCTTTATG,0,5261911
yqjE_yqjK_yqjD_yqjC_predicted,0.125,7,7,GTTTTGGCCTGCAATTCTGG,0,5218281
yqjE_yqjK_yqjD_yqjC_predicted,0.125,7,7,GTTTTCTATGTAGGGTCATC,0,5178833
yqjE_yqjK_yqjD_yqjC_predicted,0.125,7,7,GTTTGCCGCTCCGTAGTTGA,0,5177842
yqjE_yqjK_yqjD_yqjC_predicted,0.125,7,7,GTTTCGCTATGGCTCAGGGC,0,5188116
yqjE_yqjK_yqjD_yqjC_predicted,0.125,7,7,GTTTCAGATTCGGGTCTACA,0,5214290
yqjE_yqjK_yqjD_yqjC_predicted,0.125,7,7,GTTGTTACAGTCTCTGCATA,0,5206203
yqjE_yqjK_yqjD_yqjC_predicted,0.125,7,7,GTTGGGGGTGGTGGGCAGGG,0,5247991
yqjE_yqjK_yqjD_yqjC_predicted,0.125,7,7,GTTGCCCCAGCCAGCACAAG,0,5180626
yqjE_yqjK_yqjD_yqjC_predicted,0.125,7,7,GTTGCCACACTATTGTTTTC,0,5257740
yqjE_yqjK_yqjD_yqjC_predicted,0.125,7,7,GTTCTCTTGAACAACTTAAC,0,5261536
yqjE_yqjK_yqjD_yqjC_predicted,0.125,7,7,GTTCGACGGGAGACAGCCTA,0,5203546
yqjE_yqjK_yqjD_yqjC_predicted,0.125,7,7,GTTCGACGATCGCCGCGAAC,0,5181824
yqjE_yqjK_yqjD_yqjC_predicted,0.125,7,7,GTTCACGTTGTTGTGTTCTG,0,5251004
yqjE_yqjK_yqjD_yqjC_predicted,0.125,7,7,GTTCACAGTTTTGGAAACGC,0,5183807
yqjE_yqjK_yqjD_yqjC_predicted,0.125,7,7,GTTATTTTGTTAGTGCTCTC,0,5191120
yqjE_yqjK_yqjD_yqjC_predicted,0.125,7,7,GTTATCTCCTTGCAACGGCC,0,5232927
yqjE_yqjK_yqjD_yqjC_predicted,0.125,7,7,GTTATACGCAAACGGATTGT,0,5244496
yqjE_yqjK_yqjD_yqjC_predicted,0.125,7,7,GTGTTCTCCGTAGATTACAT,0,5230339
yqjE_yqjK_yqjD_yqjC_predicted,0.125,7,7,GTGTCTATAATGGCGGAAAA,0,5250374
yqjE_yqjK_yqjD_yqjC_predicted,0.125,7,7,GTGGTGTATCATTTCGCTAT,0,5187614
yqjE_yqjK_yqjD_yqjC_predicted,0.125,7,7,GTGGTGCGCGGTACAATCAA,0,5181570
yqjE_yqjK_yqjD_yqjC_predicted,0.125,7,7,GTGGTACATGGACCTAAGTT,0,5246418
yqjE_yqjK_yqjD_yqjC_predicted,0.125,7,7,GTGGCTCAAGCGAAGTGGGA,0,5233876
yqjE_yqjK_yqjD_yqjC_predicted,0.125,7,7,GTGGCCGTATATAACGAGTT,0,5200900
yqjE_yqjK_yqjD_yqjC_predicted,0.125,7,7,GTGGCCCGTATAGTCAACTT,0,5197612
yqjE_yqjK_yqjD_yqjC_predicted,0.125,7,7,GTGCGTATCGCTAGTAACAT,0,5208185
yqjE_yqjK_yqjD_yqjC_predicted,0.125,7,7,GTGCACATTGGACTACCTGT,0,5228667
yqjE_yqjK_yqjD_yqjC_predicted,0.125,7,7,GTGATTCCCATCTCTTTAGG,0,5212803
yqjE_yqjK_yqjD_yqjC_predicted,0.125,7,7,GTGATAACGCTGGGTAGATT,0,5227198
yqjE_yqjK_yqjD_yqjC_predicted,0.125,7,7,GTGAACATTCTTTACGAGGC,0,5210404
yqjE_yqjK_yqjD_yqjC_predicted,0.125,7,7,GTGAACACTATGTAACTAGC,0,5228782
yqjE_yqjK_yqjD_yqjC_predicted,0.125,7,7,GTCTTTGTCGTGGGCCAGCC,0,5260897
yqjE_yqjK_yqjD_yqjC_predicted,0.125,7,7,GTCTGGAATCCGGACATGGC,0,5205944
yqjE_yqjK_yqjD_yqjC_predicted,0.125,7,7,GTCTGATGGTTGTGACAGGG,0,5233296
yqjE_yqjK_yqjD_yqjC_predicted,0.125,7,7,GTCTACACCCACGGGCTGAA,0,5175847
yqjE_yqjK_yqjD_yqjC_predicted,0.125,7,7,GTCGGGGTGTGTTCCTTGTT,0,5208857
yqjE_yqjK_yqjD_yqjC_predicted,0.125,7,7,GTCGCGCGGCTCAATCAACT,0,5210628
yqjE_yqjK_yqjD_yqjC_predicted,0.125,7,7,GTCGCAATACGCACTGCAAT,0,5186029
yqjE_yqjK_yqjD_yqjC_predicted,0.125,7,7,GTCCTTAAACGGGGGTGCAT,0,5262662
yqjE_yqjK_yqjD_yqjC_predicted,0.125,7,7,GTCCTACCCCTTTTGCTACA,0,5205652
yqjE_yqjK_yqjD_yqjC_predicted,0.125,7,7,GTCCGAGTAGGGGTACTGGA,0,5221111
yqjE_yqjK_yqjD_yqjC_predicted,0.125,7,7,GTCCGAAGCGGCATAACTAC,0,5246887
yqjE_yqjK_yqjD_yqjC_predicted,0.125,7,7,GTCCATGAACATGTTCCAAT,0,5202260
yqjE_yqjK_yqjD_yqjC_predicted,0.125,7,7,GTCATCGGTGGGTAGAAAGT,0,5180436
yqjE_yqjK_yqjD_yqjC_predicted,0.125,7,7,GTCATATCGCCGTAATTCCC,0,5182379
yqjE_yqjK_yqjD_yqjC_predicted,0.125,7,7,GTCAAGCCAACGGGAGACGA,0,5251791
yqjE_yqjK_yqjD_yqjC_predicted,0.125,7,7,GTATTCAGTAATGATCCTGG,0,5228643
yqjE_yqjK_yqjD_yqjC_predicted,0.125,7,7,GTATGCTCGACGGCGAGGCG,0,5190785
yqjE_yqjK_yqjD_yqjC_predicted,0.125,7,7,GTATCGGCCCTCGGTCGAGT,0,5247921
yqjE_yqjK_yqjD_yqjC_predicted,0.125,7,7,GTATCCGATTTTATACCCTG,0,5189862
yqjE_yqjK_yqjD_yqjC_predicted,0.125,7,7,GTAGTTTTGACGACTGTCCG,0,5202732
yqjE_yqjK_yqjD_yqjC_predicted,0.125,7,7,GTAGGCATCCGCATCTCCTC,0,5183648
yqjE_yqjK_yqjD_yqjC_predicted,0.125,7,7,GTAGGACGATGAGTGGTGAT,0,5209528
yqjE_yqjK_yqjD_yqjC_predicted,0.125,7,7,GTACTTCACGTACTCATAGA,0,5204679
yqjE_yqjK_yqjD_yqjC_predicted,0.125,7,7,GTACCACCCATCATTCCGAC,0,5255744
yqjE_yqjK_yqjD_yqjC_predicted,0.125,7,7,GTAAGATAAGGTATCACAGG,0,5195362
yqjE_yqjK_yqjD_yqjC_predicted,0.125,7,7,GTAAGACGGCAAGCATATCT,0,5247234
yqjE_yqjK_yqjD_yqjC_predicted,0.125,7,7,GTAACCCGGGTGTAGGGAGT,0,5191267
yqjE_yqjK_yqjD_yqjC_predicted,0.125,7,7,GTAAATTCCCGGTTTACGAA,0,5174524
yqjE_yqjK_yqjD_yqjC_predicted,0.125,7,7,GTAAAGCATGACAGGGGGAA,0,5193878
yqjE_yqjK_yqjD_yqjC_predicted,0.125,7,7,GTAAAGCAGCGGCTGTCTCT,0,5204460
yqjE_yqjK_yqjD_yqjC_predicted,0.125,7,7,GTAAAAACGTATCAAACTCT,0,5207722
yqjE_yqjK_yqjD_yqjC_predicted,0.125,7,7,GGTTTCAATTTACGAACAGA,0,5238864
yqjE_yqjK_yqjD_yqjC_predicted,0.125,7,7,GGTTGGGTTTACTTCGCTGT,0,5186351
yqjE_yqjK_yqjD_yqjC_predicted,0.125,7,7,GGTTCCTCTCGCGATAAATT,0,5239663
yqjE_yqjK_yqjD_yqjC_predicted,0.125,7,7,GGTTAGCTGTCCGTTAGCGC,0,5254547
yqjE_yqjK_yqjD_yqjC_predicted,0.125,7,7,GGTGTCGATCAGTGGAAACA,0,5222943
yqjE_yqjK_yqjD_yqjC_predicted,0.125,7,7,GGTGGGAGTCCTACGTCGAA,0,5241950
yqjE_yqjK_yqjD_yqjC_predicted,0.125,7,7,GGTGCACACCACTCCCGAGG,0,5214401
yqjE_yqjK_yqjD_yqjC_predicted,0.125,7,7,GGTGAGTCTGGGCGCAACGC,0,5176100
yqjE_yqjK_yqjD_yqjC_predicted,0.125,7,7,GGTCTGGATTGGATAATCCC,0,5233166
yqjE_yqjK_yqjD_yqjC_predicted,0.125,7,7,GGTCGTTCACCAGGGTAGCT,0,5222329
yqjE_yqjK_yqjD_yqjC_predicted,0.125,7,7,GGTCGGCAAAGGTCGGCGCC,0,5191136
yqjE_yqjK_yqjD_yqjC_predicted,0.125,7,7,GGTCCATGCGAGCCCTCGTC,0,5251068
yqjE_yqjK_yqjD_yqjC_predicted,0.125,7,7,GGTCATTGCGGCCGATGGTC,0,5231122
yqjE_yqjK_yqjD_yqjC_predicted,0.125,7,7,GGTATGCTCGGTTCGTTATG,0,5241140
yqjE_yqjK_yqjD_yqjC_predicted,0.125,7,7,GGTAATGTAACAACCGTGCG,0,5185316
yqjE_yqjK_yqjD_yqjC_predicted,0.125,7,7,GGTAATCATCCGGTTTCGGT,0,5202878
yqjE_yqjK_yqjD_yqjC_predicted,0.125,7,7,GGTAAGCCCAAGTCGAGATA,0,5215385
yqjE_yqjK_yqjD_yqjC_predicted,0.125,7,7,GGTAAGACAATCCTAGATCT,0,5243670
yqjE_yqjK_yqjD_yqjC_predicted,0.125,7,7,GGTAACCTCAGTTCCATATC,0,5230909
yqjE_yqjK_yqjD_yqjC_predicted,0.125,7,7,GGGTGGTATCGCCTTTGGCG,0,5201701
yqjE_yqjK_yqjD_yqjC_predicted,0.125,7,7,GGGTGCGGGTGCGCAAGCAT,0,5180778
yqjE_yqjK_yqjD_yqjC_predicted,0.125,7,7,GGGTACATTTGTGGATTTGC,0,5188216
yqjE_yqjK_yqjD_yqjC_predicted,0.125,7,7,GGGGTTGTACTACTTGGCAA,0,5189479
yqjE_yqjK_yqjD_yqjC_predicted,0.125,7,7,GGGGTTAGAGCATGTCACCC,0,5181044
yqjE_yqjK_yqjD_yqjC_predicted,0.125,7,7,GGGGTCGATTTCCATCAATC,0,5257160
yqjE_yqjK_yqjD_yqjC_predicted,0.125,7,7,GGGGGATATCACGTTCCTCC,0,5213340
yqjE_yqjK_yqjD_yqjC_predicted,0.125,7,7,GGGGACAGCTTGGTAATGAA,0,5218823
yqjE_yqjK_yqjD_yqjC_predicted,0.125,7,7,GGGCGCACCAGTGCATCCCT,0,5251216
yqjE_yqjK_yqjD_yqjC_predicted,0.125,7,7,GGGCGATACTTCGGGCAGAC,0,5234974
yqjE_yqjK_yqjD_yqjC_predicted,0.125,7,7,GGGCGACGTGCAGAAACTTA,0,5179697
yqjE_yqjK_yqjD_yqjC_predicted,0.125,7,7,GGGCGAATCGCGTTTATTTG,0,5257933
yqjE_yqjK_yqjD_yqjC_predicted,0.125,7,7,GGGCCTGATCCAGGTCGCAA,0,5193715
yqjE_yqjK_yqjD_yqjC_predicted,0.125,7,7,GGGATCTCAGCATTTAAGAT,0,5262990
yqjE_yqjK_yqjD_yqjC_predicted,0.125,7,7,GGCTCGCCTTCCAAGTACTA,0,5241206
yqjE_yqjK_yqjD_yqjC_predicted,0.125,7,7,GGCGTCCAGGAGACAAAGGA,0,5254542
yqjE_yqjK_yqjD_yqjC_predicted,0.125,7,7,GGCGTAATAATCTCATCTGG,0,5240930
yqjE_yqjK_yqjD_yqjC_predicted,0.125,7,7,GGCGGGTCGTGGTTCACAGA,0,5217204
yqjE_yqjK_yqjD_yqjC_predicted,0.125,7,7,GGCGGCGGCCTGCCCTGGAG,0,5179905
yqjE_yqjK_yqjD_yqjC_predicted,0.125,7,7,GGCGACGTTAACCAAAAGGA,0,5195761
yqjE_yqjK_yqjD_yqjC_predicted,0.125,7,7,GGCGACGTCTCACTACCGGC,0,5183096
yqjE_yqjK_yqjD_yqjC_predicted,0.125,7,7,GGCCGTGCGAGTCAATTCGT,0,5224403
yqjE_yqjK_yqjD_yqjC_predicted,0.125,7,7,GGCCCTCACGCGGCAGCACC,0,5246283
yqjE_yqjK_yqjD_yqjC_predicted,0.125,7,7,GGCATATACGCCGTAGAGCT,0,5208374
yqjE_yqjK_yqjD_yqjC_predicted,0.125,7,7,GGCAGAAAAGAATGCGCTTC,0,5221348
yqjE_yqjK_yqjD_yqjC_predicted,0.125,7,7,GGCAATCTGCACTCCCCTTA,0,5227241
yqjE_yqjK_yqjD_yqjC_predicted,0.125,7,7,GGCAATCACCCGGTCTGATC,0,5174137
yqjE_yqjK_yqjD_yqjC_predicted,0.125,7,7,GGCAACAGCACGCGGTAGTG,0,5175430
yqjE_yqjK_yqjD_yqjC_predicted,0.125,7,7,GGATGTCAACTTCAACGAAA,0,5185540
yqjE_yqjK_yqjD_yqjC_predicted,0.125,7,7,GGAGCTCACAGGTATAACGT,0,5176269
yqjE_yqjK_yqjD_yqjC_predicted,0.125,7,7,GGAGCCGTCGAGCGAAGCCG,0,5198772
yqjE_yqjK_yqjD_yqjC_predicted,0.125,7,7,GGAGATATGCAACCGGGGTA,0,5259320
yqjE_yqjK_yqjD_yqjC_predicted,0.125,7,7,GGACTATAAAAACTCAGCCA,0,5204207
yqjE_yqjK_yqjD_yqjC_predicted,0.125,7,7,GGAACCTAAACGTTGTGTCC,0,5253714
yqjE_yqjK_yqjD_yqjC_predicted,0.125,7,7,GGAACACTGTTTCTTTAGGT,0,5205217
yqjE_yqjK_yqjD_yqjC_predicted,0.125,7,7,GGAAATATCCCGTGGGCGAA,0,5192159
yqjE_yqjK_yqjD_yqjC_predicted,0.125,7,7,GGAAAAGTACCTCCCAGCTG,0,5203200
yqjE_yqjK_yqjD_yqjC_predicted,0.125,7,7,GCTTGGGGTGTTGGAGGAAT,0,5212810
yqjE_yqjK_yqjD_yqjC_predicted,0.125,7,7,GCTTGACAATGTAGCGACAG,0,5212226
yqjE_yqjK_yqjD_yqjC_predicted,0.125,7,7,GCTTCGACACGCACTTTGGG,0,5222198
yqjE_yqjK_yqjD_yqjC_predicted,0.125,7,7,GCTTAAAAGGTTATTGGGGA,0,5191270
yqjE_yqjK_yqjD_yqjC_predicted,0.125,7,7,GCTGGTAACGAATATGTCGG,0,5248933
yqjE_yqjK_yqjD_yqjC_predicted,0.125,7,7,GCTGATCGTTGGTGAGCTAA,0,5254654
yqjE_yqjK_yqjD_yqjC_predicted,0.125,7,7,GCTCTCTAAAGTGGGTTTAG,0,5258556
yqjE_yqjK_yqjD_yqjC_predicted,0.125,7,7,GCTCGGATATGCTGAGGATC,0,5187610
yqjE_yqjK_yqjD_yqjC_predicted,0.125,7,7,GCTAGGTCGCATCTTAGACA,0,5203785
yqjE_yqjK_yqjD_yqjC_predicted,0.125,7,7,GCTACATCCAGACATGGGGT,0,5219840
yqjE_yqjK_yqjD_yqjC_predicted,0.125,7,7,GCTAACCACGCTGTTCACGA,0,5199958
yqjE_yqjK_yqjD_yqjC_predicted,0.125,7,7,GCGTTTACTCCGGGTATTTA,0,5192703
yqjE_yqjK_yqjD_yqjC_predicted,0.125,7,7,GCGTGGCCCGAGTTCGCCAG,0,5202148
yqjE_yqjK_yqjD_yqjC_predicted,0.125,7,7,GCGTGAGTTCATGATGTGTA,0,5250883
yqjE_yqjK_yqjD_yqjC_predicted,0.125,7,7,GCGTGAGCTATGGCGGAACC,0,5249753
yqjE_yqjK_yqjD_yqjC_predicted,0.125,7,7,GCGTCAGTGAAATAGACCTT,0,5211991
yqjE_yqjK_yqjD_yqjC_predicted,0.125,7,7,GCGTCAGAGCACAAGCTGCC,0,5204473
yqjE_yqjK_yqjD_yqjC_predicted,0.125,7,7,GCGTATCCCAGGTAAGCATA,0,5199854
yqjE_yqjK_yqjD_yqjC_predicted,0.125,7,7,GCGGTTCAGTAGTGCGTTTT,0,5224053
yqjE_yqjK_yqjD_yqjC_predicted,0.125,7,7,GCGGCACGTAAAAGGGCTTA,0,5202503
yqjE_yqjK_yqjD_yqjC_predicted,0.125,7,7,GCGGATTTACGACTTGCCAC,0,5171480
yqjE_yqjK_yqjD_yqjC_predicted,0.125,7,7,GCGCGAACGGCAGGTGCAAT,0,5212304
yqjE_yqjK_yqjD_yqjC_predicted,0.125,7,7,GCGCAATGATCGAGTCTGTT,0,5210367
yqjE_yqjK_yqjD_yqjC_predicted,0.125,7,7,GCGAGCAGCTAGGAAACGGT,0,5228832
yqjE_yqjK_yqjD_yqjC_predicted,0.125,7,7,GCGAATCTTTGAACGTCAGA,0,5184427
yqjE_yqjK_yqjD_yqjC_predicted,0.125,7,7,GCCTTGGTGTGCGTTAGCGC,0,5188500
yqjE_yqjK_yqjD_yqjC_predicted,0.125,7,7,GCCTGACCTCCTGGGGGGCT,0,5257216
yqjE_yqjK_yqjD_yqjC_predicted,0.125,7,7,GCCTCGGAAGGCCAGGTGGC,0,5244437
yqjE_yqjK_yqjD_yqjC_predicted,0.125,7,7,GCCTCGCGTCACGCCCCCCG,0,5227821
yqjE_yqjK_yqjD_yqjC_predicted,0.125,7,7,GCCGTTCAAGTCATATTGTG,0,5194199
yqjE_yqjK_yqjD_yqjC_predicted,0.125,7,7,GCCGTATCGGGCGGAACAGC,0,5197265
yqjE_yqjK_yqjD_yqjC_predicted,0.125,7,7,GCCGGTGCCGGTCAATCGAA,0,5197547
yqjE_yqjK_yqjD_yqjC_predicted,0.125,7,7,GCCGAGCGAGGTCCCCTTTG,0,5241860
yqjE_yqjK_yqjD_yqjC_predicted,0.125,7,7,GCCGAATCCCTAAAGACTGC,0,5173535
yqjE_yqjK_yqjD_yqjC_predicted,0.125,7,7,GCCCTGAGTCGCGCCCCCCG,0,5211298
yqjE_yqjK_yqjD_yqjC_predicted,0.125,7,7,GCCCATGTAAAATCTAGGAA,0,5258679
yqjE_yqjK_yqjD_yqjC_predicted,0.125,7,7,GCCCAGCCAGTTGCTCAAAT,0,5232191
yqjE_yqjK_yqjD_yqjC_predicted,0.125,7,7,GCCAGATGCCCAGCGTGCAT,0,5228303
yqjE_yqjK_yqjD_yqjC_predicted,0.125,7,7,GCCAGAGGATTTCGCGCCAC,0,5246906
yqjE_yqjK_yqjD_yqjC_predicted,0.125,7,7,GCCAACTATGTTGCACAAGC,0,5222967
yqjE_yqjK_yqjD_yqjC_predicted,0.125,7,7,GCATCTTGCGTGGAGGGGCA,0,5185167
yqjE_yqjK_yqjD_yqjC_predicted,0.125,7,7,GCATCGCTTTGGTCCCAGGC,0,5233500
yqjE_yqjK_yqjD_yqjC_predicted,0.125,7,7,GCATAATCCGGCATTTGCGG,0,5177788
yqjE_yqjK_yqjD_yqjC_predicted,0.125,7,7,GCAGTTGGAACATTACTCAC,0,5242314
yqjE_yqjK_yqjD_yqjC_predicted,0.125,7,7,GCAGTTGAAGAAAACTAGCT,0,5177415
yqjE_yqjK_yqjD_yqjC_predicted,0.125,7,7,GCAGGGACATACCAATCCGT,0,5246078
yqjE_yqjK_yqjD_yqjC_predicted,0.125,7,7,GCAGCTATATTCCACCGCGC,0,5200362
yqjE_yqjK_yqjD_yqjC_predicted,0.125,7,7,GCAGCGCTCACGAATAAGAA,0,5259234
yqjE_yqjK_yqjD_yqjC_predicted,0.125,7,7,GCAGACGATGCAAGGACCTA,0,5228616
yqjE_yqjK_yqjD_yqjC_predicted,0.125,7,7,GCACTGTAGGCGGCGGACAG,0,5241812
yqjE_yqjK_yqjD_yqjC_predicted,0.125,7,7,GCACGTTCTACCAGCAACCC,0,5247563
yqjE_yqjK_yqjD_yqjC_predicted,0.125,7,7,GCACGTGATTACGGTCATCA,0,5256308
yqjE_yqjK_yqjD_yqjC_predicted,0.125,7,7,GCACCGGCGTCGGTTTCGGG,0,5235046
yqjE_yqjK_yqjD_yqjC_predicted,0.125,7,7,GCACATGGTGTACGATGTTC,0,5184456
yqjE_yqjK_yqjD_yqjC_predicted,0.125,7,7,GCACACCTCTCTGTATGACA,0,5236941
yqjE_yqjK_yqjD_yqjC_predicted,0.125,7,7,GCAAGCCAGAGCTCGGGCTG,0,5229421
yqjE_yqjK_yqjD_yqjC_predicted,0.125,7,7,GCAACGGTGATACTGAGGTT,0,5233122
yqjE_yqjK_yqjD_yqjC_predicted,0.125,7,7,GCAAAATCGAGGGAGGATCT,0,5261547
yqjE_yqjK_yqjD_yqjC_predicted,0.125,7,7,GCAAAATCATCCGGAATGAA,0,5196897
yqjE_yqjK_yqjD_yqjC_predicted,0.125,7,7,GATTTTTCCATTAAATGCAT,0,5218739
yqjE_yqjK_yqjD_yqjC_predicted,0.125,7,7,GATTCTGACGACATACGCCG,0,5222995
yqjE_yqjK_yqjD_yqjC_predicted,0.125,7,7,GATTAGTGGGACTGAACCCA,0,5248565
yqjE_yqjK_yqjD_yqjC_predicted,0.125,7,7,GATGGGCCGTACGAGGGGGG,0,5175098
yqjE_yqjK_yqjD_yqjC_predicted,0.125,7,7,GATCTATACGCTACCACGCG,0,5238647
yqjE_yqjK_yqjD_yqjC_predicted,0.125,7,7,GATCGCAACACTCTACACTC,0,5197659
yqjE_yqjK_yqjD_yqjC_predicted,0.125,7,7,GATCCTCGGTCGTAGGGATA,0,5257997
yqjE_yqjK_yqjD_yqjC_predicted,0.125,7,7,GATCATTGCTTTCAAGGTAG,0,5221898
yqjE_yqjK_yqjD_yqjC_predicted,0.125,7,7,GATATGGTATGGCGCAACAC,0,5199871
yqjE_yqjK_yqjD_yqjC_predicted,0.125,7,7,GATATGAAAAGCCTGAATTT,0,5221028
yqjE_yqjK_yqjD_yqjC_predicted,0.125,7,7,GATACTGGCAAACTATTGTT,0,5197234
yqjE_yqjK_yqjD_yqjC_predicted,0.125,7,7,GATAACTTGGATCAATTGTC,0,5211478
yqjE_yqjK_yqjD_yqjC_predicted,0.125,7,7,GATAAAAAAGGGGCCACAAG,0,5205904
yqjE_yqjK_yqjD_yqjC_predicted,0.125,7,7,GAGTCCTGTGGAGAACTGAA,0,5226636
yqjE_yqjK_yqjD_yqjC_predicted,0.125,7,7,GAGGGTACATTCTATGAGAA,0,5200786
yqjE_yqjK_yqjD_yqjC_predicted,0.125,7,7,GAGGGTAACAACCCCCCTCC,0,5178553
yqjE_yqjK_yqjD_yqjC_predicted,0.125,7,7,GAGCGTGGTTGCCAGGAATT,0,5216546
yqjE_yqjK_yqjD_yqjC_predicted,0.125,7,7,GAGCCCGGGAGAGGTTGGGT,0,5211661
yqjE_yqjK_yqjD_yqjC_predicted,0.125,7,7,GAGCCACCGGCATGTTTTAT,0,5202581
yqjE_yqjK_yqjD_yqjC_predicted,0.125,7,7,GAGACTACAGCGGCCGCGAA,0,5175814
yqjE_yqjK_yqjD_yqjC_predicted,0.125,7,7,GAGAACTGCGCTGCCTGGCG,0,5204075
yqjE_yqjK_yqjD_yqjC_predicted,0.125,7,7,GACTTTTGTGCGCAGAGGTT,0,5199698
yqjE_yqjK_yqjD_yqjC_predicted,0.125,7,7,GACTTCGCCATCAGTGTTTA,0,5225172
yqjE_yqjK_yqjD_yqjC_predicted,0.125,7,7,GACTTAGCGTACAGTTCTTT,0,5260460
yqjE_yqjK_yqjD_yqjC_predicted,0.125,7,7,GACTTAAAGTGCTCCCCCAC,0,5203443
yqjE_yqjK_yqjD_yqjC_predicted,0.125,7,7,GACGTATAGATTCTTTATCT,0,5243008
yqjE_yqjK_yqjD_yqjC_predicted,0.125,7,7,GACCTACTCAACATGTAAAG,0,5219042
yqjE_yqjK_yqjD_yqjC_predicted,0.125,7,7,GACCCATAGAATGCTTATCA,0,5248648
yqjE_yqjK_yqjD_yqjC_predicted,0.125,7,7,GACATTCGTGCACACCACTC,0,5205791
yqjE_yqjK_yqjD_yqjC_predicted,0.125,7,7,GACATGTACAGCACTGATAA,0,5171220
yqjE_yqjK_yqjD_yqjC_predicted,0.125,7,7,GACATATATCAGAGCAGGCT,0,5250742
yqjE_yqjK_yqjD_yqjC_predicted,0.125,7,7,GACAGGTTTGGCACCATCAT,0,5256414
yqjE_yqjK_yqjD_yqjC_predicted,0.125,7,7,GACAGGACCCAGTCAAATCG,0,5250616
yqjE_yqjK_yqjD_yqjC_predicted,0.125,7,7,GACACATACGAACAACCATT,0,5254896
yqjE_yqjK_yqjD_yqjC_predicted,0.125,7,7,GACAAACATAATTGAGCCAG,0,5260262
yqjE_yqjK_yqjD_yqjC_predicted,0.125,7,7,GAATGGATAAATTTCAGTAC,0,5247069
yqjE_yqjK_yqjD_yqjC_predicted,0.125,7,7,GAATCTCCAGAGATCTCCCA,0,5260421
yqjE_yqjK_yqjD_yqjC_predicted,0.125,7,7,GAATCTCAAGGGCCGAGGGG,0,5185183
yqjE_yqjK_yqjD_yqjC_predicted,0.125,7,7,GAATCAGCGTATTGGGGTAA,0,5196874
yqjE_yqjK_yqjD_yqjC_predicted,0.125,7,7,GAAGGGGCTGGTCCCGATGG,0,5183015
yqjE_yqjK_yqjD_yqjC_predicted,0.125,7,7,GAAGCTTGGTAGATTGCTAC,0,5180431
yqjE_yqjK_yqjD_yqjC_predicted,0.125,7,7,GAACGACAATCCCGTATCTA,0,5181341
yqjE_yqjK_yqjD_yqjC_predicted,0.125,7,7,GAACACAATTTAAACGATTT,0,5258695
yqjE_yqjK_yqjD_yqjC_predicted,0.125,7,7,GAAAGTAAAATAATTGTTGC,0,5229903
yqjE_yqjK_yqjD_yqjC_predicted,0.125,7,7,GAAAATGATGGACACGTTTC,0,5209836
yqjE_yqjK_yqjD_yqjC_predicted,0.125,7,7,CTTTTCACGGTGCTCAGATA,0,5209403
yqjE_yqjK_yqjD_yqjC_predicted,0.125,7,7,CTTTGTTGCGCCGCCAGTCT,0,5176242
yqjE_yqjK_yqjD_yqjC_predicted,0.125,7,7,CTTTCGATGACAGCCTGTGG,0,5200007
yqjE_yqjK_yqjD_yqjC_predicted,0.125,7,7,CTTGGTTGATCCTGCCTTTC,0,5185373
yqjE_yqjK_yqjD_yqjC_predicted,0.125,7,7,CTTGGTGTGTCTTTTCTCCA,0,5210062
yqjE_yqjK_yqjD_yqjC_predicted,0.125,7,7,CTTGGGCTATATGATGGATC,0,5240905
yqjE_yqjK_yqjD_yqjC_predicted,0.125,7,7,CTTGATGCATTAAATGGTTA,0,5205354
yqjE_yqjK_yqjD_yqjC_predicted,0.125,7,7,CTTGACTTGGGCAATTTAAC,0,5182170
yqjE_yqjK_yqjD_yqjC_predicted,0.125,7,7,CTTAGGTGGCAGAGGTATAT,0,5244142
yqjE_yqjK_yqjD_yqjC_predicted,0.125,7,7,CTTAAATCAGATGACCTCCG,0,5215841
yqjE_yqjK_yqjD_yqjC_predicted,0.125,7,7,CTTAAAGTGAGAGTTAGCCT,0,5257861
yqjE_yqjK_yqjD_yqjC_predicted,0.125,7,7,CTGTTGACCTGCAATTAGAA,0,5244010
yqjE_yqjK_yqjD_yqjC_predicted,0.125,7,7,CTGTTCTGGGGGAGGAGGGG,0,5226399
yqjE_yqjK_yqjD_yqjC_predicted,0.125,7,7,CTGTACATATCCCTCGTTGG,0,5195116
yqjE_yqjK_yqjD_yqjC_predicted,0.125,7,7,CTGGTAGGCCGACAATTGCA,0,5253078
yqjE_yqjK_yqjD_yqjC_predicted,0.125,7,7,CTGGCTGAGTGAGCAGCTTA,0,5185584
yqjE_yqjK_yqjD_yqjC_predicted,0.125,7,7,CTGCTCAGTACGTTCTTCGT,0,5192129
yqjE_yqjK_yqjD_yqjC_predicted,0.125,7,7,CTGCGGCCCGCTCCGATGCT,0,5246634
yqjE_yqjK_yqjD_yqjC_predicted,0.125,7,7,CTGCCGGGAGGTAACGGACG,0,5192186
yqjE_yqjK_yqjD_yqjC_predicted,0.125,7,7,CTGCCACTGAAGTCTCGGGG,0,5222922
yqjE_yqjK_yqjD_yqjC_predicted,0.125,7,7,CTGATGCACCACACTGCTAG,0,5237816
yqjE_yqjK_yqjD_yqjC_predicted,0.125,7,7,CTGAGTCGTGTGGGTGAACT,0,5172406
yqjE_yqjK_yqjD_yqjC_predicted,0.125,7,7,CTGAAAATGCGTCCCAATCT,0,5231546
yqjE_yqjK_yqjD_yqjC_predicted,0.125,7,7,CTCGTAATTGCAATAGCTCA,0,5182963
yqjE_yqjK_yqjD_yqjC_predicted,0.125,7,7,CTCGGAAGACAGTATGAAGT,0,5177871
yqjE_yqjK_yqjD_yqjC_predicted,0.125,7,7,CTCCTTCATTGCCAGAACCT,0,5208315
yqjE_yqjK_yqjD_yqjC_predicted,0.125,7,7,CTCCTGTCTGACGGCGAGAA,0,5201697
yqjE_yqjK_yqjD_yqjC_predicted,0.125,7,7,CTCATTTTATGCGCGGGAGA,0,5217909
yqjE_yqjK_yqjD_yqjC_predicted,0.125,7,7,CTCATGTCTTCTACCTCCTC,0,5223272
yqjE_yqjK_yqjD_yqjC_predicted,0.125,7,7,CTCATGCTTTTTATTAGCTG,0,5249876
yqjE_yqjK_yqjD_yqjC_predicted,0.125,7,7,CTCATCAGAGGCTCAGGTCC,0,5248490
yqjE_yqjK_yqjD_yqjC_predicted,0.125,7,7,CTCAATGATTCGTAGCATCG,0,5247586
yqjE_yqjK_yqjD_yqjC_predicted,0.125,7,7,CTCAAAGTGGAAGCTAGAGA,0,5219649
yqjE_yqjK_yqjD_yqjC_predicted,0.125,7,7,CTATCGCGCTCAAAGCTATC,0,5209105
yqjE_yqjK_yqjD_yqjC_predicted,0.125,7,7,CTAGCTCGTGCGTAAACACT,0,5210941
yqjE_yqjK_yqjD_yqjC_predicted,0.125,7,7,CTAGCGTGTAGAAACCGAAG,0,5252386
yqjE_yqjK_yqjD_yqjC_predicted,0.125,7,7,CTAGCGCAGTGCACATGCAT,0,5249284
yqjE_yqjK_yqjD_yqjC_predicted,0.125,7,7,CTAGCGAGTCTCCCAACGGC,0,5184248
yqjE_yqjK_yqjD_yqjC_predicted,0.125,7,7,CTAGAGTGATAAGGTACAAA,0,5240167
yqjE_yqjK_yqjD_yqjC_predicted,0.125,7,7,CTAGACTAGAATGGGAAATA,0,5209152
yqjE_yqjK_yqjD_yqjC_predicted,0.125,7,7,CTAACGGTTGTGCTACGTTG,0,5181177
yqjE_yqjK_yqjD_yqjC_predicted,0.125,7,7,CTAAATAGTGATCAGTTAGT,0,5183299
yqjE_yqjK_yqjD_yqjC_predicted,0.125,7,7,CGTTCGATATTACTCGCCAC,0,5192945
yqjE_yqjK_yqjD_yqjC_predicted,0.125,7,7,CGTGTAAGAACGTGCAGCGG,0,5187772
yqjE_yqjK_yqjD_yqjC_predicted,0.125,7,7,CGTGCTCAAGACCGTTTCAA,0,5218908
yqjE_yqjK_yqjD_yqjC_predicted,0.125,7,7,CGTGCGCAAACTTCCAAGCC,0,5211287
yqjE_yqjK_yqjD_yqjC_predicted,0.125,7,7,CGTCGGAACAGGTCCGTCGT,0,5194397
yqjE_yqjK_yqjD_yqjC_predicted,0.125,7,7,CGTATTTGGTGGCGCAGTTC,0,5174964
yqjE_yqjK_yqjD_yqjC_predicted,0.125,7,7,CGTATGGCCACCAGCTTATA,0,5220005
yqjE_yqjK_yqjD_yqjC_predicted,0.125,7,7,CGTATAGGTAAAGCAAGGGA,0,5196655
yqjE_yqjK_yqjD_yqjC_predicted,0.125,7,7,CGTAGGGGCATGACTCGTGG,0,5238216
yqjE_yqjK_yqjD_yqjC_predicted,0.125,7,7,CGTAACGTGTAGCCACGCAA,0,5234794
yqjE_yqjK_yqjD_yqjC_predicted,0.125,7,7,CGGGGTGAGAGTACTTAACC,0,5231609
yqjE_yqjK_yqjD_yqjC_predicted,0.125,7,7,CGGGCGCAATACGGGGGCAG,0,5199673
yqjE_yqjK_yqjD_yqjC_predicted,0.125,7,7,CGGCTGGGGGTGTGTCCTGC,0,5201910
yqjE_yqjK_yqjD_yqjC_predicted,0.125,7,7,CGGCTGGCGGACACCAGATT,0,5221831
yqjE_yqjK_yqjD_yqjC_predicted,0.125,7,7,CGGCACAGGTCGATGTGTAA,0,5180441
yqjE_yqjK_yqjD_yqjC_predicted,0.125,7,7,CGGACTGAAGACTCATCGTT,0,5190761
yqjE_yqjK_yqjD_yqjC_predicted,0.125,7,7,CGGACTAATTGGTCTTGCCT,0,5229393
yqjE_yqjK_yqjD_yqjC_predicted,0.125,7,7,CGGAAGTTTATAGCTGGGGG,0,5224187
yqjE_yqjK_yqjD_yqjC_predicted,0.125,7,7,CGGAAGATTCGAGGAACGGC,0,5212253
yqjE_yqjK_yqjD_yqjC_predicted,0.125,7,7,CGGAAAGGGCATTTGGGGTT,0,5184641
yqjE_yqjK_yqjD_yqjC_predicted,0.125,7,7,CGCTTGGAACGGTGAGGGCG,0,5222627
yqjE_yqjK_yqjD_yqjC_predicted,0.125,7,7,CGCTCCGATCCTGAGGGGAT,0,5211474
yqjE_yqjK_yqjD_yqjC_predicted,0.125,7,7,CGCGTCCAGTTACGAAGACT,0,5250180
yqjE_yqjK_yqjD_yqjC_predicted,0.125,7,7,CGCGGTTCGTCCCGGAGCCA,0,5247455
yqjE_yqjK_yqjD_yqjC_predicted,0.125,7,7,CGCGGGGAGAGTCCTAGCCT,0,5239622
yqjE_yqjK_yqjD_yqjC_predicted,0.125,7,7,CGCGGAACCTCCTATCAGGC,0,5189355
yqjE_yqjK_yqjD_yqjC_predicted,0.125,7,7,CGCGAGTTTCTTGCAGGACC,0,5239956
yqjE_yqjK_yqjD_yqjC_predicted,0.125,7,7,CGCGACTCCATCACTTGGGA,0,5197857
yqjE_yqjK_yqjD_yqjC_predicted,0.125,7,7,CGCCTTAGGCATAAATTAAT,0,5234995
yqjE_yqjK_yqjD_yqjC_predicted,0.125,7,7,CGCCTAATGCACCATGGCGA,0,5232746
yqjE_yqjK_yqjD_yqjC_predicted,0.125,7,7,CGCCGATTCCCGGTCTTCAG,0,5204227
yqjE_yqjK_yqjD_yqjC_predicted,0.125,7,7,CGCCGAGAATACGAGTTGCA,0,5204396
yqjE_yqjK_yqjD_yqjC_predicted,0.125,7,7,CGCCCTTTGGCAAAATTCTG,0,5224636
yqjE_yqjK_yqjD_yqjC_predicted,0.125,7,7,CGCAACAGAGTATACCCTAT,0,5217912
yqjE_yqjK_yqjD_yqjC_predicted,0.125,7,7,CGATCCATTCCGAGGCGATG,0,5252636
yqjE_yqjK_yqjD_yqjC_predicted,0.125,7,7,CGATAATATAATACATTAGT,0,5198836
yqjE_yqjK_yqjD_yqjC_predicted,0.125,7,7,CGAGGATGCGTGAACTATGT,0,5245199
yqjE_yqjK_yqjD_yqjC_predicted,0.125,7,7,CGAGCATATATTCAATTGGT,0,5236285
yqjE_yqjK_yqjD_yqjC_predicted,0.125,7,7,CGACGGGATGAGCGTGTCTG,0,5259621
yqjE_yqjK_yqjD_yqjC_predicted,0.125,7,7,CGACGGAATGCTGATCGTTC,0,5255417
yqjE_yqjK_yqjD_yqjC_predicted,0.125,7,7,CGAATTGCCAGCTAGCCTGG,0,5215466
yqjE_yqjK_yqjD_yqjC_predicted,0.125,7,7,CGAATAGCACTTGCGAGGGT,0,5209129
yqjE_yqjK_yqjD_yqjC_predicted,0.125,7,7,CGAAGATCTAGTGCGACGGT,0,5186897
yqjE_yqjK_yqjD_yqjC_predicted,0.125,7,7,CGAACGGCTAAATCTGAAAA,0,5205150
yqjE_yqjK_yqjD_yqjC_predicted,0.125,7,7,CGAACGCCAATCACTTCCAT,0,5192969
yqjE_yqjK_yqjD_yqjC_predicted,0.125,7,7,CGAAATCTCTACTGCGCGTG,0,5171463
yqjE_yqjK_yqjD_yqjC_predicted,0.125,7,7,CGAAACGCTAGTTAGAACCA,0,5208580
yqjE_yqjK_yqjD_yqjC_predicted,0.125,7,7,CGAAAAGCCGCACATCCTAA,0,5211792
yqjE_yqjK_yqjD_yqjC_predicted,0.125,7,7,CGAAAACCACGGTGAATTAG,0,5258436
yqjE_yqjK_yqjD_yqjC_predicted,0.125,7,7,CCTTTTATAAAGAAAAGCCA,0,5172199
yqjE_yqjK_yqjD_yqjC_predicted,0.125,7,7,CCTTGAAACTAACGTGAGCT,0,5189127
yqjE_yqjK_yqjD_yqjC_predicted,0.125,7,7,CCTGTCGTTACTCTGCCATA,0,5256958
yqjE_yqjK_yqjD_yqjC_predicted,0.125,7,7,CCTCGGGTCTCATATTACGT,0,5227882
yqjE_yqjK_yqjD_yqjC_predicted,0.125,7,7,CCTCGGGGACGCTTACTTTA,0,5218813
yqjE_yqjK_yqjD_yqjC_predicted,0.125,7,7,CCTCGGCCTTGTCCGCGACC,0,5208767
yqjE_yqjK_yqjD_yqjC_predicted,0.125,7,7,CCTCGACGTCACGAAGGCGA,0,5261432
yqjE_yqjK_yqjD_yqjC_predicted,0.125,7,7,CCTATGCAGTCAACTCTTCA,0,5224254
yqjE_yqjK_yqjD_yqjC_predicted,0.125,7,7,CCTAGGCATCTTTTAGGTGT,0,5200673
yqjE_yqjK_yqjD_yqjC_predicted,0.125,7,7,CCGGTAACATTTCCGAGGTC,0,5246871
yqjE_yqjK_yqjD_yqjC_predicted,0.125,7,7,CCGCGTGGCAACGCGTCAGT,0,5183383
yqjE_yqjK_yqjD_yqjC_predicted,0.125,7,7,CCGCGGTAACGCTAAGACGA,0,5173558
yqjE_yqjK_yqjD_yqjC_predicted,0.125,7,7,CCGCGAGCTCGTACATTCAC,0,5248714
yqjE_yqjK_yqjD_yqjC_predicted,0.125,7,7,CCGCCACGTTTACATGTTGA,0,5260593
yqjE_yqjK_yqjD_yqjC_predicted,0.125,7,7,CCGCAGGGCTTTTAAAAAAT,0,5232967
yqjE_yqjK_yqjD_yqjC_predicted,0.125,7,7,CCGAGCTTGTTATCGGAAGG,0,5206996
yqjE_yqjK_yqjD_yqjC_predicted,0.125,7,7,CCGAGACATGTAGGCCACCG,0,5240231
yqjE_yqjK_yqjD_yqjC_predicted,0.125,7,7,CCCGGGTAAGTTCGTTCTCC,0,5257400
yqjE_yqjK_yqjD_yqjC_predicted,0.125,7,7,CCCGGACATCAGCTCATGTG,0,5238057
yqjE_yqjK_yqjD_yqjC_predicted,0.125,7,7,CCCCTCAGATGTTAGCTCAT,0,5220878
yqjE_yqjK_yqjD_yqjC_predicted,0.125,7,7,CCCCGTCCGCGCATCAGGCC,0,5249818
yqjE_yqjK_yqjD_yqjC_predicted,0.125,7,7,CCCCCCTTCGCCCGTCGTAT,0,5250930
yqjE_yqjK_yqjD_yqjC_predicted,0.125,7,7,CCCAGTCGATCGTGCAAAGC,0,5224985
yqjE_yqjK_yqjD_yqjC_predicted,0.125,7,7,CCATGTCTGATTGCACCGCG,0,5245972
yqjE_yqjK_yqjD_yqjC_predicted,0.125,7,7,CCATGTCGAACGTCGTTTAT,0,5249151
yqjE_yqjK_yqjD_yqjC_predicted,0.125,7,7,CCATCGACGTTTTGATTGGA,0,5220471
yqjE_yqjK_yqjD_yqjC_predicted,0.125,7,7,CCATAGAAGGGAATCATTGC,0,5198804
yqjE_yqjK_yqjD_yqjC_predicted,0.125,7,7,CCAGTTATATGACATATCGC,0,5237046
yqjE_yqjK_yqjD_yqjC_predicted,0.125,7,7,CCAGTAAGAAAAATCATTCT,0,5248241
yqjE_yqjK_yqjD_yqjC_predicted,0.125,7,7,CCAGGGGTACCGGTTACTGA,0,5230590
yqjE_yqjK_yqjD_yqjC_predicted,0.125,7,7,CCAGCGGGGCGTAAAGGAAC,0,5247029
yqjE_yqjK_yqjD_yqjC_predicted,0.125,7,7,CCAGCCTCGTGGTCAAGGTC,0,5254136
yqjE_yqjK_yqjD_yqjC_predicted,0.125,7,7,CCAGAGCTAAGTCGTATTGG,0,5243297
yqjE_yqjK_yqjD_yqjC_predicted,0.125,7,7,CCAAGGTATCATATTTGTAA,0,5175966
yqjE_yqjK_yqjD_yqjC_predicted,0.125,7,7,CCAAATTCTATAACATTTTT,0,5184348
yqjE_yqjK_yqjD_yqjC_predicted,0.125,7,7,CATTGGCCAAATCTAGGGCT,0,5179230
yqjE_yqjK_yqjD_yqjC_predicted,0.125,7,7,CATTGATGATTGTAGAAGTT,0,5177198
yqjE_yqjK_yqjD_yqjC_predicted,0.125,7,7,CATTACAAGAGGCCCTACCA,0,5230269
yqjE_yqjK_yqjD_yqjC_predicted,0.125,7,7,CATGTAAGCCTCACAAGTTC,0,5240209
yqjE_yqjK_yqjD_yqjC_predicted,0.125,7,7,CATGGGTATTGTGTTCGCGC,0,5171842
yqjE_yqjK_yqjD_yqjC_predicted,0.125,7,7,CATCAGTTGTGTGAGGGCCA,0,5175561
yqjE_yqjK_yqjD_yqjC_predicted,0.125,7,7,CATATCACCATGCCCATTGA,0,5214541
yqjE_yqjK_yqjD_yqjC_predicted,0.125,7,7,CAGTTTGTGACCGAATCTAT,0,5226278
yqjE_yqjK_yqjD_yqjC_predicted,0.125,7,7,CAGTTTATGTCCCAAAAGTT,0,5239614
yqjE_yqjK_yqjD_yqjC_predicted,0.125,7,7,CAGTTGTTAAGGGGATGTAT,0,5224634
yqjE_yqjK_yqjD_yqjC_predicted,0.125,7,7,CAGTCGATGGGTTAATATCG,0,5251612
yqjE_yqjK_yqjD_yqjC_predicted,0.125,7,7,CAGGTCTAACTAAAGCATTT,0,5235071
yqjE_yqjK_yqjD_yqjC_predicted,0.125,7,7,CAGGGCCAAGCGAAGCGGGT,0,5250748
yqjE_yqjK_yqjD_yqjC_predicted,0.125,7,7,CAGGGCATCATCGCCTTAAA,0,5247523
yqjE_yqjK_yqjD_yqjC_predicted,0.125,7,7,CAGGACTGTATTAGAAGTCT,0,5259500
yqjE_yqjK_yqjD_yqjC_predicted,0.125,7,7,CAGCTCTCGCTCCAAATGAT,0,5246506
yqjE_yqjK_yqjD_yqjC_predicted,0.125,7,7,CAGCTCACTTGCCCGCACGG,0,5247590
yqjE_yqjK_yqjD_yqjC_predicted,0.125,7,7,CAGCCGCACCAACGCACCTC,0,5185245
yqjE_yqjK_yqjD_yqjC_predicted,0.125,7,7,CAGACTAGGGTCCGCGACAA,0,5196902
yqjE_yqjK_yqjD_yqjC_predicted,0.125,7,7,CAGACATGGGGTAGGCCCTC,0,5229966
yqjE_yqjK_yqjD_yqjC_predicted,0.125,7,7,CAGAAGACTGGGGCCTTGGG,0,5220491
yqjE_yqjK_yqjD_yqjC_predicted,0.125,7,7,CAGAAATGAACTACCAGGAC,0,5195024
yqjE_yqjK_yqjD_yqjC_predicted,0.125,7,7,CACTTGTTGTTCTTCAGTGT,0,5241484
yqjE_yqjK_yqjD_yqjC_predicted,0.125,7,7,CACTGCACGTATATTTAAGC,0,5247039
yqjE_yqjK_yqjD_yqjC_predicted,0.125,7,7,CACTCACGGGCGAGAGGATC,0,5186450
yqjE_yqjK_yqjD_yqjC_predicted,0.125,7,7,CACTAGGGTCGGAAGTCACC,0,5208476
yqjE_yqjK_yqjD_yqjC_predicted,0.125,7,7,CACGTACGGGATCATCGTTA,0,5209150
yqjE_yqjK_yqjD_yqjC_predicted,0.125,7,7,CACGACAACCCGAGCCTGCG,0,5241843
yqjE_yqjK_yqjD_yqjC_predicted,0.125,7,7,CACCTCTACTTATCAGTTAT,0,5261176
yqjE_yqjK_yqjD_yqjC_predicted,0.125,7,7,CACCGGGACTGTGTCGCAGG,0,5216081
yqjE_yqjK_yqjD_yqjC_predicted,0.125,7,7,CACATAGTTCAGATTCTGTT,0,5217792
yqjE_yqjK_yqjD_yqjC_predicted,0.125,7,7,CACAAACTCCCTGGAAGCTT,0,5227094
yqjE_yqjK_yqjD_yqjC_predicted,0.125,7,7,CAATTAGTTAGTGCTGGCGG,0,5251076
yqjE_yqjK_yqjD_yqjC_predicted,0.125,7,7,CAATTAAACCAATACCGGAC,0,5207130
yqjE_yqjK_yqjD_yqjC_predicted,0.125,7,7,CAATCTGGCGTCTCGTCTTG,0,5211569
yqjE_yqjK_yqjD_yqjC_predicted,0.125,7,7,CAAGTGTCAGGTCTTCTAGA,0,5199686
yqjE_yqjK_yqjD_yqjC_predicted,0.125,7,7,CAAGGTCCATTTAAAGAATT,0,5239393
yqjE_yqjK_yqjD_yqjC_predicted,0.125,7,7,CAAGGGGGGGTTACTGACGG,0,5224557
yqjE_yqjK_yqjD_yqjC_predicted,0.125,7,7,CAAGCGCATGTCAAAAATGA,0,5245706
yqjE_yqjK_yqjD_yqjC_predicted,0.125,7,7,CAAGCCAGGCAACCACGAAC,0,5237391
yqjE_yqjK_yqjD_yqjC_predicted,0.125,7,7,CAAGAACTAGGAACCGGTGC,0,5197428
yqjE_yqjK_yqjD_yqjC_predicted,0.125,7,7,CAACGGTTCACTCTCGATGT,0,5262692
yqjE_yqjK_yqjD_yqjC_predicted,0.125,7,7,CAACGAGCACCACAGACAGG,0,5259907
yqjE_yqjK_yqjD_yqjC_predicted,0.125,7,7,CAACATCCAGCACGGGGTAA,0,5230153
yqjE_yqjK_yqjD_yqjC_predicted,0.125,7,7,CAAAGCTGGTGCTGCACGGT,0,5242144
yqjE_yqjK_yqjD_yqjC_predicted,0.125,7,7,CAAAACTTAGGGTTGACTGA,0,5215953
yqjE_yqjK_yqjD_yqjC_predicted,0.125,7,7,ATTGCGGGCTTTTCAAGAAG,0,5208326
yqjE_yqjK_yqjD_yqjC_predicted,0.125,7,7,ATTGAGCTAATCTGGGAGGC,0,5179201
yqjE_yqjK_yqjD_yqjC_predicted,0.125,7,7,ATTCTCGAAAAACTTTTCAG,0,5239876
yqjE_yqjK_yqjD_yqjC_predicted,0.125,7,7,ATTCGATCGTACCTTATGTT,0,5198895
yqjE_yqjK_yqjD_yqjC_predicted,0.125,7,7,ATTAGTTGTAAAGGGTAGAC,0,5219736
yqjE_yqjK_yqjD_yqjC_predicted,0.125,7,7,ATTAATCATGTCAGTGCAGG,0,5229618
yqjE_yqjK_yqjD_yqjC_predicted,0.125,7,7,ATTAACGGGTAAGCTAGCCT,0,5230179
yqjE_yqjK_yqjD_yqjC_predicted,0.125,7,7,ATGTGTTTTCAACCGCTATC,0,5180294
yqjE_yqjK_yqjD_yqjC_predicted,0.125,7,7,ATGTGTAGGGGGCCTAAGTC,0,5247863
yqjE_yqjK_yqjD_yqjC_predicted,0.125,7,7,ATGTCCTGCAATCGAATTCA,0,5238629
yqjE_yqjK_yqjD_yqjC_predicted,0.125,7,7,ATGGTTTCATGTCACTTCTA,0,5198769
yqjE_yqjK_yqjD_yqjC_predicted,0.125,7,7,ATGGGCAGTGGGAGCTGCGA,0,5222629
yqjE_yqjK_yqjD_yqjC_predicted,0.125,7,7,ATGGCAACATAGGGGGGAAG,0,5194740
yqjE_yqjK_yqjD_yqjC_predicted,0.125,7,7,ATGGATTTAACGGCATGGTA,0,5197825
yqjE_yqjK_yqjD_yqjC_predicted,0.125,7,7,ATGGACTTCCGGAGCAAACT,0,5258439
yqjE_yqjK_yqjD_yqjC_predicted,0.125,7,7,ATGCTATGAAAAGCAGGAGG,0,5249786
yqjE_yqjK_yqjD_yqjC_predicted,0.125,7,7,ATGCCTTATGTTATCGGTTT,0,5221388
yqjE_yqjK_yqjD_yqjC_predicted,0.125,7,7,ATGCCGGATTCATCCGACGA,0,5248089
yqjE_yqjK_yqjD_yqjC_predicted,0.125,7,7,ATGCATGTTTGATAACTAAA,0,5225173
yqjE_yqjK_yqjD_yqjC_predicted,0.125,7,7,ATGATTGAATACACAAGAAT,0,5186546
yqjE_yqjK_yqjD_yqjC_predicted,0.125,7,7,ATGATTCGAGGCTGCAACCT,0,5209769
yqjE_yqjK_yqjD_yqjC_predicted,0.125,7,7,ATGAGGAGGTGGGGGTTGGT,0,5257335
yqjE_yqjK_yqjD_yqjC_predicted,0.125,7,7,ATGACATTTCCATCCATCGT,0,5244796
yqjE_yqjK_yqjD_yqjC_predicted,0.125,7,7,ATCTTATTGTGATGGCCCGC,0,5172732
yqjE_yqjK_yqjD_yqjC_predicted,0.125,7,7,ATCTTACCAAAGCTAGGCAT,0,5208525
yqjE_yqjK_yqjD_yqjC_predicted,0.125,7,7,ATCTGTGTTCTCATTCCTCA,0,5199195
yqjE_yqjK_yqjD_yqjC_predicted,0.125,7,7,ATCGTGGGGGCCGCGCGAGA,0,5194526
yqjE_yqjK_yqjD_yqjC_predicted,0.125,7,7,ATCGTAAGGCCTCTTACGGC,0,5200178
yqjE_yqjK_yqjD_yqjC_predicted,0.125,7,7,ATCCTGCAACGAGAATGACC,0,5203678
yqjE_yqjK_yqjD_yqjC_predicted,0.125,7,7,ATCCGAGTGGTGGACAGTAG,0,5212658
yqjE_yqjK_yqjD_yqjC_predicted,0.125,7,7,ATCCAATTTTGAAAGTCTGG,0,5258376
yqjE_yqjK_yqjD_yqjC_predicted,0.125,7,7,ATCATATGTGTTGACATGAG,0,5204177
yqjE_yqjK_yqjD_yqjC_predicted,0.125,7,7,ATCAGTTCCAATCGTTTCTG,0,5230905
yqjE_yqjK_yqjD_yqjC_predicted,0.125,7,7,ATCAGATGCGCAAGTATGAA,0,5220876
yqjE_yqjK_yqjD_yqjC_predicted,0.125,7,7,ATCACCGCTGATATAACTTT,0,5175398
yqjE_yqjK_yqjD_yqjC_predicted,0.125,7,7,ATATTCATAAAGGAATCTCA,0,5233202
yqjE_yqjK_yqjD_yqjC_predicted,0.125,7,7,ATATTACCAACTTGACCCCA,0,5211826
yqjE_yqjK_yqjD_yqjC_predicted,0.125,7,7,ATATAGCTGACTAGCCGATA,0,5211741
yqjE_yqjK_yqjD_yqjC_predicted,0.125,7,7,ATATAAATCTCAGGCCCAAG,0,5246856
yqjE_yqjK_yqjD_yqjC_predicted,0.125,7,7,ATAGTCCAAAAGATGCGCAT,0,5177472
yqjE_yqjK_yqjD_yqjC_predicted,0.125,7,7,ATAGCGTACACTTTTCCAGG,0,5171493
yqjE_yqjK_yqjD_yqjC_predicted,0.125,7,7,ATAGCGCCCCGGAGCCAAAC,0,5227189
yqjE_yqjK_yqjD_yqjC_predicted,0.125,7,7,ATACGATGTAAATGGGTTCT,0,5247425
yqjE_yqjK_yqjD_yqjC_predicted,0.125,7,7,ATACACTATAGACCGATCGC,0,5216589
yqjE_yqjK_yqjD_yqjC_predicted,0.125,7,7,ATAAGTGCGACCTCCACTAT,0,5231079
yqjE_yqjK_yqjD_yqjC_predicted,0.125,7,7,ATAACATGAAGGGCTTTCAG,0,5201469
yqjE_yqjK_yqjD_yqjC_predicted,0.125,7,7,ATAAAGGTAACGAGATAATG,0,5173274
yqjE_yqjK_yqjD_yqjC_predicted,0.125,7,7,ATAAAGCCCTGTAGTGGTCA,0,5234842
yqjE_yqjK_yqjD_yqjC_predicted,0.125,7,7,AGTTAAAAAACTTGAATTAA,0,5198472
yqjE_yqjK_yqjD_yqjC_predicted,0.125,7,7,AGTGGTTAAGACTAGGCGCA,0,5180619
yqjE_yqjK_yqjD_yqjC_predicted,0.125,7,7,AGTGGTCTGTCCGATACATT,0,5182252
yqjE_yqjK_yqjD_yqjC_predicted,0.125,7,7,AGTGGCAGGCTTAGGCTATT,0,5185922
yqjE_yqjK_yqjD_yqjC_predicted,0.125,7,7,AGTGCAACGCGGGGCGGTAA,0,5174273
yqjE_yqjK_yqjD_yqjC_predicted,0.125,7,7,AGTGAGGTGAGTGAAAGGAA,0,5224369
yqjE_yqjK_yqjD_yqjC_predicted,0.125,7,7,AGTCTCAGGTTCCCGCGACA,0,5186863
yqjE_yqjK_yqjD_yqjC_predicted,0.125,7,7,AGTCGGCGGGTGGGCTAAGG,0,5226960
yqjE_yqjK_yqjD_yqjC_predicted,0.125,7,7,AGTCGATCGGCTGTTTAAGC,0,5195410
yqjE_yqjK_yqjD_yqjC_predicted,0.125,7,7,AGTCAGGCAAGAAAGTCAGC,0,5221544
yqjE_yqjK_yqjD_yqjC_predicted,0.125,7,7,AGTCAGCGTATTATCCCTGT,0,5216345
yqjE_yqjK_yqjD_yqjC_predicted,0.125,7,7,AGTATCCTAGTCTTACTCCT,0,5228892
yqjE_yqjK_yqjD_yqjC_predicted,0.125,7,7,AGTAGTTGGCTTTCCTAGCT,0,5199833
yqjE_yqjK_yqjD_yqjC_predicted,0.125,7,7,AGTACGTTGGGCTCCAGGGA,0,5212135
yqjE_yqjK_yqjD_yqjC_predicted,0.125,7,7,AGTACGGAACCGGGCGCGTA,0,5243972
yqjE_yqjK_yqjD_yqjC_predicted,0.125,7,7,AGTACAACTGAGACATTAGG,0,5261556
yqjE_yqjK_yqjD_yqjC_predicted,0.125,7,7,AGTAATTGGATTCGTGTGCT,0,5192649
yqjE_yqjK_yqjD_yqjC_predicted,0.125,7,7,AGTAATCGAGCATTATCGGC,0,5189843
yqjE_yqjK_yqjD_yqjC_predicted,0.125,7,7,AGGTTTCGCTCGGAATCAGT,0,5209480
yqjE_yqjK_yqjD_yqjC_predicted,0.125,7,7,AGGTTAGCGAAGTTAGGTTG,0,5244581
yqjE_yqjK_yqjD_yqjC_predicted,0.125,7,7,AGGTTACTGGAACTGAAGTG,0,5210950
yqjE_yqjK_yqjD_yqjC_predicted,0.125,7,7,AGGTCAATCAGCTTATCAAT,0,5234505
yqjE_yqjK_yqjD_yqjC_predicted,0.125,7,7,AGGTATGCTAAATCACAACA,0,5246607
yqjE_yqjK_yqjD_yqjC_predicted,0.125,7,7,AGGGGTGCAGCAGACCCCCG,0,5212376
yqjE_yqjK_yqjD_yqjC_predicted,0.125,7,7,AGGCTGGCGCCGGCGTGAAC,0,5192271
yqjE_yqjK_yqjD_yqjC_predicted,0.125,7,7,AGGCTCCAATTGGGTACGTG,0,5189031
yqjE_yqjK_yqjD_yqjC_predicted,0.125,7,7,AGGCGCTAGCATGACAATCT,0,5206284
yqjE_yqjK_yqjD_yqjC_predicted,0.125,7,7,AGGCATTATGGTCGAGATGT,0,5242398
yqjE_yqjK_yqjD_yqjC_predicted,0.125,7,7,AGGCAGCACCCCCCTCGTCA,0,5231562
yqjE_yqjK_yqjD_yqjC_predicted,0.125,7,7,AGGCACACAAGATGAAGGCT,0,5255269
yqjE_yqjK_yqjD_yqjC_predicted,0.125,7,7,AGGATCGGTTTTTATATGTT,0,5192474
yqjE_yqjK_yqjD_yqjC_predicted,0.125,7,7,AGGAGTGGGGATTGATCTGA,0,5258897
yqjE_yqjK_yqjD_yqjC_predicted,0.125,7,7,AGGAGGCTGTGGCATCCGAG,0,5221778
yqjE_yqjK_yqjD_yqjC_predicted,0.125,7,7,AGGAGAGGTAGGAACAGAGT,0,5180226
yqjE_yqjK_yqjD_yqjC_predicted,0.125,7,7,AGGACGGCAGAGTTGTGAAC,0,5193734
yqjE_yqjK_yqjD_yqjC_predicted,0.125,7,7,AGGACGGAATCGGTGATTAA,0,5221686
yqjE_yqjK_yqjD_yqjC_predicted,0.125,7,7,AGGAAGGCTGCACACTGCAA,0,5258007
yqjE_yqjK_yqjD_yqjC_predicted,0.125,7,7,AGGAAACAATGGATTGTTAA,0,5242078
yqjE_yqjK_yqjD_yqjC_predicted,0.125,7,7,AGCTTTTGTATCAGAGTGAG,0,5172403
yqjE_yqjK_yqjD_yqjC_predicted,0.125,7,7,AGCTTTGAAACATAATCCAA,0,5215447
yqjE_yqjK_yqjD_yqjC_predicted,0.125,7,7,AGCTCGTTTATACGTCAGGA,0,5242278
yqjE_yqjK_yqjD_yqjC_predicted,0.125,7,7,AGCTCGACATTATCAGGAAT,0,5199725
yqjE_yqjK_yqjD_yqjC_predicted,0.125,7,7,AGCTCCTCCTCTGCTCTGGA,0,5213722
yqjE_yqjK_yqjD_yqjC_predicted,0.125,7,7,AGCGGGGAGGCCAAACACTT,0,5250832
yqjE_yqjK_yqjD_yqjC_predicted,0.125,7,7,AGCGGATATAAACGGCACCT,0,5228886
yqjE_yqjK_yqjD_yqjC_predicted,0.125,7,7,AGCGAACTGCACCCTAGCAG,0,5212889
yqjE_yqjK_yqjD_yqjC_predicted,0.125,7,7,AGCCTTGACTCACCATGGGG,0,5226144
yqjE_yqjK_yqjD_yqjC_predicted,0.125,7,7,AGCCGGACGGCTGCTGCTGT,0,5233343
yqjE_yqjK_yqjD_yqjC_predicted,0.125,7,7,AGCCCGTTATTTTCCTAAAT,0,5226142
yqjE_yqjK_yqjD_yqjC_predicted,0.125,7,7,AGCCACAACATAAAGACCGT,0,5238000
yqjE_yqjK_yqjD_yqjC_predicted,0.125,7,7,AGCCAATAATATTCGTCGTA,0,5202402
yqjE_yqjK_yqjD_yqjC_predicted,0.125,7,7,AGCATCCTAAGCCGTATATA,0,5195295
yqjE_yqjK_yqjD_yqjC_predicted,0.125,7,7,AGCAGTTGTCATTTGTGCGT,0,5194946
yqjE_yqjK_yqjD_yqjC_predicted,0.125,7,7,AGCACCCTTCGTAGCTCTGC,0,5220486
yqjE_yqjK_yqjD_yqjC_predicted,0.125,7,7,AGCAAGTTAGGAAAAACTAG,0,5262614
yqjE_yqjK_yqjD_yqjC_predicted,0.125,7,7,AGCAAGACGTTAAGTGAATG,0,5262400
yqjE_yqjK_yqjD_yqjC_predicted,0.125,7,7,AGATTAGTGGAATTCTCTTA,0,5249698
yqjE_yqjK_yqjD_yqjC_predicted,0.125,7,7,AGAGCCCCTTCACCTGAAAC,0,5191808
yqjE_yqjK_yqjD_yqjC_predicted,0.125,7,7,AGAGATGACAGCCAGAGGTT,0,5233915
yqjE_yqjK_yqjD_yqjC_predicted,0.125,7,7,AGAAAGTGTGCCTCGCATTT,0,5173779
yqjE_yqjK_yqjD_yqjC_predicted,0.125,7,7,AGAAAAATACGTTTTACTAA,0,5240138
yqjE_yqjK_yqjD_yqjC_predicted,0.125,7,7,ACTTTGCTCCCACGCCAACT,0,5218452
yqjE_yqjK_yqjD_yqjC_predicted,0.125,7,7,ACTTTCTATGGGTTCGGACC,0,5236753
yqjE_yqjK_yqjD_yqjC_predicted,0.125,7,7,ACTTCTCGCTGTGCCACGCG,0,5221771
yqjE_yqjK_yqjD_yqjC_predicted,0.125,7,7,ACTTAGAATCCATATGGACG,0,5184931
yqjE_yqjK_yqjD_yqjC_predicted,0.125,7,7,ACTTAAAAGATGGAACCCAC,0,5260988
yqjE_yqjK_yqjD_yqjC_predicted,0.125,7,7,ACTGTTCTCGAGTATCCAAA,0,5235636
yqjE_yqjK_yqjD_yqjC_predicted,0.125,7,7,ACTGTGGGACGAAGTAATTG,0,5250630
yqjE_yqjK_yqjD_yqjC_predicted,0.125,7,7,ACTGTGGCCACTTCAAGGCG,0,5190168
yqjE_yqjK_yqjD_yqjC_predicted,0.125,7,7,ACTGCGTGACACAACCGGAC,0,5172772
yqjE_yqjK_yqjD_yqjC_predicted,0.125,7,7,ACTGCCGATTCTCGGTGGGA,0,5231958
yqjE_yqjK_yqjD_yqjC_predicted,0.125,7,7,ACTCGTCAGTATGTACTTGT,0,5200602
yqjE_yqjK_yqjD_yqjC_predicted,0.125,7,7,ACTCGCCCATTCATCGCAAA,0,5237110
yqjE_yqjK_yqjD_yqjC_predicted,0.125,7,7,ACTATAACAATGAGAGTGGT,0,5203342
yqjE_yqjK_yqjD_yqjC_predicted,0.125,7,7,ACTAGAGGTGGAACTGAAAG,0,5181596
yqjE_yqjK_yqjD_yqjC_predicted,0.125,7,7,ACTACCCAGGGTAGCTATGT,0,5211872
yqjE_yqjK_yqjD_yqjC_predicted,0.125,7,7,ACTAACAAGTCTACTTCTGC,0,5236689
yqjE_yqjK_yqjD_yqjC_predicted,0.125,7,7,ACTAAAGTCAGACAAAGGCC,0,5177519
yqjE_yqjK_yqjD_yqjC_predicted,0.125,7,7,ACGTTTCGATGAGTTCCGTA,0,5184243
yqjE_yqjK_yqjD_yqjC_predicted,0.125,7,7,ACGTTTATCTGGTTAATCGC,0,5237551
yqjE_yqjK_yqjD_yqjC_predicted,0.125,7,7,ACGTGAAAAAGTTTCGCCAC,0,5229874
yqjE_yqjK_yqjD_yqjC_predicted,0.125,7,7,ACGTCGTTCGAGTCGTAAGG,0,5193994
yqjE_yqjK_yqjD_yqjC_predicted,0.125,7,7,ACGGCCAGTGGCTACGTCCT,0,5173983
yqjE_yqjK_yqjD_yqjC_predicted,0.125,7,7,ACGCGCCCGACTGGACTAGG,0,5171562
yqjE_yqjK_yqjD_yqjC_predicted,0.125,7,7,ACGCCGCATTCGTTGTGCAT,0,5184381
yqjE_yqjK_yqjD_yqjC_predicted,0.125,7,7,ACGCCGAACACCCTAGGTTA,0,5206644
yqjE_yqjK_yqjD_yqjC_predicted,0.125,7,7,ACGCCATTGATCCGCGGACC,0,5239528
yqjE_yqjK_yqjD_yqjC_predicted,0.125,7,7,ACGAGTTAATCACGCTGCTA,0,5246977
yqjE_yqjK_yqjD_yqjC_predicted,0.125,7,7,ACGAGAAGCCCCTACTCGTT,0,5240817
yqjE_yqjK_yqjD_yqjC_predicted,0.125,7,7,ACGACTTCCTGACTCTCAAA,0,5184949
yqjE_yqjK_yqjD_yqjC_predicted,0.125,7,7,ACCTAGTTGAAAAAGGATGA,0,5236469
yqjE_yqjK_yqjD_yqjC_predicted,0.125,7,7,ACCGGCATTAAGTGCTCTAA,0,5188098
yqjE_yqjK_yqjD_yqjC_predicted,0.125,7,7,ACCGCAGCGTCTGCATTAGT,0,5242695
yqjE_yqjK_yqjD_yqjC_predicted,0.125,7,7,ACCCTACACGCCTTACACAC,0,5223812
yqjE_yqjK_yqjD_yqjC_predicted,0.125,7,7,ACCCGCCGGCGGGGAGTTCT,0,5226404
yqjE_yqjK_yqjD_yqjC_predicted,0.125,7,7,ACCCCTGAGTTTTTTGTTAA,0,5213731
yqjE_yqjK_yqjD_yqjC_predicted,0.125,7,7,ACCATTGTGAAGGCAATCGC,0,5243307
yqjE_yqjK_yqjD_yqjC_predicted,0.125,7,7,ACCAGATGGTCGGGACTTAT,0,5207591
yqjE_yqjK_yqjD_yqjC_predicted,0.125,7,7,ACCACAGCCCATTAAATACT,0,5222821
yqjE_yqjK_yqjD_yqjC_predicted,0.125,7,7,ACATACCCGCGGGTCTACAC,0,5176200
yqjE_yqjK_yqjD_yqjC_predicted,0.125,7,7,ACAGTATAAAAGGCAAGGCG,0,5210776
yqjE_yqjK_yqjD_yqjC_predicted,0.125,7,7,ACAGGTGTTTGACGTAGAGT,0,5205973
yqjE_yqjK_yqjD_yqjC_predicted,0.125,7,7,ACAGCGTGTGCTACAGACGT,0,5200187
yqjE_yqjK_yqjD_yqjC_predicted,0.125,7,7,ACAGCGCTATAACGCTAGTA,0,5187112
yqjE_yqjK_yqjD_yqjC_predicted,0.125,7,7,ACACTTCTCCGAACGTTGTC,0,5208271
yqjE_yqjK_yqjD_yqjC_predicted,0.125,7,7,ACACCTTTGAATTCGCGTGT,0,5232082
yqjE_yqjK_yqjD_yqjC_predicted,0.125,7,7,ACACCACAGATCCAATAACG,0,5231393
yqjE_yqjK_yqjD_yqjC_predicted,0.125,7,7,ACACATTCGCTTGCTGAACC,0,5258701
yqjE_yqjK_yqjD_yqjC_predicted,0.125,7,7,ACACACTCGACCTACGTTCT,0,5216286
yqjE_yqjK_yqjD_yqjC_predicted,0.125,7,7,ACAAGGTAAGTAACTTGAGG,0,5228719
yqjE_yqjK_yqjD_yqjC_predicted,0.125,7,7,ACAAGGACAGTACCGCCTGA,0,5185746
yqjE_yqjK_yqjD_yqjC_predicted,0.125,7,7,ACAAAGCGATACACTGAGTT,0,5261510
yqjE_yqjK_yqjD_yqjC_predicted,0.125,7,7,AATTTCCAGTGGATGATAAA,0,5256341
yqjE_yqjK_yqjD_yqjC_predicted,0.125,7,7,AATTCGGGGGATTGTTGTGC,0,5180819
yqjE_yqjK_yqjD_yqjC_predicted,0.125,7,7,AATTCCATACTTTGCCTTAA,0,5188186
yqjE_yqjK_yqjD_yqjC_predicted,0.125,7,7,AATGTACTTGACCACGGTGG,0,5200188
yqjE_yqjK_yqjD_yqjC_predicted,0.125,7,7,AATGAGATGATTATCCGTAG,0,5246602
yqjE_yqjK_yqjD_yqjC_predicted,0.125,7,7,AATGACCGTCGCTACGGGAG,0,5198768
yqjE_yqjK_yqjD_yqjC_predicted,0.125,7,7,AATCTTTTTGGGTTGAGCTT,0,5254181
yqjE_yqjK_yqjD_yqjC_predicted,0.125,7,7,AATCTGTCCTGAGGCAGGTG,0,5248661
yqjE_yqjK_yqjD_yqjC_predicted,0.125,7,7,AATCGACAGTGGTAGGCTAA,0,5227361
yqjE_yqjK_yqjD_yqjC_predicted,0.125,7,7,AATCAAATGGATTGCAATTA,0,5223530
yqjE_yqjK_yqjD_yqjC_predicted,0.125,7,7,AATATCCCAGACCTGGTGGC,0,5250995
yqjE_yqjK_yqjD_yqjC_predicted,0.125,7,7,AATAGCTAATTATGCCGTTA,0,5218295
yqjE_yqjK_yqjD_yqjC_predicted,0.125,7,7,AATAGCACAGAATCTTCTTA,0,5189474
yqjE_yqjK_yqjD_yqjC_predicted,0.125,7,7,AATAGAGCGATACCGACTAA,0,5231354
yqjE_yqjK_yqjD_yqjC_predicted,0.125,7,7,AATACTTGCTACCCACACTT,0,5247986
yqjE_yqjK_yqjD_yqjC_predicted,0.125,7,7,AATACGAACGCCGAGACGAT,0,5195764
yqjE_yqjK_yqjD_yqjC_predicted,0.125,7,7,AATAAGCGGCAATCTTGTTA,0,5171959
yqjE_yqjK_yqjD_yqjC_predicted,0.125,7,7,AAGTTTGTGTATTCCTACTC,0,5192662
yqjE_yqjK_yqjD_yqjC_predicted,0.125,7,7,AAGTTTATCAGTCCTTGCAA,0,5189374
yqjE_yqjK_yqjD_yqjC_predicted,0.125,7,7,AAGTGGTAAAGCTACCTTTA,0,5252653
yqjE_yqjK_yqjD_yqjC_predicted,0.125,7,7,AAGTGAGGATATACAGCTTA,0,5260857
yqjE_yqjK_yqjD_yqjC_predicted,0.125,7,7,AAGGTTCATCCTGCTCGCGA,0,5243317
yqjE_yqjK_yqjD_yqjC_predicted,0.125,7,7,AAGGAATGATTTGATGCCAT,0,5211682
yqjE_yqjK_yqjD_yqjC_predicted,0.125,7,7,AAGCTTTTAAACAGGCACGG,0,5220203
yqjE_yqjK_yqjD_yqjC_predicted,0.125,7,7,AAGCTCCATTTGGGCCTTGA,0,5173143
yqjE_yqjK_yqjD_yqjC_predicted,0.125,7,7,AAGCCGAAAGTTAACCATCT,0,5255968
yqjE_yqjK_yqjD_yqjC_predicted,0.125,7,7,AAGCATTCGTGGACCTCTTC,0,5248907
yqjE_yqjK_yqjD_yqjC_predicted,0.125,7,7,AAGCAAGTCGGCTTCATTTA,0,5201577
yqjE_yqjK_yqjD_yqjC_predicted,0.125,7,7,AAGAAATAGCCGGCGGAATC,0,5261889
yqjE_yqjK_yqjD_yqjC_predicted,0.125,7,7,AACTTGCCGTAACCGCCTTA,0,5248471
yqjE_yqjK_yqjD_yqjC_predicted,0.125,7,7,AACTTGAGGAGGATGTCATG,0,5200493
yqjE_yqjK_yqjD_yqjC_predicted,0.125,7,7,AACTTCTTCGTCGCCGCCTA,0,5227550
yqjE_yqjK_yqjD_yqjC_predicted,0.125,7,7,AACTCTCGGGCCGTGAATGT,0,5262292
yqjE_yqjK_yqjD_yqjC_predicted,0.125,7,7,AACGTGGGATTGGCAAAAAT,0,5200617
yqjE_yqjK_yqjD_yqjC_predicted,0.125,7,7,AACGTCCCGGTTGGGCGTGC,0,5178557
yqjE_yqjK_yqjD_yqjC_predicted,0.125,7,7,AACGCACACTACCGGACGCT,0,5205174
yqjE_yqjK_yqjD_yqjC_predicted,0.125,7,7,AACCTCTGTCATGCACTTCG,0,5228466
yqjE_yqjK_yqjD_yqjC_predicted,0.125,7,7,AACCTACATTAAACACTCAC,0,5260530
yqjE_yqjK_yqjD_yqjC_predicted,0.125,7,7,AAATTACCATTGTGACAAGG,0,5183726
yqjE_yqjK_yqjD_yqjC_predicted,0.125,7,7,AAATGCGGGAACATAATACA,0,5214268
yqjE_yqjK_yqjD_yqjC_predicted,0.125,7,7,AAATAGCTAGAAATGCATGG,0,5249494
yqjE_yqjK_yqjD_yqjC_predicted,0.125,7,7,AAAGTGGCCCCGCTACGATC,0,5183533
yqjE_yqjK_yqjD_yqjC_predicted,0.125,7,7,AAAGGCCATATCGGCTCTGG,0,5205646
yqjE_yqjK_yqjD_yqjC_predicted,0.125,7,7,AAAGGCATGTCTGTGCGGTC,0,5242660
yqjE_yqjK_yqjD_yqjC_predicted,0.125,7,7,AAAGCGTTGGTTGCTCGATT,0,5225950
yqjE_yqjK_yqjD_yqjC_predicted,0.125,7,7,AAACTATGCGACCATACTAT,0,5193140
yqjE_yqjK_yqjD_yqjC_predicted,0.125,7,7,AAACGTGATTTTAGGAGGGA,0,5208417
yqjE_yqjK_yqjD_yqjC_predicted,0.125,7,7,AAACGGGAGAGCATTGCGCC,0,5232488
yqjE_yqjK_yqjD_yqjC_predicted,0.125,7,7,AAACAGTTTTCGTATTACAC,0,5192894
yqjE_yqjK_yqjD_yqjC_predicted,0.125,7,7,AAAACACATAGGTAACGAAC,0,5209347
yqjE_yqjK_yqjD_yqjC_predicted,0.125,7,7,AAAAAACCAGATTCATCCCG,0,5199941
yqjE_yqjK_yqjD_yqjC_predicted,0.14285714285714285,6,6,TTTTCCTAGGAGGCAACTTC,0,5194130
yqjE_yqjK_yqjD_yqjC_predicted,0.14285714285714285,6,6,TTTTATCATTTATGGGCTAA,0,5179374
yqjE_yqjK_yqjD_yqjC_predicted,0.14285714285714285,6,6,TTTGTTCGCATTTAGCCTTA,0,5231829
yqjE_yqjK_yqjD_yqjC_predicted,0.14285714285714285,6,6,TTTGTGCATAGCCTGCTGGT,0,5261541
yqjE_yqjK_yqjD_yqjC_predicted,0.14285714285714285,6,6,TTTGCGAGCGGCACGGTACG,0,5237101
yqjE_yqjK_yqjD_yqjC_predicted,0.14285714285714285,6,6,TTTGCAGTAGGGGGATTAAG,0,5171506
yqjE_yqjK_yqjD_yqjC_predicted,0.14285714285714285,6,6,TTTGAAGCATGGGTCTGGGA,0,5183728
yqjE_yqjK_yqjD_yqjC_predicted,0.14285714285714285,6,6,TTTCTTAGACCGCGTAAGTA,0,5240133
yqjE_yqjK_yqjD_yqjC_predicted,0.14285714285714285,6,6,TTTCCTGTGGGTGTACAAAC,0,5209767
yqjE_yqjK_yqjD_yqjC_predicted,0.14285714285714285,6,6,TTTCAAAGCCGTCGTTATAC,0,5184774
yqjE_yqjK_yqjD_yqjC_predicted,0.14285714285714285,6,6,TTTATGTATCGTGCGACGTT,0,5255044
yqjE_yqjK_yqjD_yqjC_predicted,0.14285714285714285,6,6,TTTATACCCTATCTGAGTAC,0,5237772
yqjE_yqjK_yqjD_yqjC_predicted,0.14285714285714285,6,6,TTTAGGGCACAGTTCTACAA,0,5231264
yqjE_yqjK_yqjD_yqjC_predicted,0.14285714285714285,6,6,TTTAGAGCTCTCCGCTTAGC,0,5234913
yqjE_yqjK_yqjD_yqjC_predicted,0.14285714285714285,6,6,TTTACCTGGAGCCGCCCGGA,0,5250290
yqjE_yqjK_yqjD_yqjC_predicted,0.14285714285714285,6,6,TTTAAGTATTAAGCGTCCGG,0,5206916
yqjE_yqjK_yqjD_yqjC_predicted,0.14285714285714285,6,6,TTGTGTTTTGTTCTACCGTG,0,5170942
yqjE_yqjK_yqjD_yqjC_predicted,0.14285714285714285,6,6,TTGTGGGTGGGTCTATCCCA,0,5199638
yqjE_yqjK_yqjD_yqjC_predicted,0.14285714285714285,6,6,TTGTAGGGGCGGTCGTCGTG,0,5242236
yqjE_yqjK_yqjD_yqjC_predicted,0.14285714285714285,6,6,TTGGTCCAGCGAAGGTCAGT,0,5226501
yqjE_yqjK_yqjD_yqjC_predicted,0.14285714285714285,6,6,TTGGTCAGTGTGAGTAGAGC,0,5244760
yqjE_yqjK_yqjD_yqjC_predicted,0.14285714285714285,6,6,TTGGGGGGAAAGAATGATCA,0,5205422
yqjE_yqjK_yqjD_yqjC_predicted,0.14285714285714285,6,6,TTGGCCTAACTCACAATAAT,0,5250467
yqjE_yqjK_yqjD_yqjC_predicted,0.14285714285714285,6,6,TTGGATTCTCAGAGAGTCCA,0,5171334
yqjE_yqjK_yqjD_yqjC_predicted,0.14285714285714285,6,6,TTGCGGTAGGAGTACGTATA,0,5180367
yqjE_yqjK_yqjD_yqjC_predicted,0.14285714285714285,6,6,TTGCGCGAAAATTAACAGGT,0,5258918
yqjE_yqjK_yqjD_yqjC_predicted,0.14285714285714285,6,6,TTGCCGGATGAAGGTAAGTC,0,5247836
yqjE_yqjK_yqjD_yqjC_predicted,0.14285714285714285,6,6,TTGCCGCCCGTATTTCGTGA,0,5223682
yqjE_yqjK_yqjD_yqjC_predicted,0.14285714285714285,6,6,TTGCAGACCGTCACCACAAG,0,5190365
yqjE_yqjK_yqjD_yqjC_predicted,0.14285714285714285,6,6,TTGCAGAATATAACGTTGAG,0,5239040
yqjE_yqjK_yqjD_yqjC_predicted,0.14285714285714285,6,6,TTGATTAAGCACGGGCGTTC,0,5255516
yqjE_yqjK_yqjD_yqjC_predicted,0.14285714285714285,6,6,TTGAGTTGATCAAGGTAGAC,0,5228556
yqjE_yqjK_yqjD_yqjC_predicted,0.14285714285714285,6,6,TTGAACTGCACCAGCATTAT,0,5191141
yqjE_yqjK_yqjD_yqjC_predicted,0.14285714285714285,6,6,TTCTTCTTAAAATCGCTGCA,0,5188735
yqjE_yqjK_yqjD_yqjC_predicted,0.14285714285714285,6,6,TTCTTCTCGACTTGTTCTTC,0,5262018
yqjE_yqjK_yqjD_yqjC_predicted,0.14285714285714285,6,6,TTCTTATGAGAGTGACTTTA,0,5258842
yqjE_yqjK_yqjD_yqjC_predicted,0.14285714285714285,6,6,TTCTAATGGCTTCGAGAAGC,0,5236076
yqjE_yqjK_yqjD_yqjC_predicted,0.14285714285714285,6,6,TTCGTTCGCATCTCCATGGA,0,5228168
yqjE_yqjK_yqjD_yqjC_predicted,0.14285714285714285,6,6,TTCGGCCGTACACTGATCGG,0,5180742
yqjE_yqjK_yqjD_yqjC_predicted,0.14285714285714285,6,6,TTCGCATGATGCTAATGACC,0,5262988
yqjE_yqjK_yqjD_yqjC_predicted,0.14285714285714285,6,6,TTCGCAATTCTATGGAGGCT,0,5217019
yqjE_yqjK_yqjD_yqjC_predicted,0.14285714285714285,6,6,TTCCTCGGGTTCAGCTCGTG,0,5202319
yqjE_yqjK_yqjD_yqjC_predicted,0.14285714285714285,6,6,TTCCAATAAGTTTTCGGGTA,0,5226535
yqjE_yqjK_yqjD_yqjC_predicted,0.14285714285714285,6,6,TTCATAAAATGTCCAGGGAT,0,5243345
yqjE_yqjK_yqjD_yqjC_predicted,0.14285714285714285,6,6,TTCAGTATTGAGCTGTTTTA,0,5253723
yqjE_yqjK_yqjD_yqjC_predicted,0.14285714285714285,6,6,TTCAGGGCGGTGTAGATAGC,0,5229809
yqjE_yqjK_yqjD_yqjC_predicted,0.14285714285714285,6,6,TTCAGCCATTGACCTTAACT,0,5214247
yqjE_yqjK_yqjD_yqjC_predicted,0.14285714285714285,6,6,TTCAGACGGACTCGTGGTTA,0,5252005
yqjE_yqjK_yqjD_yqjC_predicted,0.14285714285714285,6,6,TTATCACGTATGCAGAAGGT,0,5257276
yqjE_yqjK_yqjD_yqjC_predicted,0.14285714285714285,6,6,TTATAGTAAAGCAATGAGCA,0,5257004
yqjE_yqjK_yqjD_yqjC_predicted,0.14285714285714285,6,6,TTATACAGTCCGGATGAGCA,0,5208697
yqjE_yqjK_yqjD_yqjC_predicted,0.14285714285714285,6,6,TTAGGTATTTCTGCGTATGG,0,5229586
yqjE_yqjK_yqjD_yqjC_predicted,0.14285714285714285,6,6,TTAGGTATATCGCAGTAAAA,0,5246184
yqjE_yqjK_yqjD_yqjC_predicted,0.14285714285714285,6,6,TTAGCTTGTTCACGGAGATA,0,5224339
yqjE_yqjK_yqjD_yqjC_predicted,0.14285714285714285,6,6,TTACTTTTTCTACAGTGTGG,0,5260930
yqjE_yqjK_yqjD_yqjC_predicted,0.14285714285714285,6,6,TTACTGTGGACGTTATCCGT,0,5202523
yqjE_yqjK_yqjD_yqjC_predicted,0.14285714285714285,6,6,TTACTATGGGGAGCAAGGAC,0,5196203
yqjE_yqjK_yqjD_yqjC_predicted,0.14285714285714285,6,6,TTACCTGAATCATGCTGTTA,0,5184000
yqjE_yqjK_yqjD_yqjC_predicted,0.14285714285714285,6,6,TTACCGATTTAACGAAAGGT,0,5189040
yqjE_yqjK_yqjD_yqjC_predicted,0.14285714285714285,6,6,TTACAACCGTGGAACTTTTT,0,5224362
yqjE_yqjK_yqjD_yqjC_predicted,0.14285714285714285,6,6,TGTTTGCGTGTATCCACCGG,0,5174225
yqjE_yqjK_yqjD_yqjC_predicted,0.14285714285714285,6,6,TGTTTCGCGGTGGCGAGGGG,0,5206186
yqjE_yqjK_yqjD_yqjC_predicted,0.14285714285714285,6,6,TGTTTAACTGAATGGGTTGA,0,5236883
yqjE_yqjK_yqjD_yqjC_predicted,0.14285714285714285,6,6,TGTTGTCCAGTTTGCGGTTC,0,5207266
yqjE_yqjK_yqjD_yqjC_predicted,0.14285714285714285,6,6,TGTTGCGATTTGCGCCAGCC,0,5230572
yqjE_yqjK_yqjD_yqjC_predicted,0.14285714285714285,6,6,TGTTCTTGCAAACGTATGTC,0,5203372
yqjE_yqjK_yqjD_yqjC_predicted,0.14285714285714285,6,6,TGTGGACCTGAGTGGATTTT,0,5239027
yqjE_yqjK_yqjD_yqjC_predicted,0.14285714285714285,6,6,TGTGCAAAAGCCTTATGGGG,0,5238932
yqjE_yqjK_yqjD_yqjC_predicted,0.14285714285714285,6,6,TGTCTCTACTGCCATCGCAA,0,5180472
yqjE_yqjK_yqjD_yqjC_predicted,0.14285714285714285,6,6,TGTCTAGGTCAGGTGACGTT,0,5206698
yqjE_yqjK_yqjD_yqjC_predicted,0.14285714285714285,6,6,TGTCGGGCACATGAGCGTAC,0,5180750
yqjE_yqjK_yqjD_yqjC_predicted,0.14285714285714285,6,6,TGTCGCGGTTGCGAAATGTT,0,5230415
yqjE_yqjK_yqjD_yqjC_predicted,0.14285714285714285,6,6,TGTCCATTGTCCACTGATTA,0,5260062
yqjE_yqjK_yqjD_yqjC_predicted,0.14285714285714285,6,6,TGTCATTTTACAGGATGACG,0,5247127
yqjE_yqjK_yqjD_yqjC_predicted,0.14285714285714285,6,6,TGTCATGCCCGAACCGGTCT,0,5173291
yqjE_yqjK_yqjD_yqjC_predicted,0.14285714285714285,6,6,TGTAGTATAGCACCTCTACA,0,5225174
yqjE_yqjK_yqjD_yqjC_predicted,0.14285714285714285,6,6,TGTAGGGGCCTCCTCGCAAC,0,5240349
yqjE_yqjK_yqjD_yqjC_predicted,0.14285714285714285,6,6,TGTACCCCGGCGGATAGGCT,0,5205199
yqjE_yqjK_yqjD_yqjC_predicted,0.14285714285714285,6,6,TGTAATGGGAGGTACACCCG,0,5260926
yqjE_yqjK_yqjD_yqjC_predicted,0.14285714285714285,6,6,TGTAAAAAACGTGCATTGTC,0,5190322
yqjE_yqjK_yqjD_yqjC_predicted,0.14285714285714285,6,6,TGGTGGTGTGGTCTATTCAA,0,5177033
yqjE_yqjK_yqjD_yqjC_predicted,0.14285714285714285,6,6,TGGTCCGTAAAGACACGACA,0,5251914
yqjE_yqjK_yqjD_yqjC_predicted,0.14285714285714285,6,6,TGGTAGAAGGGATACTTCGC,0,5260154
yqjE_yqjK_yqjD_yqjC_predicted,0.14285714285714285,6,6,TGGTAACAGTGGACCTGGCT,0,5222503
yqjE_yqjK_yqjD_yqjC_predicted,0.14285714285714285,6,6,TGGGTCCTACACTCGTCGTC,0,5209470
yqjE_yqjK_yqjD_yqjC_predicted,0.14285714285714285,6,6,TGGGCTATAAGTCTGTCCTA,0,5234419
yqjE_yqjK_yqjD_yqjC_predicted,0.14285714285714285,6,6,TGGGCAAGCATGCCCAGGGG,0,5197455
yqjE_yqjK_yqjD_yqjC_predicted,0.14285714285714285,6,6,TGGGATTTTTAGCCCTGGAG,0,5205729
yqjE_yqjK_yqjD_yqjC_predicted,0.14285714285714285,6,6,TGGCTGGGGGTCACCCGCTC,0,5172407
yqjE_yqjK_yqjD_yqjC_predicted,0.14285714285714285,6,6,TGGCTAGGAAATACTGCGGT,0,5203314
yqjE_yqjK_yqjD_yqjC_predicted,0.14285714285714285,6,6,TGGCGTCGGTATGCTTCAGT,0,5244092
yqjE_yqjK_yqjD_yqjC_predicted,0.14285714285714285,6,6,TGGCGGTCAGACGCGCGTTA,0,5230973
yqjE_yqjK_yqjD_yqjC_predicted,0.14285714285714285,6,6,TGGCCTTCAATGGCAGCCCC,0,5241477
yqjE_yqjK_yqjD_yqjC_predicted,0.14285714285714285,6,6,TGGCCACCCTCCGGCGGCTC,0,5235881
yqjE_yqjK_yqjD_yqjC_predicted,0.14285714285714285,6,6,TGGCATAACTATGCTTGTCG,0,5181201
yqjE_yqjK_yqjD_yqjC_predicted,0.14285714285714285,6,6,TGGAGTACCTGGCGGTCACC,0,5191213
yqjE_yqjK_yqjD_yqjC_predicted,0.14285714285714285,6,6,TGGAGGTGATCCAGACTGGT,0,5218566
yqjE_yqjK_yqjD_yqjC_predicted,0.14285714285714285,6,6,TGGACACAACACGCATCATC,0,5173709
yqjE_yqjK_yqjD_yqjC_predicted,0.14285714285714285,6,6,TGCTATGTGAGACTAGGCTA,0,5260038
yqjE_yqjK_yqjD_yqjC_predicted,0.14285714285714285,6,6,TGCGTTGATAGAATCAGAAC,0,5258191
yqjE_yqjK_yqjD_yqjC_predicted,0.14285714285714285,6,6,TGCGCCGGTTGCACCTCAAA,0,5196804
yqjE_yqjK_yqjD_yqjC_predicted,0.14285714285714285,6,6,TGCGACCGGACGAGAGGACT,0,5254603
yqjE_yqjK_yqjD_yqjC_predicted,0.14285714285714285,6,6,TGCCCCAATCACAGTGGGGG,0,5212719
yqjE_yqjK_yqjD_yqjC_predicted,0.14285714285714285,6,6,TGCCCAGTAATTAATAGCAT,0,5213294
yqjE_yqjK_yqjD_yqjC_predicted,0.14285714285714285,6,6,TGCCCAGATCGTCTCACAGA,0,5223880
yqjE_yqjK_yqjD_yqjC_predicted,0.14285714285714285,6,6,TGCCACCTTCACTAGGTGGC,0,5182838
yqjE_yqjK_yqjD_yqjC_predicted,0.14285714285714285,6,6,TGCCAAGTTTTGAGCCTCAG,0,5245269
yqjE_yqjK_yqjD_yqjC_predicted,0.14285714285714285,6,6,TGCACACAGTTACAGCGGTA,0,5174423
yqjE_yqjK_yqjD_yqjC_predicted,0.14285714285714285,6,6,TGCAAATGGCGGTGTTGCCC,0,5241351
yqjE_yqjK_yqjD_yqjC_predicted,0.14285714285714285,6,6,TGATGCTTTCATACATAGCC,0,5248999
yqjE_yqjK_yqjD_yqjC_predicted,0.14285714285714285,6,6,TGATGCTAGCTATACTCTAT,0,5208219
yqjE_yqjK_yqjD_yqjC_predicted,0.14285714285714285,6,6,TGATCAAGGACTTAGGTACT,0,5242224
yqjE_yqjK_yqjD_yqjC_predicted,0.14285714285714285,6,6,TGAGGATTTCTTTCACGGGA,0,5240585
yqjE_yqjK_yqjD_yqjC_predicted,0.14285714285714285,6,6,TGAGGACTCGCCCGGATGTG,0,5249326
yqjE_yqjK_yqjD_yqjC_predicted,0.14285714285714285,6,6,TGACTGATGGATTGTAGATT,0,5180728
yqjE_yqjK_yqjD_yqjC_predicted,0.14285714285714285,6,6,TGACGGTACTGAAATTGGAC,0,5194182
yqjE_yqjK_yqjD_yqjC_predicted,0.14285714285714285,6,6,TGACGGGGCTATGACGCAGG,0,5215263
yqjE_yqjK_yqjD_yqjC_predicted,0.14285714285714285,6,6,TGACGAAGATTAATCGAACG,0,5233015
yqjE_yqjK_yqjD_yqjC_predicted,0.14285714285714285,6,6,TGACACTCAAACTGTGTTCG,0,5197247
yqjE_yqjK_yqjD_yqjC_predicted,0.14285714285714285,6,6,TGACACCTCCGAGTATAGCC,0,5243405
yqjE_yqjK_yqjD_yqjC_predicted,0.14285714285714285,6,6,TGAATATATACTGCGCTTGG,0,5174348
yqjE_yqjK_yqjD_yqjC_predicted,0.14285714285714285,6,6,TGAAAGTACTTGACATCGAA,0,5224774
yqjE_yqjK_yqjD_yqjC_predicted,0.14285714285714285,6,6,TGAAACCAAGGCGCGGACCC,0,5256601
yqjE_yqjK_yqjD_yqjC_predicted,0.14285714285714285,6,6,TCTTTCTGCCGTTTAGGGAC,0,5181574
yqjE_yqjK_yqjD_yqjC_predicted,0.14285714285714285,6,6,TCTTGCGTCTGTGAAAGTTT,0,5211328
yqjE_yqjK_yqjD_yqjC_predicted,0.14285714285714285,6,6,TCTTGAGTGGATCCTGGTAC,0,5206412
yqjE_yqjK_yqjD_yqjC_predicted,0.14285714285714285,6,6,TCTTGAGCGACAAAGCGAAA,0,5229457
yqjE_yqjK_yqjD_yqjC_predicted,0.14285714285714285,6,6,TCTTCGCTACAAATCTTTAT,0,5262565
yqjE_yqjK_yqjD_yqjC_predicted,0.14285714285714285,6,6,TCTTCATTGGCAACTAATAC,0,5190406
yqjE_yqjK_yqjD_yqjC_predicted,0.14285714285714285,6,6,TCTTAAGGCGCACAGAAACC,0,5226808
yqjE_yqjK_yqjD_yqjC_predicted,0.14285714285714285,6,6,TCTGCCGTTCTAAAATCTGG,0,5221096
yqjE_yqjK_yqjD_yqjC_predicted,0.14285714285714285,6,6,TCTGATGGTGTGGTTTGTAT,0,5253868
yqjE_yqjK_yqjD_yqjC_predicted,0.14285714285714285,6,6,TCTGAAGGCGACGTATGTAC,0,5221946
yqjE_yqjK_yqjD_yqjC_predicted,0.14285714285714285,6,6,TCTCTGTGACCTCTAGCGCA,0,5225528
yqjE_yqjK_yqjD_yqjC_predicted,0.14285714285714285,6,6,TCTCGGTGTACGACATCCTC,0,5178641
yqjE_yqjK_yqjD_yqjC_predicted,0.14285714285714285,6,6,TCTCGGGACTGAGACGCGCC,0,5210550
yqjE_yqjK_yqjD_yqjC_predicted,0.14285714285714285,6,6,TCTCGAGGAGAACAGTAAGC,0,5180435
yqjE_yqjK_yqjD_yqjC_predicted,0.14285714285714285,6,6,TCTCCCGTCCGCATGATAGC,0,5243280
yqjE_yqjK_yqjD_yqjC_predicted,0.14285714285714285,6,6,TCTCATGCACGTACCGGGGT,0,5205805
yqjE_yqjK_yqjD_yqjC_predicted,0.14285714285714285,6,6,TCTAGAGCGTTCACCTGAGG,0,5177940
yqjE_yqjK_yqjD_yqjC_predicted,0.14285714285714285,6,6,TCTACTTTCGCAGCACTTCA,0,5245417
yqjE_yqjK_yqjD_yqjC_predicted,0.14285714285714285,6,6,TCGTCATGCAATAAACTACG,0,5232545
yqjE_yqjK_yqjD_yqjC_predicted,0.14285714285714285,6,6,TCGTAGGAGACTATCCATCT,0,5235195
yqjE_yqjK_yqjD_yqjC_predicted,0.14285714285714285,6,6,TCGGTTACGGTAGTTGCCGT,0,5192051
yqjE_yqjK_yqjD_yqjC_predicted,0.14285714285714285,6,6,TCGGGGCCGATGCCTCCCAG,0,5248944
yqjE_yqjK_yqjD_yqjC_predicted,0.14285714285714285,6,6,TCGGGGACGAATAACCGATT,0,5254321
yqjE_yqjK_yqjD_yqjC_predicted,0.14285714285714285,6,6,TCGGCTGCTTTTAAACGATT,0,5231072
yqjE_yqjK_yqjD_yqjC_predicted,0.14285714285714285,6,6,TCGGAGCCATCACGTTAGTA,0,5204434
yqjE_yqjK_yqjD_yqjC_predicted,0.14285714285714285,6,6,TCGCCGATGAATGCACATCT,0,5209486
yqjE_yqjK_yqjD_yqjC_predicted,0.14285714285714285,6,6,TCGATTTTGTCTGATTTACT,0,5218562
yqjE_yqjK_yqjD_yqjC_predicted,0.14285714285714285,6,6,TCGATCGAAAAATGATAGTA,0,5171708
yqjE_yqjK_yqjD_yqjC_predicted,0.14285714285714285,6,6,TCGACCGGGCTACTAAATGT,0,5199884
yqjE_yqjK_yqjD_yqjC_predicted,0.14285714285714285,6,6,TCGAACGGCTAAACATGAAT,0,5183621
yqjE_yqjK_yqjD_yqjC_predicted,0.14285714285714285,6,6,TCCTTCACGGAGGGGATTGG,0,5254988
yqjE_yqjK_yqjD_yqjC_predicted,0.14285714285714285,6,6,TCCTGGTCCAGCAAGGCATG,0,5250218
yqjE_yqjK_yqjD_yqjC_predicted,0.14285714285714285,6,6,TCCTAGGTGCTGGCGGAAGG,0,5261336
yqjE_yqjK_yqjD_yqjC_predicted,0.14285714285714285,6,6,TCCGTATTTAACCATCTTAA,0,5212129
yqjE_yqjK_yqjD_yqjC_predicted,0.14285714285714285,6,6,TCCGGGGGCGCCACGCTGGG,0,5250656
yqjE_yqjK_yqjD_yqjC_predicted,0.14285714285714285,6,6,TCCGGACACCTTCAGCTACT,0,5194630
yqjE_yqjK_yqjD_yqjC_predicted,0.14285714285714285,6,6,TCCGGAACTACACGACGCGG,0,5250424
yqjE_yqjK_yqjD_yqjC_predicted,0.14285714285714285,6,6,TCCGCTACACGCACTCTGCG,0,5258255
yqjE_yqjK_yqjD_yqjC_predicted,0.14285714285714285,6,6,TCCGATTCAATCAACCGTGT,0,5218862
yqjE_yqjK_yqjD_yqjC_predicted,0.14285714285714285,6,6,TCCCCTTTGATGGCTATCCG,0,5192330
yqjE_yqjK_yqjD_yqjC_predicted,0.14285714285714285,6,6,TCCCCCACAAAGGCCAGACT,0,5249001
yqjE_yqjK_yqjD_yqjC_predicted,0.14285714285714285,6,6,TCCATGTCGCTACGGGGTTC,0,5259272
yqjE_yqjK_yqjD_yqjC_predicted,0.14285714285714285,6,6,TCCATAGAGCTCAGGCTTCA,0,5222103
yqjE_yqjK_yqjD_yqjC_predicted,0.14285714285714285,6,6,TCCAAGGTAACACCGCTTCA,0,5247770
yqjE_yqjK_yqjD_yqjC_predicted,0.14285714285714285,6,6,TCAGGTTAGGGGCTACAGTC,0,5254862
yqjE_yqjK_yqjD_yqjC_predicted,0.14285714285714285,6,6,TCAGCCTCCACCTAATCGGG,0,5206600
yqjE_yqjK_yqjD_yqjC_predicted,0.14285714285714285,6,6,TCAGAATCTGGGGAATGTCA,0,5173497
yqjE_yqjK_yqjD_yqjC_predicted,0.14285714285714285,6,6,TCACTGCAGTAAATCTGCGG,0,5234344
yqjE_yqjK_yqjD_yqjC_predicted,0.14285714285714285,6,6,TCACCCGCATCTGGTCGGAA,0,5248584
yqjE_yqjK_yqjD_yqjC_predicted,0.14285714285714285,6,6,TCACCAAAACGCCAGACTCA,0,5198032
yqjE_yqjK_yqjD_yqjC_predicted,0.14285714285714285,6,6,TCAATATCCCTTACTTGTGT,0,5254325
yqjE_yqjK_yqjD_yqjC_predicted,0.14285714285714285,6,6,TCAACTGACATAATGTTATT,0,5240357
yqjE_yqjK_yqjD_yqjC_predicted,0.14285714285714285,6,6,TCAACGTTGCACCTCAAATA,0,5234789
yqjE_yqjK_yqjD_yqjC_predicted,0.14285714285714285,6,6,TCAACCGGTCACCGACTTGG,0,5194121
yqjE_yqjK_yqjD_yqjC_predicted,0.14285714285714285,6,6,TCAAATGCCAATACTCTGTG,0,5241162
yqjE_yqjK_yqjD_yqjC_predicted,0.14285714285714285,6,6,TATTCATTTCCGTGAGGATG,0,5224413
yqjE_yqjK_yqjD_yqjC_predicted,0.14285714285714285,6,6,TATTCATCGCAGGCTTGATT,0,5215283
yqjE_yqjK_yqjD_yqjC_predicted,0.14285714285714285,6,6,TATTATGTGGAGGAGTCTCC,0,5260030
yqjE_yqjK_yqjD_yqjC_predicted,0.14285714285714285,6,6,TATTACAAATTGTGTACGAT,0,5246779
yqjE_yqjK_yqjD_yqjC_predicted,0.14285714285714285,6,6,TATTAATCCCGTTGTGCTTT,0,5172526
yqjE_yqjK_yqjD_yqjC_predicted,0.14285714285714285,6,6,TATGGGGCCGTTGGAGTCTT,0,5179148
yqjE_yqjK_yqjD_yqjC_predicted,0.14285714285714285,6,6,TATGATCCCGTTAAATGGTT,0,5244191
yqjE_yqjK_yqjD_yqjC_predicted,0.14285714285714285,6,6,TATGACATTACGGGGGCATT,0,5214528
yqjE_yqjK_yqjD_yqjC_predicted,0.14285714285714285,6,6,TATCTGGGTAGGAAGTTCAG,0,5176552
yqjE_yqjK_yqjD_yqjC_predicted,0.14285714285714285,6,6,TATCCCTGGGGGGAACCGTG,0,5191735
yqjE_yqjK_yqjD_yqjC_predicted,0.14285714285714285,6,6,TATATGCGGCGTGGCCCCAC,0,5209029
yqjE_yqjK_yqjD_yqjC_predicted,0.14285714285714285,6,6,TATAAGATACGGCATACTTA,0,5250679
yqjE_yqjK_yqjD_yqjC_predicted,0.14285714285714285,6,6,TAGTGACCCCCGAAAAGATT,0,5234927
yqjE_yqjK_yqjD_yqjC_predicted,0.14285714285714285,6,6,TAGGTTGCCCATGGTGAAGT,0,5214599
yqjE_yqjK_yqjD_yqjC_predicted,0.14285714285714285,6,6,TAGGTCACGAGCCAACGAGT,0,5254479
yqjE_yqjK_yqjD_yqjC_predicted,0.14285714285714285,6,6,TAGATTCTTTGGTCTGGTAT,0,5180193
yqjE_yqjK_yqjD_yqjC_predicted,0.14285714285714285,6,6,TAGATGACGCTCCTTCGGAA,0,5243413
yqjE_yqjK_yqjD_yqjC_predicted,0.14285714285714285,6,6,TAGAGGGGCAGGAGTGAGTA,0,5247852
yqjE_yqjK_yqjD_yqjC_predicted,0.14285714285714285,6,6,TAGACCTGAGGCCCATGGGA,0,5211301
yqjE_yqjK_yqjD_yqjC_predicted,0.14285714285714285,6,6,TAGAATCAATTTCCAGGAGT,0,5205898
yqjE_yqjK_yqjD_yqjC_predicted,0.14285714285714285,6,6,TAGAAGCATCTATGCTGACA,0,5186207
yqjE_yqjK_yqjD_yqjC_predicted,0.14285714285714285,6,6,TACTTATCAGGATATATGCA,0,5238709
yqjE_yqjK_yqjD_yqjC_predicted,0.14285714285714285,6,6,TACTGTATCAACGGTTGCGC,0,5214350
yqjE_yqjK_yqjD_yqjC_predicted,0.14285714285714285,6,6,TACTGCCTATACGGTAGCTA,0,5224725
yqjE_yqjK_yqjD_yqjC_predicted,0.14285714285714285,6,6,TACTACGCTTGATCGCAGAA,0,5246269
yqjE_yqjK_yqjD_yqjC_predicted,0.14285714285714285,6,6,TACTAATAGTATGCCATCTA,0,5236185
yqjE_yqjK_yqjD_yqjC_predicted,0.14285714285714285,6,6,TACGTCCTACGGTAGACCAC,0,5208937
yqjE_yqjK_yqjD_yqjC_predicted,0.14285714285714285,6,6,TACGCGGATAGTTTATCACA,0,5189365
yqjE_yqjK_yqjD_yqjC_predicted,0.14285714285714285,6,6,TACGACAGGATTAATAGATT,0,5231508
yqjE_yqjK_yqjD_yqjC_predicted,0.14285714285714285,6,6,TACGAACGAACGCGATTGAC,0,5201519
yqjE_yqjK_yqjD_yqjC_predicted,0.14285714285714285,6,6,TACCAGCGCCGGCCCGAGCA,0,5182833
yqjE_yqjK_yqjD_yqjC_predicted,0.14285714285714285,6,6,TACATTACTTGGCTTCATTT,0,5200210
yqjE_yqjK_yqjD_yqjC_predicted,0.14285714285714285,6,6,TACAGTATTCTTGAGGATGA,0,5256635
yqjE_yqjK_yqjD_yqjC_predicted,0.14285714285714285,6,6,TACACTGAATTATTTAGATG,0,5195813
yqjE_yqjK_yqjD_yqjC_predicted,0.14285714285714285,6,6,TACAACTCACCATTTTTATG,0,5250739
yqjE_yqjK_yqjD_yqjC_predicted,0.14285714285714285,6,6,TAATGCCTATTGATGCAGAA,0,5256900
yqjE_yqjK_yqjD_yqjC_predicted,0.14285714285714285,6,6,TAATAGAACGTACGCTTCGG,0,5217868
yqjE_yqjK_yqjD_yqjC_predicted,0.14285714285714285,6,6,TAATAAGACAGCGCTGTGTT,0,5198271
yqjE_yqjK_yqjD_yqjC_predicted,0.14285714285714285,6,6,TAAGTCGAGCGCCATCCCGT,0,5189998
yqjE_yqjK_yqjD_yqjC_predicted,0.14285714285714285,6,6,TAAGCTACTAAAGGGCAGCA,0,5237706
yqjE_yqjK_yqjD_yqjC_predicted,0.14285714285714285,6,6,TAAGATCCGGGGTGCCTGTG,0,5225137
yqjE_yqjK_yqjD_yqjC_predicted,0.14285714285714285,6,6,TAACTCAATTGATGTCGAGT,0,5239672
yqjE_yqjK_yqjD_yqjC_predicted,0.14285714285714285,6,6,TAACGCTATGGTATGTCCCA,0,5211954
yqjE_yqjK_yqjD_yqjC_predicted,0.14285714285714285,6,6,TAACCAGAGTAGCATAAATT,0,5177876
yqjE_yqjK_yqjD_yqjC_predicted,0.14285714285714285,6,6,TAACAATAAGATCTCTTGTT,0,5173451
yqjE_yqjK_yqjD_yqjC_predicted,0.14285714285714285,6,6,TAAAAGTGGTGTAGGGAGGC,0,5171361
yqjE_yqjK_yqjD_yqjC_predicted,0.14285714285714285,6,6,TAAAAGGAGATCGACCTTCC,0,5213492
yqjE_yqjK_yqjD_yqjC_predicted,0.14285714285714285,6,6,GTTTTCCCCGGACAGACGAC,0,5246740
yqjE_yqjK_yqjD_yqjC_predicted,0.14285714285714285,6,6,GTTTGTCGCCAAATGAGAAT,0,5250710
yqjE_yqjK_yqjD_yqjC_predicted,0.14285714285714285,6,6,GTTTGCCAGTATTGGTTCAA,0,5218860
yqjE_yqjK_yqjD_yqjC_predicted,0.14285714285714285,6,6,GTTTCTCGAAGGCCGGTGGG,0,5181036
yqjE_yqjK_yqjD_yqjC_predicted,0.14285714285714285,6,6,GTTGTAGAGCGAATCTAAAA,0,5201202
yqjE_yqjK_yqjD_yqjC_predicted,0.14285714285714285,6,6,GTTCTAGAGCACCAATTCTT,0,5181565
yqjE_yqjK_yqjD_yqjC_predicted,0.14285714285714285,6,6,GTTCGACAGGGCACGCGCGA,0,5231500
yqjE_yqjK_yqjD_yqjC_predicted,0.14285714285714285,6,6,GTTCACACGGGGACTTTGAG,0,5205985
yqjE_yqjK_yqjD_yqjC_predicted,0.14285714285714285,6,6,GTTCAATACGAATATAAGAT,0,5247656
yqjE_yqjK_yqjD_yqjC_predicted,0.14285714285714285,6,6,GTTATTTGTGTCCTGCGATT,0,5173790
yqjE_yqjK_yqjD_yqjC_predicted,0.14285714285714285,6,6,GTTATCCGCGTTCGGAGTCT,0,5224515
yqjE_yqjK_yqjD_yqjC_predicted,0.14285714285714285,6,6,GTTATATCCTAAAATTATAG,0,5212894
yqjE_yqjK_yqjD_yqjC_predicted,0.14285714285714285,6,6,GTTATATATAGATTGTTGTT,0,5178824
yqjE_yqjK_yqjD_yqjC_predicted,0.14285714285714285,6,6,GTTAATGGTTACACGGCCTA,0,5214185
yqjE_yqjK_yqjD_yqjC_predicted,0.14285714285714285,6,6,GTTAATCAACGATGTTATGC,0,5200101
yqjE_yqjK_yqjD_yqjC_predicted,0.14285714285714285,6,6,GTTAAGTCTGTATGATGATA,0,5232720
yqjE_yqjK_yqjD_yqjC_predicted,0.14285714285714285,6,6,GTGTGCTGAATGCAGGGGAT,0,5236117
yqjE_yqjK_yqjD_yqjC_predicted,0.14285714285714285,6,6,GTGTCGGGCGTTTCATCCCA,0,5198461
yqjE_yqjK_yqjD_yqjC_predicted,0.14285714285714285,6,6,GTGGGCGTGCTGAAATGTGC,0,5237223
yqjE_yqjK_yqjD_yqjC_predicted,0.14285714285714285,6,6,GTGGGCACGGGTCTGCGTGA,0,5229511
yqjE_yqjK_yqjD_yqjC_predicted,0.14285714285714285,6,6,GTGCGGTCACTACACGTAAC,0,5245247
yqjE_yqjK_yqjD_yqjC_predicted,0.14285714285714285,6,6,GTGCCGGCCCCGCCTCATGG,0,5175813
yqjE_yqjK_yqjD_yqjC_predicted,0.14285714285714285,6,6,GTGCACGCTGAGGCGGCCCC,0,5244418
yqjE_yqjK_yqjD_yqjC_predicted,0.14285714285714285,6,6,GTGAGGAGACTTATCAACAG,0,5198476
yqjE_yqjK_yqjD_yqjC_predicted,0.14285714285714285,6,6,GTGAGCGGATCAACAGAGTA,0,5247046
yqjE_yqjK_yqjD_yqjC_predicted,0.14285714285714285,6,6,GTGAAATAAACCCTATTCTA,0,5217854
yqjE_yqjK_yqjD_yqjC_predicted,0.14285714285714285,6,6,GTCTTAATATTCCAATAATG,0,5192839
yqjE_yqjK_yqjD_yqjC_predicted,0.14285714285714285,6,6,GTCTGGCACTCCCAGAGGCA,0,5184588
yqjE_yqjK_yqjD_yqjC_predicted,0.14285714285714285,6,6,GTCTGGATCAATGGCCGATA,0,5200423
yqjE_yqjK_yqjD_yqjC_predicted,0.14285714285714285,6,6,GTCTGCATAACTCGTTGTGG,0,5234151
yqjE_yqjK_yqjD_yqjC_predicted,0.14285714285714285,6,6,GTCTCCAGCGGGTACTGAAG,0,5221305
yqjE_yqjK_yqjD_yqjC_predicted,0.14285714285714285,6,6,GTCGGGAATGAACCAAGACG,0,5201195
yqjE_yqjK_yqjD_yqjC_predicted,0.14285714285714285,6,6,GTCGGCTGTCTGCGCGTTAG,0,5172219
yqjE_yqjK_yqjD_yqjC_predicted,0.14285714285714285,6,6,GTCGGAAAAACGAGTTATTT,0,5218215
yqjE_yqjK_yqjD_yqjC_predicted,0.14285714285714285,6,6,GTCGCCACTTCTATTTGATT,0,5216285
yqjE_yqjK_yqjD_yqjC_predicted,0.14285714285714285,6,6,GTCCTTAAGTAAGTGAAACA,0,5229462
yqjE_yqjK_yqjD_yqjC_predicted,0.14285714285714285,6,6,GTCCTCGGGAAGATTCAATA,0,5235931
yqjE_yqjK_yqjD_yqjC_predicted,0.14285714285714285,6,6,GTCCGGGTTCTCCACGCAGC,0,5244193
yqjE_yqjK_yqjD_yqjC_predicted,0.14285714285714285,6,6,GTCCAAGGTTGCGCTATGAC,0,5229082
yqjE_yqjK_yqjD_yqjC_predicted,0.14285714285714285,6,6,GTCCAAGGCACCTTGAGCGG,0,5255616
yqjE_yqjK_yqjD_yqjC_predicted,0.14285714285714285,6,6,GTCATAGAAATCATGATCAT,0,5180841
yqjE_yqjK_yqjD_yqjC_predicted,0.14285714285714285,6,6,GTCAGTCACCCCGATTTCTC,0,5259780
yqjE_yqjK_yqjD_yqjC_predicted,0.14285714285714285,6,6,GTCAGGTCATAAGAAGTTTG,0,5205255
yqjE_yqjK_yqjD_yqjC_predicted,0.14285714285714285,6,6,GTCAAGTGAGACGCCTTGCT,0,5177534
yqjE_yqjK_yqjD_yqjC_predicted,0.14285714285714285,6,6,GTCAAGAGGCACTTTTACGG,0,5200242
yqjE_yqjK_yqjD_yqjC_predicted,0.14285714285714285,6,6,GTCAACACTACCAGGTTTGT,0,5174338
yqjE_yqjK_yqjD_yqjC_predicted,0.14285714285714285,6,6,GTCAAAACTGTATCCGAGGC,0,5252037
yqjE_yqjK_yqjD_yqjC_predicted,0.14285714285714285,6,6,GTATTCACGGAGACAGCTAT,0,5197943
yqjE_yqjK_yqjD_yqjC_predicted,0.14285714285714285,6,6,GTATTATGGAGGGGGGGGGG,0,5255756
yqjE_yqjK_yqjD_yqjC_predicted,0.14285714285714285,6,6,GTATTACCGCGCTGGAATCA,0,5228841
yqjE_yqjK_yqjD_yqjC_predicted,0.14285714285714285,6,6,GTATCTCGGCAAGTACTTCA,0,5214816
yqjE_yqjK_yqjD_yqjC_predicted,0.14285714285714285,6,6,GTATCCCGGCAAACACACAT,0,5212609
yqjE_yqjK_yqjD_yqjC_predicted,0.14285714285714285,6,6,GTATAGGAGAATGGGGCATA,0,5239004
yqjE_yqjK_yqjD_yqjC_predicted,0.14285714285714285,6,6,GTATACTTCCATCTGGTTTA,0,5222911
yqjE_yqjK_yqjD_yqjC_predicted,0.14285714285714285,6,6,GTATACCGAGACGTGTACGC,0,5177462
yqjE_yqjK_yqjD_yqjC_predicted,0.14285714285714285,6,6,GTAGTATCAGCTGGTTCTTT,0,5223400
yqjE_yqjK_yqjD_yqjC_predicted,0.14285714285714285,6,6,GTAGCATAAGCATTTCTGTT,0,5173060
yqjE_yqjK_yqjD_yqjC_predicted,0.14285714285714285,6,6,GTAGCAGACCGCCTTTAGTG,0,5237967
yqjE_yqjK_yqjD_yqjC_predicted,0.14285714285714285,6,6,GTAGATTTCGAAATGGCTCA,0,5258267
yqjE_yqjK_yqjD_yqjC_predicted,0.14285714285714285,6,6,GTAGATATACTCAGTTGTAG,0,5213760
yqjE_yqjK_yqjD_yqjC_predicted,0.14285714285714285,6,6,GTACTTGTGCCGCTTTGCGG,0,5201855
yqjE_yqjK_yqjD_yqjC_predicted,0.14285714285714285,6,6,GTACTTCATTCTAGATAGAA,0,5186990
yqjE_yqjK_yqjD_yqjC_predicted,0.14285714285714285,6,6,GTACCCGCTGCTAACATGAA,0,5170793
yqjE_yqjK_yqjD_yqjC_predicted,0.14285714285714285,6,6,GTAATCGCGTCCAAGGAAAT,0,5178825
yqjE_yqjK_yqjD_yqjC_predicted,0.14285714285714285,6,6,GTAAGGGAATATCCCCGTTA,0,5226715
yqjE_yqjK_yqjD_yqjC_predicted,0.14285714285714285,6,6,GTAACCGTTAAAGCTGACGA,0,5237689
yqjE_yqjK_yqjD_yqjC_predicted,0.14285714285714285,6,6,GTAACATTAAAAGGGTCGAT,0,5214254
yqjE_yqjK_yqjD_yqjC_predicted,0.14285714285714285,6,6,GTAACATAAGACATAAAGAG,0,5182551
yqjE_yqjK_yqjD_yqjC_predicted,0.14285714285714285,6,6,GTAAATGATCGTGTGAGGTG,0,5210190
yqjE_yqjK_yqjD_yqjC_predicted,0.14285714285714285,6,6,GGTTGGAGCTCTTGATTTAT,0,5244909
yqjE_yqjK_yqjD_yqjC_predicted,0.14285714285714285,6,6,GGTTAGCCAAGGGTTGGCTA,0,5248663
yqjE_yqjK_yqjD_yqjC_predicted,0.14285714285714285,6,6,GGTGTAAGTTTCTAACGTTC,0,5242347
yqjE_yqjK_yqjD_yqjC_predicted,0.14285714285714285,6,6,GGTGGTAACCCTTCTTAACC,0,5257777
yqjE_yqjK_yqjD_yqjC_predicted,0.14285714285714285,6,6,GGTGCAAGAGCAGAAAGAAT,0,5227053
yqjE_yqjK_yqjD_yqjC_predicted,0.14285714285714285,6,6,GGTCTTATGGGGTCAACTAC,0,5179790
yqjE_yqjK_yqjD_yqjC_predicted,0.14285714285714285,6,6,GGTCTCGAGCTGATGTCGAC,0,5209716
yqjE_yqjK_yqjD_yqjC_predicted,0.14285714285714285,6,6,GGTCATTAACTTGTACTACA,0,5245275
yqjE_yqjK_yqjD_yqjC_predicted,0.14285714285714285,6,6,GGTATTGCAAGCGTCGCAAA,0,5253168
yqjE_yqjK_yqjD_yqjC_predicted,0.14285714285714285,6,6,GGTATCACGGCGGATACCAG,0,5172165
yqjE_yqjK_yqjD_yqjC_predicted,0.14285714285714285,6,6,GGTAGTGCTCCTTCGGCGGC,0,5240163
yqjE_yqjK_yqjD_yqjC_predicted,0.14285714285714285,6,6,GGTACGATCTTCACAAGGGG,0,5253419
yqjE_yqjK_yqjD_yqjC_predicted,0.14285714285714285,6,6,GGTAATCACGGTCATATGGC,0,5211467
yqjE_yqjK_yqjD_yqjC_predicted,0.14285714285714285,6,6,GGGTGCAACTACGGAGTGAG,0,5177736
yqjE_yqjK_yqjD_yqjC_predicted,0.14285714285714285,6,6,GGGTGAACCACGATTGGAAT,0,5223014
yqjE_yqjK_yqjD_yqjC_predicted,0.14285714285714285,6,6,GGGTAGTTCATGATCCACGA,0,5179789
yqjE_yqjK_yqjD_yqjC_predicted,0.14285714285714285,6,6,GGGTAATTGCTTACGTGGAA,0,5244309
yqjE_yqjK_yqjD_yqjC_predicted,0.14285714285714285,6,6,GGGGTCCGTCGGCACGCTGG,0,5200454
yqjE_yqjK_yqjD_yqjC_predicted,0.14285714285714285,6,6,GGGGGGAAAGGGCAGTCTAT,0,5187158
yqjE_yqjK_yqjD_yqjC_predicted,0.14285714285714285,6,6,GGGGGAACGAGGCATTATTC,0,5258827
yqjE_yqjK_yqjD_yqjC_predicted,0.14285714285714285,6,6,GGGGAAGAAGTCGTCTAGGA,0,5178919
yqjE_yqjK_yqjD_yqjC_predicted,0.14285714285714285,6,6,GGGCTGTTAGTATAGGTAAG,0,5232780
yqjE_yqjK_yqjD_yqjC_predicted,0.14285714285714285,6,6,GGGCGTAGACCCAGTCCAAA,0,5184118
yqjE_yqjK_yqjD_yqjC_predicted,0.14285714285714285,6,6,GGGCAGGTAAAACCGAAAGC,0,5249490
yqjE_yqjK_yqjD_yqjC_predicted,0.14285714285714285,6,6,GGGAGCCCCCAATATCGGTT,0,5194286
yqjE_yqjK_yqjD_yqjC_predicted,0.14285714285714285,6,6,GGCTCTGAGCTACGGCATAT,0,5186649
yqjE_yqjK_yqjD_yqjC_predicted,0.14285714285714285,6,6,GGCTCGTTGGGAATTTATCG,0,5209138
yqjE_yqjK_yqjD_yqjC_predicted,0.14285714285714285,6,6,GGCTAGAACATGAACACTTG,0,5230930
yqjE_yqjK_yqjD_yqjC_predicted,0.14285714285714285,6,6,GGCGGGCTTCTGCGTGAACA,0,5191158
yqjE_yqjK_yqjD_yqjC_predicted,0.14285714285714285,6,6,GGCGGAGCGCTCCCTCGAAG,0,5215326
yqjE_yqjK_yqjD_yqjC_predicted,0.14285714285714285,6,6,GGCGAGTGTGGGTTTCCAAC,0,5212463
yqjE_yqjK_yqjD_yqjC_predicted,0.14285714285714285,6,6,GGCCTTTTTTACCCCGAACA,0,5249627
yqjE_yqjK_yqjD_yqjC_predicted,0.14285714285714285,6,6,GGCCTAAGGTAGGCGACTTG,0,5202327
yqjE_yqjK_yqjD_yqjC_predicted,0.14285714285714285,6,6,GGCCGTGGTACGTGCATAGG,0,5226953
yqjE_yqjK_yqjD_yqjC_predicted,0.14285714285714285,6,6,GGCCGTGCAATGGTGGCGAA,0,5215336
yqjE_yqjK_yqjD_yqjC_predicted,0.14285714285714285,6,6,GGCCCGACTGTCGTCGAGAT,0,5223097
yqjE_yqjK_yqjD_yqjC_predicted,0.14285714285714285,6,6,GGCCCAGTACGTATGCTGCC,0,5192810
yqjE_yqjK_yqjD_yqjC_predicted,0.14285714285714285,6,6,GGCACGTTGGGGGTACTGTA,0,5186039
yqjE_yqjK_yqjD_yqjC_predicted,0.14285714285714285,6,6,GGCACGGTTATGGGCTCGAT,0,5182527
yqjE_yqjK_yqjD_yqjC_predicted,0.14285714285714285,6,6,GGATGGGAATCGGCAGTGTG,0,5224249
yqjE_yqjK_yqjD_yqjC_predicted,0.14285714285714285,6,6,GGATGAAGCGTTAGACTTGC,0,5205717
yqjE_yqjK_yqjD_yqjC_predicted,0.14285714285714285,6,6,GGATCTAAGAAGAGTCACTG,0,5207548
yqjE_yqjK_yqjD_yqjC_predicted,0.14285714285714285,6,6,GGAGTAGGTCCCCTGGTCAC,0,5216400
yqjE_yqjK_yqjD_yqjC_predicted,0.14285714285714285,6,6,GGAGCGGCTAAGTGTGGCCA,0,5212590
yqjE_yqjK_yqjD_yqjC_predicted,0.14285714285714285,6,6,GGAGCATCGATCACCGCACA,0,5205204
yqjE_yqjK_yqjD_yqjC_predicted,0.14285714285714285,6,6,GGACTTGCGTAAGCCCGCAG,0,5210002
yqjE_yqjK_yqjD_yqjC_predicted,0.14285714285714285,6,6,GGACCCATCGGTTCTCTGCA,0,5260722
yqjE_yqjK_yqjD_yqjC_predicted,0.14285714285714285,6,6,GGACCAGCAGAGCGGCTCTA,0,5171499
yqjE_yqjK_yqjD_yqjC_predicted,0.14285714285714285,6,6,GGACAGGCTACTCAAATCGA,0,5191263
yqjE_yqjK_yqjD_yqjC_predicted,0.14285714285714285,6,6,GGACAAAATGGTATGACTCT,0,5174801
yqjE_yqjK_yqjD_yqjC_predicted,0.14285714285714285,6,6,GGAAGTTATAGACCGCTTTA,0,5183805
yqjE_yqjK_yqjD_yqjC_predicted,0.14285714285714285,6,6,GGAACGCCGGTATATGGAGA,0,5200873
yqjE_yqjK_yqjD_yqjC_predicted,0.14285714285714285,6,6,GGAAAGGACGTTTGCGCAAC,0,5225079
yqjE_yqjK_yqjD_yqjC_predicted,0.14285714285714285,6,6,GCTTGGCCCTCGTGCTCATA,0,5262922
yqjE_yqjK_yqjD_yqjC_predicted,0.14285714285714285,6,6,GCTTGACCGTCCGCTCAATA,0,5208052
yqjE_yqjK_yqjD_yqjC_predicted,0.14285714285714285,6,6,GCTTCTATGGGACGCCCTCA,0,5234414
yqjE_yqjK_yqjD_yqjC_predicted,0.14285714285714285,6,6,GCTTCAGTTAGTGCATCTCA,0,5252335
yqjE_yqjK_yqjD_yqjC_predicted,0.14285714285714285,6,6,GCTTCAAGTCACTCTTTGAA,0,5244117
yqjE_yqjK_yqjD_yqjC_predicted,0.14285714285714285,6,6,GCTTAGATGCGCCGAGCTAT,0,5254252
yqjE_yqjK_yqjD_yqjC_predicted,0.14285714285714285,6,6,GCTGGGTGACCATATTATCC,0,5192172
yqjE_yqjK_yqjD_yqjC_predicted,0.14285714285714285,6,6,GCTGGGGTGGCATAGAGCGA,0,5190092
yqjE_yqjK_yqjD_yqjC_predicted,0.14285714285714285,6,6,GCTGCACATTTCTAAAAAGT,0,5260631
yqjE_yqjK_yqjD_yqjC_predicted,0.14285714285714285,6,6,GCTGATTTGGAAGTAAGTGA,0,5202824
yqjE_yqjK_yqjD_yqjC_predicted,0.14285714285714285,6,6,GCTGATCAATATCATATGTA,0,5217042
yqjE_yqjK_yqjD_yqjC_predicted,0.14285714285714285,6,6,GCTATTCTGGCGTAGACTCG,0,5175585
yqjE_yqjK_yqjD_yqjC_predicted,0.14285714285714285,6,6,GCTACTGCGCATCTTGAGGA,0,5207006
yqjE_yqjK_yqjD_yqjC_predicted,0.14285714285714285,6,6,GCTACCCCCTTAAAATGAGC,0,5196952
yqjE_yqjK_yqjD_yqjC_predicted,0.14285714285714285,6,6,GCTACACATTATGTCTCAGC,0,5256099
yqjE_yqjK_yqjD_yqjC_predicted,0.14285714285714285,6,6,GCTAACTTGGTTCTGTTCGG,0,5188833
yqjE_yqjK_yqjD_yqjC_predicted,0.14285714285714285,6,6,GCTAAATAAGGTCTGGCCGG,0,5177364
yqjE_yqjK_yqjD_yqjC_predicted,0.14285714285714285,6,6,GCGTTCAAAGGTGACTCATC,0,5249318
yqjE_yqjK_yqjD_yqjC_predicted,0.14285714285714285,6,6,GCGTTACGCTCCGCCTTAGT,0,5229159
yqjE_yqjK_yqjD_yqjC_predicted,0.14285714285714285,6,6,GCGTGTCTAGTTAGCCCAGG,0,5232623
yqjE_yqjK_yqjD_yqjC_predicted,0.14285714285714285,6,6,GCGTCGCAATCATAAGGATG,0,5172596
yqjE_yqjK_yqjD_yqjC_predicted,0.14285714285714285,6,6,GCGGTGTCGGTCGATACGTT,0,5206926
yqjE_yqjK_yqjD_yqjC_predicted,0.14285714285714285,6,6,GCGGTGTCACGAGAGCCGAG,0,5182915
yqjE_yqjK_yqjD_yqjC_predicted,0.14285714285714285,6,6,GCGGGCGTTCGTCCCGTCCA,0,5204715
yqjE_yqjK_yqjD_yqjC_predicted,0.14285714285714285,6,6,GCGGGCGAGTCCGGATAAGC,0,5183837
yqjE_yqjK_yqjD_yqjC_predicted,0.14285714285714285,6,6,GCGGGCAGATGAACTTGATA,0,5194572
yqjE_yqjK_yqjD_yqjC_predicted,0.14285714285714285,6,6,GCGGCTGTCACCTCTGTGGC,0,5214015
yqjE_yqjK_yqjD_yqjC_predicted,0.14285714285714285,6,6,GCGGCCTAAGTATTTGAACT,0,5221469
yqjE_yqjK_yqjD_yqjC_predicted,0.14285714285714285,6,6,GCGGCATTAACCTTTTTAAT,0,5183770
yqjE_yqjK_yqjD_yqjC_predicted,0.14285714285714285,6,6,GCGGCAGGAGAGCTTATGCG,0,5217331
yqjE_yqjK_yqjD_yqjC_predicted,0.14285714285714285,6,6,GCGGAATTCGCGCGGCCTGT,0,5197338
yqjE_yqjK_yqjD_yqjC_predicted,0.14285714285714285,6,6,GCGGAACTTCTGCAGGCCGT,0,5247328
yqjE_yqjK_yqjD_yqjC_predicted,0.14285714285714285,6,6,GCGCTCTTAGGGTCAGTCCG,0,5206205
yqjE_yqjK_yqjD_yqjC_predicted,0.14285714285714285,6,6,GCGCGTAATTAGGGCAGCCC,0,5183393
yqjE_yqjK_yqjD_yqjC_predicted,0.14285714285714285,6,6,GCGCGAAACGCTTACTCAAA,0,5222154
yqjE_yqjK_yqjD_yqjC_predicted,0.14285714285714285,6,6,GCGCGAAAATCTTACAAATT,0,5244151
yqjE_yqjK_yqjD_yqjC_predicted,0.14285714285714285,6,6,GCGCCGGTCGCGTCTGCACT,0,5240052
yqjE_yqjK_yqjD_yqjC_predicted,0.14285714285714285,6,6,GCGCCAAGTATGAGCGGAAG,0,5203928
yqjE_yqjK_yqjD_yqjC_predicted,0.14285714285714285,6,6,GCGATGCGCCCTCCGGGGCG,0,5193569
yqjE_yqjK_yqjD_yqjC_predicted,0.14285714285714285,6,6,GCGAACTGGAAGTTAGATCA,0,5180049
yqjE_yqjK_yqjD_yqjC_predicted,0.14285714285714285,6,6,GCGAAAATTAATTTTGCATA,0,5223026
yqjE_yqjK_yqjD_yqjC_predicted,0.14285714285714285,6,6,GCCTCTCTGATCTCTGTAAT,0,5252024
yqjE_yqjK_yqjD_yqjC_predicted,0.14285714285714285,6,6,GCCTCCGCTTATTGTATTGG,0,5186007
yqjE_yqjK_yqjD_yqjC_predicted,0.14285714285714285,6,6,GCCTAAGTAGAGGTCAGACT,0,5261451
yqjE_yqjK_yqjD_yqjC_predicted,0.14285714285714285,6,6,GCCGTCGGTTCTGGGTGACT,0,5241336
yqjE_yqjK_yqjD_yqjC_predicted,0.14285714285714285,6,6,GCCGGCATGCGTACGGGAAA,0,5215042
yqjE_yqjK_yqjD_yqjC_predicted,0.14285714285714285,6,6,GCCCGGATTAGAATCATAAC,0,5204969
yqjE_yqjK_yqjD_yqjC_predicted,0.14285714285714285,6,6,GCCCATTACCCTGGGAGTAT,0,5243816
yqjE_yqjK_yqjD_yqjC_predicted,0.14285714285714285,6,6,GCCCACGACTCGCATTGCCT,0,5196518
yqjE_yqjK_yqjD_yqjC_predicted,0.14285714285714285,6,6,GCCACGCAAGATCTTATTTT,0,5217489
yqjE_yqjK_yqjD_yqjC_predicted,0.14285714285714285,6,6,GCATGGATTGGACACTCGTT,0,5259905
yqjE_yqjK_yqjD_yqjC_predicted,0.14285714285714285,6,6,GCATCGGACTTGAGAGAAGC,0,5258534
yqjE_yqjK_yqjD_yqjC_predicted,0.14285714285714285,6,6,GCATCAACATCCTAACCAGC,0,5185520
yqjE_yqjK_yqjD_yqjC_predicted,0.14285714285714285,6,6,GCAGTTCCCGTGCGACGGAC,0,5210690
yqjE_yqjK_yqjD_yqjC_predicted,0.14285714285714285,6,6,GCAGGTAGATTTCACTTCAT,0,5226296
yqjE_yqjK_yqjD_yqjC_predicted,0.14285714285714285,6,6,GCAGGCGCCGCAAGTATTAT,0,5180386
yqjE_yqjK_yqjD_yqjC_predicted,0.14285714285714285,6,6,GCAGGAGTACAGCGAAAAAG,0,5222452
yqjE_yqjK_yqjD_yqjC_predicted,0.14285714285714285,6,6,GCACTGTTCTCGCAAAAGAC,0,5193376
yqjE_yqjK_yqjD_yqjC_predicted,0.14285714285714285,6,6,GCACTACCGGAAACCATCAC,0,5213610
yqjE_yqjK_yqjD_yqjC_predicted,0.14285714285714285,6,6,GCAATTGGGTACAGAGTCTG,0,5233017
yqjE_yqjK_yqjD_yqjC_predicted,0.14285714285714285,6,6,GCAAGTTTTCTCGATGAAGA,0,5189526
yqjE_yqjK_yqjD_yqjC_predicted,0.14285714285714285,6,6,GCAAGGTGTACTATCGGACA,0,5223285
yqjE_yqjK_yqjD_yqjC_predicted,0.14285714285714285,6,6,GATTTTGTCCGCGTTCACTC,0,5214502
yqjE_yqjK_yqjD_yqjC_predicted,0.14285714285714285,6,6,GATTTTAACGCGGGCCTGTT,0,5254789
yqjE_yqjK_yqjD_yqjC_predicted,0.14285714285714285,6,6,GATTACACGGCCCGGATGTA,0,5198081
yqjE_yqjK_yqjD_yqjC_predicted,0.14285714285714285,6,6,GATTAATGTGGACTTACACA,0,5228942
yqjE_yqjK_yqjD_yqjC_predicted,0.14285714285714285,6,6,GATTAATCTGCTTTCCCAAC,0,5221011
yqjE_yqjK_yqjD_yqjC_predicted,0.14285714285714285,6,6,GATGTGGCCATAGCAGCTAG,0,5230060
yqjE_yqjK_yqjD_yqjC_predicted,0.14285714285714285,6,6,GATGGTGGGCGCGTCTAGCT,0,5207001
yqjE_yqjK_yqjD_yqjC_predicted,0.14285714285714285,6,6,GATGGTGGAGATACTCATGG,0,5212171
yqjE_yqjK_yqjD_yqjC_predicted,0.14285714285714285,6,6,GATGATCGGGTATGACTGAA,0,5240718
yqjE_yqjK_yqjD_yqjC_predicted,0.14285714285714285,6,6,GATGAGATCTATTGCTATCA,0,5249251
yqjE_yqjK_yqjD_yqjC_predicted,0.14285714285714285,6,6,GATCTTCTTGATTAATGCGA,0,5204055
yqjE_yqjK_yqjD_yqjC_predicted,0.14285714285714285,6,6,GATCTGCCGTGCTTTTTCGC,0,5190816
yqjE_yqjK_yqjD_yqjC_predicted,0.14285714285714285,6,6,GATCTAACAGATGTCGCTTA,0,5189878
yqjE_yqjK_yqjD_yqjC_predicted,0.14285714285714285,6,6,GATCTAAATGAAATTAGTAT,0,5246261
yqjE_yqjK_yqjD_yqjC_predicted,0.14285714285714285,6,6,GATCGCCTATCACACGCAAT,0,5236368
yqjE_yqjK_yqjD_yqjC_predicted,0.14285714285714285,6,6,GATCAGGACATCTAAACAAC,0,5176354
yqjE_yqjK_yqjD_yqjC_predicted,0.14285714285714285,6,6,GATCAACCGACAGCTGTTCT,0,5187622
yqjE_yqjK_yqjD_yqjC_predicted,0.14285714285714285,6,6,GATAGCTTCGGCTTTTGCCA,0,5186062
yqjE_yqjK_yqjD_yqjC_predicted,0.14285714285714285,6,6,GATAGATCGTTGACGGTTGT,0,5215586
yqjE_yqjK_yqjD_yqjC_predicted,0.14285714285714285,6,6,GATAGAGAATCGACGAGTGA,0,5192884
yqjE_yqjK_yqjD_yqjC_predicted,0.14285714285714285,6,6,GATAGAATTAGTCATCGTTT,0,5254556
yqjE_yqjK_yqjD_yqjC_predicted,0.14285714285714285,6,6,GATAACAACCAGTCTGGAGA,0,5240906
yqjE_yqjK_yqjD_yqjC_predicted,0.14285714285714285,6,6,GAGTTTGGCCAGAGCTACTT,0,5178738
yqjE_yqjK_yqjD_yqjC_predicted,0.14285714285714285,6,6,GAGGATGATTTGCTCACTGG,0,5204194
yqjE_yqjK_yqjD_yqjC_predicted,0.14285714285714285,6,6,GAGCTGGAGCATTCTACATT,0,5200131
yqjE_yqjK_yqjD_yqjC_predicted,0.14285714285714285,6,6,GAGCCGGGGCAACGCCCACA,0,5228372
yqjE_yqjK_yqjD_yqjC_predicted,0.14285714285714285,6,6,GAGCCGGGAAAGTCTTGGAT,0,5226643
yqjE_yqjK_yqjD_yqjC_predicted,0.14285714285714285,6,6,GAGCCCTGAGAATGAGAGCC,0,5235210
yqjE_yqjK_yqjD_yqjC_predicted,0.14285714285714285,6,6,GAGATTTTGGGTATTGTGTG,0,5218947
yqjE_yqjK_yqjD_yqjC_predicted,0.14285714285714285,6,6,GAGATCGCGCGGAGTCCGTA,0,5233215
yqjE_yqjK_yqjD_yqjC_predicted,0.14285714285714285,6,6,GAGACCGTAGACTTTTTTCG,0,5183169
yqjE_yqjK_yqjD_yqjC_predicted,0.14285714285714285,6,6,GACTGTGTACCGGTCGCAGG,0,5258580
yqjE_yqjK_yqjD_yqjC_predicted,0.14285714285714285,6,6,GACTGGGAATCGCCAATAGC,0,5243355
yqjE_yqjK_yqjD_yqjC_predicted,0.14285714285714285,6,6,GACGTAGGCTACCGCGCTTG,0,5227482
yqjE_yqjK_yqjD_yqjC_predicted,0.14285714285714285,6,6,GACGTACGTGCGAGGGGAGA,0,5240371
yqjE_yqjK_yqjD_yqjC_predicted,0.14285714285714285,6,6,GACGGAGGTAACGCTGCATA,0,5207307
yqjE_yqjK_yqjD_yqjC_predicted,0.14285714285714285,6,6,GACCTGCCTGCCTAGTTCCT,0,5218925
yqjE_yqjK_yqjD_yqjC_predicted,0.14285714285714285,6,6,GACCCGAGTCGCAGAATTAA,0,5175920
yqjE_yqjK_yqjD_yqjC_predicted,0.14285714285714285,6,6,GACATCGTCCATCCAAAGAT,0,5221944
yqjE_yqjK_yqjD_yqjC_predicted,0.14285714285714285,6,6,GACAGACCCGAAACTGTCTC,0,5240069
yqjE_yqjK_yqjD_yqjC_predicted,0.14285714285714285,6,6,GAATGATAATTGATCATCCT,0,5233305
yqjE_yqjK_yqjD_yqjC_predicted,0.14285714285714285,6,6,GAATCTATCTGTGGTAGACC,0,5248524
yqjE_yqjK_yqjD_yqjC_predicted,0.14285714285714285,6,6,GAATCGGTTATGAGGGACAA,0,5209114
yqjE_yqjK_yqjD_yqjC_predicted,0.14285714285714285,6,6,GAATCAATAATGAGGGGGCA,0,5207817
yqjE_yqjK_yqjD_yqjC_predicted,0.14285714285714285,6,6,GAATATCGTCCTGGGTCATT,0,5231767
yqjE_yqjK_yqjD_yqjC_predicted,0.14285714285714285,6,6,GAATAGGTGGGATAACAAGT,0,5179167
yqjE_yqjK_yqjD_yqjC_predicted,0.14285714285714285,6,6,GAAGTTACCACCTCATAGAG,0,5187260
yqjE_yqjK_yqjD_yqjC_predicted,0.14285714285714285,6,6,GAAGCGGAGTAAGTGACCTG,0,5191048
yqjE_yqjK_yqjD_yqjC_predicted,0.14285714285714285,6,6,GAAGCGCACGTTGGCCGGGC,0,5214303
yqjE_yqjK_yqjD_yqjC_predicted,0.14285714285714285,6,6,GAACGTTCATGCATGCAGAC,0,5201436
yqjE_yqjK_yqjD_yqjC_predicted,0.14285714285714285,6,6,GAACCAACACAGTTCCGCAT,0,5221688
yqjE_yqjK_yqjD_yqjC_predicted,0.14285714285714285,6,6,GAAAGTGCCTCGGCTAGCGC,0,5243737
yqjE_yqjK_yqjD_yqjC_predicted,0.14285714285714285,6,6,GAAACCGTGATAAATTTCCA,0,5220809
yqjE_yqjK_yqjD_yqjC_predicted,0.14285714285714285,6,6,GAAACAACTATTACCATGTA,0,5190335
yqjE_yqjK_yqjD_yqjC_predicted,0.14285714285714285,6,6,GAAAACCTTGCGATAAATGA,0,5182957
yqjE_yqjK_yqjD_yqjC_predicted,0.14285714285714285,6,6,CTTTTTCTTAGATTTCCATG,0,5209972
yqjE_yqjK_yqjD_yqjC_predicted,0.14285714285714285,6,6,CTTTTGGGCGTAAGTAGTCA,0,5229045
yqjE_yqjK_yqjD_yqjC_predicted,0.14285714285714285,6,6,CTTTTGCGGCGGGTGGCAAG,0,5228711
yqjE_yqjK_yqjD_yqjC_predicted,0.14285714285714285,6,6,CTTTGAGGCCTGATCATGCA,0,5249994
yqjE_yqjK_yqjD_yqjC_predicted,0.14285714285714285,6,6,CTTTATTCATGGGCAGCATT,0,5190607
yqjE_yqjK_yqjD_yqjC_predicted,0.14285714285714285,6,6,CTTTACAGAATGGAGGCATA,0,5180685
yqjE_yqjK_yqjD_yqjC_predicted,0.14285714285714285,6,6,CTTGGGCATTATCTTGAACT,0,5251005
yqjE_yqjK_yqjD_yqjC_predicted,0.14285714285714285,6,6,CTTGGCCGATCCAAGGCGGG,0,5247140
yqjE_yqjK_yqjD_yqjC_predicted,0.14285714285714285,6,6,CTTGGATGCAAGGGATCCTA,0,5195202
yqjE_yqjK_yqjD_yqjC_predicted,0.14285714285714285,6,6,CTTGATCCTTCGGAAAGAGA,0,5244641
yqjE_yqjK_yqjD_yqjC_predicted,0.14285714285714285,6,6,CTTCGGTCTAATGACGTGAC,0,5196670
yqjE_yqjK_yqjD_yqjC_predicted,0.14285714285714285,6,6,CTTCCTGATCGGTTGCATGC,0,5235337
yqjE_yqjK_yqjD_yqjC_predicted,0.14285714285714285,6,6,CTTCAGCCGGAACGTAACAA,0,5179782
yqjE_yqjK_yqjD_yqjC_predicted,0.14285714285714285,6,6,CTTATTAATGAATCGGGTGT,0,5172576
yqjE_yqjK_yqjD_yqjC_predicted,0.14285714285714285,6,6,CTTATGAGACCACTTCGGAA,0,5209120
yqjE_yqjK_yqjD_yqjC_predicted,0.14285714285714285,6,6,CTTAGGTGACGCCATGGCCC,0,5194693
yqjE_yqjK_yqjD_yqjC_predicted,0.14285714285714285,6,6,CTTACTGGGAATGTACGCCC,0,5238999
yqjE_yqjK_yqjD_yqjC_predicted,0.14285714285714285,6,6,CTTACATTTGATGCCAGAAA,0,5185605
yqjE_yqjK_yqjD_yqjC_predicted,0.14285714285714285,6,6,CTGTTTCGAATACGTACCGA,0,5195862
yqjE_yqjK_yqjD_yqjC_predicted,0.14285714285714285,6,6,CTGTTCTGATCCCACGCGAC,0,5254637
yqjE_yqjK_yqjD_yqjC_predicted,0.14285714285714285,6,6,CTGTGACCGTGTTTACCCGG,0,5259488
yqjE_yqjK_yqjD_yqjC_predicted,0.14285714285714285,6,6,CTGTGACATGTAAGAGTCGT,0,5251288
yqjE_yqjK_yqjD_yqjC_predicted,0.14285714285714285,6,6,CTGTAAGGTTGCACAGGCCC,0,5206441
yqjE_yqjK_yqjD_yqjC_predicted,0.14285714285714285,6,6,CTGGTTAGTAGACAACCCCG,0,5241864
yqjE_yqjK_yqjD_yqjC_predicted,0.14285714285714285,6,6,CTGGTTACTTCACATTATTT,0,5205980
yqjE_yqjK_yqjD_yqjC_predicted,0.14285714285714285,6,6,CTGGGGCGCTAGATCTCCGT,0,5219214
yqjE_yqjK_yqjD_yqjC_predicted,0.14285714285714285,6,6,CTGGGACCCAAATTTCGAAT,0,5176265
yqjE_yqjK_yqjD_yqjC_predicted,0.14285714285714285,6,6,CTGGCCTGCGTACGCACAAG,0,5247596
yqjE_yqjK_yqjD_yqjC_predicted,0.14285714285714285,6,6,CTGGCCCCCCGCACCGTGGC,0,5216293
yqjE_yqjK_yqjD_yqjC_predicted,0.14285714285714285,6,6,CTGGCCCACAGCACGCGATA,0,5214562
yqjE_yqjK_yqjD_yqjC_predicted,0.14285714285714285,6,6,CTGGAGAAAAAAGGCGAGAA,0,5257477
yqjE_yqjK_yqjD_yqjC_predicted,0.14285714285714285,6,6,CTGGACACAGGAAGCGCCTA,0,5251352
yqjE_yqjK_yqjD_yqjC_predicted,0.14285714285714285,6,6,CTGGAAAATTCAGGGACATG,0,5244197
yqjE_yqjK_yqjD_yqjC_predicted,0.14285714285714285,6,6,CTGCTCACGGGTCAGGTGAT,0,5191090
yqjE_yqjK_yqjD_yqjC_predicted,0.14285714285714285,6,6,CTGCGATCTGGAACAGGCAA,0,5259707
yqjE_yqjK_yqjD_yqjC_predicted,0.14285714285714285,6,6,CTGCGACGCCAGGCAGGTAT,0,5254432
yqjE_yqjK_yqjD_yqjC_predicted,0.14285714285714285,6,6,CTGATGTTTCAGCAACGCGG,0,5227342
yqjE_yqjK_yqjD_yqjC_predicted,0.14285714285714285,6,6,CTGATCTCAAATTTTGAGGA,0,5234500
yqjE_yqjK_yqjD_yqjC_predicted,0.14285714285714285,6,6,CTGATAGTTACCACTTCCAA,0,5220208
yqjE_yqjK_yqjD_yqjC_predicted,0.14285714285714285,6,6,CTGAGCTAGGTCCAGCCCGC,0,5180886
yqjE_yqjK_yqjD_yqjC_predicted,0.14285714285714285,6,6,CTCTTGGAAGAGTTGACAGA,0,5200719
yqjE_yqjK_yqjD_yqjC_predicted,0.14285714285714285,6,6,CTCTGACCAGAAGATGTTGT,0,5259686
yqjE_yqjK_yqjD_yqjC_predicted,0.14285714285714285,6,6,CTCGCTCCTTATTCCCAAAA,0,5260829
yqjE_yqjK_yqjD_yqjC_predicted,0.14285714285714285,6,6,CTCGCGTGTTATAATATAAG,0,5189747
yqjE_yqjK_yqjD_yqjC_predicted,0.14285714285714285,6,6,CTCGAGGAAAGAGGAAAACA,0,5230366
yqjE_yqjK_yqjD_yqjC_predicted,0.14285714285714285,6,6,CTCGAAGGGATCCCGAGTGG,0,5172467
yqjE_yqjK_yqjD_yqjC_predicted,0.14285714285714285,6,6,CTCCTCCTAGCAGCCACCGA,0,5187203
yqjE_yqjK_yqjD_yqjC_predicted,0.14285714285714285,6,6,CTCCGTCTCAAAAGGGTGTG,0,5262898
yqjE_yqjK_yqjD_yqjC_predicted,0.14285714285714285,6,6,CTCCGGCGTTTCCTCCAGCG,0,5217992
yqjE_yqjK_yqjD_yqjC_predicted,0.14285714285714285,6,6,CTCCGAACCGGGCGATCAGA,0,5216672
yqjE_yqjK_yqjD_yqjC_predicted,0.14285714285714285,6,6,CTCCCTATCGCGTCCGTTAA,0,5233979
yqjE_yqjK_yqjD_yqjC_predicted,0.14285714285714285,6,6,CTCATAGCCCCCCAATTCCG,0,5236674
yqjE_yqjK_yqjD_yqjC_predicted,0.14285714285714285,6,6,CTCAGATAGTTTTTAGTCTA,0,5198353
yqjE_yqjK_yqjD_yqjC_predicted,0.14285714285714285,6,6,CTCACTCCGCCGACAGTAAT,0,5231282
yqjE_yqjK_yqjD_yqjC_predicted,0.14285714285714285,6,6,CTATGCACAAAAACCCGAGA,0,5209059
yqjE_yqjK_yqjD_yqjC_predicted,0.14285714285714285,6,6,CTATCAGACCCTCGTTTTGT,0,5174961
yqjE_yqjK_yqjD_yqjC_predicted,0.14285714285714285,6,6,CTATCAAACGCCGGTGGATG,0,5217179
yqjE_yqjK_yqjD_yqjC_predicted,0.14285714285714285,6,6,CTATATAGCATCTAGTAAAC,0,5246291
yqjE_yqjK_yqjD_yqjC_predicted,0.14285714285714285,6,6,CTATAGAGATATTTTCCAAT,0,5249692
yqjE_yqjK_yqjD_yqjC_predicted,0.14285714285714285,6,6,CTATAACGGGGCTCAGCGTG,0,5262304
yqjE_yqjK_yqjD_yqjC_predicted,0.14285714285714285,6,6,CTAGTTCGTTTGGTTAGATG,0,5237151
yqjE_yqjK_yqjD_yqjC_predicted,0.14285714285714285,6,6,CTAGTGCGTAAAGGCGATGT,0,5200340
yqjE_yqjK_yqjD_yqjC_predicted,0.14285714285714285,6,6,CTAGCCTTAAGGCGGGGTAA,0,5254610
yqjE_yqjK_yqjD_yqjC_predicted,0.14285714285714285,6,6,CTAGAAATCAGTACAGGGCT,0,5187971
yqjE_yqjK_yqjD_yqjC_predicted,0.14285714285714285,6,6,CTACTCGCCCGCATCGGCTG,0,5260484
yqjE_yqjK_yqjD_yqjC_predicted,0.14285714285714285,6,6,CTACGGTCGTAGTCAGTTTA,0,5215360
yqjE_yqjK_yqjD_yqjC_predicted,0.14285714285714285,6,6,CTACGCTGGGTGGCAATCGT,0,5171240
yqjE_yqjK_yqjD_yqjC_predicted,0.14285714285714285,6,6,CTACATCTGATCCATGAGTG,0,5198889
yqjE_yqjK_yqjD_yqjC_predicted,0.14285714285714285,6,6,CTACAATGTATTGCTTCAGG,0,5232996
yqjE_yqjK_yqjD_yqjC_predicted,0.14285714285714285,6,6,CTACAACCAAAATGCTCGTC,0,5181140
yqjE_yqjK_yqjD_yqjC_predicted,0.14285714285714285,6,6,CTAAGCAATTTACGCCCCTG,0,5251290
yqjE_yqjK_yqjD_yqjC_predicted,0.14285714285714285,6,6,CGTTTAGAGAACGGTGAGGG,0,5177323
yqjE_yqjK_yqjD_yqjC_predicted,0.14285714285714285,6,6,CGTTTACCGCAAAATAGGCC,0,5183099
yqjE_yqjK_yqjD_yqjC_predicted,0.14285714285714285,6,6,CGTTCCAAGCTCCAACAAGA,0,5210577
yqjE_yqjK_yqjD_yqjC_predicted,0.14285714285714285,6,6,CGTTAACACTTCAGCGCTTT,0,5202269
yqjE_yqjK_yqjD_yqjC_predicted,0.14285714285714285,6,6,CGTGTGGCGCGGAGTGCTTA,0,5258226
yqjE_yqjK_yqjD_yqjC_predicted,0.14285714285714285,6,6,CGTGTAGCTAGTTACACCCA,0,5262129
yqjE_yqjK_yqjD_yqjC_predicted,0.14285714285714285,6,6,CGTGGTCACACCGCCAGTTC,0,5211749
yqjE_yqjK_yqjD_yqjC_predicted,0.14285714285714285,6,6,CGTGGTAGTTCTACATCATC,0,5208579
yqjE_yqjK_yqjD_yqjC_predicted,0.14285714285714285,6,6,CGTGGACTGTATTGATGTGG,0,5236115
yqjE_yqjK_yqjD_yqjC_predicted,0.14285714285714285,6,6,CGTGCTATAGTAGAGATATA,0,5226350
yqjE_yqjK_yqjD_yqjC_predicted,0.14285714285714285,6,6,CGTGAATGCAAGCGTCGTAT,0,5208622
yqjE_yqjK_yqjD_yqjC_predicted,0.14285714285714285,6,6,CGTCGTGTTTAATGACGGCT,0,5235937
yqjE_yqjK_yqjD_yqjC_predicted,0.14285714285714285,6,6,CGTCGTCTGGTGCTTGCCGA,0,5244095
yqjE_yqjK_yqjD_yqjC_predicted,0.14285714285714285,6,6,CGTCCCCCCCGTCAATACAA,0,5219295
yqjE_yqjK_yqjD_yqjC_predicted,0.14285714285714285,6,6,CGTATGCATACCACTTCTAC,0,5187391
yqjE_yqjK_yqjD_yqjC_predicted,0.14285714285714285,6,6,CGTAGCGCTTACCTGGGCTA,0,5196017
yqjE_yqjK_yqjD_yqjC_predicted,0.14285714285714285,6,6,CGTAATTACTATAGGGCTTT,0,5230341
yqjE_yqjK_yqjD_yqjC_predicted,0.14285714285714285,6,6,CGTAAAAATACACCTCGGTA,0,5246346
yqjE_yqjK_yqjD_yqjC_predicted,0.14285714285714285,6,6,CGGTTTCACCCAGGGTTCCT,0,5218298
yqjE_yqjK_yqjD_yqjC_predicted,0.14285714285714285,6,6,CGGTTTAGGCTAGGTGCGAA,0,5233416
yqjE_yqjK_yqjD_yqjC_predicted,0.14285714285714285,6,6,CGGTCTACTCCAGTTTAAGG,0,5188089
yqjE_yqjK_yqjD_yqjC_predicted,0.14285714285714285,6,6,CGGTCGATATGGTTTCTTAA,0,5177180
yqjE_yqjK_yqjD_yqjC_predicted,0.14285714285714285,6,6,CGGTCCGGAATCGTAAATAT,0,5203180
yqjE_yqjK_yqjD_yqjC_predicted,0.14285714285714285,6,6,CGGGTCAGACGAGCATTCTG,0,5250725
yqjE_yqjK_yqjD_yqjC_predicted,0.14285714285714285,6,6,CGGGTCAAATCAGGCGCTCA,0,5198500
yqjE_yqjK_yqjD_yqjC_predicted,0.14285714285714285,6,6,CGGGGTTGCCAACCGTAAAG,0,5181950
yqjE_yqjK_yqjD_yqjC_predicted,0.14285714285714285,6,6,CGGGGAGCTTCCGGAGACTG,0,5171448
yqjE_yqjK_yqjD_yqjC_predicted,0.14285714285714285,6,6,CGGGCCGACTAAATGGGTTT,0,5247267
yqjE_yqjK_yqjD_yqjC_predicted,0.14285714285714285,6,6,CGGGATCTCAGGGTTGGTTC,0,5175660
yqjE_yqjK_yqjD_yqjC_predicted,0.14285714285714285,6,6,CGGGAGGATTTCTACCGATG,0,5209761
yqjE_yqjK_yqjD_yqjC_predicted,0.14285714285714285,6,6,CGGCGGGATCATGGACCTAC,0,5234841
yqjE_yqjK_yqjD_yqjC_predicted,0.14285714285714285,6,6,CGGCCGCACAGAGATTTTGA,0,5232709
yqjE_yqjK_yqjD_yqjC_predicted,0.14285714285714285,6,6,CGGCCCTGACGACAAGGTGA,0,5238777
yqjE_yqjK_yqjD_yqjC_predicted,0.14285714285714285,6,6,CGGCATCATACCTTCAGTTT,0,5175487
yqjE_yqjK_yqjD_yqjC_predicted,0.14285714285714285,6,6,CGGCAATGACACGCTTGGTT,0,5173204
yqjE_yqjK_yqjD_yqjC_predicted,0.14285714285714285,6,6,CGGAGTTAGTATGGATGACG,0,5206802
yqjE_yqjK_yqjD_yqjC_predicted,0.14285714285714285,6,6,CGGACTGACGTAGCGTACAG,0,5235228
yqjE_yqjK_yqjD_yqjC_predicted,0.14285714285714285,6,6,CGGACCTGCAGTTAAGGCCA,0,5221334
yqjE_yqjK_yqjD_yqjC_predicted,0.14285714285714285,6,6,CGGAATAAGGGATCATTAAG,0,5211039
yqjE_yqjK_yqjD_yqjC_predicted,0.14285714285714285,6,6,CGGAACGTGACCACGTGGAC,0,5216508
yqjE_yqjK_yqjD_yqjC_predicted,0.14285714285714285,6,6,CGCTGTACATCACAGTAAAA,0,5235428
yqjE_yqjK_yqjD_yqjC_predicted,0.14285714285714285,6,6,CGCTATATTCGTCGTAACGA,0,5213539
yqjE_yqjK_yqjD_yqjC_predicted,0.14285714285714285,6,6,CGCTAGGCATGAGGCGCCGA,0,5257208
yqjE_yqjK_yqjD_yqjC_predicted,0.14285714285714285,6,6,CGCTACGTGAGCTAGGGGTT,0,5255412
yqjE_yqjK_yqjD_yqjC_predicted,0.14285714285714285,6,6,CGCGTTTGTTCTTTAGTTAG,0,5184364
yqjE_yqjK_yqjD_yqjC_predicted,0.14285714285714285,6,6,CGCGTGAGGGTGCGAGAGTT,0,5196243
yqjE_yqjK_yqjD_yqjC_predicted,0.14285714285714285,6,6,CGCGGTACGGCTCTCCCGGT,0,5212783
yqjE_yqjK_yqjD_yqjC_predicted,0.14285714285714285,6,6,CGCGGGTGAACTTCTGCTCC,0,5228712
yqjE_yqjK_yqjD_yqjC_predicted,0.14285714285714285,6,6,CGCGCCTTTCGGTCGCTTCC,0,5220694
yqjE_yqjK_yqjD_yqjC_predicted,0.14285714285714285,6,6,CGCGAGTACGATTTATGAGT,0,5171078
yqjE_yqjK_yqjD_yqjC_predicted,0.14285714285714285,6,6,CGCGAATATCCCGGCTGCTT,0,5219402
yqjE_yqjK_yqjD_yqjC_predicted,0.14285714285714285,6,6,CGCCGCCTCGTCAAAAATAT,0,5171291
yqjE_yqjK_yqjD_yqjC_predicted,0.14285714285714285,6,6,CGCCAGCTTGTGGTTAAAGG,0,5256140
yqjE_yqjK_yqjD_yqjC_predicted,0.14285714285714285,6,6,CGCATAGTAGAGGGTATTAT,0,5198810
yqjE_yqjK_yqjD_yqjC_predicted,0.14285714285714285,6,6,CGCACAGAAAAGCTCACACT,0,5256745
yqjE_yqjK_yqjD_yqjC_predicted,0.14285714285714285,6,6,CGCAAACCCGTGGTAGCACG,0,5258690
yqjE_yqjK_yqjD_yqjC_predicted,0.14285714285714285,6,6,CGATTTTTAGAGAGTCCGAG,0,5183768
yqjE_yqjK_yqjD_yqjC_predicted,0.14285714285714285,6,6,CGATTGTTGAAAAAACGCGA,0,5257146
yqjE_yqjK_yqjD_yqjC_predicted,0.14285714285714285,6,6,CGATTCAACACAAGCGGGCC,0,5249368
yqjE_yqjK_yqjD_yqjC_predicted,0.14285714285714285,6,6,CGATGGCTGTCTTGCGAGCA,0,5253035
yqjE_yqjK_yqjD_yqjC_predicted,0.14285714285714285,6,6,CGATCCAACGTCGTAGGGCG,0,5178913
yqjE_yqjK_yqjD_yqjC_predicted,0.14285714285714285,6,6,CGATAGCTGTGGCCCAGAGG,0,5238051
yqjE_yqjK_yqjD_yqjC_predicted,0.14285714285714285,6,6,CGAGCCACCACGAAACAACC,0,5180847
yqjE_yqjK_yqjD_yqjC_predicted,0.14285714285714285,6,6,CGACTTGAGTGGCTCGCACG,0,5196511
yqjE_yqjK_yqjD_yqjC_predicted,0.14285714285714285,6,6,CGACGACGTTTCAGAGTGCG,0,5217634
yqjE_yqjK_yqjD_yqjC_predicted,0.14285714285714285,6,6,CGACCAGATGCTTATCTTTA,0,5188115
yqjE_yqjK_yqjD_yqjC_predicted,0.14285714285714285,6,6,CGACACCCCATAGAAATATT,0,5223947
yqjE_yqjK_yqjD_yqjC_predicted,0.14285714285714285,6,6,CGAATTTGTCACTCCGGTGG,0,5211230
yqjE_yqjK_yqjD_yqjC_predicted,0.14285714285714285,6,6,CGAATAGCGCCTTTTTGAAT,0,5241448
yqjE_yqjK_yqjD_yqjC_predicted,0.14285714285714285,6,6,CGAAGGGAGGCAACCTTCAG,0,5228180
yqjE_yqjK_yqjD_yqjC_predicted,0.14285714285714285,6,6,CCTTTATGCCGGGTTCAGTC,0,5185020
yqjE_yqjK_yqjD_yqjC_predicted,0.14285714285714285,6,6,CCTTGGAACTCTAGGGCGAC,0,5243642
yqjE_yqjK_yqjD_yqjC_predicted,0.14285714285714285,6,6,CCTGTTACAAGCCTGATCGT,0,5249470
yqjE_yqjK_yqjD_yqjC_predicted,0.14285714285714285,6,6,CCTGTCGCGTACAGGGACCG,0,5177310
yqjE_yqjK_yqjD_yqjC_predicted,0.14285714285714285,6,6,CCTGGCGCTGGCCCGAGGAT,0,5238066
yqjE_yqjK_yqjD_yqjC_predicted,0.14285714285714285,6,6,CCTGGCGAGGCACGAGATGA,0,5224088
yqjE_yqjK_yqjD_yqjC_predicted,0.14285714285714285,6,6,CCTCCCGAGTTTGGCACCAT,0,5238532
yqjE_yqjK_yqjD_yqjC_predicted,0.14285714285714285,6,6,CCTCCCCGTTGCATGTCGAT,0,5232994
yqjE_yqjK_yqjD_yqjC_predicted,0.14285714285714285,6,6,CCTCAGGAAGTCGCGTTAGA,0,5232808
yqjE_yqjK_yqjD_yqjC_predicted,0.14285714285714285,6,6,CCTCAGCTTCGGGGCTGGCC,0,5229666
yqjE_yqjK_yqjD_yqjC_predicted,0.14285714285714285,6,6,CCTAGGTTAGGTAGATCCCG,0,5236144
yqjE_yqjK_yqjD_yqjC_predicted,0.14285714285714285,6,6,CCTACCCGCACACGCGGACC,0,5224353
yqjE_yqjK_yqjD_yqjC_predicted,0.14285714285714285,6,6,CCTAAGGCCCACCCTTAACA,0,5198845
yqjE_yqjK_yqjD_yqjC_predicted,0.14285714285714285,6,6,CCGTAGGTAATCGACCATGG,0,5213229
yqjE_yqjK_yqjD_yqjC_predicted,0.14285714285714285,6,6,CCGTAATTACGCGGGTGCCA,0,5181561
yqjE_yqjK_yqjD_yqjC_predicted,0.14285714285714285,6,6,CCGGTATGTTAGGACACTAC,0,5232276
yqjE_yqjK_yqjD_yqjC_predicted,0.14285714285714285,6,6,CCGGATGCAAGTGTGTTCTA,0,5220193
yqjE_yqjK_yqjD_yqjC_predicted,0.14285714285714285,6,6,CCGGACGGCTCCACTTCGTT,0,5196007
yqjE_yqjK_yqjD_yqjC_predicted,0.14285714285714285,6,6,CCGCCCCTCTATAGCGGTGG,0,5177183
yqjE_yqjK_yqjD_yqjC_predicted,0.14285714285714285,6,6,CCGAGATAAGGGACTGTAAG,0,5213896
yqjE_yqjK_yqjD_yqjC_predicted,0.14285714285714285,6,6,CCGACTCCTTGCATCCAGAC,0,5223768
yqjE_yqjK_yqjD_yqjC_predicted,0.14285714285714285,6,6,CCGACGTTAATGACACCAAT,0,5242812
yqjE_yqjK_yqjD_yqjC_predicted,0.14285714285714285,6,6,CCGACGGAGCAATAATACGG,0,5206180
yqjE_yqjK_yqjD_yqjC_predicted,0.14285714285714285,6,6,CCGAATCACTGCGTCACCAC,0,5229026
yqjE_yqjK_yqjD_yqjC_predicted,0.14285714285714285,6,6,CCCTGCGATGGAATTGGTGA,0,5217184
yqjE_yqjK_yqjD_yqjC_predicted,0.14285714285714285,6,6,CCCTCTGGAGCACACTGAAA,0,5202548
yqjE_yqjK_yqjD_yqjC_predicted,0.14285714285714285,6,6,CCCTCCATGGATCCAGCATG,0,5208940
yqjE_yqjK_yqjD_yqjC_predicted,0.14285714285714285,6,6,CCCTAGTAGCCACAAAGTAA,0,5261069
yqjE_yqjK_yqjD_yqjC_predicted,0.14285714285714285,6,6,CCCTAGACATGTGCCGGTCG,0,5192534
yqjE_yqjK_yqjD_yqjC_predicted,0.14285714285714285,6,6,CCCGTCTATAGAGACTGACC,0,5187598
yqjE_yqjK_yqjD_yqjC_predicted,0.14285714285714285,6,6,CCCGGTAGTAACTGAATATG,0,5181804
yqjE_yqjK_yqjD_yqjC_predicted,0.14285714285714285,6,6,CCCGAACATTTTAAAGTAGA,0,5178067
yqjE_yqjK_yqjD_yqjC_predicted,0.14285714285714285,6,6,CCCGAAAACGAACCCCCGTT,0,5245242
yqjE_yqjK_yqjD_yqjC_predicted,0.14285714285714285,6,6,CCCGAAAAAAATCTACGGGG,0,5172832
yqjE_yqjK_yqjD_yqjC_predicted,0.14285714285714285,6,6,CCCCCCATCCTCCTACCGTG,0,5171108
yqjE_yqjK_yqjD_yqjC_predicted,0.14285714285714285,6,6,CCCCAGCTCCTCCAGGACGA,0,5225871
yqjE_yqjK_yqjD_yqjC_predicted,0.14285714285714285,6,6,CCCATAGGCAATAAGATGCT,0,5224700
yqjE_yqjK_yqjD_yqjC_predicted,0.14285714285714285,6,6,CCCAGTAGAGCTGCACTATG,0,5258905
yqjE_yqjK_yqjD_yqjC_predicted,0.14285714285714285,6,6,CCCAGGATTACAAGGACACG,0,5173155
yqjE_yqjK_yqjD_yqjC_predicted,0.14285714285714285,6,6,CCCACCGGCTTCAGTGTGTT,0,5227731
yqjE_yqjK_yqjD_yqjC_predicted,0.14285714285714285,6,6,CCCACATATAGTTGCCCTAT,0,5201640
yqjE_yqjK_yqjD_yqjC_predicted,0.14285714285714285,6,6,CCCAATTGACAATTTATGCA,0,5262404
yqjE_yqjK_yqjD_yqjC_predicted,0.14285714285714285,6,6,CCCAATACTGACTGCGTCGC,0,5199966
yqjE_yqjK_yqjD_yqjC_predicted,0.14285714285714285,6,6,CCATTTGGCGCTACCCCTGC,0,5230477
yqjE_yqjK_yqjD_yqjC_predicted,0.14285714285714285,6,6,CCATTTGCATAAACCCTGGT,0,5201098
yqjE_yqjK_yqjD_yqjC_predicted,0.14285714285714285,6,6,CCATGCGTGCCGACTAATAG,0,5233128
yqjE_yqjK_yqjD_yqjC_predicted,0.14285714285714285,6,6,CCATCGACCGAGTTAGTAAT,0,5237520
yqjE_yqjK_yqjD_yqjC_predicted,0.14285714285714285,6,6,CCATCCGACCGTAGGCCAAC,0,5262837
yqjE_yqjK_yqjD_yqjC_predicted,0.14285714285714285,6,6,CCATCACTACGGCATGCATA,0,5217234
yqjE_yqjK_yqjD_yqjC_predicted,0.14285714285714285,6,6,CCAGTTGTCGAAGAGCCCTA,0,5206001
yqjE_yqjK_yqjD_yqjC_predicted,0.14285714285714285,6,6,CCAGTGTGGATCTCAGGCAT,0,5232464
yqjE_yqjK_yqjD_yqjC_predicted,0.14285714285714285,6,6,CCAGTGTGACTTAGTTCAGA,0,5254344
yqjE_yqjK_yqjD_yqjC_predicted,0.14285714285714285,6,6,CCAGGTTTGATCGGGCAAAT,0,5243553
yqjE_yqjK_yqjD_yqjC_predicted,0.14285714285714285,6,6,CCAGGATCCTGGTTACCATT,0,5243412
yqjE_yqjK_yqjD_yqjC_predicted,0.14285714285714285,6,6,CCAGCAAACGCGAGGGCACT,0,5198112
yqjE_yqjK_yqjD_yqjC_predicted,0.14285714285714285,6,6,CCACTGTACCGGCAAGTGCC,0,5247608
yqjE_yqjK_yqjD_yqjC_predicted,0.14285714285714285,6,6,CCACTAGCGGCCAGTGTGTG,0,5255296
yqjE_yqjK_yqjD_yqjC_predicted,0.14285714285714285,6,6,CCACCGACCGAAGTCCCGAG,0,5246681
yqjE_yqjK_yqjD_yqjC_predicted,0.14285714285714285,6,6,CCACAGCTATCCGCAAGAAT,0,5183787
yqjE_yqjK_yqjD_yqjC_predicted,0.14285714285714285,6,6,CCACAGCGATCGTTTCCAGT,0,5195478
yqjE_yqjK_yqjD_yqjC_predicted,0.14285714285714285,6,6,CCACACCATGTTTCGGAATT,0,5193220
yqjE_yqjK_yqjD_yqjC_predicted,0.14285714285714285,6,6,CCACAATGTTTTAAAAAGCC,0,5222382
yqjE_yqjK_yqjD_yqjC_predicted,0.14285714285714285,6,6,CCAAGGGTCATAAAGGGTTC,0,5174190
yqjE_yqjK_yqjD_yqjC_predicted,0.14285714285714285,6,6,CCAACCCGGTCCCAGCAAGC,0,5213926
yqjE_yqjK_yqjD_yqjC_predicted,0.14285714285714285,6,6,CCAAAGACATCAAGAGTAAG,0,5187910
yqjE_yqjK_yqjD_yqjC_predicted,0.14285714285714285,6,6,CCAAACGCTATATCTTGTGA,0,5231492
yqjE_yqjK_yqjD_yqjC_predicted,0.14285714285714285,6,6,CATTCAATTCCAGATATACT,0,5231127
yqjE_yqjK_yqjD_yqjC_predicted,0.14285714285714285,6,6,CATTAGGCTGAGATCCTTGT,0,5237491
yqjE_yqjK_yqjD_yqjC_predicted,0.14285714285714285,6,6,CATTACATACATATCTATAA,0,5232737
yqjE_yqjK_yqjD_yqjC_predicted,0.14285714285714285,6,6,CATGGTCGCGATATTTGGGA,0,5259023
yqjE_yqjK_yqjD_yqjC_predicted,0.14285714285714285,6,6,CATGGCCATCCAGGCGGTTC,0,5220489
yqjE_yqjK_yqjD_yqjC_predicted,0.14285714285714285,6,6,CATGCCTGAGGCTCTCGCTA,0,5243229
yqjE_yqjK_yqjD_yqjC_predicted,0.14285714285714285,6,6,CATGCAAGGTGCATCAACAG,0,5243237
yqjE_yqjK_yqjD_yqjC_predicted,0.14285714285714285,6,6,CATGATCTGCTCACGGTAAG,0,5256747
yqjE_yqjK_yqjD_yqjC_predicted,0.14285714285714285,6,6,CATCTTTACGGGGCGGGTGC,0,5181378
yqjE_yqjK_yqjD_yqjC_predicted,0.14285714285714285,6,6,CATCGTAGGCGGTAAGTGGC,0,5187432
yqjE_yqjK_yqjD_yqjC_predicted,0.14285714285714285,6,6,CATCGAGCATCAACCTGGGA,0,5176896
yqjE_yqjK_yqjD_yqjC_predicted,0.14285714285714285,6,6,CATCGAAAGGACCGAATGGC,0,5232908
yqjE_yqjK_yqjD_yqjC_predicted,0.14285714285714285,6,6,CATCCTTGACTAAAAATGCC,0,5180286
yqjE_yqjK_yqjD_yqjC_predicted,0.14285714285714285,6,6,CATCAACTTATTGGCTCTGT,0,5209052
yqjE_yqjK_yqjD_yqjC_predicted,0.14285714285714285,6,6,CATATTTACCAACATTACGT,0,5209811
yqjE_yqjK_yqjD_yqjC_predicted,0.14285714285714285,6,6,CAGTGATTGAGTCACATACA,0,5186778
yqjE_yqjK_yqjD_yqjC_predicted,0.14285714285714285,6,6,CAGTCATCGATAGGGGATAG,0,5216622
yqjE_yqjK_yqjD_yqjC_predicted,0.14285714285714285,6,6,CAGGTCTCTCTCGCCTTGTG,0,5253348
yqjE_yqjK_yqjD_yqjC_predicted,0.14285714285714285,6,6,CAGGCTACGGAAATGGTATC,0,5234357
yqjE_yqjK_yqjD_yqjC_predicted,0.14285714285714285,6,6,CAGGCATGTCAGATGTGTAG,0,5205969
yqjE_yqjK_yqjD_yqjC_predicted,0.14285714285714285,6,6,CAGCGCGGTCTTGTTAGTAT,0,5179424
yqjE_yqjK_yqjD_yqjC_predicted,0.14285714285714285,6,6,CAGCCGACCCCGATTCAGGA,0,5248202
yqjE_yqjK_yqjD_yqjC_predicted,0.14285714285714285,6,6,CAGCATGGGTGCATCACCTT,0,5197779
yqjE_yqjK_yqjD_yqjC_predicted,0.14285714285714285,6,6,CAGCACTTTTCGGACGCGTG,0,5246298
yqjE_yqjK_yqjD_yqjC_predicted,0.14285714285714285,6,6,CAGAGGTTGCATAGACCCAC,0,5186129
yqjE_yqjK_yqjD_yqjC_predicted,0.14285714285714285,6,6,CAGACAGCGCGCGGTCAGTG,0,5229496
yqjE_yqjK_yqjD_yqjC_predicted,0.14285714285714285,6,6,CAGAAGTCCATTACTTGCCC,0,5189817
yqjE_yqjK_yqjD_yqjC_predicted,0.14285714285714285,6,6,CAGAAAAGGTATACCGCGGC,0,5203642
yqjE_yqjK_yqjD_yqjC_predicted,0.14285714285714285,6,6,CACTTTTGCTGGGGACTTGA,0,5218997
yqjE_yqjK_yqjD_yqjC_predicted,0.14285714285714285,6,6,CACTCATACTGGCTTGCCTT,0,5176273
yqjE_yqjK_yqjD_yqjC_predicted,0.14285714285714285,6,6,CACTCAGCACCCCCCACTCC,0,5260633
yqjE_yqjK_yqjD_yqjC_predicted,0.14285714285714285,6,6,CACGTGGCCAATATGACTCA,0,5230861
yqjE_yqjK_yqjD_yqjC_predicted,0.14285714285714285,6,6,CACGTCACCCGCCACGTTGT,0,5189113
yqjE_yqjK_yqjD_yqjC_predicted,0.14285714285714285,6,6,CACGCGGTCGCCAGGTATGG,0,5258182
yqjE_yqjK_yqjD_yqjC_predicted,0.14285714285714285,6,6,CACGCACGGGGATAGAGTGT,0,5259100
yqjE_yqjK_yqjD_yqjC_predicted,0.14285714285714285,6,6,CACGCAAATTTGTTCACCGG,0,5172820
yqjE_yqjK_yqjD_yqjC_predicted,0.14285714285714285,6,6,CACGAGAAGCGCAAAGCGAA,0,5174027
yqjE_yqjK_yqjD_yqjC_predicted,0.14285714285714285,6,6,CACGACCAGCCAGGTAAGAG,0,5205825
yqjE_yqjK_yqjD_yqjC_predicted,0.14285714285714285,6,6,CACCTCACACCCCGATGTGT,0,5204583
yqjE_yqjK_yqjD_yqjC_predicted,0.14285714285714285,6,6,CACCCACCATTCTGATTTCA,0,5248328
yqjE_yqjK_yqjD_yqjC_predicted,0.14285714285714285,6,6,CACCATCGCACGTTCCTCGC,0,5245452
yqjE_yqjK_yqjD_yqjC_predicted,0.14285714285714285,6,6,CACCATCCGCGGTATTATCT,0,5234060
yqjE_yqjK_yqjD_yqjC_predicted,0.14285714285714285,6,6,CACAGGGGCTTGCAGGACAT,0,5174904
yqjE_yqjK_yqjD_yqjC_predicted,0.14285714285714285,6,6,CACAGCTCTCACCGAGCTTT,0,5249762
yqjE_yqjK_yqjD_yqjC_predicted,0.14285714285714285,6,6,CACAGATGGGGCACTGTCCC,0,5175088
yqjE_yqjK_yqjD_yqjC_predicted,0.14285714285714285,6,6,CACAGAGTAAAGGTATGTAA,0,5196978
yqjE_yqjK_yqjD_yqjC_predicted,0.14285714285714285,6,6,CACAGAATAGGTCACGACAT,0,5259777
yqjE_yqjK_yqjD_yqjC_predicted,0.14285714285714285,6,6,CACACGATTATATCACGGGG,0,5217193
yqjE_yqjK_yqjD_yqjC_predicted,0.14285714285714285,6,6,CACAATTTTGCTATTTTGGC,0,5229153
yqjE_yqjK_yqjD_yqjC_predicted,0.14285714285714285,6,6,CAATCTCCTTATAATTGGAA,0,5188887
yqjE_yqjK_yqjD_yqjC_predicted,0.14285714285714285,6,6,CAATCAGTGGTGAATCAAAT,0,5235784
yqjE_yqjK_yqjD_yqjC_predicted,0.14285714285714285,6,6,CAAGAGATGTCTAATGTGCA,0,5256356
yqjE_yqjK_yqjD_yqjC_predicted,0.14285714285714285,6,6,CAACTATAGGTCAAATGGCG,0,5201984
yqjE_yqjK_yqjD_yqjC_predicted,0.14285714285714285,6,6,CAACGAGATGGCATACACCC,0,5261720
yqjE_yqjK_yqjD_yqjC_predicted,0.14285714285714285,6,6,CAACCCGCTCAAAGAATTCT,0,5199746
yqjE_yqjK_yqjD_yqjC_predicted,0.14285714285714285,6,6,CAACCCGAGTTGGTGAGAGC,0,5223655
yqjE_yqjK_yqjD_yqjC_predicted,0.14285714285714285,6,6,CAACCAGCACGCGGGGTCAG,0,5239286
yqjE_yqjK_yqjD_yqjC_predicted,0.14285714285714285,6,6,CAACCACAGGCACAAGCGAT,0,5212262
yqjE_yqjK_yqjD_yqjC_predicted,0.14285714285714285,6,6,CAAACTCCGATTTCCTAATT,0,5257766
yqjE_yqjK_yqjD_yqjC_predicted,0.14285714285714285,6,6,CAAAAACTCTTGCGATACAT,0,5248948
yqjE_yqjK_yqjD_yqjC_predicted,0.14285714285714285,6,6,ATTTTAGCTCGCCTTACCAC,0,5179876
yqjE_yqjK_yqjD_yqjC_predicted,0.14285714285714285,6,6,ATTTGGACGCATAAGTACAG,0,5247524
yqjE_yqjK_yqjD_yqjC_predicted,0.14285714285714285,6,6,ATTTCTTGGAATCGTTATGC,0,5205943
yqjE_yqjK_yqjD_yqjC_predicted,0.14285714285714285,6,6,ATTTCAGTCGATTGTATGAT,0,5254982
yqjE_yqjK_yqjD_yqjC_predicted,0.14285714285714285,6,6,ATTCTGGCCGTTCTAGAGTT,0,5229109
yqjE_yqjK_yqjD_yqjC_predicted,0.14285714285714285,6,6,ATTCTGAACGCATAGAAAAT,0,5212717
yqjE_yqjK_yqjD_yqjC_predicted,0.14285714285714285,6,6,ATTCGGAGTACGGTGGATGT,0,5175849
yqjE_yqjK_yqjD_yqjC_predicted,0.14285714285714285,6,6,ATTCGCTTTGATGAGATTAA,0,5193912
yqjE_yqjK_yqjD_yqjC_predicted,0.14285714285714285,6,6,ATTCCGCGCACTATACGTTG,0,5248636
yqjE_yqjK_yqjD_yqjC_predicted,0.14285714285714285,6,6,ATTCAAGCTAACTCCCTATT,0,5251080
yqjE_yqjK_yqjD_yqjC_predicted,0.14285714285714285,6,6,ATTAGATACTTTGCCAGCAA,0,5223275
yqjE_yqjK_yqjD_yqjC_predicted,0.14285714285714285,6,6,ATTACATAAGTGATCATAGA,0,5191339
yqjE_yqjK_yqjD_yqjC_predicted,0.14285714285714285,6,6,ATGTCTAACTTCGTGAACCC,0,5248407
yqjE_yqjK_yqjD_yqjC_predicted,0.14285714285714285,6,6,ATGTAGGCTAGCACGTTCTT,0,5196044
yqjE_yqjK_yqjD_yqjC_predicted,0.14285714285714285,6,6,ATGGGCTGTGACCATTCTGG,0,5232350
yqjE_yqjK_yqjD_yqjC_predicted,0.14285714285714285,6,6,ATGGGAGTCGTTAGATCATT,0,5242721
yqjE_yqjK_yqjD_yqjC_predicted,0.14285714285714285,6,6,ATGGCGCTAGGATGATGTCG,0,5209606
yqjE_yqjK_yqjD_yqjC_predicted,0.14285714285714285,6,6,ATGGCAAGAGACAAGCTCAG,0,5236345
yqjE_yqjK_yqjD_yqjC_predicted,0.14285714285714285,6,6,ATGCGGCACGGCTACCAATG,0,5180453
yqjE_yqjK_yqjD_yqjC_predicted,0.14285714285714285,6,6,ATGCCAGCCCCCGTCCCTGC,0,5213432
yqjE_yqjK_yqjD_yqjC_predicted,0.14285714285714285,6,6,ATGAAGTATTTGTGGGGGAA,0,5212899
yqjE_yqjK_yqjD_yqjC_predicted,0.14285714285714285,6,6,ATCTTGTTTAGGATTTTCAG,0,5238604
yqjE_yqjK_yqjD_yqjC_predicted,0.14285714285714285,6,6,ATCTTGCATAGCACCATGTG,0,5226015
yqjE_yqjK_yqjD_yqjC_predicted,0.14285714285714285,6,6,ATCTTAACGAAGGTACTTGC,0,5258617
yqjE_yqjK_yqjD_yqjC_predicted,0.14285714285714285,6,6,ATCTCTAGACTGGAACCGGC,0,5238461
yqjE_yqjK_yqjD_yqjC_predicted,0.14285714285714285,6,6,ATCTCGTGGTTCGGGACGAT,0,5249686
yqjE_yqjK_yqjD_yqjC_predicted,0.14285714285714285,6,6,ATCTAGCGCATCCTTTCTAG,0,5206445
yqjE_yqjK_yqjD_yqjC_predicted,0.14285714285714285,6,6,ATCTAAGAGCCGGGCGATTA,0,5181649
yqjE_yqjK_yqjD_yqjC_predicted,0.14285714285714285,6,6,ATCGTGCTATTGAATTGAGC,0,5209237
yqjE_yqjK_yqjD_yqjC_predicted,0.14285714285714285,6,6,ATCGTGCACGGACTGTTCAC,0,5202328
yqjE_yqjK_yqjD_yqjC_predicted,0.14285714285714285,6,6,ATCGGCTGGACACTGGGGGA,0,5216072
yqjE_yqjK_yqjD_yqjC_predicted,0.14285714285714285,6,6,ATCGGCCTCACTACTTCATT,0,5190358
yqjE_yqjK_yqjD_yqjC_predicted,0.14285714285714285,6,6,ATCGATCGATCCTGGGTATA,0,5243350
yqjE_yqjK_yqjD_yqjC_predicted,0.14285714285714285,6,6,ATCCTTCTAACATCACCGAT,0,5211477
yqjE_yqjK_yqjD_yqjC_predicted,0.14285714285714285,6,6,ATCCGTCAAGTGAGCATCCA,0,5219712
yqjE_yqjK_yqjD_yqjC_predicted,0.14285714285714285,6,6,ATCCGCTTTGTAGATCTCTC,0,5251320
yqjE_yqjK_yqjD_yqjC_predicted,0.14285714285714285,6,6,ATCCGATTCCGCAGTGAGAG,0,5194505
yqjE_yqjK_yqjD_yqjC_predicted,0.14285714285714285,6,6,ATCCCGAGTGATCATGTGCC,0,5195187
yqjE_yqjK_yqjD_yqjC_predicted,0.14285714285714285,6,6,ATCCCAGCCGGATAGATCTT,0,5209208
yqjE_yqjK_yqjD_yqjC_predicted,0.14285714285714285,6,6,ATCCAGGGTAGGGGGAGGTC,0,5174731
yqjE_yqjK_yqjD_yqjC_predicted,0.14285714285714285,6,6,ATCACCTTGAAGCCCTGAGA,0,5257956
yqjE_yqjK_yqjD_yqjC_predicted,0.14285714285714285,6,6,ATCAAGGTCATGCTTTGGGA,0,5243281
yqjE_yqjK_yqjD_yqjC_predicted,0.14285714285714285,6,6,ATATTTACTTGTTAGCAAGA,0,5175586
yqjE_yqjK_yqjD_yqjC_predicted,0.14285714285714285,6,6,ATATGGATACTCCCTGGTTT,0,5171497
yqjE_yqjK_yqjD_yqjC_predicted,0.14285714285714285,6,6,ATATCTGAGAGGTTTAACCG,0,5218848
yqjE_yqjK_yqjD_yqjC_predicted,0.14285714285714285,6,6,ATATCAGGAACCCATGCCCA,0,5179306
yqjE_yqjK_yqjD_yqjC_predicted,0.14285714285714285,6,6,ATATCACGGTTATATTTGGT,0,5245649
yqjE_yqjK_yqjD_yqjC_predicted,0.14285714285714285,6,6,ATATAGCCCGTCGGTTGGTC,0,5252491
yqjE_yqjK_yqjD_yqjC_predicted,0.14285714285714285,6,6,ATAGGGGTCAACTGTCCTAG,0,5235424
yqjE_yqjK_yqjD_yqjC_predicted,0.14285714285714285,6,6,ATAGAGGCTTCACCATTCCG,0,5262008
yqjE_yqjK_yqjD_yqjC_predicted,0.14285714285714285,6,6,ATACTGATACAAGGCCGTAA,0,5252536
yqjE_yqjK_yqjD_yqjC_predicted,0.14285714285714285,6,6,ATACTCACCTCAAAACAACA,0,5174099
yqjE_yqjK_yqjD_yqjC_predicted,0.14285714285714285,6,6,ATACGCGTTCACGCAGCACC,0,5173360
yqjE_yqjK_yqjD_yqjC_predicted,0.14285714285714285,6,6,ATACACGTCTGGCCGATAAG,0,5190755
yqjE_yqjK_yqjD_yqjC_predicted,0.14285714285714285,6,6,ATACAAGTTTTGCTATACCC,0,5239056
yqjE_yqjK_yqjD_yqjC_predicted,0.14285714285714285,6,6,ATAATCATCGGTTGAATGTC,0,5212759
yqjE_yqjK_yqjD_yqjC_predicted,0.14285714285714285,6,6,ATAAGTTTAATGCCTCACGT,0,5262494
yqjE_yqjK_yqjD_yqjC_predicted,0.14285714285714285,6,6,ATAAGTTAGGTTGGAGGGTT,0,5196149
yqjE_yqjK_yqjD_yqjC_predicted,0.14285714285714285,6,6,ATAACGTGCAGCAATTCAAC,0,5256877
yqjE_yqjK_yqjD_yqjC_predicted,0.14285714285714285,6,6,ATAAATGCGTCCGCAGTACA,0,5218847
yqjE_yqjK_yqjD_yqjC_predicted,0.14285714285714285,6,6,AGTTGTCGCCCTCAACGGTC,0,5215666
yqjE_yqjK_yqjD_yqjC_predicted,0.14285714285714285,6,6,AGTTGGATGAAGGCCTGCAG,0,5226285
yqjE_yqjK_yqjD_yqjC_predicted,0.14285714285714285,6,6,AGTTAACTCAAGAGTGGGAC,0,5232031
yqjE_yqjK_yqjD_yqjC_predicted,0.14285714285714285,6,6,AGTGTTATGTTTCCCGATGG,0,5182017
yqjE_yqjK_yqjD_yqjC_predicted,0.14285714285714285,6,6,AGTGTATGATAGGTTGCGAT,0,5198036
yqjE_yqjK_yqjD_yqjC_predicted,0.14285714285714285,6,6,AGTGGATCCTCGGAACTCTA,0,5227448
yqjE_yqjK_yqjD_yqjC_predicted,0.14285714285714285,6,6,AGTGCCTTTTGGTGCTTGTT,0,5210815
yqjE_yqjK_yqjD_yqjC_predicted,0.14285714285714285,6,6,AGTGAACTCAGCTGGTCCAG,0,5215829
yqjE_yqjK_yqjD_yqjC_predicted,0.14285714285714285,6,6,AGTCTGGCCCGTATGGGCCT,0,5187741
yqjE_yqjK_yqjD_yqjC_predicted,0.14285714285714285,6,6,AGTCCTCTGTCCTGCAAATC,0,5199447
yqjE_yqjK_yqjD_yqjC_predicted,0.14285714285714285,6,6,AGTCCCGATGGGTAAACGCT,0,5256704
yqjE_yqjK_yqjD_yqjC_predicted,0.14285714285714285,6,6,AGTCCCCGGTAATTATAAGA,0,5254241
yqjE_yqjK_yqjD_yqjC_predicted,0.14285714285714285,6,6,AGTCCCCACTCCTATTGAAC,0,5216997
yqjE_yqjK_yqjD_yqjC_predicted,0.14285714285714285,6,6,AGTCAAGCACCAATTCGCAT,0,5197424
yqjE_yqjK_yqjD_yqjC_predicted,0.14285714285714285,6,6,AGTATGCCCTCACCAATATA,0,5208252
yqjE_yqjK_yqjD_yqjC_predicted,0.14285714285714285,6,6,AGTATCAGGGATCTGCGATC,0,5240731
yqjE_yqjK_yqjD_yqjC_predicted,0.14285714285714285,6,6,AGTATAAAGCATTATGCGTT,0,5246293
yqjE_yqjK_yqjD_yqjC_predicted,0.14285714285714285,6,6,AGTAGCATATATACGCGTCA,0,5230376
yqjE_yqjK_yqjD_yqjC_predicted,0.14285714285714285,6,6,AGTACGAGTTGTTTAGGTTC,0,5254882
yqjE_yqjK_yqjD_yqjC_predicted,0.14285714285714285,6,6,AGTACCAGAGTGTTGACATG,0,5256815
yqjE_yqjK_yqjD_yqjC_predicted,0.14285714285714285,6,6,AGTAAGTTCGGGCTCTAATG,0,5209206
yqjE_yqjK_yqjD_yqjC_predicted,0.14285714285714285,6,6,AGGTTGGGCTATCAGCGCGG,0,5257970
yqjE_yqjK_yqjD_yqjC_predicted,0.14285714285714285,6,6,AGGTGCGCTGAGTTTATGGC,0,5205896
yqjE_yqjK_yqjD_yqjC_predicted,0.14285714285714285,6,6,AGGTCCGTCCCAGGTATCTA,0,5258946
yqjE_yqjK_yqjD_yqjC_predicted,0.14285714285714285,6,6,AGGTCCCTACAATAGTCATC,0,5210125
yqjE_yqjK_yqjD_yqjC_predicted,0.14285714285714285,6,6,AGGTATTTGTCATGGACCGG,0,5203666
yqjE_yqjK_yqjD_yqjC_predicted,0.14285714285714285,6,6,AGGTAAGCTGATCGCTTCCA,0,5196993
yqjE_yqjK_yqjD_yqjC_predicted,0.14285714285714285,6,6,AGGGTCAGTGCATGGGCGCC,0,5186554
yqjE_yqjK_yqjD_yqjC_predicted,0.14285714285714285,6,6,AGGGGCAAGGGTAGCATGTC,0,5180218
yqjE_yqjK_yqjD_yqjC_predicted,0.14285714285714285,6,6,AGGGGAGAGACAGTCCAGCA,0,5203541
yqjE_yqjK_yqjD_yqjC_predicted,0.14285714285714285,6,6,AGGGAATGCAAGGCGCAAGG,0,5228048
yqjE_yqjK_yqjD_yqjC_predicted,0.14285714285714285,6,6,AGGCTTATTGTCCCTTGCGG,0,5239536
yqjE_yqjK_yqjD_yqjC_predicted,0.14285714285714285,6,6,AGGCTGAGCCATGCACCCAA,0,5181243
yqjE_yqjK_yqjD_yqjC_predicted,0.14285714285714285,6,6,AGGCTCCGATGCGTGGCGGT,0,5199978
yqjE_yqjK_yqjD_yqjC_predicted,0.14285714285714285,6,6,AGGCCCCAGCACGTTACTTA,0,5237884
yqjE_yqjK_yqjD_yqjC_predicted,0.14285714285714285,6,6,AGGATTTAGGGACTCTACGT,0,5191033
yqjE_yqjK_yqjD_yqjC_predicted,0.14285714285714285,6,6,AGGAGATACAGTCCGTAATA,0,5186030
yqjE_yqjK_yqjD_yqjC_predicted,0.14285714285714285,6,6,AGGAATGGTGGGCTGACGAG,0,5220274
yqjE_yqjK_yqjD_yqjC_predicted,0.14285714285714285,6,6,AGGAAAATTGCATCACGTTA,0,5187047
yqjE_yqjK_yqjD_yqjC_predicted,0.14285714285714285,6,6,AGCTATTTTCCGATCCTTAG,0,5247984
yqjE_yqjK_yqjD_yqjC_predicted,0.14285714285714285,6,6,AGCTATCATTGATAACGAAA,0,5175786
yqjE_yqjK_yqjD_yqjC_predicted,0.14285714285714285,6,6,AGCTACAGGTGGAGGTTTCT,0,5210545
yqjE_yqjK_yqjD_yqjC_predicted,0.14285714285714285,6,6,AGCGTTGACTAAACCGGGAT,0,5226063
yqjE_yqjK_yqjD_yqjC_predicted,0.14285714285714285,6,6,AGCGGTAAACGTATGGCTGA,0,5239127
yqjE_yqjK_yqjD_yqjC_predicted,0.14285714285714285,6,6,AGCGCGGGATCGTCAAAGGT,0,5204230
yqjE_yqjK_yqjD_yqjC_predicted,0.14285714285714285,6,6,AGCGAGGGTCAGACACGCAG,0,5217147
yqjE_yqjK_yqjD_yqjC_predicted,0.14285714285714285,6,6,AGCCTAAACGTCAGACAGCA,0,5229085
yqjE_yqjK_yqjD_yqjC_predicted,0.14285714285714285,6,6,AGCCGGTCTTATTATCGGGT,0,5211167
yqjE_yqjK_yqjD_yqjC_predicted,0.14285714285714285,6,6,AGCCCCTGCTGGAAAGTAAT,0,5197467
yqjE_yqjK_yqjD_yqjC_predicted,0.14285714285714285,6,6,AGCCATAATATTGTCGCCCA,0,5170939
yqjE_yqjK_yqjD_yqjC_predicted,0.14285714285714285,6,6,AGCACTGTGGCATAAATCAG,0,5248099
yqjE_yqjK_yqjD_yqjC_predicted,0.14285714285714285,6,6,AGCAATACTCTGAAACGACT,0,5197862
yqjE_yqjK_yqjD_yqjC_predicted,0.14285714285714285,6,6,AGATGTCACTCGGGCCGGGA,0,5185977
yqjE_yqjK_yqjD_yqjC_predicted,0.14285714285714285,6,6,AGATCGCACTTTGAACCTCA,0,5199018
yqjE_yqjK_yqjD_yqjC_predicted,0.14285714285714285,6,6,AGATATTCTAGGGGCGCTCC,0,5250134
yqjE_yqjK_yqjD_yqjC_predicted,0.14285714285714285,6,6,AGATATTCAGGTACAGGCTT,0,5200828
yqjE_yqjK_yqjD_yqjC_predicted,0.14285714285714285,6,6,AGATAAAGCGGTCACAAATG,0,5230454
yqjE_yqjK_yqjD_yqjC_predicted,0.14285714285714285,6,6,AGAGTGTCCCTTGGCGTAGT,0,5209774
yqjE_yqjK_yqjD_yqjC_predicted,0.14285714285714285,6,6,AGAGCCCATGGAGGGATCGC,0,5210278
yqjE_yqjK_yqjD_yqjC_predicted,0.14285714285714285,6,6,AGAGACACATTGCACCCAGT,0,5225036
yqjE_yqjK_yqjD_yqjC_predicted,0.14285714285714285,6,6,AGAATAGTTTAGACGTAAAT,0,5190890
yqjE_yqjK_yqjD_yqjC_predicted,0.14285714285714285,6,6,AGAAGCTGATTTGCCCGAGG,0,5220973
yqjE_yqjK_yqjD_yqjC_predicted,0.14285714285714285,6,6,AGAACATTGGATGCAACGAC,0,5175959
yqjE_yqjK_yqjD_yqjC_predicted,0.14285714285714285,6,6,ACTTTGAGGTTACGGCTTCC,0,5249726
yqjE_yqjK_yqjD_yqjC_predicted,0.14285714285714285,6,6,ACTTTGAATAACGACGTGTT,0,5195801
yqjE_yqjK_yqjD_yqjC_predicted,0.14285714285714285,6,6,ACTTTAGAATAACGAGCAAG,0,5253735
yqjE_yqjK_yqjD_yqjC_predicted,0.14285714285714285,6,6,ACTTGGTGTACAGCTACTCA,0,5262452
yqjE_yqjK_yqjD_yqjC_predicted,0.14285714285714285,6,6,ACTTAAAGTCGATATTATAT,0,5201388
yqjE_yqjK_yqjD_yqjC_predicted,0.14285714285714285,6,6,ACTGTGGGATGTACCAGCGA,0,5235957
yqjE_yqjK_yqjD_yqjC_predicted,0.14285714285714285,6,6,ACTGTAATGACCTGGGGGTC,0,5171153
yqjE_yqjK_yqjD_yqjC_predicted,0.14285714285714285,6,6,ACTGGCCTACCCATTCGTAC,0,5219765
yqjE_yqjK_yqjD_yqjC_predicted,0.14285714285714285,6,6,ACTGCTGACAGTTTATGAAG,0,5193491
yqjE_yqjK_yqjD_yqjC_predicted,0.14285714285714285,6,6,ACTGCCCTAGCTTGTGTTAC,0,5194167
yqjE_yqjK_yqjD_yqjC_predicted,0.14285714285714285,6,6,ACTGAATTGTAAGCTGGATT,0,5251071
yqjE_yqjK_yqjD_yqjC_predicted,0.14285714285714285,6,6,ACTCGTCAAGTTATCGCAAC,0,5218157
yqjE_yqjK_yqjD_yqjC_predicted,0.14285714285714285,6,6,ACTCGGGGCTAGTTGGGGAA,0,5173863
yqjE_yqjK_yqjD_yqjC_predicted,0.14285714285714285,6,6,ACTCCTTTACCTTCATGGGA,0,5261516
yqjE_yqjK_yqjD_yqjC_predicted,0.14285714285714285,6,6,ACTAGGTAGATCTATACACT,0,5221161
yqjE_yqjK_yqjD_yqjC_predicted,0.14285714285714285,6,6,ACGTTCCGGGTCCCCCACGG,0,5187124
yqjE_yqjK_yqjD_yqjC_predicted,0.14285714285714285,6,6,ACGTGGTGGCTAATCGGCAA,0,5181016
yqjE_yqjK_yqjD_yqjC_predicted,0.14285714285714285,6,6,ACGTGGTCTTTTATCCAGAA,0,5236478
yqjE_yqjK_yqjD_yqjC_predicted,0.14285714285714285,6,6,ACGTGGACTGGCCCCCAAGG,0,5259221
yqjE_yqjK_yqjD_yqjC_predicted,0.14285714285714285,6,6,ACGTGCCTTGCTGCTGCCAT,0,5210171
yqjE_yqjK_yqjD_yqjC_predicted,0.14285714285714285,6,6,ACGTGCAAAGCTCGTCCACT,0,5245711
yqjE_yqjK_yqjD_yqjC_predicted,0.14285714285714285,6,6,ACGTCCATACAGGCGTGTAT,0,5235701
yqjE_yqjK_yqjD_yqjC_predicted,0.14285714285714285,6,6,ACGGTCTGGGGATATTTACA,0,5236576
yqjE_yqjK_yqjD_yqjC_predicted,0.14285714285714285,6,6,ACGGGGACGCGTAATGTTTA,0,5258258
yqjE_yqjK_yqjD_yqjC_predicted,0.14285714285714285,6,6,ACGGGCCGGAGACCCCGCGT,0,5238584
yqjE_yqjK_yqjD_yqjC_predicted,0.14285714285714285,6,6,ACGGGAGGGACTCACGATCC,0,5177582
yqjE_yqjK_yqjD_yqjC_predicted,0.14285714285714285,6,6,ACGGCCACTCATGACGATTA,0,5240014
yqjE_yqjK_yqjD_yqjC_predicted,0.14285714285714285,6,6,ACGCGAGAAGCTCAACGTGA,0,5179996
yqjE_yqjK_yqjD_yqjC_predicted,0.14285714285714285,6,6,ACGCGAAGTCTTGCTGGACG,0,5260272
yqjE_yqjK_yqjD_yqjC_predicted,0.14285714285714285,6,6,ACGATCGTACGTGGGCCGGT,0,5193262
yqjE_yqjK_yqjD_yqjC_predicted,0.14285714285714285,6,6,ACGATAACAGGGTACTACGT,0,5199023
yqjE_yqjK_yqjD_yqjC_predicted,0.14285714285714285,6,6,ACGAGTTGGGATTAGGAATT,0,5232100
yqjE_yqjK_yqjD_yqjC_predicted,0.14285714285714285,6,6,ACGAGATGGGGTTTATTCAT,0,5185926
yqjE_yqjK_yqjD_yqjC_predicted,0.14285714285714285,6,6,ACGAATGCTTTTGCTATGTA,0,5253790
yqjE_yqjK_yqjD_yqjC_predicted,0.14285714285714285,6,6,ACGAATAGAGCAGCTTAAAC,0,5242819
yqjE_yqjK_yqjD_yqjC_predicted,0.14285714285714285,6,6,ACCTTAGTTGTGAGTCGGAC,0,5216936
yqjE_yqjK_yqjD_yqjC_predicted,0.14285714285714285,6,6,ACCTCAGTGAAGGCCTGGGG,0,5227393
yqjE_yqjK_yqjD_yqjC_predicted,0.14285714285714285,6,6,ACCTCAGGGTCACGTGTTTA,0,5200371
yqjE_yqjK_yqjD_yqjC_predicted,0.14285714285714285,6,6,ACCGGGCTGGTGCCTGATCA,0,5195425
yqjE_yqjK_yqjD_yqjC_predicted,0.14285714285714285,6,6,ACCGGGATATTCAGGAGGGA,0,5227535
yqjE_yqjK_yqjD_yqjC_predicted,0.14285714285714285,6,6,ACCGGAGTTGTTGCCAGAGC,0,5207242
yqjE_yqjK_yqjD_yqjC_predicted,0.14285714285714285,6,6,ACCGCTCCCAGTAGGGGATC,0,5188872
yqjE_yqjK_yqjD_yqjC_predicted,0.14285714285714285,6,6,ACCGCCGGGCTGCGATCCAG,0,5181187
yqjE_yqjK_yqjD_yqjC_predicted,0.14285714285714285,6,6,ACCGAGCTAACAGTATCATC,0,5238881
yqjE_yqjK_yqjD_yqjC_predicted,0.14285714285714285,6,6,ACCGAACGTCTACGAGGAGG,0,5231252
yqjE_yqjK_yqjD_yqjC_predicted,0.14285714285714285,6,6,ACCCGTCTCGGTAAGGCTTG,0,5252735
yqjE_yqjK_yqjD_yqjC_predicted,0.14285714285714285,6,6,ACCCCTTTAATGGTACGTAG,0,5217708
yqjE_yqjK_yqjD_yqjC_predicted,0.14285714285714285,6,6,ACCCCGTACTCGCATCAAGA,0,5214179
yqjE_yqjK_yqjD_yqjC_predicted,0.14285714285714285,6,6,ACCCCCTGTCCCGCTTTGTT,0,5215676
yqjE_yqjK_yqjD_yqjC_predicted,0.14285714285714285,6,6,ACCATCTCAATTCGCTGAGA,0,5204279
yqjE_yqjK_yqjD_yqjC_predicted,0.14285714285714285,6,6,ACCAGCATAATCATGGTGCT,0,5231981
yqjE_yqjK_yqjD_yqjC_predicted,0.14285714285714285,6,6,ACCACGGCCTCACCATGCCA,0,5211987
yqjE_yqjK_yqjD_yqjC_predicted,0.14285714285714285,6,6,ACCAACGTCTGTTCATAAGC,0,5200503
yqjE_yqjK_yqjD_yqjC_predicted,0.14285714285714285,6,6,ACCAACAAAACGTTAAGCAG,0,5186362
yqjE_yqjK_yqjD_yqjC_predicted,0.14285714285714285,6,6,ACCAAATATGGTTGTGGCAA,0,5236497
yqjE_yqjK_yqjD_yqjC_predicted,0.14285714285714285,6,6,ACATTTGTCCGCTGTGGGTC,0,5193594
yqjE_yqjK_yqjD_yqjC_predicted,0.14285714285714285,6,6,ACATGAGAGGGAAGCCCACC,0,5197517
yqjE_yqjK_yqjD_yqjC_predicted,0.14285714285714285,6,6,ACATCTTGGACGTGCAAGCC,0,5223237
yqjE_yqjK_yqjD_yqjC_predicted,0.14285714285714285,6,6,ACAGTGAGGTTTCATAAAGT,0,5244052
yqjE_yqjK_yqjD_yqjC_predicted,0.14285714285714285,6,6,ACAGGAATTATTTCTGTAAC,0,5184357
yqjE_yqjK_yqjD_yqjC_predicted,0.14285714285714285,6,6,ACAGAGTATAGGACGGCTGG,0,5226586
yqjE_yqjK_yqjD_yqjC_predicted,0.14285714285714285,6,6,ACAGAATAGACACCTAGACC,0,5244918
yqjE_yqjK_yqjD_yqjC_predicted,0.14285714285714285,6,6,ACACTTCTCGCGGGATTTAG,0,5234231
yqjE_yqjK_yqjD_yqjC_predicted,0.14285714285714285,6,6,ACACTTATGGCTCCGAGTGA,0,5241442
yqjE_yqjK_yqjD_yqjC_predicted,0.14285714285714285,6,6,ACACGTTACAAATCGACGGA,0,5199226
yqjE_yqjK_yqjD_yqjC_predicted,0.14285714285714285,6,6,ACACGTGCGCAGGGTCGGGA,0,5250228
yqjE_yqjK_yqjD_yqjC_predicted,0.14285714285714285,6,6,ACACGTAACTCGTAGTATGT,0,5194729
yqjE_yqjK_yqjD_yqjC_predicted,0.14285714285714285,6,6,ACACCGATACTGGTATCCGT,0,5232180
yqjE_yqjK_yqjD_yqjC_predicted,0.14285714285714285,6,6,ACACAGCGGGTCAGTTTACC,0,5237021
yqjE_yqjK_yqjD_yqjC_predicted,0.14285714285714285,6,6,ACAAACTTCACGCGTTTATA,0,5185522
yqjE_yqjK_yqjD_yqjC_predicted,0.14285714285714285,6,6,ACAAAAGCGGGCGTGCGTCT,0,5253743
yqjE_yqjK_yqjD_yqjC_predicted,0.14285714285714285,6,6,AATTTCCCTTGACACATCCC,0,5186195
yqjE_yqjK_yqjD_yqjC_predicted,0.14285714285714285,6,6,AATTCGAAGAGGCATGAATA,0,5204285
yqjE_yqjK_yqjD_yqjC_predicted,0.14285714285714285,6,6,AATTCAATCGAAATATGAAA,0,5188153
yqjE_yqjK_yqjD_yqjC_predicted,0.14285714285714285,6,6,AATGCCTGTTTACGATAGCG,0,5203039
yqjE_yqjK_yqjD_yqjC_predicted,0.14285714285714285,6,6,AATGATCTGCCCCGCCCGTG,0,5198486
yqjE_yqjK_yqjD_yqjC_predicted,0.14285714285714285,6,6,AATGACGTGTTGCGACCCTG,0,5214161
yqjE_yqjK_yqjD_yqjC_predicted,0.14285714285714285,6,6,AATCTTTAGTAATTCCCCGG,0,5252189
yqjE_yqjK_yqjD_yqjC_predicted,0.14285714285714285,6,6,AATCATAGACATACCAACGA,0,5204644
yqjE_yqjK_yqjD_yqjC_predicted,0.14285714285714285,6,6,AATCAGTTCAACACATCCAG,0,5187133
yqjE_yqjK_yqjD_yqjC_predicted,0.14285714285714285,6,6,AATAGTGCACGACCCGACCA,0,5201299
yqjE_yqjK_yqjD_yqjC_predicted,0.14285714285714285,6,6,AATAGTAGACATTTCCTCTC,0,5243797
yqjE_yqjK_yqjD_yqjC_predicted,0.14285714285714285,6,6,AAGTTGTCGAGGCGGTAAGG,0,5213814
yqjE_yqjK_yqjD_yqjC_predicted,0.14285714285714285,6,6,AAGTACGCTGATCATTCGTC,0,5203884
yqjE_yqjK_yqjD_yqjC_predicted,0.14285714285714285,6,6,AAGGTGCTCAGCCACTGCTG,0,5194673
yqjE_yqjK_yqjD_yqjC_predicted,0.14285714285714285,6,6,AAGGGTACTCATCAAAAATA,0,5186654
yqjE_yqjK_yqjD_yqjC_predicted,0.14285714285714285,6,6,AAGGCTGCTTCAGCCAGGGG,0,5204063
yqjE_yqjK_yqjD_yqjC_predicted,0.14285714285714285,6,6,AAGGACTAAGCTTATAAAAT,0,5202811
yqjE_yqjK_yqjD_yqjC_predicted,0.14285714285714285,6,6,AAGCTCCATCCAGGAAGTAG,0,5184881
yqjE_yqjK_yqjD_yqjC_predicted,0.14285714285714285,6,6,AAGCGCCCAGTGACTGTCCC,0,5226360
yqjE_yqjK_yqjD_yqjC_predicted,0.14285714285714285,6,6,AAGCCGGCTGTATACAACGT,0,5212467
yqjE_yqjK_yqjD_yqjC_predicted,0.14285714285714285,6,6,AAGCAAAGAGCGAGGGCGAA,0,5182431
yqjE_yqjK_yqjD_yqjC_predicted,0.14285714285714285,6,6,AAGAGGACCCGGTATGAAAC,0,5205487
yqjE_yqjK_yqjD_yqjC_predicted,0.14285714285714285,6,6,AAGAAACGCAAAGGGGTTGG,0,5250680
yqjE_yqjK_yqjD_yqjC_predicted,0.14285714285714285,6,6,AACTGGAAGGGGCAAGAGAC,0,5173428
yqjE_yqjK_yqjD_yqjC_predicted,0.14285714285714285,6,6,AACTCAGCAATCTTTTTAGA,0,5220802
yqjE_yqjK_yqjD_yqjC_predicted,0.14285714285714285,6,6,AACGCTTGAGCCCACCCCAT,0,5232182
yqjE_yqjK_yqjD_yqjC_predicted,0.14285714285714285,6,6,AACGATAGTCGGGGTAACTT,0,5223549
yqjE_yqjK_yqjD_yqjC_predicted,0.14285714285714285,6,6,AACGACAACGGCTTTCTCTC,0,5231670
yqjE_yqjK_yqjD_yqjC_predicted,0.14285714285714285,6,6,AACCGTGAATGGCCGCTCAT,0,5239300
yqjE_yqjK_yqjD_yqjC_predicted,0.14285714285714285,6,6,AACCGCAAATCCGGGCTCCA,0,5191254
yqjE_yqjK_yqjD_yqjC_predicted,0.14285714285714285,6,6,AACCGAATTCGAAACAGGCT,0,5189920
yqjE_yqjK_yqjD_yqjC_predicted,0.14285714285714285,6,6,AACACTGGGTGGCCCAAGGC,0,5204016
yqjE_yqjK_yqjD_yqjC_predicted,0.14285714285714285,6,6,AACAATGGTCGAACCGCTGT,0,5190660
yqjE_yqjK_yqjD_yqjC_predicted,0.14285714285714285,6,6,AAATTTGGGCTTCATTGGTT,0,5191564
yqjE_yqjK_yqjD_yqjC_predicted,0.14285714285714285,6,6,AAATGGTGAGCGCGTTGTGC,0,5241773
yqjE_yqjK_yqjD_yqjC_predicted,0.14285714285714285,6,6,AAATCTGCATACGCTGTCTG,0,5252230
yqjE_yqjK_yqjD_yqjC_predicted,0.14285714285714285,6,6,AAATAGTGTCCTTTCTCATC,0,5202372
yqjE_yqjK_yqjD_yqjC_predicted,0.14285714285714285,6,6,AAATAGGTAGTGCGAGGTGT,0,5258734
yqjE_yqjK_yqjD_yqjC_predicted,0.14285714285714285,6,6,AAAGCACTTCTGCGTCTCAC,0,5249096
yqjE_yqjK_yqjD_yqjC_predicted,0.14285714285714285,6,6,AAAGACGTCCAGATTTGTGT,0,5193817
yqjE_yqjK_yqjD_yqjC_predicted,0.14285714285714285,6,6,AAACTTTGTCTTACTGGCGC,0,5176542
yqjE_yqjK_yqjD_yqjC_predicted,0.14285714285714285,6,6,AAACTTCCAAGGGCGAGCTA,0,5219583
yqjE_yqjK_yqjD_yqjC_predicted,0.14285714285714285,6,6,AAACGGTAGAGCGACCAAAT,0,5194554
yqjE_yqjK_yqjD_yqjC_predicted,0.14285714285714285,6,6,AAACATTGCTGTATAGTAGT,0,5205609
yqjE_yqjK_yqjD_yqjC_predicted,0.14285714285714285,6,6,AAACAGCTCGTGCGACCGGC,0,5176830
yqjE_yqjK_yqjD_yqjC_predicted,0.14285714285714285,6,6,AAAATCGAAGCCTTATGACA,0,5172490
yqjE_yqjK_yqjD_yqjC_predicted,0.14285714285714285,6,6,AAAAAGACCTACGCAGCTGA,0,5215563
yqjE_yqjK_yqjD_yqjC_predicted,0.16666666666666666,5,5,TTTTTTGATGTCAAACGCCT,0,5176107
yqjE_yqjK_yqjD_yqjC_predicted,0.16666666666666666,5,5,TTTTTGCATACGATAGTGAG,0,5243942
yqjE_yqjK_yqjD_yqjC_predicted,0.16666666666666666,5,5,TTTTCTGGCGAACGGATGGT,0,5184017
yqjE_yqjK_yqjD_yqjC_predicted,0.16666666666666666,5,5,TTTTACTGAGAGTTTGAACC,0,5194991
yqjE_yqjK_yqjD_yqjC_predicted,0.16666666666666666,5,5,TTTTAAAGTACCTAGCCCGT,0,5250613
yqjE_yqjK_yqjD_yqjC_predicted,0.16666666666666666,5,5,TTTGGCTGCATCCCCTACGA,0,5255051
yqjE_yqjK_yqjD_yqjC_predicted,0.16666666666666666,5,5,TTTGAACCGCTCGCTATTCG,0,5227093
yqjE_yqjK_yqjD_yqjC_predicted,0.16666666666666666,5,5,TTTGAACAGCCGGTTCCGCT,0,5213200
yqjE_yqjK_yqjD_yqjC_predicted,0.16666666666666666,5,5,TTTCTTTTTTGGCGCAGATG,0,5215636
yqjE_yqjK_yqjD_yqjC_predicted,0.16666666666666666,5,5,TTTCAGCACACGCCCACAGT,0,5220006
yqjE_yqjK_yqjD_yqjC_predicted,0.16666666666666666,5,5,TTTATTCACTATTGCTCCGG,0,5236031
yqjE_yqjK_yqjD_yqjC_predicted,0.16666666666666666,5,5,TTTATGTTTTAGGGCAGCTC,0,5219634
yqjE_yqjK_yqjD_yqjC_predicted,0.16666666666666666,5,5,TTTATGAATCGGGTCCTATC,0,5234623
yqjE_yqjK_yqjD_yqjC_predicted,0.16666666666666666,5,5,TTTACTGTGAACGTAGCGTG,0,5186783
yqjE_yqjK_yqjD_yqjC_predicted,0.16666666666666666,5,5,TTTAATCTCTACCAGGACGG,0,5246517
yqjE_yqjK_yqjD_yqjC_predicted,0.16666666666666666,5,5,TTTAAAACACGTGCTCAAAT,0,5244932
yqjE_yqjK_yqjD_yqjC_predicted,0.16666666666666666,5,5,TTGTTGGTGTTCAGAGAGGA,0,5230378
yqjE_yqjK_yqjD_yqjC_predicted,0.16666666666666666,5,5,TTGTGCAGTACGTCAGGGAT,0,5204033
yqjE_yqjK_yqjD_yqjC_predicted,0.16666666666666666,5,5,TTGTCTTGCATAGGATCGTG,0,5247907
yqjE_yqjK_yqjD_yqjC_predicted,0.16666666666666666,5,5,TTGTATCGAGATGTTATGTC,0,5175878
yqjE_yqjK_yqjD_yqjC_predicted,0.16666666666666666,5,5,TTGGTACCACGGCCCAGATT,0,5174669
yqjE_yqjK_yqjD_yqjC_predicted,0.16666666666666666,5,5,TTGGGCGAAGTTTTATATCT,0,5231406
yqjE_yqjK_yqjD_yqjC_predicted,0.16666666666666666,5,5,TTGGCGGGCGGAGGGCGGTG,0,5215705
yqjE_yqjK_yqjD_yqjC_predicted,0.16666666666666666,5,5,TTGGATTTTAGGGAGGCAGA,0,5190874
yqjE_yqjK_yqjD_yqjC_predicted,0.16666666666666666,5,5,TTGCTTTTGGCGATCTTAAG,0,5199942
yqjE_yqjK_yqjD_yqjC_predicted,0.16666666666666666,5,5,TTGCTTCTAAGCAACGTTAG,0,5172808
yqjE_yqjK_yqjD_yqjC_predicted,0.16666666666666666,5,5,TTGCGGGAGCATCAACAGGT,0,5203514
yqjE_yqjK_yqjD_yqjC_predicted,0.16666666666666666,5,5,TTGCCAAAGAGGTATAGCGC,0,5187296
yqjE_yqjK_yqjD_yqjC_predicted,0.16666666666666666,5,5,TTGCACTTAGCGGTCAGGTT,0,5213498
yqjE_yqjK_yqjD_yqjC_predicted,0.16666666666666666,5,5,TTGCACGCCCAACTTCCACA,0,5185945
yqjE_yqjK_yqjD_yqjC_predicted,0.16666666666666666,5,5,TTGCAAGAAAACGGCGGGAC,0,5247535
yqjE_yqjK_yqjD_yqjC_predicted,0.16666666666666666,5,5,TTGATGGGAGTCACTAACGC,0,5187777
yqjE_yqjK_yqjD_yqjC_predicted,0.16666666666666666,5,5,TTGATCTGGTCATGGCCCGT,0,5189609
yqjE_yqjK_yqjD_yqjC_predicted,0.16666666666666666,5,5,TTGATACAAGTGACCGGGTA,0,5220183
yqjE_yqjK_yqjD_yqjC_predicted,0.16666666666666666,5,5,TTGAGAGGCCACACGTGACG,0,5257917
yqjE_yqjK_yqjD_yqjC_predicted,0.16666666666666666,5,5,TTGACGGATGCACTTCCCTG,0,5237821
yqjE_yqjK_yqjD_yqjC_predicted,0.16666666666666666,5,5,TTGACCTTTGTGTGCCTCGA,0,5227554
yqjE_yqjK_yqjD_yqjC_predicted,0.16666666666666666,5,5,TTGAAAGCCGTTTGAGATCC,0,5219452
yqjE_yqjK_yqjD_yqjC_predicted,0.16666666666666666,5,5,TTCTTTTCAGGTTGACGGGA,0,5194144
yqjE_yqjK_yqjD_yqjC_predicted,0.16666666666666666,5,5,TTCTTGACCAGCAGCGCGGA,0,5224772
yqjE_yqjK_yqjD_yqjC_predicted,0.16666666666666666,5,5,TTCTGTGGCCTTCAAGGCTT,0,5217648
yqjE_yqjK_yqjD_yqjC_predicted,0.16666666666666666,5,5,TTCTGTGCTGGTTTGTGACT,0,5243872
yqjE_yqjK_yqjD_yqjC_predicted,0.16666666666666666,5,5,TTCTGCAATTACCGCCTATG,0,5223088
yqjE_yqjK_yqjD_yqjC_predicted,0.16666666666666666,5,5,TTCTCTGTTGGAAGCATAGC,0,5235409
yqjE_yqjK_yqjD_yqjC_predicted,0.16666666666666666,5,5,TTCTCGTATCACCAGGGGAC,0,5223144
yqjE_yqjK_yqjD_yqjC_predicted,0.16666666666666666,5,5,TTCTACCATTTAGTAGGACG,0,5182350
yqjE_yqjK_yqjD_yqjC_predicted,0.16666666666666666,5,5,TTCGTGTTGACACGAATATC,0,5262443
yqjE_yqjK_yqjD_yqjC_predicted,0.16666666666666666,5,5,TTCGTAAAAATTCGGTTAGC,0,5200507
yqjE_yqjK_yqjD_yqjC_predicted,0.16666666666666666,5,5,TTCGGTCGCCTTTTTACTTT,0,5260153
yqjE_yqjK_yqjD_yqjC_predicted,0.16666666666666666,5,5,TTCGGGGGATAGGACAGAAG,0,5229824
yqjE_yqjK_yqjD_yqjC_predicted,0.16666666666666666,5,5,TTCGCATCCCGCCATAAGAA,0,5213258
yqjE_yqjK_yqjD_yqjC_predicted,0.16666666666666666,5,5,TTCGATTCTGCTTGTGCGGT,0,5241020
yqjE_yqjK_yqjD_yqjC_predicted,0.16666666666666666,5,5,TTCGATAGGCGTCGATCGCT,0,5211830
yqjE_yqjK_yqjD_yqjC_predicted,0.16666666666666666,5,5,TTCCTAAGTCCACAACACGT,0,5216785
yqjE_yqjK_yqjD_yqjC_predicted,0.16666666666666666,5,5,TTCCGTTGGCATGTTTGAAG,0,5191588
yqjE_yqjK_yqjD_yqjC_predicted,0.16666666666666666,5,5,TTCCGTCTGGGTTGATTGTA,0,5245805
yqjE_yqjK_yqjD_yqjC_predicted,0.16666666666666666,5,5,TTCCGGGGCGAAGGGTACAG,0,5253445
yqjE_yqjK_yqjD_yqjC_predicted,0.16666666666666666,5,5,TTCCGCCAGTCAGACATGTA,0,5177105
yqjE_yqjK_yqjD_yqjC_predicted,0.16666666666666666,5,5,TTCCATGAGCTTTCTATATG,0,5248053
yqjE_yqjK_yqjD_yqjC_predicted,0.16666666666666666,5,5,TTCATAGAAGGGGTTAAGGC,0,5225885
yqjE_yqjK_yqjD_yqjC_predicted,0.16666666666666666,5,5,TTCAGGACAGGAATGTGCGT,0,5254928
yqjE_yqjK_yqjD_yqjC_predicted,0.16666666666666666,5,5,TTCAGATCGAGTACAGGGCT,0,5233921
yqjE_yqjK_yqjD_yqjC_predicted,0.16666666666666666,5,5,TTCAGAGCGACTCGCTTTAA,0,5201707
yqjE_yqjK_yqjD_yqjC_predicted,0.16666666666666666,5,5,TTCACTTCTAAATAACTATA,0,5257750
yqjE_yqjK_yqjD_yqjC_predicted,0.16666666666666666,5,5,TTCAAACTTTATAATCGGTA,0,5257935
yqjE_yqjK_yqjD_yqjC_predicted,0.16666666666666666,5,5,TTATTCGGCCTAGCTCATGT,0,5188411
yqjE_yqjK_yqjD_yqjC_predicted,0.16666666666666666,5,5,TTATTATCAATTAGATCGGC,0,5184869
yqjE_yqjK_yqjD_yqjC_predicted,0.16666666666666666,5,5,TTATGCAATGATTCGCTGAA,0,5229630
yqjE_yqjK_yqjD_yqjC_predicted,0.16666666666666666,5,5,TTATCTCGTATGCGGGTATT,0,5195518
yqjE_yqjK_yqjD_yqjC_predicted,0.16666666666666666,5,5,TTAGTATAAGCGCGGGGGAC,0,5256466
yqjE_yqjK_yqjD_yqjC_predicted,0.16666666666666666,5,5,TTAGGCGTCGCAGCATGAGG,0,5207941
yqjE_yqjK_yqjD_yqjC_predicted,0.16666666666666666,5,5,TTAGCCACCAGTTTGACAGG,0,5251074
yqjE_yqjK_yqjD_yqjC_predicted,0.16666666666666666,5,5,TTACTAATCCGTCAAGCAAA,0,5217237
yqjE_yqjK_yqjD_yqjC_predicted,0.16666666666666666,5,5,TTACGCGGAGCGGCGGATGT,0,5257845
yqjE_yqjK_yqjD_yqjC_predicted,0.16666666666666666,5,5,TTACCGGTCACGGTCATCAT,0,5229700
yqjE_yqjK_yqjD_yqjC_predicted,0.16666666666666666,5,5,TTACAGACAGGGGGGCTCGG,0,5175219
yqjE_yqjK_yqjD_yqjC_predicted,0.16666666666666666,5,5,TTAAGTGGAGAAGATGTTCC,0,5179450
yqjE_yqjK_yqjD_yqjC_predicted,0.16666666666666666,5,5,TTAACCCGAATGAGCGCCAC,0,5203971
yqjE_yqjK_yqjD_yqjC_predicted,0.16666666666666666,5,5,TTAACAATGACCGCCAATAG,0,5199996
yqjE_yqjK_yqjD_yqjC_predicted,0.16666666666666666,5,5,TGTTCGACAGAGACCTATGT,0,5178601
yqjE_yqjK_yqjD_yqjC_predicted,0.16666666666666666,5,5,TGTTCGAACGGTTCATAGGC,0,5249515
yqjE_yqjK_yqjD_yqjC_predicted,0.16666666666666666,5,5,TGTTCCGATATTCAGGCACA,0,5204351
yqjE_yqjK_yqjD_yqjC_predicted,0.16666666666666666,5,5,TGTTACACAAGAAGCAATAA,0,5224628
yqjE_yqjK_yqjD_yqjC_predicted,0.16666666666666666,5,5,TGTTAAGCACTAGAGTAACA,0,5230922
yqjE_yqjK_yqjD_yqjC_predicted,0.16666666666666666,5,5,TGTGTGAATAGGCTTCTCAG,0,5206256
yqjE_yqjK_yqjD_yqjC_predicted,0.16666666666666666,5,5,TGTGCAGAAGGATAGTACGC,0,5186276
yqjE_yqjK_yqjD_yqjC_predicted,0.16666666666666666,5,5,TGTCCCGAAACGCTGCGTTT,0,5247486
yqjE_yqjK_yqjD_yqjC_predicted,0.16666666666666666,5,5,TGTCAGGACGCAGGCGATTA,0,5260819
yqjE_yqjK_yqjD_yqjC_predicted,0.16666666666666666,5,5,TGTATCACTGAGTTAAGTAA,0,5177883
yqjE_yqjK_yqjD_yqjC_predicted,0.16666666666666666,5,5,TGTAGTTTCTGTTGCATGGC,0,5218652
yqjE_yqjK_yqjD_yqjC_predicted,0.16666666666666666,5,5,TGTAGAAGCAAATCGCCTCT,0,5249051
yqjE_yqjK_yqjD_yqjC_predicted,0.16666666666666666,5,5,TGTAAGACAGTGAAGGTATT,0,5181647
yqjE_yqjK_yqjD_yqjC_predicted,0.16666666666666666,5,5,TGTAACTATCCGTGGTCGTG,0,5199445
yqjE_yqjK_yqjD_yqjC_predicted,0.16666666666666666,5,5,TGTAAAAATATAATGCCCTT,0,5189978
yqjE_yqjK_yqjD_yqjC_predicted,0.16666666666666666,5,5,TGGTTTGATGATCAGAAGGG,0,5236890
yqjE_yqjK_yqjD_yqjC_predicted,0.16666666666666666,5,5,TGGTTACCGTTCAATAAAAA,0,5258561
yqjE_yqjK_yqjD_yqjC_predicted,0.16666666666666666,5,5,TGGTATTCAGGGGGAAGCCT,0,5259553
yqjE_yqjK_yqjD_yqjC_predicted,0.16666666666666666,5,5,TGGTACCCAAATCATGGGCT,0,5180025
yqjE_yqjK_yqjD_yqjC_predicted,0.16666666666666666,5,5,TGGGTACCTGTCTCAGGGGG,0,5202975
yqjE_yqjK_yqjD_yqjC_predicted,0.16666666666666666,5,5,TGGGGTAGGAACTGTCACAT,0,5248466
yqjE_yqjK_yqjD_yqjC_predicted,0.16666666666666666,5,5,TGGGGCATGAGCACCCTATG,0,5198922
yqjE_yqjK_yqjD_yqjC_predicted,0.16666666666666666,5,5,TGGGCGGCTAAGTAGACGCA,0,5237150
yqjE_yqjK_yqjD_yqjC_predicted,0.16666666666666666,5,5,TGGGATTCTTGGTGTTGCTC,0,5205106
yqjE_yqjK_yqjD_yqjC_predicted,0.16666666666666666,5,5,TGGGATCGGACCAGTATGCG,0,5229293
yqjE_yqjK_yqjD_yqjC_predicted,0.16666666666666666,5,5,TGGCGCTGGAACCCCAACTG,0,5218109
yqjE_yqjK_yqjD_yqjC_predicted,0.16666666666666666,5,5,TGGCGCACTGGCATGGAGCT,0,5215885
yqjE_yqjK_yqjD_yqjC_predicted,0.16666666666666666,5,5,TGGCCTAGTATAGTGCGTGG,0,5252964
yqjE_yqjK_yqjD_yqjC_predicted,0.16666666666666666,5,5,TGGATTCAAGCACGTTCGGA,0,5195401
yqjE_yqjK_yqjD_yqjC_predicted,0.16666666666666666,5,5,TGGACCTTTACCTGGTCTTT,0,5254993
yqjE_yqjK_yqjD_yqjC_predicted,0.16666666666666666,5,5,TGCTTCCCACATCCTCGTCT,0,5260509
yqjE_yqjK_yqjD_yqjC_predicted,0.16666666666666666,5,5,TGCTCTCCCTGAATTCGCCC,0,5221014
yqjE_yqjK_yqjD_yqjC_predicted,0.16666666666666666,5,5,TGCTCGGAGTTAGGGTTACA,0,5227825
yqjE_yqjK_yqjD_yqjC_predicted,0.16666666666666666,5,5,TGCTATGGGGACTTATTCTA,0,5248842
yqjE_yqjK_yqjD_yqjC_predicted,0.16666666666666666,5,5,TGCGTCTAGAGTTAGATTCC,0,5239665
yqjE_yqjK_yqjD_yqjC_predicted,0.16666666666666666,5,5,TGCGCGGCTATGCTGAGGAA,0,5254930
yqjE_yqjK_yqjD_yqjC_predicted,0.16666666666666666,5,5,TGCGCGCTAAACGAAAGCTT,0,5217111
yqjE_yqjK_yqjD_yqjC_predicted,0.16666666666666666,5,5,TGCGAACCGCAGTTGTTGGT,0,5216977
yqjE_yqjK_yqjD_yqjC_predicted,0.16666666666666666,5,5,TGCACAGGACGCCATGTCTC,0,5256976
yqjE_yqjK_yqjD_yqjC_predicted,0.16666666666666666,5,5,TGCAATTTAGTTGTGATGTT,0,5258711
yqjE_yqjK_yqjD_yqjC_predicted,0.16666666666666666,5,5,TGCAACGTCTCGCGGCTGAG,0,5171050
yqjE_yqjK_yqjD_yqjC_predicted,0.16666666666666666,5,5,TGATTCACCAGATTATTCTG,0,5239265
yqjE_yqjK_yqjD_yqjC_predicted,0.16666666666666666,5,5,TGAGTTATGCGTGAAGTCTT,0,5199750
yqjE_yqjK_yqjD_yqjC_predicted,0.16666666666666666,5,5,TGAGTAGCGCGGATCGAACT,0,5205661
yqjE_yqjK_yqjD_yqjC_predicted,0.16666666666666666,5,5,TGAGGAAATCCAGCTCTCAT,0,5175385
yqjE_yqjK_yqjD_yqjC_predicted,0.16666666666666666,5,5,TGAGATCACCGTTTGTTCTG,0,5244755
yqjE_yqjK_yqjD_yqjC_predicted,0.16666666666666666,5,5,TGAGATAGCCTCGGGCTCAA,0,5242816
yqjE_yqjK_yqjD_yqjC_predicted,0.16666666666666666,5,5,TGAGAAAGAAGGGGTTGTGG,0,5253941
yqjE_yqjK_yqjD_yqjC_predicted,0.16666666666666666,5,5,TGACTGCACCGTTTCCAGAA,0,5221066
yqjE_yqjK_yqjD_yqjC_predicted,0.16666666666666666,5,5,TGACGACAATATTGTGGTTT,0,5208361
yqjE_yqjK_yqjD_yqjC_predicted,0.16666666666666666,5,5,TGACATCTGACACCAGCACA,0,5192181
yqjE_yqjK_yqjD_yqjC_predicted,0.16666666666666666,5,5,TGAAGTCAGTCCACGCGTCA,0,5173065
yqjE_yqjK_yqjD_yqjC_predicted,0.16666666666666666,5,5,TGAAGCGTACGTAGTCTTCC,0,5175032
yqjE_yqjK_yqjD_yqjC_predicted,0.16666666666666666,5,5,TGAACCAAGCCTCTCGTCGC,0,5256111
yqjE_yqjK_yqjD_yqjC_predicted,0.16666666666666666,5,5,TGAAACCGAGAGAGAGTCTC,0,5207345
yqjE_yqjK_yqjD_yqjC_predicted,0.16666666666666666,5,5,TCTTTGACCATCATTATCTG,0,5239532
yqjE_yqjK_yqjD_yqjC_predicted,0.16666666666666666,5,5,TCTTGAGAGGGATCAAGATT,0,5176308
yqjE_yqjK_yqjD_yqjC_predicted,0.16666666666666666,5,5,TCTGTATGGACTTCCATTCG,0,5222318
yqjE_yqjK_yqjD_yqjC_predicted,0.16666666666666666,5,5,TCTGGAATCTACATAAAGGT,0,5181211
yqjE_yqjK_yqjD_yqjC_predicted,0.16666666666666666,5,5,TCTGAACGCGACCCCAGCCA,0,5220684
yqjE_yqjK_yqjD_yqjC_predicted,0.16666666666666666,5,5,TCTCTTCTGCAGTAGACGCG,0,5215096
yqjE_yqjK_yqjD_yqjC_predicted,0.16666666666666666,5,5,TCTCGTACCCGACGAGGCTA,0,5248450
yqjE_yqjK_yqjD_yqjC_predicted,0.16666666666666666,5,5,TCTCCAGGCACGCGAGGGCG,0,5208659
yqjE_yqjK_yqjD_yqjC_predicted,0.16666666666666666,5,5,TCTCAGAGGCAACGGGCTGG,0,5242940
yqjE_yqjK_yqjD_yqjC_predicted,0.16666666666666666,5,5,TCTAATTTTCGATTTGATTC,0,5202830
yqjE_yqjK_yqjD_yqjC_predicted,0.16666666666666666,5,5,TCGTTCGTCACAGTCATTTC,0,5191640
yqjE_yqjK_yqjD_yqjC_predicted,0.16666666666666666,5,5,TCGTTACCCCCAACAGCATA,0,5178794
yqjE_yqjK_yqjD_yqjC_predicted,0.16666666666666666,5,5,TCGTGTGCCGGTAATAAAAT,0,5198203
yqjE_yqjK_yqjD_yqjC_predicted,0.16666666666666666,5,5,TCGTGGTGGGATCTCGGGTG,0,5205732
yqjE_yqjK_yqjD_yqjC_predicted,0.16666666666666666,5,5,TCGTGGGTTCACAGAACATC,0,5191022
yqjE_yqjK_yqjD_yqjC_predicted,0.16666666666666666,5,5,TCGTGGAAAAAAGAGCTCCA,0,5176442
yqjE_yqjK_yqjD_yqjC_predicted,0.16666666666666666,5,5,TCGTGCAGCATTGGACGTGA,0,5257837
yqjE_yqjK_yqjD_yqjC_predicted,0.16666666666666666,5,5,TCGTATCGAGGCCACCTGGT,0,5197954
yqjE_yqjK_yqjD_yqjC_predicted,0.16666666666666666,5,5,TCGTAGTGCTAGCATGGACA,0,5201164
yqjE_yqjK_yqjD_yqjC_predicted,0.16666666666666666,5,5,TCGTACGCACCAAAGTGTCC,0,5214438
yqjE_yqjK_yqjD_yqjC_predicted,0.16666666666666666,5,5,TCGGTGCACGCAACACGATG,0,5190268
yqjE_yqjK_yqjD_yqjC_predicted,0.16666666666666666,5,5,TCGGTACTATTGTACGAAAG,0,5199078
yqjE_yqjK_yqjD_yqjC_predicted,0.16666666666666666,5,5,TCGGGTTGTTGTCACAATGA,0,5189832
yqjE_yqjK_yqjD_yqjC_predicted,0.16666666666666666,5,5,TCGGGTCCGCCTAGTACTGA,0,5189071
yqjE_yqjK_yqjD_yqjC_predicted,0.16666666666666666,5,5,TCGGGAGTATGGGCAAAAGT,0,5255813
yqjE_yqjK_yqjD_yqjC_predicted,0.16666666666666666,5,5,TCGCTAGGTTGTATTGTCAT,0,5225230
yqjE_yqjK_yqjD_yqjC_predicted,0.16666666666666666,5,5,TCGCTACTCGAATAACAGGT,0,5230457
yqjE_yqjK_yqjD_yqjC_predicted,0.16666666666666666,5,5,TCGCCGCGCCTCGCACACAG,0,5202693
yqjE_yqjK_yqjD_yqjC_predicted,0.16666666666666666,5,5,TCGCATCGTCAGCCTCTCGG,0,5185455
yqjE_yqjK_yqjD_yqjC_predicted,0.16666666666666666,5,5,TCGCAAGGTTACATATACTC,0,5253690
yqjE_yqjK_yqjD_yqjC_predicted,0.16666666666666666,5,5,TCGCAAAATTCGTTGGTCCA,0,5219468
yqjE_yqjK_yqjD_yqjC_predicted,0.16666666666666666,5,5,TCGATGGCATACAGTTTCCG,0,5235004
yqjE_yqjK_yqjD_yqjC_predicted,0.16666666666666666,5,5,TCGATCTGTAACTGAGATTT,0,5244043
yqjE_yqjK_yqjD_yqjC_predicted,0.16666666666666666,5,5,TCGAGTGAAACTGGGCAGAA,0,5208289
yqjE_yqjK_yqjD_yqjC_predicted,0.16666666666666666,5,5,TCGAGCAGGCAGTGATGAAG,0,5202863
yqjE_yqjK_yqjD_yqjC_predicted,0.16666666666666666,5,5,TCGACTCTGGATATGCGACA,0,5185008
yqjE_yqjK_yqjD_yqjC_predicted,0.16666666666666666,5,5,TCGACGTTGCATGCTCTCAT,0,5220057
yqjE_yqjK_yqjD_yqjC_predicted,0.16666666666666666,5,5,TCGACCCTTTATTAAAAAAT,0,5218253
yqjE_yqjK_yqjD_yqjC_predicted,0.16666666666666666,5,5,TCGACAAAGCTAAATAGTGC,0,5228253
yqjE_yqjK_yqjD_yqjC_predicted,0.16666666666666666,5,5,TCGAATTGTCAGGGCGATGA,0,5228976
yqjE_yqjK_yqjD_yqjC_predicted,0.16666666666666666,5,5,TCGAATATCATGTGCAAAAA,0,5173187
yqjE_yqjK_yqjD_yqjC_predicted,0.16666666666666666,5,5,TCGAAGCGTAGACCATCGTA,0,5235427
yqjE_yqjK_yqjD_yqjC_predicted,0.16666666666666666,5,5,TCGAACCGGGAACAGTAGAC,0,5245020
yqjE_yqjK_yqjD_yqjC_predicted,0.16666666666666666,5,5,TCCTTACCAATTCGAGACGA,0,5253418
yqjE_yqjK_yqjD_yqjC_predicted,0.16666666666666666,5,5,TCCTCGCTCTGTATAGAGCT,0,5218396
yqjE_yqjK_yqjD_yqjC_predicted,0.16666666666666666,5,5,TCCTATCGTAAAGCTGTTTC,0,5223124
yqjE_yqjK_yqjD_yqjC_predicted,0.16666666666666666,5,5,TCCGTATAAGGCTTTCTAGC,0,5256026
yqjE_yqjK_yqjD_yqjC_predicted,0.16666666666666666,5,5,TCCGCTTAGCTGCCATAAGG,0,5198053
yqjE_yqjK_yqjD_yqjC_predicted,0.16666666666666666,5,5,TCCGCCGGTCCAATGTGCAT,0,5177849
yqjE_yqjK_yqjD_yqjC_predicted,0.16666666666666666,5,5,TCCGATAACCAAGGTGAGGG,0,5222778
yqjE_yqjK_yqjD_yqjC_predicted,0.16666666666666666,5,5,TCCGATAAAGGACTCCTAAA,0,5217226
yqjE_yqjK_yqjD_yqjC_predicted,0.16666666666666666,5,5,TCCCTTCGGCTAGGTGCTAT,0,5179870
yqjE_yqjK_yqjD_yqjC_predicted,0.16666666666666666,5,5,TCCCTAGTCATTTGCTCGCA,0,5175459
yqjE_yqjK_yqjD_yqjC_predicted,0.16666666666666666,5,5,TCCCGCAGTCAACTTAAGCC,0,5209685
yqjE_yqjK_yqjD_yqjC_predicted,0.16666666666666666,5,5,TCCCCCAGAGCGATAGTAGC,0,5211480
yqjE_yqjK_yqjD_yqjC_predicted,0.16666666666666666,5,5,TCCCCAGTGAGACGCGGTGA,0,5208669
yqjE_yqjK_yqjD_yqjC_predicted,0.16666666666666666,5,5,TCCCATGTGAGCAACCGTGC,0,5188408
yqjE_yqjK_yqjD_yqjC_predicted,0.16666666666666666,5,5,TCCATTCTCCAGTAAGTTTC,0,5257262
yqjE_yqjK_yqjD_yqjC_predicted,0.16666666666666666,5,5,TCCATGGTTAGGCACCGGGA,0,5184513
yqjE_yqjK_yqjD_yqjC_predicted,0.16666666666666666,5,5,TCATTATTATAGTGCGCCTC,0,5194987
yqjE_yqjK_yqjD_yqjC_predicted,0.16666666666666666,5,5,TCATGGAAGGGCTCGGCTAG,0,5239132
yqjE_yqjK_yqjD_yqjC_predicted,0.16666666666666666,5,5,TCATGCTGTATGACGACGTA,0,5237155
yqjE_yqjK_yqjD_yqjC_predicted,0.16666666666666666,5,5,TCATGATTGAACGTAGTGGC,0,5207074
yqjE_yqjK_yqjD_yqjC_predicted,0.16666666666666666,5,5,TCATAGAGTGTATCGGCCGA,0,5250139
yqjE_yqjK_yqjD_yqjC_predicted,0.16666666666666666,5,5,TCATAATTAGGTTATGAAAG,0,5196894
yqjE_yqjK_yqjD_yqjC_predicted,0.16666666666666666,5,5,TCAGTTGTACGGCGTGTATA,0,5249477
yqjE_yqjK_yqjD_yqjC_predicted,0.16666666666666666,5,5,TCAGGGGCTCTGGCCTATTA,0,5189603
yqjE_yqjK_yqjD_yqjC_predicted,0.16666666666666666,5,5,TCAGCGGCTAAGCGAACCAT,0,5260265
yqjE_yqjK_yqjD_yqjC_predicted,0.16666666666666666,5,5,TCAGCAATTAAGCCAGCTAC,0,5238464
yqjE_yqjK_yqjD_yqjC_predicted,0.16666666666666666,5,5,TCACTTTGCTACGGATATTA,0,5175791
yqjE_yqjK_yqjD_yqjC_predicted,0.16666666666666666,5,5,TCACCCAACGTTGGTTCAGG,0,5240979
yqjE_yqjK_yqjD_yqjC_predicted,0.16666666666666666,5,5,TCACATTAAAGGCTAAATAA,0,5247506
yqjE_yqjK_yqjD_yqjC_predicted,0.16666666666666666,5,5,TCACAGTTGTGTGCGCTGGA,0,5187672
yqjE_yqjK_yqjD_yqjC_predicted,0.16666666666666666,5,5,TCACAGATGTAGTGAGTTAT,0,5254685
yqjE_yqjK_yqjD_yqjC_predicted,0.16666666666666666,5,5,TCACACATTCTGTATAATGT,0,5177731
yqjE_yqjK_yqjD_yqjC_predicted,0.16666666666666666,5,5,TCAAGTGCCGATCAATCGGC,0,5258339
yqjE_yqjK_yqjD_yqjC_predicted,0.16666666666666666,5,5,TCAAAGGTAAAAATTGATTA,0,5182561
yqjE_yqjK_yqjD_yqjC_predicted,0.16666666666666666,5,5,TATTACAGCCGATTTGGGGA,0,5221683
yqjE_yqjK_yqjD_yqjC_predicted,0.16666666666666666,5,5,TATGGTCCGGTGGAGTGTGA,0,5220649
yqjE_yqjK_yqjD_yqjC_predicted,0.16666666666666666,5,5,TATGGGTTAGCCCCATACCA,0,5175374
yqjE_yqjK_yqjD_yqjC_predicted,0.16666666666666666,5,5,TATGGCGAGTCGAGGCATAC,0,5254793
yqjE_yqjK_yqjD_yqjC_predicted,0.16666666666666666,5,5,TATGGAAGACAGGCGAGGTC,0,5196432
yqjE_yqjK_yqjD_yqjC_predicted,0.16666666666666666,5,5,TATGCCGAGCGGCCGGGGAT,0,5225683
yqjE_yqjK_yqjD_yqjC_predicted,0.16666666666666666,5,5,TATGACGTTCACCGGTCCCA,0,5177540
yqjE_yqjK_yqjD_yqjC_predicted,0.16666666666666666,5,5,TATCTATAGTTGGTAGGTGT,0,5209942
yqjE_yqjK_yqjD_yqjC_predicted,0.16666666666666666,5,5,TATCGGGGATTCCGACATAA,0,5204787
yqjE_yqjK_yqjD_yqjC_predicted,0.16666666666666666,5,5,TATCGAGTTGAAGAAGAGTT,0,5192476
yqjE_yqjK_yqjD_yqjC_predicted,0.16666666666666666,5,5,TATCCCTAGCAGGGTACGAA,0,5231896
yqjE_yqjK_yqjD_yqjC_predicted,0.16666666666666666,5,5,TATAAGTTTCGTCGCGCCGT,0,5189728
yqjE_yqjK_yqjD_yqjC_predicted,0.16666666666666666,5,5,TAGGGTCCAGGTGATCTACA,0,5245288
yqjE_yqjK_yqjD_yqjC_predicted,0.16666666666666666,5,5,TAGGGCCACCCAACTGGTAC,0,5246510
yqjE_yqjK_yqjD_yqjC_predicted,0.16666666666666666,5,5,TAGGCTGCCTGTGGATTGGG,0,5204103
yqjE_yqjK_yqjD_yqjC_predicted,0.16666666666666666,5,5,TAGGCCTCTGGGATGTTGCC,0,5179117
yqjE_yqjK_yqjD_yqjC_predicted,0.16666666666666666,5,5,TAGGAGAGAGCACCTCGGAG,0,5252896
yqjE_yqjK_yqjD_yqjC_predicted,0.16666666666666666,5,5,TAGCTTACACCGCTGGTAGA,0,5174224
yqjE_yqjK_yqjD_yqjC_predicted,0.16666666666666666,5,5,TAGCGCTGGATATTATAATC,0,5205264
yqjE_yqjK_yqjD_yqjC_predicted,0.16666666666666666,5,5,TAGCCGCACATAGGTATGTG,0,5175964
yqjE_yqjK_yqjD_yqjC_predicted,0.16666666666666666,5,5,TAGAGTAGTTCCGGCGTTAT,0,5189835
yqjE_yqjK_yqjD_yqjC_predicted,0.16666666666666666,5,5,TAGAATCATTTGCTTATGAA,0,5171330
yqjE_yqjK_yqjD_yqjC_predicted,0.16666666666666666,5,5,TACTGATCCAGGCGTGCTCA,0,5253293
yqjE_yqjK_yqjD_yqjC_predicted,0.16666666666666666,5,5,TACTGATCAAGTTATGCGAG,0,5235623
yqjE_yqjK_yqjD_yqjC_predicted,0.16666666666666666,5,5,TACTCGGCAGATCGGGGAAG,0,5199538
yqjE_yqjK_yqjD_yqjC_predicted,0.16666666666666666,5,5,TACTAGATTGAGTAGGGAAG,0,5172203
yqjE_yqjK_yqjD_yqjC_predicted,0.16666666666666666,5,5,TACGTTCTTGTTTACCGGAA,0,5242667
yqjE_yqjK_yqjD_yqjC_predicted,0.16666666666666666,5,5,TACGTCCATTTTAGTGCCGG,0,5181077
yqjE_yqjK_yqjD_yqjC_predicted,0.16666666666666666,5,5,TACGGCGTGAATGGCGCTAG,0,5254120
yqjE_yqjK_yqjD_yqjC_predicted,0.16666666666666666,5,5,TACGCTCTTAGTTGGGAGAT,0,5232947
yqjE_yqjK_yqjD_yqjC_predicted,0.16666666666666666,5,5,TACGACAAAGATCACATTGA,0,5208824
yqjE_yqjK_yqjD_yqjC_predicted,0.16666666666666666,5,5,TACCTTAGATTCTATGCTTA,0,5208916
yqjE_yqjK_yqjD_yqjC_predicted,0.16666666666666666,5,5,TACCTATTCAACATCGATAT,0,5173930
yqjE_yqjK_yqjD_yqjC_predicted,0.16666666666666666,5,5,TACCTATGTGTTGCTCTGAC,0,5200884
yqjE_yqjK_yqjD_yqjC_predicted,0.16666666666666666,5,5,TACCAGTAGTATGGCGCGTT,0,5229716
yqjE_yqjK_yqjD_yqjC_predicted,0.16666666666666666,5,5,TACAGTTATGTCCGTCGTTG,0,5244571
yqjE_yqjK_yqjD_yqjC_predicted,0.16666666666666666,5,5,TACAGTGACGGATCGACATC,0,5185541
yqjE_yqjK_yqjD_yqjC_predicted,0.16666666666666666,5,5,TACAGGTTGATTGGAACAGG,0,5207996
yqjE_yqjK_yqjD_yqjC_predicted,0.16666666666666666,5,5,TACAACATATTCAGCCCCGT,0,5227718
yqjE_yqjK_yqjD_yqjC_predicted,0.16666666666666666,5,5,TAATTGTAAGAGTGTTGGTA,0,5244566
yqjE_yqjK_yqjD_yqjC_predicted,0.16666666666666666,5,5,TAATGATTACATAATCTTGC,0,5210109
yqjE_yqjK_yqjD_yqjC_predicted,0.16666666666666666,5,5,TAATCTTGACACGCTTTGTC,0,5201204
yqjE_yqjK_yqjD_yqjC_predicted,0.16666666666666666,5,5,TAAGTTTTATTAGGCTGATA,0,5240048
yqjE_yqjK_yqjD_yqjC_predicted,0.16666666666666666,5,5,TAAGTGTAAGAAGGCTTCAT,0,5225080
yqjE_yqjK_yqjD_yqjC_predicted,0.16666666666666666,5,5,TAAGCGGTCATCAGCATCGC,0,5234805
yqjE_yqjK_yqjD_yqjC_predicted,0.16666666666666666,5,5,TAAGATCCTTCTTATTAGAT,0,5185735
yqjE_yqjK_yqjD_yqjC_predicted,0.16666666666666666,5,5,TAAGAGGCCAGGGGAAGGTA,0,5230920
yqjE_yqjK_yqjD_yqjC_predicted,0.16666666666666666,5,5,TAAGACACGACCAGGCGGCC,0,5233823
yqjE_yqjK_yqjD_yqjC_predicted,0.16666666666666666,5,5,TAAGAATCTGTTACTTGGAA,0,5216826
yqjE_yqjK_yqjD_yqjC_predicted,0.16666666666666666,5,5,TAACGCGCCAGCTCCCGAGT,0,5186631
yqjE_yqjK_yqjD_yqjC_predicted,0.16666666666666666,5,5,TAAATATTGGGACGGAGCTG,0,5240043
yqjE_yqjK_yqjD_yqjC_predicted,0.16666666666666666,5,5,TAAAGTACATGCTTGCAGCA,0,5176022
yqjE_yqjK_yqjD_yqjC_predicted,0.16666666666666666,5,5,TAAAGGGGGCCGCGCGATCT,0,5239420
yqjE_yqjK_yqjD_yqjC_predicted,0.16666666666666666,5,5,TAAAAGGGAACAGCGCCACT,0,5177112
yqjE_yqjK_yqjD_yqjC_predicted,0.16666666666666666,5,5,TAAAAAGACTTTTTAGCATA,0,5247158
yqjE_yqjK_yqjD_yqjC_predicted,0.16666666666666666,5,5,GTTTGGAAGGTCAGACTTCT,0,5252357
yqjE_yqjK_yqjD_yqjC_predicted,0.16666666666666666,5,5,GTTTAGGATTACGACCGTAA,0,5211962
yqjE_yqjK_yqjD_yqjC_predicted,0.16666666666666666,5,5,GTTTAGCGATCAAATGGTCC,0,5193871
yqjE_yqjK_yqjD_yqjC_predicted,0.16666666666666666,5,5,GTTGTTACGTACGAGAGGAA,0,5258175
yqjE_yqjK_yqjD_yqjC_predicted,0.16666666666666666,5,5,GTTGCTCTACGGAGCCAGCC,0,5187400
yqjE_yqjK_yqjD_yqjC_predicted,0.16666666666666666,5,5,GTTGCTAATGCCGACTGGTT,0,5217676
yqjE_yqjK_yqjD_yqjC_predicted,0.16666666666666666,5,5,GTTGCGTGTAGAACCGTCAA,0,5224199
yqjE_yqjK_yqjD_yqjC_predicted,0.16666666666666666,5,5,GTTGCAAGTACGGCACTCAT,0,5252706
yqjE_yqjK_yqjD_yqjC_predicted,0.16666666666666666,5,5,GTTGACGGGAGACGACCGAC,0,5171889
yqjE_yqjK_yqjD_yqjC_predicted,0.16666666666666666,5,5,GTTCGCTGATGCTGGGACTC,0,5187049
yqjE_yqjK_yqjD_yqjC_predicted,0.16666666666666666,5,5,GTTCGAATCGTCGTATGGTT,0,5247767
yqjE_yqjK_yqjD_yqjC_predicted,0.16666666666666666,5,5,GTTCAACCGCCTAGATCAGG,0,5223202
yqjE_yqjK_yqjD_yqjC_predicted,0.16666666666666666,5,5,GTTATTTGTATTTCTCTCAA,0,5183522
yqjE_yqjK_yqjD_yqjC_predicted,0.16666666666666666,5,5,GTTATAATCGCCACAGGTGG,0,5241476
yqjE_yqjK_yqjD_yqjC_predicted,0.16666666666666666,5,5,GTTAGCCGGTCGCTTAACTA,0,5262995
yqjE_yqjK_yqjD_yqjC_predicted,0.16666666666666666,5,5,GTTACCGAAGCTCATATTTA,0,5209973
yqjE_yqjK_yqjD_yqjC_predicted,0.16666666666666666,5,5,GTTAATGGCGCCTCATTTAG,0,5213958
yqjE_yqjK_yqjD_yqjC_predicted,0.16666666666666666,5,5,GTTAATCCCGCTCTCACTCC,0,5240027
yqjE_yqjK_yqjD_yqjC_predicted,0.16666666666666666,5,5,GTGTTTCGTTCCTTAGGATG,0,5205910
yqjE_yqjK_yqjD_yqjC_predicted,0.16666666666666666,5,5,GTGTTAAGCATAGTGCTACG,0,5248347
yqjE_yqjK_yqjD_yqjC_predicted,0.16666666666666666,5,5,GTGTTAAAAACATATGTACA,0,5248991
yqjE_yqjK_yqjD_yqjC_predicted,0.16666666666666666,5,5,GTGTGGAAGGTAGGTATTTC,0,5214217
yqjE_yqjK_yqjD_yqjC_predicted,0.16666666666666666,5,5,GTGTGCCCCCCCATATTCAT,0,5253997
yqjE_yqjK_yqjD_yqjC_predicted,0.16666666666666666,5,5,GTGTCTCGCTATTGACCACG,0,5242271
yqjE_yqjK_yqjD_yqjC_predicted,0.16666666666666666,5,5,GTGGTGCAATCTGAAACACG,0,5258209
yqjE_yqjK_yqjD_yqjC_predicted,0.16666666666666666,5,5,GTGGTCAGTGAACCTTATAC,0,5230623
yqjE_yqjK_yqjD_yqjC_predicted,0.16666666666666666,5,5,GTGGCTCGGAAGGTGTACGA,0,5233584
yqjE_yqjK_yqjD_yqjC_predicted,0.16666666666666666,5,5,GTGGATAAAAGCAGGAGTTA,0,5213709
yqjE_yqjK_yqjD_yqjC_predicted,0.16666666666666666,5,5,GTGGAGGATCTCTAAAGGTA,0,5197769
yqjE_yqjK_yqjD_yqjC_predicted,0.16666666666666666,5,5,GTGCTGATTTCCAGACAACA,0,5197045
yqjE_yqjK_yqjD_yqjC_predicted,0.16666666666666666,5,5,GTGCTGACCAGCGTCCATAG,0,5230362
yqjE_yqjK_yqjD_yqjC_predicted,0.16666666666666666,5,5,GTGCGTGTCAGCTATGGGGC,0,5181696
yqjE_yqjK_yqjD_yqjC_predicted,0.16666666666666666,5,5,GTGATTGAGCGGTGAGCCCA,0,5192578
yqjE_yqjK_yqjD_yqjC_predicted,0.16666666666666666,5,5,GTGATGAGTAATAGTTCCTG,0,5185270
yqjE_yqjK_yqjD_yqjC_predicted,0.16666666666666666,5,5,GTGAGCGAGTGCCCTGTTCA,0,5176738
yqjE_yqjK_yqjD_yqjC_predicted,0.16666666666666666,5,5,GTGAGCCGGTCAACCCATCA,0,5173641
yqjE_yqjK_yqjD_yqjC_predicted,0.16666666666666666,5,5,GTCTTGAGTTTTTTAAACTA,0,5179775
yqjE_yqjK_yqjD_yqjC_predicted,0.16666666666666666,5,5,GTCTTCGCTTTAGACTCCTC,0,5238537
yqjE_yqjK_yqjD_yqjC_predicted,0.16666666666666666,5,5,GTCTTCCACCACGTGTGCAG,0,5212739
yqjE_yqjK_yqjD_yqjC_predicted,0.16666666666666666,5,5,GTCTCCCATGAGAGTTCGCC,0,5194039
yqjE_yqjK_yqjD_yqjC_predicted,0.16666666666666666,5,5,GTCTAGTACTATTTTTTAAT,0,5219490
yqjE_yqjK_yqjD_yqjC_predicted,0.16666666666666666,5,5,GTCTAGGACATTATAGGAAT,0,5205656
yqjE_yqjK_yqjD_yqjC_predicted,0.16666666666666666,5,5,GTCTAAGGGCAAATGCATAT,0,5183072
yqjE_yqjK_yqjD_yqjC_predicted,0.16666666666666666,5,5,GTCGGGGTGAATAGTTTGAC,0,5251861
yqjE_yqjK_yqjD_yqjC_predicted,0.16666666666666666,5,5,GTCGGAATGCACGTTGATAT,0,5232700
yqjE_yqjK_yqjD_yqjC_predicted,0.16666666666666666,5,5,GTCGCTGGACTGTATCGGGG,0,5256295
yqjE_yqjK_yqjD_yqjC_predicted,0.16666666666666666,5,5,GTCCTCGCATTGCCAAAATC,0,5239617
yqjE_yqjK_yqjD_yqjC_predicted,0.16666666666666666,5,5,GTCCGGGCAATGGGTTTTGG,0,5247389
yqjE_yqjK_yqjD_yqjC_predicted,0.16666666666666666,5,5,GTCCGAAATGCGCCTTTGCG,0,5249323
yqjE_yqjK_yqjD_yqjC_predicted,0.16666666666666666,5,5,GTCCAGTGGTTGGTCTGTCA,0,5222719
yqjE_yqjK_yqjD_yqjC_predicted,0.16666666666666666,5,5,GTCATAAAGCTCGACTGGGT,0,5245519
yqjE_yqjK_yqjD_yqjC_predicted,0.16666666666666666,5,5,GTCAGCCTAATAGGGTCCTC,0,5233960
yqjE_yqjK_yqjD_yqjC_predicted,0.16666666666666666,5,5,GTATTTACATATTTTAAGCG,0,5223130
yqjE_yqjK_yqjD_yqjC_predicted,0.16666666666666666,5,5,GTATCTGTTCTCATAAGCAA,0,5183256
yqjE_yqjK_yqjD_yqjC_predicted,0.16666666666666666,5,5,GTATACGTCTCTCTGCAGCT,0,5213346
yqjE_yqjK_yqjD_yqjC_predicted,0.16666666666666666,5,5,GTATACGACGGACGTGACGG,0,5261858
yqjE_yqjK_yqjD_yqjC_predicted,0.16666666666666666,5,5,GTATACCAGGTCTTCATGGT,0,5188876
yqjE_yqjK_yqjD_yqjC_predicted,0.16666666666666666,5,5,GTATAAGAGCTATAGTATAA,0,5242392
yqjE_yqjK_yqjD_yqjC_predicted,0.16666666666666666,5,5,GTAGTGGGAGAGGGATGAAG,0,5192751
yqjE_yqjK_yqjD_yqjC_predicted,0.16666666666666666,5,5,GTAGGGGGATAATACACTAT,0,5181483
yqjE_yqjK_yqjD_yqjC_predicted,0.16666666666666666,5,5,GTAGGGCAAGCGGGTCTAAT,0,5236488
yqjE_yqjK_yqjD_yqjC_predicted,0.16666666666666666,5,5,GTAGGCCTATCCCGGGAGAG,0,5175333
yqjE_yqjK_yqjD_yqjC_predicted,0.16666666666666666,5,5,GTAGGAACGGCTAACCTGTG,0,5225509
yqjE_yqjK_yqjD_yqjC_predicted,0.16666666666666666,5,5,GTAGCCTGCCGGGTAAAATC,0,5178229
yqjE_yqjK_yqjD_yqjC_predicted,0.16666666666666666,5,5,GTAGCATTTTCATAAAGATG,0,5208369
yqjE_yqjK_yqjD_yqjC_predicted,0.16666666666666666,5,5,GTAGATGGGGTGTACCGGTA,0,5190056
yqjE_yqjK_yqjD_yqjC_predicted,0.16666666666666666,5,5,GTAGACGCCTTTTACATTAC,0,5181251
yqjE_yqjK_yqjD_yqjC_predicted,0.16666666666666666,5,5,GTACTGATCATACGCCAGAT,0,5172475
yqjE_yqjK_yqjD_yqjC_predicted,0.16666666666666666,5,5,GTACTCTCACACAACAGGGA,0,5248888
yqjE_yqjK_yqjD_yqjC_predicted,0.16666666666666666,5,5,GTACGTATCGATTAGAAGGT,0,5232608
yqjE_yqjK_yqjD_yqjC_predicted,0.16666666666666666,5,5,GTACCTCAGCGTCCGTGCGG,0,5206467
yqjE_yqjK_yqjD_yqjC_predicted,0.16666666666666666,5,5,GTACACTTACGTTCGAGACG,0,5177465
yqjE_yqjK_yqjD_yqjC_predicted,0.16666666666666666,5,5,GTAAGTAACTGTTGGTATGC,0,5213117
yqjE_yqjK_yqjD_yqjC_predicted,0.16666666666666666,5,5,GTAAGGCTACACTTCCCACA,0,5232463
yqjE_yqjK_yqjD_yqjC_predicted,0.16666666666666666,5,5,GTAAGAGTGACCCACCAAGG,0,5200168
yqjE_yqjK_yqjD_yqjC_predicted,0.16666666666666666,5,5,GGTTTCCGATGCGCGAGCTT,0,5208154
yqjE_yqjK_yqjD_yqjC_predicted,0.16666666666666666,5,5,GGTTGAACTCCGCTGGCAAG,0,5220896
yqjE_yqjK_yqjD_yqjC_predicted,0.16666666666666666,5,5,GGTTATTTTAACCCAGGGAA,0,5199527
yqjE_yqjK_yqjD_yqjC_predicted,0.16666666666666666,5,5,GGTTACTCCGGTTATCTCGC,0,5171656
yqjE_yqjK_yqjD_yqjC_predicted,0.16666666666666666,5,5,GGTTAATGCTGACGAACGCT,0,5178042
yqjE_yqjK_yqjD_yqjC_predicted,0.16666666666666666,5,5,GGTGGCGTTACGCAACAGGT,0,5245611
yqjE_yqjK_yqjD_yqjC_predicted,0.16666666666666666,5,5,GGTGGACTGTGTGGCTTTGC,0,5234921
yqjE_yqjK_yqjD_yqjC_predicted,0.16666666666666666,5,5,GGTGCAGCTCGTCGCCACGA,0,5181905
yqjE_yqjK_yqjD_yqjC_predicted,0.16666666666666666,5,5,GGTGACTGCTGGTACGATGT,0,5221848
yqjE_yqjK_yqjD_yqjC_predicted,0.16666666666666666,5,5,GGTCTGTGGAGGACAGTGGA,0,5206389
yqjE_yqjK_yqjD_yqjC_predicted,0.16666666666666666,5,5,GGTCGGTCAGACGTGCGAGA,0,5241036
yqjE_yqjK_yqjD_yqjC_predicted,0.16666666666666666,5,5,GGTCCGGAAGAACACATAGA,0,5179971
yqjE_yqjK_yqjD_yqjC_predicted,0.16666666666666666,5,5,GGTCCCCAGATTATCCCCTA,0,5245197
yqjE_yqjK_yqjD_yqjC_predicted,0.16666666666666666,5,5,GGTCAAGATGTTAATACCGA,0,5235164
yqjE_yqjK_yqjD_yqjC_predicted,0.16666666666666666,5,5,GGTCAAAGGTCACTCTTAAT,0,5209868
yqjE_yqjK_yqjD_yqjC_predicted,0.16666666666666666,5,5,GGTAGATTGCATGCCGGAAA,0,5248448
yqjE_yqjK_yqjD_yqjC_predicted,0.16666666666666666,5,5,GGTAGACTCGGTCTTTAGAC,0,5251792
yqjE_yqjK_yqjD_yqjC_predicted,0.16666666666666666,5,5,GGTACGGTGCTCCACTATTA,0,5231274
yqjE_yqjK_yqjD_yqjC_predicted,0.16666666666666666,5,5,GGGTTGCTACCTTCAGGTAT,0,5193171
yqjE_yqjK_yqjD_yqjC_predicted,0.16666666666666666,5,5,GGGTGAGACTCTCATTAGCG,0,5186732
yqjE_yqjK_yqjD_yqjC_predicted,0.16666666666666666,5,5,GGGTCATCATTGGGGGCAAA,0,5254682
yqjE_yqjK_yqjD_yqjC_predicted,0.16666666666666666,5,5,GGGTATGCCTCCATCTTATA,0,5216228
yqjE_yqjK_yqjD_yqjC_predicted,0.16666666666666666,5,5,GGGTAGCTAGTCACTTAGGG,0,5223964
yqjE_yqjK_yqjD_yqjC_predicted,0.16666666666666666,5,5,GGGTAAGCATTTAGACTCAC,0,5259990
yqjE_yqjK_yqjD_yqjC_predicted,0.16666666666666666,5,5,GGGGGCAACAGCGTTTGGTT,0,5239563
yqjE_yqjK_yqjD_yqjC_predicted,0.16666666666666666,5,5,GGGGGATGTTATCTGCAAAG,0,5193166
yqjE_yqjK_yqjD_yqjC_predicted,0.16666666666666666,5,5,GGGGCGCGTCGTATCAAACA,0,5236556
yqjE_yqjK_yqjD_yqjC_predicted,0.16666666666666666,5,5,GGGGCCACATCATAGTTTCT,0,5246152
yqjE_yqjK_yqjD_yqjC_predicted,0.16666666666666666,5,5,GGGGCATATGGTAGAATTGA,0,5192173
yqjE_yqjK_yqjD_yqjC_predicted,0.16666666666666666,5,5,GGGGATCGTAGGGGGATCTA,0,5189225
yqjE_yqjK_yqjD_yqjC_predicted,0.16666666666666666,5,5,GGGGATAAAGAAATTGCAGC,0,5183547
yqjE_yqjK_yqjD_yqjC_predicted,0.16666666666666666,5,5,GGGGAACGCGTCTTGGCCGG,0,5231064
yqjE_yqjK_yqjD_yqjC_predicted,0.16666666666666666,5,5,GGGCTCTTCCTATCCGTTCT,0,5200903
yqjE_yqjK_yqjD_yqjC_predicted,0.16666666666666666,5,5,GGGCTACCCCGTTGAATTGA,0,5177413
yqjE_yqjK_yqjD_yqjC_predicted,0.16666666666666666,5,5,GGGCGCTTTTGGAGTATAGT,0,5193893
yqjE_yqjK_yqjD_yqjC_predicted,0.16666666666666666,5,5,GGGCGCATCAAGGACGGGGG,0,5195632
yqjE_yqjK_yqjD_yqjC_predicted,0.16666666666666666,5,5,GGGCAGGAGAGATGACTGGA,0,5209865
yqjE_yqjK_yqjD_yqjC_predicted,0.16666666666666666,5,5,GGGCAGGACGCATTCTGTCT,0,5244731
yqjE_yqjK_yqjD_yqjC_predicted,0.16666666666666666,5,5,GGGCACAGTGCGTAAGTCAA,0,5211548
yqjE_yqjK_yqjD_yqjC_predicted,0.16666666666666666,5,5,GGGATAGGCGCTATCCGGTT,0,5242545
yqjE_yqjK_yqjD_yqjC_predicted,0.16666666666666666,5,5,GGGAGTGCGCTGGTCCCCGG,0,5229314
yqjE_yqjK_yqjD_yqjC_predicted,0.16666666666666666,5,5,GGGAGTCTTTCATCAACCTG,0,5236138
yqjE_yqjK_yqjD_yqjC_predicted,0.16666666666666666,5,5,GGGAGGCCGTAGGACGGTAA,0,5220333
yqjE_yqjK_yqjD_yqjC_predicted,0.16666666666666666,5,5,GGGAGCTGGCAGCTTCGACT,0,5173879
yqjE_yqjK_yqjD_yqjC_predicted,0.16666666666666666,5,5,GGGAGCGAAGCCAACGACAC,0,5188819
yqjE_yqjK_yqjD_yqjC_predicted,0.16666666666666666,5,5,GGGAGAAGACAGTGCTATCT,0,5257245
yqjE_yqjK_yqjD_yqjC_predicted,0.16666666666666666,5,5,GGGAATCGATATACTTTTAT,0,5220831
yqjE_yqjK_yqjD_yqjC_predicted,0.16666666666666666,5,5,GGCTGACACTGTGACTATAC,0,5177528
yqjE_yqjK_yqjD_yqjC_predicted,0.16666666666666666,5,5,GGCTCCGAAGCCAATGTCAG,0,5199082
yqjE_yqjK_yqjD_yqjC_predicted,0.16666666666666666,5,5,GGCTATTGGAATCAAACTGA,0,5253999
yqjE_yqjK_yqjD_yqjC_predicted,0.16666666666666666,5,5,GGCGTGTTTCTGGGGGTTCC,0,5247319
yqjE_yqjK_yqjD_yqjC_predicted,0.16666666666666666,5,5,GGCGGGGTACTTATATATGC,0,5259807
yqjE_yqjK_yqjD_yqjC_predicted,0.16666666666666666,5,5,GGCGGCCAATGCTCAATGTT,0,5219735
yqjE_yqjK_yqjD_yqjC_predicted,0.16666666666666666,5,5,GGCGCCCCCGGGTTCGGTTA,0,5259551
yqjE_yqjK_yqjD_yqjC_predicted,0.16666666666666666,5,5,GGCGAGCGTTGACGTAATTC,0,5243939
yqjE_yqjK_yqjD_yqjC_predicted,0.16666666666666666,5,5,GGCGACCGATGAACGTAAAA,0,5234243
yqjE_yqjK_yqjD_yqjC_predicted,0.16666666666666666,5,5,GGCCCGTCAACCGTGGCCAA,0,5236693
yqjE_yqjK_yqjD_yqjC_predicted,0.16666666666666666,5,5,GGCCCATCGCAAAAACCCGG,0,5260723
yqjE_yqjK_yqjD_yqjC_predicted,0.16666666666666666,5,5,GGCCCACTAACTTTCCACAA,0,5235778
yqjE_yqjK_yqjD_yqjC_predicted,0.16666666666666666,5,5,GGCCATCAGGTTATTGAGTG,0,5186742
yqjE_yqjK_yqjD_yqjC_predicted,0.16666666666666666,5,5,GGCCACAGAAGCAACATTCC,0,5182887
yqjE_yqjK_yqjD_yqjC_predicted,0.16666666666666666,5,5,GGCATGGGACTTCAGCATAG,0,5186658
yqjE_yqjK_yqjD_yqjC_predicted,0.16666666666666666,5,5,GGCACGCGCGGGGGTAGGCC,0,5212125
yqjE_yqjK_yqjD_yqjC_predicted,0.16666666666666666,5,5,GGCAAAGCAATTTACTTCTT,0,5213121
yqjE_yqjK_yqjD_yqjC_predicted,0.16666666666666666,5,5,GGCAAACCATTGGTATCGCT,0,5239950
yqjE_yqjK_yqjD_yqjC_predicted,0.16666666666666666,5,5,GGATTTTGGTTTCACGGTGA,0,5239360
yqjE_yqjK_yqjD_yqjC_predicted,0.16666666666666666,5,5,GGATTCTAGTCAAAGGCTTA,0,5174378
yqjE_yqjK_yqjD_yqjC_predicted,0.16666666666666666,5,5,GGATTATGAGAGGTCCCGAC,0,5232819
yqjE_yqjK_yqjD_yqjC_predicted,0.16666666666666666,5,5,GGATCTTATTCGTCTTACGT,0,5200965
yqjE_yqjK_yqjD_yqjC_predicted,0.16666666666666666,5,5,GGATAGTGACGAGTCCGCGG,0,5224561
yqjE_yqjK_yqjD_yqjC_predicted,0.16666666666666666,5,5,GGAGTTTTAAGATCACGGGT,0,5260545
yqjE_yqjK_yqjD_yqjC_predicted,0.16666666666666666,5,5,GGAGGTGTAGGCAATGTTAT,0,5246280
yqjE_yqjK_yqjD_yqjC_predicted,0.16666666666666666,5,5,GGAGGTAATATCTAAGTACA,0,5209464
yqjE_yqjK_yqjD_yqjC_predicted,0.16666666666666666,5,5,GGAGGCTAGGAGCATCTCTA,0,5244694
yqjE_yqjK_yqjD_yqjC_predicted,0.16666666666666666,5,5,GGAGCTAGCCGAATCGACAC,0,5238808
yqjE_yqjK_yqjD_yqjC_predicted,0.16666666666666666,5,5,GGAGATGCAGCGAAAGCACA,0,5176246
yqjE_yqjK_yqjD_yqjC_predicted,0.16666666666666666,5,5,GGAGAGGCTCCACTGTCCTG,0,5239945
yqjE_yqjK_yqjD_yqjC_predicted,0.16666666666666666,5,5,GGACCGCTGGACAGCTGCGG,0,5183945
yqjE_yqjK_yqjD_yqjC_predicted,0.16666666666666666,5,5,GGACCAAGAGTAGGGGCGGG,0,5185994
yqjE_yqjK_yqjD_yqjC_predicted,0.16666666666666666,5,5,GGACAGGTGACCATTCGTGT,0,5173801
yqjE_yqjK_yqjD_yqjC_predicted,0.16666666666666666,5,5,GGACACCCCCAGAGGGGAAA,0,5251719
yqjE_yqjK_yqjD_yqjC_predicted,0.16666666666666666,5,5,GGAAGTTTATCGCACAAACA,0,5239603
yqjE_yqjK_yqjD_yqjC_predicted,0.16666666666666666,5,5,GGAAGTTATGGGAGGCACAT,0,5245059
yqjE_yqjK_yqjD_yqjC_predicted,0.16666666666666666,5,5,GCTTTTGCAAACGAATTACT,0,5218040
yqjE_yqjK_yqjD_yqjC_predicted,0.16666666666666666,5,5,GCTTTGTACCATTTGAACGA,0,5190433
yqjE_yqjK_yqjD_yqjC_predicted,0.16666666666666666,5,5,GCTTTAGGAGCACACCAATC,0,5203034
yqjE_yqjK_yqjD_yqjC_predicted,0.16666666666666666,5,5,GCTGTCCGGTCGTCTCGCCC,0,5257407
yqjE_yqjK_yqjD_yqjC_predicted,0.16666666666666666,5,5,GCTGTAATTGCCGAAGTTTC,0,5177794
yqjE_yqjK_yqjD_yqjC_predicted,0.16666666666666666,5,5,GCTGGGGCTTTAGGTTTGTA,0,5258536
yqjE_yqjK_yqjD_yqjC_predicted,0.16666666666666666,5,5,GCTGGGAAAAGAGGGACTGT,0,5207950
yqjE_yqjK_yqjD_yqjC_predicted,0.16666666666666666,5,5,GCTGCCTTGCACGAGTGCGA,0,5235492
yqjE_yqjK_yqjD_yqjC_predicted,0.16666666666666666,5,5,GCTGCAACTGAGCCGGATGA,0,5226867
yqjE_yqjK_yqjD_yqjC_predicted,0.16666666666666666,5,5,GCTGAAGTGCTCTCTCATTG,0,5171923
yqjE_yqjK_yqjD_yqjC_predicted,0.16666666666666666,5,5,GCTCTGGCCTCCGATACGGG,0,5242957
yqjE_yqjK_yqjD_yqjC_predicted,0.16666666666666666,5,5,GCTCGTTTGAGTATTGCCTC,0,5204164
yqjE_yqjK_yqjD_yqjC_predicted,0.16666666666666666,5,5,GCTCGTACCATGAAGCCACT,0,5180123
yqjE_yqjK_yqjD_yqjC_predicted,0.16666666666666666,5,5,GCTCGCGATTACTAGAGAAC,0,5190507
yqjE_yqjK_yqjD_yqjC_predicted,0.16666666666666666,5,5,GCTCATGGTAGACAACCAGA,0,5236998
yqjE_yqjK_yqjD_yqjC_predicted,0.16666666666666666,5,5,GCTATTACGAATGAGGTCAC,0,5234896
yqjE_yqjK_yqjD_yqjC_predicted,0.16666666666666666,5,5,GCTAGTTATTATCTAGATGT,0,5214425
yqjE_yqjK_yqjD_yqjC_predicted,0.16666666666666666,5,5,GCTAGGACTCAGGCATCCGG,0,5179556
yqjE_yqjK_yqjD_yqjC_predicted,0.16666666666666666,5,5,GCTACCTGTTTTCTTTTTAC,0,5219816
yqjE_yqjK_yqjD_yqjC_predicted,0.16666666666666666,5,5,GCTAATGTTACATGGCCCGT,0,5212249
yqjE_yqjK_yqjD_yqjC_predicted,0.16666666666666666,5,5,GCTAAAGCCGTGCCTCGCAT,0,5234764
yqjE_yqjK_yqjD_yqjC_predicted,0.16666666666666666,5,5,GCGTTGGGGACGAACTGTAC,0,5179357
yqjE_yqjK_yqjD_yqjC_predicted,0.16666666666666666,5,5,GCGTGCTATCGGGCTACCGT,0,5239735
yqjE_yqjK_yqjD_yqjC_predicted,0.16666666666666666,5,5,GCGTGCACGGTCAGCGCATC,0,5248883
yqjE_yqjK_yqjD_yqjC_predicted,0.16666666666666666,5,5,GCGTCTAACCCCTGCGTATC,0,5187141
yqjE_yqjK_yqjD_yqjC_predicted,0.16666666666666666,5,5,GCGGTTTAATTGACGGCTCA,0,5172750
yqjE_yqjK_yqjD_yqjC_predicted,0.16666666666666666,5,5,GCGGTGGAGTTTTTGGATTT,0,5213423
yqjE_yqjK_yqjD_yqjC_predicted,0.16666666666666666,5,5,GCGGGTAGATTATTTATATT,0,5210377
yqjE_yqjK_yqjD_yqjC_predicted,0.16666666666666666,5,5,GCGGGGGGAACATATAAGAT,0,5222173
yqjE_yqjK_yqjD_yqjC_predicted,0.16666666666666666,5,5,GCGGGAGTACGTCGATCTGG,0,5256742
yqjE_yqjK_yqjD_yqjC_predicted,0.16666666666666666,5,5,GCGGCTGCATTAAAGGTACA,0,5258270
yqjE_yqjK_yqjD_yqjC_predicted,0.16666666666666666,5,5,GCGGCGAACTGGCAGTTGTC,0,5180618
yqjE_yqjK_yqjD_yqjC_predicted,0.16666666666666666,5,5,GCGCTGCTTCTAAAAGGTCC,0,5236600
yqjE_yqjK_yqjD_yqjC_predicted,0.16666666666666666,5,5,GCGCGTCCCTGAGTACAACA,0,5183538
yqjE_yqjK_yqjD_yqjC_predicted,0.16666666666666666,5,5,GCGCCGTTGCATGTCTGTGT,0,5196259
yqjE_yqjK_yqjD_yqjC_predicted,0.16666666666666666,5,5,GCGCACAGCTGCTGTCCCTC,0,5254029
yqjE_yqjK_yqjD_yqjC_predicted,0.16666666666666666,5,5,GCGCAAGTACCTGAAATTAA,0,5245501
yqjE_yqjK_yqjD_yqjC_predicted,0.16666666666666666,5,5,GCGAGGAAGAAGGTCATAAA,0,5240158
yqjE_yqjK_yqjD_yqjC_predicted,0.16666666666666666,5,5,GCGAGCGCTTGGACAGCACA,0,5195951
yqjE_yqjK_yqjD_yqjC_predicted,0.16666666666666666,5,5,GCGAGAGAACGCAAGGCCAC,0,5180118
yqjE_yqjK_yqjD_yqjC_predicted,0.16666666666666666,5,5,GCCTTCGCAAAAAAGACGCC,0,5176115
yqjE_yqjK_yqjD_yqjC_predicted,0.16666666666666666,5,5,GCCTATTTACCCAATCTTTT,0,5216754
yqjE_yqjK_yqjD_yqjC_predicted,0.16666666666666666,5,5,GCCTATAGGAAGGTCATTAT,0,5171433
yqjE_yqjK_yqjD_yqjC_predicted,0.16666666666666666,5,5,GCCTACGTGTCAAAGTGCCT,0,5235738
yqjE_yqjK_yqjD_yqjC_predicted,0.16666666666666666,5,5,GCCTACGTGTAGCTATTTGG,0,5239089
yqjE_yqjK_yqjD_yqjC_predicted,0.16666666666666666,5,5,GCCGTTCTCCCTCGCGCATG,0,5226986
yqjE_yqjK_yqjD_yqjC_predicted,0.16666666666666666,5,5,GCCGCCCTGACAACCACACT,0,5247155
yqjE_yqjK_yqjD_yqjC_predicted,0.16666666666666666,5,5,GCCGACCTTGGTCAGTTGGT,0,5261700
yqjE_yqjK_yqjD_yqjC_predicted,0.16666666666666666,5,5,GCCCTTGTGATGTCCGCCAG,0,5217008
yqjE_yqjK_yqjD_yqjC_predicted,0.16666666666666666,5,5,GCCCGTGTAAACCGTAGGTT,0,5257496
yqjE_yqjK_yqjD_yqjC_predicted,0.16666666666666666,5,5,GCCCGCAGATTCCAGGATCC,0,5245628
yqjE_yqjK_yqjD_yqjC_predicted,0.16666666666666666,5,5,GCCCCTGCTGCCAAGCGTAA,0,5245231
yqjE_yqjK_yqjD_yqjC_predicted,0.16666666666666666,5,5,GCCCCCGTGCGGAGTCGGAC,0,5255392
yqjE_yqjK_yqjD_yqjC_predicted,0.16666666666666666,5,5,GCCATGCTTCACACGGATCA,0,5216145
yqjE_yqjK_yqjD_yqjC_predicted,0.16666666666666666,5,5,GCCAGTGTTTACGTTTCGCA,0,5180512
yqjE_yqjK_yqjD_yqjC_predicted,0.16666666666666666,5,5,GCCAGCGTTCCTTTGCAGGT,0,5190521
yqjE_yqjK_yqjD_yqjC_predicted,0.16666666666666666,5,5,GCCACCGCGTCTAAAGGTTC,0,5186976
yqjE_yqjK_yqjD_yqjC_predicted,0.16666666666666666,5,5,GCCACCATAGTCCTATAAAA,0,5196629
yqjE_yqjK_yqjD_yqjC_predicted,0.16666666666666666,5,5,GCCAATAGGGGACCTTTTGT,0,5195901
yqjE_yqjK_yqjD_yqjC_predicted,0.16666666666666666,5,5,GCATTACTGATAGCGTAGGA,0,5209885
yqjE_yqjK_yqjD_yqjC_predicted,0.16666666666666666,5,5,GCATAAGCACCTATCATATA,0,5241863
yqjE_yqjK_yqjD_yqjC_predicted,0.16666666666666666,5,5,GCAGTGGTCTCCTTTGGCCC,0,5205287
yqjE_yqjK_yqjD_yqjC_predicted,0.16666666666666666,5,5,GCAGGTTTGTGTCAGCCTGA,0,5219255
yqjE_yqjK_yqjD_yqjC_predicted,0.16666666666666666,5,5,GCAGCTACCACAGTGTATCA,0,5217411
yqjE_yqjK_yqjD_yqjC_predicted,0.16666666666666666,5,5,GCAGCGGCCTATTCGTTGGG,0,5203391
yqjE_yqjK_yqjD_yqjC_predicted,0.16666666666666666,5,5,GCAGCGACAGGGCACACTAC,0,5179696
yqjE_yqjK_yqjD_yqjC_predicted,0.16666666666666666,5,5,GCACTATGGCTAATTCCGTT,0,5190224
yqjE_yqjK_yqjD_yqjC_predicted,0.16666666666666666,5,5,GCACCGGTGATACTGGCATT,0,5256472
yqjE_yqjK_yqjD_yqjC_predicted,0.16666666666666666,5,5,GCACCAGGACATGGCAAGGG,0,5191494
yqjE_yqjK_yqjD_yqjC_predicted,0.16666666666666666,5,5,GCACCAGAGAGTGTTTATTC,0,5254611
yqjE_yqjK_yqjD_yqjC_predicted,0.16666666666666666,5,5,GCACATACTGGAGTGAGGGA,0,5222953
yqjE_yqjK_yqjD_yqjC_predicted,0.16666666666666666,5,5,GCACACCGTGATACAATGCA,0,5220032
yqjE_yqjK_yqjD_yqjC_predicted,0.16666666666666666,5,5,GCAAGCGGACGCCTGGTTAG,0,5234223
yqjE_yqjK_yqjD_yqjC_predicted,0.16666666666666666,5,5,GCAAGCCACGATAAAGAAGA,0,5197814
yqjE_yqjK_yqjD_yqjC_predicted,0.16666666666666666,5,5,GCAACGTGATAGAATCATGG,0,5173712
yqjE_yqjK_yqjD_yqjC_predicted,0.16666666666666666,5,5,GCAACATTTCGTAGAAGCAA,0,5203455
yqjE_yqjK_yqjD_yqjC_predicted,0.16666666666666666,5,5,GATTTCGACCAAGCATAGAA,0,5198720
yqjE_yqjK_yqjD_yqjC_predicted,0.16666666666666666,5,5,GATTGTTGCCCCTAACCTGC,0,5260475
yqjE_yqjK_yqjD_yqjC_predicted,0.16666666666666666,5,5,GATTGTAACATAGGCCACGC,0,5221693
yqjE_yqjK_yqjD_yqjC_predicted,0.16666666666666666,5,5,GATTCGGTTGTCGAACGTTA,0,5199096
yqjE_yqjK_yqjD_yqjC_predicted,0.16666666666666666,5,5,GATTCATACCTAAAGGTTGA,0,5216502
yqjE_yqjK_yqjD_yqjC_predicted,0.16666666666666666,5,5,GATTCAGGCTTTCACAGCTC,0,5239664
yqjE_yqjK_yqjD_yqjC_predicted,0.16666666666666666,5,5,GATGGTGGACGTACGCAAGT,0,5195561
yqjE_yqjK_yqjD_yqjC_predicted,0.16666666666666666,5,5,GATGCGGATGAGAAGGGACA,0,5181021
yqjE_yqjK_yqjD_yqjC_predicted,0.16666666666666666,5,5,GATCTTTGGAGGTGGGCTCC,0,5191648
yqjE_yqjK_yqjD_yqjC_predicted,0.16666666666666666,5,5,GATCTCCCTAGCACCCGCCA,0,5175942
yqjE_yqjK_yqjD_yqjC_predicted,0.16666666666666666,5,5,GATCAGTATTGACTACAATT,0,5174326
yqjE_yqjK_yqjD_yqjC_predicted,0.16666666666666666,5,5,GATCAGACTTAGTAATAGTT,0,5179226
yqjE_yqjK_yqjD_yqjC_predicted,0.16666666666666666,5,5,GATCACAAATATTTTGATCA,0,5248521
yqjE_yqjK_yqjD_yqjC_predicted,0.16666666666666666,5,5,GATATACGTAGACCGGATAT,0,5172532
yqjE_yqjK_yqjD_yqjC_predicted,0.16666666666666666,5,5,GATAGGTCGTGGAGGATATC,0,5189940
yqjE_yqjK_yqjD_yqjC_predicted,0.16666666666666666,5,5,GATACCAACCAAATCTGCGC,0,5171201
yqjE_yqjK_yqjD_yqjC_predicted,0.16666666666666666,5,5,GATACAAAGCAAAGGAGGTC,0,5212184
yqjE_yqjK_yqjD_yqjC_predicted,0.16666666666666666,5,5,GAGTTCGATCCACACCAGGC,0,5245425
yqjE_yqjK_yqjD_yqjC_predicted,0.16666666666666666,5,5,GAGTATAGAGCACAAACCTC,0,5207328
yqjE_yqjK_yqjD_yqjC_predicted,0.16666666666666666,5,5,GAGTAGTCCGCCACACCGGT,0,5262983
yqjE_yqjK_yqjD_yqjC_predicted,0.16666666666666666,5,5,GAGTACTGATCGAGGGAGGG,0,5189472
yqjE_yqjK_yqjD_yqjC_predicted,0.16666666666666666,5,5,GAGGGTCAATCGACGAATCA,0,5237662
yqjE_yqjK_yqjD_yqjC_predicted,0.16666666666666666,5,5,GAGGGGGGACGGCCTACGTC,0,5250749
yqjE_yqjK_yqjD_yqjC_predicted,0.16666666666666666,5,5,GAGGGGGCCTTCCAAGCGAT,0,5192117
yqjE_yqjK_yqjD_yqjC_predicted,0.16666666666666666,5,5,GAGGCTCAGGCGGTAGAAGA,0,5240096
yqjE_yqjK_yqjD_yqjC_predicted,0.16666666666666666,5,5,GAGGCAAGCAAATGCACAAT,0,5186155
yqjE_yqjK_yqjD_yqjC_predicted,0.16666666666666666,5,5,GAGGATTATTAGACGGCGCG,0,5212669
yqjE_yqjK_yqjD_yqjC_predicted,0.16666666666666666,5,5,GAGCTGGCAACTGCCTCAGC,0,5180186
yqjE_yqjK_yqjD_yqjC_predicted,0.16666666666666666,5,5,GAGCGTTATAGGTCAGAGTG,0,5225253
yqjE_yqjK_yqjD_yqjC_predicted,0.16666666666666666,5,5,GAGCGGTAGAGCATCAACAG,0,5184827
yqjE_yqjK_yqjD_yqjC_predicted,0.16666666666666666,5,5,GAGCGGCGATCACAGCTCAC,0,5180627
yqjE_yqjK_yqjD_yqjC_predicted,0.16666666666666666,5,5,GAGCCGTCAGACACTCGCGC,0,5225212
yqjE_yqjK_yqjD_yqjC_predicted,0.16666666666666666,5,5,GAGCCGGCGCCTACAGATGC,0,5226224
yqjE_yqjK_yqjD_yqjC_predicted,0.16666666666666666,5,5,GAGCCCCTTGAATTTTGTCG,0,5222638
yqjE_yqjK_yqjD_yqjC_predicted,0.16666666666666666,5,5,GAGCCAATAAAGTTGGTCTA,0,5246167
yqjE_yqjK_yqjD_yqjC_predicted,0.16666666666666666,5,5,GAGCACTCCGGGCTTTATTT,0,5228103
yqjE_yqjK_yqjD_yqjC_predicted,0.16666666666666666,5,5,GAGCAACCCGGGGGGGCAGA,0,5216547
yqjE_yqjK_yqjD_yqjC_predicted,0.16666666666666666,5,5,GAGATAGGAGCTAACGCTTC,0,5209538
yqjE_yqjK_yqjD_yqjC_predicted,0.16666666666666666,5,5,GAGACGGTGGGCCGCGTTCA,0,5193535
yqjE_yqjK_yqjD_yqjC_predicted,0.16666666666666666,5,5,GAGAAATACAGTTAGAAGTG,0,5186661
yqjE_yqjK_yqjD_yqjC_predicted,0.16666666666666666,5,5,GACTGGTGTGAGGGATGGTT,0,5257466
yqjE_yqjK_yqjD_yqjC_predicted,0.16666666666666666,5,5,GACTGGGTAGGGTGTTTTCG,0,5239396
yqjE_yqjK_yqjD_yqjC_predicted,0.16666666666666666,5,5,GACTCGTCTCTGTCAAAATC,0,5255721
yqjE_yqjK_yqjD_yqjC_predicted,0.16666666666666666,5,5,GACTAGCATGAGTAGATAGA,0,5243725
yqjE_yqjK_yqjD_yqjC_predicted,0.16666666666666666,5,5,GACTAACGTCCCTAATATTG,0,5184972
yqjE_yqjK_yqjD_yqjC_predicted,0.16666666666666666,5,5,GACGGAAACTTGTGACCATA,0,5181780
yqjE_yqjK_yqjD_yqjC_predicted,0.16666666666666666,5,5,GACCCCGGCACGGAAGTGCT,0,5214154
yqjE_yqjK_yqjD_yqjC_predicted,0.16666666666666666,5,5,GACCATGCTGACCCCTCTCA,0,5214368
yqjE_yqjK_yqjD_yqjC_predicted,0.16666666666666666,5,5,GACATTTTTTCAGATGTGGC,0,5257295
yqjE_yqjK_yqjD_yqjC_predicted,0.16666666666666666,5,5,GACAGCCAACTTTTCCGTTA,0,5233280
yqjE_yqjK_yqjD_yqjC_predicted,0.16666666666666666,5,5,GACACCGCGCCGAGGCAACC,0,5187514
yqjE_yqjK_yqjD_yqjC_predicted,0.16666666666666666,5,5,GACACCACGAAGCTATTTTA,0,5181048
yqjE_yqjK_yqjD_yqjC_predicted,0.16666666666666666,5,5,GACAAGAGAGGATTGAAATC,0,5179326
yqjE_yqjK_yqjD_yqjC_predicted,0.16666666666666666,5,5,GAATCCGCCCAGTGCCCGCA,0,5235791
yqjE_yqjK_yqjD_yqjC_predicted,0.16666666666666666,5,5,GAATCCAAAATACGTTCACA,0,5173315
yqjE_yqjK_yqjD_yqjC_predicted,0.16666666666666666,5,5,GAATACTATAGGTATAGAAC,0,5202697
yqjE_yqjK_yqjD_yqjC_predicted,0.16666666666666666,5,5,GAAGTTCGTCTCACGGTTTT,0,5243058
yqjE_yqjK_yqjD_yqjC_predicted,0.16666666666666666,5,5,GAAGTATGTTACCGTCACAT,0,5198090
yqjE_yqjK_yqjD_yqjC_predicted,0.16666666666666666,5,5,GAAGCCGAACCAGCGGCGTT,0,5250745
yqjE_yqjK_yqjD_yqjC_predicted,0.16666666666666666,5,5,GAACTTGGCCGGCGGTAAAA,0,5184535
yqjE_yqjK_yqjD_yqjC_predicted,0.16666666666666666,5,5,GAACGTGAACGCCACCGACT,0,5218950
yqjE_yqjK_yqjD_yqjC_predicted,0.16666666666666666,5,5,GAACGGGACTCGTTAAAATT,0,5171185
yqjE_yqjK_yqjD_yqjC_predicted,0.16666666666666666,5,5,GAACGAGTGGCGCATCGGCT,0,5229663
yqjE_yqjK_yqjD_yqjC_predicted,0.16666666666666666,5,5,GAACCTCTACGAAGGAGATC,0,5208897
yqjE_yqjK_yqjD_yqjC_predicted,0.16666666666666666,5,5,GAACAGGACTGGATCACCCC,0,5247693
yqjE_yqjK_yqjD_yqjC_predicted,0.16666666666666666,5,5,GAACAATGCTCGAGCTGAGT,0,5247916
yqjE_yqjK_yqjD_yqjC_predicted,0.16666666666666666,5,5,GAAATGGGGTATGTAACGAC,0,5229381
yqjE_yqjK_yqjD_yqjC_predicted,0.16666666666666666,5,5,GAAATCAGTCAACGGCCTTG,0,5190522
yqjE_yqjK_yqjD_yqjC_predicted,0.16666666666666666,5,5,GAAACAGGATAGATGAATAG,0,5212053
yqjE_yqjK_yqjD_yqjC_predicted,0.16666666666666666,5,5,CTTTTCCTCGAATGGTATAG,0,5209090
yqjE_yqjK_yqjD_yqjC_predicted,0.16666666666666666,5,5,CTTTGGACTTGGAGCTTGGG,0,5241445
yqjE_yqjK_yqjD_yqjC_predicted,0.16666666666666666,5,5,CTTTGCCTGAGAGGTTGTTG,0,5231952
yqjE_yqjK_yqjD_yqjC_predicted,0.16666666666666666,5,5,CTTTATGAATGACGATTCCA,0,5227566
yqjE_yqjK_yqjD_yqjC_predicted,0.16666666666666666,5,5,CTTTATCGGGTGGGGTCTGC,0,5210381
yqjE_yqjK_yqjD_yqjC_predicted,0.16666666666666666,5,5,CTTGTATCGTTAGGGTGTGG,0,5262367
yqjE_yqjK_yqjD_yqjC_predicted,0.16666666666666666,5,5,CTTGGACATTCTTATGGTAG,0,5240544
yqjE_yqjK_yqjD_yqjC_predicted,0.16666666666666666,5,5,CTTCTGGGTTGAGGCCGCTC,0,5214030
yqjE_yqjK_yqjD_yqjC_predicted,0.16666666666666666,5,5,CTTCGGCCGGTGGCAGTTGT,0,5199992
yqjE_yqjK_yqjD_yqjC_predicted,0.16666666666666666,5,5,CTTCGCCCGCTTGCGGGCCA,0,5212477
yqjE_yqjK_yqjD_yqjC_predicted,0.16666666666666666,5,5,CTTCCTCATAAGGTCTGCTT,0,5230372
yqjE_yqjK_yqjD_yqjC_predicted,0.16666666666666666,5,5,CTTCCGGTATTGGACGGTCT,0,5215260
yqjE_yqjK_yqjD_yqjC_predicted,0.16666666666666666,5,5,CTTCAGATATGGTGGTAATC,0,5195828
yqjE_yqjK_yqjD_yqjC_predicted,0.16666666666666666,5,5,CTTCACTTACACCACGACGA,0,5197886
yqjE_yqjK_yqjD_yqjC_predicted,0.16666666666666666,5,5,CTTAGTTCCAAATGCGCTTA,0,5258358
yqjE_yqjK_yqjD_yqjC_predicted,0.16666666666666666,5,5,CTTAGCAGGGGCAACGAGAT,0,5256860
yqjE_yqjK_yqjD_yqjC_predicted,0.16666666666666666,5,5,CTTACCGCCCTTTCATTTAT,0,5175362
yqjE_yqjK_yqjD_yqjC_predicted,0.16666666666666666,5,5,CTGTTTTAAAATCGTCAGCC,0,5199073
yqjE_yqjK_yqjD_yqjC_predicted,0.16666666666666666,5,5,CTGTGAGTCAGGAGCCTGAA,0,5183634
yqjE_yqjK_yqjD_yqjC_predicted,0.16666666666666666,5,5,CTGTCATCTACTTACTGTGG,0,5206113
yqjE_yqjK_yqjD_yqjC_predicted,0.16666666666666666,5,5,CTGTAAGTGAGTGAGTTTTA,0,5219681
yqjE_yqjK_yqjD_yqjC_predicted,0.16666666666666666,5,5,CTGGTTTGGCAGTAGCTCCA,0,5234023
yqjE_yqjK_yqjD_yqjC_predicted,0.16666666666666666,5,5,CTGGTGCCCAAGCTGTTGGC,0,5246936
yqjE_yqjK_yqjD_yqjC_predicted,0.16666666666666666,5,5,CTGGTAGCGTTTTAAAACTG,0,5175602
yqjE_yqjK_yqjD_yqjC_predicted,0.16666666666666666,5,5,CTGGTAATTAGTGGGACAGA,0,5175458
yqjE_yqjK_yqjD_yqjC_predicted,0.16666666666666666,5,5,CTGGATTTGTGGAACCGCAA,0,5197218
yqjE_yqjK_yqjD_yqjC_predicted,0.16666666666666666,5,5,CTGGATCGTAACCAAAACGG,0,5195993
yqjE_yqjK_yqjD_yqjC_predicted,0.16666666666666666,5,5,CTCTTGCTTAACAGCATGCA,0,5183936
yqjE_yqjK_yqjD_yqjC_predicted,0.16666666666666666,5,5,CTCTTCTAGTTAAACCTTTA,0,5173794
yqjE_yqjK_yqjD_yqjC_predicted,0.16666666666666666,5,5,CTCTTAGTTTAAGGGGATGT,0,5210889
yqjE_yqjK_yqjD_yqjC_predicted,0.16666666666666666,5,5,CTCTTACTCCCTATGGCTCG,0,5199219
yqjE_yqjK_yqjD_yqjC_predicted,0.16666666666666666,5,5,CTCGTTGTCATCTGGGAAAT,0,5254562
yqjE_yqjK_yqjD_yqjC_predicted,0.16666666666666666,5,5,CTCGTAGACCATCGAGAGGT,0,5240305
yqjE_yqjK_yqjD_yqjC_predicted,0.16666666666666666,5,5,CTCGGGTATGCCGACTGAGT,0,5175172
yqjE_yqjK_yqjD_yqjC_predicted,0.16666666666666666,5,5,CTCGCGGGGGAAACATGCGT,0,5192526
yqjE_yqjK_yqjD_yqjC_predicted,0.16666666666666666,5,5,CTCGAGAGCTTTTCTGAGGT,0,5186940
yqjE_yqjK_yqjD_yqjC_predicted,0.16666666666666666,5,5,CTCCGACGACGGCGCACGAC,0,5224496
yqjE_yqjK_yqjD_yqjC_predicted,0.16666666666666666,5,5,CTCCCGGGGATGCGAGAGTC,0,5207756
yqjE_yqjK_yqjD_yqjC_predicted,0.16666666666666666,5,5,CTCCCCCTAGACGTCCGTAG,0,5253756
yqjE_yqjK_yqjD_yqjC_predicted,0.16666666666666666,5,5,CTCATTGCGAGTAGATTACA,0,5233901
yqjE_yqjK_yqjD_yqjC_predicted,0.16666666666666666,5,5,CTCAGGTATGTGTCTGAATA,0,5246504
yqjE_yqjK_yqjD_yqjC_predicted,0.16666666666666666,5,5,CTCAGGGAGTTCCAAGGACA,0,5179714
yqjE_yqjK_yqjD_yqjC_predicted,0.16666666666666666,5,5,CTCAGGCGTTCTCCCGCCTC,0,5246172
yqjE_yqjK_yqjD_yqjC_predicted,0.16666666666666666,5,5,CTATTTGAAACCTAGCTTCT,0,5261155
yqjE_yqjK_yqjD_yqjC_predicted,0.16666666666666666,5,5,CTATTAAGGATTATGGTGTG,0,5234975
yqjE_yqjK_yqjD_yqjC_predicted,0.16666666666666666,5,5,CTATCTCTCTCTATGGGCTT,0,5186962
yqjE_yqjK_yqjD_yqjC_predicted,0.16666666666666666,5,5,CTATAGTGCCTTTTCCTGGT,0,5243054
yqjE_yqjK_yqjD_yqjC_predicted,0.16666666666666666,5,5,CTATACGTAGGAATTGTCGT,0,5181331
yqjE_yqjK_yqjD_yqjC_predicted,0.16666666666666666,5,5,CTAGTGGCGCGGTGCAAGAC,0,5204556
yqjE_yqjK_yqjD_yqjC_predicted,0.16666666666666666,5,5,CTAGTAGCAACGCTTGGGTT,0,5191398
yqjE_yqjK_yqjD_yqjC_predicted,0.16666666666666666,5,5,CTAGGTTCGCATGAACTTCT,0,5244885
yqjE_yqjK_yqjD_yqjC_predicted,0.16666666666666666,5,5,CTAGGTCTGACGACTCGCGT,0,5216542
yqjE_yqjK_yqjD_yqjC_predicted,0.16666666666666666,5,5,CTACTTGAGAAAATCCGGCG,0,5182250
yqjE_yqjK_yqjD_yqjC_predicted,0.16666666666666666,5,5,CTACGGACACAAAAGCAACC,0,5189107
yqjE_yqjK_yqjD_yqjC_predicted,0.16666666666666666,5,5,CTACGATCAATGGAGTACGT,0,5247403
yqjE_yqjK_yqjD_yqjC_predicted,0.16666666666666666,5,5,CTACATTCCCGTTCTTTGGG,0,5258504
yqjE_yqjK_yqjD_yqjC_predicted,0.16666666666666666,5,5,CTACATATGGATGTTGTCCA,0,5198338
yqjE_yqjK_yqjD_yqjC_predicted,0.16666666666666666,5,5,CTAACTGGAAGTGGTTCGTC,0,5233396
yqjE_yqjK_yqjD_yqjC_predicted,0.16666666666666666,5,5,CTAAATAGTTTAACAGGATT,0,5242018
yqjE_yqjK_yqjD_yqjC_predicted,0.16666666666666666,5,5,CGTTTCGGGATGTTGAAAGG,0,5250280
yqjE_yqjK_yqjD_yqjC_predicted,0.16666666666666666,5,5,CGTTGTAAATGACGTCCTAT,0,5262093
yqjE_yqjK_yqjD_yqjC_predicted,0.16666666666666666,5,5,CGTTGGCCAATCAGAAAGAA,0,5209283
yqjE_yqjK_yqjD_yqjC_predicted,0.16666666666666666,5,5,CGTTCTCGAAACTCGGTGGA,0,5180000
yqjE_yqjK_yqjD_yqjC_predicted,0.16666666666666666,5,5,CGTGTGGTTTCCAGTTCGTG,0,5234173
yqjE_yqjK_yqjD_yqjC_predicted,0.16666666666666666,5,5,CGTGTATTACGGTAGTTCCC,0,5215104
yqjE_yqjK_yqjD_yqjC_predicted,0.16666666666666666,5,5,CGTGGGAATTACGTTCAAGC,0,5177698
yqjE_yqjK_yqjD_yqjC_predicted,0.16666666666666666,5,5,CGTGCGAGCGCTGTCAGCAC,0,5201727
yqjE_yqjK_yqjD_yqjC_predicted,0.16666666666666666,5,5,CGTGCCTCGAGCCAAATAGG,0,5215462
yqjE_yqjK_yqjD_yqjC_predicted,0.16666666666666666,5,5,CGTGACAGACAAACAGCGCC,0,5262200
yqjE_yqjK_yqjD_yqjC_predicted,0.16666666666666666,5,5,CGTCTCTGGGAGGTGATGGA,0,5253009
yqjE_yqjK_yqjD_yqjC_predicted,0.16666666666666666,5,5,CGTCGTATGAGCATTAGACC,0,5171771
yqjE_yqjK_yqjD_yqjC_predicted,0.16666666666666666,5,5,CGTCGCACAGGTTGATTTGT,0,5238896
yqjE_yqjK_yqjD_yqjC_predicted,0.16666666666666666,5,5,CGTCCCTGAAACATATTTGG,0,5191877
yqjE_yqjK_yqjD_yqjC_predicted,0.16666666666666666,5,5,CGTCCATTCAGGAAGGACTG,0,5217478
yqjE_yqjK_yqjD_yqjC_predicted,0.16666666666666666,5,5,CGTCAGGAAAGGGGCATAGC,0,5183441
yqjE_yqjK_yqjD_yqjC_predicted,0.16666666666666666,5,5,CGTCAATCAGCAGAGGTACA,0,5173057
yqjE_yqjK_yqjD_yqjC_predicted,0.16666666666666666,5,5,CGTAGTCACTCATAGCGTAC,0,5240615
yqjE_yqjK_yqjD_yqjC_predicted,0.16666666666666666,5,5,CGTAGTATAATCGTTATGAA,0,5237363
yqjE_yqjK_yqjD_yqjC_predicted,0.16666666666666666,5,5,CGTAGCTCTGATAAATCTAC,0,5261252
yqjE_yqjK_yqjD_yqjC_predicted,0.16666666666666666,5,5,CGTAGACTATCCCGCCTCGA,0,5208318
yqjE_yqjK_yqjD_yqjC_predicted,0.16666666666666666,5,5,CGTACTCATAGCCACCCGGA,0,5210869
yqjE_yqjK_yqjD_yqjC_predicted,0.16666666666666666,5,5,CGTACAACAAGGGGCTTCAC,0,5214123
yqjE_yqjK_yqjD_yqjC_predicted,0.16666666666666666,5,5,CGTAAGTCTCCTACTTCAAG,0,5260466
yqjE_yqjK_yqjD_yqjC_predicted,0.16666666666666666,5,5,CGGTGCTTCACGCCAAGGGT,0,5251902
yqjE_yqjK_yqjD_yqjC_predicted,0.16666666666666666,5,5,CGGGGGGCGGCAGGCTGATG,0,5211746
yqjE_yqjK_yqjD_yqjC_predicted,0.16666666666666666,5,5,CGGGGGCCTCACTATCCGAC,0,5176550
yqjE_yqjK_yqjD_yqjC_predicted,0.16666666666666666,5,5,CGGGCGTATAACGTGTGAAG,0,5196785
yqjE_yqjK_yqjD_yqjC_predicted,0.16666666666666666,5,5,CGGGCGATTTCGGCTCTCGG,0,5229118
yqjE_yqjK_yqjD_yqjC_predicted,0.16666666666666666,5,5,CGGGCCAACTAGCATATTCG,0,5256608
yqjE_yqjK_yqjD_yqjC_predicted,0.16666666666666666,5,5,CGGGACTTGTGTTGGCTTCC,0,5206455
yqjE_yqjK_yqjD_yqjC_predicted,0.16666666666666666,5,5,CGGGACTGACCCGGTTCCCG,0,5247115
yqjE_yqjK_yqjD_yqjC_predicted,0.16666666666666666,5,5,CGGCTGTCAAAGGAGGACAA,0,5209001
yqjE_yqjK_yqjD_yqjC_predicted,0.16666666666666666,5,5,CGGCGTTAGATACGTCATGT,0,5242685
yqjE_yqjK_yqjD_yqjC_predicted,0.16666666666666666,5,5,CGGCGGTTTTTGTGCAATTG,0,5261650
yqjE_yqjK_yqjD_yqjC_predicted,0.16666666666666666,5,5,CGGCGCGCGCAATGCACGAC,0,5217302
yqjE_yqjK_yqjD_yqjC_predicted,0.16666666666666666,5,5,CGGCGCATCCACCTTCGGCA,0,5205706
yqjE_yqjK_yqjD_yqjC_predicted,0.16666666666666666,5,5,CGGCCATGAATCCTACGAGT,0,5227152
yqjE_yqjK_yqjD_yqjC_predicted,0.16666666666666666,5,5,CGGCAGGGCCACCAATTGTG,0,5228277
yqjE_yqjK_yqjD_yqjC_predicted,0.16666666666666666,5,5,CGGCACGTTATTAAAGTTGG,0,5240455
yqjE_yqjK_yqjD_yqjC_predicted,0.16666666666666666,5,5,CGGATTTATGCAGGATTAAA,0,5222264
yqjE_yqjK_yqjD_yqjC_predicted,0.16666666666666666,5,5,CGGATTAAGTGGTCAATAAT,0,5221145
yqjE_yqjK_yqjD_yqjC_predicted,0.16666666666666666,5,5,CGGATCGGTCAACTGAGGAA,0,5224719
yqjE_yqjK_yqjD_yqjC_predicted,0.16666666666666666,5,5,CGGACGCGTTCTAAATCATC,0,5201611
yqjE_yqjK_yqjD_yqjC_predicted,0.16666666666666666,5,5,CGGAATCGCCGATTCGATTA,0,5248802
yqjE_yqjK_yqjD_yqjC_predicted,0.16666666666666666,5,5,CGGAACGAGTGGATAAGATG,0,5181616
yqjE_yqjK_yqjD_yqjC_predicted,0.16666666666666666,5,5,CGCTGTTGAATTTGTTAATC,0,5256955
yqjE_yqjK_yqjD_yqjC_predicted,0.16666666666666666,5,5,CGCTGCTTGCCGTTGAGATT,0,5203111
yqjE_yqjK_yqjD_yqjC_predicted,0.16666666666666666,5,5,CGCTGCACCCGGAGTTTCAT,0,5195294
yqjE_yqjK_yqjD_yqjC_predicted,0.16666666666666666,5,5,CGCTCTGCTTCGAAGGCGTA,0,5200434
yqjE_yqjK_yqjD_yqjC_predicted,0.16666666666666666,5,5,CGCTCGCTGTGTTATCAGAG,0,5254265
yqjE_yqjK_yqjD_yqjC_predicted,0.16666666666666666,5,5,CGCTAACTCTTGTTACTAAT,0,5259501
yqjE_yqjK_yqjD_yqjC_predicted,0.16666666666666666,5,5,CGCGTTGCTGAAATGCGAAT,0,5209752
yqjE_yqjK_yqjD_yqjC_predicted,0.16666666666666666,5,5,CGCGTTCTCGCACAGGTATT,0,5245234
yqjE_yqjK_yqjD_yqjC_predicted,0.16666666666666666,5,5,CGCGTATCTATCGCTAGCCC,0,5219688
yqjE_yqjK_yqjD_yqjC_predicted,0.16666666666666666,5,5,CGCGCGTGCACGAAGACACT,0,5216901
yqjE_yqjK_yqjD_yqjC_predicted,0.16666666666666666,5,5,CGCGCATGACGGGAGATAGA,0,5210310
yqjE_yqjK_yqjD_yqjC_predicted,0.16666666666666666,5,5,CGCGACCGTGCATAGTAATC,0,5213144
yqjE_yqjK_yqjD_yqjC_predicted,0.16666666666666666,5,5,CGCGACCAGGAAAACAACTC,0,5212172
yqjE_yqjK_yqjD_yqjC_predicted,0.16666666666666666,5,5,CGCCTCAGCCTAAGACACAT,0,5199170
yqjE_yqjK_yqjD_yqjC_predicted,0.16666666666666666,5,5,CGCATGTTTCCTCTAACTGC,0,5219563
yqjE_yqjK_yqjD_yqjC_predicted,0.16666666666666666,5,5,CGATTGCGGTTGACGACTTT,0,5213942
yqjE_yqjK_yqjD_yqjC_predicted,0.16666666666666666,5,5,CGATTATTTAAACCATTGCT,0,5173526
yqjE_yqjK_yqjD_yqjC_predicted,0.16666666666666666,5,5,CGATGGATCATGAATTTTGT,0,5249100
yqjE_yqjK_yqjD_yqjC_predicted,0.16666666666666666,5,5,CGATCTGTAAATGTCCGCAG,0,5218046
yqjE_yqjK_yqjD_yqjC_predicted,0.16666666666666666,5,5,CGATACGGGAAGCCCTTTGA,0,5242717
yqjE_yqjK_yqjD_yqjC_predicted,0.16666666666666666,5,5,CGAGTACGTGCTAGAATAAA,0,5181190
yqjE_yqjK_yqjD_yqjC_predicted,0.16666666666666666,5,5,CGAGGTTGAGATTGCTACGT,0,5184200
yqjE_yqjK_yqjD_yqjC_predicted,0.16666666666666666,5,5,CGAGGCGACCGTCTAGACGC,0,5221878
yqjE_yqjK_yqjD_yqjC_predicted,0.16666666666666666,5,5,CGAGGATTAGAATGCATATG,0,5191394
yqjE_yqjK_yqjD_yqjC_predicted,0.16666666666666666,5,5,CGAGCGCACGCCATGGCAAT,0,5193476
yqjE_yqjK_yqjD_yqjC_predicted,0.16666666666666666,5,5,CGAGATCGGTGGTCGCTCTA,0,5185979
yqjE_yqjK_yqjD_yqjC_predicted,0.16666666666666666,5,5,CGACTTGGGTTAACGGGCTA,0,5181869
yqjE_yqjK_yqjD_yqjC_predicted,0.16666666666666666,5,5,CGACTCACATTAGTGCTATT,0,5180378
yqjE_yqjK_yqjD_yqjC_predicted,0.16666666666666666,5,5,CGACGTTTACGAAGTGTGCA,0,5211154
yqjE_yqjK_yqjD_yqjC_predicted,0.16666666666666666,5,5,CGACGGGACGATCTACACAC,0,5216331
yqjE_yqjK_yqjD_yqjC_predicted,0.16666666666666666,5,5,CGACGAGACTGCGGCCTTTC,0,5208481
yqjE_yqjK_yqjD_yqjC_predicted,0.16666666666666666,5,5,CGACCTACTAGGTCTGTAAG,0,5246116
yqjE_yqjK_yqjD_yqjC_predicted,0.16666666666666666,5,5,CGACCGCCGGGGCAATCTCG,0,5223137
yqjE_yqjK_yqjD_yqjC_predicted,0.16666666666666666,5,5,CGACCCTTCGCGTACAGCAG,0,5230443
yqjE_yqjK_yqjD_yqjC_predicted,0.16666666666666666,5,5,CGACATCACTGCTACAAGAT,0,5250599
yqjE_yqjK_yqjD_yqjC_predicted,0.16666666666666666,5,5,CGACAGGTAAACTCGAAAGT,0,5171376
yqjE_yqjK_yqjD_yqjC_predicted,0.16666666666666666,5,5,CGACAGGGTCCTTAATTCTG,0,5217424
yqjE_yqjK_yqjD_yqjC_predicted,0.16666666666666666,5,5,CGACAAAGATGAACCCCCCC,0,5253317
yqjE_yqjK_yqjD_yqjC_predicted,0.16666666666666666,5,5,CGAATGGACACGAGACGAGG,0,5198764
yqjE_yqjK_yqjD_yqjC_predicted,0.16666666666666666,5,5,CGAAGGAGCCGACACCTGCC,0,5191923
yqjE_yqjK_yqjD_yqjC_predicted,0.16666666666666666,5,5,CGAAATTCTCCTTTAAAGTG,0,5259994
yqjE_yqjK_yqjD_yqjC_predicted,0.16666666666666666,5,5,CGAAATGTCCACGATGGTGC,0,5187163
yqjE_yqjK_yqjD_yqjC_predicted,0.16666666666666666,5,5,CGAAATGGTAGAACCTACAA,0,5262779
yqjE_yqjK_yqjD_yqjC_predicted,0.16666666666666666,5,5,CGAAAGCCGCTTGATACAGA,0,5248924
yqjE_yqjK_yqjD_yqjC_predicted,0.16666666666666666,5,5,CCTTTTCTTGGACGTGACTC,0,5243371
yqjE_yqjK_yqjD_yqjC_predicted,0.16666666666666666,5,5,CCTTTATCACTCAACCTTTA,0,5189614
yqjE_yqjK_yqjD_yqjC_predicted,0.16666666666666666,5,5,CCTTGGACTCGGCTTTTTAT,0,5206595
yqjE_yqjK_yqjD_yqjC_predicted,0.16666666666666666,5,5,CCTGGCAAGCCAGACGGGTT,0,5213947
yqjE_yqjK_yqjD_yqjC_predicted,0.16666666666666666,5,5,CCTGAGCGGTACCTGTAGGA,0,5227645
yqjE_yqjK_yqjD_yqjC_predicted,0.16666666666666666,5,5,CCTCTTGTCGCGCGACTAAT,0,5187797
yqjE_yqjK_yqjD_yqjC_predicted,0.16666666666666666,5,5,CCTCTGTCCACCGAGTTGAA,0,5233253
yqjE_yqjK_yqjD_yqjC_predicted,0.16666666666666666,5,5,CCTCGGTCAAGATGCTGCGG,0,5257022
yqjE_yqjK_yqjD_yqjC_predicted,0.16666666666666666,5,5,CCTCCAACTGAAGTAAGGCC,0,5181067
yqjE_yqjK_yqjD_yqjC_predicted,0.16666666666666666,5,5,CCTCAGTCTGCACCGAGACA,0,5236456
yqjE_yqjK_yqjD_yqjC_predicted,0.16666666666666666,5,5,CCTATCCAACGTCTGGAAGG,0,5249748
yqjE_yqjK_yqjD_yqjC_predicted,0.16666666666666666,5,5,CCTAGCAGTTCCTCGAGTTA,0,5250639
yqjE_yqjK_yqjD_yqjC_predicted,0.16666666666666666,5,5,CCTACTGTTCGGCGACATTA,0,5216529
yqjE_yqjK_yqjD_yqjC_predicted,0.16666666666666666,5,5,CCTACTGTATTCTATTTGTA,0,5243585
yqjE_yqjK_yqjD_yqjC_predicted,0.16666666666666666,5,5,CCTACCTGATTACTCTATGC,0,5220698
yqjE_yqjK_yqjD_yqjC_predicted,0.16666666666666666,5,5,CCTAATTTGTCATCTTACAC,0,5218457
yqjE_yqjK_yqjD_yqjC_predicted,0.16666666666666666,5,5,CCTAAGGCGTCCGCTGGCAG,0,5227905
yqjE_yqjK_yqjD_yqjC_predicted,0.16666666666666666,5,5,CCGTTTCACCGGACAACTAG,0,5176777
yqjE_yqjK_yqjD_yqjC_predicted,0.16666666666666666,5,5,CCGTGTGCACGTCTGATCAT,0,5225819
yqjE_yqjK_yqjD_yqjC_predicted,0.16666666666666666,5,5,CCGTCGAGCACCATGCGGGA,0,5184250
yqjE_yqjK_yqjD_yqjC_predicted,0.16666666666666666,5,5,CCGGTGCCACCAGGTCACTA,0,5185582
yqjE_yqjK_yqjD_yqjC_predicted,0.16666666666666666,5,5,CCGGGGGCACGGCGATTCCT,0,5171193
yqjE_yqjK_yqjD_yqjC_predicted,0.16666666666666666,5,5,CCGGGAGACCGATCGGTTCT,0,5245529
yqjE_yqjK_yqjD_yqjC_predicted,0.16666666666666666,5,5,CCGGATGGCAGTTTTTCTTA,0,5250801
yqjE_yqjK_yqjD_yqjC_predicted,0.16666666666666666,5,5,CCGGATCATCCGGGTACTCG,0,5197238
yqjE_yqjK_yqjD_yqjC_predicted,0.16666666666666666,5,5,CCGCTGGGAGGAATCTGTTA,0,5174492
yqjE_yqjK_yqjD_yqjC_predicted,0.16666666666666666,5,5,CCGCTATAGCGGATAGGGGT,0,5196543
yqjE_yqjK_yqjD_yqjC_predicted,0.16666666666666666,5,5,CCGACCTACGTCATACAGGG,0,5238484
yqjE_yqjK_yqjD_yqjC_predicted,0.16666666666666666,5,5,CCGAATCGTACGCGAAGGTT,0,5212197
yqjE_yqjK_yqjD_yqjC_predicted,0.16666666666666666,5,5,CCGAACAAACCTGCAATGTT,0,5213801
yqjE_yqjK_yqjD_yqjC_predicted,0.16666666666666666,5,5,CCCTCTGTACGAGGAACGAC,0,5197505
yqjE_yqjK_yqjD_yqjC_predicted,0.16666666666666666,5,5,CCCTAGAGCGCTGATAATTG,0,5236373
yqjE_yqjK_yqjD_yqjC_predicted,0.16666666666666666,5,5,CCCGTTAGGCGGCCCGGGCA,0,5253637
yqjE_yqjK_yqjD_yqjC_predicted,0.16666666666666666,5,5,CCCGTGTGCCCTTGGCCTAC,0,5230347
yqjE_yqjK_yqjD_yqjC_predicted,0.16666666666666666,5,5,CCCGTCTTGACAGCAAGCGT,0,5262348
yqjE_yqjK_yqjD_yqjC_predicted,0.16666666666666666,5,5,CCCGTCTGAGCTGTATGTAA,0,5239540
yqjE_yqjK_yqjD_yqjC_predicted,0.16666666666666666,5,5,CCCGGCTCCTGCGTTTCAAC,0,5245357
yqjE_yqjK_yqjD_yqjC_predicted,0.16666666666666666,5,5,CCCCGTAATTCGGGGTCGTC,0,5249962
yqjE_yqjK_yqjD_yqjC_predicted,0.16666666666666666,5,5,CCCAGAGAGGTGGTTACGCA,0,5237661
yqjE_yqjK_yqjD_yqjC_predicted,0.16666666666666666,5,5,CCCACAGCTGGAACAATCGT,0,5189521
yqjE_yqjK_yqjD_yqjC_predicted,0.16666666666666666,5,5,CCCAATGACTGCTGTGAACA,0,5185874
yqjE_yqjK_yqjD_yqjC_predicted,0.16666666666666666,5,5,CCCAAAAGCTCGAAAAAGAT,0,5236057
yqjE_yqjK_yqjD_yqjC_predicted,0.16666666666666666,5,5,CCATTCTTATGGTTAGTTAT,0,5190339
yqjE_yqjK_yqjD_yqjC_predicted,0.16666666666666666,5,5,CCATGTATCACGGTTAAATC,0,5202371
yqjE_yqjK_yqjD_yqjC_predicted,0.16666666666666666,5,5,CCATGCCTTAAGGCTAAGGA,0,5222920
yqjE_yqjK_yqjD_yqjC_predicted,0.16666666666666666,5,5,CCATGCACGCTTTAGAGAAA,0,5175286
yqjE_yqjK_yqjD_yqjC_predicted,0.16666666666666666,5,5,CCATGATAGATATTTGCGTT,0,5204442
yqjE_yqjK_yqjD_yqjC_predicted,0.16666666666666666,5,5,CCATCGGACAATAGCCGCAA,0,5204476
yqjE_yqjK_yqjD_yqjC_predicted,0.16666666666666666,5,5,CCATCCAGAAAATCCAACAG,0,5172753
yqjE_yqjK_yqjD_yqjC_predicted,0.16666666666666666,5,5,CCATCAGTCAGACGCGCGCC,0,5244168
yqjE_yqjK_yqjD_yqjC_predicted,0.16666666666666666,5,5,CCAGTCTTTAGTTATTCAAT,0,5176408
yqjE_yqjK_yqjD_yqjC_predicted,0.16666666666666666,5,5,CCAGCCTGACACACGCTTTC,0,5259072
yqjE_yqjK_yqjD_yqjC_predicted,0.16666666666666666,5,5,CCAGCCATCATTAATGGTAG,0,5186473
yqjE_yqjK_yqjD_yqjC_predicted,0.16666666666666666,5,5,CCAGCCACGGGTTCGTGGCA,0,5216989
yqjE_yqjK_yqjD_yqjC_predicted,0.16666666666666666,5,5,CCAGCACATGCGTGCAGGGG,0,5199313
yqjE_yqjK_yqjD_yqjC_predicted,0.16666666666666666,5,5,CCAGACTGATATCGTAGGCC,0,5246907
yqjE_yqjK_yqjD_yqjC_predicted,0.16666666666666666,5,5,CCACGGGGCACATGGTTGAG,0,5251067
yqjE_yqjK_yqjD_yqjC_predicted,0.16666666666666666,5,5,CCACGCCACCCTGCAAAAAA,0,5256089
yqjE_yqjK_yqjD_yqjC_predicted,0.16666666666666666,5,5,CCAACGCGTCTGGGATAATA,0,5195302
yqjE_yqjK_yqjD_yqjC_predicted,0.16666666666666666,5,5,CCAACAATAGAAGTCGATCT,0,5177028
yqjE_yqjK_yqjD_yqjC_predicted,0.16666666666666666,5,5,CATTTTGCTAGAATTGTGTC,0,5234431
yqjE_yqjK_yqjD_yqjC_predicted,0.16666666666666666,5,5,CATTGGGTATCTAAGTCCGG,0,5226437
yqjE_yqjK_yqjD_yqjC_predicted,0.16666666666666666,5,5,CATTGGATTGTACATCTGAT,0,5211362
yqjE_yqjK_yqjD_yqjC_predicted,0.16666666666666666,5,5,CATTCGCCACGCATTCAAGG,0,5211019
yqjE_yqjK_yqjD_yqjC_predicted,0.16666666666666666,5,5,CATGTTGGCGCCGTGGCGAT,0,5189096
yqjE_yqjK_yqjD_yqjC_predicted,0.16666666666666666,5,5,CATGGGGGGTGGTCAGGAAG,0,5234250
yqjE_yqjK_yqjD_yqjC_predicted,0.16666666666666666,5,5,CATGGCCTCTCGGGTGGAGA,0,5185162
yqjE_yqjK_yqjD_yqjC_predicted,0.16666666666666666,5,5,CATCTAGATCGTTAAAGTCC,0,5189193
yqjE_yqjK_yqjD_yqjC_predicted,0.16666666666666666,5,5,CATCGGGCGCGCGGCATTCT,0,5180264
yqjE_yqjK_yqjD_yqjC_predicted,0.16666666666666666,5,5,CATCCGAGGCTCTGAGTGAA,0,5176324
yqjE_yqjK_yqjD_yqjC_predicted,0.16666666666666666,5,5,CATCATATCCAGTCATAGGT,0,5239385
yqjE_yqjK_yqjD_yqjC_predicted,0.16666666666666666,5,5,CATATATCTTAGCCAGCGTA,0,5177139
yqjE_yqjK_yqjD_yqjC_predicted,0.16666666666666666,5,5,CATACGCTGGCACGGGTCAG,0,5186637
yqjE_yqjK_yqjD_yqjC_predicted,0.16666666666666666,5,5,CATAAGGAGACGGGATTTAT,0,5182322
yqjE_yqjK_yqjD_yqjC_predicted,0.16666666666666666,5,5,CAGTTGAAGTACTGGATAAT,0,5199249
yqjE_yqjK_yqjD_yqjC_predicted,0.16666666666666666,5,5,CAGTTCGGGCCGGATTAATT,0,5197445
yqjE_yqjK_yqjD_yqjC_predicted,0.16666666666666666,5,5,CAGTGTAGCATAGAGGCGCG,0,5179930
yqjE_yqjK_yqjD_yqjC_predicted,0.16666666666666666,5,5,CAGTGCTAAAAGGGAAACGT,0,5222431
yqjE_yqjK_yqjD_yqjC_predicted,0.16666666666666666,5,5,CAGTCAGGGTGTCCGGGGAG,0,5196304
yqjE_yqjK_yqjD_yqjC_predicted,0.16666666666666666,5,5,CAGGGTAAATCAGTTCCATT,0,5240723
yqjE_yqjK_yqjD_yqjC_predicted,0.16666666666666666,5,5,CAGGGCCTAATCTAATGGTA,0,5226872
yqjE_yqjK_yqjD_yqjC_predicted,0.16666666666666666,5,5,CAGGGCACATCACGGTCAGG,0,5181880
yqjE_yqjK_yqjD_yqjC_predicted,0.16666666666666666,5,5,CAGGGATGTCCGAACTGAAC,0,5251876
yqjE_yqjK_yqjD_yqjC_predicted,0.16666666666666666,5,5,CAGGCGCGTAACGGTCAAGT,0,5201163
yqjE_yqjK_yqjD_yqjC_predicted,0.16666666666666666,5,5,CAGGCGAACAATGTCAGGCA,0,5237350
yqjE_yqjK_yqjD_yqjC_predicted,0.16666666666666666,5,5,CAGGCCCCACGATCCTAATG,0,5215325
yqjE_yqjK_yqjD_yqjC_predicted,0.16666666666666666,5,5,CAGGAGAAGTATATCTGGGA,0,5209013
yqjE_yqjK_yqjD_yqjC_predicted,0.16666666666666666,5,5,CAGGACGGAACCCCCACAGA,0,5205683
yqjE_yqjK_yqjD_yqjC_predicted,0.16666666666666666,5,5,CAGCTTTAACGCAACTGATT,0,5222917
yqjE_yqjK_yqjD_yqjC_predicted,0.16666666666666666,5,5,CAGCGTTAGAACTTTCTAGC,0,5245222
yqjE_yqjK_yqjD_yqjC_predicted,0.16666666666666666,5,5,CAGCGTGCGGGCAATTGCAT,0,5194366
yqjE_yqjK_yqjD_yqjC_predicted,0.16666666666666666,5,5,CAGCCGAAGTGCGTCCGTTA,0,5245412
yqjE_yqjK_yqjD_yqjC_predicted,0.16666666666666666,5,5,CAGAGATAGGCCCCGGACAC,0,5237019
yqjE_yqjK_yqjD_yqjC_predicted,0.16666666666666666,5,5,CAGACTAATAGTGAATTTTA,0,5238890
yqjE_yqjK_yqjD_yqjC_predicted,0.16666666666666666,5,5,CAGAAATAGTGGTTAACTCT,0,5183802
yqjE_yqjK_yqjD_yqjC_predicted,0.16666666666666666,5,5,CAGAAAAGCAGAGTTAAACT,0,5214552
yqjE_yqjK_yqjD_yqjC_predicted,0.16666666666666666,5,5,CACTTTTGGAGTTACCTCAA,0,5223131
yqjE_yqjK_yqjD_yqjC_predicted,0.16666666666666666,5,5,CACTGATGTAGCAATGTGCG,0,5197082
yqjE_yqjK_yqjD_yqjC_predicted,0.16666666666666666,5,5,CACTCTGAGGATTGATCCGG,0,5224422
yqjE_yqjK_yqjD_yqjC_predicted,0.16666666666666666,5,5,CACTAGGTAGGAGAATGCTC,0,5174473
yqjE_yqjK_yqjD_yqjC_predicted,0.16666666666666666,5,5,CACTACCTTCCCGGTGATGC,0,5262118
yqjE_yqjK_yqjD_yqjC_predicted,0.16666666666666666,5,5,CACTACCCTGTGAAGTACAT,0,5215413
yqjE_yqjK_yqjD_yqjC_predicted,0.16666666666666666,5,5,CACGTTGGGAAAACGGATGG,0,5222417
yqjE_yqjK_yqjD_yqjC_predicted,0.16666666666666666,5,5,CACGGTCCAACATAGATAAT,0,5191028
yqjE_yqjK_yqjD_yqjC_predicted,0.16666666666666666,5,5,CACGGAGTTTGATGATGAGT,0,5247617
yqjE_yqjK_yqjD_yqjC_predicted,0.16666666666666666,5,5,CACGATCAGAGGTCCAGGAG,0,5211227
yqjE_yqjK_yqjD_yqjC_predicted,0.16666666666666666,5,5,CACCCGCAATGCCTTCCATG,0,5194998
yqjE_yqjK_yqjD_yqjC_predicted,0.16666666666666666,5,5,CACCCCCGCTCAACAAGCAA,0,5231802
yqjE_yqjK_yqjD_yqjC_predicted,0.16666666666666666,5,5,CACATTGTGTTGGCGGGGGG,0,5213698
yqjE_yqjK_yqjD_yqjC_predicted,0.16666666666666666,5,5,CACACCTTTCTCTCACGATG,0,5183076
yqjE_yqjK_yqjD_yqjC_predicted,0.16666666666666666,5,5,CACACCACGTCGGCTAATTA,0,5242549
yqjE_yqjK_yqjD_yqjC_predicted,0.16666666666666666,5,5,CACACACGCATGCACCAAGG,0,5221935
yqjE_yqjK_yqjD_yqjC_predicted,0.16666666666666666,5,5,CACACAACAGCCGGATGTGT,0,5203189
yqjE_yqjK_yqjD_yqjC_predicted,0.16666666666666666,5,5,CACAAGTACGCCCCATAGTG,0,5237917
yqjE_yqjK_yqjD_yqjC_predicted,0.16666666666666666,5,5,CAATTCAATAGGGTCACAGG,0,5218380
yqjE_yqjK_yqjD_yqjC_predicted,0.16666666666666666,5,5,CAAGTAAGCCACAGGCACCA,0,5182019
yqjE_yqjK_yqjD_yqjC_predicted,0.16666666666666666,5,5,CAAGGATCAAGAGGCTTTGT,0,5261207
yqjE_yqjK_yqjD_yqjC_predicted,0.16666666666666666,5,5,CAACTTGAGACATGGTGCTG,0,5249463
yqjE_yqjK_yqjD_yqjC_predicted,0.16666666666666666,5,5,CAACCTGACTGAAACTGCCA,0,5228440
yqjE_yqjK_yqjD_yqjC_predicted,0.16666666666666666,5,5,CAACATTTTTCGGACAAGTG,0,5232992
yqjE_yqjK_yqjD_yqjC_predicted,0.16666666666666666,5,5,CAACATAACTTCTCAGTTTT,0,5229827
yqjE_yqjK_yqjD_yqjC_predicted,0.16666666666666666,5,5,CAAACTCTCGGCGGTGGCGT,0,5176716
yqjE_yqjK_yqjD_yqjC_predicted,0.16666666666666666,5,5,CAAAAGACGGACGATATGAA,0,5172255
yqjE_yqjK_yqjD_yqjC_predicted,0.16666666666666666,5,5,CAAAAAGTGAATTTTATCCG,0,5231249
yqjE_yqjK_yqjD_yqjC_predicted,0.16666666666666666,5,5,ATTTGTTATGTAACACGACT,0,5239949
yqjE_yqjK_yqjD_yqjC_predicted,0.16666666666666666,5,5,ATTTGGCTCGCGGCAACCCA,0,5196196
yqjE_yqjK_yqjD_yqjC_predicted,0.16666666666666666,5,5,ATTTGGATCTTCAATGCACC,0,5232425
yqjE_yqjK_yqjD_yqjC_predicted,0.16666666666666666,5,5,ATTTCATGGACGCAGACACT,0,5248470
yqjE_yqjK_yqjD_yqjC_predicted,0.16666666666666666,5,5,ATTTAGTGTGTTAGGCGGTA,0,5229703
yqjE_yqjK_yqjD_yqjC_predicted,0.16666666666666666,5,5,ATTTAGAACAGCGGTCTTCG,0,5217180
yqjE_yqjK_yqjD_yqjC_predicted,0.16666666666666666,5,5,ATTGGTGATCAGACGTTCAG,0,5223882
yqjE_yqjK_yqjD_yqjC_predicted,0.16666666666666666,5,5,ATTGGGCTTGCCTAACTTAG,0,5217624
yqjE_yqjK_yqjD_yqjC_predicted,0.16666666666666666,5,5,ATTGGGCTGGGGCACGCGTC,0,5256263
yqjE_yqjK_yqjD_yqjC_predicted,0.16666666666666666,5,5,ATTGAGTCTAGGCGATCTGG,0,5197304
yqjE_yqjK_yqjD_yqjC_predicted,0.16666666666666666,5,5,ATTCCGGATCGCCAGAGGGT,0,5219111
yqjE_yqjK_yqjD_yqjC_predicted,0.16666666666666666,5,5,ATTCCCTGCTGATGTTCTAT,0,5243335
yqjE_yqjK_yqjD_yqjC_predicted,0.16666666666666666,5,5,ATTCAAAGAATGAATTCTCA,0,5210969
yqjE_yqjK_yqjD_yqjC_predicted,0.16666666666666666,5,5,ATTATCACACACGCACGATC,0,5255841
yqjE_yqjK_yqjD_yqjC_predicted,0.16666666666666666,5,5,ATTAGGGAAAGGTCAAGTAA,0,5251616
yqjE_yqjK_yqjD_yqjC_predicted,0.16666666666666666,5,5,ATTAGGCTAGCTGATCCGTC,0,5204770
yqjE_yqjK_yqjD_yqjC_predicted,0.16666666666666666,5,5,ATTACGCTGGGCTTTGACCA,0,5215352
yqjE_yqjK_yqjD_yqjC_predicted,0.16666666666666666,5,5,ATGTTGGAACAGACACACGC,0,5198404
yqjE_yqjK_yqjD_yqjC_predicted,0.16666666666666666,5,5,ATGTTCGTTAATTTCAAACT,0,5227567
yqjE_yqjK_yqjD_yqjC_predicted,0.16666666666666666,5,5,ATGTGTGGCTCCTTGGGGGT,0,5173847
yqjE_yqjK_yqjD_yqjC_predicted,0.16666666666666666,5,5,ATGTCTACGCGTACGCCCTG,0,5204846
yqjE_yqjK_yqjD_yqjC_predicted,0.16666666666666666,5,5,ATGTATGCTATGGAATTCTG,0,5205355
yqjE_yqjK_yqjD_yqjC_predicted,0.16666666666666666,5,5,ATGGTCGGGTTACCCCGCGC,0,5236134
yqjE_yqjK_yqjD_yqjC_predicted,0.16666666666666666,5,5,ATGGGTTGTGCTGTATTTCT,0,5243980
yqjE_yqjK_yqjD_yqjC_predicted,0.16666666666666666,5,5,ATGGATTTTAACCGTGGTGG,0,5187102
yqjE_yqjK_yqjD_yqjC_predicted,0.16666666666666666,5,5,ATGGATGGACGTCGTTGTTT,0,5261565
yqjE_yqjK_yqjD_yqjC_predicted,0.16666666666666666,5,5,ATGGAGCTGGTGTAGTCACG,0,5209684
yqjE_yqjK_yqjD_yqjC_predicted,0.16666666666666666,5,5,ATGCTGAGGCGAAGTACAAG,0,5228113
yqjE_yqjK_yqjD_yqjC_predicted,0.16666666666666666,5,5,ATGCCCGGAGCGTGGAATTT,0,5203184
yqjE_yqjK_yqjD_yqjC_predicted,0.16666666666666666,5,5,ATGCCAGATGAGGCTTGTGA,0,5241045
yqjE_yqjK_yqjD_yqjC_predicted,0.16666666666666666,5,5,ATGCACGGTCGCCTAGTTCG,0,5259779
yqjE_yqjK_yqjD_yqjC_predicted,0.16666666666666666,5,5,ATGACGCGCTCTAACCGCAA,0,5205759
yqjE_yqjK_yqjD_yqjC_predicted,0.16666666666666666,5,5,ATGACGATTCGCCCGCCCCC,0,5235647
yqjE_yqjK_yqjD_yqjC_predicted,0.16666666666666666,5,5,ATGACAGGGCCAATATCCAT,0,5221458
yqjE_yqjK_yqjD_yqjC_predicted,0.16666666666666666,5,5,ATGAACCTAGAGTTACATCA,0,5210959
yqjE_yqjK_yqjD_yqjC_predicted,0.16666666666666666,5,5,ATGAACCACCCTCTCGTCCC,0,5230367
yqjE_yqjK_yqjD_yqjC_predicted,0.16666666666666666,5,5,ATCTGGGTGCGTGCTAAGAA,0,5190875
yqjE_yqjK_yqjD_yqjC_predicted,0.16666666666666666,5,5,ATCTACTCGTAGGGGATACA,0,5256934
yqjE_yqjK_yqjD_yqjC_predicted,0.16666666666666666,5,5,ATCTACCTTGTAGCGCCATA,0,5250621
yqjE_yqjK_yqjD_yqjC_predicted,0.16666666666666666,5,5,ATCGTGTGTAAGTAGTGAGT,0,5225864
yqjE_yqjK_yqjD_yqjC_predicted,0.16666666666666666,5,5,ATCGTGTGCTTAAATTCAAG,0,5238928
yqjE_yqjK_yqjD_yqjC_predicted,0.16666666666666666,5,5,ATCGTATGGGGGATTCCATC,0,5196936
yqjE_yqjK_yqjD_yqjC_predicted,0.16666666666666666,5,5,ATCGTACGTTGAGCTATCCC,0,5238581
yqjE_yqjK_yqjD_yqjC_predicted,0.16666666666666666,5,5,ATCGAAGTGTTAATAGCCTC,0,5248811
yqjE_yqjK_yqjD_yqjC_predicted,0.16666666666666666,5,5,ATCCTTTTTGAGAACTTAAA,0,5178233
yqjE_yqjK_yqjD_yqjC_predicted,0.16666666666666666,5,5,ATCCTTTACGACGCAGCAAG,0,5230444
yqjE_yqjK_yqjD_yqjC_predicted,0.16666666666666666,5,5,ATCCTTGGCTGGAGAGACGC,0,5199677
yqjE_yqjK_yqjD_yqjC_predicted,0.16666666666666666,5,5,ATCCGTTTGATCGCTCCCGT,0,5254878
yqjE_yqjK_yqjD_yqjC_predicted,0.16666666666666666,5,5,ATCCGTCGTGGTCCCCAGAT,0,5213688
yqjE_yqjK_yqjD_yqjC_predicted,0.16666666666666666,5,5,ATCCGGCATATCCCGTGGGG,0,5203231
yqjE_yqjK_yqjD_yqjC_predicted,0.16666666666666666,5,5,ATCCGATCAGAGGAACTGAT,0,5195680
yqjE_yqjK_yqjD_yqjC_predicted,0.16666666666666666,5,5,ATCCAGACCAGTGCAGTGAA,0,5206367
yqjE_yqjK_yqjD_yqjC_predicted,0.16666666666666666,5,5,ATCAGGTAAGGGCCATCGTC,0,5186344
yqjE_yqjK_yqjD_yqjC_predicted,0.16666666666666666,5,5,ATCAGACTCAACTAAAGAAC,0,5240224
yqjE_yqjK_yqjD_yqjC_predicted,0.16666666666666666,5,5,ATCACTCGAGGCCCGGACTC,0,5243110
yqjE_yqjK_yqjD_yqjC_predicted,0.16666666666666666,5,5,ATCAACTCATCCCGTTGAAG,0,5230569
yqjE_yqjK_yqjD_yqjC_predicted,0.16666666666666666,5,5,ATCAAAATTGGGCGCACAGC,0,5219361
yqjE_yqjK_yqjD_yqjC_predicted,0.16666666666666666,5,5,ATATTAATAGGCTGTCCAAT,0,5178092
yqjE_yqjK_yqjD_yqjC_predicted,0.16666666666666666,5,5,ATATCGAGTGGCGCACGGCA,0,5171640
yqjE_yqjK_yqjD_yqjC_predicted,0.16666666666666666,5,5,ATATCATCTCGGTGGTTTTC,0,5256522
yqjE_yqjK_yqjD_yqjC_predicted,0.16666666666666666,5,5,ATATATAAACCCGGTGGTCT,0,5210858
yqjE_yqjK_yqjD_yqjC_predicted,0.16666666666666666,5,5,ATAGTCCCATGCTATTCTTT,0,5258466
yqjE_yqjK_yqjD_yqjC_predicted,0.16666666666666666,5,5,ATAGGTCCCGGCATTCCTGA,0,5228827
yqjE_yqjK_yqjD_yqjC_predicted,0.16666666666666666,5,5,ATACGTTTCATATAGCAGTA,0,5227272
yqjE_yqjK_yqjD_yqjC_predicted,0.16666666666666666,5,5,ATACGCGTGGCACAAGTCTA,0,5189623
yqjE_yqjK_yqjD_yqjC_predicted,0.16666666666666666,5,5,ATACCTTTCCAGCCGTTTAC,0,5178565
yqjE_yqjK_yqjD_yqjC_predicted,0.16666666666666666,5,5,ATACATCGGGTCTACGCAGG,0,5211342
yqjE_yqjK_yqjD_yqjC_predicted,0.16666666666666666,5,5,ATAAGGATACCGGATTAACG,0,5221004
yqjE_yqjK_yqjD_yqjC_predicted,0.16666666666666666,5,5,AGTTTAATGAAGTAAAGATC,0,5180675
yqjE_yqjK_yqjD_yqjC_predicted,0.16666666666666666,5,5,AGTTCGGGTGCACGGCACTG,0,5262902
yqjE_yqjK_yqjD_yqjC_predicted,0.16666666666666666,5,5,AGTTCGGGGGATATGCGGGA,0,5244058
yqjE_yqjK_yqjD_yqjC_predicted,0.16666666666666666,5,5,AGTTCATGAACCCGGATCTC,0,5231614
yqjE_yqjK_yqjD_yqjC_predicted,0.16666666666666666,5,5,AGTGTCCAGGGATGAATTCT,0,5173414
yqjE_yqjK_yqjD_yqjC_predicted,0.16666666666666666,5,5,AGTGGTTGCACTGGAAATCG,0,5247097
yqjE_yqjK_yqjD_yqjC_predicted,0.16666666666666666,5,5,AGTGGGGGCAGACGGGTCCG,0,5246146
yqjE_yqjK_yqjD_yqjC_predicted,0.16666666666666666,5,5,AGTGGGGCACTTGCCGTTTA,0,5225731
yqjE_yqjK_yqjD_yqjC_predicted,0.16666666666666666,5,5,AGTGGCCAGTGAGAAATTGC,0,5253854
yqjE_yqjK_yqjD_yqjC_predicted,0.16666666666666666,5,5,AGTGGCAACAAGGGATAGAG,0,5209662
yqjE_yqjK_yqjD_yqjC_predicted,0.16666666666666666,5,5,AGTGCCATAGGTATTCGCGA,0,5213869
yqjE_yqjK_yqjD_yqjC_predicted,0.16666666666666666,5,5,AGTGATTGATCCTACGACGT,0,5206067
yqjE_yqjK_yqjD_yqjC_predicted,0.16666666666666666,5,5,AGTCTAGACGTTCTGTTTAA,0,5194223
yqjE_yqjK_yqjD_yqjC_predicted,0.16666666666666666,5,5,AGTCGTGGACACGAAGCTCA,0,5204307
yqjE_yqjK_yqjD_yqjC_predicted,0.16666666666666666,5,5,AGTCCTTATACTCCACCTCG,0,5211006
yqjE_yqjK_yqjD_yqjC_predicted,0.16666666666666666,5,5,AGTCCCTGAGGTGAGCCGGG,0,5218907
yqjE_yqjK_yqjD_yqjC_predicted,0.16666666666666666,5,5,AGTCCCAAGGTCCTCGGTGG,0,5257228
yqjE_yqjK_yqjD_yqjC_predicted,0.16666666666666666,5,5,AGTCAAGTCCGGCTCACCTA,0,5222700
yqjE_yqjK_yqjD_yqjC_predicted,0.16666666666666666,5,5,AGTATGGGCAGGCCGCAGAC,0,5212406
yqjE_yqjK_yqjD_yqjC_predicted,0.16666666666666666,5,5,AGTAGTTACATGTGGCAAGA,0,5247260
yqjE_yqjK_yqjD_yqjC_predicted,0.16666666666666666,5,5,AGTAGGTATTAGGTCAGTGC,0,5257113
yqjE_yqjK_yqjD_yqjC_predicted,0.16666666666666666,5,5,AGTAGGCGTAGCCCGTAATA,0,5211213
yqjE_yqjK_yqjD_yqjC_predicted,0.16666666666666666,5,5,AGTAGGCAGTTTGCAGGGCT,0,5262646
yqjE_yqjK_yqjD_yqjC_predicted,0.16666666666666666,5,5,AGTACTAATCTGCCTCCGGG,0,5221050
yqjE_yqjK_yqjD_yqjC_predicted,0.16666666666666666,5,5,AGGTTGCGGCGGCCCGAAAT,0,5202755
yqjE_yqjK_yqjD_yqjC_predicted,0.16666666666666666,5,5,AGGTTAGTTAGTTCGTATTG,0,5214474
yqjE_yqjK_yqjD_yqjC_predicted,0.16666666666666666,5,5,AGGTTAGTAGCAACTGCTTG,0,5173412
yqjE_yqjK_yqjD_yqjC_predicted,0.16666666666666666,5,5,AGGTTACCTGGTACATCAAC,0,5204018
yqjE_yqjK_yqjD_yqjC_predicted,0.16666666666666666,5,5,AGGTTACCAATTCTTGGGCG,0,5212548
yqjE_yqjK_yqjD_yqjC_predicted,0.16666666666666666,5,5,AGGTGCCAACTAGAAAGGTA,0,5234791
yqjE_yqjK_yqjD_yqjC_predicted,0.16666666666666666,5,5,AGGTCTGGTAGCTTTAGAGC,0,5231117
yqjE_yqjK_yqjD_yqjC_predicted,0.16666666666666666,5,5,AGGTCTGATTTTGCCGTTCG,0,5249929
yqjE_yqjK_yqjD_yqjC_predicted,0.16666666666666666,5,5,AGGTCCGACTGCACCAGGAC,0,5226471
yqjE_yqjK_yqjD_yqjC_predicted,0.16666666666666666,5,5,AGGTACTGCTCAGGATTAGC,0,5253122
yqjE_yqjK_yqjD_yqjC_predicted,0.16666666666666666,5,5,AGGTACGTTGAGGGCCTGAA,0,5208555
yqjE_yqjK_yqjD_yqjC_predicted,0.16666666666666666,5,5,AGGTAAGAGATTAGTAGAGT,0,5224530
yqjE_yqjK_yqjD_yqjC_predicted,0.16666666666666666,5,5,AGGGTTAGCTCGAGACAAAT,0,5245770
yqjE_yqjK_yqjD_yqjC_predicted,0.16666666666666666,5,5,AGGGTCTACGAAAGCTTATG,0,5177118
yqjE_yqjK_yqjD_yqjC_predicted,0.16666666666666666,5,5,AGGGCTGGATGATTTTGCGC,0,5223407
yqjE_yqjK_yqjD_yqjC_predicted,0.16666666666666666,5,5,AGGGCATCGGCCTCAAGTGG,0,5243218
yqjE_yqjK_yqjD_yqjC_predicted,0.16666666666666666,5,5,AGGGATGGGGCAACGGGGAC,0,5216588
yqjE_yqjK_yqjD_yqjC_predicted,0.16666666666666666,5,5,AGGGACAGTCCTCGCGTACC,0,5176986
yqjE_yqjK_yqjD_yqjC_predicted,0.16666666666666666,5,5,AGGGAATCGCTTCAAAGTCC,0,5247530
yqjE_yqjK_yqjD_yqjC_predicted,0.16666666666666666,5,5,AGGCGTGTGTAAACAATTTC,0,5178725
yqjE_yqjK_yqjD_yqjC_predicted,0.16666666666666666,5,5,AGGCCGCAGGTGCAAACACC,0,5214240
yqjE_yqjK_yqjD_yqjC_predicted,0.16666666666666666,5,5,AGGATGGTCTGTGGGGTCGT,0,5261334
yqjE_yqjK_yqjD_yqjC_predicted,0.16666666666666666,5,5,AGGATAATCCGGTCCCCCTA,0,5211709
yqjE_yqjK_yqjD_yqjC_predicted,0.16666666666666666,5,5,AGGACAGTTCGGATCCCGAA,0,5262566
yqjE_yqjK_yqjD_yqjC_predicted,0.16666666666666666,5,5,AGGAATATCCCGAAGCTCCC,0,5257096
yqjE_yqjK_yqjD_yqjC_predicted,0.16666666666666666,5,5,AGGAACTTGCCTCCTTGCGT,0,5236905
yqjE_yqjK_yqjD_yqjC_predicted,0.16666666666666666,5,5,AGCTTCTGGCGTATTTAGCA,0,5248342
yqjE_yqjK_yqjD_yqjC_predicted,0.16666666666666666,5,5,AGCTGTTTCGCCTTACGGTC,0,5258158
yqjE_yqjK_yqjD_yqjC_predicted,0.16666666666666666,5,5,AGCTCCTGCACACGGGAACT,0,5231005
yqjE_yqjK_yqjD_yqjC_predicted,0.16666666666666666,5,5,AGCTCATCAGTCAATGTGGT,0,5233164
yqjE_yqjK_yqjD_yqjC_predicted,0.16666666666666666,5,5,AGCGGACGCCAGGGATTTAG,0,5188152
yqjE_yqjK_yqjD_yqjC_predicted,0.16666666666666666,5,5,AGCGCGGATTGGCACAGGAT,0,5205604
yqjE_yqjK_yqjD_yqjC_predicted,0.16666666666666666,5,5,AGCGCAGCTCTTAAGGCCAA,0,5250844
yqjE_yqjK_yqjD_yqjC_predicted,0.16666666666666666,5,5,AGCCTGGCACAGATAGACTT,0,5174571
yqjE_yqjK_yqjD_yqjC_predicted,0.16666666666666666,5,5,AGCCGTAATCAATTAATGTG,0,5194034
yqjE_yqjK_yqjD_yqjC_predicted,0.16666666666666666,5,5,AGCCGCTTAACAAGTGTAGT,0,5202772
yqjE_yqjK_yqjD_yqjC_predicted,0.16666666666666666,5,5,AGCCGAAGAATGGATATAAG,0,5190244
yqjE_yqjK_yqjD_yqjC_predicted,0.16666666666666666,5,5,AGCCCGGTCGAACCCAGGAG,0,5254885
yqjE_yqjK_yqjD_yqjC_predicted,0.16666666666666666,5,5,AGCCCGAGTTGATTAATAGT,0,5226076
yqjE_yqjK_yqjD_yqjC_predicted,0.16666666666666666,5,5,AGCCCCCGCAATGCTTCCAT,0,5202008
yqjE_yqjK_yqjD_yqjC_predicted,0.16666666666666666,5,5,AGCACGCACAGCGATACCTT,0,5250564
yqjE_yqjK_yqjD_yqjC_predicted,0.16666666666666666,5,5,AGCACACTAACACGGAGCCC,0,5193528
yqjE_yqjK_yqjD_yqjC_predicted,0.16666666666666666,5,5,AGCAATTGCTCGGCCCAAAT,0,5217332
yqjE_yqjK_yqjD_yqjC_predicted,0.16666666666666666,5,5,AGATTTGTGTGCCCCGTTTC,0,5213320
yqjE_yqjK_yqjD_yqjC_predicted,0.16666666666666666,5,5,AGATTTGGGGCGATATAGTT,0,5251829
yqjE_yqjK_yqjD_yqjC_predicted,0.16666666666666666,5,5,AGATTATTCATGCTTTGGTC,0,5201516
yqjE_yqjK_yqjD_yqjC_predicted,0.16666666666666666,5,5,AGATTAATGCCTGTTTGTAG,0,5257881
yqjE_yqjK_yqjD_yqjC_predicted,0.16666666666666666,5,5,AGATGTGGTTTACATGGTCC,0,5255952
yqjE_yqjK_yqjD_yqjC_predicted,0.16666666666666666,5,5,AGATCTCCGTATGGGTGTGT,0,5185907
yqjE_yqjK_yqjD_yqjC_predicted,0.16666666666666666,5,5,AGATCAAGACCCGTTGCCGT,0,5260439
yqjE_yqjK_yqjD_yqjC_predicted,0.16666666666666666,5,5,AGATATTCACGCTCGTACTA,0,5181750
yqjE_yqjK_yqjD_yqjC_predicted,0.16666666666666666,5,5,AGAGTCAACACCCTGGCTCT,0,5184657
yqjE_yqjK_yqjD_yqjC_predicted,0.16666666666666666,5,5,AGAGGAGATTTCAAGAGAAT,0,5234818
yqjE_yqjK_yqjD_yqjC_predicted,0.16666666666666666,5,5,AGAGCCCTGCTCTGCGATCA,0,5231027
yqjE_yqjK_yqjD_yqjC_predicted,0.16666666666666666,5,5,AGAGACATTTTCAATGCTCT,0,5231111
yqjE_yqjK_yqjD_yqjC_predicted,0.16666666666666666,5,5,AGACCATGCGTTTTGGCAAT,0,5242129
yqjE_yqjK_yqjD_yqjC_predicted,0.16666666666666666,5,5,AGACAGGAGTACTTGGACCA,0,5191440
yqjE_yqjK_yqjD_yqjC_predicted,0.16666666666666666,5,5,AGAATGCCCGTATTAATAAT,0,5215182
yqjE_yqjK_yqjD_yqjC_predicted,0.16666666666666666,5,5,AGAAGTGGAATAGGAACGTG,0,5224991
yqjE_yqjK_yqjD_yqjC_predicted,0.16666666666666666,5,5,AGAAAATGCCGAATGGCACA,0,5202345
yqjE_yqjK_yqjD_yqjC_predicted,0.16666666666666666,5,5,AGAAAATAGCCGGGGGGCCT,0,5232997
yqjE_yqjK_yqjD_yqjC_predicted,0.16666666666666666,5,5,ACTTGGTGGGCCAACACCGT,0,5233987
yqjE_yqjK_yqjD_yqjC_predicted,0.16666666666666666,5,5,ACTTGGTAATCGTCATTCGG,0,5235493
yqjE_yqjK_yqjD_yqjC_predicted,0.16666666666666666,5,5,ACTTATATCTCTCAACTGAC,0,5171225
yqjE_yqjK_yqjD_yqjC_predicted,0.16666666666666666,5,5,ACTTAGTTAATATTGGGTAC,0,5208505
yqjE_yqjK_yqjD_yqjC_predicted,0.16666666666666666,5,5,ACTGTAAGCCACTAGCCGAG,0,5217779
yqjE_yqjK_yqjD_yqjC_predicted,0.16666666666666666,5,5,ACTGGCCGATGGAGGTGCGC,0,5249047
yqjE_yqjK_yqjD_yqjC_predicted,0.16666666666666666,5,5,ACTCTGACCAACCCTAAATC,0,5230239
yqjE_yqjK_yqjD_yqjC_predicted,0.16666666666666666,5,5,ACTCTACGTGATTGGTGTCT,0,5220332
yqjE_yqjK_yqjD_yqjC_predicted,0.16666666666666666,5,5,ACTCGCGTATGATGTACAAC,0,5219946
yqjE_yqjK_yqjD_yqjC_predicted,0.16666666666666666,5,5,ACTATGAAACGGCAGACGAC,0,5200320
yqjE_yqjK_yqjD_yqjC_predicted,0.16666666666666666,5,5,ACTATCTGACGCTCCTTCGT,0,5236694
yqjE_yqjK_yqjD_yqjC_predicted,0.16666666666666666,5,5,ACTATAAGCTCGACTAGGCT,0,5178494
yqjE_yqjK_yqjD_yqjC_predicted,0.16666666666666666,5,5,ACTATAACTAGCGACTGGCC,0,5214167
yqjE_yqjK_yqjD_yqjC_predicted,0.16666666666666666,5,5,ACTAGACGGGTTCTGATCAC,0,5203381
yqjE_yqjK_yqjD_yqjC_predicted,0.16666666666666666,5,5,ACTACGTTGATTTTTCACTA,0,5233176
yqjE_yqjK_yqjD_yqjC_predicted,0.16666666666666666,5,5,ACTACACCGGAGCGGCTATC,0,5226913
yqjE_yqjK_yqjD_yqjC_predicted,0.16666666666666666,5,5,ACTAAAATATATCCTCGTTT,0,5218537
yqjE_yqjK_yqjD_yqjC_predicted,0.16666666666666666,5,5,ACGTTCGATACGTGCGGTCA,0,5251882
yqjE_yqjK_yqjD_yqjC_predicted,0.16666666666666666,5,5,ACGTGTTTCGGGGCATAGGG,0,5205607
yqjE_yqjK_yqjD_yqjC_predicted,0.16666666666666666,5,5,ACGTGCAATGATAGTCACGG,0,5188650
yqjE_yqjK_yqjD_yqjC_predicted,0.16666666666666666,5,5,ACGTGAAGTATGACGTGGCG,0,5247713
yqjE_yqjK_yqjD_yqjC_predicted,0.16666666666666666,5,5,ACGTCCGAAAACGCAAGAAC,0,5228102
yqjE_yqjK_yqjD_yqjC_predicted,0.16666666666666666,5,5,ACGTACGACTAGGCTGTTGA,0,5260271
yqjE_yqjK_yqjD_yqjC_predicted,0.16666666666666666,5,5,ACGTAAAAGGTCTATAAATA,0,5182770
yqjE_yqjK_yqjD_yqjC_predicted,0.16666666666666666,5,5,ACGGGTCAGATAGGTGCCTT,0,5210479
yqjE_yqjK_yqjD_yqjC_predicted,0.16666666666666666,5,5,ACGGGATTCTTTTGCTATTC,0,5254026
yqjE_yqjK_yqjD_yqjC_predicted,0.16666666666666666,5,5,ACGGCCACTATTTACACTAG,0,5228884
yqjE_yqjK_yqjD_yqjC_predicted,0.16666666666666666,5,5,ACGGATCGGCTAGTGTTGGC,0,5198727
yqjE_yqjK_yqjD_yqjC_predicted,0.16666666666666666,5,5,ACGGAAAAAATATAGCCATT,0,5223403
yqjE_yqjK_yqjD_yqjC_predicted,0.16666666666666666,5,5,ACGCTGCCCTGTATTCAGTT,0,5231314
yqjE_yqjK_yqjD_yqjC_predicted,0.16666666666666666,5,5,ACGCGTGTATTGGGGACTTA,0,5194288
yqjE_yqjK_yqjD_yqjC_predicted,0.16666666666666666,5,5,ACGCGCGTCACGATCAGATA,0,5238738
yqjE_yqjK_yqjD_yqjC_predicted,0.16666666666666666,5,5,ACGCGCAAACGCCTATGCAA,0,5241523
yqjE_yqjK_yqjD_yqjC_predicted,0.16666666666666666,5,5,ACGCGACCCTGGCCAAAAGC,0,5186790
yqjE_yqjK_yqjD_yqjC_predicted,0.16666666666666666,5,5,ACGCACCGGAAGTTACCGAA,0,5216208
yqjE_yqjK_yqjD_yqjC_predicted,0.16666666666666666,5,5,ACGCACAGTACTTGAAAGGT,0,5223484
yqjE_yqjK_yqjD_yqjC_predicted,0.16666666666666666,5,5,ACGATCGAAGCGTAGCATAG,0,5234685
yqjE_yqjK_yqjD_yqjC_predicted,0.16666666666666666,5,5,ACGATATTATTGGGTACTCC,0,5248417
yqjE_yqjK_yqjD_yqjC_predicted,0.16666666666666666,5,5,ACGACTCAGGCAGCAGATCC,0,5218102
yqjE_yqjK_yqjD_yqjC_predicted,0.16666666666666666,5,5,ACGACGCGCCACCATTCGTC,0,5236360
yqjE_yqjK_yqjD_yqjC_predicted,0.16666666666666666,5,5,ACGAATGTACTTTAGTCGTT,0,5232884
yqjE_yqjK_yqjD_yqjC_predicted,0.16666666666666666,5,5,ACGAAAGGTGGGGGTGTTTT,0,5203912
yqjE_yqjK_yqjD_yqjC_predicted,0.16666666666666666,5,5,ACCTTTTGGGCGCGGTTCTA,0,5232248
yqjE_yqjK_yqjD_yqjC_predicted,0.16666666666666666,5,5,ACCTTGTGATTCAGTCCTTG,0,5249487
yqjE_yqjK_yqjD_yqjC_predicted,0.16666666666666666,5,5,ACCTAGCTCGCATGGTCGCA,0,5178623
yqjE_yqjK_yqjD_yqjC_predicted,0.16666666666666666,5,5,ACCGTCAGCTCTTAACGCCC,0,5180940
yqjE_yqjK_yqjD_yqjC_predicted,0.16666666666666666,5,5,ACCGGCGCAACCGTAGGCTG,0,5214104
yqjE_yqjK_yqjD_yqjC_predicted,0.16666666666666666,5,5,ACCGGATAATTGAGAGCTTT,0,5182355
yqjE_yqjK_yqjD_yqjC_predicted,0.16666666666666666,5,5,ACCGCGATTCTCTTTGAGGC,0,5179294
yqjE_yqjK_yqjD_yqjC_predicted,0.16666666666666666,5,5,ACCGAGGGATCATTTTTAGC,0,5258704
yqjE_yqjK_yqjD_yqjC_predicted,0.16666666666666666,5,5,ACCGAAGTTCGACTGAATGA,0,5262911
yqjE_yqjK_yqjD_yqjC_predicted,0.16666666666666666,5,5,ACCGAAGTGTCTAATCCTCG,0,5233958
yqjE_yqjK_yqjD_yqjC_predicted,0.16666666666666666,5,5,ACCCTTTGTAAGGTACCGGC,0,5249824
yqjE_yqjK_yqjD_yqjC_predicted,0.16666666666666666,5,5,ACCCGTGCCTCACGGAACTC,0,5224366
yqjE_yqjK_yqjD_yqjC_predicted,0.16666666666666666,5,5,ACCCGCAACGTGACTGTACG,0,5188421
yqjE_yqjK_yqjD_yqjC_predicted,0.16666666666666666,5,5,ACCCGACGATGCTCTACTAT,0,5217119
yqjE_yqjK_yqjD_yqjC_predicted,0.16666666666666666,5,5,ACCCCTCACATTAGATCAAC,0,5192410
yqjE_yqjK_yqjD_yqjC_predicted,0.16666666666666666,5,5,ACCCCACTACGCGTAATCCA,0,5213695
yqjE_yqjK_yqjD_yqjC_predicted,0.16666666666666666,5,5,ACCCACCCAATCCTCGGCGT,0,5243890
yqjE_yqjK_yqjD_yqjC_predicted,0.16666666666666666,5,5,ACCATGCATCTGGGCACCCT,0,5172177
yqjE_yqjK_yqjD_yqjC_predicted,0.16666666666666666,5,5,ACCAGGAGAAGATTAGCGCC,0,5210907
yqjE_yqjK_yqjD_yqjC_predicted,0.16666666666666666,5,5,ACCACTGACTCAACAAGGGA,0,5196237
yqjE_yqjK_yqjD_yqjC_predicted,0.16666666666666666,5,5,ACCACAACACAGGTGTCAAC,0,5187376
yqjE_yqjK_yqjD_yqjC_predicted,0.16666666666666666,5,5,ACCAAGAATAAGAGCCGCAG,0,5249044
yqjE_yqjK_yqjD_yqjC_predicted,0.16666666666666666,5,5,ACATTCGAACCGTATCACAG,0,5251149
yqjE_yqjK_yqjD_yqjC_predicted,0.16666666666666666,5,5,ACATGGAAACGTTCGTCGTC,0,5234969
yqjE_yqjK_yqjD_yqjC_predicted,0.16666666666666666,5,5,ACATGAGTTGTTTGTCCAGC,0,5224435
yqjE_yqjK_yqjD_yqjC_predicted,0.16666666666666666,5,5,ACAGTCTTTTCGCTTTTTTT,0,5176071
yqjE_yqjK_yqjD_yqjC_predicted,0.16666666666666666,5,5,ACAGGTAGATGCGTCAGCAG,0,5186975
yqjE_yqjK_yqjD_yqjC_predicted,0.16666666666666666,5,5,ACAGGGTTCTCGCTAGGTGT,0,5195705
yqjE_yqjK_yqjD_yqjC_predicted,0.16666666666666666,5,5,ACAGCTTTGAACAACCTCAT,0,5208096
yqjE_yqjK_yqjD_yqjC_predicted,0.16666666666666666,5,5,ACAGCTCGGCCCTATCGGGA,0,5193122
yqjE_yqjK_yqjD_yqjC_predicted,0.16666666666666666,5,5,ACAGCTCATGTTCCCGGTCA,0,5236964
yqjE_yqjK_yqjD_yqjC_predicted,0.16666666666666666,5,5,ACAGCGACTTTAACTAATCG,0,5191865
yqjE_yqjK_yqjD_yqjC_predicted,0.16666666666666666,5,5,ACAGCCTAATTTCCGGCCAC,0,5233571
yqjE_yqjK_yqjD_yqjC_predicted,0.16666666666666666,5,5,ACACGCCCTCATGGAAAGAC,0,5182829
yqjE_yqjK_yqjD_yqjC_predicted,0.16666666666666666,5,5,ACACGCCCAGGCCTTAAGCA,0,5221573
yqjE_yqjK_yqjD_yqjC_predicted,0.16666666666666666,5,5,ACACGAGCCGAGCCAGGGGG,0,5210816
yqjE_yqjK_yqjD_yqjC_predicted,0.16666666666666666,5,5,ACACGAACCGATGTGAGTGC,0,5239957
yqjE_yqjK_yqjD_yqjC_predicted,0.16666666666666666,5,5,ACACCTGTTGTGCACGAATC,0,5178200
yqjE_yqjK_yqjD_yqjC_predicted,0.16666666666666666,5,5,ACACCGAGCATCATGCCTGA,0,5220146
yqjE_yqjK_yqjD_yqjC_predicted,0.16666666666666666,5,5,ACACAGAATCCTTATAAAAC,0,5239879
yqjE_yqjK_yqjD_yqjC_predicted,0.16666666666666666,5,5,ACAATGCCGTTGAATTCACG,0,5194692
yqjE_yqjK_yqjD_yqjC_predicted,0.16666666666666666,5,5,ACAATCTGCTTCACTGCTGG,0,5205111
yqjE_yqjK_yqjD_yqjC_predicted,0.16666666666666666,5,5,ACAATATCGGCGCGAACCGT,0,5226353
yqjE_yqjK_yqjD_yqjC_predicted,0.16666666666666666,5,5,ACAAGCCTCGAGTGATGGCA,0,5235075
yqjE_yqjK_yqjD_yqjC_predicted,0.16666666666666666,5,5,ACAAATACAGTTCGGGAAGT,0,5251283
yqjE_yqjK_yqjD_yqjC_predicted,0.16666666666666666,5,5,ACAAAGGACAGCCAGGCGCA,0,5171101
yqjE_yqjK_yqjD_yqjC_predicted,0.16666666666666666,5,5,ACAAAGCTTATTAGGGCTAC,0,5225267
yqjE_yqjK_yqjD_yqjC_predicted,0.16666666666666666,5,5,ACAAAACCGAACGTTGAGAT,0,5205448
yqjE_yqjK_yqjD_yqjC_predicted,0.16666666666666666,5,5,AATTTTCTTAGTGGTGGTTC,0,5259184
yqjE_yqjK_yqjD_yqjC_predicted,0.16666666666666666,5,5,AATTGAGGTGTGGCGGGCAA,0,5185339
yqjE_yqjK_yqjD_yqjC_predicted,0.16666666666666666,5,5,AATTCCGTCAACCGGCATGC,0,5254512
yqjE_yqjK_yqjD_yqjC_predicted,0.16666666666666666,5,5,AATTAAGGTAGAAATTGAAG,0,5245818
yqjE_yqjK_yqjD_yqjC_predicted,0.16666666666666666,5,5,AATGGCGTTTGGCGCGTTCG,0,5212876
yqjE_yqjK_yqjD_yqjC_predicted,0.16666666666666666,5,5,AATGATCGGGGAAACTACGC,0,5260810
yqjE_yqjK_yqjD_yqjC_predicted,0.16666666666666666,5,5,AATGATCCTATTCATGTCAG,0,5194879
yqjE_yqjK_yqjD_yqjC_predicted,0.16666666666666666,5,5,AATGAAGTTCACTACCTGCA,0,5192892
yqjE_yqjK_yqjD_yqjC_predicted,0.16666666666666666,5,5,AATCGTGGGGTAGATTTTTG,0,5243640
yqjE_yqjK_yqjD_yqjC_predicted,0.16666666666666666,5,5,AATCATGTGGTTGAGATTGG,0,5173502
yqjE_yqjK_yqjD_yqjC_predicted,0.16666666666666666,5,5,AATCAGAGCATCACTGTGCA,0,5252875
yqjE_yqjK_yqjD_yqjC_predicted,0.16666666666666666,5,5,AATCAAAGCAGATCTGGACC,0,5211738
yqjE_yqjK_yqjD_yqjC_predicted,0.16666666666666666,5,5,AATATTGGAGGTGACGGATT,0,5257682
yqjE_yqjK_yqjD_yqjC_predicted,0.16666666666666666,5,5,AATATCTCCTTCACGCGGCA,0,5228042
yqjE_yqjK_yqjD_yqjC_predicted,0.16666666666666666,5,5,AATATCCTGACTCTTTCACA,0,5226299
yqjE_yqjK_yqjD_yqjC_predicted,0.16666666666666666,5,5,AATACGTCAAAAATATTTGG,0,5256318
yqjE_yqjK_yqjD_yqjC_predicted,0.16666666666666666,5,5,AATACCACCAACAACAGGCT,0,5200569
yqjE_yqjK_yqjD_yqjC_predicted,0.16666666666666666,5,5,AATAAGCGGGGGGGTGATAT,0,5207917
yqjE_yqjK_yqjD_yqjC_predicted,0.16666666666666666,5,5,AATAAAAATTGGAAACGAAT,0,5180757
yqjE_yqjK_yqjD_yqjC_predicted,0.16666666666666666,5,5,AAGTTGCCTTCGGTACTGGT,0,5190059
yqjE_yqjK_yqjD_yqjC_predicted,0.16666666666666666,5,5,AAGTTGAGACGAAAAGAGTT,0,5246067
yqjE_yqjK_yqjD_yqjC_predicted,0.16666666666666666,5,5,AAGTTCATTAATCGTTTGAC,0,5238511
yqjE_yqjK_yqjD_yqjC_predicted,0.16666666666666666,5,5,AAGTCCCCCGCTATTTCAGG,0,5183085
yqjE_yqjK_yqjD_yqjC_predicted,0.16666666666666666,5,5,AAGTCCAATGATAGCCGCAA,0,5202187
yqjE_yqjK_yqjD_yqjC_predicted,0.16666666666666666,5,5,AAGTACAAAAATGGCCATGT,0,5250289
yqjE_yqjK_yqjD_yqjC_predicted,0.16666666666666666,5,5,AAGTAAATCATTGAGAATGC,0,5253901
yqjE_yqjK_yqjD_yqjC_predicted,0.16666666666666666,5,5,AAGGTATTGTGAACCTTACT,0,5180643
yqjE_yqjK_yqjD_yqjC_predicted,0.16666666666666666,5,5,AAGCTGGTCGTGTGTCCAGT,0,5244862
yqjE_yqjK_yqjD_yqjC_predicted,0.16666666666666666,5,5,AAGCTGGCCCGTATCATACA,0,5252980
yqjE_yqjK_yqjD_yqjC_predicted,0.16666666666666666,5,5,AAGCTACTCACCCAACGATT,0,5191437
yqjE_yqjK_yqjD_yqjC_predicted,0.16666666666666666,5,5,AAGCCTTAAACTTCGGCCTC,0,5245133
yqjE_yqjK_yqjD_yqjC_predicted,0.16666666666666666,5,5,AAGCCGGTATTCTGTCCGGC,0,5211005
yqjE_yqjK_yqjD_yqjC_predicted,0.16666666666666666,5,5,AAGCATCGTGCGACCCATTC,0,5180432
yqjE_yqjK_yqjD_yqjC_predicted,0.16666666666666666,5,5,AAGATAGATACGGAGCGGCT,0,5247331
yqjE_yqjK_yqjD_yqjC_predicted,0.16666666666666666,5,5,AAGAGTCTTTGTACTTCTCC,0,5219577
yqjE_yqjK_yqjD_yqjC_predicted,0.16666666666666666,5,5,AAGAGTCGAAGTAAGGTTAT,0,5254814
yqjE_yqjK_yqjD_yqjC_predicted,0.16666666666666666,5,5,AAGAGCATCCGAACAGAAAC,0,5175783
yqjE_yqjK_yqjD_yqjC_predicted,0.16666666666666666,5,5,AAGACGCAGTGTATTAGCGT,0,5202398
yqjE_yqjK_yqjD_yqjC_predicted,0.16666666666666666,5,5,AAGAAGGCACGTTTGCTAGT,0,5221629
yqjE_yqjK_yqjD_yqjC_predicted,0.16666666666666666,5,5,AAGAACTCTCAGCGGGGCTC,0,5189130
yqjE_yqjK_yqjD_yqjC_predicted,0.16666666666666666,5,5,AAGAACAGACAATTGAAGGC,0,5230946
yqjE_yqjK_yqjD_yqjC_predicted,0.16666666666666666,5,5,AAGAAACACTTGGGGCAGGC,0,5212799
yqjE_yqjK_yqjD_yqjC_predicted,0.16666666666666666,5,5,AACTGGCCTACGGATGCAAG,0,5224025
yqjE_yqjK_yqjD_yqjC_predicted,0.16666666666666666,5,5,AACTGCGTCATCTGCATACA,0,5210243
yqjE_yqjK_yqjD_yqjC_predicted,0.16666666666666666,5,5,AACTGCCTTCGTACAATTAT,0,5233640
yqjE_yqjK_yqjD_yqjC_predicted,0.16666666666666666,5,5,AACGTTGTACCAGGCTACTT,0,5191465
yqjE_yqjK_yqjD_yqjC_predicted,0.16666666666666666,5,5,AACGTGGATATAGCCTTACT,0,5198798
yqjE_yqjK_yqjD_yqjC_predicted,0.16666666666666666,5,5,AACGTGAGGAATAACTTGTT,0,5183083
yqjE_yqjK_yqjD_yqjC_predicted,0.16666666666666666,5,5,AACGTCCGACGGGGGATCGG,0,5179656
yqjE_yqjK_yqjD_yqjC_predicted,0.16666666666666666,5,5,AACGGCGCCAGCTAGGACTG,0,5231544
yqjE_yqjK_yqjD_yqjC_predicted,0.16666666666666666,5,5,AACGGACCGCACCCGCTATC,0,5238939
yqjE_yqjK_yqjD_yqjC_predicted,0.16666666666666666,5,5,AACGCTCGCCCTGTATTTTT,0,5189136
yqjE_yqjK_yqjD_yqjC_predicted,0.16666666666666666,5,5,AACGCGGAGTCCACTTCATA,0,5222414
yqjE_yqjK_yqjD_yqjC_predicted,0.16666666666666666,5,5,AACGAACCTAAGGCTGCACG,0,5258930
yqjE_yqjK_yqjD_yqjC_predicted,0.16666666666666666,5,5,AACCGGGATGTAAAAAGGAC,0,5235884
yqjE_yqjK_yqjD_yqjC_predicted,0.16666666666666666,5,5,AACCGGCCCTCGCTAGTGAA,0,5234439
yqjE_yqjK_yqjD_yqjC_predicted,0.16666666666666666,5,5,AACCGCGAGCAGGCGCGGTT,0,5207348
yqjE_yqjK_yqjD_yqjC_predicted,0.16666666666666666,5,5,AACCGACCGATTCCGTGAAA,0,5210930
yqjE_yqjK_yqjD_yqjC_predicted,0.16666666666666666,5,5,AACCCGGAGTGTCCGGCGTG,0,5224979
yqjE_yqjK_yqjD_yqjC_predicted,0.16666666666666666,5,5,AACAGTGTAATCGATCGTCT,0,5177869
yqjE_yqjK_yqjD_yqjC_predicted,0.16666666666666666,5,5,AACAGTGCGACATAAGGTAG,0,5245906
yqjE_yqjK_yqjD_yqjC_predicted,0.16666666666666666,5,5,AACAAGTTCATTGTTGTAAC,0,5257719
yqjE_yqjK_yqjD_yqjC_predicted,0.16666666666666666,5,5,AACAAGCGTCACGCGTGGAT,0,5186662
yqjE_yqjK_yqjD_yqjC_predicted,0.16666666666666666,5,5,AACAAATGGTTTATGGTCCT,0,5195747
yqjE_yqjK_yqjD_yqjC_predicted,0.16666666666666666,5,5,AACAAAAGCCTTGTGAACAA,0,5228115
yqjE_yqjK_yqjD_yqjC_predicted,0.16666666666666666,5,5,AAATTGGTGGGTAGCTCCAA,0,5234717
yqjE_yqjK_yqjD_yqjC_predicted,0.16666666666666666,5,5,AAATTGCCGGTAGCATTTAC,0,5207406
yqjE_yqjK_yqjD_yqjC_predicted,0.16666666666666666,5,5,AAATGTTGGGTCAGGTAGCT,0,5201648
yqjE_yqjK_yqjD_yqjC_predicted,0.16666666666666666,5,5,AAATGGCACGAGGTGAGCTC,0,5175500
yqjE_yqjK_yqjD_yqjC_predicted,0.16666666666666666,5,5,AAATCGTGGCGTTCATAGGC,0,5253726
yqjE_yqjK_yqjD_yqjC_predicted,0.16666666666666666,5,5,AAATACGGGGATGAGCTAAT,0,5180895
yqjE_yqjK_yqjD_yqjC_predicted,0.16666666666666666,5,5,AAATAAAGAATAATTATCGA,0,5193356
yqjE_yqjK_yqjD_yqjC_predicted,0.16666666666666666,5,5,AAAGTCATTACGCTGGCTAT,0,5184754
yqjE_yqjK_yqjD_yqjC_predicted,0.16666666666666666,5,5,AAAGCCAGGCACCTACCCAA,0,5234926
yqjE_yqjK_yqjD_yqjC_predicted,0.16666666666666666,5,5,AAAGACATCTTTACTCGTGA,0,5197451
yqjE_yqjK_yqjD_yqjC_predicted,0.16666666666666666,5,5,AAAGAAAGGTTTTCGAAGTA,0,5213558
yqjE_yqjK_yqjD_yqjC_predicted,0.16666666666666666,5,5,AAACTCTGTGAGTCGTGAAT,0,5255285
yqjE_yqjK_yqjD_yqjC_predicted,0.16666666666666666,5,5,AAACCCGCGAACGCACGTGA,0,5175707
yqjE_yqjK_yqjD_yqjC_predicted,0.16666666666666666,5,5,AAAATTGGTTCGAATGGGCA,0,5186516
yqjE_yqjK_yqjD_yqjC_predicted,0.16666666666666666,5,5,AAAATCGCTTAAGTACCTTA,0,5244684
yqjE_yqjK_yqjD_yqjC_predicted,0.16666666666666666,5,5,AAAAGTGAAATTCCAGCCAC,0,5207303
yqjE_yqjK_yqjD_yqjC_predicted,0.16666666666666666,5,5,AAAAGCTTTTTACATGTCTG,0,5215167
yqjE_yqjK_yqjD_yqjC_predicted,0.16666666666666666,5,5,AAAAGATGGCGGTGATCTTT,0,5224201
yqjE_yqjK_yqjD_yqjC_predicted,0.16666666666666666,5,5,AAAACAGAGGAGAATAAGGG,0,5229803
yqjE_yqjK_yqjD_yqjC_predicted,0.16666666666666666,5,5,AAAAAGTCCATGTGCGAAAC,0,5206433
yqjE_yqjK_yqjD_yqjC_predicted,0.2,4,4,TTTTTCACGGTCTTGGGTTT,0,5208145
yqjE_yqjK_yqjD_yqjC_predicted,0.2,4,4,TTTTTAGTATAAGGAACCAG,0,5226903
yqjE_yqjK_yqjD_yqjC_predicted,0.2,4,4,TTTTTAGCATGACGTTTCGC,0,5226504
yqjE_yqjK_yqjD_yqjC_predicted,0.2,4,4,TTTTGGCTTTAACGTGGTCT,0,5199943
yqjE_yqjK_yqjD_yqjC_predicted,0.2,4,4,TTTTGAAATCCGCGGACAGT,0,5186174
yqjE_yqjK_yqjD_yqjC_predicted,0.2,4,4,TTTTCTGGGCCGATGATTTC,0,5205419
yqjE_yqjK_yqjD_yqjC_predicted,0.2,4,4,TTTTCGCCTGTACGCTTTTC,0,5252872
yqjE_yqjK_yqjD_yqjC_predicted,0.2,4,4,TTTTCGACACTGTGGGGTGG,0,5229510
yqjE_yqjK_yqjD_yqjC_predicted,0.2,4,4,TTTTCATGGTAATGCGCAGT,0,5213570
yqjE_yqjK_yqjD_yqjC_predicted,0.2,4,4,TTTTCATATGTATGGTCCGG,0,5197188
yqjE_yqjK_yqjD_yqjC_predicted,0.2,4,4,TTTTACCGACAATAAAAGGT,0,5247054
yqjE_yqjK_yqjD_yqjC_predicted,0.2,4,4,TTTGTTCCCGTTGCTATTGA,0,5241655
yqjE_yqjK_yqjD_yqjC_predicted,0.2,4,4,TTTGTCATAGTCCAGACGTG,0,5254837
yqjE_yqjK_yqjD_yqjC_predicted,0.2,4,4,TTTGGCTATCACGATGCTCA,0,5181568
yqjE_yqjK_yqjD_yqjC_predicted,0.2,4,4,TTTGGACCTCCCGCAGCCCC,0,5256145
yqjE_yqjK_yqjD_yqjC_predicted,0.2,4,4,TTTGCCAACCGTGATGATTG,0,5178846
yqjE_yqjK_yqjD_yqjC_predicted,0.2,4,4,TTTGCACTTGTCTCACTGTA,0,5213146
yqjE_yqjK_yqjD_yqjC_predicted,0.2,4,4,TTTCTCGGTACGTACCAGAT,0,5218162
yqjE_yqjK_yqjD_yqjC_predicted,0.2,4,4,TTTCTAGCTGCGACGACCCA,0,5244656
yqjE_yqjK_yqjD_yqjC_predicted,0.2,4,4,TTTCGGTCCACGGGCACCGT,0,5193123
yqjE_yqjK_yqjD_yqjC_predicted,0.2,4,4,TTTCGGACGCTAACAGGCAG,0,5259919
yqjE_yqjK_yqjD_yqjC_predicted,0.2,4,4,TTTCGATCACAGTCAGGAGT,0,5174370
yqjE_yqjK_yqjD_yqjC_predicted,0.2,4,4,TTTCGACGGCACAAGGATGA,0,5183368
yqjE_yqjK_yqjD_yqjC_predicted,0.2,4,4,TTTCCGTGATCCTACACGGG,0,5184141
yqjE_yqjK_yqjD_yqjC_predicted,0.2,4,4,TTTCCGGTAAACGCAGGAAT,0,5221159
yqjE_yqjK_yqjD_yqjC_predicted,0.2,4,4,TTTCATGAGTTTCCCTTTGG,0,5188143
yqjE_yqjK_yqjD_yqjC_predicted,0.2,4,4,TTTCACTTCTATGTTCTACC,0,5224588
yqjE_yqjK_yqjD_yqjC_predicted,0.2,4,4,TTTATGTCACCGGGGGACAA,0,5260067
yqjE_yqjK_yqjD_yqjC_predicted,0.2,4,4,TTTATGCCTAAGGCCACGGC,0,5180504
yqjE_yqjK_yqjD_yqjC_predicted,0.2,4,4,TTTAGGGAAGAATTGGGTTA,0,5197712
yqjE_yqjK_yqjD_yqjC_predicted,0.2,4,4,TTTAGCCGACGCGAGCCCCT,0,5175235
yqjE_yqjK_yqjD_yqjC_predicted,0.2,4,4,TTTAGATCGCCACAGGGGAG,0,5229656
yqjE_yqjK_yqjD_yqjC_predicted,0.2,4,4,TTTACTTCCAAGAGCCCAGC,0,5248404
yqjE_yqjK_yqjD_yqjC_predicted,0.2,4,4,TTTACGTCAAGAGAGAGGAT,0,5213242
yqjE_yqjK_yqjD_yqjC_predicted,0.2,4,4,TTTAATTAGCCGGAAGAGGG,0,5198277
yqjE_yqjK_yqjD_yqjC_predicted,0.2,4,4,TTGTTCCACTGAAGTGCCGC,0,5193258
yqjE_yqjK_yqjD_yqjC_predicted,0.2,4,4,TTGTTAGATACAGAAGGCCA,0,5205258
yqjE_yqjK_yqjD_yqjC_predicted,0.2,4,4,TTGTGGGTTACCTACATCAT,0,5172202
yqjE_yqjK_yqjD_yqjC_predicted,0.2,4,4,TTGTGGACTGGGGCACGTAC,0,5235754
yqjE_yqjK_yqjD_yqjC_predicted,0.2,4,4,TTGTGCAGGTGTTGAGAATA,0,5257421
yqjE_yqjK_yqjD_yqjC_predicted,0.2,4,4,TTGTCGCGTTCATAGCCGGA,0,5241305
yqjE_yqjK_yqjD_yqjC_predicted,0.2,4,4,TTGTCCCGTCGTCCATCCGA,0,5236579
yqjE_yqjK_yqjD_yqjC_predicted,0.2,4,4,TTGTCAAAGAGCCATCCTCC,0,5188569
yqjE_yqjK_yqjD_yqjC_predicted,0.2,4,4,TTGTATGGTTGCCATCACTG,0,5217484
yqjE_yqjK_yqjD_yqjC_predicted,0.2,4,4,TTGTACATCTTGTTGGGAAG,0,5254927
yqjE_yqjK_yqjD_yqjC_predicted,0.2,4,4,TTGGTCTCAACTCGGAAATA,0,5255422
yqjE_yqjK_yqjD_yqjC_predicted,0.2,4,4,TTGGTCCGGAGTGCGCTCTA,0,5244047
yqjE_yqjK_yqjD_yqjC_predicted,0.2,4,4,TTGGGCTTGTGTATAGGAGA,0,5212881
yqjE_yqjK_yqjD_yqjC_predicted,0.2,4,4,TTGGGCTGAAAACACAGGCT,0,5240635
yqjE_yqjK_yqjD_yqjC_predicted,0.2,4,4,TTGGACATACGCATCTCGCC,0,5258505
yqjE_yqjK_yqjD_yqjC_predicted,0.2,4,4,TTGCCGTAGTTGACAAGGAC,0,5210661
yqjE_yqjK_yqjD_yqjC_predicted,0.2,4,4,TTGCAGTCGTTGATTCTGTA,0,5227877
yqjE_yqjK_yqjD_yqjC_predicted,0.2,4,4,TTGCAGGCACACGCGAATGT,0,5200158
yqjE_yqjK_yqjD_yqjC_predicted,0.2,4,4,TTGAGCCTTGGAGGGTTAAA,0,5255969
yqjE_yqjK_yqjD_yqjC_predicted,0.2,4,4,TTGAGCCCGCGTCGGACGAG,0,5237612
yqjE_yqjK_yqjD_yqjC_predicted,0.2,4,4,TTCTTCGCGTCATTTTATGG,0,5205942
yqjE_yqjK_yqjD_yqjC_predicted,0.2,4,4,TTCTTAAGTGCCCTGGTCCA,0,5187980
yqjE_yqjK_yqjD_yqjC_predicted,0.2,4,4,TTCTGTTCCAGGGTCAGTGG,0,5221621
yqjE_yqjK_yqjD_yqjC_predicted,0.2,4,4,TTCTGTATTACCAGGTTCAA,0,5177414
yqjE_yqjK_yqjD_yqjC_predicted,0.2,4,4,TTCTGGTAACAGCCCGGACA,0,5171099
yqjE_yqjK_yqjD_yqjC_predicted,0.2,4,4,TTCTGCTCGTTTTGTACCAT,0,5236588
yqjE_yqjK_yqjD_yqjC_predicted,0.2,4,4,TTCTGCGGTTATAACCAAGC,0,5202006
yqjE_yqjK_yqjD_yqjC_predicted,0.2,4,4,TTCTCTACTAACGATTTCAG,0,5214764
yqjE_yqjK_yqjD_yqjC_predicted,0.2,4,4,TTCTACGGTGTACTGGAATT,0,5224409
yqjE_yqjK_yqjD_yqjC_predicted,0.2,4,4,TTCGTGTCTCTCCATTAGCA,0,5182254
yqjE_yqjK_yqjD_yqjC_predicted,0.2,4,4,TTCGTGGATGGGCACGTGGG,0,5253220
yqjE_yqjK_yqjD_yqjC_predicted,0.2,4,4,TTCGTCTTTATTTCGTTTGC,0,5211907
yqjE_yqjK_yqjD_yqjC_predicted,0.2,4,4,TTCGTCCCTGCCCGTTGGGG,0,5195900
yqjE_yqjK_yqjD_yqjC_predicted,0.2,4,4,TTCGCATGACTAGGGGTACA,0,5261982
yqjE_yqjK_yqjD_yqjC_predicted,0.2,4,4,TTCGCAGAGGAGGCCGCTAT,0,5259776
yqjE_yqjK_yqjD_yqjC_predicted,0.2,4,4,TTCGAGCGTTGGGGTTATAT,0,5259949
yqjE_yqjK_yqjD_yqjC_predicted,0.2,4,4,TTCGAATACGTATGCAGTTA,0,5183447
yqjE_yqjK_yqjD_yqjC_predicted,0.2,4,4,TTCGAACTCGTTATACCGGA,0,5257027
yqjE_yqjK_yqjD_yqjC_predicted,0.2,4,4,TTCCATGGTCTAATGGGCTT,0,5204531
yqjE_yqjK_yqjD_yqjC_predicted,0.2,4,4,TTCCAGACTTGCGATACTGT,0,5196718
yqjE_yqjK_yqjD_yqjC_predicted,0.2,4,4,TTCCACGTAGCTTGCACAGC,0,5225209
yqjE_yqjK_yqjD_yqjC_predicted,0.2,4,4,TTCATGAGCTCGCGAAGTAA,0,5178080
yqjE_yqjK_yqjD_yqjC_predicted,0.2,4,4,TTCACGTAGTCCGTCCACTT,0,5201653
yqjE_yqjK_yqjD_yqjC_predicted,0.2,4,4,TTCACCGAGAACTAGCGATC,0,5228692
yqjE_yqjK_yqjD_yqjC_predicted,0.2,4,4,TTCAAAGCCGCCTTGAACAA,0,5195610
yqjE_yqjK_yqjD_yqjC_predicted,0.2,4,4,TTCAAAAGTTCGCCCTAATA,0,5245121
yqjE_yqjK_yqjD_yqjC_predicted,0.2,4,4,TTATTATTACAGGGGATAGC,0,5179799
yqjE_yqjK_yqjD_yqjC_predicted,0.2,4,4,TTATGATCAACAGTTCATCG,0,5195953
yqjE_yqjK_yqjD_yqjC_predicted,0.2,4,4,TTATCGTGGGGTTCCGCACA,0,5254592
yqjE_yqjK_yqjD_yqjC_predicted,0.2,4,4,TTAGTTATTGAGTGTTCCCA,0,5233569
yqjE_yqjK_yqjD_yqjC_predicted,0.2,4,4,TTAGTGTTGAAAGGTCATTC,0,5224815
yqjE_yqjK_yqjD_yqjC_predicted,0.2,4,4,TTAGGAGCCCAGCTAACGAG,0,5254605
yqjE_yqjK_yqjD_yqjC_predicted,0.2,4,4,TTAGCTGCCGCGCTACAGAC,0,5251001
yqjE_yqjK_yqjD_yqjC_predicted,0.2,4,4,TTAGCTACTAGGCTCGTGCC,0,5196238
yqjE_yqjK_yqjD_yqjC_predicted,0.2,4,4,TTAGCGGTTGAGCTCATGTG,0,5237673
yqjE_yqjK_yqjD_yqjC_predicted,0.2,4,4,TTAGCACGTCTGCGGCGTCT,0,5234729
yqjE_yqjK_yqjD_yqjC_predicted,0.2,4,4,TTAGCACGAGCGGCAGAGCA,0,5191899
yqjE_yqjK_yqjD_yqjC_predicted,0.2,4,4,TTAGAGAACGGTGAGAAATC,0,5250030
yqjE_yqjK_yqjD_yqjC_predicted,0.2,4,4,TTAGAGAACGGCGGCTACCT,0,5256686
yqjE_yqjK_yqjD_yqjC_predicted,0.2,4,4,TTACCAACGTTACACGGTCT,0,5251193
yqjE_yqjK_yqjD_yqjC_predicted,0.2,4,4,TTACACTACATTTTATGAGG,0,5249476
yqjE_yqjK_yqjD_yqjC_predicted,0.2,4,4,TTAATTGGCGCCGCACGCGG,0,5218883
yqjE_yqjK_yqjD_yqjC_predicted,0.2,4,4,TTAATTCCATATGGAGAATA,0,5178696
yqjE_yqjK_yqjD_yqjC_predicted,0.2,4,4,TTAATGGTAGCACCCGGTTC,0,5241688
yqjE_yqjK_yqjD_yqjC_predicted,0.2,4,4,TTAATGGGTTGAGAGGATCT,0,5202510
yqjE_yqjK_yqjD_yqjC_predicted,0.2,4,4,TTAAGGGAAAGTAGAACGGG,0,5203206
yqjE_yqjK_yqjD_yqjC_predicted,0.2,4,4,TTAAGCATTGTCTTCCCGGA,0,5205724
yqjE_yqjK_yqjD_yqjC_predicted,0.2,4,4,TTAAACGGGCACTGAGAGCT,0,5186630
yqjE_yqjK_yqjD_yqjC_predicted,0.2,4,4,TGTTGTAAGATATTCAATAA,0,5188396
yqjE_yqjK_yqjD_yqjC_predicted,0.2,4,4,TGTTGCCCGTAGAAAAGTGT,0,5253739
yqjE_yqjK_yqjD_yqjC_predicted,0.2,4,4,TGTTCTTTAATTACCGGTCT,0,5180614
yqjE_yqjK_yqjD_yqjC_predicted,0.2,4,4,TGTTCGACGCTATCTACGCC,0,5197563
yqjE_yqjK_yqjD_yqjC_predicted,0.2,4,4,TGTTAGTGATTTGCCCCCGT,0,5185323
yqjE_yqjK_yqjD_yqjC_predicted,0.2,4,4,TGTTAGGGTTTTGGTCACCC,0,5233871
yqjE_yqjK_yqjD_yqjC_predicted,0.2,4,4,TGTTAAGGAAATTTATTTCT,0,5242922
yqjE_yqjK_yqjD_yqjC_predicted,0.2,4,4,TGTGTCCCTGTTAGTTTGAG,0,5243609
yqjE_yqjK_yqjD_yqjC_predicted,0.2,4,4,TGTGTCCAATGATAATGCAA,0,5212583
yqjE_yqjK_yqjD_yqjC_predicted,0.2,4,4,TGTGTAAGCCCTCTATCATG,0,5193519
yqjE_yqjK_yqjD_yqjC_predicted,0.2,4,4,TGTGGATCCGTGTTGCCTTC,0,5253777
yqjE_yqjK_yqjD_yqjC_predicted,0.2,4,4,TGTGCAACGTCTGGCTTCTT,0,5216401
yqjE_yqjK_yqjD_yqjC_predicted,0.2,4,4,TGTGAATCAATGGATAGCTC,0,5174092
yqjE_yqjK_yqjD_yqjC_predicted,0.2,4,4,TGTCTCCCTACAAAGGATGT,0,5204779
yqjE_yqjK_yqjD_yqjC_predicted,0.2,4,4,TGTCTACGTTTGATGTTACC,0,5192069
yqjE_yqjK_yqjD_yqjC_predicted,0.2,4,4,TGTCGTTTTCCATACAGCCA,0,5177259
yqjE_yqjK_yqjD_yqjC_predicted,0.2,4,4,TGTCCGTACTTGGCCTAGGG,0,5260444
yqjE_yqjK_yqjD_yqjC_predicted,0.2,4,4,TGTATCCGATCTGGAATGGG,0,5194448
yqjE_yqjK_yqjD_yqjC_predicted,0.2,4,4,TGTAGCGCTTTGAGACAGTA,0,5236405
yqjE_yqjK_yqjD_yqjC_predicted,0.2,4,4,TGTAGAGGTTTCACACTGAC,0,5248378
yqjE_yqjK_yqjD_yqjC_predicted,0.2,4,4,TGTAGAGGATGGAGCTACGC,0,5225942
yqjE_yqjK_yqjD_yqjC_predicted,0.2,4,4,TGTACCATGTCACTTCTAAA,0,5238949
yqjE_yqjK_yqjD_yqjC_predicted,0.2,4,4,TGTACAGGCAGCCAGAGTAA,0,5175240
yqjE_yqjK_yqjD_yqjC_predicted,0.2,4,4,TGTAATTGAGTAAATCCAGT,0,5189260
yqjE_yqjK_yqjD_yqjC_predicted,0.2,4,4,TGTAAATATAGCGCAGACCC,0,5258284
yqjE_yqjK_yqjD_yqjC_predicted,0.2,4,4,TGGTTAGTGACCCGACTCTA,0,5194797
yqjE_yqjK_yqjD_yqjC_predicted,0.2,4,4,TGGTGTAAGTCTTGCACGGC,0,5228462
yqjE_yqjK_yqjD_yqjC_predicted,0.2,4,4,TGGTGCTCGTTAGTCCTTGA,0,5248526
yqjE_yqjK_yqjD_yqjC_predicted,0.2,4,4,TGGTGAATTGATATAGCAGG,0,5186929
yqjE_yqjK_yqjD_yqjC_predicted,0.2,4,4,TGGTCTTAACGTTTGATGTA,0,5258637
yqjE_yqjK_yqjD_yqjC_predicted,0.2,4,4,TGGTCTCTCACCACGTCCAT,0,5206775
yqjE_yqjK_yqjD_yqjC_predicted,0.2,4,4,TGGTCATTCCACGACTAGGA,0,5215984
yqjE_yqjK_yqjD_yqjC_predicted,0.2,4,4,TGGTATAGAGTGGCTGTCCG,0,5251470
yqjE_yqjK_yqjD_yqjC_predicted,0.2,4,4,TGGTAGGTGGGTTTGAGTTA,0,5197357
yqjE_yqjK_yqjD_yqjC_predicted,0.2,4,4,TGGTAGGCTCTATCGCGACC,0,5239537
yqjE_yqjK_yqjD_yqjC_predicted,0.2,4,4,TGGGTAAGGATAATATAGAT,0,5189347
yqjE_yqjK_yqjD_yqjC_predicted,0.2,4,4,TGGGGTTTTTTAGCTTCCAT,0,5240200
yqjE_yqjK_yqjD_yqjC_predicted,0.2,4,4,TGGGGTAGTGCTACGGTCTA,0,5249170
yqjE_yqjK_yqjD_yqjC_predicted,0.2,4,4,TGGGGCCACGGACGGGGTTG,0,5177093
yqjE_yqjK_yqjD_yqjC_predicted,0.2,4,4,TGGGGAGGCTCAAGCGGACG,0,5261917
yqjE_yqjK_yqjD_yqjC_predicted,0.2,4,4,TGGGCTTGTTCTGTGAAGAG,0,5259731
yqjE_yqjK_yqjD_yqjC_predicted,0.2,4,4,TGGGATTTGGCCACTTCCGA,0,5225579
yqjE_yqjK_yqjD_yqjC_predicted,0.2,4,4,TGGCGCGGCAGGAGACAATA,0,5244845
yqjE_yqjK_yqjD_yqjC_predicted,0.2,4,4,TGGCGACTTGACGTTATACA,0,5173224
yqjE_yqjK_yqjD_yqjC_predicted,0.2,4,4,TGGCCGCGCCCTTTACTTGA,0,5223004
yqjE_yqjK_yqjD_yqjC_predicted,0.2,4,4,TGGCCCTTAGGAGTTTCAGA,0,5241778
yqjE_yqjK_yqjD_yqjC_predicted,0.2,4,4,TGGCCAATCTTATGTCCAAA,0,5258839
yqjE_yqjK_yqjD_yqjC_predicted,0.2,4,4,TGGCACCAAGTGCTAGATCA,0,5186255
yqjE_yqjK_yqjD_yqjC_predicted,0.2,4,4,TGGCAATACCACGCTATTTA,0,5244149
yqjE_yqjK_yqjD_yqjC_predicted,0.2,4,4,TGGATCGTTATCCACACTTT,0,5255447
yqjE_yqjK_yqjD_yqjC_predicted,0.2,4,4,TGGATCCCCAATATAGACTG,0,5237473
yqjE_yqjK_yqjD_yqjC_predicted,0.2,4,4,TGGATACCCGTTTTTGAGCC,0,5261086
yqjE_yqjK_yqjD_yqjC_predicted,0.2,4,4,TGGAGTAGCGAATTACGATT,0,5189154
yqjE_yqjK_yqjD_yqjC_predicted,0.2,4,4,TGGAGAACAACGGCGGCTTT,0,5194996
yqjE_yqjK_yqjD_yqjC_predicted,0.2,4,4,TGGACCTCTCGGTTGAAGAA,0,5210420
yqjE_yqjK_yqjD_yqjC_predicted,0.2,4,4,TGGACAACTATTCCGGGCTT,0,5212587
yqjE_yqjK_yqjD_yqjC_predicted,0.2,4,4,TGGAATAGCATATGCATTCC,0,5215602
yqjE_yqjK_yqjD_yqjC_predicted,0.2,4,4,TGGAAGTCAGCGGCACCGGA,0,5261798
yqjE_yqjK_yqjD_yqjC_predicted,0.2,4,4,TGGAAAATTGTCTAATGATA,0,5219814
yqjE_yqjK_yqjD_yqjC_predicted,0.2,4,4,TGCTTGGCTGATAAATAGCG,0,5254879
yqjE_yqjK_yqjD_yqjC_predicted,0.2,4,4,TGCTAGTTTGCTGCGGAACC,0,5229338
yqjE_yqjK_yqjD_yqjC_predicted,0.2,4,4,TGCTAGTCGCACGTTATAAC,0,5239805
yqjE_yqjK_yqjD_yqjC_predicted,0.2,4,4,TGCTAGGCTCCAACCTAATA,0,5224108
yqjE_yqjK_yqjD_yqjC_predicted,0.2,4,4,TGCTAGCGTCGCGGTGCCTT,0,5199490
yqjE_yqjK_yqjD_yqjC_predicted,0.2,4,4,TGCTACAGTCCGGCTGCTAA,0,5172682
yqjE_yqjK_yqjD_yqjC_predicted,0.2,4,4,TGCGGTAGTTTTGAGTGAGC,0,5241847
yqjE_yqjK_yqjD_yqjC_predicted,0.2,4,4,TGCGCTATACAACGCGTCAG,0,5255714
yqjE_yqjK_yqjD_yqjC_predicted,0.2,4,4,TGCGAAACGGTTCAGAACCC,0,5241646
yqjE_yqjK_yqjD_yqjC_predicted,0.2,4,4,TGCGAAACACGCGCTATTAC,0,5176392
yqjE_yqjK_yqjD_yqjC_predicted,0.2,4,4,TGCCTCGGTATGAAGGATCA,0,5246476
yqjE_yqjK_yqjD_yqjC_predicted,0.2,4,4,TGCCGGAAACGTGTCGGACC,0,5254985
yqjE_yqjK_yqjD_yqjC_predicted,0.2,4,4,TGCCGCGCAGAAATTTGGAG,0,5233506
yqjE_yqjK_yqjD_yqjC_predicted,0.2,4,4,TGCCGCCTCTATTTAAATCC,0,5240546
yqjE_yqjK_yqjD_yqjC_predicted,0.2,4,4,TGCCGACCCGCAGGCGCGTC,0,5208248
yqjE_yqjK_yqjD_yqjC_predicted,0.2,4,4,TGCCCTCCGCGGATGGTCTG,0,5192325
yqjE_yqjK_yqjD_yqjC_predicted,0.2,4,4,TGCCCATAACCATTGATCAC,0,5190741
yqjE_yqjK_yqjD_yqjC_predicted,0.2,4,4,TGCATTCCGGACTGAGTTTG,0,5206837
yqjE_yqjK_yqjD_yqjC_predicted,0.2,4,4,TGCATGGCCTTCGCCGGTTA,0,5248780
yqjE_yqjK_yqjD_yqjC_predicted,0.2,4,4,TGCACATCTAAAGGAGCTGA,0,5214365
yqjE_yqjK_yqjD_yqjC_predicted,0.2,4,4,TGCAAACATCCAGGTAAAGT,0,5234432
yqjE_yqjK_yqjD_yqjC_predicted,0.2,4,4,TGATTGTAATCGGGACTCCG,0,5193469
yqjE_yqjK_yqjD_yqjC_predicted,0.2,4,4,TGAGTTCGAGACTCAACGGA,0,5241430
yqjE_yqjK_yqjD_yqjC_predicted,0.2,4,4,TGAGGTAGCTCGGTGAAAAA,0,5252457
yqjE_yqjK_yqjD_yqjC_predicted,0.2,4,4,TGAGGATGTTTCGGTACTCT,0,5183989
yqjE_yqjK_yqjD_yqjC_predicted,0.2,4,4,TGAGCTATTTTTTCACGGGT,0,5204881
yqjE_yqjK_yqjD_yqjC_predicted,0.2,4,4,TGAGCTATAATGATGTTCAG,0,5219307
yqjE_yqjK_yqjD_yqjC_predicted,0.2,4,4,TGAGCAGCCCTTTCTCACTA,0,5174913
yqjE_yqjK_yqjD_yqjC_predicted,0.2,4,4,TGAGACGTGGTAACACGCAA,0,5234287
yqjE_yqjK_yqjD_yqjC_predicted,0.2,4,4,TGACTGAAAGGGCCACTTGT,0,5213932
yqjE_yqjK_yqjD_yqjC_predicted,0.2,4,4,TGACAATCCTTACGAGTTAG,0,5200630
yqjE_yqjK_yqjD_yqjC_predicted,0.2,4,4,TGAATTGTAACAGCTCTGGG,0,5226842
yqjE_yqjK_yqjD_yqjC_predicted,0.2,4,4,TGAATTGATTTTAGGACTAA,0,5259714
yqjE_yqjK_yqjD_yqjC_predicted,0.2,4,4,TGAATGGAGTTGAGTCTGAA,0,5224882
yqjE_yqjK_yqjD_yqjC_predicted,0.2,4,4,TGAATCTCTCATAATTATTG,0,5253907
yqjE_yqjK_yqjD_yqjC_predicted,0.2,4,4,TGAAGTAACAGGCAAAACTT,0,5223712
yqjE_yqjK_yqjD_yqjC_predicted,0.2,4,4,TGAAGCCAGCCCCCGACATC,0,5187006
yqjE_yqjK_yqjD_yqjC_predicted,0.2,4,4,TGAAATAGTTAATGGTACAA,0,5204910
yqjE_yqjK_yqjD_yqjC_predicted,0.2,4,4,TCTTCTTGCTGGCTGTGCCA,0,5233565
yqjE_yqjK_yqjD_yqjC_predicted,0.2,4,4,TCTTATTGGCGACGACGGTT,0,5224268
yqjE_yqjK_yqjD_yqjC_predicted,0.2,4,4,TCTTATTGCTATTCCCTGCG,0,5188672
yqjE_yqjK_yqjD_yqjC_predicted,0.2,4,4,TCTTATCAATCATTCTGGGG,0,5215560
yqjE_yqjK_yqjD_yqjC_predicted,0.2,4,4,TCTGTTCATGTGGACCTGTT,0,5181742
yqjE_yqjK_yqjD_yqjC_predicted,0.2,4,4,TCTGTCGGAAGCTGAATTGT,0,5229370
yqjE_yqjK_yqjD_yqjC_predicted,0.2,4,4,TCTGGTTGTACTGGTGTCAG,0,5252809
yqjE_yqjK_yqjD_yqjC_predicted,0.2,4,4,TCTGGTTCGGTATAGTGTTG,0,5240299
yqjE_yqjK_yqjD_yqjC_predicted,0.2,4,4,TCTGGGGTCCATGTCTCAAC,0,5243117
yqjE_yqjK_yqjD_yqjC_predicted,0.2,4,4,TCTGGGCAGGAATCGGTCGT,0,5218376
yqjE_yqjK_yqjD_yqjC_predicted,0.2,4,4,TCTGAGTGGTGAAGTACGCC,0,5232081
yqjE_yqjK_yqjD_yqjC_predicted,0.2,4,4,TCTCTAACGGTAACTCTCTT,0,5259265
yqjE_yqjK_yqjD_yqjC_predicted,0.2,4,4,TCTCCTAACTGCTCCTTTCT,0,5243815
yqjE_yqjK_yqjD_yqjC_predicted,0.2,4,4,TCTCCCGCCGTCCTGCCTAT,0,5173184
yqjE_yqjK_yqjD_yqjC_predicted,0.2,4,4,TCTCATTCTCATGGACATTC,0,5217615
yqjE_yqjK_yqjD_yqjC_predicted,0.2,4,4,TCTCAGCCTGGACACCCAGT,0,5248231
yqjE_yqjK_yqjD_yqjC_predicted,0.2,4,4,TCTATAACTCGGGAGGCCAT,0,5228384
yqjE_yqjK_yqjD_yqjC_predicted,0.2,4,4,TCTACCCGTATGCTGCTGGA,0,5190341
yqjE_yqjK_yqjD_yqjC_predicted,0.2,4,4,TCTACACTGGCCAGATCATA,0,5175246
yqjE_yqjK_yqjD_yqjC_predicted,0.2,4,4,TCTAAGATGTCAAGCAAGGT,0,5174935
yqjE_yqjK_yqjD_yqjC_predicted,0.2,4,4,TCTAAATAAACGTGTCAGTT,0,5233570
yqjE_yqjK_yqjD_yqjC_predicted,0.2,4,4,TCGTTCGGAAAGTGCACAAA,0,5197312
yqjE_yqjK_yqjD_yqjC_predicted,0.2,4,4,TCGTGCACCTCACAGCAATA,0,5189354
yqjE_yqjK_yqjD_yqjC_predicted,0.2,4,4,TCGTGAAAGTGGCGGCGTCG,0,5242333
yqjE_yqjK_yqjD_yqjC_predicted,0.2,4,4,TCGTCGCTGAGTTGAATCGT,0,5262244
yqjE_yqjK_yqjD_yqjC_predicted,0.2,4,4,TCGTATATTCGTAACCCCGC,0,5202132
yqjE_yqjK_yqjD_yqjC_predicted,0.2,4,4,TCGTACCCGTGCGAAGTCGG,0,5198791
yqjE_yqjK_yqjD_yqjC_predicted,0.2,4,4,TCGGTGTGTATGTTGACAGG,0,5239961
yqjE_yqjK_yqjD_yqjC_predicted,0.2,4,4,TCGGTGATCGTATGTAACGG,0,5193862
yqjE_yqjK_yqjD_yqjC_predicted,0.2,4,4,TCGGTCACGGGCCGCCCTTG,0,5241930
yqjE_yqjK_yqjD_yqjC_predicted,0.2,4,4,TCGGGAGGCAGGATTGCGAC,0,5209592
yqjE_yqjK_yqjD_yqjC_predicted,0.2,4,4,TCGGCCAGCGAATTAGAGTA,0,5183386
yqjE_yqjK_yqjD_yqjC_predicted,0.2,4,4,TCGGCATGTTGGGTTCCTCA,0,5208410
yqjE_yqjK_yqjD_yqjC_predicted,0.2,4,4,TCGGAGTGGCATCAACCTGG,0,5213046
yqjE_yqjK_yqjD_yqjC_predicted,0.2,4,4,TCGGAAGTGCTGTCATCCCT,0,5187057
yqjE_yqjK_yqjD_yqjC_predicted,0.2,4,4,TCGCGGTGCGTATCATGACA,0,5240290
yqjE_yqjK_yqjD_yqjC_predicted,0.2,4,4,TCGATGCAGGTGCATGCCCT,0,5192856
yqjE_yqjK_yqjD_yqjC_predicted,0.2,4,4,TCGAGGCTTAAATAATAGTA,0,5216998
yqjE_yqjK_yqjD_yqjC_predicted,0.2,4,4,TCGACGCAACGTGCGGTATT,0,5195296
yqjE_yqjK_yqjD_yqjC_predicted,0.2,4,4,TCGAATTGACTTGAAGTACC,0,5249637
yqjE_yqjK_yqjD_yqjC_predicted,0.2,4,4,TCGAATAGTTTTGAGAGAAT,0,5190576
yqjE_yqjK_yqjD_yqjC_predicted,0.2,4,4,TCCTGTCAAGCTCAGACAAT,0,5231735
yqjE_yqjK_yqjD_yqjC_predicted,0.2,4,4,TCCTCCCTTCACCGAATCTC,0,5193208
yqjE_yqjK_yqjD_yqjC_predicted,0.2,4,4,TCCGTGACTGCAGCAAAATG,0,5228248
yqjE_yqjK_yqjD_yqjC_predicted,0.2,4,4,TCCGGAGGGTAATAATAATA,0,5214789
yqjE_yqjK_yqjD_yqjC_predicted,0.2,4,4,TCCGCCGTACTTTTACCGGT,0,5200556
yqjE_yqjK_yqjD_yqjC_predicted,0.2,4,4,TCCGAGGCTGCAAAACGTGC,0,5234836
yqjE_yqjK_yqjD_yqjC_predicted,0.2,4,4,TCCCTTACGTGGATGCTTTA,0,5185310
yqjE_yqjK_yqjD_yqjC_predicted,0.2,4,4,TCCCTAAACATTTCCTGCCT,0,5252341
yqjE_yqjK_yqjD_yqjC_predicted,0.2,4,4,TCCCGTAATGTTGTACACTG,0,5207924
yqjE_yqjK_yqjD_yqjC_predicted,0.2,4,4,TCCCGCGGGTAGTCAAGTAT,0,5243220
yqjE_yqjK_yqjD_yqjC_predicted,0.2,4,4,TCCCGAGGTCAATAGCAAAA,0,5200176
yqjE_yqjK_yqjD_yqjC_predicted,0.2,4,4,TCCATCATTTTAATTTTCCT,0,5211683
yqjE_yqjK_yqjD_yqjC_predicted,0.2,4,4,TCCATAGCAGAGACTCCAGA,0,5224510
yqjE_yqjK_yqjD_yqjC_predicted,0.2,4,4,TCCAGGGGGTCATCTTTGGT,0,5202559
yqjE_yqjK_yqjD_yqjC_predicted,0.2,4,4,TCCACTAAGTCACGATATTC,0,5213412
yqjE_yqjK_yqjD_yqjC_predicted,0.2,4,4,TCCACCATGGGGTTTGGAGT,0,5232852
yqjE_yqjK_yqjD_yqjC_predicted,0.2,4,4,TCCAACCACAACCCATAAGG,0,5192618
yqjE_yqjK_yqjD_yqjC_predicted,0.2,4,4,TCATTAGGCTACGAGAGAGG,0,5188878
yqjE_yqjK_yqjD_yqjC_predicted,0.2,4,4,TCATGGCATGTTCAATAGTT,0,5234379
yqjE_yqjK_yqjD_yqjC_predicted,0.2,4,4,TCATATTGGTTTTGAGAACA,0,5184512
yqjE_yqjK_yqjD_yqjC_predicted,0.2,4,4,TCAGTTCCACCGTGTTAAAG,0,5226814
yqjE_yqjK_yqjD_yqjC_predicted,0.2,4,4,TCAGTACGTAAGCTCAACAA,0,5251855
yqjE_yqjK_yqjD_yqjC_predicted,0.2,4,4,TCAGGTTCCATTTAGTTTCG,0,5258417
yqjE_yqjK_yqjD_yqjC_predicted,0.2,4,4,TCAGGGAAAGTTGTGATCTA,0,5228201
yqjE_yqjK_yqjD_yqjC_predicted,0.2,4,4,TCAGAGTGTTGATTAAGGCG,0,5193855
yqjE_yqjK_yqjD_yqjC_predicted,0.2,4,4,TCACTCCAAGGCACACCTGT,0,5189742
yqjE_yqjK_yqjD_yqjC_predicted,0.2,4,4,TCACGTGGTTATTGGCCTTA,0,5205489
yqjE_yqjK_yqjD_yqjC_predicted,0.2,4,4,TCACGTCACTGATCATCATC,0,5190331
yqjE_yqjK_yqjD_yqjC_predicted,0.2,4,4,TCACAGCTGCGCGTATGGAC,0,5222265
yqjE_yqjK_yqjD_yqjC_predicted,0.2,4,4,TCACAAGGTTCATTGGTTTC,0,5200668
yqjE_yqjK_yqjD_yqjC_predicted,0.2,4,4,TCAAAGGTAGTCACTGTTCA,0,5181074
yqjE_yqjK_yqjD_yqjC_predicted,0.2,4,4,TCAAAGGGTCATTAACTTGT,0,5261880
yqjE_yqjK_yqjD_yqjC_predicted,0.2,4,4,TATTTACGGTGGGTCTTCAG,0,5203516
yqjE_yqjK_yqjD_yqjC_predicted,0.2,4,4,TATTGGAACAGATGACATTC,0,5179862
yqjE_yqjK_yqjD_yqjC_predicted,0.2,4,4,TATTGCGCCAATAAGGCCTA,0,5262297
yqjE_yqjK_yqjD_yqjC_predicted,0.2,4,4,TATTGCCAGAGGCGTGGGTT,0,5172187
yqjE_yqjK_yqjD_yqjC_predicted,0.2,4,4,TATTATAGGTAGGACTATGT,0,5247679
yqjE_yqjK_yqjD_yqjC_predicted,0.2,4,4,TATTAACCGGCATCTTCAGG,0,5170905
yqjE_yqjK_yqjD_yqjC_predicted,0.2,4,4,TATGTATCGTCATACTGTGT,0,5238113
yqjE_yqjK_yqjD_yqjC_predicted,0.2,4,4,TATGTACGGATATCCACTTC,0,5200111
yqjE_yqjK_yqjD_yqjC_predicted,0.2,4,4,TATGGAAAACCGGGCTATGT,0,5188533
yqjE_yqjK_yqjD_yqjC_predicted,0.2,4,4,TATGCTATGTGATCCGGGTC,0,5227309
yqjE_yqjK_yqjD_yqjC_predicted,0.2,4,4,TATGCGGCGCCTAGGGGAGT,0,5208894
yqjE_yqjK_yqjD_yqjC_predicted,0.2,4,4,TATGATTCTGAGAACGGAAG,0,5177303
yqjE_yqjK_yqjD_yqjC_predicted,0.2,4,4,TATCTTACGAATATACGAAT,0,5255680
yqjE_yqjK_yqjD_yqjC_predicted,0.2,4,4,TATCGCCACCGATAAAGGGT,0,5200570
yqjE_yqjK_yqjD_yqjC_predicted,0.2,4,4,TATCCTAGCAGACCGCTCGC,0,5222446
yqjE_yqjK_yqjD_yqjC_predicted,0.2,4,4,TATCCAGATACGTAAGACTG,0,5216932
yqjE_yqjK_yqjD_yqjC_predicted,0.2,4,4,TATCAGGCACACGTTAATGT,0,5217568
yqjE_yqjK_yqjD_yqjC_predicted,0.2,4,4,TATCAATCTATACATGATGG,0,5259712
yqjE_yqjK_yqjD_yqjC_predicted,0.2,4,4,TATCAAATGTTTGGTAAAAT,0,5194300
yqjE_yqjK_yqjD_yqjC_predicted,0.2,4,4,TATATGAGATAGGTTTAAAA,0,5240622
yqjE_yqjK_yqjD_yqjC_predicted,0.2,4,4,TATAGGACGCTTAGTAACCT,0,5221918
yqjE_yqjK_yqjD_yqjC_predicted,0.2,4,4,TATACTTATCAGGGCAGAAA,0,5182475
yqjE_yqjK_yqjD_yqjC_predicted,0.2,4,4,TAGGTGGGGAGGGTTATATT,0,5200837
yqjE_yqjK_yqjD_yqjC_predicted,0.2,4,4,TAGGTAGTCAGGTGAGCTGC,0,5187912
yqjE_yqjK_yqjD_yqjC_predicted,0.2,4,4,TAGGTACTGTGCGCAGCATA,0,5201383
yqjE_yqjK_yqjD_yqjC_predicted,0.2,4,4,TAGGGTTATTTATAGGTTGC,0,5188656
yqjE_yqjK_yqjD_yqjC_predicted,0.2,4,4,TAGGGGCAGAAGGGTAAGTA,0,5206442
yqjE_yqjK_yqjD_yqjC_predicted,0.2,4,4,TAGGGAAGTTGGTTGAGTGT,0,5182839
yqjE_yqjK_yqjD_yqjC_predicted,0.2,4,4,TAGGAGGAGTGGTCTTTTTT,0,5251245
yqjE_yqjK_yqjD_yqjC_predicted,0.2,4,4,TAGCTATGGGGGATCATTTT,0,5177308
yqjE_yqjK_yqjD_yqjC_predicted,0.2,4,4,TAGCGCCTCACAACGGGTAG,0,5256852
yqjE_yqjK_yqjD_yqjC_predicted,0.2,4,4,TAGATATGAATGGAGTAGGG,0,5197185
yqjE_yqjK_yqjD_yqjC_predicted,0.2,4,4,TAGATACGAGGGCCTGGACT,0,5171595
yqjE_yqjK_yqjD_yqjC_predicted,0.2,4,4,TAGAGCCCAGGAGAGCCCAT,0,5257953
yqjE_yqjK_yqjD_yqjC_predicted,0.2,4,4,TAGACATCTGGGTTAGGATT,0,5176114
yqjE_yqjK_yqjD_yqjC_predicted,0.2,4,4,TACTGGTTGACATTGAGCCC,0,5261164
yqjE_yqjK_yqjD_yqjC_predicted,0.2,4,4,TACTGGGCGGGGATTATCAA,0,5204178
yqjE_yqjK_yqjD_yqjC_predicted,0.2,4,4,TACTCGGAGCTTCCTCCACT,0,5223000
yqjE_yqjK_yqjD_yqjC_predicted,0.2,4,4,TACTCGGACTGGATTAGAAT,0,5197450
yqjE_yqjK_yqjD_yqjC_predicted,0.2,4,4,TACGTTTTAATTGGGTTCTT,0,5203685
yqjE_yqjK_yqjD_yqjC_predicted,0.2,4,4,TACCTGATCTTCATACTGCG,0,5203849
yqjE_yqjK_yqjD_yqjC_predicted,0.2,4,4,TACCTATCAGCTGGGATTAG,0,5171191
yqjE_yqjK_yqjD_yqjC_predicted,0.2,4,4,TACCTAGGCAGCTATTCATA,0,5192557
yqjE_yqjK_yqjD_yqjC_predicted,0.2,4,4,TACCCTGAATTGAATTTGAT,0,5261123
yqjE_yqjK_yqjD_yqjC_predicted,0.2,4,4,TACCCGGACACCACTCGAGA,0,5246934
yqjE_yqjK_yqjD_yqjC_predicted,0.2,4,4,TACCCCCATCCTCAGAGGTC,0,5233548
yqjE_yqjK_yqjD_yqjC_predicted,0.2,4,4,TACCACGACGATGCCGATGC,0,5233399
yqjE_yqjK_yqjD_yqjC_predicted,0.2,4,4,TACCAAGGCCTTTCCCACAG,0,5175287
yqjE_yqjK_yqjD_yqjC_predicted,0.2,4,4,TACATTCCGATGTCCGAGGC,0,5193084
yqjE_yqjK_yqjD_yqjC_predicted,0.2,4,4,TACATAATACAAAGGTAGGC,0,5245522
yqjE_yqjK_yqjD_yqjC_predicted,0.2,4,4,TACAAGGAGCCCGAATATAC,0,5185058
yqjE_yqjK_yqjD_yqjC_predicted,0.2,4,4,TACAAGCACACTCAAGCGTC,0,5257534
yqjE_yqjK_yqjD_yqjC_predicted,0.2,4,4,TACAACGTGCAGGAAATTGC,0,5241152
yqjE_yqjK_yqjD_yqjC_predicted,0.2,4,4,TACAAATCCCTACGCCGATC,0,5255610
yqjE_yqjK_yqjD_yqjC_predicted,0.2,4,4,TAATTTAGCCGATCTTGATT,0,5198209
yqjE_yqjK_yqjD_yqjC_predicted,0.2,4,4,TAATTGGCAGTAAAGACGCC,0,5247428
yqjE_yqjK_yqjD_yqjC_predicted,0.2,4,4,TAATTGCATAGACGAGGGAG,0,5182827
yqjE_yqjK_yqjD_yqjC_predicted,0.2,4,4,TAATTGCAGAGCCTCGCTAA,0,5223734
yqjE_yqjK_yqjD_yqjC_predicted,0.2,4,4,TAATCAAATCAGTACCCCCC,0,5252588
yqjE_yqjK_yqjD_yqjC_predicted,0.2,4,4,TAATAGCCCTAACTAGGCCT,0,5202309
yqjE_yqjK_yqjD_yqjC_predicted,0.2,4,4,TAAGTCCCGCAACCGAACTT,0,5248331
yqjE_yqjK_yqjD_yqjC_predicted,0.2,4,4,TAAGTACCAGGTTTAGCTTT,0,5236799
yqjE_yqjK_yqjD_yqjC_predicted,0.2,4,4,TAAGATTCTAGCGGATTTGC,0,5244156
yqjE_yqjK_yqjD_yqjC_predicted,0.2,4,4,TAAGAACAAATAACCATTAC,0,5252318
yqjE_yqjK_yqjD_yqjC_predicted,0.2,4,4,TAACTCTACTTTAAGTAACG,0,5236786
yqjE_yqjK_yqjD_yqjC_predicted,0.2,4,4,TAACTAGGATAAGATAGTTC,0,5203784
yqjE_yqjK_yqjD_yqjC_predicted,0.2,4,4,TAACTACGGCCTGAATTCAG,0,5190727
yqjE_yqjK_yqjD_yqjC_predicted,0.2,4,4,TAACCTGTTTAAGTGGGATA,0,5203766
yqjE_yqjK_yqjD_yqjC_predicted,0.2,4,4,TAACCACTTCTTGGGCGAGG,0,5173810
yqjE_yqjK_yqjD_yqjC_predicted,0.2,4,4,TAAACCACTTGCTCAGGACA,0,5226128
yqjE_yqjK_yqjD_yqjC_predicted,0.2,4,4,TAAACAAATCCACAGGGCTG,0,5204602
yqjE_yqjK_yqjD_yqjC_predicted,0.2,4,4,TAAAAGTGAGTCTGCAGGAG,0,5202528
yqjE_yqjK_yqjD_yqjC_predicted,0.2,4,4,GTTTTTTTTACCCAGCCTTC,0,5197605
yqjE_yqjK_yqjD_yqjC_predicted,0.2,4,4,GTTTTGAAACGCCCTATAAG,0,5219223
yqjE_yqjK_yqjD_yqjC_predicted,0.2,4,4,GTTTTATAGGCAAGGAACAC,0,5180527
yqjE_yqjK_yqjD_yqjC_predicted,0.2,4,4,GTTTGCTAGGCGGCCGTACA,0,5179587
yqjE_yqjK_yqjD_yqjC_predicted,0.2,4,4,GTTTGATCTATGACCCGTCA,0,5185989
yqjE_yqjK_yqjD_yqjC_predicted,0.2,4,4,GTTTGATAAGTTGACATCAG,0,5183974
yqjE_yqjK_yqjD_yqjC_predicted,0.2,4,4,GTTTCCGTTCTGCATTTGGT,0,5213583
yqjE_yqjK_yqjD_yqjC_predicted,0.2,4,4,GTTTCATAGTAGAGGTCTTT,0,5262845
yqjE_yqjK_yqjD_yqjC_predicted,0.2,4,4,GTTTAACAGCATAGCATCCA,0,5210791
yqjE_yqjK_yqjD_yqjC_predicted,0.2,4,4,GTTGTGCAGGTTCCTATCTA,0,5174863
yqjE_yqjK_yqjD_yqjC_predicted,0.2,4,4,GTTGGGAGAGACGCCTAACG,0,5174955
yqjE_yqjK_yqjD_yqjC_predicted,0.2,4,4,GTTGGGAATCCGGAGTTCAA,0,5246903
yqjE_yqjK_yqjD_yqjC_predicted,0.2,4,4,GTTGCACAGACTGATTATAG,0,5211402
yqjE_yqjK_yqjD_yqjC_predicted,0.2,4,4,GTTGACTTAAAGTGTTATTA,0,5188680
yqjE_yqjK_yqjD_yqjC_predicted,0.2,4,4,GTTCTTAAGGAATCGCCCAG,0,5177256
yqjE_yqjK_yqjD_yqjC_predicted,0.2,4,4,GTTCCCTATCAACGTTGGCT,0,5217809
yqjE_yqjK_yqjD_yqjC_predicted,0.2,4,4,GTTCCAGTTCAACGGCGATC,0,5208943
yqjE_yqjK_yqjD_yqjC_predicted,0.2,4,4,GTTCACCGGTCCCCTTTCGA,0,5226122
yqjE_yqjK_yqjD_yqjC_predicted,0.2,4,4,GTTCAACTGTTGATGGGGTA,0,5252484
yqjE_yqjK_yqjD_yqjC_predicted,0.2,4,4,GTTATGATGGTGGAGCCTCC,0,5183248
yqjE_yqjK_yqjD_yqjC_predicted,0.2,4,4,GTTATCATCTGGCTTCAGGA,0,5175352
yqjE_yqjK_yqjD_yqjC_predicted,0.2,4,4,GTTAGGATATAATGAGATTC,0,5235823
yqjE_yqjK_yqjD_yqjC_predicted,0.2,4,4,GTTAGCTTAACCCTGTGTGG,0,5249068
yqjE_yqjK_yqjD_yqjC_predicted,0.2,4,4,GTTAGACCTTTCCCACAACG,0,5220672
yqjE_yqjK_yqjD_yqjC_predicted,0.2,4,4,GTTAATATCATTCTAACTCA,0,5239885
yqjE_yqjK_yqjD_yqjC_predicted,0.2,4,4,GTTAAGTATTGAGCGGGGTG,0,5240584
yqjE_yqjK_yqjD_yqjC_predicted,0.2,4,4,GTTAAGCCTAGTAGAATCAA,0,5245573
yqjE_yqjK_yqjD_yqjC_predicted,0.2,4,4,GTTAAAACGTTGATTCATCT,0,5232707
yqjE_yqjK_yqjD_yqjC_predicted,0.2,4,4,GTGTGTTATGGAGGCCACAT,0,5245802
yqjE_yqjK_yqjD_yqjC_predicted,0.2,4,4,GTGTCCCCCAGGTGCGAGAC,0,5237213
yqjE_yqjK_yqjD_yqjC_predicted,0.2,4,4,GTGTCAGCGGTCACCCGCGC,0,5230834
yqjE_yqjK_yqjD_yqjC_predicted,0.2,4,4,GTGTCACCGTCCATTGTGCC,0,5251810
yqjE_yqjK_yqjD_yqjC_predicted,0.2,4,4,GTGTAGTTGACTAACCGGTT,0,5254950
yqjE_yqjK_yqjD_yqjC_predicted,0.2,4,4,GTGTACGCACCGTGCCGCAT,0,5179320
yqjE_yqjK_yqjD_yqjC_predicted,0.2,4,4,GTGGTCCAGGTGATGCTTAA,0,5205358
yqjE_yqjK_yqjD_yqjC_predicted,0.2,4,4,GTGGGCGGGCGTGTTTTCAC,0,5230960
yqjE_yqjK_yqjD_yqjC_predicted,0.2,4,4,GTGGCGGATCCAGGGACGGC,0,5242908
yqjE_yqjK_yqjD_yqjC_predicted,0.2,4,4,GTGGAGCGTCATTCATAGCA,0,5208665
yqjE_yqjK_yqjD_yqjC_predicted,0.2,4,4,GTGCGAATCAGTACGGCGAC,0,5256914
yqjE_yqjK_yqjD_yqjC_predicted,0.2,4,4,GTGCCTCGCCCGCCCGCAGA,0,5245838
yqjE_yqjK_yqjD_yqjC_predicted,0.2,4,4,GTGCCGCCTCCACCGGTCCT,0,5198765
yqjE_yqjK_yqjD_yqjC_predicted,0.2,4,4,GTGCCGAGGGCCTATGCTGA,0,5171781
yqjE_yqjK_yqjD_yqjC_predicted,0.2,4,4,GTGCCCACTATAAAAGCGTC,0,5248143
yqjE_yqjK_yqjD_yqjC_predicted,0.2,4,4,GTGCATGGTTGACTATTAAT,0,5188023
yqjE_yqjK_yqjD_yqjC_predicted,0.2,4,4,GTGATCAAGCCGCTTAATAC,0,5209109
yqjE_yqjK_yqjD_yqjC_predicted,0.2,4,4,GTGAGTGGCCTTGATGTAAT,0,5237417
yqjE_yqjK_yqjD_yqjC_predicted,0.2,4,4,GTGACCCTTCGCTGTAAGAT,0,5180923
yqjE_yqjK_yqjD_yqjC_predicted,0.2,4,4,GTGAAGCGGTGTGCGAGCGT,0,5187872
yqjE_yqjK_yqjD_yqjC_predicted,0.2,4,4,GTGAACTCGGATTTCTCTAT,0,5242231
yqjE_yqjK_yqjD_yqjC_predicted,0.2,4,4,GTCTTGACGGTGATATGCTT,0,5208130
yqjE_yqjK_yqjD_yqjC_predicted,0.2,4,4,GTCTTGAAACTCTCGGATAT,0,5254365
yqjE_yqjK_yqjD_yqjC_predicted,0.2,4,4,GTCTTCATAGGGGATCAGTA,0,5174954
yqjE_yqjK_yqjD_yqjC_predicted,0.2,4,4,GTCTGTCCTTAACGAAGACG,0,5184277
yqjE_yqjK_yqjD_yqjC_predicted,0.2,4,4,GTCTCGTATCCTGGGGCAAG,0,5192706
yqjE_yqjK_yqjD_yqjC_predicted,0.2,4,4,GTCTCGCCCCGGGAACTACA,0,5249056
yqjE_yqjK_yqjD_yqjC_predicted,0.2,4,4,GTCTCAGACACGTCGGGCCA,0,5259540
yqjE_yqjK_yqjD_yqjC_predicted,0.2,4,4,GTCTAGGGTTCTACATTAGC,0,5175449
yqjE_yqjK_yqjD_yqjC_predicted,0.2,4,4,GTCGTACCGGACCCTTGATT,0,5252383
yqjE_yqjK_yqjD_yqjC_predicted,0.2,4,4,GTCGGCCTGGGGACCCCTGC,0,5196942
yqjE_yqjK_yqjD_yqjC_predicted,0.2,4,4,GTCGCGCAGGGGTTGCTGTA,0,5190525
yqjE_yqjK_yqjD_yqjC_predicted,0.2,4,4,GTCGATGAGTGGTAGGTTGG,0,5236768
yqjE_yqjK_yqjD_yqjC_predicted,0.2,4,4,GTCGATAGATTTCTTGGGAG,0,5252252
yqjE_yqjK_yqjD_yqjC_predicted,0.2,4,4,GTCCTTCGACTGTGGTGAGT,0,5180338
yqjE_yqjK_yqjD_yqjC_predicted,0.2,4,4,GTCCTGTTATCCGGTAAAGG,0,5194408
yqjE_yqjK_yqjD_yqjC_predicted,0.2,4,4,GTCCTATCGAATCCAGATGC,0,5187444
yqjE_yqjK_yqjD_yqjC_predicted,0.2,4,4,GTCCTAGGGGGACCCCAAGA,0,5219211
yqjE_yqjK_yqjD_yqjC_predicted,0.2,4,4,GTCCGTATGAACTGGCACTA,0,5198171
yqjE_yqjK_yqjD_yqjC_predicted,0.2,4,4,GTCCCTCGCCTAGTATGCCT,0,5236854
yqjE_yqjK_yqjD_yqjC_predicted,0.2,4,4,GTCCCTCCTACGCAAAAAGG,0,5218138
yqjE_yqjK_yqjD_yqjC_predicted,0.2,4,4,GTCATTACGAGCTCCAAAAG,0,5238670
yqjE_yqjK_yqjD_yqjC_predicted,0.2,4,4,GTCATCTGTGCAGAAGTATT,0,5176687
yqjE_yqjK_yqjD_yqjC_predicted,0.2,4,4,GTCAGCAGTCGCGGCGCAGT,0,5261701
yqjE_yqjK_yqjD_yqjC_predicted,0.2,4,4,GTCAGCACTCTTCTCCACGA,0,5204953
yqjE_yqjK_yqjD_yqjC_predicted,0.2,4,4,GTATTTTTCGCGCATCCCGA,0,5171378
yqjE_yqjK_yqjD_yqjC_predicted,0.2,4,4,GTATTCTTAGTCCGAGAGAT,0,5229721
yqjE_yqjK_yqjD_yqjC_predicted,0.2,4,4,GTATTATCACTGTCATCACG,0,5215123
yqjE_yqjK_yqjD_yqjC_predicted,0.2,4,4,GTATTAGGTGTTGGGACGTT,0,5255906
yqjE_yqjK_yqjD_yqjC_predicted,0.2,4,4,GTATGGAGGAATTCTTAATT,0,5213299
yqjE_yqjK_yqjD_yqjC_predicted,0.2,4,4,GTATAAGCATCATTCTAGCG,0,5208057
yqjE_yqjK_yqjD_yqjC_predicted,0.2,4,4,GTATAAACACCGCCCGGAAC,0,5225610
yqjE_yqjK_yqjD_yqjC_predicted,0.2,4,4,GTAGGACTGTTAAGCAGTCA,0,5251793
yqjE_yqjK_yqjD_yqjC_predicted,0.2,4,4,GTAGATAAAACTGCACTAAT,0,5232317
yqjE_yqjK_yqjD_yqjC_predicted,0.2,4,4,GTAGAACATTATAATTGGAT,0,5204904
yqjE_yqjK_yqjD_yqjC_predicted,0.2,4,4,GTACTTCTGTCGTACGTAGT,0,5187683
yqjE_yqjK_yqjD_yqjC_predicted,0.2,4,4,GTACTCTTCCGGAGCATTGC,0,5258052
yqjE_yqjK_yqjD_yqjC_predicted,0.2,4,4,GTACTAAACTTGATCTCGCA,0,5173569
yqjE_yqjK_yqjD_yqjC_predicted,0.2,4,4,GTACGTTCCCTCCGTCACAT,0,5191661
yqjE_yqjK_yqjD_yqjC_predicted,0.2,4,4,GTACGGGGGAGCAGACCAAT,0,5221965
yqjE_yqjK_yqjD_yqjC_predicted,0.2,4,4,GTACCAAATACATCTGCTAC,0,5227889
yqjE_yqjK_yqjD_yqjC_predicted,0.2,4,4,GTACAGCGTCGCTTAAAGGA,0,5196275
yqjE_yqjK_yqjD_yqjC_predicted,0.2,4,4,GTACACCTTTGCGAAGCATA,0,5232007
yqjE_yqjK_yqjD_yqjC_predicted,0.2,4,4,GTAATCTATTTCGGTATGAC,0,5239092
yqjE_yqjK_yqjD_yqjC_predicted,0.2,4,4,GTAATCCGATTCTAGTTCAC,0,5177745
yqjE_yqjK_yqjD_yqjC_predicted,0.2,4,4,GTAACCGGTTGGCGCGGAAC,0,5191256
yqjE_yqjK_yqjD_yqjC_predicted,0.2,4,4,GTAAATGTTACTAAAAATAT,0,5243741
yqjE_yqjK_yqjD_yqjC_predicted,0.2,4,4,GTAAAACGACCGGTGAAGCG,0,5184731
yqjE_yqjK_yqjD_yqjC_predicted,0.2,4,4,GGTTTCCGCAGAATGCCTCG,0,5216075
yqjE_yqjK_yqjD_yqjC_predicted,0.2,4,4,GGTTGGATTATCGGAGGTCA,0,5227261
yqjE_yqjK_yqjD_yqjC_predicted,0.2,4,4,GGTTGCTGGCCTCGCGCCAT,0,5187633
yqjE_yqjK_yqjD_yqjC_predicted,0.2,4,4,GGTTCAAGCGGATCCATACG,0,5240539
yqjE_yqjK_yqjD_yqjC_predicted,0.2,4,4,GGTTATTCCGCGTGACGCTT,0,5178266
yqjE_yqjK_yqjD_yqjC_predicted,0.2,4,4,GGTTATTATCGCTGAATGGC,0,5260384
yqjE_yqjK_yqjD_yqjC_predicted,0.2,4,4,GGTGTTTATCCGAGGGACTT,0,5233160
yqjE_yqjK_yqjD_yqjC_predicted,0.2,4,4,GGTGTTCCCCCGCCCCGCTT,0,5190780
yqjE_yqjK_yqjD_yqjC_predicted,0.2,4,4,GGTGTAAACTAAGACTAGAT,0,5246857
yqjE_yqjK_yqjD_yqjC_predicted,0.2,4,4,GGTGGGGCTGAGAGCCTTAT,0,5215248
yqjE_yqjK_yqjD_yqjC_predicted,0.2,4,4,GGTGCCACAACGACTGCTGC,0,5197165
yqjE_yqjK_yqjD_yqjC_predicted,0.2,4,4,GGTGCACCTCCTTATATCGC,0,5189000
yqjE_yqjK_yqjD_yqjC_predicted,0.2,4,4,GGTGAGCGTGTATCAAGAAT,0,5230756
yqjE_yqjK_yqjD_yqjC_predicted,0.2,4,4,GGTGAATGATCTTCATAGGA,0,5262906
yqjE_yqjK_yqjD_yqjC_predicted,0.2,4,4,GGTCTGGGTAAGGATGAAGA,0,5235616
yqjE_yqjK_yqjD_yqjC_predicted,0.2,4,4,GGTCTCTCATCTCGTGTGAA,0,5187268
yqjE_yqjK_yqjD_yqjC_predicted,0.2,4,4,GGTCGTATTACGTGCAGGCC,0,5219792
yqjE_yqjK_yqjD_yqjC_predicted,0.2,4,4,GGTCCTTTCGATGACGTTCT,0,5199598
yqjE_yqjK_yqjD_yqjC_predicted,0.2,4,4,GGTCACGTTATTAAAGGCTC,0,5181813
yqjE_yqjK_yqjD_yqjC_predicted,0.2,4,4,GGTCAACGCGTCCGAATGGC,0,5192228
yqjE_yqjK_yqjD_yqjC_predicted,0.2,4,4,GGTCAAATTACCGGGTGGAT,0,5197400
yqjE_yqjK_yqjD_yqjC_predicted,0.2,4,4,GGTATGGCGGACGATGCACG,0,5252200
yqjE_yqjK_yqjD_yqjC_predicted,0.2,4,4,GGTAGATTAATATGTTAGAT,0,5255191
yqjE_yqjK_yqjD_yqjC_predicted,0.2,4,4,GGTAATGTTGAGAACAGAGC,0,5192432
yqjE_yqjK_yqjD_yqjC_predicted,0.2,4,4,GGTAATCGTGGAACCATGTA,0,5175873
yqjE_yqjK_yqjD_yqjC_predicted,0.2,4,4,GGTAACGAGGCCGATAAATC,0,5239339
yqjE_yqjK_yqjD_yqjC_predicted,0.2,4,4,GGTAACCCCGTGTTGGTATA,0,5224844
yqjE_yqjK_yqjD_yqjC_predicted,0.2,4,4,GGGTTTAGGCCGTCGCAGCA,0,5216939
yqjE_yqjK_yqjD_yqjC_predicted,0.2,4,4,GGGTTGTCGAGCTTTACTTA,0,5225327
yqjE_yqjK_yqjD_yqjC_predicted,0.2,4,4,GGGTTCAGAGCACACCAGAA,0,5246640
yqjE_yqjK_yqjD_yqjC_predicted,0.2,4,4,GGGTGTGTGAGTGGTGTGAA,0,5201837
yqjE_yqjK_yqjD_yqjC_predicted,0.2,4,4,GGGTGGACCCATAGAGGCGG,0,5238467
yqjE_yqjK_yqjD_yqjC_predicted,0.2,4,4,GGGTGGAACCTATTCTTGGG,0,5247623
yqjE_yqjK_yqjD_yqjC_predicted,0.2,4,4,GGGTGCGCTGAGAACTACTC,0,5230999
yqjE_yqjK_yqjD_yqjC_predicted,0.2,4,4,GGGTCCTTTCTGAGCCGGTA,0,5213917
yqjE_yqjK_yqjD_yqjC_predicted,0.2,4,4,GGGTAGAGAGCGAACTGACT,0,5252371
yqjE_yqjK_yqjD_yqjC_predicted,0.2,4,4,GGGTACTGAGGTCTGGACTA,0,5255385
yqjE_yqjK_yqjD_yqjC_predicted,0.2,4,4,GGGTACAGTGTCCCGACTGC,0,5221622
yqjE_yqjK_yqjD_yqjC_predicted,0.2,4,4,GGGGTTGTGCTTCACTTACA,0,5171522
yqjE_yqjK_yqjD_yqjC_predicted,0.2,4,4,GGGGTCAGGGGGGACTGAGT,0,5259282
yqjE_yqjK_yqjD_yqjC_predicted,0.2,4,4,GGGGGCGCCCTTCTAGTGTA,0,5190668
yqjE_yqjK_yqjD_yqjC_predicted,0.2,4,4,GGGGCCATCTTTACATAGCT,0,5174071
yqjE_yqjK_yqjD_yqjC_predicted,0.2,4,4,GGGGCACTATAAGAGTGGGT,0,5177081
yqjE_yqjK_yqjD_yqjC_predicted,0.2,4,4,GGGGCACACGGCTATCACTA,0,5226204
yqjE_yqjK_yqjD_yqjC_predicted,0.2,4,4,GGGGACTAGAAGCCCTCCGT,0,5209474
yqjE_yqjK_yqjD_yqjC_predicted,0.2,4,4,GGGCTACATCTTCAATCGGT,0,5223917
yqjE_yqjK_yqjD_yqjC_predicted,0.2,4,4,GGGCGTAAAAGGACCTAGGC,0,5174892
yqjE_yqjK_yqjD_yqjC_predicted,0.2,4,4,GGGCGCCGACCACTAAGAGT,0,5200024
yqjE_yqjK_yqjD_yqjC_predicted,0.2,4,4,GGGCCTGGATGGGGGCCGGT,0,5255063
yqjE_yqjK_yqjD_yqjC_predicted,0.2,4,4,GGGCCTATGTCCGGTAGAAA,0,5207381
yqjE_yqjK_yqjD_yqjC_predicted,0.2,4,4,GGGCCAGGAAAAAACCTCTA,0,5236806
yqjE_yqjK_yqjD_yqjC_predicted,0.2,4,4,GGGAGTCAATTAATCCGAAT,0,5183444
yqjE_yqjK_yqjD_yqjC_predicted,0.2,4,4,GGGACATTGTTCGAACCCAA,0,5234890
yqjE_yqjK_yqjD_yqjC_predicted,0.2,4,4,GGGACATGATGTAAAAGGGC,0,5190163
yqjE_yqjK_yqjD_yqjC_predicted,0.2,4,4,GGGACAGGACTCTCGTCGTT,0,5205406
yqjE_yqjK_yqjD_yqjC_predicted,0.2,4,4,GGGAACGTCCGCACGTGAAT,0,5175494
yqjE_yqjK_yqjD_yqjC_predicted,0.2,4,4,GGGAAACATGACAGCAGACA,0,5203586
yqjE_yqjK_yqjD_yqjC_predicted,0.2,4,4,GGCTTAAGGTCCAGCCTCGA,0,5233531
yqjE_yqjK_yqjD_yqjC_predicted,0.2,4,4,GGCTGCAGCGGTGCGCGCGG,0,5223701
yqjE_yqjK_yqjD_yqjC_predicted,0.2,4,4,GGCTCTACGATACACTCTTG,0,5181035
yqjE_yqjK_yqjD_yqjC_predicted,0.2,4,4,GGCTAGAGGATTTGCGGCTA,0,5176249
yqjE_yqjK_yqjD_yqjC_predicted,0.2,4,4,GGCGTTACTTAGCAGTGCAG,0,5213766
yqjE_yqjK_yqjD_yqjC_predicted,0.2,4,4,GGCGGGTTTAGCTCGAGCTA,0,5185187
yqjE_yqjK_yqjD_yqjC_predicted,0.2,4,4,GGCGGGAGTACGTGGTGCCT,0,5188369
yqjE_yqjK_yqjD_yqjC_predicted,0.2,4,4,GGCGGAACCTAAGGGTGATT,0,5218024
yqjE_yqjK_yqjD_yqjC_predicted,0.2,4,4,GGCGCCGCATTTACGCATAG,0,5181343
yqjE_yqjK_yqjD_yqjC_predicted,0.2,4,4,GGCGAAAGCGTCCGGTCGCA,0,5208536
yqjE_yqjK_yqjD_yqjC_predicted,0.2,4,4,GGCCTGAGATTGGCGTTCAT,0,5255227
yqjE_yqjK_yqjD_yqjC_predicted,0.2,4,4,GGCCGTCCGCATCGAGTCAC,0,5207358
yqjE_yqjK_yqjD_yqjC_predicted,0.2,4,4,GGCCGAAGTCCGAACATTTC,0,5250410
yqjE_yqjK_yqjD_yqjC_predicted,0.2,4,4,GGCCAATATTTCGTCGGCCA,0,5209542
yqjE_yqjK_yqjD_yqjC_predicted,0.2,4,4,GGCCAACCGCCCCAGCCTAC,0,5238224
yqjE_yqjK_yqjD_yqjC_predicted,0.2,4,4,GGCAGGGACCCGTGAGGTAT,0,5173495
yqjE_yqjK_yqjD_yqjC_predicted,0.2,4,4,GGCAGCAAGGGTCCTGGATA,0,5177809
yqjE_yqjK_yqjD_yqjC_predicted,0.2,4,4,GGATGTGTGTGCTTTTCCTG,0,5253356
yqjE_yqjK_yqjD_yqjC_predicted,0.2,4,4,GGATGCGGGAGATTCGAACC,0,5221523
yqjE_yqjK_yqjD_yqjC_predicted,0.2,4,4,GGATCTTCGATACCGTGCCT,0,5255596
yqjE_yqjK_yqjD_yqjC_predicted,0.2,4,4,GGATCCAATTCAAAGGTACA,0,5234875
yqjE_yqjK_yqjD_yqjC_predicted,0.2,4,4,GGATATTAATTTGGTCTCTC,0,5176519
yqjE_yqjK_yqjD_yqjC_predicted,0.2,4,4,GGAGTGGTTATCTCACTATG,0,5231369
yqjE_yqjK_yqjD_yqjC_predicted,0.2,4,4,GGAGGGCGGCATATCTGTTT,0,5226229
yqjE_yqjK_yqjD_yqjC_predicted,0.2,4,4,GGAGGAAGCAGGGCCATAGT,0,5175324
yqjE_yqjK_yqjD_yqjC_predicted,0.2,4,4,GGAGCAACATGTAGAATTTA,0,5200227
yqjE_yqjK_yqjD_yqjC_predicted,0.2,4,4,GGACTGGGTGGGAAATCTGT,0,5207301
yqjE_yqjK_yqjD_yqjC_predicted,0.2,4,4,GGACTCCGAGTACGACGTGA,0,5197042
yqjE_yqjK_yqjD_yqjC_predicted,0.2,4,4,GGACTCAATCGTCGCCGAAG,0,5229053
yqjE_yqjK_yqjD_yqjC_predicted,0.2,4,4,GGACTAAGGAGGCATAAGAC,0,5221208
yqjE_yqjK_yqjD_yqjC_predicted,0.2,4,4,GGACGGCGCTACAACACTTA,0,5212807
yqjE_yqjK_yqjD_yqjC_predicted,0.2,4,4,GGACGGCATGCATATTCATC,0,5243168
yqjE_yqjK_yqjD_yqjC_predicted,0.2,4,4,GGACCTATTAAGTAGCGCGG,0,5243913
yqjE_yqjK_yqjD_yqjC_predicted,0.2,4,4,GGACCAGTAAGCTCCGTAAC,0,5259310
yqjE_yqjK_yqjD_yqjC_predicted,0.2,4,4,GGACAGACCCCTAATTAACG,0,5180443
yqjE_yqjK_yqjD_yqjC_predicted,0.2,4,4,GGACACTACGCGTACTGTCA,0,5253229
yqjE_yqjK_yqjD_yqjC_predicted,0.2,4,4,GGAATCCGAGTCTAAGCTCG,0,5222776
yqjE_yqjK_yqjD_yqjC_predicted,0.2,4,4,GGAATAGGGAATCAAAGATC,0,5258513
yqjE_yqjK_yqjD_yqjC_predicted,0.2,4,4,GGAATAGAACTAGAACACGT,0,5206912
yqjE_yqjK_yqjD_yqjC_predicted,0.2,4,4,GGAACCAGGTAAGGACCGCT,0,5217475
yqjE_yqjK_yqjD_yqjC_predicted,0.2,4,4,GGAACACCGTTCAAACTTTT,0,5229754
yqjE_yqjK_yqjD_yqjC_predicted,0.2,4,4,GGAAATCGTAGCGAGCAAGT,0,5250655
yqjE_yqjK_yqjD_yqjC_predicted,0.2,4,4,GGAAATCATGGTGAATGGAA,0,5205256
yqjE_yqjK_yqjD_yqjC_predicted,0.2,4,4,GGAAACGCGTCAGATCCATA,0,5249860
yqjE_yqjK_yqjD_yqjC_predicted,0.2,4,4,GGAAAAGAAAACTGGGCACA,0,5199446
yqjE_yqjK_yqjD_yqjC_predicted,0.2,4,4,GCTTTTGAGATTGGGAAGTA,0,5260286
yqjE_yqjK_yqjD_yqjC_predicted,0.2,4,4,GCTTGCTAACAGGTAAAGTC,0,5195475
yqjE_yqjK_yqjD_yqjC_predicted,0.2,4,4,GCTTCTGATTACGGTTGCCG,0,5257455
yqjE_yqjK_yqjD_yqjC_predicted,0.2,4,4,GCTGTATGTTATCACAGTAC,0,5202554
yqjE_yqjK_yqjD_yqjC_predicted,0.2,4,4,GCTGCTACTTGCTGAGAAAG,0,5198475
yqjE_yqjK_yqjD_yqjC_predicted,0.2,4,4,GCTGCATTACCGGAGAAAGT,0,5256348
yqjE_yqjK_yqjD_yqjC_predicted,0.2,4,4,GCTGATAGTTCAGAGTGTGA,0,5257756
yqjE_yqjK_yqjD_yqjC_predicted,0.2,4,4,GCTGACACCTGCTTCACATG,0,5222831
yqjE_yqjK_yqjD_yqjC_predicted,0.2,4,4,GCTCTTTATTGCAGCTTCGA,0,5245363
yqjE_yqjK_yqjD_yqjC_predicted,0.2,4,4,GCTCTGAACTCCCTACCCCC,0,5200806
yqjE_yqjK_yqjD_yqjC_predicted,0.2,4,4,GCTCGTATCCAGACGCTACG,0,5262703
yqjE_yqjK_yqjD_yqjC_predicted,0.2,4,4,GCTCGGTCAGCTACACTGGG,0,5217036
yqjE_yqjK_yqjD_yqjC_predicted,0.2,4,4,GCTCGCGAACAGAGTACAAC,0,5257144
yqjE_yqjK_yqjD_yqjC_predicted,0.2,4,4,GCTCCAGGCTTCTATGTAGT,0,5182188
yqjE_yqjK_yqjD_yqjC_predicted,0.2,4,4,GCTCACAGTATCACGTGGTA,0,5200952
yqjE_yqjK_yqjD_yqjC_predicted,0.2,4,4,GCTAGTACTCACGCTAGTCT,0,5234668
yqjE_yqjK_yqjD_yqjC_predicted,0.2,4,4,GCTAGCAGACTAGGAGAAAA,0,5215198
yqjE_yqjK_yqjD_yqjC_predicted,0.2,4,4,GCTAGCAATCCAGAGAAATA,0,5173481
yqjE_yqjK_yqjD_yqjC_predicted,0.2,4,4,GCTAGACGGGTTTAATTCTC,0,5191309
yqjE_yqjK_yqjD_yqjC_predicted,0.2,4,4,GCTACGCCTTCCGGTGAATT,0,5173499
yqjE_yqjK_yqjD_yqjC_predicted,0.2,4,4,GCTACGCCCACTCGATAGCC,0,5180275
yqjE_yqjK_yqjD_yqjC_predicted,0.2,4,4,GCTACCTGTGGCGAAGGTCT,0,5262916
yqjE_yqjK_yqjD_yqjC_predicted,0.2,4,4,GCGTGTGCGCTCTTGAGGTG,0,5178139
yqjE_yqjK_yqjD_yqjC_predicted,0.2,4,4,GCGTAGGCGCTCCCGCTCCC,0,5182083
yqjE_yqjK_yqjD_yqjC_predicted,0.2,4,4,GCGGCGAAGTGACAGCGTAA,0,5234752
yqjE_yqjK_yqjD_yqjC_predicted,0.2,4,4,GCGGCCCCAGCGAGTGTCAT,0,5197670
yqjE_yqjK_yqjD_yqjC_predicted,0.2,4,4,GCGGCCAAGACTGCAAGCGA,0,5257100
yqjE_yqjK_yqjD_yqjC_predicted,0.2,4,4,GCGGATCTTTAGGTAGGTCC,0,5228361
yqjE_yqjK_yqjD_yqjC_predicted,0.2,4,4,GCGCTGCTACTGTCCCATAA,0,5201281
yqjE_yqjK_yqjD_yqjC_predicted,0.2,4,4,GCGCGAGGTCTGCATGGTAT,0,5227023
yqjE_yqjK_yqjD_yqjC_predicted,0.2,4,4,GCGCCGAATCAGTGGACCAT,0,5229755
yqjE_yqjK_yqjD_yqjC_predicted,0.2,4,4,GCGCATATAAAGCACTGAGG,0,5229213
yqjE_yqjK_yqjD_yqjC_predicted,0.2,4,4,GCGCAGCAAAATGCGCGTTA,0,5186549
yqjE_yqjK_yqjD_yqjC_predicted,0.2,4,4,GCGCACTCGAGGTTAGCCAT,0,5212462
yqjE_yqjK_yqjD_yqjC_predicted,0.2,4,4,GCGAGTCCTCGCCAGTGGAT,0,5180524
yqjE_yqjK_yqjD_yqjC_predicted,0.2,4,4,GCGAGGTACAAGTGGAATTA,0,5245408
yqjE_yqjK_yqjD_yqjC_predicted,0.2,4,4,GCGACCTTAATATTGTGATT,0,5175747
yqjE_yqjK_yqjD_yqjC_predicted,0.2,4,4,GCGAATCATCGTCTACGCTC,0,5194859
yqjE_yqjK_yqjD_yqjC_predicted,0.2,4,4,GCCTTCGTGGGTACGCAGGT,0,5205465
yqjE_yqjK_yqjD_yqjC_predicted,0.2,4,4,GCCTTCCTAGATGGAAATAC,0,5236250
yqjE_yqjK_yqjD_yqjC_predicted,0.2,4,4,GCCTAGGACCCCGTTAAGTA,0,5241851
yqjE_yqjK_yqjD_yqjC_predicted,0.2,4,4,GCCTACATGAACCTCTGAGC,0,5250722
yqjE_yqjK_yqjD_yqjC_predicted,0.2,4,4,GCCTACAGTTTTGACAGCAT,0,5209847
yqjE_yqjK_yqjD_yqjC_predicted,0.2,4,4,GCCGTTGAAAGAAGTTCGTT,0,5195242
yqjE_yqjK_yqjD_yqjC_predicted,0.2,4,4,GCCGTTAAATGTAGGCTAAG,0,5259613
yqjE_yqjK_yqjD_yqjC_predicted,0.2,4,4,GCCGAGTTCCCATAATACTG,0,5224526
yqjE_yqjK_yqjD_yqjC_predicted,0.2,4,4,GCCGAACTTTCGGGCCATAA,0,5199882
yqjE_yqjK_yqjD_yqjC_predicted,0.2,4,4,GCCGAACCTGGCCTCACTGC,0,5239164
yqjE_yqjK_yqjD_yqjC_predicted,0.2,4,4,GCCCTCCCATCTTACAGATA,0,5252337
yqjE_yqjK_yqjD_yqjC_predicted,0.2,4,4,GCCCGTTCAGCCAATTAATG,0,5231327
yqjE_yqjK_yqjD_yqjC_predicted,0.2,4,4,GCCCGATATTCGTTCACTCG,0,5178505
yqjE_yqjK_yqjD_yqjC_predicted,0.2,4,4,GCCCGAAGCATATGGTACAA,0,5246746
yqjE_yqjK_yqjD_yqjC_predicted,0.2,4,4,GCCCAACCCTCTCCCGCTTA,0,5199433
yqjE_yqjK_yqjD_yqjC_predicted,0.2,4,4,GCCAGAACTTTACTTGCCTT,0,5261436
yqjE_yqjK_yqjD_yqjC_predicted,0.2,4,4,GCATCGCGGTAACAGGACAG,0,5237099
yqjE_yqjK_yqjD_yqjC_predicted,0.2,4,4,GCATCCTTAATAACCTTGTA,0,5253089
yqjE_yqjK_yqjD_yqjC_predicted,0.2,4,4,GCATCCAGTAGTGCCATAGG,0,5252510
yqjE_yqjK_yqjD_yqjC_predicted,0.2,4,4,GCATAGTAGTACTGGGTCGC,0,5223087
yqjE_yqjK_yqjD_yqjC_predicted,0.2,4,4,GCATAGGAATTAGGAAGTGA,0,5237596
yqjE_yqjK_yqjD_yqjC_predicted,0.2,4,4,GCAGGTGTTGGTGCATTGCC,0,5193868
yqjE_yqjK_yqjD_yqjC_predicted,0.2,4,4,GCAGGTGAGATTCACCACGG,0,5249986
yqjE_yqjK_yqjD_yqjC_predicted,0.2,4,4,GCAGAGTGAAAAACGGGATG,0,5194495
yqjE_yqjK_yqjD_yqjC_predicted,0.2,4,4,GCAGAGGTTCTTCCATCAAG,0,5260261
yqjE_yqjK_yqjD_yqjC_predicted,0.2,4,4,GCAGACGAGGCCAACCGCTA,0,5194509
yqjE_yqjK_yqjD_yqjC_predicted,0.2,4,4,GCAGACCTACATGGAGACAT,0,5258374
yqjE_yqjK_yqjD_yqjC_predicted,0.2,4,4,GCACTTGTTGTCTACCGGTA,0,5262326
yqjE_yqjK_yqjD_yqjC_predicted,0.2,4,4,GCACGGTGTTTCCTGCGGGG,0,5250343
yqjE_yqjK_yqjD_yqjC_predicted,0.2,4,4,GCACGAGCATCGACTGTATA,0,5232424
yqjE_yqjK_yqjD_yqjC_predicted,0.2,4,4,GCACCGACGCTGCAGTACTC,0,5237081
yqjE_yqjK_yqjD_yqjC_predicted,0.2,4,4,GCAATTATCGTGAGTTTAGA,0,5192942
yqjE_yqjK_yqjD_yqjC_predicted,0.2,4,4,GCAATTAGGTTCCTGGCTGG,0,5252074
yqjE_yqjK_yqjD_yqjC_predicted,0.2,4,4,GCAATGGCTCGCCTAAAACT,0,5179798
yqjE_yqjK_yqjD_yqjC_predicted,0.2,4,4,GCAATGCATTCAATGAATTA,0,5173651
yqjE_yqjK_yqjD_yqjC_predicted,0.2,4,4,GCAAGGTGAATGTCTACGTT,0,5210626
yqjE_yqjK_yqjD_yqjC_predicted,0.2,4,4,GCAAGAAGGTTTTTCATTAA,0,5247322
yqjE_yqjK_yqjD_yqjC_predicted,0.2,4,4,GCAACGGTTCAGCACATTAA,0,5223169
yqjE_yqjK_yqjD_yqjC_predicted,0.2,4,4,GCAACCTATATTAAACTTGA,0,5198747
yqjE_yqjK_yqjD_yqjC_predicted,0.2,4,4,GCAACCCCTATTGATGGCGT,0,5244640
yqjE_yqjK_yqjD_yqjC_predicted,0.2,4,4,GCAACCCATGTCCACCAAGC,0,5190106
yqjE_yqjK_yqjD_yqjC_predicted,0.2,4,4,GATTACTCTTGTTCCGTAAC,0,5236735
yqjE_yqjK_yqjD_yqjC_predicted,0.2,4,4,GATGTCTAGTTGCACGCTTA,0,5244314
yqjE_yqjK_yqjD_yqjC_predicted,0.2,4,4,GATGTAAGGGGGGTCCGACT,0,5245404
yqjE_yqjK_yqjD_yqjC_predicted,0.2,4,4,GATGGTTCTATGCGAGCCAA,0,5237087
yqjE_yqjK_yqjD_yqjC_predicted,0.2,4,4,GATGGTGGTGGTGTCAAGAT,0,5198444
yqjE_yqjK_yqjD_yqjC_predicted,0.2,4,4,GATGGTCGCGGAGTGATCCT,0,5225183
yqjE_yqjK_yqjD_yqjC_predicted,0.2,4,4,GATGGATCTGCTCGAGCTCT,0,5176909
yqjE_yqjK_yqjD_yqjC_predicted,0.2,4,4,GATGATAATCGTCCGCGATT,0,5215971
yqjE_yqjK_yqjD_yqjC_predicted,0.2,4,4,GATCTTTTGACTTAGCCTCA,0,5244303
yqjE_yqjK_yqjD_yqjC_predicted,0.2,4,4,GATCTTCTGTCAGTTGTTGC,0,5192630
yqjE_yqjK_yqjD_yqjC_predicted,0.2,4,4,GATCTGGCGCAAAGAAGTGT,0,5210365
yqjE_yqjK_yqjD_yqjC_predicted,0.2,4,4,GATCCAGTTTTAAGCCGGCA,0,5209891
yqjE_yqjK_yqjD_yqjC_predicted,0.2,4,4,GATCCAGTGTATACAAGTTA,0,5242802
yqjE_yqjK_yqjD_yqjC_predicted,0.2,4,4,GATCCACATTGCTCTTGTAA,0,5205262
yqjE_yqjK_yqjD_yqjC_predicted,0.2,4,4,GATCAGAGCTCGCGTCCGGG,0,5243361
yqjE_yqjK_yqjD_yqjC_predicted,0.2,4,4,GATAGCGTAGCACCGATTTA,0,5228345
yqjE_yqjK_yqjD_yqjC_predicted,0.2,4,4,GATAATCGGGAACCGTCTGT,0,5201891
yqjE_yqjK_yqjD_yqjC_predicted,0.2,4,4,GAGTTTCGGCAATCTGGTTG,0,5184778
yqjE_yqjK_yqjD_yqjC_predicted,0.2,4,4,GAGTTGGCTACTCAATCCTG,0,5237926
yqjE_yqjK_yqjD_yqjC_predicted,0.2,4,4,GAGTTCGCGTACCATTGGGT,0,5184222
yqjE_yqjK_yqjD_yqjC_predicted,0.2,4,4,GAGTCTATTTAAGCGTCCAA,0,5256475
yqjE_yqjK_yqjD_yqjC_predicted,0.2,4,4,GAGTCGTGGGCGAGGGGCGA,0,5209303
yqjE_yqjK_yqjD_yqjC_predicted,0.2,4,4,GAGTCGGCTCTTAGAAGAAA,0,5191890
yqjE_yqjK_yqjD_yqjC_predicted,0.2,4,4,GAGTCCTATTACAGGCCAAC,0,5196666
yqjE_yqjK_yqjD_yqjC_predicted,0.2,4,4,GAGGGCTCTGTATCTCAAGA,0,5240832
yqjE_yqjK_yqjD_yqjC_predicted,0.2,4,4,GAGGGACGCTAGTCCCACTG,0,5202282
yqjE_yqjK_yqjD_yqjC_predicted,0.2,4,4,GAGGCCTCTCAGATCGCGAT,0,5252328
yqjE_yqjK_yqjD_yqjC_predicted,0.2,4,4,GAGGATACAAGTTGTTTTTT,0,5178670
yqjE_yqjK_yqjD_yqjC_predicted,0.2,4,4,GAGGAGCGCAGTACTTACCC,0,5196181
yqjE_yqjK_yqjD_yqjC_predicted,0.2,4,4,GAGGAACATCCTCTGAGGGC,0,5240599
yqjE_yqjK_yqjD_yqjC_predicted,0.2,4,4,GAGCTCGTACAACGCAGTGG,0,5176413
yqjE_yqjK_yqjD_yqjC_predicted,0.2,4,4,GAGCGTTCGACATTGGAGAC,0,5251649
yqjE_yqjK_yqjD_yqjC_predicted,0.2,4,4,GAGCGTGGTGTTTCCCTCCT,0,5176177
yqjE_yqjK_yqjD_yqjC_predicted,0.2,4,4,GAGCATCTATACTAATTCGG,0,5260459
yqjE_yqjK_yqjD_yqjC_predicted,0.2,4,4,GAGCACCCCTCGACGGAGCG,0,5210766
yqjE_yqjK_yqjD_yqjC_predicted,0.2,4,4,GAGCAAACACCACTCTGAGA,0,5218144
yqjE_yqjK_yqjD_yqjC_predicted,0.2,4,4,GAGATCCCTCTCTAAATCTT,0,5262140
yqjE_yqjK_yqjD_yqjC_predicted,0.2,4,4,GAGAGGTATATTATGTCACT,0,5183184
yqjE_yqjK_yqjD_yqjC_predicted,0.2,4,4,GAGACCTCGCGCCTAATGAC,0,5221552
yqjE_yqjK_yqjD_yqjC_predicted,0.2,4,4,GAGACATATCTTTTCCGTAC,0,5195435
yqjE_yqjK_yqjD_yqjC_predicted,0.2,4,4,GAGAAATGCCAATAATCTTA,0,5178442
yqjE_yqjK_yqjD_yqjC_predicted,0.2,4,4,GACTTTCGTATACATTGGTA,0,5237846
yqjE_yqjK_yqjD_yqjC_predicted,0.2,4,4,GACTTCGCTTTTTTCTGGCG,0,5245801
yqjE_yqjK_yqjD_yqjC_predicted,0.2,4,4,GACTGAAGTGGGGATCCGCG,0,5196197
yqjE_yqjK_yqjD_yqjC_predicted,0.2,4,4,GACTCAAGTTGAATTAACCC,0,5210145
yqjE_yqjK_yqjD_yqjC_predicted,0.2,4,4,GACTATGGGTATCAACTTAT,0,5196865
yqjE_yqjK_yqjD_yqjC_predicted,0.2,4,4,GACTATGAGTATGCGCGTTC,0,5170927
yqjE_yqjK_yqjD_yqjC_predicted,0.2,4,4,GACTAAGATACCTATGGATG,0,5250107
yqjE_yqjK_yqjD_yqjC_predicted,0.2,4,4,GACTAAAGTTGAAATTTCTG,0,5236053
yqjE_yqjK_yqjD_yqjC_predicted,0.2,4,4,GACGTGTCTTCGATGATCCA,0,5210834
yqjE_yqjK_yqjD_yqjC_predicted,0.2,4,4,GACGGTTACGAATCGGGCTT,0,5262817
yqjE_yqjK_yqjD_yqjC_predicted,0.2,4,4,GACGGATCCCGCTAACCGCT,0,5188666
yqjE_yqjK_yqjD_yqjC_predicted,0.2,4,4,GACGGACAATTAAGGTGCAG,0,5233090
yqjE_yqjK_yqjD_yqjC_predicted,0.2,4,4,GACCTTCACCTATGCCCCAG,0,5186993
yqjE_yqjK_yqjD_yqjC_predicted,0.2,4,4,GACCTTAAACCGGACTGAGG,0,5211148
yqjE_yqjK_yqjD_yqjC_predicted,0.2,4,4,GACCTGTGGATGGACGGACG,0,5209731
yqjE_yqjK_yqjD_yqjC_predicted,0.2,4,4,GACCTCAGAGCGTTGGGCCA,0,5244070
yqjE_yqjK_yqjD_yqjC_predicted,0.2,4,4,GACCGGTCGTCGTAATAAAA,0,5190528
yqjE_yqjK_yqjD_yqjC_predicted,0.2,4,4,GACCGCCCCTATTCTGGGAT,0,5190017
yqjE_yqjK_yqjD_yqjC_predicted,0.2,4,4,GACCCCTCACTCAGGGACTT,0,5259873
yqjE_yqjK_yqjD_yqjC_predicted,0.2,4,4,GACCCACCTAAATCGAGTCT,0,5224955
yqjE_yqjK_yqjD_yqjC_predicted,0.2,4,4,GACCCAAGCAGCATTGCCAA,0,5202374
yqjE_yqjK_yqjD_yqjC_predicted,0.2,4,4,GACCATACTATAGACATTGA,0,5172818
yqjE_yqjK_yqjD_yqjC_predicted,0.2,4,4,GACCAAACTCCCGGGGCCAT,0,5209366
yqjE_yqjK_yqjD_yqjC_predicted,0.2,4,4,GACATTCCAATCTCATCGGG,0,5250660
yqjE_yqjK_yqjD_yqjC_predicted,0.2,4,4,GACAGGCGTAAGCCCTTAAC,0,5211616
yqjE_yqjK_yqjD_yqjC_predicted,0.2,4,4,GACACCATGGCTTCGCCGTA,0,5240523
yqjE_yqjK_yqjD_yqjC_predicted,0.2,4,4,GAATTGTGTACGGTTCGAGT,0,5210352
yqjE_yqjK_yqjD_yqjC_predicted,0.2,4,4,GAATTAGAGATATACGGGGG,0,5179225
yqjE_yqjK_yqjD_yqjC_predicted,0.2,4,4,GAATGCAGAACTACGAAGAA,0,5245783
yqjE_yqjK_yqjD_yqjC_predicted,0.2,4,4,GAATGAGGGTTCCCAATTTA,0,5189478
yqjE_yqjK_yqjD_yqjC_predicted,0.2,4,4,GAATGACGCAACGGCGCTAA,0,5199465
yqjE_yqjK_yqjD_yqjC_predicted,0.2,4,4,GAATATTTACGTGAAGTGGC,0,5210673
yqjE_yqjK_yqjD_yqjC_predicted,0.2,4,4,GAAGTTTTTATGCTACTAAG,0,5172900
yqjE_yqjK_yqjD_yqjC_predicted,0.2,4,4,GAAGTACCACTACTCATCTG,0,5209852
yqjE_yqjK_yqjD_yqjC_predicted,0.2,4,4,GAAGGGGCCATTGTTGGACC,0,5245056
yqjE_yqjK_yqjD_yqjC_predicted,0.2,4,4,GAAGGCTGGGGCTGTAGAAG,0,5182715
yqjE_yqjK_yqjD_yqjC_predicted,0.2,4,4,GAAGCTTTGGAAATTCATCG,0,5214847
yqjE_yqjK_yqjD_yqjC_predicted,0.2,4,4,GAAGAGTAAATGTCGGTTAC,0,5226048
yqjE_yqjK_yqjD_yqjC_predicted,0.2,4,4,GAACTAAGGAAATATGAGTA,0,5235999
yqjE_yqjK_yqjD_yqjC_predicted,0.2,4,4,GAACGGGCATCGTGCGGGAT,0,5252097
yqjE_yqjK_yqjD_yqjC_predicted,0.2,4,4,GAACATGGGAATCCCTGGCG,0,5203680
yqjE_yqjK_yqjD_yqjC_predicted,0.2,4,4,GAACAGTACGTGCTGTCGCG,0,5230655
yqjE_yqjK_yqjD_yqjC_predicted,0.2,4,4,GAAATGTAGGCCGGTACTGG,0,5238213
yqjE_yqjK_yqjD_yqjC_predicted,0.2,4,4,GAAAGTGCTGTTGGGGGCTT,0,5177793
yqjE_yqjK_yqjD_yqjC_predicted,0.2,4,4,GAAAGGTCGAAGAAGGGTTT,0,5259419
yqjE_yqjK_yqjD_yqjC_predicted,0.2,4,4,GAAAGGCCTGTGTACTTAAT,0,5211766
yqjE_yqjK_yqjD_yqjC_predicted,0.2,4,4,GAAAAGCTACCACGGCAGGC,0,5249730
yqjE_yqjK_yqjD_yqjC_predicted,0.2,4,4,GAAAACGAATAGCAGGTTAG,0,5226049
yqjE_yqjK_yqjD_yqjC_predicted,0.2,4,4,GAAAAAAATCACCCGAATAC,0,5175479
yqjE_yqjK_yqjD_yqjC_predicted,0.2,4,4,CTTTTGAGAGGTGACCCTAT,0,5246407
yqjE_yqjK_yqjD_yqjC_predicted,0.2,4,4,CTTTTCTGCCCCATTGCCAG,0,5210845
yqjE_yqjK_yqjD_yqjC_predicted,0.2,4,4,CTTTGCGATTTACCTAGATT,0,5194009
yqjE_yqjK_yqjD_yqjC_predicted,0.2,4,4,CTTTCAGTTAATTTAGCGAC,0,5200538
yqjE_yqjK_yqjD_yqjC_predicted,0.2,4,4,CTTGCTTTCAATTGAGTTTG,0,5212517
yqjE_yqjK_yqjD_yqjC_predicted,0.2,4,4,CTTGCGACGTGATTGCGATG,0,5228366
yqjE_yqjK_yqjD_yqjC_predicted,0.2,4,4,CTTCTCCTTTGACTCGCAAG,0,5216047
yqjE_yqjK_yqjD_yqjC_predicted,0.2,4,4,CTTCTATCCGATAAGGCAAA,0,5254658
yqjE_yqjK_yqjD_yqjC_predicted,0.2,4,4,CTTCCCGGCCCAAATGCACT,0,5219602
yqjE_yqjK_yqjD_yqjC_predicted,0.2,4,4,CTTAGGTATTGACTCTCGAG,0,5178231
yqjE_yqjK_yqjD_yqjC_predicted,0.2,4,4,CTTAAGTGCCATAGGACACA,0,5175440
yqjE_yqjK_yqjD_yqjC_predicted,0.2,4,4,CTGTTCGCGCTACCGCAGTC,0,5229817
yqjE_yqjK_yqjD_yqjC_predicted,0.2,4,4,CTGTGAGTCCATAGTATGGG,0,5175986
yqjE_yqjK_yqjD_yqjC_predicted,0.2,4,4,CTGTCGGAGATTTTCATCGT,0,5222731
yqjE_yqjK_yqjD_yqjC_predicted,0.2,4,4,CTGTCCACAACGGTGATCAA,0,5240669
yqjE_yqjK_yqjD_yqjC_predicted,0.2,4,4,CTGTATCTTTGCAGGCTGTA,0,5233100
yqjE_yqjK_yqjD_yqjC_predicted,0.2,4,4,CTGTATAATTCCCGGTTAGA,0,5191469
yqjE_yqjK_yqjD_yqjC_predicted,0.2,4,4,CTGTATAAAGAACCTCGTCT,0,5257838
yqjE_yqjK_yqjD_yqjC_predicted,0.2,4,4,CTGTAGGGGCTCCCCTAACC,0,5203865
yqjE_yqjK_yqjD_yqjC_predicted,0.2,4,4,CTGTAGATTTTGCCGCTGGC,0,5193264
yqjE_yqjK_yqjD_yqjC_predicted,0.2,4,4,CTGTACATGCTAGTGGAAAG,0,5211018
yqjE_yqjK_yqjD_yqjC_predicted,0.2,4,4,CTGGTTGCAAGGTGCCCGGA,0,5258254
yqjE_yqjK_yqjD_yqjC_predicted,0.2,4,4,CTGGTTCCGGGAGCGTGTTG,0,5230574
yqjE_yqjK_yqjD_yqjC_predicted,0.2,4,4,CTGGTGATATGTGCTGGGCA,0,5173359
yqjE_yqjK_yqjD_yqjC_predicted,0.2,4,4,CTGGTGACACGATCGTTTGC,0,5199566
yqjE_yqjK_yqjD_yqjC_predicted,0.2,4,4,CTGGGGGAATGCTCTCCGGT,0,5229157
yqjE_yqjK_yqjD_yqjC_predicted,0.2,4,4,CTGGGCGCTTATCCTCTAAA,0,5251991
yqjE_yqjK_yqjD_yqjC_predicted,0.2,4,4,CTGGGATCGTTTTCGGATCA,0,5211506
yqjE_yqjK_yqjD_yqjC_predicted,0.2,4,4,CTGGCATTTCAGGCTCGCGA,0,5244350
yqjE_yqjK_yqjD_yqjC_predicted,0.2,4,4,CTGGCATCATAGAACGCGAT,0,5172076
yqjE_yqjK_yqjD_yqjC_predicted,0.2,4,4,CTGGACACACCTCCCTTAGA,0,5189719
yqjE_yqjK_yqjD_yqjC_predicted,0.2,4,4,CTGCCTTGGTCACGTTCTGA,0,5210226
yqjE_yqjK_yqjD_yqjC_predicted,0.2,4,4,CTGCCCAGGAGACTGACATT,0,5204118
yqjE_yqjK_yqjD_yqjC_predicted,0.2,4,4,CTGATGTGCATACGGGTGTT,0,5172769
yqjE_yqjK_yqjD_yqjC_predicted,0.2,4,4,CTGATGATGAGTCTAGGTCT,0,5259689
yqjE_yqjK_yqjD_yqjC_predicted,0.2,4,4,CTGATCCGGAGTGTAAGTCC,0,5240297
yqjE_yqjK_yqjD_yqjC_predicted,0.2,4,4,CTGAGTGCAGGCCCCCATAG,0,5221841
yqjE_yqjK_yqjD_yqjC_predicted,0.2,4,4,CTGAAGCGAACAGAGCGTAG,0,5208676
yqjE_yqjK_yqjD_yqjC_predicted,0.2,4,4,CTGAAAGATCCTAGTCAGCA,0,5189034
yqjE_yqjK_yqjD_yqjC_predicted,0.2,4,4,CTGAAACTGCGGTAATCCAC,0,5223150
yqjE_yqjK_yqjD_yqjC_predicted,0.2,4,4,CTCTTCTATAAGAACGGCAC,0,5193490
yqjE_yqjK_yqjD_yqjC_predicted,0.2,4,4,CTCTTCAGAGCGCTGTCCAG,0,5258939
yqjE_yqjK_yqjD_yqjC_predicted,0.2,4,4,CTCTCTTTAGGGGTAGTGCA,0,5195765
yqjE_yqjK_yqjD_yqjC_predicted,0.2,4,4,CTCTCCGTCGGTTTACGCGG,0,5251679
yqjE_yqjK_yqjD_yqjC_predicted,0.2,4,4,CTCTAAGGGCAACTCGGTTC,0,5186953
yqjE_yqjK_yqjD_yqjC_predicted,0.2,4,4,CTCGGAGCAGTTGCATCAAC,0,5250705
yqjE_yqjK_yqjD_yqjC_predicted,0.2,4,4,CTCGCTGACGCTGGCTAACA,0,5187661
yqjE_yqjK_yqjD_yqjC_predicted,0.2,4,4,CTCGCCTCGGGACTACGGTC,0,5208770
yqjE_yqjK_yqjD_yqjC_predicted,0.2,4,4,CTCCTGTAGCAGGGCAGCTA,0,5212597
yqjE_yqjK_yqjD_yqjC_predicted,0.2,4,4,CTCCTCGTGGGGAATTCCAT,0,5234766
yqjE_yqjK_yqjD_yqjC_predicted,0.2,4,4,CTCCTAGTCGTGAACAAAAT,0,5232599
yqjE_yqjK_yqjD_yqjC_predicted,0.2,4,4,CTCCTAGCTCCAGACGGAAA,0,5185678
yqjE_yqjK_yqjD_yqjC_predicted,0.2,4,4,CTCCGACGTCCGTCGAGCGG,0,5173407
yqjE_yqjK_yqjD_yqjC_predicted,0.2,4,4,CTCAGCTATGGGTTCGGTCA,0,5176977
yqjE_yqjK_yqjD_yqjC_predicted,0.2,4,4,CTCACATCGCCACCTATGGC,0,5196334
yqjE_yqjK_yqjD_yqjC_predicted,0.2,4,4,CTCAAAGTTTATGATCCGAC,0,5238828
yqjE_yqjK_yqjD_yqjC_predicted,0.2,4,4,CTCAAAGGGGTCCTAAGATA,0,5182510
yqjE_yqjK_yqjD_yqjC_predicted,0.2,4,4,CTATTTACGAGGAACGGTGT,0,5186243
yqjE_yqjK_yqjD_yqjC_predicted,0.2,4,4,CTATTCGTCATCCGTAGCGG,0,5253695
yqjE_yqjK_yqjD_yqjC_predicted,0.2,4,4,CTATGCTTGAGGGCCTTGTC,0,5257210
yqjE_yqjK_yqjD_yqjC_predicted,0.2,4,4,CTATGCGTGTGCGACCAACG,0,5231407
yqjE_yqjK_yqjD_yqjC_predicted,0.2,4,4,CTATGCGAAGATGTAAATCG,0,5176498
yqjE_yqjK_yqjD_yqjC_predicted,0.2,4,4,CTATGATGACTGATCGAGAC,0,5180034
yqjE_yqjK_yqjD_yqjC_predicted,0.2,4,4,CTATGACACAATGTTACAGT,0,5230996
yqjE_yqjK_yqjD_yqjC_predicted,0.2,4,4,CTATGAACGTCTTGGATGGC,0,5239511
yqjE_yqjK_yqjD_yqjC_predicted,0.2,4,4,CTATAGAATCTAGGCCTGTC,0,5210393
yqjE_yqjK_yqjD_yqjC_predicted,0.2,4,4,CTATACGCACTACGGCGGAT,0,5240674
yqjE_yqjK_yqjD_yqjC_predicted,0.2,4,4,CTAGTCATGAAGCGCAAGCT,0,5235055
yqjE_yqjK_yqjD_yqjC_predicted,0.2,4,4,CTAGCCTCTTTATCGCAGTG,0,5224361
yqjE_yqjK_yqjD_yqjC_predicted,0.2,4,4,CTAGAAAACTCTAAGGCGTT,0,5209417
yqjE_yqjK_yqjD_yqjC_predicted,0.2,4,4,CTACTGCAAATGTCTAAGGA,0,5170949
yqjE_yqjK_yqjD_yqjC_predicted,0.2,4,4,CTACGGATAAAGGGTGAACC,0,5251671
yqjE_yqjK_yqjD_yqjC_predicted,0.2,4,4,CTACCTTGCAAAGGAGTACT,0,5245981
yqjE_yqjK_yqjD_yqjC_predicted,0.2,4,4,CTACATAACTTACTCTAAAA,0,5198499
yqjE_yqjK_yqjD_yqjC_predicted,0.2,4,4,CTACAAGCGACGATCGTGCG,0,5196739
yqjE_yqjK_yqjD_yqjC_predicted,0.2,4,4,CTAAGGGATTTTACGTGGAA,0,5201686
yqjE_yqjK_yqjD_yqjC_predicted,0.2,4,4,CGTTTTCGTAGAACTACGAC,0,5171882
yqjE_yqjK_yqjD_yqjC_predicted,0.2,4,4,CGTTTGTGTATTAACAGATT,0,5212941
yqjE_yqjK_yqjD_yqjC_predicted,0.2,4,4,CGTTTCTAGGGTTACAGCAC,0,5171004
yqjE_yqjK_yqjD_yqjC_predicted,0.2,4,4,CGTTTACACATGAAATCAAA,0,5219514
yqjE_yqjK_yqjD_yqjC_predicted,0.2,4,4,CGTTCGATTTAACTCCTGAG,0,5211140
yqjE_yqjK_yqjD_yqjC_predicted,0.2,4,4,CGTTCAAAGGCTATGCAAGT,0,5243763
yqjE_yqjK_yqjD_yqjC_predicted,0.2,4,4,CGTTAGGGGTACGTATACTA,0,5257628
yqjE_yqjK_yqjD_yqjC_predicted,0.2,4,4,CGTTACAGCCCCGACAGGGA,0,5235202
yqjE_yqjK_yqjD_yqjC_predicted,0.2,4,4,CGTGTCCACGACGTCCCCGG,0,5228329
yqjE_yqjK_yqjD_yqjC_predicted,0.2,4,4,CGTGGCTACTGTAAGAGACC,0,5220644
yqjE_yqjK_yqjD_yqjC_predicted,0.2,4,4,CGTGAAGAGCGACGACGTCA,0,5224679
yqjE_yqjK_yqjD_yqjC_predicted,0.2,4,4,CGTGAACTGAAGGCGCGCAA,0,5207601
yqjE_yqjK_yqjD_yqjC_predicted,0.2,4,4,CGTCTACATAACCGAAGTAG,0,5196974
yqjE_yqjK_yqjD_yqjC_predicted,0.2,4,4,CGTCGTACCATCTCAAGAGG,0,5184831
yqjE_yqjK_yqjD_yqjC_predicted,0.2,4,4,CGTCGGGCCGAGTTAGGACA,0,5225444
yqjE_yqjK_yqjD_yqjC_predicted,0.2,4,4,CGTCGGACAACCACTTTGCC,0,5231248
yqjE_yqjK_yqjD_yqjC_predicted,0.2,4,4,CGTCCACGGGCAGTGGTCAA,0,5244443
yqjE_yqjK_yqjD_yqjC_predicted,0.2,4,4,CGTAGGTCACTAACACAATT,0,5235821
yqjE_yqjK_yqjD_yqjC_predicted,0.2,4,4,CGTAGGCTGGTGCAAACTCT,0,5246922
yqjE_yqjK_yqjD_yqjC_predicted,0.2,4,4,CGTAGCAGTAATAAGAAAAT,0,5207041
yqjE_yqjK_yqjD_yqjC_predicted,0.2,4,4,CGTACTTTCGAGTGGTGCCG,0,5236906
yqjE_yqjK_yqjD_yqjC_predicted,0.2,4,4,CGTACGCGTTAAAAACATGG,0,5260794
yqjE_yqjK_yqjD_yqjC_predicted,0.2,4,4,CGGTGAATAATTTTCGCTGG,0,5182100
yqjE_yqjK_yqjD_yqjC_predicted,0.2,4,4,CGGTCACACGTATATCTTGG,0,5173322
yqjE_yqjK_yqjD_yqjC_predicted,0.2,4,4,CGGGTTTGCTAGGTCTGCGG,0,5174236
yqjE_yqjK_yqjD_yqjC_predicted,0.2,4,4,CGGGTCCGGTACTAACGTCT,0,5242876
yqjE_yqjK_yqjD_yqjC_predicted,0.2,4,4,CGGGCCAAAAATATTGGAAG,0,5249461
yqjE_yqjK_yqjD_yqjC_predicted,0.2,4,4,CGGGACCAATGCGGCTGAAT,0,5194989
yqjE_yqjK_yqjD_yqjC_predicted,0.2,4,4,CGGCCGGTAGGTCAGAGTGA,0,5206278
yqjE_yqjK_yqjD_yqjC_predicted,0.2,4,4,CGGCCGCCTTCTGGAGTAGA,0,5244529
yqjE_yqjK_yqjD_yqjC_predicted,0.2,4,4,CGGCATATGTTCCGCGTGCA,0,5212054
yqjE_yqjK_yqjD_yqjC_predicted,0.2,4,4,CGGCAGTGATTTGCCACAGC,0,5230427
yqjE_yqjK_yqjD_yqjC_predicted,0.2,4,4,CGGCAAGCCTTATGCTGACT,0,5224637
yqjE_yqjK_yqjD_yqjC_predicted,0.2,4,4,CGGATTGTCACCAAATGGGT,0,5238361
yqjE_yqjK_yqjD_yqjC_predicted,0.2,4,4,CGGATTACAAGGAATCGCGT,0,5192108
yqjE_yqjK_yqjD_yqjC_predicted,0.2,4,4,CGGAGGGTTGAGAAGACGTG,0,5210627
yqjE_yqjK_yqjD_yqjC_predicted,0.2,4,4,CGGAGGGTCTTCGATGGGGG,0,5243493
yqjE_yqjK_yqjD_yqjC_predicted,0.2,4,4,CGGACTTCCACAGTGTAACA,0,5257457
yqjE_yqjK_yqjD_yqjC_predicted,0.2,4,4,CGGACGGCAGCTTAAGCTTA,0,5257874
yqjE_yqjK_yqjD_yqjC_predicted,0.2,4,4,CGGACCTGGGTGCTCTGAAT,0,5256198
yqjE_yqjK_yqjD_yqjC_predicted,0.2,4,4,CGGAATGATGAAGGACTCCA,0,5224658
yqjE_yqjK_yqjD_yqjC_predicted,0.2,4,4,CGGAATGACAAACGAATTGT,0,5224832
yqjE_yqjK_yqjD_yqjC_predicted,0.2,4,4,CGGAATACCGCGCCTAGAAA,0,5250370
yqjE_yqjK_yqjD_yqjC_predicted,0.2,4,4,CGCTTGTTCTCATTTTCTTG,0,5176072
yqjE_yqjK_yqjD_yqjC_predicted,0.2,4,4,CGCTTCGCGGAATATCCAAT,0,5189923
yqjE_yqjK_yqjD_yqjC_predicted,0.2,4,4,CGCTTCGCCGCCTCCGATCC,0,5173302
yqjE_yqjK_yqjD_yqjC_predicted,0.2,4,4,CGCTTATGGCAGTCTAGCAG,0,5225916
yqjE_yqjK_yqjD_yqjC_predicted,0.2,4,4,CGCTGGGTTTATTGGTGTCA,0,5184258
yqjE_yqjK_yqjD_yqjC_predicted,0.2,4,4,CGCTCCCGGAAGGGCGCTTT,0,5189622
yqjE_yqjK_yqjD_yqjC_predicted,0.2,4,4,CGCTCACTGGCTACTATTCT,0,5210738
yqjE_yqjK_yqjD_yqjC_predicted,0.2,4,4,CGCTATTCCGGGGCCCATTG,0,5224335
yqjE_yqjK_yqjD_yqjC_predicted,0.2,4,4,CGCTAGTGGGATACAAATTC,0,5259318
yqjE_yqjK_yqjD_yqjC_predicted,0.2,4,4,CGCTAGGTTAAGACTTCTCA,0,5200201
yqjE_yqjK_yqjD_yqjC_predicted,0.2,4,4,CGCTACCACTGACAGTAAGC,0,5193099
yqjE_yqjK_yqjD_yqjC_predicted,0.2,4,4,CGCGGGATTCGCCGTTTATA,0,5187273
yqjE_yqjK_yqjD_yqjC_predicted,0.2,4,4,CGCGAGGGGGGTACACATCT,0,5257281
yqjE_yqjK_yqjD_yqjC_predicted,0.2,4,4,CGCGAGCCCTAGGCGCACTT,0,5212194
yqjE_yqjK_yqjD_yqjC_predicted,0.2,4,4,CGCGACTTCCTAACAATTGG,0,5179680
yqjE_yqjK_yqjD_yqjC_predicted,0.2,4,4,CGCGACAGCGGTCATATGAT,0,5191821
yqjE_yqjK_yqjD_yqjC_predicted,0.2,4,4,CGCGAACAGTAACCGGATGT,0,5198653
yqjE_yqjK_yqjD_yqjC_predicted,0.2,4,4,CGCCGGTTTGGACATGCAAT,0,5210372
yqjE_yqjK_yqjD_yqjC_predicted,0.2,4,4,CGCCGGTGCGTTAAAGGACC,0,5176199
yqjE_yqjK_yqjD_yqjC_predicted,0.2,4,4,CGCCAATCCCTCATCTTTCT,0,5195641
yqjE_yqjK_yqjD_yqjC_predicted,0.2,4,4,CGCCAAGCCGAGCTAGTGCT,0,5184137
yqjE_yqjK_yqjD_yqjC_predicted,0.2,4,4,CGCATTGACCAAATCGTGGC,0,5205498
yqjE_yqjK_yqjD_yqjC_predicted,0.2,4,4,CGCATCAGAGGTTCGTGAAA,0,5213137
yqjE_yqjK_yqjD_yqjC_predicted,0.2,4,4,CGCAGGAAGGTCAACCGGAC,0,5189318
yqjE_yqjK_yqjD_yqjC_predicted,0.2,4,4,CGCACTATATAGGCGCATAA,0,5252519
yqjE_yqjK_yqjD_yqjC_predicted,0.2,4,4,CGCACCCTGAGCAAGCTTAA,0,5249442
yqjE_yqjK_yqjD_yqjC_predicted,0.2,4,4,CGCAATTGACCATAAAATTA,0,5242848
yqjE_yqjK_yqjD_yqjC_predicted,0.2,4,4,CGCAATAGTCCGATATATGA,0,5231606
yqjE_yqjK_yqjD_yqjC_predicted,0.2,4,4,CGCAACGCCGGTCACAAGTT,0,5221233
yqjE_yqjK_yqjD_yqjC_predicted,0.2,4,4,CGATTACTCTCGAGGGTGAT,0,5206807
yqjE_yqjK_yqjD_yqjC_predicted,0.2,4,4,CGATTAATGGATGCCAGTAT,0,5246160
yqjE_yqjK_yqjD_yqjC_predicted,0.2,4,4,CGAGTCAAGGGGGTTGGCTT,0,5196522
yqjE_yqjK_yqjD_yqjC_predicted,0.2,4,4,CGAGGATTGTAAATATGATA,0,5196178
yqjE_yqjK_yqjD_yqjC_predicted,0.2,4,4,CGAGATTATAAGCTCGCGAT,0,5185315
yqjE_yqjK_yqjD_yqjC_predicted,0.2,4,4,CGACTTCGATTCCTCAAGGC,0,5192886
yqjE_yqjK_yqjD_yqjC_predicted,0.2,4,4,CGACTGAGTGTGGCCCAATT,0,5247335
yqjE_yqjK_yqjD_yqjC_predicted,0.2,4,4,CGACTCGAGTTTACCAGTCG,0,5241343
yqjE_yqjK_yqjD_yqjC_predicted,0.2,4,4,CGACGTTCACGTACCGGGTA,0,5185458
yqjE_yqjK_yqjD_yqjC_predicted,0.2,4,4,CGACAGTCATTTGTTAGCCT,0,5251674
yqjE_yqjK_yqjD_yqjC_predicted,0.2,4,4,CGACACTCCCTTGCCAAATA,0,5189210
yqjE_yqjK_yqjD_yqjC_predicted,0.2,4,4,CGACACACAAGGAGGTATAG,0,5229556
yqjE_yqjK_yqjD_yqjC_predicted,0.2,4,4,CGACAACAACATCACCTGGC,0,5220345
yqjE_yqjK_yqjD_yqjC_predicted,0.2,4,4,CGACAAATCAATCGCACGTC,0,5187929
yqjE_yqjK_yqjD_yqjC_predicted,0.2,4,4,CGAATTGCGCGTTCGTGCTA,0,5213476
yqjE_yqjK_yqjD_yqjC_predicted,0.2,4,4,CGAATGCGAACCCAGTGTGA,0,5248488
yqjE_yqjK_yqjD_yqjC_predicted,0.2,4,4,CGAATCAAGGGAGTCCTAGC,0,5259866
yqjE_yqjK_yqjD_yqjC_predicted,0.2,4,4,CGAAGGTATTCAACATGAAC,0,5188487
yqjE_yqjK_yqjD_yqjC_predicted,0.2,4,4,CGAAGATACCTAAGTCCTAC,0,5177224
yqjE_yqjK_yqjD_yqjC_predicted,0.2,4,4,CGAACATTGGGTGTTCCGTC,0,5177537
yqjE_yqjK_yqjD_yqjC_predicted,0.2,4,4,CGAAAAGGGAAAGTGTCCAA,0,5251055
yqjE_yqjK_yqjD_yqjC_predicted,0.2,4,4,CGAAAACTGTTATTCGTTTG,0,5181956
yqjE_yqjK_yqjD_yqjC_predicted,0.2,4,4,CGAAAACAATTGGTTGTTCG,0,5175407
yqjE_yqjK_yqjD_yqjC_predicted,0.2,4,4,CGAAAAAGAATAGATGGTGA,0,5214194
yqjE_yqjK_yqjD_yqjC_predicted,0.2,4,4,CCTTTTCACATAAACGAAGG,0,5196045
yqjE_yqjK_yqjD_yqjC_predicted,0.2,4,4,CCTTCTCCTAAGCAACTCAA,0,5260962
yqjE_yqjK_yqjD_yqjC_predicted,0.2,4,4,CCTTCCGCCCGTACAGCCAT,0,5219570
yqjE_yqjK_yqjD_yqjC_predicted,0.2,4,4,CCTTACTGAGAGCGCCCCGG,0,5238047
yqjE_yqjK_yqjD_yqjC_predicted,0.2,4,4,CCTGTTCAGGTCAAAGACGC,0,5257509
yqjE_yqjK_yqjD_yqjC_predicted,0.2,4,4,CCTGTCTATGAATGACAGTC,0,5182362
yqjE_yqjK_yqjD_yqjC_predicted,0.2,4,4,CCTGGTCGTTATGCACATGA,0,5229341
yqjE_yqjK_yqjD_yqjC_predicted,0.2,4,4,CCTGGAACATCTTTGCAGAT,0,5215679
yqjE_yqjK_yqjD_yqjC_predicted,0.2,4,4,CCTGATTCCATCCCATACGT,0,5229101
yqjE_yqjK_yqjD_yqjC_predicted,0.2,4,4,CCTGAGCACAGAGGTTCCGT,0,5203498
yqjE_yqjK_yqjD_yqjC_predicted,0.2,4,4,CCTCACGGTAAGACGTTTGT,0,5221718
yqjE_yqjK_yqjD_yqjC_predicted,0.2,4,4,CCTATGGTATGTAACAAGAC,0,5215826
yqjE_yqjK_yqjD_yqjC_predicted,0.2,4,4,CCTATGAGTCTTCACGACGA,0,5255375
yqjE_yqjK_yqjD_yqjC_predicted,0.2,4,4,CCTAGGTATAGGACCCCAGT,0,5183761
yqjE_yqjK_yqjD_yqjC_predicted,0.2,4,4,CCTAGACTGACCATCTCCAC,0,5261311
yqjE_yqjK_yqjD_yqjC_predicted,0.2,4,4,CCTACTTACTACGTTCCCGT,0,5240579
yqjE_yqjK_yqjD_yqjC_predicted,0.2,4,4,CCGTTAAAATCTACCGAAGG,0,5234772
yqjE_yqjK_yqjD_yqjC_predicted,0.2,4,4,CCGTGGGCGACCTGACGCCG,0,5256240
yqjE_yqjK_yqjD_yqjC_predicted,0.2,4,4,CCGTCAAACTCACAGCCAGC,0,5262103
yqjE_yqjK_yqjD_yqjC_predicted,0.2,4,4,CCGTATGTCCTAGCCGCGAT,0,5198051
yqjE_yqjK_yqjD_yqjC_predicted,0.2,4,4,CCGGTTCCTTACATACTAAG,0,5258620
yqjE_yqjK_yqjD_yqjC_predicted,0.2,4,4,CCGGTTAATGTGGGCGTTAT,0,5241921
yqjE_yqjK_yqjD_yqjC_predicted,0.2,4,4,CCGGTCTCGACCAAACCCCG,0,5190429
yqjE_yqjK_yqjD_yqjC_predicted,0.2,4,4,CCGGTAGGTATCTGCTCCCC,0,5228588
yqjE_yqjK_yqjD_yqjC_predicted,0.2,4,4,CCGGGTTGTACTACCCTCAG,0,5238010
yqjE_yqjK_yqjD_yqjC_predicted,0.2,4,4,CCGGGTTCGTACTTCCCGCA,0,5186870
yqjE_yqjK_yqjD_yqjC_predicted,0.2,4,4,CCGGGCTGATTGGCCCATGT,0,5204536
yqjE_yqjK_yqjD_yqjC_predicted,0.2,4,4,CCGGACATTTCGAAATGTCC,0,5255909
yqjE_yqjK_yqjD_yqjC_predicted,0.2,4,4,CCGCTTTGGCTAAGTATGTA,0,5255512
yqjE_yqjK_yqjD_yqjC_predicted,0.2,4,4,CCGCTTGGCAGTCGCCGGAT,0,5230528
yqjE_yqjK_yqjD_yqjC_predicted,0.2,4,4,CCGCTTCTGTCGATTCAGTC,0,5238495
yqjE_yqjK_yqjD_yqjC_predicted,0.2,4,4,CCGCGTGTTTGTGTCTAACA,0,5250811
yqjE_yqjK_yqjD_yqjC_predicted,0.2,4,4,CCGATAGAACGCCAAAAGAC,0,5206247
yqjE_yqjK_yqjD_yqjC_predicted,0.2,4,4,CCGAGTTGCCAAGTCCTTAC,0,5196724
yqjE_yqjK_yqjD_yqjC_predicted,0.2,4,4,CCGACTCGGAAATCCGTGGC,0,5258474
yqjE_yqjK_yqjD_yqjC_predicted,0.2,4,4,CCGACCTGCTCAGGGTTGGG,0,5211281
yqjE_yqjK_yqjD_yqjC_predicted,0.2,4,4,CCGACATCATCCATGATATA,0,5214782
yqjE_yqjK_yqjD_yqjC_predicted,0.2,4,4,CCCTTAGTTTCATGCTGTCT,0,5202771
yqjE_yqjK_yqjD_yqjC_predicted,0.2,4,4,CCCTCAGCGCTGAAGAACTA,0,5226961
yqjE_yqjK_yqjD_yqjC_predicted,0.2,4,4,CCCTCAGATTCCAATATTCT,0,5248032
yqjE_yqjK_yqjD_yqjC_predicted,0.2,4,4,CCCTACACGCTAGTCAGCTT,0,5211346
yqjE_yqjK_yqjD_yqjC_predicted,0.2,4,4,CCCTAAGTATGTGGAGCTTG,0,5235007
yqjE_yqjK_yqjD_yqjC_predicted,0.2,4,4,CCCGGTCACCTACCCTTAAT,0,5217095
yqjE_yqjK_yqjD_yqjC_predicted,0.2,4,4,CCCGGCTGTGCGGTAACGTT,0,5248654
yqjE_yqjK_yqjD_yqjC_predicted,0.2,4,4,CCCGGCTGACTTCTGGGGAT,0,5196134
yqjE_yqjK_yqjD_yqjC_predicted,0.2,4,4,CCCGGCCTGACTGCTGAGCT,0,5202742
yqjE_yqjK_yqjD_yqjC_predicted,0.2,4,4,CCCGCTTACAAGGGATCTAG,0,5183718
yqjE_yqjK_yqjD_yqjC_predicted,0.2,4,4,CCCGCAAAGAGCAGCCCCAT,0,5222626
yqjE_yqjK_yqjD_yqjC_predicted,0.2,4,4,CCCGAGTCTGGCGCCCATCA,0,5236813
yqjE_yqjK_yqjD_yqjC_predicted,0.2,4,4,CCCGAACGGTGTGTGTACGG,0,5224778
yqjE_yqjK_yqjD_yqjC_predicted,0.2,4,4,CCCCTTGGAGATCGCTTCTA,0,5245894
yqjE_yqjK_yqjD_yqjC_predicted,0.2,4,4,CCCCGGGCGCAAGGTATGTC,0,5177996
yqjE_yqjK_yqjD_yqjC_predicted,0.2,4,4,CCCCGAGCAGAACAACGTTG,0,5181836
yqjE_yqjK_yqjD_yqjC_predicted,0.2,4,4,CCCCGACTGTCAATGCAGGG,0,5219900
yqjE_yqjK_yqjD_yqjC_predicted,0.2,4,4,CCCCATTCGGGTGCTCACAA,0,5192831
yqjE_yqjK_yqjD_yqjC_predicted,0.2,4,4,CCCCACTATCTCAATGCGGG,0,5199368
yqjE_yqjK_yqjD_yqjC_predicted,0.2,4,4,CCCCACATAACGGGAAGAAT,0,5258473
yqjE_yqjK_yqjD_yqjC_predicted,0.2,4,4,CCCAGGTATGGTCAGGTGTC,0,5228489
yqjE_yqjK_yqjD_yqjC_predicted,0.2,4,4,CCCAGGCCTGTTCATTCGCA,0,5216279
yqjE_yqjK_yqjD_yqjC_predicted,0.2,4,4,CCCACGCGCTTCGTTAAATC,0,5193152
yqjE_yqjK_yqjD_yqjC_predicted,0.2,4,4,CCCACCCTGGCCACTCTCTG,0,5230070
yqjE_yqjK_yqjD_yqjC_predicted,0.2,4,4,CCCACAGCGGGGATTCAAGA,0,5207527
yqjE_yqjK_yqjD_yqjC_predicted,0.2,4,4,CCCAACAACGTCAATAATCG,0,5186360
yqjE_yqjK_yqjD_yqjC_predicted,0.2,4,4,CCATTATATGTGTGAAGCAT,0,5171425
yqjE_yqjK_yqjD_yqjC_predicted,0.2,4,4,CCATGGTCTCGGCGTGAAGT,0,5191240
yqjE_yqjK_yqjD_yqjC_predicted,0.2,4,4,CCATGAAGCAAGCCGTCACT,0,5172733
yqjE_yqjK_yqjD_yqjC_predicted,0.2,4,4,CCATCACGGCGACAGTCCTC,0,5214851
yqjE_yqjK_yqjD_yqjC_predicted,0.2,4,4,CCATCAATTTCTGATATCAT,0,5205188
yqjE_yqjK_yqjD_yqjC_predicted,0.2,4,4,CCATATGAGGAAGTTCATCT,0,5176401
yqjE_yqjK_yqjD_yqjC_predicted,0.2,4,4,CCATAATTGGTCTTCCGTCA,0,5210078
yqjE_yqjK_yqjD_yqjC_predicted,0.2,4,4,CCATAAGGGCTGGGTTTATT,0,5188149
yqjE_yqjK_yqjD_yqjC_predicted,0.2,4,4,CCAGTCAGGCATCGTGCGTT,0,5254050
yqjE_yqjK_yqjD_yqjC_predicted,0.2,4,4,CCAGGTCTTGTTCATACGAC,0,5235414
yqjE_yqjK_yqjD_yqjC_predicted,0.2,4,4,CCAGGTAACGTACATCGGAT,0,5208884
yqjE_yqjK_yqjD_yqjC_predicted,0.2,4,4,CCAGCGGCGCTGCGCAATTT,0,5182743
yqjE_yqjK_yqjD_yqjC_predicted,0.2,4,4,CCAGCGAACCCCGTTTAGGT,0,5214665
yqjE_yqjK_yqjD_yqjC_predicted,0.2,4,4,CCAGATGTCTAGGTTGCGAT,0,5210467
yqjE_yqjK_yqjD_yqjC_predicted,0.2,4,4,CCAGATCGCACATGAATGGT,0,5177682
yqjE_yqjK_yqjD_yqjC_predicted,0.2,4,4,CCAGACGATAGTAACCGCAA,0,5184389
yqjE_yqjK_yqjD_yqjC_predicted,0.2,4,4,CCAGAATGGTCGGTACCTAG,0,5253805
yqjE_yqjK_yqjD_yqjC_predicted,0.2,4,4,CCAGAAAAACCTAGATTGGT,0,5178144
yqjE_yqjK_yqjD_yqjC_predicted,0.2,4,4,CCACTTTAAGGGGCACACTA,0,5189654
yqjE_yqjK_yqjD_yqjC_predicted,0.2,4,4,CCACGGCTTTGGGACCTGTG,0,5187550
yqjE_yqjK_yqjD_yqjC_predicted,0.2,4,4,CCACGCCGGCTATATTTCGC,0,5224482
yqjE_yqjK_yqjD_yqjC_predicted,0.2,4,4,CCACGAGCTTATGGGAGTAC,0,5213450
yqjE_yqjK_yqjD_yqjC_predicted,0.2,4,4,CCAAGCGGCCCGGGAGCAGC,0,5251383
yqjE_yqjK_yqjD_yqjC_predicted,0.2,4,4,CCAAATATCCTGACGCACGT,0,5236281
yqjE_yqjK_yqjD_yqjC_predicted,0.2,4,4,CATTGTCAATGGACCCGGAC,0,5174175
yqjE_yqjK_yqjD_yqjC_predicted,0.2,4,4,CATTCTAAGCGCCAGCGGTA,0,5252012
yqjE_yqjK_yqjD_yqjC_predicted,0.2,4,4,CATTCGCGGGGGTCAGTGAG,0,5257926
yqjE_yqjK_yqjD_yqjC_predicted,0.2,4,4,CATTAGCCCAGCTTGGGACA,0,5246662
yqjE_yqjK_yqjD_yqjC_predicted,0.2,4,4,CATTAATTCTGAGGGTTAGA,0,5217140
yqjE_yqjK_yqjD_yqjC_predicted,0.2,4,4,CATTAATCGGCGAAGCATTA,0,5175291
yqjE_yqjK_yqjD_yqjC_predicted,0.2,4,4,CATTAAGAGAAAAACATGAA,0,5253208
yqjE_yqjK_yqjD_yqjC_predicted,0.2,4,4,CATGTACTCATGGGATAGGA,0,5246959
yqjE_yqjK_yqjD_yqjC_predicted,0.2,4,4,CATGGCGGGCGACAAGAGCA,0,5181197
yqjE_yqjK_yqjD_yqjC_predicted,0.2,4,4,CATGCTAACTCTGCTGCGGC,0,5209802
yqjE_yqjK_yqjD_yqjC_predicted,0.2,4,4,CATGCGGTGTCTGCAATTGT,0,5196464
yqjE_yqjK_yqjD_yqjC_predicted,0.2,4,4,CATGCCCTTAACAGGTGATA,0,5222341
yqjE_yqjK_yqjD_yqjC_predicted,0.2,4,4,CATGAAGAAAGGGTACGTAC,0,5200744
yqjE_yqjK_yqjD_yqjC_predicted,0.2,4,4,CATGAACAAATTTGGTAAAA,0,5252444
yqjE_yqjK_yqjD_yqjC_predicted,0.2,4,4,CATCGGATAGCGCGTCTAAT,0,5241365
yqjE_yqjK_yqjD_yqjC_predicted,0.2,4,4,CATCGCCATGGGGTATATGC,0,5252376
yqjE_yqjK_yqjD_yqjC_predicted,0.2,4,4,CATCGCACGAACTTATAGTA,0,5226884
yqjE_yqjK_yqjD_yqjC_predicted,0.2,4,4,CATCCATTTGCTAGGGTGTG,0,5207078
yqjE_yqjK_yqjD_yqjC_predicted,0.2,4,4,CATCCAAACCGCGGGAACAT,0,5228599
yqjE_yqjK_yqjD_yqjC_predicted,0.2,4,4,CATCATCCTCATCAACGAGA,0,5237980
yqjE_yqjK_yqjD_yqjC_predicted,0.2,4,4,CATATTGTAGGTCCGAGGTA,0,5193382
yqjE_yqjK_yqjD_yqjC_predicted,0.2,4,4,CATAGCTTTTCGGTCGTTAA,0,5191508
yqjE_yqjK_yqjD_yqjC_predicted,0.2,4,4,CATAGAAAGTCCGTGTCCGT,0,5218991
yqjE_yqjK_yqjD_yqjC_predicted,0.2,4,4,CATACGTCATGAATTGACTG,0,5206304
yqjE_yqjK_yqjD_yqjC_predicted,0.2,4,4,CATACGCCAAGCCCCATTTG,0,5195695
yqjE_yqjK_yqjD_yqjC_predicted,0.2,4,4,CATACGAAGCAACGTGTCAC,0,5176752
yqjE_yqjK_yqjD_yqjC_predicted,0.2,4,4,CATACCCTCAGGGCTATTAT,0,5192858
yqjE_yqjK_yqjD_yqjC_predicted,0.2,4,4,CATAAGCTATCGAACGGCAG,0,5175956
yqjE_yqjK_yqjD_yqjC_predicted,0.2,4,4,CAGTTACAACTAGCCAGAGC,0,5208163
yqjE_yqjK_yqjD_yqjC_predicted,0.2,4,4,CAGTCATATCATGAGCTTAC,0,5224514
yqjE_yqjK_yqjD_yqjC_predicted,0.2,4,4,CAGTACCCCACCCTACCTTC,0,5215881
yqjE_yqjK_yqjD_yqjC_predicted,0.2,4,4,CAGGTTCTTTCTTCTTCGGT,0,5182372
yqjE_yqjK_yqjD_yqjC_predicted,0.2,4,4,CAGGTGCTTCGTACTGCCCA,0,5193494
yqjE_yqjK_yqjD_yqjC_predicted,0.2,4,4,CAGGTCACAATCCTAACGGC,0,5203367
yqjE_yqjK_yqjD_yqjC_predicted,0.2,4,4,CAGGCTTGGCTGGACGGAGA,0,5218603
yqjE_yqjK_yqjD_yqjC_predicted,0.2,4,4,CAGGCTTGCGGCGAACTGCA,0,5217243
yqjE_yqjK_yqjD_yqjC_predicted,0.2,4,4,CAGGCTCGATCTAGCCTCGA,0,5235036
yqjE_yqjK_yqjD_yqjC_predicted,0.2,4,4,CAGGCGACCTACATTCAGCC,0,5173039
yqjE_yqjK_yqjD_yqjC_predicted,0.2,4,4,CAGGACCGTCACAGGCGGGG,0,5236174
yqjE_yqjK_yqjD_yqjC_predicted,0.2,4,4,CAGCGATTGCGCGGATATCT,0,5196792
yqjE_yqjK_yqjD_yqjC_predicted,0.2,4,4,CAGCGACAACGCTTTGCTCT,0,5245565
yqjE_yqjK_yqjD_yqjC_predicted,0.2,4,4,CAGCAGAGGGCACCTGTCGC,0,5196019
yqjE_yqjK_yqjD_yqjC_predicted,0.2,4,4,CAGATGAAAGTACGGCATAT,0,5236760
yqjE_yqjK_yqjD_yqjC_predicted,0.2,4,4,CAGATAATCGGTCCGTCCGG,0,5196698
yqjE_yqjK_yqjD_yqjC_predicted,0.2,4,4,CAGAGATTTTATGCCCCCTA,0,5183192
yqjE_yqjK_yqjD_yqjC_predicted,0.2,4,4,CAGACAGCTACATTACCCGT,0,5201297
yqjE_yqjK_yqjD_yqjC_predicted,0.2,4,4,CAGAATGTGTTGGTCACTTG,0,5209641
yqjE_yqjK_yqjD_yqjC_predicted,0.2,4,4,CACTTCCTCCCATGCGAATT,0,5185036
yqjE_yqjK_yqjD_yqjC_predicted,0.2,4,4,CACTTATACGTGTGAATATT,0,5211571
yqjE_yqjK_yqjD_yqjC_predicted,0.2,4,4,CACTGGCCGTGTTCAACTAG,0,5226918
yqjE_yqjK_yqjD_yqjC_predicted,0.2,4,4,CACTCGCGGATCCAAAACGA,0,5178985
yqjE_yqjK_yqjD_yqjC_predicted,0.2,4,4,CACTCATGACGCACGTGAGC,0,5192588
yqjE_yqjK_yqjD_yqjC_predicted,0.2,4,4,CACTCAATAGCGTAAAACAT,0,5212787
yqjE_yqjK_yqjD_yqjC_predicted,0.2,4,4,CACTACCTACTCTTCAGATG,0,5176541
yqjE_yqjK_yqjD_yqjC_predicted,0.2,4,4,CACGGGAGGAAAAGCAACGA,0,5259331
yqjE_yqjK_yqjD_yqjC_predicted,0.2,4,4,CACGGCTGTACAGGTAGGTT,0,5176782
yqjE_yqjK_yqjD_yqjC_predicted,0.2,4,4,CACGAGACGTTGGGGGCCAA,0,5226762
yqjE_yqjK_yqjD_yqjC_predicted,0.2,4,4,CACGACTAAAGGGACCGCAT,0,5187693
yqjE_yqjK_yqjD_yqjC_predicted,0.2,4,4,CACCCGAGCCAATCTATAAC,0,5201456
yqjE_yqjK_yqjD_yqjC_predicted,0.2,4,4,CACATTACTGGAGTGAAAAT,0,5194643
yqjE_yqjK_yqjD_yqjC_predicted,0.2,4,4,CACAGTGAACTGCGGAAGTA,0,5253709
yqjE_yqjK_yqjD_yqjC_predicted,0.2,4,4,CACAGGTGAGACATCTGTGG,0,5242509
yqjE_yqjK_yqjD_yqjC_predicted,0.2,4,4,CACACGGACCATCCGATCGG,0,5177577
yqjE_yqjK_yqjD_yqjC_predicted,0.2,4,4,CACACATAGGACTTGGGCTA,0,5196813
yqjE_yqjK_yqjD_yqjC_predicted,0.2,4,4,CACACAGTGGAGCTTACCCT,0,5259244
yqjE_yqjK_yqjD_yqjC_predicted,0.2,4,4,CACAAGGCACGACCAATCTA,0,5201829
yqjE_yqjK_yqjD_yqjC_predicted,0.2,4,4,CAATTGGGGAAGGATTAAAT,0,5257018
yqjE_yqjK_yqjD_yqjC_predicted,0.2,4,4,CAATTCTGCTATCATACGGA,0,5246612
yqjE_yqjK_yqjD_yqjC_predicted,0.2,4,4,CAATTAAGTTTGTGCGGTCA,0,5197947
yqjE_yqjK_yqjD_yqjC_predicted,0.2,4,4,CAATGTTCTCGCCGTTGGGT,0,5260893
yqjE_yqjK_yqjD_yqjC_predicted,0.2,4,4,CAATGGTTGTCAAGTTCTGA,0,5172659
yqjE_yqjK_yqjD_yqjC_predicted,0.2,4,4,CAATGGAAATACAGGTAGAT,0,5258590
yqjE_yqjK_yqjD_yqjC_predicted,0.2,4,4,CAATAACAACAACTTCACGA,0,5236054
yqjE_yqjK_yqjD_yqjC_predicted,0.2,4,4,CAAGTATTGCGGTAACCAAA,0,5212404
yqjE_yqjK_yqjD_yqjC_predicted,0.2,4,4,CAAGTAGAGCTTTATTGCGT,0,5253815
yqjE_yqjK_yqjD_yqjC_predicted,0.2,4,4,CAAGGTGATCTAGCGGCGTA,0,5230968
yqjE_yqjK_yqjD_yqjC_predicted,0.2,4,4,CAAGGGGGATACCGTATTAA,0,5252232
yqjE_yqjK_yqjD_yqjC_predicted,0.2,4,4,CAAGGACCTAGAGCATTGGT,0,5235282
yqjE_yqjK_yqjD_yqjC_predicted,0.2,4,4,CAAGCCCGCCGCCCGATTAC,0,5200458
yqjE_yqjK_yqjD_yqjC_predicted,0.2,4,4,CAACTTAACGCCGACGTCGA,0,5171143
yqjE_yqjK_yqjD_yqjC_predicted,0.2,4,4,CAACTCCCCAGCCCTACTCT,0,5232824
yqjE_yqjK_yqjD_yqjC_predicted,0.2,4,4,CAACTAATGCGTGGCCTAGC,0,5230567
yqjE_yqjK_yqjD_yqjC_predicted,0.2,4,4,CAACGGATCAATGTACCCAT,0,5211594
yqjE_yqjK_yqjD_yqjC_predicted,0.2,4,4,CAACGCTGCGCGGAGGCACT,0,5232484
yqjE_yqjK_yqjD_yqjC_predicted,0.2,4,4,CAACCGATATCCAGGTCGAA,0,5201434
yqjE_yqjK_yqjD_yqjC_predicted,0.2,4,4,CAACCCCGGGAGGGGGTTGC,0,5194634
yqjE_yqjK_yqjD_yqjC_predicted,0.2,4,4,CAAATGATCTATGTTAGAGC,0,5177125
yqjE_yqjK_yqjD_yqjC_predicted,0.2,4,4,CAAATAAAACTTCCATTGGC,0,5214053
yqjE_yqjK_yqjD_yqjC_predicted,0.2,4,4,CAAAGGAACATGAAACCGTT,0,5212117
yqjE_yqjK_yqjD_yqjC_predicted,0.2,4,4,CAAAAATCAGAACAATGGTC,0,5259057
yqjE_yqjK_yqjD_yqjC_predicted,0.2,4,4,ATTTGTTCTCTCACAACTCT,0,5236759
yqjE_yqjK_yqjD_yqjC_predicted,0.2,4,4,ATTTGGGTCACCGCCCTGTA,0,5192742
yqjE_yqjK_yqjD_yqjC_predicted,0.2,4,4,ATTTGGCGGCAGATCCTGCG,0,5243378
yqjE_yqjK_yqjD_yqjC_predicted,0.2,4,4,ATTTGATCTCCGTCAAGAAC,0,5188520
yqjE_yqjK_yqjD_yqjC_predicted,0.2,4,4,ATTTGACGGTCGCAGATTCT,0,5252529
yqjE_yqjK_yqjD_yqjC_predicted,0.2,4,4,ATTTGACAGCTATTCTGACA,0,5240268
yqjE_yqjK_yqjD_yqjC_predicted,0.2,4,4,ATTTCATCCGAGCTTGGTCT,0,5179579
yqjE_yqjK_yqjD_yqjC_predicted,0.2,4,4,ATTTAATCGGTCGAACGGGG,0,5256317
yqjE_yqjK_yqjD_yqjC_predicted,0.2,4,4,ATTGTACGTAGGCGCATGTA,0,5226812
yqjE_yqjK_yqjD_yqjC_predicted,0.2,4,4,ATTGGGCTGTGGCCGGCAAT,0,5201788
yqjE_yqjK_yqjD_yqjC_predicted,0.2,4,4,ATTGACGCCAGCAAAGATTG,0,5178996
yqjE_yqjK_yqjD_yqjC_predicted,0.2,4,4,ATTCGGGTAGAACATCGTAT,0,5247258
yqjE_yqjK_yqjD_yqjC_predicted,0.2,4,4,ATTCCGCCACAGAATAGGCT,0,5248604
yqjE_yqjK_yqjD_yqjC_predicted,0.2,4,4,ATTCCCTTTTATTAAGTGGC,0,5252225
yqjE_yqjK_yqjD_yqjC_predicted,0.2,4,4,ATTCCACTCTCCCATTGAAT,0,5192774
yqjE_yqjK_yqjD_yqjC_predicted,0.2,4,4,ATTAGTGGACCGCCGTACTC,0,5227350
yqjE_yqjK_yqjD_yqjC_predicted,0.2,4,4,ATTAGCTGTGGTGGGAAGTG,0,5234112
yqjE_yqjK_yqjD_yqjC_predicted,0.2,4,4,ATTAGCGAAAAATCAGACGA,0,5195130
yqjE_yqjK_yqjD_yqjC_predicted,0.2,4,4,ATTAGCCACCCCAAATCCGA,0,5175107
yqjE_yqjK_yqjD_yqjC_predicted,0.2,4,4,ATTAGCATCCATGCAGGCTA,0,5246904
yqjE_yqjK_yqjD_yqjC_predicted,0.2,4,4,ATTACTAATGTGAACCAGCA,0,5258757
yqjE_yqjK_yqjD_yqjC_predicted,0.2,4,4,ATTAATCACACCAAACACAC,0,5178244
yqjE_yqjK_yqjD_yqjC_predicted,0.2,4,4,ATTAAGATCTAGCAGTAAGT,0,5176143
yqjE_yqjK_yqjD_yqjC_predicted,0.2,4,4,ATTAAAGTACTGTAACATAA,0,5202862
yqjE_yqjK_yqjD_yqjC_predicted,0.2,4,4,ATGTTTGAACCGTTTCTTGG,0,5183314
yqjE_yqjK_yqjD_yqjC_predicted,0.2,4,4,ATGTTCAGTGGGTTTATGAA,0,5202163
yqjE_yqjK_yqjD_yqjC_predicted,0.2,4,4,ATGTTAAGTGTTTATTTTCA,0,5220138
yqjE_yqjK_yqjD_yqjC_predicted,0.2,4,4,ATGTTAAACGAGCGGCGGTG,0,5178959
yqjE_yqjK_yqjD_yqjC_predicted,0.2,4,4,ATGTGCCGGGGCACGAACGA,0,5234579
yqjE_yqjK_yqjD_yqjC_predicted,0.2,4,4,ATGTCTCAATTGGGATCCCC,0,5209961
yqjE_yqjK_yqjD_yqjC_predicted,0.2,4,4,ATGTAGCTCACGGTCATTAA,0,5184873
yqjE_yqjK_yqjD_yqjC_predicted,0.2,4,4,ATGTACGTGATGTTGATAGT,0,5207969
yqjE_yqjK_yqjD_yqjC_predicted,0.2,4,4,ATGTAAATGCACACTGCCCT,0,5234903
yqjE_yqjK_yqjD_yqjC_predicted,0.2,4,4,ATGGGTTACTGTCCTCCGAT,0,5205481
yqjE_yqjK_yqjD_yqjC_predicted,0.2,4,4,ATGGATCGGGATTGGAACTA,0,5222770
yqjE_yqjK_yqjD_yqjC_predicted,0.2,4,4,ATGGAAGGGTTGGTACTAAC,0,5212903
yqjE_yqjK_yqjD_yqjC_predicted,0.2,4,4,ATGCGCGGCATGGTCCTCCA,0,5207590
yqjE_yqjK_yqjD_yqjC_predicted,0.2,4,4,ATGCCTACGCGCTTGTCTTA,0,5254943
yqjE_yqjK_yqjD_yqjC_predicted,0.2,4,4,ATGCCCCGAAAAGTTTACAT,0,5203188
yqjE_yqjK_yqjD_yqjC_predicted,0.2,4,4,ATGCCACAACCTCGAGCGAG,0,5180189
yqjE_yqjK_yqjD_yqjC_predicted,0.2,4,4,ATGAGAATCCCACTTGGTTG,0,5176181
yqjE_yqjK_yqjD_yqjC_predicted,0.2,4,4,ATGACAAGTTCTCCCTGATT,0,5253357
yqjE_yqjK_yqjD_yqjC_predicted,0.2,4,4,ATGAACCCGGGTTAAGAGGT,0,5199832
yqjE_yqjK_yqjD_yqjC_predicted,0.2,4,4,ATCTTGGACGTAGCCAAGAG,0,5179026
yqjE_yqjK_yqjD_yqjC_predicted,0.2,4,4,ATCTTCCAGCTTGGGTCAAG,0,5254912
yqjE_yqjK_yqjD_yqjC_predicted,0.2,4,4,ATCGGGTGCATAAGCGGCTA,0,5201761
yqjE_yqjK_yqjD_yqjC_predicted,0.2,4,4,ATCGGATTCCTCTCGTTAAA,0,5195507
yqjE_yqjK_yqjD_yqjC_predicted,0.2,4,4,ATCGCCTTATTTCCCGGGAG,0,5261637
yqjE_yqjK_yqjD_yqjC_predicted,0.2,4,4,ATCGCCCAGCCGAGACACGT,0,5254495
yqjE_yqjK_yqjD_yqjC_predicted,0.2,4,4,ATCGATCACGGGGTATGACT,0,5250246
yqjE_yqjK_yqjD_yqjC_predicted,0.2,4,4,ATCGACTTCGTAGGGGTATA,0,5238620
yqjE_yqjK_yqjD_yqjC_predicted,0.2,4,4,ATCGAATACCATTCGGCCTA,0,5217814
yqjE_yqjK_yqjD_yqjC_predicted,0.2,4,4,ATCGAAAAATGCCCGAGAAG,0,5251720
yqjE_yqjK_yqjD_yqjC_predicted,0.2,4,4,ATCCTCACCGTCCGATTGAC,0,5252933
yqjE_yqjK_yqjD_yqjC_predicted,0.2,4,4,ATCCACTCCCCCGTGCCCAA,0,5241972
yqjE_yqjK_yqjD_yqjC_predicted,0.2,4,4,ATCCACAATCAGGGTTAATA,0,5207742
yqjE_yqjK_yqjD_yqjC_predicted,0.2,4,4,ATCCAACGGGTTCTTCTATA,0,5194137
yqjE_yqjK_yqjD_yqjC_predicted,0.2,4,4,ATCATTAAGGAAATCTGAAA,0,5214800
yqjE_yqjK_yqjD_yqjC_predicted,0.2,4,4,ATCAGGCAGATCCGAATAAA,0,5203901
yqjE_yqjK_yqjD_yqjC_predicted,0.2,4,4,ATCAATACAAGTTGCAAGAT,0,5225441
yqjE_yqjK_yqjD_yqjC_predicted,0.2,4,4,ATCAAGCACCTCCACCCGCG,0,5185729
yqjE_yqjK_yqjD_yqjC_predicted,0.2,4,4,ATATTTTTCGTTCCGTTATA,0,5179018
yqjE_yqjK_yqjD_yqjC_predicted,0.2,4,4,ATATTGCGTATCACGATTTA,0,5179288
yqjE_yqjK_yqjD_yqjC_predicted,0.2,4,4,ATATTCTAGGGACCAGGGCA,0,5252503
yqjE_yqjK_yqjD_yqjC_predicted,0.2,4,4,ATATGACACGTAAAAAGCGA,0,5245341
yqjE_yqjK_yqjD_yqjC_predicted,0.2,4,4,ATATCTGGGGGGCCAGAGCC,0,5200912
yqjE_yqjK_yqjD_yqjC_predicted,0.2,4,4,ATATCTGGCGTTGTGCTCGA,0,5188275
yqjE_yqjK_yqjD_yqjC_predicted,0.2,4,4,ATAGTGTAGCGGTCTAACTA,0,5192054
yqjE_yqjK_yqjD_yqjC_predicted,0.2,4,4,ATAGTCTACGCTAGTACCAC,0,5207544
yqjE_yqjK_yqjD_yqjC_predicted,0.2,4,4,ATAGTCAATTTTCCGGGCGA,0,5180463
yqjE_yqjK_yqjD_yqjC_predicted,0.2,4,4,ATAGTACCTGACCCAGGGTC,0,5243112
yqjE_yqjK_yqjD_yqjC_predicted,0.2,4,4,ATAGGCGCATCGTGCGTAAG,0,5205043
yqjE_yqjK_yqjD_yqjC_predicted,0.2,4,4,ATAGATCTCAATTAACCCTT,0,5178570
yqjE_yqjK_yqjD_yqjC_predicted,0.2,4,4,ATACTTGGGTCATGAGGACT,0,5230124
yqjE_yqjK_yqjD_yqjC_predicted,0.2,4,4,ATACTGGCAATCAGATATGT,0,5216359
yqjE_yqjK_yqjD_yqjC_predicted,0.2,4,4,ATACTCTGCCGCGGTTTCTT,0,5197363
yqjE_yqjK_yqjD_yqjC_predicted,0.2,4,4,ATACGATTTTCCAGTATCCA,0,5220652
yqjE_yqjK_yqjD_yqjC_predicted,0.2,4,4,ATACAGGGCAGACTGTATTA,0,5171251
yqjE_yqjK_yqjD_yqjC_predicted,0.2,4,4,ATAAGTGGTCTAGAAAGGCC,0,5203054
yqjE_yqjK_yqjD_yqjC_predicted,0.2,4,4,ATAAGGATCTCACTTAGTGA,0,5189563
yqjE_yqjK_yqjD_yqjC_predicted,0.2,4,4,ATAAGCGGGAGGCCTTATCG,0,5239299
yqjE_yqjK_yqjD_yqjC_predicted,0.2,4,4,ATAACGGGTGAAGACTTTAG,0,5176692
yqjE_yqjK_yqjD_yqjC_predicted,0.2,4,4,ATAACCTGGCGAACGGAAAA,0,5183647
yqjE_yqjK_yqjD_yqjC_predicted,0.2,4,4,ATAAATTTGAGCGATGTAAT,0,5234172
yqjE_yqjK_yqjD_yqjC_predicted,0.2,4,4,ATAAAGGATGTGCCGCTCCC,0,5243108
yqjE_yqjK_yqjD_yqjC_predicted,0.2,4,4,AGTTTGTTAGCTAGTATATC,0,5238547
yqjE_yqjK_yqjD_yqjC_predicted,0.2,4,4,AGTTTGCGCTCGAATGGGTA,0,5244706
yqjE_yqjK_yqjD_yqjC_predicted,0.2,4,4,AGTTTACGGCATAATAACAT,0,5255397
yqjE_yqjK_yqjD_yqjC_predicted,0.2,4,4,AGTTGGCGGGCTAACCCTTC,0,5197352
yqjE_yqjK_yqjD_yqjC_predicted,0.2,4,4,AGTTGCACTCGACCAGAAGT,0,5235277
yqjE_yqjK_yqjD_yqjC_predicted,0.2,4,4,AGTTCGATATTATTTATGTA,0,5229764
yqjE_yqjK_yqjD_yqjC_predicted,0.2,4,4,AGTTCCCGATTCTCCTCGTG,0,5186917
yqjE_yqjK_yqjD_yqjC_predicted,0.2,4,4,AGTGGACCCGTCAGCGAGCT,0,5244709
yqjE_yqjK_yqjD_yqjC_predicted,0.2,4,4,AGTGATAATTCCTACAGCGA,0,5208500
yqjE_yqjK_yqjD_yqjC_predicted,0.2,4,4,AGTGAGGCGGAGGCAGTCCC,0,5205173
yqjE_yqjK_yqjD_yqjC_predicted,0.2,4,4,AGTCGGGAACCAGACAACCT,0,5206074
yqjE_yqjK_yqjD_yqjC_predicted,0.2,4,4,AGTCCATAAGATATAAGGTG,0,5239618
yqjE_yqjK_yqjD_yqjC_predicted,0.2,4,4,AGTCATAGTAAATTGACATT,0,5212688
yqjE_yqjK_yqjD_yqjC_predicted,0.2,4,4,AGTCACGCGAATGTATGCGG,0,5231269
yqjE_yqjK_yqjD_yqjC_predicted,0.2,4,4,AGTAGGCCGGTGCCTGATGG,0,5184199
yqjE_yqjK_yqjD_yqjC_predicted,0.2,4,4,AGTAGGAACCGCGAAACCCA,0,5218301
yqjE_yqjK_yqjD_yqjC_predicted,0.2,4,4,AGTAGCACTCCAGAGGCAAT,0,5230848
yqjE_yqjK_yqjD_yqjC_predicted,0.2,4,4,AGTAGAGTTTGATTGTATAC,0,5221532
yqjE_yqjK_yqjD_yqjC_predicted,0.2,4,4,AGTAAGCATGCGTTGATGTA,0,5233737
yqjE_yqjK_yqjD_yqjC_predicted,0.2,4,4,AGTAACGTGAATTCTCTGAA,0,5243484
yqjE_yqjK_yqjD_yqjC_predicted,0.2,4,4,AGTAACGCAGTTGAGACAAG,0,5175200
yqjE_yqjK_yqjD_yqjC_predicted,0.2,4,4,AGTAAACTTTGGCAACCATA,0,5242531
yqjE_yqjK_yqjD_yqjC_predicted,0.2,4,4,AGGTTATGAGACAGGGTCGT,0,5189212
yqjE_yqjK_yqjD_yqjC_predicted,0.2,4,4,AGGTTAGTATCGCTAGACAA,0,5212954
yqjE_yqjK_yqjD_yqjC_predicted,0.2,4,4,AGGTGTAGCCTGCTTGGGCT,0,5221216
yqjE_yqjK_yqjD_yqjC_predicted,0.2,4,4,AGGTGGTCTAGTCAATGTGC,0,5237922
yqjE_yqjK_yqjD_yqjC_predicted,0.2,4,4,AGGTGGTAACGGTGAACAGT,0,5180179
yqjE_yqjK_yqjD_yqjC_predicted,0.2,4,4,AGGTGGAGATCCAACTGATG,0,5232902
yqjE_yqjK_yqjD_yqjC_predicted,0.2,4,4,AGGTCTGTGCGACCATCGGT,0,5218354
yqjE_yqjK_yqjD_yqjC_predicted,0.2,4,4,AGGTCGTTAGCAGTTTCGTC,0,5216202
yqjE_yqjK_yqjD_yqjC_predicted,0.2,4,4,AGGTCCAGTGTTGAGCTTGT,0,5211945
yqjE_yqjK_yqjD_yqjC_predicted,0.2,4,4,AGGTAAGTCAGGGTTTTATT,0,5255757
yqjE_yqjK_yqjD_yqjC_predicted,0.2,4,4,AGGGTTTACAGCCCCTACAA,0,5230122
yqjE_yqjK_yqjD_yqjC_predicted,0.2,4,4,AGGGTAACTCTATCTGCAGA,0,5204295
yqjE_yqjK_yqjD_yqjC_predicted,0.2,4,4,AGGGGGTGGTGTGTCGTCCT,0,5173516
yqjE_yqjK_yqjD_yqjC_predicted,0.2,4,4,AGGGGAAGAACCAAGAGTTG,0,5194624
yqjE_yqjK_yqjD_yqjC_predicted,0.2,4,4,AGGGCTTACATATTCGATCA,0,5232380
yqjE_yqjK_yqjD_yqjC_predicted,0.2,4,4,AGGGCGGGTCCTATGCCACA,0,5207121
yqjE_yqjK_yqjD_yqjC_predicted,0.2,4,4,AGGGCGAGGTGTAGATTTAT,0,5261665
yqjE_yqjK_yqjD_yqjC_predicted,0.2,4,4,AGGGCATTTGATTAGCCGTT,0,5209302
yqjE_yqjK_yqjD_yqjC_predicted,0.2,4,4,AGGGCAATCGCTGCAACGAA,0,5247349
yqjE_yqjK_yqjD_yqjC_predicted,0.2,4,4,AGGCTAGTGATCTCAGCAGA,0,5197622
yqjE_yqjK_yqjD_yqjC_predicted,0.2,4,4,AGGCGTTCACTAGATGGATG,0,5196512
yqjE_yqjK_yqjD_yqjC_predicted,0.2,4,4,AGGCCGCCTGTCTCTCGAGT,0,5204381
yqjE_yqjK_yqjD_yqjC_predicted,0.2,4,4,AGGCCCTAACTACTTCAGCC,0,5256675
yqjE_yqjK_yqjD_yqjC_predicted,0.2,4,4,AGGCACAGCTGGACCCCAGC,0,5226124
yqjE_yqjK_yqjD_yqjC_predicted,0.2,4,4,AGGCAATGGGTTCTTTCACC,0,5208924
yqjE_yqjK_yqjD_yqjC_predicted,0.2,4,4,AGGATAATCGTGCCAAAAGC,0,5237817
yqjE_yqjK_yqjD_yqjC_predicted,0.2,4,4,AGGAGCTTTAAGCGTTTAAA,0,5178535
yqjE_yqjK_yqjD_yqjC_predicted,0.2,4,4,AGGACGAAAGCAAACGAACG,0,5209800
yqjE_yqjK_yqjD_yqjC_predicted,0.2,4,4,AGGACAGGTTCGCAGCACGA,0,5239048
yqjE_yqjK_yqjD_yqjC_predicted,0.2,4,4,AGGACAGCGGTATAGTAGGG,0,5192026
yqjE_yqjK_yqjD_yqjC_predicted,0.2,4,4,AGGAAGCTACGTAACTATTT,0,5212531
yqjE_yqjK_yqjD_yqjC_predicted,0.2,4,4,AGGAAGAGTTGCAGTGAAAC,0,5250670
yqjE_yqjK_yqjD_yqjC_predicted,0.2,4,4,AGGAAAGATCAAGATATTCG,0,5192747
yqjE_yqjK_yqjD_yqjC_predicted,0.2,4,4,AGCTCGTCTCATCTACAGTC,0,5212659
yqjE_yqjK_yqjD_yqjC_predicted,0.2,4,4,AGCTCCCTTAACGCATTAGG,0,5207478
yqjE_yqjK_yqjD_yqjC_predicted,0.2,4,4,AGCTACTATGTCCTAATATG,0,5183433
yqjE_yqjK_yqjD_yqjC_predicted,0.2,4,4,AGCGTGATATTCATCTTACA,0,5255215
yqjE_yqjK_yqjD_yqjC_predicted,0.2,4,4,AGCGTCGAGCCGCTAAACGC,0,5171685
yqjE_yqjK_yqjD_yqjC_predicted,0.2,4,4,AGCGGTGGAGTCATAGAAGC,0,5184599
yqjE_yqjK_yqjD_yqjC_predicted,0.2,4,4,AGCGGGTCCTTAGGCTAAGA,0,5182430
yqjE_yqjK_yqjD_yqjC_predicted,0.2,4,4,AGCGGGGCTACCGGTTGATT,0,5194910
yqjE_yqjK_yqjD_yqjC_predicted,0.2,4,4,AGCGCTATAGTAAATAAGCG,0,5227529
yqjE_yqjK_yqjD_yqjC_predicted,0.2,4,4,AGCGCGCTTACATCACGTAA,0,5259504
yqjE_yqjK_yqjD_yqjC_predicted,0.2,4,4,AGCGCGCTGTCTTTTTGGTT,0,5239258
yqjE_yqjK_yqjD_yqjC_predicted,0.2,4,4,AGCGCGAGTCAATAAACTAA,0,5193232
yqjE_yqjK_yqjD_yqjC_predicted,0.2,4,4,AGCGATGTCTACCTAATCAA,0,5248349
yqjE_yqjK_yqjD_yqjC_predicted,0.2,4,4,AGCCTTATTGCGGCATGCAT,0,5174166
yqjE_yqjK_yqjD_yqjC_predicted,0.2,4,4,AGCCTTAGCATTGCAAACTA,0,5247462
yqjE_yqjK_yqjD_yqjC_predicted,0.2,4,4,AGCCTCCGTTAGAGCCGGTT,0,5220820
yqjE_yqjK_yqjD_yqjC_predicted,0.2,4,4,AGCCGGGAGCGTGGTGCCTA,0,5254735
yqjE_yqjK_yqjD_yqjC_predicted,0.2,4,4,AGCCCATCAGGAATCGACAT,0,5244099
yqjE_yqjK_yqjD_yqjC_predicted,0.2,4,4,AGCCAATGTTACATGGCCCA,0,5181172
yqjE_yqjK_yqjD_yqjC_predicted,0.2,4,4,AGCCAACAACCCGTCGGGTT,0,5195413
yqjE_yqjK_yqjD_yqjC_predicted,0.2,4,4,AGCATAGGAATACCCTTATA,0,5171074
yqjE_yqjK_yqjD_yqjC_predicted,0.2,4,4,AGCAGTGAGGTATCCACGCG,0,5250112
yqjE_yqjK_yqjD_yqjC_predicted,0.2,4,4,AGCACAGCATGATCGCCTTG,0,5208413
yqjE_yqjK_yqjD_yqjC_predicted,0.2,4,4,AGATTTAGGTAGGGGCATGG,0,5187567
yqjE_yqjK_yqjD_yqjC_predicted,0.2,4,4,AGATGAGCTCCCCGAAAGCG,0,5185457
yqjE_yqjK_yqjD_yqjC_predicted,0.2,4,4,AGATCGCGCAATTCAAGCAT,0,5239081
yqjE_yqjK_yqjD_yqjC_predicted,0.2,4,4,AGATATCTAGCAATTTAAGT,0,5237348
yqjE_yqjK_yqjD_yqjC_predicted,0.2,4,4,AGAGTCATAGCGGTACGCCA,0,5224481
yqjE_yqjK_yqjD_yqjC_predicted,0.2,4,4,AGAGTCATACAGTGTGCCAT,0,5233038
yqjE_yqjK_yqjD_yqjC_predicted,0.2,4,4,AGAGCGTCGCGTGTGTAGCG,0,5190956
yqjE_yqjK_yqjD_yqjC_predicted,0.2,4,4,AGAGCGCTTAAACCAATCAC,0,5255314
yqjE_yqjK_yqjD_yqjC_predicted,0.2,4,4,AGACTGCTACTGTAGAGCTG,0,5192238
yqjE_yqjK_yqjD_yqjC_predicted,0.2,4,4,AGACGCCGGGATTGCTACAG,0,5176194
yqjE_yqjK_yqjD_yqjC_predicted,0.2,4,4,AGACGCAGCGTATACAGGAT,0,5246929
yqjE_yqjK_yqjD_yqjC_predicted,0.2,4,4,AGACCCGAGGCATGTGTAAT,0,5215450
yqjE_yqjK_yqjD_yqjC_predicted,0.2,4,4,AGACATGAGAGACACAACCA,0,5188725
yqjE_yqjK_yqjD_yqjC_predicted,0.2,4,4,AGACAGTGGTCCAGCAAGAC,0,5193181
yqjE_yqjK_yqjD_yqjC_predicted,0.2,4,4,AGAACACGTTAGTTTGTTCT,0,5244182
yqjE_yqjK_yqjD_yqjC_predicted,0.2,4,4,ACTTTAGACGGATCGCGTGC,0,5229478
yqjE_yqjK_yqjD_yqjC_predicted,0.2,4,4,ACTTGCGTGCGGCCTATACA,0,5255587
yqjE_yqjK_yqjD_yqjC_predicted,0.2,4,4,ACTTGAACTATCCTAGACGT,0,5224934
yqjE_yqjK_yqjD_yqjC_predicted,0.2,4,4,ACTTATACGTTACATAAACT,0,5192083
yqjE_yqjK_yqjD_yqjC_predicted,0.2,4,4,ACTGAGACTCATTCTATCTA,0,5226888
yqjE_yqjK_yqjD_yqjC_predicted,0.2,4,4,ACTCTAACTCCGGCCGAGCC,0,5212998
yqjE_yqjK_yqjD_yqjC_predicted,0.2,4,4,ACTCGGTCAGCGGGCGGTCT,0,5210397
yqjE_yqjK_yqjD_yqjC_predicted,0.2,4,4,ACTCGCGAACCCTTCGTCGG,0,5203239
yqjE_yqjK_yqjD_yqjC_predicted,0.2,4,4,ACTCCTGCCTTTTCGGTTAT,0,5219751
yqjE_yqjK_yqjD_yqjC_predicted,0.2,4,4,ACTCCCTTGGTTCGCGGCCT,0,5192359
yqjE_yqjK_yqjD_yqjC_predicted,0.2,4,4,ACTCCCGATACAATCGCTTC,0,5254208
yqjE_yqjK_yqjD_yqjC_predicted,0.2,4,4,ACTCCAAAAAGGCAGGATTT,0,5174522
yqjE_yqjK_yqjD_yqjC_predicted,0.2,4,4,ACTACCCGACGGTCGCGATC,0,5235416
yqjE_yqjK_yqjD_yqjC_predicted,0.2,4,4,ACGTTAATTCGCGAATAACT,0,5193596
yqjE_yqjK_yqjD_yqjC_predicted,0.2,4,4,ACGTGAGGCGAGCAGCGCAA,0,5220900
yqjE_yqjK_yqjD_yqjC_predicted,0.2,4,4,ACGTCAGCCCGCGGATACGT,0,5203346
yqjE_yqjK_yqjD_yqjC_predicted,0.2,4,4,ACGTATGTGGGGGTTACATG,0,5257248
yqjE_yqjK_yqjD_yqjC_predicted,0.2,4,4,ACGGTGTGCTGGCCCCTCTT,0,5243498
yqjE_yqjK_yqjD_yqjC_predicted,0.2,4,4,ACGGTCAGTGGGGGTCGTCG,0,5239345
yqjE_yqjK_yqjD_yqjC_predicted,0.2,4,4,ACGGGTGGTCGCCGTGCTAT,0,5196239
yqjE_yqjK_yqjD_yqjC_predicted,0.2,4,4,ACGGCTGGTAAGTGGTTCGG,0,5187108
yqjE_yqjK_yqjD_yqjC_predicted,0.2,4,4,ACGGCTACAGTGCACGTGTG,0,5216767
yqjE_yqjK_yqjD_yqjC_predicted,0.2,4,4,ACGGCAGGGCTACCCACGTA,0,5182317
yqjE_yqjK_yqjD_yqjC_predicted,0.2,4,4,ACGGACTTTCAAAATTCAGG,0,5181594
yqjE_yqjK_yqjD_yqjC_predicted,0.2,4,4,ACGCTCATCCGATATAGTAC,0,5176431
yqjE_yqjK_yqjD_yqjC_predicted,0.2,4,4,ACGCGAGGAATCAGTCGATC,0,5187372
yqjE_yqjK_yqjD_yqjC_predicted,0.2,4,4,ACGCCATCTCCCGAACAATT,0,5252897
yqjE_yqjK_yqjD_yqjC_predicted,0.2,4,4,ACGCAGTGTTAACGCCTCAG,0,5217990
yqjE_yqjK_yqjD_yqjC_predicted,0.2,4,4,ACGCAATATCCATGGGTCAT,0,5195888
yqjE_yqjK_yqjD_yqjC_predicted,0.2,4,4,ACGAGTTCAATAAAGGGATG,0,5186915
yqjE_yqjK_yqjD_yqjC_predicted,0.2,4,4,ACGAGGATTTAACTTGAATT,0,5254067
yqjE_yqjK_yqjD_yqjC_predicted,0.2,4,4,ACGAGCTACCTGGCATGGAA,0,5249176
yqjE_yqjK_yqjD_yqjC_predicted,0.2,4,4,ACGACTCAGTGCTGGTCATG,0,5231061
yqjE_yqjK_yqjD_yqjC_predicted,0.2,4,4,ACCTGTCTGCGGTTTCGGCG,0,5224466
yqjE_yqjK_yqjD_yqjC_predicted,0.2,4,4,ACCTGGGCAAGGCGGCGCAG,0,5227464
yqjE_yqjK_yqjD_yqjC_predicted,0.2,4,4,ACCTGATCTCAGGGTCCGCA,0,5201328
yqjE_yqjK_yqjD_yqjC_predicted,0.2,4,4,ACCTCGTATACGGCAATAGC,0,5220750
yqjE_yqjK_yqjD_yqjC_predicted,0.2,4,4,ACCTAAAAACGAGCAAGGCA,0,5230737
yqjE_yqjK_yqjD_yqjC_predicted,0.2,4,4,ACCGTGAGCGAAGTATAGTA,0,5237360
yqjE_yqjK_yqjD_yqjC_predicted,0.2,4,4,ACCGTATACGTCCTTAGATA,0,5209844
yqjE_yqjK_yqjD_yqjC_predicted,0.2,4,4,ACCGGGTCCAGATTGCAGAG,0,5230203
yqjE_yqjK_yqjD_yqjC_predicted,0.2,4,4,ACCGGGGTGTTAAAGTGGAA,0,5228179
yqjE_yqjK_yqjD_yqjC_predicted,0.2,4,4,ACCGGGGGAAGATCCTTCGC,0,5171189
yqjE_yqjK_yqjD_yqjC_predicted,0.2,4,4,ACCGGAGGAGGTCATTAATT,0,5236475
yqjE_yqjK_yqjD_yqjC_predicted,0.2,4,4,ACCGCCTGTCCACGATCAAC,0,5194542
yqjE_yqjK_yqjD_yqjC_predicted,0.2,4,4,ACCGACGCTCTGATCAGTCA,0,5238729
yqjE_yqjK_yqjD_yqjC_predicted,0.2,4,4,ACCCTCGCTGTATCTGCAGT,0,5236924
yqjE_yqjK_yqjD_yqjC_predicted,0.2,4,4,ACCCCCAACGAACGCACCAG,0,5256134
yqjE_yqjK_yqjD_yqjC_predicted,0.2,4,4,ACCATTCCGTGAACATTAGC,0,5254621
yqjE_yqjK_yqjD_yqjC_predicted,0.2,4,4,ACCATAACCCACGAGACCGA,0,5189216
yqjE_yqjK_yqjD_yqjC_predicted,0.2,4,4,ACCAGGTGGTTCCGCTGCAG,0,5178822
yqjE_yqjK_yqjD_yqjC_predicted,0.2,4,4,ACCAGGCGAATGAACCTCCA,0,5250950
yqjE_yqjK_yqjD_yqjC_predicted,0.2,4,4,ACCACTGTAGGAAGCTATAA,0,5172139
yqjE_yqjK_yqjD_yqjC_predicted,0.2,4,4,ACCAATCGACAAATCCCGCC,0,5260224
yqjE_yqjK_yqjD_yqjC_predicted,0.2,4,4,ACATTGCAGGTCTGATCTTA,0,5184267
yqjE_yqjK_yqjD_yqjC_predicted,0.2,4,4,ACATGCTGTGCAGGCTCGGT,0,5205088
yqjE_yqjK_yqjD_yqjC_predicted,0.2,4,4,ACATCCTTATTCTGTAGCTC,0,5228951
yqjE_yqjK_yqjD_yqjC_predicted,0.2,4,4,ACATATTCGGCGCGCTTTCC,0,5254084
yqjE_yqjK_yqjD_yqjC_predicted,0.2,4,4,ACAGTTCGCTATAATTCGAG,0,5234563
yqjE_yqjK_yqjD_yqjC_predicted,0.2,4,4,ACAGTTCCAGACGTGCCACG,0,5173189
yqjE_yqjK_yqjD_yqjC_predicted,0.2,4,4,ACAGGTCGCAAGCTGCGACT,0,5185415
yqjE_yqjK_yqjD_yqjC_predicted,0.2,4,4,ACAGGAGTTCCTCCTATATG,0,5254899
yqjE_yqjK_yqjD_yqjC_predicted,0.2,4,4,ACAGGAACATAATAGGGGAC,0,5254687
yqjE_yqjK_yqjD_yqjC_predicted,0.2,4,4,ACAGCTGGTCTCGCATATAG,0,5202500
yqjE_yqjK_yqjD_yqjC_predicted,0.2,4,4,ACAGCAGCATCGGGATAACT,0,5229953
yqjE_yqjK_yqjD_yqjC_predicted,0.2,4,4,ACAGACCTACTGGCGTATTA,0,5243217
yqjE_yqjK_yqjD_yqjC_predicted,0.2,4,4,ACAGACAGGATTAGACTACG,0,5175913
yqjE_yqjK_yqjD_yqjC_predicted,0.2,4,4,ACAGAAAAACGTGTTAGGTT,0,5231709
yqjE_yqjK_yqjD_yqjC_predicted,0.2,4,4,ACACTTGACGCAATACAGTT,0,5204916
yqjE_yqjK_yqjD_yqjC_predicted,0.2,4,4,ACACCTTTGGGGGTAGGGGA,0,5252808
yqjE_yqjK_yqjD_yqjC_predicted,0.2,4,4,ACACCTAGTCCAAAAATACT,0,5221901
yqjE_yqjK_yqjD_yqjC_predicted,0.2,4,4,ACAATCTGAACGTATCAACA,0,5175753
yqjE_yqjK_yqjD_yqjC_predicted,0.2,4,4,ACAATACATATTTCAGGCTG,0,5260719
yqjE_yqjK_yqjD_yqjC_predicted,0.2,4,4,ACAAGGGTATGTCGCGCAAC,0,5231141
yqjE_yqjK_yqjD_yqjC_predicted,0.2,4,4,ACAAGCCATACCAGCTAATG,0,5250085
yqjE_yqjK_yqjD_yqjC_predicted,0.2,4,4,AATTTTAGATAATTTATGTG,0,5254523
yqjE_yqjK_yqjD_yqjC_predicted,0.2,4,4,AATTTAAGGCAATTTGCGCC,0,5259986
yqjE_yqjK_yqjD_yqjC_predicted,0.2,4,4,AATTGTCTCAAGCGCCGAAG,0,5211030
yqjE_yqjK_yqjD_yqjC_predicted,0.2,4,4,AATTGGCAAGAATCCAAGCA,0,5194573
yqjE_yqjK_yqjD_yqjC_predicted,0.2,4,4,AATTGCATCCCCCGGCCCGG,0,5188345
yqjE_yqjK_yqjD_yqjC_predicted,0.2,4,4,AATTGCATCACTGCTGTAGT,0,5226313
yqjE_yqjK_yqjD_yqjC_predicted,0.2,4,4,AATTCGTTAGAGATGTACTG,0,5190730
yqjE_yqjK_yqjD_yqjC_predicted,0.2,4,4,AATTCCTTTCAAGCCCGCGC,0,5201077
yqjE_yqjK_yqjD_yqjC_predicted,0.2,4,4,AATTCCGAGCTTCCTTAAGC,0,5195023
yqjE_yqjK_yqjD_yqjC_predicted,0.2,4,4,AATTATCGACGCTTTTCAAA,0,5224182
yqjE_yqjK_yqjD_yqjC_predicted,0.2,4,4,AATTACCATTATTCGAGATA,0,5211838
yqjE_yqjK_yqjD_yqjC_predicted,0.2,4,4,AATGTGCTAGAGAGAAGAGG,0,5207960
yqjE_yqjK_yqjD_yqjC_predicted,0.2,4,4,AATGGGGCAATAGGTCATAA,0,5188004
yqjE_yqjK_yqjD_yqjC_predicted,0.2,4,4,AATGATACGACACTCGTCTC,0,5173070
yqjE_yqjK_yqjD_yqjC_predicted,0.2,4,4,AATCTTATTAAGGAAATATC,0,5247834
yqjE_yqjK_yqjD_yqjC_predicted,0.2,4,4,AATCTGGTGGGACCCTGATG,0,5212211
yqjE_yqjK_yqjD_yqjC_predicted,0.2,4,4,AATCGTCATCCCTCACGCGG,0,5251804
yqjE_yqjK_yqjD_yqjC_predicted,0.2,4,4,AATCGTACAGCCCGGGACAC,0,5211157
yqjE_yqjK_yqjD_yqjC_predicted,0.2,4,4,AATCGGTAAATGACCAGAAC,0,5202275
yqjE_yqjK_yqjD_yqjC_predicted,0.2,4,4,AATCGATTCCCTGCGTGAGA,0,5196651
yqjE_yqjK_yqjD_yqjC_predicted,0.2,4,4,AATCCTTGTAGGCGCAGACT,0,5246834
yqjE_yqjK_yqjD_yqjC_predicted,0.2,4,4,AATCCGCTTCACAATGGGTA,0,5244055
yqjE_yqjK_yqjD_yqjC_predicted,0.2,4,4,AATCCGAGTTCATCCTATGT,0,5225951
yqjE_yqjK_yqjD_yqjC_predicted,0.2,4,4,AATCACCGGGATGTCGGATA,0,5258437
yqjE_yqjK_yqjD_yqjC_predicted,0.2,4,4,AATATCTGGAAAGATCCCGA,0,5221522
yqjE_yqjK_yqjD_yqjC_predicted,0.2,4,4,AATAGTCGTTTATGCTGATT,0,5230231
yqjE_yqjK_yqjD_yqjC_predicted,0.2,4,4,AATACTATGCTCGCTCAATG,0,5206295
yqjE_yqjK_yqjD_yqjC_predicted,0.2,4,4,AATACTAAGTCTTTGCATTT,0,5172113
yqjE_yqjK_yqjD_yqjC_predicted,0.2,4,4,AATAAGTGTTCGGGACTGAT,0,5228972
yqjE_yqjK_yqjD_yqjC_predicted,0.2,4,4,AAGTTGCCGCTTCCAGATTT,0,5217318
yqjE_yqjK_yqjD_yqjC_predicted,0.2,4,4,AAGTATCCGATTGAAATGTT,0,5248901
yqjE_yqjK_yqjD_yqjC_predicted,0.2,4,4,AAGGTTAGTCAAGTGGAGTA,0,5259319
yqjE_yqjK_yqjD_yqjC_predicted,0.2,4,4,AAGGTTAGGGACCTGAATCT,0,5175612
yqjE_yqjK_yqjD_yqjC_predicted,0.2,4,4,AAGGTTAATATGATAGGTGT,0,5198551
yqjE_yqjK_yqjD_yqjC_predicted,0.2,4,4,AAGGGAGGCAATCGTGACGA,0,5201592
yqjE_yqjK_yqjD_yqjC_predicted,0.2,4,4,AAGGGAGGACTTTAGTAAAC,0,5234483
yqjE_yqjK_yqjD_yqjC_predicted,0.2,4,4,AAGGCGTGTGCCAACTAGAT,0,5193486
yqjE_yqjK_yqjD_yqjC_predicted,0.2,4,4,AAGGCATTTGAGGTAGGATG,0,5234184
yqjE_yqjK_yqjD_yqjC_predicted,0.2,4,4,AAGCTTGTCGCATTCGATGG,0,5223524
yqjE_yqjK_yqjD_yqjC_predicted,0.2,4,4,AAGCATTACAGAATAACGCG,0,5219868
yqjE_yqjK_yqjD_yqjC_predicted,0.2,4,4,AAGATTGAGGATAAGCATCA,0,5247867
yqjE_yqjK_yqjD_yqjC_predicted,0.2,4,4,AAGAGAGATCAATCGTATCT,0,5248875
yqjE_yqjK_yqjD_yqjC_predicted,0.2,4,4,AAGAAGCGTAAGACCCGACA,0,5235963
yqjE_yqjK_yqjD_yqjC_predicted,0.2,4,4,AAGAACTTCCCATGGACCCC,0,5230812
yqjE_yqjK_yqjD_yqjC_predicted,0.2,4,4,AACTTGTACGGTTATCAGCA,0,5242945
yqjE_yqjK_yqjD_yqjC_predicted,0.2,4,4,AACTTGGCTTAATGTTTGCT,0,5220725
yqjE_yqjK_yqjD_yqjC_predicted,0.2,4,4,AACTGCGACACCCTAATACC,0,5252895
yqjE_yqjK_yqjD_yqjC_predicted,0.2,4,4,AACTGACCATATCCTTGCGT,0,5176792
yqjE_yqjK_yqjD_yqjC_predicted,0.2,4,4,AACTCGATAGCTAGATGCGT,0,5198431
yqjE_yqjK_yqjD_yqjC_predicted,0.2,4,4,AACGGTGTGCGACGACGTTC,0,5226585
yqjE_yqjK_yqjD_yqjC_predicted,0.2,4,4,AACGGAGCTCGGGCGAGGTT,0,5251525
yqjE_yqjK_yqjD_yqjC_predicted,0.2,4,4,AACGCAGAAGCTCCGGTACA,0,5183639
yqjE_yqjK_yqjD_yqjC_predicted,0.2,4,4,AACGAATGAAGAACGCTACT,0,5215045
yqjE_yqjK_yqjD_yqjC_predicted,0.2,4,4,AACGAATCGGGGTTATTCTC,0,5216991
yqjE_yqjK_yqjD_yqjC_predicted,0.2,4,4,AACCTACACCCTGCCACGGT,0,5226529
yqjE_yqjK_yqjD_yqjC_predicted,0.2,4,4,AACCTAACCGGCACCTTCAA,0,5207725
yqjE_yqjK_yqjD_yqjC_predicted,0.2,4,4,AACCGTTCTTACCGTTGCAA,0,5180107
yqjE_yqjK_yqjD_yqjC_predicted,0.2,4,4,AACCCACACGGTGTACTATT,0,5254902
yqjE_yqjK_yqjD_yqjC_predicted,0.2,4,4,AACCAGAGGGGAACGATTGC,0,5205278
yqjE_yqjK_yqjD_yqjC_predicted,0.2,4,4,AACATTGAGGTAAGTAACGT,0,5172354
yqjE_yqjK_yqjD_yqjC_predicted,0.2,4,4,AACAGTGGGCGTACGGCAGT,0,5239743
yqjE_yqjK_yqjD_yqjC_predicted,0.2,4,4,AACAGGTGTAGATGTCCAAA,0,5223675
yqjE_yqjK_yqjD_yqjC_predicted,0.2,4,4,AACAGACATCCAGCATGCGC,0,5226314
yqjE_yqjK_yqjD_yqjC_predicted,0.2,4,4,AACACGTTAGCCCTCAGGAC,0,5186593
yqjE_yqjK_yqjD_yqjC_predicted,0.2,4,4,AACACACTACGCGTTGCTAA,0,5210528
yqjE_yqjK_yqjD_yqjC_predicted,0.2,4,4,AACAACGCGTTGCAAATTAA,0,5175738
yqjE_yqjK_yqjD_yqjC_predicted,0.2,4,4,AACAACATTGGAGGACTGGA,0,5215039
yqjE_yqjK_yqjD_yqjC_predicted,0.2,4,4,AAATTTCACTTCTAGTACGG,0,5212205
yqjE_yqjK_yqjD_yqjC_predicted,0.2,4,4,AAATTGATTCTTCTGATCAG,0,5217949
yqjE_yqjK_yqjD_yqjC_predicted,0.2,4,4,AAATTACTCTCCCCTCGGTA,0,5221301
yqjE_yqjK_yqjD_yqjC_predicted,0.2,4,4,AAAGTTGTCCAAATTGTATG,0,5242731
yqjE_yqjK_yqjD_yqjC_predicted,0.2,4,4,AAAGGTGCTGCGATCATTAC,0,5172899
yqjE_yqjK_yqjD_yqjC_predicted,0.2,4,4,AAAGGTCTTGTTAGGACGAG,0,5254947
yqjE_yqjK_yqjD_yqjC_predicted,0.2,4,4,AAAGGTATGTGAACGGCACA,0,5228365
yqjE_yqjK_yqjD_yqjC_predicted,0.2,4,4,AAAGGTAAGTCGGGCACTTA,0,5198962
yqjE_yqjK_yqjD_yqjC_predicted,0.2,4,4,AAAGGGCCGGTGGTCAAGTA,0,5233170
yqjE_yqjK_yqjD_yqjC_predicted,0.2,4,4,AAAGCGACTATACCTGCCGA,0,5233425
yqjE_yqjK_yqjD_yqjC_predicted,0.2,4,4,AAAGCATATCGCCGGAGCAG,0,5204724
yqjE_yqjK_yqjD_yqjC_predicted,0.2,4,4,AAAGCATATCCTGTGGAATT,0,5208762
yqjE_yqjK_yqjD_yqjC_predicted,0.2,4,4,AAAGATACGCGCAAAGCCAA,0,5220685
yqjE_yqjK_yqjD_yqjC_predicted,0.2,4,4,AAAGAGTTGTCAGCATTAGG,0,5258443
yqjE_yqjK_yqjD_yqjC_predicted,0.2,4,4,AAAGAGTCATCCCTCACCCT,0,5235725
yqjE_yqjK_yqjD_yqjC_predicted,0.2,4,4,AAACTGTTTGGAGAAAAAGA,0,5241658
yqjE_yqjK_yqjD_yqjC_predicted,0.2,4,4,AAACGTTTGGACTCCTCAAC,0,5242785
yqjE_yqjK_yqjD_yqjC_predicted,0.2,4,4,AAACGTCGTTCGATCAGAGC,0,5235577
yqjE_yqjK_yqjD_yqjC_predicted,0.2,4,4,AAACGGACCCTAAACCTTAG,0,5183788
yqjE_yqjK_yqjD_yqjC_predicted,0.2,4,4,AAACGCGATACAGGTCGCCA,0,5207761
yqjE_yqjK_yqjD_yqjC_predicted,0.2,4,4,AAACGACACACAACAAGGGC,0,5182914
yqjE_yqjK_yqjD_yqjC_predicted,0.2,4,4,AAACAAGGTACGTGCCAGAG,0,5225813
yqjE_yqjK_yqjD_yqjC_predicted,0.2,4,4,AAACAAATCCAGGTATTCCA,0,5199851
yqjE_yqjK_yqjD_yqjC_predicted,0.2,4,4,AAAATTGGTTAGCCTCCTTA,0,5177188
yqjE_yqjK_yqjD_yqjC_predicted,0.2,4,4,AAAATGGTTTCTTTTTGACA,0,5185069
yqjE_yqjK_yqjD_yqjC_predicted,0.2,4,4,AAAATGGCCGACCCTGCCTA,0,5178916
yqjE_yqjK_yqjD_yqjC_predicted,0.2,4,4,AAAAGTGGGGGTTTAGTACT,0,5241682
yqjE_yqjK_yqjD_yqjC_predicted,0.2,4,4,AAAAGGGGGCCTTTGTGACA,0,5172735
yqjE_yqjK_yqjD_yqjC_predicted,0.25,3,3,TTTTGTGCCAGATCATTCGA,0,5191855
yqjE_yqjK_yqjD_yqjC_predicted,0.25,3,3,TTTTGGCCTTTCAACTATAT,0,5247329
yqjE_yqjK_yqjD_yqjC_predicted,0.25,3,3,TTTTGGACGTTCTCATCACT,0,5174336
yqjE_yqjK_yqjD_yqjC_predicted,0.25,3,3,TTTTGCAAACTTTCAGCGGA,0,5239296
yqjE_yqjK_yqjD_yqjC_predicted,0.25,3,3,TTTTGATTCACCGAGATAAT,0,5190486
yqjE_yqjK_yqjD_yqjC_predicted,0.25,3,3,TTTTCCACCGCAGGAAGGTC,0,5249699
yqjE_yqjK_yqjD_yqjC_predicted,0.25,3,3,TTTTCATCGGAAATAATGCG,0,5249458
yqjE_yqjK_yqjD_yqjC_predicted,0.25,3,3,TTTTACTTAGTCTCAATGGG,0,5257222
yqjE_yqjK_yqjD_yqjC_predicted,0.25,3,3,TTTTACCAAGATATTGGGGA,0,5206190
yqjE_yqjK_yqjD_yqjC_predicted,0.25,3,3,TTTTACATCCCGTCCGCCTT,0,5204954
yqjE_yqjK_yqjD_yqjC_predicted,0.25,3,3,TTTGTGGACCACATTACTGG,0,5182428
yqjE_yqjK_yqjD_yqjC_predicted,0.25,3,3,TTTGTCTCAAATGCGGCCGT,0,5184824
yqjE_yqjK_yqjD_yqjC_predicted,0.25,3,3,TTTGTCCCACAGGGGGTTCC,0,5207414
yqjE_yqjK_yqjD_yqjC_predicted,0.25,3,3,TTTGGTTATTCCTGCGAATC,0,5262627
yqjE_yqjK_yqjD_yqjC_predicted,0.25,3,3,TTTGGGAAATTCTATACGCA,0,5209996
yqjE_yqjK_yqjD_yqjC_predicted,0.25,3,3,TTTGGCAGGTGTCAAGATGT,0,5172442
yqjE_yqjK_yqjD_yqjC_predicted,0.25,3,3,TTTGGCAGACTGTGCCAGGT,0,5259979
yqjE_yqjK_yqjD_yqjC_predicted,0.25,3,3,TTTGCGGACCCGATGTTCGT,0,5240691
yqjE_yqjK_yqjD_yqjC_predicted,0.25,3,3,TTTGCGCCTTCTTCTTTCAA,0,5215572
yqjE_yqjK_yqjD_yqjC_predicted,0.25,3,3,TTTGCCGTTGATTTTTTCAA,0,5243001
yqjE_yqjK_yqjD_yqjC_predicted,0.25,3,3,TTTGACGCCGTGTTCAGAAT,0,5252917
yqjE_yqjK_yqjD_yqjC_predicted,0.25,3,3,TTTGAATGGTCGTTGTCGAG,0,5255095
yqjE_yqjK_yqjD_yqjC_predicted,0.25,3,3,TTTCTAGCGTACTCTCGCTG,0,5204286
yqjE_yqjK_yqjD_yqjC_predicted,0.25,3,3,TTTCGTTGGTCTGCAAGATT,0,5260641
yqjE_yqjK_yqjD_yqjC_predicted,0.25,3,3,TTTCGCGACTTGTTAGTTAT,0,5242520
yqjE_yqjK_yqjD_yqjC_predicted,0.25,3,3,TTTCGCAAACGAGGTGCTGT,0,5240535
yqjE_yqjK_yqjD_yqjC_predicted,0.25,3,3,TTTCGAGAATGAGTGAGTGT,0,5259377
yqjE_yqjK_yqjD_yqjC_predicted,0.25,3,3,TTTCATCCACTTCCCTGCTG,0,5219669
yqjE_yqjK_yqjD_yqjC_predicted,0.25,3,3,TTTATGCTGTATCCGTTCAC,0,5250803
yqjE_yqjK_yqjD_yqjC_predicted,0.25,3,3,TTTATACAGGTTACTTGGGT,0,5198757
yqjE_yqjK_yqjD_yqjC_predicted,0.25,3,3,TTTAGTGTCCGGTCAGCTCT,0,5189624
yqjE_yqjK_yqjD_yqjC_predicted,0.25,3,3,TTTAGGTATATACACATGCT,0,5202465
yqjE_yqjK_yqjD_yqjC_predicted,0.25,3,3,TTTAGGCTATGCACTGCCAA,0,5194571
yqjE_yqjK_yqjD_yqjC_predicted,0.25,3,3,TTTAGCTCGCGATCCACTAA,0,5226744
yqjE_yqjK_yqjD_yqjC_predicted,0.25,3,3,TTTAGCGTTCCAGGCGAGTA,0,5188081
yqjE_yqjK_yqjD_yqjC_predicted,0.25,3,3,TTTAGCATTTTATAGATATC,0,5215199
yqjE_yqjK_yqjD_yqjC_predicted,0.25,3,3,TTTACTAAAGTACCGTGGAC,0,5199348
yqjE_yqjK_yqjD_yqjC_predicted,0.25,3,3,TTTACCGCGGCACTCGTGTC,0,5195002
yqjE_yqjK_yqjD_yqjC_predicted,0.25,3,3,TTTAACACATATAGGGGACC,0,5242882
yqjE_yqjK_yqjD_yqjC_predicted,0.25,3,3,TTGTTTTACAGACTACCTTC,0,5253845
yqjE_yqjK_yqjD_yqjC_predicted,0.25,3,3,TTGTTAACGAGCTCTTGAAG,0,5198489
yqjE_yqjK_yqjD_yqjC_predicted,0.25,3,3,TTGTGGGAACTATCATGAAA,0,5208772
yqjE_yqjK_yqjD_yqjC_predicted,0.25,3,3,TTGTGACGCTCACAGGCGAA,0,5221680
yqjE_yqjK_yqjD_yqjC_predicted,0.25,3,3,TTGTCTTCATTCTGTTAGCT,0,5240820
yqjE_yqjK_yqjD_yqjC_predicted,0.25,3,3,TTGTCGCTGCTCGAGGACGA,0,5179104
yqjE_yqjK_yqjD_yqjC_predicted,0.25,3,3,TTGTCGCATTGAAGGCGATC,0,5242197
yqjE_yqjK_yqjD_yqjC_predicted,0.25,3,3,TTGTCACGAACGCGTAAACG,0,5203008
yqjE_yqjK_yqjD_yqjC_predicted,0.25,3,3,TTGGTAAGAAGCTATTTTGC,0,5234541
yqjE_yqjK_yqjD_yqjC_predicted,0.25,3,3,TTGGGCATTGAATATGCACT,0,5234345
yqjE_yqjK_yqjD_yqjC_predicted,0.25,3,3,TTGGCGGATAATCAGCGCTA,0,5190153
yqjE_yqjK_yqjD_yqjC_predicted,0.25,3,3,TTGGCCTGAAATGGAATCGC,0,5205566
yqjE_yqjK_yqjD_yqjC_predicted,0.25,3,3,TTGGAGAGTTGTCAGAAAGC,0,5224340
yqjE_yqjK_yqjD_yqjC_predicted,0.25,3,3,TTGCTTCAAGAGTAATAGTA,0,5235135
yqjE_yqjK_yqjD_yqjC_predicted,0.25,3,3,TTGCTCCGAGTAGATCTGGT,0,5178088
yqjE_yqjK_yqjD_yqjC_predicted,0.25,3,3,TTGCGGAATCATGCTCGGTT,0,5198951
yqjE_yqjK_yqjD_yqjC_predicted,0.25,3,3,TTGCGAAATATTAAGCTCAA,0,5194781
yqjE_yqjK_yqjD_yqjC_predicted,0.25,3,3,TTGATTTGGGACCAATTGGT,0,5189243
yqjE_yqjK_yqjD_yqjC_predicted,0.25,3,3,TTGATTCCAGAATCCATCAT,0,5260960
yqjE_yqjK_yqjD_yqjC_predicted,0.25,3,3,TTGATGCTCGGAATGACAAA,0,5245460
yqjE_yqjK_yqjD_yqjC_predicted,0.25,3,3,TTGATATCATTGTAGTCGAG,0,5172092
yqjE_yqjK_yqjD_yqjC_predicted,0.25,3,3,TTGAGCGTCTTAATGACGGA,0,5201046
yqjE_yqjK_yqjD_yqjC_predicted,0.25,3,3,TTGACCGTGTAGGTAGGACT,0,5232773
yqjE_yqjK_yqjD_yqjC_predicted,0.25,3,3,TTCTTTGGTTGCTCCGTTGA,0,5256803
yqjE_yqjK_yqjD_yqjC_predicted,0.25,3,3,TTCTTCTTCCTTTGCCGACA,0,5197364
yqjE_yqjK_yqjD_yqjC_predicted,0.25,3,3,TTCTGCCCTAGCCTGGCAAC,0,5189153
yqjE_yqjK_yqjD_yqjC_predicted,0.25,3,3,TTCTATTCGTACCAGCTTAA,0,5184950
yqjE_yqjK_yqjD_yqjC_predicted,0.25,3,3,TTCTATGGCGATGGGGATTT,0,5185299
yqjE_yqjK_yqjD_yqjC_predicted,0.25,3,3,TTCTAACTGTTATGGCACGG,0,5203682
yqjE_yqjK_yqjD_yqjC_predicted,0.25,3,3,TTCGGGATGTCCTTCCCAAA,0,5214097
yqjE_yqjK_yqjD_yqjC_predicted,0.25,3,3,TTCGATTGTGCAATTCGTTC,0,5251911
yqjE_yqjK_yqjD_yqjC_predicted,0.25,3,3,TTCGACTTTACGGACTATCG,0,5200446
yqjE_yqjK_yqjD_yqjC_predicted,0.25,3,3,TTCCTTTTGTCTACGGGCGT,0,5195102
yqjE_yqjK_yqjD_yqjC_predicted,0.25,3,3,TTCCTGACCAATCGTCCGAT,0,5233496
yqjE_yqjK_yqjD_yqjC_predicted,0.25,3,3,TTCCTAGTTTGGATCTTATA,0,5222203
yqjE_yqjK_yqjD_yqjC_predicted,0.25,3,3,TTCCCTTGTTCAATGGTATA,0,5242943
yqjE_yqjK_yqjD_yqjC_predicted,0.25,3,3,TTCCCGTGGCATCATGCCGA,0,5249669
yqjE_yqjK_yqjD_yqjC_predicted,0.25,3,3,TTCATTGGCGAAAGCCCCGC,0,5173055
yqjE_yqjK_yqjD_yqjC_predicted,0.25,3,3,TTCATGTCTTAGCAGGATAG,0,5252399
yqjE_yqjK_yqjD_yqjC_predicted,0.25,3,3,TTCATCTGCGATCGGCCTTA,0,5228893
yqjE_yqjK_yqjD_yqjC_predicted,0.25,3,3,TTCATAGAAATAGCCTGTGA,0,5243339
yqjE_yqjK_yqjD_yqjC_predicted,0.25,3,3,TTCAGTAGCGTTTTACGGCC,0,5217916
yqjE_yqjK_yqjD_yqjC_predicted,0.25,3,3,TTCAGGCCGGCTGCACGTGC,0,5223419
yqjE_yqjK_yqjD_yqjC_predicted,0.25,3,3,TTCAGCACTTTGTGGGCTGG,0,5254811
yqjE_yqjK_yqjD_yqjC_predicted,0.25,3,3,TTCACGCACTAATAAAAACA,0,5252561
yqjE_yqjK_yqjD_yqjC_predicted,0.25,3,3,TTCAATGGGTTTAGGGACTT,0,5238150
yqjE_yqjK_yqjD_yqjC_predicted,0.25,3,3,TTATGTCACCAATGAGAAAT,0,5257021
yqjE_yqjK_yqjD_yqjC_predicted,0.25,3,3,TTATGGAGGCCTGGTAAACA,0,5171739
yqjE_yqjK_yqjD_yqjC_predicted,0.25,3,3,TTATGAGTCGAGAATATGCG,0,5221246
yqjE_yqjK_yqjD_yqjC_predicted,0.25,3,3,TTATGAAGGACACAGGAATA,0,5203258
yqjE_yqjK_yqjD_yqjC_predicted,0.25,3,3,TTATCGGTATCGAGGTGCCA,0,5224978
yqjE_yqjK_yqjD_yqjC_predicted,0.25,3,3,TTATAAGTATCGCGAATGGC,0,5181159
yqjE_yqjK_yqjD_yqjC_predicted,0.25,3,3,TTATAACGACCTTCCATGCA,0,5208522
yqjE_yqjK_yqjD_yqjC_predicted,0.25,3,3,TTATAAAGCAAATGGGTGTC,0,5245804
yqjE_yqjK_yqjD_yqjC_predicted,0.25,3,3,TTATAAACCAGATTTACCCC,0,5234175
yqjE_yqjK_yqjD_yqjC_predicted,0.25,3,3,TTAGTTTTTAAAAGACTAAG,0,5224284
yqjE_yqjK_yqjD_yqjC_predicted,0.25,3,3,TTAGTCGTACTTTCGAAGAG,0,5213205
yqjE_yqjK_yqjD_yqjC_predicted,0.25,3,3,TTAGGCGAGGGCCATCTAGT,0,5218651
yqjE_yqjK_yqjD_yqjC_predicted,0.25,3,3,TTAGCCATTTACGCCGTACT,0,5183039
yqjE_yqjK_yqjD_yqjC_predicted,0.25,3,3,TTAGCACCGCTCCGCGTTTG,0,5217461
yqjE_yqjK_yqjD_yqjC_predicted,0.25,3,3,TTAGAAACTTGTGAATGTCT,0,5248238
yqjE_yqjK_yqjD_yqjC_predicted,0.25,3,3,TTACTTCTATTCTTTCGATA,0,5247831
yqjE_yqjK_yqjD_yqjC_predicted,0.25,3,3,TTACTGTGGATAGCGCAGTT,0,5187255
yqjE_yqjK_yqjD_yqjC_predicted,0.25,3,3,TTACCACCTAGATGTTAATA,0,5178263
yqjE_yqjK_yqjD_yqjC_predicted,0.25,3,3,TTACAGGATACTCTCATATA,0,5187104
yqjE_yqjK_yqjD_yqjC_predicted,0.25,3,3,TTACAGAAAATTTTGCAACC,0,5231691
yqjE_yqjK_yqjD_yqjC_predicted,0.25,3,3,TTACACGGTGGATGCAGAGG,0,5214312
yqjE_yqjK_yqjD_yqjC_predicted,0.25,3,3,TTACACAAGATTAAGGGCTG,0,5239445
yqjE_yqjK_yqjD_yqjC_predicted,0.25,3,3,TTAATCGGTTCATTGAATTA,0,5180647
yqjE_yqjK_yqjD_yqjC_predicted,0.25,3,3,TTAATCCCTCGACAATACTA,0,5197858
yqjE_yqjK_yqjD_yqjC_predicted,0.25,3,3,TTAAGGTCTCCGGGTAAAAA,0,5221528
yqjE_yqjK_yqjD_yqjC_predicted,0.25,3,3,TTAAGCTGCGGGTCGGCTGT,0,5177839
yqjE_yqjK_yqjD_yqjC_predicted,0.25,3,3,TTAAGCACGGTGTTATCATG,0,5171938
yqjE_yqjK_yqjD_yqjC_predicted,0.25,3,3,TTAACTAGAGGCATGTCGAT,0,5201177
yqjE_yqjK_yqjD_yqjC_predicted,0.25,3,3,TTAAAGTCATATAGTCACTT,0,5197032
yqjE_yqjK_yqjD_yqjC_predicted,0.25,3,3,TGTTTTATCTCCTTCTCGTA,0,5199944
yqjE_yqjK_yqjD_yqjC_predicted,0.25,3,3,TGTTTTAGGTGAACCGTTAT,0,5216495
yqjE_yqjK_yqjD_yqjC_predicted,0.25,3,3,TGTTTGGGTAGAACCTCGAT,0,5259954
yqjE_yqjK_yqjD_yqjC_predicted,0.25,3,3,TGTTTAATCCTGAGGCCAGC,0,5262219
yqjE_yqjK_yqjD_yqjC_predicted,0.25,3,3,TGTTGCTTCGGCTAAGATGG,0,5174657
yqjE_yqjK_yqjD_yqjC_predicted,0.25,3,3,TGTTGCCTGTTTGCCTTAAT,0,5193651
yqjE_yqjK_yqjD_yqjC_predicted,0.25,3,3,TGTTGATAGCAGGTTCCGAT,0,5179371
yqjE_yqjK_yqjD_yqjC_predicted,0.25,3,3,TGTTCGCCGCGCCCGGAGCT,0,5242190
yqjE_yqjK_yqjD_yqjC_predicted,0.25,3,3,TGTTAATCCCCAATCGTACA,0,5201484
yqjE_yqjK_yqjD_yqjC_predicted,0.25,3,3,TGTGTCGAAATTCCCCGTCT,0,5247485
yqjE_yqjK_yqjD_yqjC_predicted,0.25,3,3,TGTGTCCAGACTTATAGGCA,0,5245991
yqjE_yqjK_yqjD_yqjC_predicted,0.25,3,3,TGTGTAGAAATGTGCGATTT,0,5226058
yqjE_yqjK_yqjD_yqjC_predicted,0.25,3,3,TGTGTAATCCGCTCTTATAC,0,5258581
yqjE_yqjK_yqjD_yqjC_predicted,0.25,3,3,TGTGGTTGCCATAACGCCGG,0,5203003
yqjE_yqjK_yqjD_yqjC_predicted,0.25,3,3,TGTGGCCGGAATGCGGCCAA,0,5215293
yqjE_yqjK_yqjD_yqjC_predicted,0.25,3,3,TGTCTATAGGAATACACGTC,0,5250163
yqjE_yqjK_yqjD_yqjC_predicted,0.25,3,3,TGTCCTGTTAGATCGCTAAG,0,5242050
yqjE_yqjK_yqjD_yqjC_predicted,0.25,3,3,TGTCCGACGCGGCGCCTAAT,0,5234233
yqjE_yqjK_yqjD_yqjC_predicted,0.25,3,3,TGTCATACTACATTTGGCTA,0,5225895
yqjE_yqjK_yqjD_yqjC_predicted,0.25,3,3,TGTATTTAGGACCGCGTAAA,0,5226463
yqjE_yqjK_yqjD_yqjC_predicted,0.25,3,3,TGTAGTTCCGCTCGTTAAAT,0,5175896
yqjE_yqjK_yqjD_yqjC_predicted,0.25,3,3,TGTAGGCTCAGACGAATATC,0,5250674
yqjE_yqjK_yqjD_yqjC_predicted,0.25,3,3,TGTAGAGCTGAAATCTACTT,0,5179064
yqjE_yqjK_yqjD_yqjC_predicted,0.25,3,3,TGTAGACTAAGAGGTCCCTT,0,5208441
yqjE_yqjK_yqjD_yqjC_predicted,0.25,3,3,TGTACTGCGAGGTCCACTAC,0,5184315
yqjE_yqjK_yqjD_yqjC_predicted,0.25,3,3,TGTAACTGTGGTGCTTATTT,0,5203581
yqjE_yqjK_yqjD_yqjC_predicted,0.25,3,3,TGTAAACCCTGTATTTACAG,0,5172948
yqjE_yqjK_yqjD_yqjC_predicted,0.25,3,3,TGGTTGTAACTACAGGTGAT,0,5192888
yqjE_yqjK_yqjD_yqjC_predicted,0.25,3,3,TGGTTATAAGACGCTGTTTG,0,5255823
yqjE_yqjK_yqjD_yqjC_predicted,0.25,3,3,TGGTGGCCCTTCGAACAGAT,0,5248952
yqjE_yqjK_yqjD_yqjC_predicted,0.25,3,3,TGGTGGAACATGTATCGTCT,0,5182508
yqjE_yqjK_yqjD_yqjC_predicted,0.25,3,3,TGGTGGAAACGGATGAGCGC,0,5180885
yqjE_yqjK_yqjD_yqjC_predicted,0.25,3,3,TGGTGCGGATCGACACTTCT,0,5204883
yqjE_yqjK_yqjD_yqjC_predicted,0.25,3,3,TGGTCTGTCACTATATTTAA,0,5248012
yqjE_yqjK_yqjD_yqjC_predicted,0.25,3,3,TGGTATGCCCGCAGCGTAGT,0,5188272
yqjE_yqjK_yqjD_yqjC_predicted,0.25,3,3,TGGTACACGCTGGACGCTGA,0,5174926
yqjE_yqjK_yqjD_yqjC_predicted,0.25,3,3,TGGTACACGCAGCGCGATCC,0,5227515
yqjE_yqjK_yqjD_yqjC_predicted,0.25,3,3,TGGGCTGTAGGGATTTCGGG,0,5253232
yqjE_yqjK_yqjD_yqjC_predicted,0.25,3,3,TGGGAAGGGTGGCGATCGCA,0,5223872
yqjE_yqjK_yqjD_yqjC_predicted,0.25,3,3,TGGGAAGGGTCGTTAAACCT,0,5215574
yqjE_yqjK_yqjD_yqjC_predicted,0.25,3,3,TGGGAACCTATAGATCCTCA,0,5181879
yqjE_yqjK_yqjD_yqjC_predicted,0.25,3,3,TGGCTTGAGCTGGAACGTCC,0,5180632
yqjE_yqjK_yqjD_yqjC_predicted,0.25,3,3,TGGCTAACACGAGGCTGCGC,0,5223981
yqjE_yqjK_yqjD_yqjC_predicted,0.25,3,3,TGGCCTGGAGGCAGGACAAT,0,5248123
yqjE_yqjK_yqjD_yqjC_predicted,0.25,3,3,TGGCCGATCCCCAGCCAACG,0,5233656
yqjE_yqjK_yqjD_yqjC_predicted,0.25,3,3,TGGCCATGAGTTGGTCAACC,0,5244430
yqjE_yqjK_yqjD_yqjC_predicted,0.25,3,3,TGGCACTTTCCTCGACCTTT,0,5246239
yqjE_yqjK_yqjD_yqjC_predicted,0.25,3,3,TGGCACTTGAATTTCGCGTT,0,5193278
yqjE_yqjK_yqjD_yqjC_predicted,0.25,3,3,TGGACCCTTGGTGGATAACC,0,5199855
yqjE_yqjK_yqjD_yqjC_predicted,0.25,3,3,TGCTGTGTTGATCGGTATTC,0,5179353
yqjE_yqjK_yqjD_yqjC_predicted,0.25,3,3,TGCTGGATAAAAGATTGCGA,0,5174114
yqjE_yqjK_yqjD_yqjC_predicted,0.25,3,3,TGCTGCGGACAACGGACTAA,0,5256758
yqjE_yqjK_yqjD_yqjC_predicted,0.25,3,3,TGCTCGTTGATTGATCGTAA,0,5190715
yqjE_yqjK_yqjD_yqjC_predicted,0.25,3,3,TGCTCGTACCATTGGACAAG,0,5240828
yqjE_yqjK_yqjD_yqjC_predicted,0.25,3,3,TGCTCGGGGATTAACGTGAG,0,5212013
yqjE_yqjK_yqjD_yqjC_predicted,0.25,3,3,TGCTCAGCGGGCCTGACCGA,0,5244444
yqjE_yqjK_yqjD_yqjC_predicted,0.25,3,3,TGCTAGTGCCGACGGCAAAG,0,5232508
yqjE_yqjK_yqjD_yqjC_predicted,0.25,3,3,TGCTAACCGCTTCATTATCC,0,5245115
yqjE_yqjK_yqjD_yqjC_predicted,0.25,3,3,TGCGTTTGGGGAGTCAACGG,0,5209655
yqjE_yqjK_yqjD_yqjC_predicted,0.25,3,3,TGCGTGTATGAATTCGTACT,0,5190677
yqjE_yqjK_yqjD_yqjC_predicted,0.25,3,3,TGCGTCTGTGTCGTGAGTTA,0,5242260
yqjE_yqjK_yqjD_yqjC_predicted,0.25,3,3,TGCGGCAGATCAGATTTCTC,0,5226819
yqjE_yqjK_yqjD_yqjC_predicted,0.25,3,3,TGCGCAAGCTGCTAATCGGT,0,5248912
yqjE_yqjK_yqjD_yqjC_predicted,0.25,3,3,TGCGAAGACATAAAATTATC,0,5238601
yqjE_yqjK_yqjD_yqjC_predicted,0.25,3,3,TGCGAAGAAGAATATTTATC,0,5181497
yqjE_yqjK_yqjD_yqjC_predicted,0.25,3,3,TGCCTGGTGGTCGTAGCAAT,0,5212266
yqjE_yqjK_yqjD_yqjC_predicted,0.25,3,3,TGCCTATTTCAGTCAGCCTG,0,5214940
yqjE_yqjK_yqjD_yqjC_predicted,0.25,3,3,TGCCGGATAGCGCTTGGTAC,0,5214211
yqjE_yqjK_yqjD_yqjC_predicted,0.25,3,3,TGCCAGTTCTTGCAGTCCGA,0,5171084
yqjE_yqjK_yqjD_yqjC_predicted,0.25,3,3,TGCCACCCAATTCAGTCTAT,0,5187946
yqjE_yqjK_yqjD_yqjC_predicted,0.25,3,3,TGCATCATCGCGAGCAAGTA,0,5225591
yqjE_yqjK_yqjD_yqjC_predicted,0.25,3,3,TGCACGAAGTGGGGCGGTTA,0,5198752
yqjE_yqjK_yqjD_yqjC_predicted,0.25,3,3,TGCAATGATAAGTAATTGAC,0,5201103
yqjE_yqjK_yqjD_yqjC_predicted,0.25,3,3,TGCAAGAAACAAAGCACGGT,0,5247769
yqjE_yqjK_yqjD_yqjC_predicted,0.25,3,3,TGATGCGCGGCTTACGTAAT,0,5179708
yqjE_yqjK_yqjD_yqjC_predicted,0.25,3,3,TGATGAGGGTCCTCGCCCAG,0,5193531
yqjE_yqjK_yqjD_yqjC_predicted,0.25,3,3,TGATAACGTGGGTTTTCAGG,0,5208501
yqjE_yqjK_yqjD_yqjC_predicted,0.25,3,3,TGAGGTGATATCTCAACAGC,0,5179224
yqjE_yqjK_yqjD_yqjC_predicted,0.25,3,3,TGAGCCTTTGCGCCTTGCTG,0,5182180
yqjE_yqjK_yqjD_yqjC_predicted,0.25,3,3,TGAGCAAGAAAGGGAGGGTT,0,5224870
yqjE_yqjK_yqjD_yqjC_predicted,0.25,3,3,TGAGACAGTTTTTGGGAGAA,0,5212305
yqjE_yqjK_yqjD_yqjC_predicted,0.25,3,3,TGACTGGTGGCCGCACACCG,0,5208642
yqjE_yqjK_yqjD_yqjC_predicted,0.25,3,3,TGACCTCCCGAAACGCGTGA,0,5174980
yqjE_yqjK_yqjD_yqjC_predicted,0.25,3,3,TGAAGTAGTAAGCATAGCAT,0,5256969
yqjE_yqjK_yqjD_yqjC_predicted,0.25,3,3,TGAAGGTAGGAGGGCATGCT,0,5200789
yqjE_yqjK_yqjD_yqjC_predicted,0.25,3,3,TGAAGGCGATCTGGAACAAA,0,5213230
yqjE_yqjK_yqjD_yqjC_predicted,0.25,3,3,TGAAAGATTTGTTCATGGGT,0,5210844
yqjE_yqjK_yqjD_yqjC_predicted,0.25,3,3,TGAAAATGAACACGCATTGA,0,5184832
yqjE_yqjK_yqjD_yqjC_predicted,0.25,3,3,TCTTTGGTCTGGCCGCTACG,0,5209549
yqjE_yqjK_yqjD_yqjC_predicted,0.25,3,3,TCTTGATTCACCCAGTGAGA,0,5189095
yqjE_yqjK_yqjD_yqjC_predicted,0.25,3,3,TCTTCGAAGGCTCAACTATA,0,5184514
yqjE_yqjK_yqjD_yqjC_predicted,0.25,3,3,TCTTATCCTGGGAGTGACTG,0,5207411
yqjE_yqjK_yqjD_yqjC_predicted,0.25,3,3,TCTTACACACGCCTACTTAT,0,5224892
yqjE_yqjK_yqjD_yqjC_predicted,0.25,3,3,TCTGTTAAGCGGGGGCAGTC,0,5204901
yqjE_yqjK_yqjD_yqjC_predicted,0.25,3,3,TCTGTAGATTTGTGCTATGA,0,5189320
yqjE_yqjK_yqjD_yqjC_predicted,0.25,3,3,TCTGGTGATACAATGGAAGG,0,5247595
yqjE_yqjK_yqjD_yqjC_predicted,0.25,3,3,TCTGGTGAATTTTGAATCTG,0,5190801
yqjE_yqjK_yqjD_yqjC_predicted,0.25,3,3,TCTGAGCCCTATATCTTCCT,0,5171704
yqjE_yqjK_yqjD_yqjC_predicted,0.25,3,3,TCTCTTATGACGCGATATAA,0,5229180
yqjE_yqjK_yqjD_yqjC_predicted,0.25,3,3,TCTCGTCGTTGCAGAGGGGT,0,5217597
yqjE_yqjK_yqjD_yqjC_predicted,0.25,3,3,TCTCGGGGGGTGGTCTACGT,0,5253204
yqjE_yqjK_yqjD_yqjC_predicted,0.25,3,3,TCTCGGGCAACGTGTGCAAG,0,5257854
yqjE_yqjK_yqjD_yqjC_predicted,0.25,3,3,TCTCGATTGCACGCTTTTAA,0,5178141
yqjE_yqjK_yqjD_yqjC_predicted,0.25,3,3,TCTCCTGTTACGCCATTCAC,0,5192748
yqjE_yqjK_yqjD_yqjC_predicted,0.25,3,3,TCTCAGGGGATCGATGAAGT,0,5175233
yqjE_yqjK_yqjD_yqjC_predicted,0.25,3,3,TCTATAGGTGAGTTCCTTCA,0,5199441
yqjE_yqjK_yqjD_yqjC_predicted,0.25,3,3,TCTAGTGTGGTTCTACTTCA,0,5173690
yqjE_yqjK_yqjD_yqjC_predicted,0.25,3,3,TCTAGGTTGAACAGCCTTTG,0,5217245
yqjE_yqjK_yqjD_yqjC_predicted,0.25,3,3,TCTACTTAGTTTTCTACTGC,0,5204357
yqjE_yqjK_yqjD_yqjC_predicted,0.25,3,3,TCTACGGAGCGAGGATACTC,0,5244597
yqjE_yqjK_yqjD_yqjC_predicted,0.25,3,3,TCTAATGGTTGGTCCGGGTA,0,5258298
yqjE_yqjK_yqjD_yqjC_predicted,0.25,3,3,TCTAACAATACGCAACAGAC,0,5237658
yqjE_yqjK_yqjD_yqjC_predicted,0.25,3,3,TCGTTTCAATGATGTGTTAT,0,5170971
yqjE_yqjK_yqjD_yqjC_predicted,0.25,3,3,TCGTGGTCCTGATCTTAACA,0,5180526
yqjE_yqjK_yqjD_yqjC_predicted,0.25,3,3,TCGTCCGCGCCTAGTCCCTT,0,5254310
yqjE_yqjK_yqjD_yqjC_predicted,0.25,3,3,TCGTCACTGTTGTGTAAACT,0,5249917
yqjE_yqjK_yqjD_yqjC_predicted,0.25,3,3,TCGGTGTAAAGTATGCCAAG,0,5211662
yqjE_yqjK_yqjD_yqjC_predicted,0.25,3,3,TCGGTCCCAAGCGGATTAAC,0,5241194
yqjE_yqjK_yqjD_yqjC_predicted,0.25,3,3,TCGGTATAGTCCACAGAGAC,0,5236052
yqjE_yqjK_yqjD_yqjC_predicted,0.25,3,3,TCGGTAATTTATGCTCCATG,0,5255368
yqjE_yqjK_yqjD_yqjC_predicted,0.25,3,3,TCGGGCCAGGAACTTGGTCA,0,5196940
yqjE_yqjK_yqjD_yqjC_predicted,0.25,3,3,TCGGCATTTGTCATGGGCCC,0,5200249
yqjE_yqjK_yqjD_yqjC_predicted,0.25,3,3,TCGGATATACCATTTTGGTG,0,5258588
yqjE_yqjK_yqjD_yqjC_predicted,0.25,3,3,TCGCTTTCGTCGGGTCTCGC,0,5235399
yqjE_yqjK_yqjD_yqjC_predicted,0.25,3,3,TCGCGGACAGGGGCACTTGC,0,5245414
yqjE_yqjK_yqjD_yqjC_predicted,0.25,3,3,TCGCCATAGAAGTAAATCCC,0,5206715
yqjE_yqjK_yqjD_yqjC_predicted,0.25,3,3,TCGCAAGTTAAAATCTAGGA,0,5239670
yqjE_yqjK_yqjD_yqjC_predicted,0.25,3,3,TCGATTACGAATCATTAAAT,0,5199350
yqjE_yqjK_yqjD_yqjC_predicted,0.25,3,3,TCGATGTACCGAGAGGGCGC,0,5233508
yqjE_yqjK_yqjD_yqjC_predicted,0.25,3,3,TCGATCATTTCCCATTGTGT,0,5227569
yqjE_yqjK_yqjD_yqjC_predicted,0.25,3,3,TCGAGGTCCAGGTTATTGGC,0,5177296
yqjE_yqjK_yqjD_yqjC_predicted,0.25,3,3,TCGAGCAAGATCGGAAGAAA,0,5209346
yqjE_yqjK_yqjD_yqjC_predicted,0.25,3,3,TCGACTTGTTCCAGGGCCAT,0,5241346
yqjE_yqjK_yqjD_yqjC_predicted,0.25,3,3,TCGAATTTTCAATTAATCGT,0,5192830
yqjE_yqjK_yqjD_yqjC_predicted,0.25,3,3,TCGAAGACGGACCAATAATG,0,5236051
yqjE_yqjK_yqjD_yqjC_predicted,0.25,3,3,TCCTTGTCTCGATGCATACA,0,5250373
yqjE_yqjK_yqjD_yqjC_predicted,0.25,3,3,TCCTTGGGCGCGTGCAGTAA,0,5258065
yqjE_yqjK_yqjD_yqjC_predicted,0.25,3,3,TCCTTGAGGACAACGACTAA,0,5238720
yqjE_yqjK_yqjD_yqjC_predicted,0.25,3,3,TCCTTCCTACGAAACTTGAT,0,5176275
yqjE_yqjK_yqjD_yqjC_predicted,0.25,3,3,TCCTCTGTCCATTTGTTCTT,0,5244277
yqjE_yqjK_yqjD_yqjC_predicted,0.25,3,3,TCCTCTCCACATGAATGACT,0,5194387
yqjE_yqjK_yqjD_yqjC_predicted,0.25,3,3,TCCTCAATATACGTTCCCAA,0,5260249
yqjE_yqjK_yqjD_yqjC_predicted,0.25,3,3,TCCTCAATAACGTACTGCTT,0,5234583
yqjE_yqjK_yqjD_yqjC_predicted,0.25,3,3,TCCTAGGTATATCCAGTCAC,0,5182360
yqjE_yqjK_yqjD_yqjC_predicted,0.25,3,3,TCCGGCTTCATCTTAGTCTT,0,5222624
yqjE_yqjK_yqjD_yqjC_predicted,0.25,3,3,TCCGGCGTCGAAGAGCGTGC,0,5177334
yqjE_yqjK_yqjD_yqjC_predicted,0.25,3,3,TCCGCGCTATATATCGAGCA,0,5172039
yqjE_yqjK_yqjD_yqjC_predicted,0.25,3,3,TCCGATCTCGGTGCAGAGGA,0,5228555
yqjE_yqjK_yqjD_yqjC_predicted,0.25,3,3,TCCGATAAACCGCCACGTCA,0,5231062
yqjE_yqjK_yqjD_yqjC_predicted,0.25,3,3,TCCCTCTATGGTTCGATTAG,0,5228120
yqjE_yqjK_yqjD_yqjC_predicted,0.25,3,3,TCCCGGCACTATGAGCTACA,0,5239272
yqjE_yqjK_yqjD_yqjC_predicted,0.25,3,3,TCCCATGGGATTAACCAATT,0,5227741
yqjE_yqjK_yqjD_yqjC_predicted,0.25,3,3,TCCCAGCCCACAAGTTAGTT,0,5240586
yqjE_yqjK_yqjD_yqjC_predicted,0.25,3,3,TCCATTGCGTCCGGTACTGG,0,5216449
yqjE_yqjK_yqjD_yqjC_predicted,0.25,3,3,TCCATTGATTCTCAACAGCA,0,5236981
yqjE_yqjK_yqjD_yqjC_predicted,0.25,3,3,TCCAGGCTTCCATTTAGGCC,0,5185016
yqjE_yqjK_yqjD_yqjC_predicted,0.25,3,3,TCCAGGAGTTGGATCCATGC,0,5196720
yqjE_yqjK_yqjD_yqjC_predicted,0.25,3,3,TCCACCCTACAGTAACAAGG,0,5197718
yqjE_yqjK_yqjD_yqjC_predicted,0.25,3,3,TCATTAGGTTCAAAAGCAAT,0,5238203
yqjE_yqjK_yqjD_yqjC_predicted,0.25,3,3,TCATGCGTAAAGTAGGCATA,0,5188430
yqjE_yqjK_yqjD_yqjC_predicted,0.25,3,3,TCATCTTTCATGCAGACCGG,0,5242606
yqjE_yqjK_yqjD_yqjC_predicted,0.25,3,3,TCATCACGTCTCCACTGGTA,0,5172737
yqjE_yqjK_yqjD_yqjC_predicted,0.25,3,3,TCATACACTTTAGACCCCCA,0,5184057
yqjE_yqjK_yqjD_yqjC_predicted,0.25,3,3,TCAGGTAACACGTTGTAACA,0,5245657
yqjE_yqjK_yqjD_yqjC_predicted,0.25,3,3,TCAGGGTTTACCTCTGGCGT,0,5179378
yqjE_yqjK_yqjD_yqjC_predicted,0.25,3,3,TCAGGCGTTGCATGTAGCAG,0,5199223
yqjE_yqjK_yqjD_yqjC_predicted,0.25,3,3,TCAGGATGCAAGGACGCCGA,0,5241607
yqjE_yqjK_yqjD_yqjC_predicted,0.25,3,3,TCAGGACGGGTACGAGGATT,0,5255238
yqjE_yqjK_yqjD_yqjC_predicted,0.25,3,3,TCAGCCCATCGGCCGAGTAT,0,5216324
yqjE_yqjK_yqjD_yqjC_predicted,0.25,3,3,TCAGCCATGGTCGATATCTG,0,5232482
yqjE_yqjK_yqjD_yqjC_predicted,0.25,3,3,TCAGATTGCTGGACAGGGAA,0,5253560
yqjE_yqjK_yqjD_yqjC_predicted,0.25,3,3,TCACTGTGGGCCGGATAAGA,0,5217603
yqjE_yqjK_yqjD_yqjC_predicted,0.25,3,3,TCACTCTCAGTAAGCCAGAC,0,5217855
yqjE_yqjK_yqjD_yqjC_predicted,0.25,3,3,TCACGTCTTGAGTCGTTGGC,0,5213413
yqjE_yqjK_yqjD_yqjC_predicted,0.25,3,3,TCACCGGAAACATACGTGGG,0,5192964
yqjE_yqjK_yqjD_yqjC_predicted,0.25,3,3,TCACCAACGATGAAGTCGAG,0,5252067
yqjE_yqjK_yqjD_yqjC_predicted,0.25,3,3,TCACAGCTAGCTTAACGAGT,0,5199004
yqjE_yqjK_yqjD_yqjC_predicted,0.25,3,3,TCACAAAGTCTATATCATTT,0,5236329
yqjE_yqjK_yqjD_yqjC_predicted,0.25,3,3,TCAATGTTAAATTTAAACAT,0,5184147
yqjE_yqjK_yqjD_yqjC_predicted,0.25,3,3,TCAATGCGCTTAGAGGTAAC,0,5238671
yqjE_yqjK_yqjD_yqjC_predicted,0.25,3,3,TCAATGAGTTTGAGAGTACC,0,5206358
yqjE_yqjK_yqjD_yqjC_predicted,0.25,3,3,TCAAACACTTAGAGCTCGCA,0,5184892
yqjE_yqjK_yqjD_yqjC_predicted,0.25,3,3,TATTTCTTATGTCGTTATAG,0,5197248
yqjE_yqjK_yqjD_yqjC_predicted,0.25,3,3,TATTGAAAAGAGGAGTGGTT,0,5241887
yqjE_yqjK_yqjD_yqjC_predicted,0.25,3,3,TATTCTGAGGACCGTGGAAA,0,5224239
yqjE_yqjK_yqjD_yqjC_predicted,0.25,3,3,TATTACTTTGTTGGTGACAT,0,5209406
yqjE_yqjK_yqjD_yqjC_predicted,0.25,3,3,TATTACTGGCGCCTTCGACA,0,5238862
yqjE_yqjK_yqjD_yqjC_predicted,0.25,3,3,TATTACGAGGTCAAGTGTGG,0,5209088
yqjE_yqjK_yqjD_yqjC_predicted,0.25,3,3,TATGGCTTGGACCTAATGAT,0,5199705
yqjE_yqjK_yqjD_yqjC_predicted,0.25,3,3,TATGGCACTCAAAATCATTG,0,5193548
yqjE_yqjK_yqjD_yqjC_predicted,0.25,3,3,TATGCTACAAATGGTCGCGA,0,5224094
yqjE_yqjK_yqjD_yqjC_predicted,0.25,3,3,TATGATTAAGACGAATCGAT,0,5257309
yqjE_yqjK_yqjD_yqjC_predicted,0.25,3,3,TATGACGGGGCATGCGAGAG,0,5235946
yqjE_yqjK_yqjD_yqjC_predicted,0.25,3,3,TATCTGGTGCCGACATTTCG,0,5187106
yqjE_yqjK_yqjD_yqjC_predicted,0.25,3,3,TATCTATCTCCGGCCCAATA,0,5172815
yqjE_yqjK_yqjD_yqjC_predicted,0.25,3,3,TATCTACATACCGGTTGGCT,0,5176688
yqjE_yqjK_yqjD_yqjC_predicted,0.25,3,3,TATCGTTGGACGTACCCACA,0,5247706
yqjE_yqjK_yqjD_yqjC_predicted,0.25,3,3,TATCGACGTCGGTGTTCAGG,0,5225197
yqjE_yqjK_yqjD_yqjC_predicted,0.25,3,3,TATCGAAACGGCCACGCTGT,0,5210005
yqjE_yqjK_yqjD_yqjC_predicted,0.25,3,3,TATCCGCGTCCGGAGGCATT,0,5259791
yqjE_yqjK_yqjD_yqjC_predicted,0.25,3,3,TATCAGGGTGGATACACAAC,0,5239719
yqjE_yqjK_yqjD_yqjC_predicted,0.25,3,3,TATCAATCCGTAAACAGTCG,0,5257390
yqjE_yqjK_yqjD_yqjC_predicted,0.25,3,3,TATAGCGGACCTCGGCACGC,0,5184944
yqjE_yqjK_yqjD_yqjC_predicted,0.25,3,3,TATACATAGGACCTAGAGAG,0,5202164
yqjE_yqjK_yqjD_yqjC_predicted,0.25,3,3,TAGTGGCTCTGTTCCGACAC,0,5189101
yqjE_yqjK_yqjD_yqjC_predicted,0.25,3,3,TAGGTGGTAGACAGATCTCA,0,5203981
yqjE_yqjK_yqjD_yqjC_predicted,0.25,3,3,TAGGTGCACGGACGGCAGGT,0,5179740
yqjE_yqjK_yqjD_yqjC_predicted,0.25,3,3,TAGGTATCTCACGCCAACGT,0,5240588
yqjE_yqjK_yqjD_yqjC_predicted,0.25,3,3,TAGGGTACGGGGTTTCAACA,0,5202629
yqjE_yqjK_yqjD_yqjC_predicted,0.25,3,3,TAGGGGATGAGCAGACAGGT,0,5179783
yqjE_yqjK_yqjD_yqjC_predicted,0.25,3,3,TAGGGCGCGCTTTGGCAGGT,0,5201252
yqjE_yqjK_yqjD_yqjC_predicted,0.25,3,3,TAGGGAGACGTTCTAGTTAA,0,5203845
yqjE_yqjK_yqjD_yqjC_predicted,0.25,3,3,TAGGCTTGTATGGCTTGGCA,0,5225491
yqjE_yqjK_yqjD_yqjC_predicted,0.25,3,3,TAGGCAATGACAGAGACAGT,0,5174342
yqjE_yqjK_yqjD_yqjC_predicted,0.25,3,3,TAGGAGCAACCTTCCATGAA,0,5216010
yqjE_yqjK_yqjD_yqjC_predicted,0.25,3,3,TAGGAGACTGGGCGCAATAC,0,5234680
yqjE_yqjK_yqjD_yqjC_predicted,0.25,3,3,TAGCTTTTATTTCCAAAAAT,0,5185383
yqjE_yqjK_yqjD_yqjC_predicted,0.25,3,3,TAGCTGGCAATACACAAACA,0,5197570
yqjE_yqjK_yqjD_yqjC_predicted,0.25,3,3,TAGCTGGAGATGATCTGGAA,0,5252226
yqjE_yqjK_yqjD_yqjC_predicted,0.25,3,3,TAGCTCCATTTCAAGAAGTT,0,5257574
yqjE_yqjK_yqjD_yqjC_predicted,0.25,3,3,TAGCCTAGGATACGGTCTAT,0,5243046
yqjE_yqjK_yqjD_yqjC_predicted,0.25,3,3,TAGCATCATCCGTTCAGCAA,0,5256188
yqjE_yqjK_yqjD_yqjC_predicted,0.25,3,3,TAGCACTAGGTATGCCGCGC,0,5228496
yqjE_yqjK_yqjD_yqjC_predicted,0.25,3,3,TAGCAAAAGTGCACCGCTCC,0,5173582
yqjE_yqjK_yqjD_yqjC_predicted,0.25,3,3,TAGATTCGTCAATTAATGCA,0,5257106
yqjE_yqjK_yqjD_yqjC_predicted,0.25,3,3,TAGAGCTAAGCCTTCGAGCT,0,5201698
yqjE_yqjK_yqjD_yqjC_predicted,0.25,3,3,TAGAGCGTGAAGCGTACATT,0,5186659
yqjE_yqjK_yqjD_yqjC_predicted,0.25,3,3,TAGACCGTTGCAGCTCGGGG,0,5177283
yqjE_yqjK_yqjD_yqjC_predicted,0.25,3,3,TAGACACTAGCCAACGAGGA,0,5181910
yqjE_yqjK_yqjD_yqjC_predicted,0.25,3,3,TACTTCTATCCAGTATCGCT,0,5201535
yqjE_yqjK_yqjD_yqjC_predicted,0.25,3,3,TACTGTTTGCTCCCCCGCTT,0,5256523
yqjE_yqjK_yqjD_yqjC_predicted,0.25,3,3,TACTGCTGAAACTATCTTTT,0,5201711
yqjE_yqjK_yqjD_yqjC_predicted,0.25,3,3,TACTCTGTGAATCCAAGCGT,0,5200964
yqjE_yqjK_yqjD_yqjC_predicted,0.25,3,3,TACTCTCCGGCGGAGTAAAT,0,5211286
yqjE_yqjK_yqjD_yqjC_predicted,0.25,3,3,TACTCGCGCCGTTTTTTGCG,0,5249398
yqjE_yqjK_yqjD_yqjC_predicted,0.25,3,3,TACTCCTGAGAGAATGGCTA,0,5218648
yqjE_yqjK_yqjD_yqjC_predicted,0.25,3,3,TACTATCGTAAAGTCGGGAA,0,5188870
yqjE_yqjK_yqjD_yqjC_predicted,0.25,3,3,TACGGTCGGAAGTCTGGTCT,0,5171907
yqjE_yqjK_yqjD_yqjC_predicted,0.25,3,3,TACGCTTTTTTTTACGTTTA,0,5203368
yqjE_yqjK_yqjD_yqjC_predicted,0.25,3,3,TACGCGGTTTCGTTCCAAAT,0,5213118
yqjE_yqjK_yqjD_yqjC_predicted,0.25,3,3,TACGCAAGCTGTTCTAGCGG,0,5251608
yqjE_yqjK_yqjD_yqjC_predicted,0.25,3,3,TACGATCAGGCAGTTGCTTA,0,5215562
yqjE_yqjK_yqjD_yqjC_predicted,0.25,3,3,TACGATCACATGGCAGCGTT,0,5191192
yqjE_yqjK_yqjD_yqjC_predicted,0.25,3,3,TACCGTCCTCAGTTGTAGAG,0,5258996
yqjE_yqjK_yqjD_yqjC_predicted,0.25,3,3,TACCCCCTCACCGCGTGCTG,0,5240949
yqjE_yqjK_yqjD_yqjC_predicted,0.25,3,3,TACCATTCTTTCAAACTGCC,0,5244212
yqjE_yqjK_yqjD_yqjC_predicted,0.25,3,3,TACCACAGTGGATGTTTTTG,0,5217773
yqjE_yqjK_yqjD_yqjC_predicted,0.25,3,3,TACATAGATATAGTCGTGGA,0,5242798
yqjE_yqjK_yqjD_yqjC_predicted,0.25,3,3,TACAAGTTGTTGCGATAATT,0,5216980
yqjE_yqjK_yqjD_yqjC_predicted,0.25,3,3,TAATTTTCTCTCGAGGGGCG,0,5244859
yqjE_yqjK_yqjD_yqjC_predicted,0.25,3,3,TAATTCTGCATGGCCTATTA,0,5189135
yqjE_yqjK_yqjD_yqjC_predicted,0.25,3,3,TAATTCAACGCGTAAATGAT,0,5191874
yqjE_yqjK_yqjD_yqjC_predicted,0.25,3,3,TAATTAGTATCTTCGTTGAT,0,5216559
yqjE_yqjK_yqjD_yqjC_predicted,0.25,3,3,TAATTAGCCACCCACGCACA,0,5237268
yqjE_yqjK_yqjD_yqjC_predicted,0.25,3,3,TAATACTGGCTAGAGGCAGA,0,5207545
yqjE_yqjK_yqjD_yqjC_predicted,0.25,3,3,TAAGTTCACGAATTTGCAAA,0,5251866
yqjE_yqjK_yqjD_yqjC_predicted,0.25,3,3,TAAGTCCACAGGTCTCGGGC,0,5200160
yqjE_yqjK_yqjD_yqjC_predicted,0.25,3,3,TAAGAATTTTCAGCTTTCAT,0,5183282
yqjE_yqjK_yqjD_yqjC_predicted,0.25,3,3,TAACTGCTATCCGAGTATCC,0,5172326
yqjE_yqjK_yqjD_yqjC_predicted,0.25,3,3,TAACCTACATAAAACGCCCG,0,5258187
yqjE_yqjK_yqjD_yqjC_predicted,0.25,3,3,TAAAGTAGCAGTATCCCCTT,0,5176954
yqjE_yqjK_yqjD_yqjC_predicted,0.25,3,3,TAAAGCCGCGAAATTGCATT,0,5241432
yqjE_yqjK_yqjD_yqjC_predicted,0.25,3,3,GTTTGTACATGAAATATAGC,0,5257932
yqjE_yqjK_yqjD_yqjC_predicted,0.25,3,3,GTTTGCACGTTCTATTGAGA,0,5188276
yqjE_yqjK_yqjD_yqjC_predicted,0.25,3,3,GTTTGATAAGGAGCGATATA,0,5250853
yqjE_yqjK_yqjD_yqjC_predicted,0.25,3,3,GTTTCTTGTTTGAGTGGCCA,0,5227577
yqjE_yqjK_yqjD_yqjC_predicted,0.25,3,3,GTTTAATAGATGGCACACAC,0,5228205
yqjE_yqjK_yqjD_yqjC_predicted,0.25,3,3,GTTGTTGAGCTACTATGAGG,0,5172235
yqjE_yqjK_yqjD_yqjC_predicted,0.25,3,3,GTTGTGGGCACGCCGTCCCA,0,5245919
yqjE_yqjK_yqjD_yqjC_predicted,0.25,3,3,GTTGGTCTTTCATGACGACG,0,5203926
yqjE_yqjK_yqjD_yqjC_predicted,0.25,3,3,GTTGGCAAGCGAGACCTACA,0,5252702
yqjE_yqjK_yqjD_yqjC_predicted,0.25,3,3,GTTCGTTCATATGGACCAAC,0,5214024
yqjE_yqjK_yqjD_yqjC_predicted,0.25,3,3,GTTCGGACCCTCCTCGCACA,0,5188583
yqjE_yqjK_yqjD_yqjC_predicted,0.25,3,3,GTTCCTTTTATCAGTTGGCC,0,5261496
yqjE_yqjK_yqjD_yqjC_predicted,0.25,3,3,GTTCCGTGGGTGGTCCATAA,0,5249879
yqjE_yqjK_yqjD_yqjC_predicted,0.25,3,3,GTTCCAACTGTACCGAGAGG,0,5211948
yqjE_yqjK_yqjD_yqjC_predicted,0.25,3,3,GTTCATCGAAGCACCTATCA,0,5217039
yqjE_yqjK_yqjD_yqjC_predicted,0.25,3,3,GTTATTCGGCACTCTGGCGA,0,5206762
yqjE_yqjK_yqjD_yqjC_predicted,0.25,3,3,GTTAGCCTTAATAGACCTGT,0,5259486
yqjE_yqjK_yqjD_yqjC_predicted,0.25,3,3,GTTAGAACTTGCGGCTTGGT,0,5240977
yqjE_yqjK_yqjD_yqjC_predicted,0.25,3,3,GTTACACGCTGGTGACTGAT,0,5189658
yqjE_yqjK_yqjD_yqjC_predicted,0.25,3,3,GTTAAGGTTCACCGGCCCTA,0,5232923
yqjE_yqjK_yqjD_yqjC_predicted,0.25,3,3,GTTAAAGGGCCTAAAAACTT,0,5237699
yqjE_yqjK_yqjD_yqjC_predicted,0.25,3,3,GTGTTTGTGATTTGGGTACG,0,5223973
yqjE_yqjK_yqjD_yqjC_predicted,0.25,3,3,GTGTTGGTAACCAAACACAG,0,5257240
yqjE_yqjK_yqjD_yqjC_predicted,0.25,3,3,GTGTGTAAGTTTGTCCAATA,0,5241259
yqjE_yqjK_yqjD_yqjC_predicted,0.25,3,3,GTGTGCCTTGTATTGCTGCA,0,5232354
yqjE_yqjK_yqjD_yqjC_predicted,0.25,3,3,GTGTGCACTTCCGACCCGTT,0,5230648
yqjE_yqjK_yqjD_yqjC_predicted,0.25,3,3,GTGTGAACATACTACCTGAG,0,5214996
yqjE_yqjK_yqjD_yqjC_predicted,0.25,3,3,GTGTCTCGCGTGTGGTGAGG,0,5176472
yqjE_yqjK_yqjD_yqjC_predicted,0.25,3,3,GTGTCTCACGATCGCGCGGG,0,5172807
yqjE_yqjK_yqjD_yqjC_predicted,0.25,3,3,GTGTCTATTGAAGAGAGCGC,0,5245011
yqjE_yqjK_yqjD_yqjC_predicted,0.25,3,3,GTGTCCTTCGAGTATCGACC,0,5248491
yqjE_yqjK_yqjD_yqjC_predicted,0.25,3,3,GTGGTTATTGGACCAATCGT,0,5196540
yqjE_yqjK_yqjD_yqjC_predicted,0.25,3,3,GTGGTCGGCGTTCGTTTTCC,0,5213013
yqjE_yqjK_yqjD_yqjC_predicted,0.25,3,3,GTGGTATATAGGGAACAGGC,0,5187242
yqjE_yqjK_yqjD_yqjC_predicted,0.25,3,3,GTGGGTGCTCAAACACCACC,0,5218048
yqjE_yqjK_yqjD_yqjC_predicted,0.25,3,3,GTGGGCGAGTACCGAGTTCG,0,5261738
yqjE_yqjK_yqjD_yqjC_predicted,0.25,3,3,GTGGCTGATTTTCCCGAAAA,0,5235103
yqjE_yqjK_yqjD_yqjC_predicted,0.25,3,3,GTGGCATCAATTTCATTAGA,0,5185141
yqjE_yqjK_yqjD_yqjC_predicted,0.25,3,3,GTGGATGTGGTGAAGATCTC,0,5217994
yqjE_yqjK_yqjD_yqjC_predicted,0.25,3,3,GTGGAGGCAGAGGACCAAGA,0,5252387
yqjE_yqjK_yqjD_yqjC_predicted,0.25,3,3,GTGCTTGAAACGAGGGGCAG,0,5254846
yqjE_yqjK_yqjD_yqjC_predicted,0.25,3,3,GTGCGGTTCAGGTCCTAGCA,0,5203240
yqjE_yqjK_yqjD_yqjC_predicted,0.25,3,3,GTGCGGGAATGTTAACATTA,0,5225678
yqjE_yqjK_yqjD_yqjC_predicted,0.25,3,3,GTGCCTGCTGGAGGAATAAG,0,5170810
yqjE_yqjK_yqjD_yqjC_predicted,0.25,3,3,GTGCATTAGGCGGCAATGAT,0,5189410
yqjE_yqjK_yqjD_yqjC_predicted,0.25,3,3,GTGCAGGCGGAGATAGTTAG,0,5198480
yqjE_yqjK_yqjD_yqjC_predicted,0.25,3,3,GTGCAAGATCGGGTCCGCAG,0,5172683
yqjE_yqjK_yqjD_yqjC_predicted,0.25,3,3,GTGATTTAGTAGCCTGGTAT,0,5201027
yqjE_yqjK_yqjD_yqjC_predicted,0.25,3,3,GTGATTAGGGACAGGACCGT,0,5246425
yqjE_yqjK_yqjD_yqjC_predicted,0.25,3,3,GTGAGGCTGGCCTGTCCCAC,0,5209490
yqjE_yqjK_yqjD_yqjC_predicted,0.25,3,3,GTGAGGAGCTACAACCTCCG,0,5173142
yqjE_yqjK_yqjD_yqjC_predicted,0.25,3,3,GTGAGCGAACCGGTTGGGCG,0,5242167
yqjE_yqjK_yqjD_yqjC_predicted,0.25,3,3,GTGACATTCCATAACGCAGA,0,5195829
yqjE_yqjK_yqjD_yqjC_predicted,0.25,3,3,GTGAATCTTGGCAATCCCGA,0,5228630
yqjE_yqjK_yqjD_yqjC_predicted,0.25,3,3,GTGAAGGAGATAGTTAATAA,0,5260449
yqjE_yqjK_yqjD_yqjC_predicted,0.25,3,3,GTGAAGAAACGATAGGTCAT,0,5246627
yqjE_yqjK_yqjD_yqjC_predicted,0.25,3,3,GTGAACGTCGCGTGCTGCTT,0,5188881
yqjE_yqjK_yqjD_yqjC_predicted,0.25,3,3,GTCTTGTGAACCGCGTAATA,0,5182618
yqjE_yqjK_yqjD_yqjC_predicted,0.25,3,3,GTCTTGTATCAATCATAAAG,0,5181480
yqjE_yqjK_yqjD_yqjC_predicted,0.25,3,3,GTCTGGACGACGACGCCGTC,0,5229325
yqjE_yqjK_yqjD_yqjC_predicted,0.25,3,3,GTCTCACGCGAAATAATTAA,0,5185818
yqjE_yqjK_yqjD_yqjC_predicted,0.25,3,3,GTCTAGAATAGGCCTTAAAG,0,5252770
yqjE_yqjK_yqjD_yqjC_predicted,0.25,3,3,GTCTAATGAAATGAGAACAC,0,5241060
yqjE_yqjK_yqjD_yqjC_predicted,0.25,3,3,GTCGTAATCTGTCAGATGTT,0,5247944
yqjE_yqjK_yqjD_yqjC_predicted,0.25,3,3,GTCGGGTACTCGCCAATGAT,0,5213936
yqjE_yqjK_yqjD_yqjC_predicted,0.25,3,3,GTCGGCGGGCGAGCGGTATT,0,5242272
yqjE_yqjK_yqjD_yqjC_predicted,0.25,3,3,GTCGCTGACCGATAGAGGTG,0,5189222
yqjE_yqjK_yqjD_yqjC_predicted,0.25,3,3,GTCGCGGAAACAATAACTAG,0,5199708
yqjE_yqjK_yqjD_yqjC_predicted,0.25,3,3,GTCGCCCTTCAAATATGGGG,0,5200247
yqjE_yqjK_yqjD_yqjC_predicted,0.25,3,3,GTCGCACTGCTTGAATCGTA,0,5222243
yqjE_yqjK_yqjD_yqjC_predicted,0.25,3,3,GTCCTATGACTTGTATCTGA,0,5184580
yqjE_yqjK_yqjD_yqjC_predicted,0.25,3,3,GTCCTACATTAGCGGAACTT,0,5231598
yqjE_yqjK_yqjD_yqjC_predicted,0.25,3,3,GTCCGTCACAATGTTATAAC,0,5187628
yqjE_yqjK_yqjD_yqjC_predicted,0.25,3,3,GTCCGGAAGGTGGCGTCGTC,0,5218776
yqjE_yqjK_yqjD_yqjC_predicted,0.25,3,3,GTCCGCTATGACGACACGCC,0,5171029
yqjE_yqjK_yqjD_yqjC_predicted,0.25,3,3,GTCCCTTAGAATAGTACGAG,0,5188179
yqjE_yqjK_yqjD_yqjC_predicted,0.25,3,3,GTCCCGCTGGTCTGGAGTCC,0,5185099
yqjE_yqjK_yqjD_yqjC_predicted,0.25,3,3,GTCCCCACTACTATTCGGGC,0,5221177
yqjE_yqjK_yqjD_yqjC_predicted,0.25,3,3,GTCCCAGCGGGATCAACCCA,0,5252556
yqjE_yqjK_yqjD_yqjC_predicted,0.25,3,3,GTCCCAAGAGCCTACATAAC,0,5212933
yqjE_yqjK_yqjD_yqjC_predicted,0.25,3,3,GTCCATTTGGGCATGTTTTC,0,5242344
yqjE_yqjK_yqjD_yqjC_predicted,0.25,3,3,GTCCAACACTTCGATATAGT,0,5213089
yqjE_yqjK_yqjD_yqjC_predicted,0.25,3,3,GTCATTAGAGAACCTTAGGC,0,5184063
yqjE_yqjK_yqjD_yqjC_predicted,0.25,3,3,GTCATCTCGTGGGCTAAGGA,0,5232625
yqjE_yqjK_yqjD_yqjC_predicted,0.25,3,3,GTCATCCCGGTCTATTGCTC,0,5189052
yqjE_yqjK_yqjD_yqjC_predicted,0.25,3,3,GTCACCCAAAGTTGTCGTAC,0,5210544
yqjE_yqjK_yqjD_yqjC_predicted,0.25,3,3,GTCAAAGGGCTACCAATCAA,0,5252113
yqjE_yqjK_yqjD_yqjC_predicted,0.25,3,3,GTATTGAGGATCCGCCTTCG,0,5202066
yqjE_yqjK_yqjD_yqjC_predicted,0.25,3,3,GTATTAGGTAGGTATGGGTG,0,5172907
yqjE_yqjK_yqjD_yqjC_predicted,0.25,3,3,GTATGGAGGTTTTTTCAATG,0,5238634
yqjE_yqjK_yqjD_yqjC_predicted,0.25,3,3,GTATCGGGTGAATCTCCGTT,0,5181059
yqjE_yqjK_yqjD_yqjC_predicted,0.25,3,3,GTATCCCAAGGAGGAGGGTT,0,5256878
yqjE_yqjK_yqjD_yqjC_predicted,0.25,3,3,GTATCAATCGTAAGTGATAC,0,5191502
yqjE_yqjK_yqjD_yqjC_predicted,0.25,3,3,GTATATTACGGGTTACGCGC,0,5260103
yqjE_yqjK_yqjD_yqjC_predicted,0.25,3,3,GTAGTGGAATCCTAGGCCCG,0,5259814
yqjE_yqjK_yqjD_yqjC_predicted,0.25,3,3,GTAGTCCCCGCCCGAATGAG,0,5189350
yqjE_yqjK_yqjD_yqjC_predicted,0.25,3,3,GTAGTAACTGGGGAGCTATA,0,5177386
yqjE_yqjK_yqjD_yqjC_predicted,0.25,3,3,GTAGGAGAATTTCCCTTAGT,0,5258031
yqjE_yqjK_yqjD_yqjC_predicted,0.25,3,3,GTAGCTTGTTTGCCTTCGCT,0,5244192
yqjE_yqjK_yqjD_yqjC_predicted,0.25,3,3,GTAGATAATGGGGCAGACAC,0,5233481
yqjE_yqjK_yqjD_yqjC_predicted,0.25,3,3,GTAGACTGGGGACCGATAAG,0,5255611
yqjE_yqjK_yqjD_yqjC_predicted,0.25,3,3,GTACCCTTGCTTTGTGCTGA,0,5230625
yqjE_yqjK_yqjD_yqjC_predicted,0.25,3,3,GTACCCAGAACTGTGCATCG,0,5183848
yqjE_yqjK_yqjD_yqjC_predicted,0.25,3,3,GTACAGCGTGCCGTTCACGC,0,5221343
yqjE_yqjK_yqjD_yqjC_predicted,0.25,3,3,GTAATTGTACAGCCCATGGA,0,5173880
yqjE_yqjK_yqjD_yqjC_predicted,0.25,3,3,GTAAGTAAGTTTAGCTGAAC,0,5180943
yqjE_yqjK_yqjD_yqjC_predicted,0.25,3,3,GTAAGCCGGGTTCAGGCGCG,0,5173333
yqjE_yqjK_yqjD_yqjC_predicted,0.25,3,3,GTAACGTGGCCGGCTTGGTC,0,5176483
yqjE_yqjK_yqjD_yqjC_predicted,0.25,3,3,GTAACCATCTACGCGGGTTA,0,5225313
yqjE_yqjK_yqjD_yqjC_predicted,0.25,3,3,GTAAAGTTCGAACCACGGGT,0,5197826
yqjE_yqjK_yqjD_yqjC_predicted,0.25,3,3,GTAAAGCCCAAGCGGCCCGG,0,5194359
yqjE_yqjK_yqjD_yqjC_predicted,0.25,3,3,GTAAAACCCGACGCTGGTTA,0,5189847
yqjE_yqjK_yqjD_yqjC_predicted,0.25,3,3,GGTTTGACGCGAGAGCTTCC,0,5247383
yqjE_yqjK_yqjD_yqjC_predicted,0.25,3,3,GGTTTCCAGAGTAACCGGCC,0,5254006
yqjE_yqjK_yqjD_yqjC_predicted,0.25,3,3,GGTTTATACCGGCAGACGTG,0,5190858
yqjE_yqjK_yqjD_yqjC_predicted,0.25,3,3,GGTTTAACCGGGGATGCATC,0,5260420
yqjE_yqjK_yqjD_yqjC_predicted,0.25,3,3,GGTTGCGGCCAGAGAGGAAG,0,5187967
yqjE_yqjK_yqjD_yqjC_predicted,0.25,3,3,GGTTCGTCAGTTAGCTTCGG,0,5256957
yqjE_yqjK_yqjD_yqjC_predicted,0.25,3,3,GGTTCGCCGATTGGCGCGAT,0,5233485
yqjE_yqjK_yqjD_yqjC_predicted,0.25,3,3,GGTTCATGCGTGGCATACCG,0,5212050
yqjE_yqjK_yqjD_yqjC_predicted,0.25,3,3,GGTTCAGCATCCCCCATTGC,0,5194060
yqjE_yqjK_yqjD_yqjC_predicted,0.25,3,3,GGTTAGGTAGATGTCCACGG,0,5253218
yqjE_yqjK_yqjD_yqjC_predicted,0.25,3,3,GGTTACATGTCGGATCCCTA,0,5235359
yqjE_yqjK_yqjD_yqjC_predicted,0.25,3,3,GGTGTGCTGCGGTCGCAGTC,0,5206590
yqjE_yqjK_yqjD_yqjC_predicted,0.25,3,3,GGTGTATCATGCTGGCATAT,0,5208781
yqjE_yqjK_yqjD_yqjC_predicted,0.25,3,3,GGTGTAGCTCTCCCTGGCAG,0,5229242
yqjE_yqjK_yqjD_yqjC_predicted,0.25,3,3,GGTGGTGCCAGACTGTTGGG,0,5192428
yqjE_yqjK_yqjD_yqjC_predicted,0.25,3,3,GGTGGAACTTGAAACTCCAG,0,5192442
yqjE_yqjK_yqjD_yqjC_predicted,0.25,3,3,GGTGCATTGATCCACAAAGA,0,5255729
yqjE_yqjK_yqjD_yqjC_predicted,0.25,3,3,GGTGACGGTCCCCATGGACG,0,5184785
yqjE_yqjK_yqjD_yqjC_predicted,0.25,3,3,GGTCCTCATTAGCGTGTTGA,0,5171970
yqjE_yqjK_yqjD_yqjC_predicted,0.25,3,3,GGTCCGATCAGTTAAATCAC,0,5209097
yqjE_yqjK_yqjD_yqjC_predicted,0.25,3,3,GGTCCCATTAGCTCGATGGT,0,5205575
yqjE_yqjK_yqjD_yqjC_predicted,0.25,3,3,GGTCATGGTCAGATGGCGGC,0,5200960
yqjE_yqjK_yqjD_yqjC_predicted,0.25,3,3,GGTCACTGTAACGTGGTGGT,0,5249941
yqjE_yqjK_yqjD_yqjC_predicted,0.25,3,3,GGTATCTAACACATTCAGTT,0,5178040
yqjE_yqjK_yqjD_yqjC_predicted,0.25,3,3,GGTAGACTACTCCGCCTAAT,0,5250490
yqjE_yqjK_yqjD_yqjC_predicted,0.25,3,3,GGTAGACCTCTCACATTACT,0,5240675
yqjE_yqjK_yqjD_yqjC_predicted,0.25,3,3,GGTACTGACCTATCCACAGT,0,5248720
yqjE_yqjK_yqjD_yqjC_predicted,0.25,3,3,GGTACACGTCCTCGATAGGC,0,5232017
yqjE_yqjK_yqjD_yqjC_predicted,0.25,3,3,GGTACAACAATAAGGCGAAC,0,5234951
yqjE_yqjK_yqjD_yqjC_predicted,0.25,3,3,GGGTTTCAGAGTTTGTCGAA,0,5208384
yqjE_yqjK_yqjD_yqjC_predicted,0.25,3,3,GGGTTCAAACAGTTTTGGTC,0,5252947
yqjE_yqjK_yqjD_yqjC_predicted,0.25,3,3,GGGTGTAAGTTGGGCAACTC,0,5187392
yqjE_yqjK_yqjD_yqjC_predicted,0.25,3,3,GGGTGGGATGGGCGAAGTTC,0,5236063
yqjE_yqjK_yqjD_yqjC_predicted,0.25,3,3,GGGTGCATAGAAACGCAACA,0,5204014
yqjE_yqjK_yqjD_yqjC_predicted,0.25,3,3,GGGTGAAACGGCTACGCCAG,0,5243663
yqjE_yqjK_yqjD_yqjC_predicted,0.25,3,3,GGGTCTTGGGCGGAAGCGTT,0,5186462
yqjE_yqjK_yqjD_yqjC_predicted,0.25,3,3,GGGTCTCACGATAAGGGCGC,0,5175591
yqjE_yqjK_yqjD_yqjC_predicted,0.25,3,3,GGGTAATGAATCGGACTGCG,0,5237404
yqjE_yqjK_yqjD_yqjC_predicted,0.25,3,3,GGGGTATTTGACAAAGAGGT,0,5197030
yqjE_yqjK_yqjD_yqjC_predicted,0.25,3,3,GGGGGTTGAAGGTTGCTGAT,0,5184304
yqjE_yqjK_yqjD_yqjC_predicted,0.25,3,3,GGGGGAGAGATCATTAAACA,0,5182395
yqjE_yqjK_yqjD_yqjC_predicted,0.25,3,3,GGGGGACTGAATCCCGAAAG,0,5218366
yqjE_yqjK_yqjD_yqjC_predicted,0.25,3,3,GGGGGAATCTGACATCATGC,0,5231090
yqjE_yqjK_yqjD_yqjC_predicted,0.25,3,3,GGGGCTTAGCAACGCGTTTC,0,5252178
yqjE_yqjK_yqjD_yqjC_predicted,0.25,3,3,GGGGCTGTTTGTCTCTTATC,0,5205034
yqjE_yqjK_yqjD_yqjC_predicted,0.25,3,3,GGGGCCTTCGACAATTATCT,0,5218542
yqjE_yqjK_yqjD_yqjC_predicted,0.25,3,3,GGGGAGCAACGCACCAACTG,0,5177622
yqjE_yqjK_yqjD_yqjC_predicted,0.25,3,3,GGGGAACGACCGGGAAAATT,0,5234850
yqjE_yqjK_yqjD_yqjC_predicted,0.25,3,3,GGGCTGGTGCTTATGGTTTA,0,5182262
yqjE_yqjK_yqjD_yqjC_predicted,0.25,3,3,GGGCTCAGTGTGGGGGCTCT,0,5170979
yqjE_yqjK_yqjD_yqjC_predicted,0.25,3,3,GGGCTCACATGTCCGGTTCA,0,5228378
yqjE_yqjK_yqjD_yqjC_predicted,0.25,3,3,GGGCCAATGAATAGCTTATT,0,5257097
yqjE_yqjK_yqjD_yqjC_predicted,0.25,3,3,GGGCATCTAGTTTCACGTAC,0,5197745
yqjE_yqjK_yqjD_yqjC_predicted,0.25,3,3,GGGCATAGTGGGTGGCGTCT,0,5196353
yqjE_yqjK_yqjD_yqjC_predicted,0.25,3,3,GGGCAGCATTAAGCTTATTA,0,5192792
yqjE_yqjK_yqjD_yqjC_predicted,0.25,3,3,GGGCACGAGCGCTGAAGAGA,0,5249226
yqjE_yqjK_yqjD_yqjC_predicted,0.25,3,3,GGGCAACACACAGGTATTTC,0,5191030
yqjE_yqjK_yqjD_yqjC_predicted,0.25,3,3,GGGATTTTCGAATCGGAAAC,0,5227996
yqjE_yqjK_yqjD_yqjC_predicted,0.25,3,3,GGGAGGACGAGATTGGTAGA,0,5234307
yqjE_yqjK_yqjD_yqjC_predicted,0.25,3,3,GGGAGACTACCCTTCGGGAC,0,5182417
yqjE_yqjK_yqjD_yqjC_predicted,0.25,3,3,GGGAGAACTATTGAAGCATG,0,5228991
yqjE_yqjK_yqjD_yqjC_predicted,0.25,3,3,GGGAGAACCTTGACCTGAGA,0,5182563
yqjE_yqjK_yqjD_yqjC_predicted,0.25,3,3,GGGACGAAAGGCGTGTACTT,0,5230054
yqjE_yqjK_yqjD_yqjC_predicted,0.25,3,3,GGGAACAGAGGGCATACCGT,0,5191497
yqjE_yqjK_yqjD_yqjC_predicted,0.25,3,3,GGGAAATATTTAGATTCACA,0,5196252
yqjE_yqjK_yqjD_yqjC_predicted,0.25,3,3,GGCTTCTGAGCCAGAGTGTA,0,5188891
yqjE_yqjK_yqjD_yqjC_predicted,0.25,3,3,GGCTGTCTTCGAATAAATAT,0,5260817
yqjE_yqjK_yqjD_yqjC_predicted,0.25,3,3,GGCTGTAGGAGTTAATACGG,0,5245248
yqjE_yqjK_yqjD_yqjC_predicted,0.25,3,3,GGCTGGGGCCTGAATTCCTT,0,5233260
yqjE_yqjK_yqjD_yqjC_predicted,0.25,3,3,GGCTGGATCCGCTTTTTTAC,0,5215581
yqjE_yqjK_yqjD_yqjC_predicted,0.25,3,3,GGCTATCTTTGGAACACGAA,0,5189232
yqjE_yqjK_yqjD_yqjC_predicted,0.25,3,3,GGCTAAAAACCCATGTGCGT,0,5248812
yqjE_yqjK_yqjD_yqjC_predicted,0.25,3,3,GGCGTTATAGGGTATTGTGG,0,5249933
yqjE_yqjK_yqjD_yqjC_predicted,0.25,3,3,GGCGTGAACATGAGCTCAGG,0,5249232
yqjE_yqjK_yqjD_yqjC_predicted,0.25,3,3,GGCGCTGAGGAAAGGCCGTG,0,5209509
yqjE_yqjK_yqjD_yqjC_predicted,0.25,3,3,GGCGCAAACAGGACACTTAG,0,5236122
yqjE_yqjK_yqjD_yqjC_predicted,0.25,3,3,GGCGACAGATGTCGCCCGCA,0,5227197
yqjE_yqjK_yqjD_yqjC_predicted,0.25,3,3,GGCCTGTCTCACAGAGGCAT,0,5246222
yqjE_yqjK_yqjD_yqjC_predicted,0.25,3,3,GGCCGCCAAGGATAATAGTG,0,5258271
yqjE_yqjK_yqjD_yqjC_predicted,0.25,3,3,GGCCCTTAAGCGGCTGCTGC,0,5231801
yqjE_yqjK_yqjD_yqjC_predicted,0.25,3,3,GGCCCTGGGTGAAACGCCTA,0,5230310
yqjE_yqjK_yqjD_yqjC_predicted,0.25,3,3,GGCCCTAGTACAATATATAT,0,5207576
yqjE_yqjK_yqjD_yqjC_predicted,0.25,3,3,GGCCATAGTAAATTGAGCTG,0,5244774
yqjE_yqjK_yqjD_yqjC_predicted,0.25,3,3,GGCCAGTATGCATGGTCGTT,0,5243480
yqjE_yqjK_yqjD_yqjC_predicted,0.25,3,3,GGCCAGGCACAGTACTCCAT,0,5261067
yqjE_yqjK_yqjD_yqjC_predicted,0.25,3,3,GGCCACTGTTCTATGAGCCG,0,5175427
yqjE_yqjK_yqjD_yqjC_predicted,0.25,3,3,GGCATAGTTTGACCGCTTGG,0,5190332
yqjE_yqjK_yqjD_yqjC_predicted,0.25,3,3,GGCAGCTCACTTCGCTTGTA,0,5201726
yqjE_yqjK_yqjD_yqjC_predicted,0.25,3,3,GGCAATCGATCGAGGTTGGA,0,5180978
yqjE_yqjK_yqjD_yqjC_predicted,0.25,3,3,GGCAAGATTCAATGCGAATA,0,5248832
yqjE_yqjK_yqjD_yqjC_predicted,0.25,3,3,GGCAAGAGTGTTGGCATCAT,0,5254596
yqjE_yqjK_yqjD_yqjC_predicted,0.25,3,3,GGATTCGTGCGAGAACATTT,0,5250695
yqjE_yqjK_yqjD_yqjC_predicted,0.25,3,3,GGATGTAAAAGTCCTTTTCA,0,5252590
yqjE_yqjK_yqjD_yqjC_predicted,0.25,3,3,GGATGAGAAACAGATGAGGA,0,5243408
yqjE_yqjK_yqjD_yqjC_predicted,0.25,3,3,GGATCTCGTGTTGTGTATCT,0,5183469
yqjE_yqjK_yqjD_yqjC_predicted,0.25,3,3,GGATAACTTGTTGTCGATAG,0,5206106
yqjE_yqjK_yqjD_yqjC_predicted,0.25,3,3,GGAGTTCAGCCGGGTATAAA,0,5190503
yqjE_yqjK_yqjD_yqjC_predicted,0.25,3,3,GGAGTCTCAAATGTCATTCG,0,5223410
yqjE_yqjK_yqjD_yqjC_predicted,0.25,3,3,GGAGGCTCAAGGTGGAAAGC,0,5219517
yqjE_yqjK_yqjD_yqjC_predicted,0.25,3,3,GGAGGCTACCGTGCAATACT,0,5235625
yqjE_yqjK_yqjD_yqjC_predicted,0.25,3,3,GGAGGCGCGTTGCAAATTGT,0,5249194
yqjE_yqjK_yqjD_yqjC_predicted,0.25,3,3,GGAGCTCTGGGGCAGCATTT,0,5228272
yqjE_yqjK_yqjD_yqjC_predicted,0.25,3,3,GGAGCCTCTTAATGCCGGCG,0,5252567
yqjE_yqjK_yqjD_yqjC_predicted,0.25,3,3,GGAGACTCTGCGTTGCCATC,0,5173221
yqjE_yqjK_yqjD_yqjC_predicted,0.25,3,3,GGAGACAACGCTACGGAATG,0,5207816
yqjE_yqjK_yqjD_yqjC_predicted,0.25,3,3,GGACGTTCTGAGGCATGATC,0,5216544
yqjE_yqjK_yqjD_yqjC_predicted,0.25,3,3,GGACCTAATAGGGGTTAGAG,0,5207528
yqjE_yqjK_yqjD_yqjC_predicted,0.25,3,3,GGACCGTTAACCGCGGGGGG,0,5220767
yqjE_yqjK_yqjD_yqjC_predicted,0.25,3,3,GGACCCTTTTTTTGCATAGT,0,5255295
yqjE_yqjK_yqjD_yqjC_predicted,0.25,3,3,GGACCACGCCCCGTTGTAAT,0,5173314
yqjE_yqjK_yqjD_yqjC_predicted,0.25,3,3,GGACAGCTAGCTCGGAGGTT,0,5236567
yqjE_yqjK_yqjD_yqjC_predicted,0.25,3,3,GGACACTTCGAAGCGTGATT,0,5190240
yqjE_yqjK_yqjD_yqjC_predicted,0.25,3,3,GGACACCCCCGGATGGCCAC,0,5203676
yqjE_yqjK_yqjD_yqjC_predicted,0.25,3,3,GGAATTGACTGCGTTTTCCC,0,5235649
yqjE_yqjK_yqjD_yqjC_predicted,0.25,3,3,GGAAGTGACCAATGCTCTGG,0,5247801
yqjE_yqjK_yqjD_yqjC_predicted,0.25,3,3,GGAAGACTGTAGGAGCTCTG,0,5235378
yqjE_yqjK_yqjD_yqjC_predicted,0.25,3,3,GGAACTGCCCTTCCAATCGG,0,5171364
yqjE_yqjK_yqjD_yqjC_predicted,0.25,3,3,GGAAAGTGGTGGCTAGTCTA,0,5181115
yqjE_yqjK_yqjD_yqjC_predicted,0.25,3,3,GGAAAGTATAGGCTGGTTTT,0,5210430
yqjE_yqjK_yqjD_yqjC_predicted,0.25,3,3,GGAAACCGTGCGCTTGGGAA,0,5226923
yqjE_yqjK_yqjD_yqjC_predicted,0.25,3,3,GCTTTTGTTTAGAGCATTTA,0,5261088
yqjE_yqjK_yqjD_yqjC_predicted,0.25,3,3,GCTTTGAAGCAGGAGCGACA,0,5183265
yqjE_yqjK_yqjD_yqjC_predicted,0.25,3,3,GCTTGCGGGGCATCGTCATA,0,5231731
yqjE_yqjK_yqjD_yqjC_predicted,0.25,3,3,GCTTCGGACACGCACACCTT,0,5180439
yqjE_yqjK_yqjD_yqjC_predicted,0.25,3,3,GCTTACCCAACCGCACCCGT,0,5205804
yqjE_yqjK_yqjD_yqjC_predicted,0.25,3,3,GCTTAAGTCGGTTTTTTTTG,0,5243639
yqjE_yqjK_yqjD_yqjC_predicted,0.25,3,3,GCTTAAGAAGAGTATCGGTC,0,5200155
yqjE_yqjK_yqjD_yqjC_predicted,0.25,3,3,GCTGTCTCCCGGGAACCTGT,0,5188803
yqjE_yqjK_yqjD_yqjC_predicted,0.25,3,3,GCTGGGGTTTGAGCTCAAGT,0,5237236
yqjE_yqjK_yqjD_yqjC_predicted,0.25,3,3,GCTGCATTGGGACCCGCGTA,0,5250879
yqjE_yqjK_yqjD_yqjC_predicted,0.25,3,3,GCTGATATATTGATCAGGTA,0,5228902
yqjE_yqjK_yqjD_yqjC_predicted,0.25,3,3,GCTGAGGAGGGGCAGGGCAG,0,5203218
yqjE_yqjK_yqjD_yqjC_predicted,0.25,3,3,GCTCTGTTTTGACTAGACTT,0,5188530
yqjE_yqjK_yqjD_yqjC_predicted,0.25,3,3,GCTCGCTATAGCTCTGCCTG,0,5175433
yqjE_yqjK_yqjD_yqjC_predicted,0.25,3,3,GCTCCGGTCCCCCCTGACTG,0,5200439
yqjE_yqjK_yqjD_yqjC_predicted,0.25,3,3,GCTCAATAAGGAGTACACGA,0,5181072
yqjE_yqjK_yqjD_yqjC_predicted,0.25,3,3,GCTATGCGATTACAAAGTAT,0,5256574
yqjE_yqjK_yqjD_yqjC_predicted,0.25,3,3,GCTATATCGTCGGCAGGATT,0,5230397
yqjE_yqjK_yqjD_yqjC_predicted,0.25,3,3,GCTAATTTGATATCCCGGAT,0,5251100
yqjE_yqjK_yqjD_yqjC_predicted,0.25,3,3,GCGTTTTCCACTGGCATCGT,0,5218639
yqjE_yqjK_yqjD_yqjC_predicted,0.25,3,3,GCGTTTCAGGGGCTTCTCGT,0,5218806
yqjE_yqjK_yqjD_yqjC_predicted,0.25,3,3,GCGTTACGCACCCTATAGCC,0,5178508
yqjE_yqjK_yqjD_yqjC_predicted,0.25,3,3,GCGTGATTCGATCCCGTTAG,0,5193867
yqjE_yqjK_yqjD_yqjC_predicted,0.25,3,3,GCGTGAGTTTTCACATGGCC,0,5248839
yqjE_yqjK_yqjD_yqjC_predicted,0.25,3,3,GCGTCTAGGCTACATTGGAT,0,5189996
yqjE_yqjK_yqjD_yqjC_predicted,0.25,3,3,GCGTCTAAAACGACTTTTAA,0,5228661
yqjE_yqjK_yqjD_yqjC_predicted,0.25,3,3,GCGTATCCCCTGTTTGCCGG,0,5251563
yqjE_yqjK_yqjD_yqjC_predicted,0.25,3,3,GCGGTACCGAGTCCCTCTAT,0,5230052
yqjE_yqjK_yqjD_yqjC_predicted,0.25,3,3,GCGGGGCGGTCAATACAGCA,0,5212131
yqjE_yqjK_yqjD_yqjC_predicted,0.25,3,3,GCGGCTGAGCTGTGAACTCA,0,5235736
yqjE_yqjK_yqjD_yqjC_predicted,0.25,3,3,GCGGCCATCTATTAAGTCTC,0,5199517
yqjE_yqjK_yqjD_yqjC_predicted,0.25,3,3,GCGGCCATCAAGTTACCCAA,0,5180182
yqjE_yqjK_yqjD_yqjC_predicted,0.25,3,3,GCGGCAGACACAATTTTTGA,0,5261901
yqjE_yqjK_yqjD_yqjC_predicted,0.25,3,3,GCGCTACTAATGCAACGTAA,0,5191939
yqjE_yqjK_yqjD_yqjC_predicted,0.25,3,3,GCGCGTTTTGGCCAATGCGT,0,5245389
yqjE_yqjK_yqjD_yqjC_predicted,0.25,3,3,GCGCGGGCGTCAGAAGGAGG,0,5260737
yqjE_yqjK_yqjD_yqjC_predicted,0.25,3,3,GCGCGAACACCTGGTTACAC,0,5230827
yqjE_yqjK_yqjD_yqjC_predicted,0.25,3,3,GCGCCAATTGCAGATGGAAG,0,5225662
yqjE_yqjK_yqjD_yqjC_predicted,0.25,3,3,GCGCAGAAGACCGAGAAGAA,0,5249317
yqjE_yqjK_yqjD_yqjC_predicted,0.25,3,3,GCGCACCGAGAAAGGCGCTC,0,5239682
yqjE_yqjK_yqjD_yqjC_predicted,0.25,3,3,GCGCAAATACAGCATCTCGT,0,5206622
yqjE_yqjK_yqjD_yqjC_predicted,0.25,3,3,GCGATTATGACGTTTTTAAA,0,5212065
yqjE_yqjK_yqjD_yqjC_predicted,0.25,3,3,GCGATCTCAGCCTGGGGGTG,0,5201194
yqjE_yqjK_yqjD_yqjC_predicted,0.25,3,3,GCGATATTCTGCAATTGGAC,0,5211805
yqjE_yqjK_yqjD_yqjC_predicted,0.25,3,3,GCGATAGGCATGTCACGTGC,0,5254137
yqjE_yqjK_yqjD_yqjC_predicted,0.25,3,3,GCGAGTCTTGAATAAGTCCG,0,5178555
yqjE_yqjK_yqjD_yqjC_predicted,0.25,3,3,GCGAGGCGGACAGACTTAAG,0,5175045
yqjE_yqjK_yqjD_yqjC_predicted,0.25,3,3,GCGAAGTCGATTACGTCCGT,0,5260133
yqjE_yqjK_yqjD_yqjC_predicted,0.25,3,3,GCCTTTAAAGTGAGTGCGTA,0,5247238
yqjE_yqjK_yqjD_yqjC_predicted,0.25,3,3,GCCTTCGTTCAGGCCGTGTG,0,5202395
yqjE_yqjK_yqjD_yqjC_predicted,0.25,3,3,GCCTACTTCGCGCAATGCCA,0,5179768
yqjE_yqjK_yqjD_yqjC_predicted,0.25,3,3,GCCGTTTAGACGAATCCATA,0,5215173
yqjE_yqjK_yqjD_yqjC_predicted,0.25,3,3,GCCGGGTGGCGACGTCTATG,0,5186368
yqjE_yqjK_yqjD_yqjC_predicted,0.25,3,3,GCCGGACTGGTCTTCGACAA,0,5244152
yqjE_yqjK_yqjD_yqjC_predicted,0.25,3,3,GCCGCGTCTAACTTTCTCGT,0,5237710
yqjE_yqjK_yqjD_yqjC_predicted,0.25,3,3,GCCGATCCGCGGCTTGAGAC,0,5176293
yqjE_yqjK_yqjD_yqjC_predicted,0.25,3,3,GCCGAAACGTTTCATCTACT,0,5178956
yqjE_yqjK_yqjD_yqjC_predicted,0.25,3,3,GCCCGGGAGCTTCATACACA,0,5244982
yqjE_yqjK_yqjD_yqjC_predicted,0.25,3,3,GCCCGCGCAGCCCCGTCAAA,0,5231470
yqjE_yqjK_yqjD_yqjC_predicted,0.25,3,3,GCCCGACCAGGTCTCCTCAT,0,5257133
yqjE_yqjK_yqjD_yqjC_predicted,0.25,3,3,GCCCCTGCATTTGCGATCCT,0,5215184
yqjE_yqjK_yqjD_yqjC_predicted,0.25,3,3,GCCCAACCATCTAGACGCCA,0,5247083
yqjE_yqjK_yqjD_yqjC_predicted,0.25,3,3,GCCATGACCGCCAGGACGTG,0,5171946
yqjE_yqjK_yqjD_yqjC_predicted,0.25,3,3,GCCATAGGGTAAAAAGTCCA,0,5174578
yqjE_yqjK_yqjD_yqjC_predicted,0.25,3,3,GCCAGTCTGACTGTCCGCCC,0,5172801
yqjE_yqjK_yqjD_yqjC_predicted,0.25,3,3,GCCAGGGGTATCTAATTGGG,0,5232408
yqjE_yqjK_yqjD_yqjC_predicted,0.25,3,3,GCCAGGCTTACGTCCAGCAC,0,5197439
yqjE_yqjK_yqjD_yqjC_predicted,0.25,3,3,GCCAGCTTAGCGCATGATAA,0,5212880
yqjE_yqjK_yqjD_yqjC_predicted,0.25,3,3,GCCACGGCTGAGATTATATA,0,5252758
yqjE_yqjK_yqjD_yqjC_predicted,0.25,3,3,GCCACGAGGGACCGGTACGG,0,5211582
yqjE_yqjK_yqjD_yqjC_predicted,0.25,3,3,GCCAAGCCTAACACGGAACA,0,5257867
yqjE_yqjK_yqjD_yqjC_predicted,0.25,3,3,GCCAACGATATGCTGATCAG,0,5188644
yqjE_yqjK_yqjD_yqjC_predicted,0.25,3,3,GCATTGAGTCGAAGGCTTAT,0,5248992
yqjE_yqjK_yqjD_yqjC_predicted,0.25,3,3,GCATGGCGGGGGTAGTGGTA,0,5186858
yqjE_yqjK_yqjD_yqjC_predicted,0.25,3,3,GCATGCTAAATGCGGTGGAG,0,5235893
yqjE_yqjK_yqjD_yqjC_predicted,0.25,3,3,GCATGCCAGCCGCGTTCACA,0,5258812
yqjE_yqjK_yqjD_yqjC_predicted,0.25,3,3,GCATCTGATATTCAATTGGT,0,5193184
yqjE_yqjK_yqjD_yqjC_predicted,0.25,3,3,GCATCGCTAAAACCGGTAAA,0,5189749
yqjE_yqjK_yqjD_yqjC_predicted,0.25,3,3,GCATAAACCTGCGACTGGGA,0,5229759
yqjE_yqjK_yqjD_yqjC_predicted,0.25,3,3,GCAGTCATACCAAGGGTACT,0,5246125
yqjE_yqjK_yqjD_yqjC_predicted,0.25,3,3,GCAGGTTGTTTGGATGGGAG,0,5249289
yqjE_yqjK_yqjD_yqjC_predicted,0.25,3,3,GCAGGTATGTAGATCTAATG,0,5188989
yqjE_yqjK_yqjD_yqjC_predicted,0.25,3,3,GCAGGGGCAGACGTTGCAGT,0,5253555
yqjE_yqjK_yqjD_yqjC_predicted,0.25,3,3,GCAGGGCAGGCTATTGCGAA,0,5256879
yqjE_yqjK_yqjD_yqjC_predicted,0.25,3,3,GCAGCCCAGGAAGGTTCCGT,0,5238900
yqjE_yqjK_yqjD_yqjC_predicted,0.25,3,3,GCACTCCTTAATGCGGGCGA,0,5257521
yqjE_yqjK_yqjD_yqjC_predicted,0.25,3,3,GCACGTCAGGCCGAGAACTT,0,5239786
yqjE_yqjK_yqjD_yqjC_predicted,0.25,3,3,GCACGGTTGAAGAGAATGAG,0,5248904
yqjE_yqjK_yqjD_yqjC_predicted,0.25,3,3,GCACGAGGATTGGCTACGTA,0,5229521
yqjE_yqjK_yqjD_yqjC_predicted,0.25,3,3,GCACCTTCGGTCGCGTATTT,0,5228049
yqjE_yqjK_yqjD_yqjC_predicted,0.25,3,3,GCACATGATATCGAACAGCG,0,5238104
yqjE_yqjK_yqjD_yqjC_predicted,0.25,3,3,GCACAAAGACTGTACGTAGA,0,5240985
yqjE_yqjK_yqjD_yqjC_predicted,0.25,3,3,GCAATACCGGTTGTTATAAC,0,5172582
yqjE_yqjK_yqjD_yqjC_predicted,0.25,3,3,GCAAGGGCTGTGTAATAGGA,0,5170786
yqjE_yqjK_yqjD_yqjC_predicted,0.25,3,3,GCAACCTAGGCATTCACTCG,0,5178612
yqjE_yqjK_yqjD_yqjC_predicted,0.25,3,3,GCAACAGGCGTATCAGAGTT,0,5244869
yqjE_yqjK_yqjD_yqjC_predicted,0.25,3,3,GCAACAAGCGTCTCTGCAGC,0,5253983
yqjE_yqjK_yqjD_yqjC_predicted,0.25,3,3,GCAAAGTTTAAGCCGCAGAG,0,5199026
yqjE_yqjK_yqjD_yqjC_predicted,0.25,3,3,GCAAAAGCACCAAAGAAGTG,0,5193741
yqjE_yqjK_yqjD_yqjC_predicted,0.25,3,3,GATTTCTACGGTCAATAGTT,0,5239497
yqjE_yqjK_yqjD_yqjC_predicted,0.25,3,3,GATTTCAAGCCTTTTGGTAT,0,5233813
yqjE_yqjK_yqjD_yqjC_predicted,0.25,3,3,GATTGTGCCGTTCATAGGCA,0,5201921
yqjE_yqjK_yqjD_yqjC_predicted,0.25,3,3,GATTGGGGTTGTCGGCAGGA,0,5254042
yqjE_yqjK_yqjD_yqjC_predicted,0.25,3,3,GATTGCCCGAATTCAGCGTT,0,5257094
yqjE_yqjK_yqjD_yqjC_predicted,0.25,3,3,GATTCTTCGATCTCCGCATA,0,5260520
yqjE_yqjK_yqjD_yqjC_predicted,0.25,3,3,GATTATGTGAGAATGGCACG,0,5228766
yqjE_yqjK_yqjD_yqjC_predicted,0.25,3,3,GATGTTACCCGTGGTCAGCA,0,5202069
yqjE_yqjK_yqjD_yqjC_predicted,0.25,3,3,GATGTACGGCGTTGGGAGAT,0,5247286
yqjE_yqjK_yqjD_yqjC_predicted,0.25,3,3,GATGCAGGTAAAGCTGCCCT,0,5250311
yqjE_yqjK_yqjD_yqjC_predicted,0.25,3,3,GATGAGTGTGGGGGCATTTG,0,5214666
yqjE_yqjK_yqjD_yqjC_predicted,0.25,3,3,GATGAATTCAAAAGGTAAAA,0,5183008
yqjE_yqjK_yqjD_yqjC_predicted,0.25,3,3,GATCTTGTCTTCCAATCCTG,0,5233970
yqjE_yqjK_yqjD_yqjC_predicted,0.25,3,3,GATCTTATATGAGCCAACTA,0,5247505
yqjE_yqjK_yqjD_yqjC_predicted,0.25,3,3,GATCTGATACAGGATGGTAT,0,5250000
yqjE_yqjK_yqjD_yqjC_predicted,0.25,3,3,GATCGGGGGTCGCCTTTAAG,0,5211583
yqjE_yqjK_yqjD_yqjC_predicted,0.25,3,3,GATCGGAGTGTACATCGAAG,0,5221517
yqjE_yqjK_yqjD_yqjC_predicted,0.25,3,3,GATCATAGCTTCGGGCCTAA,0,5230609
yqjE_yqjK_yqjD_yqjC_predicted,0.25,3,3,GATCACAGCTATAATCGGGC,0,5247003
yqjE_yqjK_yqjD_yqjC_predicted,0.25,3,3,GATCACAAGGCAGGTTGGGA,0,5171772
yqjE_yqjK_yqjD_yqjC_predicted,0.25,3,3,GATCACAAGCCGCGTTCGGA,0,5195136
yqjE_yqjK_yqjD_yqjC_predicted,0.25,3,3,GATATTGCTCCTACACCGGC,0,5174199
yqjE_yqjK_yqjD_yqjC_predicted,0.25,3,3,GATAGGTGATCTGAGGAGTT,0,5255614
yqjE_yqjK_yqjD_yqjC_predicted,0.25,3,3,GATAGAGACAGACCGTAGAT,0,5174148
yqjE_yqjK_yqjD_yqjC_predicted,0.25,3,3,GATACGAGATTCGCTGAAGA,0,5215342
yqjE_yqjK_yqjD_yqjC_predicted,0.25,3,3,GAGTGTTGTTTATGAGTCAC,0,5173795
yqjE_yqjK_yqjD_yqjC_predicted,0.25,3,3,GAGTGTATCCTGTGGGACCC,0,5179606
yqjE_yqjK_yqjD_yqjC_predicted,0.25,3,3,GAGTGGGATTAGTATCGTAG,0,5232151
yqjE_yqjK_yqjD_yqjC_predicted,0.25,3,3,GAGTGGCTTGGTGAGCCGTG,0,5247438
yqjE_yqjK_yqjD_yqjC_predicted,0.25,3,3,GAGTGGAAAGACGCTGGCAG,0,5181587
yqjE_yqjK_yqjD_yqjC_predicted,0.25,3,3,GAGTATTCTCTCGAGATGTA,0,5218100
yqjE_yqjK_yqjD_yqjC_predicted,0.25,3,3,GAGGTGGTATCCCGGTGTGT,0,5262591
yqjE_yqjK_yqjD_yqjC_predicted,0.25,3,3,GAGGCTGCGATTATTGGTGC,0,5215474
yqjE_yqjK_yqjD_yqjC_predicted,0.25,3,3,GAGGCGCAATCGCTTAATTG,0,5244875
yqjE_yqjK_yqjD_yqjC_predicted,0.25,3,3,GAGGCAAATTAGGAGATGGA,0,5202882
yqjE_yqjK_yqjD_yqjC_predicted,0.25,3,3,GAGGATAGACACTCCACAGC,0,5183446
yqjE_yqjK_yqjD_yqjC_predicted,0.25,3,3,GAGGATAACTGGTGCAAAAC,0,5193377
yqjE_yqjK_yqjD_yqjC_predicted,0.25,3,3,GAGGACTTCGGTGCGGGCTT,0,5253290
yqjE_yqjK_yqjD_yqjC_predicted,0.25,3,3,GAGCTCGTGCCGGGTTAAAC,0,5237364
yqjE_yqjK_yqjD_yqjC_predicted,0.25,3,3,GAGCCGCAGTGCACGCGAAA,0,5211552
yqjE_yqjK_yqjD_yqjC_predicted,0.25,3,3,GAGCCCTAACCAGTGGGAGA,0,5193805
yqjE_yqjK_yqjD_yqjC_predicted,0.25,3,3,GAGCCATATACCGGCGCGCG,0,5179449
yqjE_yqjK_yqjD_yqjC_predicted,0.25,3,3,GAGCCAGCACCCACCAAGAG,0,5202655
yqjE_yqjK_yqjD_yqjC_predicted,0.25,3,3,GAGCATTCTTCCCATGAGCA,0,5249881
yqjE_yqjK_yqjD_yqjC_predicted,0.25,3,3,GAGCAGGTCGCGTCTGTAAT,0,5178122
yqjE_yqjK_yqjD_yqjC_predicted,0.25,3,3,GAGACTTGCTTGGGCTACTC,0,5244254
yqjE_yqjK_yqjD_yqjC_predicted,0.25,3,3,GAGACTGATATGTCGGCGTA,0,5177460
yqjE_yqjK_yqjD_yqjC_predicted,0.25,3,3,GACTTGCGATATTTGAGCGC,0,5175526
yqjE_yqjK_yqjD_yqjC_predicted,0.25,3,3,GACTTGAACTGTCGGTCCAT,0,5175023
yqjE_yqjK_yqjD_yqjC_predicted,0.25,3,3,GACTGAATATGTATCGGCAT,0,5242915
yqjE_yqjK_yqjD_yqjC_predicted,0.25,3,3,GACTCATACGCCCTCTCAGG,0,5233212
yqjE_yqjK_yqjD_yqjC_predicted,0.25,3,3,GACTCAGGGCCTCCTGTAAA,0,5174585
yqjE_yqjK_yqjD_yqjC_predicted,0.25,3,3,GACTAGAGGTCCCAGGACTT,0,5224563
yqjE_yqjK_yqjD_yqjC_predicted,0.25,3,3,GACGGGTACAGGGATCTGTT,0,5186199
yqjE_yqjK_yqjD_yqjC_predicted,0.25,3,3,GACGGGCATCGCCGGCCTGT,0,5232961
yqjE_yqjK_yqjD_yqjC_predicted,0.25,3,3,GACGAACTGCTTGGGGCCTT,0,5197314
yqjE_yqjK_yqjD_yqjC_predicted,0.25,3,3,GACCTACCATATGGGTAGTT,0,5198454
yqjE_yqjK_yqjD_yqjC_predicted,0.25,3,3,GACCTAATTATTGCCGATCC,0,5238364
yqjE_yqjK_yqjD_yqjC_predicted,0.25,3,3,GACCGGTTTGTCCCAAACGA,0,5202966
yqjE_yqjK_yqjD_yqjC_predicted,0.25,3,3,GACCCTCATAGCTGGCGTTG,0,5230435
yqjE_yqjK_yqjD_yqjC_predicted,0.25,3,3,GACCCGGATGACCGATAAGA,0,5217712
yqjE_yqjK_yqjD_yqjC_predicted,0.25,3,3,GACATGAAGTAACCGATATA,0,5215399
yqjE_yqjK_yqjD_yqjC_predicted,0.25,3,3,GACATCTTTAGTTGCTCAGT,0,5236692
yqjE_yqjK_yqjD_yqjC_predicted,0.25,3,3,GACAGTCGGCCATGCCAAAT,0,5241133
yqjE_yqjK_yqjD_yqjC_predicted,0.25,3,3,GACAGCGTCCGAGACCCGAG,0,5240499
yqjE_yqjK_yqjD_yqjC_predicted,0.25,3,3,GACACTCCCGAGTGCCGTTC,0,5209675
yqjE_yqjK_yqjD_yqjC_predicted,0.25,3,3,GACACGAATTGCAGGTCCAC,0,5245165
yqjE_yqjK_yqjD_yqjC_predicted,0.25,3,3,GACAAACACACATTCCAGAC,0,5226197
yqjE_yqjK_yqjD_yqjC_predicted,0.25,3,3,GAATTTACGGCGAACCTAAA,0,5224738
yqjE_yqjK_yqjD_yqjC_predicted,0.25,3,3,GAATTGGTATCCCAATGGAC,0,5174490
yqjE_yqjK_yqjD_yqjC_predicted,0.25,3,3,GAATTGGGACCGTATCGGCC,0,5231124
yqjE_yqjK_yqjD_yqjC_predicted,0.25,3,3,GAATGCATGTTAATTAATCG,0,5238606
yqjE_yqjK_yqjD_yqjC_predicted,0.25,3,3,GAATATATTCTACAAGTTTT,0,5196090
yqjE_yqjK_yqjD_yqjC_predicted,0.25,3,3,GAATAGCGAGCTAGATTCAG,0,5192299
yqjE_yqjK_yqjD_yqjC_predicted,0.25,3,3,GAATAGAGTTAGGTCGCAAC,0,5177092
yqjE_yqjK_yqjD_yqjC_predicted,0.25,3,3,GAAGTGTGTCAGTGTTGTTC,0,5199390
yqjE_yqjK_yqjD_yqjC_predicted,0.25,3,3,GAAGTCCATTGGTTACCAAA,0,5175064
yqjE_yqjK_yqjD_yqjC_predicted,0.25,3,3,GAAGGGAGTTTGATTGGGAC,0,5200280
yqjE_yqjK_yqjD_yqjC_predicted,0.25,3,3,GAAGGCTGGGCCACTACTAT,0,5200813
yqjE_yqjK_yqjD_yqjC_predicted,0.25,3,3,GAAGCGGCGAGCGTCTTGTA,0,5218104
yqjE_yqjK_yqjD_yqjC_predicted,0.25,3,3,GAAGAGCTACTATCTACTGA,0,5172570
yqjE_yqjK_yqjD_yqjC_predicted,0.25,3,3,GAACTAGAGTTCCGAGGCGA,0,5177659
yqjE_yqjK_yqjD_yqjC_predicted,0.25,3,3,GAACGTCAGCGGTGAGTAGG,0,5253755
yqjE_yqjK_yqjD_yqjC_predicted,0.25,3,3,GAACGGTAATAAGACGAGGG,0,5257498
yqjE_yqjK_yqjD_yqjC_predicted,0.25,3,3,GAACGCGTCGATATGAACCG,0,5246816
yqjE_yqjK_yqjD_yqjC_predicted,0.25,3,3,GAACGAAGAGAGAGACAGGC,0,5232982
yqjE_yqjK_yqjD_yqjC_predicted,0.25,3,3,GAACCTATTACCTCGTGTAT,0,5203583
yqjE_yqjK_yqjD_yqjC_predicted,0.25,3,3,GAACACTACACGCTTGCAGA,0,5203848
yqjE_yqjK_yqjD_yqjC_predicted,0.25,3,3,GAACACCAGTGCTGCGTTCG,0,5211796
yqjE_yqjK_yqjD_yqjC_predicted,0.25,3,3,GAAATATGGCGTTAGGCACC,0,5175955
yqjE_yqjK_yqjD_yqjC_predicted,0.25,3,3,GAAATATCTCGAAGATCATG,0,5237339
yqjE_yqjK_yqjD_yqjC_predicted,0.25,3,3,GAAATAGAAGGCGCCACGAA,0,5208713
yqjE_yqjK_yqjD_yqjC_predicted,0.25,3,3,GAAAGCTGTTGGGGGTCAAT,0,5223781
yqjE_yqjK_yqjD_yqjC_predicted,0.25,3,3,GAAAGCCCTTGATTCCTTGC,0,5208209
yqjE_yqjK_yqjD_yqjC_predicted,0.25,3,3,GAAACTCTGATCGGGCCACG,0,5224026
yqjE_yqjK_yqjD_yqjC_predicted,0.25,3,3,GAAACGATAATAAGCATTGG,0,5195115
yqjE_yqjK_yqjD_yqjC_predicted,0.25,3,3,GAAACCGCAACCAACAGTGA,0,5178773
yqjE_yqjK_yqjD_yqjC_predicted,0.25,3,3,GAAAATAATGCGATTAAATG,0,5178447
yqjE_yqjK_yqjD_yqjC_predicted,0.25,3,3,GAAAAGCTTCAACGTGCTCG,0,5254983
yqjE_yqjK_yqjD_yqjC_predicted,0.25,3,3,GAAAAGAGAAAGGGTTCTGC,0,5242151
yqjE_yqjK_yqjD_yqjC_predicted,0.25,3,3,GAAAACTATCAGCTACAAGA,0,5173152
yqjE_yqjK_yqjD_yqjC_predicted,0.25,3,3,GAAAAAGTGGCGCTACCCAT,0,5208174
yqjE_yqjK_yqjD_yqjC_predicted,0.25,3,3,CTTTTCTTAAACAAGACGGC,0,5209056
yqjE_yqjK_yqjD_yqjC_predicted,0.25,3,3,CTTTTAAGCATTGCCGACGG,0,5207163
yqjE_yqjK_yqjD_yqjC_predicted,0.25,3,3,CTTTGTTGCCGATCACTTCT,0,5238409
yqjE_yqjK_yqjD_yqjC_predicted,0.25,3,3,CTTTGGTTGGACAGAAATCC,0,5249589
yqjE_yqjK_yqjD_yqjC_predicted,0.25,3,3,CTTTGGCGTGGGCATGTGCT,0,5258442
yqjE_yqjK_yqjD_yqjC_predicted,0.25,3,3,CTTTCTGCGAAGGGATTTGA,0,5247001
yqjE_yqjK_yqjD_yqjC_predicted,0.25,3,3,CTTTCGTGTCGGTTCGAGAG,0,5255364
yqjE_yqjK_yqjD_yqjC_predicted,0.25,3,3,CTTTCCGCCTTTCTATGATT,0,5214927
yqjE_yqjK_yqjD_yqjC_predicted,0.25,3,3,CTTTCAATCGAAGGAAGCCT,0,5196537
yqjE_yqjK_yqjD_yqjC_predicted,0.25,3,3,CTTTCAAAACTAGCGGTCTC,0,5232469
yqjE_yqjK_yqjD_yqjC_predicted,0.25,3,3,CTTTATTTATCTTGGCTCTA,0,5184818
yqjE_yqjK_yqjD_yqjC_predicted,0.25,3,3,CTTTATGCTTACGCGGGTTA,0,5253190
yqjE_yqjK_yqjD_yqjC_predicted,0.25,3,3,CTTTAGGCGTTTACAGTTAA,0,5252545
yqjE_yqjK_yqjD_yqjC_predicted,0.25,3,3,CTTGTGAGGTCTGTTAATGT,0,5259930
yqjE_yqjK_yqjD_yqjC_predicted,0.25,3,3,CTTGTCCAATGTCTGGCGGA,0,5245123
yqjE_yqjK_yqjD_yqjC_predicted,0.25,3,3,CTTGGGTTCATGAAATTTTC,0,5225340
yqjE_yqjK_yqjD_yqjC_predicted,0.25,3,3,CTTGGGGTCAGCCTAAGAGC,0,5193644
yqjE_yqjK_yqjD_yqjC_predicted,0.25,3,3,CTTGGGGATTGGAAGATGGG,0,5179808
yqjE_yqjK_yqjD_yqjC_predicted,0.25,3,3,CTTGGATAGTAATTTTGGCG,0,5208266
yqjE_yqjK_yqjD_yqjC_predicted,0.25,3,3,CTTGCCAATAGCTACGTAGA,0,5209545
yqjE_yqjK_yqjD_yqjC_predicted,0.25,3,3,CTTGATTATGGGCGCGGTGT,0,5197095
yqjE_yqjK_yqjD_yqjC_predicted,0.25,3,3,CTTGATCCCCCCTAGTGAAC,0,5203927
yqjE_yqjK_yqjD_yqjC_predicted,0.25,3,3,CTTGAGACCCCCATTGGATA,0,5232668
yqjE_yqjK_yqjD_yqjC_predicted,0.25,3,3,CTTCGTAACGTAATCAGTCG,0,5192178
yqjE_yqjK_yqjD_yqjC_predicted,0.25,3,3,CTTCGCATATCAGTAACCTG,0,5172110
yqjE_yqjK_yqjD_yqjC_predicted,0.25,3,3,CTTCCACGGCACCGGAGAAT,0,5214500
yqjE_yqjK_yqjD_yqjC_predicted,0.25,3,3,CTTCATCAAACGCTCTATTA,0,5237682
yqjE_yqjK_yqjD_yqjC_predicted,0.25,3,3,CTTCAGTTAACTGCTAAGAC,0,5245201
yqjE_yqjK_yqjD_yqjC_predicted,0.25,3,3,CTTATTTGCCGTATCTGTCT,0,5213726
yqjE_yqjK_yqjD_yqjC_predicted,0.25,3,3,CTTATCGGCGTTTGCAAGCC,0,5251432
yqjE_yqjK_yqjD_yqjC_predicted,0.25,3,3,CTTATAGAGTGATGCACAAC,0,5218777
yqjE_yqjK_yqjD_yqjC_predicted,0.25,3,3,CTTAGTTTAGGGAATTAACG,0,5215712
yqjE_yqjK_yqjD_yqjC_predicted,0.25,3,3,CTTAGGCTAGACGTTCGATA,0,5237166
yqjE_yqjK_yqjD_yqjC_predicted,0.25,3,3,CTTACATGCCAGGATTTTTG,0,5184937
yqjE_yqjK_yqjD_yqjC_predicted,0.25,3,3,CTTAAGTAACGTCAACGTGA,0,5223290
yqjE_yqjK_yqjD_yqjC_predicted,0.25,3,3,CTGTGTGTATTTTAATAGTA,0,5232400
yqjE_yqjK_yqjD_yqjC_predicted,0.25,3,3,CTGTGTAGGGTAATCCATTT,0,5187387
yqjE_yqjK_yqjD_yqjC_predicted,0.25,3,3,CTGTGGTAATCCTGAACTGT,0,5198948
yqjE_yqjK_yqjD_yqjC_predicted,0.25,3,3,CTGTCGGGGGCGCCTAAGTC,0,5214849
yqjE_yqjK_yqjD_yqjC_predicted,0.25,3,3,CTGTCGAAACTCTCCATGAT,0,5254312
yqjE_yqjK_yqjD_yqjC_predicted,0.25,3,3,CTGTAAATTGTCAATGGGAT,0,5228697
yqjE_yqjK_yqjD_yqjC_predicted,0.25,3,3,CTGGTTGACCTAAGCCCCAA,0,5235366
yqjE_yqjK_yqjD_yqjC_predicted,0.25,3,3,CTGGCTTAAGTTTGCTAATA,0,5218960
yqjE_yqjK_yqjD_yqjC_predicted,0.25,3,3,CTGGCTACGACTTGCTAGCG,0,5228925
yqjE_yqjK_yqjD_yqjC_predicted,0.25,3,3,CTGGCGGCCCGTAATCTCAA,0,5261793
yqjE_yqjK_yqjD_yqjC_predicted,0.25,3,3,CTGGATCTTCTCGGCAGTAG,0,5214045
yqjE_yqjK_yqjD_yqjC_predicted,0.25,3,3,CTGGACGACAGGCAATGCTG,0,5244157
yqjE_yqjK_yqjD_yqjC_predicted,0.25,3,3,CTGCTATCTCTTCTGGTCGT,0,5251293
yqjE_yqjK_yqjD_yqjC_predicted,0.25,3,3,CTGCTAAACGTTCTACCATT,0,5230886
yqjE_yqjK_yqjD_yqjC_predicted,0.25,3,3,CTGCGCCCACTCGGGAAGAT,0,5197454
yqjE_yqjK_yqjD_yqjC_predicted,0.25,3,3,CTGCACGTCTCAAAGCCATT,0,5255326
yqjE_yqjK_yqjD_yqjC_predicted,0.25,3,3,CTGATTACAAGTCTACGATG,0,5248164
yqjE_yqjK_yqjD_yqjC_predicted,0.25,3,3,CTGATGTTGTCCAGCAACCA,0,5233695
yqjE_yqjK_yqjD_yqjC_predicted,0.25,3,3,CTGAGACAATAATGTCATCT,0,5196466
yqjE_yqjK_yqjD_yqjC_predicted,0.25,3,3,CTGAATGTCTAGGCGAATAA,0,5213573
yqjE_yqjK_yqjD_yqjC_predicted,0.25,3,3,CTGAATACCGAGGTGGGCAT,0,5235032
yqjE_yqjK_yqjD_yqjC_predicted,0.25,3,3,CTCTTCCAGGGGCAGGTGGT,0,5186212
yqjE_yqjK_yqjD_yqjC_predicted,0.25,3,3,CTCTCGAGTACGTCTTTCTT,0,5192716
yqjE_yqjK_yqjD_yqjC_predicted,0.25,3,3,CTCTACCAGAGTGGTTTGTG,0,5253855
yqjE_yqjK_yqjD_yqjC_predicted,0.25,3,3,CTCGTTCTCTACCTCCAAAG,0,5210080
yqjE_yqjK_yqjD_yqjC_predicted,0.25,3,3,CTCGTGACAACGGGTGACTG,0,5175551
yqjE_yqjK_yqjD_yqjC_predicted,0.25,3,3,CTCGGTTGCGTTGGCTAGCG,0,5175703
yqjE_yqjK_yqjD_yqjC_predicted,0.25,3,3,CTCGGTGTCTCCTTCCAGTG,0,5241547
yqjE_yqjK_yqjD_yqjC_predicted,0.25,3,3,CTCGCATCACAGCAAAATTT,0,5237024
yqjE_yqjK_yqjD_yqjC_predicted,0.25,3,3,CTCGCACAAGATTTTAAGCA,0,5206132
yqjE_yqjK_yqjD_yqjC_predicted,0.25,3,3,CTCCTATCTTAATATCCCCT,0,5261502
yqjE_yqjK_yqjD_yqjC_predicted,0.25,3,3,CTCCTACGGAATTGCCAGTC,0,5197986
yqjE_yqjK_yqjD_yqjC_predicted,0.25,3,3,CTCCCGGTCTACGGGGTCAT,0,5252115
yqjE_yqjK_yqjD_yqjC_predicted,0.25,3,3,CTCCCACGGCAATAGGCTGT,0,5210942
yqjE_yqjK_yqjD_yqjC_predicted,0.25,3,3,CTCCAAGTAAGGTACTGAGG,0,5191579
yqjE_yqjK_yqjD_yqjC_predicted,0.25,3,3,CTCCAAAAGGCCGGCGGGGG,0,5204204
yqjE_yqjK_yqjD_yqjC_predicted,0.25,3,3,CTCATTAGGAGTGGGGACAG,0,5246327
yqjE_yqjK_yqjD_yqjC_predicted,0.25,3,3,CTCATCATTCAAACAAGACC,0,5216649
yqjE_yqjK_yqjD_yqjC_predicted,0.25,3,3,CTCATCAATTTGTACAGGTT,0,5188281
yqjE_yqjK_yqjD_yqjC_predicted,0.25,3,3,CTCAGGTCCGCGCGAAAAGG,0,5215570
yqjE_yqjK_yqjD_yqjC_predicted,0.25,3,3,CTCAGGGCAGTTCGGGCGCA,0,5219312
yqjE_yqjK_yqjD_yqjC_predicted,0.25,3,3,CTCAGCGCGCTGTTTAAAGT,0,5172428
yqjE_yqjK_yqjD_yqjC_predicted,0.25,3,3,CTCACTTAACGTTTGTTAGC,0,5239616
yqjE_yqjK_yqjD_yqjC_predicted,0.25,3,3,CTCACACGCGTCACAATCAC,0,5240060
yqjE_yqjK_yqjD_yqjC_predicted,0.25,3,3,CTATTTGGTATAATTCTTGA,0,5220054
yqjE_yqjK_yqjD_yqjC_predicted,0.25,3,3,CTATTGGCACTTTCCTGGAA,0,5180326
yqjE_yqjK_yqjD_yqjC_predicted,0.25,3,3,CTATGACTACCTCATACGTT,0,5176220
yqjE_yqjK_yqjD_yqjC_predicted,0.25,3,3,CTATCCAGGCCGTAGGACAA,0,5243305
yqjE_yqjK_yqjD_yqjC_predicted,0.25,3,3,CTATCATGCAGATAGAAGGA,0,5217626
yqjE_yqjK_yqjD_yqjC_predicted,0.25,3,3,CTATATAGTTTATAATGCCT,0,5202552
yqjE_yqjK_yqjD_yqjC_predicted,0.25,3,3,CTATAGGTGGGTACTATCTT,0,5256696
yqjE_yqjK_yqjD_yqjC_predicted,0.25,3,3,CTATAGGGGGGTTTACGCCG,0,5252711
yqjE_yqjK_yqjD_yqjC_predicted,0.25,3,3,CTAGTCTCTTGAATTATTTT,0,5176489
yqjE_yqjK_yqjD_yqjC_predicted,0.25,3,3,CTAGGCGTTCAAGTTAGATA,0,5187434
yqjE_yqjK_yqjD_yqjC_predicted,0.25,3,3,CTAGACCATCCTTAGGGCAG,0,5252756
yqjE_yqjK_yqjD_yqjC_predicted,0.25,3,3,CTACTATCTCAAGTGTCTGC,0,5223537
yqjE_yqjK_yqjD_yqjC_predicted,0.25,3,3,CTACGCGTAAAACGCGTCTG,0,5245370
yqjE_yqjK_yqjD_yqjC_predicted,0.25,3,3,CTACGCATGGTAGGTTGCTG,0,5242925
yqjE_yqjK_yqjD_yqjC_predicted,0.25,3,3,CTACCCAGGACACTTCCAGA,0,5227490
yqjE_yqjK_yqjD_yqjC_predicted,0.25,3,3,CTACCCACGGGCGCGCGTTT,0,5173472
yqjE_yqjK_yqjD_yqjC_predicted,0.25,3,3,CTACATGCTACCGTAAGGTC,0,5181935
yqjE_yqjK_yqjD_yqjC_predicted,0.25,3,3,CTACACCTAAGGTACACATC,0,5208440
yqjE_yqjK_yqjD_yqjC_predicted,0.25,3,3,CTACAATCAGCCGTCGAGAC,0,5203219
yqjE_yqjK_yqjD_yqjC_predicted,0.25,3,3,CTACAAGTGTCACTAGCTGT,0,5245512
yqjE_yqjK_yqjD_yqjC_predicted,0.25,3,3,CTACAACGCCACCTCGCCAC,0,5261875
yqjE_yqjK_yqjD_yqjC_predicted,0.25,3,3,CTAAGGCGTTTTCATCCGGG,0,5172418
yqjE_yqjK_yqjD_yqjC_predicted,0.25,3,3,CTAAGCTGACATTTGGGCTG,0,5262411
yqjE_yqjK_yqjD_yqjC_predicted,0.25,3,3,CTAACTCGCAAGCACCCCAT,0,5229405
yqjE_yqjK_yqjD_yqjC_predicted,0.25,3,3,CTAACCTCAGGGCAGTTTAG,0,5228747
yqjE_yqjK_yqjD_yqjC_predicted,0.25,3,3,CTAAAGGTAAGTAGTGTGAG,0,5190348
yqjE_yqjK_yqjD_yqjC_predicted,0.25,3,3,CTAAAAGCAGGGCGTTATTA,0,5222114
yqjE_yqjK_yqjD_yqjC_predicted,0.25,3,3,CGTTTTAAAAGTTAAATGCT,0,5207796
yqjE_yqjK_yqjD_yqjC_predicted,0.25,3,3,CGTTTCGTATATCCGCCTCT,0,5227640
yqjE_yqjK_yqjD_yqjC_predicted,0.25,3,3,CGTTTATACGACGCGTAGAA,0,5220597
yqjE_yqjK_yqjD_yqjC_predicted,0.25,3,3,CGTTCTTACAGTGCCGCGGC,0,5260924
yqjE_yqjK_yqjD_yqjC_predicted,0.25,3,3,CGTTCAGTCCCTTATGAAAG,0,5176340
yqjE_yqjK_yqjD_yqjC_predicted,0.25,3,3,CGTGTTCACGGCAATGTACC,0,5217037
yqjE_yqjK_yqjD_yqjC_predicted,0.25,3,3,CGTGGGAGTCCCGGAGCCTC,0,5240171
yqjE_yqjK_yqjD_yqjC_predicted,0.25,3,3,CGTGAGGGATCGGACGAGAC,0,5203175
yqjE_yqjK_yqjD_yqjC_predicted,0.25,3,3,CGTGACTGGAACGGCGTCTA,0,5177354
yqjE_yqjK_yqjD_yqjC_predicted,0.25,3,3,CGTGACCGTTGGGAATCGCT,0,5229211
yqjE_yqjK_yqjD_yqjC_predicted,0.25,3,3,CGTGACCGGGTTAGATCTAT,0,5197988
yqjE_yqjK_yqjD_yqjC_predicted,0.25,3,3,CGTCGGCGTTGATATGAGAA,0,5217911
yqjE_yqjK_yqjD_yqjC_predicted,0.25,3,3,CGTCGGATGCTACCATCCAA,0,5199241
yqjE_yqjK_yqjD_yqjC_predicted,0.25,3,3,CGTCCCGGCAAGATTAGCTC,0,5199411
yqjE_yqjK_yqjD_yqjC_predicted,0.25,3,3,CGTCCCCCTTGAAGCGCTAC,0,5252535
yqjE_yqjK_yqjD_yqjC_predicted,0.25,3,3,CGTCACATCATGAGTAATCT,0,5191593
yqjE_yqjK_yqjD_yqjC_predicted,0.25,3,3,CGTCACATATCAAAGGACTT,0,5200877
yqjE_yqjK_yqjD_yqjC_predicted,0.25,3,3,CGTATCCTTTACGGGCCGGA,0,5200775
yqjE_yqjK_yqjD_yqjC_predicted,0.25,3,3,CGTAGTTAGCCCCTCCGAGT,0,5244189
yqjE_yqjK_yqjD_yqjC_predicted,0.25,3,3,CGTAGTCGTTAAACTTCAGT,0,5196328
yqjE_yqjK_yqjD_yqjC_predicted,0.25,3,3,CGTAGGCAACCTGGTCGAAA,0,5232743
yqjE_yqjK_yqjD_yqjC_predicted,0.25,3,3,CGTAGACCTCGTTAAGTCGC,0,5186377
yqjE_yqjK_yqjD_yqjC_predicted,0.25,3,3,CGTACAGTAGGCCGCAGGAA,0,5247632
yqjE_yqjK_yqjD_yqjC_predicted,0.25,3,3,CGGTTTAATATAGGATTGAC,0,5229848
yqjE_yqjK_yqjD_yqjC_predicted,0.25,3,3,CGGTTACATGCACGATGCGT,0,5210356
yqjE_yqjK_yqjD_yqjC_predicted,0.25,3,3,CGGTGTCCTTAGGCCACTTC,0,5185679
yqjE_yqjK_yqjD_yqjC_predicted,0.25,3,3,CGGTCGCCAATGACGTATTA,0,5224103
yqjE_yqjK_yqjD_yqjC_predicted,0.25,3,3,CGGTCCTACGGCCATTTGGT,0,5191139
yqjE_yqjK_yqjD_yqjC_predicted,0.25,3,3,CGGTCCAACGATGCGGCCGC,0,5262813
yqjE_yqjK_yqjD_yqjC_predicted,0.25,3,3,CGGTATGTGCCTGTGACAGT,0,5235473
yqjE_yqjK_yqjD_yqjC_predicted,0.25,3,3,CGGTAGGACCCCGTTAGGTG,0,5238468
yqjE_yqjK_yqjD_yqjC_predicted,0.25,3,3,CGGTAGCTGTAATTCTGGTA,0,5213618
yqjE_yqjK_yqjD_yqjC_predicted,0.25,3,3,CGGTACACTCTATAGACTCC,0,5223839
yqjE_yqjK_yqjD_yqjC_predicted,0.25,3,3,CGGGTTTCTTGCCAGGGAAA,0,5241286
yqjE_yqjK_yqjD_yqjC_predicted,0.25,3,3,CGGGTTTATTTACACCTCGA,0,5172225
yqjE_yqjK_yqjD_yqjC_predicted,0.25,3,3,CGGGTGTACATACTCAGCCT,0,5187854
yqjE_yqjK_yqjD_yqjC_predicted,0.25,3,3,CGGGTAACATGCGCGTTCGG,0,5224845
yqjE_yqjK_yqjD_yqjC_predicted,0.25,3,3,CGGGGAGCGGAAAAACTCAC,0,5224317
yqjE_yqjK_yqjD_yqjC_predicted,0.25,3,3,CGGGACTCTTTTCTTCTTAC,0,5185800
yqjE_yqjK_yqjD_yqjC_predicted,0.25,3,3,CGGGACCCATGAACATGCGG,0,5174504
yqjE_yqjK_yqjD_yqjC_predicted,0.25,3,3,CGGCTTTGTGTACTTTGCGT,0,5238907
yqjE_yqjK_yqjD_yqjC_predicted,0.25,3,3,CGGCTTCGAGGCCAGTTTGC,0,5250333
yqjE_yqjK_yqjD_yqjC_predicted,0.25,3,3,CGGCTGCAAGACGCCCGTAA,0,5183783
yqjE_yqjK_yqjD_yqjC_predicted,0.25,3,3,CGGCGTAATTTCATTGCGGG,0,5181863
yqjE_yqjK_yqjD_yqjC_predicted,0.25,3,3,CGGCGGGGTCGCAGTTAGCC,0,5203474
yqjE_yqjK_yqjD_yqjC_predicted,0.25,3,3,CGGCGGCGCCAGCAATAACA,0,5193169
yqjE_yqjK_yqjD_yqjC_predicted,0.25,3,3,CGGCGCCGGTGCGTTTCCGG,0,5211887
yqjE_yqjK_yqjD_yqjC_predicted,0.25,3,3,CGGCGAATCCTTATCATGCT,0,5217588
yqjE_yqjK_yqjD_yqjC_predicted,0.25,3,3,CGGCATGGGTATCACAGCAT,0,5218437
yqjE_yqjK_yqjD_yqjC_predicted,0.25,3,3,CGGCAGTAGGCACCTAGTTT,0,5234660
yqjE_yqjK_yqjD_yqjC_predicted,0.25,3,3,CGGCAAGAGTGACAGTACCC,0,5208634
yqjE_yqjK_yqjD_yqjC_predicted,0.25,3,3,CGGATTGTTAAGTTTTCACT,0,5186680
yqjE_yqjK_yqjD_yqjC_predicted,0.25,3,3,CGGATGGGGCCGAATACCAC,0,5206182
yqjE_yqjK_yqjD_yqjC_predicted,0.25,3,3,CGGATGCACCTCACGGGACG,0,5201410
yqjE_yqjK_yqjD_yqjC_predicted,0.25,3,3,CGGATCCGTGAAATCCTGCA,0,5219685
yqjE_yqjK_yqjD_yqjC_predicted,0.25,3,3,CGGACTTGTGATCTCTTGAC,0,5254635
yqjE_yqjK_yqjD_yqjC_predicted,0.25,3,3,CGGACGGGATGGGCCCGAGT,0,5178538
yqjE_yqjK_yqjD_yqjC_predicted,0.25,3,3,CGGACCGGTGACTTTCGCTT,0,5259440
yqjE_yqjK_yqjD_yqjC_predicted,0.25,3,3,CGGACCAGCGAGCCTGGTGA,0,5251592
yqjE_yqjK_yqjD_yqjC_predicted,0.25,3,3,CGGAAGCAATGCAAGCGAAT,0,5238493
yqjE_yqjK_yqjD_yqjC_predicted,0.25,3,3,CGGAAGATACGGGCCGGTGC,0,5228367
yqjE_yqjK_yqjD_yqjC_predicted,0.25,3,3,CGCTGTCGAGCGAGTATCGT,0,5240983
yqjE_yqjK_yqjD_yqjC_predicted,0.25,3,3,CGCTCGAAACCGCTCTGAAT,0,5262205
yqjE_yqjK_yqjD_yqjC_predicted,0.25,3,3,CGCTCCTGTCGTCCAAACGC,0,5194363
yqjE_yqjK_yqjD_yqjC_predicted,0.25,3,3,CGCTATTACATACGTTGATG,0,5232465
yqjE_yqjK_yqjD_yqjC_predicted,0.25,3,3,CGCTATGTAAACTACGAAAG,0,5186758
yqjE_yqjK_yqjD_yqjC_predicted,0.25,3,3,CGCGTTTGGCCACAATGAGC,0,5202225
yqjE_yqjK_yqjD_yqjC_predicted,0.25,3,3,CGCGGATTGTAGGCTCCCCG,0,5178909
yqjE_yqjK_yqjD_yqjC_predicted,0.25,3,3,CGCGCGGGCTTTCGTAAAGT,0,5224404
yqjE_yqjK_yqjD_yqjC_predicted,0.25,3,3,CGCGCCAATGCAGTTCGTAG,0,5258218
yqjE_yqjK_yqjD_yqjC_predicted,0.25,3,3,CGCCTGGCGTGGCATTATAG,0,5217557
yqjE_yqjK_yqjD_yqjC_predicted,0.25,3,3,CGCCTCCAGCAGACCTAGTC,0,5193061
yqjE_yqjK_yqjD_yqjC_predicted,0.25,3,3,CGCCGAATCGGGCTCCATGT,0,5230752
yqjE_yqjK_yqjD_yqjC_predicted,0.25,3,3,CGCCCTATTAAGTGATCATT,0,5191441
yqjE_yqjK_yqjD_yqjC_predicted,0.25,3,3,CGCCCGGTCGGGTACCGCGG,0,5246128
yqjE_yqjK_yqjD_yqjC_predicted,0.25,3,3,CGCCCCAGTGGAGACCTAAA,0,5195780
yqjE_yqjK_yqjD_yqjC_predicted,0.25,3,3,CGCCACTGGTCTGCAAAGTG,0,5223120
yqjE_yqjK_yqjD_yqjC_predicted,0.25,3,3,CGCATTCTTCGCGGGGTCTG,0,5197029
yqjE_yqjK_yqjD_yqjC_predicted,0.25,3,3,CGCATGTTTGTTGACTACAG,0,5243915
yqjE_yqjK_yqjD_yqjC_predicted,0.25,3,3,CGCATAGTGAAACATCGGTT,0,5185787
yqjE_yqjK_yqjD_yqjC_predicted,0.25,3,3,CGCAGCTCCAGCAAGCCATG,0,5220377
yqjE_yqjK_yqjD_yqjC_predicted,0.25,3,3,CGCAGAGGACGTAGGGTAAA,0,5244969
yqjE_yqjK_yqjD_yqjC_predicted,0.25,3,3,CGCAGAACGGGTAACCGAAA,0,5222900
yqjE_yqjK_yqjD_yqjC_predicted,0.25,3,3,CGCACACCAAAGAGAGATAT,0,5215507
yqjE_yqjK_yqjD_yqjC_predicted,0.25,3,3,CGCAACAAACTGAGAATTTG,0,5197160
yqjE_yqjK_yqjD_yqjC_predicted,0.25,3,3,CGCAAAGATGTGTTGCTTCA,0,5193320
yqjE_yqjK_yqjD_yqjC_predicted,0.25,3,3,CGATTGTTGCTTTATCTATC,0,5218279
yqjE_yqjK_yqjD_yqjC_predicted,0.25,3,3,CGATGTCGGTACTAGGAAAC,0,5237065
yqjE_yqjK_yqjD_yqjC_predicted,0.25,3,3,CGATCGGTAACTGGATTGTC,0,5247904
yqjE_yqjK_yqjD_yqjC_predicted,0.25,3,3,CGATCACGATCCTTTGTAGA,0,5225090
yqjE_yqjK_yqjD_yqjC_predicted,0.25,3,3,CGATATCGCTCTGAATTTCC,0,5246825
yqjE_yqjK_yqjD_yqjC_predicted,0.25,3,3,CGATAACTAGGGACACGGTT,0,5214929
yqjE_yqjK_yqjD_yqjC_predicted,0.25,3,3,CGAGTGCCCGCCGTTTTCGG,0,5213729
yqjE_yqjK_yqjD_yqjC_predicted,0.25,3,3,CGAGTATCATTGGCAAGCAA,0,5236690
yqjE_yqjK_yqjD_yqjC_predicted,0.25,3,3,CGAGCTCCTATTCCCCGCTC,0,5232556
yqjE_yqjK_yqjD_yqjC_predicted,0.25,3,3,CGAGAAAGCTCACATCTTGG,0,5212244
yqjE_yqjK_yqjD_yqjC_predicted,0.25,3,3,CGACTCCTCAGACAGGAGTT,0,5193606
yqjE_yqjK_yqjD_yqjC_predicted,0.25,3,3,CGACGGCCTGCATACAGTCT,0,5213110
yqjE_yqjK_yqjD_yqjC_predicted,0.25,3,3,CGACGCATTTCTGGCGGTTC,0,5178124
yqjE_yqjK_yqjD_yqjC_predicted,0.25,3,3,CGACCGGTACCGCGCATCGA,0,5256813
yqjE_yqjK_yqjD_yqjC_predicted,0.25,3,3,CGACCCGATATGTACGATCG,0,5174132
yqjE_yqjK_yqjD_yqjC_predicted,0.25,3,3,CGAATCAGTGACTGAATGTT,0,5177161
yqjE_yqjK_yqjD_yqjC_predicted,0.25,3,3,CGAAGAACTGTATAACTCTT,0,5238512
yqjE_yqjK_yqjD_yqjC_predicted,0.25,3,3,CGAAAGGACAGGTGCGTTCC,0,5262012
yqjE_yqjK_yqjD_yqjC_predicted,0.25,3,3,CCTTTTTTGCTCGACCGGGA,0,5199027
yqjE_yqjK_yqjD_yqjC_predicted,0.25,3,3,CCTTTTTGTCGGGTCTGACC,0,5215291
yqjE_yqjK_yqjD_yqjC_predicted,0.25,3,3,CCTTTAGTCCGGGGGAAGGC,0,5237877
yqjE_yqjK_yqjD_yqjC_predicted,0.25,3,3,CCTTTACCGTGTCTGTACGG,0,5243053
yqjE_yqjK_yqjD_yqjC_predicted,0.25,3,3,CCTTCGATGTCCCCCGACTA,0,5175856
yqjE_yqjK_yqjD_yqjC_predicted,0.25,3,3,CCTTCCGTTACGATGGTGTT,0,5188785
yqjE_yqjK_yqjD_yqjC_predicted,0.25,3,3,CCTTCAGTACACGGCCGGAA,0,5222588
yqjE_yqjK_yqjD_yqjC_predicted,0.25,3,3,CCTTAGCCTAGGGCATCGCA,0,5181507
yqjE_yqjK_yqjD_yqjC_predicted,0.25,3,3,CCTGTCGTTAAACGTTCTGG,0,5217407
yqjE_yqjK_yqjD_yqjC_predicted,0.25,3,3,CCTGTACGCTAAGTTAAGAG,0,5176422
yqjE_yqjK_yqjD_yqjC_predicted,0.25,3,3,CCTGGGTTTTAACATTTGAC,0,5181928
yqjE_yqjK_yqjD_yqjC_predicted,0.25,3,3,CCTGGGCGCATGCTGTCAAA,0,5247712
yqjE_yqjK_yqjD_yqjC_predicted,0.25,3,3,CCTGGCTTACATATAAATGG,0,5255370
yqjE_yqjK_yqjD_yqjC_predicted,0.25,3,3,CCTGGACCGCGAGAACAAAT,0,5244352
yqjE_yqjK_yqjD_yqjC_predicted,0.25,3,3,CCTGCAAGATGGCCCATTCA,0,5249239
yqjE_yqjK_yqjD_yqjC_predicted,0.25,3,3,CCTCGCCCAACAATGACAAA,0,5262552
yqjE_yqjK_yqjD_yqjC_predicted,0.25,3,3,CCTATCTCGCGTGAGTTATA,0,5171768
yqjE_yqjK_yqjD_yqjC_predicted,0.25,3,3,CCTAGTGGGCATAGTGCAAA,0,5178156
yqjE_yqjK_yqjD_yqjC_predicted,0.25,3,3,CCTACCAGACCACCAAGCTG,0,5237553
yqjE_yqjK_yqjD_yqjC_predicted,0.25,3,3,CCGTTATTGTCGCTCCACAC,0,5178810
yqjE_yqjK_yqjD_yqjC_predicted,0.25,3,3,CCGTGGCAACGTTTGTCCAT,0,5262459
yqjE_yqjK_yqjD_yqjC_predicted,0.25,3,3,CCGTGCGGGCAAGGCTCGCA,0,5223652
yqjE_yqjK_yqjD_yqjC_predicted,0.25,3,3,CCGTGCGGATACTGGTTGGG,0,5261315
yqjE_yqjK_yqjD_yqjC_predicted,0.25,3,3,CCGTCGGCTTAATACCACAA,0,5173354
yqjE_yqjK_yqjD_yqjC_predicted,0.25,3,3,CCGTCCCCCCAAACTTGCGC,0,5205491
yqjE_yqjK_yqjD_yqjC_predicted,0.25,3,3,CCGTACACTTGGATTTCAAT,0,5195488
yqjE_yqjK_yqjD_yqjC_predicted,0.25,3,3,CCGGTCACCCTGAAGGACTC,0,5220766
yqjE_yqjK_yqjD_yqjC_predicted,0.25,3,3,CCGGTACCCACTTTGGTCCA,0,5214398
yqjE_yqjK_yqjD_yqjC_predicted,0.25,3,3,CCGGGTACGGATCTGGGGGG,0,5195043
yqjE_yqjK_yqjD_yqjC_predicted,0.25,3,3,CCGGGCGCAGGACGCAGTAT,0,5255948
yqjE_yqjK_yqjD_yqjC_predicted,0.25,3,3,CCGGGAATAGGGGTAACTGA,0,5262451
yqjE_yqjK_yqjD_yqjC_predicted,0.25,3,3,CCGGCGCGGCCGTGGAAGTC,0,5202722
yqjE_yqjK_yqjD_yqjC_predicted,0.25,3,3,CCGGCGCATAAAAGACTGGG,0,5227224
yqjE_yqjK_yqjD_yqjC_predicted,0.25,3,3,CCGGCACGTCTTGCCGCTGG,0,5171692
yqjE_yqjK_yqjD_yqjC_predicted,0.25,3,3,CCGGCAAGACATTGAGTGCG,0,5197559
yqjE_yqjK_yqjD_yqjC_predicted,0.25,3,3,CCGCGCCAATATCATGCATT,0,5248419
yqjE_yqjK_yqjD_yqjC_predicted,0.25,3,3,CCGCCTGCCACACGCACCCT,0,5255736
yqjE_yqjK_yqjD_yqjC_predicted,0.25,3,3,CCGCCTGATCATCCCCGGCT,0,5258120
yqjE_yqjK_yqjD_yqjC_predicted,0.25,3,3,CCGCCGCTTTCGTTCGGGTC,0,5243543
yqjE_yqjK_yqjD_yqjC_predicted,0.25,3,3,CCGCCCTCCAGGAGACATTG,0,5186713
yqjE_yqjK_yqjD_yqjC_predicted,0.25,3,3,CCGCCAGTTTTTAACAAAGA,0,5238323
yqjE_yqjK_yqjD_yqjC_predicted,0.25,3,3,CCGCCACTAAACTTGGGCTC,0,5228713
yqjE_yqjK_yqjD_yqjC_predicted,0.25,3,3,CCGCCACCTACGTCCGGTTC,0,5260084
yqjE_yqjK_yqjD_yqjC_predicted,0.25,3,3,CCGCACTGGTACGGTCTTTC,0,5217756
yqjE_yqjK_yqjD_yqjC_predicted,0.25,3,3,CCGCAACGCTATGGCCTGTA,0,5206179
yqjE_yqjK_yqjD_yqjC_predicted,0.25,3,3,CCGATTCGGTTGTTAAGCGT,0,5246069
yqjE_yqjK_yqjD_yqjC_predicted,0.25,3,3,CCGAGAATAGGTTCTGTTAC,0,5200234
yqjE_yqjK_yqjD_yqjC_predicted,0.25,3,3,CCGACATTTTTATAGAATTA,0,5237225
yqjE_yqjK_yqjD_yqjC_predicted,0.25,3,3,CCCTTTTCCGCAGCTTTGAT,0,5190779
yqjE_yqjK_yqjD_yqjC_predicted,0.25,3,3,CCCTGTTCAAAAGCGGTACT,0,5231784
yqjE_yqjK_yqjD_yqjC_predicted,0.25,3,3,CCCTCTCCCGCTAGAGTGAG,0,5251212
yqjE_yqjK_yqjD_yqjC_predicted,0.25,3,3,CCCTCCAAATGGATAAGGCA,0,5185002
yqjE_yqjK_yqjD_yqjC_predicted,0.25,3,3,CCCTATTACATGAGAGAGTG,0,5250279
yqjE_yqjK_yqjD_yqjC_predicted,0.25,3,3,CCCGTGCTCACGTGTATAAA,0,5255184
yqjE_yqjK_yqjD_yqjC_predicted,0.25,3,3,CCCGTCGAAGCGAACATTGT,0,5179015
yqjE_yqjK_yqjD_yqjC_predicted,0.25,3,3,CCCGTCATTGGCCCGTTCAT,0,5256805
yqjE_yqjK_yqjD_yqjC_predicted,0.25,3,3,CCCGTAAAAAGCGTATCTAG,0,5254903
yqjE_yqjK_yqjD_yqjC_predicted,0.25,3,3,CCCGGTCTACACATAATGCC,0,5224204
yqjE_yqjK_yqjD_yqjC_predicted,0.25,3,3,CCCGGGCGACGGAGGTTCCA,0,5196760
yqjE_yqjK_yqjD_yqjC_predicted,0.25,3,3,CCCGCTGGGTACGTAACTTA,0,5174266
yqjE_yqjK_yqjD_yqjC_predicted,0.25,3,3,CCCCTGCGTCTCTTTACGAC,0,5212826
yqjE_yqjK_yqjD_yqjC_predicted,0.25,3,3,CCCCAAACCTGTCCTCGAGG,0,5251165
yqjE_yqjK_yqjD_yqjC_predicted,0.25,3,3,CCCATTGGATACATATGACT,0,5243446
yqjE_yqjK_yqjD_yqjC_predicted,0.25,3,3,CCCATGGTAGCCCCGCAAGC,0,5247159
yqjE_yqjK_yqjD_yqjC_predicted,0.25,3,3,CCCATGCATATAGACTGTGA,0,5251151
yqjE_yqjK_yqjD_yqjC_predicted,0.25,3,3,CCCATGAATGGTTTGCATTT,0,5175422
yqjE_yqjK_yqjD_yqjC_predicted,0.25,3,3,CCCAGTAAAAGTCGCCGGGT,0,5247053
yqjE_yqjK_yqjD_yqjC_predicted,0.25,3,3,CCCAGCCGGGAGTTTGTTGC,0,5251483
yqjE_yqjK_yqjD_yqjC_predicted,0.25,3,3,CCCAGAGGCCCATGTCATAG,0,5207503
yqjE_yqjK_yqjD_yqjC_predicted,0.25,3,3,CCCACCTGACTAATCTGTGG,0,5234749
yqjE_yqjK_yqjD_yqjC_predicted,0.25,3,3,CCCAACCATTTTATGGAGCG,0,5233406
yqjE_yqjK_yqjD_yqjC_predicted,0.25,3,3,CCCAAATTTGCAGCCTTTCT,0,5200825
yqjE_yqjK_yqjD_yqjC_predicted,0.25,3,3,CCCAAAAGATCGCAAACAGG,0,5219731
yqjE_yqjK_yqjD_yqjC_predicted,0.25,3,3,CCATTCGGAGAAAAGCTTCT,0,5184536
yqjE_yqjK_yqjD_yqjC_predicted,0.25,3,3,CCATTACGCCTGGCCCATAA,0,5255237
yqjE_yqjK_yqjD_yqjC_predicted,0.25,3,3,CCATGAGGGATGCTCGTTCT,0,5214866
yqjE_yqjK_yqjD_yqjC_predicted,0.25,3,3,CCATCTTGGATTGTTGGTCA,0,5260572
yqjE_yqjK_yqjD_yqjC_predicted,0.25,3,3,CCATCTAGGATATTTCTTGT,0,5230029
yqjE_yqjK_yqjD_yqjC_predicted,0.25,3,3,CCATATTTTATGTAATCAAA,0,5178435
yqjE_yqjK_yqjD_yqjC_predicted,0.25,3,3,CCATAGGGCCTTTCAGCCGC,0,5232975
yqjE_yqjK_yqjD_yqjC_predicted,0.25,3,3,CCATAATATCCGCAATTCAC,0,5247016
yqjE_yqjK_yqjD_yqjC_predicted,0.25,3,3,CCAGTTAAAGCACATTAAGT,0,5235936
yqjE_yqjK_yqjD_yqjC_predicted,0.25,3,3,CCAGTGGCCGGTACTAGATG,0,5204489
yqjE_yqjK_yqjD_yqjC_predicted,0.25,3,3,CCAGTCTGATACGCGCTAGC,0,5250319
yqjE_yqjK_yqjD_yqjC_predicted,0.25,3,3,CCAGGTTTGTGTCCCCGCGT,0,5203341
yqjE_yqjK_yqjD_yqjC_predicted,0.25,3,3,CCAGGGGTCGCAGACGTCCC,0,5218471
yqjE_yqjK_yqjD_yqjC_predicted,0.25,3,3,CCAGGGGCTACGCAGGGCCA,0,5217757
yqjE_yqjK_yqjD_yqjC_predicted,0.25,3,3,CCAGGCACCAAATCTGGTTG,0,5259353
yqjE_yqjK_yqjD_yqjC_predicted,0.25,3,3,CCAGACGGCCAACATTGGGG,0,5235587
yqjE_yqjK_yqjD_yqjC_predicted,0.25,3,3,CCACTTCGCGTCAAGTTGGT,0,5231335
yqjE_yqjK_yqjD_yqjC_predicted,0.25,3,3,CCACTGGATTTGCCACTGCC,0,5208139
yqjE_yqjK_yqjD_yqjC_predicted,0.25,3,3,CCACTGCTCCGGCCACGCAG,0,5255099
yqjE_yqjK_yqjD_yqjC_predicted,0.25,3,3,CCACTATTTTGATTAGGGCA,0,5181582
yqjE_yqjK_yqjD_yqjC_predicted,0.25,3,3,CCACGTAGCTACGCTGGAGG,0,5253090
yqjE_yqjK_yqjD_yqjC_predicted,0.25,3,3,CCACGAGACGGGGTCAACCC,0,5247613
yqjE_yqjK_yqjD_yqjC_predicted,0.25,3,3,CCACAGGCAGGTAAATCTGC,0,5190267
yqjE_yqjK_yqjD_yqjC_predicted,0.25,3,3,CCACAAATCTTCGGGTCCCC,0,5197359
yqjE_yqjK_yqjD_yqjC_predicted,0.25,3,3,CCAATTTAACTTGGCGTCGG,0,5211577
yqjE_yqjK_yqjD_yqjC_predicted,0.25,3,3,CCAAGTGGGAACCGATGACA,0,5262124
yqjE_yqjK_yqjD_yqjC_predicted,0.25,3,3,CCAAGGTTGGTTCCGATGCA,0,5237067
yqjE_yqjK_yqjD_yqjC_predicted,0.25,3,3,CCAAGGATAAGGACGCTGCG,0,5211716
yqjE_yqjK_yqjD_yqjC_predicted,0.25,3,3,CCAACGTTTTTTTTGCGGTC,0,5238447
yqjE_yqjK_yqjD_yqjC_predicted,0.25,3,3,CCAAATCCCTTGTAGGACTA,0,5242610
yqjE_yqjK_yqjD_yqjC_predicted,0.25,3,3,CCAAACTCGTCAGGGGATCT,0,5199384
yqjE_yqjK_yqjD_yqjC_predicted,0.25,3,3,CATTTGACGGAGACAAAGAT,0,5188820
yqjE_yqjK_yqjD_yqjC_predicted,0.25,3,3,CATTGGCTAATCATACAGGA,0,5197965
yqjE_yqjK_yqjD_yqjC_predicted,0.25,3,3,CATTGCATTACATGTAGCAT,0,5180437
yqjE_yqjK_yqjD_yqjC_predicted,0.25,3,3,CATTCCGGCAGCTTCATCTT,0,5255899
yqjE_yqjK_yqjD_yqjC_predicted,0.25,3,3,CATTCATCACTCCGCAACGT,0,5236994
yqjE_yqjK_yqjD_yqjC_predicted,0.25,3,3,CATTCACGCCTGATAAATCA,0,5246345
yqjE_yqjK_yqjD_yqjC_predicted,0.25,3,3,CATTATGGTTACTTCGCTTG,0,5259728
yqjE_yqjK_yqjD_yqjC_predicted,0.25,3,3,CATTAGCATGAGTGCTGAAC,0,5238846
yqjE_yqjK_yqjD_yqjC_predicted,0.25,3,3,CATTAATTGGGGGATCAGAC,0,5230297
yqjE_yqjK_yqjD_yqjC_predicted,0.25,3,3,CATGTTAATGATGACGTCGC,0,5182634
yqjE_yqjK_yqjD_yqjC_predicted,0.25,3,3,CATGTGCGGAACCCGCCGGC,0,5239252
yqjE_yqjK_yqjD_yqjC_predicted,0.25,3,3,CATGTAGACCTAATGCTGGG,0,5258337
yqjE_yqjK_yqjD_yqjC_predicted,0.25,3,3,CATGAACTGTGTTTCAGAAG,0,5216657
yqjE_yqjK_yqjD_yqjC_predicted,0.25,3,3,CATGAACGTGCAGCGCTCCA,0,5248794
yqjE_yqjK_yqjD_yqjC_predicted,0.25,3,3,CATCTGTCTTTAGCCTAGAA,0,5246376
yqjE_yqjK_yqjD_yqjC_predicted,0.25,3,3,CATCTCGGTACTTGGGATTA,0,5238940
yqjE_yqjK_yqjD_yqjC_predicted,0.25,3,3,CATCTCCGCTCGGGTTTCGG,0,5247885
yqjE_yqjK_yqjD_yqjC_predicted,0.25,3,3,CATCGTGGATATTAGAACTC,0,5214818
yqjE_yqjK_yqjD_yqjC_predicted,0.25,3,3,CATCATCAGGAGCTTGATGA,0,5223354
yqjE_yqjK_yqjD_yqjC_predicted,0.25,3,3,CATCAGTATACATGCGGTCG,0,5176560
yqjE_yqjK_yqjD_yqjC_predicted,0.25,3,3,CATCAACGCAAGGCCAACAA,0,5230678
yqjE_yqjK_yqjD_yqjC_predicted,0.25,3,3,CATATTAACTCTTGGATCCG,0,5226588
yqjE_yqjK_yqjD_yqjC_predicted,0.25,3,3,CATATACCCGTCTACTACTA,0,5207153
yqjE_yqjK_yqjD_yqjC_predicted,0.25,3,3,CATAGCGCCAGTTGCCAGAA,0,5255390
yqjE_yqjK_yqjD_yqjC_predicted,0.25,3,3,CATACTTGGAGCTCAACATA,0,5241083
yqjE_yqjK_yqjD_yqjC_predicted,0.25,3,3,CATACAAGGTTAGGATCTGG,0,5217913
yqjE_yqjK_yqjD_yqjC_predicted,0.25,3,3,CAGTTTGCCGGCATTTGTCT,0,5180403
yqjE_yqjK_yqjD_yqjC_predicted,0.25,3,3,CAGTGTCCGGAACCCTAGCC,0,5251942
yqjE_yqjK_yqjD_yqjC_predicted,0.25,3,3,CAGTGCCGCGTAGTTGATGG,0,5213700
yqjE_yqjK_yqjD_yqjC_predicted,0.25,3,3,CAGTCGGGAAAGCACATTAG,0,5226502
yqjE_yqjK_yqjD_yqjC_predicted,0.25,3,3,CAGTCAACAAAACGCCATAT,0,5211171
yqjE_yqjK_yqjD_yqjC_predicted,0.25,3,3,CAGTATTGAGCCCTCATGTT,0,5192655
yqjE_yqjK_yqjD_yqjC_predicted,0.25,3,3,CAGTATCCAGTTCGGGGTTA,0,5245923
yqjE_yqjK_yqjD_yqjC_predicted,0.25,3,3,CAGTAGTGACGGTGCTACTC,0,5204842
yqjE_yqjK_yqjD_yqjC_predicted,0.25,3,3,CAGTAAGACCTTTATTCTTG,0,5197721
yqjE_yqjK_yqjD_yqjC_predicted,0.25,3,3,CAGGTGGCCACGCTAGTGGC,0,5184598
yqjE_yqjK_yqjD_yqjC_predicted,0.25,3,3,CAGGTCATTTTCGACAACGG,0,5240179
yqjE_yqjK_yqjD_yqjC_predicted,0.25,3,3,CAGGTCATAAATACATAAGC,0,5238096
yqjE_yqjK_yqjD_yqjC_predicted,0.25,3,3,CAGGTAGGTGGGACTCCAGC,0,5245456
yqjE_yqjK_yqjD_yqjC_predicted,0.25,3,3,CAGGTACTCCCGACGGACAC,0,5231722
yqjE_yqjK_yqjD_yqjC_predicted,0.25,3,3,CAGGTACTACCGTGACACCC,0,5225418
yqjE_yqjK_yqjD_yqjC_predicted,0.25,3,3,CAGGGGTGACATTTAGGACG,0,5191765
yqjE_yqjK_yqjD_yqjC_predicted,0.25,3,3,CAGGGGATTGGCCGTGCGAT,0,5199863
yqjE_yqjK_yqjD_yqjC_predicted,0.25,3,3,CAGGGATGGAGTTACTGTGT,0,5259617
yqjE_yqjK_yqjD_yqjC_predicted,0.25,3,3,CAGGGACGTCATAATAGGGC,0,5210842
yqjE_yqjK_yqjD_yqjC_predicted,0.25,3,3,CAGGCTCGTTCATAGCTATC,0,5243337
yqjE_yqjK_yqjD_yqjC_predicted,0.25,3,3,CAGGCGTTCCTATAAGTAAT,0,5208127
yqjE_yqjK_yqjD_yqjC_predicted,0.25,3,3,CAGGCGTATTTAGTGATACT,0,5184902
yqjE_yqjK_yqjD_yqjC_predicted,0.25,3,3,CAGGCGCGCGGTGTATTCCC,0,5185846
yqjE_yqjK_yqjD_yqjC_predicted,0.25,3,3,CAGGACAGACCATGGCCACA,0,5254056
yqjE_yqjK_yqjD_yqjC_predicted,0.25,3,3,CAGCTTCGCCTCGGGTGCTT,0,5201587
yqjE_yqjK_yqjD_yqjC_predicted,0.25,3,3,CAGCGTTGGATCCCAAGGGT,0,5238558
yqjE_yqjK_yqjD_yqjC_predicted,0.25,3,3,CAGCGGTGGCCAGACGGATC,0,5257759
yqjE_yqjK_yqjD_yqjC_predicted,0.25,3,3,CAGCGCGCTCATAGCGGGAG,0,5258385
yqjE_yqjK_yqjD_yqjC_predicted,0.25,3,3,CAGCCCCGATCGGTTAGATC,0,5194012
yqjE_yqjK_yqjD_yqjC_predicted,0.25,3,3,CAGCATCGGTTTCCCATCTA,0,5238407
yqjE_yqjK_yqjD_yqjC_predicted,0.25,3,3,CAGCACACCTGGACAGCAGG,0,5253084
yqjE_yqjK_yqjD_yqjC_predicted,0.25,3,3,CAGCAACAAAGGTATGGAGT,0,5244096
yqjE_yqjK_yqjD_yqjC_predicted,0.25,3,3,CAGATAGCGTACAAAGGACT,0,5180942
yqjE_yqjK_yqjD_yqjC_predicted,0.25,3,3,CAGAGTCTCTTCCCCTTTGC,0,5226878
yqjE_yqjK_yqjD_yqjC_predicted,0.25,3,3,CAGAGGTTTATGCCATTGTC,0,5201547
yqjE_yqjK_yqjD_yqjC_predicted,0.25,3,3,CAGACGTTATTAGAAACTTC,0,5180508
yqjE_yqjK_yqjD_yqjC_predicted,0.25,3,3,CAGAAGCATACTTGTATGTG,0,5181184
yqjE_yqjK_yqjD_yqjC_predicted,0.25,3,3,CACTTCCGCACGGTGAAACC,0,5194231
yqjE_yqjK_yqjD_yqjC_predicted,0.25,3,3,CACTGTCCATTGCATAGAAG,0,5187452
yqjE_yqjK_yqjD_yqjC_predicted,0.25,3,3,CACTCTAAGACGCAAATACG,0,5242093
yqjE_yqjK_yqjD_yqjC_predicted,0.25,3,3,CACTCGCTTCGTGCCGGACG,0,5249000
yqjE_yqjK_yqjD_yqjC_predicted,0.25,3,3,CACTCACCCATGTTATGTGT,0,5231170
yqjE_yqjK_yqjD_yqjC_predicted,0.25,3,3,CACTAGCAACCTCTCCAACA,0,5258214
yqjE_yqjK_yqjD_yqjC_predicted,0.25,3,3,CACTACTACTCACAGGACGC,0,5230301
yqjE_yqjK_yqjD_yqjC_predicted,0.25,3,3,CACTACATCGGGCTATGACA,0,5236504
yqjE_yqjK_yqjD_yqjC_predicted,0.25,3,3,CACGTTTGGTAGACGTTCAA,0,5257284
yqjE_yqjK_yqjD_yqjC_predicted,0.25,3,3,CACGTGACCACCCCTGTTTT,0,5224638
yqjE_yqjK_yqjD_yqjC_predicted,0.25,3,3,CACGGTTTACAACGTGCGGG,0,5216614
yqjE_yqjK_yqjD_yqjC_predicted,0.25,3,3,CACGGCTCAGAGAGAGCAGT,0,5202499
yqjE_yqjK_yqjD_yqjC_predicted,0.25,3,3,CACGGCACTAAGTTGACAGG,0,5204390
yqjE_yqjK_yqjD_yqjC_predicted,0.25,3,3,CACGGATGACTAATGGACTA,0,5246581
yqjE_yqjK_yqjD_yqjC_predicted,0.25,3,3,CACGCTACGATTCGTTCGGA,0,5184643
yqjE_yqjK_yqjD_yqjC_predicted,0.25,3,3,CACGCGCACGGGTGCGTAAG,0,5202316
yqjE_yqjK_yqjD_yqjC_predicted,0.25,3,3,CACCGTACCACGTGTACCAC,0,5180883
yqjE_yqjK_yqjD_yqjC_predicted,0.25,3,3,CACCAGACGGGTTTAACTGC,0,5227797
yqjE_yqjK_yqjD_yqjC_predicted,0.25,3,3,CACAGTTACCCGATCGGCAT,0,5185313
yqjE_yqjK_yqjD_yqjC_predicted,0.25,3,3,CACAGATCTTCTAGGTTATT,0,5235134
yqjE_yqjK_yqjD_yqjC_predicted,0.25,3,3,CACACTGCTGTGAGAAGTCA,0,5221206
yqjE_yqjK_yqjD_yqjC_predicted,0.25,3,3,CACACATAGGGTTTGCAGTC,0,5250168
yqjE_yqjK_yqjD_yqjC_predicted,0.25,3,3,CACAATCATTTCTCTTATGC,0,5182099
yqjE_yqjK_yqjD_yqjC_predicted,0.25,3,3,CACAAGGCGGGACCTTGGAG,0,5196454
yqjE_yqjK_yqjD_yqjC_predicted,0.25,3,3,CAATTGGCTGACCATGGGTA,0,5190018
yqjE_yqjK_yqjD_yqjC_predicted,0.25,3,3,CAATTCCCAGGGAATAATTG,0,5253032
yqjE_yqjK_yqjD_yqjC_predicted,0.25,3,3,CAATTATCGTGGCAACTCTG,0,5259541
yqjE_yqjK_yqjD_yqjC_predicted,0.25,3,3,CAATGTACATCGTTTCTAAA,0,5196206
yqjE_yqjK_yqjD_yqjC_predicted,0.25,3,3,CAATGCTCTTTCCAAGGGGC,0,5221929
yqjE_yqjK_yqjD_yqjC_predicted,0.25,3,3,CAATGATCTTTTCCTTAATA,0,5231635
yqjE_yqjK_yqjD_yqjC_predicted,0.25,3,3,CAATACATGAAGCGTGAGCT,0,5190360
yqjE_yqjK_yqjD_yqjC_predicted,0.25,3,3,CAAGTCCACATGCGCGCGCG,0,5190235
yqjE_yqjK_yqjD_yqjC_predicted,0.25,3,3,CAAGTCATTACGGAATAAGT,0,5260977
yqjE_yqjK_yqjD_yqjC_predicted,0.25,3,3,CAAGGCCTGGTGTGGTTCAG,0,5214036
yqjE_yqjK_yqjD_yqjC_predicted,0.25,3,3,CAAGCGGGCGGATAGGGTTT,0,5215626
yqjE_yqjK_yqjD_yqjC_predicted,0.25,3,3,CAACTTACCGCGGGGGTAGA,0,5194519
yqjE_yqjK_yqjD_yqjC_predicted,0.25,3,3,CAACGGGAGAGATTCCGCTC,0,5217901
yqjE_yqjK_yqjD_yqjC_predicted,0.25,3,3,CAACGCACCAAGGACAAAGA,0,5187568
yqjE_yqjK_yqjD_yqjC_predicted,0.25,3,3,CAACCGTTATTGTACATTAT,0,5176950
yqjE_yqjK_yqjD_yqjC_predicted,0.25,3,3,CAACAGGGTAAGCGGTCTTC,0,5251620
yqjE_yqjK_yqjD_yqjC_predicted,0.25,3,3,CAACAGAGGAACCCGTGTAG,0,5189955
yqjE_yqjK_yqjD_yqjC_predicted,0.25,3,3,CAAATGGCGGCCATCGACCT,0,5187760
yqjE_yqjK_yqjD_yqjC_predicted,0.25,3,3,CAAAGGCATGTCAATTTTAT,0,5212335
yqjE_yqjK_yqjD_yqjC_predicted,0.25,3,3,CAAAGCTGATAGACGCGTCC,0,5197167
yqjE_yqjK_yqjD_yqjC_predicted,0.25,3,3,CAAACCGATTCAGGTGACGC,0,5224644
yqjE_yqjK_yqjD_yqjC_predicted,0.25,3,3,ATTTGCGGATTCACTGACCA,0,5172962
yqjE_yqjK_yqjD_yqjC_predicted,0.25,3,3,ATTTGAAGATACGCAGGAAG,0,5237720
yqjE_yqjK_yqjD_yqjC_predicted,0.25,3,3,ATTTCGAGAATACTTAACTT,0,5209228
yqjE_yqjK_yqjD_yqjC_predicted,0.25,3,3,ATTTATCTAACAGCCGACGG,0,5224233
yqjE_yqjK_yqjD_yqjC_predicted,0.25,3,3,ATTTAATGTAACCCACTAAG,0,5229901
yqjE_yqjK_yqjD_yqjC_predicted,0.25,3,3,ATTGTTTATCGTGATAATCG,0,5213710
yqjE_yqjK_yqjD_yqjC_predicted,0.25,3,3,ATTGTGGCGGAGCTCTAAGG,0,5174741
yqjE_yqjK_yqjD_yqjC_predicted,0.25,3,3,ATTGTACTATCATGTAGTTC,0,5256531
yqjE_yqjK_yqjD_yqjC_predicted,0.25,3,3,ATTGGGCGGAATCTATTTTA,0,5250756
yqjE_yqjK_yqjD_yqjC_predicted,0.25,3,3,ATTGCCTCAGCTATGCGTTG,0,5197643
yqjE_yqjK_yqjD_yqjC_predicted,0.25,3,3,ATTGCAAATCCGCTTACAAT,0,5260699
yqjE_yqjK_yqjD_yqjC_predicted,0.25,3,3,ATTGACCAAGAACGGTAACC,0,5241824
yqjE_yqjK_yqjD_yqjC_predicted,0.25,3,3,ATTGACATGGCTTGCGGGGC,0,5236062
yqjE_yqjK_yqjD_yqjC_predicted,0.25,3,3,ATTCTTTCGAGTCCATCTCG,0,5204254
yqjE_yqjK_yqjD_yqjC_predicted,0.25,3,3,ATTCTATGCCCAAGTAATTA,0,5177136
yqjE_yqjK_yqjD_yqjC_predicted,0.25,3,3,ATTCTAGACTATAGATGGTA,0,5250549
yqjE_yqjK_yqjD_yqjC_predicted,0.25,3,3,ATTCGTTAGTCAATGCTAAG,0,5222476
yqjE_yqjK_yqjD_yqjC_predicted,0.25,3,3,ATTCGTAAGCTCGAGACATA,0,5235200
yqjE_yqjK_yqjD_yqjC_predicted,0.25,3,3,ATTCGTAACACTTGTATAGT,0,5196841
yqjE_yqjK_yqjD_yqjC_predicted,0.25,3,3,ATTCGATGCTCCTGAGCCGA,0,5174101
yqjE_yqjK_yqjD_yqjC_predicted,0.25,3,3,ATTCGATCGTCTAGTAGTCT,0,5178358
yqjE_yqjK_yqjD_yqjC_predicted,0.25,3,3,ATTCCTGCTGGTTGCGTCTT,0,5190671
yqjE_yqjK_yqjD_yqjC_predicted,0.25,3,3,ATTCAATCACACTTGTCACA,0,5237903
yqjE_yqjK_yqjD_yqjC_predicted,0.25,3,3,ATTCAACACAGTGAAGTAAA,0,5227656
yqjE_yqjK_yqjD_yqjC_predicted,0.25,3,3,ATTATTACATCACCCGAGGT,0,5201895
yqjE_yqjK_yqjD_yqjC_predicted,0.25,3,3,ATTATGTTCATCTGAGTAGC,0,5201704
yqjE_yqjK_yqjD_yqjC_predicted,0.25,3,3,ATTATGAATTGAGTTCATAC,0,5238531
yqjE_yqjK_yqjD_yqjC_predicted,0.25,3,3,ATTATCGCGGACTATGATCT,0,5233086
yqjE_yqjK_yqjD_yqjC_predicted,0.25,3,3,ATTAGCGTTGCATCCGATTG,0,5251291
yqjE_yqjK_yqjD_yqjC_predicted,0.25,3,3,ATTAATCTGTGCGATCCCAA,0,5259694
yqjE_yqjK_yqjD_yqjC_predicted,0.25,3,3,ATTAAGAATCATTTTAGCTA,0,5239626
yqjE_yqjK_yqjD_yqjC_predicted,0.25,3,3,ATTAACTTCACCACACTCAC,0,5178829
yqjE_yqjK_yqjD_yqjC_predicted,0.25,3,3,ATTAACTTAAATTACACTGA,0,5227455
yqjE_yqjK_yqjD_yqjC_predicted,0.25,3,3,ATGTTTACGGATGCGAGTTC,0,5202962
yqjE_yqjK_yqjD_yqjC_predicted,0.25,3,3,ATGTTCGTTCTCTAATCAGC,0,5255193
yqjE_yqjK_yqjD_yqjC_predicted,0.25,3,3,ATGTTCGGCAAAAGTATTCG,0,5218968
yqjE_yqjK_yqjD_yqjC_predicted,0.25,3,3,ATGTGTGCAACCAGAAGGTA,0,5206980
yqjE_yqjK_yqjD_yqjC_predicted,0.25,3,3,ATGTCGGCAGAGTCTGTCCA,0,5202007
yqjE_yqjK_yqjD_yqjC_predicted,0.25,3,3,ATGTCGCGCGGCGAAATATT,0,5200875
yqjE_yqjK_yqjD_yqjC_predicted,0.25,3,3,ATGTCCGTTATGCACACGCA,0,5225893
yqjE_yqjK_yqjD_yqjC_predicted,0.25,3,3,ATGTCAGGCACGGAAATGTA,0,5191849
yqjE_yqjK_yqjD_yqjC_predicted,0.25,3,3,ATGTAATGTAGGAAGGCTGT,0,5193710
yqjE_yqjK_yqjD_yqjC_predicted,0.25,3,3,ATGGTGGCGGGCTAAGGCTG,0,5231465
yqjE_yqjK_yqjD_yqjC_predicted,0.25,3,3,ATGGTCGAGGCAACAGGTCA,0,5187220
yqjE_yqjK_yqjD_yqjC_predicted,0.25,3,3,ATGGGTTTTCGACGCTAAGT,0,5189726
yqjE_yqjK_yqjD_yqjC_predicted,0.25,3,3,ATGGGATTAAGCAATCGTAT,0,5257255
yqjE_yqjK_yqjD_yqjC_predicted,0.25,3,3,ATGGGAAGCCAATTCTCGCC,0,5190580
yqjE_yqjK_yqjD_yqjC_predicted,0.25,3,3,ATGGCCGTCGCCAAGCTCTA,0,5240397
yqjE_yqjK_yqjD_yqjC_predicted,0.25,3,3,ATGCTGATTAATGATGTGAA,0,5258396
yqjE_yqjK_yqjD_yqjC_predicted,0.25,3,3,ATGCACCACGTCGCGAGGCA,0,5230215
yqjE_yqjK_yqjD_yqjC_predicted,0.25,3,3,ATGATTACGTGATAGCGATC,0,5261740
yqjE_yqjK_yqjD_yqjC_predicted,0.25,3,3,ATGATGAAGTTATGCATCCA,0,5182381
yqjE_yqjK_yqjD_yqjC_predicted,0.25,3,3,ATGATCGAACAAGAATACAG,0,5212352
yqjE_yqjK_yqjD_yqjC_predicted,0.25,3,3,ATGAGGGTTCCCTCCGATTC,0,5238912
yqjE_yqjK_yqjD_yqjC_predicted,0.25,3,3,ATGAGGGGTGTTGGCCTATA,0,5179804
yqjE_yqjK_yqjD_yqjC_predicted,0.25,3,3,ATGAGGCATATGCTGTTTCG,0,5193089
yqjE_yqjK_yqjD_yqjC_predicted,0.25,3,3,ATGACCGAGTGATTTATCTC,0,5214363
yqjE_yqjK_yqjD_yqjC_predicted,0.25,3,3,ATGACATAAGGTGAGCGAGC,0,5215353
yqjE_yqjK_yqjD_yqjC_predicted,0.25,3,3,ATGAAGCGAAATGCAGAAGT,0,5179567
yqjE_yqjK_yqjD_yqjC_predicted,0.25,3,3,ATCTGAAAGCCGAAGCGTCC,0,5185171
yqjE_yqjK_yqjD_yqjC_predicted,0.25,3,3,ATCTCTCGCCATGATGCCAT,0,5223642
yqjE_yqjK_yqjD_yqjC_predicted,0.25,3,3,ATCTCGGTGGACTTGAAAGA,0,5254126
yqjE_yqjK_yqjD_yqjC_predicted,0.25,3,3,ATCTAAGCACCCGGTGTGAT,0,5224744
yqjE_yqjK_yqjD_yqjC_predicted,0.25,3,3,ATCGTTTTCCAAAAGATATG,0,5255172
yqjE_yqjK_yqjD_yqjC_predicted,0.25,3,3,ATCGTTAGCTACTTGACTAG,0,5210543
yqjE_yqjK_yqjD_yqjC_predicted,0.25,3,3,ATCGTATACTACTGTCGGGG,0,5186182
yqjE_yqjK_yqjD_yqjC_predicted,0.25,3,3,ATCGGTTAGGGGTTCCCTCA,0,5259077
yqjE_yqjK_yqjD_yqjC_predicted,0.25,3,3,ATCGGACCTGCTCCTAGCAG,0,5211193
yqjE_yqjK_yqjD_yqjC_predicted,0.25,3,3,ATCGCTATAAGACTAAGACT,0,5220187
yqjE_yqjK_yqjD_yqjC_predicted,0.25,3,3,ATCGCACACTGGTACTAGCA,0,5258345
yqjE_yqjK_yqjD_yqjC_predicted,0.25,3,3,ATCGATGGTTGTAATGGCCG,0,5218826
yqjE_yqjK_yqjD_yqjC_predicted,0.25,3,3,ATCGATCACGGTTCTACTAG,0,5246089
yqjE_yqjK_yqjD_yqjC_predicted,0.25,3,3,ATCGACCGCGTATCCACAAC,0,5198323
yqjE_yqjK_yqjD_yqjC_predicted,0.25,3,3,ATCCGGCGAAGAGCGCTCGG,0,5255444
yqjE_yqjK_yqjD_yqjC_predicted,0.25,3,3,ATCCGCCTTATCATGCGCGG,0,5222769
yqjE_yqjK_yqjD_yqjC_predicted,0.25,3,3,ATCCGAGGCGCGCCGTATTA,0,5202394
yqjE_yqjK_yqjD_yqjC_predicted,0.25,3,3,ATCCCTCGTATTAGAGTCGG,0,5248430
yqjE_yqjK_yqjD_yqjC_predicted,0.25,3,3,ATCCCAAGGCACCCTGATAT,0,5238055
yqjE_yqjK_yqjD_yqjC_predicted,0.25,3,3,ATCATTCTCTGATCTTTCTA,0,5197354
yqjE_yqjK_yqjD_yqjC_predicted,0.25,3,3,ATCACATTACATCATGAGTA,0,5225309
yqjE_yqjK_yqjD_yqjC_predicted,0.25,3,3,ATCAATAAGGTCTAAAATAA,0,5194956
yqjE_yqjK_yqjD_yqjC_predicted,0.25,3,3,ATCAACGATCAACAGATGCG,0,5184820
yqjE_yqjK_yqjD_yqjC_predicted,0.25,3,3,ATCAAATGAGCGCGCCTCGG,0,5182159
yqjE_yqjK_yqjD_yqjC_predicted,0.25,3,3,ATCAAAGTCTATGCGTGATT,0,5173178
yqjE_yqjK_yqjD_yqjC_predicted,0.25,3,3,ATATTAAGATTTCCTAGTGT,0,5239278
yqjE_yqjK_yqjD_yqjC_predicted,0.25,3,3,ATATGGAGGACTGATATCGG,0,5254797
yqjE_yqjK_yqjD_yqjC_predicted,0.25,3,3,ATATGAGAAGCATCTCTAAT,0,5222259
yqjE_yqjK_yqjD_yqjC_predicted,0.25,3,3,ATATCGAATATGGAAACATG,0,5177585
yqjE_yqjK_yqjD_yqjC_predicted,0.25,3,3,ATATATGCCAAAACAACGAT,0,5209980
yqjE_yqjK_yqjD_yqjC_predicted,0.25,3,3,ATATAAGGCGAACAGTATGT,0,5227237
yqjE_yqjK_yqjD_yqjC_predicted,0.25,3,3,ATAGTCAGCGACACTCCCAA,0,5180187
yqjE_yqjK_yqjD_yqjC_predicted,0.25,3,3,ATAGGTCCGAGTTATACCAA,0,5237072
yqjE_yqjK_yqjD_yqjC_predicted,0.25,3,3,ATAGGCTCGCCTTTGAATAC,0,5198133
yqjE_yqjK_yqjD_yqjC_predicted,0.25,3,3,ATAGCGGGAGTCGCGCACCA,0,5223216
yqjE_yqjK_yqjD_yqjC_predicted,0.25,3,3,ATAGATAAGTGTGGGGTGAA,0,5172728
yqjE_yqjK_yqjD_yqjC_predicted,0.25,3,3,ATAGAGCCAGGCAAAACAGG,0,5227063
yqjE_yqjK_yqjD_yqjC_predicted,0.25,3,3,ATAGAATAGCGCCTGTGGGA,0,5179072
yqjE_yqjK_yqjD_yqjC_predicted,0.25,3,3,ATACTGAGGGTAGCATATCA,0,5195896
yqjE_yqjK_yqjD_yqjC_predicted,0.25,3,3,ATACTAGCTTTCATGCGCTA,0,5214526
yqjE_yqjK_yqjD_yqjC_predicted,0.25,3,3,ATACGGCTCGTAGGCAAACC,0,5253352
yqjE_yqjK_yqjD_yqjC_predicted,0.25,3,3,ATACGCGACCGGTAGCAGGG,0,5186902
yqjE_yqjK_yqjD_yqjC_predicted,0.25,3,3,ATACCGCAGGTGCCTGCAGC,0,5232324
yqjE_yqjK_yqjD_yqjC_predicted,0.25,3,3,ATACCCGATGTTATTGCACT,0,5199924
yqjE_yqjK_yqjD_yqjC_predicted,0.25,3,3,ATACAGCCTCCACATGGAGC,0,5235867
yqjE_yqjK_yqjD_yqjC_predicted,0.25,3,3,ATACACTGAGGTGTTTTACC,0,5247593
yqjE_yqjK_yqjD_yqjC_predicted,0.25,3,3,ATACAAAAGCTCATGAGCGT,0,5259432
yqjE_yqjK_yqjD_yqjC_predicted,0.25,3,3,ATAATCATTAAGCGATTTAA,0,5250964
yqjE_yqjK_yqjD_yqjC_predicted,0.25,3,3,ATAACGCCTCGGATTGAGAT,0,5179229
yqjE_yqjK_yqjD_yqjC_predicted,0.25,3,3,ATAAAGTTTCCAGCCCCTGC,0,5199938
yqjE_yqjK_yqjD_yqjC_predicted,0.25,3,3,AGTTTCGTACCCTTAGTGGG,0,5191452
yqjE_yqjK_yqjD_yqjC_predicted,0.25,3,3,AGTTTCACCCACTTATGACC,0,5216925
yqjE_yqjK_yqjD_yqjC_predicted,0.25,3,3,AGTTGCCACACGATTTTAAA,0,5201452
yqjE_yqjK_yqjD_yqjC_predicted,0.25,3,3,AGTTCAGCTTCCGGCTCGAA,0,5248219
yqjE_yqjK_yqjD_yqjC_predicted,0.25,3,3,AGTTAGGGTACGCAACGCTG,0,5171865
yqjE_yqjK_yqjD_yqjC_predicted,0.25,3,3,AGTTACCGCTGGGCTCCGTG,0,5261202
yqjE_yqjK_yqjD_yqjC_predicted,0.25,3,3,AGTTACAAATTGTGACCTGT,0,5219344
yqjE_yqjK_yqjD_yqjC_predicted,0.25,3,3,AGTGTTCTACACTCCAGCAT,0,5190573
yqjE_yqjK_yqjD_yqjC_predicted,0.25,3,3,AGTGTGATTGATGGTCCATT,0,5201850
yqjE_yqjK_yqjD_yqjC_predicted,0.25,3,3,AGTGTATTGAAATGGGGAAT,0,5233019
yqjE_yqjK_yqjD_yqjC_predicted,0.25,3,3,AGTGGGCTTGAGGGCACCCC,0,5209139
yqjE_yqjK_yqjD_yqjC_predicted,0.25,3,3,AGTGGCGCTGAGACCTATGC,0,5187192
yqjE_yqjK_yqjD_yqjC_predicted,0.25,3,3,AGTGCGACTCGAAGTTAAGC,0,5178548
yqjE_yqjK_yqjD_yqjC_predicted,0.25,3,3,AGTCTTTTTGGACGGCCGGT,0,5179539
yqjE_yqjK_yqjD_yqjC_predicted,0.25,3,3,AGTCGCATTTCACGGGAGAT,0,5220030
yqjE_yqjK_yqjD_yqjC_predicted,0.25,3,3,AGTCCTTCGGTTGTACACCT,0,5219508
yqjE_yqjK_yqjD_yqjC_predicted,0.25,3,3,AGTCCTCGCCCACACGGCGG,0,5211366
yqjE_yqjK_yqjD_yqjC_predicted,0.25,3,3,AGTCCCGGGGGAGTAATTGC,0,5255951
yqjE_yqjK_yqjD_yqjC_predicted,0.25,3,3,AGTCACATAGCGCTGATTTT,0,5218306
yqjE_yqjK_yqjD_yqjC_predicted,0.25,3,3,AGTATTATTTTTCTAGATGT,0,5239958
yqjE_yqjK_yqjD_yqjC_predicted,0.25,3,3,AGTATCGTTCGTATACTGAA,0,5179732
yqjE_yqjK_yqjD_yqjC_predicted,0.25,3,3,AGTATCGGCTAGTAACAAAC,0,5246307
yqjE_yqjK_yqjD_yqjC_predicted,0.25,3,3,AGTAATGATTACGTTGCTGT,0,5197863
yqjE_yqjK_yqjD_yqjC_predicted,0.25,3,3,AGGTTGTCATCTCTCGAGAA,0,5241103
yqjE_yqjK_yqjD_yqjC_predicted,0.25,3,3,AGGTTACATAGACGCGCTGC,0,5225841
yqjE_yqjK_yqjD_yqjC_predicted,0.25,3,3,AGGTGTGCCGGCAGCAGCCT,0,5183706
yqjE_yqjK_yqjD_yqjC_predicted,0.25,3,3,AGGTGTCCGTTGCTGGCAAC,0,5237604
yqjE_yqjK_yqjD_yqjC_predicted,0.25,3,3,AGGTGTATGGCTCTGGGATA,0,5258840
yqjE_yqjK_yqjD_yqjC_predicted,0.25,3,3,AGGTGCCGGCAGATATACCC,0,5181202
yqjE_yqjK_yqjD_yqjC_predicted,0.25,3,3,AGGTCTATCTATCTTCCAAA,0,5231826
yqjE_yqjK_yqjD_yqjC_predicted,0.25,3,3,AGGTCGTGTCTAGCTGGCAA,0,5198141
yqjE_yqjK_yqjD_yqjC_predicted,0.25,3,3,AGGTCGAAGAATATAATTGA,0,5250773
yqjE_yqjK_yqjD_yqjC_predicted,0.25,3,3,AGGTACCCCCGCACACCTAA,0,5220877
yqjE_yqjK_yqjD_yqjC_predicted,0.25,3,3,AGGGTGAGATGTTGTGGCTT,0,5181356
yqjE_yqjK_yqjD_yqjC_predicted,0.25,3,3,AGGGTCGGCTGAGGACCCCG,0,5213000
yqjE_yqjK_yqjD_yqjC_predicted,0.25,3,3,AGGGTCGGCCATGTTCACGG,0,5185168
yqjE_yqjK_yqjD_yqjC_predicted,0.25,3,3,AGGGGGGCATAGAGATCGGC,0,5183971
yqjE_yqjK_yqjD_yqjC_predicted,0.25,3,3,AGGGGGCATGTGTCTTGTGT,0,5231078
yqjE_yqjK_yqjD_yqjC_predicted,0.25,3,3,AGGGGGAATTGGGGTATCAC,0,5207515
yqjE_yqjK_yqjD_yqjC_predicted,0.25,3,3,AGGGGCGCAGGTCTTACCTA,0,5191501
yqjE_yqjK_yqjD_yqjC_predicted,0.25,3,3,AGGGGAGAAGTGAGTTCCAC,0,5219264
yqjE_yqjK_yqjD_yqjC_predicted,0.25,3,3,AGGGGACGCTGCACGGAGGG,0,5247498
yqjE_yqjK_yqjD_yqjC_predicted,0.25,3,3,AGGGCTCATCGGGGAAGAAC,0,5172319
yqjE_yqjK_yqjD_yqjC_predicted,0.25,3,3,AGGGATATGATTTGCGATTG,0,5239250
yqjE_yqjK_yqjD_yqjC_predicted,0.25,3,3,AGGGACTCTCTCTCATTGTG,0,5189406
yqjE_yqjK_yqjD_yqjC_predicted,0.25,3,3,AGGGAATTGTGTCTGAAGTT,0,5225676
yqjE_yqjK_yqjD_yqjC_predicted,0.25,3,3,AGGGAATCAAGAAATTGCAT,0,5232447
yqjE_yqjK_yqjD_yqjC_predicted,0.25,3,3,AGGGAAAAAATTTGGGGGAG,0,5181375
yqjE_yqjK_yqjD_yqjC_predicted,0.25,3,3,AGGCTTGGCGACTCGTTAGG,0,5243174
yqjE_yqjK_yqjD_yqjC_predicted,0.25,3,3,AGGCTAACTTCGTTCCACTG,0,5209426
yqjE_yqjK_yqjD_yqjC_predicted,0.25,3,3,AGGCGCTTGTTCAAAGTGAT,0,5225902
yqjE_yqjK_yqjD_yqjC_predicted,0.25,3,3,AGGCGCGCGCACGGATAGGT,0,5200308
yqjE_yqjK_yqjD_yqjC_predicted,0.25,3,3,AGGCGACAGACGTGTCATGG,0,5180672
yqjE_yqjK_yqjD_yqjC_predicted,0.25,3,3,AGGCCATATTCGAATAATCG,0,5247570
yqjE_yqjK_yqjD_yqjC_predicted,0.25,3,3,AGGCAGGTTAAGTTTACCTA,0,5249596
yqjE_yqjK_yqjD_yqjC_predicted,0.25,3,3,AGGCAGGGCTCACGCCTAAT,0,5210917
yqjE_yqjK_yqjD_yqjC_predicted,0.25,3,3,AGGATTTCGTGGTTTGCGTC,0,5173370
yqjE_yqjK_yqjD_yqjC_predicted,0.25,3,3,AGGATGCGTAGCAATACTGG,0,5187090
yqjE_yqjK_yqjD_yqjC_predicted,0.25,3,3,AGGATCAAGTCAATATAGCT,0,5175120
yqjE_yqjK_yqjD_yqjC_predicted,0.25,3,3,AGGATAAGTGTGTGGATCCG,0,5218796
yqjE_yqjK_yqjD_yqjC_predicted,0.25,3,3,AGGAGATCCGTACAATTAAG,0,5206313
yqjE_yqjK_yqjD_yqjC_predicted,0.25,3,3,AGGAGATAACCAGACACTGG,0,5217232
yqjE_yqjK_yqjD_yqjC_predicted,0.25,3,3,AGGAGAATTGTCAAACTGTA,0,5246211
yqjE_yqjK_yqjD_yqjC_predicted,0.25,3,3,AGGACGGACGGACACTGGCT,0,5224721
yqjE_yqjK_yqjD_yqjC_predicted,0.25,3,3,AGGACCTTACGAAATTCAGT,0,5248920
yqjE_yqjK_yqjD_yqjC_predicted,0.25,3,3,AGGAACTATACCTGAGAAGC,0,5176144
yqjE_yqjK_yqjD_yqjC_predicted,0.25,3,3,AGCTTGATTACTTTAATAGT,0,5214625
yqjE_yqjK_yqjD_yqjC_predicted,0.25,3,3,AGCTGAGCCCTAGTGGTTCC,0,5196182
yqjE_yqjK_yqjD_yqjC_predicted,0.25,3,3,AGCTGACGGGTATCTGATGT,0,5186069
yqjE_yqjK_yqjD_yqjC_predicted,0.25,3,3,AGCTCAGATTTTAAAACAAC,0,5231412
yqjE_yqjK_yqjD_yqjC_predicted,0.25,3,3,AGCGTTGCCGTTGTAGGGTC,0,5200303
yqjE_yqjK_yqjD_yqjC_predicted,0.25,3,3,AGCGTTCGTCAATCCCGCGA,0,5184603
yqjE_yqjK_yqjD_yqjC_predicted,0.25,3,3,AGCGTTCACGGACTGGTAGA,0,5210376
yqjE_yqjK_yqjD_yqjC_predicted,0.25,3,3,AGCGGTAAAGATGCGCTTTT,0,5226684
yqjE_yqjK_yqjD_yqjC_predicted,0.25,3,3,AGCGGGCATTGATATACTGG,0,5179003
yqjE_yqjK_yqjD_yqjC_predicted,0.25,3,3,AGCGGCGGCACAGATTACAG,0,5251982
yqjE_yqjK_yqjD_yqjC_predicted,0.25,3,3,AGCGCGGTGGACCGATTCTT,0,5232914
yqjE_yqjK_yqjD_yqjC_predicted,0.25,3,3,AGCGAGGGTCGTGCGCCGAA,0,5226870
yqjE_yqjK_yqjD_yqjC_predicted,0.25,3,3,AGCGAAAGTATATACCGAGA,0,5206909
yqjE_yqjK_yqjD_yqjC_predicted,0.25,3,3,AGCCTACGACAGACAGAGGA,0,5216265
yqjE_yqjK_yqjD_yqjC_predicted,0.25,3,3,AGCCGACTACTGGGGAGATC,0,5207339
yqjE_yqjK_yqjD_yqjC_predicted,0.25,3,3,AGCCCTTGCTTCCGGCCGAT,0,5171298
yqjE_yqjK_yqjD_yqjC_predicted,0.25,3,3,AGCCCGTCACCTGCGATTAT,0,5187249
yqjE_yqjK_yqjD_yqjC_predicted,0.25,3,3,AGCCAGTATTCGCGTTCCTT,0,5183094
yqjE_yqjK_yqjD_yqjC_predicted,0.25,3,3,AGCCAGTATAAGGTGTGTTC,0,5240833
yqjE_yqjK_yqjD_yqjC_predicted,0.25,3,3,AGCCAACCAGTAAATGGTCG,0,5171083
yqjE_yqjK_yqjD_yqjC_predicted,0.25,3,3,AGCATTTCATCGATTCCCAC,0,5242563
yqjE_yqjK_yqjD_yqjC_predicted,0.25,3,3,AGCATGGGGCCACCTCTGAA,0,5173754
yqjE_yqjK_yqjD_yqjC_predicted,0.25,3,3,AGCATCTTATTGGCGATATT,0,5218516
yqjE_yqjK_yqjD_yqjC_predicted,0.25,3,3,AGCACTAAACCGCCGCATTT,0,5260365
yqjE_yqjK_yqjD_yqjC_predicted,0.25,3,3,AGATTCGCGCTCACGTTTCG,0,5256772
yqjE_yqjK_yqjD_yqjC_predicted,0.25,3,3,AGATTAGGCCTATTACATTC,0,5226756
yqjE_yqjK_yqjD_yqjC_predicted,0.25,3,3,AGATGGACAGGGTTAGCTAC,0,5192379
yqjE_yqjK_yqjD_yqjC_predicted,0.25,3,3,AGATCGTTGCTGCAAGAGAA,0,5171039
yqjE_yqjK_yqjD_yqjC_predicted,0.25,3,3,AGATAGGTTTTCGGCCAATA,0,5258344
yqjE_yqjK_yqjD_yqjC_predicted,0.25,3,3,AGATACTCGAGGGTGTATTT,0,5216691
yqjE_yqjK_yqjD_yqjC_predicted,0.25,3,3,AGAGTGGGTTCCGCGTGACG,0,5197872
yqjE_yqjK_yqjD_yqjC_predicted,0.25,3,3,AGAGGGCGGCAGGGGTCGGA,0,5221538
yqjE_yqjK_yqjD_yqjC_predicted,0.25,3,3,AGAGGCCCGTTGCAACAGAA,0,5182014
yqjE_yqjK_yqjD_yqjC_predicted,0.25,3,3,AGACGCACACGGGAGCCACG,0,5258279
yqjE_yqjK_yqjD_yqjC_predicted,0.25,3,3,AGACGAGCTCTGGAACGCCA,0,5212565
yqjE_yqjK_yqjD_yqjC_predicted,0.25,3,3,AGACATCAGAGGGGACCACT,0,5248209
yqjE_yqjK_yqjD_yqjC_predicted,0.25,3,3,AGACACCAGAGCAAGGGTTA,0,5206598
yqjE_yqjK_yqjD_yqjC_predicted,0.25,3,3,AGACAATCGGCGTTTCTCTC,0,5183796
yqjE_yqjK_yqjD_yqjC_predicted,0.25,3,3,AGAAGGTAGGTTCGGTTGAT,0,5256011
yqjE_yqjK_yqjD_yqjC_predicted,0.25,3,3,AGAAGCTCAGCATCTGGCTG,0,5184059
yqjE_yqjK_yqjD_yqjC_predicted,0.25,3,3,AGAAGCCTTTGATTTCTAGG,0,5172152
yqjE_yqjK_yqjD_yqjC_predicted,0.25,3,3,AGAAGCACTCTGCGCGCTAA,0,5253423
yqjE_yqjK_yqjD_yqjC_predicted,0.25,3,3,AGAAAGTGTAAGAAGCGAGT,0,5232335
yqjE_yqjK_yqjD_yqjC_predicted,0.25,3,3,AGAAACTATGTTGAATCTGC,0,5243877
yqjE_yqjK_yqjD_yqjC_predicted,0.25,3,3,AGAAAACCATGCCGGAGATT,0,5235300
yqjE_yqjK_yqjD_yqjC_predicted,0.25,3,3,ACTTTCAAGAGAACGAAGCC,0,5233093
yqjE_yqjK_yqjD_yqjC_predicted,0.25,3,3,ACTTTAGGGATGGATAGCAG,0,5255211
yqjE_yqjK_yqjD_yqjC_predicted,0.25,3,3,ACTTGGTATGCGCATATTCT,0,5233865
yqjE_yqjK_yqjD_yqjC_predicted,0.25,3,3,ACTTCGGACTGGACACCCTG,0,5184817
yqjE_yqjK_yqjD_yqjC_predicted,0.25,3,3,ACTTCGCTAAAAGGGGGATC,0,5208881
yqjE_yqjK_yqjD_yqjC_predicted,0.25,3,3,ACTTAAAAATTAGAAATTCA,0,5227985
yqjE_yqjK_yqjD_yqjC_predicted,0.25,3,3,ACTGTCCTTTTCATAAGGCA,0,5202176
yqjE_yqjK_yqjD_yqjC_predicted,0.25,3,3,ACTGGCAGAGTCGCTACCCC,0,5220206
yqjE_yqjK_yqjD_yqjC_predicted,0.25,3,3,ACTGGACAGAGAGGCGTTTC,0,5175962
yqjE_yqjK_yqjD_yqjC_predicted,0.25,3,3,ACTGGACAGAGAGAACGTAA,0,5238947
yqjE_yqjK_yqjD_yqjC_predicted,0.25,3,3,ACTGCTGCAATAAGGCGGTA,0,5259008
yqjE_yqjK_yqjD_yqjC_predicted,0.25,3,3,ACTGCGCGGAATGACGGCCT,0,5187087
yqjE_yqjK_yqjD_yqjC_predicted,0.25,3,3,ACTCTATTAGATCCTAGGGT,0,5182642
yqjE_yqjK_yqjD_yqjC_predicted,0.25,3,3,ACTCTACTGCCATTATCAGA,0,5257632
yqjE_yqjK_yqjD_yqjC_predicted,0.25,3,3,ACTCTAAAATTCATCACGGA,0,5207354
yqjE_yqjK_yqjD_yqjC_predicted,0.25,3,3,ACTCGGAGTTTGGAATCGAT,0,5179942
yqjE_yqjK_yqjD_yqjC_predicted,0.25,3,3,ACTCGATTCTGAGCTGCGAT,0,5231620
yqjE_yqjK_yqjD_yqjC_predicted,0.25,3,3,ACTCACCACAGATCAAGATA,0,5216884
yqjE_yqjK_yqjD_yqjC_predicted,0.25,3,3,ACTCAATTTACCTCCTGTGA,0,5213861
yqjE_yqjK_yqjD_yqjC_predicted,0.25,3,3,ACTATTGCTAACGGGACACA,0,5195368
yqjE_yqjK_yqjD_yqjC_predicted,0.25,3,3,ACTATGTTGGTGGCCGGCCC,0,5240457
yqjE_yqjK_yqjD_yqjC_predicted,0.25,3,3,ACTATGTATAGTAGCGGCCA,0,5190756
yqjE_yqjK_yqjD_yqjC_predicted,0.25,3,3,ACTAGCTACTATGTCACTAA,0,5205464
yqjE_yqjK_yqjD_yqjC_predicted,0.25,3,3,ACTAGCCCAGGCGTATGATA,0,5212883
yqjE_yqjK_yqjD_yqjC_predicted,0.25,3,3,ACTAGACCCTCAATCCAAGT,0,5193941
yqjE_yqjK_yqjD_yqjC_predicted,0.25,3,3,ACTAGAAGTTCCGCGATAGC,0,5260377
yqjE_yqjK_yqjD_yqjC_predicted,0.25,3,3,ACTACGCCGCTCTTACGGGT,0,5172646
yqjE_yqjK_yqjD_yqjC_predicted,0.25,3,3,ACGTTCCGGCACTGGGTTAC,0,5225488
yqjE_yqjK_yqjD_yqjC_predicted,0.25,3,3,ACGTGTACCCCTTAGTCAGA,0,5257955
yqjE_yqjK_yqjD_yqjC_predicted,0.25,3,3,ACGTGGGTTGGGTAGAGGTT,0,5261834
yqjE_yqjK_yqjD_yqjC_predicted,0.25,3,3,ACGTGCTGCCAATATTCTAT,0,5190586
yqjE_yqjK_yqjD_yqjC_predicted,0.25,3,3,ACGTCTCTTGTACGTCGGAC,0,5174481
yqjE_yqjK_yqjD_yqjC_predicted,0.25,3,3,ACGTCATTGCTACGCCGAGA,0,5188039
yqjE_yqjK_yqjD_yqjC_predicted,0.25,3,3,ACGTAGGCTCTCTAGGGGCA,0,5220550
yqjE_yqjK_yqjD_yqjC_predicted,0.25,3,3,ACGTAACTTGGGTCTCATTC,0,5178566
yqjE_yqjK_yqjD_yqjC_predicted,0.25,3,3,ACGGTGTATGCGGAGCGAGT,0,5262784
yqjE_yqjK_yqjD_yqjC_predicted,0.25,3,3,ACGGTCGGTAGCCTCAGCCT,0,5183009
yqjE_yqjK_yqjD_yqjC_predicted,0.25,3,3,ACGGTATTGGGATTGCGCCC,0,5238892
yqjE_yqjK_yqjD_yqjC_predicted,0.25,3,3,ACGGTAGCGGCCAAATCTTC,0,5189734
yqjE_yqjK_yqjD_yqjC_predicted,0.25,3,3,ACGGTAGCACAAGTAACAAG,0,5261820
yqjE_yqjK_yqjD_yqjC_predicted,0.25,3,3,ACGGGGAGGGTTAACTACGT,0,5212444
yqjE_yqjK_yqjD_yqjC_predicted,0.25,3,3,ACGGGGACTCTTTGCCCGAG,0,5181180
yqjE_yqjK_yqjD_yqjC_predicted,0.25,3,3,ACGGGACAGCAGTAACACTC,0,5225260
yqjE_yqjK_yqjD_yqjC_predicted,0.25,3,3,ACGGGAAATATTAGGACATT,0,5243726
yqjE_yqjK_yqjD_yqjC_predicted,0.25,3,3,ACGGCCAGCTTTTCGCCACC,0,5216259
yqjE_yqjK_yqjD_yqjC_predicted,0.25,3,3,ACGGCATTTATAGACGGTAA,0,5239650
yqjE_yqjK_yqjD_yqjC_predicted,0.25,3,3,ACGGAGAGGGTCCGGACCGT,0,5175425
yqjE_yqjK_yqjD_yqjC_predicted,0.25,3,3,ACGGACCGATGAGCACCACA,0,5228723
yqjE_yqjK_yqjD_yqjC_predicted,0.25,3,3,ACGGAAAACATCAAGCTATC,0,5202858
yqjE_yqjK_yqjD_yqjC_predicted,0.25,3,3,ACGCTCGGGTGACCAGATAT,0,5182828
yqjE_yqjK_yqjD_yqjC_predicted,0.25,3,3,ACGCTCACGGTAGATTGCTT,0,5185915
yqjE_yqjK_yqjD_yqjC_predicted,0.25,3,3,ACGCTAGTTCCAAGGTGAAA,0,5179091
yqjE_yqjK_yqjD_yqjC_predicted,0.25,3,3,ACGCTAATTGATTACGCGAT,0,5240823
yqjE_yqjK_yqjD_yqjC_predicted,0.25,3,3,ACGCCTCGGGAGCGCCGGAA,0,5255170
yqjE_yqjK_yqjD_yqjC_predicted,0.25,3,3,ACGCATAGTTGTGACTGACA,0,5202397
yqjE_yqjK_yqjD_yqjC_predicted,0.25,3,3,ACGATTTAGCGCTCAACTTG,0,5210027
yqjE_yqjK_yqjD_yqjC_predicted,0.25,3,3,ACGATCAGGTCACTCCCTCC,0,5213602
yqjE_yqjK_yqjD_yqjC_predicted,0.25,3,3,ACGAGTAAGCCCCATGCTCG,0,5192615
yqjE_yqjK_yqjD_yqjC_predicted,0.25,3,3,ACGAGGGATGGCCAGGGTAA,0,5229938
yqjE_yqjK_yqjD_yqjC_predicted,0.25,3,3,ACGAGGAAGACGGTGCGGAG,0,5216199
yqjE_yqjK_yqjD_yqjC_predicted,0.25,3,3,ACGAGATATCGCCCTAGCGC,0,5181535
yqjE_yqjK_yqjD_yqjC_predicted,0.25,3,3,ACGAGACGCTGCTGAATATC,0,5178649
yqjE_yqjK_yqjD_yqjC_predicted,0.25,3,3,ACGACTGTCGTTCCTTCCTC,0,5209838
yqjE_yqjK_yqjD_yqjC_predicted,0.25,3,3,ACGAATCGCTCTGTATCACT,0,5216863
yqjE_yqjK_yqjD_yqjC_predicted,0.25,3,3,ACGAAAATAGGTGTAAAGCG,0,5173868
yqjE_yqjK_yqjD_yqjC_predicted,0.25,3,3,ACCTTTCGTTTCGGCTCTAC,0,5240511
yqjE_yqjK_yqjD_yqjC_predicted,0.25,3,3,ACCTTGGAACGGCCCAATCT,0,5250429
yqjE_yqjK_yqjD_yqjC_predicted,0.25,3,3,ACCTTAACTCAGCTGTGGAT,0,5243502
yqjE_yqjK_yqjD_yqjC_predicted,0.25,3,3,ACCTGGCTGAAAACCGCCCA,0,5173642
yqjE_yqjK_yqjD_yqjC_predicted,0.25,3,3,ACCTGATGCCCATAAGTCCG,0,5197987
yqjE_yqjK_yqjD_yqjC_predicted,0.25,3,3,ACCTCGAGTTAGATAGTCCA,0,5221160
yqjE_yqjK_yqjD_yqjC_predicted,0.25,3,3,ACCTCGACACTGCGAGCGTG,0,5232373
yqjE_yqjK_yqjD_yqjC_predicted,0.25,3,3,ACCTCCGTGGAGCGACATAC,0,5226591
yqjE_yqjK_yqjD_yqjC_predicted,0.25,3,3,ACCTATCGCCCGCGTTAGGT,0,5201790
yqjE_yqjK_yqjD_yqjC_predicted,0.25,3,3,ACCGTGACTCCGTGCACTCA,0,5216930
yqjE_yqjK_yqjD_yqjC_predicted,0.25,3,3,ACCGTCAGGACTTAGTAAGG,0,5176299
yqjE_yqjK_yqjD_yqjC_predicted,0.25,3,3,ACCGTCAGATGTTGTGATAG,0,5216005
yqjE_yqjK_yqjD_yqjC_predicted,0.25,3,3,ACCGTAGACGGTAGTTGGTG,0,5237434
yqjE_yqjK_yqjD_yqjC_predicted,0.25,3,3,ACCGTACTAATACGTACGGA,0,5181033
yqjE_yqjK_yqjD_yqjC_predicted,0.25,3,3,ACCGGTCACGTCCTTGGAGC,0,5187495
yqjE_yqjK_yqjD_yqjC_predicted,0.25,3,3,ACCGGGGTATATCGTTTCCA,0,5261117
yqjE_yqjK_yqjD_yqjC_predicted,0.25,3,3,ACCGGCCGCTACAGTTTGCC,0,5192773
yqjE_yqjK_yqjD_yqjC_predicted,0.25,3,3,ACCGATATATTCGCACAGGA,0,5190520
yqjE_yqjK_yqjD_yqjC_predicted,0.25,3,3,ACCGAGGTGCTACCATCTAT,0,5259673
yqjE_yqjK_yqjD_yqjC_predicted,0.25,3,3,ACCCTCCTCTCGCCTTTCTG,0,5214685
yqjE_yqjK_yqjD_yqjC_predicted,0.25,3,3,ACCCTCCCTGAGAAGAGCGT,0,5178603
yqjE_yqjK_yqjD_yqjC_predicted,0.25,3,3,ACCCCTATGGATGTTGCGGG,0,5190643
yqjE_yqjK_yqjD_yqjC_predicted,0.25,3,3,ACCCCGCTAAGTCAGGGGTT,0,5182119
yqjE_yqjK_yqjD_yqjC_predicted,0.25,3,3,ACCCCCGACCAGTAAAGTGA,0,5196967
yqjE_yqjK_yqjD_yqjC_predicted,0.25,3,3,ACCATAAGGGGGCCAGCTCG,0,5231089
yqjE_yqjK_yqjD_yqjC_predicted,0.25,3,3,ACCAGCCGGAAGCCATGCGC,0,5192690
yqjE_yqjK_yqjD_yqjC_predicted,0.25,3,3,ACCACCCTGCCGATAAGTAG,0,5186200
yqjE_yqjK_yqjD_yqjC_predicted,0.25,3,3,ACCACCATACCGGATATACG,0,5246314
yqjE_yqjK_yqjD_yqjC_predicted,0.25,3,3,ACCACCAGGCGGAAAGACGC,0,5225752
yqjE_yqjK_yqjD_yqjC_predicted,0.25,3,3,ACCAATTTATACTCTTCGGC,0,5222281
yqjE_yqjK_yqjD_yqjC_predicted,0.25,3,3,ACATTTTTTTGGCCGAAGCA,0,5205740
yqjE_yqjK_yqjD_yqjC_predicted,0.25,3,3,ACATTTAGGGGTTAGCCATT,0,5181500
yqjE_yqjK_yqjD_yqjC_predicted,0.25,3,3,ACATTGGGGAAAGGGCTTGA,0,5215241
yqjE_yqjK_yqjD_yqjC_predicted,0.25,3,3,ACATTCTAGATGTAGGAACT,0,5216788
yqjE_yqjK_yqjD_yqjC_predicted,0.25,3,3,ACATTCGATTACCGTATACA,0,5209415
yqjE_yqjK_yqjD_yqjC_predicted,0.25,3,3,ACATTCATCCTGACTTACTA,0,5218897
yqjE_yqjK_yqjD_yqjC_predicted,0.25,3,3,ACATTCAGATCTACATGCTC,0,5208059
yqjE_yqjK_yqjD_yqjC_predicted,0.25,3,3,ACATGTGTCTTCCAGTTAGA,0,5222712
yqjE_yqjK_yqjD_yqjC_predicted,0.25,3,3,ACATGAGGCGGTAACGGGAA,0,5192921
yqjE_yqjK_yqjD_yqjC_predicted,0.25,3,3,ACATCTGACTTGGCAGAGGT,0,5174094
yqjE_yqjK_yqjD_yqjC_predicted,0.25,3,3,ACATATCGTAGGGGCGATGG,0,5239024
yqjE_yqjK_yqjD_yqjC_predicted,0.25,3,3,ACATACCCGTGGGTGCTCCA,0,5187626
yqjE_yqjK_yqjD_yqjC_predicted,0.25,3,3,ACAGTTTAGGAGGTAAAAGA,0,5239545
yqjE_yqjK_yqjD_yqjC_predicted,0.25,3,3,ACAGGCCTCTTGAAAGTAAT,0,5198878
yqjE_yqjK_yqjD_yqjC_predicted,0.25,3,3,ACAGGCAGCAGAGGGAGTAT,0,5250937
yqjE_yqjK_yqjD_yqjC_predicted,0.25,3,3,ACAGGAAACACATGTGCGCC,0,5209107
yqjE_yqjK_yqjD_yqjC_predicted,0.25,3,3,ACAGATTCAATGCACCACGT,0,5176981
yqjE_yqjK_yqjD_yqjC_predicted,0.25,3,3,ACAGACCACCTAGACATGTA,0,5172500
yqjE_yqjK_yqjD_yqjC_predicted,0.25,3,3,ACACTATGATTTAAGCCGTA,0,5191732
yqjE_yqjK_yqjD_yqjC_predicted,0.25,3,3,ACACGTCACTCGTCGTATGA,0,5171450
yqjE_yqjK_yqjD_yqjC_predicted,0.25,3,3,ACACGTATGTCTGACGTCTG,0,5185925
yqjE_yqjK_yqjD_yqjC_predicted,0.25,3,3,ACACGAAGCTCGTCCTCCGG,0,5221424
yqjE_yqjK_yqjD_yqjC_predicted,0.25,3,3,ACAATTTAGGGGCGAAGGTA,0,5193066
yqjE_yqjK_yqjD_yqjC_predicted,0.25,3,3,ACAAGTACTGTTACTCTATC,0,5204492
yqjE_yqjK_yqjD_yqjC_predicted,0.25,3,3,ACAAGGCTCAGCATTTTAAT,0,5229904
yqjE_yqjK_yqjD_yqjC_predicted,0.25,3,3,ACAAGAGTTCCACATGGGGT,0,5261060
yqjE_yqjK_yqjD_yqjC_predicted,0.25,3,3,ACAACGTCTGGATGTTCCTG,0,5250174
yqjE_yqjK_yqjD_yqjC_predicted,0.25,3,3,ACAAACCGTAGGCCTACGAC,0,5228149
yqjE_yqjK_yqjD_yqjC_predicted,0.25,3,3,AATTTTCCACCTGCTCTTCT,0,5230058
yqjE_yqjK_yqjD_yqjC_predicted,0.25,3,3,AATTTACGCGTTTGAACACT,0,5231605
yqjE_yqjK_yqjD_yqjC_predicted,0.25,3,3,AATTGGCAACCCCGCCAGAC,0,5253547
yqjE_yqjK_yqjD_yqjC_predicted,0.25,3,3,AATTGATTGATGCGAAGCAT,0,5252642
yqjE_yqjK_yqjD_yqjC_predicted,0.25,3,3,AATTCTCTCTTACTTCAGCA,0,5249457
yqjE_yqjK_yqjD_yqjC_predicted,0.25,3,3,AATTCGTCACAGATGAATGT,0,5224963
yqjE_yqjK_yqjD_yqjC_predicted,0.25,3,3,AATTCCACACCAACGATGTG,0,5234672
yqjE_yqjK_yqjD_yqjC_predicted,0.25,3,3,AATTATGCATCTGGTGCAGT,0,5219973
yqjE_yqjK_yqjD_yqjC_predicted,0.25,3,3,AATTAAAGCAGTTCCACGAT,0,5221607
yqjE_yqjK_yqjD_yqjC_predicted,0.25,3,3,AATGTGTGAGCCACGTTGCC,0,5232258
yqjE_yqjK_yqjD_yqjC_predicted,0.25,3,3,AATGTCACACGGCATCTCAA,0,5185527
yqjE_yqjK_yqjD_yqjC_predicted,0.25,3,3,AATGGGGAAATCCTGTCGAG,0,5257971
yqjE_yqjK_yqjD_yqjC_predicted,0.25,3,3,AATGCTACCGAACCGCACGC,0,5216009
yqjE_yqjK_yqjD_yqjC_predicted,0.25,3,3,AATGCGCGATTTTCGGAGTA,0,5204612
yqjE_yqjK_yqjD_yqjC_predicted,0.25,3,3,AATGCAAATAACATGGGGAT,0,5183623
yqjE_yqjK_yqjD_yqjC_predicted,0.25,3,3,AATGAGATGCACAGACGTTT,0,5206935
yqjE_yqjK_yqjD_yqjC_predicted,0.25,3,3,AATCGTACATCGAAGTGATG,0,5200861
yqjE_yqjK_yqjD_yqjC_predicted,0.25,3,3,AATCGGGCGGATATATCTGT,0,5240543
yqjE_yqjK_yqjD_yqjC_predicted,0.25,3,3,AATCCGCCGGAGTCTATGAG,0,5227557
yqjE_yqjK_yqjD_yqjC_predicted,0.25,3,3,AATCCGCCAATCGAAGCACC,0,5180631
yqjE_yqjK_yqjD_yqjC_predicted,0.25,3,3,AATCACGCAACTTAGATCCC,0,5212303
yqjE_yqjK_yqjD_yqjC_predicted,0.25,3,3,AATCACGACATGTTTCCGTC,0,5197743
yqjE_yqjK_yqjD_yqjC_predicted,0.25,3,3,AATCAAGACGATGCCTCTAC,0,5260677
yqjE_yqjK_yqjD_yqjC_predicted,0.25,3,3,AATATTGGCAAATTATGTAA,0,5221302
yqjE_yqjK_yqjD_yqjC_predicted,0.25,3,3,AATATCGAGCAGATCCTTTC,0,5257704
yqjE_yqjK_yqjD_yqjC_predicted,0.25,3,3,AATATCATTAGTAGAGAGGG,0,5238263
yqjE_yqjK_yqjD_yqjC_predicted,0.25,3,3,AATATACCTGGCCTTGCTTC,0,5217567
yqjE_yqjK_yqjD_yqjC_predicted,0.25,3,3,AATAGAGTATCGCGAACCAT,0,5176097
yqjE_yqjK_yqjD_yqjC_predicted,0.25,3,3,AATACGTCCAGGCTAGCTGC,0,5231471
yqjE_yqjK_yqjD_yqjC_predicted,0.25,3,3,AATACCGTCCGGTGGGTGAC,0,5225440
yqjE_yqjK_yqjD_yqjC_predicted,0.25,3,3,AATACATGGGGGGGGGCAGG,0,5190623
yqjE_yqjK_yqjD_yqjC_predicted,0.25,3,3,AATACAGGAACAACATACCA,0,5203582
yqjE_yqjK_yqjD_yqjC_predicted,0.25,3,3,AATACAAAATGGTTGCGGGA,0,5190055
yqjE_yqjK_yqjD_yqjC_predicted,0.25,3,3,AATAATATTAGCAGTACTTC,0,5218217
yqjE_yqjK_yqjD_yqjC_predicted,0.25,3,3,AATAAGGCAGGGCTCGATCC,0,5234477
yqjE_yqjK_yqjD_yqjC_predicted,0.25,3,3,AATAACGGGTGCGAACATTA,0,5218400
yqjE_yqjK_yqjD_yqjC_predicted,0.25,3,3,AAGTTCGCGATTGGATGCCT,0,5210740
yqjE_yqjK_yqjD_yqjC_predicted,0.25,3,3,AAGTGGAATACATCACCCAC,0,5240864
yqjE_yqjK_yqjD_yqjC_predicted,0.25,3,3,AAGTGCGTCTTTTAGGTCAT,0,5235868
yqjE_yqjK_yqjD_yqjC_predicted,0.25,3,3,AAGTCCTTGTAACGGTCCGG,0,5188380
yqjE_yqjK_yqjD_yqjC_predicted,0.25,3,3,AAGTATGATGTTTTCAATAC,0,5228409
yqjE_yqjK_yqjD_yqjC_predicted,0.25,3,3,AAGTAGGACAGACGTAAAAT,0,5238396
yqjE_yqjK_yqjD_yqjC_predicted,0.25,3,3,AAGTACTTTAAGGCTTGCGA,0,5250947
yqjE_yqjK_yqjD_yqjC_predicted,0.25,3,3,AAGTAAGTGATCGTTCCTGT,0,5203383
yqjE_yqjK_yqjD_yqjC_predicted,0.25,3,3,AAGTAAGTACTGGAAACTCG,0,5229913
yqjE_yqjK_yqjD_yqjC_predicted,0.25,3,3,AAGGTTCCACTTCCGTCTGT,0,5223546
yqjE_yqjK_yqjD_yqjC_predicted,0.25,3,3,AAGGCTCATACATTCGGTTA,0,5259223
yqjE_yqjK_yqjD_yqjC_predicted,0.25,3,3,AAGGCGAGGATCGCAATAGG,0,5218297
yqjE_yqjK_yqjD_yqjC_predicted,0.25,3,3,AAGGCAAATTGGCGTGGAAG,0,5237498
yqjE_yqjK_yqjD_yqjC_predicted,0.25,3,3,AAGGACTTTACAGCTCATTG,0,5207739
yqjE_yqjK_yqjD_yqjC_predicted,0.25,3,3,AAGCTGGCATAAGTACGATT,0,5233698
yqjE_yqjK_yqjD_yqjC_predicted,0.25,3,3,AAGCTAGGTATGGATCCTAT,0,5253081
yqjE_yqjK_yqjD_yqjC_predicted,0.25,3,3,AAGCGTCAAACCTAGGCGCG,0,5217218
yqjE_yqjK_yqjD_yqjC_predicted,0.25,3,3,AAGCAAGTTCATTAAGCACA,0,5242445
yqjE_yqjK_yqjD_yqjC_predicted,0.25,3,3,AAGATGCACCCTGGCTCTTT,0,5181979
yqjE_yqjK_yqjD_yqjC_predicted,0.25,3,3,AAGATCCGCATCGATAGGAT,0,5242417
yqjE_yqjK_yqjD_yqjC_predicted,0.25,3,3,AAGAGTAGCATCACTATCGG,0,5178295
yqjE_yqjK_yqjD_yqjC_predicted,0.25,3,3,AAGAGGATGCTTAGAAGGGG,0,5175735
yqjE_yqjK_yqjD_yqjC_predicted,0.25,3,3,AAGACGTACAGCGACCCGCA,0,5256533
yqjE_yqjK_yqjD_yqjC_predicted,0.25,3,3,AAGACGGGCTAGAGTGGTCT,0,5208049
yqjE_yqjK_yqjD_yqjC_predicted,0.25,3,3,AAGACGCGTTGCAGCGGGAT,0,5253710
yqjE_yqjK_yqjD_yqjC_predicted,0.25,3,3,AAGACCAAAGGTTGAGCCGA,0,5230643
yqjE_yqjK_yqjD_yqjC_predicted,0.25,3,3,AAGAAGCGGCCATGCGGAAG,0,5179545
yqjE_yqjK_yqjD_yqjC_predicted,0.25,3,3,AAGAAATAAACGATGTATGA,0,5175496
yqjE_yqjK_yqjD_yqjC_predicted,0.25,3,3,AACTCGGAACTTCAAGTGAC,0,5246849
yqjE_yqjK_yqjD_yqjC_predicted,0.25,3,3,AACTACGAGAGGTTACCCGG,0,5191019
yqjE_yqjK_yqjD_yqjC_predicted,0.25,3,3,AACGGGGAATCTCGAACTAA,0,5218071
yqjE_yqjK_yqjD_yqjC_predicted,0.25,3,3,AACGGCTAGGACATTTTCTG,0,5262299
yqjE_yqjK_yqjD_yqjC_predicted,0.25,3,3,AACGGCAGGTTAATCTAATT,0,5254734
yqjE_yqjK_yqjD_yqjC_predicted,0.25,3,3,AACGCTCCGAAGGGGTAGTT,0,5245359
yqjE_yqjK_yqjD_yqjC_predicted,0.25,3,3,AACGACCCCGAATTCGCTTA,0,5188093
yqjE_yqjK_yqjD_yqjC_predicted,0.25,3,3,AACCTGGCAATCTGTGTAGA,0,5192486
yqjE_yqjK_yqjD_yqjC_predicted,0.25,3,3,AACCTGGAGAGACTATACCC,0,5238971
yqjE_yqjK_yqjD_yqjC_predicted,0.25,3,3,AACCGGTATGAAGAGAGCCT,0,5192344
yqjE_yqjK_yqjD_yqjC_predicted,0.25,3,3,AACCCTGGTTGTAAAGGTCT,0,5231483
yqjE_yqjK_yqjD_yqjC_predicted,0.25,3,3,AACCCAGAGATAAAGATTCC,0,5179311
yqjE_yqjK_yqjD_yqjC_predicted,0.25,3,3,AACAGGGTGCATGCGGCCAC,0,5223039
yqjE_yqjK_yqjD_yqjC_predicted,0.25,3,3,AACAGACTTCCGATTAGTAG,0,5207510
yqjE_yqjK_yqjD_yqjC_predicted,0.25,3,3,AACAGAATCGGTGGATTTGG,0,5240568
yqjE_yqjK_yqjD_yqjC_predicted,0.25,3,3,AACACATCCAGTCTACGGGC,0,5182739
yqjE_yqjK_yqjD_yqjC_predicted,0.25,3,3,AACACAATCAAAGAAGGCCA,0,5252281
yqjE_yqjK_yqjD_yqjC_predicted,0.25,3,3,AAATTGACGTCGGCCCATAG,0,5211989
yqjE_yqjK_yqjD_yqjC_predicted,0.25,3,3,AAATTATGGCGCCATTCGAT,0,5250948
yqjE_yqjK_yqjD_yqjC_predicted,0.25,3,3,AAATTACGTAGATGAGATCG,0,5191087
yqjE_yqjK_yqjD_yqjC_predicted,0.25,3,3,AAATCTTACGCCTGTTGTGT,0,5196107
yqjE_yqjK_yqjD_yqjC_predicted,0.25,3,3,AAATATTTAGGCATCGGATA,0,5189134
yqjE_yqjK_yqjD_yqjC_predicted,0.25,3,3,AAATAAGACAAAGTCTCGCG,0,5172318
yqjE_yqjK_yqjD_yqjC_predicted,0.25,3,3,AAAGTACTGCATTCGATGGT,0,5212612
yqjE_yqjK_yqjD_yqjC_predicted,0.25,3,3,AAAGGGAGGCATCCTTTCGA,0,5225544
yqjE_yqjK_yqjD_yqjC_predicted,0.25,3,3,AAAGCTCGCTTAGGAATATG,0,5184114
yqjE_yqjK_yqjD_yqjC_predicted,0.25,3,3,AAAGCTAAACTCCGACGGAT,0,5194268
yqjE_yqjK_yqjD_yqjC_predicted,0.25,3,3,AAAGCGAGTTGGTTTTTTGG,0,5219035
yqjE_yqjK_yqjD_yqjC_predicted,0.25,3,3,AAAGATAAGGGCTCCGTTCG,0,5248438
yqjE_yqjK_yqjD_yqjC_predicted,0.25,3,3,AAACTGTTCGGATGGATAGA,0,5235034
yqjE_yqjK_yqjD_yqjC_predicted,0.25,3,3,AAACTATCGGGGGTAGCAAT,0,5220714
yqjE_yqjK_yqjD_yqjC_predicted,0.25,3,3,AAACGTGCATATGGGGCTTG,0,5212932
yqjE_yqjK_yqjD_yqjC_predicted,0.25,3,3,AAACGGCCTCTACATGATAT,0,5234260
yqjE_yqjK_yqjD_yqjC_predicted,0.25,3,3,AAACGAGCGAACGTGGTAGA,0,5189307
yqjE_yqjK_yqjD_yqjC_predicted,0.25,3,3,AAACGACGACATGTGCCGTC,0,5229722
yqjE_yqjK_yqjD_yqjC_predicted,0.25,3,3,AAACCTAGTGCTAATCCAGA,0,5259991
yqjE_yqjK_yqjD_yqjC_predicted,0.25,3,3,AAACCACCGCAGATTGGCGC,0,5188210
yqjE_yqjK_yqjD_yqjC_predicted,0.25,3,3,AAACAAGTCATGAGGAAAGT,0,5175746
yqjE_yqjK_yqjD_yqjC_predicted,0.25,3,3,AAACAAAGTACCGACCTAGC,0,5189467
yqjE_yqjK_yqjD_yqjC_predicted,0.25,3,3,AAAATGTATAGGTGTTACAT,0,5248174
yqjE_yqjK_yqjD_yqjC_predicted,0.25,3,3,AAAATCGGGTCTCACCACTA,0,5219637
yqjE_yqjK_yqjD_yqjC_predicted,0.25,3,3,AAAACAATCGATCTGGCCGC,0,5229911
yqjE_yqjK_yqjD_yqjC_predicted,0.25,3,3,AAAACAACCCGTTTGTACGA,0,5228327
yqjE_yqjK_yqjD_yqjC_predicted,0.25,3,3,AAAAACCACAATCCCTCTAT,0,5236758
yqjE_yqjK_yqjD_yqjC_predicted,0.3333333333333333,2,2,TTTTTCCACGCAAGCCGCAT,0,5171574
yqjE_yqjK_yqjD_yqjC_predicted,0.3333333333333333,2,2,TTTTGGTAGTACAGGGCGAA,0,5237273
yqjE_yqjK_yqjD_yqjC_predicted,0.3333333333333333,2,2,TTTTGGGGGCGCCCAGCGTC,0,5177910
yqjE_yqjK_yqjD_yqjC_predicted,0.3333333333333333,2,2,TTTTGGCGTGTCGTGAAGCC,0,5181438
yqjE_yqjK_yqjD_yqjC_predicted,0.3333333333333333,2,2,TTTTGGATTCATCGATCTGG,0,5174300
yqjE_yqjK_yqjD_yqjC_predicted,0.3333333333333333,2,2,TTTTCCGAACATTACACCAA,0,5198072
yqjE_yqjK_yqjD_yqjC_predicted,0.3333333333333333,2,2,TTTTATGGCGCAACAGGGGG,0,5255442
yqjE_yqjK_yqjD_yqjC_predicted,0.3333333333333333,2,2,TTTTAGAACAATGGGCTCGA,0,5219838
yqjE_yqjK_yqjD_yqjC_predicted,0.3333333333333333,2,2,TTTGTCTGCTATATGAAAGT,0,5256964
yqjE_yqjK_yqjD_yqjC_predicted,0.3333333333333333,2,2,TTTGTAGTCCCCGATTCATT,0,5244374
yqjE_yqjK_yqjD_yqjC_predicted,0.3333333333333333,2,2,TTTGTAGCTTTACTCAACTA,0,5222935
yqjE_yqjK_yqjD_yqjC_predicted,0.3333333333333333,2,2,TTTGGTAGACGGAGATTCCC,0,5218820
yqjE_yqjK_yqjD_yqjC_predicted,0.3333333333333333,2,2,TTTGCGCTTCCGAACACCGA,0,5238181
yqjE_yqjK_yqjD_yqjC_predicted,0.3333333333333333,2,2,TTTGCGCAACGGCTCCTCCC,0,5180346
yqjE_yqjK_yqjD_yqjC_predicted,0.3333333333333333,2,2,TTTCTTAGCAAAAGGGAACG,0,5195654
yqjE_yqjK_yqjD_yqjC_predicted,0.3333333333333333,2,2,TTTCTATCGTATCTTAGAGT,0,5189550
yqjE_yqjK_yqjD_yqjC_predicted,0.3333333333333333,2,2,TTTCTAGCCCCAGGGACCCA,0,5238380
yqjE_yqjK_yqjD_yqjC_predicted,0.3333333333333333,2,2,TTTCCTCCCATGGAGTTTTG,0,5253446
yqjE_yqjK_yqjD_yqjC_predicted,0.3333333333333333,2,2,TTTCCGGAGCCAGGGAAGAG,0,5236036
yqjE_yqjK_yqjD_yqjC_predicted,0.3333333333333333,2,2,TTTCCCCTGGAATTGGGGAT,0,5193972
yqjE_yqjK_yqjD_yqjC_predicted,0.3333333333333333,2,2,TTTCCAGTAAATCTGCGCCT,0,5251867
yqjE_yqjK_yqjD_yqjC_predicted,0.3333333333333333,2,2,TTTCAGGCCAGCTGACATGT,0,5202657
yqjE_yqjK_yqjD_yqjC_predicted,0.3333333333333333,2,2,TTTCAGCGACCAAAAGGTTG,0,5235865
yqjE_yqjK_yqjD_yqjC_predicted,0.3333333333333333,2,2,TTTCACAACTGATGATTGTT,0,5247195
yqjE_yqjK_yqjD_yqjC_predicted,0.3333333333333333,2,2,TTTATTGCCGGCGGAAATAT,0,5186226
yqjE_yqjK_yqjD_yqjC_predicted,0.3333333333333333,2,2,TTTATTACGGTCTTGGGAAC,0,5250127
yqjE_yqjK_yqjD_yqjC_predicted,0.3333333333333333,2,2,TTTATGCCATTTATAACCAC,0,5174736
yqjE_yqjK_yqjD_yqjC_predicted,0.3333333333333333,2,2,TTTATAAGATTAGTAATAGT,0,5243206
yqjE_yqjK_yqjD_yqjC_predicted,0.3333333333333333,2,2,TTTAGTGAATCAGCTCTGCT,0,5182961
yqjE_yqjK_yqjD_yqjC_predicted,0.3333333333333333,2,2,TTTAGCCCCCGCGCCATCGT,0,5248665
yqjE_yqjK_yqjD_yqjC_predicted,0.3333333333333333,2,2,TTTAGAGGGGATTGCGCAAG,0,5196802
yqjE_yqjK_yqjD_yqjC_predicted,0.3333333333333333,2,2,TTTACAGCTCTGGCTTGAAA,0,5251033
yqjE_yqjK_yqjD_yqjC_predicted,0.3333333333333333,2,2,TTGTTTGACATGTGCCCTAT,0,5227089
yqjE_yqjK_yqjD_yqjC_predicted,0.3333333333333333,2,2,TTGTTTCTAAATTCATGTGA,0,5223076
yqjE_yqjK_yqjD_yqjC_predicted,0.3333333333333333,2,2,TTGTTTAGCTCCGGGGGACA,0,5220375
yqjE_yqjK_yqjD_yqjC_predicted,0.3333333333333333,2,2,TTGTTCATACTCACACGCGG,0,5183845
yqjE_yqjK_yqjD_yqjC_predicted,0.3333333333333333,2,2,TTGTGCTTCGCTCATTGGTC,0,5193933
yqjE_yqjK_yqjD_yqjC_predicted,0.3333333333333333,2,2,TTGTCGGGCTTATTAAGTTA,0,5230681
yqjE_yqjK_yqjD_yqjC_predicted,0.3333333333333333,2,2,TTGTCCGATGGTAGTGTAGG,0,5175511
yqjE_yqjK_yqjD_yqjC_predicted,0.3333333333333333,2,2,TTGTACTGATTAATCCTCGT,0,5214865
yqjE_yqjK_yqjD_yqjC_predicted,0.3333333333333333,2,2,TTGGTTCTGATGAAAGGAGC,0,5191948
yqjE_yqjK_yqjD_yqjC_predicted,0.3333333333333333,2,2,TTGGGTAGATTGCATTCTAT,0,5209145
yqjE_yqjK_yqjD_yqjC_predicted,0.3333333333333333,2,2,TTGGGGCAGTGGAACTTCGT,0,5219412
yqjE_yqjK_yqjD_yqjC_predicted,0.3333333333333333,2,2,TTGGGGCAGGAGTAGATATA,0,5262599
yqjE_yqjK_yqjD_yqjC_predicted,0.3333333333333333,2,2,TTGGCAGTTACTACAATTGG,0,5171864
yqjE_yqjK_yqjD_yqjC_predicted,0.3333333333333333,2,2,TTGGATAAGCCGTACAGGGA,0,5212373
yqjE_yqjK_yqjD_yqjC_predicted,0.3333333333333333,2,2,TTGGACCACTGTAGCCATCA,0,5233329
yqjE_yqjK_yqjD_yqjC_predicted,0.3333333333333333,2,2,TTGGACAGAATCATGAGCGA,0,5226694
yqjE_yqjK_yqjD_yqjC_predicted,0.3333333333333333,2,2,TTGGAAGATACCTTGCTCGA,0,5172404
yqjE_yqjK_yqjD_yqjC_predicted,0.3333333333333333,2,2,TTGGAAAGATGTGATCGAGA,0,5254048
yqjE_yqjK_yqjD_yqjC_predicted,0.3333333333333333,2,2,TTGCTCTTCTGTTGCTCGGT,0,5199653
yqjE_yqjK_yqjD_yqjC_predicted,0.3333333333333333,2,2,TTGCTCTTAGGGGCTAAGAG,0,5241553
yqjE_yqjK_yqjD_yqjC_predicted,0.3333333333333333,2,2,TTGCTACCCCAGAGACCGTT,0,5232495
yqjE_yqjK_yqjD_yqjC_predicted,0.3333333333333333,2,2,TTGCGCCATTCGAGGGGTGA,0,5221401
yqjE_yqjK_yqjD_yqjC_predicted,0.3333333333333333,2,2,TTGCGCAAATACTCGATTAG,0,5218978
yqjE_yqjK_yqjD_yqjC_predicted,0.3333333333333333,2,2,TTGCCATTGGAGTGATCTCT,0,5240032
yqjE_yqjK_yqjD_yqjC_predicted,0.3333333333333333,2,2,TTGCCAGGTCCTCGTTCTCT,0,5247521
yqjE_yqjK_yqjD_yqjC_predicted,0.3333333333333333,2,2,TTGCCACCTAACTCAGTCAA,0,5254986
yqjE_yqjK_yqjD_yqjC_predicted,0.3333333333333333,2,2,TTGCACTGTCCGCATGGGGA,0,5199459
yqjE_yqjK_yqjD_yqjC_predicted,0.3333333333333333,2,2,TTGCACCTTACCACGACAGA,0,5199960
yqjE_yqjK_yqjD_yqjC_predicted,0.3333333333333333,2,2,TTGATTTAAAACATAAACCC,0,5230332
yqjE_yqjK_yqjD_yqjC_predicted,0.3333333333333333,2,2,TTGATTGTAGTTGGCGTGCC,0,5223708
yqjE_yqjK_yqjD_yqjC_predicted,0.3333333333333333,2,2,TTGATCAGTCCACTACACAC,0,5247969
yqjE_yqjK_yqjD_yqjC_predicted,0.3333333333333333,2,2,TTGAGGGCGTGAGTTCTTGC,0,5191253
yqjE_yqjK_yqjD_yqjC_predicted,0.3333333333333333,2,2,TTGAGACAACGACATTGTAG,0,5211450
yqjE_yqjK_yqjD_yqjC_predicted,0.3333333333333333,2,2,TTGAAGCTATCACGCGGAGG,0,5241858
yqjE_yqjK_yqjD_yqjC_predicted,0.3333333333333333,2,2,TTGAACCAATGTCCATGCGG,0,5251213
yqjE_yqjK_yqjD_yqjC_predicted,0.3333333333333333,2,2,TTCTTGGATCCGATCTGTGG,0,5184445
yqjE_yqjK_yqjD_yqjC_predicted,0.3333333333333333,2,2,TTCTTGGAGTACGTCCTCAT,0,5189423
yqjE_yqjK_yqjD_yqjC_predicted,0.3333333333333333,2,2,TTCTTCCTAACGATTGTATC,0,5211391
yqjE_yqjK_yqjD_yqjC_predicted,0.3333333333333333,2,2,TTCTTATCAATGCAAACAAA,0,5225938
yqjE_yqjK_yqjD_yqjC_predicted,0.3333333333333333,2,2,TTCTTATAGCTCAAGGGCTG,0,5260555
yqjE_yqjK_yqjD_yqjC_predicted,0.3333333333333333,2,2,TTCTTAACTTGTTTGAATTT,0,5250957
yqjE_yqjK_yqjD_yqjC_predicted,0.3333333333333333,2,2,TTCTCCGAGTCTATTAGGGG,0,5179907
yqjE_yqjK_yqjD_yqjC_predicted,0.3333333333333333,2,2,TTCTCAAGGTTGAAGAAAGT,0,5197453
yqjE_yqjK_yqjD_yqjC_predicted,0.3333333333333333,2,2,TTCTATTACAGGACCACCGG,0,5195452
yqjE_yqjK_yqjD_yqjC_predicted,0.3333333333333333,2,2,TTCGTTTATCAACCGGTCAA,0,5256095
yqjE_yqjK_yqjD_yqjC_predicted,0.3333333333333333,2,2,TTCGTGGACTCTACGGACTG,0,5190783
yqjE_yqjK_yqjD_yqjC_predicted,0.3333333333333333,2,2,TTCGGTTCAATGCCGTCGTA,0,5250552
yqjE_yqjK_yqjD_yqjC_predicted,0.3333333333333333,2,2,TTCGGTCAATTTAATGTGTT,0,5194501
yqjE_yqjK_yqjD_yqjC_predicted,0.3333333333333333,2,2,TTCGGCCCACGGCTGATATA,0,5179452
yqjE_yqjK_yqjD_yqjC_predicted,0.3333333333333333,2,2,TTCGGAAATATAGGTGAATT,0,5239990
yqjE_yqjK_yqjD_yqjC_predicted,0.3333333333333333,2,2,TTCGCAGCTTACTAACATTA,0,5251843
yqjE_yqjK_yqjD_yqjC_predicted,0.3333333333333333,2,2,TTCGAGCGTCGCTCGAAACG,0,5211363
yqjE_yqjK_yqjD_yqjC_predicted,0.3333333333333333,2,2,TTCGACGAATGAGCAGGTGC,0,5214906
yqjE_yqjK_yqjD_yqjC_predicted,0.3333333333333333,2,2,TTCGAATCTTCGTGCGCTTG,0,5203059
yqjE_yqjK_yqjD_yqjC_predicted,0.3333333333333333,2,2,TTCGAAGAAGAGTAAAGGGT,0,5238473
yqjE_yqjK_yqjD_yqjC_predicted,0.3333333333333333,2,2,TTCCTGCTTCAGGAATTTAA,0,5191527
yqjE_yqjK_yqjD_yqjC_predicted,0.3333333333333333,2,2,TTCCTCCAGCTGAGATCGAG,0,5199939
yqjE_yqjK_yqjD_yqjC_predicted,0.3333333333333333,2,2,TTCCTAGCGAGAGTCGCACG,0,5202271
yqjE_yqjK_yqjD_yqjC_predicted,0.3333333333333333,2,2,TTCCGGGGGGAACGGGCTGT,0,5206801
yqjE_yqjK_yqjD_yqjC_predicted,0.3333333333333333,2,2,TTCCGGGCGCCATGTAATCA,0,5221536
yqjE_yqjK_yqjD_yqjC_predicted,0.3333333333333333,2,2,TTCCATTCCACCTGGCGAAT,0,5172968
yqjE_yqjK_yqjD_yqjC_predicted,0.3333333333333333,2,2,TTCCAACTCCGCGAGGTGAT,0,5171264
yqjE_yqjK_yqjD_yqjC_predicted,0.3333333333333333,2,2,TTCCAAAGGGCCGCTCTTAG,0,5204052
yqjE_yqjK_yqjD_yqjC_predicted,0.3333333333333333,2,2,TTCATGATTACCGTCCGGCT,0,5189699
yqjE_yqjK_yqjD_yqjC_predicted,0.3333333333333333,2,2,TTCATATGTTATGTCGCCCG,0,5175337
yqjE_yqjK_yqjD_yqjC_predicted,0.3333333333333333,2,2,TTCAGTGCAGTGCATCTGTT,0,5238937
yqjE_yqjK_yqjD_yqjC_predicted,0.3333333333333333,2,2,TTCAGTCTTAAGAATTGGAC,0,5259507
yqjE_yqjK_yqjD_yqjC_predicted,0.3333333333333333,2,2,TTCAGGAGGGCATGCTGTGC,0,5211425
yqjE_yqjK_yqjD_yqjC_predicted,0.3333333333333333,2,2,TTCAGCTCGGGAAACTCCTG,0,5212380
yqjE_yqjK_yqjD_yqjC_predicted,0.3333333333333333,2,2,TTCAGACGACTACTCTTATG,0,5248787
yqjE_yqjK_yqjD_yqjC_predicted,0.3333333333333333,2,2,TTCACTATCGATGGTTCATG,0,5211610
yqjE_yqjK_yqjD_yqjC_predicted,0.3333333333333333,2,2,TTCACTACATTGCCTTCCGA,0,5176850
yqjE_yqjK_yqjD_yqjC_predicted,0.3333333333333333,2,2,TTCAATCTCCTGAGACGGGC,0,5190049
yqjE_yqjK_yqjD_yqjC_predicted,0.3333333333333333,2,2,TTCAATCCGCTGTAATGTTG,0,5177576
yqjE_yqjK_yqjD_yqjC_predicted,0.3333333333333333,2,2,TTCAAGGTCCTATCATCATG,0,5231441
yqjE_yqjK_yqjD_yqjC_predicted,0.3333333333333333,2,2,TTCAAACGCGCTCTACGCAG,0,5208048
yqjE_yqjK_yqjD_yqjC_predicted,0.3333333333333333,2,2,TTATCGGGCGATGGCATTCA,0,5254303
yqjE_yqjK_yqjD_yqjC_predicted,0.3333333333333333,2,2,TTATCACGTACCTATGTCGC,0,5234992
yqjE_yqjK_yqjD_yqjC_predicted,0.3333333333333333,2,2,TTATCAAGTTCTTAGTGGTT,0,5193461
yqjE_yqjK_yqjD_yqjC_predicted,0.3333333333333333,2,2,TTATAGGTAAGAGGGGGTGG,0,5185941
yqjE_yqjK_yqjD_yqjC_predicted,0.3333333333333333,2,2,TTATAGCACGCGAAGGGATC,0,5235704
yqjE_yqjK_yqjD_yqjC_predicted,0.3333333333333333,2,2,TTATACAGCGGCCGGGCGGA,0,5256322
yqjE_yqjK_yqjD_yqjC_predicted,0.3333333333333333,2,2,TTATAAAGGACTGGACACGT,0,5225936
yqjE_yqjK_yqjD_yqjC_predicted,0.3333333333333333,2,2,TTAGGGATGTCGCGGTGTGG,0,5230568
yqjE_yqjK_yqjD_yqjC_predicted,0.3333333333333333,2,2,TTAGGCCGTTGCAGCACTTT,0,5231969
yqjE_yqjK_yqjD_yqjC_predicted,0.3333333333333333,2,2,TTAGCTTAGAGGTGCCCAAT,0,5250412
yqjE_yqjK_yqjD_yqjC_predicted,0.3333333333333333,2,2,TTAGCTCATACATACAGTCA,0,5197569
yqjE_yqjK_yqjD_yqjC_predicted,0.3333333333333333,2,2,TTAGCCATGGTACTAACCTC,0,5221979
yqjE_yqjK_yqjD_yqjC_predicted,0.3333333333333333,2,2,TTAGACTCAGATCTGTATTG,0,5243808
yqjE_yqjK_yqjD_yqjC_predicted,0.3333333333333333,2,2,TTAGAATGGTTTTGCTAGCT,0,5235672
yqjE_yqjK_yqjD_yqjC_predicted,0.3333333333333333,2,2,TTAGAAGTATGCCGGTAGAT,0,5245984
yqjE_yqjK_yqjD_yqjC_predicted,0.3333333333333333,2,2,TTACTGCAACTGAACGAATG,0,5173999
yqjE_yqjK_yqjD_yqjC_predicted,0.3333333333333333,2,2,TTACTCTGCGGTCTACCGCA,0,5232244
yqjE_yqjK_yqjD_yqjC_predicted,0.3333333333333333,2,2,TTACTAATACTGGGAACATT,0,5261225
yqjE_yqjK_yqjD_yqjC_predicted,0.3333333333333333,2,2,TTACGTGCGAGCGTTATCTT,0,5202390
yqjE_yqjK_yqjD_yqjC_predicted,0.3333333333333333,2,2,TTACGGCGCATCTCTCTAAA,0,5181960
yqjE_yqjK_yqjD_yqjC_predicted,0.3333333333333333,2,2,TTACGCGCAGAAGTTAGTAT,0,5252788
yqjE_yqjK_yqjD_yqjC_predicted,0.3333333333333333,2,2,TTACGCCCTTTATATAACGT,0,5236845
yqjE_yqjK_yqjD_yqjC_predicted,0.3333333333333333,2,2,TTACGAGTGCAAAATCTCAT,0,5232619
yqjE_yqjK_yqjD_yqjC_predicted,0.3333333333333333,2,2,TTACCTCGTACATGACTGTT,0,5255911
yqjE_yqjK_yqjD_yqjC_predicted,0.3333333333333333,2,2,TTACCCCGTTCAGCGCAGTG,0,5260119
yqjE_yqjK_yqjD_yqjC_predicted,0.3333333333333333,2,2,TTACAAGCGCCGAGGGTACC,0,5250707
yqjE_yqjK_yqjD_yqjC_predicted,0.3333333333333333,2,2,TTAATTGGAGTGCCCCTAGA,0,5193299
yqjE_yqjK_yqjD_yqjC_predicted,0.3333333333333333,2,2,TTAATTAGCGTCTGTTCGTG,0,5224650
yqjE_yqjK_yqjD_yqjC_predicted,0.3333333333333333,2,2,TTAAGTCAAAGGTGAGCGTG,0,5184734
yqjE_yqjK_yqjD_yqjC_predicted,0.3333333333333333,2,2,TTAAGGACAGAATTCTCTCT,0,5190488
yqjE_yqjK_yqjD_yqjC_predicted,0.3333333333333333,2,2,TTAAGCGAAACAGTGTCATT,0,5260158
yqjE_yqjK_yqjD_yqjC_predicted,0.3333333333333333,2,2,TTAACTGCTTCGGGTAACGA,0,5208220
yqjE_yqjK_yqjD_yqjC_predicted,0.3333333333333333,2,2,TTAACGCAGGGTGGTGATGA,0,5236059
yqjE_yqjK_yqjD_yqjC_predicted,0.3333333333333333,2,2,TTAACATCTCACAATGAGGT,0,5239502
yqjE_yqjK_yqjD_yqjC_predicted,0.3333333333333333,2,2,TTAAATCCCGGACAAATGTC,0,5182781
yqjE_yqjK_yqjD_yqjC_predicted,0.3333333333333333,2,2,TTAAACTGCAAAACCCAACA,0,5201793
yqjE_yqjK_yqjD_yqjC_predicted,0.3333333333333333,2,2,TTAAAATGTGGCCAGATGTG,0,5213122
yqjE_yqjK_yqjD_yqjC_predicted,0.3333333333333333,2,2,TTAAAAGTTCGTCAAACTTT,0,5207792
yqjE_yqjK_yqjD_yqjC_predicted,0.3333333333333333,2,2,TGTTTGTAGTAATAACTTCA,0,5222801
yqjE_yqjK_yqjD_yqjC_predicted,0.3333333333333333,2,2,TGTTGTCCCGTTGTAGCGCA,0,5188030
yqjE_yqjK_yqjD_yqjC_predicted,0.3333333333333333,2,2,TGTTGTACTTGACAACAACA,0,5250664
yqjE_yqjK_yqjD_yqjC_predicted,0.3333333333333333,2,2,TGTTGGGATATATGGCGAGT,0,5187680
yqjE_yqjK_yqjD_yqjC_predicted,0.3333333333333333,2,2,TGTTCTCAGGAAGACATCTT,0,5197494
yqjE_yqjK_yqjD_yqjC_predicted,0.3333333333333333,2,2,TGTTCTATACGGTTAAGGGG,0,5203359
yqjE_yqjK_yqjD_yqjC_predicted,0.3333333333333333,2,2,TGTTCACCAGTATGGCGTGC,0,5178902
yqjE_yqjK_yqjD_yqjC_predicted,0.3333333333333333,2,2,TGTTCACACCTGGTAGCTTA,0,5257799
yqjE_yqjK_yqjD_yqjC_predicted,0.3333333333333333,2,2,TGTGGTCAGCCGTGACAGAG,0,5228281
yqjE_yqjK_yqjD_yqjC_predicted,0.3333333333333333,2,2,TGTGGATCCTGAAGGTGATT,0,5226573
yqjE_yqjK_yqjD_yqjC_predicted,0.3333333333333333,2,2,TGTGCTGAGAACATTACGTG,0,5187143
yqjE_yqjK_yqjD_yqjC_predicted,0.3333333333333333,2,2,TGTGCGATATGTAGTAAAAA,0,5171025
yqjE_yqjK_yqjD_yqjC_predicted,0.3333333333333333,2,2,TGTGCCGTTCCACCGGTCTG,0,5232068
yqjE_yqjK_yqjD_yqjC_predicted,0.3333333333333333,2,2,TGTGCAAAGGGCCAGTTACA,0,5207200
yqjE_yqjK_yqjD_yqjC_predicted,0.3333333333333333,2,2,TGTGACCCAGGTGCCAGCGG,0,5172744
yqjE_yqjK_yqjD_yqjC_predicted,0.3333333333333333,2,2,TGTGACACAGGTGGGTCATC,0,5248096
yqjE_yqjK_yqjD_yqjC_predicted,0.3333333333333333,2,2,TGTGAACGGGGCCAAGTTTG,0,5187917
yqjE_yqjK_yqjD_yqjC_predicted,0.3333333333333333,2,2,TGTCGTACTTACTTAGTGAT,0,5177760
yqjE_yqjK_yqjD_yqjC_predicted,0.3333333333333333,2,2,TGTCGGCCCTTCACCCTCGA,0,5189211
yqjE_yqjK_yqjD_yqjC_predicted,0.3333333333333333,2,2,TGTCGCTTCAAGAACTAGCT,0,5252851
yqjE_yqjK_yqjD_yqjC_predicted,0.3333333333333333,2,2,TGTCGAGGGCTCATTGAACC,0,5215097
yqjE_yqjK_yqjD_yqjC_predicted,0.3333333333333333,2,2,TGTCGAAGAGTTAAATCATT,0,5228273
yqjE_yqjK_yqjD_yqjC_predicted,0.3333333333333333,2,2,TGTCCTGCTCGCAGCAACTA,0,5203460
yqjE_yqjK_yqjD_yqjC_predicted,0.3333333333333333,2,2,TGTCCGGAAAGAAATATCAA,0,5231948
yqjE_yqjK_yqjD_yqjC_predicted,0.3333333333333333,2,2,TGTCCAAGCGTCCGGTCAGA,0,5180128
yqjE_yqjK_yqjD_yqjC_predicted,0.3333333333333333,2,2,TGTCATTTGTTATGCCTAGT,0,5230653
yqjE_yqjK_yqjD_yqjC_predicted,0.3333333333333333,2,2,TGTCATTGTTAAAACTTTGT,0,5180992
yqjE_yqjK_yqjD_yqjC_predicted,0.3333333333333333,2,2,TGTCATGGCAAGTGTTGAAC,0,5172819
yqjE_yqjK_yqjD_yqjC_predicted,0.3333333333333333,2,2,TGTCAGTCTGTAAGAATTCA,0,5238586
yqjE_yqjK_yqjD_yqjC_predicted,0.3333333333333333,2,2,TGTCAGTACTCGCAGGAGCA,0,5200588
yqjE_yqjK_yqjD_yqjC_predicted,0.3333333333333333,2,2,TGTCAGGCGTTTGCAACCTT,0,5224402
yqjE_yqjK_yqjD_yqjC_predicted,0.3333333333333333,2,2,TGTATTTGGAGAGCCCAACG,0,5224821
yqjE_yqjK_yqjD_yqjC_predicted,0.3333333333333333,2,2,TGTATGTACAGCACGGGACA,0,5254503
yqjE_yqjK_yqjD_yqjC_predicted,0.3333333333333333,2,2,TGTATGCAACGCAGGATGTC,0,5178041
yqjE_yqjK_yqjD_yqjC_predicted,0.3333333333333333,2,2,TGTATGATTCTTGCTGGACA,0,5245840
yqjE_yqjK_yqjD_yqjC_predicted,0.3333333333333333,2,2,TGTAGGAATACTCACAATTA,0,5258529
yqjE_yqjK_yqjD_yqjC_predicted,0.3333333333333333,2,2,TGTACTGGCAAATGCACATA,0,5251529
yqjE_yqjK_yqjD_yqjC_predicted,0.3333333333333333,2,2,TGTACGGCAAGTGAGTAATC,0,5185587
yqjE_yqjK_yqjD_yqjC_predicted,0.3333333333333333,2,2,TGTACACTGGCATCCTGCAG,0,5201796
yqjE_yqjK_yqjD_yqjC_predicted,0.3333333333333333,2,2,TGTACAAGACTATTATGCAG,0,5226559
yqjE_yqjK_yqjD_yqjC_predicted,0.3333333333333333,2,2,TGTAAGATGATTCTATTAAC,0,5246372
yqjE_yqjK_yqjD_yqjC_predicted,0.3333333333333333,2,2,TGTAAGAATAATCTACGACG,0,5235024
yqjE_yqjK_yqjD_yqjC_predicted,0.3333333333333333,2,2,TGGTTCCCGAGCGTCTGCAG,0,5212761
yqjE_yqjK_yqjD_yqjC_predicted,0.3333333333333333,2,2,TGGTGGTCCCTGGGGGTTTA,0,5209062
yqjE_yqjK_yqjD_yqjC_predicted,0.3333333333333333,2,2,TGGTCAGAGTTCGGCACGGC,0,5245932
yqjE_yqjK_yqjD_yqjC_predicted,0.3333333333333333,2,2,TGGTCACTGGGACACGAGTT,0,5198246
yqjE_yqjK_yqjD_yqjC_predicted,0.3333333333333333,2,2,TGGTCAATGTCCCAATGTCG,0,5197882
yqjE_yqjK_yqjD_yqjC_predicted,0.3333333333333333,2,2,TGGTCAAATACTTTGATCGT,0,5217951
yqjE_yqjK_yqjD_yqjC_predicted,0.3333333333333333,2,2,TGGTATTATTAAGCTCATCA,0,5217348
yqjE_yqjK_yqjD_yqjC_predicted,0.3333333333333333,2,2,TGGTAGCTAAAGCCAAAATA,0,5179043
yqjE_yqjK_yqjD_yqjC_predicted,0.3333333333333333,2,2,TGGTACGTGGTATCCATAAC,0,5256167
yqjE_yqjK_yqjD_yqjC_predicted,0.3333333333333333,2,2,TGGTAACCTCCATCCAGCAA,0,5171077
yqjE_yqjK_yqjD_yqjC_predicted,0.3333333333333333,2,2,TGGGTGACTATGGTTAAGCG,0,5195250
yqjE_yqjK_yqjD_yqjC_predicted,0.3333333333333333,2,2,TGGGTCTAAATGCTCGCTTC,0,5192749
yqjE_yqjK_yqjD_yqjC_predicted,0.3333333333333333,2,2,TGGGGTGTCTTAGTAGTGGA,0,5197268
yqjE_yqjK_yqjD_yqjC_predicted,0.3333333333333333,2,2,TGGGGGAACTTATAAGCGTG,0,5258651
yqjE_yqjK_yqjD_yqjC_predicted,0.3333333333333333,2,2,TGGGGCTAATATGGTTTCTC,0,5181471
yqjE_yqjK_yqjD_yqjC_predicted,0.3333333333333333,2,2,TGGGACATACCTTTCAAGCA,0,5233419
yqjE_yqjK_yqjD_yqjC_predicted,0.3333333333333333,2,2,TGGCTGTGACGCCCTTTCTG,0,5187874
yqjE_yqjK_yqjD_yqjC_predicted,0.3333333333333333,2,2,TGGCTCAAATGACGATCGTG,0,5196664
yqjE_yqjK_yqjD_yqjC_predicted,0.3333333333333333,2,2,TGGCTACATGTGCACCATGA,0,5194236
yqjE_yqjK_yqjD_yqjC_predicted,0.3333333333333333,2,2,TGGCGGATGTTTGGTATCTA,0,5179316
yqjE_yqjK_yqjD_yqjC_predicted,0.3333333333333333,2,2,TGGCGATCCGGTGTGCGTAT,0,5239612
yqjE_yqjK_yqjD_yqjC_predicted,0.3333333333333333,2,2,TGGCCGAATAGCGCATCGCA,0,5222705
yqjE_yqjK_yqjD_yqjC_predicted,0.3333333333333333,2,2,TGGCATCGCTAATTGTGCAT,0,5173829
yqjE_yqjK_yqjD_yqjC_predicted,0.3333333333333333,2,2,TGGCAATATAACCGGTCAGA,0,5194358
yqjE_yqjK_yqjD_yqjC_predicted,0.3333333333333333,2,2,TGGATCCTATATGATCGGCC,0,5229344
yqjE_yqjK_yqjD_yqjC_predicted,0.3333333333333333,2,2,TGGATACCCAATGATATACC,0,5184246
yqjE_yqjK_yqjD_yqjC_predicted,0.3333333333333333,2,2,TGGAGCGTTGACCAGATAAA,0,5256546
yqjE_yqjK_yqjD_yqjC_predicted,0.3333333333333333,2,2,TGGAGAGCTGCCGTTGATTT,0,5241780
yqjE_yqjK_yqjD_yqjC_predicted,0.3333333333333333,2,2,TGGAGAAAGGGTTACTCGGG,0,5224524
yqjE_yqjK_yqjD_yqjC_predicted,0.3333333333333333,2,2,TGGACGTCCATTTCTCCACC,0,5182841
yqjE_yqjK_yqjD_yqjC_predicted,0.3333333333333333,2,2,TGGACGCTTCGCTTTGTTGG,0,5237792
yqjE_yqjK_yqjD_yqjC_predicted,0.3333333333333333,2,2,TGGAAAGTCTCCCGGGTAAA,0,5222847
yqjE_yqjK_yqjD_yqjC_predicted,0.3333333333333333,2,2,TGCTGGTGTCCCATGTTAGG,0,5242275
yqjE_yqjK_yqjD_yqjC_predicted,0.3333333333333333,2,2,TGCTGCGGATATAATTCCAA,0,5216540
yqjE_yqjK_yqjD_yqjC_predicted,0.3333333333333333,2,2,TGCTGCCGTGCAGCGCGCTA,0,5229756
yqjE_yqjK_yqjD_yqjC_predicted,0.3333333333333333,2,2,TGCTCGAGGTGGGAACGGAA,0,5228709
yqjE_yqjK_yqjD_yqjC_predicted,0.3333333333333333,2,2,TGCTCCTTATGCGTCTCATT,0,5196405
yqjE_yqjK_yqjD_yqjC_predicted,0.3333333333333333,2,2,TGCTCCTTACATTTGCCTGG,0,5231080
yqjE_yqjK_yqjD_yqjC_predicted,0.3333333333333333,2,2,TGCTCCGGGGTGTGTATGGC,0,5226177
yqjE_yqjK_yqjD_yqjC_predicted,0.3333333333333333,2,2,TGCTAGCCTGTTACGACCGT,0,5239552
yqjE_yqjK_yqjD_yqjC_predicted,0.3333333333333333,2,2,TGCTACGGGCGGGTGACACA,0,5235883
yqjE_yqjK_yqjD_yqjC_predicted,0.3333333333333333,2,2,TGCGTTTGAGGTACATAACA,0,5178994
yqjE_yqjK_yqjD_yqjC_predicted,0.3333333333333333,2,2,TGCGTTGGTATCTTGCTAGG,0,5221950
yqjE_yqjK_yqjD_yqjC_predicted,0.3333333333333333,2,2,TGCGTTACTTACAGGATGAT,0,5238805
yqjE_yqjK_yqjD_yqjC_predicted,0.3333333333333333,2,2,TGCGTTAAGGAAGGGTGAGG,0,5204882
yqjE_yqjK_yqjD_yqjC_predicted,0.3333333333333333,2,2,TGCGTGGCTCGAAGCCGCGT,0,5175226
yqjE_yqjK_yqjD_yqjC_predicted,0.3333333333333333,2,2,TGCGTGCGGAGGCCCAATTT,0,5190538
yqjE_yqjK_yqjD_yqjC_predicted,0.3333333333333333,2,2,TGCGTACTTGGTCTCGCAAA,0,5253444
yqjE_yqjK_yqjD_yqjC_predicted,0.3333333333333333,2,2,TGCGGCGTCCACATTGAGGA,0,5202599
yqjE_yqjK_yqjD_yqjC_predicted,0.3333333333333333,2,2,TGCGGCGAAGCGCCCAAAGT,0,5198519
yqjE_yqjK_yqjD_yqjC_predicted,0.3333333333333333,2,2,TGCGCTATAATACGAATGCT,0,5210306
yqjE_yqjK_yqjD_yqjC_predicted,0.3333333333333333,2,2,TGCGCGGGAAGCTGTTCAAT,0,5180969
yqjE_yqjK_yqjD_yqjC_predicted,0.3333333333333333,2,2,TGCGCGCGCATAGGCCAATG,0,5230780
yqjE_yqjK_yqjD_yqjC_predicted,0.3333333333333333,2,2,TGCGCATTTCCCTGCAAATC,0,5228791
yqjE_yqjK_yqjD_yqjC_predicted,0.3333333333333333,2,2,TGCGCAAATTAAAACACAAC,0,5250329
yqjE_yqjK_yqjD_yqjC_predicted,0.3333333333333333,2,2,TGCGATGATCTCCAGTTCGA,0,5251505
yqjE_yqjK_yqjD_yqjC_predicted,0.3333333333333333,2,2,TGCGAGAAGGCATGCATTAG,0,5194876
yqjE_yqjK_yqjD_yqjC_predicted,0.3333333333333333,2,2,TGCCTGTGTGGTGGCATGTA,0,5229277
yqjE_yqjK_yqjD_yqjC_predicted,0.3333333333333333,2,2,TGCCTGTCCAGGGGCGCGGG,0,5243988
yqjE_yqjK_yqjD_yqjC_predicted,0.3333333333333333,2,2,TGCCTCAGAGTAGTCATGCA,0,5208182
yqjE_yqjK_yqjD_yqjC_predicted,0.3333333333333333,2,2,TGCCGGTTGTTTGTGTTAAT,0,5180937
yqjE_yqjK_yqjD_yqjC_predicted,0.3333333333333333,2,2,TGCCGGCCGGTTAAGATCGA,0,5232352
yqjE_yqjK_yqjD_yqjC_predicted,0.3333333333333333,2,2,TGCCCGTCATCTCGTTACAT,0,5185056
yqjE_yqjK_yqjD_yqjC_predicted,0.3333333333333333,2,2,TGCCCAACGCCTGACTTTTT,0,5211692
yqjE_yqjK_yqjD_yqjC_predicted,0.3333333333333333,2,2,TGCCCAAATTCGAGACCCTG,0,5244190
yqjE_yqjK_yqjD_yqjC_predicted,0.3333333333333333,2,2,TGCCAGCTCCCAAGTTATCG,0,5255091
yqjE_yqjK_yqjD_yqjC_predicted,0.3333333333333333,2,2,TGCATCTTCGGGGCTCAGGG,0,5199914
yqjE_yqjK_yqjD_yqjC_predicted,0.3333333333333333,2,2,TGCAGGAAAGCTATTACCGA,0,5231837
yqjE_yqjK_yqjD_yqjC_predicted,0.3333333333333333,2,2,TGCACGTAGGATACAATAGC,0,5224049
yqjE_yqjK_yqjD_yqjC_predicted,0.3333333333333333,2,2,TGCACATTGCAAATAGGGGA,0,5187390
yqjE_yqjK_yqjD_yqjC_predicted,0.3333333333333333,2,2,TGCAAGATTTATCAGATAGC,0,5191680
yqjE_yqjK_yqjD_yqjC_predicted,0.3333333333333333,2,2,TGATTGCGTTTTCCTAGTTG,0,5208947
yqjE_yqjK_yqjD_yqjC_predicted,0.3333333333333333,2,2,TGATGGTAATGCTCTACGCA,0,5219581
yqjE_yqjK_yqjD_yqjC_predicted,0.3333333333333333,2,2,TGATGCCGAGTCAGTCAGGT,0,5227524
yqjE_yqjK_yqjD_yqjC_predicted,0.3333333333333333,2,2,TGATCGCTGGAGCCGGGCGT,0,5248945
yqjE_yqjK_yqjD_yqjC_predicted,0.3333333333333333,2,2,TGATATGTGGAAGTAAGGAA,0,5244922
yqjE_yqjK_yqjD_yqjC_predicted,0.3333333333333333,2,2,TGATAGGTCGAAATCGCATT,0,5174270
yqjE_yqjK_yqjD_yqjC_predicted,0.3333333333333333,2,2,TGATACTTCAACGGGCTGCT,0,5191563
yqjE_yqjK_yqjD_yqjC_predicted,0.3333333333333333,2,2,TGAGTATTATACGAGACGCC,0,5218592
yqjE_yqjK_yqjD_yqjC_predicted,0.3333333333333333,2,2,TGAGTATGTTCCACAAGCCC,0,5207659
yqjE_yqjK_yqjD_yqjC_predicted,0.3333333333333333,2,2,TGAGGTTGAGACTCGGCGCA,0,5207603
yqjE_yqjK_yqjD_yqjC_predicted,0.3333333333333333,2,2,TGAGGGCGGTAGTAGGGCCC,0,5224029
yqjE_yqjK_yqjD_yqjC_predicted,0.3333333333333333,2,2,TGAGGAGCCTCGCAGCTTTT,0,5262560
yqjE_yqjK_yqjD_yqjC_predicted,0.3333333333333333,2,2,TGAGGACAGGAGACAGCAGG,0,5246630
yqjE_yqjK_yqjD_yqjC_predicted,0.3333333333333333,2,2,TGAGCCTAGCCGCGTCTGAT,0,5207897
yqjE_yqjK_yqjD_yqjC_predicted,0.3333333333333333,2,2,TGAGATGTACTGTCGGAGGC,0,5179054
yqjE_yqjK_yqjD_yqjC_predicted,0.3333333333333333,2,2,TGAGATGGAATGATTACGAG,0,5175101
yqjE_yqjK_yqjD_yqjC_predicted,0.3333333333333333,2,2,TGAGAACCTGAGAGAATCCA,0,5188739
yqjE_yqjK_yqjD_yqjC_predicted,0.3333333333333333,2,2,TGACTTTCTCAAGCGTACAT,0,5223086
yqjE_yqjK_yqjD_yqjC_predicted,0.3333333333333333,2,2,TGACTTGTGAGTAATACGTG,0,5184554
yqjE_yqjK_yqjD_yqjC_predicted,0.3333333333333333,2,2,TGACGTCTCGCGGCGCTAAC,0,5205411
yqjE_yqjK_yqjD_yqjC_predicted,0.3333333333333333,2,2,TGACGTCAGTCCGGGGGGGG,0,5198410
yqjE_yqjK_yqjD_yqjC_predicted,0.3333333333333333,2,2,TGACGGCGAGTACGGATGAT,0,5229266
yqjE_yqjK_yqjD_yqjC_predicted,0.3333333333333333,2,2,TGACCATCCAGAAGCATAAC,0,5254844
yqjE_yqjK_yqjD_yqjC_predicted,0.3333333333333333,2,2,TGACACTTAATGGGTTCGCC,0,5257573
yqjE_yqjK_yqjD_yqjC_predicted,0.3333333333333333,2,2,TGAAGTAGAGCATCGTGGAA,0,5226304
yqjE_yqjK_yqjD_yqjC_predicted,0.3333333333333333,2,2,TGAAGGACAAAATTATAAAA,0,5246535
yqjE_yqjK_yqjD_yqjC_predicted,0.3333333333333333,2,2,TGAAGCATGCCTTGGACCCC,0,5223273
yqjE_yqjK_yqjD_yqjC_predicted,0.3333333333333333,2,2,TGAAGACAGTTGTGTATGAC,0,5258765
yqjE_yqjK_yqjD_yqjC_predicted,0.3333333333333333,2,2,TGAACGGGTATGTGGCCAAA,0,5253260
yqjE_yqjK_yqjD_yqjC_predicted,0.3333333333333333,2,2,TGAACCGCCCATTAACATAG,0,5255897
yqjE_yqjK_yqjD_yqjC_predicted,0.3333333333333333,2,2,TGAACCAGATATTGCGGTGT,0,5205018
yqjE_yqjK_yqjD_yqjC_predicted,0.3333333333333333,2,2,TGAACCAAACCGTACCGCTC,0,5256037
yqjE_yqjK_yqjD_yqjC_predicted,0.3333333333333333,2,2,TGAAATCTGCCGTAATAAAC,0,5171079
yqjE_yqjK_yqjD_yqjC_predicted,0.3333333333333333,2,2,TGAAAGTTACTATACGCAGC,0,5233351
yqjE_yqjK_yqjD_yqjC_predicted,0.3333333333333333,2,2,TGAAAGCTCACGGGAGTTCA,0,5240003
yqjE_yqjK_yqjD_yqjC_predicted,0.3333333333333333,2,2,TGAAACTGGGGACTCTACTG,0,5179416
yqjE_yqjK_yqjD_yqjC_predicted,0.3333333333333333,2,2,TCTTTGGTAGATTGCAACTT,0,5236783
yqjE_yqjK_yqjD_yqjC_predicted,0.3333333333333333,2,2,TCTTGTATCCGTAACAGGGA,0,5229493
yqjE_yqjK_yqjD_yqjC_predicted,0.3333333333333333,2,2,TCTTGAGTGATTTAGCCGTA,0,5191629
yqjE_yqjK_yqjD_yqjC_predicted,0.3333333333333333,2,2,TCTTCGGACCTCACCAATTT,0,5261976
yqjE_yqjK_yqjD_yqjC_predicted,0.3333333333333333,2,2,TCTTATTAGGGTCCTACGGC,0,5176589
yqjE_yqjK_yqjD_yqjC_predicted,0.3333333333333333,2,2,TCTTAGCGGCTCGTCGGACT,0,5174155
yqjE_yqjK_yqjD_yqjC_predicted,0.3333333333333333,2,2,TCTTACGTGATAGTAAGTGA,0,5189987
yqjE_yqjK_yqjD_yqjC_predicted,0.3333333333333333,2,2,TCTTACGGAAAAACGCACCT,0,5251973
yqjE_yqjK_yqjD_yqjC_predicted,0.3333333333333333,2,2,TCTGTAGATCGCAACACGAC,0,5209058
yqjE_yqjK_yqjD_yqjC_predicted,0.3333333333333333,2,2,TCTGGGGGGGGTGATGTCAG,0,5204206
yqjE_yqjK_yqjD_yqjC_predicted,0.3333333333333333,2,2,TCTGGCCGTGAATCGAACAA,0,5229753
yqjE_yqjK_yqjD_yqjC_predicted,0.3333333333333333,2,2,TCTGGCAATGGATAAGCCCA,0,5196303
yqjE_yqjK_yqjD_yqjC_predicted,0.3333333333333333,2,2,TCTGCGCAGAAATGCTATGC,0,5248843
yqjE_yqjK_yqjD_yqjC_predicted,0.3333333333333333,2,2,TCTGCGACTACCAAGTTGAC,0,5250697
yqjE_yqjK_yqjD_yqjC_predicted,0.3333333333333333,2,2,TCTGCAGAATCTAAGCCGTA,0,5261602
yqjE_yqjK_yqjD_yqjC_predicted,0.3333333333333333,2,2,TCTCTGGCGAGCATATAAGA,0,5249587
yqjE_yqjK_yqjD_yqjC_predicted,0.3333333333333333,2,2,TCTCGTCTGCTACGCTATCT,0,5196687
yqjE_yqjK_yqjD_yqjC_predicted,0.3333333333333333,2,2,TCTCGTCTATAGCACTACAC,0,5208728
yqjE_yqjK_yqjD_yqjC_predicted,0.3333333333333333,2,2,TCTCGTAACCGGGAAAGATA,0,5189537
yqjE_yqjK_yqjD_yqjC_predicted,0.3333333333333333,2,2,TCTCCCAGCGAGATGTCTTT,0,5189697
yqjE_yqjK_yqjD_yqjC_predicted,0.3333333333333333,2,2,TCTCATGGCCGTGTGCGTAC,0,5198140
yqjE_yqjK_yqjD_yqjC_predicted,0.3333333333333333,2,2,TCTCATAAAGCAATGTATGT,0,5220224
yqjE_yqjK_yqjD_yqjC_predicted,0.3333333333333333,2,2,TCTCACAAAACCAGATGTCT,0,5212534
yqjE_yqjK_yqjD_yqjC_predicted,0.3333333333333333,2,2,TCTACTGCGGTGTGCCTTCT,0,5240076
yqjE_yqjK_yqjD_yqjC_predicted,0.3333333333333333,2,2,TCTACCGCACTCCGTGACCT,0,5211952
yqjE_yqjK_yqjD_yqjC_predicted,0.3333333333333333,2,2,TCTAATAGAGCTTACTACTG,0,5179146
yqjE_yqjK_yqjD_yqjC_predicted,0.3333333333333333,2,2,TCGTGTAGGTGGTGGTAGGT,0,5200202
yqjE_yqjK_yqjD_yqjC_predicted,0.3333333333333333,2,2,TCGTGCAATAAGCCGCTGGT,0,5246032
yqjE_yqjK_yqjD_yqjC_predicted,0.3333333333333333,2,2,TCGTCGGGTGACGAGTACAA,0,5259855
yqjE_yqjK_yqjD_yqjC_predicted,0.3333333333333333,2,2,TCGTATGCCACGTACGTTTG,0,5223478
yqjE_yqjK_yqjD_yqjC_predicted,0.3333333333333333,2,2,TCGTAGCAAACGTCGAAGGG,0,5207072
yqjE_yqjK_yqjD_yqjC_predicted,0.3333333333333333,2,2,TCGTACGCATGTCTGTTCGA,0,5215472
yqjE_yqjK_yqjD_yqjC_predicted,0.3333333333333333,2,2,TCGTACACTGTTACACCAGA,0,5243427
yqjE_yqjK_yqjD_yqjC_predicted,0.3333333333333333,2,2,TCGGTCGTGCTGAGTAGAGG,0,5174087
yqjE_yqjK_yqjD_yqjC_predicted,0.3333333333333333,2,2,TCGGGATCATAAAGATCTTG,0,5197186
yqjE_yqjK_yqjD_yqjC_predicted,0.3333333333333333,2,2,TCGGGACGATGTTTGAGCGG,0,5221309
yqjE_yqjK_yqjD_yqjC_predicted,0.3333333333333333,2,2,TCGGGAAATAGCCAGTTTAC,0,5238365
yqjE_yqjK_yqjD_yqjC_predicted,0.3333333333333333,2,2,TCGGCTGTGCGGACTCCTGC,0,5218955
yqjE_yqjK_yqjD_yqjC_predicted,0.3333333333333333,2,2,TCGGCGCCTCCGAACTTTCC,0,5177102
yqjE_yqjK_yqjD_yqjC_predicted,0.3333333333333333,2,2,TCGGCAAGCTTTGTATGAAC,0,5201602
yqjE_yqjK_yqjD_yqjC_predicted,0.3333333333333333,2,2,TCGGAGGAAAGCGTTAATGA,0,5257207
yqjE_yqjK_yqjD_yqjC_predicted,0.3333333333333333,2,2,TCGGAGCTCGAGTCTGAGCT,0,5231831
yqjE_yqjK_yqjD_yqjC_predicted,0.3333333333333333,2,2,TCGGAGCGTCAGCATCCATA,0,5226662
yqjE_yqjK_yqjD_yqjC_predicted,0.3333333333333333,2,2,TCGGACAACCTCGAGTCTTT,0,5207682
yqjE_yqjK_yqjD_yqjC_predicted,0.3333333333333333,2,2,TCGCTCGGGGTGCACTACTC,0,5186500
yqjE_yqjK_yqjD_yqjC_predicted,0.3333333333333333,2,2,TCGCTCGGGAAGGCTGTGTA,0,5244707
yqjE_yqjK_yqjD_yqjC_predicted,0.3333333333333333,2,2,TCGCGTTACCCGATGATTCA,0,5190872
yqjE_yqjK_yqjD_yqjC_predicted,0.3333333333333333,2,2,TCGCGCGGTGTCTGTGGAAT,0,5175349
yqjE_yqjK_yqjD_yqjC_predicted,0.3333333333333333,2,2,TCGCGCCAGTTTTGGACGGA,0,5233595
yqjE_yqjK_yqjD_yqjC_predicted,0.3333333333333333,2,2,TCGCCGGGATTCTCTCATCG,0,5230836
yqjE_yqjK_yqjD_yqjC_predicted,0.3333333333333333,2,2,TCGCCGCGGAAATGGCGGCG,0,5260344
yqjE_yqjK_yqjD_yqjC_predicted,0.3333333333333333,2,2,TCGCCATGCAGGAGCAGTGG,0,5246620
yqjE_yqjK_yqjD_yqjC_predicted,0.3333333333333333,2,2,TCGCCACGCTATGCTACGGA,0,5210114
yqjE_yqjK_yqjD_yqjC_predicted,0.3333333333333333,2,2,TCGCATCATGGCTTGGGAAA,0,5258423
yqjE_yqjK_yqjD_yqjC_predicted,0.3333333333333333,2,2,TCGCAGCGGTGGCAATTGCT,0,5207672
yqjE_yqjK_yqjD_yqjC_predicted,0.3333333333333333,2,2,TCGATGCTCGACAACGCAGG,0,5237062
yqjE_yqjK_yqjD_yqjC_predicted,0.3333333333333333,2,2,TCGAGGGTTAGCAACCAAGT,0,5201526
yqjE_yqjK_yqjD_yqjC_predicted,0.3333333333333333,2,2,TCGAGCATATTCTTGTGCGG,0,5205651
yqjE_yqjK_yqjD_yqjC_predicted,0.3333333333333333,2,2,TCGAGCAGCTCCGCCCTTTG,0,5201193
yqjE_yqjK_yqjD_yqjC_predicted,0.3333333333333333,2,2,TCGAGATGTGGATAGCTTGT,0,5244779
yqjE_yqjK_yqjD_yqjC_predicted,0.3333333333333333,2,2,TCGACGTCCTACCAGAATGT,0,5236195
yqjE_yqjK_yqjD_yqjC_predicted,0.3333333333333333,2,2,TCGACCTGTATGGAGGTTTG,0,5206411
yqjE_yqjK_yqjD_yqjC_predicted,0.3333333333333333,2,2,TCGACAACCTGATAGTTACA,0,5231083
yqjE_yqjK_yqjD_yqjC_predicted,0.3333333333333333,2,2,TCGAATTGCCTGGGAGCAGC,0,5182168
yqjE_yqjK_yqjD_yqjC_predicted,0.3333333333333333,2,2,TCGAATGCGGGGTTGTTCTT,0,5230904
yqjE_yqjK_yqjD_yqjC_predicted,0.3333333333333333,2,2,TCGAAGGTCCCTACCTTCGA,0,5203921
yqjE_yqjK_yqjD_yqjC_predicted,0.3333333333333333,2,2,TCGAAGGACCGATGGTCATC,0,5222467
yqjE_yqjK_yqjD_yqjC_predicted,0.3333333333333333,2,2,TCGAACCCAGAAAGCATCTA,0,5250200
yqjE_yqjK_yqjD_yqjC_predicted,0.3333333333333333,2,2,TCGAAAAATACAATCAGAAT,0,5230983
yqjE_yqjK_yqjD_yqjC_predicted,0.3333333333333333,2,2,TCCTTTACAATCGGATAGTA,0,5214409
yqjE_yqjK_yqjD_yqjC_predicted,0.3333333333333333,2,2,TCCTGGATGGAACTAGGTAA,0,5231423
yqjE_yqjK_yqjD_yqjC_predicted,0.3333333333333333,2,2,TCCTGACTGAGTTAACATGA,0,5212537
yqjE_yqjK_yqjD_yqjC_predicted,0.3333333333333333,2,2,TCCTCTTTAGTTTCCGCAGG,0,5230237
yqjE_yqjK_yqjD_yqjC_predicted,0.3333333333333333,2,2,TCCTATAACCGATTCCCTCC,0,5214430
yqjE_yqjK_yqjD_yqjC_predicted,0.3333333333333333,2,2,TCCGTTTATAGCACTATTGG,0,5252905
yqjE_yqjK_yqjD_yqjC_predicted,0.3333333333333333,2,2,TCCGTTCTTCGTATGATTTG,0,5247980
yqjE_yqjK_yqjD_yqjC_predicted,0.3333333333333333,2,2,TCCGTGGCCCCTCTGGCTCG,0,5235362
yqjE_yqjK_yqjD_yqjC_predicted,0.3333333333333333,2,2,TCCGGGTCCCAAAAAATACT,0,5187530
yqjE_yqjK_yqjD_yqjC_predicted,0.3333333333333333,2,2,TCCGGCAGCATTATGCGATA,0,5201430
yqjE_yqjK_yqjD_yqjC_predicted,0.3333333333333333,2,2,TCCGGACTTTGGTGGAGGAT,0,5187067
yqjE_yqjK_yqjD_yqjC_predicted,0.3333333333333333,2,2,TCCGGACGCTGCACATGTAC,0,5178035
yqjE_yqjK_yqjD_yqjC_predicted,0.3333333333333333,2,2,TCCGCTGTTGAATTGGAGAT,0,5172666
yqjE_yqjK_yqjD_yqjC_predicted,0.3333333333333333,2,2,TCCGCCGAACGTCGGCGGCT,0,5261774
yqjE_yqjK_yqjD_yqjC_predicted,0.3333333333333333,2,2,TCCGAAATTGAACCCACTAA,0,5227064
yqjE_yqjK_yqjD_yqjC_predicted,0.3333333333333333,2,2,TCCCTGGGCAGAACTCCAAT,0,5227806
yqjE_yqjK_yqjD_yqjC_predicted,0.3333333333333333,2,2,TCCCTAAGAAATACGACACA,0,5204391
yqjE_yqjK_yqjD_yqjC_predicted,0.3333333333333333,2,2,TCCCGGGGGCTTGTTTCGAT,0,5231098
yqjE_yqjK_yqjD_yqjC_predicted,0.3333333333333333,2,2,TCCCGCGCATAAAACAACAA,0,5176159
yqjE_yqjK_yqjD_yqjC_predicted,0.3333333333333333,2,2,TCCCCGGAATGGTATCCAAC,0,5233200
yqjE_yqjK_yqjD_yqjC_predicted,0.3333333333333333,2,2,TCCCAGGAATTGCTTGGTCT,0,5233985
yqjE_yqjK_yqjD_yqjC_predicted,0.3333333333333333,2,2,TCCCACCTAAGATTCCTGAG,0,5250109
yqjE_yqjK_yqjD_yqjC_predicted,0.3333333333333333,2,2,TCCCACACATCGGCCACTTG,0,5257949
yqjE_yqjK_yqjD_yqjC_predicted,0.3333333333333333,2,2,TCCATGACTTGTATTGTACC,0,5182352
yqjE_yqjK_yqjD_yqjC_predicted,0.3333333333333333,2,2,TCCAGATGCCTAGAACAGTC,0,5171194
yqjE_yqjK_yqjD_yqjC_predicted,0.3333333333333333,2,2,TCCACTGTCGAGGAGTAATA,0,5181189
yqjE_yqjK_yqjD_yqjC_predicted,0.3333333333333333,2,2,TCCACCTTATAGCCTTGTGC,0,5241325
yqjE_yqjK_yqjD_yqjC_predicted,0.3333333333333333,2,2,TCCAAGTTTCACCCCACGAA,0,5203318
yqjE_yqjK_yqjD_yqjC_predicted,0.3333333333333333,2,2,TCATTCTTTGGTTTGATTTC,0,5248335
yqjE_yqjK_yqjD_yqjC_predicted,0.3333333333333333,2,2,TCATTATCACTCAGCGAGTA,0,5218838
yqjE_yqjK_yqjD_yqjC_predicted,0.3333333333333333,2,2,TCATGGGCCTGAAAGTATAC,0,5177725
yqjE_yqjK_yqjD_yqjC_predicted,0.3333333333333333,2,2,TCATGAATTATAGGGGTCTA,0,5247353
yqjE_yqjK_yqjD_yqjC_predicted,0.3333333333333333,2,2,TCATCTGCCCACGGCTTAAT,0,5262263
yqjE_yqjK_yqjD_yqjC_predicted,0.3333333333333333,2,2,TCATCGTACCACACGGCCAT,0,5224365
yqjE_yqjK_yqjD_yqjC_predicted,0.3333333333333333,2,2,TCATACCACAGTCCCGCGTG,0,5201335
yqjE_yqjK_yqjD_yqjC_predicted,0.3333333333333333,2,2,TCAGTTCTATCTGTACATTT,0,5208985
yqjE_yqjK_yqjD_yqjC_predicted,0.3333333333333333,2,2,TCAGTTAACGTACAAAGCGC,0,5181229
yqjE_yqjK_yqjD_yqjC_predicted,0.3333333333333333,2,2,TCAGTCGGTAATGATCTTGG,0,5204613
yqjE_yqjK_yqjD_yqjC_predicted,0.3333333333333333,2,2,TCAGTCAGAACCCGGGGATC,0,5185255
yqjE_yqjK_yqjD_yqjC_predicted,0.3333333333333333,2,2,TCAGGTTGTTAAGTTCTGTC,0,5218708
yqjE_yqjK_yqjD_yqjC_predicted,0.3333333333333333,2,2,TCAGGGGTGCGATTATGAGT,0,5209216
yqjE_yqjK_yqjD_yqjC_predicted,0.3333333333333333,2,2,TCAGGCTCCTTGTGCGTGGT,0,5207783
yqjE_yqjK_yqjD_yqjC_predicted,0.3333333333333333,2,2,TCAGGATAAGGAACAGTTGC,0,5176430
yqjE_yqjK_yqjD_yqjC_predicted,0.3333333333333333,2,2,TCAGGAACTCTGCTGTCGAA,0,5257098
yqjE_yqjK_yqjD_yqjC_predicted,0.3333333333333333,2,2,TCAGCTTAACTGTTTTCCGA,0,5241342
yqjE_yqjK_yqjD_yqjC_predicted,0.3333333333333333,2,2,TCAGCAATCACTAGCTATGC,0,5208070
yqjE_yqjK_yqjD_yqjC_predicted,0.3333333333333333,2,2,TCAGATCGGATCCAACGTCG,0,5262191
yqjE_yqjK_yqjD_yqjC_predicted,0.3333333333333333,2,2,TCAGACCAGTAACTTTACGG,0,5195159
yqjE_yqjK_yqjD_yqjC_predicted,0.3333333333333333,2,2,TCACTGGACGGGCCAATAGT,0,5251805
yqjE_yqjK_yqjD_yqjC_predicted,0.3333333333333333,2,2,TCACTCCGCGGACCGGCCTA,0,5231675
yqjE_yqjK_yqjD_yqjC_predicted,0.3333333333333333,2,2,TCACGTATCATTCTGATGGT,0,5262157
yqjE_yqjK_yqjD_yqjC_predicted,0.3333333333333333,2,2,TCACGCAAAACGCAAATGAC,0,5191187
yqjE_yqjK_yqjD_yqjC_predicted,0.3333333333333333,2,2,TCACGAACAAATATTAGCCC,0,5175488
yqjE_yqjK_yqjD_yqjC_predicted,0.3333333333333333,2,2,TCACCTCGTATCCAACTCAC,0,5251200
yqjE_yqjK_yqjD_yqjC_predicted,0.3333333333333333,2,2,TCACCATACCCTCTGTGCGT,0,5232108
yqjE_yqjK_yqjD_yqjC_predicted,0.3333333333333333,2,2,TCACCAACTGACAATGTGTA,0,5211507
yqjE_yqjK_yqjD_yqjC_predicted,0.3333333333333333,2,2,TCACATCTCTGTTGACAGTA,0,5241438
yqjE_yqjK_yqjD_yqjC_predicted,0.3333333333333333,2,2,TCACAGTCTGAAAATGGTAC,0,5230647
yqjE_yqjK_yqjD_yqjC_predicted,0.3333333333333333,2,2,TCAATGACTCCCCTTAGGAA,0,5177459
yqjE_yqjK_yqjD_yqjC_predicted,0.3333333333333333,2,2,TCAAATCCCCATATAGGTGC,0,5204552
yqjE_yqjK_yqjD_yqjC_predicted,0.3333333333333333,2,2,TCAAAGCCGTTACCAACCTT,0,5236416
yqjE_yqjK_yqjD_yqjC_predicted,0.3333333333333333,2,2,TATTTGCCACACCGGCATCC,0,5180523
yqjE_yqjK_yqjD_yqjC_predicted,0.3333333333333333,2,2,TATTGTTGTCCCAAAGGCTA,0,5219585
yqjE_yqjK_yqjD_yqjC_predicted,0.3333333333333333,2,2,TATTGTTAGGGCCTGTCATT,0,5244255
yqjE_yqjK_yqjD_yqjC_predicted,0.3333333333333333,2,2,TATTGTCCGCGGGCCATGAA,0,5259923
yqjE_yqjK_yqjD_yqjC_predicted,0.3333333333333333,2,2,TATTACTACTAAAATCAAAG,0,5262977
yqjE_yqjK_yqjD_yqjC_predicted,0.3333333333333333,2,2,TATTAAGCCATCGGATCCAT,0,5195832
yqjE_yqjK_yqjD_yqjC_predicted,0.3333333333333333,2,2,TATGTTTCACCTTCGATCAT,0,5186018
yqjE_yqjK_yqjD_yqjC_predicted,0.3333333333333333,2,2,TATGGGTTCTGACAGTACGA,0,5227901
yqjE_yqjK_yqjD_yqjC_predicted,0.3333333333333333,2,2,TATGGCTGGACTAAGTGGAC,0,5206919
yqjE_yqjK_yqjD_yqjC_predicted,0.3333333333333333,2,2,TATGGAGGGTCGAATGTGTT,0,5251685
yqjE_yqjK_yqjD_yqjC_predicted,0.3333333333333333,2,2,TATGGAAGCAATTGTTTTAT,0,5228754
yqjE_yqjK_yqjD_yqjC_predicted,0.3333333333333333,2,2,TATGCTCGAGTCACGGGCGC,0,5249684
yqjE_yqjK_yqjD_yqjC_predicted,0.3333333333333333,2,2,TATGCAGGGCCGAGGCGATG,0,5211885
yqjE_yqjK_yqjD_yqjC_predicted,0.3333333333333333,2,2,TATGATGATCCAGCACGTAG,0,5225985
yqjE_yqjK_yqjD_yqjC_predicted,0.3333333333333333,2,2,TATGAATCGTTTCCGGTGCC,0,5251673
yqjE_yqjK_yqjD_yqjC_predicted,0.3333333333333333,2,2,TATCTCAAAGGTTGGTGCAC,0,5199351
yqjE_yqjK_yqjD_yqjC_predicted,0.3333333333333333,2,2,TATCTAACTATAGATATTAA,0,5229969
yqjE_yqjK_yqjD_yqjC_predicted,0.3333333333333333,2,2,TATCGACCCAGGGCGATTAT,0,5237032
yqjE_yqjK_yqjD_yqjC_predicted,0.3333333333333333,2,2,TATCCCGTTTGTCTGACGGG,0,5198331
yqjE_yqjK_yqjD_yqjC_predicted,0.3333333333333333,2,2,TATCACTTTGCGGCACAACA,0,5211742
yqjE_yqjK_yqjD_yqjC_predicted,0.3333333333333333,2,2,TATATTGTCGGAATCAAGAA,0,5229497
yqjE_yqjK_yqjD_yqjC_predicted,0.3333333333333333,2,2,TATATTCGCTTTCTATCTCG,0,5171092
yqjE_yqjK_yqjD_yqjC_predicted,0.3333333333333333,2,2,TATAGATGTAGTATCGTAAT,0,5234853
yqjE_yqjK_yqjD_yqjC_predicted,0.3333333333333333,2,2,TATAGACCACGCAAATCCTT,0,5259538
yqjE_yqjK_yqjD_yqjC_predicted,0.3333333333333333,2,2,TATACAAAAGTTTGCATTTG,0,5253885
yqjE_yqjK_yqjD_yqjC_predicted,0.3333333333333333,2,2,TAGTTTACATTCGTGGGGGT,0,5244761
yqjE_yqjK_yqjD_yqjC_predicted,0.3333333333333333,2,2,TAGGTGCTTCGGACTAGGTT,0,5221773
yqjE_yqjK_yqjD_yqjC_predicted,0.3333333333333333,2,2,TAGGTATTACAGCTAGGTGA,0,5243630
yqjE_yqjK_yqjD_yqjC_predicted,0.3333333333333333,2,2,TAGGTAAACGTGAATGAGCG,0,5232209
yqjE_yqjK_yqjD_yqjC_predicted,0.3333333333333333,2,2,TAGGGTGTGAGTAAACCTAG,0,5186120
yqjE_yqjK_yqjD_yqjC_predicted,0.3333333333333333,2,2,TAGGGTCATCAGCTCGCCAG,0,5170872
yqjE_yqjK_yqjD_yqjC_predicted,0.3333333333333333,2,2,TAGGGTACTTTCATGAAGTA,0,5183183
yqjE_yqjK_yqjD_yqjC_predicted,0.3333333333333333,2,2,TAGGCCTTTTGCTCGCGTGG,0,5240598
yqjE_yqjK_yqjD_yqjC_predicted,0.3333333333333333,2,2,TAGGAGTCCCGCCAAGGTAT,0,5238016
yqjE_yqjK_yqjD_yqjC_predicted,0.3333333333333333,2,2,TAGGACGATTCCGTAACGAG,0,5235640
yqjE_yqjK_yqjD_yqjC_predicted,0.3333333333333333,2,2,TAGGAACTATAGCCAATAGG,0,5201426
yqjE_yqjK_yqjD_yqjC_predicted,0.3333333333333333,2,2,TAGGAAAATATCGGCACCCC,0,5232316
yqjE_yqjK_yqjD_yqjC_predicted,0.3333333333333333,2,2,TAGCTCGTTGCGTGGTCCGT,0,5227071
yqjE_yqjK_yqjD_yqjC_predicted,0.3333333333333333,2,2,TAGCTCAGCCTGTGTGTCAT,0,5217327
yqjE_yqjK_yqjD_yqjC_predicted,0.3333333333333333,2,2,TAGCCCAGCTGAATGTGGTA,0,5217098
yqjE_yqjK_yqjD_yqjC_predicted,0.3333333333333333,2,2,TAGCCACCGTTGGAGAATTT,0,5200541
yqjE_yqjK_yqjD_yqjC_predicted,0.3333333333333333,2,2,TAGCACCCGGCGACATACCG,0,5186715
yqjE_yqjK_yqjD_yqjC_predicted,0.3333333333333333,2,2,TAGCAAGATTATAGTATTAA,0,5209596
yqjE_yqjK_yqjD_yqjC_predicted,0.3333333333333333,2,2,TAGATTTGCCTAAGTCATAT,0,5186919
yqjE_yqjK_yqjD_yqjC_predicted,0.3333333333333333,2,2,TAGATTACAAGATTCATCAC,0,5176149
yqjE_yqjK_yqjD_yqjC_predicted,0.3333333333333333,2,2,TAGATCCGGCGTCTTAACTA,0,5251657
yqjE_yqjK_yqjD_yqjC_predicted,0.3333333333333333,2,2,TAGATATTACCTCATAACCT,0,5253373
yqjE_yqjK_yqjD_yqjC_predicted,0.3333333333333333,2,2,TAGAGTGTAACGCTGAGGGG,0,5230664
yqjE_yqjK_yqjD_yqjC_predicted,0.3333333333333333,2,2,TAGAGGGTTCGAATTGAATC,0,5236468
yqjE_yqjK_yqjD_yqjC_predicted,0.3333333333333333,2,2,TAGAGGGACGGCTTTGAACA,0,5260071
yqjE_yqjK_yqjD_yqjC_predicted,0.3333333333333333,2,2,TAGAGGCTACTAGCAAGAAT,0,5203640
yqjE_yqjK_yqjD_yqjC_predicted,0.3333333333333333,2,2,TAGAGCAGTGGACACCAGCT,0,5221259
yqjE_yqjK_yqjD_yqjC_predicted,0.3333333333333333,2,2,TAGAGCACATCGGTATAATG,0,5201845
yqjE_yqjK_yqjD_yqjC_predicted,0.3333333333333333,2,2,TAGACAAGGTGTTCTGCCAA,0,5214540
yqjE_yqjK_yqjD_yqjC_predicted,0.3333333333333333,2,2,TACTTTTATTTGAAATGGTC,0,5178071
yqjE_yqjK_yqjD_yqjC_predicted,0.3333333333333333,2,2,TACTTTGGAAGCAGCTTATT,0,5239615
yqjE_yqjK_yqjD_yqjC_predicted,0.3333333333333333,2,2,TACTGTTCGGGGGCCACGGC,0,5231003
yqjE_yqjK_yqjD_yqjC_predicted,0.3333333333333333,2,2,TACTGGATGGCTTGCTACGC,0,5210819
yqjE_yqjK_yqjD_yqjC_predicted,0.3333333333333333,2,2,TACTGGAGCAAAGACCAGGT,0,5193284
yqjE_yqjK_yqjD_yqjC_predicted,0.3333333333333333,2,2,TACTCTAGTTTTCGTGGCTC,0,5187147
yqjE_yqjK_yqjD_yqjC_predicted,0.3333333333333333,2,2,TACTCATCGCGGTTAATAAT,0,5255352
yqjE_yqjK_yqjD_yqjC_predicted,0.3333333333333333,2,2,TACTACTAGGACTATCGTGA,0,5249152
yqjE_yqjK_yqjD_yqjC_predicted,0.3333333333333333,2,2,TACTAATCTTTGGAATTTCA,0,5181286
yqjE_yqjK_yqjD_yqjC_predicted,0.3333333333333333,2,2,TACGTCGGGTCGAAAGAAGT,0,5257981
yqjE_yqjK_yqjD_yqjC_predicted,0.3333333333333333,2,2,TACGGGGATGTTTTCATATC,0,5243186
yqjE_yqjK_yqjD_yqjC_predicted,0.3333333333333333,2,2,TACGCCGGGCGCCCACCGCG,0,5253292
yqjE_yqjK_yqjD_yqjC_predicted,0.3333333333333333,2,2,TACGCCCGGGATAATGCGGT,0,5230317
yqjE_yqjK_yqjD_yqjC_predicted,0.3333333333333333,2,2,TACGATTGGGATCCGCGAGA,0,5262040
yqjE_yqjK_yqjD_yqjC_predicted,0.3333333333333333,2,2,TACGAGGGTTTGTTCTCACA,0,5225561
yqjE_yqjK_yqjD_yqjC_predicted,0.3333333333333333,2,2,TACGAACCATTCGGCAGCGG,0,5233193
yqjE_yqjK_yqjD_yqjC_predicted,0.3333333333333333,2,2,TACGAAAAAGCAAGACCTTC,0,5217820
yqjE_yqjK_yqjD_yqjC_predicted,0.3333333333333333,2,2,TACCTCAGGTCAGGTTGCGA,0,5262475
yqjE_yqjK_yqjD_yqjC_predicted,0.3333333333333333,2,2,TACCGTCCTCTATTAGGGAA,0,5248066
yqjE_yqjK_yqjD_yqjC_predicted,0.3333333333333333,2,2,TACCGGGTAGGGTTTGATTG,0,5221214
yqjE_yqjK_yqjD_yqjC_predicted,0.3333333333333333,2,2,TACCGGCCTGACTGAATAGT,0,5233796
yqjE_yqjK_yqjD_yqjC_predicted,0.3333333333333333,2,2,TACCGCGCTCATAGAGCGGT,0,5193694
yqjE_yqjK_yqjD_yqjC_predicted,0.3333333333333333,2,2,TACCATCAAGGGCCTTGGAT,0,5195624
yqjE_yqjK_yqjD_yqjC_predicted,0.3333333333333333,2,2,TACATTCCTCTCTAAAAGAA,0,5253957
yqjE_yqjK_yqjD_yqjC_predicted,0.3333333333333333,2,2,TACATCCCCGCCGGGATTCT,0,5171963
yqjE_yqjK_yqjD_yqjC_predicted,0.3333333333333333,2,2,TACAGTGGTGTAACACGTCC,0,5246219
yqjE_yqjK_yqjD_yqjC_predicted,0.3333333333333333,2,2,TACAGGTCTCAATTTGATAT,0,5194664
yqjE_yqjK_yqjD_yqjC_predicted,0.3333333333333333,2,2,TACAGCACCGCGTTAGGTAG,0,5237300
yqjE_yqjK_yqjD_yqjC_predicted,0.3333333333333333,2,2,TACACGATAGAAAGCGTTAC,0,5231556
yqjE_yqjK_yqjD_yqjC_predicted,0.3333333333333333,2,2,TAATGTTGTTAGGTGTTGGG,0,5175311
yqjE_yqjK_yqjD_yqjC_predicted,0.3333333333333333,2,2,TAATGTCGCGCTCTGTGTGC,0,5186640
yqjE_yqjK_yqjD_yqjC_predicted,0.3333333333333333,2,2,TAATGGTACTTGCCAATAGA,0,5183190
yqjE_yqjK_yqjD_yqjC_predicted,0.3333333333333333,2,2,TAATGAGTAAGTCTGTTAGC,0,5197111
yqjE_yqjK_yqjD_yqjC_predicted,0.3333333333333333,2,2,TAATCTTCCACATACGCTGC,0,5238672
yqjE_yqjK_yqjD_yqjC_predicted,0.3333333333333333,2,2,TAATATGATAAGCTCTAAGC,0,5251449
yqjE_yqjK_yqjD_yqjC_predicted,0.3333333333333333,2,2,TAATAGTTCTAAAATGCTCC,0,5217099
yqjE_yqjK_yqjD_yqjC_predicted,0.3333333333333333,2,2,TAATACCAAGCGTCCGGCTG,0,5239085
yqjE_yqjK_yqjD_yqjC_predicted,0.3333333333333333,2,2,TAAGTGTTAACACCCGGTGA,0,5214366
yqjE_yqjK_yqjD_yqjC_predicted,0.3333333333333333,2,2,TAAGGGTCAGCCACGCGTGG,0,5173488
yqjE_yqjK_yqjD_yqjC_predicted,0.3333333333333333,2,2,TAAGGGGGTGGTTGTTAATA,0,5186285
yqjE_yqjK_yqjD_yqjC_predicted,0.3333333333333333,2,2,TAAGCTGTACCGGGTGCTAT,0,5190179
yqjE_yqjK_yqjD_yqjC_predicted,0.3333333333333333,2,2,TAAGCCCGTAAAAGTCCTAC,0,5195017
yqjE_yqjK_yqjD_yqjC_predicted,0.3333333333333333,2,2,TAAGCAACCTCGCCCTTAGA,0,5215266
yqjE_yqjK_yqjD_yqjC_predicted,0.3333333333333333,2,2,TAAGAGTCGGTCACAGTCGA,0,5236771
yqjE_yqjK_yqjD_yqjC_predicted,0.3333333333333333,2,2,TAAGACTTCCACGTCGGCTT,0,5235182
yqjE_yqjK_yqjD_yqjC_predicted,0.3333333333333333,2,2,TAACTTTGTGCAGGTTATGT,0,5177087
yqjE_yqjK_yqjD_yqjC_predicted,0.3333333333333333,2,2,TAACGGCACGTCATCGAGTA,0,5232239
yqjE_yqjK_yqjD_yqjC_predicted,0.3333333333333333,2,2,TAACGAATGTATATCAACTC,0,5247966
yqjE_yqjK_yqjD_yqjC_predicted,0.3333333333333333,2,2,TAACCTTTTCCGCGACTTCA,0,5175743
yqjE_yqjK_yqjD_yqjC_predicted,0.3333333333333333,2,2,TAACCGCCGCCTGGGCTTAT,0,5185120
yqjE_yqjK_yqjD_yqjC_predicted,0.3333333333333333,2,2,TAACCGCATGCGAGGGATCT,0,5188142
yqjE_yqjK_yqjD_yqjC_predicted,0.3333333333333333,2,2,TAACCCTTGAAAGTACCTAG,0,5197190
yqjE_yqjK_yqjD_yqjC_predicted,0.3333333333333333,2,2,TAACCAGGGTAAGGCGGATG,0,5182041
yqjE_yqjK_yqjD_yqjC_predicted,0.3333333333333333,2,2,TAACCAGACATGGTTCAGCA,0,5182047
yqjE_yqjK_yqjD_yqjC_predicted,0.3333333333333333,2,2,TAACACGTTTCTCTCTCACA,0,5217344
yqjE_yqjK_yqjD_yqjC_predicted,0.3333333333333333,2,2,TAAATGGTGAAAAGCGTACT,0,5249155
yqjE_yqjK_yqjD_yqjC_predicted,0.3333333333333333,2,2,TAAATAATAATTTGAATTGC,0,5226754
yqjE_yqjK_yqjD_yqjC_predicted,0.3333333333333333,2,2,TAAAGGGGGGGTGAGAACGA,0,5235986
yqjE_yqjK_yqjD_yqjC_predicted,0.3333333333333333,2,2,TAAAGACAAGTGGACCTAGC,0,5184415
yqjE_yqjK_yqjD_yqjC_predicted,0.3333333333333333,2,2,TAAACCTTGGAAAGCCCGGG,0,5218785
yqjE_yqjK_yqjD_yqjC_predicted,0.3333333333333333,2,2,TAAACCTGGCACGATACAGG,0,5178227
yqjE_yqjK_yqjD_yqjC_predicted,0.3333333333333333,2,2,TAAACATTAACGAGGCAAAC,0,5222558
yqjE_yqjK_yqjD_yqjC_predicted,0.3333333333333333,2,2,TAAAAGGGCGCGAAGTTGAA,0,5203394
yqjE_yqjK_yqjD_yqjC_predicted,0.3333333333333333,2,2,TAAAACCGGCAGGGTACTAT,0,5193093
yqjE_yqjK_yqjD_yqjC_predicted,0.3333333333333333,2,2,TAAAACCAACGTTCCAATGA,0,5238238
yqjE_yqjK_yqjD_yqjC_predicted,0.3333333333333333,2,2,TAAAACAATACCTTGCGCCC,0,5245623
yqjE_yqjK_yqjD_yqjC_predicted,0.3333333333333333,2,2,GTTTTTCGGGCTAGCAGTCG,0,5184656
yqjE_yqjK_yqjD_yqjC_predicted,0.3333333333333333,2,2,GTTTTTCAGACCACGTTAGG,0,5208779
yqjE_yqjK_yqjD_yqjC_predicted,0.3333333333333333,2,2,GTTTGTATGACAGCGCATGT,0,5194525
yqjE_yqjK_yqjD_yqjC_predicted,0.3333333333333333,2,2,GTTTGCTGAACAGAGATCAT,0,5220595
yqjE_yqjK_yqjD_yqjC_predicted,0.3333333333333333,2,2,GTTTCGTGCGAACGGAGTTG,0,5180085
yqjE_yqjK_yqjD_yqjC_predicted,0.3333333333333333,2,2,GTTTCCCCGGCCTACAAATA,0,5252690
yqjE_yqjK_yqjD_yqjC_predicted,0.3333333333333333,2,2,GTTTCATGCGACGAACACAT,0,5223916
yqjE_yqjK_yqjD_yqjC_predicted,0.3333333333333333,2,2,GTTTATTTCCCTCACCAGAT,0,5183708
yqjE_yqjK_yqjD_yqjC_predicted,0.3333333333333333,2,2,GTTTATGCCGGTAGCCGGCA,0,5200711
yqjE_yqjK_yqjD_yqjC_predicted,0.3333333333333333,2,2,GTTTAGTCCTTCATCCTTAT,0,5237206
yqjE_yqjK_yqjD_yqjC_predicted,0.3333333333333333,2,2,GTTTAGCAACTGAGAACGTT,0,5232369
yqjE_yqjK_yqjD_yqjC_predicted,0.3333333333333333,2,2,GTTTACACCTCGTACATAGC,0,5220354
yqjE_yqjK_yqjD_yqjC_predicted,0.3333333333333333,2,2,GTTGTTCTTCAATACGACCG,0,5244200
yqjE_yqjK_yqjD_yqjC_predicted,0.3333333333333333,2,2,GTTGTTCCTCTGACAAACCA,0,5189421
yqjE_yqjK_yqjD_yqjC_predicted,0.3333333333333333,2,2,GTTGTTCAAAGTAGATGTCG,0,5170973
yqjE_yqjK_yqjD_yqjC_predicted,0.3333333333333333,2,2,GTTGTGGTGCCACGTAAGGA,0,5190254
yqjE_yqjK_yqjD_yqjC_predicted,0.3333333333333333,2,2,GTTGTGCTCTATTTGATATG,0,5257629
yqjE_yqjK_yqjD_yqjC_predicted,0.3333333333333333,2,2,GTTGTCCTGGGCCGGATGGT,0,5201306
yqjE_yqjK_yqjD_yqjC_predicted,0.3333333333333333,2,2,GTTGGTTGAGTGACTCCTAC,0,5236880
yqjE_yqjK_yqjD_yqjC_predicted,0.3333333333333333,2,2,GTTGGTATCGCCCAAGCTGG,0,5189626
yqjE_yqjK_yqjD_yqjC_predicted,0.3333333333333333,2,2,GTTGCCTTCATTAGATTCTC,0,5187668
yqjE_yqjK_yqjD_yqjC_predicted,0.3333333333333333,2,2,GTTGCCAAATGACGGTGCGA,0,5203379
yqjE_yqjK_yqjD_yqjC_predicted,0.3333333333333333,2,2,GTTGATGTGTGATCTGAGGT,0,5193863
yqjE_yqjK_yqjD_yqjC_predicted,0.3333333333333333,2,2,GTTGAGGCGATCGTAAATAG,0,5182382
yqjE_yqjK_yqjD_yqjC_predicted,0.3333333333333333,2,2,GTTGACGTGTACGTCGGACC,0,5243410
yqjE_yqjK_yqjD_yqjC_predicted,0.3333333333333333,2,2,GTTCTCAAGAACGGTAACTC,0,5176294
yqjE_yqjK_yqjD_yqjC_predicted,0.3333333333333333,2,2,GTTCTATATTAAGGTAGAAG,0,5182401
yqjE_yqjK_yqjD_yqjC_predicted,0.3333333333333333,2,2,GTTCTAGGCCAAGATGCTTC,0,5241964
yqjE_yqjK_yqjD_yqjC_predicted,0.3333333333333333,2,2,GTTCGTAGAAAAGCGACAAC,0,5200571
yqjE_yqjK_yqjD_yqjC_predicted,0.3333333333333333,2,2,GTTCGGTCCCGTTGATCCTG,0,5173986
yqjE_yqjK_yqjD_yqjC_predicted,0.3333333333333333,2,2,GTTCCTTTCCTTATGGGCGA,0,5215319
yqjE_yqjK_yqjD_yqjC_predicted,0.3333333333333333,2,2,GTTCCGGCCACCTTAAAGGA,0,5232768
yqjE_yqjK_yqjD_yqjC_predicted,0.3333333333333333,2,2,GTTCCGCTTTGGGCCACCGA,0,5178662
yqjE_yqjK_yqjD_yqjC_predicted,0.3333333333333333,2,2,GTTCCCTTGGTACGACAAAA,0,5221836
yqjE_yqjK_yqjD_yqjC_predicted,0.3333333333333333,2,2,GTTCCAGCGAGCAGCTCGTA,0,5202776
yqjE_yqjK_yqjD_yqjC_predicted,0.3333333333333333,2,2,GTTCATTCCCTATTAAATCT,0,5242161
yqjE_yqjK_yqjD_yqjC_predicted,0.3333333333333333,2,2,GTTCAGTGACCACTTAAGCT,0,5190052
yqjE_yqjK_yqjD_yqjC_predicted,0.3333333333333333,2,2,GTTCAGCTTTACGGCTTTGG,0,5210859
yqjE_yqjK_yqjD_yqjC_predicted,0.3333333333333333,2,2,GTTCAATTGACGTGTGCAAC,0,5225644
yqjE_yqjK_yqjD_yqjC_predicted,0.3333333333333333,2,2,GTTATTTTCTGAGAGGAGAC,0,5197230
yqjE_yqjK_yqjD_yqjC_predicted,0.3333333333333333,2,2,GTTATTTGGCATTGACAGGC,0,5178277
yqjE_yqjK_yqjD_yqjC_predicted,0.3333333333333333,2,2,GTTATGAACCGATGCGACAT,0,5200098
yqjE_yqjK_yqjD_yqjC_predicted,0.3333333333333333,2,2,GTTAGTTTTACGTTTTATAC,0,5241136
yqjE_yqjK_yqjD_yqjC_predicted,0.3333333333333333,2,2,GTTAGTGTGTCGTGGCGGAG,0,5260515
yqjE_yqjK_yqjD_yqjC_predicted,0.3333333333333333,2,2,GTTAGTAGGTGTGTGAACAT,0,5240498
yqjE_yqjK_yqjD_yqjC_predicted,0.3333333333333333,2,2,GTTAGGACTACATACCTAGA,0,5246033
yqjE_yqjK_yqjD_yqjC_predicted,0.3333333333333333,2,2,GTTAGGAAAATCCAAATTCA,0,5187752
yqjE_yqjK_yqjD_yqjC_predicted,0.3333333333333333,2,2,GTTACTTGGTTTTTAGGATA,0,5246028
yqjE_yqjK_yqjD_yqjC_predicted,0.3333333333333333,2,2,GTTACGTTTTTTGTCTGCTT,0,5193860
yqjE_yqjK_yqjD_yqjC_predicted,0.3333333333333333,2,2,GTTACCGCCCCCAGATTATG,0,5182194
yqjE_yqjK_yqjD_yqjC_predicted,0.3333333333333333,2,2,GTTACATTCCACAAACGGAT,0,5184822
yqjE_yqjK_yqjD_yqjC_predicted,0.3333333333333333,2,2,GTTAACAATCGTAAGTGCTT,0,5241450
yqjE_yqjK_yqjD_yqjC_predicted,0.3333333333333333,2,2,GTTAAATGACTGCCAATCAA,0,5209494
yqjE_yqjK_yqjD_yqjC_predicted,0.3333333333333333,2,2,GTGTTGGAATCCCCATGGAA,0,5173241
yqjE_yqjK_yqjD_yqjC_predicted,0.3333333333333333,2,2,GTGTTGAGCTTACTTCATTC,0,5223568
yqjE_yqjK_yqjD_yqjC_predicted,0.3333333333333333,2,2,GTGTGTAGGAGCACTGCCAT,0,5242993
yqjE_yqjK_yqjD_yqjC_predicted,0.3333333333333333,2,2,GTGTGAACTTCTTCCACGGG,0,5204034
yqjE_yqjK_yqjD_yqjC_predicted,0.3333333333333333,2,2,GTGTCAACGGCATTTTAATA,0,5220278
yqjE_yqjK_yqjD_yqjC_predicted,0.3333333333333333,2,2,GTGTATAAGCTAATAAGTGC,0,5184286
yqjE_yqjK_yqjD_yqjC_predicted,0.3333333333333333,2,2,GTGGTGTGAGCAAACACCCA,0,5247552
yqjE_yqjK_yqjD_yqjC_predicted,0.3333333333333333,2,2,GTGGTCTCGAGAAGCACACC,0,5220868
yqjE_yqjK_yqjD_yqjC_predicted,0.3333333333333333,2,2,GTGGTCCGTGCCTACAAGGC,0,5234529
yqjE_yqjK_yqjD_yqjC_predicted,0.3333333333333333,2,2,GTGGGTGTCCCCAGTCAAAT,0,5230794
yqjE_yqjK_yqjD_yqjC_predicted,0.3333333333333333,2,2,GTGGGCTACGGTCGGCAATA,0,5236863
yqjE_yqjK_yqjD_yqjC_predicted,0.3333333333333333,2,2,GTGGCATTGCCGCCGCAATG,0,5247139
yqjE_yqjK_yqjD_yqjC_predicted,0.3333333333333333,2,2,GTGGCATTGACGGCCACGAG,0,5250019
yqjE_yqjK_yqjD_yqjC_predicted,0.3333333333333333,2,2,GTGGATTGCGATCCAGCGCT,0,5255002
yqjE_yqjK_yqjD_yqjC_predicted,0.3333333333333333,2,2,GTGGACTTGGGCGTTTCTGT,0,5220120
yqjE_yqjK_yqjD_yqjC_predicted,0.3333333333333333,2,2,GTGGAATTGATTTAAATTCC,0,5200016
yqjE_yqjK_yqjD_yqjC_predicted,0.3333333333333333,2,2,GTGGAACAATGAATGCGGCT,0,5251415
yqjE_yqjK_yqjD_yqjC_predicted,0.3333333333333333,2,2,GTGGAAATTGCTAGCAACTT,0,5187442
yqjE_yqjK_yqjD_yqjC_predicted,0.3333333333333333,2,2,GTGGAAACGCCGGAGGGCAA,0,5247295
yqjE_yqjK_yqjD_yqjC_predicted,0.3333333333333333,2,2,GTGCTTGGGTGTGTAGCGGT,0,5210822
yqjE_yqjK_yqjD_yqjC_predicted,0.3333333333333333,2,2,GTGCTTCCGCTTTCGCGTGG,0,5178997
yqjE_yqjK_yqjD_yqjC_predicted,0.3333333333333333,2,2,GTGCTAGATATCTTAACGGT,0,5213881
yqjE_yqjK_yqjD_yqjC_predicted,0.3333333333333333,2,2,GTGCGTTGGCTACTATATTT,0,5180283
yqjE_yqjK_yqjD_yqjC_predicted,0.3333333333333333,2,2,GTGCGTTCTCGACTCACATG,0,5173693
yqjE_yqjK_yqjD_yqjC_predicted,0.3333333333333333,2,2,GTGCCTTAAAAGCTGCAATA,0,5255092
yqjE_yqjK_yqjD_yqjC_predicted,0.3333333333333333,2,2,GTGCCAGCCTAATACGTTGT,0,5206076
yqjE_yqjK_yqjD_yqjC_predicted,0.3333333333333333,2,2,GTGCAACCAGCTAGCTGAAC,0,5197542
yqjE_yqjK_yqjD_yqjC_predicted,0.3333333333333333,2,2,GTGATCGGTGTTTACCTCAC,0,5257085
yqjE_yqjK_yqjD_yqjC_predicted,0.3333333333333333,2,2,GTGACGTGTGCGGCCACCGA,0,5226483
yqjE_yqjK_yqjD_yqjC_predicted,0.3333333333333333,2,2,GTGAATCGAGATAATCCTAG,0,5173375
yqjE_yqjK_yqjD_yqjC_predicted,0.3333333333333333,2,2,GTGAATAGGATGGTTAACCG,0,5222660
yqjE_yqjK_yqjD_yqjC_predicted,0.3333333333333333,2,2,GTGAAATCTTTGGCCCCACT,0,5222486
yqjE_yqjK_yqjD_yqjC_predicted,0.3333333333333333,2,2,GTGAAAAATAGGGTTTAGAA,0,5216593
yqjE_yqjK_yqjD_yqjC_predicted,0.3333333333333333,2,2,GTCTGAGGCATTAGACCACT,0,5214545
yqjE_yqjK_yqjD_yqjC_predicted,0.3333333333333333,2,2,GTCTCGAGCTGCGCGTCCGG,0,5254847
yqjE_yqjK_yqjD_yqjC_predicted,0.3333333333333333,2,2,GTCTATTGCGACGCCCACTA,0,5171133
yqjE_yqjK_yqjD_yqjC_predicted,0.3333333333333333,2,2,GTCGTGAGGCGCGGACCAGC,0,5203611
yqjE_yqjK_yqjD_yqjC_predicted,0.3333333333333333,2,2,GTCGGTCTCACACAGGACCT,0,5171896
yqjE_yqjK_yqjD_yqjC_predicted,0.3333333333333333,2,2,GTCGCTGTGACGGTGGAGTA,0,5254966
yqjE_yqjK_yqjD_yqjC_predicted,0.3333333333333333,2,2,GTCGCTGGCGAATCCAGGTG,0,5213920
yqjE_yqjK_yqjD_yqjC_predicted,0.3333333333333333,2,2,GTCGATATCTGTTTCAGGAT,0,5171703
yqjE_yqjK_yqjD_yqjC_predicted,0.3333333333333333,2,2,GTCCTGTTATAACTACCTTC,0,5259029
yqjE_yqjK_yqjD_yqjC_predicted,0.3333333333333333,2,2,GTCCGTACACAAGTGTTAGA,0,5214245
yqjE_yqjK_yqjD_yqjC_predicted,0.3333333333333333,2,2,GTCCGGTTCATGCACCAAGC,0,5260768
yqjE_yqjK_yqjD_yqjC_predicted,0.3333333333333333,2,2,GTCCCTGCCGTGGCCGCGTA,0,5195225
yqjE_yqjK_yqjD_yqjC_predicted,0.3333333333333333,2,2,GTCCCCAGGCCTAGCAACAC,0,5189994
yqjE_yqjK_yqjD_yqjC_predicted,0.3333333333333333,2,2,GTCCATACTACATTAGCGCA,0,5250366
yqjE_yqjK_yqjD_yqjC_predicted,0.3333333333333333,2,2,GTCCAGTGGTGATCCTAAGG,0,5189171
yqjE_yqjK_yqjD_yqjC_predicted,0.3333333333333333,2,2,GTCCAGATACACAGTTAATA,0,5242401
yqjE_yqjK_yqjD_yqjC_predicted,0.3333333333333333,2,2,GTCCACTTGGCTCTTCTGGC,0,5206149
yqjE_yqjK_yqjD_yqjC_predicted,0.3333333333333333,2,2,GTCCAATGCCCTTGCAATAT,0,5189157
yqjE_yqjK_yqjD_yqjC_predicted,0.3333333333333333,2,2,GTCCAAGTTGATATAGGCAA,0,5185370
yqjE_yqjK_yqjD_yqjC_predicted,0.3333333333333333,2,2,GTCATTGGTTGCCGCTCATA,0,5172680
yqjE_yqjK_yqjD_yqjC_predicted,0.3333333333333333,2,2,GTCATGCAGATTAATTGTGA,0,5177817
yqjE_yqjK_yqjD_yqjC_predicted,0.3333333333333333,2,2,GTCAGTACATACTGTGGGTT,0,5222395
yqjE_yqjK_yqjD_yqjC_predicted,0.3333333333333333,2,2,GTCAGGGTTTTCTTATGTCT,0,5209808
yqjE_yqjK_yqjD_yqjC_predicted,0.3333333333333333,2,2,GTCAGGCGGTCCCGGCAACG,0,5186359
yqjE_yqjK_yqjD_yqjC_predicted,0.3333333333333333,2,2,GTCAGACAGTAAAGGGGCAT,0,5231182
yqjE_yqjK_yqjD_yqjC_predicted,0.3333333333333333,2,2,GTCACAGGTAGATAGTTCGC,0,5202978
yqjE_yqjK_yqjD_yqjC_predicted,0.3333333333333333,2,2,GTCAATACATGACAGCCTAC,0,5171017
yqjE_yqjK_yqjD_yqjC_predicted,0.3333333333333333,2,2,GTCAAGACTAATTTGGCGGA,0,5216822
yqjE_yqjK_yqjD_yqjC_predicted,0.3333333333333333,2,2,GTCAAAGGGTCCCAAAAGTC,0,5258332
yqjE_yqjK_yqjD_yqjC_predicted,0.3333333333333333,2,2,GTATGTACAATCGGGGCGAT,0,5259583
yqjE_yqjK_yqjD_yqjC_predicted,0.3333333333333333,2,2,GTATGATAATGATGTGCACT,0,5260305
yqjE_yqjK_yqjD_yqjC_predicted,0.3333333333333333,2,2,GTAGGTCGCACTAGCGCAGG,0,5224773
yqjE_yqjK_yqjD_yqjC_predicted,0.3333333333333333,2,2,GTAGGGCCTCTTGAGAAAAC,0,5180323
yqjE_yqjK_yqjD_yqjC_predicted,0.3333333333333333,2,2,GTAGCTTCGCGTGATATCAA,0,5246334
yqjE_yqjK_yqjD_yqjC_predicted,0.3333333333333333,2,2,GTAGCGCAACATCTGTCAGG,0,5200576
yqjE_yqjK_yqjD_yqjC_predicted,0.3333333333333333,2,2,GTAGAGTAGTGCTCGGTATC,0,5238264
yqjE_yqjK_yqjD_yqjC_predicted,0.3333333333333333,2,2,GTACTGGCGGTCCTTAAGGT,0,5254749
yqjE_yqjK_yqjD_yqjC_predicted,0.3333333333333333,2,2,GTACTCTTAACATCAGGGGT,0,5201951
yqjE_yqjK_yqjD_yqjC_predicted,0.3333333333333333,2,2,GTACGGGTTATGTATAGAAG,0,5255393
yqjE_yqjK_yqjD_yqjC_predicted,0.3333333333333333,2,2,GTACCGTAGTGGCTTACCGA,0,5248577
yqjE_yqjK_yqjD_yqjC_predicted,0.3333333333333333,2,2,GTACCGCTATGTTATAAATG,0,5240866
yqjE_yqjK_yqjD_yqjC_predicted,0.3333333333333333,2,2,GTACCCCATGGATGCGGGGT,0,5241546
yqjE_yqjK_yqjD_yqjC_predicted,0.3333333333333333,2,2,GTACAGGCCCATGGGTAGTG,0,5186898
yqjE_yqjK_yqjD_yqjC_predicted,0.3333333333333333,2,2,GTAATATGACTTAAACTGGC,0,5257285
yqjE_yqjK_yqjD_yqjC_predicted,0.3333333333333333,2,2,GTAAGTTCGGACGCGGTTAG,0,5244631
yqjE_yqjK_yqjD_yqjC_predicted,0.3333333333333333,2,2,GTAAGTCTTTAATTGTAGTG,0,5259981
yqjE_yqjK_yqjD_yqjC_predicted,0.3333333333333333,2,2,GTAAGGTTCTGGCTTCCACC,0,5208233
yqjE_yqjK_yqjD_yqjC_predicted,0.3333333333333333,2,2,GTAAGGGGAGGTCCACGGGT,0,5188722
yqjE_yqjK_yqjD_yqjC_predicted,0.3333333333333333,2,2,GTAAGGCCTCCCCGCCCCAT,0,5174733
yqjE_yqjK_yqjD_yqjC_predicted,0.3333333333333333,2,2,GTAAGCCCGGTCATTCGGTT,0,5258435
yqjE_yqjK_yqjD_yqjC_predicted,0.3333333333333333,2,2,GTAAATTGATGTCAGTTTGG,0,5202582
yqjE_yqjK_yqjD_yqjC_predicted,0.3333333333333333,2,2,GGTTTGATAAAGTCGGAATT,0,5213588
yqjE_yqjK_yqjD_yqjC_predicted,0.3333333333333333,2,2,GGTTGGGATAAGTCAGGTTC,0,5186505
yqjE_yqjK_yqjD_yqjC_predicted,0.3333333333333333,2,2,GGTTGGCACGGCCAATGTGT,0,5197418
yqjE_yqjK_yqjD_yqjC_predicted,0.3333333333333333,2,2,GGTTCTGCAGGCCATCGTCT,0,5196870
yqjE_yqjK_yqjD_yqjC_predicted,0.3333333333333333,2,2,GGTTCGCGTTACGGACCTAT,0,5253345
yqjE_yqjK_yqjD_yqjC_predicted,0.3333333333333333,2,2,GGTTCCGGGGCCGCTCTATT,0,5179337
yqjE_yqjK_yqjD_yqjC_predicted,0.3333333333333333,2,2,GGTTCCAATATACCCCGCTC,0,5251579
yqjE_yqjK_yqjD_yqjC_predicted,0.3333333333333333,2,2,GGTTATTGCATAGTTAAACA,0,5195958
yqjE_yqjK_yqjD_yqjC_predicted,0.3333333333333333,2,2,GGTTAGCATAACACGTACAA,0,5216275
yqjE_yqjK_yqjD_yqjC_predicted,0.3333333333333333,2,2,GGTTACACTTTGCCCGCACT,0,5229902
yqjE_yqjK_yqjD_yqjC_predicted,0.3333333333333333,2,2,GGTTAAGGAACTTGCCTCCA,0,5235578
yqjE_yqjK_yqjD_yqjC_predicted,0.3333333333333333,2,2,GGTGTCCTAACTCTGATTAG,0,5175900
yqjE_yqjK_yqjD_yqjC_predicted,0.3333333333333333,2,2,GGTGTCCGGCACGGGAGAAT,0,5220583
yqjE_yqjK_yqjD_yqjC_predicted,0.3333333333333333,2,2,GGTGTCAGCTGCCCATCAAT,0,5211388
yqjE_yqjK_yqjD_yqjC_predicted,0.3333333333333333,2,2,GGTGCCCTGTGGAAAGTGCG,0,5257660
yqjE_yqjK_yqjD_yqjC_predicted,0.3333333333333333,2,2,GGTCTGAGCCTAGGACACGG,0,5233557
yqjE_yqjK_yqjD_yqjC_predicted,0.3333333333333333,2,2,GGTCTAGGGTCACGTACTCT,0,5174558
yqjE_yqjK_yqjD_yqjC_predicted,0.3333333333333333,2,2,GGTCTACTCAAGGGTGTTGT,0,5184900
yqjE_yqjK_yqjD_yqjC_predicted,0.3333333333333333,2,2,GGTCTACGTGGATAACCCCC,0,5235722
yqjE_yqjK_yqjD_yqjC_predicted,0.3333333333333333,2,2,GGTCGTCGGCGGCTCAGTGT,0,5190326
yqjE_yqjK_yqjD_yqjC_predicted,0.3333333333333333,2,2,GGTCGTAGAAAATCTACAGT,0,5187724
yqjE_yqjK_yqjD_yqjC_predicted,0.3333333333333333,2,2,GGTCGCTTGCCGTATCCAAG,0,5251844
yqjE_yqjK_yqjD_yqjC_predicted,0.3333333333333333,2,2,GGTCGAAGACCGGCCGAATA,0,5207963
yqjE_yqjK_yqjD_yqjC_predicted,0.3333333333333333,2,2,GGTCCTCAATGTCCCAAGGT,0,5233415
yqjE_yqjK_yqjD_yqjC_predicted,0.3333333333333333,2,2,GGTCCCCGCGCGCCGGTTAA,0,5204027
yqjE_yqjK_yqjD_yqjC_predicted,0.3333333333333333,2,2,GGTCAAGTTATTTTGCCTAA,0,5210535
yqjE_yqjK_yqjD_yqjC_predicted,0.3333333333333333,2,2,GGTATCTCTGTGGAGGGCTT,0,5220503
yqjE_yqjK_yqjD_yqjC_predicted,0.3333333333333333,2,2,GGTATCAAACGCCGTCCCCT,0,5175454
yqjE_yqjK_yqjD_yqjC_predicted,0.3333333333333333,2,2,GGTAGCCGACTTTTGCGCGA,0,5180645
yqjE_yqjK_yqjD_yqjC_predicted,0.3333333333333333,2,2,GGTAGAACTTAGGGCGCTTA,0,5178643
yqjE_yqjK_yqjD_yqjC_predicted,0.3333333333333333,2,2,GGTACGTACGCGTCCGCCCG,0,5183023
yqjE_yqjK_yqjD_yqjC_predicted,0.3333333333333333,2,2,GGTACCATTCGACTATAGCC,0,5224538
yqjE_yqjK_yqjD_yqjC_predicted,0.3333333333333333,2,2,GGTAACTAGCACCTGAAAGT,0,5246268
yqjE_yqjK_yqjD_yqjC_predicted,0.3333333333333333,2,2,GGTAACACCTAAATGTTTAG,0,5187525
yqjE_yqjK_yqjD_yqjC_predicted,0.3333333333333333,2,2,GGGTTTGGGGCTGTAATATG,0,5236900
yqjE_yqjK_yqjD_yqjC_predicted,0.3333333333333333,2,2,GGGTTCGTTTACATTCACAC,0,5220978
yqjE_yqjK_yqjD_yqjC_predicted,0.3333333333333333,2,2,GGGTTATCGGAATTCAGGCC,0,5208338
yqjE_yqjK_yqjD_yqjC_predicted,0.3333333333333333,2,2,GGGTTACTCCGAAAGCCGCC,0,5191051
yqjE_yqjK_yqjD_yqjC_predicted,0.3333333333333333,2,2,GGGTGGATTACTCTACCGGA,0,5205313
yqjE_yqjK_yqjD_yqjC_predicted,0.3333333333333333,2,2,GGGTGGAAGAGGCTTTAAAT,0,5202421
yqjE_yqjK_yqjD_yqjC_predicted,0.3333333333333333,2,2,GGGTCTCGTAATAAAAAGCT,0,5223895
yqjE_yqjK_yqjD_yqjC_predicted,0.3333333333333333,2,2,GGGTCGGAGCAAGTCTCGTC,0,5252839
yqjE_yqjK_yqjD_yqjC_predicted,0.3333333333333333,2,2,GGGTCGCTGGAATCTGTGAC,0,5252378
yqjE_yqjK_yqjD_yqjC_predicted,0.3333333333333333,2,2,GGGTCCTTGAAATGGCAGAT,0,5225203
yqjE_yqjK_yqjD_yqjC_predicted,0.3333333333333333,2,2,GGGTCACCATGGTGACGCAT,0,5192631
yqjE_yqjK_yqjD_yqjC_predicted,0.3333333333333333,2,2,GGGTAGGCGCCGAACGCTCA,0,5181746
yqjE_yqjK_yqjD_yqjC_predicted,0.3333333333333333,2,2,GGGGTGCACGGATGACTTCC,0,5219126
yqjE_yqjK_yqjD_yqjC_predicted,0.3333333333333333,2,2,GGGGGGGCCCTATCCTAGGT,0,5184685
yqjE_yqjK_yqjD_yqjC_predicted,0.3333333333333333,2,2,GGGGGCGTGTGATAGCCCAG,0,5200956
yqjE_yqjK_yqjD_yqjC_predicted,0.3333333333333333,2,2,GGGGCTTTTGGTCGTACCGG,0,5183709
yqjE_yqjK_yqjD_yqjC_predicted,0.3333333333333333,2,2,GGGGCTGGGGAGGGGTCCGA,0,5257458
yqjE_yqjK_yqjD_yqjC_predicted,0.3333333333333333,2,2,GGGGAGCATATACGAAAACG,0,5203712
yqjE_yqjK_yqjD_yqjC_predicted,0.3333333333333333,2,2,GGGCTTTATTTATCCGGAGC,0,5203467
yqjE_yqjK_yqjD_yqjC_predicted,0.3333333333333333,2,2,GGGCTTAGTTCATCATTCTA,0,5262158
yqjE_yqjK_yqjD_yqjC_predicted,0.3333333333333333,2,2,GGGCGTCGTTGTGGCAGGCT,0,5205512
yqjE_yqjK_yqjD_yqjC_predicted,0.3333333333333333,2,2,GGGCCTGTGAAAAAGGCTAA,0,5239914
yqjE_yqjK_yqjD_yqjC_predicted,0.3333333333333333,2,2,GGGCCGGGTCAAGGGGCGTG,0,5199937
yqjE_yqjK_yqjD_yqjC_predicted,0.3333333333333333,2,2,GGGCAGAGTTGATTTTGCAG,0,5220231
yqjE_yqjK_yqjD_yqjC_predicted,0.3333333333333333,2,2,GGGAAGGAATAACCATGCGG,0,5177350
yqjE_yqjK_yqjD_yqjC_predicted,0.3333333333333333,2,2,GGGAACACTCTGGGTTTGAG,0,5204887
yqjE_yqjK_yqjD_yqjC_predicted,0.3333333333333333,2,2,GGCTGATGGTCCTGTCAGTG,0,5257328
yqjE_yqjK_yqjD_yqjC_predicted,0.3333333333333333,2,2,GGCTCTCCCTTTGATGCCGT,0,5235054
yqjE_yqjK_yqjD_yqjC_predicted,0.3333333333333333,2,2,GGCTAATCTTCAAGATATGT,0,5198803
yqjE_yqjK_yqjD_yqjC_predicted,0.3333333333333333,2,2,GGCTAACGTTGTAGATTGAT,0,5230057
yqjE_yqjK_yqjD_yqjC_predicted,0.3333333333333333,2,2,GGCGTCCCCACGTCAGTAAG,0,5202025
yqjE_yqjK_yqjD_yqjC_predicted,0.3333333333333333,2,2,GGCGGAAGGGCAATTCGCAT,0,5213507
yqjE_yqjK_yqjD_yqjC_predicted,0.3333333333333333,2,2,GGCGGAAATGGAGCAGATTA,0,5248833
yqjE_yqjK_yqjD_yqjC_predicted,0.3333333333333333,2,2,GGCGCTCGGTAACCTTGCCA,0,5242001
yqjE_yqjK_yqjD_yqjC_predicted,0.3333333333333333,2,2,GGCGCTCAGTTGGGTACTCC,0,5243282
yqjE_yqjK_yqjD_yqjC_predicted,0.3333333333333333,2,2,GGCGCCTTGGCCCGCTATGT,0,5256239
yqjE_yqjK_yqjD_yqjC_predicted,0.3333333333333333,2,2,GGCGAAGGTAGGCGGTGTTA,0,5176321
yqjE_yqjK_yqjD_yqjC_predicted,0.3333333333333333,2,2,GGCCTTGAATGGGCGGCTAC,0,5198482
yqjE_yqjK_yqjD_yqjC_predicted,0.3333333333333333,2,2,GGCCTGTCGCCACCTATGGG,0,5178764
yqjE_yqjK_yqjD_yqjC_predicted,0.3333333333333333,2,2,GGCCTATTGCAGCCCGCAAA,0,5258348
yqjE_yqjK_yqjD_yqjC_predicted,0.3333333333333333,2,2,GGCCGGCGTGGCCATACAAC,0,5262640
yqjE_yqjK_yqjD_yqjC_predicted,0.3333333333333333,2,2,GGCCCTGTGGGCGCCTGTCT,0,5200781
yqjE_yqjK_yqjD_yqjC_predicted,0.3333333333333333,2,2,GGCCCGCTCCACCGAAGCAA,0,5259502
yqjE_yqjK_yqjD_yqjC_predicted,0.3333333333333333,2,2,GGCATTCAGAATCCGCAATA,0,5262941
yqjE_yqjK_yqjD_yqjC_predicted,0.3333333333333333,2,2,GGCATAAAAATGTGGGCATG,0,5189580
yqjE_yqjK_yqjD_yqjC_predicted,0.3333333333333333,2,2,GGCACGTTTGGAAGCAAAAT,0,5221889
yqjE_yqjK_yqjD_yqjC_predicted,0.3333333333333333,2,2,GGCAATTGCCATGGGGGCGA,0,5173087
yqjE_yqjK_yqjD_yqjC_predicted,0.3333333333333333,2,2,GGCAATTGACGATACACAAG,0,5236335
yqjE_yqjK_yqjD_yqjC_predicted,0.3333333333333333,2,2,GGCAAGTTCTGTGCCTTTAA,0,5254264
yqjE_yqjK_yqjD_yqjC_predicted,0.3333333333333333,2,2,GGCAAGTCCCAGAATTGCTG,0,5229342
yqjE_yqjK_yqjD_yqjC_predicted,0.3333333333333333,2,2,GGATTTTTCGGAGTTAAGTC,0,5256982
yqjE_yqjK_yqjD_yqjC_predicted,0.3333333333333333,2,2,GGATTTTGGCACTCATGGCT,0,5212395
yqjE_yqjK_yqjD_yqjC_predicted,0.3333333333333333,2,2,GGATTCTGATAAACGCACAC,0,5187081
yqjE_yqjK_yqjD_yqjC_predicted,0.3333333333333333,2,2,GGATTAGCATACCGTAAGTA,0,5180447
yqjE_yqjK_yqjD_yqjC_predicted,0.3333333333333333,2,2,GGATGTTATGCTACGCGTCT,0,5254545
yqjE_yqjK_yqjD_yqjC_predicted,0.3333333333333333,2,2,GGATGTTATGCCAATGACCA,0,5182358
yqjE_yqjK_yqjD_yqjC_predicted,0.3333333333333333,2,2,GGATGTAGTACATGACTGCA,0,5244703
yqjE_yqjK_yqjD_yqjC_predicted,0.3333333333333333,2,2,GGATCTTGACTGCATAATCC,0,5171234
yqjE_yqjK_yqjD_yqjC_predicted,0.3333333333333333,2,2,GGATCTTCTGGCAGACGAGG,0,5190083
yqjE_yqjK_yqjD_yqjC_predicted,0.3333333333333333,2,2,GGATCGCCGCCAGCCATGTC,0,5214708
yqjE_yqjK_yqjD_yqjC_predicted,0.3333333333333333,2,2,GGATAGGCTGCTCTAAAAGT,0,5215846
yqjE_yqjK_yqjD_yqjC_predicted,0.3333333333333333,2,2,GGATACACCTGCGCGTCTCT,0,5231198
yqjE_yqjK_yqjD_yqjC_predicted,0.3333333333333333,2,2,GGAGTTTCCCGACACGGCTT,0,5184123
yqjE_yqjK_yqjD_yqjC_predicted,0.3333333333333333,2,2,GGAGTTATAGGTCCGGCTCT,0,5193275
yqjE_yqjK_yqjD_yqjC_predicted,0.3333333333333333,2,2,GGAGTCAGCCGTACTTTGAT,0,5252277
yqjE_yqjK_yqjD_yqjC_predicted,0.3333333333333333,2,2,GGAGGATTCTGTTTAATTCC,0,5215534
yqjE_yqjK_yqjD_yqjC_predicted,0.3333333333333333,2,2,GGAGGAGAAGCATTAGGGTT,0,5176923
yqjE_yqjK_yqjD_yqjC_predicted,0.3333333333333333,2,2,GGAGGACGTAGAAACTCAAA,0,5171337
yqjE_yqjK_yqjD_yqjC_predicted,0.3333333333333333,2,2,GGAGCTGATCCACCCGGTTT,0,5241868
yqjE_yqjK_yqjD_yqjC_predicted,0.3333333333333333,2,2,GGAGCCCCTCTATAGTACGC,0,5256084
yqjE_yqjK_yqjD_yqjC_predicted,0.3333333333333333,2,2,GGAGATTGCATTCAGCGCGC,0,5240164
yqjE_yqjK_yqjD_yqjC_predicted,0.3333333333333333,2,2,GGAGAGTGCTCAATGACGGT,0,5178906
yqjE_yqjK_yqjD_yqjC_predicted,0.3333333333333333,2,2,GGAGAGAGATCTGATAAGGC,0,5190234
yqjE_yqjK_yqjD_yqjC_predicted,0.3333333333333333,2,2,GGAGAATCTAGGGCGGATCG,0,5196204
yqjE_yqjK_yqjD_yqjC_predicted,0.3333333333333333,2,2,GGACGGTCACCTCGGTTCAT,0,5188417
yqjE_yqjK_yqjD_yqjC_predicted,0.3333333333333333,2,2,GGACCAAGTTAGGGCAGACG,0,5172368
yqjE_yqjK_yqjD_yqjC_predicted,0.3333333333333333,2,2,GGACATAAGGTTTATACGAC,0,5177070
yqjE_yqjK_yqjD_yqjC_predicted,0.3333333333333333,2,2,GGACACCTATCTCCCTCGTA,0,5217011
yqjE_yqjK_yqjD_yqjC_predicted,0.3333333333333333,2,2,GGAATCGGGTGTCTGGATTC,0,5235978
yqjE_yqjK_yqjD_yqjC_predicted,0.3333333333333333,2,2,GGAATCCGGTTTATCCATTA,0,5180240
yqjE_yqjK_yqjD_yqjC_predicted,0.3333333333333333,2,2,GGAAGAGACTCGCTCTAGCA,0,5175330
yqjE_yqjK_yqjD_yqjC_predicted,0.3333333333333333,2,2,GGAAGACTCCTGCCAGGTGG,0,5195562
yqjE_yqjK_yqjD_yqjC_predicted,0.3333333333333333,2,2,GGAACTAGGTAACGACGGCA,0,5178545
yqjE_yqjK_yqjD_yqjC_predicted,0.3333333333333333,2,2,GGAACAGACCATGTTTAGTC,0,5252955
yqjE_yqjK_yqjD_yqjC_predicted,0.3333333333333333,2,2,GGAACAACGAGAAATGGCCC,0,5226140
yqjE_yqjK_yqjD_yqjC_predicted,0.3333333333333333,2,2,GGAAATGGACACACTGACAT,0,5262147
yqjE_yqjK_yqjD_yqjC_predicted,0.3333333333333333,2,2,GGAAACAATCATTCTCGAAT,0,5188883
yqjE_yqjK_yqjD_yqjC_predicted,0.3333333333333333,2,2,GGAAAACATCATAGTTTAGG,0,5175860
yqjE_yqjK_yqjD_yqjC_predicted,0.3333333333333333,2,2,GCTTTTAGTTCCCTCACGGT,0,5213065
yqjE_yqjK_yqjD_yqjC_predicted,0.3333333333333333,2,2,GCTTTGTCCGGAGGTCCAAT,0,5184519
yqjE_yqjK_yqjD_yqjC_predicted,0.3333333333333333,2,2,GCTTTCGCGGGTATTAGTTG,0,5248175
yqjE_yqjK_yqjD_yqjC_predicted,0.3333333333333333,2,2,GCTTGGCAGGGACGGTTTGC,0,5206565
yqjE_yqjK_yqjD_yqjC_predicted,0.3333333333333333,2,2,GCTTGGATGAATCTTACATC,0,5261922
yqjE_yqjK_yqjD_yqjC_predicted,0.3333333333333333,2,2,GCTTCGGGCCATTCAGTGGC,0,5185237
yqjE_yqjK_yqjD_yqjC_predicted,0.3333333333333333,2,2,GCTTCCATCGATCCCGAGAG,0,5173710
yqjE_yqjK_yqjD_yqjC_predicted,0.3333333333333333,2,2,GCTTATTTCTGTAGCCAAGG,0,5234499
yqjE_yqjK_yqjD_yqjC_predicted,0.3333333333333333,2,2,GCTGTCCGTTAAAGCGCTAA,0,5232712
yqjE_yqjK_yqjD_yqjC_predicted,0.3333333333333333,2,2,GCTGTAGAACTAATTGATAT,0,5261747
yqjE_yqjK_yqjD_yqjC_predicted,0.3333333333333333,2,2,GCTGTAAAATGTGTTACCAG,0,5175202
yqjE_yqjK_yqjD_yqjC_predicted,0.3333333333333333,2,2,GCTGGTTCATTTAGTCGCTC,0,5206583
yqjE_yqjK_yqjD_yqjC_predicted,0.3333333333333333,2,2,GCTGGCTGGTACTGATTGGA,0,5261491
yqjE_yqjK_yqjD_yqjC_predicted,0.3333333333333333,2,2,GCTGCCGCTCGTGGTCCACC,0,5210781
yqjE_yqjK_yqjD_yqjC_predicted,0.3333333333333333,2,2,GCTGCCGACTGAATGCACGG,0,5206202
yqjE_yqjK_yqjD_yqjC_predicted,0.3333333333333333,2,2,GCTGCACAGGGTTCATTTCG,0,5240199
yqjE_yqjK_yqjD_yqjC_predicted,0.3333333333333333,2,2,GCTGACCTCGTCATGTGGTA,0,5250297
yqjE_yqjK_yqjD_yqjC_predicted,0.3333333333333333,2,2,GCTGACAGGGGGACCGGCTG,0,5232158
yqjE_yqjK_yqjD_yqjC_predicted,0.3333333333333333,2,2,GCTCTCAATGGTCGTGATAA,0,5208776
yqjE_yqjK_yqjD_yqjC_predicted,0.3333333333333333,2,2,GCTCGGCATCCATTCAACCA,0,5220246
yqjE_yqjK_yqjD_yqjC_predicted,0.3333333333333333,2,2,GCTCGAGCTTCTACACGCTT,0,5231394
yqjE_yqjK_yqjD_yqjC_predicted,0.3333333333333333,2,2,GCTCCGTCTTGCGGTGCGAA,0,5260659
yqjE_yqjK_yqjD_yqjC_predicted,0.3333333333333333,2,2,GCTCATTCTCGCCTTACCTC,0,5240518
yqjE_yqjK_yqjD_yqjC_predicted,0.3333333333333333,2,2,GCTCAGTTGAAGACCTCGCC,0,5214193
yqjE_yqjK_yqjD_yqjC_predicted,0.3333333333333333,2,2,GCTATTGTGCCGACCTCTGT,0,5246272
yqjE_yqjK_yqjD_yqjC_predicted,0.3333333333333333,2,2,GCTATTCATGCCCGGACTCA,0,5205025
yqjE_yqjK_yqjD_yqjC_predicted,0.3333333333333333,2,2,GCTATGTCTAGTTGCTGCAT,0,5214404
yqjE_yqjK_yqjD_yqjC_predicted,0.3333333333333333,2,2,GCTAAGACGATGGCGACATT,0,5180110
yqjE_yqjK_yqjD_yqjC_predicted,0.3333333333333333,2,2,GCGTTTTCTGTTAGCGGGCA,0,5212424
yqjE_yqjK_yqjD_yqjC_predicted,0.3333333333333333,2,2,GCGTGGGTAAGACTTGCGCC,0,5244682
yqjE_yqjK_yqjD_yqjC_predicted,0.3333333333333333,2,2,GCGTCGGTCCGGACACAAAT,0,5179241
yqjE_yqjK_yqjD_yqjC_predicted,0.3333333333333333,2,2,GCGGTTAAAGAGTGCCTGCG,0,5219161
yqjE_yqjK_yqjD_yqjC_predicted,0.3333333333333333,2,2,GCGGTCGTCGGCGTCTCATG,0,5234544
yqjE_yqjK_yqjD_yqjC_predicted,0.3333333333333333,2,2,GCGGTCCGCGAGCCGCTGAA,0,5206938
yqjE_yqjK_yqjD_yqjC_predicted,0.3333333333333333,2,2,GCGGGTGATGACGACGTTCG,0,5185256
yqjE_yqjK_yqjD_yqjC_predicted,0.3333333333333333,2,2,GCGGGCATGGGTCGGAACAC,0,5179286
yqjE_yqjK_yqjD_yqjC_predicted,0.3333333333333333,2,2,GCGGGACAACGTTCTGCTGA,0,5249320
yqjE_yqjK_yqjD_yqjC_predicted,0.3333333333333333,2,2,GCGGCTTGTTCAACCGCTAA,0,5193243
yqjE_yqjK_yqjD_yqjC_predicted,0.3333333333333333,2,2,GCGGCCTGACCCAAGTGCGG,0,5202653
yqjE_yqjK_yqjD_yqjC_predicted,0.3333333333333333,2,2,GCGGACTTATCCTCTTCGGC,0,5248597
yqjE_yqjK_yqjD_yqjC_predicted,0.3333333333333333,2,2,GCGGACAGTACTGACTCGTG,0,5244421
yqjE_yqjK_yqjD_yqjC_predicted,0.3333333333333333,2,2,GCGGAAGGCTAATGTCCAGG,0,5188185
yqjE_yqjK_yqjD_yqjC_predicted,0.3333333333333333,2,2,GCGCTCTTAGGTCTAATATC,0,5249196
yqjE_yqjK_yqjD_yqjC_predicted,0.3333333333333333,2,2,GCGCGACGGTAATAGGGACT,0,5249654
yqjE_yqjK_yqjD_yqjC_predicted,0.3333333333333333,2,2,GCGCGACGACTATCATCAAC,0,5194812
yqjE_yqjK_yqjD_yqjC_predicted,0.3333333333333333,2,2,GCGCCTTCCCACCAATCGGC,0,5244324
yqjE_yqjK_yqjD_yqjC_predicted,0.3333333333333333,2,2,GCGCCTGGAGAGCAAAAGGC,0,5199311
yqjE_yqjK_yqjD_yqjC_predicted,0.3333333333333333,2,2,GCGCCTGGACGCGCCGAACT,0,5174580
yqjE_yqjK_yqjD_yqjC_predicted,0.3333333333333333,2,2,GCGCCGAATGGAGCTGTACG,0,5257147
yqjE_yqjK_yqjD_yqjC_predicted,0.3333333333333333,2,2,GCGCCCGATGCATATTCATC,0,5198938
yqjE_yqjK_yqjD_yqjC_predicted,0.3333333333333333,2,2,GCGCCAGTGCGCTAGCGGAT,0,5250617
yqjE_yqjK_yqjD_yqjC_predicted,0.3333333333333333,2,2,GCGCATCCCGTGCTAGATTA,0,5182893
yqjE_yqjK_yqjD_yqjC_predicted,0.3333333333333333,2,2,GCGCATCATATCCCCCGTCT,0,5174727
yqjE_yqjK_yqjD_yqjC_predicted,0.3333333333333333,2,2,GCGCACAGCCCGGACGCGGT,0,5214478
yqjE_yqjK_yqjD_yqjC_predicted,0.3333333333333333,2,2,GCGATTGATTCCAAACCTGC,0,5217251
yqjE_yqjK_yqjD_yqjC_predicted,0.3333333333333333,2,2,GCGATGTAGCTTCTCTCTAG,0,5194058
yqjE_yqjK_yqjD_yqjC_predicted,0.3333333333333333,2,2,GCGATGCGCCGTTAAGGGTA,0,5204359
yqjE_yqjK_yqjD_yqjC_predicted,0.3333333333333333,2,2,GCGATAATAAAAGAAATTGG,0,5227560
yqjE_yqjK_yqjD_yqjC_predicted,0.3333333333333333,2,2,GCGAGTTTACTGAACGGCTT,0,5219446
yqjE_yqjK_yqjD_yqjC_predicted,0.3333333333333333,2,2,GCGACTTCTCGACGCTGGAT,0,5247698
yqjE_yqjK_yqjD_yqjC_predicted,0.3333333333333333,2,2,GCGACGGTGAATCGGCGTAT,0,5176236
yqjE_yqjK_yqjD_yqjC_predicted,0.3333333333333333,2,2,GCGACATCACCGCACGATTC,0,5205315
yqjE_yqjK_yqjD_yqjC_predicted,0.3333333333333333,2,2,GCGAATGCTAGGTGTTGCTA,0,5178198
yqjE_yqjK_yqjD_yqjC_predicted,0.3333333333333333,2,2,GCGAAAGTGGTCTGACCGGC,0,5262294
yqjE_yqjK_yqjD_yqjC_predicted,0.3333333333333333,2,2,GCGAAACGGTAAACAGAGCG,0,5244039
yqjE_yqjK_yqjD_yqjC_predicted,0.3333333333333333,2,2,GCCTTGGGCTTTGAAGGGGA,0,5214153
yqjE_yqjK_yqjD_yqjC_predicted,0.3333333333333333,2,2,GCCTTGGATGTCATCGCAGT,0,5196859
yqjE_yqjK_yqjD_yqjC_predicted,0.3333333333333333,2,2,GCCTTCTTGGCATGATTGCC,0,5256172
yqjE_yqjK_yqjD_yqjC_predicted,0.3333333333333333,2,2,GCCTTCTGCGACCGTGCGCC,0,5250822
yqjE_yqjK_yqjD_yqjC_predicted,0.3333333333333333,2,2,GCCTGGTTCTGGACGTCGTC,0,5256413
yqjE_yqjK_yqjD_yqjC_predicted,0.3333333333333333,2,2,GCCTCTGCGGTGTACGCAAT,0,5227442
yqjE_yqjK_yqjD_yqjC_predicted,0.3333333333333333,2,2,GCCTCGAGTAGGCACGCTTA,0,5227738
yqjE_yqjK_yqjD_yqjC_predicted,0.3333333333333333,2,2,GCCTCGACTGAAAAGCACAG,0,5176893
yqjE_yqjK_yqjD_yqjC_predicted,0.3333333333333333,2,2,GCCTCAATCGTATGGAATCC,0,5235656
yqjE_yqjK_yqjD_yqjC_predicted,0.3333333333333333,2,2,GCCGTATCCTCAAGCCAGGC,0,5201041
yqjE_yqjK_yqjD_yqjC_predicted,0.3333333333333333,2,2,GCCGGGGTGCGATTGTGCGC,0,5249534
yqjE_yqjK_yqjD_yqjC_predicted,0.3333333333333333,2,2,GCCGGCTTGAAGTTCCTGTC,0,5232940
yqjE_yqjK_yqjD_yqjC_predicted,0.3333333333333333,2,2,GCCGCCTATTACTCTGCGCG,0,5260556
yqjE_yqjK_yqjD_yqjC_predicted,0.3333333333333333,2,2,GCCGCAGTTGGGGGTACATC,0,5210482
yqjE_yqjK_yqjD_yqjC_predicted,0.3333333333333333,2,2,GCCGATATAGGTGAAATAAG,0,5178444
yqjE_yqjK_yqjD_yqjC_predicted,0.3333333333333333,2,2,GCCCCTTTTGTCCCGGGTCA,0,5188176
yqjE_yqjK_yqjD_yqjC_predicted,0.3333333333333333,2,2,GCCATCGGCGAACACATTCA,0,5197205
yqjE_yqjK_yqjD_yqjC_predicted,0.3333333333333333,2,2,GCCATAAAAGAGGGTAGTGG,0,5203700
yqjE_yqjK_yqjD_yqjC_predicted,0.3333333333333333,2,2,GCCAGATTACGACCAATACT,0,5199309
yqjE_yqjK_yqjD_yqjC_predicted,0.3333333333333333,2,2,GCCACCAGTAAGATTGCTGA,0,5195022
yqjE_yqjK_yqjD_yqjC_predicted,0.3333333333333333,2,2,GCCACAACCATTGTTGACAC,0,5183180
yqjE_yqjK_yqjD_yqjC_predicted,0.3333333333333333,2,2,GCCAATTTAAAGGCTATGTT,0,5187718
yqjE_yqjK_yqjD_yqjC_predicted,0.3333333333333333,2,2,GCCAATGACGGGACAGGGCA,0,5217612
yqjE_yqjK_yqjD_yqjC_predicted,0.3333333333333333,2,2,GCCAAGTACCGGAAAAAAGA,0,5240998
yqjE_yqjK_yqjD_yqjC_predicted,0.3333333333333333,2,2,GCCAAGCTGGATTTTACGTA,0,5197273
yqjE_yqjK_yqjD_yqjC_predicted,0.3333333333333333,2,2,GCCAAATCGCCCAGGTCACA,0,5179430
yqjE_yqjK_yqjD_yqjC_predicted,0.3333333333333333,2,2,GCATTTAAATTATGGTGGAG,0,5240850
yqjE_yqjK_yqjD_yqjC_predicted,0.3333333333333333,2,2,GCATTCATAGAATCGACTCG,0,5223548
yqjE_yqjK_yqjD_yqjC_predicted,0.3333333333333333,2,2,GCATGATCTTACTGAAGAAA,0,5189751
yqjE_yqjK_yqjD_yqjC_predicted,0.3333333333333333,2,2,GCATGACAGTGAGTTTATTG,0,5230354
yqjE_yqjK_yqjD_yqjC_predicted,0.3333333333333333,2,2,GCATATGCGAGTACCTTCGG,0,5206585
yqjE_yqjK_yqjD_yqjC_predicted,0.3333333333333333,2,2,GCATATCCATCATTCTTTTG,0,5207784
yqjE_yqjK_yqjD_yqjC_predicted,0.3333333333333333,2,2,GCATAAGCACCCACCTCCAA,0,5202108
yqjE_yqjK_yqjD_yqjC_predicted,0.3333333333333333,2,2,GCAGTACAGCGCCTAGTCGA,0,5176332
yqjE_yqjK_yqjD_yqjC_predicted,0.3333333333333333,2,2,GCAGGATGAACGCTTGCATC,0,5223634
yqjE_yqjK_yqjD_yqjC_predicted,0.3333333333333333,2,2,GCAGCGACGGAATCACATCA,0,5183885
yqjE_yqjK_yqjD_yqjC_predicted,0.3333333333333333,2,2,GCAGATAGATTTCTAGGAGT,0,5259033
yqjE_yqjK_yqjD_yqjC_predicted,0.3333333333333333,2,2,GCAGACTGGTATAACGTGAG,0,5171181
yqjE_yqjK_yqjD_yqjC_predicted,0.3333333333333333,2,2,GCAGAAGCAATGAGGGGTTA,0,5243591
yqjE_yqjK_yqjD_yqjC_predicted,0.3333333333333333,2,2,GCACTGGATATGGGGGGAGG,0,5220209
yqjE_yqjK_yqjD_yqjC_predicted,0.3333333333333333,2,2,GCACTCGTTTCGCGACTAAA,0,5176338
yqjE_yqjK_yqjD_yqjC_predicted,0.3333333333333333,2,2,GCACTCGAAGATCCCAAATA,0,5176956
yqjE_yqjK_yqjD_yqjC_predicted,0.3333333333333333,2,2,GCACGTGCGCAAGTGTGGCT,0,5233394
yqjE_yqjK_yqjD_yqjC_predicted,0.3333333333333333,2,2,GCACATTCATGGGCGCGGGC,0,5190246
yqjE_yqjK_yqjD_yqjC_predicted,0.3333333333333333,2,2,GCACAACGTGTGACAGAACG,0,5218349
yqjE_yqjK_yqjD_yqjC_predicted,0.3333333333333333,2,2,GCAATTTCCATTCATGCAGG,0,5248951
yqjE_yqjK_yqjD_yqjC_predicted,0.3333333333333333,2,2,GCAATATAGTAGGACGAATC,0,5193246
yqjE_yqjK_yqjD_yqjC_predicted,0.3333333333333333,2,2,GCAAGGCTCACGTTACGGGG,0,5182611
yqjE_yqjK_yqjD_yqjC_predicted,0.3333333333333333,2,2,GCAAGCATGTTCGTAACCTG,0,5189930
yqjE_yqjK_yqjD_yqjC_predicted,0.3333333333333333,2,2,GCAAGCACTTGAGGTGGTTA,0,5204440
yqjE_yqjK_yqjD_yqjC_predicted,0.3333333333333333,2,2,GCAAAGCGTGACGGTGGAAC,0,5234404
yqjE_yqjK_yqjD_yqjC_predicted,0.3333333333333333,2,2,GATTTGGTGCACCGCTTTAG,0,5226538
yqjE_yqjK_yqjD_yqjC_predicted,0.3333333333333333,2,2,GATTTGCCGCCAATCCGAGG,0,5226605
yqjE_yqjK_yqjD_yqjC_predicted,0.3333333333333333,2,2,GATTGATCCTAAGTAACGCG,0,5179860
yqjE_yqjK_yqjD_yqjC_predicted,0.3333333333333333,2,2,GATTCTAGGCTCTTGCGCCA,0,5195234
yqjE_yqjK_yqjD_yqjC_predicted,0.3333333333333333,2,2,GATTCGAGCACAATACGAGG,0,5184169
yqjE_yqjK_yqjD_yqjC_predicted,0.3333333333333333,2,2,GATTCAATACTAGCATATGT,0,5200810
yqjE_yqjK_yqjD_yqjC_predicted,0.3333333333333333,2,2,GATTACCGACCACTATGAAG,0,5188588
yqjE_yqjK_yqjD_yqjC_predicted,0.3333333333333333,2,2,GATTACCCAGATAGCGACAT,0,5183517
yqjE_yqjK_yqjD_yqjC_predicted,0.3333333333333333,2,2,GATGTTACACCTGGGTAGTC,0,5227450
yqjE_yqjK_yqjD_yqjC_predicted,0.3333333333333333,2,2,GATGTCTCGGGGTCTGGGCT,0,5172590
yqjE_yqjK_yqjD_yqjC_predicted,0.3333333333333333,2,2,GATGGGAGTCGTGAGCAAAC,0,5178300
yqjE_yqjK_yqjD_yqjC_predicted,0.3333333333333333,2,2,GATGGAGAGCGGACGTATAA,0,5248896
yqjE_yqjK_yqjD_yqjC_predicted,0.3333333333333333,2,2,GATGCTCGAACGGACAAGTC,0,5195477
yqjE_yqjK_yqjD_yqjC_predicted,0.3333333333333333,2,2,GATGATTATTTCGCGTGTCC,0,5239943
yqjE_yqjK_yqjD_yqjC_predicted,0.3333333333333333,2,2,GATGACGCAAACCATTGCCG,0,5202035
yqjE_yqjK_yqjD_yqjC_predicted,0.3333333333333333,2,2,GATGACAAGTAAAGAAGCGT,0,5248785
yqjE_yqjK_yqjD_yqjC_predicted,0.3333333333333333,2,2,GATGAACGACCGCCAGGCGA,0,5252127
yqjE_yqjK_yqjD_yqjC_predicted,0.3333333333333333,2,2,GATCTTTACCCATACACGGC,0,5258761
yqjE_yqjK_yqjD_yqjC_predicted,0.3333333333333333,2,2,GATCTGAGTAGGATGAGTCT,0,5174650
yqjE_yqjK_yqjD_yqjC_predicted,0.3333333333333333,2,2,GATCTCGGCTGACTGATGAG,0,5210733
yqjE_yqjK_yqjD_yqjC_predicted,0.3333333333333333,2,2,GATCTCCAAGGCGATTTTCA,0,5228318
yqjE_yqjK_yqjD_yqjC_predicted,0.3333333333333333,2,2,GATCGTCTTTGACGTGCTCT,0,5185906
yqjE_yqjK_yqjD_yqjC_predicted,0.3333333333333333,2,2,GATCGTACCATCGTCTCCAC,0,5250458
yqjE_yqjK_yqjD_yqjC_predicted,0.3333333333333333,2,2,GATCCTTTAATCGGTTCCTT,0,5172763
yqjE_yqjK_yqjD_yqjC_predicted,0.3333333333333333,2,2,GATCCTACTAAGCGCCGCCC,0,5182307
yqjE_yqjK_yqjD_yqjC_predicted,0.3333333333333333,2,2,GATCCGTGGGGCATATAGGC,0,5174158
yqjE_yqjK_yqjD_yqjC_predicted,0.3333333333333333,2,2,GATCCCGCACAAAACTTTTC,0,5223736
yqjE_yqjK_yqjD_yqjC_predicted,0.3333333333333333,2,2,GATCAGGCACTCGTAGGGCA,0,5208527
yqjE_yqjK_yqjD_yqjC_predicted,0.3333333333333333,2,2,GATATGCGGAGAGCCTTTTC,0,5256989
yqjE_yqjK_yqjD_yqjC_predicted,0.3333333333333333,2,2,GATATGAGTCTATAATCTGG,0,5191241
yqjE_yqjK_yqjD_yqjC_predicted,0.3333333333333333,2,2,GATAGGTCAGGTCCCTTTAA,0,5192627
yqjE_yqjK_yqjD_yqjC_predicted,0.3333333333333333,2,2,GATAGCCAAGTGTCTAACAC,0,5187945
yqjE_yqjK_yqjD_yqjC_predicted,0.3333333333333333,2,2,GATAGCATAGGTGTGTGTGA,0,5178084
yqjE_yqjK_yqjD_yqjC_predicted,0.3333333333333333,2,2,GATAAGATTTCACCCGGGCA,0,5244515
yqjE_yqjK_yqjD_yqjC_predicted,0.3333333333333333,2,2,GATAAGAACCCCTGATGCAA,0,5257523
yqjE_yqjK_yqjD_yqjC_predicted,0.3333333333333333,2,2,GATAAACGGTGTTGCTTTTG,0,5244249
yqjE_yqjK_yqjD_yqjC_predicted,0.3333333333333333,2,2,GAGTTTGTAGGACATGTAAG,0,5227650
yqjE_yqjK_yqjD_yqjC_predicted,0.3333333333333333,2,2,GAGTTATAATATGTTCAAAT,0,5247812
yqjE_yqjK_yqjD_yqjC_predicted,0.3333333333333333,2,2,GAGTGATTCGTTGCGATCGT,0,5233963
yqjE_yqjK_yqjD_yqjC_predicted,0.3333333333333333,2,2,GAGTGACCCAATCCACAGTT,0,5182948
yqjE_yqjK_yqjD_yqjC_predicted,0.3333333333333333,2,2,GAGTCGTGAACGCCGAGGAA,0,5209168
yqjE_yqjK_yqjD_yqjC_predicted,0.3333333333333333,2,2,GAGTAGAGCTACGTGCCTAA,0,5226297
yqjE_yqjK_yqjD_yqjC_predicted,0.3333333333333333,2,2,GAGTAACCTCCTAGGCAGAA,0,5238587
yqjE_yqjK_yqjD_yqjC_predicted,0.3333333333333333,2,2,GAGGTTTTCATCCAGAACAA,0,5246502
yqjE_yqjK_yqjD_yqjC_predicted,0.3333333333333333,2,2,GAGGGATGACGCACTACACC,0,5229971
yqjE_yqjK_yqjD_yqjC_predicted,0.3333333333333333,2,2,GAGGGATCAGCTAGGAGACC,0,5209956
yqjE_yqjK_yqjD_yqjC_predicted,0.3333333333333333,2,2,GAGGCTTACCGTGACGACAA,0,5231135
yqjE_yqjK_yqjD_yqjC_predicted,0.3333333333333333,2,2,GAGGCGAGACTATGGTAGGC,0,5211291
yqjE_yqjK_yqjD_yqjC_predicted,0.3333333333333333,2,2,GAGGCAGGAACTACAACCTT,0,5208710
yqjE_yqjK_yqjD_yqjC_predicted,0.3333333333333333,2,2,GAGGATGGAGCTACGAGGTG,0,5235040
yqjE_yqjK_yqjD_yqjC_predicted,0.3333333333333333,2,2,GAGGATAGATTATAGGGGCA,0,5173069
yqjE_yqjK_yqjD_yqjC_predicted,0.3333333333333333,2,2,GAGGAATCCTCCATGATGAA,0,5243753
yqjE_yqjK_yqjD_yqjC_predicted,0.3333333333333333,2,2,GAGCTAGACTCGTGCAACTC,0,5211308
yqjE_yqjK_yqjD_yqjC_predicted,0.3333333333333333,2,2,GAGCGGGATCCCCCGTTTTG,0,5247144
yqjE_yqjK_yqjD_yqjC_predicted,0.3333333333333333,2,2,GAGCGGCCTGTAGGGTAAAT,0,5236752
yqjE_yqjK_yqjD_yqjC_predicted,0.3333333333333333,2,2,GAGCGGACCTCGGGACCTTA,0,5230665
yqjE_yqjK_yqjD_yqjC_predicted,0.3333333333333333,2,2,GAGCGCCGGGCAACTTGCCG,0,5207486
yqjE_yqjK_yqjD_yqjC_predicted,0.3333333333333333,2,2,GAGCGCCACCCCGTATCGGG,0,5226549
yqjE_yqjK_yqjD_yqjC_predicted,0.3333333333333333,2,2,GAGCCGTGTAGTGGGTGTCA,0,5248715
yqjE_yqjK_yqjD_yqjC_predicted,0.3333333333333333,2,2,GAGCCGGTTAGCTCTCGGTT,0,5228964
yqjE_yqjK_yqjD_yqjC_predicted,0.3333333333333333,2,2,GAGCCAAGACAGCCCTAGCA,0,5193511
yqjE_yqjK_yqjD_yqjC_predicted,0.3333333333333333,2,2,GAGCAAACTTTAAATTTCGG,0,5255585
yqjE_yqjK_yqjD_yqjC_predicted,0.3333333333333333,2,2,GAGATGATCATTCGGATTAT,0,5190053
yqjE_yqjK_yqjD_yqjC_predicted,0.3333333333333333,2,2,GAGAGATACGGCAACTTTAA,0,5221413
yqjE_yqjK_yqjD_yqjC_predicted,0.3333333333333333,2,2,GAGACTGGCGCACGGCTACA,0,5179596
yqjE_yqjK_yqjD_yqjC_predicted,0.3333333333333333,2,2,GAGACTCGCTCTACGTCCCG,0,5213944
yqjE_yqjK_yqjD_yqjC_predicted,0.3333333333333333,2,2,GAGAATTAGCCTAGCTCCTT,0,5234086
yqjE_yqjK_yqjD_yqjC_predicted,0.3333333333333333,2,2,GAGAAGTAGGTCCTATGGGG,0,5234405
yqjE_yqjK_yqjD_yqjC_predicted,0.3333333333333333,2,2,GAGAAACCCTGGGTAGAACC,0,5252972
yqjE_yqjK_yqjD_yqjC_predicted,0.3333333333333333,2,2,GAGAAAACGACCCCACAATA,0,5256465
yqjE_yqjK_yqjD_yqjC_predicted,0.3333333333333333,2,2,GACTGGCCCCGGGTCAACTC,0,5221124
yqjE_yqjK_yqjD_yqjC_predicted,0.3333333333333333,2,2,GACTGAATAGGAAGGATAGC,0,5202960
yqjE_yqjK_yqjD_yqjC_predicted,0.3333333333333333,2,2,GACTGAACAATAATCTATGC,0,5177835
yqjE_yqjK_yqjD_yqjC_predicted,0.3333333333333333,2,2,GACTCTTCATATCGACGAGA,0,5185384
yqjE_yqjK_yqjD_yqjC_predicted,0.3333333333333333,2,2,GACTCCGGAGGCAGCAGTGT,0,5254546
yqjE_yqjK_yqjD_yqjC_predicted,0.3333333333333333,2,2,GACTATACACTTACCCTACG,0,5204985
yqjE_yqjK_yqjD_yqjC_predicted,0.3333333333333333,2,2,GACTACCAGAATTCGATCAT,0,5175091
yqjE_yqjK_yqjD_yqjC_predicted,0.3333333333333333,2,2,GACGTGGGAAGGTGATCGTG,0,5256438
yqjE_yqjK_yqjD_yqjC_predicted,0.3333333333333333,2,2,GACGTGATGTGTCAGAAGAG,0,5180588
yqjE_yqjK_yqjD_yqjC_predicted,0.3333333333333333,2,2,GACGGGATCTTAAACGGTTT,0,5204032
yqjE_yqjK_yqjD_yqjC_predicted,0.3333333333333333,2,2,GACGGGACAGGTTCTTGCAT,0,5203597
yqjE_yqjK_yqjD_yqjC_predicted,0.3333333333333333,2,2,GACGGAGCCCGGACGGCTCA,0,5219977
yqjE_yqjK_yqjD_yqjC_predicted,0.3333333333333333,2,2,GACGCTAGCGACAGGATTAG,0,5253396
yqjE_yqjK_yqjD_yqjC_predicted,0.3333333333333333,2,2,GACCTAGTCGATTTGTTAGT,0,5261237
yqjE_yqjK_yqjD_yqjC_predicted,0.3333333333333333,2,2,GACCCTCGGACGACAAAGAA,0,5238470
yqjE_yqjK_yqjD_yqjC_predicted,0.3333333333333333,2,2,GACCCTAGGTCAACGGTGGC,0,5244431
yqjE_yqjK_yqjD_yqjC_predicted,0.3333333333333333,2,2,GACCAACGGCGTAGCGGGTT,0,5195997
yqjE_yqjK_yqjD_yqjC_predicted,0.3333333333333333,2,2,GACAGGTTGGGTTATGGTCC,0,5191739
yqjE_yqjK_yqjD_yqjC_predicted,0.3333333333333333,2,2,GACAGCCGGGTTGTGACTTA,0,5217609
yqjE_yqjK_yqjD_yqjC_predicted,0.3333333333333333,2,2,GACAGAGTAATGTAAGGACA,0,5181484
yqjE_yqjK_yqjD_yqjC_predicted,0.3333333333333333,2,2,GACAGAGAGGACCGGCTCAT,0,5171016
yqjE_yqjK_yqjD_yqjC_predicted,0.3333333333333333,2,2,GACACCACCATACAGTGCCT,0,5227269
yqjE_yqjK_yqjD_yqjC_predicted,0.3333333333333333,2,2,GAATTGTTCCCTAGGTCGCA,0,5231571
yqjE_yqjK_yqjD_yqjC_predicted,0.3333333333333333,2,2,GAATTGGGCGCGTTGGGACA,0,5173613
yqjE_yqjK_yqjD_yqjC_predicted,0.3333333333333333,2,2,GAATTGCATGGTTTCGATGC,0,5213523
yqjE_yqjK_yqjD_yqjC_predicted,0.3333333333333333,2,2,GAATTCGCATCCAGTCGTTA,0,5217336
yqjE_yqjK_yqjD_yqjC_predicted,0.3333333333333333,2,2,GAATTACCTGGCGCATTATG,0,5222906
yqjE_yqjK_yqjD_yqjC_predicted,0.3333333333333333,2,2,GAATGATTCCCTTGGCCAGC,0,5260308
yqjE_yqjK_yqjD_yqjC_predicted,0.3333333333333333,2,2,GAATCGTTTAGACTTGCGCT,0,5194490
yqjE_yqjK_yqjD_yqjC_predicted,0.3333333333333333,2,2,GAATCGACAGCGGAGGTGTG,0,5212334
yqjE_yqjK_yqjD_yqjC_predicted,0.3333333333333333,2,2,GAATCATGGGTGACGTAAGC,0,5248190
yqjE_yqjK_yqjD_yqjC_predicted,0.3333333333333333,2,2,GAATCACTCCGGAACTTCCG,0,5247824
yqjE_yqjK_yqjD_yqjC_predicted,0.3333333333333333,2,2,GAATACGTCTCTGTATCAGA,0,5206596
yqjE_yqjK_yqjD_yqjC_predicted,0.3333333333333333,2,2,GAATACCTATCCCAGTTTAC,0,5259769
yqjE_yqjK_yqjD_yqjC_predicted,0.3333333333333333,2,2,GAATACACGACCGATTCTTG,0,5215178
yqjE_yqjK_yqjD_yqjC_predicted,0.3333333333333333,2,2,GAAGGGGTTTTAACCTATCC,0,5238412
yqjE_yqjK_yqjD_yqjC_predicted,0.3333333333333333,2,2,GAAGGGCTGGGCCTCCTCGT,0,5228819
yqjE_yqjK_yqjD_yqjC_predicted,0.3333333333333333,2,2,GAAGGATACAAGGCGTATCT,0,5221352
yqjE_yqjK_yqjD_yqjC_predicted,0.3333333333333333,2,2,GAAGGACTATGATATACTAG,0,5239903
yqjE_yqjK_yqjD_yqjC_predicted,0.3333333333333333,2,2,GAAGCGCCCCGGTAAATCAA,0,5187137
yqjE_yqjK_yqjD_yqjC_predicted,0.3333333333333333,2,2,GAAGAACAACTCGCACGTCG,0,5172765
yqjE_yqjK_yqjD_yqjC_predicted,0.3333333333333333,2,2,GAAGAAAACAATGATTGGGT,0,5192066
yqjE_yqjK_yqjD_yqjC_predicted,0.3333333333333333,2,2,GAACTAAACAGGTAGCGGCG,0,5237925
yqjE_yqjK_yqjD_yqjC_predicted,0.3333333333333333,2,2,GAACGGGGCACTGTTTGGGT,0,5254590
yqjE_yqjK_yqjD_yqjC_predicted,0.3333333333333333,2,2,GAACGAGTGCAAGTCTCTCT,0,5217919
yqjE_yqjK_yqjD_yqjC_predicted,0.3333333333333333,2,2,GAACGAAAGCCTATACACGC,0,5243067
yqjE_yqjK_yqjD_yqjC_predicted,0.3333333333333333,2,2,GAACCCATTCGTATAATAAA,0,5229267
yqjE_yqjK_yqjD_yqjC_predicted,0.3333333333333333,2,2,GAACATTGAGAGCCTCTTGG,0,5242002
yqjE_yqjK_yqjD_yqjC_predicted,0.3333333333333333,2,2,GAACATCCGCTGGTCAAGAT,0,5187119
yqjE_yqjK_yqjD_yqjC_predicted,0.3333333333333333,2,2,GAAATGCTTCCGGGGATCCA,0,5177790
yqjE_yqjK_yqjD_yqjC_predicted,0.3333333333333333,2,2,GAAATCTTACTTTCAGGCGG,0,5236386
yqjE_yqjK_yqjD_yqjC_predicted,0.3333333333333333,2,2,GAAATACTGGCAGACCCTGG,0,5243173
yqjE_yqjK_yqjD_yqjC_predicted,0.3333333333333333,2,2,GAAAGTATAAATGTATCGCT,0,5207355
yqjE_yqjK_yqjD_yqjC_predicted,0.3333333333333333,2,2,GAAAGGGTGGAAGTTCCTAG,0,5173176
yqjE_yqjK_yqjD_yqjC_predicted,0.3333333333333333,2,2,GAAAGCAGTGCCGATAAGCC,0,5213627
yqjE_yqjK_yqjD_yqjC_predicted,0.3333333333333333,2,2,GAAACTTTCATCTCGTAAAA,0,5250813
yqjE_yqjK_yqjD_yqjC_predicted,0.3333333333333333,2,2,GAAACGACGGCGACTGTAAC,0,5214575
yqjE_yqjK_yqjD_yqjC_predicted,0.3333333333333333,2,2,GAAAACCGTGCCGGGACTCT,0,5196249
yqjE_yqjK_yqjD_yqjC_predicted,0.3333333333333333,2,2,GAAAACCCCAGAGATGCTTC,0,5203669
yqjE_yqjK_yqjD_yqjC_predicted,0.3333333333333333,2,2,CTTTTGGTCACTATCATATA,0,5191880
yqjE_yqjK_yqjD_yqjC_predicted,0.3333333333333333,2,2,CTTTTCTTATACTATTAGAC,0,5172804
yqjE_yqjK_yqjD_yqjC_predicted,0.3333333333333333,2,2,CTTTTCAGATGTGTGAAGCA,0,5225897
yqjE_yqjK_yqjD_yqjC_predicted,0.3333333333333333,2,2,CTTTTATAAGCACGTGCTCA,0,5219989
yqjE_yqjK_yqjD_yqjC_predicted,0.3333333333333333,2,2,CTTTTAGGTTACGGTTTATT,0,5237310
yqjE_yqjK_yqjD_yqjC_predicted,0.3333333333333333,2,2,CTTTGCAGAGCGCGCGCGGC,0,5239690
yqjE_yqjK_yqjD_yqjC_predicted,0.3333333333333333,2,2,CTTTCGAACAACCCTGGGTC,0,5188466
yqjE_yqjK_yqjD_yqjC_predicted,0.3333333333333333,2,2,CTTTCCGGATCTCCAGGTCG,0,5259083
yqjE_yqjK_yqjD_yqjC_predicted,0.3333333333333333,2,2,CTTTAGGCAATTGGCAGCGG,0,5187753
yqjE_yqjK_yqjD_yqjC_predicted,0.3333333333333333,2,2,CTTTACCGCTCTTTCACTAC,0,5231488
yqjE_yqjK_yqjD_yqjC_predicted,0.3333333333333333,2,2,CTTGTCCGAACCGTTGGAGA,0,5260684
yqjE_yqjK_yqjD_yqjC_predicted,0.3333333333333333,2,2,CTTGTATGTTGTGAGAGATC,0,5184677
yqjE_yqjK_yqjD_yqjC_predicted,0.3333333333333333,2,2,CTTGTAAGGCACTATAAGGG,0,5222487
yqjE_yqjK_yqjD_yqjC_predicted,0.3333333333333333,2,2,CTTGGGGTATGGTATGGATT,0,5205201
yqjE_yqjK_yqjD_yqjC_predicted,0.3333333333333333,2,2,CTTGGCCTAAGATAGACTTG,0,5214850
yqjE_yqjK_yqjD_yqjC_predicted,0.3333333333333333,2,2,CTTGGATAGGCAGCACATCT,0,5184929
yqjE_yqjK_yqjD_yqjC_predicted,0.3333333333333333,2,2,CTTGCGCACAAGGCATTACT,0,5192246
yqjE_yqjK_yqjD_yqjC_predicted,0.3333333333333333,2,2,CTTGCGCAACAATCATGGCA,0,5253173
yqjE_yqjK_yqjD_yqjC_predicted,0.3333333333333333,2,2,CTTGCCGCGTTTTTTGAGTC,0,5222527
yqjE_yqjK_yqjD_yqjC_predicted,0.3333333333333333,2,2,CTTGACGCGAGTCAAGAAGG,0,5227748
yqjE_yqjK_yqjD_yqjC_predicted,0.3333333333333333,2,2,CTTGAACGTTCTAATCAAGA,0,5171866
yqjE_yqjK_yqjD_yqjC_predicted,0.3333333333333333,2,2,CTTCTCCCGGAACTGTCCAT,0,5252520
yqjE_yqjK_yqjD_yqjC_predicted,0.3333333333333333,2,2,CTTCGGCTTGTAGGCTTACT,0,5190636
yqjE_yqjK_yqjD_yqjC_predicted,0.3333333333333333,2,2,CTTCGCGAGGTATGTACCCT,0,5256603
yqjE_yqjK_yqjD_yqjC_predicted,0.3333333333333333,2,2,CTTCCTGCAAATTCAACTGT,0,5179939
yqjE_yqjK_yqjD_yqjC_predicted,0.3333333333333333,2,2,CTTCCCTTGAAACCATCTGT,0,5183365
yqjE_yqjK_yqjD_yqjC_predicted,0.3333333333333333,2,2,CTTCCCGGATGCCCTTACGA,0,5199753
yqjE_yqjK_yqjD_yqjC_predicted,0.3333333333333333,2,2,CTTCATACGGGTCACATCTA,0,5247014
yqjE_yqjK_yqjD_yqjC_predicted,0.3333333333333333,2,2,CTTCAACGTGAGAGACTATT,0,5204863
yqjE_yqjK_yqjD_yqjC_predicted,0.3333333333333333,2,2,CTTACACTTTGTGTTCAGGA,0,5233596
yqjE_yqjK_yqjD_yqjC_predicted,0.3333333333333333,2,2,CTTACACTAGGGGTCAAGAG,0,5243809
yqjE_yqjK_yqjD_yqjC_predicted,0.3333333333333333,2,2,CTTACACGAACATTACGTGC,0,5179785
yqjE_yqjK_yqjD_yqjC_predicted,0.3333333333333333,2,2,CTTAATAAGATGACCATCCA,0,5184977
yqjE_yqjK_yqjD_yqjC_predicted,0.3333333333333333,2,2,CTTAATAAAAAATAAAGGAG,0,5253551
yqjE_yqjK_yqjD_yqjC_predicted,0.3333333333333333,2,2,CTGTTGGTGGTTTCCTAGAC,0,5183957
yqjE_yqjK_yqjD_yqjC_predicted,0.3333333333333333,2,2,CTGTGTCTTGCTTAGACCCA,0,5178333
yqjE_yqjK_yqjD_yqjC_predicted,0.3333333333333333,2,2,CTGTGGAAAGGCCAAAGTTG,0,5197072
yqjE_yqjK_yqjD_yqjC_predicted,0.3333333333333333,2,2,CTGTCTTCGTTGTGACGTAC,0,5243104
yqjE_yqjK_yqjD_yqjC_predicted,0.3333333333333333,2,2,CTGTCTTCCCTATGAACATT,0,5177612
yqjE_yqjK_yqjD_yqjC_predicted,0.3333333333333333,2,2,CTGTCTGATGTAGGGAAGGC,0,5205086
yqjE_yqjK_yqjD_yqjC_predicted,0.3333333333333333,2,2,CTGTCGCGACTTCTTAGAAA,0,5172402
yqjE_yqjK_yqjD_yqjC_predicted,0.3333333333333333,2,2,CTGTAGCCTTTGAAGCGCTG,0,5187701
yqjE_yqjK_yqjD_yqjC_predicted,0.3333333333333333,2,2,CTGGTTACGATCTGTACATT,0,5240729
yqjE_yqjK_yqjD_yqjC_predicted,0.3333333333333333,2,2,CTGGTGTCTCGAAGTAAAAT,0,5221764
yqjE_yqjK_yqjD_yqjC_predicted,0.3333333333333333,2,2,CTGGTGAGAAAGCAGTGCGA,0,5199475
yqjE_yqjK_yqjD_yqjC_predicted,0.3333333333333333,2,2,CTGGTAAGCAACCGCTAACA,0,5213057
yqjE_yqjK_yqjD_yqjC_predicted,0.3333333333333333,2,2,CTGGGGTTAGAACCAGGTTC,0,5177005
yqjE_yqjK_yqjD_yqjC_predicted,0.3333333333333333,2,2,CTGGGGGGCCACCCCTTCTA,0,5251981
yqjE_yqjK_yqjD_yqjC_predicted,0.3333333333333333,2,2,CTGGCAGGGATTGAGAGGGT,0,5207555
yqjE_yqjK_yqjD_yqjC_predicted,0.3333333333333333,2,2,CTGGCACGGACGCGTTTTAT,0,5238177
yqjE_yqjK_yqjD_yqjC_predicted,0.3333333333333333,2,2,CTGGAGGGTAAGCAACAAAC,0,5198705
yqjE_yqjK_yqjD_yqjC_predicted,0.3333333333333333,2,2,CTGCTATGACCTGCGCGAAG,0,5258145
yqjE_yqjK_yqjD_yqjC_predicted,0.3333333333333333,2,2,CTGCGTTATCACGATTTGTA,0,5259206
yqjE_yqjK_yqjD_yqjC_predicted,0.3333333333333333,2,2,CTGCGTCTCGATATGGTTGC,0,5180051
yqjE_yqjK_yqjD_yqjC_predicted,0.3333333333333333,2,2,CTGCCCTCTTTTTTGGATCC,0,5253366
yqjE_yqjK_yqjD_yqjC_predicted,0.3333333333333333,2,2,CTGCCCTAAGGGCGGATAAG,0,5221121
yqjE_yqjK_yqjD_yqjC_predicted,0.3333333333333333,2,2,CTGCCCTAAAATTAACTCTG,0,5195338
yqjE_yqjK_yqjD_yqjC_predicted,0.3333333333333333,2,2,CTGCATTCACATCAAGGTCA,0,5237674
yqjE_yqjK_yqjD_yqjC_predicted,0.3333333333333333,2,2,CTGCATAATGGCATTCCCAC,0,5237828
yqjE_yqjK_yqjD_yqjC_predicted,0.3333333333333333,2,2,CTGATGTGGGTTCACCTTAT,0,5212024
yqjE_yqjK_yqjD_yqjC_predicted,0.3333333333333333,2,2,CTGAGGTCGTCTCAGTGGTT,0,5256698
yqjE_yqjK_yqjD_yqjC_predicted,0.3333333333333333,2,2,CTGAGATAGAATCACCCGTG,0,5241911
yqjE_yqjK_yqjD_yqjC_predicted,0.3333333333333333,2,2,CTGAGACGCGACCGAGCTAT,0,5226834
yqjE_yqjK_yqjD_yqjC_predicted,0.3333333333333333,2,2,CTGAGACCCAGACACTTTAC,0,5244835
yqjE_yqjK_yqjD_yqjC_predicted,0.3333333333333333,2,2,CTGACCGTTCCGCTATGGCT,0,5211608
yqjE_yqjK_yqjD_yqjC_predicted,0.3333333333333333,2,2,CTGACACGATCTTCAGTAGA,0,5231001
yqjE_yqjK_yqjD_yqjC_predicted,0.3333333333333333,2,2,CTGAATGGCACGCTGTTTTT,0,5198106
yqjE_yqjK_yqjD_yqjC_predicted,0.3333333333333333,2,2,CTGAAGCGATGCGGAACGTT,0,5252208
yqjE_yqjK_yqjD_yqjC_predicted,0.3333333333333333,2,2,CTGAACTATGACCACAGCGG,0,5215029
yqjE_yqjK_yqjD_yqjC_predicted,0.3333333333333333,2,2,CTGAAAATAGCGAGGAAGGA,0,5198343
yqjE_yqjK_yqjD_yqjC_predicted,0.3333333333333333,2,2,CTCTTGAGGGAATTTACGAC,0,5176788
yqjE_yqjK_yqjD_yqjC_predicted,0.3333333333333333,2,2,CTCTGTCGGGATCGCGTCAG,0,5229717
yqjE_yqjK_yqjD_yqjC_predicted,0.3333333333333333,2,2,CTCTGGTAAGCGAGGGGGAG,0,5219220
yqjE_yqjK_yqjD_yqjC_predicted,0.3333333333333333,2,2,CTCTGCACATGCCCTTTTAT,0,5235203
yqjE_yqjK_yqjD_yqjC_predicted,0.3333333333333333,2,2,CTCTGCAAATCCTGCCAACA,0,5216615
yqjE_yqjK_yqjD_yqjC_predicted,0.3333333333333333,2,2,CTCTGCAAACATGAAAGCGC,0,5225622
yqjE_yqjK_yqjD_yqjC_predicted,0.3333333333333333,2,2,CTCTATCTTAGAGCGATCCT,0,5249342
yqjE_yqjK_yqjD_yqjC_predicted,0.3333333333333333,2,2,CTCTATACTCATCAATCCAC,0,5191342
yqjE_yqjK_yqjD_yqjC_predicted,0.3333333333333333,2,2,CTCTACGAACCTGCATGTGT,0,5261987
yqjE_yqjK_yqjD_yqjC_predicted,0.3333333333333333,2,2,CTCTAACGCTAAGTGCTTAT,0,5258993
yqjE_yqjK_yqjD_yqjC_predicted,0.3333333333333333,2,2,CTCGTGTATGGTACATCGTG,0,5189975
yqjE_yqjK_yqjD_yqjC_predicted,0.3333333333333333,2,2,CTCGTCAGCAGCCTAACTTT,0,5201372
yqjE_yqjK_yqjD_yqjC_predicted,0.3333333333333333,2,2,CTCGTCAGACGGGGCGAATT,0,5208272
yqjE_yqjK_yqjD_yqjC_predicted,0.3333333333333333,2,2,CTCGGTGAGTGTTGGGATCT,0,5224565
yqjE_yqjK_yqjD_yqjC_predicted,0.3333333333333333,2,2,CTCGCACATCCCCTTTCTGC,0,5182311
yqjE_yqjK_yqjD_yqjC_predicted,0.3333333333333333,2,2,CTCGATATCCACACGGCCGT,0,5231398
yqjE_yqjK_yqjD_yqjC_predicted,0.3333333333333333,2,2,CTCGAAATCAGATCGTTCAC,0,5231711
yqjE_yqjK_yqjD_yqjC_predicted,0.3333333333333333,2,2,CTCCGGATGGCTGGCACATA,0,5240916
yqjE_yqjK_yqjD_yqjC_predicted,0.3333333333333333,2,2,CTCCCGTGACGGCCACCAAT,0,5238239
yqjE_yqjK_yqjD_yqjC_predicted,0.3333333333333333,2,2,CTCCATACGAGTGGGATATG,0,5189330
yqjE_yqjK_yqjD_yqjC_predicted,0.3333333333333333,2,2,CTCCAGGATTTTGTAATAAA,0,5244580
yqjE_yqjK_yqjD_yqjC_predicted,0.3333333333333333,2,2,CTCCAACCGGCCCTGTGATC,0,5234127
yqjE_yqjK_yqjD_yqjC_predicted,0.3333333333333333,2,2,CTCATCGGCCCAGCCTCTTG,0,5197156
yqjE_yqjK_yqjD_yqjC_predicted,0.3333333333333333,2,2,CTCATACGGATCCCGCTATT,0,5233350
yqjE_yqjK_yqjD_yqjC_predicted,0.3333333333333333,2,2,CTCATAACAAGGTGCCGGAC,0,5213620
yqjE_yqjK_yqjD_yqjC_predicted,0.3333333333333333,2,2,CTCAGGGTTGATTGACAGGT,0,5250285
yqjE_yqjK_yqjD_yqjC_predicted,0.3333333333333333,2,2,CTCAGGAGGTTAAATCTAGT,0,5181014
yqjE_yqjK_yqjD_yqjC_predicted,0.3333333333333333,2,2,CTCACAGGCGGCTTTAAACA,0,5209288
yqjE_yqjK_yqjD_yqjC_predicted,0.3333333333333333,2,2,CTCACAGCGAGTATGTCGGT,0,5234561
yqjE_yqjK_yqjD_yqjC_predicted,0.3333333333333333,2,2,CTCAATATCGGGTGCATATC,0,5180490
yqjE_yqjK_yqjD_yqjC_predicted,0.3333333333333333,2,2,CTCAAGGCGTTAAGTGCGAA,0,5220123
yqjE_yqjK_yqjD_yqjC_predicted,0.3333333333333333,2,2,CTCAAAATTCGTTGGACAGA,0,5229451
yqjE_yqjK_yqjD_yqjC_predicted,0.3333333333333333,2,2,CTATTTAGTACCGGTATAAA,0,5187575
yqjE_yqjK_yqjD_yqjC_predicted,0.3333333333333333,2,2,CTATGGGCGGCACTGTGGAA,0,5184714
yqjE_yqjK_yqjD_yqjC_predicted,0.3333333333333333,2,2,CTATGGAGTTAGATGGGAAG,0,5179994
yqjE_yqjK_yqjD_yqjC_predicted,0.3333333333333333,2,2,CTATCTTGGTAAAGTTTCTA,0,5234681
yqjE_yqjK_yqjD_yqjC_predicted,0.3333333333333333,2,2,CTATCGTGGGGGGAGCACTT,0,5191801
yqjE_yqjK_yqjD_yqjC_predicted,0.3333333333333333,2,2,CTAGTGCGGAGAGAAAGCGA,0,5199287
yqjE_yqjK_yqjD_yqjC_predicted,0.3333333333333333,2,2,CTAGTCACACGGACCGACAC,0,5227820
yqjE_yqjK_yqjD_yqjC_predicted,0.3333333333333333,2,2,CTAGTATATTGAAAAGGCCC,0,5216169
yqjE_yqjK_yqjD_yqjC_predicted,0.3333333333333333,2,2,CTAGGGGTGCCCCACTCTAT,0,5186507
yqjE_yqjK_yqjD_yqjC_predicted,0.3333333333333333,2,2,CTAGGCTCCCAGTCAGTACT,0,5212405
yqjE_yqjK_yqjD_yqjC_predicted,0.3333333333333333,2,2,CTAGGCCGGCAGGCTCCGAT,0,5226871
yqjE_yqjK_yqjD_yqjC_predicted,0.3333333333333333,2,2,CTAGGAGTCAGGTGTACATA,0,5219830
yqjE_yqjK_yqjD_yqjC_predicted,0.3333333333333333,2,2,CTAGGAATTGGAACGGTAAT,0,5231602
yqjE_yqjK_yqjD_yqjC_predicted,0.3333333333333333,2,2,CTAGCCAATTATTGGGTCTT,0,5176389
yqjE_yqjK_yqjD_yqjC_predicted,0.3333333333333333,2,2,CTAGCAGGTATGCTCGTATA,0,5200013
yqjE_yqjK_yqjD_yqjC_predicted,0.3333333333333333,2,2,CTACTTTACTTTATTGCAAC,0,5232152
yqjE_yqjK_yqjD_yqjC_predicted,0.3333333333333333,2,2,CTACTTTACTCCTCTTTTTC,0,5196325
yqjE_yqjK_yqjD_yqjC_predicted,0.3333333333333333,2,2,CTACCGCCCCATATGACACG,0,5255346
yqjE_yqjK_yqjD_yqjC_predicted,0.3333333333333333,2,2,CTACCACGATACCCGGCGAA,0,5235045
yqjE_yqjK_yqjD_yqjC_predicted,0.3333333333333333,2,2,CTACCAATAATTTTGGGGAA,0,5244986
yqjE_yqjK_yqjD_yqjC_predicted,0.3333333333333333,2,2,CTACCAAATTACGGTTGTTC,0,5249940
yqjE_yqjK_yqjD_yqjC_predicted,0.3333333333333333,2,2,CTACACAGTTTCGCCCGAAA,0,5257569
yqjE_yqjK_yqjD_yqjC_predicted,0.3333333333333333,2,2,CTACAACATTTCATATCATC,0,5238054
yqjE_yqjK_yqjD_yqjC_predicted,0.3333333333333333,2,2,CTAATTTCTCTTGAATAGCG,0,5221981
yqjE_yqjK_yqjD_yqjC_predicted,0.3333333333333333,2,2,CTAATTTAAATGTAAGGGTG,0,5216970
yqjE_yqjK_yqjD_yqjC_predicted,0.3333333333333333,2,2,CTAAGTTTCGTGCTCTCTAC,0,5173387
yqjE_yqjK_yqjD_yqjC_predicted,0.3333333333333333,2,2,CTAACTTGGAAATGGCCTTG,0,5238841
yqjE_yqjK_yqjD_yqjC_predicted,0.3333333333333333,2,2,CTAACTATAGGTAGAGATTC,0,5242987
yqjE_yqjK_yqjD_yqjC_predicted,0.3333333333333333,2,2,CTAACGCACCTAGATCAATG,0,5184406
yqjE_yqjK_yqjD_yqjC_predicted,0.3333333333333333,2,2,CTAACAATCTCTTAACGTAG,0,5189027
yqjE_yqjK_yqjD_yqjC_predicted,0.3333333333333333,2,2,CTAAAGTGGAGAAAGTCTGT,0,5196533
yqjE_yqjK_yqjD_yqjC_predicted,0.3333333333333333,2,2,CTAAAAATCTGATAATCCTA,0,5232196
yqjE_yqjK_yqjD_yqjC_predicted,0.3333333333333333,2,2,CGTTTTCCCACTGCGTAGTT,0,5224449
yqjE_yqjK_yqjD_yqjC_predicted,0.3333333333333333,2,2,CGTTTTCAGCATACGGGAAT,0,5257317
yqjE_yqjK_yqjD_yqjC_predicted,0.3333333333333333,2,2,CGTTTGTGCTCAGGCTGTAC,0,5238810
yqjE_yqjK_yqjD_yqjC_predicted,0.3333333333333333,2,2,CGTTTAAATTGGTTCTATGT,0,5215929
yqjE_yqjK_yqjD_yqjC_predicted,0.3333333333333333,2,2,CGTTGTCAGAGGGGGGTAAT,0,5248770
yqjE_yqjK_yqjD_yqjC_predicted,0.3333333333333333,2,2,CGTTGTATGTAGTCGCGCGG,0,5200047
yqjE_yqjK_yqjD_yqjC_predicted,0.3333333333333333,2,2,CGTTGGGTTGTGGGAGGTGT,0,5210953
yqjE_yqjK_yqjD_yqjC_predicted,0.3333333333333333,2,2,CGTTGGGCGCATTTACACGT,0,5184649
yqjE_yqjK_yqjD_yqjC_predicted,0.3333333333333333,2,2,CGTTGCATGACTCAACGCAT,0,5178652
yqjE_yqjK_yqjD_yqjC_predicted,0.3333333333333333,2,2,CGTTGACGTGCTACCAGGTG,0,5241616
yqjE_yqjK_yqjD_yqjC_predicted,0.3333333333333333,2,2,CGTTGACATCGCAACGCTTC,0,5220894
yqjE_yqjK_yqjD_yqjC_predicted,0.3333333333333333,2,2,CGTTCTGGACGTGGTGTTGC,0,5222758
yqjE_yqjK_yqjD_yqjC_predicted,0.3333333333333333,2,2,CGTTCTATCAGAGATTAATT,0,5202639
yqjE_yqjK_yqjD_yqjC_predicted,0.3333333333333333,2,2,CGTTCGCGCTTGTGCATCAC,0,5196836
yqjE_yqjK_yqjD_yqjC_predicted,0.3333333333333333,2,2,CGTTCGCGACACTGATACCA,0,5261454
yqjE_yqjK_yqjD_yqjC_predicted,0.3333333333333333,2,2,CGTTCCAGCCTACAAAAGGT,0,5209098
yqjE_yqjK_yqjD_yqjC_predicted,0.3333333333333333,2,2,CGTTCACAAAGCCGGTGAGT,0,5256075
yqjE_yqjK_yqjD_yqjC_predicted,0.3333333333333333,2,2,CGTTATCGGTCGTTGCCCAT,0,5207371
yqjE_yqjK_yqjD_yqjC_predicted,0.3333333333333333,2,2,CGTTAGTGAAAGATATCCGG,0,5178239
yqjE_yqjK_yqjD_yqjC_predicted,0.3333333333333333,2,2,CGTTACCGGTAGTTCGGTCC,0,5191354
yqjE_yqjK_yqjD_yqjC_predicted,0.3333333333333333,2,2,CGTGTGTCTTATCAGTCTGT,0,5176965
yqjE_yqjK_yqjD_yqjC_predicted,0.3333333333333333,2,2,CGTGTGTACTGCTTGTTGGA,0,5191538
yqjE_yqjK_yqjD_yqjC_predicted,0.3333333333333333,2,2,CGTGTGAGCATCGAAGCCAC,0,5238665
yqjE_yqjK_yqjD_yqjC_predicted,0.3333333333333333,2,2,CGTGTAAGTGTTTTTGTATT,0,5238975
yqjE_yqjK_yqjD_yqjC_predicted,0.3333333333333333,2,2,CGTGGTTTAGACGGCTCTAT,0,5228289
yqjE_yqjK_yqjD_yqjC_predicted,0.3333333333333333,2,2,CGTGGTTAGCTGCTGGATAT,0,5261024
yqjE_yqjK_yqjD_yqjC_predicted,0.3333333333333333,2,2,CGTGGCCTCCTAGAACATCT,0,5180775
yqjE_yqjK_yqjD_yqjC_predicted,0.3333333333333333,2,2,CGTGCCGCACTCTAAGGTCT,0,5179129
yqjE_yqjK_yqjD_yqjC_predicted,0.3333333333333333,2,2,CGTGATCTAGCGCAAAGATG,0,5239121
yqjE_yqjK_yqjD_yqjC_predicted,0.3333333333333333,2,2,CGTCTGGTTCTGTGTGACGC,0,5237535
yqjE_yqjK_yqjD_yqjC_predicted,0.3333333333333333,2,2,CGTCTCTGCATACGCACCGC,0,5213672
yqjE_yqjK_yqjD_yqjC_predicted,0.3333333333333333,2,2,CGTCTCGCTGCACTCAAGCA,0,5220338
yqjE_yqjK_yqjD_yqjC_predicted,0.3333333333333333,2,2,CGTCTCATTGGCGGCCTGGC,0,5250215
yqjE_yqjK_yqjD_yqjC_predicted,0.3333333333333333,2,2,CGTCTAGGTTTGGCAAGGCC,0,5213077
yqjE_yqjK_yqjD_yqjC_predicted,0.3333333333333333,2,2,CGTCTAGCCACAAATGCACG,0,5223824
yqjE_yqjK_yqjD_yqjC_predicted,0.3333333333333333,2,2,CGTCGGCCACACGAAGACAG,0,5189230
yqjE_yqjK_yqjD_yqjC_predicted,0.3333333333333333,2,2,CGTCGCGCGGAGTCCTGCCG,0,5250823
yqjE_yqjK_yqjD_yqjC_predicted,0.3333333333333333,2,2,CGTCGCAACTCGTGCTGTTC,0,5236021
yqjE_yqjK_yqjD_yqjC_predicted,0.3333333333333333,2,2,CGTCGATCGATCACTGCCTA,0,5197956
yqjE_yqjK_yqjD_yqjC_predicted,0.3333333333333333,2,2,CGTCGAGGAGGGCTAGAGAA,0,5219341
yqjE_yqjK_yqjD_yqjC_predicted,0.3333333333333333,2,2,CGTCGAGACTTATAAAGGGT,0,5186508
yqjE_yqjK_yqjD_yqjC_predicted,0.3333333333333333,2,2,CGTCAGTGCAGCGTGTTAAA,0,5242384
yqjE_yqjK_yqjD_yqjC_predicted,0.3333333333333333,2,2,CGTATTTCCCGTTCAATCTT,0,5183895
yqjE_yqjK_yqjD_yqjC_predicted,0.3333333333333333,2,2,CGTATTCGGGTCATAAACGT,0,5219680
yqjE_yqjK_yqjD_yqjC_predicted,0.3333333333333333,2,2,CGTATCTGCCACTGGCGCAG,0,5217566
yqjE_yqjK_yqjD_yqjC_predicted,0.3333333333333333,2,2,CGTAGGGTTCTATTCAACGA,0,5222208
yqjE_yqjK_yqjD_yqjC_predicted,0.3333333333333333,2,2,CGTAATTACGAGTGGAACCC,0,5217976
yqjE_yqjK_yqjD_yqjC_predicted,0.3333333333333333,2,2,CGTAACTTAAGCAGGAACTT,0,5213978
yqjE_yqjK_yqjD_yqjC_predicted,0.3333333333333333,2,2,CGTAACGTCCCATGCTACCT,0,5253325
yqjE_yqjK_yqjD_yqjC_predicted,0.3333333333333333,2,2,CGGTTGCAAACGTTGGGATT,0,5183601
yqjE_yqjK_yqjD_yqjC_predicted,0.3333333333333333,2,2,CGGTGTTAAGGGTGAGCTGA,0,5222841
yqjE_yqjK_yqjD_yqjC_predicted,0.3333333333333333,2,2,CGGTGACAGCCTAGTGCGCC,0,5172985
yqjE_yqjK_yqjD_yqjC_predicted,0.3333333333333333,2,2,CGGTCGCGCGCTCCGTCGCT,0,5239022
yqjE_yqjK_yqjD_yqjC_predicted,0.3333333333333333,2,2,CGGTCCTGGCACCTCCGAAG,0,5236409
yqjE_yqjK_yqjD_yqjC_predicted,0.3333333333333333,2,2,CGGTCCCGAGTTCCATCAAG,0,5229752
yqjE_yqjK_yqjD_yqjC_predicted,0.3333333333333333,2,2,CGGTCCACGATGCTCAAGGG,0,5243283
yqjE_yqjK_yqjD_yqjC_predicted,0.3333333333333333,2,2,CGGTATGGCCACGGACGTCA,0,5205991
yqjE_yqjK_yqjD_yqjC_predicted,0.3333333333333333,2,2,CGGTAAGTACAAAGGTGTAC,0,5255094
yqjE_yqjK_yqjD_yqjC_predicted,0.3333333333333333,2,2,CGGGGTCCCAGTAAAGGTCG,0,5236452
yqjE_yqjK_yqjD_yqjC_predicted,0.3333333333333333,2,2,CGGGGTCACCTACATTTCAA,0,5261703
yqjE_yqjK_yqjD_yqjC_predicted,0.3333333333333333,2,2,CGGGGTAGGGGAAGCAAGGT,0,5217769
yqjE_yqjK_yqjD_yqjC_predicted,0.3333333333333333,2,2,CGGGGCTCGGGGTTCGGGGA,0,5222313
yqjE_yqjK_yqjD_yqjC_predicted,0.3333333333333333,2,2,CGGGGCACGCTGCAGTGTAC,0,5222895
yqjE_yqjK_yqjD_yqjC_predicted,0.3333333333333333,2,2,CGGGGAGCAAGCCGCTATTC,0,5216432
yqjE_yqjK_yqjD_yqjC_predicted,0.3333333333333333,2,2,CGGGCTTGGATTCATCACAG,0,5219230
yqjE_yqjK_yqjD_yqjC_predicted,0.3333333333333333,2,2,CGGGCGCGCTTGGAAGCTGG,0,5211968
yqjE_yqjK_yqjD_yqjC_predicted,0.3333333333333333,2,2,CGGGAGTGGAGCAACAATTT,0,5172447
yqjE_yqjK_yqjD_yqjC_predicted,0.3333333333333333,2,2,CGGGAGCCCCGCATCGGCGT,0,5220474
yqjE_yqjK_yqjD_yqjC_predicted,0.3333333333333333,2,2,CGGGAATTAGGTTCGGGCAA,0,5261264
yqjE_yqjK_yqjD_yqjC_predicted,0.3333333333333333,2,2,CGGGAAGCCTACGCACAAGG,0,5260502
yqjE_yqjK_yqjD_yqjC_predicted,0.3333333333333333,2,2,CGGGAAGACGACTCGGCCCC,0,5178900
yqjE_yqjK_yqjD_yqjC_predicted,0.3333333333333333,2,2,CGGCTTGGTACGCAATTTCC,0,5255455
yqjE_yqjK_yqjD_yqjC_predicted,0.3333333333333333,2,2,CGGCGGCGCATATGAGATTT,0,5206957
yqjE_yqjK_yqjD_yqjC_predicted,0.3333333333333333,2,2,CGGCGGCCTGTTCACGAAGA,0,5243878
yqjE_yqjK_yqjD_yqjC_predicted,0.3333333333333333,2,2,CGGCCGTGGCTGGTGACATA,0,5174140
yqjE_yqjK_yqjD_yqjC_predicted,0.3333333333333333,2,2,CGGCCGTGCAGACAAGCGCA,0,5257530
yqjE_yqjK_yqjD_yqjC_predicted,0.3333333333333333,2,2,CGGCCGAGTTGCAAAAGGAT,0,5212512
yqjE_yqjK_yqjD_yqjC_predicted,0.3333333333333333,2,2,CGGCCCCTGGGCCTACTCCA,0,5205819
yqjE_yqjK_yqjD_yqjC_predicted,0.3333333333333333,2,2,CGGCCCAGACCACTGTTTCA,0,5240020
yqjE_yqjK_yqjD_yqjC_predicted,0.3333333333333333,2,2,CGGCCAAGCAAATCGGACAG,0,5215324
yqjE_yqjK_yqjD_yqjC_predicted,0.3333333333333333,2,2,CGGCACGTTTTAGCCTAATT,0,5191035
yqjE_yqjK_yqjD_yqjC_predicted,0.3333333333333333,2,2,CGGATTTTCGAACTGGGGTT,0,5190255
yqjE_yqjK_yqjD_yqjC_predicted,0.3333333333333333,2,2,CGGATAGGGCTTCAAGACCC,0,5239831
yqjE_yqjK_yqjD_yqjC_predicted,0.3333333333333333,2,2,CGGATAGATGTAGGGATAAC,0,5209751
yqjE_yqjK_yqjD_yqjC_predicted,0.3333333333333333,2,2,CGGAGCTAGTATAACTATAA,0,5234131
yqjE_yqjK_yqjD_yqjC_predicted,0.3333333333333333,2,2,CGGAGAACTGCTTGGATTGG,0,5217265
yqjE_yqjK_yqjD_yqjC_predicted,0.3333333333333333,2,2,CGGACTGTACTGTACTATCC,0,5241101
yqjE_yqjK_yqjD_yqjC_predicted,0.3333333333333333,2,2,CGGACTATAAGGGAAGGATC,0,5252283
yqjE_yqjK_yqjD_yqjC_predicted,0.3333333333333333,2,2,CGGACCCGTCTACTTTTAAA,0,5236372
yqjE_yqjK_yqjD_yqjC_predicted,0.3333333333333333,2,2,CGGACAGAAGGACGGGGGGA,0,5206489
yqjE_yqjK_yqjD_yqjC_predicted,0.3333333333333333,2,2,CGGACACGGGAGACGGGGTC,0,5186476
yqjE_yqjK_yqjD_yqjC_predicted,0.3333333333333333,2,2,CGGAATTCTTTCGCCGTATG,0,5222536
yqjE_yqjK_yqjD_yqjC_predicted,0.3333333333333333,2,2,CGGAATCCGTCGTAAGTACA,0,5224401
yqjE_yqjK_yqjD_yqjC_predicted,0.3333333333333333,2,2,CGGAATAAGTGCCACCCTAA,0,5189573
yqjE_yqjK_yqjD_yqjC_predicted,0.3333333333333333,2,2,CGGAAGGCGTGTACACAGCC,0,5260758
yqjE_yqjK_yqjD_yqjC_predicted,0.3333333333333333,2,2,CGCTTGGGCAGACGCAATAT,0,5195740
yqjE_yqjK_yqjD_yqjC_predicted,0.3333333333333333,2,2,CGCTTGGCGATGTCTCGAAA,0,5181266
yqjE_yqjK_yqjD_yqjC_predicted,0.3333333333333333,2,2,CGCTTCCTCCTCCAGCGCAA,0,5183881
yqjE_yqjK_yqjD_yqjC_predicted,0.3333333333333333,2,2,CGCTTAGCGGGCGGGAACAG,0,5243084
yqjE_yqjK_yqjD_yqjC_predicted,0.3333333333333333,2,2,CGCTGCCAGCATGAACAGAC,0,5209924
yqjE_yqjK_yqjD_yqjC_predicted,0.3333333333333333,2,2,CGCTCTACACTATCAATATC,0,5206300
yqjE_yqjK_yqjD_yqjC_predicted,0.3333333333333333,2,2,CGCGTGCATAAGGCAATGAA,0,5257957
yqjE_yqjK_yqjD_yqjC_predicted,0.3333333333333333,2,2,CGCGTCCTGGAGTACATACT,0,5170790
yqjE_yqjK_yqjD_yqjC_predicted,0.3333333333333333,2,2,CGCGGGGTCCCAAGAGCCCG,0,5203441
yqjE_yqjK_yqjD_yqjC_predicted,0.3333333333333333,2,2,CGCGGGCGCCTCGAATCTAC,0,5207365
yqjE_yqjK_yqjD_yqjC_predicted,0.3333333333333333,2,2,CGCGCTTCGCGACGTGTAAC,0,5262143
yqjE_yqjK_yqjD_yqjC_predicted,0.3333333333333333,2,2,CGCGCTGGAGGCGCAGAGTA,0,5174017
yqjE_yqjK_yqjD_yqjC_predicted,0.3333333333333333,2,2,CGCGCCAGGGCTGAACTCGT,0,5254980
yqjE_yqjK_yqjD_yqjC_predicted,0.3333333333333333,2,2,CGCCTGTTTAGAATGCCGCC,0,5184522
yqjE_yqjK_yqjD_yqjC_predicted,0.3333333333333333,2,2,CGCCTCTTAAGCCCATAGGG,0,5248739
yqjE_yqjK_yqjD_yqjC_predicted,0.3333333333333333,2,2,CGCCGTTAGCAGCTGCCTTC,0,5197270
yqjE_yqjK_yqjD_yqjC_predicted,0.3333333333333333,2,2,CGCCGGGAGGGTGATTGGGA,0,5192700
yqjE_yqjK_yqjD_yqjC_predicted,0.3333333333333333,2,2,CGCCGCCTTCAGAAGACTGA,0,5255661
yqjE_yqjK_yqjD_yqjC_predicted,0.3333333333333333,2,2,CGCCCATTGTGGTAGGGCAC,0,5194514
yqjE_yqjK_yqjD_yqjC_predicted,0.3333333333333333,2,2,CGCCATTCGTGATGTGCAGA,0,5241580
yqjE_yqjK_yqjD_yqjC_predicted,0.3333333333333333,2,2,CGCCACTTTTGCGACGCTGG,0,5215721
yqjE_yqjK_yqjD_yqjC_predicted,0.3333333333333333,2,2,CGCCACTAGAAGTACTAATG,0,5216937
yqjE_yqjK_yqjD_yqjC_predicted,0.3333333333333333,2,2,CGCCAAGAGAGCGTGTCGTG,0,5197672
yqjE_yqjK_yqjD_yqjC_predicted,0.3333333333333333,2,2,CGCATGTTCACCCACGGAGC,0,5248717
yqjE_yqjK_yqjD_yqjC_predicted,0.3333333333333333,2,2,CGCAGTGTGGACCTCGAACC,0,5198771
yqjE_yqjK_yqjD_yqjC_predicted,0.3333333333333333,2,2,CGCAGACCACTACGGGCGAC,0,5257007
yqjE_yqjK_yqjD_yqjC_predicted,0.3333333333333333,2,2,CGCACTTAAGTCGTTACCGA,0,5219305
yqjE_yqjK_yqjD_yqjC_predicted,0.3333333333333333,2,2,CGCACCCGTCCATCCGGATA,0,5200878
yqjE_yqjK_yqjD_yqjC_predicted,0.3333333333333333,2,2,CGCACAAGTTGAACGAGACC,0,5181743
yqjE_yqjK_yqjD_yqjC_predicted,0.3333333333333333,2,2,CGCAATTCCATATGGCGGGA,0,5231549
yqjE_yqjK_yqjD_yqjC_predicted,0.3333333333333333,2,2,CGCAATAAGGTTTAATGTGG,0,5179648
yqjE_yqjK_yqjD_yqjC_predicted,0.3333333333333333,2,2,CGCAAGCAAACACTAGCATC,0,5231755
yqjE_yqjK_yqjD_yqjC_predicted,0.3333333333333333,2,2,CGATTTTATGCTGTCAAGGT,0,5244331
yqjE_yqjK_yqjD_yqjC_predicted,0.3333333333333333,2,2,CGATTGCCACGCCAAAGTCA,0,5257572
yqjE_yqjK_yqjD_yqjC_predicted,0.3333333333333333,2,2,CGATTAGAGTTCTAATTGCG,0,5182956
yqjE_yqjK_yqjD_yqjC_predicted,0.3333333333333333,2,2,CGATGCAATTGTCTGAGCAG,0,5257030
yqjE_yqjK_yqjD_yqjC_predicted,0.3333333333333333,2,2,CGATCCTATATATACTTGTG,0,5211133
yqjE_yqjK_yqjD_yqjC_predicted,0.3333333333333333,2,2,CGATCATGGGGGGTCGGCGT,0,5211330
yqjE_yqjK_yqjD_yqjC_predicted,0.3333333333333333,2,2,CGATAGAGGCGATCCTCACA,0,5177600
yqjE_yqjK_yqjD_yqjC_predicted,0.3333333333333333,2,2,CGATACGTGAGGGAGTGTCT,0,5172588
yqjE_yqjK_yqjD_yqjC_predicted,0.3333333333333333,2,2,CGATAAGTCTCGGTGCATCC,0,5210609
yqjE_yqjK_yqjD_yqjC_predicted,0.3333333333333333,2,2,CGAGTTTGCGGGTCCTCCCC,0,5182854
yqjE_yqjK_yqjD_yqjC_predicted,0.3333333333333333,2,2,CGAGTGTTTAGATGAATACT,0,5243428
yqjE_yqjK_yqjD_yqjC_predicted,0.3333333333333333,2,2,CGAGGCATGCGTTGCTAAAC,0,5194786
yqjE_yqjK_yqjD_yqjC_predicted,0.3333333333333333,2,2,CGAGGATTACACCTGTAATT,0,5248336
yqjE_yqjK_yqjD_yqjC_predicted,0.3333333333333333,2,2,CGAGGAAGTTCGTACTGTTA,0,5216933
yqjE_yqjK_yqjD_yqjC_predicted,0.3333333333333333,2,2,CGAGCGCGACGGGTCTTGCG,0,5240959
yqjE_yqjK_yqjD_yqjC_predicted,0.3333333333333333,2,2,CGAGAGTGGGTAGCCAGCGC,0,5247820
yqjE_yqjK_yqjD_yqjC_predicted,0.3333333333333333,2,2,CGAGAGAGGAGGCCTAAAAA,0,5203482
yqjE_yqjK_yqjD_yqjC_predicted,0.3333333333333333,2,2,CGAGAGACTTTGTGTAGGGC,0,5261509
yqjE_yqjK_yqjD_yqjC_predicted,0.3333333333333333,2,2,CGAGACGTTCCGTCACAACT,0,5221154
yqjE_yqjK_yqjD_yqjC_predicted,0.3333333333333333,2,2,CGAGACCGACTCCATTGTCA,0,5183771
yqjE_yqjK_yqjD_yqjC_predicted,0.3333333333333333,2,2,CGACTTGCGTCGAAATCGTT,0,5256530
yqjE_yqjK_yqjD_yqjC_predicted,0.3333333333333333,2,2,CGACTGTGGCACGCCTTGGA,0,5214255
yqjE_yqjK_yqjD_yqjC_predicted,0.3333333333333333,2,2,CGACGTCGGAAGCCTTTTCC,0,5214402
yqjE_yqjK_yqjD_yqjC_predicted,0.3333333333333333,2,2,CGACGAATAGTATTCCCCGG,0,5209649
yqjE_yqjK_yqjD_yqjC_predicted,0.3333333333333333,2,2,CGACCCGGTAGGGTGTGCCA,0,5172010
yqjE_yqjK_yqjD_yqjC_predicted,0.3333333333333333,2,2,CGACCAAACGTCTGTGTACT,0,5219562
yqjE_yqjK_yqjD_yqjC_predicted,0.3333333333333333,2,2,CGACAGCGGCAATAGGCCAT,0,5255136
yqjE_yqjK_yqjD_yqjC_predicted,0.3333333333333333,2,2,CGACAATCACTTGATTTAGC,0,5194117
yqjE_yqjK_yqjD_yqjC_predicted,0.3333333333333333,2,2,CGAATGATCAATCAGTGTGT,0,5223969
yqjE_yqjK_yqjD_yqjC_predicted,0.3333333333333333,2,2,CGAATCCAGCTAATGACGCT,0,5190435
yqjE_yqjK_yqjD_yqjC_predicted,0.3333333333333333,2,2,CGAAGGCCTAGCTACGTTGC,0,5179521
yqjE_yqjK_yqjD_yqjC_predicted,0.3333333333333333,2,2,CGAAGAGGAAGAAAGTCGGT,0,5255121
yqjE_yqjK_yqjD_yqjC_predicted,0.3333333333333333,2,2,CGAAAGATTCAACGTGATTC,0,5173181
yqjE_yqjK_yqjD_yqjC_predicted,0.3333333333333333,2,2,CCTTTTGCACTCCTACCGGA,0,5227162
yqjE_yqjK_yqjD_yqjC_predicted,0.3333333333333333,2,2,CCTTTTCGGAGCGCTTGTCC,0,5229027
yqjE_yqjK_yqjD_yqjC_predicted,0.3333333333333333,2,2,CCTTTTAGCGGCCGCTAGTG,0,5245793
yqjE_yqjK_yqjD_yqjC_predicted,0.3333333333333333,2,2,CCTTTCGACGAGTCTGTGGG,0,5207665
yqjE_yqjK_yqjD_yqjC_predicted,0.3333333333333333,2,2,CCTTGTACAATTGTCAAACA,0,5242605
yqjE_yqjK_yqjD_yqjC_predicted,0.3333333333333333,2,2,CCTTGCGGGCCGAACATTCT,0,5240640
yqjE_yqjK_yqjD_yqjC_predicted,0.3333333333333333,2,2,CCTTGCCTTTCATATCCGTA,0,5185361
yqjE_yqjK_yqjD_yqjC_predicted,0.3333333333333333,2,2,CCTGTCGCTGATCCGACTAG,0,5246409
yqjE_yqjK_yqjD_yqjC_predicted,0.3333333333333333,2,2,CCTGGGACGGTATGCGGCAT,0,5245185
yqjE_yqjK_yqjD_yqjC_predicted,0.3333333333333333,2,2,CCTGGACAGGAGTATATTTT,0,5221542
yqjE_yqjK_yqjD_yqjC_predicted,0.3333333333333333,2,2,CCTGCTGAAACAACCTCACT,0,5210347
yqjE_yqjK_yqjD_yqjC_predicted,0.3333333333333333,2,2,CCTGCCTCAAGCAATCGCGC,0,5224462
yqjE_yqjK_yqjD_yqjC_predicted,0.3333333333333333,2,2,CCTGCCCGACCCGCTGGTAA,0,5226139
yqjE_yqjK_yqjD_yqjC_predicted,0.3333333333333333,2,2,CCTCTTCTCCAAAGCTACAT,0,5242732
yqjE_yqjK_yqjD_yqjC_predicted,0.3333333333333333,2,2,CCTCTCATAGCACTGCAACC,0,5197193
yqjE_yqjK_yqjD_yqjC_predicted,0.3333333333333333,2,2,CCTCGGGCAGCAATACGTCA,0,5237636
yqjE_yqjK_yqjD_yqjC_predicted,0.3333333333333333,2,2,CCTCGGCTGCACACATTCCA,0,5248456
yqjE_yqjK_yqjD_yqjC_predicted,0.3333333333333333,2,2,CCTCGAGTTGAATTGATCTT,0,5207908
yqjE_yqjK_yqjD_yqjC_predicted,0.3333333333333333,2,2,CCTCAGGAAGCCTTGTTGTT,0,5185948
yqjE_yqjK_yqjD_yqjC_predicted,0.3333333333333333,2,2,CCTATCAAGTAGTCATAACA,0,5216825
yqjE_yqjK_yqjD_yqjC_predicted,0.3333333333333333,2,2,CCTAGGAGTGGATTTTTAGC,0,5203910
yqjE_yqjK_yqjD_yqjC_predicted,0.3333333333333333,2,2,CCTAGACCCATAGCTACGTG,0,5198390
yqjE_yqjK_yqjD_yqjC_predicted,0.3333333333333333,2,2,CCTACGTCCCGACAACTGAT,0,5187463
yqjE_yqjK_yqjD_yqjC_predicted,0.3333333333333333,2,2,CCTAAGGCCGTACTCCTATA,0,5210754
yqjE_yqjK_yqjD_yqjC_predicted,0.3333333333333333,2,2,CCTAACGAAATGCCAAGCGA,0,5175971
yqjE_yqjK_yqjD_yqjC_predicted,0.3333333333333333,2,2,CCTAAAATAAAGATTGATTT,0,5185711
yqjE_yqjK_yqjD_yqjC_predicted,0.3333333333333333,2,2,CCGTGTGCATCTCAATCACA,0,5242052
yqjE_yqjK_yqjD_yqjC_predicted,0.3333333333333333,2,2,CCGTGTCACTGGCACGGAAA,0,5262346
yqjE_yqjK_yqjD_yqjC_predicted,0.3333333333333333,2,2,CCGTGCAACTAGGTATCCGA,0,5178830
yqjE_yqjK_yqjD_yqjC_predicted,0.3333333333333333,2,2,CCGTGATGAGCGATTTTTCA,0,5209353
yqjE_yqjK_yqjD_yqjC_predicted,0.3333333333333333,2,2,CCGTCTGTCTAAATCGTATT,0,5195030
yqjE_yqjK_yqjD_yqjC_predicted,0.3333333333333333,2,2,CCGTCGTGTTGACCGTACAA,0,5199041
yqjE_yqjK_yqjD_yqjC_predicted,0.3333333333333333,2,2,CCGTCGGGGCGTACCCAAGC,0,5229879
yqjE_yqjK_yqjD_yqjC_predicted,0.3333333333333333,2,2,CCGTCGCCAAGCCCGTCATG,0,5207894
yqjE_yqjK_yqjD_yqjC_predicted,0.3333333333333333,2,2,CCGTCATTAAGCAATGTCAA,0,5192269
yqjE_yqjK_yqjD_yqjC_predicted,0.3333333333333333,2,2,CCGTCATGTAGCGCATTAAA,0,5256754
yqjE_yqjK_yqjD_yqjC_predicted,0.3333333333333333,2,2,CCGTAGACTTACCCTATGCT,0,5184592
yqjE_yqjK_yqjD_yqjC_predicted,0.3333333333333333,2,2,CCGTAGACGGCACGCAATCC,0,5216604
yqjE_yqjK_yqjD_yqjC_predicted,0.3333333333333333,2,2,CCGTACATGAGATTACTGTA,0,5180671
yqjE_yqjK_yqjD_yqjC_predicted,0.3333333333333333,2,2,CCGTAAATCACGAAAAATCG,0,5229799
yqjE_yqjK_yqjD_yqjC_predicted,0.3333333333333333,2,2,CCGGTTATGAGGTGTATACA,0,5221955
yqjE_yqjK_yqjD_yqjC_predicted,0.3333333333333333,2,2,CCGGGGTGGGGGTTGTCTAG,0,5175725
yqjE_yqjK_yqjD_yqjC_predicted,0.3333333333333333,2,2,CCGGGGACAGTTTTTAGGTC,0,5210067
yqjE_yqjK_yqjD_yqjC_predicted,0.3333333333333333,2,2,CCGGGGAAAGCCGGCGACTT,0,5204028
yqjE_yqjK_yqjD_yqjC_predicted,0.3333333333333333,2,2,CCGGGCCGCCTAACATCCAT,0,5199083
yqjE_yqjK_yqjD_yqjC_predicted,0.3333333333333333,2,2,CCGGACACTGTCACTCATTT,0,5241015
yqjE_yqjK_yqjD_yqjC_predicted,0.3333333333333333,2,2,CCGGAACAATTTGGACCGTA,0,5221572
yqjE_yqjK_yqjD_yqjC_predicted,0.3333333333333333,2,2,CCGCTTGGTGGTACCCTAGT,0,5177933
yqjE_yqjK_yqjD_yqjC_predicted,0.3333333333333333,2,2,CCGCTTCCTAAGCCTTTGTA,0,5211599
yqjE_yqjK_yqjD_yqjC_predicted,0.3333333333333333,2,2,CCGCTTATCATGGCACCAGG,0,5176161
yqjE_yqjK_yqjD_yqjC_predicted,0.3333333333333333,2,2,CCGCTCTTTGGTCTCTTGGG,0,5202455
yqjE_yqjK_yqjD_yqjC_predicted,0.3333333333333333,2,2,CCGCTACGAATGTGCGTGGC,0,5231551
yqjE_yqjK_yqjD_yqjC_predicted,0.3333333333333333,2,2,CCGCGGTCGAGCCGACCACC,0,5234012
yqjE_yqjK_yqjD_yqjC_predicted,0.3333333333333333,2,2,CCGCGACTGAGGCTACTAAG,0,5175613
yqjE_yqjK_yqjD_yqjC_predicted,0.3333333333333333,2,2,CCGCCCTTCTCTACAACGCA,0,5231623
yqjE_yqjK_yqjD_yqjC_predicted,0.3333333333333333,2,2,CCGCCCTAGGATGCCGGTAG,0,5195079
yqjE_yqjK_yqjD_yqjC_predicted,0.3333333333333333,2,2,CCGCAATTGAGTCTACACCA,0,5230585
yqjE_yqjK_yqjD_yqjC_predicted,0.3333333333333333,2,2,CCGATATGGTGTTGAAAGCA,0,5194867
yqjE_yqjK_yqjD_yqjC_predicted,0.3333333333333333,2,2,CCGATAATTACATGCGTGGA,0,5247228
yqjE_yqjK_yqjD_yqjC_predicted,0.3333333333333333,2,2,CCGATAAGTCGAGCCAAAAC,0,5248223
yqjE_yqjK_yqjD_yqjC_predicted,0.3333333333333333,2,2,CCGAGACGTAAGGATTTCTT,0,5251582
yqjE_yqjK_yqjD_yqjC_predicted,0.3333333333333333,2,2,CCGACCTTGTGTTGTCGAGA,0,5189326
yqjE_yqjK_yqjD_yqjC_predicted,0.3333333333333333,2,2,CCGAATGCGAGTATACGTCG,0,5202457
yqjE_yqjK_yqjD_yqjC_predicted,0.3333333333333333,2,2,CCGAACATCCCGAGATCCTT,0,5195725
yqjE_yqjK_yqjD_yqjC_predicted,0.3333333333333333,2,2,CCCTTAGTCCTACTCGAGGG,0,5209876
yqjE_yqjK_yqjD_yqjC_predicted,0.3333333333333333,2,2,CCCTGGATGCTTGACCGTAC,0,5216343
yqjE_yqjK_yqjD_yqjC_predicted,0.3333333333333333,2,2,CCCTGACTAATGCCAGAGGC,0,5258069
yqjE_yqjK_yqjD_yqjC_predicted,0.3333333333333333,2,2,CCCTCTCCGGCATGGTGTGA,0,5217865
yqjE_yqjK_yqjD_yqjC_predicted,0.3333333333333333,2,2,CCCGTAGAGGGCTAAAGTCT,0,5227751
yqjE_yqjK_yqjD_yqjC_predicted,0.3333333333333333,2,2,CCCGTAAGGGACACGACACC,0,5175017
yqjE_yqjK_yqjD_yqjC_predicted,0.3333333333333333,2,2,CCCGGTAAATGCCTTGAGGG,0,5174822
yqjE_yqjK_yqjD_yqjC_predicted,0.3333333333333333,2,2,CCCGGTAAATAGACGCGCCA,0,5185101
yqjE_yqjK_yqjD_yqjC_predicted,0.3333333333333333,2,2,CCCGGGTTTTACGTACATTA,0,5231416
yqjE_yqjK_yqjD_yqjC_predicted,0.3333333333333333,2,2,CCCGGGTGGTACGACCCCTG,0,5229423
yqjE_yqjK_yqjD_yqjC_predicted,0.3333333333333333,2,2,CCCGCGTCTATATAAGTGCT,0,5187132
yqjE_yqjK_yqjD_yqjC_predicted,0.3333333333333333,2,2,CCCGCGGCCCCCTAGAGTTC,0,5235674
yqjE_yqjK_yqjD_yqjC_predicted,0.3333333333333333,2,2,CCCGCGAGGGACGGGTCTCC,0,5188287
yqjE_yqjK_yqjD_yqjC_predicted,0.3333333333333333,2,2,CCCGCCCCTGCTTCATTATT,0,5250483
yqjE_yqjK_yqjD_yqjC_predicted,0.3333333333333333,2,2,CCCCTTTAGGCATGACCGAA,0,5218642
yqjE_yqjK_yqjD_yqjC_predicted,0.3333333333333333,2,2,CCCCTGGCCGGCCCACGAAC,0,5262757
yqjE_yqjK_yqjD_yqjC_predicted,0.3333333333333333,2,2,CCCCTATGGATTCGTATGCT,0,5217316
yqjE_yqjK_yqjD_yqjC_predicted,0.3333333333333333,2,2,CCCCTAGCCAATCTCTACCT,0,5202338
yqjE_yqjK_yqjD_yqjC_predicted,0.3333333333333333,2,2,CCCCGTCCTGCATCAAAAAT,0,5256677
yqjE_yqjK_yqjD_yqjC_predicted,0.3333333333333333,2,2,CCCCCCGGCTATAGACTGCC,0,5201613
yqjE_yqjK_yqjD_yqjC_predicted,0.3333333333333333,2,2,CCCCCAGCCCTCGATACTTT,0,5172029
yqjE_yqjK_yqjD_yqjC_predicted,0.3333333333333333,2,2,CCCCCACTTCGCTGCATACT,0,5250862
yqjE_yqjK_yqjD_yqjC_predicted,0.3333333333333333,2,2,CCCCAGTGAGTCAAGCAGCT,0,5229763
yqjE_yqjK_yqjD_yqjC_predicted,0.3333333333333333,2,2,CCCATTGTTCGCGCTTGCTC,0,5219462
yqjE_yqjK_yqjD_yqjC_predicted,0.3333333333333333,2,2,CCCATTGCAATGCTAATGTA,0,5231531
yqjE_yqjK_yqjD_yqjC_predicted,0.3333333333333333,2,2,CCCATTCGAGGGAACACAGG,0,5215338
yqjE_yqjK_yqjD_yqjC_predicted,0.3333333333333333,2,2,CCCATGCTCGTCCATCCATG,0,5236169
yqjE_yqjK_yqjD_yqjC_predicted,0.3333333333333333,2,2,CCCAGGAAATATCACCGGTT,0,5182481
yqjE_yqjK_yqjD_yqjC_predicted,0.3333333333333333,2,2,CCCACTACTGGCTCTCTTCA,0,5196463
yqjE_yqjK_yqjD_yqjC_predicted,0.3333333333333333,2,2,CCCACCTTAAAATCTAATTC,0,5258891
yqjE_yqjK_yqjD_yqjC_predicted,0.3333333333333333,2,2,CCCACCGCCAGTTGACTATC,0,5196310
yqjE_yqjK_yqjD_yqjC_predicted,0.3333333333333333,2,2,CCCAATGCCTGGATCTCGAC,0,5211285
yqjE_yqjK_yqjD_yqjC_predicted,0.3333333333333333,2,2,CCCAAGGGTAAGCCTCAGTA,0,5251706
yqjE_yqjK_yqjD_yqjC_predicted,0.3333333333333333,2,2,CCATTGGTGGTTATAGTTTG,0,5257171
yqjE_yqjK_yqjD_yqjC_predicted,0.3333333333333333,2,2,CCATGTATTTCACGTAGCCG,0,5171514
yqjE_yqjK_yqjD_yqjC_predicted,0.3333333333333333,2,2,CCATGGCGCGGAGACACCTA,0,5181339
yqjE_yqjK_yqjD_yqjC_predicted,0.3333333333333333,2,2,CCATGAGCCATTCAGAAAGC,0,5183449
yqjE_yqjK_yqjD_yqjC_predicted,0.3333333333333333,2,2,CCATCGTTCAGTTACATGTA,0,5258517
yqjE_yqjK_yqjD_yqjC_predicted,0.3333333333333333,2,2,CCATCGTTCACATAAGTCAA,0,5228217
yqjE_yqjK_yqjD_yqjC_predicted,0.3333333333333333,2,2,CCATCCGGAGACGCCACGGG,0,5228490
yqjE_yqjK_yqjD_yqjC_predicted,0.3333333333333333,2,2,CCATCAGTTGGCGTAGAGTA,0,5181858
yqjE_yqjK_yqjD_yqjC_predicted,0.3333333333333333,2,2,CCATATTAGATGATCCCCCA,0,5247056
yqjE_yqjK_yqjD_yqjC_predicted,0.3333333333333333,2,2,CCATAGTGGTTTCTCGTCAA,0,5217564
yqjE_yqjK_yqjD_yqjC_predicted,0.3333333333333333,2,2,CCATAGGGTCCAGTCGGTGT,0,5216446
yqjE_yqjK_yqjD_yqjC_predicted,0.3333333333333333,2,2,CCATAGCTCATTAAACCTCA,0,5254410
yqjE_yqjK_yqjD_yqjC_predicted,0.3333333333333333,2,2,CCATAAGTTTCCGCTCGTAC,0,5249819
yqjE_yqjK_yqjD_yqjC_predicted,0.3333333333333333,2,2,CCAGTGGAATGCGGAGCAGC,0,5235466
yqjE_yqjK_yqjD_yqjC_predicted,0.3333333333333333,2,2,CCAGTCAACACGTAATACAT,0,5199651
yqjE_yqjK_yqjD_yqjC_predicted,0.3333333333333333,2,2,CCAGCGACATCTCGGCAAGT,0,5255132
yqjE_yqjK_yqjD_yqjC_predicted,0.3333333333333333,2,2,CCAGCCGCCAACAGACTGGC,0,5241405
yqjE_yqjK_yqjD_yqjC_predicted,0.3333333333333333,2,2,CCAGCCAATGCGAATGTGCC,0,5240044
yqjE_yqjK_yqjD_yqjC_predicted,0.3333333333333333,2,2,CCAGACACCGTTACATTCCC,0,5209032
yqjE_yqjK_yqjD_yqjC_predicted,0.3333333333333333,2,2,CCAGACAAATGGCTCTCCAG,0,5208380
yqjE_yqjK_yqjD_yqjC_predicted,0.3333333333333333,2,2,CCAGAATCATCGCCTCTACT,0,5214605
yqjE_yqjK_yqjD_yqjC_predicted,0.3333333333333333,2,2,CCAGAAGCATTAATCCCTGG,0,5212572
yqjE_yqjK_yqjD_yqjC_predicted,0.3333333333333333,2,2,CCAGAACTCCCTTGACGAAG,0,5185061
yqjE_yqjK_yqjD_yqjC_predicted,0.3333333333333333,2,2,CCACTCGCGGAACATAGTTG,0,5207416
yqjE_yqjK_yqjD_yqjC_predicted,0.3333333333333333,2,2,CCACGTGTCAGGGTTAAAAA,0,5246522
yqjE_yqjK_yqjD_yqjC_predicted,0.3333333333333333,2,2,CCACGTAAACATCTTGCTTT,0,5193457
yqjE_yqjK_yqjD_yqjC_predicted,0.3333333333333333,2,2,CCACGCTGATGCTCAAGATT,0,5196403
yqjE_yqjK_yqjD_yqjC_predicted,0.3333333333333333,2,2,CCACCCCATCCACGTGACTA,0,5249409
yqjE_yqjK_yqjD_yqjC_predicted,0.3333333333333333,2,2,CCACAGTGTTAACCCGCATT,0,5177278
yqjE_yqjK_yqjD_yqjC_predicted,0.3333333333333333,2,2,CCACAACGCTATATACGTTT,0,5237537
yqjE_yqjK_yqjD_yqjC_predicted,0.3333333333333333,2,2,CCAATTACGCGACACCACTT,0,5202843
yqjE_yqjK_yqjD_yqjC_predicted,0.3333333333333333,2,2,CCAAGTGTCGAAAAAAGGGA,0,5182368
yqjE_yqjK_yqjD_yqjC_predicted,0.3333333333333333,2,2,CCAAGTGCGTAGGAACGAGG,0,5250667
yqjE_yqjK_yqjD_yqjC_predicted,0.3333333333333333,2,2,CCAAGGTAGGTGCACTGGGA,0,5249565
yqjE_yqjK_yqjD_yqjC_predicted,0.3333333333333333,2,2,CCAAGGGAGAGTCATTTCGT,0,5195031
yqjE_yqjK_yqjD_yqjC_predicted,0.3333333333333333,2,2,CCAACTCCGCTGCAACGACC,0,5189610
yqjE_yqjK_yqjD_yqjC_predicted,0.3333333333333333,2,2,CCAACGTGAAAGGCTGGATT,0,5181624
yqjE_yqjK_yqjD_yqjC_predicted,0.3333333333333333,2,2,CCAACGGGTTAACGTCTCGG,0,5218864
yqjE_yqjK_yqjD_yqjC_predicted,0.3333333333333333,2,2,CCAACCGGACCCGTCTTAAC,0,5196814
yqjE_yqjK_yqjD_yqjC_predicted,0.3333333333333333,2,2,CCAACCCCACGTGCAACGGC,0,5210400
yqjE_yqjK_yqjD_yqjC_predicted,0.3333333333333333,2,2,CCAAATTGACACTAGCGGGA,0,5262461
yqjE_yqjK_yqjD_yqjC_predicted,0.3333333333333333,2,2,CCAAATGAGCGTGCAAAACT,0,5201451
yqjE_yqjK_yqjD_yqjC_predicted,0.3333333333333333,2,2,CCAAAGGCTCGTCCACCCCA,0,5206086
yqjE_yqjK_yqjD_yqjC_predicted,0.3333333333333333,2,2,CCAAAGCGTGCTGGAATGCG,0,5241686
yqjE_yqjK_yqjD_yqjC_predicted,0.3333333333333333,2,2,CCAAAGAGAGCCGACGGTGC,0,5199860
yqjE_yqjK_yqjD_yqjC_predicted,0.3333333333333333,2,2,CATTTTTTCCTCTTCTATTG,0,5209959
yqjE_yqjK_yqjD_yqjC_predicted,0.3333333333333333,2,2,CATTTAGGAGCCGACGCTGG,0,5219398
yqjE_yqjK_yqjD_yqjC_predicted,0.3333333333333333,2,2,CATTGTATGATGCACACTAT,0,5214387
yqjE_yqjK_yqjD_yqjC_predicted,0.3333333333333333,2,2,CATTGCGCTCGTAGCTCTAC,0,5258015
yqjE_yqjK_yqjD_yqjC_predicted,0.3333333333333333,2,2,CATTGCCCCGCTAACGAGAT,0,5227227
yqjE_yqjK_yqjD_yqjC_predicted,0.3333333333333333,2,2,CATTCGATTTTGTCTAAATC,0,5198052
yqjE_yqjK_yqjD_yqjC_predicted,0.3333333333333333,2,2,CATTCCCAATCCTAGATCAA,0,5213864
yqjE_yqjK_yqjD_yqjC_predicted,0.3333333333333333,2,2,CATTCACAATCGCGGACAGC,0,5243398
yqjE_yqjK_yqjD_yqjC_predicted,0.3333333333333333,2,2,CATTATTGGACCCGGCCGGT,0,5201750
yqjE_yqjK_yqjD_yqjC_predicted,0.3333333333333333,2,2,CATTATGGATAAGATTGCCT,0,5191590
yqjE_yqjK_yqjD_yqjC_predicted,0.3333333333333333,2,2,CATTACTCTCGGTATCAGAT,0,5258546
yqjE_yqjK_yqjD_yqjC_predicted,0.3333333333333333,2,2,CATGTTCAATCCGAAACATG,0,5216463
yqjE_yqjK_yqjD_yqjC_predicted,0.3333333333333333,2,2,CATGGTCGCCCCCATTTTGT,0,5201080
yqjE_yqjK_yqjD_yqjC_predicted,0.3333333333333333,2,2,CATGGGGTGGCCCGCGACAA,0,5202373
yqjE_yqjK_yqjD_yqjC_predicted,0.3333333333333333,2,2,CATGGGAGCCCGCCAACAGT,0,5186719
yqjE_yqjK_yqjD_yqjC_predicted,0.3333333333333333,2,2,CATGGCGAAAGTTTCTAAGA,0,5177642
yqjE_yqjK_yqjD_yqjC_predicted,0.3333333333333333,2,2,CATGGAGGAATCAAGGACCT,0,5179120
yqjE_yqjK_yqjD_yqjC_predicted,0.3333333333333333,2,2,CATGGAAATGAAATGGATCT,0,5172254
yqjE_yqjK_yqjD_yqjC_predicted,0.3333333333333333,2,2,CATGCGGGGTTCGGGTAGTC,0,5233870
yqjE_yqjK_yqjD_yqjC_predicted,0.3333333333333333,2,2,CATGAGGTTCCGGTCAGTCA,0,5171427
yqjE_yqjK_yqjD_yqjC_predicted,0.3333333333333333,2,2,CATGAACACGTTGTACTTCA,0,5219283
yqjE_yqjK_yqjD_yqjC_predicted,0.3333333333333333,2,2,CATGAAACAAGCGTGAAATG,0,5218622
yqjE_yqjK_yqjD_yqjC_predicted,0.3333333333333333,2,2,CATCTACCTCAGTGTTAGAC,0,5233518
yqjE_yqjK_yqjD_yqjC_predicted,0.3333333333333333,2,2,CATCGTAGGTCCCTGTGAAA,0,5232793
yqjE_yqjK_yqjD_yqjC_predicted,0.3333333333333333,2,2,CATCGCCCGCGGAGTACGTC,0,5189924
yqjE_yqjK_yqjD_yqjC_predicted,0.3333333333333333,2,2,CATCGAGCCACGGACAGCCA,0,5207429
yqjE_yqjK_yqjD_yqjC_predicted,0.3333333333333333,2,2,CATCGAAGGTTTCAACGCGT,0,5175016
yqjE_yqjK_yqjD_yqjC_predicted,0.3333333333333333,2,2,CATCCGTTCTGATCCTGGAT,0,5225674
yqjE_yqjK_yqjD_yqjC_predicted,0.3333333333333333,2,2,CATCCGGGCCGTGGTCATCG,0,5195753
yqjE_yqjK_yqjD_yqjC_predicted,0.3333333333333333,2,2,CATCCGCGAGACGAGGAGAA,0,5176681
yqjE_yqjK_yqjD_yqjC_predicted,0.3333333333333333,2,2,CATCAGAGTCTATAGTGAAT,0,5208168
yqjE_yqjK_yqjD_yqjC_predicted,0.3333333333333333,2,2,CATCACGTGGGCGCTTAATG,0,5197479
yqjE_yqjK_yqjD_yqjC_predicted,0.3333333333333333,2,2,CATCACGCCATTATTCAGAA,0,5225800
yqjE_yqjK_yqjD_yqjC_predicted,0.3333333333333333,2,2,CATCAATGTGGAGAGAGACT,0,5197902
yqjE_yqjK_yqjD_yqjC_predicted,0.3333333333333333,2,2,CATATCGGTACGATGACAGA,0,5195240
yqjE_yqjK_yqjD_yqjC_predicted,0.3333333333333333,2,2,CATAGTGCAATACGACGATA,0,5211306
yqjE_yqjK_yqjD_yqjC_predicted,0.3333333333333333,2,2,CATAGGTCGGCACATGAAAG,0,5244032
yqjE_yqjK_yqjD_yqjC_predicted,0.3333333333333333,2,2,CATAGGCAAGGCAGTTTCTC,0,5219175
yqjE_yqjK_yqjD_yqjC_predicted,0.3333333333333333,2,2,CATAATAACGCGAGACGGCG,0,5230939
yqjE_yqjK_yqjD_yqjC_predicted,0.3333333333333333,2,2,CATAAGGCAGCTCCGCCAGT,0,5262209
yqjE_yqjK_yqjD_yqjC_predicted,0.3333333333333333,2,2,CATAACCACACGTCTACTAA,0,5206866
yqjE_yqjK_yqjD_yqjC_predicted,0.3333333333333333,2,2,CATAAACACAAATGTCTAAG,0,5202806
yqjE_yqjK_yqjD_yqjC_predicted,0.3333333333333333,2,2,CAGTTGCTAAGCGTGAGACG,0,5227344
yqjE_yqjK_yqjD_yqjC_predicted,0.3333333333333333,2,2,CAGTTCCAACGCTTAGTGAC,0,5183041
yqjE_yqjK_yqjD_yqjC_predicted,0.3333333333333333,2,2,CAGTTAGACATATACTCTAT,0,5171540
yqjE_yqjK_yqjD_yqjC_predicted,0.3333333333333333,2,2,CAGTGTATTTCCATGCGGGT,0,5260798
yqjE_yqjK_yqjD_yqjC_predicted,0.3333333333333333,2,2,CAGTGCATAGGACCCGAGAA,0,5238376
yqjE_yqjK_yqjD_yqjC_predicted,0.3333333333333333,2,2,CAGTCGGGTTAGTGATAGGA,0,5198422
yqjE_yqjK_yqjD_yqjC_predicted,0.3333333333333333,2,2,CAGTCGGGGTAGGCATTGCT,0,5225832
yqjE_yqjK_yqjD_yqjC_predicted,0.3333333333333333,2,2,CAGTCGAGCACCGAAGTTAT,0,5185332
yqjE_yqjK_yqjD_yqjC_predicted,0.3333333333333333,2,2,CAGTAGTCGTCTGAGACCTT,0,5201646
yqjE_yqjK_yqjD_yqjC_predicted,0.3333333333333333,2,2,CAGTAAGCTGCAGGATTGCG,0,5210008
yqjE_yqjK_yqjD_yqjC_predicted,0.3333333333333333,2,2,CAGTAACGTAGTCCGACGAT,0,5232624
yqjE_yqjK_yqjD_yqjC_predicted,0.3333333333333333,2,2,CAGTAAACAAGAAACTAATG,0,5175243
yqjE_yqjK_yqjD_yqjC_predicted,0.3333333333333333,2,2,CAGGTGGAGGTTCCAACCTT,0,5214018
yqjE_yqjK_yqjD_yqjC_predicted,0.3333333333333333,2,2,CAGGTACTCCTGCTGAGGGA,0,5183401
yqjE_yqjK_yqjD_yqjC_predicted,0.3333333333333333,2,2,CAGGGTTGATACCTGTGTAT,0,5182253
yqjE_yqjK_yqjD_yqjC_predicted,0.3333333333333333,2,2,CAGGGTCTCAGGCAGAGCTA,0,5209903
yqjE_yqjK_yqjD_yqjC_predicted,0.3333333333333333,2,2,CAGGGGTTAAGGGATTCGGC,0,5181114
yqjE_yqjK_yqjD_yqjC_predicted,0.3333333333333333,2,2,CAGGGAGGATATTCCCATTG,0,5227290
yqjE_yqjK_yqjD_yqjC_predicted,0.3333333333333333,2,2,CAGGGAGCGTAGGAACATAA,0,5180855
yqjE_yqjK_yqjD_yqjC_predicted,0.3333333333333333,2,2,CAGGATTTATACCCTACACA,0,5237677
yqjE_yqjK_yqjD_yqjC_predicted,0.3333333333333333,2,2,CAGGATTCCTCCACAAGCGC,0,5212324
yqjE_yqjK_yqjD_yqjC_predicted,0.3333333333333333,2,2,CAGGATGGATCCCTAATGGA,0,5260073
yqjE_yqjK_yqjD_yqjC_predicted,0.3333333333333333,2,2,CAGGATAGAGGTTCCCGGGA,0,5184251
yqjE_yqjK_yqjD_yqjC_predicted,0.3333333333333333,2,2,CAGGAGCAACCTAGGACACA,0,5186565
yqjE_yqjK_yqjD_yqjC_predicted,0.3333333333333333,2,2,CAGCTGCGCCATAACGAGCT,0,5245073
yqjE_yqjK_yqjD_yqjC_predicted,0.3333333333333333,2,2,CAGCTCAGTCCGGGCCTGTA,0,5251065
yqjE_yqjK_yqjD_yqjC_predicted,0.3333333333333333,2,2,CAGCGCAAAGGACCTCCAGT,0,5174506
yqjE_yqjK_yqjD_yqjC_predicted,0.3333333333333333,2,2,CAGCGACATATTATAAGCAA,0,5242117
yqjE_yqjK_yqjD_yqjC_predicted,0.3333333333333333,2,2,CAGCATTATCTTCAATGCGA,0,5260140
yqjE_yqjK_yqjD_yqjC_predicted,0.3333333333333333,2,2,CAGCAGGGTTGATGAGGCGG,0,5225575
yqjE_yqjK_yqjD_yqjC_predicted,0.3333333333333333,2,2,CAGATTGTGGTATCGTTTGA,0,5210709
yqjE_yqjK_yqjD_yqjC_predicted,0.3333333333333333,2,2,CAGATGGGGTAGAACAGTTC,0,5206306
yqjE_yqjK_yqjD_yqjC_predicted,0.3333333333333333,2,2,CAGATACACCGGCACGGGTG,0,5228435
yqjE_yqjK_yqjD_yqjC_predicted,0.3333333333333333,2,2,CAGATAAATAAGACGATCTG,0,5245850
yqjE_yqjK_yqjD_yqjC_predicted,0.3333333333333333,2,2,CAGAGTTTGATGAATCGATG,0,5242402
yqjE_yqjK_yqjD_yqjC_predicted,0.3333333333333333,2,2,CAGAGTCAGGTGCGGTGCCT,0,5260426
yqjE_yqjK_yqjD_yqjC_predicted,0.3333333333333333,2,2,CAGAGCAGCCATAGGACTCT,0,5232050
yqjE_yqjK_yqjD_yqjC_predicted,0.3333333333333333,2,2,CAGAGCAGCATGGCATTCAG,0,5230518
yqjE_yqjK_yqjD_yqjC_predicted,0.3333333333333333,2,2,CAGACTGAGGGTGTAATATT,0,5208015
yqjE_yqjK_yqjD_yqjC_predicted,0.3333333333333333,2,2,CAGACGACGCCGAGCGAAGT,0,5209277
yqjE_yqjK_yqjD_yqjC_predicted,0.3333333333333333,2,2,CAGAATCGGCTAATCGAATG,0,5189489
yqjE_yqjK_yqjD_yqjC_predicted,0.3333333333333333,2,2,CAGAAGTGTATGTCCCTGTC,0,5206990
yqjE_yqjK_yqjD_yqjC_predicted,0.3333333333333333,2,2,CAGAAGAAGCTTAATTTATG,0,5209987
yqjE_yqjK_yqjD_yqjC_predicted,0.3333333333333333,2,2,CAGAACCGGGGCCGCTGCCA,0,5228908
yqjE_yqjK_yqjD_yqjC_predicted,0.3333333333333333,2,2,CACTTTAGTGGGGCGAGTTA,0,5185425
yqjE_yqjK_yqjD_yqjC_predicted,0.3333333333333333,2,2,CACTTAGCCAGCTGCCGCGG,0,5238603
yqjE_yqjK_yqjD_yqjC_predicted,0.3333333333333333,2,2,CACTCTAAAAACTGGTATTG,0,5254861
yqjE_yqjK_yqjD_yqjC_predicted,0.3333333333333333,2,2,CACTAATAATCATCTCCCTA,0,5208463
yqjE_yqjK_yqjD_yqjC_predicted,0.3333333333333333,2,2,CACGTGGCAGTTTGCGGCTG,0,5185352
yqjE_yqjK_yqjD_yqjC_predicted,0.3333333333333333,2,2,CACGTGCAGACTGCACCCTA,0,5239157
yqjE_yqjK_yqjD_yqjC_predicted,0.3333333333333333,2,2,CACGTCACGTCCTCTCGAGC,0,5238527
yqjE_yqjK_yqjD_yqjC_predicted,0.3333333333333333,2,2,CACGGATAGGCTTGGGTCCT,0,5257634
yqjE_yqjK_yqjD_yqjC_predicted,0.3333333333333333,2,2,CACGCTAGGAACAATACCTA,0,5185456
yqjE_yqjK_yqjD_yqjC_predicted,0.3333333333333333,2,2,CACGCGCAAAGATAAGATTC,0,5205433
yqjE_yqjK_yqjD_yqjC_predicted,0.3333333333333333,2,2,CACGACCGCCCGCTAGAGTC,0,5175170
yqjE_yqjK_yqjD_yqjC_predicted,0.3333333333333333,2,2,CACCTTACAAGGAAGGGCGG,0,5242776
yqjE_yqjK_yqjD_yqjC_predicted,0.3333333333333333,2,2,CACCTAGGCATAGCGTATTG,0,5253106
yqjE_yqjK_yqjD_yqjC_predicted,0.3333333333333333,2,2,CACCTAACGTTTACCGGAAA,0,5256174
yqjE_yqjK_yqjD_yqjC_predicted,0.3333333333333333,2,2,CACCCTGAGAACTTTCGAAG,0,5202870
yqjE_yqjK_yqjD_yqjC_predicted,0.3333333333333333,2,2,CACCCGGGACTCGCATGTAG,0,5193029
yqjE_yqjK_yqjD_yqjC_predicted,0.3333333333333333,2,2,CACCAGGGGAAATCTTGAGG,0,5242377
yqjE_yqjK_yqjD_yqjC_predicted,0.3333333333333333,2,2,CACCACAGATGACCAAACAA,0,5184083
yqjE_yqjK_yqjD_yqjC_predicted,0.3333333333333333,2,2,CACCAATATAGAGAAGCATC,0,5261333
yqjE_yqjK_yqjD_yqjC_predicted,0.3333333333333333,2,2,CACAGTTTATACCTGCCTAC,0,5243798
yqjE_yqjK_yqjD_yqjC_predicted,0.3333333333333333,2,2,CACAGGACTAAGAAAAATGG,0,5249906
yqjE_yqjK_yqjD_yqjC_predicted,0.3333333333333333,2,2,CACACTGTATAAGGGGCTCT,0,5262207
yqjE_yqjK_yqjD_yqjC_predicted,0.3333333333333333,2,2,CACACGCCGGAGAGCATAGC,0,5173192
yqjE_yqjK_yqjD_yqjC_predicted,0.3333333333333333,2,2,CACACGAAGTACCAAAGACT,0,5210118
yqjE_yqjK_yqjD_yqjC_predicted,0.3333333333333333,2,2,CACAAGACTGCCGTTTTTAT,0,5239816
yqjE_yqjK_yqjD_yqjC_predicted,0.3333333333333333,2,2,CACAACTGCTGATCTAAGAT,0,5259824
yqjE_yqjK_yqjD_yqjC_predicted,0.3333333333333333,2,2,CACAAAGCCGGCGAGATGCA,0,5171267
yqjE_yqjK_yqjD_yqjC_predicted,0.3333333333333333,2,2,CAATTCCTCCAGGTTCAAGC,0,5211422
yqjE_yqjK_yqjD_yqjC_predicted,0.3333333333333333,2,2,CAATGCCAGGGGGTCAATGT,0,5186830
yqjE_yqjK_yqjD_yqjC_predicted,0.3333333333333333,2,2,CAATGCACGGAGTACGATAG,0,5212089
yqjE_yqjK_yqjD_yqjC_predicted,0.3333333333333333,2,2,CAATCTTTGGTTACACAGGC,0,5196450
yqjE_yqjK_yqjD_yqjC_predicted,0.3333333333333333,2,2,CAATCGTAAGCCGCCGGTGG,0,5199757
yqjE_yqjK_yqjD_yqjC_predicted,0.3333333333333333,2,2,CAATAAAGTGCTGACCGGTT,0,5212010
yqjE_yqjK_yqjD_yqjC_predicted,0.3333333333333333,2,2,CAAGTCACGATCCACCGTTG,0,5177792
yqjE_yqjK_yqjD_yqjC_predicted,0.3333333333333333,2,2,CAAGTATGTAATGAACCACT,0,5249701
yqjE_yqjK_yqjD_yqjC_predicted,0.3333333333333333,2,2,CAAGGGATAAGATTCGGACG,0,5238682
yqjE_yqjK_yqjD_yqjC_predicted,0.3333333333333333,2,2,CAAGGCTCAAACTCGGTTCG,0,5200872
yqjE_yqjK_yqjD_yqjC_predicted,0.3333333333333333,2,2,CAAGGATGTCCCGAGCGGGA,0,5187197
yqjE_yqjK_yqjD_yqjC_predicted,0.3333333333333333,2,2,CAAGGACAATCAAATGTGTA,0,5191734
yqjE_yqjK_yqjD_yqjC_predicted,0.3333333333333333,2,2,CAAGCGCCAGGTATGCGTCT,0,5237097
yqjE_yqjK_yqjD_yqjC_predicted,0.3333333333333333,2,2,CAAGCAGAGCCATTGGAATG,0,5238518
yqjE_yqjK_yqjD_yqjC_predicted,0.3333333333333333,2,2,CAAGCACGTTATCTATTGCA,0,5212459
yqjE_yqjK_yqjD_yqjC_predicted,0.3333333333333333,2,2,CAAGCACGGGGTATTGGTTC,0,5255383
yqjE_yqjK_yqjD_yqjC_predicted,0.3333333333333333,2,2,CAAGCAAGTGCTACAAGACT,0,5261078
yqjE_yqjK_yqjD_yqjC_predicted,0.3333333333333333,2,2,CAAGAAATTGTACTAAACCT,0,5247439
yqjE_yqjK_yqjD_yqjC_predicted,0.3333333333333333,2,2,CAACTTGTCCACGTTAATCA,0,5238772
yqjE_yqjK_yqjD_yqjC_predicted,0.3333333333333333,2,2,CAACTTGAAAGGTATAGATA,0,5240825
yqjE_yqjK_yqjD_yqjC_predicted,0.3333333333333333,2,2,CAACTGGTAAAACCCATTTA,0,5231275
yqjE_yqjK_yqjD_yqjC_predicted,0.3333333333333333,2,2,CAACTCTTGTGTTATCGGTA,0,5186788
yqjE_yqjK_yqjD_yqjC_predicted,0.3333333333333333,2,2,CAACTCATAGCGGACGCCGC,0,5262267
yqjE_yqjK_yqjD_yqjC_predicted,0.3333333333333333,2,2,CAACGTGTTGTGGGACCGAT,0,5182983
yqjE_yqjK_yqjD_yqjC_predicted,0.3333333333333333,2,2,CAACCAAGTAGCCAGTAGGG,0,5221460
yqjE_yqjK_yqjD_yqjC_predicted,0.3333333333333333,2,2,CAACAGTTATATAATCTGCA,0,5186337
yqjE_yqjK_yqjD_yqjC_predicted,0.3333333333333333,2,2,CAACACTCAATGTTCGAGCC,0,5187062
yqjE_yqjK_yqjD_yqjC_predicted,0.3333333333333333,2,2,CAAATGGGTCAAGTTACACC,0,5222640
yqjE_yqjK_yqjD_yqjC_predicted,0.3333333333333333,2,2,CAAATGAGCGTATATGCGGT,0,5228580
yqjE_yqjK_yqjD_yqjC_predicted,0.3333333333333333,2,2,CAAAGGCAAGGCCGTACAAG,0,5173889
yqjE_yqjK_yqjD_yqjC_predicted,0.3333333333333333,2,2,CAAAGCCTCGATCGGGGAAA,0,5235062
yqjE_yqjK_yqjD_yqjC_predicted,0.3333333333333333,2,2,CAAAGAGTTAATTGCCCAGC,0,5227145
yqjE_yqjK_yqjD_yqjC_predicted,0.3333333333333333,2,2,CAAACTCTATTGACGAGAGT,0,5183736
yqjE_yqjK_yqjD_yqjC_predicted,0.3333333333333333,2,2,CAAACGCTAAGGGTGAACAT,0,5235949
yqjE_yqjK_yqjD_yqjC_predicted,0.3333333333333333,2,2,CAAACGAGCTCGACGACTTT,0,5185469
yqjE_yqjK_yqjD_yqjC_predicted,0.3333333333333333,2,2,CAAAATATAACTGGATGTGA,0,5257172
yqjE_yqjK_yqjD_yqjC_predicted,0.3333333333333333,2,2,CAAAATACCTGTCTCAATAT,0,5177036
yqjE_yqjK_yqjD_yqjC_predicted,0.3333333333333333,2,2,CAAAACTTTGGATATCATTG,0,5245581
yqjE_yqjK_yqjD_yqjC_predicted,0.3333333333333333,2,2,CAAAAAGGTGTATCGTATCA,0,5254997
yqjE_yqjK_yqjD_yqjC_predicted,0.3333333333333333,2,2,ATTTTGTAACGTCTACTTCC,0,5198000
yqjE_yqjK_yqjD_yqjC_predicted,0.3333333333333333,2,2,ATTTTGTAAAAGTAACCAGA,0,5199021
yqjE_yqjK_yqjD_yqjC_predicted,0.3333333333333333,2,2,ATTTTGGGAAGATACACCCA,0,5216329
yqjE_yqjK_yqjD_yqjC_predicted,0.3333333333333333,2,2,ATTTCTTTTAGATGCTGAGG,0,5209962
yqjE_yqjK_yqjD_yqjC_predicted,0.3333333333333333,2,2,ATTTAGGTGCGAAAATCCTA,0,5236915
yqjE_yqjK_yqjD_yqjC_predicted,0.3333333333333333,2,2,ATTTACGTACGTCAATTTGC,0,5244816
yqjE_yqjK_yqjD_yqjC_predicted,0.3333333333333333,2,2,ATTGTGTGTCTCCACATAAT,0,5252312
yqjE_yqjK_yqjD_yqjC_predicted,0.3333333333333333,2,2,ATTGGGTACGTAGAGGGCCG,0,5176880
yqjE_yqjK_yqjD_yqjC_predicted,0.3333333333333333,2,2,ATTGGCCGGCATCTCAAACA,0,5233081
yqjE_yqjK_yqjD_yqjC_predicted,0.3333333333333333,2,2,ATTGAGGAGTCTTCGGAGGC,0,5191778
yqjE_yqjK_yqjD_yqjC_predicted,0.3333333333333333,2,2,ATTGAGCCTACGTAGTACGA,0,5237084
yqjE_yqjK_yqjD_yqjC_predicted,0.3333333333333333,2,2,ATTCTGCAGGGGAACGTTCG,0,5255090
yqjE_yqjK_yqjD_yqjC_predicted,0.3333333333333333,2,2,ATTCTCCTTTTTTTTATTCG,0,5197331
yqjE_yqjK_yqjD_yqjC_predicted,0.3333333333333333,2,2,ATTCTCAGTAAATAAGTAGC,0,5225673
yqjE_yqjK_yqjD_yqjC_predicted,0.3333333333333333,2,2,ATTCGGAACTTATATACATT,0,5244451
yqjE_yqjK_yqjD_yqjC_predicted,0.3333333333333333,2,2,ATTCGCACCATCGGCTCGCC,0,5221088
yqjE_yqjK_yqjD_yqjC_predicted,0.3333333333333333,2,2,ATTCGAGCGTATCCAGTCAA,0,5199687
yqjE_yqjK_yqjD_yqjC_predicted,0.3333333333333333,2,2,ATTCCTCCCCGCTAATTGGT,0,5187951
yqjE_yqjK_yqjD_yqjC_predicted,0.3333333333333333,2,2,ATTCCGTGGTTCCCAGCAGC,0,5205153
yqjE_yqjK_yqjD_yqjC_predicted,0.3333333333333333,2,2,ATTCCGCGTCGTGATCCTCT,0,5258613
yqjE_yqjK_yqjD_yqjC_predicted,0.3333333333333333,2,2,ATTCCATAGAAATAGTTCCA,0,5182434
yqjE_yqjK_yqjD_yqjC_predicted,0.3333333333333333,2,2,ATTCATATGAGTGCCTAATA,0,5188947
yqjE_yqjK_yqjD_yqjC_predicted,0.3333333333333333,2,2,ATTCAGTACGTCCTTGTCAA,0,5190054
yqjE_yqjK_yqjD_yqjC_predicted,0.3333333333333333,2,2,ATTCACCTCCATTAAACGGG,0,5232925
yqjE_yqjK_yqjD_yqjC_predicted,0.3333333333333333,2,2,ATTCAACACTCATAGTGTAA,0,5224886
yqjE_yqjK_yqjD_yqjC_predicted,0.3333333333333333,2,2,ATTATTGATGTCACCAAATT,0,5217544
yqjE_yqjK_yqjD_yqjC_predicted,0.3333333333333333,2,2,ATTATTGATGCCTTTATGTT,0,5260120
yqjE_yqjK_yqjD_yqjC_predicted,0.3333333333333333,2,2,ATTATCAACAACCTACGGTT,0,5254150
yqjE_yqjK_yqjD_yqjC_predicted,0.3333333333333333,2,2,ATTAGTTGGAGAGGTTTGAT,0,5196346
yqjE_yqjK_yqjD_yqjC_predicted,0.3333333333333333,2,2,ATTAGTGGGCGGTGTGGGCT,0,5197969
yqjE_yqjK_yqjD_yqjC_predicted,0.3333333333333333,2,2,ATTAGGGGGCCGGTCCCAAA,0,5236274
yqjE_yqjK_yqjD_yqjC_predicted,0.3333333333333333,2,2,ATTAGGACTGGCATTAAGCA,0,5227881
yqjE_yqjK_yqjD_yqjC_predicted,0.3333333333333333,2,2,ATTAGCTGGGTCACAGCGGG,0,5221444
yqjE_yqjK_yqjD_yqjC_predicted,0.3333333333333333,2,2,ATTACTAGGCGTCGGTGGAT,0,5236861
yqjE_yqjK_yqjD_yqjC_predicted,0.3333333333333333,2,2,ATTACCTACCTGAGAGAACA,0,5204959
yqjE_yqjK_yqjD_yqjC_predicted,0.3333333333333333,2,2,ATTACACTGCACCTTCGAGC,0,5234624
yqjE_yqjK_yqjD_yqjC_predicted,0.3333333333333333,2,2,ATTACACGAACATCTTGCAT,0,5200003
yqjE_yqjK_yqjD_yqjC_predicted,0.3333333333333333,2,2,ATTAACCGTCACCCTGCCTC,0,5256672
yqjE_yqjK_yqjD_yqjC_predicted,0.3333333333333333,2,2,ATTAAAGCGGATCTATGGCT,0,5246408
yqjE_yqjK_yqjD_yqjC_predicted,0.3333333333333333,2,2,ATGTTGACTATTGTGCGCTT,0,5235171
yqjE_yqjK_yqjD_yqjC_predicted,0.3333333333333333,2,2,ATGTGGATGCAGGTTTTGCT,0,5230197
yqjE_yqjK_yqjD_yqjC_predicted,0.3333333333333333,2,2,ATGTGGAAGTGCATGACGTT,0,5223333
yqjE_yqjK_yqjD_yqjC_predicted,0.3333333333333333,2,2,ATGTGCGTCAGCTAAGTCTA,0,5218241
yqjE_yqjK_yqjD_yqjC_predicted,0.3333333333333333,2,2,ATGTCCACGCGACACGCGAT,0,5195840
yqjE_yqjK_yqjD_yqjC_predicted,0.3333333333333333,2,2,ATGTCATCGATCCCGTAACC,0,5179530
yqjE_yqjK_yqjD_yqjC_predicted,0.3333333333333333,2,2,ATGTCATAATGACGGCCTTT,0,5195563
yqjE_yqjK_yqjD_yqjC_predicted,0.3333333333333333,2,2,ATGTATGTTAGGTACCAGGA,0,5207773
yqjE_yqjK_yqjD_yqjC_predicted,0.3333333333333333,2,2,ATGTAGAGATTGGTTGCTGA,0,5176092
yqjE_yqjK_yqjD_yqjC_predicted,0.3333333333333333,2,2,ATGTAGAACGCCTGATGCCT,0,5170805
yqjE_yqjK_yqjD_yqjC_predicted,0.3333333333333333,2,2,ATGTAAGGAGGACAACTCTG,0,5252384
yqjE_yqjK_yqjD_yqjC_predicted,0.3333333333333333,2,2,ATGGTGTATGAAAGTGTTAA,0,5259762
yqjE_yqjK_yqjD_yqjC_predicted,0.3333333333333333,2,2,ATGGTGATTTATCGAAATGC,0,5207726
yqjE_yqjK_yqjD_yqjC_predicted,0.3333333333333333,2,2,ATGGTCGTCCGTGGCGCTAT,0,5225058
yqjE_yqjK_yqjD_yqjC_predicted,0.3333333333333333,2,2,ATGGTCCAGAAATTAGAGTT,0,5249444
yqjE_yqjK_yqjD_yqjC_predicted,0.3333333333333333,2,2,ATGGGTAATAATTTCCTTAG,0,5200854
yqjE_yqjK_yqjD_yqjC_predicted,0.3333333333333333,2,2,ATGGGATGAGTATAACTTAG,0,5187060
yqjE_yqjK_yqjD_yqjC_predicted,0.3333333333333333,2,2,ATGGGATAGTCATTCGACGT,0,5171767
yqjE_yqjK_yqjD_yqjC_predicted,0.3333333333333333,2,2,ATGGGAAACCCACGGTGTTA,0,5190336
yqjE_yqjK_yqjD_yqjC_predicted,0.3333333333333333,2,2,ATGGCAGGAACACCTCAGAT,0,5196430
yqjE_yqjK_yqjD_yqjC_predicted,0.3333333333333333,2,2,ATGGCAGAGGTGATCAGGAC,0,5208521
yqjE_yqjK_yqjD_yqjC_predicted,0.3333333333333333,2,2,ATGGAGCAATTGTAGAGGTG,0,5251393
yqjE_yqjK_yqjD_yqjC_predicted,0.3333333333333333,2,2,ATGGACTATGGGGCCTGCCG,0,5213407
yqjE_yqjK_yqjD_yqjC_predicted,0.3333333333333333,2,2,ATGCTCCTTGCGTGCTACGA,0,5253857
yqjE_yqjK_yqjD_yqjC_predicted,0.3333333333333333,2,2,ATGCTCCCGCGCCGCGAATG,0,5171890
yqjE_yqjK_yqjD_yqjC_predicted,0.3333333333333333,2,2,ATGCCGGTGCGCATACCCTA,0,5212721
yqjE_yqjK_yqjD_yqjC_predicted,0.3333333333333333,2,2,ATGCCCGGTGACCGATGCCC,0,5242114
yqjE_yqjK_yqjD_yqjC_predicted,0.3333333333333333,2,2,ATGCCCCAGCCCTGGACCCC,0,5260674
yqjE_yqjK_yqjD_yqjC_predicted,0.3333333333333333,2,2,ATGCATTTTGAGTTATCATG,0,5220485
yqjE_yqjK_yqjD_yqjC_predicted,0.3333333333333333,2,2,ATGCACGAATTCGGGTTAGC,0,5227811
yqjE_yqjK_yqjD_yqjC_predicted,0.3333333333333333,2,2,ATGATTGTGATTCGTGTGAA,0,5216762
yqjE_yqjK_yqjD_yqjC_predicted,0.3333333333333333,2,2,ATGATGGCCAATTTTGCGGG,0,5233221
yqjE_yqjK_yqjD_yqjC_predicted,0.3333333333333333,2,2,ATGATGGAAAGGAGGAACTA,0,5243662
yqjE_yqjK_yqjD_yqjC_predicted,0.3333333333333333,2,2,ATGATGCACCCGAAACACCA,0,5220169
yqjE_yqjK_yqjD_yqjC_predicted,0.3333333333333333,2,2,ATGATGAAGTAGCAGCGAAT,0,5201216
yqjE_yqjK_yqjD_yqjC_predicted,0.3333333333333333,2,2,ATGATCCTCGGCACTGTGGA,0,5208922
yqjE_yqjK_yqjD_yqjC_predicted,0.3333333333333333,2,2,ATGAGTAAATGCAAGTCGCC,0,5247034
yqjE_yqjK_yqjD_yqjC_predicted,0.3333333333333333,2,2,ATGACCGACCTATGAAAGGG,0,5195759
yqjE_yqjK_yqjD_yqjC_predicted,0.3333333333333333,2,2,ATGAATGAACCTGTCCAAAT,0,5187429
yqjE_yqjK_yqjD_yqjC_predicted,0.3333333333333333,2,2,ATGAATCGGGGGCATTGAAG,0,5210205
yqjE_yqjK_yqjD_yqjC_predicted,0.3333333333333333,2,2,ATCTTTCGCAAGAGGCCTTC,0,5198334
yqjE_yqjK_yqjD_yqjC_predicted,0.3333333333333333,2,2,ATCTTCGCGGATCTAAAGTT,0,5252710
yqjE_yqjK_yqjD_yqjC_predicted,0.3333333333333333,2,2,ATCTCCGTAATGGTGCGTGC,0,5259670
yqjE_yqjK_yqjD_yqjC_predicted,0.3333333333333333,2,2,ATCTATAGAGCGCGTTTTTA,0,5233025
yqjE_yqjK_yqjD_yqjC_predicted,0.3333333333333333,2,2,ATCGTGTCGCCGCAGTAAAG,0,5213225
yqjE_yqjK_yqjD_yqjC_predicted,0.3333333333333333,2,2,ATCGTCTGACAAGGTTTGGT,0,5206438
yqjE_yqjK_yqjD_yqjC_predicted,0.3333333333333333,2,2,ATCGTATTTTCTAACTCAAT,0,5225798
yqjE_yqjK_yqjD_yqjC_predicted,0.3333333333333333,2,2,ATCGGCTAAAAAAGTGCCTA,0,5228068
yqjE_yqjK_yqjD_yqjC_predicted,0.3333333333333333,2,2,ATCGGCGTGATTTCGCCGTC,0,5238359
yqjE_yqjK_yqjD_yqjC_predicted,0.3333333333333333,2,2,ATCGCTCGCACGATAGGCGT,0,5191854
yqjE_yqjK_yqjD_yqjC_predicted,0.3333333333333333,2,2,ATCGCACCCTGTTGTACGCG,0,5194678
yqjE_yqjK_yqjD_yqjC_predicted,0.3333333333333333,2,2,ATCGATACGCACCAAATTCT,0,5218565
yqjE_yqjK_yqjD_yqjC_predicted,0.3333333333333333,2,2,ATCCTGCCCTTTGGGATGCT,0,5178509
yqjE_yqjK_yqjD_yqjC_predicted,0.3333333333333333,2,2,ATCCGTGGGCAGAAATCGTG,0,5187131
yqjE_yqjK_yqjD_yqjC_predicted,0.3333333333333333,2,2,ATCCGGCCCGCTGTCAGGCG,0,5174920
yqjE_yqjK_yqjD_yqjC_predicted,0.3333333333333333,2,2,ATCCGAAAGGCCATTCCGGA,0,5206778
yqjE_yqjK_yqjD_yqjC_predicted,0.3333333333333333,2,2,ATCCCGCGGAATGGGACTGA,0,5216451
yqjE_yqjK_yqjD_yqjC_predicted,0.3333333333333333,2,2,ATCCCAGAGTTCGGTGTATG,0,5214961
yqjE_yqjK_yqjD_yqjC_predicted,0.3333333333333333,2,2,ATCCATTCCAGCTGCTTGCC,0,5224167
yqjE_yqjK_yqjD_yqjC_predicted,0.3333333333333333,2,2,ATCCATTCACTGTCTCCGGT,0,5200426
yqjE_yqjK_yqjD_yqjC_predicted,0.3333333333333333,2,2,ATCCACAGGGCTCAAAGGCG,0,5196744
yqjE_yqjK_yqjD_yqjC_predicted,0.3333333333333333,2,2,ATCATATAGGTGACAACATG,0,5203948
yqjE_yqjK_yqjD_yqjC_predicted,0.3333333333333333,2,2,ATCAGTACCTTACTGCGTGT,0,5195379
yqjE_yqjK_yqjD_yqjC_predicted,0.3333333333333333,2,2,ATCAGATATACTGTTCTTTA,0,5222580
yqjE_yqjK_yqjD_yqjC_predicted,0.3333333333333333,2,2,ATCAGAGTAAGTAACGATAC,0,5186813
yqjE_yqjK_yqjD_yqjC_predicted,0.3333333333333333,2,2,ATCACGTGGTCAGGTTTATG,0,5215065
yqjE_yqjK_yqjD_yqjC_predicted,0.3333333333333333,2,2,ATCACCACTTCGGCTGGGAA,0,5251765
yqjE_yqjK_yqjD_yqjC_predicted,0.3333333333333333,2,2,ATCAATACTTAACTGCCATA,0,5205485
yqjE_yqjK_yqjD_yqjC_predicted,0.3333333333333333,2,2,ATATTTGTATACGTCCGAGT,0,5217045
yqjE_yqjK_yqjD_yqjC_predicted,0.3333333333333333,2,2,ATATGTTATGGTATCTCGAA,0,5200291
yqjE_yqjK_yqjD_yqjC_predicted,0.3333333333333333,2,2,ATATGTCGTGGGGTCCGCCG,0,5254280
yqjE_yqjK_yqjD_yqjC_predicted,0.3333333333333333,2,2,ATATGTATCGATAGTATGAT,0,5198409
yqjE_yqjK_yqjD_yqjC_predicted,0.3333333333333333,2,2,ATATGGGTCCTACCATCAGA,0,5217938
yqjE_yqjK_yqjD_yqjC_predicted,0.3333333333333333,2,2,ATATGGGCTAGCCGCGATTA,0,5199353
yqjE_yqjK_yqjD_yqjC_predicted,0.3333333333333333,2,2,ATATCATGGCATGCTCTAAT,0,5212671
yqjE_yqjK_yqjD_yqjC_predicted,0.3333333333333333,2,2,ATAGTTGTCCCCCATAGGTC,0,5234757
yqjE_yqjK_yqjD_yqjC_predicted,0.3333333333333333,2,2,ATAGTTCTTAGGTTATATTG,0,5247988
yqjE_yqjK_yqjD_yqjC_predicted,0.3333333333333333,2,2,ATAGTACTCTAGCCTGTGCA,0,5193645
yqjE_yqjK_yqjD_yqjC_predicted,0.3333333333333333,2,2,ATAGGCTCTCGGCCAGATGC,0,5245847
yqjE_yqjK_yqjD_yqjC_predicted,0.3333333333333333,2,2,ATAGGCCCGCGGACGGGTAA,0,5181628
yqjE_yqjK_yqjD_yqjC_predicted,0.3333333333333333,2,2,ATAGGCAGCTGGCATACTTC,0,5172894
yqjE_yqjK_yqjD_yqjC_predicted,0.3333333333333333,2,2,ATAGCTCGGGCATTGGAAAC,0,5222619
yqjE_yqjK_yqjD_yqjC_predicted,0.3333333333333333,2,2,ATAGCCTATGGCTACGTGCT,0,5201835
yqjE_yqjK_yqjD_yqjC_predicted,0.3333333333333333,2,2,ATAGCCTAGCAAGATTAGCA,0,5213318
yqjE_yqjK_yqjD_yqjC_predicted,0.3333333333333333,2,2,ATAGCCGGGAAAAATACGGT,0,5237180
yqjE_yqjK_yqjD_yqjC_predicted,0.3333333333333333,2,2,ATAGAGGACTAACTCGACTT,0,5205884
yqjE_yqjK_yqjD_yqjC_predicted,0.3333333333333333,2,2,ATACTGCCCATATCATACAT,0,5234025
yqjE_yqjK_yqjD_yqjC_predicted,0.3333333333333333,2,2,ATACTCAACTCGTGGCATTT,0,5175375
yqjE_yqjK_yqjD_yqjC_predicted,0.3333333333333333,2,2,ATACGCATGCCCTGTAGCCA,0,5185903
yqjE_yqjK_yqjD_yqjC_predicted,0.3333333333333333,2,2,ATACGCAGTGCACAGAGAGA,0,5180450
yqjE_yqjK_yqjD_yqjC_predicted,0.3333333333333333,2,2,ATACCTTCGGTAAGTAGCGC,0,5219675
yqjE_yqjK_yqjD_yqjC_predicted,0.3333333333333333,2,2,ATACCCTTCGGAAGGCTCAA,0,5237947
yqjE_yqjK_yqjD_yqjC_predicted,0.3333333333333333,2,2,ATACATGCTAATCACCAGGT,0,5172663
yqjE_yqjK_yqjD_yqjC_predicted,0.3333333333333333,2,2,ATACACTATGAGCCCAATAG,0,5234944
yqjE_yqjK_yqjD_yqjC_predicted,0.3333333333333333,2,2,ATAATAATGCCAGCTGCGGG,0,5224791
yqjE_yqjK_yqjD_yqjC_predicted,0.3333333333333333,2,2,ATAAGTTTATCGGTAGAACA,0,5234441
yqjE_yqjK_yqjD_yqjC_predicted,0.3333333333333333,2,2,ATAACGGCAGAACGTAGATG,0,5174660
yqjE_yqjK_yqjD_yqjC_predicted,0.3333333333333333,2,2,ATAACATGATTGCTCCTTCC,0,5177384
yqjE_yqjK_yqjD_yqjC_predicted,0.3333333333333333,2,2,ATAAAGGGAAACGGACCCAA,0,5225901
yqjE_yqjK_yqjD_yqjC_predicted,0.3333333333333333,2,2,ATAAAACTCCTGGTTCGCGA,0,5221477
yqjE_yqjK_yqjD_yqjC_predicted,0.3333333333333333,2,2,AGTTTTGTTTTCGCCATTGG,0,5191293
yqjE_yqjK_yqjD_yqjC_predicted,0.3333333333333333,2,2,AGTTTTAATACTAGCCCTCG,0,5218946
yqjE_yqjK_yqjD_yqjC_predicted,0.3333333333333333,2,2,AGTTTGCCGAGGGTCCAAGT,0,5247543
yqjE_yqjK_yqjD_yqjC_predicted,0.3333333333333333,2,2,AGTTTCCCGCGAAACCTGCT,0,5252589
yqjE_yqjK_yqjD_yqjC_predicted,0.3333333333333333,2,2,AGTTTATGAACATCACACGG,0,5236848
yqjE_yqjK_yqjD_yqjC_predicted,0.3333333333333333,2,2,AGTTGGATCGATCGCAGGGA,0,5184594
yqjE_yqjK_yqjD_yqjC_predicted,0.3333333333333333,2,2,AGTTGCCTATACTCATTCCC,0,5188311
yqjE_yqjK_yqjD_yqjC_predicted,0.3333333333333333,2,2,AGTTCGCAAACGTTGACTGA,0,5216810
yqjE_yqjK_yqjD_yqjC_predicted,0.3333333333333333,2,2,AGTTCATCTGCACCCTATTA,0,5198332
yqjE_yqjK_yqjD_yqjC_predicted,0.3333333333333333,2,2,AGTTAACATATGCAGAGTCT,0,5220272
yqjE_yqjK_yqjD_yqjC_predicted,0.3333333333333333,2,2,AGTGTTACAAGTATTGTCTC,0,5248997
yqjE_yqjK_yqjD_yqjC_predicted,0.3333333333333333,2,2,AGTGTAAAACCGGGGAAGCA,0,5208607
yqjE_yqjK_yqjD_yqjC_predicted,0.3333333333333333,2,2,AGTGGTTTCACAGTATTTCA,0,5176030
yqjE_yqjK_yqjD_yqjC_predicted,0.3333333333333333,2,2,AGTGGTACTTCAATTCATCA,0,5182831
yqjE_yqjK_yqjD_yqjC_predicted,0.3333333333333333,2,2,AGTGGAGCGGAGGCGGACAT,0,5251756
yqjE_yqjK_yqjD_yqjC_predicted,0.3333333333333333,2,2,AGTGCTCCAAAACGACCATT,0,5215942
yqjE_yqjK_yqjD_yqjC_predicted,0.3333333333333333,2,2,AGTGCACGAGGCGGGATGAA,0,5196065
yqjE_yqjK_yqjD_yqjC_predicted,0.3333333333333333,2,2,AGTGCACACGTCGTTAGGTC,0,5252111
yqjE_yqjK_yqjD_yqjC_predicted,0.3333333333333333,2,2,AGTGAGTGGGATTAGATCAC,0,5251970
yqjE_yqjK_yqjD_yqjC_predicted,0.3333333333333333,2,2,AGTCTCTAAAGAGGTAAATG,0,5215559
yqjE_yqjK_yqjD_yqjC_predicted,0.3333333333333333,2,2,AGTCTATGTGCGGCCCTCGC,0,5201014
yqjE_yqjK_yqjD_yqjC_predicted,0.3333333333333333,2,2,AGTCTAAGCTGTAACCCAGA,0,5220346
yqjE_yqjK_yqjD_yqjC_predicted,0.3333333333333333,2,2,AGTCGGGGTGATACCGTTGC,0,5227475
yqjE_yqjK_yqjD_yqjC_predicted,0.3333333333333333,2,2,AGTCGGAAGTAGGTCCGTCG,0,5243938
yqjE_yqjK_yqjD_yqjC_predicted,0.3333333333333333,2,2,AGTCGGAAATGGCGCAATAC,0,5193952
yqjE_yqjK_yqjD_yqjC_predicted,0.3333333333333333,2,2,AGTCGAATTCCGTTTGCTTA,0,5204703
yqjE_yqjK_yqjD_yqjC_predicted,0.3333333333333333,2,2,AGTCCTCTGTGTTGGAGTAA,0,5247272
yqjE_yqjK_yqjD_yqjC_predicted,0.3333333333333333,2,2,AGTCCCTAGGGTGCGCACTA,0,5255889
yqjE_yqjK_yqjD_yqjC_predicted,0.3333333333333333,2,2,AGTCAGACGGGAAGGACGCT,0,5251873
yqjE_yqjK_yqjD_yqjC_predicted,0.3333333333333333,2,2,AGTCAACCAAGCAAGGCAGA,0,5259543
yqjE_yqjK_yqjD_yqjC_predicted,0.3333333333333333,2,2,AGTATCACGCGAACAGATTG,0,5226050
yqjE_yqjK_yqjD_yqjC_predicted,0.3333333333333333,2,2,AGTATCACATGCTGCAGGTT,0,5237717
yqjE_yqjK_yqjD_yqjC_predicted,0.3333333333333333,2,2,AGTATATGCCAGCGGTTATT,0,5224114
yqjE_yqjK_yqjD_yqjC_predicted,0.3333333333333333,2,2,AGTAGTAGATCTCCAGGCAG,0,5201729
yqjE_yqjK_yqjD_yqjC_predicted,0.3333333333333333,2,2,AGTAGCGCATTCAGTAGGAC,0,5171573
yqjE_yqjK_yqjD_yqjC_predicted,0.3333333333333333,2,2,AGTACTCTTAGAAATGGCCA,0,5197786
yqjE_yqjK_yqjD_yqjC_predicted,0.3333333333333333,2,2,AGTAATTGCTACACTCTCGG,0,5186539
yqjE_yqjK_yqjD_yqjC_predicted,0.3333333333333333,2,2,AGTAATTGATAGTGCCCAGG,0,5175361
yqjE_yqjK_yqjD_yqjC_predicted,0.3333333333333333,2,2,AGTAATCGCCCAGAGAATCA,0,5236253
yqjE_yqjK_yqjD_yqjC_predicted,0.3333333333333333,2,2,AGTAACAAGACGCCATGACA,0,5221570
yqjE_yqjK_yqjD_yqjC_predicted,0.3333333333333333,2,2,AGTAAAGTAATACCGACACA,0,5241681
yqjE_yqjK_yqjD_yqjC_predicted,0.3333333333333333,2,2,AGGTTGGCGCGCACCCGTGG,0,5178409
yqjE_yqjK_yqjD_yqjC_predicted,0.3333333333333333,2,2,AGGTCCGTCCGAGCGTGGGT,0,5247702
yqjE_yqjK_yqjD_yqjC_predicted,0.3333333333333333,2,2,AGGTCCGGAGCGAACGCGAC,0,5220359
yqjE_yqjK_yqjD_yqjC_predicted,0.3333333333333333,2,2,AGGTCATAGGGCTATGCTTC,0,5244332
yqjE_yqjK_yqjD_yqjC_predicted,0.3333333333333333,2,2,AGGTACGGGGGGGCTGATTA,0,5225627
yqjE_yqjK_yqjD_yqjC_predicted,0.3333333333333333,2,2,AGGTACGCTATCCTCGACTA,0,5209533
yqjE_yqjK_yqjD_yqjC_predicted,0.3333333333333333,2,2,AGGGTTGGGCTAGTTTAGTG,0,5257299
yqjE_yqjK_yqjD_yqjC_predicted,0.3333333333333333,2,2,AGGGTTCCACACCGGTGACT,0,5174122
yqjE_yqjK_yqjD_yqjC_predicted,0.3333333333333333,2,2,AGGGTCCTTGTTCCGAGCAG,0,5203445
yqjE_yqjK_yqjD_yqjC_predicted,0.3333333333333333,2,2,AGGGTCAGCAGGTCGGGTGC,0,5188615
yqjE_yqjK_yqjD_yqjC_predicted,0.3333333333333333,2,2,AGGGTAGATGAGCGCGCATA,0,5246357
yqjE_yqjK_yqjD_yqjC_predicted,0.3333333333333333,2,2,AGGGTAACAATCACAAAGTT,0,5194672
yqjE_yqjK_yqjD_yqjC_predicted,0.3333333333333333,2,2,AGGGGGTCACTGGGGAAATC,0,5233097
yqjE_yqjK_yqjD_yqjC_predicted,0.3333333333333333,2,2,AGGGGCTATGGCTACGCAGG,0,5242082
yqjE_yqjK_yqjD_yqjC_predicted,0.3333333333333333,2,2,AGGGGACTCACTTAAGTCAG,0,5204015
yqjE_yqjK_yqjD_yqjC_predicted,0.3333333333333333,2,2,AGGGGACACTTGCTTCATAT,0,5252299
yqjE_yqjK_yqjD_yqjC_predicted,0.3333333333333333,2,2,AGGGCTGGGGAGTAAACTGA,0,5203178
yqjE_yqjK_yqjD_yqjC_predicted,0.3333333333333333,2,2,AGGGCGAGTGAGGCAGTTCT,0,5214905
yqjE_yqjK_yqjD_yqjC_predicted,0.3333333333333333,2,2,AGGGCGAAAAATTCTGGACT,0,5192616
yqjE_yqjK_yqjD_yqjC_predicted,0.3333333333333333,2,2,AGGGACAATCTATGGCTGGA,0,5242981
yqjE_yqjK_yqjD_yqjC_predicted,0.3333333333333333,2,2,AGGCTTCCGTGCCCGACCGG,0,5244343
yqjE_yqjK_yqjD_yqjC_predicted,0.3333333333333333,2,2,AGGCTGTTAGACGTTATCAG,0,5258969
yqjE_yqjK_yqjD_yqjC_predicted,0.3333333333333333,2,2,AGGCTATGATGTGACTGTCC,0,5251058
yqjE_yqjK_yqjD_yqjC_predicted,0.3333333333333333,2,2,AGGCTATAGTATCGCGAAAA,0,5260809
yqjE_yqjK_yqjD_yqjC_predicted,0.3333333333333333,2,2,AGGCTAAAAAGTCAGGCAGA,0,5201558
yqjE_yqjK_yqjD_yqjC_predicted,0.3333333333333333,2,2,AGGCGTTCAACGTTTGTTGT,0,5223816
yqjE_yqjK_yqjD_yqjC_predicted,0.3333333333333333,2,2,AGGCGTGCCCGTTCAGCTAC,0,5240783
yqjE_yqjK_yqjD_yqjC_predicted,0.3333333333333333,2,2,AGGCCTGAACTCGGCTAAAG,0,5197249
yqjE_yqjK_yqjD_yqjC_predicted,0.3333333333333333,2,2,AGGCATGATCCTGGGAGCTG,0,5225247
yqjE_yqjK_yqjD_yqjC_predicted,0.3333333333333333,2,2,AGGCAAGCGGAACGAGTACA,0,5226952
yqjE_yqjK_yqjD_yqjC_predicted,0.3333333333333333,2,2,AGGCAAAACTACGCGGGTTG,0,5182042
yqjE_yqjK_yqjD_yqjC_predicted,0.3333333333333333,2,2,AGGATTTACCGTTTTCAGAT,0,5238572
yqjE_yqjK_yqjD_yqjC_predicted,0.3333333333333333,2,2,AGGATCAGTAAGGGGCTGAA,0,5204977
yqjE_yqjK_yqjD_yqjC_predicted,0.3333333333333333,2,2,AGGATAAGCGTTAATTTACC,0,5250484
yqjE_yqjK_yqjD_yqjC_predicted,0.3333333333333333,2,2,AGGAGGGCACACGGGTGGAA,0,5215745
yqjE_yqjK_yqjD_yqjC_predicted,0.3333333333333333,2,2,AGGAGGCCCAAACCTCAAGC,0,5210215
yqjE_yqjK_yqjD_yqjC_predicted,0.3333333333333333,2,2,AGGACTCTAGCTGGAAAACA,0,5250002
yqjE_yqjK_yqjD_yqjC_predicted,0.3333333333333333,2,2,AGGACTCAAAGTTTAATGAC,0,5189346
yqjE_yqjK_yqjD_yqjC_predicted,0.3333333333333333,2,2,AGGACCCCGCGTGTAACGGG,0,5213265
yqjE_yqjK_yqjD_yqjC_predicted,0.3333333333333333,2,2,AGGACCACTTAATTAGATTC,0,5252560
yqjE_yqjK_yqjD_yqjC_predicted,0.3333333333333333,2,2,AGGACCAACGGCCTCGCGCT,0,5238372
yqjE_yqjK_yqjD_yqjC_predicted,0.3333333333333333,2,2,AGGAATGATGGCCATATGTG,0,5260576
yqjE_yqjK_yqjD_yqjC_predicted,0.3333333333333333,2,2,AGGAAGCGACGAGTAGCATA,0,5199396
yqjE_yqjK_yqjD_yqjC_predicted,0.3333333333333333,2,2,AGGAAGAAGCAAAGTCTCCT,0,5247995
yqjE_yqjK_yqjD_yqjC_predicted,0.3333333333333333,2,2,AGGAAAGACGCACCACCAAG,0,5171634
yqjE_yqjK_yqjD_yqjC_predicted,0.3333333333333333,2,2,AGCTTCTCGGTACATGCCCC,0,5172956
yqjE_yqjK_yqjD_yqjC_predicted,0.3333333333333333,2,2,AGCTTACTATCCTAACCATT,0,5260442
yqjE_yqjK_yqjD_yqjC_predicted,0.3333333333333333,2,2,AGCTTAATCGTAGTCTCGCA,0,5247443
yqjE_yqjK_yqjD_yqjC_predicted,0.3333333333333333,2,2,AGCTGCCAGCATCATGCATA,0,5232233
yqjE_yqjK_yqjD_yqjC_predicted,0.3333333333333333,2,2,AGCTCGGTAGGCTTGGGGAC,0,5199989
yqjE_yqjK_yqjD_yqjC_predicted,0.3333333333333333,2,2,AGCTCCATTTAATCGTGCTG,0,5230405
yqjE_yqjK_yqjD_yqjC_predicted,0.3333333333333333,2,2,AGCTCAGCGTGGTCATGGCT,0,5227149
yqjE_yqjK_yqjD_yqjC_predicted,0.3333333333333333,2,2,AGCTATCTGGACATCTCAAT,0,5235801
yqjE_yqjK_yqjD_yqjC_predicted,0.3333333333333333,2,2,AGCTAAGCCTTTAACGCGAT,0,5252777
yqjE_yqjK_yqjD_yqjC_predicted,0.3333333333333333,2,2,AGCGTATGCTCGATGACAGA,0,5238405
yqjE_yqjK_yqjD_yqjC_predicted,0.3333333333333333,2,2,AGCGTATAGACTACCGTTTT,0,5248582
yqjE_yqjK_yqjD_yqjC_predicted,0.3333333333333333,2,2,AGCGCGTATCCGTAGGTCTC,0,5220186
yqjE_yqjK_yqjD_yqjC_predicted,0.3333333333333333,2,2,AGCGCCGTAGAGCACCGTGG,0,5234458
yqjE_yqjK_yqjD_yqjC_predicted,0.3333333333333333,2,2,AGCGATCACTCTGCGACGGA,0,5216598
yqjE_yqjK_yqjD_yqjC_predicted,0.3333333333333333,2,2,AGCCTTTCGTAGAATGCCGA,0,5196404
yqjE_yqjK_yqjD_yqjC_predicted,0.3333333333333333,2,2,AGCCTTACCAGTCCATGAAA,0,5203154
yqjE_yqjK_yqjD_yqjC_predicted,0.3333333333333333,2,2,AGCCTAACTTCATCGTACAT,0,5250239
yqjE_yqjK_yqjD_yqjC_predicted,0.3333333333333333,2,2,AGCCGTGATTCACGCCTGTT,0,5255805
yqjE_yqjK_yqjD_yqjC_predicted,0.3333333333333333,2,2,AGCCGTCGGGGCGTGGATAC,0,5208859
yqjE_yqjK_yqjD_yqjC_predicted,0.3333333333333333,2,2,AGCCGCTTGCATGTGCTCTC,0,5238028
yqjE_yqjK_yqjD_yqjC_predicted,0.3333333333333333,2,2,AGCCCGCCAGGCGCGACCCC,0,5258560
yqjE_yqjK_yqjD_yqjC_predicted,0.3333333333333333,2,2,AGCCCATTAGTTAGCTCGAG,0,5171287
yqjE_yqjK_yqjD_yqjC_predicted,0.3333333333333333,2,2,AGCCCAAATAGTAGTTCGTT,0,5256445
yqjE_yqjK_yqjD_yqjC_predicted,0.3333333333333333,2,2,AGCCACTTGGTTCAGTCTAG,0,5216944
yqjE_yqjK_yqjD_yqjC_predicted,0.3333333333333333,2,2,AGCCAAAATCCGAATCGTGT,0,5256540
yqjE_yqjK_yqjD_yqjC_predicted,0.3333333333333333,2,2,AGCATTTCGGATGCGAACTT,0,5238559
yqjE_yqjK_yqjD_yqjC_predicted,0.3333333333333333,2,2,AGCATCAGTGCAATCACACC,0,5226646
yqjE_yqjK_yqjD_yqjC_predicted,0.3333333333333333,2,2,AGCAGAGCAGCGCGTACGAG,0,5254726
yqjE_yqjK_yqjD_yqjC_predicted,0.3333333333333333,2,2,AGCACTGCGACAGGAGTGTG,0,5238513
yqjE_yqjK_yqjD_yqjC_predicted,0.3333333333333333,2,2,AGCACTGATAAGCGTCCCGA,0,5225243
yqjE_yqjK_yqjD_yqjC_predicted,0.3333333333333333,2,2,AGCACCGGCCAGCACGTACA,0,5235634
yqjE_yqjK_yqjD_yqjC_predicted,0.3333333333333333,2,2,AGCACCAGGAGATGATTGCT,0,5195568
yqjE_yqjK_yqjD_yqjC_predicted,0.3333333333333333,2,2,AGCAATTAACTGAAATGGTC,0,5236263
yqjE_yqjK_yqjD_yqjC_predicted,0.3333333333333333,2,2,AGCAACTTCAAGGGTTCTCG,0,5198370
yqjE_yqjK_yqjD_yqjC_predicted,0.3333333333333333,2,2,AGCAACATTTGTCCCGCATT,0,5219506
yqjE_yqjK_yqjD_yqjC_predicted,0.3333333333333333,2,2,AGATTTAACGATTCTTAAGA,0,5201580
yqjE_yqjK_yqjD_yqjC_predicted,0.3333333333333333,2,2,AGATTGGCAAAGGGATGACT,0,5187761
yqjE_yqjK_yqjD_yqjC_predicted,0.3333333333333333,2,2,AGATTCAATGAGTTCTACAC,0,5245971
yqjE_yqjK_yqjD_yqjC_predicted,0.3333333333333333,2,2,AGATCGGTGCGGTATTGAAT,0,5239237
yqjE_yqjK_yqjD_yqjC_predicted,0.3333333333333333,2,2,AGATCAGGGGTTTCACTATT,0,5225710
yqjE_yqjK_yqjD_yqjC_predicted,0.3333333333333333,2,2,AGATACCGTCCGTGCTTTTA,0,5240762
yqjE_yqjK_yqjD_yqjC_predicted,0.3333333333333333,2,2,AGATAACGCTATGCAAAGTT,0,5252038
yqjE_yqjK_yqjD_yqjC_predicted,0.3333333333333333,2,2,AGAGTTTGAGGCCGCTCATG,0,5218245
yqjE_yqjK_yqjD_yqjC_predicted,0.3333333333333333,2,2,AGAGTGGTGTTCGTTCTGTT,0,5182567
yqjE_yqjK_yqjD_yqjC_predicted,0.3333333333333333,2,2,AGAGTATGGCATATCTAGCT,0,5216556
yqjE_yqjK_yqjD_yqjC_predicted,0.3333333333333333,2,2,AGAGGTCGAGTGGTGGAAAC,0,5210384
yqjE_yqjK_yqjD_yqjC_predicted,0.3333333333333333,2,2,AGAGCGTGTTAGTGCGGACT,0,5236366
yqjE_yqjK_yqjD_yqjC_predicted,0.3333333333333333,2,2,AGAGAGTCGCTGAGATAGGT,0,5221326
yqjE_yqjK_yqjD_yqjC_predicted,0.3333333333333333,2,2,AGAGACCACGGGCGGTACAT,0,5230377
yqjE_yqjK_yqjD_yqjC_predicted,0.3333333333333333,2,2,AGACTTTACGGGTATGCCAA,0,5192106
yqjE_yqjK_yqjD_yqjC_predicted,0.3333333333333333,2,2,AGACTGCCCGAGACCTGCAT,0,5200895
yqjE_yqjK_yqjD_yqjC_predicted,0.3333333333333333,2,2,AGACTGATTAACGTGTGCTT,0,5183093
yqjE_yqjK_yqjD_yqjC_predicted,0.3333333333333333,2,2,AGACTATTACCTTGGCTCGA,0,5249760
yqjE_yqjK_yqjD_yqjC_predicted,0.3333333333333333,2,2,AGACGCCAGATCTATCTCAT,0,5171254
yqjE_yqjK_yqjD_yqjC_predicted,0.3333333333333333,2,2,AGACCTTGCCTCGTTAACAT,0,5188607
yqjE_yqjK_yqjD_yqjC_predicted,0.3333333333333333,2,2,AGACCGGCGCTCGTGTCCCA,0,5199470
yqjE_yqjK_yqjD_yqjC_predicted,0.3333333333333333,2,2,AGAATGGGTGCCTTCTAGGG,0,5195036
yqjE_yqjK_yqjD_yqjC_predicted,0.3333333333333333,2,2,AGAAGTTCAGTTCAAGCGTA,0,5178591
yqjE_yqjK_yqjD_yqjC_predicted,0.3333333333333333,2,2,AGAACTCCATCCCGCGCTTC,0,5257379
yqjE_yqjK_yqjD_yqjC_predicted,0.3333333333333333,2,2,AGAACGGTCTTGTGTAGGTG,0,5210685
yqjE_yqjK_yqjD_yqjC_predicted,0.3333333333333333,2,2,AGAACCGTTCATGAGAAAAG,0,5223214
yqjE_yqjK_yqjD_yqjC_predicted,0.3333333333333333,2,2,AGAACACACCTACAGAGTAG,0,5201411
yqjE_yqjK_yqjD_yqjC_predicted,0.3333333333333333,2,2,AGAAACGCAACATCAAGCAA,0,5254357
yqjE_yqjK_yqjD_yqjC_predicted,0.3333333333333333,2,2,AGAAAACAAGTTCAAGGTAC,0,5197391
yqjE_yqjK_yqjD_yqjC_predicted,0.3333333333333333,2,2,ACTTTTGTCTCGTCCCTTGC,0,5200524
yqjE_yqjK_yqjD_yqjC_predicted,0.3333333333333333,2,2,ACTTTAAGCTAGATGTGTCC,0,5257193
yqjE_yqjK_yqjD_yqjC_predicted,0.3333333333333333,2,2,ACTTCATTGAGTCAGCATAA,0,5202744
yqjE_yqjK_yqjD_yqjC_predicted,0.3333333333333333,2,2,ACTTATGTTTGATGCGATAC,0,5237892
yqjE_yqjK_yqjD_yqjC_predicted,0.3333333333333333,2,2,ACTGTGGTGTCCATGTGACA,0,5188267
yqjE_yqjK_yqjD_yqjC_predicted,0.3333333333333333,2,2,ACTGTAGTTGCTGTCTCACA,0,5243667
yqjE_yqjK_yqjD_yqjC_predicted,0.3333333333333333,2,2,ACTGGTCTCGAAAAAACTCT,0,5196658
yqjE_yqjK_yqjD_yqjC_predicted,0.3333333333333333,2,2,ACTGGGGGCTATTTAACAAG,0,5193239
yqjE_yqjK_yqjD_yqjC_predicted,0.3333333333333333,2,2,ACTGGGGACAACTGGGTACC,0,5226874
yqjE_yqjK_yqjD_yqjC_predicted,0.3333333333333333,2,2,ACTGGGCTTAATTTAGCCTG,0,5254127
yqjE_yqjK_yqjD_yqjC_predicted,0.3333333333333333,2,2,ACTGGAGGGGATCTTTCGTA,0,5235322
yqjE_yqjK_yqjD_yqjC_predicted,0.3333333333333333,2,2,ACTGGACCATTTGCCTGGAG,0,5205390
yqjE_yqjK_yqjD_yqjC_predicted,0.3333333333333333,2,2,ACTGCGGTTGGACGGCAACT,0,5223080
yqjE_yqjK_yqjD_yqjC_predicted,0.3333333333333333,2,2,ACTGCGGATGGGACGCCCTC,0,5202331
yqjE_yqjK_yqjD_yqjC_predicted,0.3333333333333333,2,2,ACTCTTTGTTTACTCGTCAA,0,5244637
yqjE_yqjK_yqjD_yqjC_predicted,0.3333333333333333,2,2,ACTCTTAATCTCCTTATTGC,0,5197079
yqjE_yqjK_yqjD_yqjC_predicted,0.3333333333333333,2,2,ACTCTGCCAAATGTAGCAGG,0,5203385
yqjE_yqjK_yqjD_yqjC_predicted,0.3333333333333333,2,2,ACTCTGATGTGCGGCTGGCT,0,5212568
yqjE_yqjK_yqjD_yqjC_predicted,0.3333333333333333,2,2,ACTCTCTGCTAAATCCTCTC,0,5227435
yqjE_yqjK_yqjD_yqjC_predicted,0.3333333333333333,2,2,ACTCTCAAGTGCTGAGCTGG,0,5174258
yqjE_yqjK_yqjD_yqjC_predicted,0.3333333333333333,2,2,ACTCGGCATCTGATAGATTC,0,5229486
yqjE_yqjK_yqjD_yqjC_predicted,0.3333333333333333,2,2,ACTCGCAGTCGAAGTCGGAG,0,5179536
yqjE_yqjK_yqjD_yqjC_predicted,0.3333333333333333,2,2,ACTCGATGTATCGTGCGTCA,0,5239403
yqjE_yqjK_yqjD_yqjC_predicted,0.3333333333333333,2,2,ACTCGACATTCTTCCTGCGT,0,5252315
yqjE_yqjK_yqjD_yqjC_predicted,0.3333333333333333,2,2,ACTCCTGCGATCCAGAATGA,0,5228229
yqjE_yqjK_yqjD_yqjC_predicted,0.3333333333333333,2,2,ACTCCCAAGTGGTAGGGGTA,0,5197716
yqjE_yqjK_yqjD_yqjC_predicted,0.3333333333333333,2,2,ACTCATTGCAACCTGACTAA,0,5173165
yqjE_yqjK_yqjD_yqjC_predicted,0.3333333333333333,2,2,ACTCAGATCCCCGCACGTGG,0,5227800
yqjE_yqjK_yqjD_yqjC_predicted,0.3333333333333333,2,2,ACTATCTAATTAGACCTCTT,0,5254194
yqjE_yqjK_yqjD_yqjC_predicted,0.3333333333333333,2,2,ACTAGGACAATCTTGGTAGT,0,5238867
yqjE_yqjK_yqjD_yqjC_predicted,0.3333333333333333,2,2,ACTAATATCTAAGCCTCGGT,0,5199016
yqjE_yqjK_yqjD_yqjC_predicted,0.3333333333333333,2,2,ACTAACTTAAGTCCTACATA,0,5172699
yqjE_yqjK_yqjD_yqjC_predicted,0.3333333333333333,2,2,ACTAACTCCAGTTGTTGAGT,0,5260596
yqjE_yqjK_yqjD_yqjC_predicted,0.3333333333333333,2,2,ACGTTGGTTGCCAAGTGGCT,0,5215845
yqjE_yqjK_yqjD_yqjC_predicted,0.3333333333333333,2,2,ACGTTCTTCCAGCCTCAGTA,0,5243232
yqjE_yqjK_yqjD_yqjC_predicted,0.3333333333333333,2,2,ACGTGGGGGAGACTTTGCAA,0,5237852
yqjE_yqjK_yqjD_yqjC_predicted,0.3333333333333333,2,2,ACGTGATAAGGACTCGCAGA,0,5187165
yqjE_yqjK_yqjD_yqjC_predicted,0.3333333333333333,2,2,ACGTCCAGCAGACCTTTGAA,0,5176725
yqjE_yqjK_yqjD_yqjC_predicted,0.3333333333333333,2,2,ACGTACGCAGGCAGGTTCAG,0,5225088
yqjE_yqjK_yqjD_yqjC_predicted,0.3333333333333333,2,2,ACGGTTTTGTTTTAGCTATC,0,5250620
yqjE_yqjK_yqjD_yqjC_predicted,0.3333333333333333,2,2,ACGGGTTACAACCCTGGGAA,0,5213109
yqjE_yqjK_yqjD_yqjC_predicted,0.3333333333333333,2,2,ACGGGGATAGTGAGACACAT,0,5231068
yqjE_yqjK_yqjD_yqjC_predicted,0.3333333333333333,2,2,ACGGGCTATCGTATAGCTCG,0,5223342
yqjE_yqjK_yqjD_yqjC_predicted,0.3333333333333333,2,2,ACGGGCGAACCGGGGTTGGT,0,5198488
yqjE_yqjK_yqjD_yqjC_predicted,0.3333333333333333,2,2,ACGGGCCGAGGTGCCATCCC,0,5200784
yqjE_yqjK_yqjD_yqjC_predicted,0.3333333333333333,2,2,ACGGGAACCAGATTGGAGAC,0,5192475
yqjE_yqjK_yqjD_yqjC_predicted,0.3333333333333333,2,2,ACGGCAGGGGGGCACAAGTT,0,5200191
yqjE_yqjK_yqjD_yqjC_predicted,0.3333333333333333,2,2,ACGGAGGCGGTCCTCTAGCC,0,5253044
yqjE_yqjK_yqjD_yqjC_predicted,0.3333333333333333,2,2,ACGGAGCGCGATTTGCTCGC,0,5221010
yqjE_yqjK_yqjD_yqjC_predicted,0.3333333333333333,2,2,ACGGAACCACACACTCGACG,0,5219810
yqjE_yqjK_yqjD_yqjC_predicted,0.3333333333333333,2,2,ACGCTTGGGGATTCGCAACA,0,5237156
yqjE_yqjK_yqjD_yqjC_predicted,0.3333333333333333,2,2,ACGCTGACACTAGACGCCGT,0,5191998
yqjE_yqjK_yqjD_yqjC_predicted,0.3333333333333333,2,2,ACGCGGTCAGCCGAACCAAC,0,5203055
yqjE_yqjK_yqjD_yqjC_predicted,0.3333333333333333,2,2,ACGCGACTCAGGTGCATCAT,0,5254025
yqjE_yqjK_yqjD_yqjC_predicted,0.3333333333333333,2,2,ACGCCGGCATTGTAAGCTGA,0,5246572
yqjE_yqjK_yqjD_yqjC_predicted,0.3333333333333333,2,2,ACGCCGCCGGCGGGGACATA,0,5184982
yqjE_yqjK_yqjD_yqjC_predicted,0.3333333333333333,2,2,ACGCCAGAAGTTCTCGCGCA,0,5226375
yqjE_yqjK_yqjD_yqjC_predicted,0.3333333333333333,2,2,ACGCCACACTCAGGATGCAT,0,5181076
yqjE_yqjK_yqjD_yqjC_predicted,0.3333333333333333,2,2,ACGCAACTCGTCTGAGGAAC,0,5200230
yqjE_yqjK_yqjD_yqjC_predicted,0.3333333333333333,2,2,ACGATGTATTCCGCCACGAC,0,5250104
yqjE_yqjK_yqjD_yqjC_predicted,0.3333333333333333,2,2,ACGATGGTTGATTCCATACT,0,5172412
yqjE_yqjK_yqjD_yqjC_predicted,0.3333333333333333,2,2,ACGAGCTCGTTACAAACTCT,0,5179584
yqjE_yqjK_yqjD_yqjC_predicted,0.3333333333333333,2,2,ACGAGCTCAGCAGCAGGGAT,0,5201458
yqjE_yqjK_yqjD_yqjC_predicted,0.3333333333333333,2,2,ACGAGCGTCACCCCGACCGC,0,5192362
yqjE_yqjK_yqjD_yqjC_predicted,0.3333333333333333,2,2,ACGAGACCGAGGACTAACAA,0,5224168
yqjE_yqjK_yqjD_yqjC_predicted,0.3333333333333333,2,2,ACGACACTCTAAGCCATCAC,0,5198152
yqjE_yqjK_yqjD_yqjC_predicted,0.3333333333333333,2,2,ACGAACATTCAAAGGCTGGA,0,5231028
yqjE_yqjK_yqjD_yqjC_predicted,0.3333333333333333,2,2,ACCTTGACGTCTATAGGGGT,0,5251231
yqjE_yqjK_yqjD_yqjC_predicted,0.3333333333333333,2,2,ACCTTCCTATTATGACTGTA,0,5171432
yqjE_yqjK_yqjD_yqjC_predicted,0.3333333333333333,2,2,ACCTTAGAGTTCCCCACCTG,0,5216560
yqjE_yqjK_yqjD_yqjC_predicted,0.3333333333333333,2,2,ACCTGTGCTTGTAATGTATT,0,5204297
yqjE_yqjK_yqjD_yqjC_predicted,0.3333333333333333,2,2,ACCTCTTGCCAATCCCAGGC,0,5230889
yqjE_yqjK_yqjD_yqjC_predicted,0.3333333333333333,2,2,ACCTCTGTCGATCAGTAGTA,0,5243645
yqjE_yqjK_yqjD_yqjC_predicted,0.3333333333333333,2,2,ACCTCTGTATGGTGGCGCGT,0,5179076
yqjE_yqjK_yqjD_yqjC_predicted,0.3333333333333333,2,2,ACCTCGCACTAGCCACCGCG,0,5247478
yqjE_yqjK_yqjD_yqjC_predicted,0.3333333333333333,2,2,ACCTCAAGTCATTTCGGGAT,0,5259612
yqjE_yqjK_yqjD_yqjC_predicted,0.3333333333333333,2,2,ACCTAAACGGGTCTAAAAAG,0,5254812
yqjE_yqjK_yqjD_yqjC_predicted,0.3333333333333333,2,2,ACCGTTAAGACTCAAAGTTG,0,5258072
yqjE_yqjK_yqjD_yqjC_predicted,0.3333333333333333,2,2,ACCGGTTCAGCCAAGTCCGA,0,5192109
yqjE_yqjK_yqjD_yqjC_predicted,0.3333333333333333,2,2,ACCGGTCGGATCTTTGACAA,0,5215400
yqjE_yqjK_yqjD_yqjC_predicted,0.3333333333333333,2,2,ACCGGGGTGCGGTCCCCCCT,0,5259325
yqjE_yqjK_yqjD_yqjC_predicted,0.3333333333333333,2,2,ACCGATAGGTATACGACTGT,0,5244072
yqjE_yqjK_yqjD_yqjC_predicted,0.3333333333333333,2,2,ACCGAGGATGAGTTTTCCCA,0,5220935
yqjE_yqjK_yqjD_yqjC_predicted,0.3333333333333333,2,2,ACCGACCGCGTCCTGGGCGG,0,5237824
yqjE_yqjK_yqjD_yqjC_predicted,0.3333333333333333,2,2,ACCCGGAGGGCTCGGGAGAC,0,5218981
yqjE_yqjK_yqjD_yqjC_predicted,0.3333333333333333,2,2,ACCCGCAACCCTGTTTTTGC,0,5208934
yqjE_yqjK_yqjD_yqjC_predicted,0.3333333333333333,2,2,ACCCGAGGTAGGGCCAGGGC,0,5235052
yqjE_yqjK_yqjD_yqjC_predicted,0.3333333333333333,2,2,ACCCGAGAGACTCTCAGGAA,0,5178015
yqjE_yqjK_yqjD_yqjC_predicted,0.3333333333333333,2,2,ACCCCGACATGTTACAGGGT,0,5256097
yqjE_yqjK_yqjD_yqjC_predicted,0.3333333333333333,2,2,ACCCACTGATGCTCCGCGCC,0,5223774
yqjE_yqjK_yqjD_yqjC_predicted,0.3333333333333333,2,2,ACCCAACGCTAGGGACGTTG,0,5259882
yqjE_yqjK_yqjD_yqjC_predicted,0.3333333333333333,2,2,ACCATATACAATCGCGCTCA,0,5184146
yqjE_yqjK_yqjD_yqjC_predicted,0.3333333333333333,2,2,ACCATACACATTGCGTGGTT,0,5174826
yqjE_yqjK_yqjD_yqjC_predicted,0.3333333333333333,2,2,ACCAGTCAGCCGTTTTTTAT,0,5180044
yqjE_yqjK_yqjD_yqjC_predicted,0.3333333333333333,2,2,ACCAGCACTCGTCACTAGGT,0,5192795
yqjE_yqjK_yqjD_yqjC_predicted,0.3333333333333333,2,2,ACCACTCCGTGAGCTGAGTC,0,5174255
yqjE_yqjK_yqjD_yqjC_predicted,0.3333333333333333,2,2,ACCACACGATAGGCCAAGCC,0,5259317
yqjE_yqjK_yqjD_yqjC_predicted,0.3333333333333333,2,2,ACCAATTCAGGTTTTGCCAT,0,5189296
yqjE_yqjK_yqjD_yqjC_predicted,0.3333333333333333,2,2,ACCAATATGGCTGTAGTTCA,0,5228323
yqjE_yqjK_yqjD_yqjC_predicted,0.3333333333333333,2,2,ACATTTATTGTTACCTGCGA,0,5247432
yqjE_yqjK_yqjD_yqjC_predicted,0.3333333333333333,2,2,ACATTGCGGGTAAGCGCTCA,0,5253199
yqjE_yqjK_yqjD_yqjC_predicted,0.3333333333333333,2,2,ACATTCCTTTTAACAAGTGC,0,5225571
yqjE_yqjK_yqjD_yqjC_predicted,0.3333333333333333,2,2,ACATTCCGGGTAATTATGTT,0,5221432
yqjE_yqjK_yqjD_yqjC_predicted,0.3333333333333333,2,2,ACATGTAGTGGATCGGACTA,0,5207077
yqjE_yqjK_yqjD_yqjC_predicted,0.3333333333333333,2,2,ACATGGGTTTATATCCATAG,0,5231666
yqjE_yqjK_yqjD_yqjC_predicted,0.3333333333333333,2,2,ACATGCGGGTATCGTTCTTA,0,5198185
yqjE_yqjK_yqjD_yqjC_predicted,0.3333333333333333,2,2,ACATCGTGCGTTCTGCTCTT,0,5223569
yqjE_yqjK_yqjD_yqjC_predicted,0.3333333333333333,2,2,ACATCATCGGACATTGTCGG,0,5228418
yqjE_yqjK_yqjD_yqjC_predicted,0.3333333333333333,2,2,ACATATTTGCGTATTGGAGA,0,5200946
yqjE_yqjK_yqjD_yqjC_predicted,0.3333333333333333,2,2,ACATATTATAACTTAATCAA,0,5232268
yqjE_yqjK_yqjD_yqjC_predicted,0.3333333333333333,2,2,ACATATGGCCAATTATTCGT,0,5207356
yqjE_yqjK_yqjD_yqjC_predicted,0.3333333333333333,2,2,ACAGTACCTTACGTCATGTG,0,5241604
yqjE_yqjK_yqjD_yqjC_predicted,0.3333333333333333,2,2,ACAGGTTCCACAGGCCACTT,0,5209939
yqjE_yqjK_yqjD_yqjC_predicted,0.3333333333333333,2,2,ACAGGGGTTCAAGTAAACCA,0,5203505
yqjE_yqjK_yqjD_yqjC_predicted,0.3333333333333333,2,2,ACAGGGGTAAGGTGCAGTCG,0,5228790
yqjE_yqjK_yqjD_yqjC_predicted,0.3333333333333333,2,2,ACAGCGTACGGAATGAGAAC,0,5256386
yqjE_yqjK_yqjD_yqjC_predicted,0.3333333333333333,2,2,ACAGCGCGTCAAACGGAAAT,0,5206504
yqjE_yqjK_yqjD_yqjC_predicted,0.3333333333333333,2,2,ACAGCCAGGACTAGGGGGAA,0,5238124
yqjE_yqjK_yqjD_yqjC_predicted,0.3333333333333333,2,2,ACAGATCAGGAATAAGTACA,0,5222484
yqjE_yqjK_yqjD_yqjC_predicted,0.3333333333333333,2,2,ACACGGGAGCGCTTGACGTA,0,5183773
yqjE_yqjK_yqjD_yqjC_predicted,0.3333333333333333,2,2,ACACGACCCGGGTGTGTCTC,0,5261938
yqjE_yqjK_yqjD_yqjC_predicted,0.3333333333333333,2,2,ACACCCGTGTTAATGAGGAC,0,5255802
yqjE_yqjK_yqjD_yqjC_predicted,0.3333333333333333,2,2,ACACCCGTCTGGACGAAAGC,0,5251085
yqjE_yqjK_yqjD_yqjC_predicted,0.3333333333333333,2,2,ACACCCATTGGGCTCCTCTG,0,5217853
yqjE_yqjK_yqjD_yqjC_predicted,0.3333333333333333,2,2,ACACAGTATGCAGGAGCGTG,0,5256614
yqjE_yqjK_yqjD_yqjC_predicted,0.3333333333333333,2,2,ACACAGGACCGGGTTAACGC,0,5182977
yqjE_yqjK_yqjD_yqjC_predicted,0.3333333333333333,2,2,ACACAGCATAAGTTATGGTT,0,5233276
yqjE_yqjK_yqjD_yqjC_predicted,0.3333333333333333,2,2,ACAATAAACAACGCGTGGTT,0,5239124
yqjE_yqjK_yqjD_yqjC_predicted,0.3333333333333333,2,2,ACAAGCATCAATTTCCACTA,0,5229672
yqjE_yqjK_yqjD_yqjC_predicted,0.3333333333333333,2,2,ACAAGAGGCCACTTGTAGCA,0,5180311
yqjE_yqjK_yqjD_yqjC_predicted,0.3333333333333333,2,2,ACAACTTGGATCAGCTTTGG,0,5214939
yqjE_yqjK_yqjD_yqjC_predicted,0.3333333333333333,2,2,ACAACCGGTCACCTTATTCA,0,5252390
yqjE_yqjK_yqjD_yqjC_predicted,0.3333333333333333,2,2,ACAAAGTCCTTGGCGGGTCA,0,5247528
yqjE_yqjK_yqjD_yqjC_predicted,0.3333333333333333,2,2,ACAAAGACACCTGTTATCAA,0,5217608
yqjE_yqjK_yqjD_yqjC_predicted,0.3333333333333333,2,2,ACAAACCATTGGGCGTCGTT,0,5175864
yqjE_yqjK_yqjD_yqjC_predicted,0.3333333333333333,2,2,AATTTCTGGTAAAACGCTCG,0,5182245
yqjE_yqjK_yqjD_yqjC_predicted,0.3333333333333333,2,2,AATTTAGGTGTTTACACGTG,0,5207178
yqjE_yqjK_yqjD_yqjC_predicted,0.3333333333333333,2,2,AATTGGCATTAATACTAGGT,0,5211184
yqjE_yqjK_yqjD_yqjC_predicted,0.3333333333333333,2,2,AATTCTAGGATCTATAGGAA,0,5258950
yqjE_yqjK_yqjD_yqjC_predicted,0.3333333333333333,2,2,AATTCGACCGCCAGCGATGA,0,5203815
yqjE_yqjK_yqjD_yqjC_predicted,0.3333333333333333,2,2,AATTCCGTACTGCACCTCAA,0,5197379
yqjE_yqjK_yqjD_yqjC_predicted,0.3333333333333333,2,2,AATTATACCAGTGCAGAGAG,0,5177411
yqjE_yqjK_yqjD_yqjC_predicted,0.3333333333333333,2,2,AATTACCGTCGGCACCAGCC,0,5204364
yqjE_yqjK_yqjD_yqjC_predicted,0.3333333333333333,2,2,AATGTTGGGAGCGGTCAGTC,0,5226787
yqjE_yqjK_yqjD_yqjC_predicted,0.3333333333333333,2,2,AATGTTCCTTTGTTGTAATT,0,5226218
yqjE_yqjK_yqjD_yqjC_predicted,0.3333333333333333,2,2,AATGTGTCTCTGCTCTCCAC,0,5188822
yqjE_yqjK_yqjD_yqjC_predicted,0.3333333333333333,2,2,AATGGTCTGGTTGTTACAAG,0,5194958
yqjE_yqjK_yqjD_yqjC_predicted,0.3333333333333333,2,2,AATGGGCATGACCGCAAGAA,0,5229022
yqjE_yqjK_yqjD_yqjC_predicted,0.3333333333333333,2,2,AATGCGTTCAAGGAAGGGAG,0,5238676
yqjE_yqjK_yqjD_yqjC_predicted,0.3333333333333333,2,2,AATGCGGGAGGGCGGTGCGA,0,5209974
yqjE_yqjK_yqjD_yqjC_predicted,0.3333333333333333,2,2,AATGAGTGGGTGCAGACATT,0,5183125
yqjE_yqjK_yqjD_yqjC_predicted,0.3333333333333333,2,2,AATCTATGAACTCCGGCATA,0,5186555
yqjE_yqjK_yqjD_yqjC_predicted,0.3333333333333333,2,2,AATCTACGCGTGGAGACTAC,0,5194492
yqjE_yqjK_yqjD_yqjC_predicted,0.3333333333333333,2,2,AATCGTGGGACACTATCGAA,0,5193959
yqjE_yqjK_yqjD_yqjC_predicted,0.3333333333333333,2,2,AATCGGCACCGGATGCTTAA,0,5212980
yqjE_yqjK_yqjD_yqjC_predicted,0.3333333333333333,2,2,AATCGATACTGGAGACGGCT,0,5258432
yqjE_yqjK_yqjD_yqjC_predicted,0.3333333333333333,2,2,AATCATGGCGAAGCAGAATC,0,5261300
yqjE_yqjK_yqjD_yqjC_predicted,0.3333333333333333,2,2,AATCATAGCAAGCGTACCTG,0,5257211
yqjE_yqjK_yqjD_yqjC_predicted,0.3333333333333333,2,2,AATCACTGGTATCGTGCGAG,0,5248003
yqjE_yqjK_yqjD_yqjC_predicted,0.3333333333333333,2,2,AATCACGTAAGGCAAGTAGG,0,5194726
yqjE_yqjK_yqjD_yqjC_predicted,0.3333333333333333,2,2,AATCACGCGCCCCATCAAAT,0,5202170
yqjE_yqjK_yqjD_yqjC_predicted,0.3333333333333333,2,2,AATATGTCGCCGGAGGTACG,0,5178026
yqjE_yqjK_yqjD_yqjC_predicted,0.3333333333333333,2,2,AATAGTGGCAGACATTTATC,0,5221941
yqjE_yqjK_yqjD_yqjC_predicted,0.3333333333333333,2,2,AATAGTCATCTGTCCGTCTG,0,5209324
yqjE_yqjK_yqjD_yqjC_predicted,0.3333333333333333,2,2,AATAGCTGGTGGGCAGGAGC,0,5196535
yqjE_yqjK_yqjD_yqjC_predicted,0.3333333333333333,2,2,AATACATTCGTGTTATGTCC,0,5213785
yqjE_yqjK_yqjD_yqjC_predicted,0.3333333333333333,2,2,AATACAGGTTGAAACTCGGG,0,5209642
yqjE_yqjK_yqjD_yqjC_predicted,0.3333333333333333,2,2,AATAATTAGATTATCGGAGG,0,5198455
yqjE_yqjK_yqjD_yqjC_predicted,0.3333333333333333,2,2,AATAACAGCCCGCGGTGCCA,0,5201336
yqjE_yqjK_yqjD_yqjC_predicted,0.3333333333333333,2,2,AATAAAGGGGGGTTGGCATA,0,5248337
yqjE_yqjK_yqjD_yqjC_predicted,0.3333333333333333,2,2,AAGTTTAGGGGAACGCGACC,0,5219360
yqjE_yqjK_yqjD_yqjC_predicted,0.3333333333333333,2,2,AAGTTGCTCGGTACGCGGGT,0,5212489
yqjE_yqjK_yqjD_yqjC_predicted,0.3333333333333333,2,2,AAGTTGAGGAGTTACCTAGC,0,5225668
yqjE_yqjK_yqjD_yqjC_predicted,0.3333333333333333,2,2,AAGTTCAGGCGTTCTCCTTG,0,5179473
yqjE_yqjK_yqjD_yqjC_predicted,0.3333333333333333,2,2,AAGTTAGGAGTCAATCGAAG,0,5181792
yqjE_yqjK_yqjD_yqjC_predicted,0.3333333333333333,2,2,AAGTGGCGGAGCTACTTAAA,0,5207819
yqjE_yqjK_yqjD_yqjC_predicted,0.3333333333333333,2,2,AAGTAAAGGGCATAGTTGTG,0,5236763
yqjE_yqjK_yqjD_yqjC_predicted,0.3333333333333333,2,2,AAGGTCAGCCCACATCCGGG,0,5206224
yqjE_yqjK_yqjD_yqjC_predicted,0.3333333333333333,2,2,AAGGGTTTGTCTTGCGCGTA,0,5224424
yqjE_yqjK_yqjD_yqjC_predicted,0.3333333333333333,2,2,AAGGGTTCGTCGGTGGTTTT,0,5198146
yqjE_yqjK_yqjD_yqjC_predicted,0.3333333333333333,2,2,AAGGGTGCATTGTCCGATCC,0,5171920
yqjE_yqjK_yqjD_yqjC_predicted,0.3333333333333333,2,2,AAGGGTGCAGGCGCCCGTCT,0,5189866
yqjE_yqjK_yqjD_yqjC_predicted,0.3333333333333333,2,2,AAGGGCACGTTTCTGGTTAT,0,5193286
yqjE_yqjK_yqjD_yqjC_predicted,0.3333333333333333,2,2,AAGGATTAGGTAATAAGCGC,0,5202865
yqjE_yqjK_yqjD_yqjC_predicted,0.3333333333333333,2,2,AAGGACTGCAGTGAACGCTA,0,5172420
yqjE_yqjK_yqjD_yqjC_predicted,0.3333333333333333,2,2,AAGCTATCTACACTGCCGTA,0,5253599
yqjE_yqjK_yqjD_yqjC_predicted,0.3333333333333333,2,2,AAGCGCGAAATGGGGACCAG,0,5177762
yqjE_yqjK_yqjD_yqjC_predicted,0.3333333333333333,2,2,AAGCGAACACGCTTGTCCTA,0,5194301
yqjE_yqjK_yqjD_yqjC_predicted,0.3333333333333333,2,2,AAGCCTGTGGGGGTTATCTA,0,5170913
yqjE_yqjK_yqjD_yqjC_predicted,0.3333333333333333,2,2,AAGCCGCTTATGTGTCGGGG,0,5249544
yqjE_yqjK_yqjD_yqjC_predicted,0.3333333333333333,2,2,AAGATAGGAGACTAGACATA,0,5224357
yqjE_yqjK_yqjD_yqjC_predicted,0.3333333333333333,2,2,AAGATAGCAAAACCGTTCAG,0,5205206
yqjE_yqjK_yqjD_yqjC_predicted,0.3333333333333333,2,2,AAGAGGTTGACGATAACCAC,0,5235087
yqjE_yqjK_yqjD_yqjC_predicted,0.3333333333333333,2,2,AAGAGGTTCACCGCGCTTCC,0,5181432
yqjE_yqjK_yqjD_yqjC_predicted,0.3333333333333333,2,2,AAGAGGCGCCGAAAAAGGGT,0,5227305
yqjE_yqjK_yqjD_yqjC_predicted,0.3333333333333333,2,2,AAGACGCGTGTCGTGTGAAG,0,5204387
yqjE_yqjK_yqjD_yqjC_predicted,0.3333333333333333,2,2,AAGACCCTAGCTACCGATGC,0,5261068
yqjE_yqjK_yqjD_yqjC_predicted,0.3333333333333333,2,2,AACTGTTAGGTTCTGTTTAT,0,5239993
yqjE_yqjK_yqjD_yqjC_predicted,0.3333333333333333,2,2,AACTGTATTTTACACTCGGT,0,5196808
yqjE_yqjK_yqjD_yqjC_predicted,0.3333333333333333,2,2,AACTGGTAGCAAAGTTTCCA,0,5209536
yqjE_yqjK_yqjD_yqjC_predicted,0.3333333333333333,2,2,AACTCTGTGCATATCTGGTG,0,5245673
yqjE_yqjK_yqjD_yqjC_predicted,0.3333333333333333,2,2,AACTCTCCTCAACTGCTTCC,0,5199706
yqjE_yqjK_yqjD_yqjC_predicted,0.3333333333333333,2,2,AACTCCTTGAGTAGCGCAGC,0,5261080
yqjE_yqjK_yqjD_yqjC_predicted,0.3333333333333333,2,2,AACTCATCCTATTTAGTACG,0,5219672
yqjE_yqjK_yqjD_yqjC_predicted,0.3333333333333333,2,2,AACTCAGATTTCAGTGTTTA,0,5243235
yqjE_yqjK_yqjD_yqjC_predicted,0.3333333333333333,2,2,AACTATGAACAGTCGGGTGT,0,5249531
yqjE_yqjK_yqjD_yqjC_predicted,0.3333333333333333,2,2,AACGTTTAATTTGATGACGA,0,5245042
yqjE_yqjK_yqjD_yqjC_predicted,0.3333333333333333,2,2,AACGTCAGATAAGCAACACA,0,5209551
yqjE_yqjK_yqjD_yqjC_predicted,0.3333333333333333,2,2,AACGTATGTCCGGGAAAATT,0,5209804
yqjE_yqjK_yqjD_yqjC_predicted,0.3333333333333333,2,2,AACGGGGTATCAGGCACATT,0,5248784
yqjE_yqjK_yqjD_yqjC_predicted,0.3333333333333333,2,2,AACGGGGGGTATCGTGTCGC,0,5230508
yqjE_yqjK_yqjD_yqjC_predicted,0.3333333333333333,2,2,AACGCGTAGTTGGGATTCAA,0,5236916
yqjE_yqjK_yqjD_yqjC_predicted,0.3333333333333333,2,2,AACGCGAGTACCGGGTCCCT,0,5234135
yqjE_yqjK_yqjD_yqjC_predicted,0.3333333333333333,2,2,AACGATATCTGGTAAAAACC,0,5179776
yqjE_yqjK_yqjD_yqjC_predicted,0.3333333333333333,2,2,AACGACTTAGGTAAATGGCA,0,5219227
yqjE_yqjK_yqjD_yqjC_predicted,0.3333333333333333,2,2,AACGACTGGTTGACCGCTTT,0,5230208
yqjE_yqjK_yqjD_yqjC_predicted,0.3333333333333333,2,2,AACCTCTACTTTTATGGCCA,0,5222223
yqjE_yqjK_yqjD_yqjC_predicted,0.3333333333333333,2,2,AACCTCGGAAAGGTGTTCCG,0,5242387
yqjE_yqjK_yqjD_yqjC_predicted,0.3333333333333333,2,2,AACCTAGCCTCAAGTTCATC,0,5228268
yqjE_yqjK_yqjD_yqjC_predicted,0.3333333333333333,2,2,AACCTACGGTCGAATTGGAA,0,5191602
yqjE_yqjK_yqjD_yqjC_predicted,0.3333333333333333,2,2,AACCGGCTTCGGGAATTCTG,0,5173408
yqjE_yqjK_yqjD_yqjC_predicted,0.3333333333333333,2,2,AACCGACGGCATGAACGACA,0,5179812
yqjE_yqjK_yqjD_yqjC_predicted,0.3333333333333333,2,2,AACCGACATGTTGTAACTAT,0,5219748
yqjE_yqjK_yqjD_yqjC_predicted,0.3333333333333333,2,2,AACCCCAAGCAGCTCATCGA,0,5232820
yqjE_yqjK_yqjD_yqjC_predicted,0.3333333333333333,2,2,AACCACTTCTGGCAGATGTA,0,5237209
yqjE_yqjK_yqjD_yqjC_predicted,0.3333333333333333,2,2,AACATTTGCAATTGCCTCGA,0,5177640
yqjE_yqjK_yqjD_yqjC_predicted,0.3333333333333333,2,2,AACATTCGTTAGCAATGGCA,0,5219023
yqjE_yqjK_yqjD_yqjC_predicted,0.3333333333333333,2,2,AACATACATCGCAACTCCAA,0,5231236
yqjE_yqjK_yqjD_yqjC_predicted,0.3333333333333333,2,2,AACATAAATGTTGATGCCAC,0,5252511
yqjE_yqjK_yqjD_yqjC_predicted,0.3333333333333333,2,2,AACAGTGGGGCATGGAAGCA,0,5260727
yqjE_yqjK_yqjD_yqjC_predicted,0.3333333333333333,2,2,AACACCTCAGCCGGACTAAG,0,5251801
yqjE_yqjK_yqjD_yqjC_predicted,0.3333333333333333,2,2,AACAATCACAAGGGGCAAAT,0,5189720
yqjE_yqjK_yqjD_yqjC_predicted,0.3333333333333333,2,2,AACAACGCGACATCTGGAGC,0,5260771
yqjE_yqjK_yqjD_yqjC_predicted,0.3333333333333333,2,2,AAATTTGGTGAGTCGCGGTA,0,5209742
yqjE_yqjK_yqjD_yqjC_predicted,0.3333333333333333,2,2,AAATTTAATGAAGTCATTGA,0,5244417
yqjE_yqjK_yqjD_yqjC_predicted,0.3333333333333333,2,2,AAATTGCCAAGCTCTAAGGC,0,5192815
yqjE_yqjK_yqjD_yqjC_predicted,0.3333333333333333,2,2,AAATTACGTCTCGTAAGACA,0,5253361
yqjE_yqjK_yqjD_yqjC_predicted,0.3333333333333333,2,2,AAATATTAGTGGTGAACCGT,0,5242951
yqjE_yqjK_yqjD_yqjC_predicted,0.3333333333333333,2,2,AAATATCGCAATCCCACACG,0,5193576
yqjE_yqjK_yqjD_yqjC_predicted,0.3333333333333333,2,2,AAATACGCACCGGATCGGGT,0,5173031
yqjE_yqjK_yqjD_yqjC_predicted,0.3333333333333333,2,2,AAATAAACGTCCCACGTGTG,0,5196131
yqjE_yqjK_yqjD_yqjC_predicted,0.3333333333333333,2,2,AAAGTTTCATACCTCTGCAC,0,5196388
yqjE_yqjK_yqjD_yqjC_predicted,0.3333333333333333,2,2,AAAGGTCGTTGGGGTTGAGC,0,5198879
yqjE_yqjK_yqjD_yqjC_predicted,0.3333333333333333,2,2,AAAGGGTGTGCCCGGTGAAG,0,5247558
yqjE_yqjK_yqjD_yqjC_predicted,0.3333333333333333,2,2,AAAGGCTAACTACACTATAA,0,5242584
yqjE_yqjK_yqjD_yqjC_predicted,0.3333333333333333,2,2,AAAGGCACGGAAGGATCAAT,0,5195574
yqjE_yqjK_yqjD_yqjC_predicted,0.3333333333333333,2,2,AAAGCCGAGTAAAACATGAT,0,5243208
yqjE_yqjK_yqjD_yqjC_predicted,0.3333333333333333,2,2,AAAGCCACGCCGGGGATTTT,0,5247104
yqjE_yqjK_yqjD_yqjC_predicted,0.3333333333333333,2,2,AAAGAGTCAGACATTGTATT,0,5231334
yqjE_yqjK_yqjD_yqjC_predicted,0.3333333333333333,2,2,AAAGAGATTTCTGACTCTGA,0,5205227
yqjE_yqjK_yqjD_yqjC_predicted,0.3333333333333333,2,2,AAACGACGACTTATAGCGCC,0,5222393
yqjE_yqjK_yqjD_yqjC_predicted,0.3333333333333333,2,2,AAACCTGCCGGTAGGCAGGC,0,5209223
yqjE_yqjK_yqjD_yqjC_predicted,0.3333333333333333,2,2,AAACCGGCGAGGGTGTATGA,0,5189407
yqjE_yqjK_yqjD_yqjC_predicted,0.3333333333333333,2,2,AAACCAGCGCCGTTACGCAA,0,5190962
yqjE_yqjK_yqjD_yqjC_predicted,0.3333333333333333,2,2,AAACAGACGGGGAATCAGGG,0,5231570
yqjE_yqjK_yqjD_yqjC_predicted,0.3333333333333333,2,2,AAAATTGCTGGGCTCGTCGT,0,5208098
yqjE_yqjK_yqjD_yqjC_predicted,0.3333333333333333,2,2,AAAATTCTCGGCTCTGCTGG,0,5208004
yqjE_yqjK_yqjD_yqjC_predicted,0.3333333333333333,2,2,AAAATTATTTACGACTGCAG,0,5207618
yqjE_yqjK_yqjD_yqjC_predicted,0.3333333333333333,2,2,AAAATTACAGTAAAGTGCGT,0,5246001
yqjE_yqjK_yqjD_yqjC_predicted,0.3333333333333333,2,2,AAAATGGTGGATGAGGCGTG,0,5258898
yqjE_yqjK_yqjD_yqjC_predicted,0.3333333333333333,2,2,AAAATGCGGTATAATTGTAC,0,5205878
yqjE_yqjK_yqjD_yqjC_predicted,0.3333333333333333,2,2,AAAATACCCAGGGTGCCCCA,0,5192425
yqjE_yqjK_yqjD_yqjC_predicted,0.3333333333333333,2,2,AAAAGTATTCGTATTAATTC,0,5187243
yqjE_yqjK_yqjD_yqjC_predicted,0.3333333333333333,2,2,AAAAGGTCTGGGGAGGCCCA,0,5199200
yqjE_yqjK_yqjD_yqjC_predicted,0.3333333333333333,2,2,AAAAGCGTAAGAGACGGGGT,0,5231583
yqjE_yqjK_yqjD_yqjC_predicted,0.3333333333333333,2,2,AAAAGCCGCCGCGAGACTGA,0,5208925
yqjE_yqjK_yqjD_yqjC_predicted,0.3333333333333333,2,2,AAAAACCGGTGTACCTACAC,0,5205580
yqjE_yqjK_yqjD_yqjC_predicted,0.3333333333333333,2,2,AAAAAAGGTGGGGTTTTATG,0,5192253
yqjE_yqjK_yqjD_yqjC_predicted,0.5,1,1,TTTTTGGAAATTCTTGTTTC,0,5244741
yqjE_yqjK_yqjD_yqjC_predicted,0.5,1,1,TTTTTAAGCCGCTGGGTGGG,0,5217980
yqjE_yqjK_yqjD_yqjC_predicted,0.5,1,1,TTTTGTTAAGGAAGCTTGAA,0,5262049
yqjE_yqjK_yqjD_yqjC_predicted,0.5,1,1,TTTTGGGATGACCACCACTA,0,5250589
yqjE_yqjK_yqjD_yqjC_predicted,0.5,1,1,TTTTGATCCGATAGCGAGAC,0,5172961
yqjE_yqjK_yqjD_yqjC_predicted,0.5,1,1,TTTTCTCGTATGCGGTCGAT,0,5207248
yqjE_yqjK_yqjD_yqjC_predicted,0.5,1,1,TTTTCGTCGGGACGACTGCA,0,5228121
yqjE_yqjK_yqjD_yqjC_predicted,0.5,1,1,TTTTCCTACAGTAGGCACAG,0,5258931
yqjE_yqjK_yqjD_yqjC_predicted,0.5,1,1,TTTTCCAGCTTATGTAGAAA,0,5173082
yqjE_yqjK_yqjD_yqjC_predicted,0.5,1,1,TTTTCATATCGGAGCGAAGC,0,5194546
yqjE_yqjK_yqjD_yqjC_predicted,0.5,1,1,TTTTCAGGACTGGCCTAGGT,0,5258641
yqjE_yqjK_yqjD_yqjC_predicted,0.5,1,1,TTTTATTTCTCGAGGGACTT,0,5221411
yqjE_yqjK_yqjD_yqjC_predicted,0.5,1,1,TTTTATATAGGTACCGCACT,0,5199922
yqjE_yqjK_yqjD_yqjC_predicted,0.5,1,1,TTTTAGACAAATTAGGGCGT,0,5213584
yqjE_yqjK_yqjD_yqjC_predicted,0.5,1,1,TTTTACTTATCAGTTACACG,0,5199497
yqjE_yqjK_yqjD_yqjC_predicted,0.5,1,1,TTTTAAAGTCCGAACGCGCA,0,5198304
yqjE_yqjK_yqjD_yqjC_predicted,0.5,1,1,TTTGTTTTAGACCCGTGGGG,0,5232561
yqjE_yqjK_yqjD_yqjC_predicted,0.5,1,1,TTTGTTGATTTGACGGGGTC,0,5235727
yqjE_yqjK_yqjD_yqjC_predicted,0.5,1,1,TTTGTCAGTATCTAGTCAGA,0,5206575
yqjE_yqjK_yqjD_yqjC_predicted,0.5,1,1,TTTGTAGATACGGACCCGCA,0,5247213
yqjE_yqjK_yqjD_yqjC_predicted,0.5,1,1,TTTGGTACGGTCTCCCGACC,0,5196608
yqjE_yqjK_yqjD_yqjC_predicted,0.5,1,1,TTTGGTAAGGGTACCCTACT,0,5245355
yqjE_yqjK_yqjD_yqjC_predicted,0.5,1,1,TTTGGAACCACCAACTGAAC,0,5250624
yqjE_yqjK_yqjD_yqjC_predicted,0.5,1,1,TTTGCTCGGGTCCACTGCTG,0,5245773
yqjE_yqjK_yqjD_yqjC_predicted,0.5,1,1,TTTGATGGAGGCGGGCGCCG,0,5262002
yqjE_yqjK_yqjD_yqjC_predicted,0.5,1,1,TTTGAGATTATCGGCTCACA,0,5215948
yqjE_yqjK_yqjD_yqjC_predicted,0.5,1,1,TTTGACACGCTCGTTAAGGC,0,5234555
yqjE_yqjK_yqjD_yqjC_predicted,0.5,1,1,TTTCTGGTCATTTGAAGACT,0,5176769
yqjE_yqjK_yqjD_yqjC_predicted,0.5,1,1,TTTCTCCGCACCCTTCAGAC,0,5210136
yqjE_yqjK_yqjD_yqjC_predicted,0.5,1,1,TTTCTACTTCCAGCTTCCCT,0,5209210
yqjE_yqjK_yqjD_yqjC_predicted,0.5,1,1,TTTCGTTTGAGTTAGTCTTA,0,5198218
yqjE_yqjK_yqjD_yqjC_predicted,0.5,1,1,TTTCGTAGAACGTTGCCGCG,0,5242201
yqjE_yqjK_yqjD_yqjC_predicted,0.5,1,1,TTTCGGTTCGATGGTTCATA,0,5244449
yqjE_yqjK_yqjD_yqjC_predicted,0.5,1,1,TTTCCGCCAGGCAAACACTC,0,5188262
yqjE_yqjK_yqjD_yqjC_predicted,0.5,1,1,TTTCCATGAGTGCATAATTA,0,5183027
yqjE_yqjK_yqjD_yqjC_predicted,0.5,1,1,TTTCCACGCGACCTGCGGCG,0,5221613
yqjE_yqjK_yqjD_yqjC_predicted,0.5,1,1,TTTCAGCCTTAGGTCGATTT,0,5228753
yqjE_yqjK_yqjD_yqjC_predicted,0.5,1,1,TTTATTTGTTGGTCCGGCTT,0,5171257
yqjE_yqjK_yqjD_yqjC_predicted,0.5,1,1,TTTATTACCGGAAGGACAGC,0,5235952
yqjE_yqjK_yqjD_yqjC_predicted,0.5,1,1,TTTATGGAGCTCCCGAGAAT,0,5171673
yqjE_yqjK_yqjD_yqjC_predicted,0.5,1,1,TTTATCGTGGATCATCCCCA,0,5179519
yqjE_yqjK_yqjD_yqjC_predicted,0.5,1,1,TTTATATCGTTAAGGGCCAG,0,5221058
yqjE_yqjK_yqjD_yqjC_predicted,0.5,1,1,TTTATAAGTGAAGTTGTTTA,0,5248121
yqjE_yqjK_yqjD_yqjC_predicted,0.5,1,1,TTTAGGCCGATACTCAAATG,0,5261560
yqjE_yqjK_yqjD_yqjC_predicted,0.5,1,1,TTTAGACCCGCTCAAGTGGT,0,5185616
yqjE_yqjK_yqjD_yqjC_predicted,0.5,1,1,TTTACTGTGAGTGTAAGTAC,0,5200116
yqjE_yqjK_yqjD_yqjC_predicted,0.5,1,1,TTTACGAGCCAGGGGATTGA,0,5183829
yqjE_yqjK_yqjD_yqjC_predicted,0.5,1,1,TTTAACCTATCGCGTTTGAT,0,5189981
yqjE_yqjK_yqjD_yqjC_predicted,0.5,1,1,TTTAAAAATAGGTCTCTGCC,0,5258354
yqjE_yqjK_yqjD_yqjC_predicted,0.5,1,1,TTGTTCTCAACTCTACAGAT,0,5232215
yqjE_yqjK_yqjD_yqjC_predicted,0.5,1,1,TTGTGCTCGACGGATTGACT,0,5185792
yqjE_yqjK_yqjD_yqjC_predicted,0.5,1,1,TTGTGCTACATGACCTGCCA,0,5198588
yqjE_yqjK_yqjD_yqjC_predicted,0.5,1,1,TTGTGCCTAGCAGGTGGGTC,0,5241458
yqjE_yqjK_yqjD_yqjC_predicted,0.5,1,1,TTGTCCCTGCTACCGATCAT,0,5235555
yqjE_yqjK_yqjD_yqjC_predicted,0.5,1,1,TTGTATGCCATAGGACAGGA,0,5171954
yqjE_yqjK_yqjD_yqjC_predicted,0.5,1,1,TTGTATCTCCAAGAACGCTA,0,5222590
yqjE_yqjK_yqjD_yqjC_predicted,0.5,1,1,TTGTATATGGGGCGGGATAC,0,5260583
yqjE_yqjK_yqjD_yqjC_predicted,0.5,1,1,TTGGTCTATTTTGGTCATCT,0,5216302
yqjE_yqjK_yqjD_yqjC_predicted,0.5,1,1,TTGGTCCGAGAATTTGCAAT,0,5187325
yqjE_yqjK_yqjD_yqjC_predicted,0.5,1,1,TTGGTATTCAACGTATGGGG,0,5192403
yqjE_yqjK_yqjD_yqjC_predicted,0.5,1,1,TTGGGTCCGGGCGGATTTTG,0,5170795
yqjE_yqjK_yqjD_yqjC_predicted,0.5,1,1,TTGGGTCCCCGTTTGCATTC,0,5189565
yqjE_yqjK_yqjD_yqjC_predicted,0.5,1,1,TTGGGGTAGTGCTCGCCACG,0,5171765
yqjE_yqjK_yqjD_yqjC_predicted,0.5,1,1,TTGGGCTCTGTAAACACTGG,0,5205978
yqjE_yqjK_yqjD_yqjC_predicted,0.5,1,1,TTGGGCACCAGTGATCTGTC,0,5191239
yqjE_yqjK_yqjD_yqjC_predicted,0.5,1,1,TTGGCCAGTTGCCGAGTGTA,0,5258343
yqjE_yqjK_yqjD_yqjC_predicted,0.5,1,1,TTGGAGGGTTCCCTGACGAG,0,5242163
yqjE_yqjK_yqjD_yqjC_predicted,0.5,1,1,TTGGAGGAAAAGGGCTGTTG,0,5236790
yqjE_yqjK_yqjD_yqjC_predicted,0.5,1,1,TTGCGGACTTCTCGGCGAAT,0,5257549
yqjE_yqjK_yqjD_yqjC_predicted,0.5,1,1,TTGCGCGCCCCAGCACCATA,0,5230781
yqjE_yqjK_yqjD_yqjC_predicted,0.5,1,1,TTGCGCCTGTACTACGTTCC,0,5203203
yqjE_yqjK_yqjD_yqjC_predicted,0.5,1,1,TTGCGCCTAGAAGGGTACAT,0,5243187
yqjE_yqjK_yqjD_yqjC_predicted,0.5,1,1,TTGCGCAAGTGCGAGCTAGA,0,5244710
yqjE_yqjK_yqjD_yqjC_predicted,0.5,1,1,TTGCGATTTCGATTGGAATC,0,5217770
yqjE_yqjK_yqjD_yqjC_predicted,0.5,1,1,TTGCCTCCTAGAGCAGTGAT,0,5175855
yqjE_yqjK_yqjD_yqjC_predicted,0.5,1,1,TTGCCATTTGAAGACTACGT,0,5234078
yqjE_yqjK_yqjD_yqjC_predicted,0.5,1,1,TTGCATGGTTTGAGTTTATA,0,5175993
yqjE_yqjK_yqjD_yqjC_predicted,0.5,1,1,TTGCAGCGCATTCGCGTGGG,0,5188571
yqjE_yqjK_yqjD_yqjC_predicted,0.5,1,1,TTGCAGCAGCGTGGAATGCA,0,5210392
yqjE_yqjK_yqjD_yqjC_predicted,0.5,1,1,TTGCAAACCCGGCGAATAAT,0,5230919
yqjE_yqjK_yqjD_yqjC_predicted,0.5,1,1,TTGATTCCAGTGCGAACTCC,0,5192543
yqjE_yqjK_yqjD_yqjC_predicted,0.5,1,1,TTGATCGGCCTCAACTTGCT,0,5245473
yqjE_yqjK_yqjD_yqjC_predicted,0.5,1,1,TTGAGTCGAATTACGAGTGT,0,5260931
yqjE_yqjK_yqjD_yqjC_predicted,0.5,1,1,TTGAGCACACTTGTCCACGA,0,5241818
yqjE_yqjK_yqjD_yqjC_predicted,0.5,1,1,TTGAGATTTATGGACGTTTT,0,5171966
yqjE_yqjK_yqjD_yqjC_predicted,0.5,1,1,TTGAGAATCTACGGGGCGAT,0,5221584
yqjE_yqjK_yqjD_yqjC_predicted,0.5,1,1,TTGACTCGGTTTGGATTCAG,0,5174643
yqjE_yqjK_yqjD_yqjC_predicted,0.5,1,1,TTGACTATTTATGTCTGGAC,0,5243102
yqjE_yqjK_yqjD_yqjC_predicted,0.5,1,1,TTGACGTATGTCGCAACGAG,0,5178328
yqjE_yqjK_yqjD_yqjC_predicted,0.5,1,1,TTGACGTATCTGGATGGATG,0,5190496
yqjE_yqjK_yqjD_yqjC_predicted,0.5,1,1,TTGACGGTAATAGATGCGAA,0,5245718
yqjE_yqjK_yqjD_yqjC_predicted,0.5,1,1,TTGACCTCTGGCCACAGGTT,0,5177044
yqjE_yqjK_yqjD_yqjC_predicted,0.5,1,1,TTGAAGACTGGATGAGACCA,0,5238854
yqjE_yqjK_yqjD_yqjC_predicted,0.5,1,1,TTGAACACTTATGGATCACA,0,5253808
yqjE_yqjK_yqjD_yqjC_predicted,0.5,1,1,TTCTTTGCGCGTATGGTTTT,0,5179008
yqjE_yqjK_yqjD_yqjC_predicted,0.5,1,1,TTCTTTCCTGATGAAGCTCC,0,5232195
yqjE_yqjK_yqjD_yqjC_predicted,0.5,1,1,TTCTTGTACTATTATGTGTA,0,5201408
yqjE_yqjK_yqjD_yqjC_predicted,0.5,1,1,TTCTTGCGGGGAGCTGGTTG,0,5201965
yqjE_yqjK_yqjD_yqjC_predicted,0.5,1,1,TTCTTCTTTGGGTGAGGGTC,0,5235589
yqjE_yqjK_yqjD_yqjC_predicted,0.5,1,1,TTCTTCCAGGCTACCCGAAC,0,5215943
yqjE_yqjK_yqjD_yqjC_predicted,0.5,1,1,TTCTTCAGAAACGTTACTAT,0,5249829
yqjE_yqjK_yqjD_yqjC_predicted,0.5,1,1,TTCTTCAAGATCGTGAATAC,0,5224306
yqjE_yqjK_yqjD_yqjC_predicted,0.5,1,1,TTCTGGGGAAGCGGCATGTA,0,5185718
yqjE_yqjK_yqjD_yqjC_predicted,0.5,1,1,TTCTGGCCTCTCGCGCAACC,0,5260182
yqjE_yqjK_yqjD_yqjC_predicted,0.5,1,1,TTCTGACCACGTGAGTTCGA,0,5208253
yqjE_yqjK_yqjD_yqjC_predicted,0.5,1,1,TTCTCGTGCTATGGGCCTTT,0,5216423
yqjE_yqjK_yqjD_yqjC_predicted,0.5,1,1,TTCTCGCTTCGCATGTTCTG,0,5198117
yqjE_yqjK_yqjD_yqjC_predicted,0.5,1,1,TTCTCCGTAGCGCAGGTGCT,0,5176211
yqjE_yqjK_yqjD_yqjC_predicted,0.5,1,1,TTCTCAATTTTGTAAGATGC,0,5205015
yqjE_yqjK_yqjD_yqjC_predicted,0.5,1,1,TTCGTTAACGATAACGGCTA,0,5180078
yqjE_yqjK_yqjD_yqjC_predicted,0.5,1,1,TTCGTCGTGCCATGTTTACC,0,5241110
yqjE_yqjK_yqjD_yqjC_predicted,0.5,1,1,TTCGTCCTGGCCATGATGCG,0,5243189
yqjE_yqjK_yqjD_yqjC_predicted,0.5,1,1,TTCGTAAACTTTGGTGCCCG,0,5191803
yqjE_yqjK_yqjD_yqjC_predicted,0.5,1,1,TTCGGTTGTCACAACTTCAA,0,5193973
yqjE_yqjK_yqjD_yqjC_predicted,0.5,1,1,TTCGGCGGTATAGGACAATG,0,5171030
yqjE_yqjK_yqjD_yqjC_predicted,0.5,1,1,TTCGGAGCACGAGATTCTTA,0,5233517
yqjE_yqjK_yqjD_yqjC_predicted,0.5,1,1,TTCGCGTATCGAACTTGTGA,0,5240237
yqjE_yqjK_yqjD_yqjC_predicted,0.5,1,1,TTCGCACCAATTGATCCGTA,0,5232765
yqjE_yqjK_yqjD_yqjC_predicted,0.5,1,1,TTCGATAATAGGGGAGGCAA,0,5176704
yqjE_yqjK_yqjD_yqjC_predicted,0.5,1,1,TTCGAGTCTATGCGCGTGAG,0,5195020
yqjE_yqjK_yqjD_yqjC_predicted,0.5,1,1,TTCGAGTATCTCGGTGCTCC,0,5204827
yqjE_yqjK_yqjD_yqjC_predicted,0.5,1,1,TTCGAGGATTGTATATGGAT,0,5259768
yqjE_yqjK_yqjD_yqjC_predicted,0.5,1,1,TTCGACTGTCGCGCCGTTCC,0,5229332
yqjE_yqjK_yqjD_yqjC_predicted,0.5,1,1,TTCCTGTTAAGCCAGCCTCT,0,5190736
yqjE_yqjK_yqjD_yqjC_predicted,0.5,1,1,TTCCTGTGAGTAGTATAAAT,0,5228535
yqjE_yqjK_yqjD_yqjC_predicted,0.5,1,1,TTCCTAGATCGGTCGCTTTG,0,5223540
yqjE_yqjK_yqjD_yqjC_predicted,0.5,1,1,TTCCGTAGGCTATACCCCCA,0,5206368
yqjE_yqjK_yqjD_yqjC_predicted,0.5,1,1,TTCCGGCAATTACCTCGCCA,0,5259024
yqjE_yqjK_yqjD_yqjC_predicted,0.5,1,1,TTCCGCAACCCATAAACAAC,0,5240486
yqjE_yqjK_yqjD_yqjC_predicted,0.5,1,1,TTCCCGAGTTGCAGTAGGCA,0,5189822
yqjE_yqjK_yqjD_yqjC_predicted,0.5,1,1,TTCCACACGGTCCTTACGTA,0,5232843
yqjE_yqjK_yqjD_yqjC_predicted,0.5,1,1,TTCATGATAAACCTTGTGAC,0,5208080
yqjE_yqjK_yqjD_yqjC_predicted,0.5,1,1,TTCATCTTCGCTATCTGCGC,0,5259584
yqjE_yqjK_yqjD_yqjC_predicted,0.5,1,1,TTCATCGGCGATATCGCGGC,0,5251314
yqjE_yqjK_yqjD_yqjC_predicted,0.5,1,1,TTCATAAGCAGGGCATTCCT,0,5247265
yqjE_yqjK_yqjD_yqjC_predicted,0.5,1,1,TTCATAAACTTCGAGCGAAT,0,5211016
yqjE_yqjK_yqjD_yqjC_predicted,0.5,1,1,TTCAGTATACACTATCTGGT,0,5239493
yqjE_yqjK_yqjD_yqjC_predicted,0.5,1,1,TTCAGGTAAATCTTCCATAG,0,5223533
yqjE_yqjK_yqjD_yqjC_predicted,0.5,1,1,TTCAGGAGCATGGCGGCTCC,0,5217165
yqjE_yqjK_yqjD_yqjC_predicted,0.5,1,1,TTCAGCCACAAAGCATTTTT,0,5193810
yqjE_yqjK_yqjD_yqjC_predicted,0.5,1,1,TTCAGAAAGCAGACCCGCTC,0,5258049
yqjE_yqjK_yqjD_yqjC_predicted,0.5,1,1,TTCACGGCGGTTTTAGCGAC,0,5176291
yqjE_yqjK_yqjD_yqjC_predicted,0.5,1,1,TTCACGCGGCGTTGGTGGTT,0,5218043
yqjE_yqjK_yqjD_yqjC_predicted,0.5,1,1,TTCACAGGCGGGGAAGTCGT,0,5189018
yqjE_yqjK_yqjD_yqjC_predicted,0.5,1,1,TTCAATGGGCATGCCAAGGT,0,5182366
yqjE_yqjK_yqjD_yqjC_predicted,0.5,1,1,TTCAAGCACTCAAAGGCGAC,0,5201151
yqjE_yqjK_yqjD_yqjC_predicted,0.5,1,1,TTCAAATCCTTTCGGTAAAG,0,5233323
yqjE_yqjK_yqjD_yqjC_predicted,0.5,1,1,TTCAAAATGCGGCGAGTCGC,0,5176651
yqjE_yqjK_yqjD_yqjC_predicted,0.5,1,1,TTCAAAAGTTGGTCTTCTGT,0,5195912
yqjE_yqjK_yqjD_yqjC_predicted,0.5,1,1,TTCAAAAAGCGTGGAATGTA,0,5218989
yqjE_yqjK_yqjD_yqjC_predicted,0.5,1,1,TTATTTTATCGAACGTCGGT,0,5238506
yqjE_yqjK_yqjD_yqjC_predicted,0.5,1,1,TTATTATTAAACTGTGTTAG,0,5254158
yqjE_yqjK_yqjD_yqjC_predicted,0.5,1,1,TTATGTATAGTACTCGATCA,0,5170775
yqjE_yqjK_yqjD_yqjC_predicted,0.5,1,1,TTATCTCCCATCGCGCGTCA,0,5256056
yqjE_yqjK_yqjD_yqjC_predicted,0.5,1,1,TTATCGCATCGCAGCCAAAT,0,5261562
yqjE_yqjK_yqjD_yqjC_predicted,0.5,1,1,TTATCGCAGGCCCTGATACT,0,5242661
yqjE_yqjK_yqjD_yqjC_predicted,0.5,1,1,TTATCGACACTACTGTCGGC,0,5206021
yqjE_yqjK_yqjD_yqjC_predicted,0.5,1,1,TTATCGAATATCTGTCCCTG,0,5225484
yqjE_yqjK_yqjD_yqjC_predicted,0.5,1,1,TTATCCCGTCGTCGCCGTTA,0,5234898
yqjE_yqjK_yqjD_yqjC_predicted,0.5,1,1,TTATATGTCTTTAAAGGGGA,0,5195880
yqjE_yqjK_yqjD_yqjC_predicted,0.5,1,1,TTATATGTAAAAACCAGGGG,0,5190725
yqjE_yqjK_yqjD_yqjC_predicted,0.5,1,1,TTATAGCTGACTAAGTGCAG,0,5259675
yqjE_yqjK_yqjD_yqjC_predicted,0.5,1,1,TTATACCAGTACAATCGGGA,0,5196437
yqjE_yqjK_yqjD_yqjC_predicted,0.5,1,1,TTAGTTATCTTGCGCCATCT,0,5240464
yqjE_yqjK_yqjD_yqjC_predicted,0.5,1,1,TTAGTGGATACTCGTAGTAC,0,5207283
yqjE_yqjK_yqjD_yqjC_predicted,0.5,1,1,TTAGTCGATGGTTACGGAGA,0,5208062
yqjE_yqjK_yqjD_yqjC_predicted,0.5,1,1,TTAGCTGATGCCAGAGACGT,0,5215955
yqjE_yqjK_yqjD_yqjC_predicted,0.5,1,1,TTAGCCGAACGGATTACTGT,0,5227562
yqjE_yqjK_yqjD_yqjC_predicted,0.5,1,1,TTAGATGTGGGACAGGTCGC,0,5206314
yqjE_yqjK_yqjD_yqjC_predicted,0.5,1,1,TTACTTGGGGGAAGACGGTT,0,5179351
yqjE_yqjK_yqjD_yqjC_predicted,0.5,1,1,TTACGCCCATGAATTTGTTT,0,5257979
yqjE_yqjK_yqjD_yqjC_predicted,0.5,1,1,TTACGCAATCCCAGTGGATT,0,5247163
yqjE_yqjK_yqjD_yqjC_predicted,0.5,1,1,TTACGATATTCCTGGTGAAT,0,5234253
yqjE_yqjK_yqjD_yqjC_predicted,0.5,1,1,TTACGACTATGGCAGTATAT,0,5175790
yqjE_yqjK_yqjD_yqjC_predicted,0.5,1,1,TTACCTTTTATTCCCCCATA,0,5216419
yqjE_yqjK_yqjD_yqjC_predicted,0.5,1,1,TTACCTCGGTGGAATGCAAG,0,5251952
yqjE_yqjK_yqjD_yqjC_predicted,0.5,1,1,TTACCAGCACGGTTTAAGCC,0,5171583
yqjE_yqjK_yqjD_yqjC_predicted,0.5,1,1,TTACATACAGCAGCTTCGAG,0,5194865
yqjE_yqjK_yqjD_yqjC_predicted,0.5,1,1,TTACAGCAAAGGTTGTCTCT,0,5195676
yqjE_yqjK_yqjD_yqjC_predicted,0.5,1,1,TTAATGGGTATACTGGTTAC,0,5237813
yqjE_yqjK_yqjD_yqjC_predicted,0.5,1,1,TTAATACGGTTGGTTAGAGG,0,5255230
yqjE_yqjK_yqjD_yqjC_predicted,0.5,1,1,TTAAGGAATTCGGGCCATCT,0,5257157
yqjE_yqjK_yqjD_yqjC_predicted,0.5,1,1,TTAAGCTGTGCCGTGCTCTC,0,5247367
yqjE_yqjK_yqjD_yqjC_predicted,0.5,1,1,TTAACGTGATGACATCGAAT,0,5189753
yqjE_yqjK_yqjD_yqjC_predicted,0.5,1,1,TTAACCTGGAACTAAAAACA,0,5259041
yqjE_yqjK_yqjD_yqjC_predicted,0.5,1,1,TTAAAGCTTAGGGTCAGGAG,0,5241845
yqjE_yqjK_yqjD_yqjC_predicted,0.5,1,1,TTAAAGACCTCGTCCGGTTC,0,5244275
yqjE_yqjK_yqjD_yqjC_predicted,0.5,1,1,TTAAACGAAAAGGAGCTAGA,0,5240218
yqjE_yqjK_yqjD_yqjC_predicted,0.5,1,1,TTAAAAGAGGCCGATTACCA,0,5236770
yqjE_yqjK_yqjD_yqjC_predicted,0.5,1,1,TGTTTTATTGTCTAAGAGCT,0,5205282
yqjE_yqjK_yqjD_yqjC_predicted,0.5,1,1,TGTTTGTCTAGAGGATTTCA,0,5223587
yqjE_yqjK_yqjD_yqjC_predicted,0.5,1,1,TGTTTGTCCCTGTCTCAAGG,0,5256467
yqjE_yqjK_yqjD_yqjC_predicted,0.5,1,1,TGTTTGGCGGATTGGTTTCG,0,5174812
yqjE_yqjK_yqjD_yqjC_predicted,0.5,1,1,TGTTTATTCCACGCACGACC,0,5182811
yqjE_yqjK_yqjD_yqjC_predicted,0.5,1,1,TGTTTAAATCGTGCATTGAG,0,5233039
yqjE_yqjK_yqjD_yqjC_predicted,0.5,1,1,TGTTGCGATTGAAATTCCAC,0,5255763
yqjE_yqjK_yqjD_yqjC_predicted,0.5,1,1,TGTTCGTTGTTCGTTTTATT,0,5249904
yqjE_yqjK_yqjD_yqjC_predicted,0.5,1,1,TGTTCGAATTGCCAAGTACT,0,5206097
yqjE_yqjK_yqjD_yqjC_predicted,0.5,1,1,TGTTCCGGGCTTTATTAAAA,0,5190685
yqjE_yqjK_yqjD_yqjC_predicted,0.5,1,1,TGTTCACTTTGGATAGCCAA,0,5205899
yqjE_yqjK_yqjD_yqjC_predicted,0.5,1,1,TGTTAGCCGGAAGGAAAGAT,0,5237830
yqjE_yqjK_yqjD_yqjC_predicted,0.5,1,1,TGTTACGTACAATTACTGGA,0,5210274
yqjE_yqjK_yqjD_yqjC_predicted,0.5,1,1,TGTGTTAGCCGGGTTCGCGA,0,5230614
yqjE_yqjK_yqjD_yqjC_predicted,0.5,1,1,TGTGTGTTGCATATGAATTT,0,5200530
yqjE_yqjK_yqjD_yqjC_predicted,0.5,1,1,TGTGTCTTATGCCCGTGACT,0,5202905
yqjE_yqjK_yqjD_yqjC_predicted,0.5,1,1,TGTGGGGTCGGAGAACCCCG,0,5240698
yqjE_yqjK_yqjD_yqjC_predicted,0.5,1,1,TGTGGCGTGTATCTGTTTTG,0,5173126
yqjE_yqjK_yqjD_yqjC_predicted,0.5,1,1,TGTGGCGCGAAGTGTGGATC,0,5224093
yqjE_yqjK_yqjD_yqjC_predicted,0.5,1,1,TGTGGATTTGTGTTGTACGT,0,5181360
yqjE_yqjK_yqjD_yqjC_predicted,0.5,1,1,TGTGGAATCTAAACTTTATG,0,5196786
yqjE_yqjK_yqjD_yqjC_predicted,0.5,1,1,TGTGCTCTGCTAACTTGTAT,0,5184116
yqjE_yqjK_yqjD_yqjC_predicted,0.5,1,1,TGTGCATCATAGTAATACCA,0,5175647
yqjE_yqjK_yqjD_yqjC_predicted,0.5,1,1,TGTGATCGACGCCCGCACGG,0,5179873
yqjE_yqjK_yqjD_yqjC_predicted,0.5,1,1,TGTGAGGTCCTGTGCTCGTA,0,5173299
yqjE_yqjK_yqjD_yqjC_predicted,0.5,1,1,TGTGACTGGACTTCTAATTC,0,5228647
yqjE_yqjK_yqjD_yqjC_predicted,0.5,1,1,TGTCTGGCAGTAACGTATGC,0,5246487
yqjE_yqjK_yqjD_yqjC_predicted,0.5,1,1,TGTCGCCACCCTGTAGCGAC,0,5181472
yqjE_yqjK_yqjD_yqjC_predicted,0.5,1,1,TGTCATATTATGGTTACGCA,0,5202479
yqjE_yqjK_yqjD_yqjC_predicted,0.5,1,1,TGTCAGAGGATACATGGGAA,0,5179872
yqjE_yqjK_yqjD_yqjC_predicted,0.5,1,1,TGTCACTTTCACGGAGCTAT,0,5189757
yqjE_yqjK_yqjD_yqjC_predicted,0.5,1,1,TGTCAAAGACTGGATGTGAG,0,5246237
yqjE_yqjK_yqjD_yqjC_predicted,0.5,1,1,TGTATCGCCAAGTATAGACA,0,5177217
yqjE_yqjK_yqjD_yqjC_predicted,0.5,1,1,TGTATCCGTTGTACTGAGTA,0,5219026
yqjE_yqjK_yqjD_yqjC_predicted,0.5,1,1,TGTAGGCCAAGCTGGAGGGT,0,5221518
yqjE_yqjK_yqjD_yqjC_predicted,0.5,1,1,TGTACTCATTACGGTTACAA,0,5224730
yqjE_yqjK_yqjD_yqjC_predicted,0.5,1,1,TGTACGGGACTATAGCTGGT,0,5238730
yqjE_yqjK_yqjD_yqjC_predicted,0.5,1,1,TGTACCCGAGGTGATATGGC,0,5261512
yqjE_yqjK_yqjD_yqjC_predicted,0.5,1,1,TGTAATTATCAGATGTAGGA,0,5261736
yqjE_yqjK_yqjD_yqjC_predicted,0.5,1,1,TGTAATCCATTAGGACACCC,0,5241856
yqjE_yqjK_yqjD_yqjC_predicted,0.5,1,1,TGTAAATTAATGCAAGTACT,0,5234627
yqjE_yqjK_yqjD_yqjC_predicted,0.5,1,1,TGGTTATACATATGTGGAAT,0,5212827
yqjE_yqjK_yqjD_yqjC_predicted,0.5,1,1,TGGTTACGCTTTCGTACAAA,0,5221963
yqjE_yqjK_yqjD_yqjC_predicted,0.5,1,1,TGGTGTCGTGCCCGCTTTTG,0,5235740
yqjE_yqjK_yqjD_yqjC_predicted,0.5,1,1,TGGTGCAGAGGGACACCCGT,0,5231137
yqjE_yqjK_yqjD_yqjC_predicted,0.5,1,1,TGGTCTACTTGCATGCAGTT,0,5209534
yqjE_yqjK_yqjD_yqjC_predicted,0.5,1,1,TGGTCCTGTGCGTAATCGTA,0,5201406
yqjE_yqjK_yqjD_yqjC_predicted,0.5,1,1,TGGTCCAAATCGCGTGAGAT,0,5206527
yqjE_yqjK_yqjD_yqjC_predicted,0.5,1,1,TGGTCACATTGGTGGGGAAA,0,5187820
yqjE_yqjK_yqjD_yqjC_predicted,0.5,1,1,TGGTAATACCCTTGACAGAT,0,5226697
yqjE_yqjK_yqjD_yqjC_predicted,0.5,1,1,TGGGTGGCGAGGGGGCTTCT,0,5233617
yqjE_yqjK_yqjD_yqjC_predicted,0.5,1,1,TGGGGTAGTCAGGGTCTCCT,0,5201407
yqjE_yqjK_yqjD_yqjC_predicted,0.5,1,1,TGGGGGAGGTTGCGTGATCA,0,5206822
yqjE_yqjK_yqjD_yqjC_predicted,0.5,1,1,TGGGCGTGTTTGGACTAACA,0,5236776
yqjE_yqjK_yqjD_yqjC_predicted,0.5,1,1,TGGGCGCGATTTGTAGTTGG,0,5254920
yqjE_yqjK_yqjD_yqjC_predicted,0.5,1,1,TGGGCCGAGGCATTAAGCTC,0,5241849
yqjE_yqjK_yqjD_yqjC_predicted,0.5,1,1,TGGGCCAAGGCAGAAGAGCG,0,5188340
yqjE_yqjK_yqjD_yqjC_predicted,0.5,1,1,TGGGATCCATGAGTCCGTCT,0,5216879
yqjE_yqjK_yqjD_yqjC_predicted,0.5,1,1,TGGGACTTGTAAGTCATTGC,0,5218216
yqjE_yqjK_yqjD_yqjC_predicted,0.5,1,1,TGGCTTGGGCGTAGTAATCC,0,5256494
yqjE_yqjK_yqjD_yqjC_predicted,0.5,1,1,TGGCTGTCAGCAGGACGAGC,0,5246941
yqjE_yqjK_yqjD_yqjC_predicted,0.5,1,1,TGGCTGGGACTCACGTTAGC,0,5247261
yqjE_yqjK_yqjD_yqjC_predicted,0.5,1,1,TGGCTGGAAAACATTCCACA,0,5220191
yqjE_yqjK_yqjD_yqjC_predicted,0.5,1,1,TGGCTCGGTCGGGCGATGAA,0,5237665
yqjE_yqjK_yqjD_yqjC_predicted,0.5,1,1,TGGCTACCTGCGAGTAACTT,0,5194156
yqjE_yqjK_yqjD_yqjC_predicted,0.5,1,1,TGGCGGAGACGCTTTACGTG,0,5222052
yqjE_yqjK_yqjD_yqjC_predicted,0.5,1,1,TGGCGCCATCGGTCGCATAT,0,5233503
yqjE_yqjK_yqjD_yqjC_predicted,0.5,1,1,TGGCCTAGGTATGGATAGTG,0,5253170
yqjE_yqjK_yqjD_yqjC_predicted,0.5,1,1,TGGCCTACGATGAGCACGGA,0,5255836
yqjE_yqjK_yqjD_yqjC_predicted,0.5,1,1,TGGCCGCTTATCACCCCCAG,0,5220693
yqjE_yqjK_yqjD_yqjC_predicted,0.5,1,1,TGGCAGGAGGCCAGTTTGGA,0,5194639
yqjE_yqjK_yqjD_yqjC_predicted,0.5,1,1,TGGCACAGGGCTGCTAGGAT,0,5207258
yqjE_yqjK_yqjD_yqjC_predicted,0.5,1,1,TGGCAATCTAAGTTTAGTGC,0,5187684
yqjE_yqjK_yqjD_yqjC_predicted,0.5,1,1,TGGATGATTAGCAGCGTAGG,0,5238806
yqjE_yqjK_yqjD_yqjC_predicted,0.5,1,1,TGGATCTCGAGCAAATGGCC,0,5172745
yqjE_yqjK_yqjD_yqjC_predicted,0.5,1,1,TGGATCACTCAGTGATGTAC,0,5203035
yqjE_yqjK_yqjD_yqjC_predicted,0.5,1,1,TGGATATGATTTAGGTACAG,0,5247665
yqjE_yqjK_yqjD_yqjC_predicted,0.5,1,1,TGGAGTTGCATATAGGTTGC,0,5204298
yqjE_yqjK_yqjD_yqjC_predicted,0.5,1,1,TGGAGGTCAGTGCGCTTGAC,0,5228442
yqjE_yqjK_yqjD_yqjC_predicted,0.5,1,1,TGGAGGCTTATTCGTTATAA,0,5255818
yqjE_yqjK_yqjD_yqjC_predicted,0.5,1,1,TGGAGGCGGGTCAAACCCAA,0,5257789
yqjE_yqjK_yqjD_yqjC_predicted,0.5,1,1,TGGAGGCATGCAGGTGAAAG,0,5189167
yqjE_yqjK_yqjD_yqjC_predicted,0.5,1,1,TGGAGAGTCCGTATATACCA,0,5171584
yqjE_yqjK_yqjD_yqjC_predicted,0.5,1,1,TGGAGAAACCAAGAATGTAG,0,5250278
yqjE_yqjK_yqjD_yqjC_predicted,0.5,1,1,TGGACACAAGCAAGGCTTCA,0,5182241
yqjE_yqjK_yqjD_yqjC_predicted,0.5,1,1,TGGAAGTAGCTGACCGTGCA,0,5190570
yqjE_yqjK_yqjD_yqjC_predicted,0.5,1,1,TGCTTGACGGACATTCCGGA,0,5243005
yqjE_yqjK_yqjD_yqjC_predicted,0.5,1,1,TGCTTAGCGCAGGGACTAAC,0,5219949
yqjE_yqjK_yqjD_yqjC_predicted,0.5,1,1,TGCTTAAACGGGTGCACGAA,0,5210113
yqjE_yqjK_yqjD_yqjC_predicted,0.5,1,1,TGCTGGGGCACGTTCCTCCT,0,5243880
yqjE_yqjK_yqjD_yqjC_predicted,0.5,1,1,TGCTCTTATGGTCATTAGAG,0,5223219
yqjE_yqjK_yqjD_yqjC_predicted,0.5,1,1,TGCTCGTAGGTCCAGAGTTA,0,5171809
yqjE_yqjK_yqjD_yqjC_predicted,0.5,1,1,TGCTCGGGGCCTTCAGTTGA,0,5217273
yqjE_yqjK_yqjD_yqjC_predicted,0.5,1,1,TGCTCAGTTGGGACCACAGG,0,5200018
yqjE_yqjK_yqjD_yqjC_predicted,0.5,1,1,TGCTCACTCGGTAACCGCAT,0,5222530
yqjE_yqjK_yqjD_yqjC_predicted,0.5,1,1,TGCTATTAACCGAGTTGCCC,0,5235033
yqjE_yqjK_yqjD_yqjC_predicted,0.5,1,1,TGCTAGAGGCCTTCTCAGAC,0,5172352
yqjE_yqjK_yqjD_yqjC_predicted,0.5,1,1,TGCTAATAATTGAAGGGTAA,0,5238963
yqjE_yqjK_yqjD_yqjC_predicted,0.5,1,1,TGCGTGCGGAAGGGCATGCA,0,5218867
yqjE_yqjK_yqjD_yqjC_predicted,0.5,1,1,TGCGTCGCTTGTTGCATACT,0,5206924
yqjE_yqjK_yqjD_yqjC_predicted,0.5,1,1,TGCGTCCCGACAGACGCCAT,0,5262661
yqjE_yqjK_yqjD_yqjC_predicted,0.5,1,1,TGCGTACTCGTTTCCAGGCA,0,5219488
yqjE_yqjK_yqjD_yqjC_predicted,0.5,1,1,TGCGTACGCCCGGTTTCGGG,0,5217230
yqjE_yqjK_yqjD_yqjC_predicted,0.5,1,1,TGCGGGTAAACCCTACATTC,0,5223211
yqjE_yqjK_yqjD_yqjC_predicted,0.5,1,1,TGCGGGATAACGGTAATTAG,0,5206462
yqjE_yqjK_yqjD_yqjC_predicted,0.5,1,1,TGCGCGTTAATGTTTATTAA,0,5245978
yqjE_yqjK_yqjD_yqjC_predicted,0.5,1,1,TGCGCGTATAGTAGCACCCT,0,5179221
yqjE_yqjK_yqjD_yqjC_predicted,0.5,1,1,TGCGCGTACTCCATCGGAGA,0,5225744
yqjE_yqjK_yqjD_yqjC_predicted,0.5,1,1,TGCGCGACCAGGGAGTGACC,0,5208591
yqjE_yqjK_yqjD_yqjC_predicted,0.5,1,1,TGCGAGAATCCAACCCGACG,0,5215056
yqjE_yqjK_yqjD_yqjC_predicted,0.5,1,1,TGCCTGCCGCACTCTTTGCC,0,5238585
yqjE_yqjK_yqjD_yqjC_predicted,0.5,1,1,TGCCTATATCGGACTCTGCC,0,5257669
yqjE_yqjK_yqjD_yqjC_predicted,0.5,1,1,TGCCTACGCTTGATGCAATT,0,5225905
yqjE_yqjK_yqjD_yqjC_predicted,0.5,1,1,TGCCGTTACAATGCAGGGTG,0,5249370
yqjE_yqjK_yqjD_yqjC_predicted,0.5,1,1,TGCCGGAGGCCAGCTCTAAG,0,5255088
yqjE_yqjK_yqjD_yqjC_predicted,0.5,1,1,TGCCCGCAGCTAAATAAGCG,0,5216813
yqjE_yqjK_yqjD_yqjC_predicted,0.5,1,1,TGCCCGCAGAGGGTCTAATC,0,5197837
yqjE_yqjK_yqjD_yqjC_predicted,0.5,1,1,TGCCCATACATCCCCTTTTT,0,5231613
yqjE_yqjK_yqjD_yqjC_predicted,0.5,1,1,TGCCAGCTTCCTCCAATCTC,0,5255415
yqjE_yqjK_yqjD_yqjC_predicted,0.5,1,1,TGCCAGAGGGGCGTGGGATA,0,5221891
yqjE_yqjK_yqjD_yqjC_predicted,0.5,1,1,TGCAGTAAGGTCTCGATGAG,0,5214257
yqjE_yqjK_yqjD_yqjC_predicted,0.5,1,1,TGCAGATTACAAGATCTTTC,0,5189528
yqjE_yqjK_yqjD_yqjC_predicted,0.5,1,1,TGCAGAAGGAATCTGTGTTA,0,5233754
yqjE_yqjK_yqjD_yqjC_predicted,0.5,1,1,TGCACGGCCCTCGTCTTCCT,0,5255854
yqjE_yqjK_yqjD_yqjC_predicted,0.5,1,1,TGCACCCCCATAATCAGCGG,0,5250906
yqjE_yqjK_yqjD_yqjC_predicted,0.5,1,1,TGCACACAGCGGATCGCAGG,0,5224420
yqjE_yqjK_yqjD_yqjC_predicted,0.5,1,1,TGCAATTTCTCGTGAACGCT,0,5209670
yqjE_yqjK_yqjD_yqjC_predicted,0.5,1,1,TGCAATTCCCGAAACTGAAA,0,5213576
yqjE_yqjK_yqjD_yqjC_predicted,0.5,1,1,TGCAAGATGGTGAACGAAAA,0,5196352
yqjE_yqjK_yqjD_yqjC_predicted,0.5,1,1,TGCAAATCCTATTCACCCGG,0,5174069
yqjE_yqjK_yqjD_yqjC_predicted,0.5,1,1,TGATTTCGGGGTTACCATAG,0,5212556
yqjE_yqjK_yqjD_yqjC_predicted,0.5,1,1,TGATTGCAACTGGTAGGCGG,0,5253007
yqjE_yqjK_yqjD_yqjC_predicted,0.5,1,1,TGATTCCATATAAAAGAGAG,0,5196219
yqjE_yqjK_yqjD_yqjC_predicted,0.5,1,1,TGATTCATGAATATCGCAGA,0,5211575
yqjE_yqjK_yqjD_yqjC_predicted,0.5,1,1,TGATTCACAGAGAGTCTAGG,0,5202585
yqjE_yqjK_yqjD_yqjC_predicted,0.5,1,1,TGATGAAGACTGAACATCGT,0,5182646
yqjE_yqjK_yqjD_yqjC_predicted,0.5,1,1,TGATCTTTTTATGAATGACG,0,5259069
yqjE_yqjK_yqjD_yqjC_predicted,0.5,1,1,TGATCTGGCGCTTTATTCCG,0,5182016
yqjE_yqjK_yqjD_yqjC_predicted,0.5,1,1,TGATCGCGTGGAAATCCCAA,0,5172921
yqjE_yqjK_yqjD_yqjC_predicted,0.5,1,1,TGATATTTAAACTGATAAAA,0,5244535
yqjE_yqjK_yqjD_yqjC_predicted,0.5,1,1,TGATATTACTTTTCTAGGCA,0,5238623
yqjE_yqjK_yqjD_yqjC_predicted,0.5,1,1,TGATATGTTGAGCTCCAACC,0,5210686
yqjE_yqjK_yqjD_yqjC_predicted,0.5,1,1,TGATACTGAAATCGCCTGAG,0,5203201
yqjE_yqjK_yqjD_yqjC_predicted,0.5,1,1,TGAGTTTGTCAACGGCCAAT,0,5209673
yqjE_yqjK_yqjD_yqjC_predicted,0.5,1,1,TGAGTTCAATACCAACGCGA,0,5215205
yqjE_yqjK_yqjD_yqjC_predicted,0.5,1,1,TGAGTTATTGGTCAGAAATG,0,5251545
yqjE_yqjK_yqjD_yqjC_predicted,0.5,1,1,TGAGTACTCCAACCCATGGC,0,5227665
yqjE_yqjK_yqjD_yqjC_predicted,0.5,1,1,TGAGGTGGATTGACTTGCCC,0,5202568
yqjE_yqjK_yqjD_yqjC_predicted,0.5,1,1,TGAGGTACGCTCGAAGATAT,0,5241996
yqjE_yqjK_yqjD_yqjC_predicted,0.5,1,1,TGAGGGGGATGGGATTATCA,0,5187925
yqjE_yqjK_yqjD_yqjC_predicted,0.5,1,1,TGAGGCCCTCCAGTCGCCGG,0,5260547
yqjE_yqjK_yqjD_yqjC_predicted,0.5,1,1,TGAGGATGTACCCATGAGTG,0,5235901
yqjE_yqjK_yqjD_yqjC_predicted,0.5,1,1,TGAGCTGTTAGGTTCAACGT,0,5240797
yqjE_yqjK_yqjD_yqjC_predicted,0.5,1,1,TGAGCATGGAGACGTTGTTC,0,5254371
yqjE_yqjK_yqjD_yqjC_predicted,0.5,1,1,TGAGCAAACACTACTCTTGG,0,5231321
yqjE_yqjK_yqjD_yqjC_predicted,0.5,1,1,TGACTACGACCTTTCCGATG,0,5196116
yqjE_yqjK_yqjD_yqjC_predicted,0.5,1,1,TGACGGTTTCTCCACTGCCT,0,5216985
yqjE_yqjK_yqjD_yqjC_predicted,0.5,1,1,TGACGCTCGTGGAGAATAAA,0,5248498
yqjE_yqjK_yqjD_yqjC_predicted,0.5,1,1,TGACGAGATTGGGCTATGCC,0,5261200
yqjE_yqjK_yqjD_yqjC_predicted,0.5,1,1,TGACCTCGGTACCGAGCCGG,0,5224645
yqjE_yqjK_yqjD_yqjC_predicted,0.5,1,1,TGACCCTCGTTCCAAAAAAG,0,5182469
yqjE_yqjK_yqjD_yqjC_predicted,0.5,1,1,TGACATGAGTTGCGTTGCTA,0,5255409
yqjE_yqjK_yqjD_yqjC_predicted,0.5,1,1,TGAATGGGCCACGTAAGTTC,0,5249599
yqjE_yqjK_yqjD_yqjC_predicted,0.5,1,1,TGAATAAGACCATTCGTCAG,0,5214059
yqjE_yqjK_yqjD_yqjC_predicted,0.5,1,1,TGAAGTCAATATTTTTCTCT,0,5187061
yqjE_yqjK_yqjD_yqjC_predicted,0.5,1,1,TGAAGCAATTGTAGCCCTCC,0,5256752
yqjE_yqjK_yqjD_yqjC_predicted,0.5,1,1,TGAAGAAATCCCGCATATCG,0,5244470
yqjE_yqjK_yqjD_yqjC_predicted,0.5,1,1,TGAAGAAAGGGGTATCACGC,0,5238485
yqjE_yqjK_yqjD_yqjC_predicted,0.5,1,1,TGAACCTCCAGAGGGTACTC,0,5260802
yqjE_yqjK_yqjD_yqjC_predicted,0.5,1,1,TGAAAGAAGAGAGTCGAAAG,0,5248184
yqjE_yqjK_yqjD_yqjC_predicted,0.5,1,1,TCTTGTAAGCCCCTACTGAT,0,5238754
yqjE_yqjK_yqjD_yqjC_predicted,0.5,1,1,TCTTGAAGCCATCTTATGGT,0,5227396
yqjE_yqjK_yqjD_yqjC_predicted,0.5,1,1,TCTTCGATTTCTTACCCTAC,0,5251454
yqjE_yqjK_yqjD_yqjC_predicted,0.5,1,1,TCTTCACCAACTCTGCAACA,0,5207597
yqjE_yqjK_yqjD_yqjC_predicted,0.5,1,1,TCTTAGCGTTAGCCGGGCAA,0,5196605
yqjE_yqjK_yqjD_yqjC_predicted,0.5,1,1,TCTGGACGTTAAGGGAATCT,0,5205648
yqjE_yqjK_yqjD_yqjC_predicted,0.5,1,1,TCTGCTGTTAGACGCATCGC,0,5215321
yqjE_yqjK_yqjD_yqjC_predicted,0.5,1,1,TCTGCCAGCTGGTGCATGGC,0,5182952
yqjE_yqjK_yqjD_yqjC_predicted,0.5,1,1,TCTGCATATCTGTCTCCAAT,0,5258999
yqjE_yqjK_yqjD_yqjC_predicted,0.5,1,1,TCTGACTGGTACCAAATTCA,0,5206519
yqjE_yqjK_yqjD_yqjC_predicted,0.5,1,1,TCTGACAAAGGCCGTGAGGT,0,5220916
yqjE_yqjK_yqjD_yqjC_predicted,0.5,1,1,TCTGAATACGATATTGGAGG,0,5257924
yqjE_yqjK_yqjD_yqjC_predicted,0.5,1,1,TCTGAACGGGGGAGCGCCCT,0,5171528
yqjE_yqjK_yqjD_yqjC_predicted,0.5,1,1,TCTGAACCTTGTACTCGCTA,0,5234174
yqjE_yqjK_yqjD_yqjC_predicted,0.5,1,1,TCTCTTCTTCATGGGCCTTG,0,5190661
yqjE_yqjK_yqjD_yqjC_predicted,0.5,1,1,TCTCTCTAGCCACGAGTATC,0,5246147
yqjE_yqjK_yqjD_yqjC_predicted,0.5,1,1,TCTCGTGGTAAAAAAGATAT,0,5171829
yqjE_yqjK_yqjD_yqjC_predicted,0.5,1,1,TCTCGCTAAGCCTAGCATAT,0,5179140
yqjE_yqjK_yqjD_yqjC_predicted,0.5,1,1,TCTCGCCTGATGATAATTTT,0,5241156
yqjE_yqjK_yqjD_yqjC_predicted,0.5,1,1,TCTCGCCATATTGTATGTTT,0,5215382
yqjE_yqjK_yqjD_yqjC_predicted,0.5,1,1,TCTCCTTCAGTAAGTCCGAT,0,5229836
yqjE_yqjK_yqjD_yqjC_predicted,0.5,1,1,TCTCCACACGAGTCGAAGAA,0,5214988
yqjE_yqjK_yqjD_yqjC_predicted,0.5,1,1,TCTCCAAAGGTCACCTAAGC,0,5222019
yqjE_yqjK_yqjD_yqjC_predicted,0.5,1,1,TCTCATCCATATGCCACGTC,0,5234368
yqjE_yqjK_yqjD_yqjC_predicted,0.5,1,1,TCTCAGCGCGGCCTATCCAG,0,5231018
yqjE_yqjK_yqjD_yqjC_predicted,0.5,1,1,TCTCACCATAAACGCAACAC,0,5262142
yqjE_yqjK_yqjD_yqjC_predicted,0.5,1,1,TCTCAACGACATCAAAAGTG,0,5198625
yqjE_yqjK_yqjD_yqjC_predicted,0.5,1,1,TCTATGCTTTCCATAGGCCG,0,5220543
yqjE_yqjK_yqjD_yqjC_predicted,0.5,1,1,TCTATCAATGGTTTAATCCG,0,5204760
yqjE_yqjK_yqjD_yqjC_predicted,0.5,1,1,TCTATACGTCGGTGGGTAGA,0,5175909
yqjE_yqjK_yqjD_yqjC_predicted,0.5,1,1,TCTAGGTTTGATAACTTTAA,0,5248476
yqjE_yqjK_yqjD_yqjC_predicted,0.5,1,1,TCTAGCATCGCGACGATAAC,0,5224693
yqjE_yqjK_yqjD_yqjC_predicted,0.5,1,1,TCTAGAGCCCACCTATAATA,0,5212375
yqjE_yqjK_yqjD_yqjC_predicted,0.5,1,1,TCTAGAATACTCCTGTGTCT,0,5224712
yqjE_yqjK_yqjD_yqjC_predicted,0.5,1,1,TCTAGAAGGTCTAGGCGAAC,0,5194373
yqjE_yqjK_yqjD_yqjC_predicted,0.5,1,1,TCTACTTCGCCAGTCATCGG,0,5246098
yqjE_yqjK_yqjD_yqjC_predicted,0.5,1,1,TCTACTTCCAACATCACCTT,0,5208320
yqjE_yqjK_yqjD_yqjC_predicted,0.5,1,1,TCTACAGACTGTTAATCCGT,0,5200464
yqjE_yqjK_yqjD_yqjC_predicted,0.5,1,1,TCTAATTTTGGAGAGCGAGA,0,5177857
yqjE_yqjK_yqjD_yqjC_predicted,0.5,1,1,TCTAATTGAGCCTGGGATAC,0,5236376
yqjE_yqjK_yqjD_yqjC_predicted,0.5,1,1,TCTAATTCCACAGCTCGAGC,0,5234430
yqjE_yqjK_yqjD_yqjC_predicted,0.5,1,1,TCTAATGTATCGTGGCGAGT,0,5223146
yqjE_yqjK_yqjD_yqjC_predicted,0.5,1,1,TCTAACGGGCACACCGGTTC,0,5215061
yqjE_yqjK_yqjD_yqjC_predicted,0.5,1,1,TCGTTCTTAGTCCCTAGTGG,0,5179390
yqjE_yqjK_yqjD_yqjC_predicted,0.5,1,1,TCGTTCCATTATCCGGTGTC,0,5185401
yqjE_yqjK_yqjD_yqjC_predicted,0.5,1,1,TCGTTATCGTCTCCTTAAGG,0,5245196
yqjE_yqjK_yqjD_yqjC_predicted,0.5,1,1,TCGTTAGGCGCCCGCAATTG,0,5242455
yqjE_yqjK_yqjD_yqjC_predicted,0.5,1,1,TCGTTAATTTGGCTGTTGTC,0,5255590
yqjE_yqjK_yqjD_yqjC_predicted,0.5,1,1,TCGTGTCAGGGTAGTCAGAC,0,5259357
yqjE_yqjK_yqjD_yqjC_predicted,0.5,1,1,TCGTGTAATGCACGGATGGC,0,5232018
yqjE_yqjK_yqjD_yqjC_predicted,0.5,1,1,TCGTCGTATATCAATTTTTA,0,5187398
yqjE_yqjK_yqjD_yqjC_predicted,0.5,1,1,TCGTCGGGCAGAGTTCAAGG,0,5205490
yqjE_yqjK_yqjD_yqjC_predicted,0.5,1,1,TCGTCATGCTGGATCAAACG,0,5189676
yqjE_yqjK_yqjD_yqjC_predicted,0.5,1,1,TCGGTCGTGTTGTGTTGTTC,0,5229051
yqjE_yqjK_yqjD_yqjC_predicted,0.5,1,1,TCGGTCCAGCTCCCACCAAA,0,5178237
yqjE_yqjK_yqjD_yqjC_predicted,0.5,1,1,TCGGTAATATCTGGACCCTT,0,5241195
yqjE_yqjK_yqjD_yqjC_predicted,0.5,1,1,TCGGGTTATGGCTTCACTCC,0,5256471
yqjE_yqjK_yqjD_yqjC_predicted,0.5,1,1,TCGGGACAAACGCTAAAAAG,0,5253779
yqjE_yqjK_yqjD_yqjC_predicted,0.5,1,1,TCGGCGTGCGTTAGGTAAGT,0,5250507
yqjE_yqjK_yqjD_yqjC_predicted,0.5,1,1,TCGGCGATTAATAGGGCATA,0,5246169
yqjE_yqjK_yqjD_yqjC_predicted,0.5,1,1,TCGGCAAGTCTCCCGCGTCT,0,5232703
yqjE_yqjK_yqjD_yqjC_predicted,0.5,1,1,TCGGACCTATGGTAACCGGA,0,5198818
yqjE_yqjK_yqjD_yqjC_predicted,0.5,1,1,TCGCTGAAAGGAGAACTGTA,0,5210841
yqjE_yqjK_yqjD_yqjC_predicted,0.5,1,1,TCGCGTCCATAATATGCTAG,0,5209360
yqjE_yqjK_yqjD_yqjC_predicted,0.5,1,1,TCGCGGTGCTACTGGAACCT,0,5230956
yqjE_yqjK_yqjD_yqjC_predicted,0.5,1,1,TCGCGCTTTGGCGGGAGCCC,0,5223779
yqjE_yqjK_yqjD_yqjC_predicted,0.5,1,1,TCGCCTCCCTCTCCCGCCTC,0,5196399
yqjE_yqjK_yqjD_yqjC_predicted,0.5,1,1,TCGCATTCGTACAATCAAGC,0,5190073
yqjE_yqjK_yqjD_yqjC_predicted,0.5,1,1,TCGCATAACGTTTCCCTAAC,0,5195207
yqjE_yqjK_yqjD_yqjC_predicted,0.5,1,1,TCGCAGGCTCCTCATATGTC,0,5207021
yqjE_yqjK_yqjD_yqjC_predicted,0.5,1,1,TCGCAGCGGCGATCCGAAGT,0,5205659
yqjE_yqjK_yqjD_yqjC_predicted,0.5,1,1,TCGCAGATTAGATAATTACG,0,5185603
yqjE_yqjK_yqjD_yqjC_predicted,0.5,1,1,TCGCAAGGTCCCTCGGCACG,0,5177114
yqjE_yqjK_yqjD_yqjC_predicted,0.5,1,1,TCGATTCAGCATTGTCCTGA,0,5212256
yqjE_yqjK_yqjD_yqjC_predicted,0.5,1,1,TCGATGGTTGGTACACACTG,0,5223264
yqjE_yqjK_yqjD_yqjC_predicted,0.5,1,1,TCGATCTCCCTCGACCACAA,0,5188181
yqjE_yqjK_yqjD_yqjC_predicted,0.5,1,1,TCGATCAAGCAACCAGATGC,0,5239093
yqjE_yqjK_yqjD_yqjC_predicted,0.5,1,1,TCGAGCTCCTCCGAGTGGCA,0,5189739
yqjE_yqjK_yqjD_yqjC_predicted,0.5,1,1,TCGAGCGGTTAGGAGGTGGC,0,5198419
yqjE_yqjK_yqjD_yqjC_predicted,0.5,1,1,TCGAGAGCGGTTTATATCGG,0,5188390
yqjE_yqjK_yqjD_yqjC_predicted,0.5,1,1,TCGAGACCAACGCAGCTCAC,0,5250032
yqjE_yqjK_yqjD_yqjC_predicted,0.5,1,1,TCGACGCACATACCAAGTCG,0,5182586
yqjE_yqjK_yqjD_yqjC_predicted,0.5,1,1,TCGAATCGGGAAAGAGACTA,0,5201201
yqjE_yqjK_yqjD_yqjC_predicted,0.5,1,1,TCGAACATTAATTGTGACAA,0,5247732
yqjE_yqjK_yqjD_yqjC_predicted,0.5,1,1,TCGAAAAGGCACGTGGTCAG,0,5247922
yqjE_yqjK_yqjD_yqjC_predicted,0.5,1,1,TCCTTCGACTTCTCCCTCAC,0,5186629
yqjE_yqjK_yqjD_yqjC_predicted,0.5,1,1,TCCTGTCGCGACAGACAGCT,0,5258299
yqjE_yqjK_yqjD_yqjC_predicted,0.5,1,1,TCCTGTAGCAAAAGCTGGGA,0,5191047
yqjE_yqjK_yqjD_yqjC_predicted,0.5,1,1,TCCTGCTCCAATGCTTATTC,0,5243534
yqjE_yqjK_yqjD_yqjC_predicted,0.5,1,1,TCCTCTTTGTTCGCGACCCC,0,5239557
yqjE_yqjK_yqjD_yqjC_predicted,0.5,1,1,TCCTCTGGTCGCTGTCTGGC,0,5175733
yqjE_yqjK_yqjD_yqjC_predicted,0.5,1,1,TCCTCTGGGGGTCGGTCTTG,0,5189334
yqjE_yqjK_yqjD_yqjC_predicted,0.5,1,1,TCCTCGGCTTTATCTCTAGG,0,5259765
yqjE_yqjK_yqjD_yqjC_predicted,0.5,1,1,TCCTCAGAGGAGTGCGGGGG,0,5216249
yqjE_yqjK_yqjD_yqjC_predicted,0.5,1,1,TCCTAGCAGGAGTCCCCTTT,0,5208273
yqjE_yqjK_yqjD_yqjC_predicted,0.5,1,1,TCCTACCAGACAGTCTGTAC,0,5259697
yqjE_yqjK_yqjD_yqjC_predicted,0.5,1,1,TCCGTGGAATGGATGAACAT,0,5198685
yqjE_yqjK_yqjD_yqjC_predicted,0.5,1,1,TCCGGGTATGTTCGTAGTGA,0,5238964
yqjE_yqjK_yqjD_yqjC_predicted,0.5,1,1,TCCGGATTGGTAGTGTAAGT,0,5217479
yqjE_yqjK_yqjD_yqjC_predicted,0.5,1,1,TCCGGAGCCGCGTGCACTCC,0,5260180
yqjE_yqjK_yqjD_yqjC_predicted,0.5,1,1,TCCGGAAAGGGAAGGGGCCA,0,5247778
yqjE_yqjK_yqjD_yqjC_predicted,0.5,1,1,TCCGCTGCACAGGGAAAGTA,0,5245643
yqjE_yqjK_yqjD_yqjC_predicted,0.5,1,1,TCCGCTCTGTCAATGATAGT,0,5233029
yqjE_yqjK_yqjD_yqjC_predicted,0.5,1,1,TCCGCCTCAGCAGGCACGGC,0,5202370
yqjE_yqjK_yqjD_yqjC_predicted,0.5,1,1,TCCGCAACCCCTCACAATGG,0,5219235
yqjE_yqjK_yqjD_yqjC_predicted,0.5,1,1,TCCGATCTGACCGCCAAGTT,0,5218660
yqjE_yqjK_yqjD_yqjC_predicted,0.5,1,1,TCCGACTCATGGAGATCTGT,0,5244360
yqjE_yqjK_yqjD_yqjC_predicted,0.5,1,1,TCCCTGCACATGAGGTATCA,0,5244320
yqjE_yqjK_yqjD_yqjC_predicted,0.5,1,1,TCCCTAGTTGCTTTGGTTAT,0,5173338
yqjE_yqjK_yqjD_yqjC_predicted,0.5,1,1,TCCCGCATTAAACATTAAAC,0,5181882
yqjE_yqjK_yqjD_yqjC_predicted,0.5,1,1,TCCCCTGAAGCTCACTACAC,0,5259946
yqjE_yqjK_yqjD_yqjC_predicted,0.5,1,1,TCCCCTCTCCAATGAATAGT,0,5226750
yqjE_yqjK_yqjD_yqjC_predicted,0.5,1,1,TCCCCTAAAAGGGAAATTAT,0,5211794
yqjE_yqjK_yqjD_yqjC_predicted,0.5,1,1,TCCCCCGAACAAAGGTTAAG,0,5244887
yqjE_yqjK_yqjD_yqjC_predicted,0.5,1,1,TCCCACTCTCGGAAGGGACA,0,5220147
yqjE_yqjK_yqjD_yqjC_predicted,0.5,1,1,TCCCAAGAGTATGGGAAAAC,0,5241390
yqjE_yqjK_yqjD_yqjC_predicted,0.5,1,1,TCCATTTACGAGAGTTGCAC,0,5251622
yqjE_yqjK_yqjD_yqjC_predicted,0.5,1,1,TCCATTATGAGGGGTGGTCA,0,5239891
yqjE_yqjK_yqjD_yqjC_predicted,0.5,1,1,TCCATGTGGTGAACCGCGCG,0,5207035
yqjE_yqjK_yqjD_yqjC_predicted,0.5,1,1,TCCATCGACGCCAAGTCACG,0,5220594
yqjE_yqjK_yqjD_yqjC_predicted,0.5,1,1,TCCATACTGATATATCGCTG,0,5249506
yqjE_yqjK_yqjD_yqjC_predicted,0.5,1,1,TCCATAAGGAACACTGTTTG,0,5180851
yqjE_yqjK_yqjD_yqjC_predicted,0.5,1,1,TCCAGGCAGGCCAGGTTCGA,0,5228445
yqjE_yqjK_yqjD_yqjC_predicted,0.5,1,1,TCCAGCATCGTACGGCTAGT,0,5257539
yqjE_yqjK_yqjD_yqjC_predicted,0.5,1,1,TCCAGATTCTGCGCTGTAGT,0,5222255
yqjE_yqjK_yqjD_yqjC_predicted,0.5,1,1,TCCACCGGGCGTCAGCGCAT,0,5171702
yqjE_yqjK_yqjD_yqjC_predicted,0.5,1,1,TCCACCGCTTGAACTTGTGG,0,5253474
yqjE_yqjK_yqjD_yqjC_predicted,0.5,1,1,TCCACAACGATACTATTGAA,0,5231232
yqjE_yqjK_yqjD_yqjC_predicted,0.5,1,1,TCCAAGGAAACGAAACTATT,0,5237623
yqjE_yqjK_yqjD_yqjC_predicted,0.5,1,1,TCCAAGCGAACGTGTCGCGT,0,5232315
yqjE_yqjK_yqjD_yqjC_predicted,0.5,1,1,TCCAAGACTACTAGAGTGCC,0,5210276
yqjE_yqjK_yqjD_yqjC_predicted,0.5,1,1,TCCAAATCGGGTGCCTTGTC,0,5237728
yqjE_yqjK_yqjD_yqjC_predicted,0.5,1,1,TCATTCCTAAAGATCAGGTC,0,5187651
yqjE_yqjK_yqjD_yqjC_predicted,0.5,1,1,TCATGGCCCCAATCGCTCAG,0,5186092
yqjE_yqjK_yqjD_yqjC_predicted,0.5,1,1,TCATCGGCTTGGCGCCCCGC,0,5195614
yqjE_yqjK_yqjD_yqjC_predicted,0.5,1,1,TCATCACACGCTGCTCAAGA,0,5216885
yqjE_yqjK_yqjD_yqjC_predicted,0.5,1,1,TCATAGACCAGTGGTGCTAC,0,5228430
yqjE_yqjK_yqjD_yqjC_predicted,0.5,1,1,TCATACGGGCTCTTGCTGTC,0,5219136
yqjE_yqjK_yqjD_yqjC_predicted,0.5,1,1,TCAGTTGTGTACCTAAACGC,0,5226592
yqjE_yqjK_yqjD_yqjC_predicted,0.5,1,1,TCAGTTCCACGCTGACAAGG,0,5235782
yqjE_yqjK_yqjD_yqjC_predicted,0.5,1,1,TCAGTGGGCATGGCCACTTC,0,5207344
yqjE_yqjK_yqjD_yqjC_predicted,0.5,1,1,TCAGTGAGCTTTTAGTTTGG,0,5221711
yqjE_yqjK_yqjD_yqjC_predicted,0.5,1,1,TCAGTGAACGGCTAACGTTT,0,5245205
yqjE_yqjK_yqjD_yqjC_predicted,0.5,1,1,TCAGGTTGGCGCTCTCGGTC,0,5237530
yqjE_yqjK_yqjD_yqjC_predicted,0.5,1,1,TCAGGGAGTCTCTCATAGGG,0,5217464
yqjE_yqjK_yqjD_yqjC_predicted,0.5,1,1,TCAGGAATCTGGAGTCCAAT,0,5220110
yqjE_yqjK_yqjD_yqjC_predicted,0.5,1,1,TCAGGAAACAGCCCTGGGAC,0,5234765
yqjE_yqjK_yqjD_yqjC_predicted,0.5,1,1,TCAGCGAAGAGTCGTTTGTC,0,5251452
yqjE_yqjK_yqjD_yqjC_predicted,0.5,1,1,TCAGCATGCAGCTGACCGCT,0,5204525
yqjE_yqjK_yqjD_yqjC_predicted,0.5,1,1,TCAGCATGAACGCGTTCAAA,0,5199025
yqjE_yqjK_yqjD_yqjC_predicted,0.5,1,1,TCAGCAACGCGATTCTTTGT,0,5235245
yqjE_yqjK_yqjD_yqjC_predicted,0.5,1,1,TCAGATGTTGGTTCTGATGA,0,5257564
yqjE_yqjK_yqjD_yqjC_predicted,0.5,1,1,TCAGACGTATTCGTGCCGTC,0,5244322
yqjE_yqjK_yqjD_yqjC_predicted,0.5,1,1,TCAGACGTACACCCAATTCC,0,5194237
yqjE_yqjK_yqjD_yqjC_predicted,0.5,1,1,TCACTCCTGCTGTAGCCCGT,0,5224566
yqjE_yqjK_yqjD_yqjC_predicted,0.5,1,1,TCACGTTTCAATCATGCCGA,0,5239459
yqjE_yqjK_yqjD_yqjC_predicted,0.5,1,1,TCACGGGCCTGCATAAATCT,0,5220003
yqjE_yqjK_yqjD_yqjC_predicted,0.5,1,1,TCACGCGATAAAACATCAGT,0,5246747
yqjE_yqjK_yqjD_yqjC_predicted,0.5,1,1,TCACGCCGTGAGAAGAACGA,0,5211983
yqjE_yqjK_yqjD_yqjC_predicted,0.5,1,1,TCACCGCTGGAACCGTATAT,0,5175267
yqjE_yqjK_yqjD_yqjC_predicted,0.5,1,1,TCACCCCTAGACCGGGGCAA,0,5250577
yqjE_yqjK_yqjD_yqjC_predicted,0.5,1,1,TCACCAGAACTGGTGACAGA,0,5233513
yqjE_yqjK_yqjD_yqjC_predicted,0.5,1,1,TCACATGTACAGAGTATTTT,0,5258099
yqjE_yqjK_yqjD_yqjC_predicted,0.5,1,1,TCACATCGGGAAGATTGCGA,0,5204454
yqjE_yqjK_yqjD_yqjC_predicted,0.5,1,1,TCACAGTTTGGGCAGCCTAT,0,5208314
yqjE_yqjK_yqjD_yqjC_predicted,0.5,1,1,TCACAGACCGAACCATCAGG,0,5192953
yqjE_yqjK_yqjD_yqjC_predicted,0.5,1,1,TCACAATTAGGTTTGGGTGC,0,5211344
yqjE_yqjK_yqjD_yqjC_predicted,0.5,1,1,TCAATGACATATAATTCTCA,0,5184178
yqjE_yqjK_yqjD_yqjC_predicted,0.5,1,1,TCAATCTGTTGGCGAGGAGA,0,5188957
yqjE_yqjK_yqjD_yqjC_predicted,0.5,1,1,TCAATAGAGCCGGTTTTCAC,0,5237876
yqjE_yqjK_yqjD_yqjC_predicted,0.5,1,1,TCAAGTCAAAGCTAGTGTAC,0,5200283
yqjE_yqjK_yqjD_yqjC_predicted,0.5,1,1,TCAAGGTGCGGGAGCCACTT,0,5224145
yqjE_yqjK_yqjD_yqjC_predicted,0.5,1,1,TCAAGGTACCGGCATCAGCT,0,5194997
yqjE_yqjK_yqjD_yqjC_predicted,0.5,1,1,TCAAGAATTATTGTAGTCCG,0,5216426
yqjE_yqjK_yqjD_yqjC_predicted,0.5,1,1,TCAACTTGTCACCGAAAAGG,0,5248646
yqjE_yqjK_yqjD_yqjC_predicted,0.5,1,1,TCAACGGCTCTAATCACCAT,0,5233591
yqjE_yqjK_yqjD_yqjC_predicted,0.5,1,1,TCAAATTTTGAGAGGCCCAA,0,5241562
yqjE_yqjK_yqjD_yqjC_predicted,0.5,1,1,TCAAATCGTCTCTTTGCATG,0,5177702
yqjE_yqjK_yqjD_yqjC_predicted,0.5,1,1,TCAAATAATAGTGAGCTCCT,0,5261861
yqjE_yqjK_yqjD_yqjC_predicted,0.5,1,1,TCAAAGAGGCTCGGTCGGCT,0,5237523
yqjE_yqjK_yqjD_yqjC_predicted,0.5,1,1,TCAAACTACGGCCTAAAAGC,0,5230549
yqjE_yqjK_yqjD_yqjC_predicted,0.5,1,1,TCAAAACACTTCTGGAACGC,0,5240150
yqjE_yqjK_yqjD_yqjC_predicted,0.5,1,1,TCAAAACAACCACGTGACGT,0,5256165
yqjE_yqjK_yqjD_yqjC_predicted,0.5,1,1,TCAAAAATAAAACTGGCAAC,0,5260162
yqjE_yqjK_yqjD_yqjC_predicted,0.5,1,1,TATTTTTGTGGGCAACAAGA,0,5237306
yqjE_yqjK_yqjD_yqjC_predicted,0.5,1,1,TATTTGTACCTTAGCCAGAC,0,5175590
yqjE_yqjK_yqjD_yqjC_predicted,0.5,1,1,TATTTGCGCTCAAACATCCA,0,5186273
yqjE_yqjK_yqjD_yqjC_predicted,0.5,1,1,TATTTGAGGGTTAACACACT,0,5202802
yqjE_yqjK_yqjD_yqjC_predicted,0.5,1,1,TATTGTCAGTACTCCGCATA,0,5236269
yqjE_yqjK_yqjD_yqjC_predicted,0.5,1,1,TATTGGAGAAGGTCCACTAG,0,5233578
yqjE_yqjK_yqjD_yqjC_predicted,0.5,1,1,TATTGCAAACTTCGCAAAAT,0,5243893
yqjE_yqjK_yqjD_yqjC_predicted,0.5,1,1,TATTCTACCAGCAGCCGGGG,0,5231237
yqjE_yqjK_yqjD_yqjC_predicted,0.5,1,1,TATTCATGGAATGTCGCTTG,0,5232833
yqjE_yqjK_yqjD_yqjC_predicted,0.5,1,1,TATTCAGTTACTGATGGAGC,0,5180468
yqjE_yqjK_yqjD_yqjC_predicted,0.5,1,1,TATTAAGATCCACGAGGACT,0,5211551
yqjE_yqjK_yqjD_yqjC_predicted,0.5,1,1,TATTAAAGGACGGAGCGTCC,0,5234981
yqjE_yqjK_yqjD_yqjC_predicted,0.5,1,1,TATGTACGGCACGCAATAAA,0,5251929
yqjE_yqjK_yqjD_yqjC_predicted,0.5,1,1,TATGTACGGAGGGGCTCCGG,0,5218680
yqjE_yqjK_yqjD_yqjC_predicted,0.5,1,1,TATGTACACCTTACCTTTCT,0,5258387
yqjE_yqjK_yqjD_yqjC_predicted,0.5,1,1,TATGGTGACGCACGGAGCAG,0,5173628
yqjE_yqjK_yqjD_yqjC_predicted,0.5,1,1,TATGGATTCGACGCCGCTTT,0,5231914
yqjE_yqjK_yqjD_yqjC_predicted,0.5,1,1,TATGGACGCTCAATTATTTA,0,5174184
yqjE_yqjK_yqjD_yqjC_predicted,0.5,1,1,TATGCGCTCCGAGGAAAGCG,0,5205404
yqjE_yqjK_yqjD_yqjC_predicted,0.5,1,1,TATGCAAGATGCGTACGGAA,0,5208721
yqjE_yqjK_yqjD_yqjC_predicted,0.5,1,1,TATGACCGGCTCGAGACCTT,0,5231886
yqjE_yqjK_yqjD_yqjC_predicted,0.5,1,1,TATGACAAGGTCCCCACGAT,0,5217896
yqjE_yqjK_yqjD_yqjC_predicted,0.5,1,1,TATGAAAAACAGTTAAAATG,0,5183882
yqjE_yqjK_yqjD_yqjC_predicted,0.5,1,1,TATCTTTACTTTTTCTTTAA,0,5243759
yqjE_yqjK_yqjD_yqjC_predicted,0.5,1,1,TATCTTCATACTTTAACATA,0,5213486
yqjE_yqjK_yqjD_yqjC_predicted,0.5,1,1,TATCTACCCACTGAATACAC,0,5225437
yqjE_yqjK_yqjD_yqjC_predicted,0.5,1,1,TATCGTTCCAGCCGATTTGG,0,5258936
yqjE_yqjK_yqjD_yqjC_predicted,0.5,1,1,TATCGTGTCCAGCACGAAGC,0,5230306
yqjE_yqjK_yqjD_yqjC_predicted,0.5,1,1,TATCGGGTGCTCCGTGAGTA,0,5208735
yqjE_yqjK_yqjD_yqjC_predicted,0.5,1,1,TATCGGATGCTTGTACATCA,0,5222709
yqjE_yqjK_yqjD_yqjC_predicted,0.5,1,1,TATCGCCAGCAATACGTATA,0,5203886
yqjE_yqjK_yqjD_yqjC_predicted,0.5,1,1,TATCGATAGGGCCGTACCGA,0,5191456
yqjE_yqjK_yqjD_yqjC_predicted,0.5,1,1,TATCCTTATTCCCGCCAATA,0,5238983
yqjE_yqjK_yqjD_yqjC_predicted,0.5,1,1,TATCCTCCACGTTTTAGGGG,0,5194869
yqjE_yqjK_yqjD_yqjC_predicted,0.5,1,1,TATCCATACCATTATTTTTA,0,5214926
yqjE_yqjK_yqjD_yqjC_predicted,0.5,1,1,TATCCAGAGCGATACAAGAA,0,5227339
yqjE_yqjK_yqjD_yqjC_predicted,0.5,1,1,TATATTCTCAACCGTGGAAA,0,5254267
yqjE_yqjK_yqjD_yqjC_predicted,0.5,1,1,TATATGGAGTTGGGTTGGTT,0,5246944
yqjE_yqjK_yqjD_yqjC_predicted,0.5,1,1,TATATCGAAACGCTATAGAA,0,5176843
yqjE_yqjK_yqjD_yqjC_predicted,0.5,1,1,TATATAAACTTGCTGCCCCT,0,5208414
yqjE_yqjK_yqjD_yqjC_predicted,0.5,1,1,TATAGCAATTCTGATATTGA,0,5207995
yqjE_yqjK_yqjD_yqjC_predicted,0.5,1,1,TATACGGTAGCACATTAGGT,0,5186481
yqjE_yqjK_yqjD_yqjC_predicted,0.5,1,1,TATACGGACCAGTCAGGGCA,0,5209546
yqjE_yqjK_yqjD_yqjC_predicted,0.5,1,1,TATACCTACGAAAGGTGTCT,0,5192264
yqjE_yqjK_yqjD_yqjC_predicted,0.5,1,1,TATAATTGGAACTGCAAATT,0,5172207
yqjE_yqjK_yqjD_yqjC_predicted,0.5,1,1,TATAAATGTGACTTACGTGC,0,5225533
yqjE_yqjK_yqjD_yqjC_predicted,0.5,1,1,TATAAATGTACCGAGCTCTG,0,5197052
yqjE_yqjK_yqjD_yqjC_predicted,0.5,1,1,TAGGTATAGCCAGAATGGTG,0,5222015
yqjE_yqjK_yqjD_yqjC_predicted,0.5,1,1,TAGGTAATGAATTATGCTGA,0,5189540
yqjE_yqjK_yqjD_yqjC_predicted,0.5,1,1,TAGGGTGACAACTTCGCAGC,0,5222699
yqjE_yqjK_yqjD_yqjC_predicted,0.5,1,1,TAGGGTCGGACGGTTGGTGA,0,5206089
yqjE_yqjK_yqjD_yqjC_predicted,0.5,1,1,TAGGGGTGACGAGGTAAACG,0,5220586
yqjE_yqjK_yqjD_yqjC_predicted,0.5,1,1,TAGGGCCATCTGATACCAGA,0,5219812
yqjE_yqjK_yqjD_yqjC_predicted,0.5,1,1,TAGGGATCCCGTGTGCCGCG,0,5252026
yqjE_yqjK_yqjD_yqjC_predicted,0.5,1,1,TAGGCTCGTACCCTGGCAAG,0,5226356
yqjE_yqjK_yqjD_yqjC_predicted,0.5,1,1,TAGGCTAAGGAACCTACTTA,0,5194888
yqjE_yqjK_yqjD_yqjC_predicted,0.5,1,1,TAGGCGTGTTTCTACAGGGG,0,5223284
yqjE_yqjK_yqjD_yqjC_predicted,0.5,1,1,TAGGCAGTGTTCCAAAGGCG,0,5234831
yqjE_yqjK_yqjD_yqjC_predicted,0.5,1,1,TAGGATTCGGTGGGCTATTT,0,5210051
yqjE_yqjK_yqjD_yqjC_predicted,0.5,1,1,TAGGATGACGCATCAAGGAC,0,5187611
yqjE_yqjK_yqjD_yqjC_predicted,0.5,1,1,TAGCTGTGTTAAGAAAGTGG,0,5217420
yqjE_yqjK_yqjD_yqjC_predicted,0.5,1,1,TAGCTACATTAATTAAAGGT,0,5198953
yqjE_yqjK_yqjD_yqjC_predicted,0.5,1,1,TAGCGTTTTCGGCCTCGCGC,0,5184634
yqjE_yqjK_yqjD_yqjC_predicted,0.5,1,1,TAGCGGTAGGGACCTTGTAT,0,5201344
yqjE_yqjK_yqjD_yqjC_predicted,0.5,1,1,TAGCACTGTCCTGTTGTAAT,0,5238679
yqjE_yqjK_yqjD_yqjC_predicted,0.5,1,1,TAGCACGTATTCAGTGTGAT,0,5200974
yqjE_yqjK_yqjD_yqjC_predicted,0.5,1,1,TAGCAAAGGCCACCGCTCGG,0,5260167
yqjE_yqjK_yqjD_yqjC_predicted,0.5,1,1,TAGCAAAAGCTTACCGCAGG,0,5227148
yqjE_yqjK_yqjD_yqjC_predicted,0.5,1,1,TAGATTTATCAACAATCCCA,0,5229972
yqjE_yqjK_yqjD_yqjC_predicted,0.5,1,1,TAGATGTTTGTCTGCTGGAT,0,5221519
yqjE_yqjK_yqjD_yqjC_predicted,0.5,1,1,TAGATGCCATAAAATGTTCT,0,5187184
yqjE_yqjK_yqjD_yqjC_predicted,0.5,1,1,TAGATCCTGTATAAACCCCA,0,5181923
yqjE_yqjK_yqjD_yqjC_predicted,0.5,1,1,TAGATATGTATAGCAAGTTG,0,5171155
yqjE_yqjK_yqjD_yqjC_predicted,0.5,1,1,TAGAGGAGCTCAGTGTAGAT,0,5251017
yqjE_yqjK_yqjD_yqjC_predicted,0.5,1,1,TAGAGGACAGCGTACCACAC,0,5199079
yqjE_yqjK_yqjD_yqjC_predicted,0.5,1,1,TAGAGCCTTCGTTTAGGTGA,0,5194566
yqjE_yqjK_yqjD_yqjC_predicted,0.5,1,1,TAGAGATTCGCTCAAGTAGG,0,5175124
yqjE_yqjK_yqjD_yqjC_predicted,0.5,1,1,TAGAGAGGCTCAAAAAGCAT,0,5173127
yqjE_yqjK_yqjD_yqjC_predicted,0.5,1,1,TAGAGAGCCCTCAGCCGACT,0,5240591
yqjE_yqjK_yqjD_yqjC_predicted,0.5,1,1,TAGACGGCTGTCGTGACAGT,0,5202488
yqjE_yqjK_yqjD_yqjC_predicted,0.5,1,1,TAGACGCATCAAGACGTCAC,0,5174434
yqjE_yqjK_yqjD_yqjC_predicted,0.5,1,1,TAGACCGGTGGTATAAAGCC,0,5237890
yqjE_yqjK_yqjD_yqjC_predicted,0.5,1,1,TAGACAAGTTCTCGTACGCG,0,5211841
yqjE_yqjK_yqjD_yqjC_predicted,0.5,1,1,TAGAAGCTGCTTTTTTACGT,0,5192784
yqjE_yqjK_yqjD_yqjC_predicted,0.5,1,1,TAGAAGCTGATCGCCGAAGG,0,5201329
yqjE_yqjK_yqjD_yqjC_predicted,0.5,1,1,TAGAAGCATATTAGTGATTT,0,5188270
yqjE_yqjK_yqjD_yqjC_predicted,0.5,1,1,TAGAACTACAGCAACAACAT,0,5199303
yqjE_yqjK_yqjD_yqjC_predicted,0.5,1,1,TAGAAACTCGAGCTCCAATG,0,5208418
yqjE_yqjK_yqjD_yqjC_predicted,0.5,1,1,TAGAAAAACCTATTCCTGGC,0,5253797
yqjE_yqjK_yqjD_yqjC_predicted,0.5,1,1,TACTTGGAAGCGGGTGTGCA,0,5218766
yqjE_yqjK_yqjD_yqjC_predicted,0.5,1,1,TACTTGCAACAGCTTATCGT,0,5216338
yqjE_yqjK_yqjD_yqjC_predicted,0.5,1,1,TACTTCTATGCGTGTCCATG,0,5192139
yqjE_yqjK_yqjD_yqjC_predicted,0.5,1,1,TACTTCGCACCTACCAGCCA,0,5197480
yqjE_yqjK_yqjD_yqjC_predicted,0.5,1,1,TACTGTGCAAGATACTACGG,0,5248804
yqjE_yqjK_yqjD_yqjC_predicted,0.5,1,1,TACTGTCCTGTTGCGTGGTT,0,5244594
yqjE_yqjK_yqjD_yqjC_predicted,0.5,1,1,TACTGGCGGCCAGAGCCATA,0,5261382
yqjE_yqjK_yqjD_yqjC_predicted,0.5,1,1,TACTGCTTTTCACTCGAATT,0,5173708
yqjE_yqjK_yqjD_yqjC_predicted,0.5,1,1,TACTGCAAAAGATATGGAAG,0,5208202
yqjE_yqjK_yqjD_yqjC_predicted,0.5,1,1,TACTGAGTCCGCGTTGAGCG,0,5261081
yqjE_yqjK_yqjD_yqjC_predicted,0.5,1,1,TACTCTTCTGTGTTACATTA,0,5176341
yqjE_yqjK_yqjD_yqjC_predicted,0.5,1,1,TACTCTGTCACAAGTGCAAT,0,5237322
yqjE_yqjK_yqjD_yqjC_predicted,0.5,1,1,TACTCGGCATGACGTCACCA,0,5224181
yqjE_yqjK_yqjD_yqjC_predicted,0.5,1,1,TACTCGCCCGCACAATACGA,0,5246292
yqjE_yqjK_yqjD_yqjC_predicted,0.5,1,1,TACTCCTACTGACGGCAGTG,0,5172009
yqjE_yqjK_yqjD_yqjC_predicted,0.5,1,1,TACTCACACTCCGATTTCGA,0,5215193
yqjE_yqjK_yqjD_yqjC_predicted,0.5,1,1,TACTCAAGAGCTAACAGAGC,0,5208939
yqjE_yqjK_yqjD_yqjC_predicted,0.5,1,1,TACTACCATGACGTTTGCTC,0,5244213
yqjE_yqjK_yqjD_yqjC_predicted,0.5,1,1,TACTACACCGATTATAGGGT,0,5238116
yqjE_yqjK_yqjD_yqjC_predicted,0.5,1,1,TACTACAATCTGCTGCTCAA,0,5240373
yqjE_yqjK_yqjD_yqjC_predicted,0.5,1,1,TACGTGTGCTGGTCATCACT,0,5213418
yqjE_yqjK_yqjD_yqjC_predicted,0.5,1,1,TACGTGTGAACACATCGTGC,0,5246821
yqjE_yqjK_yqjD_yqjC_predicted,0.5,1,1,TACGTCGCGCTAATCACCGT,0,5244610
yqjE_yqjK_yqjD_yqjC_predicted,0.5,1,1,TACGGGTTCCTTCTTATTGG,0,5195184
yqjE_yqjK_yqjD_yqjC_predicted,0.5,1,1,TACGGGAGTTTGCTCTCATA,0,5199758
yqjE_yqjK_yqjD_yqjC_predicted,0.5,1,1,TACGGCTTCCTTCTTATTGG,0,5195122
yqjE_yqjK_yqjD_yqjC_predicted,0.5,1,1,TACGCTTCGCAGCGGGCTAA,0,5245909
yqjE_yqjK_yqjD_yqjC_predicted,0.5,1,1,TACGCTGCGCAATAGAGGAC,0,5188868
yqjE_yqjK_yqjD_yqjC_predicted,0.5,1,1,TACGCCTGAAATGGGAGGAT,0,5225560
yqjE_yqjK_yqjD_yqjC_predicted,0.5,1,1,TACGCCCGAGTCTGTAGTGG,0,5239625
yqjE_yqjK_yqjD_yqjC_predicted,0.5,1,1,TACGCCAACCGCTGGGTGAC,0,5222169
yqjE_yqjK_yqjD_yqjC_predicted,0.5,1,1,TACGATTGTAATAGGGATGA,0,5235084
yqjE_yqjK_yqjD_yqjC_predicted,0.5,1,1,TACGATCTCTTAATTACAAC,0,5207011
yqjE_yqjK_yqjD_yqjC_predicted,0.5,1,1,TACGATCAAAGCGTCGAAAA,0,5208854
yqjE_yqjK_yqjD_yqjC_predicted,0.5,1,1,TACGACTGACGCTACGGCAG,0,5188865
yqjE_yqjK_yqjD_yqjC_predicted,0.5,1,1,TACCTCATGGGAATCGACTT,0,5226552
yqjE_yqjK_yqjD_yqjC_predicted,0.5,1,1,TACCTATTAAAGGGTAGGAT,0,5215470
yqjE_yqjK_yqjD_yqjC_predicted,0.5,1,1,TACCTATCAAGGATCTGCGT,0,5171571
yqjE_yqjK_yqjD_yqjC_predicted,0.5,1,1,TACCGTTATTACTCCGTATA,0,5238822
yqjE_yqjK_yqjD_yqjC_predicted,0.5,1,1,TACCGCGGCACTGCAATTGC,0,5210768
yqjE_yqjK_yqjD_yqjC_predicted,0.5,1,1,TACCGCCAATATTTCTGTAT,0,5228334
yqjE_yqjK_yqjD_yqjC_predicted,0.5,1,1,TACCGCATGATTGGCGGACT,0,5231428
yqjE_yqjK_yqjD_yqjC_predicted,0.5,1,1,TACCCTCTCGTGCAGTTGTT,0,5192547
yqjE_yqjK_yqjD_yqjC_predicted,0.5,1,1,TACCCCTGCGACGTACTCAT,0,5197103
yqjE_yqjK_yqjD_yqjC_predicted,0.5,1,1,TACCACCTTAGTATTTATTA,0,5257586
yqjE_yqjK_yqjD_yqjC_predicted,0.5,1,1,TACATTACAATTACGCGGAG,0,5171952
yqjE_yqjK_yqjD_yqjC_predicted,0.5,1,1,TACATCTTCCCATGCGCTTA,0,5210556
yqjE_yqjK_yqjD_yqjC_predicted,0.5,1,1,TACATCTGGATGGGGAGTGG,0,5212176
yqjE_yqjK_yqjD_yqjC_predicted,0.5,1,1,TACAGCGCACAACGGTCGGA,0,5180538
yqjE_yqjK_yqjD_yqjC_predicted,0.5,1,1,TACACTCCGATGAATGTGTA,0,5253893
yqjE_yqjK_yqjD_yqjC_predicted,0.5,1,1,TACAATATGGGTCAATTCGA,0,5239531
yqjE_yqjK_yqjD_yqjC_predicted,0.5,1,1,TAATTTCGAATTCCTGAAGC,0,5231791
yqjE_yqjK_yqjD_yqjC_predicted,0.5,1,1,TAATTATGGCAGCCTACGTG,0,5201993
yqjE_yqjK_yqjD_yqjC_predicted,0.5,1,1,TAATTACCATGGTCAAATTT,0,5235419
yqjE_yqjK_yqjD_yqjC_predicted,0.5,1,1,TAATGTTGGTGCTGGAATGA,0,5204600
yqjE_yqjK_yqjD_yqjC_predicted,0.5,1,1,TAATGAAAAGGCTACTCTGA,0,5246046
yqjE_yqjK_yqjD_yqjC_predicted,0.5,1,1,TAATCGTTAGCCGTGGGTGG,0,5234348
yqjE_yqjK_yqjD_yqjC_predicted,0.5,1,1,TAATCCTGGGGCTCGATGTA,0,5197050
yqjE_yqjK_yqjD_yqjC_predicted,0.5,1,1,TAATCCAAATTTGATTCAAA,0,5261723
yqjE_yqjK_yqjD_yqjC_predicted,0.5,1,1,TAATATAGATTGACATTCTT,0,5231947
yqjE_yqjK_yqjD_yqjC_predicted,0.5,1,1,TAATAGCGCTAATATTATAA,0,5208773
yqjE_yqjK_yqjD_yqjC_predicted,0.5,1,1,TAATACTAGCGCTCCCCTTT,0,5191129
yqjE_yqjK_yqjD_yqjC_predicted,0.5,1,1,TAATAAGCTGAAATTATCAC,0,5209616
yqjE_yqjK_yqjD_yqjC_predicted,0.5,1,1,TAAGTTTATGGGATTAGTAT,0,5235528
yqjE_yqjK_yqjD_yqjC_predicted,0.5,1,1,TAAGTGCACGATGTGCACAG,0,5180843
yqjE_yqjK_yqjD_yqjC_predicted,0.5,1,1,TAAGTGATTATATCAGCCAG,0,5186277
yqjE_yqjK_yqjD_yqjC_predicted,0.5,1,1,TAAGTATGCGATATAAGGTT,0,5260564
yqjE_yqjK_yqjD_yqjC_predicted,0.5,1,1,TAAGGACAAAGGACAAACAC,0,5246216
yqjE_yqjK_yqjD_yqjC_predicted,0.5,1,1,TAAGCTGGCTTCAATTGGCA,0,5202068
yqjE_yqjK_yqjD_yqjC_predicted,0.5,1,1,TAAGCCCCGTCAATGTATTA,0,5216531
yqjE_yqjK_yqjD_yqjC_predicted,0.5,1,1,TAAGCACTGGGCCAAGGTGG,0,5246975
yqjE_yqjK_yqjD_yqjC_predicted,0.5,1,1,TAAGACTGGCGGTATTTCCG,0,5175018
yqjE_yqjK_yqjD_yqjC_predicted,0.5,1,1,TAACTTCTAATGGACACAAT,0,5178252
yqjE_yqjK_yqjD_yqjC_predicted,0.5,1,1,TAACTCGCGCTTTGCGTAGA,0,5244575
yqjE_yqjK_yqjD_yqjC_predicted,0.5,1,1,TAACGTCACTGTAGCAGGCT,0,5228422
yqjE_yqjK_yqjD_yqjC_predicted,0.5,1,1,TAACGGCCATCCATGTCAAA,0,5171590
yqjE_yqjK_yqjD_yqjC_predicted,0.5,1,1,TAACCCGGACGCTTTTTTAC,0,5222170
yqjE_yqjK_yqjD_yqjC_predicted,0.5,1,1,TAACCCAGGAGCCCGCCAAG,0,5220304
yqjE_yqjK_yqjD_yqjC_predicted,0.5,1,1,TAACCACGGCTGCAATGCGA,0,5177851
yqjE_yqjK_yqjD_yqjC_predicted,0.5,1,1,TAACAGTAAGTTCTTGTTGT,0,5248106
yqjE_yqjK_yqjD_yqjC_predicted,0.5,1,1,TAACAAAACGGTCGAATATT,0,5178305
yqjE_yqjK_yqjD_yqjC_predicted,0.5,1,1,TAAATCCGGTTTCGCCACAC,0,5195899
yqjE_yqjK_yqjD_yqjC_predicted,0.5,1,1,TAAATAAGAGGGAAACGGTG,0,5228274
yqjE_yqjK_yqjD_yqjC_predicted,0.5,1,1,TAAAGTGATGATCTACTCAA,0,5246303
yqjE_yqjK_yqjD_yqjC_predicted,0.5,1,1,TAAAGGCACTTATCCTAGCG,0,5176600
yqjE_yqjK_yqjD_yqjC_predicted,0.5,1,1,TAAACGGATATTCTGGCAGG,0,5192546
yqjE_yqjK_yqjD_yqjC_predicted,0.5,1,1,TAAACGCCCGAGGATGGGAA,0,5247376
yqjE_yqjK_yqjD_yqjC_predicted,0.5,1,1,TAAACAATAACTGTAGCCAC,0,5178330
yqjE_yqjK_yqjD_yqjC_predicted,0.5,1,1,TAAAATGTCATATGTTCAAA,0,5187930
yqjE_yqjK_yqjD_yqjC_predicted,0.5,1,1,TAAAAAAACTGCGCTTCGGA,0,5182035
yqjE_yqjK_yqjD_yqjC_predicted,0.5,1,1,GTTTTGTTCTCCTTTGTCAA,0,5237885
yqjE_yqjK_yqjD_yqjC_predicted,0.5,1,1,GTTTTGCGGCCCGAGCAGTG,0,5195708
yqjE_yqjK_yqjD_yqjC_predicted,0.5,1,1,GTTTTATCACAATTACTTAG,0,5220327
yqjE_yqjK_yqjD_yqjC_predicted,0.5,1,1,GTTTTAAGAGCCTTTGGTCT,0,5253160
yqjE_yqjK_yqjD_yqjC_predicted,0.5,1,1,GTTTGTGCGTGGCATAAAGG,0,5192626
yqjE_yqjK_yqjD_yqjC_predicted,0.5,1,1,GTTTGTCGTGTCAAAGCATG,0,5222916
yqjE_yqjK_yqjD_yqjC_predicted,0.5,1,1,GTTTGTAGCGCCGGATACGA,0,5226554
yqjE_yqjK_yqjD_yqjC_predicted,0.5,1,1,GTTTGCCCCTATCCTGATCA,0,5172360
yqjE_yqjK_yqjD_yqjC_predicted,0.5,1,1,GTTTCTGTCACCGGCTCGTC,0,5172497
yqjE_yqjK_yqjD_yqjC_predicted,0.5,1,1,GTTTCATGGAGATGAGTAGA,0,5233021
yqjE_yqjK_yqjD_yqjC_predicted,0.5,1,1,GTTTATCACGTTGGTATCCA,0,5210852
yqjE_yqjK_yqjD_yqjC_predicted,0.5,1,1,GTTTAGGAAAAGCGCGTTAG,0,5185119
yqjE_yqjK_yqjD_yqjC_predicted,0.5,1,1,GTTTACTTATTTGAGACCAG,0,5188378
yqjE_yqjK_yqjD_yqjC_predicted,0.5,1,1,GTTTAAATCGCGACTCCGGT,0,5171363
yqjE_yqjK_yqjD_yqjC_predicted,0.5,1,1,GTTGTCGATGACAGCTGCCT,0,5201106
yqjE_yqjK_yqjD_yqjC_predicted,0.5,1,1,GTTGTCAAGTGCTGGGGGTA,0,5202691
yqjE_yqjK_yqjD_yqjC_predicted,0.5,1,1,GTTGTATCCACGCCATGGCG,0,5198234
yqjE_yqjK_yqjD_yqjC_predicted,0.5,1,1,GTTGTACATACAGTACGCCG,0,5193702
yqjE_yqjK_yqjD_yqjC_predicted,0.5,1,1,GTTGGTTGGCCGACTCTAAA,0,5187403
yqjE_yqjK_yqjD_yqjC_predicted,0.5,1,1,GTTGGGCTCTGGTGTCTATT,0,5245641
yqjE_yqjK_yqjD_yqjC_predicted,0.5,1,1,GTTGGCTGGTTGTAGGCGAG,0,5245014
yqjE_yqjK_yqjD_yqjC_predicted,0.5,1,1,GTTGGCAGTGTTTACAGTCT,0,5175924
yqjE_yqjK_yqjD_yqjC_predicted,0.5,1,1,GTTGGAAGTTTGGGCCGACT,0,5251935
yqjE_yqjK_yqjD_yqjC_predicted,0.5,1,1,GTTGATGTACTCCAACAAGC,0,5186413
yqjE_yqjK_yqjD_yqjC_predicted,0.5,1,1,GTTGATCAAGGACCATGGTT,0,5214230
yqjE_yqjK_yqjD_yqjC_predicted,0.5,1,1,GTTGATATGACGTGCTTCGG,0,5185709
yqjE_yqjK_yqjD_yqjC_predicted,0.5,1,1,GTTGATAGCGGGGAGTATGT,0,5175921
yqjE_yqjK_yqjD_yqjC_predicted,0.5,1,1,GTTGAAGCCCATGCCCTTTC,0,5225453
yqjE_yqjK_yqjD_yqjC_predicted,0.5,1,1,GTTCTGCGTATCGCTGGGGG,0,5226921
yqjE_yqjK_yqjD_yqjC_predicted,0.5,1,1,GTTCTATTATCTCGCTAAAT,0,5259645
yqjE_yqjK_yqjD_yqjC_predicted,0.5,1,1,GTTCGTAAGGGGTCAGGAAG,0,5249932
yqjE_yqjK_yqjD_yqjC_predicted,0.5,1,1,GTTCCTAGGGACATGACTTA,0,5217298
yqjE_yqjK_yqjD_yqjC_predicted,0.5,1,1,GTTCAGTGGAGTGTGCGCGA,0,5246411
yqjE_yqjK_yqjD_yqjC_predicted,0.5,1,1,GTTCAGTAACCGATTGAATA,0,5210824
yqjE_yqjK_yqjD_yqjC_predicted,0.5,1,1,GTTCAGCCTTTAGTGAAGAG,0,5212491
yqjE_yqjK_yqjD_yqjC_predicted,0.5,1,1,GTTCAGCAAAAAAGGAAGCT,0,5241111
yqjE_yqjK_yqjD_yqjC_predicted,0.5,1,1,GTTCACACCTCGAGGCCCCG,0,5201385
yqjE_yqjK_yqjD_yqjC_predicted,0.5,1,1,GTTATCCTGCTCCTCGCCGG,0,5230302
yqjE_yqjK_yqjD_yqjC_predicted,0.5,1,1,GTTATCCGGGCATTTTGTAC,0,5250221
yqjE_yqjK_yqjD_yqjC_predicted,0.5,1,1,GTTAGTCTGGCACCGCATAG,0,5230864
yqjE_yqjK_yqjD_yqjC_predicted,0.5,1,1,GTTAGCACAAGTCTTGGTAT,0,5214017
yqjE_yqjK_yqjD_yqjC_predicted,0.5,1,1,GTTACGATAGGCCTGGATGC,0,5203726
yqjE_yqjK_yqjD_yqjC_predicted,0.5,1,1,GTTACCATCACACTGCATAA,0,5215052
yqjE_yqjK_yqjD_yqjC_predicted,0.5,1,1,GTTACATTATACCAATTAAC,0,5172451
yqjE_yqjK_yqjD_yqjC_predicted,0.5,1,1,GTTACATCATGGCTTGATTA,0,5256751
yqjE_yqjK_yqjD_yqjC_predicted,0.5,1,1,GTTACAACTTTACCGTCGAA,0,5231727
yqjE_yqjK_yqjD_yqjC_predicted,0.5,1,1,GTTAATCGTATGCCATGCTT,0,5176608
yqjE_yqjK_yqjD_yqjC_predicted,0.5,1,1,GTTAATCATAGCAGCTTACG,0,5193713
yqjE_yqjK_yqjD_yqjC_predicted,0.5,1,1,GTTAAGAACGGAGGAACGGT,0,5210741
yqjE_yqjK_yqjD_yqjC_predicted,0.5,1,1,GTTAAAGATTATCGGTACAA,0,5258526
yqjE_yqjK_yqjD_yqjC_predicted,0.5,1,1,GTGTTTGGTTCGCGCTAGGA,0,5185007
yqjE_yqjK_yqjD_yqjC_predicted,0.5,1,1,GTGTTCCATGCACTGGCTGC,0,5183698
yqjE_yqjK_yqjD_yqjC_predicted,0.5,1,1,GTGTTCAGGCCAGTTTGGAC,0,5174566
yqjE_yqjK_yqjD_yqjC_predicted,0.5,1,1,GTGTTCACCTCATACACTTA,0,5202401
yqjE_yqjK_yqjD_yqjC_predicted,0.5,1,1,GTGTTATTAAGCGGAGACGT,0,5173072
yqjE_yqjK_yqjD_yqjC_predicted,0.5,1,1,GTGTGTATTTTATATTCATT,0,5174077
yqjE_yqjK_yqjD_yqjC_predicted,0.5,1,1,GTGTGTACGAACGGTTTTGT,0,5215276
yqjE_yqjK_yqjD_yqjC_predicted,0.5,1,1,GTGTGATTCTCCTTTAGCAA,0,5184766
yqjE_yqjK_yqjD_yqjC_predicted,0.5,1,1,GTGTGATCCCAGTAAAGGCG,0,5243931
yqjE_yqjK_yqjD_yqjC_predicted,0.5,1,1,GTGTCTTGGAGGCGAGTTTT,0,5228494
yqjE_yqjK_yqjD_yqjC_predicted,0.5,1,1,GTGTCTTAATTGCTTCGTAC,0,5212337
yqjE_yqjK_yqjD_yqjC_predicted,0.5,1,1,GTGTCTATGGCCGTTCGATA,0,5198568
yqjE_yqjK_yqjD_yqjC_predicted,0.5,1,1,GTGTCCGTAAAGTGACCTCA,0,5202264
yqjE_yqjK_yqjD_yqjC_predicted,0.5,1,1,GTGTATTCTTTTCAATCTAA,0,5183330
yqjE_yqjK_yqjD_yqjC_predicted,0.5,1,1,GTGTAGGTGAGATACCCCCG,0,5238384
yqjE_yqjK_yqjD_yqjC_predicted,0.5,1,1,GTGTAATGACTAAGCTATCT,0,5209746
yqjE_yqjK_yqjD_yqjC_predicted,0.5,1,1,GTGGTGCATAAGCTATAGGG,0,5209361
yqjE_yqjK_yqjD_yqjC_predicted,0.5,1,1,GTGGTCGTGGGTATTTACGC,0,5196069
yqjE_yqjK_yqjD_yqjC_predicted,0.5,1,1,GTGGTCCCTGTCTAAATTAC,0,5190555
yqjE_yqjK_yqjD_yqjC_predicted,0.5,1,1,GTGGTAATCAAATGATTGTT,0,5191938
yqjE_yqjK_yqjD_yqjC_predicted,0.5,1,1,GTGGGTGTATATCAGATTCG,0,5192495
yqjE_yqjK_yqjD_yqjC_predicted,0.5,1,1,GTGGGTCGGAAAGCAGTAAG,0,5245974
yqjE_yqjK_yqjD_yqjC_predicted,0.5,1,1,GTGGGGAATGTCGTGGCAAT,0,5235315
yqjE_yqjK_yqjD_yqjC_predicted,0.5,1,1,GTGGGAAGTCTAGAATTCCT,0,5220255
yqjE_yqjK_yqjD_yqjC_predicted,0.5,1,1,GTGGCTTCCACGAACGCCCT,0,5254416
yqjE_yqjK_yqjD_yqjC_predicted,0.5,1,1,GTGGCCCCTCTCATCCCCGG,0,5226133
yqjE_yqjK_yqjD_yqjC_predicted,0.5,1,1,GTGGCATATATCAGTTCTAA,0,5174343
yqjE_yqjK_yqjD_yqjC_predicted,0.5,1,1,GTGGATATCCCCTGGTAGGG,0,5188780
yqjE_yqjK_yqjD_yqjC_predicted,0.5,1,1,GTGGAGATATAGCTTAGTCG,0,5249346
yqjE_yqjK_yqjD_yqjC_predicted,0.5,1,1,GTGCTATGGTCGATGGTTAA,0,5178197
yqjE_yqjK_yqjD_yqjC_predicted,0.5,1,1,GTGCGTTATGCTCCTCCAGA,0,5215932
yqjE_yqjK_yqjD_yqjC_predicted,0.5,1,1,GTGCGGTCGTTCCTCGTGGC,0,5208063
yqjE_yqjK_yqjD_yqjC_predicted,0.5,1,1,GTGCGGGCAAGGGTCTCTTG,0,5251002
yqjE_yqjK_yqjD_yqjC_predicted,0.5,1,1,GTGCGATCGCATGCCCTGAA,0,5253195
yqjE_yqjK_yqjD_yqjC_predicted,0.5,1,1,GTGCGACGCACGTAGCTGGT,0,5230180
yqjE_yqjK_yqjD_yqjC_predicted,0.5,1,1,GTGCCAATGTTATTTAGCAC,0,5215513
yqjE_yqjK_yqjD_yqjC_predicted,0.5,1,1,GTGCATTTTTCAATGGGAGT,0,5262587
yqjE_yqjK_yqjD_yqjC_predicted,0.5,1,1,GTGCAGTGTCCCCTGGGGAC,0,5225415
yqjE_yqjK_yqjD_yqjC_predicted,0.5,1,1,GTGCAGGTGTGAGTGCTGAC,0,5236199
yqjE_yqjK_yqjD_yqjC_predicted,0.5,1,1,GTGCAGCTTTCCCCCGGAGC,0,5172768
yqjE_yqjK_yqjD_yqjC_predicted,0.5,1,1,GTGCAGAAATAACGGATTGC,0,5253166
yqjE_yqjK_yqjD_yqjC_predicted,0.5,1,1,GTGATTAACATATACCTTTT,0,5176821
yqjE_yqjK_yqjD_yqjC_predicted,0.5,1,1,GTGATCACTCCTGCCAGGCA,0,5262091
yqjE_yqjK_yqjD_yqjC_predicted,0.5,1,1,GTGAGGCGGCACAGTCATAA,0,5211392
yqjE_yqjK_yqjD_yqjC_predicted,0.5,1,1,GTGACAAAACCAGTGTTTGT,0,5187833
yqjE_yqjK_yqjD_yqjC_predicted,0.5,1,1,GTGAATGAGTTTATTAAGAA,0,5192702
yqjE_yqjK_yqjD_yqjC_predicted,0.5,1,1,GTGAAGCGCTAATAGTTATG,0,5175949
yqjE_yqjK_yqjD_yqjC_predicted,0.5,1,1,GTGAACTTCTCCAGCGACAC,0,5194076
yqjE_yqjK_yqjD_yqjC_predicted,0.5,1,1,GTGAACTCCTGGAAGCCTGC,0,5245151
yqjE_yqjK_yqjD_yqjC_predicted,0.5,1,1,GTGAACGGTCCGAGGCCCAC,0,5178253
yqjE_yqjK_yqjD_yqjC_predicted,0.5,1,1,GTGAAACCGCCCTACTGGCG,0,5215050
yqjE_yqjK_yqjD_yqjC_predicted,0.5,1,1,GTCTTTTTCAATCTGAAATC,0,5233168
yqjE_yqjK_yqjD_yqjC_predicted,0.5,1,1,GTCTTCCTATGCGTATAGGA,0,5196692
yqjE_yqjK_yqjD_yqjC_predicted,0.5,1,1,GTCTGGTTCCATATCCAAAG,0,5224900
yqjE_yqjK_yqjD_yqjC_predicted,0.5,1,1,GTCTGCGGTCGTGTTGCTCT,0,5203525
yqjE_yqjK_yqjD_yqjC_predicted,0.5,1,1,GTCTGACACCTGTGGAGTGG,0,5206443
yqjE_yqjK_yqjD_yqjC_predicted,0.5,1,1,GTCTCTTGATTCTTGCGCTG,0,5215854
yqjE_yqjK_yqjD_yqjC_predicted,0.5,1,1,GTCTCCGTTCAGTGTTTATA,0,5249328
yqjE_yqjK_yqjD_yqjC_predicted,0.5,1,1,GTCTATGTGACGAACCTCCA,0,5249292
yqjE_yqjK_yqjD_yqjC_predicted,0.5,1,1,GTCTATGGGAACCTCCCTCG,0,5252651
yqjE_yqjK_yqjD_yqjC_predicted,0.5,1,1,GTCTAGGGTTCACCGAAGAG,0,5175429
yqjE_yqjK_yqjD_yqjC_predicted,0.5,1,1,GTCTAGGGTCGAGGTACATG,0,5213805
yqjE_yqjK_yqjD_yqjC_predicted,0.5,1,1,GTCTACTGAACTATGGTCAT,0,5219431
yqjE_yqjK_yqjD_yqjC_predicted,0.5,1,1,GTCGTTTCGGTGGGACAGAG,0,5226944
yqjE_yqjK_yqjD_yqjC_predicted,0.5,1,1,GTCGTTCGAGGAATACAGAT,0,5235374
yqjE_yqjK_yqjD_yqjC_predicted,0.5,1,1,GTCGTGCACCCAGGTTGCTG,0,5197076
yqjE_yqjK_yqjD_yqjC_predicted,0.5,1,1,GTCGTCGTGGGGCAAAAGGC,0,5258968
yqjE_yqjK_yqjD_yqjC_predicted,0.5,1,1,GTCGTATTTGCGGAGTGACT,0,5175828
yqjE_yqjK_yqjD_yqjC_predicted,0.5,1,1,GTCGGTATAATCATCCGTGG,0,5234523
yqjE_yqjK_yqjD_yqjC_predicted,0.5,1,1,GTCGGGCTGCCGGACTTGTC,0,5237871
yqjE_yqjK_yqjD_yqjC_predicted,0.5,1,1,GTCGGAGTTTCTAACGCTAT,0,5221770
yqjE_yqjK_yqjD_yqjC_predicted,0.5,1,1,GTCGCTTCGAGCTGGCGTGT,0,5194702
yqjE_yqjK_yqjD_yqjC_predicted,0.5,1,1,GTCGATCTGGCAGAGCTTCG,0,5182638
yqjE_yqjK_yqjD_yqjC_predicted,0.5,1,1,GTCGAGTTCATGCTCATTCT,0,5203046
yqjE_yqjK_yqjD_yqjC_predicted,0.5,1,1,GTCGAGGTGTGTTGTTCCGC,0,5205616
yqjE_yqjK_yqjD_yqjC_predicted,0.5,1,1,GTCGAGCGCGCATACTGGTC,0,5242737
yqjE_yqjK_yqjD_yqjC_predicted,0.5,1,1,GTCCTTCGGCAAGTGGAGAT,0,5240480
yqjE_yqjK_yqjD_yqjC_predicted,0.5,1,1,GTCCTTAACGGGTGGAATCG,0,5188565
yqjE_yqjK_yqjD_yqjC_predicted,0.5,1,1,GTCCTCTGCTCCCGTATTGG,0,5257666
yqjE_yqjK_yqjD_yqjC_predicted,0.5,1,1,GTCCGCGACATTAATATCGG,0,5253737
yqjE_yqjK_yqjD_yqjC_predicted,0.5,1,1,GTCCGCCACGACGCGGCAAT,0,5256181
yqjE_yqjK_yqjD_yqjC_predicted,0.5,1,1,GTCCGCACTGATCAAACCAA,0,5198403
yqjE_yqjK_yqjD_yqjC_predicted,0.5,1,1,GTCCGAGTACATTGACAGAG,0,5217907
yqjE_yqjK_yqjD_yqjC_predicted,0.5,1,1,GTCCGAAGGAGGAAGCATCT,0,5199235
yqjE_yqjK_yqjD_yqjC_predicted,0.5,1,1,GTCCCGGACACATATCGGCA,0,5250514
yqjE_yqjK_yqjD_yqjC_predicted,0.5,1,1,GTCCCCTACGCCCGCCCCTT,0,5176279
yqjE_yqjK_yqjD_yqjC_predicted,0.5,1,1,GTCCCCCTTAGCCTCTCTGT,0,5234422
yqjE_yqjK_yqjD_yqjC_predicted,0.5,1,1,GTCCATCCCTTCATTTTTAC,0,5208051
yqjE_yqjK_yqjD_yqjC_predicted,0.5,1,1,GTCCAGTCGGCTACTCCTAC,0,5197518
yqjE_yqjK_yqjD_yqjC_predicted,0.5,1,1,GTCCACAAATGTTAGTCGAT,0,5178549
yqjE_yqjK_yqjD_yqjC_predicted,0.5,1,1,GTCCAAGGGGCCTGACTAGT,0,5227673
yqjE_yqjK_yqjD_yqjC_predicted,0.5,1,1,GTCATCGGAGAGGCCGTAAT,0,5224378
yqjE_yqjK_yqjD_yqjC_predicted,0.5,1,1,GTCATAAACGTTGTGGTATC,0,5215389
yqjE_yqjK_yqjD_yqjC_predicted,0.5,1,1,GTCAGTTGGGAGACAATTGC,0,5254362
yqjE_yqjK_yqjD_yqjC_predicted,0.5,1,1,GTCAGAGGGTCTACGGGGCT,0,5245358
yqjE_yqjK_yqjD_yqjC_predicted,0.5,1,1,GTCAGAGGCCAGGCATTTCT,0,5258083
yqjE_yqjK_yqjD_yqjC_predicted,0.5,1,1,GTCACTCTCGCGACCAGGCC,0,5218077
yqjE_yqjK_yqjD_yqjC_predicted,0.5,1,1,GTCACTAAGGGGTACATCTT,0,5252282
yqjE_yqjK_yqjD_yqjC_predicted,0.5,1,1,GTCACGTTCATACAACGTCT,0,5192179
yqjE_yqjK_yqjD_yqjC_predicted,0.5,1,1,GTCACGCAAATTAAAAAAGT,0,5218600
yqjE_yqjK_yqjD_yqjC_predicted,0.5,1,1,GTCAATATTAGGCTCGATGG,0,5195137
yqjE_yqjK_yqjD_yqjC_predicted,0.5,1,1,GTCAACCTTCGCGGGTTGGG,0,5226828
yqjE_yqjK_yqjD_yqjC_predicted,0.5,1,1,GTATTTAATCATGAGGTAGG,0,5195450
yqjE_yqjK_yqjD_yqjC_predicted,0.5,1,1,GTATTGGGTTCACGAGCACC,0,5175654
yqjE_yqjK_yqjD_yqjC_predicted,0.5,1,1,GTATTGCTCCACCTCGAAGT,0,5232262
yqjE_yqjK_yqjD_yqjC_predicted,0.5,1,1,GTATTGCATGTATGCAATTC,0,5259073
yqjE_yqjK_yqjD_yqjC_predicted,0.5,1,1,GTATTCTTTTACCATCTTGA,0,5190951
yqjE_yqjK_yqjD_yqjC_predicted,0.5,1,1,GTATTATCATACCCTACTAG,0,5235276
yqjE_yqjK_yqjD_yqjC_predicted,0.5,1,1,GTATGTCACGCTATAGGATT,0,5190016
yqjE_yqjK_yqjD_yqjC_predicted,0.5,1,1,GTATCTACTGTAGAGCTGTT,0,5182565
yqjE_yqjK_yqjD_yqjC_predicted,0.5,1,1,GTATAGCTACTTCCCAATCT,0,5217549
yqjE_yqjK_yqjD_yqjC_predicted,0.5,1,1,GTATAGACTACACGGATAAA,0,5183171
yqjE_yqjK_yqjD_yqjC_predicted,0.5,1,1,GTATACACGCACTCTGAGAC,0,5258669
yqjE_yqjK_yqjD_yqjC_predicted,0.5,1,1,GTATAATCATCTCCATGACC,0,5174592
yqjE_yqjK_yqjD_yqjC_predicted,0.5,1,1,GTATAAACTCACCCGGATGG,0,5246726
yqjE_yqjK_yqjD_yqjC_predicted,0.5,1,1,GTAGTTCAGTTATGTAATTT,0,5201454
yqjE_yqjK_yqjD_yqjC_predicted,0.5,1,1,GTAGTGTTGTTGCCAGCGGA,0,5194006
yqjE_yqjK_yqjD_yqjC_predicted,0.5,1,1,GTAGTGCTGTGACCCCGTTT,0,5185471
yqjE_yqjK_yqjD_yqjC_predicted,0.5,1,1,GTAGTGCAGAGGCCCGGATC,0,5174385
yqjE_yqjK_yqjD_yqjC_predicted,0.5,1,1,GTAGTGAGTCACTGGGCACT,0,5211300
yqjE_yqjK_yqjD_yqjC_predicted,0.5,1,1,GTAGTAAGTACTAGGCATCT,0,5222251
yqjE_yqjK_yqjD_yqjC_predicted,0.5,1,1,GTAGGTAACCGCTGCTTCCT,0,5250704
yqjE_yqjK_yqjD_yqjC_predicted,0.5,1,1,GTAGGGACGCGCATGCATTT,0,5200636
yqjE_yqjK_yqjD_yqjC_predicted,0.5,1,1,GTAGGGACATGTCGAAAGTG,0,5178817
yqjE_yqjK_yqjD_yqjC_predicted,0.5,1,1,GTAGCTACCCAGCCACACGC,0,5214496
yqjE_yqjK_yqjD_yqjC_predicted,0.5,1,1,GTAGCGAGCCGCAGATTTTT,0,5233909
yqjE_yqjK_yqjD_yqjC_predicted,0.5,1,1,GTAGACCGATATCCCGTGGG,0,5250264
yqjE_yqjK_yqjD_yqjC_predicted,0.5,1,1,GTACTTACGCTGAGAGCAAA,0,5237784
yqjE_yqjK_yqjD_yqjC_predicted,0.5,1,1,GTACTACGGTACATGTGGTC,0,5212240
yqjE_yqjK_yqjD_yqjC_predicted,0.5,1,1,GTACGTTAGTGTCATGCTCT,0,5171213
yqjE_yqjK_yqjD_yqjC_predicted,0.5,1,1,GTACGTGCACGCCCCGCCCT,0,5179511
yqjE_yqjK_yqjD_yqjC_predicted,0.5,1,1,GTACGTCTGCGACCAACTTT,0,5198273
yqjE_yqjK_yqjD_yqjC_predicted,0.5,1,1,GTACGGGAGCACGCTTTTGC,0,5237184
yqjE_yqjK_yqjD_yqjC_predicted,0.5,1,1,GTACGCCATTCCAGACTTCA,0,5249089
yqjE_yqjK_yqjD_yqjC_predicted,0.5,1,1,GTACGACAAGCGTCTCGTGT,0,5243402
yqjE_yqjK_yqjD_yqjC_predicted,0.5,1,1,GTACGAAAGGTGGTTGGCGC,0,5185453
yqjE_yqjK_yqjD_yqjC_predicted,0.5,1,1,GTACCTCTCCAACATCTGGC,0,5210340
yqjE_yqjK_yqjD_yqjC_predicted,0.5,1,1,GTACCGGCTGTCCCTGCTTG,0,5198200
yqjE_yqjK_yqjD_yqjC_predicted,0.5,1,1,GTACCCAGCATGGGGTGAGT,0,5240918
yqjE_yqjK_yqjD_yqjC_predicted,0.5,1,1,GTACAGTCTAGACCGTTCTC,0,5207483
yqjE_yqjK_yqjD_yqjC_predicted,0.5,1,1,GTACACGCGCTAAGGTTATT,0,5244289
yqjE_yqjK_yqjD_yqjC_predicted,0.5,1,1,GTAATTGCGTGTGTAATAAG,0,5200167
yqjE_yqjK_yqjD_yqjC_predicted,0.5,1,1,GTAATGCGCTGTCAATCAGT,0,5255195
yqjE_yqjK_yqjD_yqjC_predicted,0.5,1,1,GTAATAATCGGCTCGCGTGC,0,5182271
yqjE_yqjK_yqjD_yqjC_predicted,0.5,1,1,GTAAGGAGCCGAATCGAAGT,0,5178192
yqjE_yqjK_yqjD_yqjC_predicted,0.5,1,1,GTAAGGAAATCCCAGACGCT,0,5189312
yqjE_yqjK_yqjD_yqjC_predicted,0.5,1,1,GTAAGCCTGGAGCTCGTGTA,0,5254683
yqjE_yqjK_yqjD_yqjC_predicted,0.5,1,1,GTAAGCCTAGACAGAAGTTG,0,5197909
yqjE_yqjK_yqjD_yqjC_predicted,0.5,1,1,GTAAGCCGATATGTGTTAAA,0,5223826
yqjE_yqjK_yqjD_yqjC_predicted,0.5,1,1,GTAAGAACTAACCGTGTCGT,0,5226448
yqjE_yqjK_yqjD_yqjC_predicted,0.5,1,1,GTAACTACAAGTCACCAAGA,0,5246111
yqjE_yqjK_yqjD_yqjC_predicted,0.5,1,1,GTAACGTAAGAGCGGGGATA,0,5258166
yqjE_yqjK_yqjD_yqjC_predicted,0.5,1,1,GTAACCGGTTCGGATATTGG,0,5180581
yqjE_yqjK_yqjD_yqjC_predicted,0.5,1,1,GTAACCAAGAGCGCGTCCTT,0,5238383
yqjE_yqjK_yqjD_yqjC_predicted,0.5,1,1,GTAAATCAGAGAGGGGTTCC,0,5212398
yqjE_yqjK_yqjD_yqjC_predicted,0.5,1,1,GTAAACAGATTCAACCAACA,0,5204066
yqjE_yqjK_yqjD_yqjC_predicted,0.5,1,1,GGTTTATTGTCACTGGACTA,0,5215765
yqjE_yqjK_yqjD_yqjC_predicted,0.5,1,1,GGTTGTTTCAACTGTAGTGA,0,5189463
yqjE_yqjK_yqjD_yqjC_predicted,0.5,1,1,GGTTGCTACCCGCGATGGCG,0,5244863
yqjE_yqjK_yqjD_yqjC_predicted,0.5,1,1,GGTTGACTATATAGCTGAGC,0,5190337
yqjE_yqjK_yqjD_yqjC_predicted,0.5,1,1,GGTTGACGTAATGATGACCC,0,5218402
yqjE_yqjK_yqjD_yqjC_predicted,0.5,1,1,GGTTCGTTTAGCTCCATATT,0,5242716
yqjE_yqjK_yqjD_yqjC_predicted,0.5,1,1,GGTTCCATTTCGGTTATTTA,0,5178316
yqjE_yqjK_yqjD_yqjC_predicted,0.5,1,1,GGTTATTGAACCCCGGGCTA,0,5215795
yqjE_yqjK_yqjD_yqjC_predicted,0.5,1,1,GGTTATCAGGGGATCCTCCC,0,5184256
yqjE_yqjK_yqjD_yqjC_predicted,0.5,1,1,GGTTAGGGGACCGTACTTAT,0,5174595
yqjE_yqjK_yqjD_yqjC_predicted,0.5,1,1,GGTGTGTCTAGATGGAAGTA,0,5201899
yqjE_yqjK_yqjD_yqjC_predicted,0.5,1,1,GGTGTGGCCGCATCGCCTGA,0,5238582
yqjE_yqjK_yqjD_yqjC_predicted,0.5,1,1,GGTGTGCCCGAGCGGGTCCC,0,5232749
yqjE_yqjK_yqjD_yqjC_predicted,0.5,1,1,GGTGTCCGTGTCTACTCCGC,0,5218853
yqjE_yqjK_yqjD_yqjC_predicted,0.5,1,1,GGTGGCCGCATAGCCATCAT,0,5205782
yqjE_yqjK_yqjD_yqjC_predicted,0.5,1,1,GGTGGCAAAAATGGTCTAAG,0,5207745
yqjE_yqjK_yqjD_yqjC_predicted,0.5,1,1,GGTGGATTTTAATCACTGGC,0,5216815
yqjE_yqjK_yqjD_yqjC_predicted,0.5,1,1,GGTGCTACCGCAGAATTGCA,0,5224728
yqjE_yqjK_yqjD_yqjC_predicted,0.5,1,1,GGTGCCGACAGTTGGCACGC,0,5255958
yqjE_yqjK_yqjD_yqjC_predicted,0.5,1,1,GGTGCCATAACTTGCAGCTT,0,5203043
yqjE_yqjK_yqjD_yqjC_predicted,0.5,1,1,GGTGAGGCTACCGGGGAACG,0,5216032
yqjE_yqjK_yqjD_yqjC_predicted,0.5,1,1,GGTCTGCACAAGAGTAGACT,0,5182383
yqjE_yqjK_yqjD_yqjC_predicted,0.5,1,1,GGTCTGCAATTGATCGACGT,0,5261453
yqjE_yqjK_yqjD_yqjC_predicted,0.5,1,1,GGTCGTCATTGTTCCAGAAT,0,5234953
yqjE_yqjK_yqjD_yqjC_predicted,0.5,1,1,GGTCGCCCAACTGAACTATC,0,5192621
yqjE_yqjK_yqjD_yqjC_predicted,0.5,1,1,GGTCCGTAAGGTGGTTCGTG,0,5255123
yqjE_yqjK_yqjD_yqjC_predicted,0.5,1,1,GGTCCCTGACGAGGTCCGAT,0,5258805
yqjE_yqjK_yqjD_yqjC_predicted,0.5,1,1,GGTCCCGTGCCTTAGAACGT,0,5182309
yqjE_yqjK_yqjD_yqjC_predicted,0.5,1,1,GGTCATTGACTAACCCACTG,0,5245296
yqjE_yqjK_yqjD_yqjC_predicted,0.5,1,1,GGTCACTGTCCGGGGAATTA,0,5171651
yqjE_yqjK_yqjD_yqjC_predicted,0.5,1,1,GGTCACAGCGACCTAGTGTT,0,5209958
yqjE_yqjK_yqjD_yqjC_predicted,0.5,1,1,GGTCAATTAAGTGTTACTCA,0,5222319
yqjE_yqjK_yqjD_yqjC_predicted,0.5,1,1,GGTCAAATATATGTTGGCTT,0,5191458
yqjE_yqjK_yqjD_yqjC_predicted,0.5,1,1,GGTATCGAGAACTGTCATCC,0,5229043
yqjE_yqjK_yqjD_yqjC_predicted,0.5,1,1,GGTATCCGTTTTAGCATGCA,0,5211576
yqjE_yqjK_yqjD_yqjC_predicted,0.5,1,1,GGTATAACGTTCATAGGAGG,0,5245391
yqjE_yqjK_yqjD_yqjC_predicted,0.5,1,1,GGTAGTCTCGTTGTGCTGGG,0,5214858
yqjE_yqjK_yqjD_yqjC_predicted,0.5,1,1,GGTAGGTCCTTTTTCAATAA,0,5236267
yqjE_yqjK_yqjD_yqjC_predicted,0.5,1,1,GGTAGATCAGCTCACACATT,0,5236925
yqjE_yqjK_yqjD_yqjC_predicted,0.5,1,1,GGTACTCAGTAGACCTGAGG,0,5210576
yqjE_yqjK_yqjD_yqjC_predicted,0.5,1,1,GGTACGTCCCGGACGCTACC,0,5227125
yqjE_yqjK_yqjD_yqjC_predicted,0.5,1,1,GGTACAAGTTAGTTCTAAAG,0,5215820
yqjE_yqjK_yqjD_yqjC_predicted,0.5,1,1,GGTACAACTCTGGGTAACTC,0,5183250
yqjE_yqjK_yqjD_yqjC_predicted,0.5,1,1,GGGTTTCTCCTTCTAGGGGG,0,5195785
yqjE_yqjK_yqjD_yqjC_predicted,0.5,1,1,GGGTTGCAACTCGGCTTAGC,0,5231662
yqjE_yqjK_yqjD_yqjC_predicted,0.5,1,1,GGGTTAGAGTAGGCCCTTGA,0,5220233
yqjE_yqjK_yqjD_yqjC_predicted,0.5,1,1,GGGTGTTCCTCATCGGAATG,0,5215383
yqjE_yqjK_yqjD_yqjC_predicted,0.5,1,1,GGGTGGGGGTTATCCAGTGC,0,5215415
yqjE_yqjK_yqjD_yqjC_predicted,0.5,1,1,GGGTGCGTGCACTGTCTCGC,0,5202741
yqjE_yqjK_yqjD_yqjC_predicted,0.5,1,1,GGGTGAGCAGCGGTTCCCCA,0,5234213
yqjE_yqjK_yqjD_yqjC_predicted,0.5,1,1,GGGTCGTCGTTCCGAGCTAT,0,5203148
yqjE_yqjK_yqjD_yqjC_predicted,0.5,1,1,GGGTCGGCATAAAGCGGAGC,0,5216975
yqjE_yqjK_yqjD_yqjC_predicted,0.5,1,1,GGGTCCCATTAGGAGTCGCG,0,5256702
yqjE_yqjK_yqjD_yqjC_predicted,0.5,1,1,GGGTCCACAAGTTATTGGCT,0,5219275
yqjE_yqjK_yqjD_yqjC_predicted,0.5,1,1,GGGTATGCCCCAACTACCGC,0,5254352
yqjE_yqjK_yqjD_yqjC_predicted,0.5,1,1,GGGTATGATTGCGCGTGTGA,0,5186718
yqjE_yqjK_yqjD_yqjC_predicted,0.5,1,1,GGGTAGGGCACGGTATGAAG,0,5174252
yqjE_yqjK_yqjD_yqjC_predicted,0.5,1,1,GGGTAGCTCTAGCCTGATAA,0,5181081
yqjE_yqjK_yqjD_yqjC_predicted,0.5,1,1,GGGTAATGGAAATATCCTGT,0,5241005
yqjE_yqjK_yqjD_yqjC_predicted,0.5,1,1,GGGTAAGTTTGATTACGGTG,0,5234993
yqjE_yqjK_yqjD_yqjC_predicted,0.5,1,1,GGGGTTTCTGCATAGTAGTG,0,5171983
yqjE_yqjK_yqjD_yqjC_predicted,0.5,1,1,GGGGTGCAACCGCGCCGGGG,0,5229194
yqjE_yqjK_yqjD_yqjC_predicted,0.5,1,1,GGGGTCGTACTATTTGGCTT,0,5237977
yqjE_yqjK_yqjD_yqjC_predicted,0.5,1,1,GGGGGTTCGACTGACGATTT,0,5257742
yqjE_yqjK_yqjD_yqjC_predicted,0.5,1,1,GGGGGTTAGACTCGCCCCTC,0,5175650
yqjE_yqjK_yqjD_yqjC_predicted,0.5,1,1,GGGGGTGTTCAGCTCACACC,0,5223415
yqjE_yqjK_yqjD_yqjC_predicted,0.5,1,1,GGGGGATACGAGGCAACAGA,0,5213108
yqjE_yqjK_yqjD_yqjC_predicted,0.5,1,1,GGGGGAATGCTGGGCGGAGG,0,5232953
yqjE_yqjK_yqjD_yqjC_predicted,0.5,1,1,GGGGCGGACCGAACGGTCTG,0,5184408
yqjE_yqjK_yqjD_yqjC_predicted,0.5,1,1,GGGGCACACCGGAAGTGTGT,0,5206124
yqjE_yqjK_yqjD_yqjC_predicted,0.5,1,1,GGGGATTTGAGGCTAATCCC,0,5191496
yqjE_yqjK_yqjD_yqjC_predicted,0.5,1,1,GGGGATTATTTGTTCACTGA,0,5223331
yqjE_yqjK_yqjD_yqjC_predicted,0.5,1,1,GGGGATGTCTAGGTAGTGGG,0,5184596
yqjE_yqjK_yqjD_yqjC_predicted,0.5,1,1,GGGGATGGAACATACATGGT,0,5259595
yqjE_yqjK_yqjD_yqjC_predicted,0.5,1,1,GGGGACGTTATGTGTTAACT,0,5195668
yqjE_yqjK_yqjD_yqjC_predicted,0.5,1,1,GGGGAATCTGACAGCGGGTT,0,5232764
yqjE_yqjK_yqjD_yqjC_predicted,0.5,1,1,GGGCTGCCCCTAAATTAACG,0,5203534
yqjE_yqjK_yqjD_yqjC_predicted,0.5,1,1,GGGCTCTAAGGATAGCACAT,0,5244941
yqjE_yqjK_yqjD_yqjC_predicted,0.5,1,1,GGGCTCGACATCTTAGTTAG,0,5262345
yqjE_yqjK_yqjD_yqjC_predicted,0.5,1,1,GGGCGTGACCGCACGTCACA,0,5222908
yqjE_yqjK_yqjD_yqjC_predicted,0.5,1,1,GGGCGCTCATGGGAAAGCCT,0,5190242
yqjE_yqjK_yqjD_yqjC_predicted,0.5,1,1,GGGCGCACATTCCTGTGAGC,0,5210333
yqjE_yqjK_yqjD_yqjC_predicted,0.5,1,1,GGGCGACCATGGTGGGAGTA,0,5172738
yqjE_yqjK_yqjD_yqjC_predicted,0.5,1,1,GGGCCGGGCACACAGCGATA,0,5190071
yqjE_yqjK_yqjD_yqjC_predicted,0.5,1,1,GGGCCGCCGTGTTGCTCACG,0,5174107
yqjE_yqjK_yqjD_yqjC_predicted,0.5,1,1,GGGCCAGCCACTAGCCAGAT,0,5215454
yqjE_yqjK_yqjD_yqjC_predicted,0.5,1,1,GGGCATTAAACGAACTTGTT,0,5222257
yqjE_yqjK_yqjD_yqjC_predicted,0.5,1,1,GGGCAGTTCTCGTGCATTTT,0,5244361
yqjE_yqjK_yqjD_yqjC_predicted,0.5,1,1,GGGCAGATCAAGTCGAGTAA,0,5226361
yqjE_yqjK_yqjD_yqjC_predicted,0.5,1,1,GGGATGGCTGGCAGAAAATT,0,5178513
yqjE_yqjK_yqjD_yqjC_predicted,0.5,1,1,GGGATACAGAGGACCAGAAG,0,5191929
yqjE_yqjK_yqjD_yqjC_predicted,0.5,1,1,GGGAGTGTTTGGGTAAGGGG,0,5226917
yqjE_yqjK_yqjD_yqjC_predicted,0.5,1,1,GGGAGGGTTTAGTGCGTGCT,0,5230330
yqjE_yqjK_yqjD_yqjC_predicted,0.5,1,1,GGGACATTATTAAGAAGGTC,0,5237484
yqjE_yqjK_yqjD_yqjC_predicted,0.5,1,1,GGGACATGTCTTGCCCTGTG,0,5232223
yqjE_yqjK_yqjD_yqjC_predicted,0.5,1,1,GGGAATCGCGATACTGCCCG,0,5225907
yqjE_yqjK_yqjD_yqjC_predicted,0.5,1,1,GGGAAGTGGCCGTGGCTGAA,0,5207821
yqjE_yqjK_yqjD_yqjC_predicted,0.5,1,1,GGGAAGCGAGGTTTTACCAT,0,5234832
yqjE_yqjK_yqjD_yqjC_predicted,0.5,1,1,GGGAACTTCTGACGTACACG,0,5229531
yqjE_yqjK_yqjD_yqjC_predicted,0.5,1,1,GGGAAACACAGCTAACGTTC,0,5240380
yqjE_yqjK_yqjD_yqjC_predicted,0.5,1,1,GGCTTGTAGGTAATATTACT,0,5259573
yqjE_yqjK_yqjD_yqjC_predicted,0.5,1,1,GGCTTGGATTCGAGCATCCT,0,5201976
yqjE_yqjK_yqjD_yqjC_predicted,0.5,1,1,GGCTTCATTTTTCACCTTCC,0,5199002
yqjE_yqjK_yqjD_yqjC_predicted,0.5,1,1,GGCTTATTTCGTCTTTGGGT,0,5235603
yqjE_yqjK_yqjD_yqjC_predicted,0.5,1,1,GGCTTATGCACCACAGTGGA,0,5258570
yqjE_yqjK_yqjD_yqjC_predicted,0.5,1,1,GGCTGGGCACGGTGTTGGAC,0,5250193
yqjE_yqjK_yqjD_yqjC_predicted,0.5,1,1,GGCTGACATCCGACTATGGA,0,5192537
yqjE_yqjK_yqjD_yqjC_predicted,0.5,1,1,GGCTCTACGTTGGTTTGCAC,0,5222159
yqjE_yqjK_yqjD_yqjC_predicted,0.5,1,1,GGCTCGGTTGAAGGGGTCCT,0,5181162
yqjE_yqjK_yqjD_yqjC_predicted,0.5,1,1,GGCTCGGGGTTCATGGGTTA,0,5237615
yqjE_yqjK_yqjD_yqjC_predicted,0.5,1,1,GGCTCGCACGGCTTACGTGC,0,5176104
yqjE_yqjK_yqjD_yqjC_predicted,0.5,1,1,GGCTATTGATGCCGGGTAAA,0,5243657
yqjE_yqjK_yqjD_yqjC_predicted,0.5,1,1,GGCTACTCGGTCGGAGTGCT,0,5248367
yqjE_yqjK_yqjD_yqjC_predicted,0.5,1,1,GGCGTGCGTCGCGGAGCGTT,0,5228590
yqjE_yqjK_yqjD_yqjC_predicted,0.5,1,1,GGCGTAGGTAACTCCTCGTC,0,5235261
yqjE_yqjK_yqjD_yqjC_predicted,0.5,1,1,GGCGTACTTTAAACCGCAAC,0,5194684
yqjE_yqjK_yqjD_yqjC_predicted,0.5,1,1,GGCGGTGCCCGAGACCGGCT,0,5240082
yqjE_yqjK_yqjD_yqjC_predicted,0.5,1,1,GGCGGTAGCGGTAGCTAGTT,0,5246362
yqjE_yqjK_yqjD_yqjC_predicted,0.5,1,1,GGCGGGCGTTCTGCGTGTAA,0,5192920
yqjE_yqjK_yqjD_yqjC_predicted,0.5,1,1,GGCGGGATTGCGCCCTCTCA,0,5239844
yqjE_yqjK_yqjD_yqjC_predicted,0.5,1,1,GGCGGCCGTACTTGATGGTG,0,5194066
yqjE_yqjK_yqjD_yqjC_predicted,0.5,1,1,GGCGGCAAGCCGGCCGGCGG,0,5217171
yqjE_yqjK_yqjD_yqjC_predicted,0.5,1,1,GGCGGACAAAAATGTTTCCA,0,5228656
yqjE_yqjK_yqjD_yqjC_predicted,0.5,1,1,GGCGCGCCTATGCACTTTAG,0,5236080
yqjE_yqjK_yqjD_yqjC_predicted,0.5,1,1,GGCGCCTCGAATAAGTCGTC,0,5207476
yqjE_yqjK_yqjD_yqjC_predicted,0.5,1,1,GGCGCCGGACTATAACCGCA,0,5252509
yqjE_yqjK_yqjD_yqjC_predicted,0.5,1,1,GGCGCCCGAAGCTCAAGGCA,0,5241419
yqjE_yqjK_yqjD_yqjC_predicted,0.5,1,1,GGCGCCCAAAGCAATCCAGA,0,5206681
yqjE_yqjK_yqjD_yqjC_predicted,0.5,1,1,GGCGCAGTCGTAAATTTAGT,0,5198490
yqjE_yqjK_yqjD_yqjC_predicted,0.5,1,1,GGCGCACGCCGAGTCGCGCG,0,5176331
yqjE_yqjK_yqjD_yqjC_predicted,0.5,1,1,GGCGATATCATAACTTTGAA,0,5250814
yqjE_yqjK_yqjD_yqjC_predicted,0.5,1,1,GGCGAAAGATTTTATCTCGT,0,5226752
yqjE_yqjK_yqjD_yqjC_predicted,0.5,1,1,GGCCGGCCCCCAAGGTTAGA,0,5250277
yqjE_yqjK_yqjD_yqjC_predicted,0.5,1,1,GGCCGCACTTACAAGTGGGA,0,5262957
yqjE_yqjK_yqjD_yqjC_predicted,0.5,1,1,GGCCGATTTAGACTAGGTTC,0,5199576
yqjE_yqjK_yqjD_yqjC_predicted,0.5,1,1,GGCCGAAGGCGACGGTCTTT,0,5177807
yqjE_yqjK_yqjD_yqjC_predicted,0.5,1,1,GGCCCTCTAAGACTCAAGAG,0,5238951
yqjE_yqjK_yqjD_yqjC_predicted,0.5,1,1,GGCCCTAGATACTACACCCT,0,5205304
yqjE_yqjK_yqjD_yqjC_predicted,0.5,1,1,GGCCCGTAACTCCAGTGTCG,0,5172601
yqjE_yqjK_yqjD_yqjC_predicted,0.5,1,1,GGCCCCGCCTTATCATTGTT,0,5214172
yqjE_yqjK_yqjD_yqjC_predicted,0.5,1,1,GGCCATTTTTGCGCTAGACG,0,5221281
yqjE_yqjK_yqjD_yqjC_predicted,0.5,1,1,GGCCATTCAAACGCGGACGA,0,5178761
yqjE_yqjK_yqjD_yqjC_predicted,0.5,1,1,GGCCACAAGCAGTTACACAT,0,5182373
yqjE_yqjK_yqjD_yqjC_predicted,0.5,1,1,GGCATGCGTAAGGTTGCAGC,0,5243213
yqjE_yqjK_yqjD_yqjC_predicted,0.5,1,1,GGCATGATTCAGAGGTGAAA,0,5249169
yqjE_yqjK_yqjD_yqjC_predicted,0.5,1,1,GGCATCGATGAACAGCGGTT,0,5222939
yqjE_yqjK_yqjD_yqjC_predicted,0.5,1,1,GGCATCCAGCGAATCAGAGT,0,5239364
yqjE_yqjK_yqjD_yqjC_predicted,0.5,1,1,GGCAGCTGGATAGTCGGGTG,0,5225330
yqjE_yqjK_yqjD_yqjC_predicted,0.5,1,1,GGCAGAGTGTTGGAATGTTA,0,5223105
yqjE_yqjK_yqjD_yqjC_predicted,0.5,1,1,GGCACGTACTGGAACAGTGA,0,5170941
yqjE_yqjK_yqjD_yqjC_predicted,0.5,1,1,GGCACGAAAGTCCCAGCATT,0,5260094
yqjE_yqjK_yqjD_yqjC_predicted,0.5,1,1,GGCAATAAAAGAGACGTGTG,0,5201723
yqjE_yqjK_yqjD_yqjC_predicted,0.5,1,1,GGCAAAGCATCAAAATTTAG,0,5253787
yqjE_yqjK_yqjD_yqjC_predicted,0.5,1,1,GGATTTCTATGAATTATGCC,0,5238483
yqjE_yqjK_yqjD_yqjC_predicted,0.5,1,1,GGATTTCAGGGGCGGGTCGC,0,5196341
yqjE_yqjK_yqjD_yqjC_predicted,0.5,1,1,GGATTGTTTCAGACATAGGG,0,5214379
yqjE_yqjK_yqjD_yqjC_predicted,0.5,1,1,GGATTCCCGCAGAGTTAAGT,0,5208775
yqjE_yqjK_yqjD_yqjC_predicted,0.5,1,1,GGATGTGTGCATCGTTTACC,0,5213223
yqjE_yqjK_yqjD_yqjC_predicted,0.5,1,1,GGATGCTAAAATTTTCTGTG,0,5225414
yqjE_yqjK_yqjD_yqjC_predicted,0.5,1,1,GGATGCCGTGCAAGCAACTA,0,5242693
yqjE_yqjK_yqjD_yqjC_predicted,0.5,1,1,GGATCTGAACGCAACGGCTT,0,5173063
yqjE_yqjK_yqjD_yqjC_predicted,0.5,1,1,GGATCCTATTTCACAGCGGC,0,5213079
yqjE_yqjK_yqjD_yqjC_predicted,0.5,1,1,GGATCCGTTCCTCGCTAGTT,0,5260549
yqjE_yqjK_yqjD_yqjC_predicted,0.5,1,1,GGATCACACTACGCATGTTA,0,5209794
yqjE_yqjK_yqjD_yqjC_predicted,0.5,1,1,GGATCAATAAGACACGAGTA,0,5211902
yqjE_yqjK_yqjD_yqjC_predicted,0.5,1,1,GGATAGGGTAACATGTCGCC,0,5189801
yqjE_yqjK_yqjD_yqjC_predicted,0.5,1,1,GGATAGCGTGATGTAGTGAA,0,5229039
yqjE_yqjK_yqjD_yqjC_predicted,0.5,1,1,GGATACCCAAACCTAAGGGT,0,5190796
yqjE_yqjK_yqjD_yqjC_predicted,0.5,1,1,GGATAACGTCGGGGGTCATA,0,5243203
yqjE_yqjK_yqjD_yqjC_predicted,0.5,1,1,GGATAACCCAATTCCATGCG,0,5225205
yqjE_yqjK_yqjD_yqjC_predicted,0.5,1,1,GGATAACATCGAACAGTTTC,0,5217903
yqjE_yqjK_yqjD_yqjC_predicted,0.5,1,1,GGATAAAGAAACGGATACGT,0,5206078
yqjE_yqjK_yqjD_yqjC_predicted,0.5,1,1,GGAGTTCGGCAGAGCTTGAT,0,5210151
yqjE_yqjK_yqjD_yqjC_predicted,0.5,1,1,GGAGTGAAGGAGAGCAGCCG,0,5242187
yqjE_yqjK_yqjD_yqjC_predicted,0.5,1,1,GGAGTCAGCTTCTTTAAGCT,0,5261859
yqjE_yqjK_yqjD_yqjC_predicted,0.5,1,1,GGAGGTATCATCCAATGCGG,0,5189973
yqjE_yqjK_yqjD_yqjC_predicted,0.5,1,1,GGAGGGCCGTAACGCGAGAA,0,5249156
yqjE_yqjK_yqjD_yqjC_predicted,0.5,1,1,GGAGGGACTAGGATGATGCG,0,5236264
yqjE_yqjK_yqjD_yqjC_predicted,0.5,1,1,GGAGCTGCATATTCCCAAAA,0,5240726
yqjE_yqjK_yqjD_yqjC_predicted,0.5,1,1,GGAGCACTCCTCGAGGTTTC,0,5216243
yqjE_yqjK_yqjD_yqjC_predicted,0.5,1,1,GGAGATACAACCGTCTTTAA,0,5195019
yqjE_yqjK_yqjD_yqjC_predicted,0.5,1,1,GGAGAGGACGTATAAACGGT,0,5193635
yqjE_yqjK_yqjD_yqjC_predicted,0.5,1,1,GGACTTGGCTTGCATATCAG,0,5250178
yqjE_yqjK_yqjD_yqjC_predicted,0.5,1,1,GGACTTGCGGAAACGCGAAC,0,5241924
yqjE_yqjK_yqjD_yqjC_predicted,0.5,1,1,GGACTGTCCCGCGCTGCCGG,0,5212981
yqjE_yqjK_yqjD_yqjC_predicted,0.5,1,1,GGACTGTCAGGAAATTATTC,0,5239415
yqjE_yqjK_yqjD_yqjC_predicted,0.5,1,1,GGACTGGAGTTGCTAGCCCT,0,5200253
yqjE_yqjK_yqjD_yqjC_predicted,0.5,1,1,GGACTGATACTCCGGCGGTT,0,5252644
yqjE_yqjK_yqjD_yqjC_predicted,0.5,1,1,GGACTCTTCTCAGTTAGCAA,0,5250007
yqjE_yqjK_yqjD_yqjC_predicted,0.5,1,1,GGACTCTGCCGCGAACATTG,0,5189327
yqjE_yqjK_yqjD_yqjC_predicted,0.5,1,1,GGACTCCCTATGGGGTCCGG,0,5258578
yqjE_yqjK_yqjD_yqjC_predicted,0.5,1,1,GGACTAAAGACAAGTAGGTT,0,5249208
yqjE_yqjK_yqjD_yqjC_predicted,0.5,1,1,GGACCAGTTATGAAACTTAT,0,5197376
yqjE_yqjK_yqjD_yqjC_predicted,0.5,1,1,GGACAGGTTTAACAACATCA,0,5214494
yqjE_yqjK_yqjD_yqjC_predicted,0.5,1,1,GGACACGTCTGCGACCCCAA,0,5237375
yqjE_yqjK_yqjD_yqjC_predicted,0.5,1,1,GGACACCTACGGCATTACGG,0,5222665
yqjE_yqjK_yqjD_yqjC_predicted,0.5,1,1,GGAAGTTGTGTTGTGTACTA,0,5224590
yqjE_yqjK_yqjD_yqjC_predicted,0.5,1,1,GGAAGTTGTGGGCAGCGCCG,0,5233931
yqjE_yqjK_yqjD_yqjC_predicted,0.5,1,1,GGAAGTGATAGCTTCGGGCA,0,5236514
yqjE_yqjK_yqjD_yqjC_predicted,0.5,1,1,GGAAGCTATGTTGGGCAAAA,0,5231507
yqjE_yqjK_yqjD_yqjC_predicted,0.5,1,1,GGAAGCCTGGACTTCCTAGA,0,5254078
yqjE_yqjK_yqjD_yqjC_predicted,0.5,1,1,GGAAGAGTCGCGTTCTAAAG,0,5190420
yqjE_yqjK_yqjD_yqjC_predicted,0.5,1,1,GGAAGAAGAAGTTTGGGGGT,0,5207022
yqjE_yqjK_yqjD_yqjC_predicted,0.5,1,1,GGAAATTCAAGGCTCACCTC,0,5260900
yqjE_yqjK_yqjD_yqjC_predicted,0.5,1,1,GGAAACGCTGCTTTGGCCGG,0,5219232
yqjE_yqjK_yqjD_yqjC_predicted,0.5,1,1,GGAAACATCGCCCTGCAATG,0,5188414
yqjE_yqjK_yqjD_yqjC_predicted,0.5,1,1,GGAAAATTACGCACGATACT,0,5176243
yqjE_yqjK_yqjD_yqjC_predicted,0.5,1,1,GGAAAACAAGTTCATCAAGC,0,5205975
yqjE_yqjK_yqjD_yqjC_predicted,0.5,1,1,GCTTTCTCAGCTCGCCATTG,0,5226282
yqjE_yqjK_yqjD_yqjC_predicted,0.5,1,1,GCTTTCCCGCGACGGGTCCC,0,5226206
yqjE_yqjK_yqjD_yqjC_predicted,0.5,1,1,GCTTGTCGCAAACTCGACGT,0,5219106
yqjE_yqjK_yqjD_yqjC_predicted,0.5,1,1,GCTTGTAATAAAATTGGGAG,0,5262624
yqjE_yqjK_yqjD_yqjC_predicted,0.5,1,1,GCTTGGAAATTGACGTCCAC,0,5182504
yqjE_yqjK_yqjD_yqjC_predicted,0.5,1,1,GCTTGCATATTCATACTCCA,0,5216668
yqjE_yqjK_yqjD_yqjC_predicted,0.5,1,1,GCTTCTGACACCGGATCTTG,0,5217352
yqjE_yqjK_yqjD_yqjC_predicted,0.5,1,1,GCTTCGACAGCGCGCGAAAA,0,5196024
yqjE_yqjK_yqjD_yqjC_predicted,0.5,1,1,GCTTCCGATCGAGTGGTCCA,0,5228794
yqjE_yqjK_yqjD_yqjC_predicted,0.5,1,1,GCTTCATTAAGGACTGCGGT,0,5231485
yqjE_yqjK_yqjD_yqjC_predicted,0.5,1,1,GCTTCACTTGGGGAGTTATG,0,5171360
yqjE_yqjK_yqjD_yqjC_predicted,0.5,1,1,GCTTATCATTGAAATGTAGC,0,5249828
yqjE_yqjK_yqjD_yqjC_predicted,0.5,1,1,GCTTAGCGAATGGGAAAGGG,0,5229347
yqjE_yqjK_yqjD_yqjC_predicted,0.5,1,1,GCTTACATAATACATAGGTT,0,5216924
yqjE_yqjK_yqjD_yqjC_predicted,0.5,1,1,GCTGTGTCACCGCCCGCTAG,0,5228247
yqjE_yqjK_yqjD_yqjC_predicted,0.5,1,1,GCTGTGACTGACCCTCCGGG,0,5220974
yqjE_yqjK_yqjD_yqjC_predicted,0.5,1,1,GCTGGGTTCAATTGGTACAG,0,5259309
yqjE_yqjK_yqjD_yqjC_predicted,0.5,1,1,GCTGCTGGGTGACGCACTCC,0,5243289
yqjE_yqjK_yqjD_yqjC_predicted,0.5,1,1,GCTGCTGAATGTTCACGCCT,0,5192243
yqjE_yqjK_yqjD_yqjC_predicted,0.5,1,1,GCTGCTCGTTATTGGGTAAT,0,5180746
yqjE_yqjK_yqjD_yqjC_predicted,0.5,1,1,GCTGCTCGTCCAAGGTTGGT,0,5199688
yqjE_yqjK_yqjD_yqjC_predicted,0.5,1,1,GCTGCCAGGTTGGATTTAAC,0,5226919
yqjE_yqjK_yqjD_yqjC_predicted,0.5,1,1,GCTGACCCCGGGTTCCAATT,0,5212546
yqjE_yqjK_yqjD_yqjC_predicted,0.5,1,1,GCTGAATTCATATCTTCGGG,0,5241231
yqjE_yqjK_yqjD_yqjC_predicted,0.5,1,1,GCTCTGCAACTGTCAGTATT,0,5258127
yqjE_yqjK_yqjD_yqjC_predicted,0.5,1,1,GCTCTAGTGCGATGGCATAC,0,5213734
yqjE_yqjK_yqjD_yqjC_predicted,0.5,1,1,GCTCGGAAGTTAGCATAACT,0,5188595
yqjE_yqjK_yqjD_yqjC_predicted,0.5,1,1,GCTCGAGGAAATTCTTCCAT,0,5237906
yqjE_yqjK_yqjD_yqjC_predicted,0.5,1,1,GCTCGAGACACATTCTTGGG,0,5250331
yqjE_yqjK_yqjD_yqjC_predicted,0.5,1,1,GCTCCTACATCGCAGGTATG,0,5196453
yqjE_yqjK_yqjD_yqjC_predicted,0.5,1,1,GCTCATACACGGGACATAGG,0,5257582
yqjE_yqjK_yqjD_yqjC_predicted,0.5,1,1,GCTCATAAGGCTGGGCCGCA,0,5245128
yqjE_yqjK_yqjD_yqjC_predicted,0.5,1,1,GCTATTTACCCCGGGGTCAT,0,5210126
yqjE_yqjK_yqjD_yqjC_predicted,0.5,1,1,GCTATTCTAGTAGGGCTATA,0,5250455
yqjE_yqjK_yqjD_yqjC_predicted,0.5,1,1,GCTATCAGAACCATGTGGAA,0,5183178
yqjE_yqjK_yqjD_yqjC_predicted,0.5,1,1,GCTATACCCTTCATAACGTC,0,5222620
yqjE_yqjK_yqjD_yqjC_predicted,0.5,1,1,GCTATAAGCCATTATTTCGC,0,5227607
yqjE_yqjK_yqjD_yqjC_predicted,0.5,1,1,GCTAGGCACATCATGAGCCA,0,5189630
yqjE_yqjK_yqjD_yqjC_predicted,0.5,1,1,GCTACACATGATGAGGTTCC,0,5227138
yqjE_yqjK_yqjD_yqjC_predicted,0.5,1,1,GCGTGGAATGAGTTCTGCAG,0,5210210
yqjE_yqjK_yqjD_yqjC_predicted,0.5,1,1,GCGTGCTCCATGGACGAGCA,0,5198172
yqjE_yqjK_yqjD_yqjC_predicted,0.5,1,1,GCGTCCCAGGCAATCTGTCA,0,5194732
yqjE_yqjK_yqjD_yqjC_predicted,0.5,1,1,GCGTATGTACCAGTTACGGA,0,5255999
yqjE_yqjK_yqjD_yqjC_predicted,0.5,1,1,GCGTATATTAAACATGATCG,0,5225208
yqjE_yqjK_yqjD_yqjC_predicted,0.5,1,1,GCGGTTATTGCTGTATGAGA,0,5225430
yqjE_yqjK_yqjD_yqjC_predicted,0.5,1,1,GCGGTGGAGCGTAGCGCGGA,0,5210312
yqjE_yqjK_yqjD_yqjC_predicted,0.5,1,1,GCGGTCGCTACAGTATCGAT,0,5221257
yqjE_yqjK_yqjD_yqjC_predicted,0.5,1,1,GCGGGTGCAGCTAATCGTAC,0,5185728
yqjE_yqjK_yqjD_yqjC_predicted,0.5,1,1,GCGGGGGAGCCCCGCCAGTA,0,5226164
yqjE_yqjK_yqjD_yqjC_predicted,0.5,1,1,GCGGGGCCTTGTGGATGTTG,0,5251584
yqjE_yqjK_yqjD_yqjC_predicted,0.5,1,1,GCGGGGCCGCTAGTTCCATG,0,5203914
yqjE_yqjK_yqjD_yqjC_predicted,0.5,1,1,GCGGGCACCTTTATATCCCT,0,5194861
yqjE_yqjK_yqjD_yqjC_predicted,0.5,1,1,GCGGGATCATTTTTCCGTTT,0,5191195
yqjE_yqjK_yqjD_yqjC_predicted,0.5,1,1,GCGGGAAGTACGCACTCGAC,0,5243664
yqjE_yqjK_yqjD_yqjC_predicted,0.5,1,1,GCGGGAACACGCGCAAACAT,0,5227260
yqjE_yqjK_yqjD_yqjC_predicted,0.5,1,1,GCGGCGCAGATTACCAGGGA,0,5230757
yqjE_yqjK_yqjD_yqjC_predicted,0.5,1,1,GCGGCACCAGTTACAAATCA,0,5254693
yqjE_yqjK_yqjD_yqjC_predicted,0.5,1,1,GCGGCACACCCAGTCTGGGT,0,5239402
yqjE_yqjK_yqjD_yqjC_predicted,0.5,1,1,GCGGATCGCGATCTGTTCCA,0,5204378
yqjE_yqjK_yqjD_yqjC_predicted,0.5,1,1,GCGGATAGTTGTGCACAATT,0,5256298
yqjE_yqjK_yqjD_yqjC_predicted,0.5,1,1,GCGCTGGACTTGCCAACACG,0,5189829
yqjE_yqjK_yqjD_yqjC_predicted,0.5,1,1,GCGCTAGAGGTCTTCGGTGA,0,5184577
yqjE_yqjK_yqjD_yqjC_predicted,0.5,1,1,GCGCGGCCCTCTGCCATGTG,0,5216706
yqjE_yqjK_yqjD_yqjC_predicted,0.5,1,1,GCGCGGCATCAGCTTTGTTC,0,5226149
yqjE_yqjK_yqjD_yqjC_predicted,0.5,1,1,GCGCGAATCACTGTTAGTGG,0,5215101
yqjE_yqjK_yqjD_yqjC_predicted,0.5,1,1,GCGCAGACCTTAGATACTAT,0,5176276
yqjE_yqjK_yqjD_yqjC_predicted,0.5,1,1,GCGCACGTTGTAAGTCACCT,0,5233501
yqjE_yqjK_yqjD_yqjC_predicted,0.5,1,1,GCGCAAGGCTCTTGACCCTT,0,5191266
yqjE_yqjK_yqjD_yqjC_predicted,0.5,1,1,GCGATTCGATGCGAGTTGAG,0,5228948
yqjE_yqjK_yqjD_yqjC_predicted,0.5,1,1,GCGATCATTAGTTATTCTAA,0,5213939
yqjE_yqjK_yqjD_yqjC_predicted,0.5,1,1,GCGATCATCGTAGTCTGATT,0,5187558
yqjE_yqjK_yqjD_yqjC_predicted,0.5,1,1,GCGAGCCGGAAGGAGTTCTG,0,5223695
yqjE_yqjK_yqjD_yqjC_predicted,0.5,1,1,GCGAGACATTAACCACAAAC,0,5220482
yqjE_yqjK_yqjD_yqjC_predicted,0.5,1,1,GCGACGGTGCAGGGATAAAT,0,5262300
yqjE_yqjK_yqjD_yqjC_predicted,0.5,1,1,GCGACGCTCCTACACGGTCT,0,5209687
yqjE_yqjK_yqjD_yqjC_predicted,0.5,1,1,GCGACGCGTGCATAGTTCAC,0,5240372
yqjE_yqjK_yqjD_yqjC_predicted,0.5,1,1,GCGACCTGTACTTTTAGAAT,0,5206638
yqjE_yqjK_yqjD_yqjC_predicted,0.5,1,1,GCGACATCGGACAACTGACA,0,5200157
yqjE_yqjK_yqjD_yqjC_predicted,0.5,1,1,GCGACACGCAAAGTGGGGGG,0,5251964
yqjE_yqjK_yqjD_yqjC_predicted,0.5,1,1,GCGAATATTATGGGCCTGCA,0,5191533
yqjE_yqjK_yqjD_yqjC_predicted,0.5,1,1,GCCTTTTTTACCTTCGAAAA,0,5256143
yqjE_yqjK_yqjD_yqjC_predicted,0.5,1,1,GCCTTCTGGAGACCCGCCAT,0,5232868
yqjE_yqjK_yqjD_yqjC_predicted,0.5,1,1,GCCTTCGTGACGAGTCTCGG,0,5207428
yqjE_yqjK_yqjD_yqjC_predicted,0.5,1,1,GCCTTAGACCAACTTCTCGG,0,5195892
yqjE_yqjK_yqjD_yqjC_predicted,0.5,1,1,GCCTTAATGCCAACCAAATT,0,5223475
yqjE_yqjK_yqjD_yqjC_predicted,0.5,1,1,GCCTGTTGACCTCCACAAAT,0,5176623
yqjE_yqjK_yqjD_yqjC_predicted,0.5,1,1,GCCTGCTGGCTATCTTGCCT,0,5256073
yqjE_yqjK_yqjD_yqjC_predicted,0.5,1,1,GCCTCACACCTACCTTAGGA,0,5259896
yqjE_yqjK_yqjD_yqjC_predicted,0.5,1,1,GCCTAGTGCAGTATGTTCAT,0,5248972
yqjE_yqjK_yqjD_yqjC_predicted,0.5,1,1,GCCTAGGCACGAGCCGTATC,0,5174723
yqjE_yqjK_yqjD_yqjC_predicted,0.5,1,1,GCCTAGGATTGAATTGGTGC,0,5206386
yqjE_yqjK_yqjD_yqjC_predicted,0.5,1,1,GCCTAGAAGACACCTATTGA,0,5250012
yqjE_yqjK_yqjD_yqjC_predicted,0.5,1,1,GCCTACGGCATGATCTATGA,0,5208444
yqjE_yqjK_yqjD_yqjC_predicted,0.5,1,1,GCCTACGCCCGTAGCTAGGA,0,5175110
yqjE_yqjK_yqjD_yqjC_predicted,0.5,1,1,GCCGTTACGAACGGGACAAG,0,5252273
yqjE_yqjK_yqjD_yqjC_predicted,0.5,1,1,GCCGTCCAGCATTGATTGCC,0,5215789
yqjE_yqjK_yqjD_yqjC_predicted,0.5,1,1,GCCGTATATTTCTGGGGTTA,0,5185840
yqjE_yqjK_yqjD_yqjC_predicted,0.5,1,1,GCCGTATAGGTCATTAGAGG,0,5235588
yqjE_yqjK_yqjD_yqjC_predicted,0.5,1,1,GCCGGTCCGGGTAATCATCC,0,5260202
yqjE_yqjK_yqjD_yqjC_predicted,0.5,1,1,GCCGGCTGCAAGACTTGAGG,0,5213478
yqjE_yqjK_yqjD_yqjC_predicted,0.5,1,1,GCCGGCACGGAACTTTCAAC,0,5205038
yqjE_yqjK_yqjD_yqjC_predicted,0.5,1,1,GCCGCTGATGCGCGAGCGAA,0,5185194
yqjE_yqjK_yqjD_yqjC_predicted,0.5,1,1,GCCGCCCATCGGGCTACCCT,0,5201849
yqjE_yqjK_yqjD_yqjC_predicted,0.5,1,1,GCCGCAGGACCTCGGCCGTC,0,5198773
yqjE_yqjK_yqjD_yqjC_predicted,0.5,1,1,GCCGAGTACCGCAGGTACGA,0,5172859
yqjE_yqjK_yqjD_yqjC_predicted,0.5,1,1,GCCGAGGTGTCTTCTCATAG,0,5234288
yqjE_yqjK_yqjD_yqjC_predicted,0.5,1,1,GCCCTTCGCGCAGGCGTAAA,0,5262050
yqjE_yqjK_yqjD_yqjC_predicted,0.5,1,1,GCCCTCGATGGCCGATGCGA,0,5220911
yqjE_yqjK_yqjD_yqjC_predicted,0.5,1,1,GCCCTAGGGAGCCCGTCGTC,0,5204278
yqjE_yqjK_yqjD_yqjC_predicted,0.5,1,1,GCCCGTCTAATAAGGATCTG,0,5181645
yqjE_yqjK_yqjD_yqjC_predicted,0.5,1,1,GCCCGACGAATACCACTACC,0,5258134
yqjE_yqjK_yqjD_yqjC_predicted,0.5,1,1,GCCCCGTAAGCAAAATGGTC,0,5174019
yqjE_yqjK_yqjD_yqjC_predicted,0.5,1,1,GCCCAGGTTGGAACTCCGAG,0,5208362
yqjE_yqjK_yqjD_yqjC_predicted,0.5,1,1,GCCCAGAATATGCTCTTGTC,0,5246859
yqjE_yqjK_yqjD_yqjC_predicted,0.5,1,1,GCCCACAATACGGATGTGGG,0,5244221
yqjE_yqjK_yqjD_yqjC_predicted,0.5,1,1,GCCATTTTGGGTCAGTCCAA,0,5255579
yqjE_yqjK_yqjD_yqjC_predicted,0.5,1,1,GCCATTCGACTCATGTATAG,0,5190590
yqjE_yqjK_yqjD_yqjC_predicted,0.5,1,1,GCCATGCAGTAGTCCGGATA,0,5187223
yqjE_yqjK_yqjD_yqjC_predicted,0.5,1,1,GCCATGAACCGATTCTAGGC,0,5173992
yqjE_yqjK_yqjD_yqjC_predicted,0.5,1,1,GCCATAGTGGACTGTTGACT,0,5184821
yqjE_yqjK_yqjD_yqjC_predicted,0.5,1,1,GCCAGTTCTCCACGTAATAT,0,5193395
yqjE_yqjK_yqjD_yqjC_predicted,0.5,1,1,GCCAGTAGCGCAAGCACGGC,0,5188981
yqjE_yqjK_yqjD_yqjC_predicted,0.5,1,1,GCCAGGTGCAACGGTGTGAG,0,5240264
yqjE_yqjK_yqjD_yqjC_predicted,0.5,1,1,GCCAGATGTCCCTGCGACAG,0,5244622
yqjE_yqjK_yqjD_yqjC_predicted,0.5,1,1,GCCAGATGCTTATAACCCGC,0,5258828
yqjE_yqjK_yqjD_yqjC_predicted,0.5,1,1,GCCACGGCTATTAGTAATGT,0,5252409
yqjE_yqjK_yqjD_yqjC_predicted,0.5,1,1,GCCAAGCCTACGTTTTTCCA,0,5253178
yqjE_yqjK_yqjD_yqjC_predicted,0.5,1,1,GCCAACTGCAGGTCCCACGC,0,5206227
yqjE_yqjK_yqjD_yqjC_predicted,0.5,1,1,GCCAACGTCCGTATATTGCT,0,5218993
yqjE_yqjK_yqjD_yqjC_predicted,0.5,1,1,GCCAACCCCTAATCGTTGTC,0,5216724
yqjE_yqjK_yqjD_yqjC_predicted,0.5,1,1,GCCAAAGTCGATCTATTAAA,0,5213808
yqjE_yqjK_yqjD_yqjC_predicted,0.5,1,1,GCATTCTGAGGGTAAGCGAA,0,5223972
yqjE_yqjK_yqjD_yqjC_predicted,0.5,1,1,GCATGTTATTTCGGACAGCC,0,5255128
yqjE_yqjK_yqjD_yqjC_predicted,0.5,1,1,GCATGCCTCACGAGCTGGAA,0,5170952
yqjE_yqjK_yqjD_yqjC_predicted,0.5,1,1,GCATGCCCCAACGAGGTGCA,0,5177838
yqjE_yqjK_yqjD_yqjC_predicted,0.5,1,1,GCATGATTTATGAGGCGAGT,0,5253041
yqjE_yqjK_yqjD_yqjC_predicted,0.5,1,1,GCATGATTGCAGAAAAACCC,0,5238842
yqjE_yqjK_yqjD_yqjC_predicted,0.5,1,1,GCATCTTGTTAAAGAGACAA,0,5179671
yqjE_yqjK_yqjD_yqjC_predicted,0.5,1,1,GCATCATAGTCATGAACTTT,0,5219045
yqjE_yqjK_yqjD_yqjC_predicted,0.5,1,1,GCATATGGCCGATAACTTAA,0,5223375
yqjE_yqjK_yqjD_yqjC_predicted,0.5,1,1,GCATATCGGGCTACGCCACC,0,5175572
yqjE_yqjK_yqjD_yqjC_predicted,0.5,1,1,GCATATCCGATAGAAGGGCC,0,5189091
yqjE_yqjK_yqjD_yqjC_predicted,0.5,1,1,GCATAGGGTCTCTGGGCACT,0,5203674
yqjE_yqjK_yqjD_yqjC_predicted,0.5,1,1,GCATACCGATTAGATACATC,0,5239544
yqjE_yqjK_yqjD_yqjC_predicted,0.5,1,1,GCATACCGAAGCGGCCGGGA,0,5260032
yqjE_yqjK_yqjD_yqjC_predicted,0.5,1,1,GCATACATCGGGACAAACGA,0,5232193
yqjE_yqjK_yqjD_yqjC_predicted,0.5,1,1,GCATAAGGTTTGCCATCAAT,0,5236675
yqjE_yqjK_yqjD_yqjC_predicted,0.5,1,1,GCATAACCTTGACGACCACG,0,5254795
yqjE_yqjK_yqjD_yqjC_predicted,0.5,1,1,GCAGTCATGTGGGTTTGCGA,0,5238378
yqjE_yqjK_yqjD_yqjC_predicted,0.5,1,1,GCAGTCAGGTTGTGGTATAT,0,5205022
yqjE_yqjK_yqjD_yqjC_predicted,0.5,1,1,GCAGGTGAACTACTGGTCAA,0,5224489
yqjE_yqjK_yqjD_yqjC_predicted,0.5,1,1,GCAGCATGCAGTAAGAATTG,0,5247496
yqjE_yqjK_yqjD_yqjC_predicted,0.5,1,1,GCAGACTTGCATCCGTGACG,0,5226438
yqjE_yqjK_yqjD_yqjC_predicted,0.5,1,1,GCAGAATCGGTAGCCAACAA,0,5219930
yqjE_yqjK_yqjD_yqjC_predicted,0.5,1,1,GCACTGCGGTGTACACTATA,0,5199874
yqjE_yqjK_yqjD_yqjC_predicted,0.5,1,1,GCACTCGGGTAAGCACGCGG,0,5217443
yqjE_yqjK_yqjD_yqjC_predicted,0.5,1,1,GCACTCCGAAGGCTGGGGTT,0,5209907
yqjE_yqjK_yqjD_yqjC_predicted,0.5,1,1,GCACGTGCTTTAATCGCCGG,0,5196562
yqjE_yqjK_yqjD_yqjC_predicted,0.5,1,1,GCACGTCGGTAGCTCCGCGT,0,5251268
yqjE_yqjK_yqjD_yqjC_predicted,0.5,1,1,GCACGGTGAAGCGACGTGGA,0,5260113
yqjE_yqjK_yqjD_yqjC_predicted,0.5,1,1,GCACGGGTACCGTATGTGGT,0,5232534
yqjE_yqjK_yqjD_yqjC_predicted,0.5,1,1,GCACGGCTGAACTAAGTTTT,0,5205963
yqjE_yqjK_yqjD_yqjC_predicted,0.5,1,1,GCACGGACAGGGCTGTCACG,0,5221741
yqjE_yqjK_yqjD_yqjC_predicted,0.5,1,1,GCACGCCGGTCCGGGACAAG,0,5185136
yqjE_yqjK_yqjD_yqjC_predicted,0.5,1,1,GCACCGCCTCCCACGGTAAA,0,5238723
yqjE_yqjK_yqjD_yqjC_predicted,0.5,1,1,GCACCCTAAGGGGGAGGTAA,0,5171140
yqjE_yqjK_yqjD_yqjC_predicted,0.5,1,1,GCACCAGCGTGGATGTTATA,0,5176624
yqjE_yqjK_yqjD_yqjC_predicted,0.5,1,1,GCACATGCAGGGCAGGAGCT,0,5253722
yqjE_yqjK_yqjD_yqjC_predicted,0.5,1,1,GCACAGGAAAATCTTTATTT,0,5208243
yqjE_yqjK_yqjD_yqjC_predicted,0.5,1,1,GCACAATATCCCGTAATATG,0,5252259
yqjE_yqjK_yqjD_yqjC_predicted,0.5,1,1,GCACAAAAGATGAGCGAAAC,0,5205129
yqjE_yqjK_yqjD_yqjC_predicted,0.5,1,1,GCAATTGCGGACGAGTTGAA,0,5224516
yqjE_yqjK_yqjD_yqjC_predicted,0.5,1,1,GCAATGGTATAGCCTGTTGG,0,5226670
yqjE_yqjK_yqjD_yqjC_predicted,0.5,1,1,GCAATCCTGCACACAAGCGG,0,5178800
yqjE_yqjK_yqjD_yqjC_predicted,0.5,1,1,GCAATAAATGCAGCACCACA,0,5239501
yqjE_yqjK_yqjD_yqjC_predicted,0.5,1,1,GCAAGTTCGTGAGACTACGG,0,5185721
yqjE_yqjK_yqjD_yqjC_predicted,0.5,1,1,GCAAGAGGTGTACAGCGATT,0,5211159
yqjE_yqjK_yqjD_yqjC_predicted,0.5,1,1,GCAACGTTATTACACGCCAG,0,5254591
yqjE_yqjK_yqjD_yqjC_predicted,0.5,1,1,GCAACACCAGACGCTTGGGT,0,5238099
yqjE_yqjK_yqjD_yqjC_predicted,0.5,1,1,GCAAAGTATAGGGAGTGTTA,0,5193390
yqjE_yqjK_yqjD_yqjC_predicted,0.5,1,1,GCAAACTCGCGAAGAGTCAC,0,5232085
yqjE_yqjK_yqjD_yqjC_predicted,0.5,1,1,GATTTCCTCACACGCGATTT,0,5200325
yqjE_yqjK_yqjD_yqjC_predicted,0.5,1,1,GATTTCCGCAATACGCCATC,0,5252842
yqjE_yqjK_yqjD_yqjC_predicted,0.5,1,1,GATTTAAGTTACCTGCTACT,0,5252186
yqjE_yqjK_yqjD_yqjC_predicted,0.5,1,1,GATTGTGTCTGAAATCTGGG,0,5221155
yqjE_yqjK_yqjD_yqjC_predicted,0.5,1,1,GATTGCGTTCTAGACGTGTA,0,5252592
yqjE_yqjK_yqjD_yqjC_predicted,0.5,1,1,GATTGCGTCTGCCCGCAGGT,0,5231183
yqjE_yqjK_yqjD_yqjC_predicted,0.5,1,1,GATTGAATAGTATGTACCGG,0,5222813
yqjE_yqjK_yqjD_yqjC_predicted,0.5,1,1,GATTCGAACCTTACCCGCTG,0,5212666
yqjE_yqjK_yqjD_yqjC_predicted,0.5,1,1,GATTATGAAGTTATAGATCT,0,5183418
yqjE_yqjK_yqjD_yqjC_predicted,0.5,1,1,GATTATCTAGTGGCTGTGAC,0,5202498
yqjE_yqjK_yqjD_yqjC_predicted,0.5,1,1,GATTAGTCGAGGTAGTGTTT,0,5223693
yqjE_yqjK_yqjD_yqjC_predicted,0.5,1,1,GATTAGCGGGGCTATGGGGA,0,5209953
yqjE_yqjK_yqjD_yqjC_predicted,0.5,1,1,GATTAGCCATTACATATCCA,0,5252217
yqjE_yqjK_yqjD_yqjC_predicted,0.5,1,1,GATTACTCTCTTGAGCATCT,0,5177848
yqjE_yqjK_yqjD_yqjC_predicted,0.5,1,1,GATTACGCAAGACAGGTGCC,0,5188751
yqjE_yqjK_yqjD_yqjC_predicted,0.5,1,1,GATGTTTCCATTGGAAGGAC,0,5262296
yqjE_yqjK_yqjD_yqjC_predicted,0.5,1,1,GATGTAGTGTGGAGATCCTA,0,5185898
yqjE_yqjK_yqjD_yqjC_predicted,0.5,1,1,GATGTAAGTCTCAACATCTC,0,5232295
yqjE_yqjK_yqjD_yqjC_predicted,0.5,1,1,GATGATTACATACCGCTCCT,0,5226976
yqjE_yqjK_yqjD_yqjC_predicted,0.5,1,1,GATGACCGCCTGCGTCAGAG,0,5204968
yqjE_yqjK_yqjD_yqjC_predicted,0.5,1,1,GATGAAGAAGCAAAGCACTC,0,5258003
yqjE_yqjK_yqjD_yqjC_predicted,0.5,1,1,GATGAACTACATCGTATAGA,0,5189586
yqjE_yqjK_yqjD_yqjC_predicted,0.5,1,1,GATCTTGCCCCGATACTTAC,0,5250185
yqjE_yqjK_yqjD_yqjC_predicted,0.5,1,1,GATCTCGAATAAATGTCCGT,0,5223126
yqjE_yqjK_yqjD_yqjC_predicted,0.5,1,1,GATCGCGACCTGAGTATATG,0,5212196
yqjE_yqjK_yqjD_yqjC_predicted,0.5,1,1,GATCGATCCCCGGAACGCGT,0,5227456
yqjE_yqjK_yqjD_yqjC_predicted,0.5,1,1,GATCGATAGCGGACCAATAG,0,5217160
yqjE_yqjK_yqjD_yqjC_predicted,0.5,1,1,GATCCGTCATTTTAAATCAC,0,5219595
yqjE_yqjK_yqjD_yqjC_predicted,0.5,1,1,GATCATGGTATCGCTGTGTG,0,5257031
yqjE_yqjK_yqjD_yqjC_predicted,0.5,1,1,GATCATAGTGATTTCAACGG,0,5244045
yqjE_yqjK_yqjD_yqjC_predicted,0.5,1,1,GATCAAGTTTAGATATAGTT,0,5216413
yqjE_yqjK_yqjD_yqjC_predicted,0.5,1,1,GATCAACATCCACAACGGCC,0,5196753
yqjE_yqjK_yqjD_yqjC_predicted,0.5,1,1,GATATTGGTTAAATCATGTA,0,5187323
yqjE_yqjK_yqjD_yqjC_predicted,0.5,1,1,GATATGGTACGGCTTACGCG,0,5231595
yqjE_yqjK_yqjD_yqjC_predicted,0.5,1,1,GATAGTTAATCTTTAATCTT,0,5225702
yqjE_yqjK_yqjD_yqjC_predicted,0.5,1,1,GATAGTATTGCGGAGATCTG,0,5185075
yqjE_yqjK_yqjD_yqjC_predicted,0.5,1,1,GATAGGTTCAAGTGTATGGA,0,5186747
yqjE_yqjK_yqjD_yqjC_predicted,0.5,1,1,GATAGCAATGCACTTAATTA,0,5248503
yqjE_yqjK_yqjD_yqjC_predicted,0.5,1,1,GATAGATACATTGACTGGAA,0,5221310
yqjE_yqjK_yqjD_yqjC_predicted,0.5,1,1,GATACGGCATCCGAGGGTTA,0,5191217
yqjE_yqjK_yqjD_yqjC_predicted,0.5,1,1,GATACCGCTATATTAAGGAG,0,5179149
yqjE_yqjK_yqjD_yqjC_predicted,0.5,1,1,GATACCGCAGAGGTCTACCC,0,5239391
yqjE_yqjK_yqjD_yqjC_predicted,0.5,1,1,GATACCAGGACATTGCAACA,0,5255244
yqjE_yqjK_yqjD_yqjC_predicted,0.5,1,1,GATAATGAAGCTGGCGGGCA,0,5177645
yqjE_yqjK_yqjD_yqjC_predicted,0.5,1,1,GATAAGCAAAGTTACCATCG,0,5177789
yqjE_yqjK_yqjD_yqjC_predicted,0.5,1,1,GAGTTCGCATACGCGCATGA,0,5179332
yqjE_yqjK_yqjD_yqjC_predicted,0.5,1,1,GAGTTCATCTCAAGCAAGCG,0,5220558
yqjE_yqjK_yqjD_yqjC_predicted,0.5,1,1,GAGTTACGCCCGGGGGAAAT,0,5211509
yqjE_yqjK_yqjD_yqjC_predicted,0.5,1,1,GAGTTAAGAGGCCACGGAAG,0,5191544
yqjE_yqjK_yqjD_yqjC_predicted,0.5,1,1,GAGTGTGTTATGCCCGATTC,0,5199807
yqjE_yqjK_yqjD_yqjC_predicted,0.5,1,1,GAGTGTGGGCAAGAGATCCT,0,5203796
yqjE_yqjK_yqjD_yqjC_predicted,0.5,1,1,GAGTGGGTTATGCGTTCATG,0,5247445
yqjE_yqjK_yqjD_yqjC_predicted,0.5,1,1,GAGTGGCAAGTTTATCTCAT,0,5226764
yqjE_yqjK_yqjD_yqjC_predicted,0.5,1,1,GAGTGCCCGGATGCGGATTA,0,5212052
yqjE_yqjK_yqjD_yqjC_predicted,0.5,1,1,GAGTAGCTATTTACGGGGGA,0,5242561
yqjE_yqjK_yqjD_yqjC_predicted,0.5,1,1,GAGTAGACACAGGTAAAAAA,0,5260359
yqjE_yqjK_yqjD_yqjC_predicted,0.5,1,1,GAGGGGTTACTCGCATCCGT,0,5197372
yqjE_yqjK_yqjD_yqjC_predicted,0.5,1,1,GAGGGCTACGAGTACAAGTG,0,5233020
yqjE_yqjK_yqjD_yqjC_predicted,0.5,1,1,GAGGCTCCAGGGAAGAGCCT,0,5221329
yqjE_yqjK_yqjD_yqjC_predicted,0.5,1,1,GAGGCGTAGCCAGATCCTAA,0,5195727
yqjE_yqjK_yqjD_yqjC_predicted,0.5,1,1,GAGGCGGAAATCCTGCTCGC,0,5194135
yqjE_yqjK_yqjD_yqjC_predicted,0.5,1,1,GAGGCCACGTAATATAACGA,0,5262453
yqjE_yqjK_yqjD_yqjC_predicted,0.5,1,1,GAGGCACATATTATACCTGA,0,5193075
yqjE_yqjK_yqjD_yqjC_predicted,0.5,1,1,GAGGCACATAGGCCGATACT,0,5197524
yqjE_yqjK_yqjD_yqjC_predicted,0.5,1,1,GAGGATCGCGATTTAAGTAT,0,5183719
yqjE_yqjK_yqjD_yqjC_predicted,0.5,1,1,GAGCTCAAGCTAGTCCCGTG,0,5196584
yqjE_yqjK_yqjD_yqjC_predicted,0.5,1,1,GAGCGCGTAAATTGGCTACT,0,5174713
yqjE_yqjK_yqjD_yqjC_predicted,0.5,1,1,GAGCCTCTTGGCAAACGTTT,0,5202297
yqjE_yqjK_yqjD_yqjC_predicted,0.5,1,1,GAGCCTCTATCTCCATCCCA,0,5182357
yqjE_yqjK_yqjD_yqjC_predicted,0.5,1,1,GAGCCTAAGCTCCACCCTGC,0,5210691
yqjE_yqjK_yqjD_yqjC_predicted,0.5,1,1,GAGCCCTGGTGACGCAACAT,0,5174813
yqjE_yqjK_yqjD_yqjC_predicted,0.5,1,1,GAGCAGCAGTAGAACTCCCC,0,5249682
yqjE_yqjK_yqjD_yqjC_predicted,0.5,1,1,GAGCACTGGGATCGATGACT,0,5204978
yqjE_yqjK_yqjD_yqjC_predicted,0.5,1,1,GAGATGGTGCTCAAGTCACC,0,5214375
yqjE_yqjK_yqjD_yqjC_predicted,0.5,1,1,GAGATGATCGTGTCGTCCGT,0,5239980
yqjE_yqjK_yqjD_yqjC_predicted,0.5,1,1,GAGAGGCCCTCGAGCTCCGA,0,5256678
yqjE_yqjK_yqjD_yqjC_predicted,0.5,1,1,GAGAGCACTACCGCGGTGTA,0,5234103
yqjE_yqjK_yqjD_yqjC_predicted,0.5,1,1,GAGACGATGGAAACTGGAAT,0,5195384
yqjE_yqjK_yqjD_yqjC_predicted,0.5,1,1,GAGAAACTGGGCTGCTGTAC,0,5256873
yqjE_yqjK_yqjD_yqjC_predicted,0.5,1,1,GAGAAAATCGCGCTTGTCTC,0,5205857
yqjE_yqjK_yqjD_yqjC_predicted,0.5,1,1,GACTTTGTGTGGATGTCACA,0,5232522
yqjE_yqjK_yqjD_yqjC_predicted,0.5,1,1,GACTTTCCTTAACTGTCAAT,0,5196995
yqjE_yqjK_yqjD_yqjC_predicted,0.5,1,1,GACTTATCACACGCCCGGGT,0,5248028
yqjE_yqjK_yqjD_yqjC_predicted,0.5,1,1,GACTGGTCAGTGCGTTTATC,0,5251797
yqjE_yqjK_yqjD_yqjC_predicted,0.5,1,1,GACTGACCAACGATAGAGGT,0,5257639
yqjE_yqjK_yqjD_yqjC_predicted,0.5,1,1,GACTCTCGGTCTCGTGGTCC,0,5228817
yqjE_yqjK_yqjD_yqjC_predicted,0.5,1,1,GACTCGGGATCACACATGTA,0,5224793
yqjE_yqjK_yqjD_yqjC_predicted,0.5,1,1,GACTCGACTACGGTAGCGTA,0,5225007
yqjE_yqjK_yqjD_yqjC_predicted,0.5,1,1,GACTACGAAGTATGGTTCAA,0,5253112
yqjE_yqjK_yqjD_yqjC_predicted,0.5,1,1,GACTAATAATACGGTATGAT,0,5239477
yqjE_yqjK_yqjD_yqjC_predicted,0.5,1,1,GACGTCCGGTGTTCTTGGTC,0,5222206
yqjE_yqjK_yqjD_yqjC_predicted,0.5,1,1,GACGGTCGCGTCCGCGCAAA,0,5254636
yqjE_yqjK_yqjD_yqjC_predicted,0.5,1,1,GACGGTCAGTCTCTTGAGGG,0,5193701
yqjE_yqjK_yqjD_yqjC_predicted,0.5,1,1,GACGGGTTATAGACCACGGA,0,5234535
yqjE_yqjK_yqjD_yqjC_predicted,0.5,1,1,GACGGCCAATTGATCCCGTC,0,5172191
yqjE_yqjK_yqjD_yqjC_predicted,0.5,1,1,GACGGAAACGACTCTCATTC,0,5248930
yqjE_yqjK_yqjD_yqjC_predicted,0.5,1,1,GACGCGGTTTCGGAACTCAT,0,5216698
yqjE_yqjK_yqjD_yqjC_predicted,0.5,1,1,GACGCAAGACGATAAATTCA,0,5196139
yqjE_yqjK_yqjD_yqjC_predicted,0.5,1,1,GACGAAGGACCGTGCATCTC,0,5214110
yqjE_yqjK_yqjD_yqjC_predicted,0.5,1,1,GACCTTGGTTCTGCGGACCA,0,5173094
yqjE_yqjK_yqjD_yqjC_predicted,0.5,1,1,GACCTGAAAGGAGAACCGTT,0,5172473
yqjE_yqjK_yqjD_yqjC_predicted,0.5,1,1,GACCTATAGTTCCCCGTTAT,0,5204793
yqjE_yqjK_yqjD_yqjC_predicted,0.5,1,1,GACCTACCTGTTAGTGACCA,0,5233325
yqjE_yqjK_yqjD_yqjC_predicted,0.5,1,1,GACCGCGATGTAGGAACGAT,0,5191183
yqjE_yqjK_yqjD_yqjC_predicted,0.5,1,1,GACCGCCCATGTTTCATACA,0,5224731
yqjE_yqjK_yqjD_yqjC_predicted,0.5,1,1,GACCGCATTCCATCTCTCAT,0,5243164
yqjE_yqjK_yqjD_yqjC_predicted,0.5,1,1,GACCGAGAATGCAGCCAATA,0,5245399
yqjE_yqjK_yqjD_yqjC_predicted,0.5,1,1,GACCGACACTTAAGGGCCGC,0,5218135
yqjE_yqjK_yqjD_yqjC_predicted,0.5,1,1,GACCCTTCCAGGGAAAAGTC,0,5208991
yqjE_yqjK_yqjD_yqjC_predicted,0.5,1,1,GACCCGGACGGTTCGATGCT,0,5243448
yqjE_yqjK_yqjD_yqjC_predicted,0.5,1,1,GACCAGTCACGCGATCCTTA,0,5200245
yqjE_yqjK_yqjD_yqjC_predicted,0.5,1,1,GACAGATGGGGATATCCGGA,0,5237902
yqjE_yqjK_yqjD_yqjC_predicted,0.5,1,1,GACAATTATCTAAATATTTG,0,5189837
yqjE_yqjK_yqjD_yqjC_predicted,0.5,1,1,GAATTCATCCCTTCGGATTC,0,5192838
yqjE_yqjK_yqjD_yqjC_predicted,0.5,1,1,GAATTCACACACATTATTGG,0,5233410
yqjE_yqjK_yqjD_yqjC_predicted,0.5,1,1,GAATTACAAACACATACAAG,0,5176025
yqjE_yqjK_yqjD_yqjC_predicted,0.5,1,1,GAATTAAATGAGAAATGGCT,0,5260849
yqjE_yqjK_yqjD_yqjC_predicted,0.5,1,1,GAATGAAGAAAAGAGTTGTG,0,5217813
yqjE_yqjK_yqjD_yqjC_predicted,0.5,1,1,GAATCTAGAACGGCAAGCTG,0,5205502
yqjE_yqjK_yqjD_yqjC_predicted,0.5,1,1,GAATCGGCCTCTCTACTAGC,0,5231708
yqjE_yqjK_yqjD_yqjC_predicted,0.5,1,1,GAATCGCCAGCATTGGATAC,0,5188549
yqjE_yqjK_yqjD_yqjC_predicted,0.5,1,1,GAATACCACTAACTCATACG,0,5256138
yqjE_yqjK_yqjD_yqjC_predicted,0.5,1,1,GAATACAGCCTCGAATCTAT,0,5244178
yqjE_yqjK_yqjD_yqjC_predicted,0.5,1,1,GAATAAGCAAATCTCGTACA,0,5226192
yqjE_yqjK_yqjD_yqjC_predicted,0.5,1,1,GAAGTTTGAGGTGTGATAAC,0,5228966
yqjE_yqjK_yqjD_yqjC_predicted,0.5,1,1,GAAGTCAGCGGTGCGAAGCC,0,5206146
yqjE_yqjK_yqjD_yqjC_predicted,0.5,1,1,GAAGGGTCGGTCGTCCCATT,0,5188021
yqjE_yqjK_yqjD_yqjC_predicted,0.5,1,1,GAAGGCGCACTAAACAGTAT,0,5196919
yqjE_yqjK_yqjD_yqjC_predicted,0.5,1,1,GAAGGCCTCACCGAATCTTG,0,5186406
yqjE_yqjK_yqjD_yqjC_predicted,0.5,1,1,GAAGGAAAATCCGTTGCTTT,0,5230030
yqjE_yqjK_yqjD_yqjC_predicted,0.5,1,1,GAAGCGGACTCGAAATTTTT,0,5171834
yqjE_yqjK_yqjD_yqjC_predicted,0.5,1,1,GAAGCGCCTGGTCACCAGGC,0,5172427
yqjE_yqjK_yqjD_yqjC_predicted,0.5,1,1,GAAGCGAAGGATAACTATTT,0,5233862
yqjE_yqjK_yqjD_yqjC_predicted,0.5,1,1,GAAGAGGGCGCGTACTTGCT,0,5212999
yqjE_yqjK_yqjD_yqjC_predicted,0.5,1,1,GAACTTGATGGTATACCAAG,0,5261534
yqjE_yqjK_yqjD_yqjC_predicted,0.5,1,1,GAACTATCGTAAGAAGAGTT,0,5199212
yqjE_yqjK_yqjD_yqjC_predicted,0.5,1,1,GAACGGATTGGCCACCAAGC,0,5217790
yqjE_yqjK_yqjD_yqjC_predicted,0.5,1,1,GAACCGTATGCCACTCCATC,0,5197260
yqjE_yqjK_yqjD_yqjC_predicted,0.5,1,1,GAACATCACCCAATCATTGT,0,5253975
yqjE_yqjK_yqjD_yqjC_predicted,0.5,1,1,GAACAGGAACGGATAAGGTC,0,5245586
yqjE_yqjK_yqjD_yqjC_predicted,0.5,1,1,GAACACAAAATCTGTGGCTA,0,5219578
yqjE_yqjK_yqjD_yqjC_predicted,0.5,1,1,GAACAATACAGATGTGCAGC,0,5230597
yqjE_yqjK_yqjD_yqjC_predicted,0.5,1,1,GAACAACAGATGAGCTACAT,0,5181097
yqjE_yqjK_yqjD_yqjC_predicted,0.5,1,1,GAAATGTTATTGTCTTAAAT,0,5182652
yqjE_yqjK_yqjD_yqjC_predicted,0.5,1,1,GAAATCGTGATGTTGGATCG,0,5245806
yqjE_yqjK_yqjD_yqjC_predicted,0.5,1,1,GAAATAGGTGGACTATAGTT,0,5227519
yqjE_yqjK_yqjD_yqjC_predicted,0.5,1,1,GAAAGGATAGCGGCCTCGCT,0,5212082
yqjE_yqjK_yqjD_yqjC_predicted,0.5,1,1,GAAAGGAAATACTATGTAAA,0,5200337
yqjE_yqjK_yqjD_yqjC_predicted,0.5,1,1,GAAAGCCCTCACACCAGGCT,0,5252990
yqjE_yqjK_yqjD_yqjC_predicted,0.5,1,1,GAAAGAGGATGAAACCAGGT,0,5220897
yqjE_yqjK_yqjD_yqjC_predicted,0.5,1,1,GAAAGAATGCTGAATAACAG,0,5207825
yqjE_yqjK_yqjD_yqjC_predicted,0.5,1,1,GAAACTTATTAAACTTCAGC,0,5261871
yqjE_yqjK_yqjD_yqjC_predicted,0.5,1,1,GAAAAGCGAAACTCGTTCAG,0,5179318
yqjE_yqjK_yqjD_yqjC_predicted,0.5,1,1,GAAAACTTCACTTTGAGTGC,0,5177441
yqjE_yqjK_yqjD_yqjC_predicted,0.5,1,1,GAAAAAATTGCCAAGCCACC,0,5205420
yqjE_yqjK_yqjD_yqjC_predicted,0.5,1,1,CTTTTGGCATGTACGATTCA,0,5258355
yqjE_yqjK_yqjD_yqjC_predicted,0.5,1,1,CTTTTGCTGATGCGGTTGAC,0,5207974
yqjE_yqjK_yqjD_yqjC_predicted,0.5,1,1,CTTTTAACGAACAATCGGTA,0,5179012
yqjE_yqjK_yqjD_yqjC_predicted,0.5,1,1,CTTTGGGGCCACCGTGGAGG,0,5213095
yqjE_yqjK_yqjD_yqjC_predicted,0.5,1,1,CTTTGATCAAGAAGATAGAG,0,5200364
yqjE_yqjK_yqjD_yqjC_predicted,0.5,1,1,CTTTGACCCCTACCTTAACT,0,5223081
yqjE_yqjK_yqjD_yqjC_predicted,0.5,1,1,CTTTCTGCTGCACCCGACTT,0,5240261
yqjE_yqjK_yqjD_yqjC_predicted,0.5,1,1,CTTTCTATCCACAGTGACGA,0,5216820
yqjE_yqjK_yqjD_yqjC_predicted,0.5,1,1,CTTTCGATGCTTAACAACAC,0,5188025
yqjE_yqjK_yqjD_yqjC_predicted,0.5,1,1,CTTTCCCAGTCATGCACGCG,0,5181777
yqjE_yqjK_yqjD_yqjC_predicted,0.5,1,1,CTTTCATAGGATCTCCCTAC,0,5224298
yqjE_yqjK_yqjD_yqjC_predicted,0.5,1,1,CTTTATTTTCGGCTCCGCCT,0,5171820
yqjE_yqjK_yqjD_yqjC_predicted,0.5,1,1,CTTTATGAAGCAGACATGAG,0,5227351
yqjE_yqjK_yqjD_yqjC_predicted,0.5,1,1,CTTTAGGCGATCTTTAGCGA,0,5253984
yqjE_yqjK_yqjD_yqjC_predicted,0.5,1,1,CTTTAACGCGCATGAAAAAT,0,5247020
yqjE_yqjK_yqjD_yqjC_predicted,0.5,1,1,CTTGGGAGCATAGGTTGGCA,0,5216871
yqjE_yqjK_yqjD_yqjC_predicted,0.5,1,1,CTTGCTGTTAGAACGTAGGT,0,5198775
yqjE_yqjK_yqjD_yqjC_predicted,0.5,1,1,CTTGCACCGCGACGCTAGTT,0,5240835
yqjE_yqjK_yqjD_yqjC_predicted,0.5,1,1,CTTCTGAGTATGGGTAGTGA,0,5206091
yqjE_yqjK_yqjD_yqjC_predicted,0.5,1,1,CTTCGGTCTGTCGGTGGCTA,0,5241434
yqjE_yqjK_yqjD_yqjC_predicted,0.5,1,1,CTTCGGTCCCCAAGAATGTA,0,5248953
yqjE_yqjK_yqjD_yqjC_predicted,0.5,1,1,CTTCGCCAAGTCCGTCCTGT,0,5217433
yqjE_yqjK_yqjD_yqjC_predicted,0.5,1,1,CTTCGAGGGCCTGCCATACC,0,5202641
yqjE_yqjK_yqjD_yqjC_predicted,0.5,1,1,CTTCCTAAATCTCAAGCGAC,0,5172893
yqjE_yqjK_yqjD_yqjC_predicted,0.5,1,1,CTTCCAAAAGGGATCGCTGA,0,5223550
yqjE_yqjK_yqjD_yqjC_predicted,0.5,1,1,CTTCACTCAGGTATCAACGC,0,5172510
yqjE_yqjK_yqjD_yqjC_predicted,0.5,1,1,CTTATGGTATTGAACACTCT,0,5192070
yqjE_yqjK_yqjD_yqjC_predicted,0.5,1,1,CTTATGAGAACGGGGATCTG,0,5196680
yqjE_yqjK_yqjD_yqjC_predicted,0.5,1,1,CTTATCCGAACGGTATGACG,0,5224479
yqjE_yqjK_yqjD_yqjC_predicted,0.5,1,1,CTTATCCCTTACACTTGTAT,0,5199250
yqjE_yqjK_yqjD_yqjC_predicted,0.5,1,1,CTTAGTGCGCAGCCACATTA,0,5218649
yqjE_yqjK_yqjD_yqjC_predicted,0.5,1,1,CTTAAGCGAACCCGTTGTAT,0,5200522
yqjE_yqjK_yqjD_yqjC_predicted,0.5,1,1,CTTAAAAAATGTATACGGTC,0,5241409
yqjE_yqjK_yqjD_yqjC_predicted,0.5,1,1,CTGTTTTGTAACATCCAACG,0,5176287
yqjE_yqjK_yqjD_yqjC_predicted,0.5,1,1,CTGTTTCGGACTTGGCGGAA,0,5182182
yqjE_yqjK_yqjD_yqjC_predicted,0.5,1,1,CTGTTTAGCGGTTAAACGTC,0,5219336
yqjE_yqjK_yqjD_yqjC_predicted,0.5,1,1,CTGTTGTAAGTTTACCAATG,0,5251348
yqjE_yqjK_yqjD_yqjC_predicted,0.5,1,1,CTGTTACGACAGGTTGTGGA,0,5256808
yqjE_yqjK_yqjD_yqjC_predicted,0.5,1,1,CTGTGCCCCTCACCAGACGC,0,5259133
yqjE_yqjK_yqjD_yqjC_predicted,0.5,1,1,CTGTCTTCATCTACTAAATA,0,5226070
yqjE_yqjK_yqjD_yqjC_predicted,0.5,1,1,CTGTCCTAACTCAATTAATT,0,5178335
yqjE_yqjK_yqjD_yqjC_predicted,0.5,1,1,CTGTATTGCTAGTCAGCGAC,0,5200798
yqjE_yqjK_yqjD_yqjC_predicted,0.5,1,1,CTGTAGCCGCTCCTTCAAGC,0,5241097
yqjE_yqjK_yqjD_yqjC_predicted,0.5,1,1,CTGGTTACTTTATCTGATTC,0,5252104
yqjE_yqjK_yqjD_yqjC_predicted,0.5,1,1,CTGGTATAGTCTCAATTGGT,0,5223924
yqjE_yqjK_yqjD_yqjC_predicted,0.5,1,1,CTGGGGATTGCGTGTCAGAG,0,5236081
yqjE_yqjK_yqjD_yqjC_predicted,0.5,1,1,CTGGGAACGAGCGCATTATG,0,5195124
yqjE_yqjK_yqjD_yqjC_predicted,0.5,1,1,CTGGCGGATACCTTGGCGTG,0,5212705
yqjE_yqjK_yqjD_yqjC_predicted,0.5,1,1,CTGGCGCAGGTGGGACAGTT,0,5237705
yqjE_yqjK_yqjD_yqjC_predicted,0.5,1,1,CTGGCATAGCAGAAAACTAT,0,5205212
yqjE_yqjK_yqjD_yqjC_predicted,0.5,1,1,CTGGCAGAATGCAAATTAAT,0,5187310
yqjE_yqjK_yqjD_yqjC_predicted,0.5,1,1,CTGGAATATTACTAGCGTGT,0,5211251
yqjE_yqjK_yqjD_yqjC_predicted,0.5,1,1,CTGCTTTGTATTCTGCAAGG,0,5198557
yqjE_yqjK_yqjD_yqjC_predicted,0.5,1,1,CTGCTTTCCAAACATCAATC,0,5230829
yqjE_yqjK_yqjD_yqjC_predicted,0.5,1,1,CTGCTTCATCCCGCTCGCAC,0,5182554
yqjE_yqjK_yqjD_yqjC_predicted,0.5,1,1,CTGCGCTGGACTCGTGTCAT,0,5243349
yqjE_yqjK_yqjD_yqjC_predicted,0.5,1,1,CTGCCCACACGAGAATGTGT,0,5185211
yqjE_yqjK_yqjD_yqjC_predicted,0.5,1,1,CTGCCACTCGTCTACGGCAC,0,5211790
yqjE_yqjK_yqjD_yqjC_predicted,0.5,1,1,CTGCCACGGTTTCCTTATTG,0,5231234
yqjE_yqjK_yqjD_yqjC_predicted,0.5,1,1,CTGCCAATCGAAGCCGATTC,0,5176390
yqjE_yqjK_yqjD_yqjC_predicted,0.5,1,1,CTGCACGAGGCAGTCCTGGC,0,5217156
yqjE_yqjK_yqjD_yqjC_predicted,0.5,1,1,CTGCAAGAAGCATTAGTTGT,0,5214307
yqjE_yqjK_yqjD_yqjC_predicted,0.5,1,1,CTGCAAAGTATATGTCACGT,0,5262586
yqjE_yqjK_yqjD_yqjC_predicted,0.5,1,1,CTGATGCCCCAAGCGTTGTT,0,5170822
yqjE_yqjK_yqjD_yqjC_predicted,0.5,1,1,CTGATCGTTCCTTTGCCTCT,0,5208999
yqjE_yqjK_yqjD_yqjC_predicted,0.5,1,1,CTGAGTGAGCGAGAGTCCGA,0,5242274
yqjE_yqjK_yqjD_yqjC_predicted,0.5,1,1,CTGAGTGAGCCGACGTCTCA,0,5197879
yqjE_yqjK_yqjD_yqjC_predicted,0.5,1,1,CTGAGGGCCATCCATCGCAT,0,5228108
yqjE_yqjK_yqjD_yqjC_predicted,0.5,1,1,CTGAGGACTACCTCGTGGTA,0,5215257
yqjE_yqjK_yqjD_yqjC_predicted,0.5,1,1,CTGACGGCCGTACTAAACGG,0,5252948
yqjE_yqjK_yqjD_yqjC_predicted,0.5,1,1,CTGACCCATTGTAGGCATAA,0,5239108
yqjE_yqjK_yqjD_yqjC_predicted,0.5,1,1,CTGACAGGGCTGCAGGCTGT,0,5250010
yqjE_yqjK_yqjD_yqjC_predicted,0.5,1,1,CTGACAAATCGTTGTCGGAT,0,5237680
yqjE_yqjK_yqjD_yqjC_predicted,0.5,1,1,CTGAAGTGGGATCCATTCGA,0,5226327
yqjE_yqjK_yqjD_yqjC_predicted,0.5,1,1,CTGAAGGTGCGTTGTATCCA,0,5218650
yqjE_yqjK_yqjD_yqjC_predicted,0.5,1,1,CTGAAAGCTATATAGCTGAT,0,5176333
yqjE_yqjK_yqjD_yqjC_predicted,0.5,1,1,CTCTTGCTGGACCAATTTGC,0,5250648
yqjE_yqjK_yqjD_yqjC_predicted,0.5,1,1,CTCTTGACACCAGAGGAGAC,0,5234723
yqjE_yqjK_yqjD_yqjC_predicted,0.5,1,1,CTCTTACGTGTCGTGAGCAG,0,5256985
yqjE_yqjK_yqjD_yqjC_predicted,0.5,1,1,CTCTGCCCGAAGCGTTAAAA,0,5244296
yqjE_yqjK_yqjD_yqjC_predicted,0.5,1,1,CTCTCGGTTAAATTAGTTAT,0,5228143
yqjE_yqjK_yqjD_yqjC_predicted,0.5,1,1,CTCTCCTAGCACGTCCATCG,0,5218005
yqjE_yqjK_yqjD_yqjC_predicted,0.5,1,1,CTCTCCATAAGACAATATAC,0,5189750
yqjE_yqjK_yqjD_yqjC_predicted,0.5,1,1,CTCTCAGGGCAGCTCGAGAG,0,5261578
yqjE_yqjK_yqjD_yqjC_predicted,0.5,1,1,CTCTATGTCTTTCCGGAATA,0,5253487
yqjE_yqjK_yqjD_yqjC_predicted,0.5,1,1,CTCTACACAGCGGTTTTTGT,0,5203777
yqjE_yqjK_yqjD_yqjC_predicted,0.5,1,1,CTCTAAAAGAGATTCCTCTA,0,5195911
yqjE_yqjK_yqjD_yqjC_predicted,0.5,1,1,CTCGTCGGACTTTAGGTCCA,0,5258233
yqjE_yqjK_yqjD_yqjC_predicted,0.5,1,1,CTCGCGAGGGTGTATCGGAG,0,5243985
yqjE_yqjK_yqjD_yqjC_predicted,0.5,1,1,CTCGCATCTTTATAGCTTGC,0,5249886
yqjE_yqjK_yqjD_yqjC_predicted,0.5,1,1,CTCGCACGTTTCAGGTTCTG,0,5179616
yqjE_yqjK_yqjD_yqjC_predicted,0.5,1,1,CTCGATCACGATGAATAAAT,0,5226651
yqjE_yqjK_yqjD_yqjC_predicted,0.5,1,1,CTCGAGGTGGTGGCGTGCTC,0,5189121
yqjE_yqjK_yqjD_yqjC_predicted,0.5,1,1,CTCGACATAGACTCTCAGAA,0,5252381
yqjE_yqjK_yqjD_yqjC_predicted,0.5,1,1,CTCGAACCAGCCTATTTTGA,0,5206270
yqjE_yqjK_yqjD_yqjC_predicted,0.5,1,1,CTCCTGCAGACTCTCTGTTC,0,5216178
yqjE_yqjK_yqjD_yqjC_predicted,0.5,1,1,CTCCGTCTTTTACTAGGCCG,0,5257684
yqjE_yqjK_yqjD_yqjC_predicted,0.5,1,1,CTCCATCTAAACGAATGTGT,0,5187856
yqjE_yqjK_yqjD_yqjC_predicted,0.5,1,1,CTCCATCCGCTCGTATCAAC,0,5219734
yqjE_yqjK_yqjD_yqjC_predicted,0.5,1,1,CTCCAATCCACCGGTGTGAC,0,5209290
yqjE_yqjK_yqjD_yqjC_predicted,0.5,1,1,CTCCAAGAACGCCAGTGTTT,0,5241451
yqjE_yqjK_yqjD_yqjC_predicted,0.5,1,1,CTCCAAAGACACCTAGCTGG,0,5181120
yqjE_yqjK_yqjD_yqjC_predicted,0.5,1,1,CTCATTGTGACGTTTATACT,0,5254816
yqjE_yqjK_yqjD_yqjC_predicted,0.5,1,1,CTCATTGATTCTAACTCGTA,0,5220139
yqjE_yqjK_yqjD_yqjC_predicted,0.5,1,1,CTCATTATCTCCTTCGGCCT,0,5206310
yqjE_yqjK_yqjD_yqjC_predicted,0.5,1,1,CTCATACAGCGACTGAGGGG,0,5197709
yqjE_yqjK_yqjD_yqjC_predicted,0.5,1,1,CTCAGTGCTCCAAAAGGTCT,0,5240205
yqjE_yqjK_yqjD_yqjC_predicted,0.5,1,1,CTCAGGACAACGGCTAATCG,0,5211394
yqjE_yqjK_yqjD_yqjC_predicted,0.5,1,1,CTCAGATCCTGTGCTCCACG,0,5261810
yqjE_yqjK_yqjD_yqjC_predicted,0.5,1,1,CTCACTGCATTTTGGTAAGT,0,5191604
yqjE_yqjK_yqjD_yqjC_predicted,0.5,1,1,CTCACCGTCGTGGAACTTAT,0,5194125
yqjE_yqjK_yqjD_yqjC_predicted,0.5,1,1,CTCACCCCTCCTCGAGCTAA,0,5181058
yqjE_yqjK_yqjD_yqjC_predicted,0.5,1,1,CTCACCACGAATACACTTCA,0,5193038
yqjE_yqjK_yqjD_yqjC_predicted,0.5,1,1,CTCACAGTTTTTAGCTGGGG,0,5197963
yqjE_yqjK_yqjD_yqjC_predicted,0.5,1,1,CTCAAGTCTGGGTGTAAGAT,0,5173804
yqjE_yqjK_yqjD_yqjC_predicted,0.5,1,1,CTCAAGACGAGATGCACCAT,0,5207419
yqjE_yqjK_yqjD_yqjC_predicted,0.5,1,1,CTCAACATTTGATATGTATA,0,5184528
yqjE_yqjK_yqjD_yqjC_predicted,0.5,1,1,CTATTCCTGGACTCATCATT,0,5193202
yqjE_yqjK_yqjD_yqjC_predicted,0.5,1,1,CTATTCCTACCAACGTAGGC,0,5231108
yqjE_yqjK_yqjD_yqjC_predicted,0.5,1,1,CTATTATGGGGACTTGATAA,0,5214611
yqjE_yqjK_yqjD_yqjC_predicted,0.5,1,1,CTATTATAATTGGGCTGGCA,0,5182186
yqjE_yqjK_yqjD_yqjC_predicted,0.5,1,1,CTATTAACCAACGTACTCTC,0,5232660
yqjE_yqjK_yqjD_yqjC_predicted,0.5,1,1,CTATGTCAATACCGGGCAAA,0,5248348
yqjE_yqjK_yqjD_yqjC_predicted,0.5,1,1,CTATGGATTATGTGATCAGG,0,5183632
yqjE_yqjK_yqjD_yqjC_predicted,0.5,1,1,CTATGCGGACACCTGATAAA,0,5180936
yqjE_yqjK_yqjD_yqjC_predicted,0.5,1,1,CTATCGCCATACGTAGGCAT,0,5258764
yqjE_yqjK_yqjD_yqjC_predicted,0.5,1,1,CTATCCAGGCGAGGAGGCTA,0,5207260
yqjE_yqjK_yqjD_yqjC_predicted,0.5,1,1,CTATCCACGTGTTCGCTGTG,0,5228585
yqjE_yqjK_yqjD_yqjC_predicted,0.5,1,1,CTATAGTTGCGTAAGTGTTT,0,5201486
yqjE_yqjK_yqjD_yqjC_predicted,0.5,1,1,CTAGTAAGCTGACACCCGGG,0,5221457
yqjE_yqjK_yqjD_yqjC_predicted,0.5,1,1,CTAGGTATCCCATGGAGGTA,0,5228543
yqjE_yqjK_yqjD_yqjC_predicted,0.5,1,1,CTAGCTGGGTTGGCTCTGCC,0,5231208
yqjE_yqjK_yqjD_yqjC_predicted,0.5,1,1,CTAGCTCACGGACTTTAGTC,0,5223329
yqjE_yqjK_yqjD_yqjC_predicted,0.5,1,1,CTAGCTCAACCTGCATCCAC,0,5186023
yqjE_yqjK_yqjD_yqjC_predicted,0.5,1,1,CTAGCGGGCACGTCAAGCCA,0,5254751
yqjE_yqjK_yqjD_yqjC_predicted,0.5,1,1,CTAGATCCTTACCTTATAAC,0,5189342
yqjE_yqjK_yqjD_yqjC_predicted,0.5,1,1,CTAGAATTGCGAGCATCGCA,0,5213202
yqjE_yqjK_yqjD_yqjC_predicted,0.5,1,1,CTACTGGCATCTACCGGGAC,0,5232413
yqjE_yqjK_yqjD_yqjC_predicted,0.5,1,1,CTACTCGAGGGTGTGCATTC,0,5249965
yqjE_yqjK_yqjD_yqjC_predicted,0.5,1,1,CTACTCCACGCTGGGATTTT,0,5206374
yqjE_yqjK_yqjD_yqjC_predicted,0.5,1,1,CTACGCTATTGAAGGGGTGG,0,5219216
yqjE_yqjK_yqjD_yqjC_predicted,0.5,1,1,CTACGCCCGGCCAAGTGCCG,0,5213269
yqjE_yqjK_yqjD_yqjC_predicted,0.5,1,1,CTACCTTAGAAAATTGGCTG,0,5199297
yqjE_yqjK_yqjD_yqjC_predicted,0.5,1,1,CTACATAAGTTAGTGCACTT,0,5201620
yqjE_yqjK_yqjD_yqjC_predicted,0.5,1,1,CTACAACTTTGGGAATATGG,0,5175431
yqjE_yqjK_yqjD_yqjC_predicted,0.5,1,1,CTACAAATGCTGTACAAATC,0,5180115
yqjE_yqjK_yqjD_yqjC_predicted,0.5,1,1,CTAATTCCCCCGCTGTCGGC,0,5172773
yqjE_yqjK_yqjD_yqjC_predicted,0.5,1,1,CTAATATCAGATTACACACC,0,5171161
yqjE_yqjK_yqjD_yqjC_predicted,0.5,1,1,CTAATACAGTACGATGATGA,0,5189139
yqjE_yqjK_yqjD_yqjC_predicted,0.5,1,1,CTAAGTTCTCCCACCCCGAA,0,5194429
yqjE_yqjK_yqjD_yqjC_predicted,0.5,1,1,CTAACTCCCTCGCCGCTTCG,0,5232526
yqjE_yqjK_yqjD_yqjC_predicted,0.5,1,1,CTAACCAACTCCGGCTAATA,0,5196996
yqjE_yqjK_yqjD_yqjC_predicted,0.5,1,1,CTAACATCGTAACAATGAAC,0,5180682
yqjE_yqjK_yqjD_yqjC_predicted,0.5,1,1,CTAACATCACGTCAAACACT,0,5197609
yqjE_yqjK_yqjD_yqjC_predicted,0.5,1,1,CTAACACCGGTCCTTTGCGT,0,5229585
yqjE_yqjK_yqjD_yqjC_predicted,0.5,1,1,CTAAATGCCGCCTCCTTCCA,0,5242919
yqjE_yqjK_yqjD_yqjC_predicted,0.5,1,1,CTAAATCGTATAAAGAGTGT,0,5186257
yqjE_yqjK_yqjD_yqjC_predicted,0.5,1,1,CGTTTTCGTAACATTTAAAG,0,5202012
yqjE_yqjK_yqjD_yqjC_predicted,0.5,1,1,CGTTTAGTGTGAGCCAAATA,0,5205186
yqjE_yqjK_yqjD_yqjC_predicted,0.5,1,1,CGTTGTGATTATACTTTAGA,0,5184477
yqjE_yqjK_yqjD_yqjC_predicted,0.5,1,1,CGTTGGATCCTATGGGGCAG,0,5216439
yqjE_yqjK_yqjD_yqjC_predicted,0.5,1,1,CGTTCGTAATTACATGGTAT,0,5198599
yqjE_yqjK_yqjD_yqjC_predicted,0.5,1,1,CGTTCGAAGTGGACGAAACG,0,5251396
yqjE_yqjK_yqjD_yqjC_predicted,0.5,1,1,CGTTCCGAGATAACGGACCC,0,5191993
yqjE_yqjK_yqjD_yqjC_predicted,0.5,1,1,CGTTACCCTAACTTACAGTG,0,5205349
yqjE_yqjK_yqjD_yqjC_predicted,0.5,1,1,CGTTAAAACGCCGAACATCA,0,5218956
yqjE_yqjK_yqjD_yqjC_predicted,0.5,1,1,CGTGTTCTGTGAACAGGGAA,0,5256534
yqjE_yqjK_yqjD_yqjC_predicted,0.5,1,1,CGTGTTATCATAATTAAACA,0,5185537
yqjE_yqjK_yqjD_yqjC_predicted,0.5,1,1,CGTGTGATTGACTATCAGAA,0,5253171
yqjE_yqjK_yqjD_yqjC_predicted,0.5,1,1,CGTGTCGATGAATCGCACGT,0,5210407
yqjE_yqjK_yqjD_yqjC_predicted,0.5,1,1,CGTGTACTAGGCAAACATTG,0,5258775
yqjE_yqjK_yqjD_yqjC_predicted,0.5,1,1,CGTGGTCGAGCAGAGGACAG,0,5242321
yqjE_yqjK_yqjD_yqjC_predicted,0.5,1,1,CGTGGGGTAAGGCTCGCGAA,0,5253899
yqjE_yqjK_yqjD_yqjC_predicted,0.5,1,1,CGTGGCCTTCTCACCTTTTT,0,5219268
yqjE_yqjK_yqjD_yqjC_predicted,0.5,1,1,CGTGGCAGTGGATGCACTTG,0,5206586
yqjE_yqjK_yqjD_yqjC_predicted,0.5,1,1,CGTGGCACCTCTGCCTCTTG,0,5202526
yqjE_yqjK_yqjD_yqjC_predicted,0.5,1,1,CGTGGACCAGGAAACACATG,0,5216406
yqjE_yqjK_yqjD_yqjC_predicted,0.5,1,1,CGTGCTGTAACGTTTTTGTA,0,5191466
yqjE_yqjK_yqjD_yqjC_predicted,0.5,1,1,CGTGCGGGGAACGTAGATTC,0,5262592
yqjE_yqjK_yqjD_yqjC_predicted,0.5,1,1,CGTGCCCGGATAGGGAGGGC,0,5254248
yqjE_yqjK_yqjD_yqjC_predicted,0.5,1,1,CGTGATGCTTTAATTCACGT,0,5171387
yqjE_yqjK_yqjD_yqjC_predicted,0.5,1,1,CGTGATACAGCACTTTCGGG,0,5237517
yqjE_yqjK_yqjD_yqjC_predicted,0.5,1,1,CGTGAGTGACTACTAAGGAT,0,5230891
yqjE_yqjK_yqjD_yqjC_predicted,0.5,1,1,CGTGAGAGGGCATCCGCACT,0,5244164
yqjE_yqjK_yqjD_yqjC_predicted,0.5,1,1,CGTCTGTTCCTCCATCAGGT,0,5177926
yqjE_yqjK_yqjD_yqjC_predicted,0.5,1,1,CGTCTGTCGAAGTGTCTAAA,0,5188046
yqjE_yqjK_yqjD_yqjC_predicted,0.5,1,1,CGTCTAGGACGTCGTGTAAT,0,5245189
yqjE_yqjK_yqjD_yqjC_predicted,0.5,1,1,CGTCGATATCGGTTTGGACT,0,5235006
yqjE_yqjK_yqjD_yqjC_predicted,0.5,1,1,CGTCGAACTAGCATTAGTGA,0,5214669
yqjE_yqjK_yqjD_yqjC_predicted,0.5,1,1,CGTCCTTTCAGAGTGGCTGT,0,5241333
yqjE_yqjK_yqjD_yqjC_predicted,0.5,1,1,CGTCCGAAGGACCGTCCGCG,0,5209497
yqjE_yqjK_yqjD_yqjC_predicted,0.5,1,1,CGTCCCAACGATGGCCCTGC,0,5202536
yqjE_yqjK_yqjD_yqjC_predicted,0.5,1,1,CGTCCACTACAACTGTCGAT,0,5242298
yqjE_yqjK_yqjD_yqjC_predicted,0.5,1,1,CGTCATGTTCGGGTTTTCCA,0,5206820
yqjE_yqjK_yqjD_yqjC_predicted,0.5,1,1,CGTCATCTTAGGAGTCTCAT,0,5177771
yqjE_yqjK_yqjD_yqjC_predicted,0.5,1,1,CGTCAGTCGTGTTTTATTGT,0,5232257
yqjE_yqjK_yqjD_yqjC_predicted,0.5,1,1,CGTCAACGCGACGGTAACCA,0,5224442
yqjE_yqjK_yqjD_yqjC_predicted,0.5,1,1,CGTCAAAGCTCGGAATATGT,0,5228250
yqjE_yqjK_yqjD_yqjC_predicted,0.5,1,1,CGTATTTCGTTCTTAGTTCA,0,5190273
yqjE_yqjK_yqjD_yqjC_predicted,0.5,1,1,CGTATTGACAGACGGGAGGT,0,5258201
yqjE_yqjK_yqjD_yqjC_predicted,0.5,1,1,CGTATTATAACGTTGACTGG,0,5218106
yqjE_yqjK_yqjD_yqjC_predicted,0.5,1,1,CGTATTAGCTTCTCAGGGTC,0,5171202
yqjE_yqjK_yqjD_yqjC_predicted,0.5,1,1,CGTATGTGTACGTCGGGATA,0,5199367
yqjE_yqjK_yqjD_yqjC_predicted,0.5,1,1,CGTATCTAGACCATCTACTG,0,5251758
yqjE_yqjK_yqjD_yqjC_predicted,0.5,1,1,CGTAGTGAGCCCATGATGTT,0,5200427
yqjE_yqjK_yqjD_yqjC_predicted,0.5,1,1,CGTAGGAACGGCCTGTCTTA,0,5223481
yqjE_yqjK_yqjD_yqjC_predicted,0.5,1,1,CGTAGCTTAATTGGTCAGAC,0,5234514
yqjE_yqjK_yqjD_yqjC_predicted,0.5,1,1,CGTAGCGCCTCGTCCATCCT,0,5195145
yqjE_yqjK_yqjD_yqjC_predicted,0.5,1,1,CGTAGCCGCGCCATTTGTGG,0,5246380
yqjE_yqjK_yqjD_yqjC_predicted,0.5,1,1,CGTAGCCCTCAATTCATTTC,0,5214315
yqjE_yqjK_yqjD_yqjC_predicted,0.5,1,1,CGTACGTCAAAGAAGGATCC,0,5238847
yqjE_yqjK_yqjD_yqjC_predicted,0.5,1,1,CGTACGTACGAGACCGAAAT,0,5227641
yqjE_yqjK_yqjD_yqjC_predicted,0.5,1,1,CGTACGATGTTAACCAAAGT,0,5245762
yqjE_yqjK_yqjD_yqjC_predicted,0.5,1,1,CGTAATTCGGCTCTGTGAGC,0,5244186
yqjE_yqjK_yqjD_yqjC_predicted,0.5,1,1,CGTAAGTGGCGAACGTACTA,0,5185147
yqjE_yqjK_yqjD_yqjC_predicted,0.5,1,1,CGTAACCCACACGCCGACCC,0,5191392
yqjE_yqjK_yqjD_yqjC_predicted,0.5,1,1,CGGTTGGTACCGTACGGATC,0,5203770
yqjE_yqjK_yqjD_yqjC_predicted,0.5,1,1,CGGTTGGCAACCTGCACGAC,0,5180239
yqjE_yqjK_yqjD_yqjC_predicted,0.5,1,1,CGGTTGCCAGCGGCTATAGG,0,5196717
yqjE_yqjK_yqjD_yqjC_predicted,0.5,1,1,CGGTTGATGGTGTATGGCAC,0,5253115
yqjE_yqjK_yqjD_yqjC_predicted,0.5,1,1,CGGTGTTGATTGTGTCCGCA,0,5233703
yqjE_yqjK_yqjD_yqjC_predicted,0.5,1,1,CGGTCTGCAATGTGGCCAAG,0,5178564
yqjE_yqjK_yqjD_yqjC_predicted,0.5,1,1,CGGTCTCGGGCGAACACTTA,0,5251589
yqjE_yqjK_yqjD_yqjC_predicted,0.5,1,1,CGGTCTACACGACGTCGTGT,0,5190480
yqjE_yqjK_yqjD_yqjC_predicted,0.5,1,1,CGGTCCGCAATGCAGTTAGG,0,5241946
yqjE_yqjK_yqjD_yqjC_predicted,0.5,1,1,CGGTACGTGAATGACTCCCT,0,5191745
yqjE_yqjK_yqjD_yqjC_predicted,0.5,1,1,CGGTAACTGCCGACCCTCTA,0,5254934
yqjE_yqjK_yqjD_yqjC_predicted,0.5,1,1,CGGGTTGGATAGGTCATCGG,0,5231790
yqjE_yqjK_yqjD_yqjC_predicted,0.5,1,1,CGGGTGTTGTTAGACCATGA,0,5240385
yqjE_yqjK_yqjD_yqjC_predicted,0.5,1,1,CGGGTGCTACGGTTACAGCT,0,5174328
yqjE_yqjK_yqjD_yqjC_predicted,0.5,1,1,CGGGGCGCGCCGGATGCCGC,0,5221641
yqjE_yqjK_yqjD_yqjC_predicted,0.5,1,1,CGGGGCATTTTCCAGACCGA,0,5261367
yqjE_yqjK_yqjD_yqjC_predicted,0.5,1,1,CGGGGAAGCTCGTCACGATC,0,5262625
yqjE_yqjK_yqjD_yqjC_predicted,0.5,1,1,CGGGGAACTCGCTTGTTTGC,0,5213702
yqjE_yqjK_yqjD_yqjC_predicted,0.5,1,1,CGGGGAAAACCACAATCTTG,0,5191814
yqjE_yqjK_yqjD_yqjC_predicted,0.5,1,1,CGGGCTAATCGGGACCGACT,0,5236751
yqjE_yqjK_yqjD_yqjC_predicted,0.5,1,1,CGGGCGAAACTCCGGCACCA,0,5234922
yqjE_yqjK_yqjD_yqjC_predicted,0.5,1,1,CGGGCCTGGACAATTTGGAT,0,5235484
yqjE_yqjK_yqjD_yqjC_predicted,0.5,1,1,CGGGCCGACAGAATTGACAA,0,5216675
yqjE_yqjK_yqjD_yqjC_predicted,0.5,1,1,CGGGATCAGAGTCTTTCGAA,0,5173429
yqjE_yqjK_yqjD_yqjC_predicted,0.5,1,1,CGGGATAGAGGCCATTGCTT,0,5218607
yqjE_yqjK_yqjD_yqjC_predicted,0.5,1,1,CGGGAGTTTTGTTATCCATT,0,5191250
yqjE_yqjK_yqjD_yqjC_predicted,0.5,1,1,CGGCTTGTTGAGACGTAGAA,0,5187466
yqjE_yqjK_yqjD_yqjC_predicted,0.5,1,1,CGGCTGGAGTGATGGGTTCC,0,5201635
yqjE_yqjK_yqjD_yqjC_predicted,0.5,1,1,CGGCGTTGACATTCTAAAAT,0,5260236
yqjE_yqjK_yqjD_yqjC_predicted,0.5,1,1,CGGCGCCGATTTTCTCAATT,0,5212438
yqjE_yqjK_yqjD_yqjC_predicted,0.5,1,1,CGGCGCACGAGATCTGTCAC,0,5219952
yqjE_yqjK_yqjD_yqjC_predicted,0.5,1,1,CGGCGACTTTTAAGCAGAAC,0,5246260
yqjE_yqjK_yqjD_yqjC_predicted,0.5,1,1,CGGCCGTAAACCAGGATAAG,0,5259992
yqjE_yqjK_yqjD_yqjC_predicted,0.5,1,1,CGGCCCGCAATACATCTCAA,0,5173084
yqjE_yqjK_yqjD_yqjC_predicted,0.5,1,1,CGGCCATGGGTTTTTCATCA,0,5242677
yqjE_yqjK_yqjD_yqjC_predicted,0.5,1,1,CGGCATTTTGGAGGTAACCA,0,5227661
yqjE_yqjK_yqjD_yqjC_predicted,0.5,1,1,CGGCATAGCAGTCAGGTCGT,0,5249666
yqjE_yqjK_yqjD_yqjC_predicted,0.5,1,1,CGGCAGCGTACCGCCTGTGA,0,5258574
yqjE_yqjK_yqjD_yqjC_predicted,0.5,1,1,CGGCAACGATCCCTCTGCAT,0,5199888
yqjE_yqjK_yqjD_yqjC_predicted,0.5,1,1,CGGATGTGAGAGCGAGACTT,0,5225297
yqjE_yqjK_yqjD_yqjC_predicted,0.5,1,1,CGGATGTAGGGCTTCTGAGG,0,5248957
yqjE_yqjK_yqjD_yqjC_predicted,0.5,1,1,CGGATATGAAAAAATCGATA,0,5236923
yqjE_yqjK_yqjD_yqjC_predicted,0.5,1,1,CGGATACTTGTATCAATTCA,0,5188448
yqjE_yqjK_yqjD_yqjC_predicted,0.5,1,1,CGGAGGAGTTGATCCGTAGC,0,5221201
yqjE_yqjK_yqjD_yqjC_predicted,0.5,1,1,CGGAGCCGTGTAGCCAAGAA,0,5203424
yqjE_yqjK_yqjD_yqjC_predicted,0.5,1,1,CGGACTCGGCGAGGCTGTAA,0,5251903
yqjE_yqjK_yqjD_yqjC_predicted,0.5,1,1,CGGACGCAAAGTTGTTTAAC,0,5182102
yqjE_yqjK_yqjD_yqjC_predicted,0.5,1,1,CGGACCTGCCAATAGGATAT,0,5198135
yqjE_yqjK_yqjD_yqjC_predicted,0.5,1,1,CGGAATGATATCAGATATTA,0,5195281
yqjE_yqjK_yqjD_yqjC_predicted,0.5,1,1,CGGAAGTGGCGCATGGTCAG,0,5182982
yqjE_yqjK_yqjD_yqjC_predicted,0.5,1,1,CGGAAGAACCCCTGAGCCAA,0,5247291
yqjE_yqjK_yqjD_yqjC_predicted,0.5,1,1,CGGAAATGACGATCAGTGCT,0,5237963
yqjE_yqjK_yqjD_yqjC_predicted,0.5,1,1,CGCTTTTTTAAGGTAAATAA,0,5233102
yqjE_yqjK_yqjD_yqjC_predicted,0.5,1,1,CGCTTTTGTGGAAATAATGT,0,5258320
yqjE_yqjK_yqjD_yqjC_predicted,0.5,1,1,CGCTTTAATAAGTGATACTA,0,5243127
yqjE_yqjK_yqjD_yqjC_predicted,0.5,1,1,CGCTTGTGGTAATGGTTACT,0,5229399
yqjE_yqjK_yqjD_yqjC_predicted,0.5,1,1,CGCTTCTCATGTTGGTGAAC,0,5242543
yqjE_yqjK_yqjD_yqjC_predicted,0.5,1,1,CGCTTATAGTAGGTGGTGCG,0,5248581
yqjE_yqjK_yqjD_yqjC_predicted,0.5,1,1,CGCTTAGGTACGGAGGCTTC,0,5201292
yqjE_yqjK_yqjD_yqjC_predicted,0.5,1,1,CGCTGGATTTCTTAAAGAAT,0,5203671
yqjE_yqjK_yqjD_yqjC_predicted,0.5,1,1,CGCTGCTTGCCAAGATCATG,0,5181761
yqjE_yqjK_yqjD_yqjC_predicted,0.5,1,1,CGCTCTACCATGTGATCCAT,0,5208468
yqjE_yqjK_yqjD_yqjC_predicted,0.5,1,1,CGCTCCCTATGAGAAGTAGA,0,5216471
yqjE_yqjK_yqjD_yqjC_predicted,0.5,1,1,CGCTCCAAAATGTCATATTT,0,5262081
yqjE_yqjK_yqjD_yqjC_predicted,0.5,1,1,CGCTAGAAGAGGAGAATTCT,0,5233349
yqjE_yqjK_yqjD_yqjC_predicted,0.5,1,1,CGCTACGGATCCGTCGCCCT,0,5215100
yqjE_yqjK_yqjD_yqjC_predicted,0.5,1,1,CGCTACCTGGGATAGCTATT,0,5249739
yqjE_yqjK_yqjD_yqjC_predicted,0.5,1,1,CGCTACCACATCAACGGACT,0,5213954
yqjE_yqjK_yqjD_yqjC_predicted,0.5,1,1,CGCGTGCACCAGCCGTCAAA,0,5251405
yqjE_yqjK_yqjD_yqjC_predicted,0.5,1,1,CGCGTCAATTCTTTCGGTAT,0,5188079
yqjE_yqjK_yqjD_yqjC_predicted,0.5,1,1,CGCGTCAAAGGGGATAGAGT,0,5253370
yqjE_yqjK_yqjD_yqjC_predicted,0.5,1,1,CGCGGCATTTGAGAACCGCA,0,5210279
yqjE_yqjK_yqjD_yqjC_predicted,0.5,1,1,CGCGCGTGATTTCACCGTCT,0,5190941
yqjE_yqjK_yqjD_yqjC_predicted,0.5,1,1,CGCGCGGCGTATGCCCAACA,0,5255960
yqjE_yqjK_yqjD_yqjC_predicted,0.5,1,1,CGCGCGCGCCCTCACATAGG,0,5237200
yqjE_yqjK_yqjD_yqjC_predicted,0.5,1,1,CGCGCCTATGATGCACACCT,0,5250765
yqjE_yqjK_yqjD_yqjC_predicted,0.5,1,1,CGCGCCCGCAGACGCTTGTT,0,5241146
yqjE_yqjK_yqjD_yqjC_predicted,0.5,1,1,CGCGAGACTGGGGTGGGGAA,0,5178362
yqjE_yqjK_yqjD_yqjC_predicted,0.5,1,1,CGCGACAAGATCGGCGCGCA,0,5215565
yqjE_yqjK_yqjD_yqjC_predicted,0.5,1,1,CGCGAAGTTATTCGACGGAA,0,5217999
yqjE_yqjK_yqjD_yqjC_predicted,0.5,1,1,CGCGAAGAGTGTAGAGAGCA,0,5220541
yqjE_yqjK_yqjD_yqjC_predicted,0.5,1,1,CGCCTGCGATATCATGGCCC,0,5220285
yqjE_yqjK_yqjD_yqjC_predicted,0.5,1,1,CGCCTACCCGGCCCCTAAAG,0,5212968
yqjE_yqjK_yqjD_yqjC_predicted,0.5,1,1,CGCCGGGGAAATGGATCTGG,0,5201023
yqjE_yqjK_yqjD_yqjC_predicted,0.5,1,1,CGCCGGCGGGGGGACCATAG,0,5212608
yqjE_yqjK_yqjD_yqjC_predicted,0.5,1,1,CGCCGCCCTATGCCGTTTTC,0,5171677
yqjE_yqjK_yqjD_yqjC_predicted,0.5,1,1,CGCCCTATTAAAGCGGATCC,0,5240356
yqjE_yqjK_yqjD_yqjC_predicted,0.5,1,1,CGCCCTAGGAAGCTAAGATC,0,5226526
yqjE_yqjK_yqjD_yqjC_predicted,0.5,1,1,CGCCCCATTGCGCAGTCCTG,0,5176908
yqjE_yqjK_yqjD_yqjC_predicted,0.5,1,1,CGCCCATGGATGTACTGGGC,0,5237261
yqjE_yqjK_yqjD_yqjC_predicted,0.5,1,1,CGCCATAGGCTCGGCCCAGG,0,5209890
yqjE_yqjK_yqjD_yqjC_predicted,0.5,1,1,CGCCATACTCCGCAGCTAAT,0,5242525
yqjE_yqjK_yqjD_yqjC_predicted,0.5,1,1,CGCCATACCGGTTACAAAAC,0,5226318
yqjE_yqjK_yqjD_yqjC_predicted,0.5,1,1,CGCCAACGTTCCATTAGCGG,0,5203660
yqjE_yqjK_yqjD_yqjC_predicted,0.5,1,1,CGCATTACGGGGCACACAAA,0,5230554
yqjE_yqjK_yqjD_yqjC_predicted,0.5,1,1,CGCATGAATTGCGAACAGAG,0,5238156
yqjE_yqjK_yqjD_yqjC_predicted,0.5,1,1,CGCATCGTCACAGCACACGC,0,5189663
yqjE_yqjK_yqjD_yqjC_predicted,0.5,1,1,CGCATACTCCGAAACGCACA,0,5202283
yqjE_yqjK_yqjD_yqjC_predicted,0.5,1,1,CGCAGTCGTTCGGCTCCTTG,0,5220490
yqjE_yqjK_yqjD_yqjC_predicted,0.5,1,1,CGCAGTATACGAGCCGAGCA,0,5255857
yqjE_yqjK_yqjD_yqjC_predicted,0.5,1,1,CGCAGAGCCTCAAATCTGTT,0,5191016
yqjE_yqjK_yqjD_yqjC_predicted,0.5,1,1,CGCAGACGTTGCAGTTTTAA,0,5255751
yqjE_yqjK_yqjD_yqjC_predicted,0.5,1,1,CGCACTGAGCGATATGGGAG,0,5249147
yqjE_yqjK_yqjD_yqjC_predicted,0.5,1,1,CGCACCACTCAGAGTTTTGG,0,5206835
yqjE_yqjK_yqjD_yqjC_predicted,0.5,1,1,CGCACATATCGGGGCGTGGG,0,5244530
yqjE_yqjK_yqjD_yqjC_predicted,0.5,1,1,CGCAATGGGCTTGCTGGCGA,0,5178311
yqjE_yqjK_yqjD_yqjC_predicted,0.5,1,1,CGCAATCCTGAGGGATACAA,0,5231203
yqjE_yqjK_yqjD_yqjC_predicted,0.5,1,1,CGCAAGGAGGTTCACTCTCT,0,5214032
yqjE_yqjK_yqjD_yqjC_predicted,0.5,1,1,CGCAAACTATAATTGGTGCC,0,5179909
yqjE_yqjK_yqjD_yqjC_predicted,0.5,1,1,CGCAAACCAGGCCTGTTGTA,0,5214694
yqjE_yqjK_yqjD_yqjC_predicted,0.5,1,1,CGATTGTGGCAGGAACTAGA,0,5223412
yqjE_yqjK_yqjD_yqjC_predicted,0.5,1,1,CGATGTTCGCAACACATTCT,0,5236224
yqjE_yqjK_yqjD_yqjC_predicted,0.5,1,1,CGATGTGGCGCTGTAAGGAG,0,5192072
yqjE_yqjK_yqjD_yqjC_predicted,0.5,1,1,CGATCTTAACGAGTGTTCCT,0,5235387
yqjE_yqjK_yqjD_yqjC_predicted,0.5,1,1,CGATCTAACAAGAGTTCCAC,0,5199637
yqjE_yqjK_yqjD_yqjC_predicted,0.5,1,1,CGATCCCGGTATAGTGATAA,0,5177656
yqjE_yqjK_yqjD_yqjC_predicted,0.5,1,1,CGATCATCGTATAAGGAGCA,0,5257888
yqjE_yqjK_yqjD_yqjC_predicted,0.5,1,1,CGAGTGTTATGTTCAGGATT,0,5251108
yqjE_yqjK_yqjD_yqjC_predicted,0.5,1,1,CGAGTAGATGAACTACGACA,0,5254925
yqjE_yqjK_yqjD_yqjC_predicted,0.5,1,1,CGAGGTCGATATCTTTCCAG,0,5214935
yqjE_yqjK_yqjD_yqjC_predicted,0.5,1,1,CGAGGGCTGGGGGAGCTGTA,0,5213566
yqjE_yqjK_yqjD_yqjC_predicted,0.5,1,1,CGAGGATTACGTTCTTAGTC,0,5241914
yqjE_yqjK_yqjD_yqjC_predicted,0.5,1,1,CGAGGATTACGAAAGAAGAA,0,5179096
yqjE_yqjK_yqjD_yqjC_predicted,0.5,1,1,CGAGCTCGTTAGCAAAGGGT,0,5216673
yqjE_yqjK_yqjD_yqjC_predicted,0.5,1,1,CGAGCCCCCGTTTTCAGTAA,0,5196625
yqjE_yqjK_yqjD_yqjC_predicted,0.5,1,1,CGAGCCAGCGACTGTAACTA,0,5258356
yqjE_yqjK_yqjD_yqjC_predicted,0.5,1,1,CGAGATTATTAGGCGGCTAA,0,5196586
yqjE_yqjK_yqjD_yqjC_predicted,0.5,1,1,CGAGACCATAGATAGCGGAC,0,5252123
yqjE_yqjK_yqjD_yqjC_predicted,0.5,1,1,CGAGAATGTGATCCTCTATA,0,5193036
yqjE_yqjK_yqjD_yqjC_predicted,0.5,1,1,CGAGAAGCTATAGGTGCCCC,0,5230259
yqjE_yqjK_yqjD_yqjC_predicted,0.5,1,1,CGACTCGGTCTTCATCGGGT,0,5236084
yqjE_yqjK_yqjD_yqjC_predicted,0.5,1,1,CGACTAGGATAGTGTTGAAT,0,5222371
yqjE_yqjK_yqjD_yqjC_predicted,0.5,1,1,CGACGCCGGGTCGAGGCGGT,0,5229893
yqjE_yqjK_yqjD_yqjC_predicted,0.5,1,1,CGACGCACCACCTCTGACTA,0,5247811
yqjE_yqjK_yqjD_yqjC_predicted,0.5,1,1,CGACGACAAGCAGGATAAGG,0,5242160
yqjE_yqjK_yqjD_yqjC_predicted,0.5,1,1,CGACCTGGTCGATTAAAAAA,0,5182698
yqjE_yqjK_yqjD_yqjC_predicted,0.5,1,1,CGACCGTATCTAGTTCGCAT,0,5197151
yqjE_yqjK_yqjD_yqjC_predicted,0.5,1,1,CGACATTTAACGGTCCGGCC,0,5174655
yqjE_yqjK_yqjD_yqjC_predicted,0.5,1,1,CGACACCAGACTTGGATACA,0,5180421
yqjE_yqjK_yqjD_yqjC_predicted,0.5,1,1,CGAATTGGGCGGTACCAGCA,0,5233708
yqjE_yqjK_yqjD_yqjC_predicted,0.5,1,1,CGAATGCCCGAAGTGGCTTC,0,5201396
yqjE_yqjK_yqjD_yqjC_predicted,0.5,1,1,CGAAGGCTGCCGAGTTGCTA,0,5202932
yqjE_yqjK_yqjD_yqjC_predicted,0.5,1,1,CGAAGGATTCGAACACTATG,0,5188013
yqjE_yqjK_yqjD_yqjC_predicted,0.5,1,1,CGAAGCGGCAGTCGGGCGTT,0,5221169
yqjE_yqjK_yqjD_yqjC_predicted,0.5,1,1,CGAACTTTATAGGTAACCAT,0,5187873
yqjE_yqjK_yqjD_yqjC_predicted,0.5,1,1,CGAACGTAATCTAGGATTGG,0,5230503
yqjE_yqjK_yqjD_yqjC_predicted,0.5,1,1,CGAACCAACGGGTCAAAAGA,0,5196307
yqjE_yqjK_yqjD_yqjC_predicted,0.5,1,1,CGAACAGGGCAGACATATCT,0,5173440
yqjE_yqjK_yqjD_yqjC_predicted,0.5,1,1,CGAACACAGCCATAGTATAA,0,5241613
yqjE_yqjK_yqjD_yqjC_predicted,0.5,1,1,CGAAATTATTTTTTGATTCG,0,5192674
yqjE_yqjK_yqjD_yqjC_predicted,0.5,1,1,CGAAAGTTTGCCGTCGATAG,0,5244730
yqjE_yqjK_yqjD_yqjC_predicted,0.5,1,1,CGAAACTATACTTATATCCG,0,5205039
yqjE_yqjK_yqjD_yqjC_predicted,0.5,1,1,CGAAACCAGTTATGCCCTAG,0,5235721
yqjE_yqjK_yqjD_yqjC_predicted,0.5,1,1,CCTTTCAAGACTGGTAACGG,0,5198326
yqjE_yqjK_yqjD_yqjC_predicted,0.5,1,1,CCTTTATACTTCCACCCAGG,0,5228376
yqjE_yqjK_yqjD_yqjC_predicted,0.5,1,1,CCTTGTTCATGGCTCTCTCT,0,5230257
yqjE_yqjK_yqjD_yqjC_predicted,0.5,1,1,CCTTGTGTCATGCGTGTTAG,0,5214618
yqjE_yqjK_yqjD_yqjC_predicted,0.5,1,1,CCTTGTGTAATCCGACCAGT,0,5225956
yqjE_yqjK_yqjD_yqjC_predicted,0.5,1,1,CCTTGGTACCCGTCGTTCAA,0,5171775
yqjE_yqjK_yqjD_yqjC_predicted,0.5,1,1,CCTTGCATAGCTACTTATTG,0,5231908
yqjE_yqjK_yqjD_yqjC_predicted,0.5,1,1,CCTTGACGCGCCGAATCACG,0,5261949
yqjE_yqjK_yqjD_yqjC_predicted,0.5,1,1,CCTTGACAATTGTGTATACG,0,5241107
yqjE_yqjK_yqjD_yqjC_predicted,0.5,1,1,CCTTCTTCCCCCAAAGAATC,0,5231433
yqjE_yqjK_yqjD_yqjC_predicted,0.5,1,1,CCTTCTTCCCAATTAGTCCA,0,5248649
yqjE_yqjK_yqjD_yqjC_predicted,0.5,1,1,CCTTCTCATCCAAGGAGGTT,0,5246355
yqjE_yqjK_yqjD_yqjC_predicted,0.5,1,1,CCTTCCTACTCCATTGCATA,0,5225057
yqjE_yqjK_yqjD_yqjC_predicted,0.5,1,1,CCTTACGCCGGTTGCAGCGA,0,5249564
yqjE_yqjK_yqjD_yqjC_predicted,0.5,1,1,CCTTACCTATCGGCCGGTTC,0,5262295
yqjE_yqjK_yqjD_yqjC_predicted,0.5,1,1,CCTTACAATCAAGTTCGACA,0,5176925
yqjE_yqjK_yqjD_yqjC_predicted,0.5,1,1,CCTGTTATGGGCGTGCTTGA,0,5205503
yqjE_yqjK_yqjD_yqjC_predicted,0.5,1,1,CCTGTTAGTTGCGGATCGAT,0,5197810
yqjE_yqjK_yqjD_yqjC_predicted,0.5,1,1,CCTGTGCTGTGGGAATTCGC,0,5201016
yqjE_yqjK_yqjD_yqjC_predicted,0.5,1,1,CCTGTCATGGAAGTGTAAAA,0,5233307
yqjE_yqjK_yqjD_yqjC_predicted,0.5,1,1,CCTGTCACGTTCACGAGGGA,0,5198167
yqjE_yqjK_yqjD_yqjC_predicted,0.5,1,1,CCTGTAGGTGGGCCAATATC,0,5248534
yqjE_yqjK_yqjD_yqjC_predicted,0.5,1,1,CCTGGTTGTTTCCGTGTAAC,0,5241935
yqjE_yqjK_yqjD_yqjC_predicted,0.5,1,1,CCTGGTATCCTACGTTATAA,0,5213030
yqjE_yqjK_yqjD_yqjC_predicted,0.5,1,1,CCTGGTATATTGGATAGGCC,0,5236113
yqjE_yqjK_yqjD_yqjC_predicted,0.5,1,1,CCTGGCGTGGGCTAATTTGT,0,5173901
yqjE_yqjK_yqjD_yqjC_predicted,0.5,1,1,CCTGGAATTTAAAGGCGTTG,0,5225869
yqjE_yqjK_yqjD_yqjC_predicted,0.5,1,1,CCTGGAATACAGATTCGATT,0,5207384
yqjE_yqjK_yqjD_yqjC_predicted,0.5,1,1,CCTGCCCAACAGTCCTACGA,0,5239642
yqjE_yqjK_yqjD_yqjC_predicted,0.5,1,1,CCTGATGTCAGCCCGGTAGA,0,5187195
yqjE_yqjK_yqjD_yqjC_predicted,0.5,1,1,CCTGATACCGGGTGATGCCA,0,5184533
yqjE_yqjK_yqjD_yqjC_predicted,0.5,1,1,CCTGACTGCGACGTTGAAAA,0,5218868
yqjE_yqjK_yqjD_yqjC_predicted,0.5,1,1,CCTGAATATTAAATTAAAAA,0,5246902
yqjE_yqjK_yqjD_yqjC_predicted,0.5,1,1,CCTCGTTCTCATCGTTGCTA,0,5195856
yqjE_yqjK_yqjD_yqjC_predicted,0.5,1,1,CCTCGTCACAAAGTATTTTC,0,5197452
yqjE_yqjK_yqjD_yqjC_predicted,0.5,1,1,CCTCGGGTATCGTTCGTACT,0,5256979
yqjE_yqjK_yqjD_yqjC_predicted,0.5,1,1,CCTCGCCTGGTTATCTACGG,0,5187261
yqjE_yqjK_yqjD_yqjC_predicted,0.5,1,1,CCTCGATACCGGCGAACGGG,0,5220811
yqjE_yqjK_yqjD_yqjC_predicted,0.5,1,1,CCTCGAAGCATCTATTAGAG,0,5240331
yqjE_yqjK_yqjD_yqjC_predicted,0.5,1,1,CCTCCTACGAATGACGGTGG,0,5189337
yqjE_yqjK_yqjD_yqjC_predicted,0.5,1,1,CCTCATCGGAGCCTCCCTCA,0,5234989
yqjE_yqjK_yqjD_yqjC_predicted,0.5,1,1,CCTCACTTTCAATAGTACTT,0,5171307
yqjE_yqjK_yqjD_yqjC_predicted,0.5,1,1,CCTATTTGGTGAACGACCTA,0,5233009
yqjE_yqjK_yqjD_yqjC_predicted,0.5,1,1,CCTATGCGGCCTATGGGAGT,0,5206773
yqjE_yqjK_yqjD_yqjC_predicted,0.5,1,1,CCTATATTCCATAGGCTCCA,0,5228431
yqjE_yqjK_yqjD_yqjC_predicted,0.5,1,1,CCTAGGTGGTTGCCGGACCA,0,5238727
yqjE_yqjK_yqjD_yqjC_predicted,0.5,1,1,CCTAGGGGCGATGTTTTTTT,0,5241340
yqjE_yqjK_yqjD_yqjC_predicted,0.5,1,1,CCTAGGGCACGCAATGGGTA,0,5212198
yqjE_yqjK_yqjD_yqjC_predicted,0.5,1,1,CCTAGGACTGTAAGATGGTG,0,5235913
yqjE_yqjK_yqjD_yqjC_predicted,0.5,1,1,CCTAGAGTTCTGGTAAGATC,0,5231129
yqjE_yqjK_yqjD_yqjC_predicted,0.5,1,1,CCTACGCATGACGTAACAGC,0,5245184
yqjE_yqjK_yqjD_yqjC_predicted,0.5,1,1,CCTACCGCCCCTCGGGGATT,0,5248056
yqjE_yqjK_yqjD_yqjC_predicted,0.5,1,1,CCTACAGAACCAGTACGTTA,0,5215121
yqjE_yqjK_yqjD_yqjC_predicted,0.5,1,1,CCTAAGGTTATGTGATCCGT,0,5182268
yqjE_yqjK_yqjD_yqjC_predicted,0.5,1,1,CCGTTTTTATAATTGGTCCA,0,5259207
yqjE_yqjK_yqjD_yqjC_predicted,0.5,1,1,CCGTTGAAGTGTGCTCTTAA,0,5217003
yqjE_yqjK_yqjD_yqjC_predicted,0.5,1,1,CCGTTCTTGAAAGCGGCACC,0,5208147
yqjE_yqjK_yqjD_yqjC_predicted,0.5,1,1,CCGTGTGAAAAGCGTGACAG,0,5197181
yqjE_yqjK_yqjD_yqjC_predicted,0.5,1,1,CCGTGCCTCCACGGCTGATG,0,5189604
yqjE_yqjK_yqjD_yqjC_predicted,0.5,1,1,CCGTCCCATAATTTTGAGTC,0,5257202
yqjE_yqjK_yqjD_yqjC_predicted,0.5,1,1,CCGTATACCGACCAGGTGGA,0,5214207
yqjE_yqjK_yqjD_yqjC_predicted,0.5,1,1,CCGTACACGTGATAAAGTGC,0,5247676
yqjE_yqjK_yqjD_yqjC_predicted,0.5,1,1,CCGGTTGACATTGTTGTTCA,0,5255966
yqjE_yqjK_yqjD_yqjC_predicted,0.5,1,1,CCGGTTACCTGACCTACCTT,0,5228734
yqjE_yqjK_yqjD_yqjC_predicted,0.5,1,1,CCGGTGGACCTCCTTTAGCC,0,5182495
yqjE_yqjK_yqjD_yqjC_predicted,0.5,1,1,CCGGTCGTTGTTCTTGTTAA,0,5211580
yqjE_yqjK_yqjD_yqjC_predicted,0.5,1,1,CCGGGTGGGGCCTCGGCCCC,0,5242434
yqjE_yqjK_yqjD_yqjC_predicted,0.5,1,1,CCGGGTGACCTGATGCCTTG,0,5203057
yqjE_yqjK_yqjD_yqjC_predicted,0.5,1,1,CCGGGTATCACTAGCGCGCG,0,5232964
yqjE_yqjK_yqjD_yqjC_predicted,0.5,1,1,CCGGGGTTGGTGATATTGGT,0,5246908
yqjE_yqjK_yqjD_yqjC_predicted,0.5,1,1,CCGGGGCGAAGAAACCGCAG,0,5201719
yqjE_yqjK_yqjD_yqjC_predicted,0.5,1,1,CCGGGGACCTAAGATTATTG,0,5182442
yqjE_yqjK_yqjD_yqjC_predicted,0.5,1,1,CCGGGCGTCCAGGCGAGCCT,0,5184770
yqjE_yqjK_yqjD_yqjC_predicted,0.5,1,1,CCGGCCGGTTTAATCAGCGA,0,5247733
yqjE_yqjK_yqjD_yqjC_predicted,0.5,1,1,CCGGCACTCATTAATGAATT,0,5205293
yqjE_yqjK_yqjD_yqjC_predicted,0.5,1,1,CCGGAGACATTCAGCACTGT,0,5255531
yqjE_yqjK_yqjD_yqjC_predicted,0.5,1,1,CCGGACGATGTTCTCGTGGA,0,5188123
yqjE_yqjK_yqjD_yqjC_predicted,0.5,1,1,CCGGAATGAGGGTCGGGAGC,0,5202310
yqjE_yqjK_yqjD_yqjC_predicted,0.5,1,1,CCGGAAACTGAGTATACCCA,0,5182864
yqjE_yqjK_yqjD_yqjC_predicted,0.5,1,1,CCGCTACTTAGCGGGGACTG,0,5216135
yqjE_yqjK_yqjD_yqjC_predicted,0.5,1,1,CCGCGTTTAAGATATTATTT,0,5223031
yqjE_yqjK_yqjD_yqjC_predicted,0.5,1,1,CCGCGGGGATTTATGCGAGT,0,5229770
yqjE_yqjK_yqjD_yqjC_predicted,0.5,1,1,CCGCCTGAACGAGTGAGCCG,0,5193705
yqjE_yqjK_yqjD_yqjC_predicted,0.5,1,1,CCGCCGCCAATAGTTTCTAA,0,5232220
yqjE_yqjK_yqjD_yqjC_predicted,0.5,1,1,CCGCCAGCTGCGGGATCAAA,0,5177170
yqjE_yqjK_yqjD_yqjC_predicted,0.5,1,1,CCGCCAATCATATAGTAGTC,0,5228603
yqjE_yqjK_yqjD_yqjC_predicted,0.5,1,1,CCGCAGCAAAAATAATAGAT,0,5206023
yqjE_yqjK_yqjD_yqjC_predicted,0.5,1,1,CCGATTAGTTGCTCGCCGTC,0,5256541
yqjE_yqjK_yqjD_yqjC_predicted,0.5,1,1,CCGATGTAAGCGTTTAACGG,0,5230616
yqjE_yqjK_yqjD_yqjC_predicted,0.5,1,1,CCGATGACTAAACAAACACA,0,5196851
yqjE_yqjK_yqjD_yqjC_predicted,0.5,1,1,CCGATCGCGGTAGTGAATAC,0,5178848
yqjE_yqjK_yqjD_yqjC_predicted,0.5,1,1,CCGAGGCCGTTACCTCGTGG,0,5220588
yqjE_yqjK_yqjD_yqjC_predicted,0.5,1,1,CCGAGCGTTCATGGCAGTCA,0,5235599
yqjE_yqjK_yqjD_yqjC_predicted,0.5,1,1,CCGAGCCGTGGCTAACGAGT,0,5223591
yqjE_yqjK_yqjD_yqjC_predicted,0.5,1,1,CCGAAAAAACGCCAGCAGAT,0,5235023
yqjE_yqjK_yqjD_yqjC_predicted,0.5,1,1,CCCTTTCCGATGGCCGAGAA,0,5176507
yqjE_yqjK_yqjD_yqjC_predicted,0.5,1,1,CCCTTATGGTCCGCTAATTC,0,5193222
yqjE_yqjK_yqjD_yqjC_predicted,0.5,1,1,CCCTTAAAGCATAGGCCCAA,0,5186494
yqjE_yqjK_yqjD_yqjC_predicted,0.5,1,1,CCCTGGACAATGCATCACTG,0,5191290
yqjE_yqjK_yqjD_yqjC_predicted,0.5,1,1,CCCTGAGTACGCACACGGTA,0,5230591
yqjE_yqjK_yqjD_yqjC_predicted,0.5,1,1,CCCTGAGATGGTTCAGCATA,0,5191523
yqjE_yqjK_yqjD_yqjC_predicted,0.5,1,1,CCCTCATGGACCTCACATTA,0,5199766
yqjE_yqjK_yqjD_yqjC_predicted,0.5,1,1,CCCTAGCGAATAATTAATCA,0,5195224
yqjE_yqjK_yqjD_yqjC_predicted,0.5,1,1,CCCTACTCCAGGGTTATCGG,0,5250079
yqjE_yqjK_yqjD_yqjC_predicted,0.5,1,1,CCCTACATGACTGTAAATTT,0,5258041
yqjE_yqjK_yqjD_yqjC_predicted,0.5,1,1,CCCTAACCTTATTAGACACC,0,5247994
yqjE_yqjK_yqjD_yqjC_predicted,0.5,1,1,CCCGTGATAATTTTAGGGCA,0,5172382
yqjE_yqjK_yqjD_yqjC_predicted,0.5,1,1,CCCGTATATTGTCAGCGGAG,0,5248078
yqjE_yqjK_yqjD_yqjC_predicted,0.5,1,1,CCCGTACCCCTCGTCGCCCC,0,5197870
yqjE_yqjK_yqjD_yqjC_predicted,0.5,1,1,CCCGGTCAACGGCGGATTGT,0,5182926
yqjE_yqjK_yqjD_yqjC_predicted,0.5,1,1,CCCGGTCAAACTCTAACCAA,0,5197627
yqjE_yqjK_yqjD_yqjC_predicted,0.5,1,1,CCCGGGACTCGGTCATCTCC,0,5242469
yqjE_yqjK_yqjD_yqjC_predicted,0.5,1,1,CCCGGCATATGTTTAGGCGG,0,5191296
yqjE_yqjK_yqjD_yqjC_predicted,0.5,1,1,CCCGGAACCAGAAGGTCAGC,0,5200105
yqjE_yqjK_yqjD_yqjC_predicted,0.5,1,1,CCCGGAACAATGCGAGATTG,0,5192777
yqjE_yqjK_yqjD_yqjC_predicted,0.5,1,1,CCCGCCTGGTACTATCGAAT,0,5254827
yqjE_yqjK_yqjD_yqjC_predicted,0.5,1,1,CCCGCCGACAGTGTGGTGAC,0,5230607
yqjE_yqjK_yqjD_yqjC_predicted,0.5,1,1,CCCGCAATCGGTAACGAAGT,0,5231384
yqjE_yqjK_yqjD_yqjC_predicted,0.5,1,1,CCCGATTATAAGGTGGCCGG,0,5252114
yqjE_yqjK_yqjD_yqjC_predicted,0.5,1,1,CCCGAGCTGTGATCACGGTC,0,5199786
yqjE_yqjK_yqjD_yqjC_predicted,0.5,1,1,CCCGAGAAGCCTTACCGAGG,0,5202561
yqjE_yqjK_yqjD_yqjC_predicted,0.5,1,1,CCCGACATACGGTACAATAG,0,5192278
yqjE_yqjK_yqjD_yqjC_predicted,0.5,1,1,CCCGAACGTCTGCACCCATT,0,5201448
yqjE_yqjK_yqjD_yqjC_predicted,0.5,1,1,CCCGAAACTCCTCAGTTGGC,0,5241693
yqjE_yqjK_yqjD_yqjC_predicted,0.5,1,1,CCCCTTGTGTGTACACCCGA,0,5175261
yqjE_yqjK_yqjD_yqjC_predicted,0.5,1,1,CCCCTCTCTACACCTGGAGG,0,5215625
yqjE_yqjK_yqjD_yqjC_predicted,0.5,1,1,CCCCGTGCCACACCAGGGTC,0,5187045
yqjE_yqjK_yqjD_yqjC_predicted,0.5,1,1,CCCCGGGGTACATCGTCCCA,0,5231672
yqjE_yqjK_yqjD_yqjC_predicted,0.5,1,1,CCCCGGCCCAGATTTCTTGC,0,5247920
yqjE_yqjK_yqjD_yqjC_predicted,0.5,1,1,CCCCGCTGAGTTCTGGTATG,0,5222861
yqjE_yqjK_yqjD_yqjC_predicted,0.5,1,1,CCCCGAGCGACACGGGGGAG,0,5176946
yqjE_yqjK_yqjD_yqjC_predicted,0.5,1,1,CCCCCTCTAGACTAGCCACG,0,5199372
yqjE_yqjK_yqjD_yqjC_predicted,0.5,1,1,CCCCCATATCTCCCAATGCC,0,5174149
yqjE_yqjK_yqjD_yqjC_predicted,0.5,1,1,CCCATTGTTGGTGTATGTTG,0,5204079
yqjE_yqjK_yqjD_yqjC_predicted,0.5,1,1,CCCATTATTTTTGCTAAATT,0,5200260
yqjE_yqjK_yqjD_yqjC_predicted,0.5,1,1,CCCATGTAGAATGCTCTCGT,0,5240091
yqjE_yqjK_yqjD_yqjC_predicted,0.5,1,1,CCCATCCTGACCGCCTGAGC,0,5261355
yqjE_yqjK_yqjD_yqjC_predicted,0.5,1,1,CCCAGCCTCTAAGTGCTGCA,0,5206858
yqjE_yqjK_yqjD_yqjC_predicted,0.5,1,1,CCCACTGGCGGAATAGTTAG,0,5259146
yqjE_yqjK_yqjD_yqjC_predicted,0.5,1,1,CCCACCGTCGAGTATAATAA,0,5185129
yqjE_yqjK_yqjD_yqjC_predicted,0.5,1,1,CCCAAGTTTGTTTTCAAGCG,0,5171349
yqjE_yqjK_yqjD_yqjC_predicted,0.5,1,1,CCCAAGCTTGGAGGTATAAT,0,5260256
yqjE_yqjK_yqjD_yqjC_predicted,0.5,1,1,CCCAAATTATCGGTATCATT,0,5227382
yqjE_yqjK_yqjD_yqjC_predicted,0.5,1,1,CCATTGGGAGGGTTACAAAG,0,5261466
yqjE_yqjK_yqjD_yqjC_predicted,0.5,1,1,CCATTCTTTAACGGTTGGGG,0,5212049
yqjE_yqjK_yqjD_yqjC_predicted,0.5,1,1,CCATGTATGATAACTTGAAC,0,5200765
yqjE_yqjK_yqjD_yqjC_predicted,0.5,1,1,CCATGGCGGCGGTACGCCCG,0,5217164
yqjE_yqjK_yqjD_yqjC_predicted,0.5,1,1,CCATGGCGGCGGATGTAAAG,0,5251162
yqjE_yqjK_yqjD_yqjC_predicted,0.5,1,1,CCATGAATTCTGACCCGTGA,0,5173306
yqjE_yqjK_yqjD_yqjC_predicted,0.5,1,1,CCATCTGGTTTTGCGCCTTC,0,5183119
yqjE_yqjK_yqjD_yqjC_predicted,0.5,1,1,CCATCGGGGCTGTGACTTGC,0,5195972
yqjE_yqjK_yqjD_yqjC_predicted,0.5,1,1,CCATATTGGAGTGCGTCCAG,0,5243735
yqjE_yqjK_yqjD_yqjC_predicted,0.5,1,1,CCAGTTTGCCTACCGTAGAA,0,5183056
yqjE_yqjK_yqjD_yqjC_predicted,0.5,1,1,CCAGTTCGTTGGAGCCACAA,0,5213887
yqjE_yqjK_yqjD_yqjC_predicted,0.5,1,1,CCAGGTACCGCCGCCCATGT,0,5189165
yqjE_yqjK_yqjD_yqjC_predicted,0.5,1,1,CCAGGCTCCCAGAACCGGCC,0,5200435
yqjE_yqjK_yqjD_yqjC_predicted,0.5,1,1,CCAGCGTGTTCCTCGCCGGC,0,5218722
yqjE_yqjK_yqjD_yqjC_predicted,0.5,1,1,CCAGCGCCGCTTTTACGAGT,0,5206589
yqjE_yqjK_yqjD_yqjC_predicted,0.5,1,1,CCAGCATATCGCCTTTTCGG,0,5242505
yqjE_yqjK_yqjD_yqjC_predicted,0.5,1,1,CCAGATGCTAGATGACTTGA,0,5244733
yqjE_yqjK_yqjD_yqjC_predicted,0.5,1,1,CCAGAGCTCTTCTGGGTAGT,0,5219178
yqjE_yqjK_yqjD_yqjC_predicted,0.5,1,1,CCAGAGAGCGAAAAGGATCA,0,5195434
yqjE_yqjK_yqjD_yqjC_predicted,0.5,1,1,CCAGAAGGCATTTCACCCTG,0,5211795
yqjE_yqjK_yqjD_yqjC_predicted,0.5,1,1,CCAGAAGCCGAGGTCAGTTG,0,5176160
yqjE_yqjK_yqjD_yqjC_predicted,0.5,1,1,CCAGAACTCAACGACTAGCA,0,5249200
yqjE_yqjK_yqjD_yqjC_predicted,0.5,1,1,CCACTTTCCTTCCATCCTTC,0,5261245
yqjE_yqjK_yqjD_yqjC_predicted,0.5,1,1,CCACTTGGGACCCACGAATG,0,5253231
yqjE_yqjK_yqjD_yqjC_predicted,0.5,1,1,CCACTTAGATTGAGCCTCGA,0,5187604
yqjE_yqjK_yqjD_yqjC_predicted,0.5,1,1,CCACTCGGTCCCGAACTGTT,0,5217093
yqjE_yqjK_yqjD_yqjC_predicted,0.5,1,1,CCACTCGAAACTGGCGTTAT,0,5206181
yqjE_yqjK_yqjD_yqjC_predicted,0.5,1,1,CCACGTGATACGCCTTCGTC,0,5214440
yqjE_yqjK_yqjD_yqjC_predicted,0.5,1,1,CCACGTCTAGATCGGATCCA,0,5223280
yqjE_yqjK_yqjD_yqjC_predicted,0.5,1,1,CCACGCCTTCACGCACTGAA,0,5239401
yqjE_yqjK_yqjD_yqjC_predicted,0.5,1,1,CCACGATCAGATGAGAGACA,0,5242132
yqjE_yqjK_yqjD_yqjC_predicted,0.5,1,1,CCACCGCCGTTGGCCCTGAT,0,5226468
yqjE_yqjK_yqjD_yqjC_predicted,0.5,1,1,CCACCCAGTTCCGCAAGGAC,0,5176835
yqjE_yqjK_yqjD_yqjC_predicted,0.5,1,1,CCACCAAATTTGGCGGAAAG,0,5191018
yqjE_yqjK_yqjD_yqjC_predicted,0.5,1,1,CCACATCAGCTTAGAAAGGT,0,5229275
yqjE_yqjK_yqjD_yqjC_predicted,0.5,1,1,CCAATTCAAGTAACGGGAGA,0,5243197
yqjE_yqjK_yqjD_yqjC_predicted,0.5,1,1,CCAAGGTGCGTTCATCAAAC,0,5209342
yqjE_yqjK_yqjD_yqjC_predicted,0.5,1,1,CCAAGGGGGGATCCTGAAGA,0,5183013
yqjE_yqjK_yqjD_yqjC_predicted,0.5,1,1,CCAAGCTGCCACGCTGCTCG,0,5205410
yqjE_yqjK_yqjD_yqjC_predicted,0.5,1,1,CCAACTGCGTTGGTGTCACT,0,5198974
yqjE_yqjK_yqjD_yqjC_predicted,0.5,1,1,CCAACGGCCGCGCCCGAGTT,0,5174257
yqjE_yqjK_yqjD_yqjC_predicted,0.5,1,1,CCAACCTTTAGGCTTGTGGT,0,5257714
yqjE_yqjK_yqjD_yqjC_predicted,0.5,1,1,CCAACCCACTGATTGTATCA,0,5206311
yqjE_yqjK_yqjD_yqjC_predicted,0.5,1,1,CCAACCACCCATTAGGTCTC,0,5230896
yqjE_yqjK_yqjD_yqjC_predicted,0.5,1,1,CATTTGACACGTGTCACGTC,0,5218346
yqjE_yqjK_yqjD_yqjC_predicted,0.5,1,1,CATTTCTTACGTCCGTAGAT,0,5221034
yqjE_yqjK_yqjD_yqjC_predicted,0.5,1,1,CATTGTATTCAGTACGTAAC,0,5188203
yqjE_yqjK_yqjD_yqjC_predicted,0.5,1,1,CATTGCTTTAAACGTAATAG,0,5184321
yqjE_yqjK_yqjD_yqjC_predicted,0.5,1,1,CATTGCTAATGCGCACAGTT,0,5181614
yqjE_yqjK_yqjD_yqjC_predicted,0.5,1,1,CATTGAGACACTCACGAGGG,0,5238296
yqjE_yqjK_yqjD_yqjC_predicted,0.5,1,1,CATTCTATAGTAGATAGCTA,0,5258680
yqjE_yqjK_yqjD_yqjC_predicted,0.5,1,1,CATTCGGGGTCCGCTCGGTA,0,5245081
yqjE_yqjK_yqjD_yqjC_predicted,0.5,1,1,CATTCGGGCCTTCGGAGAAG,0,5242336
yqjE_yqjK_yqjD_yqjC_predicted,0.5,1,1,CATTAGTCACCTCGGCAGTC,0,5254877
yqjE_yqjK_yqjD_yqjC_predicted,0.5,1,1,CATTACCGTACCGAGATACT,0,5194262
yqjE_yqjK_yqjD_yqjC_predicted,0.5,1,1,CATTACACTGTACAACTTAA,0,5223765
yqjE_yqjK_yqjD_yqjC_predicted,0.5,1,1,CATTAAGTCGAGCGCTCCCG,0,5221461
yqjE_yqjK_yqjD_yqjC_predicted,0.5,1,1,CATGTTGTCATTCGTTTACA,0,5186216
yqjE_yqjK_yqjD_yqjC_predicted,0.5,1,1,CATGTACACGAGAACGGTGA,0,5217429
yqjE_yqjK_yqjD_yqjC_predicted,0.5,1,1,CATGGGCAGGTGCGTTACCG,0,5199213
yqjE_yqjK_yqjD_yqjC_predicted,0.5,1,1,CATGCTCCGTGACTTAACCA,0,5203995
yqjE_yqjK_yqjD_yqjC_predicted,0.5,1,1,CATGCCTTAACACTCGAGGG,0,5225682
yqjE_yqjK_yqjD_yqjC_predicted,0.5,1,1,CATGCCTCCGCGTAGATTGG,0,5218006
yqjE_yqjK_yqjD_yqjC_predicted,0.5,1,1,CATGATATACCGCAGCCTAG,0,5219119
yqjE_yqjK_yqjD_yqjC_predicted,0.5,1,1,CATGAGTGCCAGCTACTCGG,0,5182665
yqjE_yqjK_yqjD_yqjC_predicted,0.5,1,1,CATGACGTTAAGGATCGAGG,0,5234690
yqjE_yqjK_yqjD_yqjC_predicted,0.5,1,1,CATGACATATGGTCTCCCAC,0,5200520
yqjE_yqjK_yqjD_yqjC_predicted,0.5,1,1,CATCTTCCCTTGTTTTTAGA,0,5256784
yqjE_yqjK_yqjD_yqjC_predicted,0.5,1,1,CATCTGGGGACCGGTATGAT,0,5216782
yqjE_yqjK_yqjD_yqjC_predicted,0.5,1,1,CATCTGAGTTAGAAACAAAT,0,5209571
yqjE_yqjK_yqjD_yqjC_predicted,0.5,1,1,CATCTCCGCTTGATAGAGAT,0,5223637
yqjE_yqjK_yqjD_yqjC_predicted,0.5,1,1,CATCGTTAAGCAGATAGCTC,0,5216261
yqjE_yqjK_yqjD_yqjC_predicted,0.5,1,1,CATCGTCGTGCGCGTAATTT,0,5185124
yqjE_yqjK_yqjD_yqjC_predicted,0.5,1,1,CATCGTCCTCAGGTTTTCAC,0,5242564
yqjE_yqjK_yqjD_yqjC_predicted,0.5,1,1,CATCGATATTGACGTCCATT,0,5207727
yqjE_yqjK_yqjD_yqjC_predicted,0.5,1,1,CATCCGGGTAACCCTACGGT,0,5172515
yqjE_yqjK_yqjD_yqjC_predicted,0.5,1,1,CATCCGACATCAAGTTTACT,0,5187055
yqjE_yqjK_yqjD_yqjC_predicted,0.5,1,1,CATCCCGTGTTTTGTGCGGG,0,5236151
yqjE_yqjK_yqjD_yqjC_predicted,0.5,1,1,CATCATCGAAAGACGCCCTG,0,5252209
yqjE_yqjK_yqjD_yqjC_predicted,0.5,1,1,CATCACTAATCACGACCGTA,0,5205370
yqjE_yqjK_yqjD_yqjC_predicted,0.5,1,1,CATATATAGGAACGAGGGTC,0,5258958
yqjE_yqjK_yqjD_yqjC_predicted,0.5,1,1,CATATAAAGTCCACCGTTTC,0,5174418
yqjE_yqjK_yqjD_yqjC_predicted,0.5,1,1,CATAGTAATGATTAGATACG,0,5197506
yqjE_yqjK_yqjD_yqjC_predicted,0.5,1,1,CATAGGCGTTTGTTTTCCAG,0,5215838
yqjE_yqjK_yqjD_yqjC_predicted,0.5,1,1,CATAGGACACAGTTGCTCTA,0,5180906
yqjE_yqjK_yqjD_yqjC_predicted,0.5,1,1,CATAGCAAAGGTGCCTGTCT,0,5188807
yqjE_yqjK_yqjD_yqjC_predicted,0.5,1,1,CATAGAGCTGAGACACGCCA,0,5201588
yqjE_yqjK_yqjD_yqjC_predicted,0.5,1,1,CATACGCTCCGTCACGATTC,0,5195872
yqjE_yqjK_yqjD_yqjC_predicted,0.5,1,1,CATACCTACTAAGGTTTAAG,0,5191163
yqjE_yqjK_yqjD_yqjC_predicted,0.5,1,1,CATACAGCAGGACTGACCAC,0,5238149
yqjE_yqjK_yqjD_yqjC_predicted,0.5,1,1,CATAAGAATCCAGTCTTTGT,0,5257449
yqjE_yqjK_yqjD_yqjC_predicted,0.5,1,1,CATAACGAGTAATTACTACT,0,5259867
yqjE_yqjK_yqjD_yqjC_predicted,0.5,1,1,CATAACAAACTTTTAAGAAT,0,5239115
yqjE_yqjK_yqjD_yqjC_predicted,0.5,1,1,CATAAACCAACCTGTACTGG,0,5195867
yqjE_yqjK_yqjD_yqjC_predicted,0.5,1,1,CAGTTTCCCATGCGCTGAGC,0,5239936
yqjE_yqjK_yqjD_yqjC_predicted,0.5,1,1,CAGTTGGCAAACCAAAGGCT,0,5187717
yqjE_yqjK_yqjD_yqjC_predicted,0.5,1,1,CAGTTGACATCGGACAGGTG,0,5225612
yqjE_yqjK_yqjD_yqjC_predicted,0.5,1,1,CAGTGTCGGCGGACGTGACG,0,5225021
yqjE_yqjK_yqjD_yqjC_predicted,0.5,1,1,CAGTGTCCGATTCACGCTTC,0,5221638
yqjE_yqjK_yqjD_yqjC_predicted,0.5,1,1,CAGTGGCGGGAGGCCGCGAG,0,5244753
yqjE_yqjK_yqjD_yqjC_predicted,0.5,1,1,CAGTGATGTCCAAAGGAGCC,0,5206587
yqjE_yqjK_yqjD_yqjC_predicted,0.5,1,1,CAGTGAGTACGTCCCACCGA,0,5203198
yqjE_yqjK_yqjD_yqjC_predicted,0.5,1,1,CAGTCTGGCGTCTGAGGCTC,0,5252888
yqjE_yqjK_yqjD_yqjC_predicted,0.5,1,1,CAGTCTCTCTCAATTGGGTT,0,5249367
yqjE_yqjK_yqjD_yqjC_predicted,0.5,1,1,CAGTCTAACAGATGAGAACA,0,5204688
yqjE_yqjK_yqjD_yqjC_predicted,0.5,1,1,CAGTCGGTGGCCCGCGGTGG,0,5237275
yqjE_yqjK_yqjD_yqjC_predicted,0.5,1,1,CAGTCACAGGCATATTAGGC,0,5183820
yqjE_yqjK_yqjD_yqjC_predicted,0.5,1,1,CAGTATGCCTTCCTTATCGC,0,5260895
yqjE_yqjK_yqjD_yqjC_predicted,0.5,1,1,CAGTAGTGAAATAAGACATA,0,5177262
yqjE_yqjK_yqjD_yqjC_predicted,0.5,1,1,CAGTAGGATTTATACACCGC,0,5260667
yqjE_yqjK_yqjD_yqjC_predicted,0.5,1,1,CAGTAGCCCCTCATGGCACG,0,5175495
yqjE_yqjK_yqjD_yqjC_predicted,0.5,1,1,CAGTACTGTATTTTATTGAG,0,5224320
yqjE_yqjK_yqjD_yqjC_predicted,0.5,1,1,CAGTACGTTTTCCACACATC,0,5241754
yqjE_yqjK_yqjD_yqjC_predicted,0.5,1,1,CAGGTTTAAACAAACTGTCT,0,5182356
yqjE_yqjK_yqjD_yqjC_predicted,0.5,1,1,CAGGTGAGAGCAAATTCCCA,0,5236926
yqjE_yqjK_yqjD_yqjC_predicted,0.5,1,1,CAGGGTATTTACCGGAGATG,0,5222599
yqjE_yqjK_yqjD_yqjC_predicted,0.5,1,1,CAGGGCACAAGTGTCCCGCA,0,5240911
yqjE_yqjK_yqjD_yqjC_predicted,0.5,1,1,CAGGGAGCATAAACGGGTGG,0,5232063
yqjE_yqjK_yqjD_yqjC_predicted,0.5,1,1,CAGGCCTCAGACAGATCTTA,0,5258265
yqjE_yqjK_yqjD_yqjC_predicted,0.5,1,1,CAGGCAGAGAATGTAACTGG,0,5224513
yqjE_yqjK_yqjD_yqjC_predicted,0.5,1,1,CAGGAGATTCGGATAAGTCG,0,5214468
yqjE_yqjK_yqjD_yqjC_predicted,0.5,1,1,CAGGACACCCATCAAAATCT,0,5242522
yqjE_yqjK_yqjD_yqjC_predicted,0.5,1,1,CAGCTGTAGTCTAGAAATGC,0,5227691
yqjE_yqjK_yqjD_yqjC_predicted,0.5,1,1,CAGCGTTTGCCAGCATTTAC,0,5176626
yqjE_yqjK_yqjD_yqjC_predicted,0.5,1,1,CAGCGTACGTTTCTAAAATC,0,5197766
yqjE_yqjK_yqjD_yqjC_predicted,0.5,1,1,CAGCGCTTTTGCTATTCGAG,0,5235447
yqjE_yqjK_yqjD_yqjC_predicted,0.5,1,1,CAGCGCTCGTGGACACCCCC,0,5210712
yqjE_yqjK_yqjD_yqjC_predicted,0.5,1,1,CAGCGCAATAGACGCCAGGG,0,5181262
yqjE_yqjK_yqjD_yqjC_predicted,0.5,1,1,CAGCCGTATCTTCCTTTCAC,0,5241269
yqjE_yqjK_yqjD_yqjC_predicted,0.5,1,1,CAGCCGGGTTCTTTCCTCCT,0,5252853
yqjE_yqjK_yqjD_yqjC_predicted,0.5,1,1,CAGCCGGCATAGGCGAACTT,0,5199120
yqjE_yqjK_yqjD_yqjC_predicted,0.5,1,1,CAGCCGCTGTCGTAAGGCGA,0,5181282
yqjE_yqjK_yqjD_yqjC_predicted,0.5,1,1,CAGCCCGCCTTGGAAACTCA,0,5257633
yqjE_yqjK_yqjD_yqjC_predicted,0.5,1,1,CAGCCAATGATCTACCGCCC,0,5250831
yqjE_yqjK_yqjD_yqjC_predicted,0.5,1,1,CAGATTGAAGCGTACATAAT,0,5204333
yqjE_yqjK_yqjD_yqjC_predicted,0.5,1,1,CAGATCTGACGACCAAAGGT,0,5255130
yqjE_yqjK_yqjD_yqjC_predicted,0.5,1,1,CAGATACGGCGGCCCTGCAG,0,5184041
yqjE_yqjK_yqjD_yqjC_predicted,0.5,1,1,CAGAGGGAAAGTCCGATTGC,0,5235980
yqjE_yqjK_yqjD_yqjC_predicted,0.5,1,1,CAGAGCTGTACCTCTGCGGT,0,5237587
yqjE_yqjK_yqjD_yqjC_predicted,0.5,1,1,CAGACTTGGACTCGAAGGTT,0,5171833
yqjE_yqjK_yqjD_yqjC_predicted,0.5,1,1,CAGACGCCGGTGCCTTCGCC,0,5239128
yqjE_yqjK_yqjD_yqjC_predicted,0.5,1,1,CAGACCAGTCAATGTAGAGA,0,5202472
yqjE_yqjK_yqjD_yqjC_predicted,0.5,1,1,CAGAAACACTCGCAGACCTA,0,5258623
yqjE_yqjK_yqjD_yqjC_predicted,0.5,1,1,CACTTGGTCCACGAGGTACT,0,5254367
yqjE_yqjK_yqjD_yqjC_predicted,0.5,1,1,CACTTGGACGTCACGGTATC,0,5229075
yqjE_yqjK_yqjD_yqjC_predicted,0.5,1,1,CACTTCCGGAGAGGAGTTGC,0,5190626
yqjE_yqjK_yqjD_yqjC_predicted,0.5,1,1,CACTGTTGGCCCAAACATCG,0,5252837
yqjE_yqjK_yqjD_yqjC_predicted,0.5,1,1,CACTGGTTTTTCTAGCAATC,0,5190635
yqjE_yqjK_yqjD_yqjC_predicted,0.5,1,1,CACTGCGTGACAACCGATGT,0,5202466
yqjE_yqjK_yqjD_yqjC_predicted,0.5,1,1,CACTGCACCTACCATGTTAG,0,5227984
yqjE_yqjK_yqjD_yqjC_predicted,0.5,1,1,CACTCGTTCACTATATTCGG,0,5228785
yqjE_yqjK_yqjD_yqjC_predicted,0.5,1,1,CACTCGTTCACAGCAAGCAT,0,5180981
yqjE_yqjK_yqjD_yqjC_predicted,0.5,1,1,CACTCCGCACTTGAGGAGTT,0,5226746
yqjE_yqjK_yqjD_yqjC_predicted,0.5,1,1,CACTCAAGCGAAATCCGCAT,0,5184942
yqjE_yqjK_yqjD_yqjC_predicted,0.5,1,1,CACTATAGTTTTAATGGGGC,0,5209966
yqjE_yqjK_yqjD_yqjC_predicted,0.5,1,1,CACTACGGAGACCCCAATTA,0,5207151
yqjE_yqjK_yqjD_yqjC_predicted,0.5,1,1,CACTAAATGCGGACTTTCTA,0,5213711
yqjE_yqjK_yqjD_yqjC_predicted,0.5,1,1,CACGTTTGCGAGGCAGAAGA,0,5204439
yqjE_yqjK_yqjD_yqjC_predicted,0.5,1,1,CACGTCTTACCATGACAAAT,0,5197604
yqjE_yqjK_yqjD_yqjC_predicted,0.5,1,1,CACGGTCCTTGTGGACTCAA,0,5223098
yqjE_yqjK_yqjD_yqjC_predicted,0.5,1,1,CACGGGTTGTGTTCCCATGC,0,5179048
yqjE_yqjK_yqjD_yqjC_predicted,0.5,1,1,CACGGCTTGTGCAGACGCCA,0,5180849
yqjE_yqjK_yqjD_yqjC_predicted,0.5,1,1,CACGGCTGAATGCTGGGTGG,0,5218570
yqjE_yqjK_yqjD_yqjC_predicted,0.5,1,1,CACGGCAAGTGCTGGAGTGA,0,5244855
yqjE_yqjK_yqjD_yqjC_predicted,0.5,1,1,CACGCTGTGGTTCTCTCATA,0,5190115
yqjE_yqjK_yqjD_yqjC_predicted,0.5,1,1,CACGCTCTGGGGTTACCAAG,0,5194808
yqjE_yqjK_yqjD_yqjC_predicted,0.5,1,1,CACGCGAGTAAACCCGAGAC,0,5216907
yqjE_yqjK_yqjD_yqjC_predicted,0.5,1,1,CACGACTCGGGCGCTTCAAC,0,5172148
yqjE_yqjK_yqjD_yqjC_predicted,0.5,1,1,CACCTTTTTCGGACACATAC,0,5200955
yqjE_yqjK_yqjD_yqjC_predicted,0.5,1,1,CACCTTGCAGAGAACAACGG,0,5239755
yqjE_yqjK_yqjD_yqjC_predicted,0.5,1,1,CACCTCTACCATGGTGTCCT,0,5218824
yqjE_yqjK_yqjD_yqjC_predicted,0.5,1,1,CACCTCTAATTAACGGTAAA,0,5257785
yqjE_yqjK_yqjD_yqjC_predicted,0.5,1,1,CACCTCCTCAGGGCCTGGGT,0,5210854
yqjE_yqjK_yqjD_yqjC_predicted,0.5,1,1,CACCGGGCTCACTCACCCTG,0,5219158
yqjE_yqjK_yqjD_yqjC_predicted,0.5,1,1,CACCCTGAGGCTTCGGACCA,0,5200429
yqjE_yqjK_yqjD_yqjC_predicted,0.5,1,1,CACCCTAGGAGAGGTCAACA,0,5229900
yqjE_yqjK_yqjD_yqjC_predicted,0.5,1,1,CACCCGCTCGGTATGGACCC,0,5181763
yqjE_yqjK_yqjD_yqjC_predicted,0.5,1,1,CACCCATATACCACCTCCAA,0,5225069
yqjE_yqjK_yqjD_yqjC_predicted,0.5,1,1,CACCATGAATCCAGACTGAA,0,5239305
yqjE_yqjK_yqjD_yqjC_predicted,0.5,1,1,CACCATCTGCTGTATGGCTT,0,5199946
yqjE_yqjK_yqjD_yqjC_predicted,0.5,1,1,CACCACTTAAAGAGGCCGAT,0,5205731
yqjE_yqjK_yqjD_yqjC_predicted,0.5,1,1,CACCACGCAACAGGGATAAG,0,5243153
yqjE_yqjK_yqjD_yqjC_predicted,0.5,1,1,CACATAGCGATGATTTATAA,0,5185557
yqjE_yqjK_yqjD_yqjC_predicted,0.5,1,1,CACAGTGGTTATTCAACATA,0,5258736
yqjE_yqjK_yqjD_yqjC_predicted,0.5,1,1,CACAGCTCCCACCAATAGGA,0,5188362
yqjE_yqjK_yqjD_yqjC_predicted,0.5,1,1,CACAGCTAATCTCAAGTCCA,0,5225202
yqjE_yqjK_yqjD_yqjC_predicted,0.5,1,1,CACAGACGGCCGGGCTACGT,0,5245335
yqjE_yqjK_yqjD_yqjC_predicted,0.5,1,1,CACACTTCCATCTAACTTGG,0,5223476
yqjE_yqjK_yqjD_yqjC_predicted,0.5,1,1,CACACTGAGCAGTTTACTTC,0,5230012
yqjE_yqjK_yqjD_yqjC_predicted,0.5,1,1,CACACTCGTATGTCAATAGA,0,5207805
yqjE_yqjK_yqjD_yqjC_predicted,0.5,1,1,CACACGAGGTTTGGGGCAAG,0,5243795
yqjE_yqjK_yqjD_yqjC_predicted,0.5,1,1,CACACAGGCGTTACTTACGT,0,5201096
yqjE_yqjK_yqjD_yqjC_predicted,0.5,1,1,CACAATCTATGCCCCGAATT,0,5217656
yqjE_yqjK_yqjD_yqjC_predicted,0.5,1,1,CACAATCCATGGAGAATAAA,0,5189017
yqjE_yqjK_yqjD_yqjC_predicted,0.5,1,1,CACAAGTTTAATAGCCGATA,0,5239055
yqjE_yqjK_yqjD_yqjC_predicted,0.5,1,1,CACAAATGACCCTTTCGATG,0,5247495
yqjE_yqjK_yqjD_yqjC_predicted,0.5,1,1,CAATTTAGAACCGTCCAAAA,0,5176152
yqjE_yqjK_yqjD_yqjC_predicted,0.5,1,1,CAATTCTTACGAGTTGAGGT,0,5206323
yqjE_yqjK_yqjD_yqjC_predicted,0.5,1,1,CAATTCTGGCTTTTTGGGAT,0,5221586
yqjE_yqjK_yqjD_yqjC_predicted,0.5,1,1,CAATTCAGGCTCGTGTTTTA,0,5236022
yqjE_yqjK_yqjD_yqjC_predicted,0.5,1,1,CAATGTGGCCACCCAGGATA,0,5222218
yqjE_yqjK_yqjD_yqjC_predicted,0.5,1,1,CAATGTGCGCCAAGACCCCC,0,5186167
yqjE_yqjK_yqjD_yqjC_predicted,0.5,1,1,CAATGTAGGCGGCGGTGGTA,0,5204598
yqjE_yqjK_yqjD_yqjC_predicted,0.5,1,1,CAATGGGATCTTGACAACAT,0,5177520
yqjE_yqjK_yqjD_yqjC_predicted,0.5,1,1,CAATGCGGTCTCCACCAAAG,0,5236058
yqjE_yqjK_yqjD_yqjC_predicted,0.5,1,1,CAATGACGCAGTCCTCTAGT,0,5234209
yqjE_yqjK_yqjD_yqjC_predicted,0.5,1,1,CAATAATTCATAAGTACTCG,0,5196080
yqjE_yqjK_yqjD_yqjC_predicted,0.5,1,1,CAATAAGAATCAAGCAGGCA,0,5174075
yqjE_yqjK_yqjD_yqjC_predicted,0.5,1,1,CAATAACATTTCATTCATCG,0,5178279
yqjE_yqjK_yqjD_yqjC_predicted,0.5,1,1,CAATAAAGTGGCTTGCAAAT,0,5223134
yqjE_yqjK_yqjD_yqjC_predicted,0.5,1,1,CAAGTGCCACTCTCATCCTT,0,5209232
yqjE_yqjK_yqjD_yqjC_predicted,0.5,1,1,CAAGGGTTAGTGTATTTTGC,0,5177502
yqjE_yqjK_yqjD_yqjC_predicted,0.5,1,1,CAAGGGGTTACCGCCAACTA,0,5227597
yqjE_yqjK_yqjD_yqjC_predicted,0.5,1,1,CAAGGCTGGTCGGCTGCACC,0,5173157
yqjE_yqjK_yqjD_yqjC_predicted,0.5,1,1,CAAGGCGCACTTCCGGGGAC,0,5199084
yqjE_yqjK_yqjD_yqjC_predicted,0.5,1,1,CAAGGCCTCTCGGATGAGCT,0,5201718
yqjE_yqjK_yqjD_yqjC_predicted,0.5,1,1,CAAGGACATAGGACCAGTTG,0,5231643
yqjE_yqjK_yqjD_yqjC_predicted,0.5,1,1,CAAGCTCGGGGTGTCCTGTT,0,5256584
yqjE_yqjK_yqjD_yqjC_predicted,0.5,1,1,CAAGAGACGCATGCATTGTC,0,5170891
yqjE_yqjK_yqjD_yqjC_predicted,0.5,1,1,CAAGACCATATAGCTCACGT,0,5258584
yqjE_yqjK_yqjD_yqjC_predicted,0.5,1,1,CAACTGGATTTCTACGACGG,0,5179826
yqjE_yqjK_yqjD_yqjC_predicted,0.5,1,1,CAACTGCCCTACAGGGGTCA,0,5262375
yqjE_yqjK_yqjD_yqjC_predicted,0.5,1,1,CAACGTTACGGTACGTATCC,0,5251751
yqjE_yqjK_yqjD_yqjC_predicted,0.5,1,1,CAACGTCTCTGCGGGCAGCT,0,5207983
yqjE_yqjK_yqjD_yqjC_predicted,0.5,1,1,CAACGAAACTGGATCCGTAT,0,5188774
yqjE_yqjK_yqjD_yqjC_predicted,0.5,1,1,CAACCTCCTTACTAAGCGTG,0,5237278
yqjE_yqjK_yqjD_yqjC_predicted,0.5,1,1,CAACCGGTATAATGTCTATT,0,5196329
yqjE_yqjK_yqjD_yqjC_predicted,0.5,1,1,CAACAGGCTTCCATAATACC,0,5204623
yqjE_yqjK_yqjD_yqjC_predicted,0.5,1,1,CAACAATAACTTCGGTAACG,0,5260044
yqjE_yqjK_yqjD_yqjC_predicted,0.5,1,1,CAAATTCTGCAAAGTAGTCA,0,5252696
yqjE_yqjK_yqjD_yqjC_predicted,0.5,1,1,CAAATAAGATGGGCCAACCA,0,5211138
yqjE_yqjK_yqjD_yqjC_predicted,0.5,1,1,CAAAGTTTCAATCTTCATGA,0,5175665
yqjE_yqjK_yqjD_yqjC_predicted,0.5,1,1,CAAAGGGTGATCGGATCCCT,0,5256267
yqjE_yqjK_yqjD_yqjC_predicted,0.5,1,1,CAAAGGATAAGACGCTTCAC,0,5223859
yqjE_yqjK_yqjD_yqjC_predicted,0.5,1,1,CAAACTGTATAGTATTTCTA,0,5241938
yqjE_yqjK_yqjD_yqjC_predicted,0.5,1,1,CAAACTCAATACGGGAGGGA,0,5239467
yqjE_yqjK_yqjD_yqjC_predicted,0.5,1,1,CAAACGGATTCTTCTAGGGT,0,5236581
yqjE_yqjK_yqjD_yqjC_predicted,0.5,1,1,CAAACATCACCAATTTCCGA,0,5187624
yqjE_yqjK_yqjD_yqjC_predicted,0.5,1,1,CAAAAGTGCGCATCCGCTCT,0,5223288
yqjE_yqjK_yqjD_yqjC_predicted,0.5,1,1,ATTTTTGTTTAGGGATGTGG,0,5226393
yqjE_yqjK_yqjD_yqjC_predicted,0.5,1,1,ATTTTGGGCGTGAACCTAGA,0,5237804
yqjE_yqjK_yqjD_yqjC_predicted,0.5,1,1,ATTTTGACGTACAAGGGTTA,0,5219648
yqjE_yqjK_yqjD_yqjC_predicted,0.5,1,1,ATTTTCTCGGATCCGGCGCA,0,5191968
yqjE_yqjK_yqjD_yqjC_predicted,0.5,1,1,ATTTTAAATCGTCGTGACCT,0,5232245
yqjE_yqjK_yqjD_yqjC_predicted,0.5,1,1,ATTTGGACAAGACAAGCCGG,0,5176116
yqjE_yqjK_yqjD_yqjC_predicted,0.5,1,1,ATTTGGAAGGTCCTATGTCA,0,5261679
yqjE_yqjK_yqjD_yqjC_predicted,0.5,1,1,ATTTGACGTCCAGGACCATC,0,5235719
yqjE_yqjK_yqjD_yqjC_predicted,0.5,1,1,ATTTGAAATAAATAGAAAAG,0,5200042
yqjE_yqjK_yqjD_yqjC_predicted,0.5,1,1,ATTTCTTGGTGTAGATGCCG,0,5175731
yqjE_yqjK_yqjD_yqjC_predicted,0.5,1,1,ATTTCTAGGTATAATTGAAA,0,5177578
yqjE_yqjK_yqjD_yqjC_predicted,0.5,1,1,ATTTCGGGTCAATTTTCTTG,0,5246256
yqjE_yqjK_yqjD_yqjC_predicted,0.5,1,1,ATTTCAGTGCTTACTGGCTG,0,5254497
yqjE_yqjK_yqjD_yqjC_predicted,0.5,1,1,ATTTCAGATGCCACGTTACA,0,5210335
yqjE_yqjK_yqjD_yqjC_predicted,0.5,1,1,ATTTCACCATACCACAAAGT,0,5256607
yqjE_yqjK_yqjD_yqjC_predicted,0.5,1,1,ATTTAGAATGCGCTGGGAAA,0,5249455
yqjE_yqjK_yqjD_yqjC_predicted,0.5,1,1,ATTGTGATATCCCCACGTCT,0,5193776
yqjE_yqjK_yqjD_yqjC_predicted,0.5,1,1,ATTGTCAGAGACCTAAAGTT,0,5171868
yqjE_yqjK_yqjD_yqjC_predicted,0.5,1,1,ATTGTAGGATGACTATCGAA,0,5238109
yqjE_yqjK_yqjD_yqjC_predicted,0.5,1,1,ATTGTACTAGGCAAGCGCAA,0,5256921
yqjE_yqjK_yqjD_yqjC_predicted,0.5,1,1,ATTGTAAACCTCGGGCTAAC,0,5211469
yqjE_yqjK_yqjD_yqjC_predicted,0.5,1,1,ATTGGTTCTTATTTATCGAG,0,5209599
yqjE_yqjK_yqjD_yqjC_predicted,0.5,1,1,ATTGGATAAACCCTTCTTTT,0,5181830
yqjE_yqjK_yqjD_yqjC_predicted,0.5,1,1,ATTGGAGCATAATAGCGCAC,0,5237338
yqjE_yqjK_yqjD_yqjC_predicted,0.5,1,1,ATTGGAGCAAAACTGAGGGA,0,5211629
yqjE_yqjK_yqjD_yqjC_predicted,0.5,1,1,ATTGCGGGTTGTATTTCTAT,0,5231276
yqjE_yqjK_yqjD_yqjC_predicted,0.5,1,1,ATTGCCGACTCTGCCAGGGC,0,5200123
yqjE_yqjK_yqjD_yqjC_predicted,0.5,1,1,ATTGCAGTCAAGAGGGCAAA,0,5208177
yqjE_yqjK_yqjD_yqjC_predicted,0.5,1,1,ATTGAGGATACCCAGGATAA,0,5212897
yqjE_yqjK_yqjD_yqjC_predicted,0.5,1,1,ATTGAGCTAGGGGGACTCGA,0,5245836
yqjE_yqjK_yqjD_yqjC_predicted,0.5,1,1,ATTGAGCGTCTATCAGTCGG,0,5231285
yqjE_yqjK_yqjD_yqjC_predicted,0.5,1,1,ATTGAAGCTCATCTCGATTA,0,5260092
yqjE_yqjK_yqjD_yqjC_predicted,0.5,1,1,ATTGAACTTGGAAGAGTTTT,0,5178234
yqjE_yqjK_yqjD_yqjC_predicted,0.5,1,1,ATTCTTAATTGGTGGACGCA,0,5249528
yqjE_yqjK_yqjD_yqjC_predicted,0.5,1,1,ATTCTGGTCCTTAGGGTGTA,0,5223252
yqjE_yqjK_yqjD_yqjC_predicted,0.5,1,1,ATTCTCGCTGGTGTGAACGA,0,5197972
yqjE_yqjK_yqjD_yqjC_predicted,0.5,1,1,ATTCGCGTTCTTAAAGTCTT,0,5224975
yqjE_yqjK_yqjD_yqjC_predicted,0.5,1,1,ATTCGCATGCGGGCGTACAT,0,5248608
yqjE_yqjK_yqjD_yqjC_predicted,0.5,1,1,ATTCCTGGACAGACAACTGA,0,5229784
yqjE_yqjK_yqjD_yqjC_predicted,0.5,1,1,ATTCCGTGATGTGACACTAG,0,5224351
yqjE_yqjK_yqjD_yqjC_predicted,0.5,1,1,ATTCCAGCAACTCCAAGCGT,0,5211169
yqjE_yqjK_yqjD_yqjC_predicted,0.5,1,1,ATTCCAGACGTAAATGTTCG,0,5225799
yqjE_yqjK_yqjD_yqjC_predicted,0.5,1,1,ATTCATTGACTACAAACTTC,0,5182369
yqjE_yqjK_yqjD_yqjC_predicted,0.5,1,1,ATTCATGAGGGCATCTGGAC,0,5243678
yqjE_yqjK_yqjD_yqjC_predicted,0.5,1,1,ATTCAAAATAGTAACGGCTA,0,5202734
yqjE_yqjK_yqjD_yqjC_predicted,0.5,1,1,ATTATTTTACCGAGACCGGA,0,5258468
yqjE_yqjK_yqjD_yqjC_predicted,0.5,1,1,ATTATGGGGACATGGGATAC,0,5231273
yqjE_yqjK_yqjD_yqjC_predicted,0.5,1,1,ATTATCTTATTTAGCACTTT,0,5172366
yqjE_yqjK_yqjD_yqjC_predicted,0.5,1,1,ATTATACACAAAGGCGGGTT,0,5184464
yqjE_yqjK_yqjD_yqjC_predicted,0.5,1,1,ATTAGTTAAGGGTATGTTTG,0,5179607
yqjE_yqjK_yqjD_yqjC_predicted,0.5,1,1,ATTAGGGGAATGTAAGGGTT,0,5177343
yqjE_yqjK_yqjD_yqjC_predicted,0.5,1,1,ATTAGCGAAGCGGGTATTAA,0,5229398
yqjE_yqjK_yqjD_yqjC_predicted,0.5,1,1,ATTAGAACTTACGAGTTCTC,0,5231738
yqjE_yqjK_yqjD_yqjC_predicted,0.5,1,1,ATTACTCAGAAGGTTACGTC,0,5196653
yqjE_yqjK_yqjD_yqjC_predicted,0.5,1,1,ATTACGTGGGTTCCTGGACG,0,5193260
yqjE_yqjK_yqjD_yqjC_predicted,0.5,1,1,ATTACGAGCAGCAACAGTAG,0,5254543
yqjE_yqjK_yqjD_yqjC_predicted,0.5,1,1,ATTACGAAATTAGCATTTTG,0,5240633
yqjE_yqjK_yqjD_yqjC_predicted,0.5,1,1,ATTACACATTATCATAGGGT,0,5189490
yqjE_yqjK_yqjD_yqjC_predicted,0.5,1,1,ATTAATGTGTAGTTCCGTTG,0,5186298
yqjE_yqjK_yqjD_yqjC_predicted,0.5,1,1,ATTAAGGCGGGTCGAGCCCG,0,5259745
yqjE_yqjK_yqjD_yqjC_predicted,0.5,1,1,ATTAACTAATATGACGGCGC,0,5228101
yqjE_yqjK_yqjD_yqjC_predicted,0.5,1,1,ATGTTTGGCTAAATCACCGG,0,5207729
yqjE_yqjK_yqjD_yqjC_predicted,0.5,1,1,ATGTTGGTATTTTTTTAGTT,0,5243180
yqjE_yqjK_yqjD_yqjC_predicted,0.5,1,1,ATGTTGGCTTTGGTCCATCC,0,5222112
yqjE_yqjK_yqjD_yqjC_predicted,0.5,1,1,ATGTTCCCGAGTTACCACGC,0,5213235
yqjE_yqjK_yqjD_yqjC_predicted,0.5,1,1,ATGTTAGCAAGGTGACACTT,0,5193013
yqjE_yqjK_yqjD_yqjC_predicted,0.5,1,1,ATGTGTCTCGAGTAGTAACA,0,5229997
yqjE_yqjK_yqjD_yqjC_predicted,0.5,1,1,ATGTGTCATCGGCAGTAGCT,0,5212797
yqjE_yqjK_yqjD_yqjC_predicted,0.5,1,1,ATGTGGGTTTGCGCAAGGCC,0,5185654
yqjE_yqjK_yqjD_yqjC_predicted,0.5,1,1,ATGTGGCACTTCACTCTCTT,0,5228137
yqjE_yqjK_yqjD_yqjC_predicted,0.5,1,1,ATGTGATGAATGCGTGGCTT,0,5238019
yqjE_yqjK_yqjD_yqjC_predicted,0.5,1,1,ATGTGAGGGGAAATGTACCA,0,5218112
yqjE_yqjK_yqjD_yqjC_predicted,0.5,1,1,ATGTCTTTGTACTCGTCACT,0,5174857
yqjE_yqjK_yqjD_yqjC_predicted,0.5,1,1,ATGTCGGGATTCCGAACTTA,0,5217639
yqjE_yqjK_yqjD_yqjC_predicted,0.5,1,1,ATGTCGCGTGCCGTTTTAAC,0,5177035
yqjE_yqjK_yqjD_yqjC_predicted,0.5,1,1,ATGTCCACATCAGGTCGAGC,0,5219639
yqjE_yqjK_yqjD_yqjC_predicted,0.5,1,1,ATGTATTCGTGGACATTTTT,0,5254666
yqjE_yqjK_yqjD_yqjC_predicted,0.5,1,1,ATGTATGTGACGAAGGTGTT,0,5212356
yqjE_yqjK_yqjD_yqjC_predicted,0.5,1,1,ATGTAGTTGGTGTGTGCTGA,0,5183749
yqjE_yqjK_yqjD_yqjC_predicted,0.5,1,1,ATGTACTTTTTACGGCGTTG,0,5227202
yqjE_yqjK_yqjD_yqjC_predicted,0.5,1,1,ATGTACCTTAAAGGCGTGAC,0,5256528
yqjE_yqjK_yqjD_yqjC_predicted,0.5,1,1,ATGGTTTTGAATAACGACTC,0,5239446
yqjE_yqjK_yqjD_yqjC_predicted,0.5,1,1,ATGGTTATTCCGGTGGACCT,0,5234674
yqjE_yqjK_yqjD_yqjC_predicted,0.5,1,1,ATGGTGATCTCGCTACAAGA,0,5215367
yqjE_yqjK_yqjD_yqjC_predicted,0.5,1,1,ATGGTGACCCTGCCGACTTG,0,5257044
yqjE_yqjK_yqjD_yqjC_predicted,0.5,1,1,ATGGTCCCGAATTCGTACGT,0,5203535
yqjE_yqjK_yqjD_yqjC_predicted,0.5,1,1,ATGGGCTTGGACGTACAACT,0,5172566
yqjE_yqjK_yqjD_yqjC_predicted,0.5,1,1,ATGGGATATTATCAACTCTT,0,5201609
yqjE_yqjK_yqjD_yqjC_predicted,0.5,1,1,ATGGCTGGTAGTAACCCAGG,0,5172119
yqjE_yqjK_yqjD_yqjC_predicted,0.5,1,1,ATGGCTCGCCAATTGCGCGA,0,5175919
yqjE_yqjK_yqjD_yqjC_predicted,0.5,1,1,ATGGCGTATCTATTATAAGT,0,5179164
yqjE_yqjK_yqjD_yqjC_predicted,0.5,1,1,ATGGCCGGCTATTAAGCTCC,0,5211739
yqjE_yqjK_yqjD_yqjC_predicted,0.5,1,1,ATGGCCCCTTAGAAGCGTCC,0,5194074
yqjE_yqjK_yqjD_yqjC_predicted,0.5,1,1,ATGGAGTAAGGACAAAGTAG,0,5227454
yqjE_yqjK_yqjD_yqjC_predicted,0.5,1,1,ATGGACGGTCCCTGCGGCGC,0,5188156
yqjE_yqjK_yqjD_yqjC_predicted,0.5,1,1,ATGGACATTGTAGAACTTGA,0,5233719
yqjE_yqjK_yqjD_yqjC_predicted,0.5,1,1,ATGCTGGCTAGACTGGGTTC,0,5193109
yqjE_yqjK_yqjD_yqjC_predicted,0.5,1,1,ATGCTAAGTACAAGGGTTAG,0,5242179
yqjE_yqjK_yqjD_yqjC_predicted,0.5,1,1,ATGCTAAAGTCTACGAGCGG,0,5222942
yqjE_yqjK_yqjD_yqjC_predicted,0.5,1,1,ATGCGCGCGATCGTTTGCGC,0,5218222
yqjE_yqjK_yqjD_yqjC_predicted,0.5,1,1,ATGCGCGAGAGCTGTGAATC,0,5213686
yqjE_yqjK_yqjD_yqjC_predicted,0.5,1,1,ATGCGAGTAATGCATGTTAA,0,5214359
yqjE_yqjK_yqjD_yqjC_predicted,0.5,1,1,ATGCGACCGATATGATCATT,0,5223703
yqjE_yqjK_yqjD_yqjC_predicted,0.5,1,1,ATGCCTAGCCACATACTGTT,0,5188537
yqjE_yqjK_yqjD_yqjC_predicted,0.5,1,1,ATGCCGGTTGGCGGATCAAG,0,5235806
yqjE_yqjK_yqjD_yqjC_predicted,0.5,1,1,ATGCCGGCTCAGTACCAACT,0,5231591
yqjE_yqjK_yqjD_yqjC_predicted,0.5,1,1,ATGCATATCAGAACGTATAC,0,5256460
yqjE_yqjK_yqjD_yqjC_predicted,0.5,1,1,ATGATCCTCTACTTTTACAA,0,5180374
yqjE_yqjK_yqjD_yqjC_predicted,0.5,1,1,ATGATCATTGGCGAGACGCG,0,5255586
yqjE_yqjK_yqjD_yqjC_predicted,0.5,1,1,ATGAGTTCTGAAAGTAACTC,0,5200438
yqjE_yqjK_yqjD_yqjC_predicted,0.5,1,1,ATGAGGTTCGTCCAATAAGT,0,5210370
yqjE_yqjK_yqjD_yqjC_predicted,0.5,1,1,ATGAGCTGATACGATAGCAG,0,5223316
yqjE_yqjK_yqjD_yqjC_predicted,0.5,1,1,ATGAGACTGGGAACCTTGGC,0,5255720
yqjE_yqjK_yqjD_yqjC_predicted,0.5,1,1,ATGACGTACAGCATAGCTCG,0,5194040
yqjE_yqjK_yqjD_yqjC_predicted,0.5,1,1,ATGACCTGTGAGGTCGTTCA,0,5248640
yqjE_yqjK_yqjD_yqjC_predicted,0.5,1,1,ATGAATTGCGAGTCTATGGG,0,5199362
yqjE_yqjK_yqjD_yqjC_predicted,0.5,1,1,ATGAACGAGACTTGACTGGT,0,5260034
yqjE_yqjK_yqjD_yqjC_predicted,0.5,1,1,ATCTTTTGCAGGGGCTGCTC,0,5247330
yqjE_yqjK_yqjD_yqjC_predicted,0.5,1,1,ATCTTTTCGAGGGCTCGGCC,0,5182570
yqjE_yqjK_yqjD_yqjC_predicted,0.5,1,1,ATCTTTGGTTTTACTCTCAG,0,5172248
yqjE_yqjK_yqjD_yqjC_predicted,0.5,1,1,ATCTTTACGGGGGTAAACCG,0,5197949
yqjE_yqjK_yqjD_yqjC_predicted,0.5,1,1,ATCTTAGAGCGTCTTCTCCG,0,5240026
yqjE_yqjK_yqjD_yqjC_predicted,0.5,1,1,ATCTGGCGGGTTCATTACGT,0,5260467
yqjE_yqjK_yqjD_yqjC_predicted,0.5,1,1,ATCTGCGCGATGTGGGCGAC,0,5259616
yqjE_yqjK_yqjD_yqjC_predicted,0.5,1,1,ATCTGCGCATCCACGTAATT,0,5211323
yqjE_yqjK_yqjD_yqjC_predicted,0.5,1,1,ATCTCTGGAGGCTACAGTGA,0,5254821
yqjE_yqjK_yqjD_yqjC_predicted,0.5,1,1,ATCTCGGCGATATCAACTGA,0,5190345
yqjE_yqjK_yqjD_yqjC_predicted,0.5,1,1,ATCTCGCCCGCACTGGGTCT,0,5187812
yqjE_yqjK_yqjD_yqjC_predicted,0.5,1,1,ATCTCCGAGTCCCAGGGTTT,0,5229558
yqjE_yqjK_yqjD_yqjC_predicted,0.5,1,1,ATCTCCGAATTTGCTAAATC,0,5194205
yqjE_yqjK_yqjD_yqjC_predicted,0.5,1,1,ATCTCCAGAGCCGGATATCG,0,5245395
yqjE_yqjK_yqjD_yqjC_predicted,0.5,1,1,ATCTCATAGTCAGTCCAGGT,0,5229354
yqjE_yqjK_yqjD_yqjC_predicted,0.5,1,1,ATCTCAATGCTATTTTTTCG,0,5222119
yqjE_yqjK_yqjD_yqjC_predicted,0.5,1,1,ATCTAGAGCCTGGTAGTACA,0,5201572
yqjE_yqjK_yqjD_yqjC_predicted,0.5,1,1,ATCTACGACTTTGGACGCCT,0,5204223
yqjE_yqjK_yqjD_yqjC_predicted,0.5,1,1,ATCGTTTAATCCCTTCGCAT,0,5243935
yqjE_yqjK_yqjD_yqjC_predicted,0.5,1,1,ATCGTCGGTATTAAACTCAA,0,5255778
yqjE_yqjK_yqjD_yqjC_predicted,0.5,1,1,ATCGGTTTCGGCCCCAGCCC,0,5185550
yqjE_yqjK_yqjD_yqjC_predicted,0.5,1,1,ATCGGCTTTAAATGCAGAGG,0,5208899
yqjE_yqjK_yqjD_yqjC_predicted,0.5,1,1,ATCGGCTTGGAATTGGTCGT,0,5216809
yqjE_yqjK_yqjD_yqjC_predicted,0.5,1,1,ATCGGATTTCACGAACATGG,0,5257546
yqjE_yqjK_yqjD_yqjC_predicted,0.5,1,1,ATCGGACGTCATCAAGATGC,0,5194423
yqjE_yqjK_yqjD_yqjC_predicted,0.5,1,1,ATCGGAATCCGGTCCAACGC,0,5208218
yqjE_yqjK_yqjD_yqjC_predicted,0.5,1,1,ATCGCTGTACCTGCTCGGAC,0,5217459
yqjE_yqjK_yqjD_yqjC_predicted,0.5,1,1,ATCGCTGGCAAATAACAAAG,0,5198808
yqjE_yqjK_yqjD_yqjC_predicted,0.5,1,1,ATCGCTAACTCGAGCGGTGT,0,5191852
yqjE_yqjK_yqjD_yqjC_predicted,0.5,1,1,ATCGCGGGCCTTTTGTTTCG,0,5223161
yqjE_yqjK_yqjD_yqjC_predicted,0.5,1,1,ATCGCGCACTGGTGCTTAAC,0,5181641
yqjE_yqjK_yqjD_yqjC_predicted,0.5,1,1,ATCGCATCTCCTGTTCAAGG,0,5185913
yqjE_yqjK_yqjD_yqjC_predicted,0.5,1,1,ATCGCAACAATCCGGGGAGT,0,5172017
yqjE_yqjK_yqjD_yqjC_predicted,0.5,1,1,ATCGATAAAAGCCGTAACCT,0,5247914
yqjE_yqjK_yqjD_yqjC_predicted,0.5,1,1,ATCGAGTTTCACGTCCTGTT,0,5217900
yqjE_yqjK_yqjD_yqjC_predicted,0.5,1,1,ATCGAGAGTGCTGCACGGAG,0,5261780
yqjE_yqjK_yqjD_yqjC_predicted,0.5,1,1,ATCGAAATTTGGACATAACG,0,5221465
yqjE_yqjK_yqjD_yqjC_predicted,0.5,1,1,ATCCTGACCGAAGGGGTCCT,0,5238740
yqjE_yqjK_yqjD_yqjC_predicted,0.5,1,1,ATCCTCATGAAGACTGGTGA,0,5245348
yqjE_yqjK_yqjD_yqjC_predicted,0.5,1,1,ATCCTATCTCCCATAGTCTA,0,5234346
yqjE_yqjK_yqjD_yqjC_predicted,0.5,1,1,ATCCTAATGCTTCGGCGGCA,0,5190495
yqjE_yqjK_yqjD_yqjC_predicted,0.5,1,1,ATCCGTATTGAGTCTGCTAT,0,5173914
yqjE_yqjK_yqjD_yqjC_predicted,0.5,1,1,ATCCGGTTTTGTATGAGGTA,0,5226308
yqjE_yqjK_yqjD_yqjC_predicted,0.5,1,1,ATCCGGGCCACACTATCATC,0,5235145
yqjE_yqjK_yqjD_yqjC_predicted,0.5,1,1,ATCCGGAGGGTGGTAACTAG,0,5204913
yqjE_yqjK_yqjD_yqjC_predicted,0.5,1,1,ATCCCGGGTAACAACTCGCT,0,5252124
yqjE_yqjK_yqjD_yqjC_predicted,0.5,1,1,ATCCCATAAGAATGGACAGT,0,5184792
yqjE_yqjK_yqjD_yqjC_predicted,0.5,1,1,ATCCACATGGGGCCACGCTG,0,5239491
yqjE_yqjK_yqjD_yqjC_predicted,0.5,1,1,ATCCAAACGTTATGGAATCC,0,5178556
yqjE_yqjK_yqjD_yqjC_predicted,0.5,1,1,ATCATTCTTATTCCAAGTGG,0,5224647
yqjE_yqjK_yqjD_yqjC_predicted,0.5,1,1,ATCATTAACCACAAAAAAGA,0,5220910
yqjE_yqjK_yqjD_yqjC_predicted,0.5,1,1,ATCATAGAATCTCACTGCCC,0,5261009
yqjE_yqjK_yqjD_yqjC_predicted,0.5,1,1,ATCATACTGGATCGGCGCCC,0,5252055
yqjE_yqjK_yqjD_yqjC_predicted,0.5,1,1,ATCATAATAAATGCCCGTCA,0,5193662
yqjE_yqjK_yqjD_yqjC_predicted,0.5,1,1,ATCAGATCAGTGTTCCAGAA,0,5195600
yqjE_yqjK_yqjD_yqjC_predicted,0.5,1,1,ATCAGAAACGGCGCAGCTCA,0,5221479
yqjE_yqjK_yqjD_yqjC_predicted,0.5,1,1,ATCACTGGAAAGGAACAAAT,0,5249765
yqjE_yqjK_yqjD_yqjC_predicted,0.5,1,1,ATCACTGAAGGGTAGGCGCA,0,5224968
yqjE_yqjK_yqjD_yqjC_predicted,0.5,1,1,ATCACGTTCTACGGTTAGAG,0,5241539
yqjE_yqjK_yqjD_yqjC_predicted,0.5,1,1,ATCACCGGACTGCTTGAAAT,0,5204222
yqjE_yqjK_yqjD_yqjC_predicted,0.5,1,1,ATCACAGATATGTACATCAT,0,5172438
yqjE_yqjK_yqjD_yqjC_predicted,0.5,1,1,ATATTGCTGATCACGGGTTA,0,5241164
yqjE_yqjK_yqjD_yqjC_predicted,0.5,1,1,ATATTCTCGCAAGTGGGGGT,0,5221868
yqjE_yqjK_yqjD_yqjC_predicted,0.5,1,1,ATATTATTCGCATAAGGCTC,0,5188942
yqjE_yqjK_yqjD_yqjC_predicted,0.5,1,1,ATATTAGCAAAATGTACGGC,0,5232024
yqjE_yqjK_yqjD_yqjC_predicted,0.5,1,1,ATATTAATTGGTAGCTCCTT,0,5180056
yqjE_yqjK_yqjD_yqjC_predicted,0.5,1,1,ATATTAAGGGTGACAGGAAG,0,5250934
yqjE_yqjK_yqjD_yqjC_predicted,0.5,1,1,ATATGTCTGTAGATCGGATC,0,5190426
yqjE_yqjK_yqjD_yqjC_predicted,0.5,1,1,ATATGTCATTAATGCACTAT,0,5177812
yqjE_yqjK_yqjD_yqjC_predicted,0.5,1,1,ATATGTACGCAAAAGCTATA,0,5206405
yqjE_yqjK_yqjD_yqjC_predicted,0.5,1,1,ATATGACAGGGCATGACTAC,0,5207475
yqjE_yqjK_yqjD_yqjC_predicted,0.5,1,1,ATATCGAAGCCAGTCGTACA,0,5200523
yqjE_yqjK_yqjD_yqjC_predicted,0.5,1,1,ATATCCGTATACAGATCTCA,0,5240827
yqjE_yqjK_yqjD_yqjC_predicted,0.5,1,1,ATATCAATTGTATCGTTTGC,0,5183258
yqjE_yqjK_yqjD_yqjC_predicted,0.5,1,1,ATATACGATTGTGAGATAGT,0,5195889
yqjE_yqjK_yqjD_yqjC_predicted,0.5,1,1,ATATACCCGTCCCTCGTCAG,0,5261827
yqjE_yqjK_yqjD_yqjC_predicted,0.5,1,1,ATAGTGGAATTTTGCGTAAT,0,5231840
yqjE_yqjK_yqjD_yqjC_predicted,0.5,1,1,ATAGTCAGGATGTTTCATAT,0,5221888
yqjE_yqjK_yqjD_yqjC_predicted,0.5,1,1,ATAGGTAAAGAAGAAAAGCT,0,5210369
yqjE_yqjK_yqjD_yqjC_predicted,0.5,1,1,ATAGGCTTATTTTGACCTTC,0,5234560
yqjE_yqjK_yqjD_yqjC_predicted,0.5,1,1,ATAGGCGAGAATTCCGCACG,0,5260033
yqjE_yqjK_yqjD_yqjC_predicted,0.5,1,1,ATAGGCCGCATTGTTCTTCT,0,5188294
yqjE_yqjK_yqjD_yqjC_predicted,0.5,1,1,ATAGGATGCTTCTAAGCACC,0,5262354
yqjE_yqjK_yqjD_yqjC_predicted,0.5,1,1,ATAGGACTGGAGTTTCTACA,0,5202198
yqjE_yqjK_yqjD_yqjC_predicted,0.5,1,1,ATAGCGACGGGCAACACTTT,0,5244701
yqjE_yqjK_yqjD_yqjC_predicted,0.5,1,1,ATAGCCTCACCTGAAGATAC,0,5232813
yqjE_yqjK_yqjD_yqjC_predicted,0.5,1,1,ATAGCATTAGAGTATTCAAT,0,5228833
yqjE_yqjK_yqjD_yqjC_predicted,0.5,1,1,ATAGAGCAATAAGCCCTCAA,0,5246493
yqjE_yqjK_yqjD_yqjC_predicted,0.5,1,1,ATAGAGATGGTCTTCTCATG,0,5210060
yqjE_yqjK_yqjD_yqjC_predicted,0.5,1,1,ATACTATGTGTAGTGTGTGC,0,5261412
yqjE_yqjK_yqjD_yqjC_predicted,0.5,1,1,ATACTAGGAGGTGTCCTGCA,0,5251198
yqjE_yqjK_yqjD_yqjC_predicted,0.5,1,1,ATACGCCCCGAGGACCGAGC,0,5198296
yqjE_yqjK_yqjD_yqjC_predicted,0.5,1,1,ATACGAACGGCGTATCAGTC,0,5235082
yqjE_yqjK_yqjD_yqjC_predicted,0.5,1,1,ATACCTGTACTTCTGACCAA,0,5219476
yqjE_yqjK_yqjD_yqjC_predicted,0.5,1,1,ATACCGCCTATCTAGAGCAT,0,5198315
yqjE_yqjK_yqjD_yqjC_predicted,0.5,1,1,ATACCACGCTCGGTTCGAAT,0,5203171
yqjE_yqjK_yqjD_yqjC_predicted,0.5,1,1,ATACAGTAATACAGAGACTT,0,5249263
yqjE_yqjK_yqjD_yqjC_predicted,0.5,1,1,ATAAGCTCACGTTCAGGCCT,0,5181514
yqjE_yqjK_yqjD_yqjC_predicted,0.5,1,1,ATAACTGCAAGCTTAACCAT,0,5257490
yqjE_yqjK_yqjD_yqjC_predicted,0.5,1,1,ATAACTCGGCTGAAAGGGTA,0,5212917
yqjE_yqjK_yqjD_yqjC_predicted,0.5,1,1,ATAAATATACGCGTGTCCGT,0,5184798
yqjE_yqjK_yqjD_yqjC_predicted,0.5,1,1,ATAAAGCCTCCTAACCTCTT,0,5181144
yqjE_yqjK_yqjD_yqjC_predicted,0.5,1,1,ATAAAGAAGACTTTCGATAT,0,5224567
yqjE_yqjK_yqjD_yqjC_predicted,0.5,1,1,AGTTTGCAGTAAGTTCGGGT,0,5199951
yqjE_yqjK_yqjD_yqjC_predicted,0.5,1,1,AGTTTACAACCTGCAGTGCA,0,5256416
yqjE_yqjK_yqjD_yqjC_predicted,0.5,1,1,AGTTGGGGCTGGACAACCGG,0,5202468
yqjE_yqjK_yqjD_yqjC_predicted,0.5,1,1,AGTTGCTTAATTCTCAACGA,0,5208058
yqjE_yqjK_yqjD_yqjC_predicted,0.5,1,1,AGTTGCGCGCGGCAGAACCC,0,5245585
yqjE_yqjK_yqjD_yqjC_predicted,0.5,1,1,AGTTGACCTCCAGCAATACC,0,5231442
yqjE_yqjK_yqjD_yqjC_predicted,0.5,1,1,AGTTCACCGCCACGTTTTAC,0,5226462
yqjE_yqjK_yqjD_yqjC_predicted,0.5,1,1,AGTTACAATTTGGTCTGACA,0,5202631
yqjE_yqjK_yqjD_yqjC_predicted,0.5,1,1,AGTGTGTATACTGGGCAAAA,0,5248420
yqjE_yqjK_yqjD_yqjC_predicted,0.5,1,1,AGTGTCTTCAACCGTAAGTG,0,5191446
yqjE_yqjK_yqjD_yqjC_predicted,0.5,1,1,AGTGGTTACTATGTTCCGAC,0,5197618
yqjE_yqjK_yqjD_yqjC_predicted,0.5,1,1,AGTGGGTTCTATATTCAAGG,0,5204789
yqjE_yqjK_yqjD_yqjC_predicted,0.5,1,1,AGTGGGTGCTTGGAGCTTTT,0,5228681
yqjE_yqjK_yqjD_yqjC_predicted,0.5,1,1,AGTGGGCCGAGTGCACTACT,0,5229765
yqjE_yqjK_yqjD_yqjC_predicted,0.5,1,1,AGTGGCTTCGTGCTTGTGCT,0,5229087
yqjE_yqjK_yqjD_yqjC_predicted,0.5,1,1,AGTGGCTTCCCTAACCTCAG,0,5184275
yqjE_yqjK_yqjD_yqjC_predicted,0.5,1,1,AGTGGACAAGGGTTTACACC,0,5227465
yqjE_yqjK_yqjD_yqjC_predicted,0.5,1,1,AGTGCTGATAAGCGCCGAAA,0,5198101
yqjE_yqjK_yqjD_yqjC_predicted,0.5,1,1,AGTGCCGGGTCGGGACAAGT,0,5192527
yqjE_yqjK_yqjD_yqjC_predicted,0.5,1,1,AGTGCCCCGGGATAGGCGCA,0,5222597
yqjE_yqjK_yqjD_yqjC_predicted,0.5,1,1,AGTGCAAGGGTAAGAACCGT,0,5207488
yqjE_yqjK_yqjD_yqjC_predicted,0.5,1,1,AGTGATACTTGCTGTGGTAC,0,5200296
yqjE_yqjK_yqjD_yqjC_predicted,0.5,1,1,AGTGAAGCTTTTGGTATGCT,0,5175656
yqjE_yqjK_yqjD_yqjC_predicted,0.5,1,1,AGTCTGGAAGTCAGTACATG,0,5245696
yqjE_yqjK_yqjD_yqjC_predicted,0.5,1,1,AGTCTCGTATGCGCTTTAGT,0,5241606
yqjE_yqjK_yqjD_yqjC_predicted,0.5,1,1,AGTCTAATCGTAGTCTAGAG,0,5229638
yqjE_yqjK_yqjD_yqjC_predicted,0.5,1,1,AGTCGGGAACTTTCCTCTAA,0,5253669
yqjE_yqjK_yqjD_yqjC_predicted,0.5,1,1,AGTCCGGGGTGAGGTCGGGA,0,5189030
yqjE_yqjK_yqjD_yqjC_predicted,0.5,1,1,AGTCCCTTGCAAGTTTAGAT,0,5214534
yqjE_yqjK_yqjD_yqjC_predicted,0.5,1,1,AGTCCATAAGGGTTGGAGTC,0,5225958
yqjE_yqjK_yqjD_yqjC_predicted,0.5,1,1,AGTCATTCCCGGTGCCCCGA,0,5242674
yqjE_yqjK_yqjD_yqjC_predicted,0.5,1,1,AGTCATAGTGCTCCATTGGG,0,5186397
yqjE_yqjK_yqjD_yqjC_predicted,0.5,1,1,AGTCAATGACATGACGATGC,0,5253990
yqjE_yqjK_yqjD_yqjC_predicted,0.5,1,1,AGTATCCGATGGGCAAACTG,0,5256144
yqjE_yqjK_yqjD_yqjC_predicted,0.5,1,1,AGTATATTAGACATCCAAAT,0,5182282
yqjE_yqjK_yqjD_yqjC_predicted,0.5,1,1,AGTATACACATCAGCGCCAT,0,5217163
yqjE_yqjK_yqjD_yqjC_predicted,0.5,1,1,AGTAGTTGAATGCTTGTTAA,0,5204268
yqjE_yqjK_yqjD_yqjC_predicted,0.5,1,1,AGTAGGTTATAAAACGCAGG,0,5210871
yqjE_yqjK_yqjD_yqjC_predicted,0.5,1,1,AGTACTCGTCAGATATCGAT,0,5171157
yqjE_yqjK_yqjD_yqjC_predicted,0.5,1,1,AGTACCCCAGGTCATTAGGG,0,5195722
yqjE_yqjK_yqjD_yqjC_predicted,0.5,1,1,AGTACACTCCTCAGTATAGT,0,5207630
yqjE_yqjK_yqjD_yqjC_predicted,0.5,1,1,AGTAAATAGTCATTATATGT,0,5228278
yqjE_yqjK_yqjD_yqjC_predicted,0.5,1,1,AGGTTCTCTCGCGGCAATGA,0,5214261
yqjE_yqjK_yqjD_yqjC_predicted,0.5,1,1,AGGTTCCCTGCTCACTCCTG,0,5247009
yqjE_yqjK_yqjD_yqjC_predicted,0.5,1,1,AGGTTATTACGGGGGGCGGT,0,5245634
yqjE_yqjK_yqjD_yqjC_predicted,0.5,1,1,AGGTGTAGGCACAGCTCATC,0,5177684
yqjE_yqjK_yqjD_yqjC_predicted,0.5,1,1,AGGTGCTCCGGTCCCGAGGC,0,5231836
yqjE_yqjK_yqjD_yqjC_predicted,0.5,1,1,AGGTGCGCTTATCCGTTGGC,0,5242359
yqjE_yqjK_yqjD_yqjC_predicted,0.5,1,1,AGGTCCTGGTCGGTTGACAT,0,5175253
yqjE_yqjK_yqjD_yqjC_predicted,0.5,1,1,AGGTCCTCTCATACCTCGCA,0,5252927
yqjE_yqjK_yqjD_yqjC_predicted,0.5,1,1,AGGTCCGCTGATGACCGAGG,0,5171879
yqjE_yqjK_yqjD_yqjC_predicted,0.5,1,1,AGGTCCCCCTGGGATAGCCT,0,5250190
yqjE_yqjK_yqjD_yqjC_predicted,0.5,1,1,AGGTCATTGTTTCGGATTAT,0,5261659
yqjE_yqjK_yqjD_yqjC_predicted,0.5,1,1,AGGTATTTGAGGATTCATGC,0,5192022
yqjE_yqjK_yqjD_yqjC_predicted,0.5,1,1,AGGTATCCGTGCTGACGTCA,0,5221624
yqjE_yqjK_yqjD_yqjC_predicted,0.5,1,1,AGGTATATCAGTGCGTAAAC,0,5243911
yqjE_yqjK_yqjD_yqjC_predicted,0.5,1,1,AGGTATAACCGTGCGGGACT,0,5220179
yqjE_yqjK_yqjD_yqjC_predicted,0.5,1,1,AGGTAGATTTATGTTACCGA,0,5215855
yqjE_yqjK_yqjD_yqjC_predicted,0.5,1,1,AGGTACGGGATACTATCCCC,0,5231228
yqjE_yqjK_yqjD_yqjC_predicted,0.5,1,1,AGGTAAACTTGATTCGCATG,0,5239569
yqjE_yqjK_yqjD_yqjC_predicted,0.5,1,1,AGGGTTGCTTGCAACCGGCC,0,5196300
yqjE_yqjK_yqjD_yqjC_predicted,0.5,1,1,AGGGTTCTGTTCACAGCAAA,0,5226879
yqjE_yqjK_yqjD_yqjC_predicted,0.5,1,1,AGGGTGACTCACCCTTCTCC,0,5185842
yqjE_yqjK_yqjD_yqjC_predicted,0.5,1,1,AGGGTCTCGATAGTCGTTAC,0,5212031
yqjE_yqjK_yqjD_yqjC_predicted,0.5,1,1,AGGGTCCTTTGCGGCTCGTT,0,5230918
yqjE_yqjK_yqjD_yqjC_predicted,0.5,1,1,AGGGTCCACTTTCGGAGATC,0,5226394
yqjE_yqjK_yqjD_yqjC_predicted,0.5,1,1,AGGGGTGCGCGGCATTTTTC,0,5193235
yqjE_yqjK_yqjD_yqjC_predicted,0.5,1,1,AGGGGTAAGGCCGTGGCGTC,0,5213985
yqjE_yqjK_yqjD_yqjC_predicted,0.5,1,1,AGGGGTAAATTCGGGTGGTT,0,5174827
yqjE_yqjK_yqjD_yqjC_predicted,0.5,1,1,AGGGGATATAGTCATCCGAC,0,5172188
yqjE_yqjK_yqjD_yqjC_predicted,0.5,1,1,AGGGGACGGTCCTGTTTGAC,0,5224805
yqjE_yqjK_yqjD_yqjC_predicted,0.5,1,1,AGGGCCAGTGTGGTAGTAAT,0,5191407
yqjE_yqjK_yqjD_yqjC_predicted,0.5,1,1,AGGGCAATGATCTGCAACAC,0,5235144
yqjE_yqjK_yqjD_yqjC_predicted,0.5,1,1,AGGGACATTTCATCCAGGAC,0,5237757
yqjE_yqjK_yqjD_yqjC_predicted,0.5,1,1,AGGCTCGTTCGGTGAAGCTA,0,5215122
yqjE_yqjK_yqjD_yqjC_predicted,0.5,1,1,AGGCTATTGGTCACCTCTCT,0,5225691
yqjE_yqjK_yqjD_yqjC_predicted,0.5,1,1,AGGCTATGCACAGCTTCCGC,0,5177396
yqjE_yqjK_yqjD_yqjC_predicted,0.5,1,1,AGGCGTAAGGCACACTCCGG,0,5203916
yqjE_yqjK_yqjD_yqjC_predicted,0.5,1,1,AGGCGATACAGCTGATGTAG,0,5219164
yqjE_yqjK_yqjD_yqjC_predicted,0.5,1,1,AGGCGAGAGCGGATCAGTCT,0,5196648
yqjE_yqjK_yqjD_yqjC_predicted,0.5,1,1,AGGCGAGAAAAGTGGTTCTA,0,5171273
yqjE_yqjK_yqjD_yqjC_predicted,0.5,1,1,AGGCGAAAGGATAAATAACT,0,5218074
yqjE_yqjK_yqjD_yqjC_predicted,0.5,1,1,AGGCCTATCCTAGGGGCTCT,0,5175862
yqjE_yqjK_yqjD_yqjC_predicted,0.5,1,1,AGGCCCTCCGTGAAAACTAG,0,5183273
yqjE_yqjK_yqjD_yqjC_predicted,0.5,1,1,AGGCCACACGAAAGCATATT,0,5199523
yqjE_yqjK_yqjD_yqjC_predicted,0.5,1,1,AGGCATTGATCGAAACGTTC,0,5253219
yqjE_yqjK_yqjD_yqjC_predicted,0.5,1,1,AGGCATTAGATATACCGACA,0,5245243
yqjE_yqjK_yqjD_yqjC_predicted,0.5,1,1,AGGCATCTTCTGCATAGTAG,0,5256796
yqjE_yqjK_yqjD_yqjC_predicted,0.5,1,1,AGGCACGAGTTTAGGCTATG,0,5226013
yqjE_yqjK_yqjD_yqjC_predicted,0.5,1,1,AGGCACAAACCCATTCCGGG,0,5227898
yqjE_yqjK_yqjD_yqjC_predicted,0.5,1,1,AGGATTCAAACGGAGCGGAT,0,5225221
yqjE_yqjK_yqjD_yqjC_predicted,0.5,1,1,AGGATTACGTATTCTTGCGC,0,5245582
yqjE_yqjK_yqjD_yqjC_predicted,0.5,1,1,AGGATCTCATGGGACAGATC,0,5219282
yqjE_yqjK_yqjD_yqjC_predicted,0.5,1,1,AGGATCATCACATTAATAAA,0,5234102
yqjE_yqjK_yqjD_yqjC_predicted,0.5,1,1,AGGAGCAATACGGTCAGCCT,0,5201898
yqjE_yqjK_yqjD_yqjC_predicted,0.5,1,1,AGGAGAGCCGGTCGTCCTCG,0,5192180
yqjE_yqjK_yqjD_yqjC_predicted,0.5,1,1,AGGACGCAAGTCCGGGCTTG,0,5254407
yqjE_yqjK_yqjD_yqjC_predicted,0.5,1,1,AGGACCTTACCGATCAGACA,0,5262127
yqjE_yqjK_yqjD_yqjC_predicted,0.5,1,1,AGGACATAAGGGTCCTGTGA,0,5171486
yqjE_yqjK_yqjD_yqjC_predicted,0.5,1,1,AGGACAGAAGACCTCGATCA,0,5256855
yqjE_yqjK_yqjD_yqjC_predicted,0.5,1,1,AGGAATCGGCGTATTACCTA,0,5248758
yqjE_yqjK_yqjD_yqjC_predicted,0.5,1,1,AGGAATAACACATCGCATCA,0,5219934
yqjE_yqjK_yqjD_yqjC_predicted,0.5,1,1,AGCTTTGTCGATAAGACAGA,0,5252601
yqjE_yqjK_yqjD_yqjC_predicted,0.5,1,1,AGCTTGTCACTTCTGTAACT,0,5206861
yqjE_yqjK_yqjD_yqjC_predicted,0.5,1,1,AGCTTGTCAAAGGCCTTAGC,0,5242376
yqjE_yqjK_yqjD_yqjC_predicted,0.5,1,1,AGCTTGGTGAAGCTCTTGGC,0,5192737
yqjE_yqjK_yqjD_yqjC_predicted,0.5,1,1,AGCTGTATTTTTTGACCCTT,0,5234893
yqjE_yqjK_yqjD_yqjC_predicted,0.5,1,1,AGCTGCTCCCCAAGTTATAG,0,5189048
yqjE_yqjK_yqjD_yqjC_predicted,0.5,1,1,AGCTCTTTTTACATCCGATT,0,5172896
yqjE_yqjK_yqjD_yqjC_predicted,0.5,1,1,AGCTCGTATTCATTCGAGGG,0,5232998
yqjE_yqjK_yqjD_yqjC_predicted,0.5,1,1,AGCTCCTCTTACGGTCGCCA,0,5218218
yqjE_yqjK_yqjD_yqjC_predicted,0.5,1,1,AGCTCACGGAGTGAGATGTT,0,5233034
yqjE_yqjK_yqjD_yqjC_predicted,0.5,1,1,AGCTATGTCCGCGCTGATCT,0,5246381
yqjE_yqjK_yqjD_yqjC_predicted,0.5,1,1,AGCTATAAGACCGGTACTTA,0,5207462
yqjE_yqjK_yqjD_yqjC_predicted,0.5,1,1,AGCTAATAAAACGCTAGCTG,0,5240095
yqjE_yqjK_yqjD_yqjC_predicted,0.5,1,1,AGCGCGTCCACTTCCGGTCT,0,5230845
yqjE_yqjK_yqjD_yqjC_predicted,0.5,1,1,AGCGCGGAGTTAATTAGCGC,0,5214680
yqjE_yqjK_yqjD_yqjC_predicted,0.5,1,1,AGCGCGACCCGTCAAATCAT,0,5208632
yqjE_yqjK_yqjD_yqjC_predicted,0.5,1,1,AGCGCCCTTTAAAACGTGTT,0,5257992
yqjE_yqjK_yqjD_yqjC_predicted,0.5,1,1,AGCGATACATACATACCAGG,0,5181511
yqjE_yqjK_yqjD_yqjC_predicted,0.5,1,1,AGCGAGTGAGGCTGGCTATC,0,5198877
yqjE_yqjK_yqjD_yqjC_predicted,0.5,1,1,AGCCGCTATGTAAATGACGT,0,5236099
yqjE_yqjK_yqjD_yqjC_predicted,0.5,1,1,AGCCCTTGTCTTAAGGTGGA,0,5226469
yqjE_yqjK_yqjD_yqjC_predicted,0.5,1,1,AGCCCCAAAGACACAGTTGA,0,5173159
yqjE_yqjK_yqjD_yqjC_predicted,0.5,1,1,AGCCAGTCACAGTGGCGGAT,0,5206262
yqjE_yqjK_yqjD_yqjC_predicted,0.5,1,1,AGCATCAAAATAAACCTCGC,0,5218309
yqjE_yqjK_yqjD_yqjC_predicted,0.5,1,1,AGCAGTTGTTCCAGCAACCA,0,5231349
yqjE_yqjK_yqjD_yqjC_predicted,0.5,1,1,AGCAGACTCGAGGAAGGTTA,0,5194887
yqjE_yqjK_yqjD_yqjC_predicted,0.5,1,1,AGCACGTTGCAGCTTAGCCG,0,5207913
yqjE_yqjK_yqjD_yqjC_predicted,0.5,1,1,AGCACCGATACCTCACGGCT,0,5212790
yqjE_yqjK_yqjD_yqjC_predicted,0.5,1,1,AGCACATGTCTGCGTCCCTC,0,5184073
yqjE_yqjK_yqjD_yqjC_predicted,0.5,1,1,AGCACACTAAGAAGAACTCG,0,5244333
yqjE_yqjK_yqjD_yqjC_predicted,0.5,1,1,AGCAATTTTGATCGAGTTCG,0,5199567
yqjE_yqjK_yqjD_yqjC_predicted,0.5,1,1,AGCAATACTTCGGGAGAAGA,0,5187895
yqjE_yqjK_yqjD_yqjC_predicted,0.5,1,1,AGCAAGTGGTTGGGTAGTTT,0,5244524
yqjE_yqjK_yqjD_yqjC_predicted,0.5,1,1,AGCAAGCAAAAAAACCCCTA,0,5181055
yqjE_yqjK_yqjD_yqjC_predicted,0.5,1,1,AGCAAGATATCTCATACTGC,0,5189142
yqjE_yqjK_yqjD_yqjC_predicted,0.5,1,1,AGCAACTCGAGAACATGGCC,0,5198130
yqjE_yqjK_yqjD_yqjC_predicted,0.5,1,1,AGATTCTTCTACACGACTAG,0,5248596
yqjE_yqjK_yqjD_yqjC_predicted,0.5,1,1,AGATTACTGTCCTCGCATTT,0,5206312
yqjE_yqjK_yqjD_yqjC_predicted,0.5,1,1,AGATGTCTTTACAAGTTGCT,0,5178351
yqjE_yqjK_yqjD_yqjC_predicted,0.5,1,1,AGATGGACCGATTTCATCCC,0,5260582
yqjE_yqjK_yqjD_yqjC_predicted,0.5,1,1,AGATGCGCTGTCAGACTCCT,0,5214308
yqjE_yqjK_yqjD_yqjC_predicted,0.5,1,1,AGATGATCTTGAGTACGTGA,0,5242883
yqjE_yqjK_yqjD_yqjC_predicted,0.5,1,1,AGATCTTTCAGCAACTAAGG,0,5245977
yqjE_yqjK_yqjD_yqjC_predicted,0.5,1,1,AGATCAGTCTTACAGAAATT,0,5174793
yqjE_yqjK_yqjD_yqjC_predicted,0.5,1,1,AGATCAGGGTCTAGGAAGTT,0,5201114
yqjE_yqjK_yqjD_yqjC_predicted,0.5,1,1,AGATCAGCGTCGCGCACAAG,0,5217215
yqjE_yqjK_yqjD_yqjC_predicted,0.5,1,1,AGATACCAGGTTTATCATCG,0,5216653
yqjE_yqjK_yqjD_yqjC_predicted,0.5,1,1,AGATACAGAGGATTTTTTAA,0,5215339
yqjE_yqjK_yqjD_yqjC_predicted,0.5,1,1,AGAGGCGGTATCACTAGACT,0,5253660
yqjE_yqjK_yqjD_yqjC_predicted,0.5,1,1,AGAGGATTAATCGCAGCGGC,0,5227930
yqjE_yqjK_yqjD_yqjC_predicted,0.5,1,1,AGAGCGGGCGGGAGCAATAT,0,5249397
yqjE_yqjK_yqjD_yqjC_predicted,0.5,1,1,AGAGCCTCGTCTCGGCCGTG,0,5184933
yqjE_yqjK_yqjD_yqjC_predicted,0.5,1,1,AGAGCACTGTGAGTCAATAA,0,5250413
yqjE_yqjK_yqjD_yqjC_predicted,0.5,1,1,AGAGATCGAGTATTGTTCAG,0,5190487
yqjE_yqjK_yqjD_yqjC_predicted,0.5,1,1,AGACGTGAGCGCAAATAGAC,0,5195209
yqjE_yqjK_yqjD_yqjC_predicted,0.5,1,1,AGACGGTGCGTTTTCTTAAT,0,5219170
yqjE_yqjK_yqjD_yqjC_predicted,0.5,1,1,AGACCTCGCGACTAACACAC,0,5261896
yqjE_yqjK_yqjD_yqjC_predicted,0.5,1,1,AGACATTACCACGAACATGA,0,5231422
yqjE_yqjK_yqjD_yqjC_predicted,0.5,1,1,AGACACCTACCGAGTGCACA,0,5173326
yqjE_yqjK_yqjD_yqjC_predicted,0.5,1,1,AGACAACTGAGTTAAAATAT,0,5238719
yqjE_yqjK_yqjD_yqjC_predicted,0.5,1,1,AGAATTCAGAGCTTCGTAAT,0,5249112
yqjE_yqjK_yqjD_yqjC_predicted,0.5,1,1,AGAATGCGCTGCATGGAACT,0,5242057
yqjE_yqjK_yqjD_yqjC_predicted,0.5,1,1,AGAATCAGTTGTACTCGCGT,0,5199136
yqjE_yqjK_yqjD_yqjC_predicted,0.5,1,1,AGAAGTCTAGGAACTCGGAC,0,5256202
yqjE_yqjK_yqjD_yqjC_predicted,0.5,1,1,AGAAGGTATACGTTCAAAAA,0,5201581
yqjE_yqjK_yqjD_yqjC_predicted,0.5,1,1,AGAAGGCTGAATTTGGGCGA,0,5235344
yqjE_yqjK_yqjD_yqjC_predicted,0.5,1,1,AGAAGATTGCTATATCGGCG,0,5174128
yqjE_yqjK_yqjD_yqjC_predicted,0.5,1,1,AGAAGATAGGGCGATATCTC,0,5192167
yqjE_yqjK_yqjD_yqjC_predicted,0.5,1,1,AGAACTCAATCTCCATGTCG,0,5202494
yqjE_yqjK_yqjD_yqjC_predicted,0.5,1,1,AGAACAGAAACAGGTACACA,0,5210927
yqjE_yqjK_yqjD_yqjC_predicted,0.5,1,1,AGAAACGTTGGATTCATTGG,0,5223892
yqjE_yqjK_yqjD_yqjC_predicted,0.5,1,1,AGAAACGCACTCTCAAACCT,0,5203691
yqjE_yqjK_yqjD_yqjC_predicted,0.5,1,1,ACTTTTGGTCTTAGTGGTAA,0,5257402
yqjE_yqjK_yqjD_yqjC_predicted,0.5,1,1,ACTTTTCTGGAAGTCACTTA,0,5203540
yqjE_yqjK_yqjD_yqjC_predicted,0.5,1,1,ACTTTCATTCGTAGAGCCCT,0,5245735
yqjE_yqjK_yqjD_yqjC_predicted,0.5,1,1,ACTTTATGTCAGGCTAACAG,0,5193274
yqjE_yqjK_yqjD_yqjC_predicted,0.5,1,1,ACTTTACGAGTGATAAGAAG,0,5227048
yqjE_yqjK_yqjD_yqjC_predicted,0.5,1,1,ACTTGAGTTTCAACATTAGC,0,5232812
yqjE_yqjK_yqjD_yqjC_predicted,0.5,1,1,ACTTCTTCGATGCGGCTAAA,0,5262930
yqjE_yqjK_yqjD_yqjC_predicted,0.5,1,1,ACTTCATTCGGAGCATGAAA,0,5185802
yqjE_yqjK_yqjD_yqjC_predicted,0.5,1,1,ACTTCACGAGTGTCGAGTCG,0,5231527
yqjE_yqjK_yqjD_yqjC_predicted,0.5,1,1,ACTTACTGTGCTACCTGCGC,0,5235510
yqjE_yqjK_yqjD_yqjC_predicted,0.5,1,1,ACTTACGCCATCTGCCACGA,0,5254631
yqjE_yqjK_yqjD_yqjC_predicted,0.5,1,1,ACTTACCGGGAGGAACCGCG,0,5183611
yqjE_yqjK_yqjD_yqjC_predicted,0.5,1,1,ACTTAAGGGTTATAGAGAAG,0,5189234
yqjE_yqjK_yqjD_yqjC_predicted,0.5,1,1,ACTGTGTGTCACTTTTACGT,0,5182037
yqjE_yqjK_yqjD_yqjC_predicted,0.5,1,1,ACTGTCTAACCGTAGAATTT,0,5195428
yqjE_yqjK_yqjD_yqjC_predicted,0.5,1,1,ACTGGTTATTCGGTATACTT,0,5171080
yqjE_yqjK_yqjD_yqjC_predicted,0.5,1,1,ACTGGGTGAGCCAAAGCCGA,0,5218235
yqjE_yqjK_yqjD_yqjC_predicted,0.5,1,1,ACTGGGGGATATCTTACGCA,0,5182033
yqjE_yqjK_yqjD_yqjC_predicted,0.5,1,1,ACTGGATTCTGGAACCCCTT,0,5184903
yqjE_yqjK_yqjD_yqjC_predicted,0.5,1,1,ACTGGATCCTGGCAATAGTT,0,5242738
yqjE_yqjK_yqjD_yqjC_predicted,0.5,1,1,ACTGGAGCTGGAGGCTCTGT,0,5187698
yqjE_yqjK_yqjD_yqjC_predicted,0.5,1,1,ACTGATGGTCCTACTATCGT,0,5189256
yqjE_yqjK_yqjD_yqjC_predicted,0.5,1,1,ACTGATACATGTCCATATTT,0,5177469
yqjE_yqjK_yqjD_yqjC_predicted,0.5,1,1,ACTGAATCGCATAAAAAACA,0,5202456
yqjE_yqjK_yqjD_yqjC_predicted,0.5,1,1,ACTGAAGAAAGGTTCTGGTC,0,5179675
yqjE_yqjK_yqjD_yqjC_predicted,0.5,1,1,ACTGAACGTAGACGTAATAT,0,5199440
yqjE_yqjK_yqjD_yqjC_predicted,0.5,1,1,ACTGAAAATATTCAAACGCG,0,5250096
yqjE_yqjK_yqjD_yqjC_predicted,0.5,1,1,ACTCGTTCACGAAGTAGTCA,0,5217861
yqjE_yqjK_yqjD_yqjC_predicted,0.5,1,1,ACTCGGCTTGCTAGTTTATG,0,5224105
yqjE_yqjK_yqjD_yqjC_predicted,0.5,1,1,ACTCCATGGATGTACCTTAC,0,5174169
yqjE_yqjK_yqjD_yqjC_predicted,0.5,1,1,ACTCCAGTAATAGCTTCGGT,0,5207114
yqjE_yqjK_yqjD_yqjC_predicted,0.5,1,1,ACTCCAACAGGTTATGTATA,0,5212655
yqjE_yqjK_yqjD_yqjC_predicted,0.5,1,1,ACTCACGACATAAGTTGGAA,0,5189094
yqjE_yqjK_yqjD_yqjC_predicted,0.5,1,1,ACTCAAGAGTGTGGTCCATC,0,5250665
yqjE_yqjK_yqjD_yqjC_predicted,0.5,1,1,ACTATTTTAGTCACCCTCTT,0,5252084
yqjE_yqjK_yqjD_yqjC_predicted,0.5,1,1,ACTATAGGCTAGGCTTCTGC,0,5184815
yqjE_yqjK_yqjD_yqjC_predicted,0.5,1,1,ACTAGGTACGCTTGACTCAT,0,5173243
yqjE_yqjK_yqjD_yqjC_predicted,0.5,1,1,ACTAGGGGCCATCACGGCTT,0,5257747
yqjE_yqjK_yqjD_yqjC_predicted,0.5,1,1,ACTAGCAATAACTCGTGCGG,0,5247110
yqjE_yqjK_yqjD_yqjC_predicted,0.5,1,1,ACTAGAGCGCTTGAGAAGGT,0,5208643
yqjE_yqjK_yqjD_yqjC_predicted,0.5,1,1,ACTACGGTCGTTTGCGCCAA,0,5229472
yqjE_yqjK_yqjD_yqjC_predicted,0.5,1,1,ACTACGGATCCGTGCGATTT,0,5234580
yqjE_yqjK_yqjD_yqjC_predicted,0.5,1,1,ACTACAACCATGGAGAAGCT,0,5231278
yqjE_yqjK_yqjD_yqjC_predicted,0.5,1,1,ACTAATCAATGAAACGCGGC,0,5200897
yqjE_yqjK_yqjD_yqjC_predicted,0.5,1,1,ACTAAGCATTCCACAGCGCA,0,5229112
yqjE_yqjK_yqjD_yqjC_predicted,0.5,1,1,ACTAAATGGCGACATTGGCG,0,5236533
yqjE_yqjK_yqjD_yqjC_predicted,0.5,1,1,ACTAAATGACTGATACCGGA,0,5254740
yqjE_yqjK_yqjD_yqjC_predicted,0.5,1,1,ACTAAACTTGATCCAACCGA,0,5175497
yqjE_yqjK_yqjD_yqjC_predicted,0.5,1,1,ACGTTTGTCGTAAAAGCTTC,0,5185546
yqjE_yqjK_yqjD_yqjC_predicted,0.5,1,1,ACGTGGGCTACAGAGGGGCT,0,5182648
yqjE_yqjK_yqjD_yqjC_predicted,0.5,1,1,ACGTGCGATCAATCGGGGAA,0,5223672
yqjE_yqjK_yqjD_yqjC_predicted,0.5,1,1,ACGTGATCTCAAGCAGCCTC,0,5256700
yqjE_yqjK_yqjD_yqjC_predicted,0.5,1,1,ACGTGACAATGGGAATTTCA,0,5218248
yqjE_yqjK_yqjD_yqjC_predicted,0.5,1,1,ACGTCTTGAGTCTGATATCT,0,5255677
yqjE_yqjK_yqjD_yqjC_predicted,0.5,1,1,ACGTCTTCGATCGATCTACC,0,5227715
yqjE_yqjK_yqjD_yqjC_predicted,0.5,1,1,ACGTCTATCCTCGTGCGCGA,0,5180794
yqjE_yqjK_yqjD_yqjC_predicted,0.5,1,1,ACGTCTAATCTCACTCCCCA,0,5226587
yqjE_yqjK_yqjD_yqjC_predicted,0.5,1,1,ACGTCCAAACTGCATTACCG,0,5260135
yqjE_yqjK_yqjD_yqjC_predicted,0.5,1,1,ACGTATTAGAATATGCTGCG,0,5261435
yqjE_yqjK_yqjD_yqjC_predicted,0.5,1,1,ACGTATCCGTTCGGGACAAA,0,5192418
yqjE_yqjK_yqjD_yqjC_predicted,0.5,1,1,ACGTAGTTATTGTGTTAGGC,0,5249471
yqjE_yqjK_yqjD_yqjC_predicted,0.5,1,1,ACGGTGTAGTGTTATTCTAT,0,5221881
yqjE_yqjK_yqjD_yqjC_predicted,0.5,1,1,ACGGGTTCGCGGCTCGGGTG,0,5219955
yqjE_yqjK_yqjD_yqjC_predicted,0.5,1,1,ACGGGTAAATCTTAAAACCC,0,5235817
yqjE_yqjK_yqjD_yqjC_predicted,0.5,1,1,ACGGGGTGTCCCATGGCCCG,0,5221134
yqjE_yqjK_yqjD_yqjC_predicted,0.5,1,1,ACGGGCCACTCAAGTGAGCA,0,5235485
yqjE_yqjK_yqjD_yqjC_predicted,0.5,1,1,ACGGCCTGTGGGATCGTTAT,0,5245365
yqjE_yqjK_yqjD_yqjC_predicted,0.5,1,1,ACGGCACGGGTCACTGATAC,0,5257931
yqjE_yqjK_yqjD_yqjC_predicted,0.5,1,1,ACGGAGATAAGGTATCAATA,0,5220239
yqjE_yqjK_yqjD_yqjC_predicted,0.5,1,1,ACGCTTCAGGGCTACGGTAT,0,5235343
yqjE_yqjK_yqjD_yqjC_predicted,0.5,1,1,ACGCTCTACGCCGTTCCTGG,0,5240037
yqjE_yqjK_yqjD_yqjC_predicted,0.5,1,1,ACGCTCGGCCGTACTTTATT,0,5251933
yqjE_yqjK_yqjD_yqjC_predicted,0.5,1,1,ACGCTAGCAATACTTGAGTG,0,5209552
yqjE_yqjK_yqjD_yqjC_predicted,0.5,1,1,ACGCGGTCTAAGGGGCTCGG,0,5244432
yqjE_yqjK_yqjD_yqjC_predicted,0.5,1,1,ACGCGCTTGATCGGATGTTC,0,5226593
yqjE_yqjK_yqjD_yqjC_predicted,0.5,1,1,ACGCCTTGGCACCTCGTTCA,0,5231728
yqjE_yqjK_yqjD_yqjC_predicted,0.5,1,1,ACGCCGGTACCGCGGTTAGC,0,5233161
yqjE_yqjK_yqjD_yqjC_predicted,0.5,1,1,ACGCCATCGAGTCCACACAC,0,5226255
yqjE_yqjK_yqjD_yqjC_predicted,0.5,1,1,ACGCACGCGTTCTGGATCCG,0,5240300
yqjE_yqjK_yqjD_yqjC_predicted,0.5,1,1,ACGCAATGGACCATCGGGGA,0,5205291
yqjE_yqjK_yqjD_yqjC_predicted,0.5,1,1,ACGCAATCGCGTAGCCCTGG,0,5231535
yqjE_yqjK_yqjD_yqjC_predicted,0.5,1,1,ACGCAACTGCGAGCACACCT,0,5211504
yqjE_yqjK_yqjD_yqjC_predicted,0.5,1,1,ACGATCATGAGTAATATATG,0,5234915
yqjE_yqjK_yqjD_yqjC_predicted,0.5,1,1,ACGAGGACAGCTTCGGAGGT,0,5244830
yqjE_yqjK_yqjD_yqjC_predicted,0.5,1,1,ACGAGCGCAAGCCGCAAACG,0,5178094
yqjE_yqjK_yqjD_yqjC_predicted,0.5,1,1,ACGACGTCAATCTATCGAGC,0,5223815
yqjE_yqjK_yqjD_yqjC_predicted,0.5,1,1,ACGACGTACAAATACGTCAA,0,5194021
yqjE_yqjK_yqjD_yqjC_predicted,0.5,1,1,ACGACGAGACGAAGTAGCGC,0,5192196
yqjE_yqjK_yqjD_yqjC_predicted,0.5,1,1,ACCTTCTTGAAGATCATCGC,0,5262474
yqjE_yqjK_yqjD_yqjC_predicted,0.5,1,1,ACCTTCGCATGGGTGTGCGG,0,5177234
yqjE_yqjK_yqjD_yqjC_predicted,0.5,1,1,ACCTTAGTTAGCCATGGGTC,0,5254741
yqjE_yqjK_yqjD_yqjC_predicted,0.5,1,1,ACCTTACTACGAGCTTACAT,0,5235265
yqjE_yqjK_yqjD_yqjC_predicted,0.5,1,1,ACCTGTCGCGTTCAGCGTAG,0,5228632
yqjE_yqjK_yqjD_yqjC_predicted,0.5,1,1,ACCTAGTCCGGGAAGGACGT,0,5192542
yqjE_yqjK_yqjD_yqjC_predicted,0.5,1,1,ACCTAGACGTTAAATATGTC,0,5238058
yqjE_yqjK_yqjD_yqjC_predicted,0.5,1,1,ACCGTTCTCTAATGCCCGAA,0,5259890
yqjE_yqjK_yqjD_yqjC_predicted,0.5,1,1,ACCGTGTAGTGAAGTATCAG,0,5253914
yqjE_yqjK_yqjD_yqjC_predicted,0.5,1,1,ACCGTCCTTTAAGAAGCTTT,0,5212500
yqjE_yqjK_yqjD_yqjC_predicted,0.5,1,1,ACCGTCAGGCCGGGGGTGGT,0,5209540
yqjE_yqjK_yqjD_yqjC_predicted,0.5,1,1,ACCGGTCCGTAATCCTCTGC,0,5249935
yqjE_yqjK_yqjD_yqjC_predicted,0.5,1,1,ACCGGTCAAGATTAAGATCA,0,5184434
yqjE_yqjK_yqjD_yqjC_predicted,0.5,1,1,ACCGGTATGTGGTGCCGGGG,0,5199605
yqjE_yqjK_yqjD_yqjC_predicted,0.5,1,1,ACCGGGGAAAACGTTTTATT,0,5245373
yqjE_yqjK_yqjD_yqjC_predicted,0.5,1,1,ACCGCTAGCCACTGCTGCTT,0,5195474
yqjE_yqjK_yqjD_yqjC_predicted,0.5,1,1,ACCGCGCTGCGTCCGCTGGA,0,5195284
yqjE_yqjK_yqjD_yqjC_predicted,0.5,1,1,ACCGCCCGATGGGATTCGTC,0,5184379
yqjE_yqjK_yqjD_yqjC_predicted,0.5,1,1,ACCGATAAGGCGCGTTACCC,0,5201101
yqjE_yqjK_yqjD_yqjC_predicted,0.5,1,1,ACCGAGCGGGTGGTCCCTCC,0,5248579
yqjE_yqjK_yqjD_yqjC_predicted,0.5,1,1,ACCCTGCCCCCGACGACGCG,0,5248413
yqjE_yqjK_yqjD_yqjC_predicted,0.5,1,1,ACCCTATTCCCCGCAGAACA,0,5214874
yqjE_yqjK_yqjD_yqjC_predicted,0.5,1,1,ACCCTAGGCGTTAGCGCGGC,0,5179287
yqjE_yqjK_yqjD_yqjC_predicted,0.5,1,1,ACCCGTTTAGTTTGGTTAAG,0,5206502
yqjE_yqjK_yqjD_yqjC_predicted,0.5,1,1,ACCCGGGGAGTTACCCCCGT,0,5242244
yqjE_yqjK_yqjD_yqjC_predicted,0.5,1,1,ACCCGCTGTTTCTCACACTG,0,5252234
yqjE_yqjK_yqjD_yqjC_predicted,0.5,1,1,ACCCGCAGACAACACTACGG,0,5223580
yqjE_yqjK_yqjD_yqjC_predicted,0.5,1,1,ACCCGCAAGCCATGGGTTTC,0,5214040
yqjE_yqjK_yqjD_yqjC_predicted,0.5,1,1,ACCCGAGTGGCATCGGGCTG,0,5188528
yqjE_yqjK_yqjD_yqjC_predicted,0.5,1,1,ACCCGACACCGGATGCGGCT,0,5230770
yqjE_yqjK_yqjD_yqjC_predicted,0.5,1,1,ACCCCTCAGCAGTACTTACT,0,5222325
yqjE_yqjK_yqjD_yqjC_predicted,0.5,1,1,ACCCCGTGTATTCACTCTTA,0,5204967
yqjE_yqjK_yqjD_yqjC_predicted,0.5,1,1,ACCCCACCAGAATACTTTTC,0,5225255
yqjE_yqjK_yqjD_yqjC_predicted,0.5,1,1,ACCCATTTTATAAGTCCCCC,0,5188620
yqjE_yqjK_yqjD_yqjC_predicted,0.5,1,1,ACCCATGCTTTAGTCCTCAT,0,5261070
yqjE_yqjK_yqjD_yqjC_predicted,0.5,1,1,ACCCATCATATAAACACCTT,0,5188387
yqjE_yqjK_yqjD_yqjC_predicted,0.5,1,1,ACCCAGGAATTATTATAAGA,0,5226162
yqjE_yqjK_yqjD_yqjC_predicted,0.5,1,1,ACCCACATGGGCAACGCTAG,0,5173614
yqjE_yqjK_yqjD_yqjC_predicted,0.5,1,1,ACCCACAATGAGCAGAGGGA,0,5201840
yqjE_yqjK_yqjD_yqjC_predicted,0.5,1,1,ACCATGGCCGGACCGGGCAG,0,5249897
yqjE_yqjK_yqjD_yqjC_predicted,0.5,1,1,ACCATCGAAATTCAATTCAC,0,5171710
yqjE_yqjK_yqjD_yqjC_predicted,0.5,1,1,ACCATCCTCCGGTCTTTGTG,0,5231667
yqjE_yqjK_yqjD_yqjC_predicted,0.5,1,1,ACCAGTGGTATAGACAGGGA,0,5172742
yqjE_yqjK_yqjD_yqjC_predicted,0.5,1,1,ACCAGGGTACTCCGTTCCTC,0,5172300
yqjE_yqjK_yqjD_yqjC_predicted,0.5,1,1,ACCAGGGCACACGGTAGATG,0,5189895
yqjE_yqjK_yqjD_yqjC_predicted,0.5,1,1,ACCAGCTGGCGATAATGTAT,0,5199747
yqjE_yqjK_yqjD_yqjC_predicted,0.5,1,1,ACCAGCCCCATGGGACGCCC,0,5183372
yqjE_yqjK_yqjD_yqjC_predicted,0.5,1,1,ACCAGCCAGGAGCTCAGATT,0,5205522
yqjE_yqjK_yqjD_yqjC_predicted,0.5,1,1,ACCAGATCGCGAGATTGCAA,0,5205449
yqjE_yqjK_yqjD_yqjC_predicted,0.5,1,1,ACCAGACTTGGTTTAGAATT,0,5231223
yqjE_yqjK_yqjD_yqjC_predicted,0.5,1,1,ACCACTGTGATTGTGAGGAT,0,5181031
yqjE_yqjK_yqjD_yqjC_predicted,0.5,1,1,ACCACTCGATTGGGAGGTTA,0,5208086
yqjE_yqjK_yqjD_yqjC_predicted,0.5,1,1,ACCACGGGGAGGAAACCAAA,0,5239274
yqjE_yqjK_yqjD_yqjC_predicted,0.5,1,1,ACCACCAATACTGAATTGCT,0,5171475
yqjE_yqjK_yqjD_yqjC_predicted,0.5,1,1,ACCAAGGTGGTGTTCTCTTT,0,5199991
yqjE_yqjK_yqjD_yqjC_predicted,0.5,1,1,ACATTGGAATTAATTGTGGA,0,5250827
yqjE_yqjK_yqjD_yqjC_predicted,0.5,1,1,ACATTCCAAAGCTAGCACTC,0,5259135
yqjE_yqjK_yqjD_yqjC_predicted,0.5,1,1,ACATGTTCACTGTATTACTA,0,5186249
yqjE_yqjK_yqjD_yqjC_predicted,0.5,1,1,ACATGTTAAGCTGCCTATCC,0,5208826
yqjE_yqjK_yqjD_yqjC_predicted,0.5,1,1,ACATGTGATCGCTTGCTTCT,0,5255955
yqjE_yqjK_yqjD_yqjC_predicted,0.5,1,1,ACATGTCCCATAATATATTT,0,5219270
yqjE_yqjK_yqjD_yqjC_predicted,0.5,1,1,ACATGGGTTATCGTGGGACG,0,5243367
yqjE_yqjK_yqjD_yqjC_predicted,0.5,1,1,ACATGGACGGACTGCACACT,0,5227348
yqjE_yqjK_yqjD_yqjC_predicted,0.5,1,1,ACATGACGCTAGGCTATCAT,0,5231002
yqjE_yqjK_yqjD_yqjC_predicted,0.5,1,1,ACATCATGGGCCACTATGTC,0,5238596
yqjE_yqjK_yqjD_yqjC_predicted,0.5,1,1,ACATATTGTCCCGGCTCCGA,0,5229137
yqjE_yqjK_yqjD_yqjC_predicted,0.5,1,1,ACATATGCTGGCCCACCTTT,0,5190500
yqjE_yqjK_yqjD_yqjC_predicted,0.5,1,1,ACATACACAAGAGGGCCGCT,0,5240466
yqjE_yqjK_yqjD_yqjC_predicted,0.5,1,1,ACAGTCCTACGTGGTCTCCG,0,5219429
yqjE_yqjK_yqjD_yqjC_predicted,0.5,1,1,ACAGGTCCAAAGCTGAAAAG,0,5194567
yqjE_yqjK_yqjD_yqjC_predicted,0.5,1,1,ACAGGAGTAAAACGGGAGTT,0,5236004
yqjE_yqjK_yqjD_yqjC_predicted,0.5,1,1,ACAGCTTACGGTCCTACTAA,0,5256562
yqjE_yqjK_yqjD_yqjC_predicted,0.5,1,1,ACAGCTGGCATAAGCGGCTA,0,5191809
yqjE_yqjK_yqjD_yqjC_predicted,0.5,1,1,ACAGCGTCTCCTGTACAGTC,0,5212142
yqjE_yqjK_yqjD_yqjC_predicted,0.5,1,1,ACAGCCGGCGCACCATGCAT,0,5260237
yqjE_yqjK_yqjD_yqjC_predicted,0.5,1,1,ACAGCAAACTTCGTCGAGCT,0,5222105
yqjE_yqjK_yqjD_yqjC_predicted,0.5,1,1,ACAGATTCACAATGAAATAC,0,5226603
yqjE_yqjK_yqjD_yqjC_predicted,0.5,1,1,ACAGACGAGGGCAATTTGCC,0,5236840
yqjE_yqjK_yqjD_yqjC_predicted,0.5,1,1,ACAGACCGCATGTATTATGG,0,5209004
yqjE_yqjK_yqjD_yqjC_predicted,0.5,1,1,ACAGACATCAGTCGTAACGG,0,5199613
yqjE_yqjK_yqjD_yqjC_predicted,0.5,1,1,ACAGAATATATAAGGAAGAG,0,5193241
yqjE_yqjK_yqjD_yqjC_predicted,0.5,1,1,ACAGAAAACAATTAATCGGG,0,5220122
yqjE_yqjK_yqjD_yqjC_predicted,0.5,1,1,ACACTTAACATCGCGACGTT,0,5261551
yqjE_yqjK_yqjD_yqjC_predicted,0.5,1,1,ACACTCATGTTTCAATTGGT,0,5193180
yqjE_yqjK_yqjD_yqjC_predicted,0.5,1,1,ACACTCATGGCTAAGCTGAA,0,5177804
yqjE_yqjK_yqjD_yqjC_predicted,0.5,1,1,ACACGTTAAATTACTTCAGC,0,5237260
yqjE_yqjK_yqjD_yqjC_predicted,0.5,1,1,ACACGTGATATTCTCTTCTT,0,5212351
yqjE_yqjK_yqjD_yqjC_predicted,0.5,1,1,ACACGGTTCCAATACGCGTC,0,5210345
yqjE_yqjK_yqjD_yqjC_predicted,0.5,1,1,ACACGGTGGGCGCATTGAGC,0,5223054
yqjE_yqjK_yqjD_yqjC_predicted,0.5,1,1,ACACGGTCTTATTCGTCCGA,0,5227740
yqjE_yqjK_yqjD_yqjC_predicted,0.5,1,1,ACACCTCACTGATGCGTGTT,0,5181602
yqjE_yqjK_yqjD_yqjC_predicted,0.5,1,1,ACACCTAACTGACGGGGGTA,0,5228655
yqjE_yqjK_yqjD_yqjC_predicted,0.5,1,1,ACACCACGCTCAGGGCATGG,0,5171391
yqjE_yqjK_yqjD_yqjC_predicted,0.5,1,1,ACACAGTGTGGATGCGGGTA,0,5203069
yqjE_yqjK_yqjD_yqjC_predicted,0.5,1,1,ACACAGTGAGCCACCCATAG,0,5245411
yqjE_yqjK_yqjD_yqjC_predicted,0.5,1,1,ACACAGCTTTCTATTCCACG,0,5238778
yqjE_yqjK_yqjD_yqjC_predicted,0.5,1,1,ACACACGGAATGGAGCTCAA,0,5254716
yqjE_yqjK_yqjD_yqjC_predicted,0.5,1,1,ACACAATGCAAGGTCGCCGA,0,5182034
yqjE_yqjK_yqjD_yqjC_predicted,0.5,1,1,ACAATAATTAGATCGATATC,0,5232372
yqjE_yqjK_yqjD_yqjC_predicted,0.5,1,1,ACAAGGGGGGTCCTAAGTTA,0,5201257
yqjE_yqjK_yqjD_yqjC_predicted,0.5,1,1,ACAAGGGACTTCTATGTATA,0,5195211
yqjE_yqjK_yqjD_yqjC_predicted,0.5,1,1,ACAAGGCACATTTGGGTCTT,0,5203451
yqjE_yqjK_yqjD_yqjC_predicted,0.5,1,1,ACAAGGAGCTAGGAATTGCT,0,5214749
yqjE_yqjK_yqjD_yqjC_predicted,0.5,1,1,ACAAGCAGTGTAGTGGGGGA,0,5215601
yqjE_yqjK_yqjD_yqjC_predicted,0.5,1,1,ACAACCCTACCCGGCCAAGG,0,5192463
yqjE_yqjK_yqjD_yqjC_predicted,0.5,1,1,ACAAATTCGTACCTAGGCGG,0,5245260
yqjE_yqjK_yqjD_yqjC_predicted,0.5,1,1,ACAAATGAGAGAGGCTCCCT,0,5223878
yqjE_yqjK_yqjD_yqjC_predicted,0.5,1,1,ACAAATCTCTATTGACATGT,0,5225803
yqjE_yqjK_yqjD_yqjC_predicted,0.5,1,1,ACAAAGAAGACCTTGGGGCA,0,5194299
yqjE_yqjK_yqjD_yqjC_predicted,0.5,1,1,AATTTTAACCAGTGGCAGGC,0,5180242
yqjE_yqjK_yqjD_yqjC_predicted,0.5,1,1,AATTGGCCCGTTTAGTAAGA,0,5193958
yqjE_yqjK_yqjD_yqjC_predicted,0.5,1,1,AATTGGCAGACGAAGTCACT,0,5225008
yqjE_yqjK_yqjD_yqjC_predicted,0.5,1,1,AATTCTATTGGGTATTTGAT,0,5220777
yqjE_yqjK_yqjD_yqjC_predicted,0.5,1,1,AATTCATGTTCCACCCCTTG,0,5199009
yqjE_yqjK_yqjD_yqjC_predicted,0.5,1,1,AATTCAGTGTCATACAAGAC,0,5199895
yqjE_yqjK_yqjD_yqjC_predicted,0.5,1,1,AATTAGGCCTGATACCACAA,0,5237969
yqjE_yqjK_yqjD_yqjC_predicted,0.5,1,1,AATTAATCCATCCCCGGTAC,0,5203417
yqjE_yqjK_yqjD_yqjC_predicted,0.5,1,1,AATTAAAACCCCCCGTGTCG,0,5224246
yqjE_yqjK_yqjD_yqjC_predicted,0.5,1,1,AATGGGTCCTTAGCCTTGTC,0,5188299
yqjE_yqjK_yqjD_yqjC_predicted,0.5,1,1,AATGGCGTAACTACGTAACT,0,5252065
yqjE_yqjK_yqjD_yqjC_predicted,0.5,1,1,AATGGCATGACGCAACGTAC,0,5196074
yqjE_yqjK_yqjD_yqjC_predicted,0.5,1,1,AATGGACGTTACGTAGCCGT,0,5229859
yqjE_yqjK_yqjD_yqjC_predicted,0.5,1,1,AATGCTCGCCCGTCCCCCAC,0,5226479
yqjE_yqjK_yqjD_yqjC_predicted,0.5,1,1,AATGCAGTACTGGACAGTCT,0,5242747
yqjE_yqjK_yqjD_yqjC_predicted,0.5,1,1,AATGATATGCCGTAGTGGGT,0,5225663
yqjE_yqjK_yqjD_yqjC_predicted,0.5,1,1,AATCTTGGCATGAGGTGGCC,0,5213868
yqjE_yqjK_yqjD_yqjC_predicted,0.5,1,1,AATCTTCGTGGGGTACGGGA,0,5254857
yqjE_yqjK_yqjD_yqjC_predicted,0.5,1,1,AATCTTCAGTCGAGGCCAAG,0,5204648
yqjE_yqjK_yqjD_yqjC_predicted,0.5,1,1,AATCTAGAATGTTATGACGC,0,5200379
yqjE_yqjK_yqjD_yqjC_predicted,0.5,1,1,AATCTACACGGCATTCTCTA,0,5239871
yqjE_yqjK_yqjD_yqjC_predicted,0.5,1,1,AATCGGTAACCATGGTTAAA,0,5204438
yqjE_yqjK_yqjD_yqjC_predicted,0.5,1,1,AATCCTACTTTAAATGTTCC,0,5195615
yqjE_yqjK_yqjD_yqjC_predicted,0.5,1,1,AATCCATTTAAACACTTATG,0,5205920
yqjE_yqjK_yqjD_yqjC_predicted,0.5,1,1,AATCCAGATTTTTGTGAGCT,0,5218348
yqjE_yqjK_yqjD_yqjC_predicted,0.5,1,1,AATCCAGATTTTTAAGGAGC,0,5238059
yqjE_yqjK_yqjD_yqjC_predicted,0.5,1,1,AATCAGTGTCATCGAACACC,0,5203630
yqjE_yqjK_yqjD_yqjC_predicted,0.5,1,1,AATATTAGCGCGGGCGAAAT,0,5176620
yqjE_yqjK_yqjD_yqjC_predicted,0.5,1,1,AATATCCGTGCGGTAATCAG,0,5236950
yqjE_yqjK_yqjD_yqjC_predicted,0.5,1,1,AATAGTACACGCACAACGGA,0,5242995
yqjE_yqjK_yqjD_yqjC_predicted,0.5,1,1,AATAGCCGACCTCGCCCGGA,0,5227088
yqjE_yqjK_yqjD_yqjC_predicted,0.5,1,1,AATACGGGCATTGAGGCTTC,0,5223852
yqjE_yqjK_yqjD_yqjC_predicted,0.5,1,1,AATACATGTGTCGCATCAAG,0,5209339
yqjE_yqjK_yqjD_yqjC_predicted,0.5,1,1,AATACAGCGCTTATCCAATT,0,5241967
yqjE_yqjK_yqjD_yqjC_predicted,0.5,1,1,AATAATTCACCTGCTGTGGT,0,5243343
yqjE_yqjK_yqjD_yqjC_predicted,0.5,1,1,AATAAGTTGCACAGCCTCAG,0,5186124
yqjE_yqjK_yqjD_yqjC_predicted,0.5,1,1,AATAAGTGGGTGCTCTCGCG,0,5229090
yqjE_yqjK_yqjD_yqjC_predicted,0.5,1,1,AAGTTATGATATGGCAGACT,0,5250056
yqjE_yqjK_yqjD_yqjC_predicted,0.5,1,1,AAGTGGTACTCATCGGCGAA,0,5260860
yqjE_yqjK_yqjD_yqjC_predicted,0.5,1,1,AAGTGCCTGCGCGTAACCGA,0,5259340
yqjE_yqjK_yqjD_yqjC_predicted,0.5,1,1,AAGTCTGACGCACGCCGTAC,0,5251029
yqjE_yqjK_yqjD_yqjC_predicted,0.5,1,1,AAGTCGTTATTTCCCCAGAG,0,5199559
yqjE_yqjK_yqjD_yqjC_predicted,0.5,1,1,AAGTCGGGTGGCAGGCTTGA,0,5212778
yqjE_yqjK_yqjD_yqjC_predicted,0.5,1,1,AAGTCCCAGGAAATAATACC,0,5178394
yqjE_yqjK_yqjD_yqjC_predicted,0.5,1,1,AAGTCCAATCAACGCGGGAG,0,5208193
yqjE_yqjK_yqjD_yqjC_predicted,0.5,1,1,AAGTATCGCCATCCGAGGTT,0,5188020
yqjE_yqjK_yqjD_yqjC_predicted,0.5,1,1,AAGTAATTCTAATTTCAGGG,0,5227572
yqjE_yqjK_yqjD_yqjC_predicted,0.5,1,1,AAGTAATAGCCCGGATGACC,0,5183731
yqjE_yqjK_yqjD_yqjC_predicted,0.5,1,1,AAGTAATAAATGACTTTTTC,0,5215906
yqjE_yqjK_yqjD_yqjC_predicted,0.5,1,1,AAGGGTAGATCATTTCTAAA,0,5216143
yqjE_yqjK_yqjD_yqjC_predicted,0.5,1,1,AAGGGTAGAAGTATGATACC,0,5186673
yqjE_yqjK_yqjD_yqjC_predicted,0.5,1,1,AAGGGGATTGCCACATTTCA,0,5240468
yqjE_yqjK_yqjD_yqjC_predicted,0.5,1,1,AAGGGCAGACAACGAAGCGT,0,5197386
yqjE_yqjK_yqjD_yqjC_predicted,0.5,1,1,AAGGCTGTTAGCCAGAGATT,0,5241875
yqjE_yqjK_yqjD_yqjC_predicted,0.5,1,1,AAGGCTCCGAGTGGTTAGCG,0,5234506
yqjE_yqjK_yqjD_yqjC_predicted,0.5,1,1,AAGGCAGCTATACTCACGAT,0,5238145
yqjE_yqjK_yqjD_yqjC_predicted,0.5,1,1,AAGGACGCATATAACAGCGG,0,5201470
yqjE_yqjK_yqjD_yqjC_predicted,0.5,1,1,AAGGAATTAACTTGTGCTGC,0,5249012
yqjE_yqjK_yqjD_yqjC_predicted,0.5,1,1,AAGGAATGATTCTAGTGCAG,0,5197469
yqjE_yqjK_yqjD_yqjC_predicted,0.5,1,1,AAGCTGAGCATTCCGTCGTG,0,5186305
yqjE_yqjK_yqjD_yqjC_predicted,0.5,1,1,AAGCGGGCGTATGGGGTTTT,0,5262024
yqjE_yqjK_yqjD_yqjC_predicted,0.5,1,1,AAGCGGCTACAGTGAGACGG,0,5251070
yqjE_yqjK_yqjD_yqjC_predicted,0.5,1,1,AAGCGCTTATTTCGTTTTCA,0,5218852
yqjE_yqjK_yqjD_yqjC_predicted,0.5,1,1,AAGCGCTCCGTGTTCACTGT,0,5255879
yqjE_yqjK_yqjD_yqjC_predicted,0.5,1,1,AAGCCCTGTTATCTGTACAT,0,5223483
yqjE_yqjK_yqjD_yqjC_predicted,0.5,1,1,AAGCATGCTGAATCGAACAT,0,5227888
yqjE_yqjK_yqjD_yqjC_predicted,0.5,1,1,AAGATGCCGTTCGGTTCTGT,0,5225176
yqjE_yqjK_yqjD_yqjC_predicted,0.5,1,1,AAGATCGTGGGCTTAATGGG,0,5256302
yqjE_yqjK_yqjD_yqjC_predicted,0.5,1,1,AAGAGTGCGTTTGAAGGATC,0,5184424
yqjE_yqjK_yqjD_yqjC_predicted,0.5,1,1,AAGAGGGTTCCAGAATCGTG,0,5199953
yqjE_yqjK_yqjD_yqjC_predicted,0.5,1,1,AAGACTTACTACCGATCTCA,0,5186497
yqjE_yqjK_yqjD_yqjC_predicted,0.5,1,1,AAGACAGCGTCGCGAACAGC,0,5228112
yqjE_yqjK_yqjD_yqjC_predicted,0.5,1,1,AAGAATGAAACGAATCATCG,0,5256713
yqjE_yqjK_yqjD_yqjC_predicted,0.5,1,1,AAGAACTTTTTGATCACTTC,0,5222238
yqjE_yqjK_yqjD_yqjC_predicted,0.5,1,1,AACTTGGCGGAACCTTAGCC,0,5208276
yqjE_yqjK_yqjD_yqjC_predicted,0.5,1,1,AACTTCACATACCCATAAGT,0,5237056
yqjE_yqjK_yqjD_yqjC_predicted,0.5,1,1,AACTTAGAAAGTGGAGCTGC,0,5202961
yqjE_yqjK_yqjD_yqjC_predicted,0.5,1,1,AACTGTCAGTAAGCGCAGTC,0,5222197
yqjE_yqjK_yqjD_yqjC_predicted,0.5,1,1,AACTGGTTTAATATCTAACA,0,5193773
yqjE_yqjK_yqjD_yqjC_predicted,0.5,1,1,AACTGCGAAGAGTAGGCTAA,0,5216770
yqjE_yqjK_yqjD_yqjC_predicted,0.5,1,1,AACTCCTTCTGAGGGAAACC,0,5256697
yqjE_yqjK_yqjD_yqjC_predicted,0.5,1,1,AACTAGCCAAAGGAGGATAT,0,5242131
yqjE_yqjK_yqjD_yqjC_predicted,0.5,1,1,AACTACCGATTAAGAACGCT,0,5235107
yqjE_yqjK_yqjD_yqjC_predicted,0.5,1,1,AACGTGTATCACAGCGCACA,0,5246218
yqjE_yqjK_yqjD_yqjC_predicted,0.5,1,1,AACGTGCACAGGAGTAGAAC,0,5251587
yqjE_yqjK_yqjD_yqjC_predicted,0.5,1,1,AACGTGAGTCTAGGTGGACC,0,5197533
yqjE_yqjK_yqjD_yqjC_predicted,0.5,1,1,AACGGTGAACGACCGCTGAA,0,5248763
yqjE_yqjK_yqjD_yqjC_predicted,0.5,1,1,AACGGGATAGTCACAGAGAT,0,5233141
yqjE_yqjK_yqjD_yqjC_predicted,0.5,1,1,AACGGCCTTCCATAATCAGT,0,5255384
yqjE_yqjK_yqjD_yqjC_predicted,0.5,1,1,AACGATTTAGGACGTGCGCG,0,5238206
yqjE_yqjK_yqjD_yqjC_predicted,0.5,1,1,AACCTGCTGTGCTATCGACT,0,5181685
yqjE_yqjK_yqjD_yqjC_predicted,0.5,1,1,AACCTGCCACGTTCGCTGAT,0,5239107
yqjE_yqjK_yqjD_yqjC_predicted,0.5,1,1,AACCGTATGTGTCAGGACTT,0,5261437
yqjE_yqjK_yqjD_yqjC_predicted,0.5,1,1,AACCGCTCGTCCTGGCCTAT,0,5186259
yqjE_yqjK_yqjD_yqjC_predicted,0.5,1,1,AACCGAACGGCGACTAAGTG,0,5220342
yqjE_yqjK_yqjD_yqjC_predicted,0.5,1,1,AACCATTGTCATTAGTAGGA,0,5187694
yqjE_yqjK_yqjD_yqjC_predicted,0.5,1,1,AACCACACTCAGACGACTGA,0,5224966
yqjE_yqjK_yqjD_yqjC_predicted,0.5,1,1,AACCAATGTTGACATCAAAT,0,5190183
yqjE_yqjK_yqjD_yqjC_predicted,0.5,1,1,AACATTGTGGGCCGCGTTGT,0,5198601
yqjE_yqjK_yqjD_yqjC_predicted,0.5,1,1,AACATGGACGCCATCGGGCA,0,5179044
yqjE_yqjK_yqjD_yqjC_predicted,0.5,1,1,AACAGTTGAAACGGGTGCGC,0,5262246
yqjE_yqjK_yqjD_yqjC_predicted,0.5,1,1,AACAGTCAGAAATAGAAGTC,0,5202638
yqjE_yqjK_yqjD_yqjC_predicted,0.5,1,1,AACACGCTGATGATTCGGCT,0,5202815
yqjE_yqjK_yqjD_yqjC_predicted,0.5,1,1,AACACAAGAATGTGGGCCTT,0,5200971
yqjE_yqjK_yqjD_yqjC_predicted,0.5,1,1,AACAATTATGCGGGGGACTG,0,5184537
yqjE_yqjK_yqjD_yqjC_predicted,0.5,1,1,AACAACATCTTAGAGGTGCT,0,5244807
yqjE_yqjK_yqjD_yqjC_predicted,0.5,1,1,AAATTTGGCTTCAACCGATT,0,5174367
yqjE_yqjK_yqjD_yqjC_predicted,0.5,1,1,AAATTTGGAAGACTCTGCCG,0,5239032
yqjE_yqjK_yqjD_yqjC_predicted,0.5,1,1,AAATTCCTATACTCTAAAAA,0,5223438
yqjE_yqjK_yqjD_yqjC_predicted,0.5,1,1,AAATTCCCGGCGACGAACTA,0,5259132
yqjE_yqjK_yqjD_yqjC_predicted,0.5,1,1,AAATTAGCTGAGAATGTAGT,0,5226257
yqjE_yqjK_yqjD_yqjC_predicted,0.5,1,1,AAATGCCTGAATGTGGCCCA,0,5243298
yqjE_yqjK_yqjD_yqjC_predicted,0.5,1,1,AAATGATCCAACGGGGCACT,0,5258143
yqjE_yqjK_yqjD_yqjC_predicted,0.5,1,1,AAATGAGCGCCCAGTCACTT,0,5206546
yqjE_yqjK_yqjD_yqjC_predicted,0.5,1,1,AAATCGTACATTGGACCCAC,0,5182855
yqjE_yqjK_yqjD_yqjC_predicted,0.5,1,1,AAATCGACACACAGGCAACT,0,5224493
yqjE_yqjK_yqjD_yqjC_predicted,0.5,1,1,AAATCAGGGCTGGCTGGTGG,0,5208786
yqjE_yqjK_yqjD_yqjC_predicted,0.5,1,1,AAATCAGACTTGGGATCTCT,0,5208431
yqjE_yqjK_yqjD_yqjC_predicted,0.5,1,1,AAATAGACACCTTTAACTGC,0,5201437
yqjE_yqjK_yqjD_yqjC_predicted,0.5,1,1,AAAGTTGTAGAAAGGGACTT,0,5224387
yqjE_yqjK_yqjD_yqjC_predicted,0.5,1,1,AAAGGGTCAGAGACCGTCGG,0,5203102
yqjE_yqjK_yqjD_yqjC_predicted,0.5,1,1,AAAGGGAGGCAGTGGCAGAG,0,5175744
yqjE_yqjK_yqjD_yqjC_predicted,0.5,1,1,AAAGGGACCGCATGGCTGAA,0,5184117
yqjE_yqjK_yqjD_yqjC_predicted,0.5,1,1,AAAGCTTTACAACAACGCAC,0,5244477
yqjE_yqjK_yqjD_yqjC_predicted,0.5,1,1,AAAGCGCTGTGGGTTGTACG,0,5245447
yqjE_yqjK_yqjD_yqjC_predicted,0.5,1,1,AAAGCAGAGTCTTAGATCGG,0,5214100
yqjE_yqjK_yqjD_yqjC_predicted,0.5,1,1,AAAGATATTAGTACTAACAT,0,5177153
yqjE_yqjK_yqjD_yqjC_predicted,0.5,1,1,AAAGAGCGCTTGCCGAGCGA,0,5233407
yqjE_yqjK_yqjD_yqjC_predicted,0.5,1,1,AAAGAACTCGCGGTCGTTCG,0,5262405
yqjE_yqjK_yqjD_yqjC_predicted,0.5,1,1,AAACTTCAGACACAAGATTA,0,5229835
yqjE_yqjK_yqjD_yqjC_predicted,0.5,1,1,AAACGTTGAATGAATTGCGG,0,5259952
yqjE_yqjK_yqjD_yqjC_predicted,0.5,1,1,AAACGTTCATTGTTTCTTGT,0,5260469
yqjE_yqjK_yqjD_yqjC_predicted,0.5,1,1,AAACGTGTGTCGATGACGAA,0,5249325
yqjE_yqjK_yqjD_yqjC_predicted,0.5,1,1,AAACGGTCTGTGCGGCTGAT,0,5247194
yqjE_yqjK_yqjD_yqjC_predicted,0.5,1,1,AAACGGATCTAGTTGCCCGG,0,5219098
yqjE_yqjK_yqjD_yqjC_predicted,0.5,1,1,AAACAGGTCATAAGTTCACT,0,5217041
yqjE_yqjK_yqjD_yqjC_predicted,0.5,1,1,AAACACGGGTCGGGCATGAG,0,5230507
yqjE_yqjK_yqjD_yqjC_predicted,0.5,1,1,AAAATGTGTCAGGCACGCGG,0,5193502
yqjE_yqjK_yqjD_yqjC_predicted,0.5,1,1,AAAATGATCTACTCAGTAGC,0,5179662
yqjE_yqjK_yqjD_yqjC_predicted,0.5,1,1,AAAATAGTAGAGCCGCGGCA,0,5211523
yqjE_yqjK_yqjD_yqjC_predicted,0.5,1,1,AAAAGTTGTGGTATTGTGAT,0,5192779
yqjE_yqjK_yqjD_yqjC_predicted,0.5,1,1,AAAAGTTGCCCCCCGGCTCG,0,5196126
yqjE_yqjK_yqjD_yqjC_predicted,0.5,1,1,AAAAGGATTTCCGCAGTCCA,0,5210394
yqjE_yqjK_yqjD_yqjC_predicted,0.5,1,1,AAAAGCCCGCCCACCTTATT,0,5230954
yqjE_yqjK_yqjD_yqjC_predicted,0.5,1,1,AAAAGCCCCACACGGCTTAG,0,5240513
yqjE_yqjK_yqjD_yqjC_predicted,0.5,1,1,AAAACTGGGAAGGGGGTCAA,0,5175655
yqjE_yqjK_yqjD_yqjC_predicted,0.5,1,1,AAAACTAGCCTAACATCGGC,0,5257916
yqjE_yqjK_yqjD_yqjC_predicted,0.5,1,1,AAAACATTGGGCTAAGTGGT,0,5216607
yqjE_yqjK_yqjD_yqjC_predicted,0.5,1,1,AAAAATGATCATAAAGATTT,0,5172954
yqjE_yqjK_yqjD_yqjC_predicted,84.0,83,0,ACGCGATCCGCGGCTCAAAT,83,5208120
yqjE_yqjK_yqjD_yqjC_predicted,74.0,73,0,TGATGTTATTGTCTAGGCCT,73,5199174
yqjE_yqjK_yqjD_yqjC_predicted,73.0,72,0,GTTACTTCCCCTAGGAATAT,72,5255514
yqjE_yqjK_yqjD_yqjC_predicted,55.0,54,0,AGCGCAGTCTAATTACACGT,54,5245387
yqjE_yqjK_yqjD_yqjC_predicted,50.0,49,0,CTTGTGTGTTATCAAAGCGT,49,5212028
yqjE_yqjK_yqjD_yqjC_predicted,44.0,43,0,TAGCTGCGGAGGCCTTAGCA,43,5223480
yqjE_yqjK_yqjD_yqjC_predicted,42.0,41,0,GGGTGCCAATAGTCCAACAC,41,5199125
yqjE_yqjK_yqjD_yqjC_predicted,40.0,39,0,GACGGTGCCCACGGAGGCCC,39,5214163
yqjE_yqjK_yqjD_yqjC_predicted,39.0,38,0,TCACCGGGTTAGGCGGGGCT,38,5220748
yqjE_yqjK_yqjD_yqjC_predicted,39.0,38,0,TCAAAGACAGTACTTGTTAG,38,5179233
yqjE_yqjK_yqjD_yqjC_predicted,39.0,38,0,ACCAAGCACGCGTAGCCTCT,38,5245943
yqjE_yqjK_yqjD_yqjC_predicted,38.0,37,0,CAGGTTTAACTAATGAGTAA,37,5249811
yqjE_yqjK_yqjD_yqjC_predicted,36.0,35,0,ACTAGAAACCAGTCGTAGTG,35,5184420
yqjE_yqjK_yqjD_yqjC_predicted,34.0,33,0,CTATGCGAAATCAGGTGGAG,33,5220752
yqjE_yqjK_yqjD_yqjC_predicted,33.0,32,0,TCCCTTTACGTCCCTCCTGT,32,5172503
yqjE_yqjK_yqjD_yqjC_predicted,33.0,32,0,CCTTAAACCACGCTAAAGGT,32,5211888
yqjE_yqjK_yqjD_yqjC_predicted,32.0,31,0,GTTTGTTCGTGCTTGGCGCC,31,5190350
yqjE_yqjK_yqjD_yqjC_predicted,32.0,31,0,GAATTTGCACGTACCGGAAT,31,5196904
yqjE_yqjK_yqjD_yqjC_predicted,32.0,31,0,ATTAGATGCGGGGGAGACTG,31,5181706
yqjE_yqjK_yqjD_yqjC_predicted,31.0,30,0,TGTGTAACCGGCACTCCCTA,30,5184523
yqjE_yqjK_yqjD_yqjC_predicted,31.0,30,0,TATACCGAACGGGTCTACCA,30,5188474
yqjE_yqjK_yqjD_yqjC_predicted,31.0,30,0,GGGCGCTGAGTCCTGGGCTA,30,5241667
yqjE_yqjK_yqjD_yqjC_predicted,31.0,30,0,CTATTGCGGAGCGTTATAAT,30,5192471
yqjE_yqjK_yqjD_yqjC_predicted,31.0,30,0,AGCAGTACTGCGCGCCCATA,30,5189176
yqjE_yqjK_yqjD_yqjC_predicted,30.0,29,0,TTTCTCCCCTTCGTGCTTAA,29,5231773
yqjE_yqjK_yqjD_yqjC_predicted,30.0,29,0,TGTATGGGTGGTCGGTATAA,29,5201781
yqjE_yqjK_yqjD_yqjC_predicted,30.0,29,0,TGGCTCCAAATATAACGCTA,29,5190857
yqjE_yqjK_yqjD_yqjC_predicted,30.0,29,0,TCTGCGTATAAACCCGGCAA,29,5189238
yqjE_yqjK_yqjD_yqjC_predicted,30.0,29,0,GTCCAAGGGGCCTGACTAGG,29,5227657
yqjE_yqjK_yqjD_yqjC_predicted,30.0,29,0,GATTACACGGAACGATCGAA,29,5243990
yqjE_yqjK_yqjD_yqjC_predicted,29.0,28,0,GTATAGGTCAAGAATGCCTC,28,5255538
yqjE_yqjK_yqjD_yqjC_predicted,29.0,28,0,ACGTTGACTTCTCGAGCAGG,28,5244448
yqjE_yqjK_yqjD_yqjC_predicted,28.0,27,0,TTATATATAAATCCGAGTCC,27,5214960
yqjE_yqjK_yqjD_yqjC_predicted,28.0,27,0,TCTATCGAGGATACTAGCAA,27,5217124
yqjE_yqjK_yqjD_yqjC_predicted,28.0,27,0,TCGTTGGTCGGGGTAGATAC,27,5177643
yqjE_yqjK_yqjD_yqjC_predicted,28.0,27,0,TATTGGACGTGGCGACAGGG,27,5261929
yqjE_yqjK_yqjD_yqjC_predicted,28.0,27,0,GCCAGGGCAGCTCCGGGCGT,27,5216685
yqjE_yqjK_yqjD_yqjC_predicted,28.0,27,0,CGCCCGAATATCTGCTCATA,27,5259499
yqjE_yqjK_yqjD_yqjC_predicted,28.0,27,0,CCATTACTTTTCCCGTTCAA,27,5193593
yqjE_yqjK_yqjD_yqjC_predicted,28.0,27,0,ATACTGGAAAGCTCTACACT,27,5238575
yqjE_yqjK_yqjD_yqjC_predicted,27.0,26,0,TGCTGAGACCTTTGTGAGTA,26,5219512
yqjE_yqjK_yqjD_yqjC_predicted,27.0,26,0,TAAAACTCAGCATCCGAGGG,26,5255443
yqjE_yqjK_yqjD_yqjC_predicted,26.0,25,0,TACTTTCAATGACGCAAATT,25,5171455
yqjE_yqjK_yqjD_yqjC_predicted,26.0,25,0,GGTATGGACGGCCATTTAGT,25,5188769
yqjE_yqjK_yqjD_yqjC_predicted,26.0,25,0,GCATCGCGGCAATTTCACGT,25,5196871
yqjE_yqjK_yqjD_yqjC_predicted,25.0,24,0,TGTTCTGCAAGCCTGTAGTA,24,5224881
yqjE_yqjK_yqjD_yqjC_predicted,25.0,24,0,TGCGCAGGGGTCCACCGACA,24,5213690
yqjE_yqjK_yqjD_yqjC_predicted,25.0,24,0,TCTGCTATTCGAATTATTCG,24,5197173
yqjE_yqjK_yqjD_yqjC_predicted,25.0,24,0,TCATAGGTGGTAGTAAAAAG,24,5207441
yqjE_yqjK_yqjD_yqjC_predicted,25.0,24,0,GCACATACCCGATGCCAGGC,24,5186179
yqjE_yqjK_yqjD_yqjC_predicted,25.0,24,0,AGACATAAGACATCGAGCCA,24,5247597
yqjE_yqjK_yqjD_yqjC_predicted,25.0,24,0,ACCTACTTTTGTTTGCCTAA,24,5248199
yqjE_yqjK_yqjD_yqjC_predicted,25.0,24,0,AAAGTCGGAGACTAGCGGTC,24,5209102
yqjE_yqjK_yqjD_yqjC_predicted,24.0,23,0,TTGAAAACGGCTGAACGAGT,23,5259817
yqjE_yqjK_yqjD_yqjC_predicted,24.0,23,0,GTACGTTCAGAACAGGGGTG,23,5223778
yqjE_yqjK_yqjD_yqjC_predicted,24.0,23,0,GGGACTTGCATTCTGTACAC,23,5224381
yqjE_yqjK_yqjD_yqjC_predicted,24.0,23,0,GCGACGCACAGCCACGGAGC,23,5189737
yqjE_yqjK_yqjD_yqjC_predicted,24.0,23,0,GCACTAGGTTCGTTTCCGAA,23,5176148
yqjE_yqjK_yqjD_yqjC_predicted,24.0,23,0,GATGAGGCGGAATGTTCAAT,23,5244101
yqjE_yqjK_yqjD_yqjC_predicted,24.0,23,0,CCCTAAAGACCGAGATGCCC,23,5215711
yqjE_yqjK_yqjD_yqjC_predicted,23.0,22,0,TTCGTAGAGATTCAGGTGTA,22,5222921
yqjE_yqjK_yqjD_yqjC_predicted,23.0,22,0,TCAACGGACTTATGTTCCCT,22,5198341
yqjE_yqjK_yqjD_yqjC_predicted,23.0,22,0,TACTCGTAACTAACATGAAT,22,5199965
yqjE_yqjK_yqjD_yqjC_predicted,23.0,22,0,TACCTCTGAGGCAGGCCGTA,22,5171714
yqjE_yqjK_yqjD_yqjC_predicted,23.0,22,0,GTCCTGAACTAACCAGTGGA,22,5212318
yqjE_yqjK_yqjD_yqjC_predicted,23.0,22,0,GAATGGTTTAGTGGGGCTCA,22,5243043
yqjE_yqjK_yqjD_yqjC_predicted,23.0,22,0,CTCCGCTGGACAGGTAGCGC,22,5210435
yqjE_yqjK_yqjD_yqjC_predicted,23.0,22,0,CGGGAACTTTTCACGTCCAA,22,5245982
yqjE_yqjK_yqjD_yqjC_predicted,23.0,22,0,CGACTTCGCGCGCCGACGTA,22,5188412
yqjE_yqjK_yqjD_yqjC_predicted,23.0,22,0,CCCGAACAGGGAAAAACCCC,22,5171827
yqjE_yqjK_yqjD_yqjC_predicted,23.0,22,0,AAGTACTTAACATTGTCAAT,22,5218843
yqjE_yqjK_yqjD_yqjC_predicted,23.0,22,0,AAGCGACGACATGTTCTCTG,22,5255575
yqjE_yqjK_yqjD_yqjC_predicted,22.0,21,0,TGGAACCCGTAGTATCCTAC,21,5233460
yqjE_yqjK_yqjD_yqjC_predicted,22.0,21,0,GTACTGATCGTTGGTGCGTC,21,5174963
yqjE_yqjK_yqjD_yqjC_predicted,22.0,21,0,GGTCGCACAGCATGGGTTAA,21,5187484
yqjE_yqjK_yqjD_yqjC_predicted,22.0,21,0,GGTCACTACGCTACCATGCA,21,5176561
yqjE_yqjK_yqjD_yqjC_predicted,22.0,21,0,GGAATCCCAGTGGCGCTTTA,21,5242104
yqjE_yqjK_yqjD_yqjC_predicted,22.0,21,0,GCCGGAAAATTTAATAGACT,21,5197629
yqjE_yqjK_yqjD_yqjC_predicted,22.0,21,0,GACGTGCTGCTTGTGTTGAG,21,5175999
yqjE_yqjK_yqjD_yqjC_predicted,22.0,21,0,CCGGCCTCCGAGTTAAAGAA,21,5176714
yqjE_yqjK_yqjD_yqjC_predicted,22.0,21,0,CCACGCGTTCTTGTGTACGA,21,5245058
yqjE_yqjK_yqjD_yqjC_predicted,22.0,21,0,ATTGCCTTTTCGTAGTCGCC,21,5242850
yqjE_yqjK_yqjD_yqjC_predicted,22.0,21,0,ACCGTGGAGATTAGTTTAGG,21,5197866
yqjE_yqjK_yqjD_yqjC_predicted,22.0,21,0,ACCGCTTATGCACTATTAAG,21,5194022
yqjE_yqjK_yqjD_yqjC_predicted,21.0,20,0,TTTATTGTCAGAAGAAGTAC,20,5203216
yqjE_yqjK_yqjD_yqjC_predicted,21.0,20,0,TCGAGCGCGTGTCCTGTTCT,20,5246365
yqjE_yqjK_yqjD_yqjC_predicted,21.0,20,0,GTTATCTCATAGGGAACCCC,20,5233014
yqjE_yqjK_yqjD_yqjC_predicted,21.0,20,0,GGGGCTTCGTTCAACAGTTA,20,5250809
yqjE_yqjK_yqjD_yqjC_predicted,21.0,20,0,CGTTACGTCGGAGGTCAGAA,20,5193782
yqjE_yqjK_yqjD_yqjC_predicted,20.0,19,0,TGACATTATACCCCAACGGT,19,5177644
yqjE_yqjK_yqjD_yqjC_predicted,20.0,19,0,GGTGACGTTCGGCAAGGCTG,19,5177744
yqjE_yqjK_yqjD_yqjC_predicted,20.0,19,0,GCAATTTAGTGTTTGAATCT,19,5190013
yqjE_yqjK_yqjD_yqjC_predicted,20.0,19,0,CTGCTCACCTTCCGTGGCGC,19,5229111
yqjE_yqjK_yqjD_yqjC_predicted,20.0,19,0,AGGACTCTACTCGGCTACAA,19,5227807
yqjE_yqjK_yqjD_yqjC_predicted,20.0,19,0,ACTAGCTTCGCCGGGTCAGC,19,5200908
yqjE_yqjK_yqjD_yqjC_predicted,20.0,19,0,ACCTGTAATCGGGAGGCGCG,19,5222794
yqjE_yqjK_yqjD_yqjC_predicted,20.0,19,0,ACATCAGCATTCGGGGCCAG,19,5205809
yqjE_yqjK_yqjD_yqjC_predicted,19.0,18,0,TTAGAGGACTCTCCTAGGGT,18,5233690
yqjE_yqjK_yqjD_yqjC_predicted,19.0,18,0,TCATCACTAGCCCTTAAAGC,18,5191142
yqjE_yqjK_yqjD_yqjC_predicted,19.0,18,0,TATACTGACCACCGAAGCCT,18,5234039
yqjE_yqjK_yqjD_yqjC_predicted,19.0,18,0,GGGATCCGATGCTGGCCTGA,18,5174512
yqjE_yqjK_yqjD_yqjC_predicted,19.0,18,0,GCTATAACCGACGTCCCTGA,18,5258586
yqjE_yqjK_yqjD_yqjC_predicted,19.0,18,0,GCCCGGCTTGTCCTTGTGTG,18,5189534
yqjE_yqjK_yqjD_yqjC_predicted,19.0,18,0,CTATCCTCCAAGTTTGTCAG,18,5235246
yqjE_yqjK_yqjD_yqjC_predicted,19.0,18,0,CGGCTTACGACCAAGTACCC,18,5179722
yqjE_yqjK_yqjD_yqjC_predicted,19.0,18,0,CCATTGAGTGCTCAAACGAG,18,5174091
yqjE_yqjK_yqjD_yqjC_predicted,19.0,18,0,CCAATGCACGCGGAGTAGAC,18,5250825
yqjE_yqjK_yqjD_yqjC_predicted,19.0,18,0,ACTCTTACGGAGGTATGTAT,18,5176057
yqjE_yqjK_yqjD_yqjC_predicted,18.0,17,0,TGCACAATTCGACATGGTCA,17,5249221
yqjE_yqjK_yqjD_yqjC_predicted,18.0,17,0,TCGCGTGTTAGTGAGTCCGT,17,5194602
yqjE_yqjK_yqjD_yqjC_predicted,18.0,17,0,TATAATCGGGGAACGCGATT,17,5230050
yqjE_yqjK_yqjD_yqjC_predicted,18.0,17,0,GGCTGATAGTCTGCGACTGC,17,5262629
yqjE_yqjK_yqjD_yqjC_predicted,18.0,17,0,GGATGTGAACCCCAACGTGT,17,5192917
yqjE_yqjK_yqjD_yqjC_predicted,18.0,17,0,GCTACGGCACGCCGTGGGGC,17,5218658
yqjE_yqjK_yqjD_yqjC_predicted,18.0,17,0,GACAACGCAGTGGAGGGGCT,17,5224097
yqjE_yqjK_yqjD_yqjC_predicted,18.0,17,0,CTTTGCGACATCCCCAATTC,17,5254348
yqjE_yqjK_yqjD_yqjC_predicted,18.0,17,0,CTTTCTTTATGCCATGTCTC,17,5185863
yqjE_yqjK_yqjD_yqjC_predicted,18.0,17,0,CCCCTGCCCGTACTGGTGCC,17,5229965
yqjE_yqjK_yqjD_yqjC_predicted,18.0,17,0,CACCCGGAGCGACGATGCTG,17,5173935
yqjE_yqjK_yqjD_yqjC_predicted,18.0,17,0,ATTGCTTGACTTCATATAAT,17,5251631
yqjE_yqjK_yqjD_yqjC_predicted,18.0,17,0,ATACGAACTTACTTAACTGC,17,5188795
yqjE_yqjK_yqjD_yqjC_predicted,18.0,17,0,AGAGCATCCTGCCCCAACCT,17,5224184
yqjE_yqjK_yqjD_yqjC_predicted,17.0,16,0,TGGCCCTAGAATTACCATGC,16,5245279
yqjE_yqjK_yqjD_yqjC_predicted,17.0,16,0,TCTAAAGGTAAGTTGCTCGT,16,5217981
yqjE_yqjK_yqjD_yqjC_predicted,17.0,16,0,TCAAAACGGAGCGGTAGTCA,16,5202671
yqjE_yqjK_yqjD_yqjC_predicted,17.0,16,0,TATTTTATAGATGAATTACG,16,5195859
yqjE_yqjK_yqjD_yqjC_predicted,17.0,16,0,TATTGGCCATTTTACTCGCG,16,5236470
yqjE_yqjK_yqjD_yqjC_predicted,17.0,16,0,GTGGCGATGCCTCCAACAGC,16,5220011
yqjE_yqjK_yqjD_yqjC_predicted,17.0,16,0,GTCCGTAACCCCATAGTGGA,16,5198587
yqjE_yqjK_yqjD_yqjC_predicted,17.0,16,0,GTATGTCGGCGGAACAAACG,16,5242682
yqjE_yqjK_yqjD_yqjC_predicted,17.0,16,0,GCTTATGCTGTGATGTCTTC,16,5225326
yqjE_yqjK_yqjD_yqjC_predicted,17.0,16,0,GCGGGGTCTAAGGACTTGTC,16,5198617
yqjE_yqjK_yqjD_yqjC_predicted,17.0,16,0,GAACATCAGCAACAAAGATG,16,5242602
yqjE_yqjK_yqjD_yqjC_predicted,17.0,16,0,CTGGAAATTCTTCTGCCTCG,16,5210031
yqjE_yqjK_yqjD_yqjC_predicted,17.0,16,0,CTCATAAACTCGGCCTGGGA,16,5194919
yqjE_yqjK_yqjD_yqjC_predicted,17.0,16,0,CTAGACTACAATAGTACCAT,16,5229863
yqjE_yqjK_yqjD_yqjC_predicted,17.0,16,0,CGAGTTCGACTCCTAAGTGT,16,5254464
yqjE_yqjK_yqjD_yqjC_predicted,17.0,16,0,CCTGCTTGTGCGCAGATGTG,16,5205426
yqjE_yqjK_yqjD_yqjC_predicted,17.0,16,0,CAGGTTCCGGGTATATCCTC,16,5193010
yqjE_yqjK_yqjD_yqjC_predicted,17.0,16,0,ATTGATCTCCGGCACGCAGG,16,5241070
yqjE_yqjK_yqjD_yqjC_predicted,17.0,16,0,AGTCCCACGTGTAGTTGTCG,16,5239288
yqjE_yqjK_yqjD_yqjC_predicted,17.0,16,0,AGCTCGGGCACCTCTCGGCA,16,5207191
yqjE_yqjK_yqjD_yqjC_predicted,17.0,16,0,AAGTACGGGCGTACAGTAAT,16,5195445
yqjE_yqjK_yqjD_yqjC_predicted,17.0,16,0,AAAAGCCCCCCATGGCAGAT,16,5250560
yqjE_yqjK_yqjD_yqjC_predicted,16.0,15,0,TTGAGGCTGGGTATAGAGCG,15,5184180
yqjE_yqjK_yqjD_yqjC_predicted,16.0,15,0,TCGGAGCGATATGATCTTTC,15,5236765
yqjE_yqjK_yqjD_yqjC_predicted,16.0,15,0,GGTACACTTTGTGATTTTCA,15,5192846
yqjE_yqjK_yqjD_yqjC_predicted,16.0,15,0,GGGTGACTGTGGCCTGTGAT,15,5251160
yqjE_yqjK_yqjD_yqjC_predicted,16.0,15,0,GGCAGGTAGGATCTTATTTA,15,5237437
yqjE_yqjK_yqjD_yqjC_predicted,16.0,15,0,GCTCCATCATCGCGCTTGCA,15,5255907
yqjE_yqjK_yqjD_yqjC_predicted,16.0,15,0,GCGTTTGGGCATTGCCTAGC,15,5199682
yqjE_yqjK_yqjD_yqjC_predicted,16.0,15,0,GCGCGACGCTTTCATTGCGA,15,5257219
yqjE_yqjK_yqjD_yqjC_predicted,16.0,15,0,GCCTAAATTGCCCGTCCTTA,15,5259352
yqjE_yqjK_yqjD_yqjC_predicted,16.0,15,0,GATGACGCTGCCTCGGCGCA,15,5178371
yqjE_yqjK_yqjD_yqjC_predicted,16.0,15,0,GATAAAGGGAAAGCTTTGTT,15,5223561
yqjE_yqjK_yqjD_yqjC_predicted,16.0,15,0,GAGGCTCCTAGGGGTAAAGT,15,5245888
yqjE_yqjK_yqjD_yqjC_predicted,16.0,15,0,CCGAATGGTAATATGGCACA,15,5193447
yqjE_yqjK_yqjD_yqjC_predicted,16.0,15,0,CCCGTGGTTTAGCTCACTAC,15,5222834
yqjE_yqjK_yqjD_yqjC_predicted,16.0,15,0,CCATCGAAAAGAGCACTTCT,15,5255526
yqjE_yqjK_yqjD_yqjC_predicted,16.0,15,0,ATAGCGCCCCGCGAAGGCTT,15,5175811
yqjE_yqjK_yqjD_yqjC_predicted,16.0,15,0,ACTCAAGGCCTATTGTATCT,15,5217668
yqjE_yqjK_yqjD_yqjC_predicted,16.0,15,0,ACAGCAGGTGCAGCGTAGGA,15,5222241
yqjE_yqjK_yqjD_yqjC_predicted,16.0,15,0,AACGACATGCACAACTCTGT,15,5238995
yqjE_yqjK_yqjD_yqjC_predicted,16.0,15,0,AAATACCAGATTACTCTAAT,15,5238294
yqjE_yqjK_yqjD_yqjC_predicted,15.0,14,0,TTTTAGAAACGGGTCTAGAA,14,5181907
yqjE_yqjK_yqjD_yqjC_predicted,15.0,14,0,TAGCTCAAATGTTGGTCTTA,14,5248535
yqjE_yqjK_yqjD_yqjC_predicted,15.0,14,0,TAGCATCTCCGGCCTGGAAT,14,5173006
yqjE_yqjK_yqjD_yqjC_predicted,15.0,14,0,TACTTGTCCTAAGCTTACAC,14,5179319
yqjE_yqjK_yqjD_yqjC_predicted,15.0,14,0,GGACACCGTATAGCAACCAC,14,5253486
yqjE_yqjK_yqjD_yqjC_predicted,15.0,14,0,CTCAATAGCCACTGGTCAGC,14,5249266
yqjE_yqjK_yqjD_yqjC_predicted,15.0,14,0,CTAATCTTTAAGAACCCGCC,14,5200421
yqjE_yqjK_yqjD_yqjC_predicted,15.0,14,0,CCTGCCGAGCGATCCTTCTG,14,5175335
yqjE_yqjK_yqjD_yqjC_predicted,15.0,14,0,ATCGGACTTTCGCTTTTACT,14,5216245
yqjE_yqjK_yqjD_yqjC_predicted,15.0,14,0,AGGTACTGCAATCTAGCACC,14,5183716
yqjE_yqjK_yqjD_yqjC_predicted,15.0,14,0,AGGGATCTGGGTGGTTCTGC,14,5196620
yqjE_yqjK_yqjD_yqjC_predicted,15.0,14,0,AGATTACAGGGGAGAACTTC,14,5176619
yqjE_yqjK_yqjD_yqjC_predicted,15.0,14,0,AGATCACGTTCGTGACTTAG,14,5227994
yqjE_yqjK_yqjD_yqjC_predicted,15.0,14,0,ACGCTGGGGGGACCAGTAGA,14,5188944
yqjE_yqjK_yqjD_yqjC_predicted,14.0,13,0,TACTATACCTTGGTTTGACT,13,5219201
yqjE_yqjK_yqjD_yqjC_predicted,14.0,13,0,GTGTTGTTTTGTAATGAAGG,13,5214180
yqjE_yqjK_yqjD_yqjC_predicted,14.0,13,0,GGCATCGAAGAGCAGTCTGT,13,5183780
yqjE_yqjK_yqjD_yqjC_predicted,14.0,13,0,GCTGAGCACCACTTGTGGTT,13,5244065
yqjE_yqjK_yqjD_yqjC_predicted,14.0,13,0,GCAACAAACGGATTAAGCTT,13,5240008
yqjE_yqjK_yqjD_yqjC_predicted,14.0,13,0,GATAGTCGTTGAAGAGGTAA,13,5231706
yqjE_yqjK_yqjD_yqjC_predicted,14.0,13,0,CTTGTACGGCGTTGATTGGA,13,5229121
yqjE_yqjK_yqjD_yqjC_predicted,14.0,13,0,CTCATCGCATTGGTGGAGAT,13,5176186
yqjE_yqjK_yqjD_yqjC_predicted,14.0,13,0,CGGAACCCTGTGTGTGTTGC,13,5176569
yqjE_yqjK_yqjD_yqjC_predicted,14.0,13,0,CCGGATGTTAGTCCAGGGGT,13,5197631
yqjE_yqjK_yqjD_yqjC_predicted,14.0,13,0,CAGGTGCGGCTGAGGACTCC,13,5253987
yqjE_yqjK_yqjD_yqjC_predicted,14.0,13,0,CAGGTCCAGAGAAAGAAGAC,13,5171069
yqjE_yqjK_yqjD_yqjC_predicted,14.0,13,0,ATTCAAGGATTGGAAACGCC,13,5175489
yqjE_yqjK_yqjD_yqjC_predicted,14.0,13,0,ACCACCTCCAGTATAATACA,13,5253023
yqjE_yqjK_yqjD_yqjC_predicted,14.0,13,0,AATTCAACCGCACGTAGCGT,13,5260964
yqjE_yqjK_yqjD_yqjC_predicted,13.0,12,0,TTGGACAATCGACGCCTTAA,12,5249721
yqjE_yqjK_yqjD_yqjC_predicted,13.0,12,0,TTACTGTAACTAAGGCCAGC,12,5250559
yqjE_yqjK_yqjD_yqjC_predicted,13.0,12,0,TGTTGTGCTGGCCGCCAAGG,12,5219458
yqjE_yqjK_yqjD_yqjC_predicted,13.0,12,0,TGACTTTCCAAGACTGGGTA,12,5238374
yqjE_yqjK_yqjD_yqjC_predicted,13.0,12,0,TACTGGCACACTCGGGCATT,12,5232714
yqjE_yqjK_yqjD_yqjC_predicted,13.0,12,0,TACGAGGCAGACGCATTATG,12,5176467
yqjE_yqjK_yqjD_yqjC_predicted,13.0,12,0,TAATACCTAAGGCAAGAGGG,12,5255858
yqjE_yqjK_yqjD_yqjC_predicted,13.0,12,0,GTTCAGTCGAAGCCGCGGCT,12,5238189
yqjE_yqjK_yqjD_yqjC_predicted,13.0,12,0,GTACAAGCACATAGTGCCAT,12,5197444
yqjE_yqjK_yqjD_yqjC_predicted,13.0,12,0,GGGGCCACGTTAAAAAGTTC,12,5202092
yqjE_yqjK_yqjD_yqjC_predicted,13.0,12,0,GGACGTCTGCTGGGAATGCA,12,5208677
yqjE_yqjK_yqjD_yqjC_predicted,13.0,12,0,GCAGTCGTTAGTGTCTCCTT,12,5197250
yqjE_yqjK_yqjD_yqjC_predicted,13.0,12,0,GACCATGTCTAAGATCGGAT,12,5214215
yqjE_yqjK_yqjD_yqjC_predicted,13.0,12,0,GAATACTCATGCTTAACTCC,12,5250493
yqjE_yqjK_yqjD_yqjC_predicted,13.0,12,0,CGGGGATTTTAAGAAATCTT,12,5171950
yqjE_yqjK_yqjD_yqjC_predicted,13.0,12,0,CGGATATATCATATAATTTA,12,5197047
yqjE_yqjK_yqjD_yqjC_predicted,13.0,12,0,CGAGTCACCAATAAACGGTT,12,5235803
yqjE_yqjK_yqjD_yqjC_predicted,13.0,12,0,CCTAGTGAAAGGCAAGTCTT,12,5201994
yqjE_yqjK_yqjD_yqjC_predicted,13.0,12,0,CCCTTAACAGGGCGTGAGGG,12,5220628
yqjE_yqjK_yqjD_yqjC_predicted,13.0,12,0,CCCACACCCAAGCGATAGAC,12,5201142
yqjE_yqjK_yqjD_yqjC_predicted,13.0,12,0,CATCTACGACTCGCATGGCT,12,5230062
yqjE_yqjK_yqjD_yqjC_predicted,13.0,12,0,CACGAATGCGCAGGGCCGAT,12,5233653
yqjE_yqjK_yqjD_yqjC_predicted,13.0,12,0,CAAATCGTCTGGAGGTCCCA,12,5191856
yqjE_yqjK_yqjD_yqjC_predicted,13.0,12,0,ATTGCTTCAGGTATATCAAA,12,5252322
yqjE_yqjK_yqjD_yqjC_predicted,13.0,12,0,ATCACAGATGACCGAGGATA,12,5193302
yqjE_yqjK_yqjD_yqjC_predicted,13.0,12,0,ATCACACACCCATTTGCTTT,12,5194149
yqjE_yqjK_yqjD_yqjC_predicted,13.0,12,0,AGGTCAGGAGCTCACCCGTT,12,5237195
yqjE_yqjK_yqjD_yqjC_predicted,13.0,12,0,AGAGGCGCAAGATAATATAT,12,5262936
yqjE_yqjK_yqjD_yqjC_predicted,13.0,12,0,ACGTTTATTCTTTGAAAACT,12,5231095
yqjE_yqjK_yqjD_yqjC_predicted,13.0,12,0,ACAGATCTTGTTAATTACCC,12,5204159
yqjE_yqjK_yqjD_yqjC_predicted,13.0,12,0,AAGTTTCCCAGTTCTATTGA,12,5254230
yqjE_yqjK_yqjD_yqjC_predicted,13.0,12,0,AACTTACCCGTCTCCGATCT,12,5180957
yqjE_yqjK_yqjD_yqjC_predicted,13.0,12,0,AACACGCGAGCGTCTGGACA,12,5220081
yqjE_yqjK_yqjD_yqjC_predicted,13.0,12,0,AAATTCAAGACGTGGACTAG,12,5256345
yqjE_yqjK_yqjD_yqjC_predicted,12.0,11,0,TTGGACACGATCGTGTACGA,11,5191992
yqjE_yqjK_yqjD_yqjC_predicted,12.0,11,0,TTGCCTCCCTTATTATATGG,11,5258995
yqjE_yqjK_yqjD_yqjC_predicted,12.0,11,0,TTCCATCGTTTAATTGCGCC,11,5226136
yqjE_yqjK_yqjD_yqjC_predicted,12.0,11,0,TGGAACACCTACCCGCGGGG,11,5198582
yqjE_yqjK_yqjD_yqjC_predicted,12.0,11,0,TGCCAAACGCCCTTCGCGGT,11,5183950
yqjE_yqjK_yqjD_yqjC_predicted,12.0,11,0,TCAGCAGTGGTACATTCAAA,11,5174012
yqjE_yqjK_yqjD_yqjC_predicted,12.0,11,0,TCAAGACTGAACCGTGTCAT,11,5172175
yqjE_yqjK_yqjD_yqjC_predicted,12.0,11,0,TACCAATGTGTAGGTCATGG,11,5219933
yqjE_yqjK_yqjD_yqjC_predicted,12.0,11,0,TAATTTTCCTGCAGTCTTAA,11,5244097
yqjE_yqjK_yqjD_yqjC_predicted,12.0,11,0,GTAACGAAGTGTTATGATAG,11,5210748
yqjE_yqjK_yqjD_yqjC_predicted,12.0,11,0,GGGGTTGCCACGTGCCTCCG,11,5215267
yqjE_yqjK_yqjD_yqjC_predicted,12.0,11,0,GGGAGAAGTGCAAAAGAGAC,11,5234155
yqjE_yqjK_yqjD_yqjC_predicted,12.0,11,0,GGCTGAACGATGCGCGGGGC,11,5182237
yqjE_yqjK_yqjD_yqjC_predicted,12.0,11,0,GATATATGCAAGGGCGCGAA,11,5195147
yqjE_yqjK_yqjD_yqjC_predicted,12.0,11,0,GAATTGGGTGGCCGATAAAG,11,5251794
yqjE_yqjK_yqjD_yqjC_predicted,12.0,11,0,GAACGACGTCTAACTCCGCT,11,5228374
yqjE_yqjK_yqjD_yqjC_predicted,12.0,11,0,CTGGTCCTTGGGGTTCAATT,11,5193749
yqjE_yqjK_yqjD_yqjC_predicted,12.0,11,0,CTCAATTGCTTCCCGTCATC,11,5177020
yqjE_yqjK_yqjD_yqjC_predicted,12.0,11,0,CGGGGTATTCGTAAACATTT,11,5213298
yqjE_yqjK_yqjD_yqjC_predicted,12.0,11,0,CGCAACATCCACCTCGATAA,11,5214814
yqjE_yqjK_yqjD_yqjC_predicted,12.0,11,0,CGAAACCGTGAAGAGTTCGA,11,5196923
yqjE_yqjK_yqjD_yqjC_predicted,12.0,11,0,CCTGGAGACGAACTAAGGCT,11,5214971
yqjE_yqjK_yqjD_yqjC_predicted,12.0,11,0,CACCGGGGATAAGAACGGAA,11,5227453
yqjE_yqjK_yqjD_yqjC_predicted,12.0,11,0,CAAGTTAAGTTCCAGACCTA,11,5173870
yqjE_yqjK_yqjD_yqjC_predicted,12.0,11,0,CAAGGAAACCGCTGCAGACG,11,5220666
yqjE_yqjK_yqjD_yqjC_predicted,12.0,11,0,ATTGGATATATTCCTAGCTC,11,5223255
yqjE_yqjK_yqjD_yqjC_predicted,12.0,11,0,ATTCGCAGTTATACAGGGAT,11,5207096
yqjE_yqjK_yqjD_yqjC_predicted,12.0,11,0,AGTGATTAGTTGTAATGAGA,11,5221957
yqjE_yqjK_yqjD_yqjC_predicted,12.0,11,0,AGCCTCTCGATCTTCGCGAT,11,5173585
yqjE_yqjK_yqjD_yqjC_predicted,12.0,11,0,AGCCCTTAAAGCCTCATTCT,11,5213694
yqjE_yqjK_yqjD_yqjC_predicted,12.0,11,0,AGAACTACAAGGCGTTACTC,11,5247924
yqjE_yqjK_yqjD_yqjC_predicted,12.0,11,0,ACTGTTTAGTGTACGCGAGC,11,5204140
yqjE_yqjK_yqjD_yqjC_predicted,12.0,11,0,AAATCTCTTTAAGTGTGCTC,11,5236260
yqjE_yqjK_yqjD_yqjC_predicted,12.0,11,0,AAACTCGTTCACAAATGCGT,11,5198270
yqjE_yqjK_yqjD_yqjC_predicted,11.0,10,0,TTTCAGACGAGATTTGGCGG,10,5198654
yqjE_yqjK_yqjD_yqjC_predicted,11.0,10,0,TTTAAGCTGCTCGTGAGGCT,10,5176683
yqjE_yqjK_yqjD_yqjC_predicted,11.0,10,0,TTGCAGTCCCCTAACCGAGA,10,5253703
yqjE_yqjK_yqjD_yqjC_predicted,11.0,10,0,TTCCCGTCAAGCTATTTCAT,10,5220428
yqjE_yqjK_yqjD_yqjC_predicted,11.0,10,0,TTACAATCGATAATTCGCGC,10,5177029
yqjE_yqjK_yqjD_yqjC_predicted,11.0,10,0,TTAATGCGGCCGATTTGGAT,10,5257811
yqjE_yqjK_yqjD_yqjC_predicted,11.0,10,0,TGCGCCTCGTACGGTATCGA,10,5260169
yqjE_yqjK_yqjD_yqjC_predicted,11.0,10,0,TGCGACCAACAGCATCTCCT,10,5176962
yqjE_yqjK_yqjD_yqjC_predicted,11.0,10,0,TCTCGTTAATACACATAGCC,10,5248240
yqjE_yqjK_yqjD_yqjC_predicted,11.0,10,0,TCTAGTGTGTTGAGTACCCC,10,5209502
yqjE_yqjK_yqjD_yqjC_predicted,11.0,10,0,TCATGAGTTTGGATAGCATC,10,5206424
yqjE_yqjK_yqjD_yqjC_predicted,11.0,10,0,TAGCCTCCCGAAGGCCCCCT,10,5190893
yqjE_yqjK_yqjD_yqjC_predicted,11.0,10,0,TACGGAGTTAGTGGACTCCA,10,5217775
yqjE_yqjK_yqjD_yqjC_predicted,11.0,10,0,GTCTGGTGTTATAGGGGTTT,10,5235279
yqjE_yqjK_yqjD_yqjC_predicted,11.0,10,0,GGGTCATCGCGTAGGACAGA,10,5187703
yqjE_yqjK_yqjD_yqjC_predicted,11.0,10,0,GGGCAACTCCTATCTAGGAT,10,5261425
yqjE_yqjK_yqjD_yqjC_predicted,11.0,10,0,GCCAAAGCCTGCGGGCATCC,10,5211384
yqjE_yqjK_yqjD_yqjC_predicted,11.0,10,0,GCATTATTAGTATGGACGCA,10,5181277
yqjE_yqjK_yqjD_yqjC_predicted,11.0,10,0,GCATATGGTACCGATCGTTT,10,5190746
yqjE_yqjK_yqjD_yqjC_predicted,11.0,10,0,GAAGCTACAGCGGGCTGTTC,10,5208092
yqjE_yqjK_yqjD_yqjC_predicted,11.0,10,0,CTTCTGGTCGGAGGCCCTTC,10,5228593
yqjE_yqjK_yqjD_yqjC_predicted,11.0,10,0,CTACGGAACGGGTTCTCTAC,10,5233567
yqjE_yqjK_yqjD_yqjC_predicted,11.0,10,0,CTAACTTCGAACCGCAAGCG,10,5190146
yqjE_yqjK_yqjD_yqjC_predicted,11.0,10,0,CGTCCTTATGGTATGCGACG,10,5183928
yqjE_yqjK_yqjD_yqjC_predicted,11.0,10,0,CGGGTCCCAGAATCAGCTTC,10,5228702
yqjE_yqjK_yqjD_yqjC_predicted,11.0,10,0,CCGGCAAGGGATTGTGGTTT,10,5219353
yqjE_yqjK_yqjD_yqjC_predicted,11.0,10,0,CCAGGACAACCCTTATAGGC,10,5175721
yqjE_yqjK_yqjD_yqjC_predicted,11.0,10,0,CACGGCCAGCGTTACTTCCA,10,5246789
yqjE_yqjK_yqjD_yqjC_predicted,11.0,10,0,ATAGGAGTGTCTGTCCTAGG,10,5259549
yqjE_yqjK_yqjD_yqjC_predicted,11.0,10,0,AGGTCCACACGGGCAATAAT,10,5232731
yqjE_yqjK_yqjD_yqjC_predicted,11.0,10,0,AGGGGCAAAACCACTTACAC,10,5223159
yqjE_yqjK_yqjD_yqjC_predicted,11.0,10,0,AGCACTTGTCTTTACTATCA,10,5179381
yqjE_yqjK_yqjD_yqjC_predicted,11.0,10,0,AGATCTCTGGGAGTTCTACC,10,5203699
yqjE_yqjK_yqjD_yqjC_predicted,11.0,10,0,ACGTGGCTCATCGCCAATCG,10,5223860
yqjE_yqjK_yqjD_yqjC_predicted,11.0,10,0,ACGCTCAGAGTCCTATTAAT,10,5191825
yqjE_yqjK_yqjD_yqjC_predicted,11.0,10,0,AATACCGAATGCCTTTAGTA,10,5213497
yqjE_yqjK_yqjD_yqjC_predicted,11.0,10,0,AAATGCGCCGAATTGGACCA,10,5176775
yqjE_yqjK_yqjD_yqjC_predicted,10.0,9,0,TGTTGTCTAGCACGCGTTGA,9,5201586
yqjE_yqjK_yqjD_yqjC_predicted,10.0,9,0,TGCACACAAGTATGCTCTTT,9,5206084
yqjE_yqjK_yqjD_yqjC_predicted,10.0,9,0,TATTCGGAATGACGCACTGT,9,5248022
yqjE_yqjK_yqjD_yqjC_predicted,10.0,9,0,GTGGAACTCCAAAACATGGG,9,5213060
yqjE_yqjK_yqjD_yqjC_predicted,10.0,9,0,GTCTTGTTGACTGGACGGGA,9,5183463
yqjE_yqjK_yqjD_yqjC_predicted,10.0,9,0,GTCACGCGATCGCATACCGC,9,5261415
yqjE_yqjK_yqjD_yqjC_predicted,10.0,9,0,GTAAGCGCCCTGAACTTCGT,9,5260185
yqjE_yqjK_yqjD_yqjC_predicted,10.0,9,0,GGCCGGACTCTCTTTAGTTT,9,5231245
yqjE_yqjK_yqjD_yqjC_predicted,10.0,9,0,GATAACGTTCGGGGGCCACC,9,5239251
yqjE_yqjK_yqjD_yqjC_predicted,10.0,9,0,GACAGAGGCTCCTAGCGCAA,9,5185562
yqjE_yqjK_yqjD_yqjC_predicted,10.0,9,0,GACAGAACTCGCGTCGGATC,9,5205104
yqjE_yqjK_yqjD_yqjC_predicted,10.0,9,0,CTCCTAGATCTCTTAGGGGG,9,5179394
yqjE_yqjK_yqjD_yqjC_predicted,10.0,9,0,CTATTACTTGACCGTGGCGT,9,5179032
yqjE_yqjK_yqjD_yqjC_predicted,10.0,9,0,CTAATCAATCCAGGTTCAAC,9,5184635
yqjE_yqjK_yqjD_yqjC_predicted,10.0,9,0,CGGGTTTTACCGGGTGAAAG,9,5192585
yqjE_yqjK_yqjD_yqjC_predicted,10.0,9,0,CCGGTTAATCGCTAGCGTAG,9,5214556
yqjE_yqjK_yqjD_yqjC_predicted,10.0,9,0,CCGCCACGTCTTGGCCCTCT,9,5254017
yqjE_yqjK_yqjD_yqjC_predicted,10.0,9,0,CCCGACATAGTTACGTGGAC,9,5183217
yqjE_yqjK_yqjD_yqjC_predicted,10.0,9,0,CATCCTCTTATCAGTGGGTA,9,5177053
yqjE_yqjK_yqjD_yqjC_predicted,10.0,9,0,CACTTCGGAAGTCACGCGGG,9,5191509
yqjE_yqjK_yqjD_yqjC_predicted,10.0,9,0,ATTCTTTCCCAAGCAAATTT,9,5178301
yqjE_yqjK_yqjD_yqjC_predicted,10.0,9,0,ATGGAGTGATTCTCAGTGGC,9,5256409
yqjE_yqjK_yqjD_yqjC_predicted,10.0,9,0,ATAGGTAACCGTAGCGGCTA,9,5188110
yqjE_yqjK_yqjD_yqjC_predicted,10.0,9,0,AGTATGCGTGTACGGTAGTA,9,5216084
yqjE_yqjK_yqjD_yqjC_predicted,10.0,9,0,AGGTTTCGCTACAGTGGTTT,9,5191346
yqjE_yqjK_yqjD_yqjC_predicted,10.0,9,0,AGAGCCTGGGTGAGGTGTAC,9,5227999
yqjE_yqjK_yqjD_yqjC_predicted,10.0,9,0,ACTTAGTCCTTTAGACGGTG,9,5222156
yqjE_yqjK_yqjD_yqjC_predicted,10.0,9,0,ACGTGGTGCGATGCCGATGT,9,5170816
yqjE_yqjK_yqjD_yqjC_predicted,10.0,9,0,ACGGGATAAGGGGCGTCCAC,9,5194371
yqjE_yqjK_yqjD_yqjC_predicted,10.0,9,0,ACGCGAGGGCACAATAATCT,9,5199760
yqjE_yqjK_yqjD_yqjC_predicted,10.0,9,0,ACATCGCTTGGACCCGAGCT,9,5234824
yqjE_yqjK_yqjD_yqjC_predicted,10.0,9,0,AAAACAGATGCTAAGCTTTT,9,5205395
yqjE_yqjK_yqjD_yqjC_predicted,9.0,8,0,TTCTCTGCTGTTAATGTCGG,8,5245694
yqjE_yqjK_yqjD_yqjC_predicted,9.0,8,0,TTCAAACGGCAAGACAAAAA,8,5226652
yqjE_yqjK_yqjD_yqjC_predicted,9.0,8,0,TTAAAGTCATGGAAATTTCT,8,5178498
yqjE_yqjK_yqjD_yqjC_predicted,9.0,8,0,TGGTCTAATGCTTAGGCTCT,8,5240520
yqjE_yqjK_yqjD_yqjC_predicted,9.0,8,0,TGAAGGGGTAACAGGGGAGT,8,5219722
yqjE_yqjK_yqjD_yqjC_predicted,9.0,8,0,TCTTCAACTCTCAAGTGTGA,8,5198466
yqjE_yqjK_yqjD_yqjC_predicted,9.0,8,0,TCGCTACGACAGTTGCGGTA,8,5211663
yqjE_yqjK_yqjD_yqjC_predicted,9.0,8,0,TCCGGAACATCGCTTTATGA,8,5214928
yqjE_yqjK_yqjD_yqjC_predicted,9.0,8,0,TAGATAAAAACCGTATAGGA,8,5259775
yqjE_yqjK_yqjD_yqjC_predicted,9.0,8,0,GTACAGGGAGTCCTTGCCTC,8,5262969
yqjE_yqjK_yqjD_yqjC_predicted,9.0,8,0,GGTATATCGGGGGAATGTAG,8,5192712
yqjE_yqjK_yqjD_yqjC_predicted,9.0,8,0,GGATCGGGATGTGCATAAAT,8,5185551
yqjE_yqjK_yqjD_yqjC_predicted,9.0,8,0,GCTCTGCAGTTTTTTCTTAG,8,5180004
yqjE_yqjK_yqjD_yqjC_predicted,9.0,8,0,GCTAATGAGTCCCGAAATCT,8,5228324
yqjE_yqjK_yqjD_yqjC_predicted,9.0,8,0,GCCTGATATTGGACTCCAGA,8,5203468
yqjE_yqjK_yqjD_yqjC_predicted,9.0,8,0,GCCCTCACAACCAGTGTGGA,8,5236620
yqjE_yqjK_yqjD_yqjC_predicted,9.0,8,0,GAGATAATATGCTCATCCGT,8,5180298
yqjE_yqjK_yqjD_yqjC_predicted,9.0,8,0,CTTCCTTTGACCAAGCCCAA,8,5208870
yqjE_yqjK_yqjD_yqjC_predicted,9.0,8,0,CTGCGGGCCGAGCAATTCAG,8,5247494
yqjE_yqjK_yqjD_yqjC_predicted,9.0,8,0,CTCCTTTAACCGAGACTCAA,8,5197460
yqjE_yqjK_yqjD_yqjC_predicted,9.0,8,0,CTCATATAGACTACAAATAT,8,5247055
yqjE_yqjK_yqjD_yqjC_predicted,9.0,8,0,CGACATCAGGATAGCCTTAA,8,5215411
yqjE_yqjK_yqjD_yqjC_predicted,9.0,8,0,CGAATTCGCGTGAATTATGA,8,5241494
yqjE_yqjK_yqjD_yqjC_predicted,9.0,8,0,CGAACAAGCGGCTTGTGTAT,8,5234653
yqjE_yqjK_yqjD_yqjC_predicted,9.0,8,0,CGAAAGCGGAACAAGATACA,8,5197715
yqjE_yqjK_yqjD_yqjC_predicted,9.0,8,0,CCTGCCCCATTCTAGTCTGA,8,5207003
yqjE_yqjK_yqjD_yqjC_predicted,9.0,8,0,CCCGCCCAGTATGATGGTCA,8,5221628
yqjE_yqjK_yqjD_yqjC_predicted,9.0,8,0,CACGAGCCGTATGCCTGAAT,8,5246378
yqjE_yqjK_yqjD_yqjC_predicted,9.0,8,0,ATGGTTCATGTCGGGCACAC,8,5237594
yqjE_yqjK_yqjD_yqjC_predicted,9.0,8,0,ATGCATCCCCAGATCAGGCC,8,5181401
yqjE_yqjK_yqjD_yqjC_predicted,9.0,8,0,ATAACTAGCTCCCAACGTTC,8,5204879
yqjE_yqjK_yqjD_yqjC_predicted,9.0,8,0,AGTTCATTTGGAACCCGGGT,8,5200791
yqjE_yqjK_yqjD_yqjC_predicted,9.0,8,0,AGACCCTCCCTACCAGAAGA,8,5196257
yqjE_yqjK_yqjD_yqjC_predicted,9.0,8,0,AGACCCGCGAAGATATCAGT,8,5262268
yqjE_yqjK_yqjD_yqjC_predicted,9.0,8,0,ACGCTAACTTGAGGTAAGCT,8,5214096
yqjE_yqjK_yqjD_yqjC_predicted,9.0,8,0,AATGTCGCGAAGACGTATAA,8,5219262
yqjE_yqjK_yqjD_yqjC_predicted,9.0,8,0,AACGCGAATAGATAAGGCTT,8,5233559
yqjE_yqjK_yqjD_yqjC_predicted,8.0,7,0,TTTGACGGTGCGTGTGTTCA,7,5226416
yqjE_yqjK_yqjD_yqjC_predicted,8.0,7,0,TTCTCCTTCACGGATGGGTC,7,5240367
yqjE_yqjK_yqjD_yqjC_predicted,8.0,7,0,TGTCTTGCTGCGTCGAGGGC,7,5183194
yqjE_yqjK_yqjD_yqjC_predicted,8.0,7,0,TGACGTCCACGGGGCGAGGG,7,5181410
yqjE_yqjK_yqjD_yqjC_predicted,8.0,7,0,TCTGCAGGGTAAGGAGTGGT,7,5239770
yqjE_yqjK_yqjD_yqjC_predicted,8.0,7,0,TCGATGCGTTGGGCCTGTCC,7,5233769
yqjE_yqjK_yqjD_yqjC_predicted,8.0,7,0,TCATTCTGGACACACCAGGC,7,5248946
yqjE_yqjK_yqjD_yqjC_predicted,8.0,7,0,TCAATAATAGAGTACGCGCA,7,5173912
yqjE_yqjK_yqjD_yqjC_predicted,8.0,7,0,TAATCAGGTTTAATTTCAGC,7,5261349
yqjE_yqjK_yqjD_yqjC_predicted,8.0,7,0,GTCACCTAGGACGGGCGTTA,7,5229561
yqjE_yqjK_yqjD_yqjC_predicted,8.0,7,0,GGTTACTCCAACATCACCAA,7,5247173
yqjE_yqjK_yqjD_yqjC_predicted,8.0,7,0,GGGGCTCTACACCGTTACTT,7,5212816
yqjE_yqjK_yqjD_yqjC_predicted,8.0,7,0,GGGCCTCAGGCTACAACGCT,7,5211745
yqjE_yqjK_yqjD_yqjC_predicted,8.0,7,0,GGAGGTCCGGCAAGCTGTTT,7,5238573
yqjE_yqjK_yqjD_yqjC_predicted,8.0,7,0,GCGGTCCGCGTGACCGGCCT,7,5234088
yqjE_yqjK_yqjD_yqjC_predicted,8.0,7,0,GCAGTCGTTAGCGTTGTTGA,7,5182098
yqjE_yqjK_yqjD_yqjC_predicted,8.0,7,0,GAGGAGCCCATCCTTACCTG,7,5228847
yqjE_yqjK_yqjD_yqjC_predicted,8.0,7,0,GACTCAGTCATCGGTGAACG,7,5189712
yqjE_yqjK_yqjD_yqjC_predicted,8.0,7,0,GACGCCAGACACAAGAGGGC,7,5247859
yqjE_yqjK_yqjD_yqjC_predicted,8.0,7,0,CTACGCTTGTACGCAGCATC,7,5239548
yqjE_yqjK_yqjD_yqjC_predicted,8.0,7,0,CGGTTCAAGAGGCTCTGCCG,7,5259151
yqjE_yqjK_yqjD_yqjC_predicted,8.0,7,0,CGGTTACGTTCTCGTGGGGT,7,5214802
yqjE_yqjK_yqjD_yqjC_predicted,8.0,7,0,CGGCGGAACCGCACCGCCGT,7,5188516
yqjE_yqjK_yqjD_yqjC_predicted,8.0,7,0,CGAGTGCGGCTACGTGAGCG,7,5217460
yqjE_yqjK_yqjD_yqjC_predicted,8.0,7,0,CGACCTACCCAACGGTATTT,7,5223965
yqjE_yqjK_yqjD_yqjC_predicted,8.0,7,0,CCTAGTGTTACCTTTGTTCA,7,5238453
yqjE_yqjK_yqjD_yqjC_predicted,8.0,7,0,CCTAGGATCTACGCCAGGGT,7,5207919
yqjE_yqjK_yqjD_yqjC_predicted,8.0,7,0,CCGAATCCGGGTACAGGACG,7,5237113
yqjE_yqjK_yqjD_yqjC_predicted,8.0,7,0,CATGTCGCGTACGCAGCCCA,7,5255354
yqjE_yqjK_yqjD_yqjC_predicted,8.0,7,0,CATCGCACACGCTTGCTAAC,7,5260301
yqjE_yqjK_yqjD_yqjC_predicted,8.0,7,0,CAGGCGGGATCCGGAGACCA,7,5234301
yqjE_yqjK_yqjD_yqjC_predicted,8.0,7,0,CAGCGCCGGCTCTCGGGTCA,7,5236712
yqjE_yqjK_yqjD_yqjC_predicted,8.0,7,0,CACATCTCCCCGCTCCTAGA,7,5260892
yqjE_yqjK_yqjD_yqjC_predicted,8.0,7,0,ATTTAACCTCCGGGCGAATC,7,5208684
yqjE_yqjK_yqjD_yqjC_predicted,8.0,7,0,ATTAGCGAAAAGCTTATGTA,7,5247224
yqjE_yqjK_yqjD_yqjC_predicted,8.0,7,0,ATCTCGCTGTTTGACATTAT,7,5212074
yqjE_yqjK_yqjD_yqjC_predicted,8.0,7,0,AGCGTACGCTGACAGTGAGA,7,5191910
yqjE_yqjK_yqjD_yqjC_predicted,8.0,7,0,AGATTACAGCGTCTGTAACT,7,5252655
yqjE_yqjK_yqjD_yqjC_predicted,8.0,7,0,AGACCCTGTGATTGCAGGGT,7,5185219
yqjE_yqjK_yqjD_yqjC_predicted,8.0,7,0,ACGTTGCTGAAAGGGGCGTA,7,5223328
yqjE_yqjK_yqjD_yqjC_predicted,8.0,7,0,ACCCCGTCGATCCCAGGCCT,7,5222918
yqjE_yqjK_yqjD_yqjC_predicted,8.0,7,0,AAGCATTTCTCTTTAGCCTG,7,5186423
yqjE_yqjK_yqjD_yqjC_predicted,8.0,7,0,AACTGGTAGTCAGTTGAATC,7,5197867
yqjE_yqjK_yqjD_yqjC_predicted,8.0,7,0,AACCCACTTGAACCTTGCGA,7,5203042
yqjE_yqjK_yqjD_yqjC_predicted,8.0,7,0,AAATTACTCAAGGGGAGCAC,7,5172604
yqjE_yqjK_yqjD_yqjC_predicted,7.0,6,0,TTCGCGCCCATGCCAGTCCC,6,5206322
yqjE_yqjK_yqjD_yqjC_predicted,7.0,6,0,TTCATACATACCCAGGTACT,6,5223577
yqjE_yqjK_yqjD_yqjC_predicted,7.0,6,0,TGTAACGGAAGTTACTAATC,6,5211162
yqjE_yqjK_yqjD_yqjC_predicted,7.0,6,0,TGGGATTTTGGATGTTGCTA,6,5206226
yqjE_yqjK_yqjD_yqjC_predicted,7.0,6,0,TCTCGTACCTGGGCCTTCCA,6,5179597
yqjE_yqjK_yqjD_yqjC_predicted,7.0,6,0,TCGTCTACAGTGATAAAGGT,6,5177454
yqjE_yqjK_yqjD_yqjC_predicted,7.0,6,0,TCGCTGTGATGATGCGACGA,6,5200317
yqjE_yqjK_yqjD_yqjC_predicted,7.0,6,0,TCGAGAAGTTTGTGGTACAC,6,5209680
yqjE_yqjK_yqjD_yqjC_predicted,7.0,6,0,TCAGCACGGGCTTCACAGCT,6,5186738
yqjE_yqjK_yqjD_yqjC_predicted,7.0,6,0,TATCAGACGAATCCGCTGTT,6,5179997
yqjE_yqjK_yqjD_yqjC_predicted,7.0,6,0,TAAGGCCGAGCAACTACACG,6,5201847
yqjE_yqjK_yqjD_yqjC_predicted,7.0,6,0,TAAACGGTGACTCGAAAGGA,6,5185302
yqjE_yqjK_yqjD_yqjC_predicted,7.0,6,0,GTTGCCAGGATCGTCCTGGC,6,5174658
yqjE_yqjK_yqjD_yqjC_predicted,7.0,6,0,GTGGTACGCTAGATTGATTG,6,5205939
yqjE_yqjK_yqjD_yqjC_predicted,7.0,6,0,GTGGCCTGTACTGATAGCCC,6,5176270
yqjE_yqjK_yqjD_yqjC_predicted,7.0,6,0,GGAGGAGAATTCAAAAACTG,6,5204299
yqjE_yqjK_yqjD_yqjC_predicted,7.0,6,0,GCGATATGGACCCTCATCGT,6,5198592
yqjE_yqjK_yqjD_yqjC_predicted,7.0,6,0,GCAGTAAGACAGTACTTTTT,6,5240928
yqjE_yqjK_yqjD_yqjC_predicted,7.0,6,0,GATCGGTTGATCTAACATGG,6,5253678
yqjE_yqjK_yqjD_yqjC_predicted,7.0,6,0,GATAACCGCTATGATAGACA,6,5218828
yqjE_yqjK_yqjD_yqjC_predicted,7.0,6,0,GAGTGCCCAATGGGTCGGTC,6,5193072
yqjE_yqjK_yqjD_yqjC_predicted,7.0,6,0,GAGGGCGCATACGATTCGCA,6,5189957
yqjE_yqjK_yqjD_yqjC_predicted,7.0,6,0,CTATATAGCCGACCCGATCA,6,5256029
yqjE_yqjK_yqjD_yqjC_predicted,7.0,6,0,CTAACGTCATACCTGCCACC,6,5246316
yqjE_yqjK_yqjD_yqjC_predicted,7.0,6,0,CGCTAGTCATCAGAGATTTG,6,5226071
yqjE_yqjK_yqjD_yqjC_predicted,7.0,6,0,CGCGTTGGGGACCACGTACT,6,5253088
yqjE_yqjK_yqjD_yqjC_predicted,7.0,6,0,CGATCACCTTTAGTGAGAGT,6,5243308
yqjE_yqjK_yqjD_yqjC_predicted,7.0,6,0,CCCTTCAGGAATCTGACTTG,6,5173577
yqjE_yqjK_yqjD_yqjC_predicted,7.0,6,0,CCCGCATAGAATTACGCTCT,6,5218146
yqjE_yqjK_yqjD_yqjC_predicted,7.0,6,0,CATTGAGGGCCAAAAGTTAG,6,5219391
yqjE_yqjK_yqjD_yqjC_predicted,7.0,6,0,CATGCCTTGTATCTCATCTT,6,5201607
yqjE_yqjK_yqjD_yqjC_predicted,7.0,6,0,CATAATTCGCCCAGGCGATA,6,5201073
yqjE_yqjK_yqjD_yqjC_predicted,7.0,6,0,CAGGTACTAGCCAGGGAGTG,6,5203787
yqjE_yqjK_yqjD_yqjC_predicted,7.0,6,0,CACGCTGCATGCCCGGGGTT,6,5259074
yqjE_yqjK_yqjD_yqjC_predicted,7.0,6,0,ATTGATACTTAAGTGGGTCA,6,5171776
yqjE_yqjK_yqjD_yqjC_predicted,7.0,6,0,ATGAGCCTTAGATGTTTCTC,6,5250330
yqjE_yqjK_yqjD_yqjC_predicted,7.0,6,0,ATCCGCCACAGCGCCTTAAC,6,5227585
yqjE_yqjK_yqjD_yqjC_predicted,7.0,6,0,ATCAATTCTGGTCGTTTTTC,6,5219716
yqjE_yqjK_yqjD_yqjC_predicted,7.0,6,0,AGGACGTGAGTCCCGGAGTT,6,5245413
yqjE_yqjK_yqjD_yqjC_predicted,7.0,6,0,AGACTACCCGGACAAGTTTG,6,5237212
yqjE_yqjK_yqjD_yqjC_predicted,7.0,6,0,ACTCAGGTAGGTGCCTACGA,6,5250027
yqjE_yqjK_yqjD_yqjC_predicted,7.0,6,0,ACTATGTCCTCCAGGACTCA,6,5173267
yqjE_yqjK_yqjD_yqjC_predicted,7.0,6,0,ACGGCCGTTCCAGTTCGGGA,6,5205886
yqjE_yqjK_yqjD_yqjC_predicted,7.0,6,0,ACGCTTTAGCATATGAGAAT,6,5192540
yqjE_yqjK_yqjD_yqjC_predicted,7.0,6,0,ACGACGGCAATAGCCCGCCT,6,5233464
yqjE_yqjK_yqjD_yqjC_predicted,7.0,6,0,ACCTTGGTCATACAAGCTTC,6,5251721
yqjE_yqjK_yqjD_yqjC_predicted,7.0,6,0,ACCTAAAAACTCCATGCTTG,6,5178710
yqjE_yqjK_yqjD_yqjC_predicted,7.0,6,0,AATAAGCGTTTCGATCCTAT,6,5188796
yqjE_yqjK_yqjD_yqjC_predicted,6.0,5,0,TTTCCACGGCGGTGGTGAGA,5,5206316
yqjE_yqjK_yqjD_yqjC_predicted,6.0,5,0,TTGTTCATTCCCGCTTTCCT,5,5233175
yqjE_yqjK_yqjD_yqjC_predicted,6.0,5,0,TTCCTCTCGAACCCGGTTAT,5,5185018
yqjE_yqjK_yqjD_yqjC_predicted,6.0,5,0,TTCAAATACGCCTTGGCTTA,5,5235892
yqjE_yqjK_yqjD_yqjC_predicted,6.0,5,0,TTATGAGCCCTAGGCAATAC,5,5208210
yqjE_yqjK_yqjD_yqjC_predicted,6.0,5,0,TGTTTGCTTTCAGACACGAA,5,5257623
yqjE_yqjK_yqjD_yqjC_predicted,6.0,5,0,TGTTGTCAGTTCGGCAGGTT,5,5186417
yqjE_yqjK_yqjD_yqjC_predicted,6.0,5,0,TGTCTCTTAGATCGACAAAC,5,5182682
yqjE_yqjK_yqjD_yqjC_predicted,6.0,5,0,TGCGACTGAGACTAAAAGCA,5,5196592
yqjE_yqjK_yqjD_yqjC_predicted,6.0,5,0,TGCCAAAAGTCTAATCGCCC,5,5185532
yqjE_yqjK_yqjD_yqjC_predicted,6.0,5,0,TGATTCCGACGCTGCAACCA,5,5184733
yqjE_yqjK_yqjD_yqjC_predicted,6.0,5,0,TCGGCACCATATTAAGCAAC,5,5256623
yqjE_yqjK_yqjD_yqjC_predicted,6.0,5,0,TCCACTCCCGCAAGTTACGC,5,5179248
yqjE_yqjK_yqjD_yqjC_predicted,6.0,5,0,TATTGTAAGCAGGGCTGCTT,5,5220765
yqjE_yqjK_yqjD_yqjC_predicted,6.0,5,0,TATCCGCACAACAGTAAGGG,5,5191718
yqjE_yqjK_yqjD_yqjC_predicted,6.0,5,0,TATAAGCCCGCCTGGGTGCC,5,5194499
yqjE_yqjK_yqjD_yqjC_predicted,6.0,5,0,TAACCTCATTTGAGTGCTCC,5,5189569
yqjE_yqjK_yqjD_yqjC_predicted,6.0,5,0,TAACATGTGTCTTAAACAGT,5,5202909
yqjE_yqjK_yqjD_yqjC_predicted,6.0,5,0,GTTATACAACGCACATCTAA,5,5235053
yqjE_yqjK_yqjD_yqjC_predicted,6.0,5,0,GGTTTGCGGGGATTATATAA,5,5252446
yqjE_yqjK_yqjD_yqjC_predicted,6.0,5,0,GGTAGTAGGAAGGCTCGGTT,5,5186645
yqjE_yqjK_yqjD_yqjC_predicted,6.0,5,0,GGCGCATTTCGTTATTTACC,5,5174008
yqjE_yqjK_yqjD_yqjC_predicted,6.0,5,0,GGAGATTAGGATTGTTTTCC,5,5254405
yqjE_yqjK_yqjD_yqjC_predicted,6.0,5,0,GCGTCGTAGCACGCGGAACA,5,5179956
yqjE_yqjK_yqjD_yqjC_predicted,6.0,5,0,GCCTTTTTACGGGGGCAAAA,5,5252430
yqjE_yqjK_yqjD_yqjC_predicted,6.0,5,0,CTTCTGCAGGTTGATATCGG,5,5234251
yqjE_yqjK_yqjD_yqjC_predicted,6.0,5,0,CTGCTAAGTTTAATAGAGCA,5,5189099
yqjE_yqjK_yqjD_yqjC_predicted,6.0,5,0,CTCTCCATTACGTCGGAAGA,5,5193339
yqjE_yqjK_yqjD_yqjC_predicted,6.0,5,0,CTCGTGTGATGAACCAGCAG,5,5217897
yqjE_yqjK_yqjD_yqjC_predicted,6.0,5,0,CTATTTACTATCCCGAGAGA,5,5197817
yqjE_yqjK_yqjD_yqjC_predicted,6.0,5,0,CGGGGCTCCCGAATCCCTCC,5,5192402
yqjE_yqjK_yqjD_yqjC_predicted,6.0,5,0,CGCCCCTATCACGAAACGCT,5,5249157
yqjE_yqjK_yqjD_yqjC_predicted,6.0,5,0,CGATGGCTTATCATGAGCTT,5,5179406
yqjE_yqjK_yqjD_yqjC_predicted,6.0,5,0,CGACGCGCATGAATGCCATT,5,5201893
yqjE_yqjK_yqjD_yqjC_predicted,6.0,5,0,CGAAGTTGGGTAAAATGAGG,5,5251576
yqjE_yqjK_yqjD_yqjC_predicted,6.0,5,0,CCTCGCATACGGAGTTTAAT,5,5240214
yqjE_yqjK_yqjD_yqjC_predicted,6.0,5,0,CCGCGACGGCGCTGATGGTA,5,5226820
yqjE_yqjK_yqjD_yqjC_predicted,6.0,5,0,CCCGGGTTCGTCATCGTCTA,5,5217866
yqjE_yqjK_yqjD_yqjC_predicted,6.0,5,0,CAGTGCGAAAAATACGATAA,5,5181758
yqjE_yqjK_yqjD_yqjC_predicted,6.0,5,0,CACGCGTACCTAAGCCGCCA,5,5250635
yqjE_yqjK_yqjD_yqjC_predicted,6.0,5,0,CAAGGGGTTAGAATGACCAA,5,5259623
yqjE_yqjK_yqjD_yqjC_predicted,6.0,5,0,CAAGACACTGTCCGCCGGTA,5,5257215
yqjE_yqjK_yqjD_yqjC_predicted,6.0,5,0,ATGGGTTGATAGAAAGGGAA,5,5171195
yqjE_yqjK_yqjD_yqjC_predicted,6.0,5,0,ATATTGGGCTGACATGCGCA,5,5187299
yqjE_yqjK_yqjD_yqjC_predicted,6.0,5,0,ATACTTTGAAGTGGCTTTCT,5,5182459
yqjE_yqjK_yqjD_yqjC_predicted,6.0,5,0,ATAAGCCCCAACGAAAAGGT,5,5243423
yqjE_yqjK_yqjD_yqjC_predicted,6.0,5,0,ACTTCCGGCTTCCTCGGGCT,5,5237128
yqjE_yqjK_yqjD_yqjC_predicted,6.0,5,0,ACTGGACATTGAACGGGCGT,5,5183617
yqjE_yqjK_yqjD_yqjC_predicted,6.0,5,0,ACTGCTAATCGTGTACCATC,5,5172756
yqjE_yqjK_yqjD_yqjC_predicted,6.0,5,0,ACTCAACGCCGATAATAGTA,5,5226012
yqjE_yqjK_yqjD_yqjC_predicted,6.0,5,0,ACCTTCGAACATCTGATATC,5,5206378
yqjE_yqjK_yqjD_yqjC_predicted,6.0,5,0,ACCATATTCATCTCCCTTCA,5,5244930
yqjE_yqjK_yqjD_yqjC_predicted,6.0,5,0,ACAGGGCAGAACGCGCTACC,5,5184895
yqjE_yqjK_yqjD_yqjC_predicted,6.0,5,0,AATGTTCACCCGAGACGCGT,5,5202386
yqjE_yqjK_yqjD_yqjC_predicted,6.0,5,0,AAGAACCCGGCAAATCAGGG,5,5233983
yqjE_yqjK_yqjD_yqjC_predicted,5.0,4,0,TTTTCCATGACATTGACCAT,4,5252075
yqjE_yqjK_yqjD_yqjC_predicted,5.0,4,0,TTGTCGTGGTACTCTAGCAA,4,5226106
yqjE_yqjK_yqjD_yqjC_predicted,5.0,4,0,TTGGCCAGCAGACGCCGGCT,4,5216113
yqjE_yqjK_yqjD_yqjC_predicted,5.0,4,0,TTAGCGGCCTACTCTTCAGT,4,5240804
yqjE_yqjK_yqjD_yqjC_predicted,5.0,4,0,TGGTAAGGGTATCGTTGGCA,4,5237539
yqjE_yqjK_yqjD_yqjC_predicted,5.0,4,0,TGGCTGAGCGCCCCTCGGGG,4,5227192
yqjE_yqjK_yqjD_yqjC_predicted,5.0,4,0,TCTCCTCCTTCTTTTTGGTA,4,5235660
yqjE_yqjK_yqjD_yqjC_predicted,5.0,4,0,TCGTAGGAGTCGCCAGGGCC,4,5243975
yqjE_yqjK_yqjD_yqjC_predicted,5.0,4,0,TCCTGATACACAGGGTGAAT,4,5257246
yqjE_yqjK_yqjD_yqjC_predicted,5.0,4,0,TCAGATCCATTAGAATGTAA,4,5237742
yqjE_yqjK_yqjD_yqjC_predicted,5.0,4,0,TATGCGTGCCCGCATATCGT,4,5178422
yqjE_yqjK_yqjD_yqjC_predicted,5.0,4,0,TATCTTACATCTCTACACAT,4,5237521
yqjE_yqjK_yqjD_yqjC_predicted,5.0,4,0,TAGGGGTTTTTCGACCACAT,4,5208904
yqjE_yqjK_yqjD_yqjC_predicted,5.0,4,0,TAGCGGTCTCTGACATGAAA,4,5237025
yqjE_yqjK_yqjD_yqjC_predicted,5.0,4,0,TACTTTTTTAAACATATCTC,4,5198819
yqjE_yqjK_yqjD_yqjC_predicted,5.0,4,0,TAAGCGCACAGATCTAAGAG,4,5175232
yqjE_yqjK_yqjD_yqjC_predicted,5.0,4,0,GTGCTCGCTTAGGATGGAGT,4,5171824
yqjE_yqjK_yqjD_yqjC_predicted,5.0,4,0,GTCTTTCTAACAAATCGCCC,4,5250161
yqjE_yqjK_yqjD_yqjC_predicted,5.0,4,0,GGGGTCCCCGCCCACATTCA,4,5258444
yqjE_yqjK_yqjD_yqjC_predicted,5.0,4,0,GGGAGAGAGACGCCTAGTTG,4,5204990
yqjE_yqjK_yqjD_yqjC_predicted,5.0,4,0,GGCTGCCAGCCGCGGTAACT,4,5188111
yqjE_yqjK_yqjD_yqjC_predicted,5.0,4,0,GGCGGGAGGGGAGTTCAACC,4,5200240
yqjE_yqjK_yqjD_yqjC_predicted,5.0,4,0,GGCGAATATGCTCCTATTTT,4,5212661
yqjE_yqjK_yqjD_yqjC_predicted,5.0,4,0,GGCAGGAAGCGACTGGCGAA,4,5209711
yqjE_yqjK_yqjD_yqjC_predicted,5.0,4,0,GCTACACAAGCAAGGGTCCA,4,5187146
yqjE_yqjK_yqjD_yqjC_predicted,5.0,4,0,GCCCAGCACGTTAGGTTTGA,4,5242513
yqjE_yqjK_yqjD_yqjC_predicted,5.0,4,0,GATCGGCGCCGCAATCGATA,4,5198303
yqjE_yqjK_yqjD_yqjC_predicted,5.0,4,0,GATATATTTACATTAGTTCA,4,5207951
yqjE_yqjK_yqjD_yqjC_predicted,5.0,4,0,GAGGGGGGGTAGCCCCCCCT,4,5261463
yqjE_yqjK_yqjD_yqjC_predicted,5.0,4,0,GAACAGTCAACGCACTAATC,4,5216134
yqjE_yqjK_yqjD_yqjC_predicted,5.0,4,0,CTTTCCCAACGCCAGTGAGA,4,5239887
yqjE_yqjK_yqjD_yqjC_predicted,5.0,4,0,CTTCTGCGCTGAAGCTGCGG,4,5253482
yqjE_yqjK_yqjD_yqjC_predicted,5.0,4,0,CTGCTTAGTAGGGGTGTTCC,4,5243836
yqjE_yqjK_yqjD_yqjC_predicted,5.0,4,0,CTGCGCATTGAGGCGCGATA,4,5195831
yqjE_yqjK_yqjD_yqjC_predicted,5.0,4,0,CTGACTACGGCGACAAGAGA,4,5180744
yqjE_yqjK_yqjD_yqjC_predicted,5.0,4,0,CTCTCCACCCGACCTACAAA,4,5218321
yqjE_yqjK_yqjD_yqjC_predicted,5.0,4,0,CTCGATAGGCATGTCGAATT,4,5239350
yqjE_yqjK_yqjD_yqjC_predicted,5.0,4,0,CTCATGGCGCGTTACAATGG,4,5215055
yqjE_yqjK_yqjD_yqjC_predicted,5.0,4,0,CTCAGCTACCCTTATCGTTC,4,5229466
yqjE_yqjK_yqjD_yqjC_predicted,5.0,4,0,CGTTAGTTGGACTCTCGAAC,4,5225741
yqjE_yqjK_yqjD_yqjC_predicted,5.0,4,0,CGTCTGATGGAATCTTCACG,4,5255047
yqjE_yqjK_yqjD_yqjC_predicted,5.0,4,0,CGTATCATTTCCGCTTCGTA,4,5185734
yqjE_yqjK_yqjD_yqjC_predicted,5.0,4,0,CGTACTCTAGCCTTGGCCAA,4,5190908
yqjE_yqjK_yqjD_yqjC_predicted,5.0,4,0,CGTAACTGCGCCACGGAGAT,4,5210993
yqjE_yqjK_yqjD_yqjC_predicted,5.0,4,0,CGGTGTCAAGGTGTGATCCT,4,5209460
yqjE_yqjK_yqjD_yqjC_predicted,5.0,4,0,CGCTTCGCTATTGCGCTGTC,4,5233808
yqjE_yqjK_yqjD_yqjC_predicted,5.0,4,0,CGATAAATTGCGTCGGGATG,4,5230903
yqjE_yqjK_yqjD_yqjC_predicted,5.0,4,0,CGACTGCTAGATCTTGCGAT,4,5182845
yqjE_yqjK_yqjD_yqjC_predicted,5.0,4,0,CCTGGTTTGGGGACCCTAGG,4,5212857
yqjE_yqjK_yqjD_yqjC_predicted,5.0,4,0,CCTCGTAGTTGGTATCGAGC,4,5241940
yqjE_yqjK_yqjD_yqjC_predicted,5.0,4,0,CCGGTACACGGGGGTAGACG,4,5185698
yqjE_yqjK_yqjD_yqjC_predicted,5.0,4,0,CCGGGCGTTCTAAACTCCCT,4,5205312
yqjE_yqjK_yqjD_yqjC_predicted,5.0,4,0,CCGGCTTTCGAGGATGTCAA,4,5179150
yqjE_yqjK_yqjD_yqjC_predicted,5.0,4,0,CCCCACGTACTCCTGGGTGG,4,5227258
yqjE_yqjK_yqjD_yqjC_predicted,5.0,4,0,CCAGGCCAAAAGAATGGGCA,4,5195882
yqjE_yqjK_yqjD_yqjC_predicted,5.0,4,0,CATTCTCGCGCGTCATTCCC,4,5239103
yqjE_yqjK_yqjD_yqjC_predicted,5.0,4,0,CAGGCATCCCTTCCCGGGAT,4,5255567
yqjE_yqjK_yqjD_yqjC_predicted,5.0,4,0,CAAAGAGTATCCGTGCCGCT,4,5248313
yqjE_yqjK_yqjD_yqjC_predicted,5.0,4,0,ATTGGAAGGACAGGAGGGAC,4,5240878
yqjE_yqjK_yqjD_yqjC_predicted,5.0,4,0,ATGTGTCCCGGCGGGAGACA,4,5203068
yqjE_yqjK_yqjD_yqjC_predicted,5.0,4,0,ATGTGCTCTAAACAGTTCCA,4,5240845
yqjE_yqjK_yqjD_yqjC_predicted,5.0,4,0,ATCGGTGTCCTCGGCTGCCA,4,5224423
yqjE_yqjK_yqjD_yqjC_predicted,5.0,4,0,ATCGATGCGAAACTTGTCGC,4,5206827
yqjE_yqjK_yqjD_yqjC_predicted,5.0,4,0,ATCGAGTTACTTCAGCTGGG,4,5192654
yqjE_yqjK_yqjD_yqjC_predicted,5.0,4,0,ATAGGGGTTTAAACGCCGGA,4,5250907
yqjE_yqjK_yqjD_yqjC_predicted,5.0,4,0,ATACGCGACTCCACATAGTA,4,5215279
yqjE_yqjK_yqjD_yqjC_predicted,5.0,4,0,AGGGCGACTGAGCAACTATA,4,5219101
yqjE_yqjK_yqjD_yqjC_predicted,5.0,4,0,AATGGTCCTGAAGTAAAAGT,4,5182663
yqjE_yqjK_yqjD_yqjC_predicted,5.0,4,0,AATGGAAAATGGGAGACAGG,4,5188312
yqjE_yqjK_yqjD_yqjC_predicted,5.0,4,0,AAGTATTTGATACGGTTTGC,4,5234189
yqjE_yqjK_yqjD_yqjC_predicted,5.0,4,0,AAGGTTATCAGTCTTAACGA,4,5214845
yqjE_yqjK_yqjD_yqjC_predicted,5.0,4,0,AAGGGTATGTATCAAGCTTC,4,5255544
yqjE_yqjK_yqjD_yqjC_predicted,5.0,4,0,AACGGCCAGGTGTGTCTGGC,4,5237027
yqjE_yqjK_yqjD_yqjC_predicted,5.0,4,0,AACCAAGGCTCGGATCAGAG,4,5200846
yqjE_yqjK_yqjD_yqjC_predicted,4.0,3,0,TTTTAGATCTAGAGGTGTTC,3,5255267
yqjE_yqjK_yqjD_yqjC_predicted,4.0,3,0,TTTACCTCCGCAGTGCTATA,3,5248656
yqjE_yqjK_yqjD_yqjC_predicted,4.0,3,0,TTCCCCCCGCACGATGCAAC,3,5241338
yqjE_yqjK_yqjD_yqjC_predicted,4.0,3,0,TTCACCTCCGGTCCTCGTGC,3,5226929
yqjE_yqjK_yqjD_yqjC_predicted,4.0,3,0,TTATGTTGGGGCCGAGCCTA,3,5195424
yqjE_yqjK_yqjD_yqjC_predicted,4.0,3,0,TGTAGTGCCAGCCCAAAAAG,3,5225311
yqjE_yqjK_yqjD_yqjC_predicted,4.0,3,0,TGTAGAGGCCAGAGCAAGGA,3,5193007
yqjE_yqjK_yqjD_yqjC_predicted,4.0,3,0,TGGTTTGAGAATTTACGAGT,3,5199141
yqjE_yqjK_yqjD_yqjC_predicted,4.0,3,0,TGGCAACGAGCACTAATGGT,3,5183042
yqjE_yqjK_yqjD_yqjC_predicted,4.0,3,0,TGCTCATGAATCCATGATTC,3,5212708
yqjE_yqjK_yqjD_yqjC_predicted,4.0,3,0,TGCCAGCGAATACCAGAGAG,3,5246420
yqjE_yqjK_yqjD_yqjC_predicted,4.0,3,0,TGATTATTAGGACACCGCAA,3,5243978
yqjE_yqjK_yqjD_yqjC_predicted,4.0,3,0,TGATGTATTCGACCCCGTTA,3,5172640
yqjE_yqjK_yqjD_yqjC_predicted,4.0,3,0,TGATAGAGCGACCCGGTGTG,3,5181819
yqjE_yqjK_yqjD_yqjC_predicted,4.0,3,0,TCTAAGGTGGTGCTTCCGAG,3,5198356
yqjE_yqjK_yqjD_yqjC_predicted,4.0,3,0,TCCGTCCGCGTTTATTGACT,3,5181455
yqjE_yqjK_yqjD_yqjC_predicted,4.0,3,0,TCCGCCGCAATCAGAACCAT,3,5175258
yqjE_yqjK_yqjD_yqjC_predicted,4.0,3,0,TCCCAGGCGAATCGGGTTGA,3,5207889
yqjE_yqjK_yqjD_yqjC_predicted,4.0,3,0,TCAGTCCAGCCGTCCAAACT,3,5235481
yqjE_yqjK_yqjD_yqjC_predicted,4.0,3,0,TCAGGGCGAAGACCGTGGAA,3,5221562
yqjE_yqjK_yqjD_yqjC_predicted,4.0,3,0,TATTTTGTTCTGCCAGGATT,3,5185523
yqjE_yqjK_yqjD_yqjC_predicted,4.0,3,0,TATTGTACACTAAGCGAGCG,3,5224178
yqjE_yqjK_yqjD_yqjC_predicted,4.0,3,0,TAGGGCCGAATACGATCCGG,3,5205092
yqjE_yqjK_yqjD_yqjC_predicted,4.0,3,0,TAGGATATTGGCGGTGGTTA,3,5210098
yqjE_yqjK_yqjD_yqjC_predicted,4.0,3,0,TACTTCTATAGTATCCATGG,3,5227340
yqjE_yqjK_yqjD_yqjC_predicted,4.0,3,0,TACTTATATATTAATTGTGG,3,5199131
yqjE_yqjK_yqjD_yqjC_predicted,4.0,3,0,TACCGTCCAACGCGATTTGG,3,5211139
yqjE_yqjK_yqjD_yqjC_predicted,4.0,3,0,TAAGGACGCTTCTTTCCTCA,3,5214672
yqjE_yqjK_yqjD_yqjC_predicted,4.0,3,0,TAAGACTTTTTTTCCTGCCC,3,5246350
yqjE_yqjK_yqjD_yqjC_predicted,4.0,3,0,TAACAGAGCAACTTAATTGG,3,5247802
yqjE_yqjK_yqjD_yqjC_predicted,4.0,3,0,GTTCCTTCACGCCATCCTAC,3,5222378
yqjE_yqjK_yqjD_yqjC_predicted,4.0,3,0,GTGTACCCCTAGGACGGTAT,3,5183930
yqjE_yqjK_yqjD_yqjC_predicted,4.0,3,0,GTCCGTAACATAGTATTCAG,3,5222759
yqjE_yqjK_yqjD_yqjC_predicted,4.0,3,0,GTCATCCGCGCGGCCTGGGT,3,5218512
yqjE_yqjK_yqjD_yqjC_predicted,4.0,3,0,GTATGGGATATACCGGAAAT,3,5218355
yqjE_yqjK_yqjD_yqjC_predicted,4.0,3,0,GGTCGCTATCCCTCACACAG,3,5237361
yqjE_yqjK_yqjD_yqjC_predicted,4.0,3,0,GGGAACAGAAGGATGGTGTG,3,5204302
yqjE_yqjK_yqjD_yqjC_predicted,4.0,3,0,GGCGAACTTCAGCCTTGACA,3,5208620
yqjE_yqjK_yqjD_yqjC_predicted,4.0,3,0,GGCACACGGGAGACGTGTAA,3,5239344
yqjE_yqjK_yqjD_yqjC_predicted,4.0,3,0,GGCAACGGGGGGGGCGGACG,3,5252180
yqjE_yqjK_yqjD_yqjC_predicted,4.0,3,0,GGATACGCTGGTTCGTTCCC,3,5237907
yqjE_yqjK_yqjD_yqjC_predicted,4.0,3,0,GGACACTTAAACTTGCCGAA,3,5259927
yqjE_yqjK_yqjD_yqjC_predicted,4.0,3,0,GCTTGCCTGAACGTACTAAG,3,5229553
yqjE_yqjK_yqjD_yqjC_predicted,4.0,3,0,GCGTGTCAATTGGCTGTATT,3,5254421
yqjE_yqjK_yqjD_yqjC_predicted,4.0,3,0,GCGAAGCCAGTACCCCAGCC,3,5191603
yqjE_yqjK_yqjD_yqjC_predicted,4.0,3,0,GCCATTGCGGATTGCCGGAC,3,5185421
yqjE_yqjK_yqjD_yqjC_predicted,4.0,3,0,GATGATAATGTAAGTGACCT,3,5239746
yqjE_yqjK_yqjD_yqjC_predicted,4.0,3,0,GATCGACAGTCAGAGGCCCC,3,5188483
yqjE_yqjK_yqjD_yqjC_predicted,4.0,3,0,GACTCCCAGTAAGGATATAA,3,5260004
yqjE_yqjK_yqjD_yqjC_predicted,4.0,3,0,GACCTAGTCCTCTAATGAAG,3,5259140
yqjE_yqjK_yqjD_yqjC_predicted,4.0,3,0,CTGTGCGTCGGATCAACCCT,3,5180732
yqjE_yqjK_yqjD_yqjC_predicted,4.0,3,0,CTGCGAACTGGGTCTCAGAA,3,5180018
yqjE_yqjK_yqjD_yqjC_predicted,4.0,3,0,CTCCTCAAAGTGCTCCATCC,3,5225737
yqjE_yqjK_yqjD_yqjC_predicted,4.0,3,0,CGGATTATGCTGGATGCGAT,3,5230659
yqjE_yqjK_yqjD_yqjC_predicted,4.0,3,0,CGACGGTTTAATTACCAGGC,3,5253581
yqjE_yqjK_yqjD_yqjC_predicted,4.0,3,0,CCTGCGTAGTGGGCTATCTT,3,5206195
yqjE_yqjK_yqjD_yqjC_predicted,4.0,3,0,CCGTATGCCGTCGGCGTTGA,3,5190035
yqjE_yqjK_yqjD_yqjC_predicted,4.0,3,0,CCGCGAATCCAGAAGAACGC,3,5214152
yqjE_yqjK_yqjD_yqjC_predicted,4.0,3,0,CCGAAGACGTAGCCAATCTT,3,5190289
yqjE_yqjK_yqjD_yqjC_predicted,4.0,3,0,CCCTGAGACATGGCTTATAA,3,5185275
yqjE_yqjK_yqjD_yqjC_predicted,4.0,3,0,CCCTAACACGGGCATAGAAA,3,5194028
yqjE_yqjK_yqjD_yqjC_predicted,4.0,3,0,CCCGGCCAATTCCTCGCTCG,3,5236168
yqjE_yqjK_yqjD_yqjC_predicted,4.0,3,0,CCAGTCTGTTGTGAAGCCCA,3,5254924
yqjE_yqjK_yqjD_yqjC_predicted,4.0,3,0,CCAGAGTGGCCGAGATTACG,3,5220425
yqjE_yqjK_yqjD_yqjC_predicted,4.0,3,0,CATGTCAACGCTGGTGACCG,3,5181075
yqjE_yqjK_yqjD_yqjC_predicted,4.0,3,0,CATCCCGGGTTCACTTGTCA,3,5181893
yqjE_yqjK_yqjD_yqjC_predicted,4.0,3,0,CATCCCCTAGTGCAAACAGT,3,5186941
yqjE_yqjK_yqjD_yqjC_predicted,4.0,3,0,CAGTGTAGGATTTCTACGGC,3,5261779
yqjE_yqjK_yqjD_yqjC_predicted,4.0,3,0,CAGGCCAGTCTCAAATCCCA,3,5195016
yqjE_yqjK_yqjD_yqjC_predicted,4.0,3,0,CAGCCTAGGGTTCGAGCGAC,3,5245318
yqjE_yqjK_yqjD_yqjC_predicted,4.0,3,0,CAGAGGGAAATCACCCAAGA,3,5206628
yqjE_yqjK_yqjD_yqjC_predicted,4.0,3,0,CACCGTAGCATTAAGGGCAT,3,5261093
yqjE_yqjK_yqjD_yqjC_predicted,4.0,3,0,CAATTGTAGTCAACAGTATA,3,5203028
yqjE_yqjK_yqjD_yqjC_predicted,4.0,3,0,CAACCCGCCATCGGAGATTA,3,5195339
yqjE_yqjK_yqjD_yqjC_predicted,4.0,3,0,ATTTCCCAACGTTCTACTAT,3,5184571
yqjE_yqjK_yqjD_yqjC_predicted,4.0,3,0,ATTATGGTGGGTTAGCTCTA,3,5219432
yqjE_yqjK_yqjD_yqjC_predicted,4.0,3,0,ATGTTGATTAGTAATGAGAG,3,5189657
yqjE_yqjK_yqjD_yqjC_predicted,4.0,3,0,ATGGCGACTCCCAACCAGCC,3,5199528
yqjE_yqjK_yqjD_yqjC_predicted,4.0,3,0,ATGCGGAGTATGTGAATTCT,3,5242159
yqjE_yqjK_yqjD_yqjC_predicted,4.0,3,0,ATGCAGTAGGACCGTCAGGT,3,5238945
yqjE_yqjK_yqjD_yqjC_predicted,4.0,3,0,ATCCGCTGAGGTATCCCCTC,3,5243729
yqjE_yqjK_yqjD_yqjC_predicted,4.0,3,0,ATATCATCAGGCCAAGGTGT,3,5235954
yqjE_yqjK_yqjD_yqjC_predicted,4.0,3,0,ATAGAACTGGACAAAATTCC,3,5220280
yqjE_yqjK_yqjD_yqjC_predicted,4.0,3,0,ATACGGCACGCGAGCCAACT,3,5177598
yqjE_yqjK_yqjD_yqjC_predicted,4.0,3,0,ATACCGAGCATCTCATCGGT,3,5179644
yqjE_yqjK_yqjD_yqjC_predicted,4.0,3,0,AGTTCTATGGCGACACTGGC,3,5222408
yqjE_yqjK_yqjD_yqjC_predicted,4.0,3,0,AGGGCGCAGGGGCCGGGCTA,3,5188652
yqjE_yqjK_yqjD_yqjC_predicted,4.0,3,0,AGGCGATGATTTGGTGCTAT,3,5240529
yqjE_yqjK_yqjD_yqjC_predicted,4.0,3,0,AGCGCGGCACGTGGTACCGT,3,5219411
yqjE_yqjK_yqjD_yqjC_predicted,4.0,3,0,AGAATAACTTACTGGCGAAA,3,5242517
yqjE_yqjK_yqjD_yqjC_predicted,4.0,3,0,ACTTATGCATGGAAGTGATA,3,5226551
yqjE_yqjK_yqjD_yqjC_predicted,4.0,3,0,ACTCAGTACGGCAGTCCATT,3,5236961
yqjE_yqjK_yqjD_yqjC_predicted,4.0,3,0,ACGTTGAACTCCACGAGGTC,3,5258699
yqjE_yqjK_yqjD_yqjC_predicted,4.0,3,0,ACGATTCCTAGGAGATAATT,3,5256238
yqjE_yqjK_yqjD_yqjC_predicted,4.0,3,0,ACATGTCTAGATAGCGCACT,3,5248917
yqjE_yqjK_yqjD_yqjC_predicted,4.0,3,0,AATTCATACGGCACCGGTCA,3,5252598
yqjE_yqjK_yqjD_yqjC_predicted,4.0,3,0,AAGGCGACCTCGCTTAGTCA,3,5209989
yqjE_yqjK_yqjD_yqjC_predicted,4.0,3,0,AACTTTCTGTCTTTCTAATG,3,5233023
yqjE_yqjK_yqjD_yqjC_predicted,4.0,3,0,AAATTACATGACGGATACAT,3,5251194
yqjE_yqjK_yqjD_yqjC_predicted,4.0,3,0,AAAAAACGTAACAACGGGCT,3,5256737
yqjE_yqjK_yqjD_yqjC_predicted,3.0,2,0,TTTCAACTGTATGGTTGAAG,2,5196758
yqjE_yqjK_yqjD_yqjC_predicted,3.0,2,0,TTTAATTCTGACGCTGGAGT,2,5181366
yqjE_yqjK_yqjD_yqjC_predicted,3.0,2,0,TTCGTCGAAAGATCTACCCT,2,5249997
yqjE_yqjK_yqjD_yqjC_predicted,3.0,2,0,TTATATGCAGTACTACTCAC,2,5198216
yqjE_yqjK_yqjD_yqjC_predicted,3.0,2,0,TTAGGTGCGGTTGGCAGTTA,2,5227576
yqjE_yqjK_yqjD_yqjC_predicted,3.0,2,0,TGTCTAGGACAGCTATTAGC,2,5200817
yqjE_yqjK_yqjD_yqjC_predicted,3.0,2,0,TGGCCCAGTTTTAAGGATGA,2,5235667
yqjE_yqjK_yqjD_yqjC_predicted,3.0,2,0,TGCCCTATGCTCCACAAGCT,2,5196631
yqjE_yqjK_yqjD_yqjC_predicted,3.0,2,0,TGCCCCCAAAGCTATCGATC,2,5232305
yqjE_yqjK_yqjD_yqjC_predicted,3.0,2,0,TGACCGCACTTCTCGTATGC,2,5195598
yqjE_yqjK_yqjD_yqjC_predicted,3.0,2,0,TGACAATATGGGCAATCCTT,2,5173160
yqjE_yqjK_yqjD_yqjC_predicted,3.0,2,0,TCTTTTGATGATCTCCCGTG,2,5217425
yqjE_yqjK_yqjD_yqjC_predicted,3.0,2,0,TCTTGTCCGACACGACTCGT,2,5182197
yqjE_yqjK_yqjD_yqjC_predicted,3.0,2,0,TCTACAATCTTAACGGATTC,2,5252760
yqjE_yqjK_yqjD_yqjC_predicted,3.0,2,0,TCCGTCAGGCTTACAAAAAA,2,5240671
yqjE_yqjK_yqjD_yqjC_predicted,3.0,2,0,TCCGAGAATGGGTAACGCAG,2,5218083
yqjE_yqjK_yqjD_yqjC_predicted,3.0,2,0,TAGTAAATCACCTCGCTTCG,2,5242252
yqjE_yqjK_yqjD_yqjC_predicted,3.0,2,0,TAGGTGTCGCAAACGCACTT,2,5254187
yqjE_yqjK_yqjD_yqjC_predicted,3.0,2,0,TAGACATGTTGCTTTTACTG,2,5213463
yqjE_yqjK_yqjD_yqjC_predicted,3.0,2,0,TAATTAAGTACGTGACTCGC,2,5254805
yqjE_yqjK_yqjD_yqjC_predicted,3.0,2,0,TAACTAGAAAGAAGGAGAGT,2,5241276
yqjE_yqjK_yqjD_yqjC_predicted,3.0,2,0,TAACGTGTGGAGCAATCCCT,2,5202464
yqjE_yqjK_yqjD_yqjC_predicted,3.0,2,0,GTTAACGGTTCGGTATAGTG,2,5173979
yqjE_yqjK_yqjD_yqjC_predicted,3.0,2,0,GTGAGTGCCCACTGTACCCA,2,5224800
yqjE_yqjK_yqjD_yqjC_predicted,3.0,2,0,GTCTCTTATGCCATAAATCT,2,5190947
yqjE_yqjK_yqjD_yqjC_predicted,3.0,2,0,GTCGCTGGATAGTACAAGTC,2,5195194
yqjE_yqjK_yqjD_yqjC_predicted,3.0,2,0,GTCAGTCTGTAAAGTAAATA,2,5215520
yqjE_yqjK_yqjD_yqjC_predicted,3.0,2,0,GTCAGGGCCAACGGTACAGA,2,5245313
yqjE_yqjK_yqjD_yqjC_predicted,3.0,2,0,GTAAATGAAGTCCTGTTGGT,2,5236170
yqjE_yqjK_yqjD_yqjC_predicted,3.0,2,0,GGTTGTACGGTAAAATGTAT,2,5212620
yqjE_yqjK_yqjD_yqjC_predicted,3.0,2,0,GGTTATAATACCGGGGGGTT,2,5181980
yqjE_yqjK_yqjD_yqjC_predicted,3.0,2,0,GGGAGCCTTGCTATTGGGTT,2,5191575
yqjE_yqjK_yqjD_yqjC_predicted,3.0,2,0,GGCGACTTGGTCGGACATTA,2,5228363
yqjE_yqjK_yqjD_yqjC_predicted,3.0,2,0,GCGTATCCGTTCGGAGCCTT,2,5246288
yqjE_yqjK_yqjD_yqjC_predicted,3.0,2,0,GCGTACAGCTACCTTCCTCG,2,5229580
yqjE_yqjK_yqjD_yqjC_predicted,3.0,2,0,GCCTCCCTTTATTACAATCC,2,5204522
yqjE_yqjK_yqjD_yqjC_predicted,3.0,2,0,GCCCTTGCATCTGGCCAGCC,2,5230233
yqjE_yqjK_yqjD_yqjC_predicted,3.0,2,0,GCCCACGGCATCGCAACACA,2,5185139
yqjE_yqjK_yqjD_yqjC_predicted,3.0,2,0,GCATGACGGTGCCAGTTTAA,2,5245131
yqjE_yqjK_yqjD_yqjC_predicted,3.0,2,0,GCACGGTCAATATCCTGCAG,2,5208694
yqjE_yqjK_yqjD_yqjC_predicted,3.0,2,0,GCACCGTCTAATTAGAGCTG,2,5223538
yqjE_yqjK_yqjD_yqjC_predicted,3.0,2,0,GATCAACGTGTTTTATGGTC,2,5237485
yqjE_yqjK_yqjD_yqjC_predicted,3.0,2,0,GAAAGTGAATGTGACTAAGA,2,5182761
yqjE_yqjK_yqjD_yqjC_predicted,3.0,2,0,CTTCTGGCGTCACATCAGAC,2,5194565
yqjE_yqjK_yqjD_yqjC_predicted,3.0,2,0,CTTATTCATTAATTATAATA,2,5221258
yqjE_yqjK_yqjD_yqjC_predicted,3.0,2,0,CTGGCCGCAGGCACCAGTCT,2,5205230
yqjE_yqjK_yqjD_yqjC_predicted,3.0,2,0,CTGGCAAAGTCTAAATTTCG,2,5209357
yqjE_yqjK_yqjD_yqjC_predicted,3.0,2,0,CTCGACTATACGGACATGGT,2,5210928
yqjE_yqjK_yqjD_yqjC_predicted,3.0,2,0,CTCCCATTCCTGTTGGTACG,2,5254806
yqjE_yqjK_yqjD_yqjC_predicted,3.0,2,0,CGGTCCCCCTTGGAGGGCGG,2,5183997
yqjE_yqjK_yqjD_yqjC_predicted,3.0,2,0,CGGGGAATCTTGTGGTCAGT,2,5174555
yqjE_yqjK_yqjD_yqjC_predicted,3.0,2,0,CGGCCGTCCTGTTTCCCATC,2,5238871
yqjE_yqjK_yqjD_yqjC_predicted,3.0,2,0,CGCGGGAACCCGTGACTTAA,2,5207776
yqjE_yqjK_yqjD_yqjC_predicted,3.0,2,0,CGATGCTTTCTGCCTAGTAT,2,5216758
yqjE_yqjK_yqjD_yqjC_predicted,3.0,2,0,CGAGTGATCATAGCGCTATC,2,5179859
yqjE_yqjK_yqjD_yqjC_predicted,3.0,2,0,CCTCCACGTCGCAACATGGG,2,5228199
yqjE_yqjK_yqjD_yqjC_predicted,3.0,2,0,CCTATTTAGATGGACGAGTG,2,5262059
yqjE_yqjK_yqjD_yqjC_predicted,3.0,2,0,CCGGGTGCATTCGGATCAGG,2,5224242
yqjE_yqjK_yqjD_yqjC_predicted,3.0,2,0,CCGGCCCATGCTGCTCGTGT,2,5240160
yqjE_yqjK_yqjD_yqjC_predicted,3.0,2,0,CCCTCTGCAGGGCGTCACCG,2,5189473
yqjE_yqjK_yqjD_yqjC_predicted,3.0,2,0,CCCTAGGACATATCTCCCCT,2,5200562
yqjE_yqjK_yqjD_yqjC_predicted,3.0,2,0,CCAGCATCAACATGCAATCC,2,5262144
yqjE_yqjK_yqjD_yqjC_predicted,3.0,2,0,CATGCCCCCAATGTTAACTT,2,5221933
yqjE_yqjK_yqjD_yqjC_predicted,3.0,2,0,CATCTCGTCAGCACGATCAG,2,5185181
yqjE_yqjK_yqjD_yqjC_predicted,3.0,2,0,CAGTTGTTAGCGGTATTTTA,2,5235581
yqjE_yqjK_yqjD_yqjC_predicted,3.0,2,0,CAGTTCCTTTAGGGCATTAC,2,5200044
yqjE_yqjK_yqjD_yqjC_predicted,3.0,2,0,CAGGTCGGCTCATTAAGTAA,2,5246609
yqjE_yqjK_yqjD_yqjC_predicted,3.0,2,0,CACACGTTCTACTCGCGTTG,2,5260575
yqjE_yqjK_yqjD_yqjC_predicted,3.0,2,0,CACAATCGTCCTTTCTCTAC,2,5181986
yqjE_yqjK_yqjD_yqjC_predicted,3.0,2,0,ATTTCATCAGTAAACAGCTC,2,5208176
yqjE_yqjK_yqjD_yqjC_predicted,3.0,2,0,ATGTTTATGCTTCCATATGC,2,5238316
yqjE_yqjK_yqjD_yqjC_predicted,3.0,2,0,ATGCCGTCCAGTAGTGAACG,2,5255529
yqjE_yqjK_yqjD_yqjC_predicted,3.0,2,0,ATGAGTTGTGGAGGCCTTGG,2,5210045
yqjE_yqjK_yqjD_yqjC_predicted,3.0,2,0,ATGAGCGGAAAGTTAACTTT,2,5185865
yqjE_yqjK_yqjD_yqjC_predicted,3.0,2,0,ATCGTATGCCCGGCTTTGTT,2,5244541
yqjE_yqjK_yqjD_yqjC_predicted,3.0,2,0,ATATCTAGCGAACCGGGACG,2,5257365
yqjE_yqjK_yqjD_yqjC_predicted,3.0,2,0,ATAGCCTCGGGCCTCAAAGC,2,5209862
yqjE_yqjK_yqjD_yqjC_predicted,3.0,2,0,ATAGCAAGTGTCAGTGCCCT,2,5253972
yqjE_yqjK_yqjD_yqjC_predicted,3.0,2,0,AGGTAGGTCATGCAATCACG,2,5171770
yqjE_yqjK_yqjD_yqjC_predicted,3.0,2,0,AGGGGTGATGAGGGTGGCGT,2,5195767
yqjE_yqjK_yqjD_yqjC_predicted,3.0,2,0,AGGCCCGGGCATCCAGCACA,2,5173001
yqjE_yqjK_yqjD_yqjC_predicted,3.0,2,0,AGGATACCCAAATATGCGAG,2,5205077
yqjE_yqjK_yqjD_yqjC_predicted,3.0,2,0,AGCGAGGCCTTCAGGATCGT,2,5233575
yqjE_yqjK_yqjD_yqjC_predicted,3.0,2,0,AGAATAGCAACGATTTTCCA,2,5241453
yqjE_yqjK_yqjD_yqjC_predicted,3.0,2,0,ACTTACAATCCTTCATAACT,2,5173085
yqjE_yqjK_yqjD_yqjC_predicted,3.0,2,0,ACTGTGTCTTTGTCAGAGCG,2,5242225
yqjE_yqjK_yqjD_yqjC_predicted,3.0,2,0,ACGTTTCCACTCATTTTACA,2,5205314
yqjE_yqjK_yqjD_yqjC_predicted,3.0,2,0,ACGAGAAAAACGGGGGTACG,2,5258461
yqjE_yqjK_yqjD_yqjC_predicted,3.0,2,0,ACGACGCCTCGTGATGGCGC,2,5223595
yqjE_yqjK_yqjD_yqjC_predicted,3.0,2,0,AATTGTTTTATCTGCTGGAT,2,5225392
yqjE_yqjK_yqjD_yqjC_predicted,3.0,2,0,AATCCCACTCTTGCGGACTT,2,5252014
yqjE_yqjK_yqjD_yqjC_predicted,3.0,2,0,AAGACGGTGCGTGGGCTTGG,2,5209016
yqjE_yqjK_yqjD_yqjC_predicted,3.0,2,0,AACGACTGGCCGCTTCGTCC,2,5175568
yqjE_yqjK_yqjD_yqjC_predicted,3.0,2,0,AAAGAACCTATACGACCGAT,2,5226298
yqjE_yqjK_yqjD_yqjC_predicted,3.0,2,0,AAAACCCTGGTAGATAGCAG,2,5242286
yqjE_yqjK_yqjD_yqjC_predicted,2.0,1,0,TTTTGAATATGATTAGATCC,1,5185452
yqjE_yqjK_yqjD_yqjC_predicted,2.0,1,0,TTTTCAGTGGCTACCCCCCA,1,5230703
yqjE_yqjK_yqjD_yqjC_predicted,2.0,1,0,TTTTAGAGGCTCGTGCCATG,1,5200764
yqjE_yqjK_yqjD_yqjC_predicted,2.0,1,0,TTTGTAATGGAGATTGTCGC,1,5202254
yqjE_yqjK_yqjD_yqjC_predicted,2.0,1,0,TTTAGTACCCCATTTCGGTC,1,5230823
yqjE_yqjK_yqjD_yqjC_predicted,2.0,1,0,TTTAATTGTTTTTCATGTGT,1,5226500
yqjE_yqjK_yqjD_yqjC_predicted,2.0,1,0,TTGTAGTTGTTTAACTGACA,1,5187942
yqjE_yqjK_yqjD_yqjC_predicted,2.0,1,0,TTGGATCAGTCGGCCCACGT,1,5224343
yqjE_yqjK_yqjD_yqjC_predicted,2.0,1,0,TTCCCTCGAGTAGGAGTTCC,1,5255963
yqjE_yqjK_yqjD_yqjC_predicted,2.0,1,0,TTCCAAGGTAAACTAGAACG,1,5182655
yqjE_yqjK_yqjD_yqjC_predicted,2.0,1,0,TTCACGCGTGCCTTACCGGG,1,5190868
yqjE_yqjK_yqjD_yqjC_predicted,2.0,1,0,TTAGGCCATGTTTTGGATGT,1,5205135
yqjE_yqjK_yqjD_yqjC_predicted,2.0,1,0,TTAGCCGTGACGAAACGCTA,1,5255119
yqjE_yqjK_yqjD_yqjC_predicted,2.0,1,0,TGTCCGTAGGAAAACCTGCA,1,5250181
yqjE_yqjK_yqjD_yqjC_predicted,2.0,1,0,TGGTTAGGGGCGCAGCGTTT,1,5184439
yqjE_yqjK_yqjD_yqjC_predicted,2.0,1,0,TGGTCATGTAGTGTAGATGC,1,5209281
yqjE_yqjK_yqjD_yqjC_predicted,2.0,1,0,TGGACTCTTGATCATTCTAT,1,5212604
yqjE_yqjK_yqjD_yqjC_predicted,2.0,1,0,TGGACGTCTATAAAGACGCA,1,5227323
yqjE_yqjK_yqjD_yqjC_predicted,2.0,1,0,TGGACACCTTAATCTGTCCA,1,5246664
yqjE_yqjK_yqjD_yqjC_predicted,2.0,1,0,TGCTGTTGTACAAATCCCTT,1,5210537
yqjE_yqjK_yqjD_yqjC_predicted,2.0,1,0,TGCTAGGCAGTTAACGCTAC,1,5204835
yqjE_yqjK_yqjD_yqjC_predicted,2.0,1,0,TGCTAAATGGCACGGAGTAG,1,5216079
yqjE_yqjK_yqjD_yqjC_predicted,2.0,1,0,TGCGTTGTTGAGACTGGAAC,1,5186017
yqjE_yqjK_yqjD_yqjC_predicted,2.0,1,0,TGCGTTCTGACGTAGGCTGA,1,5227874
yqjE_yqjK_yqjD_yqjC_predicted,2.0,1,0,TGCGGCGCAAGGACTTCTAT,1,5195902
yqjE_yqjK_yqjD_yqjC_predicted,2.0,1,0,TGCGGAAATCAAGGTTAACG,1,5217755
yqjE_yqjK_yqjD_yqjC_predicted,2.0,1,0,TGCCAAGCGTCTCCACGCCC,1,5180842
yqjE_yqjK_yqjD_yqjC_predicted,2.0,1,0,TGATCTGTCTTTCAAGCAAT,1,5180997
yqjE_yqjK_yqjD_yqjC_predicted,2.0,1,0,TGACATCCTATGAGTTCACC,1,5176098
yqjE_yqjK_yqjD_yqjC_predicted,2.0,1,0,TCTGATATTGTCCACACTTG,1,5255606
yqjE_yqjK_yqjD_yqjC_predicted,2.0,1,0,TCTCGGGTTCGGGATGGGGA,1,5221220
yqjE_yqjK_yqjD_yqjC_predicted,2.0,1,0,TCTATCCCCCAGGGATGACT,1,5171323
yqjE_yqjK_yqjD_yqjC_predicted,2.0,1,0,TCGTGACCTTGTCGGTAATG,1,5188736
yqjE_yqjK_yqjD_yqjC_predicted,2.0,1,0,TCGGTCGTATTCACTGTACT,1,5208508
yqjE_yqjK_yqjD_yqjC_predicted,2.0,1,0,TCGGTAAAGCGAAGGAGCCT,1,5203744
yqjE_yqjK_yqjD_yqjC_predicted,2.0,1,0,TCGCGGACTCCGGCATGGTA,1,5261623
yqjE_yqjK_yqjD_yqjC_predicted,2.0,1,0,TCGAGGGCGTCGTCAACGCA,1,5210300
yqjE_yqjK_yqjD_yqjC_predicted,2.0,1,0,TCCGAGGGGGCAAAGGTTAC,1,5224890
yqjE_yqjK_yqjD_yqjC_predicted,2.0,1,0,TCCAGACCATAACGTTATTA,1,5214529
yqjE_yqjK_yqjD_yqjC_predicted,2.0,1,0,TCAGTTCCGTCATCCGTGAG,1,5207684
yqjE_yqjK_yqjD_yqjC_predicted,2.0,1,0,TCAGTGACCTTATGCTGATA,1,5207353
yqjE_yqjK_yqjD_yqjC_predicted,2.0,1,0,TCAGGCTACTTAAATTCCCC,1,5219346
yqjE_yqjK_yqjD_yqjC_predicted,2.0,1,0,TCAGCTTATCCTGGACCTCA,1,5231652
yqjE_yqjK_yqjD_yqjC_predicted,2.0,1,0,TCAGAATGAGCCTCGACTGA,1,5248100
yqjE_yqjK_yqjD_yqjC_predicted,2.0,1,0,TCAAATTTTGAGCCGTGCCC,1,5257958
yqjE_yqjK_yqjD_yqjC_predicted,2.0,1,0,TCAAATCAACGCGATCAATT,1,5187183
yqjE_yqjK_yqjD_yqjC_predicted,2.0,1,0,TCAAAATGCTGACTCTCCTT,1,5248578
yqjE_yqjK_yqjD_yqjC_predicted,2.0,1,0,TATTGGTGGGACCGAACTTT,1,5175922
yqjE_yqjK_yqjD_yqjC_predicted,2.0,1,0,TATTACAATAGTGCGATTAA,1,5206302
yqjE_yqjK_yqjD_yqjC_predicted,2.0,1,0,TATCAGATTTGAAGAAACCT,1,5176371
yqjE_yqjK_yqjD_yqjC_predicted,2.0,1,0,TATCACGCAGACCTCGCGCA,1,5224279
yqjE_yqjK_yqjD_yqjC_predicted,2.0,1,0,TAGGCCTGTAGTCAAGCTGT,1,5181581
yqjE_yqjK_yqjD_yqjC_predicted,2.0,1,0,TAGCTTCAAGCTCTTAGTGC,1,5213028
yqjE_yqjK_yqjD_yqjC_predicted,2.0,1,0,TAGCTGTACCGTGATCCCTC,1,5199519
yqjE_yqjK_yqjD_yqjC_predicted,2.0,1,0,TAGCCTTGGAATCGATTAGG,1,5172117
yqjE_yqjK_yqjD_yqjC_predicted,2.0,1,0,TAGAGCATCACTTTACTGGA,1,5214136
yqjE_yqjK_yqjD_yqjC_predicted,2.0,1,0,TACTATCCGACGAGACGCTT,1,5203994
yqjE_yqjK_yqjD_yqjC_predicted,2.0,1,0,TACAGTTATTTTTCGTTCGA,1,5220103
yqjE_yqjK_yqjD_yqjC_predicted,2.0,1,0,TAATAGTGCAATTGGATCTC,1,5198883
yqjE_yqjK_yqjD_yqjC_predicted,2.0,1,0,TAAACGAACAGTGTTCCTCA,1,5247673
yqjE_yqjK_yqjD_yqjC_predicted,2.0,1,0,GTGGTTAATTAGCTACGAAA,1,5223990
yqjE_yqjK_yqjD_yqjC_predicted,2.0,1,0,GTGGGTCAGGCACACACGGT,1,5179323
yqjE_yqjK_yqjD_yqjC_predicted,2.0,1,0,GTGCGGTTGGATCCATCGTT,1,5246082
yqjE_yqjK_yqjD_yqjC_predicted,2.0,1,0,GTGCGGCCTATGATATGGAC,1,5227317
yqjE_yqjK_yqjD_yqjC_predicted,2.0,1,0,GTGCCACTCGGCCCACAACA,1,5229124
yqjE_yqjK_yqjD_yqjC_predicted,2.0,1,0,GTCGGCGTTAGAGGCAGAGT,1,5233731
yqjE_yqjK_yqjD_yqjC_predicted,2.0,1,0,GTCGGCGGCCGTCGTCGTAA,1,5187771
yqjE_yqjK_yqjD_yqjC_predicted,2.0,1,0,GTCAGCAGTTTGAGCAATCG,1,5260246
yqjE_yqjK_yqjD_yqjC_predicted,2.0,1,0,GTAACTCATAACGGCTTGAT,1,5181301
yqjE_yqjK_yqjD_yqjC_predicted,2.0,1,0,GGTATAGAATACAACTCATT,1,5262023
yqjE_yqjK_yqjD_yqjC_predicted,2.0,1,0,GGGCTATGGCTCATAACAGG,1,5258269
yqjE_yqjK_yqjD_yqjC_predicted,2.0,1,0,GGCGGTGCCGATCCCAGAAA,1,5236798
yqjE_yqjK_yqjD_yqjC_predicted,2.0,1,0,GGCCGACCAGATAGGGTCCC,1,5196427
yqjE_yqjK_yqjD_yqjC_predicted,2.0,1,0,GGCATCTAGGTATATAACAC,1,5235847
yqjE_yqjK_yqjD_yqjC_predicted,2.0,1,0,GGATGACAGTACTTTATTAC,1,5230945
yqjE_yqjK_yqjD_yqjC_predicted,2.0,1,0,GGATCCTGTCCTGTTTGGGT,1,5229224
yqjE_yqjK_yqjD_yqjC_predicted,2.0,1,0,GCTGCGTAGCACTCTAATAA,1,5184799
yqjE_yqjK_yqjD_yqjC_predicted,2.0,1,0,GCGGTCGAAGTACAATATAA,1,5214657
yqjE_yqjK_yqjD_yqjC_predicted,2.0,1,0,GCGGCGCGATCGTGCATGAC,1,5222152
yqjE_yqjK_yqjD_yqjC_predicted,2.0,1,0,GCGATGAAGGGGCGCATTCA,1,5208793
yqjE_yqjK_yqjD_yqjC_predicted,2.0,1,0,GCCTCTGCTATATCCAGAAC,1,5219507
yqjE_yqjK_yqjD_yqjC_predicted,2.0,1,0,GCCTCAACTTCATCTCCACT,1,5177542
yqjE_yqjK_yqjD_yqjC_predicted,2.0,1,0,GCCCCTACATGGGGCCCAGT,1,5253720
yqjE_yqjK_yqjD_yqjC_predicted,2.0,1,0,GCATGTCTTTTGCTACGAGA,1,5235802
yqjE_yqjK_yqjD_yqjC_predicted,2.0,1,0,GCATGTCCCTCTAGGGCCTC,1,5180727
yqjE_yqjK_yqjD_yqjC_predicted,2.0,1,0,GCAGAAGACCAGGGTGGCAC,1,5256432
yqjE_yqjK_yqjD_yqjC_predicted,2.0,1,0,GCACGGGTCATAATTAAATT,1,5192574
yqjE_yqjK_yqjD_yqjC_predicted,2.0,1,0,GATTGCATGGGGTCCTTTCG,1,5248129
yqjE_yqjK_yqjD_yqjC_predicted,2.0,1,0,GATTGACGTAGTCGGCGCTG,1,5238898
yqjE_yqjK_yqjD_yqjC_predicted,2.0,1,0,GATATAGGGACTCATGCCAG,1,5180029
yqjE_yqjK_yqjD_yqjC_predicted,2.0,1,0,GAGCCATTGAGCTGGGCAAC,1,5172033
yqjE_yqjK_yqjD_yqjC_predicted,2.0,1,0,GAACTGTCCGAAGGTCCGTC,1,5225551
yqjE_yqjK_yqjD_yqjC_predicted,2.0,1,0,GAAACCGTGTTTTACCGATG,1,5247864
yqjE_yqjK_yqjD_yqjC_predicted,2.0,1,0,CTTTCTAAGCGTCGATTCGA,1,5229604
yqjE_yqjK_yqjD_yqjC_predicted,2.0,1,0,CTTTAGCCGCTCGGGACGTA,1,5179147
yqjE_yqjK_yqjD_yqjC_predicted,2.0,1,0,CTGTGCGCATATAAGGGAAT,1,5206745
yqjE_yqjK_yqjD_yqjC_predicted,2.0,1,0,CTGGTGCAGCCGATTTAGTC,1,5229390
yqjE_yqjK_yqjD_yqjC_predicted,2.0,1,0,CTGGGAACCTATACTTATAT,1,5182940
yqjE_yqjK_yqjD_yqjC_predicted,2.0,1,0,CTGCTCCGTTTGCGTAACTC,1,5257015
yqjE_yqjK_yqjD_yqjC_predicted,2.0,1,0,CTGACTAACCAGGGCACTGG,1,5170817
yqjE_yqjK_yqjD_yqjC_predicted,2.0,1,0,CTCGAGCACTCGCCTAGTAG,1,5201911
yqjE_yqjK_yqjD_yqjC_predicted,2.0,1,0,CTCACGGCGCGATCTTGCAA,1,5249676
yqjE_yqjK_yqjD_yqjC_predicted,2.0,1,0,CTCACACGTGTTACCACAGT,1,5182072
yqjE_yqjK_yqjD_yqjC_predicted,2.0,1,0,CTACCGTATCGGAAAGCCGA,1,5183536
yqjE_yqjK_yqjD_yqjC_predicted,2.0,1,0,CGGTTGCGATTCTTGTTGGG,1,5238711
yqjE_yqjK_yqjD_yqjC_predicted,2.0,1,0,CGGTTCGGTACGGCAGCAGA,1,5253543
yqjE_yqjK_yqjD_yqjC_predicted,2.0,1,0,CGGTCTAACGGGGTCAGCCT,1,5194283
yqjE_yqjK_yqjD_yqjC_predicted,2.0,1,0,CGCTAATAACCTCGCCGATT,1,5201339
yqjE_yqjK_yqjD_yqjC_predicted,2.0,1,0,CGCCGGATTCTCATCAACGA,1,5251524
yqjE_yqjK_yqjD_yqjC_predicted,2.0,1,0,CGCCCTCAACGGTCTGAGAT,1,5218148
yqjE_yqjK_yqjD_yqjC_predicted,2.0,1,0,CGAGTGTCCCCCCGTGCTGG,1,5249731
yqjE_yqjK_yqjD_yqjC_predicted,2.0,1,0,CGAGAGATAAACCCGCGATA,1,5225704
yqjE_yqjK_yqjD_yqjC_predicted,2.0,1,0,CCTGCGTGTTATATGATAGA,1,5249533
yqjE_yqjK_yqjD_yqjC_predicted,2.0,1,0,CCGTGGTTGTGGTCGCAGGC,1,5222333
yqjE_yqjK_yqjD_yqjC_predicted,2.0,1,0,CCGCGTATGGCTTACTTTTT,1,5175414
yqjE_yqjK_yqjD_yqjC_predicted,2.0,1,0,CCGACTTTCGATACGGGCAG,1,5255107
yqjE_yqjK_yqjD_yqjC_predicted,2.0,1,0,CCGACGCAGGGTGTGCACTG,1,5183312
yqjE_yqjK_yqjD_yqjC_predicted,2.0,1,0,CCCGCCGCCCGGACTCTCAA,1,5215662
yqjE_yqjK_yqjD_yqjC_predicted,2.0,1,0,CCATTTGGGAAACGTACTCC,1,5247557
yqjE_yqjK_yqjD_yqjC_predicted,2.0,1,0,CCATCAATGTTAGTACTGGC,1,5187756
yqjE_yqjK_yqjD_yqjC_predicted,2.0,1,0,CCAATGATCTGTCGAAGTCC,1,5180063
yqjE_yqjK_yqjD_yqjC_predicted,2.0,1,0,CATTAAGTTCTAGCCCATAG,1,5246295
yqjE_yqjK_yqjD_yqjC_predicted,2.0,1,0,CATGCTTAAGTTTTAATCAG,1,5178431
yqjE_yqjK_yqjD_yqjC_predicted,2.0,1,0,CATGCACGTCGGTCAACTCC,1,5208301
yqjE_yqjK_yqjD_yqjC_predicted,2.0,1,0,CATGAATCTACGACACGGTA,1,5173763
yqjE_yqjK_yqjD_yqjC_predicted,2.0,1,0,CATCCGAGTTTTAACCCCCG,1,5173652
yqjE_yqjK_yqjD_yqjC_predicted,2.0,1,0,CAGTGACGAGTCCTTCAAAA,1,5253237
yqjE_yqjK_yqjD_yqjC_predicted,2.0,1,0,CACCGGCACTTGCGCCCATC,1,5195611
yqjE_yqjK_yqjD_yqjC_predicted,2.0,1,0,CAAGGTGAAGGTCAATGGGT,1,5254652
yqjE_yqjK_yqjD_yqjC_predicted,2.0,1,0,CAACTGAATAGCAAAAAACG,1,5184686
yqjE_yqjK_yqjD_yqjC_predicted,2.0,1,0,CAAATGTGGTACGCAACGCG,1,5171340
yqjE_yqjK_yqjD_yqjC_predicted,2.0,1,0,ATTGTTGGTTTAGTTTTACC,1,5258157
yqjE_yqjK_yqjD_yqjC_predicted,2.0,1,0,ATGGCAAAATCATACCGTAG,1,5177734
yqjE_yqjK_yqjD_yqjC_predicted,2.0,1,0,ATGCGTTGGGGAAGCATCGG,1,5218563
yqjE_yqjK_yqjD_yqjC_predicted,2.0,1,0,ATAAGCGGGAAGAGATATGC,1,5256857
yqjE_yqjK_yqjD_yqjC_predicted,2.0,1,0,ATAACAACTTTTCCCGTCCT,1,5259201
yqjE_yqjK_yqjD_yqjC_predicted,2.0,1,0,AGTTCACGCGAACGATATTT,1,5173061
yqjE_yqjK_yqjD_yqjC_predicted,2.0,1,0,AGTTAAGCTATCACTTGGCA,1,5197603
yqjE_yqjK_yqjD_yqjC_predicted,2.0,1,0,AGTGAGGCCCCGGCGCTTTA,1,5204111
yqjE_yqjK_yqjD_yqjC_predicted,2.0,1,0,AGTCTCTCTCTGAGCGCTTC,1,5200551
yqjE_yqjK_yqjD_yqjC_predicted,2.0,1,0,AGTCTCGTGGAGCGAGAAGG,1,5186389
yqjE_yqjK_yqjD_yqjC_predicted,2.0,1,0,AGGGCGCACAAGCTCCCCTC,1,5242719
yqjE_yqjK_yqjD_yqjC_predicted,2.0,1,0,AGGCCCCGGCTTAATCCTAT,1,5216339
yqjE_yqjK_yqjD_yqjC_predicted,2.0,1,0,AGCGGGGTAATTATATTATC,1,5245777
yqjE_yqjK_yqjD_yqjC_predicted,2.0,1,0,AGCGGCAAGCCGTCTTATGT,1,5228726
yqjE_yqjK_yqjD_yqjC_predicted,2.0,1,0,AGCATTACGAAACTTGCCTT,1,5188041
yqjE_yqjK_yqjD_yqjC_predicted,2.0,1,0,AGCAACGTAGAATTGTGAGG,1,5205949
yqjE_yqjK_yqjD_yqjC_predicted,2.0,1,0,AGACCGATTCGCCGTTTTTG,1,5205193
yqjE_yqjK_yqjD_yqjC_predicted,2.0,1,0,AGACCAATTTGACATTACTG,1,5174106
yqjE_yqjK_yqjD_yqjC_predicted,2.0,1,0,AGAAAGTGTCGCGTGTTCAT,1,5251885
yqjE_yqjK_yqjD_yqjC_predicted,2.0,1,0,ACTCGGCTCCCGGCCTGCGA,1,5233507
yqjE_yqjK_yqjD_yqjC_predicted,2.0,1,0,ACTCACCAGCTGACATCCCT,1,5237038
yqjE_yqjK_yqjD_yqjC_predicted,2.0,1,0,ACTAGCTTGGTGCGAAGATC,1,5198257
yqjE_yqjK_yqjD_yqjC_predicted,2.0,1,0,ACTAAACGGGGGTACGCAAA,1,5199305
yqjE_yqjK_yqjD_yqjC_predicted,2.0,1,0,ACGAGTGGGAGCGAAATCGC,1,5209946
yqjE_yqjK_yqjD_yqjC_predicted,2.0,1,0,ACGAAGGAACGAAACCCATT,1,5202067
yqjE_yqjK_yqjD_yqjC_predicted,2.0,1,0,ACCTGCCGCGCTCCGGTAAC,1,5214412
yqjE_yqjK_yqjD_yqjC_predicted,2.0,1,0,ACCTCGAGACTACTCATTAG,1,5258475
yqjE_yqjK_yqjD_yqjC_predicted,2.0,1,0,ACCGCCATAGCTCGTAGCCA,1,5177040
yqjE_yqjK_yqjD_yqjC_predicted,2.0,1,0,ACCCGTTGGCGACGACTTGA,1,5185667
yqjE_yqjK_yqjD_yqjC_predicted,2.0,1,0,ACCACGGCCAGGTGAAAGCT,1,5239660
yqjE_yqjK_yqjD_yqjC_predicted,2.0,1,0,ACACGCAATATATGACTCGC,1,5201652
yqjE_yqjK_yqjD_yqjC_predicted,2.0,1,0,ACACAGAAAAACCCCAGTCA,1,5243260
yqjE_yqjK_yqjD_yqjC_predicted,2.0,1,0,AATTAAGTGGTCGCCTATCT,1,5191605
yqjE_yqjK_yqjD_yqjC_predicted,2.0,1,0,AATAGCCCGTATAATCATCC,1,5172824
yqjE_yqjK_yqjD_yqjC_predicted,2.0,1,0,AATAGCATTCGACGGCCGGT,1,5257473
yqjE_yqjK_yqjD_yqjC_predicted,2.0,1,0,AACGCTACGTCTAGACAGGG,1,5232673
yqjE_yqjK_yqjD_yqjC_predicted,2.0,1,0,AACCTATCCGGTCCGCGCAG,1,5240216
yqjE_yqjK_yqjD_yqjC_predicted,2.0,1,0,AACCGGAATTAGTGCGGCGT,1,5200048
yqjE_yqjK_yqjD_yqjC_predicted,2.0,1,0,AACCGCGGGGAATTTAGTTT,1,5183187
yqjE_yqjK_yqjD_yqjC_predicted,2.0,1,0,AAACATGCAGATAGCAGGAT,1,5252647
yqjE_yqjK_yqjD_yqjC_predicted,2.0,1,0,AAAAGCCGCGTCGTTTAGTC,1,5201603
