name,relative_counts,ct,ct_0,barcode,ct_1,barcode_ind
yahC_predicted,1.858736059479554,767,268,TACCAAACAGCGGAACTGAC,499,4499993
yahC_predicted,0.01098901098901099,182,181,GGTACGATCGCGATCTTTTA,1,4500784
yahC_predicted,0.013333333333333334,150,149,CGACGATAGTAGCGGACGAA,1,4472894
yahC_predicted,0.020134228187919462,150,148,AATCGGAGGCCTCATTTGGC,2,4480501
yahC_predicted,0.016666666666666666,120,119,CAAAAAACTTCGGACACCGG,1,4472983
yahC_predicted,0.017094017094017096,117,116,CTGTAAGGATTGTGTTTTGT,1,4483057
yahC_predicted,0.017241379310344827,116,115,GTGCGTAGCACGCAAAAATT,1,4490105
yahC_predicted,0.017857142857142856,112,111,ACTCCCATGGGCACCATCAT,1,4474039
yahC_predicted,0.01834862385321101,109,108,TAGGGAATTTACCGGTACGA,1,4476352
yahC_predicted,0.029411764705882353,103,101,GCATCTCGTATCGCCAACAA,2,4473209
yahC_predicted,0.0196078431372549,102,101,AGCTTACCCGTTGCTCCTAT,1,4477910
yahC_predicted,0.020618556701030927,97,96,CCCACTTCATCACCAAGGGA,1,4473718
yahC_predicted,0.13541666666666666,107,95,GCTAGCAATTGAAGCGCGAT,12,4475417
yahC_predicted,0.02127659574468085,94,93,AGGCTTAAATCAGTATCGTT,1,4489589
yahC_predicted,0.021505376344086023,93,92,GTTACATCTTATGCATAAGT,1,4472655
yahC_predicted,5.827956989247312,633,92,ATAGCAACGGAAGTGTTCCT,541,4473316
yahC_predicted,0.03225806451612903,94,92,ACACAAACCCAGTATTATTG,2,4497392
yahC_predicted,0.022222222222222223,90,89,GGCGCATTACACTTATACAC,1,4473152
yahC_predicted,4.9222222222222225,531,89,ATAACGGCGGCGAGCACCGC,442,4473095
yahC_predicted,0.023529411764705882,85,84,TCAGGACCAGCGGCTTCTTG,1,4473188
yahC_predicted,5.108433734939759,505,82,TTTTGAAGACCAACGGGTAG,423,4487705
yahC_predicted,0.024096385542168676,83,82,TGATCCTTCCGGTTTTGGAT,1,4475246
yahC_predicted,0.024691358024691357,81,80,TCCGACATATAGCACGTATT,1,4473597
yahC_predicted,0.02564102564102564,78,77,ACTTGATAATTATATCGGCA,1,4484450
yahC_predicted,0.025974025974025976,77,76,TCGTTCGGTATAAGTTTGTC,1,4502898
yahC_predicted,0.025974025974025976,77,76,GGAATCCGAGGTTGCGATGT,1,4481178
yahC_predicted,0.05333333333333334,77,74,CGGTCGGGGTCCCCGATGTT,3,4479784
yahC_predicted,0.0273972602739726,73,72,ATGGTCGGCCGCAGCCTAAT,1,4501078
yahC_predicted,0.04225352112676056,72,70,GGGCGTACCTTGCATGGGTC,2,4507040
yahC_predicted,0.028169014084507043,71,70,CCCTGTTCACAAGCATGTAC,1,4477706
yahC_predicted,0.028169014084507043,71,70,AGTGTGTGACCCCCCGCTCT,1,4508238
yahC_predicted,7.428571428571429,588,69,TCGGAAATTCCGGCTACGAT,519,4474971
yahC_predicted,0.028985507246376812,69,68,GCACACCAGCTAATGTATGT,1,4485711
yahC_predicted,0.043478260869565216,70,68,CTGGGTACGATTTTTTGAAT,2,4480029
yahC_predicted,0.029411764705882353,68,67,CCAAGGGCTAGAAGGCCATT,1,4490028
yahC_predicted,0.029411764705882353,68,67,ACCATCCTACATGGTCATCC,1,4481839
yahC_predicted,13.119402985074627,944,66,GGAGCACAATCCTAGGACTT,878,4486590
yahC_predicted,0.029850746268656716,67,66,GCGGTCTGACCGAGAAAGAG,1,4511037
yahC_predicted,5.850746268656716,457,66,CAGGGAATCACATGATTTGA,391,4480236
yahC_predicted,8.0,592,65,CGAGAGTCATGCACTTCCAA,527,4500042
yahC_predicted,0.030303030303030304,66,65,ACGCGGCGTTTCTGCATACG,1,4477984
yahC_predicted,7.0,526,65,AAGACTTTAATAGATCTACC,461,4481175
yahC_predicted,6.6461538461538465,495,64,TGGGGATTCGTCTAGACCTT,431,4488251
yahC_predicted,0.06153846153846154,67,64,TACGGCATGGCGACGCAGTT,3,4479443
yahC_predicted,0.03076923076923077,65,64,GTCGCCACCCTCGGCGGGGC,1,4477315
yahC_predicted,8.222222222222221,579,62,CGTGGAAAGAAATGGCATTA,517,4482104
yahC_predicted,0.031746031746031744,63,62,CCCGGAAGGGAATTGGATGA,1,4500841
yahC_predicted,7.904761904761905,559,62,CCAAAGACAAAGTCGGTTGC,497,4489373
yahC_predicted,0.031746031746031744,63,62,CAATTCCTTCATAACACGAT,1,4480690
yahC_predicted,0.06451612903225806,64,61,TCCAGGTTAACAACGGCAAT,3,4482034
yahC_predicted,0.04838709677419355,63,61,TAACGCATCGCGATGCACGT,2,4490570
yahC_predicted,0.03225806451612903,62,61,GGGGTAGTAGCGGCGGTGAT,1,4503116
yahC_predicted,0.03278688524590164,61,60,ATAATCTAGACAATCGGGTG,1,4473439
yahC_predicted,0.03278688524590164,61,60,AGACCCGTCGCCAAGAGGAT,1,4474641
yahC_predicted,0.03333333333333333,60,59,TGGTTTAGGATGTTCTTTTT,1,4474910
yahC_predicted,0.1,64,59,ACGCTGAGGACGGCATCGAA,5,4473624
yahC_predicted,1.271186440677966,132,58,AGGACCCTGATCACATATAT,74,4478375
yahC_predicted,0.034482758620689655,58,57,TCCAGAACGGTACATATAGT,1,4473275
yahC_predicted,0.034482758620689655,58,57,GTTTACTAAACGGGAGGTGA,1,4506393
yahC_predicted,0.03508771929824561,57,56,CGGGCTCTCCTCTACTCCAA,1,4477346
yahC_predicted,0.03508771929824561,57,56,AATGGTCATAGCATTGAGTT,1,4479398
yahC_predicted,9.196428571428571,569,55,GCCCAGGACAAACTTTGTAA,514,4480661
yahC_predicted,0.03571428571428571,56,55,ATAGCATGCTACGTAGAGTG,1,4472544
yahC_predicted,4.035714285714286,280,55,ACGGAAGTAGGAACGGTTCG,225,4484728
yahC_predicted,0.03636363636363636,55,54,CACGTTTCAATCCCATTGGA,1,4473236
yahC_predicted,8.363636363636363,513,54,ACGGCCGATCGGTAATGCAA,459,4504507
yahC_predicted,0.037037037037037035,54,53,GTTATTTGGTCTGTGAGGAG,1,4479740
yahC_predicted,0.037037037037037035,54,53,CATCCCTTCCGAGTCGGGGA,1,4497684
yahC_predicted,0.03773584905660377,53,52,TCCTGGTAGTCACAAAATAA,1,4490382
yahC_predicted,0.03773584905660377,53,52,GTACAGAGTTTTGCGTTTAA,1,4475568
yahC_predicted,0.03773584905660377,53,52,CGTAAGATCTGTACGGAGGG,1,4500913
yahC_predicted,0.03773584905660377,53,52,ATCTAGAAAGGCCCTGTTAT,1,4486785
yahC_predicted,0.038461538461538464,52,51,TGTGTTTACTAAACGGGACT,1,4492153
yahC_predicted,0.038461538461538464,52,51,TGGAACCCAGCCCCCACAGG,1,4482856
yahC_predicted,9.134615384615385,525,51,TCGCTGCTTGCACGGGAGCA,474,4498449
yahC_predicted,0.038461538461538464,52,51,TATGCATGAGTGATGCGTCT,1,4474263
yahC_predicted,0.038461538461538464,52,51,CGGGACGTCATAATTTAGTT,1,4478921
yahC_predicted,9.846153846153847,562,51,CAGCTATTAGGTGCCGTATT,511,4474440
yahC_predicted,9.711538461538462,555,51,CACCTTGATCTGCTAGCCTA,504,4479581
yahC_predicted,0.04,50,49,TATCCCGAGACGATAACAGC,1,4489034
yahC_predicted,0.04,50,49,ACGTCTTCAAAATCCACCAC,1,4481940
yahC_predicted,9.081632653061224,492,48,GTTCACTGGTGCGTGAGTAT,444,4492380
yahC_predicted,0.041666666666666664,48,47,TGTAGATTCATCCTGGTCCC,1,4498614
yahC_predicted,8.791666666666666,468,47,GACCGACGCAAGACTATAAT,421,4474530
yahC_predicted,0.041666666666666664,48,47,CTCCGATTAGCAATCTCCGC,1,4505248
yahC_predicted,9.291666666666666,492,47,CGGGGGCGGGAGTAGACCGT,445,4487225
yahC_predicted,0.041666666666666664,48,47,ACGGAAAAAACAATCAGTTA,1,4498081
yahC_predicted,0.041666666666666664,48,47,ACCCCGAAAGGTCGGAACAC,1,4489264
yahC_predicted,0.0425531914893617,47,46,TGCCAGTGATTGATAGCAAG,1,4509314
yahC_predicted,0.06382978723404255,48,46,GTTTAACCGGGACTGCTCTG,2,4498113
yahC_predicted,0.0425531914893617,47,46,GCATATGAGCCATCTGACTG,1,4480043
yahC_predicted,0.0425531914893617,47,46,CGCTGCTGGAGTGTAATTAA,1,4503983
yahC_predicted,0.0425531914893617,47,46,CATTCGCCATACGCAGACGC,1,4490761
yahC_predicted,0.0425531914893617,47,46,AGCTGTTTGAGGCCGCCTAG,1,4490510
yahC_predicted,0.0425531914893617,47,46,ACGGCGCCATGGAATATGGA,1,4489212
yahC_predicted,0.0425531914893617,47,46,AAAGAGCGCCAATGTCCGTG,1,4477714
yahC_predicted,10.173913043478262,512,45,TATGCCCGCAATGCGTTACT,467,4497441
yahC_predicted,0.043478260869565216,46,45,TATGACTCCGCCAAAAGGAA,1,4475527
yahC_predicted,0.06521739130434782,47,45,TAAATACGAGCGATTTCGGA,2,4476962
yahC_predicted,0.06521739130434782,47,45,GGTGTTGTCAGCGCATGCCA,2,4505191
yahC_predicted,0.15217391304347827,51,45,GGGGAAACTTTGTTCCTATG,6,4482990
yahC_predicted,0.043478260869565216,46,45,CGAAGACGTCCGGGACTTTA,1,4494240
yahC_predicted,0.043478260869565216,46,45,ACACCTTTTCATGGTGGTCT,1,4504290
yahC_predicted,0.044444444444444446,45,44,TTAAGGAGACCGATAGGTGT,1,4508701
yahC_predicted,0.044444444444444446,45,44,TGTGCCGAAGGTTGGAAACC,1,4496822
yahC_predicted,0.044444444444444446,45,44,GTTAGGTGGATTAATGGGTC,1,4478874
yahC_predicted,0.044444444444444446,45,44,GCAGTGCGGCAACCAGTATG,1,4475892
yahC_predicted,0.044444444444444446,45,44,CGGTTCAAAGTCGCTAGTAT,1,4483531
yahC_predicted,0.044444444444444446,45,44,ATTGGGTATATTCAGTGAGA,1,4501189
yahC_predicted,9.022222222222222,449,44,ATGGGCCTCGGGTCCTTATT,405,4490920
yahC_predicted,0.044444444444444446,45,44,ACGAGGGGCTTTCAAATGAT,1,4495421
yahC_predicted,0.045454545454545456,44,43,TTTGGTAACGCCCTCTGCCA,1,4487802
yahC_predicted,11.909090909090908,566,43,TTGGGATCCTTAACGAAGAC,523,4495045
yahC_predicted,0.045454545454545456,44,43,TCATCATCAGCTCGGAGCAT,1,4479111
yahC_predicted,0.045454545454545456,44,43,GTTGTGTGAATGGGTGCCAT,1,4479820
yahC_predicted,0.045454545454545456,44,43,GATAGGAGTAAGGGATGCAT,1,4479115
yahC_predicted,0.09090909090909091,46,43,CCATTTCAGCATGTTAAGTA,3,4475526
yahC_predicted,0.046511627906976744,43,42,GAAAGCGCCAGAGGACGGTC,1,4502905
yahC_predicted,0.046511627906976744,43,42,CGTCGAAACCGCCCGTGATT,1,4497349
yahC_predicted,0.047619047619047616,42,41,GAAGACACAGGGTACCAGCA,1,4476541
yahC_predicted,0.047619047619047616,42,41,CGCGTGCCGACTCGGGGTAA,1,4500201
yahC_predicted,9.69047619047619,447,41,CGATCGCGCGCCGGATCCTG,406,4472522
yahC_predicted,0.047619047619047616,42,41,CGACTATGGCCTGATCCCTA,1,4511509
yahC_predicted,11.761904761904763,534,41,AAGGGCAAACTGTCAGCGCT,493,4484949
yahC_predicted,0.047619047619047616,42,41,AACTCTCGAGGAACTTACTG,1,4473571
yahC_predicted,0.04878048780487805,41,40,TTTACGATTATTAGAGAGGC,1,4474997
yahC_predicted,10.731707317073171,479,40,TGCTCAGTCCTGTGGTATAC,439,4472570
yahC_predicted,0.04878048780487805,41,40,TGCAGGAACCAGTGCACAGT,1,4477382
yahC_predicted,0.04878048780487805,41,40,TATTCTACAAGTTAAACGTG,1,4474375
yahC_predicted,0.04878048780487805,41,40,GGGCGCACGTCTGGTGGGTG,1,4474059
yahC_predicted,0.04878048780487805,41,40,GAGGGCTACTTCTCAGCTGA,1,4505828
yahC_predicted,0.04878048780487805,41,40,CTACCGGTTTTGGACCTAAT,1,4481686
yahC_predicted,0.04878048780487805,41,40,CCGTCATTCGCGGCGTCACC,1,4479221
yahC_predicted,0.07317073170731707,42,40,ACACCTCTCTTGACGGAAAC,2,4495111
yahC_predicted,0.05,40,39,TGGCGAAACTGTAAGCCACT,1,4484261
yahC_predicted,0.075,41,39,GTGGGTCGCTAAGACCCAGT,2,4477487
yahC_predicted,0.05,40,39,GCTCACCTATATACGCGGCT,1,4480808
yahC_predicted,0.05,40,39,CAAGGTGAAGGACGAGCAGG,1,4495519
yahC_predicted,12.65,544,39,ATAAAGTTTGGGCATATTCG,505,4488609
yahC_predicted,0.05,40,39,AGATCAACTGGGGGCACTTG,1,4480111
yahC_predicted,0.05128205128205128,39,38,TCAAGTAACATATAACCGCA,1,4473335
yahC_predicted,0.07692307692307693,40,38,GGACTGTTAAACTATTTTCC,2,4504282
yahC_predicted,0.05128205128205128,39,38,GCTCAATTCAGATACCTTTC,1,4484161
yahC_predicted,0.05128205128205128,39,38,GCCACTGGACTTGACGTTAA,1,4487005
yahC_predicted,0.05128205128205128,39,38,GATAGCCCAGAGTCGGTGGA,1,4476893
yahC_predicted,0.05128205128205128,39,38,CGGTCTTTTGCAAATGCAAA,1,4496398
yahC_predicted,0.07692307692307693,40,38,CCGGGTGCCAGTTATGTTAG,2,4492732
yahC_predicted,0.05128205128205128,39,38,CAGTAATACGAGCTGTTGCC,1,4485159
yahC_predicted,12.743589743589743,534,38,CAGGGACTTATGTCGCGGGA,496,4502173
yahC_predicted,14.666666666666666,609,38,AGGTTTTGGGCTAGACTGGA,571,4502746
yahC_predicted,0.05128205128205128,39,38,AACATGATACAGTGATCAAC,1,4492558
yahC_predicted,0.21052631578947367,44,37,TGTACTGACTAACAAGCGGA,7,4488626
yahC_predicted,0.05263157894736842,38,37,TGGGTGTCCCCTGGACAGCG,1,4496012
yahC_predicted,0.07894736842105263,39,37,GCTCAAGTGCATATCGCACA,2,4499542
yahC_predicted,0.18421052631578946,43,37,CTTAGTGGGGAAACAGCGAT,6,4476085
yahC_predicted,0.05263157894736842,38,37,CTCGGTGGCGGGTGTCAGTG,1,4503020
yahC_predicted,0.05263157894736842,38,37,CGAATGGACAGCGGTGGCGA,1,4479656
yahC_predicted,0.05263157894736842,38,37,ACGATGACGGAGTGCTCACC,1,4483021
yahC_predicted,13.675675675675675,541,36,TTAAATTATCACTTTCGACA,505,4482591
yahC_predicted,0.08108108108108109,38,36,TCCGATCAGGTAAACTTGGT,2,4497861
yahC_predicted,0.05405405405405406,37,36,GTAGCAAACGAATTGCCTAC,1,4484788
yahC_predicted,0.05405405405405406,37,36,GGAGAGGGGTGTCCCCAGAA,1,4509437
yahC_predicted,0.05405405405405406,37,36,CTACAACTCTCCGAGAACGG,1,4478923
yahC_predicted,0.05405405405405406,37,36,CAGTATGAACTGAAACCTGT,1,4493925
yahC_predicted,0.05405405405405406,37,36,AGTTACCGATGGGAAGAAAT,1,4493741
yahC_predicted,0.05405405405405406,37,36,AAACCATCGTAAGTTTAACT,1,4482967
yahC_predicted,0.05555555555555555,36,35,TTGGGCCTTGCACGGGCTAA,1,4490104
yahC_predicted,0.05555555555555555,36,35,TGAACAGCTGAAGTCTGGCA,1,4476756
yahC_predicted,0.05555555555555555,36,35,TCGGCGGTTGTTCTAAACGC,1,4506171
yahC_predicted,1.8055555555555556,99,35,TCCGGAACGTCCCAATAGCT,64,4488711
yahC_predicted,0.05555555555555555,36,35,TAAAAAATATAAAAGAATAG,1,4500668
yahC_predicted,0.05555555555555555,36,35,GGAGGCTTGATGTATGCCGA,1,4484387
yahC_predicted,0.05555555555555555,36,35,GGAATATCCGATAAGATTCC,1,4480721
yahC_predicted,0.05555555555555555,36,35,GCGGGGCGGAACAAATTGAA,1,4478315
yahC_predicted,0.05555555555555555,36,35,CTGCGGCATCGTAATGTCTG,1,4474204
yahC_predicted,0.1388888888888889,39,35,CGTTGTTTAATATTCGTGGT,4,4481347
yahC_predicted,0.05555555555555555,36,35,CAGGGTAATGGCTAATTCCA,1,4486695
yahC_predicted,12.583333333333334,487,35,ACTCACACGACGGTACAGCT,452,4499284
yahC_predicted,0.05555555555555555,36,35,ACCTTCTGTGGTCAGGTGGC,1,4483660
yahC_predicted,0.05555555555555555,36,35,ACCGATCCGTCTGAGTCGAT,1,4474536
yahC_predicted,0.05555555555555555,36,35,ACCATCGGAATAACTTGATC,1,4472775
yahC_predicted,14.4,537,34,TGAACGTATGTATATGAGAT,503,4492264
yahC_predicted,0.05714285714285714,35,34,CCCACTCGAATCGCAAACTT,1,4481322
yahC_predicted,12.657142857142857,476,34,CAATTAAGAGTGTAGCGTCA,442,4472806
yahC_predicted,0.05714285714285714,35,34,ATTAATCAAAAGGACCGTAC,1,4508907
yahC_predicted,0.05714285714285714,35,34,ACGGTACCTCCGGAGAACAT,1,4490751
yahC_predicted,0.058823529411764705,34,33,TTTGGTTATATCCGCACCGA,1,4494566
yahC_predicted,0.058823529411764705,34,33,TGCAAGTCATAGGTATTCTG,1,4501040
yahC_predicted,0.058823529411764705,34,33,TCCGGGAATAGGAGGGGACA,1,4511148
yahC_predicted,0.058823529411764705,34,33,TCACCACCGTAGCACGAAGA,1,4487655
yahC_predicted,16.38235294117647,589,33,TAAGAGTTGAGGAAGACAGA,556,4475948
yahC_predicted,0.058823529411764705,34,33,GTTAGGTGGATGGTTTCTGT,1,4500975
yahC_predicted,0.058823529411764705,34,33,GTACGGTTCACGGGATAGGA,1,4482207
yahC_predicted,0.058823529411764705,34,33,GGGGCGTTTCCTACACAGTC,1,4483365
yahC_predicted,0.058823529411764705,34,33,GCATCGAAATTGCGACACGA,1,4477076
yahC_predicted,0.058823529411764705,34,33,GAGTGTGTATGAAGGAGGGA,1,4475399
yahC_predicted,0.058823529411764705,34,33,CTAGGCTAGTTCGGCCCGGA,1,4508779
yahC_predicted,0.058823529411764705,34,33,CGTTGCTATCAACCTGTGAT,1,4481290
yahC_predicted,0.058823529411764705,34,33,AAGTGCCATCCTACAGTCTG,1,4503739
yahC_predicted,0.058823529411764705,34,33,AAAAAGTCTGGGTCCCTGCA,1,4475019
yahC_predicted,0.06060606060606061,33,32,TCCTGTCCCAGGGCACTCTG,1,4480160
yahC_predicted,0.06060606060606061,33,32,TATGATCGCTCATGCGGAAC,1,4474125
yahC_predicted,0.09090909090909091,34,32,TAAGGAATGTATGGCTTCGC,2,4499187
yahC_predicted,0.06060606060606061,33,32,CGACTGCTTATGAAGCCTCT,1,4482933
yahC_predicted,15.242424242424242,534,32,AGTGATCCCAGCCAATTGTG,502,4482271
yahC_predicted,0.09375,33,31,TAAGTAGACCATTTGGCTGA,2,4475068
yahC_predicted,0.0625,32,31,GTGTGATAGTCACCACCGAG,1,4503176
yahC_predicted,0.0625,32,31,GTCATGTGAGAACGAGTTGT,1,4492384
yahC_predicted,0.0625,32,31,GTAGGAGACAACGTTGGTAA,1,4489599
yahC_predicted,0.0625,32,31,GGTGCCATCAATTTCGTTAT,1,4481803
yahC_predicted,7.90625,283,31,GGTACAGATAACTTGCTAAT,252,4491612
yahC_predicted,0.125,34,31,GGCAACGGGGGGGCACTCCT,3,4505411
yahC_predicted,0.0625,32,31,GATGTGGTGCGGTTTTGGGG,1,4499596
yahC_predicted,7.0625,256,31,CTGGGTCGGTCGCGCATGCT,225,4488467
yahC_predicted,12.40625,427,31,CTCGACCGCAATTCCGGTAT,396,4489454
yahC_predicted,0.0625,32,31,CGTATTTGATGTTGGGGGTC,1,4473598
yahC_predicted,6.65625,243,31,CGACAAGGCCTCTATTCCTG,212,4474220
yahC_predicted,0.0625,32,31,CCATGTAAAATTTTGCTAAT,1,4481379
yahC_predicted,0.125,34,31,CCAGCGGACGACCAGAACCA,3,4496876
yahC_predicted,7.09375,257,31,ATTTCACGCTGGTCCGATTT,226,4488368
yahC_predicted,0.09375,33,31,ATTCGGGCGACTCCCAACAC,2,4487689
yahC_predicted,0.0625,32,31,AGTATCCAAGGATACCAACG,1,4485124
yahC_predicted,0.0625,32,31,ACTTTAGACTCGGATGGCAA,1,4477017
yahC_predicted,0.06451612903225806,31,30,TTCGTCACTTCTAGTGGCTT,1,4472990
yahC_predicted,0.06451612903225806,31,30,TGAGCCATCCAAGTGGGAGA,1,4480429
yahC_predicted,14.483870967741936,478,30,TCGCACCGTGGCGTCGGCTG,448,4508245
yahC_predicted,0.06451612903225806,31,30,GGGTATGTACTTGGCTCATG,1,4490062
yahC_predicted,0.0967741935483871,32,30,GGAGTCTAACCAGCTCCATG,2,4484122
yahC_predicted,0.06451612903225806,31,30,CATAGAAGAGCGACCACGGG,1,4486559
yahC_predicted,0.06451612903225806,31,30,ATATTCCCCGCTGTGGGTAC,1,4486128
yahC_predicted,0.0967741935483871,32,30,AATACAGGCCCGCTTTGGCT,2,4488860
yahC_predicted,10.096774193548388,342,30,AAAGGTCGTAATCTTAGGCA,312,4501886
yahC_predicted,13.7,439,29,TGGGATGCTCGCCTTTTCGC,410,4498612
yahC_predicted,0.06666666666666667,30,29,TGCAGGACGTGGGTATTACA,1,4484281
yahC_predicted,0.06666666666666667,30,29,TCGCGATCACGTGCCTCTCA,1,4494311
yahC_predicted,0.06666666666666667,30,29,TCATTGTACTTCTAGAACCT,1,4481324
yahC_predicted,0.06666666666666667,30,29,GTGAGGTCTTTCTTCGGATA,1,4511296
yahC_predicted,0.06666666666666667,30,29,GTAGTGTCTGGAGGCCTGCG,1,4499466
yahC_predicted,0.06666666666666667,30,29,GTAACAACGCTAAGGCGGAT,1,4507232
yahC_predicted,0.06666666666666667,30,29,GAGACCTCATAAACCCGACG,1,4486423
yahC_predicted,0.06666666666666667,30,29,CTCTTTATTTCGCGTCGAAT,1,4501863
yahC_predicted,0.06666666666666667,30,29,CCTCTTGTGAGCATCGGTGC,1,4497157
yahC_predicted,18.533333333333335,584,29,AGTGGTTTACATACGGCAAT,555,4490872
yahC_predicted,0.1,31,29,ACGTTGATGACAAAATACGA,2,4477139
yahC_predicted,0.06666666666666667,30,29,AATGTCCCTCAATATGGAGT,1,4477708
yahC_predicted,0.06896551724137931,29,28,TTAGCAATCTGCGTTTATAT,1,4496377
yahC_predicted,0.06896551724137931,29,28,TGAACATGTCTATAAGCCAT,1,4495957
yahC_predicted,0.06896551724137931,29,28,TCACCGACGTGCGAATCTAT,1,4478295
yahC_predicted,0.13793103448275862,31,28,GTAGCGCCGGGACTCGTGCG,3,4492221
yahC_predicted,0.06896551724137931,29,28,GATAGGCTATAGAAAACCAT,1,4508196
yahC_predicted,0.06896551724137931,29,28,CGTGCCCAATACGGCGTTCG,1,4497888
yahC_predicted,0.06896551724137931,29,28,CCGGCTTTAAGGTCTCCGCT,1,4475993
yahC_predicted,0.06896551724137931,29,28,CACACCCGGGGGTGGAGTCT,1,4493062
yahC_predicted,0.06896551724137931,29,28,CAATTGGGGCCTTCTCTGCT,1,4495693
yahC_predicted,14.379310344827585,444,28,ATCCCCTTTTCGATCTACGG,416,4474261
yahC_predicted,17.82758620689655,544,28,ATAGCCGGAAACGGGTAAAA,516,4503582
yahC_predicted,18.103448275862068,552,28,AGCTCGTCTCGGAGTATGGA,524,4507069
yahC_predicted,0.10344827586206896,30,28,ACGACGCCACCAGACTGACA,2,4479624
yahC_predicted,9.0,288,28,AAGTGGAGTGTAATCCTAGG,260,4492861
yahC_predicted,0.07142857142857142,28,27,TTGTTTCTTAATGCCGGCCA,1,4473522
yahC_predicted,0.07142857142857142,28,27,TTGCAGCGAGTGCTTGGCAT,1,4483782
yahC_predicted,0.17857142857142858,31,27,TCCATGCTCACACTAAACGA,4,4476574
yahC_predicted,1.5,68,27,GTACCGTCGTTAGTGACCTT,41,4507149
yahC_predicted,0.07142857142857142,28,27,GTAAAGGGTCGGCGGTAAAT,1,4493639
yahC_predicted,0.07142857142857142,28,27,GGTTAACGTTAACCCCGGTC,1,4502437
yahC_predicted,0.10714285714285714,29,27,GCCATCCGAAAAACTTGAGA,2,4491898
yahC_predicted,0.07142857142857142,28,27,CGAGGTTGATATACTAAATT,1,4480427
yahC_predicted,0.07142857142857142,28,27,CCCAATGCGCACACATATCG,1,4507835
yahC_predicted,17.928571428571427,528,27,CCACAACCTTCGCAGCGATG,501,4488125
yahC_predicted,15.714285714285714,466,27,ATGTAATTGTGATTGCGCGG,439,4497980
yahC_predicted,4.428571428571429,150,27,AATCACCGAATGCTATCCAT,123,4481632
yahC_predicted,0.07407407407407407,27,26,TTTTATCTAGGTTTTGGGTG,1,4473312
yahC_predicted,0.07407407407407407,27,26,TTCATACTCTGCAACAGCTG,1,4478331
yahC_predicted,8.666666666666666,259,26,TGTGTGGGTTTGCGGGTTAA,233,4492889
yahC_predicted,0.07407407407407407,27,26,TGTAACGCGCACGTCCTGGT,1,4475766
yahC_predicted,0.07407407407407407,27,26,TGCTGTCCACGAGGATAGGA,1,4482567
yahC_predicted,0.07407407407407407,27,26,TGATCCCCGTGCGGCCGGCT,1,4481507
yahC_predicted,0.07407407407407407,27,26,TCTTTCCACTTTCCAGGTAT,1,4484683
yahC_predicted,0.07407407407407407,27,26,TCTCAAGCACGAGGCCGGCT,1,4503605
yahC_predicted,0.07407407407407407,27,26,TCGTGCCTCAGTATACAATT,1,4484933
yahC_predicted,0.07407407407407407,27,26,GTTTGAGGTGCACAACAAGA,1,4495538
yahC_predicted,0.07407407407407407,27,26,GTGGAGTTATGCGCCTCCCG,1,4485469
yahC_predicted,0.07407407407407407,27,26,GGGCTCTCAAATCACAGCGA,1,4486257
yahC_predicted,0.07407407407407407,27,26,GCTTGCAGACCTCTATACTT,1,4479304
yahC_predicted,0.1111111111111111,28,26,GACCACAGCCGTTCACTGGT,2,4494574
yahC_predicted,0.14814814814814814,29,26,CTCTTAGAACGAGCGACAGT,3,4484726
yahC_predicted,0.07407407407407407,27,26,CGTTTGTAGATTGTGGTGAC,1,4502520
yahC_predicted,0.07407407407407407,27,26,CCGCCTAACTGCCAATAGGC,1,4483861
yahC_predicted,0.14814814814814814,29,26,CCGACTGATCACCTTTGGCG,3,4507870
yahC_predicted,0.07407407407407407,27,26,CCCTACTTGACTCTTCGAGG,1,4479383
yahC_predicted,0.07407407407407407,27,26,ATTAGCATCAGGTGTCGCTT,1,4477365
yahC_predicted,0.07407407407407407,27,26,ATCGCAGACATATAGCCTCA,1,4497208
yahC_predicted,0.07407407407407407,27,26,AGTGGAAAAGGACTAAGGGA,1,4479674
yahC_predicted,0.07407407407407407,27,26,ACTCGTCGGTATGTCGGGTA,1,4507311
yahC_predicted,0.18518518518518517,30,26,ACGACGTAACTTGGATTTGT,4,4504380
yahC_predicted,17.074074074074073,486,26,ACCGGGACGGCTCTTACGAC,460,4473802
yahC_predicted,0.07692307692307693,26,25,TGTAATGTCACAAGTGGTCT,1,4500047
yahC_predicted,0.07692307692307693,26,25,TGCGGGAATGCCAGTAAGCT,1,4474506
yahC_predicted,0.11538461538461539,27,25,TGAATGCCCGGACGTTACAT,2,4474540
yahC_predicted,0.07692307692307693,26,25,TAGCACACGGAGAACATGTG,1,4487001
yahC_predicted,0.15384615384615385,28,25,TACGAGGAATGATGCGGCAG,3,4504132
yahC_predicted,0.07692307692307693,26,25,GTATCCGGTCCACTTAATGA,1,4478109
yahC_predicted,14.615384615384615,404,25,GTAACGCGGGCCAGGTCCGT,379,4502312
yahC_predicted,0.07692307692307693,26,25,GGTTTTAGCTTCCAACACGC,1,4490036
yahC_predicted,0.07692307692307693,26,25,GCCCAACGGACCCGGTTTAG,1,4509628
yahC_predicted,0.07692307692307693,26,25,GATCTGGGCGGCTCATTCCA,1,4476400
yahC_predicted,0.07692307692307693,26,25,CTCCTTCGCGACTACATGGT,1,4497435
yahC_predicted,0.07692307692307693,26,25,CGCGACTGGTTAAAAGTATG,1,4507922
yahC_predicted,18.384615384615383,502,25,CGACATTTAGCTTGGCGCGA,477,4504107
yahC_predicted,0.07692307692307693,26,25,CGAACCGATGGACTGCGAGC,1,4493276
yahC_predicted,0.07692307692307693,26,25,CAGGCCCGAAGCGACTCGGA,1,4511085
yahC_predicted,7.423076923076923,217,25,ATTAGTCGCCTGAGCATCTA,192,4481493
yahC_predicted,0.07692307692307693,26,25,ATGAGTGTCATTCAACTGAA,1,4491539
yahC_predicted,0.11538461538461539,27,25,ATAGCGCTATATGAACCAGT,2,4480496
yahC_predicted,15.615384615384615,430,25,AGCTCCGCTTATTCATGAGG,405,4498092
yahC_predicted,9.192307692307692,263,25,ACTAGCACTGGGCGGCATTA,238,4492541
yahC_predicted,0.08,25,24,TTCCGGGTGGCTTGATGATG,1,4505575
yahC_predicted,0.08,25,24,TCGCTACACCTCGGGAACGT,1,4507431
yahC_predicted,0.08,25,24,TCCCTCATCCGGACCTTTTT,1,4490102
yahC_predicted,4.28,130,24,TCATGGATACAGAGTGAGAA,106,4498050
yahC_predicted,0.08,25,24,TAATCATATGATTAAATCTG,1,4507071
yahC_predicted,0.12,26,24,GTTAATGACCAAGTACGCAA,2,4508075
yahC_predicted,0.08,25,24,GCGCTATTCCAGGACTGTGT,1,4510930
yahC_predicted,0.08,25,24,CTTGCAACGAGTTGGCTACC,1,4481604
yahC_predicted,0.08,25,24,CTAGTGATCTACTTGAGGCG,1,4489763
yahC_predicted,0.08,25,24,CGAACTAAGGAATTAGGTCG,1,4477789
yahC_predicted,0.08,25,24,CCTCTAACGGAAATGATTTA,1,4488853
yahC_predicted,0.08,25,24,CCTATACAAGTTGGCCCGAA,1,4476601
yahC_predicted,0.12,26,24,CCGTACTAAGGGCACACTCT,2,4484379
yahC_predicted,0.08,25,24,CATTGATCTGCATGCTGGAG,1,4484031
yahC_predicted,0.08,25,24,CAATTAATGGAGACGTTGCA,1,4488312
yahC_predicted,0.08,25,24,AGGGTAAATTTTATTACAGT,1,4487096
yahC_predicted,0.08,25,24,ACGTTTCGGAGGTAGTCCAG,1,4485568
yahC_predicted,18.208333333333332,459,23,TTAGTGAGGAATAGCCGGGG,436,4488150
yahC_predicted,0.08333333333333333,24,23,TGCTTTTAGAATATTACAGT,1,4510392
yahC_predicted,0.08333333333333333,24,23,TGATTTCAATGAAGCATGCA,1,4488171
yahC_predicted,0.08333333333333333,24,23,TCTAGCAGTAGAAATGCTAT,1,4495828
yahC_predicted,0.08333333333333333,24,23,TCGTCATTGGGCGGTACGCT,1,4501995
yahC_predicted,0.08333333333333333,24,23,TAGGTATGTACGTTTTACAG,1,4476372
yahC_predicted,0.08333333333333333,24,23,TAGCCACCCAAGATTTCACA,1,4482750
yahC_predicted,0.125,25,23,TACACAGTTCCAAACACTTC,2,4505991
yahC_predicted,0.08333333333333333,24,23,GTTGGCCTGTGTATGCGGAC,1,4473521
yahC_predicted,0.125,25,23,GTGGCATCGCTCCGGGAAGT,2,4477658
yahC_predicted,0.20833333333333334,27,23,GTCCAACAACTAAGCGTACT,4,4479715
yahC_predicted,0.08333333333333333,24,23,GGGTCAAGAAGAGGCAACTA,1,4482105
yahC_predicted,0.08333333333333333,24,23,GGAAATCAGGCCTGCTCGCG,1,4490152
yahC_predicted,0.08333333333333333,24,23,GCTCAGGTACAACGTTCCGG,1,4488848
yahC_predicted,0.08333333333333333,24,23,GCCGGGGTACGCGGACACCC,1,4498091
yahC_predicted,0.08333333333333333,24,23,GCATTGCTTAAACTCGTCCA,1,4511510
yahC_predicted,0.08333333333333333,24,23,GATAGTATATGGCTTTTGGA,1,4489033
yahC_predicted,0.08333333333333333,24,23,GAGTCTCGATAGCCGGAAAG,1,4487556
yahC_predicted,0.08333333333333333,24,23,GACGGAATACTCGTAGCGCG,1,4473956
yahC_predicted,0.08333333333333333,24,23,GAAGTATGCTTCCAACTTAC,1,4487226
yahC_predicted,19.25,484,23,CTTAACAGTACCTCCACAGT,461,4507916
yahC_predicted,20.125,505,23,CCACTCGTACATCTGAGAGG,482,4509744
yahC_predicted,0.08333333333333333,24,23,CAGTATTCTGGTAATTACCA,1,4485716
yahC_predicted,0.08333333333333333,24,23,CACCTCTCCAGTGGCGGGCA,1,4476087
yahC_predicted,0.08333333333333333,24,23,ACTTCACGGGCCTGGCCGCA,1,4481572
yahC_predicted,0.125,25,23,ACGTAATCTACGGAAAGCCC,2,4484840
yahC_predicted,12.875,331,23,ACGCCACGCTGGAGTTCGCA,308,4502963
yahC_predicted,0.08333333333333333,24,23,ACCGCCACGGCCTAGCACGG,1,4482086
yahC_predicted,0.08695652173913043,23,22,TTGAGGCTTAAGGAAAAGCC,1,4483072
yahC_predicted,0.08695652173913043,23,22,TGTTACATTTAATCTCTGGT,1,4508933
yahC_predicted,0.13043478260869565,24,22,TCATTCCCGTGTGCGATGAG,2,4484435
yahC_predicted,0.08695652173913043,23,22,TAACTCTAACCTAACAGATA,1,4502598
yahC_predicted,0.08695652173913043,23,22,GTGGTGGTCAGCAGGCAGAC,1,4496786
yahC_predicted,0.08695652173913043,23,22,GTGCCCTCCCGGATTTGAGA,1,4503769
yahC_predicted,0.08695652173913043,23,22,GTGCCAAGTGGTGTACTCAC,1,4496690
yahC_predicted,1.3478260869565217,52,22,GTAGTTGATTAGTAGAGTGT,30,4477707
yahC_predicted,0.08695652173913043,23,22,GGAGCATGAGGTGGGACTTC,1,4489301
yahC_predicted,0.13043478260869565,24,22,GAGCCATGCTGCATCAGAAG,2,4478651
yahC_predicted,0.08695652173913043,23,22,CTGTCATTCTTTTCAAACTA,1,4488766
yahC_predicted,0.08695652173913043,23,22,CTCTAGTGGTAATCAGGGAG,1,4490827
yahC_predicted,0.08695652173913043,23,22,CTCCGTGCTTCCCATGGACA,1,4511574
yahC_predicted,0.08695652173913043,23,22,CGTGACGGATTACGATGAAA,1,4500340
yahC_predicted,0.08695652173913043,23,22,CCTTCGAATAGATTAAACAG,1,4492938
yahC_predicted,0.08695652173913043,23,22,CATGTGCAAGTGCATAAGGT,1,4499919
yahC_predicted,0.08695652173913043,23,22,CAAGTATTGATAAGAATGCT,1,4506313
yahC_predicted,0.08695652173913043,23,22,ATTACGATAGCATAGGACCT,1,4486825
yahC_predicted,0.08695652173913043,23,22,ATACATGCCATCCATTTTGG,1,4499711
yahC_predicted,0.17391304347826086,25,22,AGGACAACGCGGCAGCGCAA,3,4497534
yahC_predicted,0.08695652173913043,23,22,ACAGTATGCCATGACATTGG,1,4500088
yahC_predicted,0.09090909090909091,22,21,TGTGTGAGATGTTGTGGACA,1,4484341
yahC_predicted,0.09090909090909091,22,21,TGGCCTAGTAAGACTGCCCT,1,4504018
yahC_predicted,0.09090909090909091,22,21,TGATCGGCATTCAGCCAACA,1,4501350
yahC_predicted,0.09090909090909091,22,21,GGTGCGTCTATCCGCCCCCA,1,4504695
yahC_predicted,0.09090909090909091,22,21,GGGTTAGATATGGCCATAAT,1,4486619
yahC_predicted,0.09090909090909091,22,21,GGGGATTTTAGGAGCATCAA,1,4500425
yahC_predicted,0.09090909090909091,22,21,GGAAACCTCTACAGTAGGGG,1,4476799
yahC_predicted,0.09090909090909091,22,21,GCCTGTACGTGAATACCGAG,1,4494464
yahC_predicted,0.09090909090909091,22,21,GCAGGAGTCAAGTGCCCTTA,1,4503255
yahC_predicted,0.09090909090909091,22,21,GAACCTGCAAACACCGGGGG,1,4481770
yahC_predicted,0.13636363636363635,23,21,CTTGGCACAAGGGGTCTACA,2,4494892
yahC_predicted,19.227272727272727,443,21,CTAGCAGGGCATTGCGTGGG,422,4489355
yahC_predicted,0.09090909090909091,22,21,CCGGTACCTCACAGTTAGTA,1,4500835
yahC_predicted,0.09090909090909091,22,21,CAGTCTTGCCGACATCAGAG,1,4491443
yahC_predicted,0.09090909090909091,22,21,AGTTTCGCTGCAGGAATTCG,1,4473049
yahC_predicted,0.13636363636363635,23,21,ACTTCATGGGCGGGGCTGGA,2,4478271
yahC_predicted,0.09090909090909091,22,21,ACAAGCCTGTTTTCCAAGTT,1,4491000
yahC_predicted,0.09090909090909091,22,21,AAGTCACCTCCTAGACGTAT,1,4499095
yahC_predicted,0.09523809523809523,21,20,TTGCGCGCGCCCATCGCCAG,1,4483226
yahC_predicted,0.09523809523809523,21,20,TTGACAAGCGCTTTAATGAA,1,4503855
yahC_predicted,0.09523809523809523,21,20,TCTAAGAGCTGACTGACGTC,1,4484934
yahC_predicted,0.14285714285714285,22,20,TCGAGCCAAAAAGGGTGCCT,2,4491508
yahC_predicted,22.333333333333332,488,20,TATCACACGACAAACTGACA,468,4491038
yahC_predicted,0.09523809523809523,21,20,TACGGTACGGCTAGTTTATC,1,4474512
yahC_predicted,0.09523809523809523,21,20,TACGCATTGAAGATCTGTCC,1,4508902
yahC_predicted,2.761904761904762,77,20,GTACTCAAGTTTAGTAACCT,57,4488849
yahC_predicted,0.09523809523809523,21,20,GGTCGTGGATAGTAGGGTTT,1,4488833
yahC_predicted,0.09523809523809523,21,20,GGTCCTGGTTGTAGTAGCTT,1,4478434
yahC_predicted,0.09523809523809523,21,20,GGCAAGAAAGAGGGTCTCGA,1,4484452
yahC_predicted,0.09523809523809523,21,20,GCAGTGATCTTCTGGCACCA,1,4473425
yahC_predicted,0.09523809523809523,21,20,GAGGCTATGCAAGAGGCATA,1,4498906
yahC_predicted,26.523809523809526,576,20,GAGCAGATTTAAGGGCCGTA,556,4493342
yahC_predicted,0.09523809523809523,21,20,CTTAGCGAAAGAGAACACAG,1,4499591
yahC_predicted,0.09523809523809523,21,20,CGAAATGGTTTCCTTACATA,1,4482033
yahC_predicted,0.09523809523809523,21,20,CCCGAAGAGCCCGCGTCTGT,1,4483358
yahC_predicted,0.14285714285714285,22,20,CCACCCCTGTTGCAGTGCCT,2,4511385
yahC_predicted,21.047619047619047,461,20,CATGCCCGTAAGTCAAGTTG,441,4484553
yahC_predicted,2.380952380952381,69,20,ACGTCTGAGTGGTCATGGGT,49,4488483
yahC_predicted,0.09523809523809523,21,20,ACAGGAAGTCGATAGGATGT,1,4485141
yahC_predicted,0.1,20,19,TTTTGCCGCTCGTATTGACT,1,4475148
yahC_predicted,0.1,20,19,TGGAAAGACTGAACCACGGC,1,4495355
yahC_predicted,24.8,514,19,TCTTCTCTCATAATGCACGG,495,4497809
yahC_predicted,0.1,20,19,TCTAAACCACGTGTCTTTTA,1,4504809
yahC_predicted,0.15,21,19,TCCTGGTACAGCAACCCCTA,2,4492505
yahC_predicted,0.1,20,19,TAGATGCGTGGGAATAAATT,1,4481768
yahC_predicted,0.1,20,19,TAAACCTGTTCAGAAATGTA,1,4499281
yahC_predicted,0.1,20,19,CTGCTCCTTCACGGTTAGCC,1,4480657
yahC_predicted,0.1,20,19,CTCGACCAAAAAAGCTATGA,1,4500430
yahC_predicted,0.1,20,19,CGTCCATCAGATACATCTAT,1,4489284
yahC_predicted,22.4,466,19,CCTACTCGGAGTATCTACCT,447,4487447
yahC_predicted,0.1,20,19,CCGTGGTTTAGATTTATATC,1,4499767
yahC_predicted,0.1,20,19,CCAGGAACGCATGGGAGGCC,1,4493211
yahC_predicted,0.1,20,19,CAGGTCTGGCGGAGCCAAGT,1,4472761
yahC_predicted,13.6,290,19,CAAGAGAACTTGTTTAACAT,271,4489459
yahC_predicted,0.1,20,19,AAGACAGGAGCTAGAATCTT,1,4497533
yahC_predicted,0.1,20,19,AAAGCGAGTCTTGGTACCGA,1,4505464
yahC_predicted,0.10526315789473684,19,18,TTCAAGCTACCCAGCGGCAG,1,4481125
yahC_predicted,0.10526315789473684,19,18,TGGTGTGGCGTCATTGCTCC,1,4500323
yahC_predicted,0.21052631578947367,21,18,TGCACTATTCAAGAATGAAT,3,4500023
yahC_predicted,0.10526315789473684,19,18,TGATGACCGACCACAATTGT,1,4487522
yahC_predicted,0.10526315789473684,19,18,TCTCCTGGACATCCGCAGCA,1,4485343
yahC_predicted,0.15789473684210525,20,18,TACCACAGGCGCTAGCCAGA,2,4501456
yahC_predicted,0.10526315789473684,19,18,GTTTTTACGTGTCACCCATT,1,4504189
yahC_predicted,22.736842105263158,449,18,GGTCAGAAGTGCCGCTAAGG,431,4491219
yahC_predicted,0.10526315789473684,19,18,GCGGTCAGTATTTGGAGGAT,1,4480942
yahC_predicted,0.10526315789473684,19,18,GCGCGGACCGCATCCGTAAT,1,4503282
yahC_predicted,0.10526315789473684,19,18,GCATTTGTAATTTAGGTCAA,1,4481414
yahC_predicted,0.10526315789473684,19,18,GAAACGTGGACGCACCAGGT,1,4484598
yahC_predicted,0.10526315789473684,19,18,CTCTTTGCCCTATGGTCCCC,1,4489641
yahC_predicted,26.0,511,18,CTCATGGTTAGCCCAGAGGG,493,4477110
yahC_predicted,25.473684210526315,501,18,CCGGGTGTATCCCCAGCACA,483,4480907
yahC_predicted,0.10526315789473684,19,18,CATCCCGGTTGTCACAGTCC,1,4493393
yahC_predicted,0.10526315789473684,19,18,CAGCGTAGTAGTTTTCGCTT,1,4492202
yahC_predicted,27.210526315789473,534,18,CAAGCTAGTTAATGGTACGT,516,4511588
yahC_predicted,0.10526315789473684,19,18,ATCATTCGGTACAGAAGTTC,1,4474330
yahC_predicted,0.10526315789473684,19,18,AGTAGCGAGCCTTTCAGATG,1,4505832
yahC_predicted,0.10526315789473684,19,18,AGGTCGGAGATTTATCTATA,1,4487163
yahC_predicted,0.10526315789473684,19,18,AGGTATCTTGTACCTACCAC,1,4493748
yahC_predicted,0.10526315789473684,19,18,AGGGTTAATGGGCAGCGTCT,1,4502102
yahC_predicted,0.10526315789473684,19,18,ACTGGCAGCTTGAAATCCGA,1,4509035
yahC_predicted,26.666666666666668,496,17,TTCTTTGTCCGTCGGTACCT,479,4473793
yahC_predicted,0.2222222222222222,20,17,TTCTACGACTATTTGTTGTG,3,4484727
yahC_predicted,0.2222222222222222,20,17,TTATGATATTTTGTGCGTGA,3,4488399
yahC_predicted,0.1111111111111111,18,17,TGCACCCCATACGTCTTATA,1,4504980
yahC_predicted,0.1111111111111111,18,17,TCGTACTATTCGTCTCTAGA,1,4499580
yahC_predicted,0.1111111111111111,18,17,TCACAATTCAGGCGCTGCCT,1,4490103
yahC_predicted,0.1111111111111111,18,17,TAGGGCTTGAGGGTAGTGTA,1,4495131
yahC_predicted,0.1111111111111111,18,17,TACCAAATGGAGAGTGCGAC,1,4511387
yahC_predicted,0.1111111111111111,18,17,TACAGTGTGACTTTGTCTAG,1,4496487
yahC_predicted,0.1111111111111111,18,17,TACAGTGGGTCCCTGACGTT,1,4496987
yahC_predicted,0.1111111111111111,18,17,TAAACTCGCATTACTACTTG,1,4508589
yahC_predicted,0.1111111111111111,18,17,GTACATATTGTGACTATCAG,1,4474932
yahC_predicted,0.1111111111111111,18,17,GAATGCGCAGAATGGGGGAA,1,4499362
yahC_predicted,0.1111111111111111,18,17,CTGTGGATGGCATTTCGGTT,1,4493408
yahC_predicted,0.1111111111111111,18,17,CTAGATGTCGTAGGTGTTTC,1,4489759
yahC_predicted,0.1111111111111111,18,17,CAGTCCCGCCCAGTAATTGA,1,4481925
yahC_predicted,0.1111111111111111,18,17,CAGAAAACTACATACTTTCT,1,4499374
yahC_predicted,0.1111111111111111,18,17,CAATCTGGAGCCCTCGGCCT,1,4474224
yahC_predicted,0.1111111111111111,18,17,CAACAAGTGCCAAATAGCTT,1,4480408
yahC_predicted,0.1111111111111111,18,17,ATCTAAAGGACATCGAGCGG,1,4504461
yahC_predicted,0.1111111111111111,18,17,ATACTCCGCTAATAAGACTG,1,4497721
yahC_predicted,0.2222222222222222,20,17,AGATTACTACGTCCCTGGTG,3,4500721
yahC_predicted,24.166666666666668,451,17,ACGGTGCGGCCGATGTTCTG,434,4479827
yahC_predicted,0.1111111111111111,18,17,AACTCGAACAGGATTTAGTA,1,4485416
yahC_predicted,24.941176470588236,439,16,TTGTCAAACCTCACATCTCA,423,4484778
yahC_predicted,0.11764705882352941,17,16,TTGGGTTCGTGGCCCGTATA,1,4480579
yahC_predicted,0.17647058823529413,18,16,TTGATGTCAGGTTGTATATA,2,4498478
yahC_predicted,0.11764705882352941,17,16,TTGATCGCGACGCCTTATGC,1,4510278
yahC_predicted,25.470588235294116,448,16,TTGACGCGGGATGACTTTCC,432,4480474
yahC_predicted,0.11764705882352941,17,16,TTCAGTTCCACCGGTGTTTG,1,4499467
yahC_predicted,25.11764705882353,442,16,TGCTCATTGGGTAAATCCGA,426,4504759
yahC_predicted,0.17647058823529413,18,16,TAGGGTGCCTTTGTCCACCT,2,4475692
yahC_predicted,23.470588235294116,414,16,GGCCATTTCGTGCCCTCTGG,398,4500393
yahC_predicted,0.11764705882352941,17,16,GCTGGGGATTTGTTCTGTTT,1,4494971
yahC_predicted,0.11764705882352941,17,16,GCTAGCACTAGGAAGGACCA,1,4474701
yahC_predicted,0.11764705882352941,17,16,GCAGCATGCGCACCCCACGA,1,4489292
yahC_predicted,0.11764705882352941,17,16,GCACAGTAGCTTACGCTGCA,1,4507571
yahC_predicted,0.11764705882352941,17,16,GAGAGTTGCAGAGACCCCTT,1,4481573
yahC_predicted,0.11764705882352941,17,16,GAGAGACCCAAATGCCTCGG,1,4487936
yahC_predicted,0.11764705882352941,17,16,CTTTGGCAAATATTTAACCA,1,4500401
yahC_predicted,25.764705882352942,453,16,CTGAACAGTCGTTGTCTCAG,437,4508502
yahC_predicted,0.17647058823529413,18,16,CTAGGAATTACCTCAAAATT,2,4500244
yahC_predicted,0.11764705882352941,17,16,CGTTCTCAAGGGTTGTCTAC,1,4474132
yahC_predicted,0.11764705882352941,17,16,CCTTCACATTGATGCGGTGT,1,4506602
yahC_predicted,0.11764705882352941,17,16,CCATGGCAGGTCGCATCGAT,1,4482700
yahC_predicted,24.11764705882353,425,16,CATCGCTTCGCGATCATAAG,409,4498135
yahC_predicted,0.11764705882352941,17,16,CAGTGCCTGATGTACTTGTA,1,4477828
yahC_predicted,0.11764705882352941,17,16,AGTGTACGCTTGAACTAGGA,1,4510867
yahC_predicted,0.11764705882352941,17,16,AATATTGAGCGGGCCGTAAC,1,4494327
yahC_predicted,0.11764705882352941,17,16,AACGGAGGTTGGGGCTGTAG,1,4476111
yahC_predicted,0.11764705882352941,17,16,AAAACGGCCGGGATATGTTT,1,4497278
yahC_predicted,0.125,16,15,TTCATCAACAAAATATATGT,1,4478486
yahC_predicted,0.125,16,15,TTATGCGAAGTCCATGTGCT,1,4508763
yahC_predicted,0.125,16,15,TTACCTGATTCTGACTCCAA,1,4472984
yahC_predicted,0.125,16,15,TGGGAAAGGTTCATGCGGTC,1,4480633
yahC_predicted,0.125,16,15,TGCACGGAAGGTTGGACTTT,1,4491760
yahC_predicted,0.1875,17,15,TCCCCAATAGGAGTAGGAAT,2,4487907
yahC_predicted,0.125,16,15,TAACTGCCAGGGCTCTGGCT,1,4478850
yahC_predicted,0.125,16,15,GTTAGCGGCCGAGCATCCGG,1,4493568
yahC_predicted,0.125,16,15,GTCCGCGACAGTTGCTTATC,1,4485712
yahC_predicted,0.125,16,15,GCTGGTCCAAACGCCCGTCC,1,4496594
yahC_predicted,27.125,448,15,GCACCGCAATAATGTAATGG,433,4507567
yahC_predicted,0.125,16,15,GATCAGAAAACCATTAGGCT,1,4507536
yahC_predicted,0.125,16,15,GAAGTTAATAATGAGTTGCC,1,4487115
yahC_predicted,0.125,16,15,CGCATGCAGCCAGACTTAAA,1,4479147
yahC_predicted,25.4375,421,15,CCGCACCTATTTTTATTCCA,406,4505570
yahC_predicted,21.1875,353,15,CCATTAATTCTCTTAGAATT,338,4483364
yahC_predicted,30.5,502,15,CAGCTATCAGCGCTTCATCG,487,4491945
yahC_predicted,0.125,16,15,ATTTCAGCAACCTATGTTCG,1,4487937
yahC_predicted,0.125,16,15,ATGCCCACACTGATCTAAGT,1,4473777
yahC_predicted,62.375,1012,15,ATCCGGGAGTCTGGCGTGAA,997,4480093
yahC_predicted,32.1875,529,15,ATCACAGACAATCAAGAAAT,514,4495244
yahC_predicted,0.125,16,15,AGTTTCCTACCTCGACGCTG,1,4491617
yahC_predicted,0.125,16,15,AGCTTCCACAGAGTCATATA,1,4506019
yahC_predicted,0.125,16,15,AGCCGGATTTTGGGAGCGGG,1,4510415
yahC_predicted,0.125,16,15,AGAGCACGCCGACCGGCAAA,1,4484856
yahC_predicted,0.125,16,15,ACCAAGGAGTTCCGATATGT,1,4491218
yahC_predicted,31.125,512,15,ACATAGCGTTCGGGACGAAA,497,4510518
yahC_predicted,0.125,16,15,AAGAAATGATCGGAAAGGGG,1,4511050
yahC_predicted,27.625,456,15,AAAACTGTCCCGCACACATG,441,4496655
yahC_predicted,0.13333333333333333,15,14,TTTCTTGGTACGCGTGTAGC,1,4481395
yahC_predicted,0.13333333333333333,15,14,TTTCTTAAGAAGAAGAACCG,1,4494727
yahC_predicted,0.13333333333333333,15,14,TTTCGTCATTATTATTGGTT,1,4501824
yahC_predicted,8.733333333333333,144,14,TTGTATGGACATTAAAATGA,130,4493439
yahC_predicted,0.13333333333333333,15,14,TTGCAGAAGGGAATAGCCTA,1,4507307
yahC_predicted,0.13333333333333333,15,14,TTATTGCGACCGGTCCATGC,1,4506745
yahC_predicted,25.4,394,14,TTAATCCCAAGACGTCGGTT,380,4498398
yahC_predicted,0.2,16,14,TGGGGGTTACTACTTCTCGA,2,4478407
yahC_predicted,0.26666666666666666,17,14,TGGCTCATGTGAGCCGCAAG,3,4488369
yahC_predicted,0.13333333333333333,15,14,TGGCTATCTCATTGGATAAA,1,4506366
yahC_predicted,0.13333333333333333,15,14,TCGTTACGCAGGCTCTAGCT,1,4503858
yahC_predicted,0.2,16,14,TCGGACGCCAGACGGGATAG,2,4485264
yahC_predicted,0.13333333333333333,15,14,TCCTACCGTTTCGTCGTTGC,1,4475567
yahC_predicted,0.13333333333333333,15,14,TCATGTCCTGCTCACGCGTA,1,4488370
yahC_predicted,0.13333333333333333,15,14,TAGCCATTATTCTCCAGTCT,1,4501764
yahC_predicted,0.13333333333333333,15,14,TACATGCTAGTCGGATACCA,1,4505356
yahC_predicted,0.13333333333333333,15,14,GGATGCATTCTGAGGCGGCT,1,4491806
yahC_predicted,0.13333333333333333,15,14,GGAACTTCGTAACTTTATGT,1,4497990
yahC_predicted,0.13333333333333333,15,14,GCTAGCCTTAATAGTACAGG,1,4508732
yahC_predicted,0.13333333333333333,15,14,GCCTGATAAACTTAGGTTTA,1,4503039
yahC_predicted,0.13333333333333333,15,14,CTACAGGTTAGAAATTCCGA,1,4483076
yahC_predicted,0.13333333333333333,15,14,CGTGGTATGATTAAATCATT,1,4476084
yahC_predicted,0.13333333333333333,15,14,CGGCGAGACGTATCATTGCG,1,4478386
yahC_predicted,0.13333333333333333,15,14,CGGCCGCAGACTATTCCTCT,1,4472945
yahC_predicted,0.13333333333333333,15,14,CGAATTACTATGGCGTGTTG,1,4472874
yahC_predicted,31.666666666666668,488,14,CCAAACGAGCGTTATGGATT,474,4490919
yahC_predicted,0.13333333333333333,15,14,CATTTGCATCCAGGTGTCTC,1,4494572
yahC_predicted,0.13333333333333333,15,14,CATGGCCAGATCAACAGTGT,1,4475273
yahC_predicted,0.3333333333333333,18,14,CATACGTTCCCATTATGCAA,4,4503711
yahC_predicted,0.13333333333333333,15,14,CAAATTAGATAGAATCCCTA,1,4501741
yahC_predicted,37.6,577,14,ATGTAGTCTGACGCCCCGAA,563,4497353
yahC_predicted,0.13333333333333333,15,14,ATCAGAGTCCCTATGTGTAG,1,4507204
yahC_predicted,0.13333333333333333,15,14,AGGTACACCGGGGCTTAATT,1,4504372
yahC_predicted,0.13333333333333333,15,14,AGGGATAGACTTCCTTGGAG,1,4473830
yahC_predicted,28.533333333333335,441,14,AGCGAGCGGGATGTCCGATT,427,4507496
yahC_predicted,0.13333333333333333,15,14,ACGAGTCTGTGCTGGGATAC,1,4476970
yahC_predicted,0.13333333333333333,15,14,ACACTCATAAGCCGACCACG,1,4482288
yahC_predicted,0.13333333333333333,15,14,AATTCGCTGTATGCGACCCG,1,4502157
yahC_predicted,0.14285714285714285,14,13,TTTCGCATACGTTAACTGAT,1,4509189
yahC_predicted,34.285714285714285,492,13,TTGAGTAACCGCAGGGCACT,479,4488383
yahC_predicted,0.14285714285714285,14,13,TGCTGCTACGCATTACAAGG,1,4480984
yahC_predicted,0.14285714285714285,14,13,TCGTGGGGATATATGGAAAC,1,4509337
yahC_predicted,0.14285714285714285,14,13,TCGCGGTAAAAACTGCCCAA,1,4485483
yahC_predicted,0.21428571428571427,15,13,TCATATGGAGTTACGACATC,2,4511399
yahC_predicted,0.14285714285714285,14,13,TACTGTAGAATTAGCCGTCC,1,4487126
yahC_predicted,0.14285714285714285,14,13,TACACCCATCCGGAGTACCC,1,4497924
yahC_predicted,0.14285714285714285,14,13,GTTAAAGTGTGAACGTTTGC,1,4490666
yahC_predicted,36.5,523,13,GGTCGAGTATGTCTCGATCC,510,4499437
yahC_predicted,0.14285714285714285,14,13,GCCTAAGCATTCGATAGGCT,1,4480859
yahC_predicted,0.14285714285714285,14,13,GACAAAAATCGGCCCGTGGG,1,4475607
yahC_predicted,0.14285714285714285,14,13,CTCTCTGGTTGGGAAGCCAG,1,4495091
yahC_predicted,30.071428571428573,433,13,CGGGGCCGCCAGGGCGTTCC,420,4478088
yahC_predicted,0.14285714285714285,14,13,CGGATATGAGTTTTTCCGTA,1,4505713
yahC_predicted,37.214285714285715,533,13,CGACAGATAGACAACGTTAA,520,4497067
yahC_predicted,0.14285714285714285,14,13,CCGTAGCTTCACGCACCTTT,1,4480689
yahC_predicted,0.14285714285714285,14,13,CCGGCAGCAGGTTCTTCTGG,1,4492792
yahC_predicted,0.14285714285714285,14,13,CCGCGTATAGTAAAGAGAGT,1,4492747
yahC_predicted,0.14285714285714285,14,13,CAGTAAACCAGAAGGCCAAC,1,4492184
yahC_predicted,0.14285714285714285,14,13,CAGGAACCGCCTGTTCCAGA,1,4499426
yahC_predicted,0.14285714285714285,14,13,CAATGAAAAGCTTCTCAGGT,1,4507508
yahC_predicted,0.14285714285714285,14,13,ATAACCAAATAAGACGGGTA,1,4487035
yahC_predicted,0.14285714285714285,14,13,AGCCAGCTATCTTGGGCTAC,1,4485616
yahC_predicted,0.14285714285714285,14,13,ACTGGAAATCTTCGCAACTT,1,4473527
yahC_predicted,36.42857142857143,522,13,ACGTCTAATTCATCCAATGA,509,4488469
yahC_predicted,0.14285714285714285,14,13,ACGCGAGCGAGTTCTTACAT,1,4477927
yahC_predicted,0.14285714285714285,14,13,ACCGATACCGATCGTTTGAG,1,4499256
yahC_predicted,0.14285714285714285,14,13,AATGGTACCGACGCAAGTTG,1,4495402
yahC_predicted,0.15384615384615385,13,12,TTAGTCTGTGTTACGAAGCT,1,4494410
yahC_predicted,0.15384615384615385,13,12,TGGGCCGGGTTAGAGCTGTT,1,4477140
yahC_predicted,34.23076923076923,456,12,TCTGGTAGAGGCCTTTTTGC,444,4508100
yahC_predicted,0.15384615384615385,13,12,TAGGACGTGAGGTCTCGGGA,1,4484490
yahC_predicted,0.15384615384615385,13,12,GTGCTGATGACTTATAGTTG,1,4501580
yahC_predicted,0.15384615384615385,13,12,GTGAACAGTTAGGGGCAGTC,1,4492892
yahC_predicted,37.07692307692308,493,12,GGTATCAAAAATGCCGGGTA,481,4500647
yahC_predicted,0.15384615384615385,13,12,GGCCTCAATAATTGTCGGCA,1,4504901
yahC_predicted,0.15384615384615385,13,12,GGAGTGTCAACGGCGACCGA,1,4509510
yahC_predicted,0.15384615384615385,13,12,GGACCTCACACCCGGATACA,1,4499926
yahC_predicted,0.46153846153846156,17,12,GCTCCCATCAAAAAAGTTTT,5,4499792
yahC_predicted,34.38461538461539,458,12,GCTATATTAGCTCCAAAAGT,446,4486210
yahC_predicted,17.153846153846153,234,12,GCGCTCGCTACATTAATGTT,222,4494535
yahC_predicted,0.15384615384615385,13,12,GCCATCTGCACCCGGTGCTA,1,4476260
yahC_predicted,0.23076923076923078,14,12,GCATGCTCGTGCGAGCATGT,2,4497925
yahC_predicted,0.15384615384615385,13,12,GCATAGTGATTCTACTATGA,1,4488976
yahC_predicted,0.15384615384615385,13,12,CTGGACGTTAAGAATCTAGA,1,4481796
yahC_predicted,36.76923076923077,489,12,CTGCTTAGTGTGGCTTAGTA,477,4508108
yahC_predicted,0.15384615384615385,13,12,CGAGGTCGCCAGCTGTTGTA,1,4497494
yahC_predicted,0.15384615384615385,13,12,CCCCAGGCCCGTCTTACCCC,1,4506482
yahC_predicted,0.15384615384615385,13,12,CACAAAATTAGGTCAAGCGT,1,4504302
yahC_predicted,0.23076923076923078,14,12,ATCTCGGGAAGGCGCTGGAT,2,4493054
yahC_predicted,0.15384615384615385,13,12,ATAGCGAGTACATAAACGAA,1,4480223
yahC_predicted,16.23076923076923,222,12,AGTGTATTTTCCGGTGCCTG,210,4479894
yahC_predicted,0.15384615384615385,13,12,AGGTTCTTCATATCTTACCC,1,4507951
yahC_predicted,40.30769230769231,535,12,AGGGATTGTCCTGGGTCTTT,523,4473356
yahC_predicted,0.15384615384615385,13,12,ACGGGGCAGCGAGGACATAT,1,4483916
yahC_predicted,0.15384615384615385,13,12,ACAGACGATGAGTTGAACCC,1,4510963
yahC_predicted,0.3076923076923077,15,12,AAGAGGCTTTGGGTACTTCG,3,4503178
yahC_predicted,0.15384615384615385,13,12,AACTAATATCATGGCGGGGA,1,4497592
yahC_predicted,0.15384615384615385,13,12,AAACCGGTTATAGTCCGGTG,1,4485398
yahC_predicted,0.16666666666666666,12,11,TTTTCAAGACGGAGGGGTGA,1,4474329
yahC_predicted,44.75,547,11,TTGATAAAGAAGAATTCCCC,536,4499887
yahC_predicted,0.16666666666666666,12,11,TTCTCACTGCATTCCATTTA,1,4504338
yahC_predicted,0.16666666666666666,12,11,TGTTCAATTTAGTCTTTAAT,1,4508054
yahC_predicted,36.75,451,11,TGTCAGTTAGTTTTCATCCC,440,4497038
yahC_predicted,0.16666666666666666,12,11,TCCGTTTAACATCTGAAATA,1,4474452
yahC_predicted,19.833333333333332,248,11,TCAACGGTACATTCTGCGAC,237,4504279
yahC_predicted,0.16666666666666666,12,11,TACCTCTTGTGTCCTGATCT,1,4499924
yahC_predicted,0.16666666666666666,12,11,TAATGTATCTGTTCTAGCGA,1,4506903
yahC_predicted,0.16666666666666666,12,11,TAAGACATCGAATTAACCCT,1,4475299
yahC_predicted,0.16666666666666666,12,11,GTTCATACCTACGGGGTCAA,1,4503021
yahC_predicted,0.16666666666666666,12,11,GTCATAGGACTCTAGGTCGG,1,4505417
yahC_predicted,0.16666666666666666,12,11,GGAGATCGTAGGCTCGGTCT,1,4496268
yahC_predicted,0.16666666666666666,12,11,GCGCACCATCTGGATAGGAC,1,4476787
yahC_predicted,0.16666666666666666,12,11,GCCGTCGTCGCATTCTACCG,1,4511753
yahC_predicted,0.16666666666666666,12,11,GAAGTCGAATGAGGGTCATT,1,4480762
yahC_predicted,0.16666666666666666,12,11,CTTTTATGATCTGTCGAAAT,1,4503787
yahC_predicted,0.16666666666666666,12,11,CTGGTCACAGCGTTCTTCGC,1,4501112
yahC_predicted,0.16666666666666666,12,11,CTGCCAAGACCACGACGAAG,1,4510074
yahC_predicted,0.16666666666666666,12,11,CTCCCGCGGTTTTTAGCCAC,1,4493178
yahC_predicted,0.16666666666666666,12,11,CTCAAGGTTGCGCAGGGCTT,1,4480838
yahC_predicted,39.333333333333336,482,11,CTAATCCGTCCCCTGGGGTT,471,4503594
yahC_predicted,0.16666666666666666,12,11,CGTAGAAGCTTCTGGTCAGA,1,4475608
yahC_predicted,0.16666666666666666,12,11,CGGTTGACACCCCTACGGCT,1,4488445
yahC_predicted,0.16666666666666666,12,11,CGGCCGACCTCCTGGCCAGT,1,4505073
yahC_predicted,0.16666666666666666,12,11,CCTGATATGAGTGCGTTTGT,1,4500158
yahC_predicted,0.16666666666666666,12,11,CCATTGCTGTTTGCGATGGG,1,4495816
yahC_predicted,0.16666666666666666,12,11,CAGCTCCTCAGGCCGGCTAT,1,4511043
yahC_predicted,0.16666666666666666,12,11,CAGACCGGTACGGTTACGCA,1,4489527
yahC_predicted,35.5,436,11,CACCTCATGTAAGTTTTCGC,425,4501043
yahC_predicted,0.25,13,11,CAAGTCCTGTCAGTAAATAA,2,4495804
yahC_predicted,0.16666666666666666,12,11,ATGGATGACCTGTAGACGAA,1,4499915
yahC_predicted,0.16666666666666666,12,11,ATCCGCAGGGTGGTCCCACA,1,4499337
yahC_predicted,0.16666666666666666,12,11,AGTTTTAACTTGGTTTCCCC,1,4491878
yahC_predicted,0.16666666666666666,12,11,AGTCATAATTAGTAAGAATT,1,4499262
yahC_predicted,0.16666666666666666,12,11,AGGGGAACAAGGGAGGGCAT,1,4488767
yahC_predicted,0.16666666666666666,12,11,AGCCGCGTCAAACCGGAAGA,1,4510259
yahC_predicted,0.16666666666666666,12,11,ACTACCTCTTACTCTCTCTA,1,4509750
yahC_predicted,0.16666666666666666,12,11,AACGGGCCAAAAAAGACATA,1,4495953
yahC_predicted,0.16666666666666666,12,11,AAAGAGAAAAGTCCTGGTAG,1,4485081
yahC_predicted,0.18181818181818182,11,10,TTGTCAGTGTCCCCCCCGCG,1,4508266
yahC_predicted,40.54545454545455,455,10,TTATTCACCACCTTTCCGCT,445,4487176
yahC_predicted,0.18181818181818182,11,10,TGATATAGTGTCTCGGAATA,1,4493415
yahC_predicted,50.63636363636363,566,10,TGACAGATTGTAGTTACGTT,556,4495674
yahC_predicted,0.36363636363636365,13,10,TGAAGAAAACCCGATTAATC,3,4494162
yahC_predicted,0.18181818181818182,11,10,TCGTAAGATGCGTGCGCCAG,1,4473364
yahC_predicted,0.18181818181818182,11,10,TCGCACCTACTTCAAGTCTG,1,4501414
yahC_predicted,0.18181818181818182,11,10,TCCGGGCGGTTAATAACTGC,1,4509971
yahC_predicted,0.18181818181818182,11,10,TAAAAGTTTACGGCCCGCGT,1,4506349
yahC_predicted,0.18181818181818182,11,10,GTGATGGCTGGTTCGGGAGA,1,4486916
yahC_predicted,0.18181818181818182,11,10,GTGACGTCCATCATGAGCGG,1,4493529
yahC_predicted,0.36363636363636365,13,10,GTCTACCAAATCGACTACCT,3,4502849
yahC_predicted,0.2727272727272727,12,10,GTCGCTTAACGACTTTGGAA,2,4476719
yahC_predicted,0.18181818181818182,11,10,GGTGCATACCGGTTTTCTAG,1,4487107
yahC_predicted,0.2727272727272727,12,10,GGTGAAATGACTCAGCTAAA,2,4480906
yahC_predicted,0.18181818181818182,11,10,GGGCTTTGGTTATACTCAGA,1,4487912
yahC_predicted,0.18181818181818182,11,10,GCTCCTCGCTGAAATTATAA,1,4493247
yahC_predicted,0.18181818181818182,11,10,GCGGGCACTCGAATTACGTG,1,4507676
yahC_predicted,0.18181818181818182,11,10,GCCGCAAATAACAATCATCA,1,4476694
yahC_predicted,0.18181818181818182,11,10,GACTGTTGCGGCGTGGAAAT,1,4486314
yahC_predicted,0.18181818181818182,11,10,GAAACAACCGTCAATCGGTC,1,4492001
yahC_predicted,0.5454545454545454,15,10,CTTACTGCGGTATGACGCAA,5,4496402
yahC_predicted,39.09090909090909,439,10,CTGCCACAATTAAAGCGGCT,429,4511206
yahC_predicted,0.18181818181818182,11,10,CGGGGCGCTTGTATGCCTTG,1,4489995
yahC_predicted,0.18181818181818182,11,10,CGCACTCTGGGCGAGGATGA,1,4477472
yahC_predicted,0.18181818181818182,11,10,CACATTCGCGTATGTCCCCC,1,4497009
yahC_predicted,0.18181818181818182,11,10,CACAAATAGCCTCATGCAAG,1,4496392
yahC_predicted,0.18181818181818182,11,10,ATTAAGACCATAGTTTAATG,1,4474541
yahC_predicted,0.18181818181818182,11,10,ATGGCTGCGATACTTAGACT,1,4508888
yahC_predicted,0.18181818181818182,11,10,ATCCTGAATTTCCAGTGTAT,1,4490700
yahC_predicted,0.18181818181818182,11,10,ATCCACCTTGTTGCAAATAG,1,4481952
yahC_predicted,0.18181818181818182,11,10,AGTAGTCTAGTTTCATCCTT,1,4505193
yahC_predicted,46.18181818181818,517,10,AGGTCAACTATACCGACAAT,507,4508897
yahC_predicted,0.18181818181818182,11,10,ACGAGAGCGATACCTGTCCT,1,4490659
yahC_predicted,0.18181818181818182,11,10,ACCACCAGGACCATGTTGAT,1,4485396
yahC_predicted,0.18181818181818182,11,10,AAGGGGCCTTTCGACTGCAG,1,4493035
yahC_predicted,0.18181818181818182,11,10,AACCTGTGATCTACCGCGAA,1,4488378
yahC_predicted,0.18181818181818182,11,10,AAATTTCCACTAAAGATAGA,1,4478501
yahC_predicted,0.2,10,9,TTAACCATGGGCGTAACAGA,1,4485844
yahC_predicted,0.2,10,9,TGGGGCACCAAGTTCTAATC,1,4494819
yahC_predicted,54.1,549,9,TCGTAATGACGTGAGGCAGA,540,4479884
yahC_predicted,0.2,10,9,TCCTAGTGACGTACCCGACA,1,4493952
yahC_predicted,0.2,10,9,TACTGGAGCTAAGGATTAAT,1,4491169
yahC_predicted,0.2,10,9,TACGGGGTTACTCAAGATTG,1,4487489
yahC_predicted,0.2,10,9,GTGTCACCTATGTCGGGCTG,1,4486506
yahC_predicted,0.2,10,9,GTGCGTGCAGCACGAATCCC,1,4499500
yahC_predicted,0.2,10,9,GTGCGGATTATTCCGTCTCA,1,4480834
yahC_predicted,0.2,10,9,GTGACGGTCCCCCCGCCGGG,1,4480806
yahC_predicted,0.2,10,9,GGTACGAACTTACTCCTCTT,1,4488882
yahC_predicted,37.0,378,9,GGGGTGACACTTCATCGTCC,369,4497472
yahC_predicted,0.2,10,9,GCCCAAGACGATCATACGAC,1,4473062
yahC_predicted,0.2,10,9,GAGTGATTAAGCAAAATGCA,1,4487898
yahC_predicted,0.2,10,9,CTTGGTGTCTTGTCCCTTAC,1,4485420
yahC_predicted,11.2,120,9,CTTACTTGTGCACCATCGTA,111,4498987
yahC_predicted,0.2,10,9,CGTGAAACGATGCCTGAACA,1,4506995
yahC_predicted,0.2,10,9,CGCGGCGTGAGTCTTCGGTT,1,4504486
yahC_predicted,5.6,64,9,CCTAGGTGCTTGTCATGGGT,55,4485314
yahC_predicted,0.2,10,9,ATGAAGCACGTCTCCTTATT,1,4493833
yahC_predicted,0.2,10,9,AGGGTAGTGCGACATCGCGT,1,4475303
yahC_predicted,0.2,10,9,AGGCTTTATGTCACCACTCA,1,4481863
yahC_predicted,0.3,11,9,AGGATCAGCGAGGGAAAGAC,2,4482992
yahC_predicted,48.5,493,9,AGGAAAGCATCATTAAAGGT,484,4491664
yahC_predicted,0.2,10,9,AGCGTGACCCCGTCAACAGG,1,4502336
yahC_predicted,0.2,10,9,AATCTATTCTAGGGCAGAAT,1,4489466
yahC_predicted,0.8,16,9,AACCACAGTATTGGCTTATT,7,4510703
yahC_predicted,0.2222222222222222,9,8,TTTGATAGTAAAATTGGCCT,1,4492395
yahC_predicted,0.2222222222222222,9,8,TTGCTCTCACAGGCATCGCC,1,4499318
yahC_predicted,0.2222222222222222,9,8,TTAACGGGGGTAACGAAGGT,1,4480733
yahC_predicted,50.55555555555556,462,8,TGTTTCTCGCGGCATAAAGA,454,4492574
yahC_predicted,0.2222222222222222,9,8,TGTCAAAATTGGTAGCATGC,1,4485776
yahC_predicted,0.2222222222222222,9,8,TGGACGTGTGTAAGCATTTA,1,4477210
yahC_predicted,0.2222222222222222,9,8,TGCTAGTTGTTCAGTACCAG,1,4475795
yahC_predicted,0.2222222222222222,9,8,TCGTGATATGAACTTTTATG,1,4503859
yahC_predicted,0.2222222222222222,9,8,TCGGTCAAAGCTCCCCGCAT,1,4480379
yahC_predicted,0.3333333333333333,10,8,TATCAGCTTCCTTCATACGC,2,4487326
yahC_predicted,0.2222222222222222,9,8,GTTCATGAAATATAATGTAT,1,4494447
yahC_predicted,51.111111111111114,467,8,GTTACTGTCTGAGTCGTAAT,459,4510702
yahC_predicted,0.2222222222222222,9,8,GTGCGAATGCGACGATGAAT,1,4501743
yahC_predicted,0.2222222222222222,9,8,GTAAGTCGTTAGATCTGTAG,1,4505078
yahC_predicted,49.111111111111114,449,8,GGTGCGGAGACACTGATGAC,441,4502405
yahC_predicted,0.2222222222222222,9,8,GGCCGTGTCACTCACCTGTT,1,4481797
yahC_predicted,1.4444444444444444,20,8,GGATTATCGCGTATCCGAGG,12,4504757
yahC_predicted,0.2222222222222222,9,8,GCCGTCGCTCTCTTTAATTG,1,4505015
yahC_predicted,40.77777777777778,374,8,GAGGATGGTAGTCCTCCACT,366,4505992
yahC_predicted,38.888888888888886,357,8,CTGTAACTCTGCTTCGTGGC,349,4480715
yahC_predicted,51.333333333333336,469,8,CGTTCGGTCTACCCTAGTCA,461,4489760
yahC_predicted,0.2222222222222222,9,8,CGATTCCAAATACCCGGGAT,1,4495278
yahC_predicted,0.2222222222222222,9,8,CCTTTCCTCGCGCCCTGGAC,1,4508206
yahC_predicted,0.2222222222222222,9,8,CCGCGTCTTCGGGCAATGTA,1,4503567
yahC_predicted,0.2222222222222222,9,8,CCGCCGTAGGTCTGTATAAA,1,4484506
yahC_predicted,0.2222222222222222,9,8,CCACCGTGTAGTTAATTGGT,1,4488893
yahC_predicted,0.2222222222222222,9,8,CCAACAGGCGCATCTAGTAT,1,4499775
yahC_predicted,0.2222222222222222,9,8,CATTAAAAGGGTAGCGTCCA,1,4483644
yahC_predicted,58.22222222222222,531,8,ATCCTCGGGGGTCTAAACGG,523,4476904
yahC_predicted,0.2222222222222222,9,8,ATCACAAGAATCCTGTCTCT,1,4490722
yahC_predicted,52.55555555555556,480,8,ATATAGCCAAACCATCCTGG,472,4478719
yahC_predicted,0.2222222222222222,9,8,ATAGCAATGCATTGCCATGT,1,4482432
yahC_predicted,0.2222222222222222,9,8,ATACCTCTCTTGTTAGTGAT,1,4481628
yahC_predicted,0.2222222222222222,9,8,ATAAAGTATTGGCGTCTAGG,1,4494952
yahC_predicted,58.55555555555556,534,8,AGTGCAACAGTTAGGTTCTT,526,4472663
yahC_predicted,0.2222222222222222,9,8,AGACTTTGTATCAGTTAACA,1,4493501
yahC_predicted,0.2222222222222222,9,8,ACTTCAATTGATAAGATGCA,1,4491962
yahC_predicted,0.2222222222222222,9,8,ACAACCTAGGAAAAACGGCC,1,4512098
yahC_predicted,0.25,8,7,TTGAGGTTTCATGATCCAGT,1,4486788
yahC_predicted,0.25,8,7,TTGAACGGAGCTCGATGGGT,1,4496548
yahC_predicted,0.25,8,7,TTCGCAAGGGTACTTCCCTG,1,4491709
yahC_predicted,59.0,478,7,TTCCCTGAGTTCATGCTACT,471,4481642
yahC_predicted,0.25,8,7,TGTATATTGCAGAGCAAGTT,1,4509120
yahC_predicted,0.25,8,7,TCTTAATCCGCTCGAACACA,1,4483283
yahC_predicted,0.25,8,7,TATTTTTTGATCATGCCAGC,1,4488883
yahC_predicted,0.25,8,7,GTGTAAATCTAACTTCGACT,1,4475729
yahC_predicted,0.25,8,7,GTATGGAGAGGAAAGTCTCT,1,4506885
yahC_predicted,0.25,8,7,GTATACATATTGATAAGCTA,1,4482101
yahC_predicted,0.25,8,7,GGCTGAGTGGGTTATTGAAC,1,4508284
yahC_predicted,67.25,544,7,GGCTCCTTCCGGTGGGCGAG,537,4509175
yahC_predicted,0.25,8,7,GGATTCTGTGCCAACTGCCC,1,4484730
yahC_predicted,0.25,8,7,GCGTGGATGGTAAGACTGGG,1,4489424
yahC_predicted,0.25,8,7,GCGCTTACCAAGAAGCCTGA,1,4497060
yahC_predicted,0.25,8,7,GCGATTCTAAATCCTAGTGT,1,4478358
yahC_predicted,0.25,8,7,GCCTCATAGTCTCGTTAACT,1,4508281
yahC_predicted,0.25,8,7,GATTTTCTGTCAGTATTAAC,1,4473992
yahC_predicted,0.25,8,7,GATCGAGCCGTCAAAGTTGT,1,4482982
yahC_predicted,31.625,259,7,GATACGGCTGGCACAGTAAT,252,4485132
yahC_predicted,0.25,8,7,GAGGTATGATACTTGTACAG,1,4501773
yahC_predicted,32.375,265,7,GAATGTGCACATATACTGAA,258,4499901
yahC_predicted,0.375,9,7,CTGGCCTGGAGACCCCAGTG,2,4509217
yahC_predicted,0.25,8,7,CTAGATCCGCGTCATGCACA,1,4508183
yahC_predicted,0.25,8,7,CGCGAATATTTCGCACATAT,1,4475212
yahC_predicted,0.375,9,7,CGAGCTAAAGAGGACTGCGT,2,4473544
yahC_predicted,0.25,8,7,CGACAAATCGGTACTTGGTT,1,4490438
yahC_predicted,0.25,8,7,CCTACCTTATGGGAGGCGCA,1,4503812
yahC_predicted,0.25,8,7,CCGGTTTACCGGAATATTGT,1,4494798
yahC_predicted,0.25,8,7,CATGCCGACCGTGGATCAAT,1,4511557
yahC_predicted,0.25,8,7,CAGTGCTTTTTCGGAAACCC,1,4505937
yahC_predicted,0.25,8,7,CAGGCCGAGATGCTCATTTA,1,4493834
yahC_predicted,31.25,256,7,CAGAGCGTGCTTACGCGCCT,249,4482893
yahC_predicted,61.875,501,7,ATGGGCACAAGAGACACCAC,494,4480842
yahC_predicted,59.625,483,7,ATACGCCAAATCATGCCTGA,476,4495565
yahC_predicted,56.625,459,7,AGTTTGCAGGGATACGTACC,452,4509014
yahC_predicted,0.25,8,7,AGTTCTTGAAATTCCTGTCT,1,4494791
yahC_predicted,0.375,9,7,AGGATGGGTGAAGACAACGC,2,4478406
yahC_predicted,0.25,8,7,AGACTCAACGGTTTAACTGT,1,4511132
yahC_predicted,0.25,8,7,ACTCTAACGGACTCCAAGTT,1,4483669
yahC_predicted,0.25,8,7,ACTACTCAAGGTTGTGAATT,1,4501794
yahC_predicted,0.25,8,7,ACTACCAACTCAGGTGTGGG,1,4472692
yahC_predicted,0.25,8,7,ACGATACGCTAAATAGCAGC,1,4504020
yahC_predicted,0.25,8,7,ACACCTTCGCTCTTCCAGAA,1,4493288
yahC_predicted,0.375,9,7,ACAACCGGGCTTCCTGTCGG,2,4503770
yahC_predicted,0.25,8,7,AATGTATGGAAAGGAACGGA,1,4473788
yahC_predicted,0.25,8,7,AAGTAATTTACATCCGGTTT,1,4502299
yahC_predicted,0.25,8,7,AAGGGCATGCTTAGTCACCG,1,4474390
yahC_predicted,0.25,8,7,AAGATTCGTGAGCCCTGCTC,1,4506177
yahC_predicted,0.2857142857142857,7,6,TTTTGTAGCCTGTTCGTTCC,1,4492454
yahC_predicted,88.71428571428571,626,6,TTTCACAATTGCTCGCACGG,620,4478801
yahC_predicted,0.2857142857142857,7,6,TTGGTGCAAGTCCACGGAAA,1,4488375
yahC_predicted,0.2857142857142857,7,6,TGGGCAGCGACCAACACGTG,1,4496864
yahC_predicted,0.2857142857142857,7,6,TGGCCTGTAGGATCGTGCTC,1,4486528
yahC_predicted,0.2857142857142857,7,6,TGAGGAGGCGTGAAATCAGG,1,4504438
yahC_predicted,0.2857142857142857,7,6,TCGCGTTATGCAACTACGGT,1,4498789
yahC_predicted,64.0,453,6,TCCTAGCTGCAGATCCTTGG,447,4507998
yahC_predicted,0.2857142857142857,7,6,TACGTAGCAGAGAGTACTTC,1,4510263
yahC_predicted,0.2857142857142857,7,6,TACCATCGACAGTCTTAGGG,1,4478745
yahC_predicted,0.2857142857142857,7,6,GTTATTGGAATACGGGTGTG,1,4480700
yahC_predicted,0.2857142857142857,7,6,GTGTTTCGTTGGGTAAACTA,1,4486045
yahC_predicted,0.2857142857142857,7,6,GGTATGTGGTCGGTGGCTCT,1,4504339
yahC_predicted,0.2857142857142857,7,6,GGCTAGGAAAGTCATGCCTT,1,4506904
yahC_predicted,47.0,334,6,GGATCCCGAGGGTTCCTTGC,328,4477966
yahC_predicted,0.2857142857142857,7,6,GCATTTAGAGAGGGCGTATC,1,4509880
yahC_predicted,0.2857142857142857,7,6,GCACGAGCGGGGGCTTAAGT,1,4499114
yahC_predicted,0.2857142857142857,7,6,GATAGCGGCGATGCTTACGT,1,4494663
yahC_predicted,0.2857142857142857,7,6,CTTTGGAAGTAGATACTGCG,1,4476368
yahC_predicted,0.2857142857142857,7,6,CTGTCCGCCGTTCTTCTTAG,1,4480847
yahC_predicted,0.2857142857142857,7,6,CTGCTCATGCGAATGGGACA,1,4507352
yahC_predicted,0.2857142857142857,7,6,CGGTACCAGGCCCACATAGA,1,4503459
yahC_predicted,0.2857142857142857,7,6,CGATTGGGTATCTGAGAACA,1,4493236
yahC_predicted,65.0,460,6,CCTATGCGCCCGTATTTTTA,454,4472620
yahC_predicted,63.285714285714285,448,6,CATTAACTGTGGTGCTCGCT,442,4508413
yahC_predicted,145.85714285714286,1026,6,CAGGTTGAGACCCGTCCGTT,1020,4480854
yahC_predicted,0.2857142857142857,7,6,CACCAGTGCAAAAGTGTCAT,1,4485577
yahC_predicted,0.2857142857142857,7,6,CAATTATGATTAGCTAGCTG,1,4500609
yahC_predicted,0.2857142857142857,7,6,AGTACTGCATCGATACATAC,1,4481110
yahC_predicted,62.57142857142857,443,6,AGATGAAATTCCCTGAGAGT,437,4496179
yahC_predicted,0.2857142857142857,7,6,ACAGGAATTTCAACATCAGT,1,4489961
yahC_predicted,7.142857142857143,55,6,AATTCACCGTAGGCAGTTAT,49,4500012
yahC_predicted,0.2857142857142857,7,6,AACTTGTAATAATCCCCTGA,1,4505503
yahC_predicted,0.2857142857142857,7,6,AAAGTGCAGGGGTGCAGGGG,1,4488509
yahC_predicted,81.5,493,5,TTGTCTGACAACATTGGATG,488,4475474
yahC_predicted,0.3333333333333333,6,5,TTGAGACTATTGGTAAATAT,1,4492759
yahC_predicted,0.3333333333333333,6,5,TGTAGCGGTCATTTAAAGCT,1,4510830
yahC_predicted,0.3333333333333333,6,5,TCGCGTAACTAGATATATTC,1,4488437
yahC_predicted,0.5,7,5,TATTCGCACTAGTTTTATCA,2,4476091
yahC_predicted,89.5,541,5,TACATGGGATATTTGGAAAT,536,4490394
yahC_predicted,0.3333333333333333,6,5,TAATTGTGGGACACGAGGTC,1,4484090
yahC_predicted,0.3333333333333333,6,5,GTTTCGTGAAAAGTTACCCT,1,4511520
yahC_predicted,0.3333333333333333,6,5,GTGTCACGCTGAGCCTGCAG,1,4478058
yahC_predicted,21.5,133,5,GGGGTTCTCCATCTGTAGCA,128,4492051
yahC_predicted,0.3333333333333333,6,5,GCGCGCTCTTACCGCCGAGT,1,4499782
yahC_predicted,70.33333333333333,426,5,GCGAGCGTTTCACGAATTGT,421,4505974
yahC_predicted,64.16666666666667,389,5,GCCCTGACTGCAGTGCGAAT,384,4500991
yahC_predicted,0.3333333333333333,6,5,GACGTATTATGGGTAAACGA,1,4472815
yahC_predicted,0.3333333333333333,6,5,CTGGGGTAAGGCCTGCAAGA,1,4491227
yahC_predicted,0.3333333333333333,6,5,CTCGTCGCCAGCACAGAAGG,1,4487947
yahC_predicted,0.5,7,5,CTCGATTTGCGTCCAGAGTA,2,4489005
yahC_predicted,0.3333333333333333,6,5,CTAGCCTATCCGGCTGGTGG,1,4482465
yahC_predicted,0.3333333333333333,6,5,CGTATACGCCGAAACGCGCA,1,4478879
yahC_predicted,0.5,7,5,CGCTATCTCCCGATAACTGT,2,4509652
yahC_predicted,0.3333333333333333,6,5,CGCGAACACTAGGCATTAGA,1,4510031
yahC_predicted,0.3333333333333333,6,5,CGCAGCAGTTTTTATTCCAG,1,4490815
yahC_predicted,0.3333333333333333,6,5,CCTCAATATGCGGGACCACC,1,4483501
yahC_predicted,0.3333333333333333,6,5,CCCCCATGCATTATTGAGAA,1,4504313
yahC_predicted,75.66666666666667,458,5,CACTATGATTTATCTTTAAG,453,4495118
yahC_predicted,0.3333333333333333,6,5,CACCGCAACAACGTGGATAG,1,4483169
yahC_predicted,0.3333333333333333,6,5,CACAGGGGTGACGCGCAGGT,1,4487193
yahC_predicted,0.3333333333333333,6,5,ATCTGTCAATACAGGCTTGT,1,4478960
yahC_predicted,0.6666666666666666,8,5,ATATATTACGTTGATAACTG,3,4504496
yahC_predicted,0.3333333333333333,6,5,ATATAGAGTGACCACCTTTG,1,4488377
yahC_predicted,0.3333333333333333,6,5,AGTTTCTTGGGATGTGCACT,1,4475862
yahC_predicted,0.5,7,5,AGTAAGGCAAGTCGTGGCCT,2,4477801
yahC_predicted,0.3333333333333333,6,5,ACCTTGAAACCTCCCACCTA,1,4504746
yahC_predicted,79.33333333333333,480,5,ACACAAAGGCTACGAGGTCC,475,4495884
yahC_predicted,0.4,5,4,TTGGTCCCCCATGTAGAAGT,1,4503703
yahC_predicted,0.4,5,4,TTACTCCGCTTCCGCGTAGC,1,4486000
yahC_predicted,0.4,5,4,TGTCTGTTCCTTAGAGCAGC,1,4483948
yahC_predicted,0.4,5,4,TGGCGCCAGGGCTCATATGC,1,4476403
yahC_predicted,0.4,5,4,TGCGCAATTGTCGGTTACGT,1,4484398
yahC_predicted,106.2,534,4,TCTAAAACATTTATTGTTGA,530,4495500
yahC_predicted,0.4,5,4,TCCAGACTGCCAATTTATGA,1,4476320
yahC_predicted,0.4,5,4,TCACGGCGTTTAGTCACCCC,1,4498234
yahC_predicted,0.4,5,4,TATAGTATGTGTTCTATCCG,1,4478227
yahC_predicted,0.4,5,4,TAGGATGACACGCAAATCAT,1,4500518
yahC_predicted,0.4,5,4,GTTATGTCAGCCACTTCCGA,1,4482997
yahC_predicted,0.4,5,4,GTGATCACCAAATTCCAGAT,1,4510563
yahC_predicted,0.4,5,4,GTGACGGGATGTTCTGAAAC,1,4487316
yahC_predicted,0.4,5,4,GTCGGGTCGCTAGCGAGGCA,1,4503882
yahC_predicted,1.2,9,4,GTAGCGTGCGCTGGCACCGT,5,4484075
yahC_predicted,0.4,5,4,GCCTGCGCTCTAGAAACTAA,1,4506997
yahC_predicted,0.4,5,4,GAGTGCCCTTGGGAGACTAA,1,4508550
yahC_predicted,0.4,5,4,GAGAACACTTTACTGCTGGA,1,4472827
yahC_predicted,0.4,5,4,CTTTATCTGGCAATATACCC,1,4492703
yahC_predicted,0.4,5,4,CTCGTGATCTCGATAACGAA,1,4488111
yahC_predicted,0.4,5,4,CTCGATGTAAGGCGCATCCG,1,4511406
yahC_predicted,0.4,5,4,CTCCAACGCCAGAGGGAGTG,1,4508576
yahC_predicted,0.4,5,4,CTACATACAGAATTGAGTCA,1,4501013
yahC_predicted,1.6,11,4,CGTAGCTGAAAATTTAGCAA,7,4504748
yahC_predicted,0.4,5,4,CGCACGGGAAAAAAATAGGG,1,4506181
yahC_predicted,0.4,5,4,CGAGTGCGTCTCGCAAGCCT,1,4495467
yahC_predicted,0.4,5,4,CCAATAACAGGCCTAAGCGA,1,4486284
yahC_predicted,0.4,5,4,CATTCAAAGCCCGCCTACTT,1,4501812
yahC_predicted,59.4,300,4,ATTCATGTCCTTTGAACCAT,296,4492233
yahC_predicted,0.4,5,4,ATGTGCCTGGGTTGCATGCA,1,4479678
yahC_predicted,0.4,5,4,ATCGGGAACATTTTTGTAGG,1,4501322
yahC_predicted,0.4,5,4,ATAGTAATCGCATGGATACG,1,4502435
yahC_predicted,0.4,5,4,ATAGAAACGCACATTAGTAG,1,4506043
yahC_predicted,0.4,5,4,AGTTGATGGTCCGAAGTTGG,1,4509315
yahC_predicted,0.4,5,4,AGTGTGGACCGATTGACCCC,1,4511249
yahC_predicted,0.4,5,4,AGTACTTGCCAGGCTTAGGA,1,4488277
yahC_predicted,0.4,5,4,AGGAGTCTCATCTAGTCCCG,1,4499115
yahC_predicted,99.4,500,4,AGAGTACGCTCAACCACAAT,496,4505297
yahC_predicted,1.6,11,4,ACGCCACGCATGGTAGCTTC,7,4506332
yahC_predicted,94.0,473,4,ACCCTAGGATGATGGTGTAC,469,4480158
yahC_predicted,0.4,5,4,AATTGTTCCTGGAACTGACT,1,4486560
yahC_predicted,0.4,5,4,AAAGGGTCCGGCGGTATATC,1,4498021
yahC_predicted,0.4,5,4,AAAATGGAGACGGCCCACCT,1,4504749
yahC_predicted,0.5,4,3,TTCACAAATGTGTTATCGGC,1,4472511
yahC_predicted,0.5,4,3,TGGTCCACGTGTGCGTGTGT,1,4480610
yahC_predicted,9.5,40,3,TCGGGGTACATATCTAGTAG,37,4481922
yahC_predicted,117.5,472,3,TACGCTTGGATGTTCGAAAA,469,4473409
yahC_predicted,0.5,4,3,TAATCAATAATGCCAACAGG,1,4498284
yahC_predicted,108.25,435,3,GTCCTCACTATTTCGGTAGC,432,4484643
yahC_predicted,0.5,4,3,GGGTGACGCATTGACATGAC,1,4508105
yahC_predicted,116.75,469,3,GCAAGTATGCAACAAAAGGA,466,4479176
yahC_predicted,0.5,4,3,GATGCGGGATCTGTCCGTTC,1,4486789
yahC_predicted,0.5,4,3,GAGGGTGATAAACTTTTTTC,1,4492560
yahC_predicted,0.5,4,3,GAGGCTCATGTATGCATATG,1,4504394
yahC_predicted,0.5,4,3,GAGAATCCCTTGATGGGCTC,1,4497921
yahC_predicted,0.5,4,3,CTTTCGTGTAACTAGCCACC,1,4479464
yahC_predicted,0.5,4,3,CTAGCGGTACCACCGGGGGA,1,4488178
yahC_predicted,116.75,469,3,CGTCTAAGGATTCTCCTTCA,466,4473388
yahC_predicted,22.0,90,3,CGGGGAGATTCCGTGGCACA,87,4500140
yahC_predicted,0.5,4,3,CGGAGGGGTTAAATGTATGT,1,4498268
yahC_predicted,0.5,4,3,CGCCTGGCGGACACTACAAC,1,4473483
yahC_predicted,0.5,4,3,CCTACGATTGTAGTTATTCC,1,4476363
yahC_predicted,0.5,4,3,CCCGTATATCCCTACAGACT,1,4507436
yahC_predicted,0.75,5,3,CCAGTGGAGCTGGGCCGACA,2,4493290
yahC_predicted,0.5,4,3,CAGACGAAACATGTAAAGAT,1,4495203
yahC_predicted,105.0,422,3,CACGTTAACGTTTTTGATTA,419,4494989
yahC_predicted,0.75,5,3,CACGATAAGTACCGACGTCT,2,4476523
yahC_predicted,0.5,4,3,ATTTAGTTTAAAGTGTTTGT,1,4496521
yahC_predicted,0.5,4,3,ATTTAGCACAAATCGGCGCA,1,4485033
yahC_predicted,0.5,4,3,ATGACTGGCACCTCAGGACA,1,4507798
yahC_predicted,0.5,4,3,ATCGTATCGGATCCAAAAGG,1,4499756
yahC_predicted,0.5,4,3,ATCGATTATAATTCTTGTCT,1,4488349
yahC_predicted,0.5,4,3,AGTGAATGACTACTTAGAGG,1,4505304
yahC_predicted,0.5,4,3,AGGCTGCATGCAGTCAAACG,1,4489470
yahC_predicted,125.25,503,3,ACGAAAAATTAGCTACAAGG,500,4498566
yahC_predicted,122.0,490,3,ACCGAACAGTATCACGAGAA,487,4511197
yahC_predicted,0.5,4,3,AAGAAGTGAACTGACAGATC,1,4498591
yahC_predicted,0.75,5,3,AACCGGTGTCCCACTTGAGA,2,4491323
yahC_predicted,0.6666666666666666,3,2,TTAGCGCATAGATTTTTGTT,1,4505579
yahC_predicted,0.6666666666666666,3,2,TGAGACATTTCCGCTAAAGA,1,4480182
yahC_predicted,1.3333333333333333,5,2,GTGTAACCCGGTTAGGGCAT,3,4505625
yahC_predicted,0.6666666666666666,3,2,GTATAGGGAGGACGACAGAA,1,4492066
yahC_predicted,0.6666666666666666,3,2,GTACCATGAAAGAGTCTCAG,1,4491951
yahC_predicted,137.66666666666666,414,2,GGGGACCACTTCGCAGCAGT,412,4500793
yahC_predicted,0.6666666666666666,3,2,GGGCCTTCATCGCGAAGTAC,1,4509476
yahC_predicted,0.6666666666666666,3,2,GGCGTATACACGAGCTACCT,1,4477367
yahC_predicted,0.6666666666666666,3,2,GGCACTTGGTTGGGAGAGTC,1,4511067
yahC_predicted,0.6666666666666666,3,2,GCTAATGTCTGGTGCGCCTT,1,4490185
yahC_predicted,36.0,109,2,GCACCCGACTCTAAAATGCT,107,4494103
yahC_predicted,0.6666666666666666,3,2,GAAGCGAAATCCATGCCTCC,1,4479926
yahC_predicted,0.6666666666666666,3,2,CATGCTCGAACAACGTTAGA,1,4489491
yahC_predicted,0.6666666666666666,3,2,CACTGCCAGAATAAGCTTCA,1,4510902
yahC_predicted,0.6666666666666666,3,2,CACTCGGTTTCAACGTTCCA,1,4490409
yahC_predicted,0.6666666666666666,3,2,CAAACTATCGAAACTGAGCT,1,4509347
yahC_predicted,0.6666666666666666,3,2,ATCGCTGCACAATGCCACAA,1,4486688
yahC_predicted,0.6666666666666666,3,2,AGAAAGCTAGTACTATATGT,1,4505778
yahC_predicted,0.6666666666666666,3,2,ACCGTAAAGGCACAATATCG,1,4473315
yahC_predicted,0.6666666666666666,3,2,ACCCCAATTCTGGGCTCGGG,1,4484760
yahC_predicted,74.66666666666667,225,2,ACATGCGTGGCACGCGAGTC,223,4502434
yahC_predicted,0.6666666666666666,3,2,ACAGCATAAAACCAGCGCGC,1,4497374
yahC_predicted,158.0,475,2,AACACGTTCGCTTAACCGAA,473,4498957
yahC_predicted,1.0,2,1,TTTTTCCAACGGGACTCAAG,1,4487690
yahC_predicted,454.0,908,1,TTAGTCGTCGAAAATCGTCA,907,4506970
yahC_predicted,1.5,3,1,TTACAGTTAACTTTCATCAT,2,4495833
yahC_predicted,1.0,2,1,TGATGAAAAAAGCGACACGC,1,4486115
yahC_predicted,1.0,2,1,TCGTCATCAGCTCGCGGATT,1,4496064
yahC_predicted,139.0,278,1,TAGCCCAAATTCAAAGGTAA,277,4505782
yahC_predicted,1.0,2,1,GTTCGTGGATCGGGTATAGA,1,4485905
yahC_predicted,106.5,213,1,GTTAATCGCTAGGCCCTATA,212,4478230
yahC_predicted,125.5,251,1,GTACGACCGACTAGATTAAA,250,4509939
yahC_predicted,1.0,2,1,CTTTCCGCGCAGTCCAGAAT,1,4488384
yahC_predicted,1.0,2,1,CTTTACCAAGTGAGGTGTCA,1,4495136
yahC_predicted,1.0,2,1,CTGTGTGACGCATCGCTGTG,1,4490154
yahC_predicted,1.0,2,1,CTGCAGTAATCTTTGGGACG,1,4473022
yahC_predicted,1.0,2,1,CTCTCCACCGATGCGCCATT,1,4483633
yahC_predicted,1.0,2,1,CTCCTCCCACTGTTACCTTT,1,4509656
yahC_predicted,1.0,2,1,CTAAGCCTTTCAGTATAACG,1,4483684
yahC_predicted,239.5,479,1,CGTGTTCAGACTTGATGTCA,478,4480861
yahC_predicted,1.5,3,1,CGGTTCCTACTCCTACAAGG,2,4502619
yahC_predicted,287.5,575,1,CACTATTGCGGTTGTTATAA,574,4482780
yahC_predicted,1.0,2,1,ATTCATTACGCAGGGTCACA,1,4511053
yahC_predicted,1.0,2,1,ATGACCGACGGGCGTTGTCG,1,4509574
yahC_predicted,1.5,3,1,ACTTACATATTCTGTGAACT,2,4505230
yahC_predicted,1.0,2,1,ACCGGTTTAAGGTCCAAGCA,1,4503272
yahC_predicted,207.5,415,1,AATCGCGACGAGCGCCAATG,414,4480881
yahC_predicted,1.0,2,1,AATCCTATGGAGGATACTGC,1,4478652
yahC_predicted,1.0,2,1,AACTTCTTTCCAGATTCAGC,1,4493086
yahC_predicted,1.0,2,1,AACGTAGTCAGTCAGAAAAA,1,4475998
yahC_predicted,1.0,2,1,AAATGATCGGATGCTCCAAC,1,4485528
yahC_predicted,112.0,224,1,AAAGTCCTTGACTATTTCTC,223,4511591
yahC_predicted,0.0036900369003690036,270,270,TCACAGATCCTGGTGATTTG,0,4473047
yahC_predicted,0.008928571428571428,111,111,ATTAAGGCGGCCATCTCGAT,0,4476407
yahC_predicted,0.009009009009009009,110,110,CGGTTGTATGGCTAACGATT,0,4490695
yahC_predicted,0.009708737864077669,102,102,ATGGCCAGGCAGTTAGCGGT,0,4499313
yahC_predicted,0.01020408163265306,97,97,TAGAGTTCTCTGAAGGCCAT,0,4500813
yahC_predicted,0.010309278350515464,96,96,CATAGCCCTCCGCACGATGC,0,4485544
yahC_predicted,0.010416666666666666,95,95,CGGTGTAACCTTACAGGGGT,0,4472455
yahC_predicted,0.010869565217391304,91,91,TCTTCTGCCCTTGTCGGAGT,0,4481692
yahC_predicted,0.011235955056179775,88,88,GTACTGATATATGCTGTTTA,0,4494580
yahC_predicted,0.011235955056179775,88,88,ATATCAGTCATCAATGCAGA,0,4482332
yahC_predicted,0.011363636363636364,87,87,GCGTGGAAGTAAGACAGCCT,0,4476509
yahC_predicted,0.011363636363636364,87,87,AATTCGTTTCTCGTGGTTTA,0,4477541
yahC_predicted,0.011494252873563218,86,86,CGGGGCATTGTCAATCCAAT,0,4505594
yahC_predicted,0.011627906976744186,85,85,GGGGGCCATGGGTGAAGTGT,0,4500930
yahC_predicted,0.011764705882352941,84,84,TTGGTGGTAGAACCGGGATA,0,4477596
yahC_predicted,0.011764705882352941,84,84,TGTTCTATACCAGGGAGAGA,0,4473477
yahC_predicted,0.011764705882352941,84,84,GTAAGGTCTTGAAGCACCCA,0,4472846
yahC_predicted,0.011764705882352941,84,84,CTAATCGAACACACAGTCTG,0,4472490
yahC_predicted,0.011904761904761904,83,83,TATTTGCATAGACGTAGTTG,0,4495659
yahC_predicted,0.012048192771084338,82,82,AATTCTTGCAATACCCCTCT,0,4472616
yahC_predicted,0.012195121951219513,81,81,TTTGTGCGCAGGGGTGATTA,0,4475819
yahC_predicted,0.012195121951219513,81,81,TGCCACGCCTTGTTTCCGAG,0,4482268
yahC_predicted,0.012195121951219513,81,81,CATTCCGTACCGTCGGAAAC,0,4473826
yahC_predicted,0.0125,79,79,ATTGTACCGGCCACAGATTC,0,4489918
yahC_predicted,0.012658227848101266,78,78,TCGGGAGAAAGGCTGATCAT,0,4484687
yahC_predicted,0.012658227848101266,78,78,CCTACCTAGTCAGTGCGATT,0,4474058
yahC_predicted,0.01282051282051282,77,77,GTATTGCCCAAGTCCTCACA,0,4474327
yahC_predicted,0.01282051282051282,77,77,CATTTTTCAACCCTCAAGGC,0,4496755
yahC_predicted,0.01282051282051282,77,77,ATTGGGGTCCCCCGTTCAGA,0,4503342
yahC_predicted,0.012987012987012988,76,76,TCAAGGCCACGACTGAGCCA,0,4481321
yahC_predicted,0.013157894736842105,75,75,TCCCAGTGGAGCTACGCATT,0,4473386
yahC_predicted,0.013157894736842105,75,75,TACCTTCTTCCACATTTATT,0,4473404
yahC_predicted,0.013157894736842105,75,75,AAACTTAGAGTAGGGTGAGA,0,4475064
yahC_predicted,0.013333333333333334,74,74,TGCCTTGTGGCTGGGTTATT,0,4477877
yahC_predicted,0.013333333333333334,74,74,CTGGGGTGCACCGTACGACT,0,4496589
yahC_predicted,0.0136986301369863,72,72,TCTATCATATTGAATTCTCA,0,4482779
yahC_predicted,0.0136986301369863,72,72,TAAGACTCAACACTGGCAGT,0,4477394
yahC_predicted,0.014084507042253521,70,70,GTATGATGATAGTGGTTAAA,0,4487748
yahC_predicted,0.014285714285714285,69,69,TCTTCCACGGTCGCTGGTAT,0,4475462
yahC_predicted,0.014925373134328358,66,66,TCACTGACGCAGTTCACTCT,0,4484813
yahC_predicted,0.015151515151515152,65,65,GTAGGTTCGTTGACGAAAAA,0,4475480
yahC_predicted,0.015384615384615385,64,64,GCGTCGGCTAAAGGTAAGTT,0,4495041
yahC_predicted,0.015384615384615385,64,64,CGACAGGTCTCAACTACGTT,0,4494083
yahC_predicted,0.015384615384615385,64,64,CACCCTTCATGCGGCTATGG,0,4478834
yahC_predicted,0.015384615384615385,64,64,AACGATCCACGGAGCACCTC,0,4473774
yahC_predicted,0.015625,63,63,CGTCAACACTAGGTTTGAAT,0,4480259
yahC_predicted,0.015625,63,63,CCTCCAGCCCCTCCGGCAGA,0,4504277
yahC_predicted,0.015873015873015872,62,62,GCTTTGCGTTGACTGCGGTG,0,4501884
yahC_predicted,0.015873015873015872,62,62,CGTTAACGGCCTCAGATGTT,0,4509894
yahC_predicted,0.015873015873015872,62,62,CCGTAACGGTGCAAGGCAGG,0,4481666
yahC_predicted,0.015873015873015872,62,62,AGGTTTCGGCTATACATCAT,0,4501109
yahC_predicted,0.016129032258064516,61,61,TGCGGGCCTGGTCATTGAAA,0,4481153
yahC_predicted,0.01639344262295082,60,60,GTTGTCTGGAAACGATTGAG,0,4487250
yahC_predicted,0.01639344262295082,60,60,GAACCGTCTAACACCATCCA,0,4491067
yahC_predicted,0.01639344262295082,60,60,AGGGCTGAGAATTTCTCCTA,0,4476063
yahC_predicted,0.016666666666666666,59,59,GATGAAGAGCCAGCTTTTCC,0,4489283
yahC_predicted,0.016666666666666666,59,59,CAAGTATACATTGGCATCCT,0,4475689
yahC_predicted,0.016666666666666666,59,59,AAAATACCCGTGGGCGACGG,0,4484960
yahC_predicted,0.01694915254237288,58,58,TCGGAGGGCCGACGAGGCGA,0,4475180
yahC_predicted,0.01694915254237288,58,58,TAATAGGCATACCTTCCTTG,0,4502293
yahC_predicted,0.01694915254237288,58,58,GTCAGCGGGTGGGCCGTTAA,0,4482349
yahC_predicted,0.01694915254237288,58,58,GCGCAAAGCCGGCGGGCTAT,0,4495919
yahC_predicted,0.01694915254237288,58,58,CTGCGAGGCTAGCAGACTTA,0,4479442
yahC_predicted,0.01694915254237288,58,58,CCAGTTAGATTCGTCGGCAA,0,4481392
yahC_predicted,0.01694915254237288,58,58,CCAAAACCGAACGTGCCGGG,0,4499241
yahC_predicted,0.01694915254237288,58,58,AGCGGAACACGTCTCCGGCT,0,4477653
yahC_predicted,0.01694915254237288,58,58,AGCCATGGAGTGGAGATCAC,0,4477457
yahC_predicted,0.01694915254237288,58,58,ACGAACCGTGAGTATTTTGA,0,4498550
yahC_predicted,0.017241379310344827,57,57,TAATCGGTTTTTAAGCACGG,0,4473516
yahC_predicted,0.017241379310344827,57,57,GTACGGCAACCAAAGCCCAT,0,4474406
yahC_predicted,0.017241379310344827,57,57,ACTTCGCTAAGCGTGAGACG,0,4486914
yahC_predicted,0.017543859649122806,56,56,TGATCAAGCCACATGCCTGT,0,4482108
yahC_predicted,0.017543859649122806,56,56,GTTTCGCTCGTCGCGAGTGC,0,4497055
yahC_predicted,0.017543859649122806,56,56,GCTGGCGATGCATCGGGATG,0,4509724
yahC_predicted,0.017543859649122806,56,56,AGAATATATCACTGTTTCCA,0,4500316
yahC_predicted,0.017857142857142856,55,55,GTTCTCCGAGTGCCTTGTTT,0,4478075
yahC_predicted,0.017857142857142856,55,55,CCCATCCGCAGCGTGTGAGT,0,4476319
yahC_predicted,0.017857142857142856,55,55,CAGCGATGTGTGTCCGGAAG,0,4503689
yahC_predicted,0.017857142857142856,55,55,AGTACCTGCGCCAAAGCGGT,0,4480221
yahC_predicted,0.01818181818181818,54,54,AGAGTGCGTACATAGTGGAT,0,4478743
yahC_predicted,0.018518518518518517,53,53,TCGGTCATCTATCAGCGTGC,0,4478500
yahC_predicted,0.018518518518518517,53,53,GGGCTAGATGGACCCGTTTG,0,4478463
yahC_predicted,0.018518518518518517,53,53,GGCGCAGGAATTTGCTCGAC,0,4489734
yahC_predicted,0.018518518518518517,53,53,CTGGTCAGAAGGTCCTCCGT,0,4482192
yahC_predicted,0.018518518518518517,53,53,CTATTATTCACTGGGTAACA,0,4497350
yahC_predicted,0.018518518518518517,53,53,CTAGAGCTTATGGCCCGGCT,0,4479523
yahC_predicted,0.018518518518518517,53,53,CGGAGGTGGTCTCCGATTCC,0,4472937
yahC_predicted,0.018518518518518517,53,53,CGCGGGTCAGCCCTCCGCGC,0,4487752
yahC_predicted,0.018518518518518517,53,53,CCCCGCGGAAGTGCGAGTCA,0,4502955
yahC_predicted,0.018518518518518517,53,53,ATAGTTGACACATTTTGCGA,0,4511472
yahC_predicted,0.018867924528301886,52,52,TCGAGGTGGAACGTTACTAG,0,4472456
yahC_predicted,0.018867924528301886,52,52,GGCCCCCGCCACCCAAGAAG,0,4480595
yahC_predicted,0.018867924528301886,52,52,GCTCTTCACTCACGGTTTTG,0,4502664
yahC_predicted,0.018867924528301886,52,52,GACTTTATGCGTTTACCTAG,0,4492043
yahC_predicted,0.018867924528301886,52,52,CTGTTATACATGCTTTGACG,0,4475418
yahC_predicted,0.018867924528301886,52,52,CTGCGCACGGCTCGCCTCGT,0,4485614
yahC_predicted,0.018867924528301886,52,52,CGATAATCTGTTCCCGTCCT,0,4493532
yahC_predicted,0.018867924528301886,52,52,CCGGCTTCGAGCAGGTCCAT,0,4501184
yahC_predicted,0.019230769230769232,51,51,TCGAATATAGCAGTACACGT,0,4477101
yahC_predicted,0.019230769230769232,51,51,GTCGGGTATTACGATCCCAC,0,4499326
yahC_predicted,0.019230769230769232,51,51,GTAGCAAGGCCCGGCATATG,0,4479258
yahC_predicted,0.019230769230769232,51,51,CCCTTTCAGCGCTATCACAT,0,4507900
yahC_predicted,0.019230769230769232,51,51,ACCGTCTATTGGCTAGACAG,0,4472543
yahC_predicted,0.019230769230769232,51,51,ACAGGACGCTGTACGATCGG,0,4477629
yahC_predicted,0.0196078431372549,50,50,TTATATGGCGGTAACTTATG,0,4496186
yahC_predicted,0.0196078431372549,50,50,TCTAAGATTCGTTTTATCCT,0,4495084
yahC_predicted,0.0196078431372549,50,50,TCGTAGCAAGGTCTGAAAGT,0,4495473
yahC_predicted,0.0196078431372549,50,50,GGGCGTTATTATTACAAAGG,0,4499415
yahC_predicted,0.0196078431372549,50,50,GCGTCCGCCGGGGTCTTGAA,0,4473600
yahC_predicted,0.0196078431372549,50,50,GCAGCGACCCCCCGCCGAAC,0,4485848
yahC_predicted,0.0196078431372549,50,50,CTATGGTCACTGCACTTATA,0,4496225
yahC_predicted,0.0196078431372549,50,50,CTACTGCCTTCTAATCTCTG,0,4481271
yahC_predicted,0.0196078431372549,50,50,CGGCATACACATCGCCGGTT,0,4475376
yahC_predicted,0.0196078431372549,50,50,CCCGGGCAACTATACTGCGG,0,4503918
yahC_predicted,0.0196078431372549,50,50,CATCCTATTAAATGCATACC,0,4493218
yahC_predicted,0.0196078431372549,50,50,CAAACAGGTGGGACCGCTTA,0,4481752
yahC_predicted,0.0196078431372549,50,50,ATGCTTTAGTCCCAGTAGGC,0,4489643
yahC_predicted,0.0196078431372549,50,50,AGCGTAGCTATCTTCGTGAT,0,4473981
yahC_predicted,0.02,49,49,TGTATACAGGTACTTATAGG,0,4492200
yahC_predicted,0.02,49,49,TGAGTTGTCCCAAAATGATA,0,4511871
yahC_predicted,0.02,49,49,TCGCGGTCATTCATCACCCA,0,4496920
yahC_predicted,0.02,49,49,GTTCACCGCATGAAACAGAA,0,4484971
yahC_predicted,0.02,49,49,GGCTGAGATGTTTGAACCTG,0,4504696
yahC_predicted,0.02,49,49,CTTGGTATAAATAACTGCCT,0,4492774
yahC_predicted,0.02,49,49,CTGCGACAGCCGTTATCTTG,0,4474594
yahC_predicted,0.02,49,49,CCTTGTGACTCAGTAAATAA,0,4495644
yahC_predicted,0.02,49,49,CCATTTTCACAGGGACCTCG,0,4485245
yahC_predicted,0.02,49,49,ATTCCAGTCGCCGGTGCCAA,0,4489163
yahC_predicted,0.02,49,49,ATGCGCATAAAACTGGTTTG,0,4475045
yahC_predicted,0.02,49,49,ATATTCACCACGACCAACGA,0,4481745
yahC_predicted,0.02,49,49,AGTGTACTCCATCCACGCTT,0,4509209
yahC_predicted,0.02,49,49,ACAACCGATAGGTATCATCT,0,4480288
yahC_predicted,0.02,49,49,AAGCGATATTTACCATAGTC,0,4472805
yahC_predicted,0.02040816326530612,48,48,GGAAGTAGACTGCCCTAAAA,0,4507616
yahC_predicted,0.02040816326530612,48,48,CTTGACCTAAAAGGGTTTTG,0,4486544
yahC_predicted,0.02040816326530612,48,48,CGTTTCCGTGCAATTTTGAC,0,4504839
yahC_predicted,0.02040816326530612,48,48,CGGTTACTAGAGGCTAAATG,0,4504845
yahC_predicted,0.02040816326530612,48,48,CGCGAAATAGTGAATCCGTA,0,4499677
yahC_predicted,0.02040816326530612,48,48,CCTTAGTACACCGAATTAAA,0,4482828
yahC_predicted,0.02040816326530612,48,48,CCATGTATTGGACCTTGACA,0,4484314
yahC_predicted,0.02040816326530612,48,48,CCACGGGATAAACGGGGTGA,0,4505532
yahC_predicted,0.020833333333333332,47,47,TGACGACAGGCAGCTTAAGG,0,4509177
yahC_predicted,0.020833333333333332,47,47,GTCAGTACTATGTAGGAGAG,0,4491841
yahC_predicted,0.020833333333333332,47,47,CTCAACGGCTCCGCCATTGG,0,4506642
yahC_predicted,0.020833333333333332,47,47,CTACGCTAGGACGCTACCAG,0,4485226
yahC_predicted,0.020833333333333332,47,47,CGGTGCCCATCCGGCCGCGT,0,4474328
yahC_predicted,0.020833333333333332,47,47,CCGCGTCTCTCATGACAATA,0,4491148
yahC_predicted,0.020833333333333332,47,47,CCGCATGGGTCGGGGATTCG,0,4503180
yahC_predicted,0.020833333333333332,47,47,CCGAAATATAGCGGGGTGTA,0,4476355
yahC_predicted,0.020833333333333332,47,47,CCCTTACGCTTGTTCCATAT,0,4481215
yahC_predicted,0.020833333333333332,47,47,ATGGAGCGCGGTGTAAACGA,0,4491954
yahC_predicted,0.020833333333333332,47,47,ATGACTTCGGTACCGCTCTC,0,4499396
yahC_predicted,0.020833333333333332,47,47,ATAGCGTTGAGGTACACATG,0,4494313
yahC_predicted,0.020833333333333332,47,47,AGTTGCCAGCGATACTGGTT,0,4481942
yahC_predicted,0.020833333333333332,47,47,AGTCACTTCTTAGTTGGATC,0,4505786
yahC_predicted,0.020833333333333332,47,47,AAAGGGTGTTGCGGGAGCTG,0,4508312
yahC_predicted,0.02127659574468085,46,46,TTCTAACTATTGGCGAGCAT,0,4505889
yahC_predicted,0.02127659574468085,46,46,TGTCGAGTCACATTGCCTGT,0,4492298
yahC_predicted,0.02127659574468085,46,46,TGCATTTTAAGAGTCTTTTG,0,4475821
yahC_predicted,0.02127659574468085,46,46,GTGAGTACGTCTCTTGTGAT,0,4474295
yahC_predicted,0.02127659574468085,46,46,GTCCCGCCCCAAGCACACGC,0,4500427
yahC_predicted,0.02127659574468085,46,46,GGGACTTAGAGCGGTCCAAA,0,4484159
yahC_predicted,0.02127659574468085,46,46,GCCCGAAGTACTTTGTATAA,0,4498803
yahC_predicted,0.02127659574468085,46,46,CTGGAAGTAAAGTACAAGTT,0,4507434
yahC_predicted,0.02127659574468085,46,46,CTACTTCGGTGTAGCTTTGT,0,4481349
yahC_predicted,0.02127659574468085,46,46,CGGCGTCGCTTGAGCGTTTG,0,4478767
yahC_predicted,0.02127659574468085,46,46,CAACGGTTTTCCCGAGTTAA,0,4500385
yahC_predicted,0.02127659574468085,46,46,AGCGAGGAAGCCTTGGCCCA,0,4501243
yahC_predicted,0.02127659574468085,46,46,ACTACGTATCAACAGAAGGT,0,4479403
yahC_predicted,0.02127659574468085,46,46,ACCTGCCCTTGTTTGCTTTA,0,4474415
yahC_predicted,0.02127659574468085,46,46,ACCGTCGCCGTGATAGGGAG,0,4488605
yahC_predicted,0.02127659574468085,46,46,AATCCCAGCTTGAGTGGGAA,0,4509439
yahC_predicted,0.021739130434782608,45,45,GTCCTAATTGCCATGATTTA,0,4494081
yahC_predicted,0.021739130434782608,45,45,GGGGAGAGCTGTGGTGCTTA,0,4472523
yahC_predicted,0.021739130434782608,45,45,GGCCCTAACGAGCTCCCGCG,0,4478033
yahC_predicted,0.021739130434782608,45,45,GCGTACTTGACGCAGTCAAA,0,4502476
yahC_predicted,0.021739130434782608,45,45,GCCAGATAATAACGAAATTC,0,4475296
yahC_predicted,0.021739130434782608,45,45,GCAATCAAGGACGGATAGGA,0,4486181
yahC_predicted,0.021739130434782608,45,45,CCGTCCGGAGGGACTCCACA,0,4472686
yahC_predicted,0.021739130434782608,45,45,CCGAAGTTTGATATTGGTCA,0,4475765
yahC_predicted,0.021739130434782608,45,45,ATTAACAGCTCGAGTGTCAT,0,4489265
yahC_predicted,0.021739130434782608,45,45,ATAACATGACGAACTGATTC,0,4472969
yahC_predicted,0.021739130434782608,45,45,AGGGGCCTCTTCGGAAACGA,0,4473974
yahC_predicted,0.021739130434782608,45,45,AGGCAAATCGACCCCGAACA,0,4499311
yahC_predicted,0.021739130434782608,45,45,ACGCTGCACAGTTGCTAGAT,0,4473478
yahC_predicted,0.021739130434782608,45,45,AATTCATCCATAAGCCTTTT,0,4480290
yahC_predicted,0.021739130434782608,45,45,AAGCAACTCTGAAAACGAGT,0,4501045
yahC_predicted,0.022222222222222223,44,44,TTTACTACCCGAACGCGGGA,0,4479653
yahC_predicted,0.022222222222222223,44,44,TTAACGGCGACTCCTCGGGA,0,4505476
yahC_predicted,0.022222222222222223,44,44,TGTTCACATTGGAAACACAA,0,4481303
yahC_predicted,0.022222222222222223,44,44,GTGGTCCTTGTGGGTCCCTA,0,4477384
yahC_predicted,0.022222222222222223,44,44,GTACGCCGCTAGCCTTGCCC,0,4483251
yahC_predicted,0.022222222222222223,44,44,GCTTTAACGCAACCTAACGA,0,4484285
yahC_predicted,0.022222222222222223,44,44,CTCGTCACGGTATAGAGATG,0,4498920
yahC_predicted,0.022222222222222223,44,44,CTATATAGGACCTTTATCCT,0,4478365
yahC_predicted,0.022222222222222223,44,44,CGTTCTCGTCTCGCAACAAA,0,4475994
yahC_predicted,0.022222222222222223,44,44,CGCTTTTGGTGTCCTCGAGT,0,4485896
yahC_predicted,0.022222222222222223,44,44,CGCCTCAAGTGATGGAAAGT,0,4507914
yahC_predicted,0.022222222222222223,44,44,CATGCCCACACCTAGAGGTC,0,4496321
yahC_predicted,0.022222222222222223,44,44,CACCCTTGCCTGGGCCTTCT,0,4481027
yahC_predicted,0.022222222222222223,44,44,CACAGTCGCCTACAGGGCTG,0,4496209
yahC_predicted,0.022222222222222223,44,44,ATCGATTCCTAGTTTTGATC,0,4507127
yahC_predicted,0.022222222222222223,44,44,AATGGCCGCCCACCCACCTT,0,4494824
yahC_predicted,0.022727272727272728,43,43,TTTTGGATAGGACGGCAAAG,0,4483053
yahC_predicted,0.022727272727272728,43,43,TGTGATGCTTTCCTTTGCAA,0,4485725
yahC_predicted,0.022727272727272728,43,43,TCTGCCCAAGGCCTTTCTAG,0,4478565
yahC_predicted,0.022727272727272728,43,43,GTGGGTAGCTGTTGCGTCTA,0,4474081
yahC_predicted,0.022727272727272728,43,43,GGATTCGTGCTCGGCGCTAT,0,4492937
yahC_predicted,0.022727272727272728,43,43,CTAGCCCGAGGTTCGCGAGG,0,4485870
yahC_predicted,0.022727272727272728,43,43,CGATGAGCGCGTTCCGAGCG,0,4487337
yahC_predicted,0.022727272727272728,43,43,CCTCGATTAATGAATGGTTC,0,4497215
yahC_predicted,0.022727272727272728,43,43,CAGTACCGGGATTCACTTGA,0,4485161
yahC_predicted,0.022727272727272728,43,43,ATCTAGTATTGTAGGGTTCC,0,4485256
yahC_predicted,0.022727272727272728,43,43,ACTCAATTGGCGGACCAAAG,0,4473751
yahC_predicted,0.022727272727272728,43,43,AACTGCCTAGCGTTCATTCA,0,4479018
yahC_predicted,0.023255813953488372,42,42,TTCATTCATCGCGTATCTAC,0,4498913
yahC_predicted,0.023255813953488372,42,42,TTATATACTTCGTCTCGCTA,0,4490389
yahC_predicted,0.023255813953488372,42,42,TGGACCGCACTGGTCAGGCA,0,4504100
yahC_predicted,0.023255813953488372,42,42,TCGAGGATTCCATATGAGGG,0,4472872
yahC_predicted,0.023255813953488372,42,42,GGAAACGAGCAAAAACACGG,0,4479477
yahC_predicted,0.023255813953488372,42,42,GCTGAGGCAGATACAATTCA,0,4503568
yahC_predicted,0.023255813953488372,42,42,GCGCTCTGTCCCGTGCGGGA,0,4494128
yahC_predicted,0.023255813953488372,42,42,GCCCCTTGTTCGGCGAACGG,0,4477386
yahC_predicted,0.023255813953488372,42,42,GCCAGGCACGCCTCCGGTAA,0,4477269
yahC_predicted,0.023255813953488372,42,42,GATTGGGCCTGGCCCTAAGC,0,4476356
yahC_predicted,0.023255813953488372,42,42,GAAAGTTGGTGACTCTAAAA,0,4489152
yahC_predicted,0.023255813953488372,42,42,CGAGTATTAAAATTCCGGCA,0,4475294
yahC_predicted,0.023255813953488372,42,42,CCTGCATTTTGAGCGAACTT,0,4494818
yahC_predicted,0.023255813953488372,42,42,CCTCGGTGTTGAAGTGGGGA,0,4503161
yahC_predicted,0.023255813953488372,42,42,CCACCCGTCGCTATCAGTTA,0,4478034
yahC_predicted,0.023255813953488372,42,42,ATTGGCGCTCGAGTTATAAT,0,4498266
yahC_predicted,0.023255813953488372,42,42,AGGAGGCTCTGCCCGGGTAA,0,4495010
yahC_predicted,0.023255813953488372,42,42,AGAGGACTGTTCGACGCTGC,0,4477988
yahC_predicted,0.023255813953488372,42,42,ACGCGGCGTACATCGACGGA,0,4487471
yahC_predicted,0.023255813953488372,42,42,AAGTGACTACGTTATCTAGT,0,4488477
yahC_predicted,0.023255813953488372,42,42,AAGCTTTAGGCAAACAGGCA,0,4505826
yahC_predicted,0.023809523809523808,41,41,TCTGCACAGTCCCTCTTAGT,0,4481861
yahC_predicted,0.023809523809523808,41,41,TCCACGATTAAGGCTTGTGT,0,4488713
yahC_predicted,0.023809523809523808,41,41,TCAGTCGGGGGAACAAGGTA,0,4496506
yahC_predicted,0.023809523809523808,41,41,TCACAGGTCTAAGCCGCTGA,0,4502154
yahC_predicted,0.023809523809523808,41,41,TATGGCGCGTGATATGTGAA,0,4475641
yahC_predicted,0.023809523809523808,41,41,GCGGGCACGGTCGCTAATCG,0,4472957
yahC_predicted,0.023809523809523808,41,41,GCAATATTCACGGCCCTCTA,0,4482008
yahC_predicted,0.023809523809523808,41,41,GACTAACGCGTCGAATCATC,0,4495179
yahC_predicted,0.023809523809523808,41,41,CTTTCTGGGCGCTACTCATA,0,4494822
yahC_predicted,0.023809523809523808,41,41,CGCCAGGTTATAAACTACTT,0,4487335
yahC_predicted,0.023809523809523808,41,41,CGATTCTTTACCATGACCAG,0,4495130
yahC_predicted,0.023809523809523808,41,41,ATTGTTCCCGTTAGTGTGTC,0,4481923
yahC_predicted,0.023809523809523808,41,41,ATTATCTGGTAGGGGCTCAA,0,4488438
yahC_predicted,0.023809523809523808,41,41,AGCGGCGTTTTGTAAGAGAA,0,4498851
yahC_predicted,0.023809523809523808,41,41,AGCCAGCATATTGCGTGTAT,0,4477932
yahC_predicted,0.023809523809523808,41,41,ACGGTGCTGGATTCGTATAT,0,4506626
yahC_predicted,0.023809523809523808,41,41,ACGCCATGTTGAAGCCCTGT,0,4475210
yahC_predicted,0.024390243902439025,40,40,TGGCCGACCCAGACAGGTAT,0,4506691
yahC_predicted,0.024390243902439025,40,40,TGCAGAAACGGCCGGGATTT,0,4490894
yahC_predicted,0.024390243902439025,40,40,TGAGTTAGGGTGCGTTCGGG,0,4493718
yahC_predicted,0.024390243902439025,40,40,TCGATCGGAAAGATTAAATG,0,4489758
yahC_predicted,0.024390243902439025,40,40,TAGATAGCCATAGTCTAGAA,0,4490437
yahC_predicted,0.024390243902439025,40,40,GTCAGAACAGCGACTTTAGT,0,4505634
yahC_predicted,0.024390243902439025,40,40,GGTGATGGAATCAATGTTTG,0,4510128
yahC_predicted,0.024390243902439025,40,40,GCGTGTCCGCCTGAAAAGCT,0,4472849
yahC_predicted,0.024390243902439025,40,40,GCCCCAAGTGTCTATGTGTT,0,4485145
yahC_predicted,0.024390243902439025,40,40,GCAGTTGGTGCTGGGGTTGC,0,4479020
yahC_predicted,0.024390243902439025,40,40,GAGTTTTCCCAGTTATACAT,0,4484066
yahC_predicted,0.024390243902439025,40,40,CTGTTTGGCGTAGCCGGTTT,0,4476857
yahC_predicted,0.024390243902439025,40,40,CGCTCCCGTTAACCAGCTCA,0,4486354
yahC_predicted,0.024390243902439025,40,40,CGAAACGAAGCCGCGCAATA,0,4503321
yahC_predicted,0.024390243902439025,40,40,CCTAGACCAGGGTCCTTCGA,0,4506352
yahC_predicted,0.024390243902439025,40,40,CCGATGGTTGACCGCGTTTT,0,4489551
yahC_predicted,0.024390243902439025,40,40,CATAACGCACCCACCGTTAG,0,4501689
yahC_predicted,0.024390243902439025,40,40,CAATGAGACGGACATTTCAC,0,4482964
yahC_predicted,0.024390243902439025,40,40,ATTATCTGCGGGGTAGACAT,0,4477227
yahC_predicted,0.024390243902439025,40,40,ACTTAGGAGGGTTCGCGTTA,0,4504459
yahC_predicted,0.024390243902439025,40,40,ACTATGAACCGGCCTCTAGG,0,4476958
yahC_predicted,0.024390243902439025,40,40,ACGGCTCTTCGGACACCTAT,0,4477589
yahC_predicted,0.024390243902439025,40,40,ACCTTAGCGGATCCGTTTAT,0,4508652
yahC_predicted,0.024390243902439025,40,40,ACCCACCCCTGCAGCCTCAA,0,4482027
yahC_predicted,0.024390243902439025,40,40,AACGCATAAACTTATACCAT,0,4499544
yahC_predicted,0.024390243902439025,40,40,AAAGAATTGTCGTACGGTCA,0,4487568
yahC_predicted,0.025,39,39,TGTCACCCTTGCAAGCGAGT,0,4490153
yahC_predicted,0.025,39,39,TGGTAGCGGGCACACTCGTA,0,4481149
yahC_predicted,0.025,39,39,TGATGTACCTACCGGGCTCC,0,4474614
yahC_predicted,0.025,39,39,TGACTCCTTCCAGCCGCTCG,0,4504955
yahC_predicted,0.025,39,39,TCCGCGGAACATTAATCGGG,0,4498238
yahC_predicted,0.025,39,39,GTCTGTAGGGTGAAAACGAG,0,4511734
yahC_predicted,0.025,39,39,GGTAGTCGAAGGGCCAGTCG,0,4492000
yahC_predicted,0.025,39,39,GGCCCCCACACCAGGTTACG,0,4489860
yahC_predicted,0.025,39,39,GCAGAGCTCATTGGTGTGCA,0,4510570
yahC_predicted,0.025,39,39,CTTACTGGAACACGCGCTTG,0,4504502
yahC_predicted,0.025,39,39,CTCTTTATCCGCGGGCCAAA,0,4475791
yahC_predicted,0.025,39,39,CTCATTGCAACGTCAGCATG,0,4507060
yahC_predicted,0.025,39,39,CGGTCCAAGGAAGATTGAAC,0,4487691
yahC_predicted,0.025,39,39,CCTCGAAGGCACAATCGGAT,0,4485784
yahC_predicted,0.025,39,39,CCCTACTCCTATTTCGTCAT,0,4496561
yahC_predicted,0.02564102564102564,38,38,TTCATGTAGCTGGTCCCTGA,0,4482581
yahC_predicted,0.02564102564102564,38,38,TTCACAGGATCGCCACCAGC,0,4494082
yahC_predicted,0.02564102564102564,38,38,TCGGAATCTTTCCGGCCCGG,0,4494755
yahC_predicted,0.02564102564102564,38,38,TATAGCACGCGTGGGTGGCA,0,4484926
yahC_predicted,0.02564102564102564,38,38,GTTAAGGAGCGAAGACTTCT,0,4511997
yahC_predicted,0.02564102564102564,38,38,GTCATGATGATTATGAATAT,0,4501410
yahC_predicted,0.02564102564102564,38,38,GTATCGGTGGCAGAGCACAA,0,4492845
yahC_predicted,0.02564102564102564,38,38,GTAAAGGTCCAGCAGACAAA,0,4502343
yahC_predicted,0.02564102564102564,38,38,GGTATACGTCGAATTAGGTA,0,4495817
yahC_predicted,0.02564102564102564,38,38,GGTAAATGAACGCTGAGAAG,0,4509218
yahC_predicted,0.02564102564102564,38,38,GCGTTACGATGAACCAAAAA,0,4477498
yahC_predicted,0.02564102564102564,38,38,GCATAAAAGGCGCTGTGAAC,0,4481114
yahC_predicted,0.02564102564102564,38,38,CGTCCTCTACGACTTGATCT,0,4487380
yahC_predicted,0.02564102564102564,38,38,CGAAAGGTGGATACCTTTCC,0,4492591
yahC_predicted,0.02564102564102564,38,38,CCTTCGTAGCTCCATGTGTA,0,4477633
yahC_predicted,0.02564102564102564,38,38,CCTAGTAGTTAGTCGATGGG,0,4486482
yahC_predicted,0.02564102564102564,38,38,CCCTTTCTAATGTGCCAGGG,0,4485793
yahC_predicted,0.02564102564102564,38,38,ATTAGCTAAAAACTGGGGTT,0,4487441
yahC_predicted,0.02564102564102564,38,38,ATCGCACAGCCGACAAGCTA,0,4495471
yahC_predicted,0.02564102564102564,38,38,AGCTGAATCGAATGGTAGAC,0,4492624
yahC_predicted,0.02564102564102564,38,38,AGCTCGCACAGATTTGAGAT,0,4496267
yahC_predicted,0.02564102564102564,38,38,AGATGTCAATGATTACGCCC,0,4498134
yahC_predicted,0.02564102564102564,38,38,ACTGTTGAGAGGCCACTTAC,0,4473927
yahC_predicted,0.02564102564102564,38,38,AAGTCTGATCCTAGTTTGGA,0,4489120
yahC_predicted,0.02631578947368421,37,37,TTCTAATTTCCGGAACTCGA,0,4482389
yahC_predicted,0.02631578947368421,37,37,TCGCACTCGTACTCATAATT,0,4488621
yahC_predicted,0.02631578947368421,37,37,TCCCCGGCTTTTGGGTGGAA,0,4499988
yahC_predicted,0.02631578947368421,37,37,TCAGTCTAGTTGTAACCAGA,0,4497962
yahC_predicted,0.02631578947368421,37,37,GGTATCACGCGGCCATAACG,0,4493574
yahC_predicted,0.02631578947368421,37,37,GGCTGTGGACAGTCTGAAGA,0,4483860
yahC_predicted,0.02631578947368421,37,37,GCTTAGGCTCGTTCTCGGAA,0,4494704
yahC_predicted,0.02631578947368421,37,37,GACGTTGTTAATGAAATCGT,0,4492356
yahC_predicted,0.02631578947368421,37,37,GACAAACACCTATAACTTGT,0,4475310
yahC_predicted,0.02631578947368421,37,37,CTTTGTTTCGTGTTGGTCTC,0,4478430
yahC_predicted,0.02631578947368421,37,37,CTTTGGATGCACTATGGGAT,0,4475052
yahC_predicted,0.02631578947368421,37,37,CTCACACGCCTGCAGCCTCT,0,4493699
yahC_predicted,0.02631578947368421,37,37,CTAAGTCGATCCTCAAGAAA,0,4481527
yahC_predicted,0.02631578947368421,37,37,CGTGTATGTTGATAAGTAGG,0,4503059
yahC_predicted,0.02631578947368421,37,37,CGGCGGGCCTAGTCGCGTGA,0,4493286
yahC_predicted,0.02631578947368421,37,37,CGAGAGGTTGGGTACGATTT,0,4482699
yahC_predicted,0.02631578947368421,37,37,CGAGAATAGCTCCAATATAA,0,4479881
yahC_predicted,0.02631578947368421,37,37,CCGTCGCCTCGGAAAGGTAA,0,4496740
yahC_predicted,0.02631578947368421,37,37,CCGCGTATCTTCGCTCTGGT,0,4497276
yahC_predicted,0.02631578947368421,37,37,CCACGCATTGAAACTAAATC,0,4492222
yahC_predicted,0.02631578947368421,37,37,CATATGATCCCTGAAGTGCT,0,4484994
yahC_predicted,0.02631578947368421,37,37,ATTGTGATACTGGCCTAGGC,0,4487192
yahC_predicted,0.02631578947368421,37,37,ATACGTCGCTCCACTAGCAG,0,4503945
yahC_predicted,0.02631578947368421,37,37,AGTTTACGACAGAATCCTGT,0,4485708
yahC_predicted,0.02631578947368421,37,37,AGCGGGCCGTCCACATGAAC,0,4477409
yahC_predicted,0.02631578947368421,37,37,AGACTACAAATGCCCATTCA,0,4496102
yahC_predicted,0.02631578947368421,37,37,ACCTTAGTGCCGCCACCAAG,0,4474469
yahC_predicted,0.02631578947368421,37,37,AAGACAGAGCAACGGGGCGT,0,4504540
yahC_predicted,0.02702702702702703,36,36,TGCCACCTCGAGGAGCGATT,0,4499359
yahC_predicted,0.02702702702702703,36,36,TCGTATTGAGGTGGACTCTA,0,4481467
yahC_predicted,0.02702702702702703,36,36,TCGACTTGAGGTTATAAGAG,0,4494409
yahC_predicted,0.02702702702702703,36,36,GTGAATACAGCATCAACATA,0,4481045
yahC_predicted,0.02702702702702703,36,36,GTATTGAAGCGCAAGGGAAC,0,4475797
yahC_predicted,0.02702702702702703,36,36,GGTTAATAACAAATTCCGAA,0,4478562
yahC_predicted,0.02702702702702703,36,36,GGTAAGCAAGCTGTATTGGA,0,4476038
yahC_predicted,0.02702702702702703,36,36,GGGCGTTTGTGGGGCAGTGT,0,4502842
yahC_predicted,0.02702702702702703,36,36,GGACAGGTTACGCGAACCTT,0,4496554
yahC_predicted,0.02702702702702703,36,36,GGAAACCTGGCGGCCGCATT,0,4476959
yahC_predicted,0.02702702702702703,36,36,GCTCGCGCAGCCACTTTTTA,0,4498765
yahC_predicted,0.02702702702702703,36,36,GCGAAGTCCTATGTGGCAGT,0,4506859
yahC_predicted,0.02702702702702703,36,36,GACTTGATGTTGGCGACTTC,0,4506060
yahC_predicted,0.02702702702702703,36,36,CTTGAAGACACACTGTACTT,0,4494578
yahC_predicted,0.02702702702702703,36,36,CGGGGATGGTTCCACCCAGT,0,4485258
yahC_predicted,0.02702702702702703,36,36,CCTCACTGTAACTTCCTGCA,0,4492138
yahC_predicted,0.02702702702702703,36,36,CCTAGGCCAGAATGGGGGCG,0,4476288
yahC_predicted,0.02702702702702703,36,36,CCGTTTAGACCATATCGACA,0,4481716
yahC_predicted,0.02702702702702703,36,36,CCCTTGGGCTTCTAAGCGCT,0,4484268
yahC_predicted,0.02702702702702703,36,36,CCACTTCCCCGCGACGGTGG,0,4473235
yahC_predicted,0.02702702702702703,36,36,CCAAATTCCCAACACGGCAG,0,4485525
yahC_predicted,0.02702702702702703,36,36,ATCGCTAGCCCATTAACTTG,0,4496859
yahC_predicted,0.02702702702702703,36,36,ATCGATGGTAACAAAGTCAA,0,4489193
yahC_predicted,0.02702702702702703,36,36,AGCGCCTTATCCTCGTCCTC,0,4482174
yahC_predicted,0.02702702702702703,36,36,AGAAGGATCCTCCGTGGATC,0,4474985
yahC_predicted,0.02702702702702703,36,36,ACTCGATTACATTGGAACTT,0,4510116
yahC_predicted,0.02702702702702703,36,36,AACTGAGCTATAGTTTTACG,0,4480324
yahC_predicted,0.02702702702702703,36,36,AAATGGAACTTACCGCACGA,0,4472571
yahC_predicted,0.027777777777777776,35,35,TTTGGAGCCGCTCAGTCCTT,0,4481854
yahC_predicted,0.027777777777777776,35,35,TTACTCAAGGTCACAAGCGG,0,4487996
yahC_predicted,0.027777777777777776,35,35,TGAAGCGTTGTGCTGTTACG,0,4486048
yahC_predicted,0.027777777777777776,35,35,TCCCGCTTCAGTTGTCACGC,0,4477228
yahC_predicted,0.027777777777777776,35,35,TCCATTATCAGGCCGGTAGA,0,4483935
yahC_predicted,0.027777777777777776,35,35,TAGGCGTACGGGTAAACACA,0,4494582
yahC_predicted,0.027777777777777776,35,35,GTGAAGCGCCTGCTGAAGCA,0,4486824
yahC_predicted,0.027777777777777776,35,35,GGGGACTGGGCCTCATGGTC,0,4510929
yahC_predicted,0.027777777777777776,35,35,GGAGACCATAGGTGAATCTT,0,4509214
yahC_predicted,0.027777777777777776,35,35,GATAACCGATGTAACCCTTT,0,4488917
yahC_predicted,0.027777777777777776,35,35,CTTCTCGGCCAGTGAACTTG,0,4485040
yahC_predicted,0.027777777777777776,35,35,CTGAGTGGAATCGCCAACGA,0,4504920
yahC_predicted,0.027777777777777776,35,35,CTAAAGCCTTAAATAACAAG,0,4479432
yahC_predicted,0.027777777777777776,35,35,CCTTTTCTCGATTTACGAAG,0,4497744
yahC_predicted,0.027777777777777776,35,35,CCTGCCGGGGGCGGGAGGAG,0,4503477
yahC_predicted,0.027777777777777776,35,35,CCGTACAGTGGGCTAAAGCA,0,4487387
yahC_predicted,0.027777777777777776,35,35,CCGATGTTGGGAAGTAGTTC,0,4504250
yahC_predicted,0.027777777777777776,35,35,CCCCGTGATCGTCACGTGAA,0,4481147
yahC_predicted,0.027777777777777776,35,35,CCCCCGTTTATATGACTACG,0,4494672
yahC_predicted,0.027777777777777776,35,35,CCAACTCGATGGAGACAATA,0,4495068
yahC_predicted,0.027777777777777776,35,35,CAGGTATATCCGTCTAACCT,0,4501152
yahC_predicted,0.027777777777777776,35,35,CACAAACCTTTTTAGTCTAT,0,4475761
yahC_predicted,0.027777777777777776,35,35,ATGTTTCGATTTGATTACGT,0,4498118
yahC_predicted,0.027777777777777776,35,35,ATGCCCGCAAGGGGATCCGG,0,4478032
yahC_predicted,0.027777777777777776,35,35,ATGATATTTAAAATCGTTAT,0,4481216
yahC_predicted,0.027777777777777776,35,35,ATCGGCCCGCGGTAAAGCTT,0,4502490
yahC_predicted,0.027777777777777776,35,35,ATACTACCTACGGGCGCTTT,0,4474082
yahC_predicted,0.027777777777777776,35,35,AGTACAACCCTCAAACTCCC,0,4474149
yahC_predicted,0.027777777777777776,35,35,ACCGGGGTATCTACACCGCA,0,4508521
yahC_predicted,0.027777777777777776,35,35,ACCCCCTTATCGTGCCCCAC,0,4478270
yahC_predicted,0.027777777777777776,35,35,AACTGCTCTTTCAAAAGTGA,0,4482532
yahC_predicted,0.027777777777777776,35,35,AACTACCTCCCTCACTATTG,0,4473690
yahC_predicted,0.027777777777777776,35,35,AAAATTCGCAGACCAGCCAA,0,4481491
yahC_predicted,0.02857142857142857,34,34,TTACCCCGTATCGCCACTGT,0,4483892
yahC_predicted,0.02857142857142857,34,34,TGCTTAACCATTAGCCGATC,0,4510513
yahC_predicted,0.02857142857142857,34,34,TCTTCTTTTTGTTCGAGCGT,0,4490824
yahC_predicted,0.02857142857142857,34,34,TACTAACCGGAGTTAGAAGC,0,4493752
yahC_predicted,0.02857142857142857,34,34,TAATGGCGAAAAGTAGACCA,0,4510906
yahC_predicted,0.02857142857142857,34,34,TAAGCTAGTCCAGTCCTTCA,0,4492115
yahC_predicted,0.02857142857142857,34,34,GTTTGTGGCGGGATAAGAGA,0,4511248
yahC_predicted,0.02857142857142857,34,34,GTGCAAAGGATCGTTCAAAG,0,4496484
yahC_predicted,0.02857142857142857,34,34,GGGGCACAGTTGGTTGGTAA,0,4480152
yahC_predicted,0.02857142857142857,34,34,GGGCATACACTTTCCAAGTA,0,4481691
yahC_predicted,0.02857142857142857,34,34,GGGAGCATATGGTCACGGTG,0,4505208
yahC_predicted,0.02857142857142857,34,34,GGCCACTAGACGAATTCGTG,0,4477791
yahC_predicted,0.02857142857142857,34,34,GCTGGCTAAGCAAACAGAGC,0,4511750
yahC_predicted,0.02857142857142857,34,34,GCTGGAAAGTGATTTATTCT,0,4485348
yahC_predicted,0.02857142857142857,34,34,GCTGAAAGGCTTGCTATCAC,0,4476037
yahC_predicted,0.02857142857142857,34,34,GCCGTGAAAACGGTTATATT,0,4509515
yahC_predicted,0.02857142857142857,34,34,GAGGGCACTTACGTTGGCAT,0,4488395
yahC_predicted,0.02857142857142857,34,34,GAGGAAGTTGGCCTTCTCTA,0,4491648
yahC_predicted,0.02857142857142857,34,34,GACTCACCATCAGTCGGCAG,0,4511889
yahC_predicted,0.02857142857142857,34,34,GAATAAAAGCGGTGCTCTAA,0,4506097
yahC_predicted,0.02857142857142857,34,34,CTGGCACCGGAAGTGCTTCC,0,4477493
yahC_predicted,0.02857142857142857,34,34,CTCTCAACGTCGGCAAGTGG,0,4476956
yahC_predicted,0.02857142857142857,34,34,CTCGATGCTAGATCAATAAT,0,4480983
yahC_predicted,0.02857142857142857,34,34,CGTCCGAGATCATGAACATC,0,4490063
yahC_predicted,0.02857142857142857,34,34,CGTATATCCCCTGGTCCCCG,0,4510904
yahC_predicted,0.02857142857142857,34,34,CGCTTCTGCTCCTATTATGC,0,4476474
yahC_predicted,0.02857142857142857,34,34,CCGCGGTCATTGGTTGAGGC,0,4475377
yahC_predicted,0.02857142857142857,34,34,CCATCAAGTGGGCCGTGTAG,0,4486744
yahC_predicted,0.02857142857142857,34,34,CATTTATATATCTTTTCGGA,0,4484027
yahC_predicted,0.02857142857142857,34,34,ATCTAGTACTTAGACCAGAG,0,4481350
yahC_predicted,0.02857142857142857,34,34,AGTTCGAAGGCGCCTTAGAA,0,4488673
yahC_predicted,0.02857142857142857,34,34,AGTAGTCGCTTCTTATGCGA,0,4507331
yahC_predicted,0.02857142857142857,34,34,AGGCGGAACTCTTCGGTCAT,0,4500246
yahC_predicted,0.02857142857142857,34,34,AGCTCACTCAGTGATGTATT,0,4503078
yahC_predicted,0.02857142857142857,34,34,ACGCATGAGCTTGACGCTTT,0,4505934
yahC_predicted,0.02857142857142857,34,34,AATCGAGGGATGTACACCAT,0,4491577
yahC_predicted,0.02857142857142857,34,34,AATCGACCCAGGAGCTACTA,0,4489419
yahC_predicted,0.02857142857142857,34,34,AAGTACATCTTCCAGCTGGT,0,4473716
yahC_predicted,0.02857142857142857,34,34,AAATTCACCAGGACTCGCCA,0,4497621
yahC_predicted,0.02857142857142857,34,34,AAACCGACGCGCCGCTCCAA,0,4481501
yahC_predicted,0.029411764705882353,33,33,TTTTTATGAGATCCGATTAG,0,4477861
yahC_predicted,0.029411764705882353,33,33,TTCTACTGACCTTTGTATAA,0,4492984
yahC_predicted,0.029411764705882353,33,33,TTCGAATGTAAAGAGTCTCT,0,4502440
yahC_predicted,0.029411764705882353,33,33,TTCAGAGCAGATCAGGAGTT,0,4497014
yahC_predicted,0.029411764705882353,33,33,TTACTCTTCCCGTATTTTCC,0,4477104
yahC_predicted,0.029411764705882353,33,33,TGTGGGACGAATTCCACTAA,0,4477540
yahC_predicted,0.029411764705882353,33,33,TGGTATAAAGTACGGTGGAT,0,4493395
yahC_predicted,0.029411764705882353,33,33,TGCTGGAAAGTATATTCAGA,0,4495834
yahC_predicted,0.029411764705882353,33,33,TCTAGTGGCGTATGATAGAT,0,4474085
yahC_predicted,0.029411764705882353,33,33,TCCAGTCTTAAATAAGTCAA,0,4492776
yahC_predicted,0.029411764705882353,33,33,TCATTTCGCTCGGTGGTGTA,0,4496888
yahC_predicted,0.029411764705882353,33,33,TCAAACCGTCCTTGATGTAC,0,4507694
yahC_predicted,0.029411764705882353,33,33,TATGCCTCCGGGAATTGAGT,0,4484901
yahC_predicted,0.029411764705882353,33,33,TAGAAGACTTCATAAAAGAA,0,4482732
yahC_predicted,0.029411764705882353,33,33,TAAGACTCCGTGACTTTGGA,0,4486980
yahC_predicted,0.029411764705882353,33,33,GTTGGAGTAGACGACAGCTC,0,4488635
yahC_predicted,0.029411764705882353,33,33,GTGATCCCAGTGCTCTGCCC,0,4489984
yahC_predicted,0.029411764705882353,33,33,GTCAGTCCTCGGTTCTGTGG,0,4510141
yahC_predicted,0.029411764705882353,33,33,GGTGAGGCCTTCTGCCGGAC,0,4492565
yahC_predicted,0.029411764705882353,33,33,GGCGCTACATGGGTAGGACT,0,4477129
yahC_predicted,0.029411764705882353,33,33,GCTAGGTTAAAACTGTTTTT,0,4501660
yahC_predicted,0.029411764705882353,33,33,GCGTAGGCTGAAAATTTCGG,0,4509438
yahC_predicted,0.029411764705882353,33,33,GACTGCCCGAGCAGCATAGC,0,4509766
yahC_predicted,0.029411764705882353,33,33,CTTTTGCAGACCGCTGTGAT,0,4505472
yahC_predicted,0.029411764705882353,33,33,CTCCCTCAACAAACCAGGAA,0,4503350
yahC_predicted,0.029411764705882353,33,33,CGTTAGTATGGTCAGACGTT,0,4481941
yahC_predicted,0.029411764705882353,33,33,CGTCTAACTGCCACCAACTC,0,4483499
yahC_predicted,0.029411764705882353,33,33,CGGCGGGGAAGTGGCATAGG,0,4480613
yahC_predicted,0.029411764705882353,33,33,CCGCTCTGGAGGGGACGATC,0,4485415
yahC_predicted,0.029411764705882353,33,33,CCGATAGGTCAAAATGTGGA,0,4487608
yahC_predicted,0.029411764705882353,33,33,CCGAGGTATGGTTTCCCCGA,0,4494453
yahC_predicted,0.029411764705882353,33,33,CATGGGCTATTACACTGAAT,0,4476299
yahC_predicted,0.029411764705882353,33,33,CACAGCAGACTTGTAGCCAG,0,4509969
yahC_predicted,0.029411764705882353,33,33,CACAAGTGTTCTTCCGATTT,0,4510314
yahC_predicted,0.029411764705882353,33,33,ATTTTACCAACCCGACACTT,0,4481693
yahC_predicted,0.029411764705882353,33,33,ATGCTTATGGAGGGTCGAAA,0,4505540
yahC_predicted,0.029411764705882353,33,33,AGGACTATTGGCTAAGGACT,0,4476639
yahC_predicted,0.029411764705882353,33,33,AGGAATGGCATCGCCGAGAT,0,4509949
yahC_predicted,0.029411764705882353,33,33,AGACGCTGCGGTATCTGTTC,0,4490974
yahC_predicted,0.029411764705882353,33,33,ACGTTTAATTTCGGTTCTGG,0,4504922
yahC_predicted,0.029411764705882353,33,33,ACATCTTCGGGCGCGAGCGA,0,4499469
yahC_predicted,0.029411764705882353,33,33,ACACTTGGATCGGTATACTG,0,4480966
yahC_predicted,0.029411764705882353,33,33,AATGATTCGCGTGCTGCCCA,0,4479713
yahC_predicted,0.029411764705882353,33,33,AAGCAGTCAACTGGCTACAT,0,4489972
yahC_predicted,0.029411764705882353,33,33,AACCAAAAAACCGGGATGAT,0,4475735
yahC_predicted,0.029411764705882353,33,33,AAAATCGTCATATGTATTCA,0,4485928
yahC_predicted,0.030303030303030304,32,32,TTCTTCCGTGCGCCTAACAT,0,4491402
yahC_predicted,0.030303030303030304,32,32,TTAAAGAATAGGTTGGGTTT,0,4491118
yahC_predicted,0.030303030303030304,32,32,TGGGGATCTTCACGGCACTA,0,4491346
yahC_predicted,0.030303030303030304,32,32,TGCGTTCACGTCCAAAATGG,0,4486696
yahC_predicted,0.030303030303030304,32,32,TCTTTGGTTTATCCGAATCC,0,4510502
yahC_predicted,0.030303030303030304,32,32,TCCAGGGAATGATAGCCTCA,0,4474442
yahC_predicted,0.030303030303030304,32,32,TACAGCAGGCGTGGTAGGTG,0,4486287
yahC_predicted,0.030303030303030304,32,32,TAAGGGCATATTATGGCCTT,0,4486658
yahC_predicted,0.030303030303030304,32,32,GTCAATGGTCTAAGCTCACT,0,4496722
yahC_predicted,0.030303030303030304,32,32,GTAACCACATTCCACAGGGC,0,4476638
yahC_predicted,0.030303030303030304,32,32,GGTTCAAGGATCAGAGACAA,0,4487373
yahC_predicted,0.030303030303030304,32,32,GGGAATATATCGAGGGCCGA,0,4490959
yahC_predicted,0.030303030303030304,32,32,GGACAGAACCTGGAGGCGCA,0,4498423
yahC_predicted,0.030303030303030304,32,32,GCCCACGCTCGCCCGAAAGT,0,4488922
yahC_predicted,0.030303030303030304,32,32,GAGATGCACGGGGAGCCACA,0,4483979
yahC_predicted,0.030303030303030304,32,32,GAGAATTAGCCATGAACAAT,0,4488924
yahC_predicted,0.030303030303030304,32,32,CTTCGTACCGATTGTGCATA,0,4496294
yahC_predicted,0.030303030303030304,32,32,CTTATTGCCGCCTGTAGTAA,0,4495720
yahC_predicted,0.030303030303030304,32,32,CTCGCTTTAAGTAGTATCAG,0,4484170
yahC_predicted,0.030303030303030304,32,32,CTAACGGGTCATTTTTGCAT,0,4504594
yahC_predicted,0.030303030303030304,32,32,CGGGCATTGGCCGGAGCGGT,0,4510678
yahC_predicted,0.030303030303030304,32,32,CGGAGGCACTGTATCAAGTG,0,4476542
yahC_predicted,0.030303030303030304,32,32,CGCTTGAGAGATTCGACAAC,0,4484377
yahC_predicted,0.030303030303030304,32,32,CCTACAGAGTATTAATCCGT,0,4475992
yahC_predicted,0.030303030303030304,32,32,CCCAGCCACAGAGACAAGAT,0,4503530
yahC_predicted,0.030303030303030304,32,32,CACATCTTTCAAACATCCTG,0,4483020
yahC_predicted,0.030303030303030304,32,32,CAACAGATTATTAGTGGGAG,0,4504047
yahC_predicted,0.030303030303030304,32,32,ATAGTACATAAAGACTGCCA,0,4493017
yahC_predicted,0.030303030303030304,32,32,ATAAACGTCAGTCGGCAGTA,0,4485709
yahC_predicted,0.030303030303030304,32,32,AGGTTCAAGCCCGCAGGAAA,0,4474086
yahC_predicted,0.030303030303030304,32,32,AGGCTTTGAATTAGTGGATT,0,4494955
yahC_predicted,0.030303030303030304,32,32,AGCACAACGCCGGGTCCCGA,0,4473959
yahC_predicted,0.030303030303030304,32,32,ACGCGAACCTTCGGTGTATA,0,4495349
yahC_predicted,0.030303030303030304,32,32,AATCTGCTACGTTTCCCCAA,0,4488222
yahC_predicted,0.030303030303030304,32,32,AATATGGTCGCGGCCCTGGC,0,4476255
yahC_predicted,0.030303030303030304,32,32,AACGGAGTGAGGTACATGCA,0,4501496
yahC_predicted,0.030303030303030304,32,32,AACCTTCATCATGTGCAGCA,0,4488118
yahC_predicted,0.030303030303030304,32,32,AAATGAGGCTCGTCACCTAT,0,4486369
yahC_predicted,0.030303030303030304,32,32,AAATAGCGCAACAGTTTAGT,0,4504442
yahC_predicted,0.030303030303030304,32,32,AAAATCATTCCATGCTGCCG,0,4497251
yahC_predicted,0.03125,31,31,TTTTAATCGGATGGGGGCCG,0,4502784
yahC_predicted,0.03125,31,31,TTGTGCGCTCTCGGCAATGA,0,4493737
yahC_predicted,0.03125,31,31,TTGTGACGTTCAATTGTCTA,0,4484638
yahC_predicted,0.03125,31,31,TTGGTATCTATTCTGGGACA,0,4508168
yahC_predicted,0.03125,31,31,TGACAGGCAGCGTAGTACTG,0,4487486
yahC_predicted,0.03125,31,31,TCGGCTGGCAAGTGGCTAGA,0,4479445
yahC_predicted,0.03125,31,31,TCCTTAATGTCGGACCGCCG,0,4482751
yahC_predicted,0.03125,31,31,TAGGCGAACGCCCCGTGGGG,0,4488165
yahC_predicted,0.03125,31,31,TACTTGTGGGGGGTATTCTA,0,4502777
yahC_predicted,0.03125,31,31,GTTTAATGTACTACGGTCAT,0,4498298
yahC_predicted,0.03125,31,31,GTTGGTCTTCCCGGCGGACT,0,4496715
yahC_predicted,0.03125,31,31,GTTGCGTGGGTTAGGCGTAA,0,4496993
yahC_predicted,0.03125,31,31,GTGGCAGAGATACATATGTC,0,4493460
yahC_predicted,0.03125,31,31,GTCATAAATGTTGGGGAATA,0,4493945
yahC_predicted,0.03125,31,31,GGCGGGTCTTTTGGTATATA,0,4499094
yahC_predicted,0.03125,31,31,GGCACACAGAAGCCGCGGTG,0,4498425
yahC_predicted,0.03125,31,31,GGATTAGTTCCGAATTCCGA,0,4495595
yahC_predicted,0.03125,31,31,GCTTTGATTCGGAGACCTTT,0,4485923
yahC_predicted,0.03125,31,31,GCGGGAAGTTGTCCCTACGT,0,4501972
yahC_predicted,0.03125,31,31,GCCCAGGACATGCAGCGAAC,0,4511151
yahC_predicted,0.03125,31,31,GATCAGGGCTCGACGCACCG,0,4496883
yahC_predicted,0.03125,31,31,GATAGAGTTGTCGAGGGCAG,0,4476957
yahC_predicted,0.03125,31,31,GATAATTTTCCCGTAAGACG,0,4509436
yahC_predicted,0.03125,31,31,GAGTCCCAGGACGTTAGGCC,0,4501890
yahC_predicted,0.03125,31,31,GAGGAATCGGCCGTAGGATC,0,4505385
yahC_predicted,0.03125,31,31,GAGAACGGTTTACCAGCCTT,0,4495190
yahC_predicted,0.03125,31,31,GACGAAATAGGAGCAGGCGT,0,4488096
yahC_predicted,0.03125,31,31,GACCGCACATCGTATAAAAG,0,4479625
yahC_predicted,0.03125,31,31,GACAGTGGACCTTGTCTTGC,0,4472811
yahC_predicted,0.03125,31,31,CTTAAACTTAACGAATGGAA,0,4476430
yahC_predicted,0.03125,31,31,CTGGCTATACAAAGTACAAA,0,4475566
yahC_predicted,0.03125,31,31,CTGGCGGCAATCTTTCCCTG,0,4510290
yahC_predicted,0.03125,31,31,CTGCTCTCGTAGACATGCAT,0,4491250
yahC_predicted,0.03125,31,31,CTCGTTGTCTATCAGCTGGT,0,4485565
yahC_predicted,0.03125,31,31,CGTCGCTGCATCTTGCACTT,0,4496075
yahC_predicted,0.03125,31,31,CGCGCGCATAGGTTTTAATA,0,4479563
yahC_predicted,0.03125,31,31,CGAGCTCCGCAGGTGGACCA,0,4509701
yahC_predicted,0.03125,31,31,CGACTAGAAGAAGACTAATG,0,4498342
yahC_predicted,0.03125,31,31,CGAAGTCGTGATATCCTAGA,0,4496375
yahC_predicted,0.03125,31,31,CCGTAGGTAAGGCCTCACAT,0,4475306
yahC_predicted,0.03125,31,31,CCGGGTTCCAACCGGGAAAT,0,4476333
yahC_predicted,0.03125,31,31,CCCACTTGGGGACAGTCCAT,0,4491634
yahC_predicted,0.03125,31,31,CCATGCATTGGATAATGCCA,0,4483356
yahC_predicted,0.03125,31,31,CAGTAGCATCATACCAATAT,0,4508573
yahC_predicted,0.03125,31,31,CAGGATTCGGATTGGAACTG,0,4489762
yahC_predicted,0.03125,31,31,ATTCTAATTTAGCGTCAATT,0,4509111
yahC_predicted,0.03125,31,31,ATCACCTGTGTATTGCGGAG,0,4500829
yahC_predicted,0.03125,31,31,ATCAATCCAGCCCGCGGACT,0,4510883
yahC_predicted,0.03125,31,31,AGTTTCGCAACGAACCCCAT,0,4474267
yahC_predicted,0.03125,31,31,AGTGACTAGAGGCGTAAGAC,0,4477628
yahC_predicted,0.03125,31,31,AGCGTGACTGAGCAAGCATC,0,4504734
yahC_predicted,0.03125,31,31,ACGTGATAGATGGTGGGCAA,0,4499524
yahC_predicted,0.03125,31,31,ACCGACGAACGAGAGTAATC,0,4494264
yahC_predicted,0.03125,31,31,AAGCCTTCTAACTATTTGCT,0,4505942
yahC_predicted,0.03125,31,31,AAACGTTTGTGATACGTAGC,0,4503478
yahC_predicted,0.03225806451612903,30,30,TTTTGCAGGATAGATCTCAC,0,4482185
yahC_predicted,0.03225806451612903,30,30,TTGAATCCGTGTGATAGCTG,0,4478053
yahC_predicted,0.03225806451612903,30,30,TGTAAAAAAAGGGGCGGCAT,0,4493983
yahC_predicted,0.03225806451612903,30,30,TGGGTTGTCATAACAACGCA,0,4481288
yahC_predicted,0.03225806451612903,30,30,TGCGTATCAGCGGATACTAG,0,4474211
yahC_predicted,0.03225806451612903,30,30,TATGTCCATTCGAAGTTTCG,0,4485638
yahC_predicted,0.03225806451612903,30,30,TACGTTCTGTGCGCATGGCT,0,4492704
yahC_predicted,0.03225806451612903,30,30,TAATGACCGGCCCAGTGGGA,0,4482961
yahC_predicted,0.03225806451612903,30,30,GTTCCTAGCTCATAAGCCGA,0,4505383
yahC_predicted,0.03225806451612903,30,30,GTTAGTAACTGCGTGGGACG,0,4505868
yahC_predicted,0.03225806451612903,30,30,GTCTAAAGCGCCGTCATACG,0,4506183
yahC_predicted,0.03225806451612903,30,30,GTCCTTACTACACCGCTGGA,0,4474913
yahC_predicted,0.03225806451612903,30,30,GTCAGAGGGATGACTCAAGA,0,4481939
yahC_predicted,0.03225806451612903,30,30,GTACTGTCTAAGACGATCCC,0,4491842
yahC_predicted,0.03225806451612903,30,30,GGGGCTTGACTAGGCATAAC,0,4473155
yahC_predicted,0.03225806451612903,30,30,GGACTCGCTGCGTAGGCGCA,0,4503229
yahC_predicted,0.03225806451612903,30,30,GGAAGCATGCGTGCAGGGCA,0,4480921
yahC_predicted,0.03225806451612903,30,30,GCTTACTAAGCATGCAGGGA,0,4494950
yahC_predicted,0.03225806451612903,30,30,GCCACATTTTGAGTTTTGGA,0,4476785
yahC_predicted,0.03225806451612903,30,30,GCATGGTGATCCGTCACTTT,0,4476869
yahC_predicted,0.03225806451612903,30,30,GCAGACAAGGGGGCCATCCA,0,4507201
yahC_predicted,0.03225806451612903,30,30,GAGGGACGCCCTCCGTCGCT,0,4476734
yahC_predicted,0.03225806451612903,30,30,CTTTTGGCGCCTATCTCGGT,0,4480580
yahC_predicted,0.03225806451612903,30,30,CTTCATAGGGCGCCCAAATC,0,4493702
yahC_predicted,0.03225806451612903,30,30,CTGCGTGCGCCAGCGCAGTG,0,4475643
yahC_predicted,0.03225806451612903,30,30,CTGCGAAACCTGAAACCAAG,0,4488079
yahC_predicted,0.03225806451612903,30,30,CTCGTCCCTCTTGTTCAGAT,0,4497622
yahC_predicted,0.03225806451612903,30,30,CTATGAATGTGGCCCTCCAC,0,4480883
yahC_predicted,0.03225806451612903,30,30,CGGTGTTACGATTCTTATGG,0,4478691
yahC_predicted,0.03225806451612903,30,30,CGGTGAACGAACCGAGCACA,0,4480982
yahC_predicted,0.03225806451612903,30,30,CCTAGTATCCGAAGGACCGC,0,4479518
yahC_predicted,0.03225806451612903,30,30,CCGGGGTCTGCTTCACTGCG,0,4508233
yahC_predicted,0.03225806451612903,30,30,CCGAAATGCAGAAAAGGATC,0,4476752
yahC_predicted,0.03225806451612903,30,30,CCCGTGGCGTGAGGGGAATC,0,4486253
yahC_predicted,0.03225806451612903,30,30,CATATACATAACCAACGGTG,0,4491948
yahC_predicted,0.03225806451612903,30,30,CAATGGTAGGATCCGGGAAG,0,4475552
yahC_predicted,0.03225806451612903,30,30,ATGTTGGCCCCCGCTGTTTT,0,4483563
yahC_predicted,0.03225806451612903,30,30,ATCGCCAAGTCTCGTAAAAT,0,4502241
yahC_predicted,0.03225806451612903,30,30,ATCCTTATCAAGATAATGTT,0,4507501
yahC_predicted,0.03225806451612903,30,30,ATCACGCCTATGGCGTGAAT,0,4497982
yahC_predicted,0.03225806451612903,30,30,ATAAGATTATGCCCGACCAG,0,4494817
yahC_predicted,0.03225806451612903,30,30,AGTTTCGTCCCTATGCCTAC,0,4480047
yahC_predicted,0.03225806451612903,30,30,AGGAACAATCGGCCTCACTT,0,4482518
yahC_predicted,0.03225806451612903,30,30,ACTCGAAAAGTTACCGGTAC,0,4478313
yahC_predicted,0.03225806451612903,30,30,ACGCATAACGATTAGACCCT,0,4503105
yahC_predicted,0.03225806451612903,30,30,ACCAGGGGTCGCCTGCGCTC,0,4490508
yahC_predicted,0.03225806451612903,30,30,ACAGTATCTAATTGTACAAT,0,4504317
yahC_predicted,0.03225806451612903,30,30,AATTGGGGGAGGATTCTTAT,0,4496666
yahC_predicted,0.03225806451612903,30,30,AATCAAGTTGAAATAGGTAA,0,4486107
yahC_predicted,0.03225806451612903,30,30,AAGAGAGGACATTCTAAATC,0,4509459
yahC_predicted,0.03225806451612903,30,30,AACTTTAGGTGAACAAGGCA,0,4477830
yahC_predicted,0.03225806451612903,30,30,AAATTGGTCCTTAGGGAAAC,0,4493405
yahC_predicted,0.03225806451612903,30,30,AAACATTATGCCGGAAATAA,0,4487610
yahC_predicted,0.03333333333333333,29,29,TTTGCTAAGAAACAGACACT,0,4487055
yahC_predicted,0.03333333333333333,29,29,TTGAGTCTTCATGCCAGATA,0,4503923
yahC_predicted,0.03333333333333333,29,29,TTCAAAGATTCAGTTCATTC,0,4486479
yahC_predicted,0.03333333333333333,29,29,TGGTCAAATGATTGGACGCA,0,4490228
yahC_predicted,0.03333333333333333,29,29,TGCAATTAGGTCCGACGGTG,0,4478922
yahC_predicted,0.03333333333333333,29,29,TCTACCCGAGCGACGGAGAG,0,4506949
yahC_predicted,0.03333333333333333,29,29,TCCGTTATTGTAAACAAGTA,0,4479655
yahC_predicted,0.03333333333333333,29,29,TCCGCTATGGCTGTCTTGAT,0,4479855
yahC_predicted,0.03333333333333333,29,29,TCAGCGGAGTGAAGTGAGCG,0,4484030
yahC_predicted,0.03333333333333333,29,29,TATTCGCGTTAGATCTTCCT,0,4497865
yahC_predicted,0.03333333333333333,29,29,TACCTTGTTAGTTGGCACAA,0,4501064
yahC_predicted,0.03333333333333333,29,29,TAATGACGCACGCTCCATCA,0,4499869
yahC_predicted,0.03333333333333333,29,29,GTGTGTGTCGTTCACCAGTA,0,4483397
yahC_predicted,0.03333333333333333,29,29,GTGGTTTGGGAAGAATAGGT,0,4496130
yahC_predicted,0.03333333333333333,29,29,GTGGTTATAGCAGGCGGTAT,0,4504802
yahC_predicted,0.03333333333333333,29,29,GTCCGGATCGCTCCGTAGCG,0,4510133
yahC_predicted,0.03333333333333333,29,29,GTCCAGCTGGCTCCCCTGAT,0,4482711
yahC_predicted,0.03333333333333333,29,29,GGTTCTCTTGAAAGTTTACG,0,4479671
yahC_predicted,0.03333333333333333,29,29,GGTTAGGGTGCTCGGCCCGC,0,4485543
yahC_predicted,0.03333333333333333,29,29,GGCTGCTCGGGAAGTTCATT,0,4482237
yahC_predicted,0.03333333333333333,29,29,GGCGATACATGATAGTGTTG,0,4494455
yahC_predicted,0.03333333333333333,29,29,GGATGTCGAGGCATAAGCGT,0,4485794
yahC_predicted,0.03333333333333333,29,29,GCTGGGAGCGCAGATCATAG,0,4487629
yahC_predicted,0.03333333333333333,29,29,GCACGTCTGACCTCCGATTT,0,4495563
yahC_predicted,0.03333333333333333,29,29,GAGCACTACAGATGCAAAAT,0,4506862
yahC_predicted,0.03333333333333333,29,29,CTTGCGACGTATAGAGCGTC,0,4483977
yahC_predicted,0.03333333333333333,29,29,CTCAGCGCGTAATCTGCTCG,0,4502573
yahC_predicted,0.03333333333333333,29,29,CTCACGTACCCGCACCGGAT,0,4506581
yahC_predicted,0.03333333333333333,29,29,CTAGATGCCACCTGAGCAAG,0,4478283
yahC_predicted,0.03333333333333333,29,29,CGTAGTCCCCACTGTATCAA,0,4475995
yahC_predicted,0.03333333333333333,29,29,CGTAAGCCTCGTAGTCTAAG,0,4475550
yahC_predicted,0.03333333333333333,29,29,CGGTTCCTCTATATTGCTCT,0,4479971
yahC_predicted,0.03333333333333333,29,29,CGGCGCCGAAGGCATCAACA,0,4485070
yahC_predicted,0.03333333333333333,29,29,CGCAACCAGCCCCACCGTGA,0,4498487
yahC_predicted,0.03333333333333333,29,29,CCGTTTGTCTTTCTATTGTT,0,4483781
yahC_predicted,0.03333333333333333,29,29,CCCTAAGACACTGATGGTAA,0,4483129
yahC_predicted,0.03333333333333333,29,29,CCAGAATAGCTCACGTCCGA,0,4486004
yahC_predicted,0.03333333333333333,29,29,CAGTACTAAAGTAATGCCGC,0,4488266
yahC_predicted,0.03333333333333333,29,29,CAGGCATCCTTCTGGATCGT,0,4485195
yahC_predicted,0.03333333333333333,29,29,CAGATCCGCATAGTCTGCCA,0,4506774
yahC_predicted,0.03333333333333333,29,29,CACGGGAGAAGTTTTACCGG,0,4495398
yahC_predicted,0.03333333333333333,29,29,ATCTTATCCGCACAACTGTA,0,4504981
yahC_predicted,0.03333333333333333,29,29,AGTTCTAACGATAATAATAA,0,4503120
yahC_predicted,0.03333333333333333,29,29,AGTAGCGTTTCGAGTACCAT,0,4472807
yahC_predicted,0.03333333333333333,29,29,AGGATTTGATGGAATACCCT,0,4499312
yahC_predicted,0.03333333333333333,29,29,AGCTGTGAGTACCGTGTACA,0,4484839
yahC_predicted,0.03333333333333333,29,29,AGCAGCTAGATGGGGTCACT,0,4480555
yahC_predicted,0.03333333333333333,29,29,AGAGTCCTCTTAGTAAGCAA,0,4493926
yahC_predicted,0.03333333333333333,29,29,AGAAGGCGACGGAACGTAAT,0,4486883
yahC_predicted,0.03333333333333333,29,29,ACGTCGGAACAGGGTTCGTG,0,4496469
yahC_predicted,0.03333333333333333,29,29,ACGCAATACGACGCCATCTG,0,4479600
yahC_predicted,0.03333333333333333,29,29,ACAACCGGCGTTACATCAGA,0,4476987
yahC_predicted,0.03333333333333333,29,29,AATGTCACTGCTAGTTCGCT,0,4476250
yahC_predicted,0.03333333333333333,29,29,AAATAGAGGGAATGCTGGGG,0,4489002
yahC_predicted,0.03333333333333333,29,29,AAAGAAGGGTTCTGCTTATT,0,4492948
yahC_predicted,0.03333333333333333,29,29,AAACCATAGGATGATGACTG,0,4488897
yahC_predicted,0.034482758620689655,28,28,TTTTCGGGCCGGACACCCCA,0,4509748
yahC_predicted,0.034482758620689655,28,28,TTTGTGCGGCGTTGCGACAT,0,4478707
yahC_predicted,0.034482758620689655,28,28,TTATTTCGAGCTGATGTTTG,0,4474020
yahC_predicted,0.034482758620689655,28,28,TGGCGTGGCTTCTGAAAGTG,0,4504851
yahC_predicted,0.034482758620689655,28,28,TGGCAAAATGACCTGGGCAC,0,4472538
yahC_predicted,0.034482758620689655,28,28,TGCGGCACTAGGCGGAACAG,0,4498112
yahC_predicted,0.034482758620689655,28,28,TGATACCTGGGATCCCTTGG,0,4508388
yahC_predicted,0.034482758620689655,28,28,TCTTCTACTTGGGCTTGGTA,0,4505990
yahC_predicted,0.034482758620689655,28,28,TCGGGTATTGACTGTAGGGG,0,4477419
yahC_predicted,0.034482758620689655,28,28,TCGACAGGATAGTTTTAGTT,0,4503378
yahC_predicted,0.034482758620689655,28,28,TCGAAGTATCCGAACTTTAT,0,4484935
yahC_predicted,0.034482758620689655,28,28,TCAATCGAGTCCTTATGTAT,0,4485599
yahC_predicted,0.034482758620689655,28,28,TATGCGATCATTACGAAGAT,0,4473066
yahC_predicted,0.034482758620689655,28,28,TATGCCCACATTCATCCCAC,0,4493401
yahC_predicted,0.034482758620689655,28,28,TACTGACGGTGACCGCTATT,0,4485847
yahC_predicted,0.034482758620689655,28,28,TAATGACCGCTGTAATTTCT,0,4482369
yahC_predicted,0.034482758620689655,28,28,GTTCCTGTGGTTCCCCTGGG,0,4493151
yahC_predicted,0.034482758620689655,28,28,GTGCAGGCTAAAGGAAAAGT,0,4480716
yahC_predicted,0.034482758620689655,28,28,GTCTGGTTTATTTCAGGAGC,0,4493351
yahC_predicted,0.034482758620689655,28,28,GTAGGCAATAATCCGGCAAT,0,4484641
yahC_predicted,0.034482758620689655,28,28,GTAGGATGTCGGTCCGACAG,0,4498685
yahC_predicted,0.034482758620689655,28,28,GGGCGTGACTCCTCAGCATC,0,4488939
yahC_predicted,0.034482758620689655,28,28,GGCCCACGACCGTGTGTCTA,0,4473799
yahC_predicted,0.034482758620689655,28,28,GGATGTGGGGGCATGTAGAC,0,4485393
yahC_predicted,0.034482758620689655,28,28,GGACAACTGTACCTATTATG,0,4506748
yahC_predicted,0.034482758620689655,28,28,GCTGTCTATACTGAGTGATT,0,4486155
yahC_predicted,0.034482758620689655,28,28,GCGTCTTTCCTGATCGTCCA,0,4509907
yahC_predicted,0.034482758620689655,28,28,GCGTAGTGCCCGGTGGCTCT,0,4484672
yahC_predicted,0.034482758620689655,28,28,GCGCATTGGCTCTCTTACAA,0,4503741
yahC_predicted,0.034482758620689655,28,28,GCGAGGAGCTACAAAAAGGA,0,4479501
yahC_predicted,0.034482758620689655,28,28,GCCTCGGAAATGGTAGAGTT,0,4490432
yahC_predicted,0.034482758620689655,28,28,GCCGTGCCACCATGGGGTAG,0,4490353
yahC_predicted,0.034482758620689655,28,28,GCCAGGTACCGATTACTGGG,0,4479172
yahC_predicted,0.034482758620689655,28,28,GCACGCTTGCTTGACGAAGA,0,4481838
yahC_predicted,0.034482758620689655,28,28,GATGCGTGACCGAAGCTTGC,0,4472524
yahC_predicted,0.034482758620689655,28,28,GAGATGAGCGGCCTTACAGC,0,4499714
yahC_predicted,0.034482758620689655,28,28,GACTGACCTCGGATTAAGGG,0,4475075
yahC_predicted,0.034482758620689655,28,28,GAACAATGAGTTCTTTCATA,0,4475021
yahC_predicted,0.034482758620689655,28,28,CTTGGTTGTCCGACCCGGTA,0,4503673
yahC_predicted,0.034482758620689655,28,28,CTGTGGAGAGCGACCGCCAT,0,4493344
yahC_predicted,0.034482758620689655,28,28,CTATGCCACCTAAATTGCCA,0,4474923
yahC_predicted,0.034482758620689655,28,28,CGCATGGAGATCTCCTCGAT,0,4507543
yahC_predicted,0.034482758620689655,28,28,CGCACCGTGGGTGTGGCAAC,0,4479446
yahC_predicted,0.034482758620689655,28,28,CGAGCCTGCTCAGGGTCTGT,0,4508360
yahC_predicted,0.034482758620689655,28,28,CGACTATACGACAGGAGGTA,0,4483978
yahC_predicted,0.034482758620689655,28,28,CGACATTCAGCTTTCTCACG,0,4501291
yahC_predicted,0.034482758620689655,28,28,CGAATGCCCAGGCGTCGTAA,0,4476712
yahC_predicted,0.034482758620689655,28,28,CCGGAACTTGTACTCCGTTT,0,4501421
yahC_predicted,0.034482758620689655,28,28,CCGCCTGAACTTCGCAAGAT,0,4489354
yahC_predicted,0.034482758620689655,28,28,CATTGTTCTTCGGTACACCA,0,4479109
yahC_predicted,0.034482758620689655,28,28,CACGTGGTATAGATCAATGT,0,4476866
yahC_predicted,0.034482758620689655,28,28,CAATCTCATTTAGTGCCCAC,0,4493882
yahC_predicted,0.034482758620689655,28,28,ATTTGAACTAAACGAGTAGG,0,4488535
yahC_predicted,0.034482758620689655,28,28,ATTCGTAGCGGCTTGTGCAT,0,4478077
yahC_predicted,0.034482758620689655,28,28,ATGTAAATACAGGTCCCTGA,0,4472993
yahC_predicted,0.034482758620689655,28,28,ATCCCTACCGGCTGGGACAT,0,4486915
yahC_predicted,0.034482758620689655,28,28,AGTTATGCGGCGTTCTGTGA,0,4511298
yahC_predicted,0.034482758620689655,28,28,AGGGGCCTTAGTTCCTTGTT,0,4488160
yahC_predicted,0.034482758620689655,28,28,AGGGAATCATTTCGTCAGTG,0,4473809
yahC_predicted,0.034482758620689655,28,28,AGGCATGGCTGGAAAGTGTG,0,4479261
yahC_predicted,0.034482758620689655,28,28,ACTCCCTGGGACCGGGAAGG,0,4486076
yahC_predicted,0.034482758620689655,28,28,ACGAGATATGGAGTTACGCA,0,4501575
yahC_predicted,0.034482758620689655,28,28,ACGAAGCTCGCGGCAATGGA,0,4497391
yahC_predicted,0.034482758620689655,28,28,ACAGGGCTGCTCTAGGCGAA,0,4479378
yahC_predicted,0.034482758620689655,28,28,AATAGCGACTGTGAGTCGGG,0,4507597
yahC_predicted,0.034482758620689655,28,28,AATAGAGCCATGAGTACGTT,0,4487872
yahC_predicted,0.034482758620689655,28,28,AACTTTTAAATACGGACATC,0,4495756
yahC_predicted,0.034482758620689655,28,28,AACGGGCTTAGGAAATTGAC,0,4474814
yahC_predicted,0.034482758620689655,28,28,AACCTGCTCGCGGTTACAGA,0,4482937
yahC_predicted,0.034482758620689655,28,28,AACCCAATTTCTGTTGCCTT,0,4484603
yahC_predicted,0.034482758620689655,28,28,AAAAAATGCAGTCGGGAATG,0,4482886
yahC_predicted,0.034482758620689655,28,28,AAAAAAACAAAGGGTCTCCT,0,4474688
yahC_predicted,0.03571428571428571,27,27,TTTACTTTGTCTTAACAAAG,0,4503022
yahC_predicted,0.03571428571428571,27,27,TTTACACTTGTACAAATGAT,0,4489402
yahC_predicted,0.03571428571428571,27,27,TTGTCGGCGTGCACCCGATT,0,4483444
yahC_predicted,0.03571428571428571,27,27,TTGACTCTGGCATACGGCAG,0,4489805
yahC_predicted,0.03571428571428571,27,27,TTAGTGTTACGTGCGTCAGG,0,4492910
yahC_predicted,0.03571428571428571,27,27,TTACGACCTACTCGGCTCAG,0,4486129
yahC_predicted,0.03571428571428571,27,27,TGTGACCTTAAGGTACCTGA,0,4473311
yahC_predicted,0.03571428571428571,27,27,TGGGTTAGCTATATTTGTCT,0,4505884
yahC_predicted,0.03571428571428571,27,27,TCTTTCATGCAAAAGTTAGC,0,4482782
yahC_predicted,0.03571428571428571,27,27,TCACTCGGGGGTAATACTCG,0,4501276
yahC_predicted,0.03571428571428571,27,27,GTTTTACGACTTCCAGGCTA,0,4501465
yahC_predicted,0.03571428571428571,27,27,GTTGATGCGTCACTCCTCGC,0,4477271
yahC_predicted,0.03571428571428571,27,27,GTGCTGCCAACAACAGGCTT,0,4481906
yahC_predicted,0.03571428571428571,27,27,GTCGATAGGCAAATTGAAGC,0,4505957
yahC_predicted,0.03571428571428571,27,27,GTACTACTCTACCCGTGCGA,0,4481008
yahC_predicted,0.03571428571428571,27,27,GTAAGGTGGCTTGTGTTCCC,0,4503299
yahC_predicted,0.03571428571428571,27,27,GGGACTAAACTATACTCAAG,0,4489244
yahC_predicted,0.03571428571428571,27,27,GGATGCGGCTGTCGAGTGTA,0,4505079
yahC_predicted,0.03571428571428571,27,27,GCTTTTATGAGGGTTACTGC,0,4473053
yahC_predicted,0.03571428571428571,27,27,GCTTAATTTAGGTAACGGGT,0,4480289
yahC_predicted,0.03571428571428571,27,27,GCTCCGTCGGTCGGCGCCAG,0,4502561
yahC_predicted,0.03571428571428571,27,27,GATTTGAACGTCCTCGTCAA,0,4498043
yahC_predicted,0.03571428571428571,27,27,GATCGGGGTCTTCCAGGCCT,0,4486919
yahC_predicted,0.03571428571428571,27,27,GATCGGCGCATAACAGGTAT,0,4506478
yahC_predicted,0.03571428571428571,27,27,GACGCTGGCGCAGATCAGAT,0,4500828
yahC_predicted,0.03571428571428571,27,27,GACCCCCTCTGGGAAGCTTA,0,4476445
yahC_predicted,0.03571428571428571,27,27,CTTGGTTGTTCTAGTTACAC,0,4490712
yahC_predicted,0.03571428571428571,27,27,CTGGCCTCGTCTATTCTCAG,0,4511001
yahC_predicted,0.03571428571428571,27,27,CTGCCGTAAGGCCAAGGAAC,0,4481601
yahC_predicted,0.03571428571428571,27,27,CTGAAGCCCGCATCACACTC,0,4486285
yahC_predicted,0.03571428571428571,27,27,CTCCACGAAACAGTCACCCC,0,4508314
yahC_predicted,0.03571428571428571,27,27,CTACGCCTCATTCTGGTAGC,0,4473248
yahC_predicted,0.03571428571428571,27,27,CGTATCGGATCTCCCGTTAT,0,4485464
yahC_predicted,0.03571428571428571,27,27,CGGTCCAAGTCGATAGCCAA,0,4500996
yahC_predicted,0.03571428571428571,27,27,CGGTACGCAGCTAAATCCAC,0,4484554
yahC_predicted,0.03571428571428571,27,27,CGGCAGACCCAAATTTCGTT,0,4499022
yahC_predicted,0.03571428571428571,27,27,CGGACGCCGATGTGAACCCA,0,4486884
yahC_predicted,0.03571428571428571,27,27,CGCCACCGCCAGTTAGTAGC,0,4507394
yahC_predicted,0.03571428571428571,27,27,CGATTTCGCTATATGGCGGC,0,4483694
yahC_predicted,0.03571428571428571,27,27,CGATTAAATCCGCCCTTTAA,0,4483275
yahC_predicted,0.03571428571428571,27,27,CGATCTCATCCACCCGGTTG,0,4490917
yahC_predicted,0.03571428571428571,27,27,CGAAAAATAAGTAAATATTC,0,4484035
yahC_predicted,0.03571428571428571,27,27,CCTCATCGCACCAAAAACTG,0,4473703
yahC_predicted,0.03571428571428571,27,27,CCGCCGAAACTGAAAATGGA,0,4480262
yahC_predicted,0.03571428571428571,27,27,CCGAATTGAATAGGGACTAC,0,4486918
yahC_predicted,0.03571428571428571,27,27,CCCTGTGCGGCTTGGCGTAT,0,4499098
yahC_predicted,0.03571428571428571,27,27,CATTAGGGATTTAAGTCGCC,0,4479116
yahC_predicted,0.03571428571428571,27,27,CAGAAATGCAAGAAGTCGTA,0,4482896
yahC_predicted,0.03571428571428571,27,27,CACCAGTATCCCCAGAAGAG,0,4491322
yahC_predicted,0.03571428571428571,27,27,ATGCTCGGCACCAGCTAATA,0,4478198
yahC_predicted,0.03571428571428571,27,27,ATCTGACCCAGCATAGTCCT,0,4502222
yahC_predicted,0.03571428571428571,27,27,ATCGGTTAGCGTGTGTAAGA,0,4491886
yahC_predicted,0.03571428571428571,27,27,ATCCTTACGGGGATGGGATA,0,4505384
yahC_predicted,0.03571428571428571,27,27,ATAGCTGGACACCGAAGCTC,0,4501766
yahC_predicted,0.03571428571428571,27,27,AGGTCAATTAAGCCCCAAAT,0,4483022
yahC_predicted,0.03571428571428571,27,27,AGGGTTGGGTGCTTAATAAA,0,4506531
yahC_predicted,0.03571428571428571,27,27,AGGGCTCGAATAGGGGGAGG,0,4493484
yahC_predicted,0.03571428571428571,27,27,ACGCTCCTTCACGAAACATA,0,4496131
yahC_predicted,0.03571428571428571,27,27,ACGATGGGTACCTCCTTACA,0,4478838
yahC_predicted,0.03571428571428571,27,27,ACAAGAACTCGGAGCCCAAA,0,4482753
yahC_predicted,0.03571428571428571,27,27,AATGACTCTGCAGCGCGTGG,0,4506590
yahC_predicted,0.03571428571428571,27,27,AATATGGATAGCCTGAGAAT,0,4509185
yahC_predicted,0.03571428571428571,27,27,AAGTCTCGCCTTACGCTGAG,0,4484707
yahC_predicted,0.03571428571428571,27,27,AAGCTAATTCTCTCAAATGT,0,4474710
yahC_predicted,0.03571428571428571,27,27,AACTAACGGAGCCTCTCTGT,0,4489806
yahC_predicted,0.03571428571428571,27,27,AACCTTTGTTGTCACCACGG,0,4484447
yahC_predicted,0.03571428571428571,27,27,AAATCAATTTCTAAATTTGG,0,4480008
yahC_predicted,0.03571428571428571,27,27,AAATATTGCTATATGATTCT,0,4482487
yahC_predicted,0.03571428571428571,27,27,AAAATGATTAACCCGGCAAT,0,4487525
yahC_predicted,0.037037037037037035,26,26,TTCTAGGACGCATCTTTATG,0,4499832
yahC_predicted,0.037037037037037035,26,26,TTAAAGGATAGGGCCTTCAC,0,4486178
yahC_predicted,0.037037037037037035,26,26,TGCGGGAAGCCGTCTTTCAC,0,4475162
yahC_predicted,0.037037037037037035,26,26,TCTTTTAGATTCACGGTTCT,0,4486132
yahC_predicted,0.037037037037037035,26,26,TCTGAGACATGTAGCTCAAG,0,4475858
yahC_predicted,0.037037037037037035,26,26,TCGAAAGATATGCGAGAGAA,0,4496022
yahC_predicted,0.037037037037037035,26,26,TATGCAAGATGTATCGGTCC,0,4485298
yahC_predicted,0.037037037037037035,26,26,TATAGTCCATGCATCGCTGC,0,4509709
yahC_predicted,0.037037037037037035,26,26,TAGCTGTAGGAGCTCTAGTT,0,4480012
yahC_predicted,0.037037037037037035,26,26,TAGACATACCAGTATGTGCA,0,4487058
yahC_predicted,0.037037037037037035,26,26,TAAGCTACAAGCGGCTCTAA,0,4482029
yahC_predicted,0.037037037037037035,26,26,GTTGGGTAGGATATTCATGA,0,4480585
yahC_predicted,0.037037037037037035,26,26,GTGGCAAATGATCCTAGGCC,0,4499314
yahC_predicted,0.037037037037037035,26,26,GTCATAGGGGGGGAGGATCA,0,4482269
yahC_predicted,0.037037037037037035,26,26,GGTTTTTGAAGAACTATCAA,0,4481555
yahC_predicted,0.037037037037037035,26,26,GGTCCCATTTTCCGTGTAAC,0,4506312
yahC_predicted,0.037037037037037035,26,26,GGGGATAATCGCGGGTGGTA,0,4493858
yahC_predicted,0.037037037037037035,26,26,GGCTTGATTTAGAAAGCCAG,0,4496132
yahC_predicted,0.037037037037037035,26,26,GGCTAACGCCAGGAAGGTTT,0,4499965
yahC_predicted,0.037037037037037035,26,26,GCTTGTCCTGACCTTACTAC,0,4501857
yahC_predicted,0.037037037037037035,26,26,GCTGGTGGAAGGCTAACTGG,0,4482175
yahC_predicted,0.037037037037037035,26,26,GCTGATTGACAGGTATAGTA,0,4483566
yahC_predicted,0.037037037037037035,26,26,GCCCGATCGGGCCATGGCCC,0,4480226
yahC_predicted,0.037037037037037035,26,26,GATGGACGGCTGTATTACGT,0,4484263
yahC_predicted,0.037037037037037035,26,26,GAGACTGTGAAAAGAAATGA,0,4497028
yahC_predicted,0.037037037037037035,26,26,GAGACCAATTTGTGTGACCA,0,4509248
yahC_predicted,0.037037037037037035,26,26,GAAGACCAAGTTGCCAAGTT,0,4502762
yahC_predicted,0.037037037037037035,26,26,CTGGCACGGCAAGAGGTGAC,0,4491752
yahC_predicted,0.037037037037037035,26,26,CTCTCGGATCTAGCAGACAA,0,4473352
yahC_predicted,0.037037037037037035,26,26,CTCAATTTGAGGTGGGGTGT,0,4483687
yahC_predicted,0.037037037037037035,26,26,CTAGTCCCCTGATGGCAATT,0,4508275
yahC_predicted,0.037037037037037035,26,26,CGTTCTTGGTAGAAGAGGTT,0,4502642
yahC_predicted,0.037037037037037035,26,26,CGGTCCTAAGGTCAGACTGT,0,4495548
yahC_predicted,0.037037037037037035,26,26,CGGTACGAGCGCGGCGTTCG,0,4510214
yahC_predicted,0.037037037037037035,26,26,CGGCCCCCGACGAGCCGGAC,0,4502964
yahC_predicted,0.037037037037037035,26,26,CGGCACGAACAGTGGTATCT,0,4475565
yahC_predicted,0.037037037037037035,26,26,CGGCAACACAGCACGCAAAT,0,4481561
yahC_predicted,0.037037037037037035,26,26,CGCGAATGATGAAGAGATCA,0,4509708
yahC_predicted,0.037037037037037035,26,26,CGCAGAGATTACGCCGGCGT,0,4493214
yahC_predicted,0.037037037037037035,26,26,CCGGCCCGGGATGGGTACGG,0,4491764
yahC_predicted,0.037037037037037035,26,26,CCGCACTGGCATCGTACCCC,0,4501953
yahC_predicted,0.037037037037037035,26,26,CCGATGTGGGTAACGTTTGG,0,4490029
yahC_predicted,0.037037037037037035,26,26,CCCTCGGCTATAGGTGACCG,0,4494154
yahC_predicted,0.037037037037037035,26,26,CCAGCTGGGTGAAAATCCAA,0,4475767
yahC_predicted,0.037037037037037035,26,26,CAGTGGTACGAATGTGCGGA,0,4475572
yahC_predicted,0.037037037037037035,26,26,CAGGGGCTGGTTATAAGTTG,0,4476001
yahC_predicted,0.037037037037037035,26,26,CAACAACCATAGCGCTGACA,0,4477459
yahC_predicted,0.037037037037037035,26,26,ATGAGCGTGATTTACATTTT,0,4503303
yahC_predicted,0.037037037037037035,26,26,ATCTTCAAACGGCTGTTCCT,0,4475877
yahC_predicted,0.037037037037037035,26,26,ATCCCGATCTTCACACGCAG,0,4503133
yahC_predicted,0.037037037037037035,26,26,ATCCCACGGTCATTATCTAA,0,4494283
yahC_predicted,0.037037037037037035,26,26,ATATTAGCTCTAGGAAGTAG,0,4485192
yahC_predicted,0.037037037037037035,26,26,ATATGCGGCGTAATTCCGGA,0,4507373
yahC_predicted,0.037037037037037035,26,26,ATATGCGACCCTAGTCAAGG,0,4507999
yahC_predicted,0.037037037037037035,26,26,ATATCCCTTGGTGCGTGCTT,0,4490795
yahC_predicted,0.037037037037037035,26,26,AGTACCGCATCTTCTAAAGA,0,4484639
yahC_predicted,0.037037037037037035,26,26,AGCTGCGAGTTTTCTAGATA,0,4477015
yahC_predicted,0.037037037037037035,26,26,AGCCCGGACTTAGTCCAAAC,0,4497807
yahC_predicted,0.037037037037037035,26,26,AGAGCAGACCCGTGAGCGCG,0,4473572
yahC_predicted,0.037037037037037035,26,26,AGACGAGCGCCTAGACGGCA,0,4478363
yahC_predicted,0.037037037037037035,26,26,ACTTTCGCTTCTCTGACAAT,0,4488984
yahC_predicted,0.037037037037037035,26,26,ACTAAACGCAGAGACGTGGT,0,4481492
yahC_predicted,0.037037037037037035,26,26,ACGCCGGACAGCCAAGCATT,0,4488310
yahC_predicted,0.037037037037037035,26,26,ACCCCACGTGCCAGCAACAT,0,4495587
yahC_predicted,0.037037037037037035,26,26,ACATCATAGGCAATAACATT,0,4484113
yahC_predicted,0.037037037037037035,26,26,ACAGAGCAACTAGAGCCCCG,0,4490999
yahC_predicted,0.037037037037037035,26,26,AACCGTAGACTAAAAGTTTT,0,4493221
yahC_predicted,0.037037037037037035,26,26,AAAGCTAGACCGAGCGCATA,0,4496463
yahC_predicted,0.038461538461538464,25,25,TTTGTATCAAAGGAATATGC,0,4502494
yahC_predicted,0.038461538461538464,25,25,TTCTATGGGAATTTAATTTG,0,4499427
yahC_predicted,0.038461538461538464,25,25,TGTTCCTGCCCTAATCTGGC,0,4490433
yahC_predicted,0.038461538461538464,25,25,TGTATCCACTCGATAGGCAA,0,4489235
yahC_predicted,0.038461538461538464,25,25,TGGAAACGACGAATACGGCA,0,4487586
yahC_predicted,0.038461538461538464,25,25,TGCGTGCCAGTACACGCATT,0,4476446
yahC_predicted,0.038461538461538464,25,25,TGCAGCTAAGGATAGTGTAA,0,4486214
yahC_predicted,0.038461538461538464,25,25,TGAGGGCCTTTTGCGGCGCC,0,4509823
yahC_predicted,0.038461538461538464,25,25,TCGTTCTGTGGGTGGAAGTC,0,4493906
yahC_predicted,0.038461538461538464,25,25,TCGTCAAATTCTGCGATTCC,0,4490302
yahC_predicted,0.038461538461538464,25,25,TCGAGGATAGGGGCAATAGA,0,4489164
yahC_predicted,0.038461538461538464,25,25,TCCAGACGATGCCTCGAAAG,0,4492976
yahC_predicted,0.038461538461538464,25,25,TCATGGGGTGCAAAATTCCT,0,4490282
yahC_predicted,0.038461538461538464,25,25,TCATGCCGCGGCTTCGGTGC,0,4506613
yahC_predicted,0.038461538461538464,25,25,TCAATGTGACTGGAACGTTG,0,4495273
yahC_predicted,0.038461538461538464,25,25,TCAAGTAAACATGCGCTATA,0,4500685
yahC_predicted,0.038461538461538464,25,25,TCAAATTTCCTTTGCGTTTA,0,4487694
yahC_predicted,0.038461538461538464,25,25,TATGCAGTCCTTCTTAGTTC,0,4503535
yahC_predicted,0.038461538461538464,25,25,TATCTAGCGACCCGCCTTCA,0,4489919
yahC_predicted,0.038461538461538464,25,25,TAGGAACTCACTCCGACCGA,0,4500772
yahC_predicted,0.038461538461538464,25,25,TACGCCAAGGCAACCGCGGT,0,4480813
yahC_predicted,0.038461538461538464,25,25,TAATTCTCGTTGTGAGGCCT,0,4483242
yahC_predicted,0.038461538461538464,25,25,TAAGGGCATCTGCATTGCAG,0,4499355
yahC_predicted,0.038461538461538464,25,25,TAAACGCGTAAAACTTAATG,0,4483134
yahC_predicted,0.038461538461538464,25,25,GTTCTAGTCTGGAATTCGAT,0,4497022
yahC_predicted,0.038461538461538464,25,25,GTTATCAATGTACGATAGTA,0,4484114
yahC_predicted,0.038461538461538464,25,25,GTTACTCCGCACGCCATCAC,0,4504921
yahC_predicted,0.038461538461538464,25,25,GTCCTATCACTTGTAGTGAT,0,4493226
yahC_predicted,0.038461538461538464,25,25,GTCCACTGCGTCATAAGGTT,0,4481989
yahC_predicted,0.038461538461538464,25,25,GTCCACTGACTTTGTTAGAA,0,4481174
yahC_predicted,0.038461538461538464,25,25,GTCATGCCTGGAGAATGAAA,0,4477630
yahC_predicted,0.038461538461538464,25,25,GTATTACCGGGGGCACAGTG,0,4506093
yahC_predicted,0.038461538461538464,25,25,GTAGCGAGGGAGGAGAGGCC,0,4481214
yahC_predicted,0.038461538461538464,25,25,GGTGCGCACCCACCCCACAT,0,4476382
yahC_predicted,0.038461538461538464,25,25,GGATAAACTGGATGTCACAC,0,4477749
yahC_predicted,0.038461538461538464,25,25,GGACAACGTGCCCGTCGCGT,0,4476637
yahC_predicted,0.038461538461538464,25,25,GCATTGATCATTGGCAATCT,0,4499501
yahC_predicted,0.038461538461538464,25,25,GCATGGGTGTGTTGGCGCGA,0,4496695
yahC_predicted,0.038461538461538464,25,25,GCACTCTTAAAGTGAACTAT,0,4486725
yahC_predicted,0.038461538461538464,25,25,GCACCGCTTAGGCTACGTGA,0,4499561
yahC_predicted,0.038461538461538464,25,25,GCACCAATCGTCCTTAGTGT,0,4494413
yahC_predicted,0.038461538461538464,25,25,GATGCAAAGGGCTGGTCCCC,0,4473796
yahC_predicted,0.038461538461538464,25,25,GATCTGGTTGCGCGCATGAT,0,4487927
yahC_predicted,0.038461538461538464,25,25,GAGGCGAGGCCGTAGCTGAA,0,4481076
yahC_predicted,0.038461538461538464,25,25,GACTATAACGTGCACAGTCC,0,4473661
yahC_predicted,0.038461538461538464,25,25,GACACCGATAGACGGCAGAC,0,4476792
yahC_predicted,0.038461538461538464,25,25,GAAGCCTGCGGCCCCAAGGT,0,4487473
yahC_predicted,0.038461538461538464,25,25,CTTGCATACAGTGCGTTGGA,0,4489315
yahC_predicted,0.038461538461538464,25,25,CTGTGGGAGAACGTGAATCA,0,4490826
yahC_predicted,0.038461538461538464,25,25,CTGGCACGATATTTAGTCAT,0,4489003
yahC_predicted,0.038461538461538464,25,25,CTCCGCTGCAGTTGTACGAG,0,4487437
yahC_predicted,0.038461538461538464,25,25,CTCATTATAGCTCGTTGCGG,0,4483031
yahC_predicted,0.038461538461538464,25,25,CTCACTCCGAGTTGAATGCC,0,4510029
yahC_predicted,0.038461538461538464,25,25,CGTGGGTTCGCATCCACTTT,0,4499925
yahC_predicted,0.038461538461538464,25,25,CGTCAGCCCTGCCGGCAGTA,0,4497831
yahC_predicted,0.038461538461538464,25,25,CGGTATACGTCAGGGTACAG,0,4474377
yahC_predicted,0.038461538461538464,25,25,CGGACGCCCCATCTGGAACA,0,4492512
yahC_predicted,0.038461538461538464,25,25,CGCTGATTCGACGGTCGGCT,0,4479246
yahC_predicted,0.038461538461538464,25,25,CGATGCAGCTCCAAGCTCAG,0,4479627
yahC_predicted,0.038461538461538464,25,25,CCTAACGCAGTGAACTAAGT,0,4504293
yahC_predicted,0.038461538461538464,25,25,CCGCGGATATACGAGCGTTC,0,4504340
yahC_predicted,0.038461538461538464,25,25,CCATTGAGTATGAAGCGTCA,0,4490110
yahC_predicted,0.038461538461538464,25,25,CCAAAGAGGACCGTTTTTGT,0,4484330
yahC_predicted,0.038461538461538464,25,25,CATTGCAAGTATCCCTCAGA,0,4496323
yahC_predicted,0.038461538461538464,25,25,CAGGGTAATAATCGGACTTA,0,4496030
yahC_predicted,0.038461538461538464,25,25,CAGACTGATCGGTCTCGCCG,0,4490109
yahC_predicted,0.038461538461538464,25,25,CACGCTGCTGCATCTAAAGC,0,4477172
yahC_predicted,0.038461538461538464,25,25,CAATTCGTAGGTGGTGTTTT,0,4495457
yahC_predicted,0.038461538461538464,25,25,CAATGATACCGAGAGCCTAT,0,4509381
yahC_predicted,0.038461538461538464,25,25,CAAGTTGAACAGCGCGATGT,0,4487412
yahC_predicted,0.038461538461538464,25,25,CAAGGTAACAAGCACCTTCT,0,4485885
yahC_predicted,0.038461538461538464,25,25,CAACCTAGCCGAATACTCAC,0,4473757
yahC_predicted,0.038461538461538464,25,25,ATTGACACTTTTAGCGATCG,0,4493092
yahC_predicted,0.038461538461538464,25,25,ATCGAGAGACGCCTTCCAGC,0,4488604
yahC_predicted,0.038461538461538464,25,25,ATAGTTAGAGAACAACATCT,0,4486411
yahC_predicted,0.038461538461538464,25,25,ATAGGGTTAAACTAGCGGCA,0,4507743
yahC_predicted,0.038461538461538464,25,25,AGTCTCATTAGAAGTCCGAG,0,4481891
yahC_predicted,0.038461538461538464,25,25,AGTATTACCGGTGGGTCAGG,0,4472814
yahC_predicted,0.038461538461538464,25,25,AGCAGTGTGTTCGTTGGGTG,0,4499583
yahC_predicted,0.038461538461538464,25,25,ACTAAATTCAGGCAATTAAG,0,4486484
yahC_predicted,0.038461538461538464,25,25,ACGTTGATCGACTAGAAAGT,0,4498350
yahC_predicted,0.038461538461538464,25,25,ACGTGGGTGTTCATGTGCGA,0,4482112
yahC_predicted,0.038461538461538464,25,25,ACCACGCATTGATTTAGACA,0,4491543
yahC_predicted,0.038461538461538464,25,25,ACATGCTAGACGACCAAGAA,0,4502655
yahC_predicted,0.038461538461538464,25,25,ACATACTGTGCCACGATAAA,0,4474785
yahC_predicted,0.038461538461538464,25,25,AATACTGCCACGTTCCATAA,0,4495966
yahC_predicted,0.038461538461538464,25,25,AACTTGACCGGTCTGAAATG,0,4490243
yahC_predicted,0.038461538461538464,25,25,AAATTTGTTACATTAAGGGA,0,4510456
yahC_predicted,0.038461538461538464,25,25,AAACCACCGTAATTAAAAAC,0,4485125
yahC_predicted,0.04,24,24,TTTGACGCAAAACGCCCCCG,0,4494735
yahC_predicted,0.04,24,24,TTGCATGGGATGCGAAAGAC,0,4486175
yahC_predicted,0.04,24,24,TTCTGGCTCAATTAGCGAAC,0,4489790
yahC_predicted,0.04,24,24,TTCCCAACGCTTTAGTGGCC,0,4475239
yahC_predicted,0.04,24,24,TTACGTTAGCCCAAGGCAAC,0,4475822
yahC_predicted,0.04,24,24,TGTACTTTGGCACAACCTTA,0,4476055
yahC_predicted,0.04,24,24,TGCCGTTGGCTTTGGGTGGC,0,4488228
yahC_predicted,0.04,24,24,TGACGGTACACCAGAATACG,0,4475606
yahC_predicted,0.04,24,24,TGAAATCCACTTACGGAAAA,0,4511362
yahC_predicted,0.04,24,24,TCCGTGTAGGACATGTGGTG,0,4477752
yahC_predicted,0.04,24,24,TCCGTAGCGGGAAGGACACG,0,4482235
yahC_predicted,0.04,24,24,TCCGGGAAAAGTTTACATGG,0,4476927
yahC_predicted,0.04,24,24,TCCCCAACGTGGAGATTTAT,0,4510701
yahC_predicted,0.04,24,24,TATTTGGCTGACAAGCGCCA,0,4479551
yahC_predicted,0.04,24,24,TAGCGTAGGTGTGGTTAATA,0,4477535
yahC_predicted,0.04,24,24,TAGATCGCACACGAATACTT,0,4491813
yahC_predicted,0.04,24,24,TACTTGCGAGGTCTCTAAGT,0,4509223
yahC_predicted,0.04,24,24,TACGCCCCCAGCGGGTGTCA,0,4508654
yahC_predicted,0.04,24,24,TACCAATGCGTGATTACAGT,0,4496573
yahC_predicted,0.04,24,24,TAAGCTCAAAGGATGTAAGT,0,4476955
yahC_predicted,0.04,24,24,TAAGCATGGACACACTGTAA,0,4488163
yahC_predicted,0.04,24,24,TAACTTGCGTTTATTAACAT,0,4489544
yahC_predicted,0.04,24,24,GTTGTCGGCAGGTCCTACAG,0,4497711
yahC_predicted,0.04,24,24,GTTACACTGAAAATCGGATG,0,4496972
yahC_predicted,0.04,24,24,GTGAGTATTTGTCCTTGTAA,0,4503026
yahC_predicted,0.04,24,24,GTCATTGGGTGCTAACTCGA,0,4472685
yahC_predicted,0.04,24,24,GTACGACAAGTTTGCGCGGG,0,4507721
yahC_predicted,0.04,24,24,GGTTGTGCAATTGGCATAAT,0,4496773
yahC_predicted,0.04,24,24,GGTTCGTAATGCCGCGTGCG,0,4481637
yahC_predicted,0.04,24,24,GGTGGCAAGACTTTCGGGCA,0,4497510
yahC_predicted,0.04,24,24,GGGGCACCGCGATACTAAGT,0,4478476
yahC_predicted,0.04,24,24,GGCGTGCCGCTCGGTGGCGA,0,4483493
yahC_predicted,0.04,24,24,GGAGTTAAACTTAGGGCGAA,0,4478473
yahC_predicted,0.04,24,24,GCTGCGATGGGTTTCAAGGC,0,4476202
yahC_predicted,0.04,24,24,GCGTATGTGGGGGTGAGTTC,0,4488852
yahC_predicted,0.04,24,24,GCCCCACGCCATTTCTACGA,0,4483668
yahC_predicted,0.04,24,24,GCCAATTGCGCTCAATGGTG,0,4498428
yahC_predicted,0.04,24,24,GATTCCTGGGCCGCGACATT,0,4488668
yahC_predicted,0.04,24,24,GATGAATCGAAAGTCGTGCT,0,4477316
yahC_predicted,0.04,24,24,GAGATTTAGGATTTTCCACT,0,4499319
yahC_predicted,0.04,24,24,GACATGGTGCTTATGAGCGA,0,4493477
yahC_predicted,0.04,24,24,GAAACAACAGTTCCGATACC,0,4501719
yahC_predicted,0.04,24,24,CTTTGAACGCGCGGAGATAT,0,4506150
yahC_predicted,0.04,24,24,CTTCGAGCCCGGGGCCTTTA,0,4511678
yahC_predicted,0.04,24,24,CTTACTTAGTTCCGGACCTT,0,4480812
yahC_predicted,0.04,24,24,CTGGGGCGAGGAATCGCAAT,0,4496013
yahC_predicted,0.04,24,24,CTGGCAACGCGCCTTTAAAA,0,4492435
yahC_predicted,0.04,24,24,CTCGTAACTTGATTTGCGCA,0,4493805
yahC_predicted,0.04,24,24,CTACCTTTGAGATATCGCGG,0,4506424
yahC_predicted,0.04,24,24,CGTTTATACGTAGACACCGA,0,4497937
yahC_predicted,0.04,24,24,CGCAGTTAAAGTCGGCTGAC,0,4486485
yahC_predicted,0.04,24,24,CGCACATTTTTACTGAATCA,0,4481043
yahC_predicted,0.04,24,24,CGATAAGCTCGCACGGTTAT,0,4490413
yahC_predicted,0.04,24,24,CCTCTATAACTCAGTCGATG,0,4489703
yahC_predicted,0.04,24,24,CCGGCCTCGGTGGGCGGCTG,0,4483623
yahC_predicted,0.04,24,24,CCGCATCTGCGGTTTTTTCT,0,4504984
yahC_predicted,0.04,24,24,CATTTAACGTCCCGATAGTA,0,4495086
yahC_predicted,0.04,24,24,CATACCACGCGCCAAAATGT,0,4500633
yahC_predicted,0.04,24,24,CATAACTCAACGCCTCTGGG,0,4476726
yahC_predicted,0.04,24,24,CACGCGGTTGATCCTTAGGT,0,4504315
yahC_predicted,0.04,24,24,CACACATGTATTAAATGATA,0,4491547
yahC_predicted,0.04,24,24,ATTGTGGCCAGATCCTCTAT,0,4485547
yahC_predicted,0.04,24,24,ATGCATCGATACATTAACAC,0,4495701
yahC_predicted,0.04,24,24,ATGCACTCACGACACTGTGG,0,4508730
yahC_predicted,0.04,24,24,ATGCACCCTCTGGCTCGTGC,0,4482887
yahC_predicted,0.04,24,24,ATGAAGGCAAAGGCGGATCG,0,4493400
yahC_predicted,0.04,24,24,ATCTACCGTGTAGCCGAGGC,0,4487804
yahC_predicted,0.04,24,24,ATCCAGTCACAGGTGAGATG,0,4499874
yahC_predicted,0.04,24,24,ATCATCATCTAATTACGGGT,0,4488473
yahC_predicted,0.04,24,24,ATCAGACTATTCCTCTCTTA,0,4481719
yahC_predicted,0.04,24,24,ATATGGCGCTCCAGCTTTGC,0,4499221
yahC_predicted,0.04,24,24,ATAGCACCATATACTGTCTG,0,4478431
yahC_predicted,0.04,24,24,AGTTTCCGCTCCGTAGTGGT,0,4486246
yahC_predicted,0.04,24,24,AGGGGTGTGAAGCCTCTGTA,0,4487017
yahC_predicted,0.04,24,24,AGCGGGTACGCGTAATAGGA,0,4472656
yahC_predicted,0.04,24,24,AGCCACCGCCCAACCCGATT,0,4480671
yahC_predicted,0.04,24,24,AGATGATCACTCTTCTTGTA,0,4498263
yahC_predicted,0.04,24,24,AGACATGCTATTCGAAGGTG,0,4497466
yahC_predicted,0.04,24,24,ACTCCTTCCGGACTGGTTAT,0,4485492
yahC_predicted,0.04,24,24,ACGTTTGTTCTTTGGCATTT,0,4505076
yahC_predicted,0.04,24,24,ACCGGGTACGCTTCTGCTTT,0,4502031
yahC_predicted,0.04,24,24,ACCCTGACACTAAGGTTGTG,0,4476062
yahC_predicted,0.04,24,24,ACCCCGCGGCTGACTATTAC,0,4474698
yahC_predicted,0.04,24,24,ACATCCGAACAGGTCTGTTA,0,4495199
yahC_predicted,0.04,24,24,AATATCTTGCTCGTTTCTTC,0,4489375
yahC_predicted,0.04,24,24,AAGCATGTGCTATCGCAACA,0,4475951
yahC_predicted,0.04,24,24,AAGAGATTGAGGCCGGCCGA,0,4506814
yahC_predicted,0.04,24,24,AAATTACTTCTTAAAAGCGG,0,4491381
yahC_predicted,0.04,24,24,AAATCCGGGATCTTCACGAT,0,4476986
yahC_predicted,0.041666666666666664,23,23,TTTTCACCCGTAGAAGTAAA,0,4494657
yahC_predicted,0.041666666666666664,23,23,TTTGACGTCATAGTAGGTTG,0,4494769
yahC_predicted,0.041666666666666664,23,23,TTGCGAATAACCCTGCTATT,0,4480049
yahC_predicted,0.041666666666666664,23,23,TTCATACCACTCGACTATTG,0,4508204
yahC_predicted,0.041666666666666664,23,23,TTCACAGGCTCCGGTTTAGA,0,4510753
yahC_predicted,0.041666666666666664,23,23,TTATGTGCCGGCCGCGGACG,0,4501002
yahC_predicted,0.041666666666666664,23,23,TTATCGAACCTGTTGGCCGA,0,4485646
yahC_predicted,0.041666666666666664,23,23,TGTTACAAGTCTGGTCCTCA,0,4475762
yahC_predicted,0.041666666666666664,23,23,TGGTCACGTTCAGTAGTTTA,0,4484573
yahC_predicted,0.041666666666666664,23,23,TGGGGTCCAGTTTTCTATGT,0,4475529
yahC_predicted,0.041666666666666664,23,23,TGCGTTAAAGGCTTGGCACA,0,4475464
yahC_predicted,0.041666666666666664,23,23,TCTGTTTTCTTTATCTACAG,0,4483666
yahC_predicted,0.041666666666666664,23,23,TCGGTTTCCGCTCCGGGTTA,0,4506520
yahC_predicted,0.041666666666666664,23,23,TCGCGTCCGTTTGAAGCCTC,0,4473480
yahC_predicted,0.041666666666666664,23,23,TATCCATGATATACCTAGCA,0,4496560
yahC_predicted,0.041666666666666664,23,23,TAGGTATTTGCGTACCCGGT,0,4483155
yahC_predicted,0.041666666666666664,23,23,TAGGATGCTTCTCGTTTGAT,0,4483980
yahC_predicted,0.041666666666666664,23,23,TAGCAAATGGCATCCGTCAA,0,4472878
yahC_predicted,0.041666666666666664,23,23,TAGAACCGGCCGCTCAGCGA,0,4503023
yahC_predicted,0.041666666666666664,23,23,TAATCGCCCGCTCAAGCTCT,0,4490025
yahC_predicted,0.041666666666666664,23,23,GTTGATCGGGCTTGTCATCG,0,4504074
yahC_predicted,0.041666666666666664,23,23,GTGGGGTCGTGAAAGGTTCA,0,4504649
yahC_predicted,0.041666666666666664,23,23,GTGCTGATATCTATATTTTG,0,4479582
yahC_predicted,0.041666666666666664,23,23,GTCTGTCCGGCGCCAGCTAG,0,4503943
yahC_predicted,0.041666666666666664,23,23,GTAGACCACCACCGCGCCCA,0,4491155
yahC_predicted,0.041666666666666664,23,23,GTACTTGGTAGGGTGCGTCC,0,4479033
yahC_predicted,0.041666666666666664,23,23,GTACTTATAAGTTCAGTTCA,0,4476603
yahC_predicted,0.041666666666666664,23,23,GTACGTGTCGGGTAACTCCT,0,4479973
yahC_predicted,0.041666666666666664,23,23,GGGTCGTCCGAAACGTCGTT,0,4496161
yahC_predicted,0.041666666666666664,23,23,GGCCTGATTATAAGGCTTGA,0,4477048
yahC_predicted,0.041666666666666664,23,23,GGATCCACATCTCGCATGTT,0,4485208
yahC_predicted,0.041666666666666664,23,23,GCGCGCGGATCATGCTTTAA,0,4502048
yahC_predicted,0.041666666666666664,23,23,GCGAGGACCCCCCTTTGTTA,0,4473259
yahC_predicted,0.041666666666666664,23,23,GCCTATCCTATGCGGCCATC,0,4502690
yahC_predicted,0.041666666666666664,23,23,GCCGGGAGTATGCTTGGATC,0,4487926
yahC_predicted,0.041666666666666664,23,23,GCCCAAGGTATTCCGTAGTT,0,4505457
yahC_predicted,0.041666666666666664,23,23,GCATCCAGCGAGTCATAGGA,0,4504460
yahC_predicted,0.041666666666666664,23,23,GCACCAACATGTGCATGTCA,0,4507901
yahC_predicted,0.041666666666666664,23,23,GCAATCGCCAGAGCGTGTCA,0,4483280
yahC_predicted,0.041666666666666664,23,23,GATGAAAAGAGACTCAATTT,0,4501763
yahC_predicted,0.041666666666666664,23,23,GATCAGCATGTGACGTGGTA,0,4504465
yahC_predicted,0.041666666666666664,23,23,GAGTCAGGCGGAAACAAATC,0,4488794
yahC_predicted,0.041666666666666664,23,23,GAGCGAGGCCCTATGACATA,0,4504793
yahC_predicted,0.041666666666666664,23,23,GAATTTTGCTCGCTTTATTC,0,4499964
yahC_predicted,0.041666666666666664,23,23,GAATCCTCACGGAGTCTCTT,0,4488932
yahC_predicted,0.041666666666666664,23,23,GAACATGGCATGAAGCCATG,0,4495231
yahC_predicted,0.041666666666666664,23,23,CTTGATAGCTTGCTCTTTCG,0,4505485
yahC_predicted,0.041666666666666664,23,23,CTTCAGCCGCAAGCTAAAGG,0,4490026
yahC_predicted,0.041666666666666664,23,23,CTGGGGAGCGCGCTATCGTA,0,4501594
yahC_predicted,0.041666666666666664,23,23,CTGGCAGTTAAAGTTCATAA,0,4496716
yahC_predicted,0.041666666666666664,23,23,CTCCCGAGAAACCTCAAGAC,0,4481117
yahC_predicted,0.041666666666666664,23,23,CTCAGTTGGCTATCGGTATA,0,4486699
yahC_predicted,0.041666666666666664,23,23,CTAGAGACACCATCGCGGCA,0,4473411
yahC_predicted,0.041666666666666664,23,23,CGTTCAATATCTGAGGACTC,0,4477799
yahC_predicted,0.041666666666666664,23,23,CGTTAGTAAGTAGTAGTCCG,0,4490961
yahC_predicted,0.041666666666666664,23,23,CGATGGCACTAACGGATATC,0,4475991
yahC_predicted,0.041666666666666664,23,23,CCTGTTCTCGACACCGATCT,0,4495600
yahC_predicted,0.041666666666666664,23,23,CCGTACCGGAGACAGTGCCT,0,4501395
yahC_predicted,0.041666666666666664,23,23,CCCTGGTGGCTTCCCGCGCG,0,4474722
yahC_predicted,0.041666666666666664,23,23,CCATGTTCGGTTTTTCGCGC,0,4496376
yahC_predicted,0.041666666666666664,23,23,CCAGGCTCAATAGCACCTCT,0,4497537
yahC_predicted,0.041666666666666664,23,23,CATGATTCGATATACCCAGT,0,4479555
yahC_predicted,0.041666666666666664,23,23,CAGGCTATGCGAACAACAAT,0,4473692
yahC_predicted,0.041666666666666664,23,23,CAGCCCTTAATTACCTTGCG,0,4472812
yahC_predicted,0.041666666666666664,23,23,CACTTGCAATACGCCACCAT,0,4497277
yahC_predicted,0.041666666666666664,23,23,CACACACATGATTTGTAAGT,0,4486779
yahC_predicted,0.041666666666666664,23,23,CAAGCCGATGAACCTTCCTC,0,4490354
yahC_predicted,0.041666666666666664,23,23,ATTTGCGACGCTGCTTGTCG,0,4494006
yahC_predicted,0.041666666666666664,23,23,ATTGCTGAGGGAGCGCGGGA,0,4492460
yahC_predicted,0.041666666666666664,23,23,ATTGAAAATCGGACTCGTGC,0,4484812
yahC_predicted,0.041666666666666664,23,23,ATGTCGTGGGAACGTCTAAG,0,4482150
yahC_predicted,0.041666666666666664,23,23,ATGGTAATGGTTTGGAAGGT,0,4499614
yahC_predicted,0.041666666666666664,23,23,ATGGCGCAGGTTGAATAAAA,0,4508728
yahC_predicted,0.041666666666666664,23,23,ATGCACCCCACCGTAGATAG,0,4494970
yahC_predicted,0.041666666666666664,23,23,ATCAGGGAAGCTAGGGCTAT,0,4504431
yahC_predicted,0.041666666666666664,23,23,AGTCAATTCTTTGCAATTTC,0,4488980
yahC_predicted,0.041666666666666664,23,23,AGCGTTCTGCGCGGTCATAT,0,4492317
yahC_predicted,0.041666666666666664,23,23,ACTTACAAATAATAAACCAC,0,4483491
yahC_predicted,0.041666666666666664,23,23,ACGTTATGGACATGACAACA,0,4474914
yahC_predicted,0.041666666666666664,23,23,ACGGTGGGCCGCACGGGATG,0,4480800
yahC_predicted,0.041666666666666664,23,23,ACGCAGGCGTCATTGGCCAA,0,4493572
yahC_predicted,0.041666666666666664,23,23,ACGACTCGCGAATCCCTCTG,0,4498510
yahC_predicted,0.041666666666666664,23,23,ACCTACATGTCCAGCGAACT,0,4482858
yahC_predicted,0.041666666666666664,23,23,ACCATCACATGTGACCGACG,0,4495576
yahC_predicted,0.041666666666666664,23,23,ACCAGAACGGTACTATTGTC,0,4484572
yahC_predicted,0.041666666666666664,23,23,ACAGGCGACTCTCGGTACGC,0,4494354
yahC_predicted,0.041666666666666664,23,23,ACAAAACGCATTAAATACAG,0,4487357
yahC_predicted,0.041666666666666664,23,23,AATGCGAGCCGAATGATTGT,0,4488468
yahC_predicted,0.041666666666666664,23,23,AAGTAGAAAGAGGTGCCGAT,0,4481345
yahC_predicted,0.041666666666666664,23,23,AAGGTACCGTTGCATAGCTT,0,4496219
yahC_predicted,0.041666666666666664,23,23,AAGGGCTAGCTCATGGCGGG,0,4506423
yahC_predicted,0.041666666666666664,23,23,AAGGCTCCAGCATAAGTCCC,0,4491102
yahC_predicted,0.041666666666666664,23,23,AAGAGGTAGACTAGACTGGG,0,4491523
yahC_predicted,0.041666666666666664,23,23,AACCGTTTCATGTAACAACG,0,4491444
yahC_predicted,0.041666666666666664,23,23,AACAGACATCAGACAGCGCC,0,4481033
yahC_predicted,0.041666666666666664,23,23,AAAGTCGAACGTCCGTCAGC,0,4481378
yahC_predicted,0.041666666666666664,23,23,AAAGAGCAACTGGTATCGCA,0,4505363
yahC_predicted,0.041666666666666664,23,23,AAAATACGTCGTAGCGTCTA,0,4504166
yahC_predicted,0.043478260869565216,22,22,TTTTCAAAATCTACCAGGCG,0,4495424
yahC_predicted,0.043478260869565216,22,22,TTTGGTCTCAGGTTATGGTG,0,4504425
yahC_predicted,0.043478260869565216,22,22,TTTAAGTGGAGTCTGGCGGT,0,4493209
yahC_predicted,0.043478260869565216,22,22,TTGAACGTGTCCCCTTGCGG,0,4479280
yahC_predicted,0.043478260869565216,22,22,TTGAAAGGTTGCACTTGGGG,0,4502257
yahC_predicted,0.043478260869565216,22,22,TTCCGACCTCAAACATATTC,0,4497544
yahC_predicted,0.043478260869565216,22,22,TTATAAGGAACCATAAAGTA,0,4480656
yahC_predicted,0.043478260869565216,22,22,TTACTGGGTTATGAGATTTC,0,4483604
yahC_predicted,0.043478260869565216,22,22,TGTTGAACGTGGGATCCACA,0,4492455
yahC_predicted,0.043478260869565216,22,22,TGTTAGCTCGCTATGGTAGC,0,4487572
yahC_predicted,0.043478260869565216,22,22,TGTAATACTGATGTGGTATA,0,4480573
yahC_predicted,0.043478260869565216,22,22,TGTAACTACGGATAAGGCGT,0,4493653
yahC_predicted,0.043478260869565216,22,22,TGCGCTACCGCCCATCCGTT,0,4493278
yahC_predicted,0.043478260869565216,22,22,TGATTTCGCCCTTCTTTAGT,0,4502880
yahC_predicted,0.043478260869565216,22,22,TCTTAAATGATCAGAGTGTA,0,4485898
yahC_predicted,0.043478260869565216,22,22,TCTGGGGCGCGCGGCCAAAT,0,4485165
yahC_predicted,0.043478260869565216,22,22,TCGATTGACTCGATTTGTTG,0,4478518
yahC_predicted,0.043478260869565216,22,22,TCCTGACAGACCCCGGTAAT,0,4506326
yahC_predicted,0.043478260869565216,22,22,TCCGGGGTCGTAATCCTAAT,0,4482580
yahC_predicted,0.043478260869565216,22,22,TCACTGGCACGCGAAAGGTT,0,4499363
yahC_predicted,0.043478260869565216,22,22,TCACTATGGTCAGAATGTAT,0,4499283
yahC_predicted,0.043478260869565216,22,22,TCACATGGCAGATGGCGTGG,0,4481881
yahC_predicted,0.043478260869565216,22,22,TATTTTATTTCCACTGCCAG,0,4481715
yahC_predicted,0.043478260869565216,22,22,TAGGCAATGTATTACCGTTA,0,4482331
yahC_predicted,0.043478260869565216,22,22,TAGAGCTGGCAATTGGCGTA,0,4501639
yahC_predicted,0.043478260869565216,22,22,TAGACCCCTGGCAGGCGTGC,0,4474548
yahC_predicted,0.043478260869565216,22,22,TACCCACGCCTGGGAGACTA,0,4509309
yahC_predicted,0.043478260869565216,22,22,TACACAAGCTCGTTTCGGCC,0,4505685
yahC_predicted,0.043478260869565216,22,22,TAATATGGAGCACTTAAGTC,0,4486832
yahC_predicted,0.043478260869565216,22,22,TAAGGTGGAAGCGCCCCCCT,0,4488875
yahC_predicted,0.043478260869565216,22,22,TAACGAGCAATTGCGGGTGT,0,4504243
yahC_predicted,0.043478260869565216,22,22,TAACCTTACGTAGACGCAAC,0,4486567
yahC_predicted,0.043478260869565216,22,22,TAAAGTGGCCATGAGGAGCT,0,4492427
yahC_predicted,0.043478260869565216,22,22,GTTTCCTGTCTCAGACGTCA,0,4505831
yahC_predicted,0.043478260869565216,22,22,GTTTCCGCAGTGCGAAAATG,0,4483535
yahC_predicted,0.043478260869565216,22,22,GTTTAATCGCTGTAGGTTTG,0,4472847
yahC_predicted,0.043478260869565216,22,22,GTTGGCCTCAACAACCCGAT,0,4493414
yahC_predicted,0.043478260869565216,22,22,GTGTAGGCTGAAGCCGTGTT,0,4494173
yahC_predicted,0.043478260869565216,22,22,GTCAGTCAACGCTCAGGTCG,0,4496004
yahC_predicted,0.043478260869565216,22,22,GGTGAGGCACACTTTCCTCA,0,4480183
yahC_predicted,0.043478260869565216,22,22,GGTCCAAATCGTGCATCAAA,0,4492569
yahC_predicted,0.043478260869565216,22,22,GGGTGTGGTAGACTCCGTGA,0,4486868
yahC_predicted,0.043478260869565216,22,22,GGCTGTTAACCTACGCTTTA,0,4486203
yahC_predicted,0.043478260869565216,22,22,GGCTGGGGTGCAATCGTTAT,0,4489063
yahC_predicted,0.043478260869565216,22,22,GGCGCTGTCTCCCTATCTGG,0,4491816
yahC_predicted,0.043478260869565216,22,22,GGATCCGGTGCGCGCATGAC,0,4492357
yahC_predicted,0.043478260869565216,22,22,GGAGAGCTAATAGGACATTC,0,4480131
yahC_predicted,0.043478260869565216,22,22,GGACTTTTCTCGGAATTTTA,0,4486823
yahC_predicted,0.043478260869565216,22,22,GCGGGTCATCCTTCCGCGGT,0,4474391
yahC_predicted,0.043478260869565216,22,22,GCGCTGCCAGAGAGTGGCCC,0,4474441
yahC_predicted,0.043478260869565216,22,22,GCCTATGTCATTCTCGGAAG,0,4487765
yahC_predicted,0.043478260869565216,22,22,GCCGATATCTTAAGAAGCGG,0,4492979
yahC_predicted,0.043478260869565216,22,22,GCCATCGAACTGTCCCAGCT,0,4474970
yahC_predicted,0.043478260869565216,22,22,GCATCAATTGTGCTGTAGAA,0,4486163
yahC_predicted,0.043478260869565216,22,22,GCATACCACTGCGCCTAGAG,0,4490932
yahC_predicted,0.043478260869565216,22,22,GATCTATTCGTAGTGAGCGA,0,4493536
yahC_predicted,0.043478260869565216,22,22,GAGCTCTCAAATAATTAGTA,0,4504645
yahC_predicted,0.043478260869565216,22,22,GACATCAGCCGTCTTTCCTT,0,4475213
yahC_predicted,0.043478260869565216,22,22,GACACTACCGATAAGATTTT,0,4501512
yahC_predicted,0.043478260869565216,22,22,CTTGGGGCCACACCGTGAGC,0,4502775
yahC_predicted,0.043478260869565216,22,22,CTTCTCGTTCACAAGCACCT,0,4473814
yahC_predicted,0.043478260869565216,22,22,CTTCGTACGTGAAACCGTTT,0,4502111
yahC_predicted,0.043478260869565216,22,22,CTAGGAGAATTTTAAGGCAA,0,4492537
yahC_predicted,0.043478260869565216,22,22,CGTGACAGACTAGCTGTTGT,0,4509100
yahC_predicted,0.043478260869565216,22,22,CGGTAGTAAGTTGAGGAGCC,0,4473363
yahC_predicted,0.043478260869565216,22,22,CGGATCAGACTGAACAACAT,0,4496488
yahC_predicted,0.043478260869565216,22,22,CGCGGAACTCCTTTGTATCG,0,4501382
yahC_predicted,0.043478260869565216,22,22,CGATTCCAGTATTGATTGTA,0,4498055
yahC_predicted,0.043478260869565216,22,22,CGATCCCAGATATCTCCGGA,0,4494021
yahC_predicted,0.043478260869565216,22,22,CGAACTCGTTTCAATTCTAC,0,4479143
yahC_predicted,0.043478260869565216,22,22,CCTCATAGGAGCGCAAATTA,0,4503173
yahC_predicted,0.043478260869565216,22,22,CCGTCTAGGATGAACCGAAT,0,4477126
yahC_predicted,0.043478260869565216,22,22,CCGGAAGGACATAAACGTGT,0,4484482
yahC_predicted,0.043478260869565216,22,22,CCCTATAGCTCAAATGCTGC,0,4477075
yahC_predicted,0.043478260869565216,22,22,CCCATCACTCAGAGGCCAGT,0,4492808
yahC_predicted,0.043478260869565216,22,22,CAATGCATTAGCGCGGAGCT,0,4483428
yahC_predicted,0.043478260869565216,22,22,CAAGACGTTACTGGGGATAA,0,4511813
yahC_predicted,0.043478260869565216,22,22,CAACGCAGCGCCAGGCGCGA,0,4483865
yahC_predicted,0.043478260869565216,22,22,ATTACCAAATTGCTTAGGTG,0,4477764
yahC_predicted,0.043478260869565216,22,22,ATGTCCTTTAAGGCCAGGTA,0,4497327
yahC_predicted,0.043478260869565216,22,22,ATCCCGATGACCAGAAAGAA,0,4482565
yahC_predicted,0.043478260869565216,22,22,ATACAGCTGTGAGCGATATG,0,4474177
yahC_predicted,0.043478260869565216,22,22,ATAAAGGGCGTAATTTCTTA,0,4494183
yahC_predicted,0.043478260869565216,22,22,AGTGATTTCGTCACTCAGAA,0,4497056
yahC_predicted,0.043478260869565216,22,22,AGTGAATGTACACAGATGAT,0,4485897
yahC_predicted,0.043478260869565216,22,22,AGTGAACGTGAACAGCCCTT,0,4494105
yahC_predicted,0.043478260869565216,22,22,AGGGCCCTGGTTCTGTGAGG,0,4480964
yahC_predicted,0.043478260869565216,22,22,AGGCTGGGACCTCGTCTCTG,0,4485450
yahC_predicted,0.043478260869565216,22,22,AGGCAACTTTTGCTTCAGAG,0,4509794
yahC_predicted,0.043478260869565216,22,22,AGCTTAATCCCCGCCCGAAA,0,4496556
yahC_predicted,0.043478260869565216,22,22,AGACTTCTTGAGCCGTGGTT,0,4488565
yahC_predicted,0.043478260869565216,22,22,ACTTTGCAGATGGGTTCTTG,0,4487072
yahC_predicted,0.043478260869565216,22,22,ACGTAAATCTGGTTCGGGGT,0,4491449
yahC_predicted,0.043478260869565216,22,22,ACGGTCTAATTGATACCATG,0,4504677
yahC_predicted,0.043478260869565216,22,22,ACCGTCAATAATCCCAAGGC,0,4501809
yahC_predicted,0.043478260869565216,22,22,ACCCCTCGTTGGTGTAGGCT,0,4502009
yahC_predicted,0.043478260869565216,22,22,AATGTTGTCAATAAAAATTT,0,4485874
yahC_predicted,0.043478260869565216,22,22,AATCATGCATGATCGGGAAT,0,4499336
yahC_predicted,0.043478260869565216,22,22,AAGTCCGGAGAGGTTTTGGA,0,4476282
yahC_predicted,0.043478260869565216,22,22,AAGGTGTATCAGCATTTCGG,0,4507535
yahC_predicted,0.043478260869565216,22,22,AAGCCCGGTCGTCGTCCGAC,0,4481937
yahC_predicted,0.043478260869565216,22,22,AAAGTCTTGAGCCTTCTAAA,0,4500155
yahC_predicted,0.043478260869565216,22,22,AAACCCTCATTGCCTTTTTC,0,4479673
yahC_predicted,0.045454545454545456,21,21,TTTGTTCACCTACGGGATAG,0,4510537
yahC_predicted,0.045454545454545456,21,21,TTGGAGATGATCGGTATCAA,0,4479591
yahC_predicted,0.045454545454545456,21,21,TTCGTGTGAGGACACACCTT,0,4501275
yahC_predicted,0.045454545454545456,21,21,TTCCGATCTTGCTCGTGTCA,0,4478807
yahC_predicted,0.045454545454545456,21,21,TTCAGAATGGGTGCAAGCAT,0,4480046
yahC_predicted,0.045454545454545456,21,21,TTACCAGGAAGTCGTTGTGA,0,4478436
yahC_predicted,0.045454545454545456,21,21,TGTTGGGTTCGCATGGTTTA,0,4477428
yahC_predicted,0.045454545454545456,21,21,TGGGAACTACTGGTATACAA,0,4492641
yahC_predicted,0.045454545454545456,21,21,TGGAATAGTCGATGCGGGTA,0,4486984
yahC_predicted,0.045454545454545456,21,21,TGCGGACCCAGATTTCATTT,0,4492511
yahC_predicted,0.045454545454545456,21,21,TGCATGGTGGATTAATGCAT,0,4501977
yahC_predicted,0.045454545454545456,21,21,TGCAGCATTGGGGCAAACAC,0,4495499
yahC_predicted,0.045454545454545456,21,21,TGCAAATGGGCTGTCGCGCC,0,4494378
yahC_predicted,0.045454545454545456,21,21,TGAGTCACCGGCAACTACTC,0,4509112
yahC_predicted,0.045454545454545456,21,21,TGACGACAATAGGTAGTAAT,0,4476447
yahC_predicted,0.045454545454545456,21,21,TCTCAGTCTCCAGCCTGGCT,0,4508008
yahC_predicted,0.045454545454545456,21,21,TCTATACGAACGCTGCGCGC,0,4481944
yahC_predicted,0.045454545454545456,21,21,TCGGCTCAGGGTGCATGATC,0,4474040
yahC_predicted,0.045454545454545456,21,21,TCGATAATAGGCCTTCATGG,0,4504412
yahC_predicted,0.045454545454545456,21,21,TCCGGAATGCTAAGAGCTCT,0,4495018
yahC_predicted,0.045454545454545456,21,21,TCATCAACACTTACAGCGAA,0,4475732
yahC_predicted,0.045454545454545456,21,21,TCAGTCATTGCCTGGGTCCT,0,4477869
yahC_predicted,0.045454545454545456,21,21,TCAGGAAAGGTGGCGGATGT,0,4499659
yahC_predicted,0.045454545454545456,21,21,TCAAAGCCAGCCGGGGTGCT,0,4505538
yahC_predicted,0.045454545454545456,21,21,TATGATCGGTATAAACGCCT,0,4485687
yahC_predicted,0.045454545454545456,21,21,TATCAGTGGCAAGCCTGAGC,0,4487044
yahC_predicted,0.045454545454545456,21,21,TAGGCGCCACAGTGTCCCGG,0,4486911
yahC_predicted,0.045454545454545456,21,21,TACTCAATCGAGGAAGGTAC,0,4482240
yahC_predicted,0.045454545454545456,21,21,TACCCGCGACCGAGTACCGT,0,4482963
yahC_predicted,0.045454545454545456,21,21,TAACGGACTTAAATGCGCGT,0,4491403
yahC_predicted,0.045454545454545456,21,21,GTTTCGGATCGGCATAAGTT,0,4494073
yahC_predicted,0.045454545454545456,21,21,GTTCACGGTACTTCATATCA,0,4477176
yahC_predicted,0.045454545454545456,21,21,GTGTGAGGGATACGCGAGCT,0,4478110
yahC_predicted,0.045454545454545456,21,21,GTGAACTACTGTCTCCGGGT,0,4490830
yahC_predicted,0.045454545454545456,21,21,GTAAGCCAGTTAGGCGTTAA,0,4497012
yahC_predicted,0.045454545454545456,21,21,GGTGTGAAGTTGTAAGGATT,0,4492418
yahC_predicted,0.045454545454545456,21,21,GGTACGCTAGTGTTCTAGCC,0,4492345
yahC_predicted,0.045454545454545456,21,21,GGGCGCTGGCCGATAGAGCC,0,4505842
yahC_predicted,0.045454545454545456,21,21,GGGCATTCCGTTCGCATAAT,0,4489973
yahC_predicted,0.045454545454545456,21,21,GGGATGGCCCCCAGATCCAT,0,4489316
yahC_predicted,0.045454545454545456,21,21,GGGACGGCGGGGGTCCGAAC,0,4488949
yahC_predicted,0.045454545454545456,21,21,GGCTGCCTAACCCAAGGGTA,0,4476606
yahC_predicted,0.045454545454545456,21,21,GGCCATAGAATGGTTATCCA,0,4507869
yahC_predicted,0.045454545454545456,21,21,GGATGCATCGAGGTCTCCTT,0,4501034
yahC_predicted,0.045454545454545456,21,21,GGACTACTGCATTGTGGTGA,0,4492434
yahC_predicted,0.045454545454545456,21,21,GCTAATTTTCGATTACTTAT,0,4511435
yahC_predicted,0.045454545454545456,21,21,GCGGTTTGCGTTTGCATCTG,0,4479237
yahC_predicted,0.045454545454545456,21,21,GCGAGACGGTCGCTCGTCGT,0,4491645
yahC_predicted,0.045454545454545456,21,21,GCGAAGTGAGGCTCGGTTAT,0,4507950
yahC_predicted,0.045454545454545456,21,21,GCGAAGTAGCGATCCATGAG,0,4511496
yahC_predicted,0.045454545454545456,21,21,GCCGCGCTTTCCGGACGTAG,0,4504949
yahC_predicted,0.045454545454545456,21,21,GCCCGTACATCGGTCGCCCG,0,4477662
yahC_predicted,0.045454545454545456,21,21,GCAGATATGGGCTCATCGGA,0,4499716
yahC_predicted,0.045454545454545456,21,21,GATGAGAAGTAAAACTGTAA,0,4475967
yahC_predicted,0.045454545454545456,21,21,GATCTCTTCGAGGGGTTCAG,0,4484648
yahC_predicted,0.045454545454545456,21,21,GATCGATTGCAGCATGCCCG,0,4483664
yahC_predicted,0.045454545454545456,21,21,GATCATGTAATTGCTCGTGT,0,4501277
yahC_predicted,0.045454545454545456,21,21,GAGTCTCAGGCCTCTTTTGT,0,4472702
yahC_predicted,0.045454545454545456,21,21,GAGTACAACGGGTAGGGATT,0,4480151
yahC_predicted,0.045454545454545456,21,21,GAGCACTACGGGAAGTGCGC,0,4485199
yahC_predicted,0.045454545454545456,21,21,GAGCAAGTCCGCTTACGGTA,0,4504366
yahC_predicted,0.045454545454545456,21,21,GAGAGTGTGCCTGTTAAGGA,0,4481556
yahC_predicted,0.045454545454545456,21,21,GAGAATCCGGCGATGTCATT,0,4475755
yahC_predicted,0.045454545454545456,21,21,GACCATGGCCAGTAGATCTT,0,4501811
yahC_predicted,0.045454545454545456,21,21,GACACTCCCCATGCCGCTGG,0,4488944
yahC_predicted,0.045454545454545456,21,21,CTTCTGACAGTGACTGTTTT,0,4474152
yahC_predicted,0.045454545454545456,21,21,CTTAGGATAGACTGGTTCCG,0,4474987
yahC_predicted,0.045454545454545456,21,21,CTGCAGTAAGGTCAGGATGA,0,4484125
yahC_predicted,0.045454545454545456,21,21,CTGATTCCGGGAGGTGGGAA,0,4495008
yahC_predicted,0.045454545454545456,21,21,CTCTGGCAAGTGAACCAGAC,0,4485649
yahC_predicted,0.045454545454545456,21,21,CTCTGCACACAAAGAGGGCT,0,4498705
yahC_predicted,0.045454545454545456,21,21,CTACTGGCGGCATATCAAGA,0,4475247
yahC_predicted,0.045454545454545456,21,21,CTACCCGTTTGGGGTTCGTG,0,4494454
yahC_predicted,0.045454545454545456,21,21,CGTGGAGTAGCACCATCGTA,0,4479589
yahC_predicted,0.045454545454545456,21,21,CGGTCAAGGATGGACGGCTC,0,4491560
yahC_predicted,0.045454545454545456,21,21,CGGTAAGGTACTGCAAATCT,0,4490424
yahC_predicted,0.045454545454545456,21,21,CGGCGCCCGTAACGCACTTA,0,4479614
yahC_predicted,0.045454545454545456,21,21,CGGATAATTTCCGTAGCGCT,0,4477645
yahC_predicted,0.045454545454545456,21,21,CGCGCTAGTTTTTTTATATG,0,4487900
yahC_predicted,0.045454545454545456,21,21,CGCATATGAGGAAATCTAGT,0,4475266
yahC_predicted,0.045454545454545456,21,21,CCGCAGGAAACGTTTTACTG,0,4484358
yahC_predicted,0.045454545454545456,21,21,CCGATCCCAAAGGAATAATG,0,4499189
yahC_predicted,0.045454545454545456,21,21,CCGAGTATACGAGTATCTTA,0,4503205
yahC_predicted,0.045454545454545456,21,21,CCGAGAAAGCTCGGCCTAAG,0,4508002
yahC_predicted,0.045454545454545456,21,21,CCCCTGCTAGAGGGTTAAAG,0,4491568
yahC_predicted,0.045454545454545456,21,21,CCATTGCATATCTCCCGTCA,0,4476642
yahC_predicted,0.045454545454545456,21,21,CCAGATATCGTGGCTAATGT,0,4491686
yahC_predicted,0.045454545454545456,21,21,CAGTATCAGCTTCCTCTGGT,0,4475853
yahC_predicted,0.045454545454545456,21,21,CAGGGATATCAGCTATCTGA,0,4491885
yahC_predicted,0.045454545454545456,21,21,CAGAGAGCGCCGTCACAGAT,0,4484367
yahC_predicted,0.045454545454545456,21,21,CAGAAGTCGCTATCAAAGTG,0,4484600
yahC_predicted,0.045454545454545456,21,21,CACTGCTATGGATCTCAGAA,0,4507052
yahC_predicted,0.045454545454545456,21,21,CACGGCCGAAGTACCTAGAA,0,4486826
yahC_predicted,0.045454545454545456,21,21,CACCGGAGTTCCATCATCCA,0,4475810
yahC_predicted,0.045454545454545456,21,21,CACCCATTATTGGTTCGGCG,0,4484376
yahC_predicted,0.045454545454545456,21,21,CACATTGACCTGTAAAATAT,0,4486452
yahC_predicted,0.045454545454545456,21,21,CACATGTCTTGTTAGCACGT,0,4500967
yahC_predicted,0.045454545454545456,21,21,CAATGTTCCGACGGGCAATG,0,4489976
yahC_predicted,0.045454545454545456,21,21,CAAGGGGTCTAGTGAACAGT,0,4504977
yahC_predicted,0.045454545454545456,21,21,CAAGAGGACGTCATGTAGAC,0,4508327
yahC_predicted,0.045454545454545456,21,21,CAAAGTTGTACCCGCGTAAA,0,4487596
yahC_predicted,0.045454545454545456,21,21,ATTTGCTCAGTGTATACTTA,0,4489239
yahC_predicted,0.045454545454545456,21,21,ATTTGAACTAGAGCCATATT,0,4510317
yahC_predicted,0.045454545454545456,21,21,ATTCAACAAAAGGCACTGTT,0,4486673
yahC_predicted,0.045454545454545456,21,21,ATGTTACATATTACAAGTCA,0,4505427
yahC_predicted,0.045454545454545456,21,21,ATGGCAAGATGCACTCAGTT,0,4493706
yahC_predicted,0.045454545454545456,21,21,ATGCTGTACCCCGTTCGTGC,0,4483506
yahC_predicted,0.045454545454545456,21,21,ATGAATAGAGGGCATCATTT,0,4498670
yahC_predicted,0.045454545454545456,21,21,ATCGCCACTCTCCTTGTCGT,0,4511361
yahC_predicted,0.045454545454545456,21,21,ATACAGATATCAGCTGCTGT,0,4491578
yahC_predicted,0.045454545454545456,21,21,AGTTGTGTGATTTAAACGAG,0,4487613
yahC_predicted,0.045454545454545456,21,21,AGGTTGGTACAGTATGGGGT,0,4499320
yahC_predicted,0.045454545454545456,21,21,AGGTTGGTAACGCAATGAGT,0,4481887
yahC_predicted,0.045454545454545456,21,21,AGGTAGTACGGTCAAGGTCA,0,4490106
yahC_predicted,0.045454545454545456,21,21,AGGATCCCCGGTCTGCATTT,0,4490473
yahC_predicted,0.045454545454545456,21,21,AGGAGCCAAGTCCCTGGCCT,0,4503796
yahC_predicted,0.045454545454545456,21,21,AGCGCAACCCTCTCCGTCTT,0,4490544
yahC_predicted,0.045454545454545456,21,21,AGCAGGAAATCTAAGGGAGA,0,4492226
yahC_predicted,0.045454545454545456,21,21,AGCACGATCGGTACTCTCGT,0,4483814
yahC_predicted,0.045454545454545456,21,21,AGAGTGCCTAGCCGTAATAC,0,4483893
yahC_predicted,0.045454545454545456,21,21,AGACAGATGCTCATTTGAGA,0,4501531
yahC_predicted,0.045454545454545456,21,21,ACTCTCCCCTAGCCGATTTC,0,4494314
yahC_predicted,0.045454545454545456,21,21,ACGGGGTAGCTTACATCAAC,0,4475277
yahC_predicted,0.045454545454545456,21,21,ACGCAGGTTACGGTCAGACG,0,4493292
yahC_predicted,0.045454545454545456,21,21,ACGATCACAATTGGAGATTA,0,4490825
yahC_predicted,0.045454545454545456,21,21,ACCTGTCAACAATTCGCTTG,0,4482317
yahC_predicted,0.045454545454545456,21,21,ACCCTCATCATCTTTCACGC,0,4482386
yahC_predicted,0.045454545454545456,21,21,ACCCTATGGCCAATGTGTCA,0,4491632
yahC_predicted,0.045454545454545456,21,21,ACCATGAAGCTATAATTTAT,0,4472734
yahC_predicted,0.045454545454545456,21,21,ACACGGGCGCATTCTCTGCG,0,4475050
yahC_predicted,0.045454545454545456,21,21,AATTATTCGCGCAGTGATGT,0,4478706
yahC_predicted,0.045454545454545456,21,21,AAGTACGACATGATTGTTTA,0,4491789
yahC_predicted,0.045454545454545456,21,21,AAGGCCCGATTGTAAGTGCG,0,4504343
yahC_predicted,0.045454545454545456,21,21,AAGAGGTACTTCTGATGCCG,0,4487201
yahC_predicted,0.045454545454545456,21,21,AACATAGTTCATGCGATAAG,0,4504435
yahC_predicted,0.045454545454545456,21,21,AACAGGTAGCGATAGACAGC,0,4497899
yahC_predicted,0.045454545454545456,21,21,AACACGGATAGAAGCGCAAT,0,4478379
yahC_predicted,0.045454545454545456,21,21,AAAGCGTCCTACGAGACATG,0,4509906
yahC_predicted,0.047619047619047616,20,20,TTTAGACCTCCCCTAGGATA,0,4503441
yahC_predicted,0.047619047619047616,20,20,TTGTAGGTTGCGAGTCAGGA,0,4491173
yahC_predicted,0.047619047619047616,20,20,TTGGGACTTTCGCCACAATC,0,4507082
yahC_predicted,0.047619047619047616,20,20,TTGCTCAGCCGTGGGTCCTT,0,4505354
yahC_predicted,0.047619047619047616,20,20,TTCCATCACACACGATTAAT,0,4496403
yahC_predicted,0.047619047619047616,20,20,TTCCACACAGAAGCCCGGGT,0,4511101
yahC_predicted,0.047619047619047616,20,20,TTAGCCACCCGATCACGTCA,0,4492231
yahC_predicted,0.047619047619047616,20,20,TTAGCACTTATGACAGAGGA,0,4497806
yahC_predicted,0.047619047619047616,20,20,TGGGCTTTAAGGGGTGGGGC,0,4489917
yahC_predicted,0.047619047619047616,20,20,TGCTCCGCCGAAAGAAGAGT,0,4508989
yahC_predicted,0.047619047619047616,20,20,TCTCACTAATGTGTCGTTGG,0,4490956
yahC_predicted,0.047619047619047616,20,20,TCTAGAGATGCTATTGATGG,0,4493602
yahC_predicted,0.047619047619047616,20,20,TCGGCCAGGGTACTAAACAG,0,4510047
yahC_predicted,0.047619047619047616,20,20,TCGGATTATAGGTACGCTTT,0,4476065
yahC_predicted,0.047619047619047616,20,20,TCCCAATGACCGCGGGGGAT,0,4473696
yahC_predicted,0.047619047619047616,20,20,TCATAGATGGCCGATCTCCT,0,4502711
yahC_predicted,0.047619047619047616,20,20,TCAATCGCACGGTTCGTTTA,0,4493839
yahC_predicted,0.047619047619047616,20,20,TATTGAGCGTTTGTCCACCT,0,4475905
yahC_predicted,0.047619047619047616,20,20,TATTCTGGAACCTCTTCAAG,0,4473806
yahC_predicted,0.047619047619047616,20,20,TATTCGCTCCGGACTATCAG,0,4491713
yahC_predicted,0.047619047619047616,20,20,TATGCGGGTCCCATGGTGTT,0,4504613
yahC_predicted,0.047619047619047616,20,20,TAGCTTCATGGGCCGAAGCG,0,4497487
yahC_predicted,0.047619047619047616,20,20,TAGATAGTGTTTCCCTTTCA,0,4483279
yahC_predicted,0.047619047619047616,20,20,TACCGCACTATAGGGCGGAT,0,4506068
yahC_predicted,0.047619047619047616,20,20,TACATAATGGATGCATTTGA,0,4491228
yahC_predicted,0.047619047619047616,20,20,TAATTCCTAGCCCATGGATC,0,4494098
yahC_predicted,0.047619047619047616,20,20,TAACTAGGTGAATACTTATT,0,4501548
yahC_predicted,0.047619047619047616,20,20,TAACGGACCGCCCACGGTTT,0,4483229
yahC_predicted,0.047619047619047616,20,20,GTTTTATGGGTGAGACGCAT,0,4509216
yahC_predicted,0.047619047619047616,20,20,GTTTGGGATAATATTGTTGG,0,4497561
yahC_predicted,0.047619047619047616,20,20,GTTTGAGATAAAGAGCTATG,0,4488172
yahC_predicted,0.047619047619047616,20,20,GTTAACGGTGATCATAGTTA,0,4484697
yahC_predicted,0.047619047619047616,20,20,GTGACGGTGCGGCCCCAGCG,0,4474471
yahC_predicted,0.047619047619047616,20,20,GTCATCTAGTGGTCTCAAGC,0,4510037
yahC_predicted,0.047619047619047616,20,20,GTATTAAGAGAACTGCGAAG,0,4486176
yahC_predicted,0.047619047619047616,20,20,GTAACTGGAGGAAACCCGAT,0,4507532
yahC_predicted,0.047619047619047616,20,20,GGTGTATTCGACCGGATGAT,0,4498738
yahC_predicted,0.047619047619047616,20,20,GGTCCTGGACGGGGATTTTT,0,4484162
yahC_predicted,0.047619047619047616,20,20,GGTAATATCTAACTGCTTCG,0,4496721
yahC_predicted,0.047619047619047616,20,20,GGGTGGTACCGCGTGGTGTC,0,4491146
yahC_predicted,0.047619047619047616,20,20,GGGTCAGCTACGATCTACTG,0,4475854
yahC_predicted,0.047619047619047616,20,20,GGGGTTCGAGTGGGCGGGGT,0,4496198
yahC_predicted,0.047619047619047616,20,20,GGGGTATAAGTGAGCTTCTT,0,4480878
yahC_predicted,0.047619047619047616,20,20,GGGCACGAACAAGCAGCCAA,0,4481905
yahC_predicted,0.047619047619047616,20,20,GGGAAGTGCGAACGCCGGAG,0,4486847
yahC_predicted,0.047619047619047616,20,20,GGCTGTACTGATTCACGTGA,0,4507718
yahC_predicted,0.047619047619047616,20,20,GGCGTTGCTTTCTTACACAG,0,4483696
yahC_predicted,0.047619047619047616,20,20,GGCCGAGACACATACTCTAA,0,4472972
yahC_predicted,0.047619047619047616,20,20,GGCATTATTAGGATAGAGTA,0,4481948
yahC_predicted,0.047619047619047616,20,20,GGATCAATATGACGCCTTTT,0,4493246
yahC_predicted,0.047619047619047616,20,20,GGAGATGGGAGGATGGGTTG,0,4483276
yahC_predicted,0.047619047619047616,20,20,GGACTGGACGATGGGGCAAA,0,4474626
yahC_predicted,0.047619047619047616,20,20,GGAACATTCCACAAGTCAGA,0,4489022
yahC_predicted,0.047619047619047616,20,20,GCTGGTGACATGAAGGCGTA,0,4506849
yahC_predicted,0.047619047619047616,20,20,GCTCGTCTAAGATCAACCTA,0,4478206
yahC_predicted,0.047619047619047616,20,20,GCGTGTCCGACCGTAGAGCA,0,4491998
yahC_predicted,0.047619047619047616,20,20,GCGCGCCCAGTATCTCCACT,0,4508992
yahC_predicted,0.047619047619047616,20,20,GCGCAAGTTCTCGTACGTTG,0,4506330
yahC_predicted,0.047619047619047616,20,20,GCCGAAGTCGGTACGCAAGG,0,4479863
yahC_predicted,0.047619047619047616,20,20,GCAGATGACTACTCAATTAA,0,4493105
yahC_predicted,0.047619047619047616,20,20,GATTTTGTGTGAGGTTTGAA,0,4483028
yahC_predicted,0.047619047619047616,20,20,GATTATCGGCCGGGTCTCTA,0,4510932
yahC_predicted,0.047619047619047616,20,20,GATGCAAGTGCCGCTATACT,0,4506674
yahC_predicted,0.047619047619047616,20,20,GATGATCGAAGCTTCGAGCA,0,4499096
yahC_predicted,0.047619047619047616,20,20,GAGAGGGGCGTGATGTTGCC,0,4500894
yahC_predicted,0.047619047619047616,20,20,GACGCCCCTGCTCACAGAAG,0,4481439
yahC_predicted,0.047619047619047616,20,20,GACCGGGCAGGTAGACAAGT,0,4501004
yahC_predicted,0.047619047619047616,20,20,CTTTCTCCTGGGATGGTACA,0,4498718
yahC_predicted,0.047619047619047616,20,20,CTTGATAAGCCGTGGGTTGA,0,4481857
yahC_predicted,0.047619047619047616,20,20,CTGCTTCGTGTAACCTGACA,0,4500014
yahC_predicted,0.047619047619047616,20,20,CTAGGATCACATCGGAAATG,0,4491751
yahC_predicted,0.047619047619047616,20,20,CTACCGAGTCATACAGTGCT,0,4500424
yahC_predicted,0.047619047619047616,20,20,CTACAAAACGCGTTAGTCTC,0,4509143
yahC_predicted,0.047619047619047616,20,20,CTAATTAGGCGCGATACGCT,0,4491035
yahC_predicted,0.047619047619047616,20,20,CTAAAGCTAGTTCCTCCAGA,0,4490804
yahC_predicted,0.047619047619047616,20,20,CGTGCCCGAAAACTTCTACT,0,4509922
yahC_predicted,0.047619047619047616,20,20,CGGGCTGGCAAGCGTAGGCC,0,4505303
yahC_predicted,0.047619047619047616,20,20,CGGGCTACTAGGACCATCCC,0,4500011
yahC_predicted,0.047619047619047616,20,20,CGGGAGACCGACGCGAATAG,0,4490638
yahC_predicted,0.047619047619047616,20,20,CGCTTAGGAACCTCACGACA,0,4509137
yahC_predicted,0.047619047619047616,20,20,CGCTGGAGCTTGCGTTGCTT,0,4475402
yahC_predicted,0.047619047619047616,20,20,CGCCTGACTTGAAGTAGCTT,0,4500683
yahC_predicted,0.047619047619047616,20,20,CGCCCAACTGCTCGAGGGGT,0,4479126
yahC_predicted,0.047619047619047616,20,20,CGCACACTGGGACGTAGTTT,0,4479260
yahC_predicted,0.047619047619047616,20,20,CGAGCTCGTTCCTTACGAGA,0,4503950
yahC_predicted,0.047619047619047616,20,20,CGAATCGTCGCACTGGACTA,0,4486161
yahC_predicted,0.047619047619047616,20,20,CCTTTGGGAGTAGCTCTTGC,0,4486469
yahC_predicted,0.047619047619047616,20,20,CCGTAAACCGACAAGGGGGG,0,4489293
yahC_predicted,0.047619047619047616,20,20,CCGCGATCACGATAGCGGAC,0,4480107
yahC_predicted,0.047619047619047616,20,20,CCCGGAACCGTTACCTGCAG,0,4503553
yahC_predicted,0.047619047619047616,20,20,CCAACCTATTCTGAGCTACG,0,4502695
yahC_predicted,0.047619047619047616,20,20,CATTGTCCTCAGCTCCCAAT,0,4474782
yahC_predicted,0.047619047619047616,20,20,CATGAGGGCATTCGGATCTA,0,4472991
yahC_predicted,0.047619047619047616,20,20,CATCGAGCCGGGCAGCGCTA,0,4485051
yahC_predicted,0.047619047619047616,20,20,CAGTTCCTTCATTTTGGGGA,0,4475460
yahC_predicted,0.047619047619047616,20,20,CAGTTATCCCGCGCGACCTT,0,4489606
yahC_predicted,0.047619047619047616,20,20,CACTCGCATCTTGCCATTGG,0,4502545
yahC_predicted,0.047619047619047616,20,20,CACCAGGTAGACATTCGGTG,0,4489236
yahC_predicted,0.047619047619047616,20,20,CAAATAGTTTTATTAGCTTT,0,4510299
yahC_predicted,0.047619047619047616,20,20,ATGTATATTAGCGCCCTATA,0,4484902
yahC_predicted,0.047619047619047616,20,20,ATGCGTTGAGGCGCTACATA,0,4502158
yahC_predicted,0.047619047619047616,20,20,ATGCCGCTCTACCATAGCTA,0,4483620
yahC_predicted,0.047619047619047616,20,20,ATGACCCGACGATCTTAACG,0,4504699
yahC_predicted,0.047619047619047616,20,20,ATCTGTCACTATTGCGACAA,0,4477443
yahC_predicted,0.047619047619047616,20,20,ATCGATCAGCCCGATCACGA,0,4508440
yahC_predicted,0.047619047619047616,20,20,AGGGCGAACGGCTAAGTAGA,0,4488408
yahC_predicted,0.047619047619047616,20,20,AGGGAGCACGGCGGGAGTAC,0,4476926
yahC_predicted,0.047619047619047616,20,20,AGGCCTGTGTATATTACTAG,0,4484260
yahC_predicted,0.047619047619047616,20,20,AGGAAGATGAACGGTTGAGT,0,4476283
yahC_predicted,0.047619047619047616,20,20,AGCTTTTGGCATCGTGGCTC,0,4485590
yahC_predicted,0.047619047619047616,20,20,AGCTGGGGGACGTCCTGAGT,0,4483564
yahC_predicted,0.047619047619047616,20,20,AGCGGTCAGTACATATCTTC,0,4491576
yahC_predicted,0.047619047619047616,20,20,AGCGGCGGGGGAGAACCATA,0,4477656
yahC_predicted,0.047619047619047616,20,20,AGCCCTTGAGATGGTGGTCT,0,4474786
yahC_predicted,0.047619047619047616,20,20,ACTAAGATAAGACCCTTCCC,0,4495983
yahC_predicted,0.047619047619047616,20,20,ACGTCTCCGGCGACGGTAGG,0,4497160
yahC_predicted,0.047619047619047616,20,20,ACGAGGATTACCACAAATCA,0,4508926
yahC_predicted,0.047619047619047616,20,20,ACGACTCAATAACTTAATGG,0,4484480
yahC_predicted,0.047619047619047616,20,20,ACCTTAAGGACATTTAGGTG,0,4494743
yahC_predicted,0.047619047619047616,20,20,ACCGAGCGGCCGCCTACCGA,0,4504596
yahC_predicted,0.047619047619047616,20,20,ACCATTCACCGATCCGCTCT,0,4507964
yahC_predicted,0.047619047619047616,20,20,ACAGTGCACCACAAGAAGCC,0,4479844
yahC_predicted,0.047619047619047616,20,20,ACAAGCAGTGCACCGCGTGT,0,4490472
yahC_predicted,0.047619047619047616,20,20,AATATGCGTTTAGCCAGTTT,0,4498256
yahC_predicted,0.047619047619047616,20,20,AAGGAAACAGTGAACTTGAT,0,4477238
yahC_predicted,0.047619047619047616,20,20,AAGCGGCGTTAGCATCACTC,0,4473862
yahC_predicted,0.047619047619047616,20,20,AAGAATCTGCCGGGATTCCG,0,4479737
yahC_predicted,0.047619047619047616,20,20,AACCCTTCAGTTTCAACGAG,0,4498820
yahC_predicted,0.047619047619047616,20,20,AAATTCCTAGCCTCGTGACC,0,4492364
yahC_predicted,0.047619047619047616,20,20,AAATAAGATGGTCGTTTCTG,0,4496970
yahC_predicted,0.05,19,19,TTGTACATTGGAGGGGCTGA,0,4500164
yahC_predicted,0.05,19,19,TTGACGTACCACACTTTGCG,0,4482861
yahC_predicted,0.05,19,19,TTGACGCGGGGTTTGTAGAG,0,4476364
yahC_predicted,0.05,19,19,TTCGTCGGCGCAAAGAGAGT,0,4484382
yahC_predicted,0.05,19,19,TTCGACCAACAAGCTGTAAA,0,4511393
yahC_predicted,0.05,19,19,TTCCTGGAACGCTCTTGGTT,0,4493638
yahC_predicted,0.05,19,19,TTCCACGATAAATACGAGTT,0,4491212
yahC_predicted,0.05,19,19,TTATGGGACGTAGTGAACTG,0,4476837
yahC_predicted,0.05,19,19,TTAAGCACTCTTGTATTCTG,0,4490294
yahC_predicted,0.05,19,19,TTAACGGTGCCCGGTAAACG,0,4475925
yahC_predicted,0.05,19,19,TGTGGCATAAGACTATGTGT,0,4477598
yahC_predicted,0.05,19,19,TGTCGGGCGCAGAGGGTACT,0,4487933
yahC_predicted,0.05,19,19,TGGGTGCATATGAAAAAGGT,0,4501114
yahC_predicted,0.05,19,19,TGGGCTCCTCGGGAATCTGT,0,4482528
yahC_predicted,0.05,19,19,TGGGATGGAATTTACCTTAT,0,4509733
yahC_predicted,0.05,19,19,TGGCGGAAAGATGACCAAAT,0,4478352
yahC_predicted,0.05,19,19,TGCGGCGTTGGGGACACTTA,0,4488746
yahC_predicted,0.05,19,19,TGACCTAAGTGACGTGACAG,0,4484448
yahC_predicted,0.05,19,19,TGAACCTGATAGTTGGCCTC,0,4482783
yahC_predicted,0.05,19,19,TCTAAGGGGTTGCAGAGAGA,0,4473928
yahC_predicted,0.05,19,19,TCGAACGCATGCATACTTTT,0,4482804
yahC_predicted,0.05,19,19,TCCTGGTCAGTAGGGATTTA,0,4499030
yahC_predicted,0.05,19,19,TCATCCGTTGTGGGGCAATG,0,4503248
yahC_predicted,0.05,19,19,TCATCCCAGGTGGTGGAATA,0,4480110
yahC_predicted,0.05,19,19,TCAACCCCGTCGTGATGGAA,0,4497893
yahC_predicted,0.05,19,19,TATGCCAGACAACGATGCAT,0,4473531
yahC_predicted,0.05,19,19,TAGGTTGAGGGGGATTGTCT,0,4472535
yahC_predicted,0.05,19,19,TAGCCCCTCTACATATGTAG,0,4485893
yahC_predicted,0.05,19,19,TACGCCCTAGACTGAAGACT,0,4493623
yahC_predicted,0.05,19,19,TACGATCGGGCGGAAAAACT,0,4486975
yahC_predicted,0.05,19,19,TACCACGGATTAAGAACACA,0,4478592
yahC_predicted,0.05,19,19,GTTGTAAAAGCTCCTCAGGT,0,4501118
yahC_predicted,0.05,19,19,GTTGGTAGTGGCTAATCAAT,0,4495675
yahC_predicted,0.05,19,19,GTTGCGAAAATCTGGGTGTA,0,4501198
yahC_predicted,0.05,19,19,GTTGATTGGATGATATGCTA,0,4479371
yahC_predicted,0.05,19,19,GTGGAGTCCCGAAGTAGTTT,0,4505816
yahC_predicted,0.05,19,19,GTGCGGTCTTATCTATTACT,0,4503398
yahC_predicted,0.05,19,19,GTCGGAAAGCGTGTTTTACT,0,4480996
yahC_predicted,0.05,19,19,GTCAGGTGTATTCCGTAGGT,0,4483357
yahC_predicted,0.05,19,19,GTATCGATTGCAGAAACGAA,0,4503915
yahC_predicted,0.05,19,19,GTACTCGAGTGACCCGCTCC,0,4473606
yahC_predicted,0.05,19,19,GGGTGCGAATAGTCAGCTAT,0,4507090
yahC_predicted,0.05,19,19,GGGGTCAGGAATTGCGCAAA,0,4482316
yahC_predicted,0.05,19,19,GGGGGGTGAAGAGTGTGAGT,0,4491793
yahC_predicted,0.05,19,19,GGGCAAACCTTAATTTTATT,0,4477074
yahC_predicted,0.05,19,19,GGCCGTATAGGTTGGCGAGA,0,4486588
yahC_predicted,0.05,19,19,GGCCCAGGCGTGACGAGGTC,0,4481728
yahC_predicted,0.05,19,19,GGACCGGGATGACATTCGAG,0,4503423
yahC_predicted,0.05,19,19,GGACCAGTATCAAGCAACTG,0,4504275
yahC_predicted,0.05,19,19,GCTGGAGGTGCCCCAATCAA,0,4483717
yahC_predicted,0.05,19,19,GCGTCCATGTCGCGCGTTCT,0,4502651
yahC_predicted,0.05,19,19,GCGGAAAATTCGTACCTCGC,0,4494392
yahC_predicted,0.05,19,19,GCGCATTCTTACGGCTAATC,0,4480554
yahC_predicted,0.05,19,19,GCCTGACCCTCAAGTACCAC,0,4490802
yahC_predicted,0.05,19,19,GCCTATAATCTATTCCCTTG,0,4503452
yahC_predicted,0.05,19,19,GCCTACGCGGAAGATCGTTC,0,4495917
yahC_predicted,0.05,19,19,GCCGTGTCCCTGATTCGAAT,0,4493539
yahC_predicted,0.05,19,19,GCCGCGACACAAGTACTTCT,0,4507763
yahC_predicted,0.05,19,19,GCCCGACTGGCCTCAGTTAA,0,4472901
yahC_predicted,0.05,19,19,GCCCCTGCTGTCCTCCGACA,0,4511703
yahC_predicted,0.05,19,19,GCAATGCATTATCCTTATGT,0,4474853
yahC_predicted,0.05,19,19,GATTTGTGTAATAGACCGCT,0,4511358
yahC_predicted,0.05,19,19,GATAGGCTATGGGAACCCCC,0,4488486
yahC_predicted,0.05,19,19,GACCTAGCTTTCCATCAAGC,0,4507013
yahC_predicted,0.05,19,19,GAAGCATAATCGTACTAATA,0,4492562
yahC_predicted,0.05,19,19,GAAGAATGAGTCATTCAATC,0,4495545
yahC_predicted,0.05,19,19,GAACGGGTGAATCTCTAATA,0,4489902
yahC_predicted,0.05,19,19,GAACCACGGCAAACATTCCC,0,4509043
yahC_predicted,0.05,19,19,GAAATGCATATACTGCTAGG,0,4509152
yahC_predicted,0.05,19,19,GAAATCGTATTATCCAACAA,0,4506143
yahC_predicted,0.05,19,19,GAAAGCTTTTACTGTAGTGC,0,4507154
yahC_predicted,0.05,19,19,GAAAACAGGTAAGACCGGGT,0,4501455
yahC_predicted,0.05,19,19,CTTAATTTTCCCAGGGTAGG,0,4495138
yahC_predicted,0.05,19,19,CTGTTATCTCTCAGAGAGGA,0,4498255
yahC_predicted,0.05,19,19,CTCGATTGGTTACGAGGCAT,0,4487651
yahC_predicted,0.05,19,19,CTCAAACGGAACAGTAGGAT,0,4509517
yahC_predicted,0.05,19,19,CTAGTTTAAGCGGAATCTGC,0,4484735
yahC_predicted,0.05,19,19,CTAGTGTGAAGTCTCACGAA,0,4493510
yahC_predicted,0.05,19,19,CTAAGCGCGTTGTCCAGTTG,0,4485156
yahC_predicted,0.05,19,19,CTAACTTACCGTCAGACAGC,0,4476398
yahC_predicted,0.05,19,19,CGTGCACTTCACCATACATA,0,4505681
yahC_predicted,0.05,19,19,CGTGATGGGATGGGAGTCTT,0,4508563
yahC_predicted,0.05,19,19,CGTCATCTGTACGGCACCAG,0,4499242
yahC_predicted,0.05,19,19,CGTAGGTAGATATGCATGGA,0,4490895
yahC_predicted,0.05,19,19,CGGTACACTCAACTCGGCGT,0,4508569
yahC_predicted,0.05,19,19,CGGGCAATTACGGAGGGCCG,0,4498520
yahC_predicted,0.05,19,19,CGCTCGGCGAAGCTCCGAGG,0,4502716
yahC_predicted,0.05,19,19,CGCTCCATCTACCGTGAATG,0,4474376
yahC_predicted,0.05,19,19,CGCTAGGAAATACGTCACTA,0,4496063
yahC_predicted,0.05,19,19,CGCCTCTAAGGCACGCGTTC,0,4474549
yahC_predicted,0.05,19,19,CCTGACGTACATCCGCAATC,0,4510302
yahC_predicted,0.05,19,19,CCTCGCGCCGTCGTTCGACC,0,4500382
yahC_predicted,0.05,19,19,CCGTAGATGCGAGTGCGGGC,0,4483447
yahC_predicted,0.05,19,19,CCGGTAGGCGTTTTTGCTCC,0,4490511
yahC_predicted,0.05,19,19,CCGGAGGCGGCATGAAGCCG,0,4474504
yahC_predicted,0.05,19,19,CCGCCTATCCTGAGCCTGTG,0,4475482
yahC_predicted,0.05,19,19,CCCTGAATGAAGTAATAGCA,0,4473006
yahC_predicted,0.05,19,19,CCCTACATTGACTGCCGTCA,0,4483224
yahC_predicted,0.05,19,19,CCCATGTACTAAAACGTTCA,0,4488170
yahC_predicted,0.05,19,19,CATCAACTGAACAGGGTTTT,0,4491471
yahC_predicted,0.05,19,19,CATCAAATCCAACTCGGCAT,0,4474858
yahC_predicted,0.05,19,19,CAGGGCATAGGCAACTCTTT,0,4496034
yahC_predicted,0.05,19,19,CAGATATTTAGGCCTCAAAT,0,4487339
yahC_predicted,0.05,19,19,CAGACTGAGCCTAACGGAAC,0,4504054
yahC_predicted,0.05,19,19,CAGAAAATAGACCGTCAAAG,0,4487830
yahC_predicted,0.05,19,19,CACAGAGCGGTCAAAGGCAT,0,4484630
yahC_predicted,0.05,19,19,CACAATAGGGCAAGCCGTAG,0,4505943
yahC_predicted,0.05,19,19,CAATTGACACTCGTGGTTGT,0,4510140
yahC_predicted,0.05,19,19,CAATCAGCTCAAGGGCTAAA,0,4474988
yahC_predicted,0.05,19,19,CAAGTTCCACTATCATGGGA,0,4487392
yahC_predicted,0.05,19,19,CAAGGATCCTTTGTAGGGGT,0,4496426
yahC_predicted,0.05,19,19,CAAGCCCCTAGTCCTGGTGT,0,4485723
yahC_predicted,0.05,19,19,CAACTGGAACGATCTTGGGT,0,4472955
yahC_predicted,0.05,19,19,ATTTCAAGATATGCCGCTCG,0,4490658
yahC_predicted,0.05,19,19,ATTGCAAACGTAGATGGCAT,0,4502742
yahC_predicted,0.05,19,19,ATGTTATCACCCCGGTAAGC,0,4500200
yahC_predicted,0.05,19,19,ATGATTTTTTGTAATCATAG,0,4473153
yahC_predicted,0.05,19,19,ATGAGCGGTGCCACCATATA,0,4483738
yahC_predicted,0.05,19,19,ATGACTGTCTACCCAATCGT,0,4493254
yahC_predicted,0.05,19,19,ATGACGTGCTCATGCGGTTC,0,4488298
yahC_predicted,0.05,19,19,ATGAAACGTCTTCGGTATCT,0,4491978
yahC_predicted,0.05,19,19,ATCTCAAGTACCACGCTTCT,0,4497296
yahC_predicted,0.05,19,19,ATCGACACTTCATTCGAGAC,0,4482697
yahC_predicted,0.05,19,19,ATCCCTGGCTAACCACAAGG,0,4478461
yahC_predicted,0.05,19,19,ATATAGTCGAGAGCAGAGAT,0,4496200
yahC_predicted,0.05,19,19,ATAGTTAGATCGCAATTTAG,0,4482584
yahC_predicted,0.05,19,19,ATAGCGGTTCCGGAACGCGT,0,4498044
yahC_predicted,0.05,19,19,ATAGATCTCACACGTGTACC,0,4477167
yahC_predicted,0.05,19,19,ATACGCACCGACTACTTCAA,0,4479019
yahC_predicted,0.05,19,19,AGTACTTGGTCTCCTACGAA,0,4473778
yahC_predicted,0.05,19,19,AGTACGATGCAAGCCCTGCA,0,4496432
yahC_predicted,0.05,19,19,AGTACCGAGCTTATGGGATA,0,4479595
yahC_predicted,0.05,19,19,AGGTGGTCTTGGTACGTTAG,0,4488548
yahC_predicted,0.05,19,19,AGCGCCGTGTAGGCTTGACA,0,4480456
yahC_predicted,0.05,19,19,AGCCTCATCCGGGTACTAGT,0,4494906
yahC_predicted,0.05,19,19,AGCCAGAAGATTTTCTTTAT,0,4491633
yahC_predicted,0.05,19,19,AGCAGCCGGTAATCACGGGG,0,4472628
yahC_predicted,0.05,19,19,AGCAACGCCGGTGCCGCGTC,0,4498087
yahC_predicted,0.05,19,19,AGATGCATCAACTGTGTAAG,0,4484029
yahC_predicted,0.05,19,19,ACTAGGCCGTTTGTTTAACC,0,4478619
yahC_predicted,0.05,19,19,ACGTCATCCCGGGTAGCAAC,0,4508466
yahC_predicted,0.05,19,19,ACGCTAAGGTAGAGTCCTTT,0,4491710
yahC_predicted,0.05,19,19,ACGCATAAATGATACAGATC,0,4499581
yahC_predicted,0.05,19,19,ACCGGACTGCCCTTCAGTCC,0,4476790
yahC_predicted,0.05,19,19,ACACAAGACGTGTTTTTTCG,0,4495705
yahC_predicted,0.05,19,19,ACAAGGGTCTAGAGTACCTG,0,4472758
yahC_predicted,0.05,19,19,ACAAACTGCCCAAACAATAT,0,4494161
yahC_predicted,0.05,19,19,AATGTGGTAACAGAGAATCC,0,4494928
yahC_predicted,0.05,19,19,AATGATGTGAGTAGCATAGT,0,4494224
yahC_predicted,0.05,19,19,AATCCCTTAAATACCCTTGT,0,4488442
yahC_predicted,0.05,19,19,AATAAGCCGGCACTTAGTTT,0,4497139
yahC_predicted,0.05,19,19,AAGTCTTATAACTGGTAGCA,0,4502787
yahC_predicted,0.05,19,19,AAGGGTCGCCGCCCCGAGGG,0,4489642
yahC_predicted,0.05,19,19,AAGCCGGCATTATAACAGAT,0,4504280
yahC_predicted,0.05,19,19,AAGAGGAGACACTCAACCCA,0,4477239
yahC_predicted,0.05,19,19,AACAACAAGTTGCTAGCGAA,0,4473052
yahC_predicted,0.05,19,19,AAATCTCCGGTCATACGCCC,0,4499181
yahC_predicted,0.05,19,19,AAAGTCATAGGTAGAATGTG,0,4492629
yahC_predicted,0.05,19,19,AAACTGGTGAAATGGGAACG,0,4497760
yahC_predicted,0.05263157894736842,18,18,TTTTATAAACGTGCATACAA,0,4502779
yahC_predicted,0.05263157894736842,18,18,TTTCTGGCCTTATGCTGGAT,0,4504085
yahC_predicted,0.05263157894736842,18,18,TTTCCTGCCGAGTCTGCGCC,0,4477454
yahC_predicted,0.05263157894736842,18,18,TTTCAGCTACAGGGTCCTTG,0,4476607
yahC_predicted,0.05263157894736842,18,18,TTTAGTTTTATGCTCTGATG,0,4488685
yahC_predicted,0.05263157894736842,18,18,TTGTGGTGTGATTCGCGAGT,0,4498473
yahC_predicted,0.05263157894736842,18,18,TTGGGTCCGACGAGAGATTT,0,4504050
yahC_predicted,0.05263157894736842,18,18,TTGACTGGAGAACAGGGGAT,0,4479866
yahC_predicted,0.05263157894736842,18,18,TTCGGAGCCTGACATAGTAA,0,4505958
yahC_predicted,0.05263157894736842,18,18,TTAGTGTACTGTCAAGCCAC,0,4494828
yahC_predicted,0.05263157894736842,18,18,TTAGGACATAGCGATGTGCT,0,4479373
yahC_predicted,0.05263157894736842,18,18,TTAATAGACATTAGGGCGAG,0,4472908
yahC_predicted,0.05263157894736842,18,18,TTAAGGATTATGTAGCTATA,0,4505789
yahC_predicted,0.05263157894736842,18,18,TTAAAGTATACTGATGTATA,0,4485625
yahC_predicted,0.05263157894736842,18,18,TGTTGACCGTTATACTCTGG,0,4502223
yahC_predicted,0.05263157894736842,18,18,TGTGGGTGACCGCTTGTTAC,0,4486330
yahC_predicted,0.05263157894736842,18,18,TGTATCTGGCGCTTGGGTAT,0,4487630
yahC_predicted,0.05263157894736842,18,18,TGGAGGCACGGCTGGATCTC,0,4485546
yahC_predicted,0.05263157894736842,18,18,TGCGATCCGATTGGAGTTCC,0,4485757
yahC_predicted,0.05263157894736842,18,18,TGCCACTGTGTGCGCCTAGT,0,4489433
yahC_predicted,0.05263157894736842,18,18,TGCAGTCGGTTACTCGATTA,0,4499412
yahC_predicted,0.05263157894736842,18,18,TGCAGCTAAGCCGCGAGAAG,0,4489615
yahC_predicted,0.05263157894736842,18,18,TGAGTAGAAATGAACGATAA,0,4486787
yahC_predicted,0.05263157894736842,18,18,TGACAACACCGAGCTCAGAC,0,4474127
yahC_predicted,0.05263157894736842,18,18,TGAACATGGCGGTTATGCTG,0,4494096
yahC_predicted,0.05263157894736842,18,18,TCTTTTGAAACTCTGGTAAA,0,4486728
yahC_predicted,0.05263157894736842,18,18,TCTTCCCGAAATGATGAGCG,0,4483244
yahC_predicted,0.05263157894736842,18,18,TCGCGAGGGAGTTCAGTTGC,0,4472877
yahC_predicted,0.05263157894736842,18,18,TCGATCATGAATTTATTGAT,0,4510177
yahC_predicted,0.05263157894736842,18,18,TCGACACGGCGTAGCGTTAT,0,4482583
yahC_predicted,0.05263157894736842,18,18,TCGAAACAGGCGACTTTCAC,0,4482186
yahC_predicted,0.05263157894736842,18,18,TCCGTCAAGTCGATATGAGT,0,4502052
yahC_predicted,0.05263157894736842,18,18,TCCGCCCAGTGGCTAAATGA,0,4486355
yahC_predicted,0.05263157894736842,18,18,TCCATGGCTGACTTATTCTT,0,4501369
yahC_predicted,0.05263157894736842,18,18,TCATTCTCAGAATGATTGAG,0,4498410
yahC_predicted,0.05263157894736842,18,18,TCATTACGCACCTTTACAAA,0,4502978
yahC_predicted,0.05263157894736842,18,18,TCACGTAACGGAATCATATA,0,4484937
yahC_predicted,0.05263157894736842,18,18,TCACGGATAGTGGGCTCTTA,0,4498599
yahC_predicted,0.05263157894736842,18,18,TATCTTGGCCTGACAACATA,0,4500984
yahC_predicted,0.05263157894736842,18,18,TATAGTAAGAAACAAGGGTA,0,4488317
yahC_predicted,0.05263157894736842,18,18,TAGCGATAGACTCAATGCAA,0,4485850
yahC_predicted,0.05263157894736842,18,18,TAGATAGGGACTGTTGGCTT,0,4504048
yahC_predicted,0.05263157894736842,18,18,TAGACACATTACCTTTAGTC,0,4474480
yahC_predicted,0.05263157894736842,18,18,TACGGCTGCACGAGTGTCCT,0,4492265
yahC_predicted,0.05263157894736842,18,18,TACCCTCCTACGTGGGGCTT,0,4487200
yahC_predicted,0.05263157894736842,18,18,TAATGACTATGTGCAGAACA,0,4482421
yahC_predicted,0.05263157894736842,18,18,TAAGAGCGGTCTTGCGAGAC,0,4497395
yahC_predicted,0.05263157894736842,18,18,TAAACGTTCTATCCTCTCGC,0,4478432
yahC_predicted,0.05263157894736842,18,18,GTTTTCAGATCAGCGCAACC,0,4492736
yahC_predicted,0.05263157894736842,18,18,GTTGTGTGCGTGTGAACTGT,0,4511646
yahC_predicted,0.05263157894736842,18,18,GTTCCAAATTCGCATGGCAG,0,4486124
yahC_predicted,0.05263157894736842,18,18,GTTAACGTACTCCTAACGCA,0,4476472
yahC_predicted,0.05263157894736842,18,18,GTGGGCAAAAAGAATGTCGA,0,4491043
yahC_predicted,0.05263157894736842,18,18,GTCCAGACAGACACGTTCCT,0,4499086
yahC_predicted,0.05263157894736842,18,18,GTATTTCACAGACAGTAGCG,0,4501887
yahC_predicted,0.05263157894736842,18,18,GTACTAAAATGAGTTTGTCC,0,4482149
yahC_predicted,0.05263157894736842,18,18,GTACGGGAGCATCCACTTGC,0,4488788
yahC_predicted,0.05263157894736842,18,18,GTAAGCGTGGGATGTCACAT,0,4476203
yahC_predicted,0.05263157894736842,18,18,GTAAAAATTATTGGTCGGGA,0,4486077
yahC_predicted,0.05263157894736842,18,18,GGTTCCCTGGCCCGGATAAA,0,4472810
yahC_predicted,0.05263157894736842,18,18,GGTGTGAGTAGACCTGTACA,0,4482090
yahC_predicted,0.05263157894736842,18,18,GGTAACTCTCGCAGATCTAC,0,4475719
yahC_predicted,0.05263157894736842,18,18,GGGGGGCACCGCATTGTATT,0,4473837
yahC_predicted,0.05263157894736842,18,18,GGGCGTTGCAACCATAACGC,0,4502640
yahC_predicted,0.05263157894736842,18,18,GGGCAACACCGGTTCGGTGA,0,4500631
yahC_predicted,0.05263157894736842,18,18,GGGACCTTACGTCGGACGTG,0,4499307
yahC_predicted,0.05263157894736842,18,18,GGCTCCTGAATCATTTATCG,0,4490470
yahC_predicted,0.05263157894736842,18,18,GGCCGCCAGGCGTGGCGGGT,0,4503525
yahC_predicted,0.05263157894736842,18,18,GGCCATCTCAGGTCATCACA,0,4489819
yahC_predicted,0.05263157894736842,18,18,GGCCAGCCAAGGCTTCTGTT,0,4495200
yahC_predicted,0.05263157894736842,18,18,GGCATTGGTACAACTAGGGT,0,4505183
yahC_predicted,0.05263157894736842,18,18,GGCATAATGGGTATAGGGAA,0,4493903
yahC_predicted,0.05263157894736842,18,18,GGCAGAGAGCTAGGCCATCG,0,4504278
yahC_predicted,0.05263157894736842,18,18,GGCAAGTCTCGTCACGGGCT,0,4511268
yahC_predicted,0.05263157894736842,18,18,GGAGGGTAAGACCTTCAGCA,0,4482598
yahC_predicted,0.05263157894736842,18,18,GGAACTCCAGGGGCTATAGT,0,4475155
yahC_predicted,0.05263157894736842,18,18,GCGACTTGGCAGGTGTTCGA,0,4508000
yahC_predicted,0.05263157894736842,18,18,GCCGTGACGGTTCGGGAGGA,0,4492048
yahC_predicted,0.05263157894736842,18,18,GCCCGGTTTAGTGTTGATAG,0,4482800
yahC_predicted,0.05263157894736842,18,18,GCCCCAAACCCGCTTGGGTT,0,4484991
yahC_predicted,0.05263157894736842,18,18,GCCAGCTTATAACTGGACTC,0,4504545
yahC_predicted,0.05263157894736842,18,18,GCAGCAGATTATGTATCAAA,0,4474670
yahC_predicted,0.05263157894736842,18,18,GATTCTTGTTTGTGTGCGTT,0,4503222
yahC_predicted,0.05263157894736842,18,18,GATTCACAGGAACGCGCATC,0,4501979
yahC_predicted,0.05263157894736842,18,18,GATGGTTGGTCTTCCCTTTA,0,4492262
yahC_predicted,0.05263157894736842,18,18,GATGGGTCTAGATCACAGTC,0,4502840
yahC_predicted,0.05263157894736842,18,18,GATAGTTCATGAAGGCGCGC,0,4481116
yahC_predicted,0.05263157894736842,18,18,GATAGTCATCATTCGGCACT,0,4482930
yahC_predicted,0.05263157894736842,18,18,GAGTTTCGTGTAACTGCATA,0,4498438
yahC_predicted,0.05263157894736842,18,18,GAGTAAAACTTACGGGTATC,0,4488750
yahC_predicted,0.05263157894736842,18,18,GAGAGATTGCAGGGGTTCCC,0,4502697
yahC_predicted,0.05263157894736842,18,18,GACTGCTGTAAGACCACCAA,0,4475436
yahC_predicted,0.05263157894736842,18,18,GACTCGACGTCTTACAACGG,0,4511373
yahC_predicted,0.05263157894736842,18,18,GACTAGCTTAGCTAGCGGCG,0,4497377
yahC_predicted,0.05263157894736842,18,18,GACAGTTCCTTTGGAACGGC,0,4510711
yahC_predicted,0.05263157894736842,18,18,GAATGGCTAAGCCTGGCATG,0,4494189
yahC_predicted,0.05263157894736842,18,18,GAACATCCCCAACACTCCTG,0,4473609
yahC_predicted,0.05263157894736842,18,18,CTTGCATCTCATCTCGGCCA,0,4505932
yahC_predicted,0.05263157894736842,18,18,CTGTTGGGCGCGACGCCGGG,0,4503275
yahC_predicted,0.05263157894736842,18,18,CTGGCTCTGGGTCGATCTAC,0,4491881
yahC_predicted,0.05263157894736842,18,18,CTCTATAGTGCCGGGGAAGC,0,4477986
yahC_predicted,0.05263157894736842,18,18,CTCCGCCAGCTCGACCCCCA,0,4508490
yahC_predicted,0.05263157894736842,18,18,CTCCCCCTGACGTACCGATC,0,4487840
yahC_predicted,0.05263157894736842,18,18,CGTGTTCATCGTACAGGGTG,0,4493273
yahC_predicted,0.05263157894736842,18,18,CGTCACTGGCATAGCCTCTA,0,4501221
yahC_predicted,0.05263157894736842,18,18,CGTAGCTTCATATGGAATTT,0,4503569
yahC_predicted,0.05263157894736842,18,18,CGTAATCGCGTGGCCCGATC,0,4506960
yahC_predicted,0.05263157894736842,18,18,CGGTTTCCTTTGTGCGGTAC,0,4508232
yahC_predicted,0.05263157894736842,18,18,CGGTCGTACTGCGTCTACCA,0,4478721
yahC_predicted,0.05263157894736842,18,18,CGGCTTACAACTGGACCAAT,0,4482278
yahC_predicted,0.05263157894736842,18,18,CGCTTATACCCCTGGCGGCG,0,4477788
yahC_predicted,0.05263157894736842,18,18,CGAGCTCATTTATGACCGTG,0,4508646
yahC_predicted,0.05263157894736842,18,18,CGACACCTAAAAGGAGCAAT,0,4490697
yahC_predicted,0.05263157894736842,18,18,CGAACAATAAATGCAAACTA,0,4498114
yahC_predicted,0.05263157894736842,18,18,CCTTGGACATGGCTCGAAAA,0,4493177
yahC_predicted,0.05263157894736842,18,18,CCTTATAGTAGTGCTAGCTA,0,4491724
yahC_predicted,0.05263157894736842,18,18,CCTTAGAGGGTTTGTCGATC,0,4509188
yahC_predicted,0.05263157894736842,18,18,CCTGGCGGCAACCAAAATCA,0,4507938
yahC_predicted,0.05263157894736842,18,18,CCTCACATAGCTCCTCAAAG,0,4482178
yahC_predicted,0.05263157894736842,18,18,CCTATATGAACGTCGCTGAC,0,4493654
yahC_predicted,0.05263157894736842,18,18,CCTACCGGGTCCAGTGCAGG,0,4477912
yahC_predicted,0.05263157894736842,18,18,CCGGTGCCGTCATCAAATGT,0,4486822
yahC_predicted,0.05263157894736842,18,18,CCGGCCCTCTATGCACAGTA,0,4492943
yahC_predicted,0.05263157894736842,18,18,CCGCGGGCATTTTTATTTAC,0,4474916
yahC_predicted,0.05263157894736842,18,18,CCCGCGTTTCCGAGGTCGTG,0,4501279
yahC_predicted,0.05263157894736842,18,18,CCCCAGTGGGGAAAATTTCT,0,4507775
yahC_predicted,0.05263157894736842,18,18,CCAGCTCGGTTTGGGTACTG,0,4474126
yahC_predicted,0.05263157894736842,18,18,CAGGGATGTGTTTCTAAGGA,0,4490898
yahC_predicted,0.05263157894736842,18,18,CAGGAGTTAGCACAACTCCA,0,4494452
yahC_predicted,0.05263157894736842,18,18,CACTGTTGATCTCGCTCGCA,0,4489921
yahC_predicted,0.05263157894736842,18,18,CACGATGATTGTTTGTCCGT,0,4507357
yahC_predicted,0.05263157894736842,18,18,CACATGCGATCGCGGCGTAG,0,4505650
yahC_predicted,0.05263157894736842,18,18,CAATCACTCTAGGTGAGTTA,0,4508722
yahC_predicted,0.05263157894736842,18,18,CAAGTCGATATTTGCGGTGT,0,4476543
yahC_predicted,0.05263157894736842,18,18,ATTCACCCTTCAGGCGGGAA,0,4486944
yahC_predicted,0.05263157894736842,18,18,ATTAACCCATTGCATATTGA,0,4508230
yahC_predicted,0.05263157894736842,18,18,ATGTTGACTTCCAGTGGCTT,0,4484408
yahC_predicted,0.05263157894736842,18,18,ATGGCTATGGCCTAAAGGAT,0,4502813
yahC_predicted,0.05263157894736842,18,18,ATGACGACTGCCTCAGGGTA,0,4500289
yahC_predicted,0.05263157894736842,18,18,ATGAAAACATAGTAGTCTAT,0,4496784
yahC_predicted,0.05263157894736842,18,18,ATCTTATTCGGCACGCTGTG,0,4477143
yahC_predicted,0.05263157894736842,18,18,ATCGGCGTATTGTTATCGAA,0,4506164
yahC_predicted,0.05263157894736842,18,18,ATAGTTCCCACAAGGAGGAC,0,4503550
yahC_predicted,0.05263157894736842,18,18,ATAGATGCCTACTGGCTGGC,0,4497329
yahC_predicted,0.05263157894736842,18,18,ATACCGAAGATAGTCCGAAA,0,4487903
yahC_predicted,0.05263157894736842,18,18,ATAATCGGCCCGTGTGCGGC,0,4487666
yahC_predicted,0.05263157894736842,18,18,AGTGTTTACGGGTCGCTCCC,0,4495771
yahC_predicted,0.05263157894736842,18,18,AGTGAATCCTAGATTTCTCC,0,4483740
yahC_predicted,0.05263157894736842,18,18,AGTCTCAGCATTTGCAAAAA,0,4511171
yahC_predicted,0.05263157894736842,18,18,AGTCCATAAAGCTTCAGAAG,0,4483864
yahC_predicted,0.05263157894736842,18,18,AGGTCAATGCCTGTGGATCC,0,4495425
yahC_predicted,0.05263157894736842,18,18,AGGGAATGGTACACCTTGCT,0,4488781
yahC_predicted,0.05263157894736842,18,18,AGGCGTCTGGCAAATGTACA,0,4497413
yahC_predicted,0.05263157894736842,18,18,AGGACCGTGGCAAAAGGGAT,0,4479316
yahC_predicted,0.05263157894736842,18,18,AGGAAAAATCTTCATAACCG,0,4479448
yahC_predicted,0.05263157894736842,18,18,AGCTTGGTACTCCCGCAGCG,0,4480266
yahC_predicted,0.05263157894736842,18,18,AGCGTCAAGATGTCCGTCTC,0,4499679
yahC_predicted,0.05263157894736842,18,18,AGCCTAAGGGGGGAGCCACA,0,4510195
yahC_predicted,0.05263157894736842,18,18,AGATTTTCGTGGGGCAGGTT,0,4499948
yahC_predicted,0.05263157894736842,18,18,AGATAGCTATGCGCGGGATG,0,4511060
yahC_predicted,0.05263157894736842,18,18,AGACTGAGTATCACATTCTT,0,4496966
yahC_predicted,0.05263157894736842,18,18,AGACTAAGGACTCCCGCGAA,0,4472654
yahC_predicted,0.05263157894736842,18,18,AGACCTAAGTTATTGGCAAA,0,4511048
yahC_predicted,0.05263157894736842,18,18,AGAATAGGCATGCCGCTATG,0,4510980
yahC_predicted,0.05263157894736842,18,18,ACTTTCAGGACTAATACATT,0,4490683
yahC_predicted,0.05263157894736842,18,18,ACTTCGCTCTATCATCGTGT,0,4510111
yahC_predicted,0.05263157894736842,18,18,ACTTAGGTTCGCGGGGTTCC,0,4500245
yahC_predicted,0.05263157894736842,18,18,ACTTAGAGCACGCGTCGCGT,0,4489263
yahC_predicted,0.05263157894736842,18,18,ACTGTACAGTACGGTAGTGT,0,4492645
yahC_predicted,0.05263157894736842,18,18,ACTGGAAACGGGGCATTGTT,0,4504702
yahC_predicted,0.05263157894736842,18,18,ACTCGTCAGGACAGCTTGTG,0,4482076
yahC_predicted,0.05263157894736842,18,18,ACTCGGGTAGTTAGTGTTCC,0,4480763
yahC_predicted,0.05263157894736842,18,18,ACTCCGCGCATAAAGGTCCA,0,4503675
yahC_predicted,0.05263157894736842,18,18,ACTAATAGTTACTCTGGGGT,0,4495070
yahC_predicted,0.05263157894736842,18,18,ACGTTGATCTGCAGGGCTTT,0,4505776
yahC_predicted,0.05263157894736842,18,18,ACGTCACGAAATGCTAGCCA,0,4493436
yahC_predicted,0.05263157894736842,18,18,ACGGTTGAAGGCTAATTTGA,0,4510144
yahC_predicted,0.05263157894736842,18,18,ACGGTGTTGATTGATATTCT,0,4493392
yahC_predicted,0.05263157894736842,18,18,ACCTCGCGGTACTTGATTTG,0,4505410
yahC_predicted,0.05263157894736842,18,18,ACCGTTAATGGCAATTCAAA,0,4497718
yahC_predicted,0.05263157894736842,18,18,ACATGCTTGGACAGGGCTCC,0,4491042
yahC_predicted,0.05263157894736842,18,18,AAGTCCAGTCGGTCCCTACT,0,4510072
yahC_predicted,0.05263157894736842,18,18,AAGTATCACGGAAAGAAACT,0,4476554
yahC_predicted,0.05263157894736842,18,18,AAGTAGCCCTCGTACGCCGC,0,4498193
yahC_predicted,0.05263157894736842,18,18,AAGGCCGATGACATTGTGGG,0,4479719
yahC_predicted,0.05263157894736842,18,18,AAGGAGAACAATAGGTCGGT,0,4484838
yahC_predicted,0.05263157894736842,18,18,AAGCGACGCCTACTTCCGCT,0,4510669
yahC_predicted,0.05263157894736842,18,18,AAACGCCACTCAAACACCTC,0,4477374
yahC_predicted,0.05263157894736842,18,18,AAACCCATTATATTTCATTC,0,4488777
yahC_predicted,0.05263157894736842,18,18,AAAATCATTCATGGCGGGTG,0,4478803
yahC_predicted,0.05263157894736842,18,18,AAAACCAGCCTGATCCAGCG,0,4508252
yahC_predicted,0.05555555555555555,17,17,TTTGCGAGACGCAGTCTCGG,0,4477500
yahC_predicted,0.05555555555555555,17,17,TTTCTGATCGGGAACGGTAC,0,4491319
yahC_predicted,0.05555555555555555,17,17,TTTCTCTGAGCGGTGGGTCA,0,4489343
yahC_predicted,0.05555555555555555,17,17,TTTCGGAGTGTGTGAAAGAA,0,4482559
yahC_predicted,0.05555555555555555,17,17,TTGGCCAGGACTGTGTGCGC,0,4491981
yahC_predicted,0.05555555555555555,17,17,TTGAGCGGAGAGCGTATGGA,0,4499680
yahC_predicted,0.05555555555555555,17,17,TTGAGAGCTAGGACCGCGCG,0,4499949
yahC_predicted,0.05555555555555555,17,17,TTGACTTCCATGTGAGTCTG,0,4490180
yahC_predicted,0.05555555555555555,17,17,TTGACGATTTTCTCTCGCGC,0,4481640
yahC_predicted,0.05555555555555555,17,17,TTCTAGGGCCGCCCCGTGTA,0,4485482
yahC_predicted,0.05555555555555555,17,17,TTCGAGCGGAGTTAGCGTTA,0,4504017
yahC_predicted,0.05555555555555555,17,17,TTCGACGTGCTACAAGTATT,0,4497312
yahC_predicted,0.05555555555555555,17,17,TTATCATACAGATGTGCTGT,0,4492287
yahC_predicted,0.05555555555555555,17,17,TTAGTGTCCCGAGAGACGTA,0,4474233
yahC_predicted,0.05555555555555555,17,17,TTACTATACGGGATCTGTCT,0,4497731
yahC_predicted,0.05555555555555555,17,17,TTAATGGAAAAAGTCGAAGG,0,4479621
yahC_predicted,0.05555555555555555,17,17,TGTGCCTATTGGTGCGCAGA,0,4487795
yahC_predicted,0.05555555555555555,17,17,TGGGGCCAGGGTACTACCTC,0,4504867
yahC_predicted,0.05555555555555555,17,17,TGGGACTCGGCTTCCCACAC,0,4502012
yahC_predicted,0.05555555555555555,17,17,TGGCACGGCGGTATCTGGAT,0,4491503
yahC_predicted,0.05555555555555555,17,17,TGCTGACCTATACAGTTAGC,0,4508012
yahC_predicted,0.05555555555555555,17,17,TGCGATGCTCAGACGAGAGT,0,4480631
yahC_predicted,0.05555555555555555,17,17,TGCGAATAACTTTATCAATG,0,4485592
yahC_predicted,0.05555555555555555,17,17,TGCCTCATATGGCACTCCCC,0,4477317
yahC_predicted,0.05555555555555555,17,17,TGCCCTGCTTGTCGGCTGAA,0,4481577
yahC_predicted,0.05555555555555555,17,17,TGCAGAGGGTATCGCCCTTT,0,4495114
yahC_predicted,0.05555555555555555,17,17,TGATATTTACCTGTCGCACG,0,4481245
yahC_predicted,0.05555555555555555,17,17,TGAGAAGATAGGAACGAGGC,0,4510184
yahC_predicted,0.05555555555555555,17,17,TGACCGGGTTATACAGGATT,0,4485798
yahC_predicted,0.05555555555555555,17,17,TCTTTGTTGGACACTAATAG,0,4494762
yahC_predicted,0.05555555555555555,17,17,TCTTGAAGCAGTCAATTGAC,0,4479002
yahC_predicted,0.05555555555555555,17,17,TCTACCTCCATGGCCATGTG,0,4503508
yahC_predicted,0.05555555555555555,17,17,TCGTGGTTCTGGACTTAATC,0,4507671
yahC_predicted,0.05555555555555555,17,17,TCGGAACTCCAGATACTCGT,0,4502080
yahC_predicted,0.05555555555555555,17,17,TCCCTGTCTTCGCTGCGTAG,0,4480023
yahC_predicted,0.05555555555555555,17,17,TCCACCGTGGAAGGGTCTAC,0,4472658
yahC_predicted,0.05555555555555555,17,17,TCAACTGCTGACACAATGAA,0,4493399
yahC_predicted,0.05555555555555555,17,17,TATGTATCGTTGTCCGGGTG,0,4505246
yahC_predicted,0.05555555555555555,17,17,TATGCTTACATATCGAGACA,0,4489547
yahC_predicted,0.05555555555555555,17,17,TATCGTTCGTTGTGCTCTGG,0,4477185
yahC_predicted,0.05555555555555555,17,17,TATCCGCCTTCTGGCATAGG,0,4474478
yahC_predicted,0.05555555555555555,17,17,TATAGTCCTCACGCCTTGTG,0,4506121
yahC_predicted,0.05555555555555555,17,17,TAGGCGCGTAGGAACAGCTA,0,4505195
yahC_predicted,0.05555555555555555,17,17,TAGCCGTACGTAGTACAGTT,0,4484157
yahC_predicted,0.05555555555555555,17,17,TAGATTCGAAGGGGTTGTAA,0,4497492
yahC_predicted,0.05555555555555555,17,17,TACTAGGATTGCTCTGGCGG,0,4475023
yahC_predicted,0.05555555555555555,17,17,TACGGGCACCCATGGTGCTC,0,4491932
yahC_predicted,0.05555555555555555,17,17,TACGACATCCAGATATTTCA,0,4481536
yahC_predicted,0.05555555555555555,17,17,TACCTAGCCATTCAGCCCTG,0,4473664
yahC_predicted,0.05555555555555555,17,17,TACAGCTGACCAATGCCTAT,0,4500706
yahC_predicted,0.05555555555555555,17,17,TACAGAGCAGCTCACCGCAA,0,4489165
yahC_predicted,0.05555555555555555,17,17,TAATGTAGTCCGTGACTGTT,0,4501212
yahC_predicted,0.05555555555555555,17,17,TAATGGATACTCACTACGCA,0,4473776
yahC_predicted,0.05555555555555555,17,17,TAATACACAGATAGAAAATC,0,4477827
yahC_predicted,0.05555555555555555,17,17,TAACATAGAGTATTGGGAAC,0,4500563
yahC_predicted,0.05555555555555555,17,17,GTTGAGCTCGTTGCCCGGTA,0,4476839
yahC_predicted,0.05555555555555555,17,17,GTGTCATGTTGGGTCCCGCC,0,4483989
yahC_predicted,0.05555555555555555,17,17,GTGGGGTTACATTAGGCCAG,0,4480458
yahC_predicted,0.05555555555555555,17,17,GTGCGTGTTCAAACTGCGCC,0,4495139
yahC_predicted,0.05555555555555555,17,17,GTGAAACTTACGTCCGATGA,0,4500300
yahC_predicted,0.05555555555555555,17,17,GTCGAAGCCCGCCAAGTGGC,0,4476640
yahC_predicted,0.05555555555555555,17,17,GTCATCGATAATCGATACCC,0,4485105
yahC_predicted,0.05555555555555555,17,17,GTATACATGATCAATGCAAT,0,4490515
yahC_predicted,0.05555555555555555,17,17,GTAGGACGTGATCACATGTT,0,4501970
yahC_predicted,0.05555555555555555,17,17,GTAGATCACAGTACAAGGAG,0,4493343
yahC_predicted,0.05555555555555555,17,17,GTACGACTACACTGCAGAAT,0,4502374
yahC_predicted,0.05555555555555555,17,17,GTACCCGGGATCTCGAAAAA,0,4509570
yahC_predicted,0.05555555555555555,17,17,GTAAGGCAGTTTCTGTCCTC,0,4494323
yahC_predicted,0.05555555555555555,17,17,GGTGTGAGTGAGTCCCCATT,0,4506778
yahC_predicted,0.05555555555555555,17,17,GGTGTAATGCGATCGTGTTG,0,4508261
yahC_predicted,0.05555555555555555,17,17,GGTCGTACGTCCCGGTGATA,0,4482929
yahC_predicted,0.05555555555555555,17,17,GGTCCGATTGTTATGGTACA,0,4510329
yahC_predicted,0.05555555555555555,17,17,GGTCCCTTCTGCAAGGCGCA,0,4508632
yahC_predicted,0.05555555555555555,17,17,GGTACCTCTAGACGCCGATA,0,4491614
yahC_predicted,0.05555555555555555,17,17,GGGTTTAGTCCTCTTAACCT,0,4506063
yahC_predicted,0.05555555555555555,17,17,GGGTGGAATGGAACATGGGT,0,4493948
yahC_predicted,0.05555555555555555,17,17,GGGTCTGGGGCCGCTAGCCT,0,4509631
yahC_predicted,0.05555555555555555,17,17,GGGTCTCGAACTGGTACTTT,0,4476572
yahC_predicted,0.05555555555555555,17,17,GGGTATGGATGCGAAGTCAT,0,4506815
yahC_predicted,0.05555555555555555,17,17,GGGGTGAGTAGTCGAAATCT,0,4486044
yahC_predicted,0.05555555555555555,17,17,GGGCCGAACTCTACGTAGCA,0,4488280
yahC_predicted,0.05555555555555555,17,17,GGCTCTAGTAGCCGGACAAT,0,4489897
yahC_predicted,0.05555555555555555,17,17,GGCGAAATCGTGCGCCAATT,0,4509910
yahC_predicted,0.05555555555555555,17,17,GGCCTATTGGCAAGGCAAAC,0,4481304
yahC_predicted,0.05555555555555555,17,17,GGATCCGTGTCTTGTCGTCG,0,4511232
yahC_predicted,0.05555555555555555,17,17,GGATACGTAACCCGGACTAC,0,4495347
yahC_predicted,0.05555555555555555,17,17,GGACTTTATCGCTATGGGTT,0,4501722
yahC_predicted,0.05555555555555555,17,17,GGAACCCTGGTAGATTCAGT,0,4483621
yahC_predicted,0.05555555555555555,17,17,GGAAATACTGAAGTTTGAGT,0,4475874
yahC_predicted,0.05555555555555555,17,17,GCTTACCCTTGCAAGAGCTA,0,4505194
yahC_predicted,0.05555555555555555,17,17,GCTCCTCTGGCCTCGCGCTG,0,4486937
yahC_predicted,0.05555555555555555,17,17,GCTCATGCAACACATAATTC,0,4489166
yahC_predicted,0.05555555555555555,17,17,GCGTCGGGGTTGTTCCCTTT,0,4490193
yahC_predicted,0.05555555555555555,17,17,GCGATTGTTCTCCGTATTCG,0,4486650
yahC_predicted,0.05555555555555555,17,17,GCCCCGATTGTGTCTATCAG,0,4490576
yahC_predicted,0.05555555555555555,17,17,GCCAGAGGCGGAGCCATTCA,0,4482733
yahC_predicted,0.05555555555555555,17,17,GCATGGCATTGTGTCCCTAG,0,4475917
yahC_predicted,0.05555555555555555,17,17,GCATGAAGTACACCTTTAGT,0,4508799
yahC_predicted,0.05555555555555555,17,17,GCATACTTCAATGTACCGAG,0,4509618
yahC_predicted,0.05555555555555555,17,17,GCAGCTTGGCCCCTCGGGTT,0,4496976
yahC_predicted,0.05555555555555555,17,17,GCACCCGCGCCACTGTATAT,0,4486471
yahC_predicted,0.05555555555555555,17,17,GCAAAACGTGCCGGGATTTA,0,4476510
yahC_predicted,0.05555555555555555,17,17,GATCTGAACGCAAATCGCTT,0,4480261
yahC_predicted,0.05555555555555555,17,17,GATCGTGCGCAACGTCCCAT,0,4487978
yahC_predicted,0.05555555555555555,17,17,GATCCCCACCTCAGGCATGA,0,4477909
yahC_predicted,0.05555555555555555,17,17,GATATGCGCACTGCCCTCAG,0,4511732
yahC_predicted,0.05555555555555555,17,17,GAGGCTCACAAAAACGGTAT,0,4495854
yahC_predicted,0.05555555555555555,17,17,GAGATGTTTGCACTTTCATA,0,4507934
yahC_predicted,0.05555555555555555,17,17,GACGTCTGAGGCACTATGTA,0,4493461
yahC_predicted,0.05555555555555555,17,17,GACGGCTAAGGTTACTCTGC,0,4496863
yahC_predicted,0.05555555555555555,17,17,GACCGACACTCGCGGGGGCA,0,4475465
yahC_predicted,0.05555555555555555,17,17,GACCATGTACGATGACCGAC,0,4481695
yahC_predicted,0.05555555555555555,17,17,GACACGTCTTCCCGTGCATA,0,4481553
yahC_predicted,0.05555555555555555,17,17,GAATAACACCTCAACCTATT,0,4508441
yahC_predicted,0.05555555555555555,17,17,GAAGAGCAAGGCTCAATTCA,0,4506608
yahC_predicted,0.05555555555555555,17,17,GAACATAATGTGCGCAAAGG,0,4473055
yahC_predicted,0.05555555555555555,17,17,GAAACCGCGGGCGGGGTACT,0,4501464
yahC_predicted,0.05555555555555555,17,17,CTTTCCTTTCCATAGTCGGC,0,4480462
yahC_predicted,0.05555555555555555,17,17,CTTCCTCATTCGGTTACGAG,0,4483361
yahC_predicted,0.05555555555555555,17,17,CTTATGATACAGTCCGACAC,0,4508944
yahC_predicted,0.05555555555555555,17,17,CTGTTATCGCTTTAATCTAT,0,4508879
yahC_predicted,0.05555555555555555,17,17,CTGGATGGCTCCGTGCCAAT,0,4492174
yahC_predicted,0.05555555555555555,17,17,CTGCTCAGTGCGGACTTCTT,0,4502541
yahC_predicted,0.05555555555555555,17,17,CTGCCCCTATCTGACACTCA,0,4474062
yahC_predicted,0.05555555555555555,17,17,CTGCAAATCCACAAACTGGT,0,4474712
yahC_predicted,0.05555555555555555,17,17,CTCGACGACTTCGCACATAG,0,4475184
yahC_predicted,0.05555555555555555,17,17,CTATATTAATGTAGAGTAGC,0,4498156
yahC_predicted,0.05555555555555555,17,17,CTAGAGATAAGCTTATGGTG,0,4484684
yahC_predicted,0.05555555555555555,17,17,CTACTACTATTGTAGTTAAC,0,4482892
yahC_predicted,0.05555555555555555,17,17,CTACAGTATTAAATTATAAT,0,4510012
yahC_predicted,0.05555555555555555,17,17,CGTTATTTGGACATTGAATT,0,4482338
yahC_predicted,0.05555555555555555,17,17,CGTATGCAAGTGCTCATGTT,0,4486608
yahC_predicted,0.05555555555555555,17,17,CGTATACCCTAGTTTAATCT,0,4483911
yahC_predicted,0.05555555555555555,17,17,CGGTCGATGTCCTCGGGAAG,0,4487488
yahC_predicted,0.05555555555555555,17,17,CGGGCGCGCTAGCTAGTAAT,0,4486985
yahC_predicted,0.05555555555555555,17,17,CGGCGTAGTCATTCGTATGG,0,4482924
yahC_predicted,0.05555555555555555,17,17,CGCTATGAATATTACGTCCG,0,4501299
yahC_predicted,0.05555555555555555,17,17,CGCCTTGTGGCACATGTGGC,0,4482333
yahC_predicted,0.05555555555555555,17,17,CGCATTAGGTGGGCCAACAC,0,4499449
yahC_predicted,0.05555555555555555,17,17,CGCAGAGCTGAATGGCCCGT,0,4478351
yahC_predicted,0.05555555555555555,17,17,CGACCTGATTACGTTGCGTT,0,4478083
yahC_predicted,0.05555555555555555,17,17,CGAACAGTGGGAGCTGGATG,0,4499545
yahC_predicted,0.05555555555555555,17,17,CGAAAGCCACCAAGATACGT,0,4509988
yahC_predicted,0.05555555555555555,17,17,CCTACGAGGTACACGTGTAA,0,4473195
yahC_predicted,0.05555555555555555,17,17,CCGTTTTACATCTCTTAGAG,0,4474532
yahC_predicted,0.05555555555555555,17,17,CCGTGTTGTCCGGTTTTAAA,0,4504410
yahC_predicted,0.05555555555555555,17,17,CCGTGTTGCGCAACAGTGTT,0,4492078
yahC_predicted,0.05555555555555555,17,17,CCGTACACAGTGATGTTGTG,0,4482916
yahC_predicted,0.05555555555555555,17,17,CCGGCCCCCGAACAATATCT,0,4502214
yahC_predicted,0.05555555555555555,17,17,CCGAGGAGCTCTGTCGAACT,0,4490496
yahC_predicted,0.05555555555555555,17,17,CCCGTTTAAGTGGAGGGTAA,0,4492281
yahC_predicted,0.05555555555555555,17,17,CCCGTATGGTTTCACGCTAC,0,4494394
yahC_predicted,0.05555555555555555,17,17,CCCGGTTAGTTGATGTTCAT,0,4492433
yahC_predicted,0.05555555555555555,17,17,CCCCCCGCACTAGACCACTT,0,4506723
yahC_predicted,0.05555555555555555,17,17,CCATCTTGTATCTCCCAAGA,0,4483714
yahC_predicted,0.05555555555555555,17,17,CCATCGGATCGCTTTAGAAT,0,4507437
yahC_predicted,0.05555555555555555,17,17,CCAGTTAGGGTGCTGACTGT,0,4491798
yahC_predicted,0.05555555555555555,17,17,CCAGAGCTCCTCAAATCCCA,0,4504374
yahC_predicted,0.05555555555555555,17,17,CCACTTTATTTTTACATGTA,0,4488542
yahC_predicted,0.05555555555555555,17,17,CCAAGCAGCTTGCGGCCATA,0,4474482
yahC_predicted,0.05555555555555555,17,17,CATACGCATAGGCAGAAGGA,0,4496563
yahC_predicted,0.05555555555555555,17,17,CAGGTGTAGTTTGTCCGCAA,0,4495963
yahC_predicted,0.05555555555555555,17,17,CAGCGACACCTCACAAGTAG,0,4477396
yahC_predicted,0.05555555555555555,17,17,CAGAACCCAGTGCCTAGCAT,0,4491302
yahC_predicted,0.05555555555555555,17,17,CACTGGGACCGCGGATAGCT,0,4495423
yahC_predicted,0.05555555555555555,17,17,CACGCCCGGTTGCACCTTCA,0,4496860
yahC_predicted,0.05555555555555555,17,17,CAATCCTTTACTTGGCCCGT,0,4507820
yahC_predicted,0.05555555555555555,17,17,CAACGTATCAGGCGATGAAA,0,4506169
yahC_predicted,0.05555555555555555,17,17,CAACCTGTTTAAGACAGACT,0,4504697
yahC_predicted,0.05555555555555555,17,17,ATTGCGTTCAACCATATCCC,0,4509991
yahC_predicted,0.05555555555555555,17,17,ATTGCATTACCGGGCCAGGG,0,4479515
yahC_predicted,0.05555555555555555,17,17,ATTACTCTAATATAAGATAG,0,4489214
yahC_predicted,0.05555555555555555,17,17,ATGGTGATATTTGGACCGAT,0,4501396
yahC_predicted,0.05555555555555555,17,17,ATGGAAATCAATCGAATTTA,0,4504125
yahC_predicted,0.05555555555555555,17,17,ATGCTGACCCAGGTAGCCTG,0,4508938
yahC_predicted,0.05555555555555555,17,17,ATGACCTGCAAGCTTATACA,0,4473975
yahC_predicted,0.05555555555555555,17,17,ATAAGCTTTGGGCTATCCGT,0,4489211
yahC_predicted,0.05555555555555555,17,17,ATAAATTCAGCTTTCTCCGC,0,4480720
yahC_predicted,0.05555555555555555,17,17,AGTCATCAAACTGTACACAA,0,4476367
yahC_predicted,0.05555555555555555,17,17,AGGGTGTCCGGCGCCAAACA,0,4504516
yahC_predicted,0.05555555555555555,17,17,AGGGTACGCAACTGACGCCC,0,4477702
yahC_predicted,0.05555555555555555,17,17,AGGGGTTAATGTAGGTACGA,0,4475904
yahC_predicted,0.05555555555555555,17,17,AGGGGTGCCACCAATTCGAT,0,4499769
yahC_predicted,0.05555555555555555,17,17,AGGGGCCTTGAGTCTGCGCG,0,4482578
yahC_predicted,0.05555555555555555,17,17,AGGGGAATTGTACCAGTTTC,0,4476842
yahC_predicted,0.05555555555555555,17,17,AGCTTTGCGGTTTAGACGTG,0,4501001
yahC_predicted,0.05555555555555555,17,17,AGCCTCGGGCAGGACGATAA,0,4476180
yahC_predicted,0.05555555555555555,17,17,AGCCAGGAGAAAGCGTGTGT,0,4509532
yahC_predicted,0.05555555555555555,17,17,AGCACAATTGGTTCCTGGCC,0,4507772
yahC_predicted,0.05555555555555555,17,17,AGAGTGATAATGCCTTTGGA,0,4509934
yahC_predicted,0.05555555555555555,17,17,AGAGTCAAATAACTGTGCGG,0,4495770
yahC_predicted,0.05555555555555555,17,17,AGAGGGTCCCTCTCGGTACA,0,4494655
yahC_predicted,0.05555555555555555,17,17,AGACGTCCTTAAGCTTAGCT,0,4476928
yahC_predicted,0.05555555555555555,17,17,ACTTTCAACTCACAACTCCT,0,4488409
yahC_predicted,0.05555555555555555,17,17,ACTGGATGAAATTGTCGTGA,0,4488149
yahC_predicted,0.05555555555555555,17,17,ACTGCCGGGAGCGCCGATGA,0,4473249
yahC_predicted,0.05555555555555555,17,17,ACTCCGCGTCAAGGAGTCAG,0,4497246
yahC_predicted,0.05555555555555555,17,17,ACGGCAAGGGCTGGACATAG,0,4480325
yahC_predicted,0.05555555555555555,17,17,ACGCGGCGGGGATGACGGGT,0,4479941
yahC_predicted,0.05555555555555555,17,17,ACCTGAGAACAATCGGGGTC,0,4494760
yahC_predicted,0.05555555555555555,17,17,ACCTCGAATTCGAGTTCGAT,0,4480318
yahC_predicted,0.05555555555555555,17,17,ACCGTTACCATCCTGGCGCA,0,4488151
yahC_predicted,0.05555555555555555,17,17,ACCGTAGATTGCAGATCCTT,0,4497280
yahC_predicted,0.05555555555555555,17,17,ACACGGGGAACGAACTCATG,0,4494025
yahC_predicted,0.05555555555555555,17,17,ACACCTCGGGCGCCCTTATG,0,4495325
yahC_predicted,0.05555555555555555,17,17,AATTGGTCATTAGAACAGTT,0,4501154
yahC_predicted,0.05555555555555555,17,17,AATTACTATAAAGAGCATAA,0,4500926
yahC_predicted,0.05555555555555555,17,17,AACGCATTCGACGGTAGGAG,0,4482444
yahC_predicted,0.05555555555555555,17,17,AACAACACTGGATCTACTTA,0,4494411
yahC_predicted,0.05555555555555555,17,17,AAATTCCAGATCGTGAGCCC,0,4494740
yahC_predicted,0.05555555555555555,17,17,AAACACATTCAGAACGAGAC,0,4481552
yahC_predicted,0.05555555555555555,17,17,AAAATTTATCACAGCAGTCT,0,4511553
yahC_predicted,0.058823529411764705,16,16,TTTTGATAGACTCCTACTAA,0,4487227
yahC_predicted,0.058823529411764705,16,16,TTTCGGTTACTCCATCAACC,0,4478011
yahC_predicted,0.058823529411764705,16,16,TTTCCCGCCAGAAGGTAATA,0,4509429
yahC_predicted,0.058823529411764705,16,16,TTTAAGTCAGTCCCCCCGCG,0,4477059
yahC_predicted,0.058823529411764705,16,16,TTGGTTTGGGATGTGGTACT,0,4503949
yahC_predicted,0.058823529411764705,16,16,TTGGCTGCTCTGGGAGACTA,0,4484313
yahC_predicted,0.058823529411764705,16,16,TTGGCACTAGGTATCATTAA,0,4484119
yahC_predicted,0.058823529411764705,16,16,TTGCCATTCCGTAGTGCTAA,0,4473694
yahC_predicted,0.058823529411764705,16,16,TTGCACCACCGCAATCGAGC,0,4476616
yahC_predicted,0.058823529411764705,16,16,TTGATACCGAACCACCAGGT,0,4477043
yahC_predicted,0.058823529411764705,16,16,TTCTGGATCTGGGACCATTC,0,4504629
yahC_predicted,0.058823529411764705,16,16,TTCTGCTAAGTCGCGACTAT,0,4479505
yahC_predicted,0.058823529411764705,16,16,TTCGTCGTGTCCCGAGAAGT,0,4483719
yahC_predicted,0.058823529411764705,16,16,TTCGGAATTGTTAAATAACC,0,4497535
yahC_predicted,0.058823529411764705,16,16,TTCCTGGATAGACCGCTTCC,0,4481119
yahC_predicted,0.058823529411764705,16,16,TTCCTATTGAGTAAAATCCC,0,4483807
yahC_predicted,0.058823529411764705,16,16,TTCCCGGAAGGGATACCTGA,0,4485301
yahC_predicted,0.058823529411764705,16,16,TTCATGCATGGTGGGAGGTT,0,4477170
yahC_predicted,0.058823529411764705,16,16,TTCAAGCAAGGCACCGATCA,0,4503510
yahC_predicted,0.058823529411764705,16,16,TTACGGTCAGACCTTACGGC,0,4495941
yahC_predicted,0.058823529411764705,16,16,TTAATCGCCAGTAGAAATGG,0,4483456
yahC_predicted,0.058823529411764705,16,16,TTAACGTGCACCGGCCCTGT,0,4485315
yahC_predicted,0.058823529411764705,16,16,TGGTAGCAAGATCTTGTGTT,0,4492201
yahC_predicted,0.058823529411764705,16,16,TGGCTTAACCCTATTTGTAC,0,4490113
yahC_predicted,0.058823529411764705,16,16,TGGAGCAGACACGAACGCAA,0,4479306
yahC_predicted,0.058823529411764705,16,16,TGCTTGTCGGGGTCCCACGA,0,4491961
yahC_predicted,0.058823529411764705,16,16,TGCTTGGTGCTCCAGCAGCC,0,4473349
yahC_predicted,0.058823529411764705,16,16,TGCTTCGGGGCGCAGAACTC,0,4478437
yahC_predicted,0.058823529411764705,16,16,TGCCTGACAGGTAGCATTTG,0,4473529
yahC_predicted,0.058823529411764705,16,16,TGCCAGCCATTCCTAAGTTT,0,4473818
yahC_predicted,0.058823529411764705,16,16,TGATAAGCGAGGACGCCGCC,0,4497811
yahC_predicted,0.058823529411764705,16,16,TGACCGGACACGAACGTACA,0,4494678
yahC_predicted,0.058823529411764705,16,16,TCTAGGTAGGTGCTAGTTAC,0,4493433
yahC_predicted,0.058823529411764705,16,16,TCGTTAGTTGATCCTGGGAC,0,4491608
yahC_predicted,0.058823529411764705,16,16,TCGGGGTCAGTTGCAAGCTA,0,4509805
yahC_predicted,0.058823529411764705,16,16,TCGGAGGAATGTGCTGGCTG,0,4474967
yahC_predicted,0.058823529411764705,16,16,TCGCCACGTGGTGCGGTCAT,0,4511872
yahC_predicted,0.058823529411764705,16,16,TCGATTGAGGCGACACGGGG,0,4499435
yahC_predicted,0.058823529411764705,16,16,TCCCGGTTACGCGATCCCTA,0,4475149
yahC_predicted,0.058823529411764705,16,16,TCATTCGTTGCGTACTGAGT,0,4487928
yahC_predicted,0.058823529411764705,16,16,TCAGGGGGTAAGTCTTTAAT,0,4491845
yahC_predicted,0.058823529411764705,16,16,TATGGCACCCGCCCAATGTT,0,4499332
yahC_predicted,0.058823529411764705,16,16,TATCTGCCAGTTTCCAACGT,0,4491352
yahC_predicted,0.058823529411764705,16,16,TAGCGATCTCACGGTCCATA,0,4501273
yahC_predicted,0.058823529411764705,16,16,TACGAGTATGATCGACTTCA,0,4486057
yahC_predicted,0.058823529411764705,16,16,TACACGTGACCCGACGGGGG,0,4488058
yahC_predicted,0.058823529411764705,16,16,TAACTGAACCCGCCCGTGGC,0,4487275
yahC_predicted,0.058823529411764705,16,16,TAACCTTTTAGCCGGCGGTT,0,4498358
yahC_predicted,0.058823529411764705,16,16,TAACCGGTGTACTGCGGGGT,0,4489393
yahC_predicted,0.058823529411764705,16,16,TAACCATAGATCAAGCGTAT,0,4511388
yahC_predicted,0.058823529411764705,16,16,TAACATAAAATATGATTTAC,0,4511263
yahC_predicted,0.058823529411764705,16,16,GTGCCCGGTTGGGGTCTATA,0,4481688
yahC_predicted,0.058823529411764705,16,16,GTCCGACGTGCCCAGAGGGT,0,4484168
yahC_predicted,0.058823529411764705,16,16,GTATTTCTGGGATCCGGAGT,0,4508315
yahC_predicted,0.058823529411764705,16,16,GTATACGGATACCGGTGAGC,0,4472906
yahC_predicted,0.058823529411764705,16,16,GTAGGACAGACCTTGCTGAT,0,4482329
yahC_predicted,0.058823529411764705,16,16,GTACCACATACTTGGTGAAT,0,4481908
yahC_predicted,0.058823529411764705,16,16,GGTTAACCCGGGGAGGGATT,0,4490546
yahC_predicted,0.058823529411764705,16,16,GGTGTAATTTTGTCGGAGGA,0,4487438
yahC_predicted,0.058823529411764705,16,16,GGTGGCCCACGTTACGGAGA,0,4472644
yahC_predicted,0.058823529411764705,16,16,GGTACGCCTCGACTCGACGA,0,4478724
yahC_predicted,0.058823529411764705,16,16,GGGGTAGTCTGCCGACTTTT,0,4508366
yahC_predicted,0.058823529411764705,16,16,GGCTTAGAAGCGACGAGGAA,0,4487487
yahC_predicted,0.058823529411764705,16,16,GGCTTAACAGACAAGCGAGC,0,4476573
yahC_predicted,0.058823529411764705,16,16,GGCGAGGGTGCACCCACATT,0,4504654
yahC_predicted,0.058823529411764705,16,16,GGCGAGGCGGGAACGAAAGA,0,4485995
yahC_predicted,0.058823529411764705,16,16,GGCCCGTCTTTCACCGGTTG,0,4488482
yahC_predicted,0.058823529411764705,16,16,GGCACCATGAACTATGGCGT,0,4481825
yahC_predicted,0.058823529411764705,16,16,GGCAATGGGCCAAAGGCGGT,0,4474186
yahC_predicted,0.058823529411764705,16,16,GGATCGCGCGTGGGGGTCAC,0,4477908
yahC_predicted,0.058823529411764705,16,16,GGAGTACAGGGGATATCACT,0,4478708
yahC_predicted,0.058823529411764705,16,16,GGACTTAGCCGTTGCCCCAA,0,4496930
yahC_predicted,0.058823529411764705,16,16,GGAAATCGAAAGTCGTACGT,0,4490030
yahC_predicted,0.058823529411764705,16,16,GGAAAACCGGCCAATCCCAC,0,4499195
yahC_predicted,0.058823529411764705,16,16,GCTGTTAGGTCAGGGTATCG,0,4500956
yahC_predicted,0.058823529411764705,16,16,GCGTAATCCTGATGTTCGCC,0,4483367
yahC_predicted,0.058823529411764705,16,16,GCGCATTATGCTGGGGACTT,0,4510101
yahC_predicted,0.058823529411764705,16,16,GCGAAGGCGGGCAACCGTCA,0,4499325
yahC_predicted,0.058823529411764705,16,16,GCCGGCGGCTTGGACTGCAG,0,4502580
yahC_predicted,0.058823529411764705,16,16,GCCGCATCGCAGACCTCAAC,0,4508137
yahC_predicted,0.058823529411764705,16,16,GCCATTCCATATACAAAGGA,0,4497284
yahC_predicted,0.058823529411764705,16,16,GCCACTTGGTCTTCGCAGTT,0,4479672
yahC_predicted,0.058823529411764705,16,16,GCAGGGTTCGAATCATCATG,0,4487649
yahC_predicted,0.058823529411764705,16,16,GCAGGGCTATTTTTTACCGT,0,4487605
yahC_predicted,0.058823529411764705,16,16,GCACAATTGTTTGCGTTCTG,0,4510674
yahC_predicted,0.058823529411764705,16,16,GCAACTGAAGGAGGGTGATT,0,4501668
yahC_predicted,0.058823529411764705,16,16,GATTGGTGTGGTCTTGTTAG,0,4476862
yahC_predicted,0.058823529411764705,16,16,GATTGCTTTTTTTATCGCCT,0,4484169
yahC_predicted,0.058823529411764705,16,16,GATTGAACCCTAATCTGTGA,0,4474981
yahC_predicted,0.058823529411764705,16,16,GATTCGCTCCGCAGGCGCTG,0,4490260
yahC_predicted,0.058823529411764705,16,16,GATTCCCAGTAATTAGGGAA,0,4507479
yahC_predicted,0.058823529411764705,16,16,GATGGGGGATCAAAAATAAG,0,4488174
yahC_predicted,0.058823529411764705,16,16,GATGAATTATGTCATGGGGT,0,4482874
yahC_predicted,0.058823529411764705,16,16,GATCTCCCAACCGTAAGTAT,0,4484963
yahC_predicted,0.058823529411764705,16,16,GATATCACATTGCTCGTTGA,0,4497454
yahC_predicted,0.058823529411764705,16,16,GATAATGAGGGTAAAAACTT,0,4502669
yahC_predicted,0.058823529411764705,16,16,GAGTATCTCGCATCGGGGTG,0,4500554
yahC_predicted,0.058823529411764705,16,16,GAGGGTCCATGGGGGTCGGA,0,4477600
yahC_predicted,0.058823529411764705,16,16,GAGGAAACCGCCGTTGCGGT,0,4490240
yahC_predicted,0.058823529411764705,16,16,GAGCGTAGGCGGACACTCGG,0,4492950
yahC_predicted,0.058823529411764705,16,16,GACTGAAGCCGAGTCAGGTG,0,4474538
yahC_predicted,0.058823529411764705,16,16,GACTCCTCTCAGGATAGGAG,0,4511930
yahC_predicted,0.058823529411764705,16,16,GACGGGAACTTGTATGGACA,0,4499952
yahC_predicted,0.058823529411764705,16,16,GACACACCCCCACACTGGGA,0,4482590
yahC_predicted,0.058823529411764705,16,16,GACAATGCACCGGGTAGGCG,0,4480803
yahC_predicted,0.058823529411764705,16,16,GAATCGTCTGGAGTTCTTCA,0,4497410
yahC_predicted,0.058823529411764705,16,16,GAATCACAAGCCGACTCTAA,0,4490207
yahC_predicted,0.058823529411764705,16,16,GAAGCGGTACAGCCACGCGA,0,4506881
yahC_predicted,0.058823529411764705,16,16,GAACAATCTTAGGGAACTTT,0,4505453
yahC_predicted,0.058823529411764705,16,16,CTTCCGAATTATCCCATAAT,0,4491153
yahC_predicted,0.058823529411764705,16,16,CTGTCGTAGGCACGAACGTA,0,4502333
yahC_predicted,0.058823529411764705,16,16,CTGGTTAGTGCACGGGAACA,0,4474296
yahC_predicted,0.058823529411764705,16,16,CTCACCAATTATGTAGCTAC,0,4472572
yahC_predicted,0.058823529411764705,16,16,CTAGTATCAGTCCACCCCCG,0,4479277
yahC_predicted,0.058823529411764705,16,16,CTAGCTCGTCTACCAGTCCG,0,4494322
yahC_predicted,0.058823529411764705,16,16,CTAGACAGATCAGGTTAGGA,0,4479549
yahC_predicted,0.058823529411764705,16,16,CTAATCGGAAGAGCAAGATA,0,4499957
yahC_predicted,0.058823529411764705,16,16,CTAAGCTGTGATTATGCTCC,0,4495881
yahC_predicted,0.058823529411764705,16,16,CTAAAGTTTTTAATCAGCTC,0,4473607
yahC_predicted,0.058823529411764705,16,16,CGTTTGACAGTGACAAGACA,0,4488619
yahC_predicted,0.058823529411764705,16,16,CGTTCATCTTGGGGGCATTG,0,4507771
yahC_predicted,0.058823529411764705,16,16,CGTGTTTTCTCGTGTAGGTG,0,4494061
yahC_predicted,0.058823529411764705,16,16,CGGTTGACTTGCCCATTCGG,0,4489836
yahC_predicted,0.058823529411764705,16,16,CGGTGTATCACCGCTGTGCA,0,4490434
yahC_predicted,0.058823529411764705,16,16,CGGTGGAGGACGATATGCTC,0,4493745
yahC_predicted,0.058823529411764705,16,16,CGGGTGGGTGGTGCGGACCC,0,4495743
yahC_predicted,0.058823529411764705,16,16,CGGGTGGAAGTTGTATTTAA,0,4493999
yahC_predicted,0.058823529411764705,16,16,CGGGGTCTAACTACGTTGCC,0,4490225
yahC_predicted,0.058823529411764705,16,16,CGGGCTAAGTCACCATTAGG,0,4485296
yahC_predicted,0.058823529411764705,16,16,CGGGCGAAAAGGGACCACCC,0,4505258
yahC_predicted,0.058823529411764705,16,16,CGGATTAACGCGCTATGTTG,0,4503250
yahC_predicted,0.058823529411764705,16,16,CGGACTACTTTAACTCCGTC,0,4484589
yahC_predicted,0.058823529411764705,16,16,CGGAAGATATATCGAGAGTT,0,4486562
yahC_predicted,0.058823529411764705,16,16,CGCGCACCTGTCCAGCACTG,0,4481308
yahC_predicted,0.058823529411764705,16,16,CGATTTATTTGTCGCCCACT,0,4485170
yahC_predicted,0.058823529411764705,16,16,CGATCCTGGGATCGTGCGGG,0,4474714
yahC_predicted,0.058823529411764705,16,16,CGATCCGTCCGAGGACACGT,0,4475769
yahC_predicted,0.058823529411764705,16,16,CGATCAGGGCTCGGGGTTCT,0,4496725
yahC_predicted,0.058823529411764705,16,16,CGACAAGCTGAGCAATCGTT,0,4477710
yahC_predicted,0.058823529411764705,16,16,CCTTACCAGGCAGACTAATA,0,4475727
yahC_predicted,0.058823529411764705,16,16,CCTGCTGATTATAAGGTGCA,0,4508833
yahC_predicted,0.058823529411764705,16,16,CCGTGATCGTTTCCCTTATT,0,4473284
yahC_predicted,0.058823529411764705,16,16,CCGGTTCTAAAACGGGCAGC,0,4479402
yahC_predicted,0.058823529411764705,16,16,CCGGGTACCGATATGAGACA,0,4510370
yahC_predicted,0.058823529411764705,16,16,CCGAGACCGTGAACGAGAAA,0,4499721
yahC_predicted,0.058823529411764705,16,16,CCCGTGAAGTTATAATTGAT,0,4489559
yahC_predicted,0.058823529411764705,16,16,CCAGGAGTTAGACTTAAAGG,0,4506530
yahC_predicted,0.058823529411764705,16,16,CCACTCGGGCCTATTGTACG,0,4473374
yahC_predicted,0.058823529411764705,16,16,CCAAACAGTAGAGTTGGTTG,0,4473418
yahC_predicted,0.058823529411764705,16,16,CATTCTACCTGTATGCTCAC,0,4484821
yahC_predicted,0.058823529411764705,16,16,CATCGTCACACTGGCGCCAG,0,4492012
yahC_predicted,0.058823529411764705,16,16,CAGGTTATAGAGCCCCTAAT,0,4477499
yahC_predicted,0.058823529411764705,16,16,CAGGTATCATCGAAATAAAT,0,4494361
yahC_predicted,0.058823529411764705,16,16,CAGCGACCCACCGGGTACCC,0,4478621
yahC_predicted,0.058823529411764705,16,16,CAGCAATATATGGATCGGCA,0,4474791
yahC_predicted,0.058823529411764705,16,16,CAGACGGCTACGGGACGTGG,0,4482455
yahC_predicted,0.058823529411764705,16,16,CACGCTCGTTACCTATTGCT,0,4487109
yahC_predicted,0.058823529411764705,16,16,CACCATAGGCTAACTGAGCG,0,4474409
yahC_predicted,0.058823529411764705,16,16,CAAGGCCCTAGTAAAGAATA,0,4510562
yahC_predicted,0.058823529411764705,16,16,CAACTCGAGTTGGGGAACGA,0,4481242
yahC_predicted,0.058823529411764705,16,16,CAACCGAACGGCAGTGGTAA,0,4480296
yahC_predicted,0.058823529411764705,16,16,ATTAGAAGCGATGTGCTAAT,0,4485392
yahC_predicted,0.058823529411764705,16,16,ATTACTTCAAGTCTTGTATA,0,4484874
yahC_predicted,0.058823529411764705,16,16,ATTAACTCGGAACATATGCG,0,4480021
yahC_predicted,0.058823529411764705,16,16,ATGTGGTACCCGGGAATGCG,0,4494094
yahC_predicted,0.058823529411764705,16,16,ATGGTATCTTCCGTTCCTGA,0,4503079
yahC_predicted,0.058823529411764705,16,16,ATCGGGGGTGACTTCAGGAC,0,4473797
yahC_predicted,0.058823529411764705,16,16,ATCCGGAGCGCAGACAGTTG,0,4491019
yahC_predicted,0.058823529411764705,16,16,ATCCATCGGGGAGCACAGGT,0,4497086
yahC_predicted,0.058823529411764705,16,16,ATCCAGTCGAGCGCGAACCT,0,4485039
yahC_predicted,0.058823529411764705,16,16,ATATGGATCCCGTGAGACAC,0,4485460
yahC_predicted,0.058823529411764705,16,16,ATACAACGGTCATCTTTGAT,0,4491327
yahC_predicted,0.058823529411764705,16,16,ATAAGGCGCTCTTAGCTTTT,0,4498017
yahC_predicted,0.058823529411764705,16,16,AGTTGGCATTCTGAATAATT,0,4478987
yahC_predicted,0.058823529411764705,16,16,AGTTCATCGACGGCACTCAT,0,4479119
yahC_predicted,0.058823529411764705,16,16,AGTTAAGGCACCTACCGAGC,0,4480497
yahC_predicted,0.058823529411764705,16,16,AGTCTGAATACCGGCAATCA,0,4485521
yahC_predicted,0.058823529411764705,16,16,AGTCGCTGTCCGAGTAAGCT,0,4507747
yahC_predicted,0.058823529411764705,16,16,AGTATAAAACATCGCGGTCC,0,4485710
yahC_predicted,0.058823529411764705,16,16,AGTACAGGAACTCTAGCCTC,0,4481774
yahC_predicted,0.058823529411764705,16,16,AGGTAGGAGCTAGTAGGACC,0,4485459
yahC_predicted,0.058823529411764705,16,16,AGGGGACAATAGAATATGTC,0,4488963
yahC_predicted,0.058823529411764705,16,16,AGGGCTTCAGGCGAGGCTAT,0,4501427
yahC_predicted,0.058823529411764705,16,16,AGGGCAAGTATAAGACAAAG,0,4507533
yahC_predicted,0.058823529411764705,16,16,AGGCTTTGGATCCAGTAGGA,0,4510183
yahC_predicted,0.058823529411764705,16,16,AGGCAACAGATCAATTCGTG,0,4500776
yahC_predicted,0.058823529411764705,16,16,AGGAGCCCTGGTTAGAATCT,0,4495710
yahC_predicted,0.058823529411764705,16,16,AGCCGACAAGCGGAAATAAT,0,4483451
yahC_predicted,0.058823529411764705,16,16,AGCACTCGGCCGCTTGAAGC,0,4488809
yahC_predicted,0.058823529411764705,16,16,AGCACGTCATAGAAAGCTTA,0,4496041
yahC_predicted,0.058823529411764705,16,16,AGCACACCTGACGAAAGTAA,0,4488629
yahC_predicted,0.058823529411764705,16,16,AGATGGGGGCTTGTCGAATA,0,4511664
yahC_predicted,0.058823529411764705,16,16,ACTGTGGGGGTCCAGCCGGA,0,4490039
yahC_predicted,0.058823529411764705,16,16,ACTGAATTACACCGACCGAA,0,4503693
yahC_predicted,0.058823529411764705,16,16,ACTACCGTTCTCTTTGAAAT,0,4489807
yahC_predicted,0.058823529411764705,16,16,ACTACACCATTTAACGTGAT,0,4485755
yahC_predicted,0.058823529411764705,16,16,ACGTCTCCTCAATGTCTTCA,0,4485234
yahC_predicted,0.058823529411764705,16,16,ACGGAACCGCTGTACAAGGT,0,4480044
yahC_predicted,0.058823529411764705,16,16,ACGACAGACAAAAGTATGGT,0,4498239
yahC_predicted,0.058823529411764705,16,16,ACCTTACCCCGTGAGAGAGC,0,4483565
yahC_predicted,0.058823529411764705,16,16,ACCCCGGGGTTGGGAGTTGT,0,4508797
yahC_predicted,0.058823529411764705,16,16,ACATGCCAGTCCTCGACCCT,0,4497587
yahC_predicted,0.058823529411764705,16,16,ACATAATAATTTTAGTAATA,0,4507086
yahC_predicted,0.058823529411764705,16,16,ACAGGCTCATTAAAACGAGC,0,4478073
yahC_predicted,0.058823529411764705,16,16,ACACATGGGGATCCCCTCCG,0,4496843
yahC_predicted,0.058823529411764705,16,16,ACAAGTAAAGGGGCAGTCTG,0,4492094
yahC_predicted,0.058823529411764705,16,16,AATTACCTGCGCACACCGCT,0,4488716
yahC_predicted,0.058823529411764705,16,16,AATAGGTAGTGGCTATTCCT,0,4481799
yahC_predicted,0.058823529411764705,16,16,AAGGGAATTAACTTTTTTCG,0,4488670
yahC_predicted,0.058823529411764705,16,16,AAGATGCACGTTTTTGCCGG,0,4492185
yahC_predicted,0.058823529411764705,16,16,AAGAGAGATCCGACATTCGT,0,4501597
yahC_predicted,0.058823529411764705,16,16,AACTTTTTGGTCTACTCGGT,0,4511450
yahC_predicted,0.058823529411764705,16,16,AACTTACTGACCTCAAAAGT,0,4489592
yahC_predicted,0.058823529411764705,16,16,AACTGTACGTGAAAACTTTG,0,4477728
yahC_predicted,0.058823529411764705,16,16,AACCTACGAAAAACTCAACG,0,4492004
yahC_predicted,0.058823529411764705,16,16,AACATTTTCTTCGTTTCATT,0,4474550
yahC_predicted,0.058823529411764705,16,16,AAATGGACCCGTCGGCAGAA,0,4505105
yahC_predicted,0.058823529411764705,16,16,AAACTTCTACTCCCCTATAG,0,4503603
yahC_predicted,0.058823529411764705,16,16,AAACGACACCTGCGTGAAGT,0,4478444
yahC_predicted,0.058823529411764705,16,16,AAACCGGGTTACCAAATCCT,0,4473800
yahC_predicted,0.058823529411764705,16,16,AAACCCGTGGGCTTCCAACG,0,4478055
yahC_predicted,0.0625,15,15,TTTTCGGGATTGTTCCTGCA,0,4485210
yahC_predicted,0.0625,15,15,TTTGGGTGATGGTTGATCCT,0,4486123
yahC_predicted,0.0625,15,15,TTTCTACAGTGGCGTCCGGT,0,4507872
yahC_predicted,0.0625,15,15,TTTCGGAAAGATGCAGATTA,0,4508847
yahC_predicted,0.0625,15,15,TTTATTGGATGTCCTAGCAG,0,4507122
yahC_predicted,0.0625,15,15,TTTATAAAAAACTAGACCGT,0,4474708
yahC_predicted,0.0625,15,15,TTGGTTCTTTGACCTGGCTC,0,4490545
yahC_predicted,0.0625,15,15,TTGACTCCATTGGTATTACT,0,4507235
yahC_predicted,0.0625,15,15,TTCTAATTCTATAATGGTAC,0,4510326
yahC_predicted,0.0625,15,15,TTCGGACCCTAAGTATCCAT,0,4500044
yahC_predicted,0.0625,15,15,TTAGATCTAGAACGGCGGCG,0,4507338
yahC_predicted,0.0625,15,15,TTAGAGTAGTTGCAAGCGGT,0,4506315
yahC_predicted,0.0625,15,15,TTAGACAACGTGCGGTACGT,0,4491753
yahC_predicted,0.0625,15,15,TGTTAACCACCGAGGCAACA,0,4487949
yahC_predicted,0.0625,15,15,TGTGTGAGCGCTGATAGCGT,0,4501280
yahC_predicted,0.0625,15,15,TGTGGGATGCCAGAATTAGT,0,4488221
yahC_predicted,0.0625,15,15,TGTGCCGGCAGCGCAGATGA,0,4506205
yahC_predicted,0.0625,15,15,TGTCTATAGTTGAGGGGATG,0,4505112
yahC_predicted,0.0625,15,15,TGGACTCTCCGTTTATCGAG,0,4498558
yahC_predicted,0.0625,15,15,TGGACTAAGGCTAGGACGGA,0,4507664
yahC_predicted,0.0625,15,15,TGGAACTCAATATGTCATCG,0,4507233
yahC_predicted,0.0625,15,15,TGCCTGAGTTAACCATATAA,0,4478350
yahC_predicted,0.0625,15,15,TGATGACCGGGGTGCGTCTA,0,4481943
yahC_predicted,0.0625,15,15,TGAGTGCGCAATTGGGGCGG,0,4475860
yahC_predicted,0.0625,15,15,TGACTTCGGTTCCAATGTGA,0,4478688
yahC_predicted,0.0625,15,15,TGACGCCAGGGAGTACCAAG,0,4485926
yahC_predicted,0.0625,15,15,TGACCTACGCTAAGGCCTAC,0,4502354
yahC_predicted,0.0625,15,15,TGACCACAGATCAAGAATTG,0,4483536
yahC_predicted,0.0625,15,15,TGACAGCGTACCTACGCATT,0,4485558
yahC_predicted,0.0625,15,15,TGAACTTTTCTAAATGGGTG,0,4474235
yahC_predicted,0.0625,15,15,TCTCTGCTGTGACCAGGTAT,0,4476840
yahC_predicted,0.0625,15,15,TCTCACGTACGATGGGTCCG,0,4481213
yahC_predicted,0.0625,15,15,TCTAGCGTCAGGAAAAAGCT,0,4493347
yahC_predicted,0.0625,15,15,TCTAGAAAACCATATCGGGT,0,4499834
yahC_predicted,0.0625,15,15,TCGTTCGCCAACCATGGAGT,0,4489574
yahC_predicted,0.0625,15,15,TCGGATGCTACGTAGTGCCT,0,4473244
yahC_predicted,0.0625,15,15,TCGGACGTGGCTCTACCTGA,0,4497916
yahC_predicted,0.0625,15,15,TCGAGGCAGACCTGGTGGCA,0,4498084
yahC_predicted,0.0625,15,15,TCCAGGGGAGAGAATCTCGG,0,4502672
yahC_predicted,0.0625,15,15,TCCACTTGTCGAAACGAGAT,0,4508329
yahC_predicted,0.0625,15,15,TCCAAGATATAGGCGTTCAA,0,4483983
yahC_predicted,0.0625,15,15,TCATGATAGTATCGGTTAGG,0,4478112
yahC_predicted,0.0625,15,15,TCACCGAAGTAAACGGGCCT,0,4487983
yahC_predicted,0.0625,15,15,TCAAGGCAATTTAACTACGT,0,4482749
yahC_predicted,0.0625,15,15,TCAAATCCGCAACATTAGAG,0,4502509
yahC_predicted,0.0625,15,15,TATGGACGGCTATGTGCAAC,0,4487279
yahC_predicted,0.0625,15,15,TATCCAACTTCTCCAAAATA,0,4511359
yahC_predicted,0.0625,15,15,TAGTTTCTCAAGAAATACGG,0,4473525
yahC_predicted,0.0625,15,15,TAGATAAGTTAGAGCTCGTT,0,4486374
yahC_predicted,0.0625,15,15,TAGAGGGTGTTCCGATCGTT,0,4508498
yahC_predicted,0.0625,15,15,TAGACTAATTCGGACCCTAC,0,4486899
yahC_predicted,0.0625,15,15,TACGTTGATCGAAGATGAAA,0,4479872
yahC_predicted,0.0625,15,15,TACGCAGGGTGAGATGTACA,0,4482538
yahC_predicted,0.0625,15,15,TACCCGCTCTAGTCCCATCA,0,4508756
yahC_predicted,0.0625,15,15,TACAGGCAGACTCAGATCGC,0,4480946
yahC_predicted,0.0625,15,15,TACAAAGGCCAGGTTCTGCA,0,4493738
yahC_predicted,0.0625,15,15,TAAGCATATCCACATAGACC,0,4487009
yahC_predicted,0.0625,15,15,TAACTGGTCAACCGTGGTTG,0,4491154
yahC_predicted,0.0625,15,15,TAACGCCTGTAGGATCAACA,0,4497463
yahC_predicted,0.0625,15,15,TAACGATCTGTTCGACTCCA,0,4497158
yahC_predicted,0.0625,15,15,TAAACTTTAAGGCGATTGAA,0,4509427
yahC_predicted,0.0625,15,15,TAAAACAATGACAGACGTGG,0,4502743
yahC_predicted,0.0625,15,15,TAAAAATCCCCACCACCATA,0,4479177
yahC_predicted,0.0625,15,15,GTGTGCTGCATTTGACCGGA,0,4489650
yahC_predicted,0.0625,15,15,GTGCGCGAGTAACAGGGGAC,0,4498208
yahC_predicted,0.0625,15,15,GTGATGCGGCACCCAGTAAC,0,4481714
yahC_predicted,0.0625,15,15,GTGACTTATCGGACCAGGAA,0,4494135
yahC_predicted,0.0625,15,15,GTGACCGTCCACCGGATAAT,0,4481140
yahC_predicted,0.0625,15,15,GTCTGTTACTTCAATGTGGA,0,4488268
yahC_predicted,0.0625,15,15,GTCGTGAGGTAACTTATTAT,0,4510675
yahC_predicted,0.0625,15,15,GTCCGTACGCGGAGTCATTA,0,4492320
yahC_predicted,0.0625,15,15,GTCAGAAATCAGGCGTTTTA,0,4474694
yahC_predicted,0.0625,15,15,GTCACGACATAGGAGCTGTT,0,4488978
yahC_predicted,0.0625,15,15,GTATTAACACCTAGCCGGCA,0,4475152
yahC_predicted,0.0625,15,15,GTAGGATATATTGAGACACG,0,4479938
yahC_predicted,0.0625,15,15,GTAGCACAATTCGCCGGCTA,0,4475484
yahC_predicted,0.0625,15,15,GTACTTCGGATACGAATAGG,0,4499321
yahC_predicted,0.0625,15,15,GTAATCGTCCGGTTAGTCCA,0,4489658
yahC_predicted,0.0625,15,15,GTAATACCGCTATGCATCAT,0,4508469
yahC_predicted,0.0625,15,15,GTAAAGGCTGCGCCTAAGAA,0,4497745
yahC_predicted,0.0625,15,15,GGTCTTACTTCATCCCGTAC,0,4497090
yahC_predicted,0.0625,15,15,GGTCTACATGGGATCACTAG,0,4493570
yahC_predicted,0.0625,15,15,GGTCACAGAGTTGACTTGGC,0,4474060
yahC_predicted,0.0625,15,15,GGTATTGAATTCTCGAGGCG,0,4495132
yahC_predicted,0.0625,15,15,GGTAGTAATTTTAAGATGGT,0,4486920
yahC_predicted,0.0625,15,15,GGTACGACTCAGAAATACCG,0,4477520
yahC_predicted,0.0625,15,15,GGGGTTCTGTTTTATCGAGT,0,4489167
yahC_predicted,0.0625,15,15,GGGGAGTAGTACTCGGAAAC,0,4508035
yahC_predicted,0.0625,15,15,GGGGACACGATATGCCCTCA,0,4487229
yahC_predicted,0.0625,15,15,GGCCTCTACTTAACAGTATA,0,4500974
yahC_predicted,0.0625,15,15,GGCCAGCGACGGTACGGCCA,0,4496066
yahC_predicted,0.0625,15,15,GGCAATGGACAGTCGTCTCT,0,4477918
yahC_predicted,0.0625,15,15,GGAGTTTATCGCGAAGGACA,0,4496068
yahC_predicted,0.0625,15,15,GGAGGCTGTAGGTTAAGTTT,0,4502049
yahC_predicted,0.0625,15,15,GGACATCATCCCGACGGTAG,0,4504671
yahC_predicted,0.0625,15,15,GGAAGTAAGCTGGTGGCTAA,0,4511176
yahC_predicted,0.0625,15,15,GCTCGTGTCCCTAACAAGAA,0,4507135
yahC_predicted,0.0625,15,15,GCTAGCTTATACTCCGAAAC,0,4486954
yahC_predicted,0.0625,15,15,GCTACTCAGAGAGGCAGGTC,0,4481432
yahC_predicted,0.0625,15,15,GCGTATGCACATCGCTGTAA,0,4501151
yahC_predicted,0.0625,15,15,GCGTAGCCTAGCAAAACAAG,0,4504544
yahC_predicted,0.0625,15,15,GCGGTATGGGTGATGTCAAC,0,4500142
yahC_predicted,0.0625,15,15,GCGGGGCCGGGCTACAAAGC,0,4499789
yahC_predicted,0.0625,15,15,GCGACACTCTCAGCCGGTGG,0,4500292
yahC_predicted,0.0625,15,15,GCCACAGCGTGGCTCCTTTA,0,4503025
yahC_predicted,0.0625,15,15,GCATCTACGACGTCTGAATA,0,4505153
yahC_predicted,0.0625,15,15,GCATATGCTGTCCCGAGAGC,0,4510093
yahC_predicted,0.0625,15,15,GATTACTTAGGGGGGACATG,0,4488306
yahC_predicted,0.0625,15,15,GATAATAACACGAGCGTTAT,0,4494298
yahC_predicted,0.0625,15,15,GAGTTAGTCATACCACGATT,0,4481856
yahC_predicted,0.0625,15,15,GAGTGGAAACCTCGACTCAA,0,4473827
yahC_predicted,0.0625,15,15,GAGGCGCGGGCTTGGCTTTT,0,4482453
yahC_predicted,0.0625,15,15,GAGCGTTCCGATCGCTGGAC,0,4491899
yahC_predicted,0.0625,15,15,GAGCCGAACTGAATCTTACG,0,4503219
yahC_predicted,0.0625,15,15,GAGCCCTTATGCATGCAATA,0,4504818
yahC_predicted,0.0625,15,15,GAGACGAGCCCCTCGGCACG,0,4501308
yahC_predicted,0.0625,15,15,GAAGTCCAGTCCACATGACT,0,4494163
yahC_predicted,0.0625,15,15,GAAGGGCCCGGCAAAGAAAG,0,4505709
yahC_predicted,0.0625,15,15,GAACGTTGCAGTTAGATAGT,0,4484293
yahC_predicted,0.0625,15,15,GAAACATGGGGTGGCTTTAT,0,4491119
yahC_predicted,0.0625,15,15,CTGGGAAAACTGGCTATCGC,0,4484416
yahC_predicted,0.0625,15,15,CTGCATTGTTCGGTCATCGA,0,4486605
yahC_predicted,0.0625,15,15,CTGCAGATCGATAGATTGAA,0,4477214
yahC_predicted,0.0625,15,15,CTGATCGCCCCGCGCGGGCT,0,4477790
yahC_predicted,0.0625,15,15,CTGAGCACTTTCACGGACGT,0,4501745
yahC_predicted,0.0625,15,15,CTCGGTCCTACTTGCTTTCC,0,4481079
yahC_predicted,0.0625,15,15,CTCCATAGTCCTTCGATAAA,0,4501574
yahC_predicted,0.0625,15,15,CTAGTGTAGAACTTAACTGG,0,4477024
yahC_predicted,0.0625,15,15,CTACTAAGGCGGATGTACGT,0,4489351
yahC_predicted,0.0625,15,15,CGTGGGAATCGTGGATCGAG,0,4501951
yahC_predicted,0.0625,15,15,CGTCAGGCAATATAACGTGA,0,4480118
yahC_predicted,0.0625,15,15,CGTAGCTCGTAGCGGAAAAG,0,4511013
yahC_predicted,0.0625,15,15,CGTACTTTTATGTAAGTGGG,0,4472897
yahC_predicted,0.0625,15,15,CGGTGTCAGCTTATCGTATT,0,4477557
yahC_predicted,0.0625,15,15,CGGTCGGTTCAGGGTTCATA,0,4479890
yahC_predicted,0.0625,15,15,CGGTACTTAATTAAGAAGAA,0,4510497
yahC_predicted,0.0625,15,15,CGGGGCCTGCACCGCTAGGA,0,4491328
yahC_predicted,0.0625,15,15,CGGGACTCTACGACTTCCTC,0,4475489
yahC_predicted,0.0625,15,15,CGGATTAATTTGGCCATGCT,0,4476360
yahC_predicted,0.0625,15,15,CGGAGAGAGCCGTACTGGAC,0,4484898
yahC_predicted,0.0625,15,15,CGCGGGAAGAAGCCCACGAT,0,4495445
yahC_predicted,0.0625,15,15,CGCGGCAAACTTCGGAGTTA,0,4505956
yahC_predicted,0.0625,15,15,CGCCACTTGTAACAAACAGG,0,4508908
yahC_predicted,0.0625,15,15,CGCACTATTGGGCTGCTACA,0,4476848
yahC_predicted,0.0625,15,15,CGATGGAAGAAACGGGTGTT,0,4474864
yahC_predicted,0.0625,15,15,CGAGTATCAGCAACCACGGG,0,4489382
yahC_predicted,0.0625,15,15,CGAAGCTTTTGTAATCAATG,0,4478451
yahC_predicted,0.0625,15,15,CCTCGTCACCTAAGCCCACT,0,4497465
yahC_predicted,0.0625,15,15,CCTCGGATAAGTTGAACGGG,0,4487065
yahC_predicted,0.0625,15,15,CCTCCCGCCGCGTATAAAGT,0,4509622
yahC_predicted,0.0625,15,15,CCGTGGACTGGTCCACTCGA,0,4481802
yahC_predicted,0.0625,15,15,CCGTGATATTTGGGTTAGGA,0,4474407
yahC_predicted,0.0625,15,15,CCGGCACTCAAATGCCGAAC,0,4490839
yahC_predicted,0.0625,15,15,CCGCGAGGGACAAAGCGTCG,0,4489158
yahC_predicted,0.0625,15,15,CCGAATATCAGCCAAACTTG,0,4485766
yahC_predicted,0.0625,15,15,CCCGTGCCGGTCCGTGCCGT,0,4477320
yahC_predicted,0.0625,15,15,CCCAGTTTGCCCCATTCTAC,0,4484576
yahC_predicted,0.0625,15,15,CCCAGACGTCTTTCAAAGTG,0,4496590
yahC_predicted,0.0625,15,15,CCCAACCGATGGGGTGCGGT,0,4497941
yahC_predicted,0.0625,15,15,CCAGTATAGTCGGGTGACAA,0,4498300
yahC_predicted,0.0625,15,15,CCACGCCCATGGCATTGAGT,0,4493719
yahC_predicted,0.0625,15,15,CCAATGATGTTATTGAGAAC,0,4501966
yahC_predicted,0.0625,15,15,CCAAGATCTCGGACATATGT,0,4509964
yahC_predicted,0.0625,15,15,CATTTCCTCACGAGGCTAAG,0,4490906
yahC_predicted,0.0625,15,15,CATCGATAAACTAGAATGCG,0,4496692
yahC_predicted,0.0625,15,15,CAGGTGACGCGCTACGGAAT,0,4494500
yahC_predicted,0.0625,15,15,CAGCACAATTCCGGTATGAC,0,4501509
yahC_predicted,0.0625,15,15,CACGGGCTCTCCCATTGTGT,0,4479779
yahC_predicted,0.0625,15,15,CAATTCGTGCGGTCATAAGT,0,4481362
yahC_predicted,0.0625,15,15,CAATCTGAGTATCTCTCTAC,0,4507499
yahC_predicted,0.0625,15,15,CAAGTGAACATCCTGGTTAT,0,4484087
yahC_predicted,0.0625,15,15,CAAATGACATTCAATTCGGT,0,4511062
yahC_predicted,0.0625,15,15,ATTTATCCGTCTCCGATTTT,0,4488977
yahC_predicted,0.0625,15,15,ATTAGTGACTGCGTGAATGT,0,4492097
yahC_predicted,0.0625,15,15,ATGGTTAGTAACGAGAAATG,0,4484321
yahC_predicted,0.0625,15,15,ATGCGGCATTTTACAATTTC,0,4493655
yahC_predicted,0.0625,15,15,ATGCCACTTCGGCATCCTTA,0,4501080
yahC_predicted,0.0625,15,15,ATGCATCTTTTAAGCTTAAG,0,4479273
yahC_predicted,0.0625,15,15,ATCGTACGTAGGTCGTTAGC,0,4495979
yahC_predicted,0.0625,15,15,ATATCTAACGACTGCTCTTC,0,4507303
yahC_predicted,0.0625,15,15,ATAGTACCCTGTGATATATG,0,4477766
yahC_predicted,0.0625,15,15,ATACTGTCGCGCGGGGCCTC,0,4473479
yahC_predicted,0.0625,15,15,AGTTCAATGGTTACCCGGTA,0,4502751
yahC_predicted,0.0625,15,15,AGTGTTTGGAGGCGGCGCGA,0,4494664
yahC_predicted,0.0625,15,15,AGGGCAGTCTGGCCGGGGGA,0,4482546
yahC_predicted,0.0625,15,15,AGCTTCTGATTAACCAATAG,0,4481241
yahC_predicted,0.0625,15,15,AGCTGTTGTGGTGTAGCGGT,0,4504895
yahC_predicted,0.0625,15,15,AGCTGCCCGTTTCACTCAAA,0,4489502
yahC_predicted,0.0625,15,15,AGCGCAGTAACCCCCCGATC,0,4487161
yahC_predicted,0.0625,15,15,AGCGACCGACTCTGTTGTCG,0,4499853
yahC_predicted,0.0625,15,15,AGACACACCACTACGTGTAG,0,4482941
yahC_predicted,0.0625,15,15,ACTTAGTCAGAGATTCCGTC,0,4494508
yahC_predicted,0.0625,15,15,ACTCGCCATTAGGGAAGTGC,0,4487753
yahC_predicted,0.0625,15,15,ACTACCCTGACCGGATGTCA,0,4478622
yahC_predicted,0.0625,15,15,ACGGGGCCGTATCTAACCCT,0,4475404
yahC_predicted,0.0625,15,15,ACGGGCCGGGTTTGGGTCCA,0,4491956
yahC_predicted,0.0625,15,15,ACGGCTCTGTTACATCAGGA,0,4511602
yahC_predicted,0.0625,15,15,ACGCACGCTCGGCGTTCCGA,0,4499740
yahC_predicted,0.0625,15,15,ACGAATAGTGCGCGGAGACT,0,4501632
yahC_predicted,0.0625,15,15,ACCTTGAGACAAGAATCAAA,0,4476362
yahC_predicted,0.0625,15,15,ACCGGAATCAGAGTGTAGAG,0,4497186
yahC_predicted,0.0625,15,15,ACCGCGCAGCCGCACAGCTC,0,4498575
yahC_predicted,0.0625,15,15,ACCCCTCGATCAGCCGGTCC,0,4500025
yahC_predicted,0.0625,15,15,ACATCAATTGTCGAATGTAC,0,4481329
yahC_predicted,0.0625,15,15,ACAGCGTGACACTATCATCA,0,4498115
yahC_predicted,0.0625,15,15,ACAGCCGTACCATCTCGAAC,0,4474784
yahC_predicted,0.0625,15,15,ACAGCCCTCCCCCTGTGGGG,0,4478380
yahC_predicted,0.0625,15,15,ACACTGGCTCTGAGCTCGCA,0,4511683
yahC_predicted,0.0625,15,15,ACACGGATACTACCGCTATT,0,4486705
yahC_predicted,0.0625,15,15,AATTTGCGCAGCAAAGAGTA,0,4497591
yahC_predicted,0.0625,15,15,AATGTCGTTCGTGTGGTCCA,0,4499523
yahC_predicted,0.0625,15,15,AATCTGCTATACTTCCAGAA,0,4475575
yahC_predicted,0.0625,15,15,AATCTGACAGGACAACCCGA,0,4495544
yahC_predicted,0.0625,15,15,AAGTCCCCAATCGCTAATCT,0,4479000
yahC_predicted,0.0625,15,15,AAGGAATCATAGTCGATACT,0,4492280
yahC_predicted,0.0625,15,15,AAGGAAACGTTTAGGTTCAT,0,4493217
yahC_predicted,0.0625,15,15,AAGCGAACAACCCCGTTGTA,0,4495856
yahC_predicted,0.0625,15,15,AAGCATTCTAAGCTATGAAC,0,4488536
yahC_predicted,0.0625,15,15,AAGCAACATGCTGGAACATT,0,4487354
yahC_predicted,0.0625,15,15,AAGATAGTCCTTACCGCTTA,0,4487834
yahC_predicted,0.0625,15,15,AACCCGCCTTTTCCATGGAG,0,4506067
yahC_predicted,0.0625,15,15,AACCAGATTTCTCTCACCAA,0,4505205
yahC_predicted,0.0625,15,15,AAAGTTTGCGGTGTTGACGT,0,4482831
yahC_predicted,0.0625,15,15,AAAGCTCCAAAGCGCTGTTG,0,4473214
yahC_predicted,0.0625,15,15,AAACGGGGGCAGAGCCGGGT,0,4478359
yahC_predicted,0.06666666666666667,14,14,TTTTGAACGCGGGACAGACC,0,4510508
yahC_predicted,0.06666666666666667,14,14,TTTTCACTTGGTTATTTATT,0,4475049
yahC_predicted,0.06666666666666667,14,14,TTTGGCCATCGTACGACTAG,0,4506695
yahC_predicted,0.06666666666666667,14,14,TTTCTCCCGGGTTGTGCCCT,0,4489322
yahC_predicted,0.06666666666666667,14,14,TTGTTAGTGTCCTGTGATAC,0,4492838
yahC_predicted,0.06666666666666667,14,14,TTGTACTCATTTAACTGAAT,0,4504557
yahC_predicted,0.06666666666666667,14,14,TTGGAAATTCAAATCCAGGA,0,4474084
yahC_predicted,0.06666666666666667,14,14,TTGCTCCGCTTTTTCAGTGG,0,4479821
yahC_predicted,0.06666666666666667,14,14,TTCTGTACGGTGGTCTAAAG,0,4478770
yahC_predicted,0.06666666666666667,14,14,TTCTGCATATCCCCGCTGCA,0,4504505
yahC_predicted,0.06666666666666667,14,14,TTCGGCGTGAGCCTTCTACC,0,4501534
yahC_predicted,0.06666666666666667,14,14,TTCACGCAAGCGGGCGTCAA,0,4497655
yahC_predicted,0.06666666666666667,14,14,TTCACAATAACAAGGGTGGA,0,4491411
yahC_predicted,0.06666666666666667,14,14,TTATGTCCGAAGGGGAGTTC,0,4500156
yahC_predicted,0.06666666666666667,14,14,TTATAACTATTAAACGCTAT,0,4486768
yahC_predicted,0.06666666666666667,14,14,TTAGCTTCGTGTATCCTTAT,0,4509675
yahC_predicted,0.06666666666666667,14,14,TTAAGCGCGGGGGTCAATTC,0,4497334
yahC_predicted,0.06666666666666667,14,14,TTAACAGTTTTAGCAGTACA,0,4484974
yahC_predicted,0.06666666666666667,14,14,TGTTCGAGAACTATTGCGGG,0,4507435
yahC_predicted,0.06666666666666667,14,14,TGTGGGCGTCCTACATCGGA,0,4493497
yahC_predicted,0.06666666666666667,14,14,TGTCGCGACAAGCGCCACGG,0,4500889
yahC_predicted,0.06666666666666667,14,14,TGTCACTATTTGTTTGCCAC,0,4484505
yahC_predicted,0.06666666666666667,14,14,TGGTTTTAGAGAATTGGACG,0,4488476
yahC_predicted,0.06666666666666667,14,14,TGGTAAAAACAAACCCCGGG,0,4491548
yahC_predicted,0.06666666666666667,14,14,TGGGTGGTCGTGGTCCCCAC,0,4499627
yahC_predicted,0.06666666666666667,14,14,TGGGGGAAGGCACGGGGTTT,0,4506619
yahC_predicted,0.06666666666666667,14,14,TGGCTATCGGTACAGGTGTT,0,4476340
yahC_predicted,0.06666666666666667,14,14,TGGCACACAGTCCGAAACAG,0,4482049
yahC_predicted,0.06666666666666667,14,14,TGGAATAGTCAAAAATTGGT,0,4507006
yahC_predicted,0.06666666666666667,14,14,TGCTCTAGTGTGTGCTGAGG,0,4492935
yahC_predicted,0.06666666666666667,14,14,TGCTAGGAATGACTCGGGCT,0,4507231
yahC_predicted,0.06666666666666667,14,14,TGCCTATTATTCCAGTGCGG,0,4497853
yahC_predicted,0.06666666666666667,14,14,TGCCGTTAAGCCACGGAGTA,0,4491484
yahC_predicted,0.06666666666666667,14,14,TGCCGTAACTCTCAGGCTGT,0,4494358
yahC_predicted,0.06666666666666667,14,14,TGCAGTAACTAGGGTCGTGG,0,4505317
yahC_predicted,0.06666666666666667,14,14,TGCAGGTAGTTTTGGGCAAA,0,4493515
yahC_predicted,0.06666666666666667,14,14,TGAGGGACTTCATCTTCCCA,0,4482046
yahC_predicted,0.06666666666666667,14,14,TGAGCCATCGGCCAACATAC,0,4485618
yahC_predicted,0.06666666666666667,14,14,TGAATATATAATCACCGGCG,0,4507708
yahC_predicted,0.06666666666666667,14,14,TCTTGAATCGTCCCGGCACG,0,4510850
yahC_predicted,0.06666666666666667,14,14,TCTGCTATTCTTTGGGAAAC,0,4509841
yahC_predicted,0.06666666666666667,14,14,TCTATATTAAGTCATTATAA,0,4512010
yahC_predicted,0.06666666666666667,14,14,TCTAGGTGTAAGAGGGGGGA,0,4475406
yahC_predicted,0.06666666666666667,14,14,TCTAAACGTTAGTTATGGAG,0,4490122
yahC_predicted,0.06666666666666667,14,14,TCGTTCTGTTTGGAAGCACT,0,4493995
yahC_predicted,0.06666666666666667,14,14,TCGGTGCACGTGCCCTGAAA,0,4496382
yahC_predicted,0.06666666666666667,14,14,TCGGGAGTCCCCTAGATCTA,0,4487278
yahC_predicted,0.06666666666666667,14,14,TCGCCTCTTCTGATCGCAAG,0,4499495
yahC_predicted,0.06666666666666667,14,14,TCGATTGGGTTGAAAAGGAA,0,4510203
yahC_predicted,0.06666666666666667,14,14,TCGAGTGGCGCACATTCCTC,0,4478247
yahC_predicted,0.06666666666666667,14,14,TCCTTCGTCCTAAGATGCGG,0,4511051
yahC_predicted,0.06666666666666667,14,14,TCCCGACATTCAGACCTTGA,0,4496588
yahC_predicted,0.06666666666666667,14,14,TCCCAGGCGGTGAGTAGTGT,0,4491542
yahC_predicted,0.06666666666666667,14,14,TCATGACCCTATAGCTTAAT,0,4484283
yahC_predicted,0.06666666666666667,14,14,TCACCCCACCAGGACCCGAA,0,4479270
yahC_predicted,0.06666666666666667,14,14,TATTCTCCGTTTGGCCGCGG,0,4483643
yahC_predicted,0.06666666666666667,14,14,TAGGGAATTTTAGTCGTCGA,0,4501879
yahC_predicted,0.06666666666666667,14,14,TAGCAGGAGATTGGCCTCCG,0,4478748
yahC_predicted,0.06666666666666667,14,14,TACCAGTCAGGGCCGGCCTG,0,4501688
yahC_predicted,0.06666666666666667,14,14,TACATATCTAATACCCCGGG,0,4498968
yahC_predicted,0.06666666666666667,14,14,TACAGTACTACATGACATTT,0,4498703
yahC_predicted,0.06666666666666667,14,14,TACAGATCTCTTATCTCTTA,0,4497668
yahC_predicted,0.06666666666666667,14,14,TAATGATTGCAACAGGTCTC,0,4484951
yahC_predicted,0.06666666666666667,14,14,TAATCCGGTACTGACGCCCA,0,4480558
yahC_predicted,0.06666666666666667,14,14,TAAAACTGCCTATAAAAGGT,0,4472498
yahC_predicted,0.06666666666666667,14,14,GTTGTGGCGGGATGTTGCTT,0,4485079
yahC_predicted,0.06666666666666667,14,14,GTTATAAAAGTGTGGCTTTC,0,4491894
yahC_predicted,0.06666666666666667,14,14,GTGTGGATGCCGAGACCATA,0,4506811
yahC_predicted,0.06666666666666667,14,14,GTGTGATAGGGGTGGTGAAC,0,4484658
yahC_predicted,0.06666666666666667,14,14,GTGCGAAGCAAGATCTCATC,0,4485087
yahC_predicted,0.06666666666666667,14,14,GTGCCCCAGTTACACATCAC,0,4504553
yahC_predicted,0.06666666666666667,14,14,GTCTGTAGGGTCACTACTAG,0,4481771
yahC_predicted,0.06666666666666667,14,14,GTCTGGTGCCTGGCAATCCT,0,4493843
yahC_predicted,0.06666666666666667,14,14,GTCACTTACACACTACTCAT,0,4509505
yahC_predicted,0.06666666666666667,14,14,GTAGACTGCGTCCTGGCACT,0,4495535
yahC_predicted,0.06666666666666667,14,14,GTACGTCTGCGCCGGGGCGA,0,4491896
yahC_predicted,0.06666666666666667,14,14,GTACCTGGATAGCTGGCCGT,0,4493605
yahC_predicted,0.06666666666666667,14,14,GGTCCCATTTGGTGTAAGGC,0,4478944
yahC_predicted,0.06666666666666667,14,14,GGTCAAGGTGGTTAACTTAC,0,4493685
yahC_predicted,0.06666666666666667,14,14,GGTACGAAGATGCGTGCACA,0,4492285
yahC_predicted,0.06666666666666667,14,14,GGGGCCAGTGTGAGACATAG,0,4490107
yahC_predicted,0.06666666666666667,14,14,GGGGCACACAGAACTTTAAT,0,4481600
yahC_predicted,0.06666666666666667,14,14,GGGCGTAACAAGTCTCTTCT,0,4473835
yahC_predicted,0.06666666666666667,14,14,GGGCATTTTGGGACCCTTTA,0,4474741
yahC_predicted,0.06666666666666667,14,14,GGGACGCTACGTGTAAGACC,0,4479675
yahC_predicted,0.06666666666666667,14,14,GGCTGATAATATCACACGCG,0,4474210
yahC_predicted,0.06666666666666667,14,14,GGCGATCATCGAGGTAGAGG,0,4484221
yahC_predicted,0.06666666666666667,14,14,GGCCAATACTAACCGTTGGT,0,4500015
yahC_predicted,0.06666666666666667,14,14,GGCAGGCGGGTGAAGGCGAG,0,4491593
yahC_predicted,0.06666666666666667,14,14,GGCACATTCGTGACTTCCAG,0,4477406
yahC_predicted,0.06666666666666667,14,14,GGATTTGCGACCGCAGTTCA,0,4474899
yahC_predicted,0.06666666666666667,14,14,GGATAGACCCGCCATGGAAT,0,4502029
yahC_predicted,0.06666666666666667,14,14,GGAGATCGAGTATCTGGATA,0,4507200
yahC_predicted,0.06666666666666667,14,14,GGAAAGGCAGTCACAGCTTT,0,4488950
yahC_predicted,0.06666666666666667,14,14,GCTCCCCTGGAACTTGCGAG,0,4485026
yahC_predicted,0.06666666666666667,14,14,GCTCCAGCAACGTTGGTAAA,0,4502803
yahC_predicted,0.06666666666666667,14,14,GCTCATATGGTCGGTTCGGT,0,4500182
yahC_predicted,0.06666666666666667,14,14,GCTATCCCACGAGGATTTTC,0,4494501
yahC_predicted,0.06666666666666667,14,14,GCTACTGTAAACGACTTCAT,0,4474510
yahC_predicted,0.06666666666666667,14,14,GCGTTAGGTTGGCGTAGGGT,0,4483138
yahC_predicted,0.06666666666666667,14,14,GCGTCATGACCAGGGCCCAG,0,4491976
yahC_predicted,0.06666666666666667,14,14,GCGGAGTTCGGCTAAAGCGT,0,4479001
yahC_predicted,0.06666666666666667,14,14,GCGAGGTCACTCGGTTATTT,0,4492688
yahC_predicted,0.06666666666666667,14,14,GCCTTCGCTCTCAGATGCAT,0,4509925
yahC_predicted,0.06666666666666667,14,14,GCCGTGCATTATTATTGAGA,0,4490450
yahC_predicted,0.06666666666666667,14,14,GCCGGTTCATCTCAGATACT,0,4510073
yahC_predicted,0.06666666666666667,14,14,GCCCTTTAAAGTCTTATAGC,0,4490634
yahC_predicted,0.06666666666666667,14,14,GCCAACAGGAAGGCAGAAAG,0,4494787
yahC_predicted,0.06666666666666667,14,14,GCATAAAGTTGTGATCCAAC,0,4493723
yahC_predicted,0.06666666666666667,14,14,GCAGTTCTCAGCTTAGTGAT,0,4495564
yahC_predicted,0.06666666666666667,14,14,GCAGGCTATAAGGTGGACTT,0,4508825
yahC_predicted,0.06666666666666667,14,14,GCAGCCGAAACGTTTTGATA,0,4477395
yahC_predicted,0.06666666666666667,14,14,GCAAGCCCGCGGAGTCCTTC,0,4511806
yahC_predicted,0.06666666666666667,14,14,GATGGGATTGCCTCGCTTAC,0,4472732
yahC_predicted,0.06666666666666667,14,14,GATGGCTTAGTTTGCATATG,0,4474157
yahC_predicted,0.06666666666666667,14,14,GATCCTTTTTACAAGTGAGG,0,4474408
yahC_predicted,0.06666666666666667,14,14,GATCCAGTAGTTTGGTATGG,0,4506185
yahC_predicted,0.06666666666666667,14,14,GATCCACGTAGTGGTAGACC,0,4495799
yahC_predicted,0.06666666666666667,14,14,GATCAAATAGCTTCCGGGAA,0,4508810
yahC_predicted,0.06666666666666667,14,14,GATATCCTAGACGTGACTCA,0,4482456
yahC_predicted,0.06666666666666667,14,14,GATATCATAGTATCACTTTC,0,4483505
yahC_predicted,0.06666666666666667,14,14,GATAGATCATGTACGGAGGT,0,4496350
yahC_predicted,0.06666666666666667,14,14,GAGTTCGAGTTATAGACTGG,0,4499872
yahC_predicted,0.06666666666666667,14,14,GAGTGGATTTAGTATAGTAA,0,4498014
yahC_predicted,0.06666666666666667,14,14,GAGGCCATACCTTCGCGGTT,0,4482454
yahC_predicted,0.06666666666666667,14,14,GAGCTTTCTGAGCGAAACTC,0,4484814
yahC_predicted,0.06666666666666667,14,14,GAGCGTGCGGACAAACAGCA,0,4510474
yahC_predicted,0.06666666666666667,14,14,GACTATCATGAGGGGGTTAC,0,4487374
yahC_predicted,0.06666666666666667,14,14,GACGTGGTATGCCGGCCGCT,0,4478483
yahC_predicted,0.06666666666666667,14,14,GACCGTAGCCCCCAGGAGAA,0,4484784
yahC_predicted,0.06666666666666667,14,14,GACAGGTAGCCACAGTTACT,0,4481938
yahC_predicted,0.06666666666666667,14,14,GACACCCCTCGGTAAGCAAA,0,4484677
yahC_predicted,0.06666666666666667,14,14,GACACACCCTGGGTGCCTCA,0,4492540
yahC_predicted,0.06666666666666667,14,14,GACAAAAGTGGTTAGCGTCA,0,4507838
yahC_predicted,0.06666666666666667,14,14,GAATGCTCACCACACGCTCT,0,4491087
yahC_predicted,0.06666666666666667,14,14,GAAGCGGGCCACTCTTAGAG,0,4488632
yahC_predicted,0.06666666666666667,14,14,GAACGAAAGTATATGAGAGC,0,4481269
yahC_predicted,0.06666666666666667,14,14,GAACAAATGGCTATATCGAC,0,4497870
yahC_predicted,0.06666666666666667,14,14,CTTTTCGGGACCTGAGATTA,0,4485290
yahC_predicted,0.06666666666666667,14,14,CTTTTAATGACGCGGGGTGA,0,4503177
yahC_predicted,0.06666666666666667,14,14,CTTTGGAGCGCGTCCGGGAG,0,4498180
yahC_predicted,0.06666666666666667,14,14,CTTTCGCGGAAGTAATAGAT,0,4502823
yahC_predicted,0.06666666666666667,14,14,CTTGTAACGCGACTTGCGTT,0,4478806
yahC_predicted,0.06666666666666667,14,14,CTTGGACTTGCACGTCGGCG,0,4488202
yahC_predicted,0.06666666666666667,14,14,CTTCTGTAAACAGTCAACAT,0,4479426
yahC_predicted,0.06666666666666667,14,14,CTTCCCACGAGGTGTCAGTT,0,4484359
yahC_predicted,0.06666666666666667,14,14,CTTAGAATGCATCGTCGAAG,0,4474067
yahC_predicted,0.06666666666666667,14,14,CTGTTTACAGTAGCCAAGGG,0,4495472
yahC_predicted,0.06666666666666667,14,14,CTGGGTTGGCCAACCCAGTT,0,4477700
yahC_predicted,0.06666666666666667,14,14,CTGGATAGACTTGTGCTAGT,0,4485205
yahC_predicted,0.06666666666666667,14,14,CTGCTGACTACTGGGCTCGC,0,4474835
yahC_predicted,0.06666666666666667,14,14,CTGATTTACTTGCAGCAAGG,0,4504869
yahC_predicted,0.06666666666666667,14,14,CTCTTCCTATAGGTGGAATA,0,4505916
yahC_predicted,0.06666666666666667,14,14,CTCGAGTGTGGCCTAGAAAT,0,4484644
yahC_predicted,0.06666666666666667,14,14,CTCAACACTCACCGGAGAAA,0,4511017
yahC_predicted,0.06666666666666667,14,14,CTATGCAGGTGCCTTTTTTC,0,4486227
yahC_predicted,0.06666666666666667,14,14,CTAGTGAAATTATGTGACAA,0,4488979
yahC_predicted,0.06666666666666667,14,14,CTAGTAGACGGGCATCCCCC,0,4496624
yahC_predicted,0.06666666666666667,14,14,CTAGCGTCGCAATTCACTGT,0,4494550
yahC_predicted,0.06666666666666667,14,14,CTACACCCAGGTGCTATGGG,0,4490797
yahC_predicted,0.06666666666666667,14,14,CGTTCTTCTCGTGAATACCA,0,4505074
yahC_predicted,0.06666666666666667,14,14,CGTCATACCTTATATGGTAG,0,4494450
yahC_predicted,0.06666666666666667,14,14,CGTATTACCGTGAAAAGGCA,0,4482423
yahC_predicted,0.06666666666666667,14,14,CGGGTCAACGAGTTGTCGCT,0,4494738
yahC_predicted,0.06666666666666667,14,14,CGGGAAAACGCGTGTTATGA,0,4490181
yahC_predicted,0.06666666666666667,14,14,CGGATATTATCGAAAGATTA,0,4498990
yahC_predicted,0.06666666666666667,14,14,CGGACAACATCGAAATTGGT,0,4499051
yahC_predicted,0.06666666666666667,14,14,CGGAATAACTTATACTCTAT,0,4503316
yahC_predicted,0.06666666666666667,14,14,CGCTGTTGTCTCGGACCGAT,0,4504428
yahC_predicted,0.06666666666666667,14,14,CGCGGGATTCAAGGGGTAGA,0,4486982
yahC_predicted,0.06666666666666667,14,14,CGCCCTTTCAGACCTCCCCG,0,4473958
yahC_predicted,0.06666666666666667,14,14,CGCCCCCATCTGTAACACTC,0,4506073
yahC_predicted,0.06666666666666667,14,14,CGATAAGCGGTGAGGCCGTT,0,4485721
yahC_predicted,0.06666666666666667,14,14,CGAGGTGAGTAACTGTGTTT,0,4509680
yahC_predicted,0.06666666666666667,14,14,CGAGAGAACGGGTGTGAAGT,0,4494868
yahC_predicted,0.06666666666666667,14,14,CGAGACTCGGTACTGTGACA,0,4507811
yahC_predicted,0.06666666666666667,14,14,CGACGTTGACCATCATGTCA,0,4488622
yahC_predicted,0.06666666666666667,14,14,CGACACAAGACTACCTCGAT,0,4493923
yahC_predicted,0.06666666666666667,14,14,CGAAGACCACATCGGTACTC,0,4501605
yahC_predicted,0.06666666666666667,14,14,CCTGCCTAAGCATTCGGCAG,0,4499560
yahC_predicted,0.06666666666666667,14,14,CCTGAACGCAGGTATGGGCA,0,4489439
yahC_predicted,0.06666666666666667,14,14,CCTCTGTCAGCTGGTGAGAA,0,4473534
yahC_predicted,0.06666666666666667,14,14,CCTATGCCCGGCATTAACTC,0,4508931
yahC_predicted,0.06666666666666667,14,14,CCTACCCATCAGACATCCAG,0,4498592
yahC_predicted,0.06666666666666667,14,14,CCGTGTGGTAACGCTAGACA,0,4478734
yahC_predicted,0.06666666666666667,14,14,CCGTGTGATATGTTAGTGTA,0,4472960
yahC_predicted,0.06666666666666667,14,14,CCGGCTAGCCCGGGGTTTCA,0,4503132
yahC_predicted,0.06666666666666667,14,14,CCCGTAATCGATACATCGTT,0,4478991
yahC_predicted,0.06666666666666667,14,14,CCCGGTAGCCGGTAATCGCG,0,4489956
yahC_predicted,0.06666666666666667,14,14,CCCCTTTGCCTTTCTCAGTG,0,4488720
yahC_predicted,0.06666666666666667,14,14,CCCACAAGTCTGCGTGTAAT,0,4498923
yahC_predicted,0.06666666666666667,14,14,CCATGGGGCCTTGAAAGTGG,0,4498018
yahC_predicted,0.06666666666666667,14,14,CCATAAATTAGCGAGATCTT,0,4484523
yahC_predicted,0.06666666666666667,14,14,CCAGACGGTTTCTTGAAGCA,0,4503916
yahC_predicted,0.06666666666666667,14,14,CCAAGGCATTTATAGACGTG,0,4479335
yahC_predicted,0.06666666666666667,14,14,CATTAGGAGCACTATTTAGC,0,4499168
yahC_predicted,0.06666666666666667,14,14,CATGGATTACAAACTGTTCT,0,4484998
yahC_predicted,0.06666666666666667,14,14,CATGGAAATTCCTTACCCTG,0,4483914
yahC_predicted,0.06666666666666667,14,14,CATATTGTTCTAAGGCCAAG,0,4483420
yahC_predicted,0.06666666666666667,14,14,CATATCGGCCTGTTCCGGCA,0,4479883
yahC_predicted,0.06666666666666667,14,14,CAGTTATACGACGACTGACA,0,4474903
yahC_predicted,0.06666666666666667,14,14,CAGTAGCCGTATGTATAAGG,0,4485294
yahC_predicted,0.06666666666666667,14,14,CAGGAATCTATACTTCAAGA,0,4503454
yahC_predicted,0.06666666666666667,14,14,CAGCAGTAAATTTTAATTAA,0,4476357
yahC_predicted,0.06666666666666667,14,14,CAGAGGGATTCCACGCAGAG,0,4483144
yahC_predicted,0.06666666666666667,14,14,CACTGGAATCCACTGAGCTG,0,4503801
yahC_predicted,0.06666666666666667,14,14,CACTATCAACTGTCTCAGGC,0,4480451
yahC_predicted,0.06666666666666667,14,14,CACGTGCCGATTGTCCTGCA,0,4495719
yahC_predicted,0.06666666666666667,14,14,CACGTCAGGACGAAAAGAAG,0,4481244
yahC_predicted,0.06666666666666667,14,14,CACGCAGAGCGGGTATTTTG,0,4492785
yahC_predicted,0.06666666666666667,14,14,CACGAATAAGGTGTAGCAAA,0,4498321
yahC_predicted,0.06666666666666667,14,14,CAATCACTCAGGGCCAAGGT,0,4508304
yahC_predicted,0.06666666666666667,14,14,CAAGTGCGCGGCTCACTATC,0,4482519
yahC_predicted,0.06666666666666667,14,14,CAAGAAATAGCGAGCTCATG,0,4492187
yahC_predicted,0.06666666666666667,14,14,CAACCACAACCGTTCTGAGC,0,4508185
yahC_predicted,0.06666666666666667,14,14,ATTTCTTGCAGGAGTCGCTT,0,4483697
yahC_predicted,0.06666666666666667,14,14,ATTTAGGGTGATCCAGTCGG,0,4508684
yahC_predicted,0.06666666666666667,14,14,ATTGTTTCCAGTTATGGATG,0,4511238
yahC_predicted,0.06666666666666667,14,14,ATTATCAGCAAAATCAAGGG,0,4500099
yahC_predicted,0.06666666666666667,14,14,ATTAACACATCTCTTAACTA,0,4493179
yahC_predicted,0.06666666666666667,14,14,ATGATATTGGCGGTACCGGG,0,4482854
yahC_predicted,0.06666666666666667,14,14,ATGACATAACGTAGTGCCCA,0,4477246
yahC_predicted,0.06666666666666667,14,14,ATCTGGCGACGGGATCGTTT,0,4474160
yahC_predicted,0.06666666666666667,14,14,ATCTCTATTTACTCACCCCA,0,4502358
yahC_predicted,0.06666666666666667,14,14,ATCGGTGGCAAGCTCCATCT,0,4508246
yahC_predicted,0.06666666666666667,14,14,ATCGATGAGGTCGCAAGTAT,0,4505742
yahC_predicted,0.06666666666666667,14,14,ATCCCACACACGGAATGTTG,0,4494697
yahC_predicted,0.06666666666666667,14,14,ATCCCAATGATACTTTTCCC,0,4483913
yahC_predicted,0.06666666666666667,14,14,ATCCATAGGACGACCTTAGA,0,4479274
yahC_predicted,0.06666666666666667,14,14,ATATGAATTGTTACCGTTTG,0,4486357
yahC_predicted,0.06666666666666667,14,14,ATAGAACGCAGGCGGCCTAC,0,4479480
yahC_predicted,0.06666666666666667,14,14,ATACTGATCGTACTTCGATT,0,4496861
yahC_predicted,0.06666666666666667,14,14,ATACAGAGACGGGCTTACAT,0,4495482
yahC_predicted,0.06666666666666667,14,14,ATACACTATGTAGTACCGAC,0,4472657
yahC_predicted,0.06666666666666667,14,14,AGTTGGCTTCATAAACTAAG,0,4493997
yahC_predicted,0.06666666666666667,14,14,AGTTGCGTACTGTGCTTTCG,0,4477458
yahC_predicted,0.06666666666666667,14,14,AGTTAGTAGGGTCAACGGTT,0,4507500
yahC_predicted,0.06666666666666667,14,14,AGTCGCGTTACAAGACTTGG,0,4492160
yahC_predicted,0.06666666666666667,14,14,AGTACCAAGCCGACCAGAGA,0,4490324
yahC_predicted,0.06666666666666667,14,14,AGGTATTGTTTTTGTTCCTT,0,4499254
yahC_predicted,0.06666666666666667,14,14,AGGGTCCGCAGGTAAAGTAA,0,4476717
yahC_predicted,0.06666666666666667,14,14,AGGCTGGATTTATGCGCATG,0,4492449
yahC_predicted,0.06666666666666667,14,14,AGGACCTCACGAACTTACTT,0,4486709
yahC_predicted,0.06666666666666667,14,14,AGCTCCTCTAAAGTTGCGTA,0,4472626
yahC_predicted,0.06666666666666667,14,14,AGCGTAAATGGCCTTTGCAT,0,4484882
yahC_predicted,0.06666666666666667,14,14,AGCGCGGGCGGTAACGGGAG,0,4489873
yahC_predicted,0.06666666666666667,14,14,AGACAACAAGTCTTTGCCAG,0,4497439
yahC_predicted,0.06666666666666667,14,14,AGAAAAGTTCACCCACGGTC,0,4481756
yahC_predicted,0.06666666666666667,14,14,ACTTGCGCTCTGACTAACCA,0,4496446
yahC_predicted,0.06666666666666667,14,14,ACTTCGTACGAGGTTTGGTC,0,4496971
yahC_predicted,0.06666666666666667,14,14,ACTTCGGGCGGCCTCTCGAA,0,4509222
yahC_predicted,0.06666666666666667,14,14,ACTGTACTTCAGATTGCATA,0,4498472
yahC_predicted,0.06666666666666667,14,14,ACTGACGGTACGGCGCCATC,0,4510117
yahC_predicted,0.06666666666666667,14,14,ACTCTGAATTGGATGTCTGG,0,4495714
yahC_predicted,0.06666666666666667,14,14,ACTCATAGGTGTCCCGGCCC,0,4490704
yahC_predicted,0.06666666666666667,14,14,ACTATTGATGAGTCAAGTTG,0,4477202
yahC_predicted,0.06666666666666667,14,14,ACTATGGAACGAGTGATTGC,0,4488434
yahC_predicted,0.06666666666666667,14,14,ACTAGAGTTCACGGCCCCGG,0,4476428
yahC_predicted,0.06666666666666667,14,14,ACTAAGTAAAGCTTTTATGG,0,4492603
yahC_predicted,0.06666666666666667,14,14,ACGCATAACGACCATGTGAG,0,4507046
yahC_predicted,0.06666666666666667,14,14,ACCGGCGCTGCCCATGGTGC,0,4483871
yahC_predicted,0.06666666666666667,14,14,ACCCCGGCTTCTCTCCACTA,0,4487606
yahC_predicted,0.06666666666666667,14,14,ACCAGCAAGGCCCCCAAGCC,0,4480694
yahC_predicted,0.06666666666666667,14,14,ACATGTCAGGACAGGGGGGT,0,4510102
yahC_predicted,0.06666666666666667,14,14,ACATGATCTGTACAGCGCCT,0,4495446
yahC_predicted,0.06666666666666667,14,14,ACATACTTAGCTGAAAGCGG,0,4508969
yahC_predicted,0.06666666666666667,14,14,ACAGCGTATTTCACTGTTAA,0,4493444
yahC_predicted,0.06666666666666667,14,14,ACAGAAGGATCCAGCCGATA,0,4493456
yahC_predicted,0.06666666666666667,14,14,ACACCTGTAGAAAACTGAGA,0,4503061
yahC_predicted,0.06666666666666667,14,14,ACAATTGAGTTTGACATCGT,0,4511308
yahC_predicted,0.06666666666666667,14,14,ACAAAGATATGGGGCTAAGT,0,4494739
yahC_predicted,0.06666666666666667,14,14,AATTTCATCCAGTCCACAGC,0,4505766
yahC_predicted,0.06666666666666667,14,14,AATTGCATCGTGATGCGGTT,0,4496324
yahC_predicted,0.06666666666666667,14,14,AATGTATTGCATCCTCCCGG,0,4498717
yahC_predicted,0.06666666666666667,14,14,AATCTTTTTCAGTATTTAGG,0,4478184
yahC_predicted,0.06666666666666667,14,14,AATCGTGCCCACATAGACCA,0,4505038
yahC_predicted,0.06666666666666667,14,14,AATATTTCTCAGTGCCGGGT,0,4479031
yahC_predicted,0.06666666666666667,14,14,AAGTTCTTGAATCCAGCGGC,0,4479699
yahC_predicted,0.06666666666666667,14,14,AAGCGTGTAGCACAGAAGTG,0,4479266
yahC_predicted,0.06666666666666667,14,14,AACGTTGGTAGCTCCTGAGT,0,4478950
yahC_predicted,0.06666666666666667,14,14,AACGTAGCAGGGTCGCAGGG,0,4508726
yahC_predicted,0.06666666666666667,14,14,AACGAGCTTCCCTTCTGGTC,0,4504951
yahC_predicted,0.06666666666666667,14,14,AACATGTGAAGCGTTAGTCC,0,4506329
yahC_predicted,0.06666666666666667,14,14,AACATGCGGAATAAGTCATC,0,4505989
yahC_predicted,0.06666666666666667,14,14,AACATCTTAAGCGCTGTGCA,0,4483171
yahC_predicted,0.06666666666666667,14,14,AACAGCCCCCCTGACGGCTA,0,4497223
yahC_predicted,0.06666666666666667,14,14,AAATCAAGGGGTCTGAGAGT,0,4505098
yahC_predicted,0.07142857142857142,13,13,TTTTTCTTCACACGGGTCTT,0,4505596
yahC_predicted,0.07142857142857142,13,13,TTTGTCAGGCATTTCCCGTA,0,4485344
yahC_predicted,0.07142857142857142,13,13,TTTCCGGGTAGCACGTTCGC,0,4482918
yahC_predicted,0.07142857142857142,13,13,TTTCAAGGGCGAAGATCCTT,0,4487390
yahC_predicted,0.07142857142857142,13,13,TTTAAAGCGAGGAAAGTGTC,0,4508497
yahC_predicted,0.07142857142857142,13,13,TTGTGAATTTGGATATAGAG,0,4507580
yahC_predicted,0.07142857142857142,13,13,TTGTCTCGTAGTCTGCTCTA,0,4496065
yahC_predicted,0.07142857142857142,13,13,TTGGATCCGCTGTTACGAAG,0,4486953
yahC_predicted,0.07142857142857142,13,13,TTGCTTGCTGGCTGCCCGGA,0,4492940
yahC_predicted,0.07142857142857142,13,13,TTGCACGGATAACCTCTAAG,0,4473405
yahC_predicted,0.07142857142857142,13,13,TTGCACCTCCTCCAACTGCT,0,4476511
yahC_predicted,0.07142857142857142,13,13,TTCTGGGAATATTTCCTCGT,0,4488627
yahC_predicted,0.07142857142857142,13,13,TTCTAATAGTCGCAGTAGTT,0,4481246
yahC_predicted,0.07142857142857142,13,13,TTCTAAACCATTTTCCCGAT,0,4479720
yahC_predicted,0.07142857142857142,13,13,TTCGGCAGCTGCGCGCTCGG,0,4494448
yahC_predicted,0.07142857142857142,13,13,TTCCGTCCTTCGCAAAATAA,0,4494512
yahC_predicted,0.07142857142857142,13,13,TTCAGAGAACTGGAACTGGC,0,4495410
yahC_predicted,0.07142857142857142,13,13,TTCAAAGCCAGCACTTTAGG,0,4503824
yahC_predicted,0.07142857142857142,13,13,TTAGTGCACGTGTGTTAATG,0,4481074
yahC_predicted,0.07142857142857142,13,13,TTACTGCATGTTGCCCTCAT,0,4499364
yahC_predicted,0.07142857142857142,13,13,TTAAAACTGACCAGAGGGTA,0,4503898
yahC_predicted,0.07142857142857142,13,13,TGTGTTTCTTGTAATTTTAC,0,4472835
yahC_predicted,0.07142857142857142,13,13,TGTGCCCGAGTCGGACTAGG,0,4509836
yahC_predicted,0.07142857142857142,13,13,TGTGCAAAGGGCGTCACGTC,0,4510112
yahC_predicted,0.07142857142857142,13,13,TGTAGGTTCCAAGCGAACAG,0,4485718
yahC_predicted,0.07142857142857142,13,13,TGGTTAAGATGAGACCTATG,0,4505640
yahC_predicted,0.07142857142857142,13,13,TGGTAATTCCTACCCCGCGT,0,4497915
yahC_predicted,0.07142857142857142,13,13,TGGGGCAGCGCCCGTATGAC,0,4473518
yahC_predicted,0.07142857142857142,13,13,TGGACTGGTTTTAACCCCAC,0,4487426
yahC_predicted,0.07142857142857142,13,13,TGCCAGGATGTAAACTGAAA,0,4494835
yahC_predicted,0.07142857142857142,13,13,TGCAAGAGACGTACGAGCGA,0,4474088
yahC_predicted,0.07142857142857142,13,13,TGAGGCCTTTTGGCAAGCAA,0,4502290
yahC_predicted,0.07142857142857142,13,13,TGACCCTATATTTTAGTCGC,0,4490682
yahC_predicted,0.07142857142857142,13,13,TGAAGGCCGAGGACCGATGG,0,4472741
yahC_predicted,0.07142857142857142,13,13,TGAAGAGGCTGCTCTTAGCG,0,4493055
yahC_predicted,0.07142857142857142,13,13,TCTTGAGGGAACGGGCACTT,0,4477169
yahC_predicted,0.07142857142857142,13,13,TCTTCGTGAGCAATCACCGT,0,4483019
yahC_predicted,0.07142857142857142,13,13,TCTGCTTCGGCGCTTTCAGG,0,4474704
yahC_predicted,0.07142857142857142,13,13,TCTCACGGAAGTTGGATTGT,0,4481282
yahC_predicted,0.07142857142857142,13,13,TCTACTAATCCTCCGAAATT,0,4494609
yahC_predicted,0.07142857142857142,13,13,TCTACGCGGACACCCAGTTA,0,4496549
yahC_predicted,0.07142857142857142,13,13,TCTAAGTTCGAGGACATAGA,0,4491029
yahC_predicted,0.07142857142857142,13,13,TCGTTTGACTAGCAATTCAG,0,4497218
yahC_predicted,0.07142857142857142,13,13,TCGTGTGTTTACCCTGATGT,0,4486956
yahC_predicted,0.07142857142857142,13,13,TCGGTTTCTAGTAACCGCTT,0,4506557
yahC_predicted,0.07142857142857142,13,13,TCGCTCTAAAGTTGATTCAA,0,4498488
yahC_predicted,0.07142857142857142,13,13,TCGATTTTGGCTGAAATAGT,0,4484086
yahC_predicted,0.07142857142857142,13,13,TCGACCGAAACCTGCCCTAA,0,4481777
yahC_predicted,0.07142857142857142,13,13,TCGAAGGGGTATACCCCGGC,0,4488916
yahC_predicted,0.07142857142857142,13,13,TCCTAACTTAGCGCCTAGTG,0,4481111
yahC_predicted,0.07142857142857142,13,13,TCCGCCTAAAATGCCCTAAA,0,4498594
yahC_predicted,0.07142857142857142,13,13,TCCGAGGAATAACGCACTTA,0,4501249
yahC_predicted,0.07142857142857142,13,13,TCAGTGTATCATTCAGCGTC,0,4491086
yahC_predicted,0.07142857142857142,13,13,TCACTTTCTCTAGGATAGAC,0,4490183
yahC_predicted,0.07142857142857142,13,13,TCACCAACGGTAGTTTCCAT,0,4496459
yahC_predicted,0.07142857142857142,13,13,TATTGGCTTTCAGTTTGGTT,0,4502709
yahC_predicted,0.07142857142857142,13,13,TATTCGGGGGGGACCTGGGA,0,4498949
yahC_predicted,0.07142857142857142,13,13,TATAACAACGAGGCTGGGAC,0,4503756
yahC_predicted,0.07142857142857142,13,13,TAGGTGCCAGTCCGGGGTTC,0,4475252
yahC_predicted,0.07142857142857142,13,13,TAGGCGAAGCGTTCGAAGAC,0,4492344
yahC_predicted,0.07142857142857142,13,13,TACTCTGACCGATGTGACCG,0,4495827
yahC_predicted,0.07142857142857142,13,13,TACGGATAGGGCTACACCAC,0,4473101
yahC_predicted,0.07142857142857142,13,13,TACGCCCACGGTAACGACAT,0,4500606
yahC_predicted,0.07142857142857142,13,13,TACCTCCGTATCCTCCATGA,0,4503172
yahC_predicted,0.07142857142857142,13,13,TACAGATGACATCCATACAT,0,4491586
yahC_predicted,0.07142857142857142,13,13,TACAAGCGTGAGCAGTCGGA,0,4490108
yahC_predicted,0.07142857142857142,13,13,TAATGTTTTGAGGCTCGAAT,0,4486500
yahC_predicted,0.07142857142857142,13,13,TAAGCGTAGGCGAGGTTGTT,0,4491178
yahC_predicted,0.07142857142857142,13,13,TAAATTACAGAAGATCAGTA,0,4493362
yahC_predicted,0.07142857142857142,13,13,GTTTTTGAACCCTTCTCGAG,0,4474417
yahC_predicted,0.07142857142857142,13,13,GTTCCCACAGTTACGGGTCT,0,4504348
yahC_predicted,0.07142857142857142,13,13,GTTCAGTCAACACAAAGCAG,0,4482781
yahC_predicted,0.07142857142857142,13,13,GTTCACTGAACGTCGGGGTA,0,4490874
yahC_predicted,0.07142857142857142,13,13,GTTACGTTTGGCCAGATTCA,0,4503680
yahC_predicted,0.07142857142857142,13,13,GTGTATAGAATAATCTGGGA,0,4495594
yahC_predicted,0.07142857142857142,13,13,GTGGGAGACTCACTAGTTGG,0,4490315
yahC_predicted,0.07142857142857142,13,13,GTGCCTTCTCATAAGCTGGT,0,4494983
yahC_predicted,0.07142857142857142,13,13,GTGCCTACGACCCACTGTGA,0,4511328
yahC_predicted,0.07142857142857142,13,13,GTGCCCTACGCTCCTCAACC,0,4500593
yahC_predicted,0.07142857142857142,13,13,GTCTACAGGGGCTCCACTTC,0,4485715
yahC_predicted,0.07142857142857142,13,13,GTCGGTGTTTCGATGCTAAG,0,4499186
yahC_predicted,0.07142857142857142,13,13,GTCCTCCTGAATCATCCCAG,0,4486249
yahC_predicted,0.07142857142857142,13,13,GTCCAAGCAGATGTCTAAAG,0,4503081
yahC_predicted,0.07142857142857142,13,13,GTATAGACTCTGAAAGGGCA,0,4489095
yahC_predicted,0.07142857142857142,13,13,GGTTAAAGCCACGTATCGTA,0,4510163
yahC_predicted,0.07142857142857142,13,13,GGTGGTCAAACGCTAGAGAT,0,4502595
yahC_predicted,0.07142857142857142,13,13,GGTGGCAGACGCGGCTCCAA,0,4504356
yahC_predicted,0.07142857142857142,13,13,GGTGCTCGTCAGGAACATGA,0,4479220
yahC_predicted,0.07142857142857142,13,13,GGTCATTCATTTGAGCTCAT,0,4510098
yahC_predicted,0.07142857142857142,13,13,GGTATTTTACTGGCAATGCA,0,4476414
yahC_predicted,0.07142857142857142,13,13,GGTATAGAGCAATCGAGGCT,0,4492836
yahC_predicted,0.07142857142857142,13,13,GGTACCCTATGCAGTAAGAG,0,4505314
yahC_predicted,0.07142857142857142,13,13,GGTACCCCAGTTCTCCACTT,0,4488136
yahC_predicted,0.07142857142857142,13,13,GGGTTATGCGTTGCGCTGAT,0,4508869
yahC_predicted,0.07142857142857142,13,13,GGGTGTAGAGAGTTTGCGTT,0,4480287
yahC_predicted,0.07142857142857142,13,13,GGGATCGCTTAACAGCCTCG,0,4510187
yahC_predicted,0.07142857142857142,13,13,GGATCCAATCAGCCATTAAT,0,4511140
yahC_predicted,0.07142857142857142,13,13,GGAAACTCTTAAACCTTTAT,0,4472629
yahC_predicted,0.07142857142857142,13,13,GGAAACGCGTACAATTACGA,0,4474206
yahC_predicted,0.07142857142857142,13,13,GCTCGACCTTGACACAACGA,0,4487994
yahC_predicted,0.07142857142857142,13,13,GCTCCTGCGTGAAATGCTTG,0,4493785
yahC_predicted,0.07142857142857142,13,13,GCTCAGAGGGGCATGAAAAA,0,4479602
yahC_predicted,0.07142857142857142,13,13,GCGTTACATTACACCAAGAT,0,4502153
yahC_predicted,0.07142857142857142,13,13,GCGTGTTGCTTAAGGCTGTT,0,4488667
yahC_predicted,0.07142857142857142,13,13,GCGCTAAGGTTGAATGGTGA,0,4495718
yahC_predicted,0.07142857142857142,13,13,GCGACTGTTCCCTGGCACGA,0,4500815
yahC_predicted,0.07142857142857142,13,13,GCCTTTGAGCGGACAAGCGG,0,4488715
yahC_predicted,0.07142857142857142,13,13,GCCTTTGAACGCCTTCCCAG,0,4505471
yahC_predicted,0.07142857142857142,13,13,GCCTTAAAGTTTTATTTACG,0,4475703
yahC_predicted,0.07142857142857142,13,13,GCCTATCGAGCTGGAAGTCG,0,4483530
yahC_predicted,0.07142857142857142,13,13,GCCGTCTAGCATATGCATAG,0,4511674
yahC_predicted,0.07142857142857142,13,13,GCCGTCCCGAGTAATATAAC,0,4483495
yahC_predicted,0.07142857142857142,13,13,GCCGTCATATGGCTTTCTGA,0,4476586
yahC_predicted,0.07142857142857142,13,13,GCCGGTAGGGGGATCCATAA,0,4499409
yahC_predicted,0.07142857142857142,13,13,GCCCGCATCGACTAAGATGT,0,4497066
yahC_predicted,0.07142857142857142,13,13,GCCCCCATGCGAAATGCCAA,0,4493212
yahC_predicted,0.07142857142857142,13,13,GCCAGCAAAGGGGATAAGAG,0,4502546
yahC_predicted,0.07142857142857142,13,13,GCAAGGATAGCTCTTCTCTT,0,4501834
yahC_predicted,0.07142857142857142,13,13,GCAAACTTAAGGTACACCAT,0,4493093
yahC_predicted,0.07142857142857142,13,13,GATTCTCTACACGAGCAACA,0,4510330
yahC_predicted,0.07142857142857142,13,13,GATTCCTGTATTGCAACGAA,0,4500953
yahC_predicted,0.07142857142857142,13,13,GATATACCATCCAATGCCCT,0,4507444
yahC_predicted,0.07142857142857142,13,13,GATAATCCTGGTTAGGCTGT,0,4485829
yahC_predicted,0.07142857142857142,13,13,GAGCGCGCGGGGGGTGCGAC,0,4492393
yahC_predicted,0.07142857142857142,13,13,GAGCCATGGGGTCATGACCT,0,4491318
yahC_predicted,0.07142857142857142,13,13,GAGACGAGATAGCGTACGCA,0,4508367
yahC_predicted,0.07142857142857142,13,13,GACTGAGCTTGAGTGCTAAG,0,4484266
yahC_predicted,0.07142857142857142,13,13,GACGTGCCTAGACATCAAGA,0,4484316
yahC_predicted,0.07142857142857142,13,13,GACAGACTTAATGAATTACG,0,4475477
yahC_predicted,0.07142857142857142,13,13,GACACCCGTAGAGCAGTAGA,0,4472963
yahC_predicted,0.07142857142857142,13,13,GACACACTGCAACCCATCAG,0,4497757
yahC_predicted,0.07142857142857142,13,13,GAATTTACACGTTATGTGAG,0,4476220
yahC_predicted,0.07142857142857142,13,13,GAAGACCTCGCCAATTTTGT,0,4498899
yahC_predicted,0.07142857142857142,13,13,GAAATTTATTCCAGGAGATT,0,4489038
yahC_predicted,0.07142857142857142,13,13,GAAAGATTGTTCTGAGACGA,0,4504893
yahC_predicted,0.07142857142857142,13,13,GAAAGAGACCCACGGATAGG,0,4510369
yahC_predicted,0.07142857142857142,13,13,CTTGGACGGTTTGGGCTCAT,0,4495302
yahC_predicted,0.07142857142857142,13,13,CTTGAAATATAGAGATCAAC,0,4482905
yahC_predicted,0.07142857142857142,13,13,CTTATCGTGTTCTACGTGCT,0,4475820
yahC_predicted,0.07142857142857142,13,13,CTTACTATCCACCGCGTGGA,0,4490182
yahC_predicted,0.07142857142857142,13,13,CTGCACACTGAACCTGAGTG,0,4483676
yahC_predicted,0.07142857142857142,13,13,CTGATCCAACTGAATAGCAT,0,4506724
yahC_predicted,0.07142857142857142,13,13,CTGAGCCTGTGTCGGAATTA,0,4498120
yahC_predicted,0.07142857142857142,13,13,CTCTGTCGTTCCTTCACTGG,0,4475449
yahC_predicted,0.07142857142857142,13,13,CTCTGTAGCGCCATATGTAA,0,4507251
yahC_predicted,0.07142857142857142,13,13,CTCCGGTACGATGGTCGTCT,0,4509465
yahC_predicted,0.07142857142857142,13,13,CTATTTCCTAAACAGGGGTT,0,4500592
yahC_predicted,0.07142857142857142,13,13,CTATCTCGGGATAGGTCGGC,0,4507234
yahC_predicted,0.07142857142857142,13,13,CTATCGGTAATCCGTTGGGA,0,4474857
yahC_predicted,0.07142857142857142,13,13,CTAGTTTCAGAGCAATGGAA,0,4500995
yahC_predicted,0.07142857142857142,13,13,CTAGACAATCTTAAATTGTC,0,4510822
yahC_predicted,0.07142857142857142,13,13,CTACACCCAGTACCCAGTTC,0,4509932
yahC_predicted,0.07142857142857142,13,13,CTAATCGATACAAATCTGTG,0,4488156
yahC_predicted,0.07142857142857142,13,13,CTAACCCGGGGACAGGCAGG,0,4498481
yahC_predicted,0.07142857142857142,13,13,CGTTTAGGCTGTTTCCTATT,0,4477924
yahC_predicted,0.07142857142857142,13,13,CGTTCTTGACGTCTACCAAC,0,4492299
yahC_predicted,0.07142857142857142,13,13,CGTTCGGCCCAGGGCATCCG,0,4476374
yahC_predicted,0.07142857142857142,13,13,CGTATGTATGATATGGTGCG,0,4473870
yahC_predicted,0.07142857142857142,13,13,CGGTGTTCATAGCTGAATAC,0,4496139
yahC_predicted,0.07142857142857142,13,13,CGGTCGGCCTGCTAACTATT,0,4472495
yahC_predicted,0.07142857142857142,13,13,CGGTATGCTTGCAAATTCAG,0,4486060
yahC_predicted,0.07142857142857142,13,13,CGGAGACTGTATGCGAAGAA,0,4509873
yahC_predicted,0.07142857142857142,13,13,CGCTACCTACGGTGAAGCCA,0,4511862
yahC_predicted,0.07142857142857142,13,13,CGCGGGCTACGACGTGGTGG,0,4494268
yahC_predicted,0.07142857142857142,13,13,CGCGGCGGATGTTGTATGAT,0,4505355
yahC_predicted,0.07142857142857142,13,13,CGCGCAAGGTCCCAGAACAG,0,4493457
yahC_predicted,0.07142857142857142,13,13,CGCCGGTCCCAAACGTCCTA,0,4483245
yahC_predicted,0.07142857142857142,13,13,CGCCCGAGGTGGTGCTCTCG,0,4480559
yahC_predicted,0.07142857142857142,13,13,CGCCACTGTTAATTGACGAT,0,4481772
yahC_predicted,0.07142857142857142,13,13,CGATGTGCACAGCGGATAAC,0,4477881
yahC_predicted,0.07142857142857142,13,13,CGATGACCGCATGTAACCGC,0,4473873
yahC_predicted,0.07142857142857142,13,13,CGATCTGCTGACAGGCTGAA,0,4478244
yahC_predicted,0.07142857142857142,13,13,CGAGCCGCGCAAGGCTCGCA,0,4490674
yahC_predicted,0.07142857142857142,13,13,CGACTTAACAATGCTAACCA,0,4481420
yahC_predicted,0.07142857142857142,13,13,CGACACGGAAGGGGGGAACT,0,4482731
yahC_predicted,0.07142857142857142,13,13,CGAAAATGTGTACAATGGGA,0,4505268
yahC_predicted,0.07142857142857142,13,13,CCTTCAAAACCGTCCCTTAT,0,4510373
yahC_predicted,0.07142857142857142,13,13,CCTCTAAGCCTATGACTGCA,0,4498537
yahC_predicted,0.07142857142857142,13,13,CCTCCTTGATTTTAGGTTGA,0,4502373
yahC_predicted,0.07142857142857142,13,13,CCTCCCCAGACCTGGACTCT,0,4511262
yahC_predicted,0.07142857142857142,13,13,CCGTGGGACCTCTGAAGAGA,0,4502647
yahC_predicted,0.07142857142857142,13,13,CCGGGCTTCCCATAAGGTCG,0,4474624
yahC_predicted,0.07142857142857142,13,13,CCGGCTTGATGAGGGCGTAT,0,4494023
yahC_predicted,0.07142857142857142,13,13,CCGGCATGTAAGTAATGCTG,0,4474129
yahC_predicted,0.07142857142857142,13,13,CCGCTGTGCAGCCTCAGCGA,0,4506293
yahC_predicted,0.07142857142857142,13,13,CCGCTCAGGCGTCAAACCCA,0,4503834
yahC_predicted,0.07142857142857142,13,13,CCGCATTAGGAGCTACCCCA,0,4494573
yahC_predicted,0.07142857142857142,13,13,CCGCATACCGGCTTCTTGTT,0,4494504
yahC_predicted,0.07142857142857142,13,13,CCCTTGATCGTTTTCCTATA,0,4477483
yahC_predicted,0.07142857142857142,13,13,CCCGGCTAGCGCGCCATGAT,0,4489238
yahC_predicted,0.07142857142857142,13,13,CCCGAGGGTGTAAGAAGATG,0,4488315
yahC_predicted,0.07142857142857142,13,13,CCCACGTGTTAGGCATTGCG,0,4481495
yahC_predicted,0.07142857142857142,13,13,CCCAAGTGCTGGGGACACGA,0,4507719
yahC_predicted,0.07142857142857142,13,13,CCAGGCTTACCGGCATGTTC,0,4494913
yahC_predicted,0.07142857142857142,13,13,CCACGTCGCGGGGAGTTCCT,0,4474692
yahC_predicted,0.07142857142857142,13,13,CATTGTAGTCCATATCTTAG,0,4483106
yahC_predicted,0.07142857142857142,13,13,CATTCGAACGTTTCGATATG,0,4472938
yahC_predicted,0.07142857142857142,13,13,CATCTGAAACGCCACCATCG,0,4494277
yahC_predicted,0.07142857142857142,13,13,CATCAGGGTTTCCCCCGATT,0,4472853
yahC_predicted,0.07142857142857142,13,13,CATATAGAGTGTGAAAATTT,0,4503434
yahC_predicted,0.07142857142857142,13,13,CAGTTGTACAAGCATAGGCG,0,4477511
yahC_predicted,0.07142857142857142,13,13,CAGTTACCTATAGCGTATAG,0,4480120
yahC_predicted,0.07142857142857142,13,13,CAGTGGCAAGCGCCTCGGCT,0,4501351
yahC_predicted,0.07142857142857142,13,13,CAGTAGCGATCTGGAGCTCT,0,4493816
yahC_predicted,0.07142857142857142,13,13,CAGGGCGTTCCGATAAGGGA,0,4503146
yahC_predicted,0.07142857142857142,13,13,CAGGATAGGTACTGTGGTCG,0,4479698
yahC_predicted,0.07142857142857142,13,13,CAGATTCCATGACCTAGGTT,0,4486502
yahC_predicted,0.07142857142857142,13,13,CAGAGGAGGATCGAGCTAGA,0,4473977
yahC_predicted,0.07142857142857142,13,13,CAGAAGCTCTAGTGAGTAGA,0,4498406
yahC_predicted,0.07142857142857142,13,13,CACTCCGATTACAGTTTGTA,0,4486156
yahC_predicted,0.07142857142857142,13,13,CACTCACTACGTCTCTACAT,0,4504639
yahC_predicted,0.07142857142857142,13,13,CACGGATGGGATAGAGCCCA,0,4483023
yahC_predicted,0.07142857142857142,13,13,CACCGTTAAAAGCACCCATG,0,4476537
yahC_predicted,0.07142857142857142,13,13,CACATGAAAGGAGAGGTACA,0,4481824
yahC_predicted,0.07142857142857142,13,13,CACAGCTTCGCTCCCTAAGA,0,4495964
yahC_predicted,0.07142857142857142,13,13,CAATGGTAAAGAATCACTGA,0,4503960
yahC_predicted,0.07142857142857142,13,13,CAATGGGGTATCTGCGGCAA,0,4488400
yahC_predicted,0.07142857142857142,13,13,CAACTAGGGTGGAACGTGTT,0,4482752
yahC_predicted,0.07142857142857142,13,13,ATTTTTTTGGGTCAGTTCGT,0,4511188
yahC_predicted,0.07142857142857142,13,13,ATTTGCATAACGGAGATGCT,0,4492088
yahC_predicted,0.07142857142857142,13,13,ATTTCTGAGATCCCTCTCTC,0,4509003
yahC_predicted,0.07142857142857142,13,13,ATTTATGAATGCTCCGAAGT,0,4499705
yahC_predicted,0.07142857142857142,13,13,ATTGGGAAGATCGGGACGGG,0,4502563
yahC_predicted,0.07142857142857142,13,13,ATTATGAACGTATGCAAGGC,0,4474968
yahC_predicted,0.07142857142857142,13,13,ATGTTCTAGGCGTTAGTATC,0,4494829
yahC_predicted,0.07142857142857142,13,13,ATGTGGGTGTGTCGATCAAT,0,4482943
yahC_predicted,0.07142857142857142,13,13,ATGCGCAGTTCAATGAATTC,0,4506765
yahC_predicted,0.07142857142857142,13,13,ATCCGCTATCCGTTAAGAAG,0,4479818
yahC_predicted,0.07142857142857142,13,13,ATCCATTAACCTAGCACATA,0,4479631
yahC_predicted,0.07142857142857142,13,13,ATCATCTATATATAGGCTTT,0,4485693
yahC_predicted,0.07142857142857142,13,13,ATCAAGCTCGTACATTAATT,0,4503100
yahC_predicted,0.07142857142857142,13,13,ATATACGTGAATAGTTCAAA,0,4507814
yahC_predicted,0.07142857142857142,13,13,ATAGGTAGATGGTTTGCGCT,0,4481407
yahC_predicted,0.07142857142857142,13,13,ATAGCGATCCGCGCTACGTT,0,4497247
yahC_predicted,0.07142857142857142,13,13,ATACAAGACGTCTGAGAGTA,0,4503239
yahC_predicted,0.07142857142857142,13,13,AGTTTTTTCTATTAAACATC,0,4480564
yahC_predicted,0.07142857142857142,13,13,AGTAGGGCACCTCTGCGCCC,0,4488765
yahC_predicted,0.07142857142857142,13,13,AGTAGAAGCAGAAATACTTT,0,4505703
yahC_predicted,0.07142857142857142,13,13,AGTAACGCCCTTACTAGATG,0,4493886
yahC_predicted,0.07142857142857142,13,13,AGGGTTTAAACCCACAGATT,0,4496083
yahC_predicted,0.07142857142857142,13,13,AGGGGCAACTTCAATTCCAA,0,4510076
yahC_predicted,0.07142857142857142,13,13,AGGCTCAGAAAGCCAGCCCA,0,4508786
yahC_predicted,0.07142857142857142,13,13,AGGCACGGGAACGTAGTGTC,0,4488900
yahC_predicted,0.07142857142857142,13,13,AGGAGTCATCCGGTAGCGGT,0,4494651
yahC_predicted,0.07142857142857142,13,13,AGCTATTATGGCAGTCCAGT,0,4493280
yahC_predicted,0.07142857142857142,13,13,AGCGTATCTGACTCACCAAA,0,4491580
yahC_predicted,0.07142857142857142,13,13,AGCGGACTCGGCACTTACAA,0,4481425
yahC_predicted,0.07142857142857142,13,13,AGCATGCACGTCGGCAGGGC,0,4481419
yahC_predicted,0.07142857142857142,13,13,AGAGTGAAGACACAATGGCC,0,4477100
yahC_predicted,0.07142857142857142,13,13,ACTTTACTTGCGAGAACATT,0,4488078
yahC_predicted,0.07142857142857142,13,13,ACTTCTGGAAACATTACGAG,0,4504285
yahC_predicted,0.07142857142857142,13,13,ACTTCGAGATTTCTTTTGAA,0,4506149
yahC_predicted,0.07142857142857142,13,13,ACTCCGCCGCCTGAATCCCC,0,4472772
yahC_predicted,0.07142857142857142,13,13,ACTAGCGGAGTTGTCTACAT,0,4510298
yahC_predicted,0.07142857142857142,13,13,ACTAGACAGGGCGGCGAGTT,0,4482353
yahC_predicted,0.07142857142857142,13,13,ACGTGTTTTAAGGTAAAACG,0,4474175
yahC_predicted,0.07142857142857142,13,13,ACGTGTCTGCACACTGGCGT,0,4503815
yahC_predicted,0.07142857142857142,13,13,ACGGTCTGTATGTGTGTGGG,0,4489432
yahC_predicted,0.07142857142857142,13,13,ACGGGAAGATGCATCATAGA,0,4482467
yahC_predicted,0.07142857142857142,13,13,ACGCATCCAATCCTACCCCT,0,4498172
yahC_predicted,0.07142857142857142,13,13,ACGCACTTCCGTTCTAAGTC,0,4500053
yahC_predicted,0.07142857142857142,13,13,ACCTGCCTCGCCGAGGTCGT,0,4499201
yahC_predicted,0.07142857142857142,13,13,ACCTGCCCTCAGGTCCGGAG,0,4473210
yahC_predicted,0.07142857142857142,13,13,ACCGCGCTGACTAGCAATAG,0,4480725
yahC_predicted,0.07142857142857142,13,13,ACCATTAACTAGACAATACA,0,4506648
yahC_predicted,0.07142857142857142,13,13,ACATGCACAGGAGGCACGAC,0,4487899
yahC_predicted,0.07142857142857142,13,13,ACACTCGTGTATGAACTATA,0,4511158
yahC_predicted,0.07142857142857142,13,13,ACAATTGTATCAGCGGACAC,0,4478087
yahC_predicted,0.07142857142857142,13,13,ACAATAAAATGTTGGGTGCT,0,4497228
yahC_predicted,0.07142857142857142,13,13,AATTCGCATTAACGGTGAGT,0,4478799
yahC_predicted,0.07142857142857142,13,13,AATTAGCGTAAACAGCCCGG,0,4477548
yahC_predicted,0.07142857142857142,13,13,AATATTTACTAAATTGTTTA,0,4495038
yahC_predicted,0.07142857142857142,13,13,AAGTCTGCCGGGAGTTCCAG,0,4496806
yahC_predicted,0.07142857142857142,13,13,AAGGTGACTCAACTAGTAAA,0,4497755
yahC_predicted,0.07142857142857142,13,13,AAGGTCGTTCTACCCCGCGG,0,4473957
yahC_predicted,0.07142857142857142,13,13,AAGCTTAATTGAGCGTACGC,0,4487257
yahC_predicted,0.07142857142857142,13,13,AACTTCGAGAGATTAATAGT,0,4491513
yahC_predicted,0.07142857142857142,13,13,AACGTCTTCTAGCGAATTCT,0,4478768
yahC_predicted,0.07142857142857142,13,13,AAATGACACTGGTGGTACCC,0,4486289
yahC_predicted,0.07142857142857142,13,13,AAAGACTCCCGGGGCGTAGC,0,4511939
yahC_predicted,0.07142857142857142,13,13,AAAACCAGAGTAGCGTTAAG,0,4476119
yahC_predicted,0.07692307692307693,12,12,TTTTATTATATACATGGAAT,0,4490044
yahC_predicted,0.07692307692307693,12,12,TTTTAGATCCTGGATCAGCA,0,4511386
yahC_predicted,0.07692307692307693,12,12,TTTGGTTTCCTGTAACAGAT,0,4502294
yahC_predicted,0.07692307692307693,12,12,TTTCTTGTTGTTCAGCGCTT,0,4503900
yahC_predicted,0.07692307692307693,12,12,TTTCGCCTGAAGAGGTAGAG,0,4511300
yahC_predicted,0.07692307692307693,12,12,TTTAGCTTGTGCCTACGGTC,0,4481571
yahC_predicted,0.07692307692307693,12,12,TTTACGCGAAGTCGATAGTG,0,4476408
yahC_predicted,0.07692307692307693,12,12,TTTACGAAGGGACGGACCGG,0,4482799
yahC_predicted,0.07692307692307693,12,12,TTGGGGGCTTTAACTTATGA,0,4500024
yahC_predicted,0.07692307692307693,12,12,TTGGGCGTTGAAACTAACCT,0,4511314
yahC_predicted,0.07692307692307693,12,12,TTGGATATAAAGTAACTAAA,0,4492178
yahC_predicted,0.07692307692307693,12,12,TTGGAGTCCTTAAAGATATC,0,4500771
yahC_predicted,0.07692307692307693,12,12,TTGCTGACAGGCTATGTTCG,0,4508007
yahC_predicted,0.07692307692307693,12,12,TTGCTCAGCCTGATGCTCAT,0,4504322
yahC_predicted,0.07692307692307693,12,12,TTGCGCTCCGACCAGGTCTG,0,4505139
yahC_predicted,0.07692307692307693,12,12,TTGATTGGGCAGACGTAGGT,0,4490366
yahC_predicted,0.07692307692307693,12,12,TTCTCTGGCCCCACGCCACA,0,4511196
yahC_predicted,0.07692307692307693,12,12,TTCGTGGTTCAATCGGCCTT,0,4502220
yahC_predicted,0.07692307692307693,12,12,TTCGGTTTCATACGCGTTAA,0,4495940
yahC_predicted,0.07692307692307693,12,12,TTAGTAGAAACTCAAGTAGC,0,4499597
yahC_predicted,0.07692307692307693,12,12,TTAGCAAGAGCCAATGTGAC,0,4498628
yahC_predicted,0.07692307692307693,12,12,TTAGAGTCTGCCATCTTGGA,0,4497120
yahC_predicted,0.07692307692307693,12,12,TTAACTTACTAAAACCGATG,0,4502650
yahC_predicted,0.07692307692307693,12,12,TGTTTAGACCCCTACCTAGA,0,4495395
yahC_predicted,0.07692307692307693,12,12,TGTTTAAGCTATGAATGTCT,0,4493154
yahC_predicted,0.07692307692307693,12,12,TGTGAACTTGCTTACGTGAA,0,4502741
yahC_predicted,0.07692307692307693,12,12,TGTAAAGCTTCGCCATTCGG,0,4479741
yahC_predicted,0.07692307692307693,12,12,TGGTTGAAGGATGGCTCTTG,0,4483032
yahC_predicted,0.07692307692307693,12,12,TGGTGCGACACCCATGTTTA,0,4482475
yahC_predicted,0.07692307692307693,12,12,TGGCTCTTTTAGGTAGAAGA,0,4497687
yahC_predicted,0.07692307692307693,12,12,TGGCAGCACCAGCGTTTGGA,0,4502929
yahC_predicted,0.07692307692307693,12,12,TGCCCTGGGTAATCGATTGA,0,4505935
yahC_predicted,0.07692307692307693,12,12,TGCCCACGAAACAATAGCTT,0,4501674
yahC_predicted,0.07692307692307693,12,12,TGCATTCCCTGTAGGTAAGG,0,4508389
yahC_predicted,0.07692307692307693,12,12,TGCACGGGCATACCGGGGGG,0,4503941
yahC_predicted,0.07692307692307693,12,12,TGATCTCCAAGTTAGGTTTC,0,4498346
yahC_predicted,0.07692307692307693,12,12,TGATCAGGCTGTCAGAGAAC,0,4510878
yahC_predicted,0.07692307692307693,12,12,TGACTAGGCGTCCATACGGA,0,4488873
yahC_predicted,0.07692307692307693,12,12,TGACCGTGAGCCTTAAGTAC,0,4476549
yahC_predicted,0.07692307692307693,12,12,TGAATCCGGGTAACAGAGTA,0,4499097
yahC_predicted,0.07692307692307693,12,12,TGAACATCACGTGGTACTCT,0,4480045
yahC_predicted,0.07692307692307693,12,12,TCTTCGAAGTGGTTTATGGT,0,4488305
yahC_predicted,0.07692307692307693,12,12,TCTGTGGGCTCAGGGCGGGT,0,4484710
yahC_predicted,0.07692307692307693,12,12,TCTGTAGCGTACAGCTAATC,0,4485994
yahC_predicted,0.07692307692307693,12,12,TCTGCACATTGTAGAAACCT,0,4480802
yahC_predicted,0.07692307692307693,12,12,TCTCCGCAAGGAAGGACAAA,0,4496031
yahC_predicted,0.07692307692307693,12,12,TCTCACGCGTGCGCCACACT,0,4510515
yahC_predicted,0.07692307692307693,12,12,TCTACACCTCTGCAACTCCT,0,4477538
yahC_predicted,0.07692307692307693,12,12,TCGTTTCATCAGAGCCGCAG,0,4485252
yahC_predicted,0.07692307692307693,12,12,TCGTGAGGATCACGCCACAT,0,4486989
yahC_predicted,0.07692307692307693,12,12,TCGGTTATTGATTGAAGGAT,0,4482464
yahC_predicted,0.07692307692307693,12,12,TCGGTACCGCAGGGACCGAA,0,4481526
yahC_predicted,0.07692307692307693,12,12,TCGCGCTGGTGGAGAAAGCA,0,4483788
yahC_predicted,0.07692307692307693,12,12,TCGATACAAGGGAGCATGAT,0,4480615
yahC_predicted,0.07692307692307693,12,12,TCCTTAACTTGCAAACAGAA,0,4489810
yahC_predicted,0.07692307692307693,12,12,TCCTGAGGAGGGAATTATTC,0,4473523
yahC_predicted,0.07692307692307693,12,12,TCCTATTGCAGAGAGTGGTA,0,4511645
yahC_predicted,0.07692307692307693,12,12,TCCAATTACGCATATTGAGA,0,4477793
yahC_predicted,0.07692307692307693,12,12,TCATTTGTGATACTATATTC,0,4477631
yahC_predicted,0.07692307692307693,12,12,TCAGGTTATGTAATGGGTTA,0,4479976
yahC_predicted,0.07692307692307693,12,12,TCACTCGAACTTCTCTTCCA,0,4475722
yahC_predicted,0.07692307692307693,12,12,TCAAGTCCATTGAGCAGAAT,0,4502061
yahC_predicted,0.07692307692307693,12,12,TATTGCAGGGAGTCTCTGCA,0,4502791
yahC_predicted,0.07692307692307693,12,12,TATTGCAGAGAATCATGGAC,0,4503511
yahC_predicted,0.07692307692307693,12,12,TATGCGTCTTGGAGCGTTCG,0,4495996
yahC_predicted,0.07692307692307693,12,12,TAGCGCCTTCAAAGGCGGGA,0,4486698
yahC_predicted,0.07692307692307693,12,12,TAGCCAGTACCTCTGTGTAA,0,4504595
yahC_predicted,0.07692307692307693,12,12,TACTTTTCCAGTAGCTAACT,0,4483718
yahC_predicted,0.07692307692307693,12,12,TACTTTGTAGAACCACCGAT,0,4485613
yahC_predicted,0.07692307692307693,12,12,TACTTGATCTCTACAGAACA,0,4501199
yahC_predicted,0.07692307692307693,12,12,TACGTATTGCGCTGATTTAT,0,4472909
yahC_predicted,0.07692307692307693,12,12,TACGGGTATGAGTGGAGTGT,0,4498607
yahC_predicted,0.07692307692307693,12,12,TACCCCACCCTACAATTTGG,0,4473119
yahC_predicted,0.07692307692307693,12,12,TACCCACCAGATGGGTAGGA,0,4493992
yahC_predicted,0.07692307692307693,12,12,TACACTCTTACAGCGTCACG,0,4476476
yahC_predicted,0.07692307692307693,12,12,TACAAGACTTGGCACCACCG,0,4497118
yahC_predicted,0.07692307692307693,12,12,TAATTTTCAATAGGGCGGCA,0,4508139
yahC_predicted,0.07692307692307693,12,12,TAAGTTCTTGGTCGTATTCT,0,4502491
yahC_predicted,0.07692307692307693,12,12,TAACATGACTGGTCCGGAGT,0,4479679
yahC_predicted,0.07692307692307693,12,12,GTTTTAACCGGGATACGATC,0,4501222
yahC_predicted,0.07692307692307693,12,12,GTTTCGTACCGGATCCACAC,0,4497217
yahC_predicted,0.07692307692307693,12,12,GTTTCAAGGTTCTTAACATC,0,4508296
yahC_predicted,0.07692307692307693,12,12,GTTGGCGTCCCAATGCTGGC,0,4482156
yahC_predicted,0.07692307692307693,12,12,GTTATTTTTACTCGGGGATC,0,4502883
yahC_predicted,0.07692307692307693,12,12,GTGTTTGTACACTTTGGGGA,0,4493394
yahC_predicted,0.07692307692307693,12,12,GTGTCCCACCAGAACAGTGG,0,4483424
yahC_predicted,0.07692307692307693,12,12,GTGTCAACACTTCCGGGGTT,0,4497141
yahC_predicted,0.07692307692307693,12,12,GTGTACACGATCTATACAAA,0,4497031
yahC_predicted,0.07692307692307693,12,12,GTGGTCATAACTGGGGAGAC,0,4500511
yahC_predicted,0.07692307692307693,12,12,GTGGGTTGGAGGTCCTTTAT,0,4482177
yahC_predicted,0.07692307692307693,12,12,GTGGCATTGGCGGAAAAGGT,0,4500116
yahC_predicted,0.07692307692307693,12,12,GTGCTGGTGGTATATGGCCT,0,4495408
yahC_predicted,0.07692307692307693,12,12,GTGATCAATTTTCGTCGTAC,0,4496616
yahC_predicted,0.07692307692307693,12,12,GTGACTAGACAAGCAAGTGT,0,4491014
yahC_predicted,0.07692307692307693,12,12,GTGAATTTAAGGTTGATCCA,0,4498175
yahC_predicted,0.07692307692307693,12,12,GTGAACGCGACATTCAGGTA,0,4498778
yahC_predicted,0.07692307692307693,12,12,GTCTCTTTTCAGTTAGGTGG,0,4505360
yahC_predicted,0.07692307692307693,12,12,GTCTCTCCGTTACAATCCAA,0,4484961
yahC_predicted,0.07692307692307693,12,12,GTCGGTAGGATATCCATATT,0,4496232
yahC_predicted,0.07692307692307693,12,12,GTATGTGTGGTATTAGTGGC,0,4481599
yahC_predicted,0.07692307692307693,12,12,GTATCCGGAGAGCTGTTAGA,0,4508043
yahC_predicted,0.07692307692307693,12,12,GGTTTAAGCCAATCGGCGGC,0,4479223
yahC_predicted,0.07692307692307693,12,12,GGTTCTACACCTAGAAGGAA,0,4480352
yahC_predicted,0.07692307692307693,12,12,GGTCAGCGTCATAGAGGAAG,0,4476482
yahC_predicted,0.07692307692307693,12,12,GGTCAAGTAATATAGCTGGT,0,4496881
yahC_predicted,0.07692307692307693,12,12,GGTATGTATAACTTAGTCTA,0,4488737
yahC_predicted,0.07692307692307693,12,12,GGGGGGTGGTAATCGCGTAT,0,4490224
yahC_predicted,0.07692307692307693,12,12,GGGGAATCATGGACTTACTT,0,4500380
yahC_predicted,0.07692307692307693,12,12,GGGCGCCAACTGAGGTTTCA,0,4496156
yahC_predicted,0.07692307692307693,12,12,GGGCCTTGGGCCTTGGTGTC,0,4499428
yahC_predicted,0.07692307692307693,12,12,GGGCACCGTCAAGGCATGTA,0,4500957
yahC_predicted,0.07692307692307693,12,12,GGGATGGAACCAGTAAATTA,0,4503644
yahC_predicted,0.07692307692307693,12,12,GGCTTTGTTGGCAGTCAGCC,0,4508425
yahC_predicted,0.07692307692307693,12,12,GGCTAGTGAAGTGACATTCA,0,4481442
yahC_predicted,0.07692307692307693,12,12,GGCGGGGGTTACGCCCGTGA,0,4506395
yahC_predicted,0.07692307692307693,12,12,GGCGAGCCTTCTAGAGTAGC,0,4496738
yahC_predicted,0.07692307692307693,12,12,GGCCATCCGACGTGGAGCCC,0,4475750
yahC_predicted,0.07692307692307693,12,12,GGCAGTCCTGAAAAACTACA,0,4485364
yahC_predicted,0.07692307692307693,12,12,GGCAATTACCTAAATGAATC,0,4487102
yahC_predicted,0.07692307692307693,12,12,GGATTCTCGCTAACGTGTCG,0,4476693
yahC_predicted,0.07692307692307693,12,12,GGATGTTCTATCAGTAAGGA,0,4479025
yahC_predicted,0.07692307692307693,12,12,GGATACCTTTGGTTGGATGA,0,4506365
yahC_predicted,0.07692307692307693,12,12,GGAGGGCGCATTTCTAAATA,0,4501296
yahC_predicted,0.07692307692307693,12,12,GGACCCTGTGCAGCCAACAG,0,4487950
yahC_predicted,0.07692307692307693,12,12,GCTTTTGGATGGGTAGTATT,0,4485158
yahC_predicted,0.07692307692307693,12,12,GCTATGCTCGGGGTATAATT,0,4505000
yahC_predicted,0.07692307692307693,12,12,GCTATACTCGGCGCGGTGGA,0,4479819
yahC_predicted,0.07692307692307693,12,12,GCTAGAACCGAGATACTGGC,0,4489379
yahC_predicted,0.07692307692307693,12,12,GCTAATACCTCCCTCCGATC,0,4499685
yahC_predicted,0.07692307692307693,12,12,GCGTAGCAGCAAGCGGAATC,0,4489677
yahC_predicted,0.07692307692307693,12,12,GCGGCGCGGGTGATCTGCCT,0,4475235
yahC_predicted,0.07692307692307693,12,12,GCGCGGGGTACGTACAAGGT,0,4498060
yahC_predicted,0.07692307692307693,12,12,GCGCGCTCCAAGCCTTGATA,0,4510647
yahC_predicted,0.07692307692307693,12,12,GCGCACAGCCCGACTCAAGA,0,4480896
yahC_predicted,0.07692307692307693,12,12,GCGAGGGTAGCGTGTCCAAT,0,4507070
yahC_predicted,0.07692307692307693,12,12,GCGACTTACGCACGCCGTCC,0,4473340
yahC_predicted,0.07692307692307693,12,12,GCGACCTCGACCTCATGGTC,0,4479596
yahC_predicted,0.07692307692307693,12,12,GCCCTGAGAGCCGGCACGTG,0,4488304
yahC_predicted,0.07692307692307693,12,12,GCCACCCAAGACCGCGCAGG,0,4501774
yahC_predicted,0.07692307692307693,12,12,GCATTTTGGTTTTCACCACG,0,4505633
yahC_predicted,0.07692307692307693,12,12,GCATCTCGAGCTTCTTATCT,0,4500243
yahC_predicted,0.07692307692307693,12,12,GCAGTGCTGTCCGATCTGTA,0,4508809
yahC_predicted,0.07692307692307693,12,12,GCAATAGGGAACCTTCCTGA,0,4497326
yahC_predicted,0.07692307692307693,12,12,GCAACACTTCGCTTCGTGCC,0,4480891
yahC_predicted,0.07692307692307693,12,12,GATTCCACTATTGCGGCCCA,0,4496300
yahC_predicted,0.07692307692307693,12,12,GATGCAGAATCTAAAGTTTA,0,4479369
yahC_predicted,0.07692307692307693,12,12,GATCGTTAAATCCGGCCCGA,0,4492314
yahC_predicted,0.07692307692307693,12,12,GATCCTGTCGAGGACGGGAC,0,4510774
yahC_predicted,0.07692307692307693,12,12,GATAGACGGCTGCAACCATC,0,4505851
yahC_predicted,0.07692307692307693,12,12,GAGTCTCCCAGCCCTGTATT,0,4509163
yahC_predicted,0.07692307692307693,12,12,GAGCGGGTAGTACGAAGCGT,0,4510045
yahC_predicted,0.07692307692307693,12,12,GAGCAGCAGTTCTTCTATAG,0,4499075
yahC_predicted,0.07692307692307693,12,12,GAGCACTGCGGCCCGTGAAT,0,4498709
yahC_predicted,0.07692307692307693,12,12,GAGAGCATCCATTAAACGCT,0,4496862
yahC_predicted,0.07692307692307693,12,12,GAGACCCTCGCAACGAGATT,0,4478714
yahC_predicted,0.07692307692307693,12,12,GAGAAGCGACTCTAATCTGA,0,4492596
yahC_predicted,0.07692307692307693,12,12,GACGTGCGCTTAAAGACGAC,0,4482322
yahC_predicted,0.07692307692307693,12,12,GACGGAATTCACGATAGATT,0,4477803
yahC_predicted,0.07692307692307693,12,12,GACCTTTTTTTTTCTTAGCA,0,4490593
yahC_predicted,0.07692307692307693,12,12,GACCTTCGCAGTAGTGTTCG,0,4497766
yahC_predicted,0.07692307692307693,12,12,GACCTCTTCGGCTTTTGGCT,0,4507956
yahC_predicted,0.07692307692307693,12,12,GACCGTAAAAAGCCAGAGCC,0,4502613
yahC_predicted,0.07692307692307693,12,12,GACCCGCGCCCTTTCGAGGG,0,4491903
yahC_predicted,0.07692307692307693,12,12,GACATCGGAGGTTTTTAGAG,0,4482026
yahC_predicted,0.07692307692307693,12,12,GACATCGCTGGTGTACTCAA,0,4486356
yahC_predicted,0.07692307692307693,12,12,GAATCTGCACGATGCAGGCC,0,4495581
yahC_predicted,0.07692307692307693,12,12,GAAGTTCAGCAGTCTCCCAT,0,4496205
yahC_predicted,0.07692307692307693,12,12,GAAGGGCCGAGCTAATACCA,0,4483742
yahC_predicted,0.07692307692307693,12,12,GAAGGGATCGATTAATGGTA,0,4497897
yahC_predicted,0.07692307692307693,12,12,GAAGGCATACCGCTCGTGTT,0,4481508
yahC_predicted,0.07692307692307693,12,12,GAACCGCAACGAACTCTGAT,0,4481272
yahC_predicted,0.07692307692307693,12,12,GAAAGACAGTTTTGGTGGGA,0,4506034
yahC_predicted,0.07692307692307693,12,12,GAAAGAAAACGCATAGCGGG,0,4505603
yahC_predicted,0.07692307692307693,12,12,GAAACGGTTATGGCGCCAGA,0,4496891
yahC_predicted,0.07692307692307693,12,12,GAAACATACGTCATTACGGT,0,4489213
yahC_predicted,0.07692307692307693,12,12,CTTTACAAATATGGTAGGCC,0,4492252
yahC_predicted,0.07692307692307693,12,12,CTTGCTCTATACAACCGGCG,0,4473317
yahC_predicted,0.07692307692307693,12,12,CTTCATCGTTGGAGATTTAA,0,4490258
yahC_predicted,0.07692307692307693,12,12,CTTATGATAGCCTTTCACTT,0,4508750
yahC_predicted,0.07692307692307693,12,12,CTTATCACGTGTCCCAACAA,0,4492750
yahC_predicted,0.07692307692307693,12,12,CTGTTCAGCTTGCGTCTAAG,0,4476963
yahC_predicted,0.07692307692307693,12,12,CTGTCAATCGGTAAAGGGAT,0,4508543
yahC_predicted,0.07692307692307693,12,12,CTGGTAAAATGTTAAGGTAT,0,4483215
yahC_predicted,0.07692307692307693,12,12,CTGGGCGCGTACTACGAATA,0,4488225
yahC_predicted,0.07692307692307693,12,12,CTAGCAAGAGTTGTCAAGAT,0,4479970
yahC_predicted,0.07692307692307693,12,12,CTACTTTGGTGGCATCAATC,0,4499224
yahC_predicted,0.07692307692307693,12,12,CTACGGATTTTCACCAATTA,0,4493875
yahC_predicted,0.07692307692307693,12,12,CTAACCGAGGTGTTCTGAAG,0,4478715
yahC_predicted,0.07692307692307693,12,12,CTAAAGGAGCAGACCGTAGT,0,4477203
yahC_predicted,0.07692307692307693,12,12,CGTTCATCTGCATCCGTCAT,0,4489017
yahC_predicted,0.07692307692307693,12,12,CGTCTTCTGGGTGGGGCGCA,0,4507297
yahC_predicted,0.07692307692307693,12,12,CGTCCCGAGCGCAGTGAGTC,0,4485167
yahC_predicted,0.07692307692307693,12,12,CGTAGGCTCGCACATTTTGA,0,4498258
yahC_predicted,0.07692307692307693,12,12,CGGGCCAAGGACAAGAAGAA,0,4508207
yahC_predicted,0.07692307692307693,12,12,CGGGCAGCTCGGACGTCCCC,0,4479421
yahC_predicted,0.07692307692307693,12,12,CGGGACAGGACTTCAATCAA,0,4492660
yahC_predicted,0.07692307692307693,12,12,CGGCGCATTACTATACAGTT,0,4494315
yahC_predicted,0.07692307692307693,12,12,CGGCCTCGTATTAATCCCAG,0,4512093
yahC_predicted,0.07692307692307693,12,12,CGGCATTGAAATGAACAACA,0,4474860
yahC_predicted,0.07692307692307693,12,12,CGGCACACCCTGACAAGTAT,0,4500783
yahC_predicted,0.07692307692307693,12,12,CGGAAGTAACCAATGTTTCA,0,4495690
yahC_predicted,0.07692307692307693,12,12,CGCTTTTACGTCATAGGGAT,0,4477558
yahC_predicted,0.07692307692307693,12,12,CGCGTCTCGACCCCACTTGA,0,4484484
yahC_predicted,0.07692307692307693,12,12,CGAGGTTAGAAGTTGAGCCT,0,4507760
yahC_predicted,0.07692307692307693,12,12,CGAGGTCACTTCAGGCTAGC,0,4484411
yahC_predicted,0.07692307692307693,12,12,CGAGACAAGCTGTAAAGTCT,0,4483135
yahC_predicted,0.07692307692307693,12,12,CGAACGGTATTACTTTCTGG,0,4505219
yahC_predicted,0.07692307692307693,12,12,CCTTTTGGCTGTTACCCAGG,0,4490034
yahC_predicted,0.07692307692307693,12,12,CCTTACGTTGCTTGACATAT,0,4510189
yahC_predicted,0.07692307692307693,12,12,CCTGTCAAGACAGCTCTGAA,0,4502841
yahC_predicted,0.07692307692307693,12,12,CCTGCTGGTGGTCGGACAAC,0,4509416
yahC_predicted,0.07692307692307693,12,12,CCTGACGACACTTCCGGTCC,0,4494187
yahC_predicted,0.07692307692307693,12,12,CCTCCCATTTAAGTCGGGAA,0,4503480
yahC_predicted,0.07692307692307693,12,12,CCTCATTGCTCTGCTAATCA,0,4502340
yahC_predicted,0.07692307692307693,12,12,CCTACGCACAAGCCCAACCT,0,4485429
yahC_predicted,0.07692307692307693,12,12,CCTACGAGGCAGACGTGTAC,0,4487208
yahC_predicted,0.07692307692307693,12,12,CCTACACACATCGATTATAG,0,4509215
yahC_predicted,0.07692307692307693,12,12,CCTAAGGATCTATCCAAGTC,0,4509657
yahC_predicted,0.07692307692307693,12,12,CCTAACGCCACAATAGGGCA,0,4483817
yahC_predicted,0.07692307692307693,12,12,CCGTTTGTTACACCTTTTGT,0,4484807
yahC_predicted,0.07692307692307693,12,12,CCGTGCGGTGACGACGTGTG,0,4499398
yahC_predicted,0.07692307692307693,12,12,CCGTCCCACTGGATGGAAGA,0,4488806
yahC_predicted,0.07692307692307693,12,12,CCGGTTCGAAAAATGTCCGA,0,4503799
yahC_predicted,0.07692307692307693,12,12,CCGGTACCACTATGGCCTGA,0,4488350
yahC_predicted,0.07692307692307693,12,12,CCGCTCCATCGTATCACAGT,0,4508307
yahC_predicted,0.07692307692307693,12,12,CCGCGGTGGCCATGTGTGTG,0,4482312
yahC_predicted,0.07692307692307693,12,12,CCCGTCCAGACCCTCGTTAC,0,4501845
yahC_predicted,0.07692307692307693,12,12,CCCGGCGCGCGAATGACGAC,0,4505236
yahC_predicted,0.07692307692307693,12,12,CCCCTCGATATCCTGAATCA,0,4473000
yahC_predicted,0.07692307692307693,12,12,CCCCGGGCACGGGACATAGT,0,4502110
yahC_predicted,0.07692307692307693,12,12,CCCAGGCAATTCACAGGATT,0,4500773
yahC_predicted,0.07692307692307693,12,12,CCCAGCTGTACGGGGGTATT,0,4504204
yahC_predicted,0.07692307692307693,12,12,CCCAGCCCCCTCCGAGTAAC,0,4476267
yahC_predicted,0.07692307692307693,12,12,CCATGCAATATGGACAGGTT,0,4492898
yahC_predicted,0.07692307692307693,12,12,CCATCTCGGGACTCTGCGCG,0,4478985
yahC_predicted,0.07692307692307693,12,12,CCACTCACAGTACGACGCGA,0,4478541
yahC_predicted,0.07692307692307693,12,12,CCAATTCAGGAGTATCTTGA,0,4506272
yahC_predicted,0.07692307692307693,12,12,CCAAAACCCAGGCTTAAGAG,0,4491696
yahC_predicted,0.07692307692307693,12,12,CATGTTCTCTGGCAAACAGT,0,4500560
yahC_predicted,0.07692307692307693,12,12,CATGACAACGGCTGGTCATA,0,4479629
yahC_predicted,0.07692307692307693,12,12,CATCTGAATAACGATACCGT,0,4501856
yahC_predicted,0.07692307692307693,12,12,CATACTCGGCCGCAGAGGCG,0,4486416
yahC_predicted,0.07692307692307693,12,12,CATACAGCACGCGACCGGTA,0,4500599
yahC_predicted,0.07692307692307693,12,12,CAGTGCCCTGCGCTAACTTA,0,4472659
yahC_predicted,0.07692307692307693,12,12,CAGTCCAACGGACCTGTAAT,0,4479406
yahC_predicted,0.07692307692307693,12,12,CAGGACGCCCATGCTTACGG,0,4511271
yahC_predicted,0.07692307692307693,12,12,CAGAGAAGGGTTTATATAAA,0,4492450
yahC_predicted,0.07692307692307693,12,12,CAGAAATTAGGTGGCCTCTC,0,4475313
yahC_predicted,0.07692307692307693,12,12,CAGAAACCACTTGAAATTCT,0,4474138
yahC_predicted,0.07692307692307693,12,12,CACTATGTCAATCCAATTAA,0,4503427
yahC_predicted,0.07692307692307693,12,12,CACGTCGCGGCTTGTCCGAG,0,4491506
yahC_predicted,0.07692307692307693,12,12,CACGCTCGACTTCTCAATCC,0,4476458
yahC_predicted,0.07692307692307693,12,12,CACGAGGACGCAAATTTTCA,0,4500890
yahC_predicted,0.07692307692307693,12,12,CACAGGGACTGAATCCTAGA,0,4507759
yahC_predicted,0.07692307692307693,12,12,CAATTAGTAGCACGAGTGTA,0,4475700
yahC_predicted,0.07692307692307693,12,12,CAATGGCTCCTACCCTACAC,0,4487172
yahC_predicted,0.07692307692307693,12,12,CAATCGAGGAGGGTTGCTCT,0,4503349
yahC_predicted,0.07692307692307693,12,12,CAAGGAGGATCATCACACTA,0,4485875
yahC_predicted,0.07692307692307693,12,12,CAACGGCCAAAGATCTATTG,0,4478546
yahC_predicted,0.07692307692307693,12,12,CAAAGCCAAATTACTGAGAC,0,4482310
yahC_predicted,0.07692307692307693,12,12,ATTTTCACCGAAGCGGTTAT,0,4485118
yahC_predicted,0.07692307692307693,12,12,ATTTCCCACAACGTCTGGGA,0,4500868
yahC_predicted,0.07692307692307693,12,12,ATTTCAGGACGCGGAAACCT,0,4487530
yahC_predicted,0.07692307692307693,12,12,ATTGTTAGTCGGGAGCCCGA,0,4503270
yahC_predicted,0.07692307692307693,12,12,ATTGTCTGAGTGCCGAAGAG,0,4489761
yahC_predicted,0.07692307692307693,12,12,ATTGGCGCGCTGGGACTTTG,0,4510016
yahC_predicted,0.07692307692307693,12,12,ATTCAAACCGAGTGTATAAG,0,4484399
yahC_predicted,0.07692307692307693,12,12,ATTATTAAGTAGTTTTCCTT,0,4500217
yahC_predicted,0.07692307692307693,12,12,ATTAGCTGCGGTTTTGAATC,0,4474852
yahC_predicted,0.07692307692307693,12,12,ATTACAGAGTACGTGGTCTA,0,4475528
yahC_predicted,0.07692307692307693,12,12,ATGTTTACAAGCTCGGTTGA,0,4475432
yahC_predicted,0.07692307692307693,12,12,ATGTGCAAGAAGCCAGGGTT,0,4494639
yahC_predicted,0.07692307692307693,12,12,ATGTCTGAGATATAGGAGAT,0,4497923
yahC_predicted,0.07692307692307693,12,12,ATGTCTAGGATTGGAGGTCT,0,4492005
yahC_predicted,0.07692307692307693,12,12,ATGTATATTGGCAACTACAA,0,4479594
yahC_predicted,0.07692307692307693,12,12,ATGGGACGGGATGCTAGTCC,0,4492237
yahC_predicted,0.07692307692307693,12,12,ATGGATGTGTTGGTGTCAAC,0,4504373
yahC_predicted,0.07692307692307693,12,12,ATGCTTTCGCGTGTATAAAG,0,4474531
yahC_predicted,0.07692307692307693,12,12,ATGCGGAGAGACAGCGCGGC,0,4502438
yahC_predicted,0.07692307692307693,12,12,ATCTCAGGCATCGCACCTCT,0,4511566
yahC_predicted,0.07692307692307693,12,12,ATCCGTTAGTGGCGCGCTAA,0,4508390
yahC_predicted,0.07692307692307693,12,12,ATCCAGTTCTACTCTCTTGA,0,4481498
yahC_predicted,0.07692307692307693,12,12,ATATTGGCTTTTTTCCGGTC,0,4481356
yahC_predicted,0.07692307692307693,12,12,AGTGTCTGCTAGTACTGCAA,0,4502643
yahC_predicted,0.07692307692307693,12,12,AGTGACTTGGGAGGAATAGC,0,4496698
yahC_predicted,0.07692307692307693,12,12,AGTGACCGATCCCCGCCTAA,0,4480381
yahC_predicted,0.07692307692307693,12,12,AGGTTCCACACTGATCATAC,0,4510810
yahC_predicted,0.07692307692307693,12,12,AGGTGCCGGCCTAGCGACAG,0,4476662
yahC_predicted,0.07692307692307693,12,12,AGGTACTTACATGATTTGAA,0,4477787
yahC_predicted,0.07692307692307693,12,12,AGGGCTAAGATAGGATACCC,0,4492953
yahC_predicted,0.07692307692307693,12,12,AGGGACCGCTGGTCGAGGCT,0,4496242
yahC_predicted,0.07692307692307693,12,12,AGGAAGTACTTCCAAGTTGA,0,4487106
yahC_predicted,0.07692307692307693,12,12,AGGAACTTCCGCCCATCCAT,0,4511606
yahC_predicted,0.07692307692307693,12,12,AGCTGTATCCCCGGGAGAAT,0,4475827
yahC_predicted,0.07692307692307693,12,12,AGCTATACTGGTGCAGTATT,0,4504600
yahC_predicted,0.07692307692307693,12,12,AGCGCTCGAGAATCTCGTAG,0,4494372
yahC_predicted,0.07692307692307693,12,12,AGCGCGTGAAGGATCGGTAT,0,4501677
yahC_predicted,0.07692307692307693,12,12,AGCGAAGTGCCAAGTTAAGA,0,4483206
yahC_predicted,0.07692307692307693,12,12,AGCCTAAATTCGGATGAGTC,0,4483713
yahC_predicted,0.07692307692307693,12,12,AGCCGCCTCCAAATCTTGCA,0,4490796
yahC_predicted,0.07692307692307693,12,12,AGCAGCCAGTCCTACATTTG,0,4485425
yahC_predicted,0.07692307692307693,12,12,AGAGTGAATCTAAACGTGAC,0,4506461
yahC_predicted,0.07692307692307693,12,12,AGAGACGTAAATACACACTT,0,4500979
yahC_predicted,0.07692307692307693,12,12,AGACCCGAGTTGACTGGAGA,0,4497244
yahC_predicted,0.07692307692307693,12,12,AGAAATCCTTCACTCTGCCT,0,4503369
yahC_predicted,0.07692307692307693,12,12,ACTTTGGTCCAGCAATCGCC,0,4493593
yahC_predicted,0.07692307692307693,12,12,ACTTGTTAAAGTGCTCAGCA,0,4497634
yahC_predicted,0.07692307692307693,12,12,ACTTCGTTTGGCGCACAGAA,0,4495864
yahC_predicted,0.07692307692307693,12,12,ACTTCACAACGACTTGGGTT,0,4506891
yahC_predicted,0.07692307692307693,12,12,ACTCTCCTAACATTAAGGTA,0,4496160
yahC_predicted,0.07692307692307693,12,12,ACTACTGGTGGCCAGTGGTC,0,4475954
yahC_predicted,0.07692307692307693,12,12,ACGTATTGAGTACATAGTGG,0,4474273
yahC_predicted,0.07692307692307693,12,12,ACGCGTTAGGTAACTAAGAG,0,4499521
yahC_predicted,0.07692307692307693,12,12,ACGCAGAACGAGACACCAGA,0,4476716
yahC_predicted,0.07692307692307693,12,12,ACGAGCTCATAGGGTGTACA,0,4498301
yahC_predicted,0.07692307692307693,12,12,ACGAGACAACTTCGGTGACG,0,4479399
yahC_predicted,0.07692307692307693,12,12,ACCTCTTATCTGTATGGTCG,0,4494416
yahC_predicted,0.07692307692307693,12,12,ACCTCTATGTACTCGGGGTC,0,4508504
yahC_predicted,0.07692307692307693,12,12,ACCTAGTGGACTCGAAATTC,0,4499399
yahC_predicted,0.07692307692307693,12,12,ACCGGGACAGCCCATATCGT,0,4475618
yahC_predicted,0.07692307692307693,12,12,ACCGGCCCACTCGGACGCAA,0,4482313
yahC_predicted,0.07692307692307693,12,12,ACCAAATTATATTACGGCTT,0,4489709
yahC_predicted,0.07692307692307693,12,12,ACCAAACGATTTCAGTTACG,0,4495797
yahC_predicted,0.07692307692307693,12,12,ACATGATGGTTACCTTACTA,0,4498042
yahC_predicted,0.07692307692307693,12,12,ACAGGCCGGATTTACTTCCT,0,4480285
yahC_predicted,0.07692307692307693,12,12,ACAGATGCAGTACTCTGGAT,0,4482035
yahC_predicted,0.07692307692307693,12,12,ACAGAGTCGTGCCGGGTGTA,0,4476302
yahC_predicted,0.07692307692307693,12,12,ACACGTTGAAATTGAATACT,0,4477573
yahC_predicted,0.07692307692307693,12,12,ACAAACGTCGATAGCCGACA,0,4508565
yahC_predicted,0.07692307692307693,12,12,AATTGTGCTTCCTGTCTGCT,0,4481431
yahC_predicted,0.07692307692307693,12,12,AATGTTTGTTTGGAGAAGGA,0,4500921
yahC_predicted,0.07692307692307693,12,12,AATGTAAAATATTTGACTGA,0,4472731
yahC_predicted,0.07692307692307693,12,12,AATGCTATATGCTGGAGCGC,0,4494949
yahC_predicted,0.07692307692307693,12,12,AATCGTTGAATCTCCGCGCG,0,4510487
yahC_predicted,0.07692307692307693,12,12,AATCCCTTTATCCGCCTCAT,0,4511134
yahC_predicted,0.07692307692307693,12,12,AAGGTAAACGCCGACTGCTC,0,4500048
yahC_predicted,0.07692307692307693,12,12,AAGGGCCTAGTACGGTAGAT,0,4488725
yahC_predicted,0.07692307692307693,12,12,AAGCTCGGTAATCTATGGGA,0,4480065
yahC_predicted,0.07692307692307693,12,12,AAGAACTATTGGATGCACGA,0,4496729
yahC_predicted,0.07692307692307693,12,12,AACTTGAACGTTGGGAGTTG,0,4507840
yahC_predicted,0.07692307692307693,12,12,AACTCGGTCCAAGCGCGTAT,0,4496625
yahC_predicted,0.07692307692307693,12,12,AACTAATTAACGCCATGTGG,0,4494671
yahC_predicted,0.07692307692307693,12,12,AACGTGTATGCGATGCTTGG,0,4494786
yahC_predicted,0.07692307692307693,12,12,AACGACGCCAGGACGACAAC,0,4489987
yahC_predicted,0.07692307692307693,12,12,AACCTGCCCGCCGGTAGGTA,0,4508758
yahC_predicted,0.07692307692307693,12,12,AACCCAAAGTTGATCGACTG,0,4501950
yahC_predicted,0.07692307692307693,12,12,AACATGGCGAGATCAAGTGA,0,4481088
yahC_predicted,0.07692307692307693,12,12,AACAGTGGGGCTCTTCTTTT,0,4511870
yahC_predicted,0.07692307692307693,12,12,AAATACCCTGCGGTGGAGTA,0,4472694
yahC_predicted,0.07692307692307693,12,12,AAAGTGGATTGCTCCTCACG,0,4501649
yahC_predicted,0.07692307692307693,12,12,AAAATACACGCATCCAGCGG,0,4474097
yahC_predicted,0.07692307692307693,12,12,AAAAGGATAGGGCTATCCTG,0,4482586
yahC_predicted,0.08333333333333333,11,11,TTTTCCAAGGATCATAGCTG,0,4491083
yahC_predicted,0.08333333333333333,11,11,TTTGAGTGCACCATAAACTC,0,4489715
yahC_predicted,0.08333333333333333,11,11,TTTCGAAGATGACGAGGACA,0,4483378
yahC_predicted,0.08333333333333333,11,11,TTTCACGGTGTGTCTTGAGA,0,4478561
yahC_predicted,0.08333333333333333,11,11,TTTACGACAGAAGAGTGGTT,0,4509927
yahC_predicted,0.08333333333333333,11,11,TTTAAGCTTACAATCGGTAG,0,4489793
yahC_predicted,0.08333333333333333,11,11,TTGGAAACCGGGGATCCCAA,0,4503904
yahC_predicted,0.08333333333333333,11,11,TTCGTGATAAGTACCGGTAG,0,4499493
yahC_predicted,0.08333333333333333,11,11,TTCGACCAAGGCCAACCCGG,0,4478111
yahC_predicted,0.08333333333333333,11,11,TTCACCGTTGTAGGGCCTCG,0,4478566
yahC_predicted,0.08333333333333333,11,11,TTAGGCTGGCTAGTTCGCGT,0,4472473
yahC_predicted,0.08333333333333333,11,11,TTAGATGCGTCATATTCCGC,0,4507839
yahC_predicted,0.08333333333333333,11,11,TTAGAGATGTCATTTCGCAA,0,4492630
yahC_predicted,0.08333333333333333,11,11,TTAATCCGTAACCCACTAAT,0,4511295
yahC_predicted,0.08333333333333333,11,11,TGTTTAGCTCAATCATTGGT,0,4486610
yahC_predicted,0.08333333333333333,11,11,TGTTCTCGCTGGTCCAATAA,0,4510544
yahC_predicted,0.08333333333333333,11,11,TGTGCCAGGTCATATAGATT,0,4504501
yahC_predicted,0.08333333333333333,11,11,TGTCTTAAGCGAGTAAATCA,0,4511652
yahC_predicted,0.08333333333333333,11,11,TGTCGCCACGCCTTCGAACT,0,4500034
yahC_predicted,0.08333333333333333,11,11,TGTACGGCGCTATACCTGCT,0,4477607
yahC_predicted,0.08333333333333333,11,11,TGTACCGCATCTTAAGGTCC,0,4491544
yahC_predicted,0.08333333333333333,11,11,TGGTTGCTTGCAAATCCCTA,0,4482102
yahC_predicted,0.08333333333333333,11,11,TGGTATTGCAGCTATTTCCT,0,4490241
yahC_predicted,0.08333333333333333,11,11,TGGGCTTGAACGGTAGTAAA,0,4479171
yahC_predicted,0.08333333333333333,11,11,TGGGAACCAGTTTCCTACAA,0,4480128
yahC_predicted,0.08333333333333333,11,11,TGGCCAGAGCGTCTACAGTT,0,4497928
yahC_predicted,0.08333333333333333,11,11,TGGCAAGGGTGGGGAAAGTG,0,4500879
yahC_predicted,0.08333333333333333,11,11,TGGAGCTAGTACGAGTACGG,0,4475551
yahC_predicted,0.08333333333333333,11,11,TGCGGGGGATGACAACGTAC,0,4479859
yahC_predicted,0.08333333333333333,11,11,TGCGACATGTCTGGCTAAAA,0,4507744
yahC_predicted,0.08333333333333333,11,11,TGCCTAACCCGCGGCGAAGG,0,4505600
yahC_predicted,0.08333333333333333,11,11,TGCCACACTCAATCTCAACG,0,4485655
yahC_predicted,0.08333333333333333,11,11,TGATTAGTTAATATGTTACG,0,4508499
yahC_predicted,0.08333333333333333,11,11,TGATTACTGGGTTTTATACG,0,4501923
yahC_predicted,0.08333333333333333,11,11,TGAGTGTCATGATCTTACTC,0,4498292
yahC_predicted,0.08333333333333333,11,11,TGACGTTAAATCTCCAATCC,0,4503256
yahC_predicted,0.08333333333333333,11,11,TGACGATCAGTATCACGTAG,0,4498020
yahC_predicted,0.08333333333333333,11,11,TGAAGTCAATTCCCTACCCA,0,4499759
yahC_predicted,0.08333333333333333,11,11,TCTTGACTTGGGGATTCTGG,0,4485662
yahC_predicted,0.08333333333333333,11,11,TCTAGCCACATTTAGCAGTC,0,4482113
yahC_predicted,0.08333333333333333,11,11,TCGTTGAGGGTTGTTTCATG,0,4500789
yahC_predicted,0.08333333333333333,11,11,TCGGTGCCGACAATGCTGCG,0,4472873
yahC_predicted,0.08333333333333333,11,11,TCGACTCTATAGTGCATGTA,0,4500608
yahC_predicted,0.08333333333333333,11,11,TCCTCGCCCGGCAAGTTAAA,0,4479739
yahC_predicted,0.08333333333333333,11,11,TCCTATCTAGAGGTTACCTT,0,4496858
yahC_predicted,0.08333333333333333,11,11,TCCCGAGAGAGGGAGGCGCG,0,4489874
yahC_predicted,0.08333333333333333,11,11,TCCCCACGTGTAAGTTATGT,0,4475300
yahC_predicted,0.08333333333333333,11,11,TCATGTTCAACCACTGTGTC,0,4483373
yahC_predicted,0.08333333333333333,11,11,TCATCCTTTCACCTCGGAAA,0,4504427
yahC_predicted,0.08333333333333333,11,11,TCAGTGGTATTTTGACAAGG,0,4504019
yahC_predicted,0.08333333333333333,11,11,TCAGTCTGCCGAAGCACCTT,0,4510300
yahC_predicted,0.08333333333333333,11,11,TCAGGTCCTTCTCCAAAGCA,0,4491286
yahC_predicted,0.08333333333333333,11,11,TCAAGCGACTCAACGATATG,0,4511120
yahC_predicted,0.08333333333333333,11,11,TATTCACGGGATCGAAGACG,0,4492563
yahC_predicted,0.08333333333333333,11,11,TATGTGATATTCACATGTTA,0,4492659
yahC_predicted,0.08333333333333333,11,11,TATGCTTGAGTGTCAAAACT,0,4508138
yahC_predicted,0.08333333333333333,11,11,TATGCCGTGCGTCACAATCT,0,4500159
yahC_predicted,0.08333333333333333,11,11,TATCTTTTGTTACTCTGTGC,0,4510936
yahC_predicted,0.08333333333333333,11,11,TATCTTCCTAGCATTCATTG,0,4488633
yahC_predicted,0.08333333333333333,11,11,TATCCCAGTGCACGATTCGA,0,4500591
yahC_predicted,0.08333333333333333,11,11,TATCAGATGGTATGCTGGGA,0,4480388
yahC_predicted,0.08333333333333333,11,11,TATCACCGACAGGAACGGCT,0,4491714
yahC_predicted,0.08333333333333333,11,11,TAGGTTGAGAACGGAGTCCT,0,4501245
yahC_predicted,0.08333333333333333,11,11,TAGGCGTTGGTTCGCGACGC,0,4505924
yahC_predicted,0.08333333333333333,11,11,TAGGATCGGAGCATCACTCA,0,4506209
yahC_predicted,0.08333333333333333,11,11,TAGGACGGTGCAGCGGGTTT,0,4493312
yahC_predicted,0.08333333333333333,11,11,TAGCGAGTTAGTAAGGTTTT,0,4503179
yahC_predicted,0.08333333333333333,11,11,TACTTGTTTTGTTCGTTGAC,0,4508072
yahC_predicted,0.08333333333333333,11,11,TACGTTGGCCTATTGCAAAA,0,4481249
yahC_predicted,0.08333333333333333,11,11,TACCTTCCACAGTCCGTCCA,0,4489958
yahC_predicted,0.08333333333333333,11,11,TACACGCACTACAAACGAGG,0,4495021
yahC_predicted,0.08333333333333333,11,11,TACAACATTTTTTAACTCAT,0,4477270
yahC_predicted,0.08333333333333333,11,11,TAATTGCTGTGTATGGAGAC,0,4480918
yahC_predicted,0.08333333333333333,11,11,TAAGGGAGAAATCATTAGTA,0,4503195
yahC_predicted,0.08333333333333333,11,11,TAAGCTGGCTACCTGTGATC,0,4476258
yahC_predicted,0.08333333333333333,11,11,TAACACCACGGCCGGTGCCA,0,4490681
yahC_predicted,0.08333333333333333,11,11,TAAATAGCGAGTTCCTGATC,0,4489877
yahC_predicted,0.08333333333333333,11,11,GTTTGCCGTTTCTCGACACA,0,4479885
yahC_predicted,0.08333333333333333,11,11,GTTCGATAAAACGCGACCCG,0,4500049
yahC_predicted,0.08333333333333333,11,11,GTTAGACGCTTCGCTTCTTG,0,4479892
yahC_predicted,0.08333333333333333,11,11,GTGTGCCCAGTTTTTCTGCT,0,4495479
yahC_predicted,0.08333333333333333,11,11,GTGTCGCGTAACGGGTAATA,0,4489384
yahC_predicted,0.08333333333333333,11,11,GTGCTCTCGCGTGCATGAGG,0,4496796
yahC_predicted,0.08333333333333333,11,11,GTGCGTAGTAGAAGCTTGAA,0,4503304
yahC_predicted,0.08333333333333333,11,11,GTGCCATCTGGGAGAAAGTT,0,4491421
yahC_predicted,0.08333333333333333,11,11,GTGCATTAGATCTCCGGTCT,0,4497889
yahC_predicted,0.08333333333333333,11,11,GTGCAGTTAGTTTGGGCGAG,0,4502875
yahC_predicted,0.08333333333333333,11,11,GTGCACCAACCAAATCCTTG,0,4508454
yahC_predicted,0.08333333333333333,11,11,GTCCGTTATTATCCTCTACA,0,4483441
yahC_predicted,0.08333333333333333,11,11,GTCACGTTGCTAGCTGGAAA,0,4501586
yahC_predicted,0.08333333333333333,11,11,GTATATCAATCTCACCGTGT,0,4499366
yahC_predicted,0.08333333333333333,11,11,GTAGAGCGTGACGTGCCAAT,0,4497320
yahC_predicted,0.08333333333333333,11,11,GTAACTTCATCTGCGCAGCG,0,4489546
yahC_predicted,0.08333333333333333,11,11,GGTTATTTAGTACTGATGGG,0,4501900
yahC_predicted,0.08333333333333333,11,11,GGTTAACACCGCCCGATCGC,0,4477288
yahC_predicted,0.08333333333333333,11,11,GGTGCTAAGCGGTGGATCGT,0,4474922
yahC_predicted,0.08333333333333333,11,11,GGTGAGTTGACGCCAATTAT,0,4481219
yahC_predicted,0.08333333333333333,11,11,GGTCTAGGGGTATTCTCAGC,0,4496296
yahC_predicted,0.08333333333333333,11,11,GGTCGCGAAGTGGGTTCAAA,0,4493542
yahC_predicted,0.08333333333333333,11,11,GGTCCTACCGTACTGCTTGT,0,4501022
yahC_predicted,0.08333333333333333,11,11,GGTCCACGACGTTAAACCGT,0,4488892
yahC_predicted,0.08333333333333333,11,11,GGTCATTCATGGCTCCGATG,0,4510728
yahC_predicted,0.08333333333333333,11,11,GGTAGGGGATAAAGTCGATC,0,4486177
yahC_predicted,0.08333333333333333,11,11,GGTAGCTCCAACTGGGCCAC,0,4479307
yahC_predicted,0.08333333333333333,11,11,GGTACGTTAACTTGATTCAA,0,4480698
yahC_predicted,0.08333333333333333,11,11,GGGTTATAAGTTTTTTATAA,0,4490335
yahC_predicted,0.08333333333333333,11,11,GGGTACAACCGCCGCACTAC,0,4487045
yahC_predicted,0.08333333333333333,11,11,GGGGTATAGTGCACCATTGA,0,4486047
yahC_predicted,0.08333333333333333,11,11,GGGGGGTAGAGGGTACCTAA,0,4500498
yahC_predicted,0.08333333333333333,11,11,GGGGCACAGGAGTCAATGTA,0,4474886
yahC_predicted,0.08333333333333333,11,11,GGGGAGCGAGAGGTCATCCT,0,4498969
yahC_predicted,0.08333333333333333,11,11,GGCCGTCGGATGTGCTCTAA,0,4472464
yahC_predicted,0.08333333333333333,11,11,GGCCCGTGTTGGAAGAACTA,0,4501888
yahC_predicted,0.08333333333333333,11,11,GGCATTTGGCGTGAGAGAAC,0,4473391
yahC_predicted,0.08333333333333333,11,11,GGCATGAGAGACACCACCCC,0,4507308
yahC_predicted,0.08333333333333333,11,11,GGCAGTGTCATTTTCAACCA,0,4476652
yahC_predicted,0.08333333333333333,11,11,GGAGTCCTCTTTAGGTATTG,0,4498382
yahC_predicted,0.08333333333333333,11,11,GGAGCTAAAACGGTCTATTT,0,4509948
yahC_predicted,0.08333333333333333,11,11,GGAGAGATTTGGCCGAGCAT,0,4485754
yahC_predicted,0.08333333333333333,11,11,GGAAGAGAGTTGGGACCAAG,0,4501494
yahC_predicted,0.08333333333333333,11,11,GCTTGTCATAGCACGTGCCT,0,4503704
yahC_predicted,0.08333333333333333,11,11,GCTTAAGGGTTGCAACGTTG,0,4503831
yahC_predicted,0.08333333333333333,11,11,GCTGGAACCGCACCTTGCTC,0,4477388
yahC_predicted,0.08333333333333333,11,11,GCTGCCCTTGACTCATTACC,0,4479234
yahC_predicted,0.08333333333333333,11,11,GCTCGCATCTCTGAATCTCC,0,4502544
yahC_predicted,0.08333333333333333,11,11,GCTATTTGATATAGAGGCCC,0,4498980
yahC_predicted,0.08333333333333333,11,11,GCGGCCCCTGGCCTCCTCCG,0,4487315
yahC_predicted,0.08333333333333333,11,11,GCGGCAAATTCTTGGGTTCT,0,4472621
yahC_predicted,0.08333333333333333,11,11,GCGCCATTTGGTTTAGGAAC,0,4481334
yahC_predicted,0.08333333333333333,11,11,GCGCCAGAACGAGGAAAGGG,0,4478687
yahC_predicted,0.08333333333333333,11,11,GCGAGGGCAGGCACTATCGT,0,4494198
yahC_predicted,0.08333333333333333,11,11,GCGACGTTCTTGCATTTAAG,0,4476189
yahC_predicted,0.08333333333333333,11,11,GCCTCAGGGATTATAATTGT,0,4484415
yahC_predicted,0.08333333333333333,11,11,GCCGCCCTAGTGACATTCAA,0,4508772
yahC_predicted,0.08333333333333333,11,11,GCCCCCCGATGCAAGCCCCA,0,4473484
yahC_predicted,0.08333333333333333,11,11,GCCCAAGCGCATATCCCGGA,0,4474148
yahC_predicted,0.08333333333333333,11,11,GCCATAGATGCTCACTGTGA,0,4492079
yahC_predicted,0.08333333333333333,11,11,GCCAGCTCCTAAGGTATCGA,0,4511746
yahC_predicted,0.08333333333333333,11,11,GCCAGAAAACATCCCGTTCA,0,4508867
yahC_predicted,0.08333333333333333,11,11,GCAGCCTTTAGTAAATGACA,0,4476208
yahC_predicted,0.08333333333333333,11,11,GCAAGGCTGGGCTTCAGGAA,0,4502957
yahC_predicted,0.08333333333333333,11,11,GATTTTTTATCTTCTTGCCA,0,4486319
yahC_predicted,0.08333333333333333,11,11,GATTAATTGCCAAGTCGATG,0,4481746
yahC_predicted,0.08333333333333333,11,11,GATTAATGAGCGTTTATGTT,0,4500929
yahC_predicted,0.08333333333333333,11,11,GATCAGTTAAGCGCTTGAAT,0,4500065
yahC_predicted,0.08333333333333333,11,11,GATACGAGTAGGCTGACGGG,0,4504445
yahC_predicted,0.08333333333333333,11,11,GATACCTCTTAAAAATCTCG,0,4475401
yahC_predicted,0.08333333333333333,11,11,GAGTGTGACCTAACGTCCGA,0,4477045
yahC_predicted,0.08333333333333333,11,11,GAGGGGCATGCGAGAATTTT,0,4474089
yahC_predicted,0.08333333333333333,11,11,GAGGGCGGGCACGCCGCACG,0,4512087
yahC_predicted,0.08333333333333333,11,11,GAGGGCACACGAGGCAAAAT,0,4480506
yahC_predicted,0.08333333333333333,11,11,GAGCCTGGAGTTAGGCGATA,0,4511817
yahC_predicted,0.08333333333333333,11,11,GAGAGAAGGATAGCACACAC,0,4486512
yahC_predicted,0.08333333333333333,11,11,GACTCCCATGGGCTGGGAAC,0,4502321
yahC_predicted,0.08333333333333333,11,11,GACGTCCCCAATCAACCCCA,0,4483895
yahC_predicted,0.08333333333333333,11,11,GACGAATAGCTGTAGCCGAT,0,4484734
yahC_predicted,0.08333333333333333,11,11,GACCGGATCGATTTGCCATA,0,4487634
yahC_predicted,0.08333333333333333,11,11,GACCCTGGTATATACAACTT,0,4503746
yahC_predicted,0.08333333333333333,11,11,GAATTGTAGGGTATGGGTTT,0,4509983
yahC_predicted,0.08333333333333333,11,11,GAAGGGGATTCGTAGATGTG,0,4511331
yahC_predicted,0.08333333333333333,11,11,GAAGCGATTTCCTGTACAGA,0,4484993
yahC_predicted,0.08333333333333333,11,11,GAACTTTAACGGTACGGTCT,0,4487448
yahC_predicted,0.08333333333333333,11,11,GAACTATCTGGCCCGGAATA,0,4481610
yahC_predicted,0.08333333333333333,11,11,GAACTACTATCCCAAGAATT,0,4491812
yahC_predicted,0.08333333333333333,11,11,GAACGCGAGACAGTAACGAG,0,4500637
yahC_predicted,0.08333333333333333,11,11,GAAATACGGGAGTGCGATTA,0,4481649
yahC_predicted,0.08333333333333333,11,11,CTTTGTTTGCTCGGTACTTG,0,4495069
yahC_predicted,0.08333333333333333,11,11,CTTTCCTACTTTATGAGATG,0,4511297
yahC_predicted,0.08333333333333333,11,11,CTTTAACGCGGTGGGAAAAG,0,4510051
yahC_predicted,0.08333333333333333,11,11,CTTGTCAGCAACGCGGTTTT,0,4477539
yahC_predicted,0.08333333333333333,11,11,CTTGGAGCACTACGCCACAA,0,4506155
yahC_predicted,0.08333333333333333,11,11,CTTCGTGTTGCGTCACGATG,0,4478393
yahC_predicted,0.08333333333333333,11,11,CTTCCGCAGCCTGGCAAAGA,0,4503813
yahC_predicted,0.08333333333333333,11,11,CTTCACATGTTTTATCCAGT,0,4500250
yahC_predicted,0.08333333333333333,11,11,CTTATACTAGCGGGTAAAGC,0,4476898
yahC_predicted,0.08333333333333333,11,11,CTTAGTGTAGGGGCACATGC,0,4508574
yahC_predicted,0.08333333333333333,11,11,CTGTTAGGTTATACGTGGAC,0,4509234
yahC_predicted,0.08333333333333333,11,11,CTGTGAGGCTGGTGAAGTCG,0,4509180
yahC_predicted,0.08333333333333333,11,11,CTGGTCTGGTACTAGACCTT,0,4501081
yahC_predicted,0.08333333333333333,11,11,CTGGCTGGAAGCGATGCTCT,0,4485439
yahC_predicted,0.08333333333333333,11,11,CTGCGCGCAGACAAAGGCCA,0,4504134
yahC_predicted,0.08333333333333333,11,11,CTGATAGGGGATGTTATCCC,0,4496792
yahC_predicted,0.08333333333333333,11,11,CTGAGGGGCGGGAACCGAGC,0,4480736
yahC_predicted,0.08333333333333333,11,11,CTCTGTAAGTGTACTTTTCT,0,4501893
yahC_predicted,0.08333333333333333,11,11,CTCGACCACTCAATGTGGGA,0,4507824
yahC_predicted,0.08333333333333333,11,11,CTCCCGTTTGGAGGAGGACG,0,4505084
yahC_predicted,0.08333333333333333,11,11,CTCCACTCCACACGACGGTG,0,4481240
yahC_predicted,0.08333333333333333,11,11,CTCATACAGGGGTATACCTT,0,4503590
yahC_predicted,0.08333333333333333,11,11,CTCAGGTATATAATGTAAGG,0,4474995
yahC_predicted,0.08333333333333333,11,11,CTCAGCAGTCTAGGTTGAAA,0,4480350
yahC_predicted,0.08333333333333333,11,11,CTCACTACATATTAACGGTC,0,4474505
yahC_predicted,0.08333333333333333,11,11,CTCACCGAAGATATGCCCAT,0,4473193
yahC_predicted,0.08333333333333333,11,11,CTATTTAACGGCAAACGATC,0,4497627
yahC_predicted,0.08333333333333333,11,11,CTATGACGACATCATCGGAT,0,4483932
yahC_predicted,0.08333333333333333,11,11,CTAAGGCTCTGAGCGATTTC,0,4479789
yahC_predicted,0.08333333333333333,11,11,CTAAGGCTCGCCTGCGTCGC,0,4485461
yahC_predicted,0.08333333333333333,11,11,CTAAGCCACTGCAGTTGCCC,0,4499139
yahC_predicted,0.08333333333333333,11,11,CTAACCGGTCACGCTTCCAC,0,4510958
yahC_predicted,0.08333333333333333,11,11,CGTTGTGTCAAGTATGTTAG,0,4482597
yahC_predicted,0.08333333333333333,11,11,CGTTAGACCATCCAGGGTTT,0,4488396
yahC_predicted,0.08333333333333333,11,11,CGTTAATTGTGCGCGCTTCA,0,4502649
yahC_predicted,0.08333333333333333,11,11,CGTCTGGTGAAGATCGAATA,0,4472992
yahC_predicted,0.08333333333333333,11,11,CGTCAAGTAGAGCCCAGGAG,0,4481186
yahC_predicted,0.08333333333333333,11,11,CGTAGACGATCCGATTTGGT,0,4506763
yahC_predicted,0.08333333333333333,11,11,CGGTTACACGTCGTTGGAGC,0,4483982
yahC_predicted,0.08333333333333333,11,11,CGGTGACTTCCTCTTCCCGT,0,4504167
yahC_predicted,0.08333333333333333,11,11,CGGTCTTTCGTTTGCCTTAA,0,4491691
yahC_predicted,0.08333333333333333,11,11,CGGTCGGTAATTTCTATGCT,0,4479977
yahC_predicted,0.08333333333333333,11,11,CGGTAGCTCGGCACGCTTTT,0,4475832
yahC_predicted,0.08333333333333333,11,11,CGGTAGAAGGGAGGAAGTAC,0,4482489
yahC_predicted,0.08333333333333333,11,11,CGGGGGTTAGACCGGGTGTG,0,4499216
yahC_predicted,0.08333333333333333,11,11,CGGGGGACAGGCTGATACAC,0,4507602
yahC_predicted,0.08333333333333333,11,11,CGGGCCACGTGCCCCTAGCG,0,4508083
yahC_predicted,0.08333333333333333,11,11,CGGCTTACGAATCACGGTTA,0,4488182
yahC_predicted,0.08333333333333333,11,11,CGGCTCCTAACCCACAGTTA,0,4476252
yahC_predicted,0.08333333333333333,11,11,CGGCCACGTGTAATTGAGCA,0,4475295
yahC_predicted,0.08333333333333333,11,11,CGGAGGCACTGTATCAAGTA,0,4476547
yahC_predicted,0.08333333333333333,11,11,CGCTTTCCGGCCTAGGCTCT,0,4478880
yahC_predicted,0.08333333333333333,11,11,CGCTTTAGCTTGCTTGAGTG,0,4495455
yahC_predicted,0.08333333333333333,11,11,CGCGTGTGGCTAGGTAGAAC,0,4486158
yahC_predicted,0.08333333333333333,11,11,CGCGACAGACCGTCCATCTA,0,4491147
yahC_predicted,0.08333333333333333,11,11,CGCCCAGCATCACGTCCCAG,0,4495218
yahC_predicted,0.08333333333333333,11,11,CGCCCAATTCACAATCAATG,0,4485201
yahC_predicted,0.08333333333333333,11,11,CGCCAACGACCATTATTGGT,0,4507374
yahC_predicted,0.08333333333333333,11,11,CGCAGCGTCACTTTCGGTCC,0,4498866
yahC_predicted,0.08333333333333333,11,11,CGCACGGACTTTCGGGCCTC,0,4483133
yahC_predicted,0.08333333333333333,11,11,CGCACATCGCTACTGACCCA,0,4504810
yahC_predicted,0.08333333333333333,11,11,CGATGAGCTTGAGGAGTACC,0,4489552
yahC_predicted,0.08333333333333333,11,11,CGAGCACCATGGGTCTTAGT,0,4478882
yahC_predicted,0.08333333333333333,11,11,CGACTCCTGGTGCGCTCTAT,0,4477673
yahC_predicted,0.08333333333333333,11,11,CGAACTCGACATCCGCAGCG,0,4496670
yahC_predicted,0.08333333333333333,11,11,CGAACAATCCGCGGCTGAAA,0,4477635
yahC_predicted,0.08333333333333333,11,11,CGAAAGGTAACAACAATCCG,0,4505100
yahC_predicted,0.08333333333333333,11,11,CGAAAAGGAGGAAATATATC,0,4501187
yahC_predicted,0.08333333333333333,11,11,CCTTCGCAGCAACCGTCTAT,0,4508400
yahC_predicted,0.08333333333333333,11,11,CCTATTCTTAAGGTTTCCGA,0,4475574
yahC_predicted,0.08333333333333333,11,11,CCGTGCCGACTTTCAGTTTA,0,4509219
yahC_predicted,0.08333333333333333,11,11,CCGGTGCATACCGATTTATC,0,4499361
yahC_predicted,0.08333333333333333,11,11,CCGGTAATGCTGGTGTGTCA,0,4484410
yahC_predicted,0.08333333333333333,11,11,CCGGACGGATTGAGCATATG,0,4500831
yahC_predicted,0.08333333333333333,11,11,CCGCCGCATTTGCTTTAACT,0,4492777
yahC_predicted,0.08333333333333333,11,11,CCGAGCTGTGTGCACCCAGA,0,4493616
yahC_predicted,0.08333333333333333,11,11,CCCGTGCGAATCCATGAGTA,0,4511119
yahC_predicted,0.08333333333333333,11,11,CCCAGGCTCGTATAAGGCAG,0,4488631
yahC_predicted,0.08333333333333333,11,11,CCATCAACAGGATTAAACGT,0,4510315
yahC_predicted,0.08333333333333333,11,11,CCAGCACAAAATTGATACCT,0,4473693
yahC_predicted,0.08333333333333333,11,11,CCACCCTCCTGTTGTCTAAT,0,4472623
yahC_predicted,0.08333333333333333,11,11,CATTACTCATATTAACACCC,0,4486341
yahC_predicted,0.08333333333333333,11,11,CATGGCCGGGCTGAGTTTTA,0,4504554
yahC_predicted,0.08333333333333333,11,11,CAGTTTTATTTGGCGGAAGA,0,4475999
yahC_predicted,0.08333333333333333,11,11,CAGGTGCAGTCGGAGTGGAT,0,4495417
yahC_predicted,0.08333333333333333,11,11,CAGCTTGACTCCCGCTCGAG,0,4480581
yahC_predicted,0.08333333333333333,11,11,CAGCCGTTTTATCCAAACGG,0,4483745
yahC_predicted,0.08333333333333333,11,11,CAGAGGAGGGGATATTCCCA,0,4506346
yahC_predicted,0.08333333333333333,11,11,CAGAGAAAATAGTAGTAGAT,0,4500873
yahC_predicted,0.08333333333333333,11,11,CACCGGCGACCCCGCGTTGA,0,4485830
yahC_predicted,0.08333333333333333,11,11,CACAGGTAGCCCATGTCATG,0,4481538
yahC_predicted,0.08333333333333333,11,11,CACAGGAATTTACCACGCGT,0,4503678
yahC_predicted,0.08333333333333333,11,11,CACACTTCAATTCATACTTC,0,4496939
yahC_predicted,0.08333333333333333,11,11,CAAGAGTCAGTAGGCTCGGT,0,4495707
yahC_predicted,0.08333333333333333,11,11,CAAATGGAGCTGTTGCTCGA,0,4501777
yahC_predicted,0.08333333333333333,11,11,CAAACAGCTGATAGGGCTGA,0,4505886
yahC_predicted,0.08333333333333333,11,11,ATTGGTGACGTCCGGCTTTG,0,4503683
yahC_predicted,0.08333333333333333,11,11,ATTCGCTACGCGGGAGAACA,0,4509986
yahC_predicted,0.08333333333333333,11,11,ATTCGCTACGAGCCAGCCAG,0,4476181
yahC_predicted,0.08333333333333333,11,11,ATTCACCAGTGACACTAAAC,0,4479947
yahC_predicted,0.08333333333333333,11,11,ATTACGACTCCTTTTAATCC,0,4502186
yahC_predicted,0.08333333333333333,11,11,ATTAATGGGGTGCCCAGGAC,0,4499057
yahC_predicted,0.08333333333333333,11,11,ATTAAGTAGCTCGATTTTGA,0,4488518
yahC_predicted,0.08333333333333333,11,11,ATGTGCTCGCGCATTTCCGC,0,4498519
yahC_predicted,0.08333333333333333,11,11,ATGGCCCAGGAAAAGATTCC,0,4492392
yahC_predicted,0.08333333333333333,11,11,ATGCAATGGAACTGCGCCCT,0,4478809
yahC_predicted,0.08333333333333333,11,11,ATGAGGAGCGGCCAGAGTCA,0,4511465
yahC_predicted,0.08333333333333333,11,11,ATGAAAATCGTCAAGATTCT,0,4486881
yahC_predicted,0.08333333333333333,11,11,ATCCTCACGTTCATGTCGTG,0,4487638
yahC_predicted,0.08333333333333333,11,11,ATCACGTGCAGGAAGTCCGA,0,4475736
yahC_predicted,0.08333333333333333,11,11,ATCACGGTGAACGGGTATGG,0,4492090
yahC_predicted,0.08333333333333333,11,11,ATCACCTTTGCAGGAATGAT,0,4487837
yahC_predicted,0.08333333333333333,11,11,ATCACCAGAGCGCGTGTGTA,0,4478795
yahC_predicted,0.08333333333333333,11,11,ATAGAACGCGTCCACACAGA,0,4494926
yahC_predicted,0.08333333333333333,11,11,ATAATCTCATCCACGCTTAT,0,4491280
yahC_predicted,0.08333333333333333,11,11,ATAAGTATATAGCGGGGAGT,0,4511671
yahC_predicted,0.08333333333333333,11,11,AGTTGTTAGTTCCCTCCGTG,0,4487289
yahC_predicted,0.08333333333333333,11,11,AGTGTTTATCCCCGTTTAAC,0,4479196
yahC_predicted,0.08333333333333333,11,11,AGTGGCCTTCTATTGTCTTT,0,4508767
yahC_predicted,0.08333333333333333,11,11,AGTCTTGAATTCGGTTTGGG,0,4483567
yahC_predicted,0.08333333333333333,11,11,AGTCCTGAAGGAGAACTGAA,0,4478012
yahC_predicted,0.08333333333333333,11,11,AGTCATCTCAGTACAGACAT,0,4490770
yahC_predicted,0.08333333333333333,11,11,AGTAGCCCAACATCGTGTGG,0,4507183
yahC_predicted,0.08333333333333333,11,11,AGTACCCCGGGCAATACAAA,0,4481926
yahC_predicted,0.08333333333333333,11,11,AGTAATACTTTATAAAATGT,0,4487930
yahC_predicted,0.08333333333333333,11,11,AGGTTATAGCTGAATTATTT,0,4494278
yahC_predicted,0.08333333333333333,11,11,AGGTCAAAAGGCGTATGGCA,0,4505565
yahC_predicted,0.08333333333333333,11,11,AGGGTAGACTCGTAATGGAT,0,4490513
yahC_predicted,0.08333333333333333,11,11,AGGGCTTGGATCACACGATT,0,4489735
yahC_predicted,0.08333333333333333,11,11,AGGGCCAATCAGACACAGCT,0,4487650
yahC_predicted,0.08333333333333333,11,11,AGGGAACGATAGGGACTAGA,0,4491584
yahC_predicted,0.08333333333333333,11,11,AGGCCCTGGTTTTAAGTCAT,0,4505482
yahC_predicted,0.08333333333333333,11,11,AGGAGGCTCGAATCTTGGGA,0,4487318
yahC_predicted,0.08333333333333333,11,11,AGGACGGCTTTACTAATTAT,0,4473954
yahC_predicted,0.08333333333333333,11,11,AGCTTTTACTACTTCGTGGG,0,4501370
yahC_predicted,0.08333333333333333,11,11,AGCTTTGGGGAGTATCGATA,0,4482334
yahC_predicted,0.08333333333333333,11,11,AGCTATCGAGTTTGTACAGC,0,4474989
yahC_predicted,0.08333333333333333,11,11,AGCTAAAAATAGGGTTGGTT,0,4499261
yahC_predicted,0.08333333333333333,11,11,AGCGTGCAATTTGGACTCGA,0,4481537
yahC_predicted,0.08333333333333333,11,11,AGCCTTTGCGAACGTGCGAG,0,4488519
yahC_predicted,0.08333333333333333,11,11,AGCCGTCACATTGCGCCTCT,0,4508808
yahC_predicted,0.08333333333333333,11,11,AGCCCCCGACGTACTGTCGC,0,4472557
yahC_predicted,0.08333333333333333,11,11,AGCCACGCTTCTGTGTCAAA,0,4506153
yahC_predicted,0.08333333333333333,11,11,AGCAGCCCCGGCGTCCGAGC,0,4484938
yahC_predicted,0.08333333333333333,11,11,AGAGTGGGTGGGCGTTGAGA,0,4476289
yahC_predicted,0.08333333333333333,11,11,AGAGTCGAGATCAACCCGGT,0,4509588
yahC_predicted,0.08333333333333333,11,11,AGAGGATGTCCTCGATTAAC,0,4505615
yahC_predicted,0.08333333333333333,11,11,AGAGAGAATCCTATGGGGTT,0,4485515
yahC_predicted,0.08333333333333333,11,11,AGACGGCGAGAGCTTCGGCT,0,4499628
yahC_predicted,0.08333333333333333,11,11,AGACCAACACAAGAAATCAG,0,4473362
yahC_predicted,0.08333333333333333,11,11,ACTGAGCAGCTCGATAGCCT,0,4494705
yahC_predicted,0.08333333333333333,11,11,ACTCCGTACACGCAGTCAAG,0,4490284
yahC_predicted,0.08333333333333333,11,11,ACGTGAGAAAAGCATCGCAG,0,4498012
yahC_predicted,0.08333333333333333,11,11,ACGGGCGGCCTCGCGTGAAG,0,4505486
yahC_predicted,0.08333333333333333,11,11,ACGAGGGTTTCTTGTGTAAA,0,4492839
yahC_predicted,0.08333333333333333,11,11,ACCTACGCGTTATTTCCAGT,0,4480215
yahC_predicted,0.08333333333333333,11,11,ACCGGTTGAACCTCCCATTC,0,4475667
yahC_predicted,0.08333333333333333,11,11,ACCCGGTGCGAGGTGTTCAT,0,4481136
yahC_predicted,0.08333333333333333,11,11,ACCATAGGTGTCACAGTTCG,0,4506286
yahC_predicted,0.08333333333333333,11,11,ACCACCTTAATATGTACGCG,0,4474087
yahC_predicted,0.08333333333333333,11,11,ACCACCCCCACCAAAGAATC,0,4483665
yahC_predicted,0.08333333333333333,11,11,ACATTTCTATAAGGAACGCT,0,4502560
yahC_predicted,0.08333333333333333,11,11,ACATCCGTCGGCCGAGACGG,0,4503939
yahC_predicted,0.08333333333333333,11,11,ACATACGCTTTACTGGGTTC,0,4500126
yahC_predicted,0.08333333333333333,11,11,ACAGGGTCAAAAATGAAGCT,0,4484324
yahC_predicted,0.08333333333333333,11,11,ACACGTTGCTCAGAGGTAGA,0,4484794
yahC_predicted,0.08333333333333333,11,11,ACAAGTGAAACAACCACGGC,0,4492428
yahC_predicted,0.08333333333333333,11,11,ACAAGGACTCCCTATTTCCA,0,4503811
yahC_predicted,0.08333333333333333,11,11,AATTATAACTTCAATGCGTC,0,4490121
yahC_predicted,0.08333333333333333,11,11,AATTAACCGTCGAACAATCA,0,4498176
yahC_predicted,0.08333333333333333,11,11,AATGTTGAGGACAACTCCCA,0,4506932
yahC_predicted,0.08333333333333333,11,11,AATCATCTTCGATACAGCAA,0,4493099
yahC_predicted,0.08333333333333333,11,11,AATCAACGTGTCTTTAACGC,0,4494085
yahC_predicted,0.08333333333333333,11,11,AAGGGTACCGGGAGGTACGC,0,4508680
yahC_predicted,0.08333333333333333,11,11,AAGGCAAAGAGCACCGGCAT,0,4483874
yahC_predicted,0.08333333333333333,11,11,AAGGAGGTCCCGCCCGACTG,0,4484464
yahC_predicted,0.08333333333333333,11,11,AAGCTGTAGAGGCCGCTCAG,0,4481309
yahC_predicted,0.08333333333333333,11,11,AAGCGGCCCTGACTTCCCAT,0,4488244
yahC_predicted,0.08333333333333333,11,11,AAGCGCAGTGACGTCGATCC,0,4508579
yahC_predicted,0.08333333333333333,11,11,AAGATGTGATTGACCTATGA,0,4508572
yahC_predicted,0.08333333333333333,11,11,AAGAGGTGACGTCAAATCGA,0,4481888
yahC_predicted,0.08333333333333333,11,11,AAGAATCCAGGTCCGGCTCT,0,4495578
yahC_predicted,0.08333333333333333,11,11,AACTGGTACGTCACCTGGGG,0,4476614
yahC_predicted,0.08333333333333333,11,11,AACTAAATAGCTGGCGAGTT,0,4493985
yahC_predicted,0.08333333333333333,11,11,AACATAGCCGCCTTACGAAG,0,4498151
yahC_predicted,0.08333333333333333,11,11,AACAAATACTCTAGGGTGCT,0,4505988
yahC_predicted,0.08333333333333333,11,11,AAATCCAGCGCTAGTCAGTC,0,4500562
yahC_predicted,0.08333333333333333,11,11,AAATAAGGGCGCTTTCGTAT,0,4500122
yahC_predicted,0.08333333333333333,11,11,AAAGTTGTGCTCCGGACTTC,0,4494178
yahC_predicted,0.08333333333333333,11,11,AAACCATTTACGATTCGCCT,0,4487542
yahC_predicted,0.08333333333333333,11,11,AAACCATGTTTAGGGAACGT,0,4504314
yahC_predicted,0.08333333333333333,11,11,AAAAAATAAAGTGGGAGAAC,0,4497985
yahC_predicted,0.08333333333333333,11,11,AAAAAATAAACCGCGTGGCA,0,4474165
yahC_predicted,0.09090909090909091,10,10,TTTTGGATATCTTCTCCAAA,0,4487831
yahC_predicted,0.09090909090909091,10,10,TTTTCGGAGTAGCAAAGCCA,0,4495403
yahC_predicted,0.09090909090909091,10,10,TTTAAACGTCGGCCCAAGCA,0,4491013
yahC_predicted,0.09090909090909091,10,10,TTGTTGCAAATTCTGCCAGC,0,4481946
yahC_predicted,0.09090909090909091,10,10,TTGTGGCTCTCTCAGTATGT,0,4491977
yahC_predicted,0.09090909090909091,10,10,TTGTCAACCAAAATTGTTAC,0,4483141
yahC_predicted,0.09090909090909091,10,10,TTGGGAGTGCACCTTCTATA,0,4501918
yahC_predicted,0.09090909090909091,10,10,TTGGCGATGTTACGCGATCA,0,4503672
yahC_predicted,0.09090909090909091,10,10,TTGGAATCATAGCGAATCCA,0,4498433
yahC_predicted,0.09090909090909091,10,10,TTGCTCCTCACCAATTTTCA,0,4492387
yahC_predicted,0.09090909090909091,10,10,TTGAGTTACTGTTATATTAA,0,4477716
yahC_predicted,0.09090909090909091,10,10,TTCTGGACAATTGTCCCGAA,0,4511441
yahC_predicted,0.09090909090909091,10,10,TTCTCCTGGCCTACTGTTGC,0,4487129
yahC_predicted,0.09090909090909091,10,10,TTCGATAAGGTCGCCTATTA,0,4511687
yahC_predicted,0.09090909090909091,10,10,TTCCTGCGAACGCAGACGGA,0,4493300
yahC_predicted,0.09090909090909091,10,10,TTCCCTATGGAAGGTAGCCC,0,4503492
yahC_predicted,0.09090909090909091,10,10,TTCAGGCTAGAGGCATCGAA,0,4500615
yahC_predicted,0.09090909090909091,10,10,TTCACGAGGTACTCGGCAAT,0,4480556
yahC_predicted,0.09090909090909091,10,10,TTCAAGATTTTGAGCATCAC,0,4476720
yahC_predicted,0.09090909090909091,10,10,TTATTCTACCCTTTTTACGT,0,4474689
yahC_predicted,0.09090909090909091,10,10,TTATCCGTCTTCGTCTAATT,0,4475534
yahC_predicted,0.09090909090909091,10,10,TTATCATTGCTAGGGCTGAA,0,4505975
yahC_predicted,0.09090909090909091,10,10,TTAGCCGTCACGTAGCATGT,0,4485397
yahC_predicted,0.09090909090909091,10,10,TTAGCACTCGGACAAGCTCC,0,4509513
yahC_predicted,0.09090909090909091,10,10,TTAGACGAATATCGGTTGCC,0,4490129
yahC_predicted,0.09090909090909091,10,10,TTACGGCCTTACGCAGAGAC,0,4510933
yahC_predicted,0.09090909090909091,10,10,TTAACACTCTGGGTACTCAA,0,4472545
yahC_predicted,0.09090909090909091,10,10,TGTTTAAGGTGAGTATTTTA,0,4501596
yahC_predicted,0.09090909090909091,10,10,TGTGTTTGGTCAAGAGAAGT,0,4502188
yahC_predicted,0.09090909090909091,10,10,TGTGTGGGCCGCTAAAGGAC,0,4473303
yahC_predicted,0.09090909090909091,10,10,TGTGCCCCATCTGGGATCGT,0,4510939
yahC_predicted,0.09090909090909091,10,10,TGTCCAGGCCTCTACACTGG,0,4498294
yahC_predicted,0.09090909090909091,10,10,TGTCCAGCCACTGCAATGCT,0,4495824
yahC_predicted,0.09090909090909091,10,10,TGTCACGGACTGCATTCGAG,0,4488825
yahC_predicted,0.09090909090909091,10,10,TGTAACAATTTTATTGAGTC,0,4482703
yahC_predicted,0.09090909090909091,10,10,TGGGTCCAATCTTATCAGGT,0,4495012
yahC_predicted,0.09090909090909091,10,10,TGGGGGGGGTGCCGATAGAT,0,4511420
yahC_predicted,0.09090909090909091,10,10,TGGCTCATTCAGTCATACGT,0,4491413
yahC_predicted,0.09090909090909091,10,10,TGGCCTCCTAGGCGCAGCTT,0,4474697
yahC_predicted,0.09090909090909091,10,10,TGCGGGACGCAAGCAGTATT,0,4503389
yahC_predicted,0.09090909090909091,10,10,TGCGGGAAGGTCTAGAGCAA,0,4490914
yahC_predicted,0.09090909090909091,10,10,TGCAGGGCGCAAATGAAGAT,0,4482350
yahC_predicted,0.09090909090909091,10,10,TGACACGGTGTTAATAGTAT,0,4476855
yahC_predicted,0.09090909090909091,10,10,TGAATGGAGGTTTTGAAGTG,0,4477252
yahC_predicted,0.09090909090909091,10,10,TGAACGGCTGGCCGCCAATT,0,4490553
yahC_predicted,0.09090909090909091,10,10,TGAACCCCGTCCTTGGCGCA,0,4501732
yahC_predicted,0.09090909090909091,10,10,TCTTCAACCCATCAGCAATA,0,4502867
yahC_predicted,0.09090909090909091,10,10,TCTCCGAGTTACCAGAACTG,0,4476686
yahC_predicted,0.09090909090909091,10,10,TCTATGGCCCCGTCATACTT,0,4476178
yahC_predicted,0.09090909090909091,10,10,TCTAGTCGCGACGCGACGGA,0,4494531
yahC_predicted,0.09090909090909091,10,10,TCGTGTGGCGGCCTTCCTTC,0,4502347
yahC_predicted,0.09090909090909091,10,10,TCGTAGCTAGCACGACGATT,0,4477915
yahC_predicted,0.09090909090909091,10,10,TCGGGTGTTTCTGAAGCTAA,0,4473060
yahC_predicted,0.09090909090909091,10,10,TCGGCAGGTCTCCAGTGAAA,0,4483744
yahC_predicted,0.09090909090909091,10,10,TCGGCACGGAAAATCTACCA,0,4501584
yahC_predicted,0.09090909090909091,10,10,TCGCAAAAGGGGATGGATAG,0,4493186
yahC_predicted,0.09090909090909091,10,10,TCGAAGAATCCTCGTCGATG,0,4492302
yahC_predicted,0.09090909090909091,10,10,TCCTCTAGATCATAAAGATT,0,4509357
yahC_predicted,0.09090909090909091,10,10,TCCTCCTATATTCAGAAATA,0,4489838
yahC_predicted,0.09090909090909091,10,10,TCCTATTCATCTTGCCCCCG,0,4488355
yahC_predicted,0.09090909090909091,10,10,TCCGGAAATATGTTCCTTCC,0,4511904
yahC_predicted,0.09090909090909091,10,10,TCCGCCTGCAAATTCAGTAC,0,4508365
yahC_predicted,0.09090909090909091,10,10,TCCGAGTGGCCAACTGCCAT,0,4477211
yahC_predicted,0.09090909090909091,10,10,TCCCGGGGGAGCCTGAGATT,0,4476570
yahC_predicted,0.09090909090909091,10,10,TCCCATTAGGGCATCTTGAA,0,4499540
yahC_predicted,0.09090909090909091,10,10,TCCATTTCAAGCTCTCGTTG,0,4474681
yahC_predicted,0.09090909090909091,10,10,TCCATGGGGCGGACTTTACG,0,4481270
yahC_predicted,0.09090909090909091,10,10,TCCAGTTCAGCGCGTACCAT,0,4486681
yahC_predicted,0.09090909090909091,10,10,TCCACCGTATACTTTAATGG,0,4491446
yahC_predicted,0.09090909090909091,10,10,TCATCCTTGGAGCAGGCTTT,0,4486162
yahC_predicted,0.09090909090909091,10,10,TCAGTGTAGCGGTAAGTCCT,0,4490455
yahC_predicted,0.09090909090909091,10,10,TCAGGGTACCCTGGAAGTTC,0,4490896
yahC_predicted,0.09090909090909091,10,10,TCAGCTTGACTTTTCGAGAT,0,4508184
yahC_predicted,0.09090909090909091,10,10,TCAGAGACCTGGCAATGCAG,0,4505178
yahC_predicted,0.09090909090909091,10,10,TCACCGGCTGCCCAAAGGAG,0,4475559
yahC_predicted,0.09090909090909091,10,10,TCACAGTTCTGTAATCGGGG,0,4489241
yahC_predicted,0.09090909090909091,10,10,TCAACCGCTATACATGTTCA,0,4502413
yahC_predicted,0.09090909090909091,10,10,TCAAAAAGGATTGCGGTTGG,0,4477546
yahC_predicted,0.09090909090909091,10,10,TATTCCAACTGGGATGGAAC,0,4493683
yahC_predicted,0.09090909090909091,10,10,TATTAAACAATCTGACCGTA,0,4508827
yahC_predicted,0.09090909090909091,10,10,TATCTAAGGTGAAGATTTTA,0,4482873
yahC_predicted,0.09090909090909091,10,10,TATAGTTGGACGATCGCCGG,0,4501262
yahC_predicted,0.09090909090909091,10,10,TAGGTTGTGAGGAAGCCTGT,0,4509442
yahC_predicted,0.09090909090909091,10,10,TAGGTCGCGCCTGCCGGCAG,0,4480327
yahC_predicted,0.09090909090909091,10,10,TAGGGATACGTCTACTCGCG,0,4508901
yahC_predicted,0.09090909090909091,10,10,TAGCTTTCGAACCCTACGGA,0,4473883
yahC_predicted,0.09090909090909091,10,10,TAGCCAGAGGGCCGCGAGGC,0,4502874
yahC_predicted,0.09090909090909091,10,10,TACGTTCCTTCCATCGTTCC,0,4499989
yahC_predicted,0.09090909090909091,10,10,TACGGAATGAGCGCTCAAGT,0,4494831
yahC_predicted,0.09090909090909091,10,10,TACAAACTCGCCGAGACCTC,0,4480137
yahC_predicted,0.09090909090909091,10,10,TAAGTATACGAAGACCCGGA,0,4482392
yahC_predicted,0.09090909090909091,10,10,TAAGGACTTGTCAATCCTTC,0,4498661
yahC_predicted,0.09090909090909091,10,10,TAAGAAAATGTCCGTCACGT,0,4475013
yahC_predicted,0.09090909090909091,10,10,TAACCTTTCGAGGTAGGTTA,0,4495575
yahC_predicted,0.09090909090909091,10,10,TAACAACAGGAACACTTTAC,0,4500567
yahC_predicted,0.09090909090909091,10,10,GTTTGCGACATGAGGGTTTC,0,4509171
yahC_predicted,0.09090909090909091,10,10,GTTTCGTAGACTTGGTGGTC,0,4503758
yahC_predicted,0.09090909090909091,10,10,GTTGTACTTCAGCTTTTCAT,0,4504929
yahC_predicted,0.09090909090909091,10,10,GTTGAATAAATGATGTGCCC,0,4473492
yahC_predicted,0.09090909090909091,10,10,GTTACTTTGCGATTGCTGGA,0,4508829
yahC_predicted,0.09090909090909091,10,10,GTTACGACTCTCTACCTCAA,0,4505780
yahC_predicted,0.09090909090909091,10,10,GTGTCGGAAGTATCATGCAC,0,4476470
yahC_predicted,0.09090909090909091,10,10,GTGTCAGCATCCGTCGGCTT,0,4497714
yahC_predicted,0.09090909090909091,10,10,GTGGTCTCCGTAGATTCTTG,0,4500744
yahC_predicted,0.09090909090909091,10,10,GTGCTCGCAACTTCGGACGT,0,4482755
yahC_predicted,0.09090909090909091,10,10,GTGCCCGATCGCCCCCCTGA,0,4511030
yahC_predicted,0.09090909090909091,10,10,GTGCCACTGATAATATAGGG,0,4507157
yahC_predicted,0.09090909090909091,10,10,GTGATCCCCCAATCTCCTTG,0,4495975
yahC_predicted,0.09090909090909091,10,10,GTCTGACTAGGCACGCGGAT,0,4511269
yahC_predicted,0.09090909090909091,10,10,GTCTCCCGTTTAATAGCATT,0,4473625
yahC_predicted,0.09090909090909091,10,10,GTCTAGCGGTATAAGATATT,0,4489143
yahC_predicted,0.09090909090909091,10,10,GTCGGCACGCAGGTTAACGT,0,4501033
yahC_predicted,0.09090909090909091,10,10,GTCCTGCCTTCGCGCTTCAA,0,4500040
yahC_predicted,0.09090909090909091,10,10,GTCCAGCCTCGGTTCCTTAG,0,4491583
yahC_predicted,0.09090909090909091,10,10,GTCATTATGGACCCACAGTC,0,4509825
yahC_predicted,0.09090909090909091,10,10,GTCAGGTTTGTTTGCGACGC,0,4497398
yahC_predicted,0.09090909090909091,10,10,GTCAAAGGCTGACAAAGGCC,0,4497884
yahC_predicted,0.09090909090909091,10,10,GTATTGCAGCTGCGGCGTAT,0,4492538
yahC_predicted,0.09090909090909091,10,10,GTATTAGATAAGTACGATCT,0,4493597
yahC_predicted,0.09090909090909091,10,10,GTATAGCGGAGGAGTGCGGC,0,4490206
yahC_predicted,0.09090909090909091,10,10,GTATAGATGAAAAAGCCCCT,0,4475444
yahC_predicted,0.09090909090909091,10,10,GTAGTCCAGAAGGATTCCGG,0,4482498
yahC_predicted,0.09090909090909091,10,10,GTAACAGCCCAGACCCCAGG,0,4497830
yahC_predicted,0.09090909090909091,10,10,GTAAAAATAGCGGGTGGTTA,0,4501686
yahC_predicted,0.09090909090909091,10,10,GGTTACTGACATTTCGAACA,0,4505954
yahC_predicted,0.09090909090909091,10,10,GGTGGGATCAAACTAATGTA,0,4494666
yahC_predicted,0.09090909090909091,10,10,GGTAACAAATCAATGACAAT,0,4494160
yahC_predicted,0.09090909090909091,10,10,GGGTCTACGGCATTGACGCT,0,4488880
yahC_predicted,0.09090909090909091,10,10,GGGGTTCATAGTCCTCAAGG,0,4509483
yahC_predicted,0.09090909090909091,10,10,GGGGGGTTGGGTTCTGATTT,0,4476337
yahC_predicted,0.09090909090909091,10,10,GGGGCGGGAGTTATGGCCTA,0,4493289
yahC_predicted,0.09090909090909091,10,10,GGGGCCTCATTCTCACGTTC,0,4477237
yahC_predicted,0.09090909090909091,10,10,GGGCTTATTGCAAAAGTGTC,0,4498635
yahC_predicted,0.09090909090909091,10,10,GGGCAGAGCGATGATCGAAG,0,4494505
yahC_predicted,0.09090909090909091,10,10,GGGCACTTTGCGCGCATCAG,0,4496825
yahC_predicted,0.09090909090909091,10,10,GGGACGATTTTCGGGACATT,0,4477242
yahC_predicted,0.09090909090909091,10,10,GGGAATCCGTTGAACATCTA,0,4490899
yahC_predicted,0.09090909090909091,10,10,GGCGCAGATGCGACCTCCTA,0,4510695
yahC_predicted,0.09090909090909091,10,10,GGCCCGGCCCGTAGGTTGTT,0,4488607
yahC_predicted,0.09090909090909091,10,10,GGCAAAGGTTCGCTCACGTA,0,4493730
yahC_predicted,0.09090909090909091,10,10,GGATTATTATTTAGATAGCA,0,4486747
yahC_predicted,0.09090909090909091,10,10,GGAGTGTGCTCCACGTTCGA,0,4494336
yahC_predicted,0.09090909090909091,10,10,GGACGTTTGAGCCGGGTTTA,0,4474297
yahC_predicted,0.09090909090909091,10,10,GGAAGTTCCCCGCGCCGGGA,0,4475485
yahC_predicted,0.09090909090909091,10,10,GGAAGCGGATGGCCAAACTT,0,4479922
yahC_predicted,0.09090909090909091,10,10,GCTGGGGGCGCGTCCCAGGA,0,4480945
yahC_predicted,0.09090909090909091,10,10,GCTCGCCTAGGCCTGTCAGA,0,4475072
yahC_predicted,0.09090909090909091,10,10,GCTCAAACAAGTTGAGGAAC,0,4492085
yahC_predicted,0.09090909090909091,10,10,GCTACGATCGGTCACTTTAA,0,4482862
yahC_predicted,0.09090909090909091,10,10,GCTACCCTCGCTATTCCCAA,0,4492545
yahC_predicted,0.09090909090909091,10,10,GCTACAGTTAGGATTTTATA,0,4509107
yahC_predicted,0.09090909090909091,10,10,GCTAAACGTACTATACGTAG,0,4473729
yahC_predicted,0.09090909090909091,10,10,GCGTGTGTACTTGCCATTAC,0,4496959
yahC_predicted,0.09090909090909091,10,10,GCGGGCGGGAGACCACCAAA,0,4493672
yahC_predicted,0.09090909090909091,10,10,GCGGAAGTTCAGATTGTGTG,0,4482111
yahC_predicted,0.09090909090909091,10,10,GCGCCCGGGACCAAGCTGGG,0,4498403
yahC_predicted,0.09090909090909091,10,10,GCGCACAGACTCGATACTAC,0,4473741
yahC_predicted,0.09090909090909091,10,10,GCGATGCGGGTTGCCGGGTA,0,4503024
yahC_predicted,0.09090909090909091,10,10,GCGAGAATCGCATTAATGCT,0,4498956
yahC_predicted,0.09090909090909091,10,10,GCGACCGGGCGATGTGCGGG,0,4494973
yahC_predicted,0.09090909090909091,10,10,GCGACAGGTACTTCCCTAGA,0,4491587
yahC_predicted,0.09090909090909091,10,10,GCGAACCTATGCAGCGCTTA,0,4481862
yahC_predicted,0.09090909090909091,10,10,GCCGCCCAGCACACAGACGC,0,4486449
yahC_predicted,0.09090909090909091,10,10,GCCCTACGTGCGTACGCTGC,0,4481026
yahC_predicted,0.09090909090909091,10,10,GCCAGTATGGCGACGCGCGT,0,4483068
yahC_predicted,0.09090909090909091,10,10,GCCAAGCAAGGCACAGACCA,0,4476066
yahC_predicted,0.09090909090909091,10,10,GCAGTTGGAGATCACGGGAT,0,4510142
yahC_predicted,0.09090909090909091,10,10,GCAGTGTCTGCTAAGGGCAA,0,4481951
yahC_predicted,0.09090909090909091,10,10,GCAGTGCGATCGCTTGGTGG,0,4476451
yahC_predicted,0.09090909090909091,10,10,GCAGGCATTTGAATAAGTCA,0,4486244
yahC_predicted,0.09090909090909091,10,10,GCAGAACAAATCTTTTAATA,0,4499951
yahC_predicted,0.09090909090909091,10,10,GCACGAAATCCAGGGTCAGA,0,4487004
yahC_predicted,0.09090909090909091,10,10,GCAATTAGGGTGAACAGCAG,0,4503302
yahC_predicted,0.09090909090909091,10,10,GCAATAGAATTACGGAATAT,0,4501090
yahC_predicted,0.09090909090909091,10,10,GATCGCGCCAGCGGCGGACG,0,4493158
yahC_predicted,0.09090909090909091,10,10,GATAGTGGTAACAATTTGAG,0,4479259
yahC_predicted,0.09090909090909091,10,10,GAGGTTTCCCGTGCCCAGGT,0,4475067
yahC_predicted,0.09090909090909091,10,10,GAGGTCATTACTGTGTGGCC,0,4482705
yahC_predicted,0.09090909090909091,10,10,GAGGATAGGCAGAACGAGGT,0,4486877
yahC_predicted,0.09090909090909091,10,10,GAGCGAAACGTTAGAGAATT,0,4500194
yahC_predicted,0.09090909090909091,10,10,GAGCACATTTTGGTACCAGT,0,4494026
yahC_predicted,0.09090909090909091,10,10,GAGATCGGCGTCCACTGGAT,0,4473292
yahC_predicted,0.09090909090909091,10,10,GAGAGGCTGATAGGAACCCT,0,4508057
yahC_predicted,0.09090909090909091,10,10,GAGAAGGCGAATCAACATTA,0,4495694
yahC_predicted,0.09090909090909091,10,10,GAGAAGATATCCCAGGCGAA,0,4484378
yahC_predicted,0.09090909090909091,10,10,GAGAAAGCTGTTCGATGGCC,0,4497496
yahC_predicted,0.09090909090909091,10,10,GACTCTGGCTGTGGAGCTGG,0,4495249
yahC_predicted,0.09090909090909091,10,10,GACTAGGTATCCCAATCCAG,0,4487749
yahC_predicted,0.09090909090909091,10,10,GACGGTGCTATCGTGTGCCT,0,4507305
yahC_predicted,0.09090909090909091,10,10,GACGGCCTATAGTAAGCCGT,0,4473191
yahC_predicted,0.09090909090909091,10,10,GACGACTTTTGTTCTTTCGT,0,4504247
yahC_predicted,0.09090909090909091,10,10,GACGACATGTTCTAAAGTAG,0,4481731
yahC_predicted,0.09090909090909091,10,10,GACCACGCAGTGCACACCCA,0,4499703
yahC_predicted,0.09090909090909091,10,10,GAATGTCTTCGGCTAGCGTA,0,4500240
yahC_predicted,0.09090909090909091,10,10,GAACGTTGCGTCGCATGTGT,0,4485722
yahC_predicted,0.09090909090909091,10,10,GAACGTGAAAACACGTGGCA,0,4509228
yahC_predicted,0.09090909090909091,10,10,GAACCGAAGATAGGGATTCG,0,4488351
yahC_predicted,0.09090909090909091,10,10,GAAAGGGACTATGGCAAAGC,0,4486743
yahC_predicted,0.09090909090909091,10,10,CTTTTGATGCCACACTCCAG,0,4489922
yahC_predicted,0.09090909090909091,10,10,CTTTGGTTCCCATCCCATGC,0,4484886
yahC_predicted,0.09090909090909091,10,10,CTTTCCGGCGATTGTAACCG,0,4487410
yahC_predicted,0.09090909090909091,10,10,CTTTATCTACCCGGGACCGG,0,4499436
yahC_predicted,0.09090909090909091,10,10,CTTCGAGCGCAGCGAGGTCA,0,4494529
yahC_predicted,0.09090909090909091,10,10,CTGTTAGGTGAGAACATATA,0,4479311
yahC_predicted,0.09090909090909091,10,10,CTGTCACGGTATCTGCCCCA,0,4509132
yahC_predicted,0.09090909090909091,10,10,CTGCGAATTGCATAGTAAGA,0,4483164
yahC_predicted,0.09090909090909091,10,10,CTGAGCCCCTCAACAAGATT,0,4478236
yahC_predicted,0.09090909090909091,10,10,CTACAATCGCTCTTGGCAGA,0,4503236
yahC_predicted,0.09090909090909091,10,10,CTAAGCCAGAGGGTCGCCAG,0,4502065
yahC_predicted,0.09090909090909091,10,10,CTAAAGCTATCTATGACATA,0,4505389
yahC_predicted,0.09090909090909091,10,10,CGTGTCGCGTTATCATTAGT,0,4490495
yahC_predicted,0.09090909090909091,10,10,CGTGGATTGTATTCCAAATA,0,4481562
yahC_predicted,0.09090909090909091,10,10,CGTGAGCCCGGACACATGTC,0,4476404
yahC_predicted,0.09090909090909091,10,10,CGTCCCATCTACTGTTAGAC,0,4486753
yahC_predicted,0.09090909090909091,10,10,CGTATTCTCAAAACTGAAGC,0,4482208
yahC_predicted,0.09090909090909091,10,10,CGTACGTAGCACAAGAAGTG,0,4486576
yahC_predicted,0.09090909090909091,10,10,CGGTTCGGACTTGAAGCGAT,0,4504564
yahC_predicted,0.09090909090909091,10,10,CGGTCGAGTCCCCGTAGGGG,0,4510835
yahC_predicted,0.09090909090909091,10,10,CGGTCCGTGAGGGATCACAG,0,4497170
yahC_predicted,0.09090909090909091,10,10,CGGTCCCCTCCACTATAGCG,0,4503554
yahC_predicted,0.09090909090909091,10,10,CGGGTTACATACGTTGACAC,0,4506582
yahC_predicted,0.09090909090909091,10,10,CGGGCCGAATGCATGGAAGT,0,4474159
yahC_predicted,0.09090909090909091,10,10,CGGCTTCGGTCAGTTGTTCG,0,4501059
yahC_predicted,0.09090909090909091,10,10,CGGCTGTGACGATTCTTCTC,0,4489455
yahC_predicted,0.09090909090909091,10,10,CGGCTATGACAGAGCACAGT,0,4508282
yahC_predicted,0.09090909090909091,10,10,CGGCATCACCCCCTTTTTAT,0,4473668
yahC_predicted,0.09090909090909091,10,10,CGGAGTTATAATTGGTCGAG,0,4502689
yahC_predicted,0.09090909090909091,10,10,CGGAAGCTAAGGATTCGAGC,0,4495298
yahC_predicted,0.09090909090909091,10,10,CGGAAGATATGACTGAGCTC,0,4481921
yahC_predicted,0.09090909090909091,10,10,CGCGTTGGCCTGAATAGGTC,0,4475400
yahC_predicted,0.09090909090909091,10,10,CGCGTCGAGGTAATAGATGT,0,4492567
yahC_predicted,0.09090909090909091,10,10,CGCGGCGGCGCGAACCCTCG,0,4492482
yahC_predicted,0.09090909090909091,10,10,CGCCTACCGTAGTTCTCCGA,0,4502984
yahC_predicted,0.09090909090909091,10,10,CGCCGAGGAATCATCGCCAT,0,4499333
yahC_predicted,0.09090909090909091,10,10,CGCAGTGTAATTGAGGTATG,0,4504615
yahC_predicted,0.09090909090909091,10,10,CGCAGGGGACTCAGCCCCAT,0,4496785
yahC_predicted,0.09090909090909091,10,10,CGCAAGGTTACGAGACTGTT,0,4500568
yahC_predicted,0.09090909090909091,10,10,CGATTTTTAGGTTACTTTGA,0,4501533
yahC_predicted,0.09090909090909091,10,10,CGATTTGTGACCCTAAATGT,0,4512080
yahC_predicted,0.09090909090909091,10,10,CGATGCTTCCAATTGCCGGA,0,4485600
yahC_predicted,0.09090909090909091,10,10,CGATATAATAGCTGGTTAAG,0,4495617
yahC_predicted,0.09090909090909091,10,10,CGATACGCCTGTTATCGCAG,0,4473691
yahC_predicted,0.09090909090909091,10,10,CGACGCCCCCCTTGTCCGGA,0,4498895
yahC_predicted,0.09090909090909091,10,10,CGACCGCGGTAGGGTCGGTA,0,4496250
yahC_predicted,0.09090909090909091,10,10,CCTTTGCTTATAGGGTCTTT,0,4488899
yahC_predicted,0.09090909090909091,10,10,CCTGTCTTTTTCCGGGAAGA,0,4483806
yahC_predicted,0.09090909090909091,10,10,CCTGATTGTCTTACATCACA,0,4498922
yahC_predicted,0.09090909090909091,10,10,CCTGACTCCTTGGGCATATG,0,4497250
yahC_predicted,0.09090909090909091,10,10,CCTCGTGTCCGATCCAAACG,0,4476206
yahC_predicted,0.09090909090909091,10,10,CCTAAATCATCGTTGAGGGT,0,4498814
yahC_predicted,0.09090909090909091,10,10,CCGTAATTGCCGCCAGACCT,0,4492895
yahC_predicted,0.09090909090909091,10,10,CCGGGTTATTTTGGTAGTAT,0,4500052
yahC_predicted,0.09090909090909091,10,10,CCGGCGGACTATGGGATTCT,0,4501046
yahC_predicted,0.09090909090909091,10,10,CCGGCCTCAGGCGGTAGGAA,0,4472466
yahC_predicted,0.09090909090909091,10,10,CCGAGCGGTGGTAATCTATA,0,4494987
yahC_predicted,0.09090909090909091,10,10,CCCGCCTATTGAGTATATTC,0,4490283
yahC_predicted,0.09090909090909091,10,10,CCCATATGGTGACGAAGTAG,0,4478179
yahC_predicted,0.09090909090909091,10,10,CCCAGGACGGAGCTGGCTCG,0,4509127
yahC_predicted,0.09090909090909091,10,10,CCATTAATAGTACTCTTAGA,0,4485123
yahC_predicted,0.09090909090909091,10,10,CCATTAACCTTAGCAGGTTG,0,4478618
yahC_predicted,0.09090909090909091,10,10,CCATGCATGAACAAGGTTAA,0,4493566
yahC_predicted,0.09090909090909091,10,10,CCATATCGGTCACACGAGGG,0,4506770
yahC_predicted,0.09090909090909091,10,10,CCACAGGCGTTAGAGGGGGA,0,4486217
yahC_predicted,0.09090909090909091,10,10,CCAAGTATAGCTCCTCGTGT,0,4493502
yahC_predicted,0.09090909090909091,10,10,CCAAGCCGTGCGTGGCGCTT,0,4480905
yahC_predicted,0.09090909090909091,10,10,CCAAGATAGCGAATATCAGT,0,4507728
yahC_predicted,0.09090909090909091,10,10,CCAAACTACTACCTGGGGGG,0,4479264
yahC_predicted,0.09090909090909091,10,10,CATTTAATTTCCACGTCCGA,0,4495747
yahC_predicted,0.09090909090909091,10,10,CATGGTGATTCCTTAATAAG,0,4511089
yahC_predicted,0.09090909090909091,10,10,CATCGAATTGGAAGTACGTT,0,4489148
yahC_predicted,0.09090909090909091,10,10,CATAGCCCGTAGCCTAGAAA,0,4484609
yahC_predicted,0.09090909090909091,10,10,CAGTAGGATGAAGCCCCAGG,0,4479499
yahC_predicted,0.09090909090909091,10,10,CAGGCTCTGATGACATGCCA,0,4499678
yahC_predicted,0.09090909090909091,10,10,CAGAGCAGCCCACGATGACT,0,4489488
yahC_predicted,0.09090909090909091,10,10,CACTCTGGCGGCCACCTACT,0,4476023
yahC_predicted,0.09090909090909091,10,10,CACTCCTGCTAGCGTTCTGA,0,4507413
yahC_predicted,0.09090909090909091,10,10,CACGGTGAAGTTCTGGAGTG,0,4490769
yahC_predicted,0.09090909090909091,10,10,CACGGGGAGTACGCCCGATA,0,4475250
yahC_predicted,0.09090909090909091,10,10,CACGGGACCACATTCTGACA,0,4481617
yahC_predicted,0.09090909090909091,10,10,CACGAGACTGGATTGGTTGT,0,4506905
yahC_predicted,0.09090909090909091,10,10,CACGAACACGACGAGCGTCT,0,4492365
yahC_predicted,0.09090909090909091,10,10,CACATCTCACACAGGCTGGA,0,4477290
yahC_predicted,0.09090909090909091,10,10,CACAGACATACGTGCATAGT,0,4476471
yahC_predicted,0.09090909090909091,10,10,CACACAGGTAAGCCCGCGCA,0,4501242
yahC_predicted,0.09090909090909091,10,10,CAATCGCCTGACGCGCACCC,0,4506080
yahC_predicted,0.09090909090909091,10,10,CAAGGTTTTTATTCCATCTT,0,4494986
yahC_predicted,0.09090909090909091,10,10,CAAGCCAGAAAGCTATCCAT,0,4483722
yahC_predicted,0.09090909090909091,10,10,CAACTTTTATGCGCATTTGC,0,4496516
yahC_predicted,0.09090909090909091,10,10,CAACACGATAACCTGAGTCA,0,4489980
yahC_predicted,0.09090909090909091,10,10,CAAATGCGCGCTGGCTGGGG,0,4491673
yahC_predicted,0.09090909090909091,10,10,CAAAGAAATTGAAACGGCAG,0,4473573
yahC_predicted,0.09090909090909091,10,10,ATTTCTCCGGGATTGCAGGG,0,4479747
yahC_predicted,0.09090909090909091,10,10,ATTGGAGCGGAGTCAGGAGC,0,4478564
yahC_predicted,0.09090909090909091,10,10,ATTGGACTGGGACTGACCGG,0,4501490
yahC_predicted,0.09090909090909091,10,10,ATTGATCAGACATGTCACAT,0,4504272
yahC_predicted,0.09090909090909091,10,10,ATTGAAGCTTGCCTAGGTTC,0,4494503
yahC_predicted,0.09090909090909091,10,10,ATTCGGAATACTGTTAACCA,0,4475080
yahC_predicted,0.09090909090909091,10,10,ATTCCTATCTGGCCCGTCTC,0,4508967
yahC_predicted,0.09090909090909091,10,10,ATTATTGGGATCGCTCACCT,0,4488799
yahC_predicted,0.09090909090909091,10,10,ATTAAAGTTGGTGTGCGAAT,0,4472469
yahC_predicted,0.09090909090909091,10,10,ATGTTACGGCATTGGCTCCA,0,4504296
yahC_predicted,0.09090909090909091,10,10,ATGTTAAGGAGTGTAGTTTA,0,4472958
yahC_predicted,0.09090909090909091,10,10,ATGTCCCGTCGCTGAGGGTC,0,4504075
yahC_predicted,0.09090909090909091,10,10,ATGGCCCGAACACGGAAGCA,0,4502976
yahC_predicted,0.09090909090909091,10,10,ATGGAATTGTACGATACAAC,0,4479144
yahC_predicted,0.09090909090909091,10,10,ATGGAAGCTGCGTCTCGCTC,0,4509634
yahC_predicted,0.09090909090909091,10,10,ATGATCCGTGCTAACATTGG,0,4500400
yahC_predicted,0.09090909090909091,10,10,ATCTGGCAAGTGTAGGCTTC,0,4502342
yahC_predicted,0.09090909090909091,10,10,ATCTCCTTCGTTGCTGGGTT,0,4491266
yahC_predicted,0.09090909090909091,10,10,ATCTAGTCCCCGTACGGGGT,0,4492304
yahC_predicted,0.09090909090909091,10,10,ATCGGGTACCGACAAGGATA,0,4479839
yahC_predicted,0.09090909090909091,10,10,ATCCTCCCCGTTTAGGAGCT,0,4484584
yahC_predicted,0.09090909090909091,10,10,ATCCCGGGTATGGAGTCATA,0,4501633
yahC_predicted,0.09090909090909091,10,10,ATCCCGCATGTACCCAAGGT,0,4507187
yahC_predicted,0.09090909090909091,10,10,ATATCGAGCGCCGAATGGTT,0,4493720
yahC_predicted,0.09090909090909091,10,10,ATAGAGTTCTCAAGGCGTCT,0,4483464
yahC_predicted,0.09090909090909091,10,10,ATACAGCGGTTTATCAAGAA,0,4480971
yahC_predicted,0.09090909090909091,10,10,ATAAAGAGAAAATTCCACTC,0,4484579
yahC_predicted,0.09090909090909091,10,10,ATAAACATGGCATTTCTCCG,0,4477897
yahC_predicted,0.09090909090909091,10,10,AGTTGGGATCTCGTACGGAT,0,4502989
yahC_predicted,0.09090909090909091,10,10,AGTTCATATAGTCGGTCATG,0,4506517
yahC_predicted,0.09090909090909091,10,10,AGTTCAATACTAGCAGTAAG,0,4500531
yahC_predicted,0.09090909090909091,10,10,AGTGGCCCTCGGGGCGATTT,0,4503396
yahC_predicted,0.09090909090909091,10,10,AGTGCGCCAGCACCGCCCCC,0,4472862
yahC_predicted,0.09090909090909091,10,10,AGTCTCGTCAGAATAATTAG,0,4496399
yahC_predicted,0.09090909090909091,10,10,AGTCTCGTAAAGGTGCCAGG,0,4477209
yahC_predicted,0.09090909090909091,10,10,AGTCGCGCTGAACTGCCTCG,0,4476257
yahC_predicted,0.09090909090909091,10,10,AGTCAATATCTTCTTTCCAC,0,4489150
yahC_predicted,0.09090909090909091,10,10,AGTATATACTCAAATCGAGA,0,4504172
yahC_predicted,0.09090909090909091,10,10,AGTAGATGCGGACTGCTGGA,0,4495805
yahC_predicted,0.09090909090909091,10,10,AGTACGTCGCGGGGCAGTGT,0,4482867
yahC_predicted,0.09090909090909091,10,10,AGGGGATACTCCAATAGGGA,0,4481757
yahC_predicted,0.09090909090909091,10,10,AGGGATTGGCCAAGCAATCT,0,4492821
yahC_predicted,0.09090909090909091,10,10,AGGGATTAATTGGGCAGATA,0,4508751
yahC_predicted,0.09090909090909091,10,10,AGGCTAGATTGTGTTGGTAC,0,4478837
yahC_predicted,0.09090909090909091,10,10,AGGCGTGCGGGTCTATGTGA,0,4477325
yahC_predicted,0.09090909090909091,10,10,AGGCGAGATACTGATGTCAC,0,4481584
yahC_predicted,0.09090909090909091,10,10,AGGCCGAACCGTAGATCCAA,0,4479330
yahC_predicted,0.09090909090909091,10,10,AGCGAGATCCTCCTTCGTTC,0,4485895
yahC_predicted,0.09090909090909091,10,10,AGCCTCGTGTGCACGGTTAC,0,4504345
yahC_predicted,0.09090909090909091,10,10,AGCCAATATGCGATGCATTC,0,4502521
yahC_predicted,0.09090909090909091,10,10,AGCATCACATCCTGGATCTG,0,4485589
yahC_predicted,0.09090909090909091,10,10,AGCACTGAAGTGTAGCATAT,0,4481391
yahC_predicted,0.09090909090909091,10,10,AGAGTTTAATGGGATACGGT,0,4489679
yahC_predicted,0.09090909090909091,10,10,AGAGGACAGTAAGCAGTATT,0,4474815
yahC_predicted,0.09090909090909091,10,10,AGACTTCTTCGGAGCATTTT,0,4500282
yahC_predicted,0.09090909090909091,10,10,AGACTGGCTAGTAAACCGTA,0,4505621
yahC_predicted,0.09090909090909091,10,10,AGACCGGCAGTGCACTGATG,0,4489121
yahC_predicted,0.09090909090909091,10,10,AGACACCTAGACCACAGCTT,0,4474671
yahC_predicted,0.09090909090909091,10,10,AGACAAAAGAACGTGGCCAA,0,4481393
yahC_predicted,0.09090909090909091,10,10,AGAATAAAGCAGGCAACTAG,0,4501417
yahC_predicted,0.09090909090909091,10,10,AGAAGTTCGATTGCTTCAGG,0,4509850
yahC_predicted,0.09090909090909091,10,10,AGAACTAAGCTCTAGTGCCA,0,4496406
yahC_predicted,0.09090909090909091,10,10,AGAACCTTAGGTCATGTGGG,0,4508645
yahC_predicted,0.09090909090909091,10,10,AGAAAAGTAAAGAGCAATTC,0,4502439
yahC_predicted,0.09090909090909091,10,10,ACTTGATGACCCAAAAGGCG,0,4510853
yahC_predicted,0.09090909090909091,10,10,ACTTAGGGGTTAAGAAGAGT,0,4496872
yahC_predicted,0.09090909090909091,10,10,ACTTAGCTCACGTCCGGTAT,0,4476551
yahC_predicted,0.09090909090909091,10,10,ACTGATGCACGAAGGCTACG,0,4487790
yahC_predicted,0.09090909090909091,10,10,ACTCTTCCTTTCAGACACCA,0,4496450
yahC_predicted,0.09090909090909091,10,10,ACTACGGCGTAATGGAGCAT,0,4498144
yahC_predicted,0.09090909090909091,10,10,ACTACGACGGAGGACCCACA,0,4489177
yahC_predicted,0.09090909090909091,10,10,ACTACCTGAACCAGACTACT,0,4476645
yahC_predicted,0.09090909090909091,10,10,ACTACATGGATGTAAGGACT,0,4499700
yahC_predicted,0.09090909090909091,10,10,ACTAAGTGAGTGGCTTTGAA,0,4482427
yahC_predicted,0.09090909090909091,10,10,ACGTTCTTGATTGTGGAGGG,0,4474413
yahC_predicted,0.09090909090909091,10,10,ACGTCTTTATTTACCCAAGT,0,4485367
yahC_predicted,0.09090909090909091,10,10,ACGAGAGGCTTTAAGTAACT,0,4492324
yahC_predicted,0.09090909090909091,10,10,ACCTTCCATTTCTGGCAGAC,0,4507666
yahC_predicted,0.09090909090909091,10,10,ACCTGGGTGTGGTGGCAGCT,0,4488797
yahC_predicted,0.09090909090909091,10,10,ACCGTACGGACTTTGGCCCG,0,4475468
yahC_predicted,0.09090909090909091,10,10,ACCGCGCACTGCATCCGAAT,0,4485620
yahC_predicted,0.09090909090909091,10,10,ACCCTTGGGCACTCAACGTG,0,4510804
yahC_predicted,0.09090909090909091,10,10,ACCCTAGACGGCATAGTCGT,0,4480780
yahC_predicted,0.09090909090909091,10,10,ACAGTCTTCGATAGACGGTA,0,4480248
yahC_predicted,0.09090909090909091,10,10,ACACTGCGCGATGTATTCCT,0,4508442
yahC_predicted,0.09090909090909091,10,10,ACACCGCAGACGCTTGATTT,0,4511023
yahC_predicted,0.09090909090909091,10,10,ACAAGCTACAATCTGCACCT,0,4478054
yahC_predicted,0.09090909090909091,10,10,AATTTCCTGTGGAAAGCGAA,0,4497451
yahC_predicted,0.09090909090909091,10,10,AATTAAGGTTATCGTAAATC,0,4491684
yahC_predicted,0.09090909090909091,10,10,AATGCGTGCCTTTGAGCCAG,0,4488470
yahC_predicted,0.09090909090909091,10,10,AATATTGATACATTGGTCAG,0,4481071
yahC_predicted,0.09090909090909091,10,10,AATAGGGGGAAGGTTCATAT,0,4483069
yahC_predicted,0.09090909090909091,10,10,AAGTTGTATCTGTACAACAA,0,4494552
yahC_predicted,0.09090909090909091,10,10,AAGTGTGATTAGCATCCAAC,0,4477010
yahC_predicted,0.09090909090909091,10,10,AAGTCTCTCGTGTCCATCAG,0,4493485
yahC_predicted,0.09090909090909091,10,10,AAGACTTGATTAGTAGCACA,0,4492363
yahC_predicted,0.09090909090909091,10,10,AAGACCAGAGCCCATACGTA,0,4490420
yahC_predicted,0.09090909090909091,10,10,AAGACCAACACATTGATACC,0,4494951
yahC_predicted,0.09090909090909091,10,10,AACTCTACACCATGTCGTAT,0,4493019
yahC_predicted,0.09090909090909091,10,10,AACGGAGTCCTTTCTGCAAT,0,4508395
yahC_predicted,0.09090909090909091,10,10,AACGAAGGCGTCACGGTATG,0,4489834
yahC_predicted,0.09090909090909091,10,10,AACCTGCTTTGTTTCCGTAG,0,4493222
yahC_predicted,0.09090909090909091,10,10,AACCATGCTGGTGAATATGT,0,4492190
yahC_predicted,0.09090909090909091,10,10,AACCACTGCGCCCTATCGGC,0,4502744
yahC_predicted,0.09090909090909091,10,10,AACACTACCGTGGGCGCCCT,0,4479114
yahC_predicted,0.09090909090909091,10,10,AACACGTGCCGGACGCACGC,0,4483497
yahC_predicted,0.09090909090909091,10,10,AAATTTGTAGCTATGAATTA,0,4482702
yahC_predicted,0.09090909090909091,10,10,AAATGATCTCTCTTGTGTCT,0,4482849
yahC_predicted,0.09090909090909091,10,10,AAACTCTTATGGTCAGAAGT,0,4488826
yahC_predicted,0.09090909090909091,10,10,AAACGGATCTAGCCGCAGTT,0,4498648
yahC_predicted,0.09090909090909091,10,10,AAAACCAAAGTGTTTGCAGC,0,4495243
yahC_predicted,0.1,9,9,TTTTAGTGCCGGTTGGTGTG,0,4493263
yahC_predicted,0.1,9,9,TTTTAGGTAGACGATGCGGT,0,4507129
yahC_predicted,0.1,9,9,TTTGTAAGCCGGGATTCCTT,0,4496550
yahC_predicted,0.1,9,9,TTTGGAGAAAATTATACATG,0,4486831
yahC_predicted,0.1,9,9,TTTGCTAGTCAGTTGTCGTC,0,4472504
yahC_predicted,0.1,9,9,TTTCATCGTCGCAGCCATAG,0,4492106
yahC_predicted,0.1,9,9,TTTACTAGGAGCGGCGGCGG,0,4483987
yahC_predicted,0.1,9,9,TTGTGCCAGCCGTTTCGTCC,0,4487502
yahC_predicted,0.1,9,9,TTGTCAGACCTGTTTTTATA,0,4482561
yahC_predicted,0.1,9,9,TTGGGTTCGCAACACTCAAT,0,4504038
yahC_predicted,0.1,9,9,TTGGGCACTCTTCGTGTATA,0,4500700
yahC_predicted,0.1,9,9,TTGGCCGAGTACGACATGGT,0,4510485
yahC_predicted,0.1,9,9,TTGGACGGAGATGGTCCATT,0,4475691
yahC_predicted,0.1,9,9,TTGGAAGGCGCACAGCAGTA,0,4501403
yahC_predicted,0.1,9,9,TTGCATGGTTCTGAGTCGAG,0,4484460
yahC_predicted,0.1,9,9,TTGCACAGGCGCATGCTCGC,0,4492738
yahC_predicted,0.1,9,9,TTGAGCGAATGTGTCCATCT,0,4476900
yahC_predicted,0.1,9,9,TTCTTAGAAGGATTCACATT,0,4489187
yahC_predicted,0.1,9,9,TTCCGACTCGTCCGACGTAA,0,4510372
yahC_predicted,0.1,9,9,TTCCCGTCTTATCACTCTGA,0,4499719
yahC_predicted,0.1,9,9,TTATTTAGAAAGCGCTCTTT,0,4505836
yahC_predicted,0.1,9,9,TTATGCGATGCGTGCGCCTC,0,4502680
yahC_predicted,0.1,9,9,TTAGGAACTCCTTGGACTTA,0,4501419
yahC_predicted,0.1,9,9,TTACTGACGATGTAAACTAA,0,4493467
yahC_predicted,0.1,9,9,TTACGTATAACCGCGGGGCA,0,4507727
yahC_predicted,0.1,9,9,TTACCCCGCCGTGGCAATGC,0,4505647
yahC_predicted,0.1,9,9,TTAAAATGAGTGCACCCATT,0,4474239
yahC_predicted,0.1,9,9,TGTCTTTTAATAGCGTGCGT,0,4484080
yahC_predicted,0.1,9,9,TGTCTTCCTTCGGTTAGGAA,0,4484158
yahC_predicted,0.1,9,9,TGTCAGGACGCCTGTCCCTA,0,4504378
yahC_predicted,0.1,9,9,TGTATGCATTTTCAATTCTG,0,4484259
yahC_predicted,0.1,9,9,TGTAACGCTTTCTGGGTAGG,0,4508518
yahC_predicted,0.1,9,9,TGGTCTGTTTGTTATTCGAA,0,4492637
yahC_predicted,0.1,9,9,TGGCGTCCGATGGTGGGGGG,0,4506075
yahC_predicted,0.1,9,9,TGGCGTATTATATCTTCTCC,0,4475309
yahC_predicted,0.1,9,9,TGGCCAGATAGATTTATGCC,0,4500051
yahC_predicted,0.1,9,9,TGGAGTAATCAGCCCAGAAT,0,4492600
yahC_predicted,0.1,9,9,TGCTGGGCTAGCCCTCCAAA,0,4478808
yahC_predicted,0.1,9,9,TGCTCTGCTTAGCGAATGTG,0,4488985
yahC_predicted,0.1,9,9,TGCTAGGAGGACCTTCCACC,0,4475794
yahC_predicted,0.1,9,9,TGCGGACAGTGTGCCATTTT,0,4473580
yahC_predicted,0.1,9,9,TGCGCATTGTTGATATGGTG,0,4473441
yahC_predicted,0.1,9,9,TGCCTGAAGAACGTGAGAGA,0,4505719
yahC_predicted,0.1,9,9,TGCCCCTATCTAGCCCCGTT,0,4501762
yahC_predicted,0.1,9,9,TGATCTCGTGCGACTCGGCC,0,4475185
yahC_predicted,0.1,9,9,TGATATGGGTACCGCCCCCC,0,4480392
yahC_predicted,0.1,9,9,TGACGGCTTGTTAGGAACAG,0,4485164
yahC_predicted,0.1,9,9,TGAATTACCCCTGGCCGGGG,0,4497636
yahC_predicted,0.1,9,9,TGAATCATAAGATTGGCATG,0,4502278
yahC_predicted,0.1,9,9,TGAAATTATGCGTGACTTAC,0,4479337
yahC_predicted,0.1,9,9,TCTTAGGTGAGCAAAGGTTC,0,4501346
yahC_predicted,0.1,9,9,TCTTAAACGATTTCTTATAA,0,4498598
yahC_predicted,0.1,9,9,TCTGTTTTAACTGAAATGCT,0,4485319
yahC_predicted,0.1,9,9,TCTGACTTTCCACCCTGGTA,0,4497351
yahC_predicted,0.1,9,9,TCTCGTTAATATAAGTGTGA,0,4489640
yahC_predicted,0.1,9,9,TCTCACGTAGACGCGGCCAC,0,4485025
yahC_predicted,0.1,9,9,TCGTTCATAAATTCCAGTAT,0,4498150
yahC_predicted,0.1,9,9,TCGGGTTTTGGAGGGAACCT,0,4494736
yahC_predicted,0.1,9,9,TCGGCATGGTTTCCTATTCC,0,4499237
yahC_predicted,0.1,9,9,TCGGCACCAGTATTAACTGT,0,4489451
yahC_predicted,0.1,9,9,TCGGAGGCGAATGCGCGGAG,0,4511484
yahC_predicted,0.1,9,9,TCGCCGCGCGCTAAATCACT,0,4481697
yahC_predicted,0.1,9,9,TCGCACATTCGTGGCGATGG,0,4510676
yahC_predicted,0.1,9,9,TCGAGGGGATATTCAGGCGT,0,4483059
yahC_predicted,0.1,9,9,TCGAGCTATAGCAGCGCTTA,0,4473257
yahC_predicted,0.1,9,9,TCCTGTAGCTAGGCACAATG,0,4481179
yahC_predicted,0.1,9,9,TCCTGCGCTACTTGGCGAGT,0,4483099
yahC_predicted,0.1,9,9,TCCTCCACGCAGCCGCGTCA,0,4474094
yahC_predicted,0.1,9,9,TCCTATCGTATTGTTCGTCA,0,4473067
yahC_predicted,0.1,9,9,TCCGTAAGTCCTGCTCCAAT,0,4488451
yahC_predicted,0.1,9,9,TCCGCTTTATTGTTGATAAC,0,4486864
yahC_predicted,0.1,9,9,TCCCTGAGAGATAGACCCCG,0,4505996
yahC_predicted,0.1,9,9,TCCCTAGCACGAGCCTACAT,0,4499790
yahC_predicted,0.1,9,9,TCCATTAAACAATTGAGGTT,0,4499270
yahC_predicted,0.1,9,9,TCATAACTTGAGAACAAGCT,0,4498324
yahC_predicted,0.1,9,9,TCACGGGACCGGCAGTCGCA,0,4493275
yahC_predicted,0.1,9,9,TCACACTTACCCGCGCAGCA,0,4508412
yahC_predicted,0.1,9,9,TCAAGAGGAGAACAGCCAAA,0,4504558
yahC_predicted,0.1,9,9,TATTTCGCGTTTAAAGCCCT,0,4488572
yahC_predicted,0.1,9,9,TATGTGGATCGTGCGGCAGG,0,4502699
yahC_predicted,0.1,9,9,TATGGATCTCACAATGTCTT,0,4507917
yahC_predicted,0.1,9,9,TATGGAGCTACTGATTCTTC,0,4481424
yahC_predicted,0.1,9,9,TATGGAGAGGATCTCAGCTC,0,4485823
yahC_predicted,0.1,9,9,TATCCCGGTTCCGGCGTTTG,0,4487465
yahC_predicted,0.1,9,9,TATACCTTTCCTCGACAACT,0,4473752
yahC_predicted,0.1,9,9,TAGTATGGTGCAAGGCCTTA,0,4499793
yahC_predicted,0.1,9,9,TAGGGCGAATCTAGCTGGGA,0,4507439
yahC_predicted,0.1,9,9,TAGGAAAGAAAATTCTTACA,0,4507514
yahC_predicted,0.1,9,9,TAGCTTTTTAAGGACCACGG,0,4511791
yahC_predicted,0.1,9,9,TAGAGCTGTGTCACAATCAG,0,4480628
yahC_predicted,0.1,9,9,TACTTAGCTCATGGCCTGTG,0,4491585
yahC_predicted,0.1,9,9,TACTGGATAGGATAAGATAG,0,4496393
yahC_predicted,0.1,9,9,TACTCCTGAAATGGTGCTTC,0,4483853
yahC_predicted,0.1,9,9,TACTATCCGACGGAAGTGAG,0,4499809
yahC_predicted,0.1,9,9,TACGCGACCCTTTATTTCCA,0,4488930
yahC_predicted,0.1,9,9,TACGCATATGCGCATAGGAC,0,4501587
yahC_predicted,0.1,9,9,TACCGAATTATGGGCCACCC,0,4508727
yahC_predicted,0.1,9,9,TACACGTAAGACCGGCAGAG,0,4474545
yahC_predicted,0.1,9,9,TACACGGCGTTTCAAGAGCT,0,4502363
yahC_predicted,0.1,9,9,TAAGCCTCTCTGTAAATTTC,0,4499848
yahC_predicted,0.1,9,9,TAAACTTTCGCTAGCGAATT,0,4492893
yahC_predicted,0.1,9,9,TAAACTGAGATGTTTGCAGT,0,4483569
yahC_predicted,0.1,9,9,TAAAATCTTGGGCTTCATGT,0,4473215
yahC_predicted,0.1,9,9,GTTTCACCTTGTCGAGGTAC,0,4509987
yahC_predicted,0.1,9,9,GTTGTCTCTGAAGTGCCGAT,0,4505705
yahC_predicted,0.1,9,9,GTTGCGCCTGATCGGGATGT,0,4493257
yahC_predicted,0.1,9,9,GTTCGACTTCACCATAACAA,0,4491708
yahC_predicted,0.1,9,9,GTTACCAATGGTTTTACTCA,0,4489490
yahC_predicted,0.1,9,9,GTGTTGGGATTGTCTGTTGT,0,4503043
yahC_predicted,0.1,9,9,GTGTCCTTCTGAAACCACAG,0,4484969
yahC_predicted,0.1,9,9,GTGTATTCATTTATTGGCTG,0,4490471
yahC_predicted,0.1,9,9,GTGGGCGGATTGCGACCTAG,0,4498893
yahC_predicted,0.1,9,9,GTGGCTCGATGGACGGTGGC,0,4501998
yahC_predicted,0.1,9,9,GTGGAGTAAAAAGGTGATCG,0,4482040
yahC_predicted,0.1,9,9,GTGGAGGGTGACATTCGGAC,0,4486885
yahC_predicted,0.1,9,9,GTGCCTGTATAAGCGGTCTT,0,4493881
yahC_predicted,0.1,9,9,GTGATGCTTTGACGCACATC,0,4481029
yahC_predicted,0.1,9,9,GTGACGTATGACTTTCTGTA,0,4501720
yahC_predicted,0.1,9,9,GTGACCGCAGTGCCAGCTGC,0,4508706
yahC_predicted,0.1,9,9,GTCTTAGCGTTGTGCCTATG,0,4493079
yahC_predicted,0.1,9,9,GTCTGAATAAAGTCAGCCGA,0,4483387
yahC_predicted,0.1,9,9,GTCGGGTATCCTTAAACGAT,0,4484280
yahC_predicted,0.1,9,9,GTCGAGTCTGGGCCTCCAAC,0,4500288
yahC_predicted,0.1,9,9,GTCCTGGAGATCGGGGCCTC,0,4485028
yahC_predicted,0.1,9,9,GTCCGTCACGGCGGTGGGAT,0,4473574
yahC_predicted,0.1,9,9,GTCAACAATCCGGGTGACTT,0,4506612
yahC_predicted,0.1,9,9,GTATTTATCTTTTCAGTAGC,0,4485365
yahC_predicted,0.1,9,9,GTATTGTGAGCGTGAAGGGT,0,4476564
yahC_predicted,0.1,9,9,GTATGGTGCTTGTGATGATA,0,4486451
yahC_predicted,0.1,9,9,GTATGACGAGCGGGAGCAAC,0,4479979
yahC_predicted,0.1,9,9,GTATCGCTACTTCTCGGCGT,0,4475298
yahC_predicted,0.1,9,9,GTATCAGGCGCACCACCTCA,0,4493782
yahC_predicted,0.1,9,9,GTATATCCACCCGATCGACA,0,4483439
yahC_predicted,0.1,9,9,GTAGTGTCTACGCAAAAGTA,0,4507746
yahC_predicted,0.1,9,9,GTAGGCAGGGTGTGGATCGC,0,4496196
yahC_predicted,0.1,9,9,GTACCTCTACCGCGGAACAT,0,4503371
yahC_predicted,0.1,9,9,GTACAGACGTCTACTTGGGT,0,4511082
yahC_predicted,0.1,9,9,GTAAGCTTTGGTCCTGAGTC,0,4480395
yahC_predicted,0.1,9,9,GGTGCTGTCATCGCACTACG,0,4483100
yahC_predicted,0.1,9,9,GGTCCGCTAATAAATCTACT,0,4476004
yahC_predicted,0.1,9,9,GGTCAGGGCGACTGGAGGTC,0,4479422
yahC_predicted,0.1,9,9,GGTATGGTTCCCAGCTGGAG,0,4476098
yahC_predicted,0.1,9,9,GGTAAGGCCCATCGGGACTC,0,4495921
yahC_predicted,0.1,9,9,GGGTTTGTGCACTTCAAGAA,0,4499354
yahC_predicted,0.1,9,9,GGGTGTTCAAAAGCAAAGGT,0,4477446
yahC_predicted,0.1,9,9,GGGGTGTAGAATGGAAACGG,0,4494355
yahC_predicted,0.1,9,9,GGGCTGCACTCCAAGAGCCC,0,4507017
yahC_predicted,0.1,9,9,GGGATAGCAGGTACTTAGTG,0,4502346
yahC_predicted,0.1,9,9,GGGAGGAGTGGAGTTCTGGC,0,4490833
yahC_predicted,0.1,9,9,GGGAATGCATGCGGGTATGC,0,4479762
yahC_predicted,0.1,9,9,GGCTTCGCGCATAGTGTTCC,0,4511667
yahC_predicted,0.1,9,9,GGCTTATGATCCCACGTTAT,0,4483190
yahC_predicted,0.1,9,9,GGCTCGTTGGGGCAACGAGC,0,4478877
yahC_predicted,0.1,9,9,GGCTCCGAGATCGAATAGTC,0,4485147
yahC_predicted,0.1,9,9,GGCGTTCGGGGGTAGTGCCT,0,4486460
yahC_predicted,0.1,9,9,GGCCACTCGAAGACTATCAG,0,4507923
yahC_predicted,0.1,9,9,GGATTATCGAGCTGTTCTGT,0,4493140
yahC_predicted,0.1,9,9,GGATGGAGCTACCACGTTTT,0,4485423
yahC_predicted,0.1,9,9,GGAGTGGGCGGGTGACCTAG,0,4491226
yahC_predicted,0.1,9,9,GGAGTGGCCATAAGCCATTG,0,4487861
yahC_predicted,0.1,9,9,GGAAGCGATACCATTGAATC,0,4500598
yahC_predicted,0.1,9,9,GCTTATTGGGACACTCTAGT,0,4504729
yahC_predicted,0.1,9,9,GCTGTTGGCCGTGCACAAGA,0,4498712
yahC_predicted,0.1,9,9,GCTGGATAACTACATTCGAC,0,4508729
yahC_predicted,0.1,9,9,GCTGGACTTCGGTTATCCCA,0,4496271
yahC_predicted,0.1,9,9,GCTCTCAAAGTCGCGTGTGT,0,4474819
yahC_predicted,0.1,9,9,GCTCCGTAGCTCATTAGACA,0,4479585
yahC_predicted,0.1,9,9,GCGTGTACGTCTAGGCGTGG,0,4474304
yahC_predicted,0.1,9,9,GCGGTCGTGACCGATTTAGA,0,4508415
yahC_predicted,0.1,9,9,GCGCTTCGTCAATTTTGCAG,0,4473426
yahC_predicted,0.1,9,9,GCGCCGGATTACCGGTGGCC,0,4511378
yahC_predicted,0.1,9,9,GCCTGGGGGGAAGTTTTGCA,0,4489286
yahC_predicted,0.1,9,9,GCCTGCCCGATATGGTACTA,0,4495481
yahC_predicted,0.1,9,9,GCCGTAGTACATCGGGGTGG,0,4487083
yahC_predicted,0.1,9,9,GCCGCGCCCAGTATCTCGCC,0,4480629
yahC_predicted,0.1,9,9,GCCGCCGCAACCGGGGGTAG,0,4494484
yahC_predicted,0.1,9,9,GCCCCCAGCGTCTTTTCTGC,0,4477397
yahC_predicted,0.1,9,9,GCCATCCTACTGCATCTAAT,0,4495749
yahC_predicted,0.1,9,9,GCATTGGAACGTCACGTTTA,0,4490175
yahC_predicted,0.1,9,9,GCAGTCGCATGCTAGGGACG,0,4498184
yahC_predicted,0.1,9,9,GCAGTCCGGTTAGAGGGTAG,0,4480340
yahC_predicted,0.1,9,9,GCAGCGGTCGCATGTTTTAA,0,4495079
yahC_predicted,0.1,9,9,GCACATATACGCTTGCAAGA,0,4488945
yahC_predicted,0.1,9,9,GCACAGATCCACTCGTTAAT,0,4474890
yahC_predicted,0.1,9,9,GCAACGGTTCAACACGAGTC,0,4489613
yahC_predicted,0.1,9,9,GATTCAGTGGTGCCGGCCAG,0,4498772
yahC_predicted,0.1,9,9,GATGGAACGCAGCGTCGCGA,0,4488316
yahC_predicted,0.1,9,9,GATGCATGGCGTTACCGATC,0,4475950
yahC_predicted,0.1,9,9,GAGTTATGAAGCGGAGTATG,0,4503531
yahC_predicted,0.1,9,9,GAGTTAGGATGCTTGGATTG,0,4478559
yahC_predicted,0.1,9,9,GAGTTAAGCGAAGTCAGACG,0,4482099
yahC_predicted,0.1,9,9,GAGTGGGCCTTCCAGTGGTT,0,4489420
yahC_predicted,0.1,9,9,GAGGTTTACCCTAGCTGGCG,0,4484193
yahC_predicted,0.1,9,9,GAGGGGCGGTCCACGGATTT,0,4492896
yahC_predicted,0.1,9,9,GAGCTATGAAAAGGCAGGAG,0,4479592
yahC_predicted,0.1,9,9,GAGCAGAAAGCATAGCCTCA,0,4508581
yahC_predicted,0.1,9,9,GAGACGAATCGCTTAACTAT,0,4511598
yahC_predicted,0.1,9,9,GAGAAATTGGACCCTCACGA,0,4490805
yahC_predicted,0.1,9,9,GAGAAACAGCGTAATGTTAC,0,4508231
yahC_predicted,0.1,9,9,GACTCATGGTTCATGAGCTT,0,4482210
yahC_predicted,0.1,9,9,GACTACCGTGCATCTAGCGC,0,4472699
yahC_predicted,0.1,9,9,GACGCTTGATAGAAAGAGCT,0,4511002
yahC_predicted,0.1,9,9,GACCGTTATGCAGATTTGTA,0,4495876
yahC_predicted,0.1,9,9,GACATGTAGTTTCCTAATTG,0,4507662
yahC_predicted,0.1,9,9,GACAGTACTCATAAGGATCA,0,4503314
yahC_predicted,0.1,9,9,GACAATGTGGTTGCTTCGAA,0,4478086
yahC_predicted,0.1,9,9,GAATTACTAAATCTCAGGGT,0,4483798
yahC_predicted,0.1,9,9,GAATAGTAATCAGGCCACCA,0,4496671
yahC_predicted,0.1,9,9,GAAGGGATGCCTGGTGCTCA,0,4498758
yahC_predicted,0.1,9,9,GAACTGGGCACCGAGCAAAT,0,4500767
yahC_predicted,0.1,9,9,GAACGTGTGGACGTCGAGGT,0,4481956
yahC_predicted,0.1,9,9,GAACCATAGGGGTTTATATA,0,4485015
yahC_predicted,0.1,9,9,GAACAACAGACGAGGAGTTC,0,4490038
yahC_predicted,0.1,9,9,CTTTTTGCAACCTGGCCAAC,0,4474635
yahC_predicted,0.1,9,9,CTTGATCAGCGAAATGCGGG,0,4501634
yahC_predicted,0.1,9,9,CTTCGCTTGTGGTCCCCACT,0,4495620
yahC_predicted,0.1,9,9,CTTCGATGGCGAGCCACCCG,0,4500891
yahC_predicted,0.1,9,9,CTTATTGACATTGTCCCAGT,0,4488768
yahC_predicted,0.1,9,9,CTTACCCATTGTCAAGAACA,0,4477811
yahC_predicted,0.1,9,9,CTGTGTAGCTCCTAATCTGC,0,4490244
yahC_predicted,0.1,9,9,CTGGTCACGAATGTTTTGGT,0,4482785
yahC_predicted,0.1,9,9,CTGCGTTAGTCGCGTCTCCT,0,4482053
yahC_predicted,0.1,9,9,CTGCCCCTGTGTGCTGGAGC,0,4491399
yahC_predicted,0.1,9,9,CTGCACCCACGGGGGGGGGT,0,4508904
yahC_predicted,0.1,9,9,CTGATAGTAGTGTCATCTTT,0,4477232
yahC_predicted,0.1,9,9,CTGACCCGGCGAAGTTTCAG,0,4491404
yahC_predicted,0.1,9,9,CTGAACGTCCTGCCTGATCA,0,4474083
yahC_predicted,0.1,9,9,CTCTTCACCTGCGATCGAGT,0,4493260
yahC_predicted,0.1,9,9,CTCTACGGGCAACCGATTTA,0,4488608
yahC_predicted,0.1,9,9,CTCGTCAAATGAAACGTACT,0,4499844
yahC_predicted,0.1,9,9,CTCGACCCCCATTAGGCAAT,0,4475739
yahC_predicted,0.1,9,9,CTCCGTTCAACGTGCGGTAG,0,4492662
yahC_predicted,0.1,9,9,CTCCCGATAGGGTCCGAAAA,0,4498046
yahC_predicted,0.1,9,9,CTCCCAATCTGCTCGAAACT,0,4496980
yahC_predicted,0.1,9,9,CTCATGATTACGGGACCCTG,0,4476715
yahC_predicted,0.1,9,9,CTCAGCCCAAAATATGCTCG,0,4473003
yahC_predicted,0.1,9,9,CTCACGAGACAATTGGTCAG,0,4496211
yahC_predicted,0.1,9,9,CTCACATCATCTTAACCCCC,0,4508491
yahC_predicted,0.1,9,9,CTCAAGTGTTGAGCCGGTGC,0,4482897
yahC_predicted,0.1,9,9,CTATTTAAGCAGGTTTGAGC,0,4491791
yahC_predicted,0.1,9,9,CTATTGGTATGGAATCCGAC,0,4492399
yahC_predicted,0.1,9,9,CTACCTCACTTTATGTTGTC,0,4478420
yahC_predicted,0.1,9,9,CTACCGAAGCGATCACTTAA,0,4490068
yahC_predicted,0.1,9,9,CTAACTTGTTCAGGCATCGG,0,4491405
yahC_predicted,0.1,9,9,CTAAAAGGGTGAGCATCGAG,0,4478574
yahC_predicted,0.1,9,9,CGTTGCTTAACGCGTGCCAA,0,4505386
yahC_predicted,0.1,9,9,CGTTGATGACCAGAGCGGGG,0,4487155
yahC_predicted,0.1,9,9,CGTTAAAGTACCCCTTACAC,0,4476861
yahC_predicted,0.1,9,9,CGTGTGGACCATGAGAGTAT,0,4504803
yahC_predicted,0.1,9,9,CGTGCTCCGAGTTCTTCTTG,0,4493674
yahC_predicted,0.1,9,9,CGTGCGTATTTTGGTGTAAA,0,4498116
yahC_predicted,0.1,9,9,CGTGACTTTCGGCGTAAACA,0,4481717
yahC_predicted,0.1,9,9,CGTCGGTACTACGGATTGCG,0,4510895
yahC_predicted,0.1,9,9,CGTCAATACAACGCTTCGCT,0,4489950
yahC_predicted,0.1,9,9,CGTATATGAGATACCACATA,0,4484519
yahC_predicted,0.1,9,9,CGTAGTTCTAGCTCGGGCCT,0,4485253
yahC_predicted,0.1,9,9,CGTAGTTAAAGCTTATCGTC,0,4475592
yahC_predicted,0.1,9,9,CGTAATGTCGAGCGTGATGT,0,4474230
yahC_predicted,0.1,9,9,CGTAAGCAGCCTAGCGAGTT,0,4494393
yahC_predicted,0.1,9,9,CGGTCAAAACGCCATCCCAC,0,4503735
yahC_predicted,0.1,9,9,CGGGGGTTCAACGTTACGGC,0,4497743
yahC_predicted,0.1,9,9,CGGGGGATATGTGCTACTCA,0,4500317
yahC_predicted,0.1,9,9,CGGCAGGGCAACTGCGTAAA,0,4497447
yahC_predicted,0.1,9,9,CGGACATACTATGCTGGTAC,0,4502197
yahC_predicted,0.1,9,9,CGCCTTCGTGATTTAGACGT,0,4488942
yahC_predicted,0.1,9,9,CGCCACGGATTCTACAGCGT,0,4486674
yahC_predicted,0.1,9,9,CGCAATCTGTCTGCTCTCCC,0,4500227
yahC_predicted,0.1,9,9,CGCAATAAATTGAAGTCAAC,0,4489560
yahC_predicted,0.1,9,9,CGATTATGAGCCAGTCGCTC,0,4494570
yahC_predicted,0.1,9,9,CGATGGAATTACCTCATGGT,0,4498802
yahC_predicted,0.1,9,9,CGACCCGGGGCTCTCGATAT,0,4502442
yahC_predicted,0.1,9,9,CGAATCCAAGTGACCTGTGC,0,4511768
yahC_predicted,0.1,9,9,CGAAGCGGCCCGGAAGGACA,0,4508014
yahC_predicted,0.1,9,9,CGAACTCGTGCCCATAATTT,0,4502778
yahC_predicted,0.1,9,9,CCTGTAAAAATCACACCTAA,0,4479492
yahC_predicted,0.1,9,9,CCTGCTATGGGCGCGGCGGT,0,4510538
yahC_predicted,0.1,9,9,CCTGCGCAAGACAGGCTGCA,0,4475249
yahC_predicted,0.1,9,9,CCTGCCGATCGGAGGTACAT,0,4500124
yahC_predicted,0.1,9,9,CCTGAATTCCTTAGCATCTG,0,4511313
yahC_predicted,0.1,9,9,CCTGAAGATTGCGCCGTTAA,0,4508966
yahC_predicted,0.1,9,9,CCTAACCCGTGGGAGAGGGT,0,4489358
yahC_predicted,0.1,9,9,CCGTGTTCTAAGCACTCGGT,0,4475913
yahC_predicted,0.1,9,9,CCGTAAGGGAAGGTCAACAC,0,4508073
yahC_predicted,0.1,9,9,CCGGCCACCGGAGGCCAGTA,0,4500451
yahC_predicted,0.1,9,9,CCGAAGGCACCACAGCTTAA,0,4492593
yahC_predicted,0.1,9,9,CCCTGGAACTTGCAAGCAAT,0,4472778
yahC_predicted,0.1,9,9,CCCTGAGGGTGCTACAACAC,0,4494745
yahC_predicted,0.1,9,9,CCCTAGACGGTTGGCTCACG,0,4498542
yahC_predicted,0.1,9,9,CCCTACGTTCACAAACACCT,0,4481884
yahC_predicted,0.1,9,9,CCCGCGTCCATAGACGAAGG,0,4476292
yahC_predicted,0.1,9,9,CCCGAGAACGCAGCGGAATG,0,4508344
yahC_predicted,0.1,9,9,CCCCCTCAGAAAGTAGATCG,0,4476727
yahC_predicted,0.1,9,9,CCCAGGCGTAAAGCAGAGGG,0,4503822
yahC_predicted,0.1,9,9,CCCACTCTATAGGGTTCAGA,0,4492292
yahC_predicted,0.1,9,9,CCCACAGTGCTTAAAGGCTA,0,4492787
yahC_predicted,0.1,9,9,CCCAATCATCGGCGGTTCGT,0,4496238
yahC_predicted,0.1,9,9,CCCAACTCAACGTTAGACTT,0,4500978
yahC_predicted,0.1,9,9,CCATAAGATCCTAGATACCA,0,4503264
yahC_predicted,0.1,9,9,CCAGGACACCTGCTCGCTTA,0,4500938
yahC_predicted,0.1,9,9,CCAGACGACTGTATTACTAG,0,4486960
yahC_predicted,0.1,9,9,CCACTTAGACGACTCATACG,0,4480887
yahC_predicted,0.1,9,9,CCACTGGAACTTATGAGTGA,0,4494923
yahC_predicted,0.1,9,9,CCAAATGTCCGGCCCACTAA,0,4480612
yahC_predicted,0.1,9,9,CATTCCTGTAGGGAAGAATT,0,4472546
yahC_predicted,0.1,9,9,CATTCCAGACTTTTGAGTCT,0,4473979
yahC_predicted,0.1,9,9,CATGGCTATATCATCACGAC,0,4503524
yahC_predicted,0.1,9,9,CATGCTCTCTCGGGTAACGA,0,4492061
yahC_predicted,0.1,9,9,CATCCTTTGTACACAAGGTT,0,4499357
yahC_predicted,0.1,9,9,CATCACGCCACGGCAAACGC,0,4500093
yahC_predicted,0.1,9,9,CATCACAGGGAATGCCACAT,0,4506565
yahC_predicted,0.1,9,9,CATATGCGGGTAGGGACCGT,0,4499751
yahC_predicted,0.1,9,9,CAGTTTGCCCGTACCTATTG,0,4478599
yahC_predicted,0.1,9,9,CAGTTGTCTGCGTTGTGGTT,0,4498823
yahC_predicted,0.1,9,9,CAGGTTTGACTTCGTGTTAA,0,4505898
yahC_predicted,0.1,9,9,CAGAGCACAAGGGTTCCTCT,0,4504261
yahC_predicted,0.1,9,9,CAGAATCCTCGGCTGGGATA,0,4505919
yahC_predicted,0.1,9,9,CAGAACGTTTACGTATTCAG,0,4490053
yahC_predicted,0.1,9,9,CACTTTTGATCGAAGGCAAG,0,4504511
yahC_predicted,0.1,9,9,CACTTCAGTCAAGGAAAGAC,0,4498971
yahC_predicted,0.1,9,9,CACTTACAAAGAGGTACATT,0,4474661
yahC_predicted,0.1,9,9,CACTCTATGTGACTGTTGGT,0,4487474
yahC_predicted,0.1,9,9,CACTAGCATTTCGAGGGTTG,0,4506954
yahC_predicted,0.1,9,9,CACTAAGTCCCGCGCGTACA,0,4495962
yahC_predicted,0.1,9,9,CACCTCGCTCGTTCAGGCCT,0,4492120
yahC_predicted,0.1,9,9,CACCACCGTCAAATCTGGCA,0,4490231
yahC_predicted,0.1,9,9,CACATTCTGCCAGTGCGGAA,0,4475796
yahC_predicted,0.1,9,9,CACATCCCCAATCAAGAGTG,0,4509530
yahC_predicted,0.1,9,9,CACAAACACAATATCACTCA,0,4503283
yahC_predicted,0.1,9,9,CAATCAAATGGGTAGAACGT,0,4478041
yahC_predicted,0.1,9,9,CAATAACTGCGGCCCGGACT,0,4473565
yahC_predicted,0.1,9,9,CAAGTAGAGGGGGTATGCTT,0,4492564
yahC_predicted,0.1,9,9,CAAGCCGGTGTCTGACGGCT,0,4476418
yahC_predicted,0.1,9,9,CAAGCCCAGGTGTTATTGGG,0,4477082
yahC_predicted,0.1,9,9,CAAGATCTATTATTCGTTGC,0,4507420
yahC_predicted,0.1,9,9,CAAGAGGGCTGCGGCTCCTG,0,4509181
yahC_predicted,0.1,9,9,CAACCTCACTATCTGGAGAG,0,4495409
yahC_predicted,0.1,9,9,CAACCGGGTGCGGAGGAGCA,0,4475461
yahC_predicted,0.1,9,9,CAACATACTACTGAGTCAAT,0,4509625
yahC_predicted,0.1,9,9,CAAACTAGCTCCAAACGATC,0,4506340
yahC_predicted,0.1,9,9,CAAAACAGGTACGACTCCTT,0,4475425
yahC_predicted,0.1,9,9,CAAAAATTATGGTATAGCAG,0,4484536
yahC_predicted,0.1,9,9,ATTTTGAAAGGTTTTAACCG,0,4503455
yahC_predicted,0.1,9,9,ATTGTGAGATCATTCGCGGC,0,4483922
yahC_predicted,0.1,9,9,ATTGCGAGCGTCTTTATCCA,0,4493750
yahC_predicted,0.1,9,9,ATTCGCTCCGGAAGCGTTGT,0,4487171
yahC_predicted,0.1,9,9,ATTCGCGCGGCTACAGAAGC,0,4479331
yahC_predicted,0.1,9,9,ATTCACGAACTTACACTTTT,0,4506782
yahC_predicted,0.1,9,9,ATTACGAATCGGAAAATTAC,0,4496184
yahC_predicted,0.1,9,9,ATGCAGAGCTATACTTCTCC,0,4511421
yahC_predicted,0.1,9,9,ATGAGCGCATACGGAATTTA,0,4506345
yahC_predicted,0.1,9,9,ATGAGAAATTAATCGACTCA,0,4502155
yahC_predicted,0.1,9,9,ATGACAGCACTATGACGAGC,0,4487794
yahC_predicted,0.1,9,9,ATCTTATAAGTATGAAGATG,0,4480512
yahC_predicted,0.1,9,9,ATCTCCGTATCCCGGGCCTA,0,4494568
yahC_predicted,0.1,9,9,ATCTCAAAGTTGCGAGAGTA,0,4502328
yahC_predicted,0.1,9,9,ATCGGCCGGAGAGTGGAACC,0,4507573
yahC_predicted,0.1,9,9,ATCCTGTACGCAGGACGTGT,0,4487609
yahC_predicted,0.1,9,9,ATCCGGGGTTGCTGCGCAAC,0,4478750
yahC_predicted,0.1,9,9,ATCATTTAAACTTGCGGCGC,0,4509016
yahC_predicted,0.1,9,9,ATCATGGGCATTACTAAGTT,0,4494341
yahC_predicted,0.1,9,9,ATAGTCCATCGACTTGCTTA,0,4487099
yahC_predicted,0.1,9,9,ATAAATCTAGGGTAGAGCAA,0,4487028
yahC_predicted,0.1,9,9,AGTTTGATCAGGGTCACAAT,0,4491565
yahC_predicted,0.1,9,9,AGTTGGCCAACATAGGTAAC,0,4484360
yahC_predicted,0.1,9,9,AGTTCTAGAAGTACCGGGAC,0,4510965
yahC_predicted,0.1,9,9,AGTTCGCTGGGCTAACGGGG,0,4505353
yahC_predicted,0.1,9,9,AGTTCCGCATACAACCTCCC,0,4510834
yahC_predicted,0.1,9,9,AGTTAACGTATGGTCGGGAC,0,4474575
yahC_predicted,0.1,9,9,AGTGTTGACCGCGTGGACAG,0,4494134
yahC_predicted,0.1,9,9,AGTGTGGTCTACTAAAGAAG,0,4479529
yahC_predicted,0.1,9,9,AGTGTCGTTAGATATGCGCT,0,4485295
yahC_predicted,0.1,9,9,AGTGGTAAGTAAATCAATTG,0,4472478
yahC_predicted,0.1,9,9,AGTGGCCGCGGCGACTCGTA,0,4486348
yahC_predicted,0.1,9,9,AGTGAAAGCCATGACAGTTA,0,4476687
yahC_predicted,0.1,9,9,AGTCGAGTGCTCACTTAAAC,0,4510301
yahC_predicted,0.1,9,9,AGTCCCTCCTTGTTCAAAAC,0,4497691
yahC_predicted,0.1,9,9,AGTATCGATCGGATGGACAT,0,4487954
yahC_predicted,0.1,9,9,AGTATAGGCGGTCAGTCGGA,0,4506926
yahC_predicted,0.1,9,9,AGTAGTTTCCCCATCGAATT,0,4486894
yahC_predicted,0.1,9,9,AGTACTCACTGACAGATCTT,0,4499950
yahC_predicted,0.1,9,9,AGTACCGCACGATTACTGCT,0,4478723
yahC_predicted,0.1,9,9,AGTAAGGCGGAGCGAGGCCC,0,4502694
yahC_predicted,0.1,9,9,AGTAAGGCGCGTAACTGGTT,0,4497412
yahC_predicted,0.1,9,9,AGGTGTAGTTGTAACATCAG,0,4507963
yahC_predicted,0.1,9,9,AGGTAGATAGCATAACTCGG,0,4511443
yahC_predicted,0.1,9,9,AGGTACCCCAAGCGCACCTG,0,4507726
yahC_predicted,0.1,9,9,AGGGGCCTATCGGAAGTTTA,0,4502281
yahC_predicted,0.1,9,9,AGGGACCCTATAATCATACT,0,4499661
yahC_predicted,0.1,9,9,AGGCTGCGAGGAAGACCCCA,0,4484431
yahC_predicted,0.1,9,9,AGGCGGGGGGATCAAAGAAC,0,4503715
yahC_predicted,0.1,9,9,AGGCCCGGGTCCCGAACAAA,0,4490071
yahC_predicted,0.1,9,9,AGGCCCCAGATGATTTCTGA,0,4499286
yahC_predicted,0.1,9,9,AGGAGTCGTTGATGAGCAGA,0,4493153
yahC_predicted,0.1,9,9,AGGACCTCGGCAGTACAGTC,0,4476064
yahC_predicted,0.1,9,9,AGCTGTAGCAGGTAACGAAG,0,4508331
yahC_predicted,0.1,9,9,AGCTCAAGGTTATACAATAG,0,4499644
yahC_predicted,0.1,9,9,AGCGCGCTTGATCTACGAGG,0,4504248
yahC_predicted,0.1,9,9,AGCGAGCATGATGACTGGAA,0,4509288
yahC_predicted,0.1,9,9,AGCGAAGGATCTGGAACTTG,0,4473338
yahC_predicted,0.1,9,9,AGCCCCGTAAACTGAGGAAG,0,4503060
yahC_predicted,0.1,9,9,AGCACGCAATGTATCGTTCA,0,4489330
yahC_predicted,0.1,9,9,AGATTCCGGATGACCCATAG,0,4482698
yahC_predicted,0.1,9,9,AGAGATGGCAGCTTGGGCGA,0,4505483
yahC_predicted,0.1,9,9,AGACTTACATGTTTGGCATT,0,4501728
yahC_predicted,0.1,9,9,AGACTACCACGGGAAACGTA,0,4504010
yahC_predicted,0.1,9,9,AGACCCACTTGTACCTGGGT,0,4473535
yahC_predicted,0.1,9,9,AGACATCACACCCCTTACTA,0,4501560
yahC_predicted,0.1,9,9,AGAATGCGCATCAGCTATTC,0,4478733
yahC_predicted,0.1,9,9,AGAATGACCTATGTCAAGCT,0,4473760
yahC_predicted,0.1,9,9,ACTTTAGGTTCCGTGGCCTC,0,4475658
yahC_predicted,0.1,9,9,ACTTGGGAGCTGTCACGATG,0,4508514
yahC_predicted,0.1,9,9,ACTTCAGGCCGTGTCGGGTT,0,4485758
yahC_predicted,0.1,9,9,ACTTACGCCTAGATAGAGAT,0,4478800
yahC_predicted,0.1,9,9,ACTGAATGGGTTGATGTTCA,0,4504485
yahC_predicted,0.1,9,9,ACTAGCAATGTCATAGGAGC,0,4509431
yahC_predicted,0.1,9,9,ACTACCCTACCTTGGACCGG,0,4490835
yahC_predicted,0.1,9,9,ACGTGATATTGCAATTCGTT,0,4482122
yahC_predicted,0.1,9,9,ACGGGTGTGAGGCTCAGAGA,0,4490613
yahC_predicted,0.1,9,9,ACGGGGGCACTCCGAGGCGC,0,4484173
yahC_predicted,0.1,9,9,ACGGCTTTACTTAATCTACT,0,4490963
yahC_predicted,0.1,9,9,ACGCCAGTTTAGCCATGCAG,0,4490454
yahC_predicted,0.1,9,9,ACGCACCCTGCAAATCTGAA,0,4510961
yahC_predicted,0.1,9,9,ACGATAGGCTAAGGCGGCTT,0,4476040
yahC_predicted,0.1,9,9,ACGAGGCCTCTTGAGGAACA,0,4507358
yahC_predicted,0.1,9,9,ACGAGCACGAATAATCAAGG,0,4474911
yahC_predicted,0.1,9,9,ACGACAGATAGATCTGAGGA,0,4510079
yahC_predicted,0.1,9,9,ACCTGGGCCAACCTTAGGAC,0,4507150
yahC_predicted,0.1,9,9,ACCTCACTAGATCGCCCATA,0,4484065
yahC_predicted,0.1,9,9,ACCGGTGTTGCCTGGCCGTA,0,4507779
yahC_predicted,0.1,9,9,ACCGGGTTCGGACAAATAGA,0,4510755
yahC_predicted,0.1,9,9,ACCGCAGCCACACTCGTGTA,0,4499898
yahC_predicted,0.1,9,9,ACCCTGATCACACAGATACT,0,4494530
yahC_predicted,0.1,9,9,ACCCCTTCTTACGGCATACA,0,4495669
yahC_predicted,0.1,9,9,ACCATGTTACAAGCATCACA,0,4481098
yahC_predicted,0.1,9,9,ACATGGGAGGACCTGTGAAC,0,4492083
yahC_predicted,0.1,9,9,ACAGCATGCTGCGATCCACT,0,4492329
yahC_predicted,0.1,9,9,ACACCTAGAATAGAGTACCC,0,4495173
yahC_predicted,0.1,9,9,ACACCTACAGTTCTACGTCA,0,4494511
yahC_predicted,0.1,9,9,AATTTTTCAGAATCACTGGA,0,4492844
yahC_predicted,0.1,9,9,AATTCTTTGGGGTGTCAGCC,0,4479917
yahC_predicted,0.1,9,9,AATTCGACAAACGTTCGACC,0,4502917
yahC_predicted,0.1,9,9,AATGGACATATCGCGCGGTA,0,4495703
yahC_predicted,0.1,9,9,AATGATAGTCGAGATAATCA,0,4475490
yahC_predicted,0.1,9,9,AATCAGGTATTTGTGCACGG,0,4499622
yahC_predicted,0.1,9,9,AATATATTATTTTACTACGT,0,4509705
yahC_predicted,0.1,9,9,AATAGGCGAGTCTTGGACGC,0,4502106
yahC_predicted,0.1,9,9,AATAGGATCGCATATCAATT,0,4481155
yahC_predicted,0.1,9,9,AATAACGAAGGCTGGGCTCG,0,4506680
yahC_predicted,0.1,9,9,AAGGGTCTAGATCCGCGCCT,0,4506202
yahC_predicted,0.1,9,9,AAGGGGTTTGCCGTACTTGT,0,4480244
yahC_predicted,0.1,9,9,AAGCTTATGGCGGTTGGCGT,0,4478575
yahC_predicted,0.1,9,9,AAGCCGCTAGCAAGACGACG,0,4489788
yahC_predicted,0.1,9,9,AAGCACATTATGTCCGAGGC,0,4474730
yahC_predicted,0.1,9,9,AAGACGAGCGGTAAAGCCGT,0,4491132
yahC_predicted,0.1,9,9,AACTTTCAGTGTGACAAATG,0,4476713
yahC_predicted,0.1,9,9,AACTTGAGCGATCTTGCGTC,0,4507354
yahC_predicted,0.1,9,9,AACTGCCCCGGATTCACCGG,0,4484007
yahC_predicted,0.1,9,9,AACTCACTTGTCGCTGTCAA,0,4505388
yahC_predicted,0.1,9,9,AACTACGAGACTTTTGGAAT,0,4472586
yahC_predicted,0.1,9,9,AACTAAGGGAAGCGATCGGC,0,4491082
yahC_predicted,0.1,9,9,AACGGTCCTTAACCATTGCG,0,4510752
yahC_predicted,0.1,9,9,AACGCACAACTTCGCCGCGA,0,4487989
yahC_predicted,0.1,9,9,AACCGAGAATAAGCGGCCTT,0,4475254
yahC_predicted,0.1,9,9,AAATTTGAGTTTTGTGGTCA,0,4493416
yahC_predicted,0.1,9,9,AAATTTAAGTCTTAAGGCGT,0,4500604
yahC_predicted,0.1,9,9,AAATTCGGTAAATAATTAAT,0,4503954
yahC_predicted,0.1,9,9,AAATGACCAACGAATAAAAT,0,4481025
yahC_predicted,0.1,9,9,AAACTTCTTGTGGTGCCGGC,0,4511236
yahC_predicted,0.1111111111111111,8,8,TTTTCGCTGGGACTCCAGAG,0,4498524
yahC_predicted,0.1111111111111111,8,8,TTTGGACTCGGTCTATCACG,0,4483485
yahC_predicted,0.1111111111111111,8,8,TTTCCTTGCAGCTGATACTT,0,4507912
yahC_predicted,0.1111111111111111,8,8,TTTCCCAACTCGTCCGTCAC,0,4484116
yahC_predicted,0.1111111111111111,8,8,TTTCACCTTTACGTGTATTA,0,4478894
yahC_predicted,0.1111111111111111,8,8,TTTATTCGGTAGGCCCTGAA,0,4495624
yahC_predicted,0.1111111111111111,8,8,TTTAGCTCGTACGCAACTGT,0,4474562
yahC_predicted,0.1111111111111111,8,8,TTTAGCCCTGGCTAGCAGAT,0,4482844
yahC_predicted,0.1111111111111111,8,8,TTGTGCGTTAGGTAACGAAT,0,4502656
yahC_predicted,0.1111111111111111,8,8,TTGATTGACATTGCCATCGG,0,4477603
yahC_predicted,0.1111111111111111,8,8,TTGATCCATTGGATTGTCAC,0,4504245
yahC_predicted,0.1111111111111111,8,8,TTGAGGCACGGAACTGAGTC,0,4490876
yahC_predicted,0.1111111111111111,8,8,TTGAATCTCCGCCCGGCCGT,0,4511601
yahC_predicted,0.1111111111111111,8,8,TTGAACGCGGGAGTGGGCCT,0,4509635
yahC_predicted,0.1111111111111111,8,8,TTCTACGTCTACTGTCCAGG,0,4504156
yahC_predicted,0.1111111111111111,8,8,TTCGGGGTGCTTCTCCATCG,0,4487810
yahC_predicted,0.1111111111111111,8,8,TTCCGAAAATGGAACGTGAT,0,4500467
yahC_predicted,0.1111111111111111,8,8,TTCCACACAAAACTTAGCCT,0,4493661
yahC_predicted,0.1111111111111111,8,8,TTCATTGAGAATGGGTCAAT,0,4507407
yahC_predicted,0.1111111111111111,8,8,TTCACGAAAGTAACGGCTAT,0,4477441
yahC_predicted,0.1111111111111111,8,8,TTCAATATAGCTTCACCTAG,0,4505626
yahC_predicted,0.1111111111111111,8,8,TTATTTTTGCTTAAGAGGTA,0,4479511
yahC_predicted,0.1111111111111111,8,8,TTAGAGTGGAAGTACTCTTG,0,4478716
yahC_predicted,0.1111111111111111,8,8,TTACTCTCGTAGGGAATGAG,0,4472823
yahC_predicted,0.1111111111111111,8,8,TTACGTTGGGACTGGAGCTC,0,4495673
yahC_predicted,0.1111111111111111,8,8,TTAAGGTTAACCTCCTACTA,0,4480674
yahC_predicted,0.1111111111111111,8,8,TTAAAGGCTTGTAGAAAATT,0,4505877
yahC_predicted,0.1111111111111111,8,8,TGTGTTGAGAACACATGGAG,0,4497763
yahC_predicted,0.1111111111111111,8,8,TGTGTATCAGAACACGTTCA,0,4491687
yahC_predicted,0.1111111111111111,8,8,TGTGCTTAAACAAACGAAGC,0,4506810
yahC_predicted,0.1111111111111111,8,8,TGTGCACGTAACACTTCCCA,0,4493764
yahC_predicted,0.1111111111111111,8,8,TGTCTACAGAGGAAGTCCCC,0,4495515
yahC_predicted,0.1111111111111111,8,8,TGTCCCGACGCCGTCCTCTG,0,4509195
yahC_predicted,0.1111111111111111,8,8,TGTATAATTTGATGTAAGTG,0,4478521
yahC_predicted,0.1111111111111111,8,8,TGTAGTGACGCTCCCAGGTA,0,4482870
yahC_predicted,0.1111111111111111,8,8,TGTAGTCCCGATGACAACCT,0,4478474
yahC_predicted,0.1111111111111111,8,8,TGTAACAACGTGGCTCGGAT,0,4506727
yahC_predicted,0.1111111111111111,8,8,TGGTATCCGACAGTTATACT,0,4480068
yahC_predicted,0.1111111111111111,8,8,TGGGGCATGTCTATTCCCCG,0,4483708
yahC_predicted,0.1111111111111111,8,8,TGGGCGAGGTGCCTTTTTTG,0,4480616
yahC_predicted,0.1111111111111111,8,8,TGGGAGGATAAGTTATCCTA,0,4491331
yahC_predicted,0.1111111111111111,8,8,TGGAGGTGGCATGCGGTCCG,0,4492053
yahC_predicted,0.1111111111111111,8,8,TGGAATGACCTAGTTCCTGC,0,4500527
yahC_predicted,0.1111111111111111,8,8,TGGAAGGCACGAAATGAGTA,0,4504102
yahC_predicted,0.1111111111111111,8,8,TGCTCTCTGCCTCCATTATT,0,4484816
yahC_predicted,0.1111111111111111,8,8,TGCGTTCAACGTCGTAAATA,0,4490035
yahC_predicted,0.1111111111111111,8,8,TGCGCATCGCATCAGGTTAA,0,4490571
yahC_predicted,0.1111111111111111,8,8,TGCCGCCGCCTAAGGAGATC,0,4494722
yahC_predicted,0.1111111111111111,8,8,TGCCACAGGCGGTACAGGGA,0,4496208
yahC_predicted,0.1111111111111111,8,8,TGCAGATACTGGGAGTTCCA,0,4506284
yahC_predicted,0.1111111111111111,8,8,TGCACGTTGCTCTTCTCGTA,0,4497900
yahC_predicted,0.1111111111111111,8,8,TGCACAGAGGCATATCTGTC,0,4500774
yahC_predicted,0.1111111111111111,8,8,TGCAAAGCGGCCTCGGTCAA,0,4484258
yahC_predicted,0.1111111111111111,8,8,TGATTGGCTATAAGTTTGGT,0,4502660
yahC_predicted,0.1111111111111111,8,8,TGATGCGCGGTACGCACATA,0,4505646
yahC_predicted,0.1111111111111111,8,8,TGATCCTATCGACGGCCAAT,0,4510194
yahC_predicted,0.1111111111111111,8,8,TGATCCCGTGATAACCAACT,0,4473628
yahC_predicted,0.1111111111111111,8,8,TGATAGGCCGGGAGTTTCGG,0,4497390
yahC_predicted,0.1111111111111111,8,8,TGAGCTAGGAAGTTCCGCGG,0,4507089
yahC_predicted,0.1111111111111111,8,8,TGAGCGGACGAGCCAAAGCT,0,4490547
yahC_predicted,0.1111111111111111,8,8,TGAGAATGTCATATTGATTA,0,4495313
yahC_predicted,0.1111111111111111,8,8,TCTTTTCCGTCAAAGCCGTA,0,4482028
yahC_predicted,0.1111111111111111,8,8,TCTTGAAAAACACGGCGATT,0,4510306
yahC_predicted,0.1111111111111111,8,8,TCTTCTACTGGTAGTAGCGG,0,4509989
yahC_predicted,0.1111111111111111,8,8,TCTTCGCGCTGGCATGGCTA,0,4497491
yahC_predicted,0.1111111111111111,8,8,TCTGGAAACTCATGCACGGA,0,4472880
yahC_predicted,0.1111111111111111,8,8,TCTCTCTCGGATACGGTATC,0,4489089
yahC_predicted,0.1111111111111111,8,8,TCTCGCTTCGTTTATACACT,0,4499672
yahC_predicted,0.1111111111111111,8,8,TCGTCTAAACGGTGCATGAT,0,4478851
yahC_predicted,0.1111111111111111,8,8,TCGGCTTTTAGTGGACATAA,0,4508191
yahC_predicted,0.1111111111111111,8,8,TCGGCGGCTACGGGAGGGTC,0,4499565
yahC_predicted,0.1111111111111111,8,8,TCGGCATCGGTAATCGTTAG,0,4482041
yahC_predicted,0.1111111111111111,8,8,TCGATTGTGACGGCGTATAC,0,4502475
yahC_predicted,0.1111111111111111,8,8,TCGATTCAAGGTGATGGTGT,0,4487809
yahC_predicted,0.1111111111111111,8,8,TCGAGTGCCTGTTCGGGAAT,0,4486079
yahC_predicted,0.1111111111111111,8,8,TCGAAAGGCTCCGTAAATCC,0,4502453
yahC_predicted,0.1111111111111111,8,8,TCCTCTTAGTCTGCGGACCG,0,4479241
yahC_predicted,0.1111111111111111,8,8,TCCCGTGGCCTTTCGTCGTT,0,4476103
yahC_predicted,0.1111111111111111,8,8,TCCCCGATTGCTTCGATTAC,0,4493070
yahC_predicted,0.1111111111111111,8,8,TCCCACTGTGCGATTCCGGG,0,4494635
yahC_predicted,0.1111111111111111,8,8,TCCCACATAGGCCAAACGCT,0,4479661
yahC_predicted,0.1111111111111111,8,8,TCCACCCTGCGCGACGCTGT,0,4504590
yahC_predicted,0.1111111111111111,8,8,TCATTGGTTCAAGCGGCGAA,0,4500096
yahC_predicted,0.1111111111111111,8,8,TCAGTTACCGGCCCTCTCGC,0,4495422
yahC_predicted,0.1111111111111111,8,8,TCAGCGGGGTAGCTACTTTG,0,4496649
yahC_predicted,0.1111111111111111,8,8,TCAGATCGAGCATAGGGCCA,0,4476910
yahC_predicted,0.1111111111111111,8,8,TCACGCCGTTACCTGCGGAT,0,4493488
yahC_predicted,0.1111111111111111,8,8,TCAAGTACCAGGGTATCAGT,0,4475258
yahC_predicted,0.1111111111111111,8,8,TCAAAGTAGAACATGAGACT,0,4478253
yahC_predicted,0.1111111111111111,8,8,TATGGGTTTTGCGCTATACA,0,4481809
yahC_predicted,0.1111111111111111,8,8,TATGGGGAACTTTGTACTTA,0,4478945
yahC_predicted,0.1111111111111111,8,8,TATCTGATACGGGAACGTTA,0,4488450
yahC_predicted,0.1111111111111111,8,8,TATCATCATCTCCCAAATAC,0,4495149
yahC_predicted,0.1111111111111111,8,8,TATATGCTTCTTTTTGACTT,0,4490925
yahC_predicted,0.1111111111111111,8,8,TATAGCAAAGCAGAACTGAT,0,4510433
yahC_predicted,0.1111111111111111,8,8,TAGGTCTCAGAGTACCCGTA,0,4504614
yahC_predicted,0.1111111111111111,8,8,TAGGTACAAGCTGAATTGGC,0,4505487
yahC_predicted,0.1111111111111111,8,8,TAGGATACTTTGCCACCCGT,0,4472460
yahC_predicted,0.1111111111111111,8,8,TAGCTAGGTCCACGTTTCTT,0,4501770
yahC_predicted,0.1111111111111111,8,8,TAGCCAGTTAGGGGTGTTAG,0,4498490
yahC_predicted,0.1111111111111111,8,8,TAGAGCCGGCTCGTGGCGGT,0,4508338
yahC_predicted,0.1111111111111111,8,8,TACTGATCGCGTTGCGCCGA,0,4502355
yahC_predicted,0.1111111111111111,8,8,TACTCCCGTGTACTGCGAGC,0,4496850
yahC_predicted,0.1111111111111111,8,8,TACTATTCGCGGGGCGCGGT,0,4482875
yahC_predicted,0.1111111111111111,8,8,TACGTGGATACCCTCTGATT,0,4503947
yahC_predicted,0.1111111111111111,8,8,TACGCCTCCCGACGACTAAT,0,4498119
yahC_predicted,0.1111111111111111,8,8,TACCCGGTGATGATTCGACG,0,4490229
yahC_predicted,0.1111111111111111,8,8,TACATATAATAAACAATCGG,0,4509967
yahC_predicted,0.1111111111111111,8,8,TAATCTATTTCCTAGTGGGA,0,4485431
yahC_predicted,0.1111111111111111,8,8,TAATCCCCTTACCACAGAGG,0,4507027
yahC_predicted,0.1111111111111111,8,8,TAATAAGCGTCCTACGTGGG,0,4491814
yahC_predicted,0.1111111111111111,8,8,TAAAGTTTTGACGAGAATAT,0,4483810
yahC_predicted,0.1111111111111111,8,8,GTTTGTCTCAAATTGGGCTT,0,4505104
yahC_predicted,0.1111111111111111,8,8,GTTTGGAGCTGGCTACTTTA,0,4509324
yahC_predicted,0.1111111111111111,8,8,GTTTGAGGAGGGGGAAAAGC,0,4481112
yahC_predicted,0.1111111111111111,8,8,GTTTATTGGAGTAGTGTTTT,0,4483507
yahC_predicted,0.1111111111111111,8,8,GTTGTGGGATGAACTTGACA,0,4494368
yahC_predicted,0.1111111111111111,8,8,GTTGGCCAAGGACTATCGAG,0,4480717
yahC_predicted,0.1111111111111111,8,8,GTTCGTAAATAGCTTACTCC,0,4495043
yahC_predicted,0.1111111111111111,8,8,GTTCGCATGCGGATTGAGTG,0,4473528
yahC_predicted,0.1111111111111111,8,8,GTTATGAGAAACTCCGCCCA,0,4487445
yahC_predicted,0.1111111111111111,8,8,GTTACGAAGACGGTAAGTGC,0,4509819
yahC_predicted,0.1111111111111111,8,8,GTGTTGTTATAAAGCGCCAC,0,4511375
yahC_predicted,0.1111111111111111,8,8,GTGTCTTTTGATTGTGTTCT,0,4504755
yahC_predicted,0.1111111111111111,8,8,GTGTCATACCCGCGCCCTGG,0,4489524
yahC_predicted,0.1111111111111111,8,8,GTGGTCGGGGACGTAATGTA,0,4491258
yahC_predicted,0.1111111111111111,8,8,GTGGAGGAGGTCCGTCCTAT,0,4484590
yahC_predicted,0.1111111111111111,8,8,GTGCTTACATGATTGCGTCT,0,4474644
yahC_predicted,0.1111111111111111,8,8,GTGCCAAGCGCGTCGAGAAT,0,4482285
yahC_predicted,0.1111111111111111,8,8,GTGATCCCAGCGTCAGAGGC,0,4472695
yahC_predicted,0.1111111111111111,8,8,GTGAAGCCTGGTCCGTTAAC,0,4482103
yahC_predicted,0.1111111111111111,8,8,GTGAACCACGATCACTGCAA,0,4493446
yahC_predicted,0.1111111111111111,8,8,GTCTTGATAAGAATATGGCG,0,4495213
yahC_predicted,0.1111111111111111,8,8,GTCTACCGATCTCGTCAGCA,0,4476010
yahC_predicted,0.1111111111111111,8,8,GTCGGTGCTTACGGCTTCTC,0,4476284
yahC_predicted,0.1111111111111111,8,8,GTCGGAACTATGTCGTCTAG,0,4489556
yahC_predicted,0.1111111111111111,8,8,GTCCCTAAATCCCCAGGCCA,0,4473519
yahC_predicted,0.1111111111111111,8,8,GTCCCCATATGGACGCGTAT,0,4504192
yahC_predicted,0.1111111111111111,8,8,GTATACCGCTCTAGGATGTG,0,4473601
yahC_predicted,0.1111111111111111,8,8,GTAGTTATGAAAAGAGTGTT,0,4490328
yahC_predicted,0.1111111111111111,8,8,GTAGGGGTTTTTTATTCAGA,0,4481836
yahC_predicted,0.1111111111111111,8,8,GTAGATCTCCGGATTAATAA,0,4493115
yahC_predicted,0.1111111111111111,8,8,GTAGAACTATATCACTAGAC,0,4501538
yahC_predicted,0.1111111111111111,8,8,GTACTTGGACCGTCGTTGCT,0,4484082
yahC_predicted,0.1111111111111111,8,8,GTAAGGTTGGATGGGGTCCA,0,4493498
yahC_predicted,0.1111111111111111,8,8,GTAAGAGTCATAGCGAATCA,0,4474414
yahC_predicted,0.1111111111111111,8,8,GTAACTTCGGGCGCGGATGA,0,4509296
yahC_predicted,0.1111111111111111,8,8,GGTGTTACCGAGACTCACTA,0,4476093
yahC_predicted,0.1111111111111111,8,8,GGTGATGAACACAGCAATAG,0,4502121
yahC_predicted,0.1111111111111111,8,8,GGTCGCGGAAACCTTGCAGC,0,4483652
yahC_predicted,0.1111111111111111,8,8,GGTCCCTCGTGGCCCTAGGC,0,4476990
yahC_predicted,0.1111111111111111,8,8,GGTATCGTGAGCAGAGTCGT,0,4492086
yahC_predicted,0.1111111111111111,8,8,GGTAGGTCCGGGAGGTAAAA,0,4496263
yahC_predicted,0.1111111111111111,8,8,GGGTTTACATTCGGTATTTG,0,4486952
yahC_predicted,0.1111111111111111,8,8,GGGTTAGCGGTCCTCACCGT,0,4501327
yahC_predicted,0.1111111111111111,8,8,GGGTGTCGAACTGGGCGGTA,0,4473162
yahC_predicted,0.1111111111111111,8,8,GGGGTACAATCCCAAGGGGG,0,4508784
yahC_predicted,0.1111111111111111,8,8,GGGGGGGCACTCAGCCTACC,0,4511237
yahC_predicted,0.1111111111111111,8,8,GGGGCTCGTGGAGCTCGAGT,0,4502954
yahC_predicted,0.1111111111111111,8,8,GGGCTTGTCGCACGGAACTG,0,4478887
yahC_predicted,0.1111111111111111,8,8,GGGCTAGTAGGCATGAAGAA,0,4483494
yahC_predicted,0.1111111111111111,8,8,GGGCGCTCGTTCCAATGATT,0,4503523
yahC_predicted,0.1111111111111111,8,8,GGGCGATTCGGCCGTAGACT,0,4481279
yahC_predicted,0.1111111111111111,8,8,GGGACTACCTTTCAGGTGGT,0,4489629
yahC_predicted,0.1111111111111111,8,8,GGGACAGGACAGACGGCATC,0,4477081
yahC_predicted,0.1111111111111111,8,8,GGGAATCAACAAGTCAGGAA,0,4503087
yahC_predicted,0.1111111111111111,8,8,GGCTTAGACATAACTAGCGT,0,4490200
yahC_predicted,0.1111111111111111,8,8,GGCTCTGTGAATCAACATAA,0,4502851
yahC_predicted,0.1111111111111111,8,8,GGCTACTGTGGCTGCCGTTT,0,4494192
yahC_predicted,0.1111111111111111,8,8,GGCGTCAGTGCTAGAGCACT,0,4501822
yahC_predicted,0.1111111111111111,8,8,GGCCTTTCCATTCAAGAGTG,0,4508932
yahC_predicted,0.1111111111111111,8,8,GGCCTTCACTATCAGCGTAG,0,4510732
yahC_predicted,0.1111111111111111,8,8,GGCCGTGCGGGCTCCAGGGG,0,4480663
yahC_predicted,0.1111111111111111,8,8,GGCACTCGAGGCTCGTCGGA,0,4493913
yahC_predicted,0.1111111111111111,8,8,GGCAAAACCGGATGCATTGG,0,4505890
yahC_predicted,0.1111111111111111,8,8,GGATAGTGCCGGGACCAATT,0,4487946
yahC_predicted,0.1111111111111111,8,8,GGAGGTCAAATGAGTCATAT,0,4494915
yahC_predicted,0.1111111111111111,8,8,GGAGGGACGGTACGCTTGGC,0,4475479
yahC_predicted,0.1111111111111111,8,8,GGACTTGGTATCTCCCGCCT,0,4505145
yahC_predicted,0.1111111111111111,8,8,GCTTTACAGTAAACAATCCA,0,4485991
yahC_predicted,0.1111111111111111,8,8,GCTTCGTAAGGTTGAACTTC,0,4492254
yahC_predicted,0.1111111111111111,8,8,GCTGTTAAAATCGAGGCGTG,0,4507698
yahC_predicted,0.1111111111111111,8,8,GCTGGCACCATGCGGGCGAC,0,4498480
yahC_predicted,0.1111111111111111,8,8,GCTGCCTTAGAGAGCTAGCA,0,4482360
yahC_predicted,0.1111111111111111,8,8,GCTGATACGGCGTTCCTTGA,0,4481524
yahC_predicted,0.1111111111111111,8,8,GCTCTATGGGACTGGAGCTA,0,4486191
yahC_predicted,0.1111111111111111,8,8,GCGTTTTCAACTACATCTAA,0,4472578
yahC_predicted,0.1111111111111111,8,8,GCGTCTTCTAAAGAGGTCCA,0,4502320
yahC_predicted,0.1111111111111111,8,8,GCGTCGTGCACAGAATGTAT,0,4480302
yahC_predicted,0.1111111111111111,8,8,GCGTAGCGCTTGCGCTTATC,0,4474663
yahC_predicted,0.1111111111111111,8,8,GCGGCTGATGGTCGTCGGCT,0,4485856
yahC_predicted,0.1111111111111111,8,8,GCGGCCGGTTTGTTTGTGCT,0,4473488
yahC_predicted,0.1111111111111111,8,8,GCGCCAGGAGCATGCAGTAG,0,4505288
yahC_predicted,0.1111111111111111,8,8,GCGACCGGTTGATTCAGTAC,0,4485353
yahC_predicted,0.1111111111111111,8,8,GCCTTTGCGAACAACATGTA,0,4492514
yahC_predicted,0.1111111111111111,8,8,GCCTCGGCATCCAAGGGGGA,0,4476546
yahC_predicted,0.1111111111111111,8,8,GCCTCCCAAGCCCGTTCTGG,0,4501676
yahC_predicted,0.1111111111111111,8,8,GCCTCAGTTGATCAAGAACA,0,4482276
yahC_predicted,0.1111111111111111,8,8,GCCGCTACGGGGGCGTGCCA,0,4483785
yahC_predicted,0.1111111111111111,8,8,GCCGCAGGGATAGTTCCTAC,0,4492675
yahC_predicted,0.1111111111111111,8,8,GCCGATAGCGATATTCGAGC,0,4486589
yahC_predicted,0.1111111111111111,8,8,GCCGACTTTTGACCCCGAAA,0,4490574
yahC_predicted,0.1111111111111111,8,8,GCCCCTCGGGGTGAGGGATT,0,4473251
yahC_predicted,0.1111111111111111,8,8,GCCCCGACCTACCATTCACT,0,4504589
yahC_predicted,0.1111111111111111,8,8,GCCCAGCGGTAGTTTGGATA,0,4499816
yahC_predicted,0.1111111111111111,8,8,GCCATAACAACTAGACCGGG,0,4494079
yahC_predicted,0.1111111111111111,8,8,GCATGGTTGCATTACTGGAC,0,4506054
yahC_predicted,0.1111111111111111,8,8,GCATCACTACTGTGCGGCTA,0,4486870
yahC_predicted,0.1111111111111111,8,8,GCATACTTTGGTACGCTTCC,0,4509470
yahC_predicted,0.1111111111111111,8,8,GCATACCCCTTCTAGTACGT,0,4501042
yahC_predicted,0.1111111111111111,8,8,GCACGGGTTAGGGGGCCTCA,0,4485262
yahC_predicted,0.1111111111111111,8,8,GCACCCGGGAACATTCTCAA,0,4501173
yahC_predicted,0.1111111111111111,8,8,GATTTGTGTCGGGACGACCG,0,4494469
yahC_predicted,0.1111111111111111,8,8,GATTTGCGTATAGTTTCGGC,0,4495786
yahC_predicted,0.1111111111111111,8,8,GATTTCTTACCGCAAGGTGC,0,4493620
yahC_predicted,0.1111111111111111,8,8,GATTTAAAGGTCTTTCGCGC,0,4510412
yahC_predicted,0.1111111111111111,8,8,GATATTCTGCTCGGGCTGGG,0,4498533
yahC_predicted,0.1111111111111111,8,8,GATAGCATAGACAAACTGAT,0,4478107
yahC_predicted,0.1111111111111111,8,8,GATAACACGACTGGCTAGCC,0,4484196
yahC_predicted,0.1111111111111111,8,8,GAGTTCCCTGTTAGTAGCAA,0,4496803
yahC_predicted,0.1111111111111111,8,8,GAGTCTGAGATAGTTCGTGT,0,4489287
yahC_predicted,0.1111111111111111,8,8,GAGCCTCGATGTGTTGAGAC,0,4480630
yahC_predicted,0.1111111111111111,8,8,GAGCCATAGCATGCGCGTAC,0,4480729
yahC_predicted,0.1111111111111111,8,8,GACTTAGGGCTCGGCTGCTT,0,4496756
yahC_predicted,0.1111111111111111,8,8,GACTGCGGCCTTGTGGGTCT,0,4473318
yahC_predicted,0.1111111111111111,8,8,GACTCGATCGTATGCGAATT,0,4492282
yahC_predicted,0.1111111111111111,8,8,GACTACCCAAGGAGGCCATG,0,4494840
yahC_predicted,0.1111111111111111,8,8,GACGTAGAAATAAGTCTTAC,0,4509004
yahC_predicted,0.1111111111111111,8,8,GACGGCGGTCGAGCTATGCA,0,4506694
yahC_predicted,0.1111111111111111,8,8,GACGGCCCTGTGTCGCCATC,0,4481668
yahC_predicted,0.1111111111111111,8,8,GACGGCAGGCCGGATATTCT,0,4473350
yahC_predicted,0.1111111111111111,8,8,GACAGGAACCTACGCGCGCC,0,4479975
yahC_predicted,0.1111111111111111,8,8,GACAGACAAAAGCGGTAACC,0,4507651
yahC_predicted,0.1111111111111111,8,8,GACACTAGCAGGGAGTACCC,0,4509955
yahC_predicted,0.1111111111111111,8,8,GACAATGTGAGGTACCATTA,0,4507837
yahC_predicted,0.1111111111111111,8,8,GAATCGCACGACGGTGCGTG,0,4492118
yahC_predicted,0.1111111111111111,8,8,GAAGTGATGTCCCTGACTGT,0,4486147
yahC_predicted,0.1111111111111111,8,8,GAAGCGGTTTGTGAGTGATC,0,4473156
yahC_predicted,0.1111111111111111,8,8,GAACTGTAATCCGGTCAGTC,0,4495207
yahC_predicted,0.1111111111111111,8,8,GAACGTCTCCTCTAGCGCAT,0,4497406
yahC_predicted,0.1111111111111111,8,8,GAAACGGTGCTGGCACCTAG,0,4487039
yahC_predicted,0.1111111111111111,8,8,CTTTGGACCAGGGCTAAATA,0,4506018
yahC_predicted,0.1111111111111111,8,8,CTTGTATAATGGCGCACCAC,0,4504217
yahC_predicted,0.1111111111111111,8,8,CTTCCTTGTATCTAGGTCTT,0,4481415
yahC_predicted,0.1111111111111111,8,8,CTTACTTTCATGTCGGTGAT,0,4486457
yahC_predicted,0.1111111111111111,8,8,CTTAATATAAAAGCAGCTAT,0,4486454
yahC_predicted,0.1111111111111111,8,8,CTGTTCGTGGGTCGTATTTG,0,4502273
yahC_predicted,0.1111111111111111,8,8,CTGTATGCGAATGGTAGAAA,0,4490865
yahC_predicted,0.1111111111111111,8,8,CTGGGTGTGAAGTTCTATAG,0,4484927
yahC_predicted,0.1111111111111111,8,8,CTGGAGTACTGGCCTAGCGA,0,4493965
yahC_predicted,0.1111111111111111,8,8,CTGCAGTCGGGGATAGGAGG,0,4498569
yahC_predicted,0.1111111111111111,8,8,CTGATGTCTTCCATCTGCCC,0,4488314
yahC_predicted,0.1111111111111111,8,8,CTCGCACGAACGGCTCCATA,0,4480022
yahC_predicted,0.1111111111111111,8,8,CTCCCCTCCCCTGAAGGCTT,0,4487648
yahC_predicted,0.1111111111111111,8,8,CTCATCGTTCATAGACGCAT,0,4480382
yahC_predicted,0.1111111111111111,8,8,CTCAATGGCAACGAGCCTAT,0,4496699
yahC_predicted,0.1111111111111111,8,8,CTCAATACGTTAAGTAGAGT,0,4495677
yahC_predicted,0.1111111111111111,8,8,CTATGTCCTTCATATAGGCG,0,4503425
yahC_predicted,0.1111111111111111,8,8,CTATCTAGCGCACTCCAAGG,0,4486957
yahC_predicted,0.1111111111111111,8,8,CTAGTGTACCACTTATGTTT,0,4488441
yahC_predicted,0.1111111111111111,8,8,CTACGGTTTTGGCGCTAGAA,0,4500684
yahC_predicted,0.1111111111111111,8,8,CTACGCGGTAGATGATAACT,0,4509058
yahC_predicted,0.1111111111111111,8,8,CTACCGCCTTGTGGTAACTA,0,4502982
yahC_predicted,0.1111111111111111,8,8,CTACATTGGATGTCCTAAAC,0,4482272
yahC_predicted,0.1111111111111111,8,8,CGTTTTGTTACATAGGATAT,0,4480686
yahC_predicted,0.1111111111111111,8,8,CGTTTGAGCTAACACGCGCA,0,4506996
yahC_predicted,0.1111111111111111,8,8,CGTTCCAGTGTTGGAGAAGT,0,4482900
yahC_predicted,0.1111111111111111,8,8,CGTGTTGCACTCCTGCTCTA,0,4482721
yahC_predicted,0.1111111111111111,8,8,CGTCTCGTGAGAGGGTCTCA,0,4492211
yahC_predicted,0.1111111111111111,8,8,CGTCCTTAAAAGATAGGCAT,0,4481412
yahC_predicted,0.1111111111111111,8,8,CGTCCGTTACCGTTTGGGCG,0,4483925
yahC_predicted,0.1111111111111111,8,8,CGTCATTTGTCACTGCCGAG,0,4483199
yahC_predicted,0.1111111111111111,8,8,CGTCATGGGACAAAATGCAT,0,4491703
yahC_predicted,0.1111111111111111,8,8,CGGTTTCCACTGTTATTATT,0,4473482
yahC_predicted,0.1111111111111111,8,8,CGGTTTCACACATTCGAGGG,0,4499031
yahC_predicted,0.1111111111111111,8,8,CGGTTGACGAGGGTGCAGAC,0,4508202
yahC_predicted,0.1111111111111111,8,8,CGGTCGTTGTCCATGAAGCG,0,4510730
yahC_predicted,0.1111111111111111,8,8,CGGTCACTAGAGGAGCGTTC,0,4489662
yahC_predicted,0.1111111111111111,8,8,CGGGGACACGCAGCTTATAT,0,4493951
yahC_predicted,0.1111111111111111,8,8,CGGGCCGGCGGCTAGGGTGC,0,4504009
yahC_predicted,0.1111111111111111,8,8,CGGCTTGAGCCACGACGCGT,0,4505260
yahC_predicted,0.1111111111111111,8,8,CGGCGTTGGTAGACACTGAT,0,4502943
yahC_predicted,0.1111111111111111,8,8,CGGCAGTGAGTAGCTTGAGT,0,4486727
yahC_predicted,0.1111111111111111,8,8,CGGAGGGTAGTCTAGTAGGA,0,4510781
yahC_predicted,0.1111111111111111,8,8,CGCTGATCAGGCAGCCAGAT,0,4487359
yahC_predicted,0.1111111111111111,8,8,CGCGCATGATCGGATCGCCA,0,4492303
yahC_predicted,0.1111111111111111,8,8,CGCCCATACATACCGAGACC,0,4481063
yahC_predicted,0.1111111111111111,8,8,CGCCAACTTGGATCATCACA,0,4491788
yahC_predicted,0.1111111111111111,8,8,CGCATGTTACACAAGGCTAG,0,4472684
yahC_predicted,0.1111111111111111,8,8,CGCACCACAAGGAGGCGGCG,0,4477411
yahC_predicted,0.1111111111111111,8,8,CGATTAGGTTCGCATCGTAG,0,4479336
yahC_predicted,0.1111111111111111,8,8,CGATGGTTGATGTAGCTTTC,0,4489644
yahC_predicted,0.1111111111111111,8,8,CGATGAACTGCGGAAGAACA,0,4507030
yahC_predicted,0.1111111111111111,8,8,CGATCCTTGATGGCGTGAAC,0,4477685
yahC_predicted,0.1111111111111111,8,8,CGATCACCCAGTCTACCGGT,0,4475923
yahC_predicted,0.1111111111111111,8,8,CGAGTATCGAACGAGGCTTT,0,4473812
yahC_predicted,0.1111111111111111,8,8,CGAGGCTGCATCGCTTGTGT,0,4486419
yahC_predicted,0.1111111111111111,8,8,CGAGCGAGATCTGTGAATTC,0,4497805
yahC_predicted,0.1111111111111111,8,8,CGACTGGTTCTGGTATGCCA,0,4506490
yahC_predicted,0.1111111111111111,8,8,CGACCGGTAGTGACGACTAA,0,4484891
yahC_predicted,0.1111111111111111,8,8,CGACCCCGCGTGTAGTTTTG,0,4500573
yahC_predicted,0.1111111111111111,8,8,CGAATTGCTTAACTGGGCCA,0,4512049
yahC_predicted,0.1111111111111111,8,8,CGAATGTCATCGTACCAGAA,0,4490696
yahC_predicted,0.1111111111111111,8,8,CGAATCGTCATAGTTTCATT,0,4499903
yahC_predicted,0.1111111111111111,8,8,CGAAACGTTTCTCTTACCCG,0,4506528
yahC_predicted,0.1111111111111111,8,8,CCTTAAGTCGTAGGACGTCT,0,4499017
yahC_predicted,0.1111111111111111,8,8,CCTGTGGGGATTAGAGGAAC,0,4506414
yahC_predicted,0.1111111111111111,8,8,CCTGGTATGCTTATGCTATG,0,4487105
yahC_predicted,0.1111111111111111,8,8,CCTGCTACAAGTGGTAGACT,0,4480640
yahC_predicted,0.1111111111111111,8,8,CCTGCAGATTAGGACGCCCA,0,4472859
yahC_predicted,0.1111111111111111,8,8,CCTCTCACGAACATGTGTAC,0,4504791
yahC_predicted,0.1111111111111111,8,8,CCTCGCGGTCTCTCCATTTA,0,4495831
yahC_predicted,0.1111111111111111,8,8,CCTCCAATTCTTAACCTTTG,0,4490184
yahC_predicted,0.1111111111111111,8,8,CCTCAGTTGAGGAGTTGGTC,0,4491009
yahC_predicted,0.1111111111111111,8,8,CCTAGTAACACAGCCTTTAT,0,4483741
yahC_predicted,0.1111111111111111,8,8,CCGTTACAATACTTGGACAG,0,4473002
yahC_predicted,0.1111111111111111,8,8,CCGTGAAGGAGCACGCACAA,0,4484876
yahC_predicted,0.1111111111111111,8,8,CCGTCACAAGGATGGGTAGG,0,4481865
yahC_predicted,0.1111111111111111,8,8,CCGTATTACGGAACTACCTC,0,4476598
yahC_predicted,0.1111111111111111,8,8,CCGGAGAGTTCTGTCTGCCT,0,4499193
yahC_predicted,0.1111111111111111,8,8,CCGCGCCAGATACCAGTACC,0,4504529
yahC_predicted,0.1111111111111111,8,8,CCGCCCTAAAACGGAGAGAG,0,4479955
yahC_predicted,0.1111111111111111,8,8,CCGCCATGCTCTTGAGGCTA,0,4478507
yahC_predicted,0.1111111111111111,8,8,CCCTTAATCGCCAACGGGAC,0,4493644
yahC_predicted,0.1111111111111111,8,8,CCCTGAAGTTTAGGGTCGAT,0,4487217
yahC_predicted,0.1111111111111111,8,8,CCCGCGCGGTAGGAATGAAT,0,4504897
yahC_predicted,0.1111111111111111,8,8,CCCGCCGTTTCCCGGCCACT,0,4493483
yahC_predicted,0.1111111111111111,8,8,CCCGACATGCTGTGTTTCTG,0,4473549
yahC_predicted,0.1111111111111111,8,8,CCCCTCCAGTCCTAGTCAAC,0,4496384
yahC_predicted,0.1111111111111111,8,8,CCCCGGCGGATTTGAGCCGT,0,4498596
yahC_predicted,0.1111111111111111,8,8,CCCCCTGAAGAAAACAAGTC,0,4486592
yahC_predicted,0.1111111111111111,8,8,CCCATGTTGGGCGACCACTA,0,4487879
yahC_predicted,0.1111111111111111,8,8,CCCATGCCCGAAGGTTCAGT,0,4509494
yahC_predicted,0.1111111111111111,8,8,CCCAGTCCGCCGGCAACGCC,0,4504799
yahC_predicted,0.1111111111111111,8,8,CCCAAATGACCCTGTCGTAC,0,4479584
yahC_predicted,0.1111111111111111,8,8,CCATTCCGATAGTATGAACT,0,4494506
yahC_predicted,0.1111111111111111,8,8,CCATCATTGCGCCCTGTCCC,0,4484409
yahC_predicted,0.1111111111111111,8,8,CCAGTCTAATTTAGGACCTG,0,4494641
yahC_predicted,0.1111111111111111,8,8,CCAGGAGAATCAGCGCACAT,0,4496818
yahC_predicted,0.1111111111111111,8,8,CCAGCTCTTCCGAGTGATAT,0,4492687
yahC_predicted,0.1111111111111111,8,8,CCACGCCCCTGGGAAATGGC,0,4506673
yahC_predicted,0.1111111111111111,8,8,CCACATTATGTGCTACCTGA,0,4500912
yahC_predicted,0.1111111111111111,8,8,CCACATGGTGGCCACACATC,0,4502271
yahC_predicted,0.1111111111111111,8,8,CCACATCCTGTCGAATCCAA,0,4481765
yahC_predicted,0.1111111111111111,8,8,CCACAGAGTCATAGCTACCT,0,4473373
yahC_predicted,0.1111111111111111,8,8,CATTCTTGCGGATAGCCGGA,0,4485052
yahC_predicted,0.1111111111111111,8,8,CATTCCATTTTAGACCGTCG,0,4498173
yahC_predicted,0.1111111111111111,8,8,CATGGCTGGGGGTAAGCTCT,0,4479787
yahC_predicted,0.1111111111111111,8,8,CATGCGTTGTATTATCACAC,0,4481102
yahC_predicted,0.1111111111111111,8,8,CATCATTATCAGCTGCGGAC,0,4493469
yahC_predicted,0.1111111111111111,8,8,CATAGGAAATGCTTGATACA,0,4485299
yahC_predicted,0.1111111111111111,8,8,CATAATGTACCAGCGGATCA,0,4506656
yahC_predicted,0.1111111111111111,8,8,CAGTTGTGTTTCTCAGATCG,0,4488345
yahC_predicted,0.1111111111111111,8,8,CAGTTCGCGATCCATACAAA,0,4502653
yahC_predicted,0.1111111111111111,8,8,CAGTCGTTTTATCTCCACAC,0,4504811
yahC_predicted,0.1111111111111111,8,8,CAGTATTAACTGGGTCTCAT,0,4475374
yahC_predicted,0.1111111111111111,8,8,CAGGTACGTATTACGCGTTA,0,4483758
yahC_predicted,0.1111111111111111,8,8,CAGGCAACGGTCCTATGAAT,0,4477383
yahC_predicted,0.1111111111111111,8,8,CAGGATTTGCTTTCAATGTT,0,4500870
yahC_predicted,0.1111111111111111,8,8,CAGGAGCCGATGCAGCGTAA,0,4511334
yahC_predicted,0.1111111111111111,8,8,CAGCGATTAGACTGAATGGC,0,4488495
yahC_predicted,0.1111111111111111,8,8,CAGCATATGATCAACAGCAG,0,4494100
yahC_predicted,0.1111111111111111,8,8,CAGCACGGTAGTATTACCAG,0,4489411
yahC_predicted,0.1111111111111111,8,8,CAGAGTAGAGTAAGAGGCTA,0,4481177
yahC_predicted,0.1111111111111111,8,8,CAGAGGAGTTACTCGGCATG,0,4495916
yahC_predicted,0.1111111111111111,8,8,CACATCGGTTCAAAGATAAC,0,4496138
yahC_predicted,0.1111111111111111,8,8,CAATTATACTCATGAGAATC,0,4506609
yahC_predicted,0.1111111111111111,8,8,CAATGTTCACTCCACAGACC,0,4486607
yahC_predicted,0.1111111111111111,8,8,CAAGTGAGCGTGTGGGCGAG,0,4508343
yahC_predicted,0.1111111111111111,8,8,CAAGTAATTGTCGAATGAAT,0,4481077
yahC_predicted,0.1111111111111111,8,8,CAAGCCCGAAAAACCTCTAA,0,4496605
yahC_predicted,0.1111111111111111,8,8,CAAGAGGCTGTTGGGTAGAT,0,4497970
yahC_predicted,0.1111111111111111,8,8,CAAACGGTCATACACTACAC,0,4501768
yahC_predicted,0.1111111111111111,8,8,CAAAATAGTATAACTCTGGA,0,4496691
yahC_predicted,0.1111111111111111,8,8,CAAAAGCTGACATGAGATCG,0,4485777
yahC_predicted,0.1111111111111111,8,8,ATTTCATTGACGAAGTGGAC,0,4503422
yahC_predicted,0.1111111111111111,8,8,ATTGCCTGCCTCCTAAATAA,0,4480263
yahC_predicted,0.1111111111111111,8,8,ATTCACGGAGGACACAGGTT,0,4497913
yahC_predicted,0.1111111111111111,8,8,ATTAGGTGGTCATTCAAAGC,0,4495746
yahC_predicted,0.1111111111111111,8,8,ATTAATGTGGGGCATCGTAT,0,4501667
yahC_predicted,0.1111111111111111,8,8,ATTAATCTTGATATAGGTAC,0,4491892
yahC_predicted,0.1111111111111111,8,8,ATGTGTCCGCGACGAAAACT,0,4483661
yahC_predicted,0.1111111111111111,8,8,ATGTGGGTTATTAAAGACTA,0,4477456
yahC_predicted,0.1111111111111111,8,8,ATGTCTCGTACGTGTGACCG,0,4492951
yahC_predicted,0.1111111111111111,8,8,ATGGCCCTCGTAAGATGAGT,0,4491004
yahC_predicted,0.1111111111111111,8,8,ATGCCCAGGTGCTTGTCTCT,0,4488552
yahC_predicted,0.1111111111111111,8,8,ATGCATTCGCTTTCTTGACT,0,4506243
yahC_predicted,0.1111111111111111,8,8,ATGATTTGTAGTACATTGGG,0,4499132
yahC_predicted,0.1111111111111111,8,8,ATGATGAGGAGCCGGACCGC,0,4479526
yahC_predicted,0.1111111111111111,8,8,ATGACTTAAATACGTGGTTT,0,4483086
yahC_predicted,0.1111111111111111,8,8,ATCTTCTGTGGCCCCTGTAA,0,4505106
yahC_predicted,0.1111111111111111,8,8,ATCTCTTACACAGAGGGACG,0,4502783
yahC_predicted,0.1111111111111111,8,8,ATCGTTCACGAGGCCGCTTT,0,4472792
yahC_predicted,0.1111111111111111,8,8,ATCGGGATCGCAATGCTCAA,0,4507877
yahC_predicted,0.1111111111111111,8,8,ATCGATGTGTGTTAATGTTA,0,4503220
yahC_predicted,0.1111111111111111,8,8,ATCCCCTACGGCTACATTCT,0,4486212
yahC_predicted,0.1111111111111111,8,8,ATCAGGGGATTGCCAACGGT,0,4481427
yahC_predicted,0.1111111111111111,8,8,ATCAGGGCGCCCATATTCCC,0,4486117
yahC_predicted,0.1111111111111111,8,8,ATAGTTATGTAGGTTTTTTT,0,4487576
yahC_predicted,0.1111111111111111,8,8,ATAGTGATGTCCTCAGGTAC,0,4485935
yahC_predicted,0.1111111111111111,8,8,ATAGAAAGCCGTTCGAGGGA,0,4509655
yahC_predicted,0.1111111111111111,8,8,ATACTGGGCGAACAGGTGAT,0,4500216
yahC_predicted,0.1111111111111111,8,8,ATACGTGCTCGCTGGAGTAA,0,4486891
yahC_predicted,0.1111111111111111,8,8,ATACATTGTTGTTAGACGCA,0,4507813
yahC_predicted,0.1111111111111111,8,8,ATAATTGGGTGTCTGAGCTT,0,4493600
yahC_predicted,0.1111111111111111,8,8,AGTTGTGTAGTGGGCCAGCA,0,4481148
yahC_predicted,0.1111111111111111,8,8,AGTTGAGTATACTATGATAC,0,4472988
yahC_predicted,0.1111111111111111,8,8,AGTGAAGACGCAAATGGTTT,0,4504158
yahC_predicted,0.1111111111111111,8,8,AGTCGCTGATGCACCCGGAT,0,4479826
yahC_predicted,0.1111111111111111,8,8,AGTCGCCAGCGTTGGCCTAT,0,4495796
yahC_predicted,0.1111111111111111,8,8,AGTCAAAAATAACGTGCGTC,0,4484640
yahC_predicted,0.1111111111111111,8,8,AGTAGTGTAGGCTAAATAAG,0,4488325
yahC_predicted,0.1111111111111111,8,8,AGGTCCACCTTTACCCACCA,0,4480792
yahC_predicted,0.1111111111111111,8,8,AGGTATAGGCTAAGGGGCTT,0,4475852
yahC_predicted,0.1111111111111111,8,8,AGGGCTAAATTCAGTACATA,0,4508512
yahC_predicted,0.1111111111111111,8,8,AGGCCCGGCTTCTAGTAGCT,0,4499893
yahC_predicted,0.1111111111111111,8,8,AGGAGTCTTCTTGTTCTCTC,0,4498547
yahC_predicted,0.1111111111111111,8,8,AGGAAAACTTTATCTCTTTG,0,4480969
yahC_predicted,0.1111111111111111,8,8,AGCGGAGGTACGCAGTGAAC,0,4491821
yahC_predicted,0.1111111111111111,8,8,AGCGCCCCCCAGAAGATTTG,0,4499402
yahC_predicted,0.1111111111111111,8,8,AGCGAATCAGTGTTATTAAG,0,4490456
yahC_predicted,0.1111111111111111,8,8,AGCCTATGTTATATATTTGC,0,4506052
yahC_predicted,0.1111111111111111,8,8,AGCCAGGTGCTCTTCACGTT,0,4490524
yahC_predicted,0.1111111111111111,8,8,AGCCACGGACCGTAGGTCCT,0,4510555
yahC_predicted,0.1111111111111111,8,8,AGCCAAAGTGCTTAGGAATT,0,4503346
yahC_predicted,0.1111111111111111,8,8,AGCATGATGCCCGGCGTCTA,0,4494862
yahC_predicted,0.1111111111111111,8,8,AGCAGTTCGTTTGAATAAGA,0,4505040
yahC_predicted,0.1111111111111111,8,8,AGCAATATTCGTCTCCTTGA,0,4482991
yahC_predicted,0.1111111111111111,8,8,AGATTATTGCTGACTACGAA,0,4493756
yahC_predicted,0.1111111111111111,8,8,AGAGGTAGAGCCTTCTGAAG,0,4493618
yahC_predicted,0.1111111111111111,8,8,AGAGGCTCTGCGATATCGTG,0,4494157
yahC_predicted,0.1111111111111111,8,8,AGAGGACGAATTGCGTCCCC,0,4476835
yahC_predicted,0.1111111111111111,8,8,AGAGCGAGCGATCAATCGCG,0,4501823
yahC_predicted,0.1111111111111111,8,8,AGAGCAGCTGCATGCGAAGT,0,4493359
yahC_predicted,0.1111111111111111,8,8,AGAGATGTGCTCAACTACAT,0,4497919
yahC_predicted,0.1111111111111111,8,8,AGACAGGACCTTTTCATAGT,0,4496103
yahC_predicted,0.1111111111111111,8,8,AGAATTGCAAGCGGCCGATA,0,4479780
yahC_predicted,0.1111111111111111,8,8,AGAAGGCCAACGATCAATTA,0,4497860
yahC_predicted,0.1111111111111111,8,8,AGAAAACGTTGAGGCACTCA,0,4494109
yahC_predicted,0.1111111111111111,8,8,ACTGTGCCAAAGAAGAAAGA,0,4492918
yahC_predicted,0.1111111111111111,8,8,ACTGCAGTAGAGAGTCTCAC,0,4507116
yahC_predicted,0.1111111111111111,8,8,ACTCGGGCTACGTTCGCGTA,0,4476807
yahC_predicted,0.1111111111111111,8,8,ACTCGCAGAAACCAGCCTCT,0,4510631
yahC_predicted,0.1111111111111111,8,8,ACTCCGTATGGGCTCGTACG,0,4477888
yahC_predicted,0.1111111111111111,8,8,ACTCCAGAGCTCGTTTGGCT,0,4510316
yahC_predicted,0.1111111111111111,8,8,ACTCATAATCTCGGAGGTGA,0,4479628
yahC_predicted,0.1111111111111111,8,8,ACTATTATTGATCGGGGTCC,0,4510048
yahC_predicted,0.1111111111111111,8,8,ACTATCTACTTGCTATGCCG,0,4491550
yahC_predicted,0.1111111111111111,8,8,ACTACACCCGGCTATTCTTT,0,4485564
yahC_predicted,0.1111111111111111,8,8,ACGTGAGTGTCGGCTTTGTG,0,4481176
yahC_predicted,0.1111111111111111,8,8,ACGTGAATTCGGTTCTGAGG,0,4496287
yahC_predicted,0.1111111111111111,8,8,ACGGTCCTTCAGAATGCAGT,0,4483627
yahC_predicted,0.1111111111111111,8,8,ACGGCCGGCGGCAGCATTGA,0,4497829
yahC_predicted,0.1111111111111111,8,8,ACGGAGGAACTGTCTGTAAG,0,4504878
yahC_predicted,0.1111111111111111,8,8,ACGGACTTTTTAGTCGATCT,0,4480329
yahC_predicted,0.1111111111111111,8,8,ACGGACTGAGGGCAAGGAAC,0,4482952
yahC_predicted,0.1111111111111111,8,8,ACGCTTTACGCTAGAATCCA,0,4481357
yahC_predicted,0.1111111111111111,8,8,ACGCTTGTCAGTCCAAATAC,0,4482593
yahC_predicted,0.1111111111111111,8,8,ACGCCGGAACGGCTCAATGC,0,4505553
yahC_predicted,0.1111111111111111,8,8,ACGCACCTAAATGGGCCCTT,0,4505546
yahC_predicted,0.1111111111111111,8,8,ACGAATTTATTGGCACTCAC,0,4505285
yahC_predicted,0.1111111111111111,8,8,ACGAATTAGATGGCAAGTTG,0,4498365
yahC_predicted,0.1111111111111111,8,8,ACCTCGATGAACCTGCCGAA,0,4482836
yahC_predicted,0.1111111111111111,8,8,ACCTAGGTCTACGCTAACCC,0,4473353
yahC_predicted,0.1111111111111111,8,8,ACCGTATGAGAATATCCTAT,0,4494208
yahC_predicted,0.1111111111111111,8,8,ACCCTGGGTTCTACCTCTGT,0,4477993
yahC_predicted,0.1111111111111111,8,8,ACCCGGTAGGGTCTGACCAA,0,4503821
yahC_predicted,0.1111111111111111,8,8,ACCCCAATCGCAGTCGCGTC,0,4491463
yahC_predicted,0.1111111111111111,8,8,ACCACTTCAGCGCTTCGATC,0,4502448
yahC_predicted,0.1111111111111111,8,8,ACCACAACAGGCTCGCTATA,0,4485304
yahC_predicted,0.1111111111111111,8,8,ACATTGTAGTCACGGGTACT,0,4486261
yahC_predicted,0.1111111111111111,8,8,ACATGGGAGGAAGATCTTCA,0,4488870
yahC_predicted,0.1111111111111111,8,8,ACATCTAGCCATCCAGTCAT,0,4495772
yahC_predicted,0.1111111111111111,8,8,ACATCAGCTCCCCGATGGAT,0,4496983
yahC_predicted,0.1111111111111111,8,8,ACATAAATGTGCGGGGTCTG,0,4510070
yahC_predicted,0.1111111111111111,8,8,ACAGTGATAGCATATCCCCC,0,4475443
yahC_predicted,0.1111111111111111,8,8,ACAGAGGGGTGGCATCCATC,0,4484010
yahC_predicted,0.1111111111111111,8,8,ACACCAGGCTGACCAGGGTT,0,4477404
yahC_predicted,0.1111111111111111,8,8,ACAACTTTGCGCTTTACTTC,0,4495216
yahC_predicted,0.1111111111111111,8,8,ACAAAAGCCTTAGTAACCAA,0,4473453
yahC_predicted,0.1111111111111111,8,8,AATGTTAAGAACGATTGCTT,0,4504052
yahC_predicted,0.1111111111111111,8,8,AATGTCTTTTTATCCGTTCA,0,4493069
yahC_predicted,0.1111111111111111,8,8,AATGATATATCGCTTGGGCG,0,4483246
yahC_predicted,0.1111111111111111,8,8,AATCGGAAACGATAATCTTC,0,4482830
yahC_predicted,0.1111111111111111,8,8,AATATGGGGTGGGTAGCTGA,0,4476876
yahC_predicted,0.1111111111111111,8,8,AATATAGCGTCGTTACCATA,0,4507351
yahC_predicted,0.1111111111111111,8,8,AAGTGCTGGTTGCCCGTGAC,0,4501347
yahC_predicted,0.1111111111111111,8,8,AAGTGCGACCTAGCGTAAGT,0,4509457
yahC_predicted,0.1111111111111111,8,8,AAGTAGCGGTAGTGGGTTTG,0,4507858
yahC_predicted,0.1111111111111111,8,8,AAGGGACATGAACATTCAGA,0,4497388
yahC_predicted,0.1111111111111111,8,8,AAGCGGTTGCTCCGACGGTT,0,4499060
yahC_predicted,0.1111111111111111,8,8,AAGATAAATCTACGATCAGA,0,4489013
yahC_predicted,0.1111111111111111,8,8,AACTGAAAGTGAAACTAAAA,0,4489978
yahC_predicted,0.1111111111111111,8,8,AACTCCAGTCCTAGTAAGAG,0,4496628
yahC_predicted,0.1111111111111111,8,8,AACCTGTAAAGGCCTCACGT,0,4509529
yahC_predicted,0.1111111111111111,8,8,AACCGGGTATGTAACTTGGT,0,4479939
yahC_predicted,0.1111111111111111,8,8,AACCGAACAGGCTTGACTTG,0,4491257
yahC_predicted,0.1111111111111111,8,8,AACCCAGGCCAGGAGAGGAT,0,4495314
yahC_predicted,0.1111111111111111,8,8,AACACCTGCGGATGAATCAC,0,4498689
yahC_predicted,0.1111111111111111,8,8,AACACACGATTAGACAGCAG,0,4507402
yahC_predicted,0.1111111111111111,8,8,AAATGGTACCGGCATAACTA,0,4472724
yahC_predicted,0.1111111111111111,8,8,AAATGCGGCGCGGCTCTCGA,0,4496676
yahC_predicted,0.1111111111111111,8,8,AAAGCCTTATTCGACGAAAC,0,4480746
yahC_predicted,0.1111111111111111,8,8,AAAGAATTGAGGTCGCAGCT,0,4493015
yahC_predicted,0.1111111111111111,8,8,AAACCAGTACGGTTTTACAC,0,4504503
yahC_predicted,0.1111111111111111,8,8,AAAAGGTGGTCATAAAGATA,0,4495542
yahC_predicted,0.1111111111111111,8,8,AAAACAGCGGTGAGCAGATT,0,4475655
yahC_predicted,0.1111111111111111,8,8,AAAAAAATCCGGAGGTTCCT,0,4492751
yahC_predicted,0.125,7,7,TTTTTCGTTGATCAAATCAC,0,4485016
yahC_predicted,0.125,7,7,TTTTTATTAGAAGGACCCAA,0,4474645
yahC_predicted,0.125,7,7,TTTTTAGGATATCTCCATGG,0,4478508
yahC_predicted,0.125,7,7,TTTTGATTATTCTGCAGTTA,0,4489926
yahC_predicted,0.125,7,7,TTTGGTGAAAGGTGCGTTTG,0,4495312
yahC_predicted,0.125,7,7,TTTGGTCGGCTGCAGCAGGA,0,4507832
yahC_predicted,0.125,7,7,TTTGGGTAGACACTCTTACT,0,4491415
yahC_predicted,0.125,7,7,TTTCGAGGACAAAAGAGAGT,0,4485478
yahC_predicted,0.125,7,7,TTTCAGGGTTGGATAGGAGG,0,4489865
yahC_predicted,0.125,7,7,TTTACAGCCGTGGTACACTA,0,4483492
yahC_predicted,0.125,7,7,TTTAAACAACATACTCGCTA,0,4501610
yahC_predicted,0.125,7,7,TTGTCTTAATGTCATCAGTC,0,4506510
yahC_predicted,0.125,7,7,TTGTATAGGACTGTCACGCA,0,4502119
yahC_predicted,0.125,7,7,TTGTAGCACTGTTAAAGTAG,0,4483917
yahC_predicted,0.125,7,7,TTGGCCATTTTTTAGCTGGA,0,4501217
yahC_predicted,0.125,7,7,TTGGATTTATTCAATCTATT,0,4487191
yahC_predicted,0.125,7,7,TTGACACATCGAGGCACAAT,0,4476685
yahC_predicted,0.125,7,7,TTCTTCGGAGTGGCTATGCT,0,4476609
yahC_predicted,0.125,7,7,TTCTGTGACGCGGTCGCAAG,0,4484645
yahC_predicted,0.125,7,7,TTCCTGAAGTTTATCGTATA,0,4500526
yahC_predicted,0.125,7,7,TTCATTCCTAGAATCCTTGC,0,4482461
yahC_predicted,0.125,7,7,TTCAGCCCGACGCCCTTGAG,0,4501359
yahC_predicted,0.125,7,7,TTCAACCCTTGAGACGTTCG,0,4492880
yahC_predicted,0.125,7,7,TTCAAAGGTGGCGGGCTGAT,0,4473611
yahC_predicted,0.125,7,7,TTATTCGCGCGGCGCTGGAG,0,4485930
yahC_predicted,0.125,7,7,TTATTATCGAAACGAACCTG,0,4482925
yahC_predicted,0.125,7,7,TTATAGACTTTTCAGATAGT,0,4504051
yahC_predicted,0.125,7,7,TTATACCCCGGCCCACATCC,0,4504766
yahC_predicted,0.125,7,7,TTAGTGAATTCCCCCCTTCA,0,4483592
yahC_predicted,0.125,7,7,TTAGGGTCCGGAGCGTCCAT,0,4506241
yahC_predicted,0.125,7,7,TTAGGCATATTCTAGGGGTC,0,4487819
yahC_predicted,0.125,7,7,TTAGCTGTAAGTCTACACGC,0,4484015
yahC_predicted,0.125,7,7,TTACTATTACAGTTTGGCCG,0,4473004
yahC_predicted,0.125,7,7,TTACGCCTTGTCCTGGAGTA,0,4506252
yahC_predicted,0.125,7,7,TTACGATTGCTCTGGTAATG,0,4508459
yahC_predicted,0.125,7,7,TTAACACCCGCCGGCAGATC,0,4502710
yahC_predicted,0.125,7,7,TTAAACTTGGAGCAATTCAT,0,4495282
yahC_predicted,0.125,7,7,TGTTCTTACCTCTCGTCACG,0,4499032
yahC_predicted,0.125,7,7,TGTTCTGAAGGACCTGGAGT,0,4498871
yahC_predicted,0.125,7,7,TGTTCCACAGTTTAAAACCA,0,4483148
yahC_predicted,0.125,7,7,TGTGCTATGATCGGGTGCAT,0,4493065
yahC_predicted,0.125,7,7,TGTGCCCCGTCAACCAGGAG,0,4486963
yahC_predicted,0.125,7,7,TGTGAGCGTATCGCTAACGG,0,4483901
yahC_predicted,0.125,7,7,TGTGACATCGTTACTCCGTA,0,4505839
yahC_predicted,0.125,7,7,TGTCTAGACCGTGGAGCTAC,0,4499994
yahC_predicted,0.125,7,7,TGTCTACACGGTATGGAGGG,0,4499397
yahC_predicted,0.125,7,7,TGTCGCAGGGAGGAGTGCAT,0,4493836
yahC_predicted,0.125,7,7,TGTCCTGGGATTGTGGGTTC,0,4474601
yahC_predicted,0.125,7,7,TGTCCGTGTTTGATTCCTTG,0,4511405
yahC_predicted,0.125,7,7,TGTCACAGCCTGGTTCAGAC,0,4504678
yahC_predicted,0.125,7,7,TGTCAAGAAATAGTCCATGG,0,4500249
yahC_predicted,0.125,7,7,TGTACTAATTCAAACCGGCC,0,4481721
yahC_predicted,0.125,7,7,TGGTTCGAAATGCCCGGGGC,0,4494653
yahC_predicted,0.125,7,7,TGGGGGGGAGCGAACGACTT,0,4511000
yahC_predicted,0.125,7,7,TGGGCGTAACAAATACCGAC,0,4488712
yahC_predicted,0.125,7,7,TGGGCCGGATCTAGCTGACA,0,4487452
yahC_predicted,0.125,7,7,TGGCCGTCGGTGGTTGGACA,0,4509807
yahC_predicted,0.125,7,7,TGGCCAGATCACGTAGGCTC,0,4504816
yahC_predicted,0.125,7,7,TGGCCACGGAATCTCGCATG,0,4475274
yahC_predicted,0.125,7,7,TGGCATTCCAATCCGCCTTA,0,4511136
yahC_predicted,0.125,7,7,TGGCAGGAGCTTAGACCGTG,0,4504341
yahC_predicted,0.125,7,7,TGGATGGGCTATAATGATTA,0,4505115
yahC_predicted,0.125,7,7,TGGATAGTGCAGTCTCCTTG,0,4477991
yahC_predicted,0.125,7,7,TGGATAAATTGCAGCGGGCG,0,4490993
yahC_predicted,0.125,7,7,TGGACGAATCATGTTCCAGG,0,4501769
yahC_predicted,0.125,7,7,TGGACCCGAGCTGCGCAAAG,0,4489243
yahC_predicted,0.125,7,7,TGGACATATTATGACTCAAA,0,4485422
yahC_predicted,0.125,7,7,TGCTGTGTACCTGTGTTAAT,0,4485027
yahC_predicted,0.125,7,7,TGCTGGGACTCGGGTATGAG,0,4481146
yahC_predicted,0.125,7,7,TGCTGATTCCCATGCAACTG,0,4478569
yahC_predicted,0.125,7,7,TGCTATAGGATTTATCGGTG,0,4504474
yahC_predicted,0.125,7,7,TGCGTCAGCTGAATTGGTAA,0,4494954
yahC_predicted,0.125,7,7,TGCGTATGCGTGCAGTTCTC,0,4486200
yahC_predicted,0.125,7,7,TGCGGATGTAAATCAGGAAA,0,4506773
yahC_predicted,0.125,7,7,TGCCTATGTATTGAGTCTAA,0,4503364
yahC_predicted,0.125,7,7,TGCAGACGTAACGTCGTCCG,0,4480478
yahC_predicted,0.125,7,7,TGCACACCGCTCATGAGCCA,0,4482936
yahC_predicted,0.125,7,7,TGCAACTGCGAAGCGTTCAA,0,4487587
yahC_predicted,0.125,7,7,TGATGCTGACCTCGTTTACA,0,4504266
yahC_predicted,0.125,7,7,TGATCCCTTGTTCAGTGTGC,0,4508755
yahC_predicted,0.125,7,7,TGATACCTATTGTAGGTCCA,0,4496565
yahC_predicted,0.125,7,7,TGAGTCAGTCTACGGAGGCC,0,4510808
yahC_predicted,0.125,7,7,TGAGCTATTGTGGGCTGGAC,0,4502820
yahC_predicted,0.125,7,7,TGACCTCTAATCGGGGCCCA,0,4478294
yahC_predicted,0.125,7,7,TGACCCATTGTCGTGAAACT,0,4502436
yahC_predicted,0.125,7,7,TGAACGTAATCGAGAATCTC,0,4498402
yahC_predicted,0.125,7,7,TGAACAATGGATTTGTTTGC,0,4504542
yahC_predicted,0.125,7,7,TGAAACGAGACTAAACTCCC,0,4477195
yahC_predicted,0.125,7,7,TCTTTTTTGGACGCTTTCAC,0,4486415
yahC_predicted,0.125,7,7,TCTTTTCAAGCACTCCGAGG,0,4503163
yahC_predicted,0.125,7,7,TCTTCGAATATTTTTTCGTA,0,4495022
yahC_predicted,0.125,7,7,TCTTCCTATGTCATAATAGG,0,4494297
yahC_predicted,0.125,7,7,TCTTATTTAATTTTCGTATG,0,4505926
yahC_predicted,0.125,7,7,TCTGTTAGAAACCGACTTTA,0,4500432
yahC_predicted,0.125,7,7,TCTGTCTATGGACTATTCCT,0,4485345
yahC_predicted,0.125,7,7,TCTGGGAATTCGCACAAAAA,0,4493474
yahC_predicted,0.125,7,7,TCTGACGTATAGAACGTCTC,0,4503218
yahC_predicted,0.125,7,7,TCTCCTCTTCAAGTAGATCA,0,4510466
yahC_predicted,0.125,7,7,TCTCCCGGTGCGGTAAATTT,0,4494457
yahC_predicted,0.125,7,7,TCTAGCACGGTCCCTCCAAT,0,4476803
yahC_predicted,0.125,7,7,TCGTGTTATGGCTCCCGGTC,0,4483476
yahC_predicted,0.125,7,7,TCGTGTCGCGTATTACCCGT,0,4481005
yahC_predicted,0.125,7,7,TCGTCCACCGGGAGTTACAA,0,4485520
yahC_predicted,0.125,7,7,TCGGCTGCCTAACAAAGAAC,0,4473976
yahC_predicted,0.125,7,7,TCGGACGAAGGGACCGTAAG,0,4487127
yahC_predicted,0.125,7,7,TCGCCAGAAAAGCCGGACCT,0,4492386
yahC_predicted,0.125,7,7,TCCGCGCTCACTTACGATAG,0,4477683
yahC_predicted,0.125,7,7,TCCGATGGACTGTGGTAGAC,0,4484362
yahC_predicted,0.125,7,7,TCCGATCACAGGGCTAGACA,0,4506347
yahC_predicted,0.125,7,7,TCCCGAGACCTGAAAGCTGA,0,4489486
yahC_predicted,0.125,7,7,TCCCATTTTGTCCCACGGAC,0,4495475
yahC_predicted,0.125,7,7,TCATTTTGATCGTGAAACAT,0,4490362
yahC_predicted,0.125,7,7,TCATTTAACGGTAATGACTT,0,4501692
yahC_predicted,0.125,7,7,TCATGCAAACTCTGATCTGT,0,4491526
yahC_predicted,0.125,7,7,TCATCGCGACGGCGGAACCA,0,4478395
yahC_predicted,0.125,7,7,TCAGTGTCTGATATTTATTC,0,4473828
yahC_predicted,0.125,7,7,TCACTCACGCTCTGAGAAAA,0,4474305
yahC_predicted,0.125,7,7,TCACGAGGCCTCCTACGCCG,0,4505574
yahC_predicted,0.125,7,7,TCAATCGTAACGTGCGTATC,0,4472499
yahC_predicted,0.125,7,7,TCAATATTAGACGAGTAACC,0,4477637
yahC_predicted,0.125,7,7,TCAACCCTCAGGTTGGCAGA,0,4478933
yahC_predicted,0.125,7,7,TCAACCCGTTGTCCATTGGA,0,4482627
yahC_predicted,0.125,7,7,TCAAACTGGCGGCTAGAACA,0,4477690
yahC_predicted,0.125,7,7,TATTGTTACACCCCGGGTCA,0,4480028
yahC_predicted,0.125,7,7,TATTAGTCCCATGAGCTTTG,0,4477105
yahC_predicted,0.125,7,7,TATTACCACCCATGATGCTA,0,4498056
yahC_predicted,0.125,7,7,TATGTTCATAACGCACAGGG,0,4485513
yahC_predicted,0.125,7,7,TATGAGCTTGCATAATTACG,0,4506021
yahC_predicted,0.125,7,7,TATGAAGGGAAATAAACAAA,0,4483230
yahC_predicted,0.125,7,7,TATAAAATCAGAAAGCATAG,0,4501363
yahC_predicted,0.125,7,7,TAGTAGGTTATGTCAGGGCA,0,4477060
yahC_predicted,0.125,7,7,TAGGTCAGAGTATAGTGCCC,0,4507756
yahC_predicted,0.125,7,7,TAGGGCTATCATCTAGTGGC,0,4484673
yahC_predicted,0.125,7,7,TAGGATTTCTCAGCAGTTAT,0,4489608
yahC_predicted,0.125,7,7,TAGACCCTCTTACGGCAAGG,0,4508020
yahC_predicted,0.125,7,7,TACTCGGTACAGCGAGCTCT,0,4511084
yahC_predicted,0.125,7,7,TACTATCGTACTTCCGGCCA,0,4483360
yahC_predicted,0.125,7,7,TACTACCGCTAGTAGGGCCA,0,4483438
yahC_predicted,0.125,7,7,TACGTCGGGTAATGTGGATA,0,4484557
yahC_predicted,0.125,7,7,TACGTCGGAGGTCGCCATAC,0,4491510
yahC_predicted,0.125,7,7,TACGCGATAATAGTTAGTGG,0,4473001
yahC_predicted,0.125,7,7,TACGCCAACGCTTCACTCTA,0,4472818
yahC_predicted,0.125,7,7,TACGCACGGGCCAACCTATG,0,4509585
yahC_predicted,0.125,7,7,TACGATCAACCACCCCTAGC,0,4491398
yahC_predicted,0.125,7,7,TACGAATCACACTTGCGCCT,0,4491017
yahC_predicted,0.125,7,7,TACCTGCGCTTACCCGAGTT,0,4500004
yahC_predicted,0.125,7,7,TACCGCCCTGCATATCGATC,0,4491045
yahC_predicted,0.125,7,7,TACATTAGAATGACCCGCAT,0,4490867
yahC_predicted,0.125,7,7,TACATGGGTTGGCCTTACGA,0,4498760
yahC_predicted,0.125,7,7,TAATGCATGGGGCGGAACCG,0,4481267
yahC_predicted,0.125,7,7,TAAGTGATAGCAACAAGTAG,0,4510215
yahC_predicted,0.125,7,7,TAAGAGAGGAATGGAGATCT,0,4504902
yahC_predicted,0.125,7,7,TAAATCCAGTAGTGCACTAA,0,4490636
yahC_predicted,0.125,7,7,TAAAGGACCCGATGGACTGA,0,4499120
yahC_predicted,0.125,7,7,GTTTGTAGTGCGGGCCCAGA,0,4488443
yahC_predicted,0.125,7,7,GTTTGGACTCTTAGCATGTG,0,4496187
yahC_predicted,0.125,7,7,GTTTAATACAGCATGGCTGA,0,4488669
yahC_predicted,0.125,7,7,GTTGGGCGGGTAATGATCGG,0,4508439
yahC_predicted,0.125,7,7,GTTGCCTACTACCACTACAT,0,4506629
yahC_predicted,0.125,7,7,GTTGAAGCCTATCGAGATGA,0,4493990
yahC_predicted,0.125,7,7,GTTCGCTCCACCACGTTGTT,0,4496328
yahC_predicted,0.125,7,7,GTTCCAGGCTTTGACAGTCG,0,4476381
yahC_predicted,0.125,7,7,GTTATTTAGATCAAGGGAAT,0,4476002
yahC_predicted,0.125,7,7,GTTATTACAGAGTACAGGAG,0,4507333
yahC_predicted,0.125,7,7,GTGTCTGTCCGAGAAACAAA,0,4477937
yahC_predicted,0.125,7,7,GTGTATTGTCCTCCTCCAGC,0,4488832
yahC_predicted,0.125,7,7,GTGGTCGCCAGTCAAAAAAC,0,4473541
yahC_predicted,0.125,7,7,GTGGTACTTTTCTTAAAAAT,0,4491887
yahC_predicted,0.125,7,7,GTGGCCATCACCCGGCATAT,0,4491123
yahC_predicted,0.125,7,7,GTGCCGGATTGACGCGTTCA,0,4486917
yahC_predicted,0.125,7,7,GTGCACATCATGTATTGTTT,0,4481720
yahC_predicted,0.125,7,7,GTCTGTTCGGATTTGTTCTA,0,4474311
yahC_predicted,0.125,7,7,GTCTCTACGTACAAATACCC,0,4483514
yahC_predicted,0.125,7,7,GTCTCCACCAACATTCGCCA,0,4474217
yahC_predicted,0.125,7,7,GTCGTTCGCTACCTGAGCTG,0,4511805
yahC_predicted,0.125,7,7,GTCGTCTTACAGAGCATTTG,0,4502377
yahC_predicted,0.125,7,7,GTCGCTCTCACTGGCAAGCG,0,4491039
yahC_predicted,0.125,7,7,GTCGCACGTTCCAGAATAGC,0,4498128
yahC_predicted,0.125,7,7,GTCGAGCGGGTAGACAGATA,0,4476902
yahC_predicted,0.125,7,7,GTCCTAACACTGTGGGGAGA,0,4491217
yahC_predicted,0.125,7,7,GTCCCGTCAATTCACAGTAA,0,4511102
yahC_predicted,0.125,7,7,GTCCACGCGAATTGCAAAAA,0,4493516
yahC_predicted,0.125,7,7,GTCAATACCAGTAACATTAT,0,4495998
yahC_predicted,0.125,7,7,GTATGTACGCACCTAACGCA,0,4505488
yahC_predicted,0.125,7,7,GTATGATCCACGGTCGGACT,0,4483792
yahC_predicted,0.125,7,7,GTATATCGCGGGGCTTGGGG,0,4493929
yahC_predicted,0.125,7,7,GTATACTAGCTCGGCTGTTG,0,4482743
yahC_predicted,0.125,7,7,GTAGTATTTTGGGTGCCACC,0,4475996
yahC_predicted,0.125,7,7,GTACGTCACCTGTATTTGTT,0,4474690
yahC_predicted,0.125,7,7,GTACCGCAGTGTTCAACTAA,0,4485727
yahC_predicted,0.125,7,7,GTACCCGCACCGCTACGCCT,0,4488688
yahC_predicted,0.125,7,7,GTAACGGGCGCGCGCTCTCG,0,4504698
yahC_predicted,0.125,7,7,GTAACAGTGAGGGGAGAGTG,0,4477276
yahC_predicted,0.125,7,7,GGTTCTTACAGAGGTTCAAT,0,4506627
yahC_predicted,0.125,7,7,GGTTAAGCGTTTGGGTTTGA,0,4502409
yahC_predicted,0.125,7,7,GGTGTGCCTAACGACGCTAA,0,4493533
yahC_predicted,0.125,7,7,GGTGGTGATACGATTAATTA,0,4499465
yahC_predicted,0.125,7,7,GGTGGTCTCTGTGAGGATAG,0,4503312
yahC_predicted,0.125,7,7,GGTGGCAGTGATTATGTAGG,0,4484224
yahC_predicted,0.125,7,7,GGTGACACGTGCTCAGGTCA,0,4495713
yahC_predicted,0.125,7,7,GGTCTCATGGGACAGAAGAC,0,4504142
yahC_predicted,0.125,7,7,GGGTCCGTTAGCGATGTGAT,0,4492622
yahC_predicted,0.125,7,7,GGGTATTAGTTGCTCAGGTT,0,4507223
yahC_predicted,0.125,7,7,GGGGTTTGCGCGCGAAAAAA,0,4483194
yahC_predicted,0.125,7,7,GGGGGGTTTTGTCGTCTGTA,0,4472994
yahC_predicted,0.125,7,7,GGGGATGTAAGGGTTGACGG,0,4487654
yahC_predicted,0.125,7,7,GGGGAATATCAAGGACATGT,0,4496868
yahC_predicted,0.125,7,7,GGGCTTCTCGGAACTTCGCA,0,4508811
yahC_predicted,0.125,7,7,GGGCTGATCGTGTATCACCT,0,4483680
yahC_predicted,0.125,7,7,GGGCTAGGTCTTAACCAACA,0,4508669
yahC_predicted,0.125,7,7,GGGCAGACGTGCCGCTAGTG,0,4485557
yahC_predicted,0.125,7,7,GGGCAATAACTACAGAATAT,0,4482458
yahC_predicted,0.125,7,7,GGGAGTCCCGCCCAACACGG,0,4490463
yahC_predicted,0.125,7,7,GGGAGGGAGGAGCTTTGCGT,0,4486729
yahC_predicted,0.125,7,7,GGCTGATGCAGGGAAGTTTC,0,4481268
yahC_predicted,0.125,7,7,GGCGTCGAGCAGTGTACCAG,0,4507925
yahC_predicted,0.125,7,7,GGCGACACGCGGAAACCCCC,0,4479516
yahC_predicted,0.125,7,7,GGCCGAAGCTGCCCGTTTCA,0,4504776
yahC_predicted,0.125,7,7,GGCATGTAATCTGTTACTCC,0,4484555
yahC_predicted,0.125,7,7,GGCATAAAACCAACCAAAAC,0,4494718
yahC_predicted,0.125,7,7,GGCACTATGTTTTGCCTGTG,0,4511438
yahC_predicted,0.125,7,7,GGATCTTATGTCCCCCACGC,0,4483789
yahC_predicted,0.125,7,7,GGAGTCAAGTTGGCGGGAGG,0,4478390
yahC_predicted,0.125,7,7,GGAGGGGCTCAGGACCTTCG,0,4473189
yahC_predicted,0.125,7,7,GGAGGGGAGCCCAAGTGAAA,0,4507214
yahC_predicted,0.125,7,7,GGACTAGCCAAAGGTCATTC,0,4478514
yahC_predicted,0.125,7,7,GGACCGGGTGTTATAGCACG,0,4477602
yahC_predicted,0.125,7,7,GGAATTCGCCCGGGAATGTC,0,4490771
yahC_predicted,0.125,7,7,GGAAGTATATGTCGAGGACT,0,4483398
yahC_predicted,0.125,7,7,GGAACGACGTGTCAGGGTAT,0,4507906
yahC_predicted,0.125,7,7,GCTTTACCGGATCACTCCGG,0,4506368
yahC_predicted,0.125,7,7,GCTTGGCACCTGCCGACACG,0,4475181
yahC_predicted,0.125,7,7,GCTTATACGTACTTGTGTAG,0,4502824
yahC_predicted,0.125,7,7,GCTTACGATCGTCCAGTATT,0,4493094
yahC_predicted,0.125,7,7,GCTGGCGCATCTTGACAGTA,0,4505976
yahC_predicted,0.125,7,7,GCTGCAAATAGGTCGTGCGA,0,4503930
yahC_predicted,0.125,7,7,GCTCGGTTTGATCCCGGGGC,0,4489138
yahC_predicted,0.125,7,7,GCTCCGGCATGGCGGGAATC,0,4476422
yahC_predicted,0.125,7,7,GCTCACTCTTTACAGTTTAG,0,4484231
yahC_predicted,0.125,7,7,GCTAACTTGGGAGTATACGG,0,4478961
yahC_predicted,0.125,7,7,GCGTGAGCGGGGGGGTGTAG,0,4505643
yahC_predicted,0.125,7,7,GCGGTTTCTGGTGTGGCGCT,0,4510320
yahC_predicted,0.125,7,7,GCGGGTCCGGGGATCTCACT,0,4487925
yahC_predicted,0.125,7,7,GCGCCAGCGATCCGGTATCC,0,4493277
yahC_predicted,0.125,7,7,GCGATGTAAGCGGACCTGAT,0,4473588
yahC_predicted,0.125,7,7,GCGAATTTGGAAGTAGGTGT,0,4493404
yahC_predicted,0.125,7,7,GCCTTGTATGGTCTACAAAT,0,4498747
yahC_predicted,0.125,7,7,GCCTCATATGCAAAAATAAA,0,4497212
yahC_predicted,0.125,7,7,GCCTATTGCGACGTCGGATT,0,4485421
yahC_predicted,0.125,7,7,GCCGTGAAAGGGACAGGCCA,0,4499625
yahC_predicted,0.125,7,7,GCCGGGAGTAGGCGTAAAAG,0,4500507
yahC_predicted,0.125,7,7,GCCGAAAACGTATGGTTAAT,0,4509931
yahC_predicted,0.125,7,7,GCCCTTGTCTACGGGACCAT,0,4489959
yahC_predicted,0.125,7,7,GCCATGTAAATCTACCAGGG,0,4509624
yahC_predicted,0.125,7,7,GCCATAGACTACAGGGGAAT,0,4484693
yahC_predicted,0.125,7,7,GCCAGCTGACTTACTTAGTC,0,4489337
yahC_predicted,0.125,7,7,GCCAAGTGGACATATTTCAT,0,4482388
yahC_predicted,0.125,7,7,GCATTTTATGACAGGGGGGA,0,4472596
yahC_predicted,0.125,7,7,GCATCTCGGCGTATAGAAGA,0,4495027
yahC_predicted,0.125,7,7,GCATATCGGGATATGAACTG,0,4486447
yahC_predicted,0.125,7,7,GCAGTTTTAGTGTTAAAGTC,0,4482422
yahC_predicted,0.125,7,7,GCAGGTCGATACTCCGGCGC,0,4511902
yahC_predicted,0.125,7,7,GCAGGATCACGTTTCCTTAG,0,4477835
yahC_predicted,0.125,7,7,GCAGCAAGCGGTAAGCGTTC,0,4493739
yahC_predicted,0.125,7,7,GCAAGGGGAAGGTGCCGTGC,0,4493463
yahC_predicted,0.125,7,7,GCAAGGAGCGCCCTGTTCCT,0,4480782
yahC_predicted,0.125,7,7,GCAACGGCCTGCTCCAATCA,0,4497600
yahC_predicted,0.125,7,7,GATTTGGATTAGATTGGTAC,0,4497162
yahC_predicted,0.125,7,7,GATTTCCGATGCTCGGCTCC,0,4512094
yahC_predicted,0.125,7,7,GATTGGGCAGAACTGCCAAG,0,4502407
yahC_predicted,0.125,7,7,GATTAACCTGTAAGCGATCC,0,4480063
yahC_predicted,0.125,7,7,GATGTATAGCCCGCTCATTA,0,4494932
yahC_predicted,0.125,7,7,GATGATCAGGGCTTAGTATG,0,4499118
yahC_predicted,0.125,7,7,GATCTAGAACTACGAGTAGG,0,4484733
yahC_predicted,0.125,7,7,GATAAGTTACATAAATAACC,0,4480994
yahC_predicted,0.125,7,7,GAGTGTTGGCATAGCACTGG,0,4498243
yahC_predicted,0.125,7,7,GAGTGTAGCCGAGAGGAAAT,0,4505645
yahC_predicted,0.125,7,7,GAGTGTAAGTCCGAGATTAT,0,4507315
yahC_predicted,0.125,7,7,GAGTCGGCGAATTGGGCTGC,0,4492867
yahC_predicted,0.125,7,7,GAGGGTTTTACTCCGTCGGG,0,4502495
yahC_predicted,0.125,7,7,GAGGAGATAGACAATTGGGG,0,4488014
yahC_predicted,0.125,7,7,GAGGACAATCTAGCCGAAGA,0,4475488
yahC_predicted,0.125,7,7,GAGCCTGTGTCATGAACTGA,0,4480783
yahC_predicted,0.125,7,7,GAGCCGGCCGAAGTCCAGGG,0,4491901
yahC_predicted,0.125,7,7,GAGCATGGGTTTGCGTTTCA,0,4482139
yahC_predicted,0.125,7,7,GAGAACTCGGAAGATAGTCC,0,4501495
yahC_predicted,0.125,7,7,GACTAGGATATTTCTCTGTA,0,4502524
yahC_predicted,0.125,7,7,GACGCTCATCGGGCTTCGTA,0,4478119
yahC_predicted,0.125,7,7,GACGACCACATCTAGCGAAG,0,4496779
yahC_predicted,0.125,7,7,GACAGACCTTAATGAATTTC,0,4493978
yahC_predicted,0.125,7,7,GACACTACTCCGGAGTTAAT,0,4496482
yahC_predicted,0.125,7,7,GACACCCGTTTCGGAAATCC,0,4506587
yahC_predicted,0.125,7,7,GAATTGGACTAGCACGGTGC,0,4481565
yahC_predicted,0.125,7,7,GAATCCAGGTTGCGGTCAAA,0,4489863
yahC_predicted,0.125,7,7,GAATACAACAGGGTCAGGGG,0,4500090
yahC_predicted,0.125,7,7,GAAGTTTAGTATTAACCAAT,0,4500698
yahC_predicted,0.125,7,7,GAACAACACATGTTGTCAGT,0,4489489
yahC_predicted,0.125,7,7,CTTTAAGACAGGTGTTCGTA,0,4506236
yahC_predicted,0.125,7,7,CTTGAGTGTTGTTCATTCTA,0,4484364
yahC_predicted,0.125,7,7,CTTACGAAATAACCATACTC,0,4484711
yahC_predicted,0.125,7,7,CTGTTACAAGGTCAACACTG,0,4496417
yahC_predicted,0.125,7,7,CTGTCCAAAGTAAGCGGTAT,0,4487883
yahC_predicted,0.125,7,7,CTGGTCCTTGTAAATAAATC,0,4476978
yahC_predicted,0.125,7,7,CTGGTATGTTTCGCAAGGCC,0,4473935
yahC_predicted,0.125,7,7,CTGATGCCGACCAACCGTCA,0,4489381
yahC_predicted,0.125,7,7,CTGATATGGGACGGGCTTAT,0,4503864
yahC_predicted,0.125,7,7,CTGATACAACATCCACAAGT,0,4481631
yahC_predicted,0.125,7,7,CTGACAACGGTTGTATCTTT,0,4499736
yahC_predicted,0.125,7,7,CTCTGTCCGTCTCAATACGC,0,4496684
yahC_predicted,0.125,7,7,CTCGTGCTGGAATGGACCAA,0,4481123
yahC_predicted,0.125,7,7,CTCGTCATGATTGGTGACTC,0,4480455
yahC_predicted,0.125,7,7,CTCGCCATACCTTAGTTTGG,0,4487931
yahC_predicted,0.125,7,7,CTCAGCATGACGCCGGGGGC,0,4486846
yahC_predicted,0.125,7,7,CTCACCCCCGAGTGACCTAG,0,4488420
yahC_predicted,0.125,7,7,CTCAACCGACTCTCTGTGAG,0,4511545
yahC_predicted,0.125,7,7,CTATTAACTAGCAACTCGCC,0,4506699
yahC_predicted,0.125,7,7,CTATTAAAAAATAATTGGAG,0,4491822
yahC_predicted,0.125,7,7,CTATGACTCCCCCACAGACT,0,4501929
yahC_predicted,0.125,7,7,CTAGCAGCATGATAGACAGG,0,4477836
yahC_predicted,0.125,7,7,CTACGTGTACGCGGAAGCTA,0,4502550
yahC_predicted,0.125,7,7,CTACGAGCGATCCTGAGTCA,0,4489195
yahC_predicted,0.125,7,7,CTACCTATTTCGAGTTTTAC,0,4476067
yahC_predicted,0.125,7,7,CGTTTTGCGTCGCGCGCTAA,0,4476099
yahC_predicted,0.125,7,7,CGTTTTATATTAAGTGACTA,0,4489291
yahC_predicted,0.125,7,7,CGTTGCCGTGATTACGAGTC,0,4501207
yahC_predicted,0.125,7,7,CGTTAATTTAGTATGTCTGG,0,4508397
yahC_predicted,0.125,7,7,CGTGTGTTTGTTTGGAGCAT,0,4487845
yahC_predicted,0.125,7,7,CGTGTGTTTGAGTATTTTCT,0,4485873
yahC_predicted,0.125,7,7,CGTGTCACTGCTGTCACTCC,0,4497689
yahC_predicted,0.125,7,7,CGTCTTCATACCCTAATGAG,0,4493043
yahC_predicted,0.125,7,7,CGTATATCCGCACCTGTGTA,0,4474271
yahC_predicted,0.125,7,7,CGTAGGTAGGGCCGCATTTC,0,4484846
yahC_predicted,0.125,7,7,CGTAACGAATTTTAATGGGG,0,4478775
yahC_predicted,0.125,7,7,CGGTTTTAGAAAAACTACAG,0,4482899
yahC_predicted,0.125,7,7,CGGTGAGGGTCGTCACCACA,0,4476102
yahC_predicted,0.125,7,7,CGGTGAAGTGCTGCACGAAG,0,4510199
yahC_predicted,0.125,7,7,CGGTCTTGTGTGGTGCAGTG,0,4494654
yahC_predicted,0.125,7,7,CGGGTTAATGGGTCGAACCG,0,4474990
yahC_predicted,0.125,7,7,CGGGTAACGAGATGTTTGAA,0,4479276
yahC_predicted,0.125,7,7,CGGGCTGTGGCCTACATTTG,0,4496379
yahC_predicted,0.125,7,7,CGGGCGCCGATTGCAAGCGT,0,4507217
yahC_predicted,0.125,7,7,CGGCTCGGGCATACTACTCT,0,4479756
yahC_predicted,0.125,7,7,CGGCTATCTTCCGTGGTCTC,0,4504986
yahC_predicted,0.125,7,7,CGGCACAGACAGAATTTGAG,0,4479384
yahC_predicted,0.125,7,7,CGGAGGCCGAGTGGTTGCGC,0,4478195
yahC_predicted,0.125,7,7,CGGACGCGTCCGGGTCCACT,0,4511374
yahC_predicted,0.125,7,7,CGCTCTTTCGTATTGAGTGC,0,4492983
yahC_predicted,0.125,7,7,CGCTCAGGTGTCCGCGGAAT,0,4472671
yahC_predicted,0.125,7,7,CGCGTGCTTACGCAAACTGC,0,4484910
yahC_predicted,0.125,7,7,CGCGGGTCCGCTCCGGTGAT,0,4478383
yahC_predicted,0.125,7,7,CGCCTGGATGTATGCATCGG,0,4498016
yahC_predicted,0.125,7,7,CGCAGTTAATATGGGTAGGC,0,4499322
yahC_predicted,0.125,7,7,CGATCTAGTATGTTATATCA,0,4505811
yahC_predicted,0.125,7,7,CGATCATTCTCCGGGCCACG,0,4508128
yahC_predicted,0.125,7,7,CGAGTTGTAGGGGGAGAGGA,0,4511513
yahC_predicted,0.125,7,7,CGAGTGACGATCGCTGTCCG,0,4479548
yahC_predicted,0.125,7,7,CGAGTAAAGTATTTATATTC,0,4491794
yahC_predicted,0.125,7,7,CGAGACCAGTTGTCCCCCGT,0,4491410
yahC_predicted,0.125,7,7,CGACTCCGTGCAAGCCGATA,0,4510990
yahC_predicted,0.125,7,7,CGACATTAGTGTTGCTCATG,0,4478617
yahC_predicted,0.125,7,7,CCTTTCTGTACAGGGGGCAG,0,4495142
yahC_predicted,0.125,7,7,CCTTACTAGATGCGGTCAAA,0,4479865
yahC_predicted,0.125,7,7,CCTGTATTCAGCGTTCTACT,0,4476577
yahC_predicted,0.125,7,7,CCTGCCATCTTAAATTCAAG,0,4481266
yahC_predicted,0.125,7,7,CCTCGTGCTTTGGAAATACA,0,4488435
yahC_predicted,0.125,7,7,CCTCGGGTTCAGGGGGTGGA,0,4499178
yahC_predicted,0.125,7,7,CCTCAGATATAGCACCAAGG,0,4493607
yahC_predicted,0.125,7,7,CCTATTTTGGCAGTGCACTT,0,4476870
yahC_predicted,0.125,7,7,CCGTTATCTGGCACTATGTT,0,4479758
yahC_predicted,0.125,7,7,CCGTTATAAGATGGCTAGAG,0,4492116
yahC_predicted,0.125,7,7,CCGTGGCCGAAAAACTGAAC,0,4478194
yahC_predicted,0.125,7,7,CCGTCGTTCAAGTATTACCT,0,4487367
yahC_predicted,0.125,7,7,CCGTCGGATTAGTCCGGCAT,0,4495825
yahC_predicted,0.125,7,7,CCGGTTCATTGGACACCATA,0,4492501
yahC_predicted,0.125,7,7,CCGGTCGTAGGGGTCCGTCT,0,4506161
yahC_predicted,0.125,7,7,CCGCTATGGCTAACATACTC,0,4501044
yahC_predicted,0.125,7,7,CCGCTATGCGCCACCACTGG,0,4503044
yahC_predicted,0.125,7,7,CCCTTTATGACCTACATTAC,0,4510063
yahC_predicted,0.125,7,7,CCCTGAGCTTCATCTGATTT,0,4498237
yahC_predicted,0.125,7,7,CCCTCAGGCCTCCAGTAATG,0,4476339
yahC_predicted,0.125,7,7,CCCTACTGTCAAACGCAACT,0,4508376
yahC_predicted,0.125,7,7,CCCTACCAGTTCGGAATGAT,0,4486887
yahC_predicted,0.125,7,7,CCCGGAGATAATTACCATGT,0,4486448
yahC_predicted,0.125,7,7,CCCGGAACCGTGCCAAGACG,0,4485534
yahC_predicted,0.125,7,7,CCCGACTACGTACATTAGAA,0,4497819
yahC_predicted,0.125,7,7,CCCCGGCATATCTCTCTATA,0,4475720
yahC_predicted,0.125,7,7,CCCCATAAAAGGGACTGGTT,0,4506522
yahC_predicted,0.125,7,7,CCCATGCTTCTTGGTAGAAA,0,4503164
yahC_predicted,0.125,7,7,CCCACATCCGGCGAGTAGTT,0,4473018
yahC_predicted,0.125,7,7,CCATGATAAGCCAGTATGTC,0,4479449
yahC_predicted,0.125,7,7,CCATAGTCACTTGGGAGTAT,0,4497473
yahC_predicted,0.125,7,7,CCAGGGACGAGGCAGAGACT,0,4477925
yahC_predicted,0.125,7,7,CCAGCTGTGTACGTGTTCGA,0,4499671
yahC_predicted,0.125,7,7,CCAGCCAGTCCCGTGATAGT,0,4502296
yahC_predicted,0.125,7,7,CCAGAACCTCAGAAATGGGA,0,4487570
yahC_predicted,0.125,7,7,CATTGGCGTTGGCGCCCCCG,0,4492829
yahC_predicted,0.125,7,7,CATTAGCTTTTGTTTCAGCA,0,4496632
yahC_predicted,0.125,7,7,CATGAGTGGTCTCAAGAAGT,0,4484729
yahC_predicted,0.125,7,7,CATCGTCTACTGCAGGTTAT,0,4498963
yahC_predicted,0.125,7,7,CATCACAAGCACGGCTGCCC,0,4495360
yahC_predicted,0.125,7,7,CATAGCTTCGGACTTTGCTA,0,4508044
yahC_predicted,0.125,7,7,CATAGAGTTTTCTACCATGA,0,4486545
yahC_predicted,0.125,7,7,CATAGAATGTGAAAACTGCC,0,4495350
yahC_predicted,0.125,7,7,CATACATCGGAGCACGTGGG,0,4476964
yahC_predicted,0.125,7,7,CAGTTTATGCTTCCCGCTTG,0,4496664
yahC_predicted,0.125,7,7,CAGTGAGCGAGTTCCCATGA,0,4509613
yahC_predicted,0.125,7,7,CAGTCTATCCTACCTAATTA,0,4486527
yahC_predicted,0.125,7,7,CAGTCCTTCACCAACTGGTG,0,4474231
yahC_predicted,0.125,7,7,CAGGACGTGATTCGAGCTGA,0,4480271
yahC_predicted,0.125,7,7,CAGCCAGCATTTTTTCTAAT,0,4487353
yahC_predicted,0.125,7,7,CAGATCGCCCAACGAATGCA,0,4500095
yahC_predicted,0.125,7,7,CACTTTGCGGATGTAATAAG,0,4509772
yahC_predicted,0.125,7,7,CACTCCGAGGCACATCTTAG,0,4508575
yahC_predicted,0.125,7,7,CACGAGGGGTTGGTCTCTTC,0,4491712
yahC_predicted,0.125,7,7,CACCGGGCTCTTTGTCAATG,0,4487280
yahC_predicted,0.125,7,7,CAATAACATGACTGCCGCAG,0,4481844
yahC_predicted,0.125,7,7,CAAGTTACCGGGTCAAGTTG,0,4501328
yahC_predicted,0.125,7,7,CAAGTGTGGATTGAGATATA,0,4499170
yahC_predicted,0.125,7,7,CAAGAGGGTGTCCTGGTCAT,0,4474221
yahC_predicted,0.125,7,7,CAAGAAAAATGCTACTTCTT,0,4480479
yahC_predicted,0.125,7,7,CAACTGTAGGGATAGCCCAA,0,4500557
yahC_predicted,0.125,7,7,CAACGTCTTTCGCGAGTGTC,0,4505024
yahC_predicted,0.125,7,7,CAACGGTCTGAGGTCACAGG,0,4492430
yahC_predicted,0.125,7,7,ATTTCTGGACTTAGGAGGAG,0,4510533
yahC_predicted,0.125,7,7,ATTTCGTCGGCCCCCTCGAT,0,4496445
yahC_predicted,0.125,7,7,ATTTCCTACAGGAATCGTAC,0,4506475
yahC_predicted,0.125,7,7,ATTGTGGCCACTGGCTCGGG,0,4487529
yahC_predicted,0.125,7,7,ATTGGGAGCTATCACGCTGG,0,4491281
yahC_predicted,0.125,7,7,ATTCTTCGCCTTGCAGACAG,0,4503874
yahC_predicted,0.125,7,7,ATTCTTAGTCTGGATTCGGA,0,4486617
yahC_predicted,0.125,7,7,ATTCGCAGATCAAAACGAGA,0,4510122
yahC_predicted,0.125,7,7,ATTCCCACTGGATCAAACTT,0,4497127
yahC_predicted,0.125,7,7,ATTACTAATGCGGTACCCTC,0,4504049
yahC_predicted,0.125,7,7,ATTACGTCGCGAAAGTCAAT,0,4507665
yahC_predicted,0.125,7,7,ATTACCTCCTGGGCGGTTGA,0,4477614
yahC_predicted,0.125,7,7,ATGGTCCTTCCGGGGGCGGC,0,4475190
yahC_predicted,0.125,7,7,ATGGTCAGAAACCGGGCGGT,0,4499433
yahC_predicted,0.125,7,7,ATGGGCTTGAGAGGGGAGCG,0,4489123
yahC_predicted,0.125,7,7,ATGGGCGTTTAGCGAGACTT,0,4495370
yahC_predicted,0.125,7,7,ATGGCTTCTGATTCACCGCT,0,4495081
yahC_predicted,0.125,7,7,ATGGCGATGGACTGTCATGA,0,4496053
yahC_predicted,0.125,7,7,ATGCTTGCCGGATGGTGTTT,0,4504732
yahC_predicted,0.125,7,7,ATGCCGACCATATAGTCACT,0,4500045
yahC_predicted,0.125,7,7,ATGAAAACCAGAGCCGGAAA,0,4475855
yahC_predicted,0.125,7,7,ATCTCGGGGGGTCAAGAAAA,0,4487062
yahC_predicted,0.125,7,7,ATCTATACCCGCCCGGAGGG,0,4499215
yahC_predicted,0.125,7,7,ATCTACGTGGCGGTACGAGA,0,4509921
yahC_predicted,0.125,7,7,ATCGACGTGGGGGAACCACT,0,4508087
yahC_predicted,0.125,7,7,ATCGAAGGCTAGCGTTCTCG,0,4506515
yahC_predicted,0.125,7,7,ATCCCGGGGCTTGAATCGCT,0,4495040
yahC_predicted,0.125,7,7,ATCCAGAGTAACTCGCTATC,0,4476843
yahC_predicted,0.125,7,7,ATCATTTAGTCCAGTACGGT,0,4492508
yahC_predicted,0.125,7,7,ATCAGGGGACGGTCTGTGTA,0,4480277
yahC_predicted,0.125,7,7,ATATGGCTGTCGAGACGAGA,0,4477109
yahC_predicted,0.125,7,7,ATAGTTGGACATTTTCGGTG,0,4476211
yahC_predicted,0.125,7,7,ATAGTTAAAACCCCCGCAGA,0,4484943
yahC_predicted,0.125,7,7,ATAGCTCTTGTTGATGGAAA,0,4494261
yahC_predicted,0.125,7,7,ATAGCAGGACAAAAGCCAAT,0,4474723
yahC_predicted,0.125,7,7,ATAGCACAGGGTGTCCACCC,0,4472465
yahC_predicted,0.125,7,7,ATACAATCTTGCTCAGCTGA,0,4481907
yahC_predicted,0.125,7,7,ATAAACGTACGCGAGTAGGA,0,4496866
yahC_predicted,0.125,7,7,AGTTCGTCTTCATAGCCCGT,0,4509369
yahC_predicted,0.125,7,7,AGTTCCGCTCTAAGGCTGCT,0,4476895
yahC_predicted,0.125,7,7,AGTTACGGCCGATTGCATCC,0,4493575
yahC_predicted,0.125,7,7,AGTGAAATCCATCGAGGAAA,0,4499837
yahC_predicted,0.125,7,7,AGTCCGGCGCAGAGGGGATT,0,4511938
yahC_predicted,0.125,7,7,AGTCCGCCAGTTTGTGGGTA,0,4487190
yahC_predicted,0.125,7,7,AGTATTGTTTATGAATTTTG,0,4489363
yahC_predicted,0.125,7,7,AGTAACCAACAATCAGGACC,0,4495686
yahC_predicted,0.125,7,7,AGGTTGTCTGACTTGGTGCC,0,4511487
yahC_predicted,0.125,7,7,AGGTCTTCGATCCAAACAGT,0,4507353
yahC_predicted,0.125,7,7,AGGTCCGGCCCAACAATTCC,0,4490656
yahC_predicted,0.125,7,7,AGGTACTTGCCGCACGAGAA,0,4473179
yahC_predicted,0.125,7,7,AGGGTGCTAAACGCTTGGGT,0,4487243
yahC_predicted,0.125,7,7,AGGGGATGGGTGCTGGACAA,0,4505783
yahC_predicted,0.125,7,7,AGGGCCAAGTGTGTCGCTAA,0,4486594
yahC_predicted,0.125,7,7,AGGGAGCTCAGTGTCGAGGG,0,4500247
yahC_predicted,0.125,7,7,AGGCGCTGACGGTTGAACGA,0,4484222
yahC_predicted,0.125,7,7,AGGCCGCTGGTGCGGTATGG,0,4476793
yahC_predicted,0.125,7,7,AGGCCCGATGCGCTTGGCGC,0,4511404
yahC_predicted,0.125,7,7,AGGAAGGCACATCGCCTGAA,0,4482801
yahC_predicted,0.125,7,7,AGGAACATGACCGCCTAGGG,0,4481355
yahC_predicted,0.125,7,7,AGCTAATTCGGACAATTTGG,0,4473585
yahC_predicted,0.125,7,7,AGCTAAATCAGTCCTACAGA,0,4479344
yahC_predicted,0.125,7,7,AGCCGGCATCGCCGGTACAG,0,4478234
yahC_predicted,0.125,7,7,AGCCGAAGAAGTCAGTTGGT,0,4486157
yahC_predicted,0.125,7,7,AGCCCTTGTCTTAAGCTGGA,0,4495725
yahC_predicted,0.125,7,7,AGCCCCGCTAGTGATTCATG,0,4510915
yahC_predicted,0.125,7,7,AGCCCACGCTCCTCCTGGCT,0,4499922
yahC_predicted,0.125,7,7,AGCACCGACGCGAGTTCAAC,0,4475997
yahC_predicted,0.125,7,7,AGATTTCTGAGTGCTAATAT,0,4484115
yahC_predicted,0.125,7,7,AGAGGTTCTAGTGTTCTGAG,0,4506442
yahC_predicted,0.125,7,7,AGAGCTGTCCTGTGGATACG,0,4499222
yahC_predicted,0.125,7,7,AGACTGAATGCATCTCCAGA,0,4495896
yahC_predicted,0.125,7,7,AGACGCGTGCACTGGAATCA,0,4472577
yahC_predicted,0.125,7,7,AGACATTTGTCCGTCCGGCA,0,4487394
yahC_predicted,0.125,7,7,AGACAAGTGTGCGGGCACAT,0,4495541
yahC_predicted,0.125,7,7,ACTTCTTGAAGTTGATTGTA,0,4504129
yahC_predicted,0.125,7,7,ACTTATGCAACACCGAGCTG,0,4482358
yahC_predicted,0.125,7,7,ACTTACGATAGTCACCGTTT,0,4491968
yahC_predicted,0.125,7,7,ACTGTGAGAGTAATATATTT,0,4484623
yahC_predicted,0.125,7,7,ACTCCGGATCTTAGGCTTCA,0,4511569
yahC_predicted,0.125,7,7,ACTCATCATCGAGGACATTG,0,4489140
yahC_predicted,0.125,7,7,ACTACTATGCGCGTCATATC,0,4507529
yahC_predicted,0.125,7,7,ACGTTGGAAAGTGACATTAA,0,4491984
yahC_predicted,0.125,7,7,ACGTGTATTGTCGCCTACCG,0,4499585
yahC_predicted,0.125,7,7,ACGTGGCCATCCGACAGGTC,0,4485157
yahC_predicted,0.125,7,7,ACGGTGGCAAGGATACTTTA,0,4503671
yahC_predicted,0.125,7,7,ACGGGCACTGTGTGTCAATT,0,4480991
yahC_predicted,0.125,7,7,ACGGCCGTAATCCCTGCTCA,0,4511286
yahC_predicted,0.125,7,7,ACGGCCATGTTATCATCTCG,0,4503453
yahC_predicted,0.125,7,7,ACGCGGGCTCACCCCCTAGG,0,4500198
yahC_predicted,0.125,7,7,ACGCCGCATGTATACTTTGT,0,4496243
yahC_predicted,0.125,7,7,ACGCAAAACAGGAGCAGTTT,0,4499243
yahC_predicted,0.125,7,7,ACCTTGAACTTGGGAAACTG,0,4508201
yahC_predicted,0.125,7,7,ACCTGCGTCCTCGGTAGTCC,0,4487007
yahC_predicted,0.125,7,7,ACCTGACCAAGACATGAAGA,0,4495782
yahC_predicted,0.125,7,7,ACCTCAGGGTGTAGGCGCCT,0,4492670
yahC_predicted,0.125,7,7,ACCGTGCCCTGGGGAATGTC,0,4476648
yahC_predicted,0.125,7,7,ACCGCCCAGAGGTTTGTGAT,0,4507800
yahC_predicted,0.125,7,7,ACCGAACAACGCGCTGCAGC,0,4480897
yahC_predicted,0.125,7,7,ACCCTCAGGGCAATACACAA,0,4483670
yahC_predicted,0.125,7,7,ACCCCACAAAGTCCACACAT,0,4475495
yahC_predicted,0.125,7,7,ACCCACCCCGACGAGGTATA,0,4486292
yahC_predicted,0.125,7,7,ACCAGGACCTAACTTCCGTC,0,4476101
yahC_predicted,0.125,7,7,ACAGGACGAAGATTCAGGCT,0,4496345
yahC_predicted,0.125,7,7,ACAGCTCAAACTTTGTTAAG,0,4506483
yahC_predicted,0.125,7,7,ACACTTTCCCTTTCAGGCCG,0,4499443
yahC_predicted,0.125,7,7,ACACTATAACGTTCCTGTGC,0,4511492
yahC_predicted,0.125,7,7,ACAATGGGGCTGAGGTGACC,0,4507623
yahC_predicted,0.125,7,7,ACAATCCTTGCGCATTGTGC,0,4473075
yahC_predicted,0.125,7,7,ACAAGGCTGTACACAATGGA,0,4484128
yahC_predicted,0.125,7,7,ACAAATTGCAAACCGAAACG,0,4495602
yahC_predicted,0.125,7,7,AATTTCCGGGCTTTGAGCCT,0,4506418
yahC_predicted,0.125,7,7,AATTGTCGCGGGTGAGGGAC,0,4473850
yahC_predicted,0.125,7,7,AATTCATTCAACATATCTAT,0,4502819
yahC_predicted,0.125,7,7,AATTATGCAGCCGATGCGAA,0,4490457
yahC_predicted,0.125,7,7,AATCGTATATAGGGATACGC,0,4486455
yahC_predicted,0.125,7,7,AATCAAAAGTAACCACGGTC,0,4495776
yahC_predicted,0.125,7,7,AATATTTTTAACGAGCGGTT,0,4480666
yahC_predicted,0.125,7,7,AATATACAAAACTCCTTATT,0,4472967
yahC_predicted,0.125,7,7,AAGGGTTACTGCATAACAAT,0,4481859
yahC_predicted,0.125,7,7,AAGGCTGCAGCGTAGGTATT,0,4511117
yahC_predicted,0.125,7,7,AAGCGATTCCCGCTAAGAAC,0,4485363
yahC_predicted,0.125,7,7,AAGCAAAACGAGTGTGCTAA,0,4482215
yahC_predicted,0.125,7,7,AAGATGCTGCTGTACCTGCA,0,4480200
yahC_predicted,0.125,7,7,AAGACTTTCGTGGCGGGATT,0,4497559
yahC_predicted,0.125,7,7,AAGACTCGAAAAAGATACCT,0,4504617
yahC_predicted,0.125,7,7,AAGAATGGTTGCGCGGGGAG,0,4501562
yahC_predicted,0.125,7,7,AACTGGACCAAGTGCCGACC,0,4496283
yahC_predicted,0.125,7,7,AACTGCAAGTCACACGAGAT,0,4477002
yahC_predicted,0.125,7,7,AACTGAGTCTCGTACATCAA,0,4476914
yahC_predicted,0.125,7,7,AACTCGCCTAAAAGGTGCTT,0,4506127
yahC_predicted,0.125,7,7,AACGTTAGAGTCCTGTCTCA,0,4504795
yahC_predicted,0.125,7,7,AACGGGTAAGTCAAACAGGT,0,4488099
yahC_predicted,0.125,7,7,AACGCAGAAATATAGAACGG,0,4473057
yahC_predicted,0.125,7,7,AACACGTAGTTCTCGGTTTT,0,4476187
yahC_predicted,0.125,7,7,AACAACGTATTTTATCATAC,0,4489948
yahC_predicted,0.125,7,7,AAATTGCCAATGGGCGTCCC,0,4481277
yahC_predicted,0.125,7,7,AAATTCAGCGTTGTTTAGTC,0,4495883
yahC_predicted,0.125,7,7,AAATCTAACGGTTACCTCCA,0,4483746
yahC_predicted,0.125,7,7,AAATATCCTAACGCCGTTGA,0,4482393
yahC_predicted,0.125,7,7,AAAGGGTTTCGGATTCAGGT,0,4487139
yahC_predicted,0.125,7,7,AAAGCAATGACATACGGTCC,0,4494707
yahC_predicted,0.125,7,7,AAACGTGGGGCTCCAAGGCA,0,4511414
yahC_predicted,0.125,7,7,AAAACGAAATCCAGTCGAAA,0,4503027
yahC_predicted,0.125,7,7,AAAACCTCGCTTTACCAGCT,0,4495428
yahC_predicted,0.125,7,7,AAAACCGTGACCGCACCCTT,0,4475297
yahC_predicted,0.125,7,7,AAAACAAAATCGCTGCTTCT,0,4493651
yahC_predicted,0.14285714285714285,6,6,TTTTGCTGGAGCTCCGCGCG,0,4504165
yahC_predicted,0.14285714285714285,6,6,TTTTCCAAAAGTGAGAACCA,0,4506456
yahC_predicted,0.14285714285714285,6,6,TTTTAGGGGGAGACGGATTC,0,4474411
yahC_predicted,0.14285714285714285,6,6,TTTTAAAGCGTTATTATGTC,0,4474650
yahC_predicted,0.14285714285714285,6,6,TTTGGTGGATGTAGGTCAGT,0,4486480
yahC_predicted,0.14285714285714285,6,6,TTTGGGCTGGAGTATAAAAG,0,4479835
yahC_predicted,0.14285714285714285,6,6,TTTGCCTGGCCATTACAGAA,0,4488567
yahC_predicted,0.14285714285714285,6,6,TTTGAGCAACCCGATCAGCA,0,4492110
yahC_predicted,0.14285714285714285,6,6,TTTCGTGAAGTACCTTTGGC,0,4502577
yahC_predicted,0.14285714285714285,6,6,TTTACGAACTATGCGATTTT,0,4479389
yahC_predicted,0.14285714285714285,6,6,TTGTACAGCATGGCACGACG,0,4508369
yahC_predicted,0.14285714285714285,6,6,TTGGTATGTGCGCCTCCATA,0,4493642
yahC_predicted,0.14285714285714285,6,6,TTGGTAAGATAATTTCGTAA,0,4479786
yahC_predicted,0.14285714285714285,6,6,TTGGCCCCATGTCGTATCTG,0,4496405
yahC_predicted,0.14285714285714285,6,6,TTGCGTGGGTGCTATGCGTT,0,4496824
yahC_predicted,0.14285714285714285,6,6,TTGCCATATCATGGTCCGAC,0,4483769
yahC_predicted,0.14285714285714285,6,6,TTGATTCAATTCGCCGGGGC,0,4477694
yahC_predicted,0.14285714285714285,6,6,TTGATCACACCGAACGCCTC,0,4509528
yahC_predicted,0.14285714285714285,6,6,TTGAGGAACCGGAAGGTCGT,0,4506928
yahC_predicted,0.14285714285714285,6,6,TTCTGTCTACCGCGAGGCTA,0,4481494
yahC_predicted,0.14285714285714285,6,6,TTCTCCGCTCCGGTTCGTAG,0,4499929
yahC_predicted,0.14285714285714285,6,6,TTCTCAACGAGACCCAACTA,0,4503149
yahC_predicted,0.14285714285714285,6,6,TTCGTACTTTCATTGCTCAA,0,4484384
yahC_predicted,0.14285714285714285,6,6,TTCGGGGTTTAGAGCAGCTT,0,4499378
yahC_predicted,0.14285714285714285,6,6,TTCGGGGAATCATTAGTGAC,0,4486316
yahC_predicted,0.14285714285714285,6,6,TTCGCGGAGAATCGGGCAAG,0,4477044
yahC_predicted,0.14285714285714285,6,6,TTCCCGGACGTTTGGCGTCG,0,4482381
yahC_predicted,0.14285714285714285,6,6,TTCACTGGCGCCGGTCTCAT,0,4476007
yahC_predicted,0.14285714285714285,6,6,TTCACTCTTCTCGTTGACGC,0,4484504
yahC_predicted,0.14285714285714285,6,6,TTCACGCGGCTAGGCAAGAC,0,4498062
yahC_predicted,0.14285714285714285,6,6,TTCACAAGCTGTGACCGTAG,0,4477080
yahC_predicted,0.14285714285714285,6,6,TTCAAGTTACAAGGCTCCCA,0,4477773
yahC_predicted,0.14285714285714285,6,6,TTATGGGGACACCAACGCGG,0,4496696
yahC_predicted,0.14285714285714285,6,6,TTATGAACTACGGCAAACCA,0,4496163
yahC_predicted,0.14285714285714285,6,6,TTAGTTACGGCTGTGCACAT,0,4482533
yahC_predicted,0.14285714285714285,6,6,TTAGTCTTGCAAGCATGTAT,0,4494182
yahC_predicted,0.14285714285714285,6,6,TTAGGAACCTATACACCGTC,0,4496828
yahC_predicted,0.14285714285714285,6,6,TTAGACGAACGATCACAGTC,0,4505623
yahC_predicted,0.14285714285714285,6,6,TTACCGTTCGCTACTGTCGC,0,4481052
yahC_predicted,0.14285714285714285,6,6,TTAATACTTATCTCTTGACA,0,4481047
yahC_predicted,0.14285714285714285,6,6,TTAAATTTGTACAACACCAT,0,4476600
yahC_predicted,0.14285714285714285,6,6,TTAAATTTCTGCTCCACGGC,0,4480213
yahC_predicted,0.14285714285714285,6,6,TTAAAGAGTGTGTGACACAG,0,4503104
yahC_predicted,0.14285714285714285,6,6,TGTTGAGATTCACCTTGGAA,0,4490166
yahC_predicted,0.14285714285714285,6,6,TGTTCTGTCGTATCTAAGGA,0,4497623
yahC_predicted,0.14285714285714285,6,6,TGTTCAGTTTACGGACATTC,0,4476039
yahC_predicted,0.14285714285714285,6,6,TGTTAAGAGCTGCATTCTGT,0,4507851
yahC_predicted,0.14285714285714285,6,6,TGTTAACAGATCTAGCCCTA,0,4473406
yahC_predicted,0.14285714285714285,6,6,TGTCACTTGAAAGTCTAAGA,0,4487012
yahC_predicted,0.14285714285714285,6,6,TGTATTCCCGTATTCTGGCA,0,4484428
yahC_predicted,0.14285714285714285,6,6,TGTATAGCGAGGGGACCAGG,0,4510959
yahC_predicted,0.14285714285714285,6,6,TGTAAAAGGGTCTGGTCCTG,0,4499870
yahC_predicted,0.14285714285714285,6,6,TGGTGCCTTAGCTCGCGCAA,0,4475610
yahC_predicted,0.14285714285714285,6,6,TGGTCCGTCTCCGCAATTTA,0,4485622
yahC_predicted,0.14285714285714285,6,6,TGGTCAAGAGGAATATCTAG,0,4501577
yahC_predicted,0.14285714285714285,6,6,TGGGTCCCGCCGGATTGGAC,0,4501631
yahC_predicted,0.14285714285714285,6,6,TGGGATGCACCTGTGTCCAA,0,4489985
yahC_predicted,0.14285714285714285,6,6,TGGCTGGCTAGCCGGGATAT,0,4488307
yahC_predicted,0.14285714285714285,6,6,TGGCTATTGCGACGTCATCA,0,4499752
yahC_predicted,0.14285714285714285,6,6,TGGCGCAGCAGAGTCCCGGC,0,4505366
yahC_predicted,0.14285714285714285,6,6,TGGCCTATCCGGTTGACCCC,0,4506099
yahC_predicted,0.14285714285714285,6,6,TGGCCCCGCTTGGACGAGCA,0,4489526
yahC_predicted,0.14285714285714285,6,6,TGGATGGGATTGGGCACGTT,0,4506180
yahC_predicted,0.14285714285714285,6,6,TGCTGCGCTTGACCTGGGCA,0,4474547
yahC_predicted,0.14285714285714285,6,6,TGCTATGAGTATTGTATGAA,0,4503040
yahC_predicted,0.14285714285714285,6,6,TGCTAGTCTATTGGCACCCT,0,4496431
yahC_predicted,0.14285714285714285,6,6,TGCTAGGGTAGCATGGTGTC,0,4500005
yahC_predicted,0.14285714285714285,6,6,TGCTACGGCCCGGAGCTGCT,0,4479597
yahC_predicted,0.14285714285714285,6,6,TGCGTTACCTACAACTCCCT,0,4482560
yahC_predicted,0.14285714285714285,6,6,TGCGTATGCAATCCAATGTT,0,4484287
yahC_predicted,0.14285714285714285,6,6,TGCCTGGGTGTTACTTCGTC,0,4475338
yahC_predicted,0.14285714285714285,6,6,TGCCCCCGATCCTCAGCGCT,0,4511477
yahC_predicted,0.14285714285714285,6,6,TGCATTCGACTTGTACGGGC,0,4492623
yahC_predicted,0.14285714285714285,6,6,TGATTGCCCTCGACTTCTAA,0,4483533
yahC_predicted,0.14285714285714285,6,6,TGATCTCATTTTCTACGTTT,0,4492810
yahC_predicted,0.14285714285714285,6,6,TGAGGATTTAGTTATCAAGC,0,4499117
yahC_predicted,0.14285714285714285,6,6,TGAGGAACACCGTGAGAACG,0,4496526
yahC_predicted,0.14285714285714285,6,6,TGAGCTATGGCAACCGCCGC,0,4476731
yahC_predicted,0.14285714285714285,6,6,TGAAGTGCCGTAACAAAGTC,0,4505940
yahC_predicted,0.14285714285714285,6,6,TCTTGCTAAGGATTATTTAG,0,4482788
yahC_predicted,0.14285714285714285,6,6,TCTTCTTGGGGAGTCCTGCC,0,4475865
yahC_predicted,0.14285714285714285,6,6,TCTTCAGCTCGCGTGTGTGG,0,4508148
yahC_predicted,0.14285714285714285,6,6,TCTCCAGCAGTTGTGATATA,0,4481306
yahC_predicted,0.14285714285714285,6,6,TCTATTTACATATAATCAGA,0,4501885
yahC_predicted,0.14285714285714285,6,6,TCGTTTGTCCCTCGCGAATT,0,4496129
yahC_predicted,0.14285714285714285,6,6,TCGTAGGTATGATTCGTAAA,0,4510110
yahC_predicted,0.14285714285714285,6,6,TCGTAACGGGTCGTGGGGGC,0,4472875
yahC_predicted,0.14285714285714285,6,6,TCGGTAATTAAATCGCATCT,0,4478938
yahC_predicted,0.14285714285714285,6,6,TCGGGGAACTCATGTCGGAG,0,4488546
yahC_predicted,0.14285714285714285,6,6,TCGCATTTTCATCGGATTGT,0,4511841
yahC_predicted,0.14285714285714285,6,6,TCGCATCCCATATGCGGGTA,0,4491858
yahC_predicted,0.14285714285714285,6,6,TCGATTGTATGTGGAGGATT,0,4509134
yahC_predicted,0.14285714285714285,6,6,TCCGTTGAACGTGGCACGAA,0,4502922
yahC_predicted,0.14285714285714285,6,6,TCCGTGTCACTTGAATTTCC,0,4500100
yahC_predicted,0.14285714285714285,6,6,TCCGTGCAAGTCACGAGAAA,0,4501646
yahC_predicted,0.14285714285714285,6,6,TCCCCGGGAGGTAAGGGCTT,0,4494793
yahC_predicted,0.14285714285714285,6,6,TCCCCACACACGGCACCCCC,0,4511929
yahC_predicted,0.14285714285714285,6,6,TCCCACGCCTTGGCAGAGTA,0,4483146
yahC_predicted,0.14285714285714285,6,6,TCCCACACACATCTGGGACA,0,4496369
yahC_predicted,0.14285714285714285,6,6,TCCAGCAACGCGCGGAGGCC,0,4495375
yahC_predicted,0.14285714285714285,6,6,TCCACTGGGTATTACGTCAA,0,4510649
yahC_predicted,0.14285714285714285,6,6,TCCACTGAAATTGGATGCAG,0,4499260
yahC_predicted,0.14285714285714285,6,6,TCATGATCTGGACAATCATA,0,4493053
yahC_predicted,0.14285714285714285,6,6,TCATGATATCACCGTCGAAG,0,4485251
yahC_predicted,0.14285714285714285,6,6,TCATATGAGAGCGCTTCGAA,0,4488529
yahC_predicted,0.14285714285714285,6,6,TCATAATTGAAGGGGTTAAC,0,4505793
yahC_predicted,0.14285714285714285,6,6,TCAGGGTATAATAAAGGGTT,0,4480024
yahC_predicted,0.14285714285714285,6,6,TCACCATGCCTCCCATTTGA,0,4493596
yahC_predicted,0.14285714285714285,6,6,TCACCATCGTCATCAAGTAT,0,4494816
yahC_predicted,0.14285714285714285,6,6,TCAAGGATCGTCCCACTGGG,0,4487423
yahC_predicted,0.14285714285714285,6,6,TCAACTCCATGCAGGATCAC,0,4495449
yahC_predicted,0.14285714285714285,6,6,TATTTCCTCACAACACGGTG,0,4511945
yahC_predicted,0.14285714285714285,6,6,TATTTACTTCCCGGCACACC,0,4500043
yahC_predicted,0.14285714285714285,6,6,TATGGATGGGTGTCGGTGTT,0,4506369
yahC_predicted,0.14285714285714285,6,6,TATGATAGATCTACATTGGA,0,4484028
yahC_predicted,0.14285714285714285,6,6,TATCTATAGTAGATGATTTC,0,4496073
yahC_predicted,0.14285714285714285,6,6,TATCCGTAATGGGTAAGAAC,0,4496391
yahC_predicted,0.14285714285714285,6,6,TATATGGCTTGTCATCTTTT,0,4502542
yahC_predicted,0.14285714285714285,6,6,TATACTTTGGGCCGACCTTT,0,4483056
yahC_predicted,0.14285714285714285,6,6,TATACGTCAGATAAACCATA,0,4510413
yahC_predicted,0.14285714285714285,6,6,TATAATTAATTAATGGGATC,0,4474091
yahC_predicted,0.14285714285714285,6,6,TATAAGCGTCACCACCGGTC,0,4496923
yahC_predicted,0.14285714285714285,6,6,TAGGTGGCATAAGTAAAGTA,0,4492147
yahC_predicted,0.14285714285714285,6,6,TAGGTCAGTACCCAAGTTGT,0,4489789
yahC_predicted,0.14285714285714285,6,6,TAGGTCAAAGACATTATGGT,0,4492101
yahC_predicted,0.14285714285714285,6,6,TAGGCATATCTCACATCACG,0,4485202
yahC_predicted,0.14285714285714285,6,6,TAGCATGGGAGACGGCTCGT,0,4481049
yahC_predicted,0.14285714285714285,6,6,TAGAGCTACGACCAGCAACA,0,4501113
yahC_predicted,0.14285714285714285,6,6,TAGACACAAGAAGTACACCC,0,4501891
yahC_predicted,0.14285714285714285,6,6,TACTAGGCTGCATGGATGAG,0,4481484
yahC_predicted,0.14285714285714285,6,6,TACTACCGGTAGCCGCTCGT,0,4498528
yahC_predicted,0.14285714285714285,6,6,TACGCTGTTGTCCGGAACGT,0,4474494
yahC_predicted,0.14285714285714285,6,6,TACCTCTCTGGATGCCTTCG,0,4505708
yahC_predicted,0.14285714285714285,6,6,TACCGCGAGAGTTAGTCTTA,0,4479889
yahC_predicted,0.14285714285714285,6,6,TACCGAATAGGCTATTCGCA,0,4500251
yahC_predicted,0.14285714285714285,6,6,TACCCCCCAGTAAATCGCGC,0,4496272
yahC_predicted,0.14285714285714285,6,6,TACACCGACGCGTCTGCCGG,0,4498347
yahC_predicted,0.14285714285714285,6,6,TACACCAGTGGCGCGGATGA,0,4503899
yahC_predicted,0.14285714285714285,6,6,TACACCAAGACTTGCTGGTA,0,4503247
yahC_predicted,0.14285714285714285,6,6,TAATGGGTCTATCTACCCGG,0,4488625
yahC_predicted,0.14285714285714285,6,6,TAAGTGTGTGGATTATTTGG,0,4483147
yahC_predicted,0.14285714285714285,6,6,TAAGCAATCAGGAATAGTTA,0,4481152
yahC_predicted,0.14285714285714285,6,6,TAACGCCCTTAATTTTCCGT,0,4487664
yahC_predicted,0.14285714285714285,6,6,TAACCGGGGAGCACATATGA,0,4477703
yahC_predicted,0.14285714285714285,6,6,TAAACGTATGAAACGAGGGG,0,4500351
yahC_predicted,0.14285714285714285,6,6,GTTTTATGCAGTTACATAAC,0,4474693
yahC_predicted,0.14285714285714285,6,6,GTTTCCAAAAAACTGGGGCT,0,4481882
yahC_predicted,0.14285714285714285,6,6,GTTTACGAGCCGCGAGGGCG,0,4510679
yahC_predicted,0.14285714285714285,6,6,GTTCCGTTCGGCCATGTAAA,0,4472726
yahC_predicted,0.14285714285714285,6,6,GTTCCGTCACAAACAACGTT,0,4474332
yahC_predicted,0.14285714285714285,6,6,GTTCATTGGGGCAATCCAAG,0,4484539
yahC_predicted,0.14285714285714285,6,6,GTTAAGTAATTGACAGGAGC,0,4490227
yahC_predicted,0.14285714285714285,6,6,GTTAAATAGCAGCGTAATCA,0,4473358
yahC_predicted,0.14285714285714285,6,6,GTGTTGGTGTACCACCGATA,0,4480155
yahC_predicted,0.14285714285714285,6,6,GTGTGCCGAATGATAGAACC,0,4502759
yahC_predicted,0.14285714285714285,6,6,GTGGTCCGAACTCGTAGGCC,0,4473832
yahC_predicted,0.14285714285714285,6,6,GTGGTACCAAACGTTCAATT,0,4492148
yahC_predicted,0.14285714285714285,6,6,GTGGTAACTGCGTTCACATT,0,4475453
yahC_predicted,0.14285714285714285,6,6,GTGGCAGACAAGGACAACGA,0,4484319
yahC_predicted,0.14285714285714285,6,6,GTGCGTAAGATGTGATTTAC,0,4491844
yahC_predicted,0.14285714285714285,6,6,GTGCATTAAATCTACCGATC,0,4483663
yahC_predicted,0.14285714285714285,6,6,GTGCATATGCATTGGTATTA,0,4500013
yahC_predicted,0.14285714285714285,6,6,GTGAGCACGTGGGTGCAACG,0,4494123
yahC_predicted,0.14285714285714285,6,6,GTGACTCAATACCTTACAAC,0,4511848
yahC_predicted,0.14285714285714285,6,6,GTGACGTTAGAGAGTGTACC,0,4479121
yahC_predicted,0.14285714285714285,6,6,GTGAAGCGATACGGGACTGG,0,4477295
yahC_predicted,0.14285714285714285,6,6,GTCTTTAGGCGTCTGGATCT,0,4504866
yahC_predicted,0.14285714285714285,6,6,GTCTGTGATAACGCTGGCTA,0,4487803
yahC_predicted,0.14285714285714285,6,6,GTCTCTGATGTGTTATCTGG,0,4473720
yahC_predicted,0.14285714285714285,6,6,GTCTATTGTTTAGAAATGTA,0,4479284
yahC_predicted,0.14285714285714285,6,6,GTCGTTCCGATAACGTTCAC,0,4482829
yahC_predicted,0.14285714285714285,6,6,GTCGTACACAGATCGGCGAG,0,4493111
yahC_predicted,0.14285714285714285,6,6,GTCGGGGGAATTAATAGGCT,0,4487813
yahC_predicted,0.14285714285714285,6,6,GTCGGACTGCCGTTAGAAGA,0,4483243
yahC_predicted,0.14285714285714285,6,6,GTCGGAATACTCTCCGAAAC,0,4491647
yahC_predicted,0.14285714285714285,6,6,GTCGAGTCGTTCGCTCCCAC,0,4481672
yahC_predicted,0.14285714285714285,6,6,GTCCACGGTGAAGTAGGACG,0,4480348
yahC_predicted,0.14285714285714285,6,6,GTCAGTGTCCGATGAAGTGT,0,4473810
yahC_predicted,0.14285714285714285,6,6,GTCAATCGGTTGCTTCACGG,0,4495832
yahC_predicted,0.14285714285714285,6,6,GTCAACTTCTATGATCAAAG,0,4484134
yahC_predicted,0.14285714285714285,6,6,GTAGAGGCCTATCTCATCGT,0,4497984
yahC_predicted,0.14285714285714285,6,6,GTAGAGATGGTTTGGCGTGT,0,4506047
yahC_predicted,0.14285714285714285,6,6,GTAAGGTCAAGAAAGTCACG,0,4476562
yahC_predicted,0.14285714285714285,6,6,GGTTTAACAGAAGTCCCAGG,0,4490327
yahC_predicted,0.14285714285714285,6,6,GGTTCGTCTTTTTGGAGGGC,0,4474269
yahC_predicted,0.14285714285714285,6,6,GGTTCGGGATGTCTGCAAGT,0,4477829
yahC_predicted,0.14285714285714285,6,6,GGTGTGCAATCAAGAGCCCC,0,4508866
yahC_predicted,0.14285714285714285,6,6,GGTCGTTGCCGCATCATCCC,0,4480254
yahC_predicted,0.14285714285714285,6,6,GGTCGGAAATTAGCCTTGTA,0,4493686
yahC_predicted,0.14285714285714285,6,6,GGTCGCGAGTATTGGTGTTC,0,4487670
yahC_predicted,0.14285714285714285,6,6,GGTCCGCTGGTGATTTCACT,0,4488544
yahC_predicted,0.14285714285714285,6,6,GGTCCCACCGACCTCGAGTG,0,4503720
yahC_predicted,0.14285714285714285,6,6,GGTCATGGCGAGAATCATGG,0,4477298
yahC_predicted,0.14285714285714285,6,6,GGTCACAAGGGGCGCGGTAC,0,4506512
yahC_predicted,0.14285714285714285,6,6,GGTCAATTACGTTCGCTTTA,0,4476722
yahC_predicted,0.14285714285714285,6,6,GGTCAATGCTTGCCTCGTCT,0,4506239
yahC_predicted,0.14285714285714285,6,6,GGTAGCATGGTACACCGGGT,0,4475038
yahC_predicted,0.14285714285714285,6,6,GGTACTTAAGGAGACGGCTC,0,4501862
yahC_predicted,0.14285714285714285,6,6,GGTACAGCACCCTGGCTACT,0,4510452
yahC_predicted,0.14285714285714285,6,6,GGTAAGCGTTAGCACCTTAA,0,4484184
yahC_predicted,0.14285714285714285,6,6,GGGTTGCGTTCTGTAGCAAT,0,4499434
yahC_predicted,0.14285714285714285,6,6,GGGTTCATCTATATCGTATC,0,4506559
yahC_predicted,0.14285714285714285,6,6,GGGTGCCGCCGGGCCAGGCT,0,4475164
yahC_predicted,0.14285714285714285,6,6,GGGTAGAGGGAGCCACTCTG,0,4488679
yahC_predicted,0.14285714285714285,6,6,GGGGGGGTCAGGGCACGATT,0,4475267
yahC_predicted,0.14285714285714285,6,6,GGGGCGAGAGAATCATGGAT,0,4483170
yahC_predicted,0.14285714285714285,6,6,GGGGCCTGGTAGGAGAGCGG,0,4491546
yahC_predicted,0.14285714285714285,6,6,GGGGACTTAACGGCAACAAG,0,4504073
yahC_predicted,0.14285714285714285,6,6,GGGGAAGATCTATACAATAT,0,4492139
yahC_predicted,0.14285714285714285,6,6,GGGGAAACTCTAAGGTATGT,0,4488941
yahC_predicted,0.14285714285714285,6,6,GGGCTAGCATGCACCCACGG,0,4484120
yahC_predicted,0.14285714285714285,6,6,GGGCTACACGGTCTGAGTAT,0,4499537
yahC_predicted,0.14285714285714285,6,6,GGGCGCGTGCATACTAGGAG,0,4480386
yahC_predicted,0.14285714285714285,6,6,GGGATTCACCTGCGCCCTAC,0,4488836
yahC_predicted,0.14285714285714285,6,6,GGGATAATCCATCTGGTCAG,0,4499715
yahC_predicted,0.14285714285714285,6,6,GGGACGAGTGATAGAAGCTT,0,4504415
yahC_predicted,0.14285714285714285,6,6,GGCTTCTTCTGGTCAATAAC,0,4478516
yahC_predicted,0.14285714285714285,6,6,GGCTGGCACATATAGCTGTC,0,4505392
yahC_predicted,0.14285714285714285,6,6,GGCGGTGGCGTGCTAGGTCG,0,4500320
yahC_predicted,0.14285714285714285,6,6,GGCGCGTGTGTTCCACGTAC,0,4502357
yahC_predicted,0.14285714285714285,6,6,GGCCTTTTGAGCCGGACTTG,0,4499463
yahC_predicted,0.14285714285714285,6,6,GGCCACCTATTTCCCTACAA,0,4503857
yahC_predicted,0.14285714285714285,6,6,GGCCAAGCATCGGTTCAGCT,0,4496394
yahC_predicted,0.14285714285714285,6,6,GGCCAACACTTTTATTACGG,0,4497172
yahC_predicted,0.14285714285714285,6,6,GGCAGTGATAAGAGTCTTAG,0,4506930
yahC_predicted,0.14285714285714285,6,6,GGCAGCGTGCCTTGACCGTA,0,4508144
yahC_predicted,0.14285714285714285,6,6,GGCACCCGTAGACATCCGCA,0,4502410
yahC_predicted,0.14285714285714285,6,6,GGATGCGACTATCCAGCACC,0,4488074
yahC_predicted,0.14285714285714285,6,6,GGATGAACTGAAGCACTGAT,0,4502015
yahC_predicted,0.14285714285714285,6,6,GGATCGTGCCAAGACATATT,0,4491688
yahC_predicted,0.14285714285714285,6,6,GGATCCTTTGACCTGCGTAG,0,4476005
yahC_predicted,0.14285714285714285,6,6,GGATCCGGTTTAATGAGAAC,0,4483981
yahC_predicted,0.14285714285714285,6,6,GGATAGCGATTCGGTCTTGT,0,4475780
yahC_predicted,0.14285714285714285,6,6,GGATACGGGCGCATTTGCGG,0,4483607
yahC_predicted,0.14285714285714285,6,6,GGAGTTTACTAGATTAATCA,0,4477549
yahC_predicted,0.14285714285714285,6,6,GGACCATCACGGTGGACGGG,0,4476966
yahC_predicted,0.14285714285714285,6,6,GGACAAGGCTTGATCCCAAC,0,4489661
yahC_predicted,0.14285714285714285,6,6,GGAAACTTTAGCACCAGGAA,0,4490285
yahC_predicted,0.14285714285714285,6,6,GCTTTTGCTGTCGAACTCCA,0,4475672
yahC_predicted,0.14285714285714285,6,6,GCTTTTGCACATAGGGTAGG,0,4484578
yahC_predicted,0.14285714285714285,6,6,GCTTGCATAGGTTATCAGCG,0,4496951
yahC_predicted,0.14285714285714285,6,6,GCTTAGGAATTCTGTTTATA,0,4488426
yahC_predicted,0.14285714285714285,6,6,GCTTAAGGGTTAGAATGGAA,0,4484449
yahC_predicted,0.14285714285714285,6,6,GCTGCGTGTGTAAGCAGGTA,0,4487792
yahC_predicted,0.14285714285714285,6,6,GCTCGTTTAGGCAGCAACCA,0,4477537
yahC_predicted,0.14285714285714285,6,6,GCTAGGTCACGGGGTGGGTC,0,4502868
yahC_predicted,0.14285714285714285,6,6,GCTACCTATTTGAGTCGCGG,0,4501735
yahC_predicted,0.14285714285714285,6,6,GCTAAAATGCTTTGGATCGA,0,4477468
yahC_predicted,0.14285714285714285,6,6,GCGTCTCGCAGAGCTCGGTT,0,4489092
yahC_predicted,0.14285714285714285,6,6,GCGGAATGTCTAAAGAATAT,0,4492149
yahC_predicted,0.14285714285714285,6,6,GCGCTGATACCTATAGAACT,0,4480355
yahC_predicted,0.14285714285714285,6,6,GCGCTCGACTGAGAAGCTAC,0,4492572
yahC_predicted,0.14285714285714285,6,6,GCGAGTTTAGAAACTTTCGG,0,4504939
yahC_predicted,0.14285714285714285,6,6,GCGAGTATGGGGAGTAGATA,0,4488636
yahC_predicted,0.14285714285714285,6,6,GCGAGCCATGAGACGCCAGA,0,4478797
yahC_predicted,0.14285714285714285,6,6,GCGACTAAGTTCTGGAATGT,0,4485713
yahC_predicted,0.14285714285714285,6,6,GCGACCCCACGTCTACGTTC,0,4488615
yahC_predicted,0.14285714285714285,6,6,GCGAACAGGTAGATCACTCA,0,4485803
yahC_predicted,0.14285714285714285,6,6,GCCTGTTGGCTTTTAGCATT,0,4506122
yahC_predicted,0.14285714285714285,6,6,GCCTGCATACGTTCATTCGA,0,4477917
yahC_predicted,0.14285714285714285,6,6,GCCTAAAGCCTCATTAACCT,0,4483811
yahC_predicted,0.14285714285714285,6,6,GCCGGCCGGTTCCAAAAATA,0,4510534
yahC_predicted,0.14285714285714285,6,6,GCCCTAGGTACATAAGGCAA,0,4484674
yahC_predicted,0.14285714285714285,6,6,GCCCGCCATATGCGTTATCT,0,4481348
yahC_predicted,0.14285714285714285,6,6,GCCCCGGTACAGTTAGTTTT,0,4487543
yahC_predicted,0.14285714285714285,6,6,GCCATGCACGGTTCGCAACT,0,4473520
yahC_predicted,0.14285714285714285,6,6,GCCATCGGGCTCAAGCTCGT,0,4474573
yahC_predicted,0.14285714285714285,6,6,GCCACCCAGGAACTACCTAC,0,4476515
yahC_predicted,0.14285714285714285,6,6,GCATGTGGGCCGGACTTGGC,0,4494961
yahC_predicted,0.14285714285714285,6,6,GCATACCGTGAACTAAGCTC,0,4495592
yahC_predicted,0.14285714285714285,6,6,GCATACACTTTGCCGACTTT,0,4511003
yahC_predicted,0.14285714285714285,6,6,GCAGTTATCTTTGAAATTCT,0,4506784
yahC_predicted,0.14285714285714285,6,6,GCAGTGTTTCGTTTCACGGT,0,4498573
yahC_predicted,0.14285714285714285,6,6,GCAGTGAACGGTGGCAACAA,0,4479736
yahC_predicted,0.14285714285714285,6,6,GCAGGCCATTGCTCTTTTTC,0,4489578
yahC_predicted,0.14285714285714285,6,6,GCAGGAGATGTCCACGTATT,0,4491637
yahC_predicted,0.14285714285714285,6,6,GCACGGAGATCCTAATCATG,0,4494226
yahC_predicted,0.14285714285714285,6,6,GCACGCCGACGTATTGTCAA,0,4489949
yahC_predicted,0.14285714285714285,6,6,GCACACTTCGTTGCGGCGCG,0,4505201
yahC_predicted,0.14285714285714285,6,6,GCAATCTACGAAGCTTCATC,0,4478940
yahC_predicted,0.14285714285714285,6,6,GCAAGCCGAGTTCAGCGCCT,0,4477812
yahC_predicted,0.14285714285714285,6,6,GATTGCGTGCTGGAGTCTGC,0,4496217
yahC_predicted,0.14285714285714285,6,6,GATTCGACGCTTGGGACCCC,0,4509471
yahC_predicted,0.14285714285714285,6,6,GATTACGGGAATTCACTTGA,0,4478556
yahC_predicted,0.14285714285714285,6,6,GATGTAGGTCGCATGCTGGG,0,4479281
yahC_predicted,0.14285714285714285,6,6,GATGACTGCACCGCCGGACA,0,4511065
yahC_predicted,0.14285714285714285,6,6,GATCATGAGGCTGTTGAGCA,0,4475035
yahC_predicted,0.14285714285714285,6,6,GATCAACGAGGACCAGCAGA,0,4509330
yahC_predicted,0.14285714285714285,6,6,GATATGCTTCAGGATCGAGT,0,4493193
yahC_predicted,0.14285714285714285,6,6,GATATATCGCCTTGAGTGGG,0,4493809
yahC_predicted,0.14285714285714285,6,6,GATAGGTTGGATCTCAATCG,0,4509676
yahC_predicted,0.14285714285714285,6,6,GATAGATTCCGTTAGTCCCC,0,4495377
yahC_predicted,0.14285714285714285,6,6,GAGTTACCTGCTTTGACGTA,0,4479823
yahC_predicted,0.14285714285714285,6,6,GAGTATCGTTGCCTTGAACA,0,4487764
yahC_predicted,0.14285714285714285,6,6,GAGGGTCGTCAAGATCGTCT,0,4498910
yahC_predicted,0.14285714285714285,6,6,GAGGGTATGGGTTGTTTTAA,0,4499569
yahC_predicted,0.14285714285714285,6,6,GAGGCGTGCGTACAAGGGGA,0,4483784
yahC_predicted,0.14285714285714285,6,6,GAGGAACCGATACCTCTCGT,0,4506887
yahC_predicted,0.14285714285714285,6,6,GAGGAAATGACGAGGCTTCC,0,4501088
yahC_predicted,0.14285714285714285,6,6,GAGCTGCAGTCGATACGGAC,0,4496322
yahC_predicted,0.14285714285714285,6,6,GAGCTCAATGGCATCGAACC,0,4499729
yahC_predicted,0.14285714285714285,6,6,GAGATTTGTCTCCTCGACCC,0,4494713
yahC_predicted,0.14285714285714285,6,6,GAGATTTCGTATTTATTCAG,0,4494587
yahC_predicted,0.14285714285714285,6,6,GAGACTGTGGCGAACCACGA,0,4498299
yahC_predicted,0.14285714285714285,6,6,GACTTCTCGCCGCCCCCTGG,0,4473532
yahC_predicted,0.14285714285714285,6,6,GACTGGGAAACTGGATTACT,0,4500348
yahC_predicted,0.14285714285714285,6,6,GACTGGATAATCTTAGATTG,0,4482307
yahC_predicted,0.14285714285714285,6,6,GACTATATATAATCAGCACG,0,4480212
yahC_predicted,0.14285714285714285,6,6,GACGTTCCAGGGAAACGTTC,0,4489932
yahC_predicted,0.14285714285714285,6,6,GACCTGAAAAGCCGACGGGC,0,4476253
yahC_predicted,0.14285714285714285,6,6,GACCAGTTACCCCCTTCCCT,0,4499169
yahC_predicted,0.14285714285714285,6,6,GACACCGCCTTTAGGAGAAG,0,4493253
yahC_predicted,0.14285714285714285,6,6,GAATTGAAAAAACTGCATGC,0,4485355
yahC_predicted,0.14285714285714285,6,6,GAATCTCCCCCCATAATAGC,0,4497253
yahC_predicted,0.14285714285714285,6,6,GAAGGCAATGGCCAATACAG,0,4488779
yahC_predicted,0.14285714285714285,6,6,GAAGCCTCCGGTTCTGCACG,0,4506151
yahC_predicted,0.14285714285714285,6,6,GAAGACGGACGCCCACATAA,0,4483715
yahC_predicted,0.14285714285714285,6,6,GAACTCGCATTCTATTATGA,0,4483498
yahC_predicted,0.14285714285714285,6,6,GAACTCACTGGTTAATATAG,0,4510089
yahC_predicted,0.14285714285714285,6,6,GAACGCTAGGTGGGTTAGGC,0,4484013
yahC_predicted,0.14285714285714285,6,6,GAAATATAGCGTCCCATTTT,0,4476000
yahC_predicted,0.14285714285714285,6,6,GAAAACGAAAATGCACGGCC,0,4481532
yahC_predicted,0.14285714285714285,6,6,CTTTCAACCATTATTATTTT,0,4476989
yahC_predicted,0.14285714285714285,6,6,CTTTATTTCGAATCCACACC,0,4480943
yahC_predicted,0.14285714285714285,6,6,CTTTAGAGCTATCTGAAGGT,0,4489168
yahC_predicted,0.14285714285714285,6,6,CTTGCCACGATGGTTTAGCG,0,4498737
yahC_predicted,0.14285714285714285,6,6,CTTCTAATCCGTGACGAGGA,0,4490172
yahC_predicted,0.14285714285714285,6,6,CTTCGCTAACAAGGGCTTAG,0,4474821
yahC_predicted,0.14285714285714285,6,6,CTTCCTCAGCATTGGGTCGG,0,4495731
yahC_predicted,0.14285714285714285,6,6,CTTCATGCCCATTATGTTTA,0,4485846
yahC_predicted,0.14285714285714285,6,6,CTTCACGTTAGGCTGCTTGG,0,4495860
yahC_predicted,0.14285714285714285,6,6,CTTCACGCGTATTAACCCTC,0,4497008
yahC_predicted,0.14285714285714285,6,6,CTTAGCTAAGCACGGACCCA,0,4479195
yahC_predicted,0.14285714285714285,6,6,CTGTTGTAACACTCCCAGGC,0,4503863
yahC_predicted,0.14285714285714285,6,6,CTGGTTGAAGTTCGGGTTCG,0,4510405
yahC_predicted,0.14285714285714285,6,6,CTGGGTGCAAACCAGTCTTC,0,4508269
yahC_predicted,0.14285714285714285,6,6,CTGGCGTCGCCGTCCACGGG,0,4485658
yahC_predicted,0.14285714285714285,6,6,CTGGCACATTTAGTAGATGT,0,4497293
yahC_predicted,0.14285714285714285,6,6,CTGCGAGATTGAATGTATCG,0,4488330
yahC_predicted,0.14285714285714285,6,6,CTGCAGTGCACCGTGGTTAG,0,4509479
yahC_predicted,0.14285714285714285,6,6,CTGATTGGCTAAATTCCAAT,0,4486260
yahC_predicted,0.14285714285714285,6,6,CTGATAAAGGCTAGCAGTGA,0,4486706
yahC_predicted,0.14285714285714285,6,6,CTGAGGCGTATACGGTCCGA,0,4511138
yahC_predicted,0.14285714285714285,6,6,CTGAATCAGAGGTCTGTCGC,0,4495485
yahC_predicted,0.14285714285714285,6,6,CTCTCAAGGATTGTCTCGAG,0,4500091
yahC_predicted,0.14285714285714285,6,6,CTCGTTGACCCAGGGGCAGA,0,4502975
yahC_predicted,0.14285714285714285,6,6,CTCGTCACGAGGGACACCAC,0,4504797
yahC_predicted,0.14285714285714285,6,6,CTCGGGAAGGATGTCTAATG,0,4497384
yahC_predicted,0.14285714285714285,6,6,CTCCTTTGAACTAACAGATA,0,4474444
yahC_predicted,0.14285714285714285,6,6,CTCCTAGGGAATTAATGACC,0,4502583
yahC_predicted,0.14285714285714285,6,6,CTCCGCTTCTCCTCCCCGGT,0,4504212
yahC_predicted,0.14285714285714285,6,6,CTCCCTTGGACCCGCGGCAT,0,4501227
yahC_predicted,0.14285714285714285,6,6,CTCCCGACCCTGATTCTATG,0,4491897
yahC_predicted,0.14285714285714285,6,6,CTCAAGGGCGGGACGTTCGT,0,4485403
yahC_predicted,0.14285714285714285,6,6,CTAGTGGTCTTCTCAAGTTG,0,4480504
yahC_predicted,0.14285714285714285,6,6,CTAGGGGGTTGGTGAAATAA,0,4482451
yahC_predicted,0.14285714285714285,6,6,CTAGGGCATGCGGATTTGAG,0,4503056
yahC_predicted,0.14285714285714285,6,6,CTAGATGCGTTCTGAGTATT,0,4493210
yahC_predicted,0.14285714285714285,6,6,CTACTCACATAATGGTCCAC,0,4503093
yahC_predicted,0.14285714285714285,6,6,CTACGTCAAACCTTAAAATT,0,4499144
yahC_predicted,0.14285714285714285,6,6,CTACAGTTGCGTTAAAGCGT,0,4477563
yahC_predicted,0.14285714285714285,6,6,CGTGATACGTACCTTCCGCG,0,4508884
yahC_predicted,0.14285714285714285,6,6,CGTCTCGACATGGTATTTAC,0,4497879
yahC_predicted,0.14285714285714285,6,6,CGTCACTCAGTACAGTGTGA,0,4497903
yahC_predicted,0.14285714285714285,6,6,CGTCACGAGGAACACTATAT,0,4490822
yahC_predicted,0.14285714285714285,6,6,CGTCAATGTGAGGGGACAGA,0,4501921
yahC_predicted,0.14285714285714285,6,6,CGTATCGTTTCTAACCGATC,0,4504625
yahC_predicted,0.14285714285714285,6,6,CGTAGCTGCGCTCAACTAGC,0,4502098
yahC_predicted,0.14285714285714285,6,6,CGTACGGCGAAGGGGATTAT,0,4511214
yahC_predicted,0.14285714285714285,6,6,CGTACACACTCCAGTTAGCA,0,4488623
yahC_predicted,0.14285714285714285,6,6,CGTACAACTAATACCCTTAC,0,4506009
yahC_predicted,0.14285714285714285,6,6,CGTAAGGATCGGAAATAGAA,0,4499093
yahC_predicted,0.14285714285714285,6,6,CGGTCAGGCTCACAGGCACT,0,4487043
yahC_predicted,0.14285714285714285,6,6,CGGTAGGAGTTAAATAGCCT,0,4493234
yahC_predicted,0.14285714285714285,6,6,CGGGGTATAGTATACTCCGT,0,4504956
yahC_predicted,0.14285714285714285,6,6,CGGCGGGAATACCCCACCCG,0,4482434
yahC_predicted,0.14285714285714285,6,6,CGCTTTTTGCCAAGCGAGTT,0,4501541
yahC_predicted,0.14285714285714285,6,6,CGCTCAAACATCTCAGTCTG,0,4494825
yahC_predicted,0.14285714285714285,6,6,CGCTATTCTGTGCCCGTAAA,0,4499190
yahC_predicted,0.14285714285714285,6,6,CGCGGTCTTCGCGGGTCTGC,0,4481082
yahC_predicted,0.14285714285714285,6,6,CGCGCGAAACCGTCATCAAC,0,4479974
yahC_predicted,0.14285714285714285,6,6,CGCGATTCTGTCTGTCTGGA,0,4501493
yahC_predicted,0.14285714285714285,6,6,CGCCTAAATCCCAAAAGCGG,0,4500741
yahC_predicted,0.14285714285714285,6,6,CGCCGAGCGGCCAGTTAATT,0,4510049
yahC_predicted,0.14285714285714285,6,6,CGCCAGAAAGCCAGCATGGC,0,4508311
yahC_predicted,0.14285714285714285,6,6,CGCAGCGCGTCAGCGAGTGA,0,4497493
yahC_predicted,0.14285714285714285,6,6,CGCAATTGGTCGGCTCTAAA,0,4473882
yahC_predicted,0.14285714285714285,6,6,CGCAACGACTAACTATAAGC,0,4478218
yahC_predicted,0.14285714285714285,6,6,CGATTTTCCAACTGGCTGGT,0,4502492
yahC_predicted,0.14285714285714285,6,6,CGATTCACGAATGCAATGGT,0,4486299
yahC_predicted,0.14285714285714285,6,6,CGATGCAAACCATTGCACAG,0,4495527
yahC_predicted,0.14285714285714285,6,6,CGATCTAGTTAAGTCTTGGC,0,4485699
yahC_predicted,0.14285714285714285,6,6,CGAGGCGAACGGGTCTTTAT,0,4505202
yahC_predicted,0.14285714285714285,6,6,CGAGAAGTTCATCTAGCATA,0,4487383
yahC_predicted,0.14285714285714285,6,6,CGAAAGCACCGTAGAAAAAT,0,4496893
yahC_predicted,0.14285714285714285,6,6,CCTTTATGCCCGCTGGGTGG,0,4494488
yahC_predicted,0.14285714285714285,6,6,CCTTGGCGGAATTGGCCCTC,0,4491380
yahC_predicted,0.14285714285714285,6,6,CCTTATATACACCTGGATAC,0,4474660
yahC_predicted,0.14285714285714285,6,6,CCTTAGAAGTCTAAGTTCCC,0,4474378
yahC_predicted,0.14285714285714285,6,6,CCTTACTGGCGGCTCCTTCT,0,4473260
yahC_predicted,0.14285714285714285,6,6,CCTGTGCATGCAGGCTATTT,0,4503080
yahC_predicted,0.14285714285714285,6,6,CCTGGTTGTAGCATTACCAA,0,4472707
yahC_predicted,0.14285714285714285,6,6,CCTGGAACTGAGTAACCAAT,0,4503585
yahC_predicted,0.14285714285714285,6,6,CCTGCATGCTTTAAGATCGC,0,4483946
yahC_predicted,0.14285714285714285,6,6,CCTCTTGCAGCGAGCTCGGC,0,4494526
yahC_predicted,0.14285714285714285,6,6,CCTCAACTAAAACCAAGGTG,0,4508047
yahC_predicted,0.14285714285714285,6,6,CCTATCAGTATAGCTGTAAT,0,4500962
yahC_predicted,0.14285714285714285,6,6,CCTAAAAGTAGCCAAGCATA,0,4505325
yahC_predicted,0.14285714285714285,6,6,CCGTTGCAGCGATCCACCTG,0,4487006
yahC_predicted,0.14285714285714285,6,6,CCGTAACATAGAGCGCATTT,0,4487442
yahC_predicted,0.14285714285714285,6,6,CCGGTTATCTAGCTTATTAA,0,4494257
yahC_predicted,0.14285714285714285,6,6,CCGGTGCGCGCACAAGCGGA,0,4495855
yahC_predicted,0.14285714285714285,6,6,CCGGGGTAAGAAAATTATCG,0,4496990
yahC_predicted,0.14285714285714285,6,6,CCGGCAGGCATGAAGAGAGA,0,4492625
yahC_predicted,0.14285714285714285,6,6,CCGCAAGCAGCGGGGGATAA,0,4488406
yahC_predicted,0.14285714285714285,6,6,CCGAAGAGCAGAATTGTATG,0,4481256
yahC_predicted,0.14285714285714285,6,6,CCCTCAGAGTTAGGGCACAC,0,4473863
yahC_predicted,0.14285714285714285,6,6,CCCTACAACTGTCTCCTATC,0,4508583
yahC_predicted,0.14285714285714285,6,6,CCCGCTTTCAGGCCCTCGCA,0,4493074
yahC_predicted,0.14285714285714285,6,6,CCCCCGTGTAACTCATAACC,0,4494790
yahC_predicted,0.14285714285714285,6,6,CCCCAATGGAGCCCAATCAT,0,4504798
yahC_predicted,0.14285714285714285,6,6,CCCACTTTCGGAACGCACTC,0,4488190
yahC_predicted,0.14285714285714285,6,6,CCCACTCCGATCACACAACA,0,4502145
yahC_predicted,0.14285714285714285,6,6,CCCACTAAGAATTTAAACTC,0,4480048
yahC_predicted,0.14285714285714285,6,6,CCCAAATTGCATCTTTCCGG,0,4478016
yahC_predicted,0.14285714285714285,6,6,CCATTGTCGTGCTTGTTAAA,0,4509612
yahC_predicted,0.14285714285714285,6,6,CCATCGCTCAAGCGCAAGCA,0,4489317
yahC_predicted,0.14285714285714285,6,6,CCATATATGGGCATAGTTCA,0,4498235
yahC_predicted,0.14285714285714285,6,6,CCAGAAAGCGTAAATCGTCT,0,4497614
yahC_predicted,0.14285714285714285,6,6,CCACTGTTCGAAAGGGCAAG,0,4485878
yahC_predicted,0.14285714285714285,6,6,CCACGCATGGTGTATCTACT,0,4498783
yahC_predicted,0.14285714285714285,6,6,CCACGAAAACAGGTTATGGT,0,4511942
yahC_predicted,0.14285714285714285,6,6,CCACCTCCACCGTATATTAA,0,4485908
yahC_predicted,0.14285714285714285,6,6,CCACAGGGTGACTGCTAAAG,0,4497117
yahC_predicted,0.14285714285714285,6,6,CCACACGAAAACATGGCCTG,0,4482536
yahC_predicted,0.14285714285714285,6,6,CCAAGATGAACGTGCACGGT,0,4502776
yahC_predicted,0.14285714285714285,6,6,CATGTCTCGTAATGACTCGT,0,4487310
yahC_predicted,0.14285714285714285,6,6,CATGCCGGGATATTTTCAGA,0,4494557
yahC_predicted,0.14285714285714285,6,6,CATGAATCGGGGAATATGTT,0,4505404
yahC_predicted,0.14285714285714285,6,6,CATCTGGCTTATCTGCTATA,0,4486609
yahC_predicted,0.14285714285714285,6,6,CATATGCCTTCTGGGCATTC,0,4489396
yahC_predicted,0.14285714285714285,6,6,CAGTTGCAGCCCAAACCATT,0,4509976
yahC_predicted,0.14285714285714285,6,6,CAGTGTAAGGTTGGGCATTT,0,4505204
yahC_predicted,0.14285714285714285,6,6,CAGTGCGATGAAAGAGATAA,0,4473530
yahC_predicted,0.14285714285714285,6,6,CAGGTCTGGTATGGAGGCTG,0,4478071
yahC_predicted,0.14285714285714285,6,6,CAGGGGAACGTTGGTGACGG,0,4484131
yahC_predicted,0.14285714285714285,6,6,CAGGGCATATTCCGCACGAG,0,4499310
yahC_predicted,0.14285714285714285,6,6,CAGGCAATAGTAGTAGGCTT,0,4496472
yahC_predicted,0.14285714285714285,6,6,CAGGAAATGGTGCATCGGCA,0,4511287
yahC_predicted,0.14285714285714285,6,6,CAGCCTTTGCGCATGCATCA,0,4496592
yahC_predicted,0.14285714285714285,6,6,CAGCCCCAGCAGCTCTGTGA,0,4484940
yahC_predicted,0.14285714285714285,6,6,CAGCCCAGAAAGAATATGTG,0,4478693
yahC_predicted,0.14285714285714285,6,6,CAGCCATTACCCCGGAGCAT,0,4495574
yahC_predicted,0.14285714285714285,6,6,CAGCAGTTTCCCTCTTGTGT,0,4476409
yahC_predicted,0.14285714285714285,6,6,CAGCAGAGACGTAAGACCCT,0,4498295
yahC_predicted,0.14285714285714285,6,6,CAGCAATTCCTGGTCCAAGT,0,4474301
yahC_predicted,0.14285714285714285,6,6,CAGATGATACAAACTGATAG,0,4508802
yahC_predicted,0.14285714285714285,6,6,CAGAGGACCCGTCTCGAATT,0,4508399
yahC_predicted,0.14285714285714285,6,6,CAGAGCTCTGGCAGCCATCG,0,4485228
yahC_predicted,0.14285714285714285,6,6,CACTGGACCGTATACTTGGG,0,4490037
yahC_predicted,0.14285714285714285,6,6,CACGTATTAGTTGCATTCTC,0,4493922
yahC_predicted,0.14285714285714285,6,6,CACGTATGCACACGAGAGAA,0,4482283
yahC_predicted,0.14285714285714285,6,6,CACGGCCTTCGGGCAGGCGA,0,4484064
yahC_predicted,0.14285714285714285,6,6,CACGCCGGTACACGGCGACC,0,4498894
yahC_predicted,0.14285714285714285,6,6,CACCGTCTCGGGATATCGTT,0,4478992
yahC_predicted,0.14285714285714285,6,6,CACCATGTGGCAATAGTAAT,0,4509461
yahC_predicted,0.14285714285714285,6,6,CACCAGCATGAAACGGGCGC,0,4496718
yahC_predicted,0.14285714285714285,6,6,CACAGGGCATCCGGGAAAGA,0,4484739
yahC_predicted,0.14285714285714285,6,6,CACAGGCGGATGGCATGCTG,0,4492786
yahC_predicted,0.14285714285714285,6,6,CACAAACGTGACTCGTTTGT,0,4505717
yahC_predicted,0.14285714285714285,6,6,CAATCGGACACTCATGGTTG,0,4484076
yahC_predicted,0.14285714285714285,6,6,CAATACGTAGCTTCGAGGAC,0,4481120
yahC_predicted,0.14285714285714285,6,6,CAAGCATCTCTCCGGTAAAC,0,4477867
yahC_predicted,0.14285714285714285,6,6,CAACGTAGCCTGTGATCCTC,0,4474513
yahC_predicted,0.14285714285714285,6,6,CAAATCTAGGCCATCCCGGA,0,4473723
yahC_predicted,0.14285714285714285,6,6,CAAACTACTGTCACGGATTG,0,4495015
yahC_predicted,0.14285714285714285,6,6,CAAAACGTAGAAAGACCGCA,0,4479045
yahC_predicted,0.14285714285714285,6,6,ATTTTTGCGTTCAACGGAGT,0,4505214
yahC_predicted,0.14285714285714285,6,6,ATTTTTACTTACCTCATAGG,0,4483843
yahC_predicted,0.14285714285714285,6,6,ATTTTGTGAGCCACGCAACG,0,4501126
yahC_predicted,0.14285714285714285,6,6,ATTTTGCCAAGCACGGCGTG,0,4488571
yahC_predicted,0.14285714285714285,6,6,ATTTGCTGGGGATCGGTAGT,0,4491667
yahC_predicted,0.14285714285714285,6,6,ATTTCTAAAAGAACAGCAAA,0,4481437
yahC_predicted,0.14285714285714285,6,6,ATTTATGGGTTCGAAGCCTT,0,4493060
yahC_predicted,0.14285714285714285,6,6,ATTGGGGAGACCCTAGAGGT,0,4483929
yahC_predicted,0.14285714285714285,6,6,ATTGCGCTGCATCCTTCGAT,0,4504672
yahC_predicted,0.14285714285714285,6,6,ATTGCGAACCACACTTCCAT,0,4484668
yahC_predicted,0.14285714285714285,6,6,ATTCTGCTCTCCAATGCTAG,0,4485853
yahC_predicted,0.14285714285714285,6,6,ATTCAAATTGATCCCTACTC,0,4486450
yahC_predicted,0.14285714285714285,6,6,ATTATCGCGGGATAATTCAC,0,4474578
yahC_predicted,0.14285714285714285,6,6,ATTATATTACGCCAGCGCGA,0,4497863
yahC_predicted,0.14285714285714285,6,6,ATTAGGCGGTGGTTGGATGA,0,4478108
yahC_predicted,0.14285714285714285,6,6,ATTAATCAAACAATGAAACC,0,4488503
yahC_predicted,0.14285714285714285,6,6,ATGTAGGAAGGTTCTTATTA,0,4487215
yahC_predicted,0.14285714285714285,6,6,ATGTACATGGAGACGAACGT,0,4490813
yahC_predicted,0.14285714285714285,6,6,ATGGTTGGCCTGGGCGTAGT,0,4505315
yahC_predicted,0.14285714285714285,6,6,ATGGAGTCAGAGATGGATGC,0,4479481
yahC_predicted,0.14285714285714285,6,6,ATGCGCCTAGAGACACGCGG,0,4498564
yahC_predicted,0.14285714285714285,6,6,ATGCGCCGCCATCGGACGTC,0,4495862
yahC_predicted,0.14285714285714285,6,6,ATGCCAACGTTTAAGTCCCA,0,4487835
yahC_predicted,0.14285714285714285,6,6,ATGCAGCTACCAAAGCGGCT,0,4500882
yahC_predicted,0.14285714285714285,6,6,ATGCACACCACTCGTATCAC,0,4489039
yahC_predicted,0.14285714285714285,6,6,ATCGTATGTGACACGTTACC,0,4492388
yahC_predicted,0.14285714285714285,6,6,ATCGCCAGAATATGAAGGTG,0,4490339
yahC_predicted,0.14285714285714285,6,6,ATCATTTGTCTCTACGGGCT,0,4494628
yahC_predicted,0.14285714285714285,6,6,ATATTGTGGACCTGCGCCTA,0,4474096
yahC_predicted,0.14285714285714285,6,6,ATATAATGGTGCCGTGCTTT,0,4488479
yahC_predicted,0.14285714285714285,6,6,ATATAAGTGCTCTCGTCTTA,0,4502866
yahC_predicted,0.14285714285714285,6,6,ATAGGCCAGTTATCACACAG,0,4477605
yahC_predicted,0.14285714285714285,6,6,ATAGACGATTACGACTTGAG,0,4505501
yahC_predicted,0.14285714285714285,6,6,ATACTGACCATTAGATCGGC,0,4506611
yahC_predicted,0.14285714285714285,6,6,ATAACTTCAACACTCCATCC,0,4492003
yahC_predicted,0.14285714285714285,6,6,ATAACCGGTGATGACAAGGC,0,4508974
yahC_predicted,0.14285714285714285,6,6,ATAAACGGTGTGATGTTGTC,0,4478180
yahC_predicted,0.14285714285714285,6,6,ATAAACCTAGCGCCTCGATT,0,4504592
yahC_predicted,0.14285714285714285,6,6,ATAAACCAGTTTTATCTAAT,0,4485101
yahC_predicted,0.14285714285714285,6,6,AGTTTATAACCTTCTCGTAG,0,4499541
yahC_predicted,0.14285714285714285,6,6,AGTTAAGGCGTCGCTACATT,0,4482704
yahC_predicted,0.14285714285714285,6,6,AGTGTCGAGCTGCGCTCAAT,0,4479972
yahC_predicted,0.14285714285714285,6,6,AGTGTCCTCGTGTGCACCGT,0,4509920
yahC_predicted,0.14285714285714285,6,6,AGTGGGTTATTTTTAAGGGT,0,4487552
yahC_predicted,0.14285714285714285,6,6,AGTGATTTGTAGTATTCATC,0,4500120
yahC_predicted,0.14285714285714285,6,6,AGTCGCAAGCCCCAGTGTAA,0,4499725
yahC_predicted,0.14285714285714285,6,6,AGTCCCCGATGAGTTCGAAG,0,4482179
yahC_predicted,0.14285714285714285,6,6,AGTATTGACGCGAATTACGC,0,4510981
yahC_predicted,0.14285714285714285,6,6,AGTATTCGGTCGAGAAGGGA,0,4477345
yahC_predicted,0.14285714285714285,6,6,AGTACGGGCCGAACCCTTAG,0,4509608
yahC_predicted,0.14285714285714285,6,6,AGTAATACTCAAATTGGATT,0,4501747
yahC_predicted,0.14285714285714285,6,6,AGGTTTAAATGTGTACGGAG,0,4505993
yahC_predicted,0.14285714285714285,6,6,AGGTGCTTCCAAATTCCCTT,0,4473010
yahC_predicted,0.14285714285714285,6,6,AGGTCGCAGCGGGGACATCC,0,4501581
yahC_predicted,0.14285714285714285,6,6,AGGTCCCCAGTGGTGAATCA,0,4499810
yahC_predicted,0.14285714285714285,6,6,AGGTAGCTCACGGTGCCATT,0,4511024
yahC_predicted,0.14285714285714285,6,6,AGGTAATCCGGATAGAAAGT,0,4489357
yahC_predicted,0.14285714285714285,6,6,AGGCGGGTCACAAATGGCCC,0,4488052
yahC_predicted,0.14285714285714285,6,6,AGGCCTGGTCCACTCTTCTT,0,4481931
yahC_predicted,0.14285714285714285,6,6,AGGCAACGCACCACACGTTG,0,4492635
yahC_predicted,0.14285714285714285,6,6,AGGAGGCCGCGAGTCCTGAC,0,4495405
yahC_predicted,0.14285714285714285,6,6,AGGAGGCCCTCTACTTTCCC,0,4497532
yahC_predicted,0.14285714285714285,6,6,AGCTGTTGGGTCAAGTATCG,0,4491099
yahC_predicted,0.14285714285714285,6,6,AGCTAACTTCGTTCCCCTAC,0,4502805
yahC_predicted,0.14285714285714285,6,6,AGCGGTTGATTCTTACTATG,0,4504504
yahC_predicted,0.14285714285714285,6,6,AGCCTGAACGCACGCACTTA,0,4492888
yahC_predicted,0.14285714285714285,6,6,AGCCTCGGGTGAGTCCTATC,0,4483591
yahC_predicted,0.14285714285714285,6,6,AGCCCGTTATTGCTGGCTCC,0,4473440
yahC_predicted,0.14285714285714285,6,6,AGCCCACGGTACCGGTAACC,0,4478523
yahC_predicted,0.14285714285714285,6,6,AGCATCTCGATGCTTGGACG,0,4483000
yahC_predicted,0.14285714285714285,6,6,AGCACGCACGCCCTAAGCAA,0,4506415
yahC_predicted,0.14285714285714285,6,6,AGCAATCGAGCACTGGAGTT,0,4477987
yahC_predicted,0.14285714285714285,6,6,AGATGCGACTCTAACAGCGC,0,4511856
yahC_predicted,0.14285714285714285,6,6,AGAGGGATTCAGGCAGATTG,0,4494747
yahC_predicted,0.14285714285714285,6,6,AGAGCACCGGTAATAGTTAC,0,4508769
yahC_predicted,0.14285714285714285,6,6,AGAGAGATGACTATCTGGGA,0,4478254
yahC_predicted,0.14285714285714285,6,6,AGACTTTGTCTCTCGGAGTT,0,4484717
yahC_predicted,0.14285714285714285,6,6,AGACCGACGATGCCACCTGG,0,4501841
yahC_predicted,0.14285714285714285,6,6,AGAATGTATGGCAATGCATT,0,4494067
yahC_predicted,0.14285714285714285,6,6,AGAATCGGATGCATCAATGA,0,4507776
yahC_predicted,0.14285714285714285,6,6,ACTTTGTCCACTTCGGTTGC,0,4474389
yahC_predicted,0.14285714285714285,6,6,ACTTGATTTTATGATTTAAC,0,4502123
yahC_predicted,0.14285714285714285,6,6,ACTTAGATTCAGGTATTACT,0,4483743
yahC_predicted,0.14285714285714285,6,6,ACTCGGGCTGGTCAACGCAT,0,4499101
yahC_predicted,0.14285714285714285,6,6,ACTCCGCTCGTGATGGTAAA,0,4480775
yahC_predicted,0.14285714285714285,6,6,ACTCACCAGTGAAGTTTTCA,0,4486458
yahC_predicted,0.14285714285714285,6,6,ACTACATGTTGAGGGCCACC,0,4476261
yahC_predicted,0.14285714285714285,6,6,ACGTTAGGGTGCTGGCCCAG,0,4492164
yahC_predicted,0.14285714285714285,6,6,ACGTCTTGTCTATGCAGTAC,0,4484386
yahC_predicted,0.14285714285714285,6,6,ACGTCGGGAGGTCCTGCACT,0,4484620
yahC_predicted,0.14285714285714285,6,6,ACGTCCTTGATGCCTCCTCA,0,4489567
yahC_predicted,0.14285714285714285,6,6,ACGTAGCCACTGGACTCCCG,0,4500697
yahC_predicted,0.14285714285714285,6,6,ACGTACTGGCCATGTTATAC,0,4475211
yahC_predicted,0.14285714285714285,6,6,ACGGTCAGACGTTTGGGGCG,0,4476251
yahC_predicted,0.14285714285714285,6,6,ACGGGGCGGCCGCCTGAGAA,0,4510788
yahC_predicted,0.14285714285714285,6,6,ACGGGCCTACAATCCAGTCG,0,4498595
yahC_predicted,0.14285714285714285,6,6,ACGGGCCAATTAGTTACATA,0,4487313
yahC_predicted,0.14285714285714285,6,6,ACGGCCTATTATTGGAAACG,0,4507913
yahC_predicted,0.14285714285714285,6,6,ACGCTTGATGGGGTAGGCCT,0,4504612
yahC_predicted,0.14285714285714285,6,6,ACGCGCCGCTCTGGTACCGG,0,4475279
yahC_predicted,0.14285714285714285,6,6,ACGATTGGTCCTATGTGACG,0,4481095
yahC_predicted,0.14285714285714285,6,6,ACGAATTATGAGCAGAATAC,0,4496078
yahC_predicted,0.14285714285714285,6,6,ACGAACTAAAGTTGTATGTA,0,4485255
yahC_predicted,0.14285714285714285,6,6,ACCTAAGCGGATACTCCGGT,0,4474460
yahC_predicted,0.14285714285714285,6,6,ACCGTTAATGAACTCCGTCG,0,4496400
yahC_predicted,0.14285714285714285,6,6,ACCGTGACATGTCAACGAAC,0,4499054
yahC_predicted,0.14285714285714285,6,6,ACCGTGACAAGTCGTAGGAC,0,4490440
yahC_predicted,0.14285714285714285,6,6,ACCGGTGACAGCTCGATTGT,0,4484388
yahC_predicted,0.14285714285714285,6,6,ACCGGAGCAACTCATCACAC,0,4498663
yahC_predicted,0.14285714285714285,6,6,ACCGCTTGCGATCGAGTTAT,0,4488872
yahC_predicted,0.14285714285714285,6,6,ACCGCTGCCGTATATGCAAG,0,4495317
yahC_predicted,0.14285714285714285,6,6,ACCCTTAGGCTCCCCAAAGC,0,4492886
yahC_predicted,0.14285714285714285,6,6,ACCCGCTGCGGAACAAGCCA,0,4479967
yahC_predicted,0.14285714285714285,6,6,ACCAGCTTTGACGGCACGGA,0,4474208
yahC_predicted,0.14285714285714285,6,6,ACCAACGTCCGCCATTTCAT,0,4509295
yahC_predicted,0.14285714285714285,6,6,ACATTCGCAAGAGGACTACT,0,4478059
yahC_predicted,0.14285714285714285,6,6,ACATGCAAATGACGTCTCAG,0,4481422
yahC_predicted,0.14285714285714285,6,6,ACATCTGGGACCTCACCCTA,0,4482774
yahC_predicted,0.14285714285714285,6,6,ACATACGAGGGAAACAGGCC,0,4499670
yahC_predicted,0.14285714285714285,6,6,ACAGATGACGCCCCATTTGG,0,4499494
yahC_predicted,0.14285714285714285,6,6,ACACTACTCGTTGTGATTTA,0,4475707
yahC_predicted,0.14285714285714285,6,6,ACACGCTAGTGGCAACACGG,0,4477103
yahC_predicted,0.14285714285714285,6,6,ACAAAGTCTGCTGGACTACA,0,4474926
yahC_predicted,0.14285714285714285,6,6,AATTCCGTACGTGTTTGGTT,0,4479722
yahC_predicted,0.14285714285714285,6,6,AATGTAGTAAGGCCATTCAG,0,4484223
yahC_predicted,0.14285714285714285,6,6,AATGGAGCGCATAATATGTG,0,4479458
yahC_predicted,0.14285714285714285,6,6,AATCCGCATCCATGCATATT,0,4483421
yahC_predicted,0.14285714285714285,6,6,AATATCGGCGGGTTGCCATC,0,4498177
yahC_predicted,0.14285714285714285,6,6,AAGTTTCGAAGAGGAGGTGA,0,4508280
yahC_predicted,0.14285714285714285,6,6,AAGTGCTCCTGATTGGCTTT,0,4510164
yahC_predicted,0.14285714285714285,6,6,AAGTGACGCACGGTTCTGCA,0,4511844
yahC_predicted,0.14285714285714285,6,6,AAGTAGGCGACTTGGGGGCT,0,4511161
yahC_predicted,0.14285714285714285,6,6,AAGGGCTGAGCTTCTGTTCC,0,4503790
yahC_predicted,0.14285714285714285,6,6,AAGCACAGGCAGCCGCCATT,0,4502557
yahC_predicted,0.14285714285714285,6,6,AAGATTAATTTGTTCTTCCG,0,4486631
yahC_predicted,0.14285714285714285,6,6,AAGACGTGTGCAAAGGAAGC,0,4506906
yahC_predicted,0.14285714285714285,6,6,AAGAATTTATTTACGCCAGA,0,4478852
yahC_predicted,0.14285714285714285,6,6,AACTTCCCTCGTAGTAGATG,0,4473727
yahC_predicted,0.14285714285714285,6,6,AACTCGGAAGGCTACGACTC,0,4494326
yahC_predicted,0.14285714285714285,6,6,AACGTCTAGGCATAAGTACG,0,4489809
yahC_predicted,0.14285714285714285,6,6,AACGGCGCTGGCTTTGGCCA,0,4480037
yahC_predicted,0.14285714285714285,6,6,AACGGACACCGGGTAGGGTG,0,4506692
yahC_predicted,0.14285714285714285,6,6,AACGCACGTGTGATTGGCAG,0,4490655
yahC_predicted,0.14285714285714285,6,6,AACCGACGCACTGAGTCCAG,0,4489473
yahC_predicted,0.14285714285714285,6,6,AACACAGAATCTCAGCCACT,0,4489989
yahC_predicted,0.14285714285714285,6,6,AACACAAATACACTTGATGC,0,4500387
yahC_predicted,0.14285714285714285,6,6,AAATCATAACGCCATATAGG,0,4509519
yahC_predicted,0.14285714285714285,6,6,AAATAAGCAAGTGTCGATGC,0,4478188
yahC_predicted,0.14285714285714285,6,6,AAAGTCAAAAGTCTAGCGGT,0,4501049
yahC_predicted,0.14285714285714285,6,6,AAAGTACACGTCACCGTGGA,0,4478568
yahC_predicted,0.14285714285714285,6,6,AAAGGACGGTTACGCTAGGG,0,4510321
yahC_predicted,0.14285714285714285,6,6,AAAGCGCGTGAAGCGGCTAC,0,4483044
yahC_predicted,0.14285714285714285,6,6,AAACTAACTCCACCCGACGC,0,4477837
yahC_predicted,0.14285714285714285,6,6,AAACGTACCTGTAGCACTAT,0,4508783
yahC_predicted,0.14285714285714285,6,6,AAACCATAAAGGGACTTTAA,0,4498459
yahC_predicted,0.14285714285714285,6,6,AAAAGACAACGTGAATTTAA,0,4483698
yahC_predicted,0.14285714285714285,6,6,AAAAAAAATTTTAACTATTT,0,4506524
yahC_predicted,0.16666666666666666,5,5,TTTTTAGGGTTTATTAGAAG,0,4475906
yahC_predicted,0.16666666666666666,5,5,TTTTGGAAGTCCGTTTTTAT,0,4507781
yahC_predicted,0.16666666666666666,5,5,TTTTGCGGTGGCGAGCCCAG,0,4496978
yahC_predicted,0.16666666666666666,5,5,TTTTACCAGGACGAGCGGAG,0,4505543
yahC_predicted,0.16666666666666666,5,5,TTTTAACCACCGTTAAGAGG,0,4507388
yahC_predicted,0.16666666666666666,5,5,TTTGGTAGTTTCCCGACGGT,0,4510713
yahC_predicted,0.16666666666666666,5,5,TTTGGATAACTAAATGGCCA,0,4487672
yahC_predicted,0.16666666666666666,5,5,TTTGCTCTCTCTACTTCGGC,0,4502870
yahC_predicted,0.16666666666666666,5,5,TTTGCGTCTCTCGTTATAGG,0,4492627
yahC_predicted,0.16666666666666666,5,5,TTTGACATGATCCAACTGTG,0,4502262
yahC_predicted,0.16666666666666666,5,5,TTTCGCAGGTGTGACCTAGC,0,4501329
yahC_predicted,0.16666666666666666,5,5,TTTCATCAACGCCAATGTAA,0,4490557
yahC_predicted,0.16666666666666666,5,5,TTTCAGGGGAGTGGTGATAG,0,4495960
yahC_predicted,0.16666666666666666,5,5,TTTAAAAACAGTCCGATTGG,0,4501116
yahC_predicted,0.16666666666666666,5,5,TTGTTCTTAACGAAAATCGA,0,4505864
yahC_predicted,0.16666666666666666,5,5,TTGTGAGAGAACATCCAGCA,0,4503115
yahC_predicted,0.16666666666666666,5,5,TTGTAGCGAGGCATCAACTA,0,4496032
yahC_predicted,0.16666666666666666,5,5,TTGTAGCCGTCTAAACATAG,0,4510917
yahC_predicted,0.16666666666666666,5,5,TTGTAGACGCATGCCAGTAT,0,4483271
yahC_predicted,0.16666666666666666,5,5,TTGGGGATAATTATGGGATA,0,4475733
yahC_predicted,0.16666666666666666,5,5,TTGGCCATCCATACGCCCGC,0,4479217
yahC_predicted,0.16666666666666666,5,5,TTGCGCTACCAGGGTGTGCT,0,4487352
yahC_predicted,0.16666666666666666,5,5,TTGCCGCGTCGTGAGGGTGG,0,4481702
yahC_predicted,0.16666666666666666,5,5,TTGATGCTAAATTAGGTCTC,0,4494910
yahC_predicted,0.16666666666666666,5,5,TTGACCCCGTCATCGATCGT,0,4510468
yahC_predicted,0.16666666666666666,5,5,TTCTTCAGGTCCACCTGGTC,0,4473094
yahC_predicted,0.16666666666666666,5,5,TTCTGTGTTGCGTGGGTTCC,0,4486921
yahC_predicted,0.16666666666666666,5,5,TTCTGGAGGGCGTGCTGCTA,0,4488666
yahC_predicted,0.16666666666666666,5,5,TTCTCGGTGGACACGAGTCT,0,4511702
yahC_predicted,0.16666666666666666,5,5,TTCTCAAATCGTTAGAACTG,0,4500651
yahC_predicted,0.16666666666666666,5,5,TTCTATACGGCGCCCGCTTC,0,4487544
yahC_predicted,0.16666666666666666,5,5,TTCTAGTGGCCTAGGTGCCA,0,4477562
yahC_predicted,0.16666666666666666,5,5,TTCTAAGGCTGAGGTACACG,0,4505156
yahC_predicted,0.16666666666666666,5,5,TTCGTCGTGACGCCGTAGCG,0,4508906
yahC_predicted,0.16666666666666666,5,5,TTCGGATGATGCTGTTTTTC,0,4480989
yahC_predicted,0.16666666666666666,5,5,TTCGACATTCTCGCACCGTA,0,4511743
yahC_predicted,0.16666666666666666,5,5,TTCGACATCTTGGTAACGCT,0,4495165
yahC_predicted,0.16666666666666666,5,5,TTCCGTTTGGGCACTGAGAT,0,4482438
yahC_predicted,0.16666666666666666,5,5,TTCCGCTGGCCTGTCCGCGT,0,4508260
yahC_predicted,0.16666666666666666,5,5,TTCCATCTAAAGATTCGTTC,0,4476218
yahC_predicted,0.16666666666666666,5,5,TTCCACACGCGATAAAATGA,0,4479201
yahC_predicted,0.16666666666666666,5,5,TTCATTTTCGAATACAGTGA,0,4486293
yahC_predicted,0.16666666666666666,5,5,TTCATGAAGTCTAGGTAATA,0,4492057
yahC_predicted,0.16666666666666666,5,5,TTCATACTATTGAGATACGA,0,4509290
yahC_predicted,0.16666666666666666,5,5,TTCAGTATCAGACTGCACAC,0,4476358
yahC_predicted,0.16666666666666666,5,5,TTCAGCGGTAATACTGGAGC,0,4482520
yahC_predicted,0.16666666666666666,5,5,TTCAGAGTAGTCTTCAGGTC,0,4474043
yahC_predicted,0.16666666666666666,5,5,TTCACACTGCTAGACGGGCT,0,4502723
yahC_predicted,0.16666666666666666,5,5,TTATTTGGAGGTAAGAGGTT,0,4472813
yahC_predicted,0.16666666666666666,5,5,TTATGCAGTGGCCTTGCAAA,0,4490735
yahC_predicted,0.16666666666666666,5,5,TTATCCGAGTTTGCAGACTA,0,4503175
yahC_predicted,0.16666666666666666,5,5,TTAGTTATATAACTATTTTA,0,4503394
yahC_predicted,0.16666666666666666,5,5,TTAGTCCTGAGGCAGCGCTT,0,4501377
yahC_predicted,0.16666666666666666,5,5,TTAGGTTGATGGGATCGGCA,0,4499550
yahC_predicted,0.16666666666666666,5,5,TTAGGGGGTTACCGAGGGTC,0,4491768
yahC_predicted,0.16666666666666666,5,5,TTAGGCGTGTGCTACTACGC,0,4497987
yahC_predicted,0.16666666666666666,5,5,TTAGCTTTGCGCTTTATTAT,0,4505568
yahC_predicted,0.16666666666666666,5,5,TTAGATAATGCAACGGGTGT,0,4486049
yahC_predicted,0.16666666666666666,5,5,TTAGACAGCGGATTCGTAGC,0,4496213
yahC_predicted,0.16666666666666666,5,5,TTACTTTCGGCTCTGTAAAT,0,4502235
yahC_predicted,0.16666666666666666,5,5,TTACTATTTGGAGAGCATAT,0,4501733
yahC_predicted,0.16666666666666666,5,5,TTACACGTGCCCGCGAACGT,0,4496381
yahC_predicted,0.16666666666666666,5,5,TTAACAACGTACTAAGCGTA,0,4481130
yahC_predicted,0.16666666666666666,5,5,TTAAAAAACCCCGGAGTAGA,0,4477951
yahC_predicted,0.16666666666666666,5,5,TGTTCGTACCTTGCGTGCTA,0,4492936
yahC_predicted,0.16666666666666666,5,5,TGTTCCCGTAAAACATACAG,0,4486104
yahC_predicted,0.16666666666666666,5,5,TGTTATACAGAACAATCACA,0,4501954
yahC_predicted,0.16666666666666666,5,5,TGTGCGCTCTGTTCGTATCA,0,4501718
yahC_predicted,0.16666666666666666,5,5,TGTCTTACTCTGCGGGAGGT,0,4487521
yahC_predicted,0.16666666666666666,5,5,TGTCGAGTGGAAATCGGTTG,0,4481605
yahC_predicted,0.16666666666666666,5,5,TGTCCCGTATAAGGCATCGC,0,4480060
yahC_predicted,0.16666666666666666,5,5,TGTCCACTGAATTTGACAGT,0,4499401
yahC_predicted,0.16666666666666666,5,5,TGTATTATTTTTGTTCGCAT,0,4508350
yahC_predicted,0.16666666666666666,5,5,TGTAGCCTTAGGGTCCTCGT,0,4482247
yahC_predicted,0.16666666666666666,5,5,TGTAACCATCCTCTACTATT,0,4502344
yahC_predicted,0.16666666666666666,5,5,TGGTGCTGTTTGACAGAATT,0,4503377
yahC_predicted,0.16666666666666666,5,5,TGGTCAATACACGTCAACGG,0,4480216
yahC_predicted,0.16666666666666666,5,5,TGGGTGACTGTTGAGTAGAG,0,4486700
yahC_predicted,0.16666666666666666,5,5,TGGGGGTAGATGTTACCACG,0,4498891
yahC_predicted,0.16666666666666666,5,5,TGGGCTTGATGTCACTAGGC,0,4503341
yahC_predicted,0.16666666666666666,5,5,TGGGCGTTCCAAGGGATTAC,0,4496795
yahC_predicted,0.16666666666666666,5,5,TGGCGTCAGCGGACCCAACC,0,4512032
yahC_predicted,0.16666666666666666,5,5,TGGCGGTTCGTTGGGCTCAA,0,4478081
yahC_predicted,0.16666666666666666,5,5,TGGCCGATTCTGCAACGGTC,0,4511886
yahC_predicted,0.16666666666666666,5,5,TGGAGAATGGAGATGACGCT,0,4501000
yahC_predicted,0.16666666666666666,5,5,TGGACTCGTCTACTACCTGT,0,4501840
yahC_predicted,0.16666666666666666,5,5,TGGAATCCACCACTGAACAA,0,4489199
yahC_predicted,0.16666666666666666,5,5,TGGAAGGAAGGCCATATTGG,0,4493910
yahC_predicted,0.16666666666666666,5,5,TGCTGACCCGGACTCAGTTG,0,4473058
yahC_predicted,0.16666666666666666,5,5,TGCTCAGATCTTACCCGCTG,0,4489792
yahC_predicted,0.16666666666666666,5,5,TGCGTTCAGTGAATTACAAG,0,4499403
yahC_predicted,0.16666666666666666,5,5,TGCGGCAACCAAGGAGGCAT,0,4475609
yahC_predicted,0.16666666666666666,5,5,TGCCTCGTGGTCTTAACGGG,0,4502582
yahC_predicted,0.16666666666666666,5,5,TGCCCACGCATCTATAACGG,0,4500743
yahC_predicted,0.16666666666666666,5,5,TGCCAGGGCACGGCTGTACG,0,4500670
yahC_predicted,0.16666666666666666,5,5,TGCCAGAGTGCAGATGCCTC,0,4498729
yahC_predicted,0.16666666666666666,5,5,TGCCAATATTTAGTTTAGGG,0,4500876
yahC_predicted,0.16666666666666666,5,5,TGCATTCATGCAAGGAGAGT,0,4497658
yahC_predicted,0.16666666666666666,5,5,TGCATCGTAAAGTGCAGTAT,0,4491642
yahC_predicted,0.16666666666666666,5,5,TGCAGCTTCCAGCATGCACT,0,4474481
yahC_predicted,0.16666666666666666,5,5,TGCAGCTGGAAAATACAGCT,0,4508403
yahC_predicted,0.16666666666666666,5,5,TGATGGAAATAATATGGGGA,0,4474064
yahC_predicted,0.16666666666666666,5,5,TGATGCAGCCGGCTGATACT,0,4484032
yahC_predicted,0.16666666666666666,5,5,TGATCCACCTCGGAACGAAG,0,4512031
yahC_predicted,0.16666666666666666,5,5,TGATCATGAGTAGCCCGGTG,0,4476738
yahC_predicted,0.16666666666666666,5,5,TGATAGTGCAGTGGAACCTA,0,4475748
yahC_predicted,0.16666666666666666,5,5,TGAGGGCACTTTCCACAAGC,0,4502862
yahC_predicted,0.16666666666666666,5,5,TGAGAGTCCGAAGTTAGCCG,0,4511223
yahC_predicted,0.16666666666666666,5,5,TGAGAGAGACACCTAAGCAT,0,4501685
yahC_predicted,0.16666666666666666,5,5,TGACGGGCAAGCACTTTTAC,0,4480387
yahC_predicted,0.16666666666666666,5,5,TGACGGCACCGCTCTAGGCG,0,4502198
yahC_predicted,0.16666666666666666,5,5,TGACCGATGGTCAAGAGCTC,0,4493159
yahC_predicted,0.16666666666666666,5,5,TGACAAGCGATGTGGATTCG,0,4486821
yahC_predicted,0.16666666666666666,5,5,TGAAGCTGAGGTAGAGACAA,0,4501012
yahC_predicted,0.16666666666666666,5,5,TGAAACGGCCCTCGGCTACC,0,4489421
yahC_predicted,0.16666666666666666,5,5,TCTTTTAGAGTAACGCACGT,0,4486898
yahC_predicted,0.16666666666666666,5,5,TCTGTTCCTTCTATCTGCCT,0,4494101
yahC_predicted,0.16666666666666666,5,5,TCTGTAATACCGCTTGCCCT,0,4488739
yahC_predicted,0.16666666666666666,5,5,TCTGGGACAGGCTGCTTATT,0,4495245
yahC_predicted,0.16666666666666666,5,5,TCTGGCGCCAAGTCAACATC,0,4491660
yahC_predicted,0.16666666666666666,5,5,TCTGGATGCTTTTTATGGGT,0,4496265
yahC_predicted,0.16666666666666666,5,5,TCTCTGTAGATGGGAAATTT,0,4494331
yahC_predicted,0.16666666666666666,5,5,TCTCGTCTGAGGTACACCCA,0,4481511
yahC_predicted,0.16666666666666666,5,5,TCTCGACGTGTAAAATTGGC,0,4480691
yahC_predicted,0.16666666666666666,5,5,TCTCCGAGTCACGGCCTTGA,0,4507844
yahC_predicted,0.16666666666666666,5,5,TCTCAATTTTTGACGAATCT,0,4503003
yahC_predicted,0.16666666666666666,5,5,TCTAGGTTATCGGGACAGTT,0,4507433
yahC_predicted,0.16666666666666666,5,5,TCTAGGATCACTTACATATA,0,4509245
yahC_predicted,0.16666666666666666,5,5,TCTAAATGTTGACGCCCCAG,0,4495212
yahC_predicted,0.16666666666666666,5,5,TCGTTTAGCATGTAACCCAA,0,4479342
yahC_predicted,0.16666666666666666,5,5,TCGTGCGTTTGTGGGGTTTT,0,4503426
yahC_predicted,0.16666666666666666,5,5,TCGTGAGCCTAGGAGGCCCG,0,4509210
yahC_predicted,0.16666666666666666,5,5,TCGTCTGCCCCTGGTGTGTG,0,4502614
yahC_predicted,0.16666666666666666,5,5,TCGGGGTTCACCAGCTTAGT,0,4483376
yahC_predicted,0.16666666666666666,5,5,TCGGGCTTACTAAGTAATGG,0,4480450
yahC_predicted,0.16666666666666666,5,5,TCGGGATCAGGACTCAGATA,0,4474162
yahC_predicted,0.16666666666666666,5,5,TCGGCTAAAGGGTATAGACA,0,4493955
yahC_predicted,0.16666666666666666,5,5,TCGGAACAGCAAAATCAGTC,0,4485992
yahC_predicted,0.16666666666666666,5,5,TCGCTCGACGATGAAACTGG,0,4510026
yahC_predicted,0.16666666666666666,5,5,TCGCTAGACAACAAACTCAT,0,4496558
yahC_predicted,0.16666666666666666,5,5,TCGCGTGCAGGGGGCTCGTA,0,4493721
yahC_predicted,0.16666666666666666,5,5,TCGCGGATGTCTACTGCAAG,0,4479503
yahC_predicted,0.16666666666666666,5,5,TCGCGCGAAAGTTCTAAACT,0,4506062
yahC_predicted,0.16666666666666666,5,5,TCGCAGTGGCACCCGAATCT,0,4498571
yahC_predicted,0.16666666666666666,5,5,TCGAGGTTAAACCACGTAGG,0,4510885
yahC_predicted,0.16666666666666666,5,5,TCGACACTTTGAATGCTGCT,0,4485970
yahC_predicted,0.16666666666666666,5,5,TCGAACTATCTGGATGGCCA,0,4510967
yahC_predicted,0.16666666666666666,5,5,TCCTTGTGGTAGAATCTCAT,0,4493883
yahC_predicted,0.16666666666666666,5,5,TCCTTAAAACGGGATCTGTG,0,4506720
yahC_predicted,0.16666666666666666,5,5,TCCTCTTACTCTCCCATCGC,0,4475196
yahC_predicted,0.16666666666666666,5,5,TCCTCTGCGCTGCCGTCTGG,0,4502508
yahC_predicted,0.16666666666666666,5,5,TCCTCTACTTTTGGAAATTT,0,4485004
yahC_predicted,0.16666666666666666,5,5,TCCTCGCGGTAAGGAAGAAT,0,4474443
yahC_predicted,0.16666666666666666,5,5,TCCGGTTTAAATTGCTCAGC,0,4502717
yahC_predicted,0.16666666666666666,5,5,TCCGGACTTTGCCATTTGTG,0,4504433
yahC_predicted,0.16666666666666666,5,5,TCCGCTCACCACTTCACAAG,0,4472787
yahC_predicted,0.16666666666666666,5,5,TCCGATGGAGTCACGAACAC,0,4505642
yahC_predicted,0.16666666666666666,5,5,TCCGAACTTAGCCAACATTA,0,4507221
yahC_predicted,0.16666666666666666,5,5,TCCGAACTCCCTCTGGGACA,0,4496490
yahC_predicted,0.16666666666666666,5,5,TCCCTGCCCGGCCGGCACGA,0,4488574
yahC_predicted,0.16666666666666666,5,5,TCCCGTGAGTGCGGTCAAGG,0,4493807
yahC_predicted,0.16666666666666666,5,5,TCCCCATTTAGCCACAATTG,0,4503714
yahC_predicted,0.16666666666666666,5,5,TCCCAGGTTGTGGGGGTAGA,0,4505222
yahC_predicted,0.16666666666666666,5,5,TCCCACCCTACCGTAACCGG,0,4486701
yahC_predicted,0.16666666666666666,5,5,TCATTCACTCAAAAGGAGGT,0,4492327
yahC_predicted,0.16666666666666666,5,5,TCATTAATAGATACTAAAGT,0,4477926
yahC_predicted,0.16666666666666666,5,5,TCATACTGTATTGTGTGCCC,0,4489935
yahC_predicted,0.16666666666666666,5,5,TCAGCGCGCATACGTATACT,0,4505810
yahC_predicted,0.16666666666666666,5,5,TCACTCACCTGCGTTCTAGA,0,4491387
yahC_predicted,0.16666666666666666,5,5,TCAATGCTTGTAGTCGTAGG,0,4497979
yahC_predicted,0.16666666666666666,5,5,TCAAGTGTTGCCCGTAGCTC,0,4479886
yahC_predicted,0.16666666666666666,5,5,TCAAGGCTAGGGGCATCATT,0,4489905
yahC_predicted,0.16666666666666666,5,5,TATTTAAAGAAATAAGCACG,0,4484586
yahC_predicted,0.16666666666666666,5,5,TATGTCTTATGCGAAAAGAT,0,4482457
yahC_predicted,0.16666666666666666,5,5,TATGGCCTTATGACCGTGCT,0,4479041
yahC_predicted,0.16666666666666666,5,5,TATGGCCGGTATCGTGTTGT,0,4501739
yahC_predicted,0.16666666666666666,5,5,TATCGGGCATAAGCAGGGCG,0,4505151
yahC_predicted,0.16666666666666666,5,5,TATCGAACTACATAGGCAGC,0,4495051
yahC_predicted,0.16666666666666666,5,5,TATCATTTTCAGTTTGCCGA,0,4498260
yahC_predicted,0.16666666666666666,5,5,TATCAGGGAACATTGCGGAC,0,4493413
yahC_predicted,0.16666666666666666,5,5,TATATTTGGCAGGTCGCGGT,0,4489554
yahC_predicted,0.16666666666666666,5,5,TAGTTATTACCTTCTGCACG,0,4501539
yahC_predicted,0.16666666666666666,5,5,TAGCGAGGCTCTGAAAGCTT,0,4495487
yahC_predicted,0.16666666666666666,5,5,TAGCCAACCCGCGCGGAGGA,0,4492754
yahC_predicted,0.16666666666666666,5,5,TAGCAACCTTGGTTATTGTT,0,4493348
yahC_predicted,0.16666666666666666,5,5,TAGAGGCGTTTACTGATGGA,0,4509707
yahC_predicted,0.16666666666666666,5,5,TAGAGAATATTTCGCGGAGG,0,4482976
yahC_predicted,0.16666666666666666,5,5,TAGAATTAGCCGCCGAACAG,0,4506683
yahC_predicted,0.16666666666666666,5,5,TACTTTCTATATATCATTGT,0,4472961
yahC_predicted,0.16666666666666666,5,5,TACTGTTCGTGACAGATCTT,0,4507398
yahC_predicted,0.16666666666666666,5,5,TACTGATTATGGTACTTGTC,0,4486524
yahC_predicted,0.16666666666666666,5,5,TACTCTGCACCCACCTCCCT,0,4483685
yahC_predicted,0.16666666666666666,5,5,TACGTACTCTCGGACGTCGT,0,4494158
yahC_predicted,0.16666666666666666,5,5,TACGGTCAATTGCGACCGGT,0,4508387
yahC_predicted,0.16666666666666666,5,5,TACGCCAGAAAGGGTTACCA,0,4497053
yahC_predicted,0.16666666666666666,5,5,TACGACTTTGCGTCTAATCC,0,4481510
yahC_predicted,0.16666666666666666,5,5,TACGAAAGCTGTCTTCCCCT,0,4497058
yahC_predicted,0.16666666666666666,5,5,TACCCGTCGAGAGGGTAGTC,0,4481293
yahC_predicted,0.16666666666666666,5,5,TACCAACTGATGCAATTTCT,0,4500223
yahC_predicted,0.16666666666666666,5,5,TACATACACAGTTATGAACA,0,4500634
yahC_predicted,0.16666666666666666,5,5,TAATTGTACCACCACCGTAC,0,4481274
yahC_predicted,0.16666666666666666,5,5,TAATCCCGATAAAGCACATC,0,4505391
yahC_predicted,0.16666666666666666,5,5,TAAGTGCCAGGCATATTTCG,0,4476729
yahC_predicted,0.16666666666666666,5,5,TAAGTACGACTGCACATCAA,0,4505853
yahC_predicted,0.16666666666666666,5,5,TAAGTAAGCAGCGTGGTCGC,0,4477608
yahC_predicted,0.16666666666666666,5,5,TAAGAAAGTGGCAAGCTATC,0,4489516
yahC_predicted,0.16666666666666666,5,5,TAACTGCGTGAAACCGGCCC,0,4478019
yahC_predicted,0.16666666666666666,5,5,TAACTAAAGTATACTTGGTC,0,4487688
yahC_predicted,0.16666666666666666,5,5,TAACGCGCGTGCACGAAGGG,0,4497187
yahC_predicted,0.16666666666666666,5,5,TAACGCCGGTACGCAATAGT,0,4479790
yahC_predicted,0.16666666666666666,5,5,TAACCGTCAGAATTACCTCA,0,4498567
yahC_predicted,0.16666666666666666,5,5,TAACCAGACATCGACACCAT,0,4472896
yahC_predicted,0.16666666666666666,5,5,TAAAGCAGTTACGAACCTCG,0,4486331
yahC_predicted,0.16666666666666666,5,5,TAAACCGTAGATTTCATCCC,0,4498404
yahC_predicted,0.16666666666666666,5,5,TAAAACCTCTGTAAGCCTAC,0,4488638
yahC_predicted,0.16666666666666666,5,5,GTTTGGTCGGTGGGTTCTTG,0,4483959
yahC_predicted,0.16666666666666666,5,5,GTTTGGGAGGGCTCGTGGGC,0,4477484
yahC_predicted,0.16666666666666666,5,5,GTTGGAAAAGCCGTTGAGCC,0,4497285
yahC_predicted,0.16666666666666666,5,5,GTTGCCGAGCGGGACTGCAT,0,4509583
yahC_predicted,0.16666666666666666,5,5,GTTGACCAGCGGATTTCCAA,0,4503572
yahC_predicted,0.16666666666666666,5,5,GTTCTCGCGAGATCTGAGGG,0,4477866
yahC_predicted,0.16666666666666666,5,5,GTTAATGTATTAGTTGAGGG,0,4506011
yahC_predicted,0.16666666666666666,5,5,GTGTTGCGGGGCCTCCAAAC,0,4507782
yahC_predicted,0.16666666666666666,5,5,GTGTTGCCAGGAGATGGTAC,0,4476205
yahC_predicted,0.16666666666666666,5,5,GTGTTGCATAGATGTGGCCT,0,4494658
yahC_predicted,0.16666666666666666,5,5,GTGTCTCCGTCTAGTAGTCC,0,4479054
yahC_predicted,0.16666666666666666,5,5,GTGTCCTGATAAGGTAGTAC,0,4478924
yahC_predicted,0.16666666666666666,5,5,GTGGGAATGTCCTCCTTCTT,0,4484481
yahC_predicted,0.16666666666666666,5,5,GTGGGAAGTCCTCCCCGGAC,0,4489979
yahC_predicted,0.16666666666666666,5,5,GTGGCCCGCACTGCTATTTG,0,4498367
yahC_predicted,0.16666666666666666,5,5,GTGGAATCCAAATAACAGTG,0,4492894
yahC_predicted,0.16666666666666666,5,5,GTGCGAGCATATTTTTTAAG,0,4494356
yahC_predicted,0.16666666666666666,5,5,GTGCCTAAAATACCGGTCAA,0,4489202
yahC_predicted,0.16666666666666666,5,5,GTGCAGTCCGCTTCAAGACC,0,4481634
yahC_predicted,0.16666666666666666,5,5,GTGAGTCACGTTTCAACTCA,0,4492151
yahC_predicted,0.16666666666666666,5,5,GTGACTCACGTAGGCGCTGT,0,4504559
yahC_predicted,0.16666666666666666,5,5,GTGAATGTCTGATCAAATCT,0,4484475
yahC_predicted,0.16666666666666666,5,5,GTGAACAGCCATCAAAGGTT,0,4505781
yahC_predicted,0.16666666666666666,5,5,GTGAAACAATACGGAGGATG,0,4505775
yahC_predicted,0.16666666666666666,5,5,GTCTTGTATGAATCAAACGT,0,4496810
yahC_predicted,0.16666666666666666,5,5,GTCTCGTATAAAGTTGTCGC,0,4478285
yahC_predicted,0.16666666666666666,5,5,GTCCTACGCAATAAGATTAG,0,4491611
yahC_predicted,0.16666666666666666,5,5,GTCCATGGGTGTGGTGACTA,0,4511882
yahC_predicted,0.16666666666666666,5,5,GTCCATAAGAGCTAACAGAT,0,4494047
yahC_predicted,0.16666666666666666,5,5,GTCAGCTACAAATCTGGGAC,0,4480011
yahC_predicted,0.16666666666666666,5,5,GTCAGATTGCAACACTGAGG,0,4475268
yahC_predicted,0.16666666666666666,5,5,GTCACATAAGGCCCCCGGTT,0,4500639
yahC_predicted,0.16666666666666666,5,5,GTCAAGCTACACCCGCATCT,0,4490168
yahC_predicted,0.16666666666666666,5,5,GTATCTCCGGATACGCCCGC,0,4481486
yahC_predicted,0.16666666666666666,5,5,GTATAATGGGGCGATCAATT,0,4508475
yahC_predicted,0.16666666666666666,5,5,GTAGTGATCCTACTATTTAA,0,4492177
yahC_predicted,0.16666666666666666,5,5,GTACGTTAAGTGGCCTGAGA,0,4484242
yahC_predicted,0.16666666666666666,5,5,GTACCCCTGTCAACTGGCGG,0,4491104
yahC_predicted,0.16666666666666666,5,5,GTACACACGACGCGATACTG,0,4496221
yahC_predicted,0.16666666666666666,5,5,GTACAACGGATATCCTATAC,0,4493650
yahC_predicted,0.16666666666666666,5,5,GTAATGGTATTGCTGAGTTG,0,4485985
yahC_predicted,0.16666666666666666,5,5,GTAAATTTTAGAAGCACATT,0,4495494
yahC_predicted,0.16666666666666666,5,5,GTAAAGCGTATTCTTAGCTG,0,4480124
yahC_predicted,0.16666666666666666,5,5,GGTTTATATTCTAGCTTTCC,0,4483440
yahC_predicted,0.16666666666666666,5,5,GGTTGGTGCTCCACGATCCG,0,4500745
yahC_predicted,0.16666666666666666,5,5,GGTTGAAATCATCTGAATTG,0,4476786
yahC_predicted,0.16666666666666666,5,5,GGTGTAGGAACGATCTCCTA,0,4505352
yahC_predicted,0.16666666666666666,5,5,GGTGCGGTTGGTTAAGTCGT,0,4503170
yahC_predicted,0.16666666666666666,5,5,GGTGCCTGATACGACGTTAT,0,4494165
yahC_predicted,0.16666666666666666,5,5,GGTGAACAATGTCCTAAACA,0,4507449
yahC_predicted,0.16666666666666666,5,5,GGTCCGCACAAATAATGTGA,0,4496817
yahC_predicted,0.16666666666666666,5,5,GGTCAGTGTACACAGCGTAA,0,4473846
yahC_predicted,0.16666666666666666,5,5,GGTACCTACGCATCAGGAAT,0,4482391
yahC_predicted,0.16666666666666666,5,5,GGTACAGACCTATCGGAAAT,0,4488514
yahC_predicted,0.16666666666666666,5,5,GGTAATGGTCATTGCGGGGT,0,4498476
yahC_predicted,0.16666666666666666,5,5,GGTAAATGTCCAACGCGTCA,0,4510938
yahC_predicted,0.16666666666666666,5,5,GGGTCTAGGTACCAAGGCAG,0,4508292
yahC_predicted,0.16666666666666666,5,5,GGGTCGCGCCCGCCCCTCAA,0,4510803
yahC_predicted,0.16666666666666666,5,5,GGGTATCTTCGTTTGGGTTA,0,4491120
yahC_predicted,0.16666666666666666,5,5,GGGTAAGAAAAGACCGCGGT,0,4494219
yahC_predicted,0.16666666666666666,5,5,GGGGTGCTCCACTTGCCTAA,0,4506628
yahC_predicted,0.16666666666666666,5,5,GGGGGTTTGATATATTTAAG,0,4496462
yahC_predicted,0.16666666666666666,5,5,GGGGGGGCTCCGTACATTAT,0,4486591
yahC_predicted,0.16666666666666666,5,5,GGGGGCTCAAAGTTGAACGA,0,4485193
yahC_predicted,0.16666666666666666,5,5,GGGGGAAATCAGTTTCCGAA,0,4477343
yahC_predicted,0.16666666666666666,5,5,GGGGATCGGACTTACAGGAG,0,4501990
yahC_predicted,0.16666666666666666,5,5,GGGGAGGATTCCCTCGCGTG,0,4501942
yahC_predicted,0.16666666666666666,5,5,GGGCTGCGTGCCAGGGCCCT,0,4511170
yahC_predicted,0.16666666666666666,5,5,GGGAGGCAGGGAAGGGACTG,0,4483732
yahC_predicted,0.16666666666666666,5,5,GGGACAGCGTGCTCCCGCGA,0,4494917
yahC_predicted,0.16666666666666666,5,5,GGGACAATGGCCACTATGTT,0,4508828
yahC_predicted,0.16666666666666666,5,5,GGCTTGTTTAGGTAACCGTC,0,4477171
yahC_predicted,0.16666666666666666,5,5,GGCTTGACATGTGTCAGCCA,0,4478778
yahC_predicted,0.16666666666666666,5,5,GGCTCGCCGGTCCCGCTGGT,0,4482761
yahC_predicted,0.16666666666666666,5,5,GGCTAGTACATTTAGTGTGT,0,4505022
yahC_predicted,0.16666666666666666,5,5,GGCAGCACAGTATGATGTGC,0,4478591
yahC_predicted,0.16666666666666666,5,5,GGCAATTAACACTACCAATT,0,4477839
yahC_predicted,0.16666666666666666,5,5,GGCAAGGCCAAGTGCAATAT,0,4508826
yahC_predicted,0.16666666666666666,5,5,GGATTACCCGCTTGGTAGTA,0,4486962
yahC_predicted,0.16666666666666666,5,5,GGATGATCCCAGGACTATCA,0,4510352
yahC_predicted,0.16666666666666666,5,5,GGATCGCGGTTTTCAGGCCC,0,4493091
yahC_predicted,0.16666666666666666,5,5,GGATATGCCTGACTATGTGC,0,4488948
yahC_predicted,0.16666666666666666,5,5,GGAGTAACCACCTTACACGG,0,4475968
yahC_predicted,0.16666666666666666,5,5,GGAGGGTTACTCTTCGCCGT,0,4511174
yahC_predicted,0.16666666666666666,5,5,GGAGCCGAGACTTGAAATTG,0,4478084
yahC_predicted,0.16666666666666666,5,5,GGAGCAGCTCGTTGCTCGTA,0,4488782
yahC_predicted,0.16666666666666666,5,5,GGAGAATAACATCGCAATGT,0,4501172
yahC_predicted,0.16666666666666666,5,5,GGACGGTCCAAGCTATTAGG,0,4485726
yahC_predicted,0.16666666666666666,5,5,GGAACGCCCTGGGTGTCGAA,0,4493530
yahC_predicted,0.16666666666666666,5,5,GGAACATAAGCCATGGAAAG,0,4495547
yahC_predicted,0.16666666666666666,5,5,GGAAAGGTTAGTGTGGCTCC,0,4479110
yahC_predicted,0.16666666666666666,5,5,GCTTCTCCAATGACCAGGTG,0,4483716
yahC_predicted,0.16666666666666666,5,5,GCTTCGGGTTTACCAAACTG,0,4495413
yahC_predicted,0.16666666666666666,5,5,GCTTATTCTCCTGAATGCGT,0,4503828
yahC_predicted,0.16666666666666666,5,5,GCTTATGTTATGGGGAATCG,0,4472491
yahC_predicted,0.16666666666666666,5,5,GCTTAGTAATTTCCAGCGAG,0,4505252
yahC_predicted,0.16666666666666666,5,5,GCTGATTTTGTGGCGTACAG,0,4491949
yahC_predicted,0.16666666666666666,5,5,GCTGAATGTGGGTGGAACGA,0,4503301
yahC_predicted,0.16666666666666666,5,5,GCTCGCGGAGCGGAACACTA,0,4487982
yahC_predicted,0.16666666666666666,5,5,GCTAGGTCGGAATCAGAACA,0,4487958
yahC_predicted,0.16666666666666666,5,5,GCTACTACCGAGGACTACCG,0,4495046
yahC_predicted,0.16666666666666666,5,5,GCTAAAATACTACCATTGGA,0,4481886
yahC_predicted,0.16666666666666666,5,5,GCGTTAGTGAATAGTTGAGG,0,4477730
yahC_predicted,0.16666666666666666,5,5,GCGTGGCTCGCCAGGCGGAA,0,4488543
yahC_predicted,0.16666666666666666,5,5,GCGTACCGTTCCTATAGCAT,0,4503658
yahC_predicted,0.16666666666666666,5,5,GCGGTAGTCTGTCTTGCGTG,0,4492093
yahC_predicted,0.16666666666666666,5,5,GCGGGGTGCATAAATGATTG,0,4478835
yahC_predicted,0.16666666666666666,5,5,GCGGCCTTGACTGGCGTCTC,0,4489468
yahC_predicted,0.16666666666666666,5,5,GCGGCAAAGCGCTACCCTAG,0,4480154
yahC_predicted,0.16666666666666666,5,5,GCGGACTGGCAGTCCACCTG,0,4497448
yahC_predicted,0.16666666666666666,5,5,GCGCTTATAGAATTTCCGGT,0,4484607
yahC_predicted,0.16666666666666666,5,5,GCGCTCCTGAAAATATGTTT,0,4485325
yahC_predicted,0.16666666666666666,5,5,GCGCTCCTACCGATACGGTT,0,4493647
yahC_predicted,0.16666666666666666,5,5,GCGATCGTGGTTTAGTCAGA,0,4474383
yahC_predicted,0.16666666666666666,5,5,GCGATCGCGCAACTAAACAG,0,4478986
yahC_predicted,0.16666666666666666,5,5,GCCTGTTTGCGGCGGCCCCG,0,4507983
yahC_predicted,0.16666666666666666,5,5,GCCTGGTGATGAGAGTACTG,0,4476417
yahC_predicted,0.16666666666666666,5,5,GCCTCAGATAGCCCTTACGA,0,4485479
yahC_predicted,0.16666666666666666,5,5,GCCTAAGGTCCAACGACAGT,0,4508089
yahC_predicted,0.16666666666666666,5,5,GCCGGAACACAGTTGAAGAA,0,4505809
yahC_predicted,0.16666666666666666,5,5,GCCGAAAGAGAATATTAATA,0,4490764
yahC_predicted,0.16666666666666666,5,5,GCCCTGTCGGGAGCGTTAAC,0,4473486
yahC_predicted,0.16666666666666666,5,5,GCCCGTAACCTGGCTTCTCA,0,4473665
yahC_predicted,0.16666666666666666,5,5,GCCATTCGCATCATCTGGCA,0,4476647
yahC_predicted,0.16666666666666666,5,5,GCCATACGTTGGACCGTTGA,0,4501188
yahC_predicted,0.16666666666666666,5,5,GCCAGGCGATTCCATATGAT,0,4488614
yahC_predicted,0.16666666666666666,5,5,GCCAAGTAGCGACGAACCTT,0,4492761
yahC_predicted,0.16666666666666666,5,5,GCCAAAGGTGGCACACCATT,0,4475879
yahC_predicted,0.16666666666666666,5,5,GCATTCCCTTATTACCAGCA,0,4492532
yahC_predicted,0.16666666666666666,5,5,GCATTCCATGGCTGACATTC,0,4499245
yahC_predicted,0.16666666666666666,5,5,GCATAGCTTGATGGTGCTCC,0,4489924
yahC_predicted,0.16666666666666666,5,5,GCACTATAGGCGAAATGGTA,0,4497505
yahC_predicted,0.16666666666666666,5,5,GCACACAATGCTCCGCGGGG,0,4495826
yahC_predicted,0.16666666666666666,5,5,GCAAGGTCAGACAGAAGGTT,0,4504896
yahC_predicted,0.16666666666666666,5,5,GCAACCCTTTCAGTGTTTCA,0,4494202
yahC_predicted,0.16666666666666666,5,5,GATTTACTGTCTTCCAAGTC,0,4508905
yahC_predicted,0.16666666666666666,5,5,GATTGACGCGTCATTTTTTC,0,4494471
yahC_predicted,0.16666666666666666,5,5,GATTGAAATGCGCGAAGTGG,0,4502644
yahC_predicted,0.16666666666666666,5,5,GATTGAAATATTCTTCGCTC,0,4490864
yahC_predicted,0.16666666666666666,5,5,GATGTCCGGCAATCTCTGTC,0,4502757
yahC_predicted,0.16666666666666666,5,5,GATCTGTGCCCTCACTTACA,0,4506672
yahC_predicted,0.16666666666666666,5,5,GATCTCTAACGTGCTCCACC,0,4511852
yahC_predicted,0.16666666666666666,5,5,GATCGTAGCGCATACAAGTG,0,4486745
yahC_predicted,0.16666666666666666,5,5,GATCATGGCAGTTTAGAGTT,0,4482611
yahC_predicted,0.16666666666666666,5,5,GATATAGGGTATTACGTCAA,0,4510987
yahC_predicted,0.16666666666666666,5,5,GATAGGTGGGTGCGTTCCAC,0,4491295
yahC_predicted,0.16666666666666666,5,5,GATACTCTAAGTAGGTCTCT,0,4493819
yahC_predicted,0.16666666666666666,5,5,GAGGTTTCGACTCTCGCATG,0,4501491
yahC_predicted,0.16666666666666666,5,5,GAGGATGCCAATACTCACAG,0,4475001
yahC_predicted,0.16666666666666666,5,5,GAGCTGTTTCGACAACGACA,0,4506850
yahC_predicted,0.16666666666666666,5,5,GAGACCTCTAGAGGAGATCA,0,4509060
yahC_predicted,0.16666666666666666,5,5,GAGAACTATCCTCCGGTTAT,0,4500284
yahC_predicted,0.16666666666666666,5,5,GACTATTGGTTTGTGGGTGA,0,4481023
yahC_predicted,0.16666666666666666,5,5,GACGTAGACTCGAGCTAACC,0,4488352
yahC_predicted,0.16666666666666666,5,5,GACGGGTGTTAGTGCGTTGC,0,4476967
yahC_predicted,0.16666666666666666,5,5,GACGGACATTGGTGCAATGC,0,4504957
yahC_predicted,0.16666666666666666,5,5,GACGAACAAGCTTGATTGTA,0,4489067
yahC_predicted,0.16666666666666666,5,5,GACCGTCGGCTTTCTATTAG,0,4482491
yahC_predicted,0.16666666666666666,5,5,GACCGGTTGGGCCTCGAGTT,0,4508033
yahC_predicted,0.16666666666666666,5,5,GACCCCTGGTCAAGCGTGAA,0,4475046
yahC_predicted,0.16666666666666666,5,5,GACATGATCGTGACTACTCA,0,4499043
yahC_predicted,0.16666666666666666,5,5,GACATAACTGTCTCAAGCCA,0,4493081
yahC_predicted,0.16666666666666666,5,5,GACAAGAGTCCAGGTCTAGT,0,4476514
yahC_predicted,0.16666666666666666,5,5,GAATGGCAAGATGACGAACA,0,4491555
yahC_predicted,0.16666666666666666,5,5,GAATGATCTCTAAAGCGTCT,0,4491605
yahC_predicted,0.16666666666666666,5,5,GAAGCGAAAAGTGGTTGGGG,0,4498943
yahC_predicted,0.16666666666666666,5,5,GAAGCCATCCTTGGGTTCGT,0,4477078
yahC_predicted,0.16666666666666666,5,5,GAAATTGGCCGGTGTACGAT,0,4505168
yahC_predicted,0.16666666666666666,5,5,GAAATCTTTAGGTTGACCCG,0,4474176
yahC_predicted,0.16666666666666666,5,5,GAAATCCGGCGCATCACACA,0,4480584
yahC_predicted,0.16666666666666666,5,5,GAAAGCTCCGTAGTCTCCGT,0,4501987
yahC_predicted,0.16666666666666666,5,5,GAAAGAAAGGGCAGGCCCGT,0,4481550
yahC_predicted,0.16666666666666666,5,5,GAAACCATGGAGTGGGGCCC,0,4497935
yahC_predicted,0.16666666666666666,5,5,CTTTTCACAGTTGTACAAAT,0,4482483
yahC_predicted,0.16666666666666666,5,5,CTTTTAGAATGAGTTGAATC,0,4501062
yahC_predicted,0.16666666666666666,5,5,CTTTGTTAGCGGGGTAGGAT,0,4509279
yahC_predicted,0.16666666666666666,5,5,CTTTGTAGTTACCATCGGCA,0,4510375
yahC_predicted,0.16666666666666666,5,5,CTTTGGGCCGTTGTGGGACC,0,4477654
yahC_predicted,0.16666666666666666,5,5,CTTTATCAGTCTGAGGCTGG,0,4505915
yahC_predicted,0.16666666666666666,5,5,CTTGTGGTTCGGATCTCTCA,0,4501321
yahC_predicted,0.16666666666666666,5,5,CTTGTGGAAAGTCCTCGCCC,0,4489461
yahC_predicted,0.16666666666666666,5,5,CTTGGATCTTTCCACGTTCT,0,4499619
yahC_predicted,0.16666666666666666,5,5,CTTCGGTAGTGGAGATTGGA,0,4484530
yahC_predicted,0.16666666666666666,5,5,CTTCGACGCACCGCACAGGT,0,4511285
yahC_predicted,0.16666666666666666,5,5,CTTCGAAACCACAGATCGTT,0,4494097
yahC_predicted,0.16666666666666666,5,5,CTTCCGGCCAACAGCTACAT,0,4505322
yahC_predicted,0.16666666666666666,5,5,CTTCATTCATATCGGCCGAT,0,4493181
yahC_predicted,0.16666666666666666,5,5,CTTAGCCGAACATTTTTTTC,0,4494873
yahC_predicted,0.16666666666666666,5,5,CTTACGATAGTCGGTTAGTC,0,4503127
yahC_predicted,0.16666666666666666,5,5,CTTAACACGATCACTCTAAC,0,4493505
yahC_predicted,0.16666666666666666,5,5,CTGTTTCTCTTCTTATCTCC,0,4480785
yahC_predicted,0.16666666666666666,5,5,CTGTGTTGTATTGTACGCTC,0,4476753
yahC_predicted,0.16666666666666666,5,5,CTGTGGCTCAGACGAACTCG,0,4499404
yahC_predicted,0.16666666666666666,5,5,CTGTCGGCGTTTTAGAATCT,0,4482270
yahC_predicted,0.16666666666666666,5,5,CTGTCGCAAGTATACACGAG,0,4474616
yahC_predicted,0.16666666666666666,5,5,CTGGCGACTCGTACTAGGTC,0,4491065
yahC_predicted,0.16666666666666666,5,5,CTGGATTCATATGGATGAGA,0,4506182
yahC_predicted,0.16666666666666666,5,5,CTGCGGATGTGTCAGGAGTC,0,4474579
yahC_predicted,0.16666666666666666,5,5,CTGCCGTCGGTATCTGCGCG,0,4490641
yahC_predicted,0.16666666666666666,5,5,CTGCAGCCGGGGACGCCACT,0,4497840
yahC_predicted,0.16666666666666666,5,5,CTGATGCTATAACTAAGAGA,0,4503034
yahC_predicted,0.16666666666666666,5,5,CTGATAGGAACAAATCAACA,0,4477324
yahC_predicted,0.16666666666666666,5,5,CTGAGATCGATCACGAAAAT,0,4496807
yahC_predicted,0.16666666666666666,5,5,CTGACCACCTTCCACGCATT,0,4475724
yahC_predicted,0.16666666666666666,5,5,CTGACACGTGAGCGAAGGAA,0,4511834
yahC_predicted,0.16666666666666666,5,5,CTGAAGTGCCGGGCGAGGGT,0,4503333
yahC_predicted,0.16666666666666666,5,5,CTCGTGAAAATCATGGTCTG,0,4475433
yahC_predicted,0.16666666666666666,5,5,CTCGTATGAGAGGGGCGCAA,0,4473663
yahC_predicted,0.16666666666666666,5,5,CTCGCTTCACCCGCCTTACA,0,4474519
yahC_predicted,0.16666666666666666,5,5,CTCGCGGGTTCGAAACGGAC,0,4491498
yahC_predicted,0.16666666666666666,5,5,CTCGCCAAATAAAGAATTTG,0,4504733
yahC_predicted,0.16666666666666666,5,5,CTCGACGCGAATGGCGGCCG,0,4508551
yahC_predicted,0.16666666666666666,5,5,CTCCGCGGGACTCCAGATGA,0,4489598
yahC_predicted,0.16666666666666666,5,5,CTCCGACAGGGCCAAGGCCC,0,4479052
yahC_predicted,0.16666666666666666,5,5,CTCACCGCAATCGACATCAG,0,4505737
yahC_predicted,0.16666666666666666,5,5,CTATTTACGAGGAGAGGGGT,0,4477215
yahC_predicted,0.16666666666666666,5,5,CTATGTTGAGGCTTTGTTGA,0,4495357
yahC_predicted,0.16666666666666666,5,5,CTATGCTTTGGAGAAACAAT,0,4476700
yahC_predicted,0.16666666666666666,5,5,CTAGTTTGGCTTGTTGCTGC,0,4479630
yahC_predicted,0.16666666666666666,5,5,CTACCAAGAGTATCCCGTTT,0,4510462
yahC_predicted,0.16666666666666666,5,5,CTACACTGTCTTGTGATTGG,0,4493746
yahC_predicted,0.16666666666666666,5,5,CTAATGTGCAATCATGGCTT,0,4480810
yahC_predicted,0.16666666666666666,5,5,CTAATACCACAGCAGGGTAG,0,4491720
yahC_predicted,0.16666666666666666,5,5,CGTTTCTAGTCTCAAGCGTC,0,4483702
yahC_predicted,0.16666666666666666,5,5,CGTGCTGGGATCCAGCTCGA,0,4492595
yahC_predicted,0.16666666666666666,5,5,CGTCTCTGAGCCGAAACGCG,0,4473556
yahC_predicted,0.16666666666666666,5,5,CGTATTTAAACTCTATAATG,0,4492897
yahC_predicted,0.16666666666666666,5,5,CGTACGCGTTATGGCACGTG,0,4476657
yahC_predicted,0.16666666666666666,5,5,CGTACCTCCGCGAGTGGGAC,0,4487084
yahC_predicted,0.16666666666666666,5,5,CGGTGCGTAAGGACCGAAGG,0,4499997
yahC_predicted,0.16666666666666666,5,5,CGGTCGCCAACAACCACGAC,0,4478332
yahC_predicted,0.16666666666666666,5,5,CGGTAGTCTTTTGGCGGTCT,0,4503908
yahC_predicted,0.16666666666666666,5,5,CGGGGTGTCTGGGACTCATC,0,4507085
yahC_predicted,0.16666666666666666,5,5,CGGGCAACGGGACTCTGATT,0,4496726
yahC_predicted,0.16666666666666666,5,5,CGGCTAATGTTGTTCGTCAG,0,4481806
yahC_predicted,0.16666666666666666,5,5,CGGCGCGCGGTATAATTGTA,0,4499020
yahC_predicted,0.16666666666666666,5,5,CGGCATGGATGTAGACTGCA,0,4511333
yahC_predicted,0.16666666666666666,5,5,CGGCAAGTTCTACATGGTCG,0,4486913
yahC_predicted,0.16666666666666666,5,5,CGGACTGTGTAGTCCCGAGT,0,4483037
yahC_predicted,0.16666666666666666,5,5,CGGAACAAAGGATGATAGCA,0,4490365
yahC_predicted,0.16666666666666666,5,5,CGCGTTTTTCCTAGCTCTAC,0,4493668
yahC_predicted,0.16666666666666666,5,5,CGCGTGCGAACAACTACACT,0,4474214
yahC_predicted,0.16666666666666666,5,5,CGCGCAACATATGAGGATGA,0,4474302
yahC_predicted,0.16666666666666666,5,5,CGCGAATTAGTAACCACTGG,0,4487331
yahC_predicted,0.16666666666666666,5,5,CGCCTAGAGGGATGGCAGAC,0,4490997
yahC_predicted,0.16666666666666666,5,5,CGCCATCGCGGCGTAATTGA,0,4490922
yahC_predicted,0.16666666666666666,5,5,CGCCAGTGACCTGGCATATA,0,4479858
yahC_predicted,0.16666666666666666,5,5,CGCCAGCAGGCCGTCCAAAG,0,4489395
yahC_predicted,0.16666666666666666,5,5,CGCCACTCAAGCCTAATACT,0,4497443
yahC_predicted,0.16666666666666666,5,5,CGCATGTTGTGCAGTCGGAG,0,4497216
yahC_predicted,0.16666666666666666,5,5,CGCAGACATCAGATCAGCAC,0,4475851
yahC_predicted,0.16666666666666666,5,5,CGCAAACTGACTGTCATCGC,0,4475645
yahC_predicted,0.16666666666666666,5,5,CGATTGTGTTTGATGAAGCT,0,4510171
yahC_predicted,0.16666666666666666,5,5,CGATTCACGTTACGGGCTCT,0,4508752
yahC_predicted,0.16666666666666666,5,5,CGATCTCGGGAAAAATCAAA,0,4489963
yahC_predicted,0.16666666666666666,5,5,CGATAGTCCCCCTATGCTGC,0,4474736
yahC_predicted,0.16666666666666666,5,5,CGATAACGTCTTGCAAAGGT,0,4504023
yahC_predicted,0.16666666666666666,5,5,CGAGTTCGTAACGTGATCTG,0,4507102
yahC_predicted,0.16666666666666666,5,5,CGAGTGATGTCATTTTAGTA,0,4501166
yahC_predicted,0.16666666666666666,5,5,CGAGGACCCGATTTAGCTTT,0,4504033
yahC_predicted,0.16666666666666666,5,5,CGAGCTTCGGAACACTGTTC,0,4478623
yahC_predicted,0.16666666666666666,5,5,CGAGCGTTGATGCCCACATT,0,4490348
yahC_predicted,0.16666666666666666,5,5,CGACGATCACTTTACAGATA,0,4480804
yahC_predicted,0.16666666666666666,5,5,CGACGAACGTGAGAATGACA,0,4494749
yahC_predicted,0.16666666666666666,5,5,CGAAGGGTATCGTCCACTTT,0,4492628
yahC_predicted,0.16666666666666666,5,5,CGAACGGGATGACATTATCC,0,4487563
yahC_predicted,0.16666666666666666,5,5,CGAAATTTGTTGAACGTTAA,0,4482718
yahC_predicted,0.16666666666666666,5,5,CGAAATGCACCACGCGGAGA,0,4509935
yahC_predicted,0.16666666666666666,5,5,CCTTCTTCAGTCTGGTAGAG,0,4475363
yahC_predicted,0.16666666666666666,5,5,CCTCCTTAAACGTGATATGG,0,4475850
yahC_predicted,0.16666666666666666,5,5,CCTCAGCACTGAATGCCAGA,0,4487194
yahC_predicted,0.16666666666666666,5,5,CCTATTGCGTGTTGTTGGAC,0,4486183
yahC_predicted,0.16666666666666666,5,5,CCTATTCTATGCCCATTGGA,0,4494901
yahC_predicted,0.16666666666666666,5,5,CCTATGTCGGGATCAAAGCC,0,4509162
yahC_predicted,0.16666666666666666,5,5,CCTAGCTTAGCTCGATCATG,0,4490677
yahC_predicted,0.16666666666666666,5,5,CCTAAGAGCATCAGCCAATC,0,4490352
yahC_predicted,0.16666666666666666,5,5,CCGTTTTCACGGTTAACCCT,0,4474867
yahC_predicted,0.16666666666666666,5,5,CCGTTTAGTCGCATGAAAAA,0,4483207
yahC_predicted,0.16666666666666666,5,5,CCGTTCGCCTATCCTAATAA,0,4508171
yahC_predicted,0.16666666666666666,5,5,CCGTCAACACCTGAAAGTTC,0,4479208
yahC_predicted,0.16666666666666666,5,5,CCGTAAGGTTTGCCTTTCGT,0,4479407
yahC_predicted,0.16666666666666666,5,5,CCGGTTTTGCAACGTCCTGT,0,4486213
yahC_predicted,0.16666666666666666,5,5,CCGGCCCGATTCATTTGAGG,0,4503879
yahC_predicted,0.16666666666666666,5,5,CCGCGTATCCTGTATTACTT,0,4490509
yahC_predicted,0.16666666666666666,5,5,CCGCGGTCAAGAAAGTAAAT,0,4502737
yahC_predicted,0.16666666666666666,5,5,CCGCCTGGTCGGTTCTGGGA,0,4502661
yahC_predicted,0.16666666666666666,5,5,CCGCAGAGTATTCGGTGTTT,0,4484288
yahC_predicted,0.16666666666666666,5,5,CCGCACTGGGTCGAACGAGT,0,4502782
yahC_predicted,0.16666666666666666,5,5,CCGATTGGCCTCTCGCAAAC,0,4509480
yahC_predicted,0.16666666666666666,5,5,CCGACGATCATGCAATGCGG,0,4481999
yahC_predicted,0.16666666666666666,5,5,CCCTAACGGTCGTATAGGTC,0,4480505
yahC_predicted,0.16666666666666666,5,5,CCCGTCTGGATATAGGTCCT,0,4499718
yahC_predicted,0.16666666666666666,5,5,CCCGTCCGATCCACAGTGAT,0,4491143
yahC_predicted,0.16666666666666666,5,5,CCCGTATCCACAAATATGCA,0,4474921
yahC_predicted,0.16666666666666666,5,5,CCCGGGAGCGTAAGTACCAC,0,4482514
yahC_predicted,0.16666666666666666,5,5,CCCCGCCAAGACTAAGCACT,0,4490452
yahC_predicted,0.16666666666666666,5,5,CCATATTGCTCGTCTGGACC,0,4482701
yahC_predicted,0.16666666666666666,5,5,CCATAGTCATCTTCAAGAGA,0,4473444
yahC_predicted,0.16666666666666666,5,5,CCAGTTCACTCAGTATCCAC,0,4485997
yahC_predicted,0.16666666666666666,5,5,CCAGTCCTCCACCACAAAGT,0,4509321
yahC_predicted,0.16666666666666666,5,5,CCAGGATTAGCCCCGCGTCA,0,4479550
yahC_predicted,0.16666666666666666,5,5,CATTTGTGCATGCCTGTATA,0,4506476
yahC_predicted,0.16666666666666666,5,5,CATTTAGCGGCGTAGAATTT,0,4481559
yahC_predicted,0.16666666666666666,5,5,CATTATCCCGGCGTACGCAA,0,4493287
yahC_predicted,0.16666666666666666,5,5,CATGCCAGTGGCCATTATTG,0,4498030
yahC_predicted,0.16666666666666666,5,5,CATCCGGCCTTATTGCAGAG,0,4482129
yahC_predicted,0.16666666666666666,5,5,CATCAACTATGTGCATTAAA,0,4475535
yahC_predicted,0.16666666666666666,5,5,CATAATGGCAGGATGTAGGG,0,4507124
yahC_predicted,0.16666666666666666,5,5,CATAAGGGTGCATTTCAGGC,0,4507114
yahC_predicted,0.16666666666666666,5,5,CAGTGTGAGTTTTCAAGCTT,0,4484291
yahC_predicted,0.16666666666666666,5,5,CAGTGTAACAGTCCTTGATG,0,4492017
yahC_predicted,0.16666666666666666,5,5,CAGCTCACCTCGTATGGCTT,0,4489380
yahC_predicted,0.16666666666666666,5,5,CACTTGTTACGTATTCTCGT,0,4508336
yahC_predicted,0.16666666666666666,5,5,CACTTGACGATGCCAACACA,0,4504992
yahC_predicted,0.16666666666666666,5,5,CACTCTCGATGCAGCCGTGC,0,4494286
yahC_predicted,0.16666666666666666,5,5,CACTCATGTCAGTTGCTCAG,0,4472995
yahC_predicted,0.16666666666666666,5,5,CACGTGATTCTTTCTGGTTC,0,4484455
yahC_predicted,0.16666666666666666,5,5,CACGGCCATTCCAAGGTGGA,0,4510677
yahC_predicted,0.16666666666666666,5,5,CACCGTCGTACGGTCAGGTA,0,4476262
yahC_predicted,0.16666666666666666,5,5,CACCAGTTTGCTGCGTTGGT,0,4504704
yahC_predicted,0.16666666666666666,5,5,CACATGGCGGCGCTGAGCGA,0,4478576
yahC_predicted,0.16666666666666666,5,5,CACATCACTGTGAACTGCGT,0,4499688
yahC_predicted,0.16666666666666666,5,5,CACAGTTTTGTATGGGCTTT,0,4505266
yahC_predicted,0.16666666666666666,5,5,CACAGGTGTTTTTAAAAGCC,0,4484511
yahC_predicted,0.16666666666666666,5,5,CACAGACCTATCGACGGAGG,0,4478091
yahC_predicted,0.16666666666666666,5,5,CACAAATTATCTAAACCCCA,0,4504053
yahC_predicted,0.16666666666666666,5,5,CAATTCGCAATATTATTAGA,0,4489036
yahC_predicted,0.16666666666666666,5,5,CAATGTTTGAACAACAACCA,0,4479160
yahC_predicted,0.16666666666666666,5,5,CAATGTGGTCACCCCGGATA,0,4490979
yahC_predicted,0.16666666666666666,5,5,CAAGAGCCTCTGGACTGAGA,0,4490694
yahC_predicted,0.16666666666666666,5,5,CAACGTCGTAGGATCGTCTG,0,4493713
yahC_predicted,0.16666666666666666,5,5,CAACGGGCGGCTGGGTCTTT,0,4481932
yahC_predicted,0.16666666666666666,5,5,CAACCCGGGGTTTTACTCTA,0,4506481
yahC_predicted,0.16666666666666666,5,5,CAACAGAGGTTACCGTCCTT,0,4491406
yahC_predicted,0.16666666666666666,5,5,CAACAACACCAGGAAAATTT,0,4473442
yahC_predicted,0.16666666666666666,5,5,ATTTTTCGTAAATAGTCGAA,0,4478384
yahC_predicted,0.16666666666666666,5,5,ATTTTTACCTTGAGGTGGCG,0,4489285
yahC_predicted,0.16666666666666666,5,5,ATTTTCGTTCCGCATCGCGA,0,4504022
yahC_predicted,0.16666666666666666,5,5,ATTTGTATTGTGTAACTGGG,0,4484093
yahC_predicted,0.16666666666666666,5,5,ATTTGCGTGGTAGGCCCCTG,0,4485880
yahC_predicted,0.16666666666666666,5,5,ATTTGCAGGAGCGGTATTAT,0,4479486
yahC_predicted,0.16666666666666666,5,5,ATTTCTTGAATTCTCCCACA,0,4489771
yahC_predicted,0.16666666666666666,5,5,ATTTCGAGAGTGCGGATTGC,0,4509553
yahC_predicted,0.16666666666666666,5,5,ATTTCAATCGTGGCGGTTTT,0,4508401
yahC_predicted,0.16666666666666666,5,5,ATTTATTCCATAGATCTGTA,0,4489018
yahC_predicted,0.16666666666666666,5,5,ATTTATCTAAGAATCCGTGT,0,4492802
yahC_predicted,0.16666666666666666,5,5,ATTGGTAAGAGTTACGGTAT,0,4473161
yahC_predicted,0.16666666666666666,5,5,ATTGGGATCCTCGACTTAGA,0,4474537
yahC_predicted,0.16666666666666666,5,5,ATTGCTGAGAAAAGTCACGT,0,4505120
yahC_predicted,0.16666666666666666,5,5,ATTGCGCCGTCCCAGGCATT,0,4482842
yahC_predicted,0.16666666666666666,5,5,ATTCGCTCTACAACCTAATT,0,4508683
yahC_predicted,0.16666666666666666,5,5,ATTCAAACGAGGGAGCACCC,0,4497747
yahC_predicted,0.16666666666666666,5,5,ATTATGTCCACATGGGGTAC,0,4491504
yahC_predicted,0.16666666666666666,5,5,ATTAGAGCGAGATCGGTCAA,0,4487202
yahC_predicted,0.16666666666666666,5,5,ATTAGAACATAGAGAGTAGG,0,4510712
yahC_predicted,0.16666666666666666,5,5,ATTACGGGCCATCACGAGTA,0,4498948
yahC_predicted,0.16666666666666666,5,5,ATTACCAGTCGGTCATCTTT,0,4495301
yahC_predicted,0.16666666666666666,5,5,ATTAATTTGCCCGCATTACA,0,4497442
yahC_predicted,0.16666666666666666,5,5,ATTAAGGCTGTCTAAGTCGT,0,4484731
yahC_predicted,0.16666666666666666,5,5,ATGTTTAGTTCAGTGCACGA,0,4478082
yahC_predicted,0.16666666666666666,5,5,ATGTCGCTTAAAACATAGCA,0,4480191
yahC_predicted,0.16666666666666666,5,5,ATGTCAGTCGTAATAATTCT,0,4491040
yahC_predicted,0.16666666666666666,5,5,ATGTATCCAGGACATGACAT,0,4487165
yahC_predicted,0.16666666666666666,5,5,ATGGTGCCCTTTGCCGGGGG,0,4502166
yahC_predicted,0.16666666666666666,5,5,ATGGGGGCTGGGATATATGA,0,4511475
yahC_predicted,0.16666666666666666,5,5,ATGGCAGCTCGCGGCTGTCA,0,4475423
yahC_predicted,0.16666666666666666,5,5,ATGAGTGGTCGGGTTATTGA,0,4476419
yahC_predicted,0.16666666666666666,5,5,ATGACGATGTAAGTTCCTTA,0,4512079
yahC_predicted,0.16666666666666666,5,5,ATGACGAGCGAACTACTCTA,0,4507209
yahC_predicted,0.16666666666666666,5,5,ATCTTCACCTTGTCTAATCC,0,4481243
yahC_predicted,0.16666666666666666,5,5,ATCTCGTAACCTGTCCAATC,0,4481703
yahC_predicted,0.16666666666666666,5,5,ATCGCGACGGTGCATCGCTT,0,4510359
yahC_predicted,0.16666666666666666,5,5,ATCGCAAGTTACATGGACAC,0,4500271
yahC_predicted,0.16666666666666666,5,5,ATCCTTTTATACCATATCAA,0,4511898
yahC_predicted,0.16666666666666666,5,5,ATCCATGTTACGATTAGGTG,0,4506777
yahC_predicted,0.16666666666666666,5,5,ATCCAATTCAAGCTGTTTAC,0,4473717
yahC_predicted,0.16666666666666666,5,5,ATCAGCTCCAAACTCTGGGT,0,4510839
yahC_predicted,0.16666666666666666,5,5,ATCAACTCCTTAACCGGCAA,0,4487095
yahC_predicted,0.16666666666666666,5,5,ATATTTTGGTTCAAGGGCAA,0,4506472
yahC_predicted,0.16666666666666666,5,5,ATATATAGCAGTTTCTTCGG,0,4482554
yahC_predicted,0.16666666666666666,5,5,ATAGGAGTCTCACATCAAAA,0,4477536
yahC_predicted,0.16666666666666666,5,5,ATAGCTGCTCAATGATTTTG,0,4502023
yahC_predicted,0.16666666666666666,5,5,ATAGAGAGTCGCCGGGTTCT,0,4485230
yahC_predicted,0.16666666666666666,5,5,ATACTTGACACTCGGTGCGC,0,4495147
yahC_predicted,0.16666666666666666,5,5,ATACGTATTAGCATATCAGC,0,4495011
yahC_predicted,0.16666666666666666,5,5,ATACGCGAGGCCCGCGAGTG,0,4505698
yahC_predicted,0.16666666666666666,5,5,ATAAGCTACGACAGATTAAA,0,4479893
yahC_predicted,0.16666666666666666,5,5,ATAACTTGCAGCGCTAACGT,0,4495651
yahC_predicted,0.16666666666666666,5,5,ATAACACAATCCGGACACAC,0,4511917
yahC_predicted,0.16666666666666666,5,5,AGTTTACCGAAACGCCACTT,0,4477056
yahC_predicted,0.16666666666666666,5,5,AGTTGCTCAATCTTATGTTG,0,4476599
yahC_predicted,0.16666666666666666,5,5,AGTTAGGGGTGATCCTGCGG,0,4502380
yahC_predicted,0.16666666666666666,5,5,AGTGTAGGCTCAGGTTTAGA,0,4493202
yahC_predicted,0.16666666666666666,5,5,AGTGCATGAAGATGGCAGCA,0,4506154
yahC_predicted,0.16666666666666666,5,5,AGTCGAGCTCGACACGGTAG,0,4505504
yahC_predicted,0.16666666666666666,5,5,AGTAGACTTTCAAGATTTCC,0,4474885
yahC_predicted,0.16666666666666666,5,5,AGGTTGTGGATTTTGTAAAC,0,4488056
yahC_predicted,0.16666666666666666,5,5,AGGTCATTTCACTGCGTGCG,0,4485099
yahC_predicted,0.16666666666666666,5,5,AGGGGAGGTCCCGGGCCGTA,0,4510218
yahC_predicted,0.16666666666666666,5,5,AGGGGAAGGTGACTAGCTCT,0,4485402
yahC_predicted,0.16666666666666666,5,5,AGGGCCTGCTACCGTACCCT,0,4489271
yahC_predicted,0.16666666666666666,5,5,AGGCTTGATGCGCTTTGTTG,0,4477021
yahC_predicted,0.16666666666666666,5,5,AGGCCCTCCACTAAAAGTCT,0,4500500
yahC_predicted,0.16666666666666666,5,5,AGGCATGGCGCGTTGTCTTT,0,4489990
yahC_predicted,0.16666666666666666,5,5,AGGATAGTGAGGGACGAAAC,0,4496884
yahC_predicted,0.16666666666666666,5,5,AGGACATTGCTAACTGGAGT,0,4482736
yahC_predicted,0.16666666666666666,5,5,AGGAAAAAGGTTCTCGAGGG,0,4480480
yahC_predicted,0.16666666666666666,5,5,AGCTTCCGATCCGTATTTAA,0,4502918
yahC_predicted,0.16666666666666666,5,5,AGCTCGCACTAAACTAAACA,0,4489352
yahC_predicted,0.16666666666666666,5,5,AGATTTAACTAATCTAGGAA,0,4479931
yahC_predicted,0.16666666666666666,5,5,AGAGTCTTCACCCTGGCCTA,0,4510806
yahC_predicted,0.16666666666666666,5,5,AGAGGTTATTAACTTGATGT,0,4511995
yahC_predicted,0.16666666666666666,5,5,AGAGGTGCACTAGACGTTTC,0,4487569
yahC_predicted,0.16666666666666666,5,5,AGAGGACTGCATGGCTATCA,0,4482426
yahC_predicted,0.16666666666666666,5,5,AGAGAACAGTTTAGTGACAT,0,4508071
yahC_predicted,0.16666666666666666,5,5,AGACCGTACCAGGGCATCGG,0,4479874
yahC_predicted,0.16666666666666666,5,5,AGACAACAGCACAAGCACCT,0,4492484
yahC_predicted,0.16666666666666666,5,5,AGAAGGGTGCGAGCTCTGCG,0,4511016
yahC_predicted,0.16666666666666666,5,5,AGAACAGTTGCGCAGATCAT,0,4474727
yahC_predicted,0.16666666666666666,5,5,AGAAATCCTGCCCAGGCACC,0,4495013
yahC_predicted,0.16666666666666666,5,5,AGAAATCCGTGGGGCACACG,0,4499835
yahC_predicted,0.16666666666666666,5,5,ACTTGGTGCATACTACGACA,0,4483225
yahC_predicted,0.16666666666666666,5,5,ACTTGGGAAAAAGCTCTCTC,0,4491772
yahC_predicted,0.16666666666666666,5,5,ACTTGCTCAAAGAGTGGAGG,0,4509533
yahC_predicted,0.16666666666666666,5,5,ACTTAATCAGGCCCGCCTTG,0,4484070
yahC_predicted,0.16666666666666666,5,5,ACTGTTATTCCCGATTGGCG,0,4480240
yahC_predicted,0.16666666666666666,5,5,ACTGGGATCATCTACTGGCA,0,4502979
yahC_predicted,0.16666666666666666,5,5,ACTGGCTCGGACCGTATACT,0,4491299
yahC_predicted,0.16666666666666666,5,5,ACTGGAGGGACAATCGGTTA,0,4476036
yahC_predicted,0.16666666666666666,5,5,ACTGCGGAAGACCTCACCAT,0,4508465
yahC_predicted,0.16666666666666666,5,5,ACTGATATCGGGCCTCATGT,0,4491324
yahC_predicted,0.16666666666666666,5,5,ACTGAATAAGTAATGATTTA,0,4479271
yahC_predicted,0.16666666666666666,5,5,ACTGAAACCTTACCCTTATT,0,4504865
yahC_predicted,0.16666666666666666,5,5,ACTCGTGATACGTTTCCCGA,0,4509122
yahC_predicted,0.16666666666666666,5,5,ACTCACGTAGTGTCCCGTGC,0,4499552
yahC_predicted,0.16666666666666666,5,5,ACTAATTGGAATCATCCGCT,0,4477051
yahC_predicted,0.16666666666666666,5,5,ACTAAGCGGTGTTAGGGAAA,0,4504344
yahC_predicted,0.16666666666666666,5,5,ACGTTTCAGGACGTGCTAAT,0,4490986
yahC_predicted,0.16666666666666666,5,5,ACGTGGGAGGGACCCGGAGC,0,4503421
yahC_predicted,0.16666666666666666,5,5,ACGTAGGCGCGTCGTAAAAC,0,4483899
yahC_predicted,0.16666666666666666,5,5,ACGTAAAGATGAAATGATAT,0,4511548
yahC_predicted,0.16666666666666666,5,5,ACGGTGATTGACACGAACTG,0,4504323
yahC_predicted,0.16666666666666666,5,5,ACGGTGACCCGAAGAATACT,0,4502981
yahC_predicted,0.16666666666666666,5,5,ACGGAGTCGGATGAAAAGGC,0,4476617
yahC_predicted,0.16666666666666666,5,5,ACGGACATAGGTGGGGGTCA,0,4504873
yahC_predicted,0.16666666666666666,5,5,ACGGAAAACTCCGATGTGGA,0,4475972
yahC_predicted,0.16666666666666666,5,5,ACGACTAGCCATCGGGTCGG,0,4483966
yahC_predicted,0.16666666666666666,5,5,ACCTGTCTTTAGGTCACTCA,0,4473599
yahC_predicted,0.16666666666666666,5,5,ACCTCTGGTCTTGGATGATC,0,4483436
yahC_predicted,0.16666666666666666,5,5,ACCTCACGGGTTTGCCACTA,0,4481189
yahC_predicted,0.16666666666666666,5,5,ACCTATTAGAAGCGCTCTCT,0,4500027
yahC_predicted,0.16666666666666666,5,5,ACCGTTCACCCGGGGTTATA,0,4483952
yahC_predicted,0.16666666666666666,5,5,ACCGTATCGAATAGCCTCTT,0,4475570
yahC_predicted,0.16666666666666666,5,5,ACCGCTTACCCCACATAAAG,0,4479308
yahC_predicted,0.16666666666666666,5,5,ACCGATCACTACCTCATATA,0,4502907
yahC_predicted,0.16666666666666666,5,5,ACCCTACGAGGCCAGGAATA,0,4509878
yahC_predicted,0.16666666666666666,5,5,ACCCCGTTGTGTTACGGAGG,0,4501772
yahC_predicted,0.16666666666666666,5,5,ACCCCCGAGTTCGGAGCATC,0,4504354
yahC_predicted,0.16666666666666666,5,5,ACCCCATCTAAAGGAAGGTA,0,4497219
yahC_predicted,0.16666666666666666,5,5,ACCCACTATCGAAACACTAC,0,4475857
yahC_predicted,0.16666666666666666,5,5,ACCCAACTTCCCTGGCAATT,0,4493775
yahC_predicted,0.16666666666666666,5,5,ACCATCAGGAGCCATCCTAA,0,4485734
yahC_predicted,0.16666666666666666,5,5,ACCAACATGTGCCGTATTGC,0,4488152
yahC_predicted,0.16666666666666666,5,5,ACATTGTCGGTTGTAAGTCA,0,4475829
yahC_predicted,0.16666666666666666,5,5,ACATGTTGCATTGTGTCTAA,0,4497054
yahC_predicted,0.16666666666666666,5,5,ACATATTACTTTCGCGTTAG,0,4490615
yahC_predicted,0.16666666666666666,5,5,ACAGCTCTCCGAGGACGAAT,0,4488347
yahC_predicted,0.16666666666666666,5,5,ACACTGGAGGTGGTACCCTG,0,4500955
yahC_predicted,0.16666666666666666,5,5,ACACTATTAGTCTTATCTAT,0,4474205
yahC_predicted,0.16666666666666666,5,5,ACAAGTACTTAGGAGGCATT,0,4481380
yahC_predicted,0.16666666666666666,5,5,ACAAGGATTGAATGGTAAGG,0,4484042
yahC_predicted,0.16666666666666666,5,5,ACAAGCCGGCCTTCGGTATA,0,4510574
yahC_predicted,0.16666666666666666,5,5,AATTCTGTGTGCACGAACCT,0,4487922
yahC_predicted,0.16666666666666666,5,5,AATGAGCCGGTAGGTGACCG,0,4482429
yahC_predicted,0.16666666666666666,5,5,AATCGGCCCTTGGGTAGACA,0,4473637
yahC_predicted,0.16666666666666666,5,5,AATCAAATTGAGGCTGTATG,0,4496201
yahC_predicted,0.16666666666666666,5,5,AATATGAACGCTCCGCGAAG,0,4490840
yahC_predicted,0.16666666666666666,5,5,AAGTCTTGAATCCGTAGTTA,0,4492289
yahC_predicted,0.16666666666666666,5,5,AAGTACTAGGATAGATGAAA,0,4476859
yahC_predicted,0.16666666666666666,5,5,AAGGTAGTCAGTACCGTAAA,0,4491621
yahC_predicted,0.16666666666666666,5,5,AAGGGTTAATGCCTGTTATT,0,4474695
yahC_predicted,0.16666666666666666,5,5,AAGATAATCATTGGAGGGGA,0,4473196
yahC_predicted,0.16666666666666666,5,5,AAGAAGCATCCTCCATTGTC,0,4491947
yahC_predicted,0.16666666666666666,5,5,AAGAACTGGGTTGTTCACCA,0,4494591
yahC_predicted,0.16666666666666666,5,5,AACTCCCAGTATCAAATCTT,0,4499035
yahC_predicted,0.16666666666666666,5,5,AACTAGATCAAGGGCCAGCG,0,4499599
yahC_predicted,0.16666666666666666,5,5,AACTACACCTCACTAGCTCT,0,4473781
yahC_predicted,0.16666666666666666,5,5,AACGCTTGGTCGAGGCATCG,0,4473662
yahC_predicted,0.16666666666666666,5,5,AACGCAATATGATGTATAGA,0,4504351
yahC_predicted,0.16666666666666666,5,5,AACCTTCCCCTAGGCCTCAG,0,4493959
yahC_predicted,0.16666666666666666,5,5,AACCGGCTCAACTGATTCTA,0,4506931
yahC_predicted,0.16666666666666666,5,5,AACAGCTTGTATCGTCTCGT,0,4475872
yahC_predicted,0.16666666666666666,5,5,AACACGTAGGGCGAGCGTCT,0,4505369
yahC_predicted,0.16666666666666666,5,5,AACAACATAGGGGCGGGACA,0,4510075
yahC_predicted,0.16666666666666666,5,5,AAATTGTGAGTGCGACATAA,0,4493994
yahC_predicted,0.16666666666666666,5,5,AAATACTATAAGTATCAAGG,0,4496879
yahC_predicted,0.16666666666666666,5,5,AAAGACTATGGGGTAAGGTG,0,4496527
yahC_predicted,0.16666666666666666,5,5,AAACTGGTCTTTTTGTGTTA,0,4502920
yahC_predicted,0.16666666666666666,5,5,AAAATGCTGCAACTCTATGA,0,4474649
yahC_predicted,0.16666666666666666,5,5,AAAATCTCAGAAGTGACCTT,0,4503372
yahC_predicted,0.16666666666666666,5,5,AAAAGGATTAAGTCAAAATC,0,4492887
yahC_predicted,0.16666666666666666,5,5,AAAACGTAAAGTAGCTGCGT,0,4503209
yahC_predicted,0.16666666666666666,5,5,AAAACCAGGTCTAGTACCGT,0,4479146
yahC_predicted,0.16666666666666666,5,5,AAAAAGATTTTCAAGGCGGG,0,4493811
yahC_predicted,0.16666666666666666,5,5,AAAAAACACATCTGTTAGAA,0,4509028
yahC_predicted,0.2,4,4,TTTTTGAATTTGCATCCGAT,0,4508655
yahC_predicted,0.2,4,4,TTTTGTCAATGGGGTCTTCA,0,4507281
yahC_predicted,0.2,4,4,TTTTGGGAGTGAAAAGGTCT,0,4504705
yahC_predicted,0.2,4,4,TTTTCGGCAGTGTGCCAGAT,0,4508349
yahC_predicted,0.2,4,4,TTTTCGACCTATTACCTCTA,0,4478620
yahC_predicted,0.2,4,4,TTTTAGGCGGCGTTACGGAA,0,4476742
yahC_predicted,0.2,4,4,TTTGTTCGACGATACGGAAG,0,4472617
yahC_predicted,0.2,4,4,TTTGTGTGTGGGGTTGGGAC,0,4489387
yahC_predicted,0.2,4,4,TTTGTCATCCGTAAGGATGA,0,4499519
yahC_predicted,0.2,4,4,TTTGGTACTTTGAAACGTTC,0,4481409
yahC_predicted,0.2,4,4,TTTGAAGGGCCTTTATGATT,0,4475020
yahC_predicted,0.2,4,4,TTTGAAACTACATTTGACGT,0,4474999
yahC_predicted,0.2,4,4,TTTCTCCGGTGGGATAGTGG,0,4495137
yahC_predicted,0.2,4,4,TTTCTATAGTAGCGCTCCTA,0,4494174
yahC_predicted,0.2,4,4,TTTCGAAATTTCGATGCCCG,0,4504231
yahC_predicted,0.2,4,4,TTTCCCTATCGGACTACCTC,0,4480898
yahC_predicted,0.2,4,4,TTTCCCGTTCAGCCAGGGAC,0,4499386
yahC_predicted,0.2,4,4,TTTCAACCATCTGCTGGTAT,0,4497032
yahC_predicted,0.2,4,4,TTTAGGAGACTGGTTGAACA,0,4478794
yahC_predicted,0.2,4,4,TTTAGAATCCTAGTAGGGAC,0,4496559
yahC_predicted,0.2,4,4,TTGTTCCCTCACTGTGAGCG,0,4491090
yahC_predicted,0.2,4,4,TTGTCGTCGGTGCAATATCG,0,4481735
yahC_predicted,0.2,4,4,TTGGTGACCTCGAAGGTACG,0,4502730
yahC_predicted,0.2,4,4,TTGGTAACCTTGTATCTTGT,0,4486110
yahC_predicted,0.2,4,4,TTGCGGGTCTCCTTCATACC,0,4497848
yahC_predicted,0.2,4,4,TTGCGGACTTAACTCGTATA,0,4506813
yahC_predicted,0.2,4,4,TTGCCGCACGGGACGTCTGA,0,4478725
yahC_predicted,0.2,4,4,TTGCAACCCATGCCTTTCAG,0,4507062
yahC_predicted,0.2,4,4,TTGATGTTTTTGCTCTATAA,0,4480268
yahC_predicted,0.2,4,4,TTGATGCCGGACTTGAAGCT,0,4506783
yahC_predicted,0.2,4,4,TTGACCGACCGGTTTGACAT,0,4500505
yahC_predicted,0.2,4,4,TTCTTTTCTGCAACACGCTC,0,4481080
yahC_predicted,0.2,4,4,TTCTCCCCCGGCTTGTGGCT,0,4497416
yahC_predicted,0.2,4,4,TTCGTGAATGGAAGAAATAC,0,4507493
yahC_predicted,0.2,4,4,TTCGTCCGGGTGCAGGTCAA,0,4478821
yahC_predicted,0.2,4,4,TTCCTGCATTTGCGGAGCGC,0,4504062
yahC_predicted,0.2,4,4,TTCCGTCGCTCCCAATGTCA,0,4508239
yahC_predicted,0.2,4,4,TTCCGGATATGTGCTGCCAC,0,4511850
yahC_predicted,0.2,4,4,TTCCACTGAGTTAGTGTCGC,0,4473212
yahC_predicted,0.2,4,4,TTCATTTCGGCCTAAGAGTC,0,4492592
yahC_predicted,0.2,4,4,TTCATTAAGTTGACGGACAA,0,4489815
yahC_predicted,0.2,4,4,TTCATCTTCACGCTTTCAGG,0,4495943
yahC_predicted,0.2,4,4,TTCATATATAACGATCACTG,0,4508778
yahC_predicted,0.2,4,4,TTCACCCAGGTAAATTACTT,0,4506402
yahC_predicted,0.2,4,4,TTATTCGTGATCCCAGTCAC,0,4473351
yahC_predicted,0.2,4,4,TTATTCGTACGTATGGCTAT,0,4473930
yahC_predicted,0.2,4,4,TTATGGTGCCTCATATTAGT,0,4495561
yahC_predicted,0.2,4,4,TTATGCGTCCGCCTTATCAC,0,4489631
yahC_predicted,0.2,4,4,TTATCCCCGTCTTTCGATTG,0,4505764
yahC_predicted,0.2,4,4,TTATAATAGCAGTTCGCGAA,0,4499389
yahC_predicted,0.2,4,4,TTAGCTGCTGAGGGAGACTC,0,4487871
yahC_predicted,0.2,4,4,TTAGCCAGTTGCGTTCTTAA,0,4500137
yahC_predicted,0.2,4,4,TTACGTGGAGCCGACGTCCT,0,4493407
yahC_predicted,0.2,4,4,TTACGACGGTGCACCTGGCC,0,4492643
yahC_predicted,0.2,4,4,TTAAACATACTAAGTTAGAG,0,4503216
yahC_predicted,0.2,4,4,TGTTTTATAACCAAATAATA,0,4491728
yahC_predicted,0.2,4,4,TGTTTACCGGTAAAATCTTA,0,4481754
yahC_predicted,0.2,4,4,TGTTCAATGAAATCATGGTC,0,4482176
yahC_predicted,0.2,4,4,TGTGCCGCCTGGGGTGACCG,0,4479405
yahC_predicted,0.2,4,4,TGTGCAAATCAAAATGAGTA,0,4476604
yahC_predicted,0.2,4,4,TGTGAGGTTTTCGTATTGCC,0,4477145
yahC_predicted,0.2,4,4,TGTGAAGACGAGCGAAGTGA,0,4509911
yahC_predicted,0.2,4,4,TGTATTTATTGAGGTTAGAG,0,4508696
yahC_predicted,0.2,4,4,TGTATCGACGTCTTTCCTAT,0,4475804
yahC_predicted,0.2,4,4,TGTAGTTCCTCCATAACCAA,0,4510257
yahC_predicted,0.2,4,4,TGTAGTGGAACAGATTGTAC,0,4510064
yahC_predicted,0.2,4,4,TGGTTTCTGAATCTACTTAA,0,4489585
yahC_predicted,0.2,4,4,TGGTTAATTCACCCCTTCAC,0,4489035
yahC_predicted,0.2,4,4,TGGTGCGCAGCTTCACGTCA,0,4495783
yahC_predicted,0.2,4,4,TGGGTAGGTCCGGTAGTTGA,0,4507474
yahC_predicted,0.2,4,4,TGGGTAAGTGTGTTGTATGC,0,4483110
yahC_predicted,0.2,4,4,TGGGGTCGCACTTTTGTTAC,0,4501214
yahC_predicted,0.2,4,4,TGGGGGTGCTGCCTCGCATA,0,4500688
yahC_predicted,0.2,4,4,TGGGCTAATTTGCAAACAGT,0,4500496
yahC_predicted,0.2,4,4,TGGGCGCGGGATCTTAAACA,0,4508860
yahC_predicted,0.2,4,4,TGGGCAGCTGTGGGGTTCTC,0,4496635
yahC_predicted,0.2,4,4,TGGCTTACCAGTTCTCGGCT,0,4499543
yahC_predicted,0.2,4,4,TGGCTACCATGCGGGCTTTT,0,4491168
yahC_predicted,0.2,4,4,TGGCGGGTGGTATAAGCTAA,0,4477879
yahC_predicted,0.2,4,4,TGGCGGACCTTAATCGAACT,0,4490421
yahC_predicted,0.2,4,4,TGGCGCAATGGTGATGCAAT,0,4492847
yahC_predicted,0.2,4,4,TGGCATCCCAACGCCCGAGA,0,4484396
yahC_predicted,0.2,4,4,TGGCAGTCTTCACGCAGTAC,0,4502988
yahC_predicted,0.2,4,4,TGGAGGTAGATATAACCTTG,0,4486338
yahC_predicted,0.2,4,4,TGGAGGGACTCCCTCACGGT,0,4490208
yahC_predicted,0.2,4,4,TGGAGATGGCCTAGGTAGGT,0,4495818
yahC_predicted,0.2,4,4,TGGAGAAGCGTTACTCTAGA,0,4492794
yahC_predicted,0.2,4,4,TGGACGTTGACAACTTCGGG,0,4491171
yahC_predicted,0.2,4,4,TGGAATATTGTAGTCGAGCA,0,4479684
yahC_predicted,0.2,4,4,TGCTGGAGTCTAGAGTATTC,0,4480038
yahC_predicted,0.2,4,4,TGCTGCCCTTTGATAGGTGT,0,4477566
yahC_predicted,0.2,4,4,TGCTCTAGAAAGACCCACTC,0,4503982
yahC_predicted,0.2,4,4,TGCTCGATAATTACAGCCAA,0,4504413
yahC_predicted,0.2,4,4,TGCTAAGTACAAGTGAAACG,0,4508765
yahC_predicted,0.2,4,4,TGCCTGCTTCAGGTCAGAAA,0,4478207
yahC_predicted,0.2,4,4,TGCCGCTCGCAGAATAATCA,0,4493227
yahC_predicted,0.2,4,4,TGCCCAACGTAACCACTACG,0,4498152
yahC_predicted,0.2,4,4,TGCATCGAATCAGGGGACAG,0,4511651
yahC_predicted,0.2,4,4,TGCAGCTGTCATAAATATTT,0,4488456
yahC_predicted,0.2,4,4,TGCAAGCAACGTGGGTACTT,0,4486418
yahC_predicted,0.2,4,4,TGATGTCGATTTGGGGTGTG,0,4473755
yahC_predicted,0.2,4,4,TGATGTATCCAGACAGGGAC,0,4479022
yahC_predicted,0.2,4,4,TGATGGGGTTGACGTGCACA,0,4475492
yahC_predicted,0.2,4,4,TGATCGGTACGAACACCCCC,0,4474709
yahC_predicted,0.2,4,4,TGATCCGCTGGCAACCATTT,0,4483628
yahC_predicted,0.2,4,4,TGAGGAACCACGTAGTACCG,0,4488744
yahC_predicted,0.2,4,4,TGACCTGTGAGAGTTAACTT,0,4501838
yahC_predicted,0.2,4,4,TGACAGGTTGAGGTGGTTTA,0,4484432
yahC_predicted,0.2,4,4,TGAATCAGCGCTTCGACTAA,0,4485570
yahC_predicted,0.2,4,4,TGAAGTCTGCGAGAGCTAGC,0,4492734
yahC_predicted,0.2,4,4,TGAAGGATACCTCCAAGGAC,0,4495722
yahC_predicted,0.2,4,4,TGAAAGGACTACCCAGCGTT,0,4493319
yahC_predicted,0.2,4,4,TGAAACACAACGTCTTTTTT,0,4494062
yahC_predicted,0.2,4,4,TCTTTCCGTGTTTCCACAAC,0,4502590
yahC_predicted,0.2,4,4,TCTTCTTGCTGCCTTCCTCG,0,4484375
yahC_predicted,0.2,4,4,TCTGTCCAATAGAACTCAGG,0,4493957
yahC_predicted,0.2,4,4,TCTGGTTAATAGGTTTCCCT,0,4478272
yahC_predicted,0.2,4,4,TCTCGCCAGAATGAGCCCTC,0,4492084
yahC_predicted,0.2,4,4,TCTCGCACGTACGAAAGAGC,0,4504479
yahC_predicted,0.2,4,4,TCTCGACGAATCCTCCGACT,0,4483362
yahC_predicted,0.2,4,4,TCTCAAGCGTGTTTCCCATA,0,4478233
yahC_predicted,0.2,4,4,TCTATGCACCCCGTAGGTAT,0,4505829
yahC_predicted,0.2,4,4,TCTACCTGTAGGTGAATCTA,0,4483103
yahC_predicted,0.2,4,4,TCTAAGACCAGAAATGAGTA,0,4480602
yahC_predicted,0.2,4,4,TCGTTGTTGGAACCATTTGT,0,4477387
yahC_predicted,0.2,4,4,TCGTGATGAGCAATGTTGTT,0,4500893
yahC_predicted,0.2,4,4,TCGTGACGAATACCGGGAGT,0,4493808
yahC_predicted,0.2,4,4,TCGTCCTCGACTACATAAAA,0,4475275
yahC_predicted,0.2,4,4,TCGTACTAAAGCGTATCTGA,0,4472457
yahC_predicted,0.2,4,4,TCGGTTGCGGTCATGCCTAA,0,4508208
yahC_predicted,0.2,4,4,TCGGTTGATAGACTCCGGAG,0,4479372
yahC_predicted,0.2,4,4,TCGGTTACAATCTGAGCAGT,0,4502769
yahC_predicted,0.2,4,4,TCGGGGCGGGCTTTTAGTAC,0,4481694
yahC_predicted,0.2,4,4,TCGGCTTTAGAACAGGAATC,0,4499713
yahC_predicted,0.2,4,4,TCGGAATGAGTTGGCCCAGA,0,4494540
yahC_predicted,0.2,4,4,TCGCTCGGAGATAACGTTTA,0,4512067
yahC_predicted,0.2,4,4,TCGCGCTAGCATCGTTATGG,0,4491348
yahC_predicted,0.2,4,4,TCGCGCCAGGTTCTTTTACT,0,4482582
yahC_predicted,0.2,4,4,TCGCCCCTATACCAACAACT,0,4481004
yahC_predicted,0.2,4,4,TCGCCACATATCCCAAAAGC,0,4510011
yahC_predicted,0.2,4,4,TCGCAAAACCTCATGGAGTG,0,4510118
yahC_predicted,0.2,4,4,TCGATTTGATCTAACGTTCC,0,4474100
yahC_predicted,0.2,4,4,TCGAGTCAAGACGTAACAAT,0,4476529
yahC_predicted,0.2,4,4,TCGAGAACGCAACGGGATCT,0,4483130
yahC_predicted,0.2,4,4,TCCTTACGGGTGCGCCCCCT,0,4504043
yahC_predicted,0.2,4,4,TCCTCGGCGGCAGCAACCTT,0,4505680
yahC_predicted,0.2,4,4,TCCGTGATGTTAAAGGAACT,0,4494265
yahC_predicted,0.2,4,4,TCCGAAAGGAACTCGAGATT,0,4501325
yahC_predicted,0.2,4,4,TCCCGGGCGTTGTTTCGCTA,0,4506255
yahC_predicted,0.2,4,4,TCCCGAACTTTGACACGGAG,0,4484117
yahC_predicted,0.2,4,4,TCCCCGTTTACGTTTGAGGC,0,4500343
yahC_predicted,0.2,4,4,TCATTATGGCGCTAATAATT,0,4481497
yahC_predicted,0.2,4,4,TCATGCTACTAAGGAGCTCG,0,4498730
yahC_predicted,0.2,4,4,TCATCTGCAGAGATAACAAA,0,4483468
yahC_predicted,0.2,4,4,TCATAAAATTCGCAAAGATG,0,4509208
yahC_predicted,0.2,4,4,TCAGGTCTGCATGGATTTCT,0,4487425
yahC_predicted,0.2,4,4,TCAATCGACCCCAAGTCCAC,0,4511234
yahC_predicted,0.2,4,4,TCAATCATTAACGCCTTCAG,0,4496845
yahC_predicted,0.2,4,4,TCAACTTACGTCAAGGGTTA,0,4500640
yahC_predicted,0.2,4,4,TATTTTTGGTGGGGCGTTTT,0,4504628
yahC_predicted,0.2,4,4,TATTTTCGGAACATTCGTCC,0,4511521
yahC_predicted,0.2,4,4,TATTGTGCCTTCGTCAGCTT,0,4503917
yahC_predicted,0.2,4,4,TATTGGTCGCGCGCGTAGCC,0,4503826
yahC_predicted,0.2,4,4,TATTGGTAATGGTAGTATAC,0,4498733
yahC_predicted,0.2,4,4,TATTGCGGTGTTGGCATACC,0,4487496
yahC_predicted,0.2,4,4,TATTAGCTAGTCGGTCCCTT,0,4491383
yahC_predicted,0.2,4,4,TATGTGCTAAAGGGTAATAG,0,4497663
yahC_predicted,0.2,4,4,TATGTATACGATGCATATCC,0,4478897
yahC_predicted,0.2,4,4,TATGGGCTACTGGAGACGGC,0,4474724
yahC_predicted,0.2,4,4,TATGGCTTGCATTGTCGGCC,0,4475172
yahC_predicted,0.2,4,4,TATGCTCTACGCCAATTTTT,0,4485982
yahC_predicted,0.2,4,4,TATCGCCCGAACAATCCTAA,0,4486776
yahC_predicted,0.2,4,4,TATCATGGGATGGTCACGTC,0,4511604
yahC_predicted,0.2,4,4,TATATTCTGTCCGCTAAGTT,0,4495285
yahC_predicted,0.2,4,4,TAGGGTCATTATTTTTGGTA,0,4488199
yahC_predicted,0.2,4,4,TAGGGGATTCCGTACTCTGC,0,4509838
yahC_predicted,0.2,4,4,TAGGGGAATGTATCCTGCAG,0,4496686
yahC_predicted,0.2,4,4,TAGGGATGGGCGCCAAAATA,0,4485983
yahC_predicted,0.2,4,4,TAGGCTACGCACCGGTTTGC,0,4502024
yahC_predicted,0.2,4,4,TAGGATACACACTGTTGCTG,0,4504396
yahC_predicted,0.2,4,4,TAGCTAGTAATGTACAGTTT,0,4500690
yahC_predicted,0.2,4,4,TAGCAGCCGCGTGGAGGCCT,0,4479702
yahC_predicted,0.2,4,4,TAGATACGGTTTAGGGCTAG,0,4500672
yahC_predicted,0.2,4,4,TAGAGGCATCGGTAGCCGGG,0,4504152
yahC_predicted,0.2,4,4,TAGAGCTCGATATGGACACG,0,4477970
yahC_predicted,0.2,4,4,TACTGCAATCACGTGCCCAC,0,4487767
yahC_predicted,0.2,4,4,TACTGCAAAACTGCCTGTAG,0,4487322
yahC_predicted,0.2,4,4,TACGATTCGTACTGTTAACT,0,4488302
yahC_predicted,0.2,4,4,TACGAGCTGCCATCGTTTGA,0,4507441
yahC_predicted,0.2,4,4,TACCTAGCACGAGACATGAC,0,4506631
yahC_predicted,0.2,4,4,TACCCCTCATCGCCGGCTTA,0,4496892
yahC_predicted,0.2,4,4,TACCAAGTGGGAATTCCCTC,0,4493458
yahC_predicted,0.2,4,4,TACATCGTGTGAATGGGGTA,0,4476183
yahC_predicted,0.2,4,4,TACAGGTACCGGATTTACTA,0,4481529
yahC_predicted,0.2,4,4,TACAGGATATATGGCGAGGA,0,4479430
yahC_predicted,0.2,4,4,TACAGCGATCAGGGGTCTGG,0,4482238
yahC_predicted,0.2,4,4,TACAATCAGTCCACGCGCAT,0,4497833
yahC_predicted,0.2,4,4,TAATTGCCGGCTTTACGTCT,0,4473164
yahC_predicted,0.2,4,4,TAATTCCGGCGGGAGGATGT,0,4510977
yahC_predicted,0.2,4,4,TAATGTCACACCTATCCGGT,0,4478167
yahC_predicted,0.2,4,4,TAAGGGTAAACCAGTACGTT,0,4490164
yahC_predicted,0.2,4,4,TAAGCTGTTTTTTTCCTTGA,0,4506957
yahC_predicted,0.2,4,4,TAAGCTGATCTGTACGATTT,0,4484599
yahC_predicted,0.2,4,4,TAAGCGTATACAGGAGTCGG,0,4476013
yahC_predicted,0.2,4,4,TAACCCTCGTATGTCTGGAC,0,4479267
yahC_predicted,0.2,4,4,TAAACATCGACTAAACCATG,0,4486324
yahC_predicted,0.2,4,4,GTTTTGAGGAATTTCATTCT,0,4504201
yahC_predicted,0.2,4,4,GTTTCGGCCGTTCGAAGAGA,0,4499013
yahC_predicted,0.2,4,4,GTTTCGCCTGCTTAGGAAAG,0,4509816
yahC_predicted,0.2,4,4,GTTTCAGATAATGTTTTCCT,0,4472688
yahC_predicted,0.2,4,4,GTTTAGTATAAGTAGCGACC,0,4503438
yahC_predicted,0.2,4,4,GTTTAGCTTCCGTTCCAGTG,0,4495300
yahC_predicted,0.2,4,4,GTTGTCAGCGCACGCATGGA,0,4498805
yahC_predicted,0.2,4,4,GTTGCTACTGTCCCCTAAAT,0,4486302
yahC_predicted,0.2,4,4,GTTCTTAACGTATAGCTGAT,0,4511873
yahC_predicted,0.2,4,4,GTTCTACTAAGCCACTCCCT,0,4479689
yahC_predicted,0.2,4,4,GTTCGTTTGGCATCCAGTCT,0,4484105
yahC_predicted,0.2,4,4,GTTCGGCGAAGTGTCACATT,0,4495898
yahC_predicted,0.2,4,4,GTTCCTGGTGAGAACCGTCA,0,4505526
yahC_predicted,0.2,4,4,GTTCCGGGAGACGGAGCCGT,0,4505101
yahC_predicted,0.2,4,4,GTTAGTGAGTACGGGCAATG,0,4488769
yahC_predicted,0.2,4,4,GTTAACGGGTTGTAGTATGG,0,4483923
yahC_predicted,0.2,4,4,GTTAACAGTTCATCCAGAAA,0,4506157
yahC_predicted,0.2,4,4,GTGTGTTGAACTGACAAGTA,0,4500452
yahC_predicted,0.2,4,4,GTGTGTTCGCAACCTCGCTA,0,4509945
yahC_predicted,0.2,4,4,GTGTGCTTATAGCGATCGTG,0,4497867
yahC_predicted,0.2,4,4,GTGTAAGGTTAATCTTTTCA,0,4499026
yahC_predicted,0.2,4,4,GTGGCCTTTGGATATCGGGG,0,4485112
yahC_predicted,0.2,4,4,GTGGCAAGGATGAGGTGACC,0,4505051
yahC_predicted,0.2,4,4,GTGCGTGGATTAATGTGGGA,0,4477229
yahC_predicted,0.2,4,4,GTGCGAGTATGCATATTCGG,0,4480274
yahC_predicted,0.2,4,4,GTGCCGCCGGCTTTAACGAG,0,4495277
yahC_predicted,0.2,4,4,GTGCCATGTCTTCTACTGTC,0,4486546
yahC_predicted,0.2,4,4,GTGCACGGTAGCAGCCCCTA,0,4481840
yahC_predicted,0.2,4,4,GTGATGAGCGGGTGCTTCGT,0,4503807
yahC_predicted,0.2,4,4,GTGATCCGCTGGGACTCGGC,0,4497409
yahC_predicted,0.2,4,4,GTGACGCGTGCTTTATAACC,0,4511471
yahC_predicted,0.2,4,4,GTGAATATGATTGGCCAATT,0,4502635
yahC_predicted,0.2,4,4,GTGAAGGGCAGTTACCTGCA,0,4477892
yahC_predicted,0.2,4,4,GTGAAGGAATATTGGAAAGT,0,4503230
yahC_predicted,0.2,4,4,GTCTGTGTGTATACTGGCTG,0,4477205
yahC_predicted,0.2,4,4,GTCTCGCACGGCCCCACGGG,0,4474731
yahC_predicted,0.2,4,4,GTCTACGAATGGCCTCGTGT,0,4497365
yahC_predicted,0.2,4,4,GTCGTTTCTGAATACAACTC,0,4472904
yahC_predicted,0.2,4,4,GTCGTAAGTCTGACGGTAGA,0,4474978
yahC_predicted,0.2,4,4,GTCGGTGGCTAGGATATACG,0,4492902
yahC_predicted,0.2,4,4,GTCGGAACGACTATCGTGCT,0,4480286
yahC_predicted,0.2,4,4,GTCGAACGTGCACTCTCTGG,0,4486068
yahC_predicted,0.2,4,4,GTCCCTGGCCTCTTCTCGCC,0,4495913
yahC_predicted,0.2,4,4,GTCAGAGAAGTACACACTCT,0,4492694
yahC_predicted,0.2,4,4,GTCACGTTTGAGTCTTTCTC,0,4488097
yahC_predicted,0.2,4,4,GTATTGAGGGGGTTATGCTC,0,4475569
yahC_predicted,0.2,4,4,GTATGTTGGAGTGTAATGAA,0,4478802
yahC_predicted,0.2,4,4,GTATGTCAAATAGGGTCAAA,0,4509609
yahC_predicted,0.2,4,4,GTATATTGACCCACGGCGGC,0,4482809
yahC_predicted,0.2,4,4,GTAGCCTGAAATAACCCTAT,0,4483432
yahC_predicted,0.2,4,4,GTAGCAACCACGGCAATTAT,0,4506301
yahC_predicted,0.2,4,4,GTACGCTGATAGCACTAACT,0,4510193
yahC_predicted,0.2,4,4,GTACGCAAGGTCGTCAGTGA,0,4498748
yahC_predicted,0.2,4,4,GTACGACGGGTCCTAGATTA,0,4476943
yahC_predicted,0.2,4,4,GTACCTCAATTTTATGTAGT,0,4483461
yahC_predicted,0.2,4,4,GTAATAACTAGCCAAATGAA,0,4485474
yahC_predicted,0.2,4,4,GGTTTTCGTAGTAGAATCAG,0,4481966
yahC_predicted,0.2,4,4,GGTTGGAGATGACAGGCCTT,0,4489266
yahC_predicted,0.2,4,4,GGTTGAAGCGGAGCTCCCCA,0,4478997
yahC_predicted,0.2,4,4,GGTTCCATGTGCTGAACGAG,0,4478845
yahC_predicted,0.2,4,4,GGTGTGAACGGGTCTAAACC,0,4505727
yahC_predicted,0.2,4,4,GGTGTATTAGGCCTTCAGTT,0,4508147
yahC_predicted,0.2,4,4,GGTGGGGTCACGATACGGCA,0,4486363
yahC_predicted,0.2,4,4,GGTGCTAAGAAGAGATAGGC,0,4484160
yahC_predicted,0.2,4,4,GGTGCCTCTGGCAGGTGTCA,0,4500711
yahC_predicted,0.2,4,4,GGTGAAGTCACGGATGCGCC,0,4507284
yahC_predicted,0.2,4,4,GGTCTAAGTGTGGCGTTGGA,0,4474352
yahC_predicted,0.2,4,4,GGTCCTAGTCTGGGGCGGGA,0,4499264
yahC_predicted,0.2,4,4,GGTCCAGTTGTTTTACGTAT,0,4473493
yahC_predicted,0.2,4,4,GGTCCACTTGGCTGGAATTA,0,4492547
yahC_predicted,0.2,4,4,GGTCATATTAATGGGGGGCT,0,4496378
yahC_predicted,0.2,4,4,GGTAGCTGCGTGGACTTGTC,0,4496241
yahC_predicted,0.2,4,4,GGTACCGTGAACAGCATATA,0,4486992
yahC_predicted,0.2,4,4,GGGTTTTCCTCAAATCATTG,0,4510910
yahC_predicted,0.2,4,4,GGGTGATATAGTTCCATGGG,0,4488299
yahC_predicted,0.2,4,4,GGGTAACACAAGGCTTTCTT,0,4498896
yahC_predicted,0.2,4,4,GGGGGGGCATGTCGAGGTGG,0,4493949
yahC_predicted,0.2,4,4,GGGGATATGTGGGTTAACTT,0,4481038
yahC_predicted,0.2,4,4,GGGCCATTCGAGAGAAGTGC,0,4484176
yahC_predicted,0.2,4,4,GGGCATCACAACGCTTCGCG,0,4488943
yahC_predicted,0.2,4,4,GGGCACCAGTATATTAGACC,0,4489975
yahC_predicted,0.2,4,4,GGGATAGTTTACGTTGTCGG,0,4497033
yahC_predicted,0.2,4,4,GGGAGATACGCTGACACTTC,0,4487869
yahC_predicted,0.2,4,4,GGCGGTGAAGACGTTTTTGT,0,4506271
yahC_predicted,0.2,4,4,GGCCTTGCGGCATAGTGCAG,0,4506721
yahC_predicted,0.2,4,4,GGCCGGGTGGAAGAGTGAAC,0,4477486
yahC_predicted,0.2,4,4,GGCCGCGGTTTAAACCTCAT,0,4485056
yahC_predicted,0.2,4,4,GGCATAAGACCACGCCTGGT,0,4505654
yahC_predicted,0.2,4,4,GGATTGCCCCTTCGGAAGAT,0,4483366
yahC_predicted,0.2,4,4,GGATCCAGGCGAGGCAGGTC,0,4509578
yahC_predicted,0.2,4,4,GGATATGTACGGATAGGTGC,0,4502217
yahC_predicted,0.2,4,4,GGATATCCCAGAGGGAGGAA,0,4505171
yahC_predicted,0.2,4,4,GGAGGCTGGCATTACGCTAC,0,4474445
yahC_predicted,0.2,4,4,GGACTTTGCGGCTTAGGGAT,0,4511330
yahC_predicted,0.2,4,4,GGACGGTGAATCGAGACCAT,0,4492904
yahC_predicted,0.2,4,4,GGACGCGCAGGGTTCCTCCT,0,4490930
yahC_predicted,0.2,4,4,GCTTCGGGAAGACAAGACCT,0,4477543
yahC_predicted,0.2,4,4,GCTGTTATGGTTGGGCAGTG,0,4492179
yahC_predicted,0.2,4,4,GCTGCGTCTGTTTACGTACT,0,4488484
yahC_predicted,0.2,4,4,GCTGAAAAGGGCGATAGACG,0,4501345
yahC_predicted,0.2,4,4,GCTCGTCGGAGCAAAAACTT,0,4490230
yahC_predicted,0.2,4,4,GCTCGGGTATTGCGTGGACA,0,4503214
yahC_predicted,0.2,4,4,GCTCGAATGACTAGGAGTCT,0,4490390
yahC_predicted,0.2,4,4,GCTCCAAAAAAAGTACTGAT,0,4494319
yahC_predicted,0.2,4,4,GCTATGGGTTTGGCTTGCAT,0,4491036
yahC_predicted,0.2,4,4,GCTAGTCTCCAATCTCTTGT,0,4496046
yahC_predicted,0.2,4,4,GCTAGGCTGCCTATGACCAA,0,4500127
yahC_predicted,0.2,4,4,GCTAGGCCGGTAATCCTCTT,0,4488871
yahC_predicted,0.2,4,4,GCTACCCGGTTAGCCCCAGG,0,4499148
yahC_predicted,0.2,4,4,GCGTCAAGAAGGACTACATG,0,4483827
yahC_predicted,0.2,4,4,GCGTAGGGCCGATGTAAGCT,0,4480879
yahC_predicted,0.2,4,4,GCGTAAGTGCATAATAATGA,0,4483162
yahC_predicted,0.2,4,4,GCGGTGGATGATGAGTTCCG,0,4491796
yahC_predicted,0.2,4,4,GCGGAAGTCTGGTGTTCATA,0,4482906
yahC_predicted,0.2,4,4,GCGGAACCATCGGGGGGACG,0,4478334
yahC_predicted,0.2,4,4,GCGCCGCCGTATCAAGATAG,0,4498768
yahC_predicted,0.2,4,4,GCGATGTTCAGCAGCACTCA,0,4509440
yahC_predicted,0.2,4,4,GCGAGGTTGCCCTGGGTCGT,0,4488831
yahC_predicted,0.2,4,4,GCGACCAGCCCGATACTTAA,0,4511666
yahC_predicted,0.2,4,4,GCGACCAACGGGGTGCACTA,0,4510055
yahC_predicted,0.2,4,4,GCGACACTTTTAATATTCGG,0,4502770
yahC_predicted,0.2,4,4,GCGAATAACAATTACTAGGT,0,4492859
yahC_predicted,0.2,4,4,GCCTGGTTCTGTGGCGGATT,0,4482962
yahC_predicted,0.2,4,4,GCCTGCGGCTGGTACTTCGT,0,4474933
yahC_predicted,0.2,4,4,GCCTATCCATGCTCAAGCAT,0,4486221
yahC_predicted,0.2,4,4,GCCGTCCGGGCTTCATTGGA,0,4483187
yahC_predicted,0.2,4,4,GCCGAGGTACACTCAGTCAT,0,4486924
yahC_predicted,0.2,4,4,GCCCGAGGGGATATACCCAG,0,4483284
yahC_predicted,0.2,4,4,GCCCCGTGGTGCCATGGGGC,0,4489816
yahC_predicted,0.2,4,4,GCCCCAGGACAACCGATGAC,0,4486786
yahC_predicted,0.2,4,4,GCCACGCTTCCCGCTACGTT,0,4494396
yahC_predicted,0.2,4,4,GCCACAGGTACTAAGTGAAA,0,4476068
yahC_predicted,0.2,4,4,GCCACACCGTAAAGCGATAC,0,4483770
yahC_predicted,0.2,4,4,GCCACAAATCCACGAGCCCT,0,4493688
yahC_predicted,0.2,4,4,GCCAAGCGGGGTGGGGACAG,0,4494152
yahC_predicted,0.2,4,4,GCATTCGGGAGGAGCGGTTG,0,4504770
yahC_predicted,0.2,4,4,GCATGCACTTGCCTTGCCGA,0,4483462
yahC_predicted,0.2,4,4,GCATGAGGGACACTGAGTCC,0,4499933
yahC_predicted,0.2,4,4,GCATCTCACGATTCAAGATA,0,4507986
yahC_predicted,0.2,4,4,GCATAGATGTGGAACCTTCT,0,4481868
yahC_predicted,0.2,4,4,GCAGTGTCGGAACCGGCCTA,0,4503158
yahC_predicted,0.2,4,4,GCAGTGACTTTTTCAGCTGT,0,4477544
yahC_predicted,0.2,4,4,GCAGGCGACATCACGAGATG,0,4508473
yahC_predicted,0.2,4,4,GATTCCTCACACCCATCTCA,0,4495020
yahC_predicted,0.2,4,4,GATTCCACTCGTATATTCCC,0,4480484
yahC_predicted,0.2,4,4,GATGTGGGCGATCTCATATC,0,4508205
yahC_predicted,0.2,4,4,GATGTGCCAGTAGAGGGCTA,0,4475000
yahC_predicted,0.2,4,4,GATGCTTGAGTTTTCCGGGT,0,4492429
yahC_predicted,0.2,4,4,GATGATGTTCATAGACGAGA,0,4496685
yahC_predicted,0.2,4,4,GATCTGGGGGTAACCGCGAT,0,4496908
yahC_predicted,0.2,4,4,GATCGCTATAACTTGCCGTG,0,4474797
yahC_predicted,0.2,4,4,GATCGACGTATGGCCGGTCC,0,4507594
yahC_predicted,0.2,4,4,GATCGAACATTGGGCACGTA,0,4486254
yahC_predicted,0.2,4,4,GATCCGCCACGCAGGTATAC,0,4510188
yahC_predicted,0.2,4,4,GATCACTGAGACTCCTACGA,0,4482463
yahC_predicted,0.2,4,4,GATAGTTGCAAGATTATAAC,0,4492975
yahC_predicted,0.2,4,4,GATAGAATTGTCTTAGACAG,0,4502601
yahC_predicted,0.2,4,4,GATACCGATAGGGCACATCC,0,4495112
yahC_predicted,0.2,4,4,GATACATGGACGATTTATAC,0,4492204
yahC_predicted,0.2,4,4,GATAACGGTCTAAGCCCCAT,0,4477583
yahC_predicted,0.2,4,4,GAGGGTGGATTCGCTCAGTG,0,4487681
yahC_predicted,0.2,4,4,GAGAAAGTTAAGGGGTCTCA,0,4481100
yahC_predicted,0.2,4,4,GACTGTAAGTGTTATGCGGT,0,4487252
yahC_predicted,0.2,4,4,GACTGGACAGGTGTATAGAA,0,4504214
yahC_predicted,0.2,4,4,GACTGCAATTATTTGGGTGG,0,4499244
yahC_predicted,0.2,4,4,GACTCGTGCTGGCCACATTT,0,4472711
yahC_predicted,0.2,4,4,GACTCGCTTCGTTAGCAAGT,0,4505736
yahC_predicted,0.2,4,4,GACTAATCTGTCACGGCTCG,0,4492986
yahC_predicted,0.2,4,4,GACGGTGAGTTTAGTCGGTT,0,4509034
yahC_predicted,0.2,4,4,GACGGGAAGAAGACTAACTA,0,4494231
yahC_predicted,0.2,4,4,GACGCGGAACCGACCGTCTT,0,4498405
yahC_predicted,0.2,4,4,GACGCCTAGATATTACCGAC,0,4506437
yahC_predicted,0.2,4,4,GACCTTTAAGGAACATTAAC,0,4493982
yahC_predicted,0.2,4,4,GACCCAAATGTAGCTTCACG,0,4475647
yahC_predicted,0.2,4,4,GACAATGGATGATCGACTTG,0,4477250
yahC_predicted,0.2,4,4,GACAAGCGGGAACATAGGCA,0,4473833
yahC_predicted,0.2,4,4,GAATATGGGCGTATTAGCCT,0,4490254
yahC_predicted,0.2,4,4,GAATATGGCTCCATTTTATT,0,4492451
yahC_predicted,0.2,4,4,GAATATGCAGCTTCGTGCGC,0,4494084
yahC_predicted,0.2,4,4,GAATATCTGGAGGTGTCGGG,0,4478983
yahC_predicted,0.2,4,4,GAAGTGCTTCGCAAAACTTT,0,4500117
yahC_predicted,0.2,4,4,GAAGGGTCCCGGCTAGTATA,0,4487751
yahC_predicted,0.2,4,4,GAAGCATTCATGGTTTGGAT,0,4484434
yahC_predicted,0.2,4,4,GAAGAAATATGTTGGTGTCT,0,4502903
yahC_predicted,0.2,4,4,GAACGCATACATGAGCCCTA,0,4505053
yahC_predicted,0.2,4,4,GAAAGTCTTGCAGTCAAACG,0,4501529
yahC_predicted,0.2,4,4,GAAAGCCATGGTTTAGCCCC,0,4505028
yahC_predicted,0.2,4,4,GAAACGTTATTGATTTGTAT,0,4508176
yahC_predicted,0.2,4,4,CTTTTCAATAGATATCGGGT,0,4496099
yahC_predicted,0.2,4,4,CTTTGTGGTCATCTGTACAA,0,4493095
yahC_predicted,0.2,4,4,CTTTATGGGCGGGGCATATT,0,4506641
yahC_predicted,0.2,4,4,CTTTAGAAAGGAAACAATGT,0,4497585
yahC_predicted,0.2,4,4,CTTTACTTGTGGTAAGTAAA,0,4496626
yahC_predicted,0.2,4,4,CTTTACATCCCGGAATAGAA,0,4476069
yahC_predicted,0.2,4,4,CTTGGAGTCATCATAATCTA,0,4500750
yahC_predicted,0.2,4,4,CTTGCGGGCGTAAGGATTTA,0,4490701
yahC_predicted,0.2,4,4,CTTGCGGGAGTTAGCTCTAA,0,4506096
yahC_predicted,0.2,4,4,CTTGCGGCTTATGAGTCCCA,0,4487703
yahC_predicted,0.2,4,4,CTTATAGTAAACATCGTTGC,0,4483898
yahC_predicted,0.2,4,4,CTTATACGTACAACCTGAGA,0,4493989
yahC_predicted,0.2,4,4,CTTAGCTAGGGCCAGTCATA,0,4507310
yahC_predicted,0.2,4,4,CTTACCACATCTTTAGGTCT,0,4492651
yahC_predicted,0.2,4,4,CTTAAGATTGTAAACCGGCA,0,4502378
yahC_predicted,0.2,4,4,CTGTTCCATTCAGGTTATCG,0,4484880
yahC_predicted,0.2,4,4,CTGTCGTTTTGTAGAATTTA,0,4504618
yahC_predicted,0.2,4,4,CTGTCATGTCCAAGCAGGTT,0,4473369
yahC_predicted,0.2,4,4,CTGTAGGGAATGCTACCCGG,0,4486430
yahC_predicted,0.2,4,4,CTGTAACATCCAATCGGGGG,0,4506535
yahC_predicted,0.2,4,4,CTGTAAACGGTACCGGTTCC,0,4490303
yahC_predicted,0.2,4,4,CTGGTTGGGATTCGGGGGTC,0,4494802
yahC_predicted,0.2,4,4,CTGGCCAGGAGTCCACGCAG,0,4501160
yahC_predicted,0.2,4,4,CTGCTTGTAAACACAACTGG,0,4505398
yahC_predicted,0.2,4,4,CTGCTATTACGAAACAACGG,0,4487702
yahC_predicted,0.2,4,4,CTGCTAATGATTAAGAGCCA,0,4483006
yahC_predicted,0.2,4,4,CTGCATCGAACAGAACGTAT,0,4490242
yahC_predicted,0.2,4,4,CTGATTGGGGTACGCGGTCA,0,4503905
yahC_predicted,0.2,4,4,CTGAGCAAACATGCATCGGA,0,4506705
yahC_predicted,0.2,4,4,CTGAGATACGGGGTGTAAAA,0,4497951
yahC_predicted,0.2,4,4,CTCTGGGGGAGATTAAACAA,0,4508013
yahC_predicted,0.2,4,4,CTCTGCACGTCAGCTGAAGG,0,4499909
yahC_predicted,0.2,4,4,CTCTCCATCTAGAAGTCCCT,0,4485470
yahC_predicted,0.2,4,4,CTCTCCAGGCATTGAAAACG,0,4492432
yahC_predicted,0.2,4,4,CTCTATCTACAGGGAGCTTC,0,4477874
yahC_predicted,0.2,4,4,CTCGTCTATGGTATTGCTTC,0,4502728
yahC_predicted,0.2,4,4,CTCGTCGCCCCGCCCCGGGT,0,4480993
yahC_predicted,0.2,4,4,CTCGGACCCAACGGAATAGC,0,4480363
yahC_predicted,0.2,4,4,CTCGGAACGGGGCGGGCGAA,0,4502096
yahC_predicted,0.2,4,4,CTCCTTGCGGCGATCACAAG,0,4511463
yahC_predicted,0.2,4,4,CTCCTCGTAGTGTAAGCACT,0,4496989
yahC_predicted,0.2,4,4,CTCCCGTGCTTGGGTGTGAT,0,4505690
yahC_predicted,0.2,4,4,CTCAGTATCAGAACAAACGG,0,4492383
yahC_predicted,0.2,4,4,CTCACTCCGTCCCCTGTCGG,0,4472729
yahC_predicted,0.2,4,4,CTATGTACTACAGTTCGGAT,0,4475556
yahC_predicted,0.2,4,4,CTATCATACTAGGTTCAGTC,0,4487577
yahC_predicted,0.2,4,4,CTAGGATTACATCGGAGGGT,0,4481782
yahC_predicted,0.2,4,4,CTAGCTCCGTTGACTTTGTG,0,4499620
yahC_predicted,0.2,4,4,CTAGCATGCGCCTTACACTG,0,4490247
yahC_predicted,0.2,4,4,CTAGCAAACTGGCACGTAAA,0,4508070
yahC_predicted,0.2,4,4,CTAGACTAACATCCCTGCTC,0,4503397
yahC_predicted,0.2,4,4,CTAGACCCAAGTGACCGGAG,0,4472738
yahC_predicted,0.2,4,4,CTACGGAAAGGCGAGGGAAC,0,4487389
yahC_predicted,0.2,4,4,CTAATAATAGGTCGAAGATG,0,4473864
yahC_predicted,0.2,4,4,CTAAGGGCTAGTTACTGCTC,0,4472820
yahC_predicted,0.2,4,4,CTAAATCTAGAGTCAACTAT,0,4485078
yahC_predicted,0.2,4,4,CGTTCCATTATCGGCACGTA,0,4480632
yahC_predicted,0.2,4,4,CGTGTGTAGCGGTTAGGCAA,0,4504295
yahC_predicted,0.2,4,4,CGTGTCGCTTAGGATTACGA,0,4480904
yahC_predicted,0.2,4,4,CGTGGTAAATGGGAGTGAAT,0,4474388
yahC_predicted,0.2,4,4,CGTGCAAGTTCATAGGCGGT,0,4490580
yahC_predicted,0.2,4,4,CGTGATGAATGATAGAGGGA,0,4505282
yahC_predicted,0.2,4,4,CGTCCAGCTAGGTCGAATTC,0,4510186
yahC_predicted,0.2,4,4,CGTACAAAAAAGAGTTGCAT,0,4494985
yahC_predicted,0.2,4,4,CGTAACGAGGTACTCCTGAC,0,4494967
yahC_predicted,0.2,4,4,CGGTGTGTTAGCTATCGTAT,0,4490296
yahC_predicted,0.2,4,4,CGGTCACGGACAACTGACAT,0,4501103
yahC_predicted,0.2,4,4,CGGTAAGGCCGAAGCGATGG,0,4497232
yahC_predicted,0.2,4,4,CGGGGTCTGTTTTGGTGGTT,0,4508527
yahC_predicted,0.2,4,4,CGGGGTAAGTCTGCAGTAGT,0,4508051
yahC_predicted,0.2,4,4,CGGGATCCAAAAGCTTATTG,0,4474617
yahC_predicted,0.2,4,4,CGGCGGTTTGACATATAACT,0,4504437
yahC_predicted,0.2,4,4,CGGCAAAGTTACTTCTCGCT,0,4489139
yahC_predicted,0.2,4,4,CGGAGGAATTAGCTCAAAAT,0,4474321
yahC_predicted,0.2,4,4,CGGACTTCAGCAGACAGTCA,0,4507915
yahC_predicted,0.2,4,4,CGGACCCGTGGCTGGAAGAA,0,4503823
yahC_predicted,0.2,4,4,CGCTGTCTAAGCTCACTAGG,0,4479799
yahC_predicted,0.2,4,4,CGCTCATGCGACCACTTTTC,0,4506179
yahC_predicted,0.2,4,4,CGCGTAGACCTACGGTTTCC,0,4504439
yahC_predicted,0.2,4,4,CGCGGTGGATCCTCACCTGT,0,4487450
yahC_predicted,0.2,4,4,CGCGCCCCTACAAGACAACT,0,4487237
yahC_predicted,0.2,4,4,CGCCGGTAGGGTAAAGCGTT,0,4483368
yahC_predicted,0.2,4,4,CGCCGAATACAGAAGGCGAA,0,4507873
yahC_predicted,0.2,4,4,CGCCGAAGCGGGAGTCTGGA,0,4496823
yahC_predicted,0.2,4,4,CGCCCGCGGAGACAAAAGAT,0,4476124
yahC_predicted,0.2,4,4,CGCCCGACTCGGCCCCGTGC,0,4491541
yahC_predicted,0.2,4,4,CGCCATTATTCCCACTTGCT,0,4481030
yahC_predicted,0.2,4,4,CGCATGTAGGCAGATAGGGT,0,4493580
yahC_predicted,0.2,4,4,CGCACACATACCCGTAGTTT,0,4484380
yahC_predicted,0.2,4,4,CGCAATGCGAAAACTCGGCA,0,4492483
yahC_predicted,0.2,4,4,CGCAACCTTTCCCTCTTGTG,0,4485645
yahC_predicted,0.2,4,4,CGATGTTGAAATAAAGAGGT,0,4510718
yahC_predicted,0.2,4,4,CGATGTTCCACTAATGGTAA,0,4491419
yahC_predicted,0.2,4,4,CGATCACTGTTTGTAGACTT,0,4481091
yahC_predicted,0.2,4,4,CGAGGCGTAACTCGCGCTCA,0,4484601
yahC_predicted,0.2,4,4,CGAGGCAGTTCTGTATCCGT,0,4484265
yahC_predicted,0.2,4,4,CGAGGACACCGCATCGCTAC,0,4481813
yahC_predicted,0.2,4,4,CGAGACTGGCGAGCGAGTCA,0,4481603
yahC_predicted,0.2,4,4,CGAGAACTATTACAATCTTG,0,4498856
yahC_predicted,0.2,4,4,CGACGCGCTTCCTCTGACGA,0,4511376
yahC_predicted,0.2,4,4,CGACCCCTTGTGTCCCAGTT,0,4481103
yahC_predicted,0.2,4,4,CGAATGATTGTTCGGCGTCT,0,4505707
yahC_predicted,0.2,4,4,CGAATCGTCTTTCGTAGACA,0,4494768
yahC_predicted,0.2,4,4,CCTTGGTGCTCAGAACTATA,0,4499413
yahC_predicted,0.2,4,4,CCTTCAGGCAACTATCGTAC,0,4497019
yahC_predicted,0.2,4,4,CCTTATCTGGGACCGGCAAT,0,4498804
yahC_predicted,0.2,4,4,CCTGTCCCCGTTTGAAGCGT,0,4475909
yahC_predicted,0.2,4,4,CCTGCATGAATTCGGCGGGC,0,4502617
yahC_predicted,0.2,4,4,CCTGAACACCCCCTTAAAAA,0,4474862
yahC_predicted,0.2,4,4,CCTCTAGCTAAGGCTAGTGT,0,4493434
yahC_predicted,0.2,4,4,CCTCATTCATCCAATCTAGG,0,4497690
yahC_predicted,0.2,4,4,CCTCATGAACGATCTACATA,0,4489297
yahC_predicted,0.2,4,4,CCTCACTGTGTAGGACAAAG,0,4489555
yahC_predicted,0.2,4,4,CCTATTGTGAGGGGGTGGGC,0,4507645
yahC_predicted,0.2,4,4,CCTATGTTTCCCACGCTCGA,0,4504506
yahC_predicted,0.2,4,4,CCTACCACTCATCCCCACCT,0,4510622
yahC_predicted,0.2,4,4,CCTAAGGCCCCAGTTAAACA,0,4502713
yahC_predicted,0.2,4,4,CCGTGGGGTGCGGTATCCGT,0,4507515
yahC_predicted,0.2,4,4,CCGTCTTTTTACCCCGTGGT,0,4487170
yahC_predicted,0.2,4,4,CCGTCCCTAAGTTGGTCGGG,0,4498199
yahC_predicted,0.2,4,4,CCGTATCTTGGATGTTGTCA,0,4501467
yahC_predicted,0.2,4,4,CCGTAGACTGCCAGCCGAGG,0,4481072
yahC_predicted,0.2,4,4,CCGGTCGTAGGTGATTAATG,0,4490752
yahC_predicted,0.2,4,4,CCGGACGTCTGTGTTTAATT,0,4510978
yahC_predicted,0.2,4,4,CCGCGGAATTTCCAAAAACT,0,4487669
yahC_predicted,0.2,4,4,CCGCGCTCTTGTGGAAAAGC,0,4479457
yahC_predicted,0.2,4,4,CCGCCGGAACCCCAAATCAT,0,4510347
yahC_predicted,0.2,4,4,CCGCCGAGCAGTCCCTCCTA,0,4474111
yahC_predicted,0.2,4,4,CCGCCCATGAGTTTGCTCAT,0,4504447
yahC_predicted,0.2,4,4,CCGCAGTCCGTAGGGAAAAG,0,4487571
yahC_predicted,0.2,4,4,CCGCAACGCTCATGGTCGAA,0,4484843
yahC_predicted,0.2,4,4,CCGATTAGTATGCGTAAACC,0,4473980
yahC_predicted,0.2,4,4,CCGACGTTAGCTTTCTCCCC,0,4486869
yahC_predicted,0.2,4,4,CCGAAGTAATAGCATGAAGA,0,4478357
yahC_predicted,0.2,4,4,CCCTTTATTCTCATTCCACT,0,4477212
yahC_predicted,0.2,4,4,CCCTCGGCGTGCACGTCTCT,0,4490800
yahC_predicted,0.2,4,4,CCCTCCCCTAGTCCTTCATT,0,4496360
yahC_predicted,0.2,4,4,CCCGGAGTCGCTTCGGAGGA,0,4495683
yahC_predicted,0.2,4,4,CCCGATTTGAATAATACCAG,0,4496838
yahC_predicted,0.2,4,4,CCCGATTCATCGGAGATACT,0,4508899
yahC_predicted,0.2,4,4,CCCGATGTCCTAGGCGGGAC,0,4473460
yahC_predicted,0.2,4,4,CCCGAAGCGTCAACGCAGTT,0,4473719
yahC_predicted,0.2,4,4,CCCCGTGACGGGTCGGAACA,0,4478362
yahC_predicted,0.2,4,4,CCCCGGCCAGCCTCTTTAAC,0,4497041
yahC_predicted,0.2,4,4,CCCATTTTCAGCCCGCATCA,0,4491979
yahC_predicted,0.2,4,4,CCCAGCCTTATTAGGTGAGT,0,4483500
yahC_predicted,0.2,4,4,CCCAGAACGTCCACCCGGCC,0,4475388
yahC_predicted,0.2,4,4,CCCAAGTAACTTACGATAGA,0,4492978
yahC_predicted,0.2,4,4,CCCAAGCAAATGCAAATATG,0,4501999
yahC_predicted,0.2,4,4,CCATATACGGATGATTTAGC,0,4474934
yahC_predicted,0.2,4,4,CCAGCTGGTTTTATGATGAC,0,4481670
yahC_predicted,0.2,4,4,CCAATCCTTGAGCGCTCTGT,0,4510027
yahC_predicted,0.2,4,4,CCAAGCCGCAACCTTCGGCC,0,4510470
yahC_predicted,0.2,4,4,CCAACTTGAGAATAACCTGG,0,4511427
yahC_predicted,0.2,4,4,CCAACGATCGCCACTCTTCA,0,4496210
yahC_predicted,0.2,4,4,CCAAAGAGCACGGCCTGGAC,0,4497586
yahC_predicted,0.2,4,4,CATTGCAGACATTCATGGAA,0,4473008
yahC_predicted,0.2,4,4,CATTAATGGAGCAACCTGTC,0,4492536
yahC_predicted,0.2,4,4,CATGTATACCCCAGTGGTGA,0,4506614
yahC_predicted,0.2,4,4,CATGCTAAGTTGAGATGTTT,0,4511066
yahC_predicted,0.2,4,4,CATGAGGGCTGCAGCGGACT,0,4498771
yahC_predicted,0.2,4,4,CATCGACCGCTATTCCCCGC,0,4504931
yahC_predicted,0.2,4,4,CATCCCAAGAGACATCCAAC,0,4482935
yahC_predicted,0.2,4,4,CATCCATCCTGTCGTAGAGT,0,4512048
yahC_predicted,0.2,4,4,CATAGGTTGACGTGCGTCTG,0,4473984
yahC_predicted,0.2,4,4,CATAAAGATACAACGTTTGG,0,4483707
yahC_predicted,0.2,4,4,CATAAACAGCCTCCGGTGAT,0,4485272
yahC_predicted,0.2,4,4,CAGTTGTAGCCATCCGTACT,0,4492824
yahC_predicted,0.2,4,4,CAGTTATGTGTGGGCGCGTG,0,4488913
yahC_predicted,0.2,4,4,CAGTGGGAATCTCTCCGACG,0,4507586
yahC_predicted,0.2,4,4,CAGTGATCGTGAACAGCCCG,0,4502696
yahC_predicted,0.2,4,4,CAGTACCCTCGTTAATAGAT,0,4493931
yahC_predicted,0.2,4,4,CAGGGAATGGCATGAATGTG,0,4488610
yahC_predicted,0.2,4,4,CAGGCTGGGAGTCATTCTAA,0,4479639
yahC_predicted,0.2,4,4,CAGGCGAAGTTTTTTGTAGC,0,4510282
yahC_predicted,0.2,4,4,CAGGCCACGTAACTAAGGCA,0,4475224
yahC_predicted,0.2,4,4,CAGGCAGAAGTTTATGCTGC,0,4508414
yahC_predicted,0.2,4,4,CAGGAGTCGCTGGCAAGAGT,0,4486193
yahC_predicted,0.2,4,4,CAGCTTTCGGCGGCCCTAGA,0,4505039
yahC_predicted,0.2,4,4,CAGCTCTTACATAAGGCGAC,0,4489487
yahC_predicted,0.2,4,4,CAGCGTGCAGACTAGGAATT,0,4493403
yahC_predicted,0.2,4,4,CAGCCTTGTAGTCATAGTAG,0,4494613
yahC_predicted,0.2,4,4,CAGCCTGTGGTCGGCGCAGG,0,4501826
yahC_predicted,0.2,4,4,CAGCCCTGAAGACGACCATA,0,4476754
yahC_predicted,0.2,4,4,CAGAACGACTGTTGCATTAG,0,4507211
yahC_predicted,0.2,4,4,CACTTAAAAGGATGCAACTC,0,4504081
yahC_predicted,0.2,4,4,CACGTCGTCAAATGGGCTGT,0,4487259
yahC_predicted,0.2,4,4,CACGGAACCACCTTACGTAC,0,4474140
yahC_predicted,0.2,4,4,CACCTGCGTCGGTCAGAGTG,0,4485855
yahC_predicted,0.2,4,4,CACCTACCCGCTTCATTGCC,0,4494834
yahC_predicted,0.2,4,4,CACCGCGGTTGTACTTGGTG,0,4488886
yahC_predicted,0.2,4,4,CACCCTTCTCCTATTATGCC,0,4504171
yahC_predicted,0.2,4,4,CACCCAGTTCTAGAACCCCA,0,4510346
yahC_predicted,0.2,4,4,CACCATGCGTTCTTCGGCGC,0,4508005
yahC_predicted,0.2,4,4,CACCAGGCATTGACTCGCAT,0,4492343
yahC_predicted,0.2,4,4,CACATGAGGGGTATGTCCTA,0,4484461
yahC_predicted,0.2,4,4,CACAGGCTCATCGGCCATAA,0,4476329
yahC_predicted,0.2,4,4,CACAACGCCACTCCATTCCG,0,4482284
yahC_predicted,0.2,4,4,CAATGCAAAGTCGATGATAG,0,4502662
yahC_predicted,0.2,4,4,CAATCGGGGGTATGTCAGCT,0,4481751
yahC_predicted,0.2,4,4,CAATAGAGTTCTTGATATGC,0,4484594
yahC_predicted,0.2,4,4,CAAGCTTCTTTGACTCTAAA,0,4504377
yahC_predicted,0.2,4,4,CAAGCATGCGGGACCCCTCA,0,4494072
yahC_predicted,0.2,4,4,CAACTCTCTCTAGAACCGAG,0,4497016
yahC_predicted,0.2,4,4,CAACTAAGACGGTGTCGAGC,0,4476868
yahC_predicted,0.2,4,4,CAACGATACTAGATGCTTAG,0,4491895
yahC_predicted,0.2,4,4,CAACATGCTTCAGTTACAAG,0,4504219
yahC_predicted,0.2,4,4,CAACATACGGAGCCGAGGGA,0,4491817
yahC_predicted,0.2,4,4,CAACAGACGCCGAATTGAAT,0,4487085
yahC_predicted,0.2,4,4,CAAAGTATATAGATAGTAAG,0,4503268
yahC_predicted,0.2,4,4,CAAAACCTTGGCGTGGCTTG,0,4478115
yahC_predicted,0.2,4,4,ATTTTCGCTAGAGATAAGCC,0,4502411
yahC_predicted,0.2,4,4,ATTTCACATTATTAATTTGT,0,4501228
yahC_predicted,0.2,4,4,ATTGTAGAAGTGTTAAGAGT,0,4501578
yahC_predicted,0.2,4,4,ATTGGCGGGCTTGCCATGTA,0,4472748
yahC_predicted,0.2,4,4,ATTGCTCGCTTGATGCCAGG,0,4484487
yahC_predicted,0.2,4,4,ATTGACATATGGCCCTAGTG,0,4485913
yahC_predicted,0.2,4,4,ATTGACACAAGGCACCGCTT,0,4481054
yahC_predicted,0.2,4,4,ATTCTGCCGCGTTGGAAGGA,0,4490777
yahC_predicted,0.2,4,4,ATTCTCAATGTACCAGGCGA,0,4497728
yahC_predicted,0.2,4,4,ATTAGTGGCCGGCGCGGCAT,0,4489538
yahC_predicted,0.2,4,4,ATTAGCGGATGGGGTGCCTT,0,4489223
yahC_predicted,0.2,4,4,ATGTTGGCGCGTGCATTGGA,0,4475431
yahC_predicted,0.2,4,4,ATGTGACCAACAGAGTGGCC,0,4477249
yahC_predicted,0.2,4,4,ATGTCTAGACTGGCCACGCT,0,4511538
yahC_predicted,0.2,4,4,ATGTCAGCTCGCCTTAGAGT,0,4491382
yahC_predicted,0.2,4,4,ATGGGCCGAGATGGGCGTCG,0,4490123
yahC_predicted,0.2,4,4,ATGGGATCCAGTATCGTTCT,0,4493954
yahC_predicted,0.2,4,4,ATGGACTGCCCATCGGGTGC,0,4497196
yahC_predicted,0.2,4,4,ATGCTGTGACGTCCAACCTG,0,4492811
yahC_predicted,0.2,4,4,ATGCTCACTTAACAGTAATT,0,4499842
yahC_predicted,0.2,4,4,ATGCGCGCCGTCTGCAAACG,0,4473831
yahC_predicted,0.2,4,4,ATGCCGAGCGCTCTGCATCA,0,4475502
yahC_predicted,0.2,4,4,ATGCCCCCAAGTGCAACAGT,0,4507494
yahC_predicted,0.2,4,4,ATGCCACTTTGCTCACAGAC,0,4496227
yahC_predicted,0.2,4,4,ATGATATCTAAGATTGCAGC,0,4506802
yahC_predicted,0.2,4,4,ATGAGTTCTATTTTTTCGGC,0,4509511
yahC_predicted,0.2,4,4,ATCTTGTTAATCATAACTAC,0,4484892
yahC_predicted,0.2,4,4,ATCTTGGCAGGCTGCTGTGT,0,4480377
yahC_predicted,0.2,4,4,ATCTTCGAACTTTCAATAGG,0,4509492
yahC_predicted,0.2,4,4,ATCTGATCTATCGACGCGAT,0,4476195
yahC_predicted,0.2,4,4,ATCGTGACCCAGCCCGGCTT,0,4488934
yahC_predicted,0.2,4,4,ATCGTAGAATGAATTGATGG,0,4492173
yahC_predicted,0.2,4,4,ATCCTGTCTGGTCCTGAGGT,0,4496700
yahC_predicted,0.2,4,4,ATCCTCGGTACGGCGTCCAT,0,4487656
yahC_predicted,0.2,4,4,ATCAGGATGCCCAATGAGAA,0,4488286
yahC_predicted,0.2,4,4,ATATGTTTAGATAGCTAATG,0,4480882
yahC_predicted,0.2,4,4,ATATGCCCTTCTTGCGCACT,0,4479856
yahC_predicted,0.2,4,4,ATATCAAATCCCCAGACAAA,0,4503958
yahC_predicted,0.2,4,4,ATAGTAATTCTGTTTGTATA,0,4504794
yahC_predicted,0.2,4,4,ATAGGGTTCCGGACTTTCGT,0,4491448
yahC_predicted,0.2,4,4,ATAGAAATGAAGCATCATTG,0,4496040
yahC_predicted,0.2,4,4,ATACGTTCCACCCTGTGGCC,0,4510657
yahC_predicted,0.2,4,4,ATAATCGGGCCGCGAACAGT,0,4491230
yahC_predicted,0.2,4,4,ATAATCAACAATAGATTTTG,0,4494228
yahC_predicted,0.2,4,4,ATAAGATCGCCCACCTTCAT,0,4510777
yahC_predicted,0.2,4,4,ATAACCCTTCAGATGGGTTT,0,4493309
yahC_predicted,0.2,4,4,ATAAATTTCGGCGTAGCCTC,0,4492818
yahC_predicted,0.2,4,4,AGTTTGCGTCCAGGTGTAGG,0,4503615
yahC_predicted,0.2,4,4,AGTTGTACCTTAGTGGAAGA,0,4474128
yahC_predicted,0.2,4,4,AGTTGGGTCGTCGCATGAAG,0,4490591
yahC_predicted,0.2,4,4,AGTTCGTAACTGACAGGGGG,0,4505738
yahC_predicted,0.2,4,4,AGTGAGTGATGTGTTCGGAA,0,4503000
yahC_predicted,0.2,4,4,AGTCTGAAAGCATCAAAGAA,0,4478739
yahC_predicted,0.2,4,4,AGTCTCAAGGACTAAATGAA,0,4486565
yahC_predicted,0.2,4,4,AGTCCGCTCATAGCGGCTGG,0,4488343
yahC_predicted,0.2,4,4,AGTATTTGCATAGTTTAGTA,0,4484412
yahC_predicted,0.2,4,4,AGTAAGGGACGTGGAACAGC,0,4487003
yahC_predicted,0.2,4,4,AGTAAGGAACTTCAGGCCAT,0,4489221
yahC_predicted,0.2,4,4,AGGTGTCGCAAGGCAGGATC,0,4477693
yahC_predicted,0.2,4,4,AGGTGGTTTGGGTCAGTTGA,0,4472921
yahC_predicted,0.2,4,4,AGGTGACTCCTTTTTGTGCT,0,4498911
yahC_predicted,0.2,4,4,AGGTCCGCGGGGTCCATTTG,0,4480333
yahC_predicted,0.2,4,4,AGGTAGTTGAACGTCACCAA,0,4485598
yahC_predicted,0.2,4,4,AGGGTTATCCATGGTAAACA,0,4489376
yahC_predicted,0.2,4,4,AGGGTGACGTCTCTTATATG,0,4496600
yahC_predicted,0.2,4,4,AGGGGTTGGTTCCATTTTAT,0,4474396
yahC_predicted,0.2,4,4,AGGGGGCGGCCGATAATAGA,0,4489458
yahC_predicted,0.2,4,4,AGGGCTAAACAGTGTTCCCA,0,4489704
yahC_predicted,0.2,4,4,AGGGAGGCGCTTAAACTTCG,0,4511906
yahC_predicted,0.2,4,4,AGGGAAGGGATGCGAACACT,0,4472851
yahC_predicted,0.2,4,4,AGGCTTACCATAGTGGTGTA,0,4505418
yahC_predicted,0.2,4,4,AGGCTAGCAGCTGAATTCTT,0,4508862
yahC_predicted,0.2,4,4,AGGATGGCCCAAATACAGCC,0,4496266
yahC_predicted,0.2,4,4,AGGATCATAGCCCATTTTAG,0,4489866
yahC_predicted,0.2,4,4,AGGAGTAACAACAAATATAG,0,4473106
yahC_predicted,0.2,4,4,AGGACTGCCAATGGGGCATC,0,4494241
yahC_predicted,0.2,4,4,AGGACGCATGCACCTGAGCA,0,4489437
yahC_predicted,0.2,4,4,AGCTTCCGCATTTAGGTGGA,0,4476254
yahC_predicted,0.2,4,4,AGCTGTTTACAGTAAAACTA,0,4505305
yahC_predicted,0.2,4,4,AGCGGGCTGTTAAATCGTTG,0,4508937
yahC_predicted,0.2,4,4,AGCGGCTCACTGCCTTAAAA,0,4487231
yahC_predicted,0.2,4,4,AGCCTTCGTGGTGTCCGAGC,0,4507621
yahC_predicted,0.2,4,4,AGCCTCCCCGTCAGTGGCAA,0,4483653
yahC_predicted,0.2,4,4,AGCCACGGTGAAATAAAGAC,0,4488223
yahC_predicted,0.2,4,4,AGCATGTAAGCCGGTAAGAC,0,4490873
yahC_predicted,0.2,4,4,AGCATGAGTTCGGAATGTCA,0,4493531
yahC_predicted,0.2,4,4,AGCAGTGCGTCTGGTGATAT,0,4499914
yahC_predicted,0.2,4,4,AGCAGCTCTCATGTGTGGCT,0,4495859
yahC_predicted,0.2,4,4,AGCAGAGCGTAAAGAGATCA,0,4507821
yahC_predicted,0.2,4,4,AGCAACCAGATAAGTGCCCT,0,4478297
yahC_predicted,0.2,4,4,AGATTTGGTGCAATAGTCAT,0,4493024
yahC_predicted,0.2,4,4,AGATTTAACTGAAAGATGTG,0,4481085
yahC_predicted,0.2,4,4,AGATGAGCAACCCAGGCAAT,0,4492959
yahC_predicted,0.2,4,4,AGATGAGATTCGATGATGGT,0,4495223
yahC_predicted,0.2,4,4,AGAGTCCCTGGACGTTATAT,0,4476078
yahC_predicted,0.2,4,4,AGACCCGTACAACTCATTAC,0,4502447
yahC_predicted,0.2,4,4,AGACCATTTTGCCGTAGAGG,0,4478323
yahC_predicted,0.2,4,4,AGACAAGATTTTGACGAAAG,0,4486495
yahC_predicted,0.2,4,4,AGAATGGAGTCAAAATTACA,0,4486003
yahC_predicted,0.2,4,4,AGAATGATGACACCTCTTAA,0,4511529
yahC_predicted,0.2,4,4,AGAACACTTCTTTATACGAA,0,4474179
yahC_predicted,0.2,4,4,ACTTTTCCCTTTACTTGCAT,0,4501859
yahC_predicted,0.2,4,4,ACTTTTATTATCCGAGTCCA,0,4491207
yahC_predicted,0.2,4,4,ACTTTGCGCAGGTCATCAAT,0,4494914
yahC_predicted,0.2,4,4,ACTTTGATAACCGGCAGAAT,0,4494543
yahC_predicted,0.2,4,4,ACTTTCAGAGACGTGGGTGA,0,4485765
yahC_predicted,0.2,4,4,ACTTAGGCATACATAAACGT,0,4500538
yahC_predicted,0.2,4,4,ACTGGTCATGCCCATACGTA,0,4501010
yahC_predicted,0.2,4,4,ACTCTTCTAGTTGTAGAAGC,0,4494024
yahC_predicted,0.2,4,4,ACTCTATGGCCCCATCTTCG,0,4489880
yahC_predicted,0.2,4,4,ACTCGTGTTCCATTTCTGTC,0,4496367
yahC_predicted,0.2,4,4,ACTATCTGTAGATTTAACTA,0,4506884
yahC_predicted,0.2,4,4,ACGTCTCGGTGACCGGGTCA,0,4490500
yahC_predicted,0.2,4,4,ACGTAGTATAATCGCAAGCC,0,4501813
yahC_predicted,0.2,4,4,ACGGTATGTGTCTGCAGTAT,0,4493097
yahC_predicted,0.2,4,4,ACGGGCGCGCGCCATTACAT,0,4479782
yahC_predicted,0.2,4,4,ACGGCTGCTAGCGGCAGTTA,0,4487175
yahC_predicted,0.2,4,4,ACGGCTGATGCCATCTTGGA,0,4507259
yahC_predicted,0.2,4,4,ACGGCGGGAGTATCTCGCTG,0,4510779
yahC_predicted,0.2,4,4,ACGCTGGGGAAGTTACTGGG,0,4478348
yahC_predicted,0.2,4,4,ACGCGGGGGGGGGAAACTCG,0,4488796
yahC_predicted,0.2,4,4,ACGCCACTACCTGCATTCGC,0,4502692
yahC_predicted,0.2,4,4,ACGCATACTGAACCCGCACC,0,4475952
yahC_predicted,0.2,4,4,ACGCAGCGTTCGTTATCCGA,0,4493787
yahC_predicted,0.2,4,4,ACGAGTTACGGATAAAGTTA,0,4498362
yahC_predicted,0.2,4,4,ACGACTCAGTTGATCAAGGT,0,4485984
yahC_predicted,0.2,4,4,ACGACCATCGCTTCCTCCGC,0,4473009
yahC_predicted,0.2,4,4,ACGACATCAGCGGCTGGATT,0,4507987
yahC_predicted,0.2,4,4,ACCTATCACGTATACTCGCA,0,4486296
yahC_predicted,0.2,4,4,ACCGTCATTTCGCAGTTTAG,0,4490794
yahC_predicted,0.2,4,4,ACCGGGAGATTAACGAGCAG,0,4483805
yahC_predicted,0.2,4,4,ACCCTTGCCAAGCTCGAAGC,0,4484079
yahC_predicted,0.2,4,4,ACCCGCGTCTTGTCTCTAGG,0,4496329
yahC_predicted,0.2,4,4,ACCCCATACTTCATGCCTTA,0,4495663
yahC_predicted,0.2,4,4,ACCCCAGGGAGTGCAAGGAC,0,4475721
yahC_predicted,0.2,4,4,ACCAGCCAAAGATTGATTCC,0,4507379
yahC_predicted,0.2,4,4,ACCAACACTCGGTATGCGCG,0,4480693
yahC_predicted,0.2,4,4,ACCAAATATCACTGTTAAGT,0,4508961
yahC_predicted,0.2,4,4,ACATGCGCTGTTTTTGTATT,0,4480735
yahC_predicted,0.2,4,4,ACATGCAGTAGCGCCCACAG,0,4493780
yahC_predicted,0.2,4,4,ACATCTTCACCTTCTGTAGC,0,4499905
yahC_predicted,0.2,4,4,ACATCGGCACATGGTGCTAC,0,4473313
yahC_predicted,0.2,4,4,ACATCACAGCGATCAACGTT,0,4481307
yahC_predicted,0.2,4,4,ACAGTTTCTTATACATCAAG,0,4497383
yahC_predicted,0.2,4,4,ACAGCTATGTATCAGTACTC,0,4504083
yahC_predicted,0.2,4,4,ACAGCGGGGGTTATAGATAT,0,4502381
yahC_predicted,0.2,4,4,ACAGCCTAACTCCATAGGAT,0,4500454
yahC_predicted,0.2,4,4,ACAGCCGTAAGTAATGTGTA,0,4493857
yahC_predicted,0.2,4,4,ACACATCTCTGTGCCTACGG,0,4501143
yahC_predicted,0.2,4,4,ACACAGCAGGAGGTCAGCGG,0,4500746
yahC_predicted,0.2,4,4,ACACAACTTGTCTGACATAC,0,4495935
yahC_predicted,0.2,4,4,ACAATGACGAAATTCCGTTG,0,4472660
yahC_predicted,0.2,4,4,ACAAGTTCCAACACGTGTTG,0,4498319
yahC_predicted,0.2,4,4,ACAAGAAGAACGGGGAGCGG,0,4495764
yahC_predicted,0.2,4,4,ACAACGTTCATGCACAATCA,0,4503493
yahC_predicted,0.2,4,4,ACAACGTATGCCAACATTCG,0,4509590
yahC_predicted,0.2,4,4,AATTTCAGGCAAGACAGTGC,0,4491999
yahC_predicted,0.2,4,4,AATTATTCAGCGTACACCAG,0,4495902
yahC_predicted,0.2,4,4,AATGTCGGGCGAGGCCTGTG,0,4480681
yahC_predicted,0.2,4,4,AATGGAACTACTGGTCTGTC,0,4490736
yahC_predicted,0.2,4,4,AATGATTATGCATGAGCTGT,0,4483254
yahC_predicted,0.2,4,4,AATCTTACGCCTAAGTAGAT,0,4496485
yahC_predicted,0.2,4,4,AATCGTGGTGTACTGGCTTG,0,4504434
yahC_predicted,0.2,4,4,AATCCTAATCTAGGAAATCG,0,4477417
yahC_predicted,0.2,4,4,AATATGCACTCCTACGCGGT,0,4475956
yahC_predicted,0.2,4,4,AATAGTCGCACTAGCGGCCT,0,4489290
yahC_predicted,0.2,4,4,AATAGGGTAGATGACCGAGC,0,4486412
yahC_predicted,0.2,4,4,AATACAGCGTTTGTATAGAA,0,4506124
yahC_predicted,0.2,4,4,AATAAGCTACTTTGGTCGGT,0,4474420
yahC_predicted,0.2,4,4,AATAAATCGCCCCCGGGCAG,0,4477684
yahC_predicted,0.2,4,4,AAGTAGCACAGGAACGCTGG,0,4495306
yahC_predicted,0.2,4,4,AAGTAATCTCTCTCCAATAT,0,4502547
yahC_predicted,0.2,4,4,AAGGTAGGATCACTTGATAA,0,4507699
yahC_predicted,0.2,4,4,AAGGCTTCACATGTTGTATC,0,4492227
yahC_predicted,0.2,4,4,AAGGCTACCTGACCGAGTCC,0,4476361
yahC_predicted,0.2,4,4,AAGGCGCGATCGCGAGCAAG,0,4486932
yahC_predicted,0.2,4,4,AAGGCCAACCTCTTCTCGCA,0,4497917
yahC_predicted,0.2,4,4,AAGGAGATTTCGGCCTGGAG,0,4489844
yahC_predicted,0.2,4,4,AAGCTCTGCCTGCACATGTA,0,4509229
yahC_predicted,0.2,4,4,AAGCCTTATACCGGATGCTC,0,4479298
yahC_predicted,0.2,4,4,AAGCCCCTGTGGTGATGGAG,0,4498544
yahC_predicted,0.2,4,4,AAGATGGGTACGTACAGATA,0,4509019
yahC_predicted,0.2,4,4,AAGAGGGTACATGCCTTCAA,0,4488561
yahC_predicted,0.2,4,4,AAGAGCGCGCTTTTAGACTG,0,4476969
yahC_predicted,0.2,4,4,AAGAGAGGTGGTATCATGTT,0,4493249
yahC_predicted,0.2,4,4,AAGAAGCCTAGAGCGGGTAC,0,4481534
yahC_predicted,0.2,4,4,AACTCTAGGGGCATACGCAT,0,4480890
yahC_predicted,0.2,4,4,AACTCACTGGAGATTGTAAT,0,4481019
yahC_predicted,0.2,4,4,AACGTTCAAATATTTCCATC,0,4506133
yahC_predicted,0.2,4,4,AACGTGGTCGTCGTCATAGA,0,4472698
yahC_predicted,0.2,4,4,AACCTTGTACCGGGTCAAGC,0,4489591
yahC_predicted,0.2,4,4,AACCAGGCTCTATAAATTAC,0,4489246
yahC_predicted,0.2,4,4,AACATGAAAGTAAAGGTCTA,0,4490356
yahC_predicted,0.2,4,4,AACATCTTATGCTCCGCCAT,0,4500748
yahC_predicted,0.2,4,4,AACATCCTATAAGCGCTTTG,0,4499961
yahC_predicted,0.2,4,4,AACAAGCCATATCCTATAAA,0,4476610
yahC_predicted,0.2,4,4,AAATTACAATAGCTCGTGGG,0,4485523
yahC_predicted,0.2,4,4,AAATCGCGAGCGAGGTGCCC,0,4472458
yahC_predicted,0.2,4,4,AAATAGAGCCCGGACGAGGT,0,4493104
yahC_predicted,0.2,4,4,AAAGGTGAGGTAGGGCGCGG,0,4472477
yahC_predicted,0.2,4,4,AAAGCACCTATCGTCATGTA,0,4477619
yahC_predicted,0.2,4,4,AAAGCACACCAGGTTTAGAG,0,4480390
yahC_predicted,0.2,4,4,AAAGAGTTTCCCGAGCTCCC,0,4473174
yahC_predicted,0.2,4,4,AAAGAGATTATTTATCGAGG,0,4481808
yahC_predicted,0.2,4,4,AAACTTACGGCCCGGTGGGG,0,4499104
yahC_predicted,0.2,4,4,AAACGATTCGACGTATAAAA,0,4511203
yahC_predicted,0.2,4,4,AAAATTAAAAGTGCCGTCTA,0,4484689
yahC_predicted,0.2,4,4,AAAAATCTCTATCGATTAAG,0,4505823
yahC_predicted,0.2,4,4,AAAAATCGAGCGTTTCCATC,0,4487573
yahC_predicted,0.2,4,4,AAAAAGCCGTCGTGGTTTAG,0,4475069
yahC_predicted,0.25,3,3,TTTTTATTGCTATTTAGTGA,0,4473265
yahC_predicted,0.25,3,3,TTTTTAACGTTTTACAAAAT,0,4493701
yahC_predicted,0.25,3,3,TTTTCATGCCCTTGCTAAGC,0,4493578
yahC_predicted,0.25,3,3,TTTTCAAAACCCCAGCACTA,0,4500220
yahC_predicted,0.25,3,3,TTTTATCACTTACCAAGAGT,0,4505245
yahC_predicted,0.25,3,3,TTTTAAGAGGGTACATTCGA,0,4490196
yahC_predicted,0.25,3,3,TTTCAGTGCTAATTACGGGC,0,4492522
yahC_predicted,0.25,3,3,TTTCAGCTGGTACGGCGCGT,0,4474863
yahC_predicted,0.25,3,3,TTTACTGGACAATATTGAAG,0,4496026
yahC_predicted,0.25,3,3,TTTAAGTGTGAGTTAGACTC,0,4507018
yahC_predicted,0.25,3,3,TTGTTGGCGCCCTGTGCCAC,0,4489378
yahC_predicted,0.25,3,3,TTGGTATAGGCGAGGTAAGT,0,4478456
yahC_predicted,0.25,3,3,TTGGCAACCTCCTGTACATT,0,4508761
yahC_predicted,0.25,3,3,TTGGATGTATTTCAACTACA,0,4477462
yahC_predicted,0.25,3,3,TTGCGATTGTGTTTTGGCTT,0,4480431
yahC_predicted,0.25,3,3,TTGCAATAGTGAGTCGGATT,0,4476151
yahC_predicted,0.25,3,3,TTGATGTTGGAGGGATCGGC,0,4490385
yahC_predicted,0.25,3,3,TTGACTGTCACACGTTCGGC,0,4487952
yahC_predicted,0.25,3,3,TTGACTATGGTTGGAATAAT,0,4508935
yahC_predicted,0.25,3,3,TTGACCAATTTGACGTGTCG,0,4508699
yahC_predicted,0.25,3,3,TTCTCGCATATAAACAGTGA,0,4478727
yahC_predicted,0.25,3,3,TTCTCCGTCGTTCGTATCGC,0,4491694
yahC_predicted,0.25,3,3,TTCTAATGGTCAGGGCGTAC,0,4473160
yahC_predicted,0.25,3,3,TTCGTTCAAGTTTCGTTCCA,0,4487381
yahC_predicted,0.25,3,3,TTCGGGCATTAAAACCGCCT,0,4486009
yahC_predicted,0.25,3,3,TTCGCTTGCTCCTCTTTTGC,0,4506775
yahC_predicted,0.25,3,3,TTCGCAGCGACGGCGTACGT,0,4501543
yahC_predicted,0.25,3,3,TTCCTCAGACTCCCCGTTGG,0,4472899
yahC_predicted,0.25,3,3,TTCCTCAATATGAACCAGAC,0,4500701
yahC_predicted,0.25,3,3,TTCCTATATATCCGACGTGA,0,4491797
yahC_predicted,0.25,3,3,TTCCTACAGCACTGAGGTAC,0,4490520
yahC_predicted,0.25,3,3,TTCCGTTGCTGCATATTGAC,0,4504130
yahC_predicted,0.25,3,3,TTCCGCATAAGTACGCCCTA,0,4511829
yahC_predicted,0.25,3,3,TTCCATTATAGCGCAGCGGA,0,4493184
yahC_predicted,0.25,3,3,TTCCAATCACTGTGTACGTA,0,4508813
yahC_predicted,0.25,3,3,TTCATGGTATACGACTGAAA,0,4487081
yahC_predicted,0.25,3,3,TTCAGTTTAGCGAGTTGCCA,0,4474470
yahC_predicted,0.25,3,3,TTCAGCGGTGCTGGAAAACA,0,4478636
yahC_predicted,0.25,3,3,TTCACAGGTATCGAGGTCTA,0,4495246
yahC_predicted,0.25,3,3,TTATTTGGGTATGTAGAACC,0,4506104
yahC_predicted,0.25,3,3,TTATTTACGTCGGAGGGAGT,0,4475544
yahC_predicted,0.25,3,3,TTATGGGGAAGGTCAGTGTA,0,4510819
yahC_predicted,0.25,3,3,TTATATTAGAATACAAGATC,0,4477545
yahC_predicted,0.25,3,3,TTATACGAGTCTGGGCAAGT,0,4510997
yahC_predicted,0.25,3,3,TTAGGGTAGATCGAATATAG,0,4505784
yahC_predicted,0.25,3,3,TTAGGGGTCTATATGACGGA,0,4490774
yahC_predicted,0.25,3,3,TTAGCTGGCATACGGCCAGG,0,4506779
yahC_predicted,0.25,3,3,TTAGCGAACTAGAAGGGCAT,0,4494169
yahC_predicted,0.25,3,3,TTAGAGTCGTTATTGAAGAC,0,4486333
yahC_predicted,0.25,3,3,TTACGGCCACGTTTATGCTT,0,4493377
yahC_predicted,0.25,3,3,TTACCTGGATGCCTAGCATC,0,4511767
yahC_predicted,0.25,3,3,TTACATTGGGCTTACTTGTT,0,4493378
yahC_predicted,0.25,3,3,TTACAACGGCACGTTCCCCC,0,4484879
yahC_predicted,0.25,3,3,TTAATGTGTGCTCTCTATCG,0,4490642
yahC_predicted,0.25,3,3,TTAAGTCCGGCAAGCCGAGA,0,4489683
yahC_predicted,0.25,3,3,TTAAAGATACGGCGACGAAT,0,4488114
yahC_predicted,0.25,3,3,TGTTGGCCGGTTATATCTCT,0,4501319
yahC_predicted,0.25,3,3,TGTTCGGTCAATCGAGCGCT,0,4505710
yahC_predicted,0.25,3,3,TGTTAACTGGGCCTCGGGGA,0,4484580
yahC_predicted,0.25,3,3,TGTGCCTGCGACCCCCAACA,0,4474558
yahC_predicted,0.25,3,3,TGTGCAAAGACCCACTGAGA,0,4488487
yahC_predicted,0.25,3,3,TGTGATCAAGCCCTGGTAAA,0,4510009
yahC_predicted,0.25,3,3,TGTGACACCCCTCCGTAAAT,0,4509077
yahC_predicted,0.25,3,3,TGTCGTCTGGGAAGAGCCGG,0,4480051
yahC_predicted,0.25,3,3,TGTCACCGAGGTCGAGCTGG,0,4511459
yahC_predicted,0.25,3,3,TGTATCCCGTCGTACATCAT,0,4502673
yahC_predicted,0.25,3,3,TGTAGTATGCAGGTCTTTTA,0,4495258
yahC_predicted,0.25,3,3,TGTAGGTGGTGCTGTTGGAA,0,4485795
yahC_predicted,0.25,3,3,TGTACACAGTAGTTCACATA,0,4497087
yahC_predicted,0.25,3,3,TGTAAGCCGTATAGCCTTTG,0,4501422
yahC_predicted,0.25,3,3,TGTAACAATCTACAACCAAA,0,4478567
yahC_predicted,0.25,3,3,TGGGTTCTCTAAAATGTGAT,0,4477713
yahC_predicted,0.25,3,3,TGGGTAGTGTCCTCTACGAC,0,4475304
yahC_predicted,0.25,3,3,TGGGGCGGGAGCCGTGCCCG,0,4506560
yahC_predicted,0.25,3,3,TGGGGAAGCCTCGGTGAAGG,0,4474130
yahC_predicted,0.25,3,3,TGGCTTGTAAGTGGTACAGA,0,4503265
yahC_predicted,0.25,3,3,TGGCTCCTGTCTTATCCCAG,0,4496299
yahC_predicted,0.25,3,3,TGGCCTCATTACCATTTGTG,0,4496069
yahC_predicted,0.25,3,3,TGGATCTTGAGAGGGCTGTT,0,4511353
yahC_predicted,0.25,3,3,TGGACGGGTCTTTACGAACA,0,4496244
yahC_predicted,0.25,3,3,TGCTTCACTCAGTGATCCGT,0,4487494
yahC_predicted,0.25,3,3,TGCTGATCCGTATAGTGCAG,0,4491758
yahC_predicted,0.25,3,3,TGCTCGGCCCTGGTCGAGGG,0,4487361
yahC_predicted,0.25,3,3,TGCGGTAGTGGTAGCTATAA,0,4489808
yahC_predicted,0.25,3,3,TGCGGGGGGTGTGAATTGGG,0,4475792
yahC_predicted,0.25,3,3,TGCGGCAGTAGGCAATCTTT,0,4494432
yahC_predicted,0.25,3,3,TGCGATATAGCTCGCGCGTT,0,4505959
yahC_predicted,0.25,3,3,TGCCGGGCTGTAAGTAGTAA,0,4510130
yahC_predicted,0.25,3,3,TGCACGTGCTCCATTGCTAT,0,4497572
yahC_predicted,0.25,3,3,TGCACCATTTGTTACACTTG,0,4505166
yahC_predicted,0.25,3,3,TGATTTGGTTCGTAACTTCA,0,4481060
yahC_predicted,0.25,3,3,TGATTACTGATGGAATTTCA,0,4507147
yahC_predicted,0.25,3,3,TGATTAAAGTTTATATGTTG,0,4496954
yahC_predicted,0.25,3,3,TGATCCCGCAGGCTGCCGCT,0,4474822
yahC_predicted,0.25,3,3,TGAGCCTCGGTTACCGGTAT,0,4498609
yahC_predicted,0.25,3,3,TGAGATAAAGCATGGGTTTG,0,4490837
yahC_predicted,0.25,3,3,TGAGACACCTTTGCCCCTCA,0,4499289
yahC_predicted,0.25,3,3,TGACGGATTTGGCAGAGCTG,0,4482152
yahC_predicted,0.25,3,3,TGACGCCGCCTCAGGGTTCT,0,4495801
yahC_predicted,0.25,3,3,TGACGAACCACTAGACGGGA,0,4477206
yahC_predicted,0.25,3,3,TGACCGTAACGAGACGTAGG,0,4496555
yahC_predicted,0.25,3,3,TGACCGGATTAAGGGTTATC,0,4499958
yahC_predicted,0.25,3,3,TGACATGGGAAGTGCCTCGG,0,4474240
yahC_predicted,0.25,3,3,TGACAGGCGGCAACCGCGCA,0,4475424
yahC_predicted,0.25,3,3,TGAATTTTACAAATGGTTTT,0,4509630
yahC_predicted,0.25,3,3,TGAACGTCAACTTGCGACCA,0,4501872
yahC_predicted,0.25,3,3,TGAACCGTAGTAAAGGCCTA,0,4504813
yahC_predicted,0.25,3,3,TCTTTTGAGCTGCATCAGTT,0,4479145
yahC_predicted,0.25,3,3,TCTTCTCCGTGTGGGGTGTA,0,4486752
yahC_predicted,0.25,3,3,TCTTCGTATTGACTTCATGC,0,4479138
yahC_predicted,0.25,3,3,TCTGGTGCCGAAAGGGCTCA,0,4478228
yahC_predicted,0.25,3,3,TCTGCGGAACTAATACTCTG,0,4484257
yahC_predicted,0.25,3,3,TCTGCCAACAAGCCAGTCAC,0,4510464
yahC_predicted,0.25,3,3,TCTCTTCATATCCGGTGAGA,0,4508023
yahC_predicted,0.25,3,3,TCTCTATTTGTATGTGGGTG,0,4478899
yahC_predicted,0.25,3,3,TCTCAAACGGTCGCAATGGC,0,4507528
yahC_predicted,0.25,3,3,TCTAGTACTCCTAAAGATGG,0,4501115
yahC_predicted,0.25,3,3,TCTACGTGGTGCAGGAGATA,0,4485563
yahC_predicted,0.25,3,3,TCTACCAGGTTGTTGAAATA,0,4498829
yahC_predicted,0.25,3,3,TCGTTTTTACCCTGTCTGGT,0,4492291
yahC_predicted,0.25,3,3,TCGTTCGGCGACCTTAGATT,0,4497195
yahC_predicted,0.25,3,3,TCGTCTTCTCACCAGTAGCA,0,4500195
yahC_predicted,0.25,3,3,TCGTATCAGCATTCACAGAT,0,4492782
yahC_predicted,0.25,3,3,TCGGTTGTGAGCCATGACGG,0,4495815
yahC_predicted,0.25,3,3,TCGGCTCTGCACAACGTGTC,0,4493321
yahC_predicted,0.25,3,3,TCGGCTCCACTAAGCATTGG,0,4491069
yahC_predicted,0.25,3,3,TCGCGCTCTCGACCAACGTG,0,4472584
yahC_predicted,0.25,3,3,TCGCAACATGTATAATTATA,0,4477031
yahC_predicted,0.25,3,3,TCGCAACACGGCACTACTCC,0,4485851
yahC_predicted,0.25,3,3,TCGATGTAGAAACTGACTGT,0,4505684
yahC_predicted,0.25,3,3,TCGACTCGCATTCATCCGAG,0,4502013
yahC_predicted,0.25,3,3,TCGACAATGGCGACACCAAT,0,4472854
yahC_predicted,0.25,3,3,TCCTTACAGCCCGCGTTTCC,0,4474010
yahC_predicted,0.25,3,3,TCCTCACAAAAGGCACAGTA,0,4473841
yahC_predicted,0.25,3,3,TCCGTCCAGAGATGCGGTAC,0,4475323
yahC_predicted,0.25,3,3,TCCGTAAAAAGAAGTCCTCG,0,4494188
yahC_predicted,0.25,3,3,TCCGGTTCCTCCACATTGTG,0,4481220
yahC_predicted,0.25,3,3,TCCGGTTCACGGAGAAGGTC,0,4479603
yahC_predicted,0.25,3,3,TCCGGTGTACTGGTAGGCCC,0,4491412
yahC_predicted,0.25,3,3,TCCGGTGGTGCACTAGATGC,0,4505221
yahC_predicted,0.25,3,3,TCCGGAGCTGGATGTAAAGC,0,4495133
yahC_predicted,0.25,3,3,TCCCGTTAGTCGTTGGGACA,0,4496298
yahC_predicted,0.25,3,3,TCCCGCTGGCGCTAAGTAAG,0,4492638
yahC_predicted,0.25,3,3,TCCCATGCGAGCCCTCTCAT,0,4477018
yahC_predicted,0.25,3,3,TCCAACATGGCGGATCAAGC,0,4501405
yahC_predicted,0.25,3,3,TCATTGCCATGCCGCGACAG,0,4482587
yahC_predicted,0.25,3,3,TCATTCCTACGTTCATACGA,0,4485986
yahC_predicted,0.25,3,3,TCATGCGCCTAAGACCTGAG,0,4481221
yahC_predicted,0.25,3,3,TCAGTAGCTAGAAATCCGTA,0,4486661
yahC_predicted,0.25,3,3,TCACGGTCCTAACTCTTGCG,0,4509908
yahC_predicted,0.25,3,3,TCACGGCGTGAGGCGTCTCC,0,4499764
yahC_predicted,0.25,3,3,TATTTTCCTGACGCTCAGCT,0,4485142
yahC_predicted,0.25,3,3,TATTTAGTTCGACTGACTAT,0,4498532
yahC_predicted,0.25,3,3,TATTGTCTGCAGATCTTGGG,0,4500252
yahC_predicted,0.25,3,3,TATGGATCCTGACCGCAGTC,0,4494716
yahC_predicted,0.25,3,3,TATGGAGTCGATCATGCTTA,0,4486336
yahC_predicted,0.25,3,3,TATGCAGCCTGCGTGCCTAC,0,4510137
yahC_predicted,0.25,3,3,TATGCAATCCACCCGTCCGA,0,4481469
yahC_predicted,0.25,3,3,TATCCTCTTGGCTCGGCTCG,0,4485032
yahC_predicted,0.25,3,3,TATCCGCGCCGATTGTGGGG,0,4509924
yahC_predicted,0.25,3,3,TATCACGGTAGGCTCCTCGT,0,4491950
yahC_predicted,0.25,3,3,TATAGTCAGTACATGCTCTT,0,4503646
yahC_predicted,0.25,3,3,TATAGCGTAGTCCTCAAGGT,0,4481230
yahC_predicted,0.25,3,3,TATAACCCGTTGGTTCCTAA,0,4489062
yahC_predicted,0.25,3,3,TAGGACCTCTGGAGAGTAAA,0,4490810
yahC_predicted,0.25,3,3,TAGCTGAACGGAGATCACCC,0,4472822
yahC_predicted,0.25,3,3,TAGCTAGTGATTGGATCTCA,0,4475189
yahC_predicted,0.25,3,3,TAGCTAGGGCGTAAAAGGTA,0,4484526
yahC_predicted,0.25,3,3,TAGCCCACTCTAGGGTCTAG,0,4492007
yahC_predicted,0.25,3,3,TAGCAAATCAGGTCAGGGAA,0,4473697
yahC_predicted,0.25,3,3,TACTTCGGCGGGGTCGTACC,0,4474508
yahC_predicted,0.25,3,3,TACTGGGTGGCTCCAACCAG,0,4492490
yahC_predicted,0.25,3,3,TACTATAGTTATTAACTCAG,0,4506245
yahC_predicted,0.25,3,3,TACTAGTGAGTGTAGGTTAA,0,4505982
yahC_predicted,0.25,3,3,TACGCGGGTATAGAGGTTAC,0,4477488
yahC_predicted,0.25,3,3,TACGCAAACCAGATTCCATT,0,4502861
yahC_predicted,0.25,3,3,TACCGGAGGCCCAAGCCAGC,0,4493150
yahC_predicted,0.25,3,3,TACCGACAGGCTATGAGGGT,0,4494674
yahC_predicted,0.25,3,3,TACCCCCCCCGCTTTCGAAT,0,4496950
yahC_predicted,0.25,3,3,TACATAATAGAATGCCATCA,0,4501551
yahC_predicted,0.25,3,3,TACAGCGGTTCTGTTGACAT,0,4502016
yahC_predicted,0.25,3,3,TACAGATCCGTCCGCGTTTG,0,4505003
yahC_predicted,0.25,3,3,TACACGTCAGCCGAAGTCCG,0,4478312
yahC_predicted,0.25,3,3,TAATGAGCGCACAGTGTCTT,0,4496415
yahC_predicted,0.25,3,3,TAATCGGAAGTAGAAGAATA,0,4505910
yahC_predicted,0.25,3,3,TAATATCCAGACAGAGAGCT,0,4485562
yahC_predicted,0.25,3,3,TAATATAAAGCTAACTCAAA,0,4510162
yahC_predicted,0.25,3,3,TAAGGTATGCCGGGGGGTGA,0,4496874
yahC_predicted,0.25,3,3,TAACGACGTAAGATGTAGTC,0,4499420
yahC_predicted,0.25,3,3,TAACCCCCATGCGGCGCGTA,0,4477130
yahC_predicted,0.25,3,3,TAACATTAAAAAGCCACCGA,0,4485204
yahC_predicted,0.25,3,3,TAACATGGGCGTTCTTAAAG,0,4504550
yahC_predicted,0.25,3,3,TAAAATTAAGCGGCGTTGCA,0,4511736
yahC_predicted,0.25,3,3,GTTTTGGTCCAACTTCTGGA,0,4494195
yahC_predicted,0.25,3,3,GTTTGAGCCCGGGAATGCAT,0,4477840
yahC_predicted,0.25,3,3,GTTTAGTCATCAGTTGTCTT,0,4488189
yahC_predicted,0.25,3,3,GTTGGCTGCTTTAGCTGGGA,0,4509917
yahC_predicted,0.25,3,3,GTTGCAGATCGACGCGAGTC,0,4508142
yahC_predicted,0.25,3,3,GTTCGCAATAAAGCATCCTT,0,4486108
yahC_predicted,0.25,3,3,GTTCGATTAGTTTTCCTCCC,0,4488472
yahC_predicted,0.25,3,3,GTTCCTGTCCGCAGCTAAGG,0,4487953
yahC_predicted,0.25,3,3,GTTCCTAGCCGAGACTGGGA,0,4497444
yahC_predicted,0.25,3,3,GTTATAGGTAGAACTTCCCA,0,4494776
yahC_predicted,0.25,3,3,GTTAGGCCTGTATATTATCG,0,4477178
yahC_predicted,0.25,3,3,GTTAGGAAGACATAGAGGAT,0,4504191
yahC_predicted,0.25,3,3,GTTACATCAGCTAGCAACGC,0,4481775
yahC_predicted,0.25,3,3,GTGTTGCAAATTAGGTCGTA,0,4504520
yahC_predicted,0.25,3,3,GTGTGGGGTAAAGACGTTCA,0,4472638
yahC_predicted,0.25,3,3,GTGTGCTTTCGGGGTTAGGG,0,4510887
yahC_predicted,0.25,3,3,GTGTCTGGCCCAGTTTGGAA,0,4492170
yahC_predicted,0.25,3,3,GTGTCGTGCTTGGGATGAAT,0,4500740
yahC_predicted,0.25,3,3,GTGTAGCCCAAAGGTGCGTG,0,4480723
yahC_predicted,0.25,3,3,GTGTAATGGCCGGCGCACTC,0,4485800
yahC_predicted,0.25,3,3,GTGGGCATTACGCCTAAATG,0,4488690
yahC_predicted,0.25,3,3,GTGGACCGTCGAGTTGGCGC,0,4500650
yahC_predicted,0.25,3,3,GTGCGTTGCCAGAAGATGTG,0,4493727
yahC_predicted,0.25,3,3,GTGCGCTAGAACAAGGCAAG,0,4509045
yahC_predicted,0.25,3,3,GTGCAGATCCGGTAGGCGTG,0,4504728
yahC_predicted,0.25,3,3,GTGCAACTCACCACGCGCCT,0,4509916
yahC_predicted,0.25,3,3,GTGAGGACCCGGGGACGCTC,0,4494995
yahC_predicted,0.25,3,3,GTCTGTTTACTAAACCCTTT,0,4484604
yahC_predicted,0.25,3,3,GTCTGGTTTGCCCGGACCTC,0,4478382
yahC_predicted,0.25,3,3,GTCTGGGGTGGCCTTCAGAA,0,4496220
yahC_predicted,0.25,3,3,GTCTCTTTAGATTAATGTAG,0,4502379
yahC_predicted,0.25,3,3,GTCTCCCTTATCGTGAAAAT,0,4504656
yahC_predicted,0.25,3,3,GTCGTCAGGGTGCATTGGAG,0,4487060
yahC_predicted,0.25,3,3,GTCGAGAATGAAGCCGACTT,0,4507328
yahC_predicted,0.25,3,3,GTCCTTCGGCCGCGTGACTC,0,4485082
yahC_predicted,0.25,3,3,GTCCCCGGTATTTCGGACAG,0,4478079
yahC_predicted,0.25,3,3,GTCCCCCGCTTGGCGTTCAC,0,4505887
yahC_predicted,0.25,3,3,GTCACTAGGGAGGGCGATTT,0,4500028
yahC_predicted,0.25,3,3,GTCACGGGCCGGCATGGAAC,0,4505969
yahC_predicted,0.25,3,3,GTCAACACGTTTCAATATTC,0,4504187
yahC_predicted,0.25,3,3,GTATCTTCGATATAAACGCT,0,4496050
yahC_predicted,0.25,3,3,GTATATCCGGTGGTTCTCTT,0,4473408
yahC_predicted,0.25,3,3,GTATAGGGAGAGAGCGTGCT,0,4491007
yahC_predicted,0.25,3,3,GTATAGATCGTGGGGTAAGT,0,4504693
yahC_predicted,0.25,3,3,GTAGTATTGCCCTGTGACGT,0,4511900
yahC_predicted,0.25,3,3,GTAGGCTGGAAGCTGGATCT,0,4489312
yahC_predicted,0.25,3,3,GTAGCGGAAGGAATGTCCCA,0,4476822
yahC_predicted,0.25,3,3,GTACATTTACTTTCGCAATC,0,4488488
yahC_predicted,0.25,3,3,GTACATATGCAGTTGCAAGT,0,4501373
yahC_predicted,0.25,3,3,GTACAGATTCAGTCTTTCAG,0,4505694
yahC_predicted,0.25,3,3,GTACAATGTGTCCCTTAGAG,0,4475216
yahC_predicted,0.25,3,3,GTAATAGTTTCGCCCCCTCG,0,4490756
yahC_predicted,0.25,3,3,GTAAACTCCTTATCGGCCTG,0,4503460
yahC_predicted,0.25,3,3,GGTTGCAACTGCTCTCCCGG,0,4507024
yahC_predicted,0.25,3,3,GGTGTGTAGGAACGAATCTC,0,4484525
yahC_predicted,0.25,3,3,GGTGAGTTGGTACTGTTAGG,0,4481180
yahC_predicted,0.25,3,3,GGTGAGATAAACATGCATGT,0,4504082
yahC_predicted,0.25,3,3,GGTATTACACGGGGGGAGAT,0,4474620
yahC_predicted,0.25,3,3,GGTAGGAACATTACAATCTT,0,4494266
yahC_predicted,0.25,3,3,GGTAGCTTCCATGTGGGACC,0,4495695
yahC_predicted,0.25,3,3,GGGTTTGGCAGTAAGTGTAA,0,4481542
yahC_predicted,0.25,3,3,GGGTTCTCCCTGATAGCCCC,0,4489435
yahC_predicted,0.25,3,3,GGGTTCCTTTCAAGTCCCAT,0,4488210
yahC_predicted,0.25,3,3,GGGTTAAAAGACAAATTTAG,0,4500054
yahC_predicted,0.25,3,3,GGGTCCCCATCACTCTTACT,0,4497725
yahC_predicted,0.25,3,3,GGGTACTGCTCCATCCTCCT,0,4479487
yahC_predicted,0.25,3,3,GGGGTTCATCGTGGGCACTC,0,4482242
yahC_predicted,0.25,3,3,GGGGTCAGCAGCCCAAGAAT,0,4510535
yahC_predicted,0.25,3,3,GGGCGTCTGAGGTGGCATAA,0,4506400
yahC_predicted,0.25,3,3,GGGCGGGCGCTATTGGCAAT,0,4476412
yahC_predicted,0.25,3,3,GGGCGAAGGTATATACTGGG,0,4481127
yahC_predicted,0.25,3,3,GGGCCGCGAATGAGCATCTA,0,4479692
yahC_predicted,0.25,3,3,GGGCAGGTTTAAGTGGAATC,0,4491235
yahC_predicted,0.25,3,3,GGGAACATGGTCCAGTACCC,0,4495390
yahC_predicted,0.25,3,3,GGCTGCTTGGGGACCTCATC,0,4511892
yahC_predicted,0.25,3,3,GGCTCACACGCTTTGGCGGT,0,4509103
yahC_predicted,0.25,3,3,GGCTAGATGTCCCCGTGGGC,0,4486670
yahC_predicted,0.25,3,3,GGCGTGACGATTACACATAG,0,4474643
yahC_predicted,0.25,3,3,GGCGTAGAAGGTATGCACCT,0,4498849
yahC_predicted,0.25,3,3,GGCGCTAGTTTTTTTATATG,0,4487924
yahC_predicted,0.25,3,3,GGCCTCAAATGTGGTCTGGC,0,4496497
yahC_predicted,0.25,3,3,GGCCGGTTTAGTGTTGATAG,0,4482812
yahC_predicted,0.25,3,3,GGCCGAGGTGCGAGATATGG,0,4481722
yahC_predicted,0.25,3,3,GGCCCTCAAGAGAGGAATCT,0,4511070
yahC_predicted,0.25,3,3,GGCCCATGCATTAAATGCCT,0,4472718
yahC_predicted,0.25,3,3,GGCATGGTGTGAGCGTTCCG,0,4479598
yahC_predicted,0.25,3,3,GGCACCTCGTTAATGCTCAT,0,4484383
yahC_predicted,0.25,3,3,GGATGGTAGTTGGGGACGTC,0,4495965
yahC_predicted,0.25,3,3,GGATCAGGGAATATGGTCAA,0,4477168
yahC_predicted,0.25,3,3,GGATAAGTTTAGCTGAGCCG,0,4492783
yahC_predicted,0.25,3,3,GGAGTTCCATTATGGGACAT,0,4473673
yahC_predicted,0.25,3,3,GGAGGCTTCTTAACGGCCAT,0,4494884
yahC_predicted,0.25,3,3,GGAGCTAGCGGTACCGATGC,0,4494924
yahC_predicted,0.25,3,3,GGAGCCATGCCGCCAATGAT,0,4502225
yahC_predicted,0.25,3,3,GGAGACTGTAACCTGGTTCC,0,4472959
yahC_predicted,0.25,3,3,GGAGACTAGAACTGTGTTCT,0,4502050
yahC_predicted,0.25,3,3,GGACTCGCCGCAAGCCGCAT,0,4510496
yahC_predicted,0.25,3,3,GGACTAAAAACTACGTCATG,0,4472652
yahC_predicted,0.25,3,3,GGACCATAACCAGCGGGGGA,0,4497358
yahC_predicted,0.25,3,3,GGACCAACAATACCACGTCT,0,4493215
yahC_predicted,0.25,3,3,GGACACAAAAGGATGGGCAG,0,4497715
yahC_predicted,0.25,3,3,GGAAGTAAATCGCAGCATCC,0,4484939
yahC_predicted,0.25,3,3,GCTTTGGTCCATCGTAGGAG,0,4494827
yahC_predicted,0.25,3,3,GCTTTCCAAAGGGTCCTCTT,0,4482585
yahC_predicted,0.25,3,3,GCTTGGATCCGAGCGGATCG,0,4489118
yahC_predicted,0.25,3,3,GCTTGCGTAATGCCCGTCTG,0,4502263
yahC_predicted,0.25,3,3,GCTTGAGAGCACTGCTATCT,0,4472714
yahC_predicted,0.25,3,3,GCTGGGGTCTAGATTCTTAT,0,4475305
yahC_predicted,0.25,3,3,GCTGGGCGGGCTAGCTGCCT,0,4489079
yahC_predicted,0.25,3,3,GCTGGGACGCCCCTGGTCTC,0,4488569
yahC_predicted,0.25,3,3,GCTGGCGACTCGCAAATTCG,0,4507885
yahC_predicted,0.25,3,3,GCTGGATTAATTCGGCTCAA,0,4481804
yahC_predicted,0.25,3,3,GCTCTGGGGGGAGGCTGTAG,0,4480454
yahC_predicted,0.25,3,3,GCTCGGCAGCAGTGGTACAT,0,4505257
yahC_predicted,0.25,3,3,GCTCGGCACCATCTTGCAAT,0,4488046
yahC_predicted,0.25,3,3,GCTCGATTCCGACTACCGAA,0,4493406
yahC_predicted,0.25,3,3,GCTATTCTATAGTACCAGAG,0,4473702
yahC_predicted,0.25,3,3,GCTAGTTGACATATATCATA,0,4479940
yahC_predicted,0.25,3,3,GCTACCTACTATGACATGGT,0,4494260
yahC_predicted,0.25,3,3,GCTAAGGTAATGCAGTACCC,0,4504141
yahC_predicted,0.25,3,3,GCTAAAACTATCGAAAGTAA,0,4506004
yahC_predicted,0.25,3,3,GCGTTAGTTAAACCTGATGC,0,4489983
yahC_predicted,0.25,3,3,GCGTGTCACTCCTTCTTACT,0,4484859
yahC_predicted,0.25,3,3,GCGTGACCTCTACATTAGAT,0,4491883
yahC_predicted,0.25,3,3,GCGTCTGGTCTTCCCAACTT,0,4488717
yahC_predicted,0.25,3,3,GCGTCTCGAGGGGTTCATAT,0,4508544
yahC_predicted,0.25,3,3,GCGTCGAAGGGCCTTTAATA,0,4501425
yahC_predicted,0.25,3,3,GCGTCCGGCTGTTTGAATGG,0,4508666
yahC_predicted,0.25,3,3,GCGTCAGGTCAGCAGGCTTT,0,4508085
yahC_predicted,0.25,3,3,GCGTAGCGAGATCTGACGAG,0,4506917
yahC_predicted,0.25,3,3,GCGTACGAGGAGTTTCGTCT,0,4504515
yahC_predicted,0.25,3,3,GCGGGTCTGGAGGATTCATA,0,4501682
yahC_predicted,0.25,3,3,GCGGATGTTGACCCCTTCGC,0,4510941
yahC_predicted,0.25,3,3,GCGGATGTGATGTGTTAGTA,0,4474196
yahC_predicted,0.25,3,3,GCGCTTGCGTTGAAGCCTAC,0,4477146
yahC_predicted,0.25,3,3,GCGCTCGTCGTGTAGACCAG,0,4496653
yahC_predicted,0.25,3,3,GCGCCTTTACCCGAAGGTAA,0,4506588
yahC_predicted,0.25,3,3,GCGATTCAAAGTAGGAACCT,0,4482502
yahC_predicted,0.25,3,3,GCGATATCCCTAACACATAG,0,4498024
yahC_predicted,0.25,3,3,GCGAGATAGACTTTCTTCGC,0,4496665
yahC_predicted,0.25,3,3,GCGAATCCAGCTCAAGTCAT,0,4494359
yahC_predicted,0.25,3,3,GCGAACTAAGGATGGCTTTC,0,4510143
yahC_predicted,0.25,3,3,GCGAACCGTGTGGTACAAAT,0,4488422
yahC_predicted,0.25,3,3,GCCTGCCTAGACCAACGAGT,0,4498629
yahC_predicted,0.25,3,3,GCCTCTGTAATAGTGTGAAC,0,4501833
yahC_predicted,0.25,3,3,GCCTATACAATTAGGAGTTC,0,4504969
yahC_predicted,0.25,3,3,GCCTAACAGGTATTGATTTG,0,4475863
yahC_predicted,0.25,3,3,GCCGTTTGTATAGCAGGTGT,0,4476641
yahC_predicted,0.25,3,3,GCCGGGCAGGTGGTCCATAT,0,4508226
yahC_predicted,0.25,3,3,GCCGGCAATACGGTTTGTAT,0,4509677
yahC_predicted,0.25,3,3,GCCGCCCTAATACGAAGGTC,0,4490417
yahC_predicted,0.25,3,3,GCCGACTTGCAGCTCGCCAA,0,4490686
yahC_predicted,0.25,3,3,GCCCGGCAAGTTTTTGAGGT,0,4510435
yahC_predicted,0.25,3,3,GCCCGGAGCTTATTGTGGCG,0,4473701
yahC_predicted,0.25,3,3,GCCCACGAACGTCTCCTTAG,0,4500214
yahC_predicted,0.25,3,3,GCCCAAATGCATTAGTGACT,0,4507715
yahC_predicted,0.25,3,3,GCCATAAAAATTTAAGACCA,0,4502543
yahC_predicted,0.25,3,3,GCCAACCCACGAGTGGTGTA,0,4511941
yahC_predicted,0.25,3,3,GCATTCCTAAGCGGGCTCTT,0,4510913
yahC_predicted,0.25,3,3,GCATGTACGTCCGGGCGGTA,0,4485437
yahC_predicted,0.25,3,3,GCATGCTGTTAGTAGCCTCC,0,4475846
yahC_predicted,0.25,3,3,GCATCGCCCCGAGATCATTA,0,4473526
yahC_predicted,0.25,3,3,GCATATGTATGAAAGCTTCC,0,4477652
yahC_predicted,0.25,3,3,GCAGTTCAGAGTTACATGAG,0,4474977
yahC_predicted,0.25,3,3,GCAGTCTCTTAGGTCACTCT,0,4495748
yahC_predicted,0.25,3,3,GCAGCCCAGGTGTGATTTGA,0,4483671
yahC_predicted,0.25,3,3,GCAGATAGCTTTCGTTTAAA,0,4492256
yahC_predicted,0.25,3,3,GCAGAGCGTCTACAACTCGT,0,4507518
yahC_predicted,0.25,3,3,GCACGAGCTAACAGGTTTAA,0,4510260
yahC_predicted,0.25,3,3,GCAATTCTTTTTACATCTAG,0,4508900
yahC_predicted,0.25,3,3,GCAATAATATGTACCACGCC,0,4507376
yahC_predicted,0.25,3,3,GCAACGAGATCGTAGTAAAC,0,4495660
yahC_predicted,0.25,3,3,GCAAACCTAAGCGGATTCAT,0,4482370
yahC_predicted,0.25,3,3,GATTATCGGGCATGGATTTT,0,4505846
yahC_predicted,0.25,3,3,GATGTACCACTTGGGGGTAT,0,4504079
yahC_predicted,0.25,3,3,GATGGTCCGGCAGAATCCCG,0,4505259
yahC_predicted,0.25,3,3,GATGACGCCCGTGGCTTCGA,0,4474061
yahC_predicted,0.25,3,3,GATGACAGAGCGCTCACTCT,0,4506537
yahC_predicted,0.25,3,3,GATCCACTTCACGGAACTCA,0,4497692
yahC_predicted,0.25,3,3,GATCAACCAGCACAGCGAAT,0,4479240
yahC_predicted,0.25,3,3,GATATGTGAAGAAAGCGTTA,0,4487048
yahC_predicted,0.25,3,3,GATACCTCTGATTTTATGTC,0,4484842
yahC_predicted,0.25,3,3,GATACATCCCTCACCCCTGC,0,4478678
yahC_predicted,0.25,3,3,GAGTTGAGCTCGGATGATCT,0,4500224
yahC_predicted,0.25,3,3,GAGTGTCTTCTCTCAAGGTT,0,4491902
yahC_predicted,0.25,3,3,GAGTGTATCTCTATTGGCGG,0,4499877
yahC_predicted,0.25,3,3,GAGTATTTTCACAAATCACT,0,4507115
yahC_predicted,0.25,3,3,GAGTAACACTCTATTGTCCC,0,4477597
yahC_predicted,0.25,3,3,GAGTAAATAGAACGCTTCGA,0,4502242
yahC_predicted,0.25,3,3,GAGGGACGGAAGATGTGAGT,0,4504974
yahC_predicted,0.25,3,3,GAGGCGCAGCTTCAAAGGTA,0,4491121
yahC_predicted,0.25,3,3,GAGGCCAATCTCGACCGTCA,0,4496834
yahC_predicted,0.25,3,3,GAGGATCCAGCCGACATCCC,0,4495549
yahC_predicted,0.25,3,3,GAGCTTCCAAGGATTACCCA,0,4507360
yahC_predicted,0.25,3,3,GAGCGTTTTCCGACGCCGCT,0,4478659
yahC_predicted,0.25,3,3,GAGCGTCAGTGTGCTTGTGT,0,4501643
yahC_predicted,0.25,3,3,GAGCGTATTGCGTACATTAT,0,4480326
yahC_predicted,0.25,3,3,GAGCGGAGTCTAAGTGTGAA,0,4474642
yahC_predicted,0.25,3,3,GAGCCTTCAGGTTTGGAGAG,0,4510925
yahC_predicted,0.25,3,3,GAGAGCGACGATCTCATCCT,0,4487858
yahC_predicted,0.25,3,3,GAGAACACGAGACGAGACAT,0,4481515
yahC_predicted,0.25,3,3,GACTGGTATAGTATGTATTC,0,4477368
yahC_predicted,0.25,3,3,GACTGAATACGCGTGAGTGA,0,4507340
yahC_predicted,0.25,3,3,GACTCTAAAATTTTATAGAA,0,4489515
yahC_predicted,0.25,3,3,GACTAACTCACGCTTATCCC,0,4501725
yahC_predicted,0.25,3,3,GACGTTAAACTGTCAGAGTC,0,4496623
yahC_predicted,0.25,3,3,GACGTAAGCTCGGCGGGATG,0,4481638
yahC_predicted,0.25,3,3,GACGGGTATCCTCTTCCAGG,0,4510785
yahC_predicted,0.25,3,3,GACGCTCGATTCTCTGTACA,0,4494741
yahC_predicted,0.25,3,3,GACGCCGGGAATTTGATTCA,0,4503984
yahC_predicted,0.25,3,3,GACGCCATATAACAAAGGCT,0,4480598
yahC_predicted,0.25,3,3,GACGATGGCGACTGTGTACG,0,4511815
yahC_predicted,0.25,3,3,GACCCTTAAGGGTCCCGTCG,0,4511505
yahC_predicted,0.25,3,3,GACCCCATGGAATTGTGGAT,0,4505566
yahC_predicted,0.25,3,3,GACCATAAGCTCTGCGAATA,0,4485561
yahC_predicted,0.25,3,3,GACATCTCTGGTTAGGGTGC,0,4482497
yahC_predicted,0.25,3,3,GAATTAGCACGCCAAGGGGG,0,4474154
yahC_predicted,0.25,3,3,GAATGGGGGGTACATCAGCT,0,4488837
yahC_predicted,0.25,3,3,GAATGGCACAGCTCAGTGAA,0,4499226
yahC_predicted,0.25,3,3,GAATGCAGCGCGTCCTCCCG,0,4496495
yahC_predicted,0.25,3,3,GAAGTAGGATAGGGGGCAGA,0,4504469
yahC_predicted,0.25,3,3,GAAGGTTCACTCGTGCATTG,0,4474607
yahC_predicted,0.25,3,3,GAAGATTAGAAAGTGCGACA,0,4479341
yahC_predicted,0.25,3,3,GAACGTACAGGCGCGGTAAT,0,4494058
yahC_predicted,0.25,3,3,GAAATAAGTAGGCACATCTT,0,4501721
yahC_predicted,0.25,3,3,GAAAGTCGGCAGTACGGCTA,0,4498941
yahC_predicted,0.25,3,3,GAAACGATGCAGATGAGTCG,0,4480797
yahC_predicted,0.25,3,3,GAAAATTTTTAATAGGATAC,0,4507442
yahC_predicted,0.25,3,3,CTTTGATACCGGCCCAGTCA,0,4488402
yahC_predicted,0.25,3,3,CTTTCATTTGTTCATGGTAA,0,4498015
yahC_predicted,0.25,3,3,CTTGTGGAGACATAGTATTG,0,4502887
yahC_predicted,0.25,3,3,CTTGTACGTTTCAGGATTTG,0,4510071
yahC_predicted,0.25,3,3,CTTGTAACTTTGGATCGGGG,0,4510653
yahC_predicted,0.25,3,3,CTTGGTTGACCGTCGAGGTA,0,4502388
yahC_predicted,0.25,3,3,CTTGGCCTAGCACTTGGTAG,0,4479748
yahC_predicted,0.25,3,3,CTTGCTTAGATACATTAGCG,0,4506539
yahC_predicted,0.25,3,3,CTTGCATGTATGATTGTGGT,0,4483202
yahC_predicted,0.25,3,3,CTTCCTCTGTACACAAAGAT,0,4511208
yahC_predicted,0.25,3,3,CTTCCGTGCGCGCCGATGAC,0,4483231
yahC_predicted,0.25,3,3,CTTCACGTAGATGTCTTACG,0,4478964
yahC_predicted,0.25,3,3,CTTATTCGGTTTTCGCGGAT,0,4477147
yahC_predicted,0.25,3,3,CTTATGGCCTGCACGGGTAA,0,4503549
yahC_predicted,0.25,3,3,CTTAGCGCTACAACTTGCTT,0,4488545
yahC_predicted,0.25,3,3,CTTACTCTTTGGGTCATATG,0,4508520
yahC_predicted,0.25,3,3,CTTAAAATTATTTCGGGTTA,0,4507416
yahC_predicted,0.25,3,3,CTGTTGTAGACGGCGTCGTC,0,4489457
yahC_predicted,0.25,3,3,CTGTTGCCTCCAACGTTTGC,0,4484740
yahC_predicted,0.25,3,3,CTGTTACGTGAAGAGCTTCC,0,4502936
yahC_predicted,0.25,3,3,CTGTCTTCAAGTAATTGTGG,0,4506696
yahC_predicted,0.25,3,3,CTGTAGTCAACGCACCCCAC,0,4508546
yahC_predicted,0.25,3,3,CTGGTTGTACGTTTCTTAAA,0,4472475
yahC_predicted,0.25,3,3,CTGGGGCATCATTCAACCAA,0,4486414
yahC_predicted,0.25,3,3,CTGGGCAGCCAGTATAGGTC,0,4497836
yahC_predicted,0.25,3,3,CTGGCTCCCGTATGTCGTTG,0,4494129
yahC_predicted,0.25,3,3,CTGGCAGGCTTAGCTTATAT,0,4477669
yahC_predicted,0.25,3,3,CTGAGTAAGGTGGGGAGGGA,0,4495945
yahC_predicted,0.25,3,3,CTGACGATCGGACTTCTCCA,0,4479509
yahC_predicted,0.25,3,3,CTGAATACTCGACGGTCGGG,0,4478710
yahC_predicted,0.25,3,3,CTCTTGAGGAGAAAATGTCA,0,4504190
yahC_predicted,0.25,3,3,CTCTTATTACTTAAATCAAG,0,4501947
yahC_predicted,0.25,3,3,CTCTGCTGGGTATAGTACCT,0,4492142
yahC_predicted,0.25,3,3,CTCTGACGCGGGGCTCTGAC,0,4474245
yahC_predicted,0.25,3,3,CTCTCTTATTTGTATGTGTA,0,4483496
yahC_predicted,0.25,3,3,CTCTAAGATAAGGCTCCGAG,0,4497593
yahC_predicted,0.25,3,3,CTCTAAGAATCATTGTCAAT,0,4483285
yahC_predicted,0.25,3,3,CTCGTTCAGATCTCATAGTG,0,4495024
yahC_predicted,0.25,3,3,CTCGGCTGCGTGTTATCACC,0,4492436
yahC_predicted,0.25,3,3,CTCGCTGAATCTGCTCACTA,0,4493709
yahC_predicted,0.25,3,3,CTCCCTTATATGAGGTGCAG,0,4507971
yahC_predicted,0.25,3,3,CTCACCAGTGATCTGGGGGG,0,4482706
yahC_predicted,0.25,3,3,CTCACAGGCATTGGCGGCAA,0,4487891
yahC_predicted,0.25,3,3,CTCAAAACGATTCTAGAACT,0,4504186
yahC_predicted,0.25,3,3,CTAGTGGGAGCGGCCAGAGA,0,4487150
yahC_predicted,0.25,3,3,CTAGTCTCAGATCGAGCGTA,0,4477340
yahC_predicted,0.25,3,3,CTAGTCGTAGCTCGTCTACC,0,4480599
yahC_predicted,0.25,3,3,CTAGGTGGACAAACAGAGAT,0,4483561
yahC_predicted,0.25,3,3,CTAGGCTGGTGTTCAAGTTG,0,4505812
yahC_predicted,0.25,3,3,CTAGGAGGGAGCACTCACGT,0,4500961
yahC_predicted,0.25,3,3,CTAGCTTCTCACCCGGTATC,0,4498155
yahC_predicted,0.25,3,3,CTAGCCAACTTTTTTAAGGG,0,4489324
yahC_predicted,0.25,3,3,CTACGTAAAGCCTGTTCGGA,0,4511255
yahC_predicted,0.25,3,3,CTACCAGTATCCAGCAATAG,0,4503032
yahC_predicted,0.25,3,3,CTACCAATCGGGCAGTCAGG,0,4482798
yahC_predicted,0.25,3,3,CGTTGGCGGAGGGCGGGGTG,0,4498162
yahC_predicted,0.25,3,3,CGTTCGGGAATTACCAGGTC,0,4484614
yahC_predicted,0.25,3,3,CGTGTTTAGACGCTGTTTTA,0,4498011
yahC_predicted,0.25,3,3,CGTGTCATGATTGGTGCTGT,0,4506460
yahC_predicted,0.25,3,3,CGTGTAAGTCCTATGACCGA,0,4504804
yahC_predicted,0.25,3,3,CGTGGGTCCAAGACATTAGT,0,4502869
yahC_predicted,0.25,3,3,CGTGGACGGGAGACTTGCAC,0,4476497
yahC_predicted,0.25,3,3,CGTGAGATCTGCGCGCACCA,0,4474555
yahC_predicted,0.25,3,3,CGTCGCTTGCAGGATCCCTC,0,4481581
yahC_predicted,0.25,3,3,CGTCGCCGCATAGGCTAGCC,0,4474871
yahC_predicted,0.25,3,3,CGTCCATGAAAACATACCAT,0,4477400
yahC_predicted,0.25,3,3,CGTATGATGGGAATAACAAC,0,4493136
yahC_predicted,0.25,3,3,CGTAGAATTAGGTAGGGGAT,0,4484237
yahC_predicted,0.25,3,3,CGTACTTCGATCCCTGGATC,0,4485128
yahC_predicted,0.25,3,3,CGTAATTCTAGGCCGTGCCA,0,4510106
yahC_predicted,0.25,3,3,CGTAAATGTGTTCATCGAGT,0,4507289
yahC_predicted,0.25,3,3,CGGTTTTCGATGCTATGAAA,0,4493956
yahC_predicted,0.25,3,3,CGGTTCGGTCCGATACTCCG,0,4504335
yahC_predicted,0.25,3,3,CGGTGAGTAGGCGGGATGAT,0,4500845
yahC_predicted,0.25,3,3,CGGTCTCGCTCATGTCGCTC,0,4494731
yahC_predicted,0.25,3,3,CGGGTTTTCCACGAGCTGTA,0,4478469
yahC_predicted,0.25,3,3,CGGGTTTGGAGAAACGTAAG,0,4510217
yahC_predicted,0.25,3,3,CGGGTGTACAATCGTGCTCT,0,4484700
yahC_predicted,0.25,3,3,CGGGGGACTCAGAAACAAAT,0,4495122
yahC_predicted,0.25,3,3,CGGGGCAACTAGGTTTGGGG,0,4503946
yahC_predicted,0.25,3,3,CGGGGAAGAGGTAGAACCAA,0,4492203
yahC_predicted,0.25,3,3,CGGGCCGCCGGAAAGATTGA,0,4492795
yahC_predicted,0.25,3,3,CGGCGTCCGTCCGAGTCCCG,0,4498483
yahC_predicted,0.25,3,3,CGGCCCGTTCTGGTGAAGAC,0,4482394
yahC_predicted,0.25,3,3,CGGCCAGTATATGGTTTGCT,0,4480999
yahC_predicted,0.25,3,3,CGGATTTCTTGACCTGCGCA,0,4483405
yahC_predicted,0.25,3,3,CGGAGCCTACACCATTGATC,0,4487260
yahC_predicted,0.25,3,3,CGCTGCATCCGAAGCCTCCT,0,4482754
yahC_predicted,0.25,3,3,CGCTCCGCCGTACCGCCAAG,0,4511327
yahC_predicted,0.25,3,3,CGCTATAAGGCTAAAGACCG,0,4493781
yahC_predicted,0.25,3,3,CGCGTGCAGGATCAGTCCCT,0,4510882
yahC_predicted,0.25,3,3,CGCGTAGTGCCCCGTACATT,0,4480823
yahC_predicted,0.25,3,3,CGCGGTAGAGGCTATTGCAA,0,4490482
yahC_predicted,0.25,3,3,CGCGGAATGTCTTATGTCGC,0,4494567
yahC_predicted,0.25,3,3,CGCGCAACAGATCTGTCCGT,0,4498870
yahC_predicted,0.25,3,3,CGCGAAGAGTAGAATGTTTT,0,4484295
yahC_predicted,0.25,3,3,CGCCTAGGCTGGGCCATATA,0,4500696
yahC_predicted,0.25,3,3,CGCCGGCGGGCACGCATTCC,0,4488694
yahC_predicted,0.25,3,3,CGCCGCTATCGGTTTAGTCA,0,4481993
yahC_predicted,0.25,3,3,CGCCCACCTTCGCTTCACAC,0,4484442
yahC_predicted,0.25,3,3,CGCCACTCCCGATGGATCAC,0,4484877
yahC_predicted,0.25,3,3,CGCATATTCGGGTCACCCGA,0,4493735
yahC_predicted,0.25,3,3,CGCAGTTTGCCGTTAAGTCG,0,4500616
yahC_predicted,0.25,3,3,CGCACTTACCATTGCGCCCT,0,4477504
yahC_predicted,0.25,3,3,CGCAAGGTGTACGTCCCCGA,0,4503906
yahC_predicted,0.25,3,3,CGATGACTCTAAGGTACCGG,0,4503103
yahC_predicted,0.25,3,3,CGATAGTGAATAGGTTACGG,0,4474991
yahC_predicted,0.25,3,3,CGAGGTCCTTAAGCGGCTAA,0,4483867
yahC_predicted,0.25,3,3,CGAGAATCTGGTCACGCCGG,0,4478232
yahC_predicted,0.25,3,3,CGACGCTTCACTCGATATAA,0,4477253
yahC_predicted,0.25,3,3,CGACCTGCAATCCCTATTCT,0,4505744
yahC_predicted,0.25,3,3,CGACAGTGAATCACCTGGGA,0,4511368
yahC_predicted,0.25,3,3,CGAATATAGTTAGACACCGT,0,4483136
yahC_predicted,0.25,3,3,CGAATATAGGGCTTGGGTCA,0,4486205
yahC_predicted,0.25,3,3,CGAATAGTCTACTACACCCT,0,4511335
yahC_predicted,0.25,3,3,CGAAGGATTAGCAGCGCTCT,0,4474447
yahC_predicted,0.25,3,3,CGAAGCCACTCGCTCGTAGC,0,4477994
yahC_predicted,0.25,3,3,CCTTTATATAAGATCATTTC,0,4491509
yahC_predicted,0.25,3,3,CCTTCGGACTATCAGCGAGC,0,4498821
yahC_predicted,0.25,3,3,CCTTATACTGGTTCTCAGTC,0,4473630
yahC_predicted,0.25,3,3,CCTTAGAGCTAGACCCGGAT,0,4507484
yahC_predicted,0.25,3,3,CCTGGAGTTATCGGGAGAGA,0,4496846
yahC_predicted,0.25,3,3,CCTGCGTGTATGAACTAGAA,0,4500345
yahC_predicted,0.25,3,3,CCTGAATCAGATGGCTCGGC,0,4508525
yahC_predicted,0.25,3,3,CCTCTTGGGTCTTTTAGTGA,0,4492438
yahC_predicted,0.25,3,3,CCTCGGTAGAGTCCCGCCAG,0,4497816
yahC_predicted,0.25,3,3,CCTCACAAGCTAGGTCCGCG,0,4477709
yahC_predicted,0.25,3,3,CCTCAAGCGACCGTTTAGGA,0,4498095
yahC_predicted,0.25,3,3,CCTAGGTGGGTCAAGGCGTT,0,4511903
yahC_predicted,0.25,3,3,CCTAAAGTTCCATGCGAAAC,0,4506375
yahC_predicted,0.25,3,3,CCGTTCCTGCTAACCATCCG,0,4495823
yahC_predicted,0.25,3,3,CCGTTATGTCGGGGATCGAA,0,4472462
yahC_predicted,0.25,3,3,CCGTGGCGCGCAAAAGATGG,0,4475036
yahC_predicted,0.25,3,3,CCGTGCATCTCTGGTGTATG,0,4477797
yahC_predicted,0.25,3,3,CCGTCGCATAATTGTACTAA,0,4507478
yahC_predicted,0.25,3,3,CCGTAATAAACCGCGGAGCC,0,4488394
yahC_predicted,0.25,3,3,CCGTAAACTCCACCCGTTCC,0,4496027
yahC_predicted,0.25,3,3,CCGGTGCCAGGGTATGGCTC,0,4475871
yahC_predicted,0.25,3,3,CCGGGAGAATGGGAAACCTC,0,4493887
yahC_predicted,0.25,3,3,CCGGCCGCAGGTTTTTGAAA,0,4498140
yahC_predicted,0.25,3,3,CCGGCACGGGCGTAAAGTTA,0,4501137
yahC_predicted,0.25,3,3,CCGGACGGTTAATGGTTATT,0,4496461
yahC_predicted,0.25,3,3,CCGGACATGCTTCGAACCAA,0,4486225
yahC_predicted,0.25,3,3,CCGCGACGGAGGCTCGGCGG,0,4472665
yahC_predicted,0.25,3,3,CCGCATGTGGTAAGCTGGAG,0,4509150
yahC_predicted,0.25,3,3,CCGATTGTGCACAGTACATC,0,4487037
yahC_predicted,0.25,3,3,CCGAGGAGACAGTCATTTAC,0,4505163
yahC_predicted,0.25,3,3,CCGACACTACCTACGTTGCC,0,4496593
yahC_predicted,0.25,3,3,CCGAATCACTTACGGAATAC,0,4487636
yahC_predicted,0.25,3,3,CCGAACCCATTCTCAGCAAG,0,4502993
yahC_predicted,0.25,3,3,CCGAAATAACAGTAGTACCG,0,4494584
yahC_predicted,0.25,3,3,CCCTTTTGGAATCAGGGGCT,0,4473293
yahC_predicted,0.25,3,3,CCCTTTTAATAAGCATTGAG,0,4503961
yahC_predicted,0.25,3,3,CCCTTCGCATACCACCGGTT,0,4490234
yahC_predicted,0.25,3,3,CCCTAATGCTTACTCGATTG,0,4493199
yahC_predicted,0.25,3,3,CCCGGTATTGACTCACTATC,0,4494467
yahC_predicted,0.25,3,3,CCCCGGTTACTGTAAATGGG,0,4494877
yahC_predicted,0.25,3,3,CCCCGCAGGAACCTTGTCAT,0,4481411
yahC_predicted,0.25,3,3,CCCCACGAGGACTTTCTTGC,0,4487490
yahC_predicted,0.25,3,3,CCCATGCTGCCACGAGAAAC,0,4500896
yahC_predicted,0.25,3,3,CCCAGACTGGGGCTCAGAGA,0,4481073
yahC_predicted,0.25,3,3,CCCACCTTTTGCATGTATGC,0,4497462
yahC_predicted,0.25,3,3,CCCAACGCACAACGGTACGG,0,4505837
yahC_predicted,0.25,3,3,CCCAAAGTCTAGTTACGCGT,0,4492328
yahC_predicted,0.25,3,3,CCATGGGATCTTGCGGAATT,0,4482159
yahC_predicted,0.25,3,3,CCATGCGTCTTCGGCCACAG,0,4501606
yahC_predicted,0.25,3,3,CCATGCCCAAATTCCTATGT,0,4480601
yahC_predicted,0.25,3,3,CCATCGAAATTATAATACCT,0,4487376
yahC_predicted,0.25,3,3,CCATCCTTTATCGAGTGGTA,0,4473007
yahC_predicted,0.25,3,3,CCAGTCTACTCGTGCCCCGT,0,4489974
yahC_predicted,0.25,3,3,CCAGTCAAATGCTCCCTTCA,0,4502977
yahC_predicted,0.25,3,3,CCAGGGCGTCCACAATATCG,0,4496942
yahC_predicted,0.25,3,3,CCAGGCCCATTGGGCGGTCT,0,4503668
yahC_predicted,0.25,3,3,CCAGCCAAAAAAAACCCCCC,0,4477868
yahC_predicted,0.25,3,3,CCACTCAGCTCTGACACCGA,0,4472497
yahC_predicted,0.25,3,3,CCAACTTTAAGGGATTCACT,0,4508186
yahC_predicted,0.25,3,3,CCAACGGGGGATATTAGGCA,0,4480795
yahC_predicted,0.25,3,3,CCAAATGTAGCGAAACTGTG,0,4493252
yahC_predicted,0.25,3,3,CCAAAGAAACCCATGCATTA,0,4479174
yahC_predicted,0.25,3,3,CATTTGCTAGGGTGGGCGCC,0,4504044
yahC_predicted,0.25,3,3,CATTCTATTACGCTGCAGGC,0,4484286
yahC_predicted,0.25,3,3,CATTACACTTAACCGGGATG,0,4479219
yahC_predicted,0.25,3,3,CATGTTGGCGTCCTTTATTC,0,4505048
yahC_predicted,0.25,3,3,CATGTGCGCTGAATCGGCTA,0,4497511
yahC_predicted,0.25,3,3,CATGCGAAGGCGTCCAACTC,0,4492159
yahC_predicted,0.25,3,3,CATGCATGGTGTCCGATCCA,0,4492372
yahC_predicted,0.25,3,3,CATCCTCTGTCGAGTGAACT,0,4486886
yahC_predicted,0.25,3,3,CATCAATGCGTTGCTAACCA,0,4479244
yahC_predicted,0.25,3,3,CAGTCGGCAGGCGACCAAGA,0,4483794
yahC_predicted,0.25,3,3,CAGGTTTAGTGTCTTACGTC,0,4489225
yahC_predicted,0.25,3,3,CAGGTTAAATCTGACCAGGC,0,4508535
yahC_predicted,0.25,3,3,CAGGTGTCAGCGTTTCTGGC,0,4510872
yahC_predicted,0.25,3,3,CAGGTAGTCGTTGGTTACTG,0,4511445
yahC_predicted,0.25,3,3,CAGGTAGCTATAGGCAGACT,0,4482805
yahC_predicted,0.25,3,3,CAGGGGCAGGGGGTATGCGG,0,4510609
yahC_predicted,0.25,3,3,CAGGATTGCCACGCGAGCAA,0,4473807
yahC_predicted,0.25,3,3,CAGGACGGAGGCCGGGACCA,0,4487512
yahC_predicted,0.25,3,3,CAGCTTAGTGGCATCAATGT,0,4496547
yahC_predicted,0.25,3,3,CAGCTCAGAACGTTTCGAGA,0,4480217
yahC_predicted,0.25,3,3,CAGCGTGTGAAACCCGTGTA,0,4486304
yahC_predicted,0.25,3,3,CAGCGGACGTCGTGGTTGAA,0,4497385
yahC_predicted,0.25,3,3,CAGCCTCTTGCCAGGGGGAT,0,4472939
yahC_predicted,0.25,3,3,CAGCAGCGATCTCCTTTACC,0,4487314
yahC_predicted,0.25,3,3,CAGCAGCCTGTGTGCTTAAC,0,4488494
yahC_predicted,0.25,3,3,CAGATGATGTTGATGCTCTT,0,4473962
yahC_predicted,0.25,3,3,CAGACTCGGGATCGGTAAAT,0,4478956
yahC_predicted,0.25,3,3,CAGACAGGATGGATTGGATG,0,4481699
yahC_predicted,0.25,3,3,CAGAAGAGAGGACCTGGTTC,0,4496106
yahC_predicted,0.25,3,3,CAGAAGAACTGGTTCGCTTT,0,4489178
yahC_predicted,0.25,3,3,CAGAACTCGGCTCAACTAGA,0,4473357
yahC_predicted,0.25,3,3,CAGAAATGTGCGTTATCGAA,0,4480175
yahC_predicted,0.25,3,3,CACTTCACTTAACGCCTCAC,0,4503924
yahC_predicted,0.25,3,3,CACTGAAACCCCGCCGATCC,0,4504028
yahC_predicted,0.25,3,3,CACTCCCTGATAAAGGGTCA,0,4482221
yahC_predicted,0.25,3,3,CACGTTTGACACGTATTAGG,0,4497071
yahC_predicted,0.25,3,3,CACGCTGCTCCGGCGCTTTA,0,4484975
yahC_predicted,0.25,3,3,CACGAATCGGTCACTCGAAT,0,4482002
yahC_predicted,0.25,3,3,CACCTGCGCTGATGACGATG,0,4507490
yahC_predicted,0.25,3,3,CACCTCTCCTGACCCTATCG,0,4475612
yahC_predicted,0.25,3,3,CACCCTTCCACAGGACAATG,0,4479238
yahC_predicted,0.25,3,3,CACCCGCTTCGTCCTGAATC,0,4501600
yahC_predicted,0.25,3,3,CACAGGATACCTCATGTTCC,0,4510735
yahC_predicted,0.25,3,3,CACAAGAAGGATCTATCCGC,0,4506421
yahC_predicted,0.25,3,3,CACAACGGGGTGAACTGTCT,0,4487584
yahC_predicted,0.25,3,3,CAATCGGGTCTTGATGATTC,0,4501614
yahC_predicted,0.25,3,3,CAATCCGTTACAGTTCAGCG,0,4504622
yahC_predicted,0.25,3,3,CAACGATGACTGGCTAGGAT,0,4482609
yahC_predicted,0.25,3,3,CAACCTGCGGCCGACTGCCA,0,4476044
yahC_predicted,0.25,3,3,CAACCGTAGGCTCTGCTATG,0,4506211
yahC_predicted,0.25,3,3,CAACCGATGTACGAAGAGTA,0,4509800
yahC_predicted,0.25,3,3,CAAATGCAGGCGTGACATAA,0,4496974
yahC_predicted,0.25,3,3,CAAACAGCGAGGTATAATCT,0,4487378
yahC_predicted,0.25,3,3,CAAAATGCTAGCAAGGAACG,0,4499786
yahC_predicted,0.25,3,3,ATTTTGTTTGGGCCTATGTT,0,4474212
yahC_predicted,0.25,3,3,ATTTTAGTGAGCGATGTCCT,0,4495083
yahC_predicted,0.25,3,3,ATTTCTTCGGGTGCACAGTT,0,4498634
yahC_predicted,0.25,3,3,ATTTCATGTCCCCAGATAAA,0,4486581
yahC_predicted,0.25,3,3,ATTTATGTTCTCTTATGTAT,0,4484967
yahC_predicted,0.25,3,3,ATTTATACGCGCCTATGATG,0,4490706
yahC_predicted,0.25,3,3,ATTTAGGTCACCGCTGTTGA,0,4497265
yahC_predicted,0.25,3,3,ATTTAACGTCGATCTACGAA,0,4502117
yahC_predicted,0.25,3,3,ATTGGTCATTTCTGCGCTAG,0,4492144
yahC_predicted,0.25,3,3,ATTGGCGGTTTACTTTATGA,0,4476755
yahC_predicted,0.25,3,3,ATTGCCCGTGGCAAAGCTCG,0,4483081
yahC_predicted,0.25,3,3,ATTCTCGCCGTTAAGGACGA,0,4502221
yahC_predicted,0.25,3,3,ATTCGTAAGACTACACGCGG,0,4500976
yahC_predicted,0.25,3,3,ATTCGGTACGATCCCAAATG,0,4491573
yahC_predicted,0.25,3,3,ATTCGGGTTCTTCTCGGAAT,0,4509023
yahC_predicted,0.25,3,3,ATTCCGCTATCATATCCGGA,0,4499029
yahC_predicted,0.25,3,3,ATTCCACCGGGAGCTTCACA,0,4494630
yahC_predicted,0.25,3,3,ATTATAGGATAGGGATCCCT,0,4492346
yahC_predicted,0.25,3,3,ATTACCCGACGTGTTCAACT,0,4511302
yahC_predicted,0.25,3,3,ATTAATTGTACGCTTGAATA,0,4511668
yahC_predicted,0.25,3,3,ATTAAAAAACTGGCGTCCCT,0,4472940
yahC_predicted,0.25,3,3,ATGTTGAGATATGTTATGCA,0,4503901
yahC_predicted,0.25,3,3,ATGTGAAACGCCGCACAACA,0,4500934
yahC_predicted,0.25,3,3,ATGTCTCCTTGCTTGTTGGC,0,4497333
yahC_predicted,0.25,3,3,ATGTAATCAGGGCACTTTGT,0,4491001
yahC_predicted,0.25,3,3,ATGGTGTGACTTACCTAATT,0,4482537
yahC_predicted,0.25,3,3,ATGGGGTCGCTCCAGCCAGT,0,4500328
yahC_predicted,0.25,3,3,ATGGGGTCGCAGCTCGTAAA,0,4511363
yahC_predicted,0.25,3,3,ATGGGGGTGCAACGCGGTAA,0,4505838
yahC_predicted,0.25,3,3,ATGGCTGTCGTATCGATCAA,0,4480119
yahC_predicted,0.25,3,3,ATGCTTGGGTAGGGCGCTGG,0,4477391
yahC_predicted,0.25,3,3,ATGCTGTGATGCCTCCGGGT,0,4477997
yahC_predicted,0.25,3,3,ATGCTGTCAACTTAAAACCC,0,4483503
yahC_predicted,0.25,3,3,ATGCTCTTCTCCAGTCGTCA,0,4483943
yahC_predicted,0.25,3,3,ATGCTCAACCGAAGGGCGCC,0,4510166
yahC_predicted,0.25,3,3,ATGCTAAAGCCATTAAACTC,0,4480108
yahC_predicted,0.25,3,3,ATGCGGATCCGGAAGCAACT,0,4508443
yahC_predicted,0.25,3,3,ATGCGGACACTGCTAGGGGT,0,4504942
yahC_predicted,0.25,3,3,ATGCATCTCCCCTCAGCCAG,0,4500582
yahC_predicted,0.25,3,3,ATGCAGCTCTTAGGGCGGTA,0,4509187
yahC_predicted,0.25,3,3,ATGCAGCTCGAGTTGACGTT,0,4488410
yahC_predicted,0.25,3,3,ATGATATGACAGGTTATTCT,0,4507656
yahC_predicted,0.25,3,3,ATGAGCACTGACTAGAAAGT,0,4476453
yahC_predicted,0.25,3,3,ATGAAGCACGCCCCTACCTT,0,4498749
yahC_predicted,0.25,3,3,ATCTCTCCAGAAAGACCTAT,0,4475915
yahC_predicted,0.25,3,3,ATCTCGAAGTGTATATATTT,0,4487467
yahC_predicted,0.25,3,3,ATCTCCGTGTTCGGTGGGAC,0,4498812
yahC_predicted,0.25,3,3,ATCTATGGTGTATTTAGCAA,0,4483532
yahC_predicted,0.25,3,3,ATCGGGCGGCTTCACGTTAG,0,4500536
yahC_predicted,0.25,3,3,ATCGACTACTAGCCATTTAC,0,4489898
yahC_predicted,0.25,3,3,ATCGAATGAGTTCGTAGTTA,0,4475653
yahC_predicted,0.25,3,3,ATCCTATCCCCCGGTACGGT,0,4489862
yahC_predicted,0.25,3,3,ATCCTAAATAATAGGTGCGA,0,4474151
yahC_predicted,0.25,3,3,ATCCGCGTACTACCTGTAGT,0,4508263
yahC_predicted,0.25,3,3,ATCCATGCGGACAGGACGGC,0,4488858
yahC_predicted,0.25,3,3,ATCAGGTTACTGTTCATAGC,0,4474675
yahC_predicted,0.25,3,3,ATCAGATTTCCTCGCTATCA,0,4482555
yahC_predicted,0.25,3,3,ATCACGTGCACGCAGATCAA,0,4490776
yahC_predicted,0.25,3,3,ATCAATTTCATTTGGATACC,0,4476841
yahC_predicted,0.25,3,3,ATCAACGTCGTCGGTCTAAG,0,4497507
yahC_predicted,0.25,3,3,ATCAAAAATTACTAGCTATA,0,4505863
yahC_predicted,0.25,3,3,ATATGTAGGGCACACTTCCT,0,4493984
yahC_predicted,0.25,3,3,ATATGGATTTTATCTTAGAA,0,4478057
yahC_predicted,0.25,3,3,ATATCAGGGAGGTCGGAACC,0,4474153
yahC_predicted,0.25,3,3,ATATACTTGTAATCACTCTC,0,4501254
yahC_predicted,0.25,3,3,ATAGTCAAGAATTGTTGTAA,0,4494159
yahC_predicted,0.25,3,3,ATAGGTCGAGCCGGCCTCCA,0,4489823
yahC_predicted,0.25,3,3,ATAGATATCGAAGGCGTTCA,0,4507633
yahC_predicted,0.25,3,3,ATACTTGGACACGCTTGTTT,0,4496816
yahC_predicted,0.25,3,3,ATACGTTTCTGGTCCGGGGG,0,4510890
yahC_predicted,0.25,3,3,ATACGTTAACTAGAGCGGCT,0,4482147
yahC_predicted,0.25,3,3,ATACGGGTAGTTGGTTCAAA,0,4505114
yahC_predicted,0.25,3,3,ATACGCCACGTAAATACTCA,0,4492439
yahC_predicted,0.25,3,3,ATACGAATGACTGTTCAGAG,0,4501582
yahC_predicted,0.25,3,3,ATACCCGCACAGTCTGAGCA,0,4500219
yahC_predicted,0.25,3,3,ATAATCCTGTCGGGTTAGGG,0,4489869
yahC_predicted,0.25,3,3,ATAACCGCTACCGCAGGGCG,0,4485140
yahC_predicted,0.25,3,3,AGTTTCAGTCATGTCCCCAA,0,4490551
yahC_predicted,0.25,3,3,AGTTAAGCGGAGTCTCTAGG,0,4500742
yahC_predicted,0.25,3,3,AGTGGTAAGAGCGTCATAAT,0,4495882
yahC_predicted,0.25,3,3,AGTGGGCAAACTAGGGCATA,0,4508053
yahC_predicted,0.25,3,3,AGTGCGGCCGCTGCCGGTCT,0,4501832
yahC_predicted,0.25,3,3,AGTGACGTCAAAACTACACT,0,4506333
yahC_predicted,0.25,3,3,AGTCTACGCTAGTTTATTGT,0,4480730
yahC_predicted,0.25,3,3,AGTCTACGACAGACCTTGGT,0,4487807
yahC_predicted,0.25,3,3,AGTACGTTGGATTCAACAAT,0,4485203
yahC_predicted,0.25,3,3,AGTAACTTATAATGGCCCGA,0,4490223
yahC_predicted,0.25,3,3,AGTAACACTGCACCAGGCGG,0,4505375
yahC_predicted,0.25,3,3,AGGTTAGCCCGACTGTAAAG,0,4482859
yahC_predicted,0.25,3,3,AGGTACATAGATTCTAATGC,0,4482603
yahC_predicted,0.25,3,3,AGGGTGAGTAGCCGCCGGCT,0,4483588
yahC_predicted,0.25,3,3,AGGGGTGTATACCCGGCTTC,0,4480169
yahC_predicted,0.25,3,3,AGGGGATACCACTCGGCTAT,0,4475825
yahC_predicted,0.25,3,3,AGGGCTTAGTCTTTTAATTT,0,4510633
yahC_predicted,0.25,3,3,AGGGCCGTAGTACCGGTCAG,0,4474090
yahC_predicted,0.25,3,3,AGGGCAATAAACTGTGATCT,0,4506344
yahC_predicted,0.25,3,3,AGGGAGTCGCGGAGGGTCTT,0,4507219
yahC_predicted,0.25,3,3,AGGGACGCGTACTAGGAATC,0,4480349
yahC_predicted,0.25,3,3,AGGCCTCGCGTTAACCGATG,0,4497107
yahC_predicted,0.25,3,3,AGGCATTGATAGACACTATA,0,4505761
yahC_predicted,0.25,3,3,AGGCAGACGGGGCGTAGAAG,0,4478654
yahC_predicted,0.25,3,3,AGGCACGTTGATTTAAAAGC,0,4499791
yahC_predicted,0.25,3,3,AGGCAAGTATATCATGTGGG,0,4475073
yahC_predicted,0.25,3,3,AGCTTCTGCCAAGTACGTAG,0,4495254
yahC_predicted,0.25,3,3,AGCTCTTAAATTGACTCTTA,0,4490579
yahC_predicted,0.25,3,3,AGCTATTCTTAGCGCCGTAG,0,4497085
yahC_predicted,0.25,3,3,AGCTAAGTATATAAGCACAG,0,4487692
yahC_predicted,0.25,3,3,AGCTAAGCCTTGCAGTTGAC,0,4512081
yahC_predicted,0.25,3,3,AGCTAAAGATGATACCCAGC,0,4507526
yahC_predicted,0.25,3,3,AGCGTAGGTCGGGCACCTGT,0,4485987
yahC_predicted,0.25,3,3,AGCGGAGAGAACACTCATGA,0,4506700
yahC_predicted,0.25,3,3,AGCCTGGGGCCTGGAAATAC,0,4476411
yahC_predicted,0.25,3,3,AGCCGTCCATGCAGTGCGGA,0,4495251
yahC_predicted,0.25,3,3,AGCCCGCAATGCCAGCTTCG,0,4509647
yahC_predicted,0.25,3,3,AGCCAGACCAGAACAATGAA,0,4503276
yahC_predicted,0.25,3,3,AGCAGCCCCGTGCATATTGC,0,4481514
yahC_predicted,0.25,3,3,AGCACACGGTTTTAGCACGA,0,4485624
yahC_predicted,0.25,3,3,AGCAACATCCCCGTTTGTGC,0,4483675
yahC_predicted,0.25,3,3,AGATTTCTGCATGGGGGTAA,0,4491166
yahC_predicted,0.25,3,3,AGATAAGTCTATTACTAAGT,0,4508648
yahC_predicted,0.25,3,3,AGAGTAGTCAGCCACCACAG,0,4481990
yahC_predicted,0.25,3,3,AGAGTAGGAGAACCGCCATT,0,4501098
yahC_predicted,0.25,3,3,AGAGGCGAGGTTTTTCCATG,0,4481183
yahC_predicted,0.25,3,3,AGAGCGTCGATTAGGTCGAT,0,4476653
yahC_predicted,0.25,3,3,AGACTGTGACCGTTCCTCTC,0,4496457
yahC_predicted,0.25,3,3,AGACTCGGAGCGCGTAGGTC,0,4474262
yahC_predicted,0.25,3,3,AGACCCCGCGTGACCGCGTC,0,4489367
yahC_predicted,0.25,3,3,AGAATTGTGCGTAGGAGAGA,0,4490924
yahC_predicted,0.25,3,3,AGAAGACAGGAAGATCGAAT,0,4507757
yahC_predicted,0.25,3,3,AGAACGAGCAACGGTAATTT,0,4491598
yahC_predicted,0.25,3,3,ACTTGAGAACTCTGGGTCCA,0,4506769
yahC_predicted,0.25,3,3,ACTTCCCTTGTAATTCTGAG,0,4505250
yahC_predicted,0.25,3,3,ACTGGAGTATGTGTTATTGT,0,4502295
yahC_predicted,0.25,3,3,ACTGATCGTCGGGGTGGGCG,0,4490962
yahC_predicted,0.25,3,3,ACTGAGGCGCATCTTAAGCT,0,4497949
yahC_predicted,0.25,3,3,ACTGAAGACTAAATGACCGT,0,4495997
yahC_predicted,0.25,3,3,ACTCTTCGTGCCTTATACTA,0,4499072
yahC_predicted,0.25,3,3,ACTCTGCGCATTCAAGGTTA,0,4512065
yahC_predicted,0.25,3,3,ACTCTAAGGCATTTGTTTAT,0,4510155
yahC_predicted,0.25,3,3,ACTCGTTTTCACGCCTTTTC,0,4509507
yahC_predicted,0.25,3,3,ACTCGTTGAAATATTTTCTC,0,4505253
yahC_predicted,0.25,3,3,ACTCCAGTCAACGTACCGAA,0,4483915
yahC_predicted,0.25,3,3,ACTCCAAAGGTTGGTGCACG,0,4502005
yahC_predicted,0.25,3,3,ACTCATGAACATCCCCGAAA,0,4508363
yahC_predicted,0.25,3,3,ACTATGCTCTCACCAGTACC,0,4497375
yahC_predicted,0.25,3,3,ACTATCCCGTGATACTGTAC,0,4497574
yahC_predicted,0.25,3,3,ACTAGCCAAGTCAAGCTGTA,0,4491284
yahC_predicted,0.25,3,3,ACTAAGAATCAGGATAAACT,0,4492002
yahC_predicted,0.25,3,3,ACGTCTGGGAAAATGCTTGC,0,4495685
yahC_predicted,0.25,3,3,ACGGTAGTAATGTGGGGACG,0,4507306
yahC_predicted,0.25,3,3,ACGGTACTCACCCATATATG,0,4491928
yahC_predicted,0.25,3,3,ACGGTAATAATAGGAACTGC,0,4487131
yahC_predicted,0.25,3,3,ACGGCTGCGGAAGAGTGGGA,0,4502025
yahC_predicted,0.25,3,3,ACGGCTGAGGGTGGCCGCCT,0,4485648
yahC_predicted,0.25,3,3,ACGGCGGACTAGGCGGAATC,0,4505021
yahC_predicted,0.25,3,3,ACGGCAAGGCTATACACGGG,0,4480157
yahC_predicted,0.25,3,3,ACGCGTGGGATCTCGGTGGC,0,4499554
yahC_predicted,0.25,3,3,ACGCGTGGCGGAAGCCCAGC,0,4501965
yahC_predicted,0.25,3,3,ACGCGAGGCGGGGGACCTTT,0,4478355
yahC_predicted,0.25,3,3,ACGCCGTTGATACTTGTGTG,0,4502474
yahC_predicted,0.25,3,3,ACGCCGTGTGAAGACATACC,0,4500733
yahC_predicted,0.25,3,3,ACGCCGCGTATCAGTACCTC,0,4504055
yahC_predicted,0.25,3,3,ACGCATAATCCGAGGCCGCA,0,4494756
yahC_predicted,0.25,3,3,ACGCACCGTTTTGGACCGAC,0,4483765
yahC_predicted,0.25,3,3,ACGATACGCAGAGACTGGTA,0,4479778
yahC_predicted,0.25,3,3,ACGAGATCGGCTCGTTGCAG,0,4507874
yahC_predicted,0.25,3,3,ACGACGACTGCCACAACTTC,0,4482839
yahC_predicted,0.25,3,3,ACGACCTTGCCCTTCCCGCC,0,4500334
yahC_predicted,0.25,3,3,ACGACCGGTCCTTAAGCTGT,0,4485496
yahC_predicted,0.25,3,3,ACGAAGGTAAGGACATACGG,0,4492667
yahC_predicted,0.25,3,3,ACCTGCGATAGTGAATCCGG,0,4506558
yahC_predicted,0.25,3,3,ACCTGACCCACCGGATGTGA,0,4472850
yahC_predicted,0.25,3,3,ACCTCAGCGTCTTGACGGGT,0,4492915
yahC_predicted,0.25,3,3,ACCGGAGTTCCACCCTGATT,0,4502620
yahC_predicted,0.25,3,3,ACCGGAAATGTGATCCGGGT,0,4484741
yahC_predicted,0.25,3,3,ACCGCGTTCGATTTGGATCG,0,4501224
yahC_predicted,0.25,3,3,ACCGCCCCACGGAGGGTGTA,0,4477402
yahC_predicted,0.25,3,3,ACCAGAACGGCTGGTGCTCC,0,4474331
yahC_predicted,0.25,3,3,ACCACTGGCCAGAGAGGCGC,0,4481504
yahC_predicted,0.25,3,3,ACCACGCCACCGGTCTCGGT,0,4481181
yahC_predicted,0.25,3,3,ACCAATAGTAGACGTAAGGC,0,4506215
yahC_predicted,0.25,3,3,ACATTGGTTATCGCACGGGT,0,4482051
yahC_predicted,0.25,3,3,ACATTGCGGTCGTATCCCAG,0,4497659
yahC_predicted,0.25,3,3,ACATTATCGGACGCAATCGC,0,4483910
yahC_predicted,0.25,3,3,ACATTAGTCTCGCAGTAATA,0,4491026
yahC_predicted,0.25,3,3,ACATGTAGGAGGCTTCTTTA,0,4477974
yahC_predicted,0.25,3,3,ACATGCTATCACCCACCTCC,0,4495915
yahC_predicted,0.25,3,3,ACATGCCATAAGAACCTACT,0,4473390
yahC_predicted,0.25,3,3,ACATCGTTGGGCGCAACGCG,0,4500963
yahC_predicted,0.25,3,3,ACATATTCACGGGACAGTCT,0,4491384
yahC_predicted,0.25,3,3,ACATAGTAATTAGCCATAAA,0,4491571
yahC_predicted,0.25,3,3,ACAGTTGGATGCCTCGGAAA,0,4475486
yahC_predicted,0.25,3,3,ACAGTAAGGGAGAGGAGCTT,0,4498390
yahC_predicted,0.25,3,3,ACAGCGGTCGCGAATGGTCA,0,4485719
yahC_predicted,0.25,3,3,ACAGCGACCCGTGTAACCAC,0,4493936
yahC_predicted,0.25,3,3,ACAGAACAACGATCCTGTTC,0,4507161
yahC_predicted,0.25,3,3,ACACGCGTACAGCGACTCAA,0,4489931
yahC_predicted,0.25,3,3,ACACCGGGTAGGCGGAAATC,0,4477853
yahC_predicted,0.25,3,3,ACACCCCTATAGCTCGGGTT,0,4506785
yahC_predicted,0.25,3,3,ACACACCCCGAATATTAGGT,0,4478074
yahC_predicted,0.25,3,3,ACACAACGTAAATTAATTAG,0,4477410
yahC_predicted,0.25,3,3,ACAATGGTGCTGAACGGCTC,0,4485545
yahC_predicted,0.25,3,3,ACAAATCTTCTACGAACTCG,0,4497249
yahC_predicted,0.25,3,3,ACAAAGTGGCTATCCAACAT,0,4505228
yahC_predicted,0.25,3,3,AATTTTAGACCTTTATCCGT,0,4473414
yahC_predicted,0.25,3,3,AATTTGGCGCCCCTAATACT,0,4481165
yahC_predicted,0.25,3,3,AATTGGCCCATGCTTTGATC,0,4503656
yahC_predicted,0.25,3,3,AATTGACTGGCGGGGTACGG,0,4504274
yahC_predicted,0.25,3,3,AATGTCGTCCCCGCGTAAGT,0,4487905
yahC_predicted,0.25,3,3,AATGCATCTAGGATGATTGT,0,4492447
yahC_predicted,0.25,3,3,AATGATGGCGCGCTCCTAGG,0,4499496
yahC_predicted,0.25,3,3,AATGAACAGGTGGGGGTTGG,0,4489109
yahC_predicted,0.25,3,3,AATCGCGAAGGAGGTCATGG,0,4472700
yahC_predicted,0.25,3,3,AATCCGACGTATTTACGGTC,0,4481690
yahC_predicted,0.25,3,3,AATCAGACTACCAGATCTGG,0,4482032
yahC_predicted,0.25,3,3,AATAGAGGACCTCGATGCCA,0,4511106
yahC_predicted,0.25,3,3,AATACGTGCCTATATGTTAG,0,4510473
yahC_predicted,0.25,3,3,AATACGCTGGGTTCCTATCA,0,4478096
yahC_predicted,0.25,3,3,AATAATTTCGTTTGGTCTAT,0,4473300
yahC_predicted,0.25,3,3,AAGTTCAAGAGGCGTCTAAT,0,4478070
yahC_predicted,0.25,3,3,AAGTGTCCCCCGGCCAAGAG,0,4472903
yahC_predicted,0.25,3,3,AAGTGTAACACTTCTGTACT,0,4487184
yahC_predicted,0.25,3,3,AAGTGGTTTGATTATGGGAA,0,4490045
yahC_predicted,0.25,3,3,AAGTCGGTGTGACACCACAT,0,4496921
yahC_predicted,0.25,3,3,AAGTATCACAGGAGGGGACA,0,4505788
yahC_predicted,0.25,3,3,AAGGGTTTAGGAACCCTGGT,0,4497503
yahC_predicted,0.25,3,3,AAGGGTAATATTATAACAGT,0,4481046
yahC_predicted,0.25,3,3,AAGGCGTACTACGCATAGCA,0,4486611
yahC_predicted,0.25,3,3,AAGGATTCGGACTTCCTCGG,0,4477154
yahC_predicted,0.25,3,3,AAGGAGGAGCGGCTCAGTTT,0,4473815
yahC_predicted,0.25,3,3,AAGCTGTTGGAGGTTCCAGG,0,4484009
yahC_predicted,0.25,3,3,AAGCTGGTTAACGGATTCGT,0,4478378
yahC_predicted,0.25,3,3,AAGCCGTTGCATGGTGATGA,0,4491996
yahC_predicted,0.25,3,3,AAGCAGACCGCTGTTATGGT,0,4505824
yahC_predicted,0.25,3,3,AAGATCTGGAAAGGCCTCTA,0,4506168
yahC_predicted,0.25,3,3,AAGAGGTGGCGTGGGGACTC,0,4478644
yahC_predicted,0.25,3,3,AACTTTATGTGTCTAATACT,0,4483597
yahC_predicted,0.25,3,3,AACTTCTGAGGGGTTTGAGA,0,4476109
yahC_predicted,0.25,3,3,AACTCTTTCCAATGTGTGCA,0,4489610
yahC_predicted,0.25,3,3,AACTAAGTGAATGACCGAGA,0,4498726
yahC_predicted,0.25,3,3,AACTAACTTCACGAGATATT,0,4495050
yahC_predicted,0.25,3,3,AACGGGGGACGATCAGTATG,0,4511240
yahC_predicted,0.25,3,3,AACGAAGGCGTATTCGTTGA,0,4486867
yahC_predicted,0.25,3,3,AACCTGCTGTGGTTACACTC,0,4504252
yahC_predicted,0.25,3,3,AACCTAAACCATAAATTAGG,0,4481633
yahC_predicted,0.25,3,3,AACCGTTAGTGGATCGAGCA,0,4475523
yahC_predicted,0.25,3,3,AACCGCTCGGGCAGGAATCA,0,4475089
yahC_predicted,0.25,3,3,AACCCGAGGCGCCCCATGGC,0,4493036
yahC_predicted,0.25,3,3,AACCCCGTTGCGTAAATTCT,0,4502141
yahC_predicted,0.25,3,3,AACCCACTCCGGCGCATGGT,0,4492091
yahC_predicted,0.25,3,3,AACCATTATATTTGAGGGGA,0,4487008
yahC_predicted,0.25,3,3,AACAATTTAGCGGAGCCCCG,0,4499582
yahC_predicted,0.25,3,3,AACAAGTAGCAAGAGAACAA,0,4510469
yahC_predicted,0.25,3,3,AAATGTCCGTCTTAACACAT,0,4479120
yahC_predicted,0.25,3,3,AAATGCTTTTCCGCCTTCAA,0,4507868
yahC_predicted,0.25,3,3,AAATATTAACAACAAGTCAC,0,4505856
yahC_predicted,0.25,3,3,AAAGTCTAAAGACGCTGTGA,0,4505653
yahC_predicted,0.25,3,3,AAAGGTGCGGAAAATGGTTC,0,4510504
yahC_predicted,0.25,3,3,AAAGGTCAGAACATCAATAA,0,4484514
yahC_predicted,0.25,3,3,AAAGAGACAAAACACTCGCC,0,4486651
yahC_predicted,0.25,3,3,AAACTAGCCACAACACATGT,0,4494907
yahC_predicted,0.25,3,3,AAACGGTGAGGTTAGATCCC,0,4497630
yahC_predicted,0.25,3,3,AAACCCATAGGACTATTCAC,0,4473936
yahC_predicted,0.25,3,3,AAACATAGATGCTAAAGGGG,0,4496337
yahC_predicted,0.25,3,3,AAACAGAGACACCAAAGCAG,0,4497258
yahC_predicted,0.25,3,3,AAACAATAAGGGACTCAGAT,0,4480403
yahC_predicted,0.25,3,3,AAAATAAGTGAAGCTCTAAG,0,4492396
yahC_predicted,0.25,3,3,AAAAGGACCTGGCCCGGCCA,0,4490901
yahC_predicted,0.25,3,3,AAAACTGAGCCTGACGCCAC,0,4487520
yahC_predicted,0.25,3,3,AAAAATAGTCGTTCGAAACC,0,4500999
yahC_predicted,0.25,3,3,AAAAAGTTCCGAGGAAGTAC,0,4477578
yahC_predicted,0.25,3,3,AAAAAGGTTATCTCACGGGA,0,4502941
yahC_predicted,0.3333333333333333,2,2,TTTTGGATTTCTGTACATCA,0,4490043
yahC_predicted,0.3333333333333333,2,2,TTTTGATCAGTCCAGCATAC,0,4508798
yahC_predicted,0.3333333333333333,2,2,TTTTCTGACATCCGTCTTCA,0,4507185
yahC_predicted,0.3333333333333333,2,2,TTTTCCAAGTAACAAAGTGT,0,4476402
yahC_predicted,0.3333333333333333,2,2,TTTTATTAGATCGAGCTTAC,0,4484575
yahC_predicted,0.3333333333333333,2,2,TTTGTCTCAAGGCCTCCAAT,0,4506275
yahC_predicted,0.3333333333333333,2,2,TTTGTCCCTGGTATGTCCGT,0,4494222
yahC_predicted,0.3333333333333333,2,2,TTTGGTCCGTATATCGGCTC,0,4502147
yahC_predicted,0.3333333333333333,2,2,TTTGCTTCTAAGGCCAGTAT,0,4487302
yahC_predicted,0.3333333333333333,2,2,TTTGCTGTATACTTTTAACT,0,4494205
yahC_predicted,0.3333333333333333,2,2,TTTGCTCCGTATTGGCAAAG,0,4490639
yahC_predicted,0.3333333333333333,2,2,TTTGCGTCTGGGGGTCATGA,0,4509490
yahC_predicted,0.3333333333333333,2,2,TTTGACAGCTGAATCTTACA,0,4481904
yahC_predicted,0.3333333333333333,2,2,TTTCGCTCACCGCTTGACAC,0,4511489
yahC_predicted,0.3333333333333333,2,2,TTTCGCATTAAAGTAATTAG,0,4491152
yahC_predicted,0.3333333333333333,2,2,TTTCGAGTGATCCCAGTCAT,0,4506961
yahC_predicted,0.3333333333333333,2,2,TTTCAAATAACAGGCCTATG,0,4479387
yahC_predicted,0.3333333333333333,2,2,TTTATATTTGTCAGTGAATC,0,4490977
yahC_predicted,0.3333333333333333,2,2,TTTATAACGATGTCTGCCTT,0,4489216
yahC_predicted,0.3333333333333333,2,2,TTTAGGCGGATCCCTCGGCG,0,4507572
yahC_predicted,0.3333333333333333,2,2,TTTAAGACATTAGTAAGATA,0,4487832
yahC_predicted,0.3333333333333333,2,2,TTGTCCCCGTTTTTAGGAAG,0,4479390
yahC_predicted,0.3333333333333333,2,2,TTGTATTGTCCTCTCAAGCT,0,4484216
yahC_predicted,0.3333333333333333,2,2,TTGTAGAATTGGCGGTACTC,0,4479978
yahC_predicted,0.3333333333333333,2,2,TTGGTTGACATCGTCCTCCC,0,4490290
yahC_predicted,0.3333333333333333,2,2,TTGGTGCTATATCCCCCGAG,0,4505082
yahC_predicted,0.3333333333333333,2,2,TTGCTCCACACAGACTCCTC,0,4495307
yahC_predicted,0.3333333333333333,2,2,TTGCCCGTCCAAGAAGCTGC,0,4495706
yahC_predicted,0.3333333333333333,2,2,TTGAGTTTTCAGTCTCCCCC,0,4504805
yahC_predicted,0.3333333333333333,2,2,TTGAGCATATTTGTCTATTG,0,4506676
yahC_predicted,0.3333333333333333,2,2,TTGACCGCACGCCTTCAGGA,0,4483191
yahC_predicted,0.3333333333333333,2,2,TTGAATTTCGGAGTGAAGGG,0,4474108
yahC_predicted,0.3333333333333333,2,2,TTGAAGGTTTTTGTTAACGA,0,4484497
yahC_predicted,0.3333333333333333,2,2,TTGAACTTCGTATTTACAAA,0,4510619
yahC_predicted,0.3333333333333333,2,2,TTCTGTCTACGTGGGCGGAT,0,4504150
yahC_predicted,0.3333333333333333,2,2,TTCTGGACAGTGTAACCGTG,0,4504509
yahC_predicted,0.3333333333333333,2,2,TTCTCTATTTATTACGTATG,0,4476513
yahC_predicted,0.3333333333333333,2,2,TTCTCGAGAGAGTCACTACT,0,4497538
yahC_predicted,0.3333333333333333,2,2,TTCTACTCACAGACCCGTGA,0,4487659
yahC_predicted,0.3333333333333333,2,2,TTCGTTAACAACCCTCTGCC,0,4481880
yahC_predicted,0.3333333333333333,2,2,TTCGGCATCATGGGACGTGT,0,4510966
yahC_predicted,0.3333333333333333,2,2,TTCGCTGCGATCAGATAGCC,0,4509644
yahC_predicted,0.3333333333333333,2,2,TTCGATGTACTTCGCTCATT,0,4480728
yahC_predicted,0.3333333333333333,2,2,TTCCTATAATCATTCGATAT,0,4474915
yahC_predicted,0.3333333333333333,2,2,TTCCCGAAATTGCGCCTAAG,0,4483808
yahC_predicted,0.3333333333333333,2,2,TTCATCAGGACGGCTTAACA,0,4511519
yahC_predicted,0.3333333333333333,2,2,TTCAGCTCGCCATGGCGGAC,0,4501532
yahC_predicted,0.3333333333333333,2,2,TTCAGCAATCTCGCGTTGTT,0,4482530
yahC_predicted,0.3333333333333333,2,2,TTCAGATCTGAGCTTATCGA,0,4479451
yahC_predicted,0.3333333333333333,2,2,TTCACAGCGTCTTGCCACTC,0,4501226
yahC_predicted,0.3333333333333333,2,2,TTCAAGATTAATCTGACCAA,0,4502754
yahC_predicted,0.3333333333333333,2,2,TTATTTGTCCCGAATGTTCA,0,4510952
yahC_predicted,0.3333333333333333,2,2,TTATTAGGACAGGCTGGTGA,0,4511676
yahC_predicted,0.3333333333333333,2,2,TTATGGCAAGGCAACACTGT,0,4479148
yahC_predicted,0.3333333333333333,2,2,TTATGCGCCTAAGCATACGG,0,4508915
yahC_predicted,0.3333333333333333,2,2,TTAGTTTTTTAGTAAGGGGA,0,4480264
yahC_predicted,0.3333333333333333,2,2,TTAGGAGGGGTGAGCTCGGT,0,4488197
yahC_predicted,0.3333333333333333,2,2,TTAGCTTTGAGTAGCATCGA,0,4507344
yahC_predicted,0.3333333333333333,2,2,TTACTTATGCGTCAGCATTT,0,4511714
yahC_predicted,0.3333333333333333,2,2,TTACTCGTATAAGGCAACTT,0,4480446
yahC_predicted,0.3333333333333333,2,2,TTACCACTAACCACGGGGAC,0,4506860
yahC_predicted,0.3333333333333333,2,2,TTACACGTAGTGCGAGCCGC,0,4486771
yahC_predicted,0.3333333333333333,2,2,TTAATATTAGCTAGACTCGT,0,4497432
yahC_predicted,0.3333333333333333,2,2,TTAAGTACACGGGTGCACAA,0,4485394
yahC_predicted,0.3333333333333333,2,2,TTAAGAGTACACTCGTTAAC,0,4509974
yahC_predicted,0.3333333333333333,2,2,TTAACGTGGAGGAAGATGGG,0,4492152
yahC_predicted,0.3333333333333333,2,2,TTAAATATCGAGTGACGACC,0,4474691
yahC_predicted,0.3333333333333333,2,2,TTAAAATAGGCAGTAAGCGC,0,4490050
yahC_predicted,0.3333333333333333,2,2,TGTTTGAGTAATCTATTATG,0,4479953
yahC_predicted,0.3333333333333333,2,2,TGTTTCGAGAGACCCAGTGC,0,4487439
yahC_predicted,0.3333333333333333,2,2,TGTTGGCGTGTAACATGACT,0,4482314
yahC_predicted,0.3333333333333333,2,2,TGTTCTGTCAACTGTAGGCC,0,4488946
yahC_predicted,0.3333333333333333,2,2,TGTTCTAGGTCCAGAACCTG,0,4491882
yahC_predicted,0.3333333333333333,2,2,TGTTAGCGAGAAGGCAAATA,0,4510849
yahC_predicted,0.3333333333333333,2,2,TGTGTTTAAACTCTAGCGGG,0,4508515
yahC_predicted,0.3333333333333333,2,2,TGTGTGAGGGATAAACAGCC,0,4504549
yahC_predicted,0.3333333333333333,2,2,TGTGGAGTTATCGGGGGGGA,0,4486483
yahC_predicted,0.3333333333333333,2,2,TGTGGACTGCTGTCGAGATC,0,4496451
yahC_predicted,0.3333333333333333,2,2,TGTGATTAGTATTCGTGGCC,0,4497656
yahC_predicted,0.3333333333333333,2,2,TGTCTGATGACTCAAAACAC,0,4504852
yahC_predicted,0.3333333333333333,2,2,TGTCTAGTGGACCCGCAGGC,0,4502843
yahC_predicted,0.3333333333333333,2,2,TGTCATCCAGCAGGCTCGTC,0,4486606
yahC_predicted,0.3333333333333333,2,2,TGTCAGGTCTTAGGTAGCAG,0,4511403
yahC_predicted,0.3333333333333333,2,2,TGTCACGGACTGCATTCGAC,0,4488824
yahC_predicted,0.3333333333333333,2,2,TGTCACGCGATAGGTACCAA,0,4491549
yahC_predicted,0.3333333333333333,2,2,TGTATCCCGCAGTACTAGGA,0,4490158
yahC_predicted,0.3333333333333333,2,2,TGTATAGGGATGTATGGCAT,0,4482889
yahC_predicted,0.3333333333333333,2,2,TGTAGGTGACACGATAGGGA,0,4491695
yahC_predicted,0.3333333333333333,2,2,TGTAGGAGAGCGAATCCGTC,0,4507984
yahC_predicted,0.3333333333333333,2,2,TGTAATTTCGTAGTGGTACA,0,4487839
yahC_predicted,0.3333333333333333,2,2,TGTAATTCGCGACGCCACGA,0,4478653
yahC_predicted,0.3333333333333333,2,2,TGTAAGCGCACCCGTGTCCC,0,4486420
yahC_predicted,0.3333333333333333,2,2,TGTAAAAAGACCTATAGCAA,0,4492542
yahC_predicted,0.3333333333333333,2,2,TGGTTCTAGTTTACGACCGG,0,4499996
yahC_predicted,0.3333333333333333,2,2,TGGTTCATCCGTGTTTGATA,0,4485533
yahC_predicted,0.3333333333333333,2,2,TGGTGCCGTTGGACGCGTCC,0,4478093
yahC_predicted,0.3333333333333333,2,2,TGGTCTGGGGTGAAGTGATT,0,4501191
yahC_predicted,0.3333333333333333,2,2,TGGTCTGCTACGCCGTGTGC,0,4490957
yahC_predicted,0.3333333333333333,2,2,TGGTAAGCTCCGAGAACGGA,0,4475571
yahC_predicted,0.3333333333333333,2,2,TGGGTTGTTCTGTTGGCCGA,0,4474676
yahC_predicted,0.3333333333333333,2,2,TGGGTGAGACCCCCCGATAC,0,4501038
yahC_predicted,0.3333333333333333,2,2,TGGGCTGATTTTCCTCAGAC,0,4477151
yahC_predicted,0.3333333333333333,2,2,TGGGATCGGTACCTTTGCCA,0,4496637
yahC_predicted,0.3333333333333333,2,2,TGGGACCATCCGTTAGGCTG,0,4510288
yahC_predicted,0.3333333333333333,2,2,TGGCTTAATACAGGGGCCTC,0,4481502
yahC_predicted,0.3333333333333333,2,2,TGGCGCTTTAGAGTCAACTA,0,4498052
yahC_predicted,0.3333333333333333,2,2,TGGCAGGAAGTCAAATGGTC,0,4475921
yahC_predicted,0.3333333333333333,2,2,TGGCAAGCGATAGCTTCCTG,0,4479828
yahC_predicted,0.3333333333333333,2,2,TGGCAAATGTATAAACAGAC,0,4494757
yahC_predicted,0.3333333333333333,2,2,TGGATCTAAGTTGGGAGGTG,0,4480030
yahC_predicted,0.3333333333333333,2,2,TGGATATCCCATCAAGTTGG,0,4486114
yahC_predicted,0.3333333333333333,2,2,TGGAGCTGGATGGTCGCCCA,0,4500069
yahC_predicted,0.3333333333333333,2,2,TGGAGATTGACGAATACGTT,0,4502345
yahC_predicted,0.3333333333333333,2,2,TGGACACGCCGTGGTTTCGG,0,4493162
yahC_predicted,0.3333333333333333,2,2,TGCTGTGGATCTCTCACTAG,0,4501156
yahC_predicted,0.3333333333333333,2,2,TGCTCAAAGGAACGGGGCTC,0,4484696
yahC_predicted,0.3333333333333333,2,2,TGCTACGATTACCGCCCTAG,0,4503705
yahC_predicted,0.3333333333333333,2,2,TGCTAATTGCTACCTCCTTT,0,4507117
yahC_predicted,0.3333333333333333,2,2,TGCGACTCGCAGGTCATATT,0,4491081
yahC_predicted,0.3333333333333333,2,2,TGCGAATAGCCAAACCTGCA,0,4477158
yahC_predicted,0.3333333333333333,2,2,TGCGAAAAAGGTGAACGCCA,0,4480727
yahC_predicted,0.3333333333333333,2,2,TGCCGGGCCAGTAGTCGGGG,0,4501388
yahC_predicted,0.3333333333333333,2,2,TGCCCTGAGTTACTCCTCGC,0,4484911
yahC_predicted,0.3333333333333333,2,2,TGCATCAGTTCGTGGTCCTC,0,4508140
yahC_predicted,0.3333333333333333,2,2,TGCAAGGGTGAGCGAGGGAA,0,4491765
yahC_predicted,0.3333333333333333,2,2,TGATTCGGAGGGAATGGTCA,0,4477323
yahC_predicted,0.3333333333333333,2,2,TGATCAGAACGGCTTGCACT,0,4493438
yahC_predicted,0.3333333333333333,2,2,TGATAGCTTGGGTTAACTTT,0,4511392
yahC_predicted,0.3333333333333333,2,2,TGAGCTAGTCTGACCCTGAA,0,4477506
yahC_predicted,0.3333333333333333,2,2,TGAGAATACACGGATCTGAG,0,4511193
yahC_predicted,0.3333333333333333,2,2,TGACTTGCCCGCGCTTTCAT,0,4512057
yahC_predicted,0.3333333333333333,2,2,TGACTGGGACGGACTCGCAA,0,4506268
yahC_predicted,0.3333333333333333,2,2,TGACTGGCCTTCCGCCCCGT,0,4500358
yahC_predicted,0.3333333333333333,2,2,TGACTGCACTAAATCAACAT,0,4505394
yahC_predicted,0.3333333333333333,2,2,TGACGTCGAGACGGGTGTTT,0,4509418
yahC_predicted,0.3333333333333333,2,2,TGACACCACACGTGACAGAG,0,4501295
yahC_predicted,0.3333333333333333,2,2,TGAAGATCAGGTTTGAAGCA,0,4498074
yahC_predicted,0.3333333333333333,2,2,TGAAGATAACGTCACTGGAA,0,4483919
yahC_predicted,0.3333333333333333,2,2,TGAACGACCACCGGTATTAG,0,4501931
yahC_predicted,0.3333333333333333,2,2,TGAACCACAACGTACTCCAG,0,4489302
yahC_predicted,0.3333333333333333,2,2,TGAACAGGTTCTATTGGGCT,0,4487061
yahC_predicted,0.3333333333333333,2,2,TGAAATCTAAAGCGTGGAAA,0,4502827
yahC_predicted,0.3333333333333333,2,2,TGAAAAACGCCCAATGCATG,0,4473991
yahC_predicted,0.3333333333333333,2,2,TCTTGTCCGAATACCGGGGG,0,4488549
yahC_predicted,0.3333333333333333,2,2,TCTTGATGTGACGAACCTTG,0,4487124
yahC_predicted,0.3333333333333333,2,2,TCTTAGAGAGCAACCACACG,0,4474595
yahC_predicted,0.3333333333333333,2,2,TCTGTTCCGGCGGTTGCCGG,0,4499134
yahC_predicted,0.3333333333333333,2,2,TCTGGTTAGGGCGGCGGTTA,0,4497069
yahC_predicted,0.3333333333333333,2,2,TCTGGTTACGATTGCGCGCA,0,4483383
yahC_predicted,0.3333333333333333,2,2,TCTGGTACATAGGCGCGGAG,0,4474986
yahC_predicted,0.3333333333333333,2,2,TCTGATTCTCTCATCGACTA,0,4509082
yahC_predicted,0.3333333333333333,2,2,TCTGACTGGTCTACATTAGG,0,4495760
yahC_predicted,0.3333333333333333,2,2,TCTGAACACCCCTTGTTGTA,0,4492957
yahC_predicted,0.3333333333333333,2,2,TCTCGATTGAGAACCGCGGT,0,4476575
yahC_predicted,0.3333333333333333,2,2,TCTCCTAGTGTTCGGGATAG,0,4504985
yahC_predicted,0.3333333333333333,2,2,TCTCAAGTTCGGGACACGTT,0,4478421
yahC_predicted,0.3333333333333333,2,2,TCTATTTCCGCGAGACCACC,0,4509133
yahC_predicted,0.3333333333333333,2,2,TCTAGGATGCCAGGCTGAAA,0,4508665
yahC_predicted,0.3333333333333333,2,2,TCTACTTGACAGTTTAGAAC,0,4494783
yahC_predicted,0.3333333333333333,2,2,TCGTGTGCTAGAATGTCCCA,0,4483731
yahC_predicted,0.3333333333333333,2,2,TCGTCTAATGCTAACAGCGA,0,4482213
yahC_predicted,0.3333333333333333,2,2,TCGTCGGCAAGCCATATCTC,0,4483359
yahC_predicted,0.3333333333333333,2,2,TCGGTGCTGCTTGTCGAGTG,0,4505437
yahC_predicted,0.3333333333333333,2,2,TCGGTCTCCAAAATCTGCGC,0,4485626
yahC_predicted,0.3333333333333333,2,2,TCGGTATAACGTGGATGCAA,0,4474298
yahC_predicted,0.3333333333333333,2,2,TCGGTACCTGAGCTTTGATC,0,4489548
yahC_predicted,0.3333333333333333,2,2,TCGGGCTAGGGCCTCGCCCT,0,4476204
yahC_predicted,0.3333333333333333,2,2,TCGGGACCAGCACATAGCAT,0,4491639
yahC_predicted,0.3333333333333333,2,2,TCGGATCGTCAGTCGTTATG,0,4508878
yahC_predicted,0.3333333333333333,2,2,TCGCTCCCCGGGCCACTGAT,0,4501060
yahC_predicted,0.3333333333333333,2,2,TCGCCGTAACCTAGGGTCAC,0,4501775
yahC_predicted,0.3333333333333333,2,2,TCGATCCGTTGCAGCTGGGC,0,4491177
yahC_predicted,0.3333333333333333,2,2,TCGATCCCAACTCTCACAAT,0,4476644
yahC_predicted,0.3333333333333333,2,2,TCGACTTGGGTCATTCTTGC,0,4474700
yahC_predicted,0.3333333333333333,2,2,TCGAAGCCAGCACAGCGTTA,0,4506123
yahC_predicted,0.3333333333333333,2,2,TCGAAAGTTCAAATGGTCTA,0,4502260
yahC_predicted,0.3333333333333333,2,2,TCCTTTCGCGGAATCACCAC,0,4496306
yahC_predicted,0.3333333333333333,2,2,TCCTGTGGGAGGGCATCGAT,0,4495085
yahC_predicted,0.3333333333333333,2,2,TCCTCTTACATAACCCGATT,0,4501752
yahC_predicted,0.3333333333333333,2,2,TCCTCAGTCTTAGGTTAACT,0,4495704
yahC_predicted,0.3333333333333333,2,2,TCCTAGGCCCGCGCACCATC,0,4486503
yahC_predicted,0.3333333333333333,2,2,TCCTACTGCCACAGGCTCCA,0,4474839
yahC_predicted,0.3333333333333333,2,2,TCCGTGTCGCCACGGTAGTT,0,4479802
yahC_predicted,0.3333333333333333,2,2,TCCGCAAAAAAGGGGCTTAA,0,4473290
yahC_predicted,0.3333333333333333,2,2,TCCGAAACTGCGTCCCTCAA,0,4499102
yahC_predicted,0.3333333333333333,2,2,TCCCTTACGAGGTGAAATGT,0,4494367
yahC_predicted,0.3333333333333333,2,2,TCCAGATGCGCCGCGGATAA,0,4499969
yahC_predicted,0.3333333333333333,2,2,TCCAACCGCCGTCATTATGC,0,4496107
yahC_predicted,0.3333333333333333,2,2,TCCAACCCTTTATGGCCGGC,0,4501679
yahC_predicted,0.3333333333333333,2,2,TCATGCATCCGGAGTTTTCC,0,4476475
yahC_predicted,0.3333333333333333,2,2,TCATCCCCGTCTCGCCGCAA,0,4509729
yahC_predicted,0.3333333333333333,2,2,TCAGTTCGCAGTTCGGGTCA,0,4500185
yahC_predicted,0.3333333333333333,2,2,TCAGGTTCAGGCAGTTCTTA,0,4506175
yahC_predicted,0.3333333333333333,2,2,TCAGGAAAAGACGTCTGTAA,0,4488995
yahC_predicted,0.3333333333333333,2,2,TCAGCGCAGAATGTCGCCAT,0,4489744
yahC_predicted,0.3333333333333333,2,2,TCACTATTCACACACGCGCG,0,4482931
yahC_predicted,0.3333333333333333,2,2,TCACTATTATTAGACTTATT,0,4485235
yahC_predicted,0.3333333333333333,2,2,TCACGAAGGGTGAGACATTT,0,4476359
yahC_predicted,0.3333333333333333,2,2,TCACCTGTTCCGTTCTAGGC,0,4482576
yahC_predicted,0.3333333333333333,2,2,TCACCGTCTCACACCACTAC,0,4479822
yahC_predicted,0.3333333333333333,2,2,TCACCGCGGCCTCATAGAAT,0,4490526
yahC_predicted,0.3333333333333333,2,2,TCAATTTGCGTTCGCGCAAA,0,4506615
yahC_predicted,0.3333333333333333,2,2,TCAAGTATGTTGTCCTCCGA,0,4506789
yahC_predicted,0.3333333333333333,2,2,TATTGGGGAGCCCAGACCCA,0,4505512
yahC_predicted,0.3333333333333333,2,2,TATTGCCCAAGCCTTCTAAT,0,4504021
yahC_predicted,0.3333333333333333,2,2,TATTCAGTGGTTCTAATAGT,0,4500704
yahC_predicted,0.3333333333333333,2,2,TATGTCTTGTGGAGACCTGA,0,4501036
yahC_predicted,0.3333333333333333,2,2,TATGGTTGTGCAGAAAGTCC,0,4497393
yahC_predicted,0.3333333333333333,2,2,TATGGGACGCTTGGGCGGCT,0,4472525
yahC_predicted,0.3333333333333333,2,2,TATGCTCACACTACTGCAAG,0,4490793
yahC_predicted,0.3333333333333333,2,2,TATGCTAAACCGTTCTGGGG,0,4506511
yahC_predicted,0.3333333333333333,2,2,TATGCAGAGTAGCATGGGGA,0,4508631
yahC_predicted,0.3333333333333333,2,2,TATCCGCAGTCGTTCCGCTC,0,4508187
yahC_predicted,0.3333333333333333,2,2,TATCCAGAATGAGTCAGCAT,0,4489899
yahC_predicted,0.3333333333333333,2,2,TATCCACATCCGTTACCATA,0,4488550
yahC_predicted,0.3333333333333333,2,2,TATAGAAGCCGTTGTGATTT,0,4506595
yahC_predicted,0.3333333333333333,2,2,TATACTCGTCTCGTCACATA,0,4480787
yahC_predicted,0.3333333333333333,2,2,TATACGTAGTGTCTGTGGTG,0,4485871
yahC_predicted,0.3333333333333333,2,2,TATAATGGACGACGATGTTC,0,4485347
yahC_predicted,0.3333333333333333,2,2,TATAAGGCGCTAACGAACAG,0,4489602
yahC_predicted,0.3333333333333333,2,2,TATAACTTTCGGGCCGGATG,0,4511021
yahC_predicted,0.3333333333333333,2,2,TAGGAGACTGCCAAGGACAG,0,4510407
yahC_predicted,0.3333333333333333,2,2,TAGCGTTGGCAGTTCTGGGA,0,4499477
yahC_predicted,0.3333333333333333,2,2,TAGCCAGTTCCACTTGACAC,0,4476802
yahC_predicted,0.3333333333333333,2,2,TAGCATAGCGTTAAGCCAAT,0,4478662
yahC_predicted,0.3333333333333333,2,2,TAGATCGCGCAAATTCTTAC,0,4483248
yahC_predicted,0.3333333333333333,2,2,TAGAGATCGCCGCAAGAACC,0,4504169
yahC_predicted,0.3333333333333333,2,2,TAGAAACATTCGCAAAGTAG,0,4503753
yahC_predicted,0.3333333333333333,2,2,TACTCCAAAACAGAACCACG,0,4487075
yahC_predicted,0.3333333333333333,2,2,TACTACGCGGTCATATTGGG,0,4502915
yahC_predicted,0.3333333333333333,2,2,TACGCGTGGAGACTGTGAAG,0,4478274
yahC_predicted,0.3333333333333333,2,2,TACGATACCGTAGAGTGGTT,0,4489115
yahC_predicted,0.3333333333333333,2,2,TACGAGAGCCCAGGCAGATG,0,4492577
yahC_predicted,0.3333333333333333,2,2,TACCTGATACCCTTGGGAAA,0,4483098
yahC_predicted,0.3333333333333333,2,2,TACCTAGACAGGATGTTTGT,0,4495729
yahC_predicted,0.3333333333333333,2,2,TACCACGCTCCAGCCTCTTC,0,4475768
yahC_predicted,0.3333333333333333,2,2,TACACTTTGCCATTGACGCC,0,4476328
yahC_predicted,0.3333333333333333,2,2,TACACTGGCCTCTCCCTACC,0,4506532
yahC_predicted,0.3333333333333333,2,2,TACACTAAGGGCTCCTCCAC,0,4491027
yahC_predicted,0.3333333333333333,2,2,TACAATTGGTGTAGTATGAC,0,4488568
yahC_predicted,0.3333333333333333,2,2,TACAACGTCATTTCATTAGT,0,4508593
yahC_predicted,0.3333333333333333,2,2,TAATGAGTCTCCATGGCGGG,0,4491453
yahC_predicted,0.3333333333333333,2,2,TAATAGGTAGGTTGAACCCA,0,4508374
yahC_predicted,0.3333333333333333,2,2,TAATAGCGCCGATCGATCGT,0,4504844
yahC_predicted,0.3333333333333333,2,2,TAATAATATGCTAACGCGTT,0,4482596
yahC_predicted,0.3333333333333333,2,2,TAAGCGGGAATGTTCAGTAT,0,4507867
yahC_predicted,0.3333333333333333,2,2,TAAGATAACGGTTAGCTGCC,0,4483198
yahC_predicted,0.3333333333333333,2,2,TAACAGTTATACCTGCTCAC,0,4497415
yahC_predicted,0.3333333333333333,2,2,TAACAGGGAGATCGCGAGTC,0,4477243
yahC_predicted,0.3333333333333333,2,2,TAAATCAACTATCGGCGTTA,0,4485462
yahC_predicted,0.3333333333333333,2,2,TAAAGGCGACGTTACGGGAG,0,4496896
yahC_predicted,0.3333333333333333,2,2,TAAAGCGGACCCGCACAGGA,0,4502532
yahC_predicted,0.3333333333333333,2,2,TAAACTCTATCAAGAGGTTA,0,4500221
yahC_predicted,0.3333333333333333,2,2,TAAACGTTGCTCGTAAGCGA,0,4491167
yahC_predicted,0.3333333333333333,2,2,TAAAATGTTGGTGTGGTATG,0,4505509
yahC_predicted,0.3333333333333333,2,2,TAAAATCTGGAACCGGATGG,0,4501589
yahC_predicted,0.3333333333333333,2,2,GTTTTTTCTAATGCAATATT,0,4502480
yahC_predicted,0.3333333333333333,2,2,GTTTTTGAGCAAGATACGAA,0,4493947
yahC_predicted,0.3333333333333333,2,2,GTTTTGCCCCCCGCATGCGA,0,4504655
yahC_predicted,0.3333333333333333,2,2,GTTTTCCTGGTTCGGCCCGT,0,4506028
yahC_predicted,0.3333333333333333,2,2,GTTTTACAGTATAATGGACG,0,4472669
yahC_predicted,0.3333333333333333,2,2,GTTTCCCGCCTGAGAAAACT,0,4503664
yahC_predicted,0.3333333333333333,2,2,GTTGAATCACATATCAACCA,0,4503402
yahC_predicted,0.3333333333333333,2,2,GTTCGTCACTTTAGTACACG,0,4484680
yahC_predicted,0.3333333333333333,2,2,GTTCGAGTAGCTCAAAAAGT,0,4508582
yahC_predicted,0.3333333333333333,2,2,GTTCGAGGGTTCCCTCTCGT,0,4484195
yahC_predicted,0.3333333333333333,2,2,GTTATCCCAGTCTGGTTTGA,0,4504982
yahC_predicted,0.3333333333333333,2,2,GTTATAGGTGCAGACCCGGG,0,4507865
yahC_predicted,0.3333333333333333,2,2,GTTAGGAGCTTTCCAGGTGT,0,4502999
yahC_predicted,0.3333333333333333,2,2,GTTAGCCGTGAAATTCCCAA,0,4481996
yahC_predicted,0.3333333333333333,2,2,GTTACTATTGGGAAAATGTC,0,4491737
yahC_predicted,0.3333333333333333,2,2,GTTAAACCTAAAGCCCTGTG,0,4486490
yahC_predicted,0.3333333333333333,2,2,GTGTTGGACACAAACTGTCG,0,4504673
yahC_predicted,0.3333333333333333,2,2,GTGTTCTCTCCGTCTCGGTC,0,4498456
yahC_predicted,0.3333333333333333,2,2,GTGTGTCTGACTTTATTGTG,0,4498996
yahC_predicted,0.3333333333333333,2,2,GTGTCATTCTTTTCAAACTA,0,4488774
yahC_predicted,0.3333333333333333,2,2,GTGTATAAGCATTGCGTGCT,0,4489564
yahC_predicted,0.3333333333333333,2,2,GTGTACCTCCGTGCATTAAC,0,4478771
yahC_predicted,0.3333333333333333,2,2,GTGGTACATATCCAGGTCAA,0,4481447
yahC_predicted,0.3333333333333333,2,2,GTGGCCTGCTGTTGCGAGGC,0,4510934
yahC_predicted,0.3333333333333333,2,2,GTGCGTCCTTAAATGGGTGG,0,4507843
yahC_predicted,0.3333333333333333,2,2,GTGCGTAGACTTCAGGCTTT,0,4498153
yahC_predicted,0.3333333333333333,2,2,GTGCGGGAGAGTAGTAAGGT,0,4507921
yahC_predicted,0.3333333333333333,2,2,GTGCGCCGTTTTATCCAGAC,0,4500344
yahC_predicted,0.3333333333333333,2,2,GTGCCTGGGGGCATCGAAAT,0,4480572
yahC_predicted,0.3333333333333333,2,2,GTGCCTCCGGCTCCCGACTC,0,4508337
yahC_predicted,0.3333333333333333,2,2,GTGCCGCCATCCCAGGCATG,0,4506725
yahC_predicted,0.3333333333333333,2,2,GTGCCATCATTCGTGGCATC,0,4474574
yahC_predicted,0.3333333333333333,2,2,GTGCATACTACGTCCACACG,0,4492539
yahC_predicted,0.3333333333333333,2,2,GTGATGAGCCTTACTGCTAA,0,4493452
yahC_predicted,0.3333333333333333,2,2,GTGAGGAGTACCGAGATATT,0,4495721
yahC_predicted,0.3333333333333333,2,2,GTGAGCGCGACATCTCCGCC,0,4484121
yahC_predicted,0.3333333333333333,2,2,GTGAGCAAGATCTAGCGGTG,0,4491356
yahC_predicted,0.3333333333333333,2,2,GTGACGAATGAACACGGTCT,0,4510390
yahC_predicted,0.3333333333333333,2,2,GTGACCTTCCCCTACTCATC,0,4490387
yahC_predicted,0.3333333333333333,2,2,GTGAAAGGGCTCGCTCATAA,0,4506886
yahC_predicted,0.3333333333333333,2,2,GTCGGGTTCTGTAATTGTAC,0,4491553
yahC_predicted,0.3333333333333333,2,2,GTCGCGTACCCCAGGCCCCT,0,4499871
yahC_predicted,0.3333333333333333,2,2,GTCGAATCAACAACGGCTAG,0,4495781
yahC_predicted,0.3333333333333333,2,2,GTCGAAGGTACGCCGGGGCT,0,4496330
yahC_predicted,0.3333333333333333,2,2,GTCCTTTTGAGGACGTTCTG,0,4501553
yahC_predicted,0.3333333333333333,2,2,GTCCTGCGACGTGCCACTGA,0,4481933
yahC_predicted,0.3333333333333333,2,2,GTCCTCGCCCTTACAGCTTC,0,4483108
yahC_predicted,0.3333333333333333,2,2,GTCCTAGATCCTGCGACCCC,0,4476070
yahC_predicted,0.3333333333333333,2,2,GTCCCTGCCGGTATCGGTCT,0,4510410
yahC_predicted,0.3333333333333333,2,2,GTCCAGTTTTTCTGCCGTTG,0,4476714
yahC_predicted,0.3333333333333333,2,2,GTCCAAGAGAGTCTGGAGCT,0,4490010
yahC_predicted,0.3333333333333333,2,2,GTCAGTCAACCTTAATAGGA,0,4485407
yahC_predicted,0.3333333333333333,2,2,GTCAGGCGGCACTATAAGGT,0,4478304
yahC_predicted,0.3333333333333333,2,2,GTCAGAGGTCCTGTAGGACA,0,4500552
yahC_predicted,0.3333333333333333,2,2,GTCAGAGCTGTCCGGGTCCC,0,4489518
yahC_predicted,0.3333333333333333,2,2,GTCAACTGCAATGGCCGTAC,0,4508482
yahC_predicted,0.3333333333333333,2,2,GTATTTAGGTTTTCAGGTGG,0,4487820
yahC_predicted,0.3333333333333333,2,2,GTATTCCTCAGTGGTTCCGG,0,4484317
yahC_predicted,0.3333333333333333,2,2,GTATGACGAGAGGGCCGACC,0,4505619
yahC_predicted,0.3333333333333333,2,2,GTATAATAAAAGTGGGTCAT,0,4502276
yahC_predicted,0.3333333333333333,2,2,GTAGTTGTGCGCATTAGAAT,0,4481457
yahC_predicted,0.3333333333333333,2,2,GTAGGAGTCAACGTTGGTAA,0,4489625
yahC_predicted,0.3333333333333333,2,2,GTAGCGTGCTCCATTTTGTA,0,4481790
yahC_predicted,0.3333333333333333,2,2,GTAGCATTGAATGTGCGGTA,0,4501765
yahC_predicted,0.3333333333333333,2,2,GTAGACAGTTGTATTACATC,0,4497461
yahC_predicted,0.3333333333333333,2,2,GTACGTTCAATGTACCAATT,0,4483940
yahC_predicted,0.3333333333333333,2,2,GTACGGACCCGGTCCCAGGT,0,4477262
yahC_predicted,0.3333333333333333,2,2,GTACGAATAAACTTACGATA,0,4504703
yahC_predicted,0.3333333333333333,2,2,GTACACCACGACTGATACAC,0,4501211
yahC_predicted,0.3333333333333333,2,2,GTAATAACAATAGACGAAAA,0,4499956
yahC_predicted,0.3333333333333333,2,2,GTAAGGTTCCGAGGTACTGA,0,4497862
yahC_predicted,0.3333333333333333,2,2,GTAAGCATTTCTCACTCTTG,0,4472696
yahC_predicted,0.3333333333333333,2,2,GGTTTGTGTCTATCTCAACG,0,4506635
yahC_predicted,0.3333333333333333,2,2,GGTTTGTCCTGGAGTGAAAT,0,4496636
yahC_predicted,0.3333333333333333,2,2,GGTTTCGAGGCGGTCATTCC,0,4505527
yahC_predicted,0.3333333333333333,2,2,GGTTTAACACTGTTTAGGAG,0,4491595
yahC_predicted,0.3333333333333333,2,2,GGTTGGAACCCATGAGCATC,0,4474379
yahC_predicted,0.3333333333333333,2,2,GGTTCTTTGCCTACTACGGA,0,4484081
yahC_predicted,0.3333333333333333,2,2,GGTTCCTCGGAGGTAAGTAA,0,4477296
yahC_predicted,0.3333333333333333,2,2,GGTTCATGTCAACCTTCTCA,0,4507285
yahC_predicted,0.3333333333333333,2,2,GGTTATCTCGTATAGTTCTC,0,4492272
yahC_predicted,0.3333333333333333,2,2,GGTGTTGCCAAGTGTGTTTT,0,4510371
yahC_predicted,0.3333333333333333,2,2,GGTGTGGTACCTCATGGCAG,0,4508110
yahC_predicted,0.3333333333333333,2,2,GGTGTCAGGTTTCGCCGAAG,0,4479644
yahC_predicted,0.3333333333333333,2,2,GGTGCGTAACCTGTCAACGA,0,4503050
yahC_predicted,0.3333333333333333,2,2,GGTGAGCAGCTAGCCTTAGC,0,4493640
yahC_predicted,0.3333333333333333,2,2,GGTGAGCAACCCTAGCATGA,0,4504510
yahC_predicted,0.3333333333333333,2,2,GGTGACTCAATTCTGGAGCT,0,4490689
yahC_predicted,0.3333333333333333,2,2,GGTGAAGAGGCTGGTATTTG,0,4484691
yahC_predicted,0.3333333333333333,2,2,GGTCTACGGAGCGGGCGTCA,0,4474992
yahC_predicted,0.3333333333333333,2,2,GGTCGATGTGTGACCTATGT,0,4477816
yahC_predicted,0.3333333333333333,2,2,GGTCCCAATATATTGACGGA,0,4506513
yahC_predicted,0.3333333333333333,2,2,GGTCCATTGTCTGAGAAAAT,0,4484017
yahC_predicted,0.3333333333333333,2,2,GGTCACGTACAGTCTGGTTG,0,4497125
yahC_predicted,0.3333333333333333,2,2,GGTCACATGGCCCCGCTCAC,0,4490155
yahC_predicted,0.3333333333333333,2,2,GGTCACACGCGTCTACTTAT,0,4473674
yahC_predicted,0.3333333333333333,2,2,GGTATTTCGTAATAAAACCT,0,4501119
yahC_predicted,0.3333333333333333,2,2,GGTATAAACCGTGGAAGACG,0,4493355
yahC_predicted,0.3333333333333333,2,2,GGTAGCGCATCTGGCAACAC,0,4491499
yahC_predicted,0.3333333333333333,2,2,GGTAGATTCAAATTCGAATA,0,4501968
yahC_predicted,0.3333333333333333,2,2,GGTACCGGTGGGTGTAGAGT,0,4492371
yahC_predicted,0.3333333333333333,2,2,GGTACAAACAGTCAACTGAG,0,4509654
yahC_predicted,0.3333333333333333,2,2,GGTAATCGCCACCATACAAG,0,4489045
yahC_predicted,0.3333333333333333,2,2,GGTAACGACCATGCCCGACA,0,4474078
yahC_predicted,0.3333333333333333,2,2,GGTAAAGTCGTCCACTGGTT,0,4490367
yahC_predicted,0.3333333333333333,2,2,GGTAAACCGGGGTAAAACTC,0,4506809
yahC_predicted,0.3333333333333333,2,2,GGGTTACGTAAACAGTGGCT,0,4474919
yahC_predicted,0.3333333333333333,2,2,GGGTGGTTGCCCCCTTTAAT,0,4476953
yahC_predicted,0.3333333333333333,2,2,GGGTCTAATGGACTAGAGTG,0,4475539
yahC_predicted,0.3333333333333333,2,2,GGGTCGGCTTCCGCCGCCCA,0,4473759
yahC_predicted,0.3333333333333333,2,2,GGGGTTGTCAATATTCTTGC,0,4508318
yahC_predicted,0.3333333333333333,2,2,GGGGTGCTGGTTTGCAACGC,0,4503491
yahC_predicted,0.3333333333333333,2,2,GGGGGGGAATGCTGGTGGCC,0,4481156
yahC_predicted,0.3333333333333333,2,2,GGGGGATAAAGAGACAATGG,0,4477469
yahC_predicted,0.3333333333333333,2,2,GGGGCAACGGGGGTTAGCCC,0,4484091
yahC_predicted,0.3333333333333333,2,2,GGGGAATAAAGCGCTGAGCA,0,4500262
yahC_predicted,0.3333333333333333,2,2,GGGCGACCAGTGGGTGCAAC,0,4496033
yahC_predicted,0.3333333333333333,2,2,GGGCCGACCGACGTGGAACT,0,4505608
yahC_predicted,0.3333333333333333,2,2,GGGATTTAGGAATTTAGGCT,0,4492543
yahC_predicted,0.3333333333333333,2,2,GGGAGTTATGTGGAGGGCAA,0,4473103
yahC_predicted,0.3333333333333333,2,2,GGGACTGCCTTGTCCTAATC,0,4474507
yahC_predicted,0.3333333333333333,2,2,GGGACCGTCGATGAGAGAAT,0,4503532
yahC_predicted,0.3333333333333333,2,2,GGGACAATCAAGACCAAGGG,0,4506396
yahC_predicted,0.3333333333333333,2,2,GGGACAAAGTATCTATCGGG,0,4482064
yahC_predicted,0.3333333333333333,2,2,GGGAATACGAATAAAAGTAC,0,4483073
yahC_predicted,0.3333333333333333,2,2,GGGAAGACGGGATATACGTC,0,4484676
yahC_predicted,0.3333333333333333,2,2,GGCTTTTTCTAACTGCGTGG,0,4474218
yahC_predicted,0.3333333333333333,2,2,GGCTTATGGTTGCGGATGAC,0,4486282
yahC_predicted,0.3333333333333333,2,2,GGCTTATCGGTTATTGGATG,0,4487466
yahC_predicted,0.3333333333333333,2,2,GGCTGCTACGTGCCGCAAGC,0,4496682
yahC_predicted,0.3333333333333333,2,2,GGCTATGTAGCTGGGGTCGG,0,4506975
yahC_predicted,0.3333333333333333,2,2,GGCTATAGGGTGGTAACTTG,0,4494451
yahC_predicted,0.3333333333333333,2,2,GGCTAACGTTCGCCTCCACG,0,4503558
yahC_predicted,0.3333333333333333,2,2,GGCGTGTTCCGCGTCACCTC,0,4473023
yahC_predicted,0.3333333333333333,2,2,GGCGTGACCAGAGTACCGAG,0,4490000
yahC_predicted,0.3333333333333333,2,2,GGCGGGTGAACCAGGTTATT,0,4482212
yahC_predicted,0.3333333333333333,2,2,GGCGATGTAGACTCCTGAAT,0,4488721
yahC_predicted,0.3333333333333333,2,2,GGCGAATGCGCCTAGCCAGT,0,4475393
yahC_predicted,0.3333333333333333,2,2,GGCCGGTGTCGCATGCGAGC,0,4479427
yahC_predicted,0.3333333333333333,2,2,GGCCGGGCGTATGTAGTACA,0,4487246
yahC_predicted,0.3333333333333333,2,2,GGCCCTCACTATGGATGGTA,0,4485426
yahC_predicted,0.3333333333333333,2,2,GGCCCAACGAATAACGCTAA,0,4481471
yahC_predicted,0.3333333333333333,2,2,GGCATGCTTGACCCCTACAG,0,4481700
yahC_predicted,0.3333333333333333,2,2,GGCAACATGTGCTATAAGGT,0,4500691
yahC_predicted,0.3333333333333333,2,2,GGATTCCGAATCGTGAATAC,0,4477077
yahC_predicted,0.3333333333333333,2,2,GGATTCCATACTCTGTGATC,0,4502753
yahC_predicted,0.3333333333333333,2,2,GGATGTTGTAATTCATAGCT,0,4474707
yahC_predicted,0.3333333333333333,2,2,GGATCCTGAATAGGTATCAG,0,4511758
yahC_predicted,0.3333333333333333,2,2,GGATATTGCTCCTTGACAGG,0,4499092
yahC_predicted,0.3333333333333333,2,2,GGATATCTAGTTCGCAGCCC,0,4478387
yahC_predicted,0.3333333333333333,2,2,GGATACAGCGGCACCTCTGG,0,4506152
yahC_predicted,0.3333333333333333,2,2,GGAGGTCTCACTGGACACGA,0,4502001
yahC_predicted,0.3333333333333333,2,2,GGAGGCGCTGTACCCCTTTT,0,4490921
yahC_predicted,0.3333333333333333,2,2,GGAGAACGTAGTATAGTCGT,0,4508467
yahC_predicted,0.3333333333333333,2,2,GGACTTGTATGTGGGGAATC,0,4497209
yahC_predicted,0.3333333333333333,2,2,GGACGATGTAGATGACGGTC,0,4481485
yahC_predicted,0.3333333333333333,2,2,GGACCGCTGCCTATCATTTG,0,4488242
yahC_predicted,0.3333333333333333,2,2,GGAAGCACCTACATGAAGGT,0,4496734
yahC_predicted,0.3333333333333333,2,2,GGAAGAATGTGATGCAGGAC,0,4497057
yahC_predicted,0.3333333333333333,2,2,GGAACCTGCGATCACGGAGT,0,4486491
yahC_predicted,0.3333333333333333,2,2,GGAACATTGAGCTTGCAAAG,0,4480477
yahC_predicted,0.3333333333333333,2,2,GGAAAGCGATCGCATGACTT,0,4476761
yahC_predicted,0.3333333333333333,2,2,GCTTTTGCCCCCACATGTAA,0,4483139
yahC_predicted,0.3333333333333333,2,2,GCTTTTGACAACAGAAATCC,0,4490934
yahC_predicted,0.3333333333333333,2,2,GCTTTAGTTTTGGACTCTGA,0,4501413
yahC_predicted,0.3333333333333333,2,2,GCTTGTTAACAACGCTCACG,0,4501082
yahC_predicted,0.3333333333333333,2,2,GCTTGTGCATATGTGGCACA,0,4497164
yahC_predicted,0.3333333333333333,2,2,GCTTGCCCGACTCCTGACGC,0,4505790
yahC_predicted,0.3333333333333333,2,2,GCTTCAGCAAAAATTCAAAA,0,4480670
yahC_predicted,0.3333333333333333,2,2,GCTTAGTTAGGTAGGACCGA,0,4481512
yahC_predicted,0.3333333333333333,2,2,GCTTAGTCGATTTCCGTGAG,0,4493664
yahC_predicted,0.3333333333333333,2,2,GCTGTTTAGAGTGATTACTT,0,4499442
yahC_predicted,0.3333333333333333,2,2,GCTGTTAGAATACTCATAAA,0,4506593
yahC_predicted,0.3333333333333333,2,2,GCTGTCCGTGAGCGTACTAA,0,4506292
yahC_predicted,0.3333333333333333,2,2,GCTGGTCCCATAAGCGTGCC,0,4499615
yahC_predicted,0.3333333333333333,2,2,GCTGGGGAGGAGCGACATTG,0,4480400
yahC_predicted,0.3333333333333333,2,2,GCTGGCCGAGTCATTGGAGG,0,4481994
yahC_predicted,0.3333333333333333,2,2,GCTGGAAATGTTCACCGTGG,0,4488361
yahC_predicted,0.3333333333333333,2,2,GCTCGGACTCCTCTTCCTGC,0,4474161
yahC_predicted,0.3333333333333333,2,2,GCTATGCTAGGACGTAAGGA,0,4477234
yahC_predicted,0.3333333333333333,2,2,GCTAATCTAACAGAGCTTAC,0,4477379
yahC_predicted,0.3333333333333333,2,2,GCGTTTTGAGACGCTTGCTC,0,4507774
yahC_predicted,0.3333333333333333,2,2,GCGTTTGTAGAGCCCGGGTA,0,4489226
yahC_predicted,0.3333333333333333,2,2,GCGTTAGACCCGATATAATC,0,4494551
yahC_predicted,0.3333333333333333,2,2,GCGTATCGGACACTATTTAG,0,4472687
yahC_predicted,0.3333333333333333,2,2,GCGGTTTTTATCTGTTGCAC,0,4475564
yahC_predicted,0.3333333333333333,2,2,GCGGGTGCCGGTGGCTCGGG,0,4490197
yahC_predicted,0.3333333333333333,2,2,GCGGCGAGTAGGCCTTTGAT,0,4498437
yahC_predicted,0.3333333333333333,2,2,GCGGCAGAGAATAACAAATT,0,4476346
yahC_predicted,0.3333333333333333,2,2,GCGGATGACCCAGGGTGTCG,0,4503379
yahC_predicted,0.3333333333333333,2,2,GCGGAGTAGCGATCGTGATA,0,4511874
yahC_predicted,0.3333333333333333,2,2,GCGGAGCACGTAGCACTGTG,0,4503125
yahC_predicted,0.3333333333333333,2,2,GCGGAATTTTGCCTGTAAGT,0,4489196
yahC_predicted,0.3333333333333333,2,2,GCGCGCACACCGTTGCAGGC,0,4482995
yahC_predicted,0.3333333333333333,2,2,GCGCGAGTCTTTTGGCTCAG,0,4495586
yahC_predicted,0.3333333333333333,2,2,GCGCCACGGTCATGATAATT,0,4506020
yahC_predicted,0.3333333333333333,2,2,GCGCACATGATCACATCAAA,0,4492550
yahC_predicted,0.3333333333333333,2,2,GCGATCTGTAGTCCCCTCTA,0,4511948
yahC_predicted,0.3333333333333333,2,2,GCGACCCTTGGGAGTCGTAG,0,4509008
yahC_predicted,0.3333333333333333,2,2,GCCTTTTCAAGCTCTAAAGC,0,4512030
yahC_predicted,0.3333333333333333,2,2,GCCTTATCGTGCGATCTCAT,0,4474394
yahC_predicted,0.3333333333333333,2,2,GCCTTAGTCTCGCCCACCTT,0,4483992
yahC_predicted,0.3333333333333333,2,2,GCCTGGTCCTGGAATACTCT,0,4473096
yahC_predicted,0.3333333333333333,2,2,GCCTGCTGGCAGGAATGTAT,0,4480642
yahC_predicted,0.3333333333333333,2,2,GCCTGCGATTGACAGTTTAG,0,4489835
yahC_predicted,0.3333333333333333,2,2,GCCTAGCAATTGTAACGGGT,0,4474828
yahC_predicted,0.3333333333333333,2,2,GCCGGCGGGACAAACAGTTG,0,4511814
yahC_predicted,0.3333333333333333,2,2,GCCCTCGGGCTACCCATATT,0,4488180
yahC_predicted,0.3333333333333333,2,2,GCCCGTTAGTGACTACGTGT,0,4482833
yahC_predicted,0.3333333333333333,2,2,GCCCGCCGGTGACTGGGTAA,0,4494871
yahC_predicted,0.3333333333333333,2,2,GCCCGATCACTTAGAATCAT,0,4490637
yahC_predicted,0.3333333333333333,2,2,GCCCCCGTCTCGCACACGGT,0,4492989
yahC_predicted,0.3333333333333333,2,2,GCCATTTCACAGCACGGGAT,0,4486595
yahC_predicted,0.3333333333333333,2,2,GCCACCCGCATCTGCTCCGG,0,4498708
yahC_predicted,0.3333333333333333,2,2,GCCACCAATCAGGAAATACA,0,4507445
yahC_predicted,0.3333333333333333,2,2,GCCACATTCGATACCGGGTG,0,4490033
yahC_predicted,0.3333333333333333,2,2,GCATTAAAAGCTTAAGGATC,0,4501932
yahC_predicted,0.3333333333333333,2,2,GCATCTGTTAATCAGAAATG,0,4481557
yahC_predicted,0.3333333333333333,2,2,GCATCCCCGATGGCGCAAAA,0,4490291
yahC_predicted,0.3333333333333333,2,2,GCATAGTCACATACGGTGTG,0,4493213
yahC_predicted,0.3333333333333333,2,2,GCAGTGAAAAATAAGATGCA,0,4504611
yahC_predicted,0.3333333333333333,2,2,GCAGTCAATAATCTTTTAAT,0,4493546
yahC_predicted,0.3333333333333333,2,2,GCAGGGCTAGGCAAACTAAG,0,4493548
yahC_predicted,0.3333333333333333,2,2,GCAGATGCCGTTGAATTATG,0,4495222
yahC_predicted,0.3333333333333333,2,2,GCAGAGATGAGCGGTGGATA,0,4509243
yahC_predicted,0.3333333333333333,2,2,GCAGAAAGCGTGAGTCGGGT,0,4500669
yahC_predicted,0.3333333333333333,2,2,GCACTCTTCAGGAAAGCGTG,0,4480476
yahC_predicted,0.3333333333333333,2,2,GCACTCTCCCACACGGGTAG,0,4472848
yahC_predicted,0.3333333333333333,2,2,GCACGAAGACGATGACAGTG,0,4475831
yahC_predicted,0.3333333333333333,2,2,GCACCCTCGATATTCGAACT,0,4478640
yahC_predicted,0.3333333333333333,2,2,GCACAATTCATGTGATGTTT,0,4493933
yahC_predicted,0.3333333333333333,2,2,GCAATGATCAATTTAATATA,0,4498013
yahC_predicted,0.3333333333333333,2,2,GCAAATCACTGAAAGCAGAC,0,4481602
yahC_predicted,0.3333333333333333,2,2,GATTTTAATTAAAGGCATCA,0,4482696
yahC_predicted,0.3333333333333333,2,2,GATTGATAAGCTTAGTTTAA,0,4500675
yahC_predicted,0.3333333333333333,2,2,GATTCTCGATACGTTGCCGG,0,4503688
yahC_predicted,0.3333333333333333,2,2,GATTATTCTCTCTTGTGATA,0,4472944
yahC_predicted,0.3333333333333333,2,2,GATGTTCTTGCGTCCCCTGA,0,4474734
yahC_predicted,0.3333333333333333,2,2,GATGGGCGAGCCTCACCACA,0,4492652
yahC_predicted,0.3333333333333333,2,2,GATGCGTCCGCGTGGCCCCA,0,4507630
yahC_predicted,0.3333333333333333,2,2,GATGATCAGGGTGGGAGGCC,0,4477149
yahC_predicted,0.3333333333333333,2,2,GATGACAAACAAGCAGCGAG,0,4507818
yahC_predicted,0.3333333333333333,2,2,GATCTTACTCACGTGTTCTC,0,4501361
yahC_predicted,0.3333333333333333,2,2,GATCTATCGTTGTAAGTTTG,0,4511745
yahC_predicted,0.3333333333333333,2,2,GATCGTCGTTTACACCGCGG,0,4500471
yahC_predicted,0.3333333333333333,2,2,GATCGAGATGGAACAAGAAG,0,4497564
yahC_predicted,0.3333333333333333,2,2,GATCATCGTGTTCGTAGACG,0,4511544
yahC_predicted,0.3333333333333333,2,2,GATCACACATTGTTGTAGGT,0,4510549
yahC_predicted,0.3333333333333333,2,2,GATATCGCCGCGTGTCTAGG,0,4502691
yahC_predicted,0.3333333333333333,2,2,GATAGCGTATGCCCGCGTAC,0,4488045
yahC_predicted,0.3333333333333333,2,2,GATACGAGCGGCGCTACTGT,0,4498447
yahC_predicted,0.3333333333333333,2,2,GATAAGACGATGGACTAAGT,0,4503185
yahC_predicted,0.3333333333333333,2,2,GATAACCACGACCTTCCTGT,0,4507084
yahC_predicted,0.3333333333333333,2,2,GATAAACGGCGATCAATGTG,0,4506077
yahC_predicted,0.3333333333333333,2,2,GAGTTTATCTGAATACACGA,0,4489460
yahC_predicted,0.3333333333333333,2,2,GAGTGCCTCTACTTCGTCCC,0,4505777
yahC_predicted,0.3333333333333333,2,2,GAGTCGATTTCCATTAGGGC,0,4486845
yahC_predicted,0.3333333333333333,2,2,GAGTAGGACCAGCGATAGTG,0,4477052
yahC_predicted,0.3333333333333333,2,2,GAGGTTGAATACGCCCCAAC,0,4482397
yahC_predicted,0.3333333333333333,2,2,GAGGTTATTCGTCATGGTGA,0,4497433
yahC_predicted,0.3333333333333333,2,2,GAGGTGGTAGCGTAATGTGG,0,4478462
yahC_predicted,0.3333333333333333,2,2,GAGGGTTTGAGAAATGCCCA,0,4488906
yahC_predicted,0.3333333333333333,2,2,GAGGGTTAATCCTCGCATTA,0,4509784
yahC_predicted,0.3333333333333333,2,2,GAGCGGCAAAGAGCCGCAGC,0,4502998
yahC_predicted,0.3333333333333333,2,2,GAGCCTTTTTCTGGCCACCA,0,4489900
yahC_predicted,0.3333333333333333,2,2,GAGATTGTCACCCATCATGC,0,4498942
yahC_predicted,0.3333333333333333,2,2,GAGATTGGTCATAACATGAA,0,4490165
yahC_predicted,0.3333333333333333,2,2,GAGATTCTTTGCAATGTAGT,0,4503614
yahC_predicted,0.3333333333333333,2,2,GAGATGTATACTGTCGATTC,0,4505933
yahC_predicted,0.3333333333333333,2,2,GAGATGGGCGGTGTTTCGAC,0,4501320
yahC_predicted,0.3333333333333333,2,2,GAGATCTGAGGTATGGGGCA,0,4483862
yahC_predicted,0.3333333333333333,2,2,GAGAGGGACACTTTCATCAG,0,4495393
yahC_predicted,0.3333333333333333,2,2,GAGACAGTGGTTCAATGCTA,0,4477509
yahC_predicted,0.3333333333333333,2,2,GACTTGTGAATTAGCTCTCT,0,4479533
yahC_predicted,0.3333333333333333,2,2,GACTGTATCCCGTCTTGCGA,0,4497606
yahC_predicted,0.3333333333333333,2,2,GACGGGGTGTTGATGAGTCT,0,4511793
yahC_predicted,0.3333333333333333,2,2,GACGCCGGCCAGTCATGGCC,0,4497104
yahC_predicted,0.3333333333333333,2,2,GACGAGGGGATCATACCACT,0,4507667
yahC_predicted,0.3333333333333333,2,2,GACGAATCAGAACTTAGAAC,0,4489112
yahC_predicted,0.3333333333333333,2,2,GACCTTAAATAATCTACCGC,0,4483840
yahC_predicted,0.3333333333333333,2,2,GACCTATCAGTGACCCGTAC,0,4501602
yahC_predicted,0.3333333333333333,2,2,GACCGTGGCACGGCCGTGGG,0,4495198
yahC_predicted,0.3333333333333333,2,2,GACATGTTACGGGGAACTAC,0,4499811
yahC_predicted,0.3333333333333333,2,2,GACATGTCTTAGCGACCGAC,0,4492263
yahC_predicted,0.3333333333333333,2,2,GACAGGTGGGCGTTTCCCAA,0,4484626
yahC_predicted,0.3333333333333333,2,2,GACAGGCTCATCCAATTAGC,0,4475659
yahC_predicted,0.3333333333333333,2,2,GACAGAGACAGTCATAGCGA,0,4486493
yahC_predicted,0.3333333333333333,2,2,GACAAGCTCATTGTAAGGCT,0,4485292
yahC_predicted,0.3333333333333333,2,2,GAATTCGCTTGTTTATGTGG,0,4483921
yahC_predicted,0.3333333333333333,2,2,GAATGTGATTAACCTCAAAT,0,4492678
yahC_predicted,0.3333333333333333,2,2,GAATATATGTTCGTTCGATG,0,4495777
yahC_predicted,0.3333333333333333,2,2,GAATAGCGGGGATACCTCTA,0,4491321
yahC_predicted,0.3333333333333333,2,2,GAATAATATAGTTATCCGTT,0,4502441
yahC_predicted,0.3333333333333333,2,2,GAAGGTTATGGTTCCAAGGT,0,4497501
yahC_predicted,0.3333333333333333,2,2,GAAGCTGACTGTATAAACGA,0,4495800
yahC_predicted,0.3333333333333333,2,2,GAAGCTACCTTGCGCACAAG,0,4488098
yahC_predicted,0.3333333333333333,2,2,GAAGATGGCCGCATACGCAC,0,4501344
yahC_predicted,0.3333333333333333,2,2,GAACCGGTGAAGAATCGCTC,0,4504708
yahC_predicted,0.3333333333333333,2,2,GAACAATTCGTGTCACCTTC,0,4499400
yahC_predicted,0.3333333333333333,2,2,GAAATTAAGTGCGTTGAGTG,0,4478490
yahC_predicted,0.3333333333333333,2,2,GAAATATCTTACAATCACCC,0,4504255
yahC_predicted,0.3333333333333333,2,2,GAAAATTCCCATGGTCTGTT,0,4486865
yahC_predicted,0.3333333333333333,2,2,GAAAAAGATTGCATCGGACG,0,4485331
yahC_predicted,0.3333333333333333,2,2,CTTTGTACAAACCCTGCGGA,0,4484820
yahC_predicted,0.3333333333333333,2,2,CTTTGAGGCGTAGTGTCCCA,0,4492224
yahC_predicted,0.3333333333333333,2,2,CTTTGACACGTGATCCTTTC,0,4490132
yahC_predicted,0.3333333333333333,2,2,CTTTCTGAGAGGGTCCGCTG,0,4511173
yahC_predicted,0.3333333333333333,2,2,CTTTCGGCGCTGGGTGCTGA,0,4491766
yahC_predicted,0.3333333333333333,2,2,CTTTAAGTCGTTGATGGAGA,0,4495888
yahC_predicted,0.3333333333333333,2,2,CTTGTGCAATTTGCCCCGGT,0,4483673
yahC_predicted,0.3333333333333333,2,2,CTTGTCACCTCTATATGGCC,0,4491386
yahC_predicted,0.3333333333333333,2,2,CTTGGTCTTAATTCGTCAAC,0,4492358
yahC_predicted,0.3333333333333333,2,2,CTTGGATGCCCGGGAGCCTT,0,4512096
yahC_predicted,0.3333333333333333,2,2,CTTGATTTGCTGTTATCTAC,0,4480664
yahC_predicted,0.3333333333333333,2,2,CTTGAGTTGCAAAATCGTAC,0,4486756
yahC_predicted,0.3333333333333333,2,2,CTTGAGTAGCTTTGGATGTT,0,4478695
yahC_predicted,0.3333333333333333,2,2,CTTGAACTGGGACCATCTGA,0,4497323
yahC_predicted,0.3333333333333333,2,2,CTTCTGTCTGGCACAACGCC,0,4502130
yahC_predicted,0.3333333333333333,2,2,CTTCTATGTCTTTGTCTTGG,0,4506131
yahC_predicted,0.3333333333333333,2,2,CTTCGGTCGTTTCCTCAGCT,0,4478287
yahC_predicted,0.3333333333333333,2,2,CTTCATTGTTTATAGGTTAG,0,4492145
yahC_predicted,0.3333333333333333,2,2,CTTCAAGGTCAAGTAGGACA,0,4508381
yahC_predicted,0.3333333333333333,2,2,CTTATCTTTCGTGTTATTCC,0,4503991
yahC_predicted,0.3333333333333333,2,2,CTTAGTTAGTCATACGGACA,0,4508919
yahC_predicted,0.3333333333333333,2,2,CTTAGGGCTTACGGTCCCGG,0,4507088
yahC_predicted,0.3333333333333333,2,2,CTTACTTGTGTAAAAGGCTT,0,4502942
yahC_predicted,0.3333333333333333,2,2,CTTACGGGCATTCAACTTCA,0,4484153
yahC_predicted,0.3333333333333333,2,2,CTTAAACCAAGGTAAGCGGA,0,4503792
yahC_predicted,0.3333333333333333,2,2,CTGTCCGGGACGGCCGACTA,0,4506952
yahC_predicted,0.3333333333333333,2,2,CTGTATCTCTTCGGGTATGC,0,4490190
yahC_predicted,0.3333333333333333,2,2,CTGTATAACAGGCCTTGACG,0,4502190
yahC_predicted,0.3333333333333333,2,2,CTGGTGCGAATCCGATATTA,0,4504853
yahC_predicted,0.3333333333333333,2,2,CTGGTACACATGAGTAGAAC,0,4509135
yahC_predicted,0.3333333333333333,2,2,CTGGGGATCGACAGCCCTCA,0,4480845
yahC_predicted,0.3333333333333333,2,2,CTGGGCCACAAACGTGATTT,0,4485796
yahC_predicted,0.3333333333333333,2,2,CTGGATCTCTCAGGACTTGA,0,4474528
yahC_predicted,0.3333333333333333,2,2,CTGCTCTGGTAAATCTGCAA,0,4489753
yahC_predicted,0.3333333333333333,2,2,CTGCCTCCCGCTATCATACC,0,4483131
yahC_predicted,0.3333333333333333,2,2,CTGCCCCTCGTTCATCGGAA,0,4509595
yahC_predicted,0.3333333333333333,2,2,CTGCACTGGAGGCACATCAG,0,4489014
yahC_predicted,0.3333333333333333,2,2,CTGAGAGCCAGACTTCCCGA,0,4500128
yahC_predicted,0.3333333333333333,2,2,CTGAGAGCAACATTCCTAGA,0,4501218
yahC_predicted,0.3333333333333333,2,2,CTGACGCAACGTTAAACCAA,0,4490289
yahC_predicted,0.3333333333333333,2,2,CTCTTTGAAATGTTCCACCC,0,4506422
yahC_predicted,0.3333333333333333,2,2,CTCTTTATGCTGCGCCCGGA,0,4509059
yahC_predicted,0.3333333333333333,2,2,CTCTTCGTAGATATCGCCCT,0,4492473
yahC_predicted,0.3333333333333333,2,2,CTCTGGCATGAAGACGGGGG,0,4511488
yahC_predicted,0.3333333333333333,2,2,CTCTCTTCTTCGGTCTAACA,0,4494144
yahC_predicted,0.3333333333333333,2,2,CTCTCCATCAATAAATGTTC,0,4483227
yahC_predicted,0.3333333333333333,2,2,CTCGGTAAACGGAATACGGG,0,4486303
yahC_predicted,0.3333333333333333,2,2,CTCGAAGGTGCGCCAGGCGT,0,4501169
yahC_predicted,0.3333333333333333,2,2,CTCCTTACAAGTCTGATGTT,0,4499529
yahC_predicted,0.3333333333333333,2,2,CTCCTTAAGTTAGCTGAAGT,0,4473497
yahC_predicted,0.3333333333333333,2,2,CTCCGTAGAGGCAGAATGGG,0,4491317
yahC_predicted,0.3333333333333333,2,2,CTCCGCCATCTCTAAGCCGG,0,4494865
yahC_predicted,0.3333333333333333,2,2,CTCCCTTGCCACACCGTATG,0,4472917
yahC_predicted,0.3333333333333333,2,2,CTCCCCTGAAGACTGAAGTG,0,4488639
yahC_predicted,0.3333333333333333,2,2,CTCCACACATCGCGATCCAA,0,4509834
yahC_predicted,0.3333333333333333,2,2,CTCCAAGCTCGAGCCCTTTG,0,4473650
yahC_predicted,0.3333333333333333,2,2,CTCATCGTAACCAGCTGTTC,0,4476982
yahC_predicted,0.3333333333333333,2,2,CTCATCCTGAAATGCCACAC,0,4494124
yahC_predicted,0.3333333333333333,2,2,CTCAGTTCACTCAGGGACTC,0,4507816
yahC_predicted,0.3333333333333333,2,2,CTATTGCATAGTAGAGTATT,0,4485310
yahC_predicted,0.3333333333333333,2,2,CTATGGGATCAACCAGGGAG,0,4479832
yahC_predicted,0.3333333333333333,2,2,CTATCCCCGAGCACTCACCT,0,4486014
yahC_predicted,0.3333333333333333,2,2,CTAGGCGTAGTATTGAGTCC,0,4488847
yahC_predicted,0.3333333333333333,2,2,CTACTTACCGGGATCAAAAA,0,4506325
yahC_predicted,0.3333333333333333,2,2,CTACTCTTAAACGTACGTTA,0,4488887
yahC_predicted,0.3333333333333333,2,2,CTACCCCGGTATGCAGGCGC,0,4492014
yahC_predicted,0.3333333333333333,2,2,CTACATCTTGTAGGTGTTCC,0,4474066
yahC_predicted,0.3333333333333333,2,2,CTACAGTTCAACCGGAATTA,0,4472575
yahC_predicted,0.3333333333333333,2,2,CTACAGCATCTTTTATCATG,0,4502044
yahC_predicted,0.3333333333333333,2,2,CTACAAAGACCTAAGAGAAC,0,4490395
yahC_predicted,0.3333333333333333,2,2,CTAATTAGCTCGATCCGTAC,0,4472999
yahC_predicted,0.3333333333333333,2,2,CTAACCAGGCGTCGTTCGAA,0,4473985
yahC_predicted,0.3333333333333333,2,2,CTAAATCGATGATCTGCCCA,0,4485910
yahC_predicted,0.3333333333333333,2,2,CTAAACATGGTACCAAATTA,0,4481499
yahC_predicted,0.3333333333333333,2,2,CGTTTTCCGGTAACAATAAA,0,4502857
yahC_predicted,0.3333333333333333,2,2,CGTTTATAGGTCGATAACAA,0,4509311
yahC_predicted,0.3333333333333333,2,2,CGTTCTTTTTGAGGTCTTCG,0,4502093
yahC_predicted,0.3333333333333333,2,2,CGTTACCTTGGAAGTAAGAA,0,4480894
yahC_predicted,0.3333333333333333,2,2,CGTGTTTTCGAAGTATGCCC,0,4494905
yahC_predicted,0.3333333333333333,2,2,CGTGTCGAGCTGAGGAAAGA,0,4500353
yahC_predicted,0.3333333333333333,2,2,CGTGTCCTTTAGTGCATGTA,0,4483363
yahC_predicted,0.3333333333333333,2,2,CGTGGGGGAGAAGGGCGGAC,0,4496871
yahC_predicted,0.3333333333333333,2,2,CGTGGCATCCACATCGGGTC,0,4479043
yahC_predicted,0.3333333333333333,2,2,CGTGGACTTTAATGTTGAAC,0,4499991
yahC_predicted,0.3333333333333333,2,2,CGTGCTCCGCTCCATCATCC,0,4478311
yahC_predicted,0.3333333333333333,2,2,CGTGCTAATTCGCGTACTGC,0,4501125
yahC_predicted,0.3333333333333333,2,2,CGTCGGTCTCCTCACCATAT,0,4473354
yahC_predicted,0.3333333333333333,2,2,CGTCCAACAATGACAAGAAT,0,4485595
yahC_predicted,0.3333333333333333,2,2,CGTCAGGCATATTCTCGATT,0,4481346
yahC_predicted,0.3333333333333333,2,2,CGTATTAATACCGCTGTATC,0,4473154
yahC_predicted,0.3333333333333333,2,2,CGTACGGCGCCCGTGAACCC,0,4498424
yahC_predicted,0.3333333333333333,2,2,CGGTTAGAAGGTTATGTTCT,0,4477666
yahC_predicted,0.3333333333333333,2,2,CGGTAGTGACAGATGGCTTG,0,4507552
yahC_predicted,0.3333333333333333,2,2,CGGTACAACTCCACAACCAA,0,4501511
yahC_predicted,0.3333333333333333,2,2,CGGGTTGTTACTGTCGAACA,0,4494330
yahC_predicted,0.3333333333333333,2,2,CGGGTCATGGTAAACTTATG,0,4486773
yahC_predicted,0.3333333333333333,2,2,CGGGGCCGAACCCTCTGAGT,0,4509723
yahC_predicted,0.3333333333333333,2,2,CGGGCGTCGATTCGTGCATA,0,4483159
yahC_predicted,0.3333333333333333,2,2,CGGGCGAGCTGTCTATGGCA,0,4492236
yahC_predicted,0.3333333333333333,2,2,CGGGACCTGGTTGGGACATA,0,4500508
yahC_predicted,0.3333333333333333,2,2,CGGGACCTCACTCGGGGCTT,0,4481217
yahC_predicted,0.3333333333333333,2,2,CGGGAATCAACTGGATGCAT,0,4485322
yahC_predicted,0.3333333333333333,2,2,CGGCTAAACGTGCGGTAGAT,0,4475651
yahC_predicted,0.3333333333333333,2,2,CGGCGTCCGGTATGCGACAA,0,4499473
yahC_predicted,0.3333333333333333,2,2,CGGCGTAGGCTTAAAGGTGG,0,4482814
yahC_predicted,0.3333333333333333,2,2,CGGCGATGATTTACTGTGGA,0,4479428
yahC_predicted,0.3333333333333333,2,2,CGGCCTGACTTCATCGTGGG,0,4475730
yahC_predicted,0.3333333333333333,2,2,CGGCCCTATTTAAGAGGGGG,0,4483760
yahC_predicted,0.3333333333333333,2,2,CGGCCCAATGGACAACATAT,0,4487142
yahC_predicted,0.3333333333333333,2,2,CGGCCAATCAAACGCGATAC,0,4481812
yahC_predicted,0.3333333333333333,2,2,CGGCAGACAAAGTGGTTTTG,0,4495208
yahC_predicted,0.3333333333333333,2,2,CGGCACATACAGACTCAGAA,0,4498530
yahC_predicted,0.3333333333333333,2,2,CGGCAAGAGCACAGGGCGAG,0,4486130
yahC_predicted,0.3333333333333333,2,2,CGGAAGGTCCCACCCCTAGT,0,4473811
yahC_predicted,0.3333333333333333,2,2,CGCTTCTAAGGCCCCAGACT,0,4482522
yahC_predicted,0.3333333333333333,2,2,CGCTCTGACACGGGTAGCCA,0,4499446
yahC_predicted,0.3333333333333333,2,2,CGCTATAGATTTCAAGCGGC,0,4509923
yahC_predicted,0.3333333333333333,2,2,CGCGTTGACGTAGCCTTGCT,0,4500350
yahC_predicted,0.3333333333333333,2,2,CGCGTGGTGTTCGGCCCGGT,0,4488095
yahC_predicted,0.3333333333333333,2,2,CGCGTAATGATTCCTGCGAG,0,4473577
yahC_predicted,0.3333333333333333,2,2,CGCGATTATAGGGCGCTCGT,0,4503063
yahC_predicted,0.3333333333333333,2,2,CGCCGATCCGCGGCGGCCCG,0,4507034
yahC_predicted,0.3333333333333333,2,2,CGCCCGCCAGAAAAACGACA,0,4500525
yahC_predicted,0.3333333333333333,2,2,CGCATACGGCCTTGAGATGG,0,4507156
yahC_predicted,0.3333333333333333,2,2,CGCATAAACCTCGAGACAAC,0,4492223
yahC_predicted,0.3333333333333333,2,2,CGCAGGGTAAGGCCATGGGC,0,4490439
yahC_predicted,0.3333333333333333,2,2,CGCAGCACTTTGCTCCATCT,0,4482708
yahC_predicted,0.3333333333333333,2,2,CGCACGTGTTTGCAGTTAAT,0,4511133
yahC_predicted,0.3333333333333333,2,2,CGCACATGACACTTAAAGAT,0,4498897
yahC_predicted,0.3333333333333333,2,2,CGATTCTTTGGCCTCATCGG,0,4474155
yahC_predicted,0.3333333333333333,2,2,CGATTAATCAGGCCGTAACT,0,4504244
yahC_predicted,0.3333333333333333,2,2,CGATATATGGGGCAATGAGG,0,4479553
yahC_predicted,0.3333333333333333,2,2,CGAGTGGGGGTCACTATTGT,0,4490205
yahC_predicted,0.3333333333333333,2,2,CGAGGAAGCCGGAGGACCCC,0,4492381
yahC_predicted,0.3333333333333333,2,2,CGAGCTATCTAAGTAGCGGT,0,4506001
yahC_predicted,0.3333333333333333,2,2,CGAGCATTCTGTTCTGAGGG,0,4484194
yahC_predicted,0.3333333333333333,2,2,CGAGAGGGAGACCAGGTATT,0,4494137
yahC_predicted,0.3333333333333333,2,2,CGAGACCCGGTACGATGGTT,0,4511156
yahC_predicted,0.3333333333333333,2,2,CGAGAATAATTAGGGGACCC,0,4481737
yahC_predicted,0.3333333333333333,2,2,CGACTAAGGAAAACCCCCAC,0,4473783
yahC_predicted,0.3333333333333333,2,2,CGACGTTCGTACTTACATCA,0,4511337
yahC_predicted,0.3333333333333333,2,2,CGACGCGCTCGAGATCTATC,0,4481531
yahC_predicted,0.3333333333333333,2,2,CGACCGGGTGGCGATACATC,0,4500667
yahC_predicted,0.3333333333333333,2,2,CGACCCAATACGGGTCCGTT,0,4494462
yahC_predicted,0.3333333333333333,2,2,CGACACACATGAGGATGGAA,0,4483064
yahC_predicted,0.3333333333333333,2,2,CGAAGTTTACCGGCCGGCTA,0,4484430
yahC_predicted,0.3333333333333333,2,2,CGAACGTGCGAGAAGCCCTG,0,4489533
yahC_predicted,0.3333333333333333,2,2,CGAACGACATCCCTTGTGGT,0,4510816
yahC_predicted,0.3333333333333333,2,2,CCTTTTTCTCAGATTACGTA,0,4493161
yahC_predicted,0.3333333333333333,2,2,CCTTTGGTTGTTGTAACGTG,0,4486206
yahC_predicted,0.3333333333333333,2,2,CCTGTTCGGACATTTACTAG,0,4486358
yahC_predicted,0.3333333333333333,2,2,CCTGGGTAAGCGGTTCACGG,0,4497885
yahC_predicted,0.3333333333333333,2,2,CCTGCCTCGCTTCATAGCGA,0,4487546
yahC_predicted,0.3333333333333333,2,2,CCTGACCTGGCAAGTCATAT,0,4498973
yahC_predicted,0.3333333333333333,2,2,CCTCGTAGGGTACTGATGAC,0,4480193
yahC_predicted,0.3333333333333333,2,2,CCTATCCTGACAGATTTATT,0,4489146
yahC_predicted,0.3333333333333333,2,2,CCTAGGTAATGAGGTATCAG,0,4480389
yahC_predicted,0.3333333333333333,2,2,CCTAATTAGCTCCCTTAAAT,0,4501736
yahC_predicted,0.3333333333333333,2,2,CCTAATACGGCCGGATGCAA,0,4490869
yahC_predicted,0.3333333333333333,2,2,CCGTTGTGGATCTATTGGAT,0,4488293
yahC_predicted,0.3333333333333333,2,2,CCGTGGTCCGAGTACGCAAG,0,4503836
yahC_predicted,0.3333333333333333,2,2,CCGTCTACGGCAAACTTGCG,0,4478931
yahC_predicted,0.3333333333333333,2,2,CCGTCGCTAAAGAGATCCTT,0,4488284
yahC_predicted,0.3333333333333333,2,2,CCGTCGAGGGATACGTTTCC,0,4489169
yahC_predicted,0.3333333333333333,2,2,CCGTATCTGTCTCTGTCCTT,0,4476158
yahC_predicted,0.3333333333333333,2,2,CCGGTAGGATATTGGGTGTA,0,4503084
yahC_predicted,0.3333333333333333,2,2,CCGGGCCACAGTGCCGTAGA,0,4496142
yahC_predicted,0.3333333333333333,2,2,CCGGCGTGACTTTCTCCACA,0,4478713
yahC_predicted,0.3333333333333333,2,2,CCGGAGGGGGCGGCCCTAGT,0,4490803
yahC_predicted,0.3333333333333333,2,2,CCGGAACCTAGGGGCGTTAT,0,4484649
yahC_predicted,0.3333333333333333,2,2,CCGCTCTGAGTTGTCATATA,0,4492087
yahC_predicted,0.3333333333333333,2,2,CCGCTACCTCCACGCCCGCA,0,4494541
yahC_predicted,0.3333333333333333,2,2,CCGCCTTACACATTAGATCT,0,4504714
yahC_predicted,0.3333333333333333,2,2,CCGCAGTAGTAGGTATCACG,0,4484284
yahC_predicted,0.3333333333333333,2,2,CCGATTTTACTGGTGTTACG,0,4489209
yahC_predicted,0.3333333333333333,2,2,CCGACTTCCCTCGTCTCCAA,0,4499295
yahC_predicted,0.3333333333333333,2,2,CCGACAGGAGAGTGAAATTG,0,4496875
yahC_predicted,0.3333333333333333,2,2,CCGAAGGCATTTTTCACCTT,0,4488103
yahC_predicted,0.3333333333333333,2,2,CCGAAGCTGCGATCCACTGG,0,4497475
yahC_predicted,0.3333333333333333,2,2,CCGAACGAGCGGCGGGCTGA,0,4507203
yahC_predicted,0.3333333333333333,2,2,CCGAACCTGTCAGGCGCCAA,0,4473499
yahC_predicted,0.3333333333333333,2,2,CCGAAATCGTTCGATGAAAC,0,4503942
yahC_predicted,0.3333333333333333,2,2,CCCTGGAGACCAAACGTAGG,0,4483640
yahC_predicted,0.3333333333333333,2,2,CCCTGACGTACGTTTTCGCA,0,4473813
yahC_predicted,0.3333333333333333,2,2,CCCTATCTGATTTCCTTTTT,0,4496100
yahC_predicted,0.3333333333333333,2,2,CCCTAAATTATGATGGGACG,0,4473602
yahC_predicted,0.3333333333333333,2,2,CCCGTTTAGGTCTCCTGGAA,0,4508549
yahC_predicted,0.3333333333333333,2,2,CCCGTCGCAATGAGCGTTTG,0,4480141
yahC_predicted,0.3333333333333333,2,2,CCCGGGCGCTTTTGTCTCAA,0,4507879
yahC_predicted,0.3333333333333333,2,2,CCCGCTAACGTGTACGTGTT,0,4490863
yahC_predicted,0.3333333333333333,2,2,CCCGCAGATGATCGCTAAGA,0,4507717
yahC_predicted,0.3333333333333333,2,2,CCCGCACAACGTAGGATGGG,0,4492939
yahC_predicted,0.3333333333333333,2,2,CCCGCAAGCCTTATAAGGTT,0,4496709
yahC_predicted,0.3333333333333333,2,2,CCCCGGCACGGGTTGCACGG,0,4508471
yahC_predicted,0.3333333333333333,2,2,CCCCGCAACTTTGTTGTTCC,0,4493598
yahC_predicted,0.3333333333333333,2,2,CCCCCCATCTCAAAAGGTGT,0,4509963
yahC_predicted,0.3333333333333333,2,2,CCCCCACGCGCATGGAGTCT,0,4505318
yahC_predicted,0.3333333333333333,2,2,CCCCAGGAGAGTTTGGCACT,0,4489229
yahC_predicted,0.3333333333333333,2,2,CCCCACGATTAGTGTCTACA,0,4505345
yahC_predicted,0.3333333333333333,2,2,CCCATCGTAGTTTCGCTCTC,0,4501899
yahC_predicted,0.3333333333333333,2,2,CCCATAAGGCAGGCCTACTG,0,4505641
yahC_predicted,0.3333333333333333,2,2,CCCACGATGGCATGAGCTTT,0,4493445
yahC_predicted,0.3333333333333333,2,2,CCATTGATACTCACTAATAA,0,4476080
yahC_predicted,0.3333333333333333,2,2,CCATGTATTATACTTTTAGG,0,4509502
yahC_predicted,0.3333333333333333,2,2,CCATCGTGCTTTGGTTCAAA,0,4473868
yahC_predicted,0.3333333333333333,2,2,CCATCGCTTGTAGCTTTTTA,0,4480995
yahC_predicted,0.3333333333333333,2,2,CCAGTTGGCTCATCCCGTCA,0,4499675
yahC_predicted,0.3333333333333333,2,2,CCAGTAAAGACACAGTCCGC,0,4475864
yahC_predicted,0.3333333333333333,2,2,CCACTGTACGAAAGTAGGCC,0,4506927
yahC_predicted,0.3333333333333333,2,2,CCACGATCGTAAGATCGTTA,0,4488124
yahC_predicted,0.3333333333333333,2,2,CCACCCTAGGGACTCATCAA,0,4487805
yahC_predicted,0.3333333333333333,2,2,CCACAGTTGGGGGAAGCGGG,0,4487255
yahC_predicted,0.3333333333333333,2,2,CCAAAGTCCCTCGCTCTAAA,0,4501102
yahC_predicted,0.3333333333333333,2,2,CCAAAAAGCGTGACCCGATC,0,4498391
yahC_predicted,0.3333333333333333,2,2,CATTGGAAGAGACTATCTCT,0,4506100
yahC_predicted,0.3333333333333333,2,2,CATTGCCCTCATGGTCCGGG,0,4505815
yahC_predicted,0.3333333333333333,2,2,CATTATCGAACTCAGACGGA,0,4488452
yahC_predicted,0.3333333333333333,2,2,CATTAATCAGTAGTCCGGGT,0,4472500
yahC_predicted,0.3333333333333333,2,2,CATGTCCGGGGACGACAAAT,0,4511920
yahC_predicted,0.3333333333333333,2,2,CATGTACGTTCAGCAGTTCA,0,4475712
yahC_predicted,0.3333333333333333,2,2,CATGTACCGTATTTGAAACT,0,4497484
yahC_predicted,0.3333333333333333,2,2,CATGGGTCTAGCACGTAACG,0,4503779
yahC_predicted,0.3333333333333333,2,2,CATCTTTCTTTGGATACCAT,0,4474185
yahC_predicted,0.3333333333333333,2,2,CATCTCAAAGGACTCTCTGA,0,4510146
yahC_predicted,0.3333333333333333,2,2,CATCTACTGCTGTGGAGGGA,0,4482488
yahC_predicted,0.3333333333333333,2,2,CATCGTTATCTTGATATCGG,0,4511424
yahC_predicted,0.3333333333333333,2,2,CATCGTCCGTGTAAGTTCGG,0,4492809
yahC_predicted,0.3333333333333333,2,2,CATCCGTTTTACGGAGATTC,0,4479385
yahC_predicted,0.3333333333333333,2,2,CATCCAGCCAGGCCACGTCA,0,4508975
yahC_predicted,0.3333333333333333,2,2,CATATACCGTGATATCGGCA,0,4486323
yahC_predicted,0.3333333333333333,2,2,CATAGGGAGCTAATCTTTCA,0,4502714
yahC_predicted,0.3333333333333333,2,2,CATAGAGCAGCATGATGACG,0,4489465
yahC_predicted,0.3333333333333333,2,2,CATAAAGTTGATTAAGAAAC,0,4502809
yahC_predicted,0.3333333333333333,2,2,CAGTGCGTTCATCCACACTC,0,4487002
yahC_predicted,0.3333333333333333,2,2,CAGTCAAATATAATGTTCAG,0,4511360
yahC_predicted,0.3333333333333333,2,2,CAGGTTGTGTCTCACCAGTG,0,4504800
yahC_predicted,0.3333333333333333,2,2,CAGCTTCCGGTTAATGCAAA,0,4511437
yahC_predicted,0.3333333333333333,2,2,CAGCTCTGTAAGATAGTAGG,0,4489427
yahC_predicted,0.3333333333333333,2,2,CAGCGGTTAAATATGGGTGT,0,4494659
yahC_predicted,0.3333333333333333,2,2,CAGCCTCAGTGGCGCGGCCC,0,4505955
yahC_predicted,0.3333333333333333,2,2,CAGCCGGTCACCACACTCTG,0,4473834
yahC_predicted,0.3333333333333333,2,2,CAGCACCGACTGATGGTACT,0,4497712
yahC_predicted,0.3333333333333333,2,2,CAGATCGTGATGTCACGAGC,0,4502493
yahC_predicted,0.3333333333333333,2,2,CAGAGTAGCCAATGCACTGT,0,4472973
yahC_predicted,0.3333333333333333,2,2,CAGAGCGGCCAATACTGGAA,0,4493890
yahC_predicted,0.3333333333333333,2,2,CAGAAAGAGCAGCCTCGCAA,0,4498554
yahC_predicted,0.3333333333333333,2,2,CACTGAAGGGATCCGACTAC,0,4496141
yahC_predicted,0.3333333333333333,2,2,CACTCTTGGTTTCAAGAAGA,0,4506334
yahC_predicted,0.3333333333333333,2,2,CACGTGTGCCCCACCCGCGG,0,4486892
yahC_predicted,0.3333333333333333,2,2,CACGGGCGGCCCAGTTTGCT,0,4495942
yahC_predicted,0.3333333333333333,2,2,CACGGCCGCGTCACGCGTGG,0,4494927
yahC_predicted,0.3333333333333333,2,2,CACGCGTAGCAAGGCATCGA,0,4510035
yahC_predicted,0.3333333333333333,2,2,CACCCTCAGGTTCTAGGACC,0,4506621
yahC_predicted,0.3333333333333333,2,2,CACCATTTTTGTTCTAAGCA,0,4479882
yahC_predicted,0.3333333333333333,2,2,CACCATCGCGTTAAGGTTGT,0,4479754
yahC_predicted,0.3333333333333333,2,2,CACAAGATCATTTTTTTCTG,0,4484225
yahC_predicted,0.3333333333333333,2,2,CACAAGAGACATCGGGCAAC,0,4503757
yahC_predicted,0.3333333333333333,2,2,CACAACGTCCCGCCTCCGTA,0,4475481
yahC_predicted,0.3333333333333333,2,2,CAATTTACGTTCTAAAAACA,0,4489253
yahC_predicted,0.3333333333333333,2,2,CAATTCTAATGGTACTGTAC,0,4481187
yahC_predicted,0.3333333333333333,2,2,CAATTCGGTGCGACTCAGAG,0,4503595
yahC_predicted,0.3333333333333333,2,2,CAATGGTATACATAATGTGT,0,4511137
yahC_predicted,0.3333333333333333,2,2,CAATGCGGGTCCACCACTCC,0,4477434
yahC_predicted,0.3333333333333333,2,2,CAATCGGCGCGCAGGGTTCA,0,4507773
yahC_predicted,0.3333333333333333,2,2,CAATCCGGTCAACTCCCACC,0,4496363
yahC_predicted,0.3333333333333333,2,2,CAAGGGGGTGAAACGTGCGC,0,4487762
yahC_predicted,0.3333333333333333,2,2,CAAGGCGCTTCGGTAGCCGT,0,4493021
yahC_predicted,0.3333333333333333,2,2,CAAGGCCTGACTAATAATTC,0,4505310
yahC_predicted,0.3333333333333333,2,2,CAAGCACCGCACTCGCTCGT,0,4479785
yahC_predicted,0.3333333333333333,2,2,CAAGACCTATTTACGCATTA,0,4502983
yahC_predicted,0.3333333333333333,2,2,CAACTTGTCCCTCTATTCGG,0,4501492
yahC_predicted,0.3333333333333333,2,2,CAACTCTTTCAGTTTATATT,0,4492443
yahC_predicted,0.3333333333333333,2,2,CAACTCAACCGTCTTTTCAA,0,4511922
yahC_predicted,0.3333333333333333,2,2,CAACGAAATGCGTAGCATTG,0,4502836
yahC_predicted,0.3333333333333333,2,2,CAACCCGACTGACGAGAACG,0,4498713
yahC_predicted,0.3333333333333333,2,2,CAACAGTCCCCTCTACGCGT,0,4483786
yahC_predicted,0.3333333333333333,2,2,CAAACCCGGTTCGTGGATGG,0,4481798
yahC_predicted,0.3333333333333333,2,2,ATTTTGAGTCAAGGAATCCT,0,4474316
yahC_predicted,0.3333333333333333,2,2,ATTTTGAGACCCCTTGCTTG,0,4491554
yahC_predicted,0.3333333333333333,2,2,ATTTGCTTGCGGGAGTTGGA,0,4506959
yahC_predicted,0.3333333333333333,2,2,ATTTGCGAGTGCTCCTGCTC,0,4490436
yahC_predicted,0.3333333333333333,2,2,ATTTAGTGTCTTTCCCCCGC,0,4503760
yahC_predicted,0.3333333333333333,2,2,ATTTAATAGTTGGGTTAAAC,0,4503765
yahC_predicted,0.3333333333333333,2,2,ATTGTACACTTGATACCCAG,0,4500612
yahC_predicted,0.3333333333333333,2,2,ATTGGCTAACCTGGTAGGTG,0,4494269
yahC_predicted,0.3333333333333333,2,2,ATTCGCAAGGGTCACGGGAG,0,4491066
yahC_predicted,0.3333333333333333,2,2,ATTCGATTCAGTATCCACCT,0,4473258
yahC_predicted,0.3333333333333333,2,2,ATTCGATGACTTTTTTATTT,0,4490443
yahC_predicted,0.3333333333333333,2,2,ATTCCAGGCGCTTTGTAGTT,0,4480637
yahC_predicted,0.3333333333333333,2,2,ATTCAGTAATGGGTCTGGTG,0,4493185
yahC_predicted,0.3333333333333333,2,2,ATTACATGACCTGGAGGGCA,0,4494423
yahC_predicted,0.3333333333333333,2,2,ATTAATGTACTAGAGGCGTA,0,4480839
yahC_predicted,0.3333333333333333,2,2,ATTAATGCACCGGGTCAGCA,0,4474226
yahC_predicted,0.3333333333333333,2,2,ATTAATCGCGAGCACTCCGA,0,4505334
yahC_predicted,0.3333333333333333,2,2,ATGTTTCTGCACGGCGGGGA,0,4511989
yahC_predicted,0.3333333333333333,2,2,ATGTTGTCGCTGGGACCGGA,0,4485904
yahC_predicted,0.3333333333333333,2,2,ATGTGCATTTTGAGATCCGT,0,4488159
yahC_predicted,0.3333333333333333,2,2,ATGTAGCTCTATGGAAACTA,0,4475314
yahC_predicted,0.3333333333333333,2,2,ATGTAAAAATTGTACTGATA,0,4477352
yahC_predicted,0.3333333333333333,2,2,ATGGTCTTCGGAAAGTCCAT,0,4488250
yahC_predicted,0.3333333333333333,2,2,ATGGGTTGCCCGCCAAGGTT,0,4490032
yahC_predicted,0.3333333333333333,2,2,ATGGCTGAAACGTTATCCCG,0,4496774
yahC_predicted,0.3333333333333333,2,2,ATGCTTTGGTTGGACTCGTT,0,4509275
yahC_predicted,0.3333333333333333,2,2,ATGCTTCGTCTCCGTGTCCT,0,4505827
yahC_predicted,0.3333333333333333,2,2,ATGCTTCAATCTGAGCCAAC,0,4485395
yahC_predicted,0.3333333333333333,2,2,ATGCTCTCTGTGCTAGAGTC,0,4501292
yahC_predicted,0.3333333333333333,2,2,ATGCTCGATGGAGGATAGAC,0,4472471
yahC_predicted,0.3333333333333333,2,2,ATGCTCCACTTTACGGACAA,0,4498471
yahC_predicted,0.3333333333333333,2,2,ATGCTATGCCAACGAGAAAC,0,4477765
yahC_predicted,0.3333333333333333,2,2,ATGCGAGATTTATCGAAAAG,0,4478995
yahC_predicted,0.3333333333333333,2,2,ATGCCTGAATTTAATCGGAC,0,4504562
yahC_predicted,0.3333333333333333,2,2,ATGCCCATTGGCTTCGGTGG,0,4478746
yahC_predicted,0.3333333333333333,2,2,ATGCAGTTCAGGGAGGCTAT,0,4501904
yahC_predicted,0.3333333333333333,2,2,ATGCAGTAGTGCCGTCAGAA,0,4498907
yahC_predicted,0.3333333333333333,2,2,ATGCAATTGTGTATGGGACT,0,4504045
yahC_predicted,0.3333333333333333,2,2,ATGCAATTCGCAGTGTTTCA,0,4509331
yahC_predicted,0.3333333333333333,2,2,ATGCAAGCTCTTCCTTGTAA,0,4500830
yahC_predicted,0.3333333333333333,2,2,ATGCAAGACACCCTCGGGGC,0,4476718
yahC_predicted,0.3333333333333333,2,2,ATGATGGCGATTGCGCCTGC,0,4511718
yahC_predicted,0.3333333333333333,2,2,ATGAGTTGTTTGTGAGTTCA,0,4483599
yahC_predicted,0.3333333333333333,2,2,ATGAGATGCACGCTTGCGGA,0,4493291
yahC_predicted,0.3333333333333333,2,2,ATGAATACGGATGGAACTCC,0,4505779
yahC_predicted,0.3333333333333333,2,2,ATCTTTTTCATATTACCGAT,0,4475793
yahC_predicted,0.3333333333333333,2,2,ATCTGCGTAAGTCTCAGCTC,0,4490734
yahC_predicted,0.3333333333333333,2,2,ATCTGAGCAGACCTCAGTCA,0,4495852
yahC_predicted,0.3333333333333333,2,2,ATCTCAAGGCATCAATCTCC,0,4478408
yahC_predicted,0.3333333333333333,2,2,ATCTAGGGTGCCGTTGTCCG,0,4487811
yahC_predicted,0.3333333333333333,2,2,ATCCGTTAACGGTCCATGCT,0,4503640
yahC_predicted,0.3333333333333333,2,2,ATCCGTCCTGGCACGTGATA,0,4484582
yahC_predicted,0.3333333333333333,2,2,ATCCGTCAATCTACGGTACC,0,4500162
yahC_predicted,0.3333333333333333,2,2,ATCCGGTCGCCTGGTCCGCG,0,4484068
yahC_predicted,0.3333333333333333,2,2,ATCCGGCCAGTAAGGGCAAA,0,4476090
yahC_predicted,0.3333333333333333,2,2,ATCCGAGCACGGCCCCTCAT,0,4505473
yahC_predicted,0.3333333333333333,2,2,ATCCCGGTATTGTTTAAGCA,0,4496222
yahC_predicted,0.3333333333333333,2,2,ATCCAGGTAACTCTTTGCTC,0,4481423
yahC_predicted,0.3333333333333333,2,2,ATCCAAGCTCTCGTCCGGCT,0,4499253
yahC_predicted,0.3333333333333333,2,2,ATCATTAACGATCCATCTGG,0,4486201
yahC_predicted,0.3333333333333333,2,2,ATCATCGATGATAGCGGACT,0,4488676
yahC_predicted,0.3333333333333333,2,2,ATCATAAAATGCCTTTGCCT,0,4496805
yahC_predicted,0.3333333333333333,2,2,ATCAGCTTTCCATCTGAGTC,0,4480181
yahC_predicted,0.3333333333333333,2,2,ATCACTCGCCCGACATATGT,0,4490554
yahC_predicted,0.3333333333333333,2,2,ATCAATTTTTCCGAGGCGGG,0,4508637
yahC_predicted,0.3333333333333333,2,2,ATCAATGGGGGTGTCTAAGC,0,4490996
yahC_predicted,0.3333333333333333,2,2,ATATTTCCCAGTAATTACCA,0,4496568
yahC_predicted,0.3333333333333333,2,2,ATATTGATGCCCCGTTTGAT,0,4474719
yahC_predicted,0.3333333333333333,2,2,ATATTCTCAGGATAAGCAAA,0,4489313
yahC_predicted,0.3333333333333333,2,2,ATATAGCGTTGTAGCGTATT,0,4480611
yahC_predicted,0.3333333333333333,2,2,ATAGCGGCTAATCAAGTGGG,0,4504727
yahC_predicted,0.3333333333333333,2,2,ATAGATTCCCGAATACGTAA,0,4501788
yahC_predicted,0.3333333333333333,2,2,ATAGAAGCACCCTTGCCGGG,0,4487386
yahC_predicted,0.3333333333333333,2,2,ATACTTTCCGGTGACCGAGC,0,4491792
yahC_predicted,0.3333333333333333,2,2,ATACTTAGTTGTATTTAAGG,0,4495336
yahC_predicted,0.3333333333333333,2,2,ATACGCTTACAGGGATAACC,0,4501079
yahC_predicted,0.3333333333333333,2,2,ATACCCTACCGTGAAAACCA,0,4484315
yahC_predicted,0.3333333333333333,2,2,ATAATTGTGTAGGATCCACC,0,4500087
yahC_predicted,0.3333333333333333,2,2,ATAATGCAGCCCCTCAGCCC,0,4511371
yahC_predicted,0.3333333333333333,2,2,ATAATCATTTCTAATACAGA,0,4488321
yahC_predicted,0.3333333333333333,2,2,ATAATCATACTCAAGCTCAT,0,4509291
yahC_predicted,0.3333333333333333,2,2,ATAAGTAGTGTTCCCGCCCT,0,4487913
yahC_predicted,0.3333333333333333,2,2,ATAAGATATGGCAAGCACGG,0,4483648
yahC_predicted,0.3333333333333333,2,2,AGTTCGAGGCAGTCCGGGGT,0,4507505
yahC_predicted,0.3333333333333333,2,2,AGTTAGGAAGGCAGAGCACA,0,4507545
yahC_predicted,0.3333333333333333,2,2,AGTTAGCGAAAGGTGACGTG,0,4485177
yahC_predicted,0.3333333333333333,2,2,AGTGGACTGTAGAGGGGTCC,0,4490167
yahC_predicted,0.3333333333333333,2,2,AGTCCGGCAAAAGCATTGAT,0,4506650
yahC_predicted,0.3333333333333333,2,2,AGTATACCGACATGGTCCTG,0,4490967
yahC_predicted,0.3333333333333333,2,2,AGTAGAATCTTGTGTATACG,0,4487868
yahC_predicted,0.3333333333333333,2,2,AGTACGCAAGGTTCGTTTAA,0,4491692
yahC_predicted,0.3333333333333333,2,2,AGTACACGGAGAAGCGTTAC,0,4486346
yahC_predicted,0.3333333333333333,2,2,AGTAATTGTGTAGGATAGGC,0,4498633
yahC_predicted,0.3333333333333333,2,2,AGTAAGCTATTTTGTACCGA,0,4491662
yahC_predicted,0.3333333333333333,2,2,AGGTGGGGGAATCGAGGAGG,0,4483372
yahC_predicted,0.3333333333333333,2,2,AGGTGGGGATTGCACGACCA,0,4501168
yahC_predicted,0.3333333333333333,2,2,AGGTCAGTCTCTTCTAAGTT,0,4478959
yahC_predicted,0.3333333333333333,2,2,AGGGTAACTGCGATTAATGG,0,4511272
yahC_predicted,0.3333333333333333,2,2,AGGGGTAGGTATAATAGGCC,0,4479444
yahC_predicted,0.3333333333333333,2,2,AGGGGCAGATCTCTCTCTCG,0,4480059
yahC_predicted,0.3333333333333333,2,2,AGGGCGGAATGGTGCTCGCT,0,4479023
yahC_predicted,0.3333333333333333,2,2,AGGGCAGGATTGTCCTTCAC,0,4492552
yahC_predicted,0.3333333333333333,2,2,AGGGAGTCTGGGCCTTAAAG,0,4480790
yahC_predicted,0.3333333333333333,2,2,AGGCTCTGATAATAAATAAT,0,4507695
yahC_predicted,0.3333333333333333,2,2,AGGCGTAGTCATAATTTGTC,0,4479135
yahC_predicted,0.3333333333333333,2,2,AGGCGGCCCGTGGGAAGTCC,0,4483896
yahC_predicted,0.3333333333333333,2,2,AGGCGAACAAATGCATAGAC,0,4503619
yahC_predicted,0.3333333333333333,2,2,AGGCCCAGTCCTAAGCGGGA,0,4504239
yahC_predicted,0.3333333333333333,2,2,AGGCACGTCCAACCCATCAC,0,4491174
yahC_predicted,0.3333333333333333,2,2,AGGCAACCTGTGCAATAATT,0,4478022
yahC_predicted,0.3333333333333333,2,2,AGGATGTCAAGCCCTGTCAG,0,4498775
yahC_predicted,0.3333333333333333,2,2,AGGATGATTTTATCGGTATC,0,4501246
yahC_predicted,0.3333333333333333,2,2,AGGATCAACTTAAGCATGTG,0,4495698
yahC_predicted,0.3333333333333333,2,2,AGGAGTTTCCCTCGTACATT,0,4475576
yahC_predicted,0.3333333333333333,2,2,AGGAATAGGTTCTACAAGCA,0,4478018
yahC_predicted,0.3333333333333333,2,2,AGGAACATAGGGTATGAATT,0,4491096
yahC_predicted,0.3333333333333333,2,2,AGCTGTTTATTTGCACCCGG,0,4511731
yahC_predicted,0.3333333333333333,2,2,AGCTCTTGACTTTTGAAACG,0,4502724
yahC_predicted,0.3333333333333333,2,2,AGCTCGGTATCTTGGGTTTT,0,4485143
yahC_predicted,0.3333333333333333,2,2,AGCTCGCCGGGCTGGTATTC,0,4502284
yahC_predicted,0.3333333333333333,2,2,AGCTAGGGGGGATTGAGACA,0,4489623
yahC_predicted,0.3333333333333333,2,2,AGCGTCGCCATGAATGTCTT,0,4504952
yahC_predicted,0.3333333333333333,2,2,AGCGGTATCCTTTCATGGAC,0,4503145
yahC_predicted,0.3333333333333333,2,2,AGCGGCGTGGAAGGGCCGAA,0,4490596
yahC_predicted,0.3333333333333333,2,2,AGCGCAAGGCATTCGCTCCC,0,4488783
yahC_predicted,0.3333333333333333,2,2,AGCCGGAATTATATCCAGTG,0,4479950
yahC_predicted,0.3333333333333333,2,2,AGCCGCCAACCGTCTTTGAA,0,4488373
yahC_predicted,0.3333333333333333,2,2,AGCCATCGACCCTGGCTTTG,0,4482180
yahC_predicted,0.3333333333333333,2,2,AGCAGTGTACGACCAGTTGC,0,4505791
yahC_predicted,0.3333333333333333,2,2,AGCAGGGGGAGCATGGTAGT,0,4508373
yahC_predicted,0.3333333333333333,2,2,AGCACATTGCGAGTACGATA,0,4508710
yahC_predicted,0.3333333333333333,2,2,AGCAAAGGTTGTGTATGCGG,0,4473780
yahC_predicted,0.3333333333333333,2,2,AGATTTTATGACCCACGCAG,0,4497252
yahC_predicted,0.3333333333333333,2,2,AGATGGATCGTAGCTCCGCC,0,4483060
yahC_predicted,0.3333333333333333,2,2,AGATCGGTAGTAGTGACGCA,0,4503772
yahC_predicted,0.3333333333333333,2,2,AGATATAACAAAAAACCGGG,0,4502991
yahC_predicted,0.3333333333333333,2,2,AGATAGGGTCAACCAAAGTA,0,4497837
yahC_predicted,0.3333333333333333,2,2,AGATAAAATTGGATCTGCCC,0,4489776
yahC_predicted,0.3333333333333333,2,2,AGAGTGATGTCGGCATCTGG,0,4504221
yahC_predicted,0.3333333333333333,2,2,AGAGTCACTGTTTGCCAGCT,0,4503280
yahC_predicted,0.3333333333333333,2,2,AGAGACGGTAGGTCCCTACA,0,4499091
yahC_predicted,0.3333333333333333,2,2,AGACTGGTCTTCTTCGACCA,0,4481801
yahC_predicted,0.3333333333333333,2,2,AGACGTGATCAGTGTTGAGG,0,4508979
yahC_predicted,0.3333333333333333,2,2,AGACGACTTCACACCATATC,0,4501153
yahC_predicted,0.3333333333333333,2,2,AGACCTACGGGAACACTATT,0,4495299
yahC_predicted,0.3333333333333333,2,2,AGACATTTAGCGGGACGAAA,0,4510080
yahC_predicted,0.3333333333333333,2,2,AGACACGTCAGCTTACCGTT,0,4483572
yahC_predicted,0.3333333333333333,2,2,AGAATACCGATACAGGTTAT,0,4483143
yahC_predicted,0.3333333333333333,2,2,AGAAGTATAGGTGATGACGA,0,4492696
yahC_predicted,0.3333333333333333,2,2,AGAACCGATGCTGCGGAATC,0,4500456
yahC_predicted,0.3333333333333333,2,2,AGAAATGGCTATAAATGGCC,0,4496627
yahC_predicted,0.3333333333333333,2,2,ACTTGTTGTCGAGTTAGTCG,0,4511426
yahC_predicted,0.3333333333333333,2,2,ACTTGTGTCCAATTTTTGCA,0,4500958
yahC_predicted,0.3333333333333333,2,2,ACTTCGCTAAAGAGTTACAT,0,4480237
yahC_predicted,0.3333333333333333,2,2,ACTTCATGACACGGGCCAGC,0,4483291
yahC_predicted,0.3333333333333333,2,2,ACTTAGACCGGCGTTCCATG,0,4473197
yahC_predicted,0.3333333333333333,2,2,ACTGGCATCGAGGGTTATCC,0,4504258
yahC_predicted,0.3333333333333333,2,2,ACTGCCTGGTGCGGTTTATA,0,4479512
yahC_predicted,0.3333333333333333,2,2,ACTGCACGCCGCCGGGTGTA,0,4478744
yahC_predicted,0.3333333333333333,2,2,ACTGATGCATGAGTGCGATA,0,4500787
yahC_predicted,0.3333333333333333,2,2,ACTCTCGGCAAGTCATACTT,0,4501323
yahC_predicted,0.3333333333333333,2,2,ACTCCGGGGATCGGCCCTCA,0,4494896
yahC_predicted,0.3333333333333333,2,2,ACTCACGCCTACCCTAGTGA,0,4495055
yahC_predicted,0.3333333333333333,2,2,ACTAGAGCATGACTGCCTGC,0,4486751
yahC_predicted,0.3333333333333333,2,2,ACTAAGGAGGGGTGTACAGT,0,4500197
yahC_predicted,0.3333333333333333,2,2,ACGTATCCTTATACAAGAGT,0,4503313
yahC_predicted,0.3333333333333333,2,2,ACGTATCATCTCGACCTGCG,0,4485588
yahC_predicted,0.3333333333333333,2,2,ACGTAGTGACTACGCTTCGG,0,4507673
yahC_predicted,0.3333333333333333,2,2,ACGGTGAGCGTATGTTTGCA,0,4491540
yahC_predicted,0.3333333333333333,2,2,ACGGGGTGAAGCCAGCAATT,0,4483153
yahC_predicted,0.3333333333333333,2,2,ACGGCCAGGTGAGTAATTGA,0,4488522
yahC_predicted,0.3333333333333333,2,2,ACGGATGGAAGCCAGTGAGG,0,4498451
yahC_predicted,0.3333333333333333,2,2,ACGCTTTTGCGCAATTAAAA,0,4480498
yahC_predicted,0.3333333333333333,2,2,ACGCGTGGCGCCCAGTCAGA,0,4498809
yahC_predicted,0.3333333333333333,2,2,ACGCGTCAGATCAAGATCCT,0,4510773
yahC_predicted,0.3333333333333333,2,2,ACGAAATTAGAGTAAATCAA,0,4491320
yahC_predicted,0.3333333333333333,2,2,ACCTGGAAATTTAATTCTGT,0,4488227
yahC_predicted,0.3333333333333333,2,2,ACCTGAGAAGTTAGGCGGCA,0,4490643
yahC_predicted,0.3333333333333333,2,2,ACCTAGGCAGGTGGGAAGGT,0,4490160
yahC_predicted,0.3333333333333333,2,2,ACCGTTTAAGGGGCCTACCC,0,4505961
yahC_predicted,0.3333333333333333,2,2,ACCGTAGGTGTCTCATTGGT,0,4498341
yahC_predicted,0.3333333333333333,2,2,ACCGTAAGTAGTTCAAGCAG,0,4487122
yahC_predicted,0.3333333333333333,2,2,ACCGCATATAAACGACGATT,0,4474618
yahC_predicted,0.3333333333333333,2,2,ACCGCAATAAAGACACGTGG,0,4480135
yahC_predicted,0.3333333333333333,2,2,ACCGATTAGCACTTAGCCCC,0,4488436
yahC_predicted,0.3333333333333333,2,2,ACCCTGGACTGTCAATAGCT,0,4495098
yahC_predicted,0.3333333333333333,2,2,ACCCCATGGCACAGCAATGG,0,4491349
yahC_predicted,0.3333333333333333,2,2,ACCACATCGACTCGTTAGTT,0,4505834
yahC_predicted,0.3333333333333333,2,2,ACCAATGAGTTAATAGTCGT,0,4490762
yahC_predicted,0.3333333333333333,2,2,ACATTGGTATCAGCGTGGTA,0,4479123
yahC_predicted,0.3333333333333333,2,2,ACATTCACCCCATTAGAAAT,0,4503762
yahC_predicted,0.3333333333333333,2,2,ACATGTGATGCAGAATCGTT,0,4493090
yahC_predicted,0.3333333333333333,2,2,ACATCGCATCGACCGCCACC,0,4508580
yahC_predicted,0.3333333333333333,2,2,ACATAGAGGGGCGTGGGCCA,0,4482938
yahC_predicted,0.3333333333333333,2,2,ACAGTTTCGGCTCCCTTTTA,0,4487249
yahC_predicted,0.3333333333333333,2,2,ACAGGGTACGCGAACAGACT,0,4506394
yahC_predicted,0.3333333333333333,2,2,ACAGCGTCTAAAGATATAGT,0,4489882
yahC_predicted,0.3333333333333333,2,2,ACAGCGCATCTCATAATACG,0,4484538
yahC_predicted,0.3333333333333333,2,2,ACAGCGAGGCATGCCAAGGG,0,4496185
yahC_predicted,0.3333333333333333,2,2,ACAGCCGCGGGCATATTGTC,0,4488521
yahC_predicted,0.3333333333333333,2,2,ACAGCCGCCCTCATGATGGG,0,4511940
yahC_predicted,0.3333333333333333,2,2,ACAGCAGGCCGCAACTGTCA,0,4505656
yahC_predicted,0.3333333333333333,2,2,ACAGAAAGGATAGGCGAGAG,0,4510396
yahC_predicted,0.3333333333333333,2,2,ACAGAAACGCTCAGTAAAAG,0,4476449
yahC_predicted,0.3333333333333333,2,2,ACACTTTTATCCTAACACGT,0,4500234
yahC_predicted,0.3333333333333333,2,2,ACACTTGAATCCCGCGCATG,0,4500994
yahC_predicted,0.3333333333333333,2,2,ACACGAACCTTGATGCTAGG,0,4474380
yahC_predicted,0.3333333333333333,2,2,ACACCTCGTCGAGCCCGTAT,0,4480634
yahC_predicted,0.3333333333333333,2,2,ACACCGATGACATTTATGAG,0,4477046
yahC_predicted,0.3333333333333333,2,2,ACACATCAGTCTCACTTGGA,0,4483593
yahC_predicted,0.3333333333333333,2,2,ACAAGCTCATGAATGGGAAC,0,4501298
yahC_predicted,0.3333333333333333,2,2,ACAAAGTGGAGGCTTAACAT,0,4497968
yahC_predicted,0.3333333333333333,2,2,AATTCTCGGCCTTAATTAAT,0,4489041
yahC_predicted,0.3333333333333333,2,2,AATTCATGGTTACGGACAGG,0,4510200
yahC_predicted,0.3333333333333333,2,2,AATTATCAATTTATTCGGTT,0,4501355
yahC_predicted,0.3333333333333333,2,2,AATTATAACGATCCCGGGTG,0,4473446
yahC_predicted,0.3333333333333333,2,2,AATTAGTAAGCATCGTTGCG,0,4510475
yahC_predicted,0.3333333333333333,2,2,AATTACTGTCTTCACCTTTT,0,4487258
yahC_predicted,0.3333333333333333,2,2,AATGGGTTTGTCTACGGCAA,0,4511407
yahC_predicted,0.3333333333333333,2,2,AATGGCTTAGAGAATTCATG,0,4484199
yahC_predicted,0.3333333333333333,2,2,AATGACGAGGTACAAATGCT,0,4484678
yahC_predicted,0.3333333333333333,2,2,AATGAATTGTAGAACCGCCT,0,4510478
yahC_predicted,0.3333333333333333,2,2,AATCTCCCGGCCCCACGTCA,0,4504157
yahC_predicted,0.3333333333333333,2,2,AATCGGTTCTCCCCTCGGAA,0,4507216
yahC_predicted,0.3333333333333333,2,2,AATCGCTAGAGCGAGTTATA,0,4479161
yahC_predicted,0.3333333333333333,2,2,AATCCAAACTAATTGTAGCG,0,4511570
yahC_predicted,0.3333333333333333,2,2,AATCATACTTCGCGAAGTAG,0,4508339
yahC_predicted,0.3333333333333333,2,2,AATATTCGACTGCAAACGAC,0,4487296
yahC_predicted,0.3333333333333333,2,2,AATAGTGGGGGGAAGAGTTC,0,4480672
yahC_predicted,0.3333333333333333,2,2,AATAGGAGTTTCTTCCACCA,0,4478464
yahC_predicted,0.3333333333333333,2,2,AATAGCATTCTGTCTTCACC,0,4485650
yahC_predicted,0.3333333333333333,2,2,AATACACTACTGAGCAGAGA,0,4481382
yahC_predicted,0.3333333333333333,2,2,AATAACCTGCTTTAATCAGT,0,4473638
yahC_predicted,0.3333333333333333,2,2,AAGTTTACGTTTCGCAGATG,0,4504512
yahC_predicted,0.3333333333333333,2,2,AAGTTCTAGCTATGGCAATT,0,4492765
yahC_predicted,0.3333333333333333,2,2,AAGTGGATTCTGTGATAAGG,0,4481408
yahC_predicted,0.3333333333333333,2,2,AAGTGAGAGCTTCTAACCGA,0,4477208
yahC_predicted,0.3333333333333333,2,2,AAGTAAACAGGGCAGAGGCA,0,4505209
yahC_predicted,0.3333333333333333,2,2,AAGGTTTCCAAATTCAGATC,0,4477166
yahC_predicted,0.3333333333333333,2,2,AAGGTGCAATTCGCTTCCGG,0,4493398
yahC_predicted,0.3333333333333333,2,2,AAGGGTTTTTAGCGCGTATG,0,4502456
yahC_predicted,0.3333333333333333,2,2,AAGGGTGAACCCGAGTATCT,0,4501360
yahC_predicted,0.3333333333333333,2,2,AAGGGTCCAGACGCAAAAGG,0,4504036
yahC_predicted,0.3333333333333333,2,2,AAGGGACTTAGAATCTTGGA,0,4493108
yahC_predicted,0.3333333333333333,2,2,AAGGCTAATCTGTTGCCGTC,0,4480362
yahC_predicted,0.3333333333333333,2,2,AAGGACCAACGCGTTGGCGG,0,4494680
yahC_predicted,0.3333333333333333,2,2,AAGGAAGGGACGTCAGTAGT,0,4489389
yahC_predicted,0.3333333333333333,2,2,AAGCTTAAGAATCAAGGACG,0,4481805
yahC_predicted,0.3333333333333333,2,2,AAGCTCAACACCCGAGCTTA,0,4488348
yahC_predicted,0.3333333333333333,2,2,AAGCTATTGACATCGCCACG,0,4488671
yahC_predicted,0.3333333333333333,2,2,AAGCCAGACCCAGAAACTGA,0,4478954
yahC_predicted,0.3333333333333333,2,2,AAGCATTTGCTCACACTCGA,0,4478970
yahC_predicted,0.3333333333333333,2,2,AAGATGCTCCCGCCACTCCG,0,4483288
yahC_predicted,0.3333333333333333,2,2,AAGAAACCACCCCCCCATCC,0,4512095
yahC_predicted,0.3333333333333333,2,2,AACTTTGTTACAATCTATAC,0,4480990
yahC_predicted,0.3333333333333333,2,2,AACTTTGGACTAACTTGAGC,0,4494607
yahC_predicted,0.3333333333333333,2,2,AACTTGTACCGCGATTATTC,0,4483386
yahC_predicted,0.3333333333333333,2,2,AACTGGTTCGCGCTCTTGAG,0,4494487
yahC_predicted,0.3333333333333333,2,2,AACTGATGGATGCTAGATGA,0,4504324
yahC_predicted,0.3333333333333333,2,2,AACTCCGTGGAACAGGTTAT,0,4506660
yahC_predicted,0.3333333333333333,2,2,AACGTCTCCCGCTTTCACAG,0,4475403
yahC_predicted,0.3333333333333333,2,2,AACGTCGCGGTGACCGAGGG,0,4494151
yahC_predicted,0.3333333333333333,2,2,AACGGGGCCACACAGGGTAT,0,4486761
yahC_predicted,0.3333333333333333,2,2,AACGGGCCGTTTGTGTAGCA,0,4506225
yahC_predicted,0.3333333333333333,2,2,AACGATTCTCTTCGTTAGTA,0,4511049
yahC_predicted,0.3333333333333333,2,2,AACGAGGGTCCCACTGACCC,0,4500204
yahC_predicted,0.3333333333333333,2,2,AACGACCGCACTGTGACACC,0,4477390
yahC_predicted,0.3333333333333333,2,2,AACCTTGGATAATAAGATGA,0,4508136
yahC_predicted,0.3333333333333333,2,2,AACCTCTCCCACGCGCCCAA,0,4484852
yahC_predicted,0.3333333333333333,2,2,AACCTCAATTTGTCGTCCAC,0,4504784
yahC_predicted,0.3333333333333333,2,2,AACCGGCTGCACTCCTCAAT,0,4476379
yahC_predicted,0.3333333333333333,2,2,AACCATGAATTCACTCATCG,0,4500981
yahC_predicted,0.3333333333333333,2,2,AACCACCCCACCACGTAGGG,0,4481413
yahC_predicted,0.3333333333333333,2,2,AACCAATCTAATAGTTTGTA,0,4502114
yahC_predicted,0.3333333333333333,2,2,AACATCGTACCGTGGTCTGC,0,4492258
yahC_predicted,0.3333333333333333,2,2,AACAGGGTCTCGCCTGCTTC,0,4485163
yahC_predicted,0.3333333333333333,2,2,AACAGATGCGGTAGACGTGC,0,4492255
yahC_predicted,0.3333333333333333,2,2,AACACTACATAATGAAAGCC,0,4488204
yahC_predicted,0.3333333333333333,2,2,AACACGTCGGGTGGCTTGGA,0,4489811
yahC_predicted,0.3333333333333333,2,2,AACACATTCTGGTTTAAGGA,0,4503580
yahC_predicted,0.3333333333333333,2,2,AACACAGATGTGCTCCTGTA,0,4503284
yahC_predicted,0.3333333333333333,2,2,AACAATGCCAGATCGTACGT,0,4506844
yahC_predicted,0.3333333333333333,2,2,AACAAGCTTGCAGTTAATTA,0,4503854
yahC_predicted,0.3333333333333333,2,2,AACAAATAAAGCACAAACAA,0,4493155
yahC_predicted,0.3333333333333333,2,2,AAATTTAAACCCCGCTAGAG,0,4500281
yahC_predicted,0.3333333333333333,2,2,AAATTCGTCAGCGGGGAGCC,0,4488628
yahC_predicted,0.3333333333333333,2,2,AAATAACTAATCGTCTCTAT,0,4489114
yahC_predicted,0.3333333333333333,2,2,AAAGGTTCTTATGTAGTTAT,0,4509990
yahC_predicted,0.3333333333333333,2,2,AAAGGTTAACAATTTCGCCC,0,4501366
yahC_predicted,0.3333333333333333,2,2,AAAGGCGTGGCACGTTCGGA,0,4499196
yahC_predicted,0.3333333333333333,2,2,AAAGATACAACAGTGTTTCT,0,4503365
yahC_predicted,0.3333333333333333,2,2,AAACTCACGGAGAGGGTGGA,0,4504182
yahC_predicted,0.3333333333333333,2,2,AAACCTTTCTCTGCGTATCG,0,4505493
yahC_predicted,0.3333333333333333,2,2,AAACCATTATTCCAAGTGTC,0,4500800
yahC_predicted,0.3333333333333333,2,2,AAACAAGTGGTCTTATAGCT,0,4482767
yahC_predicted,0.3333333333333333,2,2,AAAATCTAGGATACATTTTG,0,4504177
yahC_predicted,0.5,1,1,TTTTTGCCCAAAATTGTCAG,0,4487199
yahC_predicted,0.5,1,1,TTTTGTTTGGGTGCTATAAA,0,4509581
yahC_predicted,0.5,1,1,TTTTGTGTCAGGAGCGGGGC,0,4493814
yahC_predicted,0.5,1,1,TTTTGTGCGTCCTACTTAGG,0,4482915
yahC_predicted,0.5,1,1,TTTTCGCTTGTTGGCACGAA,0,4495895
yahC_predicted,0.5,1,1,TTTTCCTAGCTCAATTCCAT,0,4478281
yahC_predicted,0.5,1,1,TTTTCACCATGGGTTTTGGC,0,4476410
yahC_predicted,0.5,1,1,TTTGTTGCACGATTCTTTAT,0,4507965
yahC_predicted,0.5,1,1,TTTGTTCGTCCATCTGACTG,0,4500180
yahC_predicted,0.5,1,1,TTTGTAAGCTCCACGGTTTT,0,4481726
yahC_predicted,0.5,1,1,TTTGGCCGGGCCTAAGGTAT,0,4474178
yahC_predicted,0.5,1,1,TTTGCCTACACAATCATCGG,0,4494008
yahC_predicted,0.5,1,1,TTTGATCAGTTACCGCCGGC,0,4493896
yahC_predicted,0.5,1,1,TTTGATAATGGTCAAGATAC,0,4505597
yahC_predicted,0.5,1,1,TTTGAAATGGCACGGTCCAG,0,4500056
yahC_predicted,0.5,1,1,TTTCTGGTAAGAGTCCGTTC,0,4494059
yahC_predicted,0.5,1,1,TTTCTGCAAATAGGCATGGA,0,4483649
yahC_predicted,0.5,1,1,TTTCTCGTGTGGAGGCTCTT,0,4492446
yahC_predicted,0.5,1,1,TTTCCGCTGCGCATTTGAAC,0,4485372
yahC_predicted,0.5,1,1,TTTCATGAACCGGTACGAGA,0,4509087
yahC_predicted,0.5,1,1,TTTAGCGAGATTGGAAGGTC,0,4508960
yahC_predicted,0.5,1,1,TTTAGATAACCTCAGTCACC,0,4499233
yahC_predicted,0.5,1,1,TTTACCAGTGACTTTGGTAC,0,4497965
yahC_predicted,0.5,1,1,TTTACAGGCGCTTGTAGACT,0,4510689
yahC_predicted,0.5,1,1,TTTAAGGCATCGTGGCGTGC,0,4503604
yahC_predicted,0.5,1,1,TTGTGCTGACACGTTTACTA,0,4475251
yahC_predicted,0.5,1,1,TTGTCGTAATGGGATTCAAA,0,4482737
yahC_predicted,0.5,1,1,TTGTCGGCACGTAAGTCGCA,0,4478337
yahC_predicted,0.5,1,1,TTGTCCGGCCCGAGTCTCGA,0,4503096
yahC_predicted,0.5,1,1,TTGGTGGGTTGACGGGTGAT,0,4491985
yahC_predicted,0.5,1,1,TTGGTGGCTGAATGAGGCGG,0,4493754
yahC_predicted,0.5,1,1,TTGGCTGTTCCTGATCAGCA,0,4479334
yahC_predicted,0.5,1,1,TTGGCCGCAAGCTTTCACGA,0,4496848
yahC_predicted,0.5,1,1,TTGGCATCTCCATAGACCGG,0,4506803
yahC_predicted,0.5,1,1,TTGGATTAGAAGGCTCCTTC,0,4503749
yahC_predicted,0.5,1,1,TTGCTTCTCATCGTGCCAAA,0,4483820
yahC_predicted,0.5,1,1,TTGCTAGCCTCGCCAGAACT,0,4505237
yahC_predicted,0.5,1,1,TTGCTACCGTTGGAAGAAAG,0,4494612
yahC_predicted,0.5,1,1,TTGCTAAGGGGCCAGGTTTC,0,4508650
yahC_predicted,0.5,1,1,TTGCCTGCCTCCCCCTTCCT,0,4501791
yahC_predicted,0.5,1,1,TTGCACGTAGGGTGGGCGTA,0,4478769
yahC_predicted,0.5,1,1,TTGATGCTGAATAATTGCGG,0,4473282
yahC_predicted,0.5,1,1,TTGACGATACTTTCAAGAGT,0,4477133
yahC_predicted,0.5,1,1,TTGACCGAGCTCCTTAGATC,0,4509809
yahC_predicted,0.5,1,1,TTGAAAGTATCGTATTTAGT,0,4507053
yahC_predicted,0.5,1,1,TTCTTGGAGGCGCGAACAGT,0,4485303
yahC_predicted,0.5,1,1,TTCTTATCATAACGCGGCCC,0,4504546
yahC_predicted,0.5,1,1,TTCTGGCGTGTCAGATGGAC,0,4501272
yahC_predicted,0.5,1,1,TTCTCGGATGTTTGTTTTTA,0,4500302
yahC_predicted,0.5,1,1,TTCTCATACATATTGGGAAT,0,4509149
yahC_predicted,0.5,1,1,TTCTATCTAGTGGGTTAAGG,0,4491092
yahC_predicted,0.5,1,1,TTCTAGCATGACGATCTATT,0,4479447
yahC_predicted,0.5,1,1,TTCTACACTGCGTGTTGGTG,0,4500341
yahC_predicted,0.5,1,1,TTCGTGACGAGGCAGGTAGT,0,4504218
yahC_predicted,0.5,1,1,TTCGTCGCGCATGCCTTATC,0,4475660
yahC_predicted,0.5,1,1,TTCGTAGCAACCGTTCGCAG,0,4489205
yahC_predicted,0.5,1,1,TTCGGGCGAGTTATAAATAA,0,4488505
yahC_predicted,0.5,1,1,TTCGGACAACCAAGCTGATG,0,4473768
yahC_predicted,0.5,1,1,TTCGCCCTGTTGCCGAACGT,0,4477007
yahC_predicted,0.5,1,1,TTCGAGTTGTGAGCAGTCTG,0,4475419
yahC_predicted,0.5,1,1,TTCCTAGTGGCCTTCCGGGA,0,4503338
yahC_predicted,0.5,1,1,TTCCGTTGTCTATGCCGCTG,0,4474751
yahC_predicted,0.5,1,1,TTCCGTTACAGGCGAAGCCA,0,4500673
yahC_predicted,0.5,1,1,TTCCGCGAGTATCTTCGAAT,0,4502311
yahC_predicted,0.5,1,1,TTCCCACCGATTATTGGGTA,0,4485020
yahC_predicted,0.5,1,1,TTCCATACATAGTCGGCACC,0,4495451
yahC_predicted,0.5,1,1,TTCAGACCGGGACGCCCCTA,0,4496332
yahC_predicted,0.5,1,1,TTCAAGGCTATATCCATGTC,0,4492362
yahC_predicted,0.5,1,1,TTATTTCTTCTAAATTGGGA,0,4507596
yahC_predicted,0.5,1,1,TTATTATCACTTGCCCCTCA,0,4490909
yahC_predicted,0.5,1,1,TTATGCGTCCTGATGTGTCA,0,4505220
yahC_predicted,0.5,1,1,TTATGAGGGGGTGTGACGTC,0,4493927
yahC_predicted,0.5,1,1,TTATCTTGGTACGGACTAAA,0,4476884
yahC_predicted,0.5,1,1,TTATCCGTGAGCCAGGATTA,0,4499536
yahC_predicted,0.5,1,1,TTATAGGCAAACGACGCGCG,0,4491335
yahC_predicted,0.5,1,1,TTATAGCTGTACGATTAAGA,0,4507475
yahC_predicted,0.5,1,1,TTATAGAGCTCGTGCCAGAT,0,4487110
yahC_predicted,0.5,1,1,TTAGTATGATTGGGCCTAAC,0,4489904
yahC_predicted,0.5,1,1,TTAGTAGCTTCACGTGTGGA,0,4503436
yahC_predicted,0.5,1,1,TTAGGCTACTAGCTGAGCAG,0,4486218
yahC_predicted,0.5,1,1,TTAGGAATGCGCCGGTAGGT,0,4472791
yahC_predicted,0.5,1,1,TTAGCGGAGGTAGGAGAGGC,0,4503612
yahC_predicted,0.5,1,1,TTAGCGCGATGGAGGCTTCC,0,4509972
yahC_predicted,0.5,1,1,TTAGCATGGAGAAGCTACTG,0,4511083
yahC_predicted,0.5,1,1,TTAGCATCGCCCGATGAACA,0,4497010
yahC_predicted,0.5,1,1,TTAGCAAACAGGAATCAAAT,0,4478319
yahC_predicted,0.5,1,1,TTAGAGATCGTGCAGGGCAC,0,4489813
yahC_predicted,0.5,1,1,TTAGAACAACTTTAGATAAC,0,4494867
yahC_predicted,0.5,1,1,TTACTTGCTGCGACTGAATT,0,4489749
yahC_predicted,0.5,1,1,TTACTCTGCAGTCTGACGAA,0,4498302
yahC_predicted,0.5,1,1,TTACGTTGTATGTTAGTTCG,0,4486530
yahC_predicted,0.5,1,1,TTACGTAATCGTAGCTTTTG,0,4485323
yahC_predicted,0.5,1,1,TTACCTGGAATACCACTGCT,0,4485404
yahC_predicted,0.5,1,1,TTACCTCATCAGTATCAGGT,0,4490252
yahC_predicted,0.5,1,1,TTACCGATAGAGGCGCTGAA,0,4492307
yahC_predicted,0.5,1,1,TTACCCAGCTACACTGACTT,0,4485717
yahC_predicted,0.5,1,1,TTAATTTTCTGGCGGTGTCT,0,4481848
yahC_predicted,0.5,1,1,TTAACTCGGGCATGTTATCG,0,4482890
yahC_predicted,0.5,1,1,TTAACTAGCCGACTTGAAGA,0,4495450
yahC_predicted,0.5,1,1,TTAACGTCGAACCTTTGACA,0,4506249
yahC_predicted,0.5,1,1,TTAACCAGAACAATCCGTTC,0,4489145
yahC_predicted,0.5,1,1,TTAACAGTCTTAGGCTTGTT,0,4477542
yahC_predicted,0.5,1,1,TTAAAGTATACTACGCCGCT,0,4502089
yahC_predicted,0.5,1,1,TTAAAGTAGATTCGGCGAAT,0,4508058
yahC_predicted,0.5,1,1,TGTTGCTTCAGCGGCTAAGG,0,4503871
yahC_predicted,0.5,1,1,TGTTCGCTAGCTTTATATTG,0,4485807
yahC_predicted,0.5,1,1,TGTTCCAGCGTGGGGCAGTC,0,4497222
yahC_predicted,0.5,1,1,TGTTATCAGGGTCTCGGATT,0,4483934
yahC_predicted,0.5,1,1,TGTGGTCTCACGCACTCGGT,0,4491735
yahC_predicted,0.5,1,1,TGTGGCCGCCCGAAGGGATC,0,4498831
yahC_predicted,0.5,1,1,TGTCTTCATCCGATAAGTGT,0,4492353
yahC_predicted,0.5,1,1,TGTCCGTGAAAACTTGCATG,0,4497464
yahC_predicted,0.5,1,1,TGTCCGTAAACCAAAGTCTA,0,4505569
yahC_predicted,0.5,1,1,TGTCCCTGTCCTGCCCCTAT,0,4501537
yahC_predicted,0.5,1,1,TGTATATTCGCGCTTGAGCC,0,4500101
yahC_predicted,0.5,1,1,TGTACGTGCGCTAAACCGAG,0,4506521
yahC_predicted,0.5,1,1,TGTACCCAGTGATATTCCTG,0,4490635
yahC_predicted,0.5,1,1,TGTAACACTTCAAAGCGGTT,0,4480116
yahC_predicted,0.5,1,1,TGTAAAACTGGGGGCACCAT,0,4510104
yahC_predicted,0.5,1,1,TGGTTTCGGTATGGGAAAGG,0,4486791
yahC_predicted,0.5,1,1,TGGTGTCTTTATGCAACATT,0,4499798
yahC_predicted,0.5,1,1,TGGTGGTTGAGGAATTTCCA,0,4497289
yahC_predicted,0.5,1,1,TGGTGGCTAAGGTATCCTTC,0,4511410
yahC_predicted,0.5,1,1,TGGTCGGTTCGAATACAACA,0,4498185
yahC_predicted,0.5,1,1,TGGTCACGCTTCCATTTGGC,0,4485490
yahC_predicted,0.5,1,1,TGGGTAAGGTTTGCCCCCAA,0,4486215
yahC_predicted,0.5,1,1,TGGGGTAACTTTGTAGCAAA,0,4474996
yahC_predicted,0.5,1,1,TGGGCGGGCTTGCGTATATA,0,4488110
yahC_predicted,0.5,1,1,TGGGCCACGTCTATCCTAGA,0,4495201
yahC_predicted,0.5,1,1,TGGCTAGCGACTGACGAAAG,0,4511467
yahC_predicted,0.5,1,1,TGGCCGAACCCAAAGCGCGG,0,4489231
yahC_predicted,0.5,1,1,TGGATTATAGCAACAACTAT,0,4486792
yahC_predicted,0.5,1,1,TGGATGGCAACCATCTGAAT,0,4485379
yahC_predicted,0.5,1,1,TGGACAACAATTGTCCGAAC,0,4504965
yahC_predicted,0.5,1,1,TGGAACAACTGACAGAATTG,0,4476971
yahC_predicted,0.5,1,1,TGCTGTAGGAGATGCGAGCA,0,4499660
yahC_predicted,0.5,1,1,TGCTCTTGCACCGTATGCGA,0,4504988
yahC_predicted,0.5,1,1,TGCTCGACTAACATGTGTCC,0,4498960
yahC_predicted,0.5,1,1,TGCTCCTAATTTTGTACCAA,0,4477465
yahC_predicted,0.5,1,1,TGCGTACGCATTGGAGGTTA,0,4478925
yahC_predicted,0.5,1,1,TGCGATAGCGGTTTATATGG,0,4502752
yahC_predicted,0.5,1,1,TGCCTCTCACGGCACCATTA,0,4472727
yahC_predicted,0.5,1,1,TGCCGCCTGGGGCGTAGCTT,0,4491761
yahC_predicted,0.5,1,1,TGCCCCAATCTGACCATAGT,0,4499012
yahC_predicted,0.5,1,1,TGCATCCTTAGTACCTGCAG,0,4486790
yahC_predicted,0.5,1,1,TGCATCAATAGGGCCATAGA,0,4494281
yahC_predicted,0.5,1,1,TGCAGAATGAGTAGTCAAGA,0,4477053
yahC_predicted,0.5,1,1,TGCACTGGGCGGTACCGAGC,0,4483783
yahC_predicted,0.5,1,1,TGCAAATAGGCCAAGTCCTA,0,4490710
yahC_predicted,0.5,1,1,TGATGGATAGGGTTTAACGC,0,4484368
yahC_predicted,0.5,1,1,TGATCTGCCGCTTCAATGTC,0,4481929
yahC_predicted,0.5,1,1,TGATCGATTATATATTCAGT,0,4477886
yahC_predicted,0.5,1,1,TGAGTGATCTGGGAGTTGTG,0,4486092
yahC_predicted,0.5,1,1,TGAGTCACCGTGTTCGCTCG,0,4497502
yahC_predicted,0.5,1,1,TGAGGTCAAGGGTAAAAACG,0,4481646
yahC_predicted,0.5,1,1,TGAGAGTGTCAGGGAACCCA,0,4489923
yahC_predicted,0.5,1,1,TGACTTTCAGTATTAAGGTA,0,4499704
yahC_predicted,0.5,1,1,TGACTAAGGTGTCGTTGCCT,0,4510394
yahC_predicted,0.5,1,1,TGACGCAATTGTCGTTAGAA,0,4477796
yahC_predicted,0.5,1,1,TGACGAGGCAGGATCGGACA,0,4493296
yahC_predicted,0.5,1,1,TGACCATATCCTTTTCGTCA,0,4493835
yahC_predicted,0.5,1,1,TGAATGCGGTCGTGTGTCGG,0,4485278
yahC_predicted,0.5,1,1,TCTTTTCTGTAAAAATGCAA,0,4505316
yahC_predicted,0.5,1,1,TCTTTCTCACTGCTGCCCGT,0,4499878
yahC_predicted,0.5,1,1,TCTTTCGCGTCTGGATGCAG,0,4500695
yahC_predicted,0.5,1,1,TCTTGTGGCTGGGCCTATCA,0,4489132
yahC_predicted,0.5,1,1,TCTTGTCATGGTATATGTGA,0,4504522
yahC_predicted,0.5,1,1,TCTTGGTCCCTCGCGGACTC,0,4495554
yahC_predicted,0.5,1,1,TCTTGACATATATTCGTCCG,0,4474816
yahC_predicted,0.5,1,1,TCTTCTGTGCAGTGTCACGA,0,4496361
yahC_predicted,0.5,1,1,TCTTATGCGTAAAGGGTGAC,0,4504543
yahC_predicted,0.5,1,1,TCTTAGTGGCAGACGGAGAG,0,4484743
yahC_predicted,0.5,1,1,TCTTACCCCTGTTGGTGATG,0,4510219
yahC_predicted,0.5,1,1,TCTTAAAATTTCAAACCTAG,0,4487317
yahC_predicted,0.5,1,1,TCTGGCTCCTAACTGACCTT,0,4484085
yahC_predicted,0.5,1,1,TCTGGCGCTCATTGCGTTCA,0,4505321
yahC_predicted,0.5,1,1,TCTGCCCCCCGACAGCTAAT,0,4508511
yahC_predicted,0.5,1,1,TCTCTTTTGCCAGCCTTGGG,0,4508834
yahC_predicted,0.5,1,1,TCTCTTGGGACATATCACGA,0,4500817
yahC_predicted,0.5,1,1,TCTCTGGCTCGTGCGTCGTA,0,4493139
yahC_predicted,0.5,1,1,TCTCTGACTTCTCTACGAAG,0,4489837
yahC_predicted,0.5,1,1,TCTCGCAGTAGTTAGAAGGA,0,4483392
yahC_predicted,0.5,1,1,TCTCCCATGCGGGCACCAGA,0,4502938
yahC_predicted,0.5,1,1,TCTCAACTTGTGGGTGAGAT,0,4481846
yahC_predicted,0.5,1,1,TCTAGTCACTTGTATGAAGT,0,4497198
yahC_predicted,0.5,1,1,TCTAGGAAGTGACGGAGTTA,0,4496631
yahC_predicted,0.5,1,1,TCTAGGAAATTATCAACACC,0,4497661
yahC_predicted,0.5,1,1,TCTAGCATGTGCCGGAAGTC,0,4505542
yahC_predicted,0.5,1,1,TCTACTAGGCGAATCCGAGA,0,4477050
yahC_predicted,0.5,1,1,TCTACCAACCCCGCGAGCTG,0,4487911
yahC_predicted,0.5,1,1,TCGTTGAAATCGAAATTCAT,0,4500781
yahC_predicted,0.5,1,1,TCGTGAGATCGGGGAGGGGC,0,4504299
yahC_predicted,0.5,1,1,TCGTAGACCGGGGCAAAGTC,0,4503806
yahC_predicted,0.5,1,1,TCGGTTTCGAGCTGCGGTAT,0,4510176
yahC_predicted,0.5,1,1,TCGGGTAAATGCTAGAGTGC,0,4480594
yahC_predicted,0.5,1,1,TCGGAAGTCGTTCTACCGTG,0,4504484
yahC_predicted,0.5,1,1,TCGCTAGACAACAACCTCAT,0,4496585
yahC_predicted,0.5,1,1,TCGATGAGGGATAACCCAAG,0,4498994
yahC_predicted,0.5,1,1,TCGAATCTACAGGATCCCTC,0,4508663
yahC_predicted,0.5,1,1,TCGAACGCGTGGGATAAATA,0,4478792
yahC_predicted,0.5,1,1,TCGAAATATTATTAAGGGGC,0,4510400
yahC_predicted,0.5,1,1,TCGAAAACAATTTCGACTAG,0,4507283
yahC_predicted,0.5,1,1,TCCTTCTATTGTGCCCCACT,0,4481667
yahC_predicted,0.5,1,1,TCCTGCGCTAGAGTATAGGC,0,4510940
yahC_predicted,0.5,1,1,TCCTGAGGGCTACATGGATC,0,4490583
yahC_predicted,0.5,1,1,TCCTCCAGCTCGACCCGGAG,0,4489339
yahC_predicted,0.5,1,1,TCCTATGACTTGGATTCTCC,0,4508059
yahC_predicted,0.5,1,1,TCCTAGGTCTGCTAATACTC,0,4486613
yahC_predicted,0.5,1,1,TCCGGTCCGTACCCAGGGCA,0,4495247
yahC_predicted,0.5,1,1,TCCGCAAATTGGCCGCCTCG,0,4511528
yahC_predicted,0.5,1,1,TCCGAGTTGGAAATGCACAC,0,4492819
yahC_predicted,0.5,1,1,TCCGACTTCCTTGTAATATA,0,4484011
yahC_predicted,0.5,1,1,TCCGACTCAAAATAGATGAA,0,4491292
yahC_predicted,0.5,1,1,TCCAGCGGATGTTCACCAAT,0,4506044
yahC_predicted,0.5,1,1,TCCAGATATGCAACCCAATC,0,4502839
yahC_predicted,0.5,1,1,TCCAGAACACGCATATGTTG,0,4474870
yahC_predicted,0.5,1,1,TCCACGAATGGGGGGTGCCG,0,4492753
yahC_predicted,0.5,1,1,TCATGCGTTTGTACCCGAGT,0,4501069
yahC_predicted,0.5,1,1,TCATATTTTACGGGGACGCT,0,4500871
yahC_predicted,0.5,1,1,TCAGGTCCGCGAGGAATGGG,0,4506719
yahC_predicted,0.5,1,1,TCAGGGTGTCGAGACGGATG,0,4484334
yahC_predicted,0.5,1,1,TCAGAAGTATCCTTTCAGTG,0,4487607
yahC_predicted,0.5,1,1,TCACTGCCAAGCGCGGTTAA,0,4507026
yahC_predicted,0.5,1,1,TCACGCAATTTTAAGGCCTA,0,4479623
yahC_predicted,0.5,1,1,TCACGATGGGCCGACTAAGA,0,4477255
yahC_predicted,0.5,1,1,TCACCGCGCACCCGAGTTTA,0,4473633
yahC_predicted,0.5,1,1,TCACCCTTGTAATGTTGCGC,0,4482473
yahC_predicted,0.5,1,1,TCACAATCGTACCGGCTAGA,0,4506129
yahC_predicted,0.5,1,1,TCAAGCACTGATAATCGAGG,0,4507737
yahC_predicted,0.5,1,1,TCAAATAATGTGCTATTAAT,0,4487276
yahC_predicted,0.5,1,1,TATTTAGGTGGGGGCCCCTG,0,4510979
yahC_predicted,0.5,1,1,TATTGATGCGCTCGCCCGAG,0,4508003
yahC_predicted,0.5,1,1,TATTCCACGCCAACCTGTTG,0,4478929
yahC_predicted,0.5,1,1,TATGTCTTGTGCCACCCATG,0,4501489
yahC_predicted,0.5,1,1,TATGGAGAGAAACCGTGAAG,0,4504700
yahC_predicted,0.5,1,1,TATGCGATCGTTTGCCCACT,0,4480973
yahC_predicted,0.5,1,1,TATCGAAGTATTGCTCACAA,0,4474110
yahC_predicted,0.5,1,1,TATCCTAAACTTTTAAGAAT,0,4494837
yahC_predicted,0.5,1,1,TATCCCTTTCGAACAGAAAC,0,4490453
yahC_predicted,0.5,1,1,TATCCCTACTTCCACGATTA,0,4478241
yahC_predicted,0.5,1,1,TATCCAAGATAAGATGTTCG,0,4504752
yahC_predicted,0.5,1,1,TATCAGGTGAGTGGAACCGG,0,4510579
yahC_predicted,0.5,1,1,TATATTTCCTTGTAAAAGGA,0,4509787
yahC_predicted,0.5,1,1,TATATCCGAGATACATATTC,0,4477257
yahC_predicted,0.5,1,1,TATAGCCGGTATCGTATGCT,0,4474612
yahC_predicted,0.5,1,1,TATACGCGCTGGGATAATAG,0,4480398
yahC_predicted,0.5,1,1,TATACCGCGTGTGCGGGTAG,0,4475278
yahC_predicted,0.5,1,1,TATAAGTATCTGGCACTACA,0,4490926
yahC_predicted,0.5,1,1,TAGGGGGACGCAGAGCTAAC,0,4500092
yahC_predicted,0.5,1,1,TAGGATTCGGGCGATCAACG,0,4510686
yahC_predicted,0.5,1,1,TAGGATTAAACGCATTCATC,0,4494925
yahC_predicted,0.5,1,1,TAGGAAAAAACTTATGGACG,0,4474266
yahC_predicted,0.5,1,1,TAGCGGTGGGATGGAGGTCC,0,4510148
yahC_predicted,0.5,1,1,TAGCGCTCAGTTGCGGCGGC,0,4498807
yahC_predicted,0.5,1,1,TAGCCCTCAGCGCACGTCTA,0,4492779
yahC_predicted,0.5,1,1,TAGCATCAGAAATGGGGATG,0,4499001
yahC_predicted,0.5,1,1,TAGATTAGCTAATAGACGTC,0,4495324
yahC_predicted,0.5,1,1,TAGATATTTGTGCTTTGTTC,0,4475910
yahC_predicted,0.5,1,1,TAGAGAAGCTTGTTATCTTC,0,4484522
yahC_predicted,0.5,1,1,TAGACCCGCACTAGCGGCCT,0,4507476
yahC_predicted,0.5,1,1,TAGAATCAGCGCTAGATAGG,0,4505906
yahC_predicted,0.5,1,1,TACTTGAATGCTATGAGAGT,0,4503267
yahC_predicted,0.5,1,1,TACTTCGTCGGAACCGGACA,0,4494991
yahC_predicted,0.5,1,1,TACTCCGCGCCATCCTGGGG,0,4485617
yahC_predicted,0.5,1,1,TACGTTGTTTGTGAGTGACA,0,4504183
yahC_predicted,0.5,1,1,TACGGGCGGCCTTGTCATAC,0,4510254
yahC_predicted,0.5,1,1,TACGCTGGGGCGACACCCAC,0,4496697
yahC_predicted,0.5,1,1,TACGCCCGGGAGAGCCTGTG,0,4494893
yahC_predicted,0.5,1,1,TACGAAATGGAGCACGCTGG,0,4478292
yahC_predicted,0.5,1,1,TACCTAATGCTGAGTCAAAA,0,4509316
yahC_predicted,0.5,1,1,TACCTAAATGGGCATCAGAT,0,4509776
yahC_predicted,0.5,1,1,TACCGCTCGAACTCAGAATG,0,4497964
yahC_predicted,0.5,1,1,TACCCTTAGCTCATGCGTAC,0,4497361
yahC_predicted,0.5,1,1,TACCCACTATTAACCTAGGC,0,4474621
yahC_predicted,0.5,1,1,TACCAACACCCTCTATCCGT,0,4486256
yahC_predicted,0.5,1,1,TACATCGATCCTCTCTCTTG,0,4501877
yahC_predicted,0.5,1,1,TACAGTTTATGTAGCTAAAA,0,4483105
yahC_predicted,0.5,1,1,TACAGTTATGGTTGCATCTA,0,4501215
yahC_predicted,0.5,1,1,TACACATCCAGAGACCCCTT,0,4506069
yahC_predicted,0.5,1,1,TAATCAATACATAGTATAAT,0,4484912
yahC_predicted,0.5,1,1,TAAGTGCCCGCACTCGTAAC,0,4509062
yahC_predicted,0.5,1,1,TAAGTCCAGACGGCACGGGT,0,4488276
yahC_predicted,0.5,1,1,TAAGGTTCAAGGACGCTACC,0,4494486
yahC_predicted,0.5,1,1,TAAGCTCCGGCAATACCTTC,0,4492812
yahC_predicted,0.5,1,1,TAAGAGTCCTGGCTGGTCCC,0,4511599
yahC_predicted,0.5,1,1,TAAGAAACACCGAGGTGTCT,0,4491223
yahC_predicted,0.5,1,1,TAACTGGCTGAGGGACAGCG,0,4478545
yahC_predicted,0.5,1,1,TAACGGCTGGGGGTCTTCGT,0,4500802
yahC_predicted,0.5,1,1,TAACCCATTAAGAGGTGAGC,0,4496433
yahC_predicted,0.5,1,1,TAACCCATATGGTATGGCGC,0,4482403
yahC_predicted,0.5,1,1,TAACAAAACGGTAAAGCTAT,0,4511684
yahC_predicted,0.5,1,1,TAAATGCTCGGATTTGTACT,0,4480708
yahC_predicted,0.5,1,1,TAAATGCGACATGCAATCAA,0,4507605
yahC_predicted,0.5,1,1,TAAATCAGAATGACATGCGG,0,4496386
yahC_predicted,0.5,1,1,TAAACACAGCGAACAAGCGT,0,4492067
yahC_predicted,0.5,1,1,TAAACAACAGCACTTGCTCA,0,4511916
yahC_predicted,0.5,1,1,GTTTGGGAGCAATAGGCCGG,0,4491460
yahC_predicted,0.5,1,1,GTTTGCACCACCACGTCATC,0,4476858
yahC_predicted,0.5,1,1,GTTTCTTTGCCCCGAAGTCT,0,4477887
yahC_predicted,0.5,1,1,GTTTAATTTCCCAGATTTCA,0,4496215
yahC_predicted,0.5,1,1,GTTGTACACTCGTCGCTATC,0,4503867
yahC_predicted,0.5,1,1,GTTGATTGCTTTGGTCTTTC,0,4497332
yahC_predicted,0.5,1,1,GTTGAGGTTTAAGGGGTGGG,0,4485000
yahC_predicted,0.5,1,1,GTTGAGCCTTGGTCTGCCAT,0,4489571
yahC_predicted,0.5,1,1,GTTCTGTGAGTGCCTTCTGT,0,4506735
yahC_predicted,0.5,1,1,GTTCTCATAGGGCCCCTTTG,0,4489812
yahC_predicted,0.5,1,1,GTTCGGTATATGGCCACAAA,0,4494908
yahC_predicted,0.5,1,1,GTTCGCCGCTGGTAATTTCC,0,4497946
yahC_predicted,0.5,1,1,GTTCCTAAGGGGTAGTCGTG,0,4486839
yahC_predicted,0.5,1,1,GTTCCGGTCGTACGCGATGG,0,4496595
yahC_predicted,0.5,1,1,GTTCCGCCATGGCCGCGCTG,0,4493284
yahC_predicted,0.5,1,1,GTTATCAGGTGCCTGGGTGT,0,4506030
yahC_predicted,0.5,1,1,GTTATATCCCTTGACGTAAG,0,4498244
yahC_predicted,0.5,1,1,GTTAGGATATGGACTGGTAG,0,4508781
yahC_predicted,0.5,1,1,GTTACCCAGAGTACGGCAGT,0,4477617
yahC_predicted,0.5,1,1,GTTACAGGTGGCGACATTAC,0,4482060
yahC_predicted,0.5,1,1,GTTAAGGTAGAAAGGGGGAC,0,4494102
yahC_predicted,0.5,1,1,GTTAAGCGTGGGCTCCGGGA,0,4502314
yahC_predicted,0.5,1,1,GTGTTGGTGTGGTCACTGAA,0,4494156
yahC_predicted,0.5,1,1,GTGTGGTCCCTGTGTACGTA,0,4504954
yahC_predicted,0.5,1,1,GTGTGAGCGCACATTGATAT,0,4511845
yahC_predicted,0.5,1,1,GTGTCCTGTCATGTGAACAT,0,4494001
yahC_predicted,0.5,1,1,GTGTCACGGGCACTCGACAA,0,4497316
yahC_predicted,0.5,1,1,GTGGTTCTGGTGAGTAGTGG,0,4491041
yahC_predicted,0.5,1,1,GTGGGATATAAAGCTTCGTG,0,4502562
yahC_predicted,0.5,1,1,GTGGCGACCAGATTAACTTA,0,4487951
yahC_predicted,0.5,1,1,GTGGACTTGGAAAGAATTGA,0,4474382
yahC_predicted,0.5,1,1,GTGGACCAAAGGCCTGTTGC,0,4502350
yahC_predicted,0.5,1,1,GTGGAACTCCCTTTCATTCT,0,4496038
yahC_predicted,0.5,1,1,GTGCGGACACTACCCGTCAA,0,4486481
yahC_predicted,0.5,1,1,GTGCGAGTCTTGACGGTGAG,0,4491072
yahC_predicted,0.5,1,1,GTGCGAACACTCACTGATGC,0,4480635
yahC_predicted,0.5,1,1,GTGCCGCACGGGTCACGGTA,0,4487185
yahC_predicted,0.5,1,1,GTGATGCTCTGATGATTGAC,0,4491220
yahC_predicted,0.5,1,1,GTGATCACCGAGCGGTTCAC,0,4476290
yahC_predicted,0.5,1,1,GTGATATGAGCGCTGACGTG,0,4494227
yahC_predicted,0.5,1,1,GTGAGGGGGTTTTAATTCCC,0,4475694
yahC_predicted,0.5,1,1,GTGACGAAGCGTACTGCACG,0,4504276
yahC_predicted,0.5,1,1,GTCTCGGCTAGTTGGGGCAA,0,4500798
yahC_predicted,0.5,1,1,GTCTCCACAGAGCCGCTACA,0,4504232
yahC_predicted,0.5,1,1,GTCTATGGTTAAGACAGGAA,0,4499586
yahC_predicted,0.5,1,1,GTCGCGCGCCCTCCATTTCG,0,4496231
yahC_predicted,0.5,1,1,GTCGCCCCATGGACATGACC,0,4490330
yahC_predicted,0.5,1,1,GTCGCATTCATCGGAGAAAA,0,4497143
yahC_predicted,0.5,1,1,GTCGATGACGTCATCACGTC,0,4510564
yahC_predicted,0.5,1,1,GTCCTTGTTAGCTACCCTTG,0,4493932
yahC_predicted,0.5,1,1,GTCCTCAGGTGGAAGCAACT,0,4510114
yahC_predicted,0.5,1,1,GTCCGCCAACATTTAAATGG,0,4491020
yahC_predicted,0.5,1,1,GTCCAGTGCGCTACACCGAC,0,4490908
yahC_predicted,0.5,1,1,GTCCAGGAAGACTGTAGGTT,0,4494279
yahC_predicted,0.5,1,1,GTCCACGTGCTATCCACCCA,0,4476335
yahC_predicted,0.5,1,1,GTCCAACGCTAAAAATTCTC,0,4473485
yahC_predicted,0.5,1,1,GTCATTCGCGTTCCCATTCC,0,4490966
yahC_predicted,0.5,1,1,GTCATGGGTCTACTGGGGAC,0,4476214
yahC_predicted,0.5,1,1,GTCATATTAGAGCGGCTTGG,0,4510909
yahC_predicted,0.5,1,1,GTCACAATCAGGATAACGCC,0,4503926
yahC_predicted,0.5,1,1,GTCAACCGGTGACTCACACT,0,4492590
yahC_predicted,0.5,1,1,GTCAAAAGAATGTTCGGTAC,0,4476376
yahC_predicted,0.5,1,1,GTATGACGGCTGCGCTGGGA,0,4508865
yahC_predicted,0.5,1,1,GTATGAACTGTCACACGTGT,0,4509564
yahC_predicted,0.5,1,1,GTATCAACCCCACGCGTACC,0,4500848
yahC_predicted,0.5,1,1,GTAGTCAACTGGGTCTGTTA,0,4502616
yahC_predicted,0.5,1,1,GTAGTATAGCCCGCCAGCGG,0,4505481
yahC_predicted,0.5,1,1,GTAGCACGTTGGAGTAAACT,0,4480050
yahC_predicted,0.5,1,1,GTAGCACAATCCCCGCGCCA,0,4501459
yahC_predicted,0.5,1,1,GTACCTCCCAAGGCTTCAGT,0,4494425
yahC_predicted,0.5,1,1,GTACCTAGATTGAGTCATGG,0,4507716
yahC_predicted,0.5,1,1,GTAATCCTCGTTGCTGATAT,0,4505247
yahC_predicted,0.5,1,1,GTAAGCGTCGATCGAGCTTT,0,4502908
yahC_predicted,0.5,1,1,GTAAGCCGAGCGCAGCTAGT,0,4479757
yahC_predicted,0.5,1,1,GTAACCGTCAGCGTCCGAAG,0,4488689
yahC_predicted,0.5,1,1,GGTTTTCACGATCGCGTAGA,0,4495145
yahC_predicted,0.5,1,1,GGTTGGCTCCTCAGTAGCGT,0,4484738
yahC_predicted,0.5,1,1,GGTTGCCGTACAGGCCTGCG,0,4484339
yahC_predicted,0.5,1,1,GGTTCACACTCGTAGCTACT,0,4482357
yahC_predicted,0.5,1,1,GGTTATTAGGGGGTATCCGG,0,4491091
yahC_predicted,0.5,1,1,GGTGGGTCTCCACGGCGGCA,0,4484819
yahC_predicted,0.5,1,1,GGTGGAGCCATGCGCACGCA,0,4488580
yahC_predicted,0.5,1,1,GGTGATTTCATACGATTTAT,0,4504552
yahC_predicted,0.5,1,1,GGTGATGACTCCACTGTAGC,0,4498089
yahC_predicted,0.5,1,1,GGTCTGAGAACCAGCGGTCC,0,4474509
yahC_predicted,0.5,1,1,GGTCTCCTTTTCTAACGGCT,0,4507487
yahC_predicted,0.5,1,1,GGTCTATTTACCCTACATGC,0,4488827
yahC_predicted,0.5,1,1,GGTCGGACTAGGGGAGTGGG,0,4510852
yahC_predicted,0.5,1,1,GGTCGCAGAATCGCTCGCGT,0,4508682
yahC_predicted,0.5,1,1,GGTCCTCAGTGTTTATTCAT,0,4509089
yahC_predicted,0.5,1,1,GGTCCGAGATGATCTGCATT,0,4504933
yahC_predicted,0.5,1,1,GGTATGATCGTACGTGTGAT,0,4497281
yahC_predicted,0.5,1,1,GGTATATGTCTGCCCGCGTC,0,4498892
yahC_predicted,0.5,1,1,GGTAGACAAGACGCTCACAC,0,4473219
yahC_predicted,0.5,1,1,GGTACTAGTGTGCACGACCC,0,4501120
yahC_predicted,0.5,1,1,GGTACGGAATATCTGTCTGG,0,4475193
yahC_predicted,0.5,1,1,GGTACCCCTGTTCGGCGTAA,0,4475153
yahC_predicted,0.5,1,1,GGTAAAACGGGGCTAATCGG,0,4508200
yahC_predicted,0.5,1,1,GGGTTTTAGCTGAGATTTAG,0,4473890
yahC_predicted,0.5,1,1,GGGTTGGCAAGGAAAGGCGT,0,4503429
yahC_predicted,0.5,1,1,GGGTGTTCGAAGAAGGCGCA,0,4472943
yahC_predicted,0.5,1,1,GGGTCTTGTTTATATACCGA,0,4479152
yahC_predicted,0.5,1,1,GGGTCTATAAATCTCTAATC,0,4504659
yahC_predicted,0.5,1,1,GGGTCCGATGCGCATGCTAT,0,4495543
yahC_predicted,0.5,1,1,GGGTCAGTTTGCGGTCGATG,0,4487884
yahC_predicted,0.5,1,1,GGGTCACGGAATTTGTACAG,0,4498049
yahC_predicted,0.5,1,1,GGGGTTAGCCTGGCTCTAGA,0,4499588
yahC_predicted,0.5,1,1,GGGGTCCTCTACGGGGAGAA,0,4479485
yahC_predicted,0.5,1,1,GGGGTAATAGGCGTTCCGGT,0,4474577
yahC_predicted,0.5,1,1,GGGGGTGCCGGATGTGGGGC,0,4483058
yahC_predicted,0.5,1,1,GGGGGGCAGTGTGAAGCTCA,0,4477807
yahC_predicted,0.5,1,1,GGGGGCATCCCATAGATATC,0,4483065
yahC_predicted,0.5,1,1,GGGGGATTCCGTCGGTTATC,0,4507711
yahC_predicted,0.5,1,1,GGGGATTTGGGCCACACCGG,0,4498082
yahC_predicted,0.5,1,1,GGGGAGTTGAGTAAATTGCT,0,4509877
yahC_predicted,0.5,1,1,GGGGAACGAACGAATAACCC,0,4503674
yahC_predicted,0.5,1,1,GGGCTGGGATAACCCAAGTT,0,4508968
yahC_predicted,0.5,1,1,GGGCTAGAATCTATTTCTGC,0,4480404
yahC_predicted,0.5,1,1,GGGCGGATTTTATAGCCGAA,0,4488208
yahC_predicted,0.5,1,1,GGGCGGAAATGTTCTGACCA,0,4488807
yahC_predicted,0.5,1,1,GGGCATTGATAAACTGAACT,0,4476256
yahC_predicted,0.5,1,1,GGGCACGCCGACACTACGTA,0,4482132
yahC_predicted,0.5,1,1,GGGCACCGTTTCGCCTCTTC,0,4483223
yahC_predicted,0.5,1,1,GGGCACCAGCGCTAGCCTAC,0,4494293
yahC_predicted,0.5,1,1,GGGATCAGGACAGCAGAGTC,0,4496295
yahC_predicted,0.5,1,1,GGGATATCACGCGTCGGTTC,0,4483426
yahC_predicted,0.5,1,1,GGGAGTCTCGGCCCGGGCAT,0,4488481
yahC_predicted,0.5,1,1,GGGAACTGATTATGGAGACC,0,4484561
yahC_predicted,0.5,1,1,GGCTTTCCAGAGTCTCGGCA,0,4489708
yahC_predicted,0.5,1,1,GGCTTGGTACTACTCTGGAA,0,4482048
yahC_predicted,0.5,1,1,GGCTCTCGCACGTGTGCTGA,0,4491682
yahC_predicted,0.5,1,1,GGCTAATGACTTCGGAAATG,0,4497321
yahC_predicted,0.5,1,1,GGCGGTGAGGAGCTCAATTG,0,4488986
yahC_predicted,0.5,1,1,GGCGCAATGCCTAGGACCAT,0,4473213
yahC_predicted,0.5,1,1,GGCGACGGCGGCCGACCGTC,0,4505456
yahC_predicted,0.5,1,1,GGCCTACCGATAGGGGGGAT,0,4481075
yahC_predicted,0.5,1,1,GGCCGTGTAAGGGATCTAAG,0,4499584
yahC_predicted,0.5,1,1,GGCCGCGGTCTAAGTGGGCG,0,4476741
yahC_predicted,0.5,1,1,GGCCGCAAATCCCCTAGGCT,0,4474682
yahC_predicted,0.5,1,1,GGCCAACCCGCAGAAACGTG,0,4473672
yahC_predicted,0.5,1,1,GGCATTTGGTGCGCCGACAG,0,4492820
yahC_predicted,0.5,1,1,GGCATTCATTGGCAGAGATT,0,4508267
yahC_predicted,0.5,1,1,GGCATCTGAAGTGAGAGCTG,0,4505751
yahC_predicted,0.5,1,1,GGCAGTTAGAATCTGGGGGA,0,4474576
yahC_predicted,0.5,1,1,GGCAGCTGGATCTTAGGGAA,0,4496968
yahC_predicted,0.5,1,1,GGCACTACTTCTACCTAAAA,0,4485881
yahC_predicted,0.5,1,1,GGCACGTTCGGTCCAGGCGC,0,4501415
yahC_predicted,0.5,1,1,GGCAAGTAGCGAATGCGGTC,0,4489046
yahC_predicted,0.5,1,1,GGATTGGGCGTTTTACCCTG,0,4496956
yahC_predicted,0.5,1,1,GGATGTTTGGCCAGTTCAGA,0,4494836
yahC_predicted,0.5,1,1,GGATGGTGGGTCAGGGAGTG,0,4510198
yahC_predicted,0.5,1,1,GGATGGCACTTGGAGTACGT,0,4489666
yahC_predicted,0.5,1,1,GGATCCTCACATGAGAAACG,0,4480219
yahC_predicted,0.5,1,1,GGATCATGCGCTATACGGTA,0,4501925
yahC_predicted,0.5,1,1,GGATATAGGGGAGGCTATTC,0,4506370
yahC_predicted,0.5,1,1,GGAGTGTTCTATGGATGCCC,0,4504430
yahC_predicted,0.5,1,1,GGAGTGTGATGTTATGTACA,0,4481212
yahC_predicted,0.5,1,1,GGAGGTCCGTGATCCGCTCG,0,4488382
yahC_predicted,0.5,1,1,GGAGCTCCCATCATTATTTT,0,4508330
yahC_predicted,0.5,1,1,GGAGATGTGCAGAGTTACAG,0,4480697
yahC_predicted,0.5,1,1,GGAGAGTCATGAGTAAAAGA,0,4500875
yahC_predicted,0.5,1,1,GGACGTAGGATTCCGATTAG,0,4485514
yahC_predicted,0.5,1,1,GGACGGACTAGGTAATGCTT,0,4501767
yahC_predicted,0.5,1,1,GGACCGCTCGAGAAGTAGCT,0,4506939
yahC_predicted,0.5,1,1,GGACCCCAAAGGTAAAGGCA,0,4511796
yahC_predicted,0.5,1,1,GGACATGTGAGGCGTGATTA,0,4506879
yahC_predicted,0.5,1,1,GGAATGTAAAGCTGCGGTGC,0,4508217
yahC_predicted,0.5,1,1,GGAAGGGCGCGATGGGCCAT,0,4506704
yahC_predicted,0.5,1,1,GGAAGAGTGGTTTCGCGGAA,0,4481139
yahC_predicted,0.5,1,1,GGAACCCGAGGTACTCAGAG,0,4496327
yahC_predicted,0.5,1,1,GGAAACAGCTGCGTCGGTTG,0,4494532
yahC_predicted,0.5,1,1,GCTTTCATAGCCCGGTATAC,0,4504024
yahC_predicted,0.5,1,1,GCTTGCTTGCAGTTTTTACT,0,4497808
yahC_predicted,0.5,1,1,GCTTCTACAAATTAGACCGT,0,4506718
yahC_predicted,0.5,1,1,GCTTCAGGTAATGTTCAGTC,0,4506051
yahC_predicted,0.5,1,1,GCTTACGTCCCAGTCACATG,0,4507238
yahC_predicted,0.5,1,1,GCTTAATTATCGCGCGCGCA,0,4486505
yahC_predicted,0.5,1,1,GCTGTTCCCATGTGGTAGTA,0,4473610
yahC_predicted,0.5,1,1,GCTGACAAGCCTTGTAAAGG,0,4505337
yahC_predicted,0.5,1,1,GCTCGGGTGGTCCGCCACGG,0,4501499
yahC_predicted,0.5,1,1,GCTCGCATGATCTATTCAAT,0,4479024
yahC_predicted,0.5,1,1,GCTCGCAAAAGATTAGACGT,0,4483449
yahC_predicted,0.5,1,1,GCTCCTGGATCAGATAGCCC,0,4475698
yahC_predicted,0.5,1,1,GCTCCCCGGACAAATACTCA,0,4495999
yahC_predicted,0.5,1,1,GCTCAGCAATAGGACCGTAC,0,4487375
yahC_predicted,0.5,1,1,GCTCACCAAACCGCATCCGT,0,4482243
yahC_predicted,0.5,1,1,GCTATTACCAGGCTTTAGAT,0,4507591
yahC_predicted,0.5,1,1,GCTACTGAAACCGCACCCTG,0,4511733
yahC_predicted,0.5,1,1,GCGTGTACACGAGTACGGTT,0,4477913
yahC_predicted,0.5,1,1,GCGGTTCAGCCATGACCAAC,0,4478080
yahC_predicted,0.5,1,1,GCGGTGTGGCAGCCACAGTT,0,4508626
yahC_predicted,0.5,1,1,GCGGTATGGCTTCCCCCTGG,0,4504927
yahC_predicted,0.5,1,1,GCGGGGGGCATCACCGTTCG,0,4511681
yahC_predicted,0.5,1,1,GCGGGGGAGCTAGCAAATTG,0,4501996
yahC_predicted,0.5,1,1,GCGGAAACCCTCCAGATCGA,0,4489799
yahC_predicted,0.5,1,1,GCGCTCAAGCTACACTGATG,0,4501257
yahC_predicted,0.5,1,1,GCGCGCGCGATCCATCCCCA,0,4501196
yahC_predicted,0.5,1,1,GCGCAACGGAGCGCAATACT,0,4487363
yahC_predicted,0.5,1,1,GCGAGGAGAAAGGTAACTAC,0,4479867
yahC_predicted,0.5,1,1,GCGAGACGTATGATAAGAAG,0,4492663
yahC_predicted,0.5,1,1,GCGAAGGAGTCCCGGCGGTA,0,4490699
yahC_predicted,0.5,1,1,GCCTTCTGGTGGACCCGCAA,0,4506710
yahC_predicted,0.5,1,1,GCCTGTATTCTTATGGAGCA,0,4475071
yahC_predicted,0.5,1,1,GCCTAGATCATTCCCGTTAG,0,4487166
yahC_predicted,0.5,1,1,GCCGTTGATAGTTAGGCCAC,0,4489743
yahC_predicted,0.5,1,1,GCCGTATCGGGTCTTAAAGA,0,4479382
yahC_predicted,0.5,1,1,GCCGGCCGCTAATGCCTTAG,0,4501952
yahC_predicted,0.5,1,1,GCCGGCATGAAATCGCAGTA,0,4506873
yahC_predicted,0.5,1,1,GCCCTTGAGCAATAAGTTAA,0,4502150
yahC_predicted,0.5,1,1,GCCCTTACGGACAGTAAAGT,0,4492437
yahC_predicted,0.5,1,1,GCCCTCGGCCTATATCATCA,0,4484818
yahC_predicted,0.5,1,1,GCCCGGTCAGGTCCGTTTTA,0,4495099
yahC_predicted,0.5,1,1,GCCCGGATGTCTTCCCCAGT,0,4479954
yahC_predicted,0.5,1,1,GCCCCGGCAATAGGCTTGCG,0,4486647
yahC_predicted,0.5,1,1,GCCCCCGACAGACTTTGCGG,0,4506812
yahC_predicted,0.5,1,1,GCCCAGATACACTTCCTGTT,0,4482789
yahC_predicted,0.5,1,1,GCCCAAAGGGGGGCTAGTCC,0,4504007
yahC_predicted,0.5,1,1,GCCATTATTTTTGCGGGGGG,0,4478550
yahC_predicted,0.5,1,1,GCCAGTTTTTGTGCAAGTTG,0,4477514
yahC_predicted,0.5,1,1,GCCAGGAGCTGACCAGCGTT,0,4482910
yahC_predicted,0.5,1,1,GCCACGACACGGCCTGCACT,0,4489954
yahC_predicted,0.5,1,1,GCATGGTCTAATGAGACCAA,0,4481560
yahC_predicted,0.5,1,1,GCATGACATACTTCCGGAAA,0,4480509
yahC_predicted,0.5,1,1,GCATAGTTACTGTTTAAACC,0,4475737
yahC_predicted,0.5,1,1,GCATAGCGGTAGCCCTGTTT,0,4497397
yahC_predicted,0.5,1,1,GCATACCAGGCAGGGTGCTT,0,4488850
yahC_predicted,0.5,1,1,GCAGTATCTGTGAAGGGACA,0,4484270
yahC_predicted,0.5,1,1,GCAGCTTTATCTGTAGAGCA,0,4475806
yahC_predicted,0.5,1,1,GCAGAGCATAGGAGACTAGA,0,4472987
yahC_predicted,0.5,1,1,GCAGAGATTTTAGCGGATTA,0,4507096
yahC_predicted,0.5,1,1,GCAGAAGGGGTGCACCTGAG,0,4498139
yahC_predicted,0.5,1,1,GCACGGCCGAAGACTGGATA,0,4474767
yahC_predicted,0.5,1,1,GCAAGTGCCTCGGGGGAAGA,0,4489765
yahC_predicted,0.5,1,1,GCAACGCTGTAAAAGGATGC,0,4493950
yahC_predicted,0.5,1,1,GCAACCCTAAGCGGATTCAT,0,4482385
yahC_predicted,0.5,1,1,GCAACCAGGGTCCGTATAAA,0,4487665
yahC_predicted,0.5,1,1,GATTGTGCCCCCCCCAAAGG,0,4472625
yahC_predicted,0.5,1,1,GATTCGCATGGTGGTCTGTA,0,4472549
yahC_predicted,0.5,1,1,GATTCAGATAGCGATGTATG,0,4509042
yahC_predicted,0.5,1,1,GATTAACCCCCTCAGTACTT,0,4504619
yahC_predicted,0.5,1,1,GATGTTATGCTCAACCTAAG,0,4477946
yahC_predicted,0.5,1,1,GATGTGACTGGCCATGACAG,0,4474845
yahC_predicted,0.5,1,1,GATGGTTGGAAACTCTGTCA,0,4491447
yahC_predicted,0.5,1,1,GATGGGAAACCAGCCGCTTG,0,4495520
yahC_predicted,0.5,1,1,GATGGATAGCCGTCTCTTCA,0,4499088
yahC_predicted,0.5,1,1,GATCCCTCGGTGCTCGGTAC,0,4474721
yahC_predicted,0.5,1,1,GATAGGCAGTCTCCAAATAC,0,4508500
yahC_predicted,0.5,1,1,GAGTGTGACGAACCTTAGTG,0,4477599
yahC_predicted,0.5,1,1,GAGTGTCTTGGGAGTCGGTC,0,4476516
yahC_predicted,0.5,1,1,GAGTGGGCCAGCCGGTCGGC,0,4494433
yahC_predicted,0.5,1,1,GAGTGGCCTACTCCGTCTAC,0,4478865
yahC_predicted,0.5,1,1,GAGTGAGGATTAGTCCTTGA,0,4473839
yahC_predicted,0.5,1,1,GAGTCGTTAAAGTCACGAAA,0,4484233
yahC_predicted,0.5,1,1,GAGTATGATAGGACGGACAC,0,4474134
yahC_predicted,0.5,1,1,GAGTAAAGAGAGTCATCTGG,0,4485399
yahC_predicted,0.5,1,1,GAGGTTGTCTGGGGCCTGGA,0,4506208
yahC_predicted,0.5,1,1,GAGGTGCTGGAGGCAGATAT,0,4484294
yahC_predicted,0.5,1,1,GAGGTCCCGAGCGAGGGGGG,0,4489649
yahC_predicted,0.5,1,1,GAGGGTTAACCGTTTAATTC,0,4509074
yahC_predicted,0.5,1,1,GAGGCTTGGCCTACCTACCA,0,4510742
yahC_predicted,0.5,1,1,GAGGCTAGATTCGTGAAAAG,0,4503001
yahC_predicted,0.5,1,1,GAGGATTCTTGTCACCGAAA,0,4494761
yahC_predicted,0.5,1,1,GAGGATGTAATGGCTCAGGG,0,4500619
yahC_predicted,0.5,1,1,GAGGAAGGTGGTAGGATAGT,0,4509954
yahC_predicted,0.5,1,1,GAGCTGTTGCGTTACACATC,0,4482347
yahC_predicted,0.5,1,1,GAGCTCAGAGGTTTCTACGG,0,4495696
yahC_predicted,0.5,1,1,GAGCGTTAGGTAAAGCGCTC,0,4487660
yahC_predicted,0.5,1,1,GAGCCATGGTTAGGACTGTT,0,4508846
yahC_predicted,0.5,1,1,GAGCATCCCCGCCCGTCGAG,0,4509843
yahC_predicted,0.5,1,1,GAGATAACGCTAATCCCAAT,0,4505833
yahC_predicted,0.5,1,1,GAGACTTGGTCAGAAGGAAC,0,4493643
yahC_predicted,0.5,1,1,GAGACTCTTCGTCAGATCTA,0,4498322
yahC_predicted,0.5,1,1,GAGAATGCTCGTTCAACAAG,0,4499900
yahC_predicted,0.5,1,1,GAGAAGATTACGGTCACTTT,0,4484622
yahC_predicted,0.5,1,1,GACTTTGTCACTATCGCGTG,0,4491900
yahC_predicted,0.5,1,1,GACTTTAAGACAAATTAAGC,0,4507709
yahC_predicted,0.5,1,1,GACTGAAACATTGCGAGGGA,0,4490739
yahC_predicted,0.5,1,1,GACTAATGACCTCGGTCGGA,0,4480986
yahC_predicted,0.5,1,1,GACGCTGAACCCCTCGCGGC,0,4505249
yahC_predicted,0.5,1,1,GACGCCACTTACGTCGCGCG,0,4493851
yahC_predicted,0.5,1,1,GACCCGGGAGGTCACTGTAA,0,4473410
yahC_predicted,0.5,1,1,GACCAATGAGGTCACTGTTC,0,4490838
yahC_predicted,0.5,1,1,GACCAATCTCGTTGAGCACG,0,4484611
yahC_predicted,0.5,1,1,GACATTATGTCAGGCGCGGA,0,4486983
yahC_predicted,0.5,1,1,GACATGTGGCAGAGGATCCC,0,4474450
yahC_predicted,0.5,1,1,GACAGGGGCCGAGGACTGAG,0,4497379
yahC_predicted,0.5,1,1,GACAGGGGATAGGTAGTGGC,0,4484671
yahC_predicted,0.5,1,1,GACAGGCATAAACGTTGGAC,0,4475282
yahC_predicted,0.5,1,1,GACAGCCCATTCTTTCGCTA,0,4481248
yahC_predicted,0.5,1,1,GACAGACCCTGGTACGACGG,0,4489144
yahC_predicted,0.5,1,1,GACAAGACGGTCCTATGGTA,0,4507641
yahC_predicted,0.5,1,1,GAATCTTGAGGAGAAGAATG,0,4511854
yahC_predicted,0.5,1,1,GAATCCACCGGTAGGTCAGA,0,4503329
yahC_predicted,0.5,1,1,GAATATCACCAACAGGTAAC,0,4503789
yahC_predicted,0.5,1,1,GAATAAACATAGTGTGCTTA,0,4482806
yahC_predicted,0.5,1,1,GAAGTTGTGAGGCCCCGGCG,0,4477611
yahC_predicted,0.5,1,1,GAAGGGCGCGCTTGGTCATC,0,4477929
yahC_predicted,0.5,1,1,GAAGCACATACCGGACTAAT,0,4493692
yahC_predicted,0.5,1,1,GAACTGATTATCGGGGAAGT,0,4503578
yahC_predicted,0.5,1,1,GAACTCGTCATTGGGAGACA,0,4495822
yahC_predicted,0.5,1,1,GAACGCCCTTCGACTCAAGA,0,4480645
yahC_predicted,0.5,1,1,GAACCTCTATGGGCTCCGAT,0,4480659
yahC_predicted,0.5,1,1,GAACCTAAGTGTTAGGTTTT,0,4480463
yahC_predicted,0.5,1,1,GAACATGGTTCTAGTTTGGT,0,4506207
yahC_predicted,0.5,1,1,GAACAGGCAACACTGGGAAG,0,4474180
yahC_predicted,0.5,1,1,GAACAGAGGGGCCGCCGTAA,0,4491606
yahC_predicted,0.5,1,1,GAAATGATGCTATGAGCAGG,0,4496331
yahC_predicted,0.5,1,1,GAAAGGTTTCTCTCGGTACA,0,4474826
yahC_predicted,0.5,1,1,GAAAGATTGCCTGTAAATCG,0,4492571
yahC_predicted,0.5,1,1,GAAACTCCGGCTAAACGGCA,0,4481968
yahC_predicted,0.5,1,1,GAAAAGATGGTGTGACCAAA,0,4487038
yahC_predicted,0.5,1,1,GAAAAAGCAAATTGTGTGTT,0,4488915
yahC_predicted,0.5,1,1,CTTTTTAAGATGTCTTCTGC,0,4475491
yahC_predicted,0.5,1,1,CTTTTCGACTCTTCAAGTCG,0,4497594
yahC_predicted,0.5,1,1,CTTTGCGGGGCGCAGTAATA,0,4501111
yahC_predicted,0.5,1,1,CTTTGCAACATGTTCACATC,0,4495305
yahC_predicted,0.5,1,1,CTTTCTGTTTTTTCGTGTGG,0,4494957
yahC_predicted,0.5,1,1,CTTTATCGCTAATTTCTGAA,0,4483686
yahC_predicted,0.5,1,1,CTTTAATTAGCGAAGATTAG,0,4509463
yahC_predicted,0.5,1,1,CTTGTGTCTGAGGACCTAAG,0,4472703
yahC_predicted,0.5,1,1,CTTGTGGAGCCTGACACCAC,0,4491202
yahC_predicted,0.5,1,1,CTTGCTAGTTGCAGAAATCG,0,4479027
yahC_predicted,0.5,1,1,CTTGATTTTACCGACAAGCC,0,4508870
yahC_predicted,0.5,1,1,CTTGACTACGTCCTGAGCCG,0,4507599
yahC_predicted,0.5,1,1,CTTCTTGATGTCTGTGGAGT,0,4487152
yahC_predicted,0.5,1,1,CTTCTCAAGCAGCCTCGTTC,0,4477878
yahC_predicted,0.5,1,1,CTTCTAATTGATGCCCTCGC,0,4479982
yahC_predicted,0.5,1,1,CTTCGGTCCACAGCCATTCA,0,4511322
yahC_predicted,0.5,1,1,CTTCGGTCAACCGCCGGACG,0,4481974
yahC_predicted,0.5,1,1,CTTCGGCCAGAGCCTTGTTT,0,4492683
yahC_predicted,0.5,1,1,CTTCGCTGCGATCGACTCAG,0,4476405
yahC_predicted,0.5,1,1,CTTCCGCGAAAGCTCAGGAC,0,4504321
yahC_predicted,0.5,1,1,CTTCCATGCAGCCCGATTGA,0,4494127
yahC_predicted,0.5,1,1,CTTCCAGCGGGACCAGTTTA,0,4494510
yahC_predicted,0.5,1,1,CTTAGTGTCGAGGGCGACCT,0,4501393
yahC_predicted,0.5,1,1,CTTAGCGCAGGTACAACCTC,0,4481081
yahC_predicted,0.5,1,1,CTTAAGTTGCAGGCGGGTAA,0,4476207
yahC_predicted,0.5,1,1,CTGTTGCTCATGCGGTCTAT,0,4492143
yahC_predicted,0.5,1,1,CTGTTCAATTCACGTATACA,0,4498900
yahC_predicted,0.5,1,1,CTGTTAGCCAGCATGTTACA,0,4478504
yahC_predicted,0.5,1,1,CTGTGAAGGCGCTTACTCTA,0,4511149
yahC_predicted,0.5,1,1,CTGTCAGCGGGCTGCCGTAA,0,4483596
yahC_predicted,0.5,1,1,CTGTCAAGTAGACTCGTAGG,0,4476184
yahC_predicted,0.5,1,1,CTGGTCGGCTCTGTTAGTAC,0,4473891
yahC_predicted,0.5,1,1,CTGGTACCTTTGACGAAGCT,0,4489268
yahC_predicted,0.5,1,1,CTGGGGGGACCGCGTATCCG,0,4484077
yahC_predicted,0.5,1,1,CTGGGGACGGCTGCATGCAC,0,4488220
yahC_predicted,0.5,1,1,CTGGCCTTCGGTGCTGTAGG,0,4502027
yahC_predicted,0.5,1,1,CTGGCACGTTACTGTCCATC,0,4500457
yahC_predicted,0.5,1,1,CTGCGAGTTAAAAGTTCTGG,0,4485927
yahC_predicted,0.5,1,1,CTGCCCGGCTTTGATCGTGA,0,4496108
yahC_predicted,0.5,1,1,CTGCACCCACGGGGGGGGGG,0,4508923
yahC_predicted,0.5,1,1,CTGATGATCCCATATAAACT,0,4486849
yahC_predicted,0.5,1,1,CTGATCAAATCAGGTTTGAG,0,4494247
yahC_predicted,0.5,1,1,CTGAGCTCCACACGTTGTCA,0,4492301
yahC_predicted,0.5,1,1,CTGAAAAAGGCTAGTCGGTC,0,4489456
yahC_predicted,0.5,1,1,CTCTTGAGCTTTTTGGGGCT,0,4502797
yahC_predicted,0.5,1,1,CTCTGAAAGCTTTGCAATAC,0,4511525
yahC_predicted,0.5,1,1,CTCTATTTGTGACGTAGGGG,0,4499016
yahC_predicted,0.5,1,1,CTCGTGAAGAGGCTAAGGAG,0,4504426
yahC_predicted,0.5,1,1,CTCGTATGGATACTTGGTAT,0,4500803
yahC_predicted,0.5,1,1,CTCGCGTTCGAGCACCATCT,0,4473576
yahC_predicted,0.5,1,1,CTCGCGCATATCCTAGAATC,0,4486343
yahC_predicted,0.5,1,1,CTCGCATGGAACCACGAGAA,0,4495477
yahC_predicted,0.5,1,1,CTCGAATTATACTAAAGCGA,0,4477689
yahC_predicted,0.5,1,1,CTCCTCCCAATGCGAACGGG,0,4478385
yahC_predicted,0.5,1,1,CTCCGGTGAGTTTCGCTCGG,0,4511885
yahC_predicted,0.5,1,1,CTCCGACACTATGAAGTCTA,0,4498915
yahC_predicted,0.5,1,1,CTCCCGTGCGGCTTTCAAGG,0,4491254
yahC_predicted,0.5,1,1,CTCCCAAGTAACCCGTCTTT,0,4495429
yahC_predicted,0.5,1,1,CTCCAGCGGGCTGCCGCGAG,0,4489947
yahC_predicted,0.5,1,1,CTCCACTCTGTGGACCTCCT,0,4479483
yahC_predicted,0.5,1,1,CTCCAATTACGAGCTATTCA,0,4505047
yahC_predicted,0.5,1,1,CTCATAGAAGGGGGAAGGCG,0,4504473
yahC_predicted,0.5,1,1,CTCAATTTGGATTTGAGAAC,0,4496036
yahC_predicted,0.5,1,1,CTCAACAAACCAACCGGGCA,0,4499882
yahC_predicted,0.5,1,1,CTCAAAGGTTCGGTCTACAT,0,4487987
yahC_predicted,0.5,1,1,CTATTTTCAATTGCGGCATA,0,4508116
yahC_predicted,0.5,1,1,CTATGGAAACTATGGGGTTG,0,4495501
yahC_predicted,0.5,1,1,CTATGAGTTAGTATAACTCT,0,4504495
yahC_predicted,0.5,1,1,CTATCAGGGGTACCCTGGCT,0,4482062
yahC_predicted,0.5,1,1,CTATATCCGGAAGGTTGAAA,0,4495567
yahC_predicted,0.5,1,1,CTATACTCTTGCTCACGTTG,0,4487123
yahC_predicted,0.5,1,1,CTATACATCGTATGGAAGCG,0,4499899
yahC_predicted,0.5,1,1,CTAGTTGGTTATTCCTGTTT,0,4474484
yahC_predicted,0.5,1,1,CTAGCCTCGTGAACGCGACG,0,4487906
yahC_predicted,0.5,1,1,CTAATTGGTAATTTGCGCGT,0,4502414
yahC_predicted,0.5,1,1,CTAAAGCCCCACGCTGAAGC,0,4494988
yahC_predicted,0.5,1,1,CGTTTAAGCGTGATCTCCAT,0,4473929
yahC_predicted,0.5,1,1,CGTTCTCTAGAAATCTCTAG,0,4497199
yahC_predicted,0.5,1,1,CGTTAACTCAACGTTCCTCA,0,4478848
yahC_predicted,0.5,1,1,CGTGTCACCCACCCAGGAGT,0,4504292
yahC_predicted,0.5,1,1,CGTGTCAAGTATGCAGCGTT,0,4506569
yahC_predicted,0.5,1,1,CGTGGCACGTGACGTAGTAA,0,4505636
yahC_predicted,0.5,1,1,CGTGCCTTAATGAACCCCCT,0,4485810
yahC_predicted,0.5,1,1,CGTCTTGGCAGTTAGATGAA,0,4511849
yahC_predicted,0.5,1,1,CGTCCATGAGGGATCAGATG,0,4506447
yahC_predicted,0.5,1,1,CGTCCAGTAGTCTGATCAGA,0,4484206
yahC_predicted,0.5,1,1,CGTCACTCCAACTACAGGCA,0,4503955
yahC_predicted,0.5,1,1,CGTCACGTCTAGCATCCGTG,0,4502536
yahC_predicted,0.5,1,1,CGTATGGAGTGAGCAATAGT,0,4491388
yahC_predicted,0.5,1,1,CGTATGCCGGTAACCTGCAT,0,4511899
yahC_predicted,0.5,1,1,CGTATGCAACCTATCTTGTT,0,4491964
yahC_predicted,0.5,1,1,CGTATCTGCCATACTGCGTT,0,4505994
yahC_predicted,0.5,1,1,CGTATCAAAAGTCGCGAATG,0,4502828
yahC_predicted,0.5,1,1,CGTAGGAGGCTAATTGCCCG,0,4472639
yahC_predicted,0.5,1,1,CGTAGCCTGCTTGGGTTATT,0,4508299
yahC_predicted,0.5,1,1,CGTAGATATTCCAAATGATT,0,4504149
yahC_predicted,0.5,1,1,CGTACGAGGTTCGGGTTTAT,0,4479905
yahC_predicted,0.5,1,1,CGTAAGCCCTTGGACGACGG,0,4481867
yahC_predicted,0.5,1,1,CGTAAAAAGTTTGTGTGTAT,0,4481855
yahC_predicted,0.5,1,1,CGGTTGTAGATTAACAATTG,0,4497245
yahC_predicted,0.5,1,1,CGGTGACGAGATTAGATCAA,0,4507725
yahC_predicted,0.5,1,1,CGGTCCGCAACCATTAAAGA,0,4511175
yahC_predicted,0.5,1,1,CGGTCAGGGCTGAGCAATTA,0,4498944
yahC_predicted,0.5,1,1,CGGGTTTCATGTCTCTGCGC,0,4483568
yahC_predicted,0.5,1,1,CGGGTGAGGAGTGTACCCCT,0,4487393
yahC_predicted,0.5,1,1,CGGGGTCCCTGCTCGTTTGT,0,4503849
yahC_predicted,0.5,1,1,CGGCTGGCTGAGGACAGTTC,0,4486931
yahC_predicted,0.5,1,1,CGGCTATAATTACCATTTGT,0,4483095
yahC_predicted,0.5,1,1,CGGCCGCTGCGTATGTCGCC,0,4485665
yahC_predicted,0.5,1,1,CGGCAGAGTCGGACTTGGGA,0,4504483
yahC_predicted,0.5,1,1,CGGCACAGCACTTACGGCAT,0,4493167
yahC_predicted,0.5,1,1,CGGCAACCAGCGCGCCGGGA,0,4497121
yahC_predicted,0.5,1,1,CGGATGTCGCGGGAACGTGG,0,4509797
yahC_predicted,0.5,1,1,CGGATGCGAGTGGTAGCCTG,0,4483931
yahC_predicted,0.5,1,1,CGGAGTTTAGTGTTTAGCGT,0,4511957
yahC_predicted,0.5,1,1,CGGAGTAGACAAAGCCACAG,0,4485621
yahC_predicted,0.5,1,1,CGGACTTACATGTCATGTTT,0,4480356
yahC_predicted,0.5,1,1,CGCTTTGCACTCAAGCGTAA,0,4502324
yahC_predicted,0.5,1,1,CGCTTTCAGGTTTGCTGTTG,0,4488772
yahC_predicted,0.5,1,1,CGCTTGGACGAGTTTACTCC,0,4503300
yahC_predicted,0.5,1,1,CGCTCATTTCCTAGGGCACG,0,4493334
yahC_predicted,0.5,1,1,CGCTACGAGCAGTATTGCAT,0,4506880
yahC_predicted,0.5,1,1,CGCGTTATCGAGGAACAGCG,0,4492559
yahC_predicted,0.5,1,1,CGCGTGCAGCAACAAATCCA,0,4479312
yahC_predicted,0.5,1,1,CGCGGGAATTACGAAGACCC,0,4478470
yahC_predicted,0.5,1,1,CGCGGACTCTCGTCTGTGGC,0,4502749
yahC_predicted,0.5,1,1,CGCGCCTGTAGAGCAATTTT,0,4501110
yahC_predicted,0.5,1,1,CGCGCAGACTCCTCGACAAG,0,4485536
yahC_predicted,0.5,1,1,CGCGCAACCATGGCGTTGCA,0,4477375
yahC_predicted,0.5,1,1,CGCCGTCTGCTGTATGGCGT,0,4490519
yahC_predicted,0.5,1,1,CGCCCGCTAACCCCGCTACA,0,4499065
yahC_predicted,0.5,1,1,CGCCAAACGCATGGGGCCCT,0,4488735
yahC_predicted,0.5,1,1,CGCATTACACTTCGAGTAGT,0,4489523
yahC_predicted,0.5,1,1,CGCATAATTCGTATGTGCAC,0,4511735
yahC_predicted,0.5,1,1,CGCACGAAACTGTGTGTCAA,0,4503373
yahC_predicted,0.5,1,1,CGATTTGATAAAATTAAACA,0,4495647
yahC_predicted,0.5,1,1,CGATTCCGAAGGTAGCGGGT,0,4493744
yahC_predicted,0.5,1,1,CGATGGTGTCGGCGAGGTAG,0,4494536
yahC_predicted,0.5,1,1,CGATGAGGAAGACCATAATT,0,4489982
yahC_predicted,0.5,1,1,CGATCTAACGCCAAAGCGAC,0,4485882
yahC_predicted,0.5,1,1,CGATATTTAAAAACAAAGAA,0,4497832
yahC_predicted,0.5,1,1,CGATAGTGGAGTACCTATAT,0,4510652
yahC_predicted,0.5,1,1,CGAGTGGTTCCGAGTCCTTT,0,4501906
yahC_predicted,0.5,1,1,CGAGCGGGAGCTACATCTTC,0,4490041
yahC_predicted,0.5,1,1,CGAGACTATTGGAATACGCC,0,4502657
yahC_predicted,0.5,1,1,CGAGACGGCACACCGGCGCG,0,4477843
yahC_predicted,0.5,1,1,CGACGACTTCTCCCGCGGAC,0,4507270
yahC_predicted,0.5,1,1,CGACCGGACTAAAACAGACA,0,4484133
yahC_predicted,0.5,1,1,CGACACGAGAGAATAAAACC,0,4488344
yahC_predicted,0.5,1,1,CGAATTGGAATATAAGCAGT,0,4477245
yahC_predicted,0.5,1,1,CGAATTCCGGTGTCGATGCG,0,4484183
yahC_predicted,0.5,1,1,CGAAAGCACATCCCATATTA,0,4496683
yahC_predicted,0.5,1,1,CCTTGGCACACGTGCACCTA,0,4485894
yahC_predicted,0.5,1,1,CCTTCTGGGGTCCGACTTAA,0,4506662
yahC_predicted,0.5,1,1,CCTTCATCACATTACTCGGC,0,4480125
yahC_predicted,0.5,1,1,CCTGTGTTTTGTCCCGCATT,0,4509340
yahC_predicted,0.5,1,1,CCTGTGGTTGTTCCCCGCCA,0,4489920
yahC_predicted,0.5,1,1,CCTGTAAGTTGCGAACCCGA,0,4480010
yahC_predicted,0.5,1,1,CCTGGTAATCTGAAGTGTTG,0,4495096
yahC_predicted,0.5,1,1,CCTGGATTGCATCAAAGGTT,0,4505484
yahC_predicted,0.5,1,1,CCTGCCCGAACCGGACAGAA,0,4475209
yahC_predicted,0.5,1,1,CCTCTGGTCCTGAAGTTAGT,0,4490336
yahC_predicted,0.5,1,1,CCTCCTGTTCAAATTGTAAC,0,4502195
yahC_predicted,0.5,1,1,CCTCCCCGGAATCGTAACGT,0,4495923
yahC_predicted,0.5,1,1,CCTCCAGCTGAATTTTCACT,0,4485263
yahC_predicted,0.5,1,1,CCTCAGGCCCAGCACGCGTG,0,4479051
yahC_predicted,0.5,1,1,CCTCAATGCGAGGAAAAGGG,0,4478793
yahC_predicted,0.5,1,1,CCTATACGATTCGATTCGTA,0,4488186
yahC_predicted,0.5,1,1,CCTATAACTAAGTGACAATT,0,4498782
yahC_predicted,0.5,1,1,CCTAGGATGAGTACCATCCA,0,4506277
yahC_predicted,0.5,1,1,CCTAGACTCCGAGGTCTAAT,0,4488987
yahC_predicted,0.5,1,1,CCTAAAGGAAAACCGAGGCT,0,4509464
yahC_predicted,0.5,1,1,CCTAAACGTCGAACTCAAGG,0,4492698
yahC_predicted,0.5,1,1,CCGTGTTCCTACTCGCTCCA,0,4481150
yahC_predicted,0.5,1,1,CCGTGTCCGTGGAGGGGATC,0,4481433
yahC_predicted,0.5,1,1,CCGTCTAGGTAAAGTTTGCG,0,4484918
yahC_predicted,0.5,1,1,CCGTCATTGTTACGCGCAAA,0,4498389
yahC_predicted,0.5,1,1,CCGTATTTTAGTTGCTTAAG,0,4499340
yahC_predicted,0.5,1,1,CCGTATGTAATGGTACAGCG,0,4475786
yahC_predicted,0.5,1,1,CCGTAGATCACGCCAACGGT,0,4477729
yahC_predicted,0.5,1,1,CCGTACCTAGTAATGCAAAC,0,4481949
yahC_predicted,0.5,1,1,CCGGTCGTAACCTTGGGACC,0,4486078
yahC_predicted,0.5,1,1,CCGGCGTACATCTTAGTATT,0,4486990
yahC_predicted,0.5,1,1,CCGGCCTATGAAGAGAAATC,0,4489429
yahC_predicted,0.5,1,1,CCGGAAGGACATAACCGTGT,0,4484503
yahC_predicted,0.5,1,1,CCGCTATGTGGAGATCTGAG,0,4501724
yahC_predicted,0.5,1,1,CCGCCTCATTAATCATCGAG,0,4481641
yahC_predicted,0.5,1,1,CCGCCGTTCGGCTCAGTATG,0,4511560
yahC_predicted,0.5,1,1,CCGCACGGGCTACCAAGACG,0,4491347
yahC_predicted,0.5,1,1,CCGCAAAACACGATCTTCAA,0,4483445
yahC_predicted,0.5,1,1,CCGATCACCGCTACAGAAGT,0,4509704
yahC_predicted,0.5,1,1,CCGATACCGAGAGCACTGAA,0,4487415
yahC_predicted,0.5,1,1,CCGAGGGCAGAGTTGTAAAT,0,4508417
yahC_predicted,0.5,1,1,CCGACCTGGGACCCGGTAAT,0,4490685
yahC_predicted,0.5,1,1,CCGACAACGCATCTCCAGAG,0,4494643
yahC_predicted,0.5,1,1,CCCTGTAAGCGAAAACCGCA,0,4493285
yahC_predicted,0.5,1,1,CCCTGGGGTCAGGGATTATA,0,4477330
yahC_predicted,0.5,1,1,CCCTCGCGCTGAAGTGAGGA,0,4500338
yahC_predicted,0.5,1,1,CCCTCAGTTGCGGCCTGAAG,0,4496667
yahC_predicted,0.5,1,1,CCCTCACACAATGCATGAAA,0,4510540
yahC_predicted,0.5,1,1,CCCTACTGTTAAAGTATGTG,0,4504347
yahC_predicted,0.5,1,1,CCCTACGGGGGTATAGCTTC,0,4492487
yahC_predicted,0.5,1,1,CCCTACGGCCCGCGGCAGGC,0,4474684
yahC_predicted,0.5,1,1,CCCTACCTCGGATCAGTTCC,0,4479408
yahC_predicted,0.5,1,1,CCCTAAGCCTGAATGAACGT,0,4476602
yahC_predicted,0.5,1,1,CCCTAACGAGCGTGGCGGTT,0,4493626
yahC_predicted,0.5,1,1,CCCGTTTGAATTCTTCACCG,0,4491683
yahC_predicted,0.5,1,1,CCCGTAATGCCGCGCCTGAC,0,4476226
yahC_predicted,0.5,1,1,CCCGCGCTCTACAGACTACG,0,4485414
yahC_predicted,0.5,1,1,CCCCTCTTCTGTCCTGGCGA,0,4490644
yahC_predicted,0.5,1,1,CCCCGGGACCTGCTTGATTG,0,4483204
yahC_predicted,0.5,1,1,CCCCAAAACTAGACAACTGC,0,4496895
yahC_predicted,0.5,1,1,CCCATGGTTCCGTGCAAAAA,0,4483650
yahC_predicted,0.5,1,1,CCCATGCAAGATGAACAAGT,0,4497988
yahC_predicted,0.5,1,1,CCCACGGCCAAGCACATATG,0,4484661
yahC_predicted,0.5,1,1,CCCACGGATATGGTTATCCC,0,4485029
yahC_predicted,0.5,1,1,CCCAAAAGAGGTGATGGGAT,0,4505072
yahC_predicted,0.5,1,1,CCATTCCTTTACTCAGGCTT,0,4475756
yahC_predicted,0.5,1,1,CCATTAACCACACGCTGGAA,0,4491916
yahC_predicted,0.5,1,1,CCATGTTGTACTTTCCTGAA,0,4472808
yahC_predicted,0.5,1,1,CCATGGGAACGCAAGAGAGG,0,4486326
yahC_predicted,0.5,1,1,CCATGAGCCGGACGCTAGAC,0,4501274
yahC_predicted,0.5,1,1,CCAGGAAGTAACAGATCATG,0,4509176
yahC_predicted,0.5,1,1,CCAGCATTGCTCTCAAGCTC,0,4472954
yahC_predicted,0.5,1,1,CCAGAATGAATTCCGCATTA,0,4479993
yahC_predicted,0.5,1,1,CCACTAATGCTCAGACCGCA,0,4485690
yahC_predicted,0.5,1,1,CCACGGGCACGTCTAACTAC,0,4472558
yahC_predicted,0.5,1,1,CCACGCGCCGGTCATCCTCT,0,4503243
yahC_predicted,0.5,1,1,CCACCGAGATTCATACGTTT,0,4482857
yahC_predicted,0.5,1,1,CCACAGAGTGCCAATTCCAC,0,4486654
yahC_predicted,0.5,1,1,CCAAGTCCCAGGTAAGTGAG,0,4500864
yahC_predicted,0.5,1,1,CCAAATTTCACTGGACCCTT,0,4502408
yahC_predicted,0.5,1,1,CATTCGTAGAGTCGCCCCGT,0,4511944
yahC_predicted,0.5,1,1,CATTCCACTTAGCGCGAAGA,0,4476222
yahC_predicted,0.5,1,1,CATTCATTAACCACGCCCAC,0,4498604
yahC_predicted,0.5,1,1,CATTCATGAGTGTGGCGCCC,0,4477421
yahC_predicted,0.5,1,1,CATTCATCACTTACTAATTC,0,4479225
yahC_predicted,0.5,1,1,CATTACGTGCGAATCTTATG,0,4477655
yahC_predicted,0.5,1,1,CATTAACCTGGTAATTGGTC,0,4488553
yahC_predicted,0.5,1,1,CATGTCCGACTTCTCATGAT,0,4482281
yahC_predicted,0.5,1,1,CATGGCGCGATGCAAAACGT,0,4491175
yahC_predicted,0.5,1,1,CATGCTTAAGCCATCAATTC,0,4511571
yahC_predicted,0.5,1,1,CATGCGGTTGAGCTCATCAA,0,4480646
yahC_predicted,0.5,1,1,CATGCCTTCGGCCCAATGGT,0,4503435
yahC_predicted,0.5,1,1,CATCTTGGGTCATTGAAGTT,0,4481718
yahC_predicted,0.5,1,1,CATCTGTCAAAACACACAGG,0,4478076
yahC_predicted,0.5,1,1,CATCTCCCAGCCGTTGACAT,0,4487590
yahC_predicted,0.5,1,1,CATCGGAGCAAATTTGCCGT,0,4499036
yahC_predicted,0.5,1,1,CATCGCAAGTGGAGCCTCCG,0,4503090
yahC_predicted,0.5,1,1,CATCCAGGGCCGCGTCCCGC,0,4508501
yahC_predicted,0.5,1,1,CATCATTGCGAAGAATCGAC,0,4486570
yahC_predicted,0.5,1,1,CATCAGGGCAAAATTCTCGA,0,4475642
yahC_predicted,0.5,1,1,CATATGTGGGATTAATAGCG,0,4509080
yahC_predicted,0.5,1,1,CATAAGCTGTTTTTCACATT,0,4488448
yahC_predicted,0.5,1,1,CAGTGCGTTGACGGCATTAG,0,4487623
yahC_predicted,0.5,1,1,CAGTGCATCCGGCCCCAGTA,0,4510991
yahC_predicted,0.5,1,1,CAGTCCTAATATAGTGGGCG,0,4510398
yahC_predicted,0.5,1,1,CAGTCAAATTCACTTATATG,0,4492349
yahC_predicted,0.5,1,1,CAGGTTGCAGAATGGATCTT,0,4491338
yahC_predicted,0.5,1,1,CAGGTGGGGAGTATGGCGCA,0,4508691
yahC_predicted,0.5,1,1,CAGGTCTTTAATACAAAGAA,0,4482003
yahC_predicted,0.5,1,1,CAGGGTTTTGGTCCTTACCA,0,4479825
yahC_predicted,0.5,1,1,CAGGGTTCGGAATGACTAGA,0,4509054
yahC_predicted,0.5,1,1,CAGGCTTACAGCCCGTTTAC,0,4476526
yahC_predicted,0.5,1,1,CAGGCAGTCACTGGAAAGCA,0,4485785
yahC_predicted,0.5,1,1,CAGGATCCTAGGATGTTCGT,0,4485023
yahC_predicted,0.5,1,1,CAGGACTCAAATATAAACCT,0,4497995
yahC_predicted,0.5,1,1,CAGGAAGCGATCTGTTCGGT,0,4509966
yahC_predicted,0.5,1,1,CAGGAAATACAACGACGAAG,0,4481778
yahC_predicted,0.5,1,1,CAGCTTGAGCGCAGGATTTT,0,4493045
yahC_predicted,0.5,1,1,CAGCTAACCTTATGCGAGTA,0,4504621
yahC_predicted,0.5,1,1,CAGCGGAAAACGAAGTTCAT,0,4502937
yahC_predicted,0.5,1,1,CAGCAGGTCACCGATGGTTC,0,4511098
yahC_predicted,0.5,1,1,CAGATAGGTTTTGTGCTCAC,0,4492300
yahC_predicted,0.5,1,1,CAGAGCTTCTAACAAGAATG,0,4510868
yahC_predicted,0.5,1,1,CAGACTTAAAGAGTCAATCC,0,4484207
yahC_predicted,0.5,1,1,CAGACTGTTCTGGAGAAACG,0,4499407
yahC_predicted,0.5,1,1,CACTTAATCAACCCAGACTT,0,4498475
yahC_predicted,0.5,1,1,CACTAATCCTTAATAAAGGG,0,4511597
yahC_predicted,0.5,1,1,CACGTAGACATGCGAACAAT,0,4484591
yahC_predicted,0.5,1,1,CACGGTGCGAGGAGAGCTAA,0,4487999
yahC_predicted,0.5,1,1,CACGCCTCTTTGGCGCGAGG,0,4482940
yahC_predicted,0.5,1,1,CACGAGCTCAGCATCTTATC,0,4476894
yahC_predicted,0.5,1,1,CACCTTTTACAGTCTACCCC,0,4473567
yahC_predicted,0.5,1,1,CACCGTGTAACGGGATAATG,0,4499845
yahC_predicted,0.5,1,1,CACCGGTCGTACGTCTTCCT,0,4492841
yahC_predicted,0.5,1,1,CACCACTGTCTGCTCCTCCA,0,4481448
yahC_predicted,0.5,1,1,CACAGATAAAACAGTTCATC,0,4490383
yahC_predicted,0.5,1,1,CACAGAGTGCCGCGAGCTGT,0,4500002
yahC_predicted,0.5,1,1,CACACAAGAACCTATCGCCG,0,4492612
yahC_predicted,0.5,1,1,CAATTTATCTCTTGGGGGGA,0,4483721
yahC_predicted,0.5,1,1,CAATCATTGGAGTACACTAG,0,4494920
yahC_predicted,0.5,1,1,CAATAGCCTATTGCCCTCCC,0,4474706
yahC_predicted,0.5,1,1,CAAGTTGGCCAAACCTTACG,0,4480685
yahC_predicted,0.5,1,1,CAAGTTGCTAGCCAATAATG,0,4489181
yahC_predicted,0.5,1,1,CAAGTCGCGATGGGACCTTT,0,4475439
yahC_predicted,0.5,1,1,CAAGTCCCGTAGGCTACCAT,0,4487985
yahC_predicted,0.5,1,1,CAAGGCGGTATTGTAAAGTT,0,4494246
yahC_predicted,0.5,1,1,CAAGCGCACCCTTGAAACAT,0,4486320
yahC_predicted,0.5,1,1,CAAGAGCCCTTAGCGGCTAA,0,4499217
yahC_predicted,0.5,1,1,CAACTGTCCGTAGGACCTTC,0,4493724
yahC_predicted,0.5,1,1,CAACCTATGAGAGTGGGCAT,0,4501611
yahC_predicted,0.5,1,1,CAACCATGAGCCCATTTTGC,0,4472902
yahC_predicted,0.5,1,1,CAAAGTCGAGCACTTATTAA,0,4476968
yahC_predicted,0.5,1,1,CAAAGTCAAGTCTACAATGC,0,4486275
yahC_predicted,0.5,1,1,CAAAGGATTAATAGCAAAAA,0,4502554
yahC_predicted,0.5,1,1,CAAAATGAGAGTGTGGCTAA,0,4477936
yahC_predicted,0.5,1,1,ATTTTGTTTTCTGGACTAAT,0,4485802
yahC_predicted,0.5,1,1,ATTTGTTCCATTCAACGACC,0,4487287
yahC_predicted,0.5,1,1,ATTTGCATGGCTTACGAATA,0,4501556
yahC_predicted,0.5,1,1,ATTTAGATACAGTCGCGTTG,0,4506963
yahC_predicted,0.5,1,1,ATTTAAAGTAGCCGCGTGAG,0,4509828
yahC_predicted,0.5,1,1,ATTGTTACGTGGGCGTACGT,0,4509032
yahC_predicted,0.5,1,1,ATTGTATGTCAACCCAAGAC,0,4484913
yahC_predicted,0.5,1,1,ATTGGTCGATCACGCACTAG,0,4493838
yahC_predicted,0.5,1,1,ATTGCGCGCGCTCGTCGTCA,0,4504842
yahC_predicted,0.5,1,1,ATTGATTTCACATTTTCCAA,0,4491824
yahC_predicted,0.5,1,1,ATTGATAGGGGTCGGATAGC,0,4488154
yahC_predicted,0.5,1,1,ATTCGTCAGTTATCGTTCAC,0,4483610
yahC_predicted,0.5,1,1,ATTCGCTCATGGGCGGGTCC,0,4496003
yahC_predicted,0.5,1,1,ATTCGATTATGTCTATGGGT,0,4500837
yahC_predicted,0.5,1,1,ATTCATAAGAGAACTACCGA,0,4495887
yahC_predicted,0.5,1,1,ATTCAATCAATTCGCGGGAT,0,4481113
yahC_predicted,0.5,1,1,ATTATAGCCTAAAGCTACTG,0,4510983
yahC_predicted,0.5,1,1,ATTAGTATCCCAGTCAAACT,0,4495802
yahC_predicted,0.5,1,1,ATTAGATCACTGATAAGCCT,0,4500504
yahC_predicted,0.5,1,1,ATTAAAGGAGTCGTCTCCCT,0,4494262
yahC_predicted,0.5,1,1,ATGTTGGCGAACAGTTTTAG,0,4489601
yahC_predicted,0.5,1,1,ATGTTACTCAAGTGATAAAT,0,4480738
yahC_predicted,0.5,1,1,ATGTGCATTTCTGCATTTTT,0,4498700
yahC_predicted,0.5,1,1,ATGTCCTATGCGTTTATACA,0,4489469
yahC_predicted,0.5,1,1,ATGTCAACGCGGAGATGTTA,0,4503686
yahC_predicted,0.5,1,1,ATGTAAAGGTCTGCGGCGAA,0,4489171
yahC_predicted,0.5,1,1,ATGGTGTCACACAACATCGG,0,4476612
yahC_predicted,0.5,1,1,ATGGCCGTGTCCGTGGCATC,0,4484725
yahC_predicted,0.5,1,1,ATGCTCCCACAGCCTGGCGT,0,4473355
yahC_predicted,0.5,1,1,ATGCGCGATGCTCAAGCTCC,0,4486413
yahC_predicted,0.5,1,1,ATGCAGTAGTTTCTTGTAGA,0,4501595
yahC_predicted,0.5,1,1,ATGCAATTTGCCATCCGTAG,0,4473963
yahC_predicted,0.5,1,1,ATGCAATAGCCAAGTGGGAT,0,4508074
yahC_predicted,0.5,1,1,ATGATGGCCAACACGAGTTT,0,4511586
yahC_predicted,0.5,1,1,ATGATATGGATAGATGGGTA,0,4492926
yahC_predicted,0.5,1,1,ATGACTGCAGGGCTGCGGCT,0,4478889
yahC_predicted,0.5,1,1,ATGAAGCAGCAATTTCCCTT,0,4485002
yahC_predicted,0.5,1,1,ATCTTATAGGTAGTGCGATG,0,4503118
yahC_predicted,0.5,1,1,ATCTGTGTCAACCAACATCG,0,4510430
yahC_predicted,0.5,1,1,ATCTGGGTCGGTTCCTCTTA,0,4478466
yahC_predicted,0.5,1,1,ATCTCTCACTCGCATCCCCA,0,4483233
yahC_predicted,0.5,1,1,ATCTCTAGCTTTTATAAGGA,0,4487524
yahC_predicted,0.5,1,1,ATCTAACGGTTTGGGGGCGT,0,4473906
yahC_predicted,0.5,1,1,ATCGTTACACAGCCAACGAT,0,4489341
yahC_predicted,0.5,1,1,ATCGTCGGCCAGGACGTTGG,0,4482055
yahC_predicted,0.5,1,1,ATCGTAATGGGGTGGAAGTC,0,4499592
yahC_predicted,0.5,1,1,ATCGGGATTATGGAAACCGT,0,4485349
yahC_predicted,0.5,1,1,ATCGGCGTGGCCCTTACTTG,0,4498083
yahC_predicted,0.5,1,1,ATCGGCAGTCTGGTGCGGGT,0,4479680
yahC_predicted,0.5,1,1,ATCGCTTTTGCAGGCGTTGA,0,4472785
yahC_predicted,0.5,1,1,ATCGCGGAAGCAGGGGTGGA,0,4504808
yahC_predicted,0.5,1,1,ATCCGGCGTATCTGTTAGGT,0,4486656
yahC_predicted,0.5,1,1,ATCCGGCAACTCCTATCCCA,0,4502156
yahC_predicted,0.5,1,1,ATCCGGACTCACCAGTAGTA,0,4476108
yahC_predicted,0.5,1,1,ATCCGCGGACGCAATGTTAT,0,4479556
yahC_predicted,0.5,1,1,ATCCGAGGTGGTATTAGTTG,0,4482601
yahC_predicted,0.5,1,1,ATCCAGTTGACTCTAGTGCC,0,4487355
yahC_predicted,0.5,1,1,ATCCACACCGTCCTGGTGGC,0,4478150
yahC_predicted,0.5,1,1,ATCATGCCATGATCGTACGT,0,4491249
yahC_predicted,0.5,1,1,ATCACGAAGGGTAAATGACA,0,4472619
yahC_predicted,0.5,1,1,ATATTATGACCAGAATCGCT,0,4510937
yahC_predicted,0.5,1,1,ATATTACGCCCGAGCAAAAG,0,4502900
yahC_predicted,0.5,1,1,ATATGCTGGAGGGGGGGTCA,0,4479452
yahC_predicted,0.5,1,1,ATATAGTGGCCCCGTATTTT,0,4485929
yahC_predicted,0.5,1,1,ATAGTTACCTGGTGTCTCTC,0,4499851
yahC_predicted,0.5,1,1,ATAGTGAAGCCCCAAATCAA,0,4501352
yahC_predicted,0.5,1,1,ATAGGACTAGAAAGAAAAAG,0,4507323
yahC_predicted,0.5,1,1,ATAGCTAATAAGGCCTCTAT,0,4481761
yahC_predicted,0.5,1,1,ATAGAGGCGGCACTGTGCTG,0,4492394
yahC_predicted,0.5,1,1,ATAGAACAAACTTCGCGAAC,0,4479654
yahC_predicted,0.5,1,1,ATACTGGTTGACCGTGCCAG,0,4496293
yahC_predicted,0.5,1,1,ATACGTGAACTGCTCACTCT,0,4477780
yahC_predicted,0.5,1,1,ATACGTCGCAGGGTACAGGT,0,4500474
yahC_predicted,0.5,1,1,ATACGATGTTTAGATCCTTA,0,4507815
yahC_predicted,0.5,1,1,ATACCTAGAATGTGCGGTGG,0,4478871
yahC_predicted,0.5,1,1,ATACACCACCGTACGGGTTG,0,4494538
yahC_predicted,0.5,1,1,ATAATACCTCCGGGCGGGAG,0,4492749
yahC_predicted,0.5,1,1,ATAAAATACTTAGATATCAT,0,4505495
yahC_predicted,0.5,1,1,AGTTGGGGAGGCCTCAAACC,0,4484989
yahC_predicted,0.5,1,1,AGTTGAAATCCAGCCGGGCG,0,4498601
yahC_predicted,0.5,1,1,AGTTCGTCACATTCAAATAC,0,4494422
yahC_predicted,0.5,1,1,AGTTCGATAACTCGCCGTAC,0,4482499
yahC_predicted,0.5,1,1,AGTTAAGGTCCTTTCCACTT,0,4488584
yahC_predicted,0.5,1,1,AGTGCGATTTCCGGAGACGT,0,4495798
yahC_predicted,0.5,1,1,AGTGACCCGCCCACGCTTAG,0,4479568
yahC_predicted,0.5,1,1,AGTCGCCCACGGCATTTAGC,0,4483375
yahC_predicted,0.5,1,1,AGTCGAGGCATTGAGGTCTA,0,4475288
yahC_predicted,0.5,1,1,AGTCCCGAACGTCTATCCAG,0,4499265
yahC_predicted,0.5,1,1,AGTCATGAATCGGTCTGACC,0,4487791
yahC_predicted,0.5,1,1,AGTCATCAAACGAGGTGGGC,0,4500248
yahC_predicted,0.5,1,1,AGTAGTAGTAGCTCTTGTCG,0,4510837
yahC_predicted,0.5,1,1,AGTAGGCCCGTGCGAGCTCA,0,4473769
yahC_predicted,0.5,1,1,AGTACATAGGGGGTCTTTGG,0,4487555
yahC_predicted,0.5,1,1,AGTACAAATACGTTGGGGCT,0,4497749
yahC_predicted,0.5,1,1,AGGTTTTTCCTGTCCCGGAT,0,4479465
yahC_predicted,0.5,1,1,AGGTTTCGTTTTGTCTGCTT,0,4498479
yahC_predicted,0.5,1,1,AGGTTGTAAGGAGCTAGTAC,0,4492693
yahC_predicted,0.5,1,1,AGGTGGCATACATATCTCGA,0,4497477
yahC_predicted,0.5,1,1,AGGTGAACCAATGTCAAAAC,0,4480908
yahC_predicted,0.5,1,1,AGGTCGGGCGACCGGAGAAT,0,4507544
yahC_predicted,0.5,1,1,AGGTCCGGGAACGAGTGGAC,0,4473448
yahC_predicted,0.5,1,1,AGGTAACAGGGCGTAACTGG,0,4487877
yahC_predicted,0.5,1,1,AGGGGGAGTTACATTGTTTG,0,4490657
yahC_predicted,0.5,1,1,AGGGGCTAGGCGTTTACAAG,0,4477711
yahC_predicted,0.5,1,1,AGGGCTGAAGAAAAAATATC,0,4494832
yahC_predicted,0.5,1,1,AGGGCGCTTGAAAAAGGTCT,0,4505861
yahC_predicted,0.5,1,1,AGGGATGTGGGATAGGATAG,0,4490451
yahC_predicted,0.5,1,1,AGGGAGCTAGGGCGACACAG,0,4505367
yahC_predicted,0.5,1,1,AGGGAAACCCCGGTCTTCGC,0,4511988
yahC_predicted,0.5,1,1,AGGCGGGATCCCGGTAATAC,0,4510332
yahC_predicted,0.5,1,1,AGGCGCAATAGCGTTCAGGC,0,4506863
yahC_predicted,0.5,1,1,AGGCATCCTTAGTATGCACA,0,4506795
yahC_predicted,0.5,1,1,AGGCACCGGACGTTAAAATA,0,4495092
yahC_predicted,0.5,1,1,AGGATGGGTAGTTTAACCAC,0,4490246
yahC_predicted,0.5,1,1,AGGATCGCGACTTGACGCAA,0,4509658
yahC_predicted,0.5,1,1,AGGAGGCCCTTACATACATC,0,4509779
yahC_predicted,0.5,1,1,AGGAAGTGGGACAATTAACC,0,4472527
yahC_predicted,0.5,1,1,AGGAACTCAGCGATGCCCTA,0,4510268
yahC_predicted,0.5,1,1,AGGAACGCCACTGGCGGTTA,0,4486247
yahC_predicted,0.5,1,1,AGGAAATCGGAACTCAATCT,0,4507087
yahC_predicted,0.5,1,1,AGCTTTCGGAGAGCGGTGAA,0,4507042
yahC_predicted,0.5,1,1,AGCTAGTCCAACGGGCTGCA,0,4482864
yahC_predicted,0.5,1,1,AGCGTTGCGGCTAATCGTTG,0,4487235
yahC_predicted,0.5,1,1,AGCGTACTGAGAGAACAGAT,0,4483976
yahC_predicted,0.5,1,1,AGCGGTGTAGCATGAAAGAG,0,4489040
yahC_predicted,0.5,1,1,AGCGGCATCAGCTATGTAGA,0,4473670
yahC_predicted,0.5,1,1,AGCGCGAGGGAGCCCATTGA,0,4476536
yahC_predicted,0.5,1,1,AGCGATCAGTTCCGATTATG,0,4489091
yahC_predicted,0.5,1,1,AGCCGGGTGAGCATGCCTCG,0,4509667
yahC_predicted,0.5,1,1,AGCCGCTACAGTCTAGGCTG,0,4472751
yahC_predicted,0.5,1,1,AGCCAAGGTTGGTATCATAG,0,4497211
yahC_predicted,0.5,1,1,AGCAGTTTTGTCGGTGTCTC,0,4485417
yahC_predicted,0.5,1,1,AGCAGTCTCTGTAGGCAGAT,0,4492385
yahC_predicted,0.5,1,1,AGCAGGAACTACGTCTTAAA,0,4508156
yahC_predicted,0.5,1,1,AGCACGTGGAGCTTCGGAGT,0,4481749
yahC_predicted,0.5,1,1,AGCACGGTCTTTGCGCCGTC,0,4473933
yahC_predicted,0.5,1,1,AGCAAATCTTTTGCGAAACT,0,4474150
yahC_predicted,0.5,1,1,AGATTGCCCAGAGCGGGCCT,0,4500097
yahC_predicted,0.5,1,1,AGATCTTCGTACTCCCTCAT,0,4476863
yahC_predicted,0.5,1,1,AGATCTAGTGACCGAATAGT,0,4509460
yahC_predicted,0.5,1,1,AGATATCAGGATTGTGGCAA,0,4475764
yahC_predicted,0.5,1,1,AGAGGGTAGAGGTGCCGGCA,0,4492492
yahC_predicted,0.5,1,1,AGAGGAGGAGCGGGATTGGC,0,4504638
yahC_predicted,0.5,1,1,AGAGCGTAGGGAGGAATCAG,0,4505055
yahC_predicted,0.5,1,1,AGAGCCACGTCTCACAACCT,0,4490449
yahC_predicted,0.5,1,1,AGAGCCAATTTCGTATATAC,0,4502361
yahC_predicted,0.5,1,1,AGAGCATCCGTCCTTTCATC,0,4477884
yahC_predicted,0.5,1,1,AGAGAGGTGATTATATAGCG,0,4483556
yahC_predicted,0.5,1,1,AGACGTTCAGCACTGGTCCT,0,4485229
yahC_predicted,0.5,1,1,AGACGTGAGCTATACTGGCT,0,4485232
yahC_predicted,0.5,1,1,AGACCGCACGTATAACGTCA,0,4493133
yahC_predicted,0.5,1,1,AGACCAATATGGCTTTGTTA,0,4496687
yahC_predicted,0.5,1,1,AGACACTTAACGCCACTATG,0,4493648
yahC_predicted,0.5,1,1,AGAATTTCGCAACTTACAAT,0,4488498
yahC_predicted,0.5,1,1,AGAATAAAAGACTGCTATGG,0,4501293
yahC_predicted,0.5,1,1,AGAAGGGGAGTTCTTGTCGG,0,4490083
yahC_predicted,0.5,1,1,AGAAACCCACCTATAGTTGC,0,4511409
yahC_predicted,0.5,1,1,ACTTCGGAAGTCCGATTGCA,0,4477586
yahC_predicted,0.5,1,1,ACTTACCGAAGATTGTTCTC,0,4482007
yahC_predicted,0.5,1,1,ACTGTCTCGACCTACATAAT,0,4498777
yahC_predicted,0.5,1,1,ACTGTACTTAGAGTAGAACC,0,4479413
yahC_predicted,0.5,1,1,ACTGGTGTCACCCAGCGGAG,0,4493135
yahC_predicted,0.5,1,1,ACTGGTCGCCCAGAGCGTCT,0,4503057
yahC_predicted,0.5,1,1,ACTGGATACACCGCGGATAT,0,4475710
yahC_predicted,0.5,1,1,ACTCTCTGTGCGGCCGGACG,0,4481618
yahC_predicted,0.5,1,1,ACTATAATGCTACACTCATC,0,4492733
yahC_predicted,0.5,1,1,ACTAGCCTAAATGCAGGGGC,0,4474672
yahC_predicted,0.5,1,1,ACGTCCTACTTTCACGTGCT,0,4491407
yahC_predicted,0.5,1,1,ACGTCCCCGTAACTCGTCAA,0,4485815
yahC_predicted,0.5,1,1,ACGTAATTCCGGCAGTGTGA,0,4481845
yahC_predicted,0.5,1,1,ACGGTCTTATTGCCATTATG,0,4478630
yahC_predicted,0.5,1,1,ACGGTATATAGATCGGCAAT,0,4476733
yahC_predicted,0.5,1,1,ACGGTACTCTATCATCCGCG,0,4477996
yahC_predicted,0.5,1,1,ACGGGTTTTACAGGATCAGA,0,4509866
yahC_predicted,0.5,1,1,ACGGGAGGCGACGACTGAAG,0,4495504
yahC_predicted,0.5,1,1,ACGGCCCATTGCGGCGTCAC,0,4496967
yahC_predicted,0.5,1,1,ACGGAGCATCTGACTACGTC,0,4507044
yahC_predicted,0.5,1,1,ACGCGGCCCCGTAAACGTCC,0,4509651
yahC_predicted,0.5,1,1,ACGCCTATGATACGATTGGT,0,4506136
yahC_predicted,0.5,1,1,ACGATGCATTCGGTGTGGCA,0,4502731
yahC_predicted,0.5,1,1,ACGAGATCCTGGAGAAACTG,0,4508166
yahC_predicted,0.5,1,1,ACGACTCAACATGTAATGCT,0,4476221
yahC_predicted,0.5,1,1,ACGAAGTAATTAGATCTATC,0,4479727
yahC_predicted,0.5,1,1,ACGAAGCAGGGATCTGCAAT,0,4478939
yahC_predicted,0.5,1,1,ACCTTGGTACGAATAAGAAG,0,4501648
yahC_predicted,0.5,1,1,ACCTCTACAGTTTACCGCTT,0,4499781
yahC_predicted,0.5,1,1,ACCGTTAATTAAATCGAAAA,0,4481327
yahC_predicted,0.5,1,1,ACCGGGTAATCAGGAGGAAG,0,4479824
yahC_predicted,0.5,1,1,ACCGGGGTTTCGTGGTCACA,0,4484732
yahC_predicted,0.5,1,1,ACCGGCGCTTAGATAATGAA,0,4507395
yahC_predicted,0.5,1,1,ACCGAGCAGTCACGACACGT,0,4499225
yahC_predicted,0.5,1,1,ACCCTCGGTGGTGAATCCCA,0,4474416
yahC_predicted,0.5,1,1,ACCCGCTGAGATTAGACCGA,0,4472989
yahC_predicted,0.5,1,1,ACCCGAGCCAAAACTAATAG,0,4508332
yahC_predicted,0.5,1,1,ACCCCCAATTTTATCTTGAA,0,4483324
yahC_predicted,0.5,1,1,ACCCACTTGTGACGACATCC,0,4483004
yahC_predicted,0.5,1,1,ACCAGGCGTCAATGGTTGCT,0,4508508
yahC_predicted,0.5,1,1,ACCAAGTTAAAACTACGCGC,0,4500611
yahC_predicted,0.5,1,1,ACATTCGATAGGCCGACGTA,0,4490525
yahC_predicted,0.5,1,1,ACATTAGCGCGCACAGTTAT,0,4509227
yahC_predicted,0.5,1,1,ACATGGCCGCATCAAATAGG,0,4482063
yahC_predicted,0.5,1,1,ACATCCACTGGTACGGGATT,0,4506066
yahC_predicted,0.5,1,1,ACAGGATACTGAGTTACCGA,0,4489927
yahC_predicted,0.5,1,1,ACAGCTCGAACTTCGTGCGC,0,4474742
yahC_predicted,0.5,1,1,ACAGCCCACGGGCTGGTTTT,0,4486184
yahC_predicted,0.5,1,1,ACAGATTTAGTACTTTTGGG,0,4475053
yahC_predicted,0.5,1,1,ACAGAAGAGCCAGGTCCACT,0,4488566
yahC_predicted,0.5,1,1,ACACTGAACCTCCTTCTTAC,0,4501230
yahC_predicted,0.5,1,1,ACACGCACAGGGAGTACAGA,0,4504283
yahC_predicted,0.5,1,1,ACACCTCTCTAATCCTTTCC,0,4483034
yahC_predicted,0.5,1,1,ACACCCGTCACTCGTATCGC,0,4479783
yahC_predicted,0.5,1,1,ACACCAGACATGTATTTATT,0,4505763
yahC_predicted,0.5,1,1,ACACACGATTATACGTCATC,0,4499981
yahC_predicted,0.5,1,1,ACAATATCTGCTTTGACGGG,0,4484695
yahC_predicted,0.5,1,1,ACAAGTTAGCTGCTTTCTCA,0,4485566
yahC_predicted,0.5,1,1,ACAAGTAGCCAGCGCAGGAA,0,4485233
yahC_predicted,0.5,1,1,ACAAGGAGGGACGACGCTTC,0,4507990
yahC_predicted,0.5,1,1,ACAACCAGTTTGATCTCGTT,0,4478999
yahC_predicted,0.5,1,1,ACAACATCAGGGGCTGCTTA,0,4473107
yahC_predicted,0.5,1,1,ACAACAGGGAATACGGTACG,0,4511981
yahC_predicted,0.5,1,1,ACAAAAGCCAGAACTGTCAT,0,4487667
yahC_predicted,0.5,1,1,AATTTCCGGTCCCATCCCAG,0,4490597
yahC_predicted,0.5,1,1,AATTGTGGGCTCTCAATGGT,0,4494244
yahC_predicted,0.5,1,1,AATTCTCACGTCGATCCAAT,0,4488762
yahC_predicted,0.5,1,1,AATGGTCCTTGAACTCGGTT,0,4502415
yahC_predicted,0.5,1,1,AATCTTTTTCGTCTCACACC,0,4504989
yahC_predicted,0.5,1,1,AATCGAGCCTTTCACGGCTT,0,4485759
yahC_predicted,0.5,1,1,AATCCTTGACTGGCGCAACT,0,4487141
yahC_predicted,0.5,1,1,AATCCGGAAGGTAGCAATGA,0,4492873
yahC_predicted,0.5,1,1,AATCCGCAGACCTTCGGATA,0,4506655
yahC_predicted,0.5,1,1,AATCCGCAACTAAGCGTAAG,0,4472795
yahC_predicted,0.5,1,1,AATCCGAGTCGGGTGTCGTT,0,4474830
yahC_predicted,0.5,1,1,AATCAACATGTACTATCCAG,0,4501994
yahC_predicted,0.5,1,1,AATATCAAGTACGGGACAGG,0,4495995
yahC_predicted,0.5,1,1,AATATAGTTAACGCTGTGGA,0,4493837
yahC_predicted,0.5,1,1,AATAGGCCCAGGGCGTAGGT,0,4500476
yahC_predicted,0.5,1,1,AATAGGAATGGGCCGACAGA,0,4498854
yahC_predicted,0.5,1,1,AATAGCTAGATGTGGAACCC,0,4509663
yahC_predicted,0.5,1,1,AATAGCAGGCTCTCGTTCGG,0,4500050
yahC_predicted,0.5,1,1,AATAGAATCATTGCCGTGCA,0,4485055
yahC_predicted,0.5,1,1,AATAAAGTTTACGAAATTTT,0,4511523
yahC_predicted,0.5,1,1,AAGTTCTATCTACAGGGAAT,0,4494712
yahC_predicted,0.5,1,1,AAGTGGGGGTGTATACACGA,0,4480473
yahC_predicted,0.5,1,1,AAGTGCAAAGACTCGTCTGG,0,4480502
yahC_predicted,0.5,1,1,AAGTCACTCATGATACCCTA,0,4496166
yahC_predicted,0.5,1,1,AAGTAGAACAGCCTCCCACA,0,4478892
yahC_predicted,0.5,1,1,AAGGTTACGGCATTCCATCC,0,4505143
yahC_predicted,0.5,1,1,AAGGTGTCGGCCACGGGGTC,0,4487699
yahC_predicted,0.5,1,1,AAGGTGGTTTCGTCATTAGA,0,4493397
yahC_predicted,0.5,1,1,AAGGGGGCGTGACGTTCCGT,0,4506787
yahC_predicted,0.5,1,1,AAGGGCTGGCATAGAGGCCA,0,4474597
yahC_predicted,0.5,1,1,AAGGGACGTATAAAGTTGCT,0,4501206
yahC_predicted,0.5,1,1,AAGGGACCCTCAATGTAGTG,0,4484092
yahC_predicted,0.5,1,1,AAGGCCTAGACCAAGTTTTC,0,4479178
yahC_predicted,0.5,1,1,AAGCGTGCTGTCAAAGGTTC,0,4488217
yahC_predicted,0.5,1,1,AAGCGATTTTTACCATAGTC,0,4472844
yahC_predicted,0.5,1,1,AAGCCAGTGTCCTCTTTCTT,0,4473113
yahC_predicted,0.5,1,1,AAGCATGGGTAACAAGGGTC,0,4486286
yahC_predicted,0.5,1,1,AAGAGCCGCAGAAGTGGGCA,0,4481482
yahC_predicted,0.5,1,1,AAGACTTATTCATGAAATCA,0,4487631
yahC_predicted,0.5,1,1,AAGACCGTAAGCGGACTGCA,0,4490534
yahC_predicted,0.5,1,1,AAGACATCTACGTCTTACGG,0,4475969
yahC_predicted,0.5,1,1,AAGAATCGCCTGTGTGCCAT,0,4496101
yahC_predicted,0.5,1,1,AAGAACTTGCGGTCCTAAGC,0,4474228
yahC_predicted,0.5,1,1,AACTTGTTGCAAATAGGGAG,0,4490702
yahC_predicted,0.5,1,1,AACTGAACCCAAATTGTAGT,0,4481421
yahC_predicted,0.5,1,1,AACTACTTACTCCCTATCGC,0,4503804
yahC_predicted,0.5,1,1,AACGTGTCGCCCTTATATCC,0,4480950
yahC_predicted,0.5,1,1,AACGTGGGTGTTTCGCTTTA,0,4509020
yahC_predicted,0.5,1,1,AACGTGGGTATGTATGTCCC,0,4476836
yahC_predicted,0.5,1,1,AACGTCGCGGCCAAAGGCGA,0,4502334
yahC_predicted,0.5,1,1,AACGGTTTTGAGGGCCATAA,0,4476690
yahC_predicted,0.5,1,1,AACGGTAGTCCGCAGAATGC,0,4474410
yahC_predicted,0.5,1,1,AACGGGGGGCGAATATTTGC,0,4498496
yahC_predicted,0.5,1,1,AACGGAAATCGGTGTAGTGT,0,4502272
yahC_predicted,0.5,1,1,AACGACCGAGACGCCCTGGT,0,4510286
yahC_predicted,0.5,1,1,AACCTTGCACAGCGTTGAAC,0,4505045
yahC_predicted,0.5,1,1,AACCTCTTTAAATCGCTACA,0,4493783
yahC_predicted,0.5,1,1,AACCGTTTAATATTGTACCA,0,4509795
yahC_predicted,0.5,1,1,AACCACCAGGTGAGAACTCG,0,4508135
yahC_predicted,0.5,1,1,AACCACAAGGGTCTATAAAG,0,4504551
yahC_predicted,0.5,1,1,AACATGTCGTGAGTGTGTTT,0,4484560
yahC_predicted,0.5,1,1,AACATGGCGCGTACATACGT,0,4482891
yahC_predicted,0.5,1,1,AACAGTTTAGGGCATATTAT,0,4494373
yahC_predicted,0.5,1,1,AACAGCACGAGAGGGGGTAT,0,4500965
yahC_predicted,0.5,1,1,AACAGACACCCGCAGGCCTG,0,4495387
yahC_predicted,0.5,1,1,AACACCTAAGCTCGCTGCCC,0,4499113
yahC_predicted,0.5,1,1,AACACCGCGCGTCGTTTGGA,0,4492700
yahC_predicted,0.5,1,1,AAATTAACGCATAACTGCGC,0,4507152
yahC_predicted,0.5,1,1,AAATGGCGTTAGGTGCTATC,0,4499548
yahC_predicted,0.5,1,1,AAATGACAAATTGCACATAG,0,4472705
yahC_predicted,0.5,1,1,AAATCTTGAGCTCGGGAAAT,0,4495121
yahC_predicted,0.5,1,1,AAATATGCGCCCTGAGGCGT,0,4499701
yahC_predicted,0.5,1,1,AAATAATACGGAGGCGTTCG,0,4508782
yahC_predicted,0.5,1,1,AAAGGTTTAGTTGATAGAGG,0,4506118
yahC_predicted,0.5,1,1,AAAGGCTACCAGTGTGGATG,0,4474042
yahC_predicted,0.5,1,1,AAAGGCCGGAAGATTTCTGT,0,4492705
yahC_predicted,0.5,1,1,AAAGCCTGTTCCCTATTCAG,0,4501571
yahC_predicted,0.5,1,1,AAAGCATACGCGCTTAGTCT,0,4502884
yahC_predicted,0.5,1,1,AAACTTATTGGTGCCCTGCC,0,4478246
yahC_predicted,0.5,1,1,AAACGCGGCCAACGAACACG,0,4503092
yahC_predicted,0.5,1,1,AAACCTGCCATATAAGTTAG,0,4504946
yahC_predicted,0.5,1,1,AAACCATCGAATGGTGCCGA,0,4491963
yahC_predicted,0.5,1,1,AAAATCCCCTGTTCCCGGCA,0,4502873
yahC_predicted,0.5,1,1,AAAATAGAGAAGTTTTTGTG,0,4485736
yahC_predicted,0.5,1,1,AAAAGTGCCGTATAAGGGAA,0,4475763
yahC_predicted,0.5,1,1,AAAACCGATATCAGGTACAC,0,4496168
yahC_predicted,0.5,1,1,AAAACAGTAGCTTCAGACAG,0,4489074
yahC_predicted,0.5,1,1,AAAACAGGTACATAACCGGC,0,4478185
yahC_predicted,0.5,1,1,AAAAACCAGATATTCTATGT,0,4474135
yahC_predicted,0.5,1,1,AAAAAACGAAAAGGGCCTGG,0,4495407
yahC_predicted,1221.0,1220,0,GAATTATCATCCGAGAACGA,1220,4511288
yahC_predicted,927.0,926,0,CGATGTGGCTGGATCCGTAA,926,4510256
yahC_predicted,857.0,856,0,GTCTATTGGGTCACTCGCCC,856,4511192
yahC_predicted,745.0,744,0,CAGATAATACCAGGAGAAAG,744,4506178
yahC_predicted,440.0,439,0,TTTTCTATTCAACCTATGAA,439,4485924
yahC_predicted,440.0,439,0,GCGTAATTGCCCTAGTATAT,439,4503862
yahC_predicted,357.0,356,0,TTTATCGAAGAGAGCAGCGA,356,4508119
yahC_predicted,252.0,251,0,AATTCGCCGACGATTAGAGC,251,4491216
yahC_predicted,4.0,3,0,CTGCGTTTTACTTTAGTCCT,3,4476804
yahC_predicted,3.0,2,0,TCCTGGGGCCGGAGATTAGT,2,4491763
yahC_predicted,2.0,1,0,TCCATCGGGGGAGGGTAACT,1,4485178
yahC_predicted,2.0,1,0,TACGGCCACACCGGCCGCCG,1,4494993
yahC_predicted,2.0,1,0,GTAATCACCTAGAACGCAAA,1,4488728
yahC_predicted,2.0,1,0,GGTGCCACGCTCCGTCCTAG,1,4474022
yahC_predicted,2.0,1,0,GGAGCCCTTTCCTGCATACA,1,4475066
yahC_predicted,2.0,1,0,GCTTTATTATATTGACTCCT,1,4477516
yahC_predicted,2.0,1,0,GATGAAGACGTAACGTAGGA,1,4494153
yahC_predicted,2.0,1,0,GATCGGGAAATTCAGACTCC,1,4485471
yahC_predicted,2.0,1,0,GAGAGCCTTATCTCTGTTAG,1,4502479
yahC_predicted,2.0,1,0,GACAAGTGGCATCTATAGTT,1,4474735
yahC_predicted,2.0,1,0,GAACGCGTGAGTCAAATGAC,1,4502511
yahC_predicted,2.0,1,0,CGGGAGACATATCCCTCCAT,1,4501576
yahC_predicted,2.0,1,0,CGGGACTAAGCTTCTGGGAA,1,4494207
yahC_predicted,2.0,1,0,CGCCTATGTGCGTGTAATGA,1,4503463
yahC_predicted,2.0,1,0,CATTCCGCCAGCCTCTCGGT,1,4486964
yahC_predicted,2.0,1,0,CATTAAGGTGGGATGGAAGC,1,4503269
yahC_predicted,2.0,1,0,ATTCCGCGACCAATTAGGCA,1,4493190
yahC_predicted,2.0,1,0,AGTTCGGCGCGTTTTACAGA,1,4485806
yahC_predicted,2.0,1,0,AGTGTCGTTAGACGGACCCT,1,4511417
yahC_predicted,2.0,1,0,ACTGCAGTATCTTTCTCATA,1,4502077
