name,relative_counts,ct,ct_0,barcode,ct_1,barcode_ind
ybaY_predicted,0.42073602264685067,4013,2825,TCTTCATTTTTCCGAGTCGC,1188,4559641
ybaY_predicted,0.492151431209603,1614,1082,GGCCACTCCGATGGGGCGCA,532,4557513
ybaY_predicted,0.8656716417910447,748,401,CAGACTTTAATTTTGCTTTT,347,4544893
ybaY_predicted,0.8488372093023255,634,343,GGCTCCACCCGCATGGGAAG,291,4544953
ybaY_predicted,0.4180602006688963,422,298,AGGCCAACATCTTAATGCCC,124,4549561
ybaY_predicted,0.900990099009901,382,201,TACCCTTCTAACCGACACAT,181,4549491
ybaY_predicted,0.2962962962962963,243,188,GGGGTGGGTAAGAGACTGCT,55,4564500
ybaY_predicted,0.37967914438502676,256,186,GGTACAGCGGGAACACACTT,70,4566284
ybaY_predicted,1.281767955801105,411,180,GGCCCCCGCTCTAACGATTA,231,4546943
ybaY_predicted,2.977777777777778,714,179,TACCAGTACTTGGCAATACC,535,4571548
ybaY_predicted,0.13872832369942195,195,172,CCATTTGTCTAGTCATGGCA,23,4589989
ybaY_predicted,0.1524390243902439,187,163,GCAGGCCCTATAGGGCGTCT,24,4544706
ybaY_predicted,0.12345679012345678,180,161,GGAATAAAGAGAGTTCGCAA,19,4597508
ybaY_predicted,0.24666666666666667,185,149,TGGAGCCTTTAGACTTCAAT,36,4568861
ybaY_predicted,0.496551724137931,215,144,TCTTTAGTACCTAACATTAG,71,4551123
ybaY_predicted,0.9492753623188406,267,137,CAACATATCGTGATGAGACA,130,4556239
ybaY_predicted,0.4626865671641791,194,133,TGCTCGCTCGAAGAGCTAAG,61,4586099
ybaY_predicted,0.8,232,129,CCGTGCTGGCAGGGCGCAAT,103,4544598
ybaY_predicted,0.2734375,161,127,ATATAATAGCAGTTGTTTCG,34,4595361
ybaY_predicted,0.6141732283464567,203,126,TTCAAGGGACGAGTCTTGGA,77,4572082
ybaY_predicted,0.4881889763779528,187,126,GTACGGGTTCGTCCTGAACA,61,4545669
ybaY_predicted,0.144,141,124,GTGGACGAGGGTCGTTGGAT,17,4544329
ybaY_predicted,0.4274193548387097,175,123,GGGAATCTCCCGGGTGTGAA,52,4544772
ybaY_predicted,0.9426229508196722,235,121,GTGTTCGACTAATTTTACGA,114,4546813
ybaY_predicted,0.47540983606557374,178,121,GGCCGACCGCCCCGAGCATT,57,4588365
ybaY_predicted,1.0909090909090908,251,120,TCATAGATGTCACGGTGGGT,131,4585542
ybaY_predicted,0.4462809917355372,173,120,CTGCACCTGCTGTTCGAGAA,53,4550734
ybaY_predicted,0.35833333333333334,161,119,ATTAGTCTAATTGCCATCGG,42,4596958
ybaY_predicted,0.6752136752136753,194,116,AATGTGTGTGGTTCTTAGGC,78,4599649
ybaY_predicted,0.6120689655172413,185,115,CTCACTCTGCAAGTCCGAAC,70,4551810
ybaY_predicted,0.7739130434782608,202,114,TAATGTACCGAGTCCTCCAG,88,4563769
ybaY_predicted,0.5486725663716814,173,112,AGCTGGCTGTCAGGGCGTGA,61,4590617
ybaY_predicted,0.38392857142857145,153,111,CTCACAACTTCGTTCTGCCA,42,4562998
ybaY_predicted,0.37272727272727274,149,109,TGTCGTATCGGCTTCTTCTA,40,4545745
ybaY_predicted,0.7545454545454545,191,109,GCCTAGCGGGCGAACCGAAA,82,4547908
ybaY_predicted,1.7,295,109,GAGAAGACCCCCGATTAAAT,186,4562879
ybaY_predicted,0.5,163,109,CGCATACAGAAGGCCCCAAC,54,4551041
ybaY_predicted,7.2110091743119265,893,108,TTAAAGGTTCCTCATGGGAG,785,4544457
ybaY_predicted,0.2777777777777778,136,107,TCCAAGACTCGTGTCGGGAA,29,4546478
ybaY_predicted,0.7407407407407407,186,107,CGGAGCCGGGTGTGTAGCAA,79,4572210
ybaY_predicted,0.12149532710280374,118,106,ACCGATACGTCGGTGGCCTT,12,4559776
ybaY_predicted,0.19811320754716982,125,105,TGGTTCAATGTGGACTACGG,20,4555424
ybaY_predicted,0.41509433962264153,148,105,ATGTCATCGAGTTAGTTCCG,43,4555856
ybaY_predicted,1.990566037735849,315,105,AGGCACACTGCGCAGAGAAA,210,4549069
ybaY_predicted,2.2285714285714286,337,104,GCCCATTTCTGGCGTGGAAA,233,4548855
ybaY_predicted,0.941747572815534,198,102,ACAACGGAGGAGTATTAGTA,96,4544956
ybaY_predicted,0.21,119,99,GCGCCAACCCACCACAGGAC,20,4580775
ybaY_predicted,0.12121212121212122,109,98,TACGTTCACCGGGAGAGGTC,11,4566836
ybaY_predicted,1.7676767676767677,272,98,GTCGCGAAGCAGGTAACGAT,174,4574390
ybaY_predicted,1.2626262626262625,222,98,ATCTGAACCCGGTGCTTCCT,124,4553563
ybaY_predicted,0.7040816326530612,165,97,CCGTCCTCACTTGAAACACG,68,4568414
ybaY_predicted,1.0408163265306123,198,97,ATCTTTAGGTTTTTCGCTCT,101,4567854
ybaY_predicted,1.1546391752577319,207,96,GGCTGGTGTTCAAGGCTTCT,111,4567021
ybaY_predicted,0.8350515463917526,176,96,AACATATTGGACAGCATAAG,80,4560690
ybaY_predicted,0.6875,160,95,AGGTTTTAAAGCTACGGGGT,65,4545886
ybaY_predicted,0.06315789473684211,99,94,GATCGTGGACTAGGTACATG,5,4563488
ybaY_predicted,2.610526315789474,341,94,ATGTAGCCCAGGAGCACTCT,247,4600326
ybaY_predicted,0.7127659574468085,159,93,GTGCCCGAGGACCGTCATAC,66,4577344
ybaY_predicted,0.4148936170212766,131,93,AGAGGCGGGTCAGTTGCCGT,38,4593252
ybaY_predicted,0.5698924731182796,144,92,GTAGGTATAGTCAATTGGTT,52,4557458
ybaY_predicted,0.13978494623655913,104,92,CCCGGCCCTGTTGCGTCCTA,12,4573231
ybaY_predicted,1.4408602150537635,225,92,CAACTCTAGCACTCAGGTCT,133,4568415
ybaY_predicted,1.3043478260869565,210,91,TGTCAGCTGGTGATCGCCCT,119,4547368
ybaY_predicted,0.4782608695652174,134,91,TCCAACTCAGCCGGCTGATG,43,4596193
ybaY_predicted,0.782608695652174,162,91,AGTAGCCAAAGGCTCCAAGA,71,4545790
ybaY_predicted,1.1630434782608696,197,91,AAGCACTAAGTAAACGAGTA,106,4547234
ybaY_predicted,0.9888888888888889,177,89,TTTAGGTGCCTAATCCACCT,88,4547644
ybaY_predicted,2.1444444444444444,281,89,TAGGATGATGGAGCAGAATA,192,4552307
ybaY_predicted,0.9666666666666667,175,89,CGCATGGCAGGTCCACTATC,86,4550290
ybaY_predicted,0.45555555555555555,129,89,CCGGCGGGTTAGGACTTAAC,40,4588182
ybaY_predicted,0.5666666666666667,139,89,CCAACAACCATACGGGTCAC,50,4550142
ybaY_predicted,0.022222222222222223,90,89,CAACCCAGAGCGGTTCCTGC,1,4549326
ybaY_predicted,0.42696629213483145,125,88,TTATGTCGCGCGGGTGCAAG,37,4581006
ybaY_predicted,0.12359550561797752,98,88,GTCAAGCAAGTGGCGTGTTG,10,4555752
ybaY_predicted,0.2808988764044944,112,88,CGGTCAGTGACGAGGAAGAT,24,4561909
ybaY_predicted,1.4606741573033708,217,88,CACTAAGTGATAAGCGACCA,129,4574748
ybaY_predicted,0.6477272727272727,143,87,CCCCCAATGGGAAATACCCA,56,4595194
ybaY_predicted,0.9431818181818182,169,87,ATTAGGCCCCTGAGGTCTTT,82,4544685
ybaY_predicted,0.11363636363636363,96,87,ATAGGTCAACCGAATGACAT,9,4549674
ybaY_predicted,1.0909090909090908,182,87,ACCTCCCATTATTAGGTTCT,95,4561808
ybaY_predicted,1.2298850574712643,192,86,AAGACGCAAGAAGTCCGGCT,106,4547170
ybaY_predicted,0.686046511627907,143,85,TTTGACACCGAAAGATAGGT,58,4546325
ybaY_predicted,0.26744186046511625,107,85,ATGCTTTTAGGACAGCGAGA,22,4550489
ybaY_predicted,0.32941176470588235,111,84,GGATAGTTGATGGCGACTGC,27,4599574
ybaY_predicted,1.6666666666666667,222,83,GGTGCATGTAAGAGTTCTTA,139,4565069
ybaY_predicted,0.6785714285714286,139,83,GGTGCAACGGTCTCTTATTG,56,4556208
ybaY_predicted,0.5833333333333334,131,83,CGCATGTGCGGCTTTTACAG,48,4571184
ybaY_predicted,0.39759036144578314,114,82,TGTCTGAGAAACTAAACTAG,32,4571442
ybaY_predicted,0.4939759036144578,122,82,CTGGCCCGATCACAAGATCA,40,4583482
ybaY_predicted,1.2682926829268293,184,81,GTCCGCCGAGTGTAGGACTG,103,4550738
ybaY_predicted,0.25609756097560976,101,81,GGAAGTGGGAGGTCAGCAGG,20,4575473
ybaY_predicted,0.08536585365853659,87,81,CAATAGGTGGCATGACCCTG,6,4576009
ybaY_predicted,0.30864197530864196,104,80,TGCTGAACCGCAGGGCTACC,24,4575377
ybaY_predicted,1.2222222222222223,178,80,GGCTGACGGAGGTCTCTAGG,98,4556049
ybaY_predicted,0.41975308641975306,113,80,GGCGATCTGGTCCCCAATCT,33,4544744
ybaY_predicted,0.18518518518518517,94,80,GGAGCCCGTTGACAACTCGA,14,4556259
ybaY_predicted,0.37037037037037035,109,80,CAGTCTACCGACGGGATCAA,29,4546418
ybaY_predicted,0.4,110,79,TAGGGCACATGAGACACCAG,31,4551998
ybaY_predicted,1.9,230,79,ACAATTAACTAGCAGTATGA,151,4561670
ybaY_predicted,0.31645569620253167,102,78,TCGGAAGGGTACGCGTGTGT,24,4574886
ybaY_predicted,0.46835443037974683,114,78,TAGTAGACACCGGTGGATGT,36,4571264
ybaY_predicted,0.35443037974683544,105,78,GGATAGCTTATGACGAGGTA,27,4559687
ybaY_predicted,0.20253164556962025,93,78,CGGCGCGCAGTGACGCTTTG,15,4559102
ybaY_predicted,0.34177215189873417,104,78,ATGCCACAGCCCCCGGGATA,26,4551663
ybaY_predicted,0.7051282051282052,131,77,TCACCACCTAACCGGGCATT,54,4551225
ybaY_predicted,0.3333333333333333,102,77,GCGCGAAACAAAGACTGTGA,25,4562595
ybaY_predicted,0.34615384615384615,103,77,GCACGCCCCGTCAGTTTTTG,26,4546024
ybaY_predicted,0.36363636363636365,103,76,TGGCCCAGTCTATCCGGCGT,27,4551839
ybaY_predicted,0.45454545454545453,110,76,GTTAGGTGCGTTCTATCAAA,34,4549211
ybaY_predicted,0.7142857142857143,130,76,CTAGACAGTGAGCGTGCCGA,54,4584810
ybaY_predicted,0.4025974025974026,106,76,ACTAGACACATTGTTCTCTC,30,4548037
ybaY_predicted,0.8181818181818182,138,76,AATGTAACCGCAAATTGGAG,62,4561725
ybaY_predicted,4.592105263157895,423,75,TGACAATATGTATCCCAGCT,348,4562519
ybaY_predicted,0.18421052631578946,88,75,TCGCCGGCGGGCACGGAGCT,13,4548673
ybaY_predicted,0.5263157894736842,114,75,TCCGCGCCAATTCACTCAAG,39,4548384
ybaY_predicted,1.3421052631578947,176,75,CCGGCTTGCTAGCCTTCGTC,101,4594082
ybaY_predicted,0.7066666666666667,126,74,TCGGGGTAAGGGTATCAGGT,52,4547369
ybaY_predicted,1.6266666666666667,195,74,GTCTCTGCCCCCCCCTGTTC,121,4546301
ybaY_predicted,1.1733333333333333,161,74,GCAACGCACGATGCTTACTA,87,4545784
ybaY_predicted,2.3066666666666666,246,74,GATTGACCACCTCCATTAAG,172,4583743
ybaY_predicted,0.21333333333333335,89,74,CTCGGATTGTAGGGCCGAAA,15,4573367
ybaY_predicted,0.7733333333333333,131,74,AACTGGTGCAGTAGTAAACC,57,4544984
ybaY_predicted,0.25675675675675674,91,73,CTCAGCATGGAAATGTGGAT,18,4560862
ybaY_predicted,0.28378378378378377,93,73,CCTCTGGCTGCCTATCCAAC,20,4589792
ybaY_predicted,0.1891891891891892,86,73,ACGGCCTTGGGCCTTATCTA,13,4552776
ybaY_predicted,0.8904109589041096,136,72,TTGACACCCAACGCCCTACT,64,4592085
ybaY_predicted,0.4246575342465753,102,72,TGTTGATAGTATTCACGATA,30,4547410
ybaY_predicted,0.4794520547945205,106,72,GGGATTGATGGGCTTTGGGT,34,4591534
ybaY_predicted,0.9863013698630136,143,72,GATGGCTGAGACTCCAGCTG,71,4555205
ybaY_predicted,1.3424657534246576,169,72,CATACTAATTACCTCGGTTT,97,4545185
ybaY_predicted,0.4794520547945205,106,72,ATGGCATCTAATCCATACAA,34,4557894
ybaY_predicted,0.273972602739726,91,72,AGATGAAAATCGCGGTAGGA,19,4562532
ybaY_predicted,0.7916666666666666,127,71,TGAAGCAGATGAGGCTAACC,56,4595963
ybaY_predicted,1.4583333333333333,175,71,TCGGTCGGTGCGAGTGTAGT,104,4573434
ybaY_predicted,0.19444444444444445,84,71,CGGAGCAAAAAACGCAGTTA,13,4568975
ybaY_predicted,0.1388888888888889,80,71,CCCGCGGGATCCGGTCATAC,9,4557418
ybaY_predicted,0.9305555555555556,137,71,ATGTCTAAGACCTTGGGTGT,66,4546814
ybaY_predicted,0.041666666666666664,73,71,ATAGCAAAGGCGTCCGGAGA,2,4576593
ybaY_predicted,0.06944444444444445,75,71,ACTACTTCAGGCGTAGTGCT,4,4598060
ybaY_predicted,0.30985915492957744,91,70,TCACCAGGACTATGCGTAAT,21,4553003
ybaY_predicted,0.4788732394366197,103,70,TATTCTAGGAAAGCCCAACG,33,4564078
ybaY_predicted,0.23943661971830985,86,70,GTATCGCATGACATCTATAG,16,4555805
ybaY_predicted,0.39436619718309857,97,70,GCCGTGGTGCCCTCTCGTAA,27,4583983
ybaY_predicted,0.5857142857142857,109,69,TTTGACACACAGAAGCTAGT,40,4577800
ybaY_predicted,0.9714285714285714,136,69,AATGGGTGACCATTGTGCGA,67,4577839
ybaY_predicted,0.30434782608695654,88,68,TTGCAGACATAACCGTTAAT,20,4576394
ybaY_predicted,0.4927536231884058,101,68,TGCGAAAAGGCAAACCGGCA,33,4563018
ybaY_predicted,1.0289855072463767,138,68,TCGTCTCTTCGTGTCCCCTC,70,4568179
ybaY_predicted,2.391304347826087,232,68,GGGATTAGTTTTAGGGATAC,164,4584783
ybaY_predicted,0.5217391304347826,103,68,GATTAGTCACGATCATTAGA,35,4544670
ybaY_predicted,1.0144927536231885,137,68,CGCCGGGCTCACCAGTCCAA,69,4553384
ybaY_predicted,0.10294117647058823,73,67,TTTCCATGACTCTTTCGTCA,6,4553606
ybaY_predicted,0.4264705882352941,95,67,TCTTGCAAGTGGGACTCGTG,28,4557511
ybaY_predicted,0.11764705882352941,74,67,GACGGTGCCTAGCGGAGATT,7,4580188
ybaY_predicted,0.14705882352941177,76,67,CGGCAGTGGAGATCTCTTAC,9,4546544
ybaY_predicted,1.0,134,67,ACCCGGGCGCTAATTCAGAA,67,4566504
ybaY_predicted,0.3582089552238806,89,66,TTAGACTGGTTGGAGAACAT,23,4571931
ybaY_predicted,2.462686567164179,230,66,TCTTCCCGTTCAGTTGGCTT,164,4550180
ybaY_predicted,0.6417910447761194,108,66,TCCTTTCTAGGTTGGCTAGA,42,4589677
ybaY_predicted,0.1044776119402985,72,66,GTATTAGGACGACAACGCAG,6,4556642
ybaY_predicted,0.029850746268656716,67,66,GTAGACCTATGCTGACACCA,1,4569723
ybaY_predicted,3.1940298507462686,279,66,GGTCAAACAGAGCACCGGTT,213,4552952
ybaY_predicted,1.1343283582089552,141,66,GGGTCCGTGCCACTGTTGGC,75,4588107
ybaY_predicted,1.0149253731343284,133,66,GCCAAGTGGTTCTATACCCT,67,4582661
ybaY_predicted,1.1044776119402986,139,66,CATCACTATACATCGGTCCA,73,4585939
ybaY_predicted,0.47761194029850745,97,66,CAACCGTGGGGGTGGTTGGA,31,4545275
ybaY_predicted,0.13432835820895522,74,66,AAGCGTAGTCCTTAAGAAAT,8,4580956
ybaY_predicted,0.1044776119402985,72,66,AACTCTTCCGAAGGCATAGA,6,4560728
ybaY_predicted,0.16666666666666666,75,65,TTTATAGATCAAAATTATCC,10,4586198
ybaY_predicted,0.030303030303030304,66,65,TCCATCGCTAGAATTTGTAA,1,4574175
ybaY_predicted,0.5757575757575758,102,65,TACGGACAATAAAGCAAAGA,37,4548010
ybaY_predicted,1.7272727272727273,178,65,GCGTATGGCTAAGGCAATTC,113,4549824
ybaY_predicted,0.5454545454545454,100,65,GATTTCCGCCACTGGAGCGT,35,4564955
ybaY_predicted,0.10606060606060606,71,65,GACAAATGGGGTAGAAGAAC,6,4551265
ybaY_predicted,0.030303030303030304,66,65,CGTAGTAGGCGAGAGCCCGA,1,4557785
ybaY_predicted,0.19696969696969696,77,65,CCCACGAACTCCTAGATAAG,12,4565027
ybaY_predicted,0.35384615384615387,86,64,CTTTTCCGCACCTCCAGTGT,22,4552035
ybaY_predicted,0.8153846153846154,116,64,CACACGGGAAGACTCTGCAG,52,4595697
ybaY_predicted,0.16923076923076924,74,64,ATGTCGGCAGTCGAGACAAC,10,4589440
ybaY_predicted,0.5846153846153846,101,64,AACGAACAAGGACTCCTAGA,37,4568413
ybaY_predicted,0.5,94,63,TTAAAGCCCGGGTCCCGCAT,31,4591883
ybaY_predicted,0.40625,88,63,TCTTCGCAAGTACCGGGTGA,25,4582606
ybaY_predicted,0.8125,114,63,TACTTGCAACGCGGGATACT,51,4565957
ybaY_predicted,0.109375,69,63,GAGAGGCACGCAGGTCACAT,6,4558131
ybaY_predicted,0.078125,67,63,CATATACAGTCTTTCGTTCA,4,4562986
ybaY_predicted,0.5714285714285714,97,62,TTCACATAAAATCCAGACTA,35,4554595
ybaY_predicted,1.0476190476190477,127,62,TCTGGCTGACTCCGGAATAT,65,4548388
ybaY_predicted,1.3968253968253967,149,62,TACCAGAGGCCTTACCCCGA,87,4544959
ybaY_predicted,0.5714285714285714,97,62,GTTGCTCCAGCGGGGTGCGT,35,4548560
ybaY_predicted,1.0317460317460319,126,62,GGGCTAGGCCCGGTCGATAG,64,4552652
ybaY_predicted,1.3968253968253967,149,62,GCCAATTTTCAGTTGGACAC,87,4549377
ybaY_predicted,0.7619047619047619,109,62,CGCAAGCCTCAGATCAACGA,47,4571721
ybaY_predicted,1.3015873015873016,143,62,CCGATTGGTGTGTGTACAGT,81,4546051
ybaY_predicted,0.14285714285714285,70,62,CCCTTGGTGGTGATGTCCAT,8,4570930
ybaY_predicted,0.6825396825396826,104,62,CCAGTAAGCATGAAAACTCT,42,4545469
ybaY_predicted,1.0952380952380953,130,62,CAGACGCCCAAGAGATTAAA,68,4555475
ybaY_predicted,1.1746031746031746,135,62,CAAGGGCAAACGACCACCAT,73,4549093
ybaY_predicted,1.4285714285714286,151,62,ATCTAGTTTCCCAGCCCGAA,89,4551543
ybaY_predicted,0.42857142857142855,88,62,ACTCACTAATAAACACCGTA,26,4546919
ybaY_predicted,0.6031746031746031,99,62,ACGGCTACCAGATCGTAAGA,37,4596393
ybaY_predicted,0.7301587301587301,107,62,ACCAAGGCAGATGTTTACGA,45,4545545
ybaY_predicted,0.7580645161290323,107,61,TTTGCGCAACGTGTCCGAGT,46,4549442
ybaY_predicted,1.2419354838709677,137,61,TGGGCTACCTATGAGAATGA,76,4550933
ybaY_predicted,0.532258064516129,93,61,TGAGAGAGGCCACAAATATA,32,4548713
ybaY_predicted,0.3870967741935484,84,61,TCTTATCATTAGGTAGTGTT,23,4593504
ybaY_predicted,0.3548387096774194,82,61,TAGCACCAGCAGATGGCAAT,21,4562603
ybaY_predicted,0.25806451612903225,76,61,TAGAACTTTGCAGGATTAGG,15,4547539
ybaY_predicted,1.0161290322580645,123,61,GTAGCCAACCTAAATGGTAG,62,4546718
ybaY_predicted,0.08064516129032258,65,61,GTAATCTGGCTCCACTCAGA,4,4570071
ybaY_predicted,0.06451612903225806,64,61,GTAAAGTGGGTCTGGGATAT,3,4549755
ybaY_predicted,0.7903225806451613,109,61,CTTCACCAGCATTTTAGGAG,48,4566139
ybaY_predicted,1.2096774193548387,135,61,CACGGCACCGGAAACTTGTA,74,4563334
ybaY_predicted,0.41935483870967744,86,61,CAAGGCCGACTATCGTTTCC,25,4548202
ybaY_predicted,0.03225806451612903,62,61,ATAAGAATTACCCCACTGAA,1,4551398
ybaY_predicted,0.8548387096774194,113,61,AAACGGGGCCAGCTCTTGAC,52,4553005
ybaY_predicted,0.8688524590163934,112,60,TGGAGGTACTCGGCTTCAAT,52,4564940
ybaY_predicted,0.26229508196721313,75,60,GGTAGTTCCCGTTGGAGCAT,15,4555257
ybaY_predicted,0.5081967213114754,90,60,GCGGGATTCACGCCAGTGTT,30,4581649
ybaY_predicted,1.180327868852459,131,60,CCTGCCCGGCACTCATCCTA,71,4565919
ybaY_predicted,0.6721311475409836,100,60,CCTCACTTTCCGCCTGATAG,40,4596013
ybaY_predicted,1.0163934426229508,121,60,CATGTAGGTGGTTAAACAAG,61,4564225
ybaY_predicted,0.9016393442622951,114,60,ATACCACTTCGATCCACCGT,54,4568464
ybaY_predicted,0.6721311475409836,100,60,ACTTTGATTCGCAAAGCTTC,40,4581431
ybaY_predicted,0.7049180327868853,102,60,ACGAACCAGCCTAAGTTTGT,42,4555249
ybaY_predicted,0.3114754098360656,78,60,ACAGTCCTGCCTACATACCT,18,4588892
ybaY_predicted,0.5333333333333333,90,59,TTACGAGCATGGTGGGCAAA,31,4560518
ybaY_predicted,0.5666666666666667,92,59,TGTTTTGACGTTCTTAGGAA,33,4575523
ybaY_predicted,1.1666666666666667,128,59,TATTCTCGTCCAGGCATGCT,69,4569620
ybaY_predicted,0.5833333333333334,93,59,GCGACTTACAGGATCGGGGG,34,4555429
ybaY_predicted,0.1,64,59,CGCCGCCTCTACGATAGACG,5,4545143
ybaY_predicted,1.6666666666666667,158,59,CCGAATAGGAAGGTTCATCT,99,4544809
ybaY_predicted,1.45,145,59,CATCCCGCGCAAACCGGGTG,86,4561671
ybaY_predicted,0.06666666666666667,62,59,ATGGAGCTGAAGTAGACTTA,3,4573691
ybaY_predicted,0.06666666666666667,62,59,AGTCTTACCGTTCACGCTTC,3,4577504
ybaY_predicted,1.0833333333333333,123,59,AGCTGCAATGCGCGGGATCA,64,4562607
ybaY_predicted,0.7166666666666667,101,59,ACGGGAATCTGGGGATGACA,42,4554106
ybaY_predicted,0.1016949152542373,63,58,TGGGTCGAGGCCCGTTAACG,5,4578900
ybaY_predicted,0.06779661016949153,61,58,TCGGGGCATACCTAAGGGTT,3,4555210
ybaY_predicted,0.4745762711864407,85,58,TAGCTTCGCTTCATGCATGT,27,4560533
ybaY_predicted,0.03389830508474576,59,58,GCGCTAACAAGGCTGAACCC,1,4546631
ybaY_predicted,0.2033898305084746,69,58,CGACTCAAGGGCAATCGTAT,11,4545944
ybaY_predicted,0.8813559322033898,109,58,AGGAGTTCTCAATGTGTACC,51,4576116
ybaY_predicted,0.2711864406779661,73,58,AAACTAAGTAAAGTCATTGC,15,4545782
ybaY_predicted,0.27586206896551724,72,57,TTTATCTAAGGCTTTTAATT,15,4550248
ybaY_predicted,2.2413793103448274,186,57,TTGGCTTCGTGAATCGAATG,129,4545551
ybaY_predicted,0.2413793103448276,70,57,TACCAGACTGAACGTCCAAG,13,4546386
ybaY_predicted,0.8275862068965517,104,57,TACAGTCGCGGATACTGACA,47,4565707
ybaY_predicted,0.9655172413793104,112,57,GGCCCTCAGTAGCACGCATA,55,4567664
ybaY_predicted,0.8448275862068966,105,57,GCCACAAGGTCCACGGTGAT,48,4545471
ybaY_predicted,0.10344827586206896,62,57,GCAAGGGGTGATGTACTGAT,5,4563196
ybaY_predicted,1.8103448275862069,161,57,CTGCCCCCTCGTTACCGGCC,104,4547909
ybaY_predicted,0.6206896551724138,92,57,CGTTACCACTCGTGGCGGAG,35,4568263
ybaY_predicted,0.39655172413793105,79,57,CGAGCCTCGACCCTGCGGGT,22,4563406
ybaY_predicted,0.43103448275862066,81,57,CACTTGTTAAAGCGGATTTC,24,4591130
ybaY_predicted,0.5,85,57,ATTACACAAGCGGTTACAGA,28,4554255
ybaY_predicted,1.5517241379310345,146,57,AGGCATGCCCCTTGCTTCTT,89,4563577
ybaY_predicted,0.6206896551724138,92,57,AGCTCATGGCCCACCGCGCT,35,4581451
ybaY_predicted,0.39655172413793105,79,57,AGAGTCCAGAATCCCAGATC,22,4554645
ybaY_predicted,0.6724137931034483,95,57,ACCAGTCGCGCCCTGCGTAA,38,4591592
ybaY_predicted,0.8793103448275862,107,57,ACAGCTGCAACACTTAAGAT,50,4571359
ybaY_predicted,1.706896551724138,155,57,AAGATGCTAGTCCGCTCTTC,98,4550819
ybaY_predicted,0.6491228070175439,92,56,TTCTCGGACAATCCAACGGG,36,4561908
ybaY_predicted,0.15789473684210525,64,56,TGTTCACTTCTCTAGCGTGC,8,4589075
ybaY_predicted,0.19298245614035087,66,56,TCCAGGGAGCTCCATGGTGT,10,4590428
ybaY_predicted,0.9824561403508771,111,56,GGCCGTAAAAAAATCGGATA,55,4586637
ybaY_predicted,0.2807017543859649,71,56,GGACTCTCCGAGCACTAAAG,15,4574484
ybaY_predicted,0.8421052631578947,103,56,GCTCCCTCCGGATCCAACAG,47,4589807
ybaY_predicted,1.1754385964912282,122,56,GCCTCCCGAGTTGAACTTAA,66,4591764
ybaY_predicted,0.12280701754385964,62,56,CGCCTCGACAGTACACGTGA,6,4598352
ybaY_predicted,0.3333333333333333,74,56,CCGGAAACCACAGACCGATA,18,4548911
ybaY_predicted,0.5263157894736842,85,56,CATCCTTGGCGACTAAGATA,29,4574499
ybaY_predicted,0.5263157894736842,85,56,CAGTTCAACGCTTTGCAAGT,29,4591233
ybaY_predicted,0.3684210526315789,76,56,CAAATCCGTTCTACGGGAGG,20,4582068
ybaY_predicted,0.42105263157894735,79,56,ATACAGGCGTCAATGCAAAA,23,4573659
ybaY_predicted,0.14035087719298245,63,56,ATAATTCACGTAACCTACAC,7,4556292
ybaY_predicted,0.40350877192982454,78,56,AGGTAAAAGGTGGTGCCGCG,22,4592028
ybaY_predicted,0.10526315789473684,61,56,ACTTCCGAAGACGAGGTGAC,5,4559724
ybaY_predicted,0.7543859649122807,98,56,ACCCACGCCTGGCATTCTAT,42,4594551
ybaY_predicted,0.6140350877192983,90,56,AATCGGGCTTCTCACTCTGC,34,4593731
ybaY_predicted,0.7017543859649122,95,56,AAGTTTGCCCACTCTACCGC,39,4548533
ybaY_predicted,0.7368421052631579,97,56,AAGAGCTCGAGACAAGGTTA,41,4589242
ybaY_predicted,0.03571428571428571,56,55,TTTAAACCTGCCCGTGACTA,1,4585181
ybaY_predicted,0.6785714285714286,92,55,TTGGCAGCTGTAGACCGATA,37,4556422
ybaY_predicted,0.23214285714285715,67,55,TCGGATGTTAAATCTAAATC,12,4567076
ybaY_predicted,0.05357142857142857,57,55,TCACTCGGCTAAGAGCGTCA,2,4575735
ybaY_predicted,0.26785714285714285,69,55,TCAAGTGTCTAAATAAGCTC,14,4569809
ybaY_predicted,1.0178571428571428,111,55,TAAACGCCTCAAACTAATGA,56,4595586
ybaY_predicted,0.3392857142857143,73,55,GGTGCACTGAATCAAGGAAA,18,4546922
ybaY_predicted,0.07142857142857142,58,55,GGACGCGGACTTAGCCTTCG,3,4592588
ybaY_predicted,1.75,152,55,GGAAAGGCGATCTAAGGCGG,97,4562943
ybaY_predicted,0.17857142857142858,64,55,GACTCGGATTCCCCGAACTG,9,4565758
ybaY_predicted,1.6607142857142858,147,55,CTTGCAGGGCTCCTTGAGCT,92,4547910
ybaY_predicted,2.0535714285714284,169,55,CTCATTTGAACAGCTGTGCA,114,4546344
ybaY_predicted,0.7142857142857143,94,55,CATTCAGCTTGGTTGGGGAA,39,4553328
ybaY_predicted,0.6785714285714286,92,55,CAAAGGAGCAGTGCTCCGTT,37,4558321
ybaY_predicted,1.0,110,55,ATGGCCAGAATCATTATCCA,55,4591316
ybaY_predicted,0.6785714285714286,92,55,AGGTGAAAGCTGAAAAATAT,37,4598079
ybaY_predicted,0.375,75,55,ACCCTTTTAGAGTCTGTGCG,20,4555486
ybaY_predicted,0.21818181818181817,65,54,TTTTTTTATTGAGACCAGAG,11,4573018
ybaY_predicted,0.43636363636363634,77,54,TTATCCACAAACAGATAGTG,23,4573934
ybaY_predicted,1.2363636363636363,121,54,TTAAAAATAGCTGCGTTGCG,67,4558618
ybaY_predicted,0.3090909090909091,70,54,TCGTCGAAAGGCCTGGGGGA,16,4592983
ybaY_predicted,0.6545454545454545,89,54,CTCAACCCATACCAGGGTAT,35,4556897
ybaY_predicted,0.38181818181818183,74,54,CGTTGAAGTTCACCACATTT,20,4557848
ybaY_predicted,0.03636363636363636,55,54,CGTGACGCGTCGCCGAGGCT,1,4565867
ybaY_predicted,0.4909090909090909,80,54,CGGGGAAATTGTGTGGCAGA,26,4546931
ybaY_predicted,0.7454545454545455,94,54,CGGATTGGGGGATGACAGAG,40,4596057
ybaY_predicted,0.8,97,54,CCTTCAGCGAACTATTCGGT,43,4566166
ybaY_predicted,0.6,86,54,CAGTTTTGACTGTATGATGT,32,4566413
ybaY_predicted,0.6727272727272727,90,54,ATTCTGACAAGCCGACTTGT,36,4545943
ybaY_predicted,0.5636363636363636,84,54,AGGGAGCAGGGTATCCGGGA,30,4553098
ybaY_predicted,0.5454545454545454,83,54,AGCCCTCGGCGGAAACGTAC,29,4552232
ybaY_predicted,0.7272727272727273,93,54,AGAAGCTGTGTTACACTTGT,39,4560520
ybaY_predicted,1.709090909090909,147,54,ACTTATCACGCCGATTGTCA,93,4584813
ybaY_predicted,0.03636363636363636,55,54,AATTGGGCCTTCAGAAATAA,1,4570157
ybaY_predicted,0.7592592592592593,93,53,TTTGCTGTGCTTCTTTTCTA,40,4571327
ybaY_predicted,1.0185185185185186,107,53,TTGGGGTGCCTAAATGCATG,54,4559486
ybaY_predicted,0.8888888888888888,100,53,TTGCACGCCGCAGCGTTATT,47,4550289
ybaY_predicted,0.9444444444444444,103,53,TTGATGGATAAGATGTTTCT,50,4577026
ybaY_predicted,0.16666666666666666,61,53,TTCCGTGGGCCAGCTAGTCG,8,4566973
ybaY_predicted,1.1666666666666667,115,53,TTAGGAGCGACCTACACTTT,62,4556209
ybaY_predicted,0.2037037037037037,63,53,TGTTTGGCCGCATACTTGTG,10,4570351
ybaY_predicted,0.037037037037037035,54,53,TGCGCTAGTTTGATATACAA,1,4558740
ybaY_predicted,0.3333333333333333,70,53,GGGCCATCCTAGCAAACAAC,17,4584594
ybaY_predicted,0.42592592592592593,75,53,GGCTAAGGAGCTACGTTGTC,22,4548313
ybaY_predicted,0.12962962962962962,59,53,GGAGGCCCCTACTTTCTATC,6,4561246
ybaY_predicted,3.1296296296296298,221,53,GCGTGTATTGAATCGAACGA,168,4583478
ybaY_predicted,0.25925925925925924,66,53,GCCCCCGGGTTATACTAAGC,13,4552309
ybaY_predicted,0.7777777777777778,94,53,GAGTAGGACGGCGCATTTTA,41,4580003
ybaY_predicted,0.037037037037037035,54,53,GAACATTCTACCGCTTCCGC,1,4545951
ybaY_predicted,0.37037037037037035,72,53,GAAATTCTGTGATGAGGGGT,19,4550182
ybaY_predicted,0.6666666666666666,88,53,CTTGATTAGCCAACTCATTG,35,4591800
ybaY_predicted,1.0740740740740742,110,53,CTCTGGTCCGGCCCGGCGTG,57,4593034
ybaY_predicted,0.3333333333333333,70,53,CGCATGTGCGTTTATAAACG,17,4571520
ybaY_predicted,0.5925925925925926,84,53,CCTGTTTTGCTCCCACACCT,31,4546944
ybaY_predicted,1.5185185185185186,134,53,ATCTATCAGATCTACGTGCA,81,4554359
ybaY_predicted,0.48148148148148145,78,53,ATACGTACTACCGCCCCACT,25,4587201
ybaY_predicted,0.7407407407407407,92,53,AACAATGTGTGATTATTAAA,39,4593382
ybaY_predicted,0.5471698113207547,80,52,TTCCCTGCGGTTGACGGCAG,28,4564311
ybaY_predicted,0.8679245283018868,97,52,TGGGGGCATTTGGTACTTCA,45,4549872
ybaY_predicted,1.0,104,52,TCCTATGAAATACGATATGC,52,4584560
ybaY_predicted,0.3584905660377358,70,52,TCCCGTCGGATAGCCATACG,18,4572125
ybaY_predicted,1.490566037735849,130,52,GGGATTTACCTCTTACGGGG,78,4550901
ybaY_predicted,1.2830188679245282,119,52,GGAGTCCTGAGCCCGTGTAG,67,4558545
ybaY_predicted,2.4716981132075473,182,52,GCTCCTCTGCATAATCAGAA,130,4569673
ybaY_predicted,2.830188679245283,201,52,GCGATGTGGGCTAGTTACGT,149,4548762
ybaY_predicted,0.6037735849056604,83,52,GCACAACTTAGGAAGACCGA,31,4590801
ybaY_predicted,0.03773584905660377,53,52,GATGACTGTATACTGCCGTG,1,4560398
ybaY_predicted,0.41509433962264153,73,52,GAGTATAGCTCTAGAGCCAT,21,4579394
ybaY_predicted,0.5471698113207547,80,52,GAGGATGCACTATAGTAATT,28,4598080
ybaY_predicted,0.6226415094339622,84,52,CTTTTTTAGGCAGGTACGGC,32,4583393
ybaY_predicted,0.6981132075471698,88,52,CTTCTATTTCAACAGGACAT,36,4577108
ybaY_predicted,0.6037735849056604,83,52,CTCGTCGATACCACGTCGGT,31,4585314
ybaY_predicted,0.49056603773584906,77,52,CTCAAATCGCGGGCCGGCTG,25,4573760
ybaY_predicted,0.7169811320754716,89,52,CCGTTTGAGGATGTGAGCGG,37,4548309
ybaY_predicted,0.7547169811320755,91,52,CCACAGATCAGATATGGTGC,39,4573782
ybaY_predicted,0.4716981132075472,76,52,CCACACACTGATATGCACTT,24,4558690
ybaY_predicted,0.8490566037735849,96,52,CAGTCAGGGTCTAACTTGCA,44,4557362
ybaY_predicted,0.18867924528301888,61,52,CAGATGCTGGCAATTTTTTG,9,4548172
ybaY_predicted,0.6226415094339622,84,52,CACATAATTAATGGTCCCCT,32,4592084
ybaY_predicted,1.3396226415094339,122,52,CAATCCAGATGGCAAGGGGT,70,4552916
ybaY_predicted,0.39622641509433965,72,52,ATGGCCGTTAGAAGCAGTTA,20,4571232
ybaY_predicted,0.03773584905660377,53,52,ACAAATTTAAGAGGCTGGCT,1,4585127
ybaY_predicted,0.6415094339622641,85,52,AATGTGCCCGGGGTTTAAAG,33,4595656
ybaY_predicted,0.37735849056603776,71,52,AAAAAGTTCGCTTCGCCGTC,19,4552918
ybaY_predicted,2.0576923076923075,157,51,TTCTTCCCGCTCAGATCCGT,106,4566346
ybaY_predicted,0.3269230769230769,67,51,TGCGCTTCTGACTATTTCAT,16,4549843
ybaY_predicted,0.40384615384615385,71,51,TAGTAATTCTTGCACATAAC,20,4557233
ybaY_predicted,0.8076923076923077,92,51,GTCGTGCCGGGGCCTGTCCC,41,4577940
ybaY_predicted,0.17307692307692307,59,51,GGTTCGTGAATCACATAAGT,8,4591919
ybaY_predicted,0.4423076923076923,73,51,CTCGGCCTCATTGGAGCATG,22,4558834
ybaY_predicted,1.4615384615384615,126,51,CCGTCCGGATGGCATAGTTA,75,4564997
ybaY_predicted,1.0576923076923077,105,51,CCCCTGTGTTGCGTGTGAGT,54,4547749
ybaY_predicted,1.4230769230769231,124,51,ATCAGACCGATAGACTGAAC,73,4597104
ybaY_predicted,1.1538461538461537,110,51,ACAGGCTCGCTGCCTACAGA,59,4566828
ybaY_predicted,0.038461538461538464,52,51,AAAAGAGGCCCGAGTGTACC,1,4596698
ybaY_predicted,0.17307692307692307,59,51,AAAACAGAGAGCTGGGTCGC,8,4594706
ybaY_predicted,0.45098039215686275,72,50,TTATAAAACTCCCGAGGATC,22,4552824
ybaY_predicted,0.8235294117647058,91,50,TGATAATAACAAGGGCTACT,41,4582864
ybaY_predicted,0.8235294117647058,91,50,TCTGCGTTCTGTACGCGACA,41,4548716
ybaY_predicted,0.0392156862745098,51,50,TCGCGGTTGAGATACGTCCA,1,4578760
ybaY_predicted,0.0392156862745098,51,50,TCACACGCGAGGGGCAACAG,1,4584994
ybaY_predicted,0.7058823529411765,85,50,GTGACTGTTACGCGGCGCGT,35,4561206
ybaY_predicted,1.3529411764705883,118,50,GTCCTCGAAATATTATGGGA,68,4574944
ybaY_predicted,0.43137254901960786,71,50,GGACAAATCTAGGCGACATT,21,4572134
ybaY_predicted,1.0980392156862746,105,50,CTAGGCGTGTGTCTTCCTGA,55,4559474
ybaY_predicted,0.0392156862745098,51,50,CCTTGGCGTACCTTATATAG,1,4555638
ybaY_predicted,0.17647058823529413,58,50,CCAGTAATGGCTCCGGATTT,8,4586375
ybaY_predicted,1.5686274509803921,129,50,CACCGGAAAGCCATGTGATA,79,4571888
ybaY_predicted,0.21568627450980393,60,50,AGTCCTTCGTACTTAAGATG,10,4556290
ybaY_predicted,0.49019607843137253,74,50,AGCCGTCGCCCCCCGAGAAA,24,4553004
ybaY_predicted,1.0,100,50,AGCACGATGAAGCACCATTG,50,4544617
ybaY_predicted,0.9411764705882353,97,50,AAGTCGGCTTAACTAAGGGT,47,4588541
ybaY_predicted,0.52,74,49,TTTTAAACGCACCCGCACGT,25,4579915
ybaY_predicted,0.9,93,49,TTACTACACGCCAGCCGTAC,44,4547129
ybaY_predicted,0.44,70,49,TGCCGGCTCTCTTTGTCAAA,21,4574158
ybaY_predicted,0.72,84,49,TGACACACAGTCCGGACTGA,35,4576682
ybaY_predicted,0.78,87,49,TCTCGGACAAGCCCCTTACA,38,4563820
ybaY_predicted,0.04,50,49,TCGTTGAGAATATCCGAATT,1,4567488
ybaY_predicted,0.04,50,49,GTCTACCAGAACGTCCGGAT,1,4583069
ybaY_predicted,0.4,68,49,GTAGTCGGTACCAACTAAGA,19,4573235
ybaY_predicted,6.28,362,49,GGGGCAATTATCGATCCCTG,313,4598767
ybaY_predicted,0.14,55,49,GCGCTCATCAGTGGCGGAAT,6,4600454
ybaY_predicted,0.18,57,49,GACGACTTCGGGGTGCATGT,8,4599315
ybaY_predicted,0.28,62,49,GACATCGTAACCCCGGAACA,13,4592641
ybaY_predicted,0.64,80,49,CACTTCCCTACTTCAGTTGC,31,4565871
ybaY_predicted,0.6,78,49,AGAAGAACCTTAACGTTTGA,29,4556158
ybaY_predicted,0.62,79,49,ACTTACAGTCTTTTGCTTTC,30,4552243
ybaY_predicted,0.26,61,49,ACCGAGGGTTTAGGACACAT,12,4589130
ybaY_predicted,0.2,58,49,ACAAATAGACTTGATCTCGA,9,4553143
ybaY_predicted,0.42,69,49,AAGCATCAGACCCAGGGCTA,20,4579435
ybaY_predicted,0.5,73,49,AAGAAATCGGTCCAACAAGG,24,4550012
ybaY_predicted,0.06,51,49,AACACGACCTGACGCAAGAT,2,4580046
ybaY_predicted,0.34,65,49,AAAGCCCCCCGACACTTGAC,16,4558564
ybaY_predicted,0.3877551020408163,66,48,TTGACCTTGCTGGATGTAGA,18,4558181
ybaY_predicted,0.3469387755102041,64,48,TGCGTCACCAATTTCGGGGG,16,4578728
ybaY_predicted,0.40816326530612246,67,48,TCTCAGAACTGTTAACCAAG,19,4557151
ybaY_predicted,0.7755102040816326,85,48,GTCAATCCCAGGGAATGCAA,37,4553096
ybaY_predicted,0.08163265306122448,51,48,GGTGCATGAGCTCAGGATTG,3,4584909
ybaY_predicted,0.5102040816326531,72,48,GGGAGAATAGATGTTATGGG,24,4574774
ybaY_predicted,0.20408163265306123,57,48,GGGACACTTAGTCTTTGATT,9,4578459
ybaY_predicted,0.2653061224489796,60,48,GCGGCCCACTGGTGGTCCTT,12,4573880
ybaY_predicted,0.6122448979591837,77,48,GAGTACGTGCTTACCTCTGT,29,4582370
ybaY_predicted,0.5714285714285714,75,48,GAGCAGGCGGGCAAGCATAA,27,4583612
ybaY_predicted,0.04081632653061224,49,48,CTTGACGCCGCGCATGAAAC,1,4572532
ybaY_predicted,0.4489795918367347,69,48,CTGCGGCGATCCCAGGTGAT,21,4595541
ybaY_predicted,0.12244897959183673,53,48,CTAGTGTTTAGTAACACTGT,5,4554159
ybaY_predicted,0.7346938775510204,83,48,CGTAGTGGTGTCGTTTTCTA,35,4580961
ybaY_predicted,0.8775510204081632,90,48,CATAATTTTGTCGATATCAA,42,4560793
ybaY_predicted,0.2857142857142857,61,48,CAGACAAGCTGTTAACTTCG,13,4580851
ybaY_predicted,2.0408163265306123,147,48,CAACCGAACGATGTCTAATA,99,4573962
ybaY_predicted,4.591836734693878,272,48,ATCTCGCCTAGGTCTTTATT,224,4560772
ybaY_predicted,0.5918367346938775,76,48,ATAAACTAGGGACAACTTAT,28,4575519
ybaY_predicted,0.14285714285714285,54,48,AGGAATTGTGGACTTGGCCA,6,4555479
ybaY_predicted,0.42857142857142855,68,48,AGAGTATAATATCACGAAGT,20,4582365
ybaY_predicted,0.9795918367346939,95,48,AGAAAGTGGCGCCATCTGCT,47,4586868
ybaY_predicted,2.0625,145,47,TCATCATTGCTGATGATGCG,98,4568120
ybaY_predicted,0.5833333333333334,74,47,TACATCTGCACGCATGTACT,27,4547789
ybaY_predicted,1.25,106,47,TAAACTTAACTCTTTCACAT,59,4577582
ybaY_predicted,1.5625,121,47,TAAACAGTATCCTGTTGCGG,74,4545722
ybaY_predicted,0.0625,49,47,GTGGGGGTAACTTTTGGAGT,2,4568973
ybaY_predicted,2.4166666666666665,162,47,GGGTATGGTCTCATCGCAGT,115,4565082
ybaY_predicted,0.7083333333333334,80,47,GGGACTTTCGAGGTAGGTTT,33,4570017
ybaY_predicted,2.1041666666666665,147,47,GGACGAGAACTACCTTAGAA,100,4555525
ybaY_predicted,0.1875,55,47,GGAACCGCTACGGTGCAATA,8,4591319
ybaY_predicted,0.10416666666666667,51,47,GCTCATACTATGGGAATGTA,4,4572131
ybaY_predicted,0.041666666666666664,48,47,GCTAGTCCGCCCCGAGATGT,1,4592179
ybaY_predicted,0.4166666666666667,66,47,GCAGCCCCCGAACTTGTCCA,19,4584334
ybaY_predicted,0.0625,49,47,GAGGCTCTGGCCTTTCTATG,2,4581448
ybaY_predicted,1.4583333333333333,116,47,CTCGAACTGGTGTTATGTTA,69,4575265
ybaY_predicted,0.2708333333333333,59,47,CGGTACATGCGGACGTCACT,12,4553798
ybaY_predicted,0.6458333333333334,77,47,CGGAATGCTTCGATCGCGTA,30,4549208
ybaY_predicted,0.3958333333333333,65,47,CGATGGGTCATGAATCTTTT,18,4550123
ybaY_predicted,0.041666666666666664,48,47,CCAGGTACGTATTTACCAAG,1,4563487
ybaY_predicted,0.0625,49,47,CCACACCACTGGGGCTCACA,2,4599704
ybaY_predicted,1.0,94,47,CATTGTGTTTTCTGCGGAAG,47,4571057
ybaY_predicted,0.4166666666666667,66,47,CAATCACGATGTCCCTCACG,19,4545430
ybaY_predicted,1.8541666666666667,135,47,ATGTATTAGGTCCTAATAGA,88,4580189
ybaY_predicted,0.7291666666666666,81,47,ATCCCGCAGATAAGCCCCTC,34,4550250
ybaY_predicted,0.041666666666666664,48,47,AGACCAGGTCGCACTTTTGC,1,4573387
ybaY_predicted,0.4583333333333333,68,47,ACGAAGTCTTTCCGTAGAGG,21,4600676
ybaY_predicted,0.125,52,47,ACAGAGTCATGCACCTGCAG,5,4570956
ybaY_predicted,0.5416666666666666,72,47,AAGGTTTGAGATAAACCGCT,25,4587260
ybaY_predicted,0.9166666666666666,90,47,AAACGGCCTCCGGATTACCA,43,4568193
ybaY_predicted,2.0851063829787235,143,46,TTTGGGAGGGCAGGGATTGT,97,4547088
ybaY_predicted,1.3191489361702127,107,46,TGTTGCAGAATGATCACAAA,61,4596572
ybaY_predicted,0.7446808510638298,80,46,TGTATTTTTGGGGTACGTAG,34,4567209
ybaY_predicted,0.7446808510638298,80,46,TGCTTGCTAAGCCATAGGAT,34,4558987
ybaY_predicted,0.2978723404255319,59,46,TCTTCCAGCTAGCCATTCAC,13,4597022
ybaY_predicted,0.2127659574468085,55,46,TCGCTGCCACTGTCCTTCAT,9,4550741
ybaY_predicted,1.574468085106383,119,46,TCAATCGTGCTGGCCCTGTG,73,4589364
ybaY_predicted,1.4042553191489362,111,46,TACCTCTCAGTTGTTCGTTG,65,4566501
ybaY_predicted,0.7446808510638298,80,46,GTCAGGGTCACGGACGCTTA,34,4559955
ybaY_predicted,0.1276595744680851,51,46,GTAAGGTAATCATCCATGAT,5,4576087
ybaY_predicted,4.23404255319149,244,46,GGAGATATCCCTAAGACTCT,198,4553271
ybaY_predicted,0.3829787234042553,63,46,GCCACCAGGAGAGCCCAATT,17,4566556
ybaY_predicted,1.127659574468085,98,46,GACTGACCATATTGAGGCTC,52,4597481
ybaY_predicted,0.14893617021276595,52,46,CCGCGCTCGGTGGCAACGGT,6,4555169
ybaY_predicted,0.2553191489361702,57,46,CCGCCACTACTGTTAGTGGG,11,4548583
ybaY_predicted,0.8936170212765957,87,46,CATGCGGAGTTATCGTATAC,41,4551037
ybaY_predicted,0.5531914893617021,71,46,CAATATGACGTGCCGCCCCC,25,4561934
ybaY_predicted,0.5319148936170213,70,46,ATGCGGAAATACGGGAAGAA,24,4545887
ybaY_predicted,0.8085106382978723,83,46,ATGACCGGGTTTTATTAGTC,37,4562105
ybaY_predicted,0.1276595744680851,51,46,ATCTGCCTACGCACTAGCAA,5,4566064
ybaY_predicted,2.148936170212766,146,46,AAGCAGTAAGTCTTAAGCGA,100,4576881
ybaY_predicted,0.2978723404255319,59,46,AACGATATCGACAATAGCGT,13,4551427
ybaY_predicted,0.574468085106383,72,46,AACATACAAGGTCCTTACCA,26,4557257
ybaY_predicted,0.32608695652173914,59,45,TTTTATGTCTCGGTTAATGT,14,4572072
ybaY_predicted,0.8695652173913043,84,45,TTGTTCATATTCGCACTGGT,39,4569774
ybaY_predicted,2.739130434782609,170,45,TTATCTAAATGGAAGGTTTA,125,4561556
ybaY_predicted,1.3478260869565217,106,45,TTAAGATCTTTGCAACACAT,61,4552397
ybaY_predicted,1.7173913043478262,123,45,TGGTCACACTCTCTCGACCT,78,4549276
ybaY_predicted,0.5869565217391305,71,45,TGCGTTTACCTCAGCCGATT,26,4559761
ybaY_predicted,0.34782608695652173,60,45,TCTTAAATAGTTCCCGCTTG,15,4547323
ybaY_predicted,1.4565217391304348,111,45,TCTGCTAAAGACAATTGGGT,66,4548630
ybaY_predicted,0.6304347826086957,73,45,TCCTCTTGGAGTCCAAACTA,28,4553703
ybaY_predicted,0.043478260869565216,46,45,GTGGCTGGGACTTTCCAGGT,1,4567059
ybaY_predicted,0.782608695652174,80,45,GTCTTGGTACGCGGGTCTGT,35,4595798
ybaY_predicted,0.4782608695652174,66,45,GTCCACGGCCGCCTTGTAAG,21,4575602
ybaY_predicted,0.5869565217391305,71,45,GTACAATGATTATCAAGATT,26,4555598
ybaY_predicted,0.7391304347826086,78,45,GCTACAGCCATAAGGCGTAT,33,4563813
ybaY_predicted,0.41304347826086957,63,45,GAGCAAATGCCTCCGCATAA,18,4575266
ybaY_predicted,1.3695652173913044,107,45,GAATCCAGGTGTAGCACAGC,62,4556003
ybaY_predicted,0.45652173913043476,65,45,CTTATAGAGGATGAACGAGT,20,4597575
ybaY_predicted,0.06521739130434782,47,45,CTGAATTTACTAATGTTTGC,2,4564902
ybaY_predicted,0.2391304347826087,55,45,CTATTGCATCTAAACGGTGC,10,4557223
ybaY_predicted,1.108695652173913,95,45,CGGGTTACGCTGCCACTTAC,50,4587441
ybaY_predicted,1.5,113,45,CCTACATGACAATCGATCCT,68,4567534
ybaY_predicted,0.4782608695652174,66,45,CCGCCTAGGGAACTAGCACG,21,4559688
ybaY_predicted,0.10869565217391304,49,45,CCCAACCCTTGTCTAAGAAT,4,4563932
ybaY_predicted,2.6739130434782608,167,45,CAAACTGATGGGCGGATGAG,122,4568261
ybaY_predicted,1.065217391304348,93,45,ATCAAGAAGTCCTGTGAAAT,48,4575513
ybaY_predicted,0.5434782608695652,69,45,ATACATTCCGGCTATCATAA,24,4553815
ybaY_predicted,2.5652173913043477,162,45,AGGCTTCATTTGAGGTCCCT,117,4572619
ybaY_predicted,1.8043478260869565,127,45,AGCGGATGGAGTTCTTTGAG,82,4563816
ybaY_predicted,1.391304347826087,108,45,ACGGATGTCCTGATCAGCGC,63,4561207
ybaY_predicted,0.8260869565217391,82,45,AACTGTATTTGAGTTTATGG,37,4583889
ybaY_predicted,0.043478260869565216,46,45,AACCCAGTAAACCTGTGGCC,1,4549241
ybaY_predicted,1.6222222222222222,116,44,TTAGTGAACGACGCCCACGT,72,4563431
ybaY_predicted,0.06666666666666667,46,44,TGGCTCGTAATGCCAAATAA,2,4590863
ybaY_predicted,1.2222222222222223,98,44,TCTACAGAGAGAGACCACCT,54,4568110
ybaY_predicted,0.4666666666666667,64,44,TAGGCAATCTCGAATAATCT,20,4569761
ybaY_predicted,0.06666666666666667,46,44,TAGGAGGCCGGTTGGGAAAT,2,4560216
ybaY_predicted,1.7555555555555555,122,44,GGTAAGCGCAGTTGAAGTAC,78,4566075
ybaY_predicted,0.044444444444444446,45,44,GGGTTAACGGTGCACCGTAG,1,4586258
ybaY_predicted,0.15555555555555556,50,44,GGCCCCATAGATATGGGCTT,6,4589849
ybaY_predicted,0.044444444444444446,45,44,GCTTGGTTAATCATGTGGCG,1,4554254
ybaY_predicted,0.6444444444444445,72,44,GCTTATCACGGAACCCGATA,28,4585208
ybaY_predicted,1.1555555555555554,95,44,CTCCACGTTATTTCCCTTGG,51,4558912
ybaY_predicted,0.4666666666666667,64,44,CGGACTCGGCCAGGCTCAAG,20,4596780
ybaY_predicted,1.3333333333333333,103,44,CGCGGTACCGTACCTTGTAG,59,4572960
ybaY_predicted,0.7111111111111111,75,44,CCGTCTGAGGCAGGTCACCG,31,4550862
ybaY_predicted,0.7777777777777778,78,44,CCGGAGTGCAACGGTTTGGA,34,4582540
ybaY_predicted,1.6444444444444444,117,44,CCAGAAAGCGTTAGGCAAAG,73,4556705
ybaY_predicted,0.044444444444444446,45,44,CATCTTACTACGGACTGCGG,1,4568938
ybaY_predicted,0.2222222222222222,53,44,CACGCTATGTCAGATGAGCT,9,4599604
ybaY_predicted,0.35555555555555557,59,44,CAACAACGATTTCATTGGAG,15,4559685
ybaY_predicted,0.37777777777777777,60,44,ATGAAGTCGGGTTTGGTCAT,16,4545505
ybaY_predicted,2.2444444444444445,144,44,AGCTATATATACCCCCATTT,100,4584592
ybaY_predicted,0.26666666666666666,55,44,AGCGCTTCCACAGAAGGTCT,11,4590389
ybaY_predicted,0.6888888888888889,74,44,ACTTCGCGTTCGCGAATATT,30,4596606
ybaY_predicted,0.7111111111111111,75,44,ACTGGACTTGTACCGCGTTG,31,4556589
ybaY_predicted,0.4444444444444444,63,44,ACGGTACCTAGCCGACGGGT,19,4566420
ybaY_predicted,0.08888888888888889,47,44,ACGCTTTGACTTCGTCTCGG,3,4579064
ybaY_predicted,0.5777777777777777,69,44,AAAACACGCAGTAATAAGGC,25,4552156
ybaY_predicted,0.6590909090909091,71,43,TTTTCCTCGTTCTGGTTAGT,28,4594321
ybaY_predicted,0.7272727272727273,74,43,TTGTGGCAACTAACCTGATA,31,4587497
ybaY_predicted,0.045454545454545456,44,43,TTGAGCTGTACTACCTACAT,1,4565261
ybaY_predicted,0.045454545454545456,44,43,TTCGGCGGACAATTAGTATG,1,4562463
ybaY_predicted,0.5681818181818182,67,43,TGTAGGAAGTTACGGGAAGA,24,4547953
ybaY_predicted,0.6590909090909091,71,43,TGGCTGCCTCTGACTGCCCT,28,4560007
ybaY_predicted,1.0909090909090908,90,43,TGGCGCTTTTGTATTACCCC,47,4589850
ybaY_predicted,0.6136363636363636,69,43,TCTTCTGTTCTCAAGGCCGT,26,4549231
ybaY_predicted,0.045454545454545456,44,43,TCAGGCGTCAGGAGGTCGGT,1,4554383
ybaY_predicted,1.2272727272727273,96,43,TATGGTACCGATGTAGACCA,53,4568919
ybaY_predicted,2.6818181818181817,160,43,TATGGAGCCTACAAACACAT,117,4558954
ybaY_predicted,0.045454545454545456,44,43,TAGGAGGTTGAGAAGGGCGC,1,4545945
ybaY_predicted,0.8863636363636364,81,43,GGTCAATGCGGACCACAGGC,38,4550031
ybaY_predicted,0.4090909090909091,60,43,GGGTTCGATGTGTTACAAGT,17,4578272
ybaY_predicted,1.7954545454545454,121,43,GGGCCTAGGCTGTTCGCAAT,78,4561995
ybaY_predicted,2.25,141,43,GCCCGTCACGTAGCATAAAA,98,4549381
ybaY_predicted,0.5909090909090909,68,43,GATGCTTGTACCTGAGGGCT,25,4559686
ybaY_predicted,0.5681818181818182,67,43,CTCAAGCGGCAGCGGGTTAT,24,4567489
ybaY_predicted,1.5,108,43,CGCGGTAATTAAAACACGAG,65,4563973
ybaY_predicted,0.3181818181818182,56,43,CCGTACCTCGGAAGTCGCTG,13,4564030
ybaY_predicted,1.4318181818181819,105,43,CCGGAGGTTCGATTCTTCAC,62,4584484
ybaY_predicted,0.3409090909090909,57,43,CCCGAAATACCAGCAAGCGG,14,4570441
ybaY_predicted,4.75,251,43,CCCAGTGAGATTTAATTTCA,208,4544458
ybaY_predicted,1.0227272727272727,87,43,CCATCCCCGCTGAAATTCGG,44,4553427
ybaY_predicted,0.09090909090909091,46,43,CAGCATGTGGACTAACTAGA,3,4582803
ybaY_predicted,0.06818181818181818,45,43,ATTCTGACGGTTTGTAAGCA,2,4591092
ybaY_predicted,0.20454545454545456,51,43,ATCAGAATTGTACTTTATGT,8,4571601
ybaY_predicted,2.3863636363636362,147,43,ATATTTCACGACTAGGCAAT,104,4550063
ybaY_predicted,0.5454545454545454,66,43,ATAAGCAACTAGATCCCTGG,23,4586571
ybaY_predicted,1.5909090909090908,112,43,AGGTTCTTTGTTTAGGTGTT,69,4590942
ybaY_predicted,0.4772727272727273,63,43,ACAGTAAAGTTTCTCGTAAC,20,4560781
ybaY_predicted,0.5227272727272727,65,43,AATCGAGTAAAGGTGAGAGA,22,4566643
ybaY_predicted,0.22727272727272727,52,43,AAGTACTTAAGGGGGTGCTG,9,4585016
ybaY_predicted,0.3181818181818182,56,43,AAGCCCGTTCGGCAACCACG,13,4568558
ybaY_predicted,1.0681818181818181,89,43,AACCAAGAGGTTTCAGGGAA,46,4553562
ybaY_predicted,1.1363636363636365,92,43,AAATCCGACGCCTTGTCCAG,49,4552027
ybaY_predicted,0.3181818181818182,56,43,AAACAGACCGACTATGAACA,13,4549331
ybaY_predicted,1.7209302325581395,115,42,TTTTAGTCATCATGTTACTG,73,4556578
ybaY_predicted,0.627906976744186,68,42,TTCCCATCGCTCTGTGTCCT,26,4554110
ybaY_predicted,0.32558139534883723,55,42,TTAGCCTAGATCAGCGCTAG,13,4569543
ybaY_predicted,0.046511627906976744,43,42,TGTAGATGCCCGTAGCAAGA,1,4566809
ybaY_predicted,1.1162790697674418,89,42,TGCTGCGCCCAAGTACGCAG,47,4545789
ybaY_predicted,1.372093023255814,100,42,TGCGGGGCTATACAGAGTGC,58,4580475
ybaY_predicted,1.186046511627907,92,42,TGAGCGGGTGAAAATCACCA,50,4550188
ybaY_predicted,0.046511627906976744,43,42,TCCTCACTGAGTGCCCCGTG,1,4558398
ybaY_predicted,0.3023255813953488,54,42,TATCGACTTGGTCATTACTT,12,4579866
ybaY_predicted,2.2790697674418605,139,42,TACAATGACGATAGGGCTAA,97,4589810
ybaY_predicted,0.046511627906976744,43,42,GTACCACTTGCATTATTTCG,1,4570805
ybaY_predicted,0.6511627906976745,69,42,GGTGAGCAATTAGCCCCCTC,27,4598459
ybaY_predicted,0.6976744186046512,71,42,GGGCATCGCGCGGCTCGACT,29,4550331
ybaY_predicted,0.2558139534883721,52,42,GGGAACTAATTCAGGTTTGT,10,4549462
ybaY_predicted,0.46511627906976744,61,42,GGCTTATGTCCGTACCGATC,19,4571324
ybaY_predicted,0.4186046511627907,59,42,GCGAGGTCCGGCTATTACCC,17,4579538
ybaY_predicted,0.7674418604651163,74,42,GCGAACAGTGCGCTACCACT,32,4553985
ybaY_predicted,1.255813953488372,95,42,GATTTAAGGCCGGTAGCGAG,53,4583071
ybaY_predicted,0.7674418604651163,74,42,GAGCCGCTAGGGTTCAGATA,32,4592586
ybaY_predicted,0.4186046511627907,59,42,GACATGCATCGTGCCTGAAG,17,4589332
ybaY_predicted,0.32558139534883723,55,42,CTGTTCATCGATGGGGCGGG,13,4575961
ybaY_predicted,0.06976744186046512,44,42,CGTCCACGTGCACCAGTCGT,2,4578148
ybaY_predicted,0.813953488372093,76,42,CGCTCTTATAGTAGAACTGG,34,4548391
ybaY_predicted,1.255813953488372,95,42,CGCTCCCGTGCCGTATCGGA,53,4570829
ybaY_predicted,0.5813953488372093,66,42,CGCAGGGCGTTATGTCTACA,24,4565799
ybaY_predicted,0.046511627906976744,43,42,CCTTGCAAGGACACTGGGAG,1,4577508
ybaY_predicted,0.20930232558139536,50,42,CCTCTTGGACTCCCTAGGCT,8,4548389
ybaY_predicted,0.06976744186046512,44,42,CCGTCCGACCGCATCGGATC,2,4581475
ybaY_predicted,0.6511627906976745,69,42,CAACTCAAAACTACGGTCAT,27,4549551
ybaY_predicted,0.3023255813953488,54,42,CAACAATACCTACCCAAGGA,12,4554268
ybaY_predicted,1.5116279069767442,106,42,ATGGCTGCCGCATGTCCATT,64,4570639
ybaY_predicted,0.27906976744186046,53,42,ATACGACGAGCAAAGGAAGA,11,4580092
ybaY_predicted,0.9767441860465116,83,42,AGGTTTAATCTAAGCACCTT,41,4576331
ybaY_predicted,0.13953488372093023,47,42,ACGACCATCGCCGATGTACG,5,4589702
ybaY_predicted,1.744186046511628,116,42,AAAACTGGATTGCTCTATGC,74,4561050
ybaY_predicted,0.6190476190476191,66,41,TCCTATGTCAACGATATTAC,25,4596340
ybaY_predicted,0.19047619047619047,48,41,TACCAACCATTCCCACATCA,7,4587228
ybaY_predicted,0.07142857142857142,43,41,TAATTCGCGCGCTCGAATCT,2,4548584
ybaY_predicted,0.047619047619047616,42,41,GTTCAAAGCGCCCCTCCACC,1,4560932
ybaY_predicted,0.23809523809523808,50,41,GTGGTGTCTCTGAAAAGTTC,9,4551167
ybaY_predicted,3.2142857142857144,175,41,GTCATCTGTCGCCGCTGTGC,134,4574690
ybaY_predicted,1.0714285714285714,85,41,GGTCGCAGGGATGACTCTAT,44,4578931
ybaY_predicted,1.1666666666666667,89,41,GGTACATATCGAGCCTTGTT,48,4568787
ybaY_predicted,1.5238095238095237,104,41,GGGCTCACAACACGCGACTA,63,4553007
ybaY_predicted,0.9761904761904762,81,41,GGCGGTAGTTGAGACACGCC,40,4565262
ybaY_predicted,0.7380952380952381,71,41,GCGAAGGTCTAAAAGTGAGC,30,4592692
ybaY_predicted,2.0,124,41,GATGACGGGCATGAGCATGG,83,4545594
ybaY_predicted,0.09523809523809523,44,41,GAGCGAACGGCTCTAATACG,3,4558233
ybaY_predicted,0.9761904761904762,81,41,CTTTGCACTGCTAGTGCGCT,40,4582739
ybaY_predicted,1.3095238095238095,95,41,CTAGGGAAGCCAGGTGGCTC,54,4566741
ybaY_predicted,0.7857142857142857,73,41,CGGCTTGAACTCATATTACC,32,4547274
ybaY_predicted,0.4523809523809524,59,41,CGCCCTTGATATGGTTACAG,18,4561284
ybaY_predicted,0.7857142857142857,73,41,CATGGAGACTGGAGAAGCTA,32,4580407
ybaY_predicted,0.7857142857142857,73,41,CAATTCGAAATTGTTCGCCT,32,4565339
ybaY_predicted,2.0238095238095237,125,41,CAATGTCGCACCAGTACTTC,84,4561726
ybaY_predicted,0.7142857142857143,70,41,ATTGCTAATAGACGCGACTT,29,4549245
ybaY_predicted,0.7619047619047619,72,41,AGGATATCCTTCCATTGAAA,31,4566989
ybaY_predicted,0.30952380952380953,53,41,ACTTTAAACTTTCTAACTGA,12,4569722
ybaY_predicted,1.7142857142857142,112,41,ACTATTGTGAGCCGGGTCTG,71,4577283
ybaY_predicted,0.047619047619047616,42,41,ACAGGAATAGGAGAATTGAT,1,4579340
ybaY_predicted,0.9047619047619048,78,41,AATCAAGGAACAGCATCGCC,37,4560406
ybaY_predicted,0.3902439024390244,55,40,TTTTGGGCAGCAGCCTGAGG,15,4557189
ybaY_predicted,0.4634146341463415,58,40,TTGTATGAGCTCGACAGAAT,18,4571186
ybaY_predicted,1.2439024390243902,90,40,TTGCTGGACGGTATTTACCA,50,4547011
ybaY_predicted,2.5365853658536586,143,40,TTGCTACTGAACCGGCTAGC,103,4550057
ybaY_predicted,1.6585365853658536,107,40,TTGATGATACTGGACATGCC,67,4577379
ybaY_predicted,1.0975609756097562,84,40,TTCTAGGTTAGATGTTCCGA,44,4563479
ybaY_predicted,1.0731707317073171,83,40,TTCATTTGTTCAGTTAAGGC,43,4550431
ybaY_predicted,1.2195121951219512,89,40,TTCAGGTTGCCAATATTACA,49,4553804
ybaY_predicted,2.024390243902439,122,40,TGGAGATAATATGGTATGGT,82,4566498
ybaY_predicted,0.1951219512195122,47,40,TGAGTTTCGTTCGACTGGAG,7,4585671
ybaY_predicted,0.8780487804878049,75,40,TGAGGTCTCCACGGTGAAGG,35,4565870
ybaY_predicted,1.951219512195122,119,40,TCTGCCCTACTGTGATAGCT,79,4573557
ybaY_predicted,1.5853658536585367,104,40,TCGGTCCCGGCATCCCGCTA,64,4552709
ybaY_predicted,0.7560975609756098,70,40,TATTTCCTACCCGAAGTAAC,30,4546420
ybaY_predicted,0.2926829268292683,51,40,TATTGCCAACCTGGAGAATA,11,4598043
ybaY_predicted,0.8780487804878049,75,40,TATATCGTAAACGTAGACGC,35,4554967
ybaY_predicted,1.853658536585366,115,40,TAGACGAACCCTTTAAGCTC,75,4578060
ybaY_predicted,0.5365853658536586,61,40,TACTAAGGCCCGTGGAGATT,21,4577840
ybaY_predicted,0.4634146341463415,58,40,TAATACCGAGAATCTACCTA,18,4586426
ybaY_predicted,0.43902439024390244,57,40,GTGCCCGAAAGACGTGGCTT,17,4551445
ybaY_predicted,0.5365853658536586,61,40,GGTTCCTTTTTGACGCACTC,21,4577361
ybaY_predicted,1.048780487804878,82,40,GGGGCACGTCAGCGTGGTGA,42,4580284
ybaY_predicted,0.2926829268292683,51,40,GGGCTTAGCGTTCGCTGCCT,11,4556475
ybaY_predicted,0.5365853658536586,61,40,GGGCTGATCTTCCGTTTCGT,21,4577574
ybaY_predicted,1.4146341463414633,97,40,GGGCGCTGTTTTTTTAGCAT,57,4597713
ybaY_predicted,1.7804878048780488,112,40,GGCATGTACACAGTTGCAAT,72,4559329
ybaY_predicted,0.975609756097561,79,40,GCTGTAACATCAGGATCCAA,39,4567665
ybaY_predicted,1.2439024390243902,90,40,GCTAGTACCGCAGCATCTGA,50,4599626
ybaY_predicted,0.8048780487804879,72,40,GCCTGCTACAGAATTGGGAA,32,4579443
ybaY_predicted,0.04878048780487805,41,40,GCCAGAGATGCCTCACACAT,1,4591589
ybaY_predicted,1.951219512195122,119,40,GACTGACCGGGATATTGGTG,79,4554787
ybaY_predicted,0.5121951219512195,60,40,GACGTGATGTCGCGCGACTA,20,4573016
ybaY_predicted,0.5853658536585366,63,40,GAAGTCAGACGAAATCTGAT,23,4561954
ybaY_predicted,0.9512195121951219,78,40,GAAAAGCTGCTACACGGGAC,38,4564952
ybaY_predicted,0.5853658536585366,63,40,CTTCCAGAGAATATGTGACT,23,4583824
ybaY_predicted,0.12195121951219512,44,40,CTTAACTTGCTTAATAGGCT,4,4582470
ybaY_predicted,1.024390243902439,81,40,CTGTTCGACGGCGATTTCTG,41,4585896
ybaY_predicted,0.9024390243902439,76,40,CGTTCGATCTGATCCGTGGT,36,4588315
ybaY_predicted,0.926829268292683,77,40,CGGAAATTCAAATCCTATCA,37,4553013
ybaY_predicted,0.12195121951219512,44,40,CGCGCATTGGCCAGCCGGAT,4,4589943
ybaY_predicted,0.24390243902439024,49,40,CGCAGCATCTCGTTCTGTAT,9,4558537
ybaY_predicted,0.5365853658536586,61,40,CCCATGTGACATCGTAGGAT,21,4564821
ybaY_predicted,0.43902439024390244,57,40,CATTGTTGCTACGACGTTCT,17,4551665
ybaY_predicted,1.975609756097561,120,40,CACGGATTTCATGGTACCGT,80,4597706
ybaY_predicted,1.6829268292682926,108,40,CAACGGGCCAGCCGTACCTG,68,4594004
ybaY_predicted,0.6097560975609756,64,40,AGACACCGTAGGAATCATAC,24,4551672
ybaY_predicted,0.7804878048780488,71,40,ACTAGGGCTTTGTAGAGGCG,31,4559015
ybaY_predicted,0.07317073170731707,42,40,AAGGGCGCGTCAACGAAGTT,2,4546660
ybaY_predicted,0.04878048780487805,41,40,AAATCGGACGCTTACCACAA,1,4568954
ybaY_predicted,1.170731707317073,87,40,AAACGCATTCGGGTGTGCTA,47,4572803
ybaY_predicted,0.6,62,39,TTCCCTTGCCGCACCCGGGT,23,4588241
ybaY_predicted,0.925,75,39,TTAGCCGGTCTCGCATAAGG,36,4579575
ybaY_predicted,0.725,67,39,TTACGACGCCGGATACTGCA,28,4556474
ybaY_predicted,0.275,49,39,TTACCTGGAAGCTAAGCGCC,10,4549444
ybaY_predicted,1.375,93,39,TTACATCATTGTTTGAAGGA,54,4550820
ybaY_predicted,0.5,58,39,TGGGTTTTGGGCACATCTGG,19,4554643
ybaY_predicted,0.475,57,39,TGCAGTCACCACGTTGCGTT,18,4567378
ybaY_predicted,0.175,45,39,TGCACCTGGGTGTGATAATT,6,4580205
ybaY_predicted,0.1,42,39,TCTGAAGCGCCACTAGCATG,3,4559883
ybaY_predicted,1.1,82,39,TCCGAAGCATCAATACGAAC,43,4564274
ybaY_predicted,0.6,62,39,TCCAGTCCTCAGCTACGGGG,23,4596271
ybaY_predicted,0.675,65,39,TAGGGCTCATCGGGATGCGC,26,4565534
ybaY_predicted,0.175,45,39,TAAGGCATATCACCATAAGT,6,4583688
ybaY_predicted,0.45,56,39,GTCGGACTCAGACATGTGCT,17,4590536
ybaY_predicted,2.425,135,39,GGGTTGAGGCCCTCGTCAAC,96,4551490
ybaY_predicted,1.775,109,39,GGGTGGATCGGAGTATCAAC,70,4557903
ybaY_predicted,0.575,61,39,GGGCCGTGTGCCGGTGATGC,22,4568741
ybaY_predicted,0.425,55,39,GGGAAGAGAAGGAGTTCCAT,16,4556056
ybaY_predicted,1.05,80,39,GGAGATTCCCTGAGACGTTG,41,4570761
ybaY_predicted,1.55,100,39,GCTCCTGTTTTCCTCCCGCA,61,4575964
ybaY_predicted,0.8,70,39,GCGGCTTGCAATACTGCCTC,31,4565446
ybaY_predicted,0.65,64,39,GCCTTTGATAGGAGGAGGCT,25,4561993
ybaY_predicted,1.375,93,39,GATGTAGACTACTTGTTCTT,54,4551483
ybaY_predicted,1.725,107,39,CTTGTCTGCAACAGACGTCT,68,4560855
ybaY_predicted,0.425,55,39,CTCAGGTTGGTATTCACCAT,16,4580234
ybaY_predicted,0.05,40,39,CTACGGGGTAGGCTTCGAAA,1,4591854
ybaY_predicted,0.375,53,39,CGGATCCCATATCTAGGGTC,14,4569436
ybaY_predicted,0.325,51,39,CGATTAGGTGAGGTTGTTCA,12,4578215
ybaY_predicted,0.325,51,39,CCGTTTTCGCCCAGCGGAGA,12,4567527
ybaY_predicted,0.775,69,39,CACGTATGAGTGTTAAGGTT,30,4579321
ybaY_predicted,0.375,53,39,CACCCCACAACTGACTGTCA,14,4577613
ybaY_predicted,0.15,44,39,ATTCGTATTGGGGGCCTGGT,5,4569292
ybaY_predicted,0.95,76,39,ATTCATTATTCTGGAGTTTT,37,4546476
ybaY_predicted,0.225,47,39,ATGGAGCGCAACCGGAGCTA,8,4588106
ybaY_predicted,1.975,117,39,ATGAGCAACCCACGACATGA,78,4553102
ybaY_predicted,0.05,40,39,ATAGGTCTTTATCGCAGCTA,1,4578798
ybaY_predicted,0.125,43,39,AGTTTACCATCATGGGCCGT,4,4589178
ybaY_predicted,1.2,86,39,AGTTGGTCTCCTTTTTCCTT,47,4600122
ybaY_predicted,0.825,71,39,AGTGGAGGCGTCATCGACGA,32,4570065
ybaY_predicted,3.5,178,39,AGCCCGACCGGAGCCTCGCC,139,4555324
ybaY_predicted,0.075,41,39,ACCCGGAGTGCTTTGAGCGG,2,4572761
ybaY_predicted,0.6,62,39,ACCCACATAGCCTTCACCAA,23,4556210
ybaY_predicted,0.575,61,39,AAGAAGTGAACGCGGACGAA,22,4576716
ybaY_predicted,1.2,86,39,AAAGTACCGCTTAGTCAGCA,47,4599578
ybaY_predicted,1.205128205128205,84,38,TTTCCCTTACAAAGCCTCCC,46,4569377
ybaY_predicted,0.6153846153846154,61,38,TTAGTAGGAACGCAGGTTGC,23,4592430
ybaY_predicted,0.48717948717948717,56,38,TGCGATGTTTTATTCTTCGG,18,4564406
ybaY_predicted,1.1538461538461537,82,38,TGCAACAGTATCGAGGGCCT,44,4566357
ybaY_predicted,13.307692307692308,556,38,TGACCCAGAGAACCCTGCGA,518,4573455
ybaY_predicted,0.05128205128205128,39,38,TCGAGGTAATGACACACCAG,1,4553185
ybaY_predicted,0.8461538461538461,70,38,TCACGACTGTATCCAAATCG,32,4579248
ybaY_predicted,1.3333333333333333,89,38,TAGGAGAGCAAACCTGGAGA,51,4577577
ybaY_predicted,2.8205128205128207,147,38,TAGACGGTTGCCGGGCTCCT,109,4554446
ybaY_predicted,1.205128205128205,84,38,TACTCATGTGCGTGGGCGGT,46,4558881
ybaY_predicted,0.6666666666666666,63,38,TACCCTTTGTAAGAGTAACG,25,4554253
ybaY_predicted,0.3333333333333333,50,38,GTTTTGCCCGGTGCATACAT,12,4578544
ybaY_predicted,1.4615384615384615,94,38,GTGAGCCGTCCCTGGCTCAC,56,4566743
ybaY_predicted,0.28205128205128205,48,38,GGAAATATGTAATATGAGGT,10,4557543
ybaY_predicted,0.5641025641025641,59,38,GCTTCTTGCCGTGTTGCTGA,21,4548344
ybaY_predicted,0.3333333333333333,50,38,GCTCAAAGCCAGGCCGGGAT,12,4553811
ybaY_predicted,0.05128205128205128,39,38,GCGTAGACGACTATTAAGTA,1,4560730
ybaY_predicted,1.2564102564102564,86,38,GCCTTGGGCGCGGGACTGAA,48,4554888
ybaY_predicted,0.358974358974359,51,38,GCATACTGAGGTAGTGGTTG,13,4588065
ybaY_predicted,0.6666666666666666,63,38,CTGGAATTCAGGGTTATGCC,25,4578529
ybaY_predicted,0.5128205128205128,57,38,CTGACATTACGTAGTTGAGA,19,4585629
ybaY_predicted,0.7948717948717948,68,38,CGTGGGGATTACCGGTGTCT,30,4590206
ybaY_predicted,0.20512820512820512,45,38,CGCCACAGTCTATCGTTTTG,7,4555975
ybaY_predicted,1.0256410256410255,77,38,CGCACCCGGTAATGCTAATA,39,4550100
ybaY_predicted,0.8974358974358975,72,38,CGCAACGGTGTGTATACACG,34,4550064
ybaY_predicted,0.28205128205128205,48,38,CCTCGCCTGTCCAGTCACAC,10,4575724
ybaY_predicted,0.9743589743589743,75,38,CCGTTGGAATAACCCCGGTC,37,4559237
ybaY_predicted,0.5384615384615384,58,38,CCCGACGGATCGACATTAGG,20,4579204
ybaY_predicted,0.07692307692307693,40,38,CCCCCACTTAGGGTCAAGCA,2,4554499
ybaY_predicted,0.7948717948717948,68,38,CCCATTACAACTTAGTGGGT,30,4553424
ybaY_predicted,0.05128205128205128,39,38,CATCCGATTGGACGGGTCGT,1,4584033
ybaY_predicted,1.358974358974359,90,38,CACTAGAATTCAGGATACTA,52,4584719
ybaY_predicted,0.41025641025641024,53,38,CAATCGGACCACCTCAATTC,15,4555903
ybaY_predicted,2.641025641025641,140,38,ATTGTCGGCGATTTTGTACT,102,4577086
ybaY_predicted,1.0256410256410255,77,38,ATGTGCCGTTCTGTGCATTA,39,4580521
ybaY_predicted,1.0512820512820513,78,38,ATCGCAATTCACTGTTTCGG,40,4555999
ybaY_predicted,0.5128205128205128,57,38,AGTGAAGCGGACTCCGTCAA,19,4591176
ybaY_predicted,1.2307692307692308,85,38,AGCCTTATGCGGTGCTTCGG,47,4558058
ybaY_predicted,0.2564102564102564,47,38,ACTTGCGCCACGGTACGGAC,9,4549675
ybaY_predicted,0.15384615384615385,43,38,ACGCGACGAAGTTCTCTTGT,5,4554900
ybaY_predicted,0.5897435897435898,60,38,ACCTATAGGTGGGCTCTAAC,22,4594318
ybaY_predicted,1.9230769230769231,112,38,AATTCATGAAGGGGCACAAA,74,4587012
ybaY_predicted,0.5263157894736842,56,37,TTTTTAAGGGCTGTCAAGAG,19,4566981
ybaY_predicted,0.42105263157894735,52,37,TTGTACCCCGAAGCCAAATG,15,4565576
ybaY_predicted,1.2105263157894737,82,37,TTGCCATTGAACGCTAGCGG,45,4563444
ybaY_predicted,0.5789473684210527,58,37,TTAGTCGCTCAGTAGTCACC,21,4565917
ybaY_predicted,0.39473684210526316,51,37,TTAGAAAATCGCGCACTCAT,14,4582122
ybaY_predicted,1.0526315789473684,76,37,TGGATACCGAAAGTATAATA,39,4560563
ybaY_predicted,0.7105263157894737,63,37,TGATTTAAGGGGCAACTCTG,26,4551546
ybaY_predicted,1.5526315789473684,95,37,TCTGCTAATCTCCCTGGCCA,58,4549154
ybaY_predicted,1.0263157894736843,75,37,TCGGAACTCCCTGTATTAGA,38,4546388
ybaY_predicted,0.2631578947368421,46,37,TCGCACTAGGCGCTCATTTT,9,4550247
ybaY_predicted,0.5526315789473685,57,37,TCCATGAAAGGTGGATAACC,20,4554659
ybaY_predicted,3.9473684210526314,186,37,TCAGCGCGCCAATATTCCAC,149,4578057
ybaY_predicted,1.8421052631578947,106,37,TATGTTTGGCGGCTATAGTG,69,4575933
ybaY_predicted,0.39473684210526316,51,37,TAACGCAGTACTGTAGGACT,14,4580483
ybaY_predicted,0.10526315789473684,40,37,TAACGAGAGTGGTCGATGTA,3,4549877
ybaY_predicted,0.8157894736842105,67,37,GTTACACAGGAGACGGCGTA,30,4576710
ybaY_predicted,0.42105263157894735,52,37,GTCTTTTCCCTGATGCGATT,15,4549791
ybaY_predicted,1.105263157894737,78,37,GTCGTAACACTCGGGCGCTT,41,4584077
ybaY_predicted,0.7631578947368421,65,37,GTCATACGCCCAGTAGTAAA,28,4566164
ybaY_predicted,0.2631578947368421,46,37,GGTGAAAAGCTCGTGAAGAT,9,4589083
ybaY_predicted,0.6578947368421053,61,37,GGGCGTAACGGTGCTATAGT,24,4557849
ybaY_predicted,0.8947368421052632,70,37,GGGCAACGTATCGAGGGCGA,33,4544986
ybaY_predicted,0.07894736842105263,39,37,GGCCTTCTCTCTTATTACGC,2,4551082
ybaY_predicted,0.18421052631578946,43,37,GGCATTCCGACATGGGGGCG,6,4566105
ybaY_predicted,0.05263157894736842,38,37,GGCAAGCCAGCGACTTTTTA,1,4547324
ybaY_predicted,1.8157894736842106,105,37,GGATCATATTCAGATTCAAA,68,4553225
ybaY_predicted,1.4736842105263157,92,37,GCTGCTCAACAAAACGTCAG,55,4558544
ybaY_predicted,0.47368421052631576,54,37,GCGGTTTGCAGCTTATTCTA,17,4583045
ybaY_predicted,0.5526315789473685,57,37,GCGGAGTTTCCTCGTAGCTG,20,4549533
ybaY_predicted,0.9473684210526315,72,37,GAAAGGCTGGAGCGGATTGG,35,4568534
ybaY_predicted,0.10526315789473684,40,37,CTTGTTGGATTCAGGAAGCT,3,4566921
ybaY_predicted,0.7894736842105263,66,37,CTGAGGTCCAGGGCCTTCTT,29,4574358
ybaY_predicted,1.3421052631578947,87,37,CGTCAACCCCAGCCACGCTT,50,4564766
ybaY_predicted,1.5789473684210527,96,37,CGTAGACGCGGATAATCGGA,59,4581577
ybaY_predicted,0.5789473684210527,58,37,CGGCCTTTTGGGATCGGCCA,21,4578324
ybaY_predicted,1.263157894736842,84,37,CGGAGATCTCACGACTCTAG,47,4568133
ybaY_predicted,0.6578947368421053,61,37,CCTTGGACCGGTTTTCCTGT,24,4565873
ybaY_predicted,1.9736842105263157,111,37,CCTGTGCGCCGACGCAGTGG,74,4551866
ybaY_predicted,0.3684210526315789,50,37,CCTAATACTGTGATCCATCT,13,4594396
ybaY_predicted,3.8947368421052633,184,37,CCACTGATCCGAATGCCAGT,147,4567956
ybaY_predicted,0.2631578947368421,46,37,CAGTCAGGAGCTTCATGCTA,9,4586866
ybaY_predicted,0.7631578947368421,65,37,CAGGCATAGGACGACAATTC,28,4590900
ybaY_predicted,0.7894736842105263,66,37,CAGCAAAGGCCGGCCCGAGG,29,4585271
ybaY_predicted,0.05263157894736842,38,37,ATGAGCTCCCTCGACGAAGA,1,4597546
ybaY_predicted,0.8421052631578947,68,37,ATATCGCGACCTTTCACGTA,31,4596875
ybaY_predicted,1.236842105263158,83,37,ATACGTCTATGATCCGTCGA,46,4556266
ybaY_predicted,0.5,55,37,ATACCCGAGAGTCAGTGGAC,18,4570182
ybaY_predicted,0.47368421052631576,54,37,AGGACGGTAGGACGGACTAA,17,4571268
ybaY_predicted,0.23684210526315788,45,37,AGCTTCTAGAAAAGCTCGGG,8,4567968
ybaY_predicted,2.710526315789474,139,37,AGCGGTCATTAGCAGTATAT,102,4558460
ybaY_predicted,0.8947368421052632,70,37,AGAAGGTGCTAGGCATATTC,33,4583694
ybaY_predicted,0.2894736842105263,47,37,ACTCGATTTGGTCGGTTAAT,10,4545636
ybaY_predicted,0.6052631578947368,59,37,ACGTCCCTGAGAGCTTGAAG,22,4564374
ybaY_predicted,1.7105263157894737,101,37,ACATTCCCCGGTGATGTGTC,64,4570762
ybaY_predicted,0.18421052631578946,43,37,ACATATATGTAGCACGTTGT,6,4560035
ybaY_predicted,0.2894736842105263,47,37,ACAATTATTTTCTCACTGCT,10,4585396
ybaY_predicted,0.7368421052631579,64,37,AATCTAGACCTCAAGTGTAT,27,4553909
ybaY_predicted,0.42105263157894735,52,37,AAGCCCATTCGTCTAAACTG,15,4554786
ybaY_predicted,1.3243243243243243,84,36,TTTCCTTTCCCATAACACGT,48,4583611
ybaY_predicted,0.08108108108108109,38,36,TTTAAAGGCATGGATCTCGA,2,4579610
ybaY_predicted,0.7027027027027027,61,36,TTGGACTAGGAGCACGTCTG,25,4576277
ybaY_predicted,3.027027027027027,147,36,TTGCTCAGAGGGCGCACTGC,111,4581450
ybaY_predicted,0.972972972972973,71,36,TGTGGCAGGACCGGCTGCCT,35,4570955
ybaY_predicted,0.2972972972972973,46,36,TGGTCTGTGGGCCGGGGGCT,10,4563830
ybaY_predicted,0.3783783783783784,49,36,TGGCCCGGGTGGTGCTCAGG,13,4549003
ybaY_predicted,0.32432432432432434,47,36,TCCGTTCCATTGGTCACATA,11,4575694
ybaY_predicted,1.054054054054054,74,36,TCACACAGTACAGACCCAAC,38,4598114
ybaY_predicted,0.6756756756756757,60,36,GTGAGAGCGTAGTTCCTTAT,24,4548451
ybaY_predicted,0.05405405405405406,37,36,GTATACGGCCGGCGCATGAC,1,4563078
ybaY_predicted,0.6486486486486487,59,36,GTACAAGGTATGTTACGCTA,23,4553913
ybaY_predicted,0.8378378378378378,66,36,GGGTGGGTGGCTCTTCTTCG,30,4579522
ybaY_predicted,0.10810810810810811,39,36,GGGCGATCAGTACTAGACCA,3,4566815
ybaY_predicted,0.5945945945945946,57,36,GGCTTCCATTTGCCCTGGAG,21,4580908
ybaY_predicted,0.13513513513513514,40,36,GGAGCTTGTAATCGTTACCA,4,4546428
ybaY_predicted,0.3783783783783784,49,36,GCGGATTTGGTCAACTCCTA,13,4549233
ybaY_predicted,0.2972972972972973,46,36,GACCTCCGGGCAAAGTTCAC,10,4572922
ybaY_predicted,0.1891891891891892,42,36,CTTTCATTAAGGCGGTAATG,6,4580856
ybaY_predicted,1.1081081081081081,76,36,CTTGTATAACGTTGTACGAG,40,4554364
ybaY_predicted,0.5405405405405406,55,36,CTTGCAGTAATAATGCTTTA,19,4548475
ybaY_predicted,0.05405405405405406,37,36,CTTCGTTGAGCTTCGAGGTT,1,4571599
ybaY_predicted,0.08108108108108109,38,36,CTCCGCGCCAATCCGACGAA,2,4581016
ybaY_predicted,0.4864864864864865,53,36,CTAGGGCGCATGTGTCCGAA,17,4554502
ybaY_predicted,0.7567567567567568,63,36,CCTCCTATAGACTAAAAGCT,27,4553327
ybaY_predicted,1.8918918918918919,105,36,CCGGAAGTTTAGCAGGTGCA,69,4552356
ybaY_predicted,0.05405405405405406,37,36,CCGCTCAAAACAGGATGTAT,1,4555131
ybaY_predicted,0.05405405405405406,37,36,CCGCTATCGCTATCTATGAT,1,4579507
ybaY_predicted,1.4324324324324325,88,36,CCCCGGCAGCTAGTCTCAGA,52,4562254
ybaY_predicted,7.216216216216216,302,36,CACGCCCCAGCTTGGATACG,266,4560718
ybaY_predicted,2.2432432432432434,118,36,CAATAACTTCTGAACGCTAA,82,4548715
ybaY_predicted,0.21621621621621623,43,36,ATTCACAAATAAATTGGCAT,7,4546339
ybaY_predicted,0.32432432432432434,47,36,ATCTCTGGATCACGTCCAAC,11,4554365
ybaY_predicted,0.13513513513513514,40,36,AGCGGGTTTGCCCCGTCATA,4,4568185
ybaY_predicted,1.2162162162162162,80,36,ACCATAAGACGTGACGCTCT,44,4590344
ybaY_predicted,0.5135135135135135,54,36,AAGGTATCCTTATGGTCGGC,18,4550017
ybaY_predicted,1.7027027027027026,98,36,AACAGGTGGAAGTCTTGGAT,62,4572435
ybaY_predicted,1.162162162162162,78,36,AACAAGCCCTGGCAACTCGC,42,4587627
ybaY_predicted,1.6944444444444444,95,35,TTGCGGCCCGGAATTGGTCA,60,4594847
ybaY_predicted,0.05555555555555555,36,35,TTAGTGATGCACGGAATGTG,1,4553765
ybaY_predicted,0.6388888888888888,57,35,TTAGTACTGTCTTTGGTTAT,22,4562005
ybaY_predicted,0.6944444444444444,59,35,TTAGACTCTGGGAAAAACTA,24,4547695
ybaY_predicted,0.6944444444444444,59,35,TGCTTATCCGGTCTCGAAGC,24,4584750
ybaY_predicted,0.05555555555555555,36,35,TGATGTGTACTATTCCATTT,1,4599703
ybaY_predicted,0.75,61,35,TCGACCGATGGCAAGCCCTC,26,4550165
ybaY_predicted,0.16666666666666666,40,35,TCATTCTCCAACTCTAAACG,5,4579065
ybaY_predicted,0.05555555555555555,36,35,TCACAGTACATTCCCATAAA,1,4551840
ybaY_predicted,0.25,43,35,TCAAGGGAGCACATCTATCG,8,4550858
ybaY_predicted,1.0,70,35,TATGTCGTCCAGTGTGTTTT,35,4589076
ybaY_predicted,0.05555555555555555,36,35,TAAGTTTCCACGTGTAAAAT,1,4553338
ybaY_predicted,0.1111111111111111,38,35,TAAGGTCGATTAATCTCCAG,3,4550013
ybaY_predicted,2.4166666666666665,121,35,GTTTTTCGATGTTTGGCGAT,86,4560914
ybaY_predicted,0.19444444444444445,41,35,GTTTAGATTCAGCCAGAGTG,6,4555913
ybaY_predicted,1.6388888888888888,93,35,GTGGGCGCCTAACGTCCCCA,58,4591535
ybaY_predicted,0.3611111111111111,47,35,GTCAACTATTGAAAAACTGT,12,4547016
ybaY_predicted,0.2777777777777778,44,35,GTACGAGCTCTTGAGTTCAA,9,4569110
ybaY_predicted,1.0555555555555556,72,35,GTAAATCATTAGAGCGTATT,37,4592547
ybaY_predicted,0.7222222222222222,60,35,GGTGATAGGATCAGAGCTAG,25,4584911
ybaY_predicted,0.16666666666666666,40,35,GGGTGATATTGCTAGGACCA,5,4577961
ybaY_predicted,0.4444444444444444,50,35,GGCGTGGAATCCGTAGGAGA,15,4593261
ybaY_predicted,2.3333333333333335,118,35,GGCGGATTCCATAGATTAAG,83,4583860
ybaY_predicted,0.7222222222222222,60,35,GCTGGATGTTGCGCTGATTT,25,4574354
ybaY_predicted,0.25,43,35,GCGATTGCGATAAATTACGA,8,4548492
ybaY_predicted,0.8333333333333334,64,35,GCCGATATTCCTAGTAGTTC,29,4570222
ybaY_predicted,0.08333333333333333,37,35,GCACACGCCCAGGTCATATT,2,4545299
ybaY_predicted,0.6666666666666666,58,35,GCAACCACCCCACGGGTCAA,23,4561505
ybaY_predicted,0.4444444444444444,50,35,GATCTTCTTCAGGGCCGACC,15,4564373
ybaY_predicted,0.19444444444444445,41,35,GAGCCGCCCAGCCGTCTATC,6,4589935
ybaY_predicted,1.3611111111111112,83,35,GAAGAGTATTTGTGCCAGTG,48,4563654
ybaY_predicted,0.05555555555555555,36,35,GAACAGGGCTTCTCAAATTT,1,4564143
ybaY_predicted,0.9444444444444444,68,35,CTGTCCGAGTGCGAAAAGGG,33,4562232
ybaY_predicted,1.4722222222222223,87,35,CTATTCCTTTCTTTAACAAA,52,4570252
ybaY_predicted,1.1944444444444444,77,35,CTAAAGAATCATAAAGATGT,42,4589979
ybaY_predicted,1.5555555555555556,90,35,CGTTCGTCGTGCATCCGCTT,55,4545640
ybaY_predicted,0.9444444444444444,68,35,CGTCGAGCCTCGTCGTGCCA,33,4597188
ybaY_predicted,0.5277777777777778,53,35,CGACCAGAACCGGTCCATGC,18,4567662
ybaY_predicted,0.6944444444444444,59,35,CCGTCAGGAACTTCGTAAGG,24,4567606
ybaY_predicted,0.2222222222222222,42,35,CCCTAGGTAGATGTTACATA,7,4591763
ybaY_predicted,0.05555555555555555,36,35,CATATCCGAAGCGTACGCGC,1,4575264
ybaY_predicted,0.7777777777777778,62,35,CACGAGTTCTTTACTTGAAA,27,4557436
ybaY_predicted,0.7222222222222222,60,35,CACAGATGATCTTATTATCG,25,4577701
ybaY_predicted,0.5277777777777778,53,35,CACACTGGTTTGAGTGTCTG,18,4550184
ybaY_predicted,0.25,43,35,CAAAAGTTACACGCGGTAGG,8,4560255
ybaY_predicted,0.6666666666666666,58,35,ATTACGTCGGGCGTCCGTAT,23,4565795
ybaY_predicted,0.8333333333333334,64,35,ATGCACCATTGCAATAGCTC,29,4551908
ybaY_predicted,0.05555555555555555,36,35,ATCGGACCGCCGAGATATGA,1,4575799
ybaY_predicted,1.4444444444444444,86,35,ATCGCCAGTAGAATAAACGG,51,4588757
ybaY_predicted,1.5,88,35,ATACCATCCTCGTGCTCGAT,53,4561951
ybaY_predicted,0.5277777777777778,53,35,AGGAGTGGGCCGTGCTGTAA,18,4557009
ybaY_predicted,0.1111111111111111,38,35,AGGAAAAAGCCAATTACCCA,3,4582141
ybaY_predicted,0.8333333333333334,64,35,AGCCTGGTGGGGCTGAGAGT,29,4564574
ybaY_predicted,2.2222222222222223,114,35,ACTCTGGGCCTAAAAACAGT,79,4544370
ybaY_predicted,1.6388888888888888,93,35,ACTCAGACAGTGATTGTCCT,58,4592453
ybaY_predicted,0.5277777777777778,53,35,ACTAGTGGTTGCACTCAACT,18,4557471
ybaY_predicted,0.4722222222222222,51,35,ACGTAGGACGCCAATCTCTT,16,4567117
ybaY_predicted,0.5277777777777778,53,35,ACGCTCGTGTTGGGGGGAAG,18,4577111
ybaY_predicted,0.5833333333333334,55,35,ACCTTAAACCTGTTAGTACA,20,4579800
ybaY_predicted,0.3888888888888889,48,35,ACCTAACAGACGGGTTGTTA,13,4593592
ybaY_predicted,0.05555555555555555,36,35,ACATGCGAATGACGTAGTAA,1,4596561
ybaY_predicted,0.7222222222222222,60,35,AAGGCACTGTGCGCCGGACC,25,4599542
ybaY_predicted,1.1944444444444444,77,35,AAGAGCGGAAAAAGGGCGGG,42,4597833
ybaY_predicted,0.05555555555555555,36,35,AAACCTCTCGGTTAAGAACA,1,4586663
ybaY_predicted,1.2285714285714286,76,34,TTTGTGGGAGGAGGTAAACG,42,4551226
ybaY_predicted,1.1142857142857143,72,34,TTGCTACCGACCGACGTGTT,38,4575603
ybaY_predicted,0.22857142857142856,41,34,TTCGCAGGCCGTAATCCAAT,7,4547180
ybaY_predicted,0.2571428571428571,42,34,TTCCAGGCTCCCAAAACCCC,8,4558891
ybaY_predicted,1.0857142857142856,71,34,TTAAGACGTAACGTCTTCAC,37,4544671
ybaY_predicted,0.2857142857142857,43,34,TGTTCCGCCGGCTAGCATTG,9,4576924
ybaY_predicted,0.8285714285714286,62,34,TCTTTTCCCGCTCGTGCTGA,28,4546716
ybaY_predicted,1.0285714285714285,69,34,TCTCTTACACGTTCCACACC,35,4575512
ybaY_predicted,0.9142857142857143,65,34,TCGGATTGGGATGAATCAAA,31,4570832
ybaY_predicted,0.42857142857142855,48,34,TCCGTGCTAGGTTGGTCGAT,14,4574647
ybaY_predicted,1.8571428571428572,98,34,TCCGACAGCTACATCCATAA,64,4593206
ybaY_predicted,0.8857142857142857,64,34,TCCGAAGCTATGTCTAGGAC,30,4552176
ybaY_predicted,0.2571428571428571,42,34,TCCACTTCACTGCGTTTGAA,8,4578026
ybaY_predicted,1.3428571428571427,80,34,TATTTTCAGGTCGCTGCTAC,46,4568792
ybaY_predicted,0.11428571428571428,37,34,TATAACGGGATAAGCGTGCT,3,4580392
ybaY_predicted,0.5142857142857142,51,34,TAGGTGGTGCAAATCAGTAA,17,4550427
ybaY_predicted,2.3142857142857145,114,34,TAGGCCGCGCAAGAAACTTT,80,4562187
ybaY_predicted,0.7714285714285715,60,34,GTTCACCTCAGGCTCCTCGA,26,4553422
ybaY_predicted,1.8857142857142857,99,34,GTGTACACAAGTGTTTTGGT,65,4567730
ybaY_predicted,0.9428571428571428,66,34,GGGTCCGTGAGCATCCACAG,32,4591801
ybaY_predicted,0.08571428571428572,36,34,GCTTGGACGAGCGGTCGTGT,2,4587376
ybaY_predicted,0.5714285714285714,53,34,GCTTAGCTTACACTAATGTT,19,4546379
ybaY_predicted,0.8285714285714286,62,34,GCTGCCCTGTACGTAGGTGC,28,4567259
ybaY_predicted,0.14285714285714285,38,34,GCCTCATACTCAGCATGATG,4,4572487
ybaY_predicted,0.3142857142857143,44,34,GCCATCATGATTGTTTCAGT,10,4545853
ybaY_predicted,2.4571428571428573,119,34,GATTGTCTCAAACTCATTGC,85,4547087
ybaY_predicted,1.8285714285714285,97,34,CTTTATCCCTACAGAGTGGA,63,4591206
ybaY_predicted,1.0857142857142856,71,34,CTCTCCGGAGTTGACTGAAG,37,4554593
ybaY_predicted,0.05714285714285714,35,34,CGTTTTTGATATGACACACA,1,4569715
ybaY_predicted,0.8857142857142857,64,34,CGTTCTTAAGTACATTCGGG,30,4576732
ybaY_predicted,0.4857142857142857,50,34,CGTGGCGTGGAATAAACAAC,16,4567861
ybaY_predicted,0.6,54,34,CGGGGCTCGGCACCCCCGTC,20,4591775
ybaY_predicted,0.5142857142857142,51,34,CGGGCATAACTTCATCGTTA,17,4600130
ybaY_predicted,0.05714285714285714,35,34,CGCTTCTGCTGTATAAGGCG,1,4575461
ybaY_predicted,1.2285714285714286,76,34,CGCTTACTGCCGATGCGAAT,42,4579056
ybaY_predicted,0.9428571428571428,66,34,CGAAGCGAGGTACACAGCAA,32,4556665
ybaY_predicted,0.14285714285714285,38,34,CGAACTGAGAGACTGCACAT,4,4582388
ybaY_predicted,0.6571428571428571,56,34,CCGGGTCATATCGAAGCGCC,22,4553182
ybaY_predicted,0.05714285714285714,35,34,CCGCAGAACTGCTGTTAGCA,1,4594094
ybaY_predicted,2.8,131,34,CATTGGATGCCCCAAGAGAT,97,4545180
ybaY_predicted,0.6285714285714286,55,34,CATGTCGTGTGCTCGGGATA,21,4592296
ybaY_predicted,0.05714285714285714,35,34,CAGGTAATCATCGGGAAACT,1,4573501
ybaY_predicted,0.11428571428571428,37,34,CAGGGTTATATATAGACTTA,3,4550291
ybaY_predicted,0.11428571428571428,37,34,CAGCCTTCTGGGATCTTCTT,3,4572375
ybaY_predicted,0.45714285714285713,49,34,CAATTATAGCCCCCGCTAGC,15,4576399
ybaY_predicted,0.8857142857142857,64,34,CAATTAAGTAGTCCTCCGAA,30,4584485
ybaY_predicted,1.7714285714285714,95,34,CAATAATCCTAGTGCTATGC,61,4569716
ybaY_predicted,0.8,61,34,CAACGTGTAGGTTTCCTTAT,27,4595770
ybaY_predicted,0.2571428571428571,42,34,ATTCTACTCTATCCCTGTCC,8,4552036
ybaY_predicted,0.6,54,34,ATGCGAACCTGTCTCAATTG,20,4572805
ybaY_predicted,0.3142857142857143,44,34,ATCACCGGATCACATCCAGT,10,4562820
ybaY_predicted,0.7428571428571429,59,34,AGTAATGTTTTTAGCCACCA,25,4558258
ybaY_predicted,0.7142857142857143,58,34,ACGTCTATTCCACAAGGTGG,24,4582134
ybaY_predicted,0.8285714285714286,62,34,ACGTCACAGCGTCGTCCCAA,28,4575916
ybaY_predicted,0.14285714285714285,38,34,ACGGCACTCTAATCGAAGCC,4,4557605
ybaY_predicted,1.0571428571428572,70,34,ACGCTCTTATCCTCTGGTCC,36,4547241
ybaY_predicted,0.05714285714285714,35,34,ACCTGACGGTAGGAAACCAC,1,4552571
ybaY_predicted,1.5714285714285714,88,34,ACCAATTGTTCCCCAACGCT,54,4565137
ybaY_predicted,0.8285714285714286,62,34,AATTCGGTTCTTTTCGTGTA,28,4562674
ybaY_predicted,0.8857142857142857,64,34,AATCGGGTATCCTAAAACTA,30,4567528
ybaY_predicted,1.1714285714285715,74,34,AAGGCCGATATTACGACTAG,40,4553810
ybaY_predicted,0.08571428571428572,36,34,AAGCGGCAAAATACGTTCTA,2,4588772
ybaY_predicted,0.14285714285714285,38,34,AACGTGGTACCGAACCAAAA,4,4600353
ybaY_predicted,1.2571428571428571,77,34,AAATCGGCAAGTCAAGCTAG,43,4556544
ybaY_predicted,1.0,68,34,AAAGGCGAGCGAACATCGAG,34,4546138
ybaY_predicted,0.6176470588235294,53,33,TTTCACGTACTGACACGCGT,20,4575828
ybaY_predicted,0.7058823529411765,56,33,TTGGAGCGCACGTCACGCAA,23,4571365
ybaY_predicted,1.9705882352941178,99,33,TTGCCCGAGCGAGGGCATCA,66,4581183
ybaY_predicted,0.9705882352941176,65,33,TTGACGACTTCCTAAAGCTA,32,4596673
ybaY_predicted,1.2647058823529411,75,33,TTCCTATGTCTCAGTTTACT,42,4593254
ybaY_predicted,5.735294117647059,227,33,TGTTGCCTTGCCCCGTGCAA,194,4562167
ybaY_predicted,0.6470588235294118,54,33,TGTGGTTGATCCCCTTCGAC,21,4565488
ybaY_predicted,1.5294117647058822,84,33,TGGGCTCTTTCTCCTAATTC,51,4555599
ybaY_predicted,0.7058823529411765,56,33,TGCGAATTTGCGCCGTATAA,23,4562764
ybaY_predicted,0.8529411764705882,61,33,TGAAATTTCAACTGCTCGAA,28,4577437
ybaY_predicted,0.058823529411764705,34,33,TCGCGCCCAACCTAGCGACA,1,4591175
ybaY_predicted,2.1176470588235294,104,33,TCACCTAAAAAAACAATGCC,71,4590429
ybaY_predicted,0.08823529411764706,35,33,TCAAGATGAGATGAAAAATA,2,4546032
ybaY_predicted,0.8235294117647058,60,33,TATTAATGACATCTACAGAC,27,4545719
ybaY_predicted,1.411764705882353,80,33,TAGCTAGGGGCCAAGGGTCA,47,4550903
ybaY_predicted,0.11764705882352941,36,33,TAAACCTTCTGAATGTCGTT,3,4568595
ybaY_predicted,0.5,49,33,GTTGGTCTCGTTAAGGCGGA,16,4552083
ybaY_predicted,1.2352941176470589,74,33,GTTATTGACATATACTGGAT,41,4551177
ybaY_predicted,0.35294117647058826,44,33,GTTAGCAAGTCAACATGACA,11,4551922
ybaY_predicted,0.08823529411764706,35,33,GTGGGTCTAGCAAGCCAATA,2,4578730
ybaY_predicted,0.35294117647058826,44,33,GTCCTTCGAGGGAGGAGGAA,11,4574817
ybaY_predicted,0.11764705882352941,36,33,GGTTACCAATCGTACAATCC,3,4573754
ybaY_predicted,0.5882352941176471,52,33,GGTGTGGCTAGCGTGTTCCT,19,4597910
ybaY_predicted,1.2352941176470589,74,33,GGCTCACGCCTTTGGGAGTG,41,4571474
ybaY_predicted,1.6176470588235294,87,33,GGCCGTATTAGGTGACGTTG,54,4571151
ybaY_predicted,0.7647058823529411,58,33,GGACTACATGAGGGATCGCA,25,4581048
ybaY_predicted,0.8529411764705882,61,33,GGACAAACCGCATGCATAGG,28,4578896
ybaY_predicted,0.6764705882352942,55,33,GCTCTACCGCCTGTTAATGC,22,4553006
ybaY_predicted,0.3235294117647059,43,33,GCGCATAGAAACCATCTACA,10,4567033
ybaY_predicted,0.3235294117647059,43,33,GCCCGGGTGCAGCCCCCCTA,10,4569555
ybaY_predicted,1.6470588235294117,88,33,GCAAGACCAGACCGCACCAT,55,4560395
ybaY_predicted,1.7058823529411764,90,33,GATATGCGAGATTTTTGGTA,57,4550740
ybaY_predicted,0.3235294117647059,43,33,GAGGCGTGCAATTATTGCGA,10,4584034
ybaY_predicted,1.3529411764705883,78,33,GAGAATGTCGGGCTGTCAAC,45,4561740
ybaY_predicted,0.08823529411764706,35,33,CTTCTTATGAAGGGTCGCGT,2,4560913
ybaY_predicted,0.5,49,33,CTTAGAGAGCGGACAATCCG,16,4552513
ybaY_predicted,0.058823529411764705,34,33,CTGCTTAGGTTGGCATATTG,1,4584342
ybaY_predicted,3.5,151,33,CTCTACTGTCATTCGTTGAA,118,4579437
ybaY_predicted,0.5,49,33,CTCAGGCCAGTATCGTGAGT,16,4594885
ybaY_predicted,0.7058823529411765,56,33,CGTGCAAATTGAAGTTTACT,23,4585186
ybaY_predicted,3.9705882352941178,167,33,CGTCATCGTTGTCACTATCC,134,4581740
ybaY_predicted,0.7647058823529411,58,33,CGCACGCGGGGCCAACTACA,25,4577841
ybaY_predicted,0.058823529411764705,34,33,CCTCCTCGACTACAGTCATT,1,4589416
ybaY_predicted,0.8529411764705882,61,33,CCGTCGAAAGGAAAATGTGT,28,4592468
ybaY_predicted,0.08823529411764706,35,33,CCAGTGGCGTATGTCCCAGG,2,4549787
ybaY_predicted,0.4117647058823529,46,33,CCACGGGACGCATTTCATTA,13,4596247
ybaY_predicted,0.38235294117647056,45,33,CATTCTACGGATGTAGATTA,12,4547484
ybaY_predicted,2.0294117647058822,101,33,CATAGGTTAACCACGCGATG,68,4545245
ybaY_predicted,0.4117647058823529,46,33,CAGGATGGGCATCACACCAA,13,4548246
ybaY_predicted,0.23529411764705882,40,33,CAGCCATCGAGAATTAGCGT,7,4556828
ybaY_predicted,2.176470588235294,106,33,CACCAGCGGCTTGTTACTTA,73,4545228
ybaY_predicted,1.3235294117647058,77,33,ATCCTTCACGTTGTCAACAT,44,4557235
ybaY_predicted,0.6176470588235294,53,33,ATCAAACGATACTTCTTAAA,20,4569331
ybaY_predicted,0.4117647058823529,46,33,ATATCGAAAATGTACGCGCC,13,4578979
ybaY_predicted,0.6176470588235294,53,33,ATAGGTAGGAAGTGCGGTAG,20,4557318
ybaY_predicted,1.8529411764705883,95,33,ATAGAATTTTCAAGCTATTG,62,4595084
ybaY_predicted,0.058823529411764705,34,33,ATAATTGGAAGATATCTGGT,1,4588117
ybaY_predicted,0.4117647058823529,46,33,AGGTTCAAATAACTTTAGAT,13,4561127
ybaY_predicted,0.8235294117647058,60,33,AGATTAGGGTCTTTAAGCGG,27,4550020
ybaY_predicted,1.1470588235294117,71,33,AGAGGAACTGTTCTGCTGTG,38,4544960
ybaY_predicted,0.7352941176470589,57,33,AGACTCGAACTCTGCTATTA,24,4575121
ybaY_predicted,1.4411764705882353,81,33,AGACGGCCAGAGTCGCAATG,48,4562112
ybaY_predicted,0.6764705882352942,55,33,AGACAGGTTGAACTTTGTGG,22,4579950
ybaY_predicted,0.058823529411764705,34,33,AGACACATGCCAACTGTCCG,1,4561201
ybaY_predicted,0.8823529411764706,62,33,ACTTACGGCCTGTATGCTAC,29,4562675
ybaY_predicted,0.058823529411764705,34,33,ACTGGGACGCAAAACTGGCA,1,4548718
ybaY_predicted,0.29411764705882354,42,33,ACTAAACATGACATACGTAA,9,4596915
ybaY_predicted,0.08823529411764706,35,33,ACGTTTGATGATCTCAGTGC,2,4584977
ybaY_predicted,0.29411764705882354,42,33,ACGTTAGTCGTTACATGATT,9,4600005
ybaY_predicted,0.47058823529411764,48,33,ACCCTCTTACAATGGCTGTT,15,4559269
ybaY_predicted,0.2647058823529412,41,33,ACAGCGTCGATCTGAGCAGA,8,4568144
ybaY_predicted,0.058823529411764705,34,33,AATGTACGTCGCTTGCGTGA,1,4565810
ybaY_predicted,0.29411764705882354,42,33,AAGCTTTCGTCTGTAGGATT,9,4597928
ybaY_predicted,1.3235294117647058,77,33,AACCATGCGAGCTAGGAACT,44,4578799
ybaY_predicted,0.058823529411764705,34,33,AAACGCATTGCTGTGATTTA,1,4593044
ybaY_predicted,2.757575757575758,122,32,TTTGTGTTGGGGTATCGTCG,90,4587056
ybaY_predicted,0.8787878787878788,60,32,TTTAACAAGTGTGGTACTGG,28,4557050
ybaY_predicted,0.06060606060606061,33,32,TTGACGGACACAGCCCAGTG,1,4573883
ybaY_predicted,1.2424242424242424,72,32,TTAGAGACATCGTGCCATGA,40,4553227
ybaY_predicted,1.393939393939394,77,32,TGCGAGGAAGCGTCATTTTG,45,4595947
ybaY_predicted,1.1818181818181819,70,32,TGACCGTTGCCTCGCGGCAA,38,4580573
ybaY_predicted,3.090909090909091,133,32,TCTAGGTAAAGTTTTAGTGA,101,4577925
ybaY_predicted,0.24242424242424243,39,32,TCCGCTATCCATCCGAAGTC,7,4571122
ybaY_predicted,0.7575757575757576,56,32,TCATCATCCGGCTCGTTGGG,24,4583881
ybaY_predicted,0.8484848484848485,59,32,TAACACTTTTTTTTTAGATT,27,4579769
ybaY_predicted,0.696969696969697,54,32,GTTTCGAGATAGGATTTTAA,22,4558055
ybaY_predicted,0.8787878787878788,60,32,GTTTCAAACATGAAGAAGAG,28,4554363
ybaY_predicted,0.06060606060606061,33,32,GTTAGCCCAGAGATTTGCGA,1,4562092
ybaY_predicted,0.36363636363636365,43,32,GTGGAAGTGTTGATAGCCTG,11,4583689
ybaY_predicted,1.5151515151515151,81,32,GGGGGTTCAACAAAAACTTA,49,4563718
ybaY_predicted,0.6666666666666666,53,32,GGACTAAGGTTGATGTTTAG,21,4567763
ybaY_predicted,0.696969696969697,54,32,GGACCTGAGTACAAAGGTAC,22,4562176
ybaY_predicted,1.2727272727272727,73,32,GCTACGCTCATAGAGGATTC,41,4563874
ybaY_predicted,4.242424242424242,171,32,GCGTCCAATAGGATGGTTTA,139,4561429
ybaY_predicted,0.7575757575757576,56,32,GCGCTGGGCTCTCGTTGTGT,24,4556706
ybaY_predicted,1.6666666666666667,86,32,GCCGTAGCATTGCTAGGTAA,54,4583969
ybaY_predicted,1.7878787878787878,90,32,GCCCCAGTTAAGAACACCTT,58,4553475
ybaY_predicted,1.2727272727272727,73,32,GCCAGATCTCGGTGTCCCCC,41,4581189
ybaY_predicted,0.18181818181818182,37,32,GATCATGGCGATTGCCCGGG,5,4593570
ybaY_predicted,0.5757575757575758,50,32,GAGCGCTCCGGGTTGGACAC,18,4551621
ybaY_predicted,0.7878787878787878,57,32,GACTAAAAAGATTCTCGAAA,25,4559425
ybaY_predicted,2.4242424242424243,111,32,GACCAATATAGCAGTCGCAA,79,4561853
ybaY_predicted,9.696969696969697,351,32,CTTCGCTACTTGTGACGGTA,319,4562170
ybaY_predicted,0.18181818181818182,37,32,CTCAGGAAGTGGACTCTATT,5,4575528
ybaY_predicted,1.121212121212121,68,32,CTATGGGAGGGAACATCTAA,36,4563333
ybaY_predicted,0.9696969696969697,63,32,CGTATAGCCATCCGGAATGT,31,4597966
ybaY_predicted,3.090909090909091,133,32,CGGTGTAAAATAGCCCGCAG,101,4597069
ybaY_predicted,0.5757575757575758,50,32,CGGGCTCACACGTCATGATC,18,4573021
ybaY_predicted,0.2727272727272727,40,32,CCTCGCCTGTTACTCCTGGG,8,4591887
ybaY_predicted,1.2121212121212122,71,32,CCTAGCGGCATCATCGCCCG,39,4593445
ybaY_predicted,0.36363636363636365,43,32,CCGTGTGAAGTGTCGAGTTC,11,4564307
ybaY_predicted,0.06060606060606061,33,32,CCGGTTCATTTGGAGAACGT,1,4560274
ybaY_predicted,0.09090909090909091,34,32,CCGAGAGGAATATCGAGTTA,2,4561473
ybaY_predicted,0.6060606060606061,51,32,CCAGTCGTTCATTATATAAT,19,4574301
ybaY_predicted,0.18181818181818182,37,32,CCACGAGTGCGCTTACCGAG,5,4546819
ybaY_predicted,1.3636363636363635,76,32,CATTGAAGAAAATAGGTTAT,44,4551955
ybaY_predicted,0.696969696969697,54,32,CATTCCGAAACCGACTGATG,22,4555910
ybaY_predicted,2.1818181818181817,103,32,CATCTAATAGCGAGCCCGGA,71,4553472
ybaY_predicted,1.121212121212121,68,32,CAGTAGGTGGCAGATCACAT,36,4550385
ybaY_predicted,0.5757575757575758,50,32,CAGGTGAAAAGCGGGAACTT,18,4578389
ybaY_predicted,1.3636363636363635,76,32,CAGAATTCCCATTTCGGATA,44,4544860
ybaY_predicted,0.30303030303030304,41,32,CACACTGGGCCCCCTTGTGT,9,4547184
ybaY_predicted,0.3939393939393939,44,32,CAATTCCTAATAGGGTGTTC,12,4573939
ybaY_predicted,2.515151515151515,114,32,CAATATAGAAGGGCCATTTT,82,4600328
ybaY_predicted,0.06060606060606061,33,32,ATTAAACAAAATGGAGGTAG,1,4565956
ybaY_predicted,0.5757575757575758,50,32,ATGCGATTCTGCTGGTTCTT,18,4577985
ybaY_predicted,0.21212121212121213,38,32,ATCACCTACGGCGCGCAAAC,6,4564872
ybaY_predicted,0.06060606060606061,33,32,AGATCATATGGAAGAGGAAG,1,4566212
ybaY_predicted,0.696969696969697,54,32,ACTATCTTAACTCTTTAATT,22,4586216
ybaY_predicted,0.45454545454545453,46,32,ACGAGGAAACAGAACGGTAA,14,4593118
ybaY_predicted,1.2424242424242424,72,32,AATGTTATGCTGGCGGGTGA,40,4564561
ybaY_predicted,0.2727272727272727,40,32,AATGGGCTGGACGAATGAGG,8,4572044
ybaY_predicted,1.4545454545454546,79,32,AATGATAATCTCTGGCGGAC,47,4599267
ybaY_predicted,2.757575757575758,122,32,AACTTGGTCACACTCCTCCA,90,4557818
ybaY_predicted,1.4545454545454546,79,32,AACTCCTGCAGTAATTAATC,47,4598550
ybaY_predicted,0.84375,57,31,TTTTTCGTGATGTTTGGCAA,26,4556000
ybaY_predicted,0.75,54,31,TTTCTAATGAAAGCAGGCTG,23,4567374
ybaY_predicted,0.0625,32,31,TTGTGCCTCAACGATACTCT,1,4590488
ybaY_predicted,0.0625,32,31,TTGGGGGGGTTGCACCACAT,1,4568317
ybaY_predicted,0.0625,32,31,TTGCAGGGAGAGAGACACGT,1,4548203
ybaY_predicted,1.15625,67,31,TTCGCTCAGTCAAGGTCTCT,36,4565604
ybaY_predicted,0.4375,44,31,TGTCGAAGCGATGATACGGA,13,4583915
ybaY_predicted,0.46875,45,31,TGGTCCCTCCGCCCGCCGTT,14,4546090
ybaY_predicted,1.84375,89,31,TGGTCCACACCTATATACCA,58,4561401
ybaY_predicted,0.21875,37,31,TGGCATTCCCTTGTGATCGA,6,4560627
ybaY_predicted,0.78125,55,31,TCTTTATTGCGTTAGCTGGC,24,4553598
ybaY_predicted,0.375,42,31,TCGATTAAAGCACATGTGTA,11,4580590
ybaY_predicted,0.09375,33,31,TCCAGGAGATTTCAATTAAA,2,4568692
ybaY_predicted,1.0625,64,31,TCAGAATTACACCACAACCT,33,4600161
ybaY_predicted,1.1875,68,31,TATCCGAGTTAGATACAGGG,37,4549883
ybaY_predicted,2.71875,117,31,TAGGGCTTGACACCGTCAAT,86,4572431
ybaY_predicted,1.46875,77,31,TAGGAACAGACAACAAACGA,46,4566971
ybaY_predicted,1.21875,69,31,TAGCGAATCCGTGCATCCAT,38,4591891
ybaY_predicted,1.34375,73,31,TAGCCTTACTCCAAGGCTCA,42,4547092
ybaY_predicted,1.9375,92,31,TAGCATATCTTGATTGCACC,61,4556295
ybaY_predicted,2.5,110,31,TACTGCGAGTGGTTGAGTCT,79,4579918
ybaY_predicted,0.375,42,31,TACGTTCTACTTACTGCGTT,11,4562882
ybaY_predicted,2.21875,101,31,TACGATTCGGATATAGCAAC,70,4567713
ybaY_predicted,2.125,98,31,TACCGAACCACTGAACATGT,67,4572711
ybaY_predicted,3.625,146,31,GTTTCGCTTATTGAACATCC,115,4595966
ybaY_predicted,0.1875,36,31,GTGATCAAAAGGTACCTGTA,5,4560037
ybaY_predicted,0.40625,43,31,GGTGCAGGCTGCCCACGCCG,12,4558086
ybaY_predicted,0.9375,60,31,GGTCGGAGTAGGTTGGCAAC,29,4564450
ybaY_predicted,0.1875,36,31,GCGGTATGAGCGGCTAATTA,5,4556102
ybaY_predicted,0.59375,49,31,GCGATCGGTGCCCTGGTGTA,18,4581611
ybaY_predicted,0.75,54,31,GCACTCCATACCCTGCGAGA,23,4563658
ybaY_predicted,1.59375,81,31,GCACGGGCGGGGGCGATACT,50,4569617
ybaY_predicted,1.25,70,31,GAGTTCTTAAGCACTTGAGT,39,4576445
ybaY_predicted,1.1875,68,31,GACAGTTGGGACTGTGCACG,37,4560050
ybaY_predicted,0.28125,39,31,GAACGTCGCAGGGATCGAAC,8,4574935
ybaY_predicted,1.40625,75,31,CTTGGGCGATGGAGGCGTGG,44,4550736
ybaY_predicted,0.65625,51,31,CTTCCAATCGGCTAGTGATG,20,4555297
ybaY_predicted,2.46875,109,31,CTTATGAATGTTACACATGA,78,4551038
ybaY_predicted,1.53125,79,31,CTGATTGGGCAATAGGCTAA,48,4581421
ybaY_predicted,0.125,34,31,CTCAAGGGTTCCACCAAGTA,3,4565094
ybaY_predicted,0.25,38,31,CTATGAAACCTATGTCGTAG,7,4579537
ybaY_predicted,0.0625,32,31,CTACAAGCTGGAGAAACTGG,1,4550021
ybaY_predicted,1.0625,64,31,CGTTGTTCCATCTCCCCTGT,33,4582001
ybaY_predicted,1.03125,63,31,CGTGGCGCCTCACCCTGATT,32,4552593
ybaY_predicted,0.5625,48,31,CGGCCATAACAGTACGCGGC,17,4548245
ybaY_predicted,0.40625,43,31,CCTAGTATGTCCATGGAAGA,12,4573023
ybaY_predicted,1.40625,75,31,CCGATGTAGGCTTGCGGACA,44,4548529
ybaY_predicted,0.09375,33,31,CCCGTAAAAGTTGTCGTAAG,2,4573836
ybaY_predicted,0.84375,57,31,CCCCAGCGGAGGCGGGTATG,26,4597425
ybaY_predicted,1.375,74,31,CATTGGTGGCTCGGGTTCCT,43,4557793
ybaY_predicted,0.8125,56,31,CACGGGTACCGGTGTGCTCC,25,4600556
ybaY_predicted,1.3125,72,31,CACATTTTCCGTTCGGGGTG,41,4554453
ybaY_predicted,0.0625,32,31,CAAGCCGTGAGGATTGCGAG,1,4573141
ybaY_predicted,2.0625,96,31,CAAGCCGATTCTCTCGGCAG,65,4597098
ybaY_predicted,0.90625,59,31,CAACTCAAGATTCACTCGGA,28,4562253
ybaY_predicted,0.34375,41,31,CAACGCGGCGACTAAGGGCA,10,4590277
ybaY_predicted,2.59375,113,31,CAACAGGAAGGCGTTCTTTG,82,4546305
ybaY_predicted,0.40625,43,31,ATTAAGCCAACCTGTTAATA,12,4565764
ybaY_predicted,0.5,46,31,ATGGAAAATAGTTAGCTCAT,15,4556047
ybaY_predicted,0.09375,33,31,AGAGGGAGGGTTCTTAACAG,2,4559147
ybaY_predicted,0.0625,32,31,AGACCCACCATCACGTCTTC,1,4546477
ybaY_predicted,0.75,54,31,ACTCTCTACCTTGAGGGTGC,23,4562728
ybaY_predicted,0.0625,32,31,ACGCCTCCATACGAACCATA,1,4582571
ybaY_predicted,0.0625,32,31,ACATTCAAGCGTGGGACGGT,1,4547425
ybaY_predicted,0.375,42,31,ACAATTTTACGGGGGGACAA,11,4568993
ybaY_predicted,1.71875,85,31,ACAAGGAAGTCGCGACTTAA,54,4588233
ybaY_predicted,0.6875,52,31,ACAACCGCTTCTATATCAAT,21,4574122
ybaY_predicted,2.53125,111,31,AATGATAGTTCCTTGTGATT,80,4567959
ybaY_predicted,1.5806451612903225,78,30,TTCGGAACTCATCCTGCCCT,48,4583265
ybaY_predicted,0.8064516129032258,54,30,TTCCGTCAACGAACGTACCT,24,4575515
ybaY_predicted,0.06451612903225806,31,30,TGGGGAACCTAACGACTTGT,1,4572213
ybaY_predicted,1.8709677419354838,87,30,TGGATACGGTTATCGGGTGT,57,4577077
ybaY_predicted,0.3548387096774194,40,30,TGCTCCCAGAAGTCTACGAA,10,4557126
ybaY_predicted,0.3870967741935484,41,30,TGCTATACGAGAGGCAGGAT,11,4551763
ybaY_predicted,0.3870967741935484,41,30,TGCGACGAAGGTGGTTTGGA,11,4548208
ybaY_predicted,0.3548387096774194,40,30,TCTAGCGAGCAACGAGGCAT,10,4549494
ybaY_predicted,0.06451612903225806,31,30,TCGGGTCACTCACTTGGCTG,1,4546059
ybaY_predicted,1.2258064516129032,67,30,TCGGGCCTTCTAAGACGACA,37,4592693
ybaY_predicted,1.3870967741935485,72,30,TCAGAATCAAGTGCGCCAAG,42,4583175
ybaY_predicted,1.3870967741935485,72,30,TCACCACCCATGTCATTCGT,42,4571361
ybaY_predicted,0.06451612903225806,31,30,TATTTCTGGGAGCAGTTTGA,1,4552331
ybaY_predicted,1.1612903225806452,65,30,TAGGCCATAGCTTTGTGGCT,35,4581350
ybaY_predicted,0.6774193548387096,50,30,TAGAGGTGTCCGTCGGCAAT,20,4569148
ybaY_predicted,0.5483870967741935,46,30,TACTCGTGGTACTATTATTT,16,4560751
ybaY_predicted,0.06451612903225806,31,30,TACGTATACTAAGCCTCGAC,1,4593811
ybaY_predicted,0.45161290322580644,43,30,GTTCGATTTCTGGAGATCTT,13,4551713
ybaY_predicted,4.32258064516129,163,30,GTCCCAGGCCTCCATATGCA,133,4592419
ybaY_predicted,0.6129032258064516,48,30,GGTTGCCCTATAGGGCAGTT,18,4575614
ybaY_predicted,2.129032258064516,95,30,GGGTTCCTCGGTGCGACAAA,65,4583499
ybaY_predicted,0.6129032258064516,48,30,GGGCCTACGGAGAGCACTGT,18,4551039
ybaY_predicted,4.225806451612903,160,30,GGAAATTACAGGAAGTGTGG,130,4554966
ybaY_predicted,1.2258064516129032,67,30,GCTTAGCAACAGTTATAGCA,37,4565780
ybaY_predicted,0.6451612903225806,49,30,GCTCTCGCAAATCGGTAGTG,19,4565496
ybaY_predicted,0.7096774193548387,51,30,GCGTCGTTGGTTGCTTGTTA,21,4545503
ybaY_predicted,0.41935483870967744,42,30,GCGATCGCTCCAGTAGGAGC,12,4562340
ybaY_predicted,2.2580645161290325,99,30,GCCGGGTCGGCACCATCCTA,69,4574819
ybaY_predicted,0.967741935483871,59,30,GCCCCCCGTTCCAGCATTAT,29,4583364
ybaY_predicted,1.1290322580645162,64,30,GCATGAAGCAGGGGGGTAAT,34,4554157
ybaY_predicted,1.1935483870967742,66,30,GCACCGAATTGAGATCATAG,36,4565138
ybaY_predicted,0.6129032258064516,48,30,GATGGGGTCCTTTTGAGTGT,18,4550095
ybaY_predicted,4.935483870967742,182,30,GATCGATGTAAGAGCCACGA,152,4562535
ybaY_predicted,1.967741935483871,90,30,GAGTTGGGTTGGGTTACTAA,60,4551764
ybaY_predicted,0.6774193548387096,50,30,GAGTCTTCATATCAATTATG,20,4573062
ybaY_predicted,0.41935483870967744,42,30,GACTTCTACGCAGCGCAGAG,12,4577249
ybaY_predicted,0.41935483870967744,42,30,GAAGTTGCGTGATGCTTCCC,12,4552346
ybaY_predicted,0.16129032258064516,34,30,GAACTACACGTAAGAGTTAT,4,4555970
ybaY_predicted,0.7419354838709677,52,30,CTGTCGTCGAACAAACAGCA,22,4555680
ybaY_predicted,1.2580645161290323,68,30,CTGGAAGGTAGTAACAGGCA,38,4547179
ybaY_predicted,0.0967741935483871,32,30,CTCAGTGTATGCCGGAGTTC,2,4580331
ybaY_predicted,0.16129032258064516,34,30,CTCAGCGGTCATCTTTGCTC,4,4576735
ybaY_predicted,0.22580645161290322,36,30,CGTCTGTACATCAAACAACT,6,4579308
ybaY_predicted,0.967741935483871,59,30,CGTAGTCAACCTGATTTGGG,29,4552039
ybaY_predicted,0.06451612903225806,31,30,CGCTGTTCCATGGGGCATAA,1,4565756
ybaY_predicted,0.41935483870967744,42,30,CCTAGTTTAGTGCGCGTTTC,12,4578932
ybaY_predicted,0.9032258064516129,57,30,CCGCGTCACGCGGCTATTCA,27,4575794
ybaY_predicted,0.06451612903225806,31,30,CCGATCAAGAAAATGGCCAC,1,4567624
ybaY_predicted,0.0967741935483871,32,30,CCCCGGCAGCGGAAAATTTC,2,4553881
ybaY_predicted,0.41935483870967744,42,30,CCCCCATCCGTGTAGATTTT,12,4566000
ybaY_predicted,0.8709677419354839,56,30,CCAGCAGCCCTGCAGTCTTA,26,4597093
ybaY_predicted,2.129032258064516,95,30,CATAATCCTGTCAAAAGTGT,65,4581920
ybaY_predicted,0.06451612903225806,31,30,CATAACATAAGCTATGCAGA,1,4579474
ybaY_predicted,0.9354838709677419,58,30,CAAGTAAAGAGTTGGCTGCG,28,4558508
ybaY_predicted,0.06451612903225806,31,30,CAAGGGGTAGTCGGTGTTTA,1,4593446
ybaY_predicted,0.6451612903225806,49,30,ATCGTTCCGAGAGTACCCGT,19,4560635
ybaY_predicted,0.3870967741935484,41,30,ATCAGCATTGACGGCCCAGT,11,4578513
ybaY_predicted,0.4838709677419355,44,30,ATCACTTTGTTTGCAGGGTG,14,4556919
ybaY_predicted,0.45161290322580644,43,30,ATCACCACAGGGCTCCCTGC,13,4553709
ybaY_predicted,0.2903225806451613,38,30,AGTGTAACCATTTGGTTCAG,8,4554648
ybaY_predicted,1.5161290322580645,76,30,AGTAAGTGGTATTTGCGAAT,46,4548243
ybaY_predicted,0.06451612903225806,31,30,AGGAGCGATGGGTCCGCGAT,1,4552934
ybaY_predicted,0.5806451612903226,47,30,AGCATTGGTCATTATCTTCA,17,4562677
ybaY_predicted,0.7096774193548387,51,30,AGAGTCCGATTACCTCTATG,21,4544645
ybaY_predicted,0.3870967741935484,41,30,ACTTGGTCACATATCAGCAG,11,4568597
ybaY_predicted,3.129032258064516,126,30,ACTCTGACCATCGCATGATG,96,4544367
ybaY_predicted,2.6129032258064515,110,30,ACTACTATATCTCCGTGTTG,80,4596345
ybaY_predicted,1.0,60,30,ACGGTCCGGACTTAGGGCGC,30,4555474
ybaY_predicted,1.1612903225806452,65,30,ACGAATATGGCAGTTCCGAT,35,4579577
ybaY_predicted,1.5483870967741935,77,30,ACATCTATAAATGTCACCCC,47,4550782
ybaY_predicted,0.6774193548387096,50,30,ACATACGCTAATCTAGAAGC,20,4545901
ybaY_predicted,0.16129032258064516,34,30,AAGCATCAGTAAGTGGCATT,4,4585951
ybaY_predicted,0.4838709677419355,44,30,AAGACTCGTAGAATTGCCTG,14,4548063
ybaY_predicted,0.5806451612903226,47,30,AACTGTCCCGCAATTATGGA,17,4574656
ybaY_predicted,1.4838709677419355,75,30,AAAACGGTGTAGTGAGCAGA,45,4594311
ybaY_predicted,2.967741935483871,121,30,AAAAAAGCAGAAGCTGCCGT,91,4557143
ybaY_predicted,0.6,46,29,TTGAGCGAGCCGCTAGTGAT,17,4582322
ybaY_predicted,1.4666666666666666,72,29,TTATTTAAACGGTACCCTGT,43,4561772
ybaY_predicted,0.26666666666666666,36,29,TTACGAAGGGGGACCTCGGT,7,4558084
ybaY_predicted,1.5,73,29,TTACGAAATCTAGCCGCACA,44,4549975
ybaY_predicted,1.1333333333333333,62,29,TTAAATGCGTATGGTCCAGC,33,4571996
ybaY_predicted,0.5333333333333333,44,29,TGTGTCTGCCGACGCCGGAC,15,4577972
ybaY_predicted,0.9333333333333333,56,29,TGCGAATCATCAGTCTGTGT,27,4582859
ybaY_predicted,0.1,31,29,TGAGCAGGAGTCAGACTCGA,2,4544858
ybaY_predicted,0.16666666666666666,33,29,TGAATCTATACTGATGGCCC,4,4559238
ybaY_predicted,0.3,37,29,TCTCTAACTGGGTCGCTGTA,8,4544869
ybaY_predicted,0.5333333333333333,44,29,TCCTTTAGACAGTCGAAAGT,15,4557225
ybaY_predicted,0.1,31,29,TCCTGGCCGGTGGACTTCTG,2,4560794
ybaY_predicted,0.6666666666666666,48,29,TCCAAACACTGTGGGAGATA,19,4596235
ybaY_predicted,0.1,31,29,TCAAGGCAGTCTCTTTCGAC,2,4566676
ybaY_predicted,1.2333333333333334,65,29,TACCGGTGACCGTTCCGAAC,36,4593369
ybaY_predicted,0.7,49,29,TACAGCAGAGCTCGCTACCA,20,4579471
ybaY_predicted,0.8666666666666667,54,29,TAATAGATGAACTAATAACC,25,4576642
ybaY_predicted,0.06666666666666667,30,29,GTGCACTTATAGGACTAAGA,1,4585316
ybaY_predicted,0.5333333333333333,44,29,GGTATATACAGTAATACGTA,15,4589367
ybaY_predicted,2.3,97,29,GGCCATAGGTCTTTTAGCTT,68,4597129
ybaY_predicted,0.43333333333333335,41,29,GCCACCTTGTCTCCTGGGAC,12,4557008
ybaY_predicted,1.6666666666666667,78,29,GCAGCATTTTATATGCTTGC,49,4565569
ybaY_predicted,0.3333333333333333,38,29,GCACAGAGCCCGAAGGCAGT,9,4567022
ybaY_predicted,0.9,55,29,GCAAAGCGTTCACTTAGACT,26,4571779
ybaY_predicted,3.8666666666666667,144,29,GAATTGCGGGGTAAAGGATA,115,4556159
ybaY_predicted,1.0666666666666667,60,29,GAATAGGCAGACAAATAGTC,31,4591670
ybaY_predicted,0.9333333333333333,56,29,CTTGTAGAAGAATAATTAAG,27,4585045
ybaY_predicted,4.733333333333333,170,29,CTGGCTTTAATAGTCTAGGA,141,4565535
ybaY_predicted,0.06666666666666667,30,29,CTGCAGTGTTAGCTTTGGTC,1,4597018
ybaY_predicted,0.5333333333333333,44,29,CTATTATGCGCTTATGATCC,15,4591129
ybaY_predicted,0.16666666666666666,33,29,CTACTGGCAGCATGAAATGC,4,4554690
ybaY_predicted,0.26666666666666666,36,29,CGTGCATAGCCGATTAAAGG,7,4547140
ybaY_predicted,0.6,46,29,CGTCGAGTCGTCAGCATCAC,17,4589088
ybaY_predicted,1.2666666666666666,66,29,CGCATCGTAATTACATAGGC,37,4547752
ybaY_predicted,0.1,31,29,CGAGAGGGCACCATTAGCGA,2,4550077
ybaY_predicted,2.3,97,29,CGACAGAACCGGCTGTTGTC,68,4548872
ybaY_predicted,0.23333333333333334,35,29,CCGGCGTAAGGTAACCAAAC,6,4570946
ybaY_predicted,1.6333333333333333,77,29,CCGCTGGTCCAGAGTAACAT,48,4575836
ybaY_predicted,3.066666666666667,120,29,CCCGCTACCCGATGCTCTGG,91,4559330
ybaY_predicted,0.6666666666666666,48,29,CCATGTCTCACCGCAATAAC,19,4553447
ybaY_predicted,0.23333333333333334,35,29,CCAGGGCTTCGTGAAGAGTA,6,4587990
ybaY_predicted,1.6666666666666667,78,29,CATGTACTTGAAAGGTCGAT,49,4586006
ybaY_predicted,2.9,115,29,CAAATACGTCGGCATCATCG,86,4588110
ybaY_predicted,1.9666666666666666,87,29,ATTGTGACTTTACAAGTCCA,58,4563029
ybaY_predicted,0.06666666666666667,30,29,ATGGTTCTCTGAGCGCCATT,1,4582518
ybaY_predicted,0.06666666666666667,30,29,ATCACCCTTCGGCCCAGTTA,1,4600110
ybaY_predicted,0.3,37,29,AGTCCAGATGCTCTATCATC,8,4571044
ybaY_predicted,0.43333333333333335,41,29,AGCTGCCATAGATCAAGTTG,12,4574485
ybaY_predicted,0.7,49,29,AGCTCCGGAATTGCTCTCAT,20,4551755
ybaY_predicted,1.5333333333333334,74,29,AGAGGGTCGTATAGACTCAA,45,4563399
ybaY_predicted,1.1666666666666667,63,29,ACTTGCAGTCAGCTACCCAA,34,4560734
ybaY_predicted,0.7666666666666667,51,29,ACGCAACTGTATTGCGACCT,22,4553228
ybaY_predicted,0.4666666666666667,42,29,ACGAGGAGTCAAATTCACTG,13,4572485
ybaY_predicted,0.7666666666666667,51,29,ACCTAGCGTCCGTCCAGCGA,22,4591591
ybaY_predicted,0.06666666666666667,30,29,ACCGGGGAGTCGGGTTCGAG,1,4545638
ybaY_predicted,2.2,94,29,AATTACACAAATTTGAAAAT,65,4591781
ybaY_predicted,0.06666666666666667,30,29,AATCATCGAGGAATTGAAGC,1,4590835
ybaY_predicted,0.3,37,29,AATACTCGAAAACAAATGTA,8,4575883
ybaY_predicted,0.9666666666666667,57,29,AATAATTGCTTACAACCGTT,28,4548067
ybaY_predicted,0.4666666666666667,42,29,AAGTTAACTGTGCTGCCCAC,13,4587558
ybaY_predicted,0.1,31,29,AACAGGCCCGTGGATAACGA,2,4591742
ybaY_predicted,0.06896551724137931,29,28,TTCGTCCTCGTGCGAATGAC,1,4580915
ybaY_predicted,0.7931034482758621,50,28,TTCCTCCTGCCCGAAAATTG,22,4550147
ybaY_predicted,0.4827586206896552,41,28,TTATGGGAATGGAGGGCCGA,13,4570016
ybaY_predicted,0.3448275862068966,37,28,TTATCACAGTTAGGGAACAA,9,4582930
ybaY_predicted,0.9310344827586207,54,28,TTACGCTTGGTCTTCATCCA,26,4561728
ybaY_predicted,0.3103448275862069,36,28,TTACAGTTCTTGCAGATCTG,8,4593732
ybaY_predicted,0.27586206896551724,35,28,TGTGTGGCCTAGATAAAACT,7,4559478
ybaY_predicted,0.3448275862068966,37,28,TGGACTCATTCCGCATCCCA,9,4581777
ybaY_predicted,1.0344827586206897,57,28,TGCTTTACGACACCGTCTTA,29,4544905
ybaY_predicted,0.2413793103448276,34,28,TGCTCTCGTGAACTGAACAA,6,4566349
ybaY_predicted,0.10344827586206896,30,28,TGCCTAATGAGGATTCTGCT,2,4580239
ybaY_predicted,0.27586206896551724,35,28,TGACGTAGATGGACAGCCAG,7,4555661
ybaY_predicted,0.7931034482758621,50,28,TCTGGAGGCACCTTGACGTA,22,4549554
ybaY_predicted,0.5862068965517241,44,28,TCTAGTATTACAGGTCGAGT,16,4577436
ybaY_predicted,0.896551724137931,53,28,TCCGTAAATACCAGAGGGTG,25,4576761
ybaY_predicted,1.3448275862068966,66,28,TCCCTGGACTAAGACCGAGA,38,4567186
ybaY_predicted,1.2758620689655173,64,28,TATTATCGCCCAACTTACTC,36,4553441
ybaY_predicted,0.5862068965517241,44,28,TATCCTTAGATATATAGAAA,16,4575379
ybaY_predicted,0.06896551724137931,29,28,TAGGCCGCGTATAAGATTCC,1,4548994
ybaY_predicted,0.7241379310344828,48,28,TAGGACCCCGACGCTTCTGT,20,4549328
ybaY_predicted,1.4827586206896552,70,28,TACTGTAAAACTTCGTGGCT,42,4593250
ybaY_predicted,1.2413793103448276,63,28,TACCATAGTTGGACTTTCTA,35,4583998
ybaY_predicted,1.0,56,28,TACAGGCTTGACTCGATCGT,28,4562528
ybaY_predicted,1.206896551724138,62,28,TAATGCTAGTCGTTAGATTT,34,4546380
ybaY_predicted,0.10344827586206896,30,28,GTGATTATGGAGCGCAACTA,2,4566464
ybaY_predicted,0.7931034482758621,50,28,GTCTGCTGGGGAGCATAAAC,22,4557361
ybaY_predicted,0.2413793103448276,34,28,GGTTTTCGTCCGTGCAATTT,6,4584951
ybaY_predicted,1.3448275862068966,66,28,GGGGCTGTCGGTCAACTCTG,38,4550339
ybaY_predicted,1.1379310344827587,60,28,GGGGCGCCTTAGAGGAAATT,32,4585246
ybaY_predicted,0.1724137931034483,32,28,GGGCTCCGGACATTCTAGAG,4,4595260
ybaY_predicted,0.8620689655172413,52,28,GGCCTGGTGGCATCGCCGCA,24,4583424
ybaY_predicted,0.7586206896551724,49,28,GGCCTCCTACAACGTAAGCA,21,4576941
ybaY_predicted,0.10344827586206896,30,28,GGCCAAGTAGGCTTTACTAT,2,4556493
ybaY_predicted,0.06896551724137931,29,28,GGCATTGATACGTTGGTGAT,1,4594904
ybaY_predicted,0.8275862068965517,51,28,GGAGCCGGCAGACACTGCCT,23,4576636
ybaY_predicted,0.1724137931034483,32,28,GCGCCGTTATTCTGGCCGTC,4,4556575
ybaY_predicted,0.8275862068965517,51,28,GCATTCCGACCAACAGCGGG,23,4556628
ybaY_predicted,0.3103448275862069,36,28,GATTTAATACAATAATATTT,8,4563988
ybaY_predicted,0.8620689655172413,52,28,GAGCGGCTTTTGAGACTTTG,24,4594950
ybaY_predicted,2.4827586206896552,99,28,GACAGTTCGTATCCGCCAAT,71,4564865
ybaY_predicted,1.5172413793103448,71,28,GAATTACGGGGAGGCAAAGA,43,4563745
ybaY_predicted,2.103448275862069,88,28,CTCTCATCTTACTCCTGCGA,60,4595406
ybaY_predicted,0.20689655172413793,33,28,CTCGCGGTACCCACGCTCAG,5,4582877
ybaY_predicted,1.3103448275862069,65,28,CTCCACTTTACTTGCTGCCA,37,4592180
ybaY_predicted,1.4482758620689655,69,28,CTCACACTGTCATTTAGCTG,41,4598254
ybaY_predicted,0.27586206896551724,35,28,CTACGGGCACACATTCCCGT,7,4563135
ybaY_predicted,0.41379310344827586,39,28,CTACATTAGCCATAGCGCCG,11,4548437
ybaY_predicted,0.3448275862068966,37,28,CTAATGTATCTATAATGCGA,9,4557951
ybaY_predicted,1.103448275862069,59,28,CGTGAGCTTCCGGTTGGAAG,31,4597780
ybaY_predicted,0.1724137931034483,32,28,CGCTCACCTTCCTTCACGAG,4,4581772
ybaY_predicted,0.10344827586206896,30,28,CGATATGTGTAAAACGAATG,2,4555705
ybaY_predicted,0.1724137931034483,32,28,CGAAATGTAGGTGCCGGTAG,4,4550450
ybaY_predicted,0.13793103448275862,31,28,CCTCATGATTTAGCTCAAAA,3,4591126
ybaY_predicted,2.0689655172413794,87,28,CCGGCCGCGTCCACTCATAG,59,4574313
ybaY_predicted,0.7931034482758621,50,28,CCGAGATCACACCATCACTT,22,4555059
ybaY_predicted,1.206896551724138,62,28,CCATCCGTTAAGCCTCGGAG,34,4561766
ybaY_predicted,0.10344827586206896,30,28,CACTTTAAATCTGAGACGAT,2,4584486
ybaY_predicted,1.103448275862069,59,28,CACTAAACTGATGGCGCATC,31,4550079
ybaY_predicted,0.6896551724137931,47,28,CACCTGTACGCCATGAAAGG,19,4563892
ybaY_predicted,2.9310344827586206,112,28,CACACTCGGTATATTGACTA,84,4577660
ybaY_predicted,1.9655172413793103,84,28,ATTCCGTTACATGTTTCTGC,56,4567305
ybaY_predicted,1.1379310344827587,60,28,ATGACGATGCGGAAACCGGA,32,4555211
ybaY_predicted,2.6551724137931036,104,28,ATCGGTGGAAATCCCCAATA,76,4547181
ybaY_predicted,0.9310344827586207,54,28,ATAGAGATCGTTTTATCGTT,26,4569603
ybaY_predicted,1.0689655172413792,58,28,ATACAACCGTGGTAATCATG,30,4561509
ybaY_predicted,1.9310344827586208,83,28,AGTCACATTCAGTCTGTCTA,55,4596404
ybaY_predicted,0.6206896551724138,45,28,AGGCGCGCTGCTGATTTCAG,17,4564982
ybaY_predicted,0.5172413793103449,42,28,AGGAGATTTAGTGCGCGCGT,14,4592376
ybaY_predicted,0.7241379310344828,48,28,AGCCTACATCGGGAGCAGGT,20,4596306
ybaY_predicted,0.6551724137931034,46,28,ACTGCTGTCGGATAATACGA,18,4581086
ybaY_predicted,0.9655172413793104,55,28,ACTAGACCCTCGTATTGCTA,27,4578090
ybaY_predicted,0.06896551724137931,29,28,ACGGCAAGGGTGCGTGCGAG,1,4599285
ybaY_predicted,0.10344827586206896,30,28,ACCCGTCTAGGGTTCTGGGA,2,4559431
ybaY_predicted,0.3793103448275862,38,28,ACCATGCGGCACACACCCGT,10,4573840
ybaY_predicted,0.4827586206896552,41,28,AAGTCTATTATCAGGAATGT,13,4546350
ybaY_predicted,0.4482758620689655,40,28,AAGGGATGGACAGGGCAGTA,12,4547103
ybaY_predicted,1.9310344827586208,83,28,AAATCTCCTAAATGACTCTA,55,4583892
ybaY_predicted,0.3793103448275862,38,28,AAAGTGATTTCTTAGACCAG,10,4598656
ybaY_predicted,0.8571428571428571,50,27,TTTCAAGGGCACCCGGGAAG,23,4590133
ybaY_predicted,0.7142857142857143,46,27,TTGGCCCAACGCGGGGGTAG,19,4576169
ybaY_predicted,2.0357142857142856,83,27,TTGGAAAGTTGGGAACGGAT,56,4547654
ybaY_predicted,2.25,89,27,TTCCACATGGCTAGGGCAAA,62,4567537
ybaY_predicted,0.07142857142857142,28,27,TTAACTCCAGGTACAGCTTC,1,4556515
ybaY_predicted,0.42857142857142855,38,27,TGGAATATTATAAAGAGTTA,11,4548433
ybaY_predicted,0.07142857142857142,28,27,TGCCAGATCGTATCACGGCG,1,4580601
ybaY_predicted,3.1785714285714284,115,27,TCTGCGTGTATCTGACTTCT,88,4554736
ybaY_predicted,1.5714285714285714,70,27,TCTGCATTGAGTGGTGGAAT,43,4588454
ybaY_predicted,0.10714285714285714,29,27,TCGTTCGCCGCCCCTTCGGA,2,4549000
ybaY_predicted,0.39285714285714285,37,27,TCGGTAACATAGTATACATC,10,4587490
ybaY_predicted,0.8928571428571429,51,27,TCGCGCCGTACCTGGATCCG,24,4560784
ybaY_predicted,0.4642857142857143,39,27,TCCTTCGGTGTGGACATCAT,12,4587102
ybaY_predicted,3.2857142857142856,118,27,TCCCGTCAAAGCTCTCGATA,91,4594275
ybaY_predicted,1.4285714285714286,66,27,TCATCTATTACATATACACC,39,4574246
ybaY_predicted,0.21428571428571427,32,27,TCATATCGTAACCATGTAGA,5,4551436
ybaY_predicted,0.42857142857142855,38,27,TCACGGTTGCACAGGCTCGT,11,4545107
ybaY_predicted,0.6071428571428571,43,27,TCAACAGCCTCGGGATGCCG,16,4599369
ybaY_predicted,1.6785714285714286,73,27,TATTGTCATTCCGACGTCGT,46,4573904
ybaY_predicted,1.9285714285714286,80,27,TATGGTAAAGGACTTTGGCA,53,4552279
ybaY_predicted,0.10714285714285714,29,27,TATGGCCAACCGGTTTCTTG,2,4580697
ybaY_predicted,2.107142857142857,85,27,TATCCAGGTTACGGACCATC,58,4584832
ybaY_predicted,0.17857142857142858,31,27,TATCAGGCTTTTTAAGGTAA,4,4589821
ybaY_predicted,0.25,33,27,TAGGTGCCCCTCGTGTACGA,6,4581645
ybaY_predicted,0.8214285714285714,49,27,TACATGAAGGCTTAATCACT,22,4598012
ybaY_predicted,3.7142857142857144,130,27,TACACACCGTTTCGGTGTTC,103,4551040
ybaY_predicted,1.2142857142857142,60,27,TAATTAGTATCCAGTCAGGT,33,4567847
ybaY_predicted,0.42857142857142855,38,27,GTTTGGCGTTACTGGTCGTG,11,4595139
ybaY_predicted,0.6428571428571429,44,27,GTTTGGCACGACTTGGTATT,17,4598472
ybaY_predicted,2.0,82,27,GTTGCCTTAAAGCTGGTGGG,55,4584207
ybaY_predicted,1.1428571428571428,58,27,GTTATACCGATGATATTCTG,31,4558768
ybaY_predicted,1.5714285714285714,70,27,GTGTGAAAAATTGCGATCGA,43,4549876
ybaY_predicted,0.35714285714285715,36,27,GTGGGTTCAAAAGCACGTCC,9,4595237
ybaY_predicted,0.5714285714285714,42,27,GTGCACTTTTAGGGGCCGGA,15,4594142
ybaY_predicted,1.6071428571428572,71,27,GTGATATATCGTTCACATTA,44,4576797
ybaY_predicted,0.8214285714285714,49,27,GTGAGTGTGGTCTACACAAT,22,4569545
ybaY_predicted,0.7142857142857143,46,27,GTGAGGGCAATATCCGCTCA,19,4575281
ybaY_predicted,0.25,33,27,GTGAAGATCTAGGTAGTTGA,6,4561329
ybaY_predicted,5.035714285714286,167,27,GTCACCCAGATTTTCACAGT,140,4580820
ybaY_predicted,1.8571428571428572,78,27,GTACGCCCAGGAGGACAACA,51,4554525
ybaY_predicted,0.35714285714285715,36,27,GTAATAGACTACAGAAAGGT,9,4550745
ybaY_predicted,0.25,33,27,GGTTCGACTCGGTGTAAGCT,6,4572053
ybaY_predicted,1.1071428571428572,57,27,GGTCCAGATCCCTATCGCTC,30,4578934
ybaY_predicted,0.8571428571428571,50,27,GGGGGAACCTTTGTGTTTGT,23,4558056
ybaY_predicted,0.5714285714285714,42,27,GGGCCATTTGTACACAGACG,15,4592591
ybaY_predicted,0.07142857142857142,28,27,GGGATCACATGAGAATTCCA,1,4595627
ybaY_predicted,0.6071428571428571,43,27,GGCTCAGCCCTTACGAGGGA,16,4591371
ybaY_predicted,0.10714285714285714,29,27,GGAGTAACTTGAGGCCTATA,2,4589878
ybaY_predicted,1.75,75,27,GGACTCGGACGAGCAGGCGA,48,4595135
ybaY_predicted,0.5357142857142857,41,27,GCTTGCCCTCCACCAACACA,14,4568603
ybaY_predicted,1.6071428571428572,71,27,GCGTCGTGCTTTCCGGCCAT,44,4561141
ybaY_predicted,0.42857142857142855,38,27,GCGGGTCAAAGCTGGCATAG,11,4564980
ybaY_predicted,0.9642857142857143,53,27,GCGGAGACGCGCCCGTTCAT,26,4550688
ybaY_predicted,0.5,40,27,GCCTAGACTAAGTGTGGCAT,13,4552082
ybaY_predicted,1.6785714285714286,73,27,GCCCAGTATCTCTTTGATGA,46,4565875
ybaY_predicted,0.8214285714285714,49,27,GCCATGTTGCCCTTGAATGG,22,4586861
ybaY_predicted,10.571428571428571,322,27,GCACAGTGCTACGTCCCTTT,295,4556398
ybaY_predicted,0.4642857142857143,39,27,GAGGACCGGCCAGAGATTTC,12,4587827
ybaY_predicted,0.8214285714285714,49,27,GAGAGGGGCATTGAATGTGT,22,4579963
ybaY_predicted,0.6428571428571429,44,27,GAGAGGCCATGCGAGCGCCA,17,4562992
ybaY_predicted,0.2857142857142857,34,27,GAAGGTACTTTTTGCGCGCA,7,4546721
ybaY_predicted,2.25,89,27,CTTTTGACGGATGTGGGACG,62,4567210
ybaY_predicted,3.0714285714285716,112,27,CTTTAAGACCCTTAATGATG,85,4567966
ybaY_predicted,0.25,33,27,CTTACTGCAGTAAACTAAAG,6,4572715
ybaY_predicted,0.07142857142857142,28,27,CTGGAGGGGCGAGTACCTTC,1,4586582
ybaY_predicted,0.07142857142857142,28,27,CTGAGGTCGAACGAGCAAAG,1,4582665
ybaY_predicted,0.7142857142857143,46,27,CTCTGTATGCACATATTCTC,19,4576423
ybaY_predicted,0.5714285714285714,42,27,CTCGAATATCGATCGCTGTT,15,4554016
ybaY_predicted,2.857142857142857,106,27,CTCCTCCAACTTCTGCAGAC,79,4562881
ybaY_predicted,0.32142857142857145,35,27,CTCCCGTGGCGTAAGGGGTC,8,4583297
ybaY_predicted,0.9285714285714286,52,27,CTAGACACACAGGCGCTCTC,25,4575384
ybaY_predicted,1.4642857142857142,67,27,CTACGGAGCTCGGTTTTCTT,40,4576079
ybaY_predicted,0.75,47,27,CTAAATCAGGCATATCGCGG,20,4552711
ybaY_predicted,0.7857142857142857,48,27,CGTAGATATTGATGTTGTGG,21,4575785
ybaY_predicted,3.1785714285714284,115,27,CGCTCTGAGGGACTCCTTTG,88,4550605
ybaY_predicted,1.5,68,27,CGCACCAGCAAACTTATTTT,41,4600090
ybaY_predicted,0.10714285714285714,29,27,CGATCTTTTGGCCGTTAGAA,2,4552372
ybaY_predicted,2.1785714285714284,87,27,CGACAAAGAGAGAGTAGAGG,60,4600358
ybaY_predicted,1.8928571428571428,79,27,CCGTATAAGGGATACGCTTT,52,4563339
ybaY_predicted,0.5357142857142857,41,27,CCGATCAGAGATTTTTGAAT,14,4590347
ybaY_predicted,0.07142857142857142,28,27,CCGAACAGGAAGCTCCCCGA,1,4566069
ybaY_predicted,1.4642857142857142,67,27,CCCGCACCGGAGACCTTCGC,40,4580487
ybaY_predicted,0.8571428571428571,50,27,CCCGAGAAGAAGTAGGAGGG,23,4597718
ybaY_predicted,3.5714285714285716,126,27,CCCCTTAGTTTCGTGCGCTA,99,4590864
ybaY_predicted,0.25,33,27,CCCACACTTAAATCGATTGC,6,4568797
ybaY_predicted,8.071428571428571,252,27,CATGATCCAATGGATTGCCA,225,4552881
ybaY_predicted,1.1071428571428572,57,27,CATGAATGGTGCGGTACTAG,30,4545828
ybaY_predicted,1.5714285714285714,70,27,CAGCTCCTTTTGCGCACCCT,43,4576131
ybaY_predicted,1.1071428571428572,57,27,CAGCGGATTACGGCGATGCA,30,4563329
ybaY_predicted,0.21428571428571427,32,27,CAGCACTCGCACAGCCGCAA,5,4566416
ybaY_predicted,0.7142857142857143,46,27,CAAGTTCTCTCCCACGATAG,19,4545224
ybaY_predicted,0.10714285714285714,29,27,CAAAATCATATAGGCAAGAA,2,4572429
ybaY_predicted,0.5,40,27,ATTCCAAAGTAGCTAATCTT,13,4555905
ybaY_predicted,0.35714285714285715,36,27,ATCGAAGAGATTAGTCATGA,9,4560281
ybaY_predicted,1.2857142857142858,62,27,AGTCACGTCAGGAATTCCGA,35,4592267
ybaY_predicted,1.3214285714285714,63,27,AGTACCGCTGTACGTGTTCT,36,4588546
ybaY_predicted,1.4642857142857142,67,27,AGGGTAAGTGTACACAACAC,40,4577906
ybaY_predicted,0.39285714285714285,37,27,AGGGCTGCACGATTGCAACG,10,4590313
ybaY_predicted,0.07142857142857142,28,27,AGCTCTCTTGGTACACCGCT,1,4577550
ybaY_predicted,0.32142857142857145,35,27,AGCCCAACGACCATCCCAAC,8,4549560
ybaY_predicted,0.75,47,27,AGCAAGAACAGGCGCTGGTT,20,4572839
ybaY_predicted,0.9285714285714286,52,27,ACCTCGATATTTCGGCCTGA,25,4563254
ybaY_predicted,2.142857142857143,86,27,ACCGGTTGGTAAGGAGTGAG,59,4565078
ybaY_predicted,0.07142857142857142,28,27,ACAATCAGAATCCCTTTCAA,1,4545898
ybaY_predicted,0.5357142857142857,41,27,AATGGCGTGAAATGTGGGCT,14,4589432
ybaY_predicted,0.8571428571428571,50,27,AATGCCCACGGAAGCAAAGT,23,4589039
ybaY_predicted,0.7857142857142857,48,27,AATCTCTGCAGGCTTACCTC,21,4569287
ybaY_predicted,0.7142857142857143,46,27,AAGCTCTATCACGAGTTAAC,19,4595862
ybaY_predicted,1.9285714285714286,80,27,AAGATCCTGCGTCGCAGTGT,53,4545243
ybaY_predicted,1.75,75,27,AACTCTGACACGTCTGCATG,48,4548948
ybaY_predicted,0.21428571428571427,32,27,AAAGCCTCTGGTCCCCTCTG,5,4597015
ybaY_predicted,3.9642857142857144,137,27,AAAAAGCGACGCACCGCGAC,110,4584604
ybaY_predicted,0.07407407407407407,27,26,TTTAGCTTCGTACGATAATG,1,4587101
ybaY_predicted,0.5185185185185185,39,26,TTGGGCTAGCGATTCGGGAC,13,4570830
ybaY_predicted,1.3333333333333333,61,26,TTCGGGGCATACGGCCACGC,35,4567260
ybaY_predicted,1.2222222222222223,58,26,TTACGTTGGGCGTTACTCGT,32,4584079
ybaY_predicted,0.07407407407407407,27,26,TGTCAGTAGTCATTGGGCTC,1,4560455
ybaY_predicted,1.7407407407407407,72,26,TGGCCTACACTGGCGCTCCT,46,4578633
ybaY_predicted,0.1111111111111111,28,26,TGAATCTATTATATCGACTT,2,4560152
ybaY_predicted,0.1111111111111111,28,26,TGAAAGCATTGACACGTTTG,2,4550934
ybaY_predicted,0.18518518518518517,30,26,TCTGTCTAGGTTTACGCTCC,4,4595100
ybaY_predicted,0.2222222222222222,31,26,TCTATACGTGACGGTAAGGT,5,4596262
ybaY_predicted,1.5185185185185186,66,26,TCGACGTATGAACCGGCCGA,40,4586409
ybaY_predicted,0.7407407407407407,45,26,TCCTCTAGGCAAGGGCTCCG,19,4576830
ybaY_predicted,0.07407407407407407,27,26,TCCAGTGATGCGTCGATACT,1,4597823
ybaY_predicted,1.1481481481481481,56,26,TCAGGATGCTCAACAGCAAC,30,4570201
ybaY_predicted,0.8148148148148148,47,26,TCAAGTACTTCATTTGATCT,21,4596302
ybaY_predicted,0.07407407407407407,27,26,TAGACTCGCAACATGGAGGA,1,4589497
ybaY_predicted,2.7037037037037037,98,26,TACCTATCGGATCGTATGTT,72,4579235
ybaY_predicted,1.962962962962963,78,26,TAATTTGATTCGTATGGACT,52,4563233
ybaY_predicted,0.07407407407407407,27,26,TAAGTTTTTCCAGGAAACTT,1,4593726
ybaY_predicted,0.7407407407407407,45,26,TAAGCCCTGGATCGCCACCT,19,4572714
ybaY_predicted,1.6296296296296295,69,26,TAACTCATGACACTGGGGAA,43,4548337
ybaY_predicted,1.2592592592592593,59,26,TAACGTTGTATTCAGGCGCC,33,4562767
ybaY_predicted,0.4074074074074074,36,26,TAAACCAGATTGCCCAACCA,10,4568180
ybaY_predicted,0.07407407407407407,27,26,GTTAGCTACCTGGCCGAGAA,1,4564676
ybaY_predicted,0.3333333333333333,34,26,GTGCAGAGTCACCGTTGGGT,8,4592487
ybaY_predicted,2.4444444444444446,91,26,GTCCTCGTAGATGCGATCCG,65,4569630
ybaY_predicted,0.1111111111111111,28,26,GTCCACGTGGAGCGTTATTG,2,4595876
ybaY_predicted,1.7407407407407407,72,26,GGTAGATTATTAAAGTTCCA,46,4574304
ybaY_predicted,0.9629629629629629,51,26,GGGTGGAGCTTATGTTCGTA,25,4585438
ybaY_predicted,0.07407407407407407,27,26,GGGTCTCACTGATCCTACAT,1,4566870
ybaY_predicted,1.3703703703703705,62,26,GGCCCGCAAAGGGTCAATCT,36,4576282
ybaY_predicted,0.07407407407407407,27,26,GCTGGCTAGCGGCGTGGCGT,1,4555250
ybaY_predicted,0.8518518518518519,48,26,GCGTTACGAACGCAGGGTGT,22,4546140
ybaY_predicted,0.7407407407407407,45,26,GCGCTAAGCCCCAGTCAGCA,19,4586626
ybaY_predicted,0.2962962962962963,33,26,GCCGTCATCTGGGGGACCAA,7,4596033
ybaY_predicted,0.6296296296296297,42,26,GATAGTCTGATGGGTACATG,16,4552439
ybaY_predicted,3.2962962962962963,114,26,GATACGGCAGTTTACTGCTC,88,4579922
ybaY_predicted,0.5925925925925926,41,26,GAGATGTGAACCCAGCGACA,15,4582431
ybaY_predicted,5.185185185185185,165,26,GAAAAAGTTCCGGTGCACGA,139,4578058
ybaY_predicted,0.2222222222222222,31,26,CTTGCTGGAGGTCCCGCGAA,5,4556514
ybaY_predicted,3.7777777777777777,127,26,CTGCTTCAGAATTCAGATTA,101,4587396
ybaY_predicted,1.4814814814814814,65,26,CTCTTCCAGGTAATAATTTA,39,4556207
ybaY_predicted,0.4074074074074074,36,26,CTAAATGATCGGCTCTGCAA,10,4544775
ybaY_predicted,1.7037037037037037,71,26,CGGCATGTGCATTATCCTAG,45,4585101
ybaY_predicted,0.9629629629629629,51,26,CGGCATATCGCTCTAGTTCA,25,4585711
ybaY_predicted,1.5185185185185186,66,26,CGATAGGATGCATTTAGTGG,40,4544703
ybaY_predicted,0.6296296296296297,42,26,CCTTGGCGAGCGGAAACGCC,16,4561588
ybaY_predicted,0.37037037037037035,35,26,CCTCTGTCATCTAAGAAGGA,9,4547247
ybaY_predicted,1.1111111111111112,55,26,CCGGGGCGAGACGAGGGAAC,29,4576876
ybaY_predicted,0.07407407407407407,27,26,CCGCCTACTCAAACTTGCGT,1,4581926
ybaY_predicted,1.2222222222222223,58,26,CCGACCGGTCTACTCGTCGT,32,4560977
ybaY_predicted,3.3333333333333335,115,26,CCCTTAGTGGCGGGTCACCT,89,4583741
ybaY_predicted,7.296296296296297,222,26,CCATTAGCGATGATAGGGTG,196,4573436
ybaY_predicted,1.1111111111111112,55,26,CCATCCCTGTCAGACGGCTC,29,4562493
ybaY_predicted,1.1111111111111112,55,26,CCAGGAGGGTGCCCCTCCCA,29,4594359
ybaY_predicted,2.259259259259259,86,26,CCACCGCTTTGGACTGACTA,60,4565513
ybaY_predicted,0.14814814814814814,29,26,CCAATCTGATGAGCTGCCTG,3,4553914
ybaY_predicted,1.8888888888888888,76,26,CCAAGTGCGCCCTATAATGG,50,4567535
ybaY_predicted,0.7037037037037037,44,26,CATGTGAGCGGGGCTTGTTC,18,4586270
ybaY_predicted,0.4074074074074074,36,26,CACTTACTAGCGTCGGGTCT,10,4592444
ybaY_predicted,0.07407407407407407,27,26,CACGTTTAAGTGAAAGTTAC,1,4554411
ybaY_predicted,2.7037037037037037,98,26,CAATCAAATGGCAATGCGCA,72,4594652
ybaY_predicted,1.1851851851851851,57,26,CAAAGGATGCCGAGCGCAAG,31,4591005
ybaY_predicted,3.3703703703703702,116,26,ATTGGGACTGCAAGGCCTTA,90,4546518
ybaY_predicted,0.4444444444444444,37,26,ATTGGAGCACCGTAAGCTGG,11,4569549
ybaY_predicted,0.3333333333333333,34,26,ATTCTAAATCCCGTGGGACA,8,4553518
ybaY_predicted,1.962962962962963,78,26,ATGGGCATGCAATTGGTCTC,52,4596238
ybaY_predicted,0.07407407407407407,27,26,ATGCGGAGGGAAGAGACGAA,1,4582602
ybaY_predicted,0.48148148148148145,38,26,ATCGTCGAGTTCCTACCGAT,12,4566721
ybaY_predicted,0.25925925925925924,32,26,ATCGACTCGTGGTTTACGCC,6,4545178
ybaY_predicted,0.1111111111111111,28,26,ATATGCCCGTCCATCCGTGA,2,4557708
ybaY_predicted,0.07407407407407407,27,26,ATAGGACCAATGCCTAGGAA,1,4599964
ybaY_predicted,3.6296296296296298,123,26,ATAATGGTTTTCTTTGCGAC,97,4562168
ybaY_predicted,0.3333333333333333,34,26,ATAAGATATCGGTGCCTGGC,8,4566637
ybaY_predicted,0.2222222222222222,31,26,AGTGATGGGCCACCCTAATA,5,4576176
ybaY_predicted,0.07407407407407407,27,26,AGGACATTGTAAGCGGATAA,1,4583067
ybaY_predicted,0.6296296296296297,42,26,AGCCATGAGGTCATGCCAAG,16,4547350
ybaY_predicted,0.07407407407407407,27,26,ACTATAACGTCGCTTCTAAT,1,4570679
ybaY_predicted,0.48148148148148145,38,26,ACGAGTATGATCGTTCGTAC,12,4567774
ybaY_predicted,0.37037037037037035,35,26,ACCGGCTGTCGAATGTCGAT,9,4585986
ybaY_predicted,0.07407407407407407,27,26,ACATCGTCCATTTTTATAAT,1,4553919
ybaY_predicted,0.14814814814814814,29,26,ACAATTGACTCGAGTAGATC,3,4595953
ybaY_predicted,0.6296296296296297,42,26,AATCGGAATTCGACCTCAAG,16,4588403
ybaY_predicted,1.7777777777777777,73,26,AATCGAACCAACACGAATGG,47,4584906
ybaY_predicted,0.07407407407407407,27,26,AATCACCTGGGAACGGGCGG,1,4564230
ybaY_predicted,0.9629629629629629,51,26,AATAGGGCATTACACACAGT,25,4593807
ybaY_predicted,3.2962962962962963,114,26,AACTCTTGCATATCGATTGA,88,4578833
ybaY_predicted,1.6296296296296295,69,26,AAATTTTCTCTGTCAGAGAT,43,4577279
ybaY_predicted,0.07407407407407407,27,26,AAACGACAATCGACGGACTA,1,4548021
ybaY_predicted,3.269230769230769,109,25,TTTGCGTTCACAGCTATACT,84,4575343
ybaY_predicted,4.769230769230769,148,25,TTTATAGGGGGCGGTCGCGA,123,4589008
ybaY_predicted,0.34615384615384615,33,25,TTGTTAAAGGGTAGCGTATT,8,4577649
ybaY_predicted,0.7307692307692307,43,25,TTGTACGCCAGGTTGATATA,18,4558582
ybaY_predicted,2.0384615384615383,77,25,TTGAGCCTTGCCGGTCAACA,52,4564324
ybaY_predicted,0.19230769230769232,29,25,TGTTCAACTTTTTGGTCCAT,4,4553103
ybaY_predicted,0.5384615384615384,38,25,TGTAGGCGGACTCTCGGGTG,13,4600433
ybaY_predicted,5.423076923076923,165,25,TGGTTTCCTACCACGGCATC,140,4555328
ybaY_predicted,0.3076923076923077,32,25,TGGTTCCATGACCCTGCCCA,7,4560117
ybaY_predicted,2.8461538461538463,98,25,TGGTCCTCACGAGCGCAAAA,73,4551635
ybaY_predicted,0.7692307692307693,44,25,TGGTCCACGTTTCTCCAGAA,19,4564737
ybaY_predicted,2.269230769230769,83,25,TGGCTGACCGGACATTTCTA,58,4587555
ybaY_predicted,1.1538461538461537,54,25,TGAGTAAGATGTCAGCAAGA,29,4588163
ybaY_predicted,2.076923076923077,78,25,TGAGGATTTACCTCTGTATA,53,4550433
ybaY_predicted,0.5769230769230769,39,25,TGAAAAGAAGCTTCTGAATT,14,4599986
ybaY_predicted,1.2692307692307692,57,25,TCTTAGGCTCTTCCGTTCAC,32,4562344
ybaY_predicted,0.9230769230769231,48,25,TCTCATGCGTACGTACGTGT,23,4582489
ybaY_predicted,0.5,37,25,TCGGCCGTATTGTGCGAACA,12,4570522
ybaY_predicted,0.5,37,25,TCCGGACTACGATCTGTTTC,12,4552574
ybaY_predicted,2.6153846153846154,92,25,TCCAGCTAGTGGACGGTGCA,67,4567981
ybaY_predicted,1.2692307692307692,57,25,TCATGTATCTGAGCGGGGAG,32,4569255
ybaY_predicted,0.07692307692307693,26,25,TCATGGCGCCAAAACTCGAG,1,4547647
ybaY_predicted,0.5769230769230769,39,25,TCATGCCTCCAGTAAGAATA,14,4590548
ybaY_predicted,0.34615384615384615,33,25,TCAAGTGTGTAGCGGAGACA,8,4564822
ybaY_predicted,0.19230769230769232,29,25,TATCTGTCGTTCGTTATTGA,4,4556815
ybaY_predicted,1.4230769230769231,61,25,TATATGCCAAGAGTCCTAGA,36,4550434
ybaY_predicted,1.1923076923076923,55,25,TAGCTCCCTCATAAGTACGC,30,4557562
ybaY_predicted,9.0,258,25,TAGACCAATACGTGATATCT,233,4555331
ybaY_predicted,1.1538461538461537,54,25,TACTAGAGAGTGTCTTTGAA,29,4580043
ybaY_predicted,0.07692307692307693,26,25,TAACAGTCCAGTGGTAAGCT,1,4595768
ybaY_predicted,0.2692307692307692,31,25,GTTGTCCTCAGTTATGATTT,6,4547565
ybaY_predicted,0.07692307692307693,26,25,GTGTTGTCGGATCCATGGGA,1,4573100
ybaY_predicted,0.11538461538461539,27,25,GTGTCGTGACCAGGGCGTCT,2,4562077
ybaY_predicted,2.1538461538461537,80,25,GTGGTTTGTAAACCGGGAGT,55,4566026
ybaY_predicted,0.5769230769230769,39,25,GTACAAGCCACTGACCCACA,14,4565307
ybaY_predicted,0.07692307692307693,26,25,GGTGTAGTCCCTTTCAAAGT,1,4576081
ybaY_predicted,0.38461538461538464,34,25,GGGGGGCTGGGTGCCTAAGA,9,4562933
ybaY_predicted,0.6538461538461539,41,25,GGCTGAGTGTATTGCTTCGC,16,4549505
ybaY_predicted,2.3461538461538463,85,25,GGCCGCGGTTCGCCAGAAGC,60,4592929
ybaY_predicted,2.076923076923077,78,25,GGATACTGGCCCGGTAGTAG,53,4554970
ybaY_predicted,0.5769230769230769,39,25,GCTGCCGATGAATTAAGAAA,14,4546578
ybaY_predicted,0.2692307692307692,31,25,GCTGACACCACTACCGTGTG,6,4545946
ybaY_predicted,1.6153846153846154,66,25,GCGGTGGCAAGGCAGAAATC,41,4549960
ybaY_predicted,0.11538461538461539,27,25,GCCCAGTCAATGGGCAATTG,2,4596001
ybaY_predicted,2.3846153846153846,86,25,GCATTTGACCAATAACTACT,61,4554165
ybaY_predicted,0.07692307692307693,26,25,GCATTAACCCGACGCCCAGA,1,4561252
ybaY_predicted,1.0769230769230769,52,25,GAGACAGGAGCGGCAATCCC,27,4567454
ybaY_predicted,0.6538461538461539,41,25,GACGCCGGCGATAGAAGGAC,16,4573497
ybaY_predicted,1.6538461538461537,67,25,GAAGTTACGAGTTCCAGATG,42,4579436
ybaY_predicted,0.8846153846153846,47,25,GAACCGGTAGGGCTGGGAAA,22,4599343
ybaY_predicted,1.0384615384615385,51,25,GAAATTTTCCGGACGGTTTC,26,4558710
ybaY_predicted,0.5,37,25,CTTTCCCATGTAGGCTGTTT,12,4544779
ybaY_predicted,1.7692307692307692,70,25,CTTGGGTATTGCATTCGTTA,45,4587076
ybaY_predicted,1.2692307692307692,57,25,CTTACTTGAGAATATTATGG,32,4583502
ybaY_predicted,0.07692307692307693,26,25,CTGCGGCGGGGAGACAAGGT,1,4584699
ybaY_predicted,0.11538461538461539,27,25,CTCATATCAAGGTATCTGGG,2,4546715
ybaY_predicted,0.34615384615384615,33,25,CTCAGGCTAGTGGAACTCAT,8,4576944
ybaY_predicted,0.8846153846153846,47,25,CTAGCTTGAATATCACCCAT,22,4565993
ybaY_predicted,0.34615384615384615,33,25,CGTATGCAGAGAAGTGCAAT,8,4558662
ybaY_predicted,0.7307692307692307,43,25,CGGTAGCATCAGGACCGCGT,18,4567921
ybaY_predicted,0.11538461538461539,27,25,CGCGTATCATGATCATGCAA,2,4546432
ybaY_predicted,0.2692307692307692,31,25,CGCGGGACCGGTGATGATGT,6,4550272
ybaY_predicted,1.1923076923076923,55,25,CGCAGTGGCATCATCTCCTG,30,4553229
ybaY_predicted,1.4615384615384615,62,25,CGATTTGGGGCGGGTCGCTA,37,4560700
ybaY_predicted,0.38461538461538464,34,25,CGAGCAGCGTACAGCATTGC,9,4593751
ybaY_predicted,0.19230769230769232,29,25,CGAGAAACCAATCCCATATT,4,4585224
ybaY_predicted,0.4230769230769231,35,25,CGACCAACGGAAACGCGTAT,10,4591918
ybaY_predicted,0.8076923076923077,45,25,CCTGTGGCGTTATGATGGCA,20,4597680
ybaY_predicted,0.3076923076923077,32,25,CCTCAAGTCAATTTTTAAGT,7,4584442
ybaY_predicted,0.38461538461538464,34,25,CCGGCCTCCCATGGGGGCGT,9,4557154
ybaY_predicted,0.07692307692307693,26,25,CCGGCAGTTCGGGAAAAGAA,1,4571473
ybaY_predicted,0.5769230769230769,39,25,CCGGAGGTCCAACCATCTGA,14,4548175
ybaY_predicted,0.38461538461538464,34,25,CCCTGATCATAAATTCTCGA,9,4550255
ybaY_predicted,0.46153846153846156,36,25,CACCTCATGACAAGACAGAC,11,4547607
ybaY_predicted,2.3461538461538463,85,25,CAATGCGCCCAGCAAAGCAG,60,4594352
ybaY_predicted,1.0769230769230769,52,25,CAAGGTGTATATTCCCGAAC,27,4574659
ybaY_predicted,0.15384615384615385,28,25,ATGTCTAATTGGGGGGCGAT,3,4574572
ybaY_predicted,1.8076923076923077,71,25,ATGAATTGTCAGTCCGAGGT,46,4546845
ybaY_predicted,2.0384615384615383,77,25,ATCTGATCTCATTCGCAGTT,52,4570353
ybaY_predicted,0.19230769230769232,29,25,ATCCGCAATGGAGCTTCCCC,4,4549600
ybaY_predicted,0.6923076923076923,42,25,ATCATGTCTGTCGCCGAGAG,17,4546092
ybaY_predicted,1.5384615384615385,64,25,ATATGATAGGGCAGTCGAGG,39,4576113
ybaY_predicted,0.15384615384615385,28,25,AGTGCCCTGCACTACAGGTT,3,4599945
ybaY_predicted,0.8846153846153846,47,25,AGTATTAAAGACGAGAGTAG,22,4567867
ybaY_predicted,0.15384615384615385,28,25,AGTATCCTGGAGGGCCTAGT,3,4570635
ybaY_predicted,0.38461538461538464,34,25,AGGAACTGATGTCCTCTATG,9,4600564
ybaY_predicted,0.5769230769230769,39,25,ACTGGGGTGGATACAGGCTA,14,4593955
ybaY_predicted,0.7307692307692307,43,25,ACTCCAGGTCCACTGCTGGT,18,4568785
ybaY_predicted,3.3846153846153846,112,25,ACGCTGTTACCTTCTTTGGA,87,4550187
ybaY_predicted,0.34615384615384615,33,25,ACGATCTCCGGCCCTAGGAC,8,4581950
ybaY_predicted,1.0384615384615385,51,25,ACCGAAGTTGTATGACAACC,26,4592450
ybaY_predicted,0.2692307692307692,31,25,ACCCCTTGAGATACTTTATG,6,4564673
ybaY_predicted,0.11538461538461539,27,25,ACATCGCACAGGACCCGTAG,2,4597835
ybaY_predicted,1.1153846153846154,53,25,ACAGGTTGTAGGTCAGAAGT,28,4545798
ybaY_predicted,4.0,128,25,AATACGTAGTCCATGTATCT,103,4554972
ybaY_predicted,0.6153846153846154,40,25,AAAGGCTTGAATCTCCTCCC,15,4553576
ybaY_predicted,0.3076923076923077,32,25,AAACGCCAAAGGTGGCAGTG,7,4562226
ybaY_predicted,0.08,25,24,TTTTCACGGGGTGCGTTGGT,1,4591630
ybaY_predicted,1.32,56,24,TTTTAAGAGTTGTGCGTTCC,32,4558913
ybaY_predicted,14.44,384,24,TTGTTCGTTCTCAGCGTAGA,360,4595630
ybaY_predicted,1.96,72,24,TTGTATGATAGCGAAAATAT,48,4590684
ybaY_predicted,0.24,29,24,TTGTAAGCACCGGTGCATCA,5,4583346
ybaY_predicted,0.56,37,24,TTGGTGTGATACATGCTGCC,13,4581999
ybaY_predicted,0.08,25,24,TTCGTGGCGAAGACTGGGGA,1,4588891
ybaY_predicted,0.52,36,24,TTCCTTAATACGAGTCCGGG,12,4568265
ybaY_predicted,1.08,50,24,TTCCCCAGAGCGGTACTGGC,26,4549443
ybaY_predicted,1.16,52,24,TTCAAACCCGCGGCAGACAT,28,4546043
ybaY_predicted,0.08,25,24,TTACCTCACGGACTCTAGCA,1,4575218
ybaY_predicted,0.4,33,24,TGTTAGAAAGAGGGCTTTAC,9,4569939
ybaY_predicted,0.44,34,24,TGTGATGGGTCGCGGTCCTA,10,4574332
ybaY_predicted,0.28,30,24,TGGTAGGTATTTTTGTCTAC,6,4575062
ybaY_predicted,2.76,92,24,TGGGGGAGCGCGGAGATTGC,68,4562197
ybaY_predicted,0.6,38,24,TGCATCTGGGACGTTCAAGA,14,4588402
ybaY_predicted,1.56,62,24,TGCAATGCTAACTTCCATCG,38,4600567
ybaY_predicted,3.24,104,24,TGATTCCATTACTCCCTTGT,80,4545314
ybaY_predicted,1.6,63,24,TGAATTTCGGACGGTTGTGT,39,4563249
ybaY_predicted,0.64,39,24,TCTGACGGTAATTCTCACTC,15,4581825
ybaY_predicted,0.08,25,24,TCTCACCGCTTCGCACCAGA,1,4571439
ybaY_predicted,1.56,62,24,TCTAGTACGCGCTCTCCGGT,38,4600316
ybaY_predicted,1.48,60,24,TCCTGCCCTTAGCCCGCTCA,36,4547568
ybaY_predicted,2.4,83,24,TCCCTTACTGTCTCATTCGT,59,4566696
ybaY_predicted,0.28,30,24,TCCCCGTTAACAACGAGCTC,6,4578683
ybaY_predicted,0.32,31,24,TCATCTCCTAAGGGGTCCGT,7,4582188
ybaY_predicted,0.08,25,24,TATGCTCGCCAACGTACTAT,1,4552138
ybaY_predicted,1.88,70,24,TATCGACGCACGGCGAAGTG,46,4561997
ybaY_predicted,0.24,29,24,TAGGTCGTAGCACGCATGAT,5,4562257
ybaY_predicted,0.88,45,24,TAGGACAATTCCGCGGCGCT,21,4576709
ybaY_predicted,0.16,27,24,TACATGAATACGCACACGAC,3,4574024
ybaY_predicted,0.08,25,24,TAAGGGAAGAATAGAGACCT,1,4568866
ybaY_predicted,0.24,29,24,TAAGAGCGGAATACTTCGTG,5,4591426
ybaY_predicted,0.08,25,24,TAACTGGGGCATTATCAAAT,1,4563571
ybaY_predicted,0.4,33,24,GTGTTCTTGTCTGTCTGAAA,9,4547183
ybaY_predicted,0.08,25,24,GTGTATCCTTTCGGCACTAA,1,4578264
ybaY_predicted,0.28,30,24,GTGGGTTCATCCGGATCTTG,6,4589982
ybaY_predicted,0.96,47,24,GTGCACTCGGTCACCGGAGC,23,4548432
ybaY_predicted,0.68,40,24,GTCAGTCTTAGCGTTCGAGT,16,4571126
ybaY_predicted,0.24,29,24,GTATATTGGTAAGGTAGTAT,5,4573396
ybaY_predicted,1.84,69,24,GTACAGGACTCTCCCTGGAC,45,4582890
ybaY_predicted,1.12,51,24,GGTTTATCATGTCGGACAAA,27,4579523
ybaY_predicted,1.32,56,24,GGTTAGTCCTCGTACCACAT,32,4559322
ybaY_predicted,0.52,36,24,GGTGTTGGAAAGCGTCGTCA,12,4581409
ybaY_predicted,1.68,65,24,GGTATAAAGTGATGTCGGGT,41,4545855
ybaY_predicted,0.76,42,24,GGTAAACGTTAGTACAAATC,18,4561565
ybaY_predicted,1.16,52,24,GGGTCACCCACCGCATAAGG,28,4583835
ybaY_predicted,0.84,44,24,GGGTAAGGGAAACATTCAAA,20,4551590
ybaY_predicted,0.4,33,24,GGCTGAGGCTGGTTACATCA,9,4566709
ybaY_predicted,1.24,54,24,GGATCGAAGATCAGCACCCC,30,4591372
ybaY_predicted,0.28,30,24,GGAATGTGACATAAATTGGG,6,4563272
ybaY_predicted,0.08,25,24,GGAAGATCTGGAACAGTGGT,1,4574017
ybaY_predicted,0.6,38,24,GCTTGGGTGGTGCACGTCTC,14,4584807
ybaY_predicted,0.08,25,24,GCGATCAACGGAGTACCACT,1,4568647
ybaY_predicted,2.56,87,24,GATGTATCAACCCTCTGTAA,63,4556350
ybaY_predicted,0.92,46,24,GATCGACAGATTCGGAGTCA,22,4562590
ybaY_predicted,0.2,28,24,GATCCTGGTATGCACACGAA,4,4580804
ybaY_predicted,0.96,47,24,GACCGAATCGGACTCGAGGA,23,4551117
ybaY_predicted,6.52,186,24,GAACGTAGCGGCCAGGGATG,162,4556351
ybaY_predicted,0.08,25,24,GAACCAAAGTAGCAGAAAAA,1,4577960
ybaY_predicted,0.56,37,24,CTTTTCACCTTGCAGCGCCA,13,4556595
ybaY_predicted,0.6,38,24,CTGCGCTTAGAATCGGTCTT,14,4591172
ybaY_predicted,1.68,65,24,CTGCGAATCATACATCCAAT,41,4559956
ybaY_predicted,2.6,88,24,CTCTGCGGACTACCAAAAAT,64,4584338
ybaY_predicted,0.2,28,24,CTCTATTAAATTCTGGATTA,4,4585392
ybaY_predicted,0.08,25,24,CTCCTCATCCGTAGCCTGCC,1,4577990
ybaY_predicted,2.36,82,24,CTATTCGCTGTGCAGCGTTT,58,4553477
ybaY_predicted,2.68,90,24,CTAGACCTAGGACCGCCCAT,66,4546928
ybaY_predicted,0.52,36,24,CTAAGCCGACGGGCGCCGCT,12,4551437
ybaY_predicted,1.0,48,24,CGTTATAGCTGCCGCGCTTG,24,4570451
ybaY_predicted,0.08,25,24,CGTGTCCCTCGGCTGAACGG,1,4586042
ybaY_predicted,1.52,61,24,CGTGCGGCTTCGTAATTGGA,37,4584545
ybaY_predicted,1.04,49,24,CGTCCTTTGGAGCACATGGC,25,4553390
ybaY_predicted,0.08,25,24,CGCCCTGCCCTACCCTCAAG,1,4564670
ybaY_predicted,0.8,43,24,CGAGCGAGAAAGCGCTAATT,19,4577269
ybaY_predicted,0.12,26,24,CCTTGACAATCTTGGAGAAG,2,4585207
ybaY_predicted,1.36,57,24,CCTAGGAATATGCCCGGGAA,33,4576171
ybaY_predicted,0.64,39,24,CCGCGTACTAGCGCCTCTTG,15,4586408
ybaY_predicted,2.24,79,24,CCCTCGCGCATGAATGCACA,55,4567376
ybaY_predicted,1.04,49,24,CCCGTCGGCGTCTTGATATG,25,4553392
ybaY_predicted,0.64,39,24,CCCCCTCTGCCGCTCTGGCT,15,4586414
ybaY_predicted,0.84,44,24,CCAGTCCACCCCTCCGGCCC,20,4579819
ybaY_predicted,1.0,48,24,CATCGTGTGTGTCATTTCGT,24,4596155
ybaY_predicted,1.52,61,24,CAGTAGCAATCCTTGGTTCT,37,4572515
ybaY_predicted,1.12,51,24,CACCGGGCAAAGCTGGATCG,27,4592256
ybaY_predicted,1.68,65,24,CAACTCCGCATTGTTTTCAT,41,4585586
ybaY_predicted,1.72,66,24,CAAAGGTCATCGTAGGAATC,42,4549885
ybaY_predicted,0.08,25,24,CAAAAGGCTGGGTGGTTCCA,1,4569275
ybaY_predicted,0.6,38,24,ATGCATTGCTTAGTAAGCGT,14,4588074
ybaY_predicted,1.0,48,24,ATGACTCAACTTGCCTATCG,24,4573326
ybaY_predicted,0.08,25,24,ATCGTACGTTCGCAAGATGG,1,4562075
ybaY_predicted,0.32,31,24,ATCGCTCAAGGGAAACATCA,7,4558962
ybaY_predicted,1.96,72,24,ATCCATTACTAACGGAACGC,48,4587826
ybaY_predicted,1.12,51,24,ATATGCGCGTTGCGTAGTGT,27,4585870
ybaY_predicted,1.28,55,24,ATAGTGTCCGTCTGTGTGCG,31,4560481
ybaY_predicted,0.48,35,24,AGTTGTCCCGCGTAATACAA,11,4566480
ybaY_predicted,0.44,34,24,AGTCTACTAGAGCCCAGGAC,10,4589526
ybaY_predicted,0.68,40,24,AGGTGTTCGGACAGTTTATT,16,4568878
ybaY_predicted,0.76,42,24,AGGGTATAAATGACCATGAA,18,4564768
ybaY_predicted,1.12,51,24,AGACTGGGCAATGAAGGGAT,27,4575511
ybaY_predicted,0.08,25,24,ACTTAAACCGGTACGGGTAA,1,4581330
ybaY_predicted,0.56,37,24,ACTATGCGTGGTATAGTTGA,13,4559926
ybaY_predicted,0.08,25,24,ACGGAGTGAATATCGAATGA,1,4588111
ybaY_predicted,1.76,67,24,ACGACGCGTAGGGCACGCGA,43,4566422
ybaY_predicted,1.76,67,24,ACATGTCATGGGGGGCGGTC,43,4585222
ybaY_predicted,0.88,45,24,AATTCCGCGTGGTGTTTAGG,21,4558216
ybaY_predicted,1.2,53,24,AATGCTATGCAAACTGGTCT,29,4549497
ybaY_predicted,1.04,49,24,AAGTACCAAGTAGACCGCGA,25,4577029
ybaY_predicted,0.44,34,24,AAGCGTGATCACCAAGAATT,10,4585486
ybaY_predicted,0.24,29,24,AAGCGATCGCCCTGGTCATT,5,4597229
ybaY_predicted,0.56,37,24,AACTCCACCACAGGATGTAG,13,4553127
ybaY_predicted,1.56,62,24,AACTCACGTTTGCAAACTTT,38,4544549
ybaY_predicted,0.68,40,24,AAAATAGTAGCTGGCGGCTT,16,4559337
ybaY_predicted,3.0833333333333335,96,23,TTTGTTCAGACACTAATCTT,73,4569232
ybaY_predicted,0.25,28,23,TTTGTTATGAGGCGCTAGCG,5,4574818
ybaY_predicted,2.375,79,23,TTTGCGGCGTTTCCGCCCAT,56,4595280
ybaY_predicted,0.625,37,23,TTGTACACATCAGTGGCTTA,14,4568093
ybaY_predicted,2.125,73,23,TTGCGTTATTCCGCAGCCAA,50,4596141
ybaY_predicted,0.08333333333333333,24,23,TTGCATTGTGCTCTCGTTCA,1,4563424
ybaY_predicted,0.125,25,23,TTGCACCAGGCATATGCTAA,2,4562200
ybaY_predicted,0.7083333333333334,39,23,TTGAAGGGTCCTTATAACAT,16,4544827
ybaY_predicted,6.416666666666667,176,23,TTCTGTCCACGGCAAGGTGA,153,4576991
ybaY_predicted,8.875,235,23,TTCCTCTCACTGTAGTCTTT,212,4562184
ybaY_predicted,1.0833333333333333,48,23,TTCATTGACCTGTATATGGA,25,4589014
ybaY_predicted,1.375,55,23,TTATAGTCGTTAGGTCATGG,32,4575442
ybaY_predicted,0.375,31,23,TTAGGGCTGTGTACCTATCG,8,4580489
ybaY_predicted,1.4583333333333333,57,23,TTACTACCAGATGAGCTCAC,34,4585231
ybaY_predicted,0.4166666666666667,32,23,TGTACCGGAATTGGTAGCCC,9,4592617
ybaY_predicted,0.8333333333333334,42,23,TGGTTCGTGGGTAAACCGCA,19,4553922
ybaY_predicted,0.125,25,23,TGGTGAGACCCGGCGTCTTT,2,4583457
ybaY_predicted,1.2083333333333333,51,23,TGGATAGCACCATTAGAAGT,28,4562401
ybaY_predicted,4.125,121,23,TGGAGTCTGGTCAGCTAAAT,98,4600151
ybaY_predicted,0.16666666666666666,26,23,TGCCTACGGATTGCCTCGGG,3,4561729
ybaY_predicted,1.7916666666666667,65,23,TCTTGAACACGAGTCTCGCA,42,4594234
ybaY_predicted,1.7916666666666667,65,23,TCGTGATGTGGATGTAGACA,42,4581044
ybaY_predicted,0.125,25,23,TCGCGCGACTGTAAGGGTCT,2,4545596
ybaY_predicted,0.25,28,23,TCGATTAGATTTCTCAAAAC,5,4546242
ybaY_predicted,0.6666666666666666,38,23,TCCTGGAGGCTTGGTGATTC,15,4586549
ybaY_predicted,0.75,40,23,TCAGTATGGGGACCGTCGAT,17,4574274
ybaY_predicted,0.08333333333333333,24,23,TCAGATAGGTCTTGCATATT,1,4557530
ybaY_predicted,0.8333333333333334,42,23,TATGCGGCTCGCTACTATAT,19,4584702
ybaY_predicted,0.20833333333333334,27,23,TACTGAGGAACTTGCAGGAC,4,4560486
ybaY_predicted,1.4583333333333333,57,23,TAATTGTGTATTGGTACCTA,34,4573838
ybaY_predicted,1.875,67,23,GTTTGCCCATTTTGAGCTAA,44,4550832
ybaY_predicted,4.833333333333333,138,23,GTTGTGGGGGTTCCCCGTTG,115,4588440
ybaY_predicted,0.08333333333333333,24,23,GTTCGGTTATTGATCAGGAC,1,4562503
ybaY_predicted,0.75,40,23,GTGTAAGCTCGCCGCGACCA,17,4579245
ybaY_predicted,2.625,85,23,GTGCGGCAGTAGTTTCAGTA,62,4576112
ybaY_predicted,0.9583333333333334,45,23,GTGACTACTTCATTCAGCAT,22,4555617
ybaY_predicted,1.75,64,23,GTCTCCGGATGGGTCGCCAC,41,4591234
ybaY_predicted,0.08333333333333333,24,23,GTCGCAGCGTAGTTTGCTCT,1,4584721
ybaY_predicted,1.0,46,23,GTCATTTATTAGTGGAAGTA,23,4592798
ybaY_predicted,1.0,46,23,GTAGAGCCCGAGATGTGCAA,23,4588906
ybaY_predicted,1.5,58,23,GGTTGTTTATAGCTCTGCAG,35,4589180
ybaY_predicted,5.291666666666667,149,23,GGGGTTATATTGGGTGGGGA,126,4569343
ybaY_predicted,0.08333333333333333,24,23,GGGGTCCTGGTGACCCTTAG,1,4544823
ybaY_predicted,1.375,55,23,GGGAGGCCAACCTTGTCCTT,32,4569618
ybaY_predicted,1.0833333333333333,48,23,GGCTCGGGTTCGCGCCTTAT,25,4590832
ybaY_predicted,1.4166666666666667,56,23,GGCTCCAAGGCGGGTTGATT,33,4596061
ybaY_predicted,0.2916666666666667,29,23,GGCCCCGTGCGTCGAGCACC,6,4551566
ybaY_predicted,0.20833333333333334,27,23,GGCACTATATCGTGTATGGG,4,4585241
ybaY_predicted,0.9583333333333334,45,23,GGAACGTTCTATAGGGCAAT,22,4589372
ybaY_predicted,0.3333333333333333,30,23,GCTTAGCCTAAAGCACGACC,7,4574525
ybaY_predicted,1.375,55,23,GCTCTAGATGCCCAGGCATG,32,4548229
ybaY_predicted,2.875,91,23,GCTCCGGGTTGCAATGTGCA,68,4561692
ybaY_predicted,2.2083333333333335,75,23,GCGCCATGCTGTACTCTACA,52,4562333
ybaY_predicted,0.5833333333333334,36,23,GCGAGTTCGCGATGACGAGA,13,4567113
ybaY_predicted,2.625,85,23,GCCCCGCTAGCGTTCCGTCA,62,4590727
ybaY_predicted,0.125,25,23,GCCAAGGGGCGAAGTCCTTT,2,4551407
ybaY_predicted,9.166666666666666,242,23,GATTCCTGAAGTCGGAATCC,219,4584824
ybaY_predicted,4.791666666666667,137,23,GATCACTTTTGTGCCCACCT,114,4578757
ybaY_predicted,0.4166666666666667,32,23,GAGATGCAGCTGGTAACTGT,9,4582144
ybaY_predicted,0.08333333333333333,24,23,GACGCAAGTCGTCCTCGATG,1,4561095
ybaY_predicted,1.4583333333333333,57,23,GACAGGGACTTGGCTGTAAT,34,4587829
ybaY_predicted,0.08333333333333333,24,23,GACAAGCCCGTTCCATCGTG,1,4587922
ybaY_predicted,3.4583333333333335,105,23,GAATTCAGGGGACTCCAGGG,82,4560795
ybaY_predicted,1.7916666666666667,65,23,CTTGATCTTGTCTCGTAGTA,42,4577731
ybaY_predicted,0.9583333333333334,45,23,CTTCGAGCCCGCTTGACGGG,22,4588018
ybaY_predicted,0.7916666666666666,41,23,CTGCTGGGTGTGCGTAAGTG,18,4561027
ybaY_predicted,0.6666666666666666,38,23,CTGACATCTTCTTCTCGAAA,15,4579019
ybaY_predicted,1.0833333333333333,48,23,CTCTGTGACTCTAATGGCAT,25,4573578
ybaY_predicted,2.4166666666666665,80,23,CTCGTACTTTCAAAGTGCGG,57,4570102
ybaY_predicted,0.375,31,23,CTAGAAGTACGGCCAGAGTC,8,4564796
ybaY_predicted,0.6666666666666666,38,23,CTACACCTTAACCACTGGCT,15,4571295
ybaY_predicted,1.7916666666666667,65,23,CGTTCCAGTTAGAAGGGTGA,42,4595499
ybaY_predicted,0.08333333333333333,24,23,CGGTTATGTGCCTGAATTTT,1,4554407
ybaY_predicted,2.7916666666666665,89,23,CGGTTACCAGGTCTGAGGTA,66,4576722
ybaY_predicted,0.25,28,23,CGCTGAAAGGGCTGAAGACT,5,4564665
ybaY_predicted,2.0416666666666665,71,23,CGCGTTACGGAAATTGGCTG,48,4587847
ybaY_predicted,0.08333333333333333,24,23,CGATACAAACCGGAGGACGT,1,4560787
ybaY_predicted,0.4166666666666667,32,23,CGAGGCTTCTATTGCGTTTT,9,4545969
ybaY_predicted,0.08333333333333333,24,23,CCTGTTGGAACTAGCCAAGG,1,4573933
ybaY_predicted,0.9166666666666666,44,23,CCTGCCTTAAATCGTTGAAC,21,4559888
ybaY_predicted,2.4583333333333335,81,23,CCTCAGGCAAGATAGACGTA,58,4572209
ybaY_predicted,1.2916666666666667,53,23,CCTACTGGATTGTAGCGTTA,30,4570954
ybaY_predicted,0.875,43,23,CCGTGGGCTTCTTTCTTATT,20,4594235
ybaY_predicted,1.0,46,23,CCGACCAGTACTATCGATCA,23,4584265
ybaY_predicted,0.625,37,23,CCCGCACCCCTGCGCCAGCT,14,4596237
ybaY_predicted,0.5416666666666666,35,23,CCCGATAATGAGGCTCAACT,12,4588209
ybaY_predicted,0.08333333333333333,24,23,CCCAGAAATGATGCCTCTGG,1,4553701
ybaY_predicted,1.0,46,23,CATCGCAATGGTGCAGGACA,23,4554885
ybaY_predicted,0.5416666666666666,35,23,CAGCTGAGAAAAAGTGCCGA,12,4554362
ybaY_predicted,0.9166666666666666,44,23,CACGTGGGCGAACTATCCTG,21,4588952
ybaY_predicted,1.375,55,23,CACATCCTAGTAACGGATGC,32,4583005
ybaY_predicted,0.75,40,23,CACAGTGGTTAAACGTTCGG,17,4575696
ybaY_predicted,1.75,64,23,CAATACTGCTCTATACGATG,41,4569243
ybaY_predicted,1.3333333333333333,54,23,CAAGAGAGTTGCGGGCCTGG,31,4575829
ybaY_predicted,0.5416666666666666,35,23,CAACGCCTTGGCTTAGGGGA,12,4587157
ybaY_predicted,0.125,25,23,CAACAAAAGTGCCGAAATAT,2,4545815
ybaY_predicted,0.625,37,23,ATTTAACGTGATCCATTGCA,14,4573316
ybaY_predicted,0.9583333333333334,45,23,ATTCCTGGCGTATGCTGGGT,22,4578449
ybaY_predicted,2.0833333333333335,72,23,ATGTTCACCATCACTTCGGT,49,4585038
ybaY_predicted,0.08333333333333333,24,23,ATGTTAGACGGCTTGGACGA,1,4569224
ybaY_predicted,0.08333333333333333,24,23,ATGGTGGTTCCAATGCCGAT,1,4570760
ybaY_predicted,0.3333333333333333,30,23,ATGCAGGAACATTCGAGGCT,7,4593464
ybaY_predicted,1.2083333333333333,51,23,ATGCAGATGGTTTGATTCGG,28,4594855
ybaY_predicted,0.08333333333333333,24,23,ATGAGTCCTAACCAGTTTAC,1,4545177
ybaY_predicted,1.375,55,23,ATCATAACCTCTTAGGCGCA,32,4564303
ybaY_predicted,0.875,43,23,ATAAGCCCCGGGAACCAACG,20,4565140
ybaY_predicted,0.875,43,23,AGTTGTTTTGAGCAAAAATT,20,4570551
ybaY_predicted,1.125,49,23,AGTGCAAATTTAAAAATGGG,26,4590554
ybaY_predicted,1.9166666666666667,68,23,AGTCATTAGATAAAACTGGT,45,4579793
ybaY_predicted,1.2083333333333333,51,23,AGTAGTCTCTCTCGCTCATA,28,4568157
ybaY_predicted,2.8333333333333335,90,23,AGGTTTCGAGTTGCAAGTTT,67,4575967
ybaY_predicted,0.5,34,23,AGAGGTGGGGACCACACCTA,11,4559159
ybaY_predicted,1.0833333333333333,48,23,ACTTGTGTGCATTTTGATTA,25,4550902
ybaY_predicted,0.4166666666666667,32,23,ACTTCTCGCGAGCCTAGATT,9,4562350
ybaY_predicted,1.7916666666666667,65,23,ACTACGTGTTCTTTCCTGGG,42,4573660
ybaY_predicted,0.7916666666666666,41,23,ACGCATAGTTATACTCCATC,18,4564918
ybaY_predicted,0.375,31,23,ACGAATAGCTTTGACAGTCC,8,4587313
ybaY_predicted,1.25,52,23,ACCTCAGAGTTGTTTCCTCC,29,4588417
ybaY_predicted,1.3333333333333333,54,23,ACCCAGGAGAAACTCCCGGT,31,4577742
ybaY_predicted,0.125,25,23,ACCATGTTTCCTAGAGCGTT,2,4558017
ybaY_predicted,1.5416666666666667,59,23,ACACTCCCTATGCTCTCTCA,36,4553711
ybaY_predicted,1.5,58,23,ACACGGCTTTTTGCAAGGAT,35,4567775
ybaY_predicted,3.3333333333333335,102,23,AATTTATCCATCCATGCGAC,79,4578488
ybaY_predicted,0.20833333333333334,27,23,AATATTCCTTCTAGACAGTT,4,4572955
ybaY_predicted,0.7916666666666666,41,23,AAGGACACTCGCAACTCTGT,18,4561139
ybaY_predicted,1.2916666666666667,53,23,AAGCGGGAGGTAAAAAGGTA,30,4585917
ybaY_predicted,0.9166666666666666,44,23,AAGCACCACCCTCGAGAGCA,21,4563069
ybaY_predicted,0.7083333333333334,39,23,AAGACGCACGGAGGTAAAGT,16,4550982
ybaY_predicted,0.5833333333333334,36,23,AAATAGATTATCAGTCATTA,13,4590427
ybaY_predicted,0.7916666666666666,41,23,AAATACGATAAACGAAAAGC,18,4563081
ybaY_predicted,0.9166666666666666,44,23,AAACCAAGCATGAAAGCATG,21,4561810
ybaY_predicted,0.08695652173913043,23,22,TTTGGTTGGCTATGTGTGCG,1,4553358
ybaY_predicted,1.9565217391304348,66,22,TTTGCTGACTTTTGTCATAC,44,4562520
ybaY_predicted,1.7826086956521738,62,22,TTGTTAATAACCGCAGACAT,40,4559725
ybaY_predicted,1.9130434782608696,65,22,TTCCTTTGTTCCCGCTCAGT,43,4548558
ybaY_predicted,2.5217391304347827,79,22,TTATTGATAAATCGACTTGG,57,4555332
ybaY_predicted,2.5652173913043477,80,22,TGTTGGGTGATTGTTTCCGA,58,4563017
ybaY_predicted,0.782608695652174,39,22,TGTAGAGACGAAAGTTACGT,17,4595140
ybaY_predicted,1.0434782608695652,45,22,TGGGGAGACCCACAGCCTGA,23,4548913
ybaY_predicted,0.8695652173913043,41,22,TGGGAACTCTCCACGTTAGT,19,4556044
ybaY_predicted,2.0,67,22,TGGCGGCGTGGTACCACCTC,45,4588192
ybaY_predicted,1.1304347826086956,47,22,TGGACGGAATTATTTACTGA,25,4554057
ybaY_predicted,1.565217391304348,57,22,TGCTACGCTGCGGGCTCTTG,35,4544506
ybaY_predicted,0.6086956521739131,35,22,TGAACCGTCCCGGGATAAGA,13,4584087
ybaY_predicted,1.8695652173913044,64,22,TCTCCTGGTCGCGCGCCGCC,42,4550293
ybaY_predicted,0.34782608695652173,29,22,TCTCAGATTGAACACAGTCA,7,4563703
ybaY_predicted,0.7391304347826086,38,22,TCTCAATAGCGGTCGAAAAC,16,4554861
ybaY_predicted,0.5652173913043478,34,22,TCTAAATTCGGTATCAGTGA,12,4573067
ybaY_predicted,0.30434782608695654,28,22,TCGGGGAGCTAATGCCCCTG,6,4561285
ybaY_predicted,0.9130434782608695,42,22,TCGGATATCGGACAAACAGA,20,4546026
ybaY_predicted,0.4782608695652174,32,22,TCGAAGTGTATGTCGTCCAA,10,4546346
ybaY_predicted,0.08695652173913043,23,22,TCATTCTTAAACCTTGCTAT,1,4588537
ybaY_predicted,1.0,44,22,TCATCTCGCTTTCAAAGAGT,22,4592938
ybaY_predicted,1.9130434782608696,65,22,TCAGGGTCCTGTTTAGAGGA,43,4561994
ybaY_predicted,0.9130434782608695,42,22,TCAAGTCTCTTTCCATTCTT,20,4551674
ybaY_predicted,1.1304347826086956,47,22,TAGAAGTACCAGCGTATCCG,25,4565763
ybaY_predicted,0.6956521739130435,37,22,TACTAACATCCTGGTGACTA,15,4595090
ybaY_predicted,0.5652173913043478,34,22,TACAAGTCCAATTGCTAGCC,12,4547244
ybaY_predicted,0.2608695652173913,27,22,TAAGTTTCAACTTACCGTGA,5,4559156
ybaY_predicted,0.30434782608695654,28,22,TAACTCCCTCGTCGATACAC,6,4595728
ybaY_predicted,0.5217391304347826,33,22,GTGTTATATATGGTTTGCTC,11,4573555
ybaY_predicted,1.7391304347826086,61,22,GTGGCACGTCCTCAGTGTTC,39,4572946
ybaY_predicted,1.9565217391304348,66,22,GTGCTTCTATGATTACGGTC,44,4548585
ybaY_predicted,1.173913043478261,48,22,GTGCTCGACCCCATGTGAAC,26,4590820
ybaY_predicted,0.6956521739130435,37,22,GTCTATACCAGAACTGCCCA,15,4584978
ybaY_predicted,0.2608695652173913,27,22,GTCCCAGACATCGACGTCTA,5,4558023
ybaY_predicted,0.8260869565217391,40,22,GTCCACCATGATATGATAGC,18,4556668
ybaY_predicted,0.30434782608695654,28,22,GTCCACACCGATCCTGTTAT,6,4593042
ybaY_predicted,0.782608695652174,39,22,GTCAAGGCGACCACGACAAT,17,4551820
ybaY_predicted,6.304347826086956,166,22,GGTGGCGAGATGGGGTCATC,144,4552953
ybaY_predicted,1.0434782608695652,45,22,GGTCTTGTGCGAACCGCTAA,23,4547872
ybaY_predicted,1.0,44,22,GGTAATACACTCCCCGTAAT,22,4594563
ybaY_predicted,0.8695652173913043,41,22,GGGTGGAGAGTTGCACACCT,19,4548722
ybaY_predicted,2.1739130434782608,71,22,GGGTATCGAACGGTTGACAT,49,4546439
ybaY_predicted,0.08695652173913043,23,22,GGGACCTTAGATGCCATGTT,1,4580958
ybaY_predicted,1.6956521739130435,60,22,GGCCCATATATCTCTTGTGA,38,4596197
ybaY_predicted,0.6521739130434783,36,22,GGCATACGGAAATATCCGAT,14,4573572
ybaY_predicted,0.13043478260869565,24,22,GGATGCTGGGTTTGATAAGG,2,4589880
ybaY_predicted,0.08695652173913043,23,22,GGAGGAACTGCCCCAGAGAG,1,4552841
ybaY_predicted,1.9565217391304348,66,22,GGAGCGGGTAGGCCGTCTTT,44,4588230
ybaY_predicted,2.217391304347826,72,22,GGAATTGAAAGATGGGCAAG,50,4568874
ybaY_predicted,2.4347826086956523,77,22,GCTTGGGCAGGTTGGCCCTG,55,4583311
ybaY_predicted,1.608695652173913,58,22,GCTTCCGGTTAATATTTTGT,36,4578966
ybaY_predicted,0.782608695652174,39,22,GCTGATCCCCCCCTGCAGAG,17,4576826
ybaY_predicted,1.2608695652173914,50,22,GCGTCGTTGGGATTCGTGCA,28,4580741
ybaY_predicted,0.6086956521739131,35,22,GCGTCGGGCGGTCCTAAGGT,13,4590170
ybaY_predicted,1.7826086956521738,62,22,GCCTTGAGGAAACGAGGTTA,40,4554594
ybaY_predicted,0.782608695652174,39,22,GCATTGACGTATACCATAAG,17,4577246
ybaY_predicted,1.391304347826087,53,22,GCAGTGAGGAGATCTACTGA,31,4549906
ybaY_predicted,0.13043478260869565,24,22,GCAGCAGTGTGTGTGTTTGT,2,4574851
ybaY_predicted,0.08695652173913043,23,22,GCAGACCGGCACTAGCCAAA,1,4567667
ybaY_predicted,1.2173913043478262,49,22,GCACACCATAGCTGGAGGGG,27,4558838
ybaY_predicted,0.08695652173913043,23,22,GCAACAGGCTCCCCCCCGTG,1,4569724
ybaY_predicted,0.2608695652173913,27,22,GATCTCCCATGTCTAGCCAT,5,4589168
ybaY_predicted,0.5652173913043478,34,22,GATACATTCCCGTACGTACT,12,4547663
ybaY_predicted,1.826086956521739,63,22,GAGGTCCCACAGTACAGGCT,41,4546385
ybaY_predicted,0.8695652173913043,41,22,GAGATTGAAGAAGAGCAGGC,19,4566563
ybaY_predicted,1.8695652173913044,64,22,GAGAGCCGAAATCTCCAATG,42,4577241
ybaY_predicted,1.0,44,22,GACTGGGATCGCAGAGTTCT,22,4577380
ybaY_predicted,3.260869565217391,96,22,GACCTTTGTTTACCCTTCGT,74,4581009
ybaY_predicted,1.3478260869565217,52,22,GACCTGAGGGATCCGGAAGA,30,4569657
ybaY_predicted,0.2608695652173913,27,22,GAACCTATCAGGCAGGACCA,5,4565216
ybaY_predicted,1.608695652173913,58,22,GAAATTTTGGCCCCTTTCCA,36,4549334
ybaY_predicted,1.173913043478261,48,22,CTTTTCTCACTCCGGTTGGT,26,4566497
ybaY_predicted,0.2608695652173913,27,22,CTTGTAGGGGGATCCGACAG,5,4564497
ybaY_predicted,0.13043478260869565,24,22,CTTCTTAGAGACTTGTTAGA,2,4589231
ybaY_predicted,0.08695652173913043,23,22,CTTACAACGTAAGAGTTCAG,1,4585793
ybaY_predicted,0.08695652173913043,23,22,CTGTATTCTCCAAAATATGC,1,4571598
ybaY_predicted,0.08695652173913043,23,22,CTGTACGATGACCTACGCCA,1,4549862
ybaY_predicted,0.5652173913043478,34,22,CTAGGCCTTGCTGCCGCGCT,12,4593320
ybaY_predicted,3.0434782608695654,91,22,CTAACCCGTTAGAGAGAGTT,69,4584671
ybaY_predicted,1.7391304347826086,61,22,CGTTATCCACTCGGTGCCTA,39,4567060
ybaY_predicted,0.5217391304347826,33,22,CGGTGATCCTGCCGCGTGTA,11,4585192
ybaY_predicted,2.0434782608695654,68,22,CGGGCATTTACGTAGCTCAT,46,4564142
ybaY_predicted,0.08695652173913043,23,22,CGGCATCCTGCTCAATACGT,1,4566111
ybaY_predicted,0.5652173913043478,34,22,CGGCAGCTAGCTCTAGAGCC,12,4562680
ybaY_predicted,0.2608695652173913,27,22,CGGAGCTGGTAGAAAGGCAT,5,4574859
ybaY_predicted,0.21739130434782608,26,22,CGCAGCGTGTCCTGCGATCA,4,4555170
ybaY_predicted,3.9565217391304346,112,22,CGATATCCCCCGGGCGGATG,90,4547750
ybaY_predicted,0.7391304347826086,38,22,CCTGTCACACATCTCGGTGC,16,4566414
ybaY_predicted,1.0869565217391304,46,22,CCTGAGGAGAATATTTGTAA,24,4572223
ybaY_predicted,0.6086956521739131,35,22,CCTCTGCCTGCCGAAATTCT,13,4567771
ybaY_predicted,1.1304347826086956,47,22,CCTCTACGAGGAGAATCGTT,25,4568182
ybaY_predicted,0.08695652173913043,23,22,CCTCGAATTAAGTCAGAAAG,1,4585091
ybaY_predicted,0.5217391304347826,33,22,CCTAATTCACGACGAGCCAG,11,4591901
ybaY_predicted,0.6521739130434783,36,22,CCGCCGCCCAGAAACCAATC,14,4564879
ybaY_predicted,1.5217391304347827,56,22,CCGCACTACGTTTTTAAACT,34,4564257
ybaY_predicted,0.8260869565217391,40,22,CCCAAAGAAGCTTGGCGCCA,18,4599263
ybaY_predicted,1.0434782608695652,45,22,CATTAACACACTCAAACTCA,23,4566347
ybaY_predicted,0.2608695652173913,27,22,CAGTGACCAGCCTTCTTCGC,5,4590808
ybaY_predicted,0.08695652173913043,23,22,CAGGCTTACCGTTGCTCTTT,1,4564310
ybaY_predicted,1.173913043478261,48,22,CAGGCATATATGTAACGAAA,26,4551861
ybaY_predicted,0.8695652173913043,41,22,CAGCGCCAACCTCTCAATCG,19,4571123
ybaY_predicted,0.6521739130434783,36,22,CACTGACAGGGACGGTCAAG,14,4560662
ybaY_predicted,1.1304347826086956,47,22,CACTATGCAGCAGATGTCAA,25,4573365
ybaY_predicted,2.130434782608696,70,22,CACGTCCCGACAGCTGAAGG,48,4573063
ybaY_predicted,1.5217391304347827,56,22,CACGGGTGACTCAGTCACAA,34,4562727
ybaY_predicted,0.5652173913043478,34,22,CACGAACGAGATTGGCCACA,12,4587499
ybaY_predicted,0.6521739130434783,36,22,CACATACAACTACGGATAGC,14,4549873
ybaY_predicted,0.5652173913043478,34,22,CAATTATGGTAAATTAATTT,12,4557139
ybaY_predicted,0.08695652173913043,23,22,ATTTGTAACCCACTCATCTA,1,4563614
ybaY_predicted,2.782608695652174,85,22,ATTACGGCCGGAGCGAAACC,63,4553603
ybaY_predicted,2.0869565217391304,69,22,ATTACATAAAAAAGTATCTT,47,4570690
ybaY_predicted,4.391304347826087,122,22,ATGGGTGAAACGGCGTCCTC,100,4573452
ybaY_predicted,0.08695652173913043,23,22,ATGCTTTAACTTAGCGTGGT,1,4592455
ybaY_predicted,0.34782608695652173,29,22,ATGAGTTCGCTTGGCATTAG,7,4550783
ybaY_predicted,0.13043478260869565,24,22,ATCTAAATCAGGTAAAATGG,2,4571195
ybaY_predicted,0.5217391304347826,33,22,ATCCTCAATGCAAGAGCTGA,11,4555812
ybaY_predicted,1.0434782608695652,45,22,ATCATCGAAAAAACAGCTTA,23,4567020
ybaY_predicted,0.08695652173913043,23,22,ATCACTAGCACGGACAAATG,1,4566789
ybaY_predicted,4.217391304347826,118,22,ATCAACCACGGTAATTGCGA,96,4585874
ybaY_predicted,1.6521739130434783,59,22,ATAGCGAACAAGAGGCTACG,37,4556157
ybaY_predicted,1.5217391304347827,56,22,ATACGCCCGCTGAGTAGCAT,34,4579330
ybaY_predicted,0.13043478260869565,24,22,AGTTGCCGGCGGTGGGGTGC,2,4567492
ybaY_predicted,0.782608695652174,39,22,AGTGGTAGTTCTTGCATGTG,17,4572377
ybaY_predicted,1.2608695652173914,50,22,AGTGCGGACCCCTGGTTCAT,28,4550181
ybaY_predicted,0.391304347826087,30,22,AGTCAAGGCGAACGGATCCA,8,4555600
ybaY_predicted,0.08695652173913043,23,22,AGTAACGATAATTATATAGG,1,4551519
ybaY_predicted,0.13043478260869565,24,22,AGGCGACGGGGACCGTCGAG,2,4557142
ybaY_predicted,0.43478260869565216,31,22,AGGCCTGCTAGAACGGGTTA,9,4552557
ybaY_predicted,0.5652173913043478,34,22,AGGCATCTTATCTCTCCTTG,12,4583561
ybaY_predicted,0.17391304347826086,25,22,AGCATGTTTGAGCTGAACCT,3,4591816
ybaY_predicted,5.521739130434782,148,22,ACTCCATCAGCTCGATCTAC,126,4558099
ybaY_predicted,1.173913043478261,48,22,ACTCCACGATCTATTTGAGC,26,4565487
ybaY_predicted,0.13043478260869565,24,22,ACGGTGTTTATTTCTGCAAT,2,4551399
ybaY_predicted,0.5217391304347826,33,22,ACGGGGCAAGGTGCCCCACT,11,4592470
ybaY_predicted,2.4782608695652173,78,22,ACGCACAGCGGTATGGCCCT,56,4555759
ybaY_predicted,0.6086956521739131,35,22,ACGATTACTTGCGAACTGTA,13,4574703
ybaY_predicted,0.2608695652173913,27,22,ACCTGCTTTTTCTGGGAAGT,5,4555437
ybaY_predicted,0.5217391304347826,33,22,ACCGATTCGCGGTTTCGGCT,11,4545477
ybaY_predicted,0.391304347826087,30,22,ACCAGCTACTATTATTGTGC,8,4595468
ybaY_predicted,0.08695652173913043,23,22,AATCGTTCGAGAGAAGTAGA,1,4560258
ybaY_predicted,0.6956521739130435,37,22,AACCGGGACCGTGGTTCAGA,15,4549968
ybaY_predicted,4.478260869565218,124,22,AACCGATGAGACTGCCGCTA,102,4549965
ybaY_predicted,1.434782608695652,54,22,AACCCATCCCCGGTTTCGCG,32,4554367
ybaY_predicted,1.434782608695652,54,22,AACATTTAATAGCTTGCGGT,32,4591348
ybaY_predicted,2.347826086956522,75,22,AAAGTTAGAATCAGTCCAGC,53,4572589
ybaY_predicted,0.7391304347826086,38,22,AAAGCTTAGCCATATGATAC,16,4587267
ybaY_predicted,0.22727272727272727,25,21,TTTTCTGCAAGCGCCCGCAA,4,4591068
ybaY_predicted,3.8181818181818183,104,21,TTTTAGCTCATAAGGATCCT,83,4585670
ybaY_predicted,1.7727272727272727,59,21,TTTGCTGAAGCTGGGTAGCT,38,4596539
ybaY_predicted,3.409090909090909,95,21,TTTAAACGACACAATGACCT,74,4568738
ybaY_predicted,1.1363636363636365,45,21,TTGTTACCGCCCGTTCTGCA,24,4578458
ybaY_predicted,2.8181818181818183,82,21,TTGGGTCGGAGCGATTTAAC,61,4577992
ybaY_predicted,3.5454545454545454,98,21,TTGCGCTTTCGGCGTAGAAT,77,4550296
ybaY_predicted,0.22727272727272727,25,21,TTGCCGTAATTTGGAATGTA,4,4570588
ybaY_predicted,0.9090909090909091,40,21,TTGAAGGCTCCCTTTGGTAA,19,4582641
ybaY_predicted,1.2727272727272727,48,21,TTCTCATCTACTAGGGCGGT,27,4551231
ybaY_predicted,0.5454545454545454,32,21,TTCGTGTGAGACGGAGGACG,11,4584213
ybaY_predicted,0.6818181818181818,35,21,TTCGGTTCATCGCCTCAGAC,14,4592787
ybaY_predicted,0.7727272727272727,37,21,TTCGGGTTAATTTAGGTCCT,16,4549498
ybaY_predicted,0.3181818181818182,27,21,TTCCAGATTATTTCTCCACG,6,4593572
ybaY_predicted,1.0454545454545454,43,21,TTCAATTAAAGAACAAAAGG,22,4583394
ybaY_predicted,1.6818181818181819,57,21,TGTGAACACCAGGTTATCGT,36,4581535
ybaY_predicted,1.2727272727272727,48,21,TGTCAACTACTTAAAGAGAG,27,4549971
ybaY_predicted,0.9545454545454546,41,21,TGGCCTTCACTCGCCCTGAA,20,4578330
ybaY_predicted,0.18181818181818182,24,21,TGGAGCACGCGCGTACGTAG,3,4582270
ybaY_predicted,0.4090909090909091,29,21,TGCGTGGTTAATCTTCGTAT,8,4577734
ybaY_predicted,0.3181818181818182,27,21,TGCCCTTTGCCATCCGGGTA,6,4583633
ybaY_predicted,0.5454545454545454,32,21,TGCCAACAGCATTGGAGAGA,11,4555686
ybaY_predicted,2.8181818181818183,82,21,TGAGGGGACCCTGAACAGAA,61,4592418
ybaY_predicted,0.6818181818181818,35,21,TCTTTGAGGGGCAAATAGAG,14,4544811
ybaY_predicted,0.4090909090909091,29,21,TCTACTAAATTAACCCAGCT,8,4576396
ybaY_predicted,2.409090909090909,73,21,TCGTGGATTATTGCATTACC,52,4590039
ybaY_predicted,1.1363636363636365,45,21,TCCGTCGTCTAATGCTAGCC,24,4558748
ybaY_predicted,0.13636363636363635,23,21,TCCCAGCTGTCGCCTTAGCG,2,4592258
ybaY_predicted,1.3181818181818181,49,21,TCCAAAGTTCATCCGCAGAC,28,4581449
ybaY_predicted,1.9090909090909092,62,21,TCATGATCCGGGCCTCCTAT,41,4599339
ybaY_predicted,0.6818181818181818,35,21,TATTCGGTTTAAGTTCCAGA,14,4548788
ybaY_predicted,3.090909090909091,88,21,TATAAATAATGATTTCCATG,67,4580160
ybaY_predicted,0.36363636363636365,28,21,TAGGGGTATGGATCCAGCCC,7,4592822
ybaY_predicted,0.7727272727272727,37,21,TAGAAGTCACGGGAAGCTTT,16,4560480
ybaY_predicted,0.6818181818181818,35,21,TACTCCCCGCTCCATGGCCT,14,4575782
ybaY_predicted,1.6818181818181819,57,21,TACAAATATCAACATTTTCA,36,4553281
ybaY_predicted,0.5,31,21,TAATCATGACAGGAGCTCTG,10,4574404
ybaY_predicted,0.5454545454545454,32,21,GTTGGGACATATGCGTTTTG,11,4558201
ybaY_predicted,0.09090909090909091,22,21,GTTACTATTCCTAGGGATTT,1,4570909
ybaY_predicted,0.6818181818181818,35,21,GTGCATGTTCGGCGGTCGGT,14,4595591
ybaY_predicted,1.0,42,21,GTGATTCTAAGGCGTCTTTT,21,4566889
ybaY_predicted,1.0909090909090908,44,21,GTCTTTAACGGTCCGTGGAC,23,4586493
ybaY_predicted,0.7727272727272727,37,21,GTCTTGGCGTTCGTGCGTAG,16,4596584
ybaY_predicted,0.6363636363636364,34,21,GTCGCCTGTGTAGTGGCTTA,13,4563547
ybaY_predicted,3.0,86,21,GTATAACTTCTACGTGTAGG,65,4548209
ybaY_predicted,1.4545454545454546,52,21,GTAGCGTTGTGGACCATCCC,31,4564860
ybaY_predicted,2.090909090909091,66,21,GGTGATAAGGCCGGGACAGT,45,4599531
ybaY_predicted,0.18181818181818182,24,21,GGGTGCCCCAACTCCCACCA,3,4599839
ybaY_predicted,0.6818181818181818,35,21,GGGGACTGATTTTCGAAAAA,14,4553151
ybaY_predicted,1.1818181818181819,46,21,GGCTGTATCATCAATTGGCG,25,4563578
ybaY_predicted,1.4090909090909092,51,21,GGCGGCCGTGCTAGGTCCAA,30,4584466
ybaY_predicted,0.13636363636363635,23,21,GGCGGAGGCCGCCCCTAGAT,2,4584406
ybaY_predicted,1.4090909090909092,51,21,GCTTCAAGAGGTCGTTCATT,30,4592948
ybaY_predicted,0.09090909090909091,22,21,GCTCGTCTAAGATGGTCTCA,1,4549447
ybaY_predicted,0.9090909090909091,40,21,GCTCCAGAGCTCACCGAAAG,19,4554449
ybaY_predicted,0.13636363636363635,23,21,GCATTCCCTGTCATTGTATC,2,4554043
ybaY_predicted,0.18181818181818182,24,21,GCAGCCTCTTCGCGAATCCA,3,4568520
ybaY_predicted,0.09090909090909091,22,21,GCAGCATACTGCCAGGACTC,1,4552141
ybaY_predicted,0.6363636363636364,34,21,GCACGATGCGCGGGATTGTT,13,4592155
ybaY_predicted,0.09090909090909091,22,21,GCACAACTAAGTATCACTGC,1,4578599
ybaY_predicted,1.6363636363636365,56,21,GCAACAGTTCTCCACGTCCT,35,4598455
ybaY_predicted,1.0,42,21,GATTTTTATAGGATGTTCAC,21,4576180
ybaY_predicted,1.8181818181818181,60,21,GATCCGTGCGGATTCCTCTA,39,4544745
ybaY_predicted,1.5454545454545454,54,21,GATATAGGTTTCAAATTTCG,33,4554465
ybaY_predicted,0.2727272727272727,26,21,GATAGACGTGGTACAGGTGA,5,4592263
ybaY_predicted,2.4545454545454546,74,21,GAGCTGTCCACGCGCGGGAA,53,4579772
ybaY_predicted,1.1818181818181819,46,21,GAGCCTCGCCAGTGGGTGGT,25,4597456
ybaY_predicted,0.5909090909090909,33,21,GAGAGGGCGTTTCGCGTTAT,12,4598617
ybaY_predicted,2.4545454545454546,74,21,GACGGTTTCGGGAATTTCTT,53,4567845
ybaY_predicted,2.227272727272727,69,21,GAATATGTCGGCGTCATCAG,48,4580705
ybaY_predicted,0.13636363636363635,23,21,CTTGTTTTCTAACAATCGCG,2,4595356
ybaY_predicted,1.0,42,21,CTTATGTCTTTAACCTATTT,21,4565603
ybaY_predicted,0.09090909090909091,22,21,CTGTGGACGCTGTTTTCGCC,1,4568504
ybaY_predicted,2.0454545454545454,65,21,CTGGTCTCCTCCTAATTCTT,44,4566360
ybaY_predicted,0.3181818181818182,27,21,CTGCACGAACCGCCTCCGGG,6,4597268
ybaY_predicted,0.09090909090909091,22,21,CTCCTTGTGTCTGCTTGTTT,1,4547374
ybaY_predicted,1.2727272727272727,48,21,CTCCTTCTAAGCCTCGCAAT,27,4592062
ybaY_predicted,0.8636363636363636,39,21,CTCAGTGTTCCATGAAACTG,18,4558917
ybaY_predicted,0.36363636363636365,28,21,CTATCTTATGACTTGAACCG,7,4572902
ybaY_predicted,0.8636363636363636,39,21,CTAGTATGGCTTAAGTCTCA,18,4550658
ybaY_predicted,0.13636363636363635,23,21,CTAGCGTTATTGATCGATTA,2,4570388
ybaY_predicted,0.09090909090909091,22,21,CTAGACTGATTCGGCGGGAC,1,4561860
ybaY_predicted,1.3636363636363635,50,21,CTAAGCGCGTGCGGGACCAG,29,4577286
ybaY_predicted,1.2272727272727273,47,21,CGTGTTAATCATGACGGTCA,26,4596547
ybaY_predicted,0.45454545454545453,30,21,CGTATGCAACTGTGTGTCAC,9,4572004
ybaY_predicted,0.09090909090909091,22,21,CGCGAAGGTAAGGAGTGTTC,1,4552595
ybaY_predicted,1.5909090909090908,55,21,CCTGTTGTGTGCTTTATCTG,34,4567768
ybaY_predicted,0.3181818181818182,27,21,CCTGATCCTTCTAACGTGGC,6,4595357
ybaY_predicted,1.0909090909090908,44,21,CCTCTAAGCACGCATAGTAT,23,4570937
ybaY_predicted,1.2727272727272727,48,21,CCTCGAAGTCGAGGGTATAT,27,4572503
ybaY_predicted,1.3636363636363635,50,21,CCTAACGGGGGGTTTTTCGT,29,4557979
ybaY_predicted,0.09090909090909091,22,21,CCGTCAGCCTCGGTGAGGAT,1,4559788
ybaY_predicted,0.5454545454545454,32,21,CCCTGCACTGTAGGCCCATG,11,4561346
ybaY_predicted,1.4090909090909092,51,21,CCCCCGTCAAGAAGCAAGAG,30,4551484
ybaY_predicted,0.5454545454545454,32,21,CCATGTCCCCCAAATAACAA,11,4595347
ybaY_predicted,0.13636363636363635,23,21,CATTAGTGAGCCGAAGAACA,2,4555859
ybaY_predicted,2.0454545454545454,65,21,CATGCGGCAGTGCGCATCTT,44,4593193
ybaY_predicted,0.45454545454545453,30,21,CATGCAGGACACTTGCTCAT,9,4550655
ybaY_predicted,1.0909090909090908,44,21,CATCAGTATTAGGCATTCCT,23,4561216
ybaY_predicted,0.7727272727272727,37,21,CATAACCATAACTTGCGGTA,16,4599426
ybaY_predicted,0.8636363636363636,39,21,CAGGGAGTGCTCATTATCAT,18,4573780
ybaY_predicted,1.6818181818181819,57,21,CAGCTCGCCCGCTCCGAAGT,36,4587518
ybaY_predicted,0.8636363636363636,39,21,CACCTTTAAATCAATTGGTA,18,4563999
ybaY_predicted,0.22727272727272727,25,21,CAATCACTGCCAAGTCACAA,4,4589646
ybaY_predicted,2.8181818181818183,82,21,ATTGCCTCTTCTAAAGGGGT,61,4582692
ybaY_predicted,0.3181818181818182,27,21,ATTACCGCCAGGCCCTAGCA,6,4557935
ybaY_predicted,0.2727272727272727,26,21,ATTAATTATTATGGACTTTT,5,4580133
ybaY_predicted,0.2727272727272727,26,21,ATGTACAAATGATGTACACA,5,4561640
ybaY_predicted,0.6818181818181818,35,21,ATGCGAATGCTTAGGTGGGG,14,4595415
ybaY_predicted,1.0909090909090908,44,21,ATGCCTCCGAAGTCTCGGCG,23,4571047
ybaY_predicted,1.4545454545454546,52,21,ATGCCACGAAGTAATGAACA,31,4553387
ybaY_predicted,0.18181818181818182,24,21,ATGACGCGGATATGTGAGTT,3,4553279
ybaY_predicted,1.4090909090909092,51,21,ATGACCTAGCATCGGTCGAT,30,4560575
ybaY_predicted,0.4090909090909091,29,21,ATCTAGGAGTTGAATGAACA,8,4594442
ybaY_predicted,0.5,31,21,ATCGTGGGCCTAAAGTATAA,10,4559520
ybaY_predicted,1.4545454545454546,52,21,ATCGCCATTCTACCCCAGGC,31,4593727
ybaY_predicted,0.09090909090909091,22,21,ATCAAGACCTAAGGCGTGTT,1,4547333
ybaY_predicted,0.5,31,21,ATACGATGAAGGTCGAGTTG,10,4588503
ybaY_predicted,0.09090909090909091,22,21,ATAATGCGAAACATAGTGAC,1,4594585
ybaY_predicted,1.5,53,21,AGTTACACCGGTGAAGCGGC,32,4567858
ybaY_predicted,0.5454545454545454,32,21,AGTACACGGGTACAATTTCA,11,4573673
ybaY_predicted,1.5,53,21,AGGGACGCAGATAAATATTG,32,4592452
ybaY_predicted,0.9545454545454546,41,21,AGGAAGTCGTTGGGGGGATA,20,4578347
ybaY_predicted,1.0909090909090908,44,21,AGCGGGGTTAATTCTAAATA,23,4551250
ybaY_predicted,0.45454545454545453,30,21,AGCGCCGGTAACGCGTGATG,9,4571231
ybaY_predicted,3.0454545454545454,87,21,AGCAAACGCCCGGGTCCATA,66,4578477
ybaY_predicted,1.9545454545454546,63,21,AGATTCCTCGTATGACATTT,42,4586574
ybaY_predicted,0.6363636363636364,34,21,AGATATACTTGCACCGCCCG,13,4550085
ybaY_predicted,0.09090909090909091,22,21,ACTTTGATAGTGGGAGACAA,1,4585637
ybaY_predicted,1.0454545454545454,43,21,ACTTGTGTTTGTTCCCTAAG,22,4566348
ybaY_predicted,3.8181818181818183,104,21,ACTGCCGGAGTTAATCGGGG,83,4561709
ybaY_predicted,0.22727272727272727,25,21,ACTGCAAACACCGCTTCATA,4,4555753
ybaY_predicted,2.409090909090909,73,21,ACTCGAGATTCTGCATACCA,52,4565136
ybaY_predicted,0.36363636363636365,28,21,ACCCTCCTTTGATATTGGTA,7,4594557
ybaY_predicted,3.6818181818181817,101,21,ACCCTCCAAATAAACTACTA,80,4549886
ybaY_predicted,1.0454545454545454,43,21,ACCATTGTCGGGAGGTCTAG,22,4570662
ybaY_predicted,0.9545454545454546,41,21,ACAATCGCCACCAAGACCCA,20,4582710
ybaY_predicted,0.6818181818181818,35,21,AATAGCCTTTAGACGCAAAC,14,4591853
ybaY_predicted,0.45454545454545453,30,21,AATAATGAGTGGGGGTCATC,9,4553813
ybaY_predicted,0.8181818181818182,38,21,AAGCCAATAACTCAGGTCTA,17,4584868
ybaY_predicted,0.09090909090909091,22,21,AACCCATAAGGGTTACCAGG,1,4582917
ybaY_predicted,0.45454545454545453,30,21,AAATCTGAGGATACCCGTGC,9,4554164
ybaY_predicted,1.8181818181818181,60,21,AAAGGTCCTACGTATGAGAG,39,4554258
ybaY_predicted,1.5909090909090908,55,21,AAACCGAGTCGTATGGGTCA,34,4589182
ybaY_predicted,1.0476190476190477,41,20,TTTCTAAAGACGGGAGTTTG,21,4553699
ybaY_predicted,1.1428571428571428,43,20,TTTCATCAAAACGTCCGTAC,23,4561356
ybaY_predicted,0.9523809523809523,39,20,TTTCAAAGACACAAGGGCGA,19,4573783
ybaY_predicted,1.3333333333333333,47,20,TTTATAGCTCAAGCGACCGC,27,4595698
ybaY_predicted,0.5238095238095238,30,20,TTGATGCTAAAAGAACGCAG,10,4563390
ybaY_predicted,1.0476190476190477,41,20,TTCTAGTGTATGAGGGGTAA,21,4552479
ybaY_predicted,0.2857142857142857,25,20,TTCGCAACCGGCCAGACTCA,5,4578692
ybaY_predicted,6.666666666666667,159,20,TTCCAGTTTAAGCCACTGAA,139,4598774
ybaY_predicted,1.5714285714285714,52,20,TTAGTGATGCCATTAGTTCT,32,4582277
ybaY_predicted,0.7142857142857143,34,20,TTAGATTACGTTGTTGAAAA,14,4580377
ybaY_predicted,1.0952380952380953,42,20,TTAATGAGTGCGGTTTCAAA,22,4559451
ybaY_predicted,1.9047619047619047,59,20,TTAAACGGGTGCATTCGCGT,39,4598049
ybaY_predicted,1.2380952380952381,45,20,TGTTTAATCCAACTGTCGGA,25,4580255
ybaY_predicted,0.09523809523809523,21,20,TGTCTTCCCGCGGTTGTGTC,1,4570696
ybaY_predicted,1.2857142857142858,46,20,TGTCTATGCCGGCCCGGTAT,26,4547696
ybaY_predicted,0.7619047619047619,35,20,TGTAGGAGGCTCTAGTCTTA,15,4581247
ybaY_predicted,1.0476190476190477,41,20,TGGTTGGAGTGATCAGTCTT,21,4555204
ybaY_predicted,0.6190476190476191,32,20,TGGGGTTCAGCTAAACCCGG,12,4564564
ybaY_predicted,1.0,40,20,TGGGGATCGTTTTTAAGGTC,20,4568386
ybaY_predicted,1.0,40,20,TGGAATCGTTCAGAGCCTAT,20,4569339
ybaY_predicted,1.380952380952381,48,20,TGCTACATCTGTGCGGTGCT,28,4579648
ybaY_predicted,0.2857142857142857,25,20,TGCGGTCCCGCACCTACAAT,5,4590542
ybaY_predicted,0.09523809523809523,21,20,TGCCGTGCAGGGGCTAAGGG,1,4593647
ybaY_predicted,0.2857142857142857,25,20,TGAGCGGAGCGGTCTCTTAG,5,4566142
ybaY_predicted,0.47619047619047616,29,20,TCTAGAGAATTCCCGTTGTG,9,4592880
ybaY_predicted,1.3333333333333333,47,20,TCTAACCTCCTCCCCCTATG,27,4566626
ybaY_predicted,1.2380952380952381,45,20,TCGTTCGTGCTCGATTGTAA,25,4551545
ybaY_predicted,0.8095238095238095,36,20,TCGGTCATTCGAGCACGAGA,16,4562602
ybaY_predicted,5.238095238095238,129,20,TCGCCTCCTACAGGTCTCGC,109,4570184
ybaY_predicted,0.09523809523809523,21,20,TCCTTCCAAACCCATATGAC,1,4545556
ybaY_predicted,1.1904761904761905,44,20,TCACTATGGGTTCGGCAGAC,24,4585774
ybaY_predicted,3.238095238095238,87,20,TCAACAGGGAAATACTCGTC,67,4562534
ybaY_predicted,0.09523809523809523,21,20,TATCACTCTAAGGGCGGTTT,1,4579391
ybaY_predicted,0.6666666666666666,33,20,TAGGTTTTTCTCTCACCCTA,13,4588688
ybaY_predicted,0.5714285714285714,31,20,TAGACATACACCACGCACAG,11,4547178
ybaY_predicted,0.8095238095238095,36,20,TACCGGTAAGTGGGCATACA,16,4554646
ybaY_predicted,1.1428571428571428,43,20,TAAGTCCGCGCCTAACAGTA,23,4594562
ybaY_predicted,1.1428571428571428,43,20,TAAGGGGTAGAAACGGCATA,23,4594009
ybaY_predicted,0.6190476190476191,32,20,TAACTTGATAGTTACTACTT,12,4561921
ybaY_predicted,0.7142857142857143,34,20,GTTTTTGTAAATACGATTGT,14,4586548
ybaY_predicted,1.8571428571428572,58,20,GTTTAGTCGTGGATCCCAGG,38,4584482
ybaY_predicted,3.7142857142857144,97,20,GTTCAACTTCGGTAAACATA,77,4572717
ybaY_predicted,0.2857142857142857,25,20,GTTATATCAAGATTCAACTG,5,4577852
ybaY_predicted,0.6666666666666666,33,20,GTTACACACGAGCTAGTGAA,13,4560256
ybaY_predicted,0.14285714285714285,22,20,GTTAAGGTGGTGAAATCATT,2,4568137
ybaY_predicted,0.09523809523809523,21,20,GTGTGTGCAGAGGCCACATC,1,4597208
ybaY_predicted,1.1428571428571428,43,20,GTGTATTAAATCGAGGGGCT,23,4579114
ybaY_predicted,1.0952380952380953,42,20,GTCATGTTATCGGAATCGGT,22,4550690
ybaY_predicted,1.2380952380952381,45,20,GTAAACTAAGACTCAAGGAA,25,4560346
ybaY_predicted,2.8095238095238093,78,20,GGTGCATGTCCACCACTACA,58,4549969
ybaY_predicted,0.8095238095238095,36,20,GGGTGCATTTACCGGATTTG,16,4590716
ybaY_predicted,0.38095238095238093,27,20,GGGTATGTCGTACCAACAAA,7,4546046
ybaY_predicted,1.0952380952380953,42,20,GGGCAGGGGATAAGCAGGGA,22,4548256
ybaY_predicted,0.7142857142857143,34,20,GGGCACGGAGTGTGATAATC,14,4596542
ybaY_predicted,2.857142857142857,79,20,GGGACCACCATTATTGGGAG,59,4584211
ybaY_predicted,2.0476190476190474,62,20,GGATAGTTGGAGGTTAAGCA,42,4569676
ybaY_predicted,0.09523809523809523,21,20,GGACCGCTTATTTGTAGGGA,1,4596614
ybaY_predicted,0.9523809523809523,39,20,GGAAAGGTCGATCCTTTCAA,19,4594147
ybaY_predicted,1.8095238095238095,57,20,GCAGTGATATCTGCCTAGTG,37,4595716
ybaY_predicted,1.0,40,20,GATTACCACCGTTGGTCCAG,20,4577113
ybaY_predicted,3.0476190476190474,83,20,GATGATTACCTGATCATTCG,63,4591237
ybaY_predicted,0.38095238095238093,27,20,GATATTCGGAATACTTAGAG,7,4592467
ybaY_predicted,1.619047619047619,53,20,GACGGTGCAGGCACCGGTAC,33,4595669
ybaY_predicted,6.714285714285714,160,20,GACCTTGCTGTGTTAGCGCA,140,4567989
ybaY_predicted,2.619047619047619,74,20,GAAGAAGAGTCCGTCAAGCA,54,4592365
ybaY_predicted,0.3333333333333333,26,20,CTTTAGAGCGTTATCAACCT,6,4585574
ybaY_predicted,3.4761904761904763,92,20,CTGGTTGTATCGAGTTATTA,72,4593729
ybaY_predicted,0.47619047619047616,29,20,CTGGAACAATCTGAATCACC,9,4552763
ybaY_predicted,1.1904761904761905,44,20,CTGCTAAACCGTCCTACTTG,24,4577573
ybaY_predicted,0.38095238095238093,27,20,CTGAGTATCTATATTCCCTC,7,4547902
ybaY_predicted,3.1904761904761907,86,20,CTGACGCTCTTATTATTTCG,66,4552233
ybaY_predicted,0.19047619047619047,23,20,CTCGCAACAACAATTCTGGT,3,4571968
ybaY_predicted,2.0,61,20,CTCAAAGGAAACGAATACCA,41,4548251
ybaY_predicted,0.09523809523809523,21,20,CTATGTCACATTCCCCGGCA,1,4582520
ybaY_predicted,0.09523809523809523,21,20,CTAGCCGTCAAAATTAAAGC,1,4584975
ybaY_predicted,0.3333333333333333,26,20,CTACCTCAGAGGTCAATGAA,6,4585235
ybaY_predicted,0.5714285714285714,31,20,CTAAATCCTTATGACACGAT,11,4569384
ybaY_predicted,3.5714285714285716,94,20,CGTGTTCTAATTCTATGGCT,74,4590686
ybaY_predicted,0.9047619047619048,38,20,CGTACCAGCCACCCCCGCTG,18,4583214
ybaY_predicted,0.9047619047619048,38,20,CGTACATCGCCTTCAACAGA,18,4559587
ybaY_predicted,1.5714285714285714,52,20,CGGTTTCTCGGCATACTATA,32,4589950
ybaY_predicted,0.5714285714285714,31,20,CGGCAAGGCCCTGCCGTATT,11,4553286
ybaY_predicted,0.8571428571428571,37,20,CGGAGGCATACGACCGGGTA,17,4567767
ybaY_predicted,2.8095238095238093,78,20,CGCTTAGGATCCATGGCAGT,58,4578697
ybaY_predicted,2.0476190476190474,62,20,CGCGTACGAGCTGGTATCAT,42,4546250
ybaY_predicted,0.8571428571428571,37,20,CGAGACGAGGGATCGAGCCG,17,4592293
ybaY_predicted,0.09523809523809523,21,20,CGACGGTGCCCAACCTGCCA,1,4546135
ybaY_predicted,0.09523809523809523,21,20,CGAATAACCCGTAACCCAAA,1,4597615
ybaY_predicted,5.380952380952381,132,20,CGAAAAGGACCCTGAAGCGT,112,4591219
ybaY_predicted,0.6190476190476191,32,20,CCTTTGCGGACCTCTCTGAG,12,4595748
ybaY_predicted,1.4285714285714286,49,20,CCTGGAAAGCTATGCACGCT,29,4588248
ybaY_predicted,0.6190476190476191,32,20,CCTGCTGCCACGACTGCTAT,12,4559069
ybaY_predicted,1.9523809523809523,60,20,CCTCGTGGGCGAAACCGCGT,40,4593011
ybaY_predicted,0.09523809523809523,21,20,CCTCGGCACATTTTATTGAG,1,4597513
ybaY_predicted,0.19047619047619047,23,20,CCGATGGTCCATGTATGGCA,3,4588064
ybaY_predicted,1.4285714285714286,49,20,CCCCTACAGTACGCAACTAC,29,4565212
ybaY_predicted,1.7142857142857142,55,20,CCCACTTAGTCCACCCGGAA,35,4587268
ybaY_predicted,0.3333333333333333,26,20,CCCAAAGGTGACTTTAAGCT,6,4572634
ybaY_predicted,1.5714285714285714,52,20,CCAGTATTTAGCTTGCCCCA,32,4566113
ybaY_predicted,1.1428571428571428,43,20,CCACGGCACATTCATGACAT,23,4552419
ybaY_predicted,0.23809523809523808,24,20,CATTCAAAGGTCTGCAACAC,4,4586268
ybaY_predicted,0.09523809523809523,21,20,CATTATTCTGCATAAGCTGC,1,4547273
ybaY_predicted,0.3333333333333333,26,20,CATGCATAGCAGTTTGTAAT,6,4548901
ybaY_predicted,1.8571428571428572,58,20,CATCTGGCTGTTGATCAAGA,38,4552043
ybaY_predicted,0.5714285714285714,31,20,CATAAGGCATCGGTGGCGGC,11,4595931
ybaY_predicted,1.0,40,20,CAGTGGAGAACACATCTTAA,20,4569063
ybaY_predicted,0.7142857142857143,34,20,CAGTCAATCGCAACTGCAGA,14,4587651
ybaY_predicted,0.23809523809523808,24,20,CAGGAGCATATAAAAGTAGT,4,4578935
ybaY_predicted,1.7619047619047619,56,20,CAGCCCGTTTTAAGGAGGAT,36,4547250
ybaY_predicted,1.7619047619047619,56,20,CAGAGCGAACAGGGGTATCT,36,4566675
ybaY_predicted,3.1904761904761907,86,20,CACCGAGTTCTGCCTCGGCA,66,4551513
ybaY_predicted,0.09523809523809523,21,20,CACAGGCTTATGACAAACGA,1,4567448
ybaY_predicted,0.09523809523809523,21,20,CAATTGCTGCTGAACTGGGT,1,4597125
ybaY_predicted,0.8095238095238095,36,20,CAATATTTCTGGTAGATCGG,16,4584389
ybaY_predicted,0.09523809523809523,21,20,CAAGTGACATAGGGCCTGAA,1,4557195
ybaY_predicted,1.2857142857142858,46,20,CAAGGAAGCAGAAGCTCCTA,26,4545791
ybaY_predicted,1.0476190476190477,41,20,ATTGCTCGTGTATAAAGAGA,21,4594558
ybaY_predicted,0.5238095238095238,30,20,ATTATCAGCTGAACCCACGG,10,4596402
ybaY_predicted,0.8095238095238095,36,20,ATGATGGGCACAGAAACTCC,16,4581425
ybaY_predicted,0.6190476190476191,32,20,ATCTGTATACTTAAGACCGT,12,4572438
ybaY_predicted,2.5714285714285716,73,20,ATCGTTTTATGCCTTGCGTT,53,4564135
ybaY_predicted,0.38095238095238093,27,20,ATCCTCTTGTGGAGAATCTT,7,4545963
ybaY_predicted,1.380952380952381,48,20,ATAGGAGAGGTTTACTTGGA,28,4546077
ybaY_predicted,0.6190476190476191,32,20,ATAGAAGCACAGACGCAGGA,12,4582669
ybaY_predicted,5.142857142857143,127,20,ATACTACCCGCATCTTATCT,107,4589335
ybaY_predicted,0.09523809523809523,21,20,ATAAGCACCATCTCCCGGCA,1,4592395
ybaY_predicted,1.0952380952380953,42,20,ATAACTGTCTTGAAAAATCG,22,4552723
ybaY_predicted,2.6666666666666665,75,20,AGTGCTCTTCTTCTGGGGGT,55,4551844
ybaY_predicted,2.1904761904761907,65,20,AGTGATCGACTAACGATTTA,45,4551959
ybaY_predicted,1.7142857142857142,55,20,AGTCTGTCGGTGGCCTATCC,35,4557385
ybaY_predicted,0.9047619047619048,38,20,AGTCTGCACGACAACGTCAA,18,4566633
ybaY_predicted,1.5714285714285714,52,20,AGGTATCATATGGTCGGGGT,32,4556512
ybaY_predicted,0.09523809523809523,21,20,AGGGCTAGATCATAACCGCC,1,4553734
ybaY_predicted,1.0476190476190477,41,20,AGCTGCCTAATGTTGGGTGT,21,4579074
ybaY_predicted,0.38095238095238093,27,20,ACGGGTCCACTCATGCAGGT,7,4577588
ybaY_predicted,3.3333333333333335,89,20,ACGCTGGGGCGTACACGAAA,69,4559328
ybaY_predicted,0.38095238095238093,27,20,ACGCAATCGGCGTCGTACGT,7,4561203
ybaY_predicted,2.619047619047619,74,20,ACGATGGTGTAGACAGTCAA,54,4585319
ybaY_predicted,1.380952380952381,48,20,ACCGTCTGATTAGTCTATCT,28,4574949
ybaY_predicted,1.0476190476190477,41,20,ACCGGCCCCTGGCACATTCG,21,4571733
ybaY_predicted,0.19047619047619047,23,20,ACCGCTACTCGCCCGTTAGT,3,4550577
ybaY_predicted,1.1904761904761905,44,20,ACATGCTCTTAGCCTGCTTC,24,4567301
ybaY_predicted,0.19047619047619047,23,20,ACAGTCACCAACAAGATTGT,3,4576588
ybaY_predicted,0.8095238095238095,36,20,ACAGGATTAGAGTCAGGTTC,16,4558325
ybaY_predicted,1.4761904761904763,50,20,ACAGATTAAATTTACCCGGA,30,4587078
ybaY_predicted,0.8095238095238095,36,20,ACAGAAGTTACAATGCTCAT,16,4568280
ybaY_predicted,0.8571428571428571,37,20,ACACGATCGCAACATTTCTT,17,4573253
ybaY_predicted,0.2857142857142857,25,20,AATATCATATCAACACGACA,5,4578386
ybaY_predicted,1.2380952380952381,45,20,AATAAGTAGTATGCTCTAAT,25,4599368
ybaY_predicted,3.4761904761904763,92,20,AATAAAGAGGTCCGTGTAAC,72,4562894
ybaY_predicted,0.23809523809523808,24,20,AAGTAGGTGATAGCCCTTGG,4,4546003
ybaY_predicted,2.9523809523809526,81,20,AAGGGATCAAATGATAGGTA,61,4544462
ybaY_predicted,1.2380952380952381,45,20,AAGCTACGAAACGGGCGGTA,25,4574389
ybaY_predicted,1.0476190476190477,41,20,AACGACTCTCCCTGTATTTG,21,4588889
ybaY_predicted,1.0476190476190477,41,20,AACCTAGGTTGGGTCTTCCT,21,4551817
ybaY_predicted,0.09523809523809523,21,20,AACAACCCCCAATCGGGGAT,1,4546006
ybaY_predicted,1.8571428571428572,58,20,AAATTGGCCTCGTGTAACAG,38,4573364
ybaY_predicted,1.7619047619047619,56,20,AAATAGTGCTAAGGACACAT,36,4559649
ybaY_predicted,1.35,45,19,TTTTTTAGAGATATGTCACG,26,4554457
ybaY_predicted,0.55,29,19,TTTTCTTGGAACGGGGGTTC,10,4595729
ybaY_predicted,1.05,39,19,TTTCGTGGTTGCTTCGGTGG,20,4568655
ybaY_predicted,2.5,68,19,TTTCCTGTTCACTGCATATT,49,4561343
ybaY_predicted,1.5,48,19,TTGTATATTCGGATATGTCA,29,4549094
ybaY_predicted,1.6,50,19,TTGCAAAGCAAATCGCATGT,31,4585180
ybaY_predicted,1.7,52,19,TTGATTCAATCTAGGGCTGT,33,4569114
ybaY_predicted,0.1,20,19,TTCTAGGCTTCCTTGTAGGC,1,4571130
ybaY_predicted,0.8,34,19,TTCACGCGCCCAGATCTCGT,15,4561950
ybaY_predicted,4.25,103,19,TTATTTCTTGTACTACTAAA,84,4587405
ybaY_predicted,1.35,45,19,TTATGCTTTAGAGTTTGCCT,26,4587155
ybaY_predicted,0.2,22,19,TTATACAGTGTATAGGTAAA,3,4591374
ybaY_predicted,0.95,37,19,TTACGACGCACCTGACCAAA,18,4570223
ybaY_predicted,0.3,24,19,TGTTTCTAGACTTTGAACCC,5,4545644
ybaY_predicted,4.3,104,19,TGTGTGCCTCCTCCTAGTAC,85,4562569
ybaY_predicted,1.6,50,19,TGTGGACATATTTAGGTTAT,31,4570866
ybaY_predicted,2.85,75,19,TGTGCTAGGGTCGTGTGTAG,56,4570713
ybaY_predicted,0.55,29,19,TGTGCGCGTAATGATTTTTC,10,4547482
ybaY_predicted,0.85,35,19,TGTAGCAGGCTTCATACTGT,16,4558513
ybaY_predicted,0.9,36,19,TGTAATCCTGGGGACAACTG,17,4574433
ybaY_predicted,1.75,53,19,TGGGACGGAGGTATGAAACA,34,4565448
ybaY_predicted,1.35,45,19,TGGCTCCATATCGCCCGAGT,26,4565887
ybaY_predicted,0.65,31,19,TGGCAGACACGCAAATAAAC,12,4551241
ybaY_predicted,0.1,20,19,TGGATCGAGGCACCGGATAC,1,4569278
ybaY_predicted,0.1,20,19,TGCTCTTATACGCACAGGAT,1,4577109
ybaY_predicted,1.05,39,19,TGCCGTCAGACCGAATATGC,20,4569552
ybaY_predicted,2.15,61,19,TCTCCCCCTATTACCAGGGA,42,4560911
ybaY_predicted,0.1,20,19,TCTATCGACCGAGTTATAAC,1,4557847
ybaY_predicted,0.3,24,19,TCGACTACGCGATGCTGCGG,5,4546696
ybaY_predicted,0.25,23,19,TCACATGGGCGCAGACGGCC,4,4588554
ybaY_predicted,1.15,41,19,TATTGTGCAAGTCATCCGAG,22,4588162
ybaY_predicted,1.15,41,19,TATCGACGTTGTTACTATGT,22,4570238
ybaY_predicted,2.3,64,19,TATCCATCTGTTCGGGCAAT,45,4574505
ybaY_predicted,1.35,45,19,TATATCGCAGGTTTTGTTAA,26,4570160
ybaY_predicted,0.9,36,19,TACTCACGAGGCGTCTACAT,17,4574016
ybaY_predicted,0.1,20,19,TACGTGGCAGCATGTACGCG,1,4560704
ybaY_predicted,2.1,60,19,TACGTAGTGTAAGCTAGTGA,41,4574034
ybaY_predicted,0.15,21,19,TACGCCTAGCCCACCTCTGA,2,4544446
ybaY_predicted,0.55,29,19,TACACATTGTTTTGGCCTGC,10,4572050
ybaY_predicted,0.85,35,19,TAAGTAAGCCAACCAGCGCA,16,4560131
ybaY_predicted,0.25,23,19,TAACGGAGATCGATAGTTTC,4,4597123
ybaY_predicted,0.15,21,19,TAAATGTAACAATTCTAGCA,2,4595771
ybaY_predicted,0.6,30,19,TAAAGTGGCGGTTACGGTCC,11,4582434
ybaY_predicted,1.45,47,19,GTTGTTCGAATAGGGGTTCC,28,4585205
ybaY_predicted,0.35,25,19,GTTGGGCTTTCTACACATCA,6,4588527
ybaY_predicted,0.1,20,19,GTTGCAGTATGTAATTCTAC,1,4560034
ybaY_predicted,0.65,31,19,GTTCTCACATCTCGGCGGCC,12,4544599
ybaY_predicted,1.65,51,19,GTTCGCTCCTACTGCAGAAT,32,4576014
ybaY_predicted,0.25,23,19,GTTCGCATGGGATCCTCAAG,4,4571049
ybaY_predicted,1.6,50,19,GTTAATGGTGTCGCTTAGGT,31,4545249
ybaY_predicted,0.1,20,19,GTGTTCGTTAACAACAGTGT,1,4595558
ybaY_predicted,0.6,30,19,GTGTGCGGGGGTGAGCTTTT,11,4551614
ybaY_predicted,0.1,20,19,GTGCACCAGCTGTATCAACT,1,4565802
ybaY_predicted,0.1,20,19,GTGCAAGACTATTACTACAT,1,4595082
ybaY_predicted,0.75,33,19,GTGATGCGTTTCGTCGTTGA,14,4563068
ybaY_predicted,1.55,49,19,GTCTCGCCACAGACAGACAA,30,4548937
ybaY_predicted,0.6,30,19,GTCCTTATAATTGAAGCGGC,11,4574786
ybaY_predicted,0.55,29,19,GTCCGTTACCCGTCCTCGGT,10,4585876
ybaY_predicted,0.25,23,19,GTAAATAGGAACGTATGACG,4,4554194
ybaY_predicted,1.2,42,19,GGTTGCCCGATTAGGGTTCC,23,4559889
ybaY_predicted,0.55,29,19,GGTTATTTGAGCCAGGAATT,10,4549146
ybaY_predicted,0.1,20,19,GGTGTGTCCACCTCATTGAG,1,4562265
ybaY_predicted,2.2,62,19,GGTATAACGAGGACTTGCCG,43,4587804
ybaY_predicted,0.1,20,19,GGGGTTCGGGCAACCAATTG,1,4555436
ybaY_predicted,2.25,63,19,GGGGGACGGGTAATCGCTTG,44,4548532
ybaY_predicted,0.65,31,19,GGGCCATACATCAGTCAGGA,12,4580702
ybaY_predicted,0.3,24,19,GGCGTGGTTGCATGTCTTCT,5,4575003
ybaY_predicted,0.1,20,19,GGCCTTGGCTCGCAGTGCTT,1,4583446
ybaY_predicted,0.65,31,19,GGCCTGCTTTCACGATCTAG,12,4582888
ybaY_predicted,2.25,63,19,GGCCGTTCGATGAAACATTT,44,4547957
ybaY_predicted,0.2,22,19,GGAGCGATTGGGCACTACTG,3,4576336
ybaY_predicted,0.25,23,19,GCTTCATAGTTTAGAACGCT,4,4585244
ybaY_predicted,0.1,20,19,GCTCACAGCTAGAAGCCCGC,1,4597701
ybaY_predicted,0.65,31,19,GCGTCACCTGGCTCCAGGAT,12,4556057
ybaY_predicted,1.35,45,19,GCCCCGACTCGAAGGCCTTG,26,4565967
ybaY_predicted,2.3,64,19,GCCCATACTACCATCCAGTT,45,4599464
ybaY_predicted,0.25,23,19,GCCACGTCGTACCATAGTGA,4,4590725
ybaY_predicted,1.85,55,19,GCCAATGTATGATCCATTTG,36,4553738
ybaY_predicted,2.4,66,19,GCATCTGCGTAATTCGCTTA,47,4561508
ybaY_predicted,1.05,39,19,GATTGAAATGAAATGCGACG,20,4573699
ybaY_predicted,0.3,24,19,GATGTAGGTAAAAGTGACGT,5,4572233
ybaY_predicted,0.8,34,19,GATGGGTACCCGTCCATCCT,15,4581831
ybaY_predicted,2.8,74,19,GAGATGTGGTAAGGGGGCCT,55,4585437
ybaY_predicted,0.55,29,19,GACAGTACGAGCCGTCGTTA,10,4571955
ybaY_predicted,0.55,29,19,GAAGCGTTATGATGGGGTGA,10,4579249
ybaY_predicted,0.6,30,19,GAAGATCATACCAGCCGCCC,11,4546328
ybaY_predicted,1.85,55,19,GAAATTTCTCAAGGCTGGTG,36,4553496
ybaY_predicted,1.75,53,19,CTTTTCCAAGTGGGTTGAGA,34,4567530
ybaY_predicted,2.2,62,19,CTTTGTCAAACAGGTCATCT,43,4548396
ybaY_predicted,0.1,20,19,CTTTAATTCGCCTCGCAGAT,1,4564026
ybaY_predicted,1.45,47,19,CTTACTGAAGACCGCAGAGA,28,4588791
ybaY_predicted,0.1,20,19,CTTAACCTCAATACGGGGGG,1,4544547
ybaY_predicted,1.85,55,19,CTGTATTAGCGCTCAGGGCA,36,4549974
ybaY_predicted,2.1,60,19,CTGGAAGCTGGACTATGGTG,41,4586224
ybaY_predicted,0.4,26,19,CTGATAGACGCAATCTTATT,7,4592656
ybaY_predicted,0.5,28,19,CTCTGTGTGCATATTAACTT,9,4576332
ybaY_predicted,0.3,24,19,CTCTGAGGCGTTTTACCCCG,5,4564077
ybaY_predicted,1.6,50,19,CTCCGGGCCAACGAAACGCA,31,4545253
ybaY_predicted,0.85,35,19,CTCCCTGAGTTTACGGTTAT,16,4558556
ybaY_predicted,1.0,38,19,CTCAATACGAGTTGCATCGT,19,4579140
ybaY_predicted,0.35,25,19,CTAGAGAGCATAGCCGTAGA,6,4583358
ybaY_predicted,1.35,45,19,CTACGAGAATTCTAGATTTC,26,4546885
ybaY_predicted,0.1,20,19,CGTGCCTGTACTTATTATCA,1,4563270
ybaY_predicted,0.15,21,19,CGTACTCTACTGATCCTGAC,2,4584946
ybaY_predicted,1.2,42,19,CGGTTGCTTGTGCCGTCTAA,23,4555387
ybaY_predicted,1.1,40,19,CGGTTCGTGCAGAACTAAAT,21,4557933
ybaY_predicted,0.95,37,19,CGGTGTTGGTTGGCCGATGG,18,4600135
ybaY_predicted,1.7,52,19,CGGTCCGGCGCTATAGCCTG,33,4551757
ybaY_predicted,1.75,53,19,CGCTGGAACATGCTGATCTC,34,4549687
ybaY_predicted,0.1,20,19,CGCGCCCTCGTCGATCGCCT,1,4567137
ybaY_predicted,2.2,62,19,CGAGCACAGTAGAGCAAAAC,43,4554147
ybaY_predicted,0.1,20,19,CGAGACAACTATACATTCAA,1,4562601
ybaY_predicted,2.15,61,19,CGACGCACGAAATCTGGCAT,42,4553292
ybaY_predicted,0.1,20,19,CCTGTTCTTTTGAGAGCTGA,1,4590114
ybaY_predicted,1.95,57,19,CCTGGGGCACGGGTTTATGT,38,4592439
ybaY_predicted,1.0,38,19,CCGGTCGCTTACGAACGAAC,19,4572502
ybaY_predicted,0.5,28,19,CCGAAGAATAAATGCTGCAG,9,4564799
ybaY_predicted,1.2,42,19,CCCTCTTAGGAGGCGATTCT,23,4569953
ybaY_predicted,1.1,40,19,CCCCTCCTATGATCTCCGCA,21,4572600
ybaY_predicted,4.85,115,19,CCCCACGATCATGCGGTATC,96,4555863
ybaY_predicted,0.85,35,19,CCCATTACATTTGAGTGATC,16,4589898
ybaY_predicted,1.05,39,19,CCAGCGCCATGGCACACCCA,20,4580305
ybaY_predicted,0.1,20,19,CCACGTCAAGGACGTAACGT,1,4559727
ybaY_predicted,1.55,49,19,CATGTTAGAGCTTCCCGCGA,30,4564203
ybaY_predicted,0.65,31,19,CAGTGTAATGCGGTCGATTC,12,4562107
ybaY_predicted,0.1,20,19,CAGTGGAGGTTTCGCGTAAT,1,4544453
ybaY_predicted,0.1,20,19,CAGTCGAATTACAGCCGACT,1,4554607
ybaY_predicted,1.1,40,19,CAGGCCTAGGTAATCAATCG,21,4586915
ybaY_predicted,5.45,127,19,CAGCTCTAATGAAACGTGCC,108,4566030
ybaY_predicted,1.9,56,19,CAGATGCTTTCGACGGTTCT,37,4550959
ybaY_predicted,0.4,26,19,CACGCTATGCTAAGGAAGGA,7,4589207
ybaY_predicted,0.1,20,19,CACCTGCACGGGACGAAGGA,1,4594460
ybaY_predicted,0.1,20,19,CACACTTAATGAGTGGATAA,1,4584035
ybaY_predicted,2.2,62,19,CACACACCGACTAACTGGTA,43,4554890
ybaY_predicted,1.45,47,19,CAACCTCTATTCTAAAACCT,28,4593579
ybaY_predicted,0.7,32,19,ATTTTTCGGGGGTAGCTGAA,13,4575886
ybaY_predicted,0.1,20,19,ATTTCTGTCCTGTTAGTCAA,1,4551770
ybaY_predicted,0.5,28,19,ATTGGTCTCCCCTTCGCTCT,9,4544602
ybaY_predicted,2.45,67,19,ATTACTGGCCAGGGTAGTAT,48,4564857
ybaY_predicted,1.6,50,19,ATGGACCCGGGGACTTTTTC,31,4575149
ybaY_predicted,1.5,48,19,AGTTATCCCATTATTACAGA,29,4566310
ybaY_predicted,0.85,35,19,AGTGGTCTATTGATGGAATT,16,4580207
ybaY_predicted,0.1,20,19,AGTCTGTCGAACCTTTTGTA,1,4578511
ybaY_predicted,1.2,42,19,AGGTTCTCTTAAAGAGGACT,23,4557315
ybaY_predicted,1.95,57,19,AGGGAAGCCAAGGCCATCAT,38,4585015
ybaY_predicted,1.35,45,19,AGGCTTAACTCAGGTGATGA,26,4564062
ybaY_predicted,0.45,27,19,AGGCTAGCACCGTGCGAGGG,8,4599588
ybaY_predicted,0.6,30,19,AGGCCACGGGGAATAGATCA,11,4555816
ybaY_predicted,0.5,28,19,AGATTTAGACCAGCTGCCCG,9,4588491
ybaY_predicted,0.1,20,19,AGAGCGTAAGGGCCAAAGTA,1,4558217
ybaY_predicted,0.75,33,19,AGAATTGCACCCCGAGGTAC,14,4591055
ybaY_predicted,1.9,56,19,AGAACCCCGTAATCAACACG,37,4571528
ybaY_predicted,0.15,21,19,AGAAAACCCGGTACACTTTC,2,4594282
ybaY_predicted,2.8,74,19,ACTGCTCTAATGCGAACATG,55,4562522
ybaY_predicted,0.4,26,19,ACTACTGTCTCGAACGACGA,7,4553564
ybaY_predicted,0.9,36,19,ACGGCGGGGCCGCACGCCAG,17,4550107
ybaY_predicted,3.05,79,19,ACGATCCGGCCGTGATGGTT,60,4567287
ybaY_predicted,1.5,48,19,ACCTCATAACCGTAGTACAT,29,4547790
ybaY_predicted,0.6,30,19,ACAGCGAGCCGCGAGACTTA,11,4565119
ybaY_predicted,1.05,39,19,AATTGTGGGCAGACTCTATG,20,4553106
ybaY_predicted,1.45,47,19,AATATTCGGTGACTCGGTAC,28,4558574
ybaY_predicted,0.1,20,19,AATAATAACTGAAGGCATTA,1,4551792
ybaY_predicted,2.0,58,19,AAGTTTGGCAGAAAAAGGCG,39,4567361
ybaY_predicted,1.55,49,19,AAGTCCTGTGCGATGTGGCC,30,4550428
ybaY_predicted,0.2,22,19,AAGAAACCTTCTCAGGGGGG,3,4558585
ybaY_predicted,2.95,77,19,AACCGGGGGGGAGATTGACA,58,4551488
ybaY_predicted,1.0,38,19,AAATTTGGGAATGATTTCCA,19,4589363
ybaY_predicted,2.3157894736842106,61,18,TTTTAGAACCTGCCATACCC,43,4571360
ybaY_predicted,0.10526315789473684,19,18,TTTATTGAGGGCAGCTTAGA,1,4548467
ybaY_predicted,0.10526315789473684,19,18,TTGTCCACTACGTACCGGCG,1,4590614
ybaY_predicted,1.8421052631578947,52,18,TTGTACTTGGCAAAAGTCAT,34,4586226
ybaY_predicted,25.789473684210527,507,18,TTGGACAGTCAGTCACTGAG,489,4559620
ybaY_predicted,2.526315789473684,65,18,TTGATTGGAAAGGCCCGCGT,47,4553017
ybaY_predicted,1.0,36,18,TTGACCGGGTTAATGGGGGT,18,4598696
ybaY_predicted,1.2105263157894737,40,18,TTCTTTTGTTGAAGTGGCTA,22,4590714
ybaY_predicted,2.6315789473684212,67,18,TTCGAAACATCTGCCTCGGC,49,4587158
ybaY_predicted,1.7894736842105263,51,18,TTCCCTAAAAGGTGCACTAA,33,4573076
ybaY_predicted,0.21052631578947367,21,18,TTCATTAACGCAATTACGTT,3,4547921
ybaY_predicted,1.5263157894736843,46,18,TTCAGGAACCCTTAGGGCGT,28,4546423
ybaY_predicted,3.736842105263158,88,18,TTATTGAAGTTAACGTTTAT,70,4572391
ybaY_predicted,0.8421052631578947,33,18,TTAGGGTGATGTTTCCGGTG,15,4596233
ybaY_predicted,0.42105263157894735,25,18,TTAGAGCCACGTCTCTTTGT,7,4574040
ybaY_predicted,2.3157894736842106,61,18,TTAATTTAATTATTTTAGCT,43,4547715
ybaY_predicted,0.631578947368421,29,18,TTAAGTCAGATTAGGTGGAT,11,4555132
ybaY_predicted,1.0526315789473684,37,18,TTAAAGTGCATCGCTTTCGT,19,4585890
ybaY_predicted,0.10526315789473684,19,18,TGTGCATAATTCGTGATCGG,1,4557161
ybaY_predicted,0.631578947368421,29,18,TGGTCCCCGCATAAATTCAT,11,4599652
ybaY_predicted,1.631578947368421,48,18,TGGGCTTGAGTCGGTTCAGA,30,4547160
ybaY_predicted,1.0526315789473684,37,18,TGGCGGAACACCTCTCGTTC,19,4578265
ybaY_predicted,0.8947368421052632,34,18,TGGCATGCGAATTGATGTTT,16,4586581
ybaY_predicted,2.263157894736842,60,18,TGGCACGGTGCCATCACCAG,42,4555385
ybaY_predicted,0.47368421052631576,26,18,TGCGGAGGGCCAATCCCCAG,8,4579976
ybaY_predicted,0.5789473684210527,28,18,TGCGCCTACAAAACACTATA,10,4587066
ybaY_predicted,1.3157894736842106,42,18,TGCATCAATCGTCACACCGT,24,4547288
ybaY_predicted,0.9473684210526315,35,18,TGAGATGTACGTGGGACGTG,17,4563070
ybaY_predicted,0.10526315789473684,19,18,TCTCGTTGTCGAGGAAAAGG,1,4570424
ybaY_predicted,0.21052631578947367,21,18,TCGTTTTGCTGCTGTGGAAC,3,4578607
ybaY_predicted,0.3684210526315789,24,18,TCGTAGCCCTCGGAATACCA,6,4558235
ybaY_predicted,0.8947368421052632,34,18,TCGGCAGTGATCAGAACGCG,16,4560779
ybaY_predicted,0.3157894736842105,23,18,TCGATTTTCAAATGTAGATT,5,4587156
ybaY_predicted,2.6842105263157894,68,18,TCCGGAACTCCATATCCCTT,50,4556516
ybaY_predicted,0.7368421052631579,31,18,TCCGCCAAATTTTCGGACTC,13,4551183
ybaY_predicted,0.6842105263157895,30,18,TCCGATTAACCCGTGGGTAG,12,4587613
ybaY_predicted,1.736842105263158,50,18,TCATCCTACACGTAACGTAT,32,4549342
ybaY_predicted,0.15789473684210525,20,18,TCAGTCATCACGACCGTTAG,2,4599066
ybaY_predicted,2.4210526315789473,63,18,TCAGAGGTCAGATCGTGGCT,45,4574311
ybaY_predicted,4.052631578947368,94,18,TCAATCCGAACGAAGTCAGT,76,4553274
ybaY_predicted,1.3157894736842106,42,18,TATGCATCCGTCCCCACAGG,24,4576914
ybaY_predicted,2.6842105263157894,68,18,TATCTCACAGGATAGAAAGG,50,4578930
ybaY_predicted,1.4736842105263157,45,18,TATACGTCTCCGACCACAAA,27,4564305
ybaY_predicted,1.631578947368421,48,18,TATAAGAGGAGTTCGTACTA,30,4544791
ybaY_predicted,2.1578947368421053,58,18,TATAACGGTCCGAGCTTCTT,40,4577729
ybaY_predicted,0.15789473684210525,20,18,TAGGTGTGCACGGGTTCCTC,2,4547325
ybaY_predicted,1.4736842105263157,45,18,TAGGAAAATTGCCGGCTCGC,27,4564031
ybaY_predicted,0.10526315789473684,19,18,TAGAGGGCTCGCGAGTCTTG,1,4581203
ybaY_predicted,0.10526315789473684,19,18,TAACAGTATCCGATTTGCCA,1,4548473
ybaY_predicted,1.4210526315789473,44,18,GTTTCATGCTCCTCCCAGGT,26,4556839
ybaY_predicted,2.526315789473684,65,18,GTTTAATTCCCCTTTTCTAA,47,4587439
ybaY_predicted,0.10526315789473684,19,18,GTGTCCCGAGAACGTGTTTT,1,4576285
ybaY_predicted,1.3157894736842106,42,18,GTCTTGCCGGTAGTACGATA,24,4557716
ybaY_predicted,0.10526315789473684,19,18,GTCAAGGTTCGGAAGCTGTA,1,4557784
ybaY_predicted,0.3157894736842105,23,18,GTATGGACAGTCTTCTAACG,5,4557938
ybaY_predicted,3.473684210526316,83,18,GGTGTCTTTACCATGCCAGA,65,4548764
ybaY_predicted,2.4210526315789473,63,18,GGTAACCGGCGGCGGATTGG,45,4551549
ybaY_predicted,2.6842105263157894,68,18,GGGGATCATCGAGACAAGGA,50,4566630
ybaY_predicted,0.6842105263157895,30,18,GGGCCGCCATCTACTGTACG,12,4591917
ybaY_predicted,0.47368421052631576,26,18,GGCATACAGGTGGGATGCAA,8,4596750
ybaY_predicted,0.10526315789473684,19,18,GGCAGAGGCCAAAAGAATGT,1,4592666
ybaY_predicted,3.210526315789474,78,18,GGCAACTTCTAAACTCGTCT,60,4600512
ybaY_predicted,0.10526315789473684,19,18,GGATCCGTTGGGGCGTGATA,1,4565378
ybaY_predicted,1.0526315789473684,37,18,GGATCAGGCCCCGTGCTCGC,19,4582130
ybaY_predicted,1.105263157894737,38,18,GGACCGCTCGCCGGCTATGT,20,4594361
ybaY_predicted,3.0,74,18,GGAACGTTTTGCAGCGGCGC,56,4569329
ybaY_predicted,0.631578947368421,29,18,GCTTAACCATCAAATCGGAA,11,4587467
ybaY_predicted,0.7894736842105263,32,18,GCTGCTGCTTAAAAGTAAGA,14,4556110
ybaY_predicted,0.3157894736842105,23,18,GCTGAGAGCATCCAGCTCCA,5,4575629
ybaY_predicted,1.1578947368421053,39,18,GCTAGTTCCCGCCACTGTTA,21,4587206
ybaY_predicted,0.7894736842105263,32,18,GCGTCTTCAAGGCAGGTTGA,14,4568028
ybaY_predicted,2.526315789473684,65,18,GCGGGTTTTACGTCGAATAG,47,4558627
ybaY_predicted,1.0526315789473684,37,18,GCCTTATATATATCTGGTAT,19,4561922
ybaY_predicted,0.7894736842105263,32,18,GCCGTATGTTCCACCACTCG,14,4564449
ybaY_predicted,0.21052631578947367,21,18,GCCGACGGGCCACGCGTTGA,3,4559054
ybaY_predicted,22.157894736842106,438,18,GCATGCCTTCACGGGGGTAG,420,4595644
ybaY_predicted,3.263157894736842,79,18,GCAGGCAACAGGGTGTAACA,61,4578676
ybaY_predicted,0.10526315789473684,19,18,GCACGACGGAACGGTAGCCT,1,4592068
ybaY_predicted,0.21052631578947367,21,18,GCACAATGCAAGGCGGAGTA,3,4577617
ybaY_predicted,0.10526315789473684,19,18,GCAATAAGGGGACGAACGAT,1,4576499
ybaY_predicted,0.10526315789473684,19,18,GATGTGCTACAACTCAAACC,1,4552875
ybaY_predicted,0.7368421052631579,31,18,GATGAACCTCCGAAAAGCTT,13,4592486
ybaY_predicted,0.21052631578947367,21,18,GATCCCGGCTTTTCCCATTT,3,4573369
ybaY_predicted,2.0,55,18,GATCATTGTTTTGGCGTATG,37,4559356
ybaY_predicted,0.10526315789473684,19,18,GATAAACAGGATGGTCCGGC,1,4584887
ybaY_predicted,3.210526315789474,78,18,GAGTTTTTGGAGCTCTCAAG,60,4592730
ybaY_predicted,0.7368421052631579,31,18,GAGGCCCTGATCAAGCCCAT,13,4546205
ybaY_predicted,0.9473684210526315,35,18,GAGCTCCGGGCGACATGACG,17,4546820
ybaY_predicted,1.5263157894736843,46,18,GAGCGGGTGAAGGTTCGTTG,28,4555662
ybaY_predicted,1.4210526315789473,44,18,CTTTCAATTGAGCCAAAGTT,26,4553955
ybaY_predicted,0.5263157894736842,27,18,CTTGGGGAAGACAGGGCATA,9,4558296
ybaY_predicted,1.894736842105263,53,18,CTTCAGGCTTACAAGCTTGT,35,4557461
ybaY_predicted,0.2631578947368421,22,18,CTTATATGTCCCCAGCGTCT,4,4598438
ybaY_predicted,1.7894736842105263,51,18,CTTAGGCCTTGGGGATTCTT,33,4582960
ybaY_predicted,0.631578947368421,29,18,CTTAGCGGGCGGATTATTGC,11,4596097
ybaY_predicted,1.4210526315789473,44,18,CTGTCAGCGTCCGACATGTT,26,4573751
ybaY_predicted,0.3684210526315789,24,18,CTCGGGTTAATACAGTCCGT,6,4570936
ybaY_predicted,1.9473684210526316,54,18,CTCATTCGTAACTGAGGTCC,36,4576268
ybaY_predicted,1.6842105263157894,49,18,CTAGTCAACTTGATGCCCAA,31,4598975
ybaY_predicted,1.3157894736842106,42,18,CTACATGCAGTTTAGTAAGT,24,4560306
ybaY_predicted,3.3157894736842106,80,18,CTAACGGTTGTATTTAGTCT,62,4600089
ybaY_predicted,1.4210526315789473,44,18,CTAAAGATTGACGCGCGTCG,26,4587186
ybaY_predicted,0.5789473684210527,28,18,CGTTCACGATCTTCAGGATT,10,4579086
ybaY_predicted,4.421052631578948,101,18,CGTATAAACAACATGTGGTG,83,4545278
ybaY_predicted,2.8947368421052633,72,18,CGTAGCGTTACATCTTTAAG,54,4585651
ybaY_predicted,2.473684210526316,64,18,CGGCATGGGCGGTAAGCTGA,46,4597128
ybaY_predicted,1.368421052631579,43,18,CGCTCAGACGCGATCCAACG,25,4574164
ybaY_predicted,0.10526315789473684,19,18,CGCTCACATCTCGTCAAAGG,1,4560598
ybaY_predicted,3.8947368421052633,91,18,CGCGGTGCGGAGTTCTAAGA,73,4551128
ybaY_predicted,1.4736842105263157,45,18,CGCGAGATTTCCATGTAGAC,27,4564992
ybaY_predicted,0.10526315789473684,19,18,CGCATAGTATCGCGTCGGGA,1,4597061
ybaY_predicted,0.10526315789473684,19,18,CGCAAAAGTTGCCATGTGCT,1,4549645
ybaY_predicted,1.3157894736842106,42,18,CGACTTCTCTGCCGCGCTGA,24,4548862
ybaY_predicted,0.3157894736842105,23,18,CGACGGCGGCTAGTGGCCTC,5,4590688
ybaY_predicted,1.105263157894737,38,18,CGAATGCAGATCGACGTGTT,20,4560006
ybaY_predicted,2.0,55,18,CGAAAGACTTCGCCATCTTG,37,4587392
ybaY_predicted,1.105263157894737,38,18,CCTGTACGCTAAGGCCCTGC,20,4592792
ybaY_predicted,1.0526315789473684,37,18,CCTGAGAGCACTGCTTCAAC,19,4556408
ybaY_predicted,3.210526315789474,78,18,CCTCGTAAGCCATGAGTTTT,60,4591679
ybaY_predicted,0.5789473684210527,28,18,CCTATCAAAGGCCATGTTTT,10,4588281
ybaY_predicted,2.6315789473684212,67,18,CCTAGCCCCTGAGAGCTATA,49,4570104
ybaY_predicted,0.21052631578947367,21,18,CCGTTGACAGGAGATTCGCC,3,4546304
ybaY_predicted,0.2631578947368421,22,18,CCGCTATCAGTAAGCAGGCT,4,4545431
ybaY_predicted,4.052631578947368,94,18,CCGCGCAGGGGGGCTCACCA,76,4568871
ybaY_predicted,0.10526315789473684,19,18,CCCAGTGCGGTAATCGTTGA,1,4573981
ybaY_predicted,0.7368421052631579,31,18,CCCAAAGGTTAGAACTGCTG,13,4583497
ybaY_predicted,7.421052631578948,158,18,CATTGTATACATTCCTACCA,140,4595391
ybaY_predicted,1.4210526315789473,44,18,CATTATAATGACCCGCAAAT,26,4597617
ybaY_predicted,4.368421052631579,100,18,CATGTCACAACTACCCAGTA,82,4597744
ybaY_predicted,1.5263157894736843,46,18,CATGCTGGCCTGGGTACCTA,28,4549213
ybaY_predicted,1.1578947368421053,39,18,CATGAAGTCATGCTGGAAGT,21,4555814
ybaY_predicted,0.2631578947368421,22,18,CAGTTGTCCATCCGAATTTA,4,4586998
ybaY_predicted,0.6842105263157895,30,18,CAGTGTCGGGAACAGGTGCC,12,4561052
ybaY_predicted,0.47368421052631576,26,18,CAGTATCTATAGATGGGCTT,8,4583587
ybaY_predicted,1.6842105263157894,49,18,CAGGTTAAACATCGGTTCCA,31,4549492
ybaY_predicted,0.3684210526315789,24,18,CAGGATATTCGGTCCTCACA,6,4598698
ybaY_predicted,0.3684210526315789,24,18,CACTAACTGTGACGGCCGTA,6,4564239
ybaY_predicted,19.05263157894737,379,18,CACGAGACGGAGTTATCTTG,361,4544481
ybaY_predicted,3.263157894736842,79,18,CACCTCAGCCCATGGTACGA,61,4545952
ybaY_predicted,6.473684210526316,140,18,CAATACCACTGCTTCTAAGC,122,4556346
ybaY_predicted,0.7894736842105263,32,18,ATTGCGGCGGCGGGAGAGGC,14,4593380
ybaY_predicted,0.631578947368421,29,18,ATTGACACGCTGGAGGTGCT,11,4592335
ybaY_predicted,0.15789473684210525,20,18,ATTACTTAGGCCCATCCCCA,2,4578223
ybaY_predicted,0.3157894736842105,23,18,ATGTCCGGGAGAAAACGTGT,5,4559928
ybaY_predicted,0.42105263157894735,25,18,ATGGGAACGTCGGGGACCAG,7,4587938
ybaY_predicted,1.5789473684210527,47,18,ATGGCTGTCGGTAGGTCCGT,29,4570411
ybaY_predicted,1.7894736842105263,51,18,ATGATCTCCACGGCATACTT,33,4566106
ybaY_predicted,1.6842105263157894,49,18,ATCTCCAAACGGGGAGGTAA,31,4582143
ybaY_predicted,0.10526315789473684,19,18,ATCGCGGGATAGCTCTAAGA,1,4595547
ybaY_predicted,0.21052631578947367,21,18,ATCAGGGGGATGACGATACA,3,4571373
ybaY_predicted,2.3157894736842106,61,18,ATCACAACGATGTGGAACGA,43,4557604
ybaY_predicted,1.105263157894737,38,18,ATAGGCAGATGATTACTTGT,20,4545949
ybaY_predicted,1.5263157894736843,46,18,ATACGCCTTCTCTGAGCGTT,28,4582635
ybaY_predicted,1.3157894736842106,42,18,AGTTACCGTCCTGATATGAC,24,4566812
ybaY_predicted,0.10526315789473684,19,18,AGGTACAATTATGACCACCT,1,4544786
ybaY_predicted,4.526315789473684,103,18,AGGGTTGTCCTTCAGCGGCA,85,4553492
ybaY_predicted,2.0,55,18,AGGGTCGGGCGCGGATCGCC,37,4575623
ybaY_predicted,0.9473684210526315,35,18,AGGGAAGTTGAAAGACCCTT,17,4568508
ybaY_predicted,0.10526315789473684,19,18,AGGCGACGGTTACTACTCAG,1,4562166
ybaY_predicted,0.7894736842105263,32,18,AGGCCCGTATATTGAATAGC,14,4559327
ybaY_predicted,2.789473684210526,70,18,AGGACTGCGACACCCGAGAG,52,4556639
ybaY_predicted,1.4210526315789473,44,18,AGCCTCAACCGAGGGCGGAC,26,4587151
ybaY_predicted,0.10526315789473684,19,18,AGAAAATTGGCGGTGTAAAC,1,4590800
ybaY_predicted,1.368421052631579,43,18,ACTTTAGGTAACTTCAGGAG,25,4597632
ybaY_predicted,0.3157894736842105,23,18,ACTGTTCGCAAGCTAACGGT,5,4587404
ybaY_predicted,1.0,36,18,ACTGGGCGGCCAGATGGTTT,18,4592516
ybaY_predicted,3.1052631578947367,76,18,ACTCAGCCGACCTACGCCGA,58,4594042
ybaY_predicted,0.21052631578947367,21,18,ACTATTGGAATAAGGACCAT,3,4594285
ybaY_predicted,0.3684210526315789,24,18,ACTAATTTCACGCGGCGATT,6,4563239
ybaY_predicted,1.4736842105263157,45,18,ACTAACCTCTTGCTGTCGGA,27,4544406
ybaY_predicted,0.5263157894736842,27,18,ACGTTGTCGTTGGGGCAGGC,9,4593271
ybaY_predicted,0.10526315789473684,19,18,ACCTGGCACTAGGAGCAATA,1,4553231
ybaY_predicted,1.4736842105263157,45,18,ACCGAGTTTATCCTAAACTT,27,4551181
ybaY_predicted,0.3157894736842105,23,18,ACCCAACAGGGTCTAACCTA,5,4558430
ybaY_predicted,0.47368421052631576,26,18,ACAGTTCCCAATAACGTTTC,8,4560797
ybaY_predicted,0.42105263157894735,25,18,AATTCGGCGGTAGGAGGATT,7,4554125
ybaY_predicted,0.9473684210526315,35,18,AATGGGAGGCTCCACCATAA,17,4563497
ybaY_predicted,0.9473684210526315,35,18,AATCGAGACTGCATGTCAAC,17,4566936
ybaY_predicted,0.15789473684210525,20,18,AAGTTGGCAACCAGGCTCCT,2,4560130
ybaY_predicted,1.368421052631579,43,18,AAGCGTTCGAGAGTTTTCCT,25,4588019
ybaY_predicted,1.7894736842105263,51,18,AAGAAGTCAACTCTTTTCGT,33,4569154
ybaY_predicted,2.473684210526316,64,18,AACGTGTACGGGGCACGCGA,46,4591336
ybaY_predicted,0.15789473684210525,20,18,AACAATCATTGATGGAGGCC,2,4566635
ybaY_predicted,0.7894736842105263,32,18,AAAGGTGTGAAAGCATAGAA,14,4575171
ybaY_predicted,1.5789473684210527,47,18,AAAGCGGCCACCGTGATCGC,29,4557639
ybaY_predicted,2.8421052631578947,71,18,AAAGAGTACCCGTGTCTGTA,53,4600514
ybaY_predicted,2.6315789473684212,67,18,AAAATCAAGGATTCTATCTG,49,4599120
ybaY_predicted,1.5555555555555556,44,17,TTTTTGTGAAGCCAACGACC,27,4550101
ybaY_predicted,1.1111111111111112,36,17,TTTCGGCTCACTCGGAATTT,19,4558446
ybaY_predicted,0.1111111111111111,18,17,TTGGTATTGTCCCCAGCTCA,1,4586871
ybaY_predicted,2.2222222222222223,56,17,TTGCTTACTACATCTTATTT,39,4550574
ybaY_predicted,0.16666666666666666,19,17,TTGCACGCCTTTTCTCCAAG,2,4562195
ybaY_predicted,0.6666666666666666,28,17,TTCGCGGCATAAAAACGGAC,11,4565028
ybaY_predicted,1.0,34,17,TTCACGTAATGGAACCGATC,17,4594141
ybaY_predicted,0.1111111111111111,18,17,TTCAATGCGGTTATGATTCT,1,4569798
ybaY_predicted,2.111111111111111,54,17,TTACTTAACTCATTCCCAGC,37,4572549
ybaY_predicted,1.6111111111111112,45,17,TTACACCGGTTTAGTTTCCT,28,4568916
ybaY_predicted,0.6111111111111112,27,17,TGTTTATGCTAAACGCATGT,10,4594513
ybaY_predicted,1.4444444444444444,42,17,TGTTCGGCAGGTTTCACACA,25,4554546
ybaY_predicted,1.0,34,17,TGTTATTTCAGTACAGCATG,17,4592623
ybaY_predicted,1.7777777777777777,48,17,TGTGTAAACCACCGGTTATT,31,4597955
ybaY_predicted,1.1666666666666667,37,17,TGTAGCCGTTTCGTCTGATC,20,4585482
ybaY_predicted,0.16666666666666666,19,17,TGGCTCTGTAGCGCCATAAG,2,4566107
ybaY_predicted,2.7222222222222223,65,17,TGCTGCCAGCCGTAGGCATC,48,4597989
ybaY_predicted,0.4444444444444444,24,17,TGCGCATGAGGTAAGTAGCC,7,4560871
ybaY_predicted,0.8888888888888888,32,17,TGCGCAGTTTGCCAACCGAT,15,4569968
ybaY_predicted,0.5,25,17,TGCATAATGCGTAATCGACG,8,4563230
ybaY_predicted,0.6111111111111112,27,17,TGATGATAGACCATGTATAT,10,4597630
ybaY_predicted,1.7222222222222223,47,17,TGATCCACATCGTTGCGATG,30,4580822
ybaY_predicted,0.3333333333333333,22,17,TGATCAGAGCCCGTCTCTGG,5,4557302
ybaY_predicted,0.9444444444444444,33,17,TGAGCGGTCCACCTAGCTTT,16,4585318
ybaY_predicted,0.2222222222222222,20,17,TGAGATGCTTACATTTGTGA,3,4599636
ybaY_predicted,0.9444444444444444,33,17,TCTGTACTGAGCTGTACCGG,16,4592181
ybaY_predicted,3.9444444444444446,87,17,TCTGAGTATAGCTTATGCAG,70,4572282
ybaY_predicted,4.0,88,17,TCTACGCACACAGTAGCAAC,71,4551623
ybaY_predicted,0.2222222222222222,20,17,TCGTGGAAGATCGTTATAGT,3,4561096
ybaY_predicted,6.222222222222222,128,17,TCGGTCGCTTTATCATGGAG,111,4559490
ybaY_predicted,0.16666666666666666,19,17,TCGCTAGGGTGGCCTAGCCG,2,4590634
ybaY_predicted,1.7777777777777777,48,17,TCGCGCGGAAATGGCGTGCA,31,4556635
ybaY_predicted,1.7222222222222223,47,17,TCGCGAGTAGGGGCGCCATG,30,4549384
ybaY_predicted,3.611111111111111,81,17,TCGCAAATCAAGCGACGCGG,64,4554996
ybaY_predicted,0.9444444444444444,33,17,TCGAGGCATCCACGTAATTT,16,4585952
ybaY_predicted,0.3333333333333333,22,17,TCGACAGAGATCCTCCTCAA,5,4560103
ybaY_predicted,0.8888888888888888,32,17,TCAGAGGGTGTCGGCATGAA,15,4548468
ybaY_predicted,1.2777777777777777,39,17,TCACAAGATGCCTCGACTCG,22,4572740
ybaY_predicted,1.2222222222222223,38,17,TATTAGTGTAATTTTGCTTG,21,4576040
ybaY_predicted,0.8333333333333334,31,17,TATGTCTGTGGTGGGCGTAC,14,4569280
ybaY_predicted,2.4444444444444446,60,17,TATGCACGTATATGGCCTCC,43,4547440
ybaY_predicted,0.4444444444444444,24,17,TATGACCCTAGTGGATACGT,7,4593128
ybaY_predicted,1.0,34,17,TATCCGTGCTTCTTAGGGTC,17,4555173
ybaY_predicted,0.8888888888888888,32,17,TAGCCATGCCTCGCCTTCCC,15,4557670
ybaY_predicted,0.1111111111111111,18,17,TAGCATAGAGCTCCGATAGG,1,4572537
ybaY_predicted,0.8888888888888888,32,17,TAGAGTTAGGATCTTTAACT,15,4587830
ybaY_predicted,0.1111111111111111,18,17,TACGGGGCGGGACCCCATTC,1,4555915
ybaY_predicted,2.111111111111111,54,17,TACAGCTAAAGATCGACGTT,37,4576829
ybaY_predicted,0.6111111111111112,27,17,TACAAGACCACGTTCCTAAT,10,4568031
ybaY_predicted,0.16666666666666666,19,17,TAAGGAAGATCGCAGGCTTC,2,4569416
ybaY_predicted,1.0,34,17,TAACGATAAATACGCTTGGA,17,4553242
ybaY_predicted,0.6111111111111112,27,17,GTTGTTGGAACGCTCAAACT,10,4554507
ybaY_predicted,1.0,34,17,GTTAATGGTGTCCGTCAGTG,17,4547371
ybaY_predicted,1.2777777777777777,39,17,GTGCTTAGCTGCCACACTCA,22,4565589
ybaY_predicted,0.1111111111111111,18,17,GTGCATGTGTAGTAGTAAAG,1,4548322
ybaY_predicted,1.0555555555555556,35,17,GTCGATTGATGTATCCACGT,18,4574911
ybaY_predicted,1.7777777777777777,48,17,GTCCCGCAGTCGCGTCGCCC,31,4551192
ybaY_predicted,0.2222222222222222,20,17,GTCACTCTCTTAAATTTGAA,3,4561727
ybaY_predicted,1.4444444444444444,42,17,GTATAGATCGGGCATCATAT,25,4595913
ybaY_predicted,1.6666666666666667,46,17,GTACCCGGGCGAGGGACATA,29,4545560
ybaY_predicted,1.0,34,17,GTACACCGGATTAACGATCT,17,4593940
ybaY_predicted,0.6666666666666666,28,17,GGTTCGAAGACCTTTTTCTA,11,4597331
ybaY_predicted,0.1111111111111111,18,17,GGTAAGAGATCAACCATCGA,1,4593656
ybaY_predicted,1.8333333333333333,49,17,GGGTGACACGGTTCCTATGT,32,4574616
ybaY_predicted,0.6111111111111112,27,17,GGCCTCCGCGCTCAAGGAGG,10,4562074
ybaY_predicted,2.888888888888889,68,17,GGCATTGCAAGGTCAAATCA,51,4546675
ybaY_predicted,1.4444444444444444,42,17,GGATTAAGGATAGATTGCTC,25,4584416
ybaY_predicted,2.9444444444444446,69,17,GGATAATCTCTTCAAAAGGC,52,4580827
ybaY_predicted,2.3333333333333335,58,17,GGAGAGGGTTACGTGCATCT,41,4581908
ybaY_predicted,1.5,43,17,GGACTCTAGTATGCAGGTGG,26,4557136
ybaY_predicted,2.4444444444444446,60,17,GGAAGACCCTTCGCATGAAC,43,4590860
ybaY_predicted,2.1666666666666665,55,17,GCTTGCCCAGTTGGTGGTTC,38,4593558
ybaY_predicted,0.8888888888888888,32,17,GCTTGAGGCTCTTACCGGCA,15,4567241
ybaY_predicted,1.5555555555555556,44,17,GCTTCTTTTACAGCGAACGA,27,4585979
ybaY_predicted,1.2222222222222223,38,17,GCTGTGCTGGAGGAGTGATA,21,4558301
ybaY_predicted,0.1111111111111111,18,17,GCTGGATTAAGGGAACGAAC,1,4582768
ybaY_predicted,0.1111111111111111,18,17,GCTCATGGGACACTTCTGTA,1,4587487
ybaY_predicted,1.0,34,17,GCTATATACGGACGCCCGAG,17,4577968
ybaY_predicted,1.0,34,17,GCTAGCTTTAACATCTTACT,17,4574573
ybaY_predicted,1.1111111111111112,36,17,GCTAGCCAGGTTTAGATTTA,19,4578579
ybaY_predicted,4.111111111111111,90,17,GCTACGTGCGTCGGGAAATG,73,4584668
ybaY_predicted,1.1666666666666667,37,17,GCGCCAATAGAAGTATCCTC,20,4567121
ybaY_predicted,2.5,61,17,GCGCATGCGACATGTAGTAC,44,4585627
ybaY_predicted,0.1111111111111111,18,17,GCGACCAATGTGAGACCCTT,1,4550781
ybaY_predicted,1.7222222222222223,47,17,GCGAAGGTTGGGGCTTTTGA,30,4566070
ybaY_predicted,0.16666666666666666,19,17,GCCCCAGGCGTTGGGGGTGC,2,4589409
ybaY_predicted,2.388888888888889,59,17,GCCAGTACCTCACAACTGTT,42,4569677
ybaY_predicted,2.7777777777777777,66,17,GCAACCCCCGCACAGTCGTA,49,4566415
ybaY_predicted,1.6111111111111112,45,17,GATCAGGTGGTTATTATCCT,28,4555487
ybaY_predicted,0.5555555555555556,26,17,GATACATACTGTCCGAGGGA,9,4579493
ybaY_predicted,1.5555555555555556,44,17,GATACAGAGTCAGAAGCTGG,27,4596263
ybaY_predicted,2.0555555555555554,53,17,GAGTTGTATAACACGCGGCC,36,4582282
ybaY_predicted,2.3333333333333335,58,17,GAGTCACACAAGGCGCACCT,41,4576725
ybaY_predicted,1.1666666666666667,37,17,GACTGAACTGTTTCCTATAG,20,4592020
ybaY_predicted,0.16666666666666666,19,17,GACGTGGATTTATATTAGTC,2,4570169
ybaY_predicted,0.16666666666666666,19,17,GACCTAGGGATAGAATGTTT,2,4593737
ybaY_predicted,0.7777777777777778,30,17,GAATGACCCGGAATCTCAGG,13,4546047
ybaY_predicted,0.3333333333333333,22,17,GAACTGCGAGCTTGCCGACG,5,4582961
ybaY_predicted,3.1666666666666665,73,17,CTTTGTTGATTATTCCGCAG,56,4570103
ybaY_predicted,0.2777777777777778,21,17,CTTGACAGTTAGGTGGGTTG,4,4558021
ybaY_predicted,1.0,34,17,CTGCACGGTCAACACGAGAC,17,4556132
ybaY_predicted,0.7777777777777778,30,17,CTCGTCCTCCCTGTCAATAT,13,4560742
ybaY_predicted,5.388888888888889,113,17,CTCGCACAATTATTGTCAGA,96,4577838
ybaY_predicted,0.3888888888888889,23,17,CTCGAGCATTCGCAACAATA,6,4573268
ybaY_predicted,1.7222222222222223,47,17,CTCCGACCGCACAAAACGTC,30,4553097
ybaY_predicted,0.5555555555555556,26,17,CTCACCCAGAGGTATTGGGC,9,4580474
ybaY_predicted,2.5,61,17,CTAACGGGTCTTTCATTCTG,44,4566394
ybaY_predicted,0.3333333333333333,22,17,CGTTGCTCGAGTACATCTTG,5,4594986
ybaY_predicted,1.3333333333333333,40,17,CGTAGGGGCAGGAGTCGGTG,23,4544334
ybaY_predicted,1.5,43,17,CGCGCTGATGGGGCCGATGC,26,4550578
ybaY_predicted,0.3888888888888889,23,17,CGCAAGTCCTGGCCTGAATA,6,4561736
ybaY_predicted,0.1111111111111111,18,17,CGATTCGGTTCACTTTATTC,1,4563636
ybaY_predicted,0.5,25,17,CGATCTCAAACCGAGATAAT,8,4576714
ybaY_predicted,1.6666666666666667,46,17,CGAAGTCAGTACAACTGATA,29,4558841
ybaY_predicted,0.7222222222222222,29,17,CGAAAGTCAGGTGGTATAAT,12,4553428
ybaY_predicted,1.6111111111111112,45,17,CCTTCCGGGTTAATGGAAGT,28,4555603
ybaY_predicted,1.5555555555555556,44,17,CCTCCCGGGACTTTCTTTGA,27,4554045
ybaY_predicted,1.8333333333333333,49,17,CCGTGTAATGGGAGGCCGTG,32,4597547
ybaY_predicted,1.5,43,17,CCGTATGGTCGTGACTTCGA,26,4547322
ybaY_predicted,0.16666666666666666,19,17,CCGGCAAGCCTCGTCTTTAT,2,4599816
ybaY_predicted,1.6666666666666667,46,17,CCGCCAACGCGAGGCTTCCT,29,4567963
ybaY_predicted,7.333333333333333,148,17,CCGCATAGGCGCCCGGACAT,131,4594688
ybaY_predicted,4.444444444444445,96,17,CCGAGTTTAATTTAGGGGTT,79,4569680
ybaY_predicted,2.111111111111111,54,17,CCGAATTAGGATACTCGAGA,37,4553915
ybaY_predicted,1.0555555555555556,35,17,CCCTGTCGCACCCGAGCGGG,18,4559707
ybaY_predicted,1.7222222222222223,47,17,CCCCGGCTTGTACGTTAGAT,30,4598483
ybaY_predicted,2.1666666666666665,55,17,CCCCCTTTGGACCGGTTGGA,38,4562192
ybaY_predicted,0.7222222222222222,29,17,CCATCTAACGAGTAACGTCC,12,4593858
ybaY_predicted,1.3333333333333333,40,17,CCAGTTCATTATCATAGCAG,23,4593288
ybaY_predicted,1.6666666666666667,46,17,CCAGGTCTGGTCTGCGACCT,29,4599791
ybaY_predicted,3.2777777777777777,75,17,CCAGGCCACCATAGCCAGAT,58,4586480
ybaY_predicted,0.3333333333333333,22,17,CCACGACTTTGGGTAAGTCG,5,4562726
ybaY_predicted,1.0555555555555556,35,17,CCAATGTATTTCTCTGTATC,18,4567805
ybaY_predicted,2.2222222222222223,56,17,CCAAGAGGCTGACTTGGCGT,39,4550305
ybaY_predicted,0.1111111111111111,18,17,CATTTGCATGGAGCAGCTCG,1,4558273
ybaY_predicted,2.1666666666666665,55,17,CATTGGAACACGCCTGAGTC,38,4555755
ybaY_predicted,0.8888888888888888,32,17,CATTCGTAAACAATTTAGAT,15,4596830
ybaY_predicted,2.0,52,17,CATTATCCGTGGTTTCGTTC,35,4594190
ybaY_predicted,1.1666666666666667,37,17,CATCACTGGCGGGAATTGTA,20,4568747
ybaY_predicted,2.7222222222222223,65,17,CAGTACGATTTCCCATTGCA,48,4592294
ybaY_predicted,0.1111111111111111,18,17,CAGTACATGCAATGATCATG,1,4588195
ybaY_predicted,3.8333333333333335,85,17,CAGGCCATACCTTTTTGCAG,68,4583960
ybaY_predicted,2.2222222222222223,56,17,CAGGATCGTTTTAAGCGTTT,39,4566671
ybaY_predicted,3.4444444444444446,78,17,CACGGTGGAATCCGTGGACC,61,4578489
ybaY_predicted,0.1111111111111111,18,17,CACCTCGCGTGGTCATAACA,1,4578093
ybaY_predicted,1.3888888888888888,41,17,CAATTAGTCGTTTAAATGGA,24,4571723
ybaY_predicted,2.5555555555555554,62,17,CAATCAAGTTGCGGGCGGAA,45,4563783
ybaY_predicted,0.1111111111111111,18,17,CAAGTGTGGATTTAGCCGAA,1,4565146
ybaY_predicted,0.8888888888888888,32,17,CAACTGGGTGGTGGGTGGTA,15,4556014
ybaY_predicted,2.888888888888889,68,17,CAAATTCGGGATAGCTTATA,51,4595000
ybaY_predicted,1.1111111111111112,36,17,ATTTGTGATGCGGAGTGAGA,19,4585935
ybaY_predicted,0.2777777777777778,21,17,ATTGATTTCGACGGAATCAA,4,4553204
ybaY_predicted,0.6666666666666666,28,17,ATTATAACAGATTTCGTTCT,11,4584669
ybaY_predicted,0.9444444444444444,33,17,ATTACGTCCCTAACAGGGAC,16,4574260
ybaY_predicted,0.2777777777777778,21,17,ATGTAATGAAGGTGGTGAAA,4,4564334
ybaY_predicted,0.2777777777777778,21,17,ATGGACGGGACGGGTTGCCT,4,4599817
ybaY_predicted,0.9444444444444444,33,17,ATGCACACGTCCCATAGCCA,16,4559965
ybaY_predicted,0.7777777777777778,30,17,ATGCAATCCTTGCGCGACGA,13,4545309
ybaY_predicted,1.3333333333333333,40,17,ATCGTGTGTTTTAGCAGGGG,23,4586043
ybaY_predicted,1.0,34,17,ATCCTGCGGGCCGCTCGGAA,17,4568845
ybaY_predicted,1.6666666666666667,46,17,ATCCCAGCCCGGGGGGGATA,29,4593221
ybaY_predicted,0.4444444444444444,24,17,ATCAGGTCATCTAATTCGGT,7,4581959
ybaY_predicted,0.1111111111111111,18,17,ATCAATGAGGGTCCGGAGAC,1,4560847
ybaY_predicted,0.3888888888888889,23,17,ATAGTAGTTGGACTATTGTG,6,4544639
ybaY_predicted,0.7222222222222222,29,17,ATAGATCGAGTAGGGAATTG,12,4555904
ybaY_predicted,1.1666666666666667,37,17,AGTTTGCTGAAAACAAATTG,20,4549274
ybaY_predicted,1.5,43,17,AGTGTCTGGCTCCGCGAATT,26,4585000
ybaY_predicted,0.1111111111111111,18,17,AGTCCGGGCGCCATTACCAG,1,4583490
ybaY_predicted,1.5,43,17,AGTACGCACGTGCTCACGGA,26,4559056
ybaY_predicted,1.3888888888888888,41,17,AGTAATTTCCAAACCCCGCA,24,4549962
ybaY_predicted,0.8333333333333334,31,17,AGGATACCGTATGTGGCAAC,14,4562342
ybaY_predicted,2.2777777777777777,57,17,AGCGATAGTTCACGTCGGTC,40,4561554
ybaY_predicted,0.1111111111111111,18,17,AGCATCTCTGGACAACACAT,1,4564611
ybaY_predicted,1.3333333333333333,40,17,AGCAGCAATTATTTATAATG,23,4559422
ybaY_predicted,2.111111111111111,54,17,AGATTTCTGCACCAATCGTC,37,4586562
ybaY_predicted,0.1111111111111111,18,17,AGATCGGGGCGGAAATTGTT,1,4546743
ybaY_predicted,1.1666666666666667,37,17,AGACTGTTACCATTCGACAG,20,4567313
ybaY_predicted,0.5,25,17,AGAACTTCTAGCCACGTCTT,8,4587617
ybaY_predicted,1.3888888888888888,41,17,AGAACCGCCTCATAAGTGCG,24,4589808
ybaY_predicted,1.8888888888888888,50,17,ACTTCTAACTTGCATTGGGC,33,4562343
ybaY_predicted,1.2777777777777777,39,17,ACTGCACGTTGCAATGCGAG,22,4581167
ybaY_predicted,0.1111111111111111,18,17,ACTAGCGGAAACAGCCCACT,1,4578803
ybaY_predicted,0.4444444444444444,24,17,ACGTGTGTCTCGTTTGTTCT,7,4549880
ybaY_predicted,0.7777777777777778,30,17,ACGCTCGCACTCAGTGCGTT,13,4564418
ybaY_predicted,0.1111111111111111,18,17,ACGCCTCAAGTGGTCGGGCG,1,4576552
ybaY_predicted,1.7777777777777777,48,17,ACGCCCTCATGATTAGGGTA,31,4560978
ybaY_predicted,1.6666666666666667,46,17,ACCGGTTTTTGGTTCGAATT,29,4583273
ybaY_predicted,0.7222222222222222,29,17,ACCGGAGTCTAGACAGTTAT,12,4554158
ybaY_predicted,1.6111111111111112,45,17,ACAGTTAACAGGGCCGATCT,28,4547604
ybaY_predicted,1.2222222222222223,38,17,ACAGGCTACTCAGTTATGAC,21,4595661
ybaY_predicted,2.4444444444444446,60,17,AATGACTGTAGGCGCGTGAT,43,4552237
ybaY_predicted,0.1111111111111111,18,17,AATCTAAACTACCTCGGCAT,1,4570608
ybaY_predicted,0.16666666666666666,19,17,AATCCTCTATTTATTTTTCT,2,4562893
ybaY_predicted,6.222222222222222,128,17,AAGTTTGTGTATTTCGATTT,111,4577333
ybaY_predicted,0.1111111111111111,18,17,AAGTTGTCCACGCATTATCA,1,4597013
ybaY_predicted,0.5,25,17,AAGTCACAAGGGTGCTCCTG,8,4564151
ybaY_predicted,0.4444444444444444,24,17,AAGGGTTGCCGAGAGCATGT,7,4569111
ybaY_predicted,0.1111111111111111,18,17,AACGAGCATCAGCGAAATGA,1,4579470
ybaY_predicted,3.8333333333333335,85,17,AACCGATTTCAGGTGGGCAA,68,4566194
ybaY_predicted,1.5,43,17,AACCCGAGGGGAATTTACAA,26,4595404
ybaY_predicted,1.7777777777777777,48,17,AACAATGGGCCTCGGTTAGA,31,4595144
ybaY_predicted,1.5,43,17,AAACTCGCAGTTCCACGAAC,26,4544864
ybaY_predicted,3.388888888888889,77,17,AAACCACCTGTAGGCCTTGC,60,4594774
ybaY_predicted,0.16666666666666666,19,17,AAAAGTGTAGGAGGGATTGC,2,4556045
ybaY_predicted,0.11764705882352941,17,16,TTTGCCTGACTTCCAGAGTC,1,4560303
ybaY_predicted,1.7647058823529411,45,16,TTTCCCCCCACAAATACCCC,29,4562484
ybaY_predicted,0.35294117647058826,21,16,TTGTTGGACCGCTTGTCCCT,5,4589134
ybaY_predicted,0.11764705882352941,17,16,TTGTCAGCTCAATTATAGGT,1,4572804
ybaY_predicted,1.4705882352941178,40,16,TTGTCAAGGGACTGTGTGCA,24,4592772
ybaY_predicted,1.2941176470588236,37,16,TTGGGTAAACTTTATTGGAC,21,4560783
ybaY_predicted,1.2352941176470589,36,16,TTGACGGTTACACTTTAAGT,20,4553484
ybaY_predicted,0.11764705882352941,17,16,TTCTAGGCCTAAGTGCCCAC,1,4568136
ybaY_predicted,1.411764705882353,39,16,TTCGTAATAGACTGGGTTCA,23,4549899
ybaY_predicted,2.411764705882353,56,16,TTCGGTTATTTCAACTTTTT,40,4559283
ybaY_predicted,1.5294117647058822,41,16,TTCGATCGCCTTTTGCCGAG,25,4571834
ybaY_predicted,2.3529411764705883,55,16,TTCCTTAATGATCAGGGAAA,39,4560393
ybaY_predicted,1.6470588235294117,43,16,TTCCGAACCGCAGGAATTTC,27,4556104
ybaY_predicted,1.0,32,16,TTACGCACAACCCGGGTCTC,16,4568923
ybaY_predicted,0.7647058823529411,28,16,TTACCCTCAGGGGGCAGATC,12,4563074
ybaY_predicted,1.5294117647058822,41,16,TGTTTCTTCGTTCTTCTCGG,25,4588458
ybaY_predicted,1.411764705882353,39,16,TGTGGGTAAAGCAGTCTAGC,23,4561394
ybaY_predicted,0.17647058823529413,18,16,TGTACCGAGTGTTCGGTGGT,2,4574449
ybaY_predicted,0.8235294117647058,29,16,TGGTGGGAAGCAGTGAGGAC,13,4589377
ybaY_predicted,0.7058823529411765,27,16,TGGGTACGACCCCAGGACTC,11,4560119
ybaY_predicted,0.4117647058823529,22,16,TGGAAAACTGCACTTCTAGG,6,4583756
ybaY_predicted,3.9411764705882355,82,16,TGCTTGAGGATTCGTGACCT,66,4562082
ybaY_predicted,0.8823529411764706,30,16,TGCGAGACTCCTTGGACAGC,14,4592340
ybaY_predicted,1.8823529411764706,47,16,TGCCTGTTTGCGTAGTTCCC,31,4583068
ybaY_predicted,1.7647058823529411,45,16,TGCAGCGTAGCTGTAAAAAT,29,4585402
ybaY_predicted,0.17647058823529413,18,16,TGCACGTGACCGAGAGGGTT,2,4597913
ybaY_predicted,2.176470588235294,52,16,TGATGTCAACAGGCCATGGT,36,4544894
ybaY_predicted,2.588235294117647,59,16,TGAGATAATCACTTTCCTAT,43,4596100
ybaY_predicted,1.1176470588235294,34,16,TCTTAATGGGCACAACTAAG,18,4567035
ybaY_predicted,0.5882352941176471,25,16,TCTGCTATTGGCTTCTGTTT,9,4551302
ybaY_predicted,0.4117647058823529,22,16,TCGTCCTCGTCTTCATGGGA,6,4589831
ybaY_predicted,1.6470588235294117,43,16,TCGGACGACAACCCGTTGGT,27,4592148
ybaY_predicted,0.23529411764705882,19,16,TCCTGTTTAATGTAGATTAT,3,4580251
ybaY_predicted,0.11764705882352941,17,16,TCCGTTGGGACAAGATCCGA,1,4551778
ybaY_predicted,0.8235294117647058,29,16,TCCCGCAGCGCACTATTTCG,13,4589980
ybaY_predicted,0.7058823529411765,27,16,TCAGTTCATTTCCGGTGGCA,11,4544634
ybaY_predicted,0.47058823529411764,23,16,TCACCAATAAGTAACCGGTC,7,4596270
ybaY_predicted,0.11764705882352941,17,16,TCAAGTCTATGTAGTAAAGC,1,4569980
ybaY_predicted,1.6470588235294117,43,16,TCAAGTAAGGCCCGGCTAAG,27,4570902
ybaY_predicted,2.176470588235294,52,16,TATCCCCCGCCCCCCCCTAT,36,4574947
ybaY_predicted,1.411764705882353,39,16,TAGGATATAAGTAGTGGGCT,23,4578248
ybaY_predicted,0.5882352941176471,25,16,TAGGAGTTGTACTAATACGC,9,4590867
ybaY_predicted,1.9411764705882353,48,16,TAGATTAGCGTGCTATGGGG,32,4577934
ybaY_predicted,1.0,32,16,TAATTCGTCGATATACCAGT,16,4544502
ybaY_predicted,0.11764705882352941,17,16,TAATTAGGTAGGCCTGGTGT,1,4570589
ybaY_predicted,1.8823529411764706,47,16,TAATCCTAGTACGCGTCGGA,31,4572405
ybaY_predicted,0.23529411764705882,19,16,TAAAGACAATGACGAGTAAC,3,4547706
ybaY_predicted,1.2941176470588236,37,16,TAAAACCAATTGAAGCTTGC,21,4588206
ybaY_predicted,0.11764705882352941,17,16,GTTTAGTCTGCCTGTAAGAC,1,4581718
ybaY_predicted,0.11764705882352941,17,16,GTTGTTTAATGGTGGACGCT,1,4578528
ybaY_predicted,1.1176470588235294,34,16,GTTGCACTCAATAAGATAGA,18,4573065
ybaY_predicted,0.5882352941176471,25,16,GTTCCACTAAGAAACCATTC,9,4561430
ybaY_predicted,3.588235294117647,76,16,GTTCACACACTCGGCGCGTC,60,4595504
ybaY_predicted,1.1176470588235294,34,16,GTTATACACAAAACTTCAAG,18,4581397
ybaY_predicted,2.0588235294117645,50,16,GTTACCGGAGGGTCCGTAAT,34,4561730
ybaY_predicted,5.823529411764706,114,16,GTGGTTTTATGGAACGGTTC,98,4594645
ybaY_predicted,1.5294117647058822,41,16,GTGGCCTGACGGGAAACTCG,25,4562355
ybaY_predicted,3.0588235294117645,67,16,GTGCCGGACATAAACCTCAT,51,4568008
ybaY_predicted,0.7058823529411765,27,16,GTGCATATTGGGAAGTCTCA,11,4583982
ybaY_predicted,0.11764705882352941,17,16,GTGATCCAGAGGCTGCCGTG,1,4580962
ybaY_predicted,1.0,32,16,GTGAAGTATGCCATTTAAGT,16,4573241
ybaY_predicted,2.1176470588235294,51,16,GTCTTGTCATATGGTAAGTC,35,4585920
ybaY_predicted,0.5294117647058824,24,16,GTCCCTTAACAAAGAATGTC,8,4593480
ybaY_predicted,1.5294117647058822,41,16,GGTGGTGTGTCATAACATGA,25,4587563
ybaY_predicted,0.23529411764705882,19,16,GGTATCAGAGTGGCACCCGT,3,4596579
ybaY_predicted,0.11764705882352941,17,16,GGGTCAGTTGTCGGTAAGAA,1,4558192
ybaY_predicted,1.2352941176470589,36,16,GGGTACACTTAGCGCCCAAC,20,4558031
ybaY_predicted,2.6470588235294117,60,16,GGGCCATTGGGCTGGTTTCT,44,4565279
ybaY_predicted,15.411764705882353,277,16,GGGATGTCCCGCGGGGCTAA,261,4547099
ybaY_predicted,0.11764705882352941,17,16,GGCTGGTCGTCAAACGTGTG,1,4572172
ybaY_predicted,1.4705882352941178,40,16,GGCTCTGTTACCCTGAAGAG,24,4575284
ybaY_predicted,0.17647058823529413,18,16,GGCTCGAGGGTTCGCCTTGC,2,4561351
ybaY_predicted,0.8235294117647058,29,16,GGATAAGTGTAATTGTTATA,13,4549620
ybaY_predicted,1.3529411764705883,38,16,GCTATCTTTGACCGAATCTA,22,4568436
ybaY_predicted,0.11764705882352941,17,16,GCGCTACATAAAACAGAAAC,1,4566758
ybaY_predicted,1.0,32,16,GCGCAGTAAAGTGTAAATAT,16,4594317
ybaY_predicted,1.4705882352941178,40,16,GCGATTAGTGGGCTTCCTGC,24,4565121
ybaY_predicted,1.3529411764705883,38,16,GCGACCGTCCAGCTATGATC,22,4573500
ybaY_predicted,4.9411764705882355,99,16,GCCTCTGCGCCGGCGGGACA,83,4578533
ybaY_predicted,1.1176470588235294,34,16,GCCTCCCTTTTAACTTCGCA,18,4548164
ybaY_predicted,0.11764705882352941,17,16,GCCGGGTAGGAGCTAAGGCA,1,4594399
ybaY_predicted,1.5294117647058822,41,16,GCCGCCTTACCTGTCCTCTT,25,4599783
ybaY_predicted,0.6470588235294118,26,16,GCCCCTTCTGTTGGAGGGGC,10,4585142
ybaY_predicted,0.7058823529411765,27,16,GCCCAGGATCTCCGCGGACT,11,4549409
ybaY_predicted,0.11764705882352941,17,16,GCCATCACGACCAGGTTCTG,1,4589707
ybaY_predicted,1.2352941176470589,36,16,GCCAGATAGGCAGGGAAGCT,20,4550604
ybaY_predicted,0.7647058823529411,28,16,GCACATAGAGGAGAGATGCA,12,4558855
ybaY_predicted,1.7647058823529411,45,16,GATTTCTTGTACTCCACAAC,29,4573973
ybaY_predicted,1.0588235294117647,33,16,GATGTCGTTATCACGAGTTA,17,4597784
ybaY_predicted,0.35294117647058826,21,16,GATCAGTGACGGAACATAGA,5,4551228
ybaY_predicted,1.411764705882353,39,16,GATATGGTTGATAGGAAATA,23,4547716
ybaY_predicted,0.23529411764705882,19,16,GATACTCTAGCAGATAAGAG,3,4589400
ybaY_predicted,0.5882352941176471,25,16,GAGTACAGCCGTAATTAGGA,9,4548056
ybaY_predicted,3.1176470588235294,68,16,GAGCTGCGTATCAACTGAGT,52,4565238
ybaY_predicted,1.8235294117647058,46,16,GAGATTTCCTCACTCTCCCC,30,4561126
ybaY_predicted,0.47058823529411764,23,16,GAGACGCTCATGAAATTGGT,7,4598723
ybaY_predicted,1.5294117647058822,41,16,GACTCCGGCTCTTTTACGAA,25,4551563
ybaY_predicted,1.2941176470588236,37,16,GACGATTGCATCGCGTCGTT,21,4546384
ybaY_predicted,3.0,66,16,GAATTGGTGCAGACGATATT,50,4549275
ybaY_predicted,0.29411764705882354,20,16,GAATGAGTTTTAGCTTTGCT,4,4572845
ybaY_predicted,5.705882352941177,112,16,GAATCGTCTGGTGCATCAAC,96,4599424
ybaY_predicted,0.7647058823529411,28,16,GAATCGCTCCGGGATGTCTG,12,4568387
ybaY_predicted,0.5294117647058824,24,16,GAATCCTTGAGGCTACGATA,8,4598597
ybaY_predicted,3.588235294117647,76,16,GAACCACTCGAGAGGCCAAT,60,4560773
ybaY_predicted,1.8823529411764706,47,16,GAAATAAACCAACCGGACTT,31,4566175
ybaY_predicted,0.11764705882352941,17,16,CTTTTTCATTCGCCGGTTTT,1,4581709
ybaY_predicted,4.647058823529412,94,16,CTGGTGGGTTTCTTATGGAG,78,4572430
ybaY_predicted,0.11764705882352941,17,16,CTGGTATGGACGCATTACGT,1,4569249
ybaY_predicted,1.7058823529411764,44,16,CTGAGCGTAATGCCACTTTT,28,4580577
ybaY_predicted,0.11764705882352941,17,16,CTGACCCCCACAGCGCGGTT,1,4590491
ybaY_predicted,0.7647058823529411,28,16,CTCTTAATTATCCTCCGGGA,12,4573039
ybaY_predicted,1.4705882352941178,40,16,CTAACTTGCCACCATCCTCC,24,4569736
ybaY_predicted,0.17647058823529413,18,16,CTAAATCTCTCATTGATCGT,2,4556296
ybaY_predicted,2.235294117647059,53,16,CGTTGCTAACATGACTCTCT,37,4593734
ybaY_predicted,0.8823529411764706,30,16,CGGTCTACCGGATAGTGTAC,14,4547574
ybaY_predicted,0.7058823529411765,27,16,CGGTCTACACGGTGATTGCA,11,4548714
ybaY_predicted,1.5294117647058822,41,16,CGGCTATGCTATGTATGGCA,25,4544991
ybaY_predicted,1.5294117647058822,41,16,CGGCTATGAGGCAGACGACT,25,4566134
ybaY_predicted,0.11764705882352941,17,16,CGCTAGCCTATACCAGTGAT,1,4577067
ybaY_predicted,1.3529411764705883,38,16,CGCTAATTCAAAGGGAAAAA,22,4559292
ybaY_predicted,1.1176470588235294,34,16,CGAGTTTGTCCATAATTGTT,18,4553910
ybaY_predicted,1.1764705882352942,35,16,CGAGAATGACACGTGGGATA,19,4560484
ybaY_predicted,2.235294117647059,53,16,CCTTTTTATCAACCCTGGTC,37,4598660
ybaY_predicted,0.8823529411764706,30,16,CCTGGGAACGTTCATACGCT,14,4544530
ybaY_predicted,1.8823529411764706,47,16,CCTGATAGGTATGGGCCAAG,31,4590432
ybaY_predicted,0.6470588235294118,26,16,CCGTTAGTTCGGGAAGGACC,10,4592388
ybaY_predicted,0.7058823529411765,27,16,CCGCATTGCAACGCCGAAAC,11,4568893
ybaY_predicted,1.2352941176470589,36,16,CCGACGATTTATGCTTTTCG,20,4573280
ybaY_predicted,0.11764705882352941,17,16,CCGACATAGTATCCACACGG,1,4583323
ybaY_predicted,2.176470588235294,52,16,CCGAAACAGGCGCGCCGGAC,36,4553234
ybaY_predicted,19.647058823529413,349,16,CCCTTTGTCCTAGTGGATCT,333,4555338
ybaY_predicted,1.2352941176470589,36,16,CCCGCATCGTTATCGTCGGT,20,4555687
ybaY_predicted,5.117647058823529,102,16,CCCCTTTTCTTCGAGTAGAA,86,4570554
ybaY_predicted,0.6470588235294118,26,16,CCCCGTACTCAACCGCACTA,10,4545788
ybaY_predicted,0.5882352941176471,25,16,CCCAACCCGTTATACGTCGT,9,4579021
ybaY_predicted,0.5882352941176471,25,16,CCAAGGTGCTGGCCGGTAGG,9,4575930
ybaY_predicted,0.23529411764705882,19,16,CATGTGTTGAGAATTGAGCT,3,4567143
ybaY_predicted,1.8235294117647058,46,16,CAGTCGATCAAATCTAATAG,30,4592361
ybaY_predicted,0.11764705882352941,17,16,CACAGAGGTCCCGGTCGGTA,1,4582002
ybaY_predicted,0.11764705882352941,17,16,ATTGTAGTTGCTTCGCGGGG,1,4564044
ybaY_predicted,1.2941176470588236,37,16,ATTCTAGGCCAGCGAGAGAT,21,4564227
ybaY_predicted,1.7058823529411764,44,16,ATGGCAAGGCTTGCGGAGCA,28,4582743
ybaY_predicted,0.23529411764705882,19,16,ATGCTTTGTCTTTCCCCGGC,3,4593958
ybaY_predicted,1.411764705882353,39,16,ATGCCGGAGCTGCCCAGGCT,23,4563243
ybaY_predicted,9.117647058823529,170,16,ATGAATTAAACCTTGCACGT,154,4577461
ybaY_predicted,0.4117647058823529,22,16,ATCTTTGGTCTTTCAGCCAG,6,4559050
ybaY_predicted,0.11764705882352941,17,16,ATCCTCTTCCATTTGTGCAT,1,4572042
ybaY_predicted,0.11764705882352941,17,16,ATCCTCCGCGGATTCCCTAG,1,4596411
ybaY_predicted,1.5294117647058822,41,16,ATCAAAGGGGTGTAGAAAGC,25,4591809
ybaY_predicted,0.11764705882352941,17,16,ATATTATCCAGTAGGGGACA,1,4554596
ybaY_predicted,3.235294117647059,70,16,ATATATAGGTCGATGGTACG,54,4560438
ybaY_predicted,0.23529411764705882,19,16,ATACCCACTGGTGTTCGATA,3,4545905
ybaY_predicted,5.117647058823529,102,16,AGTCGGCTATACGTCCAAGC,86,4569330
ybaY_predicted,0.9411764705882353,31,16,AGTCGGCAATTATTTTTTCA,15,4544912
ybaY_predicted,1.1176470588235294,34,16,AGGGCATCATTATCATAAGT,18,4573140
ybaY_predicted,0.8235294117647058,29,16,AGGCTGCATGTGAGAGATAA,13,4580200
ybaY_predicted,1.0,32,16,AGGCGATATGCCGGTGAGCG,16,4585953
ybaY_predicted,2.823529411764706,63,16,AGCTAACGGAGACCGGCCAA,47,4549841
ybaY_predicted,0.5294117647058824,24,16,AGCGGTGCGAAAAGTTCTTC,8,4592063
ybaY_predicted,0.11764705882352941,17,16,AGCGATGCAGATGGGTGTGT,1,4549685
ybaY_predicted,3.9411764705882355,82,16,AGCGACCTACTTCATTCAAG,66,4550556
ybaY_predicted,1.1176470588235294,34,16,AGCATGGGTACACTCTTGAA,18,4558368
ybaY_predicted,3.764705882352941,79,16,AGCACTAAGGAAAGGCAACT,63,4546148
ybaY_predicted,0.11764705882352941,17,16,AGCAACTCGCAGGAAGTGAG,1,4548212
ybaY_predicted,0.11764705882352941,17,16,ACTGGGTGAGGTCACTAAGA,1,4590319
ybaY_predicted,0.11764705882352941,17,16,ACTGCCCTAACGGTTGACGC,1,4555270
ybaY_predicted,0.7647058823529411,28,16,ACTGAGGGTATACACGCCAT,12,4548043
ybaY_predicted,1.0,32,16,ACTCGCCCGCAAGTTGTAGT,16,4590132
ybaY_predicted,1.7647058823529411,45,16,ACTATGGTCGGTGGGTTACG,29,4562325
ybaY_predicted,0.35294117647058826,21,16,ACGGGTTGACCACATGATGG,5,4547019
ybaY_predicted,0.6470588235294118,26,16,ACGGATCTCGCTAGGCCTAA,10,4564134
ybaY_predicted,2.1176470588235294,51,16,ACCTAAGACGCGGTAAGACT,35,4591001
ybaY_predicted,0.11764705882352941,17,16,ACCGTGTGATTTCCAGTCAC,1,4568978
ybaY_predicted,1.7058823529411764,44,16,ACCGGGCGGCCAAGCCCTAG,28,4586916
ybaY_predicted,1.8823529411764706,47,16,ACCCGTTCACCAAAATCCAA,31,4577697
ybaY_predicted,0.11764705882352941,17,16,ACATGTACAAGGTTGCTGCT,1,4555484
ybaY_predicted,0.6470588235294118,26,16,ACATAATCATCCCGTTATCA,10,4592328
ybaY_predicted,3.0588235294117645,67,16,ACAGTCACGTTTGATGATTT,51,4562501
ybaY_predicted,0.35294117647058826,21,16,AATTGTTCGTTTTACCAGTT,5,4563433
ybaY_predicted,2.2941176470588234,54,16,AATGACCCTGCGCGGGCCGC,38,4593349
ybaY_predicted,0.47058823529411764,23,16,AATACGTTTGGTTGTGCGTT,7,4553150
ybaY_predicted,0.4117647058823529,22,16,AATAAAATAGTCCTAGTCGG,6,4560915
ybaY_predicted,2.588235294117647,59,16,AAGGATGATTAGATCGCACC,43,4563684
ybaY_predicted,0.7647058823529411,28,16,AACTTGGCGGCAGCTGAGCT,12,4573834
ybaY_predicted,0.11764705882352941,17,16,AACGGTTAGGATTTCCACAA,1,4582076
ybaY_predicted,0.35294117647058826,21,16,AACAACACCGATAGCCAAAC,5,4595012
ybaY_predicted,2.0,49,16,AAAGTCGAAACAAACGAAAT,33,4581413
ybaY_predicted,7.176470588235294,137,16,AAAAAGCGACGCCAATCAAA,121,4584613
ybaY_predicted,0.375,20,15,TTTTTTAAATTTAGGTATTG,5,4558999
ybaY_predicted,1.6875,41,15,TTTGTGATTAATCTCGCGTG,26,4557899
ybaY_predicted,0.125,16,15,TTTCTTTTAGGGTTATCTGA,1,4568624
ybaY_predicted,0.8125,27,15,TTGTAACGTAGTCGGTCACT,12,4575843
ybaY_predicted,1.0,30,15,TTGGGTTCAAAAGTCCTTGT,15,4578108
ybaY_predicted,0.75,26,15,TTGGGGACTCTCCTCCAGTT,11,4563432
ybaY_predicted,1.625,40,15,TTGCCGTTTAATTCACACGC,25,4567104
ybaY_predicted,0.875,28,15,TTGATATGACGACCCGAAAT,13,4573907
ybaY_predicted,2.375,52,15,TTCTGGAACATAAGAGCTCC,37,4550624
ybaY_predicted,3.3125,67,15,TTATCGCGCACCTCATCAGC,52,4545331
ybaY_predicted,1.6875,41,15,TTACTGACAGTCTTCTGGAA,26,4580482
ybaY_predicted,5.5625,103,15,TTACGTGTGATTACCGCATG,88,4549992
ybaY_predicted,0.4375,21,15,TGTGTATAAGCCTTAGGAGC,6,4570688
ybaY_predicted,3.5625,71,15,TGTCCGAAACACATCGTACA,56,4549756
ybaY_predicted,0.9375,29,15,TGTAATCTCACCGCATTCTG,14,4580772
ybaY_predicted,5.1875,97,15,TGGTCGGTGCTAAGTTTCGA,82,4550015
ybaY_predicted,0.3125,19,15,TGGCTTCGAGTAAGCGGACT,4,4564893
ybaY_predicted,2.625,56,15,TGCTGCAGATCATGATCGAT,41,4574023
ybaY_predicted,0.375,20,15,TGCGTGGGAGGTCGTAGCAA,5,4555376
ybaY_predicted,0.125,16,15,TGCCGGCCCCGGGCGTCACT,1,4547742
ybaY_predicted,0.25,18,15,TGCCATTAGTCTAACGCTGC,3,4592297
ybaY_predicted,1.8125,43,15,TGCACTAAAGATACGACGAA,28,4555620
ybaY_predicted,1.125,32,15,TGATACCAACCTCAAGCGGA,17,4590167
ybaY_predicted,1.375,36,15,TCTTACAGCCTACGGTCCGA,21,4554687
ybaY_predicted,0.5,22,15,TCTGCGTTTTAATGACACGG,7,4580905
ybaY_predicted,3.0,62,15,TCGTAGAAGTCAAACTTGCT,47,4569816
ybaY_predicted,0.1875,17,15,TCGGGGTGACAGTCATTTCC,2,4584704
ybaY_predicted,0.75,26,15,TCGCAGTTGTTTGGGAAGGC,11,4567116
ybaY_predicted,1.625,40,15,TCGAGACGCATCATGGTAAC,25,4597126
ybaY_predicted,1.0625,31,15,TCGACCAACTTGCAGGAGAC,16,4555639
ybaY_predicted,0.6875,25,15,TCCTGTATCTCTCCACGCAT,10,4592321
ybaY_predicted,1.875,44,15,TCCGCCGATGCGAACCCGCG,29,4584488
ybaY_predicted,3.125,64,15,TCCCAAAGCTAGGTTTGGGG,49,4600678
ybaY_predicted,1.3125,35,15,TCAGTCGTGGGCAGGAACGT,20,4570576
ybaY_predicted,1.5625,39,15,TCAGAGAACGGGACCTGATA,24,4584660
ybaY_predicted,0.75,26,15,TCAGAAGCAGTTAGGGGTTG,11,4544385
ybaY_predicted,1.875,44,15,TCACTGCGGCCATATGTTTA,29,4584884
ybaY_predicted,0.125,16,15,TCACGACGAGTTTCCTTCGT,1,4571722
ybaY_predicted,1.0625,31,15,TCAACGTTGTTAGACTTCTA,16,4565405
ybaY_predicted,3.375,68,15,TATTGCCGACAGTAGTCTCG,53,4559415
ybaY_predicted,0.3125,19,15,TATTCACATATCCGCAAGAG,4,4565353
ybaY_predicted,3.625,72,15,TATCTTGCAGGCAGGCCGGG,57,4566108
ybaY_predicted,0.75,26,15,TATCCTCTTAGCTAGGCAGG,11,4547649
ybaY_predicted,0.125,16,15,TATAACCGCATCTACCTTTC,1,4576683
ybaY_predicted,2.6875,57,15,TAGCCTCGGCAGTGGCGAAG,42,4560227
ybaY_predicted,0.125,16,15,TAGACAGTCCGCGTGAGAGA,1,4573505
ybaY_predicted,0.125,16,15,TACATGTCTGCCCCCCCTGC,1,4579608
ybaY_predicted,0.375,20,15,TAACGGCAAGCTCCTATTTA,5,4579280
ybaY_predicted,1.1875,33,15,TAACACTTTACCACGTTTAT,18,4569282
ybaY_predicted,0.125,16,15,TAAACACCATACGTCTATTA,1,4551926
ybaY_predicted,2.5625,55,15,TAAAACGGTGCACACGAGGC,40,4562999
ybaY_predicted,1.0,30,15,GTTTTCTACGCGCGGTCAAC,15,4576528
ybaY_predicted,1.125,32,15,GTTGCCCTAGTAAGTGGCAT,17,4563009
ybaY_predicted,3.6875,73,15,GTTAAGGCATGTTACGGTTA,58,4588109
ybaY_predicted,1.875,44,15,GTTAAAATTCCTATTTGTCT,29,4587644
ybaY_predicted,1.875,44,15,GTGAGTACGCTTTTTCGTGG,29,4585237
ybaY_predicted,3.0,62,15,GTGAAGGACAGACAGTTGGA,47,4567312
ybaY_predicted,1.4375,37,15,GTCATCGCGGAGTGTCAACA,22,4550193
ybaY_predicted,1.125,32,15,GTAACTCTACTATGAGTGCT,17,4553273
ybaY_predicted,1.5625,39,15,GGTGTTTTTCTAATAAGTAG,24,4577663
ybaY_predicted,1.0625,31,15,GGGTTTGTCGGCTCTGGTCA,16,4547326
ybaY_predicted,1.75,42,15,GGGTGGAGCAAATGCAATGC,27,4579152
ybaY_predicted,3.25,66,15,GGGTCTGTGGCAATTAATTA,51,4548013
ybaY_predicted,3.125,64,15,GGGTAATTTGTGGCGAGCAT,49,4546822
ybaY_predicted,1.3125,35,15,GGGGACCACACGCCCTCGTA,20,4591357
ybaY_predicted,0.75,26,15,GGGAGGGGTGGCATCTTGAA,11,4586533
ybaY_predicted,2.6875,57,15,GGCTGTAGACTAGGTGTAAA,42,4580230
ybaY_predicted,1.625,40,15,GGCGGTATAATGGATTCCAC,25,4556100
ybaY_predicted,1.125,32,15,GGCACAAGTTCCGGCAAGGA,17,4579675
ybaY_predicted,1.125,32,15,GCTCGGCGCCATAAGTGGAT,17,4577782
ybaY_predicted,0.25,18,15,GCTAGGTCTCTTTTCTCCCA,3,4568511
ybaY_predicted,0.1875,17,15,GCTACGTTACGTAACCTTTT,2,4572578
ybaY_predicted,2.0625,47,15,GCGTTAGCTAACCGACGGCT,32,4551243
ybaY_predicted,0.1875,17,15,GCGTAAAGACTGGCGGCCCC,2,4596313
ybaY_predicted,1.0625,31,15,GCCTATTACTAGAACAAACA,16,4561397
ybaY_predicted,0.8125,27,15,GCCGTTCTTGAGACAGAGCG,12,4588626
ybaY_predicted,0.125,16,15,GCCAGCTCTCTGTCGTGCGG,1,4588453
ybaY_predicted,0.9375,29,15,GCATGCCTTGCGAGCCAAGT,14,4570405
ybaY_predicted,1.25,34,15,GCAGGACTTCCCGAGGGCGC,19,4591740
ybaY_predicted,1.4375,37,15,GCAGAGATATGACACTCGCA,22,4578086
ybaY_predicted,0.9375,29,15,GCACAGTCTTTGGGGCGGTA,14,4596575
ybaY_predicted,1.9375,45,15,GCAAGCAACATTGGCGGATA,30,4596140
ybaY_predicted,1.4375,37,15,GATAGCGTCGGGGCTCATGC,22,4544354
ybaY_predicted,1.4375,37,15,GATAATGTCGCGGCAGCCAT,22,4588496
ybaY_predicted,0.125,16,15,GAGTGACCTAGTGATATTAT,1,4590577
ybaY_predicted,4.75,90,15,GACTGGTGCGCTATATACGG,75,4587031
ybaY_predicted,0.5,22,15,GACTATGCCCGCCGAGCCAA,7,4589801
ybaY_predicted,1.5625,39,15,GACCTACAAGGACCTTCAAC,24,4581426
ybaY_predicted,1.375,36,15,GACCGTACCATCAATGATAA,21,4557542
ybaY_predicted,1.1875,33,15,GACATAGCAAGTCAGCGGTC,18,4596394
ybaY_predicted,0.3125,19,15,GAATTGAAAGTGAGTGGTTT,4,4549145
ybaY_predicted,0.125,16,15,GAATCCATGCGGTGTTAGTA,1,4571187
ybaY_predicted,2.1875,49,15,GAAGGCACAGAAGGTATGTG,34,4581424
ybaY_predicted,1.75,42,15,GAAAAGAGCGGCTACCCTGG,27,4561794
ybaY_predicted,1.8125,43,15,CTTTGTAAGAGCTGCGCCCG,28,4554307
ybaY_predicted,0.25,18,15,CTTGTTGTCTATCATAGTCC,3,4579211
ybaY_predicted,1.125,32,15,CTTGTGCTGGAAATGCAATT,17,4555329
ybaY_predicted,2.125,48,15,CTTATTACGCAAACCCTATA,33,4579497
ybaY_predicted,1.4375,37,15,CTTATCAGCTGGGGGGAAGA,22,4575530
ybaY_predicted,4.1875,81,15,CTTAGCGAATAATATTCAAT,66,4598315
ybaY_predicted,1.5,38,15,CTGCGATTGCTGTACGGATA,23,4589736
ybaY_predicted,0.6875,25,15,CTGCCATGTAAATCACTTGG,10,4581736
ybaY_predicted,0.375,20,15,CTGAGGGGTAGCTAGAGTAC,5,4559018
ybaY_predicted,3.25,66,15,CTCTGCGGCTGTTGAGCCGA,51,4583350
ybaY_predicted,0.125,16,15,CTCTAGACGGCGTCATCAGC,1,4565183
ybaY_predicted,1.25,34,15,CTCTACTGATTTGACTGTGG,19,4561311
ybaY_predicted,0.8125,27,15,CTCGGGGACATTATCCGGGT,12,4572881
ybaY_predicted,1.1875,33,15,CTCGGCGCCTGCTAAAGTGA,18,4586879
ybaY_predicted,0.875,28,15,CTCCGTTGAGCTTACCTAAA,13,4586996
ybaY_predicted,0.125,16,15,CTCCCCATAGAGTAAAAAGG,1,4564605
ybaY_predicted,1.875,44,15,CTCACTCTTGAAAAATGCGC,29,4549882
ybaY_predicted,0.3125,19,15,CTACTTGGTCATCAATCAAA,4,4591538
ybaY_predicted,0.25,18,15,CTAAGCTTTTCATCAATGTA,3,4599060
ybaY_predicted,0.125,16,15,CTAACCGGGACATGGGACCT,1,4580333
ybaY_predicted,3.4375,69,15,CGTTAGTCACTGCCACCACG,54,4591822
ybaY_predicted,0.125,16,15,CGTAGTATAAACCAGACCGT,1,4597355
ybaY_predicted,0.1875,17,15,CGGTCCTAACCAGCTACGGC,2,4594955
ybaY_predicted,0.9375,29,15,CGGTAAGGTGCAAATGTCTT,14,4569401
ybaY_predicted,0.1875,17,15,CGGCTCGACGCTGCCTCGTC,2,4597078
ybaY_predicted,0.6875,25,15,CGGCTACTCAGGCGGGGCAT,10,4580287
ybaY_predicted,9.5625,167,15,CGGCGAATCTATCCGAGTGA,152,4577284
ybaY_predicted,1.3125,35,15,CGCTCCGGCCTAAAGATGCC,20,4549014
ybaY_predicted,2.125,48,15,CGCGTCCCAGTAGGTAAGGC,33,4572618
ybaY_predicted,1.5625,39,15,CGCGATATGAATGCTATAAG,24,4546019
ybaY_predicted,0.4375,21,15,CGCCGGGTGAAAGGCGCCCG,6,4594944
ybaY_predicted,2.9375,61,15,CGCATGTGGGGGAGTAGGTA,46,4594152
ybaY_predicted,2.25,50,15,CGCAGTCGAACATTCCAGTT,35,4575580
ybaY_predicted,0.75,26,15,CGCAGTATGCTGTAGTCCAA,11,4567550
ybaY_predicted,1.6875,41,15,CGATATTGCCAAGCTGGCCC,26,4583985
ybaY_predicted,2.4375,53,15,CGACGTATAATTCACAGTGG,38,4553580
ybaY_predicted,1.5625,39,15,CGAATCTTCACTATCTAGCT,24,4547661
ybaY_predicted,0.4375,21,15,CGAAGTTCGAGGGGCCGATG,6,4580380
ybaY_predicted,1.125,32,15,CCTGACCTGTCTGGAGAACT,17,4562185
ybaY_predicted,3.3125,67,15,CCTAGCGCGCTTGAATGGGT,52,4594283
ybaY_predicted,0.3125,19,15,CCGTGTATGTCCTCATCCGC,4,4576658
ybaY_predicted,0.8125,27,15,CCGCTAACATCATAAAGACT,12,4566020
ybaY_predicted,1.4375,37,15,CCGCGCGGTAATGAGACAGA,22,4559206
ybaY_predicted,3.0,62,15,CCGCAAAGGGCCTCGGAACG,47,4567115
ybaY_predicted,1.1875,33,15,CCCTAGCGCCTGACAGGGGA,18,4547191
ybaY_predicted,0.125,16,15,CCCGCTGTACCGCACTTAGG,1,4591731
ybaY_predicted,1.125,32,15,CCCGACTATATACTGTATAT,17,4552100
ybaY_predicted,0.125,16,15,CCCGAACTACCGAGCAAGAT,1,4592518
ybaY_predicted,4.0,78,15,CCCACACGTTAGGAGACATA,63,4564785
ybaY_predicted,2.5625,55,15,CCATCATCTGGCAGTAAACA,40,4559764
ybaY_predicted,0.5625,23,15,CCAGGAGAGTCTCCCAGATC,8,4599832
ybaY_predicted,1.3125,35,15,CCAATTGTACACAGATTTGG,20,4566642
ybaY_predicted,1.0625,31,15,CATTCACCAGTAGAGCAGAC,16,4571830
ybaY_predicted,1.75,42,15,CATGGAGGTCCAAAGCGCCT,27,4586424
ybaY_predicted,1.8125,43,15,CATGAGGACAAGCAGTATCA,28,4549071
ybaY_predicted,1.375,36,15,CATCGCGTGGTCCGAAGCAA,21,4590807
ybaY_predicted,1.25,34,15,CAGTATGCTATATAGCTCCT,19,4560701
ybaY_predicted,1.25,34,15,CAGCCTAGCACGACCCGTTG,19,4587488
ybaY_predicted,0.125,16,15,CAGAGGGTGCATTTCACCGA,1,4547962
ybaY_predicted,3.875,76,15,CACGGACGTCTCGACATTTG,61,4594865
ybaY_predicted,1.25,34,15,CACGCATCCATCACTGAGGA,19,4584088
ybaY_predicted,0.1875,17,15,CAATACGTAAGGTAGAAGCT,2,4569640
ybaY_predicted,0.1875,17,15,CAAGCATGTGAGCTATGCGC,2,4558883
ybaY_predicted,0.875,28,15,CAACCCACGAAGCGTAAACG,13,4594020
ybaY_predicted,0.5,22,15,CAAATTTTAATTAACAACCC,7,4546378
ybaY_predicted,1.5625,39,15,CAAATAATGCACTCAGGCTC,24,4551693
ybaY_predicted,0.6875,25,15,CAAATAAGTTCAATCCTTCT,10,4558616
ybaY_predicted,1.0,30,15,ATTTTTTTGACATGTTGTGT,15,4579945
ybaY_predicted,0.5,22,15,ATTTTTACGCGCATGCTGGG,7,4549162
ybaY_predicted,0.5,22,15,ATTGCTGTGACTCGGTACAT,7,4599518
ybaY_predicted,2.4375,53,15,ATGTGGTAGCACATTTTAGG,38,4555974
ybaY_predicted,0.6875,25,15,ATGTGATGTGTGTTGGGCTC,10,4564248
ybaY_predicted,1.0,30,15,ATGGTCATACATCGGGTGCT,15,4589740
ybaY_predicted,0.3125,19,15,ATGCGGGGGCGGCTGGCGTT,4,4549938
ybaY_predicted,0.9375,29,15,ATGACAATTGGCGTCCCTGT,14,4562524
ybaY_predicted,1.1875,33,15,ATGAAGGGAAACTGCTTAAG,18,4584367
ybaY_predicted,1.125,32,15,ATCGCGTCTGTATGAGATGG,17,4597936
ybaY_predicted,9.5,166,15,ATCCGTGAGCGATCTGTAAG,151,4588679
ybaY_predicted,2.375,52,15,ATCAGCCGGAACCCAGTTTA,37,4579003
ybaY_predicted,1.4375,37,15,ATCAAGGTTCATAGATTCAG,22,4566309
ybaY_predicted,5.3125,99,15,ATATAAGGTTCGGTTGGATG,84,4577289
ybaY_predicted,1.3125,35,15,ATAGGGGGGGAAGGCCGCAT,20,4582012
ybaY_predicted,0.125,16,15,ATACGGAGTAGGGGCCAGCA,1,4570904
ybaY_predicted,1.3125,35,15,ATAATAATATGTCAGTTCAA,20,4594078
ybaY_predicted,1.25,34,15,AGTTACGGCTCATCTACCGA,19,4565951
ybaY_predicted,0.1875,17,15,AGTGTTTTCGTCCTTCATTC,2,4598948
ybaY_predicted,0.25,18,15,AGTGGCTGGTTTAATTACAT,3,4565878
ybaY_predicted,1.75,42,15,AGGGCTGTACATGGAGCTAT,27,4556325
ybaY_predicted,0.375,20,15,AGGCTCAATCGCGGTTAGCT,5,4581811
ybaY_predicted,0.75,26,15,AGGCTACAGGGTTGGATTAA,11,4569237
ybaY_predicted,1.75,42,15,AGGAACCACGCTACCTATAT,27,4573910
ybaY_predicted,1.0,30,15,AGATTCTGGCTACTCTTGCA,15,4547582
ybaY_predicted,2.75,58,15,AGATATCCCTGGAGAGGAAA,43,4556241
ybaY_predicted,0.75,26,15,AGATACAGTTCGTCCACGGA,11,4591134
ybaY_predicted,0.5,22,15,AGAGAGCGTTATCGTTTGCC,7,4595166
ybaY_predicted,1.0,30,15,AGACGTTCATCGATGAATAA,15,4594776
ybaY_predicted,3.0,62,15,AGAAAGAGTCTTTTAGATTG,47,4551179
ybaY_predicted,0.8125,27,15,ACTCTTCTTGGGCAAGAGGG,12,4580865
ybaY_predicted,0.125,16,15,ACTCGCGTGTAATAGTTATT,1,4589603
ybaY_predicted,0.125,16,15,ACTCCGCAGACCCAGGTCGG,1,4551272
ybaY_predicted,0.875,28,15,ACGTTCACCGAGTAGCCACG,13,4582608
ybaY_predicted,1.4375,37,15,ACGTGCGTGCAGCGCGTATG,22,4572850
ybaY_predicted,0.125,16,15,ACGGCGACTCGGTTTGAACT,1,4593139
ybaY_predicted,0.9375,29,15,ACGCTAGGCTTGTGTGAGTC,14,4558835
ybaY_predicted,2.5625,55,15,ACGCGTGTACTAGGCCAACT,40,4548250
ybaY_predicted,0.5,22,15,ACGCCCCTAGGCAAGCTCAC,7,4554803
ybaY_predicted,2.9375,61,15,ACGACCATCGAGTCTATCGA,46,4573563
ybaY_predicted,1.375,36,15,ACCCGTAAAGGATACAACAG,21,4560904
ybaY_predicted,0.875,28,15,ACAGCTGGCAGATGCAGGAT,13,4591393
ybaY_predicted,0.125,16,15,ACAATTCTAGATTTCCTAAC,1,4593205
ybaY_predicted,0.9375,29,15,ACAAGACAGATCATATCTAG,14,4580728
ybaY_predicted,1.3125,35,15,ACAACACGTGTTGAATTGTC,20,4553023
ybaY_predicted,0.3125,19,15,AATTGCGGCCACCTCGCTCG,4,4566967
ybaY_predicted,0.125,16,15,AAGCACTGGCTCTCCCACGT,1,4563257
ybaY_predicted,2.0625,47,15,AAGATCGATGATAAAGTGCA,32,4552900
ybaY_predicted,0.6875,25,15,AACTTGTTCGCTCTTCTACC,10,4559999
ybaY_predicted,0.9375,29,15,AACGGAAGCGGCAAAACCGT,14,4576246
ybaY_predicted,1.8125,43,15,AACATGGGCCTGCTGAACCT,28,4599122
ybaY_predicted,0.125,16,15,AAATCTGTAGATACCATCCG,1,4544650
ybaY_predicted,3.25,66,15,AAAACTGAGTGGTTCCATAG,51,4556299
ybaY_predicted,3.3333333333333335,63,14,TTTCTCAGTTAACCACGCCC,49,4578464
ybaY_predicted,1.6666666666666667,38,14,TTTAATTCGCCTTATGTGTT,24,4551622
ybaY_predicted,0.4,19,14,TTTAAGTCGAGCAGGAGAAA,5,4576349
ybaY_predicted,1.3333333333333333,33,14,TTGTTACCTACTGCTGGCCC,19,4588400
ybaY_predicted,0.4666666666666667,20,14,TTGCTTATTGACCTCAATCA,6,4560990
ybaY_predicted,0.5333333333333333,21,14,TTGAGGTCACTTGTTTTTGC,7,4567318
ybaY_predicted,0.13333333333333333,15,14,TTCGGGGACATGCCGCTCGG,1,4554042
ybaY_predicted,0.7333333333333333,24,14,TTCGGGCTCGGGAAGGCCTA,10,4567848
ybaY_predicted,2.3333333333333335,48,14,TTCGCCAGGTCCCGGCCCAG,34,4568614
ybaY_predicted,1.8,40,14,TTCCCCTTCAAGGCTTGGAC,26,4572483
ybaY_predicted,1.8666666666666667,41,14,TTAAGGCCGGCTCAGTGCTT,27,4547237
ybaY_predicted,1.6666666666666667,38,14,TTAACACGCCTGGTTCCCAG,24,4585868
ybaY_predicted,0.4666666666666667,20,14,TGTTAGCATAGCAGGAGCAA,6,4582947
ybaY_predicted,0.6666666666666666,23,14,TGTGCCTTGCGTGTTAGCGT,9,4550461
ybaY_predicted,2.066666666666667,44,14,TGATGTCTAGCGGGACCATT,30,4577964
ybaY_predicted,4.133333333333334,75,14,TGAGAGTCGATTAAGGGCCC,61,4559556
ybaY_predicted,1.0666666666666667,29,14,TGACGGAACTGGCACCTTCT,15,4567621
ybaY_predicted,0.26666666666666666,17,14,TGAATTCTTTATTTTATGTT,3,4599157
ybaY_predicted,0.8,25,14,TCTTATTCCCTCTTATATTA,11,4563023
ybaY_predicted,1.0666666666666667,29,14,TCTTACTGAAGTTCGGTAAC,15,4557364
ybaY_predicted,1.2,31,14,TCTTACCCACCCATGCAGGG,17,4583972
ybaY_predicted,0.26666666666666666,17,14,TCTGTAAAACGCCGTAGTTT,3,4600287
ybaY_predicted,1.9333333333333333,42,14,TCTCGTAGGATGTGTTTGAA,28,4584593
ybaY_predicted,1.0,28,14,TCGGTTATATACCAGTACAT,14,4587696
ybaY_predicted,1.8,40,14,TCGGCAGGTTCGTATCAGGC,26,4592337
ybaY_predicted,2.2666666666666666,47,14,TCGCAAATTATCAGGTTTGT,33,4578303
ybaY_predicted,0.13333333333333333,15,14,TCCGAGATACAAGTCCTTCG,1,4600705
ybaY_predicted,4.0,73,14,TCCCTTGGCACAAAGAAAGG,59,4575386
ybaY_predicted,4.466666666666667,80,14,TCCCCCATCCGTTCGGAGGT,66,4568605
ybaY_predicted,0.13333333333333333,15,14,TCCAGTTCCCGCCGAAAGGA,1,4566916
ybaY_predicted,1.8666666666666667,41,14,TCAGCACTCGATCAGAGCGC,27,4574986
ybaY_predicted,1.2,31,14,TCACCCATATTTTATCCAGT,17,4583397
ybaY_predicted,0.3333333333333333,18,14,TCAAGTATATGCGATTTGGA,4,4587294
ybaY_predicted,0.13333333333333333,15,14,TATTGCTCTCTTTACGAAGT,1,4596670
ybaY_predicted,0.6666666666666666,23,14,TATCTTCTTAACTGACTATG,9,4598784
ybaY_predicted,1.4,34,14,TATACTTTTCATTCACGGAT,20,4596108
ybaY_predicted,2.8666666666666667,56,14,TAGTTGGGCAATTTGAAGAC,42,4582479
ybaY_predicted,7.466666666666667,125,14,TAGGTGCCGACCCACGGATA,111,4563931
ybaY_predicted,0.2,16,14,TAGATTGAACGGCTGGTACA,2,4567875
ybaY_predicted,2.0,43,14,TAGATTCAGGGATCTAAGCG,29,4561399
ybaY_predicted,1.2,31,14,TAGAACAGTATCGCGATTGG,17,4579970
ybaY_predicted,1.6,37,14,TACTGATCTCCGACCGTCCA,23,4557805
ybaY_predicted,4.933333333333334,87,14,TACGCTCGAACTAAGATTCT,73,4595396
ybaY_predicted,4.333333333333333,78,14,TACAGCCTCATAGAGTTCAG,64,4547012
ybaY_predicted,1.7333333333333334,39,14,TAATGGCAGAATCATGTCCA,25,4563336
ybaY_predicted,1.6,37,14,TAATCTGTTAGATCTGTGTC,23,4588068
ybaY_predicted,0.6666666666666666,23,14,TAAGTAGTCCTGTAGTGGCT,9,4556484
ybaY_predicted,1.6,37,14,TAAACAATGCGCGGCCATGG,23,4588340
ybaY_predicted,1.3333333333333333,33,14,GTTGGTGCACCGAGCGAGCG,19,4586058
ybaY_predicted,0.13333333333333333,15,14,GTGTAATTAAAACCTCAGAT,1,4581477
ybaY_predicted,0.26666666666666666,17,14,GTGCATAAATAAGTTGGAGA,3,4572770
ybaY_predicted,0.13333333333333333,15,14,GTCGTAGCAGGGTTCTTAAG,1,4551204
ybaY_predicted,0.8,25,14,GTCCTGTACTCATGGCGTAT,11,4545437
ybaY_predicted,3.0,58,14,GTATTAGCCCATTATACCTG,44,4583215
ybaY_predicted,0.6666666666666666,23,14,GTAAAGAGAATATGACTCGT,9,4547621
ybaY_predicted,1.8,40,14,GGTTTCGCACTCATGCTTGA,26,4560008
ybaY_predicted,1.6666666666666667,38,14,GGTTGCGCGGTCTCGAGAAG,24,4579525
ybaY_predicted,0.2,16,14,GGTGGCACTTACAGCTAGCG,2,4567125
ybaY_predicted,0.3333333333333333,18,14,GGTGCGAGCCGACTCTTTTA,4,4569663
ybaY_predicted,2.6666666666666665,53,14,GGTCGGAACCGCGAGACCAC,39,4586222
ybaY_predicted,1.2666666666666666,32,14,GGTACACCGGCTAAGGAAAA,18,4562941
ybaY_predicted,1.3333333333333333,33,14,GGGTCAGACAGACCGGATTA,19,4586317
ybaY_predicted,4.266666666666667,77,14,GGGTACCCAGCGGTTATGGA,63,4548271
ybaY_predicted,2.7333333333333334,54,14,GGGGGTGTTGGGCACCCGGC,40,4554896
ybaY_predicted,0.6,22,14,GGGGGCCAATTATAATTCTC,8,4581688
ybaY_predicted,0.4,19,14,GGGCGTTGGGCCCTATGCGC,5,4558161
ybaY_predicted,1.4666666666666666,35,14,GGGCGATTCTATTCTTTTCG,21,4554598
ybaY_predicted,1.3333333333333333,33,14,GGGCCGCGAGCAGTAGGGCG,19,4563763
ybaY_predicted,0.13333333333333333,15,14,GGCTTGTTAGGCTCTGAAGA,1,4555378
ybaY_predicted,1.7333333333333334,39,14,GGATAAAGCTGGCTCAACAC,25,4577396
ybaY_predicted,3.3333333333333335,63,14,GGAGTTTTTTGTCCGCCAAA,49,4569239
ybaY_predicted,0.6,22,14,GCTTTTCAAATGCAGCAGAG,8,4554450
ybaY_predicted,2.1333333333333333,45,14,GCGTTCCTGCAGTCGTACCC,31,4574957
ybaY_predicted,1.0,28,14,GCGGTCGCTGTAAGCCATCA,14,4570765
ybaY_predicted,0.4666666666666667,20,14,GCGCTCTCCCCGCAGATTAG,6,4581726
ybaY_predicted,0.13333333333333333,15,14,GCCTTTTATGAAGACAGACT,1,4590314
ybaY_predicted,0.6666666666666666,23,14,GCCTGTGCGTGGAAGTTGAT,9,4598862
ybaY_predicted,2.533333333333333,51,14,GCCTAGCGTCACCTCAAGTG,37,4548064
ybaY_predicted,2.1333333333333333,45,14,GCCCCACGGGTACCTTATAA,31,4562774
ybaY_predicted,1.1333333333333333,30,14,GCACGTCCATCCGGAGCCAC,16,4561590
ybaY_predicted,0.13333333333333333,15,14,GCACCCACCGGGGCCATAGT,1,4554235
ybaY_predicted,0.13333333333333333,15,14,GATGGAACCAGAGAGTACAG,1,4592934
ybaY_predicted,0.8666666666666667,26,14,GATGAAATCCCGCAGGGTCT,12,4595898
ybaY_predicted,2.0,43,14,GATCGTCACGTCAGTGCAAA,29,4567307
ybaY_predicted,0.13333333333333333,15,14,GAGGGTGTCTTCAGCTTACG,1,4571780
ybaY_predicted,1.0666666666666667,29,14,GAGGGCCATGAACCTTCAAG,15,4551517
ybaY_predicted,0.13333333333333333,15,14,GACTTGGCCCTGCTACGTAT,1,4567543
ybaY_predicted,1.6666666666666667,38,14,GACTGGCGGCCCGCTGCTGT,24,4565798
ybaY_predicted,0.2,16,14,GACGCCTATGCAATCGGTTT,2,4565955
ybaY_predicted,0.13333333333333333,15,14,GACCGGGATCCTGCCATCGT,1,4552731
ybaY_predicted,2.2666666666666666,47,14,GAATGGGATCATCCTGATTC,33,4547243
ybaY_predicted,0.3333333333333333,18,14,GAAGTACCTACTCTTATAGA,4,4588311
ybaY_predicted,1.0,28,14,GAAAGGTGCCCAGTAGATCT,14,4553474
ybaY_predicted,0.4666666666666667,20,14,CTTTGGTATGTAGGCCCGCA,6,4570633
ybaY_predicted,0.9333333333333333,27,14,CTTTAAATTTCGATGCGGTT,13,4574117
ybaY_predicted,0.13333333333333333,15,14,CTTAAAGCTAGACCCTAACT,1,4589406
ybaY_predicted,0.9333333333333333,27,14,CTGTTTTACGGGGCTACGTC,13,4578535
ybaY_predicted,3.6,67,14,CTGTGCAAGGCCTCCCGCCG,53,4552956
ybaY_predicted,1.6,37,14,CTGCATATAGATATGGCTTG,23,4581484
ybaY_predicted,0.26666666666666666,17,14,CTCTCACTATAGCGTAAGCA,3,4564411
ybaY_predicted,0.4666666666666667,20,14,CTCGGCCCGGTACCGGTCTC,6,4553817
ybaY_predicted,1.4666666666666666,35,14,CTCGCCCCTACCCTCGCTGG,21,4573637
ybaY_predicted,3.7333333333333334,69,14,CTATCCGTGGTGTTCTTGGG,55,4568320
ybaY_predicted,0.5333333333333333,21,14,CTAGCGGGGCTTGATACGCT,7,4581255
ybaY_predicted,1.0666666666666667,29,14,CTAACATCGGTAGAAGTTCT,15,4563884
ybaY_predicted,0.13333333333333333,15,14,CGTGCGATATGGGAGACTAT,1,4552512
ybaY_predicted,1.3333333333333333,33,14,CGTGAAGTAGGTGACGAACA,19,4555644
ybaY_predicted,0.3333333333333333,18,14,CGTCTACGTATAAGATTAAA,4,4566316
ybaY_predicted,2.933333333333333,57,14,CGGTAGATAGATGTAGCAGA,43,4566808
ybaY_predicted,1.5333333333333334,36,14,CGGCCCGTGAGACTTACCAT,22,4564832
ybaY_predicted,2.4,49,14,CGGAACACGTCCTTCATCAA,35,4574580
ybaY_predicted,0.6,22,14,CGCCTATAAGTAACAATCGA,8,4570974
ybaY_predicted,1.0,28,14,CGCAAAGACACTTCTCAGAA,14,4573153
ybaY_predicted,0.2,16,14,CGATTCCCACACCGCACGTA,2,4580400
ybaY_predicted,2.3333333333333335,48,14,CCTTATCGCCTTCGATTTAA,34,4568418
ybaY_predicted,1.1333333333333333,30,14,CCTGGGGCAAGCTGAGTATG,16,4553570
ybaY_predicted,0.6,22,14,CCTCGCCACATGAGAGGGTA,8,4580404
ybaY_predicted,1.0,28,14,CCGTAGTCAATAGATTTGTA,14,4582488
ybaY_predicted,2.2666666666666666,47,14,CCGCGTGTGCGAAGCCTTGT,33,4583055
ybaY_predicted,1.0666666666666667,29,14,CCGCATAGTTGAGCTTGAAC,15,4564613
ybaY_predicted,0.5333333333333333,21,14,CCGACAGCGGTTGTGTGGTT,7,4594334
ybaY_predicted,0.13333333333333333,15,14,CCCTCGTTAGGGAGGAGGTT,1,4544499
ybaY_predicted,1.4,34,14,CCCGACGAGCATGTTGCCTG,20,4584185
ybaY_predicted,1.1333333333333333,30,14,CCCAGCTTACAGGCCCAAAA,16,4587642
ybaY_predicted,4.533333333333333,81,14,CCCAGAGAAATCAGTCGATT,67,4594959
ybaY_predicted,1.0,28,14,CCATGGCTGATATCTGGACC,14,4566985
ybaY_predicted,0.4666666666666667,20,14,CCAGGCGTACCTTACAACTG,6,4546729
ybaY_predicted,0.8666666666666667,26,14,CCAGACATCCAGTCAGTGCA,12,4562890
ybaY_predicted,1.0666666666666667,29,14,CATATCAGACATCTCTTACG,15,4551438
ybaY_predicted,0.4,19,14,CAGTGCAATTTCGGGGGCGA,5,4575805
ybaY_predicted,2.066666666666667,44,14,CAGGGTCTTAAATGGTAGAT,30,4594890
ybaY_predicted,1.2666666666666666,32,14,CAGGCGACGATGATTCTGTG,18,4592208
ybaY_predicted,0.2,16,14,CAGGAGATTCCCAGATAAAG,2,4590959
ybaY_predicted,1.4666666666666666,35,14,CAGCTCAGGTGGGTACCACG,21,4544975
ybaY_predicted,2.6,52,14,CAGCAGCACATTATGAATTA,38,4567026
ybaY_predicted,1.6,37,14,CACGTGAGCTCGCAACGCGC,23,4554644
ybaY_predicted,0.26666666666666666,17,14,CACGTGAGAACGGCGTTTCT,3,4551138
ybaY_predicted,2.6666666666666665,53,14,CACCCTTCACAGACGGCACC,39,4577923
ybaY_predicted,1.6666666666666667,38,14,CACCAGCGATCGTATCGTAC,24,4576581
ybaY_predicted,0.6,22,14,CACAAGAGACAAGTAGTTGT,8,4583044
ybaY_predicted,3.8666666666666667,71,14,CAACTCCGCGCTCCTGGGTC,57,4550042
ybaY_predicted,4.8,85,14,CAACCCCTTTTTTATACTGG,71,4551227
ybaY_predicted,0.9333333333333333,27,14,CAACACGGCGGGGGTCCGGA,13,4599460
ybaY_predicted,1.8666666666666667,41,14,CAACACGACCCAAATGCGGG,27,4599658
ybaY_predicted,1.0666666666666667,29,14,CAAATTCCTTTTAAAGAGGC,15,4546827
ybaY_predicted,2.6666666666666665,53,14,ATTTCGTCGCATCACCGAAT,39,4580963
ybaY_predicted,2.3333333333333335,48,14,ATTCATCAGGACGCCGAACG,34,4582736
ybaY_predicted,3.533333333333333,66,14,ATTAGTCGGGGCTACGTATT,52,4590632
ybaY_predicted,1.8666666666666667,41,14,ATGGTAGGTAGTATCGCGGT,27,4558061
ybaY_predicted,0.8666666666666667,26,14,ATGGCGTCCCGCTTGACTGT,12,4555334
ybaY_predicted,1.6666666666666667,38,14,ATGGATAACGCATATCTGAT,24,4559406
ybaY_predicted,0.13333333333333333,15,14,ATGGAATTACCGGTAGCAGC,1,4549690
ybaY_predicted,3.8,70,14,ATGAATTAAAGCTTATCACT,56,4552917
ybaY_predicted,2.8666666666666667,56,14,ATCTGGGGGACAGTTGACAT,42,4556363
ybaY_predicted,0.13333333333333333,15,14,ATCCTTCAATACTACAGGGT,1,4575784
ybaY_predicted,1.2,31,14,ATCCGGCGCATTACTAGGAT,17,4563199
ybaY_predicted,0.8,25,14,ATCCGCGATTGGGGGTGTCT,11,4559476
ybaY_predicted,0.7333333333333333,24,14,ATCATCTACTGTTCTGTAAT,10,4584312
ybaY_predicted,2.4,49,14,ATCAATACATAGGTGTTACT,35,4587433
ybaY_predicted,2.4,49,14,ATATCATCTCAGAAGTGTGC,35,4563220
ybaY_predicted,1.4,34,14,ATAGACGCTCTTGTTGCCGC,20,4588093
ybaY_predicted,1.6,37,14,ATACGATACACCCAGCGCTT,23,4544773
ybaY_predicted,1.1333333333333333,30,14,AGTTTTTCGGATTCTGTTGA,16,4596957
ybaY_predicted,2.6,52,14,AGTTGCCTTGGCAGGATGTC,38,4587059
ybaY_predicted,3.533333333333333,66,14,AGTTGACGGGATTAATGCGA,52,4561208
ybaY_predicted,1.0666666666666667,29,14,AGTTACCCATCGCGCACCGT,15,4572962
ybaY_predicted,1.6,37,14,AGTCTTGTCGGATGGCGGAC,23,4552716
ybaY_predicted,0.5333333333333333,21,14,AGTCGTGGGGGTCAAGCTTC,7,4553662
ybaY_predicted,1.1333333333333333,30,14,AGGTCTAACCGTCCGAAAGT,16,4558467
ybaY_predicted,1.6666666666666667,38,14,AGGGTCCTCCGTGCTGTTGG,24,4589365
ybaY_predicted,1.3333333333333333,33,14,AGGCAATATGGGAGAACAAC,19,4588251
ybaY_predicted,0.13333333333333333,15,14,AGGAGAAGCCACGGGATGGC,1,4554010
ybaY_predicted,0.13333333333333333,15,14,AGGACCTATATGTAGAGTCA,1,4575741
ybaY_predicted,4.466666666666667,80,14,AGCGGTTCTTACGAAGCAAA,66,4553334
ybaY_predicted,3.2,61,14,AGCCATTCCCCGGTATGGTT,47,4548674
ybaY_predicted,2.1333333333333333,45,14,AGCATGCCCCATCCGGCCTC,31,4589763
ybaY_predicted,2.066666666666667,44,14,AGCAGCGTGTTAGTTGAGGA,30,4576825
ybaY_predicted,1.0,28,14,AGACTGATCGTCGCCTCTGG,14,4568020
ybaY_predicted,0.6666666666666666,23,14,AGACCTGTGTCATTCATCCC,9,4595055
ybaY_predicted,3.6666666666666665,68,14,AGAATCAATTGTAGCGTTGA,54,4547382
ybaY_predicted,1.3333333333333333,33,14,ACTTAATTGTAGGGGACCTA,19,4547795
ybaY_predicted,0.2,16,14,ACGTTTGGATGGTGGTGAAA,2,4598516
ybaY_predicted,0.13333333333333333,15,14,ACGCTCCAATAACTATCCTC,1,4547173
ybaY_predicted,1.2666666666666666,32,14,ACCTAACAGGCCCGCGTACA,18,4556162
ybaY_predicted,0.6,22,14,ACCGTCCCCGCGGAACGTCT,8,4570682
ybaY_predicted,3.6,67,14,ACCCACGCATGCATTAGAAT,53,4577301
ybaY_predicted,1.5333333333333334,36,14,ACATATGCGCCAAATTCATA,22,4593039
ybaY_predicted,1.0666666666666667,29,14,ACAGGTCCGGTACAAGCGAT,15,4557908
ybaY_predicted,2.0,43,14,ACAGGTCAGCCGCTCGCTCG,29,4579649
ybaY_predicted,0.8666666666666667,26,14,AATTGTTCGCTCTAAGAGGT,12,4577188
ybaY_predicted,1.6,37,14,AATGGACAACTTGTGAGTAA,23,4581967
ybaY_predicted,0.6,22,14,AATCGTAGAGAGAACGACAG,8,4585712
ybaY_predicted,2.6,52,14,AATAATGGAGAACACAGTAT,38,4574504
ybaY_predicted,0.13333333333333333,15,14,AAGCTTGAAATCACGTTATC,1,4561858
ybaY_predicted,1.2666666666666666,32,14,AAGAACATATCGGTTCGCAT,18,4599477
ybaY_predicted,1.9333333333333333,42,14,AACGGCAGTCCAACGTGGAG,28,4575804
ybaY_predicted,0.6,22,14,AACGAGTGATGATGTCATAA,8,4554788
ybaY_predicted,5.8,100,14,AACGACGTAAGGTCTTTAGC,86,4570720
ybaY_predicted,0.4,19,14,AAAGCTCGCCACTTTAAACC,5,4586561
ybaY_predicted,1.5333333333333334,36,14,AAAGCGTTAGCGTTTCATAT,22,4550538
ybaY_predicted,1.6666666666666667,38,14,AAACGGCTGATCGACCTATT,24,4557216
ybaY_predicted,1.3333333333333333,33,14,AAACGGATAGCTACGATGGG,19,4549933
ybaY_predicted,3.0714285714285716,55,13,TTTTTTGTTTGAGTTTTCAC,42,4552558
ybaY_predicted,2.5,47,13,TTTTGTATCGCAGCTGCTCT,34,4576849
ybaY_predicted,0.14285714285714285,14,13,TTTTAGACGAATTCGTTTCC,1,4587093
ybaY_predicted,1.4285714285714286,32,13,TTTGGAAGACCGTGCCGAGA,19,4582504
ybaY_predicted,0.2857142857142857,16,13,TTTCCCCAAGCTACGCTCGG,3,4580699
ybaY_predicted,1.5,33,13,TTTATGGATCGAATTGCGTC,20,4600168
ybaY_predicted,1.8571428571428572,38,13,TTTATCGATCTTACTACGGT,25,4547052
ybaY_predicted,1.0714285714285714,27,13,TTGTCTTTATTTGGAAATGG,14,4559440
ybaY_predicted,7.214285714285714,113,13,TTGGGTTCCAGTGCCAGGCG,100,4554651
ybaY_predicted,3.7857142857142856,65,13,TTGGGACTGTGGGTCCAATC,52,4575280
ybaY_predicted,0.7857142857142857,23,13,TTGGCTGTCATTTAAACCTG,10,4579618
ybaY_predicted,2.357142857142857,45,13,TTGATAAACAACCTTGCGAC,32,4559321
ybaY_predicted,1.6428571428571428,35,13,TTGAACACCGGTCCGAAGAC,22,4599470
ybaY_predicted,1.7857142857142858,37,13,TTCTACCGATTTGAGTGCTA,24,4579768
ybaY_predicted,2.5,47,13,TTCGCTCCGTCGCTCAGGAT,34,4593560
ybaY_predicted,2.5714285714285716,48,13,TTATTGTCGGTCGGTTAGGT,35,4573678
ybaY_predicted,1.7142857142857142,36,13,TTATTGGAATGGACGGTGTT,23,4569762
ybaY_predicted,1.4285714285714286,32,13,TTATCGAAGTGTGAGTTAGG,19,4579129
ybaY_predicted,1.0714285714285714,27,13,TTATCAGTAAGACATAGTCA,14,4591870
ybaY_predicted,1.7142857142857142,36,13,TTATAGGCCCGTCCCATACT,23,4560603
ybaY_predicted,0.35714285714285715,17,13,TTAGGCAAAAGGCGACGTAA,4,4590717
ybaY_predicted,1.6428571428571428,35,13,TTACTGTTGCCGTGATCTGT,22,4574488
ybaY_predicted,1.2142857142857142,29,13,TTACCGGTACACATGAAAGA,16,4573041
ybaY_predicted,0.14285714285714285,14,13,TGTGAATCTTACCCACGTCC,1,4600013
ybaY_predicted,0.5714285714285714,20,13,TGGTGTGAACAACCTTCGAT,7,4587208
ybaY_predicted,1.7142857142857142,36,13,TGGTACGTAATTGTCTCCCG,23,4574888
ybaY_predicted,1.5714285714285714,34,13,TGGGCGTTAGTTCGCACTTG,21,4560199
ybaY_predicted,2.2857142857142856,44,13,TGGGCGAGCTTCGCATAGGA,31,4578520
ybaY_predicted,0.14285714285714285,14,13,TGGGAGTTGTTGCGCGCAGC,1,4595948
ybaY_predicted,0.14285714285714285,14,13,TGGCTCACAGGGACAAACAC,1,4597459
ybaY_predicted,1.5714285714285714,34,13,TGGCCGTCTGAACATGCCGT,21,4570261
ybaY_predicted,1.3571428571428572,31,13,TGGCACGACCGTTGGTCTGG,18,4570158
ybaY_predicted,0.2857142857142857,16,13,TGCCTTGTATCCTTCCAGTC,3,4545304
ybaY_predicted,0.14285714285714285,14,13,TGCCACCCCAGCTGCGAGCG,1,4589334
ybaY_predicted,2.2142857142857144,43,13,TGAGGCGGCCGGCAGTGTTA,30,4599990
ybaY_predicted,1.5,33,13,TGAAGGGGTTGTGGCGACCT,20,4593483
ybaY_predicted,0.35714285714285715,17,13,TGAACACTCTATCGACGGGA,4,4565577
ybaY_predicted,4.571428571428571,76,13,TCTCTCGCCTTTTAGCTTCT,63,4562402
ybaY_predicted,1.2857142857142858,30,13,TCTACTACCTACGTCACGGT,17,4558014
ybaY_predicted,0.2857142857142857,16,13,TCGGCCGTCTGGTCCATATC,3,4598361
ybaY_predicted,2.2142857142857144,43,13,TCGGATTCTCGGAGGATCTT,30,4552520
ybaY_predicted,2.2142857142857144,43,13,TCGCTCGCTGTACTGTCAAA,30,4548258
ybaY_predicted,4.0,68,13,TCGCCGGCCAACCTGATCTC,55,4578989
ybaY_predicted,0.42857142857142855,18,13,TCGCCAGAGTGGGTCCTAAG,5,4591724
ybaY_predicted,5.285714285714286,86,13,TCGCAGATTGACCATCGGAA,73,4567203
ybaY_predicted,1.8571428571428572,38,13,TCGAAATGTAACTCTTTGGA,25,4568029
ybaY_predicted,0.14285714285714285,14,13,TCCGTGAGAGTGCAAATGGA,1,4549908
ybaY_predicted,0.35714285714285715,17,13,TCCCCAGTGGTGCTTGTAAA,4,4558731
ybaY_predicted,1.0714285714285714,27,13,TCCCAATTGCTTCGTTCACG,14,4558203
ybaY_predicted,2.4285714285714284,46,13,TCCATCGGCTAAACACAAGC,33,4586353
ybaY_predicted,2.142857142857143,42,13,TCATTCAGAAAATATCCTAG,29,4569374
ybaY_predicted,0.5714285714285714,20,13,TCATGGATCCCTCAGCCAGG,7,4560522
ybaY_predicted,0.9285714285714286,25,13,TCATATGGCTCACTCTGCCA,12,4573948
ybaY_predicted,2.0714285714285716,41,13,TCAAGACCCCGCGCGTGGAC,28,4581528
ybaY_predicted,1.2142857142857142,29,13,TCAACGTATGTCACGAACCC,16,4593900
ybaY_predicted,1.6428571428571428,35,13,TATCATCTAAATCTCACCTT,22,4551547
ybaY_predicted,0.14285714285714285,14,13,TATCAAGCTGATTCGCTGGT,1,4546480
ybaY_predicted,0.8571428571428571,24,13,TATACCTTGCTGTGCATCTA,11,4561021
ybaY_predicted,0.35714285714285715,17,13,TAGGGTCCCTTTCTACTTGT,4,4570105
ybaY_predicted,2.0714285714285716,41,13,TAGGGGTTGCGTGATATAAT,28,4567744
ybaY_predicted,2.0,40,13,TAGGGCTCATGGAGCTAGGG,27,4568019
ybaY_predicted,3.9285714285714284,67,13,TAGCTCGGCTGACCATCTTA,54,4550553
ybaY_predicted,1.3571428571428572,31,13,TACTTGGTCTCCACGTTAGG,18,4593514
ybaY_predicted,0.21428571428571427,15,13,TACGATGTGTAAGACCGACG,2,4562792
ybaY_predicted,0.14285714285714285,14,13,TACCTGTTATACGAACTAGA,1,4553565
ybaY_predicted,2.857142857142857,52,13,TAACCAAAAACGCGATCTTT,39,4572811
ybaY_predicted,0.5,19,13,TAAAGCGGCCGCGGTAACTA,6,4546144
ybaY_predicted,5.285714285714286,86,13,GTTTTTGCGCAGATTTTCAT,73,4594843
ybaY_predicted,1.2142857142857142,29,13,GTTTTAGCGGGTGACCTTCG,16,4576355
ybaY_predicted,0.42857142857142855,18,13,GTTAGTAGTGTTCTCGAAAG,5,4567218
ybaY_predicted,0.14285714285714285,14,13,GTGAGTTCTAACATAGGTCC,1,4544897
ybaY_predicted,0.14285714285714285,14,13,GTCCTCTGTAATTACGAGTT,1,4561342
ybaY_predicted,1.3571428571428572,31,13,GTCAATGTTGCAGACGATTA,18,4597916
ybaY_predicted,0.2857142857142857,16,13,GTACTATCCAAGGCGGTTCA,3,4599938
ybaY_predicted,2.7142857142857144,50,13,GTAATTGCAAGCTAGTGTTC,37,4556680
ybaY_predicted,1.0714285714285714,27,13,GGTTACGCCATTTGCATCGA,14,4560193
ybaY_predicted,1.2857142857142858,30,13,GGTGCGCTATAGTGAATCTC,17,4568106
ybaY_predicted,3.357142857142857,59,13,GGTGCCGGAAAAGGCCACAC,46,4560132
ybaY_predicted,2.642857142857143,49,13,GGTCGTCGCCAGACCCGGAT,36,4589644
ybaY_predicted,3.5,61,13,GGTCCTACCAATTTCGTCAT,48,4577066
ybaY_predicted,0.5714285714285714,20,13,GGTAGGCTAGTTGAGATTCT,7,4581515
ybaY_predicted,1.0,26,13,GGGTAACGCCCTCGGACCTT,13,4547174
ybaY_predicted,1.2142857142857142,29,13,GGGGGTTCAGCATTATACCA,16,4581615
ybaY_predicted,2.2142857142857144,43,13,GGGATTGGCAGCAGTCTGAA,30,4571829
ybaY_predicted,1.0714285714285714,27,13,GGCGTACTGTAATTGGTCTA,14,4575550
ybaY_predicted,1.6428571428571428,35,13,GGATGTCTTCGGAAATGAAT,22,4551701
ybaY_predicted,0.5714285714285714,20,13,GGACCTTACAATTCCGCTAC,7,4596107
ybaY_predicted,1.3571428571428572,31,13,GCTTATAACCCGCCATTTGA,18,4561811
ybaY_predicted,0.9285714285714286,25,13,GCGTCACGGCTCGTTTTGTA,12,4559501
ybaY_predicted,2.0,40,13,GCGCACGGAGCCACATCGGA,27,4588953
ybaY_predicted,1.9285714285714286,39,13,GCGCAAATTACTTGGCGACC,26,4580035
ybaY_predicted,0.2857142857142857,16,13,GCCCATGGCAGGATTCATCG,3,4548106
ybaY_predicted,0.5,19,13,GATTTTAAAATTGTCAGACC,6,4558615
ybaY_predicted,0.14285714285714285,14,13,GATTGGTACTATTCAGGAAA,1,4593383
ybaY_predicted,16.0,236,13,GATGCCTAACGGAACAGTGG,223,4571389
ybaY_predicted,0.5,19,13,GATGACTAGAACCATGAAAT,6,4584875
ybaY_predicted,0.42857142857142855,18,13,GATCATCGTGAGTAGTCAAA,5,4588659
ybaY_predicted,0.42857142857142855,18,13,GATATTAGTAGCGGTGCATG,5,4552582
ybaY_predicted,0.5,19,13,GAGTAGTGTTCTCGGACGGC,6,4567540
ybaY_predicted,1.7857142857142858,37,13,GAGGAAGGCGATTGGGAGAG,24,4550510
ybaY_predicted,1.2857142857142858,30,13,GAGAAGCGGCGAAGGAGATA,17,4598902
ybaY_predicted,2.142857142857143,42,13,GACTCAGGGCAACATTGCCT,29,4598635
ybaY_predicted,0.14285714285714285,14,13,GACGGCTTACGTCATTAGAG,1,4561863
ybaY_predicted,1.5,33,13,GACGCGAGAGCTCGGGAGCA,20,4578233
ybaY_predicted,3.5,61,13,GACGACCGTTCAACTCGAGA,48,4553275
ybaY_predicted,1.9285714285714286,39,13,GACAAACATTCTATGAGCCC,26,4546110
ybaY_predicted,0.7857142857142857,23,13,GAATGTCGGATCTTGACACT,10,4571526
ybaY_predicted,2.357142857142857,45,13,GAAGAGAGCACAAGTGGGTA,32,4592175
ybaY_predicted,1.9285714285714286,39,13,GAAAAACCTAGCTCGACAAT,26,4582345
ybaY_predicted,0.14285714285714285,14,13,CTTTACCGTAGAGGGCGGGC,1,4545639
ybaY_predicted,1.8571428571428572,38,13,CTTTACCCCAGCACTGATCG,25,4584852
ybaY_predicted,0.14285714285714285,14,13,CTTACGTGAGCACGTTACAG,1,4598464
ybaY_predicted,0.14285714285714285,14,13,CTTAAAGTTCCTATCGTTGA,1,4554454
ybaY_predicted,1.0714285714285714,27,13,CTGTCGCGGTGGACTACTAG,14,4567044
ybaY_predicted,0.14285714285714285,14,13,CTGGTATCAGCAGAATCAAC,1,4550792
ybaY_predicted,0.5714285714285714,20,13,CTGGGGATTTGTGCTGGTGC,7,4552596
ybaY_predicted,0.35714285714285715,17,13,CTGAAGTAAGACGACAATGG,4,4569231
ybaY_predicted,2.642857142857143,49,13,CTCCCCACCTTGGCCCACGG,36,4547276
ybaY_predicted,1.5714285714285714,34,13,CTCACCTAAGCACCTTGCTA,21,4566570
ybaY_predicted,0.7857142857142857,23,13,CTATGACGGATACTAAAGGG,10,4554195
ybaY_predicted,1.5714285714285714,34,13,CTAGCCCTAGGACCGGGTAC,21,4562115
ybaY_predicted,1.6428571428571428,35,13,CTAGACCGGGCCGATCTGAT,22,4584089
ybaY_predicted,0.35714285714285715,17,13,CTACCAGGGGATCGGACGTT,4,4544958
ybaY_predicted,0.42857142857142855,18,13,CGTTTATTACTTATCTTAAA,5,4573661
ybaY_predicted,1.1428571428571428,28,13,CGTCGCCACGGAATAGAACA,15,4567677
ybaY_predicted,0.21428571428571427,15,13,CGTCAACGAAGGAAGCTATT,2,4592724
ybaY_predicted,1.9285714285714286,39,13,CGGTCCTTTGGATAGCCTTA,26,4582093
ybaY_predicted,2.857142857142857,52,13,CGGTCCCAACAAAGGCAAAG,39,4581931
ybaY_predicted,0.9285714285714286,25,13,CGGACCACCACGAGATTCTT,12,4544567
ybaY_predicted,1.7857142857142858,37,13,CGCTGGAAAAAGGGCCTCTT,24,4596214
ybaY_predicted,2.0714285714285716,41,13,CGCTCACATCCAAGAGCCAA,28,4565058
ybaY_predicted,0.14285714285714285,14,13,CGCGTGGGTGGGATCCTGGT,1,4580922
ybaY_predicted,1.4285714285714286,32,13,CGCGAGGCAGTGCGCCAAGG,19,4590398
ybaY_predicted,1.0714285714285714,27,13,CGCCGGCAGGTGCCTACGTG,14,4557269
ybaY_predicted,0.5714285714285714,20,13,CGCATTACGCCCTGTTGGAC,7,4554924
ybaY_predicted,0.9285714285714286,25,13,CGCAAGTTGATTGCGAGCTT,12,4553778
ybaY_predicted,2.0,40,13,CGACGCCACTTCAAAAGCAG,27,4544465
ybaY_predicted,2.4285714285714284,46,13,CGACCTGGCGGCCATCAGAA,33,4559656
ybaY_predicted,1.9285714285714286,39,13,CGACCTGCACAAGAACGCAA,26,4578202
ybaY_predicted,0.21428571428571427,15,13,CGAAAATAATAAAGATGTAC,2,4571897
ybaY_predicted,0.35714285714285715,17,13,CCTTCTTGGCCTTTATATTC,4,4598075
ybaY_predicted,1.0714285714285714,27,13,CCTGAGTCTCGTGGGCATTT,14,4570421
ybaY_predicted,0.2857142857142857,16,13,CCTCAATTTGCGTGGTTTGC,3,4560501
ybaY_predicted,1.5714285714285714,34,13,CCGGGGGGCCAATCCCACTG,21,4561512
ybaY_predicted,0.14285714285714285,14,13,CCGAATAACTGAACGGAACC,1,4574314
ybaY_predicted,2.0,40,13,CCCTGTCCTAAAGTACTTAT,27,4560042
ybaY_predicted,0.14285714285714285,14,13,CCCTGGCTAATTTGGTTGAA,1,4572721
ybaY_predicted,0.14285714285714285,14,13,CCAGGGTACGATTCGGAGAA,1,4558961
ybaY_predicted,1.6428571428571428,35,13,CCAGCGGTCGTCCGCCGGAT,22,4595512
ybaY_predicted,0.42857142857142855,18,13,CATTTTTCCGGGTATGATGG,5,4545862
ybaY_predicted,1.7142857142857142,36,13,CATGAGGGAGCGACGGTAAA,23,4594404
ybaY_predicted,1.7857142857142858,37,13,CATCGGGGTGTACCACGGCT,24,4548943
ybaY_predicted,5.642857142857143,91,13,CATAAGGTAAGTGACTTGTC,78,4567343
ybaY_predicted,1.0,26,13,CAGTGCTCTCCCCATGTGTA,13,4587432
ybaY_predicted,0.7857142857142857,23,13,CAGGGAGCCGGTGGGTTCCT,10,4592138
ybaY_predicted,1.7142857142857142,36,13,CAGAACGATAATCTAGACAC,23,4599137
ybaY_predicted,0.14285714285714285,14,13,CAATTTTCATCGTCCGGAGG,1,4558134
ybaY_predicted,1.7142857142857142,36,13,CAATCGTTCACAGCGGCCGT,23,4546332
ybaY_predicted,0.6428571428571429,21,13,CAATACGTCCACAATTTTTA,8,4584561
ybaY_predicted,0.35714285714285715,17,13,CAATACAGGGCTAGCGAGTT,4,4591644
ybaY_predicted,0.2857142857142857,16,13,CAAGAACGAGGATAGCCCTG,3,4572176
ybaY_predicted,2.0714285714285716,41,13,CAACTGTCACAAGAAGCCGT,28,4562670
ybaY_predicted,1.0714285714285714,27,13,CAAATTCCAACGGAGCGAGG,14,4560731
ybaY_predicted,0.14285714285714285,14,13,ATTTTGGCTGTTGAGCACCG,1,4549927
ybaY_predicted,0.21428571428571427,15,13,ATTTACTTACTCATGACGAA,2,4546237
ybaY_predicted,0.21428571428571427,15,13,ATTTAAGGCCCGTGGCGGGT,2,4544613
ybaY_predicted,1.6428571428571428,35,13,ATTGTCTGGAATGTCGCCCA,22,4585270
ybaY_predicted,1.9285714285714286,39,13,ATTGTCCACTTACACTCAAA,26,4549788
ybaY_predicted,1.9285714285714286,39,13,ATTACCCGTGAAGAGGCCTA,26,4568596
ybaY_predicted,0.14285714285714285,14,13,ATGTGAGTTTATAGTAACAG,1,4594348
ybaY_predicted,0.5714285714285714,20,13,ATGGTTTATTAGTATTGTGA,7,4552954
ybaY_predicted,0.5714285714285714,20,13,ATGGGCTAGGCACTTAACTT,7,4571719
ybaY_predicted,0.9285714285714286,25,13,ATGGGCGAAACTGGGGGACC,12,4585517
ybaY_predicted,1.0714285714285714,27,13,ATGGCTTAAAGGCAGCGCGA,14,4570644
ybaY_predicted,0.14285714285714285,14,13,ATGCCAAGTAACCGTTCGAT,1,4599428
ybaY_predicted,0.14285714285714285,14,13,ATGACGGCCGAATATCCCCC,1,4554775
ybaY_predicted,1.0,26,13,ATGAAATAGTTACTGGCGCG,13,4558955
ybaY_predicted,1.4285714285714286,32,13,ATCTTTTTTCTATCATTGGA,19,4592478
ybaY_predicted,3.2857142857142856,58,13,ATCTTCGCGGTAATGGGCGT,45,4597983
ybaY_predicted,0.14285714285714285,14,13,ATCACAATAAATTTGATAAT,1,4588599
ybaY_predicted,1.9285714285714286,39,13,ATATAGCCTCGTACGGCAAG,26,4545671
ybaY_predicted,3.0714285714285716,55,13,ATATAGAGTTGGTAATCGAC,42,4579142
ybaY_predicted,0.35714285714285715,17,13,ATAGTGAGCTGTCAACGCTG,4,4594096
ybaY_predicted,5.571428571428571,90,13,ATAATCCTTGAACGAAAGCG,77,4553622
ybaY_predicted,0.7142857142857143,22,13,AGTTCTCCGGGCCAGAAGAA,9,4572203
ybaY_predicted,0.21428571428571427,15,13,AGTTAAAAAAGGCCATCTCT,2,4592449
ybaY_predicted,0.35714285714285715,17,13,AGTCGTCGATAGTTTGACCA,4,4596906
ybaY_predicted,1.2142857142857142,29,13,AGGCTATCGCGACGGCGAGC,16,4595483
ybaY_predicted,1.2857142857142858,30,13,AGCTCTAAGAGAGAGCATAT,17,4570425
ybaY_predicted,5.214285714285714,85,13,AGCATCGGGGCTCGGTAACT,72,4577930
ybaY_predicted,0.6428571428571429,21,13,AGCAGCGCATTAATCGTCAA,8,4585357
ybaY_predicted,1.2857142857142858,30,13,AGAATCGGTGATGCAAGACT,17,4576280
ybaY_predicted,1.6428571428571428,35,13,AGAACAAATCAGACCCTGGA,22,4574492
ybaY_predicted,0.14285714285714285,14,13,AGAAAGCGTTTAATTTTGGG,1,4592022
ybaY_predicted,0.9285714285714286,25,13,ACTTCGGTATCGCCCAACTG,12,4574419
ybaY_predicted,1.8571428571428572,38,13,ACTGTTGAACCGACGGGTAA,25,4600458
ybaY_predicted,0.6428571428571429,21,13,ACTGGCTATTCCGTCTTAAA,8,4545908
ybaY_predicted,2.357142857142857,45,13,ACTGGCCGGCTGCATCGGTT,32,4554113
ybaY_predicted,3.5714285714285716,62,13,ACGTGTGCCGATGATTCCGT,49,4585990
ybaY_predicted,2.5714285714285716,48,13,ACGTGTCACGGTACTCATGG,35,4595515
ybaY_predicted,7.857142857142857,122,13,ACGGCCAGTCACGTCCTTAT,109,4596909
ybaY_predicted,2.642857142857143,49,13,ACGAAGCATTCAAATCTCAT,36,4579830
ybaY_predicted,0.5714285714285714,20,13,ACCAGGCGCGATTCGGCCCC,7,4557787
ybaY_predicted,1.6428571428571428,35,13,ACATCCTATGGTCACAGGAC,22,4581893
ybaY_predicted,2.857142857142857,52,13,ACAAGCCCGGCCAAGTCCTT,39,4551865
ybaY_predicted,0.9285714285714286,25,13,AATTTCCATCGTCTTAGGGC,12,4574121
ybaY_predicted,1.0714285714285714,27,13,AATGTCTGCCTCATGACAAA,14,4578768
ybaY_predicted,2.0,40,13,AAGTTATATTCTCGCCGTCT,27,4559726
ybaY_predicted,1.5714285714285714,34,13,AAGTCAAGTACAACCAGAAA,21,4564499
ybaY_predicted,1.2142857142857142,29,13,AAGGGCAGCTTCGCCATCTC,16,4584981
ybaY_predicted,0.6428571428571429,21,13,AAGCGTCACTTGCTTTACTC,8,4555391
ybaY_predicted,0.7857142857142857,23,13,AAGATTCCAAAATGCATCAT,10,4588254
ybaY_predicted,6.071428571428571,97,13,AAGACGGTCCACTCGGTGCT,84,4579109
ybaY_predicted,0.35714285714285715,17,13,AACTGCAAGGCATTGTGTAA,4,4547839
ybaY_predicted,0.14285714285714285,14,13,AACTACGACTGCTTTGCACA,1,4598281
ybaY_predicted,0.5714285714285714,20,13,AACCCGAGCGCATGCTGGTA,7,4580245
ybaY_predicted,2.0,40,13,AACAACCGCTTATTAAACTA,27,4565466
ybaY_predicted,0.42857142857142855,18,13,AAATCGTCATCGCGCTCCGT,5,4595561
ybaY_predicted,0.14285714285714285,14,13,AAATCGAGGCCAGATAAGAC,1,4580334
ybaY_predicted,1.8571428571428572,38,13,AAATACTTGCTCAGGCCGCA,25,4550380
ybaY_predicted,0.21428571428571427,15,13,AAAGATTCTCATAGAGTAGA,2,4553567
ybaY_predicted,0.5,19,13,AAACCCGTAAGGCTGCGCGA,6,4550038
ybaY_predicted,2.2142857142857144,43,13,AAACATTGTCTTGTCGGCTG,30,4567630
ybaY_predicted,15.857142857142858,234,13,AAAACTTGTGTGTCGGCGTG,221,4573451
ybaY_predicted,0.7692307692307693,21,12,TTTTTCTCTGGCACTTACGA,9,4596544
ybaY_predicted,0.46153846153846156,17,12,TTTTCACTTGGGAATTTTTC,5,4597708
ybaY_predicted,3.8461538461538463,61,12,TTTATGTCTATCAGTCAAGA,49,4563527
ybaY_predicted,3.3076923076923075,54,12,TTTAACCCCCGCCGAGCTGT,42,4568062
ybaY_predicted,3.769230769230769,60,12,TTGTATCTATGTTTCCGTCT,48,4563248
ybaY_predicted,2.6153846153846154,45,12,TTGGCTTTTTGTCCTTTGAG,33,4547097
ybaY_predicted,1.6153846153846154,32,12,TTGACAAACCGTTTAGGCTC,20,4598708
ybaY_predicted,3.1538461538461537,52,12,TTCTGTGTTCACTTCAAGGC,40,4593787
ybaY_predicted,1.5384615384615385,31,12,TTCTATTCCTCTATGTTATC,19,4593203
ybaY_predicted,0.15384615384615385,13,12,TTACTCAGGTCAGATCATTA,1,4547982
ybaY_predicted,2.6153846153846154,45,12,TTACGTCCGCAGTAGTTTTC,33,4553710
ybaY_predicted,3.1538461538461537,52,12,TTAATCTGGGATTTCCGTAC,40,4564235
ybaY_predicted,1.3076923076923077,28,12,TTAAATCACCTTCTCTTATG,16,4551299
ybaY_predicted,0.5384615384615384,18,12,TGTTTTTCCTAGTTAAACTA,6,4581727
ybaY_predicted,2.076923076923077,38,12,TGTTTCACGACGCATTGGAT,26,4567193
ybaY_predicted,1.3076923076923077,28,12,TGTTGACAGGGTCGTAACTC,16,4587024
ybaY_predicted,0.23076923076923078,14,12,TGTTCCGTTCGCCATCCGCC,2,4574270
ybaY_predicted,1.6923076923076923,33,12,TGTATTGCCAAGCCCCTTTA,21,4576173
ybaY_predicted,6.6923076923076925,98,12,TGTATGGCTGCGGTACTTTA,86,4576115
ybaY_predicted,1.3076923076923077,28,12,TGGTCTGCGTTCGGCTGGGC,16,4556374
ybaY_predicted,3.6153846153846154,58,12,TGGTATCTGGTTCTTAACGC,46,4584627
ybaY_predicted,2.6153846153846154,45,12,TGGGGCTGCTGCCCGCTAGT,33,4594028
ybaY_predicted,1.8461538461538463,35,12,TGGGCACTGCCCAGAACTGT,23,4595467
ybaY_predicted,0.6923076923076923,20,12,TGGCTCTATCGCGTCCCTTA,8,4551324
ybaY_predicted,0.7692307692307693,21,12,TGCGGCACTCCAGTTTAGGT,9,4570912
ybaY_predicted,2.4615384615384617,43,12,TGCCGGAAGAACGTGAGTGT,31,4596443
ybaY_predicted,1.6153846153846154,32,12,TGATTTGGTTACAAGATAAC,20,4568328
ybaY_predicted,3.8461538461538463,61,12,TGATCCGGGTAATCACGCTG,49,4596260
ybaY_predicted,2.4615384615384617,43,12,TGAAGCGTTAATCTTAATGT,31,4580023
ybaY_predicted,2.076923076923077,38,12,TCGTTATTTGCCCACACGGC,26,4584247
ybaY_predicted,1.4615384615384615,30,12,TCGATATTGCGGTCCCGCCT,18,4576232
ybaY_predicted,0.46153846153846156,17,12,TCGACTTAAAACACGTAATT,5,4568170
ybaY_predicted,1.3846153846153846,29,12,TCGAATTCACCATTGTCGTA,17,4582887
ybaY_predicted,0.15384615384615385,13,12,TCCTGTTTACCGCCCTTCTC,1,4592384
ybaY_predicted,2.3076923076923075,41,12,TCCGGTGTATTTTAGCGTAG,29,4570779
ybaY_predicted,2.769230769230769,47,12,TCCACGCGTATTTCTTGCTC,35,4594053
ybaY_predicted,1.4615384615384615,30,12,TCAGGCAAAAATGTCGCCTC,18,4571329
ybaY_predicted,1.4615384615384615,30,12,TATTTTTGACCAGAACTCCC,18,4561458
ybaY_predicted,0.15384615384615385,13,12,TATGGCGGCTAAACCCGACC,1,4586551
ybaY_predicted,0.23076923076923078,14,12,TATGAACCAGGTACGCGTAA,2,4561225
ybaY_predicted,2.076923076923077,38,12,TAGGTCGTCCGGCGCGACCT,26,4572690
ybaY_predicted,1.6923076923076923,33,12,TAGGAATCCTTGTGGACTCC,21,4565918
ybaY_predicted,0.23076923076923078,14,12,TACGTGTGCGGTGCCCCACT,2,4592348
ybaY_predicted,0.6153846153846154,19,12,TACGGATTATCCGCGTGTAT,7,4586382
ybaY_predicted,4.076923076923077,64,12,TACCCTGCTTGACAGGTGTC,52,4550749
ybaY_predicted,2.3076923076923075,41,12,TACACTACGCATCGCAATAC,29,4581626
ybaY_predicted,1.2307692307692308,27,12,TAATGGTAAGTGCCACCGTT,15,4599635
ybaY_predicted,1.3076923076923077,28,12,TAAGTACTTGAACTTCTTCG,16,4591722
ybaY_predicted,0.23076923076923078,14,12,GTTAGGGCATCCGAGAAAGT,2,4592124
ybaY_predicted,1.6923076923076923,33,12,GTGTTGTATTACACGAGGAC,21,4584529
ybaY_predicted,0.15384615384615385,13,12,GTGTTAATGTACCTCCTTGT,1,4573799
ybaY_predicted,0.9230769230769231,23,12,GTGGATGGGCCGATGTTTTA,11,4597848
ybaY_predicted,0.15384615384615385,13,12,GTCTCCCTCACCAGTTTAAT,1,4549512
ybaY_predicted,1.2307692307692308,27,12,GTCGGATCGCACGAGCCCCG,15,4555221
ybaY_predicted,0.15384615384615385,13,12,GTCCTAGACCATTACGTCTA,1,4575525
ybaY_predicted,7.3076923076923075,106,12,GTCAGGTGGCGTTTGGCTGG,94,4570728
ybaY_predicted,12.384615384615385,172,12,GTACTTGCTTACGGATATCC,160,4572280
ybaY_predicted,1.6923076923076923,33,12,GTACTACCACGGTAGCTTGC,21,4574698
ybaY_predicted,2.3846153846153846,42,12,GTACCATATATTCAGGAGTG,30,4578519
ybaY_predicted,0.38461538461538464,16,12,GTACAGTGTACAATTAGAGT,4,4574665
ybaY_predicted,1.2307692307692308,27,12,GGTTCTGACAGTGAGGTCTC,15,4554666
ybaY_predicted,1.3076923076923077,28,12,GGTCTGGTGAAGTATACTAC,16,4548435
ybaY_predicted,0.23076923076923078,14,12,GGTCGGCATTCTCATATAAC,2,4590859
ybaY_predicted,0.15384615384615385,13,12,GGTAGATTCAATTAAACGAT,1,4590489
ybaY_predicted,2.5384615384615383,44,12,GGGGGCTAACAAACCGGGTA,32,4592447
ybaY_predicted,0.9230769230769231,23,12,GGGCGAGGGTCATAGAGAGG,11,4563480
ybaY_predicted,0.9230769230769231,23,12,GGCTTAATCCACGTCTGATT,11,4558250
ybaY_predicted,0.6153846153846154,19,12,GGATTGGATAACAGAATTGC,7,4556425
ybaY_predicted,1.4615384615384615,30,12,GGAGTTTGTGAGATATAGGT,18,4545852
ybaY_predicted,1.6153846153846154,32,12,GGAGTATCCACATTAGCGCT,20,4588581
ybaY_predicted,0.15384615384615385,13,12,GGAGCGTGCCCAGATTGCTG,1,4565816
ybaY_predicted,0.8461538461538461,22,12,GGAATGGTAAGCGGCTCTCC,10,4564076
ybaY_predicted,2.5384615384615383,44,12,GCTTTAGACAGTTCTCGGAG,32,4579912
ybaY_predicted,1.6923076923076923,33,12,GCTTGTTGATTCGTGACGGA,21,4589818
ybaY_predicted,1.3846153846153846,29,12,GCTGGATACAGCATCTGTGG,17,4596741
ybaY_predicted,0.15384615384615385,13,12,GCTAGGATCCAAGAACGATA,1,4579925
ybaY_predicted,0.15384615384615385,13,12,GCTACCACTACGGGTACGGG,1,4573577
ybaY_predicted,3.076923076923077,51,12,GCTAAATCGCACGTTTGCAT,39,4581348
ybaY_predicted,1.2307692307692308,27,12,GCGTCCGGTGTCGGGCACTT,15,4588395
ybaY_predicted,0.8461538461538461,22,12,GCGGTACCGGTACCGTCCCT,10,4571286
ybaY_predicted,3.4615384615384617,56,12,GCGCCCTTTTGTTTCTATAA,44,4576827
ybaY_predicted,0.15384615384615385,13,12,GCGAATTAAACCACGTCTTA,1,4582063
ybaY_predicted,2.0,37,12,GCCTCCTATGGCGGTTCCAA,25,4551186
ybaY_predicted,1.9230769230769231,36,12,GCCGTACTCCGTAGGCGTCT,24,4546098
ybaY_predicted,3.230769230769231,53,12,GCCCGCCGAGTACTGTCATT,41,4550185
ybaY_predicted,1.6923076923076923,33,12,GCCAAATGGGAATGCGGGGT,21,4565611
ybaY_predicted,0.15384615384615385,13,12,GCATTAACATCTCCATCAGA,1,4587680
ybaY_predicted,1.7692307692307692,34,12,GCATCACCTCATCTGCTGCT,22,4578328
ybaY_predicted,1.0769230769230769,25,12,GATTTCTGGAATCACCGCTA,13,4575207
ybaY_predicted,2.923076923076923,49,12,GATCCACGTGACCAACTAGA,37,4561672
ybaY_predicted,0.6153846153846154,19,12,GAGTGCTAGCCTCATAGAAA,7,4591999
ybaY_predicted,2.1538461538461537,39,12,GAGGGACGTGATGTTTTTCG,27,4559819
ybaY_predicted,0.46153846153846156,17,12,GAGAGGGCGAACAGACATAT,5,4594206
ybaY_predicted,3.0,50,12,GACTGCCTAAGCATATTGTC,38,4569151
ybaY_predicted,2.1538461538461537,39,12,GACGGGAGGCTCACCGTGCA,27,4579434
ybaY_predicted,0.15384615384615385,13,12,GACGCCAAGGCTGTTGATAC,1,4565606
ybaY_predicted,0.46153846153846156,17,12,GACGCAATAGCGTCAGAGTC,5,4580616
ybaY_predicted,5.538461538461538,83,12,GACACCGGGCAGATGTACAA,71,4588366
ybaY_predicted,3.4615384615384617,56,12,GACACCCGCTAGATGTTCGT,44,4565090
ybaY_predicted,0.6923076923076923,20,12,GAAGTGGGCTTAAGTCGCGA,8,4576003
ybaY_predicted,0.6153846153846154,19,12,GAAGGTCTCCTCAGATCCCT,7,4574885
ybaY_predicted,0.15384615384615385,13,12,GAACGAGAGCTCCTTAGAAT,1,4597581
ybaY_predicted,1.7692307692307692,34,12,GAACCCGTTAGAAGCCGCGG,22,4588401
ybaY_predicted,0.6923076923076923,20,12,GAACCCCGGGACACAAGGTG,8,4581725
ybaY_predicted,0.7692307692307693,21,12,GAAATCTAGAGTCAATCGGA,9,4599007
ybaY_predicted,2.923076923076923,49,12,CTTTCAAGTTTTGCAAGGCT,37,4578342
ybaY_predicted,0.6153846153846154,19,12,CTTGTACACAGGTTTGCTCT,7,4570932
ybaY_predicted,3.076923076923077,51,12,CTTCTCATAATATACATGTG,39,4597362
ybaY_predicted,2.3076923076923075,41,12,CTTAAGTGCGTGGGGGTAGA,29,4572680
ybaY_predicted,6.0,89,12,CTGTAACAAGGCTTATAGTG,77,4573631
ybaY_predicted,0.6923076923076923,20,12,CTGGCGTGTTTATCGTAAAA,8,4589197
ybaY_predicted,1.4615384615384615,30,12,CTGGACGCGGGGAGTCAACT,18,4579060
ybaY_predicted,2.230769230769231,40,12,CTGCATAATGATGCGCTTTC,28,4584281
ybaY_predicted,0.15384615384615385,13,12,CTCTGATAGTGTATGGAGTT,1,4552151
ybaY_predicted,0.38461538461538464,16,12,CTCTCTTAGGAAGGGACGCC,4,4551278
ybaY_predicted,1.6923076923076923,33,12,CTCAGTCAGCCTTTGAGCAT,21,4550299
ybaY_predicted,1.8461538461538463,35,12,CTAGGCGCCCTCCGACTCTA,23,4599833
ybaY_predicted,0.5384615384615384,18,12,CTAGAACTGACGGCTAGTAA,6,4583657
ybaY_predicted,2.8461538461538463,48,12,CTACTGAGTCGGTAAATCCA,36,4557850
ybaY_predicted,2.0,37,12,CTACTCTTTGCTAACTCACT,25,4558971
ybaY_predicted,2.230769230769231,40,12,CTACCGTATTTCGGACTAGC,28,4553594
ybaY_predicted,2.6923076923076925,46,12,CTAATCGCCGCATCAAGTAC,34,4561952
ybaY_predicted,2.5384615384615383,44,12,CGTGTAGTTATGCCATTGTT,32,4591678
ybaY_predicted,0.15384615384615385,13,12,CGTGGCGGACTACCTGGAAG,1,4591458
ybaY_predicted,0.8461538461538461,22,12,CGTCTACTAATTGGTTAAGT,10,4560343
ybaY_predicted,2.923076923076923,49,12,CGTAGGAGAGTGCTTTGCTC,37,4595660
ybaY_predicted,3.6153846153846154,58,12,CGTACTATCTGTGTATTTAA,46,4600435
ybaY_predicted,0.38461538461538464,16,12,CGGTTAAAAGCCTTGTCACT,4,4591827
ybaY_predicted,1.8461538461538463,35,12,CGGGTTAGAACTTATCGAGT,23,4595314
ybaY_predicted,1.1538461538461537,26,12,CGGCCTGTGCGACTAACTTC,14,4582519
ybaY_predicted,1.1538461538461537,26,12,CGCTATTTGTTCACTAATAC,14,4588112
ybaY_predicted,0.23076923076923078,14,12,CGCGTCCATAGAGCGACATT,2,4559373
ybaY_predicted,0.15384615384615385,13,12,CGCCTGAACAGGGCAAATTC,1,4549731
ybaY_predicted,1.3076923076923077,28,12,CGCCAATAGAATAATTTCTG,16,4565000
ybaY_predicted,3.923076923076923,62,12,CGCAGTGTTGCCCGGGAGAT,50,4547913
ybaY_predicted,2.5384615384615383,44,12,CGATGCACTACTCCTTGAAT,32,4573882
ybaY_predicted,1.6153846153846154,32,12,CGATCTTCTGGTAATCCGAA,20,4581462
ybaY_predicted,1.3076923076923077,28,12,CGATCAGTCAGGGTTAAAAA,16,4567064
ybaY_predicted,1.6923076923076923,33,12,CGAGATAGCACTCAGGATGT,21,4558880
ybaY_predicted,1.5384615384615385,31,12,CGAGAGCACCAGGTATGGCT,19,4572785
ybaY_predicted,0.15384615384615385,13,12,CGAACGCGCCACCAAAAAGT,1,4577398
ybaY_predicted,0.15384615384615385,13,12,CCTTTGTGGTTCAGGTCTTT,1,4596275
ybaY_predicted,1.6923076923076923,33,12,CCTGGGAATGGCCAGTTCGA,21,4576706
ybaY_predicted,1.5384615384615385,31,12,CCTCTACGGAAAACGCTCAT,19,4599427
ybaY_predicted,0.15384615384615385,13,12,CCGTGAACCCCAAGTTGAGT,1,4553236
ybaY_predicted,1.4615384615384615,30,12,CCGTAGGATAAGGTTTGTCA,18,4597561
ybaY_predicted,0.7692307692307693,21,12,CCGGGTCCAGCGTTCAGGAG,9,4574249
ybaY_predicted,0.15384615384615385,13,12,CCGGCTACGGCGCCCGAGCG,1,4552477
ybaY_predicted,0.23076923076923078,14,12,CCGGCGTTTATACAAAGGAA,2,4573519
ybaY_predicted,0.15384615384615385,13,12,CCGAATGTTGAGGCCGAAGA,1,4569373
ybaY_predicted,0.5384615384615384,18,12,CCCTTGCCCCAATTTAAGAG,6,4563331
ybaY_predicted,2.6153846153846154,45,12,CCCTACTACCACTTAGGGCA,33,4550472
ybaY_predicted,0.15384615384615385,13,12,CCATGTAACTTGTACGGGTG,1,4551676
ybaY_predicted,4.461538461538462,69,12,CATTAAAGTGGGAAACCTCT,57,4586232
ybaY_predicted,0.15384615384615385,13,12,CATAGCCAGATATACTCTGG,1,4562884
ybaY_predicted,2.1538461538461537,39,12,CAGTCGAACTCATCCGGACC,27,4589038
ybaY_predicted,21.46153846153846,290,12,CAGGTTAGGGCTTAAATCAT,278,4595649
ybaY_predicted,0.46153846153846156,17,12,CAGGATGGGGACGGGCAGCA,5,4581693
ybaY_predicted,2.1538461538461537,39,12,CAGCTACACCGTCAGTTTGC,27,4548016
ybaY_predicted,0.15384615384615385,13,12,CAGCGCGTTAACCTTTCTCG,1,4551811
ybaY_predicted,2.6153846153846154,45,12,CAGAGCAAGCGGGACCCCCC,33,4577924
ybaY_predicted,1.2307692307692308,27,12,CAGACTCGCAATGGTGTTCG,15,4559899
ybaY_predicted,1.6153846153846154,32,12,CACTTAGATTATGGTTCTCG,20,4559677
ybaY_predicted,1.5384615384615385,31,12,CACGAGCTGCGAAGCACCAG,19,4592188
ybaY_predicted,1.0,24,12,CACACCTAGTCGCTATTCGC,12,4588249
ybaY_predicted,0.5384615384615384,18,12,CAAGGGAGGGGTGTACTTTA,6,4572084
ybaY_predicted,0.5384615384615384,18,12,CAAGCCATGCTAGTGGAGTG,6,4555340
ybaY_predicted,2.5384615384615383,44,12,CAAAGGACGGTTGGGGAAGA,32,4557137
ybaY_predicted,0.3076923076923077,15,12,CAAAAGACTGAGCGAGATTG,3,4600225
ybaY_predicted,0.15384615384615385,13,12,ATTGTAAGGAGGTGTCGTCT,1,4586146
ybaY_predicted,4.076923076923077,64,12,ATTGCTTCGTTCCGGTTATT,52,4554144
ybaY_predicted,1.4615384615384615,30,12,ATTGAACCCACTATGATCTA,18,4567102
ybaY_predicted,0.8461538461538461,22,12,ATTCGTCGTAAAGCGCCCCG,10,4591358
ybaY_predicted,0.9230769230769231,23,12,ATTCGGATACTATGCGGACG,11,4575389
ybaY_predicted,0.15384615384615385,13,12,ATTATCGCCCGTATTTCGAA,1,4599501
ybaY_predicted,1.3846153846153846,29,12,ATTAGCTTCAATAGAGGGGT,17,4555480
ybaY_predicted,0.7692307692307693,21,12,ATTAATGTAAAGTGAATATG,9,4577779
ybaY_predicted,1.0769230769230769,25,12,ATGTTGAAGCTAAGCGGTGT,13,4590687
ybaY_predicted,0.6153846153846154,19,12,ATGTCGAGGCATCCTGGAGG,7,4547142
ybaY_predicted,1.1538461538461537,26,12,ATGTAGCAATACTGGGACGC,14,4551176
ybaY_predicted,0.9230769230769231,23,12,ATGCTTGGAACTTCTGGCCC,11,4596086
ybaY_predicted,0.15384615384615385,13,12,ATGATTGGTGCGGCAAACAC,1,4556245
ybaY_predicted,2.1538461538461537,39,12,ATCTACGGTCACCGCAGCAT,27,4597584
ybaY_predicted,6.846153846153846,100,12,ATCGGAGTCTTCCGCCAGAA,88,4559598
ybaY_predicted,1.3846153846153846,29,12,ATCCTGTGACAGATAAGCGT,17,4566714
ybaY_predicted,3.769230769230769,60,12,ATCAAGTCAAGTCTGTCTCG,48,4552957
ybaY_predicted,2.769230769230769,47,12,ATAGGGGGGGATGCTTCCGC,35,4597142
ybaY_predicted,1.3846153846153846,29,12,ATAGCAGTGTACGCTTCGGT,17,4577187
ybaY_predicted,1.1538461538461537,26,12,ATAGATAGTGTAGGCACAAC,14,4575518
ybaY_predicted,0.15384615384615385,13,12,ATACAATGCTTCTTTGGCAT,1,4578917
ybaY_predicted,0.7692307692307693,21,12,ATAACGTAATCGAATAAACA,9,4559340
ybaY_predicted,0.46153846153846156,17,12,ATAACCGAGTCTCTCGTAAC,5,4545470
ybaY_predicted,1.9230769230769231,36,12,AGTACAGGTAGAAAATTGTA,24,4584335
ybaY_predicted,1.4615384615384615,30,12,AGGTCCGACAGCATAGCTCG,18,4576602
ybaY_predicted,0.15384615384615385,13,12,AGGTCAAGAGTGCGGGCCGG,1,4544709
ybaY_predicted,1.6923076923076923,33,12,AGGGCTCGTGTGTTTGAACA,21,4581930
ybaY_predicted,2.076923076923077,38,12,AGCTGCCGGATTATGGCACT,26,4562459
ybaY_predicted,0.9230769230769231,23,12,AGCTAAGGCAAGAGCGAAAT,11,4582018
ybaY_predicted,2.923076923076923,49,12,AGCGTGTTGTTACAAGGGTA,37,4551137
ybaY_predicted,0.23076923076923078,14,12,AGCCCCCATTTCCGCAGGTT,2,4587257
ybaY_predicted,1.8461538461538463,35,12,AGCCACTCCGCCCGATAGGA,23,4553235
ybaY_predicted,1.8461538461538463,35,12,AGCACTGAATGCGCAACAAG,23,4598321
ybaY_predicted,0.15384615384615385,13,12,AGAAGCAGCACGGAGTGAGG,1,4565886
ybaY_predicted,2.769230769230769,47,12,ACTTTTGTTTTAATCAACCC,35,4589053
ybaY_predicted,1.2307692307692308,27,12,ACTCGCCGGTAAAACGTCCC,15,4593594
ybaY_predicted,1.4615384615384615,30,12,ACTATAGCGTCCCTCTTGGG,18,4596018
ybaY_predicted,1.9230769230769231,36,12,ACTAGGGTATTTGTAGAAGA,24,4566067
ybaY_predicted,1.6153846153846154,32,12,ACGGACATTCGGGCTCTGAG,20,4554604
ybaY_predicted,2.8461538461538463,48,12,ACGCTAATAAGCCTTTTTGC,36,4576912
ybaY_predicted,1.6923076923076923,33,12,ACCCAATTCTCCCGGCTATG,21,4591220
ybaY_predicted,1.5384615384615385,31,12,ACCAGTTTTTCCGAGATTTA,19,4580454
ybaY_predicted,1.5384615384615385,31,12,ACCACTGTGGTTACAAACGA,19,4576279
ybaY_predicted,0.15384615384615385,13,12,ACATATCTTTGCGCAGTCGT,1,4551115
ybaY_predicted,0.9230769230769231,23,12,ACACACATAGTTGTAGTCTG,11,4577374
ybaY_predicted,1.7692307692307692,34,12,AATTCGCAGACAGCGCAATG,22,4582781
ybaY_predicted,0.38461538461538464,16,12,AATGCGGATGCCCCGGTAGA,4,4571384
ybaY_predicted,0.46153846153846156,17,12,AATGACGCTAAACTTGTACG,5,4563700
ybaY_predicted,1.7692307692307692,34,12,AATCGACGCTTAACGTGTAG,22,4589703
ybaY_predicted,0.8461538461538461,22,12,AATAGCTCCTCAATAGCTGG,10,4577381
ybaY_predicted,3.6923076923076925,59,12,AATAGATTTAATGATCGTCT,47,4575576
ybaY_predicted,2.076923076923077,38,12,AAGTAAGCCCTCAAAACTCG,26,4564921
ybaY_predicted,1.0,24,12,AAGCGACAGGTCCGATCTAA,12,4597860
ybaY_predicted,1.6923076923076923,33,12,AAGATTAACTGTAGGTCTGG,21,4599886
ybaY_predicted,0.38461538461538464,16,12,AAGACGGGCGCCGACTAGAA,4,4593500
ybaY_predicted,2.3076923076923075,41,12,AAGAAACATACTAGAGTATG,29,4566761
ybaY_predicted,0.38461538461538464,16,12,AACTCGGGAACATTATAGGA,4,4562123
ybaY_predicted,2.5384615384615383,44,12,AACTATCGCGGAAAATCTGC,32,4590088
ybaY_predicted,0.46153846153846156,17,12,AAATGCTTTTCAAGGGATCG,5,4564304
ybaY_predicted,1.0769230769230769,25,12,AAACGATTTAGGACGTACCG,13,4595819
ybaY_predicted,0.9230769230769231,23,12,AAACCTTGGGGGTAGATTAA,11,4581054
ybaY_predicted,1.6923076923076923,33,12,AAACCGGCTAGTAGACCCCT,21,4576215
ybaY_predicted,1.3846153846153846,29,12,AAAAGTCCCGGCATTACCAC,17,4546030
ybaY_predicted,1.3846153846153846,29,12,AAAACTTCGTTCAGAAAGAT,17,4590081
ybaY_predicted,0.15384615384615385,13,12,AAAACCTGGTCCAACTGAGA,1,4591856
ybaY_predicted,2.4166666666666665,39,11,TTTTAGGTTACGGGTTCGTA,28,4588534
ybaY_predicted,1.9166666666666667,33,11,TTTGTTCATCTTTGTTTTTG,22,4583327
ybaY_predicted,1.75,31,11,TTTCATCAATAGTCTAGTAT,20,4546091
ybaY_predicted,0.9166666666666666,21,11,TTTATGGCCAAGACGTTGGA,10,4593506
ybaY_predicted,2.4166666666666665,39,11,TTGTGCTCACGTACGCGTTT,28,4547135
ybaY_predicted,0.9166666666666666,21,11,TTGGTGTAATAATTCGGCTC,10,4591680
ybaY_predicted,0.16666666666666666,12,11,TTGGTGATGGAATCCCGATA,1,4547280
ybaY_predicted,3.25,49,11,TTGGGTAGCCTCTGTCATTA,38,4600094
ybaY_predicted,0.5833333333333334,17,11,TTGGATGGTGGGTGAAAAGT,6,4593443
ybaY_predicted,2.0833333333333335,35,11,TTGCGAGAACCTGTGTTCTG,24,4600345
ybaY_predicted,0.5,16,11,TTGCCCGACTATGTTAAATG,5,4559022
ybaY_predicted,0.5,16,11,TTGAGGGCGTGGTTTGCACC,5,4584387
ybaY_predicted,0.5833333333333334,17,11,TTCTACTCATAATGCTACAG,6,4550071
ybaY_predicted,2.9166666666666665,45,11,TTCCTTGGGAGGCAGACATA,34,4585436
ybaY_predicted,33.0,406,11,TTCCTGTGCAACGTAGACGG,395,4595636
ybaY_predicted,1.25,25,11,TTCCGTGTGAGCAAGATATA,14,4582142
ybaY_predicted,0.25,13,11,TTCCAGTGAGTTTTTCCTAT,2,4559905
ybaY_predicted,1.25,25,11,TTATTTGTGTTCCGTCTTGA,14,4579356
ybaY_predicted,3.1666666666666665,48,11,TTATCTCTGAAAACACGTCT,37,4544825
ybaY_predicted,0.3333333333333333,14,11,TTAGGTTTGTATAGAGGCTC,3,4575378
ybaY_predicted,2.3333333333333335,38,11,TTAACGCGCACACCGCGGCA,27,4562932
ybaY_predicted,3.5833333333333335,53,11,TGTTTGGCGTAAGCGCGGGT,42,4579717
ybaY_predicted,3.3333333333333335,50,11,TGTTGCCTCATGTCGATAAG,39,4599193
ybaY_predicted,0.16666666666666666,12,11,TGTTACTAATGCTGCTTGTA,1,4557338
ybaY_predicted,1.0,22,11,TGTTACATTGTGCACCCAAT,11,4549496
ybaY_predicted,0.5,16,11,TGTCCATCATGAGAAACCTT,5,4544988
ybaY_predicted,3.3333333333333335,50,11,TGGCTTTAGACGAGCTCTTC,39,4556419
ybaY_predicted,0.16666666666666666,12,11,TGGACAACGCCCGGGGGGTA,1,4583742
ybaY_predicted,2.1666666666666665,36,11,TGCTTACTCGGACTCAATGC,25,4567294
ybaY_predicted,4.416666666666667,63,11,TGCTGACGCGTGACTGGTGG,52,4568432
ybaY_predicted,0.8333333333333334,20,11,TGATCGAGACTCCGTATTCT,9,4587527
ybaY_predicted,5.916666666666667,81,11,TGAGCGATGCCATTAATGCT,70,4569754
ybaY_predicted,1.5833333333333333,29,11,TGAAGCTTGCCCAAGACTAT,18,4569048
ybaY_predicted,2.4166666666666665,39,11,TGAAATAGCGGTATCCCGGG,28,4570034
ybaY_predicted,0.75,19,11,TCTCCTACCTTTATCCCCGC,8,4554375
ybaY_predicted,0.16666666666666666,12,11,TCTATGCAACGTATAAAGGC,1,4552764
ybaY_predicted,2.6666666666666665,42,11,TCGTCAAAAATTCCGATTGC,31,4577860
ybaY_predicted,0.9166666666666666,21,11,TCGGCATTCCAGTCAACAAG,10,4573721
ybaY_predicted,0.8333333333333334,20,11,TCGGACACAGTGAAAAGTAA,9,4579999
ybaY_predicted,1.0,22,11,TCGCTCGCAACTCATATGAC,11,4551629
ybaY_predicted,0.25,13,11,TCGCATTCTCGCAACATAAT,2,4555612
ybaY_predicted,1.6666666666666667,30,11,TCGCAGATCCTGTTGCTACA,19,4590919
ybaY_predicted,4.0,58,11,TCGCAATGGTAGACCTTCTT,47,4547508
ybaY_predicted,0.16666666666666666,12,11,TCGCAAGCGATCAACCTGGC,1,4559201
ybaY_predicted,3.6666666666666665,54,11,TCGAGTCTAGCATTTGTCCA,43,4598340
ybaY_predicted,1.0,22,11,TCGACATGTACTGCATATAC,11,4552936
ybaY_predicted,0.75,19,11,TCCTAAGAGCTAAATCTTAA,8,4580500
ybaY_predicted,0.16666666666666666,12,11,TCATTTGTCTCTAACCTTAC,1,4598002
ybaY_predicted,1.9166666666666667,33,11,TCAGTTCGTATAAGACTAAT,22,4585054
ybaY_predicted,2.25,37,11,TCACTGGTCCTCTGTTACGT,26,4595043
ybaY_predicted,0.16666666666666666,12,11,TCACTGGCCTGTTGGCTCCT,1,4572772
ybaY_predicted,3.5,52,11,TCACCGAGTATTTATGACAA,41,4581181
ybaY_predicted,2.4166666666666665,39,11,TCAAGAGGCCTTACAAGTCG,28,4548105
ybaY_predicted,0.4166666666666667,15,11,TATTGCTAAGCTAGAACGAT,4,4597517
ybaY_predicted,1.0833333333333333,23,11,TATTGACAGGCTATGAGTAT,12,4583613
ybaY_predicted,2.0833333333333335,35,11,TATGTACCCAAGTTAGTACG,24,4592125
ybaY_predicted,6.75,91,11,TATGGATTCCCAAATCGCCG,80,4559595
ybaY_predicted,0.25,13,11,TATGACACACGTGAGGTGTC,2,4557475
ybaY_predicted,3.0,46,11,TATCGGGCATCCTGAGCAGC,35,4572496
ybaY_predicted,0.5,16,11,TAGGTTACTATCGTGTTCTC,5,4558264
ybaY_predicted,4.666666666666667,66,11,TAGGGGGTAATTCACCGTAC,55,4577328
ybaY_predicted,0.25,13,11,TAGCGGGACTTGAGTGCTAA,2,4580832
ybaY_predicted,4.75,67,11,TAGCGAGTCTGTTGTAAAGT,56,4562191
ybaY_predicted,3.5,52,11,TACGGCACGTAACTCTTACC,41,4599226
ybaY_predicted,1.6666666666666667,30,11,TACCGCAAAAGAAGGTGTAT,19,4587308
ybaY_predicted,4.0,58,11,TACCCGTGTTGTTACATAAC,47,4547187
ybaY_predicted,0.9166666666666666,21,11,TAACCAGGGACCCTAACAGG,10,4558091
ybaY_predicted,0.4166666666666667,15,11,TAACAAGGTACGGCCTCTTT,4,4550784
ybaY_predicted,1.5833333333333333,29,11,GTTGAACCGGCCCTGGCGAC,18,4581161
ybaY_predicted,0.75,19,11,GTTAGCCTACAGGCAGACAG,8,4560529
ybaY_predicted,0.16666666666666666,12,11,GTGGCTCTCGACAGCCTCGG,1,4562131
ybaY_predicted,1.0833333333333333,23,11,GTGGCGAGGCCAAAAGTAGT,12,4589442
ybaY_predicted,0.8333333333333334,20,11,GTGACGGCTGTGATGTGCCG,9,4573438
ybaY_predicted,4.666666666666667,66,11,GTCCTACACACAAGACCGTA,55,4567883
ybaY_predicted,0.3333333333333333,14,11,GTCATGCGTTGCTGCGGGGG,3,4579111
ybaY_predicted,2.1666666666666665,36,11,GTCAGCGCTGACGCGCCTTG,25,4576897
ybaY_predicted,0.25,13,11,GTCAAAACGAGGTTCTGAGT,2,4548074
ybaY_predicted,1.25,25,11,GTAGACACGACGGGCTGAGC,14,4597317
ybaY_predicted,0.16666666666666666,12,11,GGTTATCACCAGCATCCAAG,1,4591569
ybaY_predicted,2.5,40,11,GGTGGTAGTTAGACTTGGCT,29,4564321
ybaY_predicted,0.75,19,11,GGTCGCTGGGAATAGGAGGA,8,4551815
ybaY_predicted,1.8333333333333333,32,11,GGTCCCAAGTTGACCATAAC,21,4551089
ybaY_predicted,1.0,22,11,GGTCAACCTAGCGTCTGGGT,11,4600518
ybaY_predicted,0.5833333333333334,17,11,GGGCTTTGCACTCGAATTAC,6,4597707
ybaY_predicted,1.4166666666666667,27,11,GGGCTCGGTGCCCCCGCCGC,16,4562222
ybaY_predicted,1.5,28,11,GGGCCGTCAAGCCTCGGGAA,17,4588797
ybaY_predicted,2.1666666666666665,36,11,GGGATTAAAATCAGGGGCGC,25,4559401
ybaY_predicted,1.8333333333333333,32,11,GGCTTTGGATTTTAATAAGG,21,4593744
ybaY_predicted,1.5,28,11,GGCTAACTCATGGACCCCAG,17,4588505
ybaY_predicted,2.5833333333333335,41,11,GGCGGAATACTCCAAGTGTT,30,4582866
ybaY_predicted,1.9166666666666667,33,11,GGATAAGCCAAATATCAGAG,22,4577280
ybaY_predicted,0.5,16,11,GCTTACAGCCCTTATTATGT,5,4566043
ybaY_predicted,0.9166666666666666,21,11,GCTGTCTGGGGTGATTTATA,10,4578358
ybaY_predicted,0.5,16,11,GCTGCCCATACAGAATACAT,5,4578377
ybaY_predicted,2.5833333333333335,41,11,GCGCGCTATAGTATCTCGTG,30,4559068
ybaY_predicted,2.75,43,11,GCGAGATAGCCACTTCTGGG,32,4595169
ybaY_predicted,1.5833333333333333,29,11,GCGACCGTCTGATAAAGCGG,18,4598277
ybaY_predicted,4.25,61,11,GCGAACCATCAGGAGTTCCA,50,4551962
ybaY_predicted,1.5833333333333333,29,11,GCCTGCAAGTTTCCGAGAGG,18,4565220
ybaY_predicted,2.1666666666666665,36,11,GCCGCCCCGCGCGGGAACAA,25,4547070
ybaY_predicted,1.5,28,11,GCCGCACACAATATAGTCGG,17,4548353
ybaY_predicted,3.3333333333333335,50,11,GCCCTCGCTATCAGGTCAAA,39,4565175
ybaY_predicted,1.1666666666666667,24,11,GCCACGAGTCTTACAGTTTT,13,4551916
ybaY_predicted,0.16666666666666666,12,11,GCACATGAAAAAGTCGCCAC,1,4589093
ybaY_predicted,2.5,40,11,GCAATTGATTGGGAACGCGG,29,4585730
ybaY_predicted,1.0833333333333333,23,11,GCAATGGTAATACTGAACCC,12,4547512
ybaY_predicted,0.16666666666666666,12,11,GCAAGCGATGCTTATATCTC,1,4571855
ybaY_predicted,0.16666666666666666,12,11,GATGACCATTTGACCTTAAG,1,4572997
ybaY_predicted,1.25,25,11,GATAAGTGCACAGCTGGTGC,14,4546327
ybaY_predicted,0.25,13,11,GAGTTGGATCCGGTCGATAT,2,4578569
ybaY_predicted,1.5,28,11,GAGCGTGATACGACATTCGC,17,4563505
ybaY_predicted,0.16666666666666666,12,11,GAGATCCCGAGTTCCCTGTC,1,4566369
ybaY_predicted,1.8333333333333333,32,11,GAGAGGATCAAATTAAAGGG,21,4574323
ybaY_predicted,0.75,19,11,GAGACGCTAGTGGAAAGAGC,8,4599222
ybaY_predicted,1.9166666666666667,33,11,GACTTAACAGATCGCCACCT,22,4567758
ybaY_predicted,1.1666666666666667,24,11,GACTACTCATTCACTATGAA,13,4595199
ybaY_predicted,0.16666666666666666,12,11,GACGTTCAAGTAGTGTCGAG,1,4564147
ybaY_predicted,0.16666666666666666,12,11,GACCTACTGGTATCGTGAGG,1,4567211
ybaY_predicted,1.0833333333333333,23,11,GAACAGCTGGAAGGCAAGAC,12,4570749
ybaY_predicted,2.0833333333333335,35,11,GAAAAGAATCGAGTTGGGCT,24,4550151
ybaY_predicted,3.0,46,11,CTTATTATAGCTTCGGCGTA,35,4593528
ybaY_predicted,0.4166666666666667,15,11,CTTACACCGCACCGTAGGGG,4,4581085
ybaY_predicted,3.9166666666666665,57,11,CTGTTGGCGTGACCGAACAA,46,4586969
ybaY_predicted,0.16666666666666666,12,11,CTGGTTATTTGGTTCCCTGG,1,4586543
ybaY_predicted,1.25,25,11,CTGAGGTGATTGGTACCGTC,14,4574569
ybaY_predicted,1.9166666666666667,33,11,CTCTAACCGAGGCCGTTAGG,22,4570906
ybaY_predicted,1.4166666666666667,27,11,CTCACTCCATATTCCGTGAC,16,4563033
ybaY_predicted,1.5833333333333333,29,11,CTATTTCTAAAATAATCATG,18,4566749
ybaY_predicted,2.9166666666666665,45,11,CTATCATTCCGGCTAGAACC,34,4546747
ybaY_predicted,4.75,67,11,CGTTTCTTGTCTCTATTTTT,56,4597116
ybaY_predicted,0.9166666666666666,21,11,CGTTGGATTCACGGCGGAAC,10,4546975
ybaY_predicted,1.8333333333333333,32,11,CGTTCGGGGGGTCTGTCCAA,21,4578897
ybaY_predicted,2.6666666666666665,42,11,CGTGAGCCGGACGACAAATA,31,4597705
ybaY_predicted,1.8333333333333333,32,11,CGTCGATTCACAGTCCGGCT,21,4565686
ybaY_predicted,2.0,34,11,CGTATTGGTGGGTTCCGCCA,23,4597688
ybaY_predicted,0.3333333333333333,14,11,CGTACGGGGCAATAGAACGG,3,4568793
ybaY_predicted,0.16666666666666666,12,11,CGTAAGAACAACTCAGGTAT,1,4563653
ybaY_predicted,2.9166666666666665,45,11,CGGGTCATTATTTTTGCTGG,34,4572607
ybaY_predicted,5.333333333333333,74,11,CGGGATAACTTGTCCTTACT,63,4586284
ybaY_predicted,1.5,28,11,CGGGACCGTCGTACGACAGC,17,4583015
ybaY_predicted,3.0,46,11,CGGCTTCACTCGGAGGTCAT,35,4559350
ybaY_predicted,2.9166666666666665,45,11,CGGCCTAAGTGTGATCCCAT,34,4556520
ybaY_predicted,2.8333333333333335,44,11,CGGCAGAAGTTTCGTTAAAA,33,4589945
ybaY_predicted,1.0,22,11,CGGACTCTTGCACTTTCGCC,11,4593170
ybaY_predicted,0.16666666666666666,12,11,CGGAATGCGCAGCTTTCTAG,1,4571521
ybaY_predicted,1.6666666666666667,30,11,CGCGTGGCGGGTGTCGTTGA,19,4596311
ybaY_predicted,0.3333333333333333,14,11,CGCATCCCCAATTACCGTGA,3,4546661
ybaY_predicted,1.75,31,11,CGCATAATTGCTCACTCACA,20,4572540
ybaY_predicted,5.833333333333333,80,11,CGCACTTGTTTTATAGTGCT,69,4560054
ybaY_predicted,3.3333333333333335,50,11,CGATTAGGCTCAAGCAACTT,39,4594917
ybaY_predicted,1.6666666666666667,30,11,CGAGTGCAACTCATTCCGGG,19,4580701
ybaY_predicted,0.16666666666666666,12,11,CGAGGCGCGCATGATACCCT,1,4564654
ybaY_predicted,1.4166666666666667,27,11,CCTTCAGATGTGGAAACGGA,16,4561574
ybaY_predicted,0.3333333333333333,14,11,CCTGCATATCGTCTGTCTAG,3,4545582
ybaY_predicted,2.4166666666666665,39,11,CCTCGGCAGTCGGTTTGGAA,28,4557574
ybaY_predicted,0.3333333333333333,14,11,CCTCGACTGGGACGGGGTTC,3,4547235
ybaY_predicted,2.8333333333333335,44,11,CCTCCCCACTTTCCGACTAG,33,4582069
ybaY_predicted,0.16666666666666666,12,11,CCTCATTAGAATTTTATCCT,1,4584203
ybaY_predicted,0.16666666666666666,12,11,CCTACTTTGACTCCTTCTAT,1,4590042
ybaY_predicted,6.166666666666667,84,11,CCGGTACTACCTACTTGACG,73,4591631
ybaY_predicted,0.16666666666666666,12,11,CCGGCGCAAATAGCCAACTC,1,4558984
ybaY_predicted,3.8333333333333335,56,11,CCGCTCTCACATGGGGCCTG,45,4544459
ybaY_predicted,2.1666666666666665,36,11,CCGATACACTCCGTGTTTGG,25,4572821
ybaY_predicted,1.9166666666666667,33,11,CCGAGTCATCAGGGGGCATA,22,4557993
ybaY_predicted,2.5,40,11,CCGAGGTAGGGCCAAGATAC,29,4589886
ybaY_predicted,2.0833333333333335,35,11,CCGACCCCCTACTATTATGG,24,4578687
ybaY_predicted,1.4166666666666667,27,11,CCGAACTTCATTACGGACAT,16,4576337
ybaY_predicted,1.5,28,11,CCCTTTGATCCAAGTCCACT,17,4552713
ybaY_predicted,1.6666666666666667,30,11,CCCTGAGGCAAGTACAGCGG,19,4597457
ybaY_predicted,1.3333333333333333,26,11,CCCGGGTGGTTGTAGGCTCT,15,4572746
ybaY_predicted,0.5833333333333334,17,11,CCCCAGTGGGCAAGGTATGT,6,4568264
ybaY_predicted,3.4166666666666665,51,11,CCATTTGTCTAATACTATGC,40,4548528
ybaY_predicted,0.4166666666666667,15,11,CCATCGAAACCATTTCATAG,4,4578806
ybaY_predicted,0.5833333333333334,17,11,CCATCATGTGTCTGTAAACC,6,4600568
ybaY_predicted,0.3333333333333333,14,11,CCAGGAGTGTACTAGGTAAC,3,4588262
ybaY_predicted,3.75,55,11,CCAGCACTTGTAACTATGTC,44,4558757
ybaY_predicted,2.5833333333333335,41,11,CCAGACATTGAGAGGATACG,30,4586912
ybaY_predicted,2.1666666666666665,36,11,CCACGCAGTATCCCTAGGAT,25,4578549
ybaY_predicted,7.0,94,11,CCACCTAAGATGCCGCACTT,83,4594021
ybaY_predicted,1.1666666666666667,24,11,CCACAAGAGTAATGGAACCC,13,4551189
ybaY_predicted,0.25,13,11,CCAACGTTCAGCTGCTTTAT,2,4579446
ybaY_predicted,2.1666666666666665,36,11,CCAAACCGCGGCCGGTACTC,25,4549677
ybaY_predicted,0.16666666666666666,12,11,CCAAAACGTCACATTCCTCA,1,4550938
ybaY_predicted,1.5833333333333333,29,11,CATTGCAGAATGGGTAAGCG,18,4568384
ybaY_predicted,0.3333333333333333,14,11,CATCTACCCCTGCTCCACAG,3,4564715
ybaY_predicted,0.8333333333333334,20,11,CATCGCCGGCGACTACGGAC,9,4592060
ybaY_predicted,2.8333333333333335,44,11,CAGGTTCCCTCTAACTGAGT,33,4575531
ybaY_predicted,1.0,22,11,CAGGTGCGACTCGCCAGTCA,11,4563551
ybaY_predicted,0.16666666666666666,12,11,CAGGTAAAATTCTCTGACAT,1,4556797
ybaY_predicted,0.75,19,11,CAGGGTTATCTGGAGCTGAC,8,4581458
ybaY_predicted,2.75,43,11,CAGGAATTTGGCTTGCGGCG,32,4570375
ybaY_predicted,4.166666666666667,60,11,CAGCTGAATTCTGTTTCGTT,49,4583916
ybaY_predicted,0.16666666666666666,12,11,CAGAACATTTATGACGCTCT,1,4560214
ybaY_predicted,2.4166666666666665,39,11,CACTTCAGGCTTCCGAACAT,28,4544380
ybaY_predicted,1.25,25,11,CACGAGGCGACCACTGAGAA,14,4600222
ybaY_predicted,1.5,28,11,CACAATGAAGTCGAAAGTCT,17,4556829
ybaY_predicted,1.8333333333333333,32,11,CAATTCTTCGCGGTTAGCAA,21,4556169
ybaY_predicted,0.16666666666666666,12,11,CAATCTTCGTTGGTTCGTCC,1,4594617
ybaY_predicted,1.5,28,11,CAACCCAAATATGTGTTAAT,17,4595176
ybaY_predicted,0.8333333333333334,20,11,ATTTAGGGAGGGGCACGGGA,9,4565630
ybaY_predicted,0.3333333333333333,14,11,ATTGGGCGAGCATATGGATA,3,4599859
ybaY_predicted,1.8333333333333333,32,11,ATTGCACATTTCCGTCGTGT,21,4570820
ybaY_predicted,2.4166666666666665,39,11,ATTCTGCATAACAAGATTTA,28,4548763
ybaY_predicted,2.75,43,11,ATTCGCGGATATAGTGTGAT,32,4547646
ybaY_predicted,0.9166666666666666,21,11,ATGCTCCGGCTTTTTATCAT,10,4592615
ybaY_predicted,0.16666666666666666,12,11,ATGCCACTCCTCGGATTTCG,1,4552510
ybaY_predicted,1.1666666666666667,24,11,ATCTTTGGCAACGATCGAGC,13,4561099
ybaY_predicted,1.3333333333333333,26,11,ATCTGGTGGTACTGGCTATC,15,4583208
ybaY_predicted,1.25,25,11,ATCGCGAGTCTGTGCGGAAT,14,4547915
ybaY_predicted,0.8333333333333334,20,11,ATCCTACGGAACCACCTCAT,9,4578600
ybaY_predicted,2.0833333333333335,35,11,ATCCGCGGCACTTGGCGAGA,24,4550295
ybaY_predicted,1.0,22,11,ATCCCAATGGGTGGCTCTCT,11,4569332
ybaY_predicted,1.0833333333333333,23,11,ATATCCCCCAGTGCAGAATG,12,4568158
ybaY_predicted,1.8333333333333333,32,11,ATAGGGCCGGATTCGCTCCA,21,4569150
ybaY_predicted,2.1666666666666665,36,11,ATACGTCTCTATGGCAGAAA,25,4572279
ybaY_predicted,0.16666666666666666,12,11,ATAACGCCTCTTACTCATCA,1,4590809
ybaY_predicted,1.3333333333333333,26,11,ATAAAAGATAATATCTCGGT,15,4562408
ybaY_predicted,3.75,55,11,AGTGGGGGGTTATATCACGC,44,4563173
ybaY_predicted,1.3333333333333333,26,11,AGTGGGAGGTGAACAATTCA,15,4585089
ybaY_predicted,1.8333333333333333,32,11,AGTCCGCACGGTCATGCGAA,21,4556274
ybaY_predicted,2.9166666666666665,45,11,AGTCAACAGGTCAGGCCTCA,34,4562024
ybaY_predicted,1.4166666666666667,27,11,AGTATAGGACCAATCCGTCA,16,4594281
ybaY_predicted,1.1666666666666667,24,11,AGTAGATTCTGTCTAAACTT,13,4591684
ybaY_predicted,2.0,34,11,AGTACAACGAAAATAAATTA,23,4596672
ybaY_predicted,1.0833333333333333,23,11,AGTAAAGTGCTGTGACCCGA,12,4598957
ybaY_predicted,19.833333333333332,248,11,AGGTATCCCAAAGGATCCGT,237,4595632
ybaY_predicted,5.083333333333333,71,11,AGGGTACCGTTATAAGATCA,60,4596699
ybaY_predicted,0.16666666666666666,12,11,AGGGTACATTTGGGCCGGTG,1,4574775
ybaY_predicted,0.25,13,11,AGGCCCGTCAACACTTCGCT,2,4583869
ybaY_predicted,5.666666666666667,78,11,AGGAGGGAATGTTACCAAAT,67,4591208
ybaY_predicted,2.6666666666666665,42,11,AGCTCTTTTAATGTATGGCT,31,4572650
ybaY_predicted,0.16666666666666666,12,11,AGCTCCGTTTCCGAGCGAAG,1,4581496
ybaY_predicted,1.8333333333333333,32,11,AGCCGCCTACGTGATTCCTG,21,4588716
ybaY_predicted,14.416666666666666,183,11,AGCCGAGGGAGCTGTGAAAA,172,4545248
ybaY_predicted,0.16666666666666666,12,11,AGATGAACATGTATCGACGC,1,4599094
ybaY_predicted,3.4166666666666665,51,11,AGATACTCGCAAGTAACGAG,40,4570963
ybaY_predicted,1.9166666666666667,33,11,AGAGTTTCTTATGCCCTCCC,22,4583264
ybaY_predicted,1.25,25,11,AGACATATCTTCTGCATAAT,14,4570558
ybaY_predicted,1.5833333333333333,29,11,AGACACTCTCTACTGCCAAA,18,4559886
ybaY_predicted,1.5,28,11,ACTTTGATGATTAGGGAACT,17,4567932
ybaY_predicted,0.9166666666666666,21,11,ACTTCAAGTAAGCACATTAA,10,4550210
ybaY_predicted,0.16666666666666666,12,11,ACTTACGACGACGACGTGGC,1,4554529
ybaY_predicted,0.16666666666666666,12,11,ACTGGGATTTAAGGCTGGAC,1,4595884
ybaY_predicted,0.9166666666666666,21,11,ACTCTGGAAGTTCGTGGTAA,10,4581891
ybaY_predicted,1.5833333333333333,29,11,ACTATGTATCCCGTAATCCT,18,4564309
ybaY_predicted,1.25,25,11,ACTAGCATTCGGAAGCGTTG,14,4585795
ybaY_predicted,0.6666666666666666,18,11,ACGTAAAGAGTTTTGTGTCC,7,4550986
ybaY_predicted,1.0833333333333333,23,11,ACGCGCACATCTCTAGTAAG,12,4563780
ybaY_predicted,2.0,34,11,ACGCCTCAGATATGTTCTGA,23,4556940
ybaY_predicted,0.3333333333333333,14,11,ACGAGGGTAAAAGTAATGTG,3,4579986
ybaY_predicted,2.75,43,11,ACGAGCGTGGTGAGACGGAC,32,4591425
ybaY_predicted,0.25,13,11,ACGAGAAGTGGTTTCATAAA,2,4597763
ybaY_predicted,1.75,31,11,ACGACTCTCCTCAGATGGGC,20,4557800
ybaY_predicted,0.16666666666666666,12,11,ACCTTCCTCATTATAAGTTT,1,4562673
ybaY_predicted,4.5,64,11,ACCTGTTGGGTAAAGCTAAG,53,4561514
ybaY_predicted,0.6666666666666666,18,11,ACCCTGGCCATTACCGTTAC,7,4567309
ybaY_predicted,0.16666666666666666,12,11,ACCAGCTCGGAGCGCCACTC,1,4568112
ybaY_predicted,3.0833333333333335,47,11,ACACTCGCCGGACTCTCCAC,36,4562199
ybaY_predicted,1.1666666666666667,24,11,ACACGCAGGCCGGTGATTGC,13,4577788
ybaY_predicted,1.1666666666666667,24,11,ACAACATTAAAGAGATCTTA,13,4577292
ybaY_predicted,5.416666666666667,75,11,AATTCGCCGTAAGTGATCCC,64,4552961
ybaY_predicted,2.6666666666666665,42,11,AATGAAAAGTCTCAACATAT,31,4566110
ybaY_predicted,1.9166666666666667,33,11,AATCTTTGAGATTGATTGCC,22,4562938
ybaY_predicted,4.083333333333333,59,11,AATCAGAAATTAGGGCTATG,48,4559342
ybaY_predicted,0.3333333333333333,14,11,AAGTAGATCCGTCCCTCTTG,3,4575430
ybaY_predicted,0.4166666666666667,15,11,AAGCGCCGTGATGACTCGTT,4,4586995
ybaY_predicted,2.3333333333333335,38,11,AACGGGATCGTAGTGCCGGG,27,4556453
ybaY_predicted,0.25,13,11,AAATGAGGAGGACATAGTAG,2,4558568
ybaY_predicted,2.5,40,11,AAATAAGAGACTCACGGCGA,29,4597518
ybaY_predicted,0.16666666666666666,12,11,AAACTGCCGGACTCAATCTG,1,4569408
ybaY_predicted,0.9166666666666666,21,11,AAACAGATGATTGGACTGGG,10,4584532
ybaY_predicted,0.9166666666666666,21,11,AAAATGAAAAGATCTCATGA,10,4571625
ybaY_predicted,6.909090909090909,85,10,TTTCGGGTGTGGTCCATGTT,75,4594683
ybaY_predicted,0.18181818181818182,11,10,TTTCGCGAAAGTTGGCGATC,1,4585824
ybaY_predicted,3.272727272727273,45,10,TTTAGACCCTACAACAAGGA,35,4579891
ybaY_predicted,0.18181818181818182,11,10,TTGTTCTTTTTGGTGGAGAG,1,4570247
ybaY_predicted,1.9090909090909092,30,10,TTGTATTGAGAATGCTAGCT,20,4574862
ybaY_predicted,4.2727272727272725,56,10,TTGGGACCTGCTATCTCCCG,46,4586101
ybaY_predicted,2.090909090909091,32,10,TTGGACTTCTAAACCAGCTC,22,4597313
ybaY_predicted,1.7272727272727273,28,10,TTGAGCAAGTGCTGCGGCCA,18,4562816
ybaY_predicted,0.18181818181818182,11,10,TTCTTCATGTGGATGGGCGG,1,4565358
ybaY_predicted,0.18181818181818182,11,10,TTCTACCGGAGTAACTATTT,1,4583942
ybaY_predicted,4.090909090909091,54,10,TTCGTAGAGCAGTGGTACTG,44,4544955
ybaY_predicted,1.1818181818181819,22,10,TTACTACGATGCATGTCTAT,12,4595733
ybaY_predicted,0.18181818181818182,11,10,TTACCCTATGGCGAAACTCT,1,4546662
ybaY_predicted,3.8181818181818183,51,10,TGTTCAAGTTTGTAAGTTTT,41,4550551
ybaY_predicted,10.545454545454545,125,10,TGTTACGTTTAGGACAGTTC,115,4561734
ybaY_predicted,0.6363636363636364,16,10,TGTATTGAGGGCATAGGTCT,6,4598015
ybaY_predicted,2.1818181818181817,33,10,TGGGAGTCGAACCCTCAAAC,23,4592123
ybaY_predicted,0.5454545454545454,15,10,TGGCCGCTTACAGCAGTAAT,5,4560466
ybaY_predicted,0.18181818181818182,11,10,TGCTGACTCTTGGGTATCCA,1,4598654
ybaY_predicted,0.18181818181818182,11,10,TGCTACAGCGCTGATCTGAT,1,4589704
ybaY_predicted,0.9090909090909091,19,10,TGCGCCATCGAGGGTGATCA,9,4592965
ybaY_predicted,0.9090909090909091,19,10,TGCGAGTTTTTGCCTCGAGC,9,4577034
ybaY_predicted,4.2727272727272725,56,10,TGCATTATCGCATAGTGCAT,46,4586913
ybaY_predicted,0.45454545454545453,14,10,TGCATGGGAACCCAGCAAGT,4,4570738
ybaY_predicted,0.6363636363636364,16,10,TGAAGTCGAACGGCCTCCTA,6,4559891
ybaY_predicted,0.18181818181818182,11,10,TCTTCTCGGTGGACCTGTGA,1,4587646
ybaY_predicted,0.5454545454545454,15,10,TCTAAACCGGAAGCTATCGT,5,4582808
ybaY_predicted,1.4545454545454546,25,10,TCGTTCATACATGGTTTCCA,15,4562122
ybaY_predicted,1.8181818181818181,29,10,TCGGTAGAACGGGATCTGGA,19,4584800
ybaY_predicted,0.5454545454545454,15,10,TCGCGTATGGGAGGGGCGGC,5,4576443
ybaY_predicted,0.18181818181818182,11,10,TCGCCACAGGATATTACATT,1,4582525
ybaY_predicted,1.4545454545454546,25,10,TCGACGGTTAACATGTTGCT,15,4566695
ybaY_predicted,1.0909090909090908,21,10,TCCGCAAATGGTACCAGTAC,11,4600016
ybaY_predicted,3.0,42,10,TCCCCTTTGTGTCCGATTTG,32,4600085
ybaY_predicted,1.5454545454545454,26,10,TCCATGCAATGAGCCACCAG,16,4568001
ybaY_predicted,2.090909090909091,32,10,TCATTCAATATGAGCGAAAG,22,4585648
ybaY_predicted,0.36363636363636365,13,10,TCATGGGCCAAGTAAATTTG,3,4550453
ybaY_predicted,8.454545454545455,102,10,TCATCGTATTCGCGTGCCCC,92,4551497
ybaY_predicted,2.0,31,10,TCATCGAGCGGTTTTACACG,21,4579442
ybaY_predicted,0.18181818181818182,11,10,TCATACTAACCTGGACGGTG,1,4545311
ybaY_predicted,2.5454545454545454,37,10,TCAGCAGGAAACCGCTCTGG,27,4562542
ybaY_predicted,2.5454545454545454,37,10,TCAAGTTGAGTCCGTATATA,27,4586489
ybaY_predicted,0.5454545454545454,15,10,TATTGAGTTTGCCTAGTCAC,5,4592700
ybaY_predicted,0.2727272727272727,12,10,TATTACTCAGAATCAGGATT,2,4550631
ybaY_predicted,3.3636363636363638,46,10,TATGGTAGCGCTCAGGAGCA,36,4594922
ybaY_predicted,0.7272727272727273,17,10,TATAGCACATCGGTGTATAT,7,4566751
ybaY_predicted,0.18181818181818182,11,10,TAGGCGTCGTGGAATTGCGT,1,4570865
ybaY_predicted,1.5454545454545454,26,10,TAGCCAAAGTCTACCAACGT,16,4577615
ybaY_predicted,1.5454545454545454,26,10,TAGACCGGCGCTCAAGGCAC,16,4566499
ybaY_predicted,1.0909090909090908,21,10,TAGAATTTTGCTCGCTGTGC,11,4596611
ybaY_predicted,1.3636363636363635,24,10,TACTGTCGCAAGTAACACAC,14,4549950
ybaY_predicted,2.090909090909091,32,10,TACCCAAAATTGTCCGGTTT,22,4581306
ybaY_predicted,5.2727272727272725,67,10,TAATCTGCAATCCGAGGATG,57,4556293
ybaY_predicted,1.9090909090909092,30,10,TAATACATCGTAGGCAGGAG,20,4552149
ybaY_predicted,2.3636363636363638,35,10,TAAGTATGTTTCTGTCCAGA,25,4578927
ybaY_predicted,3.3636363636363638,46,10,GTTTGCGGATATCAACGGGG,36,4553062
ybaY_predicted,0.18181818181818182,11,10,GTTGACCGGGGGGTATTGGA,1,4549072
ybaY_predicted,1.7272727272727273,28,10,GTTCCCCCTCCCTGGCTAAC,18,4556059
ybaY_predicted,1.8181818181818181,29,10,GTTATTGGATCATGGAGTGA,19,4589817
ybaY_predicted,7.545454545454546,92,10,GTTATACCGCTTGTGCGGGC,82,4562180
ybaY_predicted,2.909090909090909,41,10,GTTAAGGTCCGAAGAGAGAA,31,4592881
ybaY_predicted,0.18181818181818182,11,10,GTGTGGATTCATCCTTGTTG,1,4579475
ybaY_predicted,0.18181818181818182,11,10,GTGCCCGGGAGTCTCCGTGT,1,4548262
ybaY_predicted,0.45454545454545453,14,10,GTCTCAGACGGGCTGTGCGT,4,4549849
ybaY_predicted,0.8181818181818182,18,10,GTCGGGTAAGGAGAGATAGG,8,4558691
ybaY_predicted,2.1818181818181817,33,10,GTCGGGAGGCGGATATGGCG,23,4547567
ybaY_predicted,0.45454545454545453,14,10,GTCGATAGCTTGAGGTCGTT,4,4599407
ybaY_predicted,0.18181818181818182,11,10,GTCCTGTGCGGATTAATTTC,1,4546969
ybaY_predicted,0.36363636363636365,13,10,GTCCCAGCACCACAATCGTC,3,4588684
ybaY_predicted,1.7272727272727273,28,10,GTCCCAAAGAACAAGACAGA,18,4580617
ybaY_predicted,4.636363636363637,60,10,GTCCAACCCGCACGTCGTTA,50,4580166
ybaY_predicted,3.727272727272727,50,10,GTATAGGGTGTAAGATGTGA,40,4576343
ybaY_predicted,0.18181818181818182,11,10,GTAAGTTCTTGCCACATGGT,1,4575270
ybaY_predicted,4.909090909090909,63,10,GGTGACAGAGTATTTAACGA,53,4571277
ybaY_predicted,0.18181818181818182,11,10,GGTAGGGATTTGTTTCGAAT,1,4551021
ybaY_predicted,1.9090909090909092,30,10,GGGGCACGGAGCTTTGTCCT,20,4568202
ybaY_predicted,0.7272727272727273,17,10,GGGCATTTCGAGGACAGTCT,7,4584375
ybaY_predicted,2.090909090909091,32,10,GGGAGTACGGACTCAAATCA,22,4559536
ybaY_predicted,2.4545454545454546,36,10,GGCTTTTAGGAATGCTGCTT,26,4580993
ybaY_predicted,2.909090909090909,41,10,GGCTTTACTTCTTGTCGTGG,31,4553432
ybaY_predicted,1.4545454545454546,25,10,GGCGTCCTGCTATCCATCCC,15,4570117
ybaY_predicted,1.2727272727272727,23,10,GGCGTAACCACCAGAGCACG,13,4556026
ybaY_predicted,1.6363636363636365,27,10,GGCCTTGCTGCTTTCGTCCA,17,4570979
ybaY_predicted,4.7272727272727275,61,10,GGCCTGCGAAGACGGCCTAA,51,4577024
ybaY_predicted,1.3636363636363635,24,10,GGCCGAGCGTTACGATGACG,14,4547820
ybaY_predicted,0.18181818181818182,11,10,GGCATCGTATCGCCTGTCTG,1,4581650
ybaY_predicted,0.6363636363636364,16,10,GGATTATTGCTTGTAAATGA,6,4597105
ybaY_predicted,2.272727272727273,34,10,GGAGTGGGTGCGTAAGGCAA,24,4559554
ybaY_predicted,0.8181818181818182,18,10,GGACTGAATATAAGGTGGTA,8,4569235
ybaY_predicted,0.18181818181818182,11,10,GGAAGGAGATGTCGTGGAGT,1,4556644
ybaY_predicted,1.0,20,10,GCTGATTCCGCGGGTTCAGT,10,4551453
ybaY_predicted,1.7272727272727273,28,10,GCTCTCGGATTATTTCGTTC,18,4571437
ybaY_predicted,0.6363636363636364,16,10,GCTCCGACTAATTTGAGATA,6,4590858
ybaY_predicted,0.7272727272727273,17,10,GCTCCAGACTCAATTATGGA,7,4593119
ybaY_predicted,3.3636363636363638,46,10,GCGTGACTTGTCCTTCGCAT,36,4578061
ybaY_predicted,2.727272727272727,39,10,GCGGTTCTCTGAGCTATCTC,29,4556454
ybaY_predicted,4.090909090909091,54,10,GCGGGGTTAACACGAGCCCT,44,4545871
ybaY_predicted,4.7272727272727275,61,10,GCGCAGACAGTCGCATCTTC,51,4561700
ybaY_predicted,1.0,20,10,GCATGGACGTCCCTCCGCAT,10,4581845
ybaY_predicted,2.3636363636363638,35,10,GCAGCGATAGGCCCAGCGCA,25,4549695
ybaY_predicted,5.7272727272727275,72,10,GCAGAACCCGTAGGCGGCCC,62,4564085
ybaY_predicted,2.909090909090909,41,10,GCACCGTGTTGTATAAGGAC,31,4545479
ybaY_predicted,0.2727272727272727,12,10,GCAAACTCACCTCATCATTC,2,4579104
ybaY_predicted,1.8181818181818181,29,10,GATTTGTCCAGTGTGAGCGT,19,4587306
ybaY_predicted,0.36363636363636365,13,10,GATTGAGTTCCCCAAAGCCG,3,4592803
ybaY_predicted,4.7272727272727275,61,10,GATTCCTCGGCGCGGGTACG,51,4562521
ybaY_predicted,1.2727272727272727,23,10,GATGCCCACTTACCTGCTAT,13,4566580
ybaY_predicted,0.36363636363636365,13,10,GATAGTTTAGCCTAAGAAGG,3,4576020
ybaY_predicted,1.4545454545454546,25,10,GAGGGCAGGAGATGGTTTAG,15,4561642
ybaY_predicted,0.9090909090909091,19,10,GAGCGTACCAGTTATTTTCT,9,4563991
ybaY_predicted,2.727272727272727,39,10,GAGCCCGCAGGCCCCGAAAC,29,4579456
ybaY_predicted,2.909090909090909,41,10,GAGAGTTCACTGCTGGGCAT,31,4551491
ybaY_predicted,1.3636363636363635,24,10,GACCGAACGCAACATTACTC,14,4553476
ybaY_predicted,0.18181818181818182,11,10,GACCAGACACCCCCGAGAAT,1,4580771
ybaY_predicted,3.0,42,10,GACATGATTGAGCAGTTTTT,32,4597762
ybaY_predicted,0.45454545454545453,14,10,GAATCATTGTCCAACAGCGT,4,4574972
ybaY_predicted,3.4545454545454546,47,10,GAAGGGTTAGTTACCTTATA,37,4567316
ybaY_predicted,1.0909090909090908,21,10,GAAGAGAGACAGGAGGTGCA,11,4585323
ybaY_predicted,0.18181818181818182,11,10,GAACGCCTCCTAGTATCACT,1,4587883
ybaY_predicted,2.5454545454545454,37,10,GAACCAGAATGACGAGCCCC,27,4552164
ybaY_predicted,7.818181818181818,95,10,GAACATAGCCCATAGGACTT,85,4595080
ybaY_predicted,0.8181818181818182,18,10,GAACAATTACGAAACCCAAC,8,4560813
ybaY_predicted,8.818181818181818,106,10,GAAATGAACTACAGGTTCTC,96,4547578
ybaY_predicted,3.090909090909091,43,10,GAAAACATCAGGCTCGCCCC,33,4569376
ybaY_predicted,2.727272727272727,39,10,CTTGGTAGTGAAAGTGCGTC,29,4562888
ybaY_predicted,4.090909090909091,54,10,CTTGCTACACGCAGGCGGGA,44,4547239
ybaY_predicted,2.1818181818181817,33,10,CTGTACTCAAAACCGTGTCT,23,4596391
ybaY_predicted,0.18181818181818182,11,10,CTGTACATGTAGGGGCAATG,1,4565354
ybaY_predicted,4.818181818181818,62,10,CTGGTCACATGCAGACGTCA,52,4565210
ybaY_predicted,3.1818181818181817,44,10,CTCTTCCGTGGAGGGCACTC,34,4587021
ybaY_predicted,6.545454545454546,81,10,CTCTCGTCTTTCTATTAACT,71,4554684
ybaY_predicted,0.36363636363636365,13,10,CTCTCCAGCAAAGTTATTTT,3,4549285
ybaY_predicted,1.2727272727272727,23,10,CTCGTCTGCACATGCCCAGG,13,4565952
ybaY_predicted,1.6363636363636365,27,10,CTCGCCTAATTAATACCCAT,17,4580829
ybaY_predicted,0.18181818181818182,11,10,CTCCCGTCAGATTTCTGTCT,1,4580118
ybaY_predicted,1.2727272727272727,23,10,CTCATATAAGAAAATTAGGT,13,4578152
ybaY_predicted,2.272727272727273,34,10,CTCAGACAGAGTGCGGCGAG,24,4577754
ybaY_predicted,0.9090909090909091,19,10,CTATGGACAGGCTGCGTGAG,9,4551928
ybaY_predicted,1.2727272727272727,23,10,CTATGCCCTCAGGTCCACAC,13,4575282
ybaY_predicted,0.18181818181818182,11,10,CTATCCGGCCGTATGGGCAT,1,4568451
ybaY_predicted,3.272727272727273,45,10,CTAGCTCGATCCGCTACCAC,35,4562775
ybaY_predicted,0.45454545454545453,14,10,CTACATCGATCTTCCCGGCA,4,4550613
ybaY_predicted,1.6363636363636365,27,10,CTAAGAGAAGGTTTGAACCT,17,4600185
ybaY_predicted,1.5454545454545454,26,10,CTAAATCTTGATCTGATCAT,16,4549837
ybaY_predicted,0.6363636363636364,16,10,CGTGGTAGGAAGAATTCCCT,6,4591624
ybaY_predicted,2.090909090909091,32,10,CGTGAAAACCCAGGTCCCGT,22,4561653
ybaY_predicted,2.090909090909091,32,10,CGTACGCGCTGCAAGTATTA,22,4575222
ybaY_predicted,0.18181818181818182,11,10,CGGTAGATCTAATTGCTAGT,1,4558904
ybaY_predicted,0.2727272727272727,12,10,CGGGCATGGTTAGGGTTCGC,2,4575705
ybaY_predicted,0.18181818181818182,11,10,CGGACATTTACAGGAAGTGA,1,4578943
ybaY_predicted,1.7272727272727273,28,10,CGCTCCCAATGTAGATTTTT,18,4598589
ybaY_predicted,0.2727272727272727,12,10,CGCTCATCAGTTCCGATTGA,2,4559880
ybaY_predicted,0.18181818181818182,11,10,CGCCGGCACGCGTTAGAGGC,1,4561459
ybaY_predicted,1.9090909090909092,30,10,CGCCCTTCAGCACCTAAGAC,20,4579018
ybaY_predicted,0.7272727272727273,17,10,CGATTTAGTATTCTGAATGA,7,4579030
ybaY_predicted,1.7272727272727273,28,10,CGAGTGTGACTGAACTAATG,18,4598278
ybaY_predicted,1.6363636363636365,27,10,CGAGGGGCATTAGGGCGGGG,17,4553821
ybaY_predicted,3.1818181818181817,44,10,CGAGCGTCAATGATTATAAA,34,4572914
ybaY_predicted,2.3636363636363638,35,10,CGAATATGTATATCGTAGGC,25,4558694
ybaY_predicted,0.18181818181818182,11,10,CCTGTACCTGAGTAACAAAC,1,4580857
ybaY_predicted,0.18181818181818182,11,10,CCTGATTAATCCATTAGAGA,1,4573271
ybaY_predicted,1.3636363636363635,24,10,CCTACGGCCGTCATCGGAGA,14,4594161
ybaY_predicted,5.7272727272727275,72,10,CCGCTCATACCACGTCATTA,62,4548767
ybaY_predicted,2.272727272727273,34,10,CCGCGTACCGCCTTCATCGT,24,4585094
ybaY_predicted,0.2727272727272727,12,10,CCGCCGACCTGGGCAAGAAT,2,4588680
ybaY_predicted,0.45454545454545453,14,10,CCGCAAGGTGAGAGTGGCTA,4,4590169
ybaY_predicted,0.18181818181818182,11,10,CCGAGCTAATTGGTCCTGAG,1,4582015
ybaY_predicted,1.8181818181818181,29,10,CCCTGGCGTTTTACCAACGC,19,4548658
ybaY_predicted,0.2727272727272727,12,10,CCCGTTACCATCTTTAGTAC,2,4576408
ybaY_predicted,2.909090909090909,41,10,CCCGTAGGGGTTGGCAACCT,31,4559838
ybaY_predicted,2.5454545454545454,37,10,CCCAGTTTCACGGGTCTTGT,27,4555335
ybaY_predicted,1.7272727272727273,28,10,CCATTGGGGAGACAATATAC,18,4572807
ybaY_predicted,4.909090909090909,63,10,CCATGTCTTACCGATAGGTA,53,4590350
ybaY_predicted,1.5454545454545454,26,10,CCATGCATTTTAAATGGCGG,16,4559739
ybaY_predicted,1.2727272727272727,23,10,CCAGTTGGGGACTGCCCTCA,13,4577882
ybaY_predicted,2.272727272727273,34,10,CCAGAATCGATGTCCGTATC,24,4589588
ybaY_predicted,5.363636363636363,68,10,CCAATCTAGATCGCCCCCTT,58,4553494
ybaY_predicted,0.5454545454545454,15,10,CCAAATTTATAAAGGGGTGT,5,4593608
ybaY_predicted,0.18181818181818182,11,10,CATTCGCCAGAGATACTTTC,1,4569353
ybaY_predicted,1.6363636363636365,27,10,CATTACACCATGTGCAACGC,17,4578103
ybaY_predicted,0.5454545454545454,15,10,CATGCGGTCGGCCCTGTATA,5,4596433
ybaY_predicted,1.0,20,10,CATATCCGCGTCAGAGCCTT,10,4556170
ybaY_predicted,13.909090909090908,162,10,CATAGGCGACATTTGTCCAC,152,4588231
ybaY_predicted,0.18181818181818182,11,10,CATACGCCGAGGGACAGCGT,1,4553908
ybaY_predicted,2.1818181818181817,33,10,CAGGTAAACCCTGCGAGAAT,23,4595778
ybaY_predicted,0.6363636363636364,16,10,CAGAGGAACAAACAGATCCC,6,4578878
ybaY_predicted,1.4545454545454546,25,10,CAGAATGGCCCAGATAATTA,15,4548099
ybaY_predicted,3.090909090909091,43,10,CACTTTGTTTGGCCGTATCC,33,4559144
ybaY_predicted,0.2727272727272727,12,10,CACTGCCTATACTGCCGACA,2,4578149
ybaY_predicted,1.1818181818181819,22,10,CACTATGTACAGGACCTGAG,12,4580164
ybaY_predicted,0.36363636363636365,13,10,CACTATATCGTCACAGATGA,3,4596231
ybaY_predicted,1.3636363636363635,24,10,CACTACGGGAACTGCATGCT,14,4566389
ybaY_predicted,4.7272727272727275,61,10,CACCGAGGATCAGAAATGTG,51,4558734
ybaY_predicted,3.727272727272727,50,10,CACAGCCTCTGCTCTCTAGA,40,4584201
ybaY_predicted,1.5454545454545454,26,10,CAAGAGGGGTGGTACGAAAC,16,4560735
ybaY_predicted,1.8181818181818181,29,10,CAAAGGCTCGTGTTGATTAA,19,4588578
ybaY_predicted,0.18181818181818182,11,10,CAAACTATGATGTGTTTTGC,1,4551628
ybaY_predicted,6.2727272727272725,78,10,CAAACGCGAGGTGCTCGGGG,68,4568231
ybaY_predicted,2.0,31,10,CAAACATGATATGGAACTTA,21,4573881
ybaY_predicted,3.8181818181818183,51,10,ATTGTTTTTAGTGAATCCCC,41,4561703
ybaY_predicted,0.9090909090909091,19,10,ATTGTTCTAGGGCGATTGGA,9,4577200
ybaY_predicted,3.8181818181818183,51,10,ATTCGGGACATCTAGCCGTG,41,4572602
ybaY_predicted,0.7272727272727273,17,10,ATTCGATGAAAGACGACCGT,7,4579878
ybaY_predicted,1.1818181818181819,22,10,ATTCAGCGCCTAGTAATAAT,12,4569648
ybaY_predicted,0.18181818181818182,11,10,ATTATTAGTTTCCAATTAAA,1,4579216
ybaY_predicted,0.7272727272727273,17,10,ATTAAGGGTGGGGAGGCGGT,7,4576870
ybaY_predicted,1.0909090909090908,21,10,ATGTCTACTAAGCCGCCGCC,11,4560394
ybaY_predicted,4.0,53,10,ATGGTATCCTTCTTCGCATA,43,4544461
ybaY_predicted,3.272727272727273,45,10,ATGGGGTTTTTCAATGAAGA,35,4600096
ybaY_predicted,1.0,20,10,ATGGACTGGTATAGGGGGAT,10,4568500
ybaY_predicted,0.7272727272727273,17,10,ATGGACATGGTTAGCGGTAC,7,4560632
ybaY_predicted,0.6363636363636364,16,10,ATGCGACAGACACATCGGAT,6,4592708
ybaY_predicted,2.4545454545454546,36,10,ATGAAGTTACCTCCGGTGTG,26,4549339
ybaY_predicted,1.5454545454545454,26,10,ATCCCATGGAAGCGGGATGG,16,4555137
ybaY_predicted,1.6363636363636365,27,10,ATCACTTTCTCACTGCAAAG,17,4584760
ybaY_predicted,0.8181818181818182,18,10,ATATTTTTTTCCCCTTGGTA,8,4581204
ybaY_predicted,1.5454545454545454,26,10,ATATGTGAGGGCAGTTGTGA,16,4589495
ybaY_predicted,0.45454545454545453,14,10,ATAGGCAGGCCGAGGCGATG,4,4580425
ybaY_predicted,0.36363636363636365,13,10,ATAATTCAGATACGAAGGGG,3,4600131
ybaY_predicted,0.18181818181818182,11,10,AGTGCTAACTATCCTTCGCC,1,4572744
ybaY_predicted,1.0,20,10,AGTAAATCGATGACATGTGA,10,4578510
ybaY_predicted,4.090909090909091,54,10,AGGTCCCACATGTGTCGTTT,44,4585352
ybaY_predicted,3.272727272727273,45,10,AGGTAGTAGGAGAGCCGGCC,35,4568385
ybaY_predicted,1.6363636363636365,27,10,AGGGGTTCAACCAGAATTAT,17,4564989
ybaY_predicted,1.9090909090909092,30,10,AGGGGTAGGCAAGGTTGCCG,20,4550332
ybaY_predicted,5.363636363636363,68,10,AGGGAGATACTTGTTGAATG,58,4574316
ybaY_predicted,3.6363636363636362,49,10,AGGGAACGGTCCGCTGAGCG,39,4593368
ybaY_predicted,0.9090909090909091,19,10,AGGCCGCCGTTCCATGTTAG,9,4597366
ybaY_predicted,0.9090909090909091,19,10,AGCTGGAAACGGAATCAGCT,9,4598112
ybaY_predicted,1.2727272727272727,23,10,AGCTACCAAGCTGCACAATG,13,4595072
ybaY_predicted,1.0909090909090908,21,10,AGCCTCAGTTCCCCTGGGCT,11,4598848
ybaY_predicted,4.636363636363637,60,10,AGCAGGTATCTCGGCTCTGT,50,4570185
ybaY_predicted,0.18181818181818182,11,10,AGATAGAGCTCTTCATTGTT,1,4589964
ybaY_predicted,0.6363636363636364,16,10,AGAGTGTTAGTGGATCCTGA,6,4550018
ybaY_predicted,0.18181818181818182,11,10,AGAGGTCTACAGCGTCGATA,1,4558143
ybaY_predicted,1.8181818181818181,29,10,AGAAGTACAGGGTGTTCATT,19,4548447
ybaY_predicted,2.5454545454545454,37,10,ACTGTTACAGAAGAGTAGTG,27,4554858
ybaY_predicted,0.2727272727272727,12,10,ACTGGTATATTCGTGGACGC,2,4585672
ybaY_predicted,2.0,31,10,ACGGGATAGAATCCCGGAGA,21,4563067
ybaY_predicted,2.272727272727273,34,10,ACGCGTATCTCTCCGCATCA,24,4546028
ybaY_predicted,4.454545454545454,58,10,ACGACAAAATATTCACTTCA,48,4559339
ybaY_predicted,0.18181818181818182,11,10,ACCTCATCGGGGGCTTGATA,1,4559270
ybaY_predicted,2.727272727272727,39,10,ACCCTGCCAGGGGCGTACAT,29,4595474
ybaY_predicted,0.18181818181818182,11,10,ACCCTATCTTTTGGTCGATA,1,4557148
ybaY_predicted,0.5454545454545454,15,10,ACATCAAGAGGAGTCAGGAG,5,4574940
ybaY_predicted,5.090909090909091,65,10,ACAGCGTGCTATCATATGTT,55,4567536
ybaY_predicted,0.6363636363636364,16,10,ACACTGATGGACACTACGTA,6,4557068
ybaY_predicted,4.545454545454546,59,10,ACACACAGCAGCCAGGTCGC,49,4568098
ybaY_predicted,12.545454545454545,147,10,ACAAGCGCAAAGAGTGATTA,137,4580727
ybaY_predicted,0.18181818181818182,11,10,ACAACCTGCAAGTAACGTTT,1,4585632
ybaY_predicted,3.909090909090909,52,10,AATAAGGTGCGGAGGCACAT,42,4577303
ybaY_predicted,0.7272727272727273,17,10,AAGTCCGCTCCTAGAGGAAC,7,4577125
ybaY_predicted,1.5454545454545454,26,10,AAGTATACAGAGGTGGCAGT,16,4546955
ybaY_predicted,3.6363636363636362,49,10,AAGGCCCACGCACTGCCTCG,39,4577416
ybaY_predicted,2.909090909090909,41,10,AAGCGATCATGAATGTAGGA,31,4572218
ybaY_predicted,2.0,31,10,AAGCCAAACTCGTCATTATA,21,4546681
ybaY_predicted,0.18181818181818182,11,10,AAGCAGCGGCGGAATCCAGG,1,4567344
ybaY_predicted,3.5454545454545454,48,10,AAGAATGAGCGGGTGGAATG,38,4565239
ybaY_predicted,0.2727272727272727,12,10,AACTCAAGGCCTTAATGAGA,2,4593769
ybaY_predicted,2.272727272727273,34,10,AACGGTTGATCCGCTTTAGA,24,4564485
ybaY_predicted,1.8181818181818181,29,10,AACCTTTCCAGACGCTGTGT,19,4544632
ybaY_predicted,9.909090909090908,118,10,AACCCCGACGTGGGAGACTG,108,4553246
ybaY_predicted,0.5454545454545454,15,10,AACCAGAACTACAATTTCGT,5,4579008
ybaY_predicted,1.2727272727272727,23,10,AAACCTAGGTTGACGGGTCA,13,4579853
ybaY_predicted,2.1818181818181817,33,10,AAACATCCTGTTTGATTATG,23,4562530
ybaY_predicted,1.1818181818181819,22,10,AAACAGGTGACCCACCAATT,12,4597611
ybaY_predicted,0.2,10,9,TTTTTCGCTCAGGGTGGAAC,1,4599806
ybaY_predicted,0.2,10,9,TTTGGTTGCAAACGCTTCGG,1,4588536
ybaY_predicted,1.7,25,9,TTTGGATACCCATGTCAATT,16,4560982
ybaY_predicted,5.0,58,9,TTTCGTGATTCGGTCCGAGA,49,4574144
ybaY_predicted,2.8,36,9,TTTATCCAAGGTTGCTGTCC,27,4589447
ybaY_predicted,2.0,28,9,TTGTGTGTATACATTTTACC,19,4592186
ybaY_predicted,0.5,13,9,TTGGCCGTATGGCCTGGGAG,4,4555731
ybaY_predicted,2.9,37,9,TTGCCTCCCTTTTAGCTAGC,28,4576911
ybaY_predicted,5.6,64,9,TTCCATTCGCGCCTGGACCA,55,4581398
ybaY_predicted,1.7,25,9,TTCCACAAACCTACTTGTTA,16,4586004
ybaY_predicted,1.1,19,9,TTCATTCTGGGAGAGACCTC,10,4569812
ybaY_predicted,2.0,28,9,TTCACGTGTTCGTCATAGCA,19,4549445
ybaY_predicted,3.0,38,9,TTAGGAGCTGTATTCATATA,29,4546033
ybaY_predicted,1.1,19,9,TTAGCTGGCCGATCCTCATG,10,4577390
ybaY_predicted,0.8,16,9,TTACGTCCGGAGTCCGGCGT,7,4584673
ybaY_predicted,1.0,18,9,TTACCGAAGCTCTACAAGGT,9,4594916
ybaY_predicted,0.8,16,9,TTACCAACACCAGTATTCAT,7,4593906
ybaY_predicted,0.2,10,9,TTACAGTTCGGGCGTACATG,1,4597711
ybaY_predicted,1.2,20,9,TTAATCGGAATGTCGGACAT,11,4551257
ybaY_predicted,0.4,12,9,TGTTTTGCGGCGAGTGTCCA,3,4589326
ybaY_predicted,0.2,10,9,TGTTGGGAAAGCTAAGGGCC,1,4568190
ybaY_predicted,2.7,35,9,TGTTACATAGAATAGGGTTT,26,4553932
ybaY_predicted,6.9,77,9,TGTGTATCTGCCCGTCACCA,68,4588781
ybaY_predicted,0.5,13,9,TGTGGAATGAAATTCCATGA,4,4596444
ybaY_predicted,3.5,43,9,TGTGCATCACAGTGCCCCAG,34,4567503
ybaY_predicted,0.2,10,9,TGTGCAAGGTACGACTAAGC,1,4593124
ybaY_predicted,2.4,32,9,TGTGATATCTCAAACAAAAA,23,4570052
ybaY_predicted,3.3,41,9,TGTCACCGAATGTCCCACGC,32,4573275
ybaY_predicted,0.2,10,9,TGGTCAAAGACGCCAACCTG,1,4592273
ybaY_predicted,1.3,21,9,TGGGTGCCGATCAGAAGATG,12,4580165
ybaY_predicted,1.9,27,9,TGGCCAATGGTCGAGACAAT,18,4588317
ybaY_predicted,0.9,17,9,TGGCATACCCAATGTTTCTT,8,4588919
ybaY_predicted,1.8,26,9,TGGCACCTGGTGTAGTAGGT,17,4594100
ybaY_predicted,2.8,36,9,TGGAACTCTGGTCATCGTCT,27,4596855
ybaY_predicted,0.2,10,9,TGCTTGGACCGCCATAATTT,1,4550980
ybaY_predicted,5.6,64,9,TGCTGTTTTCAGAACTGGTT,55,4567611
ybaY_predicted,7.1,79,9,TGCCGGTGAATAGCCGTGTT,70,4584192
ybaY_predicted,1.2,20,9,TGCATTACGCAAAAGGGATC,11,4590758
ybaY_predicted,6.0,68,9,TGATGTAGTCGTTGTGTTTT,59,4577476
ybaY_predicted,2.2,30,9,TGATCCGTGGGATATGAGGC,21,4598439
ybaY_predicted,3.0,38,9,TGAGGTCTGAGAGCCCCGGG,29,4567178
ybaY_predicted,1.9,27,9,TCTGGCTGCCACAGCAATGG,18,4580040
ybaY_predicted,1.2,20,9,TCTCTTGTGGGTCACCCGTA,11,4561702
ybaY_predicted,2.2,30,9,TCGTCAGGCGGGTCGCGGCC,21,4586294
ybaY_predicted,3.6,44,9,TCGGCGCATTCTATGGGCGA,35,4547053
ybaY_predicted,0.2,10,9,TCGCTTACCCCCATGCAGTA,1,4570499
ybaY_predicted,2.2,30,9,TCGCTCGATCGAGGGGGCTT,21,4552033
ybaY_predicted,1.7,25,9,TCGCATGCTGTGCGCCTCCA,16,4571898
ybaY_predicted,1.8,26,9,TCCTGCATAGTTTCCATGTC,17,4553825
ybaY_predicted,0.2,10,9,TCCACTGGACTTAGCATACA,1,4584446
ybaY_predicted,0.2,10,9,TCATGCGTTAAGTTAGCTGG,1,4554285
ybaY_predicted,0.2,10,9,TCATATGGTCGGGAGTACAT,1,4569228
ybaY_predicted,1.1,19,9,TCATATCCGCAGTTACGTTG,10,4555624
ybaY_predicted,5.1,59,9,TCATACGTGCGCATGATGAG,50,4563048
ybaY_predicted,1.9,27,9,TCAGTGACGAGTTGTTTAGT,18,4566117
ybaY_predicted,1.1,19,9,TCAGCTACAGGTACGACGGC,10,4576660
ybaY_predicted,1.9,27,9,TCAAGCGTTTAACGAATAGT,18,4559794
ybaY_predicted,5.1,59,9,TATTGGCATATATTCATTGC,50,4567782
ybaY_predicted,4.8,56,9,TATTGCAGTCCACATCAGTG,47,4576300
ybaY_predicted,1.8,26,9,TATTAGAGAATTCAGTCCTT,17,4580434
ybaY_predicted,0.2,10,9,TAGTGAAGATCAGGGGCTGT,1,4579533
ybaY_predicted,0.8,16,9,TAGGTTGGGAGCATGACAAG,7,4563413
ybaY_predicted,6.6,74,9,TAGGTTAGGCCCGGTTTGAT,65,4582490
ybaY_predicted,5.7,65,9,TAGAGTAGGACGTGACAATT,56,4569810
ybaY_predicted,3.2,40,9,TACGGGTGCCCAGGGGGGCT,31,4575935
ybaY_predicted,2.2,30,9,TACAGGGGTTGAAAACATGA,21,4594191
ybaY_predicted,0.5,13,9,TACAATGACTCCCGTTAGCC,4,4591803
ybaY_predicted,3.6,44,9,TAACGTCACCGCTGTGTCCC,35,4556115
ybaY_predicted,0.9,17,9,TAACAAAAGGGCATCCCTCC,8,4585086
ybaY_predicted,0.4,12,9,TAAACTAGAGGTGGGGGGCC,3,4574095
ybaY_predicted,0.2,10,9,GTTTTGGTCATGCTGCTATC,1,4587229
ybaY_predicted,1.3,21,9,GTTTAGGTATACCGGCATAG,12,4598345
ybaY_predicted,4.5,53,9,GTTGGTATTCCGCTGGGTTC,44,4567493
ybaY_predicted,3.4,42,9,GTTGGAGCTGCGTGCGTTCA,33,4559477
ybaY_predicted,7.8,86,9,GTTAAAACATAGGGATAACC,77,4553471
ybaY_predicted,0.2,10,9,GTGTTCATATGTCAAATATG,1,4561818
ybaY_predicted,9.2,100,9,GTGTGTGGGCATGATAGTAA,91,4561739
ybaY_predicted,1.0,18,9,GTGTGAATCGACGTGAACCT,9,4560320
ybaY_predicted,1.8,26,9,GTGTAAGTCCGTTTGGACCC,17,4591929
ybaY_predicted,1.2,20,9,GTGGCGGAGTGAGAACCAGT,11,4569277
ybaY_predicted,1.8,26,9,GTGGATGCGGCTGCGCCCTG,17,4556830
ybaY_predicted,4.5,53,9,GTCTCTTGTCTACAGTAGTT,44,4597864
ybaY_predicted,2.8,36,9,GTCGTGCTGAGGCGCGGAAG,27,4594095
ybaY_predicted,0.8,16,9,GTCCGCGCGGCGTTTAGATC,7,4563183
ybaY_predicted,2.2,30,9,GTCCCTGTACCAGTGTGCTG,21,4588190
ybaY_predicted,1.6,24,9,GTCATCATAGACAAAACATC,15,4566823
ybaY_predicted,0.3,11,9,GTCATAAAGCCGAATTCCGT,2,4598493
ybaY_predicted,1.9,27,9,GTCAGTAACGGACAGACTCT,18,4564597
ybaY_predicted,0.5,13,9,GTATGTGTCCATTCCTGATT,4,4573377
ybaY_predicted,0.2,10,9,GTATCGTGCTATCAGTAGAG,1,4558427
ybaY_predicted,0.2,10,9,GTATAAAACGTGGACGTCTC,1,4580890
ybaY_predicted,1.1,19,9,GTAACCGAGGGCGCGTTGCC,10,4560401
ybaY_predicted,1.0,18,9,GGTTACGTTAGGGGCTCCTT,9,4560713
ybaY_predicted,1.3,21,9,GGTGCTACGAGGTCTAGGTA,12,4553977
ybaY_predicted,0.3,11,9,GGTGCGAAGCAATATGCTTA,2,4598505
ybaY_predicted,0.9,17,9,GGTGATAGTCCGGCTGTTAC,8,4581843
ybaY_predicted,1.3,21,9,GGTCTTCGATTGGCTGCCTT,12,4598418
ybaY_predicted,7.9,87,9,GGTCGTAAGTGGGTCAGGAC,78,4553667
ybaY_predicted,1.7,25,9,GGTCCTCGGAAGATGCGATA,16,4546828
ybaY_predicted,2.0,28,9,GGTCACCGTAGTCGCCTCCA,19,4576638
ybaY_predicted,4.5,53,9,GGTATGGGCACCGGAGTATT,44,4583498
ybaY_predicted,1.8,26,9,GGGTTTCTTAAGGACAAGGC,17,4594491
ybaY_predicted,3.6,44,9,GGGTGACAGTTGTCGCCGAC,35,4591429
ybaY_predicted,1.2,20,9,GGGTCCGCGGGTTGCGTTCT,11,4588949
ybaY_predicted,1.8,26,9,GGGGCAGCTGCGCCGCTCGT,17,4578147
ybaY_predicted,1.7,25,9,GGGGCAGCAAGGGCGGTAGT,16,4577358
ybaY_predicted,4.1,49,9,GGGGAATGGATAACTGCGTG,40,4566514
ybaY_predicted,2.4,32,9,GGGCGGATAGCAGCGTCGGA,23,4558518
ybaY_predicted,2.1,29,9,GGGCAAAGAGATTGGTATAA,20,4574642
ybaY_predicted,3.5,43,9,GGGACGCTGCCACCGGTTGG,34,4572286
ybaY_predicted,0.2,10,9,GGGAAGGCCGTCTGTGACAC,1,4577071
ybaY_predicted,0.2,10,9,GGCTTTGAAGCATCGAAATC,1,4562437
ybaY_predicted,0.5,13,9,GGCTGATGCTAAATACCAAT,4,4548999
ybaY_predicted,1.9,27,9,GGCTACACACATAAGGTGGA,18,4595575
ybaY_predicted,1.8,26,9,GGCGACTCGGCCCGGTGGAA,17,4564803
ybaY_predicted,2.0,28,9,GGCCCTATCACACTGAGTGC,19,4556009
ybaY_predicted,0.2,10,9,GGATCGTACAAGGATCCTAT,1,4546368
ybaY_predicted,1.1,19,9,GGAGGGTTCGCGGGAGATTT,10,4577030
ybaY_predicted,2.9,37,9,GGAGCAAAAGGCCATGTCGG,28,4563419
ybaY_predicted,0.5,13,9,GGAGACAGAAAGGGGCGATT,4,4598976
ybaY_predicted,2.9,37,9,GGACTTTTCAGGGGTAGATA,28,4548268
ybaY_predicted,1.9,27,9,GGAAGTCGATCTAGAATACT,18,4588280
ybaY_predicted,7.2,80,9,GCTTTGGTTATTACTTGAAT,71,4578898
ybaY_predicted,0.8,16,9,GCTTAGCCACGTGGAAGCTC,7,4579911
ybaY_predicted,2.4,32,9,GCTCACGGTTGAGGCAATCC,23,4582132
ybaY_predicted,0.2,10,9,GCTATTTGTCCACACGAACT,1,4545759
ybaY_predicted,1.9,27,9,GCGGTTTTCAAGACCCAGCA,18,4573864
ybaY_predicted,2.2,30,9,GCGGAGGTTGGGGTATCATA,21,4580398
ybaY_predicted,2.1,29,9,GCGCTTAGAAGTATTCTTAT,20,4552971
ybaY_predicted,3.6,44,9,GCGCTTACTCCCTGGCGATA,35,4549169
ybaY_predicted,3.9,47,9,GCCGCGAGGCACATTTCTGA,38,4554421
ybaY_predicted,7.0,78,9,GCCCTGGATTTCCCAGAGAG,69,4593259
ybaY_predicted,0.3,11,9,GCCAACTTCTTTCTTAGCCC,2,4588682
ybaY_predicted,1.7,25,9,GCATGGTAATTGCCCTAGGA,16,4571239
ybaY_predicted,3.2,40,9,GCAGACCATTAAAGTTCAGT,31,4570319
ybaY_predicted,1.5,23,9,GCAAAGTGATGCATACCCAT,14,4593189
ybaY_predicted,2.5,33,9,GATTTGTCAAACTTCTGTAC,24,4549281
ybaY_predicted,0.2,10,9,GATGTGTGATGTGAGTTATG,1,4585280
ybaY_predicted,2.0,28,9,GATGAGACAGGATGCAGACT,19,4565966
ybaY_predicted,1.6,24,9,GATCATCGGTCTCAATAGGG,15,4588439
ybaY_predicted,0.2,10,9,GATACGCTCTATCGCGTTAT,1,4599971
ybaY_predicted,2.1,29,9,GATAAACTCCCCGCCGGCCG,20,4588234
ybaY_predicted,1.6,24,9,GAGTATCCCAGATGCATTAT,15,4549308
ybaY_predicted,0.2,10,9,GAGTAAGTTACCTTACAGGC,1,4597134
ybaY_predicted,2.5,33,9,GAGGTTCTACAGTGTCTGCT,24,4579339
ybaY_predicted,4.1,49,9,GAGGGCAAGAGACCCACCGC,40,4559959
ybaY_predicted,3.9,47,9,GACGTGGGCCTAAGTAACCA,38,4590620
ybaY_predicted,0.8,16,9,GACCCCCAGTGTGCGCATCT,7,4591281
ybaY_predicted,6.2,70,9,GACCCCAGGTTGGTTGTTAA,61,4567235
ybaY_predicted,0.5,13,9,GACAGTCCCAACTCTGAGAA,4,4579107
ybaY_predicted,5.1,59,9,GAATGTGCCATCGGCTCCCA,50,4585869
ybaY_predicted,1.8,26,9,GAATCAAAACTAGCCCCAGT,17,4554723
ybaY_predicted,2.1,29,9,GAAGGCATTCTTGCTGTAGG,20,4588719
ybaY_predicted,1.1,19,9,GAAGAGGTAGACGGGAGTAG,10,4582351
ybaY_predicted,9.5,103,9,GAACCCCAGTTCCAAACCGC,94,4569248
ybaY_predicted,1.2,20,9,GAAACGAACCGAGTCGGCCC,11,4585516
ybaY_predicted,2.8,36,9,GAAACAGCCGTGCAAGCGTA,27,4573810
ybaY_predicted,2.0,28,9,CTTCCGCAACAAACTCCTTT,19,4598697
ybaY_predicted,0.2,10,9,CTTAGGAAGGTAATGGTGAT,1,4547373
ybaY_predicted,2.6,34,9,CTTAACCGATGCAGGACGAC,25,4560925
ybaY_predicted,4.3,51,9,CTGTGGATATTGTCCGTGTT,42,4556183
ybaY_predicted,2.0,28,9,CTGTATGTGGCTGCGGCATT,19,4564082
ybaY_predicted,1.6,24,9,CTGACGCAAGAAAGTGAACC,15,4582958
ybaY_predicted,1.6,24,9,CTCGGAGACAGTAGTTAGCG,15,4577346
ybaY_predicted,4.9,57,9,CTCAGGAGAACCCCACTCGC,48,4579531
ybaY_predicted,1.4,22,9,CTATCGATTTACTACATTAA,13,4586020
ybaY_predicted,1.4,22,9,CTAAGACGGGATCCCAAACG,13,4591369
ybaY_predicted,1.9,27,9,CTAAATACAATATTTGGGAA,18,4546230
ybaY_predicted,1.1,19,9,CGTTCTTTAATCGGGTCCGT,10,4559774
ybaY_predicted,4.0,48,9,CGTTATTTTCTGGAGCCTCG,39,4563938
ybaY_predicted,0.2,10,9,CGTGAAGTCGGCCAACTTGC,1,4551636
ybaY_predicted,2.3,31,9,CGGTCGCCTTTAGTTTATTC,22,4584239
ybaY_predicted,0.6,14,9,CGGTATGAGATAAGCGACTC,5,4565449
ybaY_predicted,1.0,18,9,CGGGGGACGTTCAAGTTTGT,9,4562745
ybaY_predicted,1.0,18,9,CGGCGTGCCAGCAGACCGCC,9,4558163
ybaY_predicted,0.2,10,9,CGGCGGTTGACATTGATTGC,1,4557633
ybaY_predicted,1.3,21,9,CGCTATTTCAAAGCGACTAA,12,4552028
ybaY_predicted,2.3,31,9,CGCGTGGGGAAGATTGTCCC,22,4566025
ybaY_predicted,1.0,18,9,CGCCAGTCACCACCTGATGT,9,4589421
ybaY_predicted,2.3,31,9,CGCATCAAGGGGCATCAACT,22,4565885
ybaY_predicted,1.4,22,9,CGCACGTTCGTGAGTGTTGG,13,4566186
ybaY_predicted,0.6,14,9,CGAACCCGACGCTGCAAGCA,5,4598298
ybaY_predicted,2.0,28,9,CCTCTGCGTGTCCCGATGTG,19,4586992
ybaY_predicted,0.2,10,9,CCTCGTTTTCGAAGTGGAAT,1,4549679
ybaY_predicted,4.6,54,9,CCTCGCCAACCCTCCGTCAG,45,4587236
ybaY_predicted,2.3,31,9,CCTAGCATAGAGTTCACCAG,22,4551667
ybaY_predicted,2.1,29,9,CCTAACGTCGTGGTTACCTA,20,4577177
ybaY_predicted,0.3,11,9,CCGCGGAATGATTTGGGGGG,2,4561568
ybaY_predicted,1.4,22,9,CCGCAGAAACCATTGCAGAA,13,4570402
ybaY_predicted,1.3,21,9,CCCGTTAAAACGATATCTTT,12,4599031
ybaY_predicted,4.2,50,9,CCCCTCCCGTCGAGCCTTTA,41,4581337
ybaY_predicted,0.3,11,9,CCCCATCCTCAGACCTAGCC,2,4593263
ybaY_predicted,5.4,62,9,CCAGTACTCTATCGAGGTTG,53,4560109
ybaY_predicted,4.5,53,9,CATTATTGTTTCTCCTAATT,44,4551627
ybaY_predicted,1.0,18,9,CATATCAGTTAGGCACGTCT,9,4591997
ybaY_predicted,0.8,16,9,CAGTTTCAAACACAGCTATT,7,4598722
ybaY_predicted,2.1,29,9,CAGTATCGTACATTGAGTTA,20,4586589
ybaY_predicted,0.2,10,9,CAGGCAATAGTTCGAACGCT,1,4553357
ybaY_predicted,3.5,43,9,CAGCTGAGATCAGCTAGAGA,34,4564133
ybaY_predicted,2.2,30,9,CACTGCGCTAATTCGCAAGT,21,4583077
ybaY_predicted,4.9,57,9,CACGTAATGTCTATGGATCA,48,4597631
ybaY_predicted,0.3,11,9,CACGGCGCCATGCTGAACCT,2,4554391
ybaY_predicted,2.1,29,9,CACCGAGCATTCAATTTAAT,20,4595472
ybaY_predicted,0.2,10,9,CACACTTCGCGCCGAGTTAG,1,4599229
ybaY_predicted,0.6,14,9,CACACGGTATGCTCCAGTTA,5,4578758
ybaY_predicted,1.4,22,9,CAATCGTAACTGTCGGGTAA,13,4595319
ybaY_predicted,0.2,10,9,CAAGTTGAGGCGCTGGCGTC,1,4582865
ybaY_predicted,2.3,31,9,CAAGAGTCTGAACAATGCCT,22,4561360
ybaY_predicted,1.3,21,9,CAACGAGTTGGCTACGAAGG,12,4577847
ybaY_predicted,1.1,19,9,ATTGTTCAGATCCACCTCCA,10,4567404
ybaY_predicted,0.6,14,9,ATTGGTCTTTAAGACAGGCC,5,4583655
ybaY_predicted,0.2,10,9,ATTCTGCGTACCCGCGAAAC,1,4549046
ybaY_predicted,0.2,10,9,ATTCCGACTATCAAGGTATA,1,4552777
ybaY_predicted,3.3,41,9,ATTCAGTAAGTCCCGACTTT,32,4591252
ybaY_predicted,0.7,15,9,ATTAAGGCACATCGTCCTCG,6,4599838
ybaY_predicted,0.6,14,9,ATGGACTGAGCCGCGTAAGA,5,4566503
ybaY_predicted,1.8,26,9,ATGCTCCTAGGGTCATGCCC,17,4574474
ybaY_predicted,0.8,16,9,ATGCGTAACCAGCAGCCCAT,7,4571605
ybaY_predicted,0.9,17,9,ATCGTCGAGACCACGCGAGG,8,4590868
ybaY_predicted,1.9,27,9,ATCGGGACTATCGCTTATCA,18,4575561
ybaY_predicted,2.7,35,9,ATCGGCGGGAGACGCATTAT,26,4572289
ybaY_predicted,1.6,24,9,ATCGGCAATGATGTTGAGGC,15,4555766
ybaY_predicted,1.8,26,9,ATATATCCAGACGGTTTCGA,17,4563100
ybaY_predicted,0.7,15,9,ATAGTCTTACTTGGGCTTAT,6,4595399
ybaY_predicted,4.6,54,9,ATAGAACCATTACGATAGGC,45,4557097
ybaY_predicted,3.6,44,9,ATACTGGGAAGACAGCCCGG,35,4562527
ybaY_predicted,1.7,25,9,ATACGTCTGAAACAGACCTC,16,4583585
ybaY_predicted,0.3,11,9,ATACCTCGCTTTTATACTCG,2,4578766
ybaY_predicted,0.2,10,9,AGTTTATTATCTAGAATACC,1,4590961
ybaY_predicted,9.2,100,9,AGTTGATACATAATGGAATG,91,4547115
ybaY_predicted,1.4,22,9,AGGTTAGCGTATAATTGTAT,13,4566991
ybaY_predicted,2.0,28,9,AGGTTAACCGGAATTAACCC,19,4553429
ybaY_predicted,5.1,59,9,AGGTCCGGTAGTTCGCAGTC,50,4594861
ybaY_predicted,5.7,65,9,AGGCATAAATTGGTGCGATC,56,4594051
ybaY_predicted,4.1,49,9,AGGAAAGTCTGGAATCCCCC,40,4595410
ybaY_predicted,1.1,19,9,AGCTTGAGCACAGGTACCGT,10,4553678
ybaY_predicted,0.9,17,9,AGCTGTGCAGGAATTTCGAC,8,4596399
ybaY_predicted,3.0,38,9,AGCTGGCTTACTAATAGAGT,29,4598557
ybaY_predicted,2.2,30,9,AGCTGGAGTTGTGTGGAGAG,21,4567502
ybaY_predicted,0.8,16,9,AGCTCCCTGGGAATTAGGGA,7,4561690
ybaY_predicted,2.8,36,9,AGCTATGGGGATGTAAGGTT,27,4589084
ybaY_predicted,3.7,45,9,AGCTACTGTAAGTAGGTCTC,36,4568598
ybaY_predicted,3.3,41,9,AGCTACACAAGGTGGCGCTG,32,4599856
ybaY_predicted,2.8,36,9,AGCGACACACGTAATAGCCA,27,4554416
ybaY_predicted,4.3,51,9,AGACGGGACAACAAGACAAT,42,4593260
ybaY_predicted,2.7,35,9,ACTGATCCACAGAGAGCTCT,26,4578750
ybaY_predicted,0.2,10,9,ACTCTGCACCTTGTTCGTAT,1,4594071
ybaY_predicted,0.7,15,9,ACGTAGTTCGCGGACCCCTC,6,4567419
ybaY_predicted,1.2,20,9,ACGTAGGGGAGCCGCAACCC,11,4584283
ybaY_predicted,0.7,15,9,ACGGACCTCAACGGCTACGG,6,4547927
ybaY_predicted,0.2,10,9,ACCTCTGTTCGTCAGTGCGT,1,4569719
ybaY_predicted,0.4,12,9,ACCTCGTCACGGCCACTCTT,3,4562196
ybaY_predicted,2.3,31,9,ACCTAAGTGTGCACGAGCAT,22,4547844
ybaY_predicted,0.2,10,9,ACCGTGAGCACTTCGACTAA,1,4596845
ybaY_predicted,0.2,10,9,ACCATAGGCATATAGGGATA,1,4567905
ybaY_predicted,0.3,11,9,ACCAACCATTCGAGGGCAAT,2,4559808
ybaY_predicted,2.6,34,9,ACATGACTACGAACATGGAC,25,4555767
ybaY_predicted,0.4,12,9,ACATATCAACCCGGAGTGCA,3,4550458
ybaY_predicted,3.1,39,9,ACAGGTTTGTGTGCGGAGGA,30,4593761
ybaY_predicted,0.3,11,9,ACAGGTAAGGGCTCCTACTT,2,4559746
ybaY_predicted,1.5,23,9,ACACGAATGCTTGTGTGGGT,14,4590070
ybaY_predicted,0.4,12,9,ACAATTTTGATTTGCGCGCC,3,4546843
ybaY_predicted,2.9,37,9,AATTTGCGCTAAAGGCCCTG,28,4552034
ybaY_predicted,2.1,29,9,AATTGACGAAATTGATCAAC,20,4581953
ybaY_predicted,2.0,28,9,AATTCAGACTGGTTTGTCTG,19,4594838
ybaY_predicted,1.5,23,9,AATCCACACCCGGCGACCAC,14,4573970
ybaY_predicted,2.0,28,9,AATACACATTACCACTTGAT,19,4568601
ybaY_predicted,3.0,38,9,AATAAAGCAGCTATATTATG,29,4549722
ybaY_predicted,0.2,10,9,AAGTGCGGATATTGCACCTA,1,4563118
ybaY_predicted,1.6,24,9,AAGGAAGCCCTAGCGCGTTC,15,4587675
ybaY_predicted,5.8,66,9,AAGCGCGCCGGTACAGCTAC,57,4598423
ybaY_predicted,0.7,15,9,AAGATAAGATTTACCAGGCG,6,4582734
ybaY_predicted,2.4,32,9,AACGTCCCATTTCCAATCAG,23,4571636
ybaY_predicted,0.2,10,9,AACCTTGCAACACATGGCGG,1,4556521
ybaY_predicted,0.2,10,9,AACCTCGAGAAGTTCCGTAA,1,4560012
ybaY_predicted,11.1,119,9,AACCGGGCAGGGTGTCAGTC,110,4584588
ybaY_predicted,4.1,49,9,AACCCGTACATATGGCAAAC,40,4566968
ybaY_predicted,7.4,82,9,AACCATGGAGGGCGTGGCTA,73,4557668
ybaY_predicted,0.7,15,9,AACAGCCCGTCAGTTGCATT,6,4552317
ybaY_predicted,1.7,25,9,AACAAGGAATGCAGTTTAAT,16,4564668
ybaY_predicted,2.1,29,9,AAAGGGTCACAACATAGCCT,20,4582386
ybaY_predicted,4.3,51,9,AAAGAGCGATTCGTTTTTAA,42,4594839
ybaY_predicted,0.2,10,9,AAAGAAACGAGCACAGAAAG,1,4593467
ybaY_predicted,0.6,14,9,AAAAAATTAAGTCCGGAACG,5,4558739
ybaY_predicted,7.777777777777778,77,8,TTTTCCACATGTCATAATTA,69,4571101
ybaY_predicted,2.7777777777777777,32,8,TTTTAACAATAGTGGCTACT,24,4562826
ybaY_predicted,1.4444444444444444,20,8,TTTGGACAATTTCTGGGGTA,12,4554109
ybaY_predicted,0.5555555555555556,12,8,TTTGATGACAGGCAGCGAGT,4,4589987
ybaY_predicted,0.2222222222222222,9,8,TTTGAGCCCTACTCAGACAT,1,4561251
ybaY_predicted,4.111111111111111,44,8,TTTATGTTCAGGTATGTACA,36,4585715
ybaY_predicted,4.0,43,8,TTTATGCATAGCATATTTTT,35,4578974
ybaY_predicted,8.222222222222221,81,8,TTGTTTATTTTCATATGCCC,73,4599304
ybaY_predicted,1.1111111111111112,17,8,TTGTTTAACCTCTTAAATAT,9,4590502
ybaY_predicted,1.5555555555555556,21,8,TTGTGGTTTTCGTGATTTCT,13,4562836
ybaY_predicted,3.5555555555555554,39,8,TTGCCGCTGGATTTTGTGGA,31,4589542
ybaY_predicted,1.3333333333333333,19,8,TTGACTCGCGGGCATGCGAG,11,4565624
ybaY_predicted,2.4444444444444446,29,8,TTGAAAAAGGCTCGCATGTG,21,4559550
ybaY_predicted,7.888888888888889,78,8,TTCTTCGGGAGGGCGGGTAG,70,4544895
ybaY_predicted,8.777777777777779,86,8,TTCTCGCACGGCCAGTATCG,78,4569225
ybaY_predicted,0.3333333333333333,10,8,TTCTCCAGCGATGGATTTCT,2,4567280
ybaY_predicted,3.0,34,8,TTCTCACGCCGTGGCGTTAA,26,4574163
ybaY_predicted,1.7777777777777777,23,8,TTCAAAACCCCGCCTGCTCT,15,4588198
ybaY_predicted,1.1111111111111112,17,8,TTATACAAGGGCGACGACCA,9,4551266
ybaY_predicted,4.444444444444445,47,8,TTACCCCGAAGCAGGGTAGC,39,4557972
ybaY_predicted,1.3333333333333333,19,8,TTACATTTCCAAGGCATGGT,11,4582968
ybaY_predicted,0.6666666666666666,13,8,TTACAGTTCAAGCGTTAAGA,5,4595730
ybaY_predicted,0.8888888888888888,15,8,TTAAACCAATCTAAGGTCCC,7,4551873
ybaY_predicted,0.8888888888888888,15,8,TGTCCGCGCCGACGTTGATG,7,4562076
ybaY_predicted,4.0,43,8,TGTCCATATGCTTTAACTTT,35,4546494
ybaY_predicted,0.7777777777777778,14,8,TGTACTTTAATATAACGGCG,6,4597472
ybaY_predicted,2.6666666666666665,31,8,TGGTCGTAAGTTCGCACCTG,23,4568514
ybaY_predicted,4.111111111111111,44,8,TGGTAAAACGCTCCATTCGG,36,4581485
ybaY_predicted,2.5555555555555554,30,8,TGGGTGACGCAAGCCTGTCA,22,4561603
ybaY_predicted,0.5555555555555556,12,8,TGGGTAGTCAGCATTCGACC,4,4587209
ybaY_predicted,0.2222222222222222,9,8,TGGGGAAGAGGCCCCTTCCA,1,4564188
ybaY_predicted,0.4444444444444444,11,8,TGGGCATATGATCGGGGAGC,3,4597678
ybaY_predicted,3.4444444444444446,38,8,TGGCGATCGATACATTAGCT,30,4581316
ybaY_predicted,0.2222222222222222,9,8,TGCGTATGTATCGTGTATAT,1,4596448
ybaY_predicted,0.2222222222222222,9,8,TGCAGTCTTTCATTCAATAC,1,4598260
ybaY_predicted,2.4444444444444446,29,8,TGATTGCCTGACGTATCCAT,21,4562422
ybaY_predicted,0.4444444444444444,11,8,TGATCAGACCAGACTTCCTA,3,4560954
ybaY_predicted,1.6666666666666667,22,8,TGAGCTCTACTATGCAGTAG,14,4546920
ybaY_predicted,0.8888888888888888,15,8,TGACCACATGCAAGTCGCTA,7,4560791
ybaY_predicted,6.333333333333333,64,8,TGAAGCGAGGCATCAGCAAA,56,4567958
ybaY_predicted,1.4444444444444444,20,8,TCTTGCCCTTGTATAGTTGT,12,4589746
ybaY_predicted,0.7777777777777778,14,8,TCTCTGCTTCCTTATGACGT,6,4566170
ybaY_predicted,0.2222222222222222,9,8,TCTCAGATACTGGATAATTG,1,4588671
ybaY_predicted,0.8888888888888888,15,8,TCGTGATGGATAGTCTGCAG,7,4594049
ybaY_predicted,1.5555555555555556,21,8,TCGCCCCCTAGGACCACAAT,13,4572045
ybaY_predicted,0.3333333333333333,10,8,TCGAGACGGGAGCAAGGGTA,2,4549648
ybaY_predicted,0.2222222222222222,9,8,TCGAAGAAAAGTACCTGAGA,1,4589873
ybaY_predicted,1.8888888888888888,24,8,TCCCTCGGCGGAGCCCATGC,16,4554981
ybaY_predicted,5.222222222222222,54,8,TCCCCTCCGTATTACATACC,46,4574395
ybaY_predicted,3.0,34,8,TCATCCGTACTTTTCAAGGC,26,4591769
ybaY_predicted,2.2222222222222223,27,8,TATTTCTATATTGAATAAAG,19,4585367
ybaY_predicted,5.222222222222222,54,8,TATCCTTCGCATAGGGCTCA,46,4554204
ybaY_predicted,1.6666666666666667,22,8,TATCATCACGCGTTTCACTC,14,4583552
ybaY_predicted,1.3333333333333333,19,8,TAGGCGCTCCATTAATAGAA,11,4585916
ybaY_predicted,6.555555555555555,66,8,TAGCTATCCAAATCGTGTTC,58,4561938
ybaY_predicted,1.1111111111111112,17,8,TAGCAGGCCCCCGTGACAAT,9,4570393
ybaY_predicted,1.3333333333333333,19,8,TACTTGTGCATATTTTCAAC,11,4591264
ybaY_predicted,1.0,16,8,TACGCATGTTAATATTTTTT,8,4588307
ybaY_predicted,2.2222222222222223,27,8,TACCTATCTGGGACCACGCA,19,4580965
ybaY_predicted,1.1111111111111112,17,8,TACATGTCGATTTCCTTTAT,9,4566209
ybaY_predicted,1.0,16,8,TAATTCTGAAATAGCGTCGG,8,4596347
ybaY_predicted,1.1111111111111112,17,8,TAATCGAGACCCATTTCGAA,9,4592749
ybaY_predicted,2.2222222222222223,27,8,TAAGTGTTGCTTTAACCCTC,19,4579776
ybaY_predicted,0.7777777777777778,14,8,TAACTCAGATGCGGCAAAAG,6,4582633
ybaY_predicted,0.7777777777777778,14,8,TAAAAAGACCATTACTCGCT,6,4576900
ybaY_predicted,4.777777777777778,50,8,GTTAAGAGTAAAATTCTCCT,42,4570657
ybaY_predicted,2.111111111111111,26,8,GTGCTGGAACGGCCGGGGCT,18,4545326
ybaY_predicted,3.111111111111111,35,8,GTGCCCCCGCCTCCCATTCA,27,4599854
ybaY_predicted,6.222222222222222,63,8,GTGATGATCCTGGATCCACA,55,4567964
ybaY_predicted,1.1111111111111112,17,8,GTCGTGTCAACCACCGTCGG,9,4572712
ybaY_predicted,3.0,34,8,GTCGTGCCTTAGTGACTTGC,26,4575589
ybaY_predicted,0.3333333333333333,10,8,GTCGCCAACGATGGCATATG,2,4565787
ybaY_predicted,1.3333333333333333,19,8,GTCGATAGCGACATTCTTCT,11,4597931
ybaY_predicted,2.5555555555555554,30,8,GTCCCGAGCGTTTGTCGCGA,22,4571788
ybaY_predicted,0.2222222222222222,9,8,GTCCCCGGAAACTACGTGCA,1,4568663
ybaY_predicted,0.2222222222222222,9,8,GTCCATACCTCTCCTGGTGC,1,4551083
ybaY_predicted,6.444444444444445,65,8,GTCCAACGGTCCTCGTCACA,57,4591970
ybaY_predicted,2.4444444444444446,29,8,GTCAGGAGGAGACCCACAAG,21,4562596
ybaY_predicted,2.7777777777777777,32,8,GTCAGCCACCGGGTGGTCAC,24,4547249
ybaY_predicted,2.7777777777777777,32,8,GTCACTGCATTGCGGCCACA,24,4587017
ybaY_predicted,0.7777777777777778,14,8,GTATATACACCTCCTGTAGT,6,4575527
ybaY_predicted,1.2222222222222223,18,8,GTAGTAGTCACCGCGGACAC,10,4546064
ybaY_predicted,1.6666666666666667,22,8,GTACAGCATAAGTCGCTGTG,14,4593865
ybaY_predicted,2.7777777777777777,32,8,GTAAGCACCGGATTCTGGAT,24,4594848
ybaY_predicted,0.3333333333333333,10,8,GGTGGAGGCCAAGAACGGTC,2,4549150
ybaY_predicted,0.2222222222222222,9,8,GGTCGTGGCTCACATGGATT,1,4575031
ybaY_predicted,3.4444444444444446,38,8,GGTCGTCGTGGTGGGGCGGT,30,4576114
ybaY_predicted,4.777777777777778,50,8,GGTAGGCTTTCTCCTGACTT,42,4567346
ybaY_predicted,1.6666666666666667,22,8,GGTACCCTTTTAGTTTTTGG,14,4550941
ybaY_predicted,1.3333333333333333,19,8,GGGTCCAGGCAGCATATGCG,11,4557947
ybaY_predicted,0.2222222222222222,9,8,GGGTCCACTTCTAGAAGGTT,1,4582892
ybaY_predicted,2.111111111111111,26,8,GGGCCTGATCTGGGGAACGC,18,4558361
ybaY_predicted,8.11111111111111,80,8,GGGCAATTGCGTTTGGTTGA,72,4573643
ybaY_predicted,3.0,34,8,GGGAGAAAAGTTCCGGTTCT,26,4546947
ybaY_predicted,0.3333333333333333,10,8,GGCTAGTGCTTAACACCAGA,2,4550977
ybaY_predicted,5.222222222222222,54,8,GGCGAATATGTAACGCGAGG,46,4552436
ybaY_predicted,2.0,25,8,GGCCGCGACGCACAGTATAC,17,4600723
ybaY_predicted,2.3333333333333335,28,8,GGAGGTCGAACGTACCCACT,20,4550462
ybaY_predicted,4.777777777777778,50,8,GGACACTTCGCACAAGTTTA,42,4579335
ybaY_predicted,0.2222222222222222,9,8,GGAATTTAACTCCAAAAGTC,1,4578693
ybaY_predicted,7.222222222222222,72,8,GCTTTCGTCATTACAAGTCA,64,4549106
ybaY_predicted,5.0,52,8,GCTTGTGCGGTTGTCTCTTG,44,4596232
ybaY_predicted,0.2222222222222222,9,8,GCTTGGGTATTACGGACCAA,1,4587705
ybaY_predicted,1.1111111111111112,17,8,GCTTCGGATGGCGGAGTCTG,9,4596955
ybaY_predicted,2.2222222222222223,27,8,GCTCCAACGGATAAGTCACT,19,4544601
ybaY_predicted,4.444444444444445,47,8,GCTCATTCGTAGAAAAGTTT,39,4576515
ybaY_predicted,6.333333333333333,64,8,GCTATTAACGCGGGGGGTTG,56,4546816
ybaY_predicted,1.1111111111111112,17,8,GCGTTCGCCACTACCCGAAT,9,4587785
ybaY_predicted,2.111111111111111,26,8,GCGGCAGGGGTATTGCCTTA,18,4553483
ybaY_predicted,1.2222222222222223,18,8,GCGGAACTACCCCCCATCTT,10,4590574
ybaY_predicted,1.7777777777777777,23,8,GCCATACTGAGTCGGCGAAC,15,4591461
ybaY_predicted,2.888888888888889,33,8,GCCAGGCGACCATGACGACC,25,4579432
ybaY_predicted,6.555555555555555,66,8,GCCACTCACCCGGTCTCATT,58,4549569
ybaY_predicted,3.3333333333333335,37,8,GCCAAGCCTGAAGATAGAAT,29,4590899
ybaY_predicted,1.5555555555555556,21,8,GCATGGCGTTCGGTGGTGGT,13,4578167
ybaY_predicted,3.5555555555555554,39,8,GCACTAAATGAATTCTACTA,31,4596800
ybaY_predicted,6.222222222222222,63,8,GCACAAATCTGGCCGGCGTC,55,4588010
ybaY_predicted,0.8888888888888888,15,8,GCAAGGCTCAACATCTGGAT,7,4555337
ybaY_predicted,0.2222222222222222,9,8,GCAAATAGGTGGGCCACATG,1,4556846
ybaY_predicted,1.0,16,8,GCAAAACCACAGTTGAGCTT,8,4578443
ybaY_predicted,0.3333333333333333,10,8,GATTCGGGGGCCTGGTATTA,2,4546670
ybaY_predicted,1.3333333333333333,19,8,GATCCCCTTTACTATAACTT,11,4572226
ybaY_predicted,5.666666666666667,58,8,GATCACCTGCGATATTATAC,50,4586941
ybaY_predicted,0.5555555555555556,12,8,GAGTGCATCCACCACCCTAT,4,4589228
ybaY_predicted,4.777777777777778,50,8,GAGATTCGTAATGGACGCAT,42,4592243
ybaY_predicted,2.6666666666666665,31,8,GACGTTATAACGTATTGAAC,23,4547462
ybaY_predicted,0.8888888888888888,15,8,GACGTGGGGGTGGTCTGTGG,7,4600153
ybaY_predicted,0.5555555555555556,12,8,GACGCCGTTCGATATCCGGG,4,4556836
ybaY_predicted,2.2222222222222223,27,8,GACATTCTAACGTATAACAA,19,4591594
ybaY_predicted,1.3333333333333333,19,8,GACACATTAATATACGCTCC,11,4589848
ybaY_predicted,1.4444444444444444,20,8,GAATATCGAGACGTGCCAGT,12,4587063
ybaY_predicted,0.3333333333333333,10,8,CTTTCTAAGGAAATCCCCGG,2,4588436
ybaY_predicted,1.0,16,8,CTTCACTACACGCCGCATGC,8,4561606
ybaY_predicted,0.6666666666666666,13,8,CTTAAGCTTTAGTATGTCTC,5,4550829
ybaY_predicted,1.7777777777777777,23,8,CTGTTCTGCGTAACTGAGTT,15,4579265
ybaY_predicted,0.6666666666666666,13,8,CTGTGTAGATAGTGGAACCT,5,4562854
ybaY_predicted,4.0,43,8,CTGTAATGTTCGCTATTCCC,35,4595290
ybaY_predicted,3.5555555555555554,39,8,CTGGTGTAAGGCACGCCCTA,31,4588442
ybaY_predicted,5.555555555555555,57,8,CTGCAACGTACGTTCGACTA,49,4583653
ybaY_predicted,0.3333333333333333,10,8,CTGACCCTCGAAGCATGAGA,2,4578865
ybaY_predicted,1.4444444444444444,20,8,CTCATCGTTCCGAGGGGATG,12,4578872
ybaY_predicted,1.0,16,8,CTATCGTAGAGGATTCTACA,8,4546581
ybaY_predicted,2.0,25,8,CTAGTCGCAGTATCGCAGCG,17,4585512
ybaY_predicted,3.7777777777777777,41,8,CTAGGCTAGGGGGTGCGTGT,33,4592041
ybaY_predicted,5.777777777777778,59,8,CTACCGTATGGCCGTCCAGC,51,4595646
ybaY_predicted,0.5555555555555556,12,8,CTAACCAGACCTTCTTATCC,4,4563815
ybaY_predicted,3.6666666666666665,40,8,CGTTAATGAGCAAGAGCGCA,32,4550883
ybaY_predicted,1.5555555555555556,21,8,CGTATCCGGGTTCTTTGAGC,13,4556513
ybaY_predicted,1.3333333333333333,19,8,CGGTGACGTAGCGACCCCCT,11,4557327
ybaY_predicted,2.4444444444444446,29,8,CGGTCCCCCCTGCCACCAAT,21,4590612
ybaY_predicted,2.0,25,8,CGGGGCGCAAATTGGAGACT,17,4598523
ybaY_predicted,0.4444444444444444,11,8,CGGGAGTTTGGCGCCGCGCG,3,4562376
ybaY_predicted,0.5555555555555556,12,8,CGGCAGATTGAAAGCGCGGT,4,4565633
ybaY_predicted,2.111111111111111,26,8,CGGAAGTTCTTATATTATGG,18,4590279
ybaY_predicted,3.6666666666666665,40,8,CGCGTGATTTGTCTCGAATG,32,4568094
ybaY_predicted,0.2222222222222222,9,8,CGCCGTTCGTGGGCAAAATC,1,4572283
ybaY_predicted,0.4444444444444444,11,8,CGAGCTTCGCTGAGCGGGCT,3,4564695
ybaY_predicted,3.6666666666666665,40,8,CGACTGCATCGGCGCGAAGG,32,4585838
ybaY_predicted,2.3333333333333335,28,8,CGAAATCATCAGTCCATATC,20,4589944
ybaY_predicted,22.0,205,8,CCTAGTGTATCATCAAGGTA,197,4595633
ybaY_predicted,0.2222222222222222,9,8,CCGGTTACGGAACACGAGAA,1,4567702
ybaY_predicted,2.0,25,8,CCGGGGAGCACTGGATTCTC,17,4577655
ybaY_predicted,0.6666666666666666,13,8,CCGGCAGCATACGGGAGGCC,5,4565731
ybaY_predicted,2.7777777777777777,32,8,CCGATCAACAGATTAATCGT,24,4571842
ybaY_predicted,2.5555555555555554,30,8,CCGAGGACTGTCAATATCTG,22,4568065
ybaY_predicted,1.6666666666666667,22,8,CCGACAGCGTGCACAGTCTG,14,4559740
ybaY_predicted,1.8888888888888888,24,8,CCCGGCGGGGTAGTGTACCC,16,4566718
ybaY_predicted,0.8888888888888888,15,8,CCCCTGGCTTACAGCCGGTC,7,4595536
ybaY_predicted,0.2222222222222222,9,8,CCCCGTAAAAATAAGGGCAT,1,4566168
ybaY_predicted,1.7777777777777777,23,8,CCCCAGTGCTCTGCACGTCA,15,4550203
ybaY_predicted,0.8888888888888888,15,8,CCCCAGAATGTGGTGCATTT,7,4563536
ybaY_predicted,0.6666666666666666,13,8,CCCCACGCCACTAAAAAAAC,5,4593774
ybaY_predicted,1.5555555555555556,21,8,CCCATGTTCTCTCTTGTGGC,13,4564273
ybaY_predicted,2.2222222222222223,27,8,CCCACCGATTCGACTTAATG,19,4577696
ybaY_predicted,4.444444444444445,47,8,CCATACCCGTTGGCAAGATC,39,4555934
ybaY_predicted,2.111111111111111,26,8,CCACGGCCGGAGACGTGCAT,18,4551834
ybaY_predicted,2.5555555555555554,30,8,CCACGCATCTAAATTGGCTC,22,4570264
ybaY_predicted,4.666666666666667,49,8,CCACACTGCGGGCCTTAAGT,41,4587657
ybaY_predicted,1.5555555555555556,21,8,CCAAGTCACCGGGGTTCTCA,13,4559200
ybaY_predicted,0.3333333333333333,10,8,CCAAGGAAAGGTTTTAAGTC,2,4590166
ybaY_predicted,0.5555555555555556,12,8,CATCGTATATAATAGATGGA,4,4547279
ybaY_predicted,5.444444444444445,56,8,CATCATAGCCTACCGAAACT,48,4551234
ybaY_predicted,0.2222222222222222,9,8,CATATTTGGCGTACCCATAG,1,4593120
ybaY_predicted,1.8888888888888888,24,8,CATACAGTAGGAAGCAGACG,16,4546035
ybaY_predicted,1.7777777777777777,23,8,CATAATCTGCTTTAAGCCAT,15,4578699
ybaY_predicted,0.2222222222222222,9,8,CAGTTAGCTGGCCATTGAGT,1,4593599
ybaY_predicted,0.2222222222222222,9,8,CAGTCAACCTTCGTTTATAA,1,4554790
ybaY_predicted,0.6666666666666666,13,8,CAGGCAAACCGTAACTGATA,5,4557895
ybaY_predicted,4.444444444444445,47,8,CAGCGGAATGCACGCGCCTC,39,4583530
ybaY_predicted,0.2222222222222222,9,8,CAGCCGTCTTGCTAACCTAT,1,4558985
ybaY_predicted,2.888888888888889,33,8,CACTTATCTTCCGAGCGAGA,25,4584266
ybaY_predicted,0.2222222222222222,9,8,CACGGCGTTATGCAAAACGA,1,4566639
ybaY_predicted,0.2222222222222222,9,8,CACCGTGAACCCGTTTGTGA,1,4590393
ybaY_predicted,0.6666666666666666,13,8,CACAGCTAAAGGTGTATTTT,5,4548941
ybaY_predicted,3.6666666666666665,40,8,CAACCGTTCTAGTCATAAAT,32,4597965
ybaY_predicted,1.5555555555555556,21,8,CAAATGATCATAGGTGTATT,13,4575241
ybaY_predicted,1.2222222222222223,18,8,CAAAGGATGGCTAATATCCT,10,4559738
ybaY_predicted,0.3333333333333333,10,8,ATTTTTAGAGAGTCGGCTAG,2,4584030
ybaY_predicted,1.5555555555555556,21,8,ATTTGATTAATAGTTGGTTG,13,4572722
ybaY_predicted,9.666666666666666,94,8,ATTTCTGTAGAGTTACGACG,86,4564984
ybaY_predicted,7.222222222222222,72,8,ATTGAGCAATAAGCCCAGGT,64,4560435
ybaY_predicted,2.6666666666666665,31,8,ATTCATTGTTCGCAACTAAT,23,4559894
ybaY_predicted,1.2222222222222223,18,8,ATGGGTGCTTTGGACTCATA,10,4566625
ybaY_predicted,2.7777777777777777,32,8,ATGCTTGTGTGGAGTTAATG,24,4577062
ybaY_predicted,2.6666666666666665,31,8,ATGCGTTGCTGGACACATGC,23,4599705
ybaY_predicted,0.2222222222222222,9,8,ATGCCCTCGGTGTAAGTCGC,1,4563034
ybaY_predicted,1.8888888888888888,24,8,ATGCCATTAAGAGCTCATAC,16,4557127
ybaY_predicted,4.111111111111111,44,8,ATGCAGCTGCCCGGGAACTA,36,4584683
ybaY_predicted,7.444444444444445,74,8,ATGACCGCTTGATTGGACAT,66,4592475
ybaY_predicted,0.2222222222222222,9,8,ATCGGCAGTCTACGGCATGA,1,4576508
ybaY_predicted,1.4444444444444444,20,8,ATCACCAGCGTGTGGATGTG,12,4554308
ybaY_predicted,7.777777777777778,77,8,ATCAACGAATCGAATATCCT,69,4579916
ybaY_predicted,2.7777777777777777,32,8,ATATGTGTTCTCCAACACGA,24,4573564
ybaY_predicted,1.1111111111111112,17,8,ATATGGTTAAACAGGATAAG,9,4586664
ybaY_predicted,3.2222222222222223,36,8,ATAGTGGACATCGAATGCGC,28,4581185
ybaY_predicted,4.444444444444445,47,8,ATAGAATCTGATTAGCCGAA,39,4558878
ybaY_predicted,4.888888888888889,51,8,ATACAGAGCTAGACCCTTCG,43,4572432
ybaY_predicted,0.8888888888888888,15,8,ATAACGCTCATCTCGATGCT,7,4597447
ybaY_predicted,2.7777777777777777,32,8,AGTGGCAGATTTAACAGAGA,24,4562178
ybaY_predicted,1.0,16,8,AGTACGAGCCAAACACCCTC,8,4551700
ybaY_predicted,6.777777777777778,68,8,AGGGAAATTGGCTAGTGCGA,60,4559560
ybaY_predicted,2.5555555555555554,30,8,AGGCGCCTGTACCGCGAGAT,22,4547504
ybaY_predicted,1.8888888888888888,24,8,AGGAGAGTGTCGGGTAGACT,16,4566876
ybaY_predicted,0.2222222222222222,9,8,AGGAGACAAGAACGAGTGCG,1,4553485
ybaY_predicted,3.111111111111111,35,8,AGGAAATTGTAGCTGGGTGA,27,4586656
ybaY_predicted,0.4444444444444444,11,8,AGCTACACCGCAACGTGTCG,3,4588136
ybaY_predicted,2.5555555555555554,30,8,AGCGTCCGGCACAAATATTT,22,4557854
ybaY_predicted,1.7777777777777777,23,8,AGCCCGCGAAAGTCGCTATC,15,4593648
ybaY_predicted,0.2222222222222222,9,8,AGATTGAACGGTCCGTGGTG,1,4556497
ybaY_predicted,1.8888888888888888,24,8,AGATGCCCGGCCAGTGGTCG,16,4577213
ybaY_predicted,1.0,16,8,AGAGTACTCGGGGCTAGAGG,8,4553139
ybaY_predicted,2.0,25,8,AGAACCCCGAGAATCCTTAG,17,4568181
ybaY_predicted,1.3333333333333333,19,8,AGAACAAAGGAACCCGAGGG,11,4565634
ybaY_predicted,6.222222222222222,63,8,AGAAATTTCCCGCGTTTTAA,55,4579316
ybaY_predicted,1.0,16,8,ACTTGGCGCGACTGAATTAT,8,4570715
ybaY_predicted,0.2222222222222222,9,8,ACTTATCTGTGAGCACCGAC,1,4559775
ybaY_predicted,3.3333333333333335,37,8,ACTGGGGGGCGGCCGCCATA,29,4561461
ybaY_predicted,0.3333333333333333,10,8,ACTGAAATATCTCATGTACG,2,4580776
ybaY_predicted,1.2222222222222223,18,8,ACTCCTAGTCTTCAAATGTA,10,4547698
ybaY_predicted,0.2222222222222222,9,8,ACTCAGGTAATATGCTCGTT,1,4578029
ybaY_predicted,1.4444444444444444,20,8,ACGTTAGAACTCGGTGGTCC,12,4550557
ybaY_predicted,4.555555555555555,48,8,ACGTGAACGGTGTTTACCCC,40,4586354
ybaY_predicted,4.222222222222222,45,8,ACGCCCACCTAAAATGATAA,37,4579105
ybaY_predicted,1.4444444444444444,20,8,ACCTCGGGTGGCCTATTTTC,12,4562179
ybaY_predicted,1.2222222222222223,18,8,ACCGATCTACTTCCACCTCA,10,4589822
ybaY_predicted,2.6666666666666665,31,8,ACCGAGGCTCTACCTTACCG,23,4598255
ybaY_predicted,1.5555555555555556,21,8,ACCCGGCGGCCCTTTGTGTT,13,4552294
ybaY_predicted,0.2222222222222222,9,8,ACCCAGGGTTGCCTTTAGTA,1,4594954
ybaY_predicted,1.8888888888888888,24,8,ACCACGTTTCCGAAACAACG,16,4574615
ybaY_predicted,0.7777777777777778,14,8,ACAGTTGCAGGGGCACATGC,6,4570483
ybaY_predicted,3.5555555555555554,39,8,ACAGGGGCCTTTACGTGTAC,31,4579433
ybaY_predicted,2.7777777777777777,32,8,ACACGCCCGGCACTGCACGA,24,4576650
ybaY_predicted,0.3333333333333333,10,8,ACACCAATCCGCGCAACAAT,2,4571124
ybaY_predicted,0.4444444444444444,11,8,ACACAAAATTCAAAACCGAA,3,4548632
ybaY_predicted,2.7777777777777777,32,8,AATGGGAGGCCTAGTGTTTT,24,4567816
ybaY_predicted,1.3333333333333333,19,8,AATCGGTGCAATTTGCACCC,11,4552349
ybaY_predicted,1.3333333333333333,19,8,AATAGTCAGTAATTTGGTCT,11,4558765
ybaY_predicted,2.111111111111111,26,8,AAGGCAAGCAAAACTGTTGC,18,4585269
ybaY_predicted,0.2222222222222222,9,8,AAGCATTGTGCCGTCCTTAC,1,4567206
ybaY_predicted,0.8888888888888888,15,8,AAGAAACGTACGTTATGTTT,7,4566356
ybaY_predicted,0.7777777777777778,14,8,AACTTGGAGATCGTTTTAAC,6,4565997
ybaY_predicted,1.1111111111111112,17,8,AACTCGTATTTCATGTATCT,9,4551634
ybaY_predicted,5.333333333333333,55,8,AACGATCGAGTGAGGTCCTA,47,4572623
ybaY_predicted,1.1111111111111112,17,8,AACGAACGGGTTCCAACCGT,9,4588783
ybaY_predicted,0.2222222222222222,9,8,AACCCGGAGACCGAGTACCT,1,4547391
ybaY_predicted,2.111111111111111,26,8,AACCACGAGCTTAATGATGT,18,4553826
ybaY_predicted,5.222222222222222,54,8,AAATCGGTGTATAGTGTAGT,46,4556854
ybaY_predicted,2.2222222222222223,27,8,AAAGGGGCCGCACGCCTAAA,19,4582555
ybaY_predicted,0.625,11,7,TTTGGTCGGAACTAGAGGTT,4,4558415
ybaY_predicted,2.875,29,7,TTTGGGGAGTGTCCAGCTCT,22,4577150
ybaY_predicted,0.625,11,7,TTTGCAGGCAATCGTATCGG,4,4568509
ybaY_predicted,4.5,42,7,TTTGCAGAGTAACAATCGCT,35,4567666
ybaY_predicted,0.375,9,7,TTTCACGCTCGGACGATATT,2,4558409
ybaY_predicted,0.25,8,7,TTGTGCCATCGATAACGAAC,1,4553573
ybaY_predicted,1.375,17,7,TTGAGATGGCGCCCGACAAG,10,4583233
ybaY_predicted,0.375,9,7,TTGACCGACAATGAGTATGC,2,4565515
ybaY_predicted,1.375,17,7,TTCTATAACGGACCAGTACG,10,4574303
ybaY_predicted,2.125,23,7,TTCGTTGCTGAGATGCATTG,16,4545839
ybaY_predicted,2.5,26,7,TTCGTGTTACGTGGCAACAG,19,4560140
ybaY_predicted,1.625,19,7,TTCGTCTTGCCGTCACGCAG,12,4592359
ybaY_predicted,2.875,29,7,TTCCGCTCACCCCGAAGAAT,22,4564277
ybaY_predicted,0.25,8,7,TTCCCTCGGGGAGAAATATC,1,4593741
ybaY_predicted,1.875,21,7,TTATGGCCCGCCCCGCGGGT,14,4566353
ybaY_predicted,0.25,8,7,TTACTACGCTTTAAATAAAC,1,4596895
ybaY_predicted,2.5,26,7,TTACCTGCTGTTGGGATGAA,19,4577291
ybaY_predicted,0.375,9,7,TTACCTCTCGCGGTGCATTT,2,4556139
ybaY_predicted,0.25,8,7,TTACAGCTTGGAAGATAAAG,1,4565051
ybaY_predicted,5.375,49,7,TGTTGTTATCATGACGTCTC,42,4570113
ybaY_predicted,6.0,54,7,TGTTAAATACACACCCTAGT,47,4550209
ybaY_predicted,9.0,78,7,TGTCATACAGTTGTCTCCTG,71,4599446
ybaY_predicted,0.5,10,7,TGTCAGAGACGACAAGAAAG,3,4598511
ybaY_predicted,5.375,49,7,TGTATGCTTATGATGACTCT,42,4563251
ybaY_predicted,1.25,16,7,TGTACCCGATGAATAAAGGA,9,4588691
ybaY_predicted,3.125,31,7,TGGTTTACAGCATTGCATGT,24,4551240
ybaY_predicted,3.375,33,7,TGGTCATTGATAGCTGAGAC,26,4564572
ybaY_predicted,4.0,38,7,TGGTACGCATAGACCAGCGC,31,4592805
ybaY_predicted,0.875,13,7,TGGGGTGCGGGAACGGCCCC,6,4553877
ybaY_predicted,6.5,58,7,TGGGGCATTCTCATGTGCCT,51,4565625
ybaY_predicted,1.375,17,7,TGGGGCAATTATGGCAAGAT,10,4558747
ybaY_predicted,7.25,64,7,TGGCTATAAGAGGCCAAATT,57,4588769
ybaY_predicted,1.75,20,7,TGGCCAGGAAGGGTACATTC,13,4574875
ybaY_predicted,0.625,11,7,TGGATCACCAAGCCGCAGGC,4,4552664
ybaY_predicted,2.5,26,7,TGGAGCAGGAAACCGCTATA,19,4557029
ybaY_predicted,0.25,8,7,TGGACTGAACGAATCCATAC,1,4586108
ybaY_predicted,0.625,11,7,TGCTCATTGTGTTACTAGAC,4,4588344
ybaY_predicted,1.25,16,7,TGCCGTGAACAAAATTTACG,9,4570969
ybaY_predicted,0.25,8,7,TGCAAACGCGGGGCGCCGGG,1,4574899
ybaY_predicted,2.5,26,7,TGATGGTGGATTTTGACGTA,19,4593661
ybaY_predicted,1.5,18,7,TGATGCTGTCTCCACTCCTC,11,4544408
ybaY_predicted,2.25,24,7,TGATGAAGGCTAAAGTGCTC,17,4584802
ybaY_predicted,0.25,8,7,TGAGGAATGCTCAATAGACA,1,4578905
ybaY_predicted,5.125,47,7,TGACACCCTCGGCGGATTTT,40,4580523
ybaY_predicted,0.625,11,7,TGAAGCGCGCTCTATAAGGG,4,4571725
ybaY_predicted,0.25,8,7,TCTTTTCCGTAATAGATATA,1,4586025
ybaY_predicted,0.25,8,7,TCTTGGTCAAGACGGATATC,1,4587576
ybaY_predicted,2.25,24,7,TCTCCCTGCAGTGCCAGTGG,17,4563761
ybaY_predicted,1.25,16,7,TCTAAAGAGCCGTTTCTTCT,9,4550867
ybaY_predicted,0.25,8,7,TCGTTGTGGGAACATAAACA,1,4596944
ybaY_predicted,10.0,86,7,TCGTCATGCCGAGGTTAGAA,79,4559751
ybaY_predicted,1.0,14,7,TCGGAATATGTTAAATCGAG,7,4584591
ybaY_predicted,0.25,8,7,TCGCGGCTCCCGTAAATGGA,1,4563579
ybaY_predicted,0.375,9,7,TCGATCAACGCAGTTAAAGC,2,4555765
ybaY_predicted,1.625,19,7,TCGAAGGTGAGAAATGTGGC,12,4577688
ybaY_predicted,1.0,14,7,TCGAACGGAGCCACCAGCCA,7,4579459
ybaY_predicted,2.875,29,7,TCGAACAGCGCAATACGGCA,22,4556900
ybaY_predicted,0.25,8,7,TCCCAGACTGGCCTTCGATT,1,4556523
ybaY_predicted,3.375,33,7,TCAGTGTAGGATCCTTTTAC,26,4568268
ybaY_predicted,5.0,46,7,TCACGTACTCCTACCTGAAG,39,4558102
ybaY_predicted,1.0,14,7,TCAATCTCTACTCACGGCGG,7,4564005
ybaY_predicted,3.875,37,7,TCAAATATAGACTAGGCGAA,30,4577186
ybaY_predicted,0.375,9,7,TATTTTTCCGAGTTACTTCT,2,4591759
ybaY_predicted,4.5,42,7,TATGTAGTATGCACGTGTCT,35,4567970
ybaY_predicted,1.5,18,7,TATCTTTCAGTCGGCATCGA,11,4590404
ybaY_predicted,1.75,20,7,TATAGGGATACCCGTGAGTG,13,4563345
ybaY_predicted,4.0,38,7,TAGACCTGCATTCGTTGGTA,31,4570724
ybaY_predicted,0.75,12,7,TACGGGATGACTCATTAGTT,5,4599049
ybaY_predicted,3.375,33,7,TACCAGCCTCTCACTTGGCG,26,4565805
ybaY_predicted,0.375,9,7,TAATTGAGGGGTATCAGGAT,2,4571475
ybaY_predicted,2.5,26,7,TAATATCTCATGTGTGCTCC,19,4560399
ybaY_predicted,3.75,36,7,TAAGCCTAATCGCCTCTTAC,29,4555526
ybaY_predicted,1.5,18,7,TAAGCCCGGATTGCCGAAAA,11,4594567
ybaY_predicted,1.25,16,7,TAAGAACCTCCAGTATTCAT,9,4599989
ybaY_predicted,1.5,18,7,TAAAACACGACAGGGCCAAG,11,4587595
ybaY_predicted,0.75,12,7,GTTTTGTAATGTGAGTGCGC,5,4566391
ybaY_predicted,1.25,16,7,GTTGTGCGTCTGAACTAAGT,9,4560987
ybaY_predicted,2.875,29,7,GTTGTCGTTCCTACGTGCGC,22,4571477
ybaY_predicted,0.25,8,7,GTTACATCCCACTATCGACC,1,4570419
ybaY_predicted,3.0,30,7,GTGTCTGGGCTGTACGCAGC,23,4597563
ybaY_predicted,1.875,21,7,GTGTCCCTATGGGGTTGTAT,14,4548316
ybaY_predicted,0.625,11,7,GTGTACTCGGGCATCATATG,4,4568976
ybaY_predicted,3.5,34,7,GTGGAGAATATTAACCACAA,27,4567164
ybaY_predicted,0.25,8,7,GTGAGTTGGGTATGGGATCC,1,4584686
ybaY_predicted,4.375,41,7,GTCTGTTTGATGACCGTAAA,34,4572683
ybaY_predicted,5.125,47,7,GTCTGGTAGCCCACATCCTG,40,4548958
ybaY_predicted,0.25,8,7,GTCCGGCCCTTTTATCATCA,1,4569988
ybaY_predicted,0.25,8,7,GTCAGCCTACCTAAGTAATC,1,4564954
ybaY_predicted,3.75,36,7,GTCAACATAACTGTAAACTA,29,4564936
ybaY_predicted,1.625,19,7,GTATTGGGGCTGTTAAATGC,12,4577702
ybaY_predicted,6.5,58,7,GTATCCCCTGCGCTTGGATT,51,4588962
ybaY_predicted,2.5,26,7,GTATAAGTGGGATCTTCTAA,19,4587464
ybaY_predicted,1.25,16,7,GTAGGCACATTCTTGTGTCC,9,4544682
ybaY_predicted,4.0,38,7,GTAGAGGGCGCCTGAAGTCT,31,4551837
ybaY_predicted,2.375,25,7,GGTGCTAGCAGATACATCAA,18,4555944
ybaY_predicted,1.125,15,7,GGTGAAAATCGGGAGGGTTA,8,4568604
ybaY_predicted,0.75,12,7,GGTCGGCCGCGCCAGACAAT,5,4558051
ybaY_predicted,0.875,13,7,GGTATTTTGCTGTGACAGTT,6,4589664
ybaY_predicted,5.875,53,7,GGTAATGTGGAACAGGACTA,46,4563359
ybaY_predicted,0.25,8,7,GGGTTTCATCGAAACATGAC,1,4594539
ybaY_predicted,4.125,39,7,GGGTCGTAAGATCGTGATTC,32,4566510
ybaY_predicted,2.875,29,7,GGGATACCTGCGGGCCGATT,22,4591922
ybaY_predicted,1.625,19,7,GGGACTCTCTGTAAGGACCA,12,4570883
ybaY_predicted,2.125,23,7,GGGAAGGACAGAGGTGGTTA,16,4550566
ybaY_predicted,0.75,12,7,GGCTTAATATACACTCACTC,5,4550691
ybaY_predicted,4.375,41,7,GGCGTTCTACAATATGCGGA,34,4584189
ybaY_predicted,2.875,29,7,GGCGTGGACACCTCGGATGT,22,4564859
ybaY_predicted,2.125,23,7,GGATTTGTACCCTTTTCGCA,16,4595444
ybaY_predicted,2.375,25,7,GGATACATCGGATGTTCTAT,18,4563765
ybaY_predicted,6.625,59,7,GGACTTTTTCTGTGCGCCCT,52,4565074
ybaY_predicted,0.625,11,7,GGACTGGGGTGGTACTGATT,4,4579611
ybaY_predicted,3.875,37,7,GGACGGCAGTAGCCGCGCTC,30,4568224
ybaY_predicted,0.25,8,7,GGAAGTTCGTACCCGGTATG,1,4565618
ybaY_predicted,1.0,14,7,GCTTCCCTTCCTCTCCAGAT,7,4587000
ybaY_predicted,6.25,56,7,GCTTATCTCGACCAATCATG,49,4571444
ybaY_predicted,1.25,16,7,GCTCGCGCTCAGGCGTGCGC,9,4580853
ybaY_predicted,2.875,29,7,GCTATTGGACCGCAGTCTGC,22,4576866
ybaY_predicted,4.0,38,7,GCGTTAGAATCATGGATTGG,31,4590690
ybaY_predicted,0.25,8,7,GCGTGCAGTTGGAGTGTTGC,1,4589314
ybaY_predicted,1.0,14,7,GCGTGACCTGAGTGTACCGT,7,4584190
ybaY_predicted,0.5,10,7,GCGCTTAATGTGTCCCTTTC,3,4549901
ybaY_predicted,3.5,34,7,GCGCCTAACAGGATTGGACT,27,4570019
ybaY_predicted,2.625,27,7,GCGCCCGGCGGTACAACCCC,20,4565561
ybaY_predicted,0.375,9,7,GCGAGTACATGGTTTAGCCT,2,4586869
ybaY_predicted,4.625,43,7,GCGACTAACGATATCACCCA,36,4587089
ybaY_predicted,2.0,22,7,GCCTTGCCGGGAGTTGTTCT,15,4560983
ybaY_predicted,0.75,12,7,GCCTGTCGTCGCTCGTGTGG,5,4597480
ybaY_predicted,1.0,14,7,GCCTCTCAGCTTGTCGCTTC,7,4576341
ybaY_predicted,1.875,21,7,GCCTATACGAAGATCGTTCG,14,4565230
ybaY_predicted,2.625,27,7,GCCGGGCGGATGTTGTTCTC,20,4591292
ybaY_predicted,1.375,17,7,GCCGGCTGTTCATAACCTTA,10,4552791
ybaY_predicted,1.625,19,7,GCCCCCGAATTCCTGAGTAT,12,4581752
ybaY_predicted,10.0,86,7,GCATCGCGTTTAAGATTTTA,79,4578550
ybaY_predicted,0.25,8,7,GCAGGTCGGTACGCCTACAC,1,4547256
ybaY_predicted,2.375,25,7,GCAGAGTCTGCTACTGTCTA,18,4546558
ybaY_predicted,1.375,17,7,GCAACAAAGTCTGGAATATC,10,4565667
ybaY_predicted,3.0,30,7,GATTATGCGGTCAGAAGTTC,23,4578969
ybaY_predicted,2.0,22,7,GATGTTAGCAAGACGAGGTC,15,4564632
ybaY_predicted,2.375,25,7,GATCTTGTTAGGGCCGGGGG,18,4590392
ybaY_predicted,0.875,13,7,GATCTTAAATACCAGGCTGG,6,4591802
ybaY_predicted,4.125,39,7,GATCCGCGGAGTCGATTTCT,32,4563993
ybaY_predicted,1.375,17,7,GATCCACAGGGTCATGGTCT,10,4547900
ybaY_predicted,2.625,27,7,GAGTTAGCGTTAAACTTCTA,20,4564743
ybaY_predicted,2.125,23,7,GAGCTTCTGAACGCAGCTTT,16,4552289
ybaY_predicted,3.5,34,7,GAGCGATGGATTTTAGGCCT,27,4593555
ybaY_predicted,4.25,40,7,GAGCCGGTCGTAGCAGATGA,33,4555979
ybaY_predicted,0.5,10,7,GAGACCTAGCTCTGTTACAA,3,4558188
ybaY_predicted,2.625,27,7,GAGAAGTTTGTCTCATGGAT,20,4591004
ybaY_predicted,0.5,10,7,GACGGCAATGTTCATAAAAA,3,4573285
ybaY_predicted,2.875,29,7,GACGAGTTTGCAGAGAGAGC,22,4586976
ybaY_predicted,11.625,99,7,GACCTGGAGAGACGCCATCA,92,4548857
ybaY_predicted,1.25,16,7,GACCCATCAAACGTAGAGCA,9,4549015
ybaY_predicted,0.25,8,7,GACCATTTTTGTAACGCAAG,1,4557359
ybaY_predicted,1.75,20,7,GAACAGCATAGTTGCTCGCA,13,4560142
ybaY_predicted,1.5,18,7,CTTTCACGGACAGGAGGTCA,11,4574515
ybaY_predicted,1.25,16,7,CTTGTCTAGTCCTACGACTG,9,4568160
ybaY_predicted,1.875,21,7,CTTGAGAGGGTTGCCCATAT,14,4598673
ybaY_predicted,3.625,35,7,CTTCCCCACTATAAATTATT,28,4579175
ybaY_predicted,1.625,19,7,CTTCCCCACCTTATAGAGGG,12,4559870
ybaY_predicted,2.625,27,7,CTTCAGTACGATGTCTCCCT,20,4545648
ybaY_predicted,2.5,26,7,CTGGTGGTATAGCCCCACCT,19,4586579
ybaY_predicted,2.375,25,7,CTGGTCTTTTACTAAAATGA,18,4577013
ybaY_predicted,5.875,53,7,CTGACCAGACCGAGGGCTTT,46,4578612
ybaY_predicted,1.875,21,7,CTCTATGCACACAGTTGTGC,14,4572742
ybaY_predicted,0.375,9,7,CTCGTACTCACTGAATGCCT,2,4598609
ybaY_predicted,0.625,11,7,CTCGGAATCAGGTTGAGTCT,4,4579725
ybaY_predicted,6.5,58,7,CTCGCATATCCTACTCGTCC,51,4597507
ybaY_predicted,4.875,45,7,CTCGAGTTTTGTCTGGTCCC,38,4568426
ybaY_predicted,5.0,46,7,CTCCTGGCCCCGATATCCGG,39,4566954
ybaY_predicted,0.25,8,7,CTCCTCAAAGCATTAGTAAC,1,4582688
ybaY_predicted,3.375,33,7,CTCCGATACCAAGACAACCA,26,4585543
ybaY_predicted,4.25,40,7,CTCACCTCGGTGAAGTCCTG,33,4545472
ybaY_predicted,4.875,45,7,CTATTTCGTAGTGATGGGAC,38,4597294
ybaY_predicted,3.375,33,7,CTACACAGGGTGAATATCAC,26,4579771
ybaY_predicted,5.75,52,7,CTAATGGTAGTAGACTTTCG,45,4583183
ybaY_predicted,1.875,21,7,CGTTGTTGCCACCCCATCGT,14,4546611
ybaY_predicted,1.25,16,7,CGTTGGGATTCCGTAGCGGA,9,4560594
ybaY_predicted,0.75,12,7,CGTTGGAAACTTCGAGGCAT,5,4568512
ybaY_predicted,4.875,45,7,CGTTGCCATTCCTGCTAACT,38,4572718
ybaY_predicted,12.75,108,7,CGTGCCATGGCCCACCGCGC,101,4571480
ybaY_predicted,0.5,10,7,CGTGACGAGAAAGTCCTTCA,3,4560354
ybaY_predicted,6.125,55,7,CGTCTCCGATGTATTTGTTC,48,4561431
ybaY_predicted,1.5,18,7,CGTCTCCCTGCGGCTTAGGC,11,4546821
ybaY_predicted,7.75,68,7,CGTCGTCGCCGGGCTCCGAG,61,4555174
ybaY_predicted,1.0,14,7,CGTATCTCATCCACCCAGTC,7,4590362
ybaY_predicted,1.875,21,7,CGTATCGTGGGTTGCGCAAC,14,4557971
ybaY_predicted,1.375,17,7,CGGTGCCGGTACATAGAGCT,10,4596203
ybaY_predicted,0.25,8,7,CGGTCCACGCTTCGAAGGGT,1,4552833
ybaY_predicted,0.25,8,7,CGGGGTCATATGCACAGGGG,1,4567962
ybaY_predicted,0.25,8,7,CGGGGATGATAGACATTGGA,1,4599051
ybaY_predicted,0.625,11,7,CGGGCTCATGGATGGCCGGA,4,4576834
ybaY_predicted,1.875,21,7,CGGGAGCAGAGCCTACACTC,14,4560412
ybaY_predicted,3.125,31,7,CGGCGTGGCAATGCTTTAAT,24,4573671
ybaY_predicted,1.125,15,7,CGGCACTAGCAGGTAGCGTA,8,4550394
ybaY_predicted,1.25,16,7,CGGATCTAAGCCCCACCCGC,9,4566419
ybaY_predicted,3.375,33,7,CGGAGGTAACGATATCCGAT,26,4558098
ybaY_predicted,6.25,56,7,CGGAATGATATCGTCCCTTG,49,4573861
ybaY_predicted,1.125,15,7,CGGAACTTACAACACTGCCG,8,4590149
ybaY_predicted,6.625,59,7,CGCACTCACTGTCCGACGCC,52,4580481
ybaY_predicted,0.25,8,7,CGCACTAGATCGTATAGGTT,1,4567857
ybaY_predicted,2.125,23,7,CGAGTGCAAAATAAGTACGC,16,4571191
ybaY_predicted,0.375,9,7,CGAGTGATTTATGTGATAAG,2,4580171
ybaY_predicted,0.25,8,7,CGAGTCAGGAACCAGATGTA,1,4575173
ybaY_predicted,0.5,10,7,CGAGGAACGGTGTATGGGAC,3,4596734
ybaY_predicted,0.25,8,7,CGACCTATTAGCGTAACCTA,1,4575877
ybaY_predicted,0.25,8,7,CGAATCATTCGATGCTGACA,1,4578975
ybaY_predicted,0.25,8,7,CCTTTTAGAAGCAGTCGAAT,1,4561774
ybaY_predicted,14.5,122,7,CCTGGATATGCGTTCCGGTA,115,4580180
ybaY_predicted,3.0,30,7,CCTCCCCAGTCGAAATTAAA,23,4579319
ybaY_predicted,0.875,13,7,CCTACCGGATTCGTCTCTTC,6,4573917
ybaY_predicted,0.875,13,7,CCGGGCTATTTTCAGCGGCT,6,4596246
ybaY_predicted,0.5,10,7,CCGGGATTAGGTGTGTAGAT,3,4563702
ybaY_predicted,3.0,30,7,CCGCTCGGCAGAGAAACTCG,23,4551267
ybaY_predicted,0.5,10,7,CCGCACTTCCCGGCAAACAG,3,4587106
ybaY_predicted,1.25,16,7,CCGAACTAATACATTACAAG,9,4551907
ybaY_predicted,2.125,23,7,CCCTTATTTCCGGCATCGGT,16,4550252
ybaY_predicted,10.0,86,7,CCCTTAACGTTCGAATTTCT,79,4557532
ybaY_predicted,0.875,13,7,CCCTAGTCTCCTGGTAGACA,6,4547702
ybaY_predicted,0.25,8,7,CCCATTCCATCTATACTTGT,1,4571098
ybaY_predicted,1.375,17,7,CCCATGGCACGAGAAGGGAT,10,4575751
ybaY_predicted,4.375,41,7,CCAGCTCCTATGACGTGCCG,34,4597132
ybaY_predicted,4.375,41,7,CCAGCATGTCACGCGTATGG,34,4596868
ybaY_predicted,1.125,15,7,CCAGAAGTAAGTTGTTCTCG,8,4559053
ybaY_predicted,1.5,18,7,CCACTACCGGATGACATCCA,11,4591248
ybaY_predicted,6.5,58,7,CCACAGGTTTAGTAGTCTTC,51,4584997
ybaY_predicted,3.25,32,7,CCAAGCCTTGAACGAAACCC,25,4571995
ybaY_predicted,3.625,35,7,CCAACGCTCTAATGAATCCG,28,4590520
ybaY_predicted,1.5,18,7,CCAACCGTTGGTTAGAGGCA,11,4569240
ybaY_predicted,0.25,8,7,CCAAACCCTGACGCATGTGC,1,4599202
ybaY_predicted,0.875,13,7,CATGGCACGGAACTACGCCT,6,4588893
ybaY_predicted,2.875,29,7,CATCATTAAGGCGGCTGTAT,22,4552429
ybaY_predicted,0.25,8,7,CAGTCGTTTCCTTTGGCCAT,1,4586943
ybaY_predicted,1.0,14,7,CAGTCGTCGAGGGCGCGTCA,7,4583091
ybaY_predicted,0.625,11,7,CAGCTTGTGAACGTAGGTGG,4,4566818
ybaY_predicted,2.125,23,7,CAGCATACGGACGCTGTACG,16,4594277
ybaY_predicted,3.0,30,7,CACTGTTCACCGGCCCGGCT,23,4578565
ybaY_predicted,3.75,36,7,CACGACAGCATAAGGTGTGC,29,4566447
ybaY_predicted,7.5,66,7,CACCAGTCTTGTATCCACGG,59,4566977
ybaY_predicted,2.125,23,7,CAATTTGTTGCGGAAATCAG,16,4584193
ybaY_predicted,1.5,18,7,CAATTGCGTCGGTGTTCGAT,11,4589617
ybaY_predicted,0.5,10,7,CAAGATTACGGCTGGGTCGG,3,4547284
ybaY_predicted,2.25,24,7,CAACATCTGTTCGCAGTTCT,17,4577627
ybaY_predicted,0.25,8,7,CAAATACATCGAGGGCGACT,1,4577619
ybaY_predicted,1.625,19,7,ATTTCGCTTTTATCACGGGA,12,4556740
ybaY_predicted,0.25,8,7,ATTTCATGTAAGCTTTAAGG,1,4554964
ybaY_predicted,2.125,23,7,ATTGGTTCAATCTAATGGAC,16,4579462
ybaY_predicted,0.25,8,7,ATTCTACCAAATATAGTGAT,1,4561392
ybaY_predicted,0.75,12,7,ATGGATCTAGGTCCAATTTG,5,4586257
ybaY_predicted,23.625,195,7,ATGCTGGTCTCGGGCCGTCA,188,4580161
ybaY_predicted,1.875,21,7,ATGCGGTCCACCATAAATCA,14,4545851
ybaY_predicted,0.25,8,7,ATGAGATTTTTTCCCCCGGC,1,4590503
ybaY_predicted,7.0,62,7,ATCTGTGTCTGCTACGCTTC,55,4571517
ybaY_predicted,3.0,30,7,ATCGGCCTTAACGGTCTTAT,23,4575701
ybaY_predicted,0.25,8,7,ATCGAGCGTCGATTTGGTCC,1,4573697
ybaY_predicted,2.5,26,7,ATCAGAGCGATAGTTATATA,19,4574090
ybaY_predicted,3.25,32,7,ATATCATGGAAGCCACAATC,25,4574398
ybaY_predicted,4.0,38,7,ATAGATCATGACCCGGAGGC,31,4554612
ybaY_predicted,0.75,12,7,ATACTTAACCGGAAGAGTAT,5,4558384
ybaY_predicted,2.125,23,7,ATACCTCCTAAATGGCACGC,16,4574894
ybaY_predicted,0.25,8,7,ATACAAATCGTCTCCAAGAA,1,4586266
ybaY_predicted,1.75,20,7,AGTTGTCTCAGCGCGTCACC,13,4591648
ybaY_predicted,1.25,16,7,AGTGCCCTCGAACACGCTTA,9,4592994
ybaY_predicted,0.75,12,7,AGTGATGAAGCACCACCTGG,5,4555065
ybaY_predicted,4.375,41,7,AGTCTCGTGAGAAACCTATG,34,4568212
ybaY_predicted,1.25,16,7,AGTCACTAGGCTATTGGCAT,9,4553486
ybaY_predicted,9.5,82,7,AGTATAACCGCTACGGTATG,75,4586098
ybaY_predicted,1.875,21,7,AGTAGTTTATATGGTATTAC,14,4559153
ybaY_predicted,1.5,18,7,AGTAGCCGAGCGCGTGATCC,11,4553212
ybaY_predicted,1.125,15,7,AGGTTGGTCGGTTTCAAGGT,8,4598046
ybaY_predicted,1.5,18,7,AGGGGGATAGGCGATACCTA,11,4575778
ybaY_predicted,4.0,38,7,AGGGCGCCCGACTGGAATCA,31,4559112
ybaY_predicted,0.375,9,7,AGGGAGCCAAGTGGGCCAGT,2,4552319
ybaY_predicted,6.625,59,7,AGGCGTGCGTTTACCTTCGA,52,4565077
ybaY_predicted,4.0,38,7,AGGCCATATAAATCTTCCTG,31,4559439
ybaY_predicted,1.75,20,7,AGGCCAAACGGAGAGCACAC,13,4546160
ybaY_predicted,4.625,43,7,AGCTCGATGTCTAGATAGGG,36,4578092
ybaY_predicted,0.25,8,7,AGCGTACGAGTATCATATCT,1,4562737
ybaY_predicted,0.875,13,7,AGCGAACAGCAAGCGCACTA,6,4557798
ybaY_predicted,1.75,20,7,AGCCGGTATGACCAGGGCGA,13,4562429
ybaY_predicted,5.125,47,7,AGCATGTTCTACTTGAAACC,40,4562679
ybaY_predicted,1.875,21,7,AGATCTCGTAGATAGGCCGA,14,4545746
ybaY_predicted,0.625,11,7,AGAGGGGTACGATTTTGCTG,4,4576855
ybaY_predicted,1.5,18,7,AGAGCTATAGTCTTCAACTA,11,4558555
ybaY_predicted,3.0,30,7,AGAGCCCCCCTATACAAGTT,23,4568267
ybaY_predicted,0.25,8,7,ACTAGGGGCCCCTCGCTCTT,1,4591545
ybaY_predicted,1.0,14,7,ACTACCCAGCCGCTCAGTAC,7,4561066
ybaY_predicted,0.375,9,7,ACGTTCAAATCGATCGACTG,2,4552076
ybaY_predicted,1.25,16,7,ACGCTTGCAATGTAGATCGT,9,4571073
ybaY_predicted,2.125,23,7,ACGATACTCTCTTTGCATAG,16,4586456
ybaY_predicted,1.0,14,7,ACGAACTTACTATCTCACAA,7,4591388
ybaY_predicted,1.5,18,7,ACGAAAAGTAATGACTTTGT,11,4578566
ybaY_predicted,2.25,24,7,ACCTATTTCCGCATGCTATA,17,4597046
ybaY_predicted,6.625,59,7,ACCGGGGGCGAATTAGTACG,52,4560697
ybaY_predicted,3.0,30,7,ACCGGAAGGGACACTCGCCT,23,4572558
ybaY_predicted,1.25,16,7,ACCCGTCAAGGCCCCACGAT,9,4579410
ybaY_predicted,3.875,37,7,ACCCCCGTTGCGCGACCTAG,30,4561347
ybaY_predicted,1.5,18,7,ACCATGGTCGCATAGAGGCC,11,4596932
ybaY_predicted,0.25,8,7,ACATTAATAGGGTGAATTCG,1,4561815
ybaY_predicted,0.625,11,7,ACAGTTCGGAGGAGCTAGGG,4,4592027
ybaY_predicted,0.25,8,7,ACACCGCGAGCTCAAAAATA,1,4578335
ybaY_predicted,1.5,18,7,ACAACCCATTAAGAAGACAT,11,4545519
ybaY_predicted,0.5,10,7,ACAACCACAAAAATAATTTG,3,4544903
ybaY_predicted,2.75,28,7,ACAAAGTTAATGTGACTTGC,21,4570802
ybaY_predicted,2.125,23,7,AATTCTTGGTATGCGCCCCG,16,4571451
ybaY_predicted,0.875,13,7,AATTCATGAGTATAGGTTTT,6,4549733
ybaY_predicted,0.25,8,7,AATGTGCATACTACGTGCCC,1,4587107
ybaY_predicted,0.5,10,7,AATGTATTGAGGTTCGCTGA,3,4553665
ybaY_predicted,2.375,25,7,AATCTAATGGGAATTAGCAG,18,4582433
ybaY_predicted,0.25,8,7,AATCATATGCCTATAGTAGA,1,4578824
ybaY_predicted,5.125,47,7,AATCACGGGGGATCCTTACT,40,4548210
ybaY_predicted,3.0,30,7,AATACGAGCTGAGGCAGGTA,23,4551187
ybaY_predicted,4.5,42,7,AATAAGTAGTAGGATACATG,35,4556141
ybaY_predicted,13.375,113,7,AAGTTTGTGAGGGTATAGTT,106,4573453
ybaY_predicted,1.5,18,7,AAGGGGAGTTCTCACTTCTG,11,4556360
ybaY_predicted,0.25,8,7,AAGGCTTCCGTTGGGTTCCA,1,4600146
ybaY_predicted,2.25,24,7,AAGCAATATCGAGTCTTCCT,17,4564350
ybaY_predicted,1.0,14,7,AAGATGGGTAACTCTCTCAA,7,4553707
ybaY_predicted,2.75,28,7,AAGACTAGGATGCTCCGCTG,21,4546967
ybaY_predicted,0.25,8,7,AACGGTCGCACTAAGGACGC,1,4588342
ybaY_predicted,2.75,28,7,AACGGGTGAAATCAGCGTCT,21,4566109
ybaY_predicted,0.25,8,7,AACCCTGGTGGGTTATAATT,1,4570376
ybaY_predicted,0.875,13,7,AACATAGGACCTGTAGTGTT,6,4547708
ybaY_predicted,5.375,49,7,AACATAACTTGTGGCTCAAA,42,4596962
ybaY_predicted,0.25,8,7,AAATTGTTTCACCGCAGAGG,1,4557190
ybaY_predicted,3.25,32,7,AAATCCGTGAGCTTGTAAAT,25,4564138
ybaY_predicted,3.25,32,7,AAAGGGGGACGGATAGGGTT,25,4574258
ybaY_predicted,1.5,18,7,AAAGGCAGAAACAGCGTGTC,11,4573887
ybaY_predicted,0.375,9,7,AAACAAAAGCGATACTCTAT,2,4580158
ybaY_predicted,2.25,24,7,AAAAGCGTCAATAGTTCACT,17,4564524
ybaY_predicted,1.2857142857142858,14,6,TTTTTTGCGGCAGACGTCAT,8,4571276
ybaY_predicted,0.2857142857142857,7,6,TTTTAAGTAAACCGGAATTG,1,4561949
ybaY_predicted,5.714285714285714,45,6,TTTGTGAAATGTCATCTTCC,39,4599915
ybaY_predicted,0.8571428571428571,11,6,TTTCTCATTACCACCTCTCC,5,4557405
ybaY_predicted,1.8571428571428572,18,6,TTTCGCTGCGCGTGGGACTG,12,4554791
ybaY_predicted,4.142857142857143,34,6,TTTACGTGCATGACATTTCT,28,4596576
ybaY_predicted,6.428571428571429,50,6,TTGTTGCATGAAAAGAATAA,44,4591327
ybaY_predicted,7.571428571428571,58,6,TTGTTATGCGTCCCATACGC,52,4544377
ybaY_predicted,2.7142857142857144,24,6,TTGGTCTTCTACCCTAGCAG,18,4550911
ybaY_predicted,4.714285714285714,38,6,TTGATCGGCTAGCACTCTGG,32,4565713
ybaY_predicted,3.857142857142857,32,6,TTGAATAAATTCAACGACGA,26,4561488
ybaY_predicted,1.0,12,6,TTCTGTCGGTTGAGTCGCTG,6,4550988
ybaY_predicted,4.142857142857143,34,6,TTCTCGCCGGGTCAATTGGG,28,4544333
ybaY_predicted,0.2857142857142857,7,6,TTCAGTTCGGCATGGAGAGT,1,4584751
ybaY_predicted,6.428571428571429,50,6,TTCAGCATCAGACACGTAGT,44,4555345
ybaY_predicted,5.0,40,6,TTATCGGTTTAGCAAATAGC,34,4564985
ybaY_predicted,3.0,26,6,TTAGCTGTAAGCCTTTAAGT,20,4555593
ybaY_predicted,7.714285714285714,59,6,TGTTGAGCTGTCCATATAGG,53,4574165
ybaY_predicted,1.5714285714285714,16,6,TGTTCGCGGCTTACACCTTT,10,4570021
ybaY_predicted,6.0,47,6,TGTTCCGCGCTAAGCAGCGA,41,4555189
ybaY_predicted,3.2857142857142856,28,6,TGTGGGGAACTGCCAGGTAA,22,4546142
ybaY_predicted,6.0,47,6,TGTGCACCCCAGAGCTTATG,41,4564570
ybaY_predicted,2.0,19,6,TGTGAAATCCGAATGCGGTA,13,4599005
ybaY_predicted,11.142857142857142,83,6,TGTAGTCGGGAGTGGGCTTG,77,4556008
ybaY_predicted,3.5714285714285716,30,6,TGGTCCTGTCTACGCTTGCT,24,4545711
ybaY_predicted,0.7142857142857143,10,6,TGGGGTGTCAATTCTAAGCA,4,4590916
ybaY_predicted,2.2857142857142856,21,6,TGGGAGCGGCGAAAGAGCGT,15,4584771
ybaY_predicted,0.2857142857142857,7,6,TGGGAGACAGGCGCCGCCAT,1,4552179
ybaY_predicted,2.5714285714285716,23,6,TGGGAATACGTTTCAGTGTA,17,4546985
ybaY_predicted,2.857142857142857,25,6,TGGCTTATCTGGGCCAACGA,19,4547487
ybaY_predicted,4.428571428571429,36,6,TGGCCCTAGATCCCGAGAAT,30,4564606
ybaY_predicted,10.571428571428571,79,6,TGGCAGCCCTGCATCACCTC,73,4573476
ybaY_predicted,0.2857142857142857,7,6,TGGATCGCGTTTGTATGGAT,1,4580012
ybaY_predicted,3.142857142857143,27,6,TGGAGTGCGTCTGCATCTCT,21,4564894
ybaY_predicted,0.42857142857142855,8,6,TGCTTCGACAATCAAGTCCC,2,4581939
ybaY_predicted,1.1428571428571428,13,6,TCTTTTTAGCGATCGCAAGC,7,4555483
ybaY_predicted,0.2857142857142857,7,6,TCTTAGAGGGTAGGTATCAT,1,4557215
ybaY_predicted,2.857142857142857,25,6,TCTGGTTGGCCTATTCACTA,19,4568867
ybaY_predicted,2.5714285714285716,23,6,TCTGGCCAACTCCATTGATG,17,4553939
ybaY_predicted,1.8571428571428572,18,6,TCTGCAACACTTGACACGTA,12,4597801
ybaY_predicted,4.428571428571429,36,6,TCTCGCTGGGTAGGGTATGT,30,4588799
ybaY_predicted,0.8571428571428571,11,6,TCTATCTTAATTGGGGCGTT,5,4591881
ybaY_predicted,1.1428571428571428,13,6,TCTACCGCTGGCGCGTCGAT,7,4595503
ybaY_predicted,3.142857142857143,27,6,TCTAACGAGCGAAATTGTGA,21,4550575
ybaY_predicted,6.428571428571429,50,6,TCGTTACGAAAGGGGTATAT,44,4589232
ybaY_predicted,2.4285714285714284,22,6,TCGGTTAACGGTCAAGCAGA,16,4562537
ybaY_predicted,0.42857142857142855,8,6,TCGGCCTTCCTCGAGGGTTA,2,4552426
ybaY_predicted,3.5714285714285716,30,6,TCGGAGATCATTTATTGTTT,24,4549327
ybaY_predicted,2.142857142857143,20,6,TCGCGTTAAATCTTCTGCTC,14,4580850
ybaY_predicted,0.2857142857142857,7,6,TCGCGGGCAGATCGGAAAGC,1,4594547
ybaY_predicted,1.0,12,6,TCCCTCTTAATGCCGTAGTA,6,4597558
ybaY_predicted,0.2857142857142857,7,6,TCCCCGAGTATTAGCCTCTT,1,4585631
ybaY_predicted,3.0,26,6,TCATTCTGCGGAAGGCGACA,20,4547459
ybaY_predicted,2.2857142857142856,21,6,TCATGCCTTATAGTTTCAAT,15,4560494
ybaY_predicted,0.2857142857142857,7,6,TCATCCGGATCTTCATTCGA,1,4568033
ybaY_predicted,2.0,19,6,TCAGGGATAAAATGATGCTG,13,4555719
ybaY_predicted,0.5714285714285714,9,6,TCAGGCTACGAAGTTCGACA,3,4554843
ybaY_predicted,0.7142857142857143,10,6,TCACTCCCATTGGTTGTCAA,4,4597755
ybaY_predicted,3.857142857142857,32,6,TCACGGGTGTATACTAATTC,26,4593413
ybaY_predicted,1.0,12,6,TCAAGGCCATGCTTCATAAC,6,4574791
ybaY_predicted,8.285714285714286,63,6,TCAAATGAGCGATGCGCACG,57,4589350
ybaY_predicted,1.0,12,6,TATTTCGGGGTAAAGGTTAT,6,4557514
ybaY_predicted,2.7142857142857144,24,6,TATGTTAAGTACTGGTTCAT,18,4592031
ybaY_predicted,0.2857142857142857,7,6,TATGCATCTGAGTACACGCA,1,4548206
ybaY_predicted,0.5714285714285714,9,6,TATCCCCGTGTGAGGGCGAA,3,4594477
ybaY_predicted,0.2857142857142857,7,6,TATATGCCTTCGGGTTTTCT,1,4568802
ybaY_predicted,1.1428571428571428,13,6,TATATAATATCAAGGCAAAC,7,4589828
ybaY_predicted,0.7142857142857143,10,6,TATAGGTTTGTATTACAAAT,4,4582347
ybaY_predicted,4.714285714285714,38,6,TATAGAAAGCCCAACCCGGG,32,4589579
ybaY_predicted,1.0,12,6,TAGGCACGAAATTGGCATGT,6,4553490
ybaY_predicted,0.2857142857142857,7,6,TAGGACAAATAATGGCAATG,1,4570552
ybaY_predicted,0.42857142857142855,8,6,TAGCCCACTCAAGCAGTCCT,2,4547486
ybaY_predicted,0.7142857142857143,10,6,TAGAAGAGATGAGAGCTTAT,4,4555614
ybaY_predicted,0.2857142857142857,7,6,TACTACGCTAGCAATTATCC,1,4575856
ybaY_predicted,3.142857142857143,27,6,TACGCGTCGTGTTCCTGGCT,21,4579614
ybaY_predicted,2.5714285714285716,23,6,TACATCGGACTTAGCTGGAC,17,4558374
ybaY_predicted,0.2857142857142857,7,6,GTTAGTACGTTACCTTAGGA,1,4554197
ybaY_predicted,3.7142857142857144,31,6,GTTACTGTTATACTGCGTGC,25,4561676
ybaY_predicted,2.2857142857142856,21,6,GTGTGTATCCATCATATTAT,15,4576503
ybaY_predicted,0.8571428571428571,11,6,GTGCTTCTGGCGCGTCATCG,5,4562944
ybaY_predicted,8.857142857142858,67,6,GTGCCTATCGGCGTCACTGA,61,4579059
ybaY_predicted,3.2857142857142856,28,6,GTGCACCCGACGTAACCACG,22,4593183
ybaY_predicted,1.4285714285714286,15,6,GTCCAGGTAATAGGAATTTT,9,4569442
ybaY_predicted,2.2857142857142856,21,6,GTCATTAGCGGGCACTGGGC,15,4566181
ybaY_predicted,3.7142857142857144,31,6,GTCACGATGACAGGATTCCA,25,4578848
ybaY_predicted,2.0,19,6,GTATTGATGATAACAACGAG,13,4574473
ybaY_predicted,3.4285714285714284,29,6,GTAGTCGGCGAATACAGGCG,23,4563150
ybaY_predicted,12.0,89,6,GTACTGGCAGGATCGTTCCG,83,4584278
ybaY_predicted,1.0,12,6,GTAAACACACATAACTTGCT,6,4551516
ybaY_predicted,6.857142857142857,53,6,GGTTGGCGGCCTACTGGGTT,47,4549701
ybaY_predicted,2.2857142857142856,21,6,GGTGAATCCCAGGGAAGGCG,15,4568809
ybaY_predicted,7.285714285714286,56,6,GGTCTCCCTCGGGCGGCGCC,50,4575345
ybaY_predicted,0.5714285714285714,9,6,GGTCTAGAGTGGTGTTATAC,3,4553259
ybaY_predicted,0.5714285714285714,9,6,GGTCCGTTTTTATTCATTTA,3,4583177
ybaY_predicted,2.2857142857142856,21,6,GGTAATCAGTCGTGGCAGAA,15,4596795
ybaY_predicted,1.0,12,6,GGGGTGCCCCTCCCTGCAAA,6,4554025
ybaY_predicted,6.142857142857143,48,6,GGGGGGCTGAACAACTGATC,42,4590075
ybaY_predicted,3.142857142857143,27,6,GGGCTCAGGGACAGAAGTCA,21,4548903
ybaY_predicted,1.0,12,6,GGGATCATTGACTCACCGTA,6,4560060
ybaY_predicted,0.2857142857142857,7,6,GGCTACGATATCAAAATCAA,1,4588448
ybaY_predicted,0.2857142857142857,7,6,GGCGTTGGTCTGCAGTCGAT,1,4575797
ybaY_predicted,2.5714285714285716,23,6,GGCGAGCTCTCCGCGCTCCA,17,4574767
ybaY_predicted,5.142857142857143,41,6,GGCCGCGCGTTGCTTGTAAC,35,4590431
ybaY_predicted,7.0,54,6,GGCCGCGACGTACAGCGTAA,48,4551085
ybaY_predicted,1.4285714285714286,15,6,GGCCGATCGGTGAAGATAGA,9,4562818
ybaY_predicted,0.2857142857142857,7,6,GGCAGCGCTCTAACTTGCTC,1,4591472
ybaY_predicted,0.8571428571428571,11,6,GGATGGCCGGCATGTTAGAC,5,4571488
ybaY_predicted,0.2857142857142857,7,6,GGAAGCCATTGCACACATAG,1,4558295
ybaY_predicted,0.2857142857142857,7,6,GCTTTCTGAAAACTACTGTC,1,4590590
ybaY_predicted,4.714285714285714,38,6,GCTGCAAGGGTCGGTTCCTT,32,4591361
ybaY_predicted,1.1428571428571428,13,6,GCTCAGTGGGAATCATGCGT,7,4562260
ybaY_predicted,0.7142857142857143,10,6,GCGGTCGTTCTGGAACCCGA,4,4588822
ybaY_predicted,1.4285714285714286,15,6,GCGGAAACCTGAACTTCCGA,9,4549243
ybaY_predicted,0.2857142857142857,7,6,GCGCTAAACGCTTTGCAAAC,1,4550261
ybaY_predicted,0.8571428571428571,11,6,GCGATTAAGACATCAGAAAT,5,4585232
ybaY_predicted,3.0,26,6,GCGACGAAGGGAATTCAGCT,20,4558922
ybaY_predicted,2.2857142857142856,21,6,GCCGGCAGTAGGCTTGGCTC,15,4549040
ybaY_predicted,3.2857142857142856,28,6,GCCCAGTTCTTAGGGACTCA,22,4558109
ybaY_predicted,3.4285714285714284,29,6,GCCACACTCTGCGGACAGAT,23,4569554
ybaY_predicted,7.0,54,6,GCATACGGTGTCTGTGTGTA,48,4596933
ybaY_predicted,0.2857142857142857,7,6,GCATAAAGTCCGAGCGTACA,1,4564426
ybaY_predicted,0.2857142857142857,7,6,GCACTGAGAATGATGACGAT,1,4595823
ybaY_predicted,2.857142857142857,25,6,GATTGGTCTTTCCATAAACG,19,4578140
ybaY_predicted,1.8571428571428572,18,6,GATGTCGGCCCTTGTTGGGT,12,4579212
ybaY_predicted,1.2857142857142858,14,6,GATGTCCGTCGTGCTTCAAA,8,4587001
ybaY_predicted,3.5714285714285716,30,6,GATGGTGGGACTACGTGGTT,24,4591889
ybaY_predicted,2.7142857142857144,24,6,GATACTGGGTGTTTTACAGA,18,4582610
ybaY_predicted,1.5714285714285714,16,6,GATAAGGAACGGCGCCATCG,10,4588232
ybaY_predicted,0.2857142857142857,7,6,GAGTTTCGGATGGAAGCGGA,1,4545000
ybaY_predicted,3.0,26,6,GAGTAACGCTCTTAGTGGCA,20,4580988
ybaY_predicted,2.2857142857142856,21,6,GAGGACATTAGTAATATTGC,15,4583700
ybaY_predicted,4.571428571428571,37,6,GAGCGGCCCAACTCAATATC,31,4581969
ybaY_predicted,4.857142857142857,39,6,GAGCCCCACCTTGTACATGT,33,4544900
ybaY_predicted,3.2857142857142856,28,6,GACTTCTTTTTAACCACGAA,22,4572879
ybaY_predicted,0.5714285714285714,9,6,GACGTAGTTGGAGTACGTAT,3,4563983
ybaY_predicted,1.5714285714285714,16,6,GACGGAGCATCCTCCGTTGA,10,4570730
ybaY_predicted,0.42857142857142855,8,6,GACGCGGCTTAGCACAAGCA,2,4573786
ybaY_predicted,10.857142857142858,81,6,GACATGCGTGCAGTTGTCTT,75,4576981
ybaY_predicted,3.7142857142857144,31,6,GACAAATGGTCCCTATCCTC,25,4565346
ybaY_predicted,6.714285714285714,52,6,GAATAACCCACCTTGGCGAT,46,4550235
ybaY_predicted,0.8571428571428571,11,6,GAAGCCCGACAGCAAAGCTC,5,4590189
ybaY_predicted,2.5714285714285716,23,6,GAACGTTCTAAAGATAAGAC,17,4565266
ybaY_predicted,1.5714285714285714,16,6,GAAAATGCGGCTGAGAAGCA,10,4597081
ybaY_predicted,0.2857142857142857,7,6,CTTTGTGGGAAATCGTGAAC,1,4585919
ybaY_predicted,5.857142857142857,46,6,CTTTGTAGCCCTGAAGTATG,40,4565080
ybaY_predicted,1.1428571428571428,13,6,CTTTATCTTTCCTCCATATG,7,4564834
ybaY_predicted,4.142857142857143,34,6,CTTTAGTCATTGTAGTGAAA,28,4591317
ybaY_predicted,1.0,12,6,CTTGTGGAGCGAGTCGTGAC,6,4549714
ybaY_predicted,0.2857142857142857,7,6,CTTCGAAGTTTCCATACCTC,1,4566068
ybaY_predicted,2.142857142857143,20,6,CTGGTGTTACATGTTCCTGC,14,4560097
ybaY_predicted,6.142857142857143,48,6,CTGCAAATGGGAACGACTCG,42,4581610
ybaY_predicted,2.7142857142857144,24,6,CTGATGTGAATTGAGTGCTA,18,4591139
ybaY_predicted,5.571428571428571,44,6,CTGATCCCAACCTCAGGAAT,38,4548520
ybaY_predicted,0.2857142857142857,7,6,CTGACCCAGCACTATTACAA,1,4560038
ybaY_predicted,0.5714285714285714,9,6,CTCTCTGTGACGCTGAATCA,3,4591817
ybaY_predicted,5.0,40,6,CTCCACATTAGGCGTGAAAT,34,4577926
ybaY_predicted,7.714285714285714,59,6,CTAGGCGTAGCACGCCCATA,53,4571686
ybaY_predicted,4.428571428571429,36,6,CTACTTTTTGGGCGCCCGAA,30,4559705
ybaY_predicted,0.42857142857142855,8,6,CTACCCTACTTTAACGGTCA,2,4571549
ybaY_predicted,0.7142857142857143,10,6,CTAACCAACTCAAGGCGCGT,4,4546730
ybaY_predicted,10.285714285714286,77,6,CTAAATAGGTATCGTATCCT,71,4596517
ybaY_predicted,1.0,12,6,CGTTTCACGTGCCCTGAATA,6,4594801
ybaY_predicted,2.2857142857142856,21,6,CGTTAATCCAGCATCTACAG,15,4595769
ybaY_predicted,2.7142857142857144,24,6,CGTCTGGACCAACGTTTTGG,18,4592128
ybaY_predicted,0.8571428571428571,11,6,CGGTATCCCAGATGCGAATC,5,4574364
ybaY_predicted,2.2857142857142856,21,6,CGGGGTCACCCGATTAACAA,15,4549827
ybaY_predicted,4.0,33,6,CGGGCGCGGTTGTGATCAAA,27,4552981
ybaY_predicted,5.571428571428571,44,6,CGGCTTGGGCAAGGCCCGAC,38,4546734
ybaY_predicted,2.2857142857142856,21,6,CGGCCACTGACACGCGAATG,15,4570725
ybaY_predicted,0.7142857142857143,10,6,CGGCATGACCCCCTTCGTGT,4,4562228
ybaY_predicted,0.2857142857142857,7,6,CGGATAGCCTTTGAGAAAAT,1,4571997
ybaY_predicted,1.5714285714285714,16,6,CGCTGAGGTTGATGTTCTGG,10,4567491
ybaY_predicted,2.0,19,6,CGCTAAAGAGCTTAGCTCAT,13,4550251
ybaY_predicted,5.285714285714286,42,6,CGCGTCGGAAAGCTATTTAT,36,4574388
ybaY_predicted,3.0,26,6,CGCGCCTCAGTGCTTTCTGT,20,4578685
ybaY_predicted,5.142857142857143,41,6,CGCCCGTAGTATTGTGTTCA,35,4581419
ybaY_predicted,1.1428571428571428,13,6,CGATGAGTGTCTTATTCCGG,7,4570453
ybaY_predicted,0.5714285714285714,9,6,CGATATCGGCTTTTGCGTGC,3,4590732
ybaY_predicted,0.2857142857142857,7,6,CGAGGGGATACAAGTTCAGA,1,4572747
ybaY_predicted,5.142857142857143,41,6,CGAGGGACCAAACGGCGACA,35,4591462
ybaY_predicted,3.0,26,6,CGACGGGACTCCGCTTAGCC,20,4551584
ybaY_predicted,0.2857142857142857,7,6,CGACGATAGATATGTTTGAA,1,4556555
ybaY_predicted,2.2857142857142856,21,6,CGAAAAGATTGGGAATCTTT,15,4556902
ybaY_predicted,5.285714285714286,42,6,CCTTCGCTACACAGTACAGC,36,4563435
ybaY_predicted,3.142857142857143,27,6,CCTAAACTTCGTACTGACGA,21,4582283
ybaY_predicted,0.5714285714285714,9,6,CCTAAACTTCCGGCAGCATC,3,4569584
ybaY_predicted,1.0,12,6,CCGTTCCGATGTCTGACAAA,6,4593045
ybaY_predicted,4.285714285714286,35,6,CCGTTAAAATATTTTAGGAG,29,4568319
ybaY_predicted,1.1428571428571428,13,6,CCGGTAGAATATCGTAAGTT,7,4592937
ybaY_predicted,3.0,26,6,CCGGCTCGTTTGGACTCGTG,20,4565104
ybaY_predicted,0.7142857142857143,10,6,CCGGAGAGCGAACCCGCGGT,4,4552079
ybaY_predicted,4.857142857142857,39,6,CCGCTGCATTACGAAAACAT,33,4590903
ybaY_predicted,1.2857142857142858,14,6,CCGAGAGGTATATATCACCC,8,4561617
ybaY_predicted,1.8571428571428572,18,6,CCCGGGAATACCTCCTCATT,12,4566747
ybaY_predicted,5.0,40,6,CCCAGCAACCACTCAGTTGA,34,4564998
ybaY_predicted,4.857142857142857,39,6,CCCAACGGAGATAGGTAGTA,33,4578620
ybaY_predicted,1.4285714285714286,15,6,CCATGGAAGCGCACGGAGAA,9,4579393
ybaY_predicted,0.42857142857142855,8,6,CCAGGACAAAGCCATATAGA,2,4579679
ybaY_predicted,0.7142857142857143,10,6,CCAATCGTTGAGACTGCTAA,4,4570118
ybaY_predicted,0.2857142857142857,7,6,CATCGCTCTACATCGAGGCC,1,4570133
ybaY_predicted,3.0,26,6,CATCCGAGATTTGACTGGTA,20,4588736
ybaY_predicted,2.142857142857143,20,6,CATCCAGACGATATTCGGTG,14,4597883
ybaY_predicted,2.857142857142857,25,6,CATAGCCAGTTGACGGAGCA,19,4600450
ybaY_predicted,3.142857142857143,27,6,CAGTTCAGTACTGGGCTAGG,21,4586218
ybaY_predicted,0.42857142857142855,8,6,CAGGCCCTTTCGCCTCGCGT,2,4570368
ybaY_predicted,4.285714285714286,35,6,CAGCTATATAGACGGCCGGG,29,4595800
ybaY_predicted,8.285714285714286,63,6,CACTTTAGTTCTATTAATCT,57,4580175
ybaY_predicted,3.2857142857142856,28,6,CACTTCGACCGGTGTCACGG,22,4589766
ybaY_predicted,2.5714285714285716,23,6,CACGGACCTAGCGGTAAGTA,17,4574100
ybaY_predicted,1.0,12,6,CACCTGAATCTAAACTGATA,6,4599173
ybaY_predicted,4.142857142857143,34,6,CACCAGTGGACCTTGAACAT,28,4599576
ybaY_predicted,1.2857142857142858,14,6,CACATACCATTTGGGGGCGA,8,4585191
ybaY_predicted,7.571428571428571,58,6,CACATAAGAGGCTTGTGGTC,52,4570826
ybaY_predicted,4.428571428571429,36,6,CAAGCCGAGGGTCAGAGGTA,30,4550197
ybaY_predicted,7.142857142857143,55,6,CAACTAGAAAAGCGTCAGAT,49,4555811
ybaY_predicted,5.428571428571429,43,6,CAACGTTTTCTACTAAATGT,37,4579712
ybaY_predicted,3.4285714285714284,29,6,ATTTGCAGACATGTCTGATT,23,4546094
ybaY_predicted,0.8571428571428571,11,6,ATTTACTTGGGTTTCTTCGA,5,4577243
ybaY_predicted,0.42857142857142855,8,6,ATTCGCATCACTTTGAAATC,2,4552427
ybaY_predicted,2.142857142857143,20,6,ATTATATTAAGCACACGGCA,14,4574353
ybaY_predicted,0.2857142857142857,7,6,ATTACGGCTTTAGGGCTCAA,1,4570464
ybaY_predicted,0.8571428571428571,11,6,ATGTAGAACTGAGGCCACCT,5,4581785
ybaY_predicted,0.5714285714285714,9,6,ATGTAACTGCGTAATCAAGC,3,4545539
ybaY_predicted,5.142857142857143,41,6,ATGGTGCTTTGGCTTGTCTG,35,4586767
ybaY_predicted,0.2857142857142857,7,6,ATGGGCGGCGGCGTTCGTCC,1,4582189
ybaY_predicted,0.2857142857142857,7,6,ATGGACCATGACGTAATTGG,1,4581222
ybaY_predicted,0.42857142857142855,8,6,ATGCTAGACTGTGATGTATA,2,4599305
ybaY_predicted,1.1428571428571428,13,6,ATGAATCGGGGTGACGAATA,7,4556448
ybaY_predicted,0.2857142857142857,7,6,ATCCTATCAGTTGCCCGGCG,1,4566536
ybaY_predicted,3.7142857142857144,31,6,ATCCGAGCTTCTAAAGGGTC,25,4545254
ybaY_predicted,4.714285714285714,38,6,ATATTCCAGGAAGTTAGTGA,32,4596898
ybaY_predicted,0.5714285714285714,9,6,ATAGGCAGTGTGGGCTCCAG,3,4581960
ybaY_predicted,0.2857142857142857,7,6,ATAGAGCAATTGGCCCTGGA,1,4583670
ybaY_predicted,0.2857142857142857,7,6,ATACCGAACAGCGTCTCAGT,1,4567283
ybaY_predicted,0.42857142857142855,8,6,ATAAATTGTACAATCGGCGC,2,4585332
ybaY_predicted,3.7142857142857144,31,6,AGTTTGTAGTCCCTACAGGA,25,4588625
ybaY_predicted,6.428571428571429,50,6,AGTTGAGGGTTTCGGGGGTT,44,4600528
ybaY_predicted,2.5714285714285716,23,6,AGTGGCCGCGGTCCTCGTGA,17,4583048
ybaY_predicted,0.5714285714285714,9,6,AGTCCTCGTTTACCATCTGA,3,4596392
ybaY_predicted,0.7142857142857143,10,6,AGTAAAGCTTAATAATGTCT,4,4588603
ybaY_predicted,6.428571428571429,50,6,AGGTGAGTGTTAAAGTCCTA,44,4545252
ybaY_predicted,3.2857142857142856,28,6,AGGTCCTATCGGGTTTAATG,22,4544774
ybaY_predicted,2.2857142857142856,21,6,AGGGGACGCTCATCATAGCT,15,4560857
ybaY_predicted,1.5714285714285714,16,6,AGGCTATTCTACCACCGTCA,10,4566163
ybaY_predicted,0.5714285714285714,9,6,AGGCAACGTTCGTTTACCCT,3,4566311
ybaY_predicted,2.5714285714285716,23,6,AGCGCCCAAGCCACCACACT,17,4580097
ybaY_predicted,2.857142857142857,25,6,AGCCTCATTTTATCTCGCGC,19,4594684
ybaY_predicted,1.2857142857142858,14,6,AGCCCAGAGTCCCTGGAAAT,8,4577296
ybaY_predicted,0.42857142857142855,8,6,AGATAATGCTAGTAGGGTTA,2,4571925
ybaY_predicted,4.714285714285714,38,6,AGAGGCGCACAAAATGGGCG,32,4555531
ybaY_predicted,3.7142857142857144,31,6,AGAGACAACAATTGATAGAC,25,4555703
ybaY_predicted,3.4285714285714284,29,6,ACTTTAGTTCTGCCCGGCCA,23,4557141
ybaY_predicted,0.42857142857142855,8,6,ACTTTAGGGCGATGGGGCGT,2,4564880
ybaY_predicted,2.5714285714285716,23,6,ACTTATACGGCCCGGTATAC,17,4568209
ybaY_predicted,1.4285714285714286,15,6,ACTGGGCGGCGCCAAGGAGC,9,4562958
ybaY_predicted,2.4285714285714284,22,6,ACTCGATCCTAGTAACCCCG,16,4557983
ybaY_predicted,1.2857142857142858,14,6,ACTACTAGCAATAGTTTCCT,8,4577685
ybaY_predicted,7.142857142857143,55,6,ACGTTGGCCTACTTATAGTA,49,4594866
ybaY_predicted,1.8571428571428572,18,6,ACGTCTTCGCGATTGCGGTG,12,4593750
ybaY_predicted,0.2857142857142857,7,6,ACCTGAGAAATCGTTCGAAC,1,4568607
ybaY_predicted,2.2857142857142856,21,6,ACCTCCGGACAGGCTCTTGG,15,4551006
ybaY_predicted,1.8571428571428572,18,6,ACCGTATGTATATGAAATTA,12,4569295
ybaY_predicted,2.5714285714285716,23,6,ACCGGGGATTGATTGTCCTA,17,4557014
ybaY_predicted,0.42857142857142855,8,6,ACCCGGGCGGGTGGGAGACA,2,4579668
ybaY_predicted,2.0,19,6,ACCACTTAGTAAGTGGAGTA,13,4565208
ybaY_predicted,0.42857142857142855,8,6,ACCAAACCATGATCAAGATG,2,4588643
ybaY_predicted,0.2857142857142857,7,6,ACATGTCTTCTGCTGTTACG,1,4568749
ybaY_predicted,9.142857142857142,69,6,ACATGGATTGCGGATTAGGC,63,4567363
ybaY_predicted,1.5714285714285714,16,6,ACATAGGGCCTTGCTGGTAG,10,4550497
ybaY_predicted,3.5714285714285716,30,6,ACACGATAAAATTCCTAGGA,24,4581951
ybaY_predicted,2.0,19,6,ACACAGTCCAATCGTGAGGC,13,4548426
ybaY_predicted,0.5714285714285714,9,6,ACAATTCAATAGATTGGCGA,3,4582053
ybaY_predicted,7.0,54,6,ACAAGTGCTCAATTGCCCAA,48,4595605
ybaY_predicted,1.2857142857142858,14,6,ACAAGCGGAGCGCCGCAGGT,8,4573471
ybaY_predicted,3.7142857142857144,31,6,ACAAAGGCTCACTCGCGGTA,25,4573664
ybaY_predicted,1.4285714285714286,15,6,AATTAGCCCATCATCGTTTC,9,4563093
ybaY_predicted,0.2857142857142857,7,6,AATGCTCGTTTGACACCGGT,1,4563178
ybaY_predicted,0.2857142857142857,7,6,AATATTCTGTCCTTAGACTC,1,4550023
ybaY_predicted,1.8571428571428572,18,6,AAGTTGGCCTTGGGTGGTAC,12,4573269
ybaY_predicted,2.0,19,6,AAGTACTGAGTAGGAACACG,13,4569118
ybaY_predicted,3.7142857142857144,31,6,AAGGGTGAACCAGTTCGTTA,25,4590397
ybaY_predicted,6.142857142857143,48,6,AAGGGCCTGTGAGCCTCACG,42,4581839
ybaY_predicted,3.5714285714285716,30,6,AAGGCGATAGAAGGCGGGTC,24,4580992
ybaY_predicted,1.4285714285714286,15,6,AAGGAGAGCCACCGGGGGTA,9,4564037
ybaY_predicted,0.2857142857142857,7,6,AAGCTTCGCGTAGCCACAGG,1,4568273
ybaY_predicted,0.7142857142857143,10,6,AAGAACCCTGGGCTCGCAGA,4,4576763
ybaY_predicted,8.142857142857142,62,6,AACTTGTAACTTGAATCTCG,56,4586818
ybaY_predicted,8.714285714285714,66,6,AACTCCCGTTCTTCCTATGT,60,4580295
ybaY_predicted,2.4285714285714284,22,6,AACGGCAGTGCCCTTCTCGT,16,4545690
ybaY_predicted,3.4285714285714284,29,6,AACGCCAGGGGCCACATTTA,23,4568409
ybaY_predicted,6.857142857142857,53,6,AACCACAAGGTTCGGTTTCA,47,4586920
ybaY_predicted,0.2857142857142857,7,6,AACACTTTATAAGCTGGTGT,1,4564329
ybaY_predicted,7.571428571428571,58,6,AAATGGTCCGGTTCATTCGG,52,4579883
ybaY_predicted,3.7142857142857144,31,6,AAACGGGAATAATGCTCAGG,25,4553470
ybaY_predicted,0.8571428571428571,11,6,AAACGCCTGTATTTTCTGCT,5,4570192
ybaY_predicted,2.4285714285714284,22,6,AAACAGATGCAGGAGAGCCC,16,4579322
ybaY_predicted,1.0,12,6,AAAATTGGACTACACGGATT,6,4544517
ybaY_predicted,6.166666666666667,41,5,TTTTAATCGGAAGTGGCTTA,36,4563043
ybaY_predicted,1.8333333333333333,15,5,TTGTGATTACGTTACCGTTA,10,4547002
ybaY_predicted,3.0,22,5,TTGGTGCTACGTGCCACGAG,17,4564851
ybaY_predicted,2.6666666666666665,20,5,TTGGGCTGACAATTCAAGTC,15,4583353
ybaY_predicted,0.3333333333333333,6,5,TTGCGTCTCGCGCCCGCCGG,1,4573406
ybaY_predicted,0.3333333333333333,6,5,TTGCCTCGGGAGTCAGGGTA,1,4549747
ybaY_predicted,7.333333333333333,48,5,TTGATTGACGCGCAAGATGA,43,4587620
ybaY_predicted,2.3333333333333335,18,5,TTGATGGTAGCCACTCCTCC,13,4552604
ybaY_predicted,2.0,16,5,TTGAGTGGACCATAAACACC,11,4545247
ybaY_predicted,1.6666666666666667,14,5,TTCTGGATCGGGGACCGTTG,9,4584314
ybaY_predicted,7.333333333333333,48,5,TTCTCCGGAGACATGCGATA,43,4553482
ybaY_predicted,2.3333333333333335,18,5,TTCCTATTGTCCCAGAGTTT,13,4597298
ybaY_predicted,0.3333333333333333,6,5,TTCCCTTGGCCTTTTACGAC,1,4599586
ybaY_predicted,2.5,19,5,TTCACAAGATTTGATATCTG,14,4562400
ybaY_predicted,7.0,46,5,TTATGTTTACGTTTCTTCCT,41,4589235
ybaY_predicted,2.6666666666666665,20,5,TTATAGGAGGGTGTGGGAAG,15,4596512
ybaY_predicted,2.3333333333333335,18,5,TTAGTTGCGAGATTGACTCT,13,4546719
ybaY_predicted,2.6666666666666665,20,5,TTAGTCTCTTTGTGTCGTCC,15,4596194
ybaY_predicted,2.0,16,5,TTAGGTTATGTTACAATTCT,11,4559385
ybaY_predicted,0.3333333333333333,6,5,TTACAACCGCACCGAATACT,1,4563394
ybaY_predicted,3.6666666666666665,26,5,TTAATTACACATCGTAGGTT,21,4598764
ybaY_predicted,3.5,25,5,TGTAGTTGATAAGACGTGTA,20,4550225
ybaY_predicted,5.166666666666667,35,5,TGGCGACTGATGTTCTAAGG,30,4580232
ybaY_predicted,2.3333333333333335,18,5,TGGACTTTAACATACTGTCT,13,4564745
ybaY_predicted,3.1666666666666665,23,5,TGCTGTAAGGTTTAATCTAG,18,4555252
ybaY_predicted,1.3333333333333333,12,5,TGCGATCGTTATACATACGG,7,4552518
ybaY_predicted,5.0,34,5,TGAGGCTATCAGTCGAGGCG,29,4558963
ybaY_predicted,0.3333333333333333,6,5,TGACTGCACCTCCCCTTGTC,1,4585005
ybaY_predicted,9.833333333333334,63,5,TGACCTACGTAACGGACGGT,58,4550452
ybaY_predicted,0.6666666666666666,8,5,TGACCCTGGCGCCCCGTCCC,3,4551518
ybaY_predicted,3.6666666666666665,26,5,TCTTCCCCGCTTCTGTGATG,21,4586363
ybaY_predicted,4.833333333333333,33,5,TCTGTCCGTACGGGAAACGC,28,4581579
ybaY_predicted,1.0,10,5,TCTCGCGTCGGTTACGGTGC,5,4561679
ybaY_predicted,0.8333333333333334,9,5,TCTCATGACCGAAGTCGTCG,4,4578868
ybaY_predicted,7.166666666666667,47,5,TCTATGGCGAGGGGTGGCCC,42,4566049
ybaY_predicted,0.3333333333333333,6,5,TCTACCTGGGGATTCAGGGT,1,4593149
ybaY_predicted,6.666666666666667,44,5,TCGGCACGCGGAGTTGACTC,39,4583744
ybaY_predicted,1.0,10,5,TCGCTCCAGTCCCATGTACT,5,4544560
ybaY_predicted,7.5,49,5,TCGATTTTCCTCATATACAA,44,4560785
ybaY_predicted,0.3333333333333333,6,5,TCCTTAACCTTTGTGCCCAG,1,4568981
ybaY_predicted,0.3333333333333333,6,5,TCCTCCAGAAGAAAAACGGA,1,4564136
ybaY_predicted,0.5,7,5,TCCGGAAGACCTTTGCCAAA,2,4578739
ybaY_predicted,6.5,43,5,TCCGCTCACTCCTCACATGT,38,4586795
ybaY_predicted,1.1666666666666667,11,5,TCCCGGCCCGTTCTCTGGTA,6,4573359
ybaY_predicted,40.0,244,5,TCCCGCCGCGTGATGTAATT,239,4556353
ybaY_predicted,0.3333333333333333,6,5,TCCCCTTCTTATTAAGAACT,1,4589824
ybaY_predicted,2.5,19,5,TCCAAACATAATATAAAGCG,14,4563486
ybaY_predicted,2.1666666666666665,17,5,TCATTTCTCTTATCTATAAA,12,4593508
ybaY_predicted,0.5,7,5,TCATCTTAGGACTTTTAGCA,2,4596199
ybaY_predicted,1.3333333333333333,12,5,TCATATCGTACGGGCGCGGA,7,4554926
ybaY_predicted,4.166666666666667,29,5,TCATAAACGCCAATGTGTGT,24,4595657
ybaY_predicted,4.333333333333333,30,5,TCACCTCCCGCACCAGTTAA,25,4559778
ybaY_predicted,6.166666666666667,41,5,TCACAAGTGCTAAATTAGAA,36,4578518
ybaY_predicted,3.0,22,5,TCAAACTTTAATCCAGAATT,17,4586413
ybaY_predicted,1.1666666666666667,11,5,TATTGATCAACGGGTACATT,6,4589010
ybaY_predicted,2.6666666666666665,20,5,TATTGAAACCGATGAGAGGG,15,4584700
ybaY_predicted,2.0,16,5,TATTCCGGGCATTGCCCGGT,11,4594755
ybaY_predicted,3.5,25,5,TATGCATCAGCGTCATCTAT,20,4598471
ybaY_predicted,5.666666666666667,38,5,TATACCTAAGTCGGAAGGGT,33,4594487
ybaY_predicted,0.3333333333333333,6,5,TAGCCAGGGCACTTAGACAA,1,4558566
ybaY_predicted,4.0,28,5,TAGATAGTCCCGCTACATCA,23,4581533
ybaY_predicted,3.5,25,5,TAGATACGTAGGCACTGACG,20,4565234
ybaY_predicted,1.3333333333333333,12,5,TACTCATAGAGCTAACACAT,7,4570342
ybaY_predicted,4.333333333333333,30,5,TACTATTGTTCATCCTTAAA,25,4580346
ybaY_predicted,11.0,70,5,TACGGTTAAGGGTTGACTGT,65,4546321
ybaY_predicted,0.3333333333333333,6,5,TACCGTACCGCACTGGGAGT,1,4571901
ybaY_predicted,4.0,28,5,TACACGTTTAGAGGCATCCG,23,4582465
ybaY_predicted,7.166666666666667,47,5,TAAGCACGTCAACGAATGAT,42,4584972
ybaY_predicted,11.666666666666666,74,5,TAAACTCGTAGGCAAAGTGA,69,4593524
ybaY_predicted,3.1666666666666665,23,5,GTTTGCATTTATTATGTGCA,18,4569375
ybaY_predicted,0.3333333333333333,6,5,GTTATTGTTCCGAGATTTGA,1,4553193
ybaY_predicted,5.0,34,5,GTGTGGATCGCGATGAACCT,29,4545800
ybaY_predicted,1.5,13,5,GTGTACGACATTCTGGAAGG,8,4593752
ybaY_predicted,8.833333333333334,57,5,GTGCGACAGTCTACTAATAT,52,4558144
ybaY_predicted,1.5,13,5,GTGATTGCACCATACGCTTT,8,4573886
ybaY_predicted,6.5,43,5,GTGACTATATGTTTCTAGAA,38,4550075
ybaY_predicted,6.666666666666667,44,5,GTGACAAGGAAATGTCCAAC,39,4581125
ybaY_predicted,3.6666666666666665,26,5,GTGAAGTATAGTCACTGCAA,21,4546097
ybaY_predicted,1.3333333333333333,12,5,GTCGGTGAGCCTAATACTAA,7,4599858
ybaY_predicted,5.166666666666667,35,5,GTCGGACACGAAACTTCAAT,30,4589531
ybaY_predicted,0.3333333333333333,6,5,GTCCTTCCAGTTGACAGAGG,1,4587888
ybaY_predicted,0.3333333333333333,6,5,GTCAGGTTACAAGTGAACGT,1,4558244
ybaY_predicted,3.3333333333333335,24,5,GTATTACCGAAGTACGTGTG,19,4550073
ybaY_predicted,4.0,28,5,GTATAGGGTGCATTCACAGG,23,4546460
ybaY_predicted,3.1666666666666665,23,5,GTAGTATCATCAAAACGAGT,18,4583450
ybaY_predicted,0.3333333333333333,6,5,GTAGAAGCCTTGCGAGACAT,1,4560076
ybaY_predicted,0.5,7,5,GTACTGTCTCAATTTTAGCA,2,4576107
ybaY_predicted,4.0,28,5,GTACCTGGCGGGAACTCATG,23,4588042
ybaY_predicted,0.5,7,5,GTAAATGGCTCATATTGAAG,2,4549681
ybaY_predicted,2.1666666666666665,17,5,GTAAAGTACAGTCTGTGCTA,12,4585442
ybaY_predicted,3.8333333333333335,27,5,GGTTTCTCTTCGGCACCAAG,22,4597367
ybaY_predicted,4.166666666666667,29,5,GGTTGTCAAGGGGATTGAGC,24,4573103
ybaY_predicted,6.333333333333333,42,5,GGTTGAACTCCAGGATTGAG,37,4546965
ybaY_predicted,3.5,25,5,GGTTCATAAAAAGCTAGATT,20,4563819
ybaY_predicted,1.3333333333333333,12,5,GGTTAACGGCGACACTTCAA,7,4560240
ybaY_predicted,2.3333333333333335,18,5,GGTGCTTTAATAGTATTTCA,13,4552478
ybaY_predicted,3.6666666666666665,26,5,GGGTCTCGGCTGCCCCTGGG,21,4599710
ybaY_predicted,2.5,19,5,GGGTCGTGCCAGAGGGTGCG,14,4588452
ybaY_predicted,11.333333333333334,72,5,GGGTAACTTATTCCGAACAC,67,4574873
ybaY_predicted,6.833333333333333,45,5,GGGGGGACTTCGGGATTGGA,40,4600205
ybaY_predicted,1.0,10,5,GGGCCTGATTACGAAATTCC,5,4586219
ybaY_predicted,3.0,22,5,GGGATAATACGTTTACTAAA,17,4580704
ybaY_predicted,0.5,7,5,GGCTGCAAAAACGGAAGGCT,2,4554520
ybaY_predicted,3.3333333333333335,24,5,GGCCTTCCGGCACGAGAGTA,19,4592834
ybaY_predicted,2.0,16,5,GGCCCGGTAAAGGCTGGAAG,11,4582135
ybaY_predicted,1.1666666666666667,11,5,GGCAGCTATGAATTGAAACG,6,4580196
ybaY_predicted,0.3333333333333333,6,5,GGCAGCCACCCGATCAATAG,1,4558212
ybaY_predicted,1.5,13,5,GGATGGGGGGCCTCTTTTAC,8,4595888
ybaY_predicted,0.3333333333333333,6,5,GGAGGCGTATCTGACCATGT,1,4545677
ybaY_predicted,4.666666666666667,32,5,GGACTTTTGCCATGCCGCAT,27,4562538
ybaY_predicted,4.666666666666667,32,5,GGACGTGCCCCCGTCTGATC,27,4556679
ybaY_predicted,1.6666666666666667,14,5,GCTTTCTCGTGGTGGACAAT,9,4547500
ybaY_predicted,3.3333333333333335,24,5,GCTCTCCATCTAGTTTAAGG,19,4584381
ybaY_predicted,4.0,28,5,GCGCTAGAAGCGGCTCCATA,23,4570418
ybaY_predicted,0.8333333333333334,9,5,GCGATGCCGTTCGGTACAGG,4,4548026
ybaY_predicted,2.8333333333333335,21,5,GCCCGCGTTTGACATTTAAT,16,4551791
ybaY_predicted,6.5,43,5,GCAGTGTTAAGAGGGACTTT,38,4578970
ybaY_predicted,3.1666666666666665,23,5,GCAGGATCGGGAGCGGGATG,18,4549301
ybaY_predicted,0.8333333333333334,9,5,GCACCAAGTTCGGAAGCGTT,4,4546679
ybaY_predicted,4.666666666666667,32,5,GATGAGAACCCCTGCCGCCC,27,4589258
ybaY_predicted,5.833333333333333,39,5,GATATCATCAGCATACGCAT,34,4559435
ybaY_predicted,0.3333333333333333,6,5,GAGACGCTCTAGGCCCGACA,1,4560856
ybaY_predicted,3.0,22,5,GACTTGCCAGCACAAGGTAT,17,4581867
ybaY_predicted,1.6666666666666667,14,5,GACTCACGAGAAATTTTGTT,9,4573867
ybaY_predicted,1.3333333333333333,12,5,GACTCAACCGCCCGGACGTC,7,4575577
ybaY_predicted,2.1666666666666665,17,5,GACTAGACTTTGCTTAAGAC,12,4573435
ybaY_predicted,0.3333333333333333,6,5,GACCAGACCCGCACCGCATG,1,4600372
ybaY_predicted,0.3333333333333333,6,5,GACAACAAATGCCCGCACAA,1,4544725
ybaY_predicted,0.8333333333333334,9,5,GAAGCTGTAGGTGCGGAGGA,4,4559854
ybaY_predicted,0.3333333333333333,6,5,GAACCCAGGTTAGTTACATG,1,4551925
ybaY_predicted,5.5,37,5,GAAATCGGGGTCTGTAAGGT,32,4557411
ybaY_predicted,3.6666666666666665,26,5,CTTTAGTCCATATCTAAATT,21,4582653
ybaY_predicted,2.0,16,5,CTGTGGTCGGCACAGAGTTC,11,4574399
ybaY_predicted,2.1666666666666665,17,5,CTGTAGTCTATTATGAGGGT,12,4595048
ybaY_predicted,1.0,10,5,CTGAAATTCTGTATGCAGAC,5,4577287
ybaY_predicted,0.8333333333333334,9,5,CTCTATTGGATCCCTCACCC,4,4556581
ybaY_predicted,3.0,22,5,CTATGTTTATCGAGTTGGAA,17,4561289
ybaY_predicted,0.5,7,5,CTATCGGCCTAGCGTGCCTA,2,4560340
ybaY_predicted,7.666666666666667,50,5,CTATCGCTGTAGGGTATCTG,45,4552364
ybaY_predicted,1.6666666666666667,14,5,CTATATTAAGTTTCGGAGGA,9,4590086
ybaY_predicted,2.3333333333333335,18,5,CTAGTAAGGCCTCCGAACAT,13,4581275
ybaY_predicted,2.3333333333333335,18,5,CTAGCTGTCATAACGTTTGC,13,4577671
ybaY_predicted,0.3333333333333333,6,5,CTACACCCACGGCCGGGCGG,1,4594521
ybaY_predicted,2.3333333333333335,18,5,CTAAGCTATCCTCATTCCAC,13,4550241
ybaY_predicted,0.8333333333333334,9,5,CTAACGTTCTCCGGTGTACG,4,4594110
ybaY_predicted,8.5,55,5,CTAACGATTGGAGCAGTGCC,50,4599109
ybaY_predicted,1.1666666666666667,11,5,CTAAATTCGCAAATAATCTC,6,4585321
ybaY_predicted,8.666666666666666,56,5,CGTTCTGAAATGGGCTTCAG,51,4569591
ybaY_predicted,4.833333333333333,33,5,CGTTCGCACTCTTCTAGGGT,28,4589776
ybaY_predicted,6.333333333333333,42,5,CGTAGGGAGGAAGAGGAGGT,37,4584595
ybaY_predicted,1.5,13,5,CGGGTCTCGCGTGGGGCCAA,8,4560449
ybaY_predicted,0.3333333333333333,6,5,CGGCGTACGCACTCGCAGTT,1,4554963
ybaY_predicted,1.1666666666666667,11,5,CGCTGAGAAAGAGGCCTCCT,6,4579542
ybaY_predicted,0.3333333333333333,6,5,CGCTCCAGACGCTCTTACTA,1,4594431
ybaY_predicted,1.5,13,5,CGCATTGGGCTGGAGTTCTA,8,4561960
ybaY_predicted,3.1666666666666665,23,5,CGAGTAATCGAGAAAATGAC,18,4555615
ybaY_predicted,2.6666666666666665,20,5,CGAGCTTTGCGCGAAATTCT,15,4586134
ybaY_predicted,7.666666666666667,50,5,CGAGAGGCAATTCTGTGTTG,45,4573470
ybaY_predicted,1.3333333333333333,12,5,CGACCTGATCCTGAAAGAGG,7,4586911
ybaY_predicted,3.0,22,5,CGACAACACGTTAACGAACA,17,4584003
ybaY_predicted,4.0,28,5,CGAAGTCCTAAATATGAACT,23,4556025
ybaY_predicted,5.166666666666667,35,5,CGAAACCGCCCATAGGGGAT,30,4554269
ybaY_predicted,0.8333333333333334,9,5,CCTTTGTTAACCAGGTACAA,4,4593517
ybaY_predicted,9.166666666666666,59,5,CCTTTACCGTGTGTGGTCTC,54,4598729
ybaY_predicted,3.8333333333333335,27,5,CCTTGTCGCAGCGGACCACG,22,4561169
ybaY_predicted,7.666666666666667,50,5,CCTTAACTAGGCCACCTTGC,45,4583692
ybaY_predicted,5.666666666666667,38,5,CCTGATTTATCTTGTTAGAG,33,4574852
ybaY_predicted,2.1666666666666665,17,5,CCTCTTTTACAGGTACATTT,12,4570253
ybaY_predicted,3.5,25,5,CCGTCGAAATGTCAGTCTTG,20,4590504
ybaY_predicted,1.0,10,5,CCGTATCCCAGGTTTATAGA,5,4595672
ybaY_predicted,0.3333333333333333,6,5,CCGTAAAAATACACAACGTG,1,4597505
ybaY_predicted,0.3333333333333333,6,5,CCGGTTATAATTTCGGACAC,1,4581283
ybaY_predicted,2.6666666666666665,20,5,CCGGTCTGAACGTCAAACCT,15,4568899
ybaY_predicted,1.8333333333333333,15,5,CCGGTCAGATGCATAATCAC,10,4564104
ybaY_predicted,4.166666666666667,29,5,CCGGCATACGTGCGGGTAAG,24,4548877
ybaY_predicted,0.3333333333333333,6,5,CCGCTATTTCAGCAAACAGT,1,4581460
ybaY_predicted,0.6666666666666666,8,5,CCGCGGGCCAAAGGCGGTAA,3,4561847
ybaY_predicted,3.3333333333333335,24,5,CCGCCGCAAGCACACAGGAC,19,4589179
ybaY_predicted,1.1666666666666667,11,5,CCCTCTCGTTAAGCTAGTTA,6,4577612
ybaY_predicted,7.166666666666667,47,5,CCCTAGTAACCCATAAGGAC,42,4596755
ybaY_predicted,4.0,28,5,CCCGCGGTCCGAAAGAAATT,23,4569379
ybaY_predicted,3.5,25,5,CCCCCAGGGGCGCACAATTA,20,4561790
ybaY_predicted,4.0,28,5,CCATGGCACTTTTTCAAACT,23,4598989
ybaY_predicted,2.6666666666666665,20,5,CCACTAGGGCGTATTTATTC,15,4569064
ybaY_predicted,3.1666666666666665,23,5,CCAACCGCTCGCACTTAAGA,18,4589968
ybaY_predicted,3.0,22,5,CATTGATTGTCACTTGGAAT,17,4593348
ybaY_predicted,1.0,10,5,CATGGCGGTTAGTAGAGCCG,5,4567901
ybaY_predicted,3.5,25,5,CATGCCCACTGTTCAACAGT,20,4599155
ybaY_predicted,1.1666666666666667,11,5,CATCGCACACTTAATCCCTT,6,4587665
ybaY_predicted,0.3333333333333333,6,5,CATACGACGTCGGTTACGGA,1,4564675
ybaY_predicted,3.0,22,5,CATAATCAACTCGATTTTAG,17,4554985
ybaY_predicted,1.8333333333333333,15,5,CAGTCTGCAATTTTCTGTTA,10,4572626
ybaY_predicted,3.6666666666666665,26,5,CAGGTATGGTTACTGCACGC,21,4577277
ybaY_predicted,0.3333333333333333,6,5,CAGCTGTTCTTGTAAGGTTA,1,4568152
ybaY_predicted,0.3333333333333333,6,5,CAGCTATGATTTCGTCTTTT,1,4568868
ybaY_predicted,2.6666666666666665,20,5,CAGCCATGTTTCAGATCCCA,15,4565142
ybaY_predicted,0.3333333333333333,6,5,CAGCATGAGCGAATTAGCCT,1,4564286
ybaY_predicted,6.0,40,5,CAGATAATTGGCGTTACGAA,35,4568987
ybaY_predicted,2.8333333333333335,21,5,CACTTGGCCCCTCCGCAACA,16,4587504
ybaY_predicted,2.5,19,5,CACTGAAGATCCTTTTTTCA,14,4553317
ybaY_predicted,7.5,49,5,CAAGATCCTCGTAATATTTT,44,4583701
ybaY_predicted,10.166666666666666,65,5,CAAACCCGAAAGGTCATCTT,60,4589745
ybaY_predicted,8.0,52,5,ATTGCATTATGTAGTGTGTA,47,4586907
ybaY_predicted,1.6666666666666667,14,5,ATTCTTGAAGTAGCAACCCT,9,4558070
ybaY_predicted,4.333333333333333,30,5,ATTCTCGCAGCTGTGAGTAT,25,4559346
ybaY_predicted,2.8333333333333335,21,5,ATTCGTCAAAAGAAGTACTC,16,4557138
ybaY_predicted,0.3333333333333333,6,5,ATTCGGCCGTACCAGTGCGT,1,4592584
ybaY_predicted,0.3333333333333333,6,5,ATGGTCAGCCTGAGGATTAA,1,4557027
ybaY_predicted,0.3333333333333333,6,5,ATGGGGGTGATCGTACACTA,1,4564901
ybaY_predicted,2.1666666666666665,17,5,ATGGCAAGCCATGCTGGTGT,12,4578325
ybaY_predicted,3.0,22,5,ATGGAATTATATATACCAGT,17,4548864
ybaY_predicted,7.833333333333333,51,5,ATGCTGGACGGCGGATGGAA,46,4562777
ybaY_predicted,6.666666666666667,44,5,ATGCAGGGGTCCGTCCCATA,39,4594349
ybaY_predicted,4.5,31,5,ATCTGCATGTAACATGTATA,26,4561964
ybaY_predicted,2.5,19,5,ATCTCGGGTCGATAAACGTG,14,4567251
ybaY_predicted,2.3333333333333335,18,5,ATCGTCTTTAGACTATCAGT,13,4592408
ybaY_predicted,8.166666666666666,53,5,ATCACTTGATCATCGTCGTT,48,4595928
ybaY_predicted,2.6666666666666665,20,5,ATATTTATTCAATTAAGTTA,15,4552769
ybaY_predicted,7.166666666666667,47,5,ATAAATCATAAAACACGATG,42,4568794
ybaY_predicted,2.1666666666666665,17,5,AGTTAGCGTTAGTCATCGTA,12,4568243
ybaY_predicted,1.6666666666666667,14,5,AGTTACCTTCTCAATTTCTA,9,4558352
ybaY_predicted,1.0,10,5,AGTCTTTTATATCCTTGATT,5,4552031
ybaY_predicted,0.3333333333333333,6,5,AGTCAGGGATAGATATCGTA,1,4581962
ybaY_predicted,3.3333333333333335,24,5,AGTAATCTAAGTTCCCATGC,19,4576969
ybaY_predicted,1.0,10,5,AGGTTGGTTACTCTGTTTCG,5,4588724
ybaY_predicted,1.8333333333333333,15,5,AGGGTATGGTTCAGTGTTTG,10,4592126
ybaY_predicted,0.3333333333333333,6,5,AGGGAACAGATACTGCAATG,1,4568127
ybaY_predicted,5.0,34,5,AGGCCTTTGCTGCTGGATTA,29,4561229
ybaY_predicted,0.3333333333333333,6,5,AGGCAAGGATCACCCTGCTC,1,4549808
ybaY_predicted,8.5,55,5,AGCTGTACCATCGGATTCAG,50,4584873
ybaY_predicted,0.3333333333333333,6,5,AGCGTGGTGCAAAGATGTCT,1,4576274
ybaY_predicted,2.3333333333333335,18,5,AGCGGGTCGCCCGCTCACGA,13,4554777
ybaY_predicted,3.8333333333333335,27,5,AGCCAGTAGGCTAGAAAGAA,22,4591246
ybaY_predicted,10.5,67,5,AGCCAAATGCTTCACGGTGG,62,4592070
ybaY_predicted,0.3333333333333333,6,5,AGATAGTACCTATACCTGCA,1,4565215
ybaY_predicted,11.666666666666666,74,5,AGATAGATGCGCTTCTGTCC,69,4592323
ybaY_predicted,0.5,7,5,AGAATTTGTCTGACAAAGTC,2,4573029
ybaY_predicted,0.3333333333333333,6,5,ACTGCCTGCTGTGAAACGTA,1,4548785
ybaY_predicted,7.166666666666667,47,5,ACTCGCTCTCCCTTGGCAAT,42,4577694
ybaY_predicted,1.1666666666666667,11,5,ACTCCAAGGTTAAGCGGTGG,6,4547581
ybaY_predicted,3.0,22,5,ACTATACCAGATTTAGCCTA,17,4562421
ybaY_predicted,2.0,16,5,ACTAGCACAAGCCCCGTGTT,11,4555384
ybaY_predicted,4.666666666666667,32,5,ACGGATAAGTCCCGCAGTTA,27,4580285
ybaY_predicted,8.333333333333334,54,5,ACGACGACAGACCAGTCCCT,49,4554971
ybaY_predicted,3.8333333333333335,27,5,ACCTTCATTACGAATCTGCT,22,4589481
ybaY_predicted,2.5,19,5,ACCTGCAACGAAGAACCGAA,14,4585230
ybaY_predicted,9.666666666666666,62,5,ACCCTAAAGCCCTCCTCGAG,57,4552284
ybaY_predicted,0.8333333333333334,9,5,ACCCGCGCCATCTCAGAAGG,4,4582009
ybaY_predicted,1.8333333333333333,15,5,ACCCGACTAAATGGCTGTTA,10,4592831
ybaY_predicted,3.8333333333333335,27,5,ACCAGGATCCACTGCCATTT,22,4598770
ybaY_predicted,5.166666666666667,35,5,ACATTGAACCGTGGCCGGGT,30,4581250
ybaY_predicted,5.333333333333333,36,5,ACACCGTGAGTGCTGTCATC,31,4544467
ybaY_predicted,4.333333333333333,30,5,ACACCGGTTTGGGGTTCAAG,25,4592132
ybaY_predicted,0.3333333333333333,6,5,AATTCGGGGGATCGACTTTT,1,4560359
ybaY_predicted,8.666666666666666,56,5,AATGGTCGTTAGAAAGACAA,51,4566824
ybaY_predicted,1.0,10,5,AATGGAATTAGTACCAAAGA,5,4584147
ybaY_predicted,6.5,43,5,AATGCGTGTACACTAGAACT,38,4590861
ybaY_predicted,14.0,88,5,AATAGGGACCGAACCGGGGT,83,4549022
ybaY_predicted,15.166666666666666,95,5,AAGTTACCTTCGGAAAATAT,90,4593912
ybaY_predicted,6.666666666666667,44,5,AAGCGGGTAGGGTAAAACTT,39,4569731
ybaY_predicted,2.1666666666666665,17,5,AAGACTTACACCGCTATTCC,12,4553601
ybaY_predicted,0.3333333333333333,6,5,AAGAATTGGATCATAGCGCT,1,4547825
ybaY_predicted,4.666666666666667,32,5,AACGCGGGCTTACAAGCGGC,27,4553802
ybaY_predicted,1.0,10,5,AACGCATGCTATCGGCCTCG,5,4588898
ybaY_predicted,0.3333333333333333,6,5,AACAATTGATATTTGCTAAG,1,4578536
ybaY_predicted,3.5,25,5,AACAATTATGGCTGATTGCA,20,4573974
ybaY_predicted,0.3333333333333333,6,5,AAAGGATCACGCAGGCTGGA,1,4589293
ybaY_predicted,5.666666666666667,38,5,AAACGTGATAGGCAGGAAAG,33,4567342
ybaY_predicted,7.5,49,5,AAAAACTCGCCAACGCACCC,44,4552898
ybaY_predicted,5.833333333333333,39,5,AAAAACATATTAGAATATAT,34,4590580
ybaY_predicted,0.4,5,4,TTTTCTTCGGTATCAATACG,1,4553943
ybaY_predicted,10.6,56,4,TTTCGTACAACGTCCTTGAA,52,4588236
ybaY_predicted,3.0,18,4,TTTCCATGTATAGTGTCTCA,14,4553277
ybaY_predicted,6.0,33,4,TTTCATAATAAAATTTATTA,29,4546001
ybaY_predicted,4.4,25,4,TTTCACTTCCAGTCACAAGT,21,4569378
ybaY_predicted,3.2,19,4,TTTATCTTGAGGGTAAGTCT,15,4591971
ybaY_predicted,4.0,23,4,TTTAGTAGGGGAAATCAGAG,19,4600278
ybaY_predicted,0.4,5,4,TTGCATCGTCTACGCGGGTA,1,4597504
ybaY_predicted,2.2,14,4,TTGCAAGTGTCCCTATGATT,10,4562928
ybaY_predicted,6.2,34,4,TTGCAAATCCCACAGACGGA,30,4570555
ybaY_predicted,2.0,13,4,TTCTTCTTTAGGAACCACCT,9,4580354
ybaY_predicted,7.8,42,4,TTCTCCCGGTTCTTTGACCC,38,4551124
ybaY_predicted,9.8,52,4,TTCGTCAGTAGACTGAGTTC,48,4554975
ybaY_predicted,5.0,28,4,TTCGGTAACCATGGGGCTAT,24,4589602
ybaY_predicted,4.0,23,4,TTCGGGTACCGTTCGACTGC,19,4577181
ybaY_predicted,1.4,10,4,TTCCGTACCATTCAGTTGCA,6,4560737
ybaY_predicted,2.6,16,4,TTCCCACATGGTGTGCGCGG,12,4569038
ybaY_predicted,3.8,22,4,TTCATCATCATGACTCGGGT,18,4585256
ybaY_predicted,0.4,5,4,TTATCGGGGACCCTTTAAGA,1,4585643
ybaY_predicted,3.2,19,4,TTAGTTCGAGGGTCCCCTGG,15,4570299
ybaY_predicted,4.8,27,4,TTAGTCACAATAATGGCTAC,23,4553497
ybaY_predicted,3.4,20,4,TTAGGGCTGATGACCACACT,16,4557431
ybaY_predicted,7.6,41,4,TTACTCTGGAGGTTCTTGAC,37,4594476
ybaY_predicted,3.4,20,4,TTACAAGGGGGAATGTGTGT,16,4596401
ybaY_predicted,0.4,5,4,TGTTCGAAAGGTTCTCTCTG,1,4599787
ybaY_predicted,2.4,15,4,TGTTAACTCACAAACATCTT,11,4544807
ybaY_predicted,0.4,5,4,TGTCCTACAGCTGATTTTGT,1,4568469
ybaY_predicted,2.8,17,4,TGTATCCATTAGCGTGAGGG,13,4565029
ybaY_predicted,0.6,6,4,TGGTACAGAAGGCACGTCAA,2,4546106
ybaY_predicted,0.4,5,4,TGGGTCTCCTTTGCTGCCGA,1,4575133
ybaY_predicted,25.2,129,4,TGGCTGCAAATTGTATCCAA,125,4595645
ybaY_predicted,5.0,28,4,TGGCGCGTACTATCGCTGGA,24,4581342
ybaY_predicted,0.4,5,4,TGGATTAGTGAACTGTGCAT,1,4586374
ybaY_predicted,8.0,43,4,TGGAATATCTCAATGACCGT,39,4547674
ybaY_predicted,4.6,26,4,TGCTTTGAAAATGTAGCTTT,22,4590241
ybaY_predicted,2.0,13,4,TGCTTCGCTTCCCTCTGTTT,9,4582274
ybaY_predicted,8.0,43,4,TGCTGCAAAATCGTCCTCTA,39,4582292
ybaY_predicted,4.4,25,4,TGCTCTGGACGGCGTTACAA,21,4583579
ybaY_predicted,6.6,36,4,TGCGCACTTGAGTTTGGGGA,32,4575647
ybaY_predicted,8.2,44,4,TGATTCGTTTAGGATCATTG,40,4590356
ybaY_predicted,4.4,25,4,TGATCCGCCTAGTTTGAGGG,21,4546102
ybaY_predicted,3.0,18,4,TGAGCCAAATATTGCTTTAA,14,4574953
ybaY_predicted,3.4,20,4,TGAGCAAGGGGGCGCACCAA,16,4569040
ybaY_predicted,0.8,7,4,TGAATTCATGAGCAGGGTTT,3,4594294
ybaY_predicted,2.4,15,4,TGAAGACCCCGGTTCAACTG,11,4599863
ybaY_predicted,2.2,14,4,TCTTTATTTGGGGTGCCTAA,10,4581303
ybaY_predicted,4.4,25,4,TCTGGCCAACTGAATCAGTC,21,4547447
ybaY_predicted,2.4,15,4,TCTCAACGAAGTCCACATAA,11,4562477
ybaY_predicted,4.2,24,4,TCTAGCTCTGCGCTAATAGA,20,4564150
ybaY_predicted,0.8,7,4,TCGTTGCCCTCGCGCATGTT,3,4599761
ybaY_predicted,1.8,12,4,TCGTGGACCCTTGCTAATGA,8,4581166
ybaY_predicted,1.4,10,4,TCGGATGAGTCGAGCTCACT,6,4563184
ybaY_predicted,3.6,21,4,TCCGTTACTGGGGTTAAAAT,17,4567967
ybaY_predicted,3.0,18,4,TCCGGTACAATCTATCGTTC,14,4565278
ybaY_predicted,1.8,12,4,TCCGCTTAATCGCGTTGCCT,8,4561684
ybaY_predicted,0.4,5,4,TCAATGTAACTACATCATAG,1,4579799
ybaY_predicted,5.2,29,4,TCAATATCGGCCGTTATCGG,25,4590385
ybaY_predicted,6.8,37,4,TCAAAGTGACGCTAGGTCTC,33,4572719
ybaY_predicted,4.0,23,4,TATGTTCGCGCGCTAGCCGC,19,4554826
ybaY_predicted,3.6,21,4,TATGGGTTGTGGATTCGAGA,17,4553394
ybaY_predicted,7.4,40,4,TATCTTATCAGTTTACCCTC,36,4574318
ybaY_predicted,1.8,12,4,TATACGACCCGAAGTAATGG,8,4553059
ybaY_predicted,8.8,47,4,TAGGTAGCTTCTTGGGTCCT,43,4548422
ybaY_predicted,3.2,19,4,TAGGCCTACGACACTGAGTG,15,4583211
ybaY_predicted,6.4,35,4,TAGCCAATGTGGGAGGAGGA,31,4565081
ybaY_predicted,0.4,5,4,TACTCAATCCCGGATGACGG,1,4570078
ybaY_predicted,0.4,5,4,TACTCAAGGGCTCACATAAG,1,4548638
ybaY_predicted,6.8,37,4,TACGAGGCCCGTTTCTCGGA,33,4573160
ybaY_predicted,7.4,40,4,TACCCTGCGAATGTTCCAAT,36,4548049
ybaY_predicted,0.4,5,4,TACCATATACTCTTTAGGGA,1,4546829
ybaY_predicted,0.4,5,4,TAAGTGGTTGTTTCTCGAGC,1,4574128
ybaY_predicted,0.8,7,4,TAAGGAACTTTAAGGATGAC,3,4581076
ybaY_predicted,1.4,10,4,TAAGGAACCTAGGAGACGCC,6,4546961
ybaY_predicted,2.4,15,4,TAACTGGAGCATAACTACAA,11,4577068
ybaY_predicted,0.4,5,4,TAACGAACAAGCGGCCGTCT,1,4571487
ybaY_predicted,2.8,17,4,GTTGTTCCCTGGATCTCTAG,13,4559801
ybaY_predicted,5.0,28,4,GTTCGCTACGGCCAACTGAT,24,4567182
ybaY_predicted,6.0,33,4,GTTAGACGGCAGAGCAGCCT,29,4577199
ybaY_predicted,6.0,33,4,GTGTAAAATCAATAAGCTCT,29,4586478
ybaY_predicted,1.0,8,4,GTGGGGTTCTTAATACTCTC,4,4554700
ybaY_predicted,0.4,5,4,GTGGCCAACTACTTGGCCAA,1,4579113
ybaY_predicted,6.2,34,4,GTGATTACCCCAGTGGCTGT,30,4567600
ybaY_predicted,5.0,28,4,GTCTGGGAGCTTGGTCCTCT,24,4561073
ybaY_predicted,4.2,24,4,GTCGTTTGACTTTCACATCC,20,4572178
ybaY_predicted,0.4,5,4,GTCGAGTGCCTGGGAGCGTG,1,4563613
ybaY_predicted,0.4,5,4,GTCCAATCGTTTTAGCGAAA,1,4599570
ybaY_predicted,12.0,63,4,GTCAACCCTCCGAAGCCCTA,59,4558958
ybaY_predicted,4.8,27,4,GTAGCTTAGTGCTTCGCTTT,23,4579062
ybaY_predicted,4.2,24,4,GTACCTTGACCGCCTGGCCA,20,4580308
ybaY_predicted,7.2,39,4,GTAATTGGATTGGACTGATA,35,4550072
ybaY_predicted,1.4,10,4,GTAAGCTGAACTGTACTGCA,6,4555325
ybaY_predicted,4.4,25,4,GGTTGAGTACATTTCATCCT,21,4584481
ybaY_predicted,0.4,5,4,GGTTCACGAGACTATACCGG,1,4550760
ybaY_predicted,6.2,34,4,GGTTCAATAAAGTCGAGGAT,30,4572752
ybaY_predicted,2.4,15,4,GGTGACCGGCGTACGGCCGC,11,4563896
ybaY_predicted,3.4,20,4,GGTCCCTATCGACAGCAATG,16,4582760
ybaY_predicted,0.4,5,4,GGTACTTACAGTAGTGAGGG,1,4558314
ybaY_predicted,0.4,5,4,GGTAAATTTGACGACTCCAG,1,4577304
ybaY_predicted,2.0,13,4,GGTAAATACCATTGGCTGGA,9,4553882
ybaY_predicted,8.8,47,4,GGGTAATTTCGCGATTGGGA,43,4565921
ybaY_predicted,7.4,40,4,GGGGGCATGGTATCCCCCAT,36,4578071
ybaY_predicted,1.0,8,4,GGGGAGTTAATCGTAAGTGT,4,4555935
ybaY_predicted,14.6,76,4,GGGGACTTTTTGGACGCTTG,72,4578076
ybaY_predicted,0.4,5,4,GGGATCATCGAGTAGGGTAT,1,4561233
ybaY_predicted,0.8,7,4,GGGAAGGACGAGCAGTCCCC,3,4577115
ybaY_predicted,4.4,25,4,GGCTGGACAGTTAACGGTAA,21,4580299
ybaY_predicted,0.6,6,4,GGCTCAACCTCCAGTGGTAC,2,4600014
ybaY_predicted,4.2,24,4,GGCGAGTTTAACCGGAAACT,20,4567177
ybaY_predicted,1.0,8,4,GGCCTACTTGCATAGCGGTA,4,4577616
ybaY_predicted,2.8,17,4,GGCAAGAACTCACCCGGAAA,13,4597030
ybaY_predicted,5.6,31,4,GGATGATCTCTGGCGGAGAG,27,4561428
ybaY_predicted,7.6,41,4,GGACTATTGGCTGCCGGTGA,37,4598939
ybaY_predicted,3.6,21,4,GGAATGCTCGCTTTCTCACT,17,4597236
ybaY_predicted,3.8,22,4,GGAAGCGGGACCTGAAAATA,18,4590812
ybaY_predicted,2.4,15,4,GGAAAAGGTTCCTACGTATG,11,4575619
ybaY_predicted,6.8,37,4,GCTTCATAATCGACGGATCC,33,4564139
ybaY_predicted,1.8,12,4,GCTTACGATTTTATCATGGT,8,4564604
ybaY_predicted,6.0,33,4,GCTGTAGAGAACGAGACCGA,29,4551116
ybaY_predicted,2.2,14,4,GCTGGCGGTGAGAAGGGAGG,10,4585811
ybaY_predicted,1.8,12,4,GCTATTAGTGTAATTACTAT,8,4585439
ybaY_predicted,2.2,14,4,GCTACAGGTATGTTCGGCGG,10,4579711
ybaY_predicted,3.4,20,4,GCGTGCAAACCAGGGTCGGA,16,4548879
ybaY_predicted,3.4,20,4,GCGCCTCGCGGTGACGCGCG,16,4557133
ybaY_predicted,6.2,34,4,GCGAAGGGGGCTAACGTGCG,30,4565409
ybaY_predicted,5.0,28,4,GCCTAGCTTATGCACAAGTT,24,4548917
ybaY_predicted,4.8,27,4,GCCGATGCAGAGAGGACGCC,23,4548680
ybaY_predicted,0.4,5,4,GCATTAGCTCTGGATAAGGC,1,4597567
ybaY_predicted,8.0,43,4,GCATGGTCCCCGTAGTATCA,39,4547965
ybaY_predicted,3.4,20,4,GCAGGCATACGCATTCCGTT,16,4595064
ybaY_predicted,12.0,63,4,GCAGATCTGGGCGTGAGTTG,59,4592885
ybaY_predicted,1.4,10,4,GCAGAGCGAGTCTAATGTTA,6,4600517
ybaY_predicted,2.2,14,4,GCACTATGGTCTTTCTCATA,10,4592269
ybaY_predicted,1.2,9,4,GCAAGTACCGACTGGAGTGA,5,4563811
ybaY_predicted,4.6,26,4,GCAAAGAATGGCGCAACTTT,22,4599831
ybaY_predicted,4.4,25,4,GATTACGGAACAACTACATA,21,4547093
ybaY_predicted,1.6,11,4,GATGGTTGCGCCTTGACCCT,7,4570716
ybaY_predicted,0.4,5,4,GATGGTGTGTGGATACACGG,1,4593853
ybaY_predicted,4.0,23,4,GATGCTTCTTTTGGTCCACG,19,4564981
ybaY_predicted,3.8,22,4,GATGCAACGAAGTATGAGCA,18,4568740
ybaY_predicted,2.2,14,4,GAGGGTTTAAGTCCTCCCGA,10,4580526
ybaY_predicted,8.6,46,4,GAGCGAGCCGCTAGCCCACA,42,4577466
ybaY_predicted,3.6,21,4,GAGCCGAGTGCTCCGGCCCC,17,4567364
ybaY_predicted,0.4,5,4,GAGACTCCAGAAGGCAACTC,1,4568864
ybaY_predicted,0.4,5,4,GACTGCATAGGGAAGTAGTT,1,4551072
ybaY_predicted,3.0,18,4,GACTGATATCTCTAAACGCC,14,4550744
ybaY_predicted,6.0,33,4,GACGTAATTGCCCGCTTCTT,29,4591794
ybaY_predicted,4.4,25,4,GACCCAATTTTCTAATAGCA,21,4596507
ybaY_predicted,5.6,31,4,GACCAATGGGCCTTCCTAAA,27,4562597
ybaY_predicted,8.0,43,4,GACAGGCCCGTTTTGGGGTT,39,4554980
ybaY_predicted,0.4,5,4,GACACGGGCCGTTTCCCCTC,1,4573843
ybaY_predicted,0.4,5,4,GAATGTTCCCAAGAGCAATA,1,4559850
ybaY_predicted,3.4,20,4,GAACTTCCTAATTCCGGTTA,16,4544606
ybaY_predicted,0.4,5,4,CTTGTTTTGCCAAATTCAGC,1,4590074
ybaY_predicted,7.4,40,4,CTTGTTCTTTATTCTTAAAA,36,4566028
ybaY_predicted,3.0,18,4,CTTGCGGGATTCTCAGCGTG,14,4577519
ybaY_predicted,0.4,5,4,CTTGAACTATGAGACTAATT,1,4592565
ybaY_predicted,3.2,19,4,CTTCCAAGAACCAGATTCTT,15,4554982
ybaY_predicted,0.4,5,4,CTGTTCTGTACCTGCACTTT,1,4549458
ybaY_predicted,4.4,25,4,CTGGGCAGGAAATAGTTGGT,21,4556524
ybaY_predicted,2.0,13,4,CTGCCGTCGAAGGTTCCTTT,9,4553946
ybaY_predicted,0.4,5,4,CTCTGTAGTAGGAGGACTAT,1,4549226
ybaY_predicted,5.4,30,4,CTCCGTGTTGCGGTTTTCTA,26,4556820
ybaY_predicted,2.2,14,4,CTCCATATAATCCTGACCTA,10,4585932
ybaY_predicted,0.4,5,4,CTCATTAAGAGGATGAGTAG,1,4580561
ybaY_predicted,0.4,5,4,CTCATGGACTCAGGGCAAAT,1,4574892
ybaY_predicted,12.0,63,4,CTCAGACTGGGGCGTTTGTC,59,4566120
ybaY_predicted,4.6,26,4,CTAGCCAGGTATACCCGGTC,22,4565122
ybaY_predicted,4.2,24,4,CTAGAGCGCAAAGGGATAGA,20,4595679
ybaY_predicted,15.8,82,4,CTAGACGACGCCTACCGTTG,78,4556166
ybaY_predicted,5.0,28,4,CTAAGTTAAGTAGCGTTCTC,24,4577065
ybaY_predicted,2.4,15,4,CTAACGATCACGGATCCTTA,11,4596005
ybaY_predicted,4.8,27,4,CTAACACTGTTATAAACGCA,23,4575117
ybaY_predicted,0.8,7,4,CGTTTGCCCCTGGCATCTGC,3,4575697
ybaY_predicted,1.8,12,4,CGTTCGCGACTTGGAATGCT,8,4595350
ybaY_predicted,3.8,22,4,CGTTCCTCAGTTCCCTTAAT,18,4590896
ybaY_predicted,2.6,16,4,CGTGGCCGACATTGATATTT,12,4551067
ybaY_predicted,0.4,5,4,CGTCATCTAGGAGGAGCCCG,1,4598280
ybaY_predicted,0.4,5,4,CGGATGAAGATTTCAACATT,1,4589990
ybaY_predicted,3.2,19,4,CGCTACCGATCTGTCGCGAC,15,4574959
ybaY_predicted,0.4,5,4,CGCCGGCTCCAACAGGTTGT,1,4559602
ybaY_predicted,6.6,36,4,CGCCACCAATACGCTCATGC,32,4556107
ybaY_predicted,4.6,26,4,CGAGGGGGGACCCGACATAC,22,4597715
ybaY_predicted,2.6,16,4,CGACCAGGCTACACATGGAT,12,4590435
ybaY_predicted,0.4,5,4,CCTTCGTTTATAAAGCCAAC,1,4574990
ybaY_predicted,3.2,19,4,CCTGAACTACTAATTAGTCG,15,4582918
ybaY_predicted,1.6,11,4,CCTCTATTTCGGCGCGGAAT,7,4571103
ybaY_predicted,5.4,30,4,CCTCATAGAGTCTTAACAAA,26,4593957
ybaY_predicted,4.6,26,4,CCTACGATGAAGTCCCACCC,22,4596896
ybaY_predicted,2.2,14,4,CCGTTATCGTGGCCCCCATA,10,4558598
ybaY_predicted,4.4,25,4,CCGTGGGACGGTACTCCTTT,21,4585315
ybaY_predicted,4.8,27,4,CCGTGACCAATCACGTAAAG,23,4562351
ybaY_predicted,0.4,5,4,CCGTAAGATCGATTATAATA,1,4588238
ybaY_predicted,7.4,40,4,CCGGCATTATACTGCTCGGA,36,4580262
ybaY_predicted,0.4,5,4,CCGGAAGGGTGGGCTTGCAT,1,4593543
ybaY_predicted,3.6,21,4,CCGAGACACGTAATCCATGC,17,4585733
ybaY_predicted,2.4,15,4,CCCTAGGAAGGATTTTGGCA,11,4557275
ybaY_predicted,4.6,26,4,CCCCTTGGTTTATTACTTCA,22,4594623
ybaY_predicted,3.6,21,4,CCATTGCCACAGCGAATACG,17,4580544
ybaY_predicted,1.2,9,4,CCACAGTAAATTCTCAGCTA,5,4574614
ybaY_predicted,0.4,5,4,CCAATACCAACCGAAACGGA,1,4581356
ybaY_predicted,2.0,13,4,CCAAAGACGTGATGACGCGA,9,4598435
ybaY_predicted,9.4,50,4,CCAAAACTCTTCGCAATGGC,46,4588966
ybaY_predicted,5.0,28,4,CATAGAGCGAGCACCATGGG,24,4567960
ybaY_predicted,2.4,15,4,CATACCACCCGGTTAGATTT,11,4576651
ybaY_predicted,0.4,5,4,CAGGTATAGTGGTAGAAGAA,1,4572674
ybaY_predicted,1.8,12,4,CAGGACGAAATAGGATCCTG,8,4596220
ybaY_predicted,2.0,13,4,CAGCGTTCCTACAAGGCACC,9,4561136
ybaY_predicted,0.4,5,4,CAGCCAGCGTCATGGAAAGT,1,4557306
ybaY_predicted,2.8,17,4,CAGCATGCCGAGGACACGAC,13,4590994
ybaY_predicted,0.8,7,4,CAGATACTCCTCTCGTGGGT,3,4578387
ybaY_predicted,2.2,14,4,CAGAGGCCTCGATTTGGCCT,10,4577386
ybaY_predicted,7.4,40,4,CAGACTGCCGGATATTCGCG,36,4552235
ybaY_predicted,3.6,21,4,CAGACCGGCGCACGTGGCTC,17,4563978
ybaY_predicted,7.2,39,4,CACTTTCCCGTCCACTCTAT,35,4568383
ybaY_predicted,7.0,38,4,CACTATCGTTCTGTAATTGC,34,4578308
ybaY_predicted,3.6,21,4,CACGTTTCTACGAGCCCGAC,17,4566306
ybaY_predicted,5.4,30,4,CACCTCCCAGGCCAAAATTT,26,4578168
ybaY_predicted,0.4,5,4,CACCGCCAGTAGGTGACATC,1,4552166
ybaY_predicted,3.4,20,4,CACCCGAACACCACGGCACA,16,4576679
ybaY_predicted,3.6,21,4,CACATAGTTGCATATCGTTT,17,4584614
ybaY_predicted,5.8,32,4,CACATAAGGCGCCTGGCAAA,28,4573465
ybaY_predicted,5.0,28,4,CACACGTTGGCGCAGAATAT,24,4584299
ybaY_predicted,2.2,14,4,CAAGGAACAGTAGTCGGCAG,10,4561309
ybaY_predicted,0.4,5,4,CAACGGGGTAAACGAGGGCA,1,4599568
ybaY_predicted,0.6,6,4,CAAAGTATATGTCTCATAGA,2,4599555
ybaY_predicted,5.4,30,4,ATTTAAGCAGGAGCGACCCA,26,4562860
ybaY_predicted,6.4,35,4,ATTCGGACCCAAGTAGTACC,31,4584292
ybaY_predicted,1.4,10,4,ATGTAGGAAACAGCTCTGCA,6,4587181
ybaY_predicted,0.4,5,4,ATGTACCCGTTCCCATGACC,1,4579130
ybaY_predicted,1.4,10,4,ATGTAATGGTAAAATGTTGT,6,4551184
ybaY_predicted,24.0,123,4,ATGGCAAGAGACCTTAATCA,119,4592826
ybaY_predicted,7.6,41,4,ATGGAATGGTCGGTGCGTCC,37,4560472
ybaY_predicted,3.2,19,4,ATGCGGAGAGGCGTACTTAA,15,4598915
ybaY_predicted,0.4,5,4,ATGCAAATCAATTTTGATTG,1,4585788
ybaY_predicted,5.6,31,4,ATGAGAAGCATGGAATCAAC,27,4557714
ybaY_predicted,0.4,5,4,ATCTGTGTTTTAGGATAACT,1,4553873
ybaY_predicted,8.8,47,4,ATCTACCCCGGATACGCGTT,43,4562768
ybaY_predicted,6.4,35,4,ATCGCTTTGTCCGTGGGAAG,31,4577929
ybaY_predicted,5.2,29,4,ATCAGTATGCATTACTCTGT,25,4550582
ybaY_predicted,0.4,5,4,ATCACAACGCCGTGTACCGA,1,4600697
ybaY_predicted,0.8,7,4,ATCAATGTGTACGATACCTT,3,4556641
ybaY_predicted,0.4,5,4,ATCAATGTATACCTCTAGCA,1,4561663
ybaY_predicted,0.4,5,4,ATATCTTTATCGTTTAGCCA,1,4565458
ybaY_predicted,5.4,30,4,ATATCAATATGCCACCCCTC,26,4571323
ybaY_predicted,0.4,5,4,ATATATAGCATGGGCCTCAT,1,4581319
ybaY_predicted,4.8,27,4,ATAGTGTTGTCCCCAGACCA,23,4552958
ybaY_predicted,6.4,35,4,ATAGTGGGGGTAGACATTAC,31,4591127
ybaY_predicted,1.0,8,4,ATACCGGGTTTTCGAGGCGG,4,4566387
ybaY_predicted,0.4,5,4,ATAAGGCGGCACCACTGCAT,1,4562598
ybaY_predicted,6.0,33,4,AGTTTGACAACTCCCCACCC,29,4544806
ybaY_predicted,3.8,22,4,AGTTGGTTTAAGTACCAGGG,18,4573454
ybaY_predicted,6.4,35,4,AGTTCGTAAAAAGTTAAACT,31,4599264
ybaY_predicted,0.4,5,4,AGTGGAGCTGATTTTTTAGT,1,4559661
ybaY_predicted,7.6,41,4,AGTCTTGGCTGCGCATCAGG,37,4579839
ybaY_predicted,2.6,16,4,AGTCGGAAACTTCAAACATA,12,4572406
ybaY_predicted,2.6,16,4,AGGTTTAAGCGGTACTATTA,12,4566682
ybaY_predicted,7.0,38,4,AGGGGTCTGGAGGTGTGATA,34,4584246
ybaY_predicted,6.2,34,4,AGCGTTAAAGGCTACGTATA,30,4599082
ybaY_predicted,16.4,85,4,AGCGGTCGGTACGAACCCGC,81,4548020
ybaY_predicted,0.8,7,4,AGCGGCTCAGAGCCCTCAAG,3,4558898
ybaY_predicted,4.6,26,4,AGCGGCGTGAAGACTGAACT,22,4552461
ybaY_predicted,0.4,5,4,AGCGAGGTGTAATTCTCGGG,1,4598742
ybaY_predicted,6.0,33,4,AGCATAACAGGTGAGCGGCC,29,4593953
ybaY_predicted,2.2,14,4,AGCAGGTTCGGTTTTTGTAA,10,4586724
ybaY_predicted,1.8,12,4,AGCAGGACAGTAGATCGAAG,8,4572166
ybaY_predicted,0.8,7,4,AGCACAACTGGCGACCACAC,3,4574685
ybaY_predicted,3.4,20,4,AGATAAAGAGGGAGGCGCTC,16,4580855
ybaY_predicted,4.8,27,4,AGAGCCTCTTGTATTTCTAT,23,4585867
ybaY_predicted,6.6,36,4,AGACCATCGTGGGCGGATCC,32,4572437
ybaY_predicted,2.2,14,4,AGAAGGAAGGATCCTTGGCT,10,4576628
ybaY_predicted,10.4,55,4,ACTTAGAAGCGTCTTATACC,51,4563669
ybaY_predicted,5.8,32,4,ACTTAACAGCGGCCTTGTGT,28,4572097
ybaY_predicted,0.8,7,4,ACTCGGGGTACGAAGGCCGT,3,4590905
ybaY_predicted,2.8,17,4,ACTCCGTTTGCGTACTGTCA,13,4583833
ybaY_predicted,1.4,10,4,ACTCCAAGGAACGACCTCGA,6,4560285
ybaY_predicted,2.8,17,4,ACGTAAGTTCCGACTTAATT,13,4574157
ybaY_predicted,0.4,5,4,ACGGTAAGGAGGTGAGCCAC,1,4548477
ybaY_predicted,13.2,69,4,ACGGGTAGCTGATGAAAGAC,65,4557676
ybaY_predicted,2.2,14,4,ACGGATCCATCTAGAAATGG,10,4562975
ybaY_predicted,3.4,20,4,ACGCGGCCATTATTCGCGTA,16,4550843
ybaY_predicted,2.2,14,4,ACGCGATATTTACAATCCTC,10,4546159
ybaY_predicted,6.4,35,4,ACGATTCCGCCTCATGCGTT,31,4573314
ybaY_predicted,2.8,17,4,ACCCTTACTGTGATGGAGGA,13,4558890
ybaY_predicted,4.0,23,4,ACCAGATGATATGGGTAAAT,19,4550189
ybaY_predicted,4.0,23,4,ACATTTAGCTTCACTGTCAA,19,4581648
ybaY_predicted,0.4,5,4,ACATCCGGTATAGAATTACG,1,4559183
ybaY_predicted,0.4,5,4,ACAGTCTCTTGAGATAGTAA,1,4584376
ybaY_predicted,5.6,31,4,ACAGGGGTACCCGGTCTTGT,27,4587979
ybaY_predicted,5.8,32,4,ACACCGCAGTCCTGGTTCGG,28,4589067
ybaY_predicted,0.4,5,4,ACAATAACGGTGGAATCTTT,1,4556901
ybaY_predicted,2.2,14,4,ACAAGCTGGGAGTGTGCCTC,10,4582013
ybaY_predicted,0.4,5,4,ACAACGGCAGGCATATATGG,1,4551626
ybaY_predicted,4.4,25,4,AATTCGTTACCTGTGTCATT,21,4571185
ybaY_predicted,0.8,7,4,AATGGGTCAACCCTCAGCCT,3,4578091
ybaY_predicted,12.0,63,4,AATCGCGGTCGAGGATTTGG,59,4571956
ybaY_predicted,0.4,5,4,AATAAGCGAACTTCCACAGA,1,4592621
ybaY_predicted,1.8,12,4,AAGTCTTAAGACGGCAAGAT,8,4579548
ybaY_predicted,32.6,166,4,AAGTAGGTGTTACGCATGGT,162,4545246
ybaY_predicted,0.6,6,4,AAGGTCTGCCCCTATTACAT,2,4568648
ybaY_predicted,0.4,5,4,AAGGTAGCAAACGCGCTGCA,1,4573319
ybaY_predicted,0.4,5,4,AAGGGCGTGTTTGCTCACCT,1,4599830
ybaY_predicted,1.2,9,4,AAGGGACGCCATCACGTCTG,5,4553712
ybaY_predicted,0.4,5,4,AAGCGTTTAGCTCAACCTAA,1,4559666
ybaY_predicted,2.4,15,4,AAGCGACTCCTGGCCCCGTT,11,4581771
ybaY_predicted,1.4,10,4,AACGGTGACCCTATTTATCC,6,4553189
ybaY_predicted,5.8,32,4,AACCTGGACGCTGGTCCGAG,28,4559601
ybaY_predicted,3.4,20,4,AACCACGGGCGGTCGGTCGC,16,4565145
ybaY_predicted,0.4,5,4,AACAATAAACAGAATGGGAT,1,4589657
ybaY_predicted,0.4,5,4,AACAACGGTTAACTGACAAT,1,4586782
ybaY_predicted,0.4,5,4,AAATGGGGGAACGAGGGTCT,1,4566923
ybaY_predicted,8.4,45,4,AAATGGCCACACCACACAGC,41,4550568
ybaY_predicted,1.4,10,4,AAATGCTCGGCCATCTACGG,6,4556551
ybaY_predicted,3.4,20,4,AAATACCAGGGGAGTACGGA,16,4569396
ybaY_predicted,5.0,28,4,AAAGTATCCCCCGGGTCATC,24,4575776
ybaY_predicted,4.8,27,4,AAACTCCGTCTTGGGTAAAT,23,4565018
ybaY_predicted,1.0,8,4,AAACGTCCTTCGTGAACAAA,4,4547700
ybaY_predicted,8.2,44,4,AAAAGAAGGGAATGATTTAC,40,4559216
ybaY_predicted,0.75,5,3,TTTTTGAGTTTCTAAGTACC,2,4556483
ybaY_predicted,3.75,17,3,TTTTTCTCCTGAGTCCATAT,14,4594423
ybaY_predicted,8.0,34,3,TTTTCGTTCTCCTAGGTGTA,31,4584715
ybaY_predicted,0.5,4,3,TTTCATGGCCACGTCCGGGG,1,4577507
ybaY_predicted,7.75,33,3,TTTATACCTCGAGGGTTTCA,30,4548398
ybaY_predicted,5.5,24,3,TTTAGGATATGTGGCCGAAA,21,4582931
ybaY_predicted,0.5,4,3,TTTACGCTATTTATACTACG,1,4596573
ybaY_predicted,1.25,7,3,TTGTTGCCTGTCTGGCGTAA,4,4552950
ybaY_predicted,3.25,15,3,TTGTCATCTCGGAAGTACGC,12,4551640
ybaY_predicted,1.75,9,3,TTGTACCTAGCAGCACGCAC,6,4559331
ybaY_predicted,7.25,31,3,TTGTAACTGCAATGGACCAT,28,4567350
ybaY_predicted,1.75,9,3,TTGGTCACGTTATACAGTGC,6,4552040
ybaY_predicted,0.5,4,3,TTGCGAGCTCACAAGCGACC,1,4568440
ybaY_predicted,3.0,14,3,TTCTCCCCAAGCCGGTGTGC,11,4585151
ybaY_predicted,3.5,16,3,TTCGGGGTTCGAGCAGTATT,13,4576978
ybaY_predicted,0.5,4,3,TTCCTTCTCATATATCAACA,1,4545890
ybaY_predicted,0.75,5,3,TTCCGTGCGGAACGGCTCAT,2,4578467
ybaY_predicted,0.5,4,3,TTCCGGGGGGAGGCAGAGCC,1,4585946
ybaY_predicted,12.0,50,3,TTCCAGAAATGCCAGCCGTG,47,4584769
ybaY_predicted,5.25,23,3,TTCAAGTGCCCATATCTCAG,20,4562547
ybaY_predicted,14.5,60,3,TTAGCGTGCTCAGATATTTT,57,4567976
ybaY_predicted,5.0,22,3,TTAGCGGCCACTCGCCAGAT,19,4599302
ybaY_predicted,6.0,26,3,TTAGATGACTCATGATTTTA,23,4561737
ybaY_predicted,3.25,15,3,TTAGACCCTACGGACTCCAA,12,4599891
ybaY_predicted,0.5,4,3,TTACGAGGAGCGCGTGGTTC,1,4546349
ybaY_predicted,3.25,15,3,TTAATGGCTTCCCTACACTA,12,4546726
ybaY_predicted,6.75,29,3,TGTGCTGTACAAATCCTTGA,26,4577194
ybaY_predicted,4.25,19,3,TGTCAGTCATGATGCGTCGT,16,4548403
ybaY_predicted,0.5,4,3,TGTATGTCACGGGGCACTCC,1,4570510
ybaY_predicted,0.75,5,3,TGGTTTGTTCTAAGGGATTG,2,4598370
ybaY_predicted,3.0,14,3,TGGTAGATCTATTGGTTGTC,11,4591344
ybaY_predicted,0.5,4,3,TGGGTCAACGCTACCTCACA,1,4553981
ybaY_predicted,1.75,9,3,TGGGCGGAGCGTGAGCGACC,6,4580056
ybaY_predicted,1.5,8,3,TGGCGGACCCGCCTTGAAAC,5,4596522
ybaY_predicted,7.5,32,3,TGGCCCCAGCAGTTATTTTT,29,4556720
ybaY_predicted,0.5,4,3,TGGAGAATCGACTCGGAGCA,1,4556786
ybaY_predicted,5.0,22,3,TGGAACGATCCTCTTCGCGT,19,4570881
ybaY_predicted,1.75,9,3,TGCGCAGACCACAGGACGAC,6,4545271
ybaY_predicted,6.5,28,3,TGCCAGTGCGTTTCCAGTCC,25,4550297
ybaY_predicted,1.25,7,3,TGAGCTAAGTTCCTTCGCCG,4,4562186
ybaY_predicted,8.25,35,3,TGACGCGATCTCGGAGTGGG,32,4545907
ybaY_predicted,1.75,9,3,TCTATACGCTTCGAGACCCT,6,4554979
ybaY_predicted,1.25,7,3,TCGTGGATTCCAAGACGCGT,4,4577297
ybaY_predicted,2.75,13,3,TCGGGCCTGCGGTCTTGATG,10,4550644
ybaY_predicted,1.25,7,3,TCGGCAACTCGGAAATGTAT,4,4562690
ybaY_predicted,3.5,16,3,TCGACTTAACTTCAGGTTAG,13,4552398
ybaY_predicted,4.75,21,3,TCGACCAAAGCTTCCCTAAA,18,4545266
ybaY_predicted,11.5,48,3,TCCTTGGAGCAGTTGCCGGA,45,4570188
ybaY_predicted,0.75,5,3,TCCTTGCCGAGGACAGACAT,2,4557366
ybaY_predicted,0.5,4,3,TCCTGCCTAAGAAATATCAT,1,4553012
ybaY_predicted,5.25,23,3,TCCTCTTGGTAATGAATTAA,20,4572948
ybaY_predicted,5.0,22,3,TCCGCACAGTGAACCTGGTT,19,4595665
ybaY_predicted,5.75,25,3,TCCCGGCTCCACTTGACTCT,22,4559161
ybaY_predicted,11.75,49,3,TCCCCGCTTCAGCTCGGATC,46,4575392
ybaY_predicted,4.75,21,3,TCCCCGCAGGTATTTGACGT,18,4577060
ybaY_predicted,12.0,50,3,TCCAGAGGGGTCGGGCAGCT,47,4571519
ybaY_predicted,6.0,26,3,TCCAACCACGCTTCGTTCTA,23,4568071
ybaY_predicted,5.75,25,3,TCAGGTGTTCCGACATGATA,22,4600221
ybaY_predicted,7.0,30,3,TCAGAATTTTGACGGCAGCG,27,4574836
ybaY_predicted,0.5,4,3,TCACCACTTACATAGCAGGC,1,4581391
ybaY_predicted,0.5,4,3,TATTCGAAACTGCAAAACAA,1,4592836
ybaY_predicted,0.5,4,3,TATGCAATGCTTTCACGAGC,1,4567370
ybaY_predicted,7.5,32,3,TATCTAGGTTCGCAATTGTC,29,4600320
ybaY_predicted,2.75,13,3,TATCTAGGATAAGTTCCGGG,10,4561464
ybaY_predicted,9.0,38,3,TATCCGGAACCGCCAGGTTC,35,4553426
ybaY_predicted,2.0,10,3,TATATACTTCGAATTCATAT,7,4581735
ybaY_predicted,4.0,18,3,TATAAGCTGACAGAATCTGG,15,4578336
ybaY_predicted,2.0,10,3,TACTTCATCTTGGGGCCGAC,7,4590292
ybaY_predicted,1.75,9,3,TACTGGGGTTTGCATGCACC,6,4592841
ybaY_predicted,2.75,13,3,TACCGCGTCTGATACCAGTG,10,4559126
ybaY_predicted,4.75,21,3,TACACAGGGTCTATTTTTAA,18,4573815
ybaY_predicted,3.25,15,3,TAAGTGGTCAACCGCGGCGG,12,4553211
ybaY_predicted,14.5,60,3,TAACATCAGGCGACCGTATT,57,4595028
ybaY_predicted,5.75,25,3,TAAAAGCAACTTGCGAATTT,22,4572101
ybaY_predicted,12.25,51,3,GTTTTTGACGTTCTAGAGCC,48,4595638
ybaY_predicted,5.75,25,3,GTTTTGATCAAAAGGCGTTG,22,4593204
ybaY_predicted,12.0,50,3,GTTGCTCCCGTCAACAAATA,47,4556643
ybaY_predicted,1.0,6,3,GTTGAGCTGCATCATCGAAA,3,4558274
ybaY_predicted,6.75,29,3,GTTATGTGCGCGTCCACTGC,26,4593825
ybaY_predicted,10.75,45,3,GTTAGTGTGCACGGCATTCG,42,4577492
ybaY_predicted,2.0,10,3,GTTAGCGAATGATATTCGTT,7,4566592
ybaY_predicted,6.75,29,3,GTGGGCCTAGAGCGTGATAC,26,4598706
ybaY_predicted,14.5,60,3,GTGGCTTTCTAAACGTGCAC,57,4554518
ybaY_predicted,3.0,14,3,GTGATCTTTGAAGCGAATGC,11,4561413
ybaY_predicted,8.25,35,3,GTGAACCCCCCGACACAGGA,32,4598735
ybaY_predicted,7.5,32,3,GTCTGGACGCCAGCGTGGGG,29,4574310
ybaY_predicted,4.0,18,3,GTCTATGCATCGAATTCAAC,15,4586979
ybaY_predicted,6.75,29,3,GTCGACTGGGTGAGCGTTCT,26,4566433
ybaY_predicted,0.75,5,3,GTCCGTCGCCTAGAGGGGTT,2,4550110
ybaY_predicted,4.75,21,3,GTCCGAGGAGCGTCTCGTAA,18,4584589
ybaY_predicted,3.25,15,3,GTCAAAGGCCAGGGGCCGAA,12,4559985
ybaY_predicted,2.5,12,3,GTAGAGGACGTCAAAGAGCT,9,4551664
ybaY_predicted,4.75,21,3,GTACGGTCTGTGTGTCAATG,18,4590355
ybaY_predicted,3.25,15,3,GTAATTTATTGTGTCGTTTG,12,4579773
ybaY_predicted,8.25,35,3,GGTTGCTGGTTTGGTTCGCT,32,4563089
ybaY_predicted,4.0,18,3,GGTTAGAGAGCTTTATGGTA,15,4578074
ybaY_predicted,0.5,4,3,GGTCTTTTTATCTGGGTGAT,1,4577871
ybaY_predicted,6.0,26,3,GGTCGTTTGCGGCAGCCCCG,23,4560669
ybaY_predicted,6.0,26,3,GGTCCAGGGCACTTAACGAA,23,4577295
ybaY_predicted,1.5,8,3,GGTATCAGGGCGGCGCAGAA,5,4598284
ybaY_predicted,4.5,20,3,GGTAGGTCGGAAATTTGTGA,17,4550224
ybaY_predicted,10.25,43,3,GGGGGTAGCCGTCCGTCAAA,40,4583911
ybaY_predicted,0.5,4,3,GGGGGAGTTGAATCGGCAGG,1,4556673
ybaY_predicted,4.25,19,3,GGGATGCCAATTGATTCTAG,16,4586421
ybaY_predicted,0.75,5,3,GGGAGGTCCTCCGTTATGGA,2,4587885
ybaY_predicted,1.0,6,3,GGGAGAACATTCTCTAAGCG,3,4592067
ybaY_predicted,6.75,29,3,GGCTCCTGTAAAAGTACGCG,26,4576652
ybaY_predicted,13.75,57,3,GGCTATAAACTCAAGCATGA,54,4563342
ybaY_predicted,6.0,26,3,GGCGTCAAGTCTTGGATTTT,23,4560464
ybaY_predicted,6.25,27,3,GGCGCAGGACTCCCGAGAGC,24,4573492
ybaY_predicted,6.75,29,3,GGCGATTCTCTGAGAGGGTG,26,4587079
ybaY_predicted,6.5,28,3,GGCCTTCAGGGATCAGAAAA,25,4598726
ybaY_predicted,2.5,12,3,GGCCTCTGCACCTTACCGTC,9,4586229
ybaY_predicted,6.0,26,3,GGCCGTTTAAGCCGTCCCTA,23,4551457
ybaY_predicted,5.0,22,3,GGCAGCTAAAACGAAACATG,19,4586971
ybaY_predicted,6.0,26,3,GGCAGCCTACCCCCTTCCGT,23,4548025
ybaY_predicted,6.0,26,3,GGCAACTCAGACGTTTGCTG,23,4559975
ybaY_predicted,13.5,56,3,GGCAACCTCGGGTCAAGATT,53,4578062
ybaY_predicted,3.75,17,3,GGATGCGTAATGCAATGGAG,14,4548253
ybaY_predicted,13.5,56,3,GGAGTTCCCGAGGGACTGGT,53,4549608
ybaY_predicted,6.75,29,3,GGAACGATAGCTGGCATATG,26,4544749
ybaY_predicted,0.5,4,3,GGAAAGCGGGCGCCTCGTGT,1,4574014
ybaY_predicted,0.5,4,3,GCTTTCGACCCTTAGTACCA,1,4555708
ybaY_predicted,14.25,59,3,GCTTGGAGCTGAATGCTTCC,56,4546559
ybaY_predicted,3.25,15,3,GCTTAAGTGAGTCTCATCCG,12,4587501
ybaY_predicted,4.25,19,3,GCTGGGAGAGCGTAAGCGAT,16,4545129
ybaY_predicted,1.0,6,3,GCTGGATGGTCACAGAGCCA,3,4581008
ybaY_predicted,3.0,14,3,GCTAAGACTACGAGTTTCAA,11,4568417
ybaY_predicted,0.5,4,3,GCTAAACAGGGAACTACCAC,1,4598301
ybaY_predicted,0.5,4,3,GCGTGTAAATAGTCTGTCAT,1,4578936
ybaY_predicted,9.0,38,3,GCGGTCACTTAGTTAATCGA,35,4586169
ybaY_predicted,0.75,5,3,GCGGATGAGACTCTCCCTCG,2,4594772
ybaY_predicted,1.25,7,3,GCGGAGCATTCAGTTCCGAC,4,4580041
ybaY_predicted,1.0,6,3,GCGGACCTACAGTTGAGCCC,3,4587560
ybaY_predicted,12.5,52,3,GCGCGGGCAGTCTTGTATCA,49,4555401
ybaY_predicted,0.5,4,3,GCGAGCGTTGTTTAAGGAAA,1,4581848
ybaY_predicted,4.5,20,3,GCCTTACGTGTTATTATATA,17,4588257
ybaY_predicted,0.5,4,3,GCCTACATGGCGGATACGTC,1,4594280
ybaY_predicted,4.0,18,3,GCCGCAGCTACCATGTAGTG,15,4553450
ybaY_predicted,0.75,5,3,GCCCACCGGGTTATGTTGAA,2,4589986
ybaY_predicted,12.75,53,3,GCCATGACGTGTTCGGAATG,50,4560290
ybaY_predicted,2.25,11,3,GCATTTCCCTTGTTAGACGC,8,4589022
ybaY_predicted,0.75,5,3,GCATTCCAGCAACGCGTAAT,2,4549904
ybaY_predicted,0.5,4,3,GCAGGTCCCCTCGCTTGGGA,1,4550567
ybaY_predicted,1.0,6,3,GCAGCACCCTTAGTCAGAGA,3,4591721
ybaY_predicted,12.25,51,3,GCAGAGTGTTACTTATGGTT,48,4594676
ybaY_predicted,3.75,17,3,GCACGGCCATTAAAAAGGAC,14,4544573
ybaY_predicted,10.0,42,3,GCAATGGGTTCGGGACGTTT,39,4561041
ybaY_predicted,5.75,25,3,GCAAATTCTTCGCCAATGCT,22,4564431
ybaY_predicted,0.5,4,3,GATTTTCAACTGCTTGGGCT,1,4597103
ybaY_predicted,3.0,14,3,GATTTGGAGGTCTAATTCCA,11,4565676
ybaY_predicted,2.75,13,3,GATGTGGAGATGAAGTGAGC,10,4593660
ybaY_predicted,7.5,32,3,GATGCAGTAGGTAACCCGGG,29,4549986
ybaY_predicted,4.0,18,3,GATCTGTCGAATTTGGCAGA,15,4552886
ybaY_predicted,5.75,25,3,GATACGAACGTGATTCGACA,22,4555326
ybaY_predicted,4.75,21,3,GAGTTCGCGCAGGCAATCGA,18,4551473
ybaY_predicted,2.75,13,3,GAGTCACCCCTGAGAAAGTC,10,4546888
ybaY_predicted,5.0,22,3,GAGCCCCTGACGTGTGAACT,19,4572676
ybaY_predicted,6.0,26,3,GAGAAATTCCTGCGGAATAT,23,4561696
ybaY_predicted,4.75,21,3,GACCTGATGTAATACAGGAC,18,4561129
ybaY_predicted,3.0,14,3,GAATCAGCAATTGGTATGCT,11,4587577
ybaY_predicted,4.5,20,3,GAAGATTGCAAGGAACAAAT,17,4557466
ybaY_predicted,11.5,48,3,CTTTAGCGTTAAGCTGTCTA,45,4598147
ybaY_predicted,2.5,12,3,CTTGGAGAGTCCGTCGCTGA,9,4593275
ybaY_predicted,6.75,29,3,CTTCTTGAATGGAACAACAA,26,4561552
ybaY_predicted,6.75,29,3,CTTCCAGCTAAACATAATGC,26,4571957
ybaY_predicted,3.5,16,3,CTTAGGAGGGAGTGGAGACA,13,4569389
ybaY_predicted,6.75,29,3,CTGTACTGGGACGCGTAGAT,26,4572372
ybaY_predicted,6.75,29,3,CTGCGCAATCTGTTAAATAA,26,4555909
ybaY_predicted,6.0,26,3,CTGCCGCACGAAATGCCGGA,23,4577293
ybaY_predicted,3.75,17,3,CTGCCATGGTCTCGTGACTT,14,4560487
ybaY_predicted,0.5,4,3,CTGAAACAGACGCATTACGT,1,4596430
ybaY_predicted,0.75,5,3,CTCTGCCGCCATAAAAAGTC,2,4578887
ybaY_predicted,0.5,4,3,CTCTCGGTCCCTGATACACT,1,4595704
ybaY_predicted,1.0,6,3,CTCTACCGTCGATAGGTCAA,3,4560181
ybaY_predicted,10.0,42,3,CTCGCAGGAGCTGGGACTAA,39,4596301
ybaY_predicted,0.5,4,3,CTCGAGCCCACACACCCTCG,1,4567597
ybaY_predicted,2.75,13,3,CTCCTTGGAGGTCTCAACCT,10,4547069
ybaY_predicted,0.5,4,3,CTCCGGCAACGCTGGCGTGA,1,4575965
ybaY_predicted,1.75,9,3,CTCACCTTGTAGCTGCCCTG,6,4566122
ybaY_predicted,5.25,23,3,CTCACATCTCTGGCAACACT,20,4550636
ybaY_predicted,6.75,29,3,CTATGTTGGCCCGTTCACGT,26,4570205
ybaY_predicted,3.5,16,3,CTAGCGGTAAGAAGCAACGG,13,4563897
ybaY_predicted,2.0,10,3,CTACTGATCATATTGACTCC,7,4566008
ybaY_predicted,8.25,35,3,CTAATAACCGCGTCGGGACA,32,4572814
ybaY_predicted,1.0,6,3,CTAAGTCCGACCGATCAACC,3,4592812
ybaY_predicted,4.0,18,3,CTAACATGGACAGGGACTTT,15,4556631
ybaY_predicted,1.0,6,3,CTAAAGAGGTCTAAATTGCG,3,4596501
ybaY_predicted,0.75,5,3,CTAAACTCGTCGAAGAGTAC,2,4598328
ybaY_predicted,7.75,33,3,CGTTGCAAACTTTACGTGTA,30,4596828
ybaY_predicted,7.5,32,3,CGTCCGGCTTGCTGGACACA,29,4590001
ybaY_predicted,2.0,10,3,CGTAGCAAGTGAGGTCTCAA,7,4560220
ybaY_predicted,3.5,16,3,CGTACAGTGATCTTCACAGG,13,4550756
ybaY_predicted,3.5,16,3,CGTAACTGGGGGATAACCCG,13,4588765
ybaY_predicted,3.75,17,3,CGGTTATGGGCCGCCAGGCA,14,4562663
ybaY_predicted,11.75,49,3,CGGTAGCGAACGCGGCCGGT,46,4550196
ybaY_predicted,3.5,16,3,CGGGTGTTATTTCTAATTAA,13,4552005
ybaY_predicted,0.5,4,3,CGGCTTATACGTCCGCCTAT,1,4568196
ybaY_predicted,0.5,4,3,CGGACGTCTGCATTATAATA,1,4564189
ybaY_predicted,0.75,5,3,CGGAATTAAAGTCTCACTTG,2,4586611
ybaY_predicted,0.5,4,3,CGCTTTAAACCTCACAGGTA,1,4565084
ybaY_predicted,2.25,11,3,CGCTAAGCGTGGCTATGCTA,8,4586576
ybaY_predicted,0.5,4,3,CGCAACCTGATTTTGATACT,1,4583752
ybaY_predicted,7.25,31,3,CGATATGATAAGCGAAGGAG,28,4549850
ybaY_predicted,1.0,6,3,CGATACAAATTGTGAGGCCC,3,4545956
ybaY_predicted,5.0,22,3,CGAACTATTGCATTATTACG,19,4564405
ybaY_predicted,0.5,4,3,CGAAAGAGGGTTCAGTAGAT,1,4584575
ybaY_predicted,9.25,39,3,CCTGTCCGCCAATGGCTAGG,36,4573347
ybaY_predicted,4.25,19,3,CCTATTAGTGAAGGCGAGTC,16,4568881
ybaY_predicted,16.0,66,3,CCTAGAACGCTTGAATCTAG,63,4545277
ybaY_predicted,6.25,27,3,CCGTTGCGGTCAGTCACGTT,24,4551918
ybaY_predicted,2.5,12,3,CCGTAGTTTGGACAATGAGT,9,4600070
ybaY_predicted,38.0,154,3,CCGGCGGATTCACCTGTCCT,151,4595643
ybaY_predicted,5.75,25,3,CCGCATAAAAATGATCAAGC,22,4597685
ybaY_predicted,18.0,74,3,CCCTACACCCGAACAGTCGG,71,4545274
ybaY_predicted,8.75,37,3,CCCGGACTATCGGTGTCTGG,34,4597742
ybaY_predicted,0.5,4,3,CCCCGTGTTCGATCCCGATT,1,4548771
ybaY_predicted,3.25,15,3,CCCAATAGACAATCGCGAAA,12,4558644
ybaY_predicted,0.5,4,3,CCATGTTTCGAAAAACAAGT,1,4565807
ybaY_predicted,4.75,21,3,CCAGTGTGCTCTATTCACGA,18,4546424
ybaY_predicted,2.75,13,3,CCAGGGTAACTCGTCTCCAC,10,4562285
ybaY_predicted,8.0,34,3,CCACCAGTAGGTTGCGGGAA,31,4583760
ybaY_predicted,6.0,26,3,CCAATCGGCAGTGCTCTCAA,23,4550517
ybaY_predicted,4.25,19,3,CATTATACACGACAGTACAA,16,4567304
ybaY_predicted,2.5,12,3,CATTAGAGGCGTCCTTGTAC,9,4576641
ybaY_predicted,1.0,6,3,CATCGGGAATCGATATAGGA,3,4547694
ybaY_predicted,9.75,41,3,CATCGGACACCATAAACATC,38,4577785
ybaY_predicted,0.5,4,3,CATATGGGGAGGACTGGGAG,1,4590460
ybaY_predicted,3.5,16,3,CATAGATCAATAAGTATCCC,13,4582191
ybaY_predicted,7.0,30,3,CAGTGTTTCTTCGCATTTCC,27,4568221
ybaY_predicted,4.0,18,3,CAGTCGGTTCCTGGCATTTG,15,4561959
ybaY_predicted,0.5,4,3,CAGGCTCTAGGCTCCAGAGC,1,4600276
ybaY_predicted,9.5,40,3,CAGCCTCATTGGCCAGGGTC,37,4590936
ybaY_predicted,2.5,12,3,CAGCCGTACCGGTTTATCTG,9,4595924
ybaY_predicted,3.25,15,3,CAGCCATTAAGAGCTAGGCC,12,4573211
ybaY_predicted,7.0,30,3,CAGACTTGCGAGGTTTACTC,27,4554892
ybaY_predicted,3.0,14,3,CACTAGTCAGGTCGGCCCCG,11,4544486
ybaY_predicted,1.0,6,3,CACGACCGCGAGCGCAAGCG,3,4577352
ybaY_predicted,3.0,14,3,CACCGCAGTTGCGCGAGTAC,11,4568507
ybaY_predicted,5.75,25,3,CACCCGTTCTGGATGTATTA,22,4558471
ybaY_predicted,0.5,4,3,CACCCCATAGGGACGACATA,1,4572913
ybaY_predicted,1.75,9,3,CACCAAAACTACAGAGACAA,6,4545442
ybaY_predicted,2.75,13,3,CACACAGCGCTGCTTCGTTG,10,4566078
ybaY_predicted,6.0,26,3,CAAGTATCCTTAGCGTTCGT,23,4585099
ybaY_predicted,4.25,19,3,CAACTATGAGCCTAAAGTGA,16,4571056
ybaY_predicted,6.5,28,3,CAACCCGCGGACTATCGTGC,25,4566542
ybaY_predicted,1.25,7,3,ATTTTAGTACGAAATCATTA,4,4559433
ybaY_predicted,56.0,226,3,ATTTGTATATCTCTGCCGAA,223,4584301
ybaY_predicted,2.25,11,3,ATTGAGCGGAGCACAAAAGC,8,4545795
ybaY_predicted,3.0,14,3,ATGTTCGCAATACAGTTCCT,11,4575151
ybaY_predicted,6.5,28,3,ATGTGACGGCGTCAGGTGTG,25,4574757
ybaY_predicted,0.75,5,3,ATGTCAACAGACATGGCTCC,2,4555544
ybaY_predicted,5.25,23,3,ATGTATGATATTGGGATGTT,20,4577134
ybaY_predicted,7.5,32,3,ATGGTAAACGCACCTGAGTA,29,4594888
ybaY_predicted,3.5,16,3,ATGGAGCGCACGTTGGCACA,13,4590737
ybaY_predicted,4.5,20,3,ATGGAATAGAGGCTGAGAGT,17,4597894
ybaY_predicted,6.5,28,3,ATGCGCAATGGAAGGGTGCG,25,4561062
ybaY_predicted,30.75,125,3,ATGCCTGGGCGACAGTCAGC,122,4577460
ybaY_predicted,15.0,62,3,ATGCAACTCGGTCAGTACAT,59,4557758
ybaY_predicted,6.0,26,3,ATCGGGGGCGCCAGTTCGGA,23,4545225
ybaY_predicted,8.0,34,3,ATCGGGCATGCTGTGTCAGT,31,4599134
ybaY_predicted,1.25,7,3,ATCCGAAGAATCATTCGGAA,4,4573916
ybaY_predicted,3.75,17,3,ATCAAGTAAATACCTTGGAA,14,4569945
ybaY_predicted,16.0,66,3,ATATGTCACGTCATTGGTGG,63,4553805
ybaY_predicted,0.5,4,3,ATATACACGGCGCGATTCAC,1,4562334
ybaY_predicted,9.75,41,3,ATACACTAGGGATGGAGCAT,38,4594650
ybaY_predicted,7.25,31,3,AGTTCGGGGTGCGAAACCCT,28,4552048
ybaY_predicted,6.0,26,3,AGTACGTTCTCCACTCGTGT,23,4544390
ybaY_predicted,5.0,22,3,AGGTTAGTCTGGTCTTCGAA,19,4582957
ybaY_predicted,11.75,49,3,AGGGCTGTCCACTCGGGGTT,46,4572214
ybaY_predicted,1.75,9,3,AGGGCCAATGTTGACGAATC,6,4549920
ybaY_predicted,1.0,6,3,AGGCTTCTGTGAGCGGCATG,3,4588212
ybaY_predicted,2.75,13,3,AGGCTGCAGCTCGCTTATAT,10,4566361
ybaY_predicted,0.5,4,3,AGGCGTGGCGTTCCAGTAGA,1,4577208
ybaY_predicted,3.0,14,3,AGGCGCTGCTTAAGGGAGAG,11,4565263
ybaY_predicted,7.25,31,3,AGGCATTTTCGCTGACTCTA,28,4581463
ybaY_predicted,0.5,4,3,AGGCATCTTCGTAGGGCGCA,1,4593371
ybaY_predicted,0.5,4,3,AGGAATGAACAACTTTGCGC,1,4568327
ybaY_predicted,4.25,19,3,AGCTTACATTTTAGCAGCAT,16,4556240
ybaY_predicted,5.25,23,3,AGCCGGGGGTCTGAATCTCA,20,4550525
ybaY_predicted,1.0,6,3,AGATGGGGTGGGTCCTCCTT,3,4584974
ybaY_predicted,1.25,7,3,AGATCAGCTTCTGGGTTAAG,4,4595200
ybaY_predicted,6.25,27,3,AGACTTGCGTAATGTTCTAA,24,4557709
ybaY_predicted,2.25,11,3,AGACCGCCCGTAGTGCCTGA,8,4586217
ybaY_predicted,4.75,21,3,AGAAGACTCCCTGGGCGTAG,18,4547563
ybaY_predicted,1.75,9,3,ACTTGTTTAAATTCTTAGAA,6,4564738
ybaY_predicted,13.5,56,3,ACTTCTGCTTACTTACCGTT,53,4586997
ybaY_predicted,12.5,52,3,ACTTACTCGTTATTGCAGCC,49,4545264
ybaY_predicted,6.25,27,3,ACGTCAGGAAATATATGAGT,24,4548772
ybaY_predicted,0.5,4,3,ACGAATATACTCATCCCTTA,1,4555973
ybaY_predicted,0.75,5,3,ACCTTTTCTGCAGGTACTTT,2,4564039
ybaY_predicted,5.5,24,3,ACCTGAACCGATTGAAGTCG,21,4568927
ybaY_predicted,0.5,4,3,ACCGTGTGTCTGTGCATCAA,1,4584818
ybaY_predicted,0.75,5,3,ACCACTTGGGCTTCACCGCC,2,4552847
ybaY_predicted,0.5,4,3,ACATTGCCTATGGCATGTCT,1,4595750
ybaY_predicted,2.75,13,3,ACATTCCGTACGGAATGATG,10,4581898
ybaY_predicted,0.5,4,3,ACATGTCTCTGCTAAATTCC,1,4587593
ybaY_predicted,4.25,19,3,ACATGATCCCTCTTCTCCAA,16,4560231
ybaY_predicted,5.75,25,3,ACATCAAACAGAGTCAGGGT,22,4583293
ybaY_predicted,7.75,33,3,ACAGACGTCCTACAATCAAT,30,4557074
ybaY_predicted,5.0,22,3,ACACGTGCATAGGTCCAACG,19,4585589
ybaY_predicted,2.75,13,3,ACACCGTCGTTTGGGCTCTG,10,4595440
ybaY_predicted,0.75,5,3,ACAATGGGATGCGTTTCCCA,2,4568754
ybaY_predicted,3.75,17,3,AATTTAGCCTAGGCGCTAAA,14,4568063
ybaY_predicted,3.75,17,3,AATGCCTGACATACGAAAAC,14,4544409
ybaY_predicted,6.5,28,3,AATGCACCCGGGAGGAGCTC,25,4558166
ybaY_predicted,0.5,4,3,AATAAATCAACATCGGTATC,1,4591552
ybaY_predicted,1.25,7,3,AAGTGCAGAAAAGATTGTAC,4,4588013
ybaY_predicted,11.0,46,3,AAGTCCCAGATGACTAATTT,43,4549556
ybaY_predicted,0.5,4,3,AAGTACAGGGAATCGGGTAC,1,4566687
ybaY_predicted,3.75,17,3,AAGGTGTAATTTTGAGCGAA,14,4578385
ybaY_predicted,5.25,23,3,AAGGTACGGGGGCTACAGTT,20,4557446
ybaY_predicted,3.75,17,3,AAGGAGACCGTGGACTTTTA,14,4563615
ybaY_predicted,7.0,30,3,AACTTATTGGATCGTGGTTG,27,4565001
ybaY_predicted,5.0,22,3,AACGGTTGTGTGACTCACAG,19,4568012
ybaY_predicted,4.75,21,3,AACATTCTCTAGACGGTACA,18,4550384
ybaY_predicted,5.75,25,3,AACACACGTCATAGAGTTTG,22,4556291
ybaY_predicted,5.75,25,3,AAATTCTAGTCGGGAATGCC,22,4567984
ybaY_predicted,6.25,27,3,AAATTACGTAGCCCCACAGC,24,4555267
ybaY_predicted,2.25,11,3,AAATAGTCAGGGTCCTTAAG,8,4555353
ybaY_predicted,2.25,11,3,AAAGGACGTCGAACCCGCTA,8,4562526
ybaY_predicted,4.75,21,3,AAAGCTAGATAAGTGCTTGG,18,4568096
ybaY_predicted,2.25,11,3,AAAGATGTACTGCCTGGGAG,8,4590738
ybaY_predicted,6.5,28,3,AAAGAGTTACCGCTAAAAGA,25,4545457
ybaY_predicted,2.5,12,3,AAACTGCCTGCCCCCTTCTC,9,4585970
ybaY_predicted,2.25,11,3,AAAAGCGCTATTGTTACAAA,8,4573068
ybaY_predicted,5.333333333333333,17,2,TTTGCAGATCCCTTGGGAGA,15,4548081
ybaY_predicted,7.333333333333333,23,2,TTTGATATCGAGAGCTCTAG,21,4591776
ybaY_predicted,11.0,34,2,TTTCCGCACGGGTGAGCGCT,32,4555918
ybaY_predicted,1.0,4,2,TTTACATTTCGGGGGTTCAT,2,4583001
ybaY_predicted,2.6666666666666665,9,2,TTGTGCGTTGCTGTCAATCA,7,4561291
ybaY_predicted,6.666666666666667,21,2,TTGTGCCTCTATGAGCTCTA,19,4559174
ybaY_predicted,6.666666666666667,21,2,TTGGGCCGGCTCATAATAGG,19,4575975
ybaY_predicted,54.0,163,2,TTGCCGGCTACCCACGAGAT,161,4567975
ybaY_predicted,1.0,4,2,TTGCAAGAATAGGGTTTGGG,2,4569789
ybaY_predicted,12.666666666666666,39,2,TTGATTACAGCTAGAACTTG,37,4577441
ybaY_predicted,7.666666666666667,24,2,TTGAGTGCAGGATCAGTGTG,22,4556852
ybaY_predicted,0.6666666666666666,3,2,TTCTCGTGAGTCCGCTTTGA,1,4575366
ybaY_predicted,6.0,19,2,TTCTATTGAGAATGCAGGGA,17,4567377
ybaY_predicted,11.0,34,2,TTCGTTACATCAGTCGGGCG,32,4577001
ybaY_predicted,1.0,4,2,TTCCTTCTGAGTAACCAGAT,2,4595085
ybaY_predicted,10.333333333333334,32,2,TTCCCGTTCAATTGTAATGC,30,4600263
ybaY_predicted,2.3333333333333335,8,2,TTATTGTCCAGACGGCGCAA,6,4548474
ybaY_predicted,0.6666666666666666,3,2,TTATTGCTCGGTACTATAAC,1,4565708
ybaY_predicted,6.666666666666667,21,2,TTATCACTGGGCGCAGCGAA,19,4575684
ybaY_predicted,1.6666666666666667,6,2,TTAGTAGAGCAGCGGTCTGT,4,4561315
ybaY_predicted,1.0,4,2,TTAATGTTGTTCCACGACGG,2,4545269
ybaY_predicted,4.666666666666667,15,2,TTAAGTCTGACTTCGCCTCG,13,4591806
ybaY_predicted,2.0,7,2,TGTTCGCTATACGTTGTCAA,5,4545259
ybaY_predicted,0.6666666666666666,3,2,TGTGGCCCCACTCCAGTCGT,1,4567994
ybaY_predicted,17.333333333333332,53,2,TGTCATAACGTCTAAAAAAT,51,4552983
ybaY_predicted,6.666666666666667,21,2,TGTCAGAACAGCGGTCTGCG,19,4573503
ybaY_predicted,0.6666666666666666,3,2,TGTATTTTTAGAGGTAACTC,1,4572056
ybaY_predicted,2.0,7,2,TGTATTGGGGACTTTTGGCG,5,4554459
ybaY_predicted,12.333333333333334,38,2,TGTAGTTCAGCCAACGTGTG,36,4574317
ybaY_predicted,7.333333333333333,23,2,TGGTCCTTTCATTTAGAGGG,21,4550474
ybaY_predicted,7.666666666666667,24,2,TGGGGCAGGTGTTTGTCGGT,22,4548047
ybaY_predicted,2.3333333333333335,8,2,TGGGCAGTTCGGTTACCCGG,6,4578059
ybaY_predicted,2.6666666666666665,9,2,TGGCTAACCCACCCTACCCC,7,4600692
ybaY_predicted,1.6666666666666667,6,2,TGGAACATTGTGATGGCTGT,4,4569808
ybaY_predicted,0.6666666666666666,3,2,TGCGTCGAACGATTCGTGCT,1,4554464
ybaY_predicted,0.6666666666666666,3,2,TGCCGGGGTGACTCCATTGC,1,4592490
ybaY_predicted,3.6666666666666665,12,2,TGCCAAACGTTTGTACAGTG,10,4579273
ybaY_predicted,3.0,10,2,TGATCCTAGCCCTTATTCGC,8,4546116
ybaY_predicted,6.0,19,2,TGATCCCGACTATAGTAGTA,17,4568721
ybaY_predicted,5.333333333333333,17,2,TGAGATATGGCGGTTCACTG,15,4575176
ybaY_predicted,3.0,10,2,TGACTCTCGACTCACAGTGC,8,4575180
ybaY_predicted,5.333333333333333,17,2,TGACATGTACAGAGTGTCTT,15,4591811
ybaY_predicted,0.6666666666666666,3,2,TGACACTTCTTACCTTGTTC,1,4548998
ybaY_predicted,0.6666666666666666,3,2,TGAAGGTGCCATAATGGCGA,1,4591072
ybaY_predicted,3.6666666666666665,12,2,TGAACTATGTTACCCGCTTC,10,4551986
ybaY_predicted,7.333333333333333,23,2,TCTTTGTCTCGATGGGATAG,21,4580744
ybaY_predicted,3.0,10,2,TCTTATTCCCCAATGAAATA,8,4567222
ybaY_predicted,11.333333333333334,35,2,TCTGTGGACTGCCATTTCTC,33,4591807
ybaY_predicted,1.0,4,2,TCTCTATAGCGAATCATTTT,2,4595572
ybaY_predicted,6.666666666666667,21,2,TCTAATCTTGTCGTCACCTC,19,4587002
ybaY_predicted,3.0,10,2,TCGTTGGAGTCATGGAAAAC,8,4572216
ybaY_predicted,7.666666666666667,24,2,TCGTGTATTTCATGAAAACT,22,4573384
ybaY_predicted,2.0,7,2,TCGTCAGTTACATTGATTCG,5,4557860
ybaY_predicted,1.0,4,2,TCGGTGGATGGGTTTCAATT,2,4566728
ybaY_predicted,7.0,22,2,TCGCAAATCCATACTATGTA,20,4583166
ybaY_predicted,26.0,79,2,TCGATATACGGGATGTGTGT,77,4545343
ybaY_predicted,5.666666666666667,18,2,TCGAGGTGAACCATTTTAAT,16,4552041
ybaY_predicted,0.6666666666666666,3,2,TCGAGCCACTTCCCGGACCA,1,4555226
ybaY_predicted,0.6666666666666666,3,2,TCCCCTAGTCATAAACAGAG,1,4592744
ybaY_predicted,5.0,16,2,TCATAGCGCATTTGGTTTGT,14,4586425
ybaY_predicted,6.0,19,2,TCAGCCCTTAGTGCAGAAGA,17,4559505
ybaY_predicted,0.6666666666666666,3,2,TCACCCTTTGACAAGCGCAT,1,4592533
ybaY_predicted,6.666666666666667,21,2,TCAAATAAAGTGTTATCGGC,19,4552594
ybaY_predicted,5.0,16,2,TCAAAATAGGTCAACCATAC,14,4564806
ybaY_predicted,6.333333333333333,20,2,TATTCTATTATTCGAGCTCA,18,4583406
ybaY_predicted,3.3333333333333335,11,2,TATAGGCAGAGTCCTACATC,9,4579476
ybaY_predicted,3.3333333333333335,11,2,TAGGGCCTGATTCTTAGGAG,9,4559149
ybaY_predicted,2.6666666666666665,9,2,TAGCTGCCCACTAAACGGTG,7,4593630
ybaY_predicted,5.333333333333333,17,2,TAGCGTTTGTATAATCTTTT,15,4571401
ybaY_predicted,0.6666666666666666,3,2,TAGCGGATTACCACTTATTG,1,4546782
ybaY_predicted,4.666666666666667,15,2,TAGATCATTTCTGGCAATTG,13,4568018
ybaY_predicted,1.6666666666666667,6,2,TAATTTAGCTAGCTAGCTAG,4,4567682
ybaY_predicted,7.0,22,2,TAAGTAGGAGATTGTGAATG,20,4587011
ybaY_predicted,3.3333333333333335,11,2,GTTGTGTGGAGATTGCGACC,9,4564598
ybaY_predicted,8.333333333333334,26,2,GTTGTAACGCACAGCGGTCG,24,4575618
ybaY_predicted,1.0,4,2,GTTGGCAAGGGTCTGGGCGC,2,4544495
ybaY_predicted,4.333333333333333,14,2,GTTGGAATCCCTCGTTAAAT,12,4553295
ybaY_predicted,3.6666666666666665,12,2,GTTCGATTGTATCGGATAAG,10,4556376
ybaY_predicted,4.666666666666667,15,2,GTTACGATGGAATCGCGGGT,13,4562949
ybaY_predicted,11.0,34,2,GTGTTCTTGGGCTAGCGAAG,32,4553289
ybaY_predicted,3.6666666666666665,12,2,GTGTCAGCAGAGAGGATAGA,10,4599406
ybaY_predicted,3.0,10,2,GTGGTTCGTAACCTTATCAT,8,4582765
ybaY_predicted,7.666666666666667,24,2,GTGGTGAGCCTCTAGAACTA,22,4588959
ybaY_predicted,1.0,4,2,GTGCACGTTAGGATGGGAAA,2,4598358
ybaY_predicted,2.3333333333333335,8,2,GTGATTCGCCAATACTGGCA,6,4577070
ybaY_predicted,2.3333333333333335,8,2,GTGAGATTCCCTTTCCGCGG,6,4590254
ybaY_predicted,0.6666666666666666,3,2,GTCTCCCGTCCTCTAATGTC,1,4589190
ybaY_predicted,0.6666666666666666,3,2,GTCTAGTTTGTGAAAACTGA,1,4574676
ybaY_predicted,8.666666666666666,27,2,GTCGGCCATGGTTCTTCACG,25,4593114
ybaY_predicted,5.333333333333333,17,2,GTATGCATTGAACTCAGGAG,15,4577347
ybaY_predicted,8.666666666666666,27,2,GTAGGGGTAACTGAGCCCAG,25,4563898
ybaY_predicted,8.0,25,2,GTAGACTAGATAACTGCTTA,23,4592618
ybaY_predicted,5.666666666666667,18,2,GTACCCCTGAAAGTTGACAT,16,4597809
ybaY_predicted,2.0,7,2,GTACATTGCTGGGCTTCTCT,5,4549622
ybaY_predicted,3.0,10,2,GTAAGCGAGATGACGCGTAT,8,4560916
ybaY_predicted,1.3333333333333333,5,2,GGTTTCAAATCCGATTAATG,3,4572826
ybaY_predicted,16.333333333333332,50,2,GGTTGAGTCACTTCCCTTCA,48,4563177
ybaY_predicted,8.333333333333334,26,2,GGTTCTTGGATCTTGAGATC,24,4562544
ybaY_predicted,5.666666666666667,18,2,GGTGGTTACTCAGGAGCCGA,16,4564507
ybaY_predicted,4.0,13,2,GGTGATGTAAGGGGTTGCAA,11,4575740
ybaY_predicted,0.6666666666666666,3,2,GGTGAGCGGGATAAGTGCCA,1,4578501
ybaY_predicted,2.6666666666666665,9,2,GGTCATCCCCGCGACACTGC,7,4584330
ybaY_predicted,1.6666666666666667,6,2,GGTCAAATCAACGTCGGGAT,4,4555815
ybaY_predicted,4.0,13,2,GGGTTTGTAAAAGCACGCTG,11,4579518
ybaY_predicted,0.6666666666666666,3,2,GGGGCCGTCTTAACCGTATG,1,4560606
ybaY_predicted,1.3333333333333333,5,2,GGGACTCAGATCAGCCAGTC,3,4574713
ybaY_predicted,4.666666666666667,15,2,GGGAACGGTCTCCGCTGCAA,13,4591668
ybaY_predicted,7.666666666666667,24,2,GGCTTTGCCATACGCCCAAT,22,4550213
ybaY_predicted,4.0,13,2,GGCTTGCACCCTGTTAATCC,11,4561955
ybaY_predicted,22.333333333333332,68,2,GGCTCGGTGCCAATAAATTA,66,4564242
ybaY_predicted,3.6666666666666665,12,2,GGCTACCCGTTACGCAATTC,10,4556532
ybaY_predicted,7.0,22,2,GGCGGCGCAAGTGAGCAAAT,20,4554905
ybaY_predicted,5.666666666666667,18,2,GGCCGCGCCACAGCCCCTAT,16,4577080
ybaY_predicted,1.0,4,2,GGCATCTAACCCGGGACGAG,2,4557870
ybaY_predicted,0.6666666666666666,3,2,GGCAGCCGACAAGCTGTGCA,1,4573509
ybaY_predicted,4.333333333333333,14,2,GGAGATTCCTCAATCTCATT,12,4576718
ybaY_predicted,4.0,13,2,GGACACTGCTTTTGTACAAC,11,4584998
ybaY_predicted,3.0,10,2,GGACACTCACATGACCCCAG,8,4560992
ybaY_predicted,4.333333333333333,14,2,GGAACAAGATTATGCACACG,12,4556851
ybaY_predicted,8.0,25,2,GCTTGCCCACCCGGTAGGAT,23,4545923
ybaY_predicted,1.0,4,2,GCTTACATGCCAGGTGACCC,2,4567008
ybaY_predicted,17.333333333333332,53,2,GCTATACGATGACCCTCCAA,51,4562311
ybaY_predicted,1.0,4,2,GCTAGAACAATCTGTGGTTT,2,4581160
ybaY_predicted,6.0,19,2,GCGGCACGATTGCACCCATT,17,4559508
ybaY_predicted,3.3333333333333335,11,2,GCGCCTACATTTGCATTCTG,9,4589838
ybaY_predicted,0.6666666666666666,3,2,GCGAGCCTTATATTCGGCCA,1,4555681
ybaY_predicted,2.3333333333333335,8,2,GCGAACAGTTCTGGGCTAGA,6,4584284
ybaY_predicted,12.333333333333334,38,2,GCCTTCTGACTACTGTCGTC,36,4553488
ybaY_predicted,5.0,16,2,GCCTGAGGTGTACTCTCTCC,14,4594966
ybaY_predicted,2.3333333333333335,8,2,GCCCTCTGATCCGCTGGGAC,6,4570640
ybaY_predicted,7.666666666666667,24,2,GCCCGTAAATTACTCAACCA,22,4547450
ybaY_predicted,6.666666666666667,21,2,GCCACAATACGTAAAGGTAA,19,4596705
ybaY_predicted,6.0,19,2,GCATTACTAACAAACGGAAC,17,4563812
ybaY_predicted,3.6666666666666665,12,2,GCATCAGAGAGACAGGGGAC,10,4584845
ybaY_predicted,0.6666666666666666,3,2,GCACATGGGGCCGTCTGCCC,1,4558703
ybaY_predicted,3.6666666666666665,12,2,GCAAGACGTCTTCATATTTA,10,4556119
ybaY_predicted,3.3333333333333335,11,2,GATGTAGAGCGGTCGGGTTG,9,4586608
ybaY_predicted,0.6666666666666666,3,2,GATGGTTAGCTGTGTATACT,1,4559127
ybaY_predicted,8.333333333333334,26,2,GATGCCTAGACGGGGCGTGG,24,4559604
ybaY_predicted,5.333333333333333,17,2,GATAGTGCTTACGTGGCACG,15,4588722
ybaY_predicted,13.0,40,2,GAGGTGTGTCGCGCTTGTAA,38,4567267
ybaY_predicted,3.0,10,2,GAGGCAGCGGAGGATCGCTC,8,4567098
ybaY_predicted,1.0,4,2,GAGCAAAAAGTATGGTATAT,2,4574415
ybaY_predicted,6.666666666666667,21,2,GAGAGCATTTTAGAAAACTA,19,4557197
ybaY_predicted,7.666666666666667,24,2,GAGAGAAGAAGCCAAATGAA,22,4563548
ybaY_predicted,11.666666666666666,36,2,GACTAGCTTGTCATTGCGCC,34,4588032
ybaY_predicted,1.3333333333333333,5,2,GACCGAAAAGAAGGGTAAGG,3,4569661
ybaY_predicted,0.6666666666666666,3,2,GACCCATACTTGTCCTTTTA,1,4571054
ybaY_predicted,15.333333333333334,47,2,GACCATCTACTGGTCATGAA,45,4545541
ybaY_predicted,5.666666666666667,18,2,GACCATAGTACCACACCCCT,16,4597014
ybaY_predicted,7.666666666666667,24,2,GACCAACTCATAAGGGACAT,22,4583180
ybaY_predicted,4.0,13,2,GACATGGTATCAGTTCGGTG,11,4558512
ybaY_predicted,0.6666666666666666,3,2,GACAGCGTTTCGAGGATGCT,1,4577692
ybaY_predicted,4.666666666666667,15,2,GACACCTCCAGCCTTAGTGG,13,4571040
ybaY_predicted,0.6666666666666666,3,2,GAAGGTATTCTGATGTGGCC,1,4548169
ybaY_predicted,8.0,25,2,GAAACCCGCTTTGCATTTAC,23,4556071
ybaY_predicted,5.333333333333333,17,2,CTTTGTGGTCTTCTAGGTAT,15,4586278
ybaY_predicted,6.0,19,2,CTTTGCGTCTATCATTAAAC,17,4599421
ybaY_predicted,7.333333333333333,23,2,CTTCTAGTTTCGTTTATCCA,21,4574361
ybaY_predicted,12.333333333333334,38,2,CTGTACAGTGCTGTGGATGA,36,4577467
ybaY_predicted,0.6666666666666666,3,2,CTGGCATTATTAACCAACTG,1,4578923
ybaY_predicted,4.0,13,2,CTGGATCTTGAGCCCAGATC,11,4565064
ybaY_predicted,8.0,25,2,CTGCTTAGAATGTACGCCCG,23,4596900
ybaY_predicted,1.0,4,2,CTGATTTGGTTACAATGCAA,2,4585758
ybaY_predicted,2.6666666666666665,9,2,CTCGGTCATGTTAATAATGC,7,4584290
ybaY_predicted,11.0,34,2,CTCCGGACTCGAAGGATTCG,32,4585481
ybaY_predicted,5.666666666666667,18,2,CTCATACTTCTAAATGGCAT,16,4591267
ybaY_predicted,11.0,34,2,CTCAGCTGTTCACGTATTAC,32,4559444
ybaY_predicted,4.666666666666667,15,2,CTCAGAACGAATGTTGGATT,13,4560626
ybaY_predicted,3.3333333333333335,11,2,CTACGCTCGGCTACAGCAAA,9,4589428
ybaY_predicted,6.666666666666667,21,2,CTAAGCACCGATGCGCGACA,19,4557025
ybaY_predicted,13.0,40,2,CGTTAATGTCAGCCACAATC,38,4554986
ybaY_predicted,0.6666666666666666,3,2,CGTGTTCGCATAGAAAGACC,1,4561824
ybaY_predicted,12.0,37,2,CGTGGGTGACACTGATAGAT,35,4561562
ybaY_predicted,16.666666666666668,51,2,CGTCGGGTACGCGGTTAAGA,49,4554965
ybaY_predicted,0.6666666666666666,3,2,CGGTGCATGTCTCTATCGAA,1,4575292
ybaY_predicted,12.333333333333334,38,2,CGGTCTGTGACCGAATTTTG,36,4586864
ybaY_predicted,0.6666666666666666,3,2,CGGGTTAGGCACAGACTAAT,1,4573186
ybaY_predicted,2.3333333333333335,8,2,CGGGGCGTATCCAGGGCGAC,6,4594753
ybaY_predicted,0.6666666666666666,3,2,CGGGGCACCGTATCGAGCGT,1,4552966
ybaY_predicted,2.0,7,2,CGGGGATATTAGGGATGGCC,5,4558414
ybaY_predicted,5.666666666666667,18,2,CGGCGAGCCCGATTAAAGAG,16,4566969
ybaY_predicted,4.333333333333333,14,2,CGGAGACATCGTTTTGAGCG,12,4547292
ybaY_predicted,0.6666666666666666,3,2,CGGACGGACTATTTCCAACC,1,4594618
ybaY_predicted,3.3333333333333335,11,2,CGGAAAGAAAAATTGTCTAT,9,4571904
ybaY_predicted,1.6666666666666667,6,2,CGCTTTATACGCAGCGGTTA,4,4563377
ybaY_predicted,4.0,13,2,CGCTTGCGGGTGGACGAGCT,11,4585255
ybaY_predicted,2.0,7,2,CGCGTTCAGCCTAGAATGGC,5,4558672
ybaY_predicted,7.333333333333333,23,2,CGCGCGCCTGCCACGGAAAC,21,4583656
ybaY_predicted,5.0,16,2,CGCGCACGTTATGCCGGAGT,14,4566956
ybaY_predicted,5.333333333333333,17,2,CGCCGGCGCATTCGGAAAAT,15,4547597
ybaY_predicted,2.3333333333333335,8,2,CGCATGCTGAAAGAATCCTC,6,4584645
ybaY_predicted,0.6666666666666666,3,2,CGCATAGCTAAGAACATACA,1,4581246
ybaY_predicted,12.666666666666666,39,2,CGATGCATAATGTTTCAAAT,37,4588350
ybaY_predicted,29.0,88,2,CGACCGTGGTGTTCTCATCC,86,4565457
ybaY_predicted,5.0,16,2,CGACCCATTGGCGTATGTTT,14,4552592
ybaY_predicted,0.6666666666666666,3,2,CGAACGGAATGGGACTTCCC,1,4561161
ybaY_predicted,5.0,16,2,CCTTGGGGTCCAAGACCAAG,14,4589662
ybaY_predicted,11.0,34,2,CCTTACGCGCCAGAAGTCAA,32,4590144
ybaY_predicted,1.6666666666666667,6,2,CCTGAAATCTGAAGTTCGGA,4,4585455
ybaY_predicted,2.3333333333333335,8,2,CCTCGTTGTTTTCGATAGAG,6,4567864
ybaY_predicted,4.0,13,2,CCTATACAACCTGATATCGT,11,4575137
ybaY_predicted,0.6666666666666666,3,2,CCGTGTGCTTGACTACGGGA,1,4570787
ybaY_predicted,3.3333333333333335,11,2,CCGTGAATTCGTATTGCGCT,9,4594771
ybaY_predicted,4.333333333333333,14,2,CCGTCTCAACAAGAATCATT,12,4593951
ybaY_predicted,10.0,31,2,CCGTCATATTATCGAGAGTG,29,4547577
ybaY_predicted,9.666666666666666,30,2,CCGGAAATCCTACTAATAAT,28,4544402
ybaY_predicted,3.0,10,2,CCGCTATAATGAGCTGGTTC,8,4560396
ybaY_predicted,0.6666666666666666,3,2,CCGCGTACCCCGCGTACTTT,1,4566649
ybaY_predicted,8.333333333333334,26,2,CCGAACGCTGCTATGGGGGA,24,4562729
ybaY_predicted,2.0,7,2,CCCTCACTCTCATAAAGTAC,5,4581305
ybaY_predicted,7.333333333333333,23,2,CCCGTTTCCAGATTGGTCCA,21,4590137
ybaY_predicted,3.6666666666666665,12,2,CCCCTTTTAGGCGCCTGCGA,10,4592032
ybaY_predicted,6.666666666666667,21,2,CCCCTATCGACCGTGCTCTT,19,4598319
ybaY_predicted,0.6666666666666666,3,2,CCCCATGGCAGCATCGACAG,1,4598037
ybaY_predicted,6.0,19,2,CCCCAGCATCATTACGAGGA,17,4597787
ybaY_predicted,5.333333333333333,17,2,CCCAGGGTAATCCGACCAGA,15,4567643
ybaY_predicted,6.666666666666667,21,2,CCCACGAAACGTTGTTGTGA,19,4559714
ybaY_predicted,0.6666666666666666,3,2,CCCACAAGGTCACCTCTGAC,1,4558983
ybaY_predicted,3.6666666666666665,12,2,CCATTCCCATTCTCAACTAC,10,4598998
ybaY_predicted,2.6666666666666665,9,2,CCATATTGAGGCTCTCCCAT,7,4593086
ybaY_predicted,8.666666666666666,27,2,CCAGCTTCAGGGGACGTGGC,25,4574392
ybaY_predicted,4.333333333333333,14,2,CCAGCACCGTCGATTGGGTG,12,4563558
ybaY_predicted,5.666666666666667,18,2,CCACGCGTAGCTCCACGCGA,16,4595450
ybaY_predicted,6.0,19,2,CCACAATTTACTCACCGTAG,17,4597909
ybaY_predicted,7.333333333333333,23,2,CCAAGGTATTCTAACTCTAT,21,4576507
ybaY_predicted,1.6666666666666667,6,2,CCAACTGAGCTCCAAACAAC,4,4596333
ybaY_predicted,8.333333333333334,26,2,CCAACCCCGAAACAATGGGT,24,4566738
ybaY_predicted,3.6666666666666665,12,2,CATTATTCTGAGCCAAATAC,10,4570125
ybaY_predicted,6.333333333333333,20,2,CATGGAGGTTACGATGATCG,18,4559332
ybaY_predicted,7.0,22,2,CATGCAACGGCAACGCTCGT,20,4559603
ybaY_predicted,1.6666666666666667,6,2,CATCCTTATGCAATAAATAT,4,4598422
ybaY_predicted,8.333333333333334,26,2,CATCCCTGGTATTCATAATC,24,4581061
ybaY_predicted,0.6666666666666666,3,2,CATAACGCAGAACCGAACGA,1,4551070
ybaY_predicted,1.3333333333333333,5,2,CAGTGCTAGGACGTATGCCT,3,4567569
ybaY_predicted,0.6666666666666666,3,2,CAGTATTCCTGAGCGACTGA,1,4560217
ybaY_predicted,2.6666666666666665,9,2,CAGAGGAAAGGGTCCTAAGG,7,4561403
ybaY_predicted,3.3333333333333335,11,2,CACTTCGCGGTCTAATGCCA,9,4556366
ybaY_predicted,6.333333333333333,20,2,CACTGGGCTTCTCTATTACA,18,4568091
ybaY_predicted,0.6666666666666666,3,2,CACTCAGGGCAACTACTATT,1,4561363
ybaY_predicted,1.0,4,2,CACTCAGCCGCACCACCAGG,2,4591830
ybaY_predicted,0.6666666666666666,3,2,CACCCCACTGGGAACAGTCT,1,4574914
ybaY_predicted,7.333333333333333,23,2,CACACGGTACCCAATACGAT,21,4569123
ybaY_predicted,5.333333333333333,17,2,CACACCTCGCAAAAACCCGG,15,4571728
ybaY_predicted,0.6666666666666666,3,2,CACAATGGGTCATGATACGA,1,4551127
ybaY_predicted,2.3333333333333335,8,2,CAATTTCTGAAATCTGTTAC,6,4575278
ybaY_predicted,0.6666666666666666,3,2,CAATACCGCGAGAGGTATGG,1,4552193
ybaY_predicted,6.333333333333333,20,2,CAAATGCCTAAGCTCCTACA,18,4566376
ybaY_predicted,6.666666666666667,21,2,ATTCTACTGGGCTCTAATTC,19,4584001
ybaY_predicted,4.666666666666667,15,2,ATTCGGGTCACTATCCTCTC,13,4568467
ybaY_predicted,5.333333333333333,17,2,ATTCCGACCGATGGCGGGGG,15,4598346
ybaY_predicted,4.0,13,2,ATTAATAAGGTAATCTAGGG,11,4553968
ybaY_predicted,4.333333333333333,14,2,ATGTAAGTATATTGAGGTAG,12,4552994
ybaY_predicted,0.6666666666666666,3,2,ATGGCACTCCTCTCGTCAAA,1,4549629
ybaY_predicted,4.666666666666667,15,2,ATGCCTCTTCACGTTTTAGA,13,4595688
ybaY_predicted,7.666666666666667,24,2,ATGCCTAAAATTAAGATAAC,22,4593267
ybaY_predicted,18.0,55,2,ATGCCAACTTCGGGCTGAAC,53,4548776
ybaY_predicted,12.666666666666666,39,2,ATGAGGGAGTAACGGCACGC,37,4599113
ybaY_predicted,21.333333333333332,65,2,ATCCAGTTCCAGAAGTATCT,63,4588445
ybaY_predicted,7.666666666666667,24,2,ATCATCGTACAGCTACGTGT,22,4555277
ybaY_predicted,15.0,46,2,ATATTTGGCCAGAAGAGAAG,44,4583995
ybaY_predicted,4.0,13,2,ATATACCCAATAGTCTCTGG,11,4577050
ybaY_predicted,8.666666666666666,27,2,ATAGATGGGTACACCCGCCT,25,4577282
ybaY_predicted,9.0,28,2,ATACGTTCTGTCAAAGTGAG,26,4565214
ybaY_predicted,8.0,25,2,ATACCAAGACATCGACTAGC,23,4593565
ybaY_predicted,4.333333333333333,14,2,ATAATGTAATTTTCAATCTG,12,4565671
ybaY_predicted,4.0,13,2,ATAAGCTCAAACGCTTCATA,11,4544898
ybaY_predicted,1.3333333333333333,5,2,AGTTTCGCGGCCCTCTAGAC,3,4572015
ybaY_predicted,14.333333333333334,44,2,AGTTGCAACAACATTTGTGA,42,4592508
ybaY_predicted,20.666666666666668,63,2,AGTGTCGAATCACAACTCCC,61,4596004
ybaY_predicted,3.3333333333333335,11,2,AGTGGAAACGAATTATTCTA,9,4590138
ybaY_predicted,3.3333333333333335,11,2,AGTCGCCAAGTGCGCATACA,9,4598603
ybaY_predicted,12.0,37,2,AGTATCCTGTAAAAATTGCA,35,4550035
ybaY_predicted,5.0,16,2,AGTACTCTAATCGACAAAAA,14,4595336
ybaY_predicted,56.0,169,2,AGGTTTTTGTCTATCCCAAG,167,4545280
ybaY_predicted,12.333333333333334,38,2,AGGTCTGTATTACTTGTAGC,36,4598615
ybaY_predicted,0.6666666666666666,3,2,AGGGCGTCCATCTTAATCAA,1,4574494
ybaY_predicted,1.3333333333333333,5,2,AGGGATGTAATTCGTCGAGT,3,4598399
ybaY_predicted,9.666666666666666,30,2,AGGATTACGCGAGATGATGT,28,4552444
ybaY_predicted,12.666666666666666,39,2,AGCTGGTTATCACCGAGACA,37,4599177
ybaY_predicted,3.6666666666666665,12,2,AGCTGCTTTGCGTGCCTTAT,10,4583509
ybaY_predicted,0.6666666666666666,3,2,AGCGCGAGCTAACAAGCGAA,1,4584980
ybaY_predicted,8.666666666666666,27,2,AGCGCGACTTTACCCGGCGG,25,4557852
ybaY_predicted,8.666666666666666,27,2,AGCGAAAGTAAACTGTACGA,25,4591324
ybaY_predicted,4.333333333333333,14,2,AGCATGTCAGCGTGGCGGAT,12,4549379
ybaY_predicted,9.333333333333334,29,2,AGCAGTATGACTGCGAAAGA,27,4587901
ybaY_predicted,10.0,31,2,AGATTGAGTACGAATTGTAC,29,4569651
ybaY_predicted,0.6666666666666666,3,2,AGATAGCCCCGGATAGTCCA,1,4589674
ybaY_predicted,9.666666666666666,30,2,AGAGTACCTCAGTGGCCTCC,28,4558968
ybaY_predicted,0.6666666666666666,3,2,AGAGCTTCAATCGTAGGCTG,1,4549603
ybaY_predicted,2.3333333333333335,8,2,AGACAAGCAGGTTCCCAGAC,6,4562734
ybaY_predicted,1.3333333333333333,5,2,AGACAAGATTTTAACGGACA,3,4584881
ybaY_predicted,4.666666666666667,15,2,ACTGGCACTGATTTATGGGG,13,4564455
ybaY_predicted,2.0,7,2,ACGGTTGTTTAATTTCAATT,5,4597108
ybaY_predicted,15.333333333333334,47,2,ACGGTACGCGGTGGCGCATC,45,4600182
ybaY_predicted,13.333333333333334,41,2,ACGCTTCCACCACATAGATT,39,4566031
ybaY_predicted,10.0,31,2,ACGCAGCTGGATAGGATTAG,29,4598765
ybaY_predicted,1.6666666666666667,6,2,ACCTTAACGTTGAACCTGTA,4,4586972
ybaY_predicted,7.333333333333333,23,2,ACCGTCGGGCATCCCTGTGT,21,4555819
ybaY_predicted,0.6666666666666666,3,2,ACCCGCGGTGGAACGTAGCC,1,4570681
ybaY_predicted,5.666666666666667,18,2,ACCCCGTACCGCAGCGTTCT,16,4590995
ybaY_predicted,4.0,13,2,ACCATAGGCACAAGGGACTC,11,4568526
ybaY_predicted,9.666666666666666,30,2,ACCAGGTAACATCCAACCAA,28,4579439
ybaY_predicted,3.0,10,2,ACATCTACTAGGGGACTAGC,8,4566931
ybaY_predicted,0.6666666666666666,3,2,ACAGTACCAAGATTTCGGAA,1,4593854
ybaY_predicted,19.0,58,2,ACAGATAGGCTTGAAGAACG,56,4598468
ybaY_predicted,3.3333333333333335,11,2,AATTGGTATTCATGCGCTCC,9,4586139
ybaY_predicted,3.0,10,2,AATTCCACTTAGGCTACGTT,8,4551150
ybaY_predicted,5.666666666666667,18,2,AATTAGGCTCATGAGAAGAC,16,4552044
ybaY_predicted,2.3333333333333335,8,2,AATCTAAGCGATCGCTCCGT,6,4558069
ybaY_predicted,4.666666666666667,15,2,AATCGTCAGAGAATCATTAA,13,4592955
ybaY_predicted,10.0,31,2,AATATGACCGCTTGTCTACA,29,4578064
ybaY_predicted,4.333333333333333,14,2,AATAAGAGGCGCCGGGCGGA,12,4568396
ybaY_predicted,4.666666666666667,15,2,AAGTGGAGTACGAGCGGCCC,13,4564434
ybaY_predicted,6.666666666666667,21,2,AACGTTAGCCGTGATGTTCC,19,4556160
ybaY_predicted,0.6666666666666666,3,2,AACGAGGATAGAATGGGTAT,1,4593084
ybaY_predicted,1.0,4,2,AACCTCCTACATTTCCTTAT,2,4599782
ybaY_predicted,2.6666666666666665,9,2,AACCGGTTTCTCCAGATATA,7,4578119
ybaY_predicted,7.0,22,2,AACCAAACAGTACCAGGACA,20,4546315
ybaY_predicted,6.333333333333333,20,2,AACAGGGAGGTGGCATCATT,18,4599419
ybaY_predicted,7.333333333333333,23,2,AACAAAGTTACGCCTTCATG,21,4550837
ybaY_predicted,0.6666666666666666,3,2,AAAGGATTCGGAGGGTCATA,1,4590555
ybaY_predicted,1.0,4,2,AAACGTATTTTGCATTAATC,2,4597238
ybaY_predicted,5.666666666666667,18,2,AAACCTCCATTGGACCGAGA,16,4592149
ybaY_predicted,13.5,27,1,TTTTATATCTATCCTCCCAT,26,4569242
ybaY_predicted,1.0,2,1,TTTGCAACCGCAGGAGCGCA,1,4585780
ybaY_predicted,9.5,19,1,TTTCTTGTCATGACAGAATT,18,4572863
ybaY_predicted,18.0,36,1,TTTCGTCATTATATGTACGA,35,4546354
ybaY_predicted,1.0,2,1,TTTCCCGCTTCCCTTATAGT,1,4570440
ybaY_predicted,1.0,2,1,TTTATGTGATTGCGGTATCT,1,4576833
ybaY_predicted,18.0,36,1,TTTACGAGCTAGCCTCCGGT,35,4580927
ybaY_predicted,10.0,20,1,TTTAAAGTCTGGGTTTCCGT,19,4555549
ybaY_predicted,1.0,2,1,TTGTTCAGACGGTGTGTTCT,1,4595364
ybaY_predicted,13.5,27,1,TTGGTGGTATCTATATGCCT,26,4579499
ybaY_predicted,7.5,15,1,TTGCACCGCCTATCTCCCAG,14,4564795
ybaY_predicted,18.0,36,1,TTGATGAAGGGATTCCGATG,35,4595408
ybaY_predicted,22.0,44,1,TTCGTAAACTCAATAGAGCT,43,4593533
ybaY_predicted,9.5,19,1,TTCGACAGCTTTTACGGTTA,18,4546588
ybaY_predicted,1.0,2,1,TTCCCGTTGGTCTTTGAGAT,1,4562781
ybaY_predicted,8.5,17,1,TTATGAGGCCTATACGTACT,16,4547711
ybaY_predicted,1.0,2,1,TTAGAAGGGTCCCGAAGAAA,1,4585760
ybaY_predicted,3.5,7,1,TTACTCGCACCAACGCAGAG,6,4544384
ybaY_predicted,11.0,22,1,TGTATCGACTTTCTCATGAA,21,4585333
ybaY_predicted,7.5,15,1,TGTAACTTTTCGCAGGCTGG,14,4578783
ybaY_predicted,1.0,2,1,TGGGAACAATGACATCACTC,1,4558844
ybaY_predicted,3.5,7,1,TGGCTCTCTATGTGGAGAAA,6,4568100
ybaY_predicted,1.5,3,1,TGGCATGGAGTAACGGTGTT,2,4577936
ybaY_predicted,16.5,33,1,TGGCACGCATTTAATTACGA,32,4547442
ybaY_predicted,1.0,2,1,TGCTCCCGGAGAAGGAACCA,1,4561029
ybaY_predicted,8.0,16,1,TGCCGGGCATAATAAGACTG,15,4553064
ybaY_predicted,1.0,2,1,TGCCAAATCGCCAGAGGGAA,1,4580925
ybaY_predicted,5.5,11,1,TGATGGTTCAGAATTGCGGC,10,4594534
ybaY_predicted,11.0,22,1,TGATACGGTTCTCGACGAGG,21,4574130
ybaY_predicted,15.0,30,1,TGAATTAACCATCGTGACGA,29,4581329
ybaY_predicted,1.0,2,1,TGAACTACTGTGCAACGCAA,1,4579251
ybaY_predicted,16.0,32,1,TCTAGTAATATGGATACGGC,31,4589772
ybaY_predicted,1.5,3,1,TCTAGGGCCGGCGGGTATCA,2,4559861
ybaY_predicted,25.0,50,1,TCGTTAGTAGGAGGAGCAGA,49,4569029
ybaY_predicted,1.0,2,1,TCGTAACGGAAGCATTATAT,1,4598226
ybaY_predicted,18.0,36,1,TCGGGAACGCTTAATTGCGA,35,4562006
ybaY_predicted,4.0,8,1,TCGCGGCGAAGTGGGGGATG,7,4585728
ybaY_predicted,9.0,18,1,TCGCAACGCTTCTTACAAAC,17,4569721
ybaY_predicted,12.0,24,1,TCGAACTTGCCGTTCAGACT,23,4570020
ybaY_predicted,9.0,18,1,TCCCTTGACAGATTATCAGT,17,4561219
ybaY_predicted,1.0,2,1,TCCCTCGACCGCTCTTACTT,1,4579946
ybaY_predicted,1.0,2,1,TCCCATGTTGATAGTACTTG,1,4575553
ybaY_predicted,15.5,31,1,TCCATTCAGGGCAATAAGGC,30,4597206
ybaY_predicted,14.5,29,1,TCCATCTTAACTCAATACTC,28,4582198
ybaY_predicted,17.0,34,1,TCATTGCGTGGGTCTACTTC,33,4547357
ybaY_predicted,5.5,11,1,TCATGTTCTGTATCGAGCAT,10,4576723
ybaY_predicted,8.5,17,1,TCATAGAGATGATGAAGATA,16,4597059
ybaY_predicted,22.5,45,1,TCAGTCACGGCAGCACAGTA,44,4579864
ybaY_predicted,1.5,3,1,TATTTGTGCTTTCCGATCAA,2,4573800
ybaY_predicted,1.0,2,1,TATTCGGCTTCAGCTGGAAC,1,4593547
ybaY_predicted,2.0,4,1,TATGTTTCTGGTTCAAAGGT,3,4559848
ybaY_predicted,8.0,16,1,TATGTACCAGATAGCACCCA,15,4550647
ybaY_predicted,6.5,13,1,TATACGTGATTAGGCATACT,12,4563939
ybaY_predicted,21.0,42,1,TAGGTGGGCTGGTCGATAGC,41,4544539
ybaY_predicted,13.0,26,1,TACGTTGCGTGAAAGGTAAA,25,4557715
ybaY_predicted,6.0,12,1,TACCCTTTGTCATCCTCCTG,11,4564739
ybaY_predicted,19.5,39,1,TACCAACGGGTGGGCACAGT,38,4549963
ybaY_predicted,8.0,16,1,TAATCCCGGTTCACAATTTC,15,4590079
ybaY_predicted,18.0,36,1,TAAGTAGCGACCGAGACGTA,35,4547526
ybaY_predicted,2.0,4,1,TAACCCTACTAGATGGTCAG,3,4592136
ybaY_predicted,10.5,21,1,TAACACACGAGAGGGGAGAC,20,4594919
ybaY_predicted,1.0,2,1,TAAACGAGAGCATACATCCC,1,4582936
ybaY_predicted,11.0,22,1,TAAAATACGCCGGTTGAGGC,21,4579115
ybaY_predicted,1.5,3,1,GTTTCAAAGCGATACTGTCT,2,4592133
ybaY_predicted,10.5,21,1,GTTCTCCTTGTTAAGGTCAA,20,4596852
ybaY_predicted,9.5,19,1,GTTCACCGGGCCGCGCCGAA,18,4579315
ybaY_predicted,1.5,3,1,GTTAAAAGTCAAGTTCTATT,2,4551973
ybaY_predicted,6.5,13,1,GTGGCATGGACAAAGTTACA,12,4564885
ybaY_predicted,1.0,2,1,GTCTAGTGCCTCTTTTTGCG,1,4574431
ybaY_predicted,34.5,69,1,GTCTAATCAGGCAAGTCACA,68,4549991
ybaY_predicted,5.5,11,1,GTCTAACGAAGGCGCGCACT,10,4575079
ybaY_predicted,1.0,2,1,GTCGGTTCTGAAGTTCTATG,1,4580690
ybaY_predicted,14.0,28,1,GTCAGTGATGTAGGACGATA,27,4577659
ybaY_predicted,11.5,23,1,GTATTCGGACGGCACGGTGG,22,4567625
ybaY_predicted,46.0,92,1,GTATTAGAAGTAAGCTGACG,91,4599203
ybaY_predicted,8.5,17,1,GTATAGGAGTGGGATCCTGT,16,4562539
ybaY_predicted,10.5,21,1,GTACAGTGTCGCAGAGCGGG,20,4599200
ybaY_predicted,5.0,10,1,GGTGCAGAAGCGGCTCAAAC,9,4550441
ybaY_predicted,5.5,11,1,GGTGCAATAACAAAAGTCCG,10,4586773
ybaY_predicted,1.0,2,1,GGTCTCGTGGAGGGATTCAT,1,4599490
ybaY_predicted,1.0,2,1,GGTCAACATTTCGACTGTAG,1,4575185
ybaY_predicted,6.0,12,1,GGTATCCAGCCGGGTCATGA,11,4597648
ybaY_predicted,6.5,13,1,GGTAGCAACCTCACTTAAGG,12,4555770
ybaY_predicted,15.5,31,1,GGTACGACCAACTATTTTGC,30,4571481
ybaY_predicted,3.0,6,1,GGTACAAACCTAGTTTCAGC,5,4595592
ybaY_predicted,13.0,26,1,GGGTTGCCGGGCGCCAAAAC,25,4591279
ybaY_predicted,11.0,22,1,GGGTACTCCGGCTAAGAGGG,21,4548027
ybaY_predicted,9.5,19,1,GGGAGCTTATCGGTTTGATG,18,4544468
ybaY_predicted,8.0,16,1,GGGACCCCAACTTTCATCTA,15,4573198
ybaY_predicted,6.5,13,1,GGCTGACGCGCATAGGTGAC,12,4553566
ybaY_predicted,3.5,7,1,GGCTGACACGCCGTGGCCTG,6,4548562
ybaY_predicted,1.5,3,1,GGCCCACCAATGATTAGAAT,2,4570326
ybaY_predicted,16.0,32,1,GGCCACTCTCTTGAATGAAC,31,4598555
ybaY_predicted,6.0,12,1,GGAGTCCAGACGGAAGTCAA,11,4565637
ybaY_predicted,45.5,91,1,GGAGATTAAGTTATATCTGT,90,4580163
ybaY_predicted,4.0,8,1,GGACGAGATTGGGTCAGGTT,7,4567159
ybaY_predicted,3.0,6,1,GGACGACCTGAATCGGCAAA,5,4548070
ybaY_predicted,1.0,2,1,GCTTGATTCGGGCATTGATT,1,4595277
ybaY_predicted,1.0,2,1,GCTGTTCCGGCGTCCTCACG,1,4586133
ybaY_predicted,1.0,2,1,GCTGATAGAGAACCTTTTGC,1,4577846
ybaY_predicted,10.0,20,1,GCTCGTTCACTCACCTGGCA,19,4589046
ybaY_predicted,21.5,43,1,GCTCCTTGAATGGAAATCGC,42,4583617
ybaY_predicted,6.0,12,1,GCTCATCGCTTACGGAATCA,11,4573382
ybaY_predicted,16.5,33,1,GCTAGAGACGAGCTATTGGC,32,4589626
ybaY_predicted,3.5,7,1,GCGTTTGCTGGCCTTACACA,6,4590226
ybaY_predicted,4.5,9,1,GCGTTTCCTAGGGCACACCG,8,4597057
ybaY_predicted,3.5,7,1,GCGTTAGCATCTTGTGGGTA,6,4559747
ybaY_predicted,6.5,13,1,GCCATAAGCTCCCCGGTGGC,12,4551494
ybaY_predicted,8.0,16,1,GCATGGCTATCCTAGAGCTG,15,4595403
ybaY_predicted,2.0,4,1,GCATCCGTCGGTTCGTGGAG,3,4599607
ybaY_predicted,14.5,29,1,GCACGCTATGGCACGTATTG,28,4573403
ybaY_predicted,10.0,20,1,GCACGCGACGTACGTACTGG,19,4581032
ybaY_predicted,2.0,4,1,GCACGAGTCCCCTACAATCG,3,4564461
ybaY_predicted,11.0,22,1,GATGGCTGCCGCCCCGCCGA,21,4559735
ybaY_predicted,2.0,4,1,GATGATGTGTTTGTAATTTG,3,4558133
ybaY_predicted,3.0,6,1,GATCTCTGGAGGTCTCAATA,5,4556517
ybaY_predicted,8.5,17,1,GATCTACTCATCCGAACATA,16,4563182
ybaY_predicted,6.5,13,1,GATAGACCCTCTTAGACTTG,12,4600230
ybaY_predicted,10.5,21,1,GAGTGCAGAGGTCGCGAAAG,20,4571045
ybaY_predicted,6.5,13,1,GAGTACTTTAGTACTGCTTG,12,4579479
ybaY_predicted,1.0,2,1,GAGGCGTCCGTCCGCAATGA,1,4596887
ybaY_predicted,9.5,19,1,GAGCGATGCTATCCAGAGAT,18,4554968
ybaY_predicted,8.0,16,1,GAGCCGCGCTCATGGCCACT,15,4579904
ybaY_predicted,6.0,12,1,GAGCAATTGTTGTCAGGGCT,11,4591186
ybaY_predicted,11.0,22,1,GAGACAACTCCAAGAACTTC,21,4545555
ybaY_predicted,16.0,32,1,GACTAGCGATCCTATACTAT,31,4584984
ybaY_predicted,2.0,4,1,GACCCAGTAAGATTTACGCC,3,4561035
ybaY_predicted,1.0,2,1,GACAGTATTGACGTCGGTGC,1,4575141
ybaY_predicted,1.0,2,1,GACAACAATTCGTGGGAATC,1,4593409
ybaY_predicted,19.0,38,1,GAATAGAGGATGCTTTGATA,37,4577308
ybaY_predicted,1.0,2,1,GAAGGGCTCTGTGATCACGT,1,4579484
ybaY_predicted,1.0,2,1,GAACAGTAGTTGATCTGCCT,1,4553708
ybaY_predicted,7.5,15,1,GAAATGCGGCAGACAGTAGT,14,4556260
ybaY_predicted,8.5,17,1,GAAACCTAGCTCCTCTACGT,16,4553260
ybaY_predicted,3.0,6,1,CTTTCCCCACTTCGTTGGTC,5,4568931
ybaY_predicted,1.0,2,1,CTTCTGCGCATCATTTTCCC,1,4548349
ybaY_predicted,9.0,18,1,CTTCAATTCCAGTCGCTCAT,17,4579451
ybaY_predicted,3.0,6,1,CTGGGCAAACATAGGGAGAG,5,4573808
ybaY_predicted,3.0,6,1,CTGATGCTGTAGCGACTACT,5,4576291
ybaY_predicted,6.0,12,1,CTGAAAGCGTAGTCGCTAGC,11,4595494
ybaY_predicted,19.5,39,1,CTCTTTCGCTTTCTGCCACA,38,4585934
ybaY_predicted,17.5,35,1,CTCTAGGATCCCTGCTGCAG,34,4578884
ybaY_predicted,9.0,18,1,CTCGTAGCAGCTCGAGCGAA,17,4552146
ybaY_predicted,2.0,4,1,CTCGATGCGTTTGCTCACCT,3,4572439
ybaY_predicted,21.5,43,1,CTCCGCTTCGTTAGTGCACT,42,4590833
ybaY_predicted,12.0,24,1,CTCCATTTGCAACATTAAGC,23,4565269
ybaY_predicted,13.5,27,1,CTACGTTTATTTTAAGGCGA,26,4552714
ybaY_predicted,4.5,9,1,CTACAACTGAGTGTGTTCTA,8,4584926
ybaY_predicted,8.5,17,1,CTAAAGGCGTACTGCCTCAT,16,4577201
ybaY_predicted,6.0,12,1,CGTTCGGGTATACTCCCATC,11,4578046
ybaY_predicted,15.5,31,1,CGTTCCTATTCTCTGATCCC,30,4559743
ybaY_predicted,6.5,13,1,CGTGCTTCGAACGGGGCCTG,12,4570727
ybaY_predicted,3.5,7,1,CGGCCGATTACACGTACTAG,6,4570958
ybaY_predicted,6.5,13,1,CGGCAAACTACCGATCGACT,12,4571403
ybaY_predicted,1.0,2,1,CGGAGGGCTGATGTGTGTAG,1,4563992
ybaY_predicted,2.5,5,1,CGGAGCTCCAATATCTTTCA,4,4549519
ybaY_predicted,6.5,13,1,CGCTGCTTATAGGGCAACTG,12,4574792
ybaY_predicted,5.0,10,1,CGCTGATCGAAGAGGAGTTA,9,4562604
ybaY_predicted,1.0,2,1,CGCTCCGCCGAAGCTCGGAT,1,4578065
ybaY_predicted,9.5,19,1,CGCGTATACCACTCCTTCCA,18,4584531
ybaY_predicted,7.0,14,1,CGCCTTCCACTCGTTTACGG,13,4547094
ybaY_predicted,4.0,8,1,CGCCTATAACCCCTGTACAT,7,4583664
ybaY_predicted,4.5,9,1,CGCCACCGTTGAGAGATTGA,8,4580480
ybaY_predicted,3.0,6,1,CGCAGAATTGCCCAATTCAG,5,4559867
ybaY_predicted,7.5,15,1,CGCAATTTACTACGCGTGCT,14,4597741
ybaY_predicted,14.0,28,1,CGCAAGAGCCAGCGGTCCCA,27,4561683
ybaY_predicted,1.0,2,1,CGAGAAGGCTTCGGTAGGGG,1,4553838
ybaY_predicted,9.0,18,1,CGACTTTATTCGACGTAAGA,17,4550423
ybaY_predicted,8.5,17,1,CGACACGAAAGGGGGCCATG,16,4596589
ybaY_predicted,9.0,18,1,CCTTACGCGGACCGGACGGT,17,4548187
ybaY_predicted,7.0,14,1,CCTTAAATGGTTAATCGTAG,13,4588690
ybaY_predicted,7.0,14,1,CCTGGGCCCCTCAAGGACTG,13,4557056
ybaY_predicted,11.0,22,1,CCTCTCGTCCCGTCATAATC,21,4557795
ybaY_predicted,3.0,6,1,CCTCATGGACTTTATTGCGC,5,4575615
ybaY_predicted,3.5,7,1,CCTCACGAACTCCCTCATGT,6,4583798
ybaY_predicted,11.5,23,1,CCTAGAAACGTACTATCAGG,22,4564256
ybaY_predicted,1.0,2,1,CCTACAATGTTTGCATGTGC,1,4555607
ybaY_predicted,32.0,64,1,CCGGTTACACAAGTTGATGA,63,4570466
ybaY_predicted,9.5,19,1,CCGGGCACATAAGTGGTACT,18,4565092
ybaY_predicted,16.5,33,1,CCGGCCGAAGGCCACGAGAC,32,4545558
ybaY_predicted,12.0,24,1,CCCGTACGGGCGTCATAGGT,23,4546973
ybaY_predicted,5.5,11,1,CCCGATCTCGGCACGGCGGC,10,4573893
ybaY_predicted,4.0,8,1,CCCGATCCTCTCTGGAGGAG,7,4595309
ybaY_predicted,3.5,7,1,CCCGATAATGAGTAGGCAAC,6,4576717
ybaY_predicted,4.5,9,1,CCCAGGTCCGAAGCACCAGT,8,4574930
ybaY_predicted,9.0,18,1,CCCAGATAGATGCGTCCTGC,17,4560293
ybaY_predicted,4.0,8,1,CCCACTAGAGGAGGAAAAAA,7,4573804
ybaY_predicted,9.5,19,1,CCATTGTACGTCGGAACAAC,18,4572698
ybaY_predicted,11.5,23,1,CCATCGGTTAAATGTCCTCG,22,4597863
ybaY_predicted,16.0,32,1,CCAGAGGTTATAAAGTAAGG,31,4595010
ybaY_predicted,13.5,27,1,CCAGAACTTCATCTGAAGAT,26,4564896
ybaY_predicted,2.0,4,1,CCACCGTATCGTAGTTATGC,3,4564393
ybaY_predicted,2.0,4,1,CCAAAATGATCTACTACGCC,3,4557324
ybaY_predicted,7.0,14,1,CATTTGTAAACAGTCTTAAA,13,4551166
ybaY_predicted,18.5,37,1,CATTTGCTTATCGAAACTAA,36,4570733
ybaY_predicted,26.5,53,1,CATGCCAGCCCGTGGAGGAA,52,4555704
ybaY_predicted,22.0,44,1,CATGAGTAGCAGTCTAAGAA,43,4565517
ybaY_predicted,1.0,2,1,CATGAAATTACTCCTGATAA,1,4585052
ybaY_predicted,6.5,13,1,CATACCGCGATCGAGCAGCG,12,4583639
ybaY_predicted,9.5,19,1,CAGGTCTCCTTGGAGTCATC,18,4561773
ybaY_predicted,12.0,24,1,CAGGCGCCGCTCTGTATCGT,23,4547798
ybaY_predicted,10.5,21,1,CAGCGCTTTGCCTTGCACCC,20,4594805
ybaY_predicted,13.0,26,1,CAGCGAAACGTCCTCAAGGC,25,4592152
ybaY_predicted,10.5,21,1,CACTTGTAACTCGAGCTAGG,20,4562954
ybaY_predicted,1.5,3,1,CACGTGTTGTTTTTACAGTA,2,4574445
ybaY_predicted,8.5,17,1,CACCGGCATGATACTGAGGA,16,4571390
ybaY_predicted,4.5,9,1,CAATGTCCCCCGCTACAACC,8,4555212
ybaY_predicted,13.5,27,1,CAATAATATTGATTACATAT,26,4594231
ybaY_predicted,3.0,6,1,CAAGCCCGGTGGGTAGTATC,5,4575925
ybaY_predicted,11.5,23,1,CAACGCTCTTCGAGAGGAGA,22,4550478
ybaY_predicted,8.0,16,1,CAACCGATCGAACTCTCGTA,15,4580159
ybaY_predicted,9.0,18,1,CAACATTTTATCTTTGTCCA,17,4555906
ybaY_predicted,1.0,2,1,CAACATCACACTCCTTCCCG,1,4581663
ybaY_predicted,11.5,23,1,CAAACTGTGAGCATCCCAAA,22,4593832
ybaY_predicted,13.0,26,1,ATTTGGCATAACGTCCAGCT,25,4560710
ybaY_predicted,12.0,24,1,ATTTCAGGCAAGGACAGAAT,23,4553670
ybaY_predicted,8.5,17,1,ATTGGTGGCTAGTCCCGCCA,16,4564930
ybaY_predicted,12.0,24,1,ATTGGGTTTAGACTCGAACA,23,4587573
ybaY_predicted,13.0,26,1,ATTACTGCGGAATTGGGCCG,25,4575650
ybaY_predicted,1.0,2,1,ATGGATGGACTCTTGACTCG,1,4596044
ybaY_predicted,10.5,21,1,ATGCTCGGTCGAGTGTACCT,20,4589131
ybaY_predicted,1.0,2,1,ATGACATAAATCCCATCCAC,1,4558140
ybaY_predicted,17.5,35,1,ATCTTGGTATTTGGTCTCCC,34,4555300
ybaY_predicted,3.0,6,1,ATCGTTAACCAAAGTGCGCA,5,4570495
ybaY_predicted,14.5,29,1,ATCGCCATGCCCGACGAAAG,28,4556212
ybaY_predicted,9.0,18,1,ATCCCCGCTGGGGCGTCAGG,17,4550404
ybaY_predicted,16.0,32,1,ATATGAGCTAGAGTCACTGG,31,4579736
ybaY_predicted,1.0,2,1,ATAGGCGTGTCCTCCACCAA,1,4558771
ybaY_predicted,28.0,56,1,ATAAGTGTGTAGCACCGGTA,55,4586838
ybaY_predicted,6.5,13,1,ATAAAGATTATCGAGTAACC,12,4600354
ybaY_predicted,19.5,39,1,AGTTTTTTCCTAGTTACCAT,38,4565463
ybaY_predicted,2.5,5,1,AGTTAAGCCTTTCCCTTACT,4,4595400
ybaY_predicted,15.0,30,1,AGTGGCTATCATAAATCAAA,29,4585487
ybaY_predicted,7.0,14,1,AGTACACCGTGACTCGACGG,13,4598607
ybaY_predicted,1.0,2,1,AGTAAATGTCACCATTTAAA,1,4568681
ybaY_predicted,8.5,17,1,AGGGTATCGGGCGCCTTTTC,16,4567980
ybaY_predicted,13.0,26,1,AGGGACCATTTGAAGCGCTT,25,4584024
ybaY_predicted,10.5,21,1,AGGCTCACGTTCCCGACGGG,20,4572692
ybaY_predicted,2.0,4,1,AGAGCGGGCCGACACTCCTT,3,4548617
ybaY_predicted,1.0,2,1,AGACGTTAACCTAAATAATC,1,4582200
ybaY_predicted,10.5,21,1,AGACGGTTAGAAGTAGCTCG,20,4556068
ybaY_predicted,6.0,12,1,AGAAGTGTTCACCAAGCGGG,11,4597336
ybaY_predicted,6.5,13,1,AGAACGGCATTTCCGTATTA,12,4587317
ybaY_predicted,6.5,13,1,ACTTAGTTATTAGAAATTTC,12,4570686
ybaY_predicted,11.5,23,1,ACTGCCACCGTAGTTGATGT,22,4584757
ybaY_predicted,2.0,4,1,ACTCGATTTACGATTTATGA,3,4555916
ybaY_predicted,11.5,23,1,ACGTTATAGCTAAAAGATGT,22,4572564
ybaY_predicted,7.0,14,1,ACGTTACCGATATGTCCGCT,13,4549392
ybaY_predicted,5.5,11,1,ACGTGCTAATATGCGTAAAT,10,4589739
ybaY_predicted,5.5,11,1,ACGTCAGAACCACACCTGCA,10,4577629
ybaY_predicted,6.0,12,1,ACGGGGATAACATTATATTC,11,4573483
ybaY_predicted,2.0,4,1,ACGCGCGTTCACTCGCGCTC,3,4561407
ybaY_predicted,18.5,37,1,ACCTTCACCATACCATCCAC,36,4572851
ybaY_predicted,11.0,22,1,ACCGACGTTTAAATCTTGGT,21,4576129
ybaY_predicted,8.5,17,1,ACATGTTGCTTCGATCTCCC,16,4556243
ybaY_predicted,8.5,17,1,ACATGACTGAGTTCAATCCA,16,4581899
ybaY_predicted,12.0,24,1,ACATATAGTAATATGGCCAC,23,4557473
ybaY_predicted,7.0,14,1,ACAGGAGGCTAAAAATCACT,13,4556914
ybaY_predicted,3.0,6,1,ACAGCGCCTGGCGGCATAGG,5,4564914
ybaY_predicted,15.0,30,1,ACAGCGAAGTTTTATCTTAG,29,4583999
ybaY_predicted,1.0,2,1,ACACCTCGTAATGAGGATTC,1,4564554
ybaY_predicted,74.5,149,1,AATCTGTTTAGGACTTTTTA,148,4561998
ybaY_predicted,15.0,30,1,AATCGACATGGGGGGGAGCT,29,4579177
ybaY_predicted,8.0,16,1,AATCGAAGGCGATGGGTTAT,15,4561023
ybaY_predicted,17.0,34,1,AATCCCACCAGGCGGCGCAG,33,4550937
ybaY_predicted,1.5,3,1,AATCAAGCGGTCAGCCATTA,2,4586768
ybaY_predicted,5.5,11,1,AAGTTTTCCAGCCATGCCTG,10,4568480
ybaY_predicted,14.5,29,1,AAGTTCGCTTGGGAACAAAA,28,4590326
ybaY_predicted,24.5,49,1,AAGCCTACGGTCAATGCCTC,48,4598303
ybaY_predicted,1.0,2,1,AAGATTGTCGTTCAGATGCT,1,4557220
ybaY_predicted,3.0,6,1,AAGACTCGGAAAGCGTTATA,5,4560379
ybaY_predicted,17.5,35,1,AAGAAGCGAGGAGGCAAACA,34,4544472
ybaY_predicted,11.5,23,1,AACTTGTGTCGAGGTTGGCA,22,4598309
ybaY_predicted,1.0,2,1,AACGGCCTCTCGCGAATCGA,1,4585284
ybaY_predicted,12.5,25,1,AACGCGCGTGCACCCACGTA,24,4600114
ybaY_predicted,10.0,20,1,AAATAAAAGAAGGCGACGTG,19,4565678
ybaY_predicted,0.011363636363636364,87,87,CATGATGGGATGCCCTAGCA,0,4550857
ybaY_predicted,0.012195121951219513,81,81,AGCGGCGTCAAGGGTGCCTA,0,4547130
ybaY_predicted,0.0125,79,79,ATTGTGCCAATGCTACTTCG,0,4584245
ybaY_predicted,0.014492753623188406,68,68,GCTGGACTTTCTCCAGTGTA,0,4544985
ybaY_predicted,0.014705882352941176,67,67,TAGGAAGACCGAATCTATCA,0,4599878
ybaY_predicted,0.014925373134328358,66,66,TTCAACCTCAGTGGGTCTGC,0,4593603
ybaY_predicted,0.014925373134328358,66,66,GTCCGAAAAGCAGCGTTAGC,0,4552422
ybaY_predicted,0.015151515151515152,65,65,TCCCATGGGAGCACGGAGAT,0,4563652
ybaY_predicted,0.015384615384615385,64,64,CTAGCGCTTGAACAGCAGTG,0,4556444
ybaY_predicted,0.015873015873015872,62,62,GTTAATTACTTTACACTATA,0,4565402
ybaY_predicted,0.015873015873015872,62,62,CCGGAAATTTGGGTATAAGT,0,4578614
ybaY_predicted,0.015873015873015872,62,62,AAAATATTCGCTAAACCTGT,0,4544747
ybaY_predicted,0.016129032258064516,61,61,GGAGGCGGATTGATAGTGGG,0,4579207
ybaY_predicted,0.016129032258064516,61,61,CTTTGAGAGCCATCGGGTTT,0,4559052
ybaY_predicted,0.016666666666666666,59,59,TGGGATGTGCACGCTCTAAG,0,4571899
ybaY_predicted,0.017543859649122806,56,56,TTTAATTCATTCGCGCGCGA,0,4583209
ybaY_predicted,0.017857142857142856,55,55,CTGCGCGTGCATTGCTAAGC,0,4574570
ybaY_predicted,0.017857142857142856,55,55,AAGAATTAGTCGGACTACAG,0,4545092
ybaY_predicted,0.01818181818181818,54,54,TGTTTCAAATTTAACTTTAA,0,4546499
ybaY_predicted,0.01818181818181818,54,54,ACGGCTACGAAGTACTACGG,0,4565522
ybaY_predicted,0.01818181818181818,54,54,ACCTGTACCTTATATAGCAA,0,4583955
ybaY_predicted,0.018518518518518517,53,53,TCCACTGCCCGTCCGCGAGT,0,4595949
ybaY_predicted,0.018518518518518517,53,53,CTCTTCAACAGGTACACCTA,0,4573496
ybaY_predicted,0.018518518518518517,53,53,CCCACGTCATCCTAACTTCA,0,4560479
ybaY_predicted,0.018867924528301886,52,52,ACTACTGGGGGATTTACTGT,0,4547010
ybaY_predicted,0.018867924528301886,52,52,AATGCGCTTACTTATATGTG,0,4560517
ybaY_predicted,0.019230769230769232,51,51,TAACGACCCTTCTCCATCAA,0,4596059
ybaY_predicted,0.019230769230769232,51,51,CGCGGTCTGTGGAAGCCAAG,0,4558986
ybaY_predicted,0.0196078431372549,50,50,TCATATGCTCGGCAAGTGTC,0,4560593
ybaY_predicted,0.0196078431372549,50,50,TCAACGACTAGCCACTTTGA,0,4574716
ybaY_predicted,0.0196078431372549,50,50,GTCCTATACGGACTTACGAA,0,4551544
ybaY_predicted,0.0196078431372549,50,50,GGGGGGTGACAATTAGTATG,0,4572383
ybaY_predicted,0.0196078431372549,50,50,CGGAGGGGGCACCTGTCGTT,0,4599987
ybaY_predicted,0.0196078431372549,50,50,CAAAGCTAGCAGGTGCAGGG,0,4583395
ybaY_predicted,0.0196078431372549,50,50,ATGAGTGATGGCGCAGGTTG,0,4587202
ybaY_predicted,0.0196078431372549,50,50,AGTGCACCCACCACACACTT,0,4589126
ybaY_predicted,0.02,49,49,TCACTGATTGAAGCACCCGC,0,4556451
ybaY_predicted,0.02040816326530612,48,48,GGGCGTTGGACACTCTAGTA,0,4569149
ybaY_predicted,0.02040816326530612,48,48,CGCCTGCTAGAACGTTATGG,0,4578162
ybaY_predicted,0.02040816326530612,48,48,CAACGATGGAATATAATCGG,0,4577576
ybaY_predicted,0.02040816326530612,48,48,AGTGACTCTCCCGCCGTGGA,0,4570827
ybaY_predicted,0.02040816326530612,48,48,AAGAACGCTGTGCCGATGGC,0,4582611
ybaY_predicted,0.020833333333333332,47,47,TAACGGCTCGCAGCAAAACC,0,4550104
ybaY_predicted,0.020833333333333332,47,47,GGCAGGCAACAATTCTTGAG,0,4565490
ybaY_predicted,0.020833333333333332,47,47,GCTTCCCAACGGTAAAACGA,0,4589978
ybaY_predicted,0.020833333333333332,47,47,AGCCCAGGCCTATGAGAGGA,0,4571083
ybaY_predicted,0.02127659574468085,46,46,TCAGAGTCAAATGGCCAGGT,0,4557007
ybaY_predicted,0.02127659574468085,46,46,GGATCCACGGTTTGAACTAG,0,4561460
ybaY_predicted,0.021739130434782608,45,45,TCGTGGATGGCGTCTTTGTC,0,4553716
ybaY_predicted,0.021739130434782608,45,45,GGTTGCTCCGATATGTGCTT,0,4564550
ybaY_predicted,0.021739130434782608,45,45,GGTTAACTCTAAGGGTCGGA,0,4559834
ybaY_predicted,0.021739130434782608,45,45,GCGTTCGGCTGCCCAGGCGA,0,4558179
ybaY_predicted,0.021739130434782608,45,45,CTTTACAACACTTTCAAACA,0,4575362
ybaY_predicted,0.021739130434782608,45,45,CTTGTTTAGCACCAACAAAT,0,4589237
ybaY_predicted,0.021739130434782608,45,45,CTGGCTAGGACCCGCGAAAG,0,4573517
ybaY_predicted,0.021739130434782608,45,45,CACCCGACGCTGACGTAGAG,0,4552919
ybaY_predicted,0.021739130434782608,45,45,ATAGTAGCCGCAAGTGCCGT,0,4584864
ybaY_predicted,0.021739130434782608,45,45,AGGGATGGCACGCAGCAGCA,0,4558752
ybaY_predicted,0.022222222222222223,44,44,TCATGACCCCACTGTCTAGT,0,4571784
ybaY_predicted,0.022222222222222223,44,44,CAGGGTGCCTGGGATAAGGC,0,4584803
ybaY_predicted,0.022222222222222223,44,44,CAATGCTACTGTGTGGGTTC,0,4578395
ybaY_predicted,0.022222222222222223,44,44,ACCATGTCAAAAGTGTGTAA,0,4557631
ybaY_predicted,0.022222222222222223,44,44,AATAGATTTTTTTGCCGCAG,0,4593358
ybaY_predicted,0.022727272727272728,43,43,TGGATGGACTGCGGGGATTG,0,4558868
ybaY_predicted,0.022727272727272728,43,43,ATGTGGGCATTATATAAACG,0,4586001
ybaY_predicted,0.022727272727272728,43,43,ATCACAATTTGATGTAGTCG,0,4548591
ybaY_predicted,0.022727272727272728,43,43,ATATGGGAGGTATCTGTTAG,0,4571777
ybaY_predicted,0.022727272727272728,43,43,AGGTGTTCACGTCCAGGTTA,0,4557192
ybaY_predicted,0.023255813953488372,42,42,TCGCGCTCCGTGACGGACGA,0,4567009
ybaY_predicted,0.023255813953488372,42,42,TCCAAACAGCGCAGCCTTCA,0,4596240
ybaY_predicted,0.023255813953488372,42,42,TCAAGGCGGTGAGGTTAGCA,0,4565335
ybaY_predicted,0.023255813953488372,42,42,GTGGGGCCGGTCCAGGAAAG,0,4572080
ybaY_predicted,0.023255813953488372,42,42,GCATGGTGGGGTATCTGCTG,0,4557267
ybaY_predicted,0.023255813953488372,42,42,CAGAGTACGAGCTGTCGTTG,0,4554500
ybaY_predicted,0.023255813953488372,42,42,AGGCCGAAGCGGCCGTGCCT,0,4562957
ybaY_predicted,0.023255813953488372,42,42,ACCAAGTTCCTATACTCCGT,0,4577650
ybaY_predicted,0.023255813953488372,42,42,AATCTGTACCTGGAATGCGT,0,4558015
ybaY_predicted,0.023809523809523808,41,41,TGCATGTAGCGTAACCCTTA,0,4588770
ybaY_predicted,0.023809523809523808,41,41,TCTAGAAATGTGTTGTAAGC,0,4562921
ybaY_predicted,0.023809523809523808,41,41,TACGGTGCGGCATCCACCGG,0,4597996
ybaY_predicted,0.023809523809523808,41,41,GGCGAGGCTCTGCGGTACTC,0,4578134
ybaY_predicted,0.023809523809523808,41,41,GAACGTTCTCCGGTTGTTTT,0,4582487
ybaY_predicted,0.023809523809523808,41,41,CGGTCCGGGTTTTGATCGTT,0,4557319
ybaY_predicted,0.023809523809523808,41,41,CCCAAGCGCTCAGCACCCAG,0,4576639
ybaY_predicted,0.023809523809523808,41,41,ATGTAGGAGGGCACAATGCA,0,4561202
ybaY_predicted,0.024390243902439025,40,40,TTTACTCGCGAGATTCCAAG,0,4579627
ybaY_predicted,0.024390243902439025,40,40,TTCCTCGTTTGTTAAGAAGT,0,4553016
ybaY_predicted,0.024390243902439025,40,40,TTCCGACAGCCTATTTCGTC,0,4597532
ybaY_predicted,0.024390243902439025,40,40,TGTTCCAACAATACGCTGTC,0,4555978
ybaY_predicted,0.024390243902439025,40,40,TGTGAAATACTTAGATTGGG,0,4592995
ybaY_predicted,0.024390243902439025,40,40,TCTTGGTTGCAATGGGCTGC,0,4567602
ybaY_predicted,0.024390243902439025,40,40,GTTTTCTCTTTCCAATTATT,0,4595448
ybaY_predicted,0.024390243902439025,40,40,GTGTGGATAAGGTAAAGATT,0,4588015
ybaY_predicted,0.024390243902439025,40,40,GCCAGGGTGCGACTTGGGAT,0,4583566
ybaY_predicted,0.024390243902439025,40,40,CGGGACGTTAGTAGCCATCT,0,4563498
ybaY_predicted,0.024390243902439025,40,40,CGGAAAGACAGTACATTGGT,0,4576502
ybaY_predicted,0.024390243902439025,40,40,AATCCAGTTCCTTCAAGAGT,0,4589988
ybaY_predicted,0.025,39,39,TGTTCCAATAAGGCATCAAG,0,4596315
ybaY_predicted,0.025,39,39,TCAAACGCTAACTGTATTAG,0,4550490
ybaY_predicted,0.025,39,39,GGGAGCCTGTGACTTTTTGC,0,4569109
ybaY_predicted,0.025,39,39,GCTGCGAGCAGTGTAGTGTT,0,4574699
ybaY_predicted,0.025,39,39,GAAGATGTGGTCATAGAGAG,0,4552394
ybaY_predicted,0.025,39,39,CTATTTAACAACATCAGTAC,0,4587153
ybaY_predicted,0.025,39,39,CATTTAGCTTCCCTGGATTC,0,4562108
ybaY_predicted,0.025,39,39,CATAACTCACATGAAGGAAT,0,4583182
ybaY_predicted,0.025,39,39,ATGGGTAGGCGTTTGCCACA,0,4566500
ybaY_predicted,0.025,39,39,ACTCTGATGGACCCAGGAAT,0,4598592
ybaY_predicted,0.02564102564102564,38,38,GTTTTTACATCTTCTCCAAT,0,4581922
ybaY_predicted,0.02564102564102564,38,38,GCGGGCATACGGAGGTTTCA,0,4564100
ybaY_predicted,0.02564102564102564,38,38,CGTTCTTTTCCGGAACGCTA,0,4558090
ybaY_predicted,0.02564102564102564,38,38,CCCAAGCTCCGAGTTCTTTA,0,4578601
ybaY_predicted,0.02564102564102564,38,38,ATGAAGCTATGGAGTAGGGG,0,4552137
ybaY_predicted,0.02564102564102564,38,38,ATCCCGGGCGAGCCATGGGT,0,4595242
ybaY_predicted,0.02564102564102564,38,38,AGGAGTACGTTGAAGCGTTG,0,4545678
ybaY_predicted,0.02564102564102564,38,38,AGAGATGACCCCATCCGCGG,0,4569674
ybaY_predicted,0.02564102564102564,38,38,ACGAAACGTGAGGCCAAGAA,0,4560733
ybaY_predicted,0.02564102564102564,38,38,ACCCATCGGTGGGGAAAGCG,0,4563592
ybaY_predicted,0.02564102564102564,38,38,AAGATCATGAATTTCATCTC,0,4560796
ybaY_predicted,0.02631578947368421,37,37,TCTGGTAAATCGGTGTAGAT,0,4589036
ybaY_predicted,0.02631578947368421,37,37,GGTATTATCTCTACACAATT,0,4586015
ybaY_predicted,0.02631578947368421,37,37,GGGGTAGGGGTTAAACACGA,0,4552480
ybaY_predicted,0.02631578947368421,37,37,GCGACAAACAGTCCACTCGT,0,4546228
ybaY_predicted,0.02631578947368421,37,37,GCAACGTCTATGGAGTTCTT,0,4590952
ybaY_predicted,0.02631578947368421,37,37,GACGTTATCTGGTGGATCAC,0,4581084
ybaY_predicted,0.02631578947368421,37,37,GAACGAAGACGATGCTCAAT,0,4566135
ybaY_predicted,0.02631578947368421,37,37,CTTGGCACGTCCCGGAAGGA,0,4551704
ybaY_predicted,0.02631578947368421,37,37,CTTAGGTCTTATTTATTAGC,0,4561481
ybaY_predicted,0.02631578947368421,37,37,CTCGAAGCCTTACATGGTAG,0,4563071
ybaY_predicted,0.02631578947368421,37,37,CTCAAATAGGGCTGGATGAA,0,4590736
ybaY_predicted,0.02631578947368421,37,37,CCTCCCACAACATGGCTTTT,0,4559923
ybaY_predicted,0.02631578947368421,37,37,ATCCTATCCATGGAGAGCAA,0,4600015
ybaY_predicted,0.02631578947368421,37,37,ATCATCGCTCGGAACGGGTA,0,4562255
ybaY_predicted,0.02631578947368421,37,37,AGCGATCCCAGGATTTACCA,0,4548557
ybaY_predicted,0.02702702702702703,36,36,TTGTATAGCGGACTTGTCCA,0,4582670
ybaY_predicted,0.02702702702702703,36,36,TTAGGATCTTCCTGCGGGGC,0,4598999
ybaY_predicted,0.02702702702702703,36,36,TGGGTGGAAAAAAATCAGAC,0,4595600
ybaY_predicted,0.02702702702702703,36,36,TAGCTTCACACGTACTGGGG,0,4590805
ybaY_predicted,0.02702702702702703,36,36,TAATGCTGTCATCGTATCTA,0,4575235
ybaY_predicted,0.02702702702702703,36,36,TAACGTTTATCACCTTCCTA,0,4557367
ybaY_predicted,0.02702702702702703,36,36,GTTCCCAGACCATCGGGTAC,0,4579709
ybaY_predicted,0.02702702702702703,36,36,GTGCACGGACGGATTCCGTT,0,4577843
ybaY_predicted,0.02702702702702703,36,36,GTATTTACCAACCGCCGGCC,0,4548543
ybaY_predicted,0.02702702702702703,36,36,GGGGTTCGCTATGGGTAGCT,0,4550689
ybaY_predicted,0.02702702702702703,36,36,GGGACTCCACGACGGAGGCA,0,4554840
ybaY_predicted,0.02702702702702703,36,36,GGCCATCGGATCATGGTCTG,0,4562642
ybaY_predicted,0.02702702702702703,36,36,GGAGTACACGCGTTCAACTT,0,4597765
ybaY_predicted,0.02702702702702703,36,36,GCATATTAGTAGGGCGGGTG,0,4574092
ybaY_predicted,0.02702702702702703,36,36,GATACCGACGCCCCACAGGA,0,4577798
ybaY_predicted,0.02702702702702703,36,36,GACCCGTACTGTATAGAGCT,0,4573270
ybaY_predicted,0.02702702702702703,36,36,GACCCGCCACGGGTGAGATA,0,4548436
ybaY_predicted,0.02702702702702703,36,36,CGAGCCGGGAATCCGTGGTA,0,4577780
ybaY_predicted,0.02702702702702703,36,36,CCGTCGCCATTATCTTATGG,0,4576001
ybaY_predicted,0.02702702702702703,36,36,AGAATGCTGATGGCGGGGAA,0,4549140
ybaY_predicted,0.02702702702702703,36,36,AGAATCAACGAGACTACAGC,0,4577693
ybaY_predicted,0.027777777777777776,35,35,TTAGCGAAGTCTAGAACCAC,0,4575708
ybaY_predicted,0.027777777777777776,35,35,TCTCAGATGGCCGGGTGAGA,0,4574744
ybaY_predicted,0.027777777777777776,35,35,TAGGGAATTTAACGGTGTAT,0,4568132
ybaY_predicted,0.027777777777777776,35,35,TACCTCCGAGCATGATCGAG,0,4549209
ybaY_predicted,0.027777777777777776,35,35,GTACCTGGTGCGAACAACTG,0,4545093
ybaY_predicted,0.027777777777777776,35,35,GGTTGAGAGTAGTGGCACCA,0,4554265
ybaY_predicted,0.027777777777777776,35,35,GGCTTTTGGAGAAAAGCTCC,0,4551754
ybaY_predicted,0.027777777777777776,35,35,GGCCTTTATCTCGGGGAACA,0,4565672
ybaY_predicted,0.027777777777777776,35,35,GGCAGACCAACTGCAGTGCT,0,4593251
ybaY_predicted,0.027777777777777776,35,35,GCATATCAGTGCCAGCTATG,0,4584250
ybaY_predicted,0.027777777777777776,35,35,GAGTGACGTCTAAGGTCAGA,0,4587976
ybaY_predicted,0.027777777777777776,35,35,GAGTAGAGGACTATCAAAGG,0,4576472
ybaY_predicted,0.027777777777777776,35,35,CGGGCAGTAAGGTCCGAGTA,0,4568862
ybaY_predicted,0.027777777777777776,35,35,CCGAAAGTGGAATCCAATAT,0,4582857
ybaY_predicted,0.027777777777777776,35,35,CCCGACGGTGATCATCGACG,0,4585227
ybaY_predicted,0.027777777777777776,35,35,CAAGGCGTGCAGGGAGTGCA,0,4572149
ybaY_predicted,0.027777777777777776,35,35,AGTACCGAGGACCTATTTTC,0,4582858
ybaY_predicted,0.027777777777777776,35,35,AGAGAACTCGTCGGCTGCGT,0,4577247
ybaY_predicted,0.027777777777777776,35,35,AATTGACTACACAAGTATAT,0,4572951
ybaY_predicted,0.027777777777777776,35,35,AATCGCGATTGGCGACTTTA,0,4575067
ybaY_predicted,0.027777777777777776,35,35,AAGCTCCAGATTAGCCGGCA,0,4569435
ybaY_predicted,0.02857142857142857,34,34,TTTGACAGCACTCCCGTATT,0,4587572
ybaY_predicted,0.02857142857142857,34,34,TTTCAACCAGTGCGGTATAG,0,4549089
ybaY_predicted,0.02857142857142857,34,34,TGCCGGATCGGTCGCGGTAG,0,4577817
ybaY_predicted,0.02857142857142857,34,34,TGCCCTTAAATGCGGGAACT,0,4584332
ybaY_predicted,0.02857142857142857,34,34,TCTAGGTGAATGGTACAATA,0,4575674
ybaY_predicted,0.02857142857142857,34,34,TCCTTTACCCGGGACGGGAC,0,4581844
ybaY_predicted,0.02857142857142857,34,34,GTTTCGCCATATCCATATAT,0,4546338
ybaY_predicted,0.02857142857142857,34,34,GGTGGGCCTTCAATGGTCAC,0,4551441
ybaY_predicted,0.02857142857142857,34,34,GGGATCGGCGGGGAAACGAC,0,4574089
ybaY_predicted,0.02857142857142857,34,34,GCAAACGTCTACAAGTTACC,0,4556227
ybaY_predicted,0.02857142857142857,34,34,CTCGCGTAGCACGGACGGCG,0,4569036
ybaY_predicted,0.02857142857142857,34,34,CGTTTCAAGCATTTCTTAAC,0,4565632
ybaY_predicted,0.02857142857142857,34,34,CGAAGCAAAGCTTGCGGAAT,0,4591995
ybaY_predicted,0.02857142857142857,34,34,CCGGCGAAAGAAAAATATCT,0,4562314
ybaY_predicted,0.02857142857142857,34,34,CCGCTCGCGTTACTCTGGGT,0,4544816
ybaY_predicted,0.02857142857142857,34,34,CCCTTAGTCTGTTTTTGAGA,0,4550987
ybaY_predicted,0.02857142857142857,34,34,ATTGTAATGAAACCAAGGAC,0,4583949
ybaY_predicted,0.02857142857142857,34,34,ATTAAAGGCGAAGGTTTTGT,0,4569763
ybaY_predicted,0.02857142857142857,34,34,ATCGGGTATTGTGTGGAGAC,0,4584449
ybaY_predicted,0.02857142857142857,34,34,ACTCCCTGCTTCTTAAACCA,0,4545506
ybaY_predicted,0.02857142857142857,34,34,AACGCGAAGTCGGTTTTTAT,0,4565173
ybaY_predicted,0.029411764705882353,33,33,TTAGGAAATTTGCTCACCAC,0,4565404
ybaY_predicted,0.029411764705882353,33,33,TGGTGGGAGCGGCTAAGAAG,0,4595463
ybaY_predicted,0.029411764705882353,33,33,TGATATATCGGCGCCAAGGG,0,4567379
ybaY_predicted,0.029411764705882353,33,33,TCGAGCAGTGATCTAGGCTG,0,4548676
ybaY_predicted,0.029411764705882353,33,33,GTTATATTAATAGCATTTTA,0,4600532
ybaY_predicted,0.029411764705882353,33,33,GTCCTTAGATCAGCTTCTTA,0,4600156
ybaY_predicted,0.029411764705882353,33,33,GGGTCTTGGAGGGGCAGCCA,0,4569759
ybaY_predicted,0.029411764705882353,33,33,GGCATTGTTGGTCAAACCGA,0,4549961
ybaY_predicted,0.029411764705882353,33,33,GCTGTAATATCCGTTGCATT,0,4565073
ybaY_predicted,0.029411764705882353,33,33,GCGAGCGGGACCTTAGCCCT,0,4569380
ybaY_predicted,0.029411764705882353,33,33,GACTGTGACTTTATGGGGGG,0,4591725
ybaY_predicted,0.029411764705882353,33,33,CGTAAGGTTGCAGTCCTAAC,0,4578374
ybaY_predicted,0.029411764705882353,33,33,CGCTTAGATTTTGGTACTAT,0,4544546
ybaY_predicted,0.029411764705882353,33,33,CGCCGTTCCACTGGTACAGC,0,4575607
ybaY_predicted,0.029411764705882353,33,33,CGACGATGACGCCAGAACGA,0,4559690
ybaY_predicted,0.029411764705882353,33,33,CGAAACAGGTAAAGTGTGAC,0,4583775
ybaY_predicted,0.029411764705882353,33,33,CCGGATGGGGAAAGTGACTC,0,4584456
ybaY_predicted,0.029411764705882353,33,33,CCGCGAACTCCTGGAGGAGA,0,4558780
ybaY_predicted,0.029411764705882353,33,33,CCACTATCCCACTAGAGGTC,0,4559777
ybaY_predicted,0.029411764705882353,33,33,CCACATGGAGGAAATGGTGA,0,4591884
ybaY_predicted,0.029411764705882353,33,33,CATACTACCCAATTTGATTC,0,4557711
ybaY_predicted,0.029411764705882353,33,33,CACGGCTGGCGACCGGGCCG,0,4597361
ybaY_predicted,0.029411764705882353,33,33,AGTGAGGTGCGTCTGCGGTC,0,4558232
ybaY_predicted,0.029411764705882353,33,33,ACCGACGGGCCGGGAAACAC,0,4558400
ybaY_predicted,0.029411764705882353,33,33,ACAGATCATCCTCCAGTCGG,0,4549273
ybaY_predicted,0.029411764705882353,33,33,AATCTGATGGAATACCAAGT,0,4571039
ybaY_predicted,0.029411764705882353,33,33,AACTGAGCAAAGGGTCTTGA,0,4592055
ybaY_predicted,0.030303030303030304,32,32,TTGTCCCGCACTTAGGCTAG,0,4559846
ybaY_predicted,0.030303030303030304,32,32,TTGTCAGGTCGGGGACAGAG,0,4566707
ybaY_predicted,0.030303030303030304,32,32,TGGGTTAGGCCACATCACGT,0,4548425
ybaY_predicted,0.030303030303030304,32,32,TGCTTGGAAACGCGTAGTGG,0,4557507
ybaY_predicted,0.030303030303030304,32,32,TGCGGATCGGGGGATCTAAA,0,4568875
ybaY_predicted,0.030303030303030304,32,32,TCCGTTGCGTAGCATGCCGC,0,4569050
ybaY_predicted,0.030303030303030304,32,32,TAGGCCGGGTCGGCACACTT,0,4570114
ybaY_predicted,0.030303030303030304,32,32,TAATTTATGACGCTTAGTCA,0,4565953
ybaY_predicted,0.030303030303030304,32,32,GGTGAATCCCCGGGCAGTTA,0,4549448
ybaY_predicted,0.030303030303030304,32,32,GGGAGGTCCGCGGAACAAAT,0,4577581
ybaY_predicted,0.030303030303030304,32,32,GCATCAAGCACGTCAATCAG,0,4552814
ybaY_predicted,0.030303030303030304,32,32,GAGAGTTGGCCCATCAACGT,0,4561748
ybaY_predicted,0.030303030303030304,32,32,GACGCGGACCCCGATCTTCA,0,4586530
ybaY_predicted,0.030303030303030304,32,32,CTACTGATTTAACTACGGAT,0,4584643
ybaY_predicted,0.030303030303030304,32,32,CGCTAGGGCGTAAAGAGGAA,0,4590148
ybaY_predicted,0.030303030303030304,32,32,CGCTAATGCGCGTTCAGGAA,0,4548083
ybaY_predicted,0.030303030303030304,32,32,CGCCCCACAAGACGTAGTCT,0,4572119
ybaY_predicted,0.030303030303030304,32,32,CGCACACGTAGATCCAGCCA,0,4588189
ybaY_predicted,0.030303030303030304,32,32,CGAAAGCTATGGCCCGGACA,0,4545747
ybaY_predicted,0.030303030303030304,32,32,CCGACAATAGTAGGCGCGCA,0,4584707
ybaY_predicted,0.030303030303030304,32,32,CCATCGGTACGGGGGGGATT,0,4564453
ybaY_predicted,0.030303030303030304,32,32,ATTTTAGGCGGAGTGAAAAG,0,4571600
ybaY_predicted,0.030303030303030304,32,32,ACGCCAGTGGGAGAAATTTC,0,4588754
ybaY_predicted,0.030303030303030304,32,32,ACCGGGGACGTCTACTTATG,0,4574777
ybaY_predicted,0.030303030303030304,32,32,AAGGACTCCGGCAGTTCTCA,0,4575783
ybaY_predicted,0.030303030303030304,32,32,AAGAGAGAAGTCTGGAGTGA,0,4558193
ybaY_predicted,0.030303030303030304,32,32,AACGTGATCGCTCACGGGGA,0,4598041
ybaY_predicted,0.03125,31,31,TTTTTTTAGCTTCTTCGAAG,0,4585773
ybaY_predicted,0.03125,31,31,TGTTCTGGCTCATCGAACAT,0,4590400
ybaY_predicted,0.03125,31,31,TGTGTCACCTAGAGGCGCTA,0,4580569
ybaY_predicted,0.03125,31,31,TGCTCTCAATTGGGACGGAA,0,4565994
ybaY_predicted,0.03125,31,31,TGCTACAAAAGGGCGCCGGC,0,4576352
ybaY_predicted,0.03125,31,31,TGCCATTCCGCGTACTCATA,0,4575566
ybaY_predicted,0.03125,31,31,TGCAAATCGTAGATCCATAA,0,4556682
ybaY_predicted,0.03125,31,31,TATCAAAGTATCGCCAATAA,0,4597249
ybaY_predicted,0.03125,31,31,GTGCAAATTATTTACTTTCA,0,4571014
ybaY_predicted,0.03125,31,31,GTAGAAACGGTCGAGGCATG,0,4547338
ybaY_predicted,0.03125,31,31,GGTGTAGCTAAAACAGTAGT,0,4585178
ybaY_predicted,0.03125,31,31,GGTGTAGAAGATTCGCGTTC,0,4559063
ybaY_predicted,0.03125,31,31,GGGTTTATGGTACGCCAGAT,0,4598745
ybaY_predicted,0.03125,31,31,GGGGATGCCTATTGCCCTCA,0,4558507
ybaY_predicted,0.03125,31,31,GGGCGGCTATCAGGAACGTG,0,4586008
ybaY_predicted,0.03125,31,31,GGGATCTGAGGCTCCTAATA,0,4581723
ybaY_predicted,0.03125,31,31,GGATTCTAGGCCTGGGACAA,0,4568189
ybaY_predicted,0.03125,31,31,GGAGTCGCCGGCGGCACTCT,0,4561591
ybaY_predicted,0.03125,31,31,GGAATAGAGCATATCTTTCG,0,4573346
ybaY_predicted,0.03125,31,31,GAGGTGGCTGTGAAGTGCGT,0,4593296
ybaY_predicted,0.03125,31,31,GAATATGTTGTTTGAAAGAA,0,4581225
ybaY_predicted,0.03125,31,31,GAAACAGGCACTTGTAGTAG,0,4580488
ybaY_predicted,0.03125,31,31,CTGAGTACACGCCGGTCCTA,0,4583449
ybaY_predicted,0.03125,31,31,CGGGCGAGACTTCTCGCAAG,0,4559146
ybaY_predicted,0.03125,31,31,CATCCGCGCTCTATCACAGA,0,4575272
ybaY_predicted,0.03125,31,31,ATGCCCGCTGGGCACAGTCT,0,4579980
ybaY_predicted,0.03125,31,31,AGGGTGCAGTGCTCGAACTC,0,4567715
ybaY_predicted,0.03125,31,31,AGGCCACCACGTCGTGTACA,0,4597927
ybaY_predicted,0.03125,31,31,ACGGTACATCATCCGCGCGG,0,4567130
ybaY_predicted,0.03125,31,31,ACAGAATGCATAGCACGTTT,0,4596504
ybaY_predicted,0.03225806451612903,30,30,TTTTTAACACCGCTATATAC,0,4587435
ybaY_predicted,0.03225806451612903,30,30,TCGCATGATGTTCAGCATAG,0,4547446
ybaY_predicted,0.03225806451612903,30,30,TCGAACCGACTTCTACATGT,0,4556866
ybaY_predicted,0.03225806451612903,30,30,TCAAGCCCAGCAGACGGTAA,0,4548935
ybaY_predicted,0.03225806451612903,30,30,GTTTGTAGTTAAACGTGCAT,0,4578526
ybaY_predicted,0.03225806451612903,30,30,GTGGATGGTGGTGGTAGAGT,0,4550871
ybaY_predicted,0.03225806451612903,30,30,GTCCTCGACTTAAACAATTC,0,4593256
ybaY_predicted,0.03225806451612903,30,30,GTATTCTTGATGCTTCTCGT,0,4578864
ybaY_predicted,0.03225806451612903,30,30,GTAGAGAGTTATCAGACCCA,0,4590739
ybaY_predicted,0.03225806451612903,30,30,GGTTGCTTACAAGAAAACTG,0,4559779
ybaY_predicted,0.03225806451612903,30,30,GGTGCCAATGCGACAGTTAA,0,4585082
ybaY_predicted,0.03225806451612903,30,30,GGCAACGACTATGGTAACTG,0,4549237
ybaY_predicted,0.03225806451612903,30,30,GCGCATTCTATAGGGGGACA,0,4576946
ybaY_predicted,0.03225806451612903,30,30,GCGATGCATCGAAAGAGGCT,0,4555861
ybaY_predicted,0.03225806451612903,30,30,GCAATAGAGCAGATACTTTA,0,4567608
ybaY_predicted,0.03225806451612903,30,30,GATGTTCGCGACTGTAAGGA,0,4564595
ybaY_predicted,0.03225806451612903,30,30,GAGTACGTTCTTGTTGCCTA,0,4569489
ybaY_predicted,0.03225806451612903,30,30,CTGTCCCGTCCATCGGTCTG,0,4592585
ybaY_predicted,0.03225806451612903,30,30,CGTAGACTCCCTCCGACCTG,0,4586355
ybaY_predicted,0.03225806451612903,30,30,CGTACCGGAGCTAATCTCTC,0,4578144
ybaY_predicted,0.03225806451612903,30,30,CCCTAGGGCGCAATATAGTC,0,4574938
ybaY_predicted,0.03225806451612903,30,30,CAGAAAACTTGTTACAGGCA,0,4557317
ybaY_predicted,0.03225806451612903,30,30,CACCACTCCGTGAGACAAGG,0,4592528
ybaY_predicted,0.03225806451612903,30,30,CAAAACGGAGCCATGAATTC,0,4559637
ybaY_predicted,0.03225806451612903,30,30,ATTTTTTTTGGAGTGGGTGG,0,4592324
ybaY_predicted,0.03225806451612903,30,30,ATTTGGTAGCAATCCAACCA,0,4566875
ybaY_predicted,0.03225806451612903,30,30,ATAGCGTTCACAGCTGCAAC,0,4564402
ybaY_predicted,0.03225806451612903,30,30,ATAACGCAGGCATTTCGATC,0,4554634
ybaY_predicted,0.03225806451612903,30,30,AGTGGTAGGCGTGACAGCCC,0,4569678
ybaY_predicted,0.03225806451612903,30,30,AGGCCGACAGTGACATCTGC,0,4581186
ybaY_predicted,0.03225806451612903,30,30,AGATGTGTAGCCGACCAGGA,0,4591733
ybaY_predicted,0.03225806451612903,30,30,ACCCATCGTGGCGGGTACTT,0,4578800
ybaY_predicted,0.03225806451612903,30,30,AAGGGCTGACTTCGCCTCAG,0,4588201
ybaY_predicted,0.03225806451612903,30,30,AAGGCTTTAGAAGAACTCTA,0,4592785
ybaY_predicted,0.03333333333333333,29,29,TGGGCACAGGCCAAGAGGTA,0,4560287
ybaY_predicted,0.03333333333333333,29,29,TGACGAGCGCTAGCCAAGCG,0,4549493
ybaY_predicted,0.03333333333333333,29,29,TCCGGACCTCATAGTTCTAA,0,4554837
ybaY_predicted,0.03333333333333333,29,29,TCAGAATTTGAGACACGCGG,0,4552556
ybaY_predicted,0.03333333333333333,29,29,TAGCAGCGACCATCCTGATT,0,4577816
ybaY_predicted,0.03333333333333333,29,29,GTCACTCAGGCCTCCTCATA,0,4576228
ybaY_predicted,0.03333333333333333,29,29,GTCAAGCGGGTTCGTGTCGT,0,4589765
ybaY_predicted,0.03333333333333333,29,29,GTAGAGACACAAAGCGTTAT,0,4567717
ybaY_predicted,0.03333333333333333,29,29,GTACACGCACTTTGCCGGGT,0,4556308
ybaY_predicted,0.03333333333333333,29,29,GGATTCATTGATGGAATTAC,0,4566202
ybaY_predicted,0.03333333333333333,29,29,GCAGGTTTCATCATCCAAGA,0,4598050
ybaY_predicted,0.03333333333333333,29,29,GCAGAGGTCCTGGGCAGGGA,0,4574783
ybaY_predicted,0.03333333333333333,29,29,GCACTAATCGAGGTGCTGAA,0,4549111
ybaY_predicted,0.03333333333333333,29,29,GATTTTAAGAAGTCATCAGA,0,4562460
ybaY_predicted,0.03333333333333333,29,29,GAGGGCGAAAATGCGGACCC,0,4546630
ybaY_predicted,0.03333333333333333,29,29,GAAGTCGAAGTCATAAATAT,0,4571523
ybaY_predicted,0.03333333333333333,29,29,GAAAATACGTTGATAACCGG,0,4567539
ybaY_predicted,0.03333333333333333,29,29,CTATAAGAGTGAAAACTAGA,0,4548485
ybaY_predicted,0.03333333333333333,29,29,CTAGGTTCAACCTGGGGCAT,0,4545447
ybaY_predicted,0.03333333333333333,29,29,CTAAATATACGTGTTTAGTC,0,4544500
ybaY_predicted,0.03333333333333333,29,29,CGTGGAGAACAGACGCAATT,0,4564679
ybaY_predicted,0.03333333333333333,29,29,CGTAGCTTTAGCCAGTCGCC,0,4578476
ybaY_predicted,0.03333333333333333,29,29,CGTAAGGTTTTTTCGTAAGT,0,4583924
ybaY_predicted,0.03333333333333333,29,29,CCTTAGATGAGACTATTTGT,0,4587217
ybaY_predicted,0.03333333333333333,29,29,CCGGTTCACATGCCTTTACA,0,4549109
ybaY_predicted,0.03333333333333333,29,29,CCGGGCCTTTGGTTCATGGC,0,4596447
ybaY_predicted,0.03333333333333333,29,29,CCGAGTCTACACGTCGCCGT,0,4587689
ybaY_predicted,0.03333333333333333,29,29,CAAATGTAAGTCGCCCAACA,0,4547444
ybaY_predicted,0.03333333333333333,29,29,ATGGAAAATAGCTGGCGTGT,0,4594894
ybaY_predicted,0.03333333333333333,29,29,ATGCCGGAAGTGCCGCCCAA,0,4546804
ybaY_predicted,0.03333333333333333,29,29,ATCAGAGAGAGAAGTAACAC,0,4596669
ybaY_predicted,0.03333333333333333,29,29,AGTACGGAGCCAATCAGTTT,0,4585083
ybaY_predicted,0.03333333333333333,29,29,AGTAAATACCTGCGACCTAA,0,4549277
ybaY_predicted,0.03333333333333333,29,29,AGGTTTAAGAAAACCACTTG,0,4580025
ybaY_predicted,0.03333333333333333,29,29,AGGTCGGCTACCACGGAACC,0,4586002
ybaY_predicted,0.03333333333333333,29,29,AGGAGCATTAGTAACTATAT,0,4566881
ybaY_predicted,0.03333333333333333,29,29,AGGAGACGGAGGCTACTCGA,0,4566265
ybaY_predicted,0.03333333333333333,29,29,ACTCATTATCACAGGGCAAA,0,4572281
ybaY_predicted,0.03333333333333333,29,29,ACAACAGCTTGATAGCAGAG,0,4589994
ybaY_predicted,0.03333333333333333,29,29,AATATCAGCAGCTACGAGGT,0,4592471
ybaY_predicted,0.03333333333333333,29,29,AACTATAGACGCCGGCGAGA,0,4576213
ybaY_predicted,0.03333333333333333,29,29,AAATGCATATGGCACCGCAT,0,4558550
ybaY_predicted,0.03333333333333333,29,29,AAAACGACAGAAATTTCATA,0,4579174
ybaY_predicted,0.034482758620689655,28,28,TTCCTCGCTCCGCCGGACCG,0,4567058
ybaY_predicted,0.034482758620689655,28,28,TTCACTGCTTATGTCGTCAT,0,4572743
ybaY_predicted,0.034482758620689655,28,28,TCTAGAGTGGCACAAAAGGT,0,4568097
ybaY_predicted,0.034482758620689655,28,28,TCGTGCTGCCCGATCTGATG,0,4564316
ybaY_predicted,0.034482758620689655,28,28,TCGCTTTGTGAAACTATTTA,0,4595703
ybaY_predicted,0.034482758620689655,28,28,TCCGTGTGTTTCATAAGGAA,0,4586453
ybaY_predicted,0.034482758620689655,28,28,TATTACAAAACGTGCGACAA,0,4566203
ybaY_predicted,0.034482758620689655,28,28,GTCATCAGTAGTCGCCGGAG,0,4569327
ybaY_predicted,0.034482758620689655,28,28,GCATGCTCAGAACATGCTAT,0,4591634
ybaY_predicted,0.034482758620689655,28,28,GCAATGTCTATCACCCGTTG,0,4553866
ybaY_predicted,0.034482758620689655,28,28,GCAACGCTCAGGAGTTTGAG,0,4558588
ybaY_predicted,0.034482758620689655,28,28,GAAACAAAAAGTGGCTGGAC,0,4550102
ybaY_predicted,0.034482758620689655,28,28,CGTGCAGACTAGGATTGTAC,0,4561769
ybaY_predicted,0.034482758620689655,28,28,CGGACCTTGCCAGCGCCAGT,0,4591860
ybaY_predicted,0.034482758620689655,28,28,CCGGAGAAAAACGGCTACCA,0,4558376
ybaY_predicted,0.034482758620689655,28,28,CCCACAAGAATCGGGAGGTA,0,4584039
ybaY_predicted,0.034482758620689655,28,28,CCCAAGCGAGACCAACAACA,0,4546560
ybaY_predicted,0.034482758620689655,28,28,CAATCCTGGTCCAAAAAGTT,0,4554458
ybaY_predicted,0.034482758620689655,28,28,ATGTTGGCACGCGAGGGCAG,0,4594393
ybaY_predicted,0.034482758620689655,28,28,ATGCACCACCGGCACCGAGT,0,4571251
ybaY_predicted,0.034482758620689655,28,28,ATAGAGTCACATCCCCGAAG,0,4589129
ybaY_predicted,0.034482758620689655,28,28,AGTAAGATTGCCCGTGGATT,0,4585394
ybaY_predicted,0.034482758620689655,28,28,AGACAAGGCACTGCTGAGCC,0,4562834
ybaY_predicted,0.034482758620689655,28,28,AAGTTGGACAAAGTTCTCGG,0,4595312
ybaY_predicted,0.034482758620689655,28,28,AAGACGAGGGATTCTCCGCA,0,4589713
ybaY_predicted,0.03571428571428571,27,27,TTCAAGGCGATTTGTACATA,0,4567324
ybaY_predicted,0.03571428571428571,27,27,TTATAGTTGAAGGGATGCCG,0,4563425
ybaY_predicted,0.03571428571428571,27,27,TGTTCCTCTTGGTGTGATTG,0,4587541
ybaY_predicted,0.03571428571428571,27,27,TGTGATGACCCTCGTCAGAA,0,4555902
ybaY_predicted,0.03571428571428571,27,27,TGCCCTCCTACTGGTGTGCG,0,4563670
ybaY_predicted,0.03571428571428571,27,27,TCTGCCTTCGTCACAGTATA,0,4549825
ybaY_predicted,0.03571428571428571,27,27,TCCAGTACTATTGTCAAAGA,0,4591861
ybaY_predicted,0.03571428571428571,27,27,TATATTGTGAATGTGTAAGT,0,4562234
ybaY_predicted,0.03571428571428571,27,27,TATACGCGACCCGTCCTGCC,0,4558535
ybaY_predicted,0.03571428571428571,27,27,TAGGTCTTACCTAACCGACT,0,4587397
ybaY_predicted,0.03571428571428571,27,27,GTTCATCTATGACCCTGTAC,0,4598252
ybaY_predicted,0.03571428571428571,27,27,GTGCATAAACAAGGCAGACT,0,4595380
ybaY_predicted,0.03571428571428571,27,27,GTAATTCGGGACTGATGGTA,0,4586909
ybaY_predicted,0.03571428571428571,27,27,GGGAAACAGGTCTGGTAGCC,0,4595951
ybaY_predicted,0.03571428571428571,27,27,GGACCAAAATTTCTAAGTAA,0,4553433
ybaY_predicted,0.03571428571428571,27,27,GGAAGCCGTCCACGCGCAGC,0,4563701
ybaY_predicted,0.03571428571428571,27,27,GCCTAGGCTTTCGGACTCCA,0,4580345
ybaY_predicted,0.03571428571428571,27,27,GCCCGTCGATACCGGCCACG,0,4561745
ybaY_predicted,0.03571428571428571,27,27,GATTTATGCTCAGGTCCAGA,0,4562676
ybaY_predicted,0.03571428571428571,27,27,GATCTGCCACCGTGGGCCTA,0,4583754
ybaY_predicted,0.03571428571428571,27,27,GAGGGTAGCTGACCAAACTC,0,4563742
ybaY_predicted,0.03571428571428571,27,27,CTGACTTGGGGCCGGGGATA,0,4549240
ybaY_predicted,0.03571428571428571,27,27,CGCGTTGGCGAAGGACTGTG,0,4568312
ybaY_predicted,0.03571428571428571,27,27,CCTAATACCACAGCAGGGTA,0,4557816
ybaY_predicted,0.03571428571428571,27,27,ATTTGATAATACGTGGGATG,0,4557851
ybaY_predicted,0.03571428571428571,27,27,ATGGTACAGTCGATCCCTTT,0,4595254
ybaY_predicted,0.03571428571428571,27,27,ATCTCACGACATGATCGAGC,0,4587559
ybaY_predicted,0.03571428571428571,27,27,ATAGATCTCGCTAACCCGTA,0,4563200
ybaY_predicted,0.03571428571428571,27,27,ATACGCAGCTACTATAACAA,0,4564185
ybaY_predicted,0.03571428571428571,27,27,ATAATTAAGACCGAACTGTG,0,4556832
ybaY_predicted,0.03571428571428571,27,27,AGGAGCATGGGGCTCTCGAA,0,4557599
ybaY_predicted,0.03571428571428571,27,27,ACGCGTATCAAGTTCCCTGG,0,4557217
ybaY_predicted,0.03571428571428571,27,27,ACGAAAGCCTCCTTGGCGCT,0,4566575
ybaY_predicted,0.03571428571428571,27,27,AATGTAGCGGAACCTGGATT,0,4594232
ybaY_predicted,0.03571428571428571,27,27,AACCAGGCTTCGCATTTGAT,0,4560275
ybaY_predicted,0.03571428571428571,27,27,AAATTTTCCACACTGACAAA,0,4587323
ybaY_predicted,0.037037037037037035,26,26,TTTTCACACAGTCTATCGCA,0,4597337
ybaY_predicted,0.037037037037037035,26,26,TTGCGCTGAGTCCAGTAAAA,0,4587707
ybaY_predicted,0.037037037037037035,26,26,TTGAGTTGGAGGTGTTCGTT,0,4585562
ybaY_predicted,0.037037037037037035,26,26,TTCTAGACTGTGAGCATCGC,0,4567928
ybaY_predicted,0.037037037037037035,26,26,TTCGGTGCTGAAAGTGGCCC,0,4580647
ybaY_predicted,0.037037037037037035,26,26,TGCCGTTGCATCCACGGTTA,0,4547203
ybaY_predicted,0.037037037037037035,26,26,TCTTTTGCTTTGTTGTCCGC,0,4595047
ybaY_predicted,0.037037037037037035,26,26,TCGTTGGCATTTTGGCAGGG,0,4570068
ybaY_predicted,0.037037037037037035,26,26,TCCGCTTCAGTAGCAATTTG,0,4585143
ybaY_predicted,0.037037037037037035,26,26,TCAGATGGAGGCAGAGAGTA,0,4573504
ybaY_predicted,0.037037037037037035,26,26,TATGGATAGAAGTATGAGCG,0,4578901
ybaY_predicted,0.037037037037037035,26,26,TAATTTTAACGCAGAGTTGG,0,4559796
ybaY_predicted,0.037037037037037035,26,26,GTTTAGGAGCCCCTTGAACA,0,4584365
ybaY_predicted,0.037037037037037035,26,26,GTTGCCCCGGCGAAGCTTAC,0,4563805
ybaY_predicted,0.037037037037037035,26,26,GTCCCGTGGCTACAATGTCC,0,4596496
ybaY_predicted,0.037037037037037035,26,26,GGTGGGCAGTGCCAGGCTTC,0,4587204
ybaY_predicted,0.037037037037037035,26,26,GGTCACTCGCAGACTACGGG,0,4562339
ybaY_predicted,0.037037037037037035,26,26,GGGTGAGCCAACAACCTTTA,0,4592410
ybaY_predicted,0.037037037037037035,26,26,GGGAATCTTGTCGGCTAGAA,0,4593387
ybaY_predicted,0.037037037037037035,26,26,GGAGTGCCGATCGCTACTCT,0,4584752
ybaY_predicted,0.037037037037037035,26,26,GGAGGTAAACCAAAAAGGGG,0,4547958
ybaY_predicted,0.037037037037037035,26,26,GCTGCTAGGCCGGTTGACCT,0,4570553
ybaY_predicted,0.037037037037037035,26,26,GCGAAAACTCGTGAGATCAC,0,4573234
ybaY_predicted,0.037037037037037035,26,26,GATGTCTGCCGCGGGACCTT,0,4573373
ybaY_predicted,0.037037037037037035,26,26,GAGTGGCACTGCGCCCTGGT,0,4593739
ybaY_predicted,0.037037037037037035,26,26,GAGGCAACTTTGACTCGAAT,0,4593081
ybaY_predicted,0.037037037037037035,26,26,GACAGCACCGTATTGTGCCG,0,4580340
ybaY_predicted,0.037037037037037035,26,26,CTTGCATAATCGCCGACCAA,0,4582871
ybaY_predicted,0.037037037037037035,26,26,CTTCGTTCGATACATTGAGT,0,4587652
ybaY_predicted,0.037037037037037035,26,26,CTCGCGCTGAATAACGCGCA,0,4579558
ybaY_predicted,0.037037037037037035,26,26,CTCATAGCGAACAAAACTTA,0,4585955
ybaY_predicted,0.037037037037037035,26,26,CTAGAGAGCCCTGCTAGCCC,0,4578835
ybaY_predicted,0.037037037037037035,26,26,CTAAAAAGAATCGTCAGAGG,0,4563714
ybaY_predicted,0.037037037037037035,26,26,CGTTGACAAGATCGTAGCTG,0,4566922
ybaY_predicted,0.037037037037037035,26,26,CGTCGCTAATGGTGACATGT,0,4552488
ybaY_predicted,0.037037037037037035,26,26,CGAGTGCTTGCTTAGTACCA,0,4567922
ybaY_predicted,0.037037037037037035,26,26,CCTTCGTCAAGCTTGTTAAC,0,4589006
ybaY_predicted,0.037037037037037035,26,26,CCGTGCTCACCCACATACTC,0,4588341
ybaY_predicted,0.037037037037037035,26,26,CCAAGGCGTGCAGGCAAGGT,0,4556298
ybaY_predicted,0.037037037037037035,26,26,CATTGGGGCCAGGGTAGACG,0,4580476
ybaY_predicted,0.037037037037037035,26,26,CATCCCCTTGGGCCACCGTG,0,4559202
ybaY_predicted,0.037037037037037035,26,26,CAGCTACGTTCTTACTGATC,0,4547954
ybaY_predicted,0.037037037037037035,26,26,CAGATCACTACCTGAGCATG,0,4572122
ybaY_predicted,0.037037037037037035,26,26,CACCAGGCTCGGGTAAACCT,0,4557974
ybaY_predicted,0.037037037037037035,26,26,CACAGCCATAATCATTAATG,0,4550983
ybaY_predicted,0.037037037037037035,26,26,CAAGCAGCTTGGGACGACAT,0,4595946
ybaY_predicted,0.037037037037037035,26,26,CAACATAGCATTACGTTTAG,0,4593392
ybaY_predicted,0.037037037037037035,26,26,CAAACACAATGACTAGGCGT,0,4558082
ybaY_predicted,0.037037037037037035,26,26,ATCTTGTGTTTCAGGTAAGA,0,4545688
ybaY_predicted,0.037037037037037035,26,26,ATCGTGCTACGCCGTCTGTG,0,4587043
ybaY_predicted,0.037037037037037035,26,26,ATCAGCTCTTAGCTTTTGTT,0,4596903
ybaY_predicted,0.037037037037037035,26,26,ATATTGACAGATATGCAACA,0,4556675
ybaY_predicted,0.037037037037037035,26,26,ATATATACAGTGCGAGGACT,0,4559865
ybaY_predicted,0.037037037037037035,26,26,ATAAGTAGCCGACTTTGTGG,0,4550785
ybaY_predicted,0.037037037037037035,26,26,AGCAGGTGTCAGGTAAACAT,0,4563786
ybaY_predicted,0.037037037037037035,26,26,AGCAGCTGTTCGGAAAACAG,0,4594646
ybaY_predicted,0.037037037037037035,26,26,AGATTTTATGGCGGCGTGAG,0,4550494
ybaY_predicted,0.037037037037037035,26,26,AGAGTATGTCTTTCCTGCCG,0,4579102
ybaY_predicted,0.037037037037037035,26,26,AGAGGCTTGTGGAACGTATT,0,4577856
ybaY_predicted,0.037037037037037035,26,26,AGAGCGTGCAAAAAGTCGCG,0,4548166
ybaY_predicted,0.037037037037037035,26,26,AGACGTGTGAAGTAGTTAGA,0,4545432
ybaY_predicted,0.037037037037037035,26,26,AGAAAGAGCACCTTATGGCC,0,4554259
ybaY_predicted,0.037037037037037035,26,26,ACGTTATCAAGTTGTAAGGG,0,4553863
ybaY_predicted,0.037037037037037035,26,26,ACCGGTTAGTCCTTTTGGCA,0,4596772
ybaY_predicted,0.037037037037037035,26,26,AAGAGTAATTTTAGCGTGAG,0,4587925
ybaY_predicted,0.037037037037037035,26,26,AAAGCATATGTACATAACGC,0,4567402
ybaY_predicted,0.037037037037037035,26,26,AAACATAAATAACTTTTCGA,0,4591588
ybaY_predicted,0.038461538461538464,25,25,TTTGGCATAGTTGAGGGAAC,0,4575780
ybaY_predicted,0.038461538461538464,25,25,TTGGTTTAACGTCTGCTTTA,0,4567766
ybaY_predicted,0.038461538461538464,25,25,TTCTAAAAACCCAAAGACTG,0,4585718
ybaY_predicted,0.038461538461538464,25,25,TTAGCACACGACCTTCGGCA,0,4580912
ybaY_predicted,0.038461538461538464,25,25,TTAAGGCTACCTTTTTGATT,0,4557932
ybaY_predicted,0.038461538461538464,25,25,TGGACGCCAGGGCAGCAAAG,0,4563963
ybaY_predicted,0.038461538461538464,25,25,TGCTGAGGATCCGAATTCGA,0,4562766
ybaY_predicted,0.038461538461538464,25,25,TGCGACGGGCGAGCCAAAAC,0,4599536
ybaY_predicted,0.038461538461538464,25,25,TGAGAGGTCAGAAGCCGGTA,0,4546686
ybaY_predicted,0.038461538461538464,25,25,TGACACGAGTTGTTCTTTCC,0,4593323
ybaY_predicted,0.038461538461538464,25,25,TCATCCGGTCGTGGGGGGGA,0,4577182
ybaY_predicted,0.038461538461538464,25,25,TCAAAGAGTCACGACAGGAT,0,4545676
ybaY_predicted,0.038461538461538464,25,25,TATGAGAGTTTATTCGGTCC,0,4593738
ybaY_predicted,0.038461538461538464,25,25,TAGGAATGGTCGTTCTGTGG,0,4552771
ybaY_predicted,0.038461538461538464,25,25,TAGACTGCAGTAGTTTTGAA,0,4549688
ybaY_predicted,0.038461538461538464,25,25,TAGAAATCTACGAAGTTTGT,0,4562831
ybaY_predicted,0.038461538461538464,25,25,TACCGGTCAGTCGCCCCGAC,0,4567856
ybaY_predicted,0.038461538461538464,25,25,TACAATCACTCCTACGGCGT,0,4561624
ybaY_predicted,0.038461538461538464,25,25,TAAGGGGTCACAACGGGCCT,0,4577958
ybaY_predicted,0.038461538461538464,25,25,GTTTGTTGGCCGTCCGAAAG,0,4595945
ybaY_predicted,0.038461538461538464,25,25,GTTCTAATAACCTGAGCAGT,0,4579544
ybaY_predicted,0.038461538461538464,25,25,GTTCAAGGGTAGTTGGGTAA,0,4595257
ybaY_predicted,0.038461538461538464,25,25,GTGATTACTTTTAGGGCGAT,0,4566632
ybaY_predicted,0.038461538461538464,25,25,GTCTGAGCCAACTGAAGAAA,0,4544792
ybaY_predicted,0.038461538461538464,25,25,GTATGACAATAATTTAGCTA,0,4580644
ybaY_predicted,0.038461538461538464,25,25,GGGGATTGTATCCCACTACC,0,4582978
ybaY_predicted,0.038461538461538464,25,25,GGGCACGAATTAGCACGCGG,0,4581892
ybaY_predicted,0.038461538461538464,25,25,GGATACCGTCTTCAGACACC,0,4589911
ybaY_predicted,0.038461538461538464,25,25,GATGCGAATTACCGCAGGAA,0,4558458
ybaY_predicted,0.038461538461538464,25,25,GATAGCAAGAATTAGGCCAA,0,4599340
ybaY_predicted,0.038461538461538464,25,25,GAGCCCGAGACCGGCCCATT,0,4549142
ybaY_predicted,0.038461538461538464,25,25,GAGATCCCATATAACGTATC,0,4552524
ybaY_predicted,0.038461538461538464,25,25,GACACGCTCCCATGGCTACG,0,4596600
ybaY_predicted,0.038461538461538464,25,25,CTTGGCGCACCGGAGCGGAA,0,4565355
ybaY_predicted,0.038461538461538464,25,25,CTTAGGTCGGAGGTAGACGC,0,4568381
ybaY_predicted,0.038461538461538464,25,25,CTGAGCTGTGGCCTAAAGAT,0,4589879
ybaY_predicted,0.038461538461538464,25,25,CTGAAACTCGCGCTACGGGT,0,4571449
ybaY_predicted,0.038461538461538464,25,25,CTACGTCAAGGGAGAATCTA,0,4591232
ybaY_predicted,0.038461538461538464,25,25,CTACGATACGCGTTCAAGGG,0,4576811
ybaY_predicted,0.038461538461538464,25,25,CGTAAGGCTTGGTCTAGAAA,0,4572448
ybaY_predicted,0.038461538461538464,25,25,CGGAAGTGTTAGGCGAATTT,0,4593748
ybaY_predicted,0.038461538461538464,25,25,CGCTCCATGCTCAAGTTCCA,0,4548438
ybaY_predicted,0.038461538461538464,25,25,CGCGGATCGGGTTTGTGAGC,0,4576083
ybaY_predicted,0.038461538461538464,25,25,CGATCTCCGGGGGCACTGTT,0,4570834
ybaY_predicted,0.038461538461538464,25,25,CGAAGATGGAACATTCGCTA,0,4587431
ybaY_predicted,0.038461538461538464,25,25,CCCGCCGTCTGTCCCAACTA,0,4580445
ybaY_predicted,0.038461538461538464,25,25,CCCACGTCTAGGTGGGCCTC,0,4560337
ybaY_predicted,0.038461538461538464,25,25,CCAAAACCCCGTGGATATGC,0,4558461
ybaY_predicted,0.038461538461538464,25,25,CATACAGCGGAACGGAGGCT,0,4546724
ybaY_predicted,0.038461538461538464,25,25,ATCCCAAATCCGGGCGGCCT,0,4565171
ybaY_predicted,0.038461538461538464,25,25,ATACGTCCGTAACTATGCTA,0,4562512
ybaY_predicted,0.038461538461538464,25,25,AGGGAATTCGGCTTCGTAAG,0,4549769
ybaY_predicted,0.038461538461538464,25,25,AGCGCCTAGAGCCTTGTCCT,0,4570312
ybaY_predicted,0.038461538461538464,25,25,AGATTTAATGCGAACTGATC,0,4556237
ybaY_predicted,0.038461538461538464,25,25,ACGGGTTCAGCTCGAGTGTT,0,4589362
ybaY_predicted,0.038461538461538464,25,25,ACGGGTCGTTTTCGAGAGGT,0,4570367
ybaY_predicted,0.038461538461538464,25,25,ACGCCAGCGATACCCTCGAT,0,4595518
ybaY_predicted,0.038461538461538464,25,25,ACACCGAGAAGGGCCGATCC,0,4577350
ybaY_predicted,0.038461538461538464,25,25,ACAAACAAAGAAATATGTCA,0,4572625
ybaY_predicted,0.038461538461538464,25,25,AATTATCTACATTTTGGCAT,0,4566579
ybaY_predicted,0.038461538461538464,25,25,AATATTGCGATGGAGGGGCA,0,4578911
ybaY_predicted,0.038461538461538464,25,25,AATACCCCGGCGCGACCGCG,0,4559108
ybaY_predicted,0.038461538461538464,25,25,AAGGGCACGGGTCGTCTGGC,0,4557516
ybaY_predicted,0.038461538461538464,25,25,AACAGCCAGCTAGGTGATGT,0,4571603
ybaY_predicted,0.04,24,24,TTGCTCAATATAGCCGCACA,0,4571781
ybaY_predicted,0.04,24,24,TTGCGGGTTGTAAAGTATAG,0,4569334
ybaY_predicted,0.04,24,24,TTGCCGCTGCCCCACAGCAG,0,4569765
ybaY_predicted,0.04,24,24,TTGCATCGTGAGTGATCTAC,0,4585229
ybaY_predicted,0.04,24,24,TTGACTCTGTAAGGCGAGTG,0,4587691
ybaY_predicted,0.04,24,24,TTAGCTAATCGAGCGCCGTC,0,4581309
ybaY_predicted,0.04,24,24,TTACTTAATTTGAGATTGTA,0,4591655
ybaY_predicted,0.04,24,24,TTACGTGAATGTACAAGAAG,0,4597067
ybaY_predicted,0.04,24,24,TGTTCACAGAGCAGTATTCT,0,4589240
ybaY_predicted,0.04,24,24,TGCGAGTTAGTTTTCGGAAG,0,4545769
ybaY_predicted,0.04,24,24,TGCCAACTCCCCGAAGTTTG,0,4574670
ybaY_predicted,0.04,24,24,TGATAGCACCAAAGTTTTAA,0,4584336
ybaY_predicted,0.04,24,24,TGAGAATGGCAACCCGGATC,0,4574782
ybaY_predicted,0.04,24,24,TGACCTTAGGCTCTGAAAGT,0,4598151
ybaY_predicted,0.04,24,24,TGAAACATGCTTGATTAATG,0,4546495
ybaY_predicted,0.04,24,24,TGAAAAGCTCGATACCAGTT,0,4576084
ybaY_predicted,0.04,24,24,TCTGGATTGGATTTTCTAAG,0,4596095
ybaY_predicted,0.04,24,24,TCCCTTTCTTACGCATGTCT,0,4549504
ybaY_predicted,0.04,24,24,TCACGGATGTGTGGTTTAAG,0,4565717
ybaY_predicted,0.04,24,24,TATTTAAGGGTTAACAGGCC,0,4557052
ybaY_predicted,0.04,24,24,TAGGGTTGCGAACCATAAGA,0,4569629
ybaY_predicted,0.04,24,24,TAGGGAAGTCGTCGGTGGGT,0,4600152
ybaY_predicted,0.04,24,24,TAACAGGTAGCGTTATATGT,0,4550649
ybaY_predicted,0.04,24,24,GTTGGTTTAGGGGTCGCGAT,0,4589851
ybaY_predicted,0.04,24,24,GTTGGCATGTGAAGCCCGTT,0,4595461
ybaY_predicted,0.04,24,24,GTCAGCAATAAAATCTCTAG,0,4564846
ybaY_predicted,0.04,24,24,GTACGGAGGCGGATGCTGTG,0,4580511
ybaY_predicted,0.04,24,24,GGTGTCAGATTCCCCAAAGT,0,4564684
ybaY_predicted,0.04,24,24,GGTATTTCGCAGGTGACAAT,0,4574262
ybaY_predicted,0.04,24,24,GGGGAATTTCGAAAGAGGGG,0,4582067
ybaY_predicted,0.04,24,24,GGGAACACACTTGGACCTGT,0,4561828
ybaY_predicted,0.04,24,24,GGCGAAATATTCGAGTTTCT,0,4575673
ybaY_predicted,0.04,24,24,GGAGGGCGCAGCTACGATAG,0,4550381
ybaY_predicted,0.04,24,24,GGACGGCTAGCCCCGAACGG,0,4583507
ybaY_predicted,0.04,24,24,GGAAAGTGGCTGTCGTATCG,0,4597439
ybaY_predicted,0.04,24,24,GCTACTCAAGGCTTATAAGC,0,4559236
ybaY_predicted,0.04,24,24,GCCGGAGATAATAAATGTGC,0,4589741
ybaY_predicted,0.04,24,24,GCATTTTCCCCCGTGTCTTC,0,4600394
ybaY_predicted,0.04,24,24,GCATACATTATACTAAGCTA,0,4586665
ybaY_predicted,0.04,24,24,GCAAAGCATGAGGTTCCCGA,0,4558959
ybaY_predicted,0.04,24,24,GATGAAACGCCCTTGGTTAG,0,4580920
ybaY_predicted,0.04,24,24,GATCGCGTCGCAAGTCACGC,0,4593082
ybaY_predicted,0.04,24,24,GAGTCGGGCAAGAAGCAAAA,0,4584051
ybaY_predicted,0.04,24,24,GAGAGCTTTCGGCAAAGTTG,0,4571786
ybaY_predicted,0.04,24,24,GAACCAGTGAGTTGCAAAAC,0,4568135
ybaY_predicted,0.04,24,24,CTTTCGTTATGCGTATCGTC,0,4573569
ybaY_predicted,0.04,24,24,CTTAATGTGCAGCCAGCTAC,0,4592438
ybaY_predicted,0.04,24,24,CTCGCCAGGGCCATTAAAAT,0,4572849
ybaY_predicted,0.04,24,24,CTATTGCCCAGCCGCTTAGA,0,4580242
ybaY_predicted,0.04,24,24,CGTGACTTAATGAAGCATCA,0,4553872
ybaY_predicted,0.04,24,24,CGTCCAGTCTTCAGTAATCC,0,4585956
ybaY_predicted,0.04,24,24,CGTATACGGAACTACCCTCC,0,4557231
ybaY_predicted,0.04,24,24,CGTAGCACACTTCGCAGCTG,0,4597320
ybaY_predicted,0.04,24,24,CGGTTCGTGTCAAAGACGCA,0,4546987
ybaY_predicted,0.04,24,24,CGGGCCGTTCAGCGAAGACA,0,4564823
ybaY_predicted,0.04,24,24,CGGCCCGGTGAAGAACTTTC,0,4594748
ybaY_predicted,0.04,24,24,CGGATGAGCGAGTGATCTGA,0,4548093
ybaY_predicted,0.04,24,24,CGGACGAACAGCGCGGCGCA,0,4598658
ybaY_predicted,0.04,24,24,CGCTGGGTCCTTGCTAATGA,0,4569236
ybaY_predicted,0.04,24,24,CGCGGCAGTGCCTGGGCGTC,0,4591871
ybaY_predicted,0.04,24,24,CGAGTAGTCTGAATCAGCTA,0,4592260
ybaY_predicted,0.04,24,24,CGACCTCTCAAGTAGGCATT,0,4559822
ybaY_predicted,0.04,24,24,CCTTAGCCGTTTACCAAGAG,0,4587358
ybaY_predicted,0.04,24,24,CCTGGCACGCGGCCAGTCAC,0,4600183
ybaY_predicted,0.04,24,24,CCTGGATAATTTGCTATGGA,0,4560899
ybaY_predicted,0.04,24,24,CCTAATAGTGTATGTAAAAA,0,4588920
ybaY_predicted,0.04,24,24,CCCCCACCTCTTTTCAATCA,0,4577389
ybaY_predicted,0.04,24,24,CATCGATCGAAGCGAGCATA,0,4586033
ybaY_predicted,0.04,24,24,CATCAGGGGTCGGAGACCTT,0,4563372
ybaY_predicted,0.04,24,24,CACGGATATGTGTTAAGTGT,0,4558169
ybaY_predicted,0.04,24,24,CACAAGTCATAACCAACATT,0,4551730
ybaY_predicted,0.04,24,24,ATTGGGGCCAACTTAACAAT,0,4586671
ybaY_predicted,0.04,24,24,ATTAATAGATGGATTACAGA,0,4591171
ybaY_predicted,0.04,24,24,ATGTATTGTCGTCTGAGCTA,0,4544564
ybaY_predicted,0.04,24,24,ATCCTTTTGGCCGGACATCC,0,4564459
ybaY_predicted,0.04,24,24,AGTATCGGTGCATAATTCAA,0,4587391
ybaY_predicted,0.04,24,24,AGGTTCTGAAAGAGTGCGTG,0,4553912
ybaY_predicted,0.04,24,24,AGGGGCAAGACAGCTTTATA,0,4578217
ybaY_predicted,0.04,24,24,AGGGCTAAGGTGGAGTAGCT,0,4572621
ybaY_predicted,0.04,24,24,AGGCGCTCTTCGTCTTCCTG,0,4569229
ybaY_predicted,0.04,24,24,AGGAGGTTTGGTGCTAAGGG,0,4562336
ybaY_predicted,0.04,24,24,AGCGTTGTTGTACTTAGTAC,0,4566264
ybaY_predicted,0.04,24,24,AGCGTGGCAGGCTGGCTCAC,0,4547651
ybaY_predicted,0.04,24,24,AGAGTCGGGAAATGCGGTTA,0,4591389
ybaY_predicted,0.04,24,24,ACGTTAGGGGGGAATCGTAA,0,4549790
ybaY_predicted,0.04,24,24,ACGGTTGCGTCCACAATGTC,0,4597512
ybaY_predicted,0.04,24,24,ACGCCCCGACGATGAATTCC,0,4578808
ybaY_predicted,0.04,24,24,ACCTTTTATTAACCTCTAGG,0,4588883
ybaY_predicted,0.04,24,24,ACCTTTCAGATAGGATCAAA,0,4568262
ybaY_predicted,0.04,24,24,ACCTATGGTCGAAGTTGATT,0,4572058
ybaY_predicted,0.04,24,24,ACCGTTCAACAGGTAGATCC,0,4577966
ybaY_predicted,0.04,24,24,ACCCCTTTGCCACTGGAGTA,0,4578609
ybaY_predicted,0.04,24,24,ACATTCTTATGAACGCTAGT,0,4553801
ybaY_predicted,0.04,24,24,AATTGGACTGGCTAAAACGT,0,4570380
ybaY_predicted,0.04,24,24,AATCGCAGATGTTTCGCTTG,0,4588075
ybaY_predicted,0.04,24,24,AAGCTGGCCCACGGGCAAGG,0,4563232
ybaY_predicted,0.04,24,24,AAGAGCGTAATCGCTCGCCT,0,4568313
ybaY_predicted,0.04,24,24,AACCTGATATGGGGAGGAAT,0,4580986
ybaY_predicted,0.041666666666666664,23,23,TTTGTGCGTGGTCCGGACTA,0,4580698
ybaY_predicted,0.041666666666666664,23,23,TTTCCTGAATGACCAAGAAC,0,4581482
ybaY_predicted,0.041666666666666664,23,23,TTTCCGTGTGTAGAGTCAAG,0,4571929
ybaY_predicted,0.041666666666666664,23,23,TTTAGGAGAGATTATAATGT,0,4598275
ybaY_predicted,0.041666666666666664,23,23,TTGTATAAGCCCTTAGGTGG,0,4544899
ybaY_predicted,0.041666666666666664,23,23,TTGCCAAGTCAGTAGCATCA,0,4550735
ybaY_predicted,0.041666666666666664,23,23,TTCCTAGGGTTCGTATGCAG,0,4575720
ybaY_predicted,0.041666666666666664,23,23,TTCCGCATTCAGCGGTGACT,0,4565147
ybaY_predicted,0.041666666666666664,23,23,TTCCGCAGTTAAGGGGCGGA,0,4556105
ybaY_predicted,0.041666666666666664,23,23,TTAGGGAATGGGCGGCATGT,0,4558837
ybaY_predicted,0.041666666666666664,23,23,TTAATCGGCCTCGCCCGATG,0,4550562
ybaY_predicted,0.041666666666666664,23,23,TGTTAGCATGGGTGTGCTGA,0,4557021
ybaY_predicted,0.041666666666666664,23,23,TGGCAGAAATCGGGTAGTCA,0,4558915
ybaY_predicted,0.041666666666666664,23,23,TGATTGCGCACCAGTTAAGT,0,4597677
ybaY_predicted,0.041666666666666664,23,23,TGACCAAATCTAGTGGGGAA,0,4554735
ybaY_predicted,0.041666666666666664,23,23,TGACAAGCAGCATTGCCCAG,0,4593791
ybaY_predicted,0.041666666666666664,23,23,TCTTGCACCGCAAAGTAAGG,0,4561816
ybaY_predicted,0.041666666666666664,23,23,TCGTCGATGCATCCTGGAGT,0,4554898
ybaY_predicted,0.041666666666666664,23,23,TCCTGTCATGTCCGGGCAAT,0,4573498
ybaY_predicted,0.041666666666666664,23,23,TATCTCGCGAGGTTTGTGTG,0,4568197
ybaY_predicted,0.041666666666666664,23,23,TACTCTGGCCTCTGCAGAGA,0,4553245
ybaY_predicted,0.041666666666666664,23,23,TACTCCCCCCTGAAAACGTA,0,4573228
ybaY_predicted,0.041666666666666664,23,23,TACCTCAGCTATGCGGTGCA,0,4582430
ybaY_predicted,0.041666666666666664,23,23,TACAGTCCCGCCGTGGACGG,0,4574831
ybaY_predicted,0.041666666666666664,23,23,TAACATGGGAGATCGTTCTT,0,4579215
ybaY_predicted,0.041666666666666664,23,23,GTTGCCGCGAAAGTCAATAG,0,4581248
ybaY_predicted,0.041666666666666664,23,23,GTTCCCACGATAAGGCCGCG,0,4577255
ybaY_predicted,0.041666666666666664,23,23,GTTCAATTACGCTATCAATG,0,4555428
ybaY_predicted,0.041666666666666664,23,23,GTTAGGCAGCCAACTCGAAT,0,4589398
ybaY_predicted,0.041666666666666664,23,23,GTTACAGCCACACACGTACA,0,4544928
ybaY_predicted,0.041666666666666664,23,23,GTGGCAGTATGGCTAATCTG,0,4567887
ybaY_predicted,0.041666666666666664,23,23,GTCTAGCGCCCGTGAGTGTC,0,4575675
ybaY_predicted,0.041666666666666664,23,23,GTATTAGTGAGATAGTACAA,0,4597609
ybaY_predicted,0.041666666666666664,23,23,GGTTGGTCTGGCGCTGTACA,0,4561466
ybaY_predicted,0.041666666666666664,23,23,GGTACTGGAGATTAGGTTGC,0,4556023
ybaY_predicted,0.041666666666666664,23,23,GGGAAAGACGCACTCCCCAT,0,4552399
ybaY_predicted,0.041666666666666664,23,23,GGCGCAGACCAGTGGCACGT,0,4560601
ybaY_predicted,0.041666666666666664,23,23,GGATGGTTATGATATTTAAC,0,4575471
ybaY_predicted,0.041666666666666664,23,23,GCTTTATCGGTAGTCAGGCA,0,4553923
ybaY_predicted,0.041666666666666664,23,23,GCTGTGCATGGGACCTATCT,0,4589716
ybaY_predicted,0.041666666666666664,23,23,GCGTTATGCAAGGCTCAAAA,0,4567668
ybaY_predicted,0.041666666666666664,23,23,GCGGCCGCTTACGCAACGAC,0,4586091
ybaY_predicted,0.041666666666666664,23,23,GCCACGTTCGTATTTAGCGG,0,4593389
ybaY_predicted,0.041666666666666664,23,23,GAGCGTATGACCCACTTCGT,0,4552009
ybaY_predicted,0.041666666666666664,23,23,GACTTCCGTGGGTTAGGGGT,0,4568538
ybaY_predicted,0.041666666666666664,23,23,CTTCGACTGACGTCGTGTTA,0,4564140
ybaY_predicted,0.041666666666666664,23,23,CTTAACGACGGATCGAAAGA,0,4555279
ybaY_predicted,0.041666666666666664,23,23,CTGTCCTCTTGCCCACTTTC,0,4598657
ybaY_predicted,0.041666666666666664,23,23,CTGATCGTTGGACTAATCGT,0,4575833
ybaY_predicted,0.041666666666666664,23,23,CTATGGAATCATTGATGTTC,0,4564419
ybaY_predicted,0.041666666666666664,23,23,CTACGGGTTGATGGGGTACG,0,4561412
ybaY_predicted,0.041666666666666664,23,23,CGTGGTGGCTTAGGTAATGA,0,4547048
ybaY_predicted,0.041666666666666664,23,23,CGGGTTTAAATAGTCAGTAT,0,4564666
ybaY_predicted,0.041666666666666664,23,23,CGGGGCGCGGTCACGTTGTC,0,4569226
ybaY_predicted,0.041666666666666664,23,23,CGGCGCTACCAAACGCTCCC,0,4575728
ybaY_predicted,0.041666666666666664,23,23,CGCTTTAATGGATAGAGGCA,0,4573232
ybaY_predicted,0.041666666666666664,23,23,CGCGTGTTATAACTGAATGT,0,4595670
ybaY_predicted,0.041666666666666664,23,23,CGACTTCTGGTCAGTCTCAC,0,4587859
ybaY_predicted,0.041666666666666664,23,23,CGACAAGGCGAAAGCGTAAT,0,4547210
ybaY_predicted,0.041666666666666664,23,23,CCGTTGAGAGTGCCGTGTTA,0,4591207
ybaY_predicted,0.041666666666666664,23,23,CCAAATCCGGATCGGTAGGA,0,4574964
ybaY_predicted,0.041666666666666664,23,23,CATGTCGCCAGGAACGTGAT,0,4566744
ybaY_predicted,0.041666666666666664,23,23,CAGTTTTTTAGCGAAGTGAA,0,4566063
ybaY_predicted,0.041666666666666664,23,23,CAGTCAACAATATGTGATTC,0,4596872
ybaY_predicted,0.041666666666666664,23,23,CAGGTCGGCTAGGACCACCT,0,4583307
ybaY_predicted,0.041666666666666664,23,23,CAGGAGAAGGCTCTGAATCA,0,4562081
ybaY_predicted,0.041666666666666664,23,23,CACTGTTTTTGCGGCCGATA,0,4555258
ybaY_predicted,0.041666666666666664,23,23,CACCGGCCAATCAACATGTG,0,4574866
ybaY_predicted,0.041666666666666664,23,23,CAAGTTCCATGTCACTCCTA,0,4561287
ybaY_predicted,0.041666666666666664,23,23,CAAGTACTAGCGAACTCCGT,0,4567247
ybaY_predicted,0.041666666666666664,23,23,CAAAGTACAGACGAGCATAG,0,4584869
ybaY_predicted,0.041666666666666664,23,23,ATTGGCCGATCGTTAGTTGT,0,4570096
ybaY_predicted,0.041666666666666664,23,23,ATTCGACGGGGACAAAACCG,0,4588067
ybaY_predicted,0.041666666666666664,23,23,ATGTAGCGCACTTATAGACT,0,4551329
ybaY_predicted,0.041666666666666664,23,23,ATCTAGCCCACGCTGTACGG,0,4578870
ybaY_predicted,0.041666666666666664,23,23,ATATCAGTGCCACAACTCGT,0,4598279
ybaY_predicted,0.041666666666666664,23,23,ATATATGCGCACTTAATGGG,0,4572079
ybaY_predicted,0.041666666666666664,23,23,AGTTACTTATAGGCAGATAA,0,4581609
ybaY_predicted,0.041666666666666664,23,23,AGTGACTTCGCCGTTGCTCA,0,4577400
ybaY_predicted,0.041666666666666664,23,23,AGCTGCGTCGCCCACTCCAT,0,4564927
ybaY_predicted,0.041666666666666664,23,23,ACGTTCACGGGAAGCGGACA,0,4591770
ybaY_predicted,0.041666666666666664,23,23,ACGGTGCTTCATGTAGATGG,0,4569557
ybaY_predicted,0.041666666666666664,23,23,ACGGCTGACACATGCAAGAC,0,4587502
ybaY_predicted,0.041666666666666664,23,23,ACGCGATCATCACCGTTAAC,0,4580951
ybaY_predicted,0.041666666666666664,23,23,ACCTGTATAAAAACATCAGT,0,4544755
ybaY_predicted,0.041666666666666664,23,23,ACCAGGGCCTTCGCTGCCCC,0,4595424
ybaY_predicted,0.041666666666666664,23,23,ACCAGGCTAAATATTCTATC,0,4546013
ybaY_predicted,0.041666666666666664,23,23,ACACCGGGTGTCAGTCCTTA,0,4566567
ybaY_predicted,0.041666666666666664,23,23,AATTGCTTCACAGTTTGGCG,0,4594800
ybaY_predicted,0.041666666666666664,23,23,AACTAAGGCCCCGGCCTATT,0,4569728
ybaY_predicted,0.041666666666666664,23,23,AACAGATGAACCGTCCTTCA,0,4568989
ybaY_predicted,0.041666666666666664,23,23,AAATAAGGTAAAGAGTCATT,0,4563176
ybaY_predicted,0.043478260869565216,22,22,TTTTGATACCATCTAAAAGG,0,4550552
ybaY_predicted,0.043478260869565216,22,22,TTTCCGGGACACTCACTAAA,0,4599047
ybaY_predicted,0.043478260869565216,22,22,TTTAAGATTATCACTTATAT,0,4564629
ybaY_predicted,0.043478260869565216,22,22,TTGAGTACTAGACTTTTTAG,0,4546748
ybaY_predicted,0.043478260869565216,22,22,TTCTGTAGCCCGGCGATTGA,0,4559925
ybaY_predicted,0.043478260869565216,22,22,TTAGTATGCGCGTTTGGCGG,0,4576400
ybaY_predicted,0.043478260869565216,22,22,TGTGTGCCGTTGCTGGCTAC,0,4551119
ybaY_predicted,0.043478260869565216,22,22,TGTAGGGAGGCTGGCTGTTC,0,4557826
ybaY_predicted,0.043478260869565216,22,22,TGGATTATGAGTGTACTATG,0,4547208
ybaY_predicted,0.043478260869565216,22,22,TGGACACGTAATGGTTTAGG,0,4562672
ybaY_predicted,0.043478260869565216,22,22,TGGAAATGTACCGGGAATGC,0,4551773
ybaY_predicted,0.043478260869565216,22,22,TGCTAGTGTATGCTGTGGAG,0,4568375
ybaY_predicted,0.043478260869565216,22,22,TCTTCTGGCCAAACTACACA,0,4569381
ybaY_predicted,0.043478260869565216,22,22,TCTGATGGTCCGGCCGGTCA,0,4600121
ybaY_predicted,0.043478260869565216,22,22,TCGTCGAGCAGATCACTTAA,0,4577705
ybaY_predicted,0.043478260869565216,22,22,TCCAACATCGATTCGTGGGG,0,4582962
ybaY_predicted,0.043478260869565216,22,22,TCATTCTCGGAGGCTCGGCA,0,4563502
ybaY_predicted,0.043478260869565216,22,22,TCAGGATACCTAAATAGTTT,0,4566505
ybaY_predicted,0.043478260869565216,22,22,TCACACAGGGTTAACCCCTT,0,4564109
ybaY_predicted,0.043478260869565216,22,22,TATGTCAGTGCGGGATAGGG,0,4571144
ybaY_predicted,0.043478260869565216,22,22,TATGGGGGCAGCAAAGTGCA,0,4565669
ybaY_predicted,0.043478260869565216,22,22,TACTAGGCGCCGATAGGGCA,0,4568429
ybaY_predicted,0.043478260869565216,22,22,TAAATAAAAGACTATTGACA,0,4545435
ybaY_predicted,0.043478260869565216,22,22,GTGGGTGCCTGCTGGCTCAA,0,4553973
ybaY_predicted,0.043478260869565216,22,22,GTGCACCGAGACGTGGTCAG,0,4564027
ybaY_predicted,0.043478260869565216,22,22,GTGATCAGGGGTTACAACGA,0,4564153
ybaY_predicted,0.043478260869565216,22,22,GTCGTAAGAATGCGGCGTAA,0,4582664
ybaY_predicted,0.043478260869565216,22,22,GTATCTTAGGGTATGTACTT,0,4547645
ybaY_predicted,0.043478260869565216,22,22,GTAATCCGGGCCAATAATCG,0,4588020
ybaY_predicted,0.043478260869565216,22,22,GTAACGCCTTCTGCCGCTTA,0,4587650
ybaY_predicted,0.043478260869565216,22,22,GTAACCATCTTCATATCTTA,0,4547922
ybaY_predicted,0.043478260869565216,22,22,GGTCTTAGTAATCCGAAGGT,0,4583352
ybaY_predicted,0.043478260869565216,22,22,GGTAGAAGAGTGTATATAAG,0,4548287
ybaY_predicted,0.043478260869565216,22,22,GGGGTTTACTTTGTCTGTCA,0,4570183
ybaY_predicted,0.043478260869565216,22,22,GGGCCTAGAGGGTCCTTTTG,0,4561348
ybaY_predicted,0.043478260869565216,22,22,GGCATACACCACCTAGGTTC,0,4589767
ybaY_predicted,0.043478260869565216,22,22,GGCAGGAGTGACCGGCGTGT,0,4582977
ybaY_predicted,0.043478260869565216,22,22,GGCACCAGGGCCCTCAGGTA,0,4573381
ybaY_predicted,0.043478260869565216,22,22,GGATCAGCCATACGGTGAGA,0,4553345
ybaY_predicted,0.043478260869565216,22,22,GGAATGCAAGAAGATATGAC,0,4584957
ybaY_predicted,0.043478260869565216,22,22,GCGGTAGAAATTCTCTTAAT,0,4560519
ybaY_predicted,0.043478260869565216,22,22,GCGGCCATCACGCGATCAAC,0,4554017
ybaY_predicted,0.043478260869565216,22,22,GCCAGTTCGGAGTTCGTAGT,0,4545002
ybaY_predicted,0.043478260869565216,22,22,GCATACCGTATCTGTTACTA,0,4550275
ybaY_predicted,0.043478260869565216,22,22,GCAGATTTTTACTCCTGGTA,0,4582604
ybaY_predicted,0.043478260869565216,22,22,GCACGCAGAACGTAATCAGC,0,4545783
ybaY_predicted,0.043478260869565216,22,22,GATGCGCTGGGCTGTCAGAA,0,4558603
ybaY_predicted,0.043478260869565216,22,22,GATATAATTCTAATATTTGC,0,4553423
ybaY_predicted,0.043478260869565216,22,22,GATAGATTCACTAGCTAGGT,0,4581952
ybaY_predicted,0.043478260869565216,22,22,GAGAACTTTTTTCCTATTCG,0,4558007
ybaY_predicted,0.043478260869565216,22,22,GACAGGCCCCATGGTTTTTA,0,4588539
ybaY_predicted,0.043478260869565216,22,22,GAATGAGGCAAAGAGGGGAC,0,4583165
ybaY_predicted,0.043478260869565216,22,22,GAATCGCTTAGACGGCTGAC,0,4565275
ybaY_predicted,0.043478260869565216,22,22,GAACAGGTATACCGTTGTCA,0,4547876
ybaY_predicted,0.043478260869565216,22,22,CTTATGACAAGCCGAAGATT,0,4571294
ybaY_predicted,0.043478260869565216,22,22,CTGTCTTGCTGAATGTTAGT,0,4563825
ybaY_predicted,0.043478260869565216,22,22,CTCTCGACGTTTTTAAGTTG,0,4553808
ybaY_predicted,0.043478260869565216,22,22,CTCGCAATCCATCGTCTGGC,0,4577193
ybaY_predicted,0.043478260869565216,22,22,CTCAGTTTGCGGGCAACGGG,0,4557227
ybaY_predicted,0.043478260869565216,22,22,CGTCGATTTTCCCACCAGCG,0,4558417
ybaY_predicted,0.043478260869565216,22,22,CGTACACGAATCGATCACTC,0,4587159
ybaY_predicted,0.043478260869565216,22,22,CGGTGCTCCGCTCTAGGGAA,0,4571265
ybaY_predicted,0.043478260869565216,22,22,CGGTGCGGACACTTCCCCTG,0,4596209
ybaY_predicted,0.043478260869565216,22,22,CGCCGCCCAAGTTTCGAGGC,0,4554455
ybaY_predicted,0.043478260869565216,22,22,CGATCCGCACATCCCAAAGG,0,4552045
ybaY_predicted,0.043478260869565216,22,22,CGAGGCACAACCGCTGGATG,0,4572433
ybaY_predicted,0.043478260869565216,22,22,CGAAGATAAGGGAAATGCCT,0,4575695
ybaY_predicted,0.043478260869565216,22,22,CCTTGTTCTCATGATTAATG,0,4557667
ybaY_predicted,0.043478260869565216,22,22,CCCGCTCAACTAGGACTACA,0,4583305
ybaY_predicted,0.043478260869565216,22,22,CCATTGTATTTTGTGCCAAG,0,4576955
ybaY_predicted,0.043478260869565216,22,22,CCAAAACACGTGTTCAATAC,0,4569544
ybaY_predicted,0.043478260869565216,22,22,CATTTGTGAGAGGGTAGATT,0,4592704
ybaY_predicted,0.043478260869565216,22,22,CAGTATCGCGTAATTCTGGG,0,4570897
ybaY_predicted,0.043478260869565216,22,22,CAGGGAGGTCAAAGGACCCG,0,4550333
ybaY_predicted,0.043478260869565216,22,22,CAGATGCAAACGGTTAATGG,0,4588796
ybaY_predicted,0.043478260869565216,22,22,ATCCGGAGAGTTCCACCTTC,0,4557394
ybaY_predicted,0.043478260869565216,22,22,ATCACAAGCGCATCGCTGCA,0,4594239
ybaY_predicted,0.043478260869565216,22,22,AGTATTCGGATTTCTTGATT,0,4597981
ybaY_predicted,0.043478260869565216,22,22,AGGCAGGAGTGGACATCAAT,0,4558749
ybaY_predicted,0.043478260869565216,22,22,AGACGGACGGCTAGGCCTGG,0,4591368
ybaY_predicted,0.043478260869565216,22,22,ACTGTATTTATAGATTTGAT,0,4583396
ybaY_predicted,0.043478260869565216,22,22,ACTCCGTAAACTGGCACCTC,0,4566974
ybaY_predicted,0.043478260869565216,22,22,ACTCAGGGGCATTCTAGCTA,0,4572727
ybaY_predicted,0.043478260869565216,22,22,ACGCATTGGATTCAAGGGTA,0,4557464
ybaY_predicted,0.043478260869565216,22,22,ACCCCGACTCGTAGGCGTTC,0,4580918
ybaY_predicted,0.043478260869565216,22,22,ACACCTTGGTACGGGTCCGC,0,4584731
ybaY_predicted,0.043478260869565216,22,22,ACACAGGAATGACCCGCCAG,0,4554081
ybaY_predicted,0.043478260869565216,22,22,AATCGCACAGAACTCTGCAA,0,4588134
ybaY_predicted,0.043478260869565216,22,22,AATCCTTCATAGGGCAGTGT,0,4551589
ybaY_predicted,0.043478260869565216,22,22,AATAAAGGAATGTCCACATA,0,4569588
ybaY_predicted,0.043478260869565216,22,22,AAGGTAGTTGCCACTATGGA,0,4561646
ybaY_predicted,0.043478260869565216,22,22,AACAGCACTCTCTCGTGAGA,0,4591880
ybaY_predicted,0.043478260869565216,22,22,AAATCATATATCGACTTATT,0,4568670
ybaY_predicted,0.043478260869565216,22,22,AAAGGCTTGCGATAAAGCAA,0,4585226
ybaY_predicted,0.045454545454545456,21,21,TTTCTCGAACCAACTATGGC,0,4591652
ybaY_predicted,0.045454545454545456,21,21,TTGTTAGGTTATGACAATCC,0,4564748
ybaY_predicted,0.045454545454545456,21,21,TTAAGTCTAGTCATAGGGGA,0,4561854
ybaY_predicted,0.045454545454545456,21,21,TGGTCACCTAGTTAGAAGGA,0,4594695
ybaY_predicted,0.045454545454545456,21,21,TGATCGGTTAGGAAATTCGA,0,4570216
ybaY_predicted,0.045454545454545456,21,21,TGAGGGATGAACGATGGAGA,0,4585179
ybaY_predicted,0.045454545454545456,21,21,TCTCCCGTGAACCTTCCGTT,0,4551321
ybaY_predicted,0.045454545454545456,21,21,TCGCGGCTTCATTCAACGAT,0,4572624
ybaY_predicted,0.045454545454545456,21,21,TCACATGATCCTGATCCTTC,0,4581852
ybaY_predicted,0.045454545454545456,21,21,TAGGAACATGGAAGAATACC,0,4573938
ybaY_predicted,0.045454545454545456,21,21,TACACTTGTGCGTATCGATG,0,4544954
ybaY_predicted,0.045454545454545456,21,21,TAAGCGTCGATACCCACTTC,0,4567674
ybaY_predicted,0.045454545454545456,21,21,TAACGGCGGTGGACCCGCAG,0,4565172
ybaY_predicted,0.045454545454545456,21,21,TAAATGAAGGCCAACTGGGG,0,4589853
ybaY_predicted,0.045454545454545456,21,21,GTTGTTATGTAGTGCGTAGA,0,4583321
ybaY_predicted,0.045454545454545456,21,21,GTGGTTCTTAATGGGTGTGT,0,4558081
ybaY_predicted,0.045454545454545456,21,21,GTCGAATATACATGCATCTA,0,4566365
ybaY_predicted,0.045454545454545456,21,21,GTCAGCTAAGGCTCGACTCC,0,4588615
ybaY_predicted,0.045454545454545456,21,21,GTAACGGTGGCACGATTACC,0,4568517
ybaY_predicted,0.045454545454545456,21,21,GGTCATCACAGAGCAGGATA,0,4555651
ybaY_predicted,0.045454545454545456,21,21,GGGTCTTGGTTTATTAGTGC,0,4597740
ybaY_predicted,0.045454545454545456,21,21,GGCTGATCGCCTGACTAGGT,0,4559473
ybaY_predicted,0.045454545454545456,21,21,GGAGGCTTGAGGGAACACGG,0,4557426
ybaY_predicted,0.045454545454545456,21,21,GGAGCACGGCGGATTACTCA,0,4567403
ybaY_predicted,0.045454545454545456,21,21,GGAGAGGGGCGCCAGTTTTA,0,4578249
ybaY_predicted,0.045454545454545456,21,21,GGACCAACATGGATTAACCC,0,4548595
ybaY_predicted,0.045454545454545456,21,21,GCTTATTAATCAGCGCGCCT,0,4564502
ybaY_predicted,0.045454545454545456,21,21,GCGCACTTACTGGCGAGAGG,0,4567062
ybaY_predicted,0.045454545454545456,21,21,GCGCACAGCACCAGGCAGGG,0,4598241
ybaY_predicted,0.045454545454545456,21,21,GCCGTAGGTGGGAGTAATAC,0,4571046
ybaY_predicted,0.045454545454545456,21,21,GCAGGCAACTTCTGTCGCCA,0,4552601
ybaY_predicted,0.045454545454545456,21,21,GCAACGGTCTGTAGAGTACT,0,4554688
ybaY_predicted,0.045454545454545456,21,21,GAGTAGTCAGGCTTATGTTG,0,4559882
ybaY_predicted,0.045454545454545456,21,21,GAGAGATGTGAGGGGCGGTC,0,4562789
ybaY_predicted,0.045454545454545456,21,21,GAATAAGTACACGTATTGAT,0,4554218
ybaY_predicted,0.045454545454545456,21,21,CTTTTTGTGGGGAGACCAGG,0,4595419
ybaY_predicted,0.045454545454545456,21,21,CTGGATTTCGCTACTCCGTT,0,4554862
ybaY_predicted,0.045454545454545456,21,21,CTGCGGCGCATCAGGAAATT,0,4548490
ybaY_predicted,0.045454545454545456,21,21,CTGAAGTTAATCCCAGATTC,0,4592592
ybaY_predicted,0.045454545454545456,21,21,CTCTAGAAGGGCGCACACTA,0,4582027
ybaY_predicted,0.045454545454545456,21,21,CTCAGACAGCGAACAGAATT,0,4566313
ybaY_predicted,0.045454545454545456,21,21,CTATTAATAAAGGCGTAGAG,0,4570290
ybaY_predicted,0.045454545454545456,21,21,CTACTGAAAATGCCGTGAGG,0,4590616
ybaY_predicted,0.045454545454545456,21,21,CGGACATGTCGGGAAAGTCT,0,4566811
ybaY_predicted,0.045454545454545456,21,21,CGGAATTGCTACGAATATTA,0,4567603
ybaY_predicted,0.045454545454545456,21,21,CGCTTATGTTAAAAAGCGTA,0,4567243
ybaY_predicted,0.045454545454545456,21,21,CGAGGAGAGACGATAGGCCC,0,4571050
ybaY_predicted,0.045454545454545456,21,21,CCGCGGGGGCCGCGCCGTGC,0,4551583
ybaY_predicted,0.045454545454545456,21,21,CCATGGCAATTTGGGGAAAT,0,4580632
ybaY_predicted,0.045454545454545456,21,21,CCATAGTTGTCATTATAGAG,0,4585223
ybaY_predicted,0.045454545454545456,21,21,CACGGTAACAGCGTCAGGAT,0,4554850
ybaY_predicted,0.045454545454545456,21,21,CACATTTTATCGTCAATGTA,0,4564650
ybaY_predicted,0.045454545454545456,21,21,CAAGACAGCCTCATGGACAT,0,4553060
ybaY_predicted,0.045454545454545456,21,21,CAACAATCGCCGATTGGAAT,0,4573920
ybaY_predicted,0.045454545454545456,21,21,ATTTAGGAAACCTACCCTAG,0,4571954
ybaY_predicted,0.045454545454545456,21,21,ATTACGAGTGTCAGGACTGT,0,4585832
ybaY_predicted,0.045454545454545456,21,21,ATCTAGCCTACCACGGTCGT,0,4546895
ybaY_predicted,0.045454545454545456,21,21,ATCGGTCCAGGGGCGCGAGA,0,4557937
ybaY_predicted,0.045454545454545456,21,21,ATCCGTTAGTCGCGCTGACC,0,4579924
ybaY_predicted,0.045454545454545456,21,21,ATCCAGGTTCGTTTTCTTCA,0,4570268
ybaY_predicted,0.045454545454545456,21,21,ATAAATGCAGGTCCATATTT,0,4571839
ybaY_predicted,0.045454545454545456,21,21,AGTGGAGTACATCTCTCAGC,0,4570070
ybaY_predicted,0.045454545454545456,21,21,AGTGAGCACGGGCTTGTACT,0,4588202
ybaY_predicted,0.045454545454545456,21,21,AGGTCCTCAACTGCTCGACT,0,4560706
ybaY_predicted,0.045454545454545456,21,21,AGGCGAGCTTTGCCGTTCGT,0,4547277
ybaY_predicted,0.045454545454545456,21,21,AGGATCGGACGCGCCATCGG,0,4552421
ybaY_predicted,0.045454545454545456,21,21,AGATGTGTCTAAAGGCCTTC,0,4578160
ybaY_predicted,0.045454545454545456,21,21,AGAGTGATTTTTTCGCAACG,0,4577554
ybaY_predicted,0.045454545454545456,21,21,ACTCTCGTGGGAGTAGCGCA,0,4591376
ybaY_predicted,0.045454545454545456,21,21,ACTAATGAGATAAACGGTTA,0,4556103
ybaY_predicted,0.045454545454545456,21,21,ACGGATTCGAGAAATCGATC,0,4597244
ybaY_predicted,0.045454545454545456,21,21,ACGAGTTATCCGTTAGGGAC,0,4587365
ybaY_predicted,0.045454545454545456,21,21,ACGAATGAAACGCAGTGAGA,0,4570693
ybaY_predicted,0.045454545454545456,21,21,ACCCACCGGACCGTGTGTGA,0,4565085
ybaY_predicted,0.045454545454545456,21,21,AATGCTTGTGGCTGACGCAA,0,4546229
ybaY_predicted,0.045454545454545456,21,21,AATAGTGATATTCATGTAGT,0,4589555
ybaY_predicted,0.045454545454545456,21,21,AAGGCCTTCATGGTGAGGGA,0,4569086
ybaY_predicted,0.045454545454545456,21,21,AAGCAGGATAGGAGATTCGT,0,4599988
ybaY_predicted,0.045454545454545456,21,21,AACGTAAAGTAGGTTGGCAT,0,4576393
ybaY_predicted,0.045454545454545456,21,21,AACCATCTCTGGCTCTCTTC,0,4562462
ybaY_predicted,0.045454545454545456,21,21,AAATGTGAATGAATGATTCA,0,4571534
ybaY_predicted,0.047619047619047616,20,20,TTGTCGAAGGTAGAAGAGTA,0,4590829
ybaY_predicted,0.047619047619047616,20,20,TTGATAACCACGCTGGATCA,0,4600030
ybaY_predicted,0.047619047619047616,20,20,TTCCGGGAACCTGATAACCA,0,4586532
ybaY_predicted,0.047619047619047616,20,20,TTAACCCCTGTCAGCCGGAG,0,4579009
ybaY_predicted,0.047619047619047616,20,20,TGTATGTGGTCCGTAGTACA,0,4568430
ybaY_predicted,0.047619047619047616,20,20,TGGTATTCCAGAAACTGGAA,0,4587243
ybaY_predicted,0.047619047619047616,20,20,TGGGTGCAGAGGTATCACCA,0,4556584
ybaY_predicted,0.047619047619047616,20,20,TGGATAACGACTTCGTGGGT,0,4583962
ybaY_predicted,0.047619047619047616,20,20,TGGAACCTTGCCGGATAATT,0,4544734
ybaY_predicted,0.047619047619047616,20,20,TGCTCGCTAACAGAAAGACA,0,4596103
ybaY_predicted,0.047619047619047616,20,20,TGCTAAGGATCGAAGCTGAA,0,4578916
ybaY_predicted,0.047619047619047616,20,20,TGCAAACGCCGCACAGCTCT,0,4557316
ybaY_predicted,0.047619047619047616,20,20,TGACGACCGGATGGACGAAC,0,4579395
ybaY_predicted,0.047619047619047616,20,20,TCTTGGAAATCAAAGCCATT,0,4574648
ybaY_predicted,0.047619047619047616,20,20,TCTGCAGTGAGAGAAGGTAT,0,4557824
ybaY_predicted,0.047619047619047616,20,20,TCTGAGCGGTATGGAATACG,0,4578352
ybaY_predicted,0.047619047619047616,20,20,TCTCTTTGCGACGCCTGCAG,0,4545693
ybaY_predicted,0.047619047619047616,20,20,TCGTTCCGCACTGCCGTTAC,0,4587562
ybaY_predicted,0.047619047619047616,20,20,TCGCCCCGGCTTAGTAAAGT,0,4557744
ybaY_predicted,0.047619047619047616,20,20,TCCGACAGCTCTGTGTCGGT,0,4581691
ybaY_predicted,0.047619047619047616,20,20,TCATATAATCAGGGTCCGGT,0,4561732
ybaY_predicted,0.047619047619047616,20,20,TATTTGCTACAAGCGAAGCC,0,4568037
ybaY_predicted,0.047619047619047616,20,20,TATACGGTTTGCTATTTGTG,0,4550991
ybaY_predicted,0.047619047619047616,20,20,TAGCGTCCCAATGCCAGGGT,0,4545635
ybaY_predicted,0.047619047619047616,20,20,TACTGGAGGGGCTATAAAAA,0,4576011
ybaY_predicted,0.047619047619047616,20,20,TACGTCATTGGCGTGCCATT,0,4580723
ybaY_predicted,0.047619047619047616,20,20,TAATGGTTGCCGGGGGGCAA,0,4548452
ybaY_predicted,0.047619047619047616,20,20,TAAATGTTGTTCCAGGACGT,0,4575842
ybaY_predicted,0.047619047619047616,20,20,GTGGTTAATGACGCACCGGG,0,4564008
ybaY_predicted,0.047619047619047616,20,20,GTGATCTCGCGTATAGGAAG,0,4564236
ybaY_predicted,0.047619047619047616,20,20,GTCTTTATCGTGATGATATT,0,4584917
ybaY_predicted,0.047619047619047616,20,20,GTCTTACTCACAAGGCTCGG,0,4577384
ybaY_predicted,0.047619047619047616,20,20,GTCTACAGGCTACTGTTCGG,0,4570901
ybaY_predicted,0.047619047619047616,20,20,GTCGAGTACCACGCCCTGGT,0,4547952
ybaY_predicted,0.047619047619047616,20,20,GTCGAAGACCACATCGTATT,0,4595489
ybaY_predicted,0.047619047619047616,20,20,GTAGTACGTATTAGGAATGA,0,4554288
ybaY_predicted,0.047619047619047616,20,20,GGGGTCACAGCGTCCGTTAA,0,4546777
ybaY_predicted,0.047619047619047616,20,20,GGCGTTAACAAGGTGAGCTA,0,4584709
ybaY_predicted,0.047619047619047616,20,20,GGCGCGGAAAAATGTATACC,0,4589193
ybaY_predicted,0.047619047619047616,20,20,GGATGGCGAGGTGTCTGTAA,0,4571999
ybaY_predicted,0.047619047619047616,20,20,GGAGGGGGGCCAATCTCATC,0,4569429
ybaY_predicted,0.047619047619047616,20,20,GGAGCTTGGCTTCGAATAGG,0,4559693
ybaY_predicted,0.047619047619047616,20,20,GGAACATGGTATAGGCTGAA,0,4560530
ybaY_predicted,0.047619047619047616,20,20,GCTTTTCACAATACGCGAAG,0,4546527
ybaY_predicted,0.047619047619047616,20,20,GCTGGTTCGTCTGCCTTGCT,0,4598341
ybaY_predicted,0.047619047619047616,20,20,GCTGCCAGGTACAGTAGAAC,0,4581012
ybaY_predicted,0.047619047619047616,20,20,GCTCCAGAACTGTCCGGGTG,0,4544331
ybaY_predicted,0.047619047619047616,20,20,GCTCACGATTTGATGGTGAA,0,4564495
ybaY_predicted,0.047619047619047616,20,20,GCTAGGCCGTATTTCGACTG,0,4545608
ybaY_predicted,0.047619047619047616,20,20,GCGTGAGAATCATGTATTGC,0,4577251
ybaY_predicted,0.047619047619047616,20,20,GCGGCATGAGAGGTCGGATC,0,4551312
ybaY_predicted,0.047619047619047616,20,20,GCCTGGGATGCGCCTTGTGA,0,4577836
ybaY_predicted,0.047619047619047616,20,20,GCCCTGGTCGAGCAACCATA,0,4561518
ybaY_predicted,0.047619047619047616,20,20,GCCATGGGAGATAAACTTTG,0,4587892
ybaY_predicted,0.047619047619047616,20,20,GCCAAGCGCCTGCATAGGGA,0,4583637
ybaY_predicted,0.047619047619047616,20,20,GCAATCTGATCCCGTGGTAT,0,4575491
ybaY_predicted,0.047619047619047616,20,20,GATTCGCTTGCACGACACTC,0,4587411
ybaY_predicted,0.047619047619047616,20,20,GATGCCTACGCCGTTAGAGT,0,4549910
ybaY_predicted,0.047619047619047616,20,20,GATCTATGAGACATCAGCAG,0,4596153
ybaY_predicted,0.047619047619047616,20,20,GATCGAATGTTTTCATCTGA,0,4545094
ybaY_predicted,0.047619047619047616,20,20,GATCCACGGAAGTCTCCTCA,0,4593522
ybaY_predicted,0.047619047619047616,20,20,GATATCGTTGGCATTACCGT,0,4560446
ybaY_predicted,0.047619047619047616,20,20,GAGCCTGGTAACTGCATCGT,0,4551005
ybaY_predicted,0.047619047619047616,20,20,GAGCCGTAACTTTAGTCTCT,0,4548912
ybaY_predicted,0.047619047619047616,20,20,GAGAATGGGATATTGTCTCA,0,4596567
ybaY_predicted,0.047619047619047616,20,20,GACTCACCCGCCCGGCCCAC,0,4573353
ybaY_predicted,0.047619047619047616,20,20,GAAGGGATTAGACGTAATTA,0,4585836
ybaY_predicted,0.047619047619047616,20,20,GAACTTTGGAGGACCACCTA,0,4582065
ybaY_predicted,0.047619047619047616,20,20,CTTGTATAACCGGGTGCACA,0,4594469
ybaY_predicted,0.047619047619047616,20,20,CTGTGGGATTGAGAAACTTT,0,4549332
ybaY_predicted,0.047619047619047616,20,20,CTGTAGTGGCTTTCTGTATC,0,4596372
ybaY_predicted,0.047619047619047616,20,20,CTCATTGAACATAGCTCGAT,0,4590866
ybaY_predicted,0.047619047619047616,20,20,CGTCTAAATGTAAAGGCATG,0,4557529
ybaY_predicted,0.047619047619047616,20,20,CGTCAGGGTATCCCATACAA,0,4591263
ybaY_predicted,0.047619047619047616,20,20,CGTAGGAGATGTCGATTGCA,0,4571228
ybaY_predicted,0.047619047619047616,20,20,CGTAGAGCGCGGAGACAACA,0,4557510
ybaY_predicted,0.047619047619047616,20,20,CGTAACGCTGACGCATCTGT,0,4550695
ybaY_predicted,0.047619047619047616,20,20,CGGGTACAGAGTCAGACAGC,0,4592517
ybaY_predicted,0.047619047619047616,20,20,CGGGCACGGCCTGGAGCATG,0,4596267
ybaY_predicted,0.047619047619047616,20,20,CGGCCCCGTGACTTTCTAAC,0,4550864
ybaY_predicted,0.047619047619047616,20,20,CGCTTGTGCAAGTCATTCTG,0,4545461
ybaY_predicted,0.047619047619047616,20,20,CGCGCGTTTCGGCTAGTTGT,0,4585968
ybaY_predicted,0.047619047619047616,20,20,CGATCCGTCAATAGATGGTG,0,4594930
ybaY_predicted,0.047619047619047616,20,20,CCTCGGGGTGCATCATCAAT,0,4581334
ybaY_predicted,0.047619047619047616,20,20,CCTCCGGAGGGCGCTATTTC,0,4544989
ybaY_predicted,0.047619047619047616,20,20,CCTAGGGTCGTGGTACAAGA,0,4562290
ybaY_predicted,0.047619047619047616,20,20,CCTAGCTGAGCGGATAGCAG,0,4549605
ybaY_predicted,0.047619047619047616,20,20,CCCCTGGAGAACCTATGTTC,0,4553110
ybaY_predicted,0.047619047619047616,20,20,CCCATCCATAGGCTTTGATA,0,4544423
ybaY_predicted,0.047619047619047616,20,20,CCATTCTCCGTGTATCGTAG,0,4561541
ybaY_predicted,0.047619047619047616,20,20,CATGATGCTCACGACCTGTC,0,4548036
ybaY_predicted,0.047619047619047616,20,20,CAGTCACCCATCCGGTCAAA,0,4555209
ybaY_predicted,0.047619047619047616,20,20,CAGGATCTGTCCCCTTTCCA,0,4570595
ybaY_predicted,0.047619047619047616,20,20,CACTGAACGTTCTGTAGAAT,0,4599230
ybaY_predicted,0.047619047619047616,20,20,CACGAGGACTTTTTTGTTGG,0,4597952
ybaY_predicted,0.047619047619047616,20,20,CAACTCCGGGTCCACATCTT,0,4588622
ybaY_predicted,0.047619047619047616,20,20,CAAATCATGCCCTCCTGGTA,0,4547576
ybaY_predicted,0.047619047619047616,20,20,ATTTAAGGACTATTTGGACG,0,4561427
ybaY_predicted,0.047619047619047616,20,20,ATTATAGATCGATTCTGGTT,0,4589433
ybaY_predicted,0.047619047619047616,20,20,ATTAAGCCTGGGGCTCCATT,0,4560782
ybaY_predicted,0.047619047619047616,20,20,ATGGTCCAAGCGCCTGGCCG,0,4568566
ybaY_predicted,0.047619047619047616,20,20,ATCGTTCGTCTCTTAGATGA,0,4560858
ybaY_predicted,0.047619047619047616,20,20,ATCCTAGCCTACCAAAGGTA,0,4571082
ybaY_predicted,0.047619047619047616,20,20,ATCCTACGTGACCACTGGAC,0,4562349
ybaY_predicted,0.047619047619047616,20,20,ATATCCGTCTCTTAGAGAAT,0,4551585
ybaY_predicted,0.047619047619047616,20,20,ATAGGTCCGACACAGCAAAC,0,4592177
ybaY_predicted,0.047619047619047616,20,20,ATAGGAGACAAACCCGCCAA,0,4554556
ybaY_predicted,0.047619047619047616,20,20,ATAGCATTCACGGACACCCG,0,4593652
ybaY_predicted,0.047619047619047616,20,20,ATAGCATGTTGCAGGGCCTA,0,4600486
ybaY_predicted,0.047619047619047616,20,20,ATACTTGAGTCTCCAATCCT,0,4554074
ybaY_predicted,0.047619047619047616,20,20,ATACCATCGTCATGCAGTAA,0,4597700
ybaY_predicted,0.047619047619047616,20,20,ATAAGACGCTACTTAATTTA,0,4582162
ybaY_predicted,0.047619047619047616,20,20,AGTGGCGAGCTCTTCATCGA,0,4565508
ybaY_predicted,0.047619047619047616,20,20,AGTAAAATAGATTGTGTTCT,0,4556161
ybaY_predicted,0.047619047619047616,20,20,AGGATCTCAGGTAGCAACTA,0,4576138
ybaY_predicted,0.047619047619047616,20,20,AGGAACAAATTTAAATCTCA,0,4563185
ybaY_predicted,0.047619047619047616,20,20,AGACAGGAATTGTCATGCGT,0,4568412
ybaY_predicted,0.047619047619047616,20,20,AGAAGTGGCTTCTCAGGGAG,0,4572702
ybaY_predicted,0.047619047619047616,20,20,ACTTTATTTTACGGCTGGGG,0,4552825
ybaY_predicted,0.047619047619047616,20,20,ACTGCGGGGATTCCGCCAGC,0,4563086
ybaY_predicted,0.047619047619047616,20,20,ACTGAGGACAGATAGATAAC,0,4593564
ybaY_predicted,0.047619047619047616,20,20,ACGTTCTGGCAGGAACTGGT,0,4568979
ybaY_predicted,0.047619047619047616,20,20,ACGGTCTAGCGCTATGGGCG,0,4552140
ybaY_predicted,0.047619047619047616,20,20,ACCTGCTGTCAGATTCATCG,0,4581474
ybaY_predicted,0.047619047619047616,20,20,ACCCTCGTACGTAAGGATTT,0,4546745
ybaY_predicted,0.047619047619047616,20,20,ACATTTTTGCACCAGTTGAT,0,4554693
ybaY_predicted,0.047619047619047616,20,20,ACATTCCTCCTTTGGAAAGG,0,4586775
ybaY_predicted,0.047619047619047616,20,20,ACAGCGCTGGGACCTGAGCG,0,4555141
ybaY_predicted,0.047619047619047616,20,20,ACACACTGGGCGGCTATCTA,0,4567824
ybaY_predicted,0.047619047619047616,20,20,ACAAGCAGTTTGCCTATGCA,0,4583902
ybaY_predicted,0.047619047619047616,20,20,AATTCCCTATTTTACCGCCC,0,4585014
ybaY_predicted,0.047619047619047616,20,20,AAGTCGATCAGTGTGGGCGT,0,4550496
ybaY_predicted,0.047619047619047616,20,20,AAGGGGTTCCGCGGAAAAAC,0,4589286
ybaY_predicted,0.047619047619047616,20,20,AAGCTCAGTAGGTCTCAACA,0,4545674
ybaY_predicted,0.047619047619047616,20,20,AAGCCCCTTGCGCGGCTCCC,0,4555135
ybaY_predicted,0.047619047619047616,20,20,AACTCTGCGAGTGTCATTTA,0,4562765
ybaY_predicted,0.047619047619047616,20,20,AACGTTCATCATGTGTCATC,0,4597875
ybaY_predicted,0.047619047619047616,20,20,AACGAACTACTATGTAAATT,0,4577732
ybaY_predicted,0.047619047619047616,20,20,AACCCGCCCAGGGAGCCCCC,0,4584360
ybaY_predicted,0.047619047619047616,20,20,AACATGCGACGGTGCATCAT,0,4558269
ybaY_predicted,0.047619047619047616,20,20,AAATGAGGACGGCTGAAGAA,0,4574604
ybaY_predicted,0.047619047619047616,20,20,AAATCGCCATGTCTTCGTGA,0,4598787
ybaY_predicted,0.047619047619047616,20,20,AAAGTGGTGTTCTGGAAATC,0,4554009
ybaY_predicted,0.05,19,19,TTTTAATTGAGTTGTGTTTA,0,4559634
ybaY_predicted,0.05,19,19,TTTCGAGACGCTTAACGTGT,0,4552812
ybaY_predicted,0.05,19,19,TTGGTGACGGACGGAGAAAT,0,4583820
ybaY_predicted,0.05,19,19,TTGGGAAATGTCAGAAGCAT,0,4584075
ybaY_predicted,0.05,19,19,TTCGTCGGAATACACAGCCG,0,4563817
ybaY_predicted,0.05,19,19,TTCCCCACTGGAAAGCCAGG,0,4573902
ybaY_predicted,0.05,19,19,TTCCATCATTACAGCATAGA,0,4550174
ybaY_predicted,0.05,19,19,TTCATAAAGGGGACTTAACA,0,4580747
ybaY_predicted,0.05,19,19,TTCACCCGGTTGCTATCTTT,0,4565181
ybaY_predicted,0.05,19,19,TTACGTTCAACGCTTTCGCT,0,4577170
ybaY_predicted,0.05,19,19,TGTGAACGTAAAGCCATATA,0,4578876
ybaY_predicted,0.05,19,19,TGTCCTCTACATCTATTGGG,0,4577446
ybaY_predicted,0.05,19,19,TGTCACAAGCCAACTCGTGT,0,4582275
ybaY_predicted,0.05,19,19,TGGGTGATAACTTAGGCACG,0,4599374
ybaY_predicted,0.05,19,19,TGGCGACGTTCGGGAAAAAG,0,4561248
ybaY_predicted,0.05,19,19,TGGCCTCCGAACCGTGAGAT,0,4589949
ybaY_predicted,0.05,19,19,TGGCCTATCGGGTGAAAGCT,0,4569168
ybaY_predicted,0.05,19,19,TGGAGCTTGTTTTACCTTGG,0,4588079
ybaY_predicted,0.05,19,19,TGCTTTTAACCATGTCCGCA,0,4556577
ybaY_predicted,0.05,19,19,TGCACCAGTATTTAGGAATT,0,4589449
ybaY_predicted,0.05,19,19,TGAGATGTGGGTCCGTTTTC,0,4564881
ybaY_predicted,0.05,19,19,TGAATCTCTTATTCTTGCGC,0,4573366
ybaY_predicted,0.05,19,19,TCTGTTTGAGCATATTTAAT,0,4587797
ybaY_predicted,0.05,19,19,TCTGGGGTCAATGCGAATTA,0,4581992
ybaY_predicted,0.05,19,19,TCTGCCGAGAATACCCTTTA,0,4586875
ybaY_predicted,0.05,19,19,TCGGTCTACGCACATATTAA,0,4592219
ybaY_predicted,0.05,19,19,TCGGTCAAAACGCCGATATA,0,4573696
ybaY_predicted,0.05,19,19,TCCAGCAAAACCTAACCCGA,0,4577971
ybaY_predicted,0.05,19,19,TCCACCTGTGCGTGACACGT,0,4554410
ybaY_predicted,0.05,19,19,TCAAGTCTATGGTTCCATTA,0,4578298
ybaY_predicted,0.05,19,19,TATCTGGCTCTCTTACCAGA,0,4545433
ybaY_predicted,0.05,19,19,TATCTATTGCGGTCTAGGGT,0,4575147
ybaY_predicted,0.05,19,19,TACCGTGGCGCATGCAGAAA,0,4549891
ybaY_predicted,0.05,19,19,TACAGGGGTGCGACAAGTCC,0,4578553
ybaY_predicted,0.05,19,19,TACAATTCGGCCTGACACAC,0,4595810
ybaY_predicted,0.05,19,19,TAATTGTCGGAGGACGGTAT,0,4582672
ybaY_predicted,0.05,19,19,GTTTTAGTCACAGTAAGCCC,0,4588355
ybaY_predicted,0.05,19,19,GTTCTAGTTCTTTGTTGTAT,0,4566802
ybaY_predicted,0.05,19,19,GTTCGGTACTCCAGATCTTC,0,4563876
ybaY_predicted,0.05,19,19,GTTCGGCAGTGAGTTCCGGC,0,4572482
ybaY_predicted,0.05,19,19,GTTAGTACACAAGGGTCCGG,0,4547751
ybaY_predicted,0.05,19,19,GTGTACCCTGAGTATGGGAT,0,4577420
ybaY_predicted,0.05,19,19,GTGGTGCACCCCAAATGTAA,0,4575070
ybaY_predicted,0.05,19,19,GTGGTCCTTAGTACCAGAAG,0,4582782
ybaY_predicted,0.05,19,19,GTCCCGTTAGCCGGTGTGCA,0,4583163
ybaY_predicted,0.05,19,19,GTCATTGATCCCTGAGAACC,0,4577887
ybaY_predicted,0.05,19,19,GTCAACAGGTGTATTCTGTT,0,4544820
ybaY_predicted,0.05,19,19,GTATCAAATGGTTCTAGGGT,0,4552509
ybaY_predicted,0.05,19,19,GGTGATTCATCGTATGAGGG,0,4571836
ybaY_predicted,0.05,19,19,GGAGATCATCAACGGATGAT,0,4582569
ybaY_predicted,0.05,19,19,GGACAAGTATAAATGGCTGA,0,4563175
ybaY_predicted,0.05,19,19,GCTGAGTAAAGAGTGGGTGT,0,4552669
ybaY_predicted,0.05,19,19,GCTAGCTTAAGAGTGTCCTC,0,4583859
ybaY_predicted,0.05,19,19,GCGGACCTAAGAACTGTACT,0,4559152
ybaY_predicted,0.05,19,19,GCGACGGAGGCACAGGCATA,0,4568477
ybaY_predicted,0.05,19,19,GCCTCCCATGCGGGACCAAA,0,4587164
ybaY_predicted,0.05,19,19,GCATCACATCAAAATTCCGG,0,4555756
ybaY_predicted,0.05,19,19,GCATAGACTACAGCAGTATA,0,4573621
ybaY_predicted,0.05,19,19,GCAGCCGGGTTGGTCTTTAA,0,4577509
ybaY_predicted,0.05,19,19,GATACTTATGCATAGACCGT,0,4570029
ybaY_predicted,0.05,19,19,GAGGTGGCATAGAAAAGTGG,0,4588319
ybaY_predicted,0.05,19,19,GAGGGCCTAGAAATTCCGGC,0,4592127
ybaY_predicted,0.05,19,19,GACGAGAAGCAAAACGGAAT,0,4549829
ybaY_predicted,0.05,19,19,GACCGTGTTTCACTGAGGAG,0,4590360
ybaY_predicted,0.05,19,19,GACAACAAAGGCAAATTAAG,0,4571097
ybaY_predicted,0.05,19,19,GAATCGCGAGGACCCCGAGG,0,4570876
ybaY_predicted,0.05,19,19,GAAGACGACCCATGGGTAAT,0,4590746
ybaY_predicted,0.05,19,19,GAAAGGGGCTTGCCGTGCTG,0,4553385
ybaY_predicted,0.05,19,19,CTTGAACACTATCAGAGCTC,0,4570867
ybaY_predicted,0.05,19,19,CTTAAGGCGCTTCTGCGCGC,0,4592209
ybaY_predicted,0.05,19,19,CTGCGTGCTTGGTCTATGTA,0,4547959
ybaY_predicted,0.05,19,19,CTGCGGGATGACGAGTGGAG,0,4596824
ybaY_predicted,0.05,19,19,CTCTTTGGCGAGGTCTTTGC,0,4588573
ybaY_predicted,0.05,19,19,CTATTATCGGCCCACCGCGC,0,4561836
ybaY_predicted,0.05,19,19,CTATGTCACAACATTTGTAT,0,4579591
ybaY_predicted,0.05,19,19,CGTTGGTGTGAGCACCCTGC,0,4581550
ybaY_predicted,0.05,19,19,CGTCATTGGGGGGGATGTCA,0,4572682
ybaY_predicted,0.05,19,19,CGGGCATGTTAAGAGGCTTT,0,4569032
ybaY_predicted,0.05,19,19,CGGGAGAACCGTCAACAACT,0,4576798
ybaY_predicted,0.05,19,19,CGGCTGGAATTCACAGTGCA,0,4572590
ybaY_predicted,0.05,19,19,CGGAAATTGAACCTAGGCGT,0,4574718
ybaY_predicted,0.05,19,19,CGCTACCTTTAGATGCCACC,0,4590434
ybaY_predicted,0.05,19,19,CGCGGCTGTCATAGGCCGGT,0,4550507
ybaY_predicted,0.05,19,19,CGAGACGGAGGGAGTCTCCC,0,4561410
ybaY_predicted,0.05,19,19,CGAAAAGAATACCCATATAT,0,4546491
ybaY_predicted,0.05,19,19,CCTTCTACGGATTAGTATCG,0,4587867
ybaY_predicted,0.05,19,19,CCTGTCTGCCATCGGTATGC,0,4571990
ybaY_predicted,0.05,19,19,CCTACGGCTTGGCGTTGCAA,0,4600134
ybaY_predicted,0.05,19,19,CCGAGGTATAACAAAAAGGC,0,4570959
ybaY_predicted,0.05,19,19,CCCAAGGCGCACCTCGCCGC,0,4558509
ybaY_predicted,0.05,19,19,CCCAAGGCCCAGATATTCAC,0,4585133
ybaY_predicted,0.05,19,19,CCAGGACTCCCTGCGAGCGT,0,4588548
ybaY_predicted,0.05,19,19,CCAGCGTCGTGTTGACTCTT,0,4590297
ybaY_predicted,0.05,19,19,CCACCTTGGCGGACGACACA,0,4566386
ybaY_predicted,0.05,19,19,CATAGTAAAGTAGTTCCAAG,0,4548406
ybaY_predicted,0.05,19,19,CATAACGTGCCCGTCTCCCC,0,4580013
ybaY_predicted,0.05,19,19,CAGGGAATTTTGACTGCGGC,0,4551448
ybaY_predicted,0.05,19,19,CAGGAGCGACGTCTCAAGGA,0,4569153
ybaY_predicted,0.05,19,19,CAGCATTCAGCTATCACTGA,0,4591427
ybaY_predicted,0.05,19,19,CAGATTTAAACAGGCGTCAA,0,4564780
ybaY_predicted,0.05,19,19,CACCTCGTTCAAGGTCGTCA,0,4591266
ybaY_predicted,0.05,19,19,CACACCGTTCTACAACGAAA,0,4583986
ybaY_predicted,0.05,19,19,CAATCGGACATAACTTCACG,0,4549070
ybaY_predicted,0.05,19,19,ATTAGTACTATACAGTTGCA,0,4549604
ybaY_predicted,0.05,19,19,ATGGTCCTCTAGGAGAACGT,0,4567242
ybaY_predicted,0.05,19,19,ATGAGCCCGGTTCATAGCTG,0,4560821
ybaY_predicted,0.05,19,19,ATCTAAAACGGAAATAGCTA,0,4583322
ybaY_predicted,0.05,19,19,ATCCCGTGTTTCACCTCAGA,0,4546232
ybaY_predicted,0.05,19,19,AGTGGCATAGCTCGCTGGCA,0,4593664
ybaY_predicted,0.05,19,19,AGTCTCTTCTACTAGAATCG,0,4563930
ybaY_predicted,0.05,19,19,AGGGGTGTTAACCCTTCTCG,0,4574937
ybaY_predicted,0.05,19,19,AGGGATCCCTTTGGCCTTTT,0,4567281
ybaY_predicted,0.05,19,19,AGGCGGGTAGGGGCTAGTAC,0,4583817
ybaY_predicted,0.05,19,19,AGCCTGCGACGCGCGTGACA,0,4580437
ybaY_predicted,0.05,19,19,AGCATTGAGTTTTGCGACAA,0,4595044
ybaY_predicted,0.05,19,19,AGCACATCGCGACGAAGGAT,0,4568564
ybaY_predicted,0.05,19,19,ACTCTGGTCATCCAAGTATC,0,4597289
ybaY_predicted,0.05,19,19,ACTCCCTACCGAGCATCAAG,0,4593457
ybaY_predicted,0.05,19,19,ACTCATGAGGACTCACTGAT,0,4549893
ybaY_predicted,0.05,19,19,ACTATGTCCACTCCCGGCTC,0,4579581
ybaY_predicted,0.05,19,19,ACTACTGGCTTATTGTCCAA,0,4560087
ybaY_predicted,0.05,19,19,ACGCACGGTTTGGTCTGGAG,0,4569938
ybaY_predicted,0.05,19,19,ACCGTGCAAAATAGCACCAG,0,4562261
ybaY_predicted,0.05,19,19,ACCGTCAAGTACCAGAAAAC,0,4588121
ybaY_predicted,0.05,19,19,ACAACGCTTTCGCTCGTTTG,0,4555400
ybaY_predicted,0.05,19,19,AATTTCATACCCTCAGCCTG,0,4584329
ybaY_predicted,0.05,19,19,AATCTGTACTAGGCGAGGAC,0,4553575
ybaY_predicted,0.05,19,19,AATCTCGGCTCTGCAGGTCT,0,4550860
ybaY_predicted,0.05,19,19,AAGGCATTAGCAGTAAGCAG,0,4600265
ybaY_predicted,0.05,19,19,AACTTCGCAGGTACGCGATC,0,4544702
ybaY_predicted,0.05,19,19,AACATCTCCCTCCGCGGTAC,0,4559732
ybaY_predicted,0.05,19,19,AAAACTGCTGAGAGCGATTG,0,4568693
ybaY_predicted,0.05,19,19,AAAAACTGTACTGTCTGTAT,0,4554256
ybaY_predicted,0.05263157894736842,18,18,TTTTAGCTGGTGCACCACCA,0,4572952
ybaY_predicted,0.05263157894736842,18,18,TTTCTGGTCCGCTGCGTCGC,0,4578391
ybaY_predicted,0.05263157894736842,18,18,TTTCATCCCTGCCAGGCATG,0,4556211
ybaY_predicted,0.05263157894736842,18,18,TTTAATGAGTTCGACATTGT,0,4591373
ybaY_predicted,0.05263157894736842,18,18,TTGTCATCGCCGAGCCTCCC,0,4570122
ybaY_predicted,0.05263157894736842,18,18,TTGTAAGTGGTCATTCCCAA,0,4571308
ybaY_predicted,0.05263157894736842,18,18,TTGGTGAAACAAACGCGCAA,0,4550019
ybaY_predicted,0.05263157894736842,18,18,TTGGAAGTCTCGTCGGACGC,0,4576257
ybaY_predicted,0.05263157894736842,18,18,TTGCTACAAGCTCGGTTGTG,0,4577252
ybaY_predicted,0.05263157894736842,18,18,TTGCGATATGGGGCGACAAG,0,4547974
ybaY_predicted,0.05263157894736842,18,18,TTGCCGTCGCTGAGGCGGAC,0,4592665
ybaY_predicted,0.05263157894736842,18,18,TTGCCATCCTAATTACATGT,0,4577560
ybaY_predicted,0.05263157894736842,18,18,TTGCATCAGCGCTGCACTCA,0,4574500
ybaY_predicted,0.05263157894736842,18,18,TTATCCGCTATACGGTAGTA,0,4598796
ybaY_predicted,0.05263157894736842,18,18,TTACTCGTGGATGTGGGAGA,0,4566136
ybaY_predicted,0.05263157894736842,18,18,TTAACTAAAGTTGCACGACA,0,4559797
ybaY_predicted,0.05263157894736842,18,18,TTAACACAGTTTAAGTGCGG,0,4577880
ybaY_predicted,0.05263157894736842,18,18,TTAAAGCCAAATTACATGTC,0,4577578
ybaY_predicted,0.05263157894736842,18,18,TGTTTACGCCTGAATATGCC,0,4582005
ybaY_predicted,0.05263157894736842,18,18,TGTTGAACGACTGACCTGGT,0,4586531
ybaY_predicted,0.05263157894736842,18,18,TGGTCTGACCGCCATAGCCA,0,4573622
ybaY_predicted,0.05263157894736842,18,18,TGGCAACTAATATAGCATTC,0,4553799
ybaY_predicted,0.05263157894736842,18,18,TGCTTCTAAGCATGGGGAGC,0,4563161
ybaY_predicted,0.05263157894736842,18,18,TGCGGCGTAATGTGTGCTAT,0,4561168
ybaY_predicted,0.05263157894736842,18,18,TCTTGGGAGGGTTTGGCCAG,0,4591963
ybaY_predicted,0.05263157894736842,18,18,TCTTATTCAACCGCGGACCC,0,4551855
ybaY_predicted,0.05263157894736842,18,18,TCTGTATCATCTGATGTGAC,0,4590569
ybaY_predicted,0.05263157894736842,18,18,TCGTAGTTCTGCGCCCAAGC,0,4565581
ybaY_predicted,0.05263157894736842,18,18,TCGGGCTAGCGTATACGTTA,0,4545721
ybaY_predicted,0.05263157894736842,18,18,TCGCTCGAAGCCTCTTTTAT,0,4554200
ybaY_predicted,0.05263157894736842,18,18,TCCATTGGTTACTGCCCGAA,0,4545310
ybaY_predicted,0.05263157894736842,18,18,TCCAGGATTATAAGACCAAA,0,4589227
ybaY_predicted,0.05263157894736842,18,18,TCAGTAGTACGCGAAGATGA,0,4583891
ybaY_predicted,0.05263157894736842,18,18,TCACGGTTGGCCCTAGGGCA,0,4545490
ybaY_predicted,0.05263157894736842,18,18,TCACACCGGTTTTCAGAAAT,0,4594379
ybaY_predicted,0.05263157894736842,18,18,TCAAGGTTGAATTAGGCATA,0,4575698
ybaY_predicted,0.05263157894736842,18,18,TCAAACCGTCGTGGAAACAA,0,4566429
ybaY_predicted,0.05263157894736842,18,18,TATTTGCGCAGCAGAACACA,0,4567308
ybaY_predicted,0.05263157894736842,18,18,TATCGGCCTCAGCACCCAGT,0,4573161
ybaY_predicted,0.05263157894736842,18,18,TAGTGCCTAAGTGTCTGGGA,0,4573144
ybaY_predicted,0.05263157894736842,18,18,TAGCTCGTATTGTTTTACAT,0,4576867
ybaY_predicted,0.05263157894736842,18,18,TACTCAGGTATCGTGATACT,0,4563287
ybaY_predicted,0.05263157894736842,18,18,TACAAGGGTGGTCGCTACGA,0,4592512
ybaY_predicted,0.05263157894736842,18,18,TAAAACGTGATCTTCAGCTA,0,4561022
ybaY_predicted,0.05263157894736842,18,18,GTTTTTGTATCGGCTAGAAT,0,4570868
ybaY_predicted,0.05263157894736842,18,18,GTTGGGTGCAAAGCCGTGTC,0,4586991
ybaY_predicted,0.05263157894736842,18,18,GTTCCTGTCGGTCGACGGTC,0,4564667
ybaY_predicted,0.05263157894736842,18,18,GTCCGATCTGTGACGACCTG,0,4588755
ybaY_predicted,0.05263157894736842,18,18,GTCAACCGCAGCTTACGCTG,0,4580009
ybaY_predicted,0.05263157894736842,18,18,GTAGTTTCCGGAAATAAACC,0,4553190
ybaY_predicted,0.05263157894736842,18,18,GTAGTGTGCCCGGTTGGTGT,0,4559953
ybaY_predicted,0.05263157894736842,18,18,GTACCAATCATAGATTCGAT,0,4586770
ybaY_predicted,0.05263157894736842,18,18,GTAAGGCCATGTCTGGCCGC,0,4574437
ybaY_predicted,0.05263157894736842,18,18,GTAAGCGGGACTAATTCCAT,0,4559208
ybaY_predicted,0.05263157894736842,18,18,GGTTAAAGCCTGTGCTCATA,0,4581082
ybaY_predicted,0.05263157894736842,18,18,GGTGGGTCTGAGGGTTTTAT,0,4545478
ybaY_predicted,0.05263157894736842,18,18,GGTAGTTGTACGCTATCTGC,0,4590811
ybaY_predicted,0.05263157894736842,18,18,GGGTATACACGTCCCTTTAG,0,4557132
ybaY_predicted,0.05263157894736842,18,18,GGGATAGCCCCCAAGGTCTT,0,4595595
ybaY_predicted,0.05263157894736842,18,18,GGAGTGATTTAGTGTTCACG,0,4557807
ybaY_predicted,0.05263157894736842,18,18,GCTTCCAACGGGGACATGGT,0,4561104
ybaY_predicted,0.05263157894736842,18,18,GCTGTCCGCGTATTTTCGAA,0,4557033
ybaY_predicted,0.05263157894736842,18,18,GCGTAGTCTGCGTCGTCGGT,0,4548351
ybaY_predicted,0.05263157894736842,18,18,GCGGTTTCAAATTACTCTGG,0,4593914
ybaY_predicted,0.05263157894736842,18,18,GCCGCTACGATGCGCGTTCA,0,4549550
ybaY_predicted,0.05263157894736842,18,18,GCCCAGCATACAAGGACGGA,0,4548248
ybaY_predicted,0.05263157894736842,18,18,GCCAGGTTTCACCCAACGCT,0,4548068
ybaY_predicted,0.05263157894736842,18,18,GCCACGGAGTAATGGCATGA,0,4594484
ybaY_predicted,0.05263157894736842,18,18,GCATGAGCTCATTGGCATGA,0,4573979
ybaY_predicted,0.05263157894736842,18,18,GCAGAGCATGCGGTTCTAAT,0,4590426
ybaY_predicted,0.05263157894736842,18,18,GATGTGAAACACTGTAGCGT,0,4554487
ybaY_predicted,0.05263157894736842,18,18,GATGAATGACATGGGCAACC,0,4563976
ybaY_predicted,0.05263157894736842,18,18,GATCTGTCCCGCTAAGTGCG,0,4591812
ybaY_predicted,0.05263157894736842,18,18,GAGTTGCGAGAGTGTCACGA,0,4587615
ybaY_predicted,0.05263157894736842,18,18,GAGTAAAAGTAGCGCATCTA,0,4546137
ybaY_predicted,0.05263157894736842,18,18,GAGCGTTATTTCCAGAGACT,0,4581019
ybaY_predicted,0.05263157894736842,18,18,GACCGTGAACAAAGTCTGCG,0,4574112
ybaY_predicted,0.05263157894736842,18,18,GACCGCCCCACGAAGTCTAA,0,4572541
ybaY_predicted,0.05263157894736842,18,18,GACAGAGATTGCAAAGGTGG,0,4567930
ybaY_predicted,0.05263157894736842,18,18,GAATGTAAGTCCACTGTAAT,0,4567401
ybaY_predicted,0.05263157894736842,18,18,GAAGAACAGACAGGCACCGA,0,4566872
ybaY_predicted,0.05263157894736842,18,18,CTTTCCAGATGGGTACGCTC,0,4593329
ybaY_predicted,0.05263157894736842,18,18,CTTGGCAGGGGCTCAGGGAA,0,4593038
ybaY_predicted,0.05263157894736842,18,18,CTGGACATAGGCCAGGCAGG,0,4597243
ybaY_predicted,0.05263157894736842,18,18,CTGCGAGATGAATGTTATCG,0,4563708
ybaY_predicted,0.05263157894736842,18,18,CTGCCATTTGCGGGTTGCGT,0,4553978
ybaY_predicted,0.05263157894736842,18,18,CTGAACCGCGTCTTTGTTTA,0,4581311
ybaY_predicted,0.05263157894736842,18,18,CTCTGTCGCACGGGTGCTAC,0,4547938
ybaY_predicted,0.05263157894736842,18,18,CTCTGCCGATAACTACTCAT,0,4571051
ybaY_predicted,0.05263157894736842,18,18,CTCTATCTGCGAAGGGTCCA,0,4567859
ybaY_predicted,0.05263157894736842,18,18,CTCACTGGACATAGGGTGAC,0,4548417
ybaY_predicted,0.05263157894736842,18,18,CTAGAGTTCAAGGTAACGAA,0,4599890
ybaY_predicted,0.05263157894736842,18,18,CTAGACTTGATTACTGGCTT,0,4563277
ybaY_predicted,0.05263157894736842,18,18,CTAATAGTGTAGCCGCACTT,0,4586369
ybaY_predicted,0.05263157894736842,18,18,CGTCGTGGCGGCGACTGACA,0,4557786
ybaY_predicted,0.05263157894736842,18,18,CGTCGTCCGCAATAAATGCG,0,4554601
ybaY_predicted,0.05263157894736842,18,18,CGTCAGTTCATGGGCGACTC,0,4573249
ybaY_predicted,0.05263157894736842,18,18,CGGTGTAAGAGCTGAACTTT,0,4569619
ybaY_predicted,0.05263157894736842,18,18,CGGGGACCGTACGATTTTAA,0,4573556
ybaY_predicted,0.05263157894736842,18,18,CGCGGTTACGATTTGAATCT,0,4589809
ybaY_predicted,0.05263157894736842,18,18,CGATAGCGAGCTTCTGCACT,0,4599061
ybaY_predicted,0.05263157894736842,18,18,CGAATCCGGTGGCTAAGTTA,0,4598460
ybaY_predicted,0.05263157894736842,18,18,CGAAAGGGGTGTCTGCAGAC,0,4587359
ybaY_predicted,0.05263157894736842,18,18,CCTGGCTATTACACCTCTAA,0,4563525
ybaY_predicted,0.05263157894736842,18,18,CCGGAAGTATGACACGTACC,0,4574457
ybaY_predicted,0.05263157894736842,18,18,CCGCGATCATCCTCCAAGCT,0,4587982
ybaY_predicted,0.05263157894736842,18,18,CCGCCATCGATTGCAACAGA,0,4553099
ybaY_predicted,0.05263157894736842,18,18,CCGCACGGAAAAGGTTATGA,0,4568934
ybaY_predicted,0.05263157894736842,18,18,CCCGGCTGCAGCAAAATTTG,0,4595861
ybaY_predicted,0.05263157894736842,18,18,CCCCAGGGATCTCAACGTAC,0,4573914
ybaY_predicted,0.05263157894736842,18,18,CCAATCAGGTTCTGCGCAAC,0,4587981
ybaY_predicted,0.05263157894736842,18,18,CATGGAGCGTGTTATATACG,0,4591687
ybaY_predicted,0.05263157894736842,18,18,CAGTCCTCCCTGGTCCGCCA,0,4581775
ybaY_predicted,0.05263157894736842,18,18,CACTCTCTGTTTGACTAGGT,0,4575931
ybaY_predicted,0.05263157894736842,18,18,CACTCGCGTGTCTCCTGACA,0,4582460
ybaY_predicted,0.05263157894736842,18,18,CACTCAGATAGGGAATCCCA,0,4573195
ybaY_predicted,0.05263157894736842,18,18,CACATGCTTCAGCAGCGCCA,0,4556681
ybaY_predicted,0.05263157894736842,18,18,CACAGTAATCAATGATGGCT,0,4552515
ybaY_predicted,0.05263157894736842,18,18,ATTAAGACGGGTTTGATTGT,0,4594887
ybaY_predicted,0.05263157894736842,18,18,ATGGTGCACAGGGGTGGAAT,0,4544996
ybaY_predicted,0.05263157894736842,18,18,ATCTCGTGGGGTTCCCCGAA,0,4585630
ybaY_predicted,0.05263157894736842,18,18,ATCGTCGTTTTTGGTCTGTG,0,4583080
ybaY_predicted,0.05263157894736842,18,18,ATCGAATATACAACGCTTTC,0,4577719
ybaY_predicted,0.05263157894736842,18,18,ATCCCGTGGGGCCAGAATTT,0,4565260
ybaY_predicted,0.05263157894736842,18,18,ATCCCGGTCATAAGTTGGCG,0,4570435
ybaY_predicted,0.05263157894736842,18,18,ATCAAGCGAGCGGGCCGCTC,0,4560151
ybaY_predicted,0.05263157894736842,18,18,ATCAAGCCACATGGTAGGTG,0,4552042
ybaY_predicted,0.05263157894736842,18,18,ATCAACGCGTATTGCACCAG,0,4586840
ybaY_predicted,0.05263157894736842,18,18,ATATCGGGTACGTCATTCTA,0,4557707
ybaY_predicted,0.05263157894736842,18,18,ATAGAGGGATGTTCGAACCA,0,4585350
ybaY_predicted,0.05263157894736842,18,18,ATAATTGGGCTTGTGGATTG,0,4577413
ybaY_predicted,0.05263157894736842,18,18,ATAAGGCCGTACGCAGAAAT,0,4585964
ybaY_predicted,0.05263157894736842,18,18,ATAAAAACCTCTGTTCGTAG,0,4593444
ybaY_predicted,0.05263157894736842,18,18,AGTGGGGCCACACTGAGGCG,0,4555547
ybaY_predicted,0.05263157894736842,18,18,AGTCCTGGTACGTCAGGGGA,0,4556849
ybaY_predicted,0.05263157894736842,18,18,AGTAGGCGTTCGCTACTGCA,0,4564870
ybaY_predicted,0.05263157894736842,18,18,AGGGAGTGTGCCTTCAGCGC,0,4577110
ybaY_predicted,0.05263157894736842,18,18,AGGATGCAACTTTTGCCGTC,0,4557242
ybaY_predicted,0.05263157894736842,18,18,AGGACGTGGAACATATTATG,0,4585610
ybaY_predicted,0.05263157894736842,18,18,AGCGTTGTGCAACTGTACTG,0,4550386
ybaY_predicted,0.05263157894736842,18,18,AGCAATTCGTCCAGATGAGC,0,4575738
ybaY_predicted,0.05263157894736842,18,18,AGAGGGGTCTTGAGGATTGA,0,4559633
ybaY_predicted,0.05263157894736842,18,18,AGACGCGAATCGGCTGTGCG,0,4573592
ybaY_predicted,0.05263157894736842,18,18,ACTAAGTTTTCCCGCCTGAC,0,4556236
ybaY_predicted,0.05263157894736842,18,18,ACGGTAAGTCAAAGTAAGAT,0,4583829
ybaY_predicted,0.05263157894736842,18,18,ACGGCGACAATACCTGTTTT,0,4544842
ybaY_predicted,0.05263157894736842,18,18,ACCCTTTGGCTGGTGTGAAC,0,4583856
ybaY_predicted,0.05263157894736842,18,18,ACATTGTACGCTGTGTTTGT,0,4550861
ybaY_predicted,0.05263157894736842,18,18,ACATCTGGGACGGCGTAGAC,0,4571363
ybaY_predicted,0.05263157894736842,18,18,ACAGGTGCGAATGCATGTGT,0,4544794
ybaY_predicted,0.05263157894736842,18,18,AAGCCACGCGCATTGTCTTT,0,4551446
ybaY_predicted,0.05263157894736842,18,18,AAGAGTTGTAGTTGGCTTAA,0,4548995
ybaY_predicted,0.05263157894736842,18,18,AACCGGTCGCTAATGCATGT,0,4592697
ybaY_predicted,0.05263157894736842,18,18,AACATCCTTATGTGGAAAAC,0,4552915
ybaY_predicted,0.05263157894736842,18,18,AACAGCGCATTCGCCCACTA,0,4580582
ybaY_predicted,0.05263157894736842,18,18,AACACTCACCGAAAGGGATA,0,4569519
ybaY_predicted,0.05263157894736842,18,18,AAAGCGCCATTCTCGCGGTT,0,4563373
ybaY_predicted,0.05263157894736842,18,18,AAAGAGCATCAATAACCAGC,0,4576509
ybaY_predicted,0.05263157894736842,18,18,AAACACGGACTTAGATTGGA,0,4585778
ybaY_predicted,0.05263157894736842,18,18,AAAACTTATGAGTACCACGA,0,4584806
ybaY_predicted,0.05555555555555555,17,17,TTTGGGCCTGGCCGTACAGA,0,4596680
ybaY_predicted,0.05555555555555555,17,17,TTTGGCCGTGATAGGAACGC,0,4590239
ybaY_predicted,0.05555555555555555,17,17,TTGGCTGACTGTACCAGTGG,0,4561523
ybaY_predicted,0.05555555555555555,17,17,TTCTTCCAATGAAAAGCGTA,0,4588191
ybaY_predicted,0.05555555555555555,17,17,TTCAGTCGTCATCATCCGAT,0,4588717
ybaY_predicted,0.05555555555555555,17,17,TTAGTGCACCTACCGGGGGC,0,4565874
ybaY_predicted,0.05555555555555555,17,17,TGGTACTGCTAAAAGTTTCA,0,4569807
ybaY_predicted,0.05555555555555555,17,17,TGGGATCTTTTACCCGTAAG,0,4559805
ybaY_predicted,0.05555555555555555,17,17,TGCTGGCAGTACTCATGGGA,0,4544812
ybaY_predicted,0.05555555555555555,17,17,TGCCTAGGAGTGCATCTGCG,0,4578844
ybaY_predicted,0.05555555555555555,17,17,TGCAGAAAAACATGTTCATC,0,4561376
ybaY_predicted,0.05555555555555555,17,17,TGCAAAAGTGTGCACCGGGC,0,4578021
ybaY_predicted,0.05555555555555555,17,17,TGATTTAAAGTGCGACCAGT,0,4552924
ybaY_predicted,0.05555555555555555,17,17,TGAGCAAAAGAGATCACTTT,0,4557468
ybaY_predicted,0.05555555555555555,17,17,TGAAGCTGACCAGTCGAATG,0,4583811
ybaY_predicted,0.05555555555555555,17,17,TCTCATGGGGAGCCATGTCG,0,4563439
ybaY_predicted,0.05555555555555555,17,17,TCTACGCGATACTGATAGTG,0,4585740
ybaY_predicted,0.05555555555555555,17,17,TCTACCTTTTGCAGTTAAAC,0,4564685
ybaY_predicted,0.05555555555555555,17,17,TCGGTGTCACGAGTTAAACT,0,4571145
ybaY_predicted,0.05555555555555555,17,17,TCGCCGTGGTAGGTGTAGTT,0,4578816
ybaY_predicted,0.05555555555555555,17,17,TCCACATAAGGCCAGTGTGA,0,4589041
ybaY_predicted,0.05555555555555555,17,17,TCACCCTCAGTAATAGGGAT,0,4563083
ybaY_predicted,0.05555555555555555,17,17,TATTGACACCCATCTTACAT,0,4580652
ybaY_predicted,0.05555555555555555,17,17,TATTCGGGAGATTATATGAC,0,4547049
ybaY_predicted,0.05555555555555555,17,17,TATTCCAACCTGCGCCTGGC,0,4564302
ybaY_predicted,0.05555555555555555,17,17,TATAGGTATACGCGTCTGCT,0,4578885
ybaY_predicted,0.05555555555555555,17,17,TAGGATTTTAGGCCATCCTT,0,4598070
ybaY_predicted,0.05555555555555555,17,17,TAGCGGCCGCCGTTCCCGGG,0,4597844
ybaY_predicted,0.05555555555555555,17,17,TAGCAAAAGCTAGACAATTC,0,4594884
ybaY_predicted,0.05555555555555555,17,17,TACGGGTAATCGGCTTGTTC,0,4555276
ybaY_predicted,0.05555555555555555,17,17,TACGCAACTGCACCGCGCGA,0,4596550
ybaY_predicted,0.05555555555555555,17,17,TAATAGAAGCAGTAACCAAC,0,4587470
ybaY_predicted,0.05555555555555555,17,17,TAAGCTTGCCTTCAACACGA,0,4572923
ybaY_predicted,0.05555555555555555,17,17,TAACTGAGGAGTTCGTCTTT,0,4582938
ybaY_predicted,0.05555555555555555,17,17,TAACGTCGCGGACAGTCGGA,0,4574710
ybaY_predicted,0.05555555555555555,17,17,TAACATGCTTGGGCAGGGAC,0,4568789
ybaY_predicted,0.05555555555555555,17,17,GTTTTATCGACGTAGCGAGG,0,4557939
ybaY_predicted,0.05555555555555555,17,17,GTTTGCGCGGGAGTCGTTGC,0,4545181
ybaY_predicted,0.05555555555555555,17,17,GTTCTTCCGAGATTCCACGA,0,4569001
ybaY_predicted,0.05555555555555555,17,17,GTGTTAACCAGACGTTGGAA,0,4584907
ybaY_predicted,0.05555555555555555,17,17,GTGCCACGCCGTGTCGTAGC,0,4564916
ybaY_predicted,0.05555555555555555,17,17,GTGATTACTCCATTGCCTTC,0,4583362
ybaY_predicted,0.05555555555555555,17,17,GTCCAGACTGCGAGCCGCAG,0,4555383
ybaY_predicted,0.05555555555555555,17,17,GTCATTAGTTTTAACTGTCT,0,4573246
ybaY_predicted,0.05555555555555555,17,17,GTAAGTAACAAGGGACATGT,0,4598360
ybaY_predicted,0.05555555555555555,17,17,GGGTGTTAGCACCATAATTG,0,4572013
ybaY_predicted,0.05555555555555555,17,17,GGGTCTAGTCTCTTTTACCC,0,4567712
ybaY_predicted,0.05555555555555555,17,17,GGCTTAATTAACTGCGCGTC,0,4581239
ybaY_predicted,0.05555555555555555,17,17,GGCGTATAGAAATAGCTCGT,0,4578767
ybaY_predicted,0.05555555555555555,17,17,GGCGAGGATGAAAGTTATGA,0,4559380
ybaY_predicted,0.05555555555555555,17,17,GGCCTATTACTTTTAGGGTA,0,4547175
ybaY_predicted,0.05555555555555555,17,17,GGATCGTAGGGGTGTAGCTC,0,4547060
ybaY_predicted,0.05555555555555555,17,17,GGAGTGGGGCGCAAATTTGC,0,4596897
ybaY_predicted,0.05555555555555555,17,17,GGAGGGTCTGCTATTATACC,0,4573633
ybaY_predicted,0.05555555555555555,17,17,GGAATCGGATGGCGGAACTG,0,4591767
ybaY_predicted,0.05555555555555555,17,17,GCTTTTACAAGGGGGCAAAA,0,4598110
ybaY_predicted,0.05555555555555555,17,17,GCTCCAAGGCTCTTTGGCGT,0,4570526
ybaY_predicted,0.05555555555555555,17,17,GCTACTGCGAACAGGGACTA,0,4547379
ybaY_predicted,0.05555555555555555,17,17,GCTAACCGTAATCCATAACC,0,4573431
ybaY_predicted,0.05555555555555555,17,17,GCGTGTAAGGACATAGCGGC,0,4562022
ybaY_predicted,0.05555555555555555,17,17,GCGGGTTCTACTTTTGATTA,0,4572022
ybaY_predicted,0.05555555555555555,17,17,GCGCAGGACTCCCAACGCCA,0,4546904
ybaY_predicted,0.05555555555555555,17,17,GCGAAGGATTTCTTGTTATG,0,4555706
ybaY_predicted,0.05555555555555555,17,17,GCGAAGCGATCCGCAAAAGA,0,4548439
ybaY_predicted,0.05555555555555555,17,17,GCCATTTTGCGAAACACTCC,0,4556193
ybaY_predicted,0.05555555555555555,17,17,GCAGGGCGCGGTACGATTGC,0,4549606
ybaY_predicted,0.05555555555555555,17,17,GCACGTCACTGCGTATGAAC,0,4570196
ybaY_predicted,0.05555555555555555,17,17,GCACCCAATAACGACTAGAT,0,4550912
ybaY_predicted,0.05555555555555555,17,17,GCACATTAGAAAAGGAGTGT,0,4552304
ybaY_predicted,0.05555555555555555,17,17,GCAAAATTTTTTCCTTCGTG,0,4599448
ybaY_predicted,0.05555555555555555,17,17,GATGCACTGCAGTATACGCG,0,4545207
ybaY_predicted,0.05555555555555555,17,17,GATGACGTAGAATATCGCTT,0,4552246
ybaY_predicted,0.05555555555555555,17,17,GATAAGGGCGCTCATGTGCA,0,4564101
ybaY_predicted,0.05555555555555555,17,17,GAGAGCCCTGCAAAGAGAAC,0,4568983
ybaY_predicted,0.05555555555555555,17,17,GACGTCAGCTATAGAGGACA,0,4579606
ybaY_predicted,0.05555555555555555,17,17,GACGATGCACCGCCCCAGAC,0,4584080
ybaY_predicted,0.05555555555555555,17,17,GACACGACCATGCCAACGGG,0,4546674
ybaY_predicted,0.05555555555555555,17,17,CTTTCATTTTTAAGCGGAGT,0,4584644
ybaY_predicted,0.05555555555555555,17,17,CTTCTGTCATCATATCTTAG,0,4562815
ybaY_predicted,0.05555555555555555,17,17,CTTCTCATGGTGCTCAGTGC,0,4564669
ybaY_predicted,0.05555555555555555,17,17,CTGGGTGAAGGGGTACGTTC,0,4597491
ybaY_predicted,0.05555555555555555,17,17,CTGGATTAACACAAGCGGGT,0,4596278
ybaY_predicted,0.05555555555555555,17,17,CTGCCAATAATCGATCAAGG,0,4599643
ybaY_predicted,0.05555555555555555,17,17,CTCTACGGTAGGTGTCGGAA,0,4545554
ybaY_predicted,0.05555555555555555,17,17,CTCGAGGGAGAGATTTACTT,0,4593007
ybaY_predicted,0.05555555555555555,17,17,CTCAGTTCGATATCCGCAGG,0,4565491
ybaY_predicted,0.05555555555555555,17,17,CTCAGAGCTGTGTTCAACCC,0,4554011
ybaY_predicted,0.05555555555555555,17,17,CTACTTCATTTGGGAGTTAC,0,4599074
ybaY_predicted,0.05555555555555555,17,17,CTACGGCAAGTCAGACACTC,0,4556478
ybaY_predicted,0.05555555555555555,17,17,CGTGGGTACCAGTATCCAAC,0,4562732
ybaY_predicted,0.05555555555555555,17,17,CGTGGCAGAAAAAGACATTT,0,4594659
ybaY_predicted,0.05555555555555555,17,17,CGTCTTAACATGCAGTTACC,0,4563711
ybaY_predicted,0.05555555555555555,17,17,CGTCCTGAACCGGACCGGGA,0,4556246
ybaY_predicted,0.05555555555555555,17,17,CGTAGTAGTAGAGGGATCTG,0,4586994
ybaY_predicted,0.05555555555555555,17,17,CGTAGCTCGGCCAGCGCTTC,0,4549078
ybaY_predicted,0.05555555555555555,17,17,CGTAACATTTGCCAACGGGA,0,4560450
ybaY_predicted,0.05555555555555555,17,17,CGGGATAGATGATATGGCCA,0,4565425
ybaY_predicted,0.05555555555555555,17,17,CGGCTCTATTCCGGGACGTC,0,4589639
ybaY_predicted,0.05555555555555555,17,17,CGGAGAGGAGCCTCGGCTAA,0,4548205
ybaY_predicted,0.05555555555555555,17,17,CGCTTTTCGCTCGACGAGGT,0,4562683
ybaY_predicted,0.05555555555555555,17,17,CGCCCCCTATTTAAGTGGCT,0,4558145
ybaY_predicted,0.05555555555555555,17,17,CGCATCAATAATCTCACGGA,0,4553527
ybaY_predicted,0.05555555555555555,17,17,CGATGATTGGTGTATCACTA,0,4556305
ybaY_predicted,0.05555555555555555,17,17,CGATACACCTGTTTTGATGC,0,4572904
ybaY_predicted,0.05555555555555555,17,17,CGAGTGTTACCCAGCGCTAC,0,4567718
ybaY_predicted,0.05555555555555555,17,17,CGAGTGATTTCTAAGTTATA,0,4567196
ybaY_predicted,0.05555555555555555,17,17,CCTTCGGACCGCGAGATGCA,0,4591174
ybaY_predicted,0.05555555555555555,17,17,CCTGTTCATGTAGCCTTGCA,0,4587203
ybaY_predicted,0.05555555555555555,17,17,CCTGACAAGACCCCCTCGTT,0,4594481
ybaY_predicted,0.05555555555555555,17,17,CCTCAGCAGCTCGCTACGTA,0,4564066
ybaY_predicted,0.05555555555555555,17,17,CCGTCAGTCAACATCTGGAT,0,4557459
ybaY_predicted,0.05555555555555555,17,17,CCGGTATGCGAGAAAAGGTA,0,4572452
ybaY_predicted,0.05555555555555555,17,17,CCGGGTTTCTTTATAGGCGT,0,4570764
ybaY_predicted,0.05555555555555555,17,17,CCGGGGGATCAGTACCTCCT,0,4546492
ybaY_predicted,0.05555555555555555,17,17,CCGCTTCTACCTCCATCCGC,0,4597197
ybaY_predicted,0.05555555555555555,17,17,CCGCGAATTAACGGGATGGA,0,4564186
ybaY_predicted,0.05555555555555555,17,17,CCCTCCATTTCCGGGCGTCA,0,4596770
ybaY_predicted,0.05555555555555555,17,17,CATTACTGCTGGCCGATTGA,0,4596369
ybaY_predicted,0.05555555555555555,17,17,CAGTTGTAGAAGCGGTCAAA,0,4580332
ybaY_predicted,0.05555555555555555,17,17,CAGCCAGGCGTACCATACGG,0,4585636
ybaY_predicted,0.05555555555555555,17,17,CAGAATGAAAATACCAAGGC,0,4588305
ybaY_predicted,0.05555555555555555,17,17,CACGTTTGGCTTCTAATTAT,0,4577666
ybaY_predicted,0.05555555555555555,17,17,CACACACTTCGAGCCGCACT,0,4584910
ybaY_predicted,0.05555555555555555,17,17,CAATCCTCTCGCCAGTATGA,0,4598830
ybaY_predicted,0.05555555555555555,17,17,ATTTACGTTATTCGCGGGAG,0,4595871
ybaY_predicted,0.05555555555555555,17,17,ATTGCGCCCAACATTGATCG,0,4579167
ybaY_predicted,0.05555555555555555,17,17,ATTCGCTGAGCAACGGTAAA,0,4551956
ybaY_predicted,0.05555555555555555,17,17,ATTATGTGAATGCTCGCGGC,0,4545316
ybaY_predicted,0.05555555555555555,17,17,ATTACTGCACGCTGTATCTG,0,4586842
ybaY_predicted,0.05555555555555555,17,17,ATTAATACAACGCCGCATTT,0,4594951
ybaY_predicted,0.05555555555555555,17,17,ATGTGGACTTGGTCACTCGT,0,4596711
ybaY_predicted,0.05555555555555555,17,17,ATGCTTGAGCTTTGGCGTGT,0,4558733
ybaY_predicted,0.05555555555555555,17,17,ATGCGACGAGGTTTGATGTG,0,4582324
ybaY_predicted,0.05555555555555555,17,17,ATGCCATACACAGGGTATTC,0,4599050
ybaY_predicted,0.05555555555555555,17,17,ATGAGTTCATTAAGCCTTCC,0,4594671
ybaY_predicted,0.05555555555555555,17,17,ATGAGTGACTTCGACGCCAT,0,4555810
ybaY_predicted,0.05555555555555555,17,17,ATGAGAGTTGTTTACGTCTA,0,4586372
ybaY_predicted,0.05555555555555555,17,17,ATCTTACCTAACCTAGCCAC,0,4545250
ybaY_predicted,0.05555555555555555,17,17,ATCGCACAACTAAGGTGAGT,0,4565031
ybaY_predicted,0.05555555555555555,17,17,ATCAGATGCTAGGAGTATGA,0,4597010
ybaY_predicted,0.05555555555555555,17,17,AGTCGTTTCATTCTGGAGGG,0,4582863
ybaY_predicted,0.05555555555555555,17,17,AGTCAAGCTCGAATACGGTA,0,4554884
ybaY_predicted,0.05555555555555555,17,17,AGTACATCTCCTTGTCTTGC,0,4579527
ybaY_predicted,0.05555555555555555,17,17,AGGTCTGCCTGTGCCGAATT,0,4579579
ybaY_predicted,0.05555555555555555,17,17,AGGGTGTACAGCTCTGCTTG,0,4544424
ybaY_predicted,0.05555555555555555,17,17,AGGGATCTGGTATGCACTTA,0,4561393
ybaY_predicted,0.05555555555555555,17,17,AGGGAGTCGTACCCCATGGT,0,4558057
ybaY_predicted,0.05555555555555555,17,17,AGGCGGATCTCGCGTTAAGT,0,4562276
ybaY_predicted,0.05555555555555555,17,17,AGGAGGGCACGCTGCTTTCG,0,4546002
ybaY_predicted,0.05555555555555555,17,17,AGGAGAAATCAAGGCCATTC,0,4565608
ybaY_predicted,0.05555555555555555,17,17,AGGAAGACCTACAATGTCGC,0,4546892
ybaY_predicted,0.05555555555555555,17,17,AGCTTCTTGGGTCTCGAGAA,0,4585962
ybaY_predicted,0.05555555555555555,17,17,AGCGCAGGTCCAATCGGGCT,0,4574103
ybaY_predicted,0.05555555555555555,17,17,AGCGACGCTAATGGTGTGTA,0,4569632
ybaY_predicted,0.05555555555555555,17,17,AGCCAAAGATGCCACGCCAG,0,4559396
ybaY_predicted,0.05555555555555555,17,17,AGCAGCCGCGTGCCCCGCAG,0,4551564
ybaY_predicted,0.05555555555555555,17,17,AGCACTCGGTTCGTGTAGAA,0,4585134
ybaY_predicted,0.05555555555555555,17,17,AGACTTACTTTTGCCCCGAC,0,4577370
ybaY_predicted,0.05555555555555555,17,17,AGACGCTTCGCCACTTAAAG,0,4564028
ybaY_predicted,0.05555555555555555,17,17,AGACATGTAATCTGACCGAA,0,4549647
ybaY_predicted,0.05555555555555555,17,17,ACTTGGTGACGAAAGCTCCC,0,4545720
ybaY_predicted,0.05555555555555555,17,17,ACTTAGACTTGCCGATTTCT,0,4546333
ybaY_predicted,0.05555555555555555,17,17,ACTATTGTAGGGGACGAGTA,0,4582456
ybaY_predicted,0.05555555555555555,17,17,ACGTTTATCATCCACACGAG,0,4594747
ybaY_predicted,0.05555555555555555,17,17,ACGGCCATGGGTACAGGTAT,0,4570098
ybaY_predicted,0.05555555555555555,17,17,ACGAGGCCTGGGGACGTAGA,0,4587440
ybaY_predicted,0.05555555555555555,17,17,ACCTGTACGACATGCAAAGT,0,4567408
ybaY_predicted,0.05555555555555555,17,17,ACCGGGCCAGCCCTCCTAAC,0,4589061
ybaY_predicted,0.05555555555555555,17,17,ACCCGCGACTAATACGATCA,0,4594237
ybaY_predicted,0.05555555555555555,17,17,ACCACGCCAGCCTTGCCGTA,0,4556871
ybaY_predicted,0.05555555555555555,17,17,ACCACCCCGAGGTCTCCAGT,0,4592788
ybaY_predicted,0.05555555555555555,17,17,ACATGATTGGAAAATACTCC,0,4572838
ybaY_predicted,0.05555555555555555,17,17,ACATAATCGTCCGGGGCAGT,0,4545511
ybaY_predicted,0.05555555555555555,17,17,ACATAAAGGCACTCGAGGAT,0,4598996
ybaY_predicted,0.05555555555555555,17,17,ACAGCTTACGGTAAATTGAC,0,4553837
ybaY_predicted,0.05555555555555555,17,17,AATTTGGACTACTCACAGCG,0,4577886
ybaY_predicted,0.05555555555555555,17,17,AATTAGTAAGGGGTTGGTGG,0,4580351
ybaY_predicted,0.05555555555555555,17,17,AATCTCATGCCCAACACCAA,0,4587360
ybaY_predicted,0.05555555555555555,17,17,AATCGCGGAGATAGGATCTC,0,4583309
ybaY_predicted,0.05555555555555555,17,17,AAGGGTGACTGCAGATTATC,0,4594628
ybaY_predicted,0.05555555555555555,17,17,AAGGACGGCCGTCAGTCAGT,0,4596290
ybaY_predicted,0.05555555555555555,17,17,AAGCGTGCTCCCCCGCGCGA,0,4591882
ybaY_predicted,0.05555555555555555,17,17,AAGATTCGTTGACTCTGAGA,0,4589150
ybaY_predicted,0.05555555555555555,17,17,AACCGGTGGGGCTAGCGAGT,0,4598118
ybaY_predicted,0.05555555555555555,17,17,AACCCGGGTTCTGGCTCAGC,0,4564767
ybaY_predicted,0.05555555555555555,17,17,AAAGGGCACAGCGGCCGTTA,0,4590748
ybaY_predicted,0.05555555555555555,17,17,AAAGAAGACGTCAAAGAACT,0,4581823
ybaY_predicted,0.05555555555555555,17,17,AAAAAGCATCAGGTGCTAAG,0,4556113
ybaY_predicted,0.058823529411764705,16,16,TTTTGGGGCACACGGTGTTG,0,4565613
ybaY_predicted,0.058823529411764705,16,16,TTTCTAGGGAGCCGTCAATG,0,4566871
ybaY_predicted,0.058823529411764705,16,16,TTTCGAGAAGGCGTTTTCGG,0,4549847
ybaY_predicted,0.058823529411764705,16,16,TTTCCGAGGCTCAAAAAACG,0,4555286
ybaY_predicted,0.058823529411764705,16,16,TTGTGCATTAGGTAACCAAG,0,4590844
ybaY_predicted,0.058823529411764705,16,16,TTGTGACTTGAGTTGTCGGC,0,4564338
ybaY_predicted,0.058823529411764705,16,16,TTGGGAACGGAGTAAGGATG,0,4576871
ybaY_predicted,0.058823529411764705,16,16,TTGGCCTCTAGCCAAGAAAG,0,4547505
ybaY_predicted,0.058823529411764705,16,16,TTGCGTAGAGGTGCTGCCGA,0,4553230
ybaY_predicted,0.058823529411764705,16,16,TTGCAGACGCTCATAGGGAG,0,4571131
ybaY_predicted,0.058823529411764705,16,16,TTGATGTACCGTTGGCTGCG,0,4557193
ybaY_predicted,0.058823529411764705,16,16,TTCCCTTATAAACAAAGTTA,0,4555161
ybaY_predicted,0.058823529411764705,16,16,TTCACCTCCATGTCTCGTCG,0,4589086
ybaY_predicted,0.058823529411764705,16,16,TTATAGTGGGCGACTACAGT,0,4584830
ybaY_predicted,0.058823529411764705,16,16,TTAGGGTTACATTGACGATG,0,4544818
ybaY_predicted,0.058823529411764705,16,16,TTACGACGAGCCCTGTTATC,0,4550144
ybaY_predicted,0.058823529411764705,16,16,TTAAGATGACGAGGCGTAAT,0,4567217
ybaY_predicted,0.058823529411764705,16,16,TGTGTCGTCCTAATTTTCCG,0,4573525
ybaY_predicted,0.058823529411764705,16,16,TGTGGGGTTCGTATTACAAT,0,4559831
ybaY_predicted,0.058823529411764705,16,16,TGTGGAAACTCCGCGGGGCA,0,4582148
ybaY_predicted,0.058823529411764705,16,16,TGTCTTCGGCGAGTCTCTGA,0,4572931
ybaY_predicted,0.058823529411764705,16,16,TGTCAGCCTATGCTTTTTAG,0,4596397
ybaY_predicted,0.058823529411764705,16,16,TGTATGGTGGAGAAAGGGAA,0,4593223
ybaY_predicted,0.058823529411764705,16,16,TGTAAAGCGGACCCATGCCA,0,4559742
ybaY_predicted,0.058823529411764705,16,16,TGGGAGTACGGTGGCCGAGT,0,4594246
ybaY_predicted,0.058823529411764705,16,16,TGGCCAAACCTACGTCACTG,0,4559271
ybaY_predicted,0.058823529411764705,16,16,TGGATCGGTTGGATCCCCGA,0,4552838
ybaY_predicted,0.058823529411764705,16,16,TGCGACGCTCTATCTTTAAC,0,4589494
ybaY_predicted,0.058823529411764705,16,16,TGCCGGTGCCGCCGCTTGAA,0,4577777
ybaY_predicted,0.058823529411764705,16,16,TGCCGGGTAGCAGTATAGAT,0,4590433
ybaY_predicted,0.058823529411764705,16,16,TGCCAGCATATAATACTTGT,0,4562233
ybaY_predicted,0.058823529411764705,16,16,TGATCTTTGGGCCTAAGCGT,0,4558549
ybaY_predicted,0.058823529411764705,16,16,TCTGGGTCCACAAGGTGCCT,0,4554136
ybaY_predicted,0.058823529411764705,16,16,TCGTTTCCTCGCTGTATGCC,0,4550620
ybaY_predicted,0.058823529411764705,16,16,TCGTATAAGCCCTTAGTTCA,0,4589241
ybaY_predicted,0.058823529411764705,16,16,TCGGTGGTTTGTGACCAAAA,0,4600351
ybaY_predicted,0.058823529411764705,16,16,TCGGCGCCACCTGCCACGCG,0,4580090
ybaY_predicted,0.058823529411764705,16,16,TCGCACAGGACAGCGCGAAT,0,4587315
ybaY_predicted,0.058823529411764705,16,16,TCGAGAGCGGGCGAACACCT,0,4553136
ybaY_predicted,0.058823529411764705,16,16,TCCGTTGTGTACGTTTTTAG,0,4570289
ybaY_predicted,0.058823529411764705,16,16,TCCGGTGTAATATCTACTTA,0,4573111
ybaY_predicted,0.058823529411764705,16,16,TCCGGTATAAACCCGTAGGT,0,4600547
ybaY_predicted,0.058823529411764705,16,16,TCCGACCGGCGCAAGAGTGG,0,4562813
ybaY_predicted,0.058823529411764705,16,16,TCCCTATAGAGGCTAAGAAT,0,4586482
ybaY_predicted,0.058823529411764705,16,16,TCCCGTTAAAGGAATTAGGG,0,4568998
ybaY_predicted,0.058823529411764705,16,16,TCCCGCTAGTCATTCTGGGT,0,4586451
ybaY_predicted,0.058823529411764705,16,16,TCCCCGAATTCACAGCATCT,0,4578638
ybaY_predicted,0.058823529411764705,16,16,TCCAGTGGAACGGAAGACTA,0,4551719
ybaY_predicted,0.058823529411764705,16,16,TCCAAGGTGTCCAGACGTCA,0,4560786
ybaY_predicted,0.058823529411764705,16,16,TCAGGCCACGATGATCGTGA,0,4554014
ybaY_predicted,0.058823529411764705,16,16,TCACGTTTTATAGAACAAGG,0,4589233
ybaY_predicted,0.058823529411764705,16,16,TATGGGAGGTCTTAGAGTGT,0,4550659
ybaY_predicted,0.058823529411764705,16,16,TAGGTTTTTCGAAGACTGCT,0,4551255
ybaY_predicted,0.058823529411764705,16,16,TAGCCAGACGTCTGGCCTGA,0,4573121
ybaY_predicted,0.058823529411764705,16,16,TACTACGGTGTGACGACGCA,0,4584125
ybaY_predicted,0.058823529411764705,16,16,TAAGTCACCTGTCCTAGTGT,0,4553949
ybaY_predicted,0.058823529411764705,16,16,TAACGCCAAAACGGGGGGCA,0,4598521
ybaY_predicted,0.058823529411764705,16,16,GTTCCCGATTGTGTATTACG,0,4556704
ybaY_predicted,0.058823529411764705,16,16,GTGGGACAGGACTCCAGCCT,0,4559689
ybaY_predicted,0.058823529411764705,16,16,GTGGCTCTAATAGGCCCGGC,0,4564601
ybaY_predicted,0.058823529411764705,16,16,GTGAAATGCAAGGCGTCAAG,0,4571741
ybaY_predicted,0.058823529411764705,16,16,GTCTCTATGACCCCCCTGCA,0,4551468
ybaY_predicted,0.058823529411764705,16,16,GTAGCGGCTCGCGCGGTTGT,0,4562786
ybaY_predicted,0.058823529411764705,16,16,GTAGACGCGGGTCCGATAAC,0,4554242
ybaY_predicted,0.058823529411764705,16,16,GTACGCCGTGCAACGTTACG,0,4548180
ybaY_predicted,0.058823529411764705,16,16,GTAACAGCAGCCTAGGGATT,0,4563216
ybaY_predicted,0.058823529411764705,16,16,GGTGTATCAACCCCAACTCG,0,4569071
ybaY_predicted,0.058823529411764705,16,16,GGTAATCGCAAGGCTTGAGG,0,4579243
ybaY_predicted,0.058823529411764705,16,16,GGGTTAGCATGGCCTGACTG,0,4548636
ybaY_predicted,0.058823529411764705,16,16,GGGGTGTGGTAAACTGATGC,0,4593309
ybaY_predicted,0.058823529411764705,16,16,GGGCCTCCGGAGTTGGCGTA,0,4600453
ybaY_predicted,0.058823529411764705,16,16,GGGAAGTTAAAGATGCGTAG,0,4597770
ybaY_predicted,0.058823529411764705,16,16,GGCGAAAAGCGCAGTCCATT,0,4558370
ybaY_predicted,0.058823529411764705,16,16,GGCCCGTGTACCAGCAAAAC,0,4592484
ybaY_predicted,0.058823529411764705,16,16,GGCCATCGCGTGGTGATTTA,0,4584362
ybaY_predicted,0.058823529411764705,16,16,GGACTGAAGTACCAAGGTCT,0,4568247
ybaY_predicted,0.058823529411764705,16,16,GCTGCCCGTGTAGTTGGAAC,0,4554360
ybaY_predicted,0.058823529411764705,16,16,GCTAGGTGTACAAGGGATTA,0,4590576
ybaY_predicted,0.058823529411764705,16,16,GCGTGACGTAAACAGTTAAG,0,4593132
ybaY_predicted,0.058823529411764705,16,16,GCGTCCGTAGGGTCTCAGTT,0,4551524
ybaY_predicted,0.058823529411764705,16,16,GCCTCCGGGGCGCGCGCGGG,0,4584002
ybaY_predicted,0.058823529411764705,16,16,GCCGTGAGTGCTACAATCTG,0,4600113
ybaY_predicted,0.058823529411764705,16,16,GCCCGAACCGAATGAACTAA,0,4588908
ybaY_predicted,0.058823529411764705,16,16,GCCCCTGAAGCCTTCTTAGT,0,4578899
ybaY_predicted,0.058823529411764705,16,16,GCATCAAAGCACTCCGAACT,0,4571958
ybaY_predicted,0.058823529411764705,16,16,GCAAGAGAGACTGCGAGCGA,0,4598202
ybaY_predicted,0.058823529411764705,16,16,GATTGCTAAAAACCGCCTAT,0,4563151
ybaY_predicted,0.058823529411764705,16,16,GATTCGCCTTATTGTGCTCC,0,4581245
ybaY_predicted,0.058823529411764705,16,16,GATGTTCTTAGATGCGCTTC,0,4595991
ybaY_predicted,0.058823529411764705,16,16,GATGCTTGAATGCTAATGCG,0,4553226
ybaY_predicted,0.058823529411764705,16,16,GATGAAGTCAAAGGCAAGCA,0,4569937
ybaY_predicted,0.058823529411764705,16,16,GATCGCGGATAATATTGGTG,0,4561506
ybaY_predicted,0.058823529411764705,16,16,GAGCTAATCGGTGCTTCGTA,0,4558919
ybaY_predicted,0.058823529411764705,16,16,GAGCTAAGACGTAAACACAT,0,4588353
ybaY_predicted,0.058823529411764705,16,16,GAGAGATTCACTCCTATGGT,0,4597882
ybaY_predicted,0.058823529411764705,16,16,GAGAATTAATACCGCCACTT,0,4593735
ybaY_predicted,0.058823529411764705,16,16,GAATCCCTTCTCTGCTAGGT,0,4595244
ybaY_predicted,0.058823529411764705,16,16,GAATATCGTACAACCGGGTT,0,4599078
ybaY_predicted,0.058823529411764705,16,16,GAAGCGTCCATCACGTCTCG,0,4579722
ybaY_predicted,0.058823529411764705,16,16,GAAAGCGTCCTTGCTGGCGA,0,4572062
ybaY_predicted,0.058823529411764705,16,16,CTTTAGTTCTGGTAGGATTT,0,4565177
ybaY_predicted,0.058823529411764705,16,16,CTTGTCTAACAGTACGATAT,0,4547134
ybaY_predicted,0.058823529411764705,16,16,CTTGGTCTCACTGTAGACGT,0,4566568
ybaY_predicted,0.058823529411764705,16,16,CTTGGCCAGTAAGGGCGCCC,0,4585546
ybaY_predicted,0.058823529411764705,16,16,CTTGATTTTATCGGTTTAAG,0,4587955
ybaY_predicted,0.058823529411764705,16,16,CTTGAGTCGGGGTTGCACGA,0,4547655
ybaY_predicted,0.058823529411764705,16,16,CTTCTGTAGGTTGCTCCCAT,0,4574486
ybaY_predicted,0.058823529411764705,16,16,CTGTGGTCACAGGCGGCTTG,0,4586260
ybaY_predicted,0.058823529411764705,16,16,CTGCCCGTGTGGACGTGCCA,0,4592019
ybaY_predicted,0.058823529411764705,16,16,CTGCCAATCAAAGGCCTCTG,0,4577993
ybaY_predicted,0.058823529411764705,16,16,CTGCAGCCTTTGGAGGGCAT,0,4580352
ybaY_predicted,0.058823529411764705,16,16,CTCGACAGGCGTGCGTCAAG,0,4549391
ybaY_predicted,0.058823529411764705,16,16,CTCCAGCGATTGCCGAGGGA,0,4576874
ybaY_predicted,0.058823529411764705,16,16,CGTATAATGAACGGTCCAAG,0,4556887
ybaY_predicted,0.058823529411764705,16,16,CGGTCGGACAAAAGCATTTT,0,4551049
ybaY_predicted,0.058823529411764705,16,16,CGGTACGTGTAGTAGTCAAT,0,4567691
ybaY_predicted,0.058823529411764705,16,16,CGGCGCCAAGGCTGTTGCTT,0,4564105
ybaY_predicted,0.058823529411764705,16,16,CGGCGAGATTCTTCGGGGTA,0,4555180
ybaY_predicted,0.058823529411764705,16,16,CGGATGTAGAGTAGTCTCAA,0,4575942
ybaY_predicted,0.058823529411764705,16,16,CGGAGTCCGTTGTTTATCGG,0,4599661
ybaY_predicted,0.058823529411764705,16,16,CGCTGGATATCCGGGTCGAG,0,4576910
ybaY_predicted,0.058823529411764705,16,16,CGCTATAATAATCGGCGTTA,0,4583543
ybaY_predicted,0.058823529411764705,16,16,CGCGGAGGCCGGGGTCATAC,0,4550984
ybaY_predicted,0.058823529411764705,16,16,CGCCTTGAAACACAATTCTT,0,4548633
ybaY_predicted,0.058823529411764705,16,16,CGATGAAGAGTAAATCTCGG,0,4547090
ybaY_predicted,0.058823529411764705,16,16,CGAGGTAGCGTTGGTTAAGT,0,4556226
ybaY_predicted,0.058823529411764705,16,16,CGACGCGCACGATATAAGTT,0,4580907
ybaY_predicted,0.058823529411764705,16,16,CGAACTTTCGTTGCAGGACA,0,4562991
ybaY_predicted,0.058823529411764705,16,16,CCTTGAGTGGATCATATAAG,0,4597530
ybaY_predicted,0.058823529411764705,16,16,CCTAGCGGAATATTTATCAC,0,4583732
ybaY_predicted,0.058823529411764705,16,16,CCCATGAGCCAAGGCTACGA,0,4570327
ybaY_predicted,0.058823529411764705,16,16,CCCATCTTGGGGGTTTGAAT,0,4556230
ybaY_predicted,0.058823529411764705,16,16,CCATGGCGCGAGGAACAGAG,0,4591864
ybaY_predicted,0.058823529411764705,16,16,CCAGGACGGACCAGAATCCA,0,4577025
ybaY_predicted,0.058823529411764705,16,16,CCACCGACGCCTTGCGTATC,0,4584754
ybaY_predicted,0.058823529411764705,16,16,CATCACAATAAGATAGACTT,0,4582714
ybaY_predicted,0.058823529411764705,16,16,CATAAGAAAAGAGCGAAATT,0,4563079
ybaY_predicted,0.058823529411764705,16,16,CATAACGATCGATAATAAAC,0,4561133
ybaY_predicted,0.058823529411764705,16,16,CAGTGACCATCGCCTAGCAT,0,4564145
ybaY_predicted,0.058823529411764705,16,16,CAGCGCCGTATGCGGGATCA,0,4580666
ybaY_predicted,0.058823529411764705,16,16,CAGCGCAACTCGACCCACAA,0,4566816
ybaY_predicted,0.058823529411764705,16,16,CAGATAGGACAAAATGTCTG,0,4549918
ybaY_predicted,0.058823529411764705,16,16,CAGAGTAGAATGAAATCATA,0,4577884
ybaY_predicted,0.058823529411764705,16,16,CAGAAGCGGCTACGTCCCTA,0,4593040
ybaY_predicted,0.058823529411764705,16,16,CAAGGCCTTGCGGCGTGAAT,0,4557424
ybaY_predicted,0.058823529411764705,16,16,CAACTGGGAGGTTTCCGGCG,0,4583256
ybaY_predicted,0.058823529411764705,16,16,CAACGTATGTATGCTGTGTT,0,4576181
ybaY_predicted,0.058823529411764705,16,16,ATTTAACGGAATTGGTTACT,0,4565923
ybaY_predicted,0.058823529411764705,16,16,ATTGTACACCGCGCTTCGGA,0,4575917
ybaY_predicted,0.058823529411764705,16,16,ATTATTCGCTGTCTTTAACA,0,4554839
ybaY_predicted,0.058823529411764705,16,16,ATTATCCAGACGTTTGGTAG,0,4568782
ybaY_predicted,0.058823529411764705,16,16,ATTACGTCAAGTTATTATGT,0,4565661
ybaY_predicted,0.058823529411764705,16,16,ATGTACTACGGTCGCCTTAT,0,4562406
ybaY_predicted,0.058823529411764705,16,16,ATGGGGAAACTGCGGCGTGG,0,4552347
ybaY_predicted,0.058823529411764705,16,16,ATGGCATCTCACGCGAGAAT,0,4586666
ybaY_predicted,0.058823529411764705,16,16,ATGCCCGTCTCCCCTTAGTC,0,4550953
ybaY_predicted,0.058823529411764705,16,16,ATGCAACTTCGGCTTACTTG,0,4552163
ybaY_predicted,0.058823529411764705,16,16,ATCTTATCCTATACATGCCG,0,4596787
ybaY_predicted,0.058823529411764705,16,16,ATATCGCCATTGCAAGTATC,0,4581286
ybaY_predicted,0.058823529411764705,16,16,ATAGAGTATGTCTCATCAGG,0,4551239
ybaY_predicted,0.058823529411764705,16,16,ATACTCCCAAATTTGCCATC,0,4595420
ybaY_predicted,0.058823529411764705,16,16,ATACCCGACTCTGCCATTCA,0,4588297
ybaY_predicted,0.058823529411764705,16,16,AGTGGACTTGGTTACTGCCT,0,4548014
ybaY_predicted,0.058823529411764705,16,16,AGTGATAGTGGCCGTCAAGG,0,4558440
ybaY_predicted,0.058823529411764705,16,16,AGTCCTCTGCACGATCTAGA,0,4573978
ybaY_predicted,0.058823529411764705,16,16,AGGGCACCTGGGCACTAATG,0,4573752
ybaY_predicted,0.058823529411764705,16,16,AGGACTATAACTCCGAGATC,0,4560086
ybaY_predicted,0.058823529411764705,16,16,AGAGGTGTGGTATTAGTGGC,0,4547387
ybaY_predicted,0.058823529411764705,16,16,ACTCCCACTGGATGGGGTTT,0,4568191
ybaY_predicted,0.058823529411764705,16,16,ACTCAGAATAGGGCTGGTCT,0,4568886
ybaY_predicted,0.058823529411764705,16,16,ACTAGGACAACCGCAGCCAC,0,4574984
ybaY_predicted,0.058823529411764705,16,16,ACGAGGTTAGCTCTAACCTT,0,4591926
ybaY_predicted,0.058823529411764705,16,16,ACCTATGCCGCTGACTATCC,0,4583210
ybaY_predicted,0.058823529411764705,16,16,ACCGGAGGATGCATGCTTCT,0,4588489
ybaY_predicted,0.058823529411764705,16,16,ACATATAAATGGTCCCGTCG,0,4562686
ybaY_predicted,0.058823529411764705,16,16,ACATAATGGAAGCGCGGGGG,0,4551787
ybaY_predicted,0.058823529411764705,16,16,AATGCCTCACCCCGACTTCA,0,4581720
ybaY_predicted,0.058823529411764705,16,16,AATCACGTTCTCGACTAAGT,0,4585043
ybaY_predicted,0.058823529411764705,16,16,AAGGTCGGCATGTAGCGGAA,0,4579103
ybaY_predicted,0.058823529411764705,16,16,AAGAAGTCCGGGTCGGATGG,0,4572995
ybaY_predicted,0.058823529411764705,16,16,AACTATAGTTTGAATATGTG,0,4556048
ybaY_predicted,0.058823529411764705,16,16,AACGTCAAGCTGAACAACCC,0,4599814
ybaY_predicted,0.058823529411764705,16,16,AACGGAGTTAAGATACTTCA,0,4599846
ybaY_predicted,0.058823529411764705,16,16,AACCAATAAAGCGCTCAACG,0,4588653
ybaY_predicted,0.058823529411764705,16,16,AAATGAGATAGAAACCCATA,0,4567742
ybaY_predicted,0.058823529411764705,16,16,AAACGTGTTCCCATGGTCCC,0,4545350
ybaY_predicted,0.058823529411764705,16,16,AAACGCATGGACGTTTTGAT,0,4549092
ybaY_predicted,0.058823529411764705,16,16,AAAATTGAGAACGGCTCACT,0,4580286
ybaY_predicted,0.058823529411764705,16,16,AAAATCATGATTGTTTTTTA,0,4565336
ybaY_predicted,0.0625,15,15,TTTTTAGAGCAGCAGGAGCC,0,4561290
ybaY_predicted,0.0625,15,15,TTTTCAGGGCCTCTCGGTCA,0,4551060
ybaY_predicted,0.0625,15,15,TTTTACCACTCACACGGAGC,0,4555907
ybaY_predicted,0.0625,15,15,TTTATTCCACCTCAGGCCTA,0,4565612
ybaY_predicted,0.0625,15,15,TTTAGACGGAGCGCCATGCT,0,4586423
ybaY_predicted,0.0625,15,15,TTGCATCATTTCTAGGAGAG,0,4570101
ybaY_predicted,0.0625,15,15,TTCAAGTGTGACTTTATCCA,0,4574265
ybaY_predicted,0.0625,15,15,TTAGTACAGCTCGTAGAAAT,0,4573273
ybaY_predicted,0.0625,15,15,TGTGATAGGGGCATCCGTGT,0,4544679
ybaY_predicted,0.0625,15,15,TGTCTTAATAGCGCTATGGT,0,4545603
ybaY_predicted,0.0625,15,15,TGTCACGACTAAACCTCGTA,0,4571342
ybaY_predicted,0.0625,15,15,TGGTGTCGGCTATATACTAT,0,4573194
ybaY_predicted,0.0625,15,15,TGGGTGGGCGCTGGCCCAAA,0,4574015
ybaY_predicted,0.0625,15,15,TGGGGTCGCAACCACCGACT,0,4556502
ybaY_predicted,0.0625,15,15,TGGGGAAGCCTGACCCTGGA,0,4579871
ybaY_predicted,0.0625,15,15,TGGCGTGGACGCAAATTGTT,0,4570807
ybaY_predicted,0.0625,15,15,TGGCACATGGGTGCACCTTG,0,4594787
ybaY_predicted,0.0625,15,15,TGCTCGTACCAGAGTAGATA,0,4569441
ybaY_predicted,0.0625,15,15,TGCTAGATTTTGCTTGCCCA,0,4554653
ybaY_predicted,0.0625,15,15,TGCGTATTCGGCTGAAACCA,0,4562814
ybaY_predicted,0.0625,15,15,TGCACTCCAGTGGTAGCTAG,0,4591702
ybaY_predicted,0.0625,15,15,TGACGAATGCGATCATCTGT,0,4560711
ybaY_predicted,0.0625,15,15,TCTGATATTAGAATCTGCGT,0,4594666
ybaY_predicted,0.0625,15,15,TCGGAACGCTCTGCTCTGAG,0,4572603
ybaY_predicted,0.0625,15,15,TCGATGTGGAGGTGAGGTGA,0,4546948
ybaY_predicted,0.0625,15,15,TCGACGCGAAGGACTAGAGG,0,4575605
ybaY_predicted,0.0625,15,15,TCCTCCTCAGGGCAGAAGGC,0,4578270
ybaY_predicted,0.0625,15,15,TCACTAGGGCTGGGCTCTTT,0,4578356
ybaY_predicted,0.0625,15,15,TCACATCGGGTCGTGCAGAT,0,4585660
ybaY_predicted,0.0625,15,15,TCAAGTACACGGTTTGGGTC,0,4574773
ybaY_predicted,0.0625,15,15,TCAAGCAATGTCTCGTTGAA,0,4562989
ybaY_predicted,0.0625,15,15,TCAAACGCGTTTCCTTAGTG,0,4576290
ybaY_predicted,0.0625,15,15,TATTTATTATCATGCTCCGT,0,4559840
ybaY_predicted,0.0625,15,15,TATTACCTTGGGGTGTCCAT,0,4582885
ybaY_predicted,0.0625,15,15,TATCGGGGGAGGCCGTTTTG,0,4560098
ybaY_predicted,0.0625,15,15,TATCGACGGAGTAACCCATT,0,4550985
ybaY_predicted,0.0625,15,15,TATATGATTGGGTATGGGCT,0,4554257
ybaY_predicted,0.0625,15,15,TATATCAGACCAGCATTGAG,0,4557729
ybaY_predicted,0.0625,15,15,TATAGTGCCGAGCCGCAGTG,0,4547034
ybaY_predicted,0.0625,15,15,TAGCACCATCGGGTGACCAT,0,4590735
ybaY_predicted,0.0625,15,15,TACTTACATACGTAGCGGGT,0,4593209
ybaY_predicted,0.0625,15,15,TACTACATAAACCATATAAG,0,4571928
ybaY_predicted,0.0625,15,15,TACCTCGAGTGGTCATCATC,0,4559103
ybaY_predicted,0.0625,15,15,TACCACAACATATAATCTGT,0,4553827
ybaY_predicted,0.0625,15,15,TACATTCCCAGACCAGGTAT,0,4593115
ybaY_predicted,0.0625,15,15,TAATGCTGTTAGGCTACCAG,0,4582526
ybaY_predicted,0.0625,15,15,TAATGCATGCCACCGAGGAT,0,4564571
ybaY_predicted,0.0625,15,15,TAACGATTATCAAACGTCGG,0,4582787
ybaY_predicted,0.0625,15,15,TAAATAAAGCAACGGGACAA,0,4593743
ybaY_predicted,0.0625,15,15,GTTTGCGACCATCAAACCGT,0,4571900
ybaY_predicted,0.0625,15,15,GTTTCACGGAGCAAAGCTCG,0,4568270
ybaY_predicted,0.0625,15,15,GTTGCTCCCGCGTTACCAAA,0,4589717
ybaY_predicted,0.0625,15,15,GTTGATGGGAGGCAGGGCAG,0,4567870
ybaY_predicted,0.0625,15,15,GTTGAAGTTGCAGAGGTGGC,0,4545263
ybaY_predicted,0.0625,15,15,GTTCACCGATCTCCGTCACA,0,4552659
ybaY_predicted,0.0625,15,15,GTGTATGGGTCACCACAATT,0,4570828
ybaY_predicted,0.0625,15,15,GTGGAGGGAATGCGCACCGC,0,4569497
ybaY_predicted,0.0625,15,15,GTGCTAGCTTTTATTCCACC,0,4567852
ybaY_predicted,0.0625,15,15,GTGCGGCTCTGGTCCTATTG,0,4545649
ybaY_predicted,0.0625,15,15,GTGCCTAAATCGCCCTTTCT,0,4588306
ybaY_predicted,0.0625,15,15,GTGCACCCACGAGAATATGC,0,4577356
ybaY_predicted,0.0625,15,15,GTGATACGACACTCCGCCAT,0,4594758
ybaY_predicted,0.0625,15,15,GTCATGAAGCTGCCTATCAT,0,4596655
ybaY_predicted,0.0625,15,15,GTCATATCCCTTAAAAGCAA,0,4558669
ybaY_predicted,0.0625,15,15,GTCACATGGAGGACTTCTTG,0,4586062
ybaY_predicted,0.0625,15,15,GTAATCATCTATATACGCAA,0,4579286
ybaY_predicted,0.0625,15,15,GTAAGGTCATAGCGGGGGTA,0,4564065
ybaY_predicted,0.0625,15,15,GTAAAATAGAGCGGGTGAAG,0,4569510
ybaY_predicted,0.0625,15,15,GGTTCAAGTCAGTCTACGGG,0,4551486
ybaY_predicted,0.0625,15,15,GGTCGAGGGCTCAACACGAG,0,4546403
ybaY_predicted,0.0625,15,15,GGTATCACGCCGGCATTCTA,0,4556605
ybaY_predicted,0.0625,15,15,GGGGCTCTTCTTTAACATGC,0,4591239
ybaY_predicted,0.0625,15,15,GGGGCGATTCCATCCGAGGG,0,4598556
ybaY_predicted,0.0625,15,15,GGGAGTAGAGCTTCGTCAAT,0,4558472
ybaY_predicted,0.0625,15,15,GGCTGCTCGTTCAGGTGTGT,0,4553244
ybaY_predicted,0.0625,15,15,GGCCTACTAGCGAAGCTAAC,0,4591122
ybaY_predicted,0.0625,15,15,GGCCGCTTGGCGTGAACGGT,0,4573742
ybaY_predicted,0.0625,15,15,GGCCCGCGAGTTACACTCCT,0,4553911
ybaY_predicted,0.0625,15,15,GGCATCATCCTCGTAGGGTT,0,4598586
ybaY_predicted,0.0625,15,15,GGCAACGGGGCTATAGGCCA,0,4572986
ybaY_predicted,0.0625,15,15,GGAGGACGTTCGTCCAGAGA,0,4570318
ybaY_predicted,0.0625,15,15,GGAGACGTGCAGGGTCATTT,0,4572504
ybaY_predicted,0.0625,15,15,GGACGGGGGGGTAGCACCTG,0,4561651
ybaY_predicted,0.0625,15,15,GCTATCTACAAGAGGACTCC,0,4564049
ybaY_predicted,0.0625,15,15,GCGGTATTTACAACCATTAT,0,4544904
ybaY_predicted,0.0625,15,15,GCGCTGTAGATCATGAAGAT,0,4563478
ybaY_predicted,0.0625,15,15,GCGCAGCAAAGCTGCGCGGT,0,4580709
ybaY_predicted,0.0625,15,15,GCGATCTGCGTCTCTACCGA,0,4570248
ybaY_predicted,0.0625,15,15,GCCCACCCGTAGGTTGCCTT,0,4593021
ybaY_predicted,0.0625,15,15,GCCAGGACGTCGTACGACCG,0,4580357
ybaY_predicted,0.0625,15,15,GCAATACCCGGACAATAACG,0,4598109
ybaY_predicted,0.0625,15,15,GCAACGCGCTGAGCCTTGAT,0,4558397
ybaY_predicted,0.0625,15,15,GCAACATCTGGCTGCGCTGG,0,4573401
ybaY_predicted,0.0625,15,15,GATTCTTAGACACAGGGGTA,0,4570846
ybaY_predicted,0.0625,15,15,GATTCCAGCACACGAACCCA,0,4599383
ybaY_predicted,0.0625,15,15,GAGCTCATAAACGCTCCACA,0,4592454
ybaY_predicted,0.0625,15,15,GAGATCTCATTAGTAAAACC,0,4548647
ybaY_predicted,0.0625,15,15,GACGCATAGGGCATGTTAGA,0,4560699
ybaY_predicted,0.0625,15,15,GACGCAAAGTGCCCGACAAA,0,4565781
ybaY_predicted,0.0625,15,15,GACCCAGGGAAATATGCGCC,0,4590566
ybaY_predicted,0.0625,15,15,GACCACCTCTGCAATGCCAT,0,4558553
ybaY_predicted,0.0625,15,15,GACAGCTTCGCATGCAATTT,0,4597834
ybaY_predicted,0.0625,15,15,GAAGCACTCATAAGTCGTAA,0,4545858
ybaY_predicted,0.0625,15,15,CTTCATTCCTGCATCTGCAT,0,4591236
ybaY_predicted,0.0625,15,15,CTTAAGTAGTGCGGAACATA,0,4592742
ybaY_predicted,0.0625,15,15,CTGGTGGGAATAGTCCTCAT,0,4559157
ybaY_predicted,0.0625,15,15,CTGGCCAAACCGGGTCATGC,0,4589376
ybaY_predicted,0.0625,15,15,CTCATATGCTGTGGCATTAT,0,4576776
ybaY_predicted,0.0625,15,15,CTCAGTTGTGACACTGCGGA,0,4551133
ybaY_predicted,0.0625,15,15,CTCAACGGGGTTGCACGGTT,0,4566377
ybaY_predicted,0.0625,15,15,CTAGAGATCTTGGGATGTTA,0,4552350
ybaY_predicted,0.0625,15,15,CTAATCGCCGGGCGATTCTA,0,4571270
ybaY_predicted,0.0625,15,15,CTAACATGGTCCATACGGTA,0,4600420
ybaY_predicted,0.0625,15,15,CGTGTATGCTAATCATAACG,0,4589566
ybaY_predicted,0.0625,15,15,CGTGCTGATGTGTGCTTGAT,0,4581010
ybaY_predicted,0.0625,15,15,CGTGATACAGTCTGCGTGGA,0,4592731
ybaY_predicted,0.0625,15,15,CGTCCTCAAAGAACACTTTC,0,4571226
ybaY_predicted,0.0625,15,15,CGTCCCACGTATAGATTGGT,0,4549343
ybaY_predicted,0.0625,15,15,CGTCAACGTTTTCACCTAGT,0,4593029
ybaY_predicted,0.0625,15,15,CGGTGCCGTCTGTGCGCCGA,0,4591546
ybaY_predicted,0.0625,15,15,CGGTGCATGGTCGATTGACA,0,4584132
ybaY_predicted,0.0625,15,15,CGGTACAATCCGCCAAGTTG,0,4559800
ybaY_predicted,0.0625,15,15,CGGGGATCGTCGAGGCCGCT,0,4587422
ybaY_predicted,0.0625,15,15,CGGCGAGGGATACGTTGCGC,0,4546007
ybaY_predicted,0.0625,15,15,CGGAGTCGGTCAATATAGAT,0,4571200
ybaY_predicted,0.0625,15,15,CGCTGTAGAAAAACAAATCA,0,4586323
ybaY_predicted,0.0625,15,15,CGCTGATAGAATTTAAAGGG,0,4590034
ybaY_predicted,0.0625,15,15,CGCTCGGTAGTCGATTTCGG,0,4577890
ybaY_predicted,0.0625,15,15,CGCGCCTGCACAATTTCTGC,0,4579312
ybaY_predicted,0.0625,15,15,CGATCCAACTTAAGAGCAAT,0,4550505
ybaY_predicted,0.0625,15,15,CGAGGGTATACGTCAGTTGT,0,4599214
ybaY_predicted,0.0625,15,15,CGACCATGAAACATCTGGTT,0,4549912
ybaY_predicted,0.0625,15,15,CGAAGATGACCCGTATGCTC,0,4546070
ybaY_predicted,0.0625,15,15,CCTGTTGTCTGATCCACAGA,0,4556191
ybaY_predicted,0.0625,15,15,CCTGAGGTACATCGATCGGC,0,4560355
ybaY_predicted,0.0625,15,15,CCTCCCCAACCATCAGCAAG,0,4545892
ybaY_predicted,0.0625,15,15,CCGGTTCGGTGAGAAGGTTG,0,4560570
ybaY_predicted,0.0625,15,15,CCGGATGTGAGAAAAGGCGA,0,4572371
ybaY_predicted,0.0625,15,15,CCGCTGCGTTCTGGTAAGCG,0,4594493
ybaY_predicted,0.0625,15,15,CCCTAGAGTCTTCACGTCTA,0,4588108
ybaY_predicted,0.0625,15,15,CCCTACGTAAATAGGTATAT,0,4588798
ybaY_predicted,0.0625,15,15,CCCCGTGCGGTACGTCAAAA,0,4552741
ybaY_predicted,0.0625,15,15,CCCAAGCAGTTTGTGTTAGC,0,4552744
ybaY_predicted,0.0625,15,15,CCCAACTCTTAGGTCTTGGA,0,4568594
ybaY_predicted,0.0625,15,15,CCATCTGGGCGAGGCCAAAC,0,4552531
ybaY_predicted,0.0625,15,15,CCAAAGGCACGGAGGCATGT,0,4566424
ybaY_predicted,0.0625,15,15,CATTTTTGTGTTAGAGGCGG,0,4590596
ybaY_predicted,0.0625,15,15,CATTAGGCCGCCGAGTGTTG,0,4589742
ybaY_predicted,0.0625,15,15,CATAAGTAACTACTTTAGCG,0,4592702
ybaY_predicted,0.0625,15,15,CAGTATGAGAGAAACGTGTT,0,4565334
ybaY_predicted,0.0625,15,15,CAGCTGGCTTGTAGCTCAGT,0,4561837
ybaY_predicted,0.0625,15,15,CAGATTGGGGCGGTCAATAG,0,4571074
ybaY_predicted,0.0625,15,15,CACTTCGCGTTTGGGGAACT,0,4568459
ybaY_predicted,0.0625,15,15,CACTCCTCCAAAATAAGTGT,0,4596269
ybaY_predicted,0.0625,15,15,CACCTCACGTGAGGTCAGCC,0,4556664
ybaY_predicted,0.0625,15,15,CACCCTCACGTGAGTACGCA,0,4551403
ybaY_predicted,0.0625,15,15,CACAGTCCTTGTACAGAGGT,0,4561283
ybaY_predicted,0.0625,15,15,CAATCTTAGAGGCTCGTTGA,0,4553891
ybaY_predicted,0.0625,15,15,CAACGAGAGCGGAAATCAGT,0,4599571
ybaY_predicted,0.0625,15,15,ATTGTAAACGTTCACATTGA,0,4551644
ybaY_predicted,0.0625,15,15,ATTGATGTAAGCGTGGCCCG,0,4562124
ybaY_predicted,0.0625,15,15,ATTCCGCGTGACTGGCTACA,0,4577803
ybaY_predicted,0.0625,15,15,ATTATGTTAGTGTTGCACTC,0,4582318
ybaY_predicted,0.0625,15,15,ATGGTCCCCTCGATTAACCT,0,4570360
ybaY_predicted,0.0625,15,15,ATGGAGCCCACCGTCCTGCG,0,4590343
ybaY_predicted,0.0625,15,15,ATGCGAATGACGGGCGAGGT,0,4574889
ybaY_predicted,0.0625,15,15,ATCTTACGTGGTCAACCTTT,0,4548348
ybaY_predicted,0.0625,15,15,ATCTCGCAACGAATCAACGA,0,4594238
ybaY_predicted,0.0625,15,15,ATCGTATCCCAACACTTCTT,0,4570266
ybaY_predicted,0.0625,15,15,ATCCTGGCCTTCGACGGGCC,0,4550098
ybaY_predicted,0.0625,15,15,ATATGGGTTGACGAATACGG,0,4555872
ybaY_predicted,0.0625,15,15,ATAGGTCGGGTGTCGCACAC,0,4549786
ybaY_predicted,0.0625,15,15,ATAGGCCGGACAGGAATCGC,0,4570288
ybaY_predicted,0.0625,15,15,ATAAAAAACGCCTATTGGGT,0,4579072
ybaY_predicted,0.0625,15,15,AGTTTTAGTCTAGGTAACGG,0,4564413
ybaY_predicted,0.0625,15,15,AGTTCGCAGACGTTCCGAAC,0,4566564
ybaY_predicted,0.0625,15,15,AGTTAGAGGGGTACCTAATG,0,4592524
ybaY_predicted,0.0625,15,15,AGTATGGCTTTCAAACAGGT,0,4559548
ybaY_predicted,0.0625,15,15,AGTACCTGACGCGTGCGGAG,0,4597332
ybaY_predicted,0.0625,15,15,AGGGCGGTAAGCTAACCCTA,0,4567019
ybaY_predicted,0.0625,15,15,AGGACCTCTTACCAGCGAAT,0,4547775
ybaY_predicted,0.0625,15,15,AGCAGTGGATAATTAGCCAA,0,4572132
ybaY_predicted,0.0625,15,15,AGCACGAAGCATTTACTTTC,0,4594514
ybaY_predicted,0.0625,15,15,AGATGTAGAGCTAAGCGTAG,0,4592257
ybaY_predicted,0.0625,15,15,AGATGGTTAAAGACCAAAGA,0,4555380
ybaY_predicted,0.0625,15,15,AGATGGGGGCAGCTTCCTGT,0,4581690
ybaY_predicted,0.0625,15,15,AGATCTACAGACTTGGGCCT,0,4582932
ybaY_predicted,0.0625,15,15,ACTTTTATCACCATGCGAAA,0,4600376
ybaY_predicted,0.0625,15,15,ACTGAAGAGGCGGCTCAACG,0,4588343
ybaY_predicted,0.0625,15,15,ACTCTATTCCCTTTTACTGC,0,4558923
ybaY_predicted,0.0625,15,15,ACTCCAACCACTAGGCGATG,0,4580957
ybaY_predicted,0.0625,15,15,ACTACATGGGCCGTTTCCGA,0,4597870
ybaY_predicted,0.0625,15,15,ACGTTCCGCGAGTTGTGTAA,0,4572739
ybaY_predicted,0.0625,15,15,ACGTGGAGGCCAGGCGCCTG,0,4561932
ybaY_predicted,0.0625,15,15,ACGTCACCACGTCTTCCCGT,0,4570878
ybaY_predicted,0.0625,15,15,ACGTAATAGAGTGTAAGTAT,0,4574312
ybaY_predicted,0.0625,15,15,ACCGCATGCTGTCGTTCTCT,0,4596592
ybaY_predicted,0.0625,15,15,ACATCCATGTATGTCGATTT,0,4559728
ybaY_predicted,0.0625,15,15,AATGTTGGGAATCACCAGTC,0,4577229
ybaY_predicted,0.0625,15,15,AATGGCGCAGACCCAGTCTT,0,4570121
ybaY_predicted,0.0625,15,15,AATGGATATTCAGCCCGTAA,0,4599519
ybaY_predicted,0.0625,15,15,AATCCACCATATTCTTTCTT,0,4587879
ybaY_predicted,0.0625,15,15,AATATGGCCACGTCATTCTT,0,4557340
ybaY_predicted,0.0625,15,15,AATACCTTTACTCCGACGAT,0,4550154
ybaY_predicted,0.0625,15,15,AATAATGGTAGTCGCGTCGG,0,4582484
ybaY_predicted,0.0625,15,15,AAGTCAAAGATATTGGATTA,0,4586722
ybaY_predicted,0.0625,15,15,AAGGATAGAGATCATGGCCT,0,4556341
ybaY_predicted,0.0625,15,15,AACCCTCTCAGGCTCGTACA,0,4577917
ybaY_predicted,0.0625,15,15,AAATGCAAGGCGAGGCCAGG,0,4585761
ybaY_predicted,0.0625,15,15,AAAGCTCTCATTGCAGCGCT,0,4544374
ybaY_predicted,0.0625,15,15,AAAAGTTTTTGGATGGTACT,0,4593297
ybaY_predicted,0.06666666666666667,14,14,TTTTGCGCTCGGTCCTTAAA,0,4549499
ybaY_predicted,0.06666666666666667,14,14,TTTTGAAGGAGACAGCCCGC,0,4569494
ybaY_predicted,0.06666666666666667,14,14,TTTTACTGCCGGTAGCTGAG,0,4583970
ybaY_predicted,0.06666666666666667,14,14,TTTAAACTTATTCTAACAAA,0,4581047
ybaY_predicted,0.06666666666666667,14,14,TTGTGATTCGTATCCATCGG,0,4561776
ybaY_predicted,0.06666666666666667,14,14,TTGTAGCTACAGGGTATGCG,0,4579314
ybaY_predicted,0.06666666666666667,14,14,TTGTACTCCTTCCGTTATAC,0,4561796
ybaY_predicted,0.06666666666666667,14,14,TTGGGTTCTTAACCAGCGAA,0,4594692
ybaY_predicted,0.06666666666666667,14,14,TTGAACCGCTCTTTCCGGTT,0,4545809
ybaY_predicted,0.06666666666666667,14,14,TTCTTATCGCAGACGGCCAT,0,4561056
ybaY_predicted,0.06666666666666667,14,14,TTCTCTTTGACTCAGGTGGT,0,4572047
ybaY_predicted,0.06666666666666667,14,14,TTCGAGGTGCCGTAAAATGT,0,4549079
ybaY_predicted,0.06666666666666667,14,14,TTCCTGGATCACCCAGAGAC,0,4551305
ybaY_predicted,0.06666666666666667,14,14,TTATTTAATACGTTCGTTGG,0,4580954
ybaY_predicted,0.06666666666666667,14,14,TTACAGGGGGACCGTTTTTG,0,4570354
ybaY_predicted,0.06666666666666667,14,14,TGTTTTACCGTCCTGGGCTT,0,4560802
ybaY_predicted,0.06666666666666667,14,14,TGTCAAATCCTGCATTGACC,0,4598871
ybaY_predicted,0.06666666666666667,14,14,TGTATTGACACCCCATACTA,0,4583515
ybaY_predicted,0.06666666666666667,14,14,TGTAGCCGACTTCCCTCGGA,0,4552075
ybaY_predicted,0.06666666666666667,14,14,TGGTGCTTTGAAGCAGCCCT,0,4567070
ybaY_predicted,0.06666666666666667,14,14,TGGGGACGAGCGATTAGGTA,0,4595783
ybaY_predicted,0.06666666666666667,14,14,TGGGAATGAAGCCGGACGAG,0,4570597
ybaY_predicted,0.06666666666666667,14,14,TGGCGTAGGCAGATCATGAA,0,4546586
ybaY_predicted,0.06666666666666667,14,14,TGGCCTGGACTCATGTACAT,0,4561223
ybaY_predicted,0.06666666666666667,14,14,TGGATCTTAACCAATCCAAT,0,4572081
ybaY_predicted,0.06666666666666667,14,14,TGGACCTAGCCCGAAATGAT,0,4550060
ybaY_predicted,0.06666666666666667,14,14,TGCTGGAGGGCTGCAGGACT,0,4554613
ybaY_predicted,0.06666666666666667,14,14,TGCTGCTCCCTTGGTGGCTA,0,4556803
ybaY_predicted,0.06666666666666667,14,14,TGCCCTATAGTATTTTAGAC,0,4587472
ybaY_predicted,0.06666666666666667,14,14,TGCCATCGAGAGCGGGGTAG,0,4580913
ybaY_predicted,0.06666666666666667,14,14,TGATGGTGCTCAAAGATGCT,0,4575443
ybaY_predicted,0.06666666666666667,14,14,TGAGGGGACGACCCCTTTAC,0,4580953
ybaY_predicted,0.06666666666666667,14,14,TCTTCATCGGCGACGTCCTA,0,4594880
ybaY_predicted,0.06666666666666667,14,14,TCTGCTTAACTTTAGTCACA,0,4565464
ybaY_predicted,0.06666666666666667,14,14,TCTGCGGACCGTGCGAGGTC,0,4594447
ybaY_predicted,0.06666666666666667,14,14,TCTGAGGGTTGAGTCGGCCT,0,4592992
ybaY_predicted,0.06666666666666667,14,14,TCTCCGTAGATTTGGGTCTG,0,4598072
ybaY_predicted,0.06666666666666667,14,14,TCGTTTCAAACAATTGGGAT,0,4588066
ybaY_predicted,0.06666666666666667,14,14,TCGGCGTACAAAGGCGGTAA,0,4582867
ybaY_predicted,0.06666666666666667,14,14,TCCTTCAGTGCATCGGGACG,0,4567023
ybaY_predicted,0.06666666666666667,14,14,TCCTTAAGCCTTCAGCAAGT,0,4569952
ybaY_predicted,0.06666666666666667,14,14,TCCATCAGGAAACACTACGT,0,4595358
ybaY_predicted,0.06666666666666667,14,14,TCATCGAATGCCTTCTCATT,0,4554501
ybaY_predicted,0.06666666666666667,14,14,TCATCACTGTGATCGTGCTT,0,4554751
ybaY_predicted,0.06666666666666667,14,14,TCACATGGCTTTTTCTAATC,0,4569431
ybaY_predicted,0.06666666666666667,14,14,TCACATCGGATCGCGAATCA,0,4556297
ybaY_predicted,0.06666666666666667,14,14,TCAAATGGTGTTCTAGAATG,0,4572212
ybaY_predicted,0.06666666666666667,14,14,TATCGCGCCCTCGATTCGTT,0,4558993
ybaY_predicted,0.06666666666666667,14,14,TATACTTTAAGTTATGGTTC,0,4579676
ybaY_predicted,0.06666666666666667,14,14,TAGCCAGTGGGTCCGGTCCA,0,4578637
ybaY_predicted,0.06666666666666667,14,14,TAGACTACTGCACCTTTTTA,0,4545683
ybaY_predicted,0.06666666666666667,14,14,TACACGATCGCAGTACCGGT,0,4553008
ybaY_predicted,0.06666666666666667,14,14,TACAACCCATTCGTTTCTAC,0,4582570
ybaY_predicted,0.06666666666666667,14,14,TAATCGAAACGCGAACCTGT,0,4588813
ybaY_predicted,0.06666666666666667,14,14,TAAGTGACGAGGGCCACACC,0,4591965
ybaY_predicted,0.06666666666666667,14,14,TAAGCTATTCGGGAGCACGT,0,4549549
ybaY_predicted,0.06666666666666667,14,14,TAAGAGGGAATGGACCCTGA,0,4572947
ybaY_predicted,0.06666666666666667,14,14,GTTTGGGGGTCTACTAACGT,0,4589667
ybaY_predicted,0.06666666666666667,14,14,GTTTGGGCCAGCGGGAGAAT,0,4544987
ybaY_predicted,0.06666666666666667,14,14,GTTGAAGGAGTCACTTCTTG,0,4591432
ybaY_predicted,0.06666666666666667,14,14,GTTACAATCATGCCCTGTAC,0,4577901
ybaY_predicted,0.06666666666666667,14,14,GTGTCCTTCCAGCCAAGTAC,0,4577444
ybaY_predicted,0.06666666666666667,14,14,GTGGTTAACGGGCAAGTAGC,0,4573522
ybaY_predicted,0.06666666666666667,14,14,GTCTCTTATATAAAAGTAAT,0,4571095
ybaY_predicted,0.06666666666666667,14,14,GTCGCCAAATATCCCATATT,0,4568777
ybaY_predicted,0.06666666666666667,14,14,GTATTATTACAGGTGGAGAT,0,4564193
ybaY_predicted,0.06666666666666667,14,14,GTATCCGAGTTTGTTAAGAA,0,4563668
ybaY_predicted,0.06666666666666667,14,14,GTAGGCTACGATAGTCGTTG,0,4592818
ybaY_predicted,0.06666666666666667,14,14,GGTTGGGCTCTATTAGAGCT,0,4595608
ybaY_predicted,0.06666666666666667,14,14,GGTTCGGCACGGAACCTTTT,0,4574613
ybaY_predicted,0.06666666666666667,14,14,GGTGTAGGGTCTAGACGAGG,0,4568863
ybaY_predicted,0.06666666666666667,14,14,GGTAGTCTGACGCTTCAACA,0,4548565
ybaY_predicted,0.06666666666666667,14,14,GGGTACCTTCGGTGGCATCT,0,4557147
ybaY_predicted,0.06666666666666667,14,14,GGGGTTGGAGCGGCTTTAAG,0,4552926
ybaY_predicted,0.06666666666666667,14,14,GGGAGCAGTAGATGTCAGGA,0,4578033
ybaY_predicted,0.06666666666666667,14,14,GGCGTCTGGATGAGGTAATT,0,4590238
ybaY_predicted,0.06666666666666667,14,14,GGCCTCAGTTCCCGAGAATC,0,4585723
ybaY_predicted,0.06666666666666667,14,14,GGCACGTTTGCGATCTTCTT,0,4561862
ybaY_predicted,0.06666666666666667,14,14,GGCAAAAGTAGCTGTGGGTA,0,4551777
ybaY_predicted,0.06666666666666667,14,14,GGATAACACGCAATGTCACT,0,4545915
ybaY_predicted,0.06666666666666667,14,14,GCTTCGCCCAGTCACCGGCA,0,4570186
ybaY_predicted,0.06666666666666667,14,14,GCTTAGCGTCTTGTTGTCTG,0,4564635
ybaY_predicted,0.06666666666666667,14,14,GCTGAACTGTAAGGGAAGCA,0,4553547
ybaY_predicted,0.06666666666666667,14,14,GCTCTTCGATCCACTATTGT,0,4559639
ybaY_predicted,0.06666666666666667,14,14,GCTATTAGCTGCGGCTGGAG,0,4561770
ybaY_predicted,0.06666666666666667,14,14,GCTATGTTATCATGATGCAT,0,4550775
ybaY_predicted,0.06666666666666667,14,14,GCGGTTCATGAGGAGCTCAT,0,4552844
ybaY_predicted,0.06666666666666667,14,14,GCGGCCCTGCAGTGAAATTT,0,4597676
ybaY_predicted,0.06666666666666667,14,14,GCGCCATTCCAGACATTCAA,0,4582133
ybaY_predicted,0.06666666666666667,14,14,GCGAAGCGTGTGCTATAATC,0,4555227
ybaY_predicted,0.06666666666666667,14,14,GCCTCAATCAAATGGCGGTT,0,4593085
ybaY_predicted,0.06666666666666667,14,14,GCCGATGCTGGTGCTTACGA,0,4557383
ybaY_predicted,0.06666666666666667,14,14,GCCCTGGTCCTTCCAATTGC,0,4556445
ybaY_predicted,0.06666666666666667,14,14,GCCATTCTGCATAATATGGC,0,4552029
ybaY_predicted,0.06666666666666667,14,14,GCAATGCTGAGTAGTCATCT,0,4588905
ybaY_predicted,0.06666666666666667,14,14,GCAAGGTTGGCTCTCAAGTA,0,4555253
ybaY_predicted,0.06666666666666667,14,14,GCAAAAATGTGGTGTACCGT,0,4583711
ybaY_predicted,0.06666666666666667,14,14,GATGAATCCTCGTTAACTTC,0,4577248
ybaY_predicted,0.06666666666666667,14,14,GATAGAATCCGCTAGTATGC,0,4592253
ybaY_predicted,0.06666666666666667,14,14,GAGTCACCTTTGCGCAGTGA,0,4547199
ybaY_predicted,0.06666666666666667,14,14,GAGTAAGAAGCCCACGTTCA,0,4548224
ybaY_predicted,0.06666666666666667,14,14,GAGCGTATCGTTATTCTGGT,0,4546633
ybaY_predicted,0.06666666666666667,14,14,GAGATGTCCGGTCATTGCGC,0,4563796
ybaY_predicted,0.06666666666666667,14,14,GAGACCGGGTAGCACCTGCA,0,4551812
ybaY_predicted,0.06666666666666667,14,14,GACGTTAGTGACCGTAATAG,0,4547176
ybaY_predicted,0.06666666666666667,14,14,GACGTCACCAAGCCAGGATC,0,4544931
ybaY_predicted,0.06666666666666667,14,14,GACATCAATGTCACTCTAAT,0,4564207
ybaY_predicted,0.06666666666666667,14,14,GAAGTTGCATGCCTTGGTTT,0,4596450
ybaY_predicted,0.06666666666666667,14,14,GAAATGAGCCTTCCATCGGG,0,4555702
ybaY_predicted,0.06666666666666667,14,14,GAAAGTGAAGGCCAGAAAGT,0,4559896
ybaY_predicted,0.06666666666666667,14,14,GAAAATAAGGGACTCGTACA,0,4558463
ybaY_predicted,0.06666666666666667,14,14,CTTGAGCTCACAAAATATTG,0,4599346
ybaY_predicted,0.06666666666666667,14,14,CTTAGTAATAAGCAAGATGC,0,4577796
ybaY_predicted,0.06666666666666667,14,14,CTTAACGCCCTAAGGGTTCA,0,4593469
ybaY_predicted,0.06666666666666667,14,14,CTGTGCACTGGGCCTTAAGG,0,4561442
ybaY_predicted,0.06666666666666667,14,14,CTGTAGCTGGTTGTTCGTCT,0,4586771
ybaY_predicted,0.06666666666666667,14,14,CTGGCTGTATATGGCTTACT,0,4544431
ybaY_predicted,0.06666666666666667,14,14,CTGCTTCCGGGAGTCCCAGA,0,4567024
ybaY_predicted,0.06666666666666667,14,14,CTGAGTAAAGGTCAGACTAC,0,4581724
ybaY_predicted,0.06666666666666667,14,14,CTGAGCACGAAATACAGTGA,0,4574753
ybaY_predicted,0.06666666666666667,14,14,CTGACTTCACTATATCGTGA,0,4577000
ybaY_predicted,0.06666666666666667,14,14,CTGACATAAGCTATATGATG,0,4597544
ybaY_predicted,0.06666666666666667,14,14,CTCTTACCTACGGCGTCACT,0,4564899
ybaY_predicted,0.06666666666666667,14,14,CTCTATAGGATTTTTGGCAA,0,4545284
ybaY_predicted,0.06666666666666667,14,14,CTCTAAGCGTCAGAGCGATT,0,4583857
ybaY_predicted,0.06666666666666667,14,14,CTCGGGCTCGTACTCAAGGC,0,4591762
ybaY_predicted,0.06666666666666667,14,14,CTCCCGTTCGCACTGAAATT,0,4584947
ybaY_predicted,0.06666666666666667,14,14,CTCCCGGTACAACGAAAGAC,0,4579873
ybaY_predicted,0.06666666666666667,14,14,CTCCCCTGCGTGGGGCCCGT,0,4551900
ybaY_predicted,0.06666666666666667,14,14,CTCAGGCGAATGCATTGTCT,0,4577927
ybaY_predicted,0.06666666666666667,14,14,CTCACGCTAGTCAGGCCTTT,0,4559376
ybaY_predicted,0.06666666666666667,14,14,CTAGGTGCTAAGCAGTCGGT,0,4554244
ybaY_predicted,0.06666666666666667,14,14,CTACGAAAGGGTAATGGCAG,0,4593333
ybaY_predicted,0.06666666666666667,14,14,CGTCTAGTGAGGCTCGATAA,0,4583865
ybaY_predicted,0.06666666666666667,14,14,CGTAGGCTGATTGTCCCCCG,0,4547615
ybaY_predicted,0.06666666666666667,14,14,CGTAGCCCCCAACGAAATGA,0,4557363
ybaY_predicted,0.06666666666666667,14,14,CGGGTCTATATGAAATGTTC,0,4583989
ybaY_predicted,0.06666666666666667,14,14,CGGGTAGCGCGGCTATCAAT,0,4600301
ybaY_predicted,0.06666666666666667,14,14,CGGCTCGATACACGACAGGG,0,4555762
ybaY_predicted,0.06666666666666667,14,14,CGGAACGGACAACAGTGTAC,0,4578243
ybaY_predicted,0.06666666666666667,14,14,CGCTGCGGTGGACAATATTA,0,4579934
ybaY_predicted,0.06666666666666667,14,14,CGCACGTAGGGTTTGTCGTA,0,4599465
ybaY_predicted,0.06666666666666667,14,14,CGCAAACCGAAATTACACAT,0,4556714
ybaY_predicted,0.06666666666666667,14,14,CGATTACTGCATCGCGGAGT,0,4592469
ybaY_predicted,0.06666666666666667,14,14,CGATGGGAGGCGTGAGTTTG,0,4585587
ybaY_predicted,0.06666666666666667,14,14,CGAATGACATCGGGCCGTCG,0,4574609
ybaY_predicted,0.06666666666666667,14,14,CGAAAGCGACCGAGTAAGAT,0,4576929
ybaY_predicted,0.06666666666666667,14,14,CCTTGCGGCTAGAATTCTAT,0,4548959
ybaY_predicted,0.06666666666666667,14,14,CCTCGGGGCTCTACACTACA,0,4566486
ybaY_predicted,0.06666666666666667,14,14,CCTCGAATAATGTAGTACCA,0,4579576
ybaY_predicted,0.06666666666666667,14,14,CCTCCTTGTTACAGGACGAC,0,4559364
ybaY_predicted,0.06666666666666667,14,14,CCTATCAAGTATTTTCAGGG,0,4546720
ybaY_predicted,0.06666666666666667,14,14,CCTACGCAATGGAATCGTCT,0,4569556
ybaY_predicted,0.06666666666666667,14,14,CCGTGCTATACGAATATTGC,0,4591804
ybaY_predicted,0.06666666666666667,14,14,CCGGCAAATGGTTGCGATGA,0,4587245
ybaY_predicted,0.06666666666666667,14,14,CCGATGTCTTCACGCGGTGC,0,4550183
ybaY_predicted,0.06666666666666667,14,14,CCCTCTGTGACTTGTATTAA,0,4568630
ybaY_predicted,0.06666666666666667,14,14,CCCTCCGTCGCAGCGGTCTC,0,4569167
ybaY_predicted,0.06666666666666667,14,14,CCCTCAGGTCGTTCTACAGA,0,4560534
ybaY_predicted,0.06666666666666667,14,14,CCCTATAAAAAGAAGTCACT,0,4545559
ybaY_predicted,0.06666666666666667,14,14,CCCAGCCCACAAGAAGAGTT,0,4586135
ybaY_predicted,0.06666666666666667,14,14,CCATTTGTGCGTGTCGCGCC,0,4586558
ybaY_predicted,0.06666666666666667,14,14,CCAGTTAAGAGAACGTCCCG,0,4546949
ybaY_predicted,0.06666666666666667,14,14,CCAACATCGGATCATAGCGC,0,4567386
ybaY_predicted,0.06666666666666667,14,14,CCAAAATGGTACATCAACAT,0,4580608
ybaY_predicted,0.06666666666666667,14,14,CATTTGGTCATTAGTTCATT,0,4591599
ybaY_predicted,0.06666666666666667,14,14,CATCATTCTGCTTGCTGGTC,0,4559881
ybaY_predicted,0.06666666666666667,14,14,CATACCCACACGCGCAGGTG,0,4552920
ybaY_predicted,0.06666666666666667,14,14,CAGTTTCGGTCAACGGGCTC,0,4576947
ybaY_predicted,0.06666666666666667,14,14,CAGTAGAGGAAAAAGTAATC,0,4563428
ybaY_predicted,0.06666666666666667,14,14,CAGGTCGCACGGGGTTTCAT,0,4571166
ybaY_predicted,0.06666666666666667,14,14,CAGAGTTGGGAGCTTCCAAT,0,4566220
ybaY_predicted,0.06666666666666667,14,14,CAGACAGTCTTACACCTAAT,0,4594908
ybaY_predicted,0.06666666666666667,14,14,CACGTGGACGGGCGGACAGG,0,4584684
ybaY_predicted,0.06666666666666667,14,14,CACGCGGCAACGACTACAAT,0,4567778
ybaY_predicted,0.06666666666666667,14,14,CACAAATACATCCGGGCGCG,0,4562504
ybaY_predicted,0.06666666666666667,14,14,CAATGGGCCGTCTCCTCACC,0,4568877
ybaY_predicted,0.06666666666666667,14,14,CAAAGCAGGTGCGGCGCTGT,0,4573233
ybaY_predicted,0.06666666666666667,14,14,CAAAGAATGAATGGCGTGCT,0,4587297
ybaY_predicted,0.06666666666666667,14,14,CAAACTTACAAGATAAGTGC,0,4568348
ybaY_predicted,0.06666666666666667,14,14,CAAACAAACTTATGGTTGTC,0,4595368
ybaY_predicted,0.06666666666666667,14,14,ATTTTAATTAGGTACTTTAG,0,4550492
ybaY_predicted,0.06666666666666667,14,14,ATTCCTTGGTCAGTAAATAT,0,4570340
ybaY_predicted,0.06666666666666667,14,14,ATTCCACGAGGGGGCCATCA,0,4577529
ybaY_predicted,0.06666666666666667,14,14,ATGTGTATACTCGGCAGCAT,0,4565804
ybaY_predicted,0.06666666666666667,14,14,ATGTCGCAACTGGTCCTCAT,0,4554811
ybaY_predicted,0.06666666666666667,14,14,ATGTACGCTATCGAGAGTCC,0,4584816
ybaY_predicted,0.06666666666666667,14,14,ATGCCCACATTATCCCATAC,0,4553141
ybaY_predicted,0.06666666666666667,14,14,ATCTGGACTGCCGACGCGGT,0,4559267
ybaY_predicted,0.06666666666666667,14,14,ATCTAGCAGAGCGATCCCGC,0,4575624
ybaY_predicted,0.06666666666666667,14,14,ATCCGGGTCTGGAATGGGTC,0,4583168
ybaY_predicted,0.06666666666666667,14,14,ATCCCGAGTACGCAGATGAA,0,4568510
ybaY_predicted,0.06666666666666667,14,14,ATCATCCCTGCGTAGAGTGA,0,4564576
ybaY_predicted,0.06666666666666667,14,14,ATAGTCTTGCTCGTGGCGCT,0,4562365
ybaY_predicted,0.06666666666666667,14,14,ATAGTAGAATTGGGAAAAAA,0,4576459
ybaY_predicted,0.06666666666666667,14,14,ATAGGCGCTCTTGTTAACCA,0,4566565
ybaY_predicted,0.06666666666666667,14,14,ATAGATGCACGCCCTGAGAC,0,4554478
ybaY_predicted,0.06666666666666667,14,14,ATACTGAGATTACAACTACA,0,4594440
ybaY_predicted,0.06666666666666667,14,14,AGTTGGGTCAGGTGAGGCGC,0,4587069
ybaY_predicted,0.06666666666666667,14,14,AGTTGACCGTGGTGCCTTAA,0,4553809
ybaY_predicted,0.06666666666666667,14,14,AGTGTGGTTTGCAATCTCAA,0,4544492
ybaY_predicted,0.06666666666666667,14,14,AGTGTGACGGTTCGGCCACA,0,4596829
ybaY_predicted,0.06666666666666667,14,14,AGTGACTAGCCGCTCACCGA,0,4593335
ybaY_predicted,0.06666666666666667,14,14,AGTCTGGTCGAGCTTGTTAA,0,4563822
ybaY_predicted,0.06666666666666667,14,14,AGTCTCGCCTAGGATATGAG,0,4568515
ybaY_predicted,0.06666666666666667,14,14,AGGACTGATAAACGTTTTAG,0,4576316
ybaY_predicted,0.06666666666666667,14,14,AGCTCCGACGCCAGAAATAG,0,4578338
ybaY_predicted,0.06666666666666667,14,14,AGCTAGCGATGGCGTGCGGA,0,4565767
ybaY_predicted,0.06666666666666667,14,14,AGCCGTGCCATGAAAAAGAT,0,4572078
ybaY_predicted,0.06666666666666667,14,14,AGCCATGAAAATGCGAGCGG,0,4585421
ybaY_predicted,0.06666666666666667,14,14,AGCAGTATTATTTGCCTCGA,0,4559145
ybaY_predicted,0.06666666666666667,14,14,AGCAAGGAAAATCGAGCAGG,0,4587520
ybaY_predicted,0.06666666666666667,14,14,AGAGCCTCCACAAGTGATGG,0,4578515
ybaY_predicted,0.06666666666666667,14,14,AGACACCTCATTTTCCGTAA,0,4574660
ybaY_predicted,0.06666666666666667,14,14,AGAAGTTTCGCATCCGATCA,0,4551444
ybaY_predicted,0.06666666666666667,14,14,AGAAGAGAGCCACATGTACC,0,4570938
ybaY_predicted,0.06666666666666667,14,14,AGAAAGTTGTGGCCAGCCTA,0,4582972
ybaY_predicted,0.06666666666666667,14,14,ACTCGAACGCGCGACTCGCG,0,4545103
ybaY_predicted,0.06666666666666667,14,14,ACGCGCAATGCCGATTGACG,0,4596314
ybaY_predicted,0.06666666666666667,14,14,ACGCCCACGCTGCGGGAAAA,0,4546663
ybaY_predicted,0.06666666666666667,14,14,ACCTTAAACGTGGGCACTCG,0,4596990
ybaY_predicted,0.06666666666666667,14,14,ACCTCCACCTCCTAAGAAAC,0,4549964
ybaY_predicted,0.06666666666666667,14,14,ACCCTCTGCGTCCACTCAAG,0,4599741
ybaY_predicted,0.06666666666666667,14,14,ACATCTGGAGGATAAGGCAT,0,4572121
ybaY_predicted,0.06666666666666667,14,14,ACAAGGCGGAATAAAATCCC,0,4571832
ybaY_predicted,0.06666666666666667,14,14,AATGGATGTGTAAGCGTCTG,0,4554408
ybaY_predicted,0.06666666666666667,14,14,AATCTGGTTCGCCTCGGTAC,0,4581884
ybaY_predicted,0.06666666666666667,14,14,AATATGAGGAGCAATATCAT,0,4583408
ybaY_predicted,0.06666666666666667,14,14,AATAAAGACTCGATGTTCCG,0,4574106
ybaY_predicted,0.06666666666666667,14,14,AAGTCAATACTTTTTCTAGA,0,4590551
ybaY_predicted,0.06666666666666667,14,14,AAGGGGTAGATAGGCTACCT,0,4578276
ybaY_predicted,0.06666666666666667,14,14,AAGGAGTAGGGCAATTTGGT,0,4598082
ybaY_predicted,0.06666666666666667,14,14,AAGAAGAAGTTTTCGTCAAC,0,4558423
ybaY_predicted,0.06666666666666667,14,14,AACCGGTCTCCTTGCGCACT,0,4600019
ybaY_predicted,0.06666666666666667,14,14,AACCACGGTCTGTGTATACA,0,4558018
ybaY_predicted,0.06666666666666667,14,14,AAAAGATTAGGTTGACGTCA,0,4545641
ybaY_predicted,0.06666666666666667,14,14,AAAAGATGGGCCTGGATCTT,0,4595676
ybaY_predicted,0.07142857142857142,13,13,TTTTGCAGCTACGTTGTGCG,0,4559924
ybaY_predicted,0.07142857142857142,13,13,TTGTCGCATATAAGTTTCGC,0,4561177
ybaY_predicted,0.07142857142857142,13,13,TTGAAGCGGAATCTTCCATG,0,4586783
ybaY_predicted,0.07142857142857142,13,13,TTCTCGCACCTAGAAAATGA,0,4567246
ybaY_predicted,0.07142857142857142,13,13,TTATAAGACGATGCTTGGTG,0,4569297
ybaY_predicted,0.07142857142857142,13,13,TTAGCAAGACCTCCCTGGGT,0,4568718
ybaY_predicted,0.07142857142857142,13,13,TTACGGTACCGACGCATCCG,0,4549104
ybaY_predicted,0.07142857142857142,13,13,TTAAGTAGTGGTCCACCGAC,0,4575497
ybaY_predicted,0.07142857142857142,13,13,TGTTTTCGTCTTCAGGGGCA,0,4599805
ybaY_predicted,0.07142857142857142,13,13,TGTAATAACTAAGCTTGGCT,0,4582683
ybaY_predicted,0.07142857142857142,13,13,TGGTGGTTTCTGATGGTGCA,0,4586454
ybaY_predicted,0.07142857142857142,13,13,TGGACGTCGGGACAATAAGG,0,4590116
ybaY_predicted,0.07142857142857142,13,13,TGGACGCAGTAAATGTGTAT,0,4552689
ybaY_predicted,0.07142857142857142,13,13,TGCTCACTCGATTTGACCAG,0,4549232
ybaY_predicted,0.07142857142857142,13,13,TGCTACTTTTCGTAGTGATG,0,4551047
ybaY_predicted,0.07142857142857142,13,13,TGCGTGTTTGCCCACGTGGG,0,4563575
ybaY_predicted,0.07142857142857142,13,13,TGCATGTCAACAGGAATTTA,0,4567288
ybaY_predicted,0.07142857142857142,13,13,TGCACTCGACTACCGACCGA,0,4582860
ybaY_predicted,0.07142857142857142,13,13,TGCAAAAAGGTCTGTTAGTA,0,4572748
ybaY_predicted,0.07142857142857142,13,13,TGATGTGTTACTCCTTGTAA,0,4557766
ybaY_predicted,0.07142857142857142,13,13,TCTTGTATTTATTTTCTAGA,0,4590997
ybaY_predicted,0.07142857142857142,13,13,TCTGAAACTTCGGAATGAGC,0,4561673
ybaY_predicted,0.07142857142857142,13,13,TCGTGACGTCGGTGCACACC,0,4565806
ybaY_predicted,0.07142857142857142,13,13,TCGTCTATACCTTAGAACGT,0,4561731
ybaY_predicted,0.07142857142857142,13,13,TCGGCGTGATTGGTCTAAAG,0,4562614
ybaY_predicted,0.07142857142857142,13,13,TCGCCGGGTTGTTTGACTCT,0,4558072
ybaY_predicted,0.07142857142857142,13,13,TCGAGGACAGAGGTATCGTT,0,4545682
ybaY_predicted,0.07142857142857142,13,13,TCCGCGGTCTATCGATTAGT,0,4555061
ybaY_predicted,0.07142857142857142,13,13,TCCATTCATCGAATTAGTCT,0,4588359
ybaY_predicted,0.07142857142857142,13,13,TCCAGCTGTCATGCAGCCGC,0,4573189
ybaY_predicted,0.07142857142857142,13,13,TCCACGAGAAAAGCTGCGTA,0,4595743
ybaY_predicted,0.07142857142857142,13,13,TCATGGGTTTAACGTCCGAA,0,4597039
ybaY_predicted,0.07142857142857142,13,13,TCATACTATATACAAGGATC,0,4577038
ybaY_predicted,0.07142857142857142,13,13,TCATACACCAGTGTGCAGTA,0,4551559
ybaY_predicted,0.07142857142857142,13,13,TCAGAACTGCTATTCATTCA,0,4581722
ybaY_predicted,0.07142857142857142,13,13,TCACTTGTCCCTGAATGCCT,0,4580464
ybaY_predicted,0.07142857142857142,13,13,TCACTAATCGGATTTACCAC,0,4593520
ybaY_predicted,0.07142857142857142,13,13,TCAATACCGCCGAGGTATGT,0,4591641
ybaY_predicted,0.07142857142857142,13,13,TATTGGTGGCGCATTTCAGA,0,4588759
ybaY_predicted,0.07142857142857142,13,13,TATGGGGCGGGCGTATCACC,0,4591030
ybaY_predicted,0.07142857142857142,13,13,TATGGGACTATCCGGCATGT,0,4591544
ybaY_predicted,0.07142857142857142,13,13,TAGGGCGAGGTCGAGTGCCT,0,4545727
ybaY_predicted,0.07142857142857142,13,13,TAGGATTTAGATAATAATAG,0,4560194
ybaY_predicted,0.07142857142857142,13,13,TAGAGGTAATCGCTACAAAC,0,4550475
ybaY_predicted,0.07142857142857142,13,13,TAGAAGTTAGCTGCACTCGC,0,4570337
ybaY_predicted,0.07142857142857142,13,13,TACTCTGGCCTTCCGGGGGG,0,4577959
ybaY_predicted,0.07142857142857142,13,13,TACGGCTGGTCTGCAATCTA,0,4549796
ybaY_predicted,0.07142857142857142,13,13,TACCGAACCCAGGCAAGGAT,0,4579859
ybaY_predicted,0.07142857142857142,13,13,TACATGTACGGATCTTATGA,0,4548675
ybaY_predicted,0.07142857142857142,13,13,TAACTGCCACGCAGCAAACG,0,4596541
ybaY_predicted,0.07142857142857142,13,13,TAAAATGTATAGTTCGCGGG,0,4594175
ybaY_predicted,0.07142857142857142,13,13,GTTTCCGGCACGTGTTCGAG,0,4545614
ybaY_predicted,0.07142857142857142,13,13,GTTCTTTCCTGTGGGCTCCC,0,4570683
ybaY_predicted,0.07142857142857142,13,13,GTTCTTGTACGCGATCACGA,0,4586556
ybaY_predicted,0.07142857142857142,13,13,GTTATTCTGCACGGTGGGGC,0,4563174
ybaY_predicted,0.07142857142857142,13,13,GTTATGTAAAACGCCGGCGA,0,4578703
ybaY_predicted,0.07142857142857142,13,13,GTTAGTAAATTTCTCTCGAC,0,4575075
ybaY_predicted,0.07142857142857142,13,13,GTGGTTTGTGTCGGTGGAAT,0,4553605
ybaY_predicted,0.07142857142857142,13,13,GTGGGGTTCTGAGAACCCTG,0,4572713
ybaY_predicted,0.07142857142857142,13,13,GTGCACACCTGTCGCATGAA,0,4585107
ybaY_predicted,0.07142857142857142,13,13,GTGATTTGCGAGGTGATCCG,0,4565112
ybaY_predicted,0.07142857142857142,13,13,GTGAGTCAAGCTAGGGTGGG,0,4582882
ybaY_predicted,0.07142857142857142,13,13,GTGACTACGCTACCGGGTTT,0,4577911
ybaY_predicted,0.07142857142857142,13,13,GTGACAGTATCAAGACCTGC,0,4565211
ybaY_predicted,0.07142857142857142,13,13,GTGAAGTTACCACATCCTGG,0,4582163
ybaY_predicted,0.07142857142857142,13,13,GTCGGGCGCTCAGCTCGTGG,0,4571734
ybaY_predicted,0.07142857142857142,13,13,GTCATCGGGCGGGTTATCCT,0,4552962
ybaY_predicted,0.07142857142857142,13,13,GTCATCGATGTCAGATCTTA,0,4556716
ybaY_predicted,0.07142857142857142,13,13,GTAGGCTAAGAGACTAGGAA,0,4569328
ybaY_predicted,0.07142857142857142,13,13,GTACTGTTTGCTTAGATCAC,0,4584254
ybaY_predicted,0.07142857142857142,13,13,GTACTCGGGCGAGCTCTCGC,0,4554361
ybaY_predicted,0.07142857142857142,13,13,GGTTTTTTATCGGACCTGGT,0,4581520
ybaY_predicted,0.07142857142857142,13,13,GGTTTATTACGAATTTCATA,0,4555393
ybaY_predicted,0.07142857142857142,13,13,GGTTGGAGTCTGCCTTCGCC,0,4570438
ybaY_predicted,0.07142857142857142,13,13,GGTTCTGCGATAGCGAACGT,0,4566509
ybaY_predicted,0.07142857142857142,13,13,GGTGCATATTGCTTCTATGC,0,4560693
ybaY_predicted,0.07142857142857142,13,13,GGTCCGCTACCCCTGTAAAG,0,4547386
ybaY_predicted,0.07142857142857142,13,13,GGTCCGAGCTCCGTATGGTT,0,4593088
ybaY_predicted,0.07142857142857142,13,13,GGTACGGATCCCGCCCCTCT,0,4597514
ybaY_predicted,0.07142857142857142,13,13,GGGTATTAAGGAGTCTACCA,0,4545595
ybaY_predicted,0.07142857142857142,13,13,GGGCTCCAGATGGATATACA,0,4583409
ybaY_predicted,0.07142857142857142,13,13,GGGATCTCGCATGAAGATTG,0,4572684
ybaY_predicted,0.07142857142857142,13,13,GGCTATCATCTAGCACATAC,0,4552154
ybaY_predicted,0.07142857142857142,13,13,GGCGGTGTCAAGCTCCTGGA,0,4566140
ybaY_predicted,0.07142857142857142,13,13,GGCCTACTCGAAGAAAAAGA,0,4593950
ybaY_predicted,0.07142857142857142,13,13,GGCCCGGCTTACAACGCGGT,0,4592329
ybaY_predicted,0.07142857142857142,13,13,GGATGCACGATTAGTGCAAA,0,4600576
ybaY_predicted,0.07142857142857142,13,13,GGATGCACATACCAAGAATT,0,4600322
ybaY_predicted,0.07142857142857142,13,13,GGATAAACTCTCCAGCGACG,0,4558344
ybaY_predicted,0.07142857142857142,13,13,GGAATACTCCTCGGCGTTCG,0,4584244
ybaY_predicted,0.07142857142857142,13,13,GCTTAGAGGCTGGACTCCCC,0,4580036
ybaY_predicted,0.07142857142857142,13,13,GCTTAAGGCTTATCCGGGCT,0,4567264
ybaY_predicted,0.07142857142857142,13,13,GCTATGCCGCGAGCGGTCGT,0,4574855
ybaY_predicted,0.07142857142857142,13,13,GCTATGCCCCCTCTATTCGT,0,4587367
ybaY_predicted,0.07142857142857142,13,13,GCTAAGCTCCCAGGGTCATT,0,4570726
ybaY_predicted,0.07142857142857142,13,13,GCGTTCGACATCGACGACGA,0,4576666
ybaY_predicted,0.07142857142857142,13,13,GCGGGCTTTGGTGAAAGTTC,0,4557960
ybaY_predicted,0.07142857142857142,13,13,GCGGCGGAAAGAGCGGTCTA,0,4560820
ybaY_predicted,0.07142857142857142,13,13,GCGGCAGGTTACCAGGGAAT,0,4573911
ybaY_predicted,0.07142857142857142,13,13,GCGCGGGTCGCGCTCAATTA,0,4587792
ybaY_predicted,0.07142857142857142,13,13,GCGCAGTCTTTGCGCGGTTC,0,4567249
ybaY_predicted,0.07142857142857142,13,13,GCGACAAAGCTTGTCAGATT,0,4558105
ybaY_predicted,0.07142857142857142,13,13,GCCTCGGGAGGAGCCGATGG,0,4556721
ybaY_predicted,0.07142857142857142,13,13,GCCTATCAACCCTTCCCACC,0,4557934
ybaY_predicted,0.07142857142857142,13,13,GCCGTAGGACATAACTGGGG,0,4544716
ybaY_predicted,0.07142857142857142,13,13,GCCGTACAATGGTCTTCAGC,0,4574954
ybaY_predicted,0.07142857142857142,13,13,GCCGCTGATCAGTTATGCCC,0,4599435
ybaY_predicted,0.07142857142857142,13,13,GCCGCGCGAGAGCCCAGGCA,0,4593037
ybaY_predicted,0.07142857142857142,13,13,GCCCCCCTAAGTTAGTAGAT,0,4566657
ybaY_predicted,0.07142857142857142,13,13,GCCAAGTTTGCTTCGGTGTC,0,4553434
ybaY_predicted,0.07142857142857142,13,13,GCATTACCACGCGAGAGTGT,0,4557997
ybaY_predicted,0.07142857142857142,13,13,GATTATATTGGGCGACCCGT,0,4546950
ybaY_predicted,0.07142857142857142,13,13,GATGTAGTGGGGGTGAGACA,0,4584811
ybaY_predicted,0.07142857142857142,13,13,GATATGCGCAACCGGCGGCT,0,4591464
ybaY_predicted,0.07142857142857142,13,13,GAGTAGGCTCTTAGGGGAAC,0,4587023
ybaY_predicted,0.07142857142857142,13,13,GAGCGCCGCGGGCATAATTG,0,4560744
ybaY_predicted,0.07142857142857142,13,13,GAGATGACCGATTTAGATAG,0,4557469
ybaY_predicted,0.07142857142857142,13,13,GAGACACTAGGGGCGAGGCT,0,4545634
ybaY_predicted,0.07142857142857142,13,13,GAGAACGCAACAGGCAGAGC,0,4593650
ybaY_predicted,0.07142857142857142,13,13,GACTTAGAAGTGAGTAATAC,0,4558373
ybaY_predicted,0.07142857142857142,13,13,GACCCTGTGGTACCAGACAA,0,4581849
ybaY_predicted,0.07142857142857142,13,13,GACATCACAGGTCAAAAGAG,0,4593894
ybaY_predicted,0.07142857142857142,13,13,GACATATAAGGAAATTAAAG,0,4582601
ybaY_predicted,0.07142857142857142,13,13,GACATAGGAAATTGGTGCAA,0,4566813
ybaY_predicted,0.07142857142857142,13,13,GACACCCGATAAATTAGTGA,0,4551498
ybaY_predicted,0.07142857142857142,13,13,GAATGAACCTCATCCCTAGC,0,4591695
ybaY_predicted,0.07142857142857142,13,13,GAAGACACGCGAGACTAAGC,0,4576474
ybaY_predicted,0.07142857142857142,13,13,GAAATTGAGTGCTCGTCTAT,0,4581343
ybaY_predicted,0.07142857142857142,13,13,CTTGTCAGAGAGTGATCCCA,0,4552255
ybaY_predicted,0.07142857142857142,13,13,CTTCGCTAGATCACTGCAGG,0,4596109
ybaY_predicted,0.07142857142857142,13,13,CTTAGTCCCGCAGATGGGCT,0,4549167
ybaY_predicted,0.07142857142857142,13,13,CTGTCAATGAGGTGCATGAC,0,4563662
ybaY_predicted,0.07142857142857142,13,13,CTGGGTCTATCTTTAACGCC,0,4576045
ybaY_predicted,0.07142857142857142,13,13,CTGCTCGTGTAGCGGCAAAA,0,4554046
ybaY_predicted,0.07142857142857142,13,13,CTCTTGACCCTCTCGCAGAT,0,4600039
ybaY_predicted,0.07142857142857142,13,13,CTCTTACTAACACGGTGCCC,0,4560402
ybaY_predicted,0.07142857142857142,13,13,CTCTTACCATTGGTCGTGGG,0,4591536
ybaY_predicted,0.07142857142857142,13,13,CTCTGGCCCCTGCTGTACCC,0,4566988
ybaY_predicted,0.07142857142857142,13,13,CTCTGCCACCATGATGTCCA,0,4575466
ybaY_predicted,0.07142857142857142,13,13,CTCGTACCTTAGGAGGCTAT,0,4576061
ybaY_predicted,0.07142857142857142,13,13,CTCAGGGTCCACATCTCCGA,0,4575467
ybaY_predicted,0.07142857142857142,13,13,CTCACTTCAATTAGGGTGGA,0,4579052
ybaY_predicted,0.07142857142857142,13,13,CTATGAGGCATATGACATTA,0,4579014
ybaY_predicted,0.07142857142857142,13,13,CTAGTAACCTCCAGTCAGGG,0,4551043
ybaY_predicted,0.07142857142857142,13,13,CTAGATATTGGATAGTATAC,0,4572678
ybaY_predicted,0.07142857142857142,13,13,CTAGAACCCATTCCAAAGTG,0,4583638
ybaY_predicted,0.07142857142857142,13,13,CTACCTCTGGCAGGGGGGTA,0,4556596
ybaY_predicted,0.07142857142857142,13,13,CGTTGTCATGCCCTACGACG,0,4586679
ybaY_predicted,0.07142857142857142,13,13,CGTCAAGGCCAGCTTGGTTA,0,4577575
ybaY_predicted,0.07142857142857142,13,13,CGGTTCGCGGGAGCGGTATC,0,4548280
ybaY_predicted,0.07142857142857142,13,13,CGGTAACGAACTCCCACCGT,0,4550254
ybaY_predicted,0.07142857142857142,13,13,CGGGTACAAGCGTAGCAAGA,0,4564401
ybaY_predicted,0.07142857142857142,13,13,CGGGCAGTACCCGCGATTTG,0,4554697
ybaY_predicted,0.07142857142857142,13,13,CGGCGGAAGGTATGCCTGTA,0,4575148
ybaY_predicted,0.07142857142857142,13,13,CGGCCGGCGAGTTCCTGCTG,0,4588296
ybaY_predicted,0.07142857142857142,13,13,CGGATAGATAAAACGGAAGT,0,4549236
ybaY_predicted,0.07142857142857142,13,13,CGGAGTTCTGTCGCAAAACC,0,4561777
ybaY_predicted,0.07142857142857142,13,13,CGGACGGTTATGAAGATCGG,0,4548955
ybaY_predicted,0.07142857142857142,13,13,CGCTTCGGCACAATCCCCTG,0,4588820
ybaY_predicted,0.07142857142857142,13,13,CGCGATATGTAGGCGCACCC,0,4554873
ybaY_predicted,0.07142857142857142,13,13,CGAGGGCGAACCTACGATAC,0,4599398
ybaY_predicted,0.07142857142857142,13,13,CGACGAGCTTACAGCAGAGG,0,4595355
ybaY_predicted,0.07142857142857142,13,13,CGACCTACTTGAGTGTATGC,0,4593257
ybaY_predicted,0.07142857142857142,13,13,CGAAATCTGTACCCCAAACC,0,4600112
ybaY_predicted,0.07142857142857142,13,13,CCTCGGGGAGGATTGGATAC,0,4574745
ybaY_predicted,0.07142857142857142,13,13,CCTCACTTCACCACGTGGCT,0,4570598
ybaY_predicted,0.07142857142857142,13,13,CCTATGGAAGAGAGCGGGAG,0,4564920
ybaY_predicted,0.07142857142857142,13,13,CCGGTTAGATCTCTAATCGA,0,4572857
ybaY_predicted,0.07142857142857142,13,13,CCGGGGTCTCATTCGCGAGT,0,4589236
ybaY_predicted,0.07142857142857142,13,13,CCGGAGCCTCCGCTTCCAAT,0,4589575
ybaY_predicted,0.07142857142857142,13,13,CCCTGCATATTCACGGGAAT,0,4544388
ybaY_predicted,0.07142857142857142,13,13,CCCCGATGCCATGATACTGA,0,4544790
ybaY_predicted,0.07142857142857142,13,13,CCCAGCACGGCGCACTTTGC,0,4583269
ybaY_predicted,0.07142857142857142,13,13,CCCAATTATGCCTGTCGAAT,0,4561174
ybaY_predicted,0.07142857142857142,13,13,CCCAAGCACGGGGTATTAAT,0,4598145
ybaY_predicted,0.07142857142857142,13,13,CCATTTTCGGTAATGGGTTC,0,4578906
ybaY_predicted,0.07142857142857142,13,13,CCATATATGGTTTCAGCAAT,0,4578543
ybaY_predicted,0.07142857142857142,13,13,CCAATCGTTCTAATCGATTG,0,4547405
ybaY_predicted,0.07142857142857142,13,13,CATTGAGGACCGTCGAAGTA,0,4549151
ybaY_predicted,0.07142857142857142,13,13,CATGGGCCGGAACTCCCACT,0,4568079
ybaY_predicted,0.07142857142857142,13,13,CATCTGGGTTACGGAAGAGC,0,4577438
ybaY_predicted,0.07142857142857142,13,13,CATCTCTGCCACCAACAATG,0,4572749
ybaY_predicted,0.07142857142857142,13,13,CATCTACTATGATACCTGAG,0,4597096
ybaY_predicted,0.07142857142857142,13,13,CATATTTCACAGCCAAATTA,0,4583454
ybaY_predicted,0.07142857142857142,13,13,CATATGAATATCAGCTACCA,0,4575840
ybaY_predicted,0.07142857142857142,13,13,CATACTGACGGGATCAGACA,0,4572133
ybaY_predicted,0.07142857142857142,13,13,CAGTGATCGCGTGACCCAAG,0,4549378
ybaY_predicted,0.07142857142857142,13,13,CAGGCTACGAATTTGCCCCT,0,4596620
ybaY_predicted,0.07142857142857142,13,13,CAGAGGTCGCTCGCATCCGA,0,4585474
ybaY_predicted,0.07142857142857142,13,13,CAGAGCTTTTAACACACCTC,0,4572086
ybaY_predicted,0.07142857142857142,13,13,CAGACTTCATCGCATCTCCG,0,4579655
ybaY_predicted,0.07142857142857142,13,13,CACTGGCTTTGAGATTTAGT,0,4545670
ybaY_predicted,0.07142857142857142,13,13,ATTGATCTCTAGCGGGACGC,0,4565233
ybaY_predicted,0.07142857142857142,13,13,ATTCTTGAACCAGTCGAAGG,0,4589336
ybaY_predicted,0.07142857142857142,13,13,ATTCTAAGTACGCTACAGAC,0,4589229
ybaY_predicted,0.07142857142857142,13,13,ATTCATTGCAGGATCGTGCT,0,4559608
ybaY_predicted,0.07142857142857142,13,13,ATTCAGTAGTTCTTTATCAT,0,4599076
ybaY_predicted,0.07142857142857142,13,13,ATTATTAACCTGCTTCCAAA,0,4572237
ybaY_predicted,0.07142857142857142,13,13,ATTATAATGGTCGTGTATTC,0,4568240
ybaY_predicted,0.07142857142857142,13,13,ATTAGTCGCGGAGTAGCCGG,0,4576765
ybaY_predicted,0.07142857142857142,13,13,ATGTGGATTTTTACCGGTGA,0,4566281
ybaY_predicted,0.07142857142857142,13,13,ATGTCTAGGCAAAACTATAG,0,4586190
ybaY_predicted,0.07142857142857142,13,13,ATGGTAATAGAACCCCGGTG,0,4557742
ybaY_predicted,0.07142857142857142,13,13,ATGGACACCGAACACACCAT,0,4596041
ybaY_predicted,0.07142857142857142,13,13,ATGCGCGCTCATCTTCGCCC,0,4582524
ybaY_predicted,0.07142857142857142,13,13,ATGCCCGACTGGGCCGCCCG,0,4552493
ybaY_predicted,0.07142857142857142,13,13,ATGATACGGGCCTCTGCATA,0,4549956
ybaY_predicted,0.07142857142857142,13,13,ATCTTTAATGGTTATCTTTC,0,4564531
ybaY_predicted,0.07142857142857142,13,13,ATCTTACACACGGTTCGTCT,0,4555206
ybaY_predicted,0.07142857142857142,13,13,ATCTGGAGATCGCTCAATAT,0,4591968
ybaY_predicted,0.07142857142857142,13,13,ATCGTTGACTTACTGTATAA,0,4585497
ybaY_predicted,0.07142857142857142,13,13,ATCGTCGATAGTTGCGTTGT,0,4592809
ybaY_predicted,0.07142857142857142,13,13,ATCCGTTGACCCCAACGTAT,0,4592289
ybaY_predicted,0.07142857142857142,13,13,ATCATCCTGAGTAATTAACC,0,4574936
ybaY_predicted,0.07142857142857142,13,13,ATCAAATTTATTGGGGTGAT,0,4575762
ybaY_predicted,0.07142857142857142,13,13,ATATTTTTCACTGAGCTTTT,0,4599295
ybaY_predicted,0.07142857142857142,13,13,ATATAAATAGGTAACCGACG,0,4591755
ybaY_predicted,0.07142857142857142,13,13,ATAGTACATCTGTCATGCCA,0,4595353
ybaY_predicted,0.07142857142857142,13,13,ATAGAGAACCGTGCTCACAG,0,4558095
ybaY_predicted,0.07142857142857142,13,13,ATACACGGCCAGACTACTCA,0,4547330
ybaY_predicted,0.07142857142857142,13,13,ATAAGCCTATGATACCTTAT,0,4574427
ybaY_predicted,0.07142857142857142,13,13,AGTTTAGGTGTGCAGTAAGT,0,4565933
ybaY_predicted,0.07142857142857142,13,13,AGTGGATGGCGCGCCGCACA,0,4568707
ybaY_predicted,0.07142857142857142,13,13,AGTCCGTCACTAAGCTCGTC,0,4573565
ybaY_predicted,0.07142857142857142,13,13,AGTAAATAGGGACGAATTTT,0,4585872
ybaY_predicted,0.07142857142857142,13,13,AGGTTTTCTGGGAGAGCGTA,0,4563883
ybaY_predicted,0.07142857142857142,13,13,AGGTTAACCTGGGGAGCATC,0,4577218
ybaY_predicted,0.07142857142857142,13,13,AGGGCAGAAGGGAACAATTT,0,4544776
ybaY_predicted,0.07142857142857142,13,13,AGGGACTTAGACCAGTGACT,0,4581015
ybaY_predicted,0.07142857142857142,13,13,AGGCGGCTAAACATATCGCA,0,4591123
ybaY_predicted,0.07142857142857142,13,13,AGGCAACAGGTGTCTAACAA,0,4574942
ybaY_predicted,0.07142857142857142,13,13,AGGACTCACAAGATACGAAA,0,4590492
ybaY_predicted,0.07142857142857142,13,13,AGGACGGGTTACAGGTAATG,0,4575005
ybaY_predicted,0.07142857142857142,13,13,AGCATACATTAAGTTATCTG,0,4577503
ybaY_predicted,0.07142857142857142,13,13,AGATGCAAAGTTTTGGTCGC,0,4591173
ybaY_predicted,0.07142857142857142,13,13,AGAGGTGTGCGACAAAAGGG,0,4579851
ybaY_predicted,0.07142857142857142,13,13,AGACCAAGCGTGGGGTTAAT,0,4594632
ybaY_predicted,0.07142857142857142,13,13,AGACATTAGCAGTCCTTCAA,0,4560178
ybaY_predicted,0.07142857142857142,13,13,ACTTTCGCGGTTATCTGGCA,0,4588509
ybaY_predicted,0.07142857142857142,13,13,ACTCAATTCTATCTACCACT,0,4570593
ybaY_predicted,0.07142857142857142,13,13,ACTAGCCACCCTTGCGTAGT,0,4548719
ybaY_predicted,0.07142857142857142,13,13,ACTACGATAGAGGGCCGGAC,0,4547238
ybaY_predicted,0.07142857142857142,13,13,ACTAAAAGTTAAGACGTGAC,0,4594151
ybaY_predicted,0.07142857142857142,13,13,ACGGTCGCTGCTCCAGGCTG,0,4598462
ybaY_predicted,0.07142857142857142,13,13,ACGAGTGGTTAAAATCGTGG,0,4570768
ybaY_predicted,0.07142857142857142,13,13,ACGAGAACGAGGACTAACGC,0,4548281
ybaY_predicted,0.07142857142857142,13,13,ACCATCCAGTCGGGTCTTGA,0,4579767
ybaY_predicted,0.07142857142857142,13,13,ACCAATTACCTGTGAGAGAT,0,4553971
ybaY_predicted,0.07142857142857142,13,13,ACATCCCTAAGCTTTTAGGT,0,4547420
ybaY_predicted,0.07142857142857142,13,13,AATTACAGATGCTCTAAAGT,0,4579498
ybaY_predicted,0.07142857142857142,13,13,AATGCTACAGTCGTATACCT,0,4567532
ybaY_predicted,0.07142857142857142,13,13,AATCTCGAACCTCATAGTGT,0,4570813
ybaY_predicted,0.07142857142857142,13,13,AATATCAGTAGTCGAGTGCT,0,4564703
ybaY_predicted,0.07142857142857142,13,13,AATATAGTCTTATGGCATAT,0,4584866
ybaY_predicted,0.07142857142857142,13,13,AATAAGGGGGGGCCAGCGCA,0,4568891
ybaY_predicted,0.07142857142857142,13,13,AAGTTATGTCGCGCGAGCGA,0,4593036
ybaY_predicted,0.07142857142857142,13,13,AAGGTTCGTACTCCGGTTCT,0,4590161
ybaY_predicted,0.07142857142857142,13,13,AAGGTGCGATGCGTTTAGTC,0,4550866
ybaY_predicted,0.07142857142857142,13,13,AAGGTCTACAGAGGTCGCAT,0,4551440
ybaY_predicted,0.07142857142857142,13,13,AAGGATACTGCGCGCGTGCC,0,4599614
ybaY_predicted,0.07142857142857142,13,13,AACTTTAATTTACGGGCCTG,0,4575155
ybaY_predicted,0.07142857142857142,13,13,AACTGTAGCACTGAGCAATT,0,4568786
ybaY_predicted,0.07142857142857142,13,13,AACTGAGAAACACGAGCCCT,0,4550626
ybaY_predicted,0.07142857142857142,13,13,AACGCAAGTGGCGCTAGGAA,0,4595479
ybaY_predicted,0.07142857142857142,13,13,AACAGCCGTGCCCTTCAGAC,0,4548314
ybaY_predicted,0.07142857142857142,13,13,AACAAAAGGCACTCTTACGT,0,4594892
ybaY_predicted,0.07142857142857142,13,13,AAAGGGGGCCTGCCATTGAC,0,4557630
ybaY_predicted,0.07142857142857142,13,13,AAAAGCAGGGTAGGCATGTA,0,4553243
ybaY_predicted,0.07692307692307693,12,12,TTTTCTTTTGGGATGCCAGT,0,4584427
ybaY_predicted,0.07692307692307693,12,12,TTTTCAGGCGGAAAAATCCT,0,4587511
ybaY_predicted,0.07692307692307693,12,12,TTTGTTCTAGCTGTTTAAAT,0,4552046
ybaY_predicted,0.07692307692307693,12,12,TTTCTGACGGTTATGAAGTT,0,4557434
ybaY_predicted,0.07692307692307693,12,12,TTTCCCGCACAGGTTTCAGG,0,4570569
ybaY_predicted,0.07692307692307693,12,12,TTTACCGGAGGGCATTGCCT,0,4588240
ybaY_predicted,0.07692307692307693,12,12,TTGGGGTAATAGATGCATTA,0,4581738
ybaY_predicted,0.07692307692307693,12,12,TTGCGTCAGTTCTTCAACTC,0,4598163
ybaY_predicted,0.07692307692307693,12,12,TTGCGATGGCTATTCCGGTT,0,4555294
ybaY_predicted,0.07692307692307693,12,12,TTGCCTGCGTTGAGGTTAGT,0,4580006
ybaY_predicted,0.07692307692307693,12,12,TTGCATTTAGTCCAGGAACT,0,4566571
ybaY_predicted,0.07692307692307693,12,12,TTGCACGCGCTAGAGTGGCT,0,4559162
ybaY_predicted,0.07692307692307693,12,12,TTGACTGCATATTGCTCTCA,0,4567675
ybaY_predicted,0.07692307692307693,12,12,TTGACGCACGGACCAAAACA,0,4546632
ybaY_predicted,0.07692307692307693,12,12,TTGAAAAAGCGGTTCAATTA,0,4545899
ybaY_predicted,0.07692307692307693,12,12,TTCTACGGAGTTGGTGAGAT,0,4549286
ybaY_predicted,0.07692307692307693,12,12,TTCACTGTTATACCCATGCA,0,4580909
ybaY_predicted,0.07692307692307693,12,12,TTAGTATACGATACAATTCG,0,4558692
ybaY_predicted,0.07692307692307693,12,12,TTAGCGTAATTCCTCCATCG,0,4589341
ybaY_predicted,0.07692307692307693,12,12,TTAGCACTAAGTATCCCTTC,0,4564320
ybaY_predicted,0.07692307692307693,12,12,TTAGAGCAAGATCCTGATGT,0,4577746
ybaY_predicted,0.07692307692307693,12,12,TTACTTAGGCGTTTATAAGA,0,4571610
ybaY_predicted,0.07692307692307693,12,12,TTACGAACGCCACGACTCCT,0,4585354
ybaY_predicted,0.07692307692307693,12,12,TTAAGGGGGATACTGGGTGT,0,4583956
ybaY_predicted,0.07692307692307693,12,12,TGTTTAAACGGTCCAAGGGG,0,4563975
ybaY_predicted,0.07692307692307693,12,12,TGTTGCTACAGCTTCTATGC,0,4585088
ybaY_predicted,0.07692307692307693,12,12,TGTTCAAAAACTGAGCCGTT,0,4557196
ybaY_predicted,0.07692307692307693,12,12,TGTGCTATGAATTTTTCGTT,0,4570077
ybaY_predicted,0.07692307692307693,12,12,TGTCTCCGCCGACGTTACAG,0,4584703
ybaY_predicted,0.07692307692307693,12,12,TGTATGACGCTAGACGAATA,0,4589437
ybaY_predicted,0.07692307692307693,12,12,TGGTAAGCTGAGCCCGTGGG,0,4569978
ybaY_predicted,0.07692307692307693,12,12,TGGCCTGGACTATATGCATG,0,4556168
ybaY_predicted,0.07692307692307693,12,12,TGGCCAACGCCTGGTTGATA,0,4569582
ybaY_predicted,0.07692307692307693,12,12,TGCTCCCAAACGGGAGGATT,0,4562316
ybaY_predicted,0.07692307692307693,12,12,TGCGCAATTCGGGTGTCCCG,0,4552173
ybaY_predicted,0.07692307692307693,12,12,TGATTCAAGGTTCAAGGTGA,0,4594928
ybaY_predicted,0.07692307692307693,12,12,TGATGTAGGTTCGCAGCCTT,0,4579530
ybaY_predicted,0.07692307692307693,12,12,TGATGGTAGTTCTGCGGAAA,0,4600570
ybaY_predicted,0.07692307692307693,12,12,TGATACGTTATATGAGGCAT,0,4571249
ybaY_predicted,0.07692307692307693,12,12,TGAGTTGCGATGGATTGTTA,0,4573568
ybaY_predicted,0.07692307692307693,12,12,TGAGGGCTTGGACTTAAGAC,0,4556579
ybaY_predicted,0.07692307692307693,12,12,TGAGATGAGCACACGCACAA,0,4548996
ybaY_predicted,0.07692307692307693,12,12,TGACGTCGTACAGCACGGGT,0,4564925
ybaY_predicted,0.07692307692307693,12,12,TCTTTGGTCCTGCCTCGATG,0,4593186
ybaY_predicted,0.07692307692307693,12,12,TCTCGGCACCAACAAGGTCA,0,4586583
ybaY_predicted,0.07692307692307693,12,12,TCTCCCAGTAGCATAGTCAT,0,4595891
ybaY_predicted,0.07692307692307693,12,12,TCTCAGTCCGCGAGCCCGCA,0,4545611
ybaY_predicted,0.07692307692307693,12,12,TCTAGCGGCATACAACCGAA,0,4582767
ybaY_predicted,0.07692307692307693,12,12,TCTACAGCTCCCCTATCAGG,0,4586427
ybaY_predicted,0.07692307692307693,12,12,TCTAAATATGCGGATAAATA,0,4567499
ybaY_predicted,0.07692307692307693,12,12,TCTAAAACACGGGGCTAGGT,0,4564837
ybaY_predicted,0.07692307692307693,12,12,TCGGGCCATGCACTGGTCTG,0,4583740
ybaY_predicted,0.07692307692307693,12,12,TCGGCGGTACCGGCAATAAT,0,4592286
ybaY_predicted,0.07692307692307693,12,12,TCGACGGCTAAAGGCTCGGA,0,4553671
ybaY_predicted,0.07692307692307693,12,12,TCCTCATGGCTGGGAAGTTA,0,4599382
ybaY_predicted,0.07692307692307693,12,12,TCCGCATGACATGGCTCTTG,0,4590012
ybaY_predicted,0.07692307692307693,12,12,TCCGACGACTGGCTTCCATT,0,4590761
ybaY_predicted,0.07692307692307693,12,12,TCCCTTTTTGGCGGTCTAGA,0,4563236
ybaY_predicted,0.07692307692307693,12,12,TCCACCTATCTCGTATATTG,0,4574600
ybaY_predicted,0.07692307692307693,12,12,TCCACACGAAATTAATAAAA,0,4584913
ybaY_predicted,0.07692307692307693,12,12,TCAGTTTTGCACTCGATGTT,0,4575391
ybaY_predicted,0.07692307692307693,12,12,TCAGTTCTACAATATATTCC,0,4600432
ybaY_predicted,0.07692307692307693,12,12,TCAGTTCATTTCCGGTGGCC,0,4544654
ybaY_predicted,0.07692307692307693,12,12,TATTTGCGGACTGAATTTGA,0,4591590
ybaY_predicted,0.07692307692307693,12,12,TATTGACATTTTCGTAGAGC,0,4584421
ybaY_predicted,0.07692307692307693,12,12,TATTAACCAGTATACGCCTA,0,4592306
ybaY_predicted,0.07692307692307693,12,12,TATCAGGTTGAACATAGCTA,0,4573681
ybaY_predicted,0.07692307692307693,12,12,TATCACGCCGGATCGGCGTG,0,4554611
ybaY_predicted,0.07692307692307693,12,12,TATAGTTCATGGACTAGGGA,0,4555060
ybaY_predicted,0.07692307692307693,12,12,TATACCGTTGCGTAATGCTG,0,4564700
ybaY_predicted,0.07692307692307693,12,12,TAGCGTCTCTCCGCAGTATA,0,4573977
ybaY_predicted,0.07692307692307693,12,12,TAGCGCGAACAACCACCTAG,0,4582663
ybaY_predicted,0.07692307692307693,12,12,TACGGAGTATCCGCCGCGTA,0,4556629
ybaY_predicted,0.07692307692307693,12,12,TACGATCTGCACAATTTCCT,0,4589834
ybaY_predicted,0.07692307692307693,12,12,TACCGGTACCAGCTATGGGG,0,4583260
ybaY_predicted,0.07692307692307693,12,12,TAATGGGTGCTTCGCTTAAG,0,4597458
ybaY_predicted,0.07692307692307693,12,12,TAACTCCGCATGACGGCGAC,0,4562337
ybaY_predicted,0.07692307692307693,12,12,TAACTCAACAAGAAGGCGCA,0,4551877
ybaY_predicted,0.07692307692307693,12,12,TAACGGCGCTACTGACACCA,0,4569288
ybaY_predicted,0.07692307692307693,12,12,TAAATGGTACCTATGAATTT,0,4547415
ybaY_predicted,0.07692307692307693,12,12,GTTTTACAGCAGTTTTAGCT,0,4595603
ybaY_predicted,0.07692307692307693,12,12,GTTTGTTGCGACTGTTTCCC,0,4586411
ybaY_predicted,0.07692307692307693,12,12,GTTTGGATCTCGATGTAGAA,0,4552165
ybaY_predicted,0.07692307692307693,12,12,GTTTGGAAGATCAATCCGAG,0,4578527
ybaY_predicted,0.07692307692307693,12,12,GTTTGAAAGCATTCCGCGAT,0,4574950
ybaY_predicted,0.07692307692307693,12,12,GTTTCCCTGCCAAGAGCCAA,0,4576086
ybaY_predicted,0.07692307692307693,12,12,GTTTATTGGAGGACGAAGTT,0,4568784
ybaY_predicted,0.07692307692307693,12,12,GTTGGGGTATACCAAGGAAG,0,4572221
ybaY_predicted,0.07692307692307693,12,12,GTTCCGTAATCATAGGTGCC,0,4550787
ybaY_predicted,0.07692307692307693,12,12,GTTCCATTGTCCAAGATGGT,0,4575604
ybaY_predicted,0.07692307692307693,12,12,GTTATCGCCCCTTGCAGCAT,0,4598593
ybaY_predicted,0.07692307692307693,12,12,GTGTACATTCGCAAGAGGGA,0,4579913
ybaY_predicted,0.07692307692307693,12,12,GTGAGTACCTACTTCAGATC,0,4549728
ybaY_predicted,0.07692307692307693,12,12,GTCTCCAGGATGTGTGAGAT,0,4570803
ybaY_predicted,0.07692307692307693,12,12,GTCGAGTGACACCGAACCTT,0,4594358
ybaY_predicted,0.07692307692307693,12,12,GTCAGTGTTCGAGAGTTGCG,0,4598843
ybaY_predicted,0.07692307692307693,12,12,GTCAGATTTTGGTCTATTTG,0,4575436
ybaY_predicted,0.07692307692307693,12,12,GTCAATCAGGTACAGAGGAG,0,4551447
ybaY_predicted,0.07692307692307693,12,12,GTCAAACAAGTGCTACCGCG,0,4567219
ybaY_predicted,0.07692307692307693,12,12,GTATTTCTAGCTCACACTGC,0,4591635
ybaY_predicted,0.07692307692307693,12,12,GTATACGAACCTTAGATCCA,0,4599129
ybaY_predicted,0.07692307692307693,12,12,GTACTTGGGACTTTTCGTCT,0,4573022
ybaY_predicted,0.07692307692307693,12,12,GTACATTTACGTTATTTAGG,0,4554230
ybaY_predicted,0.07692307692307693,12,12,GTAAGTCGCCAGGGAGGACT,0,4575779
ybaY_predicted,0.07692307692307693,12,12,GTAAGAGCCTGAACAATGCA,0,4586672
ybaY_predicted,0.07692307692307693,12,12,GTAAAGAGTACGGGGCTGGC,0,4590192
ybaY_predicted,0.07692307692307693,12,12,GGTTTTTGCTATGCGTCCTC,0,4594998
ybaY_predicted,0.07692307692307693,12,12,GGTTGATAGGCGTAGAGTGC,0,4548921
ybaY_predicted,0.07692307692307693,12,12,GGTGTTTTAAATCTCTGCGC,0,4571134
ybaY_predicted,0.07692307692307693,12,12,GGTGTGGCACAGCGTCGCTT,0,4597571
ybaY_predicted,0.07692307692307693,12,12,GGTCAATTACGTTGCGGACT,0,4588803
ybaY_predicted,0.07692307692307693,12,12,GGTAGTGACTGTTGCGATGC,0,4556394
ybaY_predicted,0.07692307692307693,12,12,GGGTTATCACACACTCTAAT,0,4572907
ybaY_predicted,0.07692307692307693,12,12,GGGTATATCTGGCTATCTGG,0,4552195
ybaY_predicted,0.07692307692307693,12,12,GGGGCTGGAAACTCAAGAAA,0,4594612
ybaY_predicted,0.07692307692307693,12,12,GGGGCTCATTATGATGTGAG,0,4600088
ybaY_predicted,0.07692307692307693,12,12,GGGGACTTATTGTGATACGA,0,4588658
ybaY_predicted,0.07692307692307693,12,12,GGGCTAAGTATGGATTTCCT,0,4579317
ybaY_predicted,0.07692307692307693,12,12,GGCTCCCTGTGGGACAGAGG,0,4552001
ybaY_predicted,0.07692307692307693,12,12,GGCGTAACCTTAGCTCGAAA,0,4592879
ybaY_predicted,0.07692307692307693,12,12,GGCGGACCGGGTACTAACTT,0,4597063
ybaY_predicted,0.07692307692307693,12,12,GGCCCGTAACAGCGTCGGAG,0,4579492
ybaY_predicted,0.07692307692307693,12,12,GGCACCGGGCGCGGAAGCCA,0,4546583
ybaY_predicted,0.07692307692307693,12,12,GGCAATCGAGGATCGGGGGA,0,4579247
ybaY_predicted,0.07692307692307693,12,12,GGCAAGAACTGATAGCATAT,0,4548453
ybaY_predicted,0.07692307692307693,12,12,GGATCGGGTAATGACGGTTC,0,4594346
ybaY_predicted,0.07692307692307693,12,12,GGAGGACTGCAGACCAACGT,0,4578605
ybaY_predicted,0.07692307692307693,12,12,GGAAGTTGCCCTTATTACCT,0,4545251
ybaY_predicted,0.07692307692307693,12,12,GGAAAAAGTGCCTACAGTAT,0,4589451
ybaY_predicted,0.07692307692307693,12,12,GCTCGAATCACCGCTGGACA,0,4569302
ybaY_predicted,0.07692307692307693,12,12,GCGTTCTTCAAATGGGAACT,0,4557862
ybaY_predicted,0.07692307692307693,12,12,GCGGTCCATGAGGCGGCTAC,0,4563824
ybaY_predicted,0.07692307692307693,12,12,GCGGTCATTTAAATAGACGC,0,4565451
ybaY_predicted,0.07692307692307693,12,12,GCGGACCGGATGTGCGGAGA,0,4572415
ybaY_predicted,0.07692307692307693,12,12,GCGAGGCATGGGCCAACAAT,0,4593027
ybaY_predicted,0.07692307692307693,12,12,GCGACGGATTACTCGGGTTC,0,4585136
ybaY_predicted,0.07692307692307693,12,12,GCCTTAATAACAAGCAATCT,0,4547328
ybaY_predicted,0.07692307692307693,12,12,GCCGTGATGGGGCGTACCCC,0,4551816
ybaY_predicted,0.07692307692307693,12,12,GCCGGCAAAAAACTTGCATT,0,4545155
ybaY_predicted,0.07692307692307693,12,12,GCCACCACAGAACCGGTGCT,0,4590537
ybaY_predicted,0.07692307692307693,12,12,GCACTGAAAGGATGATATTG,0,4549601
ybaY_predicted,0.07692307692307693,12,12,GCAACAGTCAGCTGGTCAAA,0,4554141
ybaY_predicted,0.07692307692307693,12,12,GCAAAGTTTTCAGTCAATGG,0,4553364
ybaY_predicted,0.07692307692307693,12,12,GATTAGTGCGCGCGATTCAA,0,4579088
ybaY_predicted,0.07692307692307693,12,12,GATGGACGATTGGTGCATCT,0,4563139
ybaY_predicted,0.07692307692307693,12,12,GAGTCAATCGTTGCCGGCTT,0,4574664
ybaY_predicted,0.07692307692307693,12,12,GAGTATAAGGACCAAAAAAA,0,4552123
ybaY_predicted,0.07692307692307693,12,12,GAGCGCTGTTCGAATCGAGG,0,4559558
ybaY_predicted,0.07692307692307693,12,12,GAGCCATAAACACTGAAGCA,0,4573750
ybaY_predicted,0.07692307692307693,12,12,GACTCGCTCAGCCATCTGGG,0,4594290
ybaY_predicted,0.07692307692307693,12,12,CTTTAAGGCTCACCAGCTGT,0,4550805
ybaY_predicted,0.07692307692307693,12,12,CTTACGGCCACTTAACCCGG,0,4557751
ybaY_predicted,0.07692307692307693,12,12,CTGTGAGCATATTCTGCACT,0,4547171
ybaY_predicted,0.07692307692307693,12,12,CTCTTGACCCCTGATCGCCA,0,4583690
ybaY_predicted,0.07692307692307693,12,12,CTCGTCGCGAGAAATTCATC,0,4581050
ybaY_predicted,0.07692307692307693,12,12,CTCGTCGCCCGTCGGTGAAA,0,4573378
ybaY_predicted,0.07692307692307693,12,12,CTCGCTATAAGACTACGAGC,0,4554213
ybaY_predicted,0.07692307692307693,12,12,CTCGAGGACATCCGGGCAAG,0,4559290
ybaY_predicted,0.07692307692307693,12,12,CTATTCTAGACCGTAACTTT,0,4545827
ybaY_predicted,0.07692307692307693,12,12,CTATATATAGTGCGGGTGTA,0,4564527
ybaY_predicted,0.07692307692307693,12,12,CTATAACCATGTGCACACTG,0,4581830
ybaY_predicted,0.07692307692307693,12,12,CTAAGTGAACGTGCCCGGAA,0,4589812
ybaY_predicted,0.07692307692307693,12,12,CGTTTGAAGCGCTTTAGCGA,0,4587788
ybaY_predicted,0.07692307692307693,12,12,CGTTGCTCATCGCGCCATTA,0,4548939
ybaY_predicted,0.07692307692307693,12,12,CGTGGCATAACGTAGGGAGC,0,4559741
ybaY_predicted,0.07692307692307693,12,12,CGTGAACGAATCAAATAAAT,0,4564526
ybaY_predicted,0.07692307692307693,12,12,CGTCGGCCTCCAGATTGAGC,0,4547195
ybaY_predicted,0.07692307692307693,12,12,CGTCAAAGACGTCTAACAGA,0,4555482
ybaY_predicted,0.07692307692307693,12,12,CGTATCATACACCACACTCC,0,4549900
ybaY_predicted,0.07692307692307693,12,12,CGTACGAGTACGGAGGTATT,0,4589047
ybaY_predicted,0.07692307692307693,12,12,CGGTTGAATCCTGGGCGAGA,0,4555434
ybaY_predicted,0.07692307692307693,12,12,CGGTCCCGGGTGCGGATGGA,0,4562128
ybaY_predicted,0.07692307692307693,12,12,CGGTACGCTGGAGCATGCAA,0,4563878
ybaY_predicted,0.07692307692307693,12,12,CGGGTGATTGTACTCCCTGG,0,4583568
ybaY_predicted,0.07692307692307693,12,12,CGGGGGGTAAAGGCACAATT,0,4557827
ybaY_predicted,0.07692307692307693,12,12,CGGCATGATTATTTTAAGAC,0,4590072
ybaY_predicted,0.07692307692307693,12,12,CGGACGAATCCGCGGGGGCG,0,4581046
ybaY_predicted,0.07692307692307693,12,12,CGCTAGCACAGCCTAAAGCA,0,4594436
ybaY_predicted,0.07692307692307693,12,12,CGCGCCATGGTTGGTTCTCG,0,4560979
ybaY_predicted,0.07692307692307693,12,12,CGCCTTCTTTATCTCTAACT,0,4580588
ybaY_predicted,0.07692307692307693,12,12,CGCCTCCCGGGGTGATTCCT,0,4556576
ybaY_predicted,0.07692307692307693,12,12,CGCCGATAATACAATAATAC,0,4567037
ybaY_predicted,0.07692307692307693,12,12,CGCAAGGATAGTACAAAGCA,0,4587795
ybaY_predicted,0.07692307692307693,12,12,CGCAAACGCCATTTCGGGTC,0,4564771
ybaY_predicted,0.07692307692307693,12,12,CGATGAGGGTCACCCATTTA,0,4578221
ybaY_predicted,0.07692307692307693,12,12,CGATGAATCGATGATAAGGT,0,4563075
ybaY_predicted,0.07692307692307693,12,12,CGATGAAACAAAACCGTAAA,0,4554287
ybaY_predicted,0.07692307692307693,12,12,CGATCGATCTCCTCGCCGTT,0,4596498
ybaY_predicted,0.07692307692307693,12,12,CGATATGGTAGTGGTAGATC,0,4589484
ybaY_predicted,0.07692307692307693,12,12,CGATAGTCCCTCGTACTGTG,0,4559058
ybaY_predicted,0.07692307692307693,12,12,CGAGGCCATTGAACCTCACT,0,4593904
ybaY_predicted,0.07692307692307693,12,12,CGACAGCTCTCCAACATAGC,0,4583169
ybaY_predicted,0.07692307692307693,12,12,CGAAAGGATATAAATTGAGA,0,4551069
ybaY_predicted,0.07692307692307693,12,12,CCTTGGAGGTTATATGACTG,0,4553663
ybaY_predicted,0.07692307692307693,12,12,CCTCCCGTGACGGGCCTGAT,0,4575177
ybaY_predicted,0.07692307692307693,12,12,CCTATAAATACACACAATGA,0,4568382
ybaY_predicted,0.07692307692307693,12,12,CCTAGGCGGCTCAGACAAGT,0,4567114
ybaY_predicted,0.07692307692307693,12,12,CCGGTCCAAGCATAAAGCCC,0,4600341
ybaY_predicted,0.07692307692307693,12,12,CCGGGTGATTCTTTTTACTT,0,4591154
ybaY_predicted,0.07692307692307693,12,12,CCGCTTCCAAAGGAGCGCCT,0,4544757
ybaY_predicted,0.07692307692307693,12,12,CCGATGTAGCGCATATCCCC,0,4596616
ybaY_predicted,0.07692307692307693,12,12,CCGAGAATCAGATTAAGAGC,0,4563833
ybaY_predicted,0.07692307692307693,12,12,CCGACAGGAGGAATTAATTA,0,4545910
ybaY_predicted,0.07692307692307693,12,12,CCGAAAGCTCGTGATACGTC,0,4586572
ybaY_predicted,0.07692307692307693,12,12,CCCCACGTCTACTCAGTTCC,0,4574250
ybaY_predicted,0.07692307692307693,12,12,CCATAGATTGCGAGCGTCCG,0,4558165
ybaY_predicted,0.07692307692307693,12,12,CCAGGTTTATGTTGCCGGAG,0,4576358
ybaY_predicted,0.07692307692307693,12,12,CCACTTCTAAGTAGGCACGT,0,4576942
ybaY_predicted,0.07692307692307693,12,12,CCAATCTTACGGAAATCTCC,0,4555763
ybaY_predicted,0.07692307692307693,12,12,CCAACGACCGCGTGGTTCTC,0,4591238
ybaY_predicted,0.07692307692307693,12,12,CATGAGGACTGTTGTTATGC,0,4575239
ybaY_predicted,0.07692307692307693,12,12,CATCTCCGAATAACATTACC,0,4581427
ybaY_predicted,0.07692307692307693,12,12,CATCTAACGCAACTTCACAC,0,4565479
ybaY_predicted,0.07692307692307693,12,12,CATCGAGATACGCTGGTGGT,0,4548536
ybaY_predicted,0.07692307692307693,12,12,CATATTGGGAATCTTCATGT,0,4572157
ybaY_predicted,0.07692307692307693,12,12,CATAGTGATACGGTATTGGG,0,4581307
ybaY_predicted,0.07692307692307693,12,12,CAGGTTAGTTGATGAGTCTA,0,4584922
ybaY_predicted,0.07692307692307693,12,12,CAGGCAACGAAAGGTAGTCA,0,4591002
ybaY_predicted,0.07692307692307693,12,12,CAGCTAAAGATTCATTCACT,0,4566418
ybaY_predicted,0.07692307692307693,12,12,CAGCGTTTCAATTCAGAGGA,0,4548449
ybaY_predicted,0.07692307692307693,12,12,CAGATTCCTCACCAATGATC,0,4552420
ybaY_predicted,0.07692307692307693,12,12,CAGAGCACTTATGCAGGATA,0,4578564
ybaY_predicted,0.07692307692307693,12,12,CAGACCGCCCCGGGCCGAAT,0,4568314
ybaY_predicted,0.07692307692307693,12,12,CACTAGGCAGAGTTACTCAA,0,4599228
ybaY_predicted,0.07692307692307693,12,12,CACGTAGGTGATAGGACCTC,0,4556446
ybaY_predicted,0.07692307692307693,12,12,CACGATCAGGATTCTAGAGC,0,4576406
ybaY_predicted,0.07692307692307693,12,12,CACACTATCTTGGCTTTCTA,0,4564454
ybaY_predicted,0.07692307692307693,12,12,CACACCGGGATCAATGTGAG,0,4576839
ybaY_predicted,0.07692307692307693,12,12,CAATCCAATTGCACGGCGGA,0,4572100
ybaY_predicted,0.07692307692307693,12,12,CAAGGCAAGTCGTTGTCCGT,0,4572379
ybaY_predicted,0.07692307692307693,12,12,CAACTTAAAACACCACTTGT,0,4593133
ybaY_predicted,0.07692307692307693,12,12,CAACATCTGCGGCAGCGATT,0,4564923
ybaY_predicted,0.07692307692307693,12,12,CAACATCACCTAACTCGTCA,0,4573238
ybaY_predicted,0.07692307692307693,12,12,CAAAGTTAAGTAGCGTGCTC,0,4587216
ybaY_predicted,0.07692307692307693,12,12,CAAACGAAGTGTATATGCTC,0,4551843
ybaY_predicted,0.07692307692307693,12,12,CAAAATATTCGTAGCAGTTA,0,4557419
ybaY_predicted,0.07692307692307693,12,12,ATTTGCAACCGCGTGGGAGA,0,4558857
ybaY_predicted,0.07692307692307693,12,12,ATTTCGTACCGGCCTGGATT,0,4553018
ybaY_predicted,0.07692307692307693,12,12,ATTGATTTCCTGGCGTCAGT,0,4567042
ybaY_predicted,0.07692307692307693,12,12,ATTGATTAACACTTAGCCTA,0,4548039
ybaY_predicted,0.07692307692307693,12,12,ATTCATCAACCGTATCAATC,0,4546962
ybaY_predicted,0.07692307692307693,12,12,ATTAGTATGGGCTTGAAGCA,0,4595906
ybaY_predicted,0.07692307692307693,12,12,ATTACCGTCCGATGGTAATT,0,4600238
ybaY_predicted,0.07692307692307693,12,12,ATGGTCTGTTATGGGTATGG,0,4558617
ybaY_predicted,0.07692307692307693,12,12,ATGCTCTCTGAGGATTAATC,0,4590068
ybaY_predicted,0.07692307692307693,12,12,ATGCTAGCGTGTTAACCCAG,0,4577652
ybaY_predicted,0.07692307692307693,12,12,ATGCGGTCGTTGAGGCTGGA,0,4544341
ybaY_predicted,0.07692307692307693,12,12,ATCTTCGGGCTGGGTTAAGA,0,4588499
ybaY_predicted,0.07692307692307693,12,12,ATCGAATTTCAACGGGCGGC,0,4555432
ybaY_predicted,0.07692307692307693,12,12,ATCCGTTGCGGGCGGGAAGC,0,4589034
ybaY_predicted,0.07692307692307693,12,12,ATATTTACCACCGTTCTGGT,0,4597368
ybaY_predicted,0.07692307692307693,12,12,ATATTGCCACAGGCCGAAGT,0,4580278
ybaY_predicted,0.07692307692307693,12,12,ATATGCAAGTTTTACGCAGC,0,4570717
ybaY_predicted,0.07692307692307693,12,12,ATATCAAGAGATAGAGCGAC,0,4584251
ybaY_predicted,0.07692307692307693,12,12,ATAGCCATTTACCTTTAGCA,0,4574091
ybaY_predicted,0.07692307692307693,12,12,ATACTGGGACTCACGGAATA,0,4571330
ybaY_predicted,0.07692307692307693,12,12,ATACGCGATATATTGCTATC,0,4583324
ybaY_predicted,0.07692307692307693,12,12,ATACCCATCGATAAAGGTAT,0,4560409
ybaY_predicted,0.07692307692307693,12,12,AGTTTGGCCAGTGGTGGACT,0,4568928
ybaY_predicted,0.07692307692307693,12,12,AGTAGGCTTGCCTAATGAGC,0,4578228
ybaY_predicted,0.07692307692307693,12,12,AGGGGCGCCATCTTCCGTTT,0,4600164
ybaY_predicted,0.07692307692307693,12,12,AGGGAGCTGTGGGAATTAGT,0,4561857
ybaY_predicted,0.07692307692307693,12,12,AGGCATGTCGATAACAGCGC,0,4591920
ybaY_predicted,0.07692307692307693,12,12,AGGATGTTGAACCCACCTGG,0,4555421
ybaY_predicted,0.07692307692307693,12,12,AGGATCGTAGAATTTGCTGC,0,4597272
ybaY_predicted,0.07692307692307693,12,12,AGCTGGTATCCTTCTCTCTG,0,4577889
ybaY_predicted,0.07692307692307693,12,12,AGCGTAGACGAGCCCCTGGA,0,4573520
ybaY_predicted,0.07692307692307693,12,12,AGCCCGGAGGAGGGTAGGTC,0,4565460
ybaY_predicted,0.07692307692307693,12,12,AGCCAGATTACTCAGACCTA,0,4580477
ybaY_predicted,0.07692307692307693,12,12,AGCATTGCATGACACGGCAG,0,4568069
ybaY_predicted,0.07692307692307693,12,12,AGCAGCTACGAGGTTTCAAA,0,4569279
ybaY_predicted,0.07692307692307693,12,12,AGAGGTAAACTGTTGCATAT,0,4564206
ybaY_predicted,0.07692307692307693,12,12,AGAGATGGCTCTGCTGTCAA,0,4560976
ybaY_predicted,0.07692307692307693,12,12,AGACTGTCAATTGTGAGTAC,0,4592016
ybaY_predicted,0.07692307692307693,12,12,AGAAGGTGTGTGCTATACTC,0,4569956
ybaY_predicted,0.07692307692307693,12,12,AGAACGAGGCGGATCATAAT,0,4579969
ybaY_predicted,0.07692307692307693,12,12,ACTTGCGTAAGCCTCTCATT,0,4550565
ybaY_predicted,0.07692307692307693,12,12,ACTGTGTTACCATGAGCTCA,0,4585278
ybaY_predicted,0.07692307692307693,12,12,ACGTTATATAACTGGACTGC,0,4590816
ybaY_predicted,0.07692307692307693,12,12,ACGTGGGCACAGCTCTTTGA,0,4561053
ybaY_predicted,0.07692307692307693,12,12,ACGTAGGAGATGACCGGCTT,0,4582954
ybaY_predicted,0.07692307692307693,12,12,ACGGTAATCGCATGCCGCAA,0,4594537
ybaY_predicted,0.07692307692307693,12,12,ACGGAGATATCGTCTGAACC,0,4580463
ybaY_predicted,0.07692307692307693,12,12,ACGCATTGTAAATCGCATTA,0,4594302
ybaY_predicted,0.07692307692307693,12,12,ACGCATGAGCTTTTTCTTGT,0,4558119
ybaY_predicted,0.07692307692307693,12,12,ACGCAGACACAAACGGACTA,0,4593616
ybaY_predicted,0.07692307692307693,12,12,ACGAGGCGTATGGGTACCAA,0,4589643
ybaY_predicted,0.07692307692307693,12,12,ACCTGGGGCTGTAATGTCCA,0,4557425
ybaY_predicted,0.07692307692307693,12,12,ACCGACGGGATATAGTTCCC,0,4562318
ybaY_predicted,0.07692307692307693,12,12,ACCCTGGGCCGAGCGGAAGC,0,4597570
ybaY_predicted,0.07692307692307693,12,12,ACCCTGCGAAAAGAGAGAGA,0,4587279
ybaY_predicted,0.07692307692307693,12,12,ACCACTGAGTCAGAAGAGGC,0,4579259
ybaY_predicted,0.07692307692307693,12,12,ACATCGATGATAGAGGTCAA,0,4549144
ybaY_predicted,0.07692307692307693,12,12,ACAGTTACCGATTTTCCATT,0,4600408
ybaY_predicted,0.07692307692307693,12,12,ACAGTGTCCCTTGGTAAGGT,0,4565493
ybaY_predicted,0.07692307692307693,12,12,ACAGGGGATAAGACAGGTCC,0,4549330
ybaY_predicted,0.07692307692307693,12,12,ACAGCTGTAGTCAGTTTAGC,0,4585871
ybaY_predicted,0.07692307692307693,12,12,ACAGCGTAGTAAGAGCGATG,0,4578869
ybaY_predicted,0.07692307692307693,12,12,ACACCGCTAAAATACTCAGG,0,4591574
ybaY_predicted,0.07692307692307693,12,12,ACAATGAGGTAGCTATTCCT,0,4583286
ybaY_predicted,0.07692307692307693,12,12,ACAATAAACAAGTGTGGAAG,0,4557607
ybaY_predicted,0.07692307692307693,12,12,ACAACTGTTAATCGGCTATC,0,4551958
ybaY_predicted,0.07692307692307693,12,12,AATTTGAAATCACGGAGTTC,0,4551548
ybaY_predicted,0.07692307692307693,12,12,AATTCATAAGTGCCTATGGT,0,4597970
ybaY_predicted,0.07692307692307693,12,12,AATTCAGGGGGTAATCGTTA,0,4556742
ybaY_predicted,0.07692307692307693,12,12,AATGTGGTATCCCTGCGATT,0,4581420
ybaY_predicted,0.07692307692307693,12,12,AATGAGAGCTGCGAGGGGCG,0,4596965
ybaY_predicted,0.07692307692307693,12,12,AATCTCGTGTGCATTAGGTG,0,4547972
ybaY_predicted,0.07692307692307693,12,12,AATCGAGATCCTCGGCGCGC,0,4552766
ybaY_predicted,0.07692307692307693,12,12,AATATCTGTGGCAGTGGCTA,0,4598540
ybaY_predicted,0.07692307692307693,12,12,AAGTTTCCGAAAGGCTGAGT,0,4598916
ybaY_predicted,0.07692307692307693,12,12,AAGTCAAGCCCCGCCCTCTC,0,4580849
ybaY_predicted,0.07692307692307693,12,12,AAGGTCAGGTAATTCAATCC,0,4560074
ybaY_predicted,0.07692307692307693,12,12,AAGCTGAACCTCTCGTATGT,0,4599000
ybaY_predicted,0.07692307692307693,12,12,AAGCTCAACGTCAAGTAACA,0,4570269
ybaY_predicted,0.07692307692307693,12,12,AACTGCTAGTGCGATCTAGC,0,4583647
ybaY_predicted,0.07692307692307693,12,12,AACGTCTATTGTTTAGGATG,0,4598490
ybaY_predicted,0.07692307692307693,12,12,AACGTCGGGTGTAAGTGTAA,0,4558624
ybaY_predicted,0.07692307692307693,12,12,AACGACGGGGTATCATAGCT,0,4575777
ybaY_predicted,0.07692307692307693,12,12,AACCGGCGGCTCGTCTCAAC,0,4553766
ybaY_predicted,0.07692307692307693,12,12,AACCATGATCTGTTGCTGCT,0,4578967
ybaY_predicted,0.07692307692307693,12,12,AAATTGCCTTAGGGTTTCCT,0,4585885
ybaY_predicted,0.07692307692307693,12,12,AAATCGAGCATTAGGTGATG,0,4572296
ybaY_predicted,0.07692307692307693,12,12,AAATACATCCGTCAATTGGA,0,4549878
ybaY_predicted,0.07692307692307693,12,12,AAAGGCTGCCGCCATTGCGT,0,4566211
ybaY_predicted,0.07692307692307693,12,12,AAACTGTGCCAGGCTCCAGT,0,4578711
ybaY_predicted,0.07692307692307693,12,12,AAAATGAACACAATAGCTTA,0,4566814
ybaY_predicted,0.07692307692307693,12,12,AAAAGTTCGGGTGGTCGCTA,0,4570233
ybaY_predicted,0.07692307692307693,12,12,AAAAGAGCCCTGCCATGGTT,0,4551284
ybaY_predicted,0.07692307692307693,12,12,AAAAACCTCAAGTAGCCCGG,0,4577837
ybaY_predicted,0.08333333333333333,11,11,TTTTGAACGAGTCTAAATGG,0,4579389
ybaY_predicted,0.08333333333333333,11,11,TTTGTGCTAGGTCGATTTTA,0,4548480
ybaY_predicted,0.08333333333333333,11,11,TTTGTAACGTTGCTCACACT,0,4546884
ybaY_predicted,0.08333333333333333,11,11,TTTGCTTGGTTGGTGCAGCA,0,4566308
ybaY_predicted,0.08333333333333333,11,11,TTTCTTCGTATGGGCACACT,0,4575273
ybaY_predicted,0.08333333333333333,11,11,TTTCCGCGGTGTTCTCCTTA,0,4585496
ybaY_predicted,0.08333333333333333,11,11,TTTATGAGCCTCGGAATAGT,0,4562432
ybaY_predicted,0.08333333333333333,11,11,TTTAGGGTATCTAGCGGTCT,0,4561294
ybaY_predicted,0.08333333333333333,11,11,TTTAGGACTTCCTTGGTTCA,0,4551153
ybaY_predicted,0.08333333333333333,11,11,TTGTTGCCAGGCATTGTAGA,0,4598259
ybaY_predicted,0.08333333333333333,11,11,TTGTTACCCTTGAGTTCAGG,0,4571961
ybaY_predicted,0.08333333333333333,11,11,TTGTGCGCACGAGCTGATTC,0,4586052
ybaY_predicted,0.08333333333333333,11,11,TTGTCGTCGGGATGAAAGGG,0,4576726
ybaY_predicted,0.08333333333333333,11,11,TTGGACCAATGTACGATACA,0,4590300
ybaY_predicted,0.08333333333333333,11,11,TTCTCCCTTCAATATTGATC,0,4549165
ybaY_predicted,0.08333333333333333,11,11,TTCGCGGTACAGGGGTCGGC,0,4592140
ybaY_predicted,0.08333333333333333,11,11,TTATAACACTGTTACACTTC,0,4558132
ybaY_predicted,0.08333333333333333,11,11,TTAGCCTCGCTAGAAGATAC,0,4592522
ybaY_predicted,0.08333333333333333,11,11,TTAGACGTCGGTATTCGAGC,0,4578704
ybaY_predicted,0.08333333333333333,11,11,TTACGACCTGATGTACGGTT,0,4554075
ybaY_predicted,0.08333333333333333,11,11,TTACCCTCGCATTACCTGAG,0,4570962
ybaY_predicted,0.08333333333333333,11,11,TTAATTTTGAGAGTAGCAGC,0,4586641
ybaY_predicted,0.08333333333333333,11,11,TGTTATAGGGCGCAAGCGGC,0,4583553
ybaY_predicted,0.08333333333333333,11,11,TGTGATGAAAGGTGACCACA,0,4572535
ybaY_predicted,0.08333333333333333,11,11,TGTCGCCATCCCCGCGCCCC,0,4572841
ybaY_predicted,0.08333333333333333,11,11,TGTCAGTCGAGGCGACCGAA,0,4561856
ybaY_predicted,0.08333333333333333,11,11,TGTCAAGAATGTCTAAGCTT,0,4597291
ybaY_predicted,0.08333333333333333,11,11,TGTATTGCAGCGTATCCTTA,0,4577027
ybaY_predicted,0.08333333333333333,11,11,TGGTTGGGTCCGAATCGTCC,0,4554539
ybaY_predicted,0.08333333333333333,11,11,TGGGCTGTTAGGTTAAGCAA,0,4566275
ybaY_predicted,0.08333333333333333,11,11,TGGGCGAATCATTTTCGACA,0,4580959
ybaY_predicted,0.08333333333333333,11,11,TGGGCAAGCCGTGTTGCGTA,0,4575827
ybaY_predicted,0.08333333333333333,11,11,TGGGAGAAGGCAATTTTGTA,0,4585821
ybaY_predicted,0.08333333333333333,11,11,TGGCGTAAGATCTAAATGAA,0,4593595
ybaY_predicted,0.08333333333333333,11,11,TGGATTTCGCTTCCGCTTAG,0,4568918
ybaY_predicted,0.08333333333333333,11,11,TGGATTGCAGACCGTTGAGC,0,4595538
ybaY_predicted,0.08333333333333333,11,11,TGCCTCCACATTTCGATTAT,0,4546303
ybaY_predicted,0.08333333333333333,11,11,TGCCGGCAAGAAGGTCTTCG,0,4593169
ybaY_predicted,0.08333333333333333,11,11,TGCAGGGTTTGGCCGTACTA,0,4585928
ybaY_predicted,0.08333333333333333,11,11,TGAGGGTCCAGCATCACAGA,0,4574574
ybaY_predicted,0.08333333333333333,11,11,TGAGCGTAACACTTATCCTC,0,4573184
ybaY_predicted,0.08333333333333333,11,11,TGAGCATTCGCTCCGGATGA,0,4589054
ybaY_predicted,0.08333333333333333,11,11,TGACCACCGACGGAGCAAGA,0,4571991
ybaY_predicted,0.08333333333333333,11,11,TGACATCGTAGTGAGGCGAT,0,4563660
ybaY_predicted,0.08333333333333333,11,11,TCTTTCCCGCAGTTAGAGCA,0,4556302
ybaY_predicted,0.08333333333333333,11,11,TCTTTATGGTTTTCACCATC,0,4598805
ybaY_predicted,0.08333333333333333,11,11,TCTGGTCGGGAACTAGGTTT,0,4572374
ybaY_predicted,0.08333333333333333,11,11,TCTGCGGACTCATGCGGACA,0,4592982
ybaY_predicted,0.08333333333333333,11,11,TCTGCGCGCCGGAAACAGGG,0,4592703
ybaY_predicted,0.08333333333333333,11,11,TCTGAGAACGAACAATCCGA,0,4552244
ybaY_predicted,0.08333333333333333,11,11,TCTCAGATTGATTACGCATA,0,4581542
ybaY_predicted,0.08333333333333333,11,11,TCTATAGAGGGTTGGATCGT,0,4557840
ybaY_predicted,0.08333333333333333,11,11,TCGTTTGCGTCCAACCCCGA,0,4550790
ybaY_predicted,0.08333333333333333,11,11,TCGTTACTTTTTCCGGCGTG,0,4544366
ybaY_predicted,0.08333333333333333,11,11,TCGGGTATGGGACGTCTTGT,0,4559111
ybaY_predicted,0.08333333333333333,11,11,TCGATCTGGCGTTGTGGTGC,0,4566374
ybaY_predicted,0.08333333333333333,11,11,TCGATCCATCGTTAGGATGA,0,4549045
ybaY_predicted,0.08333333333333333,11,11,TCGATACTTTTGCAGGATTC,0,4547918
ybaY_predicted,0.08333333333333333,11,11,TCCTGTAACAAGTTTGCGAA,0,4573518
ybaY_predicted,0.08333333333333333,11,11,TCCTATCCGAACCCTGCCAG,0,4560356
ybaY_predicted,0.08333333333333333,11,11,TCCGAGTCGCAGCGATTATT,0,4550186
ybaY_predicted,0.08333333333333333,11,11,TCCGAAGCCGTACTGCGTTA,0,4550750
ybaY_predicted,0.08333333333333333,11,11,TCCCAATTGCACCTAGGCTG,0,4596341
ybaY_predicted,0.08333333333333333,11,11,TCCACGGATGAATCGCAAAT,0,4594400
ybaY_predicted,0.08333333333333333,11,11,TCATGTGACCGGTCAGAAGT,0,4590330
ybaY_predicted,0.08333333333333333,11,11,TCAGGATGGTACGGGCAAAC,0,4546669
ybaY_predicted,0.08333333333333333,11,11,TCAGAAGGTAATGCTGGGAA,0,4579061
ybaY_predicted,0.08333333333333333,11,11,TCAGAAAAGGGATGAATTTT,0,4585873
ybaY_predicted,0.08333333333333333,11,11,TATTGTGTGCTCGTACGGGA,0,4547491
ybaY_predicted,0.08333333333333333,11,11,TATCGGAATACTATAAGCCC,0,4590236
ybaY_predicted,0.08333333333333333,11,11,TATCATTCAGGTCGAGTAAG,0,4564137
ybaY_predicted,0.08333333333333333,11,11,TATCACGGGCAACGATGTAT,0,4591390
ybaY_predicted,0.08333333333333333,11,11,TAGGTGGGTGGACAGTAAGC,0,4589436
ybaY_predicted,0.08333333333333333,11,11,TAGCTTGGTGGCTTTAAGGG,0,4586808
ybaY_predicted,0.08333333333333333,11,11,TAGCTGCGCCTAAACGGAGA,0,4579742
ybaY_predicted,0.08333333333333333,11,11,TAGATTACTGGCGGTGTGAT,0,4554670
ybaY_predicted,0.08333333333333333,11,11,TAGATCCCTAAGGCTCTGAG,0,4545889
ybaY_predicted,0.08333333333333333,11,11,TAGATAGTTTAGGGTAATAT,0,4582131
ybaY_predicted,0.08333333333333333,11,11,TACTTGTACTCGGTGACTAG,0,4579359
ybaY_predicted,0.08333333333333333,11,11,TACTCCCACCGATCGCCTAA,0,4563224
ybaY_predicted,0.08333333333333333,11,11,TACGTGACGGAGTATTATAC,0,4544810
ybaY_predicted,0.08333333333333333,11,11,TACGAGGGAAGGAGTTTTAT,0,4583363
ybaY_predicted,0.08333333333333333,11,11,TACCCTAGTGAGTAGCACGT,0,4563084
ybaY_predicted,0.08333333333333333,11,11,TACCCGCTTCCGCATCGGCT,0,4546302
ybaY_predicted,0.08333333333333333,11,11,TAATGGTTAAGACGAGGCAT,0,4565959
ybaY_predicted,0.08333333333333333,11,11,TAATACCATGCGCTAAACCA,0,4549290
ybaY_predicted,0.08333333333333333,11,11,TAATACCATCAAATCGGTGT,0,4567920
ybaY_predicted,0.08333333333333333,11,11,TAAGTATTCATAAACCTTTG,0,4567764
ybaY_predicted,0.08333333333333333,11,11,TAAGGGCCGAAGCGCCTAGT,0,4555178
ybaY_predicted,0.08333333333333333,11,11,TAACAAACACGGCTTTTCCA,0,4550024
ybaY_predicted,0.08333333333333333,11,11,TAAAGATCACTTACGGCATT,0,4574856
ybaY_predicted,0.08333333333333333,11,11,GTTGACTGCACAAGCCGGTG,0,4569940
ybaY_predicted,0.08333333333333333,11,11,GTTCCGCTAGAAGTTACCGT,0,4545476
ybaY_predicted,0.08333333333333333,11,11,GTTAGAACTCACTCAGTCTA,0,4587479
ybaY_predicted,0.08333333333333333,11,11,GTTACAAACACGATTAGGAC,0,4559071
ybaY_predicted,0.08333333333333333,11,11,GTGTTATCGCCTATTCAAGT,0,4555175
ybaY_predicted,0.08333333333333333,11,11,GTGTTAATCGAACCGAATTA,0,4551554
ybaY_predicted,0.08333333333333333,11,11,GTGTAGTTAGGCCAACGTGA,0,4582480
ybaY_predicted,0.08333333333333333,11,11,GTGTACAGATATCATCCTTG,0,4544965
ybaY_predicted,0.08333333333333333,11,11,GTGGTTTTATACAATTTGAT,0,4560363
ybaY_predicted,0.08333333333333333,11,11,GTGGTAATATTCATCGATAA,0,4588602
ybaY_predicted,0.08333333333333333,11,11,GTGGCCAGGCTTCTCGTTAA,0,4548918
ybaY_predicted,0.08333333333333333,11,11,GTGGATCCATTCAATGATGG,0,4546136
ybaY_predicted,0.08333333333333333,11,11,GTGCCGCTCCAGGCACGCAG,0,4582632
ybaY_predicted,0.08333333333333333,11,11,GTGCCAAGGCGCCTACATGA,0,4551099
ybaY_predicted,0.08333333333333333,11,11,GTGACCGCGCTTGTGAATAT,0,4576030
ybaY_predicted,0.08333333333333333,11,11,GTCGTAAATTTGAACGACCT,0,4558996
ybaY_predicted,0.08333333333333333,11,11,GTCGAGTTCAACCTTCCTGA,0,4559326
ybaY_predicted,0.08333333333333333,11,11,GTCCGCTTCGAAAAGCTCGG,0,4587015
ybaY_predicted,0.08333333333333333,11,11,GTCATCATTTGCTGTTTTAT,0,4565272
ybaY_predicted,0.08333333333333333,11,11,GTCACTGTTAGCCTGTTTAG,0,4595521
ybaY_predicted,0.08333333333333333,11,11,GTCACGGCGATCGCGGGCGT,0,4559341
ybaY_predicted,0.08333333333333333,11,11,GTCACCATCAGGTACCGCGA,0,4551591
ybaY_predicted,0.08333333333333333,11,11,GTCAAGCCTCTCGTGACTTT,0,4557218
ybaY_predicted,0.08333333333333333,11,11,GTAGTTTGATCGGCCTTTCA,0,4572144
ybaY_predicted,0.08333333333333333,11,11,GTACTGTGAAGCTGTAGGTA,0,4587509
ybaY_predicted,0.08333333333333333,11,11,GTAAGGCGGCACAACAGACA,0,4547110
ybaY_predicted,0.08333333333333333,11,11,GTAAAAACTTACGAGCATGA,0,4588762
ybaY_predicted,0.08333333333333333,11,11,GGTGGCGGGTCGCAAGTTAT,0,4578227
ybaY_predicted,0.08333333333333333,11,11,GGTGCGTGGCCCCCGGAGTG,0,4550580
ybaY_predicted,0.08333333333333333,11,11,GGTGCAGGTTATGTAAAAAC,0,4551714
ybaY_predicted,0.08333333333333333,11,11,GGTGATGTTGCGTAGTGGCG,0,4566678
ybaY_predicted,0.08333333333333333,11,11,GGTGATCGCTAACAGAACCA,0,4562413
ybaY_predicted,0.08333333333333333,11,11,GGTCTCACAGATCAATGCAT,0,4552816
ybaY_predicted,0.08333333333333333,11,11,GGTCCGTCATACTGCCCTCC,0,4556847
ybaY_predicted,0.08333333333333333,11,11,GGTCAGTCGATATTTAGTTT,0,4547209
ybaY_predicted,0.08333333333333333,11,11,GGTAGTCAGTCCAACCATAG,0,4551814
ybaY_predicted,0.08333333333333333,11,11,GGGTGTGAACCGTCCTGTCC,0,4579406
ybaY_predicted,0.08333333333333333,11,11,GGGTGGCCTATTCGATGCGC,0,4584343
ybaY_predicted,0.08333333333333333,11,11,GGGTGCTGAATTACTCTCTG,0,4565982
ybaY_predicted,0.08333333333333333,11,11,GGGTAGCTCATAGATCAAAT,0,4565542
ybaY_predicted,0.08333333333333333,11,11,GGGGTGATGGTCATATAAAT,0,4558854
ybaY_predicted,0.08333333333333333,11,11,GGGGCCATACATCGACACCT,0,4578642
ybaY_predicted,0.08333333333333333,11,11,GGGCTAAGGGGGTCTTTCCG,0,4556012
ybaY_predicted,0.08333333333333333,11,11,GGGATGACAAGGGGTTGAGT,0,4559167
ybaY_predicted,0.08333333333333333,11,11,GGGAGTTCTTCAACCGGCAT,0,4582722
ybaY_predicted,0.08333333333333333,11,11,GGGACCAGCTTTAGCCTACA,0,4583996
ybaY_predicted,0.08333333333333333,11,11,GGGAATGCTTTATTCAATAT,0,4547874
ybaY_predicted,0.08333333333333333,11,11,GGCTGACAATAGTGGCTCTT,0,4577591
ybaY_predicted,0.08333333333333333,11,11,GGCCGGTCCTCTTTCAAACT,0,4558633
ybaY_predicted,0.08333333333333333,11,11,GGCCCATGGCACTTATTGCC,0,4586557
ybaY_predicted,0.08333333333333333,11,11,GGACTGGGGTTACAATAATC,0,4553868
ybaY_predicted,0.08333333333333333,11,11,GGAAGCAAGGCGAAATGTGT,0,4579257
ybaY_predicted,0.08333333333333333,11,11,GCTTACCGCACCATATGGAA,0,4582738
ybaY_predicted,0.08333333333333333,11,11,GCTGCCAGCTTGCTGCTTGG,0,4560092
ybaY_predicted,0.08333333333333333,11,11,GCTCTTTAGCGACTGCTATG,0,4590384
ybaY_predicted,0.08333333333333333,11,11,GCTCTCGGGGACAGTGGAAC,0,4562987
ybaY_predicted,0.08333333333333333,11,11,GCTATCTCCGTACGGATGAA,0,4556462
ybaY_predicted,0.08333333333333333,11,11,GCGTGCTGTCTAGGATTTGT,0,4599715
ybaY_predicted,0.08333333333333333,11,11,GCGGCGATATCTTGATACTC,0,4567000
ybaY_predicted,0.08333333333333333,11,11,GCGCTCCCCCAGGCCGCGGG,0,4556490
ybaY_predicted,0.08333333333333333,11,11,GCGCGTTACTTTTTCAGCTA,0,4585239
ybaY_predicted,0.08333333333333333,11,11,GCGCGCAGTTCGAGGTACCA,0,4567032
ybaY_predicted,0.08333333333333333,11,11,GCGCGCAGGTTTAATGGAGC,0,4589682
ybaY_predicted,0.08333333333333333,11,11,GCGCCCACATTTCTGAAAAA,0,4596919
ybaY_predicted,0.08333333333333333,11,11,GCGCCATATTGTCTCAGTCG,0,4596747
ybaY_predicted,0.08333333333333333,11,11,GCGCATTTCACGCCTACCTT,0,4593657
ybaY_predicted,0.08333333333333333,11,11,GCGATTCTACGTGTCCAGCC,0,4567239
ybaY_predicted,0.08333333333333333,11,11,GCGAATTTAATTGTTGAAAA,0,4545151
ybaY_predicted,0.08333333333333333,11,11,GCCTAACCAATGACTTACTT,0,4596577
ybaY_predicted,0.08333333333333333,11,11,GCCGTCAGGCCCATGACACA,0,4571833
ybaY_predicted,0.08333333333333333,11,11,GCCGAGTGACCTATGAGACT,0,4597578
ybaY_predicted,0.08333333333333333,11,11,GCCCCAGCCAGAGGTTCATT,0,4599218
ybaY_predicted,0.08333333333333333,11,11,GCCATTACCTAGGCTAGAGT,0,4564314
ybaY_predicted,0.08333333333333333,11,11,GCCAGGCAAGTTTTAATCAA,0,4569589
ybaY_predicted,0.08333333333333333,11,11,GCAGGGGGCAAAACGTGGGT,0,4595816
ybaY_predicted,0.08333333333333333,11,11,GCACCGGTCCGCTAAGGGGT,0,4582072
ybaY_predicted,0.08333333333333333,11,11,GCAAGTACGTGGTCATTGGT,0,4559274
ybaY_predicted,0.08333333333333333,11,11,GCAAGCCGCAGTCGTAAATA,0,4571960
ybaY_predicted,0.08333333333333333,11,11,GCAACAGCACGAACCAATCT,0,4546519
ybaY_predicted,0.08333333333333333,11,11,GCAAAACTTGGGAATTTTTG,0,4590258
ybaY_predicted,0.08333333333333333,11,11,GATTTTCTGGATTGTCTGAC,0,4576913
ybaY_predicted,0.08333333333333333,11,11,GATTCACGGTTTTTTTAATT,0,4576787
ybaY_predicted,0.08333333333333333,11,11,GATGGTGGTTGACAACCGTC,0,4587442
ybaY_predicted,0.08333333333333333,11,11,GATGCTTCGCTTGCCCGCTG,0,4589737
ybaY_predicted,0.08333333333333333,11,11,GAGTTACCCTAGAGGTCTTT,0,4557754
ybaY_predicted,0.08333333333333333,11,11,GAGTGTGTGAAGAGCACAGA,0,4583360
ybaY_predicted,0.08333333333333333,11,11,GAGTCACGCCTCCGACAATA,0,4550969
ybaY_predicted,0.08333333333333333,11,11,GAGGCTATACTCACGGATTG,0,4575465
ybaY_predicted,0.08333333333333333,11,11,GAGGATCCCTATTGACTGGC,0,4558293
ybaY_predicted,0.08333333333333333,11,11,GAGAGTCTGGGTTACCTAAT,0,4575450
ybaY_predicted,0.08333333333333333,11,11,GAGAGCATAAACAAGACATA,0,4591062
ybaY_predicted,0.08333333333333333,11,11,GACTGCCCGGCGTTCGACTA,0,4595462
ybaY_predicted,0.08333333333333333,11,11,GACGCAATACGCAATAGAGG,0,4564284
ybaY_predicted,0.08333333333333333,11,11,GACCAGAGCATAGCTAGCCT,0,4550918
ybaY_predicted,0.08333333333333333,11,11,GACCAGACTAACCGACCTTA,0,4582085
ybaY_predicted,0.08333333333333333,11,11,GAAGAGGCGGCAGTCAATGG,0,4559954
ybaY_predicted,0.08333333333333333,11,11,GAAAGTGGGGGGGGACCTCC,0,4563760
ybaY_predicted,0.08333333333333333,11,11,GAAACCCTCTTTATAAGCCT,0,4568646
ybaY_predicted,0.08333333333333333,11,11,GAAAACGCGATGGGAGTGGT,0,4550067
ybaY_predicted,0.08333333333333333,11,11,CTTTAATTTATACGTTAAAC,0,4584533
ybaY_predicted,0.08333333333333333,11,11,CTTGGCGACCTGTGGCCAGT,0,4595673
ybaY_predicted,0.08333333333333333,11,11,CTGTGTACTCGGGTACGGGG,0,4559281
ybaY_predicted,0.08333333333333333,11,11,CTGTCACGCACAGGATCTTT,0,4580017
ybaY_predicted,0.08333333333333333,11,11,CTGGGCTGGGATCTTTATTT,0,4579926
ybaY_predicted,0.08333333333333333,11,11,CTGGCGCCGTAGGCCCTCAA,0,4556311
ybaY_predicted,0.08333333333333333,11,11,CTGAAATTCGGTACATAGCG,0,4582280
ybaY_predicted,0.08333333333333333,11,11,CTCGTTGAAGATAACAGCAA,0,4556590
ybaY_predicted,0.08333333333333333,11,11,CTCGGCTAACGGGTGTTGCC,0,4587977
ybaY_predicted,0.08333333333333333,11,11,CTATGTTATTTGTACAGGTA,0,4550336
ybaY_predicted,0.08333333333333333,11,11,CTATGTGATTAATAGTCGGC,0,4586361
ybaY_predicted,0.08333333333333333,11,11,CTAGTTTCACTACGTCCTGG,0,4567557
ybaY_predicted,0.08333333333333333,11,11,CTAGGTACTTCCGTGGTAAT,0,4560021
ybaY_predicted,0.08333333333333333,11,11,CTAGCGGCCACATTCTTCAC,0,4554053
ybaY_predicted,0.08333333333333333,11,11,CTACATCCAAGGTTCGCCCA,0,4546979
ybaY_predicted,0.08333333333333333,11,11,CTAATTTACATGGGAAAGCT,0,4576048
ybaY_predicted,0.08333333333333333,11,11,CTAATTCGAAAGAATATCCA,0,4581514
ybaY_predicted,0.08333333333333333,11,11,CGTTTAGAGGTTCACCAGTC,0,4562416
ybaY_predicted,0.08333333333333333,11,11,CGTTCAGATAGTGAGCCTAT,0,4585447
ybaY_predicted,0.08333333333333333,11,11,CGTTACCGCTTGTAGGACTG,0,4560490
ybaY_predicted,0.08333333333333333,11,11,CGTGTGACTACCGCACGTTT,0,4572551
ybaY_predicted,0.08333333333333333,11,11,CGTCGCCACGAGCTTCGGGT,0,4547788
ybaY_predicted,0.08333333333333333,11,11,CGTACAATGAACGTACATAG,0,4560806
ybaY_predicted,0.08333333333333333,11,11,CGGTGGATGAAATTACAACT,0,4578649
ybaY_predicted,0.08333333333333333,11,11,CGGTCCCAGTTCGGGAAGAT,0,4572697
ybaY_predicted,0.08333333333333333,11,11,CGGGCATGCTCTTCGGGGAT,0,4550096
ybaY_predicted,0.08333333333333333,11,11,CGGCTCTTAGAATCCGTTCT,0,4583567
ybaY_predicted,0.08333333333333333,11,11,CGGCCGGGGGTGACGGGCTA,0,4565726
ybaY_predicted,0.08333333333333333,11,11,CGGCCGGCAGGGGCGCGAAT,0,4560889
ybaY_predicted,0.08333333333333333,11,11,CGGATCGGAGCGTGACCAGG,0,4565628
ybaY_predicted,0.08333333333333333,11,11,CGGAGGCACAATGAGTTCTG,0,4557814
ybaY_predicted,0.08333333333333333,11,11,CGGAATGCAGCTTAAGCTTC,0,4547337
ybaY_predicted,0.08333333333333333,11,11,CGCTGCCCGTCAATAACACA,0,4566880
ybaY_predicted,0.08333333333333333,11,11,CGCTCTGATTGAATATCTGC,0,4570293
ybaY_predicted,0.08333333333333333,11,11,CGCTCGGGTCGAAAACCTGT,0,4553916
ybaY_predicted,0.08333333333333333,11,11,CGCTCGAGGCTGATCTAGTT,0,4574658
ybaY_predicted,0.08333333333333333,11,11,CGCTAGGACCGTACTCTTGC,0,4544515
ybaY_predicted,0.08333333333333333,11,11,CGCCGTGCTTCCAAAGGCCT,0,4551045
ybaY_predicted,0.08333333333333333,11,11,CGCATCAATAGCCAGGTAGG,0,4589757
ybaY_predicted,0.08333333333333333,11,11,CGAGGTATGGCTTTTTAGGT,0,4599073
ybaY_predicted,0.08333333333333333,11,11,CGAGACTCCTCCGATACATC,0,4596619
ybaY_predicted,0.08333333333333333,11,11,CGACCGCTAAACACTAAGTC,0,4592790
ybaY_predicted,0.08333333333333333,11,11,CGACCCTATAAAGATCCGAG,0,4562990
ybaY_predicted,0.08333333333333333,11,11,CGAAGCTTATGAAGTGTAAT,0,4568022
ybaY_predicted,0.08333333333333333,11,11,CGAACATTTCGGGTGCTGAG,0,4596751
ybaY_predicted,0.08333333333333333,11,11,CGAAACGTGTATCCGTCTCG,0,4549210
ybaY_predicted,0.08333333333333333,11,11,CCTTTGCAGACAAAGGCATA,0,4590019
ybaY_predicted,0.08333333333333333,11,11,CCTTGTCTTCAGCCGTTTGT,0,4551000
ybaY_predicted,0.08333333333333333,11,11,CCTTACAGGTCATCTAAGAG,0,4598876
ybaY_predicted,0.08333333333333333,11,11,CCTGTCGCGTAACCCACAAT,0,4599769
ybaY_predicted,0.08333333333333333,11,11,CCTGACGGTTGTCTTTGGAC,0,4568138
ybaY_predicted,0.08333333333333333,11,11,CCTCAGCAGTTCTCGCCACA,0,4562138
ybaY_predicted,0.08333333333333333,11,11,CCTATAAGGCTATCGGCCGT,0,4589128
ybaY_predicted,0.08333333333333333,11,11,CCGTCGGTTTCTTTGTGAAG,0,4600061
ybaY_predicted,0.08333333333333333,11,11,CCGTACGTGCCTGCTAACTA,0,4595950
ybaY_predicted,0.08333333333333333,11,11,CCGTAACTGAAATCGATGGT,0,4565762
ybaY_predicted,0.08333333333333333,11,11,CCGGTGGCGCACGCAACTCT,0,4591958
ybaY_predicted,0.08333333333333333,11,11,CCGGTCCCTGGTTACCGAAT,0,4546637
ybaY_predicted,0.08333333333333333,11,11,CCGGGACTACCGAAGCGTCC,0,4592029
ybaY_predicted,0.08333333333333333,11,11,CCGGCAGAGAGCTATTGACC,0,4581580
ybaY_predicted,0.08333333333333333,11,11,CCGCCGTCTCATCTTGCATT,0,4584711
ybaY_predicted,0.08333333333333333,11,11,CCGCCGGGATGTGTCTCGCG,0,4566817
ybaY_predicted,0.08333333333333333,11,11,CCCTGTTAATTTTGCGAAAC,0,4547075
ybaY_predicted,0.08333333333333333,11,11,CCCTATGCAGAACGAGGTGT,0,4585498
ybaY_predicted,0.08333333333333333,11,11,CCCGACATGCCATCATGTGC,0,4578218
ybaY_predicted,0.08333333333333333,11,11,CCCAGCTAAATCCGTCCGTC,0,4568700
ybaY_predicted,0.08333333333333333,11,11,CCCACTCGATATTGTTACTG,0,4573972
ybaY_predicted,0.08333333333333333,11,11,CCCACCTCGGATTGTGATTT,0,4587992
ybaY_predicted,0.08333333333333333,11,11,CCATGTTGCACATTCAAAAC,0,4591539
ybaY_predicted,0.08333333333333333,11,11,CCATGCAACCGAGTGGGGCT,0,4558182
ybaY_predicted,0.08333333333333333,11,11,CCATAGCCTTTTATTATAAT,0,4554471
ybaY_predicted,0.08333333333333333,11,11,CCAGTCAGATTGTTCAGGAC,0,4591457
ybaY_predicted,0.08333333333333333,11,11,CCAAGACTGTCAACTACAGA,0,4550722
ybaY_predicted,0.08333333333333333,11,11,CATTGTGGTACTTGAGGTCA,0,4583430
ybaY_predicted,0.08333333333333333,11,11,CATTGAATTTCGACAACCCG,0,4552352
ybaY_predicted,0.08333333333333333,11,11,CATTATGTTCAATTCGTTTA,0,4564933
ybaY_predicted,0.08333333333333333,11,11,CATTACGGCGCTCAACGAAT,0,4553070
ybaY_predicted,0.08333333333333333,11,11,CATCGGGAACAGAAGTTCAC,0,4562434
ybaY_predicted,0.08333333333333333,11,11,CATCCGCACGAACATAGGAA,0,4585695
ybaY_predicted,0.08333333333333333,11,11,CATAAGACGACGGCACCGGT,0,4548075
ybaY_predicted,0.08333333333333333,11,11,CAGTATATTTTTCTAACGAT,0,4594253
ybaY_predicted,0.08333333333333333,11,11,CAGGTTGCGGGGAAGTCATT,0,4575416
ybaY_predicted,0.08333333333333333,11,11,CAGGTCAACAGCAAAACATT,0,4563338
ybaY_predicted,0.08333333333333333,11,11,CAGCAGTCGCCTGGTGAAGG,0,4547870
ybaY_predicted,0.08333333333333333,11,11,CAGATGGTACACCATGGTGC,0,4583172
ybaY_predicted,0.08333333333333333,11,11,CACTGAGGCGTCAGTTTTAA,0,4576762
ybaY_predicted,0.08333333333333333,11,11,CACCTTAGCTCTATGTCAGT,0,4577345
ybaY_predicted,0.08333333333333333,11,11,CACAATGTCCAATAGGAGAC,0,4555875
ybaY_predicted,0.08333333333333333,11,11,CAATATCACACGGCTAAAGA,0,4545116
ybaY_predicted,0.08333333333333333,11,11,CAAGTGAGGACTACGATTTT,0,4590195
ybaY_predicted,0.08333333333333333,11,11,CAAGGGACGGGAGGGCTCAA,0,4590534
ybaY_predicted,0.08333333333333333,11,11,CAAGACCCTTGGTACACGGA,0,4583136
ybaY_predicted,0.08333333333333333,11,11,CAAATCATACAACTAACCAC,0,4554477
ybaY_predicted,0.08333333333333333,11,11,CAAAAGCAGTACAGCGATTA,0,4577523
ybaY_predicted,0.08333333333333333,11,11,ATTTTCCTCACGCCGGACCC,0,4586027
ybaY_predicted,0.08333333333333333,11,11,ATTTGTACCTCTCACGCTCT,0,4566705
ybaY_predicted,0.08333333333333333,11,11,ATTTCAGGCCTGAGATCCTT,0,4591029
ybaY_predicted,0.08333333333333333,11,11,ATTGTTTTGTGTCGAGTGGT,0,4576711
ybaY_predicted,0.08333333333333333,11,11,ATTAGGGGCACGTCTACGAG,0,4588552
ybaY_predicted,0.08333333333333333,11,11,ATGTGACATCGCTCTGCGGG,0,4570442
ybaY_predicted,0.08333333333333333,11,11,ATGTCCATCTCATACCCCAA,0,4572855
ybaY_predicted,0.08333333333333333,11,11,ATGTCAATCGGGCCTAATGT,0,4564004
ybaY_predicted,0.08333333333333333,11,11,ATGGTGCGTCCGCCACTGGT,0,4580604
ybaY_predicted,0.08333333333333333,11,11,ATGGGTCCTACCAATTTTGC,0,4595005
ybaY_predicted,0.08333333333333333,11,11,ATGGGTAAGGTGCATCGTAG,0,4587459
ybaY_predicted,0.08333333333333333,11,11,ATGGCATATTCCACCAATCA,0,4600008
ybaY_predicted,0.08333333333333333,11,11,ATGCTAGCTGGGTCAGCCCA,0,4545681
ybaY_predicted,0.08333333333333333,11,11,ATCTTAATACACCTTTGGAC,0,4549761
ybaY_predicted,0.08333333333333333,11,11,ATCTGTACCAAGTAAGGATG,0,4568801
ybaY_predicted,0.08333333333333333,11,11,ATCTCCCGTCCACGGTTTAC,0,4589631
ybaY_predicted,0.08333333333333333,11,11,ATCGTGCTTACATTCTATGA,0,4592325
ybaY_predicted,0.08333333333333333,11,11,ATCATACGGAAGGGGGATCC,0,4575196
ybaY_predicted,0.08333333333333333,11,11,ATATCCGGGTCATTCGGATG,0,4550904
ybaY_predicted,0.08333333333333333,11,11,ATAACTGCTCGCCGTCGATG,0,4576302
ybaY_predicted,0.08333333333333333,11,11,ATAACCGATTTTCGGTCTTC,0,4594201
ybaY_predicted,0.08333333333333333,11,11,ATAAATAAAAACAGATGCTC,0,4587602
ybaY_predicted,0.08333333333333333,11,11,AGTTAGGGCTGGGCTCCAGG,0,4563397
ybaY_predicted,0.08333333333333333,11,11,AGTACAAGTGGTTTGCTTGC,0,4559691
ybaY_predicted,0.08333333333333333,11,11,AGGTGGGCTCATAGCCAGCA,0,4588805
ybaY_predicted,0.08333333333333333,11,11,AGGTCGTAGGACTTGAAACA,0,4567286
ybaY_predicted,0.08333333333333333,11,11,AGGTATCAACGCCTCTATGA,0,4590841
ybaY_predicted,0.08333333333333333,11,11,AGGCGTCAGTATCATCCCAG,0,4599467
ybaY_predicted,0.08333333333333333,11,11,AGGCGCACTCGCCAATCCTT,0,4558206
ybaY_predicted,0.08333333333333333,11,11,AGGCATCCGTATTAGTCTCA,0,4559278
ybaY_predicted,0.08333333333333333,11,11,AGGAGAATTGAGCAAAACTA,0,4577866
ybaY_predicted,0.08333333333333333,11,11,AGGACAGTTCGAAAGGACAA,0,4579127
ybaY_predicted,0.08333333333333333,11,11,AGGAACTACAGGCGCCTAAA,0,4585495
ybaY_predicted,0.08333333333333333,11,11,AGGAAAGGGTACTACTCATT,0,4565945
ybaY_predicted,0.08333333333333333,11,11,AGCTCGCGACTGAGCCCACG,0,4553714
ybaY_predicted,0.08333333333333333,11,11,AGCGCGTGCGGGCAATTTCG,0,4546557
ybaY_predicted,0.08333333333333333,11,11,AGATGCAGGCGCTTGTTCCA,0,4569499
ybaY_predicted,0.08333333333333333,11,11,AGAGGTCCCGTTCGTTTGAT,0,4548969
ybaY_predicted,0.08333333333333333,11,11,AGAGCCTCCTTGTTTGGAGG,0,4571994
ybaY_predicted,0.08333333333333333,11,11,AGACGGTGAATACGCTCTAA,0,4558744
ybaY_predicted,0.08333333333333333,11,11,AGACCTCCCCCACGTTTCGA,0,4548497
ybaY_predicted,0.08333333333333333,11,11,AGACCGGACACTGCGTAAGT,0,4552175
ybaY_predicted,0.08333333333333333,11,11,AGAATGACGTAGTGAAATAG,0,4566960
ybaY_predicted,0.08333333333333333,11,11,AGAATCCGACACTATGGGGG,0,4549955
ybaY_predicted,0.08333333333333333,11,11,AGAAGCGTCAGTCGTCCCTG,0,4575678
ybaY_predicted,0.08333333333333333,11,11,ACTTGTGGCCAAGGTGCGAT,0,4562664
ybaY_predicted,0.08333333333333333,11,11,ACTTGAGCATATGGAGAGGT,0,4586560
ybaY_predicted,0.08333333333333333,11,11,ACTTATGATCCTACGAGTTC,0,4590950
ybaY_predicted,0.08333333333333333,11,11,ACTGTTATCTGGAGGGAACG,0,4548954
ybaY_predicted,0.08333333333333333,11,11,ACTCGCGTAGTCAGCATAAG,0,4570931
ybaY_predicted,0.08333333333333333,11,11,ACTCGACTCGTCAACCGGTA,0,4598663
ybaY_predicted,0.08333333333333333,11,11,ACTATCGTCTTTGGGTCTAA,0,4591850
ybaY_predicted,0.08333333333333333,11,11,ACTAAGGGAAAGAAGTTGAA,0,4579845
ybaY_predicted,0.08333333333333333,11,11,ACGTATACGATATGTGTTAG,0,4574820
ybaY_predicted,0.08333333333333333,11,11,ACGTAACAGACATATCGTCC,0,4571140
ybaY_predicted,0.08333333333333333,11,11,ACGGACTGACCTCATTAAGT,0,4560064
ybaY_predicted,0.08333333333333333,11,11,ACGCGTGCTTCTGCTATTCA,0,4546838
ybaY_predicted,0.08333333333333333,11,11,ACGACGGCCAACTCAGACCT,0,4580580
ybaY_predicted,0.08333333333333333,11,11,ACCTTAGACATCCGTTGAGG,0,4588563
ybaY_predicted,0.08333333333333333,11,11,ACCTGTCCTGCCAACTTACC,0,4583302
ybaY_predicted,0.08333333333333333,11,11,ACCGTGTAGACATCCTAGGT,0,4578297
ybaY_predicted,0.08333333333333333,11,11,ACCGGGAAGCGTCCAGGTTT,0,4595366
ybaY_predicted,0.08333333333333333,11,11,ACCGCGCCGATTAGTAATTA,0,4572679
ybaY_predicted,0.08333333333333333,11,11,ACCGCGATGCGGGATGATAC,0,4600318
ybaY_predicted,0.08333333333333333,11,11,ACCGAAATAGTGTGTAAACC,0,4587618
ybaY_predicted,0.08333333333333333,11,11,ACCAAAAATTAGCACAGTGC,0,4566920
ybaY_predicted,0.08333333333333333,11,11,ACATGTTACCCTCATCGAAT,0,4585393
ybaY_predicted,0.08333333333333333,11,11,ACATGTCCTAAGTTTGACTT,0,4575516
ybaY_predicted,0.08333333333333333,11,11,ACATGGTTGGGCACCATATA,0,4545223
ybaY_predicted,0.08333333333333333,11,11,ACAGCACGGTTGTAAGCTAT,0,4550800
ybaY_predicted,0.08333333333333333,11,11,ACAGATGTTGGCGGTATTGT,0,4591471
ybaY_predicted,0.08333333333333333,11,11,ACACGTACACATGATTTCAC,0,4551798
ybaY_predicted,0.08333333333333333,11,11,ACACGCAAATTGGCTAGTGT,0,4583950
ybaY_predicted,0.08333333333333333,11,11,ACACCGCCGAAAGGTTCCTG,0,4568364
ybaY_predicted,0.08333333333333333,11,11,ACAAGCTTTCGACTTTGAGG,0,4592088
ybaY_predicted,0.08333333333333333,11,11,ACAAGCGCATCCACCTAGTG,0,4589379
ybaY_predicted,0.08333333333333333,11,11,AATTGTCTCTTTGGTAAAAC,0,4557286
ybaY_predicted,0.08333333333333333,11,11,AATCCCAAAATAATCACTCT,0,4566569
ybaY_predicted,0.08333333333333333,11,11,AATAGCTCTGTGTCCCCCGG,0,4580952
ybaY_predicted,0.08333333333333333,11,11,AATACACATAGCAGTACTGT,0,4576592
ybaY_predicted,0.08333333333333333,11,11,AAGTAGGACTAGCTCCGACA,0,4563773
ybaY_predicted,0.08333333333333333,11,11,AAGGTGATGCTTCGTCCTTA,0,4578287
ybaY_predicted,0.08333333333333333,11,11,AAGGGCTTACTACATCGTTT,0,4557229
ybaY_predicted,0.08333333333333333,11,11,AAGGGCGGATGTGATCATGG,0,4584953
ybaY_predicted,0.08333333333333333,11,11,AAGGGAGCGCCTGCATTCTG,0,4551598
ybaY_predicted,0.08333333333333333,11,11,AACTTTGAACGTAGGTGACC,0,4589977
ybaY_predicted,0.08333333333333333,11,11,AACTTGCGCACGGTGTTTCC,0,4556005
ybaY_predicted,0.08333333333333333,11,11,AACGGACCAGTGAGGTTGCT,0,4560657
ybaY_predicted,0.08333333333333333,11,11,AACGACGCTATCTCATCTGC,0,4594670
ybaY_predicted,0.08333333333333333,11,11,AACCCAGCTGTTTTTTCTAA,0,4566781
ybaY_predicted,0.08333333333333333,11,11,AACAGTGTTAGTATCGATCT,0,4585674
ybaY_predicted,0.08333333333333333,11,11,AACAAGTGGTCGTAAGTTCT,0,4562133
ybaY_predicted,0.08333333333333333,11,11,AACAACTCGGCCAGCATAAT,0,4597267
ybaY_predicted,0.08333333333333333,11,11,AAAGTTTGACGCTGCCGACA,0,4555433
ybaY_predicted,0.08333333333333333,11,11,AAAGGCAAATCCGAGACCAG,0,4554902
ybaY_predicted,0.08333333333333333,11,11,AAAAGGCGTCTGGGTCGGCC,0,4597315
ybaY_predicted,0.08333333333333333,11,11,AAAACGAGGAGATACCTCTG,0,4597542
ybaY_predicted,0.08333333333333333,11,11,AAAACATTTACACTAATGAA,0,4571889
ybaY_predicted,0.08333333333333333,11,11,AAAAATGCGAGACGGGGGTA,0,4554041
ybaY_predicted,0.08333333333333333,11,11,AAAAACGGTACCAACCTGAA,0,4565368
ybaY_predicted,0.08333333333333333,11,11,AAAAACATGCACCGAGTCGG,0,4573666
ybaY_predicted,0.09090909090909091,10,10,TTTTATTAAGAAAACCCGCA,0,4593911
ybaY_predicted,0.09090909090909091,10,10,TTTGCCCTCCTGCGCAGTAT,0,4562790
ybaY_predicted,0.09090909090909091,10,10,TTTCTGCTCGTAGGTTGGGG,0,4597813
ybaY_predicted,0.09090909090909091,10,10,TTTCCGGCGTGACTCACGTA,0,4583957
ybaY_predicted,0.09090909090909091,10,10,TTTAGTCCCTCTCGTAGAGA,0,4580854
ybaY_predicted,0.09090909090909091,10,10,TTTAGGAGACACTCCGCGTG,0,4578764
ybaY_predicted,0.09090909090909091,10,10,TTTACGGTGCGGGGGTACGT,0,4551703
ybaY_predicted,0.09090909090909091,10,10,TTGTTACAGTTCCGGGGGAC,0,4593899
ybaY_predicted,0.09090909090909091,10,10,TTGTGTTAAGTTGCCCCGTA,0,4571828
ybaY_predicted,0.09090909090909091,10,10,TTGGCACTACTATGAGCTAG,0,4588904
ybaY_predicted,0.09090909090909091,10,10,TTGGCACCGTTAATAAAGCA,0,4559076
ybaY_predicted,0.09090909090909091,10,10,TTGCTAAGCAATATCACCTC,0,4562494
ybaY_predicted,0.09090909090909091,10,10,TTGCATTTGAGGGCTAACAA,0,4554608
ybaY_predicted,0.09090909090909091,10,10,TTGCATGCTCCATGGGGGAC,0,4548165
ybaY_predicted,0.09090909090909091,10,10,TTGAGATGTGATTGAGCCTC,0,4588657
ybaY_predicted,0.09090909090909091,10,10,TTGAGAAGGTTACTTGTGCA,0,4590508
ybaY_predicted,0.09090909090909091,10,10,TTCGTGTGTATTACGTCAGG,0,4577908
ybaY_predicted,0.09090909090909091,10,10,TTCCGTGCCAGCCCAGCACT,0,4569372
ybaY_predicted,0.09090909090909091,10,10,TTCATGTCGTTTCAACAGAT,0,4580116
ybaY_predicted,0.09090909090909091,10,10,TTCATCCAAGCTCCTTCTGC,0,4589572
ybaY_predicted,0.09090909090909091,10,10,TTCATACAAGGGGAAGAATT,0,4573665
ybaY_predicted,0.09090909090909091,10,10,TTCAGACATCTGGACATACT,0,4544887
ybaY_predicted,0.09090909090909091,10,10,TTCAAGGCAGCAGAAAACAA,0,4547388
ybaY_predicted,0.09090909090909091,10,10,TTATGCTGTGATTCATTGTC,0,4582618
ybaY_predicted,0.09090909090909091,10,10,TTATAAATTTGCGCGTCCCG,0,4558207
ybaY_predicted,0.09090909090909091,10,10,TTATAAACGTGTGAACCACA,0,4544558
ybaY_predicted,0.09090909090909091,10,10,TTAGCTTATTTTGTGCACGG,0,4592037
ybaY_predicted,0.09090909090909091,10,10,TTAGCTAAGAGAAGGCCATC,0,4580696
ybaY_predicted,0.09090909090909091,10,10,TTAATCAAGATTGAAGTTTT,0,4569443
ybaY_predicted,0.09090909090909091,10,10,TTAATAGAGTGACCACCGGA,0,4550047
ybaY_predicted,0.09090909090909091,10,10,TTAACGTATCCCGAGTACCG,0,4578388
ybaY_predicted,0.09090909090909091,10,10,TTAAAACATGTGACCCCAGC,0,4593852
ybaY_predicted,0.09090909090909091,10,10,TGTGTAGTTTCTTCGCTTTA,0,4547787
ybaY_predicted,0.09090909090909091,10,10,TGTCGCCATAGCGTCGGGGG,0,4588890
ybaY_predicted,0.09090909090909091,10,10,TGTACGCCTGAAATCACTTT,0,4550748
ybaY_predicted,0.09090909090909091,10,10,TGGGTTCCAAGCATATAGGC,0,4553902
ybaY_predicted,0.09090909090909091,10,10,TGGGGAGAAACGGGAAACTT,0,4568836
ybaY_predicted,0.09090909090909091,10,10,TGGCAATATGGCAACCAGAT,0,4581683
ybaY_predicted,0.09090909090909091,10,10,TGGATTCGGCCTCTACAGTG,0,4576017
ybaY_predicted,0.09090909090909091,10,10,TGGAGTGCACCCAGTTGCCA,0,4573638
ybaY_predicted,0.09090909090909091,10,10,TGGAGGTGGTGCATCCCCAG,0,4555807
ybaY_predicted,0.09090909090909091,10,10,TGGACCTTTAGAGTTTGCTA,0,4549836
ybaY_predicted,0.09090909090909091,10,10,TGCGTCTCCTACCCTAGACT,0,4544343
ybaY_predicted,0.09090909090909091,10,10,TGCGGTTTCCGGGCGTTCTA,0,4588980
ybaY_predicted,0.09090909090909091,10,10,TGCGGGGTTCCGACTACGTT,0,4574608
ybaY_predicted,0.09090909090909091,10,10,TGCGGCAAGGAGATACGCGT,0,4553061
ybaY_predicted,0.09090909090909091,10,10,TGCCTCCGACCAAAGTCATC,0,4596455
ybaY_predicted,0.09090909090909091,10,10,TGCCGAACCTCGTCTGGCAT,0,4568884
ybaY_predicted,0.09090909090909091,10,10,TGACCCTGGGAACTGCGGTT,0,4570939
ybaY_predicted,0.09090909090909091,10,10,TGACAGGTAGCGGACACGAC,0,4575941
ybaY_predicted,0.09090909090909091,10,10,TGAATCCGGGCTTTGTAACC,0,4571893
ybaY_predicted,0.09090909090909091,10,10,TGAAGTCTTAAGTAAACCTG,0,4585277
ybaY_predicted,0.09090909090909091,10,10,TCTTCATGCAGGCACAGACC,0,4552348
ybaY_predicted,0.09090909090909091,10,10,TCTGGGTGAGACTATTTGAT,0,4579979
ybaY_predicted,0.09090909090909091,10,10,TCTGGGATTGACATCGTACT,0,4585066
ybaY_predicted,0.09090909090909091,10,10,TCTCTACGTATATGACCCTT,0,4568615
ybaY_predicted,0.09090909090909091,10,10,TCTCCCTATAAACACCCAAT,0,4575719
ybaY_predicted,0.09090909090909091,10,10,TCTACGGAATTACACATAAA,0,4558033
ybaY_predicted,0.09090909090909091,10,10,TCGTAATAGAGGTCGGGGAC,0,4560811
ybaY_predicted,0.09090909090909091,10,10,TCGGATACCCACGGACCTAG,0,4599386
ybaY_predicted,0.09090909090909091,10,10,TCGCGACCGGCGATTTCTAG,0,4548740
ybaY_predicted,0.09090909090909091,10,10,TCGATTTTTACAGAGACTGT,0,4596574
ybaY_predicted,0.09090909090909091,10,10,TCCGGGCGGAAGCTTTGCGA,0,4590342
ybaY_predicted,0.09090909090909091,10,10,TCCCGTGTGATCAAAACTAA,0,4568195
ybaY_predicted,0.09090909090909091,10,10,TCCCGGGGCCTCGCAAGTTT,0,4547546
ybaY_predicted,0.09090909090909091,10,10,TCCAGGGAGGAGCCTTATGA,0,4595283
ybaY_predicted,0.09090909090909091,10,10,TCATATAATCAGCACGACTC,0,4562822
ybaY_predicted,0.09090909090909091,10,10,TCAGGGGGGGTCAGTGGCTT,0,4563032
ybaY_predicted,0.09090909090909091,10,10,TCAGCATAATCTCGGGGCGT,0,4560789
ybaY_predicted,0.09090909090909091,10,10,TATTCCAACTAGATTGCCCG,0,4551560
ybaY_predicted,0.09090909090909091,10,10,TATTATAGCGGCTGTCAAGT,0,4564709
ybaY_predicted,0.09090909090909091,10,10,TATGACCGCTAGGATATGGA,0,4569042
ybaY_predicted,0.09090909090909091,10,10,TATCTGGATTCGTATGGCGA,0,4577995
ybaY_predicted,0.09090909090909091,10,10,TATCCAGCTCCTTACCCTCA,0,4577792
ybaY_predicted,0.09090909090909091,10,10,TAGGGCTTTCGATAATCGGA,0,4547847
ybaY_predicted,0.09090909090909091,10,10,TAGGCTCGACAACGGTCGAT,0,4556055
ybaY_predicted,0.09090909090909091,10,10,TAGCTAACCAACACGGTCTA,0,4555142
ybaY_predicted,0.09090909090909091,10,10,TAGCCATGCATGGGCGAGTC,0,4595171
ybaY_predicted,0.09090909090909091,10,10,TAGAACGTACTCCCGATCAA,0,4581159
ybaY_predicted,0.09090909090909091,10,10,TACGTCCGGGTGTGGGCCAT,0,4578859
ybaY_predicted,0.09090909090909091,10,10,TACCTTGGGCTACGTGTGGT,0,4560907
ybaY_predicted,0.09090909090909091,10,10,TACCGACCTCCCTGCTGTCA,0,4551961
ybaY_predicted,0.09090909090909091,10,10,TACACTTTACGGAGAACTAT,0,4557375
ybaY_predicted,0.09090909090909091,10,10,TAATGCGTCTGCCAAGAACG,0,4582187
ybaY_predicted,0.09090909090909091,10,10,TAATGCATAGGCTCCCGCAG,0,4568354
ybaY_predicted,0.09090909090909091,10,10,TAATCTGGTACCCGTTGAGG,0,4564826
ybaY_predicted,0.09090909090909091,10,10,TAATCCTTATGTATGGTACA,0,4554072
ybaY_predicted,0.09090909090909091,10,10,TAATATTGCGTATACTGGTT,0,4568611
ybaY_predicted,0.09090909090909091,10,10,TAATAAGGCACGAAAGGAAC,0,4582631
ybaY_predicted,0.09090909090909091,10,10,TAAGGGACTTGGCCCACGGC,0,4572043
ybaY_predicted,0.09090909090909091,10,10,TAAGGCCGGGTAGGGAAGAA,0,4583725
ybaY_predicted,0.09090909090909091,10,10,TAAATTAGTCGGTTTTCAGC,0,4545467
ybaY_predicted,0.09090909090909091,10,10,TAAACCTTGTTCTGAGAATA,0,4548860
ybaY_predicted,0.09090909090909091,10,10,GTTTGCTATGGAGCCGTAAT,0,4566942
ybaY_predicted,0.09090909090909091,10,10,GTTTAGCCACAATAGTTATC,0,4568657
ybaY_predicted,0.09090909090909091,10,10,GTTGTAGAGTGGACTAGAAT,0,4564741
ybaY_predicted,0.09090909090909091,10,10,GTTGTAACAAAGGCTCTTAT,0,4595248
ybaY_predicted,0.09090909090909091,10,10,GTTCCACAAAATCAGTGATA,0,4569828
ybaY_predicted,0.09090909090909091,10,10,GTTATGTCGGCACCGGTCGT,0,4569730
ybaY_predicted,0.09090909090909091,10,10,GTTACCGTCGAATGAATCCT,0,4595929
ybaY_predicted,0.09090909090909091,10,10,GTTAAACAGAGTGCAAGGCA,0,4594769
ybaY_predicted,0.09090909090909091,10,10,GTGTGACCCCGGTCATACTC,0,4557372
ybaY_predicted,0.09090909090909091,10,10,GTGTCAGGTGTCGCTAGGTG,0,4587193
ybaY_predicted,0.09090909090909091,10,10,GTGCTCAAGTGTGCAGAGTC,0,4552363
ybaY_predicted,0.09090909090909091,10,10,GTGCACGCAAGTGCGACGAC,0,4591125
ybaY_predicted,0.09090909090909091,10,10,GTGCACACCCCGTGCTCATT,0,4594419
ybaY_predicted,0.09090909090909091,10,10,GTCTCCGCCTAGGGGGAGTG,0,4584799
ybaY_predicted,0.09090909090909091,10,10,GTCTAAGTTGGTAATGTTGT,0,4564164
ybaY_predicted,0.09090909090909091,10,10,GTCCGGGCCGGATGATAGCA,0,4599764
ybaY_predicted,0.09090909090909091,10,10,GTCATTCAACTTTGTCTCAA,0,4591598
ybaY_predicted,0.09090909090909091,10,10,GTCAGCAGACAAGACACGCA,0,4568213
ybaY_predicted,0.09090909090909091,10,10,GTATCGCTTTATGTTCACGG,0,4586220
ybaY_predicted,0.09090909090909091,10,10,GTAGTCTCGTGTGTCGCGGC,0,4562424
ybaY_predicted,0.09090909090909091,10,10,GTAGCGTAGCGGGGCCTTCC,0,4574872
ybaY_predicted,0.09090909090909091,10,10,GTAGCGGATCCAAGCCGGTA,0,4560276
ybaY_predicted,0.09090909090909091,10,10,GTAGATATGTCCACTACCAT,0,4569835
ybaY_predicted,0.09090909090909091,10,10,GTAGAGGAAGGCCCGGCTAG,0,4596794
ybaY_predicted,0.09090909090909091,10,10,GTAATACCTTGGATGTTTCA,0,4591661
ybaY_predicted,0.09090909090909091,10,10,GTAAGCAGCGCTCAGCACAT,0,4595475
ybaY_predicted,0.09090909090909091,10,10,GTAACATTTTCAAATATTTT,0,4547704
ybaY_predicted,0.09090909090909091,10,10,GGTTTTCGAAACGTTTGTTT,0,4581521
ybaY_predicted,0.09090909090909091,10,10,GGTTTTCCCGGAACAGTATC,0,4565071
ybaY_predicted,0.09090909090909091,10,10,GGTTTGCGCATTTCTGTACT,0,4597837
ybaY_predicted,0.09090909090909091,10,10,GGTGATGCTACATGGTCTCC,0,4583947
ybaY_predicted,0.09090909090909091,10,10,GGTCTGAATAGTCTCCTTGT,0,4560535
ybaY_predicted,0.09090909090909091,10,10,GGTCGAGGTCTCCGAATCGC,0,4560547
ybaY_predicted,0.09090909090909091,10,10,GGTCCACAAGTGACTAAGAA,0,4570320
ybaY_predicted,0.09090909090909091,10,10,GGTCATAAGGGGGCCGGACG,0,4583389
ybaY_predicted,0.09090909090909091,10,10,GGTACATGCATAAACCTACA,0,4557940
ybaY_predicted,0.09090909090909091,10,10,GGGTGGAGTCTCGTCGGAAA,0,4596364
ybaY_predicted,0.09090909090909091,10,10,GGGTAGAACCTGTCGCGTAG,0,4567466
ybaY_predicted,0.09090909090909091,10,10,GGGGTGCAGTCCTCAAGTCA,0,4570224
ybaY_predicted,0.09090909090909091,10,10,GGGGGTGCCCAGGATCCTTT,0,4568114
ybaY_predicted,0.09090909090909091,10,10,GGGGGGGGATGTCGCATATT,0,4580659
ybaY_predicted,0.09090909090909091,10,10,GGGGAGGGAGTGCTCGTGAT,0,4563087
ybaY_predicted,0.09090909090909091,10,10,GGGCGATGGAGGTGAGAAGT,0,4572640
ybaY_predicted,0.09090909090909091,10,10,GGGCGATACTAGCGAGAGTC,0,4596024
ybaY_predicted,0.09090909090909091,10,10,GGGAGGCCTCATTACAAAAG,0,4569800
ybaY_predicted,0.09090909090909091,10,10,GGGAGCTTCTCCTGTGTGGG,0,4559079
ybaY_predicted,0.09090909090909091,10,10,GGGAGCTATAGGACGATGAC,0,4580479
ybaY_predicted,0.09090909090909091,10,10,GGCTGGTTTGATCTACATGC,0,4575837
ybaY_predicted,0.09090909090909091,10,10,GGCGTATGGACTGGCACCTA,0,4596370
ybaY_predicted,0.09090909090909091,10,10,GGCGGTCTGACCTCGGCTCA,0,4547854
ybaY_predicted,0.09090909090909091,10,10,GGCGGCTTTCCCGCTTTACG,0,4585818
ybaY_predicted,0.09090909090909091,10,10,GGCGGAGCAAACATTCAGTT,0,4563555
ybaY_predicted,0.09090909090909091,10,10,GGCGAGTGTTCAATTACACT,0,4565705
ybaY_predicted,0.09090909090909091,10,10,GGCCAACTGCTGGAAATCAT,0,4561297
ybaY_predicted,0.09090909090909091,10,10,GGCATCTGGGCTCCTGCTGT,0,4586988
ybaY_predicted,0.09090909090909091,10,10,GGATCTTTCCGAACCGTCCG,0,4583259
ybaY_predicted,0.09090909090909091,10,10,GGACGGGAAGAGGGCCAAGT,0,4569691
ybaY_predicted,0.09090909090909091,10,10,GGACACCAAGAAACTGTCAA,0,4588159
ybaY_predicted,0.09090909090909091,10,10,GCTTCCTGCAATGAAGACTC,0,4582327
ybaY_predicted,0.09090909090909091,10,10,GCTGTCGGTTGATGGGTCAG,0,4595916
ybaY_predicted,0.09090909090909091,10,10,GCTCCCCGCTTTGGGTCTTC,0,4592216
ybaY_predicted,0.09090909090909091,10,10,GCGGTCCCAATTATCGACAT,0,4580600
ybaY_predicted,0.09090909090909091,10,10,GCGGTCCATTTGATTCATAG,0,4571064
ybaY_predicted,0.09090909090909091,10,10,GCGGAGTGTCCAACGTTGAG,0,4563482
ybaY_predicted,0.09090909090909091,10,10,GCGGAGTCGATCTATGGACT,0,4574661
ybaY_predicted,0.09090909090909091,10,10,GCGGACTTGGTCACGGCGGA,0,4560278
ybaY_predicted,0.09090909090909091,10,10,GCGCGCTACCGGTAACGTAT,0,4561956
ybaY_predicted,0.09090909090909091,10,10,GCGATACCTACACCAACCCC,0,4594090
ybaY_predicted,0.09090909090909091,10,10,GCCTTGACACCTGTCCCCTG,0,4581784
ybaY_predicted,0.09090909090909091,10,10,GCCTCACGCAATAACGTCTT,0,4561884
ybaY_predicted,0.09090909090909091,10,10,GCCGGATTGTCTGAGGCGAT,0,4560504
ybaY_predicted,0.09090909090909091,10,10,GCCGCATGGCTGTTATCGGT,0,4569432
ybaY_predicted,0.09090909090909091,10,10,GCCCGCTTAGGCACGCAGGG,0,4558059
ybaY_predicted,0.09090909090909091,10,10,GCCACGGCGTATAACCTACG,0,4585585
ybaY_predicted,0.09090909090909091,10,10,GCATCAAAGCGCATCGACCA,0,4582786
ybaY_predicted,0.09090909090909091,10,10,GCAGTAATTTGAATTTCCTA,0,4565079
ybaY_predicted,0.09090909090909091,10,10,GCAGCCTCATATCTTAGGAG,0,4558149
ybaY_predicted,0.09090909090909091,10,10,GCACGGGCATCCCATGAGTC,0,4593519
ybaY_predicted,0.09090909090909091,10,10,GATTGGGTGATATTCAATAA,0,4569433
ybaY_predicted,0.09090909090909091,10,10,GATTCGGAGAAAAAGTGGCT,0,4580349
ybaY_predicted,0.09090909090909091,10,10,GATGCTCCTCTCCATTATGT,0,4572737
ybaY_predicted,0.09090909090909091,10,10,GATCTGCGGGAGAAGACCAG,0,4581051
ybaY_predicted,0.09090909090909091,10,10,GATCGTTGAGGGACATAGAG,0,4597850
ybaY_predicted,0.09090909090909091,10,10,GATCACTGCTGTGTGTAGCG,0,4572771
ybaY_predicted,0.09090909090909091,10,10,GATAACGTAAACTATAAACG,0,4548870
ybaY_predicted,0.09090909090909091,10,10,GAGTCTTTTATGCATTTCCG,0,4584286
ybaY_predicted,0.09090909090909091,10,10,GAGTCCTGGGCACGTCGATT,0,4596371
ybaY_predicted,0.09090909090909091,10,10,GAGTCAATCGGTAAACCCAG,0,4575920
ybaY_predicted,0.09090909090909091,10,10,GAGTAGGGCACCCAATCCAG,0,4600249
ybaY_predicted,0.09090909090909091,10,10,GAGGTCTAGAAAGGATCTTA,0,4574995
ybaY_predicted,0.09090909090909091,10,10,GAGGGCGTATTGTCACAACA,0,4552118
ybaY_predicted,0.09090909090909091,10,10,GAGGCCAGCGCCTGTACGGC,0,4588741
ybaY_predicted,0.09090909090909091,10,10,GAGCATTAGATAAGCGTGTT,0,4599127
ybaY_predicted,0.09090909090909091,10,10,GAGATCCGATTCCGAGAACG,0,4552672
ybaY_predicted,0.09090909090909091,10,10,GAGATAGGCATCATCACGCC,0,4576836
ybaY_predicted,0.09090909090909091,10,10,GAGAGGTGTGTACAGGAGCT,0,4554414
ybaY_predicted,0.09090909090909091,10,10,GAGAATGGCAGATCGGTCTG,0,4568557
ybaY_predicted,0.09090909090909091,10,10,GACTTATGACAAATCTGGAA,0,4559962
ybaY_predicted,0.09090909090909091,10,10,GACGTGTTCTCCTTGTACAT,0,4568772
ybaY_predicted,0.09090909090909091,10,10,GACCGTGAGCGAAAAGGCAA,0,4582965
ybaY_predicted,0.09090909090909091,10,10,GACCGCGGACGCCTGGTTCT,0,4562927
ybaY_predicted,0.09090909090909091,10,10,GACCCAGCGCCGAAATGAAC,0,4587862
ybaY_predicted,0.09090909090909091,10,10,GACCACGGCCCGGATTTGCT,0,4557125
ybaY_predicted,0.09090909090909091,10,10,GACATGACTCTCCAGTCTTT,0,4597452
ybaY_predicted,0.09090909090909091,10,10,GACACTAAGATCGGTAAGGC,0,4567819
ybaY_predicted,0.09090909090909091,10,10,GACACCGGTGAAGTCAACAA,0,4544477
ybaY_predicted,0.09090909090909091,10,10,GAATTATCTAGTGCTATTAG,0,4590278
ybaY_predicted,0.09090909090909091,10,10,GAATCCCTATCCCCTTTCCG,0,4582769
ybaY_predicted,0.09090909090909091,10,10,GAATATAAAGTTGAAAAGTG,0,4577382
ybaY_predicted,0.09090909090909091,10,10,GAAGTTGAGTCAAGAGGTTA,0,4564686
ybaY_predicted,0.09090909090909091,10,10,GAACTAAGATTTGGGATCTG,0,4593302
ybaY_predicted,0.09090909090909091,10,10,GAACATGGCACCGGGGGGGG,0,4556367
ybaY_predicted,0.09090909090909091,10,10,CTTTGGGGACGAAATTAAGT,0,4599774
ybaY_predicted,0.09090909090909091,10,10,CTTTCCGGCCTATGTCCCCA,0,4579867
ybaY_predicted,0.09090909090909091,10,10,CTTGGCGTCATACATGCGTA,0,4571989
ybaY_predicted,0.09090909090909091,10,10,CTTGCGATCGGCCAACGGGG,0,4564704
ybaY_predicted,0.09090909090909091,10,10,CTTCTGGAGTGAACGTGAGG,0,4574497
ybaY_predicted,0.09090909090909091,10,10,CTTCTGACACGGTTAGATAA,0,4579860
ybaY_predicted,0.09090909090909091,10,10,CTTCGTCTCTCTTCGTCTGG,0,4580758
ybaY_predicted,0.09090909090909091,10,10,CTTCGGAAGAGAGAAGCTGG,0,4588806
ybaY_predicted,0.09090909090909091,10,10,CTTATCTGAGTTATCTCGAA,0,4565270
ybaY_predicted,0.09090909090909091,10,10,CTTAGCGACAAATAGCCATA,0,4564693
ybaY_predicted,0.09090909090909091,10,10,CTGTGCATTTAAGTTCCTTA,0,4583945
ybaY_predicted,0.09090909090909091,10,10,CTGGGGGTACGGTGGCATTA,0,4571159
ybaY_predicted,0.09090909090909091,10,10,CTCTTGGGGAGTCCCCTGGA,0,4600086
ybaY_predicted,0.09090909090909091,10,10,CTCGACCGAAAGCTATCCTG,0,4584053
ybaY_predicted,0.09090909090909091,10,10,CTCCGCTCTTCGATTAACCC,0,4554059
ybaY_predicted,0.09090909090909091,10,10,CTCAGTGTGCCACCGGACAC,0,4578710
ybaY_predicted,0.09090909090909091,10,10,CTATTTTCGTTTGGGACATG,0,4546337
ybaY_predicted,0.09090909090909091,10,10,CTATTAGGGCTGATTTTCGC,0,4600082
ybaY_predicted,0.09090909090909091,10,10,CTATGAATTTAGGCTCTGAA,0,4544833
ybaY_predicted,0.09090909090909091,10,10,CTAGGAGGGTTTAGGTCCTC,0,4563889
ybaY_predicted,0.09090909090909091,10,10,CTAGACAGTAACTATGGTTG,0,4600145
ybaY_predicted,0.09090909090909091,10,10,CTACCGACAGGCTCCCACGT,0,4546761
ybaY_predicted,0.09090909090909091,10,10,CTACAGTATGAAAGATTTCA,0,4573430
ybaY_predicted,0.09090909090909091,10,10,CGTGAATGCCAAGAAGCTCT,0,4580594
ybaY_predicted,0.09090909090909091,10,10,CGTCTTCACCGGGCTGTTAA,0,4552423
ybaY_predicted,0.09090909090909091,10,10,CGTCTCAGACCGCGTAGTGA,0,4567091
ybaY_predicted,0.09090909090909091,10,10,CGTCAAAACTTTCCACCGGA,0,4586990
ybaY_predicted,0.09090909090909091,10,10,CGTAGAGTCGCGACCTAAGT,0,4592244
ybaY_predicted,0.09090909090909091,10,10,CGGTGGTACGTTCCAGTATC,0,4584083
ybaY_predicted,0.09090909090909091,10,10,CGGTGCGGAGCAGGGTCCGT,0,4575127
ybaY_predicted,0.09090909090909091,10,10,CGGTAGGGCAATCTATTCAG,0,4544704
ybaY_predicted,0.09090909090909091,10,10,CGGGTGCTTACCCCTCGGAG,0,4557944
ybaY_predicted,0.09090909090909091,10,10,CGGGGATAAGGCCTCAAGGG,0,4589099
ybaY_predicted,0.09090909090909091,10,10,CGGCCGGGCGAGATATGGCA,0,4563483
ybaY_predicted,0.09090909090909091,10,10,CGGCAGGTAGGGGGGTGGAC,0,4585485
ybaY_predicted,0.09090909090909091,10,10,CGGCAAGCGTTCGTATGACC,0,4591921
ybaY_predicted,0.09090909090909091,10,10,CGGAACAGTTCTATTTCGAC,0,4589186
ybaY_predicted,0.09090909090909091,10,10,CGGAAAATAGCTCTTACGTA,0,4546970
ybaY_predicted,0.09090909090909091,10,10,CGCTGGGTCACGGACCATTA,0,4581860
ybaY_predicted,0.09090909090909091,10,10,CGCTCAAGTGTTCAGAGGAA,0,4556835
ybaY_predicted,0.09090909090909091,10,10,CGCCCTGTCCGTGGAACCTG,0,4586389
ybaY_predicted,0.09090909090909091,10,10,CGCACGACGGTAATCAATCG,0,4558456
ybaY_predicted,0.09090909090909091,10,10,CGAGTATGGGTATACAGTGG,0,4547014
ybaY_predicted,0.09090909090909091,10,10,CGAGGAAGACTACTGTGCCG,0,4588140
ybaY_predicted,0.09090909090909091,10,10,CGAGCCCTACAATCGCGTAC,0,4586212
ybaY_predicted,0.09090909090909091,10,10,CGACTAATATCAGCCGATTG,0,4586635
ybaY_predicted,0.09090909090909091,10,10,CGAATAGGTATTGAGAACAC,0,4577035
ybaY_predicted,0.09090909090909091,10,10,CGAAAACGCTGCAAGTTTGT,0,4560564
ybaY_predicted,0.09090909090909091,10,10,CCTTGCTGGAGATGAATTCT,0,4580725
ybaY_predicted,0.09090909090909091,10,10,CCTTATCAACAGTTACAGTC,0,4553569
ybaY_predicted,0.09090909090909091,10,10,CCTGGCCCCAGACGAACTAC,0,4571737
ybaY_predicted,0.09090909090909091,10,10,CCTGCATTGAGTGTCAGACT,0,4551984
ybaY_predicted,0.09090909090909091,10,10,CCTCTCTGCGGTTATCATGG,0,4582271
ybaY_predicted,0.09090909090909091,10,10,CCTCAACGCATGCTATAGCT,0,4562612
ybaY_predicted,0.09090909090909091,10,10,CCTAATTCGTTGCAACAGTA,0,4555374
ybaY_predicted,0.09090909090909091,10,10,CCGTATCTTTGCTAAAGGCA,0,4576012
ybaY_predicted,0.09090909090909091,10,10,CCGGTTTGTCTAGGGTGAGG,0,4560935
ybaY_predicted,0.09090909090909091,10,10,CCGGAAGTTCTACAGAAACT,0,4562736
ybaY_predicted,0.09090909090909091,10,10,CCGCTCGGGGGTATACGGCT,0,4594611
ybaY_predicted,0.09090909090909091,10,10,CCGCAATAACATATGATTCA,0,4553595
ybaY_predicted,0.09090909090909091,10,10,CCGCAAGAAGTAGGCTTCTG,0,4564578
ybaY_predicted,0.09090909090909091,10,10,CCGACCTTACGATTAATCCA,0,4561190
ybaY_predicted,0.09090909090909091,10,10,CCCTGTGGAATGGGTGCTAT,0,4584990
ybaY_predicted,0.09090909090909091,10,10,CCCGTGTCTGATAACTAGGT,0,4596296
ybaY_predicted,0.09090909090909091,10,10,CCCGGTGTTCGTCTCTACCT,0,4555198
ybaY_predicted,0.09090909090909091,10,10,CCCGGCACGCGCGCCCTGAC,0,4598503
ybaY_predicted,0.09090909090909091,10,10,CCCGCTGATAAACGGCGATT,0,4590345
ybaY_predicted,0.09090909090909091,10,10,CCCGCCGAGAGACTGGCATG,0,4564033
ybaY_predicted,0.09090909090909091,10,10,CCCCGGGCTGAGAGAATACG,0,4598227
ybaY_predicted,0.09090909090909091,10,10,CCCCACACCGGTGTAGGGTC,0,4561569
ybaY_predicted,0.09090909090909091,10,10,CCCATGTAGAAAACTGTACG,0,4583946
ybaY_predicted,0.09090909090909091,10,10,CCCAATCCCCGGCAGGCATA,0,4551631
ybaY_predicted,0.09090909090909091,10,10,CCCAAGGGGACAAATCAGAG,0,4553732
ybaY_predicted,0.09090909090909091,10,10,CCATGGAGATTATGGCCACA,0,4565360
ybaY_predicted,0.09090909090909091,10,10,CCATAGTGTCCGCTTCGGGG,0,4582568
ybaY_predicted,0.09090909090909091,10,10,CCACGCCGAGTAACGTTAAG,0,4569949
ybaY_predicted,0.09090909090909091,10,10,CCACCTTTTTCGGTAGCACC,0,4568737
ybaY_predicted,0.09090909090909091,10,10,CATTGCCTCGCTGCCTTGTG,0,4570097
ybaY_predicted,0.09090909090909091,10,10,CATTAATTAGGCAATTCACT,0,4563972
ybaY_predicted,0.09090909090909091,10,10,CATGTGTTTTCACGATTGGG,0,4588407
ybaY_predicted,0.09090909090909091,10,10,CATATTTACCTTGGTCTCAG,0,4590033
ybaY_predicted,0.09090909090909091,10,10,CATAGCGGGCTCTCGAGGAA,0,4566641
ybaY_predicted,0.09090909090909091,10,10,CATAACCACGAACGTGCAAT,0,4556093
ybaY_predicted,0.09090909090909091,10,10,CAGGGCAGGATAAGCCGGTA,0,4589340
ybaY_predicted,0.09090909090909091,10,10,CAGGCGGAGTACGACTGAAC,0,4580261
ybaY_predicted,0.09090909090909091,10,10,CAGCTTCACGCGCATCGGAG,0,4547395
ybaY_predicted,0.09090909090909091,10,10,CAGCTAAGAGTGTTGGCCTC,0,4551671
ybaY_predicted,0.09090909090909091,10,10,CAGACAGGGGAGAAAGTGCC,0,4557463
ybaY_predicted,0.09090909090909091,10,10,CAGAAGTATTATTGTGTCCT,0,4575073
ybaY_predicted,0.09090909090909091,10,10,CACTACGACTGTAACCTTGT,0,4553996
ybaY_predicted,0.09090909090909091,10,10,CACCGCGAATCGGGTGCGTT,0,4558630
ybaY_predicted,0.09090909090909091,10,10,CACAGTATATACTGACTCTA,0,4571902
ybaY_predicted,0.09090909090909091,10,10,CAATGTGAGTGAAAATCGGT,0,4555757
ybaY_predicted,0.09090909090909091,10,10,CAATGAGGTACCGTATTAGT,0,4597877
ybaY_predicted,0.09090909090909091,10,10,CAATATTTTACACCCAGACT,0,4574252
ybaY_predicted,0.09090909090909091,10,10,CAATAATGACGCGGCACAGG,0,4596950
ybaY_predicted,0.09090909090909091,10,10,CAAGTTGGGAGCTATCTAGT,0,4552431
ybaY_predicted,0.09090909090909091,10,10,CAAGCCTGACTGTTGCCTGC,0,4585320
ybaY_predicted,0.09090909090909091,10,10,CAAGATTTCACGATTGGGAT,0,4573903
ybaY_predicted,0.09090909090909091,10,10,CAACAGCCGGCGGTGTGCAC,0,4564423
ybaY_predicted,0.09090909090909091,10,10,CAAATTCCGCTACTTGATAC,0,4559786
ybaY_predicted,0.09090909090909091,10,10,CAAATCATAAGACATGGTAC,0,4575120
ybaY_predicted,0.09090909090909091,10,10,ATTTAAATCTAGCCCGGAAC,0,4583164
ybaY_predicted,0.09090909090909091,10,10,ATTTAAAGAAGCTAGGTTGC,0,4566782
ybaY_predicted,0.09090909090909091,10,10,ATTGCACCTTTCCGGTTAGT,0,4555657
ybaY_predicted,0.09090909090909091,10,10,ATTCTTTCGGGGGTACGCTT,0,4586148
ybaY_predicted,0.09090909090909091,10,10,ATTCTCGAAGACGGGTTTGG,0,4552177
ybaY_predicted,0.09090909090909091,10,10,ATTCATAAAGCATTGTGGTC,0,4549405
ybaY_predicted,0.09090909090909091,10,10,ATTATAGGTCCGCTTATGGT,0,4546524
ybaY_predicted,0.09090909090909091,10,10,ATTAAGATTGTCGCTCGGAG,0,4579486
ybaY_predicted,0.09090909090909091,10,10,ATGTCTACCAGCTCTTATCG,0,4552850
ybaY_predicted,0.09090909090909091,10,10,ATGTAATATGAGGGGCGGAT,0,4592081
ybaY_predicted,0.09090909090909091,10,10,ATGGTCTTAATCCCAGACGG,0,4575125
ybaY_predicted,0.09090909090909091,10,10,ATGCTGATAGTTGCGGCTCC,0,4584717
ybaY_predicted,0.09090909090909091,10,10,ATGCAGTAAGGAATTTGATG,0,4547613
ybaY_predicted,0.09090909090909091,10,10,ATGATGTAGACGTGGCTGGC,0,4568060
ybaY_predicted,0.09090909090909091,10,10,ATGAGCATAATGGGCTGGCG,0,4588977
ybaY_predicted,0.09090909090909091,10,10,ATGAGATAGTTTATACATCA,0,4566289
ybaY_predicted,0.09090909090909091,10,10,ATCTGTCTGTGACCTTAGCT,0,4568956
ybaY_predicted,0.09090909090909091,10,10,ATCTATCAGTATTGGAAGCT,0,4585926
ybaY_predicted,0.09090909090909091,10,10,ATCGGTTTGGCGAAAGATTG,0,4594746
ybaY_predicted,0.09090909090909091,10,10,ATCGGCATTGGGCGGCATGG,0,4593174
ybaY_predicted,0.09090909090909091,10,10,ATCCCTAACGCAGAGGGGTT,0,4589269
ybaY_predicted,0.09090909090909091,10,10,ATCATATAGAAGGACATTTA,0,4581092
ybaY_predicted,0.09090909090909091,10,10,ATCACTTCCTCCCTTGCCCT,0,4574996
ybaY_predicted,0.09090909090909091,10,10,ATCACCTCCATTAAGGGAGT,0,4575568
ybaY_predicted,0.09090909090909091,10,10,ATATCCATAATGCACGACGG,0,4558266
ybaY_predicted,0.09090909090909091,10,10,ATATACATAGTAATGTTTCC,0,4595056
ybaY_predicted,0.09090909090909091,10,10,ATAGTCAGCTGGTCAAAAGT,0,4586196
ybaY_predicted,0.09090909090909091,10,10,ATAGGCGACGGTACATTATA,0,4580885
ybaY_predicted,0.09090909090909091,10,10,ATAGATTAATATATCGTTAG,0,4584688
ybaY_predicted,0.09090909090909091,10,10,ATACATCAGAACTGTTAGGT,0,4599185
ybaY_predicted,0.09090909090909091,10,10,ATACACTTCAACGAAGCGTC,0,4581954
ybaY_predicted,0.09090909090909091,10,10,ATACACGATCTACGTTATGC,0,4577440
ybaY_predicted,0.09090909090909091,10,10,ATAACGCCCATCAGTCAGAG,0,4591392
ybaY_predicted,0.09090909090909091,10,10,AGTTTGAAAGTGGCAACCCC,0,4598813
ybaY_predicted,0.09090909090909091,10,10,AGTTGTTGGGAAAATCCACG,0,4599306
ybaY_predicted,0.09090909090909091,10,10,AGTTCTTCACTATTCACTCG,0,4547532
ybaY_predicted,0.09090909090909091,10,10,AGTTATTGATGTCACCGATA,0,4575890
ybaY_predicted,0.09090909090909091,10,10,AGTGCTGCTCCTAGGAGTCC,0,4598744
ybaY_predicted,0.09090909090909091,10,10,AGTGCCTGCCCAGGTACCAC,0,4574429
ybaY_predicted,0.09090909090909091,10,10,AGTCTAGCGGCTCTAGGAGA,0,4576348
ybaY_predicted,0.09090909090909091,10,10,AGTCAGTACTGAGATGCCCA,0,4570379
ybaY_predicted,0.09090909090909091,10,10,AGGTCTTTTATCAGGATTAC,0,4595049
ybaY_predicted,0.09090909090909091,10,10,AGGGCTTATAGCAGAGTATG,0,4553010
ybaY_predicted,0.09090909090909091,10,10,AGGCGAACCTGGCTACGAGG,0,4575959
ybaY_predicted,0.09090909090909091,10,10,AGGCCATTGGATATCCGCAA,0,4561440
ybaY_predicted,0.09090909090909091,10,10,AGGCAGGAAAGCCCTGACGA,0,4596342
ybaY_predicted,0.09090909090909091,10,10,AGGACTGTATGGCAAGAGCT,0,4567669
ybaY_predicted,0.09090909090909091,10,10,AGGACCGTCATGAAATTAGA,0,4554505
ybaY_predicted,0.09090909090909091,10,10,AGGAATGAGAAGCCTAAATT,0,4569007
ybaY_predicted,0.09090909090909091,10,10,AGCGTCGTTGGAGTGCGAGT,0,4579117
ybaY_predicted,0.09090909090909091,10,10,AGCCCCAAGGGTGAGGTTCA,0,4562018
ybaY_predicted,0.09090909090909091,10,10,AGCCAGTCGAAGACATGCCA,0,4559006
ybaY_predicted,0.09090909090909091,10,10,AGATGGTCGTCAGTATGCCC,0,4564184
ybaY_predicted,0.09090909090909091,10,10,AGATCCCTCGAACCCGAGAA,0,4587168
ybaY_predicted,0.09090909090909091,10,10,AGATAGCCGGCTCGATTAAA,0,4593753
ybaY_predicted,0.09090909090909091,10,10,AGAGTCACGGCCACGTGCTA,0,4571173
ybaY_predicted,0.09090909090909091,10,10,AGACGAGTGTAGCAAGCCAT,0,4559031
ybaY_predicted,0.09090909090909091,10,10,AGACCGTTCAACGGTTGAAG,0,4560002
ybaY_predicted,0.09090909090909091,10,10,AGAAGGATTCGATTGCGCAT,0,4565133
ybaY_predicted,0.09090909090909091,10,10,AGAACTAGACAACGAATTCC,0,4564798
ybaY_predicted,0.09090909090909091,10,10,AGAACCCTCGCAGATACGTT,0,4561037
ybaY_predicted,0.09090909090909091,10,10,ACTTTCCCCACTGTTTCTAT,0,4555631
ybaY_predicted,0.09090909090909091,10,10,ACTTGTACTCCTGGTGAGAG,0,4596381
ybaY_predicted,0.09090909090909091,10,10,ACTTGACCTTTTAAATATTA,0,4550338
ybaY_predicted,0.09090909090909091,10,10,ACTATAACCATTCCGTCATC,0,4565169
ybaY_predicted,0.09090909090909091,10,10,ACGTGTCAGTCTTATACAAC,0,4583614
ybaY_predicted,0.09090909090909091,10,10,ACGTATTCCGGAGGATGGTC,0,4550502
ybaY_predicted,0.09090909090909091,10,10,ACGTATGCTAATCTGGAGAT,0,4584368
ybaY_predicted,0.09090909090909091,10,10,ACGGGCTTCCAGCCTCTTTA,0,4581909
ybaY_predicted,0.09090909090909091,10,10,ACGCTGGGACTCATAGAAGT,0,4569725
ybaY_predicted,0.09090909090909091,10,10,ACGCATCCTGGACAGATCTA,0,4589732
ybaY_predicted,0.09090909090909091,10,10,ACGATAGCACTAGCAGTGCA,0,4580059
ybaY_predicted,0.09090909090909091,10,10,ACCTCGATTTAACACAGTAT,0,4544345
ybaY_predicted,0.09090909090909091,10,10,ACCCTTGTCCATTCTTACGT,0,4561457
ybaY_predicted,0.09090909090909091,10,10,ACCCTCGCGCTGCCTAAAAG,0,4596825
ybaY_predicted,0.09090909090909091,10,10,ACATTAGGGAAGAGCCCTAT,0,4556848
ybaY_predicted,0.09090909090909091,10,10,ACATGGAGTCGGACTGTATC,0,4556464
ybaY_predicted,0.09090909090909091,10,10,ACATCTGTAGTTAGGCAGGT,0,4585673
ybaY_predicted,0.09090909090909091,10,10,ACAGATAGTGGCTTTGTTAT,0,4573318
ybaY_predicted,0.09090909090909091,10,10,ACAGAAAACAGAATCCGTAT,0,4566149
ybaY_predicted,0.09090909090909091,10,10,ACACTACCACCACAAACCGT,0,4577594
ybaY_predicted,0.09090909090909091,10,10,ACACATCGAAGTGTGATCCA,0,4565889
ybaY_predicted,0.09090909090909091,10,10,ACAATTTGGGGTTTACCAAG,0,4589951
ybaY_predicted,0.09090909090909091,10,10,ACAATAAGCATCAGATTGTA,0,4569030
ybaY_predicted,0.09090909090909091,10,10,AATTGGTTCTGGTTTTGCTA,0,4560090
ybaY_predicted,0.09090909090909091,10,10,AATTATAGGATTGTGTCAGA,0,4568781
ybaY_predicted,0.09090909090909091,10,10,AATCTTGTTCAGCTCGTTCT,0,4560485
ybaY_predicted,0.09090909090909091,10,10,AATATCAAGTCAGCAATTGT,0,4548963
ybaY_predicted,0.09090909090909091,10,10,AATACGGACGCGTCTGTAGC,0,4586012
ybaY_predicted,0.09090909090909091,10,10,AAGTGTGCTGGGCGGCATAC,0,4558477
ybaY_predicted,0.09090909090909091,10,10,AAGTCATAATGCGGCCCCCA,0,4595811
ybaY_predicted,0.09090909090909091,10,10,AAGTAGCTAGGGCTAACCAA,0,4569342
ybaY_predicted,0.09090909090909091,10,10,AAGTACTACGGAGGCCGGAA,0,4586400
ybaY_predicted,0.09090909090909091,10,10,AAGTACGTCCCTGCTTTCAT,0,4597963
ybaY_predicted,0.09090909090909091,10,10,AAGGGGACCTTATCTCAGCT,0,4586050
ybaY_predicted,0.09090909090909091,10,10,AAGGCTAGGCGGGGAATGAT,0,4575822
ybaY_predicted,0.09090909090909091,10,10,AAGGCCCACAGGCCTAGAGA,0,4551521
ybaY_predicted,0.09090909090909091,10,10,AAGGAAGCTGGCTACGTGCT,0,4583994
ybaY_predicted,0.09090909090909091,10,10,AAGCAGTGCTTCACGCCTTT,0,4569076
ybaY_predicted,0.09090909090909091,10,10,AAGAGCAGTCTGCGGTCCGA,0,4551669
ybaY_predicted,0.09090909090909091,10,10,AACGGATGGCCGAACTCCTG,0,4589216
ybaY_predicted,0.09090909090909091,10,10,AACGCGGTGATTAAAAACGC,0,4569693
ybaY_predicted,0.09090909090909091,10,10,AACCGACTTTAGCTTGAAGA,0,4573286
ybaY_predicted,0.09090909090909091,10,10,AACATGGGTATAGTTGATTG,0,4593714
ybaY_predicted,0.09090909090909091,10,10,AACAGGTGTTACCCAAGAAG,0,4599965
ybaY_predicted,0.09090909090909091,10,10,AAATGAGTGTCGAGTAGATT,0,4591948
ybaY_predicted,0.09090909090909091,10,10,AAACTGGACATGACCGCTTT,0,4599476
ybaY_predicted,0.09090909090909091,10,10,AAACAGACGTTCACTCGCGC,0,4589779
ybaY_predicted,0.09090909090909091,10,10,AAAATATCACTCTTGCGACA,0,4595310
ybaY_predicted,0.09090909090909091,10,10,AAAACCCAACGGGTCGCTTA,0,4553596
ybaY_predicted,0.1,9,9,TTTTTGGTACTGCCCCGTTC,0,4557053
ybaY_predicted,0.1,9,9,TTTTTGGAAGATGCCTATAA,0,4550885
ybaY_predicted,0.1,9,9,TTTTTCCTCGGGTAGAGATG,0,4592059
ybaY_predicted,0.1,9,9,TTTTCTTATCCAAATCTCTT,0,4594126
ybaY_predicted,0.1,9,9,TTTTCAGGGAGGACCATAAT,0,4553402
ybaY_predicted,0.1,9,9,TTTGGATCAACCTATAAGTA,0,4555208
ybaY_predicted,0.1,9,9,TTTCCGCCGTGAATGATCGG,0,4560215
ybaY_predicted,0.1,9,9,TTTCAGACGCAACGTGTTAC,0,4550109
ybaY_predicted,0.1,9,9,TTTATAAGTAGGTCCGGATA,0,4556165
ybaY_predicted,0.1,9,9,TTTAGGTAAGCCGGTACCCC,0,4572139
ybaY_predicted,0.1,9,9,TTGTTGATACGTTTACGATG,0,4575721
ybaY_predicted,0.1,9,9,TTGTGTTCGTTAGGGGATCG,0,4588313
ybaY_predicted,0.1,9,9,TTGTCGGATAGGTGGTTCTG,0,4570389
ybaY_predicted,0.1,9,9,TTGTCATACGACTCGGTTGA,0,4587291
ybaY_predicted,0.1,9,9,TTGGTAGTCTGTTATGATCA,0,4578313
ybaY_predicted,0.1,9,9,TTGGGACAGGTGTCCACTTA,0,4551130
ybaY_predicted,0.1,9,9,TTGGACTCCGTGCGTGAATT,0,4577937
ybaY_predicted,0.1,9,9,TTGCTTATATCGACAAGGAA,0,4550257
ybaY_predicted,0.1,9,9,TTGCGAGTTGGTGGTCACGC,0,4560135
ybaY_predicted,0.1,9,9,TTGCCACCCAAACTTAGCGA,0,4597021
ybaY_predicted,0.1,9,9,TTGAGATCCGTGTGTACGAG,0,4580289
ybaY_predicted,0.1,9,9,TTGACCAGGTGTATCAGTGC,0,4596654
ybaY_predicted,0.1,9,9,TTCTTATTGTAACCCCGGTA,0,4573787
ybaY_predicted,0.1,9,9,TTCTGTCGTTGTGGTGGGTT,0,4573317
ybaY_predicted,0.1,9,9,TTCGTTTTCAAGCTTCAAGT,0,4579543
ybaY_predicted,0.1,9,9,TTCGGGTGCGACTCCTCTCA,0,4598705
ybaY_predicted,0.1,9,9,TTCGCGCGACCATCTTGGGT,0,4578940
ybaY_predicted,0.1,9,9,TTCGCGCCGAACCCGCATTG,0,4571125
ybaY_predicted,0.1,9,9,TTCGCAACGGACACGACGGA,0,4600430
ybaY_predicted,0.1,9,9,TTCGAGTTGACTGTCCATCA,0,4563826
ybaY_predicted,0.1,9,9,TTCATCGTACTTGGGTGAAT,0,4557866
ybaY_predicted,0.1,9,9,TTCAGGCGTGCCCGTACGGA,0,4547073
ybaY_predicted,0.1,9,9,TTCACCCACTTTCGTTTGTA,0,4592242
ybaY_predicted,0.1,9,9,TTATTAACGGCACTAGGCTA,0,4596870
ybaY_predicted,0.1,9,9,TTATCTTGCGTACCGACGGC,0,4592223
ybaY_predicted,0.1,9,9,TTATCTTCAAGTAGCTATAG,0,4553020
ybaY_predicted,0.1,9,9,TTAGCGGATTTCAGGTTCAA,0,4567529
ybaY_predicted,0.1,9,9,TTAGCCATAGGGAAGGAATA,0,4545563
ybaY_predicted,0.1,9,9,TTACGTGTGTCGGGGACGTA,0,4599700
ybaY_predicted,0.1,9,9,TTAAAGAAAGTAGCTGAGTA,0,4588398
ybaY_predicted,0.1,9,9,TGTTTGCGTGTCGCGGAAGC,0,4587880
ybaY_predicted,0.1,9,9,TGTTGCCGATAACGATTACA,0,4579863
ybaY_predicted,0.1,9,9,TGTTCACTGGAGTCCAGTGT,0,4571275
ybaY_predicted,0.1,9,9,TGTTCACTCTGCTTTTTTCA,0,4553396
ybaY_predicted,0.1,9,9,TGTTAGGTACAAAGGAGATC,0,4589906
ybaY_predicted,0.1,9,9,TGTCGGCCGGATACGCATAT,0,4571448
ybaY_predicted,0.1,9,9,TGTCCGATACTATGAGTGTC,0,4599822
ybaY_predicted,0.1,9,9,TGTCAACTATACGTAGTCAA,0,4590243
ybaY_predicted,0.1,9,9,TGGTGTATACTATGAACTGA,0,4571289
ybaY_predicted,0.1,9,9,TGGGTTAAGGGCTCAGTATC,0,4581897
ybaY_predicted,0.1,9,9,TGGGGCTTGGTGCGGCCTTT,0,4578030
ybaY_predicted,0.1,9,9,TGGGCCTGGTGGGTCATACA,0,4558113
ybaY_predicted,0.1,9,9,TGGAGGCACGGCCTCAGAAA,0,4598837
ybaY_predicted,0.1,9,9,TGGACAGAACGGGAAGTGAT,0,4589866
ybaY_predicted,0.1,9,9,TGGAACATCCGCACTGGATA,0,4597878
ybaY_predicted,0.1,9,9,TGCGGGGTGGCCGTTTACTG,0,4567302
ybaY_predicted,0.1,9,9,TGCGCGCAAGGCGTCCCTAC,0,4581576
ybaY_predicted,0.1,9,9,TGCCTTGGACCCGAGCGTGT,0,4566080
ybaY_predicted,0.1,9,9,TGCCATGTCCTCGCAAGCCA,0,4586378
ybaY_predicted,0.1,9,9,TGCAGGCTTTGCAGAAAGGA,0,4589012
ybaY_predicted,0.1,9,9,TGATGCGTTCCACCGTTGGG,0,4545557
ybaY_predicted,0.1,9,9,TGATCTTTTGTGGCTAGGAT,0,4599917
ybaY_predicted,0.1,9,9,TGAGGTCCGCCGGCAAGCCA,0,4586096
ybaY_predicted,0.1,9,9,TGAATAGACATCTGGGGTGC,0,4563346
ybaY_predicted,0.1,9,9,TGAACAGCACTTACACAGTG,0,4580910
ybaY_predicted,0.1,9,9,TCTTGCAGACTGTTATCTGG,0,4567462
ybaY_predicted,0.1,9,9,TCTTAACACCTCGCCGGAAG,0,4571129
ybaY_predicted,0.1,9,9,TCTGCCGGCCTGCACTTGGA,0,4576539
ybaY_predicted,0.1,9,9,TCTAGCGGGAAGCGCAAGCG,0,4570467
ybaY_predicted,0.1,9,9,TCTAAGCCTACGGGACCGGG,0,4567453
ybaY_predicted,0.1,9,9,TCGGTATTCTAGGTTATACG,0,4589247
ybaY_predicted,0.1,9,9,TCGGGGGGAAATGAGTCCTC,0,4560597
ybaY_predicted,0.1,9,9,TCGGGAGCTTTTCATCCCAT,0,4586301
ybaY_predicted,0.1,9,9,TCGGCCTTTGCTTACCCGCA,0,4594140
ybaY_predicted,0.1,9,9,TCGAGTGAAAAGGGATCCAT,0,4550656
ybaY_predicted,0.1,9,9,TCCTTCTTGAACCTACAACT,0,4593466
ybaY_predicted,0.1,9,9,TCCTCTAGCGAACCCATCTC,0,4584872
ybaY_predicted,0.1,9,9,TCCGTTTAGAGACCGTCGTT,0,4585827
ybaY_predicted,0.1,9,9,TCCCGCGTCGGATGTTAGAA,0,4581770
ybaY_predicted,0.1,9,9,TCCCCTCACTTGCAAGGCCT,0,4582352
ybaY_predicted,0.1,9,9,TCCACGTCATGGGGCCTGTT,0,4570961
ybaY_predicted,0.1,9,9,TCCAAGCGGGGTGATTCTAA,0,4589112
ybaY_predicted,0.1,9,9,TCATGGGAGCAGGGAGAATT,0,4576467
ybaY_predicted,0.1,9,9,TCAGGAATTGAGGGTTAATG,0,4579650
ybaY_predicted,0.1,9,9,TCACACTGTGACCAATGAGA,0,4560040
ybaY_predicted,0.1,9,9,TCAATTCGGGGGTCATCCAC,0,4558205
ybaY_predicted,0.1,9,9,TCAATATTACATGCGGAGTA,0,4558766
ybaY_predicted,0.1,9,9,TCAAGGTACTCGTAATAACG,0,4559932
ybaY_predicted,0.1,9,9,TCAACGCACTGGGAGGGACT,0,4576637
ybaY_predicted,0.1,9,9,TCAAATCAGTGGCTCGATCA,0,4594483
ybaY_predicted,0.1,9,9,TATTACGGCTCTAAGCTTAC,0,4575359
ybaY_predicted,0.1,9,9,TATGTATTCTGGTACCCAGG,0,4570502
ybaY_predicted,0.1,9,9,TATCGGAGGCAGCACGGAGT,0,4559419
ybaY_predicted,0.1,9,9,TATACGAGTGGGGTCGAATC,0,4591953
ybaY_predicted,0.1,9,9,TAGTCGGAGGCGCCGTGCGA,0,4568140
ybaY_predicted,0.1,9,9,TAGCTTGGATTTGAACCAAC,0,4587270
ybaY_predicted,0.1,9,9,TAGCTGTATACTGACCGGTT,0,4565879
ybaY_predicted,0.1,9,9,TAGCTGAAGCGTTTACAATT,0,4563532
ybaY_predicted,0.1,9,9,TAGCGACGGGAAAAAAATTG,0,4574554
ybaY_predicted,0.1,9,9,TAGATCAGAGGTTGGACCCC,0,4596249
ybaY_predicted,0.1,9,9,TACTCCAAGTAATGGGAGGT,0,4554486
ybaY_predicted,0.1,9,9,TACTAACCGTGCTCACGGAA,0,4571852
ybaY_predicted,0.1,9,9,TACGGTTTATGCTTATTAAA,0,4550304
ybaY_predicted,0.1,9,9,TACGCGTTAGTATCAGAACC,0,4581223
ybaY_predicted,0.1,9,9,TACCTGAAGGGTGCACGAGG,0,4579578
ybaY_predicted,0.1,9,9,TACATGTGACGTAATATAAG,0,4573443
ybaY_predicted,0.1,9,9,TACACTAATACTTACTCAAT,0,4553353
ybaY_predicted,0.1,9,9,TAATATCCTGTTTACTCTAA,0,4594592
ybaY_predicted,0.1,9,9,TAAGTTAGGCTTTTTGACGA,0,4593596
ybaY_predicted,0.1,9,9,TAAGGCAAGTGGCGACAATC,0,4564289
ybaY_predicted,0.1,9,9,TAAGGAAGACCAATTAGTTA,0,4590245
ybaY_predicted,0.1,9,9,TAAGCTACGAAAACCGAATA,0,4583574
ybaY_predicted,0.1,9,9,TAAGATTTATGCTGTACATC,0,4546980
ybaY_predicted,0.1,9,9,TAACCGACCAGCCTACCTAG,0,4556450
ybaY_predicted,0.1,9,9,TAAATGTTAGGTTATCCGGC,0,4579473
ybaY_predicted,0.1,9,9,TAAATGCCAGTTGGAAAGTG,0,4593298
ybaY_predicted,0.1,9,9,GTTTTCGGGTTTCAGGGAGA,0,4574997
ybaY_predicted,0.1,9,9,GTTGGATCCGCATCGACGCA,0,4574638
ybaY_predicted,0.1,9,9,GTTCCCCGATGGGAGTACGG,0,4550372
ybaY_predicted,0.1,9,9,GTTCACATGGTTGTCGAACT,0,4588661
ybaY_predicted,0.1,9,9,GTTAAGGGTAGACATACGTT,0,4546960
ybaY_predicted,0.1,9,9,GTTAAAGCGGAGTCGGATAT,0,4544576
ybaY_predicted,0.1,9,9,GTGTATGAGTCATGTTAACA,0,4570251
ybaY_predicted,0.1,9,9,GTGGCTGATGACTGAGTCGC,0,4552050
ybaY_predicted,0.1,9,9,GTGCTCATTGAATCAAATAC,0,4557822
ybaY_predicted,0.1,9,9,GTGCTATGCGCCACCAGCGG,0,4564641
ybaY_predicted,0.1,9,9,GTGCAGAGGATTACTCAGTA,0,4586053
ybaY_predicted,0.1,9,9,GTGCACGTGTCTTCAGACCA,0,4585578
ybaY_predicted,0.1,9,9,GTGAATAGAATCGTAGATGA,0,4551131
ybaY_predicted,0.1,9,9,GTCGCCCCCAAACTCGACTC,0,4562785
ybaY_predicted,0.1,9,9,GTCCTAGATGAATACCCGCT,0,4554854
ybaY_predicted,0.1,9,9,GTCCGGTGCTATAAAAAGTG,0,4585477
ybaY_predicted,0.1,9,9,GTCCGGAATGAGCCCGGAGA,0,4564192
ybaY_predicted,0.1,9,9,GTCCATCCGGTACGCAAAAA,0,4588900
ybaY_predicted,0.1,9,9,GTCATTTGCATATAGGATGA,0,4547340
ybaY_predicted,0.1,9,9,GTCATTACAGACCAAAGCGC,0,4545786
ybaY_predicted,0.1,9,9,GTACGGTATGAACCAGCGGC,0,4555343
ybaY_predicted,0.1,9,9,GTACGAAAGACTCGACTGTA,0,4566990
ybaY_predicted,0.1,9,9,GTACACATAAGGCTCCAGTT,0,4549041
ybaY_predicted,0.1,9,9,GTAAACCAATGTCTACGCAA,0,4568321
ybaY_predicted,0.1,9,9,GGTGTCCGCGCCCCGGTGAG,0,4595863
ybaY_predicted,0.1,9,9,GGTGCCACGGGTTGTCTGCT,0,4578576
ybaY_predicted,0.1,9,9,GGTGAGCCAGCCCTTTGGGT,0,4572862
ybaY_predicted,0.1,9,9,GGTCAAGGGGTACTCCCCAT,0,4544371
ybaY_predicted,0.1,9,9,GGTATAGTGGTAGCGGAGGA,0,4565501
ybaY_predicted,0.1,9,9,GGTAGAGTTTGGTGTAACAG,0,4591250
ybaY_predicted,0.1,9,9,GGTACGTCTAACTCGGGTGA,0,4586492
ybaY_predicted,0.1,9,9,GGGTATACCCGCGTTCGAGG,0,4576921
ybaY_predicted,0.1,9,9,GGGTAGTCTTATCAACCAGA,0,4583519
ybaY_predicted,0.1,9,9,GGGTACAAACTGGGTTAGTG,0,4574893
ybaY_predicted,0.1,9,9,GGGGCTGAAGAGCCGCCGGG,0,4581276
ybaY_predicted,0.1,9,9,GGGGATTGCCCGCTCAGATC,0,4565282
ybaY_predicted,0.1,9,9,GGGCGGCGGTTGCCCGATTA,0,4591076
ybaY_predicted,0.1,9,9,GGGCACCTCTGAGCAACTTC,0,4595701
ybaY_predicted,0.1,9,9,GGCTTTATGAGAAAATACCC,0,4598461
ybaY_predicted,0.1,9,9,GGCTCGGAAAGGAATAAGAG,0,4577189
ybaY_predicted,0.1,9,9,GGCGGCCCGATGCATATACA,0,4548687
ybaY_predicted,0.1,9,9,GGCGGAATCACTCACCTAAG,0,4584371
ybaY_predicted,0.1,9,9,GGCCACCTCCTGTAACAACT,0,4597647
ybaY_predicted,0.1,9,9,GGATTAAAGAGGCGCGTGCA,0,4550140
ybaY_predicted,0.1,9,9,GGATATGGGTTCTGCGGAGA,0,4592389
ybaY_predicted,0.1,9,9,GGAGTAATAATCTGTGGAGG,0,4576685
ybaY_predicted,0.1,9,9,GGAGCTATTAAGATCCCAGC,0,4564786
ybaY_predicted,0.1,9,9,GGAGAGCCAGGGAAGTGGGA,0,4550694
ybaY_predicted,0.1,9,9,GGACTAGGCGTTTATACTGC,0,4555430
ybaY_predicted,0.1,9,9,GGACCTGGATGAACCGGCGT,0,4575237
ybaY_predicted,0.1,9,9,GGACCGCTGGACATGATTTT,0,4557893
ybaY_predicted,0.1,9,9,GGACCAAGGTCTTCTAGAAC,0,4586980
ybaY_predicted,0.1,9,9,GGAAGCACCCATTCCTATGT,0,4552602
ybaY_predicted,0.1,9,9,GGAAAGAGTCAAGCATGGAG,0,4557956
ybaY_predicted,0.1,9,9,GCTTTAGCCGCAGCACTGAC,0,4596677
ybaY_predicted,0.1,9,9,GCTCTGACCAAGAACATAGT,0,4547009
ybaY_predicted,0.1,9,9,GCTCGCATTCCAAGACTGCA,0,4576365
ybaY_predicted,0.1,9,9,GCTCCGAATCTTCCACTGAC,0,4564705
ybaY_predicted,0.1,9,9,GCTAGCCAATTCATGCCAAA,0,4581737
ybaY_predicted,0.1,9,9,GCTACGTTGAAACAAGGATG,0,4551772
ybaY_predicted,0.1,9,9,GCTACCTAGGACTCGTCATG,0,4598702
ybaY_predicted,0.1,9,9,GCGTTTAGGTGCCCAGGGTC,0,4571770
ybaY_predicted,0.1,9,9,GCGTTGGCTTGCAAAGCCGC,0,4577646
ybaY_predicted,0.1,9,9,GCGTTAGAAACACGGCCTTT,0,4590077
ybaY_predicted,0.1,9,9,GCGTGTACAATGGCGCAAAT,0,4573274
ybaY_predicted,0.1,9,9,GCGCTATCCGGTGCGCAGCG,0,4563031
ybaY_predicted,0.1,9,9,GCGCGATGCCTCTGTGCTGT,0,4588624
ybaY_predicted,0.1,9,9,GCGCGACCCAACCCTCTTTC,0,4567765
ybaY_predicted,0.1,9,9,GCGCATTCTAGTCTAAAGGA,0,4575403
ybaY_predicted,0.1,9,9,GCGCAAGAGTGGAAGTGGCT,0,4558211
ybaY_predicted,0.1,9,9,GCGATTTAGCTAGATTAGCC,0,4599376
ybaY_predicted,0.1,9,9,GCGAGAAATAAAGGGAACCT,0,4565537
ybaY_predicted,0.1,9,9,GCGACAGACCCACGGGGCTC,0,4563767
ybaY_predicted,0.1,9,9,GCCGGGTTAGGTTTTTAACC,0,4561395
ybaY_predicted,0.1,9,9,GCCGGAATTGGATTATAAGC,0,4555259
ybaY_predicted,0.1,9,9,GCCGATGTAACCGAAGGTAT,0,4571907
ybaY_predicted,0.1,9,9,GCCCACACGGGGTGCCTGAC,0,4554392
ybaY_predicted,0.1,9,9,GCCAGACAGCCCACTGGATC,0,4587515
ybaY_predicted,0.1,9,9,GCATGCAAAATCCCAGGGAC,0,4574700
ybaY_predicted,0.1,9,9,GCATCACCTGGCGCTTGCGG,0,4598712
ybaY_predicted,0.1,9,9,GCACTTCTGTCTTGTTGGCC,0,4566287
ybaY_predicted,0.1,9,9,GCACAGAGACTTACAGAGGT,0,4554517
ybaY_predicted,0.1,9,9,GCAAGCAATGACGCCACTTA,0,4587165
ybaY_predicted,0.1,9,9,GCAACGATTTCGGCTGCGTA,0,4575302
ybaY_predicted,0.1,9,9,GATTGGGGTGTAGGCGCTAT,0,4578379
ybaY_predicted,0.1,9,9,GATGGTGTACTATTTACGGG,0,4588760
ybaY_predicted,0.1,9,9,GATGGAGAGGGCACATTTTA,0,4574454
ybaY_predicted,0.1,9,9,GATGAGTCTGATGTGAGGCC,0,4598208
ybaY_predicted,0.1,9,9,GATCGCCAACAACCCGGAGT,0,4586851
ybaY_predicted,0.1,9,9,GATCGACTTGTGGACACGAG,0,4552168
ybaY_predicted,0.1,9,9,GATCATCGCAGTGGATGAAT,0,4563608
ybaY_predicted,0.1,9,9,GATACTTCAGTGAGTTATTT,0,4589780
ybaY_predicted,0.1,9,9,GAGTTTTTGTTGCAAGCTTA,0,4576140
ybaY_predicted,0.1,9,9,GAGTTCCTCACCGTGACTGT,0,4548450
ybaY_predicted,0.1,9,9,GAGTTACGCCCTACTGTATC,0,4598444
ybaY_predicted,0.1,9,9,GAGGTGGGGGATGTCCGATC,0,4549363
ybaY_predicted,0.1,9,9,GAGCGATTAACGGTAGCGAA,0,4547722
ybaY_predicted,0.1,9,9,GAGACGTCGTCAACGTTTGT,0,4597948
ybaY_predicted,0.1,9,9,GAGAACCATGGTTATGAGCT,0,4560729
ybaY_predicted,0.1,9,9,GACGTGGGCTCTGTGCGCTG,0,4555443
ybaY_predicted,0.1,9,9,GACGTCCAACGAGCTCCCGC,0,4545158
ybaY_predicted,0.1,9,9,GACGCTGTGAAAGCCTGACT,0,4597047
ybaY_predicted,0.1,9,9,GACGCGCTTAACACGCAGGT,0,4583075
ybaY_predicted,0.1,9,9,GACGATCTAGCGTTAGTGCC,0,4593736
ybaY_predicted,0.1,9,9,GACCACCAAGGCTCGTGATG,0,4548858
ybaY_predicted,0.1,9,9,GACCAATGTTCGACACCACA,0,4564276
ybaY_predicted,0.1,9,9,GACCAAAAAGGAGTGTACAC,0,4560660
ybaY_predicted,0.1,9,9,GACATAACTCCACACTACCT,0,4547666
ybaY_predicted,0.1,9,9,GACAGACCATAGGAGCTTGA,0,4584078
ybaY_predicted,0.1,9,9,GACAGAAGTAGCGGCACTGT,0,4558022
ybaY_predicted,0.1,9,9,GAATTCAAGAGAACCTATAG,0,4568766
ybaY_predicted,0.1,9,9,GAATGCGGCGAAACTTATCG,0,4560126
ybaY_predicted,0.1,9,9,GAATCGGCATACGCTACACC,0,4584096
ybaY_predicted,0.1,9,9,GAATCCAGAGTTTGTTACGT,0,4596259
ybaY_predicted,0.1,9,9,GAAGTTGAGAAACCGAGCCA,0,4565265
ybaY_predicted,0.1,9,9,GAAGGGGGGTGGCAATTATC,0,4547898
ybaY_predicted,0.1,9,9,GAAGGGGGACTGGACGATGT,0,4593550
ybaY_predicted,0.1,9,9,GAACTCGTGCAAATGCGCCT,0,4571903
ybaY_predicted,0.1,9,9,GAACCGATGTCTTTCCGTAC,0,4546335
ybaY_predicted,0.1,9,9,GAAATAGCAAAAAATTGCTG,0,4583782
ybaY_predicted,0.1,9,9,GAAACGACTTAGTGTCATTC,0,4574590
ybaY_predicted,0.1,9,9,GAAAAGGTATAAATAGCAAA,0,4589984
ybaY_predicted,0.1,9,9,CTTTCGGATTCCGTCCCGGC,0,4573152
ybaY_predicted,0.1,9,9,CTTGTGTAGTGGTGTGCTGG,0,4580231
ybaY_predicted,0.1,9,9,CTTGGTAAGCTCACCATTGT,0,4590125
ybaY_predicted,0.1,9,9,CTTCTACATTCTTGAAGTAG,0,4546938
ybaY_predicted,0.1,9,9,CTTCGTTCTGCAATACAGCT,0,4594312
ybaY_predicted,0.1,9,9,CTTATTATGTGCGTCCCATC,0,4587713
ybaY_predicted,0.1,9,9,CTTATCAGTACGTCGATACA,0,4575479
ybaY_predicted,0.1,9,9,CTTACCGTCCGTAATCCAGG,0,4593847
ybaY_predicted,0.1,9,9,CTGTAGAGGAACGTGATCAA,0,4568075
ybaY_predicted,0.1,9,9,CTGGGCGAAATTTTGGGATT,0,4587284
ybaY_predicted,0.1,9,9,CTGATGGAACACGGAGTGTA,0,4585954
ybaY_predicted,0.1,9,9,CTGACGTCTAGCCGTAATAA,0,4574033
ybaY_predicted,0.1,9,9,CTGACCTCAACCCGGCAAGG,0,4584915
ybaY_predicted,0.1,9,9,CTCTTTTGCGCATCACTAAT,0,4586189
ybaY_predicted,0.1,9,9,CTCTTGGATAGTTGATATGC,0,4561330
ybaY_predicted,0.1,9,9,CTCTTACCGCTCCGAGGCCG,0,4549514
ybaY_predicted,0.1,9,9,CTCTGGGGACGGCCGTCGGT,0,4577439
ybaY_predicted,0.1,9,9,CTCGGCCGGCAGAAGTCCTT,0,4586678
ybaY_predicted,0.1,9,9,CTCGCTCATGCCTTGACTAA,0,4566332
ybaY_predicted,0.1,9,9,CTCGCCTGAGACTACATGCG,0,4569583
ybaY_predicted,0.1,9,9,CTCGACACCATTGTGACATT,0,4549341
ybaY_predicted,0.1,9,9,CTCCTAGGTAGGAGCCTTTC,0,4579671
ybaY_predicted,0.1,9,9,CTCCCAGTTAAACATAGTAA,0,4599002
ybaY_predicted,0.1,9,9,CTCCAGTATGCTCTCCTCGA,0,4545888
ybaY_predicted,0.1,9,9,CTCCACTCATCGGAGCCTAG,0,4593337
ybaY_predicted,0.1,9,9,CTCACCCTCGCCCATTTCCC,0,4562223
ybaY_predicted,0.1,9,9,CTCAATAGCCTTTTTACAAG,0,4588028
ybaY_predicted,0.1,9,9,CTCAAGTGAGGGGTACTCGT,0,4587929
ybaY_predicted,0.1,9,9,CTCAAAACCAAGCATTTTAT,0,4548390
ybaY_predicted,0.1,9,9,CTATTCGCGTATGCGCGTAC,0,4546826
ybaY_predicted,0.1,9,9,CTATGGCTGTATCATCAGGT,0,4592394
ybaY_predicted,0.1,9,9,CTATGAACAGGAGAACTGCC,0,4548751
ybaY_predicted,0.1,9,9,CTATACTCCAGCGCTCCATC,0,4574438
ybaY_predicted,0.1,9,9,CTATAACTTATCGTGGTCTA,0,4592225
ybaY_predicted,0.1,9,9,CTAGCGTGGTCCGGTGCAAA,0,4588887
ybaY_predicted,0.1,9,9,CTAGCGAACTTGACGCGTTA,0,4586255
ybaY_predicted,0.1,9,9,CTAGATGGCCCTGGGGAAAG,0,4594970
ybaY_predicted,0.1,9,9,CTAGAAGTTGCTCGGTGCAG,0,4586657
ybaY_predicted,0.1,9,9,CTACCGCGGGGATTCACCGG,0,4550899
ybaY_predicted,0.1,9,9,CGTTGGAGTGGTTCTCCTAA,0,4598086
ybaY_predicted,0.1,9,9,CGTTATCAAGGTATAGACAG,0,4597907
ybaY_predicted,0.1,9,9,CGTGGAAGGCTTACGCTGAT,0,4571511
ybaY_predicted,0.1,9,9,CGTGCGTTTGTGTACCAAGG,0,4565549
ybaY_predicted,0.1,9,9,CGTGAGGTGTTCTCTGTCAG,0,4551307
ybaY_predicted,0.1,9,9,CGTCGTAGTAGCGTGAAATT,0,4599583
ybaY_predicted,0.1,9,9,CGTCCTGATGAATCTGCGAC,0,4587345
ybaY_predicted,0.1,9,9,CGTCCACACTTGGAGCAGGG,0,4569984
ybaY_predicted,0.1,9,9,CGTCAATTAGCTCTAATAGG,0,4550069
ybaY_predicted,0.1,9,9,CGGTTGAGTCCCCGCTACGA,0,4575312
ybaY_predicted,0.1,9,9,CGGTGCAAGCCAGGACGTGC,0,4575850
ybaY_predicted,0.1,9,9,CGGTAGACGTATGATTCTAC,0,4596657
ybaY_predicted,0.1,9,9,CGGTACAGCCATTTAAAGAA,0,4592796
ybaY_predicted,0.1,9,9,CGGACGTAGGAAAGTGGGGA,0,4561132
ybaY_predicted,0.1,9,9,CGGACCAGCCGGGCACTATA,0,4568026
ybaY_predicted,0.1,9,9,CGCTGGCATCATAGCGATGA,0,4568994
ybaY_predicted,0.1,9,9,CGCTCCATGTTCTGGATGGA,0,4551313
ybaY_predicted,0.1,9,9,CGCTATCAGTCCGCTAGTGA,0,4556719
ybaY_predicted,0.1,9,9,CGCGGATGCCCGCTCATCGA,0,4551706
ybaY_predicted,0.1,9,9,CGCGAGGGACGACACCATCA,0,4560946
ybaY_predicted,0.1,9,9,CGCCTCATGAGCAGCGCGAT,0,4593067
ybaY_predicted,0.1,9,9,CGCCACAGCGGTTACGTCCC,0,4568389
ybaY_predicted,0.1,9,9,CGCATTCAGATATTGACCAA,0,4584546
ybaY_predicted,0.1,9,9,CGATCTATGTATAGTTGTTG,0,4557526
ybaY_predicted,0.1,9,9,CGATAAGTGGGAATTCAAGT,0,4554055
ybaY_predicted,0.1,9,9,CGACCACACAGTCGTAAGCT,0,4586930
ybaY_predicted,0.1,9,9,CGAACGCCACGCTAATTAAT,0,4575131
ybaY_predicted,0.1,9,9,CCTTGTGTCGATACGCACAA,0,4549088
ybaY_predicted,0.1,9,9,CCTTGCTTTATATTCACTTA,0,4550632
ybaY_predicted,0.1,9,9,CCTTCAATCTCAGCTTGAAA,0,4566079
ybaY_predicted,0.1,9,9,CCTTCAAGATGAGATGCCGT,0,4561387
ybaY_predicted,0.1,9,9,CCTTATATCCTCGATCGAGA,0,4545806
ybaY_predicted,0.1,9,9,CCTCTGCGACGGAAGCCGCG,0,4587362
ybaY_predicted,0.1,9,9,CCTAGCGGATACTTGCGTAT,0,4566165
ybaY_predicted,0.1,9,9,CCTAATTCTTCTGTAGGGCA,0,4569963
ybaY_predicted,0.1,9,9,CCTAAGTCACCGCGTTGGAC,0,4580338
ybaY_predicted,0.1,9,9,CCTAAGTAAATTGATTCGCG,0,4580774
ybaY_predicted,0.1,9,9,CCGTCGCCCACCTGAATTTA,0,4590694
ybaY_predicted,0.1,9,9,CCGTACAGCAGGGTCGAGCC,0,4569126
ybaY_predicted,0.1,9,9,CCGGGCCTCGTGCACATGGT,0,4563108
ybaY_predicted,0.1,9,9,CCGGGATAAAAGTAGGACGG,0,4595175
ybaY_predicted,0.1,9,9,CCGGCTTGCCATAGGTGTTG,0,4576724
ybaY_predicted,0.1,9,9,CCGGACGGTGTAAAGGATTA,0,4565926
ybaY_predicted,0.1,9,9,CCGCGCGTAGATAGGAGAGA,0,4578153
ybaY_predicted,0.1,9,9,CCGCAGGGTGAAAAAAGGTG,0,4549158
ybaY_predicted,0.1,9,9,CCCGCTGTCCGATCTGACAA,0,4559785
ybaY_predicted,0.1,9,9,CCCCTCAGTAACGGTTTCTG,0,4588795
ybaY_predicted,0.1,9,9,CCCCATGGAATAATTATACC,0,4551451
ybaY_predicted,0.1,9,9,CCCAGCTTTCCGTATCCAAC,0,4591142
ybaY_predicted,0.1,9,9,CCCAGCACTGCAACTTGATG,0,4583615
ybaY_predicted,0.1,9,9,CCCACTCAACCAGTCCGAAT,0,4590142
ybaY_predicted,0.1,9,9,CCATTATGTTGGCCGGTGCG,0,4550699
ybaY_predicted,0.1,9,9,CCATGTGTATTATCATAGAC,0,4576835
ybaY_predicted,0.1,9,9,CCATGAGCTTTGCCTATGGA,0,4547923
ybaY_predicted,0.1,9,9,CCATAGCGATCCATAGCGTC,0,4574248
ybaY_predicted,0.1,9,9,CCACGGATTACAGTCTACAG,0,4586982
ybaY_predicted,0.1,9,9,CCACACAGACCCGTCACGGA,0,4574264
ybaY_predicted,0.1,9,9,CCAAAGACCATTGGAGGTCG,0,4566114
ybaY_predicted,0.1,9,9,CATTAGATTCCTCATTCCCA,0,4578378
ybaY_predicted,0.1,9,9,CATGTTACTGGCAGGTTCTA,0,4578688
ybaY_predicted,0.1,9,9,CATGTTACAAAGGTTGGATG,0,4569492
ybaY_predicted,0.1,9,9,CATGGGTAATTTGCGCCAGG,0,4567941
ybaY_predicted,0.1,9,9,CATGGAGTCACCTATGATAA,0,4574104
ybaY_predicted,0.1,9,9,CATCTGGGCTCAGGAATCAT,0,4563250
ybaY_predicted,0.1,9,9,CATCACTACCCGACGGGCGC,0,4586993
ybaY_predicted,0.1,9,9,CATATGTGCGGATAGAGTGT,0,4594560
ybaY_predicted,0.1,9,9,CATACGCCAGCCCTCGTAGG,0,4560752
ybaY_predicted,0.1,9,9,CATACCCCTCATGGGTACTC,0,4549820
ybaY_predicted,0.1,9,9,CATACCCCGAGGCTGGGTTC,0,4551317
ybaY_predicted,0.1,9,9,CAGTGGACAGCCATAATAAT,0,4579682
ybaY_predicted,0.1,9,9,CAGTACTCAAACGTATAAGT,0,4571801
ybaY_predicted,0.1,9,9,CAGGCTTGGCGTTTTCGAAC,0,4579652
ybaY_predicted,0.1,9,9,CAGGCGTTGTCCGGGGAAGG,0,4580389
ybaY_predicted,0.1,9,9,CAGGCGCTGACCAACGTTCA,0,4575978
ybaY_predicted,0.1,9,9,CAGGCACAAAGCATCGCGAC,0,4548692
ybaY_predicted,0.1,9,9,CAGGAGATCCTGGCGTACGT,0,4578980
ybaY_predicted,0.1,9,9,CAGCTGTGAGGATCCGGAGT,0,4577709
ybaY_predicted,0.1,9,9,CAGCGATTTATTTGAATACA,0,4590242
ybaY_predicted,0.1,9,9,CAGCATTGGTCACCCTGCAG,0,4553917
ybaY_predicted,0.1,9,9,CAGAGGTAGCGATTAGAAGC,0,4571739
ybaY_predicted,0.1,9,9,CAGAATATAAGACGGCATTG,0,4598447
ybaY_predicted,0.1,9,9,CACTGTGAGATGGCTACGCC,0,4556263
ybaY_predicted,0.1,9,9,CACGGGATAGCTCCACGGAA,0,4580191
ybaY_predicted,0.1,9,9,CACCTGAACCCGCGGTGAGA,0,4600226
ybaY_predicted,0.1,9,9,CACCCTGTCGAATGCCGACT,0,4589624
ybaY_predicted,0.1,9,9,CACCACCCTCACGGCCGGCG,0,4558569
ybaY_predicted,0.1,9,9,CACATGCAAGTAAGTCTTTG,0,4600300
ybaY_predicted,0.1,9,9,CACAGTAACCCACACCGCAT,0,4560197
ybaY_predicted,0.1,9,9,CACAATGGCGCGGCTGGAGC,0,4597660
ybaY_predicted,0.1,9,9,CAATTTGGTCTTTAAATTAA,0,4565709
ybaY_predicted,0.1,9,9,CAATTCGAGCCGGCGCCGGA,0,4580032
ybaY_predicted,0.1,9,9,CAAGTTATGCTACCTCGGGG,0,4569257
ybaY_predicted,0.1,9,9,CAAGTCGGAAAATGCCGTAG,0,4573196
ybaY_predicted,0.1,9,9,CAAGGGGATTATCCCCCATG,0,4555442
ybaY_predicted,0.1,9,9,CAACGTTGCCTCAGGTGCCA,0,4556647
ybaY_predicted,0.1,9,9,CAACGGCAATGACACTCAGC,0,4582071
ybaY_predicted,0.1,9,9,CAAATACCTTTACAACGCCC,0,4599647
ybaY_predicted,0.1,9,9,ATTTGAGAGAAACGACCAGA,0,4584680
ybaY_predicted,0.1,9,9,ATTTATGATACTCAGCCTAT,0,4558839
ybaY_predicted,0.1,9,9,ATTTAATCCCGGGGGCCTCC,0,4563343
ybaY_predicted,0.1,9,9,ATTGTACACAATATACCGAG,0,4545575
ybaY_predicted,0.1,9,9,ATTGGGGTTGGCCGGGCACT,0,4579185
ybaY_predicted,0.1,9,9,ATTGCACTTACGTTCAAGTA,0,4556443
ybaY_predicted,0.1,9,9,ATTGAGATAGATGATGGTAC,0,4574162
ybaY_predicted,0.1,9,9,ATTGACTGTCTATCGTGCAA,0,4567198
ybaY_predicted,0.1,9,9,ATTGACTGTCTAGAGGTTAG,0,4567871
ybaY_predicted,0.1,9,9,ATTCTTACTGTTGCGGAAAT,0,4580950
ybaY_predicted,0.1,9,9,ATTCGGCATTGTATATGCAA,0,4546765
ybaY_predicted,0.1,9,9,ATTCAAAGACCTGTGGGTAG,0,4569783
ybaY_predicted,0.1,9,9,ATTACTGGTTCTCTCTACTT,0,4592927
ybaY_predicted,0.1,9,9,ATTAATTGTGGGGAGGGTAG,0,4599784
ybaY_predicted,0.1,9,9,ATGTCCGTGTCAAAATGAAA,0,4588674
ybaY_predicted,0.1,9,9,ATGTACCGGACGCATCCTAA,0,4560808
ybaY_predicted,0.1,9,9,ATGGGTAGGTCATCTCCCCG,0,4561212
ybaY_predicted,0.1,9,9,ATGGGGACGCTTAGTGTTCT,0,4552612
ybaY_predicted,0.1,9,9,ATGGCTCACGTTTGGGGGAA,0,4551454
ybaY_predicted,0.1,9,9,ATGGATAGTGAGGTTTGTGT,0,4592642
ybaY_predicted,0.1,9,9,ATGCGTTGCTTCCGTAAGGT,0,4580700
ybaY_predicted,0.1,9,9,ATGAGTGCGCTCGGCAAGGC,0,4570237
ybaY_predicted,0.1,9,9,ATGAGCTTGTTGAGTCCTCC,0,4550337
ybaY_predicted,0.1,9,9,ATGAAAAAGGCAAACATGCG,0,4551054
ybaY_predicted,0.1,9,9,ATCTCTTCGGCGGCACGGCT,0,4594629
ybaY_predicted,0.1,9,9,ATCCAGCTATTCCATCATCA,0,4595845
ybaY_predicted,0.1,9,9,ATCAATGGAGCATAAGACTT,0,4596558
ybaY_predicted,0.1,9,9,ATATTTAAAGGATCGGAAAC,0,4583749
ybaY_predicted,0.1,9,9,ATATATAGGATTCCTCAGTT,0,4585502
ybaY_predicted,0.1,9,9,ATATATAAGGTGCTGCCGGC,0,4575175
ybaY_predicted,0.1,9,9,ATATATAACGTCATCACCGA,0,4597645
ybaY_predicted,0.1,9,9,ATAGCCAAAGCTGCGCATGG,0,4589908
ybaY_predicted,0.1,9,9,ATAGAGATCACGCGCTCTAT,0,4562496
ybaY_predicted,0.1,9,9,ATAGAATGGGAGTCCACGCA,0,4550776
ybaY_predicted,0.1,9,9,ATACCCGCAAGCGATTGGAC,0,4553969
ybaY_predicted,0.1,9,9,ATAACAGATGTCTAATTTGT,0,4560665
ybaY_predicted,0.1,9,9,AGTTTATACCAAGCTATCTC,0,4554603
ybaY_predicted,0.1,9,9,AGTTACAGAACAGTAGTGGT,0,4563946
ybaY_predicted,0.1,9,9,AGTGGTCATTTACGTGCTCA,0,4586420
ybaY_predicted,0.1,9,9,AGTGGTATCGGCTAAGCCGG,0,4592804
ybaY_predicted,0.1,9,9,AGTGAGCTTTCGAGCTCTAC,0,4582868
ybaY_predicted,0.1,9,9,AGTCTATAAAAAAATAGCTC,0,4554958
ybaY_predicted,0.1,9,9,AGTCACCAGAGTGAAGGTTA,0,4571273
ybaY_predicted,0.1,9,9,AGTATAGAAACACCACAGGT,0,4549625
ybaY_predicted,0.1,9,9,AGTACCTAGAGCATGCACGT,0,4571227
ybaY_predicted,0.1,9,9,AGTAACAGGCAATTGCCCCG,0,4599291
ybaY_predicted,0.1,9,9,AGGTTTTTTTCTATAACCGG,0,4591855
ybaY_predicted,0.1,9,9,AGGTTGTAAACCAACATGAG,0,4598195
ybaY_predicted,0.1,9,9,AGGTTGCTGGCGTCCGAATT,0,4598704
ybaY_predicted,0.1,9,9,AGGTTAAGCTAGCGGAGTAC,0,4582442
ybaY_predicted,0.1,9,9,AGGTGCGAATCGTTCTACCG,0,4586251
ybaY_predicted,0.1,9,9,AGGTGACTGTGCAAGGGTAC,0,4584122
ybaY_predicted,0.1,9,9,AGGTCGGAGTGCGCGAGAAG,0,4577052
ybaY_predicted,0.1,9,9,AGGGTGAACATAAGTGTCTA,0,4559446
ybaY_predicted,0.1,9,9,AGGGTAAGCTTGGAATTATG,0,4559640
ybaY_predicted,0.1,9,9,AGGGGTTTGGGGACAACCTC,0,4553085
ybaY_predicted,0.1,9,9,AGGGCGTTGCAGTTAGGGTT,0,4589585
ybaY_predicted,0.1,9,9,AGGCTGGGTGACTCGGACAG,0,4546778
ybaY_predicted,0.1,9,9,AGGCGGGGCCGTCGATGCAT,0,4584366
ybaY_predicted,0.1,9,9,AGGCCGTATCGAGCAGGTTG,0,4558305
ybaY_predicted,0.1,9,9,AGGATCCTTCACCAACGTAA,0,4559993
ybaY_predicted,0.1,9,9,AGGAGTCACTCGCTGAACAT,0,4593478
ybaY_predicted,0.1,9,9,AGGACTGGCATTGTTCGCGA,0,4567303
ybaY_predicted,0.1,9,9,AGGACGCCATTCGGTTATAA,0,4578099
ybaY_predicted,0.1,9,9,AGGAAGCAACTAATGGCACG,0,4557234
ybaY_predicted,0.1,9,9,AGCTTCAGAAAGAGTCTTTC,0,4573114
ybaY_predicted,0.1,9,9,AGCTGCCGCTACGCAGGGTT,0,4544868
ybaY_predicted,0.1,9,9,AGCTATGCAGACCCTCGTAA,0,4568698
ybaY_predicted,0.1,9,9,AGCGGAGGACAACATAGGCT,0,4569247
ybaY_predicted,0.1,9,9,AGCCGGAAATTATTTTTTTA,0,4599439
ybaY_predicted,0.1,9,9,AGCCGCAAAGTCATCCGATT,0,4564941
ybaY_predicted,0.1,9,9,AGCCCTTGTATGTTATTAGA,0,4583301
ybaY_predicted,0.1,9,9,AGCCAATAACATCATTCTCG,0,4554616
ybaY_predicted,0.1,9,9,AGCAGAGGCCGCGGGTGTAG,0,4545617
ybaY_predicted,0.1,9,9,AGCAGAAACAATCGGGGCCT,0,4587789
ybaY_predicted,0.1,9,9,AGCACTATCGTCACGGGAAC,0,4598908
ybaY_predicted,0.1,9,9,AGACGCGAGGCCGGATTGGG,0,4581244
ybaY_predicted,0.1,9,9,AGACGAAGCGAGCCAGTTTA,0,4578219
ybaY_predicted,0.1,9,9,AGACCTAGATTTTACGCAAC,0,4575267
ybaY_predicted,0.1,9,9,AGACATGAAAGTACGGAAGA,0,4598297
ybaY_predicted,0.1,9,9,AGACACAGGTGGGAACTACT,0,4549558
ybaY_predicted,0.1,9,9,ACTTTAGTGATCGCCGAGGT,0,4559652
ybaY_predicted,0.1,9,9,ACTTCGTCCTTTGCTATATG,0,4553776
ybaY_predicted,0.1,9,9,ACTTCCCGGTTTGTAAGGCT,0,4549794
ybaY_predicted,0.1,9,9,ACTTACTGCTCTTGCGACGT,0,4549736
ybaY_predicted,0.1,9,9,ACTGGCACTATTACGTGAGG,0,4577790
ybaY_predicted,0.1,9,9,ACTGATCTCTCCCTGGCACA,0,4594450
ybaY_predicted,0.1,9,9,ACTATCTCGGCTCCACTCTT,0,4570806
ybaY_predicted,0.1,9,9,ACGTACACAGCAATTGAGTT,0,4558263
ybaY_predicted,0.1,9,9,ACGGTTCCATATCTGACACG,0,4568095
ybaY_predicted,0.1,9,9,ACGGCTTAGGACGCGCCTTC,0,4549826
ybaY_predicted,0.1,9,9,ACGCCGTCCCATTCAACATT,0,4572681
ybaY_predicted,0.1,9,9,ACGCCCGCCTCTGTCGAGTG,0,4566909
ybaY_predicted,0.1,9,9,ACGCCATCTATTCTCTCGTT,0,4593593
ybaY_predicted,0.1,9,9,ACGCACTTTAGGACCAGTGC,0,4549083
ybaY_predicted,0.1,9,9,ACGACGACTGATTGTACGAG,0,4595587
ybaY_predicted,0.1,9,9,ACCTAGATTTACGGCTGTAT,0,4591385
ybaY_predicted,0.1,9,9,ACCGTTCCCGCATCGGATAA,0,4586097
ybaY_predicted,0.1,9,9,ACCCTGGAATATAGTGTATT,0,4580038
ybaY_predicted,0.1,9,9,ACCAATTCACAGGCAAGTGG,0,4555477
ybaY_predicted,0.1,9,9,ACCAATAGCTACAGCACCAT,0,4586856
ybaY_predicted,0.1,9,9,ACATCTACCTGCAAATACCT,0,4581170
ybaY_predicted,0.1,9,9,ACATCGGCCCGCGGTGGGTC,0,4553772
ybaY_predicted,0.1,9,9,ACAGAGTTTGCTGCCGGTGA,0,4577783
ybaY_predicted,0.1,9,9,ACAGAAATGGTTAGCAAGAA,0,4562615
ybaY_predicted,0.1,9,9,ACACCTGAGGACGGATTACA,0,4559150
ybaY_predicted,0.1,9,9,ACACAGATTTAATCCTGTCT,0,4582921
ybaY_predicted,0.1,9,9,ACACACATAAACGTAAACTA,0,4600202
ybaY_predicted,0.1,9,9,ACAATAACTTGATCTCGGGG,0,4580718
ybaY_predicted,0.1,9,9,AATTTCGTACTGTAGGACTT,0,4572853
ybaY_predicted,0.1,9,9,AATGGTCGGTCGTGCGAATC,0,4553578
ybaY_predicted,0.1,9,9,AATGGAAGATGGCCGCACGT,0,4573106
ybaY_predicted,0.1,9,9,AATGCGTACACCTGTTAAAT,0,4585051
ybaY_predicted,0.1,9,9,AATAGGAGCACGGAACTACG,0,4588309
ybaY_predicted,0.1,9,9,AAGTATGAGTCGAAGATGTG,0,4567162
ybaY_predicted,0.1,9,9,AAGCTTGGAGTTTAGGCAGA,0,4565103
ybaY_predicted,0.1,9,9,AAGCCACACAGTTGCAGGGG,0,4562817
ybaY_predicted,0.1,9,9,AAGCAACAGCATGTTTAAAT,0,4564750
ybaY_predicted,0.1,9,9,AAGATTATTAACTGGTAGTA,0,4578125
ybaY_predicted,0.1,9,9,AAGAATAAACGAGGTGTCCT,0,4585024
ybaY_predicted,0.1,9,9,AACTGGGTTCCGAGTGGTTC,0,4547523
ybaY_predicted,0.1,9,9,AACTCTATGACATTTATAGG,0,4570420
ybaY_predicted,0.1,9,9,AACGTTACGTTCCGGGTCTG,0,4562094
ybaY_predicted,0.1,9,9,AACGCCGAAGAGGCGGAGAA,0,4575078
ybaY_predicted,0.1,9,9,AACCCTGCCATAAGTGTTCC,0,4598789
ybaY_predicted,0.1,9,9,AACCCGGGATTGGTCACGGA,0,4570484
ybaY_predicted,0.1,9,9,AACACATGTGAGAAGGGGAA,0,4546844
ybaY_predicted,0.1,9,9,AACAACTCCTCATAGTCCAG,0,4591799
ybaY_predicted,0.1,9,9,AACAAAGGCTCTCCTACTTC,0,4547061
ybaY_predicted,0.1,9,9,AACAAACTAATGTTAAGTCA,0,4589185
ybaY_predicted,0.1,9,9,AAATGGGCCAGTTCTCGTTT,0,4574868
ybaY_predicted,0.1,9,9,AAATCGGCTGTATTGATTTC,0,4594043
ybaY_predicted,0.1,9,9,AAAGGCTGTTCAGTCGATAG,0,4546546
ybaY_predicted,0.1,9,9,AAAGATCACGAGCTGAAGAA,0,4563378
ybaY_predicted,0.1,9,9,AAACAAGTTGGATTCGCGCA,0,4593821
ybaY_predicted,0.1,9,9,AAAACGCTGCGTGACCAACT,0,4575940
ybaY_predicted,0.1,9,9,AAAAACCAACCGAAGTCGGA,0,4548756
ybaY_predicted,0.1111111111111111,8,8,TTTTGGTCTGCTCTTTAGGA,0,4565070
ybaY_predicted,0.1111111111111111,8,8,TTTTGAGCTACAATCCAAGA,0,4592139
ybaY_predicted,0.1111111111111111,8,8,TTTGGTGTGGCAGACAACGA,0,4561920
ybaY_predicted,0.1111111111111111,8,8,TTTCGGTGTCGCATAGCGGT,0,4568342
ybaY_predicted,0.1111111111111111,8,8,TTTATCCTCGAGAAATCATA,0,4584965
ybaY_predicted,0.1111111111111111,8,8,TTGTGATGCTCAGCCAAATG,0,4552656
ybaY_predicted,0.1111111111111111,8,8,TTGTACCCCCCCTGTCCTAG,0,4589916
ybaY_predicted,0.1111111111111111,8,8,TTGGTGCCTAGTTTATCGCG,0,4562812
ybaY_predicted,0.1111111111111111,8,8,TTGGTCTCTAACTGAGGACT,0,4550459
ybaY_predicted,0.1111111111111111,8,8,TTGGGATCTAGAAGCCATCT,0,4581341
ybaY_predicted,0.1111111111111111,8,8,TTGGATGTTATACCAACTGT,0,4597437
ybaY_predicted,0.1111111111111111,8,8,TTGCGTGCGCGGATGATGCG,0,4575283
ybaY_predicted,0.1111111111111111,8,8,TTGAGTTCACTCCCATCCAC,0,4558982
ybaY_predicted,0.1111111111111111,8,8,TTGAAAACGGTCCACTTCAG,0,4565759
ybaY_predicted,0.1111111111111111,8,8,TTCTGGTCGAACCGCTTCTT,0,4581798
ybaY_predicted,0.1111111111111111,8,8,TTCTGATCACTAAGAATTTA,0,4599653
ybaY_predicted,0.1111111111111111,8,8,TTCTGAGACGCATCCGGTGA,0,4575984
ybaY_predicted,0.1111111111111111,8,8,TTCTCATCAGGTAGCACCGA,0,4571934
ybaY_predicted,0.1111111111111111,8,8,TTCGATCAGTCTAATGACCC,0,4582572
ybaY_predicted,0.1111111111111111,8,8,TTCCTGTTACGCTGGGTCTC,0,4583419
ybaY_predicted,0.1111111111111111,8,8,TTCCCTTACTGTCGGTACTC,0,4575146
ybaY_predicted,0.1111111111111111,8,8,TTCCAGCATTCTTCGTGGGT,0,4568667
ybaY_predicted,0.1111111111111111,8,8,TTCCAATTCCAAATTACTGA,0,4596312
ybaY_predicted,0.1111111111111111,8,8,TTCAGGCCAGTGTAGTGTAT,0,4548352
ybaY_predicted,0.1111111111111111,8,8,TTCAGAGTGTTACACAATTG,0,4595509
ybaY_predicted,0.1111111111111111,8,8,TTCAATCTCCATGTTCAACT,0,4545229
ybaY_predicted,0.1111111111111111,8,8,TTAGTCAGAGGTTGAACGTA,0,4576647
ybaY_predicted,0.1111111111111111,8,8,TTAGGGCGCTGTAACCATCC,0,4560816
ybaY_predicted,0.1111111111111111,8,8,TTAGCCGGTTTGGTACTCAA,0,4556429
ybaY_predicted,0.1111111111111111,8,8,TTACGTGCAGATGGAATACA,0,4567450
ybaY_predicted,0.1111111111111111,8,8,TTACGTAACCATTTCTGTGG,0,4551281
ybaY_predicted,0.1111111111111111,8,8,TTAATGTGTATTATTACGTG,0,4556138
ybaY_predicted,0.1111111111111111,8,8,TTAAGGGTCCAAGGTGTGTT,0,4577057
ybaY_predicted,0.1111111111111111,8,8,TTAAGCCTAGCGTTCGCGTG,0,4589306
ybaY_predicted,0.1111111111111111,8,8,TTAAATAATCCCACTGATAT,0,4563382
ybaY_predicted,0.1111111111111111,8,8,TGTTGTGTTCAGAGTCAGAC,0,4553249
ybaY_predicted,0.1111111111111111,8,8,TGTTCGGATGGTGCAAATCA,0,4564603
ybaY_predicted,0.1111111111111111,8,8,TGTGTTTGATTCAAGGGGGG,0,4575388
ybaY_predicted,0.1111111111111111,8,8,TGTGTCAACGGGTTCCTCGG,0,4582766
ybaY_predicted,0.1111111111111111,8,8,TGTGTATTTAATATGGGAGA,0,4561025
ybaY_predicted,0.1111111111111111,8,8,TGTGGTGCCAATGGTGGTCC,0,4556907
ybaY_predicted,0.1111111111111111,8,8,TGTGGCAACCGTAAAATGGC,0,4579482
ybaY_predicted,0.1111111111111111,8,8,TGTGGACGTTTGACCCTGGA,0,4598117
ybaY_predicted,0.1111111111111111,8,8,TGTGATGTCCTCAGAGTTGG,0,4544494
ybaY_predicted,0.1111111111111111,8,8,TGTCTTCTAGGCTTCGCCGT,0,4564873
ybaY_predicted,0.1111111111111111,8,8,TGTCCATCAAGGCCCGAGAC,0,4564530
ybaY_predicted,0.1111111111111111,8,8,TGTAGTAATTACCACCCCAT,0,4586494
ybaY_predicted,0.1111111111111111,8,8,TGTACAACGTGATTCGTTAA,0,4576093
ybaY_predicted,0.1111111111111111,8,8,TGGTTCTCTATATAAGGGAT,0,4586486
ybaY_predicted,0.1111111111111111,8,8,TGGTAGAGCATGGGCAATGT,0,4586485
ybaY_predicted,0.1111111111111111,8,8,TGGTAAGTTGCCCGGGGGAT,0,4580493
ybaY_predicted,0.1111111111111111,8,8,TGGGTCTCAGTCTACAGATA,0,4560298
ybaY_predicted,0.1111111111111111,8,8,TGGGGCATCATCCCGGTCTC,0,4572198
ybaY_predicted,0.1111111111111111,8,8,TGGGCAACTTGGTAGTGTAC,0,4561855
ybaY_predicted,0.1111111111111111,8,8,TGGGATTGGTAGCTGAAATC,0,4551710
ybaY_predicted,0.1111111111111111,8,8,TGGCCGCCGAATCAGCCAGC,0,4566350
ybaY_predicted,0.1111111111111111,8,8,TGGCAGGAAGCGTGCTTCTA,0,4585096
ybaY_predicted,0.1111111111111111,8,8,TGGAGAGGCCCAACTTCGTC,0,4576395
ybaY_predicted,0.1111111111111111,8,8,TGCTGTGGTCGTATTGACAC,0,4556101
ybaY_predicted,0.1111111111111111,8,8,TGCTCTCTGAGGTGTGGGCT,0,4554062
ybaY_predicted,0.1111111111111111,8,8,TGCTCACAGGGCCAAGGGCG,0,4550743
ybaY_predicted,0.1111111111111111,8,8,TGCTACGATATGTAAGCTGC,0,4594744
ybaY_predicted,0.1111111111111111,8,8,TGCGTAGCTGGGTTTGAACG,0,4558396
ybaY_predicted,0.1111111111111111,8,8,TGCCTCAACGCCTTAGGAGG,0,4583056
ybaY_predicted,0.1111111111111111,8,8,TGCCGTGTCGCCACGGATCA,0,4583770
ybaY_predicted,0.1111111111111111,8,8,TGCCGGTGTTGTTGTGTACT,0,4568977
ybaY_predicted,0.1111111111111111,8,8,TGCATTTCAGGCTCCAAAGA,0,4574746
ybaY_predicted,0.1111111111111111,8,8,TGCATGGCCGCCGCAAGGAT,0,4596942
ybaY_predicted,0.1111111111111111,8,8,TGCAGTAGTGTGACTGGGAG,0,4575859
ybaY_predicted,0.1111111111111111,8,8,TGAGTCGCTCTCCGCCGTTG,0,4563144
ybaY_predicted,0.1111111111111111,8,8,TGAGAGTCAGAAGAGGACTA,0,4573511
ybaY_predicted,0.1111111111111111,8,8,TGACTCAGTCTATTGTCGAA,0,4592227
ybaY_predicted,0.1111111111111111,8,8,TGACGTGGTGTATGTCCACT,0,4598343
ybaY_predicted,0.1111111111111111,8,8,TGACACGTGCTTCTCTTATG,0,4595668
ybaY_predicted,0.1111111111111111,8,8,TGAATACAGCTCGTGTCCCT,0,4557337
ybaY_predicted,0.1111111111111111,8,8,TCTGGTGTTCGAGATTCTTC,0,4570525
ybaY_predicted,0.1111111111111111,8,8,TCTCTGGCCCGCAAGATACG,0,4584708
ybaY_predicted,0.1111111111111111,8,8,TCTCGGATCGAGAGTCCGCG,0,4583508
ybaY_predicted,0.1111111111111111,8,8,TCTCGGATACAAACTGGGGT,0,4561626
ybaY_predicted,0.1111111111111111,8,8,TCTCACTATTTATTGACGCT,0,4553990
ybaY_predicted,0.1111111111111111,8,8,TCTCAACGAGCGCTCACTCA,0,4573792
ybaY_predicted,0.1111111111111111,8,8,TCTACATTATCGCGTATGCC,0,4544862
ybaY_predicted,0.1111111111111111,8,8,TCTAATGGGGAGCCGATTTC,0,4566561
ybaY_predicted,0.1111111111111111,8,8,TCGTCAACTTAATCTTTTCC,0,4567080
ybaY_predicted,0.1111111111111111,8,8,TCGTAGTTTGGTCGGATGTA,0,4577530
ybaY_predicted,0.1111111111111111,8,8,TCGTACTCCCACTGGGACTG,0,4573182
ybaY_predicted,0.1111111111111111,8,8,TCGCTCAACAGGTTCTAGCC,0,4582172
ybaY_predicted,0.1111111111111111,8,8,TCGCCTAGTGAAATCGAGTA,0,4559958
ybaY_predicted,0.1111111111111111,8,8,TCGCCGGCTCCCAATCATAT,0,4600264
ybaY_predicted,0.1111111111111111,8,8,TCGATGCGCTGGTAATTTGA,0,4591070
ybaY_predicted,0.1111111111111111,8,8,TCCGTAAGTTGATCACGCCC,0,4552541
ybaY_predicted,0.1111111111111111,8,8,TCCGGGACCCCGACCTTCCC,0,4576579
ybaY_predicted,0.1111111111111111,8,8,TCCCAATGAATGAATGCCTT,0,4561210
ybaY_predicted,0.1111111111111111,8,8,TCCAGTTGATTGGCGTAGGA,0,4557508
ybaY_predicted,0.1111111111111111,8,8,TCCACCTCCTTCGGTAGAGG,0,4585765
ybaY_predicted,0.1111111111111111,8,8,TCACGCGTGATTGGCTTTGG,0,4581120
ybaY_predicted,0.1111111111111111,8,8,TCAATACGTACGTAATGAGT,0,4572442
ybaY_predicted,0.1111111111111111,8,8,TATTGACCAGGGAAAAGACT,0,4557051
ybaY_predicted,0.1111111111111111,8,8,TATTCTTGTGTTCGGAAGTT,0,4549913
ybaY_predicted,0.1111111111111111,8,8,TATTATATTTATTCTACACT,0,4551985
ybaY_predicted,0.1111111111111111,8,8,TATTAAGACTGAGTATTATT,0,4570863
ybaY_predicted,0.1111111111111111,8,8,TATGACGAGTTGGCGGTAAC,0,4585732
ybaY_predicted,0.1111111111111111,8,8,TATGAAAGCCCAACTTTAGT,0,4586259
ybaY_predicted,0.1111111111111111,8,8,TATCTATCTGGCGCAATGTT,0,4556046
ybaY_predicted,0.1111111111111111,8,8,TATCTACGGCCCGAACGCTC,0,4586640
ybaY_predicted,0.1111111111111111,8,8,TATCAGCGGGCTTGTTCGGG,0,4547791
ybaY_predicted,0.1111111111111111,8,8,TATAGTTCCGTCTTCACAAA,0,4566494
ybaY_predicted,0.1111111111111111,8,8,TAGGGTACGCTTCTCGCGGA,0,4553528
ybaY_predicted,0.1111111111111111,8,8,TAGGCGATTTAGGAGCTTCG,0,4544552
ybaY_predicted,0.1111111111111111,8,8,TAGCCCTTTCAAGCAATCAC,0,4585775
ybaY_predicted,0.1111111111111111,8,8,TAGATTAATAGGCATATGCC,0,4553022
ybaY_predicted,0.1111111111111111,8,8,TACTTTTTTAGCAGTTGTCC,0,4597196
ybaY_predicted,0.1111111111111111,8,8,TACTGGCTATAAACCACCAC,0,4581372
ybaY_predicted,0.1111111111111111,8,8,TACTGCACCCCCAACAGGAT,0,4575128
ybaY_predicted,0.1111111111111111,8,8,TACTCTTATACGCTTGTCAG,0,4553014
ybaY_predicted,0.1111111111111111,8,8,TACGAGGGCGAACTTGCCTT,0,4588187
ybaY_predicted,0.1111111111111111,8,8,TACCCGGGCAAACCCATCGG,0,4588607
ybaY_predicted,0.1111111111111111,8,8,TACCCGCGGAACGGAAGGGA,0,4584409
ybaY_predicted,0.1111111111111111,8,8,TACATTCCTGCAAACTATGT,0,4550672
ybaY_predicted,0.1111111111111111,8,8,TACAGTGCGAATTAATCCTA,0,4588965
ybaY_predicted,0.1111111111111111,8,8,TACAGGCCAAATGACGTGTA,0,4583729
ybaY_predicted,0.1111111111111111,8,8,TACAAGGTTGGGCGAATTAC,0,4586926
ybaY_predicted,0.1111111111111111,8,8,TAATGGTTGTGGGAAATACT,0,4576454
ybaY_predicted,0.1111111111111111,8,8,TAAGAGCGGGCCTTCGACAC,0,4555976
ybaY_predicted,0.1111111111111111,8,8,TAAGACACTAGCTCCCAGAT,0,4544437
ybaY_predicted,0.1111111111111111,8,8,TAACTCTCCTAAACTTTTAT,0,4579923
ybaY_predicted,0.1111111111111111,8,8,TAACTATCCCTATGCCGAAG,0,4563779
ybaY_predicted,0.1111111111111111,8,8,TAACAGATTTCACGCTGGCT,0,4550292
ybaY_predicted,0.1111111111111111,8,8,TAAAGTAGGAGGCGTATCTG,0,4564820
ybaY_predicted,0.1111111111111111,8,8,TAAAGCTGTTCGCCACCAGT,0,4579025
ybaY_predicted,0.1111111111111111,8,8,TAAAGCACGGTAAGGCAGCG,0,4568550
ybaY_predicted,0.1111111111111111,8,8,GTTTTTATAATATTTAGATT,0,4579582
ybaY_predicted,0.1111111111111111,8,8,GTTTTGAGCCTAAGTCAACA,0,4557821
ybaY_predicted,0.1111111111111111,8,8,GTTTGCGGGAAAGAGAATGT,0,4597284
ybaY_predicted,0.1111111111111111,8,8,GTTTGATGGCTTAGCATTCT,0,4594293
ybaY_predicted,0.1111111111111111,8,8,GTTTCCACTGAGGCTGTTTA,0,4554916
ybaY_predicted,0.1111111111111111,8,8,GTTTCACCTAAGACAGTCTA,0,4598414
ybaY_predicted,0.1111111111111111,8,8,GTTGTGTGACTGTATTTAAG,0,4564152
ybaY_predicted,0.1111111111111111,8,8,GTTGTCTAAGCGTACGTTGG,0,4563678
ybaY_predicted,0.1111111111111111,8,8,GTTGGCATTGATTTGCTAGA,0,4562231
ybaY_predicted,0.1111111111111111,8,8,GTTGATCAGAGGTTGTACGT,0,4560754
ybaY_predicted,0.1111111111111111,8,8,GTTCTAGTAAACGGGCTCGC,0,4574335
ybaY_predicted,0.1111111111111111,8,8,GTTCGGGGCTTACGGTATCA,0,4562560
ybaY_predicted,0.1111111111111111,8,8,GTTCGATAGACGAGGAAGTT,0,4546004
ybaY_predicted,0.1111111111111111,8,8,GTTCAGGTGGTCAGCCGCTG,0,4571042
ybaY_predicted,0.1111111111111111,8,8,GTTACCGCGTGCAGGCTAGC,0,4554848
ybaY_predicted,0.1111111111111111,8,8,GTGTCGTAATATAAAGGTGT,0,4551933
ybaY_predicted,0.1111111111111111,8,8,GTGCGCGGCGGAGCGCATCC,0,4577126
ybaY_predicted,0.1111111111111111,8,8,GTGATCAGGTTACTTACGGC,0,4550028
ybaY_predicted,0.1111111111111111,8,8,GTCTGGGTCCGCAACGAACG,0,4557226
ybaY_predicted,0.1111111111111111,8,8,GTCTGCATTCAATCTTGATT,0,4555530
ybaY_predicted,0.1111111111111111,8,8,GTCTCCTAGTAGCGAAGGAT,0,4583905
ybaY_predicted,0.1111111111111111,8,8,GTCTCAGCATCAAGAATCCT,0,4572925
ybaY_predicted,0.1111111111111111,8,8,GTCGTGAGCATAATGACGCG,0,4582707
ybaY_predicted,0.1111111111111111,8,8,GTCGGGTACAGATAACCAGA,0,4549380
ybaY_predicted,0.1111111111111111,8,8,GTCGGCCTTAGCATGCCAAT,0,4574976
ybaY_predicted,0.1111111111111111,8,8,GTCGGAGCCGACCCCCGTTA,0,4592599
ybaY_predicted,0.1111111111111111,8,8,GTCCGGGCGATGGCGAGTCG,0,4587401
ybaY_predicted,0.1111111111111111,8,8,GTCCCTGGTAATAGGAGTGT,0,4587234
ybaY_predicted,0.1111111111111111,8,8,GTCCCGAACTGTCGAGGACT,0,4547132
ybaY_predicted,0.1111111111111111,8,8,GTCCAAGTCGGCATGTAAGT,0,4580442
ybaY_predicted,0.1111111111111111,8,8,GTCATAACGTCTGGTGGGTC,0,4596671
ybaY_predicted,0.1111111111111111,8,8,GTCAGACCCAGTTATAGCGG,0,4585317
ybaY_predicted,0.1111111111111111,8,8,GTCACCAGGGTTACAAAACT,0,4586296
ybaY_predicted,0.1111111111111111,8,8,GTATCGCTAGTCTCTCATGC,0,4583066
ybaY_predicted,0.1111111111111111,8,8,GTATATCCTCCGTATCGTGC,0,4586059
ybaY_predicted,0.1111111111111111,8,8,GTAGTTTTTTCCCTTTTCTT,0,4550913
ybaY_predicted,0.1111111111111111,8,8,GTAGCTTTGATGGTTATGAC,0,4547252
ybaY_predicted,0.1111111111111111,8,8,GTACTCTGCATCCAACTTCT,0,4551678
ybaY_predicted,0.1111111111111111,8,8,GTACTCGGTCCGCGAGCACA,0,4599370
ybaY_predicted,0.1111111111111111,8,8,GTACAAGGGGCGAAAGTGCG,0,4554686
ybaY_predicted,0.1111111111111111,8,8,GTAAAAACCAGTGTTTGGGT,0,4546854
ybaY_predicted,0.1111111111111111,8,8,GGTTTATTTGTTCGCTTGAT,0,4592883
ybaY_predicted,0.1111111111111111,8,8,GGTTTAGAAATTACTTCCGA,0,4565038
ybaY_predicted,0.1111111111111111,8,8,GGTTCGAATGTCTCGCGTAT,0,4595979
ybaY_predicted,0.1111111111111111,8,8,GGTTCATTCCGGACACACGC,0,4566440
ybaY_predicted,0.1111111111111111,8,8,GGTGGTAGTCTACGCCTAAG,0,4573149
ybaY_predicted,0.1111111111111111,8,8,GGTGCACAAAGGGCGTATTT,0,4593354
ybaY_predicted,0.1111111111111111,8,8,GGTGACCGATCTAGACTTTG,0,4568599
ybaY_predicted,0.1111111111111111,8,8,GGTCCATATGAGCCCCTAGT,0,4549894
ybaY_predicted,0.1111111111111111,8,8,GGTCACGTCCTCCGTTCCAC,0,4587395
ybaY_predicted,0.1111111111111111,8,8,GGTACCATTCAGCATGAGAA,0,4557236
ybaY_predicted,0.1111111111111111,8,8,GGGTTTTGTGGGCTCTAAAT,0,4551144
ybaY_predicted,0.1111111111111111,8,8,GGGTTTCGAGGGCCGTATAT,0,4567724
ybaY_predicted,0.1111111111111111,8,8,GGGTTGGTAATAGCGATTCA,0,4597363
ybaY_predicted,0.1111111111111111,8,8,GGGTACTCTGCACATGGCTG,0,4589620
ybaY_predicted,0.1111111111111111,8,8,GGGTACAACTCTCATAGGCC,0,4548252
ybaY_predicted,0.1111111111111111,8,8,GGGGGATCAAGGGGTCAGGG,0,4591727
ybaY_predicted,0.1111111111111111,8,8,GGGCGTCGTGAACTTATTTC,0,4585921
ybaY_predicted,0.1111111111111111,8,8,GGGATTCCAGAAAACCAAAA,0,4554516
ybaY_predicted,0.1111111111111111,8,8,GGCTGAAACCTTAAGCCAGG,0,4585878
ybaY_predicted,0.1111111111111111,8,8,GGCTCAACATCTAGTTGACG,0,4563501
ybaY_predicted,0.1111111111111111,8,8,GGCGGGCCTTTGGCCAAGAC,0,4553240
ybaY_predicted,0.1111111111111111,8,8,GGCGGGCATTAATTGAGGTA,0,4564607
ybaY_predicted,0.1111111111111111,8,8,GGCGCTCTGATATGATGTGG,0,4586089
ybaY_predicted,0.1111111111111111,8,8,GGCGCGATCACCTACGTCTT,0,4567685
ybaY_predicted,0.1111111111111111,8,8,GGCGACCAGTTTTGACATAG,0,4589783
ybaY_predicted,0.1111111111111111,8,8,GGCCCTTTGCCCTTGTAGAC,0,4551409
ybaY_predicted,0.1111111111111111,8,8,GGCCATGGTGTTGGGGGTTG,0,4547370
ybaY_predicted,0.1111111111111111,8,8,GGCCAAATTACGTCCGTTAT,0,4565095
ybaY_predicted,0.1111111111111111,8,8,GGCAAGTCGGCCACTGGCCA,0,4585886
ybaY_predicted,0.1111111111111111,8,8,GGCAAGGTATTCCTCCTGTG,0,4559590
ybaY_predicted,0.1111111111111111,8,8,GGCAAAAAAATTCAGAAAGA,0,4595412
ybaY_predicted,0.1111111111111111,8,8,GGATCGACGTCGTCTATCAA,0,4571207
ybaY_predicted,0.1111111111111111,8,8,GGATCCAGCGCAATCAGCAT,0,4580382
ybaY_predicted,0.1111111111111111,8,8,GGAGTTTGTTGCGTTGGGTT,0,4585431
ybaY_predicted,0.1111111111111111,8,8,GGAGGATTGATTAGTATGTG,0,4594044
ybaY_predicted,0.1111111111111111,8,8,GGACTCAAAGTCTTGTACGT,0,4579478
ybaY_predicted,0.1111111111111111,8,8,GGACGCAGTATATAGCTAGT,0,4569852
ybaY_predicted,0.1111111111111111,8,8,GGACCGGGCGAAAACGAGTA,0,4552374
ybaY_predicted,0.1111111111111111,8,8,GGACCAACATGTCAGCCAAC,0,4576688
ybaY_predicted,0.1111111111111111,8,8,GGAAGCAGCCGACACTCGAT,0,4590538
ybaY_predicted,0.1111111111111111,8,8,GGAACTGCGGAGCGGGCTTA,0,4549235
ybaY_predicted,0.1111111111111111,8,8,GGAAACAGCATGGCGAAAGC,0,4550917
ybaY_predicted,0.1111111111111111,8,8,GCTTTATGATCATTTAACAC,0,4552884
ybaY_predicted,0.1111111111111111,8,8,GCTTATGTCCGCTAGGCAGT,0,4589187
ybaY_predicted,0.1111111111111111,8,8,GCTGTATTCTTTACCGTCAC,0,4585185
ybaY_predicted,0.1111111111111111,8,8,GCTGTAACCCGACGGAAGTT,0,4581182
ybaY_predicted,0.1111111111111111,8,8,GCTGGTATCACCGTGAGATA,0,4555183
ybaY_predicted,0.1111111111111111,8,8,GCTGAGGAGCTGTTTTAGTT,0,4564241
ybaY_predicted,0.1111111111111111,8,8,GCTCACTTCATGGGACGTTG,0,4596395
ybaY_predicted,0.1111111111111111,8,8,GCGGCATCCTGGACGAGAGC,0,4561965
ybaY_predicted,0.1111111111111111,8,8,GCGGATCTGGAGAACGCTAG,0,4574247
ybaY_predicted,0.1111111111111111,8,8,GCGCTTTCCAGCGACTCTGA,0,4599876
ybaY_predicted,0.1111111111111111,8,8,GCGCCCGATGCCGGAAGGCT,0,4559417
ybaY_predicted,0.1111111111111111,8,8,GCGCAGGCACAAATATGATT,0,4568316
ybaY_predicted,0.1111111111111111,8,8,GCGCACTTCGTCCCGGGGTG,0,4555981
ybaY_predicted,0.1111111111111111,8,8,GCGATATATTTTCTGCCATA,0,4554748
ybaY_predicted,0.1111111111111111,8,8,GCGAAGGCTTTAATCAGGAG,0,4570311
ybaY_predicted,0.1111111111111111,8,8,GCCTGTCATCCACTCAACGG,0,4550401
ybaY_predicted,0.1111111111111111,8,8,GCCTAAGCCCAGGGTGAAAA,0,4546678
ybaY_predicted,0.1111111111111111,8,8,GCCGGGGGAAACAATGTCGC,0,4549077
ybaY_predicted,0.1111111111111111,8,8,GCCGGCGAGAAATGGTCAAA,0,4550703
ybaY_predicted,0.1111111111111111,8,8,GCCGCCTTTTTCACCATGGG,0,4590539
ybaY_predicted,0.1111111111111111,8,8,GCCCTTACCCCTTTTTTGAT,0,4551141
ybaY_predicted,0.1111111111111111,8,8,GCCCCTTTCAGGCATTCGAC,0,4577253
ybaY_predicted,0.1111111111111111,8,8,GCCCATGAAGCCCCCCAAGA,0,4581910
ybaY_predicted,0.1111111111111111,8,8,GCCACGGGGGGTAAGCCGCG,0,4559109
ybaY_predicted,0.1111111111111111,8,8,GCCAATTTTGCAACGCACAC,0,4578237
ybaY_predicted,0.1111111111111111,8,8,GCCAATCCGGATAAGACAGC,0,4572910
ybaY_predicted,0.1111111111111111,8,8,GCAGTAGGTTAGGGACCTCC,0,4572653
ybaY_predicted,0.1111111111111111,8,8,GCACTCGGACAGTAAGGCCT,0,4597195
ybaY_predicted,0.1111111111111111,8,8,GCACCCTCAGCGACCACTCT,0,4585634
ybaY_predicted,0.1111111111111111,8,8,GCAACCCTCTTTATACGTGT,0,4554749
ybaY_predicted,0.1111111111111111,8,8,GCAAAATCGGCTTTACGAAC,0,4552313
ybaY_predicted,0.1111111111111111,8,8,GATTGGATCTGCACCTCACT,0,4544910
ybaY_predicted,0.1111111111111111,8,8,GATTACCGAGTCGTTACGTC,0,4567599
ybaY_predicted,0.1111111111111111,8,8,GATGTCCCGCACGCAGGCGG,0,4599070
ybaY_predicted,0.1111111111111111,8,8,GATCAGCAGTGTAGAGGATA,0,4554160
ybaY_predicted,0.1111111111111111,8,8,GATATGCCCGCTGGCAAATA,0,4582789
ybaY_predicted,0.1111111111111111,8,8,GATACCAAGTGGACTCGAAC,0,4580460
ybaY_predicted,0.1111111111111111,8,8,GATAAGTTATTCTCTCGACG,0,4576622
ybaY_predicted,0.1111111111111111,8,8,GAGTTAAAGAATATTTTGGT,0,4569276
ybaY_predicted,0.1111111111111111,8,8,GAGGTGTACGGTTGTGTAGG,0,4549723
ybaY_predicted,0.1111111111111111,8,8,GAGGGGTGTGGCCCTTTTGT,0,4597296
ybaY_predicted,0.1111111111111111,8,8,GAGGGGGAACAGAAGGAAGG,0,4548679
ybaY_predicted,0.1111111111111111,8,8,GAGGAATTTTGCCCGATTAC,0,4570023
ybaY_predicted,0.1111111111111111,8,8,GAGATGGTGTCTGGGCGCGG,0,4575086
ybaY_predicted,0.1111111111111111,8,8,GAGAACCTCAGTCGGATAAG,0,4569092
ybaY_predicted,0.1111111111111111,8,8,GAGAAATATGACGCAGCTCG,0,4598389
ybaY_predicted,0.1111111111111111,8,8,GACTTTGAGTTCTAGTAATG,0,4570422
ybaY_predicted,0.1111111111111111,8,8,GACGCATTGTTGGACCAGGA,0,4589875
ybaY_predicted,0.1111111111111111,8,8,GACGAGTGATGTGGCACGTG,0,4554732
ybaY_predicted,0.1111111111111111,8,8,GACCACGGGTCCCGACTGGC,0,4587128
ybaY_predicted,0.1111111111111111,8,8,GACACGTTTGGTCCCAACTG,0,4559600
ybaY_predicted,0.1111111111111111,8,8,GACAAGGGGTATCTCTCACG,0,4584662
ybaY_predicted,0.1111111111111111,8,8,GAATTCCTCGTTCTGCCCGA,0,4572767
ybaY_predicted,0.1111111111111111,8,8,GAATGCATCGGTCACTGACC,0,4575520
ybaY_predicted,0.1111111111111111,8,8,GAATGAAGATAAGAAACCGT,0,4562109
ybaY_predicted,0.1111111111111111,8,8,GAATCCGGCTCCATGCGGCG,0,4595529
ybaY_predicted,0.1111111111111111,8,8,GAAGGGCACTTCATGAGTGT,0,4552196
ybaY_predicted,0.1111111111111111,8,8,GAACCTCGTATGACGAGTAG,0,4573648
ybaY_predicted,0.1111111111111111,8,8,GAACATAGCGCGCTCATCAG,0,4589869
ybaY_predicted,0.1111111111111111,8,8,GAACAGAGACAAAAAACCCA,0,4600405
ybaY_predicted,0.1111111111111111,8,8,GAAATCTCGATATCCTAATG,0,4552543
ybaY_predicted,0.1111111111111111,8,8,GAAAAAGTGAGGGAGGTGAA,0,4553976
ybaY_predicted,0.1111111111111111,8,8,CTTTTCGCCCATGGATCATG,0,4583083
ybaY_predicted,0.1111111111111111,8,8,CTTTTATTGCTGAAGGGCTA,0,4567101
ybaY_predicted,0.1111111111111111,8,8,CTTTCTTACGGTACTCGTCG,0,4565880
ybaY_predicted,0.1111111111111111,8,8,CTTTAGGTAGTACCTATTCA,0,4578478
ybaY_predicted,0.1111111111111111,8,8,CTTTAATCGGAGAAATAAGG,0,4558846
ybaY_predicted,0.1111111111111111,8,8,CTTGAAAATGGAGCTTAAGA,0,4578135
ybaY_predicted,0.1111111111111111,8,8,CTTCTCTCCACGCCATTTGT,0,4570570
ybaY_predicted,0.1111111111111111,8,8,CTTCGATTTTATATTCTGAG,0,4591600
ybaY_predicted,0.1111111111111111,8,8,CTTCAAAAAGGCCGCACGTG,0,4572378
ybaY_predicted,0.1111111111111111,8,8,CTTACGCCTCACCAAGAGTA,0,4587656
ybaY_predicted,0.1111111111111111,8,8,CTGTGCTGAAAGCTTATGGA,0,4551280
ybaY_predicted,0.1111111111111111,8,8,CTGTACCTTCTGAGGAGTGC,0,4584233
ybaY_predicted,0.1111111111111111,8,8,CTGGTCCACTCTGGTGTCAG,0,4556244
ybaY_predicted,0.1111111111111111,8,8,CTGCGCCCAAAGGAATTTAA,0,4570209
ybaY_predicted,0.1111111111111111,8,8,CTGCCAACATACGACCATCG,0,4548289
ybaY_predicted,0.1111111111111111,8,8,CTGCATTTGCGGTTTCTGGA,0,4574948
ybaY_predicted,0.1111111111111111,8,8,CTGCACGGACTACCTCAGTG,0,4569690
ybaY_predicted,0.1111111111111111,8,8,CTGACACACTTGGACGTTGA,0,4579180
ybaY_predicted,0.1111111111111111,8,8,CTGAAGATTAGTCGGACAGA,0,4598625
ybaY_predicted,0.1111111111111111,8,8,CTCTCTTCCTAATGCAGCAA,0,4551950
ybaY_predicted,0.1111111111111111,8,8,CTCTAGGAAGAAGTGCAATA,0,4568825
ybaY_predicted,0.1111111111111111,8,8,CTCGTCCGTGGAGAGATAGC,0,4568204
ybaY_predicted,0.1111111111111111,8,8,CTCGGTTGGTCCTGTCGCCC,0,4598997
ybaY_predicted,0.1111111111111111,8,8,CTCGGTGGATAACTCATCCA,0,4592356
ybaY_predicted,0.1111111111111111,8,8,CTCGAGTACTAGGGGTTTTA,0,4570298
ybaY_predicted,0.1111111111111111,8,8,CTCCATATGGTGGCACAATG,0,4577387
ybaY_predicted,0.1111111111111111,8,8,CTCATTTCGTATATCGGTCA,0,4590933
ybaY_predicted,0.1111111111111111,8,8,CTCATGTCAGGCTCGATGGA,0,4549100
ybaY_predicted,0.1111111111111111,8,8,CTCACGATAGTTTTAACACA,0,4557606
ybaY_predicted,0.1111111111111111,8,8,CTCAAATGGGGTTGCTGTCA,0,4594106
ybaY_predicted,0.1111111111111111,8,8,CTATCTTTTTAGCCTACCGG,0,4579715
ybaY_predicted,0.1111111111111111,8,8,CTATCTTCTCCGGCGACTCA,0,4562794
ybaY_predicted,0.1111111111111111,8,8,CTATCACACAAGATCAACGC,0,4596791
ybaY_predicted,0.1111111111111111,8,8,CTAGGAGCGCCCGGTTAGGT,0,4558234
ybaY_predicted,0.1111111111111111,8,8,CTAAGCTAGCAATACTAGCG,0,4578230
ybaY_predicted,0.1111111111111111,8,8,CTAACTGGATGAACCGGCGA,0,4568015
ybaY_predicted,0.1111111111111111,8,8,CGTTTTCAAATCGGTTGGGT,0,4564312
ybaY_predicted,0.1111111111111111,8,8,CGTTCGACTATTCTTTCAAA,0,4596571
ybaY_predicted,0.1111111111111111,8,8,CGTGGCAGATCTGGTACCTT,0,4595721
ybaY_predicted,0.1111111111111111,8,8,CGTCGCCGGGCAAAATTTGA,0,4583695
ybaY_predicted,0.1111111111111111,8,8,CGTATTGGAGGCGGCACGAC,0,4574908
ybaY_predicted,0.1111111111111111,8,8,CGTATGTTGCTATCCGCTAA,0,4596934
ybaY_predicted,0.1111111111111111,8,8,CGTATCAATGGAGAGGAATA,0,4586484
ybaY_predicted,0.1111111111111111,8,8,CGTAGATAACCATTCGTAGG,0,4552308
ybaY_predicted,0.1111111111111111,8,8,CGTACGTGTAGAAGGGGAAG,0,4546065
ybaY_predicted,0.1111111111111111,8,8,CGTACCGCGGAATCATTTAA,0,4583723
ybaY_predicted,0.1111111111111111,8,8,CGTAAGAGCGTTAAGTGGCT,0,4599504
ybaY_predicted,0.1111111111111111,8,8,CGTAAAAGTATCGATCAGCT,0,4569681
ybaY_predicted,0.1111111111111111,8,8,CGGTTATGTTCTCCTCGATT,0,4571325
ybaY_predicted,0.1111111111111111,8,8,CGGTGGGCCGAAGTGACATG,0,4559887
ybaY_predicted,0.1111111111111111,8,8,CGGGCGGAATTCGCCCTTCC,0,4569449
ybaY_predicted,0.1111111111111111,8,8,CGGCTTCTAGGGTGTCAATT,0,4568662
ybaY_predicted,0.1111111111111111,8,8,CGGCAAATGGTACTCTCACA,0,4581332
ybaY_predicted,0.1111111111111111,8,8,CGGATGCCGGGCGAGAGGAT,0,4586021
ybaY_predicted,0.1111111111111111,8,8,CGGATATATGAGTCTATACT,0,4547780
ybaY_predicted,0.1111111111111111,8,8,CGGAGGATTTTAGGGGCGTC,0,4581538
ybaY_predicted,0.1111111111111111,8,8,CGGACTGAGACATGGGCGCG,0,4598751
ybaY_predicted,0.1111111111111111,8,8,CGCTCCAGACCCAGGGCACT,0,4576648
ybaY_predicted,0.1111111111111111,8,8,CGCGTTTCATCGGGTCGCTC,0,4557420
ybaY_predicted,0.1111111111111111,8,8,CGCGACTCGCACCCGCAGGT,0,4558190
ybaY_predicted,0.1111111111111111,8,8,CGCCTTTGTGCAACAGACAT,0,4570694
ybaY_predicted,0.1111111111111111,8,8,CGCCTTCGATGTACAATAAG,0,4577998
ybaY_predicted,0.1111111111111111,8,8,CGCCGGTCGGAACGGTGAAT,0,4599650
ybaY_predicted,0.1111111111111111,8,8,CGCAGTGAAACCACACAGGT,0,4595527
ybaY_predicted,0.1111111111111111,8,8,CGCAGGGTCATCACGGAGTG,0,4558464
ybaY_predicted,0.1111111111111111,8,8,CGCAGGCCTCATTCGTTGTT,0,4569345
ybaY_predicted,0.1111111111111111,8,8,CGCAAGTACGCACTACGAGC,0,4552095
ybaY_predicted,0.1111111111111111,8,8,CGATTCTCCAAAGAGAACGT,0,4599866
ybaY_predicted,0.1111111111111111,8,8,CGATGTTATGTCACAACGGG,0,4592157
ybaY_predicted,0.1111111111111111,8,8,CGAGGATGGTGTGGTTATCT,0,4556606
ybaY_predicted,0.1111111111111111,8,8,CGAGGAATCCTAGAGACGAT,0,4577245
ybaY_predicted,0.1111111111111111,8,8,CGAACGAGAGCGAGATTACC,0,4583581
ybaY_predicted,0.1111111111111111,8,8,CCTTGTGGAGCCTTACCGGA,0,4582269
ybaY_predicted,0.1111111111111111,8,8,CCTTACGAGTTTTGGACAGG,0,4546642
ybaY_predicted,0.1111111111111111,8,8,CCTGCGGTTGCGTATTTGTC,0,4562359
ybaY_predicted,0.1111111111111111,8,8,CCTGAGAGCATACGTATAAC,0,4563885
ybaY_predicted,0.1111111111111111,8,8,CCTCTGTCTACGCACCGCAG,0,4589583
ybaY_predicted,0.1111111111111111,8,8,CCTCATAGGTCTTCCCCCAT,0,4580745
ybaY_predicted,0.1111111111111111,8,8,CCTACTATGTACGCATCCTA,0,4591927
ybaY_predicted,0.1111111111111111,8,8,CCTAAGATAACCTCTGCCAG,0,4593332
ybaY_predicted,0.1111111111111111,8,8,CCGTTTGTATGCAACCGCCG,0,4553386
ybaY_predicted,0.1111111111111111,8,8,CCGTTTGGTGCTGTAATAGG,0,4545318
ybaY_predicted,0.1111111111111111,8,8,CCGTGCTAATTCATCAGCCT,0,4592643
ybaY_predicted,0.1111111111111111,8,8,CCGGTCCTCAAGGTCATCGG,0,4581168
ybaY_predicted,0.1111111111111111,8,8,CCGGTCATGGATAGGATAAC,0,4547248
ybaY_predicted,0.1111111111111111,8,8,CCGGTATGCTCTAGCTGCAG,0,4572074
ybaY_predicted,0.1111111111111111,8,8,CCGGCGGAAGACGCGCGGTA,0,4577172
ybaY_predicted,0.1111111111111111,8,8,CCGCTTAGTTTGACTGACAA,0,4597020
ybaY_predicted,0.1111111111111111,8,8,CCGCATGATCGTAATTAGTG,0,4561561
ybaY_predicted,0.1111111111111111,8,8,CCGCAGCGGGTAACGTGGTT,0,4580753
ybaY_predicted,0.1111111111111111,8,8,CCGAGATGACGAGCTCATTC,0,4599659
ybaY_predicted,0.1111111111111111,8,8,CCCTCTTGGTTAAGCATTCA,0,4549400
ybaY_predicted,0.1111111111111111,8,8,CCCGCAGGTAAACTCGAAGA,0,4600266
ybaY_predicted,0.1111111111111111,8,8,CCCGCAACGATTCAGAAACG,0,4551237
ybaY_predicted,0.1111111111111111,8,8,CCCCTGGTTTCAAGGGCCTT,0,4588119
ybaY_predicted,0.1111111111111111,8,8,CCCCTGGGCGTAGCTTGCGA,0,4550614
ybaY_predicted,0.1111111111111111,8,8,CCCCACGGTATGGATTTCAC,0,4563072
ybaY_predicted,0.1111111111111111,8,8,CCCATAGGACGTGGTTTGTC,0,4578567
ybaY_predicted,0.1111111111111111,8,8,CCCAATCCGTGACAAAACGC,0,4588723
ybaY_predicted,0.1111111111111111,8,8,CCAGGGTTACCACTCTGTTA,0,4599298
ybaY_predicted,0.1111111111111111,8,8,CCAGACTTTACCAACCCTTA,0,4597528
ybaY_predicted,0.1111111111111111,8,8,CCAGAACTGACGACCGCAAA,0,4590168
ybaY_predicted,0.1111111111111111,8,8,CCAGAAACGTTGCTCGATAG,0,4599411
ybaY_predicted,0.1111111111111111,8,8,CCACATTCACCAGGCGCGCA,0,4597588
ybaY_predicted,0.1111111111111111,8,8,CCAAGCGTGGTGAACAGGAT,0,4572987
ybaY_predicted,0.1111111111111111,8,8,CATTTGAGGGATACAGGTCA,0,4576253
ybaY_predicted,0.1111111111111111,8,8,CATTTCTGTCTGATTTGTCT,0,4600117
ybaY_predicted,0.1111111111111111,8,8,CATTTCGGTGCGAGGCCCTC,0,4557586
ybaY_predicted,0.1111111111111111,8,8,CATTGGTTCTGGCGCCCAAA,0,4562644
ybaY_predicted,0.1111111111111111,8,8,CATGGGCTTAATGTCCAGAG,0,4549303
ybaY_predicted,0.1111111111111111,8,8,CATGAGCTTAACGCGAATCA,0,4573845
ybaY_predicted,0.1111111111111111,8,8,CATGACTCGGCCTTACCGAC,0,4570369
ybaY_predicted,0.1111111111111111,8,8,CATCCAGGCATGATAGTAGT,0,4560162
ybaY_predicted,0.1111111111111111,8,8,CATCATACAGAAAGACCAGT,0,4595772
ybaY_predicted,0.1111111111111111,8,8,CATACAAACAAATCCTGAAC,0,4588814
ybaY_predicted,0.1111111111111111,8,8,CAGGTCCGTCAACCTTAGAA,0,4598955
ybaY_predicted,0.1111111111111111,8,8,CAGGTAGTAGTCTCCAGAGA,0,4585004
ybaY_predicted,0.1111111111111111,8,8,CAGGCTTCCTCTCTTTCTGT,0,4552740
ybaY_predicted,0.1111111111111111,8,8,CAGCCCGCCTCGCATTCGGT,0,4578268
ybaY_predicted,0.1111111111111111,8,8,CAGCCAAGCCTATACGGATG,0,4544722
ybaY_predicted,0.1111111111111111,8,8,CAGCATATATAACGAACACC,0,4578266
ybaY_predicted,0.1111111111111111,8,8,CAGCAGTCAATGTGTTTCTC,0,4599219
ybaY_predicted,0.1111111111111111,8,8,CAGAGGATCGTTGTGATCGT,0,4547805
ybaY_predicted,0.1111111111111111,8,8,CAGAACATCCCGTTTGTGTT,0,4548458
ybaY_predicted,0.1111111111111111,8,8,CACTTAGGTGGGTCCCCCGT,0,4580105
ybaY_predicted,0.1111111111111111,8,8,CACTCCTACTTGCTGTTGGA,0,4550836
ybaY_predicted,0.1111111111111111,8,8,CACGTATGTCTCCGCCATAT,0,4572843
ybaY_predicted,0.1111111111111111,8,8,CACCTGCCATAAATCCTTTG,0,4588060
ybaY_predicted,0.1111111111111111,8,8,CACATTACGCTGGGCGGTCG,0,4600429
ybaY_predicted,0.1111111111111111,8,8,CACATGCACTTCTCTTCGTA,0,4581059
ybaY_predicted,0.1111111111111111,8,8,CACAGGCTCTAATGAACCTG,0,4577510
ybaY_predicted,0.1111111111111111,8,8,CACAGCTGTAGCGTATCGAC,0,4562088
ybaY_predicted,0.1111111111111111,8,8,CACACTGGCTCCATGTTTTC,0,4556511
ybaY_predicted,0.1111111111111111,8,8,CACAAAGCGCAGTAAGAAGA,0,4598832
ybaY_predicted,0.1111111111111111,8,8,CAAGTGGCGCCGGGCGCCTT,0,4555375
ybaY_predicted,0.1111111111111111,8,8,CAACCTACACAGCTCGTAGT,0,4592984
ybaY_predicted,0.1111111111111111,8,8,CAAATAGAGTTGGCCTTGCT,0,4589816
ybaY_predicted,0.1111111111111111,8,8,CAAAGCCTCAAATGATGTGA,0,4594689
ybaY_predicted,0.1111111111111111,8,8,CAAAGCCCGCCGAGGTGAGT,0,4555758
ybaY_predicted,0.1111111111111111,8,8,CAAACTCGATGGGCTGCATG,0,4559165
ybaY_predicted,0.1111111111111111,8,8,CAAAAGCATGTTTACCTGCA,0,4582379
ybaY_predicted,0.1111111111111111,8,8,ATTTCAATGGCGGGAATAGA,0,4547278
ybaY_predicted,0.1111111111111111,8,8,ATTGCCCGTGTATCGTTAAT,0,4585479
ybaY_predicted,0.1111111111111111,8,8,ATTCTCCCGGCAAGGCTACG,0,4573120
ybaY_predicted,0.1111111111111111,8,8,ATTAGTCGAAAGCGGCTTAC,0,4559214
ybaY_predicted,0.1111111111111111,8,8,ATGTTTGTACCGCAATTAGA,0,4553845
ybaY_predicted,0.1111111111111111,8,8,ATGTTCGAGTTATAAACTAG,0,4590743
ybaY_predicted,0.1111111111111111,8,8,ATGTGCAATCTAAGTGATCT,0,4557422
ybaY_predicted,0.1111111111111111,8,8,ATGCGATTCGATGCTGGCAA,0,4573510
ybaY_predicted,0.1111111111111111,8,8,ATGCATGAATCGGGGGAGTT,0,4596923
ybaY_predicted,0.1111111111111111,8,8,ATGCAGCGTAGTTTGGGCCT,0,4577909
ybaY_predicted,0.1111111111111111,8,8,ATCTGGCAATCGCTTTGCTC,0,4554605
ybaY_predicted,0.1111111111111111,8,8,ATCTGCTTCAGGCGTTCCGG,0,4595445
ybaY_predicted,0.1111111111111111,8,8,ATCGCACAGGCCATAATATC,0,4592882
ybaY_predicted,0.1111111111111111,8,8,ATCGAGGGGCGCCGAACAAC,0,4595773
ybaY_predicted,0.1111111111111111,8,8,ATCCTGCGATGATGTTACAG,0,4580609
ybaY_predicted,0.1111111111111111,8,8,ATCATTAGGAGGTTCGACGC,0,4547245
ybaY_predicted,0.1111111111111111,8,8,ATCATAGAACGTTGTAATAT,0,4583476
ybaY_predicted,0.1111111111111111,8,8,ATCAGGGTTGCGGTCAGTCG,0,4580486
ybaY_predicted,0.1111111111111111,8,8,ATCAGGAATTCTGTGTTGGA,0,4573199
ybaY_predicted,0.1111111111111111,8,8,ATCAGGAACCAACAAACAGT,0,4554929
ybaY_predicted,0.1111111111111111,8,8,ATCAATATGGAAGGTAGTTG,0,4578434
ybaY_predicted,0.1111111111111111,8,8,ATCAAGTCTTTTACTCCCAA,0,4559335
ybaY_predicted,0.1111111111111111,8,8,ATATTTAACCAATTTTACAG,0,4593463
ybaY_predicted,0.1111111111111111,8,8,ATATGGAACCCTTCGCGCAT,0,4555440
ybaY_predicted,0.1111111111111111,8,8,ATAGTTAGAATCTTGTGCTT,0,4554779
ybaY_predicted,0.1111111111111111,8,8,ATACGACTGGGGTAAATACA,0,4569755
ybaY_predicted,0.1111111111111111,8,8,ATACCCTAGAGGCCTTAACT,0,4564891
ybaY_predicted,0.1111111111111111,8,8,ATACCCTACCGGGGGTAAAC,0,4581007
ybaY_predicted,0.1111111111111111,8,8,ATACCAAAATGGTCTTTGGT,0,4599750
ybaY_predicted,0.1111111111111111,8,8,ATAATTACCAGTAGGACTAA,0,4590715
ybaY_predicted,0.1111111111111111,8,8,ATAATGACATACTGGAGGAT,0,4544865
ybaY_predicted,0.1111111111111111,8,8,ATAAGGAATCAGAGTTGGGA,0,4552851
ybaY_predicted,0.1111111111111111,8,8,ATAAATGGGAACGGCATGTT,0,4563776
ybaY_predicted,0.1111111111111111,8,8,ATAAAGACGAGGAAACGGCC,0,4562506
ybaY_predicted,0.1111111111111111,8,8,AGTGTTTAGTTCGAGGGATC,0,4563656
ybaY_predicted,0.1111111111111111,8,8,AGTGTCCTTAGGGATCAAGG,0,4564634
ybaY_predicted,0.1111111111111111,8,8,AGTGCCATCCGGGATTGCGT,0,4566138
ybaY_predicted,0.1111111111111111,8,8,AGTGCAACGCTTTCCATCTA,0,4560141
ybaY_predicted,0.1111111111111111,8,8,AGTCTCCAGCAGATTTCGGT,0,4583087
ybaY_predicted,0.1111111111111111,8,8,AGTATTTTATGACCGTGGCA,0,4557047
ybaY_predicted,0.1111111111111111,8,8,AGTAGGCAATCTAGGGGTTT,0,4586471
ybaY_predicted,0.1111111111111111,8,8,AGTAATCGTGATTGAAGCTA,0,4548476
ybaY_predicted,0.1111111111111111,8,8,AGTAAAGTCTTTCTCCAACT,0,4577349
ybaY_predicted,0.1111111111111111,8,8,AGTAAAGGCCACAATCACGG,0,4599399
ybaY_predicted,0.1111111111111111,8,8,AGGTGAAGTGCGCACCGCCA,0,4570872
ybaY_predicted,0.1111111111111111,8,8,AGGGTTAACCCTGATTGTGA,0,4596409
ybaY_predicted,0.1111111111111111,8,8,AGGGTGCGCGCGCGGCCGCA,0,4598667
ybaY_predicted,0.1111111111111111,8,8,AGGGTCAATTCATGCCACGA,0,4547883
ybaY_predicted,0.1111111111111111,8,8,AGGGTATAGATCATTCGAAT,0,4599204
ybaY_predicted,0.1111111111111111,8,8,AGGGTACGGTGCAATTAGTA,0,4571443
ybaY_predicted,0.1111111111111111,8,8,AGGGTAACGTAGGATGGCGC,0,4593031
ybaY_predicted,0.1111111111111111,8,8,AGGGGTTGAATCGCCCCTGT,0,4578235
ybaY_predicted,0.1111111111111111,8,8,AGGGGCGTAGTAGGTCGCGT,0,4593054
ybaY_predicted,0.1111111111111111,8,8,AGGGGAATAAGGGAACAACA,0,4590456
ybaY_predicted,0.1111111111111111,8,8,AGGGCTATCGTTACTGCGTA,0,4565113
ybaY_predicted,0.1111111111111111,8,8,AGGGAACCTGGATATGTTTC,0,4544799
ybaY_predicted,0.1111111111111111,8,8,AGGCTGTATGGTTACAGGCT,0,4554447
ybaY_predicted,0.1111111111111111,8,8,AGGCGATCTCGCAGGCCCGC,0,4553183
ybaY_predicted,0.1111111111111111,8,8,AGGATGTGGGTATTATACTG,0,4549559
ybaY_predicted,0.1111111111111111,8,8,AGCTTTTCACCTACTTTCGG,0,4589857
ybaY_predicted,0.1111111111111111,8,8,AGCTGTACACCTTCAGACTA,0,4592387
ybaY_predicted,0.1111111111111111,8,8,AGCGTGTTTCCTGAATCGCT,0,4552030
ybaY_predicted,0.1111111111111111,8,8,AGCGTGCTTACGAATTCCTC,0,4560703
ybaY_predicted,0.1111111111111111,8,8,AGCGTACCATCGCTCGACAT,0,4585488
ybaY_predicted,0.1111111111111111,8,8,AGCGGGAACGCGTATCACAA,0,4547824
ybaY_predicted,0.1111111111111111,8,8,AGCCCTCGTAACTGAGATAG,0,4577806
ybaY_predicted,0.1111111111111111,8,8,AGATTTAGAGCCTTAGGCGT,0,4575124
ybaY_predicted,0.1111111111111111,8,8,AGATTCGGGCGTAGCACCTA,0,4570119
ybaY_predicted,0.1111111111111111,8,8,AGATGACCGTGACTGGTCCA,0,4552010
ybaY_predicted,0.1111111111111111,8,8,AGATCCCGAGGATACAACAA,0,4577364
ybaY_predicted,0.1111111111111111,8,8,AGATATTCAAGTCGGTAGTT,0,4583712
ybaY_predicted,0.1111111111111111,8,8,AGAGTCATACATTGTACTAG,0,4583651
ybaY_predicted,0.1111111111111111,8,8,AGAGTATATAGTGAGTGAGC,0,4597607
ybaY_predicted,0.1111111111111111,8,8,AGACGAATTGTACTGATTGT,0,4563138
ybaY_predicted,0.1111111111111111,8,8,AGAATAAAGGCAAGAACGTA,0,4590234
ybaY_predicted,0.1111111111111111,8,8,ACTTTCTGGGAGTAGGGTAA,0,4570935
ybaY_predicted,0.1111111111111111,8,8,ACTTGGACACAACCTGCAGC,0,4558183
ybaY_predicted,0.1111111111111111,8,8,ACTGGGCATTCACCGCAGAA,0,4565083
ybaY_predicted,0.1111111111111111,8,8,ACTGCGAGCGGCGGTTGATC,0,4571962
ybaY_predicted,0.1111111111111111,8,8,ACTATCGCTACGCGGTTTTT,0,4559966
ybaY_predicted,0.1111111111111111,8,8,ACGTGTCCTCTTGGCGTATG,0,4597884
ybaY_predicted,0.1111111111111111,8,8,ACGTCTACTCTAAACCTGCA,0,4569437
ybaY_predicted,0.1111111111111111,8,8,ACGGGCAGCTACTGACGTCT,0,4551914
ybaY_predicted,0.1111111111111111,8,8,ACGGATCCATCGTGGCCCGT,0,4552280
ybaY_predicted,0.1111111111111111,8,8,ACGCTAGAACGAGGGCCATG,0,4566314
ybaY_predicted,0.1111111111111111,8,8,ACGCCTTTTGATACCACGCT,0,4590332
ybaY_predicted,0.1111111111111111,8,8,ACGATTCAAACGACGGATCA,0,4554420
ybaY_predicted,0.1111111111111111,8,8,ACGAGGGTTCCGTCGTCCAA,0,4548572
ybaY_predicted,0.1111111111111111,8,8,ACGAATCCGGCCTTTGAACA,0,4589149
ybaY_predicted,0.1111111111111111,8,8,ACCTCACTCCGTCTACGTTA,0,4598741
ybaY_predicted,0.1111111111111111,8,8,ACCTACTCTAGGCGTCACCC,0,4562719
ybaY_predicted,0.1111111111111111,8,8,ACCGTAATCGTAGGTTATGT,0,4560222
ybaY_predicted,0.1111111111111111,8,8,ACCGGTAGGGTTGCAGTGAT,0,4545190
ybaY_predicted,0.1111111111111111,8,8,ACCGGCAGTGGCTACTCGAG,0,4552355
ybaY_predicted,0.1111111111111111,8,8,ACCGCACTTCTGTTCTCGCT,0,4598878
ybaY_predicted,0.1111111111111111,8,8,ACCATTTCGTAAGTCGGCCC,0,4591287
ybaY_predicted,0.1111111111111111,8,8,ACCATAGAAATTACTCAATA,0,4560860
ybaY_predicted,0.1111111111111111,8,8,ACCAGTAACTTCACGATTTA,0,4551319
ybaY_predicted,0.1111111111111111,8,8,ACCAGATCCGATTTTAGAAT,0,4594204
ybaY_predicted,0.1111111111111111,8,8,ACCAATATGGACGTCCTTGT,0,4573741
ybaY_predicted,0.1111111111111111,8,8,ACCAACGTCCGTGATCGTAG,0,4577348
ybaY_predicted,0.1111111111111111,8,8,ACATTGTTCAGCCTTCCTAC,0,4580778
ybaY_predicted,0.1111111111111111,8,8,ACATTGAGGTCGCCAATCGC,0,4559820
ybaY_predicted,0.1111111111111111,8,8,ACATTCAGAACGCCTGTAAG,0,4565636
ybaY_predicted,0.1111111111111111,8,8,ACATTATCTAGGACAGTAAG,0,4573707
ybaY_predicted,0.1111111111111111,8,8,ACAGTGGCGGGCACAACCTT,0,4576264
ybaY_predicted,0.1111111111111111,8,8,ACAGTCGGGCGGAGGAGGAT,0,4591339
ybaY_predicted,0.1111111111111111,8,8,ACAGCCGGGGGGCAACAGGA,0,4564683
ybaY_predicted,0.1111111111111111,8,8,ACACTGGGTCGGTCTCCGCG,0,4571141
ybaY_predicted,0.1111111111111111,8,8,ACACTCTAAGGTGCCGCAGA,0,4546066
ybaY_predicted,0.1111111111111111,8,8,ACACCGTAGAAAATTAATTA,0,4593605
ybaY_predicted,0.1111111111111111,8,8,ACACCCCATTACATTTCGCT,0,4566602
ybaY_predicted,0.1111111111111111,8,8,ACACACGTCACAGCAGTTAC,0,4596587
ybaY_predicted,0.1111111111111111,8,8,ACAATCAGACACTACTGGCA,0,4587006
ybaY_predicted,0.1111111111111111,8,8,ACAAATTTAAAGGCGGATAA,0,4547799
ybaY_predicted,0.1111111111111111,8,8,AATTTATGTGGTCCGTCAAT,0,4595359
ybaY_predicted,0.1111111111111111,8,8,AATTGTTTCTGCTAGTACGT,0,4572096
ybaY_predicted,0.1111111111111111,8,8,AATTGGTATTTATTCGCGTG,0,4600045
ybaY_predicted,0.1111111111111111,8,8,AATTGAGGTAGCTAGAAGGG,0,4576144
ybaY_predicted,0.1111111111111111,8,8,AATGTTAGTCACCGAATCTA,0,4558911
ybaY_predicted,0.1111111111111111,8,8,AATGTGCTTATCTCCAGGGT,0,4563436
ybaY_predicted,0.1111111111111111,8,8,AATGGTACTACGGCGCGGCA,0,4582482
ybaY_predicted,0.1111111111111111,8,8,AATGAGTAAGGGGTCCCAAT,0,4581491
ybaY_predicted,0.1111111111111111,8,8,AATCGTACCTGATTGCGGAT,0,4546547
ybaY_predicted,0.1111111111111111,8,8,AATATGTTGAGGTACGAATT,0,4552285
ybaY_predicted,0.1111111111111111,8,8,AATATGCCAAGGCCTTGACT,0,4578643
ybaY_predicted,0.1111111111111111,8,8,AATATAGAAAGACCATAAGA,0,4599178
ybaY_predicted,0.1111111111111111,8,8,AATAGCCACATAAATTTGTA,0,4598785
ybaY_predicted,0.1111111111111111,8,8,AATACCGCTACGTTGCGTGG,0,4588011
ybaY_predicted,0.1111111111111111,8,8,AATAAAAGCTGACCGTGGGG,0,4581005
ybaY_predicted,0.1111111111111111,8,8,AAGTGAATTAATCTTTCGAG,0,4593353
ybaY_predicted,0.1111111111111111,8,8,AAGTATAATGCGTGCGAAAC,0,4584126
ybaY_predicted,0.1111111111111111,8,8,AAGTAGCATTACGCACCGGT,0,4596320
ybaY_predicted,0.1111111111111111,8,8,AAGGTTGTCAGCAAGGGCAG,0,4569600
ybaY_predicted,0.1111111111111111,8,8,AAGGCTGCACCTGAGTGCGT,0,4553015
ybaY_predicted,0.1111111111111111,8,8,AAGGCAACTATGATAACCTA,0,4595995
ybaY_predicted,0.1111111111111111,8,8,AAGCTACCTGGGCTCGGTTG,0,4555641
ybaY_predicted,0.1111111111111111,8,8,AAGCAGGGGATTACGAACGG,0,4546330
ybaY_predicted,0.1111111111111111,8,8,AAGATGCCGCAAATGGCGTA,0,4557790
ybaY_predicted,0.1111111111111111,8,8,AAGATGAGTTGGTTGTTAAC,0,4570967
ybaY_predicted,0.1111111111111111,8,8,AAGATCGATGGGGATTACTT,0,4563715
ybaY_predicted,0.1111111111111111,8,8,AAGAGTGAGGAACAGTTCTT,0,4554431
ybaY_predicted,0.1111111111111111,8,8,AACTGGTCCGCTTTAAAGGG,0,4550665
ybaY_predicted,0.1111111111111111,8,8,AACTGGGATCTGGATATAAA,0,4585287
ybaY_predicted,0.1111111111111111,8,8,AACTCTTGACGCTCAACGCA,0,4545619
ybaY_predicted,0.1111111111111111,8,8,AACTCGGGACAAGGGCTAGG,0,4566888
ybaY_predicted,0.1111111111111111,8,8,AACGTCGTCCCGCGAGACTC,0,4561341
ybaY_predicted,0.1111111111111111,8,8,AACCAGGGGTTTCGATTTTA,0,4545657
ybaY_predicted,0.1111111111111111,8,8,AACATAGGGGCGGCGATCGC,0,4555222
ybaY_predicted,0.1111111111111111,8,8,AACACGCCCTTATTAAATCC,0,4587495
ybaY_predicted,0.1111111111111111,8,8,AACAAGCGTTCGTGGCATTC,0,4552674
ybaY_predicted,0.1111111111111111,8,8,AACAAGCCAATCAAAATTCC,0,4587698
ybaY_predicted,0.1111111111111111,8,8,AAATACTTAGACCATATCGT,0,4576182
ybaY_predicted,0.1111111111111111,8,8,AAAGTTGCTCTGAGTGTCAG,0,4548221
ybaY_predicted,0.1111111111111111,8,8,AAAGTAGCGCCCCGGACGTG,0,4565338
ybaY_predicted,0.1111111111111111,8,8,AAAGCTACGATTCCGGTGGT,0,4561782
ybaY_predicted,0.1111111111111111,8,8,AAAGCGCATTGTAAATGCCA,0,4593612
ybaY_predicted,0.1111111111111111,8,8,AAAGCCACTCATTCGGTCAC,0,4562638
ybaY_predicted,0.1111111111111111,8,8,AAAGCAGGAATGTAACAACC,0,4562533
ybaY_predicted,0.1111111111111111,8,8,AAACGGAAGACGTTTCAGAT,0,4593425
ybaY_predicted,0.1111111111111111,8,8,AAAATGCCTATCGAACGCAT,0,4586793
ybaY_predicted,0.1111111111111111,8,8,AAAAGAGGTATGGCACATGG,0,4556748
ybaY_predicted,0.125,7,7,TTTTTGGCCACGCTGACTCG,0,4546447
ybaY_predicted,0.125,7,7,TTTTGAAGTCCGGACATCTA,0,4592474
ybaY_predicted,0.125,7,7,TTTGGGGCGGAGCAGTCCTG,0,4570249
ybaY_predicted,0.125,7,7,TTTCTGGTCGGTTCGTCGGA,0,4600704
ybaY_predicted,0.125,7,7,TTTATCTATTCCCAGGGGCC,0,4599746
ybaY_predicted,0.125,7,7,TTTACTATGGGGGAAGCCTC,0,4581393
ybaY_predicted,0.125,7,7,TTTAAGGTGGATGTTCGTCA,0,4562594
ybaY_predicted,0.125,7,7,TTGTGTTTACATGAACCGGT,0,4554067
ybaY_predicted,0.125,7,7,TTGTGTGGCAGGACGCGCAG,0,4571865
ybaY_predicted,0.125,7,7,TTGTCTATGTGAGCTTAATC,0,4583257
ybaY_predicted,0.125,7,7,TTGTCCCTCACGAGGAAGCC,0,4578608
ybaY_predicted,0.125,7,7,TTGTCAGTACTGCCCTATGG,0,4562338
ybaY_predicted,0.125,7,7,TTGTAGTAGATGCTACGTTT,0,4552496
ybaY_predicted,0.125,7,7,TTGTAGCCATGCGGATGACA,0,4597131
ybaY_predicted,0.125,7,7,TTGCTCCCAAGAAAGGCCAT,0,4564175
ybaY_predicted,0.125,7,7,TTGCGGCACGAGAGTACAAT,0,4578992
ybaY_predicted,0.125,7,7,TTGCGATGGGGGAGAGCAAA,0,4593875
ybaY_predicted,0.125,7,7,TTGCCTCCGCTAGTGGAACG,0,4583591
ybaY_predicted,0.125,7,7,TTGCCATTACCGGCAAGACA,0,4594230
ybaY_predicted,0.125,7,7,TTCGTCGCCTGCATGAACGC,0,4582079
ybaY_predicted,0.125,7,7,TTCCTCGCGGTTACTGTGTA,0,4591815
ybaY_predicted,0.125,7,7,TTCCCGGAACCTTTGCGCTA,0,4592251
ybaY_predicted,0.125,7,7,TTCAGCTTACAAGTAGGTTA,0,4585958
ybaY_predicted,0.125,7,7,TTCACTATACGTATGGCAGA,0,4552826
ybaY_predicted,0.125,7,7,TTCACACTAGGTGCAGCCTA,0,4586472
ybaY_predicted,0.125,7,7,TTATTTTTGGACCACGCCGG,0,4600422
ybaY_predicted,0.125,7,7,TTATCATATGCCTCCTGCAT,0,4558990
ybaY_predicted,0.125,7,7,TTATAGTCAGCAGTAGCAAA,0,4600255
ybaY_predicted,0.125,7,7,TTATAAATACGGTGTCATCG,0,4546974
ybaY_predicted,0.125,7,7,TTAGGTTTTGCCACGGGGAT,0,4582595
ybaY_predicted,0.125,7,7,TTACTAAACTGGACTAATGC,0,4592320
ybaY_predicted,0.125,7,7,TTACGATTACGGTTATGTCA,0,4578622
ybaY_predicted,0.125,7,7,TTACATTCAGCGCGTTCCAA,0,4548461
ybaY_predicted,0.125,7,7,TTACAAAGACTGCCTAAAGT,0,4568017
ybaY_predicted,0.125,7,7,TTAATGATAATCACAGCTAG,0,4578562
ybaY_predicted,0.125,7,7,TTAATCCGGAAAGGTCTTAT,0,4598703
ybaY_predicted,0.125,7,7,TTAAGCCGGGAGAACAATGA,0,4566918
ybaY_predicted,0.125,7,7,TTAAATCTATTTCTACGTGC,0,4560866
ybaY_predicted,0.125,7,7,TGTTTGGCCAGGTTCGGTTG,0,4558277
ybaY_predicted,0.125,7,7,TGTTCGGACAGGGCGCGCCC,0,4584925
ybaY_predicted,0.125,7,7,TGTTAGTTCCTCACTAAACT,0,4587803
ybaY_predicted,0.125,7,7,TGTCGCAAATACGTCCAGCG,0,4575529
ybaY_predicted,0.125,7,7,TGTCCCTCAAGCGCTCCAAT,0,4570791
ybaY_predicted,0.125,7,7,TGTCATATGTCAATGAATGC,0,4588692
ybaY_predicted,0.125,7,7,TGTCACAAGGCGAATTCTAT,0,4599662
ybaY_predicted,0.125,7,7,TGTAGTCATAAGTCCGGTGA,0,4581731
ybaY_predicted,0.125,7,7,TGTAGGATTGACGCTTGATC,0,4549035
ybaY_predicted,0.125,7,7,TGTAGCAGGTCCGCCTAGGC,0,4548012
ybaY_predicted,0.125,7,7,TGTACGAGCCATGTCTGTCG,0,4575081
ybaY_predicted,0.125,7,7,TGGTCATACCCATCCGTCCC,0,4586552
ybaY_predicted,0.125,7,7,TGGTATTTCTACAGCTCAGA,0,4572909
ybaY_predicted,0.125,7,7,TGGGGGGAGGTAGTTTGGAG,0,4569369
ybaY_predicted,0.125,7,7,TGGGGCGGCCGGAGGGCTGG,0,4568840
ybaY_predicted,0.125,7,7,TGGGAAGGCGCGCTATAGTT,0,4554739
ybaY_predicted,0.125,7,7,TGGCGCTCCAGCTGTCTTAG,0,4567812
ybaY_predicted,0.125,7,7,TGGCATCAGAAGGATTGGAC,0,4589706
ybaY_predicted,0.125,7,7,TGCTTTATGTTTTGCGCAAT,0,4592072
ybaY_predicted,0.125,7,7,TGCTGTGTGATCGGGCCACT,0,4544565
ybaY_predicted,0.125,7,7,TGCGGAGATGCTGTTTCTGG,0,4574498
ybaY_predicted,0.125,7,7,TGCGAGGGTCGCATGGCGAT,0,4544395
ybaY_predicted,0.125,7,7,TGCCTCCAGTCGTCAAATTG,0,4594620
ybaY_predicted,0.125,7,7,TGCCCCTTCATCCAAGTGGG,0,4552555
ybaY_predicted,0.125,7,7,TGCCCCGTGGAGAGGTCTGC,0,4562357
ybaY_predicted,0.125,7,7,TGCAGCACCACGCGGAGTGT,0,4583127
ybaY_predicted,0.125,7,7,TGCAACATCCTGCGAATATA,0,4598106
ybaY_predicted,0.125,7,7,TGATCCCGGATCCACACATT,0,4554696
ybaY_predicted,0.125,7,7,TGAGTTTCGCCCAACCTCTC,0,4565388
ybaY_predicted,0.125,7,7,TGAGTGAGCATGTGCCCCGT,0,4557815
ybaY_predicted,0.125,7,7,TGAGCGAGCCGGAGGGTTTG,0,4595545
ybaY_predicted,0.125,7,7,TGAGAAGAGCGCCCGAGTAC,0,4575432
ybaY_predicted,0.125,7,7,TGACTCATAAGAGGCTCGCC,0,4564122
ybaY_predicted,0.125,7,7,TGACGTGGGCGTGCAATCAG,0,4578933
ybaY_predicted,0.125,7,7,TGAAGCGTAACGTTTTGGCC,0,4595805
ybaY_predicted,0.125,7,7,TGAACAAAATTATAGCCACC,0,4592912
ybaY_predicted,0.125,7,7,TGAAAAAAACCCCACATTTC,0,4551966
ybaY_predicted,0.125,7,7,TCTTTATATGCATTCATACG,0,4598288
ybaY_predicted,0.125,7,7,TCTCGTTCTTACGGACATAT,0,4596350
ybaY_predicted,0.125,7,7,TCTAGAGAGAGATAACGAGT,0,4584798
ybaY_predicted,0.125,7,7,TCGTTGAGGGTAGGGCCATG,0,4562499
ybaY_predicted,0.125,7,7,TCGTATTCTGGCCCCCGTAA,0,4580923
ybaY_predicted,0.125,7,7,TCGGTCGGCCCCGCCTTTTA,0,4544863
ybaY_predicted,0.125,7,7,TCGGCGAGATGTGATTAGGT,0,4576591
ybaY_predicted,0.125,7,7,TCGCTTGCAAGTACGGCCCC,0,4576531
ybaY_predicted,0.125,7,7,TCGCGCACCGGGGTTCTTGG,0,4569799
ybaY_predicted,0.125,7,7,TCGCCATGTTTATCTAACAC,0,4550342
ybaY_predicted,0.125,7,7,TCGAGGGAGCCGCATGTGTA,0,4546900
ybaY_predicted,0.125,7,7,TCGACTACGCGATTTTCTCG,0,4594240
ybaY_predicted,0.125,7,7,TCGACACATTAGGGAACAAG,0,4558667
ybaY_predicted,0.125,7,7,TCCTTGCGGTCTCAATCGTG,0,4556262
ybaY_predicted,0.125,7,7,TCCTGGACCTAAGGTGAACG,0,4569942
ybaY_predicted,0.125,7,7,TCCTCGCCACGGCTCTTCTC,0,4587305
ybaY_predicted,0.125,7,7,TCCTAGTACGGGGGGTTCAT,0,4572833
ybaY_predicted,0.125,7,7,TCCGTTCATACAGATACGCG,0,4597892
ybaY_predicted,0.125,7,7,TCCGGGATTTTGGATTTTTG,0,4558473
ybaY_predicted,0.125,7,7,TCCGGCACTAAAGCTTCATA,0,4583822
ybaY_predicted,0.125,7,7,TCCGCAATAGTCGCGACCCT,0,4586316
ybaY_predicted,0.125,7,7,TCCGAAATATATATCCTAAA,0,4589533
ybaY_predicted,0.125,7,7,TCCCGCCGTCACCATCATAG,0,4545504
ybaY_predicted,0.125,7,7,TCCCACGCGCGAATGCTCCC,0,4549853
ybaY_predicted,0.125,7,7,TCCACGTCAGAGGAGAGCGG,0,4544636
ybaY_predicted,0.125,7,7,TCATTCAGTACGTACGTCCA,0,4585273
ybaY_predicted,0.125,7,7,TCATATAGGCCTGTCTGGGG,0,4548029
ybaY_predicted,0.125,7,7,TCATAGAATCGAGACTTATA,0,4566627
ybaY_predicted,0.125,7,7,TCAGGATCTACGGGGATGAG,0,4547236
ybaY_predicted,0.125,7,7,TCAGAGTTAGCATACTCAGA,0,4595506
ybaY_predicted,0.125,7,7,TCACTTAGTAGTCGCCAGAC,0,4588930
ybaY_predicted,0.125,7,7,TCACAAATTTGCGGCCTTCC,0,4545615
ybaY_predicted,0.125,7,7,TCAAGTCTGCACAGCGCTTG,0,4551277
ybaY_predicted,0.125,7,7,TCAAAGGGATGGAGCATCTC,0,4557106
ybaY_predicted,0.125,7,7,TCAAACTTTACAAAAGGTCC,0,4572396
ybaY_predicted,0.125,7,7,TATTTAGCAGGGCCGCACTA,0,4588564
ybaY_predicted,0.125,7,7,TATTGGTCGTTTGTTGAGGA,0,4576338
ybaY_predicted,0.125,7,7,TATCTCACGGAATATAGTTC,0,4549890
ybaY_predicted,0.125,7,7,TATCATTTTCCCGCCGGGTC,0,4553782
ybaY_predicted,0.125,7,7,TATCATCATTCAGGTTCATG,0,4560945
ybaY_predicted,0.125,7,7,TATATGCAAACATTAGTGAG,0,4555533
ybaY_predicted,0.125,7,7,TATACGAGTTCTGGTCACTA,0,4581894
ybaY_predicted,0.125,7,7,TATAAGGTACGCAGAACTAT,0,4585085
ybaY_predicted,0.125,7,7,TAGCTTGCGTACCCATAGAT,0,4573548
ybaY_predicted,0.125,7,7,TAGCTCAAGATCCCTTCCGA,0,4552131
ybaY_predicted,0.125,7,7,TAGCCAACCGCTGTCTGAGC,0,4589775
ybaY_predicted,0.125,7,7,TAGCACGCGTTTTGCAAGCG,0,4545760
ybaY_predicted,0.125,7,7,TACGTGAGGAACAACATACC,0,4551553
ybaY_predicted,0.125,7,7,TACGCTGCCATGGGTCAAAG,0,4547797
ybaY_predicted,0.125,7,7,TACATTGCGTCAGATAAATG,0,4550882
ybaY_predicted,0.125,7,7,TACATCTACATCTTCGGATT,0,4577121
ybaY_predicted,0.125,7,7,TACACCTGCTAGCTTACGGA,0,4567179
ybaY_predicted,0.125,7,7,TACAAGAGTGATGTCGCCTT,0,4598810
ybaY_predicted,0.125,7,7,TAATTTAACCGAGATTTGAC,0,4595088
ybaY_predicted,0.125,7,7,TAATGGAGTGAGCGGCGCGT,0,4550910
ybaY_predicted,0.125,7,7,TAATCTATTACAGCGCACGT,0,4575394
ybaY_predicted,0.125,7,7,TAATAGCAGCAACTACGTCT,0,4545512
ybaY_predicted,0.125,7,7,TAAGCTGCGGGCACGGAGGG,0,4554730
ybaY_predicted,0.125,7,7,TAAGCCAATTACCGTCACGT,0,4579058
ybaY_predicted,0.125,7,7,TAAGAAGTAGTGGACTTCAG,0,4575936
ybaY_predicted,0.125,7,7,TAAAGGCTATGGCGTCTTAT,0,4596546
ybaY_predicted,0.125,7,7,TAAAGCTAATGCCAAGCACA,0,4568816
ybaY_predicted,0.125,7,7,GTTTATGAAAACTAAGAGTA,0,4572052
ybaY_predicted,0.125,7,7,GTTTAGCGGGCGCCATCTTG,0,4554841
ybaY_predicted,0.125,7,7,GTTGCTTGTGCAGGGCAGCA,0,4586248
ybaY_predicted,0.125,7,7,GTTGCCAGACCCCGCCACAG,0,4558676
ybaY_predicted,0.125,7,7,GTTGAGGGTCCTAATCTCAA,0,4581249
ybaY_predicted,0.125,7,7,GTTCGCCCCGGTATCGATGG,0,4594587
ybaY_predicted,0.125,7,7,GTTCAGACGGAATTGTGTCC,0,4569093
ybaY_predicted,0.125,7,7,GTTCACCCCCATGAAACGTT,0,4563921
ybaY_predicted,0.125,7,7,GTTCAATCTCGTTTAGAGCC,0,4552761
ybaY_predicted,0.125,7,7,GTTCAACATCGCCAACGTGT,0,4595453
ybaY_predicted,0.125,7,7,GTTATGCTAGGGCGACCGCA,0,4572688
ybaY_predicted,0.125,7,7,GTTATAATGTTCCAAATGCT,0,4564532
ybaY_predicted,0.125,7,7,GTTAGCTTTCCAGCGAATTG,0,4544519
ybaY_predicted,0.125,7,7,GTTACTGGAGCAGCAACTAT,0,4545822
ybaY_predicted,0.125,7,7,GTGTTGTTGATTGTCATGTT,0,4585577
ybaY_predicted,0.125,7,7,GTGGTTTTGGAATGTTAACA,0,4591320
ybaY_predicted,0.125,7,7,GTGGTCTTCTGTAGTATGAA,0,4580665
ybaY_predicted,0.125,7,7,GTGGAAACATTACTAAACGT,0,4582081
ybaY_predicted,0.125,7,7,GTGCTTATAACTCTATTGTC,0,4551306
ybaY_predicted,0.125,7,7,GTGCGGCCGCGCGAAAGCGT,0,4553936
ybaY_predicted,0.125,7,7,GTGCCTGAGCTACATTAAGG,0,4578376
ybaY_predicted,0.125,7,7,GTGCCATTCAGCTATTAGGG,0,4592300
ybaY_predicted,0.125,7,7,GTGCAAGTTCGGAGCGAGGG,0,4582771
ybaY_predicted,0.125,7,7,GTCTGGGAACGGAGCGGTTC,0,4567126
ybaY_predicted,0.125,7,7,GTCTACCTGACGACAGAACT,0,4563137
ybaY_predicted,0.125,7,7,GTCGTAAATTGCGATAAGGA,0,4597579
ybaY_predicted,0.125,7,7,GTCCGGTAGGGCCTTACTGC,0,4558272
ybaY_predicted,0.125,7,7,GTCCAACTAAGAGGAAACCT,0,4562833
ybaY_predicted,0.125,7,7,GTCATATGTTTTCCTAGTAC,0,4594209
ybaY_predicted,0.125,7,7,GTCAGGCGACTGGACCACCT,0,4563712
ybaY_predicted,0.125,7,7,GTCAGAAGTCAAAGTGCGCG,0,4557165
ybaY_predicted,0.125,7,7,GTCACATTATAGAGTTGGTG,0,4577511
ybaY_predicted,0.125,7,7,GTATTGTAACCAAGTTATCT,0,4566184
ybaY_predicted,0.125,7,7,GTATGGCGCACTCTAGCAAT,0,4549831
ybaY_predicted,0.125,7,7,GTATCTGGCGGTCCAGTCTT,0,4590728
ybaY_predicted,0.125,7,7,GTATCAGGACCTCCAAGTTA,0,4550061
ybaY_predicted,0.125,7,7,GTACTGATCCATCTATGGCG,0,4590731
ybaY_predicted,0.125,7,7,GTACTCGTATGTAAATTCTC,0,4596591
ybaY_predicted,0.125,7,7,GTACCGGATGGCCGAAAGTG,0,4570199
ybaY_predicted,0.125,7,7,GTACACCGTGGCAAAACAGT,0,4545179
ybaY_predicted,0.125,7,7,GGTTCAGCTGTGGACCGATG,0,4594098
ybaY_predicted,0.125,7,7,GGTGCTTCGTATCTCGCTAG,0,4593777
ybaY_predicted,0.125,7,7,GGTGAGGAAGCGGTTTAATC,0,4576850
ybaY_predicted,0.125,7,7,GGTCTCGTGTCGGTGGCTCA,0,4548773
ybaY_predicted,0.125,7,7,GGTCGTAGGCGGGATCTGAC,0,4580538
ybaY_predicted,0.125,7,7,GGTCCGTTTTTTTCAATCAG,0,4594963
ybaY_predicted,0.125,7,7,GGTATGAGCATCGGATAAAG,0,4560886
ybaY_predicted,0.125,7,7,GGTAGGTCTTTCGGTCCGGA,0,4571041
ybaY_predicted,0.125,7,7,GGGTTGCTGGGGTGTGGGCA,0,4583616
ybaY_predicted,0.125,7,7,GGGTTCGTTAATTTCAGGGA,0,4547025
ybaY_predicted,0.125,7,7,GGGTTCCGGGATGCGCGTTT,0,4590640
ybaY_predicted,0.125,7,7,GGGTGGCCTGACGTATGATA,0,4565619
ybaY_predicted,0.125,7,7,GGGTCTTCATCGGTTATACC,0,4586102
ybaY_predicted,0.125,7,7,GGGTATGACCACTTGTGCAG,0,4588660
ybaY_predicted,0.125,7,7,GGGGTTTCAAAAAGGGGCAG,0,4583948
ybaY_predicted,0.125,7,7,GGGGTGGTTCCGCGTTCCTT,0,4582873
ybaY_predicted,0.125,7,7,GGGGCACGTTCCAAGTGAAT,0,4557632
ybaY_predicted,0.125,7,7,GGGCCGTGGTAGGAGGCTCT,0,4578114
ybaY_predicted,0.125,7,7,GGGATGACATGTTTTCCAGT,0,4562988
ybaY_predicted,0.125,7,7,GGGACTGGGACGGCAAATTT,0,4564187
ybaY_predicted,0.125,7,7,GGGAAGATTCTAAACGGCTC,0,4585720
ybaY_predicted,0.125,7,7,GGGAACGGACCCCCTGCACT,0,4575538
ybaY_predicted,0.125,7,7,GGCTTTACACAGTGGCGGAC,0,4568569
ybaY_predicted,0.125,7,7,GGCGCGGTCAACAGGGAGCT,0,4552889
ybaY_predicted,0.125,7,7,GGCGAGGCGACTTGAGCAGG,0,4577146
ybaY_predicted,0.125,7,7,GGCCGGCCGTGCTTATGGGT,0,4594351
ybaY_predicted,0.125,7,7,GGCATCGCCGAATAGTCCAG,0,4589333
ybaY_predicted,0.125,7,7,GGCATATAAGAGGGTTGGAT,0,4585451
ybaY_predicted,0.125,7,7,GGCAGAATATAGCATTAGGA,0,4592213
ybaY_predicted,0.125,7,7,GGCAAGCCCTACAACGGCCT,0,4585576
ybaY_predicted,0.125,7,7,GGATGATGCGAAAGCATAGC,0,4549874
ybaY_predicted,0.125,7,7,GGAGGTACCTTTCCTTGCCC,0,4551178
ybaY_predicted,0.125,7,7,GGAGCACATCCAACCCGGGC,0,4596820
ybaY_predicted,0.125,7,7,GGAGACATGATACAGAGTGC,0,4590877
ybaY_predicted,0.125,7,7,GGACGCATTGAGGGTTGACG,0,4590368
ybaY_predicted,0.125,7,7,GGACAAGCAATGTTAATTAG,0,4564282
ybaY_predicted,0.125,7,7,GGACAAATTAGAGTCGGCCC,0,4572320
ybaY_predicted,0.125,7,7,GGAAGGACCACGTTGGCCGA,0,4566455
ybaY_predicted,0.125,7,7,GGAACAAGCGTTCAAGACAG,0,4565772
ybaY_predicted,0.125,7,7,GGAAATACGATGATAATTAA,0,4589751
ybaY_predicted,0.125,7,7,GCTTCATACACCATCAATCG,0,4578044
ybaY_predicted,0.125,7,7,GCTGCCAATCAGAACGCGTG,0,4597101
ybaY_predicted,0.125,7,7,GCTCGGGACCTGACGAGCTT,0,4597432
ybaY_predicted,0.125,7,7,GCTCAGTTATGTCGTAAAGT,0,4580711
ybaY_predicted,0.125,7,7,GCTCACGGCCAGGGACGAGT,0,4591761
ybaY_predicted,0.125,7,7,GCTAGGCCCCATCGGAGTAT,0,4549002
ybaY_predicted,0.125,7,7,GCGGGGGCCGCCTTGATGCA,0,4591058
ybaY_predicted,0.125,7,7,GCGGGACCTGAGGCGCACAA,0,4591061
ybaY_predicted,0.125,7,7,GCGGATGTCCGCAAGCGCCA,0,4546496
ybaY_predicted,0.125,7,7,GCGCTTGCTTTACGAGGCCG,0,4577542
ybaY_predicted,0.125,7,7,GCGCGTGTGACGTTGCGTCT,0,4566267
ybaY_predicted,0.125,7,7,GCGCGTACGTCTACTGAAAG,0,4580529
ybaY_predicted,0.125,7,7,GCGCAGAAAACACGACAGCC,0,4565980
ybaY_predicted,0.125,7,7,GCGATGGCTTAAACGGCGAA,0,4564412
ybaY_predicted,0.125,7,7,GCGAGCCTAGACGTAGGCTA,0,4552848
ybaY_predicted,0.125,7,7,GCGAAATGCATCTTGACGTT,0,4558587
ybaY_predicted,0.125,7,7,GCCGGCCGATTTCAACGCCA,0,4588188
ybaY_predicted,0.125,7,7,GCCGGAAGAATTGGTTTCGA,0,4594370
ybaY_predicted,0.125,7,7,GCCCTCTTAGGGCATTCGAT,0,4595710
ybaY_predicted,0.125,7,7,GCCCTAGGAATCCATTGCCA,0,4546256
ybaY_predicted,0.125,7,7,GCCCGAGCACACGTTCGTCT,0,4554522
ybaY_predicted,0.125,7,7,GCCCATAAATGCAGTAATGG,0,4579350
ybaY_predicted,0.125,7,7,GCCACCATCTGGTCAGCTCA,0,4588931
ybaY_predicted,0.125,7,7,GCCAAGCAGGTATAGAAGTG,0,4581516
ybaY_predicted,0.125,7,7,GCATGCTACCGCCCGGATTA,0,4562922
ybaY_predicted,0.125,7,7,GCATCGCTAAGCAGACGCGT,0,4574776
ybaY_predicted,0.125,7,7,GCAGTTGCTTCCAACGGGGA,0,4587694
ybaY_predicted,0.125,7,7,GCAGATGGATCAACGGATAG,0,4596253
ybaY_predicted,0.125,7,7,GCACTGCTAAGAGGCACCCG,0,4585391
ybaY_predicted,0.125,7,7,GCACGTAAACTTTCGGGAGG,0,4597365
ybaY_predicted,0.125,7,7,GCACGAGGTGAGATTACGAA,0,4553107
ybaY_predicted,0.125,7,7,GCACATTCACGTCAGAGTTG,0,4578968
ybaY_predicted,0.125,7,7,GCACAATCCTACGGGAGATA,0,4600490
ybaY_predicted,0.125,7,7,GCAATTTAAATCTGCTATCG,0,4589213
ybaY_predicted,0.125,7,7,GATGGTCGTCCAGGTGATCT,0,4567853
ybaY_predicted,0.125,7,7,GATGCAATCTCTCTTAGGTA,0,4582835
ybaY_predicted,0.125,7,7,GATGATCGAGATATTGACCT,0,4549618
ybaY_predicted,0.125,7,7,GATCTGGGCCGATCACTGTT,0,4590208
ybaY_predicted,0.125,7,7,GATCTGAAATCACTTCCAGA,0,4572381
ybaY_predicted,0.125,7,7,GATCCGTATGTTAGACTCAG,0,4570444
ybaY_predicted,0.125,7,7,GATATTTTAATTTAAAGCTG,0,4597202
ybaY_predicted,0.125,7,7,GATAGAGTGTGGGGCATAGT,0,4592661
ybaY_predicted,0.125,7,7,GATACGGTTGTGCTCTAGCG,0,4584340
ybaY_predicted,0.125,7,7,GAGTAACCGAAGGGACTCAA,0,4547513
ybaY_predicted,0.125,7,7,GAGGTGTGTAGCAGGAGTCC,0,4544557
ybaY_predicted,0.125,7,7,GAGGATCACGCTGTTTACCA,0,4544369
ybaY_predicted,0.125,7,7,GAGGATAGGTGGACCTGTGT,0,4576334
ybaY_predicted,0.125,7,7,GAGCCGGTGGTCACGTCATT,0,4556364
ybaY_predicted,0.125,7,7,GAGCCGCGGTGAATACGTAC,0,4563235
ybaY_predicted,0.125,7,7,GAGCCCAGCGAATTACTTGT,0,4569881
ybaY_predicted,0.125,7,7,GAGCCACAAACGGTGCATCG,0,4559104
ybaY_predicted,0.125,7,7,GAGATTGAAGGACGTGTATA,0,4582439
ybaY_predicted,0.125,7,7,GAGATAGCGGCAAGACTCCC,0,4563720
ybaY_predicted,0.125,7,7,GAGATAGCAGAGAGGCCCAA,0,4578382
ybaY_predicted,0.125,7,7,GAGAGACATTATCGATGTAA,0,4582507
ybaY_predicted,0.125,7,7,GAGACCCGCAATAGGAGTCT,0,4550345
ybaY_predicted,0.125,7,7,GACTTGCTTGGTGCCTGGGT,0,4589290
ybaY_predicted,0.125,7,7,GACTGTGGAGTATGAAGCTG,0,4567293
ybaY_predicted,0.125,7,7,GACTACGTCGGCCCCGAGAT,0,4567551
ybaY_predicted,0.125,7,7,GACGGTCTTACGTCTCACAC,0,4552762
ybaY_predicted,0.125,7,7,GACCGGCCAGAGATTTCAGG,0,4565775
ybaY_predicted,0.125,7,7,GACCGCCCGCATCTCTTGCA,0,4596911
ybaY_predicted,0.125,7,7,GACCGACACGGTTAGTCCGC,0,4559647
ybaY_predicted,0.125,7,7,GACCATTCCTCAACACAAGC,0,4576411
ybaY_predicted,0.125,7,7,GACAGTCGCACATAGCATGG,0,4566519
ybaY_predicted,0.125,7,7,GACAGACCTGTCCTCCAGCA,0,4565570
ybaY_predicted,0.125,7,7,GACAAATGAGGTGTAAGTAT,0,4565737
ybaY_predicted,0.125,7,7,GAATAATTGTCATGAAATAA,0,4580824
ybaY_predicted,0.125,7,7,GAATAATAACATCAGCGAAG,0,4570833
ybaY_predicted,0.125,7,7,GAAGGTTTCCTCAGCTGATA,0,4580037
ybaY_predicted,0.125,7,7,GAAGGTCAGGCGTGAGCTGA,0,4597541
ybaY_predicted,0.125,7,7,GAAGCGTTGCCACTAGCGCT,0,4555887
ybaY_predicted,0.125,7,7,GAACGCAGGAGTTTCAATTC,0,4564400
ybaY_predicted,0.125,7,7,GAACCGAGCTAGATAAGCCA,0,4562678
ybaY_predicted,0.125,7,7,GAACCGAATACCGTACGAGT,0,4598662
ybaY_predicted,0.125,7,7,GAAAACCCTGGATCGCGCCC,0,4559790
ybaY_predicted,0.125,7,7,CTTTTGACTATTCTCCGCGA,0,4579705
ybaY_predicted,0.125,7,7,CTTTGATCCATTGGATCTTA,0,4598783
ybaY_predicted,0.125,7,7,CTTTCTATACAACGGATGGG,0,4574131
ybaY_predicted,0.125,7,7,CTTGTACTTTCTACGCTTCG,0,4559784
ybaY_predicted,0.125,7,7,CTTGGACCCGCACTCGTATC,0,4549175
ybaY_predicted,0.125,7,7,CTTCTGGTAGGGGGGCTTGT,0,4592153
ybaY_predicted,0.125,7,7,CTTCGTTTAGCAGGAGACCA,0,4584236
ybaY_predicted,0.125,7,7,CTTCCCTCTGTGGCCCCGGC,0,4552000
ybaY_predicted,0.125,7,7,CTTAGTTAGCTTATTCCCCA,0,4545919
ybaY_predicted,0.125,7,7,CTTAGTCTCGACAGTCGCGG,0,4586488
ybaY_predicted,0.125,7,7,CTTAAGACATGAGATCGGGT,0,4580485
ybaY_predicted,0.125,7,7,CTGTTGTATGGTTCAATAAA,0,4594619
ybaY_predicted,0.125,7,7,CTGGTGACAATTTTGGTATG,0,4550534
ybaY_predicted,0.125,7,7,CTGGGTAAGAGGACATGGAA,0,4571869
ybaY_predicted,0.125,7,7,CTGGGCATACATGACCGGAT,0,4546977
ybaY_predicted,0.125,7,7,CTGGAGTTCACATTGAAAAT,0,4554473
ybaY_predicted,0.125,7,7,CTGGACCCATATCAGGGATC,0,4592473
ybaY_predicted,0.125,7,7,CTGGACATCACTCTCAGCCC,0,4597290
ybaY_predicted,0.125,7,7,CTGGAAACTTTAAATTCGCA,0,4550267
ybaY_predicted,0.125,7,7,CTGCGGAAGAAAAAAAGTGT,0,4596862
ybaY_predicted,0.125,7,7,CTGCCGCGGAGGCTAACCGT,0,4568943
ybaY_predicted,0.125,7,7,CTGCATCGCCCATTGGGTCT,0,4554387
ybaY_predicted,0.125,7,7,CTGAAGAGTCAAGAAAAGTC,0,4581501
ybaY_predicted,0.125,7,7,CTCTTGGCAACGTTGACGGT,0,4551767
ybaY_predicted,0.125,7,7,CTCTGCTGGTATGGCCTTCC,0,4592178
ybaY_predicted,0.125,7,7,CTCTCAATACCTAGAGACGC,0,4572848
ybaY_predicted,0.125,7,7,CTCTACATCTGCGAAACAGG,0,4555754
ybaY_predicted,0.125,7,7,CTCGGCTGGAGCACCTTATA,0,4560933
ybaY_predicted,0.125,7,7,CTCGAGGTGCGCAAGACGTC,0,4587329
ybaY_predicted,0.125,7,7,CTCCGACGGTCCAGTTAAGA,0,4546837
ybaY_predicted,0.125,7,7,CTCCCGACCACAAATCTCAG,0,4561253
ybaY_predicted,0.125,7,7,CTCATACGACAGACCGAATG,0,4592985
ybaY_predicted,0.125,7,7,CTCAGGCAACCCGTGACTCA,0,4556359
ybaY_predicted,0.125,7,7,CTCACAGAGAGCTCTATACT,0,4568712
ybaY_predicted,0.125,7,7,CTATGTGGATCGGTGAGAGC,0,4553984
ybaY_predicted,0.125,7,7,CTATCTTAAGGTTTTTATGT,0,4571302
ybaY_predicted,0.125,7,7,CTATCGGAAGTGCAACGGAT,0,4590544
ybaY_predicted,0.125,7,7,CTAGCACAAACGCGCAAAGT,0,4578157
ybaY_predicted,0.125,7,7,CTAGACACTTGTAAAGCAAC,0,4582323
ybaY_predicted,0.125,7,7,CTACTGCCGATGGAGCGGCT,0,4578552
ybaY_predicted,0.125,7,7,CTACGATTGGGACGTATAAC,0,4563941
ybaY_predicted,0.125,7,7,CTACCGCTTGTACAGAGTAG,0,4577047
ybaY_predicted,0.125,7,7,CTAAACCCGAGAAGTCATTC,0,4585475
ybaY_predicted,0.125,7,7,CGTTCCTCGTGACGTGCACG,0,4578822
ybaY_predicted,0.125,7,7,CGTTCCACGATTTTTGAACG,0,4577010
ybaY_predicted,0.125,7,7,CGTTATTCGTCCCGGACGGT,0,4595569
ybaY_predicted,0.125,7,7,CGTGGGACCGCCTCTCTTCG,0,4565453
ybaY_predicted,0.125,7,7,CGTGGCTTGAATTACAACAA,0,4570845
ybaY_predicted,0.125,7,7,CGTGGCACGTGGGGCCTTAG,0,4572220
ybaY_predicted,0.125,7,7,CGTGGCAAAGATGGTGTGAC,0,4577967
ybaY_predicted,0.125,7,7,CGTGCCGAAGATACTTTTAC,0,4548701
ybaY_predicted,0.125,7,7,CGTGAGGCAGTGTCGGTAAG,0,4582919
ybaY_predicted,0.125,7,7,CGTGACTGGAGTCGGTCCCA,0,4564596
ybaY_predicted,0.125,7,7,CGTGACAACAGGAGTTCTCA,0,4559277
ybaY_predicted,0.125,7,7,CGTGAAACTCGGGGCACGGA,0,4570685
ybaY_predicted,0.125,7,7,CGTCCAGAAAGGCTAAGCTG,0,4578231
ybaY_predicted,0.125,7,7,CGTCATATTCTGATAGACAT,0,4600696
ybaY_predicted,0.125,7,7,CGTATAAGTGGATGGCACAT,0,4562410
ybaY_predicted,0.125,7,7,CGTACCCGGAACTCGACAGC,0,4557447
ybaY_predicted,0.125,7,7,CGTAAATGGACGTTTACGAA,0,4559676
ybaY_predicted,0.125,7,7,CGTAAATCCGTCTGGGTGCT,0,4560829
ybaY_predicted,0.125,7,7,CGGGCTCTATTTGCAACGCC,0,4579529
ybaY_predicted,0.125,7,7,CGGGACAATAGACTTAGGCT,0,4569256
ybaY_predicted,0.125,7,7,CGGGAACCACAGACAATACT,0,4558735
ybaY_predicted,0.125,7,7,CGGCTTACGTGGTGACCTCA,0,4580821
ybaY_predicted,0.125,7,7,CGGCGTCGTTGCTTAGGCCC,0,4575339
ybaY_predicted,0.125,7,7,CGGCGGTATCGCTCGGCGGT,0,4568562
ybaY_predicted,0.125,7,7,CGGCCAGGATTATCAAATCT,0,4554906
ybaY_predicted,0.125,7,7,CGGCATAGGAAGCGGTACAC,0,4552032
ybaY_predicted,0.125,7,7,CGGATTTCCGAGGCGCGTAG,0,4568318
ybaY_predicted,0.125,7,7,CGGATAATAAGTCTGTCCGA,0,4594046
ybaY_predicted,0.125,7,7,CGGAAGTCGCAAGACCCCTA,0,4566159
ybaY_predicted,0.125,7,7,CGCTTCTGGAACCCCTGAAG,0,4571244
ybaY_predicted,0.125,7,7,CGCTGAGAGTCTTGCTGGTC,0,4588670
ybaY_predicted,0.125,7,7,CGCTAGACAGTCATCAATCA,0,4594322
ybaY_predicted,0.125,7,7,CGCGTCCTCCTTAGCGCTAC,0,4583000
ybaY_predicted,0.125,7,7,CGCGGTCTTGCCTGCTATAG,0,4595286
ybaY_predicted,0.125,7,7,CGCGAAGTTCGGCCATCATC,0,4559552
ybaY_predicted,0.125,7,7,CGCCGTGTCGCGCGAGGAAC,0,4581517
ybaY_predicted,0.125,7,7,CGCCGGATGTAGTAATACTA,0,4588501
ybaY_predicted,0.125,7,7,CGCCCAATCAATACGTCATT,0,4574013
ybaY_predicted,0.125,7,7,CGCCCAAGAATCCAGGTATA,0,4550033
ybaY_predicted,0.125,7,7,CGCACCGGTACGCTGGTCCT,0,4598467
ybaY_predicted,0.125,7,7,CGCAACCCGTCCTGAATCAG,0,4596060
ybaY_predicted,0.125,7,7,CGATCTGCGATGTAATCTTG,0,4574287
ybaY_predicted,0.125,7,7,CGATAATCGGCGGCAGTTCA,0,4582790
ybaY_predicted,0.125,7,7,CGAGTCGGGCATTGACGTCT,0,4595313
ybaY_predicted,0.125,7,7,CGAGGGAGGCGATGGATGTG,0,4567469
ybaY_predicted,0.125,7,7,CGAGCGCGGTACACTAGGCC,0,4547697
ybaY_predicted,0.125,7,7,CGAGCGAGTTTGCTCTCAAT,0,4596215
ybaY_predicted,0.125,7,7,CGAGCCAGGGACATAAGGCT,0,4558037
ybaY_predicted,0.125,7,7,CGACGCACCCAGTACGGCGG,0,4566089
ybaY_predicted,0.125,7,7,CGACCGAATCTCGGGCAAGC,0,4579620
ybaY_predicted,0.125,7,7,CGACCCCGAGAGTTAGTCAC,0,4573623
ybaY_predicted,0.125,7,7,CGACCATACTCTTGAATTAA,0,4589298
ybaY_predicted,0.125,7,7,CCTTGCCAGTTCGCAGGAAA,0,4599160
ybaY_predicted,0.125,7,7,CCTTCGCTCGTAACCAGGGT,0,4578375
ybaY_predicted,0.125,7,7,CCTTAGTGCCTGCTAAGTTT,0,4595500
ybaY_predicted,0.125,7,7,CCTGTCCAGGTGTGACGTAG,0,4555716
ybaY_predicted,0.125,7,7,CCTGCAGTGGAATGCTGGGT,0,4583525
ybaY_predicted,0.125,7,7,CCTCGAAGTCAATTTTTATA,0,4581093
ybaY_predicted,0.125,7,7,CCTAACGCCTCGGGCGCTGA,0,4586805
ybaY_predicted,0.125,7,7,CCGTTGACTTCCCGGTGAGA,0,4580883
ybaY_predicted,0.125,7,7,CCGTGCATGCCAAGTGGCCC,0,4595432
ybaY_predicted,0.125,7,7,CCGTAACCCAATTAGGGCAA,0,4583170
ybaY_predicted,0.125,7,7,CCGGTTCACACTCGGGCACT,0,4568621
ybaY_predicted,0.125,7,7,CCGGGGCTCGATCTGATCCA,0,4570164
ybaY_predicted,0.125,7,7,CCGATTGCTAAATAGCCCGG,0,4577736
ybaY_predicted,0.125,7,7,CCGATGTAGCGTTCCTGCGT,0,4552901
ybaY_predicted,0.125,7,7,CCCTGTTTGGCGAAATCGCG,0,4579917
ybaY_predicted,0.125,7,7,CCCTCTAATAGCCTTTACAT,0,4555381
ybaY_predicted,0.125,7,7,CCCGTTCTGGCCGCAGCTCA,0,4547519
ybaY_predicted,0.125,7,7,CCCGCATTGGTAAATGCCTA,0,4564042
ybaY_predicted,0.125,7,7,CCCCGAGACGATGTTATGAG,0,4584959
ybaY_predicted,0.125,7,7,CCCCCTGCTCTCACGGTCAA,0,4561125
ybaY_predicted,0.125,7,7,CCCCAATCTGAGTCCAGAGA,0,4548189
ybaY_predicted,0.125,7,7,CCCAGCACTGACTCCACCCA,0,4557432
ybaY_predicted,0.125,7,7,CCATTTGGAGGGCGTTGATA,0,4597879
ybaY_predicted,0.125,7,7,CCATCAAGGGATATTGCGTA,0,4560910
ybaY_predicted,0.125,7,7,CCATAGCCTCTCTGGACGTT,0,4577885
ybaY_predicted,0.125,7,7,CCAGCGACACAAAAAACGAA,0,4575197
ybaY_predicted,0.125,7,7,CCACTGCTGCAGGCTGAGTT,0,4567772
ybaY_predicted,0.125,7,7,CCACACACCGAGCGTGACAG,0,4554048
ybaY_predicted,0.125,7,7,CCAACATCGCAGGACCTAAA,0,4578635
ybaY_predicted,0.125,7,7,CATTCGACTGCGCGTGACAC,0,4547766
ybaY_predicted,0.125,7,7,CATTAAGATGCGAAAATGAA,0,4576469
ybaY_predicted,0.125,7,7,CATGATTTAACAGAAAGTTC,0,4568299
ybaY_predicted,0.125,7,7,CATGAGCCGGACGTGTATTC,0,4588984
ybaY_predicted,0.125,7,7,CATGACCCTAACACACATGT,0,4549988
ybaY_predicted,0.125,7,7,CATCCCTTTAGGATATCGTA,0,4559618
ybaY_predicted,0.125,7,7,CATCAAGGGCTTCAGGCGTT,0,4581115
ybaY_predicted,0.125,7,7,CATCAACTGTTAAACTTGGT,0,4585097
ybaY_predicted,0.125,7,7,CATATGGGGGATTATCGGTT,0,4595700
ybaY_predicted,0.125,7,7,CATACTTGCTTGTGCATAAT,0,4549266
ybaY_predicted,0.125,7,7,CATAAGGACAAACGAATAGT,0,4594958
ybaY_predicted,0.125,7,7,CATAAGATCGATACTCAGGT,0,4568529
ybaY_predicted,0.125,7,7,CAGTCACGGCCGCATCACCT,0,4586774
ybaY_predicted,0.125,7,7,CAGTACACAGGTCGGAGCCG,0,4549129
ybaY_predicted,0.125,7,7,CAGGGTTAAGTCTAGGACCG,0,4563039
ybaY_predicted,0.125,7,7,CAGGGGGCTTATCGTGAAGA,0,4545363
ybaY_predicted,0.125,7,7,CAGCTTGAGCCCACAGATGA,0,4568717
ybaY_predicted,0.125,7,7,CAGCTGTCACATCGGGTTGT,0,4545672
ybaY_predicted,0.125,7,7,CAGATACGAAAGTTAACGCA,0,4584963
ybaY_predicted,0.125,7,7,CAGACTATAGTGGGGCCAGG,0,4545552
ybaY_predicted,0.125,7,7,CAGACGTGCGGGCGGGCCAT,0,4585370
ybaY_predicted,0.125,7,7,CACTGTCCTTATATGGGTCC,0,4561733
ybaY_predicted,0.125,7,7,CACGTGTTGACACAGTTGCC,0,4561321
ybaY_predicted,0.125,7,7,CACGTATCGATTATATCATA,0,4600715
ybaY_predicted,0.125,7,7,CACGGCGCCAGAAAAGGTGA,0,4592083
ybaY_predicted,0.125,7,7,CACGAGGCTGGTGCACCGGT,0,4553608
ybaY_predicted,0.125,7,7,CACGACGAGCATCACAGCGA,0,4588812
ybaY_predicted,0.125,7,7,CACGAACGATCAAGCCCCGT,0,4577385
ybaY_predicted,0.125,7,7,CACAAGCATGGTAGCTACGT,0,4594045
ybaY_predicted,0.125,7,7,CAATCAGTTCCCGCCACTAT,0,4544427
ybaY_predicted,0.125,7,7,CAAGTTCTACGCCGGTGACT,0,4548434
ybaY_predicted,0.125,7,7,CAAGGTGGATGTGGGCTCGT,0,4546044
ybaY_predicted,0.125,7,7,CAAGGTGAAGCGTGATACAG,0,4597915
ybaY_predicted,0.125,7,7,CAACCGCGTGCAGATAAAAA,0,4600373
ybaY_predicted,0.125,7,7,CAAATTGTACAGGTTTAGCA,0,4592817
ybaY_predicted,0.125,7,7,CAAATTGAATCCAATGTCCC,0,4592847
ybaY_predicted,0.125,7,7,CAAATTATCATGTAGCTCCC,0,4589650
ybaY_predicted,0.125,7,7,CAAACGACGCAGATCCGTGA,0,4581654
ybaY_predicted,0.125,7,7,CAAACGAAGCCATATGCGGG,0,4548347
ybaY_predicted,0.125,7,7,CAAAAGTGGACGGCATAAGC,0,4545787
ybaY_predicted,0.125,7,7,CAAAAAGTCAGGGTTTCGCT,0,4578694
ybaY_predicted,0.125,7,7,ATTTTGCATTATTAGCAAGT,0,4558038
ybaY_predicted,0.125,7,7,ATTTTCATGGCAGCTTGGAC,0,4599911
ybaY_predicted,0.125,7,7,ATTTGTCGGGCATCAAACTA,0,4569291
ybaY_predicted,0.125,7,7,ATTTGCTTGTCAATTCTGTT,0,4559839
ybaY_predicted,0.125,7,7,ATTTATGCGTCGAAATGCGC,0,4588506
ybaY_predicted,0.125,7,7,ATTCTCCTTGGTATGGTGAA,0,4581975
ybaY_predicted,0.125,7,7,ATTACTAGAAGCGGCCTAGG,0,4579574
ybaY_predicted,0.125,7,7,ATTAACTTAAGCTAAACCGG,0,4557534
ybaY_predicted,0.125,7,7,ATGTTCGAACAATACAGACC,0,4555481
ybaY_predicted,0.125,7,7,ATGTGTCGAGCTTATCGTAG,0,4545680
ybaY_predicted,0.125,7,7,ATGGTCGGCTGTGGTGGTAC,0,4549633
ybaY_predicted,0.125,7,7,ATGGCGCGTGCTGAACTAAT,0,4600737
ybaY_predicted,0.125,7,7,ATGGCGCAAGTCGCCCCGTA,0,4565500
ybaY_predicted,0.125,7,7,ATGGCACTCCAAACAAATCG,0,4599592
ybaY_predicted,0.125,7,7,ATGCTTCATCGGAACCTTAG,0,4576540
ybaY_predicted,0.125,7,7,ATGCGGTCACTCACCCATAA,0,4558988
ybaY_predicted,0.125,7,7,ATGCGATGATACTTCGCGGA,0,4575383
ybaY_predicted,0.125,7,7,ATGATAGTCTGTGTAGCTGG,0,4554466
ybaY_predicted,0.125,7,7,ATGAATGGCGAGGGGCGTGC,0,4568103
ybaY_predicted,0.125,7,7,ATGAATACGTTAGATTCGGG,0,4546485
ybaY_predicted,0.125,7,7,ATCTTTTTGCGTGTCAGGAC,0,4573432
ybaY_predicted,0.125,7,7,ATCTTGTGACGATCCAAGGA,0,4590349
ybaY_predicted,0.125,7,7,ATCTACTTGCTCTATTCGTG,0,4592212
ybaY_predicted,0.125,7,7,ATCTAAAGTACCTCCGCCAT,0,4576708
ybaY_predicted,0.125,7,7,ATCGAATTTTTTTGGTTCAC,0,4581253
ybaY_predicted,0.125,7,7,ATCCGTTTGTCCGGGTAGTT,0,4592364
ybaY_predicted,0.125,7,7,ATCCGCTAACCTGTTGGGAT,0,4583506
ybaY_predicted,0.125,7,7,ATCCCATGGATGTACAGACT,0,4598437
ybaY_predicted,0.125,7,7,ATCCACACGGTAGCGAAAGT,0,4549552
ybaY_predicted,0.125,7,7,ATCAGGAAATCTCACCAGGC,0,4587364
ybaY_predicted,0.125,7,7,ATCACGATCTTATTAGCGAA,0,4558540
ybaY_predicted,0.125,7,7,ATATTCAGCAATGCTGTTAA,0,4546244
ybaY_predicted,0.125,7,7,ATATGTTATGTCAGTTCGCC,0,4565768
ybaY_predicted,0.125,7,7,ATATGTATGATGGTTATGAG,0,4594420
ybaY_predicted,0.125,7,7,ATATCTGTACCCAAACCCCA,0,4572809
ybaY_predicted,0.125,7,7,ATATCCCGGCCAGGCTCTAT,0,4584528
ybaY_predicted,0.125,7,7,ATATATCAAGACGAATTCGA,0,4563252
ybaY_predicted,0.125,7,7,ATATACGTTCTGGCAGTATG,0,4569503
ybaY_predicted,0.125,7,7,ATAGTCGGGCAAATCAATTC,0,4586250
ybaY_predicted,0.125,7,7,ATAGTAACATATTTATCTCA,0,4585891
ybaY_predicted,0.125,7,7,ATAGCTGTGAGAGAGTCACA,0,4572489
ybaY_predicted,0.125,7,7,ATAGAGCGTGCGACTTGCGG,0,4561186
ybaY_predicted,0.125,7,7,ATACTCATGTTATTTAGAGG,0,4578094
ybaY_predicted,0.125,7,7,ATACATGTGTGACATCCATT,0,4588681
ybaY_predicted,0.125,7,7,ATACATAGTGCGTATCAGCG,0,4592878
ybaY_predicted,0.125,7,7,ATAAGTCGGGAAGTCTTAAT,0,4566438
ybaY_predicted,0.125,7,7,ATAAGTAACTTCAGCGTCGT,0,4567190
ybaY_predicted,0.125,7,7,ATAAACTGTAACGGTACACG,0,4571272
ybaY_predicted,0.125,7,7,AGTTTTGAGCTCGAGCTAGA,0,4558536
ybaY_predicted,0.125,7,7,AGTTCGTTAACACAATCATT,0,4598038
ybaY_predicted,0.125,7,7,AGTTCGTGAGGGGTGGTCGT,0,4552266
ybaY_predicted,0.125,7,7,AGTTCGAATGCACGGTACGA,0,4556032
ybaY_predicted,0.125,7,7,AGTGGGGGTCCTTAAGGACG,0,4583562
ybaY_predicted,0.125,7,7,AGTGGGATACCTCTGCACTC,0,4565998
ybaY_predicted,0.125,7,7,AGTGGATGTACATCGAGACA,0,4568141
ybaY_predicted,0.125,7,7,AGTGCATAGAGGGGGCACCA,0,4569604
ybaY_predicted,0.125,7,7,AGTCTGTAATTCGCCGGTTT,0,4595026
ybaY_predicted,0.125,7,7,AGTCGGGCAACAGAAATCTG,0,4586136
ybaY_predicted,0.125,7,7,AGTCGCGTTATTAATGGCCC,0,4566176
ybaY_predicted,0.125,7,7,AGTCCTTGAGACGTGGGTTC,0,4565605
ybaY_predicted,0.125,7,7,AGTAGTTCCGCCGCACATTA,0,4555735
ybaY_predicted,0.125,7,7,AGTACGCGCGCTGTTGTTAT,0,4562304
ybaY_predicted,0.125,7,7,AGTACAAAGGTCTGTTCTTC,0,4565157
ybaY_predicted,0.125,7,7,AGGTACCGTGGTTCTTAAGA,0,4592988
ybaY_predicted,0.125,7,7,AGGTAACCCGCCGTTTAGGT,0,4570503
ybaY_predicted,0.125,7,7,AGGGCGTTTTCGGACTTCAA,0,4565247
ybaY_predicted,0.125,7,7,AGGGCGCAATGCGCGAAGAG,0,4551854
ybaY_predicted,0.125,7,7,AGGGAGAAAAAAGCCCATTT,0,4567315
ybaY_predicted,0.125,7,7,AGGAACGGTAGCGTTTATAT,0,4590448
ybaY_predicted,0.125,7,7,AGCTTTAGGCATGCGCGCTA,0,4563386
ybaY_predicted,0.125,7,7,AGCTTATCGTTGTGTAAGCC,0,4553199
ybaY_predicted,0.125,7,7,AGCTAGGTGATGTTAGGAAA,0,4597682
ybaY_predicted,0.125,7,7,AGCGGTACCCTTAAGGGTCG,0,4569446
ybaY_predicted,0.125,7,7,AGCGGGGGGAAAGTAAGTTC,0,4576297
ybaY_predicted,0.125,7,7,AGCGGCTTCCGCGCCCGGAT,0,4550340
ybaY_predicted,0.125,7,7,AGCGGACAGACGCTAATTAG,0,4564272
ybaY_predicted,0.125,7,7,AGCGATTGCAGGTCCGTAGC,0,4549460
ybaY_predicted,0.125,7,7,AGCGAATCAACTCTGTATAG,0,4589378
ybaY_predicted,0.125,7,7,AGCCTAGGTTGATTTGTGAA,0,4591540
ybaY_predicted,0.125,7,7,AGCCACCCCGTCATTACTGT,0,4549293
ybaY_predicted,0.125,7,7,AGCATGATAGACCCAAGTTG,0,4565796
ybaY_predicted,0.125,7,7,AGATGTTGATATAACGAACT,0,4545673
ybaY_predicted,0.125,7,7,AGATCACCGGTTCAACGCTG,0,4581622
ybaY_predicted,0.125,7,7,AGACATTGTACAATGAGCCA,0,4568808
ybaY_predicted,0.125,7,7,AGAACGTTTCCGTTTACCTG,0,4571609
ybaY_predicted,0.125,7,7,AGAACACTGGGGCTCGGCAT,0,4563485
ybaY_predicted,0.125,7,7,AGAAATTCGATTCTCTCTGC,0,4597866
ybaY_predicted,0.125,7,7,ACTTAGTTCGACCATGGGAG,0,4558511
ybaY_predicted,0.125,7,7,ACTGTTACTAAGGATTCTAG,0,4566819
ybaY_predicted,0.125,7,7,ACTGGCGGGTCCTTCACATG,0,4578258
ybaY_predicted,0.125,7,7,ACTGAGGGATGGTGTGTAGA,0,4587077
ybaY_predicted,0.125,7,7,ACTCTTTTAGTCATACGTGA,0,4574929
ybaY_predicted,0.125,7,7,ACTCGTAGACAAACTGGGCT,0,4566652
ybaY_predicted,0.125,7,7,ACTCGAATGGTACCCCCGGG,0,4555621
ybaY_predicted,0.125,7,7,ACTCATCTAGGAGCATCACG,0,4563201
ybaY_predicted,0.125,7,7,ACTCAGCGTATCGGGCTATG,0,4580973
ybaY_predicted,0.125,7,7,ACTCAACATTCCTCGGTACG,0,4599475
ybaY_predicted,0.125,7,7,ACTAACTTGGTGGGCAATCA,0,4582870
ybaY_predicted,0.125,7,7,ACGGTCGAGGTTGAGGTATA,0,4591946
ybaY_predicted,0.125,7,7,ACGGGAAATGCTCAGAGTTT,0,4571641
ybaY_predicted,0.125,7,7,ACGAATCCTGGGTAGCAGTG,0,4568315
ybaY_predicted,0.125,7,7,ACCTGGAGGGGAGAGTTGAT,0,4561444
ybaY_predicted,0.125,7,7,ACCTGAGTGCCCTATCAGTG,0,4592806
ybaY_predicted,0.125,7,7,ACCTACCAACAGGGGACACC,0,4567384
ybaY_predicted,0.125,7,7,ACCGTGGAGAGTGCGCTACC,0,4573624
ybaY_predicted,0.125,7,7,ACCGGCCCTGGTGGCCGAGC,0,4562080
ybaY_predicted,0.125,7,7,ACCGAGCGAAATAATTGGGA,0,4559793
ybaY_predicted,0.125,7,7,ACCGACTTTCCCGGTAATTT,0,4567069
ybaY_predicted,0.125,7,7,ACCCTGGTGGCTGGGCTGGG,0,4575764
ybaY_predicted,0.125,7,7,ACCCTCAGGTCCAACTCCAT,0,4557313
ybaY_predicted,0.125,7,7,ACCCTACTCACGGGATAGGG,0,4567548
ybaY_predicted,0.125,7,7,ACCCCCGTGTGCGGTTTACT,0,4547755
ybaY_predicted,0.125,7,7,ACCCAAGCTTTGCAACACAG,0,4554140
ybaY_predicted,0.125,7,7,ACCATGTACGATCTTCTGGT,0,4579661
ybaY_predicted,0.125,7,7,ACCATACTGGAGCACTCGCG,0,4580018
ybaY_predicted,0.125,7,7,ACCAGCAATCGAAGAAAGTG,0,4573715
ybaY_predicted,0.125,7,7,ACCAATCTACATTGGTTCCT,0,4598666
ybaY_predicted,0.125,7,7,ACAGTGCTTAAAGTTATGTA,0,4551561
ybaY_predicted,0.125,7,7,ACAGCACCATAGAGGAGATT,0,4558480
ybaY_predicted,0.125,7,7,ACAGAGACTCGCGATTCTTG,0,4549917
ybaY_predicted,0.125,7,7,ACAAAAATACTACTTCCGAC,0,4553272
ybaY_predicted,0.125,7,7,AATTTGGGTAGGGGGGAATT,0,4551818
ybaY_predicted,0.125,7,7,AATGTTGCTAGACCCGCTCA,0,4581049
ybaY_predicted,0.125,7,7,AATGTTAAGTTACGATCAAT,0,4572457
ybaY_predicted,0.125,7,7,AATGGTGCGTACGCGCTAGC,0,4589082
ybaY_predicted,0.125,7,7,AATCTAACGCTTCCCCTTAA,0,4581629
ybaY_predicted,0.125,7,7,AATCACTTAGGGTGGTTGGA,0,4593300
ybaY_predicted,0.125,7,7,AATATTTTGCCATCACCCTA,0,4580739
ybaY_predicted,0.125,7,7,AATATTGATAGCCCTAAAAG,0,4567820
ybaY_predicted,0.125,7,7,AAGTGGCAGAAAGTATCTCT,0,4544364
ybaY_predicted,0.125,7,7,AAGTACACGCGACTTCCACG,0,4570454
ybaY_predicted,0.125,7,7,AAGGGGGACCGGATCGCGCG,0,4585040
ybaY_predicted,0.125,7,7,AAGGGGCTCCTATTCTCGTC,0,4578701
ybaY_predicted,0.125,7,7,AAGGGACGTCCGGCTAGTAC,0,4593465
ybaY_predicted,0.125,7,7,AAGGCCACAGTCCATCCGGA,0,4567213
ybaY_predicted,0.125,7,7,AAGAGGTTGTTTAAGCAGTC,0,4548934
ybaY_predicted,0.125,7,7,AAGAGATTGGAAGGTGGAGC,0,4583672
ybaY_predicted,0.125,7,7,AACTAAGTGCAAGCCTTTAT,0,4558622
ybaY_predicted,0.125,7,7,AACGTGCACGCCCCGCTTCT,0,4583873
ybaY_predicted,0.125,7,7,AACCTCGGCAGACTCACTTT,0,4595831
ybaY_predicted,0.125,7,7,AACCTCAGCTGAGAACGAAG,0,4549348
ybaY_predicted,0.125,7,7,AACCAGTGACATCCAGGTAC,0,4595297
ybaY_predicted,0.125,7,7,AACATTTTCTTCAACTCTTA,0,4552726
ybaY_predicted,0.125,7,7,AACATTAAAGTATCATGTAC,0,4563369
ybaY_predicted,0.125,7,7,AACACGTGGTGTGACGGATC,0,4587262
ybaY_predicted,0.125,7,7,AACAACTACTGTTTGCCAGT,0,4576444
ybaY_predicted,0.125,7,7,AAATAAGCATTAATCCTTAG,0,4581746
ybaY_predicted,0.125,7,7,AAAGTCTACTTGTCGCATCC,0,4568055
ybaY_predicted,0.125,7,7,AAAGTATTTTCCTATACGGA,0,4576832
ybaY_predicted,0.125,7,7,AAAGGCCTTTTGTTCATCTC,0,4553456
ybaY_predicted,0.125,7,7,AAAGCTCCAAAGGACCCCAG,0,4546018
ybaY_predicted,0.125,7,7,AAACTGTGATCATCTTTTTG,0,4544813
ybaY_predicted,0.125,7,7,AAACGAGTCGGCGGTCAGAG,0,4552564
ybaY_predicted,0.125,7,7,AAACCGTGGTGGACTGCAGC,0,4592890
ybaY_predicted,0.125,7,7,AAAACCGCGCTGTTCCCGTG,0,4591737
ybaY_predicted,0.14285714285714285,6,6,TTTTTCGGCGTGAACGTGTT,0,4568073
ybaY_predicted,0.14285714285714285,6,6,TTTTTCGCAAATGGTTGATT,0,4595784
ybaY_predicted,0.14285714285714285,6,6,TTTTGGGCTAGACAACAGCA,0,4554655
ybaY_predicted,0.14285714285714285,6,6,TTTTACGGTGGAAACATATG,0,4559416
ybaY_predicted,0.14285714285714285,6,6,TTTGGGGTGCTACAGCAGCT,0,4544657
ybaY_predicted,0.14285714285714285,6,6,TTTGACCGATCCGCGTAAGC,0,4550045
ybaY_predicted,0.14285714285714285,6,6,TTTGAATGTTAAGCAGCAAA,0,4594198
ybaY_predicted,0.14285714285714285,6,6,TTTCCGGAGTCTTCGCTTTC,0,4573252
ybaY_predicted,0.14285714285714285,6,6,TTTCCGACAGAGGTCGCAGC,0,4566572
ybaY_predicted,0.14285714285714285,6,6,TTTCAAACAAATGGACACAT,0,4596499
ybaY_predicted,0.14285714285714285,6,6,TTTAGTCGATACTTGCTCGT,0,4592696
ybaY_predicted,0.14285714285714285,6,6,TTTACCGGTAAGTGGTCCAC,0,4567810
ybaY_predicted,0.14285714285714285,6,6,TTTACCCGTACCGAACGGCA,0,4545685
ybaY_predicted,0.14285714285714285,6,6,TTTAATTGCGTCCACCATAG,0,4598398
ybaY_predicted,0.14285714285714285,6,6,TTGTTTTTCTGGATTCGGGG,0,4582806
ybaY_predicted,0.14285714285714285,6,6,TTGTTAGAGTAGTTCGCCGG,0,4571333
ybaY_predicted,0.14285714285714285,6,6,TTGTGGTTTCATAATGGTGT,0,4579707
ybaY_predicted,0.14285714285714285,6,6,TTGTGCTCAACTTCGCTGTA,0,4564323
ybaY_predicted,0.14285714285714285,6,6,TTGTACGCTTCAGAACTGTA,0,4555808
ybaY_predicted,0.14285714285714285,6,6,TTGGGGCCTCTTGCCGGTTC,0,4584439
ybaY_predicted,0.14285714285714285,6,6,TTGCGTTGTATAAAAATACG,0,4591555
ybaY_predicted,0.14285714285714285,6,6,TTGCCGGCTGCCCCTAGTCG,0,4556086
ybaY_predicted,0.14285714285714285,6,6,TTGCACGATTACTCGTCTCT,0,4579931
ybaY_predicted,0.14285714285714285,6,6,TTGCAAGGGCGGCGTAGGTT,0,4552353
ybaY_predicted,0.14285714285714285,6,6,TTGCAAGCGGTTATGGTGCG,0,4552754
ybaY_predicted,0.14285714285714285,6,6,TTGAGTGTCCAGTCGGTAAA,0,4589101
ybaY_predicted,0.14285714285714285,6,6,TTGAGCTCGACTCTGTAGGT,0,4559644
ybaY_predicted,0.14285714285714285,6,6,TTGAACTGGCTCCGTCCAAA,0,4559498
ybaY_predicted,0.14285714285714285,6,6,TTGAAATTGGGTGAGGTGCA,0,4560108
ybaY_predicted,0.14285714285714285,6,6,TTGAAAACGGGACCGGGAAC,0,4580248
ybaY_predicted,0.14285714285714285,6,6,TTCTGATAGACACGTGGTCT,0,4566137
ybaY_predicted,0.14285714285714285,6,6,TTCTGACTCTAGCCTGGATC,0,4557135
ybaY_predicted,0.14285714285714285,6,6,TTCTCGGCTCTCGCCGCCCA,0,4579932
ybaY_predicted,0.14285714285714285,6,6,TTCTCGAAACTGGGAGTCCC,0,4564452
ybaY_predicted,0.14285714285714285,6,6,TTCGTGTCTAGTCCTCCGAA,0,4556234
ybaY_predicted,0.14285714285714285,6,6,TTCGGTGGTTTTGCATTTAT,0,4588413
ybaY_predicted,0.14285714285714285,6,6,TTCGGGGTTAGCTGGGAGCG,0,4581226
ybaY_predicted,0.14285714285714285,6,6,TTCGGGCTTAACTAAGAGTT,0,4586667
ybaY_predicted,0.14285714285714285,6,6,TTCGCTGTATGTATGTATTG,0,4586550
ybaY_predicted,0.14285714285714285,6,6,TTCCTGGCTCCGGATACGGG,0,4568183
ybaY_predicted,0.14285714285714285,6,6,TTCCTGCGTCTGTGGTGCTA,0,4585292
ybaY_predicted,0.14285714285714285,6,6,TTCCTCTGGTTAGCTATGCC,0,4580603
ybaY_predicted,0.14285714285714285,6,6,TTCCTCCATTGAGAAGCTGT,0,4580339
ybaY_predicted,0.14285714285714285,6,6,TTCCGATGATATTGATACTT,0,4591867
ybaY_predicted,0.14285714285714285,6,6,TTCCGACTCCCGCCGCCCGG,0,4591235
ybaY_predicted,0.14285714285714285,6,6,TTCCCAATCAAATGCTGGTT,0,4588114
ybaY_predicted,0.14285714285714285,6,6,TTCATGTCCGTAGGGTGATC,0,4577903
ybaY_predicted,0.14285714285714285,6,6,TTCATATAGTGCCATTGCTT,0,4597649
ybaY_predicted,0.14285714285714285,6,6,TTCACTACACGATGACCGTT,0,4558571
ybaY_predicted,0.14285714285714285,6,6,TTCACCCGATTTCGTACACA,0,4555172
ybaY_predicted,0.14285714285714285,6,6,TTCACAGGATACCTGGGTCA,0,4598440
ybaY_predicted,0.14285714285714285,6,6,TTCAAGCAACTACGTCACAC,0,4550294
ybaY_predicted,0.14285714285714285,6,6,TTATTTGTTATTCTTGCTCA,0,4550559
ybaY_predicted,0.14285714285714285,6,6,TTATTAACGCGTGTCAAAGC,0,4588990
ybaY_predicted,0.14285714285714285,6,6,TTATGTCGGTTCAACTATGC,0,4597710
ybaY_predicted,0.14285714285714285,6,6,TTATCCTAACGAATTGTCAT,0,4545332
ybaY_predicted,0.14285714285714285,6,6,TTAGGCTTGTGGTAGCGCAT,0,4562125
ybaY_predicted,0.14285714285714285,6,6,TTAGGCAGTTGCCAAAGCCG,0,4563190
ybaY_predicted,0.14285714285714285,6,6,TTAGACGCGTATGCTAAAGC,0,4591054
ybaY_predicted,0.14285714285714285,6,6,TTAGAAGTCAATTCTAGCCA,0,4580096
ybaY_predicted,0.14285714285714285,6,6,TTACTCGAGATTTGCGTTCA,0,4592590
ybaY_predicted,0.14285714285714285,6,6,TTACGGGAACCCGGTCATAA,0,4560840
ybaY_predicted,0.14285714285714285,6,6,TTACATGAGGCAAGCGCTCA,0,4575896
ybaY_predicted,0.14285714285714285,6,6,TTACAGCCGCTTGCAGCCAA,0,4553972
ybaY_predicted,0.14285714285714285,6,6,TTAATGGGATGCACAAGCGT,0,4589007
ybaY_predicted,0.14285714285714285,6,6,TTAATCATTCCCCGAAGAAA,0,4592829
ybaY_predicted,0.14285714285714285,6,6,TTAAGTTGGTCACGTTCACA,0,4556603
ybaY_predicted,0.14285714285714285,6,6,TTAAGGGCTAAGTGGTTCCA,0,4567417
ybaY_predicted,0.14285714285714285,6,6,TTAAGGAGAGTGTTGTTTGC,0,4558713
ybaY_predicted,0.14285714285714285,6,6,TTAAATTAACAAACATATAA,0,4593397
ybaY_predicted,0.14285714285714285,6,6,TTAAAAATTCCTGACTCCGA,0,4587856
ybaY_predicted,0.14285714285714285,6,6,TGTTTTGGTGATGGCTTGAG,0,4592810
ybaY_predicted,0.14285714285714285,6,6,TGTTGGCTCCGAGATCTGCT,0,4563218
ybaY_predicted,0.14285714285714285,6,6,TGTTATGCTTTACCTCTCTG,0,4591044
ybaY_predicted,0.14285714285714285,6,6,TGTTAGGCGTCCGATGATCC,0,4585233
ybaY_predicted,0.14285714285714285,6,6,TGTGACAATGATGAAAGTGT,0,4553780
ybaY_predicted,0.14285714285714285,6,6,TGGTTTTGGGAGCAATATTA,0,4581045
ybaY_predicted,0.14285714285714285,6,6,TGGTTTTAAGGAGATATACA,0,4585831
ybaY_predicted,0.14285714285714285,6,6,TGGTGCTGGAATCTTAAGCT,0,4571069
ybaY_predicted,0.14285714285714285,6,6,TGGTATATGCCAGGCAATGA,0,4560081
ybaY_predicted,0.14285714285714285,6,6,TGGGTATGGAACAAGTGCGA,0,4579005
ybaY_predicted,0.14285714285714285,6,6,TGGGTATCATGGCACCAGAC,0,4554262
ybaY_predicted,0.14285714285714285,6,6,TGGGAGGTTACGTGAGAGAC,0,4600456
ybaY_predicted,0.14285714285714285,6,6,TGGCTTTAGCTAAGCTGGTC,0,4589405
ybaY_predicted,0.14285714285714285,6,6,TGGCTTGTTTAAGAGCTAAG,0,4581279
ybaY_predicted,0.14285714285714285,6,6,TGGCCGACCGTCAATCGCTA,0,4585155
ybaY_predicted,0.14285714285714285,6,6,TGGCCCCGCGTTCATCTACG,0,4594999
ybaY_predicted,0.14285714285714285,6,6,TGGATATTCCGCACAAGACT,0,4588002
ybaY_predicted,0.14285714285714285,6,6,TGGATATCGGGTCCAGGTGA,0,4574491
ybaY_predicted,0.14285714285714285,6,6,TGGAGTTTATCCGCGTTTCA,0,4577622
ybaY_predicted,0.14285714285714285,6,6,TGCTTTTTCTCTCGTCGGAC,0,4596063
ybaY_predicted,0.14285714285714285,6,6,TGCTTGGCATCTTGTTGAGA,0,4558227
ybaY_predicted,0.14285714285714285,6,6,TGCTGTCCTAAGCGTGTCTA,0,4574887
ybaY_predicted,0.14285714285714285,6,6,TGCTGATGGGCGCCCTTCCA,0,4561359
ybaY_predicted,0.14285714285714285,6,6,TGCTACGGATTTCAATTCAT,0,4561842
ybaY_predicted,0.14285714285714285,6,6,TGCTAAGAAATGGACCGTTA,0,4573321
ybaY_predicted,0.14285714285714285,6,6,TGCGTGTGGGTAGCTGACAG,0,4593351
ybaY_predicted,0.14285714285714285,6,6,TGCGTAGGCTCATCGATCCT,0,4584678
ybaY_predicted,0.14285714285714285,6,6,TGCGGATTGCTCTCAGGATA,0,4554609
ybaY_predicted,0.14285714285714285,6,6,TGCGATCTCGCGTCCGTTCC,0,4559101
ybaY_predicted,0.14285714285714285,6,6,TGCGAGGCTTGCCCGACCCG,0,4578373
ybaY_predicted,0.14285714285714285,6,6,TGCCTGCACGCGGTGGCGGA,0,4598160
ybaY_predicted,0.14285714285714285,6,6,TGCCTAAGTTACCTCGGTCA,0,4562969
ybaY_predicted,0.14285714285714285,6,6,TGCCGCGGCAGATCTGGCTG,0,4549867
ybaY_predicted,0.14285714285714285,6,6,TGCCGCATGTCGGCCTGCGT,0,4579128
ybaY_predicted,0.14285714285714285,6,6,TGCCGATCGGTGGGCACGAC,0,4581478
ybaY_predicted,0.14285714285714285,6,6,TGCCGAATTGGCTGTTCTTT,0,4568613
ybaY_predicted,0.14285714285714285,6,6,TGCCCGGAGAAACGGCGAAC,0,4553764
ybaY_predicted,0.14285714285714285,6,6,TGCCATGCAGACAAAGTCCC,0,4561916
ybaY_predicted,0.14285714285714285,6,6,TGCATTACGGCTTTCTGCCT,0,4559407
ybaY_predicted,0.14285714285714285,6,6,TGCAGATACTATGGAATTAG,0,4548768
ybaY_predicted,0.14285714285714285,6,6,TGCACGTTTATTCCGAGTGC,0,4575968
ybaY_predicted,0.14285714285714285,6,6,TGCAAATAGGCCGAATCCTC,0,4550797
ybaY_predicted,0.14285714285714285,6,6,TGATTTGCAACTATATAACT,0,4564678
ybaY_predicted,0.14285714285714285,6,6,TGATGTTAAGCAAACAAATT,0,4574830
ybaY_predicted,0.14285714285714285,6,6,TGAGTGCCAGCGAATATTTC,0,4596976
ybaY_predicted,0.14285714285714285,6,6,TGAGCGGCGGAATCTACTGC,0,4559957
ybaY_predicted,0.14285714285714285,6,6,TGAGCCAGGCATCGTCCCTG,0,4582566
ybaY_predicted,0.14285714285714285,6,6,TGACGCCTGCAGTTTATCCT,0,4575447
ybaY_predicted,0.14285714285714285,6,6,TGACCCTTCAAGTATGTGTG,0,4547451
ybaY_predicted,0.14285714285714285,6,6,TGAATCTATCGGTTTTTGTA,0,4587660
ybaY_predicted,0.14285714285714285,6,6,TGAAGGTGTTTTTAGCCGAA,0,4552767
ybaY_predicted,0.14285714285714285,6,6,TGAAATCAGGTGTAACAGGC,0,4557381
ybaY_predicted,0.14285714285714285,6,6,TCTTTCCATCCTAGCGAGTA,0,4560009
ybaY_predicted,0.14285714285714285,6,6,TCTGTAGGTGGGCTCTTGGA,0,4586506
ybaY_predicted,0.14285714285714285,6,6,TCTGCGTAATCCAACAACCG,0,4572521
ybaY_predicted,0.14285714285714285,6,6,TCTGCCCCGGTAGTGATTCA,0,4593658
ybaY_predicted,0.14285714285714285,6,6,TCTCGGTGGGTCGGTGTATC,0,4545368
ybaY_predicted,0.14285714285714285,6,6,TCTCCACCGAGGGACACCAT,0,4590172
ybaY_predicted,0.14285714285714285,6,6,TCTCATGCCCCCTTTCAATA,0,4550824
ybaY_predicted,0.14285714285714285,6,6,TCTATCGATATAGATTATCA,0,4559737
ybaY_predicted,0.14285714285714285,6,6,TCTACGTTAAATTGTCCTGT,0,4547131
ybaY_predicted,0.14285714285714285,6,6,TCGTTCAAGCTGAGCTAGTT,0,4570239
ybaY_predicted,0.14285714285714285,6,6,TCGTGTGCCGTTCCCGGCTC,0,4599749
ybaY_predicted,0.14285714285714285,6,6,TCGTGCGGGACACGGCTTGA,0,4576943
ybaY_predicted,0.14285714285714285,6,6,TCGTCGGGCTTCGCTCTTCT,0,4553491
ybaY_predicted,0.14285714285714285,6,6,TCGTCAGGATCAATATGACC,0,4590724
ybaY_predicted,0.14285714285714285,6,6,TCGTCAACGAAGGAAGGGTT,0,4586464
ybaY_predicted,0.14285714285714285,6,6,TCGTAGTCGCGAGTGCGGGA,0,4576249
ybaY_predicted,0.14285714285714285,6,6,TCGTAAACACATTCGGTTTG,0,4575463
ybaY_predicted,0.14285714285714285,6,6,TCGGGCATGTCGCCGAGTGT,0,4552242
ybaY_predicted,0.14285714285714285,6,6,TCGGGCACGGCATGTTCAAC,0,4575945
ybaY_predicted,0.14285714285714285,6,6,TCGGCGTCAGCAGCGTCTCT,0,4587790
ybaY_predicted,0.14285714285714285,6,6,TCGGCGTAGTAATGGAATGC,0,4544723
ybaY_predicted,0.14285714285714285,6,6,TCGGCCCGCGTATCTCAGCG,0,4559273
ybaY_predicted,0.14285714285714285,6,6,TCGGAGGTAAGTCGGATATG,0,4581924
ybaY_predicted,0.14285714285714285,6,6,TCGGAGCAAGTTGGGAACGT,0,4571280
ybaY_predicted,0.14285714285714285,6,6,TCGGAGATGTTGGGAGCGTA,0,4563617
ybaY_predicted,0.14285714285714285,6,6,TCGCTTGAGAGGTCAGTTCT,0,4591602
ybaY_predicted,0.14285714285714285,6,6,TCGCTAATAGGTCACGAAAT,0,4575285
ybaY_predicted,0.14285714285714285,6,6,TCGCGTGTGCGGGACATTAT,0,4571554
ybaY_predicted,0.14285714285714285,6,6,TCGCCCCAGGCAACTCGTGG,0,4576402
ybaY_predicted,0.14285714285714285,6,6,TCGCAGTCCATGTTCGAGTT,0,4563994
ybaY_predicted,0.14285714285714285,6,6,TCGCAGAACCTCATGAGTTA,0,4569079
ybaY_predicted,0.14285714285714285,6,6,TCGATTGCCGCCGTCGTTAG,0,4565217
ybaY_predicted,0.14285714285714285,6,6,TCGAGACGTTGTTTACCTGT,0,4579732
ybaY_predicted,0.14285714285714285,6,6,TCGACTTCAAGCCCGACAGG,0,4568870
ybaY_predicted,0.14285714285714285,6,6,TCGAACTCAATCAACGTCGG,0,4552662
ybaY_predicted,0.14285714285714285,6,6,TCCTTCCAACCGAATGTAGG,0,4586675
ybaY_predicted,0.14285714285714285,6,6,TCCTGATGGGCTGGCGGGTT,0,4595289
ybaY_predicted,0.14285714285714285,6,6,TCCGTGAATGGCACGTCTAG,0,4585111
ybaY_predicted,0.14285714285714285,6,6,TCCGGTATGTGTGAGGGAAA,0,4587975
ybaY_predicted,0.14285714285714285,6,6,TCCCCTCAACCTCAAGGGTA,0,4594685
ybaY_predicted,0.14285714285714285,6,6,TCCAGTTGACGGACTGTTAT,0,4564754
ybaY_predicted,0.14285714285714285,6,6,TCATGGCAAGGAAGACATCA,0,4550942
ybaY_predicted,0.14285714285714285,6,6,TCATCGGTATCTGGCTCCGT,0,4569757
ybaY_predicted,0.14285714285714285,6,6,TCATCGCCCTCATGTCCTTC,0,4594353
ybaY_predicted,0.14285714285714285,6,6,TCAGTTCTGTTCGCATGTCT,0,4594148
ybaY_predicted,0.14285714285714285,6,6,TCAGGTGCTAAGAAATGGGA,0,4555456
ybaY_predicted,0.14285714285714285,6,6,TCAGGGTCCAACAACTATAA,0,4550563
ybaY_predicted,0.14285714285714285,6,6,TCAGGCGTATTTGGTCGCTT,0,4570647
ybaY_predicted,0.14285714285714285,6,6,TCACCGGGCTCTGAATCGGG,0,4556232
ybaY_predicted,0.14285714285714285,6,6,TCAATTGAAGACCCCTAGAT,0,4581237
ybaY_predicted,0.14285714285714285,6,6,TCAATGAGTCGGGTAGAGGA,0,4568800
ybaY_predicted,0.14285714285714285,6,6,TCAATCTGAAGAGACTTTAT,0,4548367
ybaY_predicted,0.14285714285714285,6,6,TCAAGAAATTATCTTACAGC,0,4557916
ybaY_predicted,0.14285714285714285,6,6,TCAACGTCTGACCGCACATT,0,4599336
ybaY_predicted,0.14285714285714285,6,6,TCAAAGATGCAACTCGGAAC,0,4559026
ybaY_predicted,0.14285714285714285,6,6,TCAAAAGACCCCCGCCCACA,0,4546609
ybaY_predicted,0.14285714285714285,6,6,TATTTCGCCCTCTAGCACTG,0,4586000
ybaY_predicted,0.14285714285714285,6,6,TATTAGCTCACGCAGCTCCG,0,4599755
ybaY_predicted,0.14285714285714285,6,6,TATGCTTTCAAGATACTCAA,0,4570772
ybaY_predicted,0.14285714285714285,6,6,TATCAGAATCATCGACCCAC,0,4587886
ybaY_predicted,0.14285714285714285,6,6,TATCACGAGCTATGGGACTG,0,4558593
ybaY_predicted,0.14285714285714285,6,6,TATAGTACCTGTGCCGGGGA,0,4569767
ybaY_predicted,0.14285714285714285,6,6,TATACAAGAAGGCTCCTCGA,0,4551335
ybaY_predicted,0.14285714285714285,6,6,TATACAAAAACTCTGCAACT,0,4563663
ybaY_predicted,0.14285714285714285,6,6,TATAACACACGTGTATAGAG,0,4559565
ybaY_predicted,0.14285714285714285,6,6,TAGTGCGTAGTCCACGATCT,0,4566558
ybaY_predicted,0.14285714285714285,6,6,TAGCGCCGATACGCGGCTTA,0,4586223
ybaY_predicted,0.14285714285714285,6,6,TAGCCGCGGGTTGCTTTGAA,0,4574521
ybaY_predicted,0.14285714285714285,6,6,TAGCAGATTGGAAATCGGTT,0,4545322
ybaY_predicted,0.14285714285714285,6,6,TAGATAGGCAGCGGTATACC,0,4546331
ybaY_predicted,0.14285714285714285,6,6,TACTACCCCGTATAACTGGA,0,4565193
ybaY_predicted,0.14285714285714285,6,6,TACGTTTACGTAGGACCTAA,0,4574251
ybaY_predicted,0.14285714285714285,6,6,TACGGTCCCAGAACAGTGGA,0,4589087
ybaY_predicted,0.14285714285714285,6,6,TACGGGGCCTGGACCGATTG,0,4581868
ybaY_predicted,0.14285714285714285,6,6,TACGCAGGTTGGGGTCAAAA,0,4582078
ybaY_predicted,0.14285714285714285,6,6,TACCCTACTTTTGATTACTT,0,4548589
ybaY_predicted,0.14285714285714285,6,6,TACCATTTGCAGCCTTTTCA,0,4590776
ybaY_predicted,0.14285714285714285,6,6,TACACGGCAGGACGTGGATG,0,4569602
ybaY_predicted,0.14285714285714285,6,6,TACACCGATTTTGTATTAAG,0,4590659
ybaY_predicted,0.14285714285714285,6,6,TACAATTGATGTGTCGTTTA,0,4556638
ybaY_predicted,0.14285714285714285,6,6,TAATGCTTGTTTCAGCCATG,0,4578522
ybaY_predicted,0.14285714285714285,6,6,TAATAGCCATCTTAGGTCAT,0,4566276
ybaY_predicted,0.14285714285714285,6,6,TAAGTAGGCTAGGTTGAACA,0,4588033
ybaY_predicted,0.14285714285714285,6,6,TAAGACGAGTAAGTTATTAA,0,4578107
ybaY_predicted,0.14285714285714285,6,6,TAACAATTCTCCGAGTGTCA,0,4573035
ybaY_predicted,0.14285714285714285,6,6,TAAATGCGAGGGCCTAAGGG,0,4593181
ybaY_predicted,0.14285714285714285,6,6,TAAACGCAAACTACCGATCA,0,4557445
ybaY_predicted,0.14285714285714285,6,6,TAAACCCTTTCGTTTGAGAT,0,4574579
ybaY_predicted,0.14285714285714285,6,6,GTTTGGTCCATGCTACTACA,0,4582999
ybaY_predicted,0.14285714285714285,6,6,GTTTCGTTATCCTAGCACCG,0,4558495
ybaY_predicted,0.14285714285714285,6,6,GTTTATTTGCTATTGGATAG,0,4568941
ybaY_predicted,0.14285714285714285,6,6,GTTTATCCTTTGTATGGTTC,0,4544346
ybaY_predicted,0.14285714285714285,6,6,GTTTACTTTGTGAGTCGGGC,0,4549758
ybaY_predicted,0.14285714285714285,6,6,GTTGGTCTTTTGCGATGAAT,0,4596948
ybaY_predicted,0.14285714285714285,6,6,GTTGCACCTGGGACATAAGA,0,4568748
ybaY_predicted,0.14285714285714285,6,6,GTTGAGTCAAATGTACTAGG,0,4596563
ybaY_predicted,0.14285714285714285,6,6,GTTCGTAAATGGGGGGGCGT,0,4589308
ybaY_predicted,0.14285714285714285,6,6,GTTCCTCGTTTAGGTGAGGT,0,4578733
ybaY_predicted,0.14285714285714285,6,6,GTTCATTTTCCCTGACTCAG,0,4569585
ybaY_predicted,0.14285714285714285,6,6,GTTAGTGAAGTTATAAAAAG,0,4558372
ybaY_predicted,0.14285714285714285,6,6,GTTAGTCTTTATTGGCACTC,0,4553024
ybaY_predicted,0.14285714285714285,6,6,GTTAAATGCCCGTTGTAAAC,0,4584804
ybaY_predicted,0.14285714285714285,6,6,GTTAAACCTAACAATTTTCA,0,4565738
ybaY_predicted,0.14285714285714285,6,6,GTGTGAGTCCAGGCTGGAGC,0,4547172
ybaY_predicted,0.14285714285714285,6,6,GTGTCGGCATGCAGTATTTT,0,4571932
ybaY_predicted,0.14285714285714285,6,6,GTGTCGCACGGCGAGCCTGT,0,4569087
ybaY_predicted,0.14285714285714285,6,6,GTGGTGCATGACTTCGTTGA,0,4594903
ybaY_predicted,0.14285714285714285,6,6,GTGGCCTTCCACCTATTGGT,0,4594655
ybaY_predicted,0.14285714285714285,6,6,GTGGCCCAGCTGAGGCTATG,0,4577448
ybaY_predicted,0.14285714285714285,6,6,GTGGCAGCCTAGACTCTGCC,0,4570294
ybaY_predicted,0.14285714285714285,6,6,GTGGCAACAAATTGTCCCGG,0,4596882
ybaY_predicted,0.14285714285714285,6,6,GTGGAGAACGGCCCGACGTT,0,4550737
ybaY_predicted,0.14285714285714285,6,6,GTGCGGAATTGAAGATCCTC,0,4557728
ybaY_predicted,0.14285714285714285,6,6,GTGAGTATAGTGCATCGCTT,0,4573560
ybaY_predicted,0.14285714285714285,6,6,GTGACAGCGACTGGTGCTCA,0,4558885
ybaY_predicted,0.14285714285714285,6,6,GTGAAAATAACCTCAGTTGC,0,4595912
ybaY_predicted,0.14285714285714285,6,6,GTCTTCGTACATAACCCTTT,0,4554114
ybaY_predicted,0.14285714285714285,6,6,GTCTAAATCCCCTGATTTGC,0,4547008
ybaY_predicted,0.14285714285714285,6,6,GTCGTCACGACTTTCACCAT,0,4569768
ybaY_predicted,0.14285714285714285,6,6,GTCGGGTTCTCAATATCTTT,0,4574432
ybaY_predicted,0.14285714285714285,6,6,GTCGGACGCGTTCTTCAACT,0,4583049
ybaY_predicted,0.14285714285714285,6,6,GTCGAGGAGATCCCGGACCA,0,4573690
ybaY_predicted,0.14285714285714285,6,6,GTCCTATGGCGACTTTTCCA,0,4562205
ybaY_predicted,0.14285714285714285,6,6,GTCCTAAGCATGCCCTAAGA,0,4568560
ybaY_predicted,0.14285714285714285,6,6,GTCCGTTTCACCTGAGCATA,0,4568101
ybaY_predicted,0.14285714285714285,6,6,GTCATAGGAGACAATCGAAT,0,4598559
ybaY_predicted,0.14285714285714285,6,6,GTCAGCACGGAGGGTAAAAC,0,4578910
ybaY_predicted,0.14285714285714285,6,6,GTCAGATGTATTTAGAGGAT,0,4587161
ybaY_predicted,0.14285714285714285,6,6,GTCACGATGTGCTCGGACCA,0,4572518
ybaY_predicted,0.14285714285714285,6,6,GTAGGTCGAGCTCATGGCTG,0,4558222
ybaY_predicted,0.14285714285714285,6,6,GTACGATCGGAAGCTGCGTT,0,4568885
ybaY_predicted,0.14285714285714285,6,6,GTACATACTTCACGTAGAGC,0,4549374
ybaY_predicted,0.14285714285714285,6,6,GTAATCAATTAACACGCGTT,0,4587661
ybaY_predicted,0.14285714285714285,6,6,GTAACACACCAGTAATGTAT,0,4578953
ybaY_predicted,0.14285714285714285,6,6,GTAAATGTGAGCCTACCAGA,0,4551702
ybaY_predicted,0.14285714285714285,6,6,GTAAACCAGTTAAAAGTTTA,0,4573701
ybaY_predicted,0.14285714285714285,6,6,GGTATAGGAGTCAGCGATAT,0,4569951
ybaY_predicted,0.14285714285714285,6,6,GGTACTAGAGCGCCGCGCCT,0,4587786
ybaY_predicted,0.14285714285714285,6,6,GGTACGGGACCCTAGTGGCG,0,4584280
ybaY_predicted,0.14285714285714285,6,6,GGGTTATCGCAGGCTGTTGA,0,4575573
ybaY_predicted,0.14285714285714285,6,6,GGGTGTGGTCCTACACGTAT,0,4594016
ybaY_predicted,0.14285714285714285,6,6,GGGTGGCCATGGCCCGTGGA,0,4548385
ybaY_predicted,0.14285714285714285,6,6,GGGTCTGATATCGGGACGGT,0,4592793
ybaY_predicted,0.14285714285714285,6,6,GGGGGTGGGCTGCGCCACAC,0,4583893
ybaY_predicted,0.14285714285714285,6,6,GGGGGGGCTTCTCCGCACTG,0,4568492
ybaY_predicted,0.14285714285714285,6,6,GGGGCGGAAGAGTATCCTTT,0,4551785
ybaY_predicted,0.14285714285714285,6,6,GGGGCCGGTAGTTCCCAGTC,0,4579250
ybaY_predicted,0.14285714285714285,6,6,GGGCTGCCTTGAAGAAGGAG,0,4560291
ybaY_predicted,0.14285714285714285,6,6,GGGCTCTCCAATTGTAGCTT,0,4587123
ybaY_predicted,0.14285714285714285,6,6,GGGCTCCAAGGCCAGGAATC,0,4585731
ybaY_predicted,0.14285714285714285,6,6,GGGATTTAAGTAGGTAACAT,0,4586938
ybaY_predicted,0.14285714285714285,6,6,GGGATGTGTATAGGGGCTCC,0,4577122
ybaY_predicted,0.14285714285714285,6,6,GGGAGTGGCCGTCTTGGTCT,0,4586063
ybaY_predicted,0.14285714285714285,6,6,GGGAGCGTGGACGAAGGATT,0,4551481
ybaY_predicted,0.14285714285714285,6,6,GGGAGCATCACATTGTATGT,0,4584128
ybaY_predicted,0.14285714285714285,6,6,GGGACGCTCAGAGGTATCCA,0,4556792
ybaY_predicted,0.14285714285714285,6,6,GGGAAACGACAGATAATCCC,0,4570159
ybaY_predicted,0.14285714285714285,6,6,GGCTTGTGAGTGGTGCGACA,0,4558202
ybaY_predicted,0.14285714285714285,6,6,GGCTTCACAGCGGAAACATG,0,4586628
ybaY_predicted,0.14285714285714285,6,6,GGCTGGGTGTGGTACAGGAG,0,4551862
ybaY_predicted,0.14285714285714285,6,6,GGCTGATCAGGAAGACAGCT,0,4553133
ybaY_predicted,0.14285714285714285,6,6,GGCTGACTCGTACATGTCGG,0,4598194
ybaY_predicted,0.14285714285714285,6,6,GGCTACTGACGGCTTACGGG,0,4565188
ybaY_predicted,0.14285714285714285,6,6,GGCTAATCGAATAACCGGAG,0,4546531
ybaY_predicted,0.14285714285714285,6,6,GGCGGATTGGTCTGATAGAT,0,4572695
ybaY_predicted,0.14285714285714285,6,6,GGCGCGCTAACGGATTTTGA,0,4560200
ybaY_predicted,0.14285714285714285,6,6,GGCCCCGGGCCGGTTATGAT,0,4583757
ybaY_predicted,0.14285714285714285,6,6,GGCCCAGCAAGAGTGTGAAC,0,4590624
ybaY_predicted,0.14285714285714285,6,6,GGCAGTGCGTAGGTCCAACC,0,4579108
ybaY_predicted,0.14285714285714285,6,6,GGCAGTATTTTAGGACATTG,0,4586883
ybaY_predicted,0.14285714285714285,6,6,GGCACCGAAGTCCCGTACTA,0,4559855
ybaY_predicted,0.14285714285714285,6,6,GGCAAGTTACGGTATCGGAT,0,4562431
ybaY_predicted,0.14285714285714285,6,6,GGCAAGCTTACATCGGTTTC,0,4561354
ybaY_predicted,0.14285714285714285,6,6,GGATTTATTTAACGATAAGG,0,4573107
ybaY_predicted,0.14285714285714285,6,6,GGATTCCGCGCGGCGACACA,0,4557131
ybaY_predicted,0.14285714285714285,6,6,GGATCTCCAACCCCGTCCAT,0,4572544
ybaY_predicted,0.14285714285714285,6,6,GGAGTTACCTCAGATTCGTT,0,4576644
ybaY_predicted,0.14285714285714285,6,6,GGAGGAGAGATCCTGAACGT,0,4561607
ybaY_predicted,0.14285714285714285,6,6,GGAGCTTTGTGACACTTTGT,0,4551270
ybaY_predicted,0.14285714285714285,6,6,GGAGAGTGCTCGCGGGCTAT,0,4596241
ybaY_predicted,0.14285714285714285,6,6,GGAGACTCAGTGTACCCTTA,0,4554413
ybaY_predicted,0.14285714285714285,6,6,GGACGGCAATGTGCACAGAC,0,4568423
ybaY_predicted,0.14285714285714285,6,6,GGACACATATGATGGTGAAT,0,4570977
ybaY_predicted,0.14285714285714285,6,6,GGAATTTTTCCCTTGACACG,0,4588973
ybaY_predicted,0.14285714285714285,6,6,GGAAGCTCGTGCCAACGGGT,0,4573583
ybaY_predicted,0.14285714285714285,6,6,GGAACTACATTCGCGCCTAG,0,4546551
ybaY_predicted,0.14285714285714285,6,6,GGAACGGTGGATGAATTTTC,0,4546899
ybaY_predicted,0.14285714285714285,6,6,GGAAATGAAAGGGCTCGTGA,0,4588640
ybaY_predicted,0.14285714285714285,6,6,GGAAATAGAATTTTAGTGTG,0,4548960
ybaY_predicted,0.14285714285714285,6,6,GGAAAAGGCGCTAACAAACA,0,4592218
ybaY_predicted,0.14285714285714285,6,6,GCTTTTCGCCATAAGGCTCT,0,4562188
ybaY_predicted,0.14285714285714285,6,6,GCTTGAACCCCCGGTGGGCT,0,4598616
ybaY_predicted,0.14285714285714285,6,6,GCTTCAGTATGATGGAAGGG,0,4550757
ybaY_predicted,0.14285714285714285,6,6,GCTGGTTTACCACTGTGGTT,0,4552795
ybaY_predicted,0.14285714285714285,6,6,GCTGGCCTGCCTAGAGCGAT,0,4581486
ybaY_predicted,0.14285714285714285,6,6,GCTGACATACGTGTTGAGCT,0,4573794
ybaY_predicted,0.14285714285714285,6,6,GCTCTAAATGGACGCGCTTA,0,4580919
ybaY_predicted,0.14285714285714285,6,6,GCTCCGTGGATGGGTCTCTC,0,4596874
ybaY_predicted,0.14285714285714285,6,6,GCTCCCGGATCAACGGATCA,0,4581902
ybaY_predicted,0.14285714285714285,6,6,GCTCCCATAATGTGGGGAGG,0,4572550
ybaY_predicted,0.14285714285714285,6,6,GCTACTGAAGTCCCAGTCGT,0,4572394
ybaY_predicted,0.14285714285714285,6,6,GCTAATTTCTGTTCTCCAGC,0,4548230
ybaY_predicted,0.14285714285714285,6,6,GCGTGCGTTATCGGTTAGCC,0,4549996
ybaY_predicted,0.14285714285714285,6,6,GCGTACTGTGACACACCACT,0,4590465
ybaY_predicted,0.14285714285714285,6,6,GCGTAAGGACTTTCGACCCG,0,4544362
ybaY_predicted,0.14285714285714285,6,6,GCGGGTCTTCCGCTGACGAT,0,4579277
ybaY_predicted,0.14285714285714285,6,6,GCGGGTCCAGCTGCTTCAAC,0,4575213
ybaY_predicted,0.14285714285714285,6,6,GCGGGACGCTAGGCTCTAGG,0,4563271
ybaY_predicted,0.14285714285714285,6,6,GCGGAATGCCGATGGACAAT,0,4591749
ybaY_predicted,0.14285714285714285,6,6,GCGCTTGGGTTTCAGGGCGT,0,4591177
ybaY_predicted,0.14285714285714285,6,6,GCGCATAAATCCATCCGGTG,0,4590396
ybaY_predicted,0.14285714285714285,6,6,GCGCACGGCGGGCGATGTAG,0,4574932
ybaY_predicted,0.14285714285714285,6,6,GCGATGGCGCTGGTGATTTC,0,4544752
ybaY_predicted,0.14285714285714285,6,6,GCGATGCAAACTTCAGCGGT,0,4557706
ybaY_predicted,0.14285714285714285,6,6,GCGATCTTTATACAACATTA,0,4571890
ybaY_predicted,0.14285714285714285,6,6,GCCTTATTCTGTGAGGAATG,0,4562899
ybaY_predicted,0.14285714285714285,6,6,GCCTGCAGTGGTGTGATTTG,0,4580756
ybaY_predicted,0.14285714285714285,6,6,GCCTCACTGCAGGGGCATGA,0,4555498
ybaY_predicted,0.14285714285714285,6,6,GCCGTTCCATGGGTCGTGTA,0,4559279
ybaY_predicted,0.14285714285714285,6,6,GCCGGCTTGGATAGTGGGCT,0,4586867
ybaY_predicted,0.14285714285714285,6,6,GCCCTCGACTTGGAACAGCT,0,4569289
ybaY_predicted,0.14285714285714285,6,6,GCCCGGCTCGAGATTGAAGT,0,4547509
ybaY_predicted,0.14285714285714285,6,6,GCCAGTTTGGACGGCAATCC,0,4555788
ybaY_predicted,0.14285714285714285,6,6,GCCAGAGTGTGTAAAGGCTC,0,4596970
ybaY_predicted,0.14285714285714285,6,6,GCCACTAGCCTACGCGTGGG,0,4592403
ybaY_predicted,0.14285714285714285,6,6,GCATGAGCGTCCCATTGCCG,0,4554182
ybaY_predicted,0.14285714285714285,6,6,GCATCTACGATCAAGAACTA,0,4585152
ybaY_predicted,0.14285714285714285,6,6,GCATATTCTCGGTACAATTT,0,4574595
ybaY_predicted,0.14285714285714285,6,6,GCATAGTTTTAAGGGCCGGT,0,4574632
ybaY_predicted,0.14285714285714285,6,6,GCATACAGATTGCACGGATG,0,4569440
ybaY_predicted,0.14285714285714285,6,6,GCATAATTTGAGATGGGGGT,0,4574571
ybaY_predicted,0.14285714285714285,6,6,GCAGCTTCGCAGACATGGCT,0,4587363
ybaY_predicted,0.14285714285714285,6,6,GCAGAGAGCAATATCCTTCC,0,4578320
ybaY_predicted,0.14285714285714285,6,6,GCACGTGATGATGCCTTTTC,0,4560351
ybaY_predicted,0.14285714285714285,6,6,GCACCGTAAAATCTATTAGC,0,4560018
ybaY_predicted,0.14285714285714285,6,6,GCAATGTAAAGGACGCCGTG,0,4591179
ybaY_predicted,0.14285714285714285,6,6,GCAAGCTTATAGTTTATGCA,0,4592184
ybaY_predicted,0.14285714285714285,6,6,GATTTCTAGCGTGTATACCT,0,4578709
ybaY_predicted,0.14285714285714285,6,6,GATTATTAAGTGCACAAACG,0,4544997
ybaY_predicted,0.14285714285714285,6,6,GATGGTGACCGAGGTAATTT,0,4589156
ybaY_predicted,0.14285714285714285,6,6,GATGATTGCTGGTTGGATCT,0,4560368
ybaY_predicted,0.14285714285714285,6,6,GATGAAGCAGACAGCGCTAC,0,4572903
ybaY_predicted,0.14285714285714285,6,6,GATCCGAGGGAGCTCCACGC,0,4545966
ybaY_predicted,0.14285714285714285,6,6,GATAGGGAAGTGCTGTCTTC,0,4576216
ybaY_predicted,0.14285714285714285,6,6,GATACGATATGCCGTGGGGA,0,4562639
ybaY_predicted,0.14285714285714285,6,6,GATAACAGCAATTTAAGCCA,0,4594565
ybaY_predicted,0.14285714285714285,6,6,GAGTTCTGTCTTTGCCTTCT,0,4556838
ybaY_predicted,0.14285714285714285,6,6,GAGTGTGAAATACGACGCGT,0,4566393
ybaY_predicted,0.14285714285714285,6,6,GAGTGGTCAGAGGTAGTAGG,0,4570606
ybaY_predicted,0.14285714285714285,6,6,GAGGTGATATTCTGCTCGTG,0,4570174
ybaY_predicted,0.14285714285714285,6,6,GAGGGTTTGTCCGTTCGGCT,0,4584414
ybaY_predicted,0.14285714285714285,6,6,GAGGGTTGGCTCGAGTGTCT,0,4573147
ybaY_predicted,0.14285714285714285,6,6,GAGGAAGCTATAGTCCACCA,0,4554734
ybaY_predicted,0.14285714285714285,6,6,GAGCCCTAGGGACCGCATGT,0,4589360
ybaY_predicted,0.14285714285714285,6,6,GAGATCCGGAATGTCACACA,0,4564770
ybaY_predicted,0.14285714285714285,6,6,GAGAGTAGCACGAGTATGTA,0,4565129
ybaY_predicted,0.14285714285714285,6,6,GAGACTCACCTTGTTAATCA,0,4583082
ybaY_predicted,0.14285714285714285,6,6,GACTTCCAGTATAAGGGTAG,0,4575514
ybaY_predicted,0.14285714285714285,6,6,GACTGCGTCCCGGGGTGTCC,0,4576774
ybaY_predicted,0.14285714285714285,6,6,GACGTGGCCAGCCTGGTGAA,0,4587122
ybaY_predicted,0.14285714285714285,6,6,GACGATCAATTGATCGGGAG,0,4579255
ybaY_predicted,0.14285714285714285,6,6,GACGACCATGTGAACCGCGA,0,4583390
ybaY_predicted,0.14285714285714285,6,6,GACCTAGGAGTAACATTAAT,0,4553940
ybaY_predicted,0.14285714285714285,6,6,GACACTCCTTTTCGAGGCGT,0,4557969
ybaY_predicted,0.14285714285714285,6,6,GACACGCCTCTGCAGGGCCC,0,4598324
ybaY_predicted,0.14285714285714285,6,6,GACACACGCGGCCAAGACTC,0,4556674
ybaY_predicted,0.14285714285714285,6,6,GAATACGAGTTAGCGCGATC,0,4573099
ybaY_predicted,0.14285714285714285,6,6,GAAGCGTGGCCCGCTCGCGA,0,4589321
ybaY_predicted,0.14285714285714285,6,6,GAAGATTTGTGGCTTATTTG,0,4567180
ybaY_predicted,0.14285714285714285,6,6,GAAGATGGGCACCACCCCGT,0,4570265
ybaY_predicted,0.14285714285714285,6,6,GAACATTTTTCCTGGCACGG,0,4599443
ybaY_predicted,0.14285714285714285,6,6,GAAAGCCTCTATCTTTCCGA,0,4577418
ybaY_predicted,0.14285714285714285,6,6,CTTTTTAAAGTTTCCAATTT,0,4573514
ybaY_predicted,0.14285714285714285,6,6,CTTTGTGACGGCCGTGTCCG,0,4589170
ybaY_predicted,0.14285714285714285,6,6,CTTTCACAGGCGATTTGATT,0,4579481
ybaY_predicted,0.14285714285714285,6,6,CTTGTCAAGTACCGAGAACA,0,4590963
ybaY_predicted,0.14285714285714285,6,6,CTTCCGAAACAGCCCACAAC,0,4583213
ybaY_predicted,0.14285714285714285,6,6,CTTCCAGAGGGGATGTTACA,0,4570905
ybaY_predicted,0.14285714285714285,6,6,CTTCATCTACTTAAGGCACT,0,4566672
ybaY_predicted,0.14285714285714285,6,6,CTGTGGTACACCGGAATCGA,0,4589683
ybaY_predicted,0.14285714285714285,6,6,CTGTAGTCGAGAGTGATCGG,0,4573507
ybaY_predicted,0.14285714285714285,6,6,CTGTAAGTTGTGCCGGATCA,0,4582679
ybaY_predicted,0.14285714285714285,6,6,CTGTAAGCGTTACAATGTTC,0,4547428
ybaY_predicted,0.14285714285714285,6,6,CTGGTTACCCGCCAGATGGC,0,4583223
ybaY_predicted,0.14285714285714285,6,6,CTGGGGCCACTAACTTATGG,0,4563308
ybaY_predicted,0.14285714285714285,6,6,CTGGGCATGTTCACTGCGAG,0,4598584
ybaY_predicted,0.14285714285714285,6,6,CTGGCTAGCCACCACCGCTG,0,4587796
ybaY_predicted,0.14285714285714285,6,6,CTGGAGCTCGCAGGAAGTGA,0,4545100
ybaY_predicted,0.14285714285714285,6,6,CTGCTAACGACAAGTTGCGG,0,4566362
ybaY_predicted,0.14285714285714285,6,6,CTGCACTCCACGGTCGCCCA,0,4579405
ybaY_predicted,0.14285714285714285,6,6,CTGCAAACTTTACGGTCGCT,0,4564643
ybaY_predicted,0.14285714285714285,6,6,CTGAGGGACCTCATACCAAA,0,4563882
ybaY_predicted,0.14285714285714285,6,6,CTGAGGAACGGCCCAGGATT,0,4596960
ybaY_predicted,0.14285714285714285,6,6,CTGAGCGGGCAATAAAATCC,0,4585675
ybaY_predicted,0.14285714285714285,6,6,CTCTGACACTACGATGCGGT,0,4553767
ybaY_predicted,0.14285714285714285,6,6,CTCTGAAAACAAACCGTGCG,0,4582291
ybaY_predicted,0.14285714285714285,6,6,CTCTCCACTTTGTATCAATA,0,4561051
ybaY_predicted,0.14285714285714285,6,6,CTCTCACCATGGCTAACATA,0,4575247
ybaY_predicted,0.14285714285714285,6,6,CTCTAGGGGATTCCCGACGA,0,4580579
ybaY_predicted,0.14285714285714285,6,6,CTCTACCAATGGCGTTCTAT,0,4559760
ybaY_predicted,0.14285714285714285,6,6,CTCGTGCATGCCGTAAGACT,0,4558698
ybaY_predicted,0.14285714285714285,6,6,CTCGGGGTCCTTAGAGCTCA,0,4563665
ybaY_predicted,0.14285714285714285,6,6,CTCGCAAACGGGTGCTTTTG,0,4575228
ybaY_predicted,0.14285714285714285,6,6,CTCCGGGTATGTTGCCTAAA,0,4577733
ybaY_predicted,0.14285714285714285,6,6,CTCCATGAAGGTTAAACATG,0,4598509
ybaY_predicted,0.14285714285714285,6,6,CTCCAGATTTCCAACACAGG,0,4571484
ybaY_predicted,0.14285714285714285,6,6,CTCCAAAACAACGACATGTA,0,4575367
ybaY_predicted,0.14285714285714285,6,6,CTATGCCGAAGGAGATAGCT,0,4581890
ybaY_predicted,0.14285714285714285,6,6,CTAGTCAATAGAGCAGGGCT,0,4599602
ybaY_predicted,0.14285714285714285,6,6,CTACTACACCACATTTATGA,0,4546114
ybaY_predicted,0.14285714285714285,6,6,CTACTAAGTAAACTCGCGTA,0,4560039
ybaY_predicted,0.14285714285714285,6,6,CTACGCGACTTGTATAGGTG,0,4568561
ybaY_predicted,0.14285714285714285,6,6,CTACCTCGGTCAAAGTAGGA,0,4593289
ybaY_predicted,0.14285714285714285,6,6,CTAAGGTATTAGGAGCTCAT,0,4591642
ybaY_predicted,0.14285714285714285,6,6,CTAACTGTTGTACGTGGTCC,0,4589675
ybaY_predicted,0.14285714285714285,6,6,CTAACTCGGTGCCAGTAACG,0,4579106
ybaY_predicted,0.14285714285714285,6,6,CGTTGTCCGACACAAACGCG,0,4583645
ybaY_predicted,0.14285714285714285,6,6,CGTTAAGGTCTGGGTCCTAT,0,4588882
ybaY_predicted,0.14285714285714285,6,6,CGTGGCGCTGCTTACTACGT,0,4550330
ybaY_predicted,0.14285714285714285,6,6,CGTGATACTAGCTCTTGTTT,0,4567604
ybaY_predicted,0.14285714285714285,6,6,CGTGACAGCAACCCGCTGAT,0,4577004
ybaY_predicted,0.14285714285714285,6,6,CGTCTTTTGAGAGTATTTAA,0,4561604
ybaY_predicted,0.14285714285714285,6,6,CGTCGTTGGCAGGCGAGTTG,0,4556051
ybaY_predicted,0.14285714285714285,6,6,CGTCGGCTGGGAAGGTGTGT,0,4552840
ybaY_predicted,0.14285714285714285,6,6,CGTACGGTAAGGCCACATGC,0,4596785
ybaY_predicted,0.14285714285714285,6,6,CGTACACTTTCGCTACCCCC,0,4580605
ybaY_predicted,0.14285714285714285,6,6,CGTAAGGACCAGCAAAGTAT,0,4565191
ybaY_predicted,0.14285714285714285,6,6,CGGTGTTACGTGGATATCGC,0,4558279
ybaY_predicted,0.14285714285714285,6,6,CGGTAACGGCAGACTACAGG,0,4544592
ybaY_predicted,0.14285714285714285,6,6,CGGGTAATAGACAGAGTCCA,0,4596453
ybaY_predicted,0.14285714285714285,6,6,CGGGGAGTGAGTTTCGGAAC,0,4575225
ybaY_predicted,0.14285714285714285,6,6,CGGGCTGACTCCTAACGTAT,0,4581684
ybaY_predicted,0.14285714285714285,6,6,CGGGAATACAGCCCCACAAA,0,4566566
ybaY_predicted,0.14285714285714285,6,6,CGGCTGATTATCAAAAGAGT,0,4584417
ybaY_predicted,0.14285714285714285,6,6,CGGCACCGGTCCCAGGGCGA,0,4598807
ybaY_predicted,0.14285714285714285,6,6,CGGAGACCAACCCGACTAAT,0,4583073
ybaY_predicted,0.14285714285714285,6,6,CGGACTAGTAGCGGCTCCGG,0,4547652
ybaY_predicted,0.14285714285714285,6,6,CGGACCTGGATAAACCGGCT,0,4548397
ybaY_predicted,0.14285714285714285,6,6,CGGAAGCAAAAAGAGTTACA,0,4578410
ybaY_predicted,0.14285714285714285,6,6,CGCTTTTACCACGCTCCGGG,0,4567195
ybaY_predicted,0.14285714285714285,6,6,CGCTGACTTCACTCCCAACA,0,4570847
ybaY_predicted,0.14285714285714285,6,6,CGCGTTCGGGCTGAGTAAGT,0,4565294
ybaY_predicted,0.14285714285714285,6,6,CGCGCGTAGTCAGGTAATGC,0,4587978
ybaY_predicted,0.14285714285714285,6,6,CGCGCCTCGACCACGATCGA,0,4583861
ybaY_predicted,0.14285714285714285,6,6,CGCGAGGTGAGCTTGGTATT,0,4580091
ybaY_predicted,0.14285714285714285,6,6,CGCCTCGAGACTGCACGCTC,0,4580703
ybaY_predicted,0.14285714285714285,6,6,CGCCAGGGCGCATTGAGCTC,0,4596548
ybaY_predicted,0.14285714285714285,6,6,CGCAAGGTGGACGACCGTTT,0,4558527
ybaY_predicted,0.14285714285714285,6,6,CGATGCGACAAGTCATTAGC,0,4562472
ybaY_predicted,0.14285714285714285,6,6,CGATCCGCCTTTCGTTCTAC,0,4566355
ybaY_predicted,0.14285714285714285,6,6,CGATCCGCACCACCATGGTT,0,4595141
ybaY_predicted,0.14285714285714285,6,6,CGATATATATGGATCATTGT,0,4598403
ybaY_predicted,0.14285714285714285,6,6,CGAGGCATTCACGCATTGCC,0,4574331
ybaY_predicted,0.14285714285714285,6,6,CGACTCTCTCTTCATAAACC,0,4554085
ybaY_predicted,0.14285714285714285,6,6,CGACTCCGATAGCAGACTGT,0,4599862
ybaY_predicted,0.14285714285714285,6,6,CGACTATTTCTCCGCATTGG,0,4556738
ybaY_predicted,0.14285714285714285,6,6,CGACCTATCGGTGGTTGAGG,0,4564631
ybaY_predicted,0.14285714285714285,6,6,CGACCAAAGTCTCACTCACT,0,4554073
ybaY_predicted,0.14285714285714285,6,6,CGAATACGACCCGGACTATG,0,4549017
ybaY_predicted,0.14285714285714285,6,6,CGAAGGTGCACGGCCGTATG,0,4586785
ybaY_predicted,0.14285714285714285,6,6,CGAACCTCTCAGGTTGAACC,0,4565045
ybaY_predicted,0.14285714285714285,6,6,CGAACAGGTTACCCGGCCTA,0,4586014
ybaY_predicted,0.14285714285714285,6,6,CGAAAGTGCTACCTGGTAAC,0,4582387
ybaY_predicted,0.14285714285714285,6,6,CGAAAAGGGCAGCTCTCAAG,0,4587218
ybaY_predicted,0.14285714285714285,6,6,CCTTGGCTCGTGTTAATCAA,0,4561295
ybaY_predicted,0.14285714285714285,6,6,CCTTCCAAGGCCTACCGCCA,0,4571927
ybaY_predicted,0.14285714285714285,6,6,CCTGCCTAGTTGGCTACATG,0,4572990
ybaY_predicted,0.14285714285714285,6,6,CCTGCCCTCATTGCTTAAGT,0,4544817
ybaY_predicted,0.14285714285714285,6,6,CCTGCATCCATCTGCTGAAA,0,4589609
ybaY_predicted,0.14285714285714285,6,6,CCTCACTCCAGGCTGCCTCG,0,4566752
ybaY_predicted,0.14285714285714285,6,6,CCTATGGGTCCATTGGGCTG,0,4551848
ybaY_predicted,0.14285714285714285,6,6,CCTACAGAATGAAAGAGCTC,0,4547648
ybaY_predicted,0.14285714285714285,6,6,CCGTGAGCACCATATCCTAT,0,4584327
ybaY_predicted,0.14285714285714285,6,6,CCGTCTAGAGCTGGGGTCAG,0,4580344
ybaY_predicted,0.14285714285714285,6,6,CCGTCGCATGATATCAAGAC,0,4548220
ybaY_predicted,0.14285714285714285,6,6,CCGTAGAAGTAGGCGGTGGA,0,4563180
ybaY_predicted,0.14285714285714285,6,6,CCGGTCTAGGCGTGAGGAAG,0,4591636
ybaY_predicted,0.14285714285714285,6,6,CCGGGAAGTTACAGAGGGAG,0,4571766
ybaY_predicted,0.14285714285714285,6,6,CCGGCCTATTAACGACGGTT,0,4597245
ybaY_predicted,0.14285714285714285,6,6,CCGGCAGTTGCTCTATGATG,0,4588059
ybaY_predicted,0.14285714285714285,6,6,CCGGAATCCATGCGGAATCC,0,4575937
ybaY_predicted,0.14285714285714285,6,6,CCGCTTCGCTAACGTTGGTA,0,4560800
ybaY_predicted,0.14285714285714285,6,6,CCGCTATACAGATGTGTCTC,0,4598506
ybaY_predicted,0.14285714285714285,6,6,CCGCCGGATATGCCCGTATC,0,4552343
ybaY_predicted,0.14285714285714285,6,6,CCGCCCGCCATCCTAGTTTC,0,4555554
ybaY_predicted,0.14285714285714285,6,6,CCGCAACTGTTAGAAGGACG,0,4557710
ybaY_predicted,0.14285714285714285,6,6,CCGATTCCCCAAACTGAAGT,0,4569227
ybaY_predicted,0.14285714285714285,6,6,CCGACAAACAGGATCACAAT,0,4569104
ybaY_predicted,0.14285714285714285,6,6,CCGAATTCACACTATACTTC,0,4598585
ybaY_predicted,0.14285714285714285,6,6,CCGAAAAAACTAGGCGGTTT,0,4550032
ybaY_predicted,0.14285714285714285,6,6,CCCTTTGAGCACATACGCTT,0,4591312
ybaY_predicted,0.14285714285714285,6,6,CCCTTTAAGAGTATAGCCGG,0,4562740
ybaY_predicted,0.14285714285714285,6,6,CCCGTGGTAGGCCTCGCTTG,0,4566073
ybaY_predicted,0.14285714285714285,6,6,CCCGGCGTGGTGTAGAAAGC,0,4554765
ybaY_predicted,0.14285714285714285,6,6,CCCGCCCAATGCAACCGCAA,0,4600180
ybaY_predicted,0.14285714285714285,6,6,CCCCCCGGGAAACAGGGAGA,0,4583371
ybaY_predicted,0.14285714285714285,6,6,CCCATTAAAAAATTTCGATC,0,4579820
ybaY_predicted,0.14285714285714285,6,6,CCCACCCACAGTATCAACCT,0,4574396
ybaY_predicted,0.14285714285714285,6,6,CCATTTTGGGTCCTCTCCCA,0,4564177
ybaY_predicted,0.14285714285714285,6,6,CCATTCACAACACAGCGATT,0,4577120
ybaY_predicted,0.14285714285714285,6,6,CCATGTCACTGGGTATCCCT,0,4599940
ybaY_predicted,0.14285714285714285,6,6,CCATGCTAAGCATAACGCTG,0,4568953
ybaY_predicted,0.14285714285714285,6,6,CCATCCGTTAATGGGATTTC,0,4571099
ybaY_predicted,0.14285714285714285,6,6,CCATACCTTATAATCCGTTG,0,4580005
ybaY_predicted,0.14285714285714285,6,6,CCAGTTGGGAGGCTGGGATG,0,4579258
ybaY_predicted,0.14285714285714285,6,6,CCACGGCATGAGCACACTCC,0,4552810
ybaY_predicted,0.14285714285714285,6,6,CCAAAGCAGGTCTATCGTGC,0,4591273
ybaY_predicted,0.14285714285714285,6,6,CCAAACGGTCTATACGGTAA,0,4592757
ybaY_predicted,0.14285714285714285,6,6,CATTGACGGGAAGTATTCAC,0,4588948
ybaY_predicted,0.14285714285714285,6,6,CATTACGAGGAATACCATTT,0,4556711
ybaY_predicted,0.14285714285714285,6,6,CATTAACATTCTAGGCCTTT,0,4594694
ybaY_predicted,0.14285714285714285,6,6,CATGTTGCTAACTCAAGCGG,0,4579605
ybaY_predicted,0.14285714285714285,6,6,CATGTCTGGGACTGCAAGCG,0,4567560
ybaY_predicted,0.14285714285714285,6,6,CATGAGTTCCGGACCATGAC,0,4551027
ybaY_predicted,0.14285714285714285,6,6,CATGACATTGCTGGGCGTAT,0,4586598
ybaY_predicted,0.14285714285714285,6,6,CATCTTCTTATTGGCACCGC,0,4552365
ybaY_predicted,0.14285714285714285,6,6,CATCAAGTTCCACAGAGCCA,0,4577664
ybaY_predicted,0.14285714285714285,6,6,CATATTTAATTTGAACTTTA,0,4546921
ybaY_predicted,0.14285714285714285,6,6,CATATGTAAATTTGCTTCCT,0,4563835
ybaY_predicted,0.14285714285714285,6,6,CAGGGCTATTTATCATCTTG,0,4547747
ybaY_predicted,0.14285714285714285,6,6,CAGGATAAAGGACAAAGGCC,0,4584361
ybaY_predicted,0.14285714285714285,6,6,CAGGAACCCCCGAGGGCCAG,0,4566712
ybaY_predicted,0.14285714285714285,6,6,CAGCCGATGATGGAGCGACA,0,4579658
ybaY_predicted,0.14285714285714285,6,6,CAGCCCTTCTGGGGATCTGA,0,4564144
ybaY_predicted,0.14285714285714285,6,6,CAGCCAAATTTCGACTAACT,0,4578213
ybaY_predicted,0.14285714285714285,6,6,CAGATTAGAAGGCAGCTATA,0,4547439
ybaY_predicted,0.14285714285714285,6,6,CAGAGGTTGTCCTACGGCTG,0,4557386
ybaY_predicted,0.14285714285714285,6,6,CAGAGCTCTCAGTTGGTATT,0,4545785
ybaY_predicted,0.14285714285714285,6,6,CAGAAGTTGGCCGCTTCTCA,0,4565872
ybaY_predicted,0.14285714285714285,6,6,CACTGTGTTTATTGGCACCG,0,4581242
ybaY_predicted,0.14285714285714285,6,6,CACGTATGGGGCCGGGTAAT,0,4548914
ybaY_predicted,0.14285714285714285,6,6,CACGCGGTTCGCGCCTGACT,0,4596624
ybaY_predicted,0.14285714285714285,6,6,CACGATGGCTTTTTTGATCA,0,4558567
ybaY_predicted,0.14285714285714285,6,6,CACGAGTATGTAGTCGAGAA,0,4553597
ybaY_predicted,0.14285714285714285,6,6,CACGAGGTGGGTGTGACACT,0,4554519
ybaY_predicted,0.14285714285714285,6,6,CACCTTGGTTGCCCCTTTCT,0,4548456
ybaY_predicted,0.14285714285714285,6,6,CACCGTTGCCCTGCATTCGG,0,4550016
ybaY_predicted,0.14285714285714285,6,6,CACCGGTCAGACTGCTATAC,0,4586683
ybaY_predicted,0.14285714285714285,6,6,CACCGATGGGTACGGATCGT,0,4547101
ybaY_predicted,0.14285714285714285,6,6,CACATCTGGGCAGCTCAACT,0,4598344
ybaY_predicted,0.14285714285714285,6,6,CACAGGAAAGAGGCCCCAGG,0,4590294
ybaY_predicted,0.14285714285714285,6,6,CACAAAAGTGAGGGAGCATA,0,4570843
ybaY_predicted,0.14285714285714285,6,6,CAATTCTATTATCTCCCTAG,0,4551630
ybaY_predicted,0.14285714285714285,6,6,CAATTCAGCTTGCGACCAGT,0,4570139
ybaY_predicted,0.14285714285714285,6,6,CAATAACAGTCCACGATTAA,0,4580395
ybaY_predicted,0.14285714285714285,6,6,CAATAACAATTATTGCGTAG,0,4575567
ybaY_predicted,0.14285714285714285,6,6,CAAGGCGACGCACGGTGCTG,0,4588689
ybaY_predicted,0.14285714285714285,6,6,CAAGCTCAATCTAGGCACGT,0,4560055
ybaY_predicted,0.14285714285714285,6,6,CAAGCAAACTGAGACTTGGG,0,4565615
ybaY_predicted,0.14285714285714285,6,6,CAAGACGTACGGTGGCGACT,0,4596679
ybaY_predicted,0.14285714285714285,6,6,CAACTTCCCTGGTTCCTGGC,0,4548488
ybaY_predicted,0.14285714285714285,6,6,CAACTGGAAACTTGGGTGAG,0,4584814
ybaY_predicted,0.14285714285714285,6,6,CAACTCCAGCTCAAGAGCAT,0,4561893
ybaY_predicted,0.14285714285714285,6,6,CAACGGTATTCAGCCGACTT,0,4595363
ybaY_predicted,0.14285714285714285,6,6,CAACGAGCTGCTGGCGGCGA,0,4567220
ybaY_predicted,0.14285714285714285,6,6,CAACGAAAGATGCCGATAGT,0,4568441
ybaY_predicted,0.14285714285714285,6,6,CAACCATTCCGTTTATGGAC,0,4568208
ybaY_predicted,0.14285714285714285,6,6,CAAATTGGAGTATATTCGAA,0,4548065
ybaY_predicted,0.14285714285714285,6,6,CAAATGCCTCTGGGGCTTTA,0,4557307
ybaY_predicted,0.14285714285714285,6,6,CAAACGACAGGTTATCAACG,0,4597009
ybaY_predicted,0.14285714285714285,6,6,CAAACGAACTCGAATCCTTC,0,4593079
ybaY_predicted,0.14285714285714285,6,6,ATTTCCTACGGAGATCTGTA,0,4595292
ybaY_predicted,0.14285714285714285,6,6,ATTTCCAGACCAACCCCCTC,0,4548483
ybaY_predicted,0.14285714285714285,6,6,ATTTATCTCGGCTACGGCGC,0,4554800
ybaY_predicted,0.14285714285714285,6,6,ATTCTGGACTAGCTGGTAAT,0,4594018
ybaY_predicted,0.14285714285714285,6,6,ATTCTAATTGGGTCATAGTG,0,4599033
ybaY_predicted,0.14285714285714285,6,6,ATTCGACGTTCCATAGTGCG,0,4596416
ybaY_predicted,0.14285714285714285,6,6,ATTCATCACGACCAAACGCA,0,4599754
ybaY_predicted,0.14285714285714285,6,6,ATTCACTATCGGGCTAGCAG,0,4558606
ybaY_predicted,0.14285714285714285,6,6,ATTCAACCCAGCAAAACGTC,0,4566151
ybaY_predicted,0.14285714285714285,6,6,ATTATCCCGCGTCACCCAGC,0,4587213
ybaY_predicted,0.14285714285714285,6,6,ATTAATCCTGGTCGTCATAG,0,4592783
ybaY_predicted,0.14285714285714285,6,6,ATTAATCACCTGGGATTTTT,0,4572622
ybaY_predicted,0.14285714285714285,6,6,ATGTACGTGGGCTCGGGCAA,0,4596113
ybaY_predicted,0.14285714285714285,6,6,ATGGTGTTGAGGGCTAGGAT,0,4577601
ybaY_predicted,0.14285714285714285,6,6,ATGGTGCATCTAATGAAGCA,0,4589859
ybaY_predicted,0.14285714285714285,6,6,ATGGACATCGGGACCGGATG,0,4594693
ybaY_predicted,0.14285714285714285,6,6,ATGGAAAACTCAGTTTATTA,0,4595540
ybaY_predicted,0.14285714285714285,6,6,ATGCTAGCATATCCAAGGAA,0,4598123
ybaY_predicted,0.14285714285714285,6,6,ATGCGCATGAAACGGTATCT,0,4579721
ybaY_predicted,0.14285714285714285,6,6,ATGCCTCACCGCTGCTTACA,0,4598515
ybaY_predicted,0.14285714285714285,6,6,ATGCCTAACTGGACCCAACA,0,4556550
ybaY_predicted,0.14285714285714285,6,6,ATGCATCAATGATGAAAGGA,0,4580429
ybaY_predicted,0.14285714285714285,6,6,ATGCATAGCCTGCTTAATGT,0,4550873
ybaY_predicted,0.14285714285714285,6,6,ATGCACACAGCAAACAGTAC,0,4581797
ybaY_predicted,0.14285714285714285,6,6,ATGACGTAGCCGGGTCCCTC,0,4591813
ybaY_predicted,0.14285714285714285,6,6,ATGACGGGGGCTAATCGACC,0,4568192
ybaY_predicted,0.14285714285714285,6,6,ATGACCAGTTGTAGGAAGGT,0,4544425
ybaY_predicted,0.14285714285714285,6,6,ATGAAATATTGGCTTGACGC,0,4562902
ybaY_predicted,0.14285714285714285,6,6,ATGAAACATCAAGAGCGCCA,0,4594229
ybaY_predicted,0.14285714285714285,6,6,ATGAAACAAACCCTTCCGCC,0,4595417
ybaY_predicted,0.14285714285714285,6,6,ATCTGCCAAGGCGTCCTGGG,0,4548953
ybaY_predicted,0.14285714285714285,6,6,ATCTCGGCTTCGCGTGAGCC,0,4570204
ybaY_predicted,0.14285714285714285,6,6,ATCTACGGTCTGGCCCGAGC,0,4584968
ybaY_predicted,0.14285714285714285,6,6,ATCGGGCGACACTGCTGGTA,0,4554015
ybaY_predicted,0.14285714285714285,6,6,ATCGGGCAGTATAGGTTACA,0,4582678
ybaY_predicted,0.14285714285714285,6,6,ATCGCGAGGCGAAAGACTTC,0,4583844
ybaY_predicted,0.14285714285714285,6,6,ATCGCATGTTTGTTCCTGGA,0,4572436
ybaY_predicted,0.14285714285714285,6,6,ATCGATGGGGGGGATTATTA,0,4583028
ybaY_predicted,0.14285714285714285,6,6,ATCCGGCGACTGTTGGCTTT,0,4574958
ybaY_predicted,0.14285714285714285,6,6,ATCCAGTCGAATCAGAACTA,0,4598316
ybaY_predicted,0.14285714285714285,6,6,ATCCACCCCTACCAACCCAA,0,4568203
ybaY_predicted,0.14285714285714285,6,6,ATATGCGGGGCAATCAATAT,0,4580438
ybaY_predicted,0.14285714285714285,6,6,ATATGATACCCCATTCCGAG,0,4555822
ybaY_predicted,0.14285714285714285,6,6,ATATAGTTACTTCACCCCTT,0,4564409
ybaY_predicted,0.14285714285714285,6,6,ATAGTCAGTACAGTCCAGTC,0,4551233
ybaY_predicted,0.14285714285714285,6,6,ATAGTAATAGGAGATGAAGT,0,4552424
ybaY_predicted,0.14285714285714285,6,6,ATAGAGCTTCGAGAACAACA,0,4548226
ybaY_predicted,0.14285714285714285,6,6,ATAGAAGCGCCGGCGCACGA,0,4564420
ybaY_predicted,0.14285714285714285,6,6,ATAGAAAAATTCGTCCGGGG,0,4599941
ybaY_predicted,0.14285714285714285,6,6,ATACGTAGTGGAGAACGAGC,0,4580235
ybaY_predicted,0.14285714285714285,6,6,ATACCCCGTTGGCCTACTGA,0,4586794
ybaY_predicted,0.14285714285714285,6,6,ATACATACACCTTACGGTTT,0,4557856
ybaY_predicted,0.14285714285714285,6,6,ATACAGATTGGTATCGTCCG,0,4573969
ybaY_predicted,0.14285714285714285,6,6,ATACACGTGAATATGTACTA,0,4582502
ybaY_predicted,0.14285714285714285,6,6,ATAAATGACTTCTACCATGA,0,4570913
ybaY_predicted,0.14285714285714285,6,6,AGTTGAATGCCATTCCGTTT,0,4581278
ybaY_predicted,0.14285714285714285,6,6,AGTTCCTGCAAAGGTAGCTT,0,4545958
ybaY_predicted,0.14285714285714285,6,6,AGTTCCCATCGCGGTGAGAT,0,4581480
ybaY_predicted,0.14285714285714285,6,6,AGTGGATGAGTCAGGGTAGC,0,4592609
ybaY_predicted,0.14285714285714285,6,6,AGTGCGCTTGGAACATGCTG,0,4599310
ybaY_predicted,0.14285714285714285,6,6,AGTGAAAAAATATAACGGAT,0,4580252
ybaY_predicted,0.14285714285714285,6,6,AGTCGCACTCCGCCGATAGA,0,4548358
ybaY_predicted,0.14285714285714285,6,6,AGTCAGGATACCTTAGGTAG,0,4545906
ybaY_predicted,0.14285714285714285,6,6,AGTCAACTGCGAACCTCAAG,0,4558136
ybaY_predicted,0.14285714285714285,6,6,AGTATCGCAGTACTAAGCTT,0,4556131
ybaY_predicted,0.14285714285714285,6,6,AGTACCGGCGGTCTATACGA,0,4553861
ybaY_predicted,0.14285714285714285,6,6,AGGTCTTAGGAACCTAGTGG,0,4594089
ybaY_predicted,0.14285714285714285,6,6,AGGGTTAGGTACTGTTGTCC,0,4564640
ybaY_predicted,0.14285714285714285,6,6,AGGGTAATTCGTGCTTCAAT,0,4550569
ybaY_predicted,0.14285714285714285,6,6,AGGGCGGCGCAATTCGATTG,0,4552818
ybaY_predicted,0.14285714285714285,6,6,AGGGCCGCATGTTGTCTTGA,0,4565416
ybaY_predicted,0.14285714285714285,6,6,AGGGATTACAACCCACCGGG,0,4552511
ybaY_predicted,0.14285714285714285,6,6,AGGGATACAGTACCCCCTCT,0,4593352
ybaY_predicted,0.14285714285714285,6,6,AGGCTTTGAGCCAAGGTCGA,0,4595343
ybaY_predicted,0.14285714285714285,6,6,AGGCCGCGTAGCATTGAAGA,0,4565803
ybaY_predicted,0.14285714285714285,6,6,AGGCCCCGTACGTTGAAAGT,0,4576713
ybaY_predicted,0.14285714285714285,6,6,AGGCCATCGTGATGCGATAC,0,4592578
ybaY_predicted,0.14285714285714285,6,6,AGGAGGACCGATAGGGGTTA,0,4584044
ybaY_predicted,0.14285714285714285,6,6,AGGAGCGAATATCGGTCTAT,0,4557967
ybaY_predicted,0.14285714285714285,6,6,AGGACTGCTGCCCATGCAAT,0,4594957
ybaY_predicted,0.14285714285714285,6,6,AGGACGTTGCCACGCAAACT,0,4549832
ybaY_predicted,0.14285714285714285,6,6,AGCTTCAACTAGCGTCAACA,0,4547497
ybaY_predicted,0.14285714285714285,6,6,AGCTCACTATCATGCGTGGG,0,4576447
ybaY_predicted,0.14285714285714285,6,6,AGCTCACACGGGCACAGAAC,0,4549881
ybaY_predicted,0.14285714285714285,6,6,AGCGTGTATCTTCTCGGGCA,0,4588968
ybaY_predicted,0.14285714285714285,6,6,AGCGTCATGCTTGCGGCTCC,0,4553788
ybaY_predicted,0.14285714285714285,6,6,AGCGCACAGGTTTAGAAGGT,0,4549638
ybaY_predicted,0.14285714285714285,6,6,AGCCTTACCACTCAGTGGGG,0,4570177
ybaY_predicted,0.14285714285714285,6,6,AGCCTTAATCTACTTCGGTG,0,4557430
ybaY_predicted,0.14285714285714285,6,6,AGCCAGGTGAGACCAGAGAA,0,4547801
ybaY_predicted,0.14285714285714285,6,6,AGCCACGGGTATAAGCGCAT,0,4582666
ybaY_predicted,0.14285714285714285,6,6,AGCATCACTAACGGTCGATG,0,4560528
ybaY_predicted,0.14285714285714285,6,6,AGCACTCCAGGCAGTATGTG,0,4552052
ybaY_predicted,0.14285714285714285,6,6,AGCACGCGCCTCTAAGAGCT,0,4547986
ybaY_predicted,0.14285714285714285,6,6,AGCAATTCAGGGGAGTATAA,0,4589136
ybaY_predicted,0.14285714285714285,6,6,AGATGCTGAGCCAATGCATT,0,4564079
ybaY_predicted,0.14285714285714285,6,6,AGACGACCCGTGCCGAAGAA,0,4590191
ybaY_predicted,0.14285714285714285,6,6,AGACCGCCTCCCTTCCTATG,0,4586048
ybaY_predicted,0.14285714285714285,6,6,AGAAGCAATCGCAGGGCTAA,0,4575387
ybaY_predicted,0.14285714285714285,6,6,ACTGGGGTACGGCCACTTGT,0,4561940
ybaY_predicted,0.14285714285714285,6,6,ACTGGAGATTGTGAGAGGTG,0,4588476
ybaY_predicted,0.14285714285714285,6,6,ACTGCTGTGGTCTTGCCAAC,0,4548555
ybaY_predicted,0.14285714285714285,6,6,ACTCATGACAGCTCATCACC,0,4569491
ybaY_predicted,0.14285714285714285,6,6,ACTCATCGTGGAAGAACTGG,0,4568702
ybaY_predicted,0.14285714285714285,6,6,ACTCATAACAGCTCAAATTT,0,4552615
ybaY_predicted,0.14285714285714285,6,6,ACTCATAACACTTCGTTGCT,0,4594291
ybaY_predicted,0.14285714285714285,6,6,ACTCACGGCTGATCCTATTA,0,4554047
ybaY_predicted,0.14285714285714285,6,6,ACGTAATTACCGTGTACCGA,0,4559421
ybaY_predicted,0.14285714285714285,6,6,ACGGGAGAGCACGTCGGTCT,0,4550793
ybaY_predicted,0.14285714285714285,6,6,ACGGCCTTAATCCTGCAGCG,0,4595447
ybaY_predicted,0.14285714285714285,6,6,ACGGCACGCGTATGCGGCCG,0,4576448
ybaY_predicted,0.14285714285714285,6,6,ACGCTCATACCACAGAGGCA,0,4587498
ybaY_predicted,0.14285714285714285,6,6,ACGCCCGAGCATCCTGGCTC,0,4596623
ybaY_predicted,0.14285714285714285,6,6,ACGCCACCATTAGACTAGCC,0,4559931
ybaY_predicted,0.14285714285714285,6,6,ACGCAGCGCTCGGTCGCAGA,0,4555162
ybaY_predicted,0.14285714285714285,6,6,ACGATTAACATGACCCCTCG,0,4558267
ybaY_predicted,0.14285714285714285,6,6,ACCTTTTGCACTTTTCTCAC,0,4564773
ybaY_predicted,0.14285714285714285,6,6,ACCTACGGGTAATTTAAGTT,0,4560145
ybaY_predicted,0.14285714285714285,6,6,ACCGTCCTTCTTGGGGAGGT,0,4565869
ybaY_predicted,0.14285714285714285,6,6,ACCCGGACTGCAAGAGTTCT,0,4598835
ybaY_predicted,0.14285714285714285,6,6,ACCCCGGTGCGGCCCTCTGT,0,4587105
ybaY_predicted,0.14285714285714285,6,6,ACCCAGGTTCGCTATAGTTG,0,4560360
ybaY_predicted,0.14285714285714285,6,6,ACCATCCACGACCAGGCCAC,0,4558120
ybaY_predicted,0.14285714285714285,6,6,ACCATCAGTAGATTGCACTG,0,4567515
ybaY_predicted,0.14285714285714285,6,6,ACCAGTTCGGAGGACAGTCT,0,4551511
ybaY_predicted,0.14285714285714285,6,6,ACATTTGTCCCACTCGAGAG,0,4549563
ybaY_predicted,0.14285714285714285,6,6,ACATGTGCATACGACCTGCG,0,4599515
ybaY_predicted,0.14285714285714285,6,6,ACATGGTCTTACGATCGGTA,0,4581621
ybaY_predicted,0.14285714285714285,6,6,ACAGGGAACAGCCTACGTCG,0,4568521
ybaY_predicted,0.14285714285714285,6,6,ACACGATTACTTCTGTATCG,0,4600516
ybaY_predicted,0.14285714285714285,6,6,ACACCGCCCTGCGTAGTAGT,0,4576801
ybaY_predicted,0.14285714285714285,6,6,ACAAGTACTCCGAAGTGAGG,0,4581682
ybaY_predicted,0.14285714285714285,6,6,ACAACGTCCGTTACGCTTAT,0,4583411
ybaY_predicted,0.14285714285714285,6,6,ACAACCGTGACATGTGCTTT,0,4554196
ybaY_predicted,0.14285714285714285,6,6,ACAACCGGCGTCACCCAGAA,0,4562624
ybaY_predicted,0.14285714285714285,6,6,AATTACGGCGCCTGTCTGGA,0,4561319
ybaY_predicted,0.14285714285714285,6,6,AATGGACGTTCGTCCGATCA,0,4553343
ybaY_predicted,0.14285714285714285,6,6,AATCGCTGGTGGAAAGTCGG,0,4563886
ybaY_predicted,0.14285714285714285,6,6,AATCGCTCCTTAAACTTCTG,0,4587693
ybaY_predicted,0.14285714285714285,6,6,AATCCGGTGGAAGGCCGGGT,0,4592417
ybaY_predicted,0.14285714285714285,6,6,AATATCTGGTATTATAAGTA,0,4596626
ybaY_predicted,0.14285714285714285,6,6,AATAGTCATCTCTGAGGGCT,0,4581927
ybaY_predicted,0.14285714285714285,6,6,AATACTTGCAAACGCTGGTT,0,4570636
ybaY_predicted,0.14285714285714285,6,6,AATAACTCATTGTGCCCGAG,0,4577144
ybaY_predicted,0.14285714285714285,6,6,AAGTTTCGGTGAGTATATCT,0,4578142
ybaY_predicted,0.14285714285714285,6,6,AAGTGATAAGGTGTAACTTC,0,4570808
ybaY_predicted,0.14285714285714285,6,6,AAGTCTCTTAGGAAGGCATA,0,4561844
ybaY_predicted,0.14285714285714285,6,6,AAGGTCACCAAGGCATGCGA,0,4568435
ybaY_predicted,0.14285714285714285,6,6,AAGGTCAAATGCCTAAATAT,0,4544777
ybaY_predicted,0.14285714285714285,6,6,AAGGCCGGAGCGTCGCCGCG,0,4571483
ybaY_predicted,0.14285714285714285,6,6,AAGGCAGTCTGTAATATCTT,0,4559694
ybaY_predicted,0.14285714285714285,6,6,AAGCCGGTTGCCGTTCAGGG,0,4554021
ybaY_predicted,0.14285714285714285,6,6,AAGCACCGATAAGAGTAAGC,0,4547731
ybaY_predicted,0.14285714285714285,6,6,AACTTTGGTGTACAGTACAG,0,4556585
ybaY_predicted,0.14285714285714285,6,6,AACTTTGGTGCTGACGAGGT,0,4563853
ybaY_predicted,0.14285714285714285,6,6,AACTCGCCGGCCAATCCTTG,0,4554904
ybaY_predicted,0.14285714285714285,6,6,AACTAGACAGAGAGCTTTTC,0,4577891
ybaY_predicted,0.14285714285714285,6,6,AACGTGTATTGATCCTTGTA,0,4573585
ybaY_predicted,0.14285714285714285,6,6,AACGTCTATTAGGCTAACTC,0,4573935
ybaY_predicted,0.14285714285714285,6,6,AACGGAAATGGGTTAGTTTA,0,4598677
ybaY_predicted,0.14285714285714285,6,6,AACGCGGTTATTCTCCGCGT,0,4592092
ybaY_predicted,0.14285714285714285,6,6,AACCGAATATGTAATTGGGA,0,4553057
ybaY_predicted,0.14285714285714285,6,6,AACCAATATACAGTGCATTC,0,4558570
ybaY_predicted,0.14285714285714285,6,6,AACAGCGAGAGGTGGCCTAC,0,4572491
ybaY_predicted,0.14285714285714285,6,6,AACACAACCGTCATTGCTGA,0,4588073
ybaY_predicted,0.14285714285714285,6,6,AAATTAACGTAGTTGGCCAT,0,4575631
ybaY_predicted,0.14285714285714285,6,6,AAATCTAGACCGTCATAGAC,0,4589961
ybaY_predicted,0.14285714285714285,6,6,AAAGTCCTGCGAGGTCGGTG,0,4550319
ybaY_predicted,0.14285714285714285,6,6,AAACGAATGATCAACAAAAA,0,4573909
ybaY_predicted,0.14285714285714285,6,6,AAAATATTGTTCCAGCGAGT,0,4576055
ybaY_predicted,0.14285714285714285,6,6,AAAAGTCACCAGAACGCGAG,0,4595562
ybaY_predicted,0.14285714285714285,6,6,AAAAAGCTAAATCCTGCGCG,0,4547496
ybaY_predicted,0.16666666666666666,5,5,TTTTTATCGCCACAGAATAT,0,4561439
ybaY_predicted,0.16666666666666666,5,5,TTTTCTAGCCCGGCATCTCT,0,4558135
ybaY_predicted,0.16666666666666666,5,5,TTTTCGCCGCTTGGACTGGT,0,4576029
ybaY_predicted,0.16666666666666666,5,5,TTTTCCTAATCGGGACGCCG,0,4566097
ybaY_predicted,0.16666666666666666,5,5,TTTTATCGAATTACAGGCAC,0,4562689
ybaY_predicted,0.16666666666666666,5,5,TTTTAAAGCGCGATAGGGTG,0,4586499
ybaY_predicted,0.16666666666666666,5,5,TTTGTCTTTGTCATGCTGCA,0,4544496
ybaY_predicted,0.16666666666666666,5,5,TTTGGAACCCTGGTTCTGAA,0,4590084
ybaY_predicted,0.16666666666666666,5,5,TTTCCCGCTTGTCAGCCGTA,0,4596276
ybaY_predicted,0.16666666666666666,5,5,TTTCAAGTAACTGACCACCC,0,4588016
ybaY_predicted,0.16666666666666666,5,5,TTTCAACCAGATGGCATCCT,0,4589790
ybaY_predicted,0.16666666666666666,5,5,TTTAATGAACCTATCCATCC,0,4549346
ybaY_predicted,0.16666666666666666,5,5,TTTAAAAAGGTAGTAGCTTG,0,4566887
ybaY_predicted,0.16666666666666666,5,5,TTGTTAACTCACTCGACCTG,0,4546725
ybaY_predicted,0.16666666666666666,5,5,TTGTGATGCAGATTACACGA,0,4547494
ybaY_predicted,0.16666666666666666,5,5,TTGTCGCTGTGTTCAGATAG,0,4590175
ybaY_predicted,0.16666666666666666,5,5,TTGTATCTGAGCATGGGATA,0,4556423
ybaY_predicted,0.16666666666666666,5,5,TTGGGACGATATTAATCAAG,0,4550048
ybaY_predicted,0.16666666666666666,5,5,TTGGGACGAACAGGTGAACT,0,4577848
ybaY_predicted,0.16666666666666666,5,5,TTGGCGTGAGTTTGATGAGC,0,4586668
ybaY_predicted,0.16666666666666666,5,5,TTGGCCCCATTAAATGTTTG,0,4563330
ybaY_predicted,0.16666666666666666,5,5,TTGGCAGCCGGACATAGTTA,0,4548961
ybaY_predicted,0.16666666666666666,5,5,TTGCATGGGCACCACGCTCT,0,4588956
ybaY_predicted,0.16666666666666666,5,5,TTGATGTTCTTTCATTCTCG,0,4570364
ybaY_predicted,0.16666666666666666,5,5,TTGATAGTATAATAATAACT,0,4576748
ybaY_predicted,0.16666666666666666,5,5,TTGAGAAGCCGTAAAGATTA,0,4544674
ybaY_predicted,0.16666666666666666,5,5,TTCTTTTTTTCTCACAATAT,0,4561917
ybaY_predicted,0.16666666666666666,5,5,TTCTGGTATGAATGGGCTTA,0,4546930
ybaY_predicted,0.16666666666666666,5,5,TTCTGCTACGGAAGGTATTT,0,4553800
ybaY_predicted,0.16666666666666666,5,5,TTCTGAAATCGCTCGATATG,0,4569822
ybaY_predicted,0.16666666666666666,5,5,TTCTCCATTGCCAAGAGCCT,0,4577691
ybaY_predicted,0.16666666666666666,5,5,TTCGTTAACAACGAAATTAG,0,4571136
ybaY_predicted,0.16666666666666666,5,5,TTCGTATAATTTGGCACAGT,0,4577445
ybaY_predicted,0.16666666666666666,5,5,TTCGGAGGCACGATGATCCG,0,4555166
ybaY_predicted,0.16666666666666666,5,5,TTCGCTTTAGAGCCTTACAG,0,4594305
ybaY_predicted,0.16666666666666666,5,5,TTCGCTGTGATGCTCACACC,0,4578339
ybaY_predicted,0.16666666666666666,5,5,TTCGAATAAGCCAGACGGTA,0,4560819
ybaY_predicted,0.16666666666666666,5,5,TTCGAAACCATTGTGGTGCT,0,4599345
ybaY_predicted,0.16666666666666666,5,5,TTCCGTACGGCGCAATCTGT,0,4587921
ybaY_predicted,0.16666666666666666,5,5,TTCCCGCTGATAATTCGGGA,0,4549122
ybaY_predicted,0.16666666666666666,5,5,TTCCATATACAGATCTGTTA,0,4560073
ybaY_predicted,0.16666666666666666,5,5,TTCCAAGCCACGTCCTCCAG,0,4600063
ybaY_predicted,0.16666666666666666,5,5,TTCATTGGCAAGTGGCAATT,0,4565913
ybaY_predicted,0.16666666666666666,5,5,TTCATAACGGTTTCATCCCA,0,4578475
ybaY_predicted,0.16666666666666666,5,5,TTCAGTAATGTCCTATGACG,0,4590351
ybaY_predicted,0.16666666666666666,5,5,TTCACCTGGAAGTTGGTCTG,0,4571993
ybaY_predicted,0.16666666666666666,5,5,TTCAAGCGTAGACTGACTCT,0,4556485
ybaY_predicted,0.16666666666666666,5,5,TTATTGTTTCCGAACTAAAT,0,4549095
ybaY_predicted,0.16666666666666666,5,5,TTATGTGTAGTCCAATGTTC,0,4578088
ybaY_predicted,0.16666666666666666,5,5,TTAGAGGAAGGATTTCTATT,0,4574982
ybaY_predicted,0.16666666666666666,5,5,TTAGAAAATGAGCCCATCAG,0,4566112
ybaY_predicted,0.16666666666666666,5,5,TTACTTCATAAAATCTATCA,0,4547194
ybaY_predicted,0.16666666666666666,5,5,TTACGGGATGTGATGTGCAA,0,4555886
ybaY_predicted,0.16666666666666666,5,5,TTACGCCGACTTGGGTAAAA,0,4593344
ybaY_predicted,0.16666666666666666,5,5,TTACGATTAGTATCTTACAG,0,4557081
ybaY_predicted,0.16666666666666666,5,5,TTACAGAAGAGAAATTCTTT,0,4586261
ybaY_predicted,0.16666666666666666,5,5,TTAATTATCGGTTAGATTCT,0,4564501
ybaY_predicted,0.16666666666666666,5,5,TTAATCGCGGGACCTTCACC,0,4581264
ybaY_predicted,0.16666666666666666,5,5,TTAAACGTGTGCATATTCGA,0,4571809
ybaY_predicted,0.16666666666666666,5,5,TGTTTTTCTTAGCCCTTTGA,0,4591760
ybaY_predicted,0.16666666666666666,5,5,TGTGTAAAAAGCCCACAGCA,0,4557239
ybaY_predicted,0.16666666666666666,5,5,TGTGCCGCACCCGCTGCCTG,0,4569423
ybaY_predicted,0.16666666666666666,5,5,TGTGCAAATAACCGCAGCTC,0,4583558
ybaY_predicted,0.16666666666666666,5,5,TGTGATAGTAACCATTTCTC,0,4581400
ybaY_predicted,0.16666666666666666,5,5,TGTCCCCGTGCCTGTTCCGC,0,4575140
ybaY_predicted,0.16666666666666666,5,5,TGTCCAGAAATCACATCACC,0,4566555
ybaY_predicted,0.16666666666666666,5,5,TGTCAAGTGTGCGCGATCGT,0,4577668
ybaY_predicted,0.16666666666666666,5,5,TGTATCGGATTTACCGGCTG,0,4544568
ybaY_predicted,0.16666666666666666,5,5,TGTAGTTCATAATGGATTAA,0,4595177
ybaY_predicted,0.16666666666666666,5,5,TGTAGTAACTTAGCCAGCTG,0,4567508
ybaY_predicted,0.16666666666666666,5,5,TGTAGGTTATACCAAGACGA,0,4579224
ybaY_predicted,0.16666666666666666,5,5,TGGTGCAGGCATTAATCCAG,0,4566516
ybaY_predicted,0.16666666666666666,5,5,TGGTCCCTGTTGTCACGGAC,0,4575795
ybaY_predicted,0.16666666666666666,5,5,TGGTCCCGGAATGGGTAGCG,0,4593635
ybaY_predicted,0.16666666666666666,5,5,TGGTCACTCAGGAGTTAACT,0,4561345
ybaY_predicted,0.16666666666666666,5,5,TGGGGATACGTACAAAGCTT,0,4594518
ybaY_predicted,0.16666666666666666,5,5,TGGGCTTTGGGAATCTCATT,0,4546852
ybaY_predicted,0.16666666666666666,5,5,TGGGATTTGGTAAGCTTTCC,0,4595824
ybaY_predicted,0.16666666666666666,5,5,TGGCTGACTAAGCAAAATAG,0,4570256
ybaY_predicted,0.16666666666666666,5,5,TGGCCTCCTTTGACGACATC,0,4587669
ybaY_predicted,0.16666666666666666,5,5,TGGCCGGTCAATTACCACAA,0,4600712
ybaY_predicted,0.16666666666666666,5,5,TGGCACGGAGACGTGCTAAA,0,4566704
ybaY_predicted,0.16666666666666666,5,5,TGGAGGCCCCTGTCAATATG,0,4578615
ybaY_predicted,0.16666666666666666,5,5,TGGACGCGTATATCACTTAA,0,4554796
ybaY_predicted,0.16666666666666666,5,5,TGGACATGTCGAACGGCACA,0,4569993
ybaY_predicted,0.16666666666666666,5,5,TGGAACTAGAACGAGTTAGT,0,4563572
ybaY_predicted,0.16666666666666666,5,5,TGGAACCAACAACCATCCAC,0,4597099
ybaY_predicted,0.16666666666666666,5,5,TGGAACAGTTCACCGTTCCA,0,4572398
ybaY_predicted,0.16666666666666666,5,5,TGCTACGAAATCGAATTACG,0,4574096
ybaY_predicted,0.16666666666666666,5,5,TGCGGTAGGGGGAACAAAAC,0,4568481
ybaY_predicted,0.16666666666666666,5,5,TGCGGCTCCCGTACGGGTTG,0,4545870
ybaY_predicted,0.16666666666666666,5,5,TGCGAGCATTTTAGTCCAGC,0,4560496
ybaY_predicted,0.16666666666666666,5,5,TGCCTTGCGCCCGTTAGGCC,0,4584705
ybaY_predicted,0.16666666666666666,5,5,TGCCAGTGGGGACATATAAA,0,4579991
ybaY_predicted,0.16666666666666666,5,5,TGCCAGGTGCGAGCATCGAA,0,4561914
ybaY_predicted,0.16666666666666666,5,5,TGCATACGAACCTTGAGAGA,0,4564293
ybaY_predicted,0.16666666666666666,5,5,TGCAGGCCCCCCATAGTTAT,0,4588396
ybaY_predicted,0.16666666666666666,5,5,TGCAGACTAATAACTTAGTG,0,4569136
ybaY_predicted,0.16666666666666666,5,5,TGCACCGGGCATAAACGTAA,0,4596491
ybaY_predicted,0.16666666666666666,5,5,TGCAAGCCTGGACAGTCAAA,0,4573966
ybaY_predicted,0.16666666666666666,5,5,TGCAAAGTGCCGATCTCCGC,0,4576247
ybaY_predicted,0.16666666666666666,5,5,TGATGTAGCGGCTACGTTAC,0,4554368
ybaY_predicted,0.16666666666666666,5,5,TGATGCTTTTACGGAACAGG,0,4585679
ybaY_predicted,0.16666666666666666,5,5,TGATGCTGGTGGTCGAGCAA,0,4596007
ybaY_predicted,0.16666666666666666,5,5,TGATAGATAACTATAAATTC,0,4569500
ybaY_predicted,0.16666666666666666,5,5,TGATAGACGAATTGGACCTG,0,4591942
ybaY_predicted,0.16666666666666666,5,5,TGATACTAAGTCAGAACACC,0,4599699
ybaY_predicted,0.16666666666666666,5,5,TGAGGCACTTCAGCCCAAGA,0,4562696
ybaY_predicted,0.16666666666666666,5,5,TGAGAATATATACCACACCA,0,4572206
ybaY_predicted,0.16666666666666666,5,5,TGACTTGTCTGTCTCGTCAC,0,4565287
ybaY_predicted,0.16666666666666666,5,5,TGACTATGCTCCCGACCTCT,0,4585092
ybaY_predicted,0.16666666666666666,5,5,TGACGGATAAAATACCCACA,0,4559275
ybaY_predicted,0.16666666666666666,5,5,TGACCCAAGCCTCGCATGAT,0,4589142
ybaY_predicted,0.16666666666666666,5,5,TGACAAGTTTGGACTATTGG,0,4581619
ybaY_predicted,0.16666666666666666,5,5,TGAAAGCTCCTGCTGTCCCG,0,4546739
ybaY_predicted,0.16666666666666666,5,5,TCTTGTCAGCGCGCTAGGCC,0,4586066
ybaY_predicted,0.16666666666666666,5,5,TCTTCGCTGCCATTGAGGAA,0,4581403
ybaY_predicted,0.16666666666666666,5,5,TCTTCCTAACCTGTTAATAC,0,4591009
ybaY_predicted,0.16666666666666666,5,5,TCTGGTCATCGATGAGACAC,0,4594048
ybaY_predicted,0.16666666666666666,5,5,TCTGGAGAAAAAGCTCCGGA,0,4585116
ybaY_predicted,0.16666666666666666,5,5,TCTGCAATAGGCCGTTCAAA,0,4567399
ybaY_predicted,0.16666666666666666,5,5,TCTGATATGGGATCTTCTAG,0,4566966
ybaY_predicted,0.16666666666666666,5,5,TCTGAAAATTCAAGGTGTGA,0,4588279
ybaY_predicted,0.16666666666666666,5,5,TCTCTGCGCCAATTTGGGGT,0,4555701
ybaY_predicted,0.16666666666666666,5,5,TCTCATGGAAGAAAGAGTGA,0,4598021
ybaY_predicted,0.16666666666666666,5,5,TCTATGGTGGGAGACCTGGT,0,4584928
ybaY_predicted,0.16666666666666666,5,5,TCTAGGGCGCCTGTCGGTAT,0,4572768
ybaY_predicted,0.16666666666666666,5,5,TCTACCCATTAGTCACCGGC,0,4563036
ybaY_predicted,0.16666666666666666,5,5,TCGTGTGGCCCTTCCGTCGA,0,4579766
ybaY_predicted,0.16666666666666666,5,5,TCGTCGTACGCTAAAGATCC,0,4597252
ybaY_predicted,0.16666666666666666,5,5,TCGGTCCATACATAAACACT,0,4577450
ybaY_predicted,0.16666666666666666,5,5,TCGGTCATACGGACTGGTTA,0,4564506
ybaY_predicted,0.16666666666666666,5,5,TCGGTATTCAATACGAATGG,0,4555499
ybaY_predicted,0.16666666666666666,5,5,TCGGAGAGCGATTCTTCATC,0,4561912
ybaY_predicted,0.16666666666666666,5,5,TCGGACGCGACGTTTTCCGC,0,4551300
ybaY_predicted,0.16666666666666666,5,5,TCGGAACTTTCGTACAGGCC,0,4557705
ybaY_predicted,0.16666666666666666,5,5,TCGCCTGAGTATGACTACGA,0,4553077
ybaY_predicted,0.16666666666666666,5,5,TCGCCTCCGACAGGCCTGTA,0,4598463
ybaY_predicted,0.16666666666666666,5,5,TCGCATCGCCGTCAGGCGAT,0,4577268
ybaY_predicted,0.16666666666666666,5,5,TCGCAGTGAGAACGAGATTA,0,4564278
ybaY_predicted,0.16666666666666666,5,5,TCGCAGGGATTCGCGCAGGG,0,4558736
ybaY_predicted,0.16666666666666666,5,5,TCGCACCGGCATGAAGTTTA,0,4585087
ybaY_predicted,0.16666666666666666,5,5,TCGATTATATGCTGCATGAA,0,4577728
ybaY_predicted,0.16666666666666666,5,5,TCGAAGACATCCGGTAGCAG,0,4570875
ybaY_predicted,0.16666666666666666,5,5,TCCTCACTTCTTAAGAAAGC,0,4556667
ybaY_predicted,0.16666666666666666,5,5,TCCGTTTACCCGCCAAGGGT,0,4546161
ybaY_predicted,0.16666666666666666,5,5,TCCGGCAAACCAACGCGCAT,0,4558543
ybaY_predicted,0.16666666666666666,5,5,TCCGCTGGCGGACCAGAATT,0,4582690
ybaY_predicted,0.16666666666666666,5,5,TCCAAATTGCGCGGCCTCTA,0,4575399
ybaY_predicted,0.16666666666666666,5,5,TCATTTCTAGCGCTAGGGCC,0,4558619
ybaY_predicted,0.16666666666666666,5,5,TCATTGAAAAAGCGCTTCAA,0,4557941
ybaY_predicted,0.16666666666666666,5,5,TCATGTAGCGGACCACGTCT,0,4575927
ybaY_predicted,0.16666666666666666,5,5,TCATCCCGAAAGACGACCGG,0,4590288
ybaY_predicted,0.16666666666666666,5,5,TCATATGAAATGGGTACGGG,0,4568210
ybaY_predicted,0.16666666666666666,5,5,TCAGACTTCTCAAGCGAGCA,0,4563388
ybaY_predicted,0.16666666666666666,5,5,TCACGTGCATTTCAGGGAGT,0,4570781
ybaY_predicted,0.16666666666666666,5,5,TCACCTGGCAGGCAGTATTT,0,4564566
ybaY_predicted,0.16666666666666666,5,5,TCAAGGCGGCCGTGGGCAGG,0,4584091
ybaY_predicted,0.16666666666666666,5,5,TCAACCTTTATTTCGCTATG,0,4580435
ybaY_predicted,0.16666666666666666,5,5,TATTGGCTAATGCCGGTGAT,0,4547290
ybaY_predicted,0.16666666666666666,5,5,TATTCAAAACCTGGATTCGC,0,4600423
ybaY_predicted,0.16666666666666666,5,5,TATTAGCGTGGGGTTCACAC,0,4554962
ybaY_predicted,0.16666666666666666,5,5,TATGGCTGCTCGACAGGCAG,0,4555281
ybaY_predicted,0.16666666666666666,5,5,TATCTGCTCCCTACATCTAC,0,4582573
ybaY_predicted,0.16666666666666666,5,5,TATCTCTATTGGAATTTGGA,0,4548967
ybaY_predicted,0.16666666666666666,5,5,TATCAAGAGGCCAAGTGGCA,0,4566326
ybaY_predicted,0.16666666666666666,5,5,TATATTCAATGGGTCGCGAG,0,4583413
ybaY_predicted,0.16666666666666666,5,5,TATACGCATGAGCATGCAAA,0,4559065
ybaY_predicted,0.16666666666666666,5,5,TATAATATGCCGAGTGCGCT,0,4568828
ybaY_predicted,0.16666666666666666,5,5,TAGGCGGCAGTATTAATCGG,0,4548173
ybaY_predicted,0.16666666666666666,5,5,TAGCTTTAGTACTCGGCATC,0,4569633
ybaY_predicted,0.16666666666666666,5,5,TAGCTAGAGCCTGGGACGTT,0,4566982
ybaY_predicted,0.16666666666666666,5,5,TAGCGTTCAAACGCGGAGAT,0,4584412
ybaY_predicted,0.16666666666666666,5,5,TAGCCGGGGTAAGCGTATTT,0,4553537
ybaY_predicted,0.16666666666666666,5,5,TAGCCGGCCTAACGCTTCTC,0,4556436
ybaY_predicted,0.16666666666666666,5,5,TAGCATGTAACAGATAAAAA,0,4552245
ybaY_predicted,0.16666666666666666,5,5,TAGATCATTAGAACTTGGGT,0,4587332
ybaY_predicted,0.16666666666666666,5,5,TAGAGTGAATATGTGTCAGG,0,4570236
ybaY_predicted,0.16666666666666666,5,5,TAGAGCTATGGATTCACTAG,0,4583375
ybaY_predicted,0.16666666666666666,5,5,TAGAATTCATCAGGAATCAA,0,4589568
ybaY_predicted,0.16666666666666666,5,5,TAGAATCCCAGGACACGGGA,0,4584261
ybaY_predicted,0.16666666666666666,5,5,TACTTTTCCTTAGCTACATG,0,4563623
ybaY_predicted,0.16666666666666666,5,5,TACTGGTTGGCTTGTTCGGT,0,4587604
ybaY_predicted,0.16666666666666666,5,5,TACTCGAGATTCTGGTGCTT,0,4550586
ybaY_predicted,0.16666666666666666,5,5,TACTCACCAGGCTAGTGGCC,0,4554738
ybaY_predicted,0.16666666666666666,5,5,TACTATGAAGTAACATAGAC,0,4545801
ybaY_predicted,0.16666666666666666,5,5,TACTACGCTCGCGTCAAACA,0,4545182
ybaY_predicted,0.16666666666666666,5,5,TACGTTATTTCATGTGTACG,0,4545441
ybaY_predicted,0.16666666666666666,5,5,TACGGTTTATTATACCAGTT,0,4567282
ybaY_predicted,0.16666666666666666,5,5,TACGCATTCTAGGAACAAAA,0,4549451
ybaY_predicted,0.16666666666666666,5,5,TACGCAAAGTCCCCACACAA,0,4584480
ybaY_predicted,0.16666666666666666,5,5,TACGATTTGGGTATATCACG,0,4555733
ybaY_predicted,0.16666666666666666,5,5,TACCTCCGATTGGCTTGCAA,0,4576326
ybaY_predicted,0.16666666666666666,5,5,TACCGCCTGCCTCAATCGTC,0,4598122
ybaY_predicted,0.16666666666666666,5,5,TACCGAGTGAGTAACGAATC,0,4579822
ybaY_predicted,0.16666666666666666,5,5,TACAGGCCATCATGCCAAAG,0,4565553
ybaY_predicted,0.16666666666666666,5,5,TACAGAGGGCGAATAATATA,0,4584374
ybaY_predicted,0.16666666666666666,5,5,TACAAGGAAAAAAGCTTACT,0,4591665
ybaY_predicted,0.16666666666666666,5,5,TAATTGAACGCTAAAGTTGA,0,4567546
ybaY_predicted,0.16666666666666666,5,5,TAAGTACTTGGCGGTGTGTA,0,4598364
ybaY_predicted,0.16666666666666666,5,5,TAAGGGAGCAGCCCATGTAG,0,4570497
ybaY_predicted,0.16666666666666666,5,5,TAAGCCGTTGGGACATCGGT,0,4577383
ybaY_predicted,0.16666666666666666,5,5,TAAGCAACATGCGACATGAA,0,4589912
ybaY_predicted,0.16666666666666666,5,5,TAAGATGAATTCCGGGGCGT,0,4568457
ybaY_predicted,0.16666666666666666,5,5,TAAGATCAATAGTGTCTGGG,0,4559646
ybaY_predicted,0.16666666666666666,5,5,TAAGAGGGCACATTCCATCG,0,4568606
ybaY_predicted,0.16666666666666666,5,5,TAACGTTCGCACAGGTAAGT,0,4582813
ybaY_predicted,0.16666666666666666,5,5,TAACCACTGGAAGAGTCACT,0,4591140
ybaY_predicted,0.16666666666666666,5,5,TAACATGATATGTGAGGTAA,0,4570446
ybaY_predicted,0.16666666666666666,5,5,TAACAGTTATTCATGCACCG,0,4563707
ybaY_predicted,0.16666666666666666,5,5,TAACACTATCCGTCCCGCGT,0,4545515
ybaY_predicted,0.16666666666666666,5,5,TAAATTAAATGAGAAAGTCA,0,4591015
ybaY_predicted,0.16666666666666666,5,5,TAAATATGCCTAAAATCCAG,0,4593131
ybaY_predicted,0.16666666666666666,5,5,TAAATACCGCCGGACGTACA,0,4582963
ybaY_predicted,0.16666666666666666,5,5,GTTTTGGAGTATATTGTACG,0,4565938
ybaY_predicted,0.16666666666666666,5,5,GTTTTCGCCACATCCTGGAT,0,4595602
ybaY_predicted,0.16666666666666666,5,5,GTTTGTTACGGTTCACGATA,0,4599019
ybaY_predicted,0.16666666666666666,5,5,GTTTGGGGTCCCGCTTTGGC,0,4563556
ybaY_predicted,0.16666666666666666,5,5,GTTTATAGTCTGGCAGATTT,0,4600196
ybaY_predicted,0.16666666666666666,5,5,GTTGTTTTGACGTGATCCCT,0,4598920
ybaY_predicted,0.16666666666666666,5,5,GTTGTTCTTTGGCCGTTGCA,0,4552722
ybaY_predicted,0.16666666666666666,5,5,GTTGTCCGGAATCCTTCTTG,0,4564047
ybaY_predicted,0.16666666666666666,5,5,GTTCTTAGATTCAACAGAAG,0,4554013
ybaY_predicted,0.16666666666666666,5,5,GTTCTGTTCTAAGCGGACCA,0,4585505
ybaY_predicted,0.16666666666666666,5,5,GTTCGGGGTGCAGGACTATG,0,4598952
ybaY_predicted,0.16666666666666666,5,5,GTTCCCAACAGAAACTTCGA,0,4548684
ybaY_predicted,0.16666666666666666,5,5,GTTCCATAAGCCAGGATCGT,0,4553928
ybaY_predicted,0.16666666666666666,5,5,GTTATGGAACACATTCGAAC,0,4592734
ybaY_predicted,0.16666666666666666,5,5,GTTACCTGAAAGCATTCCTA,0,4566917
ybaY_predicted,0.16666666666666666,5,5,GTTACACGTCCCTAACGTCC,0,4584346
ybaY_predicted,0.16666666666666666,5,5,GTTAAAACGTTGGACTGAAT,0,4568783
ybaY_predicted,0.16666666666666666,5,5,GTGTTCGTATTGGTAGTGGC,0,4550195
ybaY_predicted,0.16666666666666666,5,5,GTGTGTCGCCTGCTCTTACA,0,4583556
ybaY_predicted,0.16666666666666666,5,5,GTGTCTGCTGGCAACCATTT,0,4583872
ybaY_predicted,0.16666666666666666,5,5,GTGTAGAGAACGCAGGTAAC,0,4591021
ybaY_predicted,0.16666666666666666,5,5,GTGGGTGAGTGTTTCACCAC,0,4585359
ybaY_predicted,0.16666666666666666,5,5,GTGGGTCAGACCGAGGCATC,0,4575864
ybaY_predicted,0.16666666666666666,5,5,GTGGCGTAATACGCCGACCC,0,4589567
ybaY_predicted,0.16666666666666666,5,5,GTGGAGCGTCGAACTTGCCA,0,4583387
ybaY_predicted,0.16666666666666666,5,5,GTGCTGTACCAGTCAGAGAG,0,4592232
ybaY_predicted,0.16666666666666666,5,5,GTGCTGTAAGCGGTGCTAGT,0,4598127
ybaY_predicted,0.16666666666666666,5,5,GTGCGTCGCCATCTTAAAGC,0,4566217
ybaY_predicted,0.16666666666666666,5,5,GTGCGCAAGGCCCAAGATAA,0,4585407
ybaY_predicted,0.16666666666666666,5,5,GTGCCGGTTAAAGTTGTCCT,0,4555527
ybaY_predicted,0.16666666666666666,5,5,GTGAGTCCTCCATGGGTCCT,0,4578195
ybaY_predicted,0.16666666666666666,5,5,GTGAGACAAGCGGGATGCCA,0,4577781
ybaY_predicted,0.16666666666666666,5,5,GTGAATCTGAAACATGTGAT,0,4571820
ybaY_predicted,0.16666666666666666,5,5,GTGAATACGTGAGTGATAAA,0,4578854
ybaY_predicted,0.16666666666666666,5,5,GTGAACGGCCTGTATCAGAT,0,4586695
ybaY_predicted,0.16666666666666666,5,5,GTCTTTACGTGGGGAGAGGT,0,4567490
ybaY_predicted,0.16666666666666666,5,5,GTCTTCCTAACAAACGTAAG,0,4572190
ybaY_predicted,0.16666666666666666,5,5,GTCTGTGAATGGGGAGGCAG,0,4574918
ybaY_predicted,0.16666666666666666,5,5,GTCGTGAGTAAACAAATTTG,0,4552789
ybaY_predicted,0.16666666666666666,5,5,GTCGTCGCTACGCATGGTCG,0,4567132
ybaY_predicted,0.16666666666666666,5,5,GTCGGAAGGTTATTATTTAA,0,4561205
ybaY_predicted,0.16666666666666666,5,5,GTCGCCAGAGTTGCGTCTCG,0,4552925
ybaY_predicted,0.16666666666666666,5,5,GTCGATCGTTCGTCTTGACG,0,4544681
ybaY_predicted,0.16666666666666666,5,5,GTCCACAGCCGGCTGGTTCA,0,4552819
ybaY_predicted,0.16666666666666666,5,5,GTCCACAAAATCCGTAAGGA,0,4575885
ybaY_predicted,0.16666666666666666,5,5,GTCACGTTTTGGAAACTTGA,0,4572242
ybaY_predicted,0.16666666666666666,5,5,GTATTAGTTTTAGTTCAGCC,0,4581479
ybaY_predicted,0.16666666666666666,5,5,GTATTAACCTGAATCCGAGT,0,4583019
ybaY_predicted,0.16666666666666666,5,5,GTATGTTATGTATGATGCGT,0,4577354
ybaY_predicted,0.16666666666666666,5,5,GTATGACTATAATCCGACTA,0,4582956
ybaY_predicted,0.16666666666666666,5,5,GTATCTTTGCTGCTAACCTG,0,4546823
ybaY_predicted,0.16666666666666666,5,5,GTATAGCGTTTGTCAAGATG,0,4581285
ybaY_predicted,0.16666666666666666,5,5,GTAGTTCCTATACGGAAGCT,0,4562660
ybaY_predicted,0.16666666666666666,5,5,GTAGGCAGAATCTGCAACGC,0,4551492
ybaY_predicted,0.16666666666666666,5,5,GTAGCTGAGTAATTGCTAAT,0,4554423
ybaY_predicted,0.16666666666666666,5,5,GTAGAGCGCGTCGTACTCAT,0,4574943
ybaY_predicted,0.16666666666666666,5,5,GTACGAAGTTACCCATTGGT,0,4588924
ybaY_predicted,0.16666666666666666,5,5,GTACCGCAAAGCGCCTAAGG,0,4580598
ybaY_predicted,0.16666666666666666,5,5,GTAATGTCGGAGTATGGAAC,0,4574126
ybaY_predicted,0.16666666666666666,5,5,GTAATATTGGGATAAGTGGT,0,4553718
ybaY_predicted,0.16666666666666666,5,5,GGTTTTTCACCAGGAATGAG,0,4576403
ybaY_predicted,0.16666666666666666,5,5,GGTTGTCTCCCCGCGGCTGG,0,4575963
ybaY_predicted,0.16666666666666666,5,5,GGTTGGGGTGGTCGGTTAAC,0,4558673
ybaY_predicted,0.16666666666666666,5,5,GGTTCCGAATATGTACGATG,0,4552241
ybaY_predicted,0.16666666666666666,5,5,GGTTATGGTACAGGCTCCGT,0,4576884
ybaY_predicted,0.16666666666666666,5,5,GGTTAGGGACGACGAGAGAA,0,4561511
ybaY_predicted,0.16666666666666666,5,5,GGTTAGCGCACCCGAATTTA,0,4591934
ybaY_predicted,0.16666666666666666,5,5,GGTGTTTCGGGAAGCATGTC,0,4590940
ybaY_predicted,0.16666666666666666,5,5,GGTGTGGTCATGTGAAAGAA,0,4572545
ybaY_predicted,0.16666666666666666,5,5,GGTGTCTAGCACCAAGGTAG,0,4559547
ybaY_predicted,0.16666666666666666,5,5,GGTGGCCTGCGCGACGCACT,0,4547877
ybaY_predicted,0.16666666666666666,5,5,GGTGCCAGGCTAGCATCTTG,0,4573837
ybaY_predicted,0.16666666666666666,5,5,GGTGATAACAAGGGAGACAA,0,4559424
ybaY_predicted,0.16666666666666666,5,5,GGTCGTTATCTAATCGGACT,0,4573885
ybaY_predicted,0.16666666666666666,5,5,GGTCGGGGTGAATCAGGTCC,0,4587171
ybaY_predicted,0.16666666666666666,5,5,GGTCGGAATATGATACTACA,0,4546956
ybaY_predicted,0.16666666666666666,5,5,GGTCGATCCCGCATAAGGAA,0,4552970
ybaY_predicted,0.16666666666666666,5,5,GGTCGAGTACGCGTACGCTG,0,4596894
ybaY_predicted,0.16666666666666666,5,5,GGTCCCCGGCACAGAAACCC,0,4591452
ybaY_predicted,0.16666666666666666,5,5,GGTCACATCGCAAGGTTGCA,0,4551526
ybaY_predicted,0.16666666666666666,5,5,GGTACTGAGCTGCGAACGTT,0,4594363
ybaY_predicted,0.16666666666666666,5,5,GGGTGTGGTTGGCTATAGGA,0,4564281
ybaY_predicted,0.16666666666666666,5,5,GGGTCGTAGAACTCACGTAA,0,4586132
ybaY_predicted,0.16666666666666666,5,5,GGGTAGGTTAGCTGCCCGAT,0,4581536
ybaY_predicted,0.16666666666666666,5,5,GGGTAAAACTTACCGAAGTA,0,4568076
ybaY_predicted,0.16666666666666666,5,5,GGGGTTCGACTTCGGGACAT,0,4582535
ybaY_predicted,0.16666666666666666,5,5,GGGGTACCGTCGAGGTCGCC,0,4552782
ybaY_predicted,0.16666666666666666,5,5,GGGGCCGCGCAGTTTCAACA,0,4563526
ybaY_predicted,0.16666666666666666,5,5,GGGGCATCGAGTGACCTATA,0,4549553
ybaY_predicted,0.16666666666666666,5,5,GGGGCAAAGCTCTTCCTGAA,0,4594193
ybaY_predicted,0.16666666666666666,5,5,GGGGATAAAGACGAGCTCAG,0,4572897
ybaY_predicted,0.16666666666666666,5,5,GGGGAAGACCAAGAAATTTC,0,4587891
ybaY_predicted,0.16666666666666666,5,5,GGGCTCGCTACGCTTAAGGA,0,4593941
ybaY_predicted,0.16666666666666666,5,5,GGGCGTGATTTGGCCTACAG,0,4581304
ybaY_predicted,0.16666666666666666,5,5,GGGCATGAATAGTGGAACAT,0,4559007
ybaY_predicted,0.16666666666666666,5,5,GGGACCGTCATAGGCCCGAT,0,4563504
ybaY_predicted,0.16666666666666666,5,5,GGCTTCTGATTCGTAAATTT,0,4563237
ybaY_predicted,0.16666666666666666,5,5,GGCGGGTTTATTGAACACAC,0,4578158
ybaY_predicted,0.16666666666666666,5,5,GGCGGGTGCACACTGTCCCT,0,4596058
ybaY_predicted,0.16666666666666666,5,5,GGCCCTAAGGGGTGGCCAGC,0,4554597
ybaY_predicted,0.16666666666666666,5,5,GGCCATGCATCGTCTGTTTT,0,4578341
ybaY_predicted,0.16666666666666666,5,5,GGCATCTCGCTTCTTATCGA,0,4562404
ybaY_predicted,0.16666666666666666,5,5,GGCATCAATTGGTGTCGCGA,0,4599603
ybaY_predicted,0.16666666666666666,5,5,GGCACTACCCGTCTGATTCC,0,4596925
ybaY_predicted,0.16666666666666666,5,5,GGCACATTTGGTTTTTAGTA,0,4583520
ybaY_predicted,0.16666666666666666,5,5,GGCAACTGATGGCTTGCCAC,0,4570230
ybaY_predicted,0.16666666666666666,5,5,GGATTATTCTCTGCTGTTGG,0,4597450
ybaY_predicted,0.16666666666666666,5,5,GGATAGTTTCATGGAGACAC,0,4580651
ybaY_predicted,0.16666666666666666,5,5,GGATAACCTCTGGGAGGATC,0,4569586
ybaY_predicted,0.16666666666666666,5,5,GGAGTCCAGGTTCTGTTCAC,0,4554293
ybaY_predicted,0.16666666666666666,5,5,GGAGCGCGTAGGCAGGGTTA,0,4586391
ybaY_predicted,0.16666666666666666,5,5,GGACGGGCTGCTTGATGGTC,0,4595820
ybaY_predicted,0.16666666666666666,5,5,GGACCGATGAAAAGTTGCCG,0,4597484
ybaY_predicted,0.16666666666666666,5,5,GGACATTCAACGGTGGTTTC,0,4560289
ybaY_predicted,0.16666666666666666,5,5,GGACAATAGGCTCGCTATAA,0,4545434
ybaY_predicted,0.16666666666666666,5,5,GGAAGTTGGGTGGAGAACGG,0,4553400
ybaY_predicted,0.16666666666666666,5,5,GGAACGGAGTCTATAAAGAG,0,4551002
ybaY_predicted,0.16666666666666666,5,5,GGAACGCGTTACAGACTAAT,0,4599725
ybaY_predicted,0.16666666666666666,5,5,GGAACGCCGTATGTTAATGC,0,4589958
ybaY_predicted,0.16666666666666666,5,5,GGAACAGATTCAATGAGAGT,0,4582717
ybaY_predicted,0.16666666666666666,5,5,GCTTGGTCACCCGGCTTGCG,0,4547275
ybaY_predicted,0.16666666666666666,5,5,GCTTCGGACGATGCTGCCTG,0,4592750
ybaY_predicted,0.16666666666666666,5,5,GCTGTTCAGAGACGGAGAAA,0,4579777
ybaY_predicted,0.16666666666666666,5,5,GCTGCGCGACGTGATTGTCG,0,4557721
ybaY_predicted,0.16666666666666666,5,5,GCTCTGAGCTCGGAAGGCTA,0,4589248
ybaY_predicted,0.16666666666666666,5,5,GCTCCATAAGGGTCCATCTA,0,4599195
ybaY_predicted,0.16666666666666666,5,5,GCTATTCATAGGACTAGGAT,0,4600446
ybaY_predicted,0.16666666666666666,5,5,GCTACAGATTCGAAAGACGT,0,4569823
ybaY_predicted,0.16666666666666666,5,5,GCGTTGGGATCTGCAGATGT,0,4572963
ybaY_predicted,0.16666666666666666,5,5,GCGTGTTGAATGCGGCAAAA,0,4587375
ybaY_predicted,0.16666666666666666,5,5,GCGTGTGTCTCCGTAGCGAG,0,4563240
ybaY_predicted,0.16666666666666666,5,5,GCGTGCGAATATGCCGGAAT,0,4597984
ybaY_predicted,0.16666666666666666,5,5,GCGTGACAATTTGTAGTCAT,0,4586435
ybaY_predicted,0.16666666666666666,5,5,GCGTGACAAAAGTGGATAAC,0,4548881
ybaY_predicted,0.16666666666666666,5,5,GCGTCTCAAAATGGGTAAAC,0,4572741
ybaY_predicted,0.16666666666666666,5,5,GCGGTTCAAGACAAGTACCA,0,4590071
ybaY_predicted,0.16666666666666666,5,5,GCGGCCCTCGTGGTCGCACC,0,4581073
ybaY_predicted,0.16666666666666666,5,5,GCGGACGCATCCATTTGGTG,0,4555441
ybaY_predicted,0.16666666666666666,5,5,GCGCCTAGGCTTTAAATCAA,0,4548310
ybaY_predicted,0.16666666666666666,5,5,GCGCATTGAACGTGCCCGGA,0,4560936
ybaY_predicted,0.16666666666666666,5,5,GCGATCTCACGGCGCATTAT,0,4575980
ybaY_predicted,0.16666666666666666,5,5,GCGAGGTGGAGAACAAATAT,0,4590016
ybaY_predicted,0.16666666666666666,5,5,GCGAACCATAAACGGCTCTA,0,4570387
ybaY_predicted,0.16666666666666666,5,5,GCCTTCTAACCATACGACGC,0,4595930
ybaY_predicted,0.16666666666666666,5,5,GCCTTCCGTCTGCTGATATG,0,4586373
ybaY_predicted,0.16666666666666666,5,5,GCCTGGATGTGACCCCCTCT,0,4577897
ybaY_predicted,0.16666666666666666,5,5,GCCTCCCTCATTTGAGCCCG,0,4594949
ybaY_predicted,0.16666666666666666,5,5,GCCTAAGCCCCGGACTCGTA,0,4569463
ybaY_predicted,0.16666666666666666,5,5,GCCGTGTATCTTAAAATGAG,0,4584248
ybaY_predicted,0.16666666666666666,5,5,GCCGTGCTGAGCTGAGCCCA,0,4587850
ybaY_predicted,0.16666666666666666,5,5,GCCGGTAGCCTGAGCAATCT,0,4545664
ybaY_predicted,0.16666666666666666,5,5,GCCGGGTGGACTTGGCAGGA,0,4591996
ybaY_predicted,0.16666666666666666,5,5,GCCGACAAACAGGAAACACC,0,4575351
ybaY_predicted,0.16666666666666666,5,5,GCCCATCGGACCATTCAGGG,0,4564608
ybaY_predicted,0.16666666666666666,5,5,GCCCACAGTCAAGAATTCTA,0,4574487
ybaY_predicted,0.16666666666666666,5,5,GCCACCCTGAATTAGTTGTT,0,4550256
ybaY_predicted,0.16666666666666666,5,5,GCCACATTCATGCCCCTTCG,0,4545302
ybaY_predicted,0.16666666666666666,5,5,GCCAACGTCAGCCGTATCCG,0,4565668
ybaY_predicted,0.16666666666666666,5,5,GCATGGGTCCTGCGGCGTTT,0,4593896
ybaY_predicted,0.16666666666666666,5,5,GCATCGGAATAATCTCACAA,0,4571795
ybaY_predicted,0.16666666666666666,5,5,GCATCGCTTTCGATACGCAA,0,4571895
ybaY_predicted,0.16666666666666666,5,5,GCACGGTTTTACTACACTAT,0,4587036
ybaY_predicted,0.16666666666666666,5,5,GCACACGTTCTTCGAAGCGC,0,4576002
ybaY_predicted,0.16666666666666666,5,5,GCAATTATCAGTCTCCGCTA,0,4583965
ybaY_predicted,0.16666666666666666,5,5,GCAAGAGCCCGCTCCATCGC,0,4551902
ybaY_predicted,0.16666666666666666,5,5,GCAAGAGACCCGCCGACCGT,0,4573017
ybaY_predicted,0.16666666666666666,5,5,GCAACCCGTTCGGATAAACT,0,4598466
ybaY_predicted,0.16666666666666666,5,5,GATTTCGGTTCGAAAAGCTC,0,4573157
ybaY_predicted,0.16666666666666666,5,5,GATTATTGGTAATCGTGCTT,0,4591790
ybaY_predicted,0.16666666666666666,5,5,GATGCAATGTTGCAGAAAGA,0,4593554
ybaY_predicted,0.16666666666666666,5,5,GATGATTTGTGGAGGGTATA,0,4559060
ybaY_predicted,0.16666666666666666,5,5,GATCGCTTTTACCTTGAGTT,0,4592310
ybaY_predicted,0.16666666666666666,5,5,GATCCGACCGCCTACTATGC,0,4551794
ybaY_predicted,0.16666666666666666,5,5,GATCCATGTACTTGGCGGTC,0,4588165
ybaY_predicted,0.16666666666666666,5,5,GATCCATGGGATCCTTGAAA,0,4586922
ybaY_predicted,0.16666666666666666,5,5,GATCACGGACTACTCTGATA,0,4588543
ybaY_predicted,0.16666666666666666,5,5,GATCAAACGTCTGGACTTAT,0,4570766
ybaY_predicted,0.16666666666666666,5,5,GATATCGCCGGTTATGGTTA,0,4590177
ybaY_predicted,0.16666666666666666,5,5,GATAGGGCTTGATCTTTGGT,0,4590090
ybaY_predicted,0.16666666666666666,5,5,GATACAGTCCGTTCTCGCTA,0,4550944
ybaY_predicted,0.16666666666666666,5,5,GAGTTCGAGGCACAGATAAA,0,4594925
ybaY_predicted,0.16666666666666666,5,5,GAGTTACGATTACATAGTAG,0,4576407
ybaY_predicted,0.16666666666666666,5,5,GAGTGCCTTCTTAGGGGATA,0,4574276
ybaY_predicted,0.16666666666666666,5,5,GAGTGCCGACTATTATTGGG,0,4574490
ybaY_predicted,0.16666666666666666,5,5,GAGTCTCGGCACGTGATTTT,0,4586276
ybaY_predicted,0.16666666666666666,5,5,GAGTCGTACAAGGGTGTTTA,0,4555269
ybaY_predicted,0.16666666666666666,5,5,GAGTAAGTCCATGGGAGGGA,0,4591158
ybaY_predicted,0.16666666666666666,5,5,GAGCTTCGTAGTGCCGGATC,0,4579778
ybaY_predicted,0.16666666666666666,5,5,GAGCTGACATTTTTGCTCAT,0,4567383
ybaY_predicted,0.16666666666666666,5,5,GAGCGAGGTAACCGTGCGTT,0,4545183
ybaY_predicted,0.16666666666666666,5,5,GAGCGAACTGGGTTAAGGTA,0,4575439
ybaY_predicted,0.16666666666666666,5,5,GAGATTTATGAAATCCTTTG,0,4595865
ybaY_predicted,0.16666666666666666,5,5,GACTTGAAACAGTAGATGAG,0,4584085
ybaY_predicted,0.16666666666666666,5,5,GACTCGAGGGCTGCCCTCAG,0,4590726
ybaY_predicted,0.16666666666666666,5,5,GACTCAACTAGGCAGCGACC,0,4555431
ybaY_predicted,0.16666666666666666,5,5,GACGTAGGAGCCATTCTAAC,0,4554753
ybaY_predicted,0.16666666666666666,5,5,GACGGCAATGGGCAGCTGCC,0,4564755
ybaY_predicted,0.16666666666666666,5,5,GACGAACAGACGTACGACGG,0,4593902
ybaY_predicted,0.16666666666666666,5,5,GACCGGTCTAGATGACAGTA,0,4544520
ybaY_predicted,0.16666666666666666,5,5,GACCCCACCTATACGAAAGG,0,4597785
ybaY_predicted,0.16666666666666666,5,5,GACAATTGCCCAATTACGGG,0,4578563
ybaY_predicted,0.16666666666666666,5,5,GAATGTCAGCCCAGCCCCGA,0,4581355
ybaY_predicted,0.16666666666666666,5,5,GAAGGGAATGTTTCTATATA,0,4568145
ybaY_predicted,0.16666666666666666,5,5,GAAGGCCGGCGGAACTCGCA,0,4545189
ybaY_predicted,0.16666666666666666,5,5,GAAGGAGCTTGGTTCGCGTG,0,4550329
ybaY_predicted,0.16666666666666666,5,5,GAACATGTGTGGCCAATCCG,0,4574910
ybaY_predicted,0.16666666666666666,5,5,GAACAAACCAGAGCATTACA,0,4551215
ybaY_predicted,0.16666666666666666,5,5,CTTTTGTACTCTGAAAGGTT,0,4553265
ybaY_predicted,0.16666666666666666,5,5,CTTTTCAGGTACGAGCACAT,0,4547515
ybaY_predicted,0.16666666666666666,5,5,CTTTAAGCCTGCTATCCGTT,0,4579903
ybaY_predicted,0.16666666666666666,5,5,CTTTAACGCATGAGAACCGA,0,4579262
ybaY_predicted,0.16666666666666666,5,5,CTTGTCTTGCGAGTGGCTAT,0,4546997
ybaY_predicted,0.16666666666666666,5,5,CTTGGGTAGTCAGCTGAGTC,0,4550952
ybaY_predicted,0.16666666666666666,5,5,CTTGACCAAGGTCCTATCCG,0,4563160
ybaY_predicted,0.16666666666666666,5,5,CTTCTTGAAAGCCAGGACAA,0,4562375
ybaY_predicted,0.16666666666666666,5,5,CTTCGTGCTAGGTGTCCTGC,0,4585635
ybaY_predicted,0.16666666666666666,5,5,CTTCGAACCGAGCTTAAGCT,0,4600261
ybaY_predicted,0.16666666666666666,5,5,CTTCCACTTCGCGAACACCT,0,4565110
ybaY_predicted,0.16666666666666666,5,5,CTTACATCCCATGAGGGTAT,0,4597102
ybaY_predicted,0.16666666666666666,5,5,CTTAAGTTAACTCGAGGGAG,0,4569542
ybaY_predicted,0.16666666666666666,5,5,CTGTTGCTGTCGTGGGACTA,0,4578232
ybaY_predicted,0.16666666666666666,5,5,CTGTTCGATCCTTGCGTTTA,0,4581956
ybaY_predicted,0.16666666666666666,5,5,CTGTGACTTCGACAAACAAT,0,4591242
ybaY_predicted,0.16666666666666666,5,5,CTGTCAGATGGTACATTATG,0,4554261
ybaY_predicted,0.16666666666666666,5,5,CTGTAGACTGGGACTTTTGC,0,4579057
ybaY_predicted,0.16666666666666666,5,5,CTGGTTTTATCAGCGTCTAC,0,4569003
ybaY_predicted,0.16666666666666666,5,5,CTGGTAGGCGGGATCGTGCG,0,4574687
ybaY_predicted,0.16666666666666666,5,5,CTGCTATGCTCGGGCTGTTC,0,4582709
ybaY_predicted,0.16666666666666666,5,5,CTGCCTCTATTCGTCCCGGA,0,4576134
ybaY_predicted,0.16666666666666666,5,5,CTGCCGCAGAGTTTGACTTA,0,4597807
ybaY_predicted,0.16666666666666666,5,5,CTGCCATTAAGGCGCTTGAG,0,4594795
ybaY_predicted,0.16666666666666666,5,5,CTGCATACGGGAAATGTTGG,0,4573575
ybaY_predicted,0.16666666666666666,5,5,CTCTTTATCCTAAAGCCCCA,0,4566742
ybaY_predicted,0.16666666666666666,5,5,CTCTGAGCACCTTATCATTA,0,4586779
ybaY_predicted,0.16666666666666666,5,5,CTCTAAAATCCTGCCCAGTT,0,4582491
ybaY_predicted,0.16666666666666666,5,5,CTCGGCGCTCCTGAACGGCC,0,4587571
ybaY_predicted,0.16666666666666666,5,5,CTCGGCAGGCCACCGGTTTA,0,4586418
ybaY_predicted,0.16666666666666666,5,5,CTCGCGATAATCACTGCTGA,0,4550058
ybaY_predicted,0.16666666666666666,5,5,CTCCTATCGTTAGGTGGTAC,0,4597475
ybaY_predicted,0.16666666666666666,5,5,CTCCGGATCAGGGGAGGCCT,0,4550152
ybaY_predicted,0.16666666666666666,5,5,CTCCCAGCCGTGCGCAGGTC,0,4558743
ybaY_predicted,0.16666666666666666,5,5,CTCCAGGATCTTCATATCCC,0,4576582
ybaY_predicted,0.16666666666666666,5,5,CTCATGATATGATTAAACGA,0,4594328
ybaY_predicted,0.16666666666666666,5,5,CTCAGGAGTGAAATTGTTGA,0,4591370
ybaY_predicted,0.16666666666666666,5,5,CTCAGCTTCTCGTACCTGAG,0,4587881
ybaY_predicted,0.16666666666666666,5,5,CTCAGCATGCGCTGTAGGAT,0,4556677
ybaY_predicted,0.16666666666666666,5,5,CTCAGCATAGGGATACGCAT,0,4549636
ybaY_predicted,0.16666666666666666,5,5,CTATGGGTCTAGCTCACAAT,0,4550554
ybaY_predicted,0.16666666666666666,5,5,CTATGGCTAGAGGCGTAGAG,0,4590371
ybaY_predicted,0.16666666666666666,5,5,CTATCTCCAACTGAGTGACT,0,4572229
ybaY_predicted,0.16666666666666666,5,5,CTATCTACACTGAGTGTCCG,0,4560943
ybaY_predicted,0.16666666666666666,5,5,CTATAGAATGGTATAACTAA,0,4549187
ybaY_predicted,0.16666666666666666,5,5,CTATACGCTACTGCACAATG,0,4564630
ybaY_predicted,0.16666666666666666,5,5,CTAGTTTTCTCAAGACACTC,0,4547596
ybaY_predicted,0.16666666666666666,5,5,CTAGTTGGTAGCAAATTTCG,0,4561566
ybaY_predicted,0.16666666666666666,5,5,CTAGTGTAACACGCCTATGT,0,4544416
ybaY_predicted,0.16666666666666666,5,5,CTACGTTGGTGCATTGGGTC,0,4598823
ybaY_predicted,0.16666666666666666,5,5,CTACCTAGTAGAGAAACTAG,0,4576397
ybaY_predicted,0.16666666666666666,5,5,CTACATCGGGTAAGCTTGGG,0,4594398
ybaY_predicted,0.16666666666666666,5,5,CTACACGCGATAGTCTCCAT,0,4575745
ybaY_predicted,0.16666666666666666,5,5,CTACACAGTCCAGGTTCCCC,0,4563713
ybaY_predicted,0.16666666666666666,5,5,CTAAGCGTATCGCATTATAC,0,4575435
ybaY_predicted,0.16666666666666666,5,5,CTAAGCGCACGAGGAAGGGT,0,4575824
ybaY_predicted,0.16666666666666666,5,5,CTAACGATGAAACTATGCTG,0,4554151
ybaY_predicted,0.16666666666666666,5,5,CTAACAATCAAGGGTGTAGA,0,4550206
ybaY_predicted,0.16666666666666666,5,5,CGTTGGTCGGAACAGCTTAA,0,4578177
ybaY_predicted,0.16666666666666666,5,5,CGTTCAAACGGATCCGTCAG,0,4574627
ybaY_predicted,0.16666666666666666,5,5,CGTGGTACTCAAACCTGGCC,0,4570810
ybaY_predicted,0.16666666666666666,5,5,CGTGCTTTAAAACGGAAAGT,0,4572611
ybaY_predicted,0.16666666666666666,5,5,CGTGATCCGTAAAAAGGCGC,0,4594918
ybaY_predicted,0.16666666666666666,5,5,CGTCGTGACGTACAAAAAAC,0,4572248
ybaY_predicted,0.16666666666666666,5,5,CGTCCGCCCTGGCTCTCATC,0,4586580
ybaY_predicted,0.16666666666666666,5,5,CGGTGTCCTGTTTGTGGGTC,0,4577191
ybaY_predicted,0.16666666666666666,5,5,CGGTCAATGTAGAGACTTCC,0,4596254
ybaY_predicted,0.16666666666666666,5,5,CGGTATATTGCTGTTAGAAT,0,4580341
ybaY_predicted,0.16666666666666666,5,5,CGGGTGCGTTGGAAACTTTG,0,4552561
ybaY_predicted,0.16666666666666666,5,5,CGGGCGAAAAAAGGTTACGC,0,4584945
ybaY_predicted,0.16666666666666666,5,5,CGGGAGTCAGATTGGCAGTT,0,4574125
ybaY_predicted,0.16666666666666666,5,5,CGGGAGGAGATCGCTCCTTA,0,4585628
ybaY_predicted,0.16666666666666666,5,5,CGGCTTCATGATGCGGAAAA,0,4563746
ybaY_predicted,0.16666666666666666,5,5,CGGCTGTTTCTGTATCTATT,0,4583267
ybaY_predicted,0.16666666666666666,5,5,CGGCTGGGACAGCCTACCTA,0,4580195
ybaY_predicted,0.16666666666666666,5,5,CGGCGGCACCACATAAAAGG,0,4585681
ybaY_predicted,0.16666666666666666,5,5,CGGCCGTCCGAAACCTTTCA,0,4573292
ybaY_predicted,0.16666666666666666,5,5,CGGCCGCGGTTAATCCGTCC,0,4567790
ybaY_predicted,0.16666666666666666,5,5,CGGCAACCGCGCCGCTTTAC,0,4553435
ybaY_predicted,0.16666666666666666,5,5,CGGAGAGGGAAGAGCAAACA,0,4551957
ybaY_predicted,0.16666666666666666,5,5,CGGACGAGCAAAAAGAAGTA,0,4585619
ybaY_predicted,0.16666666666666666,5,5,CGCTCGCTCACGTCGTGTGT,0,4565375
ybaY_predicted,0.16666666666666666,5,5,CGCGTTTAGAAGTCGCTCTC,0,4567846
ybaY_predicted,0.16666666666666666,5,5,CGCGTGACCATTGGTCAGTA,0,4546191
ybaY_predicted,0.16666666666666666,5,5,CGCGGGTGTCCGGTTACGTT,0,4560692
ybaY_predicted,0.16666666666666666,5,5,CGCCTAGCCGAGGACCGACT,0,4569775
ybaY_predicted,0.16666666666666666,5,5,CGCCGGGAAGTGGATGAGAA,0,4574827
ybaY_predicted,0.16666666666666666,5,5,CGCATTTGGGGGGCGTGCAA,0,4559293
ybaY_predicted,0.16666666666666666,5,5,CGCATTGGCCACCCACAAGT,0,4569498
ybaY_predicted,0.16666666666666666,5,5,CGCATAGTTAAACCGTCCGG,0,4554894
ybaY_predicted,0.16666666666666666,5,5,CGCAGGTCACAATTAACCGT,0,4549760
ybaY_predicted,0.16666666666666666,5,5,CGATTCAATAAATCATAATG,0,4559061
ybaY_predicted,0.16666666666666666,5,5,CGATCACGACCGATCCTGAA,0,4546430
ybaY_predicted,0.16666666666666666,5,5,CGATAACAAATTCAATCAAC,0,4573726
ybaY_predicted,0.16666666666666666,5,5,CGAGTGGTTATCGGGCCATC,0,4553572
ybaY_predicted,0.16666666666666666,5,5,CGAGGGACCCCGAGGGATTG,0,4566577
ybaY_predicted,0.16666666666666666,5,5,CGAGCCAGTGGCTCTCCGGT,0,4594631
ybaY_predicted,0.16666666666666666,5,5,CGACTGCGGCCGCCTCGTCT,0,4558186
ybaY_predicted,0.16666666666666666,5,5,CGACCCAAGATCCTTTCCAC,0,4576353
ybaY_predicted,0.16666666666666666,5,5,CGACCACATAATGACCAAGG,0,4552890
ybaY_predicted,0.16666666666666666,5,5,CGAAGGCCCAGCTTTGGCGA,0,4565627
ybaY_predicted,0.16666666666666666,5,5,CGAAGCCACTCCAGGCAGAA,0,4591606
ybaY_predicted,0.16666666666666666,5,5,CGAACCCCTTGCCCCCCATC,0,4587799
ybaY_predicted,0.16666666666666666,5,5,CCTTTTTCTTCATGAGGCGT,0,4562321
ybaY_predicted,0.16666666666666666,5,5,CCTTTTATGGTGCGAGTGAA,0,4561411
ybaY_predicted,0.16666666666666666,5,5,CCTTATCCTCAAAGTCTCCC,0,4577844
ybaY_predicted,0.16666666666666666,5,5,CCTTACTGGTGGGCAGAATT,0,4593581
ybaY_predicted,0.16666666666666666,5,5,CCTGCCCTCCAGGACCAAGT,0,4574913
ybaY_predicted,0.16666666666666666,5,5,CCTCTCTGTAAGAGTAAGTT,0,4565091
ybaY_predicted,0.16666666666666666,5,5,CCTCGTGCTACAGCCACTAT,0,4582486
ybaY_predicted,0.16666666666666666,5,5,CCTCGCTTGATTTCTGCACT,0,4556580
ybaY_predicted,0.16666666666666666,5,5,CCTAGTAATCCCGTTCTCAG,0,4559395
ybaY_predicted,0.16666666666666666,5,5,CCTAGGGCTTAACTATTGCT,0,4567380
ybaY_predicted,0.16666666666666666,5,5,CCTAGGCATCAACAGCCGGC,0,4593499
ybaY_predicted,0.16666666666666666,5,5,CCTAAATGCGTTACGCGGAG,0,4599269
ybaY_predicted,0.16666666666666666,5,5,CCGTTTAGTTTAACGCGGTG,0,4547978
ybaY_predicted,0.16666666666666666,5,5,CCGTCGCTCCTCTTCGGAAA,0,4568425
ybaY_predicted,0.16666666666666666,5,5,CCGGTGCGTCCCGCTCATCT,0,4573098
ybaY_predicted,0.16666666666666666,5,5,CCGGGTCCGCTCGCACATGA,0,4587250
ybaY_predicted,0.16666666666666666,5,5,CCGGCTTCGGTGAGACCTGC,0,4549602
ybaY_predicted,0.16666666666666666,5,5,CCGGATCGGAGGTAGCGACT,0,4562646
ybaY_predicted,0.16666666666666666,5,5,CCGCTGCACGTCCACCGGCT,0,4598655
ybaY_predicted,0.16666666666666666,5,5,CCGCAAAACGCAGACTTCCT,0,4577737
ybaY_predicted,0.16666666666666666,5,5,CCGAGAGTACAAGCCGGCCC,0,4554461
ybaY_predicted,0.16666666666666666,5,5,CCCTTCCGTATTGCCTTCCC,0,4595539
ybaY_predicted,0.16666666666666666,5,5,CCCTAAACCCACGCGGGTTC,0,4556424
ybaY_predicted,0.16666666666666666,5,5,CCCGTGGTACATCTGTATGG,0,4590872
ybaY_predicted,0.16666666666666666,5,5,CCCGCGATGATTCAGCTGCT,0,4566001
ybaY_predicted,0.16666666666666666,5,5,CCCGATGGGTCGCCCCGTAT,0,4554506
ybaY_predicted,0.16666666666666666,5,5,CCCGAGGACGACTTGATTCA,0,4567216
ybaY_predicted,0.16666666666666666,5,5,CCCCTATTGCTGTTACGGAC,0,4551439
ybaY_predicted,0.16666666666666666,5,5,CCCCCATCATACTACTAAAT,0,4577824
ybaY_predicted,0.16666666666666666,5,5,CCCATCTGTTTACAATATTG,0,4594289
ybaY_predicted,0.16666666666666666,5,5,CCCACGTCACGAACTTCAAC,0,4554521
ybaY_predicted,0.16666666666666666,5,5,CCCACCTTGGCTATCGATCA,0,4567927
ybaY_predicted,0.16666666666666666,5,5,CCCACCCATGGTGAATATGT,0,4550936
ybaY_predicted,0.16666666666666666,5,5,CCCACAATTCGTTTTATGAC,0,4557652
ybaY_predicted,0.16666666666666666,5,5,CCCAAGGCAGATGTCTGCTC,0,4546667
ybaY_predicted,0.16666666666666666,5,5,CCCAACGTCATTCGATTTAG,0,4570494
ybaY_predicted,0.16666666666666666,5,5,CCATTTTCTCTCTGTGCACC,0,4552425
ybaY_predicted,0.16666666666666666,5,5,CCATGCCTCCGCGGGCCCAA,0,4591073
ybaY_predicted,0.16666666666666666,5,5,CCAGGCCGGGTAGGCCTTTG,0,4591849
ybaY_predicted,0.16666666666666666,5,5,CCAGCCAGTGTACGTCACAC,0,4592877
ybaY_predicted,0.16666666666666666,5,5,CCAGACAGCCGTTAATTGGC,0,4595354
ybaY_predicted,0.16666666666666666,5,5,CCACGGTACCCGAACGTCTA,0,4549614
ybaY_predicted,0.16666666666666666,5,5,CCACGATGGCACGTTGTTTA,0,4569244
ybaY_predicted,0.16666666666666666,5,5,CCAAGCTGTATAAACCTCTC,0,4599375
ybaY_predicted,0.16666666666666666,5,5,CATTTTGCAACAAAGTATAA,0,4545459
ybaY_predicted,0.16666666666666666,5,5,CATTTCGTCTCAGATATGAC,0,4585883
ybaY_predicted,0.16666666666666666,5,5,CATTGGCAAAGAAGGGGTCC,0,4547899
ybaY_predicted,0.16666666666666666,5,5,CATTGATGCCCACCTCGCCT,0,4577849
ybaY_predicted,0.16666666666666666,5,5,CATTACAAGTTTGCCGAGGG,0,4573163
ybaY_predicted,0.16666666666666666,5,5,CATGTATACGGACGTCCACC,0,4581964
ybaY_predicted,0.16666666666666666,5,5,CATGGCCGCTGGCCACAAAT,0,4579660
ybaY_predicted,0.16666666666666666,5,5,CATGCATGTGCGTTCTACTG,0,4558388
ybaY_predicted,0.16666666666666666,5,5,CATCGAGTCACCCCAGACAA,0,4554056
ybaY_predicted,0.16666666666666666,5,5,CATCCACGATATCCCATGCT,0,4582066
ybaY_predicted,0.16666666666666666,5,5,CATACTTTTGAACCTAAAAT,0,4578561
ybaY_predicted,0.16666666666666666,5,5,CATACTCTGGTTCGCGTGTT,0,4583900
ybaY_predicted,0.16666666666666666,5,5,CATACAGGGATTACAACGGA,0,4586787
ybaY_predicted,0.16666666666666666,5,5,CATAAGGAATACTAAGGGGA,0,4572217
ybaY_predicted,0.16666666666666666,5,5,CATAACTAGCCTAGGACGTG,0,4582101
ybaY_predicted,0.16666666666666666,5,5,CAGTTGTTGTGCACTCGGAT,0,4572118
ybaY_predicted,0.16666666666666666,5,5,CAGGTTGGCACACCGTGTTG,0,4557622
ybaY_predicted,0.16666666666666666,5,5,CAGGGTTGGACAGGTGTCGT,0,4581934
ybaY_predicted,0.16666666666666666,5,5,CAGGCTATTATCTTAAGAGC,0,4587400
ybaY_predicted,0.16666666666666666,5,5,CAGGCTAAGCAACTGCTAGG,0,4592381
ybaY_predicted,0.16666666666666666,5,5,CAGGATTCACTATCTTGCGT,0,4572916
ybaY_predicted,0.16666666666666666,5,5,CAGCTCCTGGGTGCCGGTCA,0,4584049
ybaY_predicted,0.16666666666666666,5,5,CAGCGTAGTCCATCCTGATT,0,4558383
ybaY_predicted,0.16666666666666666,5,5,CAGCGATGGACTGTCTGCCA,0,4593048
ybaY_predicted,0.16666666666666666,5,5,CAGCCGCGGCTTGTAGGGGT,0,4578904
ybaY_predicted,0.16666666666666666,5,5,CAGATTCCCTTGAGGTAATT,0,4591565
ybaY_predicted,0.16666666666666666,5,5,CAGATGACTCTGCGTTGGCT,0,4594750
ybaY_predicted,0.16666666666666666,5,5,CAGACGCGGACCCCGTAGTT,0,4559284
ybaY_predicted,0.16666666666666666,5,5,CACTTCTGACTCATGGTCCC,0,4583559
ybaY_predicted,0.16666666666666666,5,5,CACTGTTTCAGGTACCTTTA,0,4575323
ybaY_predicted,0.16666666666666666,5,5,CACTGCCTAGAATTTGAAGA,0,4548356
ybaY_predicted,0.16666666666666666,5,5,CACGTTATGAAGAGTATTTA,0,4591082
ybaY_predicted,0.16666666666666666,5,5,CACGGTGTTACGCATGTTGA,0,4573860
ybaY_predicted,0.16666666666666666,5,5,CACGCAACGCGCATGGACTC,0,4585242
ybaY_predicted,0.16666666666666666,5,5,CACGAGCATTCGACGAGAAA,0,4545308
ybaY_predicted,0.16666666666666666,5,5,CACGAGCAATGACCGCATCC,0,4581194
ybaY_predicted,0.16666666666666666,5,5,CACCGTAACGCACGACAGTT,0,4552315
ybaY_predicted,0.16666666666666666,5,5,CACCGCCTGAATATTAAGTT,0,4579828
ybaY_predicted,0.16666666666666666,5,5,CACCCTCATTGGCCCTGGTG,0,4560105
ybaY_predicted,0.16666666666666666,5,5,CACACTCCGGAACTGTGTCC,0,4600475
ybaY_predicted,0.16666666666666666,5,5,CACACCGGGTGAACGCGTAC,0,4577294
ybaY_predicted,0.16666666666666666,5,5,CAATTACCGTAGTCCACTTG,0,4566791
ybaY_predicted,0.16666666666666666,5,5,CAATCTCGAAGAGCTTAAAG,0,4577654
ybaY_predicted,0.16666666666666666,5,5,CAATCACGGAAATGTCTCTA,0,4576975
ybaY_predicted,0.16666666666666666,5,5,CAAGATGCTCAGTTCCCCGA,0,4581779
ybaY_predicted,0.16666666666666666,5,5,CAAGATATGGCGAGAGCGAA,0,4559884
ybaY_predicted,0.16666666666666666,5,5,CAACGGCGGTGCCTCAATCA,0,4587065
ybaY_predicted,0.16666666666666666,5,5,CAACAAGCAGGGCACCTTAA,0,4585209
ybaY_predicted,0.16666666666666666,5,5,CAACAAAACTGCCGGGGATG,0,4572974
ybaY_predicted,0.16666666666666666,5,5,CAAATGCTAAGGCTAGTCAC,0,4563559
ybaY_predicted,0.16666666666666666,5,5,CAAATATGGTCTCTTGCAAA,0,4578468
ybaY_predicted,0.16666666666666666,5,5,CAAAGGTTAGCTCCACTTAG,0,4597937
ybaY_predicted,0.16666666666666666,5,5,CAAAGCTCCGACCGGGTATA,0,4581947
ybaY_predicted,0.16666666666666666,5,5,CAAAGCGAGTATGGCGAAGG,0,4566628
ybaY_predicted,0.16666666666666666,5,5,CAAAGCCGAAATCGGCTTGC,0,4552077
ybaY_predicted,0.16666666666666666,5,5,CAAAGACGATCCATCCAATA,0,4552170
ybaY_predicted,0.16666666666666666,5,5,CAAACCGCGGATGGTAGCAA,0,4591197
ybaY_predicted,0.16666666666666666,5,5,CAAACCCGGGTAAGGAACAT,0,4599840
ybaY_predicted,0.16666666666666666,5,5,CAAAACTAACGCATGGATAG,0,4581011
ybaY_predicted,0.16666666666666666,5,5,ATTTTTCTGGGGAGCACTTG,0,4595112
ybaY_predicted,0.16666666666666666,5,5,ATTTTTAGTGAAGGGCACTA,0,4579066
ybaY_predicted,0.16666666666666666,5,5,ATTTTGTCTCAACTGAAGGG,0,4552658
ybaY_predicted,0.16666666666666666,5,5,ATTTCGGATTAAGGGTAGAC,0,4546893
ybaY_predicted,0.16666666666666666,5,5,ATTTATGGGGAACACCCTGG,0,4577706
ybaY_predicted,0.16666666666666666,5,5,ATTTATGATTTAGCGGAATG,0,4549421
ybaY_predicted,0.16666666666666666,5,5,ATTGTACCCATCGAAACTAC,0,4564438
ybaY_predicted,0.16666666666666666,5,5,ATTGGGGGTATCTACCGCTT,0,4570731
ybaY_predicted,0.16666666666666666,5,5,ATTGGGATGGTGTATACGCT,0,4578383
ybaY_predicted,0.16666666666666666,5,5,ATTGGGACAAAGTCCCCCAG,0,4588958
ybaY_predicted,0.16666666666666666,5,5,ATTGAATGTCTACGCAAGAC,0,4596308
ybaY_predicted,0.16666666666666666,5,5,ATTCTCTGTACTGTCGGGTG,0,4597810
ybaY_predicted,0.16666666666666666,5,5,ATTCAAATGACTCCGTCGCC,0,4584598
ybaY_predicted,0.16666666666666666,5,5,ATTAGCCCGACTAGCAGAGC,0,4558377
ybaY_predicted,0.16666666666666666,5,5,ATTAAGTTCTGCGTTGAAGA,0,4551717
ybaY_predicted,0.16666666666666666,5,5,ATGTTATGGAATGCGAGTCA,0,4566660
ybaY_predicted,0.16666666666666666,5,5,ATGTGTGCAGCGAAGACGGA,0,4567494
ybaY_predicted,0.16666666666666666,5,5,ATGTCACTTATAGCGGATTC,0,4583895
ybaY_predicted,0.16666666666666666,5,5,ATGTAATCCTCCAGTCTAAT,0,4594754
ybaY_predicted,0.16666666666666666,5,5,ATGGTAGGAGGTTGTGTCAA,0,4572033
ybaY_predicted,0.16666666666666666,5,5,ATGGTACTAACGACCGTATG,0,4567464
ybaY_predicted,0.16666666666666666,5,5,ATGGGATCGCTCTGAGTCAT,0,4586126
ybaY_predicted,0.16666666666666666,5,5,ATGGGAACGAGGTCCTAGGA,0,4557365
ybaY_predicted,0.16666666666666666,5,5,ATGGCGGCTGTGGTGTGGGA,0,4564781
ybaY_predicted,0.16666666666666666,5,5,ATGGCAAATATTACGGAAGC,0,4598401
ybaY_predicted,0.16666666666666666,5,5,ATGCTCCCTAGGTCCAACAT,0,4572181
ybaY_predicted,0.16666666666666666,5,5,ATGCCAGATCTTCGCCTGAG,0,4568974
ybaY_predicted,0.16666666666666666,5,5,ATGCAACAATTTAAGGCCCC,0,4586870
ybaY_predicted,0.16666666666666666,5,5,ATGACGCGTGCGATTGCAAG,0,4548393
ybaY_predicted,0.16666666666666666,5,5,ATCTTGTGATACTTAAGTGC,0,4561465
ybaY_predicted,0.16666666666666666,5,5,ATCTCTGACATAAGAGGTGC,0,4594325
ybaY_predicted,0.16666666666666666,5,5,ATCTCTATTGTCCGAACGGT,0,4591104
ybaY_predicted,0.16666666666666666,5,5,ATCTCTATCCGAGTTCCAAC,0,4589884
ybaY_predicted,0.16666666666666666,5,5,ATCGTCACTACTCACGTAGC,0,4588551
ybaY_predicted,0.16666666666666666,5,5,ATCGGTCGTTCAGATCCACC,0,4559843
ybaY_predicted,0.16666666666666666,5,5,ATCGGGTATAGTTGGAACTC,0,4556075
ybaY_predicted,0.16666666666666666,5,5,ATCGGATTCCAGACGGTTGG,0,4550714
ybaY_predicted,0.16666666666666666,5,5,ATCGCTTTCGCAAGCGATCA,0,4594516
ybaY_predicted,0.16666666666666666,5,5,ATCCTCAGACCGATAGACCA,0,4588021
ybaY_predicted,0.16666666666666666,5,5,ATCCGCGTTCATACAGTAAA,0,4588979
ybaY_predicted,0.16666666666666666,5,5,ATCCCCGCGCTAGAACCTTT,0,4558164
ybaY_predicted,0.16666666666666666,5,5,ATCATGTCGAAAACCCTTAC,0,4597560
ybaY_predicted,0.16666666666666666,5,5,ATCATCGCAAGATTATTCCC,0,4576346
ybaY_predicted,0.16666666666666666,5,5,ATCACGAGGGCGTGGTCCTG,0,4578141
ybaY_predicted,0.16666666666666666,5,5,ATATTCGCTATCGAACGTAA,0,4600050
ybaY_predicted,0.16666666666666666,5,5,ATATTCAGGCAAGTAGGTTA,0,4568016
ybaY_predicted,0.16666666666666666,5,5,ATATCGTCTCGTACCCGAGT,0,4561814
ybaY_predicted,0.16666666666666666,5,5,ATAGTTCTCTATCATGACAG,0,4544962
ybaY_predicted,0.16666666666666666,5,5,ATAGGGGAAAGAATATTTCT,0,4573332
ybaY_predicted,0.16666666666666666,5,5,ATAGCTCAACGCAACCGCTT,0,4584490
ybaY_predicted,0.16666666666666666,5,5,ATAGCGGACCGTCTACGCTG,0,4583480
ybaY_predicted,0.16666666666666666,5,5,ATAGCAGCACTTAATGGGAG,0,4544808
ybaY_predicted,0.16666666666666666,5,5,ATACTACCTTGATGCCAAAA,0,4556594
ybaY_predicted,0.16666666666666666,5,5,ATACCATGCTCTGGGGCGAA,0,4600007
ybaY_predicted,0.16666666666666666,5,5,ATACATTAGAGCCTCGACGA,0,4572917
ybaY_predicted,0.16666666666666666,5,5,ATAAGTAATTGGATGTCGCG,0,4577137
ybaY_predicted,0.16666666666666666,5,5,AGTTTTGTGTGACTTGATTG,0,4566994
ybaY_predicted,0.16666666666666666,5,5,AGTTGTTTATTCATAAGAAG,0,4594886
ybaY_predicted,0.16666666666666666,5,5,AGTTCTATTGGTTGCCTGGG,0,4590847
ybaY_predicted,0.16666666666666666,5,5,AGTTCCCTCGTTTTCAGGTG,0,4575477
ybaY_predicted,0.16666666666666666,5,5,AGTTATCCTAATGCGGCTGC,0,4565616
ybaY_predicted,0.16666666666666666,5,5,AGTGCAAACGTGTTGCGGTA,0,4580218
ybaY_predicted,0.16666666666666666,5,5,AGTGATGGCCCCTACCCTAG,0,4577965
ybaY_predicted,0.16666666666666666,5,5,AGTGAGGTGTGACCAAGACT,0,4592156
ybaY_predicted,0.16666666666666666,5,5,AGTCCAGTTAGCTTGGAAAT,0,4583188
ybaY_predicted,0.16666666666666666,5,5,AGTCAAGCGAGTTTCTGAGG,0,4548659
ybaY_predicted,0.16666666666666666,5,5,AGTATGGCAGCAGAAGAAGT,0,4566593
ybaY_predicted,0.16666666666666666,5,5,AGTACGATTGATGCGTGTTC,0,4545895
ybaY_predicted,0.16666666666666666,5,5,AGGTTGAGAGCAAAATGATG,0,4558323
ybaY_predicted,0.16666666666666666,5,5,AGGTGCGTCACAGGTTGTCG,0,4557673
ybaY_predicted,0.16666666666666666,5,5,AGGTGAATCATAAACGCGGT,0,4552963
ybaY_predicted,0.16666666666666666,5,5,AGGTCGGGCTTGCAGTGAGC,0,4545255
ybaY_predicted,0.16666666666666666,5,5,AGGTAACATATAACCATTAC,0,4578133
ybaY_predicted,0.16666666666666666,5,5,AGGGTTTAGACTGGGCTTAG,0,4577933
ybaY_predicted,0.16666666666666666,5,5,AGGGGATGAGTTGTAGCTGT,0,4574507
ybaY_predicted,0.16666666666666666,5,5,AGGGCGGGACAGGACGCATG,0,4578310
ybaY_predicted,0.16666666666666666,5,5,AGGGCGCATCAGACCCCTTG,0,4545723
ybaY_predicted,0.16666666666666666,5,5,AGGGCCTGCTGGGTTGGCAT,0,4549771
ybaY_predicted,0.16666666666666666,5,5,AGGCGTGGTTTCGGTAATAG,0,4582719
ybaY_predicted,0.16666666666666666,5,5,AGGCGTACGTCGGCTGAGCT,0,4556708
ybaY_predicted,0.16666666666666666,5,5,AGGCGAAGTATCGTTCCCTA,0,4600041
ybaY_predicted,0.16666666666666666,5,5,AGGCCAGTCCATAACATGAT,0,4554127
ybaY_predicted,0.16666666666666666,5,5,AGGCACCATCATTGTCCAGA,0,4562925
ybaY_predicted,0.16666666666666666,5,5,AGGACGTAAAGGCTTCATCG,0,4552159
ybaY_predicted,0.16666666666666666,5,5,AGGAATGCTCCCGCCACTTC,0,4564244
ybaY_predicted,0.16666666666666666,5,5,AGCTGTTCGGCTGGCAGCTG,0,4562126
ybaY_predicted,0.16666666666666666,5,5,AGCTATACGAGCTGTACCGA,0,4591400
ybaY_predicted,0.16666666666666666,5,5,AGCGGATTGTCGCGCAAAGG,0,4552832
ybaY_predicted,0.16666666666666666,5,5,AGCGCGCTGATTATATAAGG,0,4576803
ybaY_predicted,0.16666666666666666,5,5,AGCGACTCCCGTTAAACCGA,0,4548324
ybaY_predicted,0.16666666666666666,5,5,AGCGACCCATGGAGCAGAGA,0,4568470
ybaY_predicted,0.16666666666666666,5,5,AGCGAACTATACTTCAATGC,0,4590540
ybaY_predicted,0.16666666666666666,5,5,AGCCTTTAGCAAGGGCATAG,0,4545336
ybaY_predicted,0.16666666666666666,5,5,AGCCTGTATTAAGTATACAT,0,4553105
ybaY_predicted,0.16666666666666666,5,5,AGCCCCTGCGACGCGGCGTG,0,4576957
ybaY_predicted,0.16666666666666666,5,5,AGCATTCGGGGGTTTCGTAC,0,4570737
ybaY_predicted,0.16666666666666666,5,5,AGCATCGTGTATGCTGGCGC,0,4594284
ybaY_predicted,0.16666666666666666,5,5,AGCAGGATCGTGCTATGCGA,0,4569371
ybaY_predicted,0.16666666666666666,5,5,AGCAAGTTCGATGGAATGGT,0,4548413
ybaY_predicted,0.16666666666666666,5,5,AGCAACCTTCCGGGACAGCA,0,4572278
ybaY_predicted,0.16666666666666666,5,5,AGATGACGTTACGTTACGAG,0,4573746
ybaY_predicted,0.16666666666666666,5,5,AGAGCTCCACGGAGTCTCTC,0,4593270
ybaY_predicted,0.16666666666666666,5,5,AGACGGTATTTGTGTCGAAC,0,4577571
ybaY_predicted,0.16666666666666666,5,5,AGAATGACACGTAGAGCGTG,0,4593998
ybaY_predicted,0.16666666666666666,5,5,AGAACCATTATTTAATTGTA,0,4582874
ybaY_predicted,0.16666666666666666,5,5,ACTTGACTTCGCCTCGACGT,0,4557251
ybaY_predicted,0.16666666666666666,5,5,ACTTCGTCGTGTTGTCCGAA,0,4597279
ybaY_predicted,0.16666666666666666,5,5,ACTTCGGGGGACGTGTGCCT,0,4583320
ybaY_predicted,0.16666666666666666,5,5,ACTTCACCTTCGTGCGCAGC,0,4562181
ybaY_predicted,0.16666666666666666,5,5,ACTGGTGTGGACCCAGCTGA,0,4580326
ybaY_predicted,0.16666666666666666,5,5,ACTGACTGCCTTCACTTCAA,0,4597939
ybaY_predicted,0.16666666666666666,5,5,ACTCTGCGACCAACTTTGTT,0,4582805
ybaY_predicted,0.16666666666666666,5,5,ACTCGGTAATAGGTATAGGA,0,4585575
ybaY_predicted,0.16666666666666666,5,5,ACTCATTAAGGGTTTTCAAT,0,4579397
ybaY_predicted,0.16666666666666666,5,5,ACTAGGCCAGTAGGTCTCTT,0,4558159
ybaY_predicted,0.16666666666666666,5,5,ACTAGAGAGGTCTCATTGGC,0,4565543
ybaY_predicted,0.16666666666666666,5,5,ACTACCGGCTTGAACCAATA,0,4558939
ybaY_predicted,0.16666666666666666,5,5,ACTACAGTTCAAGCCGCATT,0,4555685
ybaY_predicted,0.16666666666666666,5,5,ACGTTGCCTACTTCGTTGAT,0,4575324
ybaY_predicted,0.16666666666666666,5,5,ACGTTCCACGACTCCGCTGC,0,4596987
ybaY_predicted,0.16666666666666666,5,5,ACGTCTCCAGGTTTAGAACG,0,4590885
ybaY_predicted,0.16666666666666666,5,5,ACGGGCGCACAGCGTATTGC,0,4562880
ybaY_predicted,0.16666666666666666,5,5,ACGCTTCTGATCAAATGGCT,0,4570618
ybaY_predicted,0.16666666666666666,5,5,ACGCTCAGTACAGGTCGTAT,0,4567925
ybaY_predicted,0.16666666666666666,5,5,ACGCAGTATTTATGGTTATA,0,4588597
ybaY_predicted,0.16666666666666666,5,5,ACGCACCGTCAGAGGCAAAG,0,4553436
ybaY_predicted,0.16666666666666666,5,5,ACGACTCGAGGATCTCGAGG,0,4555067
ybaY_predicted,0.16666666666666666,5,5,ACGACAACGGGGAAGCAAGC,0,4561032
ybaY_predicted,0.16666666666666666,5,5,ACGACAACCAACGCTGGTGA,0,4586789
ybaY_predicted,0.16666666666666666,5,5,ACCTGGTAACCTTATGGGAA,0,4566091
ybaY_predicted,0.16666666666666666,5,5,ACCTGGGAATGGTCCTGCCC,0,4565072
ybaY_predicted,0.16666666666666666,5,5,ACCTCCGCCGAGCTTCGGGC,0,4567737
ybaY_predicted,0.16666666666666666,5,5,ACCTATTAACCTGCAAACGA,0,4598634
ybaY_predicted,0.16666666666666666,5,5,ACCTATCTGTATGCACTCGC,0,4571355
ybaY_predicted,0.16666666666666666,5,5,ACCTAGAGATAATGTACAGA,0,4600314
ybaY_predicted,0.16666666666666666,5,5,ACCTACCCGTGAATAGTCAT,0,4555858
ybaY_predicted,0.16666666666666666,5,5,ACCGGTACCATTCGTCGGGA,0,4585113
ybaY_predicted,0.16666666666666666,5,5,ACCGCCTCGCGTGTACGAGT,0,4549707
ybaY_predicted,0.16666666666666666,5,5,ACCGATCCTGATATAGGACC,0,4589966
ybaY_predicted,0.16666666666666666,5,5,ACCGAGCCGTATACTCATGT,0,4592655
ybaY_predicted,0.16666666666666666,5,5,ACCCGGTCGTCTCTAATCGC,0,4577363
ybaY_predicted,0.16666666666666666,5,5,ACCCCAAGCATTAGCTGGTA,0,4545117
ybaY_predicted,0.16666666666666666,5,5,ACCCAACCCTTATCCTGGAC,0,4572048
ybaY_predicted,0.16666666666666666,5,5,ACCATTACAGGCCCTCCTAG,0,4599300
ybaY_predicted,0.16666666666666666,5,5,ACCATGCGGCACCCCCTCTG,0,4585918
ybaY_predicted,0.16666666666666666,5,5,ACATTTAGACAGAAGTCCGT,0,4569568
ybaY_predicted,0.16666666666666666,5,5,ACATTGCGGCCGTAGCTCGC,0,4545838
ybaY_predicted,0.16666666666666666,5,5,ACATCAGATTGTGTCCACCC,0,4547670
ybaY_predicted,0.16666666666666666,5,5,ACATATGACGTCTTTGCTGT,0,4560883
ybaY_predicted,0.16666666666666666,5,5,ACATATATACAATACGCTTT,0,4546307
ybaY_predicted,0.16666666666666666,5,5,ACAGTCTATTAGCCAGGTGC,0,4585048
ybaY_predicted,0.16666666666666666,5,5,ACAGCGACCGGCGTTCACGT,0,4591895
ybaY_predicted,0.16666666666666666,5,5,ACAGAGTCTAGGTCAAGAGG,0,4584837
ybaY_predicted,0.16666666666666666,5,5,ACACTGTTGTGTCCTTGCGA,0,4562345
ybaY_predicted,0.16666666666666666,5,5,ACACCTTTTCAGTCAAGGCG,0,4559393
ybaY_predicted,0.16666666666666666,5,5,ACACCATGCCGTGGATATTC,0,4565901
ybaY_predicted,0.16666666666666666,5,5,ACAATTGGCGGGCAAAACTT,0,4558215
ybaY_predicted,0.16666666666666666,5,5,ACAAGGGCCGCGTGTTTTAC,0,4557023
ybaY_predicted,0.16666666666666666,5,5,ACAACTAAAAAACAAGAAAA,0,4594212
ybaY_predicted,0.16666666666666666,5,5,ACAAAGGATTGCGCTATGAT,0,4548593
ybaY_predicted,0.16666666666666666,5,5,AATTTGAGGGCTAAGGCAAA,0,4598434
ybaY_predicted,0.16666666666666666,5,5,AATTTCGGTAGGTGCATCGT,0,4591595
ybaY_predicted,0.16666666666666666,5,5,AATTTCGCTTGGACGGACCA,0,4561864
ybaY_predicted,0.16666666666666666,5,5,AATTGGAGGCCCAGGGCGCG,0,4593095
ybaY_predicted,0.16666666666666666,5,5,AATTCGATATAAATGTATAC,0,4581476
ybaY_predicted,0.16666666666666666,5,5,AATGTTGTAAGCGCTTGTTT,0,4596796
ybaY_predicted,0.16666666666666666,5,5,AATGTCAAGGGAGAATAGGG,0,4549395
ybaY_predicted,0.16666666666666666,5,5,AATGCCACCCTGTAGATGGT,0,4586056
ybaY_predicted,0.16666666666666666,5,5,AATCTGAATGGCAGTTGCGT,0,4552482
ybaY_predicted,0.16666666666666666,5,5,AATCGTCTCCCTACAGCTGT,0,4569309
ybaY_predicted,0.16666666666666666,5,5,AATCATCTGTTTCCACATCA,0,4546231
ybaY_predicted,0.16666666666666666,5,5,AATCACCGTTTGCGAAGAGA,0,4569230
ybaY_predicted,0.16666666666666666,5,5,AATAGTTAGCTTCGGCCCTT,0,4573427
ybaY_predicted,0.16666666666666666,5,5,AATAGCGTTCTATTCGCTGG,0,4546326
ybaY_predicted,0.16666666666666666,5,5,AATACATAGGACATCGTGTT,0,4552489
ybaY_predicted,0.16666666666666666,5,5,AATACAAACATGGTGATGCA,0,4565268
ybaY_predicted,0.16666666666666666,5,5,AATAAGCGTCGGAGCCGTGT,0,4570129
ybaY_predicted,0.16666666666666666,5,5,AAGTTTTGAATTCATACTTC,0,4567833
ybaY_predicted,0.16666666666666666,5,5,AAGTCTTAATGGTTGTGCCT,0,4592820
ybaY_predicted,0.16666666666666666,5,5,AAGTCCAGCGTGAAGGCTTG,0,4546906
ybaY_predicted,0.16666666666666666,5,5,AAGTAAACCTCTAGGCGAAC,0,4549590
ybaY_predicted,0.16666666666666666,5,5,AAGGTATTTGTCGGGAGCAT,0,4555971
ybaY_predicted,0.16666666666666666,5,5,AAGGCATTAACGTGACTTTA,0,4550657
ybaY_predicted,0.16666666666666666,5,5,AAGGAGGGAACATGTATGAT,0,4561146
ybaY_predicted,0.16666666666666666,5,5,AAGGACCCGTTGTACTAACC,0,4570225
ybaY_predicted,0.16666666666666666,5,5,AAGGAATGGGGGCCACCTCA,0,4554705
ybaY_predicted,0.16666666666666666,5,5,AAGCCGCGTAGGGCGTGCCG,0,4568587
ybaY_predicted,0.16666666666666666,5,5,AAGCCCATGGTGTTCTCTAA,0,4551919
ybaY_predicted,0.16666666666666666,5,5,AAGCAAAAGACCGTTCTATA,0,4553970
ybaY_predicted,0.16666666666666666,5,5,AAGATACGGGTTAGCTTGGT,0,4567094
ybaY_predicted,0.16666666666666666,5,5,AAGACGTTTGGAGAAGCCCA,0,4575830
ybaY_predicted,0.16666666666666666,5,5,AACTTACAGGAGGACTTACA,0,4591541
ybaY_predicted,0.16666666666666666,5,5,AACGGTCTGGCTCAAAATAA,0,4577623
ybaY_predicted,0.16666666666666666,5,5,AACGGTCAGGAATCGGGCCG,0,4555282
ybaY_predicted,0.16666666666666666,5,5,AACGCTAGAGTTGCGAAAGT,0,4573072
ybaY_predicted,0.16666666666666666,5,5,AACGATTACCGCAGGTGAAT,0,4600072
ybaY_predicted,0.16666666666666666,5,5,AACGACCGATTCAAAGGGGA,0,4548375
ybaY_predicted,0.16666666666666666,5,5,AACATTCTTCGGTCGCTCAC,0,4588542
ybaY_predicted,0.16666666666666666,5,5,AACAGTGTTGGCTCTTAAAA,0,4560493
ybaY_predicted,0.16666666666666666,5,5,AAATTTATGGCATTACCATT,0,4587003
ybaY_predicted,0.16666666666666666,5,5,AAATTACCCAACGAGCAAGC,0,4583230
ybaY_predicted,0.16666666666666666,5,5,AAATGTTAGCATTCGCGCAA,0,4555397
ybaY_predicted,0.16666666666666666,5,5,AAATGGGGCAGTGGTCTCCA,0,4563443
ybaY_predicted,0.16666666666666666,5,5,AAATCCCGCAAATGGTCTCG,0,4588346
ybaY_predicted,0.16666666666666666,5,5,AAATATCTGGAGGAGCAGGT,0,4580584
ybaY_predicted,0.16666666666666666,5,5,AAAGTCCGGCCTTGGGCGGC,0,4571662
ybaY_predicted,0.16666666666666666,5,5,AAAGGCTTTTTGTGTGAGTC,0,4577169
ybaY_predicted,0.16666666666666666,5,5,AAAGCTGCCATTCGTCACAG,0,4569758
ybaY_predicted,0.16666666666666666,5,5,AAACGCTAGTCTAGTCAAGT,0,4588197
ybaY_predicted,0.16666666666666666,5,5,AAACAAGTGAGAGGGTAAAC,0,4591938
ybaY_predicted,0.16666666666666666,5,5,AAAATTGAGTTTATATTGTC,0,4552622
ybaY_predicted,0.16666666666666666,5,5,AAAAATCTCATCATAGCAAA,0,4577153
ybaY_predicted,0.2,4,4,TTTTTAGTAACATTTATGGG,0,4577778
ybaY_predicted,0.2,4,4,TTTTGACTGTTACGGGCTAC,0,4586839
ybaY_predicted,0.2,4,4,TTTGGAAAGCAAAGAACTAG,0,4597618
ybaY_predicted,0.2,4,4,TTTGACTTTAGTAATAGTAC,0,4568155
ybaY_predicted,0.2,4,4,TTTGAAGTGGCTTTCAACGA,0,4584120
ybaY_predicted,0.2,4,4,TTTCGTGTATCGAATACCGC,0,4562525
ybaY_predicted,0.2,4,4,TTTCCGGCGAATTAAATCGT,0,4573632
ybaY_predicted,0.2,4,4,TTTCCAAGCGTTGCATTGTT,0,4600472
ybaY_predicted,0.2,4,4,TTTATACGTCGTTTGCCAAG,0,4594083
ybaY_predicted,0.2,4,4,TTTAGGACAAATCACAACCA,0,4598347
ybaY_predicted,0.2,4,4,TTTACAAGGGCAACCCGATG,0,4590745
ybaY_predicted,0.2,4,4,TTTAATTTCATGGCAGTAAC,0,4572885
ybaY_predicted,0.2,4,4,TTGTTTTCCAGGGGCCTAGT,0,4564719
ybaY_predicted,0.2,4,4,TTGTTTAATTGTTGTCGAAA,0,4560869
ybaY_predicted,0.2,4,4,TTGTTGAATGCCACTGTAGC,0,4575472
ybaY_predicted,0.2,4,4,TTGTGGCGCTATGAAGACGG,0,4546664
ybaY_predicted,0.2,4,4,TTGTGCATATAGACGACTGC,0,4595943
ybaY_predicted,0.2,4,4,TTGTAGAGGTACGTATGATG,0,4587846
ybaY_predicted,0.2,4,4,TTGTAAGCACTCATCCACGC,0,4552311
ybaY_predicted,0.2,4,4,TTGGTGACTTTCTCAGATGA,0,4565694
ybaY_predicted,0.2,4,4,TTGGTACAGAGGAGAGAGCA,0,4586632
ybaY_predicted,0.2,4,4,TTGGGCCGAACGTAAGTGAA,0,4567310
ybaY_predicted,0.2,4,4,TTGGATCGGAATAAATGTAA,0,4582581
ybaY_predicted,0.2,4,4,TTGCTGGCTAGTCTGCCTAC,0,4566992
ybaY_predicted,0.2,4,4,TTGCGATATTGAAGGCAACG,0,4597843
ybaY_predicted,0.2,4,4,TTGCAAAGCAAACATCCGCA,0,4559480
ybaY_predicted,0.2,4,4,TTGAATAAAAGCAATTATTC,0,4580794
ybaY_predicted,0.2,4,4,TTGAAAAAAAAGCAACATAT,0,4599482
ybaY_predicted,0.2,4,4,TTCTTTAGGGAATCGTACAT,0,4581095
ybaY_predicted,0.2,4,4,TTCTGTTGCGCGAATTGCCG,0,4563705
ybaY_predicted,0.2,4,4,TTCTATTCCTTTGGCCTCAT,0,4580746
ybaY_predicted,0.2,4,4,TTCTATCAGGGTATCATCGG,0,4589823
ybaY_predicted,0.2,4,4,TTCTAGTTCAAGGCCATTTA,0,4588739
ybaY_predicted,0.2,4,4,TTCGGCATTACTGATGGATT,0,4546759
ybaY_predicted,0.2,4,4,TTCGCTTTAGAGTTACACGG,0,4587989
ybaY_predicted,0.2,4,4,TTCGCTTGCTTCGCAGACTC,0,4560113
ybaY_predicted,0.2,4,4,TTCGCTAGCGCATTGAGATA,0,4585128
ybaY_predicted,0.2,4,4,TTCGAGGCAGCGGGGGCACT,0,4599900
ybaY_predicted,0.2,4,4,TTCCTTCGATGTGGGGTGTT,0,4558083
ybaY_predicted,0.2,4,4,TTCCTGTTTTCAGGATAGTG,0,4582634
ybaY_predicted,0.2,4,4,TTCCGGAGTGTCGGCTAATT,0,4581781
ybaY_predicted,0.2,4,4,TTCCGCGGGCCGTGAGTGGT,0,4578454
ybaY_predicted,0.2,4,4,TTCCAAAGAATCCCAGCTGG,0,4564995
ybaY_predicted,0.2,4,4,TTCAGGACACAAACGACGAA,0,4560462
ybaY_predicted,0.2,4,4,TTCAGATCGTGCAGCGCACA,0,4576390
ybaY_predicted,0.2,4,4,TTCACATTGACCGGGAAAGG,0,4593041
ybaY_predicted,0.2,4,4,TTATTCCGGAATACATAGCA,0,4561571
ybaY_predicted,0.2,4,4,TTATCTTAGGTAGGCTGGTA,0,4593150
ybaY_predicted,0.2,4,4,TTATAGAGCTAGACTTCAAT,0,4600074
ybaY_predicted,0.2,4,4,TTATACAATCCTAGCTCGAT,0,4588861
ybaY_predicted,0.2,4,4,TTAGCTCTTCGGGGGTGATC,0,4588193
ybaY_predicted,0.2,4,4,TTACCGGACGGGTGGCGGTA,0,4578066
ybaY_predicted,0.2,4,4,TTACAAGGATTAGAGCGTAA,0,4544835
ybaY_predicted,0.2,4,4,TTAAGCTACCCCTATAATAC,0,4600546
ybaY_predicted,0.2,4,4,TTAACTAACTGCCCTCACGA,0,4589444
ybaY_predicted,0.2,4,4,TGTTTTTAAACCAGACAGGA,0,4582103
ybaY_predicted,0.2,4,4,TGTTGATCCACCACTTGCTG,0,4563451
ybaY_predicted,0.2,4,4,TGTTCAATAACCTAACGGGA,0,4557146
ybaY_predicted,0.2,4,4,TGTTCAAGCTATGGTAGCCC,0,4559280
ybaY_predicted,0.2,4,4,TGTGTTTGCGCTGACGCGCA,0,4560614
ybaY_predicted,0.2,4,4,TGTGTTAACTGACGGTCCAA,0,4589070
ybaY_predicted,0.2,4,4,TGTGGTGAAAAATGAAGGCC,0,4546008
ybaY_predicted,0.2,4,4,TGTGGTCTTGTTTGGTGGTA,0,4561446
ybaY_predicted,0.2,4,4,TGTGGCGTAATACATACATT,0,4591701
ybaY_predicted,0.2,4,4,TGTGGCAGCGCTTTCAGGTA,0,4597820
ybaY_predicted,0.2,4,4,TGTGCGCGACAAGAACGCTC,0,4600605
ybaY_predicted,0.2,4,4,TGTGCGATCTGTGCGCTCAT,0,4565662
ybaY_predicted,0.2,4,4,TGTGACTGGTGCAGGCCTCG,0,4566065
ybaY_predicted,0.2,4,4,TGTCTACAAGCTGGGACGGG,0,4545637
ybaY_predicted,0.2,4,4,TGTCGGCTACTAATCGCAAA,0,4576301
ybaY_predicted,0.2,4,4,TGTCGATATCCTCGGTGTTA,0,4576705
ybaY_predicted,0.2,4,4,TGTCGACGTAAACCGTGCAC,0,4544629
ybaY_predicted,0.2,4,4,TGTCATACTGTACCCGGCAG,0,4572510
ybaY_predicted,0.2,4,4,TGTATGACAATCAGTTAGGT,0,4570851
ybaY_predicted,0.2,4,4,TGTAGTATAAGCAAGTTAGG,0,4547417
ybaY_predicted,0.2,4,4,TGGTGCCCTGAGTTGATACA,0,4549855
ybaY_predicted,0.2,4,4,TGGTGAGTCCTTCCCAACGC,0,4578647
ybaY_predicted,0.2,4,4,TGGTCTGGATATTTTCTCGT,0,4568282
ybaY_predicted,0.2,4,4,TGGTCCGGCTAGGTATAGAA,0,4568323
ybaY_predicted,0.2,4,4,TGGTCATTTACATCAGTCCG,0,4592950
ybaY_predicted,0.2,4,4,TGGGTGCCTCTGTCCTCAAT,0,4593641
ybaY_predicted,0.2,4,4,TGGGGTGTTATCTACCATAC,0,4589847
ybaY_predicted,0.2,4,4,TGGGGGTATGGGCTCAAGTC,0,4565723
ybaY_predicted,0.2,4,4,TGGGATTACAACGCCCCCAT,0,4548884
ybaY_predicted,0.2,4,4,TGGGAATGTTAATGCGTCAA,0,4599450
ybaY_predicted,0.2,4,4,TGGCTTTCTTTCTTAGGTAC,0,4570869
ybaY_predicted,0.2,4,4,TGGCGTCGGCTTCAGCGACA,0,4584036
ybaY_predicted,0.2,4,4,TGGCCTGTGGGGTATATATG,0,4547660
ybaY_predicted,0.2,4,4,TGGCCTGATTGTATCATGTC,0,4577892
ybaY_predicted,0.2,4,4,TGGCCGATCTTTCAGCGCCT,0,4584952
ybaY_predicted,0.2,4,4,TGGCCACTGGTATTGCACCT,0,4595089
ybaY_predicted,0.2,4,4,TGGCATGAGGTGACCGCAGA,0,4582140
ybaY_predicted,0.2,4,4,TGGCAAAGAGAGGCTTCTGC,0,4546865
ybaY_predicted,0.2,4,4,TGGATCCGGGACCCTCGAGT,0,4557509
ybaY_predicted,0.2,4,4,TGGATCCGGACGTTTTTCCT,0,4576615
ybaY_predicted,0.2,4,4,TGGACCCTCGCGCCCAGTGA,0,4567881
ybaY_predicted,0.2,4,4,TGGAATTAGGATAGCTTACA,0,4595057
ybaY_predicted,0.2,4,4,TGGAAGGTCTGCAGCGCCTC,0,4576590
ybaY_predicted,0.2,4,4,TGCTTAACATAGATAGGTGC,0,4550112
ybaY_predicted,0.2,4,4,TGCTGTTGCAGTAATATCGT,0,4546849
ybaY_predicted,0.2,4,4,TGCTATGTGTTAGGCAGGGA,0,4582084
ybaY_predicted,0.2,4,4,TGCTAGCTCGTGTCTCCTGT,0,4592427
ybaY_predicted,0.2,4,4,TGCGTGAAATCGCTACGATC,0,4566532
ybaY_predicted,0.2,4,4,TGCGTAATAGGCTTTGGTCA,0,4582190
ybaY_predicted,0.2,4,4,TGCGCTCCAATAAGAGTGCA,0,4558514
ybaY_predicted,0.2,4,4,TGCGCGGCCGCTAAAAACCT,0,4570324
ybaY_predicted,0.2,4,4,TGCCTGGAAGAATGACTGGG,0,4583513
ybaY_predicted,0.2,4,4,TGCAGTACCAAATTCCTTTT,0,4550707
ybaY_predicted,0.2,4,4,TGCACAGACTCATCAAACTA,0,4573956
ybaY_predicted,0.2,4,4,TGCAATCATGTGCCAGTTCC,0,4574891
ybaY_predicted,0.2,4,4,TGCAAGGACATGGGCTGGGA,0,4592198
ybaY_predicted,0.2,4,4,TGATTTTGGTAGCAGACTCC,0,4582073
ybaY_predicted,0.2,4,4,TGATTTTATTCTGGCTGCCT,0,4575522
ybaY_predicted,0.2,4,4,TGATGAGGGTCATCTTTACT,0,4574369
ybaY_predicted,0.2,4,4,TGATCCCATTCTCCCCTGAT,0,4595464
ybaY_predicted,0.2,4,4,TGAGTGAACAGGTGGTGGAA,0,4594535
ybaY_predicted,0.2,4,4,TGAGGTCCCAGGCACCCTGG,0,4573706
ybaY_predicted,0.2,4,4,TGAGCGAGCTATGGCCGGTG,0,4550301
ybaY_predicted,0.2,4,4,TGAGAGGCATCAGCGTGAAA,0,4599615
ybaY_predicted,0.2,4,4,TGACCCTGTAGTGAATATTT,0,4571127
ybaY_predicted,0.2,4,4,TGAATTACCAGGCTTGGTGA,0,4597668
ybaY_predicted,0.2,4,4,TCTTTGTACGAATGACTTCG,0,4577016
ybaY_predicted,0.2,4,4,TCTTAATCTACATCACCAAC,0,4595801
ybaY_predicted,0.2,4,4,TCTCTAGCGGCTAGAGTGTA,0,4549300
ybaY_predicted,0.2,4,4,TCTCTAAGGGCAAAAGAATA,0,4548693
ybaY_predicted,0.2,4,4,TCTCCCGCGGTCTTATGCTC,0,4596552
ybaY_predicted,0.2,4,4,TCTCAGAGGGCACCCGGGAT,0,4548466
ybaY_predicted,0.2,4,4,TCTAGTGGACAAGGACGTCG,0,4577842
ybaY_predicted,0.2,4,4,TCTAAGTAGACGAAGTATGC,0,4584221
ybaY_predicted,0.2,4,4,TCTAAGCAGCACATTGAGCA,0,4587798
ybaY_predicted,0.2,4,4,TCGTGCTGCGGTCCTATGGC,0,4554656
ybaY_predicted,0.2,4,4,TCGTCTGACAGGCCTGACAC,0,4599885
ybaY_predicted,0.2,4,4,TCGTCAAACCTGTCCTCTCT,0,4557198
ybaY_predicted,0.2,4,4,TCGGTGAGTGCTCAAGTTTC,0,4594324
ybaY_predicted,0.2,4,4,TCGGCCGACTGAAGCATAGT,0,4588718
ybaY_predicted,0.2,4,4,TCGGCATGAGGCCTGATAAA,0,4551413
ybaY_predicted,0.2,4,4,TCGGAAAAGTACGGCGCTAT,0,4568040
ybaY_predicted,0.2,4,4,TCGCGGCCGCCCTACCATGC,0,4579713
ybaY_predicted,0.2,4,4,TCGCCGTAGCGAGTACCGGG,0,4551762
ybaY_predicted,0.2,4,4,TCGCCGAGTCCTCTTCGCGA,0,4595106
ybaY_predicted,0.2,4,4,TCGCCCCTGGTAGTCGTATG,0,4598646
ybaY_predicted,0.2,4,4,TCGCCATAGATAATAGATTC,0,4579607
ybaY_predicted,0.2,4,4,TCGCAGAACAAAACGCTCTC,0,4583193
ybaY_predicted,0.2,4,4,TCGAAACTTAACCTAGAAGC,0,4591681
ybaY_predicted,0.2,4,4,TCCTTGAGGTACAGGCTATG,0,4597470
ybaY_predicted,0.2,4,4,TCCGTCGGGATGGATAGCGG,0,4549626
ybaY_predicted,0.2,4,4,TCCGTACACTAGGCAGCCGT,0,4550940
ybaY_predicted,0.2,4,4,TCCGCGGGCTGTCCATTCGT,0,4554476
ybaY_predicted,0.2,4,4,TCCGCCGGATCGCTCATGGT,0,4596742
ybaY_predicted,0.2,4,4,TCCGATTCAGGGGCCAATGA,0,4553878
ybaY_predicted,0.2,4,4,TCCGAGTTCGATAAATACGT,0,4580661
ybaY_predicted,0.2,4,4,TCCGAGCACTCTCATTCAAA,0,4553933
ybaY_predicted,0.2,4,4,TCCGAAAGGCACTCGAAGAG,0,4585425
ybaY_predicted,0.2,4,4,TCCCGACTTCTTGCAAAGAC,0,4562224
ybaY_predicted,0.2,4,4,TCCCACATAGTTCGAAAATG,0,4585826
ybaY_predicted,0.2,4,4,TCCACGTTCAAATGCGCGGT,0,4597265
ybaY_predicted,0.2,4,4,TCCAATGACCGTCCGAAGGT,0,4583804
ybaY_predicted,0.2,4,4,TCCAAGCCCATTGTATAAAA,0,4567629
ybaY_predicted,0.2,4,4,TCATTGCCTCGTTATTTCAC,0,4562346
ybaY_predicted,0.2,4,4,TCATGCAGAGCAGTTCGTAG,0,4594889
ybaY_predicted,0.2,4,4,TCATCTGCTCGGAATTAGAA,0,4555492
ybaY_predicted,0.2,4,4,TCATCTCTCCTACATAAAGT,0,4578255
ybaY_predicted,0.2,4,4,TCATCACAGTCGTGGCTCAT,0,4550571
ybaY_predicted,0.2,4,4,TCAGGAGTCGATTGCGTATC,0,4595542
ybaY_predicted,0.2,4,4,TCAGCCTCCGGTGGGCAGTA,0,4579984
ybaY_predicted,0.2,4,4,TCAGATCTCTCTCTCCTGAC,0,4568484
ybaY_predicted,0.2,4,4,TCACTGAATGTTGTGTGCTA,0,4552481
ybaY_predicted,0.2,4,4,TCACGGGGCTCACGGACCGC,0,4565801
ybaY_predicted,0.2,4,4,TCACGGGCCACGCATAGGCT,0,4547488
ybaY_predicted,0.2,4,4,TCACCGATATCCGAATGTAA,0,4593670
ybaY_predicted,0.2,4,4,TCAATAGAGATGTTTCCATC,0,4552671
ybaY_predicted,0.2,4,4,TCAATAAGCCCTAGTATTGA,0,4576312
ybaY_predicted,0.2,4,4,TCAAGTACGGGCAAAGCTCT,0,4549221
ybaY_predicted,0.2,4,4,TCAAACTGTGTTCTGAAACA,0,4594613
ybaY_predicted,0.2,4,4,TCAAACGGGAGATGCGAGAA,0,4578613
ybaY_predicted,0.2,4,4,TATTTTGGAGGACCAGATCC,0,4565155
ybaY_predicted,0.2,4,4,TATTGTAAGTCTTATCCTTT,0,4592614
ybaY_predicted,0.2,4,4,TATTCGGGAATCGAGTTGCA,0,4555388
ybaY_predicted,0.2,4,4,TATTCGACCACCCCGATACC,0,4556315
ybaY_predicted,0.2,4,4,TATTCAGGTAGTCTTTCTTC,0,4599655
ybaY_predicted,0.2,4,4,TATTATCCTTTAAGGTGGGG,0,4598047
ybaY_predicted,0.2,4,4,TATGTTGGATTAGCGGCGTC,0,4586876
ybaY_predicted,0.2,4,4,TATGGTAACATGTTACTGGA,0,4576016
ybaY_predicted,0.2,4,4,TATGGGCTCGGGACGAAAGG,0,4581968
ybaY_predicted,0.2,4,4,TATGCAAGCGAGCTTGAATT,0,4554134
ybaY_predicted,0.2,4,4,TATGATGCATCTACTGTTAA,0,4593379
ybaY_predicted,0.2,4,4,TATGAGTTGCTAGCTAAAGC,0,4551459
ybaY_predicted,0.2,4,4,TATCGTCCTCCGTCCCGAAG,0,4563082
ybaY_predicted,0.2,4,4,TATCCCTAGGCTGGATTATG,0,4585018
ybaY_predicted,0.2,4,4,TATATTCGTGTGTTCTAGAT,0,4593327
ybaY_predicted,0.2,4,4,TATATCACATCCGGTAACAA,0,4556840
ybaY_predicted,0.2,4,4,TATATATGTTATCCTGAAAG,0,4565922
ybaY_predicted,0.2,4,4,TATAGGGACCGCATTAATCC,0,4560969
ybaY_predicted,0.2,4,4,TATAGGAGGCAATAAATGCG,0,4568584
ybaY_predicted,0.2,4,4,TATACTCCCGTATTTAAGGT,0,4598865
ybaY_predicted,0.2,4,4,TATACCCCCGTAAACAGGTG,0,4568612
ybaY_predicted,0.2,4,4,TATAAAGACTGTGTACCCAA,0,4568024
ybaY_predicted,0.2,4,4,TATAAAATAGGTTGTAGAGC,0,4562369
ybaY_predicted,0.2,4,4,TAGTAAGTAATTGAGCGTCC,0,4553440
ybaY_predicted,0.2,4,4,TAGGTTTGTATAACAAGAAG,0,4577145
ybaY_predicted,0.2,4,4,TAGGTTCTATCACTCGAGCC,0,4578735
ybaY_predicted,0.2,4,4,TAGGTGCTACAGAAGACCGG,0,4561213
ybaY_predicted,0.2,4,4,TAGGTCTATTTTCAAAAACC,0,4566760
ybaY_predicted,0.2,4,4,TAGGGGATGGAAATGGGCAA,0,4573354
ybaY_predicted,0.2,4,4,TAGGCGGATGTACGACTGAC,0,4561659
ybaY_predicted,0.2,4,4,TAGGCCGTTTCTACTTAGTA,0,4589015
ybaY_predicted,0.2,4,4,TAGCTAGACAGTATTATGGG,0,4560477
ybaY_predicted,0.2,4,4,TAGCTAATCGTCGAGGCTAG,0,4549052
ybaY_predicted,0.2,4,4,TAGCGGTTGCGCGTAAAAAT,0,4547705
ybaY_predicted,0.2,4,4,TAGCATTAGATTTCTGCAAG,0,4546152
ybaY_predicted,0.2,4,4,TAGATTTAAGTACGAATGGT,0,4558586
ybaY_predicted,0.2,4,4,TAGAGCAGTTGTTGTTACGT,0,4574780
ybaY_predicted,0.2,4,4,TAGAATCGAGTGCACCCCTT,0,4583919
ybaY_predicted,0.2,4,4,TAGAAACTCTTGAGGCACCT,0,4591747
ybaY_predicted,0.2,4,4,TACTTTTTCGTTGGGGCCTA,0,4570711
ybaY_predicted,0.2,4,4,TACTCCTGAGATTGCATACC,0,4575641
ybaY_predicted,0.2,4,4,TACTCACCTCGAGGTTTCTA,0,4575150
ybaY_predicted,0.2,4,4,TACGTGAAAGGTACGTTTCG,0,4583571
ybaY_predicted,0.2,4,4,TACGACCGGGAAACAGTAAA,0,4551781
ybaY_predicted,0.2,4,4,TACGAAAAGACGATTCGCCC,0,4545691
ybaY_predicted,0.2,4,4,TACCTAGCGCCTGTTTCCCT,0,4556163
ybaY_predicted,0.2,4,4,TACCTACAATAGGCCGTACA,0,4581331
ybaY_predicted,0.2,4,4,TACCGGCCCAAATATTTGAA,0,4551571
ybaY_predicted,0.2,4,4,TACCACCTGCACCGCGCGTT,0,4555439
ybaY_predicted,0.2,4,4,TACAAGGAAGTACGGGGGCT,0,4591966
ybaY_predicted,0.2,4,4,TACAAGATCCTATAATAGAC,0,4565960
ybaY_predicted,0.2,4,4,TAATGTTACCGAGATACGTT,0,4597778
ybaY_predicted,0.2,4,4,TAATGCACATAATTAGCGAG,0,4553160
ybaY_predicted,0.2,4,4,TAATCTGACCTAGGGACGAG,0,4589051
ybaY_predicted,0.2,4,4,TAATAAATCCAGTACGGGTC,0,4581680
ybaY_predicted,0.2,4,4,TAAGAGCTGCTGTTGATTTC,0,4573467
ybaY_predicted,0.2,4,4,TAACCGCTTTTAAATTGGCA,0,4579804
ybaY_predicted,0.2,4,4,TAAAGAGACCGGGCTAAGCA,0,4564421
ybaY_predicted,0.2,4,4,TAAACGGCTATTTGTGCTAC,0,4567541
ybaY_predicted,0.2,4,4,TAAAAGAAAAGGAGCTACGT,0,4571571
ybaY_predicted,0.2,4,4,GTTTCGGTCTATCCGACGCT,0,4592211
ybaY_predicted,0.2,4,4,GTTGCATACGCCTACCAGTT,0,4599309
ybaY_predicted,0.2,4,4,GTTATTGGGACGTCCAGGTG,0,4562688
ybaY_predicted,0.2,4,4,GTTAGTGTCCTGGAGATGAA,0,4568424
ybaY_predicted,0.2,4,4,GTTACCTTAGGTACAGCGCT,0,4596014
ybaY_predicted,0.2,4,4,GTGTTCTTTCACTTTGCTTG,0,4558093
ybaY_predicted,0.2,4,4,GTGTTATTTGTTGTCTCCGC,0,4559371
ybaY_predicted,0.2,4,4,GTGTGCCATTGGGTCGGTGA,0,4584674
ybaY_predicted,0.2,4,4,GTGTGAGCTCACGTATAGAC,0,4566272
ybaY_predicted,0.2,4,4,GTGTAGTCCGCGGCCCGCGT,0,4578267
ybaY_predicted,0.2,4,4,GTGTAAACCCACAATTACAC,0,4569717
ybaY_predicted,0.2,4,4,GTGGGGTGTTTACGAGTTCC,0,4571894
ybaY_predicted,0.2,4,4,GTGGGGAGTACAAGGCCGTA,0,4568359
ybaY_predicted,0.2,4,4,GTGGCCTGACTTCGGTATGG,0,4550311
ybaY_predicted,0.2,4,4,GTGGAAGGTGCCTAGTACTG,0,4551923
ybaY_predicted,0.2,4,4,GTGCGAATGCAAACTCAAAC,0,4578419
ybaY_predicted,0.2,4,4,GTGCCCGTGCGCGCGTATCT,0,4592645
ybaY_predicted,0.2,4,4,GTGCCATTGGTATCCCGTTG,0,4600661
ybaY_predicted,0.2,4,4,GTGCAGTCCACATAATTACA,0,4570831
ybaY_predicted,0.2,4,4,GTGCAGACATATTGCAACAA,0,4552209
ybaY_predicted,0.2,4,4,GTGCACATTCAAACTCTCTA,0,4547920
ybaY_predicted,0.2,4,4,GTGATCCAGGGCTGCGCAAT,0,4550630
ybaY_predicted,0.2,4,4,GTGATATAAAGGGATCTATA,0,4597219
ybaY_predicted,0.2,4,4,GTGACAGCATTACGTGTAGA,0,4579416
ybaY_predicted,0.2,4,4,GTCTTTTCGCCCAGTCGTGG,0,4559019
ybaY_predicted,0.2,4,4,GTCTGTTCGCGTTAACTACA,0,4559709
ybaY_predicted,0.2,4,4,GTCTGTTCAGGACCTAAGAT,0,4587224
ybaY_predicted,0.2,4,4,GTCTATCAAGAGTCACGGCT,0,4580567
ybaY_predicted,0.2,4,4,GTCTAGGCAAAAGAAGGGGA,0,4554955
ybaY_predicted,0.2,4,4,GTCGCTCGCGGGATCGTCTT,0,4558412
ybaY_predicted,0.2,4,4,GTCGATCTGATGAGTGTCCA,0,4593331
ybaY_predicted,0.2,4,4,GTCGAGCCCCTCACATTTCC,0,4554122
ybaY_predicted,0.2,4,4,GTCCTGGAAAACGTTCACGC,0,4555350
ybaY_predicted,0.2,4,4,GTCCGCAGATGGAGCTGACG,0,4595973
ybaY_predicted,0.2,4,4,GTCCCGGTTACGTTTTGTAG,0,4576340
ybaY_predicted,0.2,4,4,GTCCCGGAGTGAGTAGGATG,0,4556788
ybaY_predicted,0.2,4,4,GTCCACTTCCTACGTCATGC,0,4551586
ybaY_predicted,0.2,4,4,GTCACTGAGTACCGCCGCCC,0,4547499
ybaY_predicted,0.2,4,4,GTATTGGAGACTTACACGGG,0,4596264
ybaY_predicted,0.2,4,4,GTATTACTTATTCGTTACCC,0,4593051
ybaY_predicted,0.2,4,4,GTATGCGGTCTGGCCCGAGC,0,4595024
ybaY_predicted,0.2,4,4,GTATCTATGGTGTCACGGTT,0,4590143
ybaY_predicted,0.2,4,4,GTATACTCTCTACGCAGGTA,0,4569245
ybaY_predicted,0.2,4,4,GTATACGCGCGGTGCCCCAC,0,4585355
ybaY_predicted,0.2,4,4,GTATACGACTACGGGGAAGG,0,4573576
ybaY_predicted,0.2,4,4,GTAGTTTTTGGTTTCCTGAG,0,4578571
ybaY_predicted,0.2,4,4,GTAGTACTAGCCCGGATTCT,0,4563484
ybaY_predicted,0.2,4,4,GTAGCTGGGACGTCCCTGGT,0,4575526
ybaY_predicted,0.2,4,4,GTAGCTAGAGCTCGTGCGAC,0,4592611
ybaY_predicted,0.2,4,4,GTAGATGTAAGTAGTTAGGC,0,4544707
ybaY_predicted,0.2,4,4,GTAGAGTTGCAAGGGCGTCA,0,4573176
ybaY_predicted,0.2,4,4,GTACGGGGTATATGATTCGC,0,4556850
ybaY_predicted,0.2,4,4,GTACGCCCTGGCGTCACAGT,0,4598135
ybaY_predicted,0.2,4,4,GTACCAAAGACTGACAATCA,0,4553448
ybaY_predicted,0.2,4,4,GTAACAATATACTGCGGTAC,0,4576631
ybaY_predicted,0.2,4,4,GGTTTGCTTGGAACTCTTCA,0,4564697
ybaY_predicted,0.2,4,4,GGTTGGAGCGTCCTGGTCCA,0,4595543
ybaY_predicted,0.2,4,4,GGTTAACCTGCCCCAAGAGT,0,4596580
ybaY_predicted,0.2,4,4,GGTGTTCAGTGTCCAACAAT,0,4568622
ybaY_predicted,0.2,4,4,GGTGGGACTCAACACTCTCA,0,4579010
ybaY_predicted,0.2,4,4,GGTGCCAGCGATCCCAGGGT,0,4572858
ybaY_predicted,0.2,4,4,GGTGACGCATCCAGCGTGCT,0,4580532
ybaY_predicted,0.2,4,4,GGTGACATAATAGTAAGGTA,0,4574528
ybaY_predicted,0.2,4,4,GGTCTCACCTTTTTCACGCA,0,4574508
ybaY_predicted,0.2,4,4,GGTCGGCCTTTATGCTGGAG,0,4599581
ybaY_predicted,0.2,4,4,GGTCCCGAGTGGGCATAACG,0,4564381
ybaY_predicted,0.2,4,4,GGTCCCAGTCCCTCGGGTCT,0,4550092
ybaY_predicted,0.2,4,4,GGTCAGAAACACGTGTTTCG,0,4562748
ybaY_predicted,0.2,4,4,GGTCACGTAGTCTGTATGAT,0,4552081
ybaY_predicted,0.2,4,4,GGTCAAGATGAAGGGCTACT,0,4552517
ybaY_predicted,0.2,4,4,GGTATGTAAGAGTTTCATAC,0,4545909
ybaY_predicted,0.2,4,4,GGTATCACTGGGCCCGGGGG,0,4553401
ybaY_predicted,0.2,4,4,GGTAGCTAATACAATAACCA,0,4598023
ybaY_predicted,0.2,4,4,GGTACTTTAGTGTGCCGCGC,0,4591729
ybaY_predicted,0.2,4,4,GGTACCAGGACTTCACAAAG,0,4565710
ybaY_predicted,0.2,4,4,GGTAATCCTGTCAGACGGCT,0,4548178
ybaY_predicted,0.2,4,4,GGTAACACGTTTGAAGAATG,0,4589983
ybaY_predicted,0.2,4,4,GGGTTTTCTTACGTCGAACG,0,4584364
ybaY_predicted,0.2,4,4,GGGTGCATACCACATCACTC,0,4591468
ybaY_predicted,0.2,4,4,GGGTGAGACGATAGTAGAAG,0,4596038
ybaY_predicted,0.2,4,4,GGGTCGTCAGCTTCTGGGGA,0,4567860
ybaY_predicted,0.2,4,4,GGGTAGGCGAGGTGACGCAG,0,4554908
ybaY_predicted,0.2,4,4,GGGTACGAACACACAATGGA,0,4592038
ybaY_predicted,0.2,4,4,GGGGTGTCATCAGAACGATC,0,4552250
ybaY_predicted,0.2,4,4,GGGGTCTGTTCGCTGAAATT,0,4577851
ybaY_predicted,0.2,4,4,GGGGCCAGAGTATCAACATC,0,4583563
ybaY_predicted,0.2,4,4,GGGGAGCGGCGTAGTATTCC,0,4545857
ybaY_predicted,0.2,4,4,GGGCTTGTGTCTTCTCGATT,0,4571478
ybaY_predicted,0.2,4,4,GGGCTATCAAGTCAGATCGG,0,4572136
ybaY_predicted,0.2,4,4,GGGCGCTTCAAAGAGCGGAT,0,4551752
ybaY_predicted,0.2,4,4,GGGCCAACCCAAGAGGAAAA,0,4585583
ybaY_predicted,0.2,4,4,GGGCATAGGCTTTTTTGGCA,0,4592747
ybaY_predicted,0.2,4,4,GGGCAACGAATCACACGTGG,0,4585279
ybaY_predicted,0.2,4,4,GGGCAAAGCCGGATCAATTG,0,4574896
ybaY_predicted,0.2,4,4,GGGATGTGGTAGGTCAAAGA,0,4572285
ybaY_predicted,0.2,4,4,GGGACTAAGGACCAGATAGA,0,4551915
ybaY_predicted,0.2,4,4,GGGACGGCTGGGCCAGCGTG,0,4581065
ybaY_predicted,0.2,4,4,GGGACCAGGTTAGTCTTCGA,0,4583275
ybaY_predicted,0.2,4,4,GGGAAGTCACACACTCATAG,0,4561145
ybaY_predicted,0.2,4,4,GGGAACACCTTACTTAGGAC,0,4585368
ybaY_predicted,0.2,4,4,GGCTTTGATTTGGTGAGGCA,0,4598025
ybaY_predicted,0.2,4,4,GGCTTCACACAGCGGTATCT,0,4555394
ybaY_predicted,0.2,4,4,GGCTCTGCCTGTTGTCCAAG,0,4570812
ybaY_predicted,0.2,4,4,GGCTAGTACTTCGGTGCGGC,0,4579004
ybaY_predicted,0.2,4,4,GGCTAAGTTCCATCCATCAG,0,4583261
ybaY_predicted,0.2,4,4,GGCGGTCTCGAGGTACTAGG,0,4565229
ybaY_predicted,0.2,4,4,GGCGCACTCACCAAGCTAGT,0,4556053
ybaY_predicted,0.2,4,4,GGCGATATCATGCCAAAGCA,0,4585062
ybaY_predicted,0.2,4,4,GGCCGGCGCTAGATCCCTCA,0,4594180
ybaY_predicted,0.2,4,4,GGCCCCACAACCAGACGAGA,0,4584716
ybaY_predicted,0.2,4,4,GGCCATGTATTAAGAACGAT,0,4546825
ybaY_predicted,0.2,4,4,GGCCAACGGCTGCGCGGAAC,0,4559781
ybaY_predicted,0.2,4,4,GGCATTTGTGGTATGGCAAA,0,4594968
ybaY_predicted,0.2,4,4,GGCATGCGTGTATCCCAAAC,0,4550827
ybaY_predicted,0.2,4,4,GGCATCAACCTTATCCTGCT,0,4585042
ybaY_predicted,0.2,4,4,GGCAGTGGCCACGGCCTAGA,0,4556471
ybaY_predicted,0.2,4,4,GGCAACGGTTGCGCAAAACC,0,4572716
ybaY_predicted,0.2,4,4,GGATTGGGATGCATTCATGG,0,4567792
ybaY_predicted,0.2,4,4,GGATTCAGATGGCTCATCCA,0,4545006
ybaY_predicted,0.2,4,4,GGATTCACCAATTTGTAGCG,0,4572501
ybaY_predicted,0.2,4,4,GGATGCGGATGAGAACGCTA,0,4595365
ybaY_predicted,0.2,4,4,GGATCGCTCTTGGGCAACGT,0,4580873
ybaY_predicted,0.2,4,4,GGATAAATCTGACCATGGGC,0,4546738
ybaY_predicted,0.2,4,4,GGAGTCACCATAAGTGTAAT,0,4568946
ybaY_predicted,0.2,4,4,GGAGGTCGGGGGCATTAACC,0,4589413
ybaY_predicted,0.2,4,4,GGAGCGTAATCAGTGATAGA,0,4584186
ybaY_predicted,0.2,4,4,GGAGCCTTGGAGGCCATCTC,0,4580020
ybaY_predicted,0.2,4,4,GGAGACAGCGGTCCAGTTGA,0,4547758
ybaY_predicted,0.2,4,4,GGACTTCAGCCGACTTGCAT,0,4560146
ybaY_predicted,0.2,4,4,GGACTGGGGCTTACAAGAAT,0,4582098
ybaY_predicted,0.2,4,4,GGACATAGTGAGGCCACTCG,0,4568924
ybaY_predicted,0.2,4,4,GGACAGGAAGTACAATTGGA,0,4589105
ybaY_predicted,0.2,4,4,GGAACTGCCGAACAAGCGGT,0,4585491
ybaY_predicted,0.2,4,4,GGAAATACTAAGTCGCAGAC,0,4546108
ybaY_predicted,0.2,4,4,GGAAAGGTCGGATACCAGTC,0,4544393
ybaY_predicted,0.2,4,4,GGAAACAAGGGACCAGGCCA,0,4549797
ybaY_predicted,0.2,4,4,GCTTGCTCTATGTGTCACCA,0,4585351
ybaY_predicted,0.2,4,4,GCTTAAAATTGTCAACCCTC,0,4597950
ybaY_predicted,0.2,4,4,GCTGTTCGGATAACTTGATT,0,4563799
ybaY_predicted,0.2,4,4,GCTGGTGTTCCTAAAAGGAC,0,4588269
ybaY_predicted,0.2,4,4,GCTGCAAAAAACTGGGCCTA,0,4572745
ybaY_predicted,0.2,4,4,GCTGACGAGGGCATGGGCTA,0,4595658
ybaY_predicted,0.2,4,4,GCTCTCCACGAGCTGGCTGC,0,4544355
ybaY_predicted,0.2,4,4,GCTCGTTAGCATGTATTCTT,0,4575796
ybaY_predicted,0.2,4,4,GCTCCGGTTTTCGTACCGTC,0,4558541
ybaY_predicted,0.2,4,4,GCTCCCCTCCACTAGCCTCA,0,4580402
ybaY_predicted,0.2,4,4,GCTCCCCGATACTCTTAACA,0,4544640
ybaY_predicted,0.2,4,4,GCTATTTGCAGAAGAGTCCC,0,4579495
ybaY_predicted,0.2,4,4,GCTACCTAACGGTCCAGCAA,0,4552931
ybaY_predicted,0.2,4,4,GCTAAATTTACTTCAGTTGG,0,4599225
ybaY_predicted,0.2,4,4,GCGTTGTGAAGGAATCCATC,0,4544603
ybaY_predicted,0.2,4,4,GCGTCTAAGCTCTAGCCTTG,0,4600199
ybaY_predicted,0.2,4,4,GCGTCGGCACTGGTTGGGAA,0,4588694
ybaY_predicted,0.2,4,4,GCGGTTTGGAGCTTTCCATT,0,4551699
ybaY_predicted,0.2,4,4,GCGGTGAACTGAGCGTTCGA,0,4558702
ybaY_predicted,0.2,4,4,GCGGTCGAGTTTAAGCCTGC,0,4591888
ybaY_predicted,0.2,4,4,GCGGCCAAATCGAGTCCAAT,0,4556506
ybaY_predicted,0.2,4,4,GCGGACGCGGGTCTGCACCT,0,4549074
ybaY_predicted,0.2,4,4,GCGCTATATCCCTTCGGAGA,0,4591744
ybaY_predicted,0.2,4,4,GCGATACTATCAGCGATTCA,0,4572085
ybaY_predicted,0.2,4,4,GCGAGGGGGACAGCGCGTAA,0,4567809
ybaY_predicted,0.2,4,4,GCGAACATATATGCGCTTTG,0,4598553
ybaY_predicted,0.2,4,4,GCCTTGTAACAGTGTCCCTT,0,4564162
ybaY_predicted,0.2,4,4,GCCTCCCCGTGGTTAGGTGG,0,4583816
ybaY_predicted,0.2,4,4,GCCTACAGTTTTCGCTGCGG,0,4572108
ybaY_predicted,0.2,4,4,GCCGGGTTGCAGCGTGTAGC,0,4584407
ybaY_predicted,0.2,4,4,GCCGGGGGATGGGGCAGTAT,0,4544746
ybaY_predicted,0.2,4,4,GCCGGGAACCTCCTTCTTGT,0,4554852
ybaY_predicted,0.2,4,4,GCCGCGACATATTAATAAGA,0,4586629
ybaY_predicted,0.2,4,4,GCCGATGCGGGTTCCTAATA,0,4589287
ybaY_predicted,0.2,4,4,GCCGACGCCTGGGATCCATT,0,4590366
ybaY_predicted,0.2,4,4,GCCGAAGTATATGCTCCGAT,0,4545489
ybaY_predicted,0.2,4,4,GCCCTGTACTATTCACAGTG,0,4567538
ybaY_predicted,0.2,4,4,GCCCGTTTCAAGTCAGACAC,0,4558620
ybaY_predicted,0.2,4,4,GCCCGACGCATTTACGACCG,0,4551258
ybaY_predicted,0.2,4,4,GCCCCCGGTTTGAATTTGAC,0,4575390
ybaY_predicted,0.2,4,4,GCCCACCATAGTCACGGGCG,0,4546089
ybaY_predicted,0.2,4,4,GCCACGGTGTGCGATGGGCG,0,4583586
ybaY_predicted,0.2,4,4,GCATTTAGGGGGGGGCAATA,0,4570714
ybaY_predicted,0.2,4,4,GCATTTACGTGCATCTAAAT,0,4577116
ybaY_predicted,0.2,4,4,GCATTAAGGTTTATATCAGC,0,4561593
ybaY_predicted,0.2,4,4,GCATCAGTATATCGGAAATC,0,4547881
ybaY_predicted,0.2,4,4,GCATAGGTGAATGACCACTC,0,4584602
ybaY_predicted,0.2,4,4,GCAGTACGCTTAAAAAGTGG,0,4548042
ybaY_predicted,0.2,4,4,GCAGGTTACGATCCGTGCCT,0,4589246
ybaY_predicted,0.2,4,4,GCAGGTAGAGTTGGGTTTAA,0,4560284
ybaY_predicted,0.2,4,4,GCAGGGGCGCCTAATAAGGG,0,4583372
ybaY_predicted,0.2,4,4,GCAGGAGGGGCTGGCCATGG,0,4571216
ybaY_predicted,0.2,4,4,GCAGCTTCTTAAGCATATTC,0,4574027
ybaY_predicted,0.2,4,4,GCAGATGACGTCTACGGGTA,0,4572486
ybaY_predicted,0.2,4,4,GCACTGCTGAATTTAAATAA,0,4582070
ybaY_predicted,0.2,4,4,GCACTGCGCCGCCGCATCTG,0,4556623
ybaY_predicted,0.2,4,4,GCACTCTCGCGAGGATTAGC,0,4593891
ybaY_predicted,0.2,4,4,GCACTCTCGACAGAATTACA,0,4587266
ybaY_predicted,0.2,4,4,GCACAGTTCCAAGTGCTGGA,0,4588528
ybaY_predicted,0.2,4,4,GCACAATGTTGTACACAGGC,0,4566557
ybaY_predicted,0.2,4,4,GCAAATTTCTGAACATAAGG,0,4596776
ybaY_predicted,0.2,4,4,GCAAAGCATGGGACCCGGTG,0,4570339
ybaY_predicted,0.2,4,4,GATTGGTATCTCAAGTCCTG,0,4584571
ybaY_predicted,0.2,4,4,GATTGAAAGTCCGGACCCAG,0,4599409
ybaY_predicted,0.2,4,4,GATTCCAGCAATTTCGACAT,0,4583533
ybaY_predicted,0.2,4,4,GATTAGCCGGCAGTGTGCGG,0,4559122
ybaY_predicted,0.2,4,4,GATTACTGACTCGCAGCTTA,0,4546869
ybaY_predicted,0.2,4,4,GATGTTTAGCCGCCGGTGAG,0,4595167
ybaY_predicted,0.2,4,4,GATGAGTGGGGCTCTACTGG,0,4594428
ybaY_predicted,0.2,4,4,GATGACCAGTTTATGGCACC,0,4579296
ybaY_predicted,0.2,4,4,GATCCAAGCTTAACTTGTGA,0,4559475
ybaY_predicted,0.2,4,4,GATATTCTCAGTATCAGTGT,0,4563046
ybaY_predicted,0.2,4,4,GATATCCGGAGTGGTCAGGG,0,4584505
ybaY_predicted,0.2,4,4,GATACTGGAGTTCCAGCGTA,0,4563588
ybaY_predicted,0.2,4,4,GATACCGCGCGGCGCTTCCT,0,4550106
ybaY_predicted,0.2,4,4,GATAAGATGTAAGGCTTACG,0,4561224
ybaY_predicted,0.2,4,4,GAGTCTATTAATGCACCCCT,0,4565481
ybaY_predicted,0.2,4,4,GAGTCATTTTACTTACGTCT,0,4591095
ybaY_predicted,0.2,4,4,GAGTAACCTGCCCCGGGGCT,0,4565408
ybaY_predicted,0.2,4,4,GAGGCCGGGCCACCTGGGTC,0,4586863
ybaY_predicted,0.2,4,4,GAGGCCGGATAACCGCATTA,0,4584038
ybaY_predicted,0.2,4,4,GAGCTGTGTTGCTTTAGTCG,0,4570257
ybaY_predicted,0.2,4,4,GAGCTGTCCAAAGTCTCAGA,0,4573277
ybaY_predicted,0.2,4,4,GAGCCATAGCGATATGTTTC,0,4600477
ybaY_predicted,0.2,4,4,GAGCATCACGTGGTCCTACT,0,4593649
ybaY_predicted,0.2,4,4,GAGCAGAACGTTGGAGCTTC,0,4552921
ybaY_predicted,0.2,4,4,GAGCACCCTCTCGCAAGTAT,0,4558468
ybaY_predicted,0.2,4,4,GAGAGCTCGGTCAATTTACA,0,4596285
ybaY_predicted,0.2,4,4,GAGAGACTCAACTCAGCGGA,0,4568352
ybaY_predicted,0.2,4,4,GAGACCCAACCGACACATGG,0,4594149
ybaY_predicted,0.2,4,4,GAGACATACATCTTATCAGG,0,4545916
ybaY_predicted,0.2,4,4,GACTGAACCCGTATCGACGT,0,4566896
ybaY_predicted,0.2,4,4,GACGGCATTACTTAAGAATA,0,4592461
ybaY_predicted,0.2,4,4,GACGACGGTACGGGATGGCC,0,4587491
ybaY_predicted,0.2,4,4,GACGAAAGGCCTGGTTTTTA,0,4572926
ybaY_predicted,0.2,4,4,GACCTCTGACAGTAACTGAC,0,4567441
ybaY_predicted,0.2,4,4,GACCGGTAAATTCCGGGTGA,0,4592800
ybaY_predicted,0.2,4,4,GACCGCTGGCGTCGTCTTAG,0,4587361
ybaY_predicted,0.2,4,4,GACAGTTAGGCGTTCTCATA,0,4583724
ybaY_predicted,0.2,4,4,GACAGCCTTATAAGGAGTGA,0,4581339
ybaY_predicted,0.2,4,4,GAATTAACTCAGTACGCTGA,0,4583951
ybaY_predicted,0.2,4,4,GAATGTCCCGAGGGCTACCC,0,4600478
ybaY_predicted,0.2,4,4,GAATGGAGGATCTATCACTT,0,4552852
ybaY_predicted,0.2,4,4,GAATCTCTAGACGAGGACTA,0,4546395
ybaY_predicted,0.2,4,4,GAATAAAAGCCACCGCTAGC,0,4559596
ybaY_predicted,0.2,4,4,GAAGGAGCCGGATCAAGCTA,0,4579027
ybaY_predicted,0.2,4,4,GAACTGTTTCCACGGGTGCA,0,4598115
ybaY_predicted,0.2,4,4,GAACGGTTATCGTCATCCGT,0,4581623
ybaY_predicted,0.2,4,4,GAACATTTCTGGCATGAATC,0,4576456
ybaY_predicted,0.2,4,4,GAACAGGGTGTGTGAGCTAA,0,4556176
ybaY_predicted,0.2,4,4,GAAATGGTGGACTGTTAGAT,0,4549206
ybaY_predicted,0.2,4,4,GAAATAGCTTGAGCGGCGTT,0,4577881
ybaY_predicted,0.2,4,4,GAAATAACGCAACGATAGTA,0,4587564
ybaY_predicted,0.2,4,4,GAAACGTTCCGCTTGTCTCC,0,4593253
ybaY_predicted,0.2,4,4,GAAACCAGAGTGCTCTCTTG,0,4555339
ybaY_predicted,0.2,4,4,CTTTGTGGGGGCGCACACCG,0,4581883
ybaY_predicted,0.2,4,4,CTTTGAGCGACAGATGCATG,0,4590117
ybaY_predicted,0.2,4,4,CTTTCACGCACAAATGGGCG,0,4544637
ybaY_predicted,0.2,4,4,CTTTAGTGCAAAAGGGGCAA,0,4556784
ybaY_predicted,0.2,4,4,CTTTACAGGATTGCGTAACC,0,4593730
ybaY_predicted,0.2,4,4,CTTTAAGACCATATAGGACT,0,4574890
ybaY_predicted,0.2,4,4,CTTGGTTGCGTGGGATTGTC,0,4584257
ybaY_predicted,0.2,4,4,CTTGGCTGGGGCGGTTTGAG,0,4561492
ybaY_predicted,0.2,4,4,CTTCCTTTCATCGCCGACTT,0,4558992
ybaY_predicted,0.2,4,4,CTTCCTGGTGCAGCCCCTCA,0,4567290
ybaY_predicted,0.2,4,4,CTTCCCACGTAATCCGTTCG,0,4571386
ybaY_predicted,0.2,4,4,CTTCACTTTGGCTCAAAGGT,0,4563055
ybaY_predicted,0.2,4,4,CTTCAACGTAAGTGTTAACA,0,4560663
ybaY_predicted,0.2,4,4,CTTATCTGGAGTAGACCAGA,0,4557111
ybaY_predicted,0.2,4,4,CTTATAAATCAAGAAAATCC,0,4593117
ybaY_predicted,0.2,4,4,CTGTTGTTAGTGTAGTGGAA,0,4574150
ybaY_predicted,0.2,4,4,CTGTTAGGTCATGCAAAGGA,0,4574666
ybaY_predicted,0.2,4,4,CTGTTAAACCGGGGCAACCA,0,4570556
ybaY_predicted,0.2,4,4,CTGTCGATTAAACTGGCGGA,0,4587923
ybaY_predicted,0.2,4,4,CTGTAGCTAATGAGAGGTAC,0,4555776
ybaY_predicted,0.2,4,4,CTGGTTCTGCCATGGTTATG,0,4564141
ybaY_predicted,0.2,4,4,CTGGTACGCTTATGTCAGAG,0,4591434
ybaY_predicted,0.2,4,4,CTGGGTTGACTTCCGGGTCG,0,4596398
ybaY_predicted,0.2,4,4,CTGGGTCTGGTTTCATGTAT,0,4597277
ybaY_predicted,0.2,4,4,CTGGGCTACACAAAGTAGGG,0,4576686
ybaY_predicted,0.2,4,4,CTGCTTCTTTTGCTAGCATC,0,4561239
ybaY_predicted,0.2,4,4,CTGCGCTCCACATACGTACC,0,4572577
ybaY_predicted,0.2,4,4,CTGCGCCACCCCGTTCACTC,0,4571204
ybaY_predicted,0.2,4,4,CTGCGAGCGGATCCTGGATA,0,4562750
ybaY_predicted,0.2,4,4,CTGAGTGTCTGATATGAGGC,0,4547421
ybaY_predicted,0.2,4,4,CTGAGTCCTATTAGGTTGCT,0,4562658
ybaY_predicted,0.2,4,4,CTGAGCATGGGACAATTCTG,0,4556773
ybaY_predicted,0.2,4,4,CTGAATGTATACAGTCGCAT,0,4553885
ybaY_predicted,0.2,4,4,CTCTTTGGAGCATCGTGAAT,0,4569705
ybaY_predicted,0.2,4,4,CTCTGTGGATAGCGTAGTAC,0,4546744
ybaY_predicted,0.2,4,4,CTCTGTATTGTTTATATTTA,0,4558668
ybaY_predicted,0.2,4,4,CTCTGCATTCGTCCACATAT,0,4584142
ybaY_predicted,0.2,4,4,CTCTGATTTAATGAATAGAT,0,4591973
ybaY_predicted,0.2,4,4,CTCTCGGATCGTGTTACTAT,0,4561188
ybaY_predicted,0.2,4,4,CTCTCGCCAGTGTAAAATTT,0,4582000
ybaY_predicted,0.2,4,4,CTCTAACAGTAAGAGGTGTG,0,4578836
ybaY_predicted,0.2,4,4,CTCGGTGATAGGCCGAGGAA,0,4566930
ybaY_predicted,0.2,4,4,CTCGCGGTGACTGTTGTGAA,0,4571455
ybaY_predicted,0.2,4,4,CTCGCACGTTCAGCCAAACT,0,4561555
ybaY_predicted,0.2,4,4,CTCCTGCACCTTGGGCGTAA,0,4594074
ybaY_predicted,0.2,4,4,CTCCCGAAACTGGCTAGCGG,0,4587374
ybaY_predicted,0.2,4,4,CTCATATCAAATTCCACTGG,0,4596508
ybaY_predicted,0.2,4,4,CTCAGTGTGCCTCCGAATCC,0,4558547
ybaY_predicted,0.2,4,4,CTCAGGTATTCTATGTATGG,0,4562924
ybaY_predicted,0.2,4,4,CTCACTGAGGTGCAGAAGCC,0,4564922
ybaY_predicted,0.2,4,4,CTCACGGCAAGGCTATGAGT,0,4578439
ybaY_predicted,0.2,4,4,CTCACCTCAGGAGCTCCCGT,0,4558920
ybaY_predicted,0.2,4,4,CTCACAATGAGATAAAATTC,0,4585008
ybaY_predicted,0.2,4,4,CTATTCATTTCCTCACTCGT,0,4576773
ybaY_predicted,0.2,4,4,CTATGGAGCGGGATGCTATA,0,4581862
ybaY_predicted,0.2,4,4,CTATGCCTGGATGGCGGATC,0,4582713
ybaY_predicted,0.2,4,4,CTATGAGGACTGTTAGTAAG,0,4566650
ybaY_predicted,0.2,4,4,CTATATAGACGTACGGAAGC,0,4567109
ybaY_predicted,0.2,4,4,CTAGTTAGAACATCTAACAT,0,4561298
ybaY_predicted,0.2,4,4,CTAGGGTGTGATTCTAACAT,0,4544460
ybaY_predicted,0.2,4,4,CTAGGCCCTCTTTGTTTTGG,0,4562917
ybaY_predicted,0.2,4,4,CTAGGCAGGCGCATGATTTT,0,4566783
ybaY_predicted,0.2,4,4,CTAGCTCCAGCAGGCATCGT,0,4562930
ybaY_predicted,0.2,4,4,CTACTTTCAAACCCGATCGC,0,4572211
ybaY_predicted,0.2,4,4,CTAATACGGGGCACAAGGCC,0,4548223
ybaY_predicted,0.2,4,4,CTAAGAAGTCAACAATCTTG,0,4572292
ybaY_predicted,0.2,4,4,CGTTTGGGGAGTACGAGGAA,0,4554024
ybaY_predicted,0.2,4,4,CGTTTCGAGCCGAATAGCTC,0,4551420
ybaY_predicted,0.2,4,4,CGTTGGGTGGAGAGCCAATC,0,4553473
ybaY_predicted,0.2,4,4,CGTTCGCGTTGACTTTGTGT,0,4571198
ybaY_predicted,0.2,4,4,CGTTAATTTAAAAACGGAAT,0,4576598
ybaY_predicted,0.2,4,4,CGTGGATAAGGTGGAAAGAA,0,4599573
ybaY_predicted,0.2,4,4,CGTGGACGAGAGAAAAAGAG,0,4596201
ybaY_predicted,0.2,4,4,CGTGCCGTCGGGACTGTCGC,0,4576707
ybaY_predicted,0.2,4,4,CGTGAATGCTAGGCGATTCG,0,4558028
ybaY_predicted,0.2,4,4,CGTCGATGACAACTCGGTTG,0,4560257
ybaY_predicted,0.2,4,4,CGTCCCCAATCATCCGGAGG,0,4573183
ybaY_predicted,0.2,4,4,CGTCCATTTGCAGTCAAGTC,0,4574980
ybaY_predicted,0.2,4,4,CGTCATTTGGCTACGTCTAT,0,4547301
ybaY_predicted,0.2,4,4,CGTATAGTTAGGTGTCTGAT,0,4566878
ybaY_predicted,0.2,4,4,CGTAGATCTCACGAGGATAG,0,4596928
ybaY_predicted,0.2,4,4,CGTACGCGCTCACAAACCTG,0,4564639
ybaY_predicted,0.2,4,4,CGTACCACACCGTACATGGG,0,4545802
ybaY_predicted,0.2,4,4,CGTAAATGCGCACTTGCCTA,0,4575888
ybaY_predicted,0.2,4,4,CGGTTTGGTGTGTTCCCTGC,0,4567112
ybaY_predicted,0.2,4,4,CGGTTGACACTTTTCTTACC,0,4594441
ybaY_predicted,0.2,4,4,CGGTCCATTTTAAACTGCTG,0,4546638
ybaY_predicted,0.2,4,4,CGGTAACGAATATGACTGAG,0,4594454
ybaY_predicted,0.2,4,4,CGGGTGGCGATTGCTAAACA,0,4597474
ybaY_predicted,0.2,4,4,CGGGTCGCACTAGGTTGGAA,0,4599666
ybaY_predicted,0.2,4,4,CGGGTAGGGGGACTTAGGCT,0,4561409
ybaY_predicted,0.2,4,4,CGGGGTGCGACCCTTGAGAA,0,4548977
ybaY_predicted,0.2,4,4,CGGGGAACGCCAACACCCCC,0,4584413
ybaY_predicted,0.2,4,4,CGGGCATACTATCTGCCGAA,0,4573912
ybaY_predicted,0.2,4,4,CGGGAACTGATCGCCGCCCA,0,4597106
ybaY_predicted,0.2,4,4,CGGCGTCGGCCTCAAGCGTT,0,4548354
ybaY_predicted,0.2,4,4,CGGCATCCATTCTACCCTGT,0,4548360
ybaY_predicted,0.2,4,4,CGGACGATGAGAGGGAAGAG,0,4585234
ybaY_predicted,0.2,4,4,CGGACAATAGATTCAACAGG,0,4582959
ybaY_predicted,0.2,4,4,CGCTTTCAATAAGCAATATA,0,4558462
ybaY_predicted,0.2,4,4,CGCTTTCAATAAACTAGATG,0,4588761
ybaY_predicted,0.2,4,4,CGCTAGTCCAGAGCCACACA,0,4572812
ybaY_predicted,0.2,4,4,CGCGCTTAAGGAACGAGAGG,0,4595996
ybaY_predicted,0.2,4,4,CGCGACAGCGGCCACATTAT,0,4579244
ybaY_predicted,0.2,4,4,CGCCTGTCTTACAAAATGCA,0,4571790
ybaY_predicted,0.2,4,4,CGCCTGCTTAGTTGGTAGTT,0,4570783
ybaY_predicted,0.2,4,4,CGCATTGGACCGACATGTAT,0,4571436
ybaY_predicted,0.2,4,4,CGCATGTGCGACTCTGGGTT,0,4593949
ybaY_predicted,0.2,4,4,CGCAGGGGGCCACAGTCTAT,0,4574707
ybaY_predicted,0.2,4,4,CGCAGATCTCGCAGAGCCGT,0,4589819
ybaY_predicted,0.2,4,4,CGCACCTTAGGCTTGAGCCA,0,4577631
ybaY_predicted,0.2,4,4,CGATTGTCGCCGCGTAGGTA,0,4576150
ybaY_predicted,0.2,4,4,CGATGGAGTGGCGCACTTAT,0,4586385
ybaY_predicted,0.2,4,4,CGATCGAGGCTAAGGCACGA,0,4577343
ybaY_predicted,0.2,4,4,CGATAGCCCCTTGGGCACAA,0,4547096
ybaY_predicted,0.2,4,4,CGAGTAGAGTCGATTCAACA,0,4562566
ybaY_predicted,0.2,4,4,CGAGGATGGCAGCGCTACAA,0,4576357
ybaY_predicted,0.2,4,4,CGACGTTCATTTTAGTGTCA,0,4557398
ybaY_predicted,0.2,4,4,CGACGCCTAGACCGATGTTC,0,4564161
ybaY_predicted,0.2,4,4,CGAATGGAGCCGCTCAATTA,0,4548574
ybaY_predicted,0.2,4,4,CGAAGGGGTCCGTTTTTTTG,0,4590045
ybaY_predicted,0.2,4,4,CGAAGGCCGGGCCAACTCGG,0,4581712
ybaY_predicted,0.2,4,4,CGAAGCAACGCTGTATAAGG,0,4572168
ybaY_predicted,0.2,4,4,CGAAGATAGTTACACAGACA,0,4590543
ybaY_predicted,0.2,4,4,CGAAATGCCCGAAGGGGTGG,0,4551760
ybaY_predicted,0.2,4,4,CGAAACGCCGCTGTATCTCC,0,4578765
ybaY_predicted,0.2,4,4,CGAAACATCCCCACAGCCGC,0,4573150
ybaY_predicted,0.2,4,4,CCTGGAGCAAGTCCCCCTAA,0,4591384
ybaY_predicted,0.2,4,4,CCTCCCATAATCCATGGGAT,0,4596160
ybaY_predicted,0.2,4,4,CCTATCATGCGCTGATAGGT,0,4562486
ybaY_predicted,0.2,4,4,CCTAGACAGGAAGATAGGCG,0,4548091
ybaY_predicted,0.2,4,4,CCTACATAGGGAAACTAATC,0,4571831
ybaY_predicted,0.2,4,4,CCGTGGTCTACCCAGAATGT,0,4583693
ybaY_predicted,0.2,4,4,CCGTGGTCCCGGACAAGGGA,0,4549811
ybaY_predicted,0.2,4,4,CCGTGCGCTGTTGCTATAAC,0,4571794
ybaY_predicted,0.2,4,4,CCGTGCATTCGTCTTTTCAG,0,4544666
ybaY_predicted,0.2,4,4,CCGTCTCGTACGATGCACTT,0,4566679
ybaY_predicted,0.2,4,4,CCGTAGCATTTAGTTTACGG,0,4563831
ybaY_predicted,0.2,4,4,CCGTAGCACGTCGATGAGTG,0,4579309
ybaY_predicted,0.2,4,4,CCGGTCTTTTAGCGCGGTGT,0,4592159
ybaY_predicted,0.2,4,4,CCGGTCCTATAGGATGTTTG,0,4546984
ybaY_predicted,0.2,4,4,CCGGCTTACGGTCCACAGTA,0,4578102
ybaY_predicted,0.2,4,4,CCGGCTGGTAATGTGTGTCG,0,4559286
ybaY_predicted,0.2,4,4,CCGGCTCGTGGCCTTACCTC,0,4578568
ybaY_predicted,0.2,4,4,CCGGATATCTCTTGTACTGG,0,4589399
ybaY_predicted,0.2,4,4,CCGCTACACGCATGGTTGCA,0,4586009
ybaY_predicted,0.2,4,4,CCGCGCAGGACATTTACCGC,0,4591064
ybaY_predicted,0.2,4,4,CCGCGAAAAACATGCTGGAG,0,4576259
ybaY_predicted,0.2,4,4,CCGATTCAGTCTCATCTGGT,0,4547411
ybaY_predicted,0.2,4,4,CCGAGTAGCAGTGTCCACAC,0,4599513
ybaY_predicted,0.2,4,4,CCGAGCACTTCGAGAGGCAG,0,4564243
ybaY_predicted,0.2,4,4,CCGACAATGGTGTCGTAAGG,0,4562119
ybaY_predicted,0.2,4,4,CCGAAGGCACGTAACGGCAA,0,4580443
ybaY_predicted,0.2,4,4,CCCTTATTGCGCGAAACCCC,0,4567129
ybaY_predicted,0.2,4,4,CCCTGCCAAAGCAGACGATT,0,4580547
ybaY_predicted,0.2,4,4,CCCTATTTTTTATACCACGT,0,4565046
ybaY_predicted,0.2,4,4,CCCTACGTAGGAATCTTGGA,0,4593916
ybaY_predicted,0.2,4,4,CCCGTTGCCAACCCTTTTTG,0,4575792
ybaY_predicted,0.2,4,4,CCCGTGATCCGATATAATAC,0,4567456
ybaY_predicted,0.2,4,4,CCCGTCTTATCCTTTACCCC,0,4598152
ybaY_predicted,0.2,4,4,CCCGTATCTGCTGACGGTGG,0,4586450
ybaY_predicted,0.2,4,4,CCCGTAGATTTCCGAAAATT,0,4549324
ybaY_predicted,0.2,4,4,CCCCTTGGTTATGGTTGATC,0,4595151
ybaY_predicted,0.2,4,4,CCCCGGATGGCAGTGGCTCT,0,4598480
ybaY_predicted,0.2,4,4,CCCCATACCTATCGCCAGAG,0,4564331
ybaY_predicted,0.2,4,4,CCCATCTCTGCAACGAGATC,0,4568739
ybaY_predicted,0.2,4,4,CCCAGCCGGGGCCGAGGATC,0,4560817
ybaY_predicted,0.2,4,4,CCCACATTCCTTATTGCAAT,0,4567268
ybaY_predicted,0.2,4,4,CCATCGCACAGGTATCGTTT,0,4544562
ybaY_predicted,0.2,4,4,CCAGTCCGACTAATTGTCTC,0,4550516
ybaY_predicted,0.2,4,4,CCAGGGATCGCAAAGTGCCA,0,4550498
ybaY_predicted,0.2,4,4,CCAGGGAAGGACTACAGTAG,0,4585300
ybaY_predicted,0.2,4,4,CCAGGCTCTCTGGATATTGG,0,4597034
ybaY_predicted,0.2,4,4,CCAGCGTTACGTACAATTGA,0,4561674
ybaY_predicted,0.2,4,4,CCAGCGGTAGGCGTACCGTG,0,4583557
ybaY_predicted,0.2,4,4,CCAGAGTTCAACTGGCACGC,0,4551230
ybaY_predicted,0.2,4,4,CCAGAACGTGCTTTTTAACG,0,4590060
ybaY_predicted,0.2,4,4,CCACTGTCCGAGCAACTTGC,0,4548470
ybaY_predicted,0.2,4,4,CCACTCAGGGACTAACTCCA,0,4597944
ybaY_predicted,0.2,4,4,CCACGTACGTTTATAAGTTT,0,4563981
ybaY_predicted,0.2,4,4,CCACGGCCAGCCTGTATCGG,0,4570292
ybaY_predicted,0.2,4,4,CCACGATGGGCTCCGCGAAG,0,4564602
ybaY_predicted,0.2,4,4,CCACCCCAACAATGCCATGG,0,4589653
ybaY_predicted,0.2,4,4,CCAATTGGTTTCCTACAGAC,0,4553350
ybaY_predicted,0.2,4,4,CCAAGGTAAAATCGCCGATC,0,4583697
ybaY_predicted,0.2,4,4,CCAAGCGGGGATTGAATACC,0,4565911
ybaY_predicted,0.2,4,4,CCAACATATGCGCGTCTCCC,0,4561128
ybaY_predicted,0.2,4,4,CCAAACGCCTACAACCATAG,0,4581681
ybaY_predicted,0.2,4,4,CCAAAAAGGACAACATGGAA,0,4562846
ybaY_predicted,0.2,4,4,CATTGTGAGGAATTTTAACC,0,4571326
ybaY_predicted,0.2,4,4,CATTGCGCATCTCTCCATTC,0,4555136
ybaY_predicted,0.2,4,4,CATTCTTTGCGGAGTGTCCA,0,4558879
ybaY_predicted,0.2,4,4,CATGGTGACGGTTGCTCGGG,0,4563340
ybaY_predicted,0.2,4,4,CATGGTCCGAGCTTGATGGC,0,4572112
ybaY_predicted,0.2,4,4,CATGCTTTACGGCGAAGTAT,0,4574906
ybaY_predicted,0.2,4,4,CATGCGAGGGGACGCGCTCC,0,4586639
ybaY_predicted,0.2,4,4,CATGCAGAGACGTCCAGACC,0,4599633
ybaY_predicted,0.2,4,4,CATGCAACCTTGAGTATCTT,0,4579402
ybaY_predicted,0.2,4,4,CATGAATTTCAAATCTGCAA,0,4572667
ybaY_predicted,0.2,4,4,CATCGAATCAGATTGCTTGT,0,4576388
ybaY_predicted,0.2,4,4,CATCGAAGGTGTTGGTGAGA,0,4578913
ybaY_predicted,0.2,4,4,CATCGAAAACGGCCTCGGCA,0,4564378
ybaY_predicted,0.2,4,4,CATCCCCAGAATAGTGGTTA,0,4593087
ybaY_predicted,0.2,4,4,CATCCATGACTCGTGATGTA,0,4566004
ybaY_predicted,0.2,4,4,CATCATCGCACCCTAGGCTG,0,4596248
ybaY_predicted,0.2,4,4,CATATTTGTGCTTTTACGGT,0,4576818
ybaY_predicted,0.2,4,4,CATATTGGGCGCCTCATGCA,0,4575082
ybaY_predicted,0.2,4,4,CATAGTGCGGTTCAGCGTCC,0,4590927
ybaY_predicted,0.2,4,4,CATACGGTGGACGCTCCTAG,0,4556743
ybaY_predicted,0.2,4,4,CAGTTATTTATGGTTCGAAA,0,4544516
ybaY_predicted,0.2,4,4,CAGTGTCATTTACCGGCCTG,0,4573712
ybaY_predicted,0.2,4,4,CAGGTTACTGGCATTGGGGT,0,4563080
ybaY_predicted,0.2,4,4,CAGGTGTTGTTCTAAACGAC,0,4563982
ybaY_predicted,0.2,4,4,CAGGTGCCGTCCATGCCCTA,0,4559124
ybaY_predicted,0.2,4,4,CAGGAGAACTACTGCCCACA,0,4590005
ybaY_predicted,0.2,4,4,CAGGACTCGCTTCGAAACGA,0,4553284
ybaY_predicted,0.2,4,4,CAGGAAACACCTGTGGGTAC,0,4585276
ybaY_predicted,0.2,4,4,CAGACGCTTTCCCAATTGAA,0,4545893
ybaY_predicted,0.2,4,4,CACTTGGGGCACTTGGTTTC,0,4559123
ybaY_predicted,0.2,4,4,CACTTATCGTCGGGATTTTC,0,4577502
ybaY_predicted,0.2,4,4,CACTGTTTTAACACTGACAT,0,4588124
ybaY_predicted,0.2,4,4,CACTCTGGCGGATTGCGAGG,0,4593651
ybaY_predicted,0.2,4,4,CACTATTCAGAATAACTTGC,0,4588885
ybaY_predicted,0.2,4,4,CACTACGCATAGAGTTTGCT,0,4581972
ybaY_predicted,0.2,4,4,CACGGGATTTTTAGATCACG,0,4582523
ybaY_predicted,0.2,4,4,CACGCTGTAATAGAGCACGG,0,4570385
ybaY_predicted,0.2,4,4,CACGAGATAATTAATTGGGG,0,4549001
ybaY_predicted,0.2,4,4,CACGACGTCTAATGGATCAA,0,4589649
ybaY_predicted,0.2,4,4,CACGACCTCAGTGACTGCAA,0,4570496
ybaY_predicted,0.2,4,4,CACCGAAGCCACCGGAGTAT,0,4546053
ybaY_predicted,0.2,4,4,CACCCGGAACCGTCACAGGA,0,4583376
ybaY_predicted,0.2,4,4,CACCCGAGGACGAGTCATGT,0,4546946
ybaY_predicted,0.2,4,4,CACCACACCTCTCGAGTGGC,0,4549254
ybaY_predicted,0.2,4,4,CACATTGCGCAGAGATGATT,0,4592746
ybaY_predicted,0.2,4,4,CACATCCAATAAGTGGACCC,0,4569233
ybaY_predicted,0.2,4,4,CACAAAATAGAGGAGCTTGC,0,4599620
ybaY_predicted,0.2,4,4,CAATGTGGTACTAGCATTCT,0,4544429
ybaY_predicted,0.2,4,4,CAATGACTATCCTAGTGGGT,0,4558723
ybaY_predicted,0.2,4,4,CAATGAAATAGCGGGAGTCA,0,4597529
ybaY_predicted,0.2,4,4,CAATCTGGCGTTCATACGGT,0,4546650
ybaY_predicted,0.2,4,4,CAATCTAAATTCAGTTTATA,0,4580826
ybaY_predicted,0.2,4,4,CAATAAGGTGTCATTGGACG,0,4583179
ybaY_predicted,0.2,4,4,CAAGTTGCATGCGGTTGATC,0,4572477
ybaY_predicted,0.2,4,4,CAAGCTCTCAAGTTCCCACT,0,4591558
ybaY_predicted,0.2,4,4,CAAGAATTTAGCCAGGGCGA,0,4549005
ybaY_predicted,0.2,4,4,CAAGAACAATCTAAATACTA,0,4572632
ybaY_predicted,0.2,4,4,CAACTCCCACCTTGGGACTA,0,4552298
ybaY_predicted,0.2,4,4,CAACCCGGTCCCAACCGGTT,0,4568571
ybaY_predicted,0.2,4,4,CAAATTGTGTCCGATAAACT,0,4565607
ybaY_predicted,0.2,4,4,CAAATAACGCAAGTTTACTC,0,4564847
ybaY_predicted,0.2,4,4,CAAAGAGGTTATACGTTCGC,0,4587794
ybaY_predicted,0.2,4,4,CAAACAATTGCGATGCCCAT,0,4596687
ybaY_predicted,0.2,4,4,CAAAATTATTAATAATTAAG,0,4580510
ybaY_predicted,0.2,4,4,ATTTTATCATCGGACAACGG,0,4582459
ybaY_predicted,0.2,4,4,ATTTGCGCAAATACAGCGGA,0,4565711
ybaY_predicted,0.2,4,4,ATTTCCGAGATCATTACAAA,0,4596823
ybaY_predicted,0.2,4,4,ATTTCATGGGTGAAGCTATA,0,4585132
ybaY_predicted,0.2,4,4,ATTTATATGGGATCCTGTAC,0,4568543
ybaY_predicted,0.2,4,4,ATTTAGGACGATCCTAGGGA,0,4587050
ybaY_predicted,0.2,4,4,ATTTAGACATCGCCTTTTCC,0,4569124
ybaY_predicted,0.2,4,4,ATTTAACGCTGTGCGTGCAA,0,4585787
ybaY_predicted,0.2,4,4,ATTGGGTAAGCAGGGCAGTT,0,4577584
ybaY_predicted,0.2,4,4,ATTGGAAGTTCATAATGATC,0,4554173
ybaY_predicted,0.2,4,4,ATTGACATGTCTATTGCCGG,0,4596901
ybaY_predicted,0.2,4,4,ATTCTTTGGGTTTAGAAGGT,0,4560056
ybaY_predicted,0.2,4,4,ATTCGAGCATGGGTTGACCT,0,4584507
ybaY_predicted,0.2,4,4,ATTCACTCGAAGCGCTTATT,0,4574857
ybaY_predicted,0.2,4,4,ATTATGGCTTTGCCTCGGAT,0,4553208
ybaY_predicted,0.2,4,4,ATTAGTCCGACGTACCGTGG,0,4583479
ybaY_predicted,0.2,4,4,ATTAGGGGGGACAGCCCGGA,0,4567723
ybaY_predicted,0.2,4,4,ATTAGGATTGTTGGGGGCCT,0,4596702
ybaY_predicted,0.2,4,4,ATTACCTAACCTCTTAGGTT,0,4558324
ybaY_predicted,0.2,4,4,ATTACAGTATCTATTAAGGC,0,4545244
ybaY_predicted,0.2,4,4,ATTACAATCTGCTTTCGTTA,0,4598054
ybaY_predicted,0.2,4,4,ATGTGGTGATAGTAATATCT,0,4576948
ybaY_predicted,0.2,4,4,ATGTATGCTGTCTAGTTGCG,0,4590066
ybaY_predicted,0.2,4,4,ATGGGTACCGGATCATTAGC,0,4580383
ybaY_predicted,0.2,4,4,ATGGGCGTCCCCGATCTATT,0,4592185
ybaY_predicted,0.2,4,4,ATGGGCAGGGACGAATTTGT,0,4576583
ybaY_predicted,0.2,4,4,ATGGCTGGCCGAAAAGGACC,0,4547441
ybaY_predicted,0.2,4,4,ATGGCGTATTTAAATGTGTT,0,4591450
ybaY_predicted,0.2,4,4,ATGCGTTCCGACTGACGAGA,0,4548296
ybaY_predicted,0.2,4,4,ATGCGGCGTACGTGGGAGTA,0,4590119
ybaY_predicted,0.2,4,4,ATGCGACGGACATTCTATAT,0,4593510
ybaY_predicted,0.2,4,4,ATGATTGCAGGAACTTGTTC,0,4555891
ybaY_predicted,0.2,4,4,ATGAGTCACTAATACTTCAG,0,4558515
ybaY_predicted,0.2,4,4,ATGAGCCCTAACGGTGTGTT,0,4546422
ybaY_predicted,0.2,4,4,ATGAAACGTCACATCTTCTT,0,4583216
ybaY_predicted,0.2,4,4,ATCTTACAGTTCCCTCGTCT,0,4561516
ybaY_predicted,0.2,4,4,ATCTGTTTTTATACATTCCA,0,4594410
ybaY_predicted,0.2,4,4,ATCTGTATGCAATAGCAGTG,0,4565811
ybaY_predicted,0.2,4,4,ATCTCACAGAGGAAGGTACA,0,4580838
ybaY_predicted,0.2,4,4,ATCTATCAAGAGCCGTCGGG,0,4599706
ybaY_predicted,0.2,4,4,ATCGTAGTCAGTCAACCAAT,0,4544902
ybaY_predicted,0.2,4,4,ATCGACCTTCTTGTGGTGAT,0,4569526
ybaY_predicted,0.2,4,4,ATCCTTTGGCATACGCGCCT,0,4555076
ybaY_predicted,0.2,4,4,ATCCCTTCGCGGATATGTTG,0,4549673
ybaY_predicted,0.2,4,4,ATCCATTATCTTTCGCGTGT,0,4593561
ybaY_predicted,0.2,4,4,ATCCACGCTCCCTGCGCTTG,0,4554124
ybaY_predicted,0.2,4,4,ATCCAAGAGCGCTGTTAACC,0,4588014
ybaY_predicted,0.2,4,4,ATCATGACGTCGTGCAGATA,0,4559452
ybaY_predicted,0.2,4,4,ATCATCTCGAAAATTTGGAA,0,4580859
ybaY_predicted,0.2,4,4,ATCACCGAATCCACATTGTG,0,4573214
ybaY_predicted,0.2,4,4,ATCAACAAGGCCAAATGAGG,0,4546235
ybaY_predicted,0.2,4,4,ATATTGCACCAACCTCTTGT,0,4577534
ybaY_predicted,0.2,4,4,ATATTCAGAAGTCATTTATT,0,4589303
ybaY_predicted,0.2,4,4,ATATGTGCGTTTTGGGCCTA,0,4563573
ybaY_predicted,0.2,4,4,ATATGGGCGTAGGTTCGTGA,0,4578415
ybaY_predicted,0.2,4,4,ATATGCTCGCAGACTATTAA,0,4599939
ybaY_predicted,0.2,4,4,ATATCAGTAAAGTATGATGG,0,4587225
ybaY_predicted,0.2,4,4,ATATAAACCCAGGCTCGTTG,0,4558260
ybaY_predicted,0.2,4,4,ATAGTTACCAATCGAGTTTG,0,4594665
ybaY_predicted,0.2,4,4,ATAGTGCTGGATAAACTGCT,0,4578407
ybaY_predicted,0.2,4,4,ATAGTATAAGCAGGAAAACG,0,4593336
ybaY_predicted,0.2,4,4,ATAGTAAGGTATTGCTTTCG,0,4576521
ybaY_predicted,0.2,4,4,ATAGGGAGTAACTCACCGTC,0,4569811
ybaY_predicted,0.2,4,4,ATAGGAGTTGGCTTGTTGAT,0,4554280
ybaY_predicted,0.2,4,4,ATAGCCCGCAGAACAAGACG,0,4594983
ybaY_predicted,0.2,4,4,ATAGAGAGGCACAGTGATGA,0,4555177
ybaY_predicted,0.2,4,4,ATACTCGATATTGATATTAG,0,4575353
ybaY_predicted,0.2,4,4,ATACCGTCTGATGGTTAAAT,0,4588777
ybaY_predicted,0.2,4,4,ATACACTCTTTGAGGCTATC,0,4587633
ybaY_predicted,0.2,4,4,ATAATTCGCAGCATTTTGGA,0,4563590
ybaY_predicted,0.2,4,4,ATAAAATCGGGTAGGACTGC,0,4571695
ybaY_predicted,0.2,4,4,ATAAAACCTGCATACACTTT,0,4578089
ybaY_predicted,0.2,4,4,ATAAAAAGGAGTTAGGACGA,0,4565492
ybaY_predicted,0.2,4,4,AGTTCTACTGTGCGCTAGGT,0,4579572
ybaY_predicted,0.2,4,4,AGTGTCTGTGCATGCCCGGG,0,4591862
ybaY_predicted,0.2,4,4,AGTGGTATTCGGTGGTCGGT,0,4598470
ybaY_predicted,0.2,4,4,AGTCTCTTACTTCGGCTCCG,0,4598250
ybaY_predicted,0.2,4,4,AGTCTCCACGTTGCAGGCTA,0,4572219
ybaY_predicted,0.2,4,4,AGTCGTTATATTGGTCCCTG,0,4559485
ybaY_predicted,0.2,4,4,AGTCGGGCTTGAACGCAGGG,0,4599110
ybaY_predicted,0.2,4,4,AGTCGAGTGCGTATCTCGGG,0,4566172
ybaY_predicted,0.2,4,4,AGTCCGCGTATACAAGGCAT,0,4581659
ybaY_predicted,0.2,4,4,AGTCATCACTACTGAGTAGC,0,4572000
ybaY_predicted,0.2,4,4,AGTCAGTATGTAAAATCGAC,0,4547378
ybaY_predicted,0.2,4,4,AGTATAGTCTTTTCCCTGAC,0,4596096
ybaY_predicted,0.2,4,4,AGTAGGTCAGTTAAACTTTG,0,4578220
ybaY_predicted,0.2,4,4,AGTACTAATAATGGAAGGCA,0,4573513
ybaY_predicted,0.2,4,4,AGTACAGATACCCGGTCCCG,0,4597028
ybaY_predicted,0.2,4,4,AGTAAGCGATTTACAGTCAA,0,4558886
ybaY_predicted,0.2,4,4,AGGTTGGATGAGTTTAGTTG,0,4554163
ybaY_predicted,0.2,4,4,AGGTTGATTGTGTTAGACGA,0,4586788
ybaY_predicted,0.2,4,4,AGGTTACAACGGGGTTCGGT,0,4568525
ybaY_predicted,0.2,4,4,AGGTGTCGCAAGATGACCCC,0,4586573
ybaY_predicted,0.2,4,4,AGGTCTGGTCGCGGTCTGTA,0,4550768
ybaY_predicted,0.2,4,4,AGGTAGCCTGTCCTTCAGTC,0,4549531
ybaY_predicted,0.2,4,4,AGGGTCGAACGATGCTCGCA,0,4556672
ybaY_predicted,0.2,4,4,AGGGGTCCCGTGACGGTCCT,0,4590359
ybaY_predicted,0.2,4,4,AGGGGGGTCAATTACTAGGG,0,4581527
ybaY_predicted,0.2,4,4,AGGGCTCGAGACGCCCTTGT,0,4567943
ybaY_predicted,0.2,4,4,AGGGCTCGAACCACGTGAAG,0,4549624
ybaY_predicted,0.2,4,4,AGGGCGGCCCGGAGGGACAA,0,4575811
ybaY_predicted,0.2,4,4,AGGGCAGGGACGCCACATCC,0,4591436
ybaY_predicted,0.2,4,4,AGGGAAAGCCCCGTGATAAA,0,4551528
ybaY_predicted,0.2,4,4,AGGCTGTAGCGGAAAGTTAC,0,4559799
ybaY_predicted,0.2,4,4,AGGCATTATAGGTATGAAAG,0,4587312
ybaY_predicted,0.2,4,4,AGGATGTCCTCTTCCTGCTC,0,4565302
ybaY_predicted,0.2,4,4,AGGATGAGATCCGACAGAAC,0,4587207
ybaY_predicted,0.2,4,4,AGGAGGCCGTCCGCTAACAC,0,4546907
ybaY_predicted,0.2,4,4,AGGACTTATGAATAGACCGC,0,4595927
ybaY_predicted,0.2,4,4,AGGAACAGATGCCGTAGCTG,0,4545955
ybaY_predicted,0.2,4,4,AGCTTTTGGTTGCATTAAAT,0,4579363
ybaY_predicted,0.2,4,4,AGCTTGGCACTTGATGACCT,0,4570344
ybaY_predicted,0.2,4,4,AGCTTAGTACACGTGTACCT,0,4593419
ybaY_predicted,0.2,4,4,AGCTGCATTCTTATTCACAT,0,4579933
ybaY_predicted,0.2,4,4,AGCTAGCTTCACGAAGTATG,0,4556793
ybaY_predicted,0.2,4,4,AGCTAAAGATTCCCAACTGA,0,4554049
ybaY_predicted,0.2,4,4,AGCGCAGACAGTCGTCTAGC,0,4557959
ybaY_predicted,0.2,4,4,AGCGATAGGGGAGCGGGTTG,0,4556452
ybaY_predicted,0.2,4,4,AGCCGTTCCGACCACCTAAA,0,4586157
ybaY_predicted,0.2,4,4,AGCCGCACTCAGCGTAGCTT,0,4564351
ybaY_predicted,0.2,4,4,AGCCGACAACGGTCAAGTAG,0,4566757
ybaY_predicted,0.2,4,4,AGCACCGCCAAGTAGCCTTG,0,4548489
ybaY_predicted,0.2,4,4,AGCAATCGGCTTGGTAGAAC,0,4559567
ybaY_predicted,0.2,4,4,AGCAACATCCGTCGTTATCG,0,4572120
ybaY_predicted,0.2,4,4,AGCAACATAGGCTTGTACTC,0,4562779
ybaY_predicted,0.2,4,4,AGCAAATGATATGTACCCGC,0,4574669
ybaY_predicted,0.2,4,4,AGATTTTTTTGGCCTTCTAG,0,4563189
ybaY_predicted,0.2,4,4,AGATTGGGTCGTGCTGAGGG,0,4562268
ybaY_predicted,0.2,4,4,AGATCTTTTCACGGCGCCGT,0,4558249
ybaY_predicted,0.2,4,4,AGATCTTTGAATAGCGTTCT,0,4553728
ybaY_predicted,0.2,4,4,AGATCTCTGCGAACCAACTT,0,4559336
ybaY_predicted,0.2,4,4,AGATCACCGTCAAATATTGA,0,4571915
ybaY_predicted,0.2,4,4,AGAGTATGGGAATTCAGCTC,0,4550747
ybaY_predicted,0.2,4,4,AGAGGCGGTTTGGAATAATA,0,4581971
ybaY_predicted,0.2,4,4,AGAGCAAAAAATTATGGCTT,0,4594546
ybaY_predicted,0.2,4,4,AGACTTGCTGGGGGTCGGGG,0,4560934
ybaY_predicted,0.2,4,4,AGACGCCAATAGGTAACGGT,0,4576940
ybaY_predicted,0.2,4,4,AGACCCGGATCCTCTCGATT,0,4586974
ybaY_predicted,0.2,4,4,AGACCCCAGTCAGGCGATCA,0,4586518
ybaY_predicted,0.2,4,4,AGACAGCTGCCCAGCTACCT,0,4595911
ybaY_predicted,0.2,4,4,AGAATCCCAGACTTAATTAT,0,4559569
ybaY_predicted,0.2,4,4,AGAATACGCCCGCGGTGAGC,0,4578159
ybaY_predicted,0.2,4,4,AGAAGACGCTGAGGATTCAC,0,4597776
ybaY_predicted,0.2,4,4,AGAAAATTCGGAACAACGTC,0,4598156
ybaY_predicted,0.2,4,4,ACTTTGTATCGAGAGAACCA,0,4597812
ybaY_predicted,0.2,4,4,ACTTTCTGGCTGTGATGTTT,0,4553132
ybaY_predicted,0.2,4,4,ACTTCTTGTGCGTCTGGTGA,0,4545856
ybaY_predicted,0.2,4,4,ACTTAACAATTCCTTACATT,0,4594490
ybaY_predicted,0.2,4,4,ACTGTTACCGAGCCTCCGGC,0,4582049
ybaY_predicted,0.2,4,4,ACTGTGCTATTTGGCGACGA,0,4599197
ybaY_predicted,0.2,4,4,ACTGGTGACCTGGTGCGTGA,0,4600666
ybaY_predicted,0.2,4,4,ACTGCACACGTACGCCCAAT,0,4556215
ybaY_predicted,0.2,4,4,ACTCGTCAGAAGGGTAGTGA,0,4595804
ybaY_predicted,0.2,4,4,ACTCATTCGTATCACGCACT,0,4579972
ybaY_predicted,0.2,4,4,ACTATGAAACCCGACCTGTC,0,4564306
ybaY_predicted,0.2,4,4,ACTAGAATGCCATGTAAGAT,0,4585973
ybaY_predicted,0.2,4,4,ACTACGCACGGCGAATGTTA,0,4598845
ybaY_predicted,0.2,4,4,ACTACATGTATCATGTTATG,0,4570785
ybaY_predicted,0.2,4,4,ACGTGAGAACTTTGTGTTAG,0,4574974
ybaY_predicted,0.2,4,4,ACGTCATAAAATCTTAAACC,0,4560997
ybaY_predicted,0.2,4,4,ACGTACCAAATGCAGACAAC,0,4547341
ybaY_predicted,0.2,4,4,ACGTACATAGGGCTCCGAAA,0,4550221
ybaY_predicted,0.2,4,4,ACGGGCGTCGTATACCTCTC,0,4553925
ybaY_predicted,0.2,4,4,ACGGAGTTATTTAACCATCA,0,4582876
ybaY_predicted,0.2,4,4,ACGGAAATCAGAATAACGCC,0,4592318
ybaY_predicted,0.2,4,4,ACGCTTTTTCATAGGGTTAC,0,4598342
ybaY_predicted,0.2,4,4,ACGCTGCCCAAGGTCGGGAA,0,4594402
ybaY_predicted,0.2,4,4,ACGCTATCAAAGCAGTGACC,0,4571331
ybaY_predicted,0.2,4,4,ACGCTACGGGGTCGTACGGC,0,4587655
ybaY_predicted,0.2,4,4,ACGCGTTGGTGCAGGAGGAG,0,4592521
ybaY_predicted,0.2,4,4,ACGCGTGACGAGAGCGGGTG,0,4575496
ybaY_predicted,0.2,4,4,ACGCGGGCCGCTTTTTCACG,0,4557369
ybaY_predicted,0.2,4,4,ACGCGCACAAGTCTGTCTCC,0,4566520
ybaY_predicted,0.2,4,4,ACGCCTATCCGCTTGTGCTT,0,4560753
ybaY_predicted,0.2,4,4,ACGCCGGCATGCTTCTCACA,0,4549905
ybaY_predicted,0.2,4,4,ACGATTTTGCGTACTTGATA,0,4585762
ybaY_predicted,0.2,4,4,ACGAGCAGAAGTATGGCTCG,0,4597097
ybaY_predicted,0.2,4,4,ACGACATCATTTAGACTAGA,0,4566873
ybaY_predicted,0.2,4,4,ACGACAGGTTAATTCGCATC,0,4562256
ybaY_predicted,0.2,4,4,ACGAATCCACGGGGAGAACT,0,4575129
ybaY_predicted,0.2,4,4,ACCTTGTAACTTACCCCGTT,0,4582216
ybaY_predicted,0.2,4,4,ACCTCGAGGGGATCTCCCAA,0,4561827
ybaY_predicted,0.2,4,4,ACCTAGCTCGAAGCGGGTGG,0,4569340
ybaY_predicted,0.2,4,4,ACCTAAGATTGGGGTTGTCC,0,4568288
ybaY_predicted,0.2,4,4,ACCTAACAGCTCGCTTGGTG,0,4594648
ybaY_predicted,0.2,4,4,ACCGTTACTGGATCGGCTGT,0,4587057
ybaY_predicted,0.2,4,4,ACCGCGCAAAACGACACATT,0,4561969
ybaY_predicted,0.2,4,4,ACCGCATTTTCGAGGGTTCC,0,4580819
ybaY_predicted,0.2,4,4,ACCGATTGCATACCTGAAAT,0,4591894
ybaY_predicted,0.2,4,4,ACCGACTCCTCCGGATTGTC,0,4579261
ybaY_predicted,0.2,4,4,ACCCTCTTCTGTGATTCTCT,0,4593468
ybaY_predicted,0.2,4,4,ACCCGTGACATGCCAAGCAT,0,4555650
ybaY_predicted,0.2,4,4,ACCCCATGGAGTTCGCTTAA,0,4564892
ybaY_predicted,0.2,4,4,ACCCAGTGGGACCTTGCGGA,0,4595568
ybaY_predicted,0.2,4,4,ACCCAGGGTGTCGGCTGTTT,0,4594649
ybaY_predicted,0.2,4,4,ACCATTATAACTCGGTAGCA,0,4582436
ybaY_predicted,0.2,4,4,ACCACCTGCCGAAGGCGGTT,0,4574257
ybaY_predicted,0.2,4,4,ACATTCTTTTGCTCGACTCA,0,4581551
ybaY_predicted,0.2,4,4,ACAGTGTACAACTCAAGGAC,0,4569127
ybaY_predicted,0.2,4,4,ACAGGTCGCGGCCCTCGGGA,0,4574619
ybaY_predicted,0.2,4,4,ACAGGGCTCTCAAATGATGA,0,4588275
ybaY_predicted,0.2,4,4,ACAGGCTATGTGCAACGGCG,0,4569281
ybaY_predicted,0.2,4,4,ACAGGCGGAATGATGAGATA,0,4563616
ybaY_predicted,0.2,4,4,ACAGCCTCGCGCGTCAGGAT,0,4590876
ybaY_predicted,0.2,4,4,ACAGCAGTCGCGGCAATTGA,0,4550415
ybaY_predicted,0.2,4,4,ACAGCACGCTCCTGACATGC,0,4576295
ybaY_predicted,0.2,4,4,ACACTTGGAAATCTTCGTCG,0,4587425
ybaY_predicted,0.2,4,4,ACACTCGAGGGCGACCAATT,0,4587469
ybaY_predicted,0.2,4,4,ACACGGCAGGCTGAGCGCGG,0,4575487
ybaY_predicted,0.2,4,4,ACACGAGGGGAACAGGGTCT,0,4582272
ybaY_predicted,0.2,4,4,ACACGACTGGGTCTGCTAAG,0,4571964
ybaY_predicted,0.2,4,4,ACACCTACAACGGCGCACTG,0,4551058
ybaY_predicted,0.2,4,4,ACACCCTGGGGTTAAAGGCC,0,4553466
ybaY_predicted,0.2,4,4,ACACAAAGCCGCGAATAGGG,0,4600200
ybaY_predicted,0.2,4,4,ACAATGGACTTGCTGAACCG,0,4596410
ybaY_predicted,0.2,4,4,ACAAGATAGAATTCGGGCGC,0,4575277
ybaY_predicted,0.2,4,4,ACAACGTCTATCACCAATCA,0,4557200
ybaY_predicted,0.2,4,4,ACAACAATTACGGACTGGCT,0,4565719
ybaY_predicted,0.2,4,4,ACAAATCATAGTCCCCCGCC,0,4550981
ybaY_predicted,0.2,4,4,AATTTTCTGTCAAGCTTCTA,0,4595779
ybaY_predicted,0.2,4,4,AATTTCGGTATTGAGCACAC,0,4554552
ybaY_predicted,0.2,4,4,AATTTATATGGTTTGATACG,0,4558836
ybaY_predicted,0.2,4,4,AATTAAGACCTGTGTGGGAA,0,4571447
ybaY_predicted,0.2,4,4,AATGTATCTCGTGCGCTGCC,0,4569388
ybaY_predicted,0.2,4,4,AATGGGCGCGGGATGAACCA,0,4556441
ybaY_predicted,0.2,4,4,AATGGCCCCCGTCCCCGCGG,0,4568939
ybaY_predicted,0.2,4,4,AATGGAGCCTCCGGCGCATA,0,4554149
ybaY_predicted,0.2,4,4,AATGCCCTCAGCACGCATCG,0,4582137
ybaY_predicted,0.2,4,4,AATGACCTGTATACGATTCA,0,4550728
ybaY_predicted,0.2,4,4,AATCGTTACCACGAGGGGGT,0,4599947
ybaY_predicted,0.2,4,4,AATCAGGCTGCTCCTACCAT,0,4546309
ybaY_predicted,0.2,4,4,AATCAGACGGCAACACTCAA,0,4585779
ybaY_predicted,0.2,4,4,AATATACTCAACCTGTGGTG,0,4580653
ybaY_predicted,0.2,4,4,AATACAGTGAACCATGTGTC,0,4547709
ybaY_predicted,0.2,4,4,AATAATCAGATTGCTAAACT,0,4572150
ybaY_predicted,0.2,4,4,AATAATATCTGGCAAACCTA,0,4562770
ybaY_predicted,0.2,4,4,AATAATAAGCTCGCCCGACG,0,4564633
ybaY_predicted,0.2,4,4,AAGTCGGCGGCGAATTGCAG,0,4572054
ybaY_predicted,0.2,4,4,AAGTCGCCGGAAAAGCTGTA,0,4561054
ybaY_predicted,0.2,4,4,AAGTACGACGTCCTGATGGG,0,4592058
ybaY_predicted,0.2,4,4,AAGGTCAACAAGTGTCTCTA,0,4585976
ybaY_predicted,0.2,4,4,AAGGGCCAAAAGGGGTCATC,0,4564544
ybaY_predicted,0.2,4,4,AAGGCTCGTCAGGATCAGAC,0,4574694
ybaY_predicted,0.2,4,4,AAGGAGCATCACAACCATGG,0,4562885
ybaY_predicted,0.2,4,4,AAGCTGCTGACACAATCATT,0,4593477
ybaY_predicted,0.2,4,4,AAGCTCAGCGATCCAGTGTA,0,4560223
ybaY_predicted,0.2,4,4,AAGCGTGCTGTCAGGGATAA,0,4546436
ybaY_predicted,0.2,4,4,AAGCGCGAGTTAGTCTCCCT,0,4596331
ybaY_predicted,0.2,4,4,AAGCCCCGGCTGGCTCTACA,0,4598207
ybaY_predicted,0.2,4,4,AAGATCTACTGGACTTACCT,0,4568573
ybaY_predicted,0.2,4,4,AAGATCTAAAAGCAGATTGA,0,4579015
ybaY_predicted,0.2,4,4,AAGATATATACGTATGAGCC,0,4557266
ybaY_predicted,0.2,4,4,AACTTAATTACACGGTTTAC,0,4546045
ybaY_predicted,0.2,4,4,AACTCTAGAACCTCGATCGG,0,4569405
ybaY_predicted,0.2,4,4,AACTCCGTCTCGCGTCCAAA,0,4584761
ybaY_predicted,0.2,4,4,AACTCCATCGGCCAAACTGA,0,4589709
ybaY_predicted,0.2,4,4,AACTAATTTCGCAAAATATC,0,4566849
ybaY_predicted,0.2,4,4,AACTAATCGGCTCGCTTCTC,0,4587438
ybaY_predicted,0.2,4,4,AACGTTGTGTGACTGAAAGT,0,4562948
ybaY_predicted,0.2,4,4,AACGTATGGAGTTAAGTTTT,0,4561479
ybaY_predicted,0.2,4,4,AACGGTTCGCCTTTCAGGGG,0,4569382
ybaY_predicted,0.2,4,4,AACGGTGCAGTAAGACTACA,0,4571345
ybaY_predicted,0.2,4,4,AACGGGCAGTGGCACGGGAT,0,4558318
ybaY_predicted,0.2,4,4,AACGGATTATAGATCGAAAT,0,4555768
ybaY_predicted,0.2,4,4,AACGCGCTTTGGACGCGTAT,0,4549351
ybaY_predicted,0.2,4,4,AACCGGAGTTAGCCTCGCTA,0,4571926
ybaY_predicted,0.2,4,4,AACCCTTCCGCATAGGGTGG,0,4599627
ybaY_predicted,0.2,4,4,AACCCGCATAGCTTCGGCTC,0,4552929
ybaY_predicted,0.2,4,4,AACCCCTTTGGCCTCGCTCG,0,4559073
ybaY_predicted,0.2,4,4,AACCCATCAAATTTTATGGA,0,4561579
ybaY_predicted,0.2,4,4,AACCATTAAAGCGCCATTAA,0,4568984
ybaY_predicted,0.2,4,4,AACCATAAGGGTGTGGGTTC,0,4546360
ybaY_predicted,0.2,4,4,AACCAGCGTTGCTGACGTTA,0,4554319
ybaY_predicted,0.2,4,4,AACCAACATCACTTGGCCTA,0,4588721
ybaY_predicted,0.2,4,4,AACAGTGAGGTACCATGAGA,0,4588490
ybaY_predicted,0.2,4,4,AACACTTTCACGTGAAGCTA,0,4580495
ybaY_predicted,0.2,4,4,AACAAAGTTTACAGTAACGT,0,4548592
ybaY_predicted,0.2,4,4,AAATTTGACTCGGCGGATAG,0,4593740
ybaY_predicted,0.2,4,4,AAATTAATGGTCCAATCTGC,0,4548478
ybaY_predicted,0.2,4,4,AAATGCCGATATTAGTGCAA,0,4565089
ybaY_predicted,0.2,4,4,AAATCTGGTCGAAGACTCTG,0,4580296
ybaY_predicted,0.2,4,4,AAATCGTGACGCCATGTGAG,0,4571624
ybaY_predicted,0.2,4,4,AAATAATAGAAAGCTGAGCT,0,4598397
ybaY_predicted,0.2,4,4,AAATAAGGAGGCAGTGCCAA,0,4557672
ybaY_predicted,0.2,4,4,AAAGGTACGACTTCGTGGCT,0,4547599
ybaY_predicted,0.2,4,4,AAACGAATAGACGTTGTGGC,0,4588650
ybaY_predicted,0.2,4,4,AAACATGCTGACGGTAGAAT,0,4565774
ybaY_predicted,0.2,4,4,AAAATCCTTATGATTGGCGG,0,4564424
ybaY_predicted,0.2,4,4,AAAAGGTAATTAGATGTTAG,0,4586479
ybaY_predicted,0.2,4,4,AAAAGGGGTAGGCCTAGCCA,0,4571346
ybaY_predicted,0.2,4,4,AAAAATACGATCGTAGCTGT,0,4558262
ybaY_predicted,0.25,3,3,TTTTTACATGTCTTCAGTAC,0,4560658
ybaY_predicted,0.25,3,3,TTTTCGAAGCGAAGGCATGT,0,4558517
ybaY_predicted,0.25,3,3,TTTTCCAGATTTGACCCGTT,0,4569563
ybaY_predicted,0.25,3,3,TTTGTAGTACGAATCTGTGC,0,4557820
ybaY_predicted,0.25,3,3,TTTGGTCAGCGTTACACCGA,0,4561463
ybaY_predicted,0.25,3,3,TTTGCAGTGAGGATCCTCAC,0,4569012
ybaY_predicted,0.25,3,3,TTTGATCGGTGACCAGTGTT,0,4596979
ybaY_predicted,0.25,3,3,TTTGAGGACTTAGAGTAACC,0,4554192
ybaY_predicted,0.25,3,3,TTTAGTTTTAGAGGGCGAGC,0,4546835
ybaY_predicted,0.25,3,3,TTTAGGCCATACCAACTGTC,0,4592150
ybaY_predicted,0.25,3,3,TTTAGCGGTAACTTTTCGAT,0,4593779
ybaY_predicted,0.25,3,3,TTTAGCCCAGACTACTCTGA,0,4594070
ybaY_predicted,0.25,3,3,TTTAGCAGACGCAGATCAGC,0,4599040
ybaY_predicted,0.25,3,3,TTTACTATACAGTCGGGCTT,0,4562627
ybaY_predicted,0.25,3,3,TTTAATTAGATAGCAAGCAC,0,4558330
ybaY_predicted,0.25,3,3,TTGTGTTTACGCTAAAAGCA,0,4572763
ybaY_predicted,0.25,3,3,TTGTGAGGAACTCAAGCAAA,0,4544556
ybaY_predicted,0.25,3,3,TTGTCAAACAAACGTTCACA,0,4565769
ybaY_predicted,0.25,3,3,TTGTACGTGAGGACTTGCGC,0,4563834
ybaY_predicted,0.25,3,3,TTGTAATTCCAATGGAACTA,0,4550466
ybaY_predicted,0.25,3,3,TTGTAAAACAGCTTTGGCGG,0,4561531
ybaY_predicted,0.25,3,3,TTGGTCTGCGTCTGAGCTGT,0,4577156
ybaY_predicted,0.25,3,3,TTGGGGGCGGACATGCCGCG,0,4574407
ybaY_predicted,0.25,3,3,TTGGGGCAATTATGTATCGT,0,4546362
ybaY_predicted,0.25,3,3,TTGGGCCGCGATTGTCCCGG,0,4599537
ybaY_predicted,0.25,3,3,TTGGGATCAACAGACAATCA,0,4572982
ybaY_predicted,0.25,3,3,TTGGGAGCTTGAATGCTGCC,0,4590803
ybaY_predicted,0.25,3,3,TTGGCGTTAGTTTGCGCAGA,0,4571607
ybaY_predicted,0.25,3,3,TTGGAGAAGTGTTCCCTACC,0,4579861
ybaY_predicted,0.25,3,3,TTGCTTATTACCGGGAGCCT,0,4561521
ybaY_predicted,0.25,3,3,TTGCTACCCTATAGTTTACC,0,4574307
ybaY_predicted,0.25,3,3,TTGCGTTGAAGCTTCAAACT,0,4567936
ybaY_predicted,0.25,3,3,TTGCAATCCAGGTAGGTAAT,0,4552980
ybaY_predicted,0.25,3,3,TTGATTCAGGGGAAAAATTT,0,4580198
ybaY_predicted,0.25,3,3,TTGATCTCTGGAAGTCGTGT,0,4557902
ybaY_predicted,0.25,3,3,TTGAGTATACTACAGAGTTA,0,4576883
ybaY_predicted,0.25,3,3,TTGAGGGGGATGTACAGGCG,0,4593905
ybaY_predicted,0.25,3,3,TTGAGCAAGGATGGAGCTGA,0,4565961
ybaY_predicted,0.25,3,3,TTCTGTGAACGTTTGTGCCT,0,4597327
ybaY_predicted,0.25,3,3,TTCTGGTACGTCCGCGATCA,0,4570680
ybaY_predicted,0.25,3,3,TTCTCCGATTAGTGTTATAT,0,4545522
ybaY_predicted,0.25,3,3,TTCTAGATCCTGCTCTGTAC,0,4597424
ybaY_predicted,0.25,3,3,TTCGTAGCGCAAGCTAGGTC,0,4581618
ybaY_predicted,0.25,3,3,TTCGTACACCGCTGATACAC,0,4578634
ybaY_predicted,0.25,3,3,TTCGGCAATGTTTATCAATA,0,4564562
ybaY_predicted,0.25,3,3,TTCGCCAGTTTTTGCTCCCG,0,4595427
ybaY_predicted,0.25,3,3,TTCGCCAAATTAATCTACAC,0,4554795
ybaY_predicted,0.25,3,3,TTCGACTAAGAGAGATACAG,0,4548683
ybaY_predicted,0.25,3,3,TTCCTGTACGCTGTTCGTCG,0,4582898
ybaY_predicted,0.25,3,3,TTCCCTGATGCGGGCATTAG,0,4561232
ybaY_predicted,0.25,3,3,TTCCAACTATCAGCGATCTA,0,4595101
ybaY_predicted,0.25,3,3,TTCATCGCGGAGGTTAAAAT,0,4590317
ybaY_predicted,0.25,3,3,TTCATAGGGCTTACTCCATC,0,4576471
ybaY_predicted,0.25,3,3,TTCATACACCAGACTAGCAA,0,4599405
ybaY_predicted,0.25,3,3,TTCAGTGGCCGGGCTCATGA,0,4561537
ybaY_predicted,0.25,3,3,TTCACGCATCTGTGGTTTAC,0,4595395
ybaY_predicted,0.25,3,3,TTCAACAGTCTTAAACAAAA,0,4599107
ybaY_predicted,0.25,3,3,TTATGGTTATATTGCCATCC,0,4567721
ybaY_predicted,0.25,3,3,TTATGAACTTTGGAGCTAAG,0,4581655
ybaY_predicted,0.25,3,3,TTATCGAATGAATGTGAAAC,0,4575747
ybaY_predicted,0.25,3,3,TTAGTTAATCAAGGGAGTCA,0,4549565
ybaY_predicted,0.25,3,3,TTAGGTTAGCAGCCATTGTA,0,4584865
ybaY_predicted,0.25,3,3,TTAGGGTGTTCCGTCTCCTT,0,4565403
ybaY_predicted,0.25,3,3,TTAGGAGGGCGTATATGCAT,0,4544340
ybaY_predicted,0.25,3,3,TTACGGTTTTGGGGTTGCTC,0,4568341
ybaY_predicted,0.25,3,3,TTACGGGCTACAGTATAGAC,0,4596002
ybaY_predicted,0.25,3,3,TTACGAGGCATAAAAGTATT,0,4586843
ybaY_predicted,0.25,3,3,TTACATTTAATTTTTGAAGT,0,4581526
ybaY_predicted,0.25,3,3,TTAATGTATTGCAAGCGGCC,0,4575269
ybaY_predicted,0.25,3,3,TTAATCAATGCTCGTGTTCT,0,4566794
ybaY_predicted,0.25,3,3,TTAAGCCTTAGTCGCTGGAC,0,4592576
ybaY_predicted,0.25,3,3,TTAAAGCTGGTAATGTGGCA,0,4556632
ybaY_predicted,0.25,3,3,TGTTTTTAAATCAGTCCGCA,0,4556942
ybaY_predicted,0.25,3,3,TGTTTGTTACGGTTGGCGTT,0,4556106
ybaY_predicted,0.25,3,3,TGTTACGTAGTTCGTTCTTG,0,4560203
ybaY_predicted,0.25,3,3,TGTTACCGGGATTTAATAAG,0,4577559
ybaY_predicted,0.25,3,3,TGTTAACTCCCAAACATGGT,0,4564118
ybaY_predicted,0.25,3,3,TGTGTCGGTAACCAACGTTA,0,4582862
ybaY_predicted,0.25,3,3,TGTGGTGTACTCTAGAGCCG,0,4573380
ybaY_predicted,0.25,3,3,TGTGGGCTCATTTGACTTTC,0,4557955
ybaY_predicted,0.25,3,3,TGTGCCCTTATTCCGAGCCA,0,4592694
ybaY_predicted,0.25,3,3,TGTCTTAATCGAAGAAACCG,0,4561809
ybaY_predicted,0.25,3,3,TGTCGTCTCGCGATCAATTG,0,4587983
ybaY_predicted,0.25,3,3,TGTCGGTGAATGGGGGTTCC,0,4577512
ybaY_predicted,0.25,3,3,TGTCGAGTTACCGTTGTCAT,0,4579326
ybaY_predicted,0.25,3,3,TGTCGAGGCATGATTGGCGG,0,4549251
ybaY_predicted,0.25,3,3,TGTCCTCAGTCGAACTGAGA,0,4573188
ybaY_predicted,0.25,3,3,TGTCACATAGATGTGACATA,0,4547331
ybaY_predicted,0.25,3,3,TGTATACTAAGGCGGTATCA,0,4568991
ybaY_predicted,0.25,3,3,TGTAGGGGTTTTGCATTGAC,0,4584670
ybaY_predicted,0.25,3,3,TGTAACTCTGAGACTCGACA,0,4545453
ybaY_predicted,0.25,3,3,TGGTGCTCGTCCACTACGAT,0,4565832
ybaY_predicted,0.25,3,3,TGGTGCCTAACCTCAGTCAC,0,4592845
ybaY_predicted,0.25,3,3,TGGTGAGCAGCGACCATACG,0,4599660
ybaY_predicted,0.25,3,3,TGGTCAGCCAGATTCAGCGG,0,4595050
ybaY_predicted,0.25,3,3,TGGGTGGAGGGCAATTGAAT,0,4590304
ybaY_predicted,0.25,3,3,TGGGGTCTCTATTCAGGTCA,0,4572652
ybaY_predicted,0.25,3,3,TGGGGGAGATTAACTGCAAT,0,4563979
ybaY_predicted,0.25,3,3,TGGGGCATGTGGGTGATTTG,0,4556114
ybaY_predicted,0.25,3,3,TGGGAGGCCATAGATTGTCT,0,4549641
ybaY_predicted,0.25,3,3,TGGGAACCGCGAAAGCCAAT,0,4583018
ybaY_predicted,0.25,3,3,TGGGAAATCCCCGTCATGGC,0,4566417
ybaY_predicted,0.25,3,3,TGGCTCGAACGTGGCCTTCC,0,4598349
ybaY_predicted,0.25,3,3,TGGCGAACAAAGGTAGTAGG,0,4594780
ybaY_predicted,0.25,3,3,TGGCATTGTAGCGTGGAATT,0,4556587
ybaY_predicted,0.25,3,3,TGGCAGTAGTTACAGGAAAT,0,4557970
ybaY_predicted,0.25,3,3,TGGCACGGGGCTCGAACCAC,0,4553329
ybaY_predicted,0.25,3,3,TGGATTAACCCGGAGCATAC,0,4588632
ybaY_predicted,0.25,3,3,TGGATGTAATAAAGCTGAAC,0,4570735
ybaY_predicted,0.25,3,3,TGGATGATTGCTGTTAGAGT,0,4549292
ybaY_predicted,0.25,3,3,TGGATGATAATTATCTCAAC,0,4570279
ybaY_predicted,0.25,3,3,TGGATCCGACTGCATTCATG,0,4559169
ybaY_predicted,0.25,3,3,TGGACGTATAGTGTAAGGAC,0,4583356
ybaY_predicted,0.25,3,3,TGGACGCCTAGGGGGCTTCT,0,4550379
ybaY_predicted,0.25,3,3,TGGACGAAAGGCCGTCGTCA,0,4565610
ybaY_predicted,0.25,3,3,TGGACCGATCGGCTCGTTTT,0,4599539
ybaY_predicted,0.25,3,3,TGGACCCCAAGAGACCGCCA,0,4597280
ybaY_predicted,0.25,3,3,TGCTGTGGACCTACAATTGG,0,4560133
ybaY_predicted,0.25,3,3,TGCTGGGCGGTACTTTTCAC,0,4573244
ybaY_predicted,0.25,3,3,TGCTCTCGAACATGTAACGG,0,4553830
ybaY_predicted,0.25,3,3,TGCGGAGCAGCACAACAAAG,0,4583834
ybaY_predicted,0.25,3,3,TGCGCTCCACTCATCGCGGA,0,4570697
ybaY_predicted,0.25,3,3,TGCGCTATTCGACTAACCTG,0,4546561
ybaY_predicted,0.25,3,3,TGCGCAATGGCGTCACAGCG,0,4567176
ybaY_predicted,0.25,3,3,TGCCGGCCCATAATAATAGT,0,4566986
ybaY_predicted,0.25,3,3,TGCCAGTACAGGTGTCTATC,0,4589018
ybaY_predicted,0.25,3,3,TGCATCGTAGTGAAAAGCGG,0,4569113
ybaY_predicted,0.25,3,3,TGCATAGTGCGAGATTTGCA,0,4576044
ybaY_predicted,0.25,3,3,TGCAGCCGGTACACACGTTA,0,4581423
ybaY_predicted,0.25,3,3,TGCACACCCGACGAAAGAGT,0,4593956
ybaY_predicted,0.25,3,3,TGCAAGGGTAACATAACAAG,0,4566169
ybaY_predicted,0.25,3,3,TGCAAGAAGATCAAAACCAG,0,4555225
ybaY_predicted,0.25,3,3,TGATGCAATCGGAAACGTCA,0,4548168
ybaY_predicted,0.25,3,3,TGATCGAAAGACATACCGAA,0,4552434
ybaY_predicted,0.25,3,3,TGATCCTAGGGTAAAAATGA,0,4589078
ybaY_predicted,0.25,3,3,TGAGTTTAGGTGCGTACTTA,0,4566855
ybaY_predicted,0.25,3,3,TGAGGTTAGACGGACCGAGT,0,4558989
ybaY_predicted,0.25,3,3,TGAGGCGCAGAAGAACCTCA,0,4588766
ybaY_predicted,0.25,3,3,TGAGGATCTGGCTTTGTACG,0,4566862
ybaY_predicted,0.25,3,3,TGAGCCTTGGAATGTTGAGA,0,4556600
ybaY_predicted,0.25,3,3,TGAGACGCAAGATTGGGATA,0,4590830
ybaY_predicted,0.25,3,3,TGACGTATAGGATATAGCGC,0,4549793
ybaY_predicted,0.25,3,3,TGACGGCTAAATTAACGTAA,0,4548041
ybaY_predicted,0.25,3,3,TGACCGGGCATTTACCTGTC,0,4558371
ybaY_predicted,0.25,3,3,TGACAAATGGAAACTCGTCA,0,4563875
ybaY_predicted,0.25,3,3,TGAAGGGGCTCCAAGGGCAT,0,4576199
ybaY_predicted,0.25,3,3,TGAACTCGGCTGTTACATAG,0,4557671
ybaY_predicted,0.25,3,3,TGAACGGTAATAGCCGTACA,0,4562647
ybaY_predicted,0.25,3,3,TGAACCTGATCTCTGGCCCT,0,4596373
ybaY_predicted,0.25,3,3,TCTTAGCCGACACTCGGAAA,0,4556248
ybaY_predicted,0.25,3,3,TCTTAACGAAGTTGCTTTTA,0,4550223
ybaY_predicted,0.25,3,3,TCTGTCGGTGTTTTTCCAGT,0,4592962
ybaY_predicted,0.25,3,3,TCTGTCCGTGGGTTTCCAAC,0,4586458
ybaY_predicted,0.25,3,3,TCTGCCTACTTGTTCAGCTC,0,4550036
ybaY_predicted,0.25,3,3,TCTGATCACCGGCGCGAGGA,0,4596400
ybaY_predicted,0.25,3,3,TCTGACGGCTTCAAAAGCAC,0,4558782
ybaY_predicted,0.25,3,3,TCTCTGGTCCGTGGCGACTG,0,4547955
ybaY_predicted,0.25,3,3,TCTCTAATCAGGAATAATGC,0,4574706
ybaY_predicted,0.25,3,3,TCTCATAGATTTCACATGGT,0,4573512
ybaY_predicted,0.25,3,3,TCTAGAGCCATATCTATTAT,0,4597748
ybaY_predicted,0.25,3,3,TCTACATTTCGGATCTATTG,0,4582980
ybaY_predicted,0.25,3,3,TCGTTATGGTAACGAAGAAC,0,4565996
ybaY_predicted,0.25,3,3,TCGTTAACAGTTGAAATTCA,0,4576645
ybaY_predicted,0.25,3,3,TCGTGCGCGCTTATCACGAA,0,4589867
ybaY_predicted,0.25,3,3,TCGTCCATCCGCTTAGAACA,0,4547334
ybaY_predicted,0.25,3,3,TCGTACGGTCCTCCTAGATG,0,4576600
ybaY_predicted,0.25,3,3,TCGGGGCTGAATTACACGCT,0,4564782
ybaY_predicted,0.25,3,3,TCGGCAGTGACGAAAATTAT,0,4593080
ybaY_predicted,0.25,3,3,TCGCTCGGTACACCTGACCG,0,4551599
ybaY_predicted,0.25,3,3,TCGCGCGTTCGGGGCTCAGT,0,4563429
ybaY_predicted,0.25,3,3,TCGATTTCGAAAACGTCATG,0,4570228
ybaY_predicted,0.25,3,3,TCCTGTTTCACTGAATCGTC,0,4583503
ybaY_predicted,0.25,3,3,TCCTAGATCGTTAAGGTTTC,0,4600115
ybaY_predicted,0.25,3,3,TCCGTCTCATATTGGGGTAC,0,4575455
ybaY_predicted,0.25,3,3,TCCGGTAGGGTTTTTTACGT,0,4592549
ybaY_predicted,0.25,3,3,TCCGGATGCAGACGTATAAA,0,4573008
ybaY_predicted,0.25,3,3,TCCGCACTCGTCAAACGGGA,0,4559792
ybaY_predicted,0.25,3,3,TCCGACAAGCTATGCGTCCA,0,4550066
ybaY_predicted,0.25,3,3,TCCCGGGACCGTCGCCATGC,0,4545647
ybaY_predicted,0.25,3,3,TCCCGGCTCCTACCAGCTAC,0,4550764
ybaY_predicted,0.25,3,3,TCCCCATTCCATTGTTACCG,0,4580427
ybaY_predicted,0.25,3,3,TCCATTGACACTCGAAAGAA,0,4562942
ybaY_predicted,0.25,3,3,TCCAGTGCGGTGTATCTTCG,0,4550125
ybaY_predicted,0.25,3,3,TCCAGTCCACTATGAAAATG,0,4570566
ybaY_predicted,0.25,3,3,TCCACTACTTGTCTTTGATC,0,4559002
ybaY_predicted,0.25,3,3,TCCACGCCCTAGCAGCAACT,0,4590118
ybaY_predicted,0.25,3,3,TCCACGAGAGCTTCCATTCA,0,4584231
ybaY_predicted,0.25,3,3,TCCACCGGAGCACACAGTTA,0,4544448
ybaY_predicted,0.25,3,3,TCCACAACTGCAAATTCCGA,0,4559449
ybaY_predicted,0.25,3,3,TCCAATTATACTGGGAGTGG,0,4586957
ybaY_predicted,0.25,3,3,TCCAAGAAGTCCGTCAGCGG,0,4561704
ybaY_predicted,0.25,3,3,TCATTGCCCTGATGGAAGCC,0,4587356
ybaY_predicted,0.25,3,3,TCATGCGGCTGTGGGCAAAT,0,4570109
ybaY_predicted,0.25,3,3,TCATCGAGGTTAAACGTGAG,0,4577198
ybaY_predicted,0.25,3,3,TCATATGGCAATTAAACCAG,0,4576973
ybaY_predicted,0.25,3,3,TCATAATGTCACGGCAGGCC,0,4598551
ybaY_predicted,0.25,3,3,TCATAACCTGCGATAGCCAT,0,4563274
ybaY_predicted,0.25,3,3,TCATAAACCGACGGGCTTGG,0,4563990
ybaY_predicted,0.25,3,3,TCAGTTGGGAGGCACTGGGA,0,4566905
ybaY_predicted,0.25,3,3,TCAGGGGCTTCCTTCGTAGG,0,4595955
ybaY_predicted,0.25,3,3,TCAGGCTGACGCGGCCAGAA,0,4570488
ybaY_predicted,0.25,3,3,TCAGGCCCACGTGCGATCGT,0,4578595
ybaY_predicted,0.25,3,3,TCAGCGGTGAATAGGGGAAG,0,4553592
ybaY_predicted,0.25,3,3,TCACTAGGCCATCTAGTGGC,0,4587728
ybaY_predicted,0.25,3,3,TCACTAATGAAAAACTTACG,0,4563041
ybaY_predicted,0.25,3,3,TCACGCGACACGGTTTGCAA,0,4582451
ybaY_predicted,0.25,3,3,TCACAAATTTCGACCGCAGC,0,4572467
ybaY_predicted,0.25,3,3,TCAATGCGTTCGCTTGTGCT,0,4554474
ybaY_predicted,0.25,3,3,TCAACAGCGGTGTGATCGCT,0,4579520
ybaY_predicted,0.25,3,3,TCAACACATATTGAGCCACT,0,4595311
ybaY_predicted,0.25,3,3,TCAAACCTATTTCTTCTGCC,0,4577569
ybaY_predicted,0.25,3,3,TATTGCGCGCAAGCTGAGGT,0,4567291
ybaY_predicted,0.25,3,3,TATTGCCGTGTGTCGGAGAA,0,4596724
ybaY_predicted,0.25,3,3,TATTGATGGCTACGTAGAGG,0,4597515
ybaY_predicted,0.25,3,3,TATGTGCCTCAAAGGTTAAT,0,4547727
ybaY_predicted,0.25,3,3,TATGTCGTGCTTAGATTTCT,0,4599499
ybaY_predicted,0.25,3,3,TATGTCGTGCGGGCGGCGAA,0,4573670
ybaY_predicted,0.25,3,3,TATGTACTGTACATTTAGTC,0,4583890
ybaY_predicted,0.25,3,3,TATGGGAAGTGACATGTGCA,0,4590958
ybaY_predicted,0.25,3,3,TATGGCCCTAGCAGGATCCG,0,4585441
ybaY_predicted,0.25,3,3,TATGGAGATACCGTACGGCT,0,4587858
ybaY_predicted,0.25,3,3,TATGAGGGGACGCCATGCCC,0,4551344
ybaY_predicted,0.25,3,3,TATCGGAGCCTTAGTTAGGT,0,4554793
ybaY_predicted,0.25,3,3,TATCGCTGGCACTCATAGTC,0,4548494
ybaY_predicted,0.25,3,3,TATCGAGAGTTCTGTGTAGG,0,4565920
ybaY_predicted,0.25,3,3,TATCCTTGCGTGAACTCCTG,0,4590373
ybaY_predicted,0.25,3,3,TATCCGACGGTCGTGCGGCA,0,4595148
ybaY_predicted,0.25,3,3,TATCATACAATCCTTTGCGC,0,4574272
ybaY_predicted,0.25,3,3,TATCACATCTCAACTAGAGT,0,4567107
ybaY_predicted,0.25,3,3,TATATTTGCGGATGCACGCC,0,4599670
ybaY_predicted,0.25,3,3,TATACCTCGAGTCCAGCGCT,0,4558632
ybaY_predicted,0.25,3,3,TATAAGTTTACCTGAAAAAA,0,4573846
ybaY_predicted,0.25,3,3,TATAAGTCCAGCGAAGCTAT,0,4551716
ybaY_predicted,0.25,3,3,TAGGGTCTTCCACAAATTTT,0,4549838
ybaY_predicted,0.25,3,3,TAGGATCTTCACGATCAATG,0,4586358
ybaY_predicted,0.25,3,3,TAGCGGGTTCACAATAGAGT,0,4594498
ybaY_predicted,0.25,3,3,TAGCCGCTAAAAATTCAATC,0,4584187
ybaY_predicted,0.25,3,3,TAGCAAATTATACGCGATCC,0,4548968
ybaY_predicted,0.25,3,3,TAGCAAACAGGCGTTCAGTA,0,4586203
ybaY_predicted,0.25,3,3,TAGATTAAAATGGGCAGGAC,0,4547358
ybaY_predicted,0.25,3,3,TAGATCATACTGTAAACACA,0,4588250
ybaY_predicted,0.25,3,3,TAGATACTACACTGATAGTG,0,4575268
ybaY_predicted,0.25,3,3,TAGAGATTAACGGGACTCCC,0,4551139
ybaY_predicted,0.25,3,3,TAGACCCGTTCACCCAATTG,0,4588208
ybaY_predicted,0.25,3,3,TAGACCCGTACGATTCCAGA,0,4574941
ybaY_predicted,0.25,3,3,TACTCTGAGCATTAAGGTAT,0,4573590
ybaY_predicted,0.25,3,3,TACTCTCGACTTGTAACGCC,0,4561592
ybaY_predicted,0.25,3,3,TACGGTAACGGCATTCTGGG,0,4571438
ybaY_predicted,0.25,3,3,TACGGCTTTACAGATTGGTC,0,4584734
ybaY_predicted,0.25,3,3,TACCCTGTGGAGCACGGAGG,0,4572978
ybaY_predicted,0.25,3,3,TACCAGCGGGTCCTGTTATG,0,4561655
ybaY_predicted,0.25,3,3,TACACGTCGGACAGCGCTCT,0,4594690
ybaY_predicted,0.25,3,3,TACAATAAGTGATTTAATTT,0,4547678
ybaY_predicted,0.25,3,3,TACAAAATATCCAGCTCAGG,0,4594372
ybaY_predicted,0.25,3,3,TAATCTGTGCAAGATGGCCA,0,4547150
ybaY_predicted,0.25,3,3,TAAGTTTTGCTATAAGTCTA,0,4554419
ybaY_predicted,0.25,3,3,TAAGTGCTTGGATATTACTG,0,4545980
ybaY_predicted,0.25,3,3,TAAGATTACAGAGGTGAACA,0,4584596
ybaY_predicted,0.25,3,3,TAAGACGTGTCACTGGGCGA,0,4592221
ybaY_predicted,0.25,3,3,TAACTTCCAGCGGATCAGCT,0,4581493
ybaY_predicted,0.25,3,3,TAACTCTATCGGAGCACGGA,0,4549763
ybaY_predicted,0.25,3,3,TAACGTGATCGCACCCTATC,0,4596854
ybaY_predicted,0.25,3,3,TAACGGTAGCAATCGGAAGA,0,4585499
ybaY_predicted,0.25,3,3,TAACCAGCAATGCATTAGCT,0,4581164
ybaY_predicted,0.25,3,3,TAACCAAATAACAAGTCAGG,0,4594515
ybaY_predicted,0.25,3,3,TAACATGGCGCGTCTGATCA,0,4598393
ybaY_predicted,0.25,3,3,TAAATTATGTGAGAACTGAG,0,4582168
ybaY_predicted,0.25,3,3,TAAATGGGTATCGGGGGAAA,0,4557836
ybaY_predicted,0.25,3,3,TAAAGGAGAGTGCGTACCAT,0,4598203
ybaY_predicted,0.25,3,3,TAAAGCGCCGTGTGTTAGAA,0,4545540
ybaY_predicted,0.25,3,3,TAAAAGACATCCACCCTGGG,0,4592556
ybaY_predicted,0.25,3,3,GTTTCTCAGACGGATTTGAA,0,4585843
ybaY_predicted,0.25,3,3,GTTTCCGGAACCTTGACATT,0,4548707
ybaY_predicted,0.25,3,3,GTTTCATTCTGAGTCGCACG,0,4580073
ybaY_predicted,0.25,3,3,GTTTACCCAAAATGTTCGGC,0,4590076
ybaY_predicted,0.25,3,3,GTTTACACAATGAAGGTGCA,0,4566072
ybaY_predicted,0.25,3,3,GTTGCTAGACGTTTTGTGGC,0,4600040
ybaY_predicted,0.25,3,3,GTTGAGACTCATAGAAATCT,0,4597314
ybaY_predicted,0.25,3,3,GTTGAAATGGCATTAATAAT,0,4599520
ybaY_predicted,0.25,3,3,GTTCGCGGGTACCTAGCCGA,0,4578639
ybaY_predicted,0.25,3,3,GTTCCCTGCACCCTGACGAG,0,4565912
ybaY_predicted,0.25,3,3,GTTCCCAGCTTAGAGGGCTA,0,4573155
ybaY_predicted,0.25,3,3,GTTCAGATCCGCCCAGCAGG,0,4558381
ybaY_predicted,0.25,3,3,GTTCACCTTAGTGTAGGCCC,0,4557965
ybaY_predicted,0.25,3,3,GTTAGTTAGAGATCACGGGC,0,4562377
ybaY_predicted,0.25,3,3,GTTAGCCTCTTAGTAAATTG,0,4553614
ybaY_predicted,0.25,3,3,GTTACTTGCCGTTGGGGATG,0,4596959
ybaY_predicted,0.25,3,3,GTTACACGGTTCTTGTGGAG,0,4599132
ybaY_predicted,0.25,3,3,GTTAAGTCACCTGTCCATTT,0,4563596
ybaY_predicted,0.25,3,3,GTGTTTCCGTGCTTTGTTCA,0,4565361
ybaY_predicted,0.25,3,3,GTGTTGGCCAGGGAGATGGT,0,4549333
ybaY_predicted,0.25,3,3,GTGTTCTCGAGTCATGAGCA,0,4550826
ybaY_predicted,0.25,3,3,GTGTTATATTCCCCGTCTAT,0,4557212
ybaY_predicted,0.25,3,3,GTGTGCGCTTAGAAACCCGA,0,4573230
ybaY_predicted,0.25,3,3,GTGTAGGTCTCCTAAACAAT,0,4571267
ybaY_predicted,0.25,3,3,GTGGTGTAGGCCAACCTTCT,0,4579540
ybaY_predicted,0.25,3,3,GTGGTCTGGCCAAAGCGTGT,0,4553239
ybaY_predicted,0.25,3,3,GTGGGTTATTCCGTGATGAA,0,4578713
ybaY_predicted,0.25,3,3,GTGGGGGACTTTTCGTTAGC,0,4599288
ybaY_predicted,0.25,3,3,GTGCGATTCGGCCGCTGTTG,0,4566286
ybaY_predicted,0.25,3,3,GTGAGAATAAGCAGACCTAT,0,4570506
ybaY_predicted,0.25,3,3,GTGACGGCGGAAGACCTCCA,0,4573215
ybaY_predicted,0.25,3,3,GTCTTGACAAAATAGCCCAC,0,4590692
ybaY_predicted,0.25,3,3,GTCTTATTTTGAAGAATGAC,0,4598844
ybaY_predicted,0.25,3,3,GTCTTAATCCCTATCTCGGG,0,4574905
ybaY_predicted,0.25,3,3,GTCTGGGTATCCTATAATTC,0,4560620
ybaY_predicted,0.25,3,3,GTCTAGTCTGAATTTAGCTT,0,4552724
ybaY_predicted,0.25,3,3,GTCTAGGTTAATCCAGCCCA,0,4567119
ybaY_predicted,0.25,3,3,GTCGTTTGTCTGCTATGGGT,0,4591059
ybaY_predicted,0.25,3,3,GTCGGTTCACACCGAAACGT,0,4548936
ybaY_predicted,0.25,3,3,GTCGGTCGTGATCCGAATGA,0,4552332
ybaY_predicted,0.25,3,3,GTCGGCTCGCAAGTGTAGAA,0,4548445
ybaY_predicted,0.25,3,3,GTCGCCTCATCCAAAGGAGT,0,4598707
ybaY_predicted,0.25,3,3,GTCGAGGTCGCGAGATGAGA,0,4579323
ybaY_predicted,0.25,3,3,GTCCTTTAAGGTGCACTACG,0,4562158
ybaY_predicted,0.25,3,3,GTCCTGGCACGCGCGCATCC,0,4548446
ybaY_predicted,0.25,3,3,GTCCGATGGCCACGGCTTCC,0,4545517
ybaY_predicted,0.25,3,3,GTCCCGGGATCGTTCAAATC,0,4569689
ybaY_predicted,0.25,3,3,GTCCCACGCCAACACCGGAT,0,4592546
ybaY_predicted,0.25,3,3,GTCCATCTAGAAAAAGTATA,0,4598917
ybaY_predicted,0.25,3,3,GTCCAGCGTGTTATACTTAT,0,4570531
ybaY_predicted,0.25,3,3,GTCCACGACCGCATCACCGA,0,4594844
ybaY_predicted,0.25,3,3,GTCATTGAATGGGGACATAC,0,4583554
ybaY_predicted,0.25,3,3,GTCAGTGGGAGTCGCGTTCG,0,4551846
ybaY_predicted,0.25,3,3,GTCAGTCACGATATGTCGTA,0,4552521
ybaY_predicted,0.25,3,3,GTCACTGCTCGCATACAGGT,0,4562492
ybaY_predicted,0.25,3,3,GTCACGAATCGCATCTTCCA,0,4580581
ybaY_predicted,0.25,3,3,GTCACAAGGCAAACGGTGGT,0,4565540
ybaY_predicted,0.25,3,3,GTCAAGGTTAGAGAAACCTC,0,4590454
ybaY_predicted,0.25,3,3,GTATTTTGCACGGCCCTCTG,0,4545572
ybaY_predicted,0.25,3,3,GTATGTTAACGGATAGTGCT,0,4600707
ybaY_predicted,0.25,3,3,GTATGTCCAGGTTTTGTTTT,0,4568650
ybaY_predicted,0.25,3,3,GTATGGCCCATCTCTCGACC,0,4570972
ybaY_predicted,0.25,3,3,GTATACCGGTCCCTCCTGTG,0,4589701
ybaY_predicted,0.25,3,3,GTACTGTGGCCGCTACGTAT,0,4600106
ybaY_predicted,0.25,3,3,GTACTCCCGAACTTTTGTTG,0,4579670
ybaY_predicted,0.25,3,3,GTACGGGAGGTAACTGCCTG,0,4597462
ybaY_predicted,0.25,3,3,GTACGCTTGGGTATAGGACC,0,4545440
ybaY_predicted,0.25,3,3,GTACATCTCAAGGGCATATC,0,4576772
ybaY_predicted,0.25,3,3,GTACAGGATGATTAGCATTA,0,4589482
ybaY_predicted,0.25,3,3,GTACAGAGCGGGTAATTACA,0,4572215
ybaY_predicted,0.25,3,3,GTAAGTGTGTATGACGTAAC,0,4577130
ybaY_predicted,0.25,3,3,GTAAGGGGGTATCCTATATG,0,4581273
ybaY_predicted,0.25,3,3,GTAAATCGCCTTAGTTCAGC,0,4566745
ybaY_predicted,0.25,3,3,GTAAATCAAGTTGGACGCGG,0,4569996
ybaY_predicted,0.25,3,3,GTAAACGAGCGCGGTGAAGA,0,4571339
ybaY_predicted,0.25,3,3,GTAAAACGCATCTTACAATA,0,4583451
ybaY_predicted,0.25,3,3,GGTTGTGACCATCTCTTGGG,0,4578774
ybaY_predicted,0.25,3,3,GGTTCCCGTCTGATACAACA,0,4591509
ybaY_predicted,0.25,3,3,GGTGTTTAAGATTCAAGGTC,0,4591923
ybaY_predicted,0.25,3,3,GGTGTCCAGGGACATTACTC,0,4576414
ybaY_predicted,0.25,3,3,GGTGGGCTGTGTCCGATTGA,0,4597768
ybaY_predicted,0.25,3,3,GGTGGCCACCGGTGATGCAT,0,4564392
ybaY_predicted,0.25,3,3,GGTGGCAGGCACTAGACAAG,0,4555312
ybaY_predicted,0.25,3,3,GGTGCCACAATTCAACCCAT,0,4552772
ybaY_predicted,0.25,3,3,GGTGCACTGAGTCCCAAGTT,0,4571093
ybaY_predicted,0.25,3,3,GGTCCGCAAGCATAATGGCT,0,4582083
ybaY_predicted,0.25,3,3,GGTCCCGGGGATCGACCATG,0,4546953
ybaY_predicted,0.25,3,3,GGTATTCAGGAACACCCTTG,0,4581202
ybaY_predicted,0.25,3,3,GGTATGTGCATAATACGCCG,0,4548486
ybaY_predicted,0.25,3,3,GGTATCAGTATTCGTCAGCG,0,4545793
ybaY_predicted,0.25,3,3,GGTAGTGGGCATCCTATATG,0,4546493
ybaY_predicted,0.25,3,3,GGTAGATCATACCAACTGGT,0,4584954
ybaY_predicted,0.25,3,3,GGTAATTTACGATTTATCAA,0,4553031
ybaY_predicted,0.25,3,3,GGTAATCAAGGTGAAAAGGA,0,4572386
ybaY_predicted,0.25,3,3,GGGTTCTAGCCCATGGAGAC,0,4571072
ybaY_predicted,0.25,3,3,GGGTTATTCCGGTCAGATTA,0,4558307
ybaY_predicted,0.25,3,3,GGGTCCGCGCTTAGGTTTAG,0,4593895
ybaY_predicted,0.25,3,3,GGGTCCACATTTCGAGTTTT,0,4573695
ybaY_predicted,0.25,3,3,GGGTATCGCTACGGGTGTTC,0,4586534
ybaY_predicted,0.25,3,3,GGGTAGAGTATCACAGCACG,0,4563737
ybaY_predicted,0.25,3,3,GGGGTTACGCAGCGTCTTAA,0,4574781
ybaY_predicted,0.25,3,3,GGGGGTAGAATCGCAAAGAA,0,4563691
ybaY_predicted,0.25,3,3,GGGGGAAATAGCTGTGGAGG,0,4572376
ybaY_predicted,0.25,3,3,GGGGCTGCTGAGTAAGCAAC,0,4552817
ybaY_predicted,0.25,3,3,GGGGACTCCTCCATCCGGTA,0,4580570
ybaY_predicted,0.25,3,3,GGGCTATGGACAAACTGGTC,0,4574517
ybaY_predicted,0.25,3,3,GGGCTACTCCCGGAAATAGA,0,4571378
ybaY_predicted,0.25,3,3,GGGCGTGACATTGAGAGGTT,0,4582532
ybaY_predicted,0.25,3,3,GGGCCGCATAGACCTATCAG,0,4553975
ybaY_predicted,0.25,3,3,GGGCATGATAATGTCCGGAT,0,4545903
ybaY_predicted,0.25,3,3,GGGATGTCTCGTAACTTGCT,0,4544490
ybaY_predicted,0.25,3,3,GGGAAGTTATCGGGGTGGCC,0,4556834
ybaY_predicted,0.25,3,3,GGGAAGGTTAACCGCAAAGT,0,4559115
ybaY_predicted,0.25,3,3,GGCTGGTACCAAACCCACAA,0,4574142
ybaY_predicted,0.25,3,3,GGCTCCTATCGAGATAGGTG,0,4552483
ybaY_predicted,0.25,3,3,GGCTCAGAAAACGGACCGGC,0,4545377
ybaY_predicted,0.25,3,3,GGCGTTACAGCCTTGATCGG,0,4594773
ybaY_predicted,0.25,3,3,GGCGTATCGGGGATCTAATT,0,4585999
ybaY_predicted,0.25,3,3,GGCGGTCCGCGGTCCGGGTG,0,4576119
ybaY_predicted,0.25,3,3,GGCGCGGCAAATGGTCGTCT,0,4591645
ybaY_predicted,0.25,3,3,GGCGATCCAACGTGGAGTTC,0,4596975
ybaY_predicted,0.25,3,3,GGCCCCAGAACTTGCCCATC,0,4544375
ybaY_predicted,0.25,3,3,GGCCATGTACGAGTTTACGA,0,4598030
ybaY_predicted,0.25,3,3,GGCATTCCTCCAGTCTCGAA,0,4560741
ybaY_predicted,0.25,3,3,GGCATATATAGTTGCTACAT,0,4592091
ybaY_predicted,0.25,3,3,GGCAGACTATCGCGTCTTCA,0,4584440
ybaY_predicted,0.25,3,3,GGCACGTGGGGAGTACAGGT,0,4557320
ybaY_predicted,0.25,3,3,GGCAAAGTGGAGAACCGTCC,0,4556228
ybaY_predicted,0.25,3,3,GGATTTGAGAGGTGTGACAT,0,4569121
ybaY_predicted,0.25,3,3,GGATCGTATCACCCGCCCCT,0,4572089
ybaY_predicted,0.25,3,3,GGATCCTTCTTAGAGCCCAA,0,4567903
ybaY_predicted,0.25,3,3,GGATAAACTCCGTACCGGCT,0,4569156
ybaY_predicted,0.25,3,3,GGAGTTGAGCGTAGCCGAGT,0,4565364
ybaY_predicted,0.25,3,3,GGAGTTAAGCGAGTCGCTAG,0,4552603
ybaY_predicted,0.25,3,3,GGAGTCGCGCGCTCGTGCAC,0,4550935
ybaY_predicted,0.25,3,3,GGAGACTAAGCTCATTGGCT,0,4552655
ybaY_predicted,0.25,3,3,GGACTGGATATCCTGGGCTT,0,4557953
ybaY_predicted,0.25,3,3,GGACTAGAGAGTTATTCAGT,0,4566027
ybaY_predicted,0.25,3,3,GGACTACTGGCTTTTCCAAC,0,4550046
ybaY_predicted,0.25,3,3,GGACCGGTGGGGACCGGTGT,0,4546986
ybaY_predicted,0.25,3,3,GGACCCATTCGGACAGACGA,0,4599275
ybaY_predicted,0.25,3,3,GGACCAAGTGACTAGGTAAT,0,4552976
ybaY_predicted,0.25,3,3,GGACACAGGCATCGTCGCCC,0,4593143
ybaY_predicted,0.25,3,3,GGACAATTATATGGTATTGG,0,4547966
ybaY_predicted,0.25,3,3,GGAATTCAAATGGCGGCGCC,0,4597045
ybaY_predicted,0.25,3,3,GGAATACCGCGCGGATGATG,0,4587575
ybaY_predicted,0.25,3,3,GGAAGTTTGTGAGGATCTAC,0,4555260
ybaY_predicted,0.25,3,3,GGAACAGGAGATGGATCCGA,0,4583012
ybaY_predicted,0.25,3,3,GGAAACTAGGACACCAGGGT,0,4562415
ybaY_predicted,0.25,3,3,GGAAAACATCGTGATGGGGA,0,4599271
ybaY_predicted,0.25,3,3,GCTTGGTTGTGGGTATTAGA,0,4584573
ybaY_predicted,0.25,3,3,GCTGTCGATCCCCAGGCTAT,0,4553413
ybaY_predicted,0.25,3,3,GCTGATTAGCTTAATGTGTA,0,4584583
ybaY_predicted,0.25,3,3,GCTGACACTACTTCAAGTCT,0,4584535
ybaY_predicted,0.25,3,3,GCTCTAGAAGACTATAGATA,0,4544785
ybaY_predicted,0.25,3,3,GCTCGCGCAGTCGCAAGGAA,0,4560213
ybaY_predicted,0.25,3,3,GCTATGGGCGGTTAGTTAAC,0,4586321
ybaY_predicted,0.25,3,3,GCTATATCTCCGCAGCCTCT,0,4559066
ybaY_predicted,0.25,3,3,GCTAGCCGTCAGTGCCATGC,0,4576692
ybaY_predicted,0.25,3,3,GCTACCTTATTGCTGGATTT,0,4544658
ybaY_predicted,0.25,3,3,GCTACCGTTACCGATTGTGA,0,4579869
ybaY_predicted,0.25,3,3,GCTACAAGGTAGTAAGGACA,0,4584569
ybaY_predicted,0.25,3,3,GCTAAATAGATCGCGGTCTA,0,4553551
ybaY_predicted,0.25,3,3,GCGTTTGTACTCGCATGCGA,0,4587674
ybaY_predicted,0.25,3,3,GCGTGCCCCCATCGGAAATT,0,4587407
ybaY_predicted,0.25,3,3,GCGGTTATTAGAGGCGAACT,0,4547163
ybaY_predicted,0.25,3,3,GCGGGGTATCATGACAGTCG,0,4551871
ybaY_predicted,0.25,3,3,GCGGGGGGTCACCATAACCT,0,4546042
ybaY_predicted,0.25,3,3,GCGGCAGCTACTAAGGGTTA,0,4552617
ybaY_predicted,0.25,3,3,GCGGATCAGGTGACATACAT,0,4567850
ybaY_predicted,0.25,3,3,GCGCTGAGCCGACACCTCCG,0,4563753
ybaY_predicted,0.25,3,3,GCGCGCCGATCCGTTAAGGA,0,4574594
ybaY_predicted,0.25,3,3,GCGCGACTGGTGGAAAACCC,0,4555605
ybaY_predicted,0.25,3,3,GCGCAGTAGACTACGACATG,0,4582891
ybaY_predicted,0.25,3,3,GCGATTCGACACCATAACAC,0,4588092
ybaY_predicted,0.25,3,3,GCGATGGCGTGGCAGTGTAG,0,4587303
ybaY_predicted,0.25,3,3,GCGAGCTTAGCTTCGTGCGC,0,4584124
ybaY_predicted,0.25,3,3,GCGAGATTTACGAGCAATCT,0,4576840
ybaY_predicted,0.25,3,3,GCGAGAGAAGTAGGACATGT,0,4583114
ybaY_predicted,0.25,3,3,GCCTTGTTATCGGGAAGAGA,0,4593507
ybaY_predicted,0.25,3,3,GCCTTAGCACTTTGTTAGAA,0,4579733
ybaY_predicted,0.25,3,3,GCCTAGACATTGCGGGTAAT,0,4578229
ybaY_predicted,0.25,3,3,GCCGTGCCAGTCTATTCCAC,0,4557268
ybaY_predicted,0.25,3,3,GCCGGGCCTATGTGCTCGTT,0,4568704
ybaY_predicted,0.25,3,3,GCCGGCATGAATTGCTGATA,0,4582281
ybaY_predicted,0.25,3,3,GCCGCTATTGGACGCTTCAT,0,4570392
ybaY_predicted,0.25,3,3,GCCGATTTGATAAAAGGGCT,0,4554542
ybaY_predicted,0.25,3,3,GCCGAAATCGACTTCCACGT,0,4581072
ybaY_predicted,0.25,3,3,GCCCGGTTACACCAGATACT,0,4551269
ybaY_predicted,0.25,3,3,GCCCAGGTACTGAGCCTTCT,0,4556167
ybaY_predicted,0.25,3,3,GCCAGTAGGGTACACATGAG,0,4545757
ybaY_predicted,0.25,3,3,GCCACTCATTTGGTGATCTG,0,4545601
ybaY_predicted,0.25,3,3,GCCAAGGTCATGTTTTGCTC,0,4566939
ybaY_predicted,0.25,3,3,GCCAAAGTCATCAGCTTTCA,0,4558380
ybaY_predicted,0.25,3,3,GCATGTGATGTTGTATCCGG,0,4583043
ybaY_predicted,0.25,3,3,GCATGGGCTTGGTTTCGCAT,0,4592053
ybaY_predicted,0.25,3,3,GCATCCACTTGTAAGATGGG,0,4572373
ybaY_predicted,0.25,3,3,GCAGTGGGAATCAGAAACAC,0,4546342
ybaY_predicted,0.25,3,3,GCAGTAAGTCATGACCGTCT,0,4563103
ybaY_predicted,0.25,3,3,GCAGCTGTAGGCTGTCTCCT,0,4568600
ybaY_predicted,0.25,3,3,GCAGCCTAGATTTTCTAACA,0,4577357
ybaY_predicted,0.25,3,3,GCAGCAGTGGTGCCAGGATT,0,4599514
ybaY_predicted,0.25,3,3,GCACTTTGTAGTATGCATGA,0,4563771
ybaY_predicted,0.25,3,3,GCACGCCACCTTTGGGTTAT,0,4596511
ybaY_predicted,0.25,3,3,GCACCGGGCCACCTTTTTGC,0,4575242
ybaY_predicted,0.25,3,3,GCACACAGGTATAGGCAGGC,0,4596200
ybaY_predicted,0.25,3,3,GCAATCCATGACGACAACGT,0,4581113
ybaY_predicted,0.25,3,3,GCAACGTCTCCTAACCATGC,0,4588913
ybaY_predicted,0.25,3,3,GCAAATGTGGCCGACACAGT,0,4581310
ybaY_predicted,0.25,3,3,GCAAATCGAGAGTAGGTAGT,0,4591332
ybaY_predicted,0.25,3,3,GCAAAAATGAACTACGTGGG,0,4596355
ybaY_predicted,0.25,3,3,GATTTGGTGTATGGTCGGTG,0,4592970
ybaY_predicted,0.25,3,3,GATTTATGTTTGCAGCGCTC,0,4599809
ybaY_predicted,0.25,3,3,GATTGGTCCTCACGTCAATG,0,4591323
ybaY_predicted,0.25,3,3,GATTGACTAAGCGGTTTACA,0,4576342
ybaY_predicted,0.25,3,3,GATTCTCAGTTTACGACGGC,0,4544815
ybaY_predicted,0.25,3,3,GATTATCGACAAGAGCACTA,0,4561685
ybaY_predicted,0.25,3,3,GATTATCATTAGGAATAACT,0,4587588
ybaY_predicted,0.25,3,3,GATTAGCATACACTCTGCCA,0,4594468
ybaY_predicted,0.25,3,3,GATGTCCGGGGTTAGTTTTT,0,4563304
ybaY_predicted,0.25,3,3,GATGGAAAACGATCACTGGC,0,4546858
ybaY_predicted,0.25,3,3,GATGATAGGGGTTCGGAAAG,0,4578332
ybaY_predicted,0.25,3,3,GATCTGTGGGTTTGCGATAC,0,4565039
ybaY_predicted,0.25,3,3,GATCGGGAACCTTTTTTGGA,0,4549043
ybaY_predicted,0.25,3,3,GATCATCAATTGTTAAACCG,0,4584672
ybaY_predicted,0.25,3,3,GATCAAATCCATGCATTAAT,0,4574724
ybaY_predicted,0.25,3,3,GATAGTTATCCCCGCAGTTT,0,4544647
ybaY_predicted,0.25,3,3,GATAGTGTATATGAGCCAAT,0,4595806
ybaY_predicted,0.25,3,3,GATAGGACTTACGATTTCAT,0,4562001
ybaY_predicted,0.25,3,3,GATACTCGGGGTACAGAATC,0,4578097
ybaY_predicted,0.25,3,3,GATACACAGCTCCACAGTCC,0,4561996
ybaY_predicted,0.25,3,3,GAGTTGGGGGAATATGCGCA,0,4581948
ybaY_predicted,0.25,3,3,GAGTTGCAAACCGCTGATCG,0,4545226
ybaY_predicted,0.25,3,3,GAGTTAAGTCGCGAGAGGCA,0,4569941
ybaY_predicted,0.25,3,3,GAGTAGGGACAGGAGGCAAG,0,4553203
ybaY_predicted,0.25,3,3,GAGGTGTATTGATCGACCGT,0,4565813
ybaY_predicted,0.25,3,3,GAGGGGGTACGCTTCATGGG,0,4560185
ybaY_predicted,0.25,3,3,GAGGGGGCGGAGAGGTGTGG,0,4580317
ybaY_predicted,0.25,3,3,GAGCTCAAGTGTTTGCGTAC,0,4563301
ybaY_predicted,0.25,3,3,GAGCGATTCGACAGCGCTCC,0,4571778
ybaY_predicted,0.25,3,3,GAGAGCTACCGACACGGGGA,0,4549406
ybaY_predicted,0.25,3,3,GAGAGCCGCTACTGCCGCTT,0,4557538
ybaY_predicted,0.25,3,3,GAGAGAGTGGGGGCCGTTAC,0,4591784
ybaY_predicted,0.25,3,3,GAGACGTCCCATCCCATTGT,0,4577996
ybaY_predicted,0.25,3,3,GAGAATGGTCGTCTGGCATC,0,4549385
ybaY_predicted,0.25,3,3,GAGAATAGGGGGCTTCAGAT,0,4590437
ybaY_predicted,0.25,3,3,GAGAACTTAAACAGATGATA,0,4570370
ybaY_predicted,0.25,3,3,GACTTGGAATTAAAGATTGA,0,4594406
ybaY_predicted,0.25,3,3,GACTGTTGGTTACCACGTGT,0,4560961
ybaY_predicted,0.25,3,3,GACTGAACGATTTAGTTAAT,0,4558602
ybaY_predicted,0.25,3,3,GACTCGCATGTAAAGCTCCT,0,4599629
ybaY_predicted,0.25,3,3,GACTCATGAGGTGCACGCAT,0,4588983
ybaY_predicted,0.25,3,3,GACTCAGCCAAGTCTACAGC,0,4586792
ybaY_predicted,0.25,3,3,GACTATCAGTAGTACACAAA,0,4591750
ybaY_predicted,0.25,3,3,GACTAACGCCACGCCCATTT,0,4575612
ybaY_predicted,0.25,3,3,GACGTCGGCCGCTTCACCGC,0,4554040
ybaY_predicted,0.25,3,3,GACGGTATTACCTCGTAAAG,0,4578081
ybaY_predicted,0.25,3,3,GACGGGTATGTATGCGCCAC,0,4597684
ybaY_predicted,0.25,3,3,GACGCTCGCGGAAACAGGGC,0,4585882
ybaY_predicted,0.25,3,3,GACGATCTGACGGCAAGGTT,0,4576995
ybaY_predicted,0.25,3,3,GACGAAGCAGGTAGTAGGAC,0,4577888
ybaY_predicted,0.25,3,3,GACCTTTAAGTGCTTCAGGG,0,4560286
ybaY_predicted,0.25,3,3,GACCTACACTCTATGGCCCT,0,4554369
ybaY_predicted,0.25,3,3,GACCGGGCAAAATCCGCTTT,0,4567269
ybaY_predicted,0.25,3,3,GACAGTTTACGTTAATAAAT,0,4591551
ybaY_predicted,0.25,3,3,GACAGCCCACCTACTTGCAG,0,4595394
ybaY_predicted,0.25,3,3,GACAGAGCCACCGTGAAACT,0,4552111
ybaY_predicted,0.25,3,3,GACAACCATTGTCATATATA,0,4581038
ybaY_predicted,0.25,3,3,GAATGGTTGACTCTCTACGC,0,4567688
ybaY_predicted,0.25,3,3,GAATGGTCCCGGCCCTAGCC,0,4582054
ybaY_predicted,0.25,3,3,GAATGAAAACCGGCTAGTTC,0,4583167
ybaY_predicted,0.25,3,3,GAATCCAAGAAATAGGGTAT,0,4560995
ybaY_predicted,0.25,3,3,GAATAACGTCGTGGGGCGGC,0,4592959
ybaY_predicted,0.25,3,3,GAAGTAACTGGAGATCCCGG,0,4580229
ybaY_predicted,0.25,3,3,GAAGGCGCGGTAAGATGTGA,0,4553834
ybaY_predicted,0.25,3,3,GAAGGAAGACCAAGGTATTG,0,4559447
ybaY_predicted,0.25,3,3,GAAGAGACGCTGAATCCAGT,0,4592593
ybaY_predicted,0.25,3,3,GAAGAAGGACCCACATCCTG,0,4582575
ybaY_predicted,0.25,3,3,GAAGAACGGATCGATTATTG,0,4593190
ybaY_predicted,0.25,3,3,GAACGTGTCCATGATCTAAT,0,4548885
ybaY_predicted,0.25,3,3,GAACCTTTTTGCAAAGTGGG,0,4555710
ybaY_predicted,0.25,3,3,GAACCGCTGGTAGGATGTAT,0,4563289
ybaY_predicted,0.25,3,3,GAACCCGGGAGCTGGATGGT,0,4567811
ybaY_predicted,0.25,3,3,GAACCCCCGATTGAGTAAGG,0,4559397
ybaY_predicted,0.25,3,3,GAACATCCGCGGCGCGTAAA,0,4578465
ybaY_predicted,0.25,3,3,GAACAAGATTTAACGCGGTA,0,4598573
ybaY_predicted,0.25,3,3,GAACAAAGCGAAAAAGTTAG,0,4581800
ybaY_predicted,0.25,3,3,GAAATCGTACAATAAATATT,0,4582151
ybaY_predicted,0.25,3,3,GAAAGCGTGAGATAGTCTGA,0,4545924
ybaY_predicted,0.25,3,3,GAAACGGAGTATAAATACAG,0,4549408
ybaY_predicted,0.25,3,3,GAAACGCCAAAGGTTTGATT,0,4575630
ybaY_predicted,0.25,3,3,GAAACGATTGTCTGCCACTC,0,4568184
ybaY_predicted,0.25,3,3,CTTTTGTGTTTGCCCTCGGG,0,4597321
ybaY_predicted,0.25,3,3,CTTTTGGAGGGTCCTGGCGT,0,4547308
ybaY_predicted,0.25,3,3,CTTTTCTACGCATGTATGGA,0,4595915
ybaY_predicted,0.25,3,3,CTTTCTGACATACCTCTAGG,0,4577845
ybaY_predicted,0.25,3,3,CTTTCCCAAGCGTAACTTGC,0,4589221
ybaY_predicted,0.25,3,3,CTTTCAAAATCGACGTGTCC,0,4563241
ybaY_predicted,0.25,3,3,CTTTATGTAATATGATATTG,0,4570529
ybaY_predicted,0.25,3,3,CTTTATGCCTGTGCACCAGT,0,4548103
ybaY_predicted,0.25,3,3,CTTTAGTAACGCGCTTCGCA,0,4551555
ybaY_predicted,0.25,3,3,CTTGGTTGCGATCGTCGGAT,0,4574259
ybaY_predicted,0.25,3,3,CTTGGTCTACCGACCTAAGG,0,4580378
ybaY_predicted,0.25,3,3,CTTGGGTTTACTACTTCATC,0,4597817
ybaY_predicted,0.25,3,3,CTTGGGGCACCATTTGACGT,0,4575356
ybaY_predicted,0.25,3,3,CTTGGACAGGATGAATATGT,0,4551842
ybaY_predicted,0.25,3,3,CTTGAACGTTTTCTAATGTT,0,4583254
ybaY_predicted,0.25,3,3,CTTCTTGGGGACTCCTATAC,0,4596423
ybaY_predicted,0.25,3,3,CTTCTCGTCTTCATATTGTT,0,4544957
ybaY_predicted,0.25,3,3,CTTCCTGCGTAGGGGCCACA,0,4561735
ybaY_predicted,0.25,3,3,CTTCCACAGTATCTGGGTGA,0,4547981
ybaY_predicted,0.25,3,3,CTTCAACGGACGCGCCCCGA,0,4583030
ybaY_predicted,0.25,3,3,CTTATTCAAAAAGGCAATGA,0,4584402
ybaY_predicted,0.25,3,3,CTTATAAGACAGTCAAGCTT,0,4545197
ybaY_predicted,0.25,3,3,CTTAGTATACTACCGCGTCG,0,4596545
ybaY_predicted,0.25,3,3,CTTAGCCCCTGTTGTTCATA,0,4576954
ybaY_predicted,0.25,3,3,CTTACCATCAAATGCACGAC,0,4563539
ybaY_predicted,0.25,3,3,CTGTTGTAGGAGAAGAGACC,0,4558751
ybaY_predicted,0.25,3,3,CTGTTCCACCAGCGGGTCTA,0,4552946
ybaY_predicted,0.25,3,3,CTGTGAATTGGGTGTACGTC,0,4593319
ybaY_predicted,0.25,3,3,CTGTCTCAAAAGTACATTAG,0,4582779
ybaY_predicted,0.25,3,3,CTGTCATTTAGAGGAGGCCT,0,4565213
ybaY_predicted,0.25,3,3,CTGTAGCGGGGCACTCTGGG,0,4574898
ybaY_predicted,0.25,3,3,CTGGTAAATGAAGTGAGATT,0,4575578
ybaY_predicted,0.25,3,3,CTGGGAGATAAAAGAAGAGG,0,4572124
ybaY_predicted,0.25,3,3,CTGGCGTAAGTAGCTTAAAC,0,4563655
ybaY_predicted,0.25,3,3,CTGGATTGGGGATTAGGATT,0,4597066
ybaY_predicted,0.25,3,3,CTGGAGGTTGACTGGTAATC,0,4550495
ybaY_predicted,0.25,3,3,CTGCGTCAGAAGGGTTTAAA,0,4552085
ybaY_predicted,0.25,3,3,CTGCGATATAGACACTTACA,0,4545758
ybaY_predicted,0.25,3,3,CTGCCCGACCTCGCGGTTGC,0,4558921
ybaY_predicted,0.25,3,3,CTGCATAGGTCCGCGGTCAA,0,4591019
ybaY_predicted,0.25,3,3,CTGCAAGTTAAAAGTCAGAC,0,4591183
ybaY_predicted,0.25,3,3,CTGAGCATTCGAGGCGCGAT,0,4586142
ybaY_predicted,0.25,3,3,CTGACAGTGTATTTTGTGAC,0,4596661
ybaY_predicted,0.25,3,3,CTGAATGGCCCATGTGCGAC,0,4547289
ybaY_predicted,0.25,3,3,CTGAATACCGCTCTGAATAG,0,4593704
ybaY_predicted,0.25,3,3,CTGAAGCAGGCCAGGTGACT,0,4561103
ybaY_predicted,0.25,3,3,CTGAAATAAGTTATTTCAGT,0,4560003
ybaY_predicted,0.25,3,3,CTCTTTCGTAGGATCTCCAT,0,4548631
ybaY_predicted,0.25,3,3,CTCTTGGTTGCTGCACTGAA,0,4596234
ybaY_predicted,0.25,3,3,CTCTTGACCTAGCAGCACGA,0,4548462
ybaY_predicted,0.25,3,3,CTCTTATTGCATGTTTTCGA,0,4564567
ybaY_predicted,0.25,3,3,CTCTGTTGACCGTAATTATT,0,4554232
ybaY_predicted,0.25,3,3,CTCTGGGATAATAACAGCTC,0,4565340
ybaY_predicted,0.25,3,3,CTCGGGGATCACGCTCCCTT,0,4579502
ybaY_predicted,0.25,3,3,CTCGCTCGAAGGTGAGCTAA,0,4551406
ybaY_predicted,0.25,3,3,CTCGCACGTCTCCAACGCCT,0,4573755
ybaY_predicted,0.25,3,3,CTCCTCGAGGTTAAAGTGGA,0,4554927
ybaY_predicted,0.25,3,3,CTCCGCCTAACAAGAGCAGG,0,4591613
ybaY_predicted,0.25,3,3,CTCCCTTATGTATCTTCCAT,0,4593447
ybaY_predicted,0.25,3,3,CTCATTGGCGATTGACAGGG,0,4573066
ybaY_predicted,0.25,3,3,CTCATCGGTCTTATCACAGC,0,4583225
ybaY_predicted,0.25,3,3,CTCAGCCCGTCCGCAATAGG,0,4583560
ybaY_predicted,0.25,3,3,CTCAAGGGAGCAGTTTTGTA,0,4571614
ybaY_predicted,0.25,3,3,CTCAAATAGTCATTGGTGGA,0,4582120
ybaY_predicted,0.25,3,3,CTATGTCCACGGTGTATTAG,0,4550436
ybaY_predicted,0.25,3,3,CTATGGCTCGGCCCCGACCT,0,4563387
ybaY_predicted,0.25,3,3,CTATGCCTGGCACGAGGCTA,0,4576252
ybaY_predicted,0.25,3,3,CTATGAACAATTATTTTATG,0,4552820
ybaY_predicted,0.25,3,3,CTATCTATCAAACGGGGTAT,0,4592974
ybaY_predicted,0.25,3,3,CTAGGCAATTGCAAGCTAAA,0,4549278
ybaY_predicted,0.25,3,3,CTAGCCGGGATAGACGTGAA,0,4577883
ybaY_predicted,0.25,3,3,CTAGACGCAGCCAAATTACA,0,4586237
ybaY_predicted,0.25,3,3,CTACGTCCTGTCCTTCGTGA,0,4586469
ybaY_predicted,0.25,3,3,CTACCCTTAGAGCGAGTCCG,0,4599824
ybaY_predicted,0.25,3,3,CTACACTCATGCGTGCAGAT,0,4592733
ybaY_predicted,0.25,3,3,CTAATTGAAAATTCTCTCAG,0,4589917
ybaY_predicted,0.25,3,3,CTAATCCGAATACATCCTTT,0,4586242
ybaY_predicted,0.25,3,3,CTAACTAAGCACGTTGCAGA,0,4591027
ybaY_predicted,0.25,3,3,CTAAAGCGCGAGCACTCCAT,0,4562895
ybaY_predicted,0.25,3,3,CGTTTTGCCGCGCAAGAGGT,0,4544342
ybaY_predicted,0.25,3,3,CGTTTTCCGGTTAGTAGGAA,0,4560403
ybaY_predicted,0.25,3,3,CGTTTGCAGCCCGCAGTGCA,0,4566359
ybaY_predicted,0.25,3,3,CGTTTAGGTCCGGCCCTCTA,0,4578345
ybaY_predicted,0.25,3,3,CGTTCAGGCTCTCGACGCGG,0,4594407
ybaY_predicted,0.25,3,3,CGTTATTGGAGCAAAATAGA,0,4568524
ybaY_predicted,0.25,3,3,CGTTAATGCCTTCTCACGTC,0,4557344
ybaY_predicted,0.25,3,3,CGTTAAGGTACCGGAACAAG,0,4565897
ybaY_predicted,0.25,3,3,CGTGTGCAAATCCGTTTCCC,0,4573781
ybaY_predicted,0.25,3,3,CGTGTCACCGCTTCGCAGTT,0,4547223
ybaY_predicted,0.25,3,3,CGTGTAGTAACAACCTTATG,0,4554133
ybaY_predicted,0.25,3,3,CGTGTAACTATATCCCCGGG,0,4598560
ybaY_predicted,0.25,3,3,CGTGGATGCGCCAGTTACAA,0,4559495
ybaY_predicted,0.25,3,3,CGTGCTGATGCAAAGTTGAC,0,4547925
ybaY_predicted,0.25,3,3,CGTGCTACGTGTGTTGCAAC,0,4548634
ybaY_predicted,0.25,3,3,CGTGAAGGCACTTGCGACCA,0,4555255
ybaY_predicted,0.25,3,3,CGTGAACTATGGATGCGCTC,0,4572993
ybaY_predicted,0.25,3,3,CGTCTTGCGTAAGAGCACAG,0,4579528
ybaY_predicted,0.25,3,3,CGTCGTGCTGGACATTTGAC,0,4544783
ybaY_predicted,0.25,3,3,CGTCGTAATCCGAGGAACAT,0,4571155
ybaY_predicted,0.25,3,3,CGTCGCGTTAGGCCTGAACC,0,4551970
ybaY_predicted,0.25,3,3,CGTCCTTTTGCTCGGTACAA,0,4596362
ybaY_predicted,0.25,3,3,CGTCCCCGTAACGGTAATAA,0,4556782
ybaY_predicted,0.25,3,3,CGTCAGTAGTATTAGTTTCA,0,4548517
ybaY_predicted,0.25,3,3,CGTCAATGATAATTTCTGCT,0,4572794
ybaY_predicted,0.25,3,3,CGTATTGGAACCAATGGGTC,0,4559178
ybaY_predicted,0.25,3,3,CGTATATCGTCCTCGAGCTG,0,4557694
ybaY_predicted,0.25,3,3,CGTAGAGAGTAAGGGCGTTA,0,4550670
ybaY_predicted,0.25,3,3,CGTAAGGAAGGAGTTTGGTT,0,4560659
ybaY_predicted,0.25,3,3,CGTAAGCATGACCGGCTCCA,0,4555268
ybaY_predicted,0.25,3,3,CGTAAGATAACGTGTTGTGT,0,4559851
ybaY_predicted,0.25,3,3,CGTAACGTGAATTGTTATTG,0,4593215
ybaY_predicted,0.25,3,3,CGGTTGCTTCATACCCTGAT,0,4592646
ybaY_predicted,0.25,3,3,CGGTTAGCAATATTTCACTC,0,4598763
ybaY_predicted,0.25,3,3,CGGTGTATTCATAGTGCGAT,0,4599091
ybaY_predicted,0.25,3,3,CGGTCTCGCTCCAACTCGCT,0,4592799
ybaY_predicted,0.25,3,3,CGGTCCTGGGTTCACGGCAC,0,4558693
ybaY_predicted,0.25,3,3,CGGTACGCTACAATCGGTTT,0,4561250
ybaY_predicted,0.25,3,3,CGGGTGTCTAGCCTGACAAA,0,4594252
ybaY_predicted,0.25,3,3,CGGGGTCCGGAAACGTGAAT,0,4579256
ybaY_predicted,0.25,3,3,CGGGGGCACTACATCGGGGG,0,4560001
ybaY_predicted,0.25,3,3,CGGGAAGGGTAGGGAAAATA,0,4561170
ybaY_predicted,0.25,3,3,CGGGAACCGTGTATTTGCTA,0,4557109
ybaY_predicted,0.25,3,3,CGGCTGACACTGTCGATTAT,0,4568960
ybaY_predicted,0.25,3,3,CGGCGTCTAAGTTTTGAGTA,0,4549386
ybaY_predicted,0.25,3,3,CGGCGCTTTAACGGTCAGGT,0,4557752
ybaY_predicted,0.25,3,3,CGGCCTCCACAATAGGTTAG,0,4546585
ybaY_predicted,0.25,3,3,CGGCATTCGTTGTCGCTTAG,0,4581662
ybaY_predicted,0.25,3,3,CGGATTCCATATGCTCGCAG,0,4574305
ybaY_predicted,0.25,3,3,CGGATAGTCACCGCGGGTGG,0,4560019
ybaY_predicted,0.25,3,3,CGGAGCCTTTTGGAGCCTCA,0,4550513
ybaY_predicted,0.25,3,3,CGGAGATCATGCAGCTCCTT,0,4577587
ybaY_predicted,0.25,3,3,CGGACGCCATTCACGCGCGT,0,4583866
ybaY_predicted,0.25,3,3,CGGACACTAGGGTATGAGGG,0,4585785
ybaY_predicted,0.25,3,3,CGCTTGCTTTTTAGCAAAGC,0,4576141
ybaY_predicted,0.25,3,3,CGCTGGCTAACCCCGATATA,0,4545482
ybaY_predicted,0.25,3,3,CGCTACTATAACGGAGTAAA,0,4578421
ybaY_predicted,0.25,3,3,CGCTACCTCGGAATGAGATC,0,4558643
ybaY_predicted,0.25,3,3,CGCTAAGGTTCCTCCCGAAT,0,4582927
ybaY_predicted,0.25,3,3,CGCGTCGTTGTTAAGAGTTC,0,4590363
ybaY_predicted,0.25,3,3,CGCGTAAATCTACTACACTT,0,4586707
ybaY_predicted,0.25,3,3,CGCGAGGGGAGCATCGACAA,0,4592195
ybaY_predicted,0.25,3,3,CGCGAGCCCCACAGATGATA,0,4549076
ybaY_predicted,0.25,3,3,CGCGACATACCATTAAGATC,0,4599116
ybaY_predicted,0.25,3,3,CGCCTAGCAGAATGTGTCAG,0,4567813
ybaY_predicted,0.25,3,3,CGCCCCGGACCTCGTCAAGG,0,4561675
ybaY_predicted,0.25,3,3,CGCCACAGGTCACCCGCTCT,0,4557958
ybaY_predicted,0.25,3,3,CGCATAGCGCGTCTTCTAGG,0,4552150
ybaY_predicted,0.25,3,3,CGCAGAGCACAAGGCCGGCC,0,4566843
ybaY_predicted,0.25,3,3,CGCACCGTCTGCGAACATCA,0,4575582
ybaY_predicted,0.25,3,3,CGCACACCATTTCTGTTACC,0,4575219
ybaY_predicted,0.25,3,3,CGCAAACACTTGGACAGGGC,0,4578003
ybaY_predicted,0.25,3,3,CGATTCGGCCCGTGCGGACG,0,4581394
ybaY_predicted,0.25,3,3,CGATCGGCGAACCGCGCCTA,0,4550403
ybaY_predicted,0.25,3,3,CGATCCCCTTAGCCACCGTT,0,4567215
ybaY_predicted,0.25,3,3,CGATATATGCCGGGCTAGGA,0,4551044
ybaY_predicted,0.25,3,3,CGATAGCGACCGACGTCGCC,0,4599711
ybaY_predicted,0.25,3,3,CGATAATACAACTTAACCAC,0,4550148
ybaY_predicted,0.25,3,3,CGAGTCCGCACATAAACTCC,0,4548273
ybaY_predicted,0.25,3,3,CGAGTACACCTTAACTCCGA,0,4577994
ybaY_predicted,0.25,3,3,CGAGGCTGGCTCAACGAGCA,0,4566686
ybaY_predicted,0.25,3,3,CGAGCCAGTCGGATCCAGAT,0,4584611
ybaY_predicted,0.25,3,3,CGAGAGGTAGCTACAGGATT,0,4589004
ybaY_predicted,0.25,3,3,CGAGAGCGCCGTCCCGTCAT,0,4552184
ybaY_predicted,0.25,3,3,CGACACCGTGGTTCCCGGCA,0,4574747
ybaY_predicted,0.25,3,3,CGACAACCACATGTTATCAC,0,4568165
ybaY_predicted,0.25,3,3,CGAATCGGGGTGGACCACCT,0,4549830
ybaY_predicted,0.25,3,3,CGAAGTGCGCTGGCTGAAAA,0,4596098
ybaY_predicted,0.25,3,3,CGAAATGGCATTACCTCACT,0,4593258
ybaY_predicted,0.25,3,3,CGAAATAAGCCGGAGTGGGA,0,4553889
ybaY_predicted,0.25,3,3,CGAAAGGGAGGCGGTTACAG,0,4573324
ybaY_predicted,0.25,3,3,CGAAACTTAAGTGGACGAGC,0,4594058
ybaY_predicted,0.25,3,3,CCTTTGAAGTTTGCGTGGGA,0,4591663
ybaY_predicted,0.25,3,3,CCTTGAGCTATGACTAATTT,0,4592407
ybaY_predicted,0.25,3,3,CCTTGAACAATGTCTCCTGA,0,4595017
ybaY_predicted,0.25,3,3,CCTTATTTGGGGACGGAACA,0,4548192
ybaY_predicted,0.25,3,3,CCTGTAGGTTGGGTGACCCT,0,4567071
ybaY_predicted,0.25,3,3,CCTGGTAGTAAGATTGTACC,0,4583318
ybaY_predicted,0.25,3,3,CCTGGCGAGGTTCATATAGG,0,4587385
ybaY_predicted,0.25,3,3,CCTGGCAGCCATAGCCTCAT,0,4585225
ybaY_predicted,0.25,3,3,CCTGCACGAACACGTACCAG,0,4548997
ybaY_predicted,0.25,3,3,CCTGAGATTTCGTCAATGTG,0,4599140
ybaY_predicted,0.25,3,3,CCTCTCGGAAGGCAACCAGG,0,4599444
ybaY_predicted,0.25,3,3,CCTCGTGAGGTTAGGGGCAG,0,4586436
ybaY_predicted,0.25,3,3,CCTCATTCAAAGTATCCCTA,0,4544830
ybaY_predicted,0.25,3,3,CCTCACCTCATCAAGGAAAT,0,4571063
ybaY_predicted,0.25,3,3,CCTATCTAATGTGCCTCTCT,0,4594824
ybaY_predicted,0.25,3,3,CCTAGCGCCTTGCAGTCCTA,0,4549814
ybaY_predicted,0.25,3,3,CCTAAGTCTGAACGTTGATG,0,4600473
ybaY_predicted,0.25,3,3,CCGTTTACCCTACTGATCAT,0,4583298
ybaY_predicted,0.25,3,3,CCGTTACCAGATCACTCTAT,0,4594038
ybaY_predicted,0.25,3,3,CCGTGCCCTAAGGATCGCGC,0,4546382
ybaY_predicted,0.25,3,3,CCGTGAGTGAGCGAGAAGGG,0,4579720
ybaY_predicted,0.25,3,3,CCGTCTCCTTAATAAATGAT,0,4578277
ybaY_predicted,0.25,3,3,CCGTCCAAGGCTTTCAGTTC,0,4589606
ybaY_predicted,0.25,3,3,CCGTATATTAGAATGTACTA,0,4551705
ybaY_predicted,0.25,3,3,CCGTAAATTAGGATTCTCTC,0,4577634
ybaY_predicted,0.25,3,3,CCGGTCGGTTGTTTCATGTC,0,4558180
ybaY_predicted,0.25,3,3,CCGGGGTCACTCTAATCACA,0,4554912
ybaY_predicted,0.25,3,3,CCGGGGCGCTGAGTCCTGCG,0,4551726
ybaY_predicted,0.25,3,3,CCGGGGAACGAGGGTAGCAG,0,4600507
ybaY_predicted,0.25,3,3,CCGGGACATCGTCCGGTACA,0,4595384
ybaY_predicted,0.25,3,3,CCGGCTAATCCAGCCGGAAC,0,4553698
ybaY_predicted,0.25,3,3,CCGGCGTCGGAGTCGTTCGA,0,4599433
ybaY_predicted,0.25,3,3,CCGCTCTCATGACCAGGACT,0,4573097
ybaY_predicted,0.25,3,3,CCGCTCTATGGCGTGTACTC,0,4574955
ybaY_predicted,0.25,3,3,CCGCGTCCCTAACCAAACTA,0,4580847
ybaY_predicted,0.25,3,3,CCGCCCATGTGACCACTAAC,0,4560763
ybaY_predicted,0.25,3,3,CCGCATGTGCGGTTGCTCCC,0,4591245
ybaY_predicted,0.25,3,3,CCGCAACGTGCCGCTTCTCT,0,4565032
ybaY_predicted,0.25,3,3,CCGATTTGGTTATCTTAATA,0,4565509
ybaY_predicted,0.25,3,3,CCGATTGATCGAAATTACTC,0,4600349
ybaY_predicted,0.25,3,3,CCGATATGAGGAGTGACATC,0,4563426
ybaY_predicted,0.25,3,3,CCGAGGTATTGCGTGCGAAT,0,4546959
ybaY_predicted,0.25,3,3,CCGAGAGTGTGCCTACCATG,0,4599724
ybaY_predicted,0.25,3,3,CCCTTTAGCCGCGTCATTAC,0,4569802
ybaY_predicted,0.25,3,3,CCCTGACAAGATATGTAGCT,0,4553920
ybaY_predicted,0.25,3,3,CCCTCTGCAGGCCGTGGTTC,0,4559837
ybaY_predicted,0.25,3,3,CCCGGTGTCTTGTCAACACT,0,4586143
ybaY_predicted,0.25,3,3,CCCCTTTCGCCAGAAGCGTT,0,4589621
ybaY_predicted,0.25,3,3,CCCCTTGCGAATAGGTCTAT,0,4577131
ybaY_predicted,0.25,3,3,CCCCGATATGATTCCAATTG,0,4573773
ybaY_predicted,0.25,3,3,CCCCATCGCCGATCCAGTGG,0,4600566
ybaY_predicted,0.25,3,3,CCCATAATCAAATTACGGCG,0,4570443
ybaY_predicted,0.25,3,3,CCCAATAAATTTAGTTTTCA,0,4567957
ybaY_predicted,0.25,3,3,CCCAACCTGAACTACCGTAT,0,4590372
ybaY_predicted,0.25,3,3,CCATTCACCGACAGGGAGGT,0,4579622
ybaY_predicted,0.25,3,3,CCATTACATATCCTCGACAT,0,4567273
ybaY_predicted,0.25,3,3,CCATGGGATCCCCGAGGCTA,0,4593531
ybaY_predicted,0.25,3,3,CCATACTTCGTTTTTACGTC,0,4564777
ybaY_predicted,0.25,3,3,CCATAATGCGAATAGAAGAG,0,4545948
ybaY_predicted,0.25,3,3,CCAGTTAATTGTTAAGGCTG,0,4557412
ybaY_predicted,0.25,3,3,CCAGCTCTGAGTTCACAACT,0,4545655
ybaY_predicted,0.25,3,3,CCAGCGCTACGCTGGGGCCT,0,4586908
ybaY_predicted,0.25,3,3,CCAGCCTGGACCGCCAGCAC,0,4549248
ybaY_predicted,0.25,3,3,CCACGACCGCGAGGGTAGAG,0,4574367
ybaY_predicted,0.25,3,3,CCACCATATATGAGAAATGG,0,4575023
ybaY_predicted,0.25,3,3,CCACAATTGCGACCTCCGTG,0,4547794
ybaY_predicted,0.25,3,3,CCAATCCTAAAGGGATTGGT,0,4550150
ybaY_predicted,0.25,3,3,CCAAGTTTCTAACTTTGTGG,0,4544968
ybaY_predicted,0.25,3,3,CCAAATACGTCTTGGGAATA,0,4575599
ybaY_predicted,0.25,3,3,CCAAAGTCTCCTGTCTGTGC,0,4580917
ybaY_predicted,0.25,3,3,CATTTGTTGTGCCGGCATAA,0,4597806
ybaY_predicted,0.25,3,3,CATTTGCGGAAGGACTTAAG,0,4561515
ybaY_predicted,0.25,3,3,CATTTGAGAATGCCCCTCTT,0,4578045
ybaY_predicted,0.25,3,3,CATTCCTTGCCGGCTCTTCA,0,4585267
ybaY_predicted,0.25,3,3,CATTCCCTCCAGGTTGTTGG,0,4592347
ybaY_predicted,0.25,3,3,CATTCATAAGAACGGGTGCT,0,4558189
ybaY_predicted,0.25,3,3,CATTAGTTAGGCTAAGCCGC,0,4554107
ybaY_predicted,0.25,3,3,CATGTTAAGATGGAACTCAG,0,4594812
ybaY_predicted,0.25,3,3,CATGTGTGCCTGATATATAT,0,4586809
ybaY_predicted,0.25,3,3,CATGTGAATGGTAAATTCTC,0,4575835
ybaY_predicted,0.25,3,3,CATGGCGCGCCGACAGCACC,0,4592233
ybaY_predicted,0.25,3,3,CATGACTCCGCCCTGCCTAA,0,4560196
ybaY_predicted,0.25,3,3,CATGACACCGGGGCGTCTAA,0,4589480
ybaY_predicted,0.25,3,3,CATCTCCCCCCGGGTAGATC,0,4546352
ybaY_predicted,0.25,3,3,CATCAATAGTGCGCGGACTG,0,4597074
ybaY_predicted,0.25,3,3,CATATTGCCTGCCGAATAAG,0,4553135
ybaY_predicted,0.25,3,3,CATACCAACCACTAAATTGG,0,4549422
ybaY_predicted,0.25,3,3,CATACACTGCACGCTGATCA,0,4582630
ybaY_predicted,0.25,3,3,CATAATCGATTTGTCACTCT,0,4570770
ybaY_predicted,0.25,3,3,CATAAATCGCAGAACCTATA,0,4569732
ybaY_predicted,0.25,3,3,CATAAACATGGGGATGCAAT,0,4563350
ybaY_predicted,0.25,3,3,CAGTTAGCCCAAAATGCTGG,0,4583303
ybaY_predicted,0.25,3,3,CAGTGGTATCGCCCCTCGCC,0,4564663
ybaY_predicted,0.25,3,3,CAGTGGGCGTAGTCTGCACA,0,4594742
ybaY_predicted,0.25,3,3,CAGTCAACAGCTTTTTGAAA,0,4547287
ybaY_predicted,0.25,3,3,CAGTAGATCAAGGAAGGGGT,0,4598912
ybaY_predicted,0.25,3,3,CAGGTTCTGGAACCTTGACG,0,4589833
ybaY_predicted,0.25,3,3,CAGGGTGCGCCATACCACGG,0,4567823
ybaY_predicted,0.25,3,3,CAGGCAGGATGCGCAAATTG,0,4591685
ybaY_predicted,0.25,3,3,CAGGCAAGACGTCACGTGCT,0,4550448
ybaY_predicted,0.25,3,3,CAGGATACGTCACCCTTCAA,0,4594394
ybaY_predicted,0.25,3,3,CAGCTTCACAAATAGCTTTC,0,4559207
ybaY_predicted,0.25,3,3,CAGCTCCAGAGGAATCAGCC,0,4566032
ybaY_predicted,0.25,3,3,CAGCGCATAAACAGTCACCA,0,4574858
ybaY_predicted,0.25,3,3,CAGCATTGATGCATGCGAAA,0,4583314
ybaY_predicted,0.25,3,3,CAGATAAGGCCCAATCTAAA,0,4589813
ybaY_predicted,0.25,3,3,CAGAGTGCCACCAGTTCTCA,0,4585737
ybaY_predicted,0.25,3,3,CAGAGGTCATGGAGACAGGG,0,4591928
ybaY_predicted,0.25,3,3,CAGAGATGTCATGGCGATTC,0,4585343
ybaY_predicted,0.25,3,3,CACTCGTTAGTGTACTGCGT,0,4570614
ybaY_predicted,0.25,3,3,CACTCAGCAAAATCTAGTGT,0,4599115
ybaY_predicted,0.25,3,3,CACTAGCTACTTTTACAGGC,0,4572064
ybaY_predicted,0.25,3,3,CACTACGGGTGGGTCTTGTC,0,4588504
ybaY_predicted,0.25,3,3,CACGCCGCCCGAATTGAGGG,0,4574278
ybaY_predicted,0.25,3,3,CACGCATCCAGCGGCACAAA,0,4579842
ybaY_predicted,0.25,3,3,CACGAGTTGGAAAACCAGCT,0,4574994
ybaY_predicted,0.25,3,3,CACGAAGTGGAGTTGCGCGC,0,4558315
ybaY_predicted,0.25,3,3,CACCTGCCTTATCATTGGTC,0,4550999
ybaY_predicted,0.25,3,3,CACCGGGTTTATCAGCAATA,0,4577583
ybaY_predicted,0.25,3,3,CACCGAATGGGACACAGGAA,0,4544916
ybaY_predicted,0.25,3,3,CACCGAAGGGAACCGACATG,0,4562838
ybaY_predicted,0.25,3,3,CACCCACTGGTGTGTACCTC,0,4582582
ybaY_predicted,0.25,3,3,CACCCACATACATAACGTCG,0,4600150
ybaY_predicted,0.25,3,3,CACCAACGCGTAACGTATAA,0,4554270
ybaY_predicted,0.25,3,3,CACAGGGTCCCTAGGCTAAA,0,4593412
ybaY_predicted,0.25,3,3,CACAGGGAAGACGTTGAAAC,0,4560000
ybaY_predicted,0.25,3,3,CACACTGCGCCAGAGTTCAT,0,4552361
ybaY_predicted,0.25,3,3,CACAACCCTGTGGCCTGACA,0,4544909
ybaY_predicted,0.25,3,3,CAATTGTAAGGTACGAGGCA,0,4568536
ybaY_predicted,0.25,3,3,CAATATCCTAAAAGGGCCAG,0,4581687
ybaY_predicted,0.25,3,3,CAAGGCGCCGCAATCGGAAA,0,4569749
ybaY_predicted,0.25,3,3,CAAGAGTAGAACAGACATAA,0,4573628
ybaY_predicted,0.25,3,3,CAACTTCCGCAGCACTGATC,0,4597335
ybaY_predicted,0.25,3,3,CAACTGTCTATTCGGCTTCT,0,4596693
ybaY_predicted,0.25,3,3,CAACTCACGGCGGATGAACG,0,4594369
ybaY_predicted,0.25,3,3,CAACGAAGGGGTAACATCCC,0,4574705
ybaY_predicted,0.25,3,3,CAACCTAGTGAGGAAACATT,0,4558759
ybaY_predicted,0.25,3,3,CAAAGTGTGTTGGCGGTTTG,0,4567231
ybaY_predicted,0.25,3,3,CAAACCCCACAATACTTTTG,0,4592626
ybaY_predicted,0.25,3,3,CAAACATGCCGTTATGTAAT,0,4583784
ybaY_predicted,0.25,3,3,ATTTTACAGCCAACGGTTAA,0,4547806
ybaY_predicted,0.25,3,3,ATTTCTAAGTGCTAGCCCTG,0,4557118
ybaY_predicted,0.25,3,3,ATTTCATGCATAGAAAAAGC,0,4595335
ybaY_predicted,0.25,3,3,ATTTATTTACACATATTCTC,0,4599977
ybaY_predicted,0.25,3,3,ATTTACCGAAACAGACGCCG,0,4574325
ybaY_predicted,0.25,3,3,ATTTAAACGCGTGTCTCCTT,0,4579654
ybaY_predicted,0.25,3,3,ATTGTAGGACAAATAAAGTG,0,4557817
ybaY_predicted,0.25,3,3,ATTGTAATGCCGTATTGTTG,0,4586419
ybaY_predicted,0.25,3,3,ATTGCTCCGTAGGGAGTGAA,0,4557734
ybaY_predicted,0.25,3,3,ATTCTCCGGCCACGTTGCTG,0,4595925
ybaY_predicted,0.25,3,3,ATTCGCGCACTCGCCGGCAC,0,4554599
ybaY_predicted,0.25,3,3,ATTCCCATTGCCCCACGAGT,0,4550503
ybaY_predicted,0.25,3,3,ATTCCACGACAGAGTGGGCT,0,4545749
ybaY_predicted,0.25,3,3,ATTCACAAACTGCTTCCCAT,0,4576587
ybaY_predicted,0.25,3,3,ATTCAACGATCCCTGGTGTC,0,4583212
ybaY_predicted,0.25,3,3,ATTATCAAAGTGCCTCTACC,0,4546898
ybaY_predicted,0.25,3,3,ATTAGATTGAGTTTTCCCCT,0,4576887
ybaY_predicted,0.25,3,3,ATTAGACAATGGTACTACAG,0,4547221
ybaY_predicted,0.25,3,3,ATTACGGCGATGCCATGACA,0,4577895
ybaY_predicted,0.25,3,3,ATTACCTTGCTTTATCTTGC,0,4596099
ybaY_predicted,0.25,3,3,ATTAATTTTCGGGAAGCCTC,0,4583222
ybaY_predicted,0.25,3,3,ATTAATGCGAGTGGTAAAGA,0,4579223
ybaY_predicted,0.25,3,3,ATGTGACGATGAATGCTCAT,0,4546031
ybaY_predicted,0.25,3,3,ATGTATAATTGTTTGTGAGT,0,4576281
ybaY_predicted,0.25,3,3,ATGTAGATTACCAATATTCG,0,4597985
ybaY_predicted,0.25,3,3,ATGTACTACGCGCCGCCCTA,0,4590150
ybaY_predicted,0.25,3,3,ATGGTCATTTGATGAACCCC,0,4544751
ybaY_predicted,0.25,3,3,ATGGGCAGTGTCTCTTAAAT,0,4550390
ybaY_predicted,0.25,3,3,ATGGCGTCTATTCGTATTAC,0,4556128
ybaY_predicted,0.25,3,3,ATGCTTCCCTACTAACCATT,0,4547156
ybaY_predicted,0.25,3,3,ATGCGCAATTAGGTTTTGTA,0,4556725
ybaY_predicted,0.25,3,3,ATGCCTCCTTCATATTGCGA,0,4581467
ybaY_predicted,0.25,3,3,ATGCCAGTGGTCGTGATACG,0,4546383
ybaY_predicted,0.25,3,3,ATGCACATAGGTCCTCGGTG,0,4547786
ybaY_predicted,0.25,3,3,ATGATTGCCTGAGCGTATCT,0,4564698
ybaY_predicted,0.25,3,3,ATGATGGAGTGAGTTGTTGC,0,4545957
ybaY_predicted,0.25,3,3,ATGATAGTCATTACAGCAAT,0,4574397
ybaY_predicted,0.25,3,3,ATGAGGTGGATTCCGATTCG,0,4582636
ybaY_predicted,0.25,3,3,ATGAGGCTATTCTGCGCCCG,0,4573566
ybaY_predicted,0.25,3,3,ATGAGCTTAACTAGTGGTTG,0,4592271
ybaY_predicted,0.25,3,3,ATGAATCTAGCACAAGCTCT,0,4581828
ybaY_predicted,0.25,3,3,ATGAAGCATCGACCTAACAA,0,4552497
ybaY_predicted,0.25,3,3,ATCTCACTCGGACGGTTCCT,0,4545605
ybaY_predicted,0.25,3,3,ATCGTTGCGAATGTTCAAGA,0,4544907
ybaY_predicted,0.25,3,3,ATCGTCGGAAAGCTATACCT,0,4544697
ybaY_predicted,0.25,3,3,ATCGTAGCCACACGTGCCCC,0,4548319
ybaY_predicted,0.25,3,3,ATCCTCACCTTGTAGGATGT,0,4573239
ybaY_predicted,0.25,3,3,ATCCTAGCGCGCAGAGGAGT,0,4579727
ybaY_predicted,0.25,3,3,ATCCGCTACATTAAAAAGTA,0,4551913
ybaY_predicted,0.25,3,3,ATCCCCGCCGCACCCTCACA,0,4594159
ybaY_predicted,0.25,3,3,ATCCACCATGGGAGCTATCT,0,4593321
ybaY_predicted,0.25,3,3,ATCCAAGGCAATCCACTAGC,0,4597192
ybaY_predicted,0.25,3,3,ATCAGCCGCGTGCTCGGGAT,0,4595528
ybaY_predicted,0.25,3,3,ATCAGACCTTTGTTCGTCCA,0,4591351
ybaY_predicted,0.25,3,3,ATCACCGCTAGGATCGTCTC,0,4549218
ybaY_predicted,0.25,3,3,ATCAATTATCCTCACGAGGT,0,4575743
ybaY_predicted,0.25,3,3,ATCAAGTAAATGCGTTGGAC,0,4547717
ybaY_predicted,0.25,3,3,ATCAAAACTAACAAATTCCA,0,4593126
ybaY_predicted,0.25,3,3,ATATGACAACGAACGCAAAG,0,4547454
ybaY_predicted,0.25,3,3,ATATCGTAAGGGCTCGCTAT,0,4578203
ybaY_predicted,0.25,3,3,ATATAACCAAACAATTGCAT,0,4547543
ybaY_predicted,0.25,3,3,ATAGTTTACTAAGAAAGTCG,0,4557717
ybaY_predicted,0.25,3,3,ATAGTGAGGGCGATCCCCCC,0,4550443
ybaY_predicted,0.25,3,3,ATAGTCCATTTTTGGGGTTC,0,4548017
ybaY_predicted,0.25,3,3,ATAGCATAGCGTCTGGGCGA,0,4559378
ybaY_predicted,0.25,3,3,ATAGCACGCCCGCCACTTTA,0,4565007
ybaY_predicted,0.25,3,3,ATAGCAATACGGGTAGATTG,0,4563148
ybaY_predicted,0.25,3,3,ATAGATAGAATTAGTCGAGG,0,4586490
ybaY_predicted,0.25,3,3,ATAGAATAGTCGGGCGCATG,0,4596598
ybaY_predicted,0.25,3,3,ATACGCGACTACGTTATTGA,0,4596303
ybaY_predicted,0.25,3,3,ATACCGGTCTCCGCCGCGAC,0,4592040
ybaY_predicted,0.25,3,3,ATAATCCCAGCCGCAATTAG,0,4565552
ybaY_predicted,0.25,3,3,ATAACTATATGTTACAAGTA,0,4598678
ybaY_predicted,0.25,3,3,ATAACGGCGAGTGCTACAGA,0,4583002
ybaY_predicted,0.25,3,3,ATAAAATACTCTACGAGGCC,0,4598974
ybaY_predicted,0.25,3,3,AGTTTTCTCAGCTCAGGTAA,0,4547595
ybaY_predicted,0.25,3,3,AGTTTCAACCATCAATTAGG,0,4553504
ybaY_predicted,0.25,3,3,AGTTGCCCATCAGTCTCGTA,0,4576898
ybaY_predicted,0.25,3,3,AGTTGCCAGGCCTCGGATTA,0,4582346
ybaY_predicted,0.25,3,3,AGTTCGTTCAGAGGTGCTAA,0,4567405
ybaY_predicted,0.25,3,3,AGTTCGTCGAAGACCCCTTA,0,4590387
ybaY_predicted,0.25,3,3,AGTTCGACCTTATTGTGAGC,0,4550108
ybaY_predicted,0.25,3,3,AGTTACAGCACTGTCAGTAC,0,4573693
ybaY_predicted,0.25,3,3,AGTGCCGTCAAAGCAACCAA,0,4581846
ybaY_predicted,0.25,3,3,AGTGAGTCCAATGATCCACA,0,4562227
ybaY_predicted,0.25,3,3,AGTCTTGAAGGCTCACTGTC,0,4597842
ybaY_predicted,0.25,3,3,AGTCGCGGTTAAGACTCGGC,0,4577611
ybaY_predicted,0.25,3,3,AGTCGCCATGCTCATTTACA,0,4578964
ybaY_predicted,0.25,3,3,AGTCCATGAGTATCAGATTA,0,4571688
ybaY_predicted,0.25,3,3,AGTCCAAATGGTTCGCAGGA,0,4593248
ybaY_predicted,0.25,3,3,AGTATATGAAAAGCCGATTT,0,4591256
ybaY_predicted,0.25,3,3,AGTACGGACGCTTGTAGGTC,0,4571699
ybaY_predicted,0.25,3,3,AGTACCTTTAAGATGGCTTC,0,4596743
ybaY_predicted,0.25,3,3,AGTACATCAAGTGTTCCCAG,0,4561432
ybaY_predicted,0.25,3,3,AGGTTCAGCCGCATACTGGT,0,4570161
ybaY_predicted,0.25,3,3,AGGTGGCGAGAAATGCGTCT,0,4567709
ybaY_predicted,0.25,3,3,AGGTCCCTGTTTCGGAGACC,0,4576047
ybaY_predicted,0.25,3,3,AGGTCATAATGCTAAAGACG,0,4557746
ybaY_predicted,0.25,3,3,AGGTAGATAAATTAAATACA,0,4583464
ybaY_predicted,0.25,3,3,AGGGTCCGACGTCATGAGAA,0,4590141
ybaY_predicted,0.25,3,3,AGGGTACGAACATTGATTGT,0,4576225
ybaY_predicted,0.25,3,3,AGGGGTCCACAGTTGAAACT,0,4596583
ybaY_predicted,0.25,3,3,AGGGGTCACGTTTAAGCTAC,0,4562711
ybaY_predicted,0.25,3,3,AGGGGCATAGGTCTAGAACC,0,4582016
ybaY_predicted,0.25,3,3,AGGGGATATGCATCCACGGT,0,4565034
ybaY_predicted,0.25,3,3,AGGGGAAGGTATGGCCTACT,0,4592653
ybaY_predicted,0.25,3,3,AGGGCCGGCTGTCAACTCAT,0,4562420
ybaY_predicted,0.25,3,3,AGGGATTTAGCTCCTGCTGT,0,4574123
ybaY_predicted,0.25,3,3,AGGCCAGCACTTATTCGTAA,0,4556307
ybaY_predicted,0.25,3,3,AGGCACATAACTCTGGGTAG,0,4555092
ybaY_predicted,0.25,3,3,AGGATGCAAGGCGGACCACA,0,4581858
ybaY_predicted,0.25,3,3,AGGATACAGGGTTTGAATGT,0,4579440
ybaY_predicted,0.25,3,3,AGGAGTGAGAGTGTTAAAGA,0,4558410
ybaY_predicted,0.25,3,3,AGGAGTACACAAACACACAT,0,4575287
ybaY_predicted,0.25,3,3,AGGAGCCTGGGATTCATTCA,0,4563722
ybaY_predicted,0.25,3,3,AGGAGACCTCAATAGGTATG,0,4558062
ybaY_predicted,0.25,3,3,AGGAATCTTCGGATCCGCCA,0,4587129
ybaY_predicted,0.25,3,3,AGGAATCCGCCAGCGATTCT,0,4599743
ybaY_predicted,0.25,3,3,AGGAAGCACCGAGCCTAAAG,0,4559507
ybaY_predicted,0.25,3,3,AGCTTTTTTATACATTTCTT,0,4572918
ybaY_predicted,0.25,3,3,AGCTTCTACCTATGTCGGCG,0,4598811
ybaY_predicted,0.25,3,3,AGCTGTTACACGTTGGATTA,0,4594571
ybaY_predicted,0.25,3,3,AGCTGCTTAAGGTGACCCCT,0,4560489
ybaY_predicted,0.25,3,3,AGCTCTCGGTGGACAGGCTC,0,4557018
ybaY_predicted,0.25,3,3,AGCTCAATAGCCTTGCTTTG,0,4573027
ybaY_predicted,0.25,3,3,AGCGGGTTAACAAGAAGTCC,0,4584812
ybaY_predicted,0.25,3,3,AGCGGGGACGTGCGAGAGAA,0,4591136
ybaY_predicted,0.25,3,3,AGCGGACTTGAGGATGCTCA,0,4573143
ybaY_predicted,0.25,3,3,AGCGCGTGTGTAAACGCCGC,0,4595173
ybaY_predicted,0.25,3,3,AGCGCCTCCCCAAGGTGTTT,0,4562147
ybaY_predicted,0.25,3,3,AGCCCAGATGCCGAACAGGA,0,4564194
ybaY_predicted,0.25,3,3,AGCCCACACGCCATACAGTG,0,4568660
ybaY_predicted,0.25,3,3,AGCCACAGGCTTAGAGATTT,0,4578838
ybaY_predicted,0.25,3,3,AGCATTGGAAAATGGCAGCT,0,4568408
ybaY_predicted,0.25,3,3,AGCATTGACTTGGCCTTCCC,0,4566392
ybaY_predicted,0.25,3,3,AGCACCTGTGAAATGTCTCA,0,4596492
ybaY_predicted,0.25,3,3,AGCAATAGGTCTATTCTACT,0,4579808
ybaY_predicted,0.25,3,3,AGATGTGGCTCCGATATATT,0,4582448
ybaY_predicted,0.25,3,3,AGATGTCTGGAGTTCGGATT,0,4548865
ybaY_predicted,0.25,3,3,AGATATCGGGCAAGTGCGTG,0,4583570
ybaY_predicted,0.25,3,3,AGATAGTGGGTTTGGCCCAA,0,4557637
ybaY_predicted,0.25,3,3,AGAGTGAGGGAAGCCCTATA,0,4573947
ybaY_predicted,0.25,3,3,AGAGTCTAATGTCCACGCCC,0,4560965
ybaY_predicted,0.25,3,3,AGACGCGTACGCAACCAAGC,0,4546141
ybaY_predicted,0.25,3,3,AGACGCCTGACACCAACCGT,0,4551140
ybaY_predicted,0.25,3,3,AGACAATCGACGGGCTCGGG,0,4573762
ybaY_predicted,0.25,3,3,AGAATATCACGGCCCAGCAA,0,4577524
ybaY_predicted,0.25,3,3,AGAATAATGGCCACCCTCCT,0,4594657
ybaY_predicted,0.25,3,3,AGAAGGTATGCTTAAGCGTT,0,4592701
ybaY_predicted,0.25,3,3,AGAAAGCAAGTCAAAGCGTA,0,4579278
ybaY_predicted,0.25,3,3,ACTTTGCAAGATTAAGATGT,0,4590494
ybaY_predicted,0.25,3,3,ACTTTGACCGAAAATGTTAA,0,4592309
ybaY_predicted,0.25,3,3,ACTTTAGAGAGTCGCGTTTC,0,4548479
ybaY_predicted,0.25,3,3,ACTTGTATTGAAGTTGGGAT,0,4581851
ybaY_predicted,0.25,3,3,ACTTGCTAATTCAAGCTTCA,0,4583659
ybaY_predicted,0.25,3,3,ACTTCAAAACGGTCAACGGT,0,4574261
ybaY_predicted,0.25,3,3,ACTTACACGGGTGAGCTGGA,0,4579612
ybaY_predicted,0.25,3,3,ACTGTCTGCTCTTTCAGGCA,0,4587625
ybaY_predicted,0.25,3,3,ACTGGATCCTTCGCTAGTAG,0,4569806
ybaY_predicted,0.25,3,3,ACTGACCAGCACGATAGTGT,0,4570722
ybaY_predicted,0.25,3,3,ACTCTTTATTACAATCGGTA,0,4597141
ybaY_predicted,0.25,3,3,ACTCGTTATAGGAGAGAATC,0,4556052
ybaY_predicted,0.25,3,3,ACTCCCGTCTTCGGAGTGAT,0,4579549
ybaY_predicted,0.25,3,3,ACTCCCAGCCTGAATTCCGT,0,4581057
ybaY_predicted,0.25,3,3,ACTCATAATGACCTTCTTTT,0,4549730
ybaY_predicted,0.25,3,3,ACTCAGTGTTGTTGACTTTC,0,4544631
ybaY_predicted,0.25,3,3,ACTCAGTAGCTTGCGTTGTT,0,4600664
ybaY_predicted,0.25,3,3,ACTATCTGCCTGCACGGAGA,0,4569734
ybaY_predicted,0.25,3,3,ACTAGATGATAAAATTAGCG,0,4568446
ybaY_predicted,0.25,3,3,ACTAGACGTTAGGAAACGTG,0,4573596
ybaY_predicted,0.25,3,3,ACTAATATAAGGAGTAGGCT,0,4547728
ybaY_predicted,0.25,3,3,ACTAAGGTATAGATATAGGC,0,4560739
ybaY_predicted,0.25,3,3,ACGTGTTTTCTAGCTCACGC,0,4566788
ybaY_predicted,0.25,3,3,ACGTGTGGGATGTTAATCCT,0,4567568
ybaY_predicted,0.25,3,3,ACGTCAGGTACATAGGTGGA,0,4555416
ybaY_predicted,0.25,3,3,ACGTATACCCGCCCTTACCA,0,4552978
ybaY_predicted,0.25,3,3,ACGTATAAAGTCGAACTATC,0,4574511
ybaY_predicted,0.25,3,3,ACGTAACGTGACGAGGTTAG,0,4582592
ybaY_predicted,0.25,3,3,ACGGTTGTGACATGTCAGTC,0,4593525
ybaY_predicted,0.25,3,3,ACGGTGTCCGCCACTGGTCC,0,4589175
ybaY_predicted,0.25,3,3,ACGGTGGTTGACGGCGAGGT,0,4550907
ybaY_predicted,0.25,3,3,ACGGTAAACATATAGGTACA,0,4546932
ybaY_predicted,0.25,3,3,ACGGGTATGAACATTCGCGA,0,4576398
ybaY_predicted,0.25,3,3,ACGGCTCATCGGTGAGCGTC,0,4596217
ybaY_predicted,0.25,3,3,ACGGCCCGGCGTCTATTGAC,0,4567381
ybaY_predicted,0.25,3,3,ACGCTGAGACAGAGAGATAA,0,4545436
ybaY_predicted,0.25,3,3,ACGCGGCCGAGGGTTGCCGC,0,4586249
ybaY_predicted,0.25,3,3,ACGCGATCAGATTAGGGGAC,0,4577087
ybaY_predicted,0.25,3,3,ACGCCTTCGAGCAGACCGGC,0,4544859
ybaY_predicted,0.25,3,3,ACGCCCCCACTTAACCGATA,0,4564565
ybaY_predicted,0.25,3,3,ACGCAGCGAAAGCACCGGGA,0,4550992
ybaY_predicted,0.25,3,3,ACGCAACCGAGGAGTATGTA,0,4598922
ybaY_predicted,0.25,3,3,ACGACGGCTTCCCGCGCAAT,0,4587513
ybaY_predicted,0.25,3,3,ACGACCAAACCAACGCTTTG,0,4598624
ybaY_predicted,0.25,3,3,ACGAATTGTCGAGTGGACCC,0,4569450
ybaY_predicted,0.25,3,3,ACGAATAGATCTGTGGCCCA,0,4573508
ybaY_predicted,0.25,3,3,ACGAAGATCACTTGGGGCGC,0,4566629
ybaY_predicted,0.25,3,3,ACCTGGCTAAGGGAGTATAT,0,4559032
ybaY_predicted,0.25,3,3,ACCGTGAGGAGCGAGTAGTT,0,4562821
ybaY_predicted,0.25,3,3,ACCGGATCGGGCGTTTTGTT,0,4571493
ybaY_predicted,0.25,3,3,ACCGCATTGTTGGTTTGACC,0,4590248
ybaY_predicted,0.25,3,3,ACCGAGTTCCTCAAATGAGT,0,4593623
ybaY_predicted,0.25,3,3,ACCCTTGTGCTCCGTCGTTG,0,4550598
ybaY_predicted,0.25,3,3,ACCCTTCGCAACCGGAATAT,0,4587183
ybaY_predicted,0.25,3,3,ACCCTGGAACCCGATATTTG,0,4550149
ybaY_predicted,0.25,3,3,ACCCGCCCTATTCAGAAGAC,0,4583046
ybaY_predicted,0.25,3,3,ACCCCTGGGGCTTTCTATGG,0,4595137
ybaY_predicted,0.25,3,3,ACCCAAGGGGTGCTTAAGGC,0,4564238
ybaY_predicted,0.25,3,3,ACCATAGGCTTAGTAAGGGA,0,4590654
ybaY_predicted,0.25,3,3,ACCAGCGCCCGAACGGAGTT,0,4583229
ybaY_predicted,0.25,3,3,ACCAAATTTCTATCTTGTCA,0,4559730
ybaY_predicted,0.25,3,3,ACATGGACCGGACGTTAACG,0,4573718
ybaY_predicted,0.25,3,3,ACATGCTATCAAAGTAGTAC,0,4552843
ybaY_predicted,0.25,3,3,ACATATTTTCGTGCCTGTTT,0,4557792
ybaY_predicted,0.25,3,3,ACATACAGGGCCACGTCGCT,0,4560171
ybaY_predicted,0.25,3,3,ACAGTTTTGAGAGAACAGGG,0,4581532
ybaY_predicted,0.25,3,3,ACAGGGATAGTAACAGTTGA,0,4550916
ybaY_predicted,0.25,3,3,ACAGCTGATCAGATGTCCTT,0,4586654
ybaY_predicted,0.25,3,3,ACAGCAGTTTCGTCCCGCGG,0,4590575
ybaY_predicted,0.25,3,3,ACACTTCTTTCACGAAAGTA,0,4585025
ybaY_predicted,0.25,3,3,ACACTTAAATGTAAGGGAGC,0,4587647
ybaY_predicted,0.25,3,3,ACACTGCAGCGCCAGTGTGA,0,4548516
ybaY_predicted,0.25,3,3,ACACTCTGTCAACTCTTTTC,0,4575074
ybaY_predicted,0.25,3,3,ACACGCGCCATTCAAAGCGT,0,4557634
ybaY_predicted,0.25,3,3,ACACGAGCCGCATAGTCCGA,0,4598218
ybaY_predicted,0.25,3,3,ACACATTTCCTGATAAGTCT,0,4592797
ybaY_predicted,0.25,3,3,ACACATGGAAGCGGGGGAAT,0,4547159
ybaY_predicted,0.25,3,3,ACACACAGAGCATGCGGCTC,0,4563140
ybaY_predicted,0.25,3,3,ACAATCCGGAAACCACTAAA,0,4573329
ybaY_predicted,0.25,3,3,ACAACCCCCGTGTAGACTTA,0,4552883
ybaY_predicted,0.25,3,3,ACAAAGCGTCTGTCCGACTT,0,4588152
ybaY_predicted,0.25,3,3,ACAAAGCAAGGAGGCAGTGA,0,4562868
ybaY_predicted,0.25,3,3,ACAAAAACGCACCTCGTCGG,0,4576121
ybaY_predicted,0.25,3,3,AATTTGCTGGCTCTCTAGAG,0,4572565
ybaY_predicted,0.25,3,3,AATTTATCCCAAGGCCGCGA,0,4585789
ybaY_predicted,0.25,3,3,AATTGCTTCAAGGTGATAGC,0,4598699
ybaY_predicted,0.25,3,3,AATTGAATCTTTCGTTTCTT,0,4547520
ybaY_predicted,0.25,3,3,AATTGAAATTCTTCGAAGTT,0,4567433
ybaY_predicted,0.25,3,3,AATTAGGCCTGGTTCTTATA,0,4553974
ybaY_predicted,0.25,3,3,AATGTGCCTCGAATGTCACA,0,4572254
ybaY_predicted,0.25,3,3,AATGGGATGCCCTGGGTAAT,0,4597340
ybaY_predicted,0.25,3,3,AATGGCATGAGGAGCTTGCA,0,4569954
ybaY_predicted,0.25,3,3,AATCTGACCAGTGAGAATTA,0,4592462
ybaY_predicted,0.25,3,3,AATCGGCCCAAGGGAACATA,0,4567851
ybaY_predicted,0.25,3,3,AATCCGTGATTATCATTCAA,0,4556906
ybaY_predicted,0.25,3,3,AATCATGCGCGCTGGCTTTG,0,4548278
ybaY_predicted,0.25,3,3,AATAGTATTCCGTCGTCTGC,0,4585784
ybaY_predicted,0.25,3,3,AATAGGCTTAAAATGCCCCT,0,4593614
ybaY_predicted,0.25,3,3,AATAAGGGCTGATACTGAAA,0,4548491
ybaY_predicted,0.25,3,3,AATAAAGTAAACTGCATTGC,0,4544553
ybaY_predicted,0.25,3,3,AAGTCTCCAGGCTCTGTCTA,0,4546139
ybaY_predicted,0.25,3,3,AAGTCTAAATAATACAGCTC,0,4582343
ybaY_predicted,0.25,3,3,AAGTCCTATTAGGATAGCGG,0,4592670
ybaY_predicted,0.25,3,3,AAGTATAGACGTTGACCCCC,0,4553864
ybaY_predicted,0.25,3,3,AAGTAGTTACTCTTGTGGGA,0,4591828
ybaY_predicted,0.25,3,3,AAGTAGAATAGACCTCCAGA,0,4580785
ybaY_predicted,0.25,3,3,AAGGTTTTATGTAGAGCCTT,0,4586673
ybaY_predicted,0.25,3,3,AAGGTGTCGTGCCAGCGTAT,0,4589443
ybaY_predicted,0.25,3,3,AAGGTCCGAATATTGCCATG,0,4592654
ybaY_predicted,0.25,3,3,AAGGACAACAGCTTTGTATT,0,4557897
ybaY_predicted,0.25,3,3,AAGCTGAATTGCTTCGCGCG,0,4556662
ybaY_predicted,0.25,3,3,AAGCCGACAAGACCTCTGTA,0,4549940
ybaY_predicted,0.25,3,3,AAGCAGCTCAAGCAAGCTTC,0,4590683
ybaY_predicted,0.25,3,3,AACTTCCGAAACCCAGGGCT,0,4592659
ybaY_predicted,0.25,3,3,AACTCACAAATTTCCTAACA,0,4551687
ybaY_predicted,0.25,3,3,AACGTTCTGTACCACATTCG,0,4576620
ybaY_predicted,0.25,3,3,AACGGTCTCTGCTCACCATT,0,4580530
ybaY_predicted,0.25,3,3,AACGCTCCGTCGCGTATGCA,0,4574821
ybaY_predicted,0.25,3,3,AACGCAGAAACGGCATACAA,0,4572411
ybaY_predicted,0.25,3,3,AACCCTGGAAGGGCTAGAGA,0,4555264
ybaY_predicted,0.25,3,3,AACATGTGGGGCTCTATGTT,0,4593350
ybaY_predicted,0.25,3,3,AACATAGGTGTGGCAAGATA,0,4555798
ybaY_predicted,0.25,3,3,AACAACTTGACGCTACTCAC,0,4577435
ybaY_predicted,0.25,3,3,AAATTTGTGTGTATCCACAC,0,4593908
ybaY_predicted,0.25,3,3,AAATTTCCGCTACTTGAGGA,0,4578660
ybaY_predicted,0.25,3,3,AAATTGTTTGCGCCAACGGA,0,4561557
ybaY_predicted,0.25,3,3,AAATGTTTGCGGATAATATT,0,4562230
ybaY_predicted,0.25,3,3,AAATGGCGTCTTCTTTTATG,0,4594808
ybaY_predicted,0.25,3,3,AAATGACCCGACCCGATGTA,0,4562841
ybaY_predicted,0.25,3,3,AAATCGTTGAGGTTTGGTTA,0,4560224
ybaY_predicted,0.25,3,3,AAATCCGCGCGTGAGTCAGT,0,4557677
ybaY_predicted,0.25,3,3,AAATATCTGGATCATGGGCA,0,4583774
ybaY_predicted,0.25,3,3,AAAGTACGCGGTAACTCTCT,0,4566185
ybaY_predicted,0.25,3,3,AAAGCGAGCTCTAGTCGCAC,0,4546049
ybaY_predicted,0.25,3,3,AAACTCGTAGCATCATTCAA,0,4571314
ybaY_predicted,0.25,3,3,AAACGGACTCTTGGGCTTAT,0,4564677
ybaY_predicted,0.25,3,3,AAACGCGCTGTTTCATCAAT,0,4600097
ybaY_predicted,0.25,3,3,AAACGAAACCATCGGCAATC,0,4555488
ybaY_predicted,0.25,3,3,AAACAGCGTCGCGCGAGCTC,0,4545438
ybaY_predicted,0.25,3,3,AAAATTAAGTGTAGATGCCC,0,4549120
ybaY_predicted,0.25,3,3,AAAATGTGTGTCTAAACAGA,0,4578922
ybaY_predicted,0.25,3,3,AAAATGGACTTTCCCGTAAC,0,4590631
ybaY_predicted,0.25,3,3,AAAATGACCCCCTGGGTCAG,0,4546815
ybaY_predicted,0.25,3,3,AAAATCAGGGGCTAAGACGA,0,4564939
ybaY_predicted,0.25,3,3,AAAATATTTGCCCCTCGAGG,0,4585476
ybaY_predicted,0.25,3,3,AAAAGTAGGGCGTTCGTCTC,0,4546093
ybaY_predicted,0.25,3,3,AAAAGGTAATTTACATAGAT,0,4547267
ybaY_predicted,0.25,3,3,AAAACTTCACGGTTCCGGAG,0,4549935
ybaY_predicted,0.3333333333333333,2,2,TTTTTCCTCAGGGAAAGTAT,0,4569051
ybaY_predicted,0.3333333333333333,2,2,TTTTCTGTCATTAAGGGCGT,0,4566582
ybaY_predicted,0.3333333333333333,2,2,TTTTAGTGGGACAGCGATAG,0,4556903
ybaY_predicted,0.3333333333333333,2,2,TTTTAATGTATCTAACAACA,0,4592935
ybaY_predicted,0.3333333333333333,2,2,TTTTAACCCACGTGGAATGC,0,4599589
ybaY_predicted,0.3333333333333333,2,2,TTTGTGATAATCAGTCGTTA,0,4565882
ybaY_predicted,0.3333333333333333,2,2,TTTGGAGGTTGGTGGGCGAG,0,4580080
ybaY_predicted,0.3333333333333333,2,2,TTTGGAAAGTGAAACAAGTG,0,4552955
ybaY_predicted,0.3333333333333333,2,2,TTTGCTTAGCAAGAAAATCT,0,4587924
ybaY_predicted,0.3333333333333333,2,2,TTTGACGTGGCCCACGTTTG,0,4581229
ybaY_predicted,0.3333333333333333,2,2,TTTGAATATGAGATCCGGGT,0,4570763
ybaY_predicted,0.3333333333333333,2,2,TTTCGTAGGCGAATGACAGC,0,4553186
ybaY_predicted,0.3333333333333333,2,2,TTTCGATATTGAGTTTTTGC,0,4550616
ybaY_predicted,0.3333333333333333,2,2,TTTCAGGTTGAGTCTCGCTA,0,4553361
ybaY_predicted,0.3333333333333333,2,2,TTTCACTCATAAGTTGCACG,0,4583217
ybaY_predicted,0.3333333333333333,2,2,TTTATGCGGGGGGAGTGCAA,0,4584720
ybaY_predicted,0.3333333333333333,2,2,TTTATCGGTTTACAACATTA,0,4554480
ybaY_predicted,0.3333333333333333,2,2,TTTATATCCAGTGTTTCAGT,0,4555537
ybaY_predicted,0.3333333333333333,2,2,TTTAGTTCCTATCTCATGGT,0,4559243
ybaY_predicted,0.3333333333333333,2,2,TTTAGTACAGCCTTTCGTTC,0,4548073
ybaY_predicted,0.3333333333333333,2,2,TTGTTCTCCGTGCCTTCCCG,0,4566689
ybaY_predicted,0.3333333333333333,2,2,TTGTGTAAATTGCGAGTCTT,0,4588166
ybaY_predicted,0.3333333333333333,2,2,TTGTCATTGGTAGTCGCGTC,0,4595734
ybaY_predicted,0.3333333333333333,2,2,TTGTAGTAGCGCAGAGTGGG,0,4577859
ybaY_predicted,0.3333333333333333,2,2,TTGGTTTGCTACTATGGACA,0,4585966
ybaY_predicted,0.3333333333333333,2,2,TTGGTCGCGAAGAAAGTCTG,0,4577715
ybaY_predicted,0.3333333333333333,2,2,TTGGTCGAAGTCTTAGGAAC,0,4583418
ybaY_predicted,0.3333333333333333,2,2,TTGGGTGTAAAATACTAAGC,0,4552882
ybaY_predicted,0.3333333333333333,2,2,TTGGGCCTCCGGACATGGCG,0,4577791
ybaY_predicted,0.3333333333333333,2,2,TTGGGAACAGTGGCTGGCGT,0,4590871
ybaY_predicted,0.3333333333333333,2,2,TTGGCCTATACTCATGCGAA,0,4589541
ybaY_predicted,0.3333333333333333,2,2,TTGGCCCGGGCTGGCTAATG,0,4592290
ybaY_predicted,0.3333333333333333,2,2,TTGGCAATTGGCCCCGTCGT,0,4588989
ybaY_predicted,0.3333333333333333,2,2,TTGGATAGGGTAGATCATTT,0,4586328
ybaY_predicted,0.3333333333333333,2,2,TTGGACTGATACCATAAGTA,0,4590762
ybaY_predicted,0.3333333333333333,2,2,TTGCTGCCAACTCGCTCATG,0,4596384
ybaY_predicted,0.3333333333333333,2,2,TTGCTCTCTGTACATGGTTC,0,4544410
ybaY_predicted,0.3333333333333333,2,2,TTGCTAACGCTGAAACGCTT,0,4561292
ybaY_predicted,0.3333333333333333,2,2,TTGCGGTTCGTCGTGCCGCT,0,4552051
ybaY_predicted,0.3333333333333333,2,2,TTGCCCTGTCTCTACTTTGC,0,4586272
ybaY_predicted,0.3333333333333333,2,2,TTGCCCTATCCAACTCGATT,0,4595061
ybaY_predicted,0.3333333333333333,2,2,TTGCACCGATCCATCCTGCA,0,4572506
ybaY_predicted,0.3333333333333333,2,2,TTGATTACAAGCCACGTATT,0,4550607
ybaY_predicted,0.3333333333333333,2,2,TTGAGGAAGAACTTGTCGCG,0,4551766
ybaY_predicted,0.3333333333333333,2,2,TTGAGAAACGGTAGCCAACG,0,4566810
ybaY_predicted,0.3333333333333333,2,2,TTGACTACATCTTTACTGTT,0,4593764
ybaY_predicted,0.3333333333333333,2,2,TTGAATAAACGCTTCTTCAG,0,4548481
ybaY_predicted,0.3333333333333333,2,2,TTCTCTACTCAGTAGGTTGA,0,4569296
ybaY_predicted,0.3333333333333333,2,2,TTCTCGTATCCAATGGCAGT,0,4547375
ybaY_predicted,0.3333333333333333,2,2,TTCTCCAGAACAATCGCTCG,0,4551588
ybaY_predicted,0.3333333333333333,2,2,TTCGTGTTGTCAATTTGGAA,0,4567725
ybaY_predicted,0.3333333333333333,2,2,TTCGGTATAGGTATAACGGG,0,4571604
ybaY_predicted,0.3333333333333333,2,2,TTCGGCCTGCTGCCTCGTAT,0,4564055
ybaY_predicted,0.3333333333333333,2,2,TTCCTTGTGGGGGAGGGGGT,0,4596835
ybaY_predicted,0.3333333333333333,2,2,TTCCTGCTCATCGGTACAGT,0,4556216
ybaY_predicted,0.3333333333333333,2,2,TTCCGTGCGCAAACGGTGCA,0,4557797
ybaY_predicted,0.3333333333333333,2,2,TTCCGGCACGGCCAAATACG,0,4576712
ybaY_predicted,0.3333333333333333,2,2,TTCCCCAGCAGGGAGGGGGA,0,4563546
ybaY_predicted,0.3333333333333333,2,2,TTCCAGGGGGATACTCGTCT,0,4564040
ybaY_predicted,0.3333333333333333,2,2,TTCATGGCCCACGGACTTGA,0,4547977
ybaY_predicted,0.3333333333333333,2,2,TTCATAATGAACCAGAAGCT,0,4553672
ybaY_predicted,0.3333333333333333,2,2,TTCAAGAGAAGTCTCTCAAT,0,4577695
ybaY_predicted,0.3333333333333333,2,2,TTATTGTCCGCGTCACTGGT,0,4560526
ybaY_predicted,0.3333333333333333,2,2,TTATGGAAACACTCTGCAGG,0,4558065
ybaY_predicted,0.3333333333333333,2,2,TTATCGGGATTAACGAAGAA,0,4580972
ybaY_predicted,0.3333333333333333,2,2,TTATATCATAGTAACGATCA,0,4557022
ybaY_predicted,0.3333333333333333,2,2,TTATAAGCAATATGTATTAG,0,4545059
ybaY_predicted,0.3333333333333333,2,2,TTAGTTAAATCGGCCGGAGG,0,4566218
ybaY_predicted,0.3333333333333333,2,2,TTAGGTCCATGCCAATGTGT,0,4583103
ybaY_predicted,0.3333333333333333,2,2,TTAGGGGAGAGCATTTAGGT,0,4573205
ybaY_predicted,0.3333333333333333,2,2,TTAGGCTGTGGGATCCAAAG,0,4557515
ybaY_predicted,0.3333333333333333,2,2,TTAGGCGCGTAAGGTTTGCT,0,4575982
ybaY_predicted,0.3333333333333333,2,2,TTAGCCGGCTAATATTCATG,0,4586803
ybaY_predicted,0.3333333333333333,2,2,TTAGCAAGCATATTATACGG,0,4576049
ybaY_predicted,0.3333333333333333,2,2,TTAGAGGCATCTCATGCAAG,0,4578570
ybaY_predicted,0.3333333333333333,2,2,TTACGTCATGGTGCATTTGC,0,4560672
ybaY_predicted,0.3333333333333333,2,2,TTACGAGTACTCCAACGTTC,0,4571148
ybaY_predicted,0.3333333333333333,2,2,TTACCTGACTAATCACGCGA,0,4599790
ybaY_predicted,0.3333333333333333,2,2,TTACCTAATAAATTGAGTGA,0,4593925
ybaY_predicted,0.3333333333333333,2,2,TTACAGCGGATTTAGGGTCC,0,4575371
ybaY_predicted,0.3333333333333333,2,2,TTACAATTTCGATGCAGCCA,0,4564158
ybaY_predicted,0.3333333333333333,2,2,TTACAAGTATGTCGTGGATC,0,4556898
ybaY_predicted,0.3333333333333333,2,2,TTAAGGGCGTTTTGACAGTA,0,4578944
ybaY_predicted,0.3333333333333333,2,2,TTAAGAGTTAGACCAATGAT,0,4563077
ybaY_predicted,0.3333333333333333,2,2,TTAAAGGTTTAATTAAGAAA,0,4589686
ybaY_predicted,0.3333333333333333,2,2,TGTTTTTTGTATGATGGTGA,0,4556073
ybaY_predicted,0.3333333333333333,2,2,TGTTTGTTTTCTGGGGTATG,0,4568395
ybaY_predicted,0.3333333333333333,2,2,TGTTTCGGGTATCCATGGGG,0,4586356
ybaY_predicted,0.3333333333333333,2,2,TGTTTCATTGTTGCATAGGG,0,4589527
ybaY_predicted,0.3333333333333333,2,2,TGTTTCACGTCATAGCCTAG,0,4571332
ybaY_predicted,0.3333333333333333,2,2,TGTTTATCGGAGACGGTGTG,0,4579485
ybaY_predicted,0.3333333333333333,2,2,TGTTGTTAGTATGTTGGTTA,0,4567065
ybaY_predicted,0.3333333333333333,2,2,TGTTAATTTTTTAGAGCGAT,0,4571281
ybaY_predicted,0.3333333333333333,2,2,TGTGTCTTTCGACGGGGAAT,0,4550083
ybaY_predicted,0.3333333333333333,2,2,TGTGGCCAAGAGGACTGCAG,0,4572972
ybaY_predicted,0.3333333333333333,2,2,TGTGCTTCAGTTTTGAAACG,0,4581589
ybaY_predicted,0.3333333333333333,2,2,TGTGCTACTGTCAACAAAGG,0,4560088
ybaY_predicted,0.3333333333333333,2,2,TGTGATATTGCGACACTCTC,0,4553520
ybaY_predicted,0.3333333333333333,2,2,TGTCGTTCAACCCTATTCGA,0,4550946
ybaY_predicted,0.3333333333333333,2,2,TGTCGTACATAAAACCCATG,0,4583299
ybaY_predicted,0.3333333333333333,2,2,TGTCGGCATCGGTCGGGGTG,0,4568142
ybaY_predicted,0.3333333333333333,2,2,TGTCGCTCACTTAACCGAAT,0,4561680
ybaY_predicted,0.3333333333333333,2,2,TGTCGATCCTAGGGAATAGC,0,4553163
ybaY_predicted,0.3333333333333333,2,2,TGTCCGTGCGACGGTCCCGA,0,4586781
ybaY_predicted,0.3333333333333333,2,2,TGTCCAAAGTAGCTCCTTGC,0,4592802
ybaY_predicted,0.3333333333333333,2,2,TGTCACCGAACCCTCGTACT,0,4554512
ybaY_predicted,0.3333333333333333,2,2,TGTATTTACAATCGATAGCG,0,4545652
ybaY_predicted,0.3333333333333333,2,2,TGTATCAGGACAAGAACCAA,0,4565648
ybaY_predicted,0.3333333333333333,2,2,TGTATAACAGGACTAGCATC,0,4582483
ybaY_predicted,0.3333333333333333,2,2,TGTAGTTCATCACTGAGCGG,0,4550040
ybaY_predicted,0.3333333333333333,2,2,TGTAGGTGAGAATATCCTGC,0,4577076
ybaY_predicted,0.3333333333333333,2,2,TGTAGGGGCGACTACGCAAA,0,4583274
ybaY_predicted,0.3333333333333333,2,2,TGTAGATAAAACTACCGGCT,0,4577680
ybaY_predicted,0.3333333333333333,2,2,TGTACTTAACATGGTGATAC,0,4565228
ybaY_predicted,0.3333333333333333,2,2,TGTACTCCCCGTACGGTTTT,0,4597464
ybaY_predicted,0.3333333333333333,2,2,TGTAACAGGCGTCGCCGCGC,0,4569770
ybaY_predicted,0.3333333333333333,2,2,TGGTTGAGAAGGGTGCGTAA,0,4600560
ybaY_predicted,0.3333333333333333,2,2,TGGTTCCGCATTTCATGAGA,0,4588566
ybaY_predicted,0.3333333333333333,2,2,TGGTGGTTCTGAGGTGTCGT,0,4559665
ybaY_predicted,0.3333333333333333,2,2,TGGTGGCAACGAAGCTTAGT,0,4559059
ybaY_predicted,0.3333333333333333,2,2,TGGTATTCTGAGGTTCATGA,0,4571081
ybaY_predicted,0.3333333333333333,2,2,TGGTAAAGTCAGGCTGCCGC,0,4545109
ybaY_predicted,0.3333333333333333,2,2,TGGGTCAAAGCAGTAAGACT,0,4560232
ybaY_predicted,0.3333333333333333,2,2,TGGGGGAGTTAGTGAGCCTC,0,4590626
ybaY_predicted,0.3333333333333333,2,2,TGGGCGCCTACCGCATTATT,0,4600442
ybaY_predicted,0.3333333333333333,2,2,TGGGCAAACCAACAGAGCAT,0,4598864
ybaY_predicted,0.3333333333333333,2,2,TGGCTTTCGCGCACGACTGG,0,4549279
ybaY_predicted,0.3333333333333333,2,2,TGGCTTCTGTCGCCAGATCG,0,4588115
ybaY_predicted,0.3333333333333333,2,2,TGGCTGTGTTTGCAATAAGG,0,4555972
ybaY_predicted,0.3333333333333333,2,2,TGGCTCTGGCGATTAAATGT,0,4574960
ybaY_predicted,0.3333333333333333,2,2,TGGCTCCGCCACAATGGTAT,0,4597614
ybaY_predicted,0.3333333333333333,2,2,TGGCGGCCACTATCTAGTAA,0,4590315
ybaY_predicted,0.3333333333333333,2,2,TGGCGAGCCCACGGGTACGC,0,4571800
ybaY_predicted,0.3333333333333333,2,2,TGGATTCCTCATCTTTTTCC,0,4549321
ybaY_predicted,0.3333333333333333,2,2,TGGATCTACGTCCGGGACTT,0,4576457
ybaY_predicted,0.3333333333333333,2,2,TGGAGGTAGGGTAAAGGCCA,0,4552459
ybaY_predicted,0.3333333333333333,2,2,TGGAGAGATAGCGAATGGTT,0,4560941
ybaY_predicted,0.3333333333333333,2,2,TGGAGAACATCGTTATTGAG,0,4595922
ybaY_predicted,0.3333333333333333,2,2,TGGACGTTAGCTCGCTCTAG,0,4556171
ybaY_predicted,0.3333333333333333,2,2,TGGACGAGTAACCGGCCGCA,0,4598474
ybaY_predicted,0.3333333333333333,2,2,TGGAATCATCATCTCGCACA,0,4572605
ybaY_predicted,0.3333333333333333,2,2,TGGAACGATAATGTTAGGCT,0,4571884
ybaY_predicted,0.3333333333333333,2,2,TGCTTTGGCGGCCACTATTA,0,4546438
ybaY_predicted,0.3333333333333333,2,2,TGCTTTCACATCTGCCACCA,0,4593370
ybaY_predicted,0.3333333333333333,2,2,TGCTTGTTAGAATAGAGCGT,0,4598743
ybaY_predicted,0.3333333333333333,2,2,TGCTTAATGCCTGATAGGAC,0,4573158
ybaY_predicted,0.3333333333333333,2,2,TGCTGCGATCCCGTTTGCAG,0,4599205
ybaY_predicted,0.3333333333333333,2,2,TGCTCCTTCTAAACTGTTGC,0,4598479
ybaY_predicted,0.3333333333333333,2,2,TGCTATTTGCGCATGAGACA,0,4570231
ybaY_predicted,0.3333333333333333,2,2,TGCTAGGGTAGTAACGGATA,0,4596832
ybaY_predicted,0.3333333333333333,2,2,TGCTAATACGTTGTCATTTT,0,4597822
ybaY_predicted,0.3333333333333333,2,2,TGCTAAGGGCAGGCCCCCCT,0,4562129
ybaY_predicted,0.3333333333333333,2,2,TGCTAAAGCTCCCATGGATG,0,4574679
ybaY_predicted,0.3333333333333333,2,2,TGCGGTTGGGACACGAGAAC,0,4545642
ybaY_predicted,0.3333333333333333,2,2,TGCGGGGCAATTGCTGGTAC,0,4556661
ybaY_predicted,0.3333333333333333,2,2,TGCGCTTGACCCCTCGCTTA,0,4556223
ybaY_predicted,0.3333333333333333,2,2,TGCGAACATTGCGAAGACAC,0,4563942
ybaY_predicted,0.3333333333333333,2,2,TGCCTACAACGCCACGAACT,0,4557441
ybaY_predicted,0.3333333333333333,2,2,TGCCGTGTAGCCTAAACCTG,0,4573313
ybaY_predicted,0.3333333333333333,2,2,TGCCGCGAGGCCATGTTTAA,0,4581439
ybaY_predicted,0.3333333333333333,2,2,TGCCCTTATCGTGAACAATA,0,4552058
ybaY_predicted,0.3333333333333333,2,2,TGCCCCTCCTATATTTACAT,0,4589861
ybaY_predicted,0.3333333333333333,2,2,TGCCCCGCTTATTGGTGGCC,0,4558994
ybaY_predicted,0.3333333333333333,2,2,TGCCCCCGGTATTGTTACGG,0,4562267
ybaY_predicted,0.3333333333333333,2,2,TGCCAAACGGTAATAAAGGT,0,4584603
ybaY_predicted,0.3333333333333333,2,2,TGCATATATCTACTGATTCT,0,4575962
ybaY_predicted,0.3333333333333333,2,2,TGCAGATCTCGGGAAACGGG,0,4572729
ybaY_predicted,0.3333333333333333,2,2,TGCACTACCAGCCGGACTTG,0,4591118
ybaY_predicted,0.3333333333333333,2,2,TGCAAGAAGTGGTCGTAGAC,0,4583304
ybaY_predicted,0.3333333333333333,2,2,TGATTTACAGTTTCTACTTA,0,4595495
ybaY_predicted,0.3333333333333333,2,2,TGATTGTTTAGAGCTGTCAC,0,4577263
ybaY_predicted,0.3333333333333333,2,2,TGATTCATGCGTGGCTAGTA,0,4599186
ybaY_predicted,0.3333333333333333,2,2,TGATGTGGCGCATAGTGATT,0,4570651
ybaY_predicted,0.3333333333333333,2,2,TGATGTCGGCTAGCAAAAGG,0,4578841
ybaY_predicted,0.3333333333333333,2,2,TGATATGTGGACAACTTGAT,0,4560043
ybaY_predicted,0.3333333333333333,2,2,TGATATACGCCTGATGTGCC,0,4564410
ybaY_predicted,0.3333333333333333,2,2,TGATAGAATCACGCATAATG,0,4565757
ybaY_predicted,0.3333333333333333,2,2,TGAGTGTCTGCTGATCAATT,0,4585650
ybaY_predicted,0.3333333333333333,2,2,TGAGTCTCTCAGACAACATC,0,4564080
ybaY_predicted,0.3333333333333333,2,2,TGAGGGCAGTTGGTCTGAAG,0,4595294
ybaY_predicted,0.3333333333333333,2,2,TGAGGATAAGCTGTTTCCGT,0,4544735
ybaY_predicted,0.3333333333333333,2,2,TGAGGACCGTAATAGTCGTT,0,4563448
ybaY_predicted,0.3333333333333333,2,2,TGAGCGTGTAAGCCGCCAGC,0,4575210
ybaY_predicted,0.3333333333333333,2,2,TGACTTTTGGGGGTGGCACT,0,4570447
ybaY_predicted,0.3333333333333333,2,2,TGACGCTTACCAGAAATAGT,0,4598158
ybaY_predicted,0.3333333333333333,2,2,TGACCTGGGTCCGTGTCCAT,0,4587177
ybaY_predicted,0.3333333333333333,2,2,TGACCACGGTAGGGACAAGT,0,4575255
ybaY_predicted,0.3333333333333333,2,2,TGAATTGGGACGTTTATCCT,0,4592446
ybaY_predicted,0.3333333333333333,2,2,TGAAGACACGTAGAAGGCAT,0,4586865
ybaY_predicted,0.3333333333333333,2,2,TGAACTGAAAAGTACTGGTT,0,4564824
ybaY_predicted,0.3333333333333333,2,2,TGAACATATGTGCACTTCCG,0,4571102
ybaY_predicted,0.3333333333333333,2,2,TCTTTCAGCGTTTTCGTAAG,0,4562428
ybaY_predicted,0.3333333333333333,2,2,TCTTGTCTCCGAACCAAGAA,0,4577864
ybaY_predicted,0.3333333333333333,2,2,TCTTCCGTCAATATCGTGTG,0,4569803
ybaY_predicted,0.3333333333333333,2,2,TCTTCAGTTACTAATTGTTA,0,4551064
ybaY_predicted,0.3333333333333333,2,2,TCTGTCCTGGGAGGGGGGTC,0,4568948
ybaY_predicted,0.3333333333333333,2,2,TCTGGTAGAGCAGATAACAG,0,4564909
ybaY_predicted,0.3333333333333333,2,2,TCTGGTACTAACATTAGTGA,0,4572126
ybaY_predicted,0.3333333333333333,2,2,TCTGGCTTGCGATATGAAGA,0,4575084
ybaY_predicted,0.3333333333333333,2,2,TCTGCTCAAATGATGGCGCT,0,4544641
ybaY_predicted,0.3333333333333333,2,2,TCTGATTGGCCTACGTGGTC,0,4587496
ybaY_predicted,0.3333333333333333,2,2,TCTGACCCCTAAAGTTGACG,0,4562116
ybaY_predicted,0.3333333333333333,2,2,TCTCGATAACCACTTGGCAG,0,4558304
ybaY_predicted,0.3333333333333333,2,2,TCTCCGACTAGACATAGCCG,0,4574555
ybaY_predicted,0.3333333333333333,2,2,TCTCACCCAAGGTTTCAATG,0,4559789
ybaY_predicted,0.3333333333333333,2,2,TCTATTGCCTGCCAACTGCT,0,4563278
ybaY_predicted,0.3333333333333333,2,2,TCTATGTGGTATGATCCGGA,0,4571142
ybaY_predicted,0.3333333333333333,2,2,TCTATGGCAAGGTGCAGGGG,0,4559082
ybaY_predicted,0.3333333333333333,2,2,TCTACTTTAGAGAACTCGAG,0,4571941
ybaY_predicted,0.3333333333333333,2,2,TCGTTTGCTAACGAATTCGC,0,4581232
ybaY_predicted,0.3333333333333333,2,2,TCGTTGCGCATGACCGCGCG,0,4557559
ybaY_predicted,0.3333333333333333,2,2,TCGTTCCACGCCGCTATAAA,0,4551068
ybaY_predicted,0.3333333333333333,2,2,TCGTCGCTGGAGAATAAGGC,0,4581188
ybaY_predicted,0.3333333333333333,2,2,TCGTCATACGACATTTAATA,0,4557873
ybaY_predicted,0.3333333333333333,2,2,TCGTCACCTAGATACTGGCG,0,4575459
ybaY_predicted,0.3333333333333333,2,2,TCGTACCTCGCGAGGCGGGG,0,4589090
ybaY_predicted,0.3333333333333333,2,2,TCGGGCCTTTACGGTAGACA,0,4568164
ybaY_predicted,0.3333333333333333,2,2,TCGGCCCGCGTCAGGAGGAG,0,4564682
ybaY_predicted,0.3333333333333333,2,2,TCGCGAACGGCTAAGTAAGC,0,4582920
ybaY_predicted,0.3333333333333333,2,2,TCGCCTTCGGTGAATGTCCG,0,4552253
ybaY_predicted,0.3333333333333333,2,2,TCGCCAGCAAGGTATGATCT,0,4547964
ybaY_predicted,0.3333333333333333,2,2,TCGCAAGCGCTCCAACCAGC,0,4561143
ybaY_predicted,0.3333333333333333,2,2,TCGATAAGTACACGCTTTAG,0,4587492
ybaY_predicted,0.3333333333333333,2,2,TCGAGTAGAAGGAAGGCCAT,0,4565770
ybaY_predicted,0.3333333333333333,2,2,TCGACTACCTACTAGGAGCT,0,4561476
ybaY_predicted,0.3333333333333333,2,2,TCGACTACATGGACAAGGCA,0,4593693
ybaY_predicted,0.3333333333333333,2,2,TCGAACAAGGTTGGCGGTCC,0,4586777
ybaY_predicted,0.3333333333333333,2,2,TCCTTCCTCTAGAAGATGGC,0,4592973
ybaY_predicted,0.3333333333333333,2,2,TCCTGCATTACAAGTCCAGG,0,4587819
ybaY_predicted,0.3333333333333333,2,2,TCCTGCATCAGTTAATAGCC,0,4557460
ybaY_predicted,0.3333333333333333,2,2,TCCTCGTCGTGGAAGGGTGT,0,4559384
ybaY_predicted,0.3333333333333333,2,2,TCCTCCGGTCAATTGGGTCT,0,4581358
ybaY_predicted,0.3333333333333333,2,2,TCCGTCTCTGGGGCACGGTC,0,4592795
ybaY_predicted,0.3333333333333333,2,2,TCCGTAGTCAAGTTCAAGAG,0,4555280
ybaY_predicted,0.3333333333333333,2,2,TCCGGGCTTCTCCCCGGTTT,0,4561635
ybaY_predicted,0.3333333333333333,2,2,TCCGGGCGCGGCCGAAGCGG,0,4596656
ybaY_predicted,0.3333333333333333,2,2,TCCGGCATCCGACATAGGGG,0,4556175
ybaY_predicted,0.3333333333333333,2,2,TCCGCGGGTCCTCGATAATA,0,4572861
ybaY_predicted,0.3333333333333333,2,2,TCCGATCCGGGAAATCTCCA,0,4578903
ybaY_predicted,0.3333333333333333,2,2,TCCCTGAAGGACTTCTCGTA,0,4599807
ybaY_predicted,0.3333333333333333,2,2,TCCCTCTACCGATCAAGCGT,0,4545968
ybaY_predicted,0.3333333333333333,2,2,TCCCTAACTGACAGAGTTAA,0,4578246
ybaY_predicted,0.3333333333333333,2,2,TCCCGGGGACTAAAATAGAC,0,4578698
ybaY_predicted,0.3333333333333333,2,2,TCCCGCCTGTGAAGAGAAAG,0,4580742
ybaY_predicted,0.3333333333333333,2,2,TCCCCATGTCACCTGGCCTC,0,4560538
ybaY_predicted,0.3333333333333333,2,2,TCCCAGCAACAGCATAACAG,0,4563775
ybaY_predicted,0.3333333333333333,2,2,TCCCAATATTGAGACGGGCG,0,4561517
ybaY_predicted,0.3333333333333333,2,2,TCCAGGACTGTATACATGTC,0,4555354
ybaY_predicted,0.3333333333333333,2,2,TCCACACGTGCACGTGGGAG,0,4564294
ybaY_predicted,0.3333333333333333,2,2,TCCAACGCGGGTCAGTTTAG,0,4575606
ybaY_predicted,0.3333333333333333,2,2,TCATTTTCAGTATTTGCCCT,0,4595315
ybaY_predicted,0.3333333333333333,2,2,TCATTGCGCATCGCAGTAAC,0,4599701
ybaY_predicted,0.3333333333333333,2,2,TCATTAAGAGTCGATCCGTA,0,4589616
ybaY_predicted,0.3333333333333333,2,2,TCATGCGATGATCGGACAAT,0,4570528
ybaY_predicted,0.3333333333333333,2,2,TCATCTTAATCCCACAAGGC,0,4563818
ybaY_predicted,0.3333333333333333,2,2,TCATCTCTGGAACGGCCGGT,0,4554263
ybaY_predicted,0.3333333333333333,2,2,TCATCGTAATACGGCCTAGT,0,4545417
ybaY_predicted,0.3333333333333333,2,2,TCATCAGTAGGGGTGAATCT,0,4595537
ybaY_predicted,0.3333333333333333,2,2,TCATCAGTACTGCGCCTGGA,0,4581614
ybaY_predicted,0.3333333333333333,2,2,TCATCAAAAAGTTGGGCGCA,0,4546867
ybaY_predicted,0.3333333333333333,2,2,TCATAGGAGCCGCCAGTCCT,0,4546781
ybaY_predicted,0.3333333333333333,2,2,TCATAAATATCGATGGTTGT,0,4547065
ybaY_predicted,0.3333333333333333,2,2,TCAGGTCTAGGTCGAAGGAG,0,4544660
ybaY_predicted,0.3333333333333333,2,2,TCAGCCCTACATATCAAGCA,0,4578326
ybaY_predicted,0.3333333333333333,2,2,TCAGATAACGGTGGGGTGTC,0,4591730
ybaY_predicted,0.3333333333333333,2,2,TCAGAAGTAAGCAGGGGACT,0,4593178
ybaY_predicted,0.3333333333333333,2,2,TCACTGAATGCAGAGCAATC,0,4549884
ybaY_predicted,0.3333333333333333,2,2,TCACGCACAGTACCACGTAT,0,4561003
ybaY_predicted,0.3333333333333333,2,2,TCACATCAGCTTGCCAGCGG,0,4559660
ybaY_predicted,0.3333333333333333,2,2,TCAATCTGCCCTTGCCGAGC,0,4572529
ybaY_predicted,0.3333333333333333,2,2,TCAATCCGAGGGCGCACGCA,0,4548015
ybaY_predicted,0.3333333333333333,2,2,TCAAGGGCATACGCCACCGG,0,4590831
ybaY_predicted,0.3333333333333333,2,2,TCAAGGACGCGCCATTCGCT,0,4596857
ybaY_predicted,0.3333333333333333,2,2,TCAAGGAACAAAAGCGGATA,0,4564919
ybaY_predicted,0.3333333333333333,2,2,TCAAGCCAAGTACATATGGG,0,4562202
ybaY_predicted,0.3333333333333333,2,2,TCAAACCGGTTCCCGTCTAG,0,4582328
ybaY_predicted,0.3333333333333333,2,2,TATTTTCCCGTCTGATACAG,0,4552813
ybaY_predicted,0.3333333333333333,2,2,TATTGCGCCAGAAGTAGCAT,0,4587787
ybaY_predicted,0.3333333333333333,2,2,TATGTTGTCGAGCTGAGATG,0,4552405
ybaY_predicted,0.3333333333333333,2,2,TATGTGATCTACCGCATATT,0,4547448
ybaY_predicted,0.3333333333333333,2,2,TATGTCGGAAGGAGAGCTGA,0,4544332
ybaY_predicted,0.3333333333333333,2,2,TATGGCGAGACGTACCAGGT,0,4572511
ybaY_predicted,0.3333333333333333,2,2,TATGGAGTCGGGTCTGAATG,0,4566050
ybaY_predicted,0.3333333333333333,2,2,TATGCCTCCATGATTTTCTT,0,4573573
ybaY_predicted,0.3333333333333333,2,2,TATGACCAGATGGGAGGACA,0,4585590
ybaY_predicted,0.3333333333333333,2,2,TATCGGTGATTTTGCTTGTT,0,4579879
ybaY_predicted,0.3333333333333333,2,2,TATCGACAGTGACTAATCGG,0,4581617
ybaY_predicted,0.3333333333333333,2,2,TATCAATCTTCACCCAACTT,0,4553058
ybaY_predicted,0.3333333333333333,2,2,TATATTTATGTGTTTAACGT,0,4569587
ybaY_predicted,0.3333333333333333,2,2,TATATCGGTACCGGTATTCC,0,4564131
ybaY_predicted,0.3333333333333333,2,2,TATAGCTCAGGGACGGTCCG,0,4558852
ybaY_predicted,0.3333333333333333,2,2,TATACTTCACGCAACAGGTA,0,4553481
ybaY_predicted,0.3333333333333333,2,2,TATACCACACGGCGATTCCT,0,4544784
ybaY_predicted,0.3333333333333333,2,2,TATAAATAAGGCAATTTCTA,0,4593137
ybaY_predicted,0.3333333333333333,2,2,TAGGGGTGCTTTTTTCATGA,0,4571274
ybaY_predicted,0.3333333333333333,2,2,TAGGCCGCTGTGGACAAATG,0,4553899
ybaY_predicted,0.3333333333333333,2,2,TAGGCCAAGAATCTAACATG,0,4562695
ybaY_predicted,0.3333333333333333,2,2,TAGGAGTGGATGTCTTATGA,0,4555720
ybaY_predicted,0.3333333333333333,2,2,TAGCGCGGTATGTTTACCGT,0,4549842
ybaY_predicted,0.3333333333333333,2,2,TAGCATTCACTTATGCCATT,0,4557901
ybaY_predicted,0.3333333333333333,2,2,TAGCAGTTGTAGCACCGCCT,0,4547703
ybaY_predicted,0.3333333333333333,2,2,TAGATTTGGCTTTATTGTCT,0,4561258
ybaY_predicted,0.3333333333333333,2,2,TAGAGGGGACCACTCTCAGA,0,4544475
ybaY_predicted,0.3333333333333333,2,2,TAGACTCGCAGCCCTCAAGA,0,4551771
ybaY_predicted,0.3333333333333333,2,2,TAGACGTGGAGTGGAAGCCA,0,4547671
ybaY_predicted,0.3333333333333333,2,2,TAGAAGAGCGACGCGTCCAT,0,4590135
ybaY_predicted,0.3333333333333333,2,2,TAGAAAAGCCTGACCCGATG,0,4587701
ybaY_predicted,0.3333333333333333,2,2,TACTTTAAGGGAGGTAGTCG,0,4600213
ybaY_predicted,0.3333333333333333,2,2,TACTGTGCCGTGTCTTCAGG,0,4595699
ybaY_predicted,0.3333333333333333,2,2,TACTGGCCTGGCGTCACCCT,0,4547934
ybaY_predicted,0.3333333333333333,2,2,TACGGGGTTCTTAGGGACTT,0,4577355
ybaY_predicted,0.3333333333333333,2,2,TACGGCATGGAGCGTACTTT,0,4589127
ybaY_predicted,0.3333333333333333,2,2,TACGACGCGTGTGATAGGTC,0,4581832
ybaY_predicted,0.3333333333333333,2,2,TACGAAAGGCAGCAAGCGAA,0,4544998
ybaY_predicted,0.3333333333333333,2,2,TACCGCCCTGGTATTCGGAA,0,4550359
ybaY_predicted,0.3333333333333333,2,2,TACATTAGTTCTGGCGACCC,0,4557524
ybaY_predicted,0.3333333333333333,2,2,TACAGCGCGTCTGACCCACT,0,4595993
ybaY_predicted,0.3333333333333333,2,2,TACACGATTGTCCCGATTGG,0,4563441
ybaY_predicted,0.3333333333333333,2,2,TAATCTTGAGTGACTACCGA,0,4587465
ybaY_predicted,0.3333333333333333,2,2,TAATCATAAGACACCATGGC,0,4548587
ybaY_predicted,0.3333333333333333,2,2,TAATAAAGTATGAGCTCGAC,0,4548254
ybaY_predicted,0.3333333333333333,2,2,TAAGTGGGTATCAGAATCGG,0,4577653
ybaY_predicted,0.3333333333333333,2,2,TAAGGTCTCACTGCCGGACA,0,4560161
ybaY_predicted,0.3333333333333333,2,2,TAAGCCAACATAATTTAGTG,0,4569301
ybaY_predicted,0.3333333333333333,2,2,TAACGTTAAGATGACACAAA,0,4573185
ybaY_predicted,0.3333333333333333,2,2,TAACGGGCACCCACGTGAGT,0,4553612
ybaY_predicted,0.3333333333333333,2,2,TAACCAGCCCGTGGTTCTAA,0,4597234
ybaY_predicted,0.3333333333333333,2,2,TAACACTGTATTTGGTGCCA,0,4558246
ybaY_predicted,0.3333333333333333,2,2,TAAATCGCCGAGCGTTACTG,0,4573342
ybaY_predicted,0.3333333333333333,2,2,TAAAGGGAGCCTCGAGGCTG,0,4550878
ybaY_predicted,0.3333333333333333,2,2,TAAACGGCACAAAGTTCTTT,0,4573370
ybaY_predicted,0.3333333333333333,2,2,TAAACACGCGCAGCCCTCGC,0,4554380
ybaY_predicted,0.3333333333333333,2,2,GTTTTTCACGTCCCGTGTTC,0,4595594
ybaY_predicted,0.3333333333333333,2,2,GTTTTCTCACCACCCAAACA,0,4591057
ybaY_predicted,0.3333333333333333,2,2,GTTTTAACCCTTAAATACAG,0,4558385
ybaY_predicted,0.3333333333333333,2,2,GTTTCGGTCAAGTTCAGGGG,0,4600732
ybaY_predicted,0.3333333333333333,2,2,GTTTCCCAATAGTTGAGGAG,0,4583808
ybaY_predicted,0.3333333333333333,2,2,GTTTCAACGCGACTGAGTGA,0,4545606
ybaY_predicted,0.3333333333333333,2,2,GTTGTGCATCGCTCTTAGCG,0,4557945
ybaY_predicted,0.3333333333333333,2,2,GTTGGTGTCTAGCTAGAAGA,0,4564646
ybaY_predicted,0.3333333333333333,2,2,GTTGGGACCAAAGATGGGCC,0,4546523
ybaY_predicted,0.3333333333333333,2,2,GTTGGAGTAAGCGTCGCCGG,0,4568699
ybaY_predicted,0.3333333333333333,2,2,GTTGAAAATGCTGGACTTGC,0,4580721
ybaY_predicted,0.3333333333333333,2,2,GTTCGCAGCTGTTATCGACC,0,4592259
ybaY_predicted,0.3333333333333333,2,2,GTTCCTCTTTGGATACGGGA,0,4570361
ybaY_predicted,0.3333333333333333,2,2,GTTCACCGATTCTGGATAGA,0,4592612
ybaY_predicted,0.3333333333333333,2,2,GTTCAACACGTAGCTAGGGT,0,4565712
ybaY_predicted,0.3333333333333333,2,2,GTTATCCCGGGGCGGTAAAC,0,4544803
ybaY_predicted,0.3333333333333333,2,2,GTTATCACTTCTGCGCGCGG,0,4570378
ybaY_predicted,0.3333333333333333,2,2,GTTACTCGAGATACTTATCA,0,4566523
ybaY_predicted,0.3333333333333333,2,2,GTTACCGTGCGGTCAGATCC,0,4582485
ybaY_predicted,0.3333333333333333,2,2,GTTACCAGAAACGATCCCTC,0,4599579
ybaY_predicted,0.3333333333333333,2,2,GTTACAGTGGGAGCAGATTT,0,4545029
ybaY_predicted,0.3333333333333333,2,2,GTGTTGACGAATGTTGTCTG,0,4549806
ybaY_predicted,0.3333333333333333,2,2,GTGTTCTTTTGCTGGCATTC,0,4565035
ybaY_predicted,0.3333333333333333,2,2,GTGTTCTTGTATTTAGTTGG,0,4585252
ybaY_predicted,0.3333333333333333,2,2,GTGTGCGTATTAAGTCATCA,0,4572966
ybaY_predicted,0.3333333333333333,2,2,GTGTGATTACTCTCGTAAGT,0,4568788
ybaY_predicted,0.3333333333333333,2,2,GTGTAACAACTTCCATCGTT,0,4600241
ybaY_predicted,0.3333333333333333,2,2,GTGGTTTGACTTTCGTGCTA,0,4583708
ybaY_predicted,0.3333333333333333,2,2,GTGGGTTCGTGTGTGGAAAC,0,4576452
ybaY_predicted,0.3333333333333333,2,2,GTGGGTAGTACACCGCCCAT,0,4595687
ybaY_predicted,0.3333333333333333,2,2,GTGGGATTCTGAAAATTCTG,0,4598236
ybaY_predicted,0.3333333333333333,2,2,GTGGCGCTTGTCCGGACCTC,0,4598019
ybaY_predicted,0.3333333333333333,2,2,GTGGCGCACCTTGACCCGCT,0,4598329
ybaY_predicted,0.3333333333333333,2,2,GTGGCATGTTACACGAAAGT,0,4596207
ybaY_predicted,0.3333333333333333,2,2,GTGGAGGCAGGTATTGCTTA,0,4574391
ybaY_predicted,0.3333333333333333,2,2,GTGGACTACTCGTATCGATG,0,4582741
ybaY_predicted,0.3333333333333333,2,2,GTGGAACAGCTCGCCCTGCA,0,4588654
ybaY_predicted,0.3333333333333333,2,2,GTGCTGCTTTTCGACCCGTA,0,4576238
ybaY_predicted,0.3333333333333333,2,2,GTGCTGCATACAGTCGTACG,0,4588801
ybaY_predicted,0.3333333333333333,2,2,GTGCTAACGATACTGCTCCC,0,4554161
ybaY_predicted,0.3333333333333333,2,2,GTGCGTTGTCAACAAGGGCA,0,4557414
ybaY_predicted,0.3333333333333333,2,2,GTGCCTCTCAAATGACACTT,0,4553442
ybaY_predicted,0.3333333333333333,2,2,GTGCCCATTCTAGGTGCCTC,0,4566673
ybaY_predicted,0.3333333333333333,2,2,GTGCCACACATCGTCGTACG,0,4595712
ybaY_predicted,0.3333333333333333,2,2,GTGCATGCCTTGCACCAGGG,0,4559754
ybaY_predicted,0.3333333333333333,2,2,GTGCATCTTCCATTCGTCTC,0,4600303
ybaY_predicted,0.3333333333333333,2,2,GTGCAGTACGGGTCGTGTTG,0,4573964
ybaY_predicted,0.3333333333333333,2,2,GTGCAGCCTTTCGCCCCAGG,0,4578986
ybaY_predicted,0.3333333333333333,2,2,GTGCACTCGCAGGCCACCAT,0,4593098
ybaY_predicted,0.3333333333333333,2,2,GTGCACGCTCCTTAACCGGA,0,4574198
ybaY_predicted,0.3333333333333333,2,2,GTGCACCGTCGTAACTTTAC,0,4563827
ybaY_predicted,0.3333333333333333,2,2,GTGCAAGCGCTGCCTATTTC,0,4560184
ybaY_predicted,0.3333333333333333,2,2,GTGATCTCAACCTAGCCACA,0,4588200
ybaY_predicted,0.3333333333333333,2,2,GTGAGTAATCCTTAGACTGA,0,4583805
ybaY_predicted,0.3333333333333333,2,2,GTGAGGTTCGATTAATGGCG,0,4572392
ybaY_predicted,0.3333333333333333,2,2,GTGAGCGGGTCGGCACGGCT,0,4546184
ybaY_predicted,0.3333333333333333,2,2,GTGAGAGCTTGGACGTCCGT,0,4557010
ybaY_predicted,0.3333333333333333,2,2,GTGAGACGTGCAGCAGTTTC,0,4578420
ybaY_predicted,0.3333333333333333,2,2,GTGACCGCGATGCGATATGG,0,4548945
ybaY_predicted,0.3333333333333333,2,2,GTGACAAACAGCGACACACC,0,4556179
ybaY_predicted,0.3333333333333333,2,2,GTGAAAATTGTTGTGTTCAT,0,4592066
ybaY_predicted,0.3333333333333333,2,2,GTCTTGCCTGACCGCTACGT,0,4551462
ybaY_predicted,0.3333333333333333,2,2,GTCTTCCGGACGGAATCACA,0,4579764
ybaY_predicted,0.3333333333333333,2,2,GTCTCTAGATGTATACCGTT,0,4580241
ybaY_predicted,0.3333333333333333,2,2,GTCTATGCGCGGGTAGATTC,0,4585480
ybaY_predicted,0.3333333333333333,2,2,GTCTAGCATTCCAGTGGAAA,0,4585174
ybaY_predicted,0.3333333333333333,2,2,GTCTAATTGTATAGCCCACC,0,4594751
ybaY_predicted,0.3333333333333333,2,2,GTCGGTTAGTGCCATAGGGG,0,4560492
ybaY_predicted,0.3333333333333333,2,2,GTCGGATGTTCGTCCAGGAT,0,4585549
ybaY_predicted,0.3333333333333333,2,2,GTCGGAACGGAGCGCTTTGG,0,4559352
ybaY_predicted,0.3333333333333333,2,2,GTCGCGTCTGCGTAATCGGT,0,4547460
ybaY_predicted,0.3333333333333333,2,2,GTCGCGCGTCAACCCGTCTG,0,4578863
ybaY_predicted,0.3333333333333333,2,2,GTCGCAGACCGTCGGAAGAG,0,4600374
ybaY_predicted,0.3333333333333333,2,2,GTCGAGCTAGTGCCATCATA,0,4582285
ybaY_predicted,0.3333333333333333,2,2,GTCCCGGGCCGTAGGTTGTG,0,4569983
ybaY_predicted,0.3333333333333333,2,2,GTCCCGCGAGCATAACCCGT,0,4590003
ybaY_predicted,0.3333333333333333,2,2,GTCATAGGGCGTGCGCAGAT,0,4563500
ybaY_predicted,0.3333333333333333,2,2,GTCATAAGGCGTTTGTAATT,0,4550712
ybaY_predicted,0.3333333333333333,2,2,GTCAGGGTGCCCCGCCCACA,0,4581794
ybaY_predicted,0.3333333333333333,2,2,GTCACCACTCACCCGGTAGG,0,4565580
ybaY_predicted,0.3333333333333333,2,2,GTCAATTGTGAGGTTTTTCT,0,4580630
ybaY_predicted,0.3333333333333333,2,2,GTCAATTGATCGCGCTCCTT,0,4566651
ybaY_predicted,0.3333333333333333,2,2,GTCAATCTTGGATTCCGCAG,0,4554417
ybaY_predicted,0.3333333333333333,2,2,GTCAAAATCAGCTTCGAGTC,0,4554051
ybaY_predicted,0.3333333333333333,2,2,GTATTTGTCCTCCTGTACGA,0,4581728
ybaY_predicted,0.3333333333333333,2,2,GTATGGACATCGATATCAGC,0,4576053
ybaY_predicted,0.3333333333333333,2,2,GTATGCCTGTGGATTGAGTG,0,4544554
ybaY_predicted,0.3333333333333333,2,2,GTATGAAGGCAAGCAGCCTC,0,4600184
ybaY_predicted,0.3333333333333333,2,2,GTATAAGAGTGGGTAACTCT,0,4584755
ybaY_predicted,0.3333333333333333,2,2,GTATAAAAGGGACGCCTGTA,0,4589858
ybaY_predicted,0.3333333333333333,2,2,GTAGGACACGCTTTGCGTAA,0,4571818
ybaY_predicted,0.3333333333333333,2,2,GTAGCCTAGATAGAAATACC,0,4599651
ybaY_predicted,0.3333333333333333,2,2,GTAGCCGGTTTCTCCGTTAT,0,4583224
ybaY_predicted,0.3333333333333333,2,2,GTACTACGACCCCAGATGGA,0,4597621
ybaY_predicted,0.3333333333333333,2,2,GTACGGCCCGTCAGGAATTG,0,4568104
ybaY_predicted,0.3333333333333333,2,2,GTACATTTCACAACACCTAA,0,4588636
ybaY_predicted,0.3333333333333333,2,2,GTACAACGCTTCGAGCCACA,0,4588164
ybaY_predicted,0.3333333333333333,2,2,GTAATCCGAGACCAAGGGTG,0,4598794
ybaY_predicted,0.3333333333333333,2,2,GTAACGTATAGTAGTTTCGC,0,4547190
ybaY_predicted,0.3333333333333333,2,2,GTAACGAGTGAAGGTCGGCT,0,4583488
ybaY_predicted,0.3333333333333333,2,2,GGTTTTGTAAGCTGCCTGTA,0,4556217
ybaY_predicted,0.3333333333333333,2,2,GGTTTTGAAAGCGCGGAAGC,0,4591837
ybaY_predicted,0.3333333333333333,2,2,GGTTTGACGAAATGTGAACT,0,4547283
ybaY_predicted,0.3333333333333333,2,2,GGTTCGGGTGAGTGGTCAAA,0,4554758
ybaY_predicted,0.3333333333333333,2,2,GGTTATGAGGCCTATTCTTA,0,4556062
ybaY_predicted,0.3333333333333333,2,2,GGTTATCGGCACGTGGCGGG,0,4562193
ybaY_predicted,0.3333333333333333,2,2,GGTTAAGGGTGACCCGTCGT,0,4556499
ybaY_predicted,0.3333333333333333,2,2,GGTGTTGGAATGAAGCTGTT,0,4575438
ybaY_predicted,0.3333333333333333,2,2,GGTGTGTAGCAGCTCGTCCC,0,4589965
ybaY_predicted,0.3333333333333333,2,2,GGTGTAAGGTGTCCGGATCG,0,4579137
ybaY_predicted,0.3333333333333333,2,2,GGTGTAAGGGCGTTTAGGTT,0,4571112
ybaY_predicted,0.3333333333333333,2,2,GGTGGTGCGGGTAGGAACAG,0,4589073
ybaY_predicted,0.3333333333333333,2,2,GGTGATAAAGTAACGGAACA,0,4578461
ybaY_predicted,0.3333333333333333,2,2,GGTCTAGATTATCAACGCAT,0,4596789
ybaY_predicted,0.3333333333333333,2,2,GGTCGGGATCATTGATTCTC,0,4577899
ybaY_predicted,0.3333333333333333,2,2,GGTCATTCCTCTTATTCTTT,0,4562823
ybaY_predicted,0.3333333333333333,2,2,GGTATAGATGGGGGAAGATT,0,4550869
ybaY_predicted,0.3333333333333333,2,2,GGTAGTAATACGTAGCGAAC,0,4575717
ybaY_predicted,0.3333333333333333,2,2,GGTAGCCTAGCGGGACGTCA,0,4575064
ybaY_predicted,0.3333333333333333,2,2,GGTACAACGTGCTTGACCTA,0,4600166
ybaY_predicted,0.3333333333333333,2,2,GGTAATTGTGTGGTGCAGCG,0,4547432
ybaY_predicted,0.3333333333333333,2,2,GGTAACCTTGAATTGGAGGC,0,4549091
ybaY_predicted,0.3333333333333333,2,2,GGTAACAGTGAGCAGCTCCT,0,4579706
ybaY_predicted,0.3333333333333333,2,2,GGGTTGACGACTGATTTTGA,0,4546410
ybaY_predicted,0.3333333333333333,2,2,GGGTTACACGCCTTTCTCTC,0,4575986
ybaY_predicted,0.3333333333333333,2,2,GGGTCGTGTTGGTATTTGCC,0,4553222
ybaY_predicted,0.3333333333333333,2,2,GGGTCCTGGTTAAATTTGAT,0,4577645
ybaY_predicted,0.3333333333333333,2,2,GGGTATTTGGTTGGTAGGTC,0,4595724
ybaY_predicted,0.3333333333333333,2,2,GGGTAGTCAATCGCCGGCCT,0,4550412
ybaY_predicted,0.3333333333333333,2,2,GGGTAGGGTGCTTCCGGGCG,0,4555869
ybaY_predicted,0.3333333333333333,2,2,GGGGTTGTAGGAGGGAGGAT,0,4574255
ybaY_predicted,0.3333333333333333,2,2,GGGGTTCCCTTATGAAAAGC,0,4575570
ybaY_predicted,0.3333333333333333,2,2,GGGGTATAAAACGACCTGTG,0,4559375
ybaY_predicted,0.3333333333333333,2,2,GGGGTACTGCCACTGCCGCG,0,4592130
ybaY_predicted,0.3333333333333333,2,2,GGGGGCTGTCACAAGGCCTA,0,4566273
ybaY_predicted,0.3333333333333333,2,2,GGGGATTACAGGCGCGCATC,0,4558663
ybaY_predicted,0.3333333333333333,2,2,GGGGAGCTCTGGCCATCTGA,0,4552667
ybaY_predicted,0.3333333333333333,2,2,GGGGACGCGTATTCATTTTG,0,4564825
ybaY_predicted,0.3333333333333333,2,2,GGGGACCTTAATCTGCCAAG,0,4585714
ybaY_predicted,0.3333333333333333,2,2,GGGCTGCGTCTACAGATATC,0,4556535
ybaY_predicted,0.3333333333333333,2,2,GGGCGTTCATATGGGCGAAC,0,4549449
ybaY_predicted,0.3333333333333333,2,2,GGGCGTACCGATTGTATGTA,0,4588560
ybaY_predicted,0.3333333333333333,2,2,GGGCGGCGTAACCGATATTT,0,4574865
ybaY_predicted,0.3333333333333333,2,2,GGGCCATACAGAGTTAAGCT,0,4569785
ybaY_predicted,0.3333333333333333,2,2,GGGCAACTAACCCGACTGCT,0,4588063
ybaY_predicted,0.3333333333333333,2,2,GGGATGTGAGCTAACATCGG,0,4599198
ybaY_predicted,0.3333333333333333,2,2,GGGATGGATGGGATAAGTTG,0,4573839
ybaY_predicted,0.3333333333333333,2,2,GGGATATACTCAGCGGTGGT,0,4575214
ybaY_predicted,0.3333333333333333,2,2,GGGATACGCCTTGGGGTTCA,0,4550786
ybaY_predicted,0.3333333333333333,2,2,GGGATAAGGCTTTGATAATA,0,4558329
ybaY_predicted,0.3333333333333333,2,2,GGGAGTATAGATTTTCCCCT,0,4596442
ybaY_predicted,0.3333333333333333,2,2,GGGAGCGAGATGTCACAGGT,0,4544861
ybaY_predicted,0.3333333333333333,2,2,GGGACAACGACTTCGGGTTA,0,4576524
ybaY_predicted,0.3333333333333333,2,2,GGGAATTTGAGGTACCGAAT,0,4582014
ybaY_predicted,0.3333333333333333,2,2,GGGAACTCCGAGCTTCGTGC,0,4556418
ybaY_predicted,0.3333333333333333,2,2,GGGAACGCGTGACTGTAACG,0,4592644
ybaY_predicted,0.3333333333333333,2,2,GGGAACCCCTAAAGGTATTT,0,4597460
ybaY_predicted,0.3333333333333333,2,2,GGCTTTCGACGGTTTAGGAA,0,4567877
ybaY_predicted,0.3333333333333333,2,2,GGCTTATTTTGACGGTCATC,0,4561812
ybaY_predicted,0.3333333333333333,2,2,GGCTGTCGCAGCACCACTGG,0,4571223
ybaY_predicted,0.3333333333333333,2,2,GGCTGCCGGCCGACATCTTC,0,4556916
ybaY_predicted,0.3333333333333333,2,2,GGCTCACTGAGTTGGGAGTA,0,4586633
ybaY_predicted,0.3333333333333333,2,2,GGCTAGGACTACTAAAGTTA,0,4587398
ybaY_predicted,0.3333333333333333,2,2,GGCGTGGGAGTTGCGTGTCA,0,4565300
ybaY_predicted,0.3333333333333333,2,2,GGCGTCTTATGGAAGACAAA,0,4571460
ybaY_predicted,0.3333333333333333,2,2,GGCGGGCGCGGGTCAGGTTG,0,4581780
ybaY_predicted,0.3333333333333333,2,2,GGCGCTGGCGTACTCTCGTA,0,4578112
ybaY_predicted,0.3333333333333333,2,2,GGCGCATCGCGGGTGCCGAA,0,4594144
ybaY_predicted,0.3333333333333333,2,2,GGCGCAGGTCTAGCGCTGCA,0,4559348
ybaY_predicted,0.3333333333333333,2,2,GGCGAGTTGGCTCCAGGCCA,0,4569635
ybaY_predicted,0.3333333333333333,2,2,GGCCTTCTCTATGGAGCAAA,0,4576970
ybaY_predicted,0.3333333333333333,2,2,GGCCGCTTTGGAAGTTGGAC,0,4559860
ybaY_predicted,0.3333333333333333,2,2,GGCCGCGCATGCTGTGTAAT,0,4595864
ybaY_predicted,0.3333333333333333,2,2,GGCCGCCTACTAATCGACAA,0,4599209
ybaY_predicted,0.3333333333333333,2,2,GGCATTGAGTTTTTCCCGTC,0,4550789
ybaY_predicted,0.3333333333333333,2,2,GGCAGACGTAGGGCGTAAGC,0,4592791
ybaY_predicted,0.3333333333333333,2,2,GGCAAGGTTGCCGACTAATA,0,4580381
ybaY_predicted,0.3333333333333333,2,2,GGCAACGGGTCGAAGTAGTG,0,4546474
ybaY_predicted,0.3333333333333333,2,2,GGCAACGGGGTAGGCCATAA,0,4574359
ybaY_predicted,0.3333333333333333,2,2,GGCAAAGTTCAACGGGGTCC,0,4578516
ybaY_predicted,0.3333333333333333,2,2,GGATTACTGCGATACGACTC,0,4547013
ybaY_predicted,0.3333333333333333,2,2,GGATGTTCACCAAGCATACC,0,4581224
ybaY_predicted,0.3333333333333333,2,2,GGATGTCGAAGGGCTCCTAC,0,4576534
ybaY_predicted,0.3333333333333333,2,2,GGATGGTACACGCATGGGAA,0,4568824
ybaY_predicted,0.3333333333333333,2,2,GGATCTGGGCGGGATGAGCT,0,4566367
ybaY_predicted,0.3333333333333333,2,2,GGATATCTGCTAGCACCCAC,0,4590838
ybaY_predicted,0.3333333333333333,2,2,GGATAGGAATAAATTGTATA,0,4585167
ybaY_predicted,0.3333333333333333,2,2,GGATAATTTAATGAACGGCG,0,4579554
ybaY_predicted,0.3333333333333333,2,2,GGAGTCTACAGTTTATGCGT,0,4580921
ybaY_predicted,0.3333333333333333,2,2,GGAGGACTTGTGGCAGGTCT,0,4549739
ybaY_predicted,0.3333333333333333,2,2,GGAGAGACAGGGCGCGGCTT,0,4559573
ybaY_predicted,0.3333333333333333,2,2,GGACTGGTGCGCTACTACGG,0,4558379
ybaY_predicted,0.3333333333333333,2,2,GGACGATCGGCTTCGAGGCA,0,4584208
ybaY_predicted,0.3333333333333333,2,2,GGACGACCGAGCTTCGCGGG,0,4561874
ybaY_predicted,0.3333333333333333,2,2,GGACCAACAATGACGAGCCG,0,4554126
ybaY_predicted,0.3333333333333333,2,2,GGACAGGCGCTATCGGGTAA,0,4594696
ybaY_predicted,0.3333333333333333,2,2,GGACACTAATCCTGCTCTGA,0,4550591
ybaY_predicted,0.3333333333333333,2,2,GGACACACCGGTTGAACCAA,0,4596406
ybaY_predicted,0.3333333333333333,2,2,GGAAGCGATCGATGCACGCC,0,4581027
ybaY_predicted,0.3333333333333333,2,2,GGAACTCTAATTGATCTCGT,0,4557374
ybaY_predicted,0.3333333333333333,2,2,GGAACATCTTATCAGACATG,0,4588091
ybaY_predicted,0.3333333333333333,2,2,GGAACACGTGCCACGAGATG,0,4595684
ybaY_predicted,0.3333333333333333,2,2,GCTTGGCTTTCCATCCCGGA,0,4596701
ybaY_predicted,0.3333333333333333,2,2,GCTTCTAGAGCTGTGACACA,0,4574711
ybaY_predicted,0.3333333333333333,2,2,GCTTCATCTCACTCTGTGAG,0,4558712
ybaY_predicted,0.3333333333333333,2,2,GCTTAACGGTAGAGTTTCCG,0,4553248
ybaY_predicted,0.3333333333333333,2,2,GCTGGGTGTCCCGTCGGCCA,0,4584780
ybaY_predicted,0.3333333333333333,2,2,GCTGCTTTCCGTATGATATT,0,4562326
ybaY_predicted,0.3333333333333333,2,2,GCTGACCACCAAGTCAATTA,0,4551941
ybaY_predicted,0.3333333333333333,2,2,GCTCACACAGAATTGGTCCA,0,4600587
ybaY_predicted,0.3333333333333333,2,2,GCTATCTTTCTGCTGAATCT,0,4545999
ybaY_predicted,0.3333333333333333,2,2,GCTATATGCATCCAGGTATC,0,4595179
ybaY_predicted,0.3333333333333333,2,2,GCGTGGTACTCGGGCCTGCG,0,4568146
ybaY_predicted,0.3333333333333333,2,2,GCGTCTTGATCCCAACACTC,0,4549789
ybaY_predicted,0.3333333333333333,2,2,GCGTAGTAGCACTCGATCGT,0,4551411
ybaY_predicted,0.3333333333333333,2,2,GCGGTGGTTAAAAGGAGTCC,0,4600330
ybaY_predicted,0.3333333333333333,2,2,GCGGGGTCGTGCAAATCAGT,0,4552535
ybaY_predicted,0.3333333333333333,2,2,GCGGCAGAAAACAGGTGGTA,0,4596162
ybaY_predicted,0.3333333333333333,2,2,GCGCTTTGCCAGTCCCCCGA,0,4564511
ybaY_predicted,0.3333333333333333,2,2,GCGCGAGCCCGTCTTCAAAC,0,4584331
ybaY_predicted,0.3333333333333333,2,2,GCGCCTCTAGAAGAGAACTA,0,4554847
ybaY_predicted,0.3333333333333333,2,2,GCGCCCCCGTGGCGGTTCGA,0,4558732
ybaY_predicted,0.3333333333333333,2,2,GCGAGTCGGGCGGTAGGTTC,0,4554176
ybaY_predicted,0.3333333333333333,2,2,GCGAGGCCCCACGTCTCATC,0,4568454
ybaY_predicted,0.3333333333333333,2,2,GCGACGTGGGACTTATCCAG,0,4595664
ybaY_predicted,0.3333333333333333,2,2,GCGACGTCTAAGCGTAATGC,0,4560013
ybaY_predicted,0.3333333333333333,2,2,GCGACGACCACCCCCGATTT,0,4595532
ybaY_predicted,0.3333333333333333,2,2,GCGAATTAACGGCGTAGTCC,0,4550493
ybaY_predicted,0.3333333333333333,2,2,GCGAAGGCCTCATGAACGTG,0,4575884
ybaY_predicted,0.3333333333333333,2,2,GCCTTCGAAATGCTTTCGTA,0,4559934
ybaY_predicted,0.3333333333333333,2,2,GCCTGTGGGCTCGACCGACC,0,4595378
ybaY_predicted,0.3333333333333333,2,2,GCCTACGCACCCTATCTTCA,0,4596714
ybaY_predicted,0.3333333333333333,2,2,GCCGTTCATGTAAACCGCTC,0,4585401
ybaY_predicted,0.3333333333333333,2,2,GCCGTAATCACCACTGACTG,0,4600533
ybaY_predicted,0.3333333333333333,2,2,GCCGGGGATCGCGTCGGAGA,0,4582276
ybaY_predicted,0.3333333333333333,2,2,GCCGCACGATCGAGCTGCCA,0,4600343
ybaY_predicted,0.3333333333333333,2,2,GCCGCACCCGTGTTCGCGCA,0,4581083
ybaY_predicted,0.3333333333333333,2,2,GCCGAGACATGCCAGTTGAC,0,4590073
ybaY_predicted,0.3333333333333333,2,2,GCCGAGAACTTTCGTGCGTT,0,4592215
ybaY_predicted,0.3333333333333333,2,2,GCCGACCGTAACAATGCGCT,0,4600288
ybaY_predicted,0.3333333333333333,2,2,GCCCTCGTGTATCCAGGCAT,0,4595522
ybaY_predicted,0.3333333333333333,2,2,GCCCGACGTATGGGGTCAAT,0,4566860
ybaY_predicted,0.3333333333333333,2,2,GCCCCTACATGCACAGCCGA,0,4576262
ybaY_predicted,0.3333333333333333,2,2,GCCCCCAATTTGAAGATGCT,0,4574119
ybaY_predicted,0.3333333333333333,2,2,GCCCACCCGTGACACACCCT,0,4570641
ybaY_predicted,0.3333333333333333,2,2,GCCATTAGAATACCTTCGTT,0,4549383
ybaY_predicted,0.3333333333333333,2,2,GCCATGGTACTACTGTATTT,0,4576212
ybaY_predicted,0.3333333333333333,2,2,GCCATGCTCTGGCAATAACT,0,4564394
ybaY_predicted,0.3333333333333333,2,2,GCCATGCCTCTTCAATATGT,0,4562773
ybaY_predicted,0.3333333333333333,2,2,GCCAGCAAACGGGAGATAGT,0,4584642
ybaY_predicted,0.3333333333333333,2,2,GCCACGTCGCTCAATTAATC,0,4585959
ybaY_predicted,0.3333333333333333,2,2,GCCACACTAGGTGGTAATCA,0,4551675
ybaY_predicted,0.3333333333333333,2,2,GCCAACAAGGTAAGCCCGGT,0,4594517
ybaY_predicted,0.3333333333333333,2,2,GCATTGTGCGTGTAAAGGCG,0,4578775
ybaY_predicted,0.3333333333333333,2,2,GCATCGCCTCTCAGATTCAA,0,4565574
ybaY_predicted,0.3333333333333333,2,2,GCAGTGCCACCATACATTTT,0,4555414
ybaY_predicted,0.3333333333333333,2,2,GCAGTCGGGCTCAATGAGAC,0,4598804
ybaY_predicted,0.3333333333333333,2,2,GCAGGTAGTGCCCGGGCCTT,0,4558364
ybaY_predicted,0.3333333333333333,2,2,GCAGCCACCGTACACCTGAG,0,4588495
ybaY_predicted,0.3333333333333333,2,2,GCAGATTTGACCTGAAGAAC,0,4545695
ybaY_predicted,0.3333333333333333,2,2,GCAGACCCGCAGCCCTTCAT,0,4556528
ybaY_predicted,0.3333333333333333,2,2,GCACTACAGCTTCATCGGTC,0,4568420
ybaY_predicted,0.3333333333333333,2,2,GCACGTCTGAGCCGTACCCG,0,4544335
ybaY_predicted,0.3333333333333333,2,2,GCACGCGGATGATGAGCATC,0,4557373
ybaY_predicted,0.3333333333333333,2,2,GCACACCCAGGTATAATAGA,0,4598993
ybaY_predicted,0.3333333333333333,2,2,GCACACACTAAAAACCCTAA,0,4592398
ybaY_predicted,0.3333333333333333,2,2,GCACAAACCTTTCTCTTGGT,0,4545305
ybaY_predicted,0.3333333333333333,2,2,GCAAGCGAAGGCACAACCTT,0,4554112
ybaY_predicted,0.3333333333333333,2,2,GCAAACCTGTCCCCGAAACA,0,4578950
ybaY_predicted,0.3333333333333333,2,2,GATTTTGGGTTAAATCTAGA,0,4589652
ybaY_predicted,0.3333333333333333,2,2,GATTTTAGGCGCGGCTTGGG,0,4597135
ybaY_predicted,0.3333333333333333,2,2,GATTTCGGATTGCCCAAAAG,0,4583907
ybaY_predicted,0.3333333333333333,2,2,GATTTCAGAAGTCGCGGCAT,0,4600480
ybaY_predicted,0.3333333333333333,2,2,GATTTATTATTTAAGCTTAG,0,4596020
ybaY_predicted,0.3333333333333333,2,2,GATTTATGACGTTTAACCCG,0,4570295
ybaY_predicted,0.3333333333333333,2,2,GATTCTTATAGGTCAAACGA,0,4584879
ybaY_predicted,0.3333333333333333,2,2,GATTCTACTTTCGAGAATCA,0,4583765
ybaY_predicted,0.3333333333333333,2,2,GATTATCGCGAATCTTTCTC,0,4587307
ybaY_predicted,0.3333333333333333,2,2,GATTACTACGCTTTGCAGAT,0,4549302
ybaY_predicted,0.3333333333333333,2,2,GATTACCGGAATAGGTACAA,0,4561102
ybaY_predicted,0.3333333333333333,2,2,GATGTGCAAAGGGTTTCGGT,0,4588945
ybaY_predicted,0.3333333333333333,2,2,GATGGGTGTAGCTGTCGCTG,0,4563552
ybaY_predicted,0.3333333333333333,2,2,GATGGGGTTACGGGAGCTTA,0,4575172
ybaY_predicted,0.3333333333333333,2,2,GATGCTCACAGGGGAAGTGA,0,4592685
ybaY_predicted,0.3333333333333333,2,2,GATGAAGACGACACCAATCG,0,4547848
ybaY_predicted,0.3333333333333333,2,2,GATGAACTGATGTACGAGGA,0,4593485
ybaY_predicted,0.3333333333333333,2,2,GATGAAACGTGTATACGACC,0,4562606
ybaY_predicted,0.3333333333333333,2,2,GATCTGGATAATCTACTTCT,0,4576971
ybaY_predicted,0.3333333333333333,2,2,GATCCCCTGCCGGGATGATA,0,4561181
ybaY_predicted,0.3333333333333333,2,2,GATCAGAAGTCCGTCGAACA,0,4563858
ybaY_predicted,0.3333333333333333,2,2,GATCAAAAATTTGCTCGGAT,0,4599018
ybaY_predicted,0.3333333333333333,2,2,GATATCCGTGGTTTCGTCCA,0,4549141
ybaY_predicted,0.3333333333333333,2,2,GATATCCCGTTATTCTTGAC,0,4580123
ybaY_predicted,0.3333333333333333,2,2,GATAGGGTGTTGTCACATGA,0,4545823
ybaY_predicted,0.3333333333333333,2,2,GATACTGGAACTGCAACTAT,0,4547056
ybaY_predicted,0.3333333333333333,2,2,GATAATTCGCTGACTCGCGA,0,4578216
ybaY_predicted,0.3333333333333333,2,2,GAGTCGGCGTCACATCGGGA,0,4560610
ybaY_predicted,0.3333333333333333,2,2,GAGTCGGAACATATCGGCTA,0,4565098
ybaY_predicted,0.3333333333333333,2,2,GAGGGTCCCGCGCATAGGAT,0,4581112
ybaY_predicted,0.3333333333333333,2,2,GAGGGTCAATGGTTACGTTA,0,4589200
ybaY_predicted,0.3333333333333333,2,2,GAGGATTCTTGTGATGTCGC,0,4565578
ybaY_predicted,0.3333333333333333,2,2,GAGCTACGAGTAGCATGAGG,0,4546225
ybaY_predicted,0.3333333333333333,2,2,GAGCGCGCCGTCGAAGAGTG,0,4575810
ybaY_predicted,0.3333333333333333,2,2,GAGCCTGGCGACGCATTAAC,0,4577442
ybaY_predicted,0.3333333333333333,2,2,GAGATTAGTCTTGTTGTGCT,0,4566636
ybaY_predicted,0.3333333333333333,2,2,GAGATCTGTCCAAACTCTAG,0,4599059
ybaY_predicted,0.3333333333333333,2,2,GAGATAGTCGCGTATATACC,0,4573662
ybaY_predicted,0.3333333333333333,2,2,GAGAGGCAGCTTGGGGCTCA,0,4571872
ybaY_predicted,0.3333333333333333,2,2,GAGAGAGTGCGTAGAATGAC,0,4563347
ybaY_predicted,0.3333333333333333,2,2,GAGACGTAGCTGCTTGACTC,0,4574477
ybaY_predicted,0.3333333333333333,2,2,GAGACGGCACCGGAAACCTT,0,4564689
ybaY_predicted,0.3333333333333333,2,2,GAGAATATGACCCGTGTTGC,0,4565839
ybaY_predicted,0.3333333333333333,2,2,GAGAACAAAATGGTTCCGCT,0,4564651
ybaY_predicted,0.3333333333333333,2,2,GACTTTGACTTTGATAATGG,0,4562009
ybaY_predicted,0.3333333333333333,2,2,GACTTTCCAGGAGTACAACG,0,4551165
ybaY_predicted,0.3333333333333333,2,2,GACTTGCAGTACAGGGGTCT,0,4559806
ybaY_predicted,0.3333333333333333,2,2,GACTGGGGACCAGGTATCGA,0,4597569
ybaY_predicted,0.3333333333333333,2,2,GACTCGTCTGTAGGATCAAC,0,4552178
ybaY_predicted,0.3333333333333333,2,2,GACTCGGAATATACCGGCTT,0,4590348
ybaY_predicted,0.3333333333333333,2,2,GACTCCGCGTACTTAGCTAG,0,4556845
ybaY_predicted,0.3333333333333333,2,2,GACTAATGCCTGCCTCAGAT,0,4550678
ybaY_predicted,0.3333333333333333,2,2,GACTAAGTTATTCCCTCCCG,0,4594749
ybaY_predicted,0.3333333333333333,2,2,GACTAACTAATGACCTCTGG,0,4566521
ybaY_predicted,0.3333333333333333,2,2,GACGTTCGGCAGTTAAGCTA,0,4562364
ybaY_predicted,0.3333333333333333,2,2,GACGCGGCCGTGGTCCAACC,0,4558956
ybaY_predicted,0.3333333333333333,2,2,GACGCCATCCGCCCCACTAG,0,4547535
ybaY_predicted,0.3333333333333333,2,2,GACCGAAACTGGGATCCCGG,0,4558369
ybaY_predicted,0.3333333333333333,2,2,GACCCCTATCGTCACTTACA,0,4554460
ybaY_predicted,0.3333333333333333,2,2,GACCCACACGTATCTTGGCG,0,4567141
ybaY_predicted,0.3333333333333333,2,2,GACCATATATTTCCGGCGCT,0,4576347
ybaY_predicted,0.3333333333333333,2,2,GACATTGGGCGAGTCCTCAT,0,4593844
ybaY_predicted,0.3333333333333333,2,2,GACATAAATTACCGAAGTTG,0,4590628
ybaY_predicted,0.3333333333333333,2,2,GACAGGTCTCTAGAATACAT,0,4550704
ybaY_predicted,0.3333333333333333,2,2,GACAGGCTAACACGTTAATA,0,4552428
ybaY_predicted,0.3333333333333333,2,2,GACAACCAGCGTTCGGAAAG,0,4579821
ybaY_predicted,0.3333333333333333,2,2,GAATGATCAAGAGGGTTTCA,0,4599959
ybaY_predicted,0.3333333333333333,2,2,GAATAACGTAATGTTACGCC,0,4600397
ybaY_predicted,0.3333333333333333,2,2,GAATAACGATAGTAACAGTA,0,4571292
ybaY_predicted,0.3333333333333333,2,2,GAAGTGATACTTCAGCCCAA,0,4581792
ybaY_predicted,0.3333333333333333,2,2,GAAGGGTGCGTGTGGAAACT,0,4556118
ybaY_predicted,0.3333333333333333,2,2,GAAGCTCCGGAATCTTAGTT,0,4565600
ybaY_predicted,0.3333333333333333,2,2,GAAGCGGGGAAAAAAAAAGT,0,4569726
ybaY_predicted,0.3333333333333333,2,2,GAACTTTGGGATGGAAATTC,0,4588955
ybaY_predicted,0.3333333333333333,2,2,GAACCTCACGAGGGAAAGAC,0,4592351
ybaY_predicted,0.3333333333333333,2,2,GAACATCCGCAGACGAAGTG,0,4572760
ybaY_predicted,0.3333333333333333,2,2,GAACAGATGCTCGTTCTATA,0,4551145
ybaY_predicted,0.3333333333333333,2,2,GAACAATCGCTAGCAGTCTG,0,4549798
ybaY_predicted,0.3333333333333333,2,2,GAAATCACACCGAGAGGTCA,0,4582278
ybaY_predicted,0.3333333333333333,2,2,GAAATCAAGTGCTTACAACT,0,4551981
ybaY_predicted,0.3333333333333333,2,2,GAAAGGGGTAGGCTAATGCT,0,4595809
ybaY_predicted,0.3333333333333333,2,2,GAAAGCGTCATGCTACATTA,0,4572454
ybaY_predicted,0.3333333333333333,2,2,GAAAGAGCGACTAACTCTAG,0,4600390
ybaY_predicted,0.3333333333333333,2,2,GAAACGGGCGCATTGCAAGT,0,4582330
ybaY_predicted,0.3333333333333333,2,2,GAAACCACGTTGTTAAGTGG,0,4560279
ybaY_predicted,0.3333333333333333,2,2,CTTTTTTCGGGCTGCCTGCA,0,4598669
ybaY_predicted,0.3333333333333333,2,2,CTTTTTTCACATACCGGGAT,0,4545049
ybaY_predicted,0.3333333333333333,2,2,CTTTTGTACACTCGGCCGCA,0,4599436
ybaY_predicted,0.3333333333333333,2,2,CTTTTGCAGCGTCGGGCTGT,0,4559597
ybaY_predicted,0.3333333333333333,2,2,CTTTTACCCAACGGCGTTGG,0,4569687
ybaY_predicted,0.3333333333333333,2,2,CTTTGTTTTTGTCTAGCCAT,0,4595604
ybaY_predicted,0.3333333333333333,2,2,CTTTGCACTCCATAGTGTAT,0,4575887
ybaY_predicted,0.3333333333333333,2,2,CTTTGATGACCGATTCTCTG,0,4579423
ybaY_predicted,0.3333333333333333,2,2,CTTTCATAGTTGTCCTGTGT,0,4567517
ybaY_predicted,0.3333333333333333,2,2,CTTTATGTGGACCGCAACAA,0,4577755
ybaY_predicted,0.3333333333333333,2,2,CTTGGACACTATGTGGACCC,0,4561004
ybaY_predicted,0.3333333333333333,2,2,CTTCTGAGCATCAAGCCCAC,0,4555536
ybaY_predicted,0.3333333333333333,2,2,CTTCCTCTGCTTCACGCGGA,0,4583505
ybaY_predicted,0.3333333333333333,2,2,CTTCCTCCATTAGCGCGTTG,0,4584388
ybaY_predicted,0.3333333333333333,2,2,CTTCCTAAAGTAGAAGACCT,0,4582295
ybaY_predicted,0.3333333333333333,2,2,CTTCCAGCCCCCGCGTTCCT,0,4584590
ybaY_predicted,0.3333333333333333,2,2,CTTCAGCTTAGCCCGTCAGG,0,4590122
ybaY_predicted,0.3333333333333333,2,2,CTTCACTCAGGCCCTGGAAA,0,4546481
ybaY_predicted,0.3333333333333333,2,2,CTTCACGAGTGTGTCATTTT,0,4572002
ybaY_predicted,0.3333333333333333,2,2,CTTCAATCCACGGATTTCAG,0,4598725
ybaY_predicted,0.3333333333333333,2,2,CTTATATAGGAATTACCTAG,0,4562000
ybaY_predicted,0.3333333333333333,2,2,CTTAGGCGGGGAGTATATTC,0,4564344
ybaY_predicted,0.3333333333333333,2,2,CTGTTTAATATTAGTTGACA,0,4599462
ybaY_predicted,0.3333333333333333,2,2,CTGTCAGGAGTTTGCCGCAT,0,4557495
ybaY_predicted,0.3333333333333333,2,2,CTGTATGCTAAGTAATGGGA,0,4553934
ybaY_predicted,0.3333333333333333,2,2,CTGTAGTAAGGAAGGAGGGT,0,4566720
ybaY_predicted,0.3333333333333333,2,2,CTGGTAGCAAACTGTGCCTT,0,4591573
ybaY_predicted,0.3333333333333333,2,2,CTGGCGAACGCTTCACTTCC,0,4564041
ybaY_predicted,0.3333333333333333,2,2,CTGGCCATTTCTGTCGGTCC,0,4593432
ybaY_predicted,0.3333333333333333,2,2,CTGGCAGACTAGGGAGTTAC,0,4580737
ybaY_predicted,0.3333333333333333,2,2,CTGGACGTTTATCACCCATC,0,4564446
ybaY_predicted,0.3333333333333333,2,2,CTGGACAGCAGAAGTGATAT,0,4592202
ybaY_predicted,0.3333333333333333,2,2,CTGCTTGCAGGCCTAGGAAG,0,4578156
ybaY_predicted,0.3333333333333333,2,2,CTGCTGAGTCTGCATGAACT,0,4591550
ybaY_predicted,0.3333333333333333,2,2,CTGCCTGCGGCCACCGAGGC,0,4562374
ybaY_predicted,0.3333333333333333,2,2,CTGCATCCAATTCCACAAGA,0,4592353
ybaY_predicted,0.3333333333333333,2,2,CTGCAGCCCAGGATAGGGCA,0,4582727
ybaY_predicted,0.3333333333333333,2,2,CTGCAATCGCTAAGGTAGCC,0,4566885
ybaY_predicted,0.3333333333333333,2,2,CTGCAACATCTGTACCACTT,0,4547956
ybaY_predicted,0.3333333333333333,2,2,CTGATTTCAGCGCGGGCACC,0,4548535
ybaY_predicted,0.3333333333333333,2,2,CTGAGATTTGTATAATGACT,0,4559249
ybaY_predicted,0.3333333333333333,2,2,CTGAGAATCGACGTATTGGC,0,4580202
ybaY_predicted,0.3333333333333333,2,2,CTGACCTTTGCTTCCGCACC,0,4553610
ybaY_predicted,0.3333333333333333,2,2,CTCTCGCGGCGCGGAGGAAA,0,4567452
ybaY_predicted,0.3333333333333333,2,2,CTCTAGAAAGTTGAGGACAA,0,4564929
ybaY_predicted,0.3333333333333333,2,2,CTCGGAGCAGGTGCAGGTAA,0,4578632
ybaY_predicted,0.3333333333333333,2,2,CTCGCCTGGTCTGACCTAAC,0,4549291
ybaY_predicted,0.3333333333333333,2,2,CTCGCATCTTGGGGTCGCTC,0,4590954
ybaY_predicted,0.3333333333333333,2,2,CTCGCAGATTTGGGGCTACG,0,4580864
ybaY_predicted,0.3333333333333333,2,2,CTCGAAGCTCCCGTCATTCC,0,4590446
ybaY_predicted,0.3333333333333333,2,2,CTCCTCACACCTGGTAGTGG,0,4581915
ybaY_predicted,0.3333333333333333,2,2,CTCCGGGCGCAGGATTCCGG,0,4584441
ybaY_predicted,0.3333333333333333,2,2,CTCCGAAGGGCGCAACACAT,0,4562407
ybaY_predicted,0.3333333333333333,2,2,CTCCCTATCATGGCTGTTGA,0,4553625
ybaY_predicted,0.3333333333333333,2,2,CTCCCGGTTATTTGGACCCA,0,4547347
ybaY_predicted,0.3333333333333333,2,2,CTCCCCGTCTGGCGAACCAG,0,4573081
ybaY_predicted,0.3333333333333333,2,2,CTCCATCGCGATTATGCGTA,0,4560667
ybaY_predicted,0.3333333333333333,2,2,CTCATGGACGAGTTATAAAT,0,4551465
ybaY_predicted,0.3333333333333333,2,2,CTCATCCACAAACTCTTTGA,0,4546723
ybaY_predicted,0.3333333333333333,2,2,CTCAGCCTTTGACCGTTCGA,0,4599071
ybaY_predicted,0.3333333333333333,2,2,CTCACTTACGGATGGTTAGC,0,4582326
ybaY_predicted,0.3333333333333333,2,2,CTCAACGAGCATATGGGCGG,0,4547182
ybaY_predicted,0.3333333333333333,2,2,CTATTCGACTGCCCAAAGCT,0,4578673
ybaY_predicted,0.3333333333333333,2,2,CTATGTCCGGCACACTGCGG,0,4566715
ybaY_predicted,0.3333333333333333,2,2,CTATGCACTATTGGGATTCA,0,4598014
ybaY_predicted,0.3333333333333333,2,2,CTATACTAACATCGCACGGG,0,4560938
ybaY_predicted,0.3333333333333333,2,2,CTAGTTTCTTAATATCGGGT,0,4584681
ybaY_predicted,0.3333333333333333,2,2,CTAGTTCTTCGACCATCCTG,0,4600381
ybaY_predicted,0.3333333333333333,2,2,CTAGTGAAGAAGCGAACCGA,0,4593796
ybaY_predicted,0.3333333333333333,2,2,CTAGTCTTGACTCTGTACGT,0,4557823
ybaY_predicted,0.3333333333333333,2,2,CTAGTCGCTTTTACCTCGTT,0,4561036
ybaY_predicted,0.3333333333333333,2,2,CTAGTCCGTTCATAGGGGAC,0,4545897
ybaY_predicted,0.3333333333333333,2,2,CTAGGTTCAATTCGTCTAAG,0,4570602
ybaY_predicted,0.3333333333333333,2,2,CTAGCTTGGACACAGCACTG,0,4587569
ybaY_predicted,0.3333333333333333,2,2,CTAGCTTAGTGTACTCAGTA,0,4555780
ybaY_predicted,0.3333333333333333,2,2,CTAGCGGGCGTTCTGGACAC,0,4582725
ybaY_predicted,0.3333333333333333,2,2,CTACTTGGTATGCATCAAAT,0,4560640
ybaY_predicted,0.3333333333333333,2,2,CTACGGGGTCACTGGTAAAG,0,4575831
ybaY_predicted,0.3333333333333333,2,2,CTACGCGGAGGTAAGAGGGC,0,4554120
ybaY_predicted,0.3333333333333333,2,2,CTACCTGGAACGGCGTACGG,0,4568537
ybaY_predicted,0.3333333333333333,2,2,CTACCAACGTAACATGAGCG,0,4569622
ybaY_predicted,0.3333333333333333,2,2,CTAATTGCCATAGTCTAGGC,0,4588946
ybaY_predicted,0.3333333333333333,2,2,CTAATGCGCATGTCCTCGGA,0,4596590
ybaY_predicted,0.3333333333333333,2,2,CTAAGTCGCATAAAGTGGTT,0,4581109
ybaY_predicted,0.3333333333333333,2,2,CTAAGTATTGGGCAAACCTG,0,4581422
ybaY_predicted,0.3333333333333333,2,2,CTAAGGGTCACGAGCGATGG,0,4575838
ybaY_predicted,0.3333333333333333,2,2,CTAAATGGCCCACAGAGAAG,0,4556929
ybaY_predicted,0.3333333333333333,2,2,CTAAATCGCGATGGCTACGG,0,4555884
ybaY_predicted,0.3333333333333333,2,2,CTAAAGCAGCCCAGGGGTGA,0,4598448
ybaY_predicted,0.3333333333333333,2,2,CTAAAGAGATGTGCCTGCAG,0,4594654
ybaY_predicted,0.3333333333333333,2,2,CGTTGATGGGGGGAGGCTAT,0,4557685
ybaY_predicted,0.3333333333333333,2,2,CGTTCTAGATCTGTGAAGCT,0,4590710
ybaY_predicted,0.3333333333333333,2,2,CGTTCTAAGTGGAGAGGCCA,0,4596177
ybaY_predicted,0.3333333333333333,2,2,CGTTCAATGGAGTAGTGGTT,0,4598205
ybaY_predicted,0.3333333333333333,2,2,CGTTATCCACAAGCCCAATT,0,4600044
ybaY_predicted,0.3333333333333333,2,2,CGTTATATCAGTTAACACAC,0,4558401
ybaY_predicted,0.3333333333333333,2,2,CGTGTTTATCGACCCGTTCT,0,4588012
ybaY_predicted,0.3333333333333333,2,2,CGTGTGAACCGAGCGGCGCT,0,4552721
ybaY_predicted,0.3333333333333333,2,2,CGTGGGCGCGTGAGAAGTTG,0,4551425
ybaY_predicted,0.3333333333333333,2,2,CGTGGATGTATAAGCGCGCA,0,4586221
ybaY_predicted,0.3333333333333333,2,2,CGTGGACTTCTTTTGCTACA,0,4599992
ybaY_predicted,0.3333333333333333,2,2,CGTGCATATCTTCCGGTAAA,0,4555451
ybaY_predicted,0.3333333333333333,2,2,CGTGAGAAAGAGCCCTAGCG,0,4599221
ybaY_predicted,0.3333333333333333,2,2,CGTGACATAAGAGTCATGCC,0,4570437
ybaY_predicted,0.3333333333333333,2,2,CGTCCGCCATGTTCACCGTA,0,4565718
ybaY_predicted,0.3333333333333333,2,2,CGTCACTAGGGCTATGGTGC,0,4598264
ybaY_predicted,0.3333333333333333,2,2,CGTCAAATTCGAGGATCACG,0,4560790
ybaY_predicted,0.3333333333333333,2,2,CGTATCATGGGGATCGAGAG,0,4569251
ybaY_predicted,0.3333333333333333,2,2,CGTATCAGATCGTCGCAGTC,0,4574171
ybaY_predicted,0.3333333333333333,2,2,CGTATAAAATTCACTCAGCT,0,4567385
ybaY_predicted,0.3333333333333333,2,2,CGTAGCAGGCCGGGCTAAAG,0,4546951
ybaY_predicted,0.3333333333333333,2,2,CGTACATAAGGAACCGCCTC,0,4563511
ybaY_predicted,0.3333333333333333,2,2,CGTAAGACTGTAAGCCCCAA,0,4582529
ybaY_predicted,0.3333333333333333,2,2,CGTAAAACCGATTTGTAATT,0,4564887
ybaY_predicted,0.3333333333333333,2,2,CGGTCTTTTTTGTCTAGAGG,0,4581254
ybaY_predicted,0.3333333333333333,2,2,CGGTCGGCGCGCCTATGCCC,0,4581469
ybaY_predicted,0.3333333333333333,2,2,CGGTCGGAACCCGCCATTCA,0,4569764
ybaY_predicted,0.3333333333333333,2,2,CGGTATGACTTCAATATCCC,0,4568992
ybaY_predicted,0.3333333333333333,2,2,CGGTATCTCCGGGTCACAAA,0,4575434
ybaY_predicted,0.3333333333333333,2,2,CGGTAGGACGTGGGGGCCCT,0,4573983
ybaY_predicted,0.3333333333333333,2,2,CGGGTTCTCACTGGGTCGTG,0,4554373
ybaY_predicted,0.3333333333333333,2,2,CGGGTCTCAGGTGTGATTAC,0,4565102
ybaY_predicted,0.3333333333333333,2,2,CGGGGTCCACAACCCTCGAC,0,4552625
ybaY_predicted,0.3333333333333333,2,2,CGGGGCTACAGCGGGGCGTA,0,4582467
ybaY_predicted,0.3333333333333333,2,2,CGGGCTATTGGCATCAACGC,0,4590904
ybaY_predicted,0.3333333333333333,2,2,CGGGCTAGCCACAAGGGACG,0,4546666
ybaY_predicted,0.3333333333333333,2,2,CGGGCTAATAACCAGGGAGA,0,4568986
ybaY_predicted,0.3333333333333333,2,2,CGGGCAATTCGTGGATCCCC,0,4578624
ybaY_predicted,0.3333333333333333,2,2,CGGGCAAGCACCGCCACGAG,0,4581571
ybaY_predicted,0.3333333333333333,2,2,CGGGATAAGCGGCTTGCGTC,0,4561447
ybaY_predicted,0.3333333333333333,2,2,CGGGACGTTCTTAAATATTG,0,4568539
ybaY_predicted,0.3333333333333333,2,2,CGGGAATTAGTACGCGATCT,0,4560939
ybaY_predicted,0.3333333333333333,2,2,CGGCTTGACGCGATCTGAGG,0,4565156
ybaY_predicted,0.3333333333333333,2,2,CGGCTAGCAACATGTCTAGG,0,4588005
ybaY_predicted,0.3333333333333333,2,2,CGGCGAATAGCTCGAAATTT,0,4598417
ybaY_predicted,0.3333333333333333,2,2,CGGCCGCTGCAATGGCATTC,0,4547875
ybaY_predicted,0.3333333333333333,2,2,CGGCAGGCCCGAAACGTCTA,0,4551768
ybaY_predicted,0.3333333333333333,2,2,CGGATGGCTCGCTTCAGATG,0,4570921
ybaY_predicted,0.3333333333333333,2,2,CGGATGATTAATTTTGTTGT,0,4587333
ybaY_predicted,0.3333333333333333,2,2,CGGACTCTGCCCGGCTAAGC,0,4597639
ybaY_predicted,0.3333333333333333,2,2,CGGACGTTAGCCACGCTAAC,0,4556567
ybaY_predicted,0.3333333333333333,2,2,CGGACATGTGATTCGACCGA,0,4568767
ybaY_predicted,0.3333333333333333,2,2,CGGAATCGGGACCAAGCTAC,0,4566426
ybaY_predicted,0.3333333333333333,2,2,CGGAACAGTCCATTTTAACT,0,4570396
ybaY_predicted,0.3333333333333333,2,2,CGGAAACATATGAGTGACTT,0,4575482
ybaY_predicted,0.3333333333333333,2,2,CGCTTTCGCGGAATCATGTT,0,4587210
ybaY_predicted,0.3333333333333333,2,2,CGCTTTATTCGTCTATGCCG,0,4554463
ybaY_predicted,0.3333333333333333,2,2,CGCTTGTTCTTGGGGACTAC,0,4550673
ybaY_predicted,0.3333333333333333,2,2,CGCTTGTAAGTGATGTCGCA,0,4582196
ybaY_predicted,0.3333333333333333,2,2,CGCTTGAGGCTTTAAGGCTC,0,4546431
ybaY_predicted,0.3333333333333333,2,2,CGCTCTCCTATGCCTTTGTC,0,4572495
ybaY_predicted,0.3333333333333333,2,2,CGCTCGATCGGGTTATGTAT,0,4566270
ybaY_predicted,0.3333333333333333,2,2,CGCTCCCACGACATGATACG,0,4586165
ybaY_predicted,0.3333333333333333,2,2,CGCTCATGCCCGTACTAGCG,0,4545509
ybaY_predicted,0.3333333333333333,2,2,CGCGTACAGTAAGGCCGAGA,0,4545602
ybaY_predicted,0.3333333333333333,2,2,CGCGGCCGCACACGCCGTCA,0,4577679
ybaY_predicted,0.3333333333333333,2,2,CGCGCTTGGCCGGACTTTCG,0,4544347
ybaY_predicted,0.3333333333333333,2,2,CGCGCCGTTCTGATGGCCCA,0,4577962
ybaY_predicted,0.3333333333333333,2,2,CGCGCCAAGGATATTGCTCG,0,4556473
ybaY_predicted,0.3333333333333333,2,2,CGCCGAAAGTGAGCCAGTAA,0,4595511
ybaY_predicted,0.3333333333333333,2,2,CGCCCTTAATATCGCGTACA,0,4563004
ybaY_predicted,0.3333333333333333,2,2,CGCCCGCACTATTTCGACAG,0,4550264
ybaY_predicted,0.3333333333333333,2,2,CGCCCCGGTGCGTTCCCGTG,0,4592853
ybaY_predicted,0.3333333333333333,2,2,CGCCACGAGCGATCCTCAAT,0,4558697
ybaY_predicted,0.3333333333333333,2,2,CGCATAAGATATTGCTCCGG,0,4549729
ybaY_predicted,0.3333333333333333,2,2,CGCACTCACCGTAAAGTTCA,0,4593231
ybaY_predicted,0.3333333333333333,2,2,CGCAAGTTGTCGGGTCCAAT,0,4563801
ybaY_predicted,0.3333333333333333,2,2,CGATTCGGACGGTGACATTA,0,4552879
ybaY_predicted,0.3333333333333333,2,2,CGATGGTAAAGTTTCAAGGG,0,4561926
ybaY_predicted,0.3333333333333333,2,2,CGATGGGATTCCCTGCTCGT,0,4547392
ybaY_predicted,0.3333333333333333,2,2,CGATGGAAAGGCGGTACCAT,0,4584241
ybaY_predicted,0.3333333333333333,2,2,CGATGCCTTGTCCCGCAGTG,0,4545355
ybaY_predicted,0.3333333333333333,2,2,CGATCTTTCGCTCAACGACA,0,4580444
ybaY_predicted,0.3333333333333333,2,2,CGATCGGCTGCTTAGGTATT,0,4578101
ybaY_predicted,0.3333333333333333,2,2,CGAGTCCATTAGGGGAATCA,0,4551708
ybaY_predicted,0.3333333333333333,2,2,CGAGTAATGGTCCCCTGGTA,0,4565809
ybaY_predicted,0.3333333333333333,2,2,CGAGGACTTAGAACTGGCTT,0,4587393
ybaY_predicted,0.3333333333333333,2,2,CGAGCTCCGGTAGTGAGGCC,0,4580595
ybaY_predicted,0.3333333333333333,2,2,CGAGCGGGGCATCAACTGTA,0,4571935
ybaY_predicted,0.3333333333333333,2,2,CGAGCGGGCAGGGTGGCAGT,0,4559106
ybaY_predicted,0.3333333333333333,2,2,CGAGCCGTCGTTCGTATGGT,0,4552187
ybaY_predicted,0.3333333333333333,2,2,CGACTTCCGTGGCCGCAGAG,0,4555647
ybaY_predicted,0.3333333333333333,2,2,CGACTGCCACGTGAGGAGTT,0,4593164
ybaY_predicted,0.3333333333333333,2,2,CGACGTCTCCTAAAACATTA,0,4545865
ybaY_predicted,0.3333333333333333,2,2,CGACGGTAAGGTACAAGGGG,0,4582617
ybaY_predicted,0.3333333333333333,2,2,CGACATTCCGACGTACACGA,0,4569068
ybaY_predicted,0.3333333333333333,2,2,CGACAATAAGCGTCCGGGTA,0,4559427
ybaY_predicted,0.3333333333333333,2,2,CGAATTGGGGTAAGGGACCT,0,4575969
ybaY_predicted,0.3333333333333333,2,2,CGAATGAAGGGGCTATCAGA,0,4585881
ybaY_predicted,0.3333333333333333,2,2,CGAATAACTCGCCCGAATGG,0,4586252
ybaY_predicted,0.3333333333333333,2,2,CGAAGTGGACGGACGCTCTA,0,4565041
ybaY_predicted,0.3333333333333333,2,2,CGAAGATGGAGTTCGTGAGT,0,4546248
ybaY_predicted,0.3333333333333333,2,2,CGAAACCCGTTGTAGGGGAT,0,4559300
ybaY_predicted,0.3333333333333333,2,2,CCTTTCCGAGGCGGCGTTCT,0,4567047
ybaY_predicted,0.3333333333333333,2,2,CCTTTCAATCGACGAAATAC,0,4569547
ybaY_predicted,0.3333333333333333,2,2,CCTTCGCGGTATGCTCAAGC,0,4584948
ybaY_predicted,0.3333333333333333,2,2,CCTTCAGCGGGTAGAGCCGC,0,4562691
ybaY_predicted,0.3333333333333333,2,2,CCTGTTCACGTTCTAGTCAG,0,4577259
ybaY_predicted,0.3333333333333333,2,2,CCTGATTACGGGACCACATG,0,4573595
ybaY_predicted,0.3333333333333333,2,2,CCTGAAGAGGGAACCGCATA,0,4576916
ybaY_predicted,0.3333333333333333,2,2,CCTCTCAACGGCGGCTCAGA,0,4588151
ybaY_predicted,0.3333333333333333,2,2,CCTAATGCGGTCAAGTCGGA,0,4577276
ybaY_predicted,0.3333333333333333,2,2,CCGTGGTAAAGGGCTTCCAC,0,4571408
ybaY_predicted,0.3333333333333333,2,2,CCGTACTTCTAAGACCGGAA,0,4575823
ybaY_predicted,0.3333333333333333,2,2,CCGGTAAGTACTAACAGACC,0,4584753
ybaY_predicted,0.3333333333333333,2,2,CCGGGTTTCACGCGAGGTGC,0,4574663
ybaY_predicted,0.3333333333333333,2,2,CCGGGAAACAACTGCCCCTT,0,4580828
ybaY_predicted,0.3333333333333333,2,2,CCGGCATTTACCATGACCCA,0,4564584
ybaY_predicted,0.3333333333333333,2,2,CCGGCATTATACCGTTAGAG,0,4594403
ybaY_predicted,0.3333333333333333,2,2,CCGGACGCTTGACACCTAAG,0,4594397
ybaY_predicted,0.3333333333333333,2,2,CCGCTACCTACACCATCTCA,0,4568296
ybaY_predicted,0.3333333333333333,2,2,CCGCGTATATAGACGCCCTG,0,4600327
ybaY_predicted,0.3333333333333333,2,2,CCGCGGGACCGTTCAGTGCG,0,4572620
ybaY_predicted,0.3333333333333333,2,2,CCGCGCGTCCGTTCGGCCGC,0,4545891
ybaY_predicted,0.3333333333333333,2,2,CCGCGCCCCTCTACCAAATT,0,4571835
ybaY_predicted,0.3333333333333333,2,2,CCGCGAAGCGAAGCTTAGGC,0,4580144
ybaY_predicted,0.3333333333333333,2,2,CCGCCAAATGGGGCATATTC,0,4563442
ybaY_predicted,0.3333333333333333,2,2,CCGCATAACTGGCTAGCTAT,0,4549766
ybaY_predicted,0.3333333333333333,2,2,CCGCACCTGTCCATGACTTG,0,4545878
ybaY_predicted,0.3333333333333333,2,2,CCGAGGGAGGTCGCTGCGAT,0,4593947
ybaY_predicted,0.3333333333333333,2,2,CCGACGGCCATATCGCGTCT,0,4566585
ybaY_predicted,0.3333333333333333,2,2,CCGACGCTGAATGTTTTATC,0,4587030
ybaY_predicted,0.3333333333333333,2,2,CCGAATATCATGAGGGAAAG,0,4599815
ybaY_predicted,0.3333333333333333,2,2,CCCTTCGTCAGCCAGCTAAA,0,4544538
ybaY_predicted,0.3333333333333333,2,2,CCCTTATCTTTCCGTTAGGG,0,4559272
ybaY_predicted,0.3333333333333333,2,2,CCCTCTTTCCAGAATTACTA,0,4578260
ybaY_predicted,0.3333333333333333,2,2,CCCTCCGCGAACCTTGCGCA,0,4596746
ybaY_predicted,0.3333333333333333,2,2,CCCTAGTGAGGCGTAGAAAA,0,4555143
ybaY_predicted,0.3333333333333333,2,2,CCCTAGTAAAAGCCTTCGTC,0,4584927
ybaY_predicted,0.3333333333333333,2,2,CCCTAGGAAGAGTTGCCATT,0,4593675
ybaY_predicted,0.3333333333333333,2,2,CCCGGGGGAATATCACTTGA,0,4590869
ybaY_predicted,0.3333333333333333,2,2,CCCGGGGCGGCTCAATTTTA,0,4574160
ybaY_predicted,0.3333333333333333,2,2,CCCGGATTCACAACTTTGTT,0,4599052
ybaY_predicted,0.3333333333333333,2,2,CCCGCGATGAAGGAGCTACT,0,4567077
ybaY_predicted,0.3333333333333333,2,2,CCCGACAGGAGACTGTGGAG,0,4584282
ybaY_predicted,0.3333333333333333,2,2,CCCCGTACGGTTCTCTCCAT,0,4546590
ybaY_predicted,0.3333333333333333,2,2,CCCCATCGACGCTTTGCTTT,0,4557377
ybaY_predicted,0.3333333333333333,2,2,CCCATTCAGGAATCATAATC,0,4568985
ybaY_predicted,0.3333333333333333,2,2,CCCATAGCATTAAGCCACCT,0,4600342
ybaY_predicted,0.3333333333333333,2,2,CCCAGTTTTACTTAGGGCGT,0,4546824
ybaY_predicted,0.3333333333333333,2,2,CCCAGTGTCTCTATTTGGGT,0,4599143
ybaY_predicted,0.3333333333333333,2,2,CCCAGGTAACATATCGGCAT,0,4556479
ybaY_predicted,0.3333333333333333,2,2,CCCACGTGTCTCGGGCATAC,0,4557442
ybaY_predicted,0.3333333333333333,2,2,CCCAATGAAATTATGGCGAT,0,4572728
ybaY_predicted,0.3333333333333333,2,2,CCATTGTTTGTAATTGGTGA,0,4579369
ybaY_predicted,0.3333333333333333,2,2,CCATTGTATGGGTCCCTCGC,0,4552683
ybaY_predicted,0.3333333333333333,2,2,CCATTCATGGAACCGCCCTA,0,4581529
ybaY_predicted,0.3333333333333333,2,2,CCATTAGACTTGTTCTCACT,0,4591741
ybaY_predicted,0.3333333333333333,2,2,CCATCGGCCGGCCCGCTGCA,0,4585746
ybaY_predicted,0.3333333333333333,2,2,CCAGTTTACTCCACGGTCTA,0,4554913
ybaY_predicted,0.3333333333333333,2,2,CCAGTATGTTAATTCTAGCA,0,4581773
ybaY_predicted,0.3333333333333333,2,2,CCAGTAGACTGACAGACTAC,0,4595662
ybaY_predicted,0.3333333333333333,2,2,CCAGGTTATTCACTACAGGA,0,4567558
ybaY_predicted,0.3333333333333333,2,2,CCAGGTGTCAAACTTTCCCT,0,4550821
ybaY_predicted,0.3333333333333333,2,2,CCAGGTCTAGAGAGTCCGTG,0,4566596
ybaY_predicted,0.3333333333333333,2,2,CCAGGGAATATCAAGCAGTG,0,4560169
ybaY_predicted,0.3333333333333333,2,2,CCAGGAGACTCGAATCAGTG,0,4595961
ybaY_predicted,0.3333333333333333,2,2,CCAGCTGAGGGCGTCGTAGT,0,4551042
ybaY_predicted,0.3333333333333333,2,2,CCAGCCTGGCGTACAGCACC,0,4553144
ybaY_predicted,0.3333333333333333,2,2,CCAGCCCCTTCAGTAACTAA,0,4563782
ybaY_predicted,0.3333333333333333,2,2,CCAGACATGGAGGTTACACA,0,4548421
ybaY_predicted,0.3333333333333333,2,2,CCACTAAGACCCCGGAATCT,0,4565366
ybaY_predicted,0.3333333333333333,2,2,CCACGTCTGTGCTGGTAAGA,0,4588763
ybaY_predicted,0.3333333333333333,2,2,CCACATAGAGGTCATGCTAC,0,4580387
ybaY_predicted,0.3333333333333333,2,2,CCACAATCCAAATCACCCGC,0,4568427
ybaY_predicted,0.3333333333333333,2,2,CCAAGAGTTGGCAATGTCGC,0,4597885
ybaY_predicted,0.3333333333333333,2,2,CCAACATTGTGCACGTTATC,0,4598513
ybaY_predicted,0.3333333333333333,2,2,CATTTGGCTAGCATCTGCTC,0,4597094
ybaY_predicted,0.3333333333333333,2,2,CATTTGCAGCGTGGTTGACA,0,4573704
ybaY_predicted,0.3333333333333333,2,2,CATTTAACGTACAGCTGAGT,0,4589288
ybaY_predicted,0.3333333333333333,2,2,CATTGTCCAAGTTATAAGCA,0,4588940
ybaY_predicted,0.3333333333333333,2,2,CATTGCTCTAATACAAATGA,0,4575381
ybaY_predicted,0.3333333333333333,2,2,CATGTTACGTTCGGTACATA,0,4572293
ybaY_predicted,0.3333333333333333,2,2,CATGTAGGTCAATGTAAGAG,0,4579526
ybaY_predicted,0.3333333333333333,2,2,CATGTAGAACAACACGTGAT,0,4600520
ybaY_predicted,0.3333333333333333,2,2,CATGCGGCAGTCAGACGCAT,0,4583236
ybaY_predicted,0.3333333333333333,2,2,CATGCCCTAAGGGCGATTGG,0,4572945
ybaY_predicted,0.3333333333333333,2,2,CATGATCCCTATGTGGTCGT,0,4558238
ybaY_predicted,0.3333333333333333,2,2,CATCTCGAAGAGGACCAAGT,0,4576413
ybaY_predicted,0.3333333333333333,2,2,CATCTCCGTGCCGCTAGCAT,0,4586539
ybaY_predicted,0.3333333333333333,2,2,CATCTAGTCGGTTAGCTCCA,0,4560810
ybaY_predicted,0.3333333333333333,2,2,CATCGTTCGCCTACATCTGT,0,4552923
ybaY_predicted,0.3333333333333333,2,2,CATCGTAGATCGCGACTAGC,0,4599996
ybaY_predicted,0.3333333333333333,2,2,CATCACCTACCGTAAGAATT,0,4598755
ybaY_predicted,0.3333333333333333,2,2,CATATATACTTATAAGGCTG,0,4599227
ybaY_predicted,0.3333333333333333,2,2,CATACTATTCTACGTTCTAA,0,4596446
ybaY_predicted,0.3333333333333333,2,2,CATACAGGTTTGGGTTGGTC,0,4557360
ybaY_predicted,0.3333333333333333,2,2,CATAAGCAAATTCTTAACCA,0,4549676
ybaY_predicted,0.3333333333333333,2,2,CAGTTTACAAGGACAGAGGC,0,4578977
ybaY_predicted,0.3333333333333333,2,2,CAGTTGGCTTCATTGGAGCG,0,4557273
ybaY_predicted,0.3333333333333333,2,2,CAGTGTCTAGTGTGTGAAGG,0,4560295
ybaY_predicted,0.3333333333333333,2,2,CAGTGGCTTCGCTACTCCGA,0,4591438
ybaY_predicted,0.3333333333333333,2,2,CAGTGATACTAAAATTTTCC,0,4579491
ybaY_predicted,0.3333333333333333,2,2,CAGTCGCCAGCAGGGTGTTT,0,4563374
ybaY_predicted,0.3333333333333333,2,2,CAGTCCTCATCTTTACCTCT,0,4562258
ybaY_predicted,0.3333333333333333,2,2,CAGTATACCTTCGCACACTC,0,4559841
ybaY_predicted,0.3333333333333333,2,2,CAGTACGCTGTCGATAACCA,0,4552180
ybaY_predicted,0.3333333333333333,2,2,CAGGTTGGTTTATGGTGGTA,0,4559836
ybaY_predicted,0.3333333333333333,2,2,CAGGGTCCTGTTGGAACCCC,0,4593408
ybaY_predicted,0.3333333333333333,2,2,CAGGGACATGTAATTACAGC,0,4547240
ybaY_predicted,0.3333333333333333,2,2,CAGGCTATCCGTGATCATGT,0,4566363
ybaY_predicted,0.3333333333333333,2,2,CAGGATTTTACTGAGGAGGT,0,4556214
ybaY_predicted,0.3333333333333333,2,2,CAGCTCTGTGGGCCTTGAAG,0,4567544
ybaY_predicted,0.3333333333333333,2,2,CAGCATGCTTAGATTACATG,0,4549637
ybaY_predicted,0.3333333333333333,2,2,CAGCATGAACTTCGCTTATG,0,4570838
ybaY_predicted,0.3333333333333333,2,2,CAGCAGCCATTATTGGCTGC,0,4584599
ybaY_predicted,0.3333333333333333,2,2,CAGATGGCGCGTATTTACAG,0,4583778
ybaY_predicted,0.3333333333333333,2,2,CAGAGGTGCTCAATCCGACC,0,4545125
ybaY_predicted,0.3333333333333333,2,2,CAGACTAGGCTTTAGTGAGG,0,4600084
ybaY_predicted,0.3333333333333333,2,2,CAGAAGCCGAGTAATTTATC,0,4553134
ybaY_predicted,0.3333333333333333,2,2,CACTCACGAACCACGCATGA,0,4574320
ybaY_predicted,0.3333333333333333,2,2,CACTAATTGTTTCCCAGGTC,0,4576267
ybaY_predicted,0.3333333333333333,2,2,CACGTCGCGATACTAAGCGA,0,4596529
ybaY_predicted,0.3333333333333333,2,2,CACGTATTAAACCAGTGGAG,0,4583815
ybaY_predicted,0.3333333333333333,2,2,CACGGTCACGTATCAGGCAA,0,4582896
ybaY_predicted,0.3333333333333333,2,2,CACGGGGGCGGTTAATCGGG,0,4596503
ybaY_predicted,0.3333333333333333,2,2,CACGGCCGCGTTGTCAAAGA,0,4598611
ybaY_predicted,0.3333333333333333,2,2,CACGGACCCCGGCGTAGTTC,0,4600332
ybaY_predicted,0.3333333333333333,2,2,CACGCTGTGATGGGGAGGAA,0,4563163
ybaY_predicted,0.3333333333333333,2,2,CACGCATTACCCTCTGAGCG,0,4598189
ybaY_predicted,0.3333333333333333,2,2,CACGCACCCCGTGCACCTCT,0,4596822
ybaY_predicted,0.3333333333333333,2,2,CACCTACCTTTGATGACTAG,0,4555044
ybaY_predicted,0.3333333333333333,2,2,CACCGAGTGACCGTGGATAG,0,4600494
ybaY_predicted,0.3333333333333333,2,2,CACCGAAATCGACACAATCC,0,4585858
ybaY_predicted,0.3333333333333333,2,2,CACATGGCCCGAAGCCGAAC,0,4590772
ybaY_predicted,0.3333333333333333,2,2,CACAGTCCAACGTATCCTGT,0,4576777
ybaY_predicted,0.3333333333333333,2,2,CACAGGATCTGTCTCGAGCA,0,4566655
ybaY_predicted,0.3333333333333333,2,2,CACAGCCGGTCAATGGCAGT,0,4560166
ybaY_predicted,0.3333333333333333,2,2,CACAACTTCATTTTATGTCA,0,4550133
ybaY_predicted,0.3333333333333333,2,2,CAATTGTTCCGACACTGCAT,0,4569989
ybaY_predicted,0.3333333333333333,2,2,CAATGGGTCACAGTGCACCA,0,4578807
ybaY_predicted,0.3333333333333333,2,2,CAATGCATAGTTCGCTCGGG,0,4593168
ybaY_predicted,0.3333333333333333,2,2,CAATGAGGCCAGAATAGGAC,0,4551232
ybaY_predicted,0.3333333333333333,2,2,CAATAGTACAGTACATCTAT,0,4549759
ybaY_predicted,0.3333333333333333,2,2,CAATACCAACGACGGTCTGC,0,4580292
ybaY_predicted,0.3333333333333333,2,2,CAAGTCTTGGTAATGCAGAG,0,4557438
ybaY_predicted,0.3333333333333333,2,2,CAAGTACGTTGCACATGGTG,0,4577850
ybaY_predicted,0.3333333333333333,2,2,CAAGTACGCGACTTGCACCA,0,4573208
ybaY_predicted,0.3333333333333333,2,2,CAAGCGGCTAGTGGAGGTTA,0,4546545
ybaY_predicted,0.3333333333333333,2,2,CAAGCGAGCAACAAGTTGGT,0,4563839
ybaY_predicted,0.3333333333333333,2,2,CAAGAGGTGCCAGGGCCGCA,0,4554148
ybaY_predicted,0.3333333333333333,2,2,CAACTTGGCTTGGTAGTCGC,0,4584337
ybaY_predicted,0.3333333333333333,2,2,CAACGGCACATTGGAGCGCC,0,4579126
ybaY_predicted,0.3333333333333333,2,2,CAACGACGGGGATATCCCAA,0,4585717
ybaY_predicted,0.3333333333333333,2,2,CAACATAGGAGTAAGTGCGA,0,4580896
ybaY_predicted,0.3333333333333333,2,2,CAAATTCCGCTCTGTTGAAA,0,4585440
ybaY_predicted,0.3333333333333333,2,2,CAAAGGGGGTATGGTTCCGA,0,4571396
ybaY_predicted,0.3333333333333333,2,2,CAAAACGAACGGGCGGCGGT,0,4550680
ybaY_predicted,0.3333333333333333,2,2,ATTTTGCGGGTCGTGGACTT,0,4569399
ybaY_predicted,0.3333333333333333,2,2,ATTTTCGGTTATTTGGGGGA,0,4560463
ybaY_predicted,0.3333333333333333,2,2,ATTTTACTAAAGACGCACAA,0,4570473
ybaY_predicted,0.3333333333333333,2,2,ATTTCGGCGCACCCGACACT,0,4558459
ybaY_predicted,0.3333333333333333,2,2,ATTTCGCCAGCGCCGTTGGG,0,4557905
ybaY_predicted,0.3333333333333333,2,2,ATTTATTAAGCTGGCCGCTC,0,4589452
ybaY_predicted,0.3333333333333333,2,2,ATTTATCTTATCTACCGGGA,0,4580051
ybaY_predicted,0.3333333333333333,2,2,ATTTACGAGAGACAGTGCTA,0,4577730
ybaY_predicted,0.3333333333333333,2,2,ATTGGTGGCCGATTCAGGTA,0,4580914
ybaY_predicted,0.3333333333333333,2,2,ATTGGGTCGTTTAGGGGTGA,0,4559117
ybaY_predicted,0.3333333333333333,2,2,ATTGACAGCCAGACAGCGTA,0,4592476
ybaY_predicted,0.3333333333333333,2,2,ATTGAAATGGACGGCTGGCC,0,4583551
ybaY_predicted,0.3333333333333333,2,2,ATTCGGAAGCTCCCTCTACC,0,4586914
ybaY_predicted,0.3333333333333333,2,2,ATTCGCCTCATGCTTGAGCC,0,4594956
ybaY_predicted,0.3333333333333333,2,2,ATTCGCCCAAGCACACTTTT,0,4592977
ybaY_predicted,0.3333333333333333,2,2,ATTCGAGCTGGTCAAGCCCT,0,4574329
ybaY_predicted,0.3333333333333333,2,2,ATTCCTTATGTTAGCGGGTC,0,4575134
ybaY_predicted,0.3333333333333333,2,2,ATTCCGGTAAGAGCCCCGAT,0,4582444
ybaY_predicted,0.3333333333333333,2,2,ATTCCCGACAACTCCCGAAT,0,4573113
ybaY_predicted,0.3333333333333333,2,2,ATTCCAACGATCGGTCATAA,0,4548695
ybaY_predicted,0.3333333333333333,2,2,ATTCATGGAAAAGGGCGATG,0,4590115
ybaY_predicted,0.3333333333333333,2,2,ATTCAAGAGAGCCACTATGT,0,4596208
ybaY_predicted,0.3333333333333333,2,2,ATTATATGATCCTGGACCGG,0,4567078
ybaY_predicted,0.3333333333333333,2,2,ATTAGGGGCGCATTTTCAAA,0,4565413
ybaY_predicted,0.3333333333333333,2,2,ATTAGATATTTCGAGAGGTC,0,4563091
ybaY_predicted,0.3333333333333333,2,2,ATTACTTACATCTGGTAGTA,0,4593003
ybaY_predicted,0.3333333333333333,2,2,ATTACGGGGGGTTGCAGTCA,0,4563934
ybaY_predicted,0.3333333333333333,2,2,ATTACATTCCCGCTTCCCTA,0,4555876
ybaY_predicted,0.3333333333333333,2,2,ATGTTTAGAACGATCTGATA,0,4595874
ybaY_predicted,0.3333333333333333,2,2,ATGTTAGATAAGCCAAGCAA,0,4546075
ybaY_predicted,0.3333333333333333,2,2,ATGTTACCTTGGGCGGCGAT,0,4583534
ybaY_predicted,0.3333333333333333,2,2,ATGTTAAAGTGTTGCCCGAA,0,4563295
ybaY_predicted,0.3333333333333333,2,2,ATGTGGCCATAATGTTTCCG,0,4574672
ybaY_predicted,0.3333333333333333,2,2,ATGTCTTGGATCCTAATCCA,0,4567185
ybaY_predicted,0.3333333333333333,2,2,ATGTCTGGGCTCATCCATTT,0,4568813
ybaY_predicted,0.3333333333333333,2,2,ATGTCCATTGGAAAGCCCGA,0,4574971
ybaY_predicted,0.3333333333333333,2,2,ATGTCACGGTTACAGACGAT,0,4576050
ybaY_predicted,0.3333333333333333,2,2,ATGTCACCAGCAAGTCCGCG,0,4587714
ybaY_predicted,0.3333333333333333,2,2,ATGTAGGCGATGACCGGTCC,0,4570025
ybaY_predicted,0.3333333333333333,2,2,ATGTACGCAAATAGAATTTC,0,4577516
ybaY_predicted,0.3333333333333333,2,2,ATGTACCAACCCTTTTAGAA,0,4569766
ybaY_predicted,0.3333333333333333,2,2,ATGTAATCAAGTACCAGCGG,0,4552202
ybaY_predicted,0.3333333333333333,2,2,ATGTAAGCATGGGTGGCAAA,0,4596781
ybaY_predicted,0.3333333333333333,2,2,ATGTAACGCCACTGCTAGTA,0,4546927
ybaY_predicted,0.3333333333333333,2,2,ATGGTTATTTGGCGCTCTGA,0,4595202
ybaY_predicted,0.3333333333333333,2,2,ATGGTTACGCAGCAGGTTTG,0,4591152
ybaY_predicted,0.3333333333333333,2,2,ATGGTGCACTATGCCCGGTA,0,4580254
ybaY_predicted,0.3333333333333333,2,2,ATGGGAATTCGCTTCGGCTA,0,4599273
ybaY_predicted,0.3333333333333333,2,2,ATGCGTATACTCGGGTCGTC,0,4572859
ybaY_predicted,0.3333333333333333,2,2,ATGCGTAGGATGGGATGGAA,0,4553722
ybaY_predicted,0.3333333333333333,2,2,ATGCAGGTCAACCTCGGCTG,0,4569041
ybaY_predicted,0.3333333333333333,2,2,ATGCACCAGGCCCCGAGTGC,0,4593810
ybaY_predicted,0.3333333333333333,2,2,ATGATTATGTTTGTGCGTCG,0,4557335
ybaY_predicted,0.3333333333333333,2,2,ATGATGTGCCCAACCGTTTG,0,4564712
ybaY_predicted,0.3333333333333333,2,2,ATGATGACACGTCGAAATGG,0,4572472
ybaY_predicted,0.3333333333333333,2,2,ATGAGTTCGCAACCTGTTAG,0,4586987
ybaY_predicted,0.3333333333333333,2,2,ATGAGGTTAGAAGTTACAGG,0,4600186
ybaY_predicted,0.3333333333333333,2,2,ATGAAGAGCTACGGTCGTCC,0,4587061
ybaY_predicted,0.3333333333333333,2,2,ATCTTTAACCCCTCTCCCTA,0,4548374
ybaY_predicted,0.3333333333333333,2,2,ATCTCTGAATGTACGCTCCG,0,4595614
ybaY_predicted,0.3333333333333333,2,2,ATCTCGAGTGTACGTGAGTC,0,4582735
ybaY_predicted,0.3333333333333333,2,2,ATCTCAGCCGATAGGTACAT,0,4592342
ybaY_predicted,0.3333333333333333,2,2,ATCGTGATTTATCAATTGGC,0,4566054
ybaY_predicted,0.3333333333333333,2,2,ATCGGGAGCAGAATCACCGA,0,4596132
ybaY_predicted,0.3333333333333333,2,2,ATCGGATTAACTATCCAAGG,0,4600313
ybaY_predicted,0.3333333333333333,2,2,ATCGATGTTGTAATCCTGCC,0,4588888
ybaY_predicted,0.3333333333333333,2,2,ATCGAGCTAGTCCGTCGTGA,0,4554448
ybaY_predicted,0.3333333333333333,2,2,ATCGACTTATAATATCGTGC,0,4587357
ybaY_predicted,0.3333333333333333,2,2,ATCCTAATCTGTAGGACCAC,0,4598211
ybaY_predicted,0.3333333333333333,2,2,ATCCCGAGTAGAATGGAGTA,0,4557517
ybaY_predicted,0.3333333333333333,2,2,ATCCCACGTTTTTCTAGGAA,0,4573698
ybaY_predicted,0.3333333333333333,2,2,ATCATGATAGACGGGGCACT,0,4595162
ybaY_predicted,0.3333333333333333,2,2,ATCATCGGTCATAATGACAT,0,4577999
ybaY_predicted,0.3333333333333333,2,2,ATCAGGTCCACGACGAATCA,0,4576168
ybaY_predicted,0.3333333333333333,2,2,ATCAGACCAGACCAACCGAA,0,4590430
ybaY_predicted,0.3333333333333333,2,2,ATCACGGACTACCAACGCAT,0,4581658
ybaY_predicted,0.3333333333333333,2,2,ATCACGAGCAAGCAATAGTA,0,4593057
ybaY_predicted,0.3333333333333333,2,2,ATCAAGGCGATGGGCTTCCA,0,4567632
ybaY_predicted,0.3333333333333333,2,2,ATCAAATAGAGATAATAGAC,0,4566033
ybaY_predicted,0.3333333333333333,2,2,ATATGCTGGTAGGGGACTCA,0,4595620
ybaY_predicted,0.3333333333333333,2,2,ATATGCGTTCGCCATCAAAC,0,4572088
ybaY_predicted,0.3333333333333333,2,2,ATATCTGGGGTCTTACTGAC,0,4585940
ybaY_predicted,0.3333333333333333,2,2,ATATCGCATTCTATACATTA,0,4586371
ybaY_predicted,0.3333333333333333,2,2,ATATCCGATCCCTCCCACAT,0,4592902
ybaY_predicted,0.3333333333333333,2,2,ATAGTTCCACGTCCAGTCCG,0,4587478
ybaY_predicted,0.3333333333333333,2,2,ATAGTGTCACTCCTTAGGCT,0,4597554
ybaY_predicted,0.3333333333333333,2,2,ATAGTCCCCGCAACAGCGTA,0,4574651
ybaY_predicted,0.3333333333333333,2,2,ATAGACAGTTATGACTAGAC,0,4584776
ybaY_predicted,0.3333333333333333,2,2,ATACTTACTGGAACTAGCTA,0,4570301
ybaY_predicted,0.3333333333333333,2,2,ATACTCATTACGCATCGTTA,0,4600309
ybaY_predicted,0.3333333333333333,2,2,ATACGTCTTGCGCACATTCA,0,4590462
ybaY_predicted,0.3333333333333333,2,2,ATACGGGTTTTTAGGAGGTA,0,4556235
ybaY_predicted,0.3333333333333333,2,2,ATACGCCTGCGCGACTGGCA,0,4596945
ybaY_predicted,0.3333333333333333,2,2,ATACCTTGCGCATACGGAAC,0,4587269
ybaY_predicted,0.3333333333333333,2,2,ATACCAATAGGACCGGAACG,0,4599395
ybaY_predicted,0.3333333333333333,2,2,ATACAATGCTGTGATTTATT,0,4554635
ybaY_predicted,0.3333333333333333,2,2,ATAATTGACTCATTCTGGAT,0,4572557
ybaY_predicted,0.3333333333333333,2,2,ATAATAAGTGCAGGACCATT,0,4578334
ybaY_predicted,0.3333333333333333,2,2,ATAACTCTTTTCCAGCGTGC,0,4562733
ybaY_predicted,0.3333333333333333,2,2,ATAACGTGGGACTCCGAGGT,0,4597557
ybaY_predicted,0.3333333333333333,2,2,ATAACGTAGCGACTGGTAGA,0,4564888
ybaY_predicted,0.3333333333333333,2,2,ATAACCTATAATACCAGTCC,0,4560139
ybaY_predicted,0.3333333333333333,2,2,ATAAAGTCCTAGCGGTAGGA,0,4560527
ybaY_predicted,0.3333333333333333,2,2,AGTTTACTTTTTAAAACCGA,0,4585456
ybaY_predicted,0.3333333333333333,2,2,AGTTTACCGTTTCAATGATG,0,4589037
ybaY_predicted,0.3333333333333333,2,2,AGTTGGTTATTCTTACTCTA,0,4572135
ybaY_predicted,0.3333333333333333,2,2,AGTGGGTCCGAATGCGCCGG,0,4587494
ybaY_predicted,0.3333333333333333,2,2,AGTGCTTAGCTATCCTCCTT,0,4600452
ybaY_predicted,0.3333333333333333,2,2,AGTGATTCTAACCAGTCTAT,0,4557099
ybaY_predicted,0.3333333333333333,2,2,AGTGATCTCTCTCGCCCCCA,0,4583263
ybaY_predicted,0.3333333333333333,2,2,AGTGAAGTCCTGAGCTAATG,0,4551765
ybaY_predicted,0.3333333333333333,2,2,AGTGAACTCCGGGATTATTC,0,4584979
ybaY_predicted,0.3333333333333333,2,2,AGTCTTTGTGCCCACTGGTC,0,4580522
ybaY_predicted,0.3333333333333333,2,2,AGTCTCCCCTTTGGCAATCA,0,4557191
ybaY_predicted,0.3333333333333333,2,2,AGTCTATAACCCATCATCGG,0,4572933
ybaY_predicted,0.3333333333333333,2,2,AGTCGTCAGTTCCTTATTCT,0,4563791
ybaY_predicted,0.3333333333333333,2,2,AGTCGAGGGTATAGCCCTCT,0,4561871
ybaY_predicted,0.3333333333333333,2,2,AGTCATACCTGGTCTCTGCC,0,4595577
ybaY_predicted,0.3333333333333333,2,2,AGTCAGCGTAGCTACCCCAC,0,4555779
ybaY_predicted,0.3333333333333333,2,2,AGTATTAACTTGCACGGGTC,0,4550464
ybaY_predicted,0.3333333333333333,2,2,AGTATGCTCGAATAATTGAA,0,4592071
ybaY_predicted,0.3333333333333333,2,2,AGTAGGGGCTTTTGAATTTT,0,4600401
ybaY_predicted,0.3333333333333333,2,2,AGTAAGGTATATGCGCAAAA,0,4596837
ybaY_predicted,0.3333333333333333,2,2,AGGTTGACGACCGCTTAAAG,0,4547064
ybaY_predicted,0.3333333333333333,2,2,AGGTTGAATCCAGTTCCTAT,0,4591703
ybaY_predicted,0.3333333333333333,2,2,AGGTGGGCGATAAAGGTCTA,0,4595071
ybaY_predicted,0.3333333333333333,2,2,AGGTGCAAGTAGCCATTGAG,0,4597825
ybaY_predicted,0.3333333333333333,2,2,AGGTCCAGGGTTCATAATTA,0,4546758
ybaY_predicted,0.3333333333333333,2,2,AGGTCAGGAAAAGCCTTTAA,0,4589511
ybaY_predicted,0.3333333333333333,2,2,AGGTATAGACCACAGTTCTG,0,4572964
ybaY_predicted,0.3333333333333333,2,2,AGGTAAGAATTGCCTTCCCG,0,4562730
ybaY_predicted,0.3333333333333333,2,2,AGGGTCGGGGCCTAGCGTTC,0,4573441
ybaY_predicted,0.3333333333333333,2,2,AGGGGAGTTCTGCGTAGTGC,0,4594054
ybaY_predicted,0.3333333333333333,2,2,AGGGCGGTGGTCGAATGGGT,0,4578640
ybaY_predicted,0.3333333333333333,2,2,AGGCTCCGGTCCAAAAGACT,0,4575420
ybaY_predicted,0.3333333333333333,2,2,AGGCGCCATGTCCTAAGATG,0,4585154
ybaY_predicted,0.3333333333333333,2,2,AGGCCTTGACACAGAACGAA,0,4574101
ybaY_predicted,0.3333333333333333,2,2,AGGCCATATTAATTAGACAG,0,4597133
ybaY_predicted,0.3333333333333333,2,2,AGGCCACTCCTAGAGTTCGA,0,4563238
ybaY_predicted,0.3333333333333333,2,2,AGGCATCACTCAGGGTCTAC,0,4553600
ybaY_predicted,0.3333333333333333,2,2,AGGCACTTACTAAGGGAAGA,0,4563281
ybaY_predicted,0.3333333333333333,2,2,AGGAGGTGCGAACGCCACCC,0,4599717
ybaY_predicted,0.3333333333333333,2,2,AGGAGCACCTCGTACTCAAT,0,4568107
ybaY_predicted,0.3333333333333333,2,2,AGGAGACTAGGGTTGGTGCA,0,4561930
ybaY_predicted,0.3333333333333333,2,2,AGGAGAAATAAGAGCGGCTT,0,4597465
ybaY_predicted,0.3333333333333333,2,2,AGGAACATAAACACGGCACC,0,4588345
ybaY_predicted,0.3333333333333333,2,2,AGCTGGCCTTAATACGGATT,0,4567086
ybaY_predicted,0.3333333333333333,2,2,AGCTGCGATACATCTAGGTC,0,4563987
ybaY_predicted,0.3333333333333333,2,2,AGCTATTGTGGCCATTGTGG,0,4593326
ybaY_predicted,0.3333333333333333,2,2,AGCTACCAGGCAAAACTAGA,0,4567411
ybaY_predicted,0.3333333333333333,2,2,AGCTAAAGGGTCCAGTGCAA,0,4595052
ybaY_predicted,0.3333333333333333,2,2,AGCGTGACCTTTGTTTTTTT,0,4566799
ybaY_predicted,0.3333333333333333,2,2,AGCGTCGTAGGTCGTAGTCT,0,4559699
ybaY_predicted,0.3333333333333333,2,2,AGCGGTACATCTGCCTTTTG,0,4567027
ybaY_predicted,0.3333333333333333,2,2,AGCGCTGTCAGACGTTCGAA,0,4547569
ybaY_predicted,0.3333333333333333,2,2,AGCCCGTTTTCGATTGTTTG,0,4571470
ybaY_predicted,0.3333333333333333,2,2,AGCCCATCTACCCGCGCGAA,0,4599887
ybaY_predicted,0.3333333333333333,2,2,AGCCATACAACGCGAGTTCG,0,4566800
ybaY_predicted,0.3333333333333333,2,2,AGCCAGTTGATTAATTATGC,0,4572641
ybaY_predicted,0.3333333333333333,2,2,AGCAGTGCCCAAACTCAGCT,0,4581487
ybaY_predicted,0.3333333333333333,2,2,AGCAGCAGGCAATGATCCAC,0,4555922
ybaY_predicted,0.3333333333333333,2,2,AGCACGCTCTACCGTGTTTC,0,4582064
ybaY_predicted,0.3333333333333333,2,2,AGCACCGGATCAGGTGTCGG,0,4544760
ybaY_predicted,0.3333333333333333,2,2,AGCACACTTGATGGAATCAT,0,4590613
ybaY_predicted,0.3333333333333333,2,2,AGCAATACTTAACTGAGGGA,0,4556804
ybaY_predicted,0.3333333333333333,2,2,AGATTGGTGCATATGAGATT,0,4557695
ybaY_predicted,0.3333333333333333,2,2,AGATCTTCAACGGTGTGCCA,0,4592090
ybaY_predicted,0.3333333333333333,2,2,AGATATGAGTATACCCTGAA,0,4559927
ybaY_predicted,0.3333333333333333,2,2,AGAGTCTACAATAGGCCGGT,0,4579636
ybaY_predicted,0.3333333333333333,2,2,AGAGGGTTGAATTGCTACAC,0,4581755
ybaY_predicted,0.3333333333333333,2,2,AGAGCCTGATGTATAGAAGT,0,4545096
ybaY_predicted,0.3333333333333333,2,2,AGAGAGACTGTGCCAACATA,0,4591823
ybaY_predicted,0.3333333333333333,2,2,AGACATCAGACGCGTTAATG,0,4598406
ybaY_predicted,0.3333333333333333,2,2,AGAATATGCCCTACGCGGGC,0,4583070
ybaY_predicted,0.3333333333333333,2,2,AGAATAGTACCAGAAGAATA,0,4593486
ybaY_predicted,0.3333333333333333,2,2,AGAACCGGGTCCTTCGGAAT,0,4579788
ybaY_predicted,0.3333333333333333,2,2,AGAAAGACGGTGATGCTCCG,0,4554292
ybaY_predicted,0.3333333333333333,2,2,ACTTTAACAAGGCCTCTATC,0,4569488
ybaY_predicted,0.3333333333333333,2,2,ACTTCTTAACTATAGGTTGT,0,4558866
ybaY_predicted,0.3333333333333333,2,2,ACTTCGCAACGGTAGTATTC,0,4589904
ybaY_predicted,0.3333333333333333,2,2,ACTTATGACCGCATGCTAAG,0,4548455
ybaY_predicted,0.3333333333333333,2,2,ACTTAGTCTGCGTCTGGCCT,0,4562182
ybaY_predicted,0.3333333333333333,2,2,ACTGTACAGCGTTACTCCCA,0,4567357
ybaY_predicted,0.3333333333333333,2,2,ACTGGTGTAGAGTGAAGCTT,0,4594279
ybaY_predicted,0.3333333333333333,2,2,ACTGGTAAAGTATTAAGTCC,0,4576142
ybaY_predicted,0.3333333333333333,2,2,ACTGCTCGCCTCGTGTGGAT,0,4564110
ybaY_predicted,0.3333333333333333,2,2,ACTGCTCATTAATTGGCATT,0,4595843
ybaY_predicted,0.3333333333333333,2,2,ACTGATGTTCTAGTTAGCTT,0,4593653
ybaY_predicted,0.3333333333333333,2,2,ACTGAGGGTAGGACCAGGCA,0,4561822
ybaY_predicted,0.3333333333333333,2,2,ACTGAGCAATAGGGTCTATG,0,4552167
ybaY_predicted,0.3333333333333333,2,2,ACTCGCGCCCCTCGCCAACA,0,4571454
ybaY_predicted,0.3333333333333333,2,2,ACTCGCCCACCGACGTTGTT,0,4562935
ybaY_predicted,0.3333333333333333,2,2,ACTCCTGCTATAATCGAATA,0,4551964
ybaY_predicted,0.3333333333333333,2,2,ACTCCATGGCTGATTGGTCC,0,4574853
ybaY_predicted,0.3333333333333333,2,2,ACTATCGTAAGCGTAAATTG,0,4595241
ybaY_predicted,0.3333333333333333,2,2,ACTAGGTCAATTGGTCCGAT,0,4549724
ybaY_predicted,0.3333333333333333,2,2,ACTAGCAAACCGGCAGAGGA,0,4583806
ybaY_predicted,0.3333333333333333,2,2,ACGTTTCGTGACGTTTGTAC,0,4549019
ybaY_predicted,0.3333333333333333,2,2,ACGTTCGCGAAGCCTCAACA,0,4593567
ybaY_predicted,0.3333333333333333,2,2,ACGTTACCTAAGCATCGAAC,0,4564297
ybaY_predicted,0.3333333333333333,2,2,ACGTTAACATGATTAGCGCA,0,4579580
ybaY_predicted,0.3333333333333333,2,2,ACGTCCTCTTTGTATGCGAG,0,4597113
ybaY_predicted,0.3333333333333333,2,2,ACGTCACAAGAAATGATTAT,0,4577359
ybaY_predicted,0.3333333333333333,2,2,ACGTATATATGTCCTGGGCA,0,4595332
ybaY_predicted,0.3333333333333333,2,2,ACGGTCGTTACTTCAATTTA,0,4569516
ybaY_predicted,0.3333333333333333,2,2,ACGGTATGGTCGCTGTGCTT,0,4590014
ybaY_predicted,0.3333333333333333,2,2,ACGGTAATTGTCATAGGAGT,0,4568617
ybaY_predicted,0.3333333333333333,2,2,ACGGGGTTTTAAGCTTCGCA,0,4565253
ybaY_predicted,0.3333333333333333,2,2,ACGGCTACTGGGGCCAATCG,0,4557855
ybaY_predicted,0.3333333333333333,2,2,ACGGCGCACCACGCCGTACG,0,4553593
ybaY_predicted,0.3333333333333333,2,2,ACGGATGCGGTTACAAATCT,0,4556591
ybaY_predicted,0.3333333333333333,2,2,ACGGAAATGGTAAATGAGGT,0,4585021
ybaY_predicted,0.3333333333333333,2,2,ACGCGGATCGGTCGCGGCTT,0,4555640
ybaY_predicted,0.3333333333333333,2,2,ACGCCATACACTTTACCAAT,0,4588379
ybaY_predicted,0.3333333333333333,2,2,ACGCATCATCACCGCCGTCC,0,4574854
ybaY_predicted,0.3333333333333333,2,2,ACGCAGGGTCTGGAGTGTAG,0,4563141
ybaY_predicted,0.3333333333333333,2,2,ACGACGCAGACTGTGGATTG,0,4565681
ybaY_predicted,0.3333333333333333,2,2,ACGAACCCATTTAAGATCAG,0,4560874
ybaY_predicted,0.3333333333333333,2,2,ACGAAAGAGAGAGTCCAGGA,0,4577807
ybaY_predicted,0.3333333333333333,2,2,ACCTTTACTGGTTGGAAACA,0,4587649
ybaY_predicted,0.3333333333333333,2,2,ACCTTCAGGCCAGGGGGCCT,0,4594102
ybaY_predicted,0.3333333333333333,2,2,ACCTGTGAAGTGTACTTAAC,0,4559642
ybaY_predicted,0.3333333333333333,2,2,ACCTATTGGAGACGTTGGTA,0,4547626
ybaY_predicted,0.3333333333333333,2,2,ACCTAGTGTATGCTGGGAGA,0,4580536
ybaY_predicted,0.3333333333333333,2,2,ACCGGGTTCGACGATGTTGA,0,4553033
ybaY_predicted,0.3333333333333333,2,2,ACCGCTTGTGATCCCTTGCA,0,4581210
ybaY_predicted,0.3333333333333333,2,2,ACCGCTTGCTCGTTGACGGG,0,4552265
ybaY_predicted,0.3333333333333333,2,2,ACCGCCGTATCAGCGCCGGT,0,4576918
ybaY_predicted,0.3333333333333333,2,2,ACCGCCCCTCGCTGTAGCTC,0,4586088
ybaY_predicted,0.3333333333333333,2,2,ACCCTTGCCTACCTTGACAT,0,4599175
ybaY_predicted,0.3333333333333333,2,2,ACCCGGTTGCAAGACCGTAC,0,4585329
ybaY_predicted,0.3333333333333333,2,2,ACCCCCGTAGCGTAAGACAT,0,4559827
ybaY_predicted,0.3333333333333333,2,2,ACCCACCGGAGCAAATGTTT,0,4593747
ybaY_predicted,0.3333333333333333,2,2,ACCATCTTCTTGATACGGGA,0,4580596
ybaY_predicted,0.3333333333333333,2,2,ACCATAATGAAAGTGAGGGA,0,4593033
ybaY_predicted,0.3333333333333333,2,2,ACCAGGATTGAGTAGGACTC,0,4596622
ybaY_predicted,0.3333333333333333,2,2,ACCAGATTCCATCAGGCCAA,0,4575474
ybaY_predicted,0.3333333333333333,2,2,ACCACGAATGGAGTGTCAAC,0,4598191
ybaY_predicted,0.3333333333333333,2,2,ACCAATGCTTTGGATCATTA,0,4568388
ybaY_predicted,0.3333333333333333,2,2,ACCAATATAGGAGAGTCTAA,0,4571948
ybaY_predicted,0.3333333333333333,2,2,ACCAAAAATGACTCCTGATC,0,4566222
ybaY_predicted,0.3333333333333333,2,2,ACATTTCCGCGAGGCCGCTC,0,4550724
ybaY_predicted,0.3333333333333333,2,2,ACATGGGAATCCGAGCTAAA,0,4599907
ybaY_predicted,0.3333333333333333,2,2,ACATCCGATTGGAGTCATCG,0,4598800
ybaY_predicted,0.3333333333333333,2,2,ACATCCAGCTTTAGAGCTGG,0,4564073
ybaY_predicted,0.3333333333333333,2,2,ACATAACCGTGGACTAAGCG,0,4586318
ybaY_predicted,0.3333333333333333,2,2,ACAGGCAGGCACATGGTCAT,0,4577211
ybaY_predicted,0.3333333333333333,2,2,ACAGGAGCAGCTTCGTTGTT,0,4575083
ybaY_predicted,0.3333333333333333,2,2,ACAGCGGGGTACGGTCCATG,0,4578695
ybaY_predicted,0.3333333333333333,2,2,ACAGACTTATGGTGGGGGTG,0,4598390
ybaY_predicted,0.3333333333333333,2,2,ACACTGCGGGCCTTCGGCAT,0,4565225
ybaY_predicted,0.3333333333333333,2,2,ACACGGGTTGAAGGCCACCC,0,4573327
ybaY_predicted,0.3333333333333333,2,2,ACACCGAAGAAATAAAGATG,0,4585682
ybaY_predicted,0.3333333333333333,2,2,ACACCCGTTGCGTTGGTTTC,0,4582645
ybaY_predicted,0.3333333333333333,2,2,ACACAGGCGGAGTCGTCAGT,0,4561589
ybaY_predicted,0.3333333333333333,2,2,ACAATCTTTCGCCCATTGCC,0,4581769
ybaY_predicted,0.3333333333333333,2,2,ACAAGCTCTGTCAAGTGGGT,0,4568762
ybaY_predicted,0.3333333333333333,2,2,ACAAGCAGCAACCCTCGCTA,0,4600344
ybaY_predicted,0.3333333333333333,2,2,ACAACTCACCGCTCAACGAT,0,4593618
ybaY_predicted,0.3333333333333333,2,2,ACAAATTCTATCAGCAGAGA,0,4583300
ybaY_predicted,0.3333333333333333,2,2,AATTTGCCCATCAAGTTTAC,0,4557103
ybaY_predicted,0.3333333333333333,2,2,AATTGAGTCCTTGAACACGC,0,4558481
ybaY_predicted,0.3333333333333333,2,2,AATTAATCTCGCATGAAGCG,0,4581453
ybaY_predicted,0.3333333333333333,2,2,AATGTCCATAAGGACTAGGG,0,4581428
ybaY_predicted,0.3333333333333333,2,2,AATGTAACACGGCCACCAGA,0,4557740
ybaY_predicted,0.3333333333333333,2,2,AATGGTAGCGGTAGACCGAG,0,4564376
ybaY_predicted,0.3333333333333333,2,2,AATGGGCCACGAAATGGGTG,0,4584723
ybaY_predicted,0.3333333333333333,2,2,AATGCTGGTCATCAGGTGTC,0,4560828
ybaY_predicted,0.3333333333333333,2,2,AATGCGGCAGCACGCGCGAG,0,4599466
ybaY_predicted,0.3333333333333333,2,2,AATGCAGGCCTCTAGGTTCA,0,4574678
ybaY_predicted,0.3333333333333333,2,2,AATGATGGAAGGATTACATA,0,4552049
ybaY_predicted,0.3333333333333333,2,2,AATCGTGGTCCATACTCCGT,0,4567793
ybaY_predicted,0.3333333333333333,2,2,AATCCGTTAATAAACGTTTC,0,4552110
ybaY_predicted,0.3333333333333333,2,2,AATCCATGGTACATAGGAGT,0,4599308
ybaY_predicted,0.3333333333333333,2,2,AATCCAGCCCCGCTCGTTTT,0,4574516
ybaY_predicted,0.3333333333333333,2,2,AATCATGTCGGTGGGAAGTG,0,4555890
ybaY_predicted,0.3333333333333333,2,2,AATCAGACATGGCAGTGCAA,0,4600331
ybaY_predicted,0.3333333333333333,2,2,AATCAGACAGTGCCCGTGAG,0,4567127
ybaY_predicted,0.3333333333333333,2,2,AATCAACCCTGCTAACGATA,0,4552103
ybaY_predicted,0.3333333333333333,2,2,AATATTATCAATGCCCGGAG,0,4549799
ybaY_predicted,0.3333333333333333,2,2,AATACGATATTTCAAGCTCA,0,4598806
ybaY_predicted,0.3333333333333333,2,2,AATAAGCTGAGACTACACGC,0,4544330
ybaY_predicted,0.3333333333333333,2,2,AATAAGCTAGAGTCCTATAG,0,4556001
ybaY_predicted,0.3333333333333333,2,2,AAGTTAGTCTGCCTGCCGCT,0,4586172
ybaY_predicted,0.3333333333333333,2,2,AAGTCATGCCAATTTAGGAT,0,4577190
ybaY_predicted,0.3333333333333333,2,2,AAGGTTCAGTGGTATGTATC,0,4552516
ybaY_predicted,0.3333333333333333,2,2,AAGGGTTACTACGGGGGATA,0,4550387
ybaY_predicted,0.3333333333333333,2,2,AAGGCTGTTTGGACTTTCGA,0,4565640
ybaY_predicted,0.3333333333333333,2,2,AAGGAGGCGTGCTAACGGAC,0,4563481
ybaY_predicted,0.3333333333333333,2,2,AAGGACCGCGTGCCTTAAGT,0,4598740
ybaY_predicted,0.3333333333333333,2,2,AAGGAAGCAGCCAGTTCGCT,0,4594416
ybaY_predicted,0.3333333333333333,2,2,AAGGAAAAATGCAGAAGTAA,0,4553395
ybaY_predicted,0.3333333333333333,2,2,AAGCTTTTGCCCAGGGGGTC,0,4577196
ybaY_predicted,0.3333333333333333,2,2,AAGCTGGGTATCTCGGTCAA,0,4546358
ybaY_predicted,0.3333333333333333,2,2,AAGCTGCTTAGGGCGCTCGC,0,4593809
ybaY_predicted,0.3333333333333333,2,2,AAGCTCACTGGGCCGCTCTC,0,4569008
ybaY_predicted,0.3333333333333333,2,2,AAGCGTAAAAAACGGATCGC,0,4566710
ybaY_predicted,0.3333333333333333,2,2,AAGCGGATACTTACCATTCC,0,4564926
ybaY_predicted,0.3333333333333333,2,2,AAGAGAAACGGTAACATACA,0,4551136
ybaY_predicted,0.3333333333333333,2,2,AAGACCGCCGCTCATATCTG,0,4574436
ybaY_predicted,0.3333333333333333,2,2,AAGACATACTACTGATTAAT,0,4584784
ybaY_predicted,0.3333333333333333,2,2,AAGAAACGCTATGAGCGGAG,0,4557642
ybaY_predicted,0.3333333333333333,2,2,AACTTGCCGGGTCTGTGTGA,0,4559129
ybaY_predicted,0.3333333333333333,2,2,AACTGTGCGCAAGTGCCAGT,0,4546602
ybaY_predicted,0.3333333333333333,2,2,AACTCTTACTGCGTACTCGC,0,4557963
ybaY_predicted,0.3333333333333333,2,2,AACTCGCTGTGTTTGGTTTT,0,4599512
ybaY_predicted,0.3333333333333333,2,2,AACTAAATAGCACCTGACCC,0,4584253
ybaY_predicted,0.3333333333333333,2,2,AACGTTAACGCCGGAACTGA,0,4598323
ybaY_predicted,0.3333333333333333,2,2,AACGTAATGCGAATGTTCGG,0,4589448
ybaY_predicted,0.3333333333333333,2,2,AACGGTGCTATGGTCGGGGC,0,4557013
ybaY_predicted,0.3333333333333333,2,2,AACGGCTAACCAGACAAACA,0,4551328
ybaY_predicted,0.3333333333333333,2,2,AACGGAGGCTGTTCAGTCTA,0,4550276
ybaY_predicted,0.3333333333333333,2,2,AACGACTTTCGTGGTTGAAT,0,4588207
ybaY_predicted,0.3333333333333333,2,2,AACGACCAAGGAGGTAGTGA,0,4567214
ybaY_predicted,0.3333333333333333,2,2,AACCTGTGGTATCTTACCGT,0,4564275
ybaY_predicted,0.3333333333333333,2,2,AACCTGGTCACCCAACCGTT,0,4549631
ybaY_predicted,0.3333333333333333,2,2,AACCGACTCGAGGGCTTCGC,0,4583807
ybaY_predicted,0.3333333333333333,2,2,AACATATTGAGCAGCCAGTT,0,4568675
ybaY_predicted,0.3333333333333333,2,2,AACAGGCCATCTGCTGGTTA,0,4592627
ybaY_predicted,0.3333333333333333,2,2,AACAGATTACGTGCAAATAC,0,4593299
ybaY_predicted,0.3333333333333333,2,2,AACAAACCGTACGCTAGGGT,0,4558998
ybaY_predicted,0.3333333333333333,2,2,AAATCGCGTGTGCGTATACC,0,4575536
ybaY_predicted,0.3333333333333333,2,2,AAATAGTTCTGGGTATCGGA,0,4597764
ybaY_predicted,0.3333333333333333,2,2,AAAGGGTAGGTTCACCTCGT,0,4584539
ybaY_predicted,0.3333333333333333,2,2,AAAGCCCTAGAAACCCTGAC,0,4571062
ybaY_predicted,0.3333333333333333,2,2,AAAGCAGCGTATTGGATACC,0,4566928
ybaY_predicted,0.3333333333333333,2,2,AAAGCAAACCAGAACATTAA,0,4556669
ybaY_predicted,0.3333333333333333,2,2,AAAGAGCGTCGTTAGTCCAC,0,4549215
ybaY_predicted,0.3333333333333333,2,2,AAACTTTCGCTCTTAACTCA,0,4546068
ybaY_predicted,0.3333333333333333,2,2,AAACGGAAGGGAGTAGTATT,0,4557635
ybaY_predicted,0.3333333333333333,2,2,AAACGCGGACGCATATGAAA,0,4571659
ybaY_predicted,0.3333333333333333,2,2,AAACCATCAAAAAGTAGTGT,0,4554018
ybaY_predicted,0.3333333333333333,2,2,AAACCAGTGCCCAAGCGCGC,0,4565301
ybaY_predicted,0.3333333333333333,2,2,AAACCACCACCGAGATCCCG,0,4582290
ybaY_predicted,0.3333333333333333,2,2,AAACAGCGTTCCTCGCTGTC,0,4570018
ybaY_predicted,0.3333333333333333,2,2,AAAAAGGTTTATAGTCCAGT,0,4565141
ybaY_predicted,0.3333333333333333,2,2,AAAAAACCTTGTCTCTATAG,0,4564509
ybaY_predicted,0.5,1,1,TTTTTGACGCTGCAGCGTAG,0,4556949
ybaY_predicted,0.5,1,1,TTTTTAGGAAATGACGAAAT,0,4550908
ybaY_predicted,0.5,1,1,TTTTGTGAGGGCGTTTTTAG,0,4546836
ybaY_predicted,0.5,1,1,TTTTGAGGAATTAAGCTGCG,0,4600736
ybaY_predicted,0.5,1,1,TTTTGAGAGCGTCATGCGAG,0,4577063
ybaY_predicted,0.5,1,1,TTTTCTGTAAGCGTATGTCG,0,4551976
ybaY_predicted,0.5,1,1,TTTTCGGAACTTATCGCGTA,0,4558626
ybaY_predicted,0.5,1,1,TTTTCACGTAATGCTAGTGG,0,4588911
ybaY_predicted,0.5,1,1,TTTTATTTGGGATGCACGGT,0,4549613
ybaY_predicted,0.5,1,1,TTTTACCACAATTGGTGTGA,0,4565968
ybaY_predicted,0.5,1,1,TTTTAACGTACTGCACGGAC,0,4586956
ybaY_predicted,0.5,1,1,TTTGTTTTACTTGTTTAGAA,0,4555806
ybaY_predicted,0.5,1,1,TTTGGTGAGTGCGGCAATCT,0,4581018
ybaY_predicted,0.5,1,1,TTTGGGGTGTCGCAGTCACT,0,4563904
ybaY_predicted,0.5,1,1,TTTGGCTAAACTCATTGCGT,0,4598365
ybaY_predicted,0.5,1,1,TTTGGCGTTCTCAGCACGTA,0,4579762
ybaY_predicted,0.5,1,1,TTTGGACGTCTCAGCGATTG,0,4550324
ybaY_predicted,0.5,1,1,TTTGGACAATCCATCGTAGG,0,4585395
ybaY_predicted,0.5,1,1,TTTGCGGATACCTCTTCGCA,0,4580625
ybaY_predicted,0.5,1,1,TTTGCGACTCTTTATACGGA,0,4555390
ybaY_predicted,0.5,1,1,TTTGATGCATTTCATACTGG,0,4562997
ybaY_predicted,0.5,1,1,TTTGATCGACTTACAATCGC,0,4574129
ybaY_predicted,0.5,1,1,TTTCTTAGCTGGACGTGCTG,0,4567451
ybaY_predicted,0.5,1,1,TTTCGGTGGAGTACCGCCGT,0,4591987
ybaY_predicted,0.5,1,1,TTTCGGGCGAGACACCAATA,0,4556329
ybaY_predicted,0.5,1,1,TTTCGCGTAGTGAGCTATCC,0,4546810
ybaY_predicted,0.5,1,1,TTTCCTATGAATCATCCCCG,0,4596609
ybaY_predicted,0.5,1,1,TTTCCGAACTGTGCTCTAGG,0,4585644
ybaY_predicted,0.5,1,1,TTTCCCCGTTACTAGGGTGA,0,4589302
ybaY_predicted,0.5,1,1,TTTCCATACTTGAGCTGACG,0,4586064
ybaY_predicted,0.5,1,1,TTTCCAAGGGTCGTCCTTAC,0,4596093
ybaY_predicted,0.5,1,1,TTTCAGCACTCTAACATAGG,0,4600493
ybaY_predicted,0.5,1,1,TTTATCCTGCCTCACGGAGC,0,4552710
ybaY_predicted,0.5,1,1,TTTATACCCGGCAGACCAAA,0,4558785
ybaY_predicted,0.5,1,1,TTTAGTAGGTGCTGGATCTT,0,4595513
ybaY_predicted,0.5,1,1,TTTAGTAGGCGCTAGTAGAA,0,4558767
ybaY_predicted,0.5,1,1,TTTAGGGTATAGTTGAGATT,0,4586497
ybaY_predicted,0.5,1,1,TTTACTCTGAGAAGCTTCTC,0,4579666
ybaY_predicted,0.5,1,1,TTTACCCAAGCTTCAGTCAC,0,4549757
ybaY_predicted,0.5,1,1,TTTAAGTGAAGGTTGGGCAG,0,4579110
ybaY_predicted,0.5,1,1,TTTAAGCCCCTGGGTGTTAC,0,4552996
ybaY_predicted,0.5,1,1,TTTAAATCATCTGGGTGGAT,0,4577614
ybaY_predicted,0.5,1,1,TTGTTATGTCTCCAACATAG,0,4559845
ybaY_predicted,0.5,1,1,TTGTTACTACACGGTGGTAC,0,4570162
ybaY_predicted,0.5,1,1,TTGTGTAGTCTTGGGGTCAC,0,4565037
ybaY_predicted,0.5,1,1,TTGTATTCGAACTGCCCTCG,0,4599182
ybaY_predicted,0.5,1,1,TTGTATGGACTAGAGGCGTT,0,4548803
ybaY_predicted,0.5,1,1,TTGTATCCATCTTCGGATAT,0,4560661
ybaY_predicted,0.5,1,1,TTGTAGGTTTAAATTTATTA,0,4596304
ybaY_predicted,0.5,1,1,TTGTAAAGCTGGTGGACTTT,0,4581346
ybaY_predicted,0.5,1,1,TTGGTTCATGCAATGGGTAA,0,4545646
ybaY_predicted,0.5,1,1,TTGGGATGAGAACAAGTAGT,0,4578840
ybaY_predicted,0.5,1,1,TTGGCCGTTGGGGTTTGTCT,0,4587184
ybaY_predicted,0.5,1,1,TTGGAGCAGAGCTTATGGGA,0,4591453
ybaY_predicted,0.5,1,1,TTGGAATCCAACGATATGGG,0,4549147
ybaY_predicted,0.5,1,1,TTGGAAGCTTTTCCTTACAG,0,4589788
ybaY_predicted,0.5,1,1,TTGCTTAAAAGCAAGGACCA,0,4551458
ybaY_predicted,0.5,1,1,TTGCTACTGGTCCTTATATG,0,4563381
ybaY_predicted,0.5,1,1,TTGCGTATCATAATGGCAGA,0,4586338
ybaY_predicted,0.5,1,1,TTGCCTAGCTAATAAAAGAA,0,4593175
ybaY_predicted,0.5,1,1,TTGCCGATTGCGCCGGGTCT,0,4568725
ybaY_predicted,0.5,1,1,TTGCATGCGCCGCAAAGCTA,0,4567880
ybaY_predicted,0.5,1,1,TTGCAATTTTATTTATGCCA,0,4563102
ybaY_predicted,0.5,1,1,TTGATAGTGTTCAGGCTGTC,0,4592981
ybaY_predicted,0.5,1,1,TTGAGGTATCTAAACCGCCA,0,4587127
ybaY_predicted,0.5,1,1,TTGAGGAGGGTAGAAAAATA,0,4551932
ybaY_predicted,0.5,1,1,TTGAGCAGGACAGCTTTTCC,0,4594837
ybaY_predicted,0.5,1,1,TTGACTTGCTCTTAAGAGGA,0,4569957
ybaY_predicted,0.5,1,1,TTGAATCTGCTCATGAGCGC,0,4548717
ybaY_predicted,0.5,1,1,TTGAAAGATTACGTATATTG,0,4568545
ybaY_predicted,0.5,1,1,TTGAAAGAGTACATCGGTGT,0,4556624
ybaY_predicted,0.5,1,1,TTCTGTTTGAAATCAGATGC,0,4556487
ybaY_predicted,0.5,1,1,TTCTGGTTTCCCTCCTGGGG,0,4578322
ybaY_predicted,0.5,1,1,TTCTGGCTTAGCTGACTAAT,0,4576409
ybaY_predicted,0.5,1,1,TTCTCTAGAGTAGATGTAGG,0,4569393
ybaY_predicted,0.5,1,1,TTCTCGTCTGAGTACCAGGC,0,4598850
ybaY_predicted,0.5,1,1,TTCTACGAACCAGAGAAATC,0,4581818
ybaY_predicted,0.5,1,1,TTCGTGTAGAATAGGACAGC,0,4587769
ybaY_predicted,0.5,1,1,TTCGTCTAAGTCGAGACAAC,0,4560623
ybaY_predicted,0.5,1,1,TTCGTAGGGATGTTTGTCCG,0,4579604
ybaY_predicted,0.5,1,1,TTCGCTAGCACTGTGCTTCA,0,4566560
ybaY_predicted,0.5,1,1,TTCGCTAAATGCCTGGACAA,0,4573371
ybaY_predicted,0.5,1,1,TTCGACTGGTAACTGAACTC,0,4560380
ybaY_predicted,0.5,1,1,TTCGACCTTTCGATAGCGCT,0,4600385
ybaY_predicted,0.5,1,1,TTCCTCAATAAGCACAGAGT,0,4568952
ybaY_predicted,0.5,1,1,TTCCCATGTGGGGAGCTTAC,0,4565538
ybaY_predicted,0.5,1,1,TTCCACCTACAGAAGTGTAT,0,4594859
ybaY_predicted,0.5,1,1,TTCAGTTCTTGCTCAGTCCT,0,4586970
ybaY_predicted,0.5,1,1,TTCAGCACAACTTTGCTAAA,0,4566874
ybaY_predicted,0.5,1,1,TTCAGATCGATGGTCCGACA,0,4578880
ybaY_predicted,0.5,1,1,TTCAGAACTTATGGCCTTCT,0,4586417
ybaY_predicted,0.5,1,1,TTCACAAGCAGCACTCGTCC,0,4566713
ybaY_predicted,0.5,1,1,TTATTAATACGGCTCTGGGG,0,4590766
ybaY_predicted,0.5,1,1,TTATCTTTATTGAGCCAAAT,0,4558522
ybaY_predicted,0.5,1,1,TTATCGTGACAGCGGGCACT,0,4598781
ybaY_predicted,0.5,1,1,TTATCGCTTCATCGCGTGAA,0,4581062
ybaY_predicted,0.5,1,1,TTATCCAATATCATACGTGG,0,4563674
ybaY_predicted,0.5,1,1,TTATATGTCATAGTCTAACC,0,4574026
ybaY_predicted,0.5,1,1,TTATATCTATTTCGCGCGCT,0,4566901
ybaY_predicted,0.5,1,1,TTATAAAACCCAAGCTGATG,0,4588954
ybaY_predicted,0.5,1,1,TTAGATTTCCCAGGATTGCA,0,4570776
ybaY_predicted,0.5,1,1,TTAGACGCCGTTGACAAAAC,0,4563455
ybaY_predicted,0.5,1,1,TTACTAGAACATACTATGTC,0,4569344
ybaY_predicted,0.5,1,1,TTACGACGCCTCATCCTGAG,0,4577430
ybaY_predicted,0.5,1,1,TTACCATGTCGAAACCGTGA,0,4549287
ybaY_predicted,0.5,1,1,TTACACGGAGGCGTCCGAGA,0,4575408
ybaY_predicted,0.5,1,1,TTACAATAATTTCGGCGGTG,0,4572447
ybaY_predicted,0.5,1,1,TTACAAGTGCCGGGAGTTCA,0,4593897
ybaY_predicted,0.5,1,1,TTACAAACTCCATTTCTACT,0,4560948
ybaY_predicted,0.5,1,1,TTAAGACGCGCGTTCTTACA,0,4584453
ybaY_predicted,0.5,1,1,TTAACGTTTACGGTTCGTGA,0,4595962
ybaY_predicted,0.5,1,1,TTAAAGCGTGGATAGATACT,0,4570116
ybaY_predicted,0.5,1,1,TTAAACTAGCGGTGCCCGCA,0,4587039
ybaY_predicted,0.5,1,1,TTAAACACAGCGACAGGGGT,0,4581192
ybaY_predicted,0.5,1,1,TGTTTGTCGCTCCTGACGCA,0,4576231
ybaY_predicted,0.5,1,1,TGTTTAGGCCGCTCATCCTC,0,4551402
ybaY_predicted,0.5,1,1,TGTTGTATCAACCTTCGAGG,0,4591380
ybaY_predicted,0.5,1,1,TGTTGCACTACGCGATTTCA,0,4572548
ybaY_predicted,0.5,1,1,TGTTGATTGTGCGTAGAGAT,0,4563155
ybaY_predicted,0.5,1,1,TGTTGACGCTATATAAGGAA,0,4575485
ybaY_predicted,0.5,1,1,TGTTCAACCGGCAGGCGTAG,0,4581530
ybaY_predicted,0.5,1,1,TGTTCAAACGCGTGTGCAAC,0,4587699
ybaY_predicted,0.5,1,1,TGTTACGGACCTCATCACTA,0,4584808
ybaY_predicted,0.5,1,1,TGTGTTTTGATGTGCTTGTA,0,4593758
ybaY_predicted,0.5,1,1,TGTGTTCAATTCTCCATTGT,0,4589081
ybaY_predicted,0.5,1,1,TGTGTGAGCGGCATGCGCAT,0,4578222
ybaY_predicted,0.5,1,1,TGTGTCACGGGTGCGGCGTC,0,4596196
ybaY_predicted,0.5,1,1,TGTGCGGCGATCATGAGGAG,0,4561057
ybaY_predicted,0.5,1,1,TGTGATAAATCTAATCACCC,0,4582138
ybaY_predicted,0.5,1,1,TGTGAGCGGGGAAAATCGTG,0,4549742
ybaY_predicted,0.5,1,1,TGTCTGACGATCCTCTATTC,0,4600143
ybaY_predicted,0.5,1,1,TGTCGTACAACCATGAATAC,0,4554510
ybaY_predicted,0.5,1,1,TGTCCTCGCCATTAAAAGAG,0,4574279
ybaY_predicted,0.5,1,1,TGTATTGCTAAGGGCACGAA,0,4584758
ybaY_predicted,0.5,1,1,TGTATGTGCGTCAGATGATC,0,4583477
ybaY_predicted,0.5,1,1,TGTACACACAGGACTTGGCA,0,4597538
ybaY_predicted,0.5,1,1,TGTAATTATCAATTAGCTTG,0,4547453
ybaY_predicted,0.5,1,1,TGTAAAGAGTCACTACTAGG,0,4565299
ybaY_predicted,0.5,1,1,TGGTCCCCCGCCAGGATCCA,0,4590187
ybaY_predicted,0.5,1,1,TGGTATTATTATTCTGGTCG,0,4547343
ybaY_predicted,0.5,1,1,TGGGTGGCCGATTAAAACAC,0,4581053
ybaY_predicted,0.5,1,1,TGGGGGACGAGTAGCTGATC,0,4593014
ybaY_predicted,0.5,1,1,TGGGCATAGAGTCGCCTGAG,0,4590038
ybaY_predicted,0.5,1,1,TGGGCACGGTTTACTAGGTC,0,4575609
ybaY_predicted,0.5,1,1,TGGGAGCAGACATTTAAAAT,0,4545462
ybaY_predicted,0.5,1,1,TGGCGGTAGGACAACAAAGG,0,4545383
ybaY_predicted,0.5,1,1,TGGCGAGCGCGTTTACTGAA,0,4590623
ybaY_predicted,0.5,1,1,TGGCCTGCCGATGGAGAAGG,0,4584393
ybaY_predicted,0.5,1,1,TGGCCTCTGTCAACTGCAGC,0,4546896
ybaY_predicted,0.5,1,1,TGGCCCGTAAAGCACGGGGA,0,4576928
ybaY_predicted,0.5,1,1,TGGCCAGTCGGCCGTGGTAA,0,4589042
ybaY_predicted,0.5,1,1,TGGCAATTTGTCTAGTTATC,0,4592322
ybaY_predicted,0.5,1,1,TGGCAATGCACGCAACGATT,0,4567183
ybaY_predicted,0.5,1,1,TGGATGGCCCCCCGCGAACG,0,4598412
ybaY_predicted,0.5,1,1,TGGAGGAAGCTCTCAGTGGG,0,4544921
ybaY_predicted,0.5,1,1,TGGAGCGGGTACTGTGATAG,0,4581799
ybaY_predicted,0.5,1,1,TGGAGAGAATAACCTTGGGG,0,4574306
ybaY_predicted,0.5,1,1,TGGACGGAACCGAAAGCCCT,0,4546635
ybaY_predicted,0.5,1,1,TGGAATTAACCGGCCTCAGC,0,4599553
ybaY_predicted,0.5,1,1,TGGAATCCACTTCCATAGCA,0,4556727
ybaY_predicted,0.5,1,1,TGGAATATGCATTGCACTAT,0,4549566
ybaY_predicted,0.5,1,1,TGCTTACTACGCCGCAAAAA,0,4590450
ybaY_predicted,0.5,1,1,TGCTGTGCATTCCTCCGAAC,0,4567449
ybaY_predicted,0.5,1,1,TGCTGGGTGTGTACATCGGT,0,4569102
ybaY_predicted,0.5,1,1,TGCTGCCGCGACATTTTAGT,0,4598689
ybaY_predicted,0.5,1,1,TGCTGATATCGGGCTACGCC,0,4559791
ybaY_predicted,0.5,1,1,TGCTATTATTTTGCGGGACG,0,4561026
ybaY_predicted,0.5,1,1,TGCTATATACCCAGTGGCGC,0,4570562
ybaY_predicted,0.5,1,1,TGCTAGCGGGGAACCTTTCA,0,4553119
ybaY_predicted,0.5,1,1,TGCTACTCTCTAGGGCTTGC,0,4575080
ybaY_predicted,0.5,1,1,TGCGTCGGTTTCATACTTTC,0,4591033
ybaY_predicted,0.5,1,1,TGCGGGATTGCCTCTACAAT,0,4592093
ybaY_predicted,0.5,1,1,TGCGGCTACCTGTAAGAATA,0,4547975
ybaY_predicted,0.5,1,1,TGCGGATACTTAGTACCCCT,0,4563766
ybaY_predicted,0.5,1,1,TGCGCCCCTAGACGAAGTAT,0,4585100
ybaY_predicted,0.5,1,1,TGCGACCTAGATGGTTTTGC,0,4593136
ybaY_predicted,0.5,1,1,TGCCGCTGGGACGTCAGTGT,0,4563197
ybaY_predicted,0.5,1,1,TGCCGCGGATCAGGCCCCAC,0,4567923
ybaY_predicted,0.5,1,1,TGCCGAATATGCATAAAATC,0,4581089
ybaY_predicted,0.5,1,1,TGCCCTGCTTGGACCCGAAT,0,4578176
ybaY_predicted,0.5,1,1,TGCCCGTATCCGTTGTTCTC,0,4593849
ybaY_predicted,0.5,1,1,TGCCAGGCAGTCCTAAAAGG,0,4546014
ybaY_predicted,0.5,1,1,TGCCAGCTTACCCGATCATA,0,4548869
ybaY_predicted,0.5,1,1,TGCCAGCGAGCGCCGACCAA,0,4590311
ybaY_predicted,0.5,1,1,TGCCACCCGCATCGTGCCAT,0,4593301
ybaY_predicted,0.5,1,1,TGCAGTACTTTGGGTCATAG,0,4545621
ybaY_predicted,0.5,1,1,TGCACGGTCCTCTCAGATTC,0,4594989
ybaY_predicted,0.5,1,1,TGCAATAGAGACCTGGCTAA,0,4588138
ybaY_predicted,0.5,1,1,TGATTGGTCAATTCGCTTGG,0,4551320
ybaY_predicted,0.5,1,1,TGATTCTCACGGCTGAACCC,0,4573073
ybaY_predicted,0.5,1,1,TGATTAGTTATGGTTTTTGT,0,4576369
ybaY_predicted,0.5,1,1,TGATGGTACGGTACTCTCGC,0,4588135
ybaY_predicted,0.5,1,1,TGATGGTAATTACTTCGCCT,0,4550419
ybaY_predicted,0.5,1,1,TGATAACGCTCAGCGGGTGG,0,4570194
ybaY_predicted,0.5,1,1,TGAGTACATTATTTTATGTG,0,4582494
ybaY_predicted,0.5,1,1,TGAGGTTAATTGTTGTTGTG,0,4556787
ybaY_predicted,0.5,1,1,TGAGGCACGTGCTCGCAACA,0,4596080
ybaY_predicted,0.5,1,1,TGAGACCGGGACGAGTCTCA,0,4559240
ybaY_predicted,0.5,1,1,TGACTTCCCCCCGGATGTCA,0,4548645
ybaY_predicted,0.5,1,1,TGACTGGGTAAGTCCAAAAT,0,4589981
ybaY_predicted,0.5,1,1,TGACATTTCATTGAGTAGCC,0,4584986
ybaY_predicted,0.5,1,1,TGACATAATGATCGTGAGCG,0,4588731
ybaY_predicted,0.5,1,1,TGAATTGTGCAAGGTATAAC,0,4591295
ybaY_predicted,0.5,1,1,TGAATGACATGTACCAAAAT,0,4555928
ybaY_predicted,0.5,1,1,TGAATCGAGGAGAGAGCTAG,0,4592531
ybaY_predicted,0.5,1,1,TGAAGGCCCGGAGCACAGGA,0,4578539
ybaY_predicted,0.5,1,1,TGAAGCGGTTGAAAGAAACA,0,4562700
ybaY_predicted,0.5,1,1,TGAAGAGGCAGAATGCTGTG,0,4555777
ybaY_predicted,0.5,1,1,TGAAGAGCTACTCGGACTAA,0,4589769
ybaY_predicted,0.5,1,1,TGAACTATGACAACCGAGAG,0,4583296
ybaY_predicted,0.5,1,1,TGAAAAAAATTCCAAAGATT,0,4587309
ybaY_predicted,0.5,1,1,TCTTTTTGTCTATCTACGGT,0,4589499
ybaY_predicted,0.5,1,1,TCTTTTCAGCGTGCGGGGTC,0,4556396
ybaY_predicted,0.5,1,1,TCTTTTCAAGGGAAGGGGTA,0,4566206
ybaY_predicted,0.5,1,1,TCTTTGTATCACAGGCTGAT,0,4553740
ybaY_predicted,0.5,1,1,TCTTGTAGTCCTAACGTGTG,0,4558341
ybaY_predicted,0.5,1,1,TCTTCTCTCGGTGGTTAGTT,0,4573344
ybaY_predicted,0.5,1,1,TCTTCTCAGAGCCGAATAGA,0,4579328
ybaY_predicted,0.5,1,1,TCTTCGTTTTTGGTTCAGGT,0,4585243
ybaY_predicted,0.5,1,1,TCTTCGGACTTCGAGTGTCA,0,4593473
ybaY_predicted,0.5,1,1,TCTTCGAGACAAATTCGAAG,0,4559525
ybaY_predicted,0.5,1,1,TCTTATTTTCAAAGCAAGGC,0,4560138
ybaY_predicted,0.5,1,1,TCTTAGGCGAATGCGTATTT,0,4563937
ybaY_predicted,0.5,1,1,TCTGGGGCATGTACGCTATC,0,4589192
ybaY_predicted,0.5,1,1,TCTGGCCACAGCCTCGACTT,0,4544961
ybaY_predicted,0.5,1,1,TCTGCAGCACTCGCTACAGG,0,4557686
ybaY_predicted,0.5,1,1,TCTGCAAGTGAGTAACATTC,0,4560361
ybaY_predicted,0.5,1,1,TCTGAGACTGATCGAATTCC,0,4554406
ybaY_predicted,0.5,1,1,TCTCTCCCCCTAGGACCATA,0,4593138
ybaY_predicted,0.5,1,1,TCTCGTGGACTATGCATGGG,0,4588651
ybaY_predicted,0.5,1,1,TCTCGTCCGGCCACAGCAGG,0,4566118
ybaY_predicted,0.5,1,1,TCTCGGAGCAGGACATGGGT,0,4568920
ybaY_predicted,0.5,1,1,TCTCCTGAGGGAAGCCTGAC,0,4590747
ybaY_predicted,0.5,1,1,TCTCCGTAACTCCAAACCAT,0,4579876
ybaY_predicted,0.5,1,1,TCTCCCTTGTCCGTTTACTC,0,4560017
ybaY_predicted,0.5,1,1,TCTCCAGGTAATAATTCCGT,0,4600004
ybaY_predicted,0.5,1,1,TCTCACATTACATGATTGAG,0,4548186
ybaY_predicted,0.5,1,1,TCTCAATCGCTTGGCAAATC,0,4573020
ybaY_predicted,0.5,1,1,TCTAGAGGGACTAGAACTCG,0,4600694
ybaY_predicted,0.5,1,1,TCTACTGATAAAGCCCTCCT,0,4592234
ybaY_predicted,0.5,1,1,TCTACGTTATTGCAGGCGGT,0,4577401
ybaY_predicted,0.5,1,1,TCTACGGTAGCCAGTTTTAA,0,4596490
ybaY_predicted,0.5,1,1,TCTAAGTTAAGGCTACGGTT,0,4562433
ybaY_predicted,0.5,1,1,TCGTTTAATCTGCGAGTTTG,0,4559105
ybaY_predicted,0.5,1,1,TCGTTGCGGCCGCGCTTTAA,0,4588498
ybaY_predicted,0.5,1,1,TCGTTGCATTTGTAAACTTC,0,4573031
ybaY_predicted,0.5,1,1,TCGTGGTGCCTTCAACTAGG,0,4565766
ybaY_predicted,0.5,1,1,TCGTACTCACTAAATCGACA,0,4597537
ybaY_predicted,0.5,1,1,TCGGGCTTTGCTTCATAGGT,0,4550260
ybaY_predicted,0.5,1,1,TCGGCTTTAAACACTATAGC,0,4561344
ybaY_predicted,0.5,1,1,TCGGCACGTATGGTGTGACC,0,4579982
ybaY_predicted,0.5,1,1,TCGGATTGAGCCACGACAAT,0,4550555
ybaY_predicted,0.5,1,1,TCGGAGTTCCTTAACAGCGT,0,4566471
ybaY_predicted,0.5,1,1,TCGGAGTACATCACCTCGCG,0,4547413
ybaY_predicted,0.5,1,1,TCGGACCTTGGTCGTTTCAA,0,4599487
ybaY_predicted,0.5,1,1,TCGGACACTATTCTGTATGA,0,4582574
ybaY_predicted,0.5,1,1,TCGGAAGTGCGTGGCCGCGT,0,4553238
ybaY_predicted,0.5,1,1,TCGCTGTCATCCAGAAGCTA,0,4576719
ybaY_predicted,0.5,1,1,TCGCTGAATTACTCCGGAAC,0,4590615
ybaY_predicted,0.5,1,1,TCGCTCGTATAAACCCTACT,0,4581869
ybaY_predicted,0.5,1,1,TCGCTAAGATAGTAGGGTTA,0,4554755
ybaY_predicted,0.5,1,1,TCGCGTTCGGCCAATAGCGT,0,4583465
ybaY_predicted,0.5,1,1,TCGCGGTGGGGAGTAAAATC,0,4597044
ybaY_predicted,0.5,1,1,TCGCGGACCGCCTCCAATTA,0,4551456
ybaY_predicted,0.5,1,1,TCGCGAACGACGGACCCGGC,0,4587232
ybaY_predicted,0.5,1,1,TCGCCCTCAGGACTTTCAGC,0,4553042
ybaY_predicted,0.5,1,1,TCGACTTGTACTAACCACTC,0,4564671
ybaY_predicted,0.5,1,1,TCGACACTGGAAAAAAGACC,0,4599788
ybaY_predicted,0.5,1,1,TCGACAACGATACTGGGCGA,0,4555234
ybaY_predicted,0.5,1,1,TCCTTCTGAAGACACCAACG,0,4565688
ybaY_predicted,0.5,1,1,TCCTCCTAATTTTGCACGTT,0,4586155
ybaY_predicted,0.5,1,1,TCCTCAGTTATAAGGGGACT,0,4556645
ybaY_predicted,0.5,1,1,TCCTATTACCATATCTCTCG,0,4582721
ybaY_predicted,0.5,1,1,TCCTACTCTATTCATTACGG,0,4554409
ybaY_predicted,0.5,1,1,TCCGGTCCGATGAGGTATTA,0,4572267
ybaY_predicted,0.5,1,1,TCCGGCGACATCTACATTTG,0,4563960
ybaY_predicted,0.5,1,1,TCCGGCCGTAAAGGTCTGCA,0,4579665
ybaY_predicted,0.5,1,1,TCCGCGTGCTTGTGCCTGGG,0,4546971
ybaY_predicted,0.5,1,1,TCCGCAATCCATTAAACAAA,0,4569211
ybaY_predicted,0.5,1,1,TCCGACAGTGCCAGTTTGGC,0,4566830
ybaY_predicted,0.5,1,1,TCCCGTGTATGGGATCGGGC,0,4593837
ybaY_predicted,0.5,1,1,TCCCGATACGTGCAGTAGAG,0,4557322
ybaY_predicted,0.5,1,1,TCCCAAACGAGGACATAACT,0,4597777
ybaY_predicted,0.5,1,1,TCCAGTGATATGATAATTTT,0,4567983
ybaY_predicted,0.5,1,1,TCCAGCGGGGACACCGCACG,0,4590661
ybaY_predicted,0.5,1,1,TCCACGAGGACGTGGCAGCG,0,4551917
ybaY_predicted,0.5,1,1,TCCAAATCGCTTTTCCCCAA,0,4580715
ybaY_predicted,0.5,1,1,TCCAAACCCTGAACAGTATG,0,4550905
ybaY_predicted,0.5,1,1,TCATTCTCGCTTCTGTCCAT,0,4559762
ybaY_predicted,0.5,1,1,TCATCAAATAATTCATTTGA,0,4598305
ybaY_predicted,0.5,1,1,TCAGGCGGTACGATACGGCG,0,4583281
ybaY_predicted,0.5,1,1,TCAGGCCTCGAGATGAGAAA,0,4571792
ybaY_predicted,0.5,1,1,TCAGGATGCAAGTGAGGCAA,0,4578199
ybaY_predicted,0.5,1,1,TCAGCTACAGCTCAATATTA,0,4566390
ybaY_predicted,0.5,1,1,TCAGCGTATGTGGTCTTGTG,0,4593328
ybaY_predicted,0.5,1,1,TCACTATCTTTATTTCACGT,0,4583921
ybaY_predicted,0.5,1,1,TCACCGCGGCTCCGAACGGA,0,4554439
ybaY_predicted,0.5,1,1,TCACCCCTGCTCGTGCCATT,0,4559890
ybaY_predicted,0.5,1,1,TCACCCCAAGCGACACTACT,0,4558704
ybaY_predicted,0.5,1,1,TCACATATGCGGCTACAGTT,0,4563283
ybaY_predicted,0.5,1,1,TCACAGCACAGTGATGTCCT,0,4579790
ybaY_predicted,0.5,1,1,TCAATCGACGCCTGGGCAAC,0,4595331
ybaY_predicted,0.5,1,1,TCAAGTTTTGTGGGCGTACA,0,4557067
ybaY_predicted,0.5,1,1,TCAAGGTTGCGAGATATAGG,0,4591000
ybaY_predicted,0.5,1,1,TCAAGGGATACATCTGAGAT,0,4558893
ybaY_predicted,0.5,1,1,TCAACGGGATTAACCACAAA,0,4582333
ybaY_predicted,0.5,1,1,TCAAATGGTCGCAGATAGGG,0,4550752
ybaY_predicted,0.5,1,1,TCAAACTGTAGCGAACCGGA,0,4568238
ybaY_predicted,0.5,1,1,TCAAACCGTATTCTATAGCT,0,4600269
ybaY_predicted,0.5,1,1,TATTCTATGCCATCGCCTCT,0,4588960
ybaY_predicted,0.5,1,1,TATTCGGTTGGAAATGGCCG,0,4593173
ybaY_predicted,0.5,1,1,TATTCCCACGTGGCCCCAGG,0,4587614
ybaY_predicted,0.5,1,1,TATTAGACATTGGCAGAGCG,0,4550116
ybaY_predicted,0.5,1,1,TATTACTTAAGCAGTTGATG,0,4564993
ybaY_predicted,0.5,1,1,TATGTGGACAAGCTCTGCGC,0,4586253
ybaY_predicted,0.5,1,1,TATGTCCTGACCTCGAGTGG,0,4563837
ybaY_predicted,0.5,1,1,TATGCAGCTATGAACTCCAG,0,4568796
ybaY_predicted,0.5,1,1,TATCGCACGGTGCACGTGAG,0,4587828
ybaY_predicted,0.5,1,1,TATCGAATCTGACTATCCCC,0,4580717
ybaY_predicted,0.5,1,1,TATCCAGCGTTCGGGACATG,0,4576195
ybaY_predicted,0.5,1,1,TATCCAAAATGAGTTCTGTT,0,4565928
ybaY_predicted,0.5,1,1,TATATTAATAGTCAGTTTGT,0,4577006
ybaY_predicted,0.5,1,1,TATATGGCACGCTTTGGCAA,0,4563940
ybaY_predicted,0.5,1,1,TATATGCAAACTAATCACCA,0,4581128
ybaY_predicted,0.5,1,1,TATATCGGTGGTTTAGGCAG,0,4583235
ybaY_predicted,0.5,1,1,TATATCCGGTGACCGTATCT,0,4566690
ybaY_predicted,0.5,1,1,TATATATTTAAGACCAACGT,0,4565725
ybaY_predicted,0.5,1,1,TATATATCATTTTGTAAATC,0,4594798
ybaY_predicted,0.5,1,1,TATAGTATGGACCATGGCCT,0,4566502
ybaY_predicted,0.5,1,1,TATAGCAATAACATAAAAGG,0,4566524
ybaY_predicted,0.5,1,1,TATACGCGCAGTTGCCAGGG,0,4582369
ybaY_predicted,0.5,1,1,TATAAAAGACTGCTGGTCGT,0,4558707
ybaY_predicted,0.5,1,1,TAGGTACCTGGGTCCCCAGG,0,4544708
ybaY_predicted,0.5,1,1,TAGGAAGGGGCGGAGCTGAG,0,4546437
ybaY_predicted,0.5,1,1,TAGCTTCCTACGAATAGTTC,0,4600198
ybaY_predicted,0.5,1,1,TAGCGGCATAGTTCACTAGA,0,4572886
ybaY_predicted,0.5,1,1,TAGCGATGGCTAAGCGCCAC,0,4572316
ybaY_predicted,0.5,1,1,TAGCGAGAATAGATCCGGCG,0,4566677
ybaY_predicted,0.5,1,1,TAGCCGGATAGGCGAAGTTT,0,4593420
ybaY_predicted,0.5,1,1,TAGCCAGCCATTCACCGCGA,0,4569593
ybaY_predicted,0.5,1,1,TAGCCAACTACCGCCTGCTT,0,4562687
ybaY_predicted,0.5,1,1,TAGCATACAGTCTCTCATCT,0,4572808
ybaY_predicted,0.5,1,1,TAGATTCGAACGTAACCTTG,0,4600360
ybaY_predicted,0.5,1,1,TAGACTGCAGTTTAATAGAA,0,4548577
ybaY_predicted,0.5,1,1,TACTTTGTTGCGCACAATCA,0,4586149
ybaY_predicted,0.5,1,1,TACTTACACCCTAAAATGTC,0,4561785
ybaY_predicted,0.5,1,1,TACTCTTAGGGGGAACGGGT,0,4582966
ybaY_predicted,0.5,1,1,TACTATGCATTGACTTTTCA,0,4576476
ybaY_predicted,0.5,1,1,TACTATCCTGGTATCTTAGG,0,4600738
ybaY_predicted,0.5,1,1,TACGTCCGACCTCTACTTGT,0,4568200
ybaY_predicted,0.5,1,1,TACGCTCGATGTAAACGAGC,0,4599820
ybaY_predicted,0.5,1,1,TACGAGGACCTCCGTCATGC,0,4584138
ybaY_predicted,0.5,1,1,TACGAATACAAATCCTTGAC,0,4573561
ybaY_predicted,0.5,1,1,TACCTGCGAAGAGCTATAAG,0,4589660
ybaY_predicted,0.5,1,1,TACCTGACTTAAGGTGAAGT,0,4566591
ybaY_predicted,0.5,1,1,TACCTAATTGTCGGGAGGCT,0,4598428
ybaY_predicted,0.5,1,1,TACCCCGGTGTCGAGATTAC,0,4558565
ybaY_predicted,0.5,1,1,TACCATCGCAAGTATCCCGC,0,4600116
ybaY_predicted,0.5,1,1,TACATCCCCAACCGGAGTAC,0,4593083
ybaY_predicted,0.5,1,1,TACAGTTCTACAGTGTGCGC,0,4547418
ybaY_predicted,0.5,1,1,TACAATCGTCCTTTTCAGCG,0,4574804
ybaY_predicted,0.5,1,1,TACAACCGGTCGTATATGGT,0,4553495
ybaY_predicted,0.5,1,1,TAATTGTTTATGGGCCAGCT,0,4586007
ybaY_predicted,0.5,1,1,TAATCCCCTTCTGAGGGTTT,0,4569039
ybaY_predicted,0.5,1,1,TAAGTCCGGCAGTTCGCAGC,0,4558974
ybaY_predicted,0.5,1,1,TAAGTACTCTCGCTCCGGTT,0,4575749
ybaY_predicted,0.5,1,1,TAAGGATAATTTTGGCTGGC,0,4570240
ybaY_predicted,0.5,1,1,TAAGCCCGCCACACTAGATG,0,4562735
ybaY_predicted,0.5,1,1,TAAGAGGCGGCTTGCCGTTC,0,4545473
ybaY_predicted,0.5,1,1,TAAGACTCTAGGCATCTCAC,0,4563544
ybaY_predicted,0.5,1,1,TAACTGTAAGTTTCGTACTC,0,4594786
ybaY_predicted,0.5,1,1,TAACTGGCCATAACGTCAAG,0,4598018
ybaY_predicted,0.5,1,1,TAACTAAACCGAGAAGTTGC,0,4550430
ybaY_predicted,0.5,1,1,TAACGGAGAGAAAGAGACTT,0,4576015
ybaY_predicted,0.5,1,1,TAACCGCTGATTAACGGCCA,0,4573745
ybaY_predicted,0.5,1,1,TAACATGGGGCAGGGCATAC,0,4582152
ybaY_predicted,0.5,1,1,TAAATCGACTCCGCGATCCC,0,4584949
ybaY_predicted,0.5,1,1,TAAATACCTTACAGAGTCAC,0,4590370
ybaY_predicted,0.5,1,1,TAAAATTGGCGGATCGCGAG,0,4560877
ybaY_predicted,0.5,1,1,TAAAATACAGGCTGTTGGCC,0,4586045
ybaY_predicted,0.5,1,1,TAAAAGGTAAGGTGAGCGTG,0,4575037
ybaY_predicted,0.5,1,1,TAAAAGGAGAAAGGTCTAAG,0,4587113
ybaY_predicted,0.5,1,1,TAAAAAAAGATAGGGCTACG,0,4597073
ybaY_predicted,0.5,1,1,GTTTTTGGGACATTACACTA,0,4544646
ybaY_predicted,0.5,1,1,GTTTTCTAAATAACTCAAGT,0,4550619
ybaY_predicted,0.5,1,1,GTTTTATGGAGCGCTGAGAG,0,4583007
ybaY_predicted,0.5,1,1,GTTTCTCGTGCCGTCGGAGA,0,4545095
ybaY_predicted,0.5,1,1,GTTTCGTGTGGTTTGCGGCA,0,4576062
ybaY_predicted,0.5,1,1,GTTTCCGGCGACGTCAATCA,0,4597670
ybaY_predicted,0.5,1,1,GTTTACGCGCGGCCCAGGAC,0,4587906
ybaY_predicted,0.5,1,1,GTTTACACCCATCTTCGGGC,0,4551670
ybaY_predicted,0.5,1,1,GTTTAAAACAACAATTGAAT,0,4554614
ybaY_predicted,0.5,1,1,GTTGGTCGGATGAACAACTG,0,4591331
ybaY_predicted,0.5,1,1,GTTGCTTTAACCAGAGTCCT,0,4582231
ybaY_predicted,0.5,1,1,GTTGCCTCGGCCCGGTTGGG,0,4560134
ybaY_predicted,0.5,1,1,GTTCTCGGGATACGATAACA,0,4564382
ybaY_predicted,0.5,1,1,GTTCTAAATAAAGGCCTCAC,0,4585003
ybaY_predicted,0.5,1,1,GTTCGTCTTAGCATGCTGCT,0,4569259
ybaY_predicted,0.5,1,1,GTTCCCCGAACGGCACTCTA,0,4558256
ybaY_predicted,0.5,1,1,GTTCATCAGAAGCCGGCATC,0,4564148
ybaY_predicted,0.5,1,1,GTTCACAACAAATCTAGAGT,0,4564159
ybaY_predicted,0.5,1,1,GTTAGCGTCTACGGTCTTCC,0,4585560
ybaY_predicted,0.5,1,1,GTTAGCGGTGGGGTAAAGCG,0,4565679
ybaY_predicted,0.5,1,1,GTTACGAGGTTCTGCTACGC,0,4551334
ybaY_predicted,0.5,1,1,GTTACCCCAATTGCCGCTAG,0,4551831
ybaY_predicted,0.5,1,1,GTTAAAGGGGTTCCTACGTC,0,4560908
ybaY_predicted,0.5,1,1,GTGTTTTTAGCCAGTGTATG,0,4573499
ybaY_predicted,0.5,1,1,GTGTTTGTTAATACCACATC,0,4590865
ybaY_predicted,0.5,1,1,GTGTTCCTATGTTTTCCTGA,0,4599434
ybaY_predicted,0.5,1,1,GTGTGGACGGACAAGCGTCG,0,4581352
ybaY_predicted,0.5,1,1,GTGTGAGGTGAAATATCTCA,0,4587370
ybaY_predicted,0.5,1,1,GTGTCCTTGCTTGAGCACAG,0,4582605
ybaY_predicted,0.5,1,1,GTGTATAATTACGATTACTT,0,4595051
ybaY_predicted,0.5,1,1,GTGTAGATGAGCGCTTCGTC,0,4579472
ybaY_predicted,0.5,1,1,GTGTACACATAATGGGTATT,0,4572822
ybaY_predicted,0.5,1,1,GTGGTGAATGCAGGCCAGTT,0,4582146
ybaY_predicted,0.5,1,1,GTGGGTTCCATGGTTATTGT,0,4557230
ybaY_predicted,0.5,1,1,GTGGGTAATGTTTAGGACCC,0,4591728
ybaY_predicted,0.5,1,1,GTGGCGGTCCGTAGTACATT,0,4561879
ybaY_predicted,0.5,1,1,GTGGCCACCATACCCCGTCA,0,4571618
ybaY_predicted,0.5,1,1,GTGGACCATTTTCTAGGAGT,0,4566155
ybaY_predicted,0.5,1,1,GTGGAAAAGGATAGTTGAGC,0,4585058
ybaY_predicted,0.5,1,1,GTGCCGCGCAGTGCCGCACG,0,4562479
ybaY_predicted,0.5,1,1,GTGCATGGCTTCAGCTGCGA,0,4565675
ybaY_predicted,0.5,1,1,GTGCATATCAAACGGCCGAG,0,4550611
ybaY_predicted,0.5,1,1,GTGCACTATAGGCTGGTTAC,0,4552798
ybaY_predicted,0.5,1,1,GTGATTGCGTCGCTTCCGAT,0,4588571
ybaY_predicted,0.5,1,1,GTGATCACTCCGCATTTGGC,0,4567407
ybaY_predicted,0.5,1,1,GTGATACCTCCCCCCAGGCA,0,4555534
ybaY_predicted,0.5,1,1,GTGAGCGTGGTTTTATTACC,0,4584363
ybaY_predicted,0.5,1,1,GTGAGATGTTACTGGGCAAG,0,4579809
ybaY_predicted,0.5,1,1,GTGAGATCAGACAAAACCCG,0,4584499
ybaY_predicted,0.5,1,1,GTCTTTGTTGCTGCACGGAC,0,4596120
ybaY_predicted,0.5,1,1,GTCTCTCAGAAGGTTTTAGC,0,4598044
ybaY_predicted,0.5,1,1,GTCTCTACGGGTGTCGGCAA,0,4552006
ybaY_predicted,0.5,1,1,GTCTCCTGAATTAAGATTCA,0,4546143
ybaY_predicted,0.5,1,1,GTCGTGTTCTCGGCTGCTGT,0,4591523
ybaY_predicted,0.5,1,1,GTCGTGGCTTCTGGTAGCAT,0,4571230
ybaY_predicted,0.5,1,1,GTCGTGCTCATCGTCGCCGC,0,4568963
ybaY_predicted,0.5,1,1,GTCGCATCATTTGCATTCGG,0,4556880
ybaY_predicted,0.5,1,1,GTCGATATATGTCTTATTAA,0,4599762
ybaY_predicted,0.5,1,1,GTCCGGCTTATAGGGTGATC,0,4560447
ybaY_predicted,0.5,1,1,GTCCGCGAGTATCGCATCGC,0,4576292
ybaY_predicted,0.5,1,1,GTCCCTGCTTTACGAATGAT,0,4551236
ybaY_predicted,0.5,1,1,GTCCCTCCATCCAAGTAGAC,0,4580336
ybaY_predicted,0.5,1,1,GTCCCTAGCTGGTACTTTTA,0,4568760
ybaY_predicted,0.5,1,1,GTCCCTACGCACAACTCTCT,0,4573368
ybaY_predicted,0.5,1,1,GTCCCGCTCCGGAAGTGCTC,0,4591723
ybaY_predicted,0.5,1,1,GTCCCACAAGCCACAGTGAT,0,4571632
ybaY_predicted,0.5,1,1,GTCCATAAGTGGTGCATTGT,0,4555623
ybaY_predicted,0.5,1,1,GTCCAGAGAAGTGGTTTTTC,0,4581787
ybaY_predicted,0.5,1,1,GTCCACGGGGAGAGAGCTTT,0,4554531
ybaY_predicted,0.5,1,1,GTCATTCTTCGTTCAGGCTA,0,4600693
ybaY_predicted,0.5,1,1,GTCAGGTCGTTCCCAGGCGT,0,4565100
ybaY_predicted,0.5,1,1,GTCAGGCCAAAGACACAGTG,0,4578392
ybaY_predicted,0.5,1,1,GTCAGCAGAGGTGCGGCCCA,0,4584307
ybaY_predicted,0.5,1,1,GTCAGCAAACAATTGTATGT,0,4576054
ybaY_predicted,0.5,1,1,GTCACGAGTGTCGAAGGTTA,0,4567817
ybaY_predicted,0.5,1,1,GTCAAGTGGGGGGACACTTG,0,4552653
ybaY_predicted,0.5,1,1,GTCAAACGTAACCAGGACCG,0,4560304
ybaY_predicted,0.5,1,1,GTATTAATCGACCGGCGATA,0,4567081
ybaY_predicted,0.5,1,1,GTATGTTCTTATTTTGGCGT,0,4597716
ybaY_predicted,0.5,1,1,GTATGTATCGTCGGCATCAA,0,4551850
ybaY_predicted,0.5,1,1,GTATCTACGGTACCCAACAA,0,4546533
ybaY_predicted,0.5,1,1,GTATAACCCAGCTCGGGACA,0,4589483
ybaY_predicted,0.5,1,1,GTAGTTCGATGTACATCCGG,0,4586227
ybaY_predicted,0.5,1,1,GTAGGTCACTCCGTAGGCCT,0,4546011
ybaY_predicted,0.5,1,1,GTAGGTACGCCTCACAAAGC,0,4560870
ybaY_predicted,0.5,1,1,GTAGGTACATTATTTTTGGT,0,4589889
ybaY_predicted,0.5,1,1,GTAGGAATTAATGGTCTAAT,0,4595094
ybaY_predicted,0.5,1,1,GTAGCAGAATGATTAGTATT,0,4557982
ybaY_predicted,0.5,1,1,GTAGATTGCTGCCTTCCACG,0,4573813
ybaY_predicted,0.5,1,1,GTAGATATTGTCATCAAGAC,0,4597333
ybaY_predicted,0.5,1,1,GTAGAGACAGCCGGCATGGT,0,4565042
ybaY_predicted,0.5,1,1,GTACTCTCTCGTCTAGTTGG,0,4552665
ybaY_predicted,0.5,1,1,GTACCTCCGCAAGATTCTTA,0,4554175
ybaY_predicted,0.5,1,1,GTACCGAGGGAGGAAAAGTT,0,4579784
ybaY_predicted,0.5,1,1,GTACAGTCTGCTTCAACTCC,0,4564199
ybaY_predicted,0.5,1,1,GTACAGCGTCCCATACCGTA,0,4555728
ybaY_predicted,0.5,1,1,GTAATGCCGACTTCGTGGAT,0,4589492
ybaY_predicted,0.5,1,1,GTAATACGCTCTTTTAGGTC,0,4590094
ybaY_predicted,0.5,1,1,GTAAGTTAATTACCTTCACG,0,4546398
ybaY_predicted,0.5,1,1,GTAAGTACATCGGCACCTCT,0,4593142
ybaY_predicted,0.5,1,1,GTAAGAAACTACTCTTGGGA,0,4576177
ybaY_predicted,0.5,1,1,GTAACGACCTTTACGGCTCG,0,4567263
ybaY_predicted,0.5,1,1,GGTTTCTGAATGCCCGGGCT,0,4570559
ybaY_predicted,0.5,1,1,GGTTTCGGCGCAGATATATG,0,4548038
ybaY_predicted,0.5,1,1,GGTTTAGTTATTATCGAAAG,0,4560499
ybaY_predicted,0.5,1,1,GGTTTAAAAACGGGTGTTTG,0,4596689
ybaY_predicted,0.5,1,1,GGTTGCGTAGGAGAAGCCCC,0,4598868
ybaY_predicted,0.5,1,1,GGTTCTAAAACTATACCTGA,0,4568892
ybaY_predicted,0.5,1,1,GGTTCGTTTCGGCCGTCTGG,0,4598449
ybaY_predicted,0.5,1,1,GGTTCCTAGGTGGAAACAAA,0,4564333
ybaY_predicted,0.5,1,1,GGTGTCTACCATATAGAAGT,0,4592550
ybaY_predicted,0.5,1,1,GGTGTCCAGGGCCGACTAAA,0,4555098
ybaY_predicted,0.5,1,1,GGTGGATCCATTACTATGAT,0,4556666
ybaY_predicted,0.5,1,1,GGTGCCCGCATGAATAAAAC,0,4566371
ybaY_predicted,0.5,1,1,GGTGCAACCTTGGACTGTAC,0,4552930
ybaY_predicted,0.5,1,1,GGTGAGATTATTAGTGGTAT,0,4558431
ybaY_predicted,0.5,1,1,GGTGACATAGGTAGTGTAGA,0,4556586
ybaY_predicted,0.5,1,1,GGTGAAAATGTATGTGAGCC,0,4580484
ybaY_predicted,0.5,1,1,GGTCTCTCACCCGGAACTCA,0,4562621
ybaY_predicted,0.5,1,1,GGTCTAGCCACAGGAGGCCT,0,4572444
ybaY_predicted,0.5,1,1,GGTCGGTGTGTGCTTACAAG,0,4557417
ybaY_predicted,0.5,1,1,GGTCGGACGCACAGGGGCTA,0,4599371
ybaY_predicted,0.5,1,1,GGTCGCTCCTACGGTGTGAT,0,4595316
ybaY_predicted,0.5,1,1,GGTCGAACCCGATCAACCAC,0,4568950
ybaY_predicted,0.5,1,1,GGTCCTACTGTTCGTCCTCT,0,4580641
ybaY_predicted,0.5,1,1,GGTCCATGCTTGTGGCACAG,0,4597836
ybaY_predicted,0.5,1,1,GGTCCATCCAAGCACACCTA,0,4574575
ybaY_predicted,0.5,1,1,GGTATATGGGGCTATGTCAC,0,4596104
ybaY_predicted,0.5,1,1,GGTAGGGACGAGCCTGGTCT,0,4600242
ybaY_predicted,0.5,1,1,GGTACAGAATTAAACTCAAG,0,4594245
ybaY_predicted,0.5,1,1,GGTAATGATGGTTACCCCAA,0,4590171
ybaY_predicted,0.5,1,1,GGGTTTCCCACGTTCATAGA,0,4579349
ybaY_predicted,0.5,1,1,GGGTGGACAACCGACCTTGC,0,4590440
ybaY_predicted,0.5,1,1,GGGTCCACGGGTGATAAGCG,0,4577521
ybaY_predicted,0.5,1,1,GGGGTTAATTCTATATGGAC,0,4588612
ybaY_predicted,0.5,1,1,GGGGGTCTCTAACTTACATC,0,4566588
ybaY_predicted,0.5,1,1,GGGGGTCCCCTTATTGAGGA,0,4567066
ybaY_predicted,0.5,1,1,GGGGGGCGGAGCCTTTCATC,0,4568831
ybaY_predicted,0.5,1,1,GGGGCCGAGCGCTGAGCTAG,0,4561738
ybaY_predicted,0.5,1,1,GGGGAATTCTGACTGTTTAA,0,4589756
ybaY_predicted,0.5,1,1,GGGGAAGCTTGACCCCTGTA,0,4579977
ybaY_predicted,0.5,1,1,GGGGAAGCAGCAGAGGGAAT,0,4565052
ybaY_predicted,0.5,1,1,GGGCTCCCAGGCCGAACCCA,0,4562668
ybaY_predicted,0.5,1,1,GGGCGTATGTTACAGACCCA,0,4579007
ybaY_predicted,0.5,1,1,GGGCGGCACATGAGATTAGA,0,4546875
ybaY_predicted,0.5,1,1,GGGCCTCGGTAGCCTTTACC,0,4573937
ybaY_predicted,0.5,1,1,GGGCCATTACTGACTGGAAC,0,4555251
ybaY_predicted,0.5,1,1,GGGCAGTACGCTTTAATGAG,0,4600178
ybaY_predicted,0.5,1,1,GGGCACCGCTAACGAGAGTT,0,4547842
ybaY_predicted,0.5,1,1,GGGATGAACGCATCTATACT,0,4578812
ybaY_predicted,0.5,1,1,GGGATCGGGATGGGTGTACT,0,4549562
ybaY_predicted,0.5,1,1,GGGACTGTGGGGCAACCATG,0,4598914
ybaY_predicted,0.5,1,1,GGGACTGGATTCCACGAGAA,0,4585162
ybaY_predicted,0.5,1,1,GGGACTATACTTCATCATAT,0,4557017
ybaY_predicted,0.5,1,1,GGGACGCACTTGTAAGGGAT,0,4566143
ybaY_predicted,0.5,1,1,GGGACCGACCCTACTGCCAT,0,4579012
ybaY_predicted,0.5,1,1,GGGACATGCGAACGATCGGA,0,4583065
ybaY_predicted,0.5,1,1,GGGAAGCTCTGCGGCGTTTG,0,4555288
ybaY_predicted,0.5,1,1,GGGAACGTTTCAGTGTCAGA,0,4565452
ybaY_predicted,0.5,1,1,GGGAAAGCTGGGTGACCTTC,0,4595619
ybaY_predicted,0.5,1,1,GGCTGCAAGAATTGACTCAC,0,4556426
ybaY_predicted,0.5,1,1,GGCTGACTAACAATAGCACT,0,4593622
ybaY_predicted,0.5,1,1,GGCTCTTAATGTTCAGCAGC,0,4575007
ybaY_predicted,0.5,1,1,GGCTCTCGGGGAACGTCTGG,0,4581437
ybaY_predicted,0.5,1,1,GGCTCCCGATCAATTGTTAG,0,4556326
ybaY_predicted,0.5,1,1,GGCTCCACCCGCCTGGGAAG,0,4544982
ybaY_predicted,0.5,1,1,GGCTAGATTAAGAGATAGTA,0,4546733
ybaY_predicted,0.5,1,1,GGCTAGAAGGGGTTAGTTCC,0,4598552
ybaY_predicted,0.5,1,1,GGCGTGGGATCCCTCGAAGG,0,4553532
ybaY_predicted,0.5,1,1,GGCGTCGGTCTCTATCGAAC,0,4550190
ybaY_predicted,0.5,1,1,GGCGTAGCATTGTGCGTCGC,0,4590582
ybaY_predicted,0.5,1,1,GGCGGTGAGTGCTGATATTG,0,4561469
ybaY_predicted,0.5,1,1,GGCGGTCCCGTTCCGCGCAG,0,4599400
ybaY_predicted,0.5,1,1,GGCGGAAGCCGGCAATTGGC,0,4596316
ybaY_predicted,0.5,1,1,GGCGCTCCGATTCTGCCCTA,0,4566518
ybaY_predicted,0.5,1,1,GGCGCCACCCTTCCTCTCTT,0,4551400
ybaY_predicted,0.5,1,1,GGCGCAGCAGAGCGCTTGTA,0,4554482
ybaY_predicted,0.5,1,1,GGCGAACTCGCCCCGTGCCG,0,4576170
ybaY_predicted,0.5,1,1,GGCCTAGAGTCACGCCACCA,0,4546671
ybaY_predicted,0.5,1,1,GGCCTACAACGCGTATTATT,0,4588665
ybaY_predicted,0.5,1,1,GGCCGTGCCGCCTCCATGCG,0,4574617
ybaY_predicted,0.5,1,1,GGCCGCGTCACTAAAGATGA,0,4581949
ybaY_predicted,0.5,1,1,GGCCGCATAAATTCCAGCTC,0,4549163
ybaY_predicted,0.5,1,1,GGCCGACATCGGCAAAGTAT,0,4565320
ybaY_predicted,0.5,1,1,GGCCCTTACAAGTACCGTAA,0,4573428
ybaY_predicted,0.5,1,1,GGCCCGGTCGGAATTTTTTT,0,4558529
ybaY_predicted,0.5,1,1,GGCCCCTTGGGGAACGCGGT,0,4566507
ybaY_predicted,0.5,1,1,GGCCAGCTTGAAGTCTGGTT,0,4565043
ybaY_predicted,0.5,1,1,GGCATGGGTTTGAACCCTGC,0,4586584
ybaY_predicted,0.5,1,1,GGCAGGTAAGCCATCTGTCC,0,4586214
ybaY_predicted,0.5,1,1,GGCAGCTTACAGGATCTGAA,0,4598502
ybaY_predicted,0.5,1,1,GGCAGAATGGAAACAGACGC,0,4556936
ybaY_predicted,0.5,1,1,GGCACCCCATACGATCCACA,0,4553521
ybaY_predicted,0.5,1,1,GGCACATGTGGCAAAAAATC,0,4571440
ybaY_predicted,0.5,1,1,GGCAAGATGCTGGTAGGTGC,0,4561288
ybaY_predicted,0.5,1,1,GGATTTGCTATAGTGGGGTG,0,4547850
ybaY_predicted,0.5,1,1,GGATTGACGCTTTCGCACAT,0,4550191
ybaY_predicted,0.5,1,1,GGATGGTCATCCTGGAATGT,0,4579290
ybaY_predicted,0.5,1,1,GGATGGCCCCATAGTTAAGG,0,4599184
ybaY_predicted,0.5,1,1,GGATGGAGGGTCCCAGGTTT,0,4578874
ybaY_predicted,0.5,1,1,GGATGCCGTATTATAGATGC,0,4566877
ybaY_predicted,0.5,1,1,GGATGACCCCATTCCATGAC,0,4555682
ybaY_predicted,0.5,1,1,GGATATAGCAGTTATGTCCA,0,4582552
ybaY_predicted,0.5,1,1,GGAGTGGGCATATCGGTATC,0,4599114
ybaY_predicted,0.5,1,1,GGAGGTCCAAGAATTCCGGT,0,4548608
ybaY_predicted,0.5,1,1,GGAGGGGATTTGAGAGAATT,0,4577118
ybaY_predicted,0.5,1,1,GGAGGGATCAATAGCGCTCT,0,4575921
ybaY_predicted,0.5,1,1,GGAGCCTAAACAAGAGACAC,0,4583398
ybaY_predicted,0.5,1,1,GGACTGCTATGCCCGTTGCT,0,4584061
ybaY_predicted,0.5,1,1,GGACTCGCCACCCGGGGTTC,0,4569546
ybaY_predicted,0.5,1,1,GGACTATTGTGAATTTGGGA,0,4595972
ybaY_predicted,0.5,1,1,GGACTAGGTATTTCCCAAAC,0,4554267
ybaY_predicted,0.5,1,1,GGACGGAAGGGAGCCATAAC,0,4566829
ybaY_predicted,0.5,1,1,GGACGCGACCTAGTCCATAC,0,4594502
ybaY_predicted,0.5,1,1,GGACGATTTGTCGGCGCGTC,0,4573125
ybaY_predicted,0.5,1,1,GGACCGGAACAGCGACAAAT,0,4554234
ybaY_predicted,0.5,1,1,GGACCCGTATCTTTACCATT,0,4600010
ybaY_predicted,0.5,1,1,GGACCAGACGCTGTAGGACA,0,4547215
ybaY_predicted,0.5,1,1,GGACCAAATATTTAATGGGG,0,4590857
ybaY_predicted,0.5,1,1,GGACACGCTATGTTGAAAGA,0,4559973
ybaY_predicted,0.5,1,1,GGACACAATGGCACAATCGT,0,4572865
ybaY_predicted,0.5,1,1,GGAATTAGATGTGACTCACT,0,4599276
ybaY_predicted,0.5,1,1,GGAAGTTGCTGTATGATTCT,0,4554108
ybaY_predicted,0.5,1,1,GGAAGGCGACAATGGGACCA,0,4580337
ybaY_predicted,0.5,1,1,GGAAGAGGACCAAGTCTAGC,0,4561865
ybaY_predicted,0.5,1,1,GGAAGACTGTAGCGTTCTGA,0,4564718
ybaY_predicted,0.5,1,1,GCTTTTCAAGCTCTAGTAAA,0,4584426
ybaY_predicted,0.5,1,1,GCTTGGCGGTTCCATACAGG,0,4569548
ybaY_predicted,0.5,1,1,GCTTGGCCTTGCTTTACAGG,0,4574566
ybaY_predicted,0.5,1,1,GCTTCTAGTACGCTATCGCA,0,4579355
ybaY_predicted,0.5,1,1,GCTTCGTGGTGCCTAGATCA,0,4573593
ybaY_predicted,0.5,1,1,GCTTCGCATGTTGAGGTGGT,0,4544920
ybaY_predicted,0.5,1,1,GCTTAAGCTAGACGGATATA,0,4573779
ybaY_predicted,0.5,1,1,GCTGTAGTTACACTCATCTT,0,4544550
ybaY_predicted,0.5,1,1,GCTGTAAAAATATAGTTACC,0,4583042
ybaY_predicted,0.5,1,1,GCTGCTTCCAAATCAATCGG,0,4600162
ybaY_predicted,0.5,1,1,GCTGCTCCTTCACCTTTCCG,0,4570771
ybaY_predicted,0.5,1,1,GCTGCCGTTTGGCTATTCGA,0,4547416
ybaY_predicted,0.5,1,1,GCTCGGGACTCCCGAGCTAT,0,4556913
ybaY_predicted,0.5,1,1,GCTCGGATGACAGGAATCGT,0,4572755
ybaY_predicted,0.5,1,1,GCTCGCCGACAGGTATAGGA,0,4574355
ybaY_predicted,0.5,1,1,GCTCGAGAATGCTATTTCCC,0,4588549
ybaY_predicted,0.5,1,1,GCTCCTCCACGCGTTTGGGT,0,4584540
ybaY_predicted,0.5,1,1,GCTCCTACACCACGACATAA,0,4574161
ybaY_predicted,0.5,1,1,GCTCCAGAGCTCTTACAAGT,0,4572128
ybaY_predicted,0.5,1,1,GCTATTTTGCGTCGGAATCT,0,4579325
ybaY_predicted,0.5,1,1,GCTATTGCGGGAAGCGCGTT,0,4586147
ybaY_predicted,0.5,1,1,GCTATGTGTATGCTCCCAAC,0,4582753
ybaY_predicted,0.5,1,1,GCTAGTGTGCCCGAAGCCGA,0,4545007
ybaY_predicted,0.5,1,1,GCTAGTGGTAAGAGGTCTTT,0,4587274
ybaY_predicted,0.5,1,1,GCTAGGCTCCTAGCTTCGAA,0,4559118
ybaY_predicted,0.5,1,1,GCTAGCTGAGGAGCTTTGTG,0,4570041
ybaY_predicted,0.5,1,1,GCTACGCCGGATAAGGATGA,0,4584240
ybaY_predicted,0.5,1,1,GCTAATTGCCTAATGCCGCA,0,4551247
ybaY_predicted,0.5,1,1,GCTAAATCGCTGAGCCCAAC,0,4579944
ybaY_predicted,0.5,1,1,GCTAAATACTTGCCTTCTGT,0,4560940
ybaY_predicted,0.5,1,1,GCGTTGCAGCCGCTTGCCTT,0,4545451
ybaY_predicted,0.5,1,1,GCGTTGAATCTACAGCAGGG,0,4597026
ybaY_predicted,0.5,1,1,GCGTTAGAGGTCCCCCGAAA,0,4569959
ybaY_predicted,0.5,1,1,GCGTGCTGCGGAGTTCTTCG,0,4592987
ybaY_predicted,0.5,1,1,GCGTGCTCGGAAGATTGCAA,0,4566528
ybaY_predicted,0.5,1,1,GCGTGCGGCGTTTAGCAGCA,0,4575301
ybaY_predicted,0.5,1,1,GCGTCCTCTCCCTACCAACA,0,4571668
ybaY_predicted,0.5,1,1,GCGTCCCTGTCAAAAGTCGG,0,4589044
ybaY_predicted,0.5,1,1,GCGTAGGGATTTCCCCCTTC,0,4549217
ybaY_predicted,0.5,1,1,GCGTACTGTGGCAGTCCAGG,0,4555760
ybaY_predicted,0.5,1,1,GCGGTGGGTGGCATACCGAG,0,4557064
ybaY_predicted,0.5,1,1,GCGGTGAGCTTCTCTCGTGC,0,4598659
ybaY_predicted,0.5,1,1,GCGGGTAGGTTATCTTATGT,0,4595674
ybaY_predicted,0.5,1,1,GCGGATGGGTACTGGGCGAT,0,4556611
ybaY_predicted,0.5,1,1,GCGCGGATCTTCGCAGCTTG,0,4567720
ybaY_predicted,0.5,1,1,GCGCGCTCAGCGCAGCCGCT,0,4566167
ybaY_predicted,0.5,1,1,GCGCCGCGTTGAGAGCATTC,0,4569599
ybaY_predicted,0.5,1,1,GCGCCGACAGACCTAGGGAT,0,4545817
ybaY_predicted,0.5,1,1,GCGCCCCGTGATGCCCGACC,0,4558019
ybaY_predicted,0.5,1,1,GCGCCCCGCAGTCGGCCTCC,0,4570804
ybaY_predicted,0.5,1,1,GCGCCCAGACAGCGGATTCT,0,4548972
ybaY_predicted,0.5,1,1,GCGCACTACCATCACCATGT,0,4576483
ybaY_predicted,0.5,1,1,GCGATTTTACTCCAACAGGG,0,4590445
ybaY_predicted,0.5,1,1,GCGATTCTACCGGTCGTTAT,0,4583914
ybaY_predicted,0.5,1,1,GCGATCAGTAGGCTCTGCGC,0,4555917
ybaY_predicted,0.5,1,1,GCGAGGGCGAATCTTCTATC,0,4585875
ybaY_predicted,0.5,1,1,GCGAGCAACATAAGTTGACT,0,4563259
ybaY_predicted,0.5,1,1,GCGAGAGTTGGGGTTTCCGC,0,4551551
ybaY_predicted,0.5,1,1,GCGACACATTATGTATTTCA,0,4593928
ybaY_predicted,0.5,1,1,GCGAAGAGATGCGACGTTGT,0,4550612
ybaY_predicted,0.5,1,1,GCCTTGTGGCAGTAGGCAGT,0,4592214
ybaY_predicted,0.5,1,1,GCCTGACTTACAACGGCCGA,0,4566681
ybaY_predicted,0.5,1,1,GCCTAAGGTAGGGTCTAGGT,0,4597686
ybaY_predicted,0.5,1,1,GCCGGTCCCGAAAAATTTTG,0,4559898
ybaY_predicted,0.5,1,1,GCCGGGTTATTACGAAGTGG,0,4565316
ybaY_predicted,0.5,1,1,GCCGGGGTCAATCCAAGTGC,0,4546341
ybaY_predicted,0.5,1,1,GCCGCGGGCGCAAACCCTAT,0,4554566
ybaY_predicted,0.5,1,1,GCCGATAGCATATGGTCAGA,0,4548409
ybaY_predicted,0.5,1,1,GCCCGTAATGTTGCTGATAG,0,4560046
ybaY_predicted,0.5,1,1,GCCCGGGAATAGCGCTACTG,0,4558245
ybaY_predicted,0.5,1,1,GCCCGAGGCTTTCATATGCG,0,4574900
ybaY_predicted,0.5,1,1,GCCCCCATCGGCTGTGATTA,0,4552314
ybaY_predicted,0.5,1,1,GCCCATTCCTATTTCGATTT,0,4600334
ybaY_predicted,0.5,1,1,GCCATGTCTGAACGGTACGG,0,4591560
ybaY_predicted,0.5,1,1,GCCATGGAGACCTGGTTATG,0,4576821
ybaY_predicted,0.5,1,1,GCCATCGCGCATAGTCAGGA,0,4572243
ybaY_predicted,0.5,1,1,GCCAGTTAGAAGTTCCTTAA,0,4591773
ybaY_predicted,0.5,1,1,GCCAGTACAAGAAAACGGTT,0,4585641
ybaY_predicted,0.5,1,1,GCCAGGCCCTTACCGTCCGA,0,4588217
ybaY_predicted,0.5,1,1,GCCAGCATCCGTAGCGCATC,0,4598519
ybaY_predicted,0.5,1,1,GCATTTTCCAGCCAGACGTT,0,4560468
ybaY_predicted,0.5,1,1,GCATGGGACAGTCATCGAGG,0,4595776
ybaY_predicted,0.5,1,1,GCATGGCGTAACGAGACCCA,0,4546887
ybaY_predicted,0.5,1,1,GCATGGCATTAAATTGCGTC,0,4599239
ybaY_predicted,0.5,1,1,GCATGCAGGAGCCCGAATCA,0,4595780
ybaY_predicted,0.5,1,1,GCATGCAATCCGAACATTGC,0,4585084
ybaY_predicted,0.5,1,1,GCATCTCCGGACGTACGGGT,0,4584710
ybaY_predicted,0.5,1,1,GCATCCGTATTTTGCAAGGT,0,4595473
ybaY_predicted,0.5,1,1,GCAGTGGCCACCAGGAGTTA,0,4559304
ybaY_predicted,0.5,1,1,GCAGTATACTAACGAGAAGA,0,4576178
ybaY_predicted,0.5,1,1,GCAGGTCGAAACGCGCAGTG,0,4561030
ybaY_predicted,0.5,1,1,GCAGGATCAGGGGGCGCGCT,0,4600629
ybaY_predicted,0.5,1,1,GCAGGACTCAGTTCAGGTGT,0,4557726
ybaY_predicted,0.5,1,1,GCAGCCCTATCGGAAGAACG,0,4589774
ybaY_predicted,0.5,1,1,GCACTAATCGTAACATTGCG,0,4591829
ybaY_predicted,0.5,1,1,GCACGGTGGAAAAAAAATGG,0,4564636
ybaY_predicted,0.5,1,1,GCACGGTATGGAGTCTCTAT,0,4563671
ybaY_predicted,0.5,1,1,GCACGGCCTCTTAGTCAAAC,0,4571310
ybaY_predicted,0.5,1,1,GCACGCTATCCATCAATTAA,0,4555133
ybaY_predicted,0.5,1,1,GCACGACCTGAGCTCCGTCT,0,4579178
ybaY_predicted,0.5,1,1,GCACCCCGCTAGGCGGCAGA,0,4557352
ybaY_predicted,0.5,1,1,GCACACTCCGCACAAACCTC,0,4571188
ybaY_predicted,0.5,1,1,GCAATTTCGCACAACCTGCA,0,4597422
ybaY_predicted,0.5,1,1,GCAATAACTGGCAGGTCCTG,0,4569702
ybaY_predicted,0.5,1,1,GCAAGATCTTCCTGTCCCGA,0,4582106
ybaY_predicted,0.5,1,1,GCAACAAGGACGGTGGGTTT,0,4582481
ybaY_predicted,0.5,1,1,GCAAACTGCTTATAAGCGTA,0,4550715
ybaY_predicted,0.5,1,1,GATTTGCCTGACTCGGATCG,0,4549898
ybaY_predicted,0.5,1,1,GATTTGCCATTATAGCTGCG,0,4553666
ybaY_predicted,0.5,1,1,GATTTCTAACGGAGCGCAAC,0,4579775
ybaY_predicted,0.5,1,1,GATTCTCGTAAGGTCACATA,0,4595567
ybaY_predicted,0.5,1,1,GATTCGTTCCGGGCAAAGTG,0,4579843
ybaY_predicted,0.5,1,1,GATGTGTCGCAAGACGGCGG,0,4569562
ybaY_predicted,0.5,1,1,GATGTCTTTTTCTCGTCCGG,0,4572400
ybaY_predicted,0.5,1,1,GATGGTAGTATATAGATAGT,0,4595959
ybaY_predicted,0.5,1,1,GATGGAGTGAGTTCGCCGTC,0,4595334
ybaY_predicted,0.5,1,1,GATGCGCTAGTATATTTCCT,0,4567714
ybaY_predicted,0.5,1,1,GATGCGAGGGGAAACGATGG,0,4572592
ybaY_predicted,0.5,1,1,GATGAGCAAAGTAGCTCATC,0,4549616
ybaY_predicted,0.5,1,1,GATCTTCAACGCACCCCTAT,0,4570195
ybaY_predicted,0.5,1,1,GATCTCGTCGGTCTAACTAT,0,4568742
ybaY_predicted,0.5,1,1,GATCGGCTCGTAGATCGTCA,0,4576696
ybaY_predicted,0.5,1,1,GATCGCGGGTGAGACGGTTT,0,4592811
ybaY_predicted,0.5,1,1,GATCGCCAACCACGGTCGTT,0,4550788
ybaY_predicted,0.5,1,1,GATCCTCCTTGTGAAGGAAC,0,4554903
ybaY_predicted,0.5,1,1,GATCCGAACTTGCCGATTGG,0,4579619
ybaY_predicted,0.5,1,1,GATCCCATAATCGATTTTCC,0,4550966
ybaY_predicted,0.5,1,1,GATCAGGTGGTTATTATCCA,0,4555491
ybaY_predicted,0.5,1,1,GATATTCTGAAAGTGCAACT,0,4599480
ybaY_predicted,0.5,1,1,GATATCCCTGCGGGCTGTAG,0,4562918
ybaY_predicted,0.5,1,1,GATATACTAGAACGTGCTAA,0,4568474
ybaY_predicted,0.5,1,1,GATATAAAAACTAGGCTCTT,0,4552856
ybaY_predicted,0.5,1,1,GATAGCTTCGGGGGAAAGCT,0,4582299
ybaY_predicted,0.5,1,1,GATAGATAGTTTTATGTAGT,0,4561089
ybaY_predicted,0.5,1,1,GATACAAATGCAGAATATTT,0,4598788
ybaY_predicted,0.5,1,1,GAGTTGCTTGTGCCATGGTT,0,4591466
ybaY_predicted,0.5,1,1,GAGTTACCCAGCGGGATGAG,0,4595570
ybaY_predicted,0.5,1,1,GAGTGCAATAAGCAACATTA,0,4593505
ybaY_predicted,0.5,1,1,GAGTCTTCTAATAGCGGATC,0,4598210
ybaY_predicted,0.5,1,1,GAGTCTATACAGCCCAAAAA,0,4555186
ybaY_predicted,0.5,1,1,GAGTCAGAAACCTGCGCGGT,0,4547066
ybaY_predicted,0.5,1,1,GAGTAAGCTAAGTTCCAGTC,0,4586487
ybaY_predicted,0.5,1,1,GAGGGTGGTATAGTGCCACA,0,4600522
ybaY_predicted,0.5,1,1,GAGGGTACCCGTAGGCAAAA,0,4567463
ybaY_predicted,0.5,1,1,GAGGGGTGGCTACCTGAGGA,0,4544651
ybaY_predicted,0.5,1,1,GAGGGCGGGACTGTCTCTGC,0,4550030
ybaY_predicted,0.5,1,1,GAGGGACATCAGTTCGGACC,0,4593111
ybaY_predicted,0.5,1,1,GAGGGACAACTGCAAGCGTC,0,4588666
ybaY_predicted,0.5,1,1,GAGGGAAAATACGTCATATG,0,4555826
ybaY_predicted,0.5,1,1,GAGGCTGGTAGCCATACTTA,0,4583578
ybaY_predicted,0.5,1,1,GAGGCTAAACAGATTGTCAG,0,4548412
ybaY_predicted,0.5,1,1,GAGGCAATGCTGACCGCCCC,0,4565333
ybaY_predicted,0.5,1,1,GAGGCAAATCCATCATGCTT,0,4554600
ybaY_predicted,0.5,1,1,GAGGATCTGCCACAAACTGC,0,4569965
ybaY_predicted,0.5,1,1,GAGGAGAGGTTTCAATAGCG,0,4553137
ybaY_predicted,0.5,1,1,GAGGAAGGGTGCTTTCGCGC,0,4598541
ybaY_predicted,0.5,1,1,GAGCTTTTTGTGGTTGATCA,0,4557219
ybaY_predicted,0.5,1,1,GAGCTGATGGGGATCCCGAC,0,4597062
ybaY_predicted,0.5,1,1,GAGCTCTTTGTAATCTCAAA,0,4585017
ybaY_predicted,0.5,1,1,GAGCTCTCAATTTGCTCTTA,0,4578716
ybaY_predicted,0.5,1,1,GAGCGCCAAGACTCAGCAGG,0,4564325
ybaY_predicted,0.5,1,1,GAGCGAATAATGGTGGGCTA,0,4595739
ybaY_predicted,0.5,1,1,GAGCCTGTGCGAAGGACTTC,0,4573965
ybaY_predicted,0.5,1,1,GAGCCTCAATGCGAAGATAC,0,4572397
ybaY_predicted,0.5,1,1,GAGCCCGTCAACGCCGGTTC,0,4567671
ybaY_predicted,0.5,1,1,GAGCATTCGGCCCGTGTCGG,0,4589441
ybaY_predicted,0.5,1,1,GAGAGTGACTTACCCGATCA,0,4597988
ybaY_predicted,0.5,1,1,GAGAGTAGTATGTCTAAGTT,0,4599314
ybaY_predicted,0.5,1,1,GAGAGGAACCGGGGTAAAGT,0,4558756
ybaY_predicted,0.5,1,1,GAGACACTTCACGTAAGTGT,0,4577820
ybaY_predicted,0.5,1,1,GACTTTTGCGGTCTTGCAGA,0,4568476
ybaY_predicted,0.5,1,1,GACTTAGTATTGCTTGAAGG,0,4579371
ybaY_predicted,0.5,1,1,GACTGTTAAGCTTAGAAGTT,0,4566786
ybaY_predicted,0.5,1,1,GACTAGGTTCTGTCACCTCA,0,4548919
ybaY_predicted,0.5,1,1,GACTAGCCACGAGGCCCATC,0,4596971
ybaY_predicted,0.5,1,1,GACGTTTCCCGGCGCCGGAC,0,4566354
ybaY_predicted,0.5,1,1,GACGTAGCCTGTTCGCAATG,0,4595886
ybaY_predicted,0.5,1,1,GACGTACCCGAGTAAGGAAG,0,4571094
ybaY_predicted,0.5,1,1,GACGTAATGTATGTTTCGTC,0,4557144
ybaY_predicted,0.5,1,1,GACGGTGGGAAAGTCCCGAT,0,4598949
ybaY_predicted,0.5,1,1,GACGATGCTTCGGTAATACA,0,4574308
ybaY_predicted,0.5,1,1,GACGATCGCCCGCGTTGTTT,0,4571335
ybaY_predicted,0.5,1,1,GACGAGAACATCGGAGGGGA,0,4562135
ybaY_predicted,0.5,1,1,GACCTTTGGTTCTGGGACAA,0,4546707
ybaY_predicted,0.5,1,1,GACCTCTTAGATAACTCCTG,0,4589206
ybaY_predicted,0.5,1,1,GACCTCACGCATTTCTCCGG,0,4571732
ybaY_predicted,0.5,1,1,GACCTAGCGCTATTGTCGGA,0,4563925
ybaY_predicted,0.5,1,1,GACCGTAGTATTCATTCTTG,0,4582368
ybaY_predicted,0.5,1,1,GACCGGGTCGCCCGCAACTG,0,4576838
ybaY_predicted,0.5,1,1,GACCGGCACTTTTGCTTCGC,0,4578224
ybaY_predicted,0.5,1,1,GACCCGCATCGTCAGGCCCC,0,4580075
ybaY_predicted,0.5,1,1,GACCATCGCACGCTCGCAGT,0,4589195
ybaY_predicted,0.5,1,1,GACATTCCTGTGACTACAAC,0,4547871
ybaY_predicted,0.5,1,1,GACATCTGAGTGGGGCCTCC,0,4586017
ybaY_predicted,0.5,1,1,GACATCGGTACAGACAAGCG,0,4552829
ybaY_predicted,0.5,1,1,GACAGCTGCGGGTCGTAAAG,0,4563391
ybaY_predicted,0.5,1,1,GACAGACGCATGGTTCCCAG,0,4560803
ybaY_predicted,0.5,1,1,GACACGACCTCTTCGTAGGG,0,4551999
ybaY_predicted,0.5,1,1,GAATCAGGGTGGGCATGTAA,0,4547404
ybaY_predicted,0.5,1,1,GAATATCAGAGCCGCGCTCA,0,4548730
ybaY_predicted,0.5,1,1,GAAGTTCTGAAATTCACACG,0,4558104
ybaY_predicted,0.5,1,1,GAAGTTAACCCCCCAGGGCT,0,4580399
ybaY_predicted,0.5,1,1,GAAGGTGAGAAGTATTGGCC,0,4551276
ybaY_predicted,0.5,1,1,GAAGCTTGCTCTCATCAACA,0,4586162
ybaY_predicted,0.5,1,1,GAAGCTCGGTGCCTACTCCG,0,4557857
ybaY_predicted,0.5,1,1,GAAGAGTGGTCGCATCGGAT,0,4585763
ybaY_predicted,0.5,1,1,GAAGACCGGTTGGGGAGGGG,0,4592619
ybaY_predicted,0.5,1,1,GAAGACAATCGACGGCGATT,0,4551849
ybaY_predicted,0.5,1,1,GAACTCTTAAGAAATTAATT,0,4589604
ybaY_predicted,0.5,1,1,GAACTCGATTGTCCAGTGCA,0,4549410
ybaY_predicted,0.5,1,1,GAACCTTCGCTAGTCATTAC,0,4593122
ybaY_predicted,0.5,1,1,GAACCTCCGTTCTATAAGAC,0,4550713
ybaY_predicted,0.5,1,1,GAACCAAATCGATAGATACA,0,4557879
ybaY_predicted,0.5,1,1,GAACAATGGTACGCCAGGTA,0,4578586
ybaY_predicted,0.5,1,1,GAACAACGTCTCCGTCTTAC,0,4578456
ybaY_predicted,0.5,1,1,GAAATTAATCTTCAGTAGTG,0,4552259
ybaY_predicted,0.5,1,1,GAAATCATACCGCACGGGCA,0,4591863
ybaY_predicted,0.5,1,1,GAAAGTCTCTTAGCGCGCCT,0,4592369
ybaY_predicted,0.5,1,1,GAAACTTGTTAGTTTGAGGC,0,4575046
ybaY_predicted,0.5,1,1,GAAAATCGGTACGATAACCA,0,4577128
ybaY_predicted,0.5,1,1,CTTTTTTTCCACTAAGATCC,0,4579817
ybaY_predicted,0.5,1,1,CTTTTTTTAAGCCGCCCCTT,0,4547566
ybaY_predicted,0.5,1,1,CTTTTGAAAACGCAACGATG,0,4589718
ybaY_predicted,0.5,1,1,CTTTTCTTCTCGCGATCCAG,0,4578729
ybaY_predicted,0.5,1,1,CTTTTACAAATTCGGTGCCG,0,4557222
ybaY_predicted,0.5,1,1,CTTTGGCGTCCGAATCGCAT,0,4597324
ybaY_predicted,0.5,1,1,CTTTCTGCCGGACGTTCGTG,0,4550881
ybaY_predicted,0.5,1,1,CTTTCTCAGCCCCGAAGTAC,0,4584297
ybaY_predicted,0.5,1,1,CTTTCTAATCACGCAAACTT,0,4591639
ybaY_predicted,0.5,1,1,CTTTCGCCATGGTTTAATTG,0,4567225
ybaY_predicted,0.5,1,1,CTTTATGTCTGCCTGGTTTT,0,4582035
ybaY_predicted,0.5,1,1,CTTTATGCTTATAAGGCAGG,0,4574448
ybaY_predicted,0.5,1,1,CTTTAGTATTATCGTAGTGG,0,4550457
ybaY_predicted,0.5,1,1,CTTTAAGCGCTATGGTGCGT,0,4570127
ybaY_predicted,0.5,1,1,CTTTAACTGGGGAGTTACTA,0,4587934
ybaY_predicted,0.5,1,1,CTTGTCGAGGATGCATCTGA,0,4568277
ybaY_predicted,0.5,1,1,CTTGTAACAGGAACCCAAAT,0,4572099
ybaY_predicted,0.5,1,1,CTTGGTATCCAATCAATCAC,0,4592986
ybaY_predicted,0.5,1,1,CTTGGCTTCTCCCGGTCTGG,0,4567961
ybaY_predicted,0.5,1,1,CTTGCGTGTTAAGCCATTGA,0,4559672
ybaY_predicted,0.5,1,1,CTTGCGCAGTACTGAAATTA,0,4599289
ybaY_predicted,0.5,1,1,CTTGCACAAGAGCTTGTGAC,0,4598441
ybaY_predicted,0.5,1,1,CTTGAAGTACACTATGCATC,0,4600488
ybaY_predicted,0.5,1,1,CTTCTGTTATATTCAGTATT,0,4571300
ybaY_predicted,0.5,1,1,CTTCGTCGCCCGTTCTGGCC,0,4567773
ybaY_predicted,0.5,1,1,CTTCGGTGGTCCCGTCTCTG,0,4595610
ybaY_predicted,0.5,1,1,CTTCGGTGAGTGCTTATATC,0,4552078
ybaY_predicted,0.5,1,1,CTTCCTCCCACGAGCTGTAT,0,4559084
ybaY_predicted,0.5,1,1,CTTCAGCTATGATCTGAGGT,0,4552768
ybaY_predicted,0.5,1,1,CTTCAACTAAATGGGGACGA,0,4590906
ybaY_predicted,0.5,1,1,CTTATTGCGTACCACCAAAT,0,4593058
ybaY_predicted,0.5,1,1,CTTACTCGCTCGATCACACC,0,4578505
ybaY_predicted,0.5,1,1,CTTACTACGGTAGCCTCTGT,0,4565420
ybaY_predicted,0.5,1,1,CTTACGACTCATAAAGACAG,0,4562280
ybaY_predicted,0.5,1,1,CTGTTTCCAGTTCGGCAGAC,0,4574469
ybaY_predicted,0.5,1,1,CTGTGTGTGTATCAAAATCT,0,4592553
ybaY_predicted,0.5,1,1,CTGTGTACAATCAAATCACT,0,4554468
ybaY_predicted,0.5,1,1,CTGTCGTGGGTGTTCCGATT,0,4573765
ybaY_predicted,0.5,1,1,CTGTCAGACGTTGACAAAAG,0,4549610
ybaY_predicted,0.5,1,1,CTGGTTGGACTCGACACGAC,0,4570026
ybaY_predicted,0.5,1,1,CTGGTGCTGCCGGGTGTGGA,0,4561304
ybaY_predicted,0.5,1,1,CTGGTGAAAGAAGGAGGACT,0,4596859
ybaY_predicted,0.5,1,1,CTGGTCCAGACGTCTCAAGT,0,4571811
ybaY_predicted,0.5,1,1,CTGGGGTCTAAAGATGAGAC,0,4559377
ybaY_predicted,0.5,1,1,CTGGCCTGCGAGCCCGCCCG,0,4564563
ybaY_predicted,0.5,1,1,CTGGAGCTACTTTTGTCGTT,0,4555089
ybaY_predicted,0.5,1,1,CTGCTGCCTGCCGCGTACGT,0,4577717
ybaY_predicted,0.5,1,1,CTGCTGACGACCGTCTTGAC,0,4593609
ybaY_predicted,0.5,1,1,CTGCTCGGGGATCAGGTCGT,0,4560150
ybaY_predicted,0.5,1,1,CTGCGGTCGAGCTCTAGCCT,0,4551304
ybaY_predicted,0.5,1,1,CTGCGATAGGTATGGCTCTT,0,4549234
ybaY_predicted,0.5,1,1,CTGCCGAAGTTGGTAGGGAT,0,4594656
ybaY_predicted,0.5,1,1,CTGCCACTTGCTTATACGCG,0,4582926
ybaY_predicted,0.5,1,1,CTGATTTTAATCTAGAGGGT,0,4574822
ybaY_predicted,0.5,1,1,CTGATTCACCGGGTTAGGAT,0,4596325
ybaY_predicted,0.5,1,1,CTGATGAGTTAATTGCGAGA,0,4560666
ybaY_predicted,0.5,1,1,CTGATCCCAAGACCGAAACT,0,4557237
ybaY_predicted,0.5,1,1,CTGATCCACATAGGTCTCTA,0,4597319
ybaY_predicted,0.5,1,1,CTGAGTCACACCCTTGTTTT,0,4554371
ybaY_predicted,0.5,1,1,CTGAGAATTATTTACCCCGG,0,4560262
ybaY_predicted,0.5,1,1,CTGACCGCGGTACGAAGCTA,0,4597893
ybaY_predicted,0.5,1,1,CTCTTTTGAACTGACGTGCC,0,4582432
ybaY_predicted,0.5,1,1,CTCTTCTCGCGGCTAGCGAA,0,4544379
ybaY_predicted,0.5,1,1,CTCTTAACAGTCACTTTTAA,0,4594899
ybaY_predicted,0.5,1,1,CTCTGTGCCATGTTATTACA,0,4596062
ybaY_predicted,0.5,1,1,CTCTGGGACGAGCATATCGT,0,4572337
ybaY_predicted,0.5,1,1,CTCTGCGGGGGCGTAAAGAT,0,4565267
ybaY_predicted,0.5,1,1,CTCTCCGGCCCTAGCATAAC,0,4570877
ybaY_predicted,0.5,1,1,CTCTCATGCCCTTAAATTGG,0,4577708
ybaY_predicted,0.5,1,1,CTCTAAGCGAAAAGGAGGCC,0,4549523
ybaY_predicted,0.5,1,1,CTCGTTTGATCAGTAGTAAA,0,4546387
ybaY_predicted,0.5,1,1,CTCGTGCGCTCGAACGTATC,0,4546381
ybaY_predicted,0.5,1,1,CTCGGGTTCCTGTCACCAAT,0,4573774
ybaY_predicted,0.5,1,1,CTCGGCTCGTCGGCAATGGC,0,4567878
ybaY_predicted,0.5,1,1,CTCGGCCGGGAGCGTAATAG,0,4599351
ybaY_predicted,0.5,1,1,CTCGCTGGGGTGAAAGGATC,0,4561686
ybaY_predicted,0.5,1,1,CTCGCTCGTGGTGCGGTTAC,0,4547769
ybaY_predicted,0.5,1,1,CTCCTTATGCCCCATGTAGA,0,4597586
ybaY_predicted,0.5,1,1,CTCCGTTACTGTGGAGATCA,0,4577739
ybaY_predicted,0.5,1,1,CTCCGTAAAGTCTCCTGTAT,0,4545156
ybaY_predicted,0.5,1,1,CTCCGGGGAATCGGGTGAGG,0,4568757
ybaY_predicted,0.5,1,1,CTCCGGCAATGTACAGCCTG,0,4597056
ybaY_predicted,0.5,1,1,CTCCATCAGTAGAGGTCTGT,0,4548090
ybaY_predicted,0.5,1,1,CTCCAGGCGTCTGATACTTG,0,4585274
ybaY_predicted,0.5,1,1,CTCCACGATTCCTACTATTA,0,4556537
ybaY_predicted,0.5,1,1,CTCATTATACCGAACAGTCC,0,4555722
ybaY_predicted,0.5,1,1,CTCATCCACCAACTGATCCA,0,4550696
ybaY_predicted,0.5,1,1,CTCATCAATAGTGCAGAAGT,0,4546034
ybaY_predicted,0.5,1,1,CTCAGTCTTCCCCGTAGCCT,0,4586685
ybaY_predicted,0.5,1,1,CTCACTTAGGTATATCATGG,0,4564288
ybaY_predicted,0.5,1,1,CTCACGCCCTTAATAGTTCC,0,4560445
ybaY_predicted,0.5,1,1,CTCAATCAAGGAACTCGTTG,0,4575915
ybaY_predicted,0.5,1,1,CTCAACCCGATTCACGTAGC,0,4579663
ybaY_predicted,0.5,1,1,CTATACACACTTAGTATACT,0,4597967
ybaY_predicted,0.5,1,1,CTAGTCATGATATAAATGCA,0,4573148
ybaY_predicted,0.5,1,1,CTAGGACGAGTTGGTCGGAT,0,4571616
ybaY_predicted,0.5,1,1,CTAGGACCGTGGCTATTTCG,0,4567784
ybaY_predicted,0.5,1,1,CTAGCCCGCCGCATAGCACG,0,4583003
ybaY_predicted,0.5,1,1,CTAGCACCCAATTCGGGTTT,0,4554829
ybaY_predicted,0.5,1,1,CTAGCAAACGCAACCGCCCG,0,4572627
ybaY_predicted,0.5,1,1,CTAGATCCAGGATCGCCGTG,0,4574541
ybaY_predicted,0.5,1,1,CTACGAGACGTTATCTTATC,0,4577453
ybaY_predicted,0.5,1,1,CTACGACTGAATTGATCGGG,0,4548653
ybaY_predicted,0.5,1,1,CTACACATAGAGGATTTCAT,0,4550207
ybaY_predicted,0.5,1,1,CTAAGTCTCATTGCCACAAC,0,4555005
ybaY_predicted,0.5,1,1,CTAACTCCTGCACCGACCAC,0,4577123
ybaY_predicted,0.5,1,1,CTAACTAACAACACCTGCCA,0,4581957
ybaY_predicted,0.5,1,1,CTAAATTTTAAGAGTAAATA,0,4545480
ybaY_predicted,0.5,1,1,CTAAAGCCGGGCTCAACGGC,0,4600513
ybaY_predicted,0.5,1,1,CGTTTTCGCTACGGCGTCTT,0,4549915
ybaY_predicted,0.5,1,1,CGTTGTAAATCGTCGTATGT,0,4585857
ybaY_predicted,0.5,1,1,CGTTGGTGCAACATTTCGCT,0,4545003
ybaY_predicted,0.5,1,1,CGTTGCAAACAGCAGGCTTA,0,4567496
ybaY_predicted,0.5,1,1,CGTTCTATGCTAGACCGATC,0,4588235
ybaY_predicted,0.5,1,1,CGTTAGCTATAAGGCCATGC,0,4584524
ybaY_predicted,0.5,1,1,CGTGTTTCCGAGGTGCTGGT,0,4573487
ybaY_predicted,0.5,1,1,CGTGTTGTGCAGGGTATCTA,0,4560347
ybaY_predicted,0.5,1,1,CGTGTGTTCTGTCGCAACGC,0,4581661
ybaY_predicted,0.5,1,1,CGTGTGAGGGGGTCACGTTT,0,4569855
ybaY_predicted,0.5,1,1,CGTGTGAAATCTCACTGGAT,0,4546817
ybaY_predicted,0.5,1,1,CGTGTCAACGCAAGTAGTAT,0,4591079
ybaY_predicted,0.5,1,1,CGTGTATGTACTAGGCGCGT,0,4576873
ybaY_predicted,0.5,1,1,CGTGGGGGCCACTTATGTCG,0,4596535
ybaY_predicted,0.5,1,1,CGTGGGAACTCATCATGCTC,0,4565740
ybaY_predicted,0.5,1,1,CGTGGCAGAGCCTCGGGCGA,0,4547800
ybaY_predicted,0.5,1,1,CGTGCTGGTTAGAGTGGAGT,0,4563116
ybaY_predicted,0.5,1,1,CGTGACTTCTTCTTCACTAA,0,4551408
ybaY_predicted,0.5,1,1,CGTGACGCAACGGTCGCTTC,0,4556020
ybaY_predicted,0.5,1,1,CGTCTGTCAGCTAACGGAGA,0,4553313
ybaY_predicted,0.5,1,1,CGTCCACTATTCGGCCAATG,0,4550447
ybaY_predicted,0.5,1,1,CGTCCAACCCGTGTTCCGGT,0,4571193
ybaY_predicted,0.5,1,1,CGTCAGCATCTAAGTTAGAC,0,4586559
ybaY_predicted,0.5,1,1,CGTATCGGAACTCCCTGCAG,0,4591161
ybaY_predicted,0.5,1,1,CGTATCACCCTTTACGAAAC,0,4547976
ybaY_predicted,0.5,1,1,CGTAGTGCCTCTTAACGCAG,0,4547971
ybaY_predicted,0.5,1,1,CGTACATTATTATGTTCTCT,0,4588204
ybaY_predicted,0.5,1,1,CGTAAGACAGCTCATATAGG,0,4551118
ybaY_predicted,0.5,1,1,CGTAACCGACGCGGCCCTTC,0,4550859
ybaY_predicted,0.5,1,1,CGGTTCATCAGTAGAGGCCC,0,4586606
ybaY_predicted,0.5,1,1,CGGTTATCCCCCTGCCCTCA,0,4581921
ybaY_predicted,0.5,1,1,CGGTGTATTTAGGTGTTTGG,0,4588894
ybaY_predicted,0.5,1,1,CGGTGGTCGTGATACCCCTG,0,4596904
ybaY_predicted,0.5,1,1,CGGTGGGCGCCGTAATGCGT,0,4598926
ybaY_predicted,0.5,1,1,CGGTGGCGTGACGATTGTAA,0,4587071
ybaY_predicted,0.5,1,1,CGGTCTTGAGCCATACTCAC,0,4565494
ybaY_predicted,0.5,1,1,CGGTCCGGGCAGCGGCTACT,0,4598048
ybaY_predicted,0.5,1,1,CGGTCAAAGGCAGCCGACGC,0,4578762
ybaY_predicted,0.5,1,1,CGGGTCACGTGAACCACCAA,0,4582778
ybaY_predicted,0.5,1,1,CGGGGTTCCGGCATATATCA,0,4574991
ybaY_predicted,0.5,1,1,CGGGGGGGTCCTGAATTTAA,0,4554957
ybaY_predicted,0.5,1,1,CGGGCACAGCGATAAGTTTC,0,4596769
ybaY_predicted,0.5,1,1,CGGGCAAGGTCTCTGACGGG,0,4549173
ybaY_predicted,0.5,1,1,CGGGACCAAACGCACGGTCT,0,4576103
ybaY_predicted,0.5,1,1,CGGGAACGGCTTCCTCTGAG,0,4544884
ybaY_predicted,0.5,1,1,CGGCTTTACCAAGAATCGCA,0,4560780
ybaY_predicted,0.5,1,1,CGGCTTCCATGCCGGAAGGG,0,4568649
ybaY_predicted,0.5,1,1,CGGCTTAGTGTAAAGTGGGG,0,4562974
ybaY_predicted,0.5,1,1,CGGCTATTTTATGGTCCGAA,0,4577306
ybaY_predicted,0.5,1,1,CGGCGTCCTGAATGGCCTCC,0,4578402
ybaY_predicted,0.5,1,1,CGGCGCAAGTGCGTATCTAG,0,4584009
ybaY_predicted,0.5,1,1,CGGCCTCGCGCAGTAATACA,0,4585265
ybaY_predicted,0.5,1,1,CGGCCAACCAACATAGATCT,0,4575711
ybaY_predicted,0.5,1,1,CGGATTAAGATAGACCGAAA,0,4576771
ybaY_predicted,0.5,1,1,CGGATATTAGCGGACTTACT,0,4572304
ybaY_predicted,0.5,1,1,CGGATAGTAGGGACTCGCTC,0,4557523
ybaY_predicted,0.5,1,1,CGGATAGAAGTAGACAGAGT,0,4559787
ybaY_predicted,0.5,1,1,CGGAGTTCCAAGCGCAAGTA,0,4563890
ybaY_predicted,0.5,1,1,CGGAGCGGGCCCGTCTGATA,0,4569370
ybaY_predicted,0.5,1,1,CGGACCTTGAAAAGAGAATT,0,4594621
ybaY_predicted,0.5,1,1,CGGACAAGCTCTATACGAAA,0,4600555
ybaY_predicted,0.5,1,1,CGGAAAACAGATCAATCAGG,0,4587757
ybaY_predicted,0.5,1,1,CGCTTTTAAGCTCTAGTCCC,0,4571104
ybaY_predicted,0.5,1,1,CGCTGGGGTCGAGGTGGTTA,0,4566207
ybaY_predicted,0.5,1,1,CGCTGGAGTTAAACTTCCCT,0,4573146
ybaY_predicted,0.5,1,1,CGCTCGTTCTAAGTGTGGGA,0,4552002
ybaY_predicted,0.5,1,1,CGCTCCGGATATCTGGGGTC,0,4560296
ybaY_predicted,0.5,1,1,CGCTAGTGAGCCGACGCACT,0,4584243
ybaY_predicted,0.5,1,1,CGCTAAGCATGCTAACGAAA,0,4584522
ybaY_predicted,0.5,1,1,CGCGTTGTACAGCTGTCCTG,0,4551909
ybaY_predicted,0.5,1,1,CGCGTTACCAACGCCGCGTG,0,4567769
ybaY_predicted,0.5,1,1,CGCGGCTAGAGAGATTACCA,0,4565310
ybaY_predicted,0.5,1,1,CGCGCGTCTCGCTCTATGTG,0,4555528
ybaY_predicted,0.5,1,1,CGCGCGACATTCCCGTAGCA,0,4578821
ybaY_predicted,0.5,1,1,CGCCTTCAGGGGAGGACTTC,0,4580217
ybaY_predicted,0.5,1,1,CGCCTGCGTGTAAAGCTAGA,0,4551890
ybaY_predicted,0.5,1,1,CGCCGGGCACGTGACGGATC,0,4548682
ybaY_predicted,0.5,1,1,CGCCCTAGAAGACTAAGACA,0,4553095
ybaY_predicted,0.5,1,1,CGCCCGATTCTACACAGAGT,0,4592194
ybaY_predicted,0.5,1,1,CGCCATCGGCGGTACACGGT,0,4568925
ybaY_predicted,0.5,1,1,CGCCAAGAGCAGAGCGATTC,0,4560077
ybaY_predicted,0.5,1,1,CGCAGTAACAGTACTCCGGT,0,4557590
ybaY_predicted,0.5,1,1,CGCACTCGGCGTCACACAAA,0,4576339
ybaY_predicted,0.5,1,1,CGCACTACTGAGCCGTTTGA,0,4574978
ybaY_predicted,0.5,1,1,CGCACCAATCAGCAGAGCAT,0,4600379
ybaY_predicted,0.5,1,1,CGCAATGCCTCCTACCGATG,0,4546426
ybaY_predicted,0.5,1,1,CGCAAGAGACCTGTCCGCCT,0,4579123
ybaY_predicted,0.5,1,1,CGATTTAACACGGGGTACGA,0,4575357
ybaY_predicted,0.5,1,1,CGATTAGGGACAGCAATTAT,0,4550008
ybaY_predicted,0.5,1,1,CGATGCATCAGGTTGCCGAA,0,4579589
ybaY_predicted,0.5,1,1,CGATATCGTAGCATCTATGG,0,4594446
ybaY_predicted,0.5,1,1,CGATAATGCTTGACGATTTG,0,4584378
ybaY_predicted,0.5,1,1,CGATAAACGTTGATGTAAGT,0,4589903
ybaY_predicted,0.5,1,1,CGAGTCAGGGCTTTAGACTT,0,4575617
ybaY_predicted,0.5,1,1,CGAGTATATGCATAAAGAGG,0,4591397
ybaY_predicted,0.5,1,1,CGAGGGTTGAACCATCTACC,0,4546016
ybaY_predicted,0.5,1,1,CGAGGATCGGCTGTCATGTT,0,4553372
ybaY_predicted,0.5,1,1,CGAGCTGGAGTCACGGACGA,0,4553184
ybaY_predicted,0.5,1,1,CGAGCACCAATCCCCTTTCT,0,4558142
ybaY_predicted,0.5,1,1,CGAGAGCTGTCTGATGTATG,0,4596717
ybaY_predicted,0.5,1,1,CGAGACCGGAGAAGCCCGCC,0,4584092
ybaY_predicted,0.5,1,1,CGAGACATGTTGCTAGATAT,0,4554910
ybaY_predicted,0.5,1,1,CGAGACAATCCTGTCAGATG,0,4578194
ybaY_predicted,0.5,1,1,CGACTCTATCCGCCAGGTGA,0,4592448
ybaY_predicted,0.5,1,1,CGACGTATTCAAGGGTGAAA,0,4557423
ybaY_predicted,0.5,1,1,CGACGAGCATGGAAGATACA,0,4592327
ybaY_predicted,0.5,1,1,CGACCTCACATCAACGATAT,0,4600398
ybaY_predicted,0.5,1,1,CGACCTACTTCTACAGAAAC,0,4580099
ybaY_predicted,0.5,1,1,CGACCCGGGATCAACAGGAG,0,4564341
ybaY_predicted,0.5,1,1,CGACCATTGAGGGGCAGGGC,0,4590718
ybaY_predicted,0.5,1,1,CGAATTTAATGCGGTCGAGG,0,4545065
ybaY_predicted,0.5,1,1,CGAAGTAAGAAGCGCCCGGC,0,4546672
ybaY_predicted,0.5,1,1,CGAAGAGAGAGCACGCTTTA,0,4577853
ybaY_predicted,0.5,1,1,CGAAGACTCGCTCGATATAT,0,4585534
ybaY_predicted,0.5,1,1,CGAAACGAGACTGTCGCCCA,0,4566280
ybaY_predicted,0.5,1,1,CCTTTAGGGACGGTGTATAT,0,4571220
ybaY_predicted,0.5,1,1,CCTTGATCTTCACAGGGCTT,0,4591977
ybaY_predicted,0.5,1,1,CCTTATGCTTAGTTCCCACG,0,4578920
ybaY_predicted,0.5,1,1,CCTTAGCGTCACAGACTGCG,0,4579763
ybaY_predicted,0.5,1,1,CCTTACCTCTTTTCCATTAC,0,4580288
ybaY_predicted,0.5,1,1,CCTGTTTCGCCGCTAGGAGA,0,4598695
ybaY_predicted,0.5,1,1,CCTGTAGCTCATCGGGAATA,0,4595826
ybaY_predicted,0.5,1,1,CCTGGGGAGTCATCCTGCAG,0,4592190
ybaY_predicted,0.5,1,1,CCTGGGATGGAACGACGCTA,0,4552240
ybaY_predicted,0.5,1,1,CCTGGCACACCTGAGTTCAA,0,4582861
ybaY_predicted,0.5,1,1,CCTGGATGCGTTAACAAAAG,0,4591561
ybaY_predicted,0.5,1,1,CCTGCTAAGTAACTCCATGT,0,4588310
ybaY_predicted,0.5,1,1,CCTGCCTCCAGAGGCTCTAC,0,4569290
ybaY_predicted,0.5,1,1,CCTGATACAACCTCGTGTGG,0,4574254
ybaY_predicted,0.5,1,1,CCTCTTTCAAAAACTCCCTC,0,4587278
ybaY_predicted,0.5,1,1,CCTCTTACTCGGAGTATGGA,0,4599668
ybaY_predicted,0.5,1,1,CCTCGTGGAATTTGCCTAGA,0,4583643
ybaY_predicted,0.5,1,1,CCTCCGATTCTCGTCCCTTG,0,4565184
ybaY_predicted,0.5,1,1,CCTCCACATACCTCTAGACC,0,4564791
ybaY_predicted,0.5,1,1,CCTCAGCAACTGTTAACACA,0,4580911
ybaY_predicted,0.5,1,1,CCTCACGCACGAAGTTTTAT,0,4565315
ybaY_predicted,0.5,1,1,CCTATCTGTGAGCACGGTCG,0,4580607
ybaY_predicted,0.5,1,1,CCTATCATGACCGCTATTCC,0,4553523
ybaY_predicted,0.5,1,1,CCTAGGCTTATGACGTCTCC,0,4558775
ybaY_predicted,0.5,1,1,CCTAGCCAACGGTTAGGAAT,0,4549223
ybaY_predicted,0.5,1,1,CCTACGGATGGTAGACTACA,0,4577404
ybaY_predicted,0.5,1,1,CCTACGCTGAGTGCGCGAGG,0,4559670
ybaY_predicted,0.5,1,1,CCTAACTACTCTGCCGTACT,0,4572700
ybaY_predicted,0.5,1,1,CCGTGATATAGACCCACGAC,0,4579377
ybaY_predicted,0.5,1,1,CCGTGAAGTTTCGAGGTGGG,0,4570527
ybaY_predicted,0.5,1,1,CCGTGAACTTTAAGAGGGTA,0,4566882
ybaY_predicted,0.5,1,1,CCGTCTAATCTGCTCGGTTA,0,4544942
ybaY_predicted,0.5,1,1,CCGTCAGCGAACGTCAAAGC,0,4570489
ybaY_predicted,0.5,1,1,CCGTCAGAAACGGGGGTTAC,0,4575767
ybaY_predicted,0.5,1,1,CCGTAACGGATGTAATGAAC,0,4553816
ybaY_predicted,0.5,1,1,CCGGTTTTTGGGGTTACTAT,0,4590336
ybaY_predicted,0.5,1,1,CCGGTCGGGTCTGTCATTTA,0,4559388
ybaY_predicted,0.5,1,1,CCGGGTTTAAGATAATTACA,0,4562702
ybaY_predicted,0.5,1,1,CCGGCGTGGGAAAGGTTATG,0,4598095
ybaY_predicted,0.5,1,1,CCGGCCCGTCGCAAGGACTA,0,4597011
ybaY_predicted,0.5,1,1,CCGCTTCCACGTACTTTTCA,0,4578486
ybaY_predicted,0.5,1,1,CCGCTGGGGAACCCGAGACT,0,4585002
ybaY_predicted,0.5,1,1,CCGCGGATCCGTCGGGGGGT,0,4549004
ybaY_predicted,0.5,1,1,CCGCCCCTCACCAAGGGCAG,0,4547608
ybaY_predicted,0.5,1,1,CCGCATACAATCGTCACGCC,0,4590436
ybaY_predicted,0.5,1,1,CCGCAGTGCACGCAAACCAG,0,4550277
ybaY_predicted,0.5,1,1,CCGCAGCTATCTCCGTTCAC,0,4585639
ybaY_predicted,0.5,1,1,CCGCAACTATGGGTTTCCAT,0,4576360
ybaY_predicted,0.5,1,1,CCGATCGGGTTAACAGTACG,0,4564228
ybaY_predicted,0.5,1,1,CCGAGGCTTAGTTGCGCGGA,0,4585713
ybaY_predicted,0.5,1,1,CCGAGCTACTCTCCAGCAAG,0,4587033
ybaY_predicted,0.5,1,1,CCGAGAAGACCAAGTTGAAT,0,4589721
ybaY_predicted,0.5,1,1,CCGACTTATTCGAAGCACCG,0,4550081
ybaY_predicted,0.5,1,1,CCGACGTCTCCGGACGGTGC,0,4593097
ybaY_predicted,0.5,1,1,CCGACAGCGCCTATTATTGT,0,4556728
ybaY_predicted,0.5,1,1,CCGAAGTCATACTATTACGC,0,4547443
ybaY_predicted,0.5,1,1,CCGAAAGGTCCTATCATAAC,0,4556533
ybaY_predicted,0.5,1,1,CCCTGATAATCTCGAAATCC,0,4596003
ybaY_predicted,0.5,1,1,CCCTGAAGGCTAGAAACTAA,0,4575802
ybaY_predicted,0.5,1,1,CCCTCCTGGGTTTCTCTATG,0,4548265
ybaY_predicted,0.5,1,1,CCCTAAGGTAGCGTTAGCCA,0,4584169
ybaY_predicted,0.5,1,1,CCCGTATTGAACCGTGGGGA,0,4580462
ybaY_predicted,0.5,1,1,CCCGTATCATCTTAGGCGTA,0,4584764
ybaY_predicted,0.5,1,1,CCCGGTCTTTTATTAACGTT,0,4547886
ybaY_predicted,0.5,1,1,CCCGGTCTTTCTGGACCAAC,0,4571727
ybaY_predicted,0.5,1,1,CCCGGTCTGGCGTGGGCTTA,0,4558276
ybaY_predicted,0.5,1,1,CCCGGGTATAGTCACCACGG,0,4580430
ybaY_predicted,0.5,1,1,CCCGGGACGGCCTGTTAGTC,0,4573156
ybaY_predicted,0.5,1,1,CCCGCTCACCCGGCGGGCGC,0,4599324
ybaY_predicted,0.5,1,1,CCCGCAAGTGATGTGTGCGT,0,4580645
ybaY_predicted,0.5,1,1,CCCGAAACACGGGCCGTATC,0,4595416
ybaY_predicted,0.5,1,1,CCCCTGGGTGTATCTGAGAT,0,4599569
ybaY_predicted,0.5,1,1,CCCCTAGGACAAAACGGGGA,0,4575433
ybaY_predicted,0.5,1,1,CCCCGGGAACTGCACGTCCT,0,4557331
ybaY_predicted,0.5,1,1,CCCCCTGGTGGGTCGCGCAT,0,4580055
ybaY_predicted,0.5,1,1,CCCCCATGTTAGGCTGCGAG,0,4565623
ybaY_predicted,0.5,1,1,CCCCCAGGCATCATTGTCAC,0,4592134
ybaY_predicted,0.5,1,1,CCCCCACCTTGCTTCCCGGG,0,4573842
ybaY_predicted,0.5,1,1,CCCCATTCGAGGCGCGCCAG,0,4587706
ybaY_predicted,0.5,1,1,CCCATGGGGGCTTGTTACCC,0,4591143
ybaY_predicted,0.5,1,1,CCCACCGTTCGATATTCACA,0,4546773
ybaY_predicted,0.5,1,1,CCCACAGTTACATACAAGAA,0,4587081
ybaY_predicted,0.5,1,1,CCCAATAGGCTTACGTCGTT,0,4590451
ybaY_predicted,0.5,1,1,CCCAATACCGGCTATCGGTA,0,4563528
ybaY_predicted,0.5,1,1,CCCAACCAGACTGACGTTCT,0,4585683
ybaY_predicted,0.5,1,1,CCATTTGTAACGGTTGAAAT,0,4590526
ybaY_predicted,0.5,1,1,CCATTGTGAGCGGCCGGGTG,0,4562742
ybaY_predicted,0.5,1,1,CCATTGCGGAAGCGAGGCGC,0,4564898
ybaY_predicted,0.5,1,1,CCATTAGTTGACGACTGCCT,0,4591691
ybaY_predicted,0.5,1,1,CCATGTATTCGGGCTTACGT,0,4584749
ybaY_predicted,0.5,1,1,CCATGTAACCAAATTCGAGT,0,4574373
ybaY_predicted,0.5,1,1,CCATCTCGTTTTCAGAAGAC,0,4546394
ybaY_predicted,0.5,1,1,CCATCGTCCCGCAGCTATTG,0,4567424
ybaY_predicted,0.5,1,1,CCATCGCAACATCCCATGCT,0,4598230
ybaY_predicted,0.5,1,1,CCATCCGCGAGACTTAGACA,0,4576428
ybaY_predicted,0.5,1,1,CCATAGGGAGCGTTCCGGGT,0,4580643
ybaY_predicted,0.5,1,1,CCATACCTCATGCCTAGTAC,0,4549507
ybaY_predicted,0.5,1,1,CCAGTGTAAGTCGGTCTAAT,0,4572266
ybaY_predicted,0.5,1,1,CCAGTGACCTTCTGCTAGTC,0,4583901
ybaY_predicted,0.5,1,1,CCAGTGACCGGGTGAGTTCG,0,4585835
ybaY_predicted,0.5,1,1,CCAGTCCGTCTACGCGCAAG,0,4548916
ybaY_predicted,0.5,1,1,CCAGTATTCCACTGTAAAAG,0,4580825
ybaY_predicted,0.5,1,1,CCAGGGGTAATTTTTTTGCC,0,4576721
ybaY_predicted,0.5,1,1,CCAGGGACACAACTTCGTAA,0,4586677
ybaY_predicted,0.5,1,1,CCAGGCGTCTAGGCTGGAGC,0,4597805
ybaY_predicted,0.5,1,1,CCAGCGAATTCAAGTTAGTG,0,4580203
ybaY_predicted,0.5,1,1,CCAGAGCGTTGGACCACAGG,0,4567533
ybaY_predicted,0.5,1,1,CCACCAACAGCTCTGGTGTA,0,4591787
ybaY_predicted,0.5,1,1,CCAATTAGGGTAATAAGACG,0,4559929
ybaY_predicted,0.5,1,1,CCAATGGAATTTTTCCCAAA,0,4576283
ybaY_predicted,0.5,1,1,CCAAGTCATGCGTCAACCTA,0,4551819
ybaY_predicted,0.5,1,1,CCAAGACCAAATATTATCGC,0,4599154
ybaY_predicted,0.5,1,1,CCAACCGGTATTGAAGAGCG,0,4579623
ybaY_predicted,0.5,1,1,CATTTGGATACTCGCAGATT,0,4574450
ybaY_predicted,0.5,1,1,CATTGTTCACGGTTTTTTCC,0,4557519
ybaY_predicted,0.5,1,1,CATTGTTACCCAGGAAACGA,0,4557675
ybaY_predicted,0.5,1,1,CATTGTGCGTGGGTCAACGA,0,4581695
ybaY_predicted,0.5,1,1,CATGTTGGTCGTAAAGTTTA,0,4561475
ybaY_predicted,0.5,1,1,CATGGGTAACTCCGATAGGC,0,4583313
ybaY_predicted,0.5,1,1,CATGCTGGCAGTCACCTTAC,0,4553818
ybaY_predicted,0.5,1,1,CATGCCGGTACTTGAGGGCG,0,4563143
ybaY_predicted,0.5,1,1,CATGATGACGTATACTTATT,0,4592827
ybaY_predicted,0.5,1,1,CATGAGTCTTGGTGGAGATT,0,4575742
ybaY_predicted,0.5,1,1,CATCTGTCGCGATGCGGTGT,0,4551301
ybaY_predicted,0.5,1,1,CATCTCTAACAGAGTGGAGG,0,4579489
ybaY_predicted,0.5,1,1,CATCCATTGAGTTGAACGCT,0,4558063
ybaY_predicted,0.5,1,1,CATCCAGTTGATGCGCTTCT,0,4560696
ybaY_predicted,0.5,1,1,CATCCACGGCATCGGCTTCC,0,4564317
ybaY_predicted,0.5,1,1,CATCAGCTCTTGAAGTTGCT,0,4595269
ybaY_predicted,0.5,1,1,CATCAATCACTCCGGGACTG,0,4598148
ybaY_predicted,0.5,1,1,CATATGGCGGACCCTCAAGG,0,4550026
ybaY_predicted,0.5,1,1,CATATCGCCTACCATCACGC,0,4598995
ybaY_predicted,0.5,1,1,CATATAGTATTTCGGTTACC,0,4596660
ybaY_predicted,0.5,1,1,CATATAGAAGAAAGTCTCCT,0,4585822
ybaY_predicted,0.5,1,1,CATATAATGCCCAGCGTAAA,0,4579927
ybaY_predicted,0.5,1,1,CATACATTGCTAGCCCTGAA,0,4568764
ybaY_predicted,0.5,1,1,CATAATCCAGATAAGGGACA,0,4574662
ybaY_predicted,0.5,1,1,CATAAGCACCTCAAAGGGGA,0,4550833
ybaY_predicted,0.5,1,1,CATAAGATGTGGATAAGTCT,0,4580764
ybaY_predicted,0.5,1,1,CATAAGAGAAGTGCAATGAT,0,4593127
ybaY_predicted,0.5,1,1,CATAAGACAGGTCCGCTACG,0,4576619
ybaY_predicted,0.5,1,1,CATAAATCGGTCGGTGTGTG,0,4566844
ybaY_predicted,0.5,1,1,CAGTTATCCGAGTCGGTAGT,0,4556480
ybaY_predicted,0.5,1,1,CAGTTAGGCCCGCACTTAAT,0,4571787
ybaY_predicted,0.5,1,1,CAGTGGCAACAATAGCTGGT,0,4565093
ybaY_predicted,0.5,1,1,CAGTCTGGTAACGTCACGTG,0,4549149
ybaY_predicted,0.5,1,1,CAGGTGGTATGTCGCTTGGC,0,4579708
ybaY_predicted,0.5,1,1,CAGGTAACCATTTCAGATTA,0,4549242
ybaY_predicted,0.5,1,1,CAGGGCGTAATGAGTGGATG,0,4547970
ybaY_predicted,0.5,1,1,CAGGGAGACTTGATACAGAC,0,4568988
ybaY_predicted,0.5,1,1,CAGGGACTGGCCTGTATGCA,0,4560377
ybaY_predicted,0.5,1,1,CAGGCGACCATTAAGATTTA,0,4553546
ybaY_predicted,0.5,1,1,CAGGACGTAGTTCGGGTCTA,0,4565209
ybaY_predicted,0.5,1,1,CAGCCTGCAGTAACGGTCAA,0,4544793
ybaY_predicted,0.5,1,1,CAGCCCATGGAGTAAATTAG,0,4576145
ybaY_predicted,0.5,1,1,CAGCCAGCACTCGCCTACAT,0,4546537
ybaY_predicted,0.5,1,1,CAGCAGGTTAAAATAAGTTA,0,4597334
ybaY_predicted,0.5,1,1,CAGCACACCTAATGCTTCCA,0,4561500
ybaY_predicted,0.5,1,1,CAGATTAGTTACTGCATATC,0,4582833
ybaY_predicted,0.5,1,1,CAGAGTGGTCCTCAGTTCCA,0,4590662
ybaY_predicted,0.5,1,1,CAGAGCCGTAAAAGCTCGGA,0,4555373
ybaY_predicted,0.5,1,1,CAGAAGACTTGACATTACCG,0,4550298
ybaY_predicted,0.5,1,1,CAGAACAGTCACACCGTATA,0,4563516
ybaY_predicted,0.5,1,1,CACTTTCCTGGGCGCAGAGC,0,4595143
ybaY_predicted,0.5,1,1,CACTTCTGAGGTATTCCCGG,0,4587749
ybaY_predicted,0.5,1,1,CACTGTACCCAGAGATTTAG,0,4587310
ybaY_predicted,0.5,1,1,CACTGCAATCGGTTGACGGA,0,4583564
ybaY_predicted,0.5,1,1,CACTCTCGTGCGCCGCTCGC,0,4578445
ybaY_predicted,0.5,1,1,CACTCTACTACCGTCGGTGA,0,4589417
ybaY_predicted,0.5,1,1,CACTCTAATATGAAATGAGG,0,4595510
ybaY_predicted,0.5,1,1,CACTCACTGACGGGGCGGGT,0,4572735
ybaY_predicted,0.5,1,1,CACTATTGTTCCAGTAACTG,0,4555842
ybaY_predicted,0.5,1,1,CACTATGGTTGAAGTACTCT,0,4579719
ybaY_predicted,0.5,1,1,CACTATAGCTCCGCATCGCG,0,4581308
ybaY_predicted,0.5,1,1,CACGTTATGTACCGTTAATG,0,4583016
ybaY_predicted,0.5,1,1,CACGGTATTGTTACGTTTGT,0,4557585
ybaY_predicted,0.5,1,1,CACGGGTTAAACTCGCTTCC,0,4577910
ybaY_predicted,0.5,1,1,CACGGGTGAGTCTGTTCACC,0,4589712
ybaY_predicted,0.5,1,1,CACGGGGTGTAAGATGCTGC,0,4579562
ybaY_predicted,0.5,1,1,CACGGATCACACTCCCAGGC,0,4545028
ybaY_predicted,0.5,1,1,CACGCGGATGCTTATGATGT,0,4583270
ybaY_predicted,0.5,1,1,CACGCGAGGCAACAAGTATC,0,4545327
ybaY_predicted,0.5,1,1,CACGACGTTTTAGTGATCCC,0,4575646
ybaY_predicted,0.5,1,1,CACCTGAGTTATGGATGAAA,0,4597346
ybaY_predicted,0.5,1,1,CACCGTCCTGGATTTTCCCT,0,4550919
ybaY_predicted,0.5,1,1,CACCGCTGTCGATCTCGTAT,0,4574159
ybaY_predicted,0.5,1,1,CACCGCTGTCAGACGACACA,0,4597980
ybaY_predicted,0.5,1,1,CACATCGCGCTTATCCAGGA,0,4585588
ybaY_predicted,0.5,1,1,CACATATATCAGCGCTCATA,0,4589418
ybaY_predicted,0.5,1,1,CACACGTCGCGGGAATAATT,0,4563332
ybaY_predicted,0.5,1,1,CACACCCTCAGCGGCTATCG,0,4567432
ybaY_predicted,0.5,1,1,CACAATTTTAGGGCAGCCGT,0,4568810
ybaY_predicted,0.5,1,1,CACAAACTGCGGCGTACTTC,0,4579112
ybaY_predicted,0.5,1,1,CAATGCGTAAATTACTCCGC,0,4583710
ybaY_predicted,0.5,1,1,CAATGCGCAGCTGTCTGACA,0,4568563
ybaY_predicted,0.5,1,1,CAATGCCCCAATGAAAAACG,0,4545510
ybaY_predicted,0.5,1,1,CAATGAAACTCGCTTCGAGA,0,4562113
ybaY_predicted,0.5,1,1,CAATCTATTTGGCAGGAAGA,0,4587935
ybaY_predicted,0.5,1,1,CAATAGGCCAACACGGTTCA,0,4572921
ybaY_predicted,0.5,1,1,CAATAGCGCTGCATAAGAGA,0,4599268
ybaY_predicted,0.5,1,1,CAATAGACTCCAAAATTGAT,0,4587403
ybaY_predicted,0.5,1,1,CAAGTTAAATGTAATACATT,0,4554366
ybaY_predicted,0.5,1,1,CAAGTCGCCCTAGATATAAT,0,4592341
ybaY_predicted,0.5,1,1,CAAGGTGCGCGTAACTGACT,0,4566271
ybaY_predicted,0.5,1,1,CAAGGTCCTCATGAGAATCT,0,4566724
ybaY_predicted,0.5,1,1,CAAGGGTTATTTTCGTTTTC,0,4556303
ybaY_predicted,0.5,1,1,CAAGCAGAAAGATCTACCCC,0,4591662
ybaY_predicted,0.5,1,1,CAAGAGGCATGCTACCAGCC,0,4586847
ybaY_predicted,0.5,1,1,CAACTTTGTCCGACCCATGT,0,4596328
ybaY_predicted,0.5,1,1,CAACTCGCCTACTATGGTGT,0,4589203
ybaY_predicted,0.5,1,1,CAACGCTACGCTGCCGCACT,0,4599014
ybaY_predicted,0.5,1,1,CAACAGTCCGACTAGACGGT,0,4555403
ybaY_predicted,0.5,1,1,CAACAGTACGAACGACTCCA,0,4561559
ybaY_predicted,0.5,1,1,CAAATTGGAATCAAGGCGTT,0,4585272
ybaY_predicted,0.5,1,1,CAAATCCCGGGACTAGAACG,0,4572534
ybaY_predicted,0.5,1,1,CAAATACCAGTTATGGGTAC,0,4583410
ybaY_predicted,0.5,1,1,CAAAGTATGAAGTTGGACAT,0,4560179
ybaY_predicted,0.5,1,1,CAAAGTACGTGCGCCTAAAG,0,4597887
ybaY_predicted,0.5,1,1,CAAAGCCGAGAAATTAGGCC,0,4600525
ybaY_predicted,0.5,1,1,CAAAGACACTTGGATGACCT,0,4573626
ybaY_predicted,0.5,1,1,CAAACGGTTGGGATTCAAGT,0,4582372
ybaY_predicted,0.5,1,1,ATTTTGACTGCAACGGATCG,0,4571841
ybaY_predicted,0.5,1,1,ATTTGTCCTTAAGAAGATTT,0,4577474
ybaY_predicted,0.5,1,1,ATTTGTATCCAGAATCTCAT,0,4582831
ybaY_predicted,0.5,1,1,ATTTGAAAACGATATCTATT,0,4548464
ybaY_predicted,0.5,1,1,ATTTACGTTACCAATGTACG,0,4549457
ybaY_predicted,0.5,1,1,ATTTAAACAGTTATTGTTTC,0,4560404
ybaY_predicted,0.5,1,1,ATTGTGCGGGAATTAGCGTC,0,4567601
ybaY_predicted,0.5,1,1,ATTGTGCGCTTTCAAACGCT,0,4587321
ybaY_predicted,0.5,1,1,ATTGGTTCTTCAATGTAATC,0,4587676
ybaY_predicted,0.5,1,1,ATTGGTGTGTACTGTATCTG,0,4561012
ybaY_predicted,0.5,1,1,ATTGGCAACTCGTACGAATA,0,4591008
ybaY_predicted,0.5,1,1,ATTGCCCGCCAGCGAGCTGA,0,4571878
ybaY_predicted,0.5,1,1,ATTGAATAGCGAATCTCTAC,0,4569176
ybaY_predicted,0.5,1,1,ATTGAACACAAGAAACGTCG,0,4577072
ybaY_predicted,0.5,1,1,ATTCTGGCCTCAGCGTACGA,0,4591677
ybaY_predicted,0.5,1,1,ATTCTCAGCGGTCCCAGGCT,0,4578981
ybaY_predicted,0.5,1,1,ATTCGGGCATTAAGGATTCC,0,4548545
ybaY_predicted,0.5,1,1,ATTCGATATCTAATATACTA,0,4547939
ybaY_predicted,0.5,1,1,ATTCCTTTCTATTAGCCTCC,0,4588357
ybaY_predicted,0.5,1,1,ATTCCAAGTGTCGCGCCTGG,0,4588521
ybaY_predicted,0.5,1,1,ATTCACGACCGAATAGGCAT,0,4549148
ybaY_predicted,0.5,1,1,ATTCAAAGCGTTTGTCAAGT,0,4589356
ybaY_predicted,0.5,1,1,ATTATTCGGCGCAGGTAGAG,0,4574895
ybaY_predicted,0.5,1,1,ATTATTCAGCGTTGCAGGCA,0,4565546
ybaY_predicted,0.5,1,1,ATTATGTCCCGCGACTGGAT,0,4567885
ybaY_predicted,0.5,1,1,ATTATGCCTAATAATCCGGA,0,4558209
ybaY_predicted,0.5,1,1,ATTATCAGGGTGTTTCTCAG,0,4591705
ybaY_predicted,0.5,1,1,ATTAGCCACCTCGGGTCTAC,0,4565047
ybaY_predicted,0.5,1,1,ATTACTTGCCTGAGTTCCCT,0,4579020
ybaY_predicted,0.5,1,1,ATTACCCAACCTTTACCGGG,0,4596528
ybaY_predicted,0.5,1,1,ATTACAGGTCACTCCTACGT,0,4585349
ybaY_predicted,0.5,1,1,ATGTGTGTACATGCCCTGGA,0,4593004
ybaY_predicted,0.5,1,1,ATGTGCCTGAACGCGCGTGT,0,4574998
ybaY_predicted,0.5,1,1,ATGTCGCAACGGAGCTGACT,0,4554867
ybaY_predicted,0.5,1,1,ATGTCCGCCCAGGGAACGCT,0,4585381
ybaY_predicted,0.5,1,1,ATGTATTCGAACCCAGCGCC,0,4545609
ybaY_predicted,0.5,1,1,ATGTATCAAAATACTGCGGG,0,4590945
ybaY_predicted,0.5,1,1,ATGTACAAGCAAGAAATTAC,0,4552238
ybaY_predicted,0.5,1,1,ATGGCGTTCGGTACACAGGC,0,4592076
ybaY_predicted,0.5,1,1,ATGGCCGTGACCCGTCACGT,0,4598488
ybaY_predicted,0.5,1,1,ATGGCAGTAAGATTGTTCGC,0,4587062
ybaY_predicted,0.5,1,1,ATGGATTCATGTAAGGCTCT,0,4589317
ybaY_predicted,0.5,1,1,ATGGACACTAGAGCTGAGGA,0,4563540
ybaY_predicted,0.5,1,1,ATGGACAATCCCCGAGAGTT,0,4552105
ybaY_predicted,0.5,1,1,ATGCTCACATAAATAGATCT,0,4545378
ybaY_predicted,0.5,1,1,ATGCGCACCACACAGGTCAA,0,4595181
ybaY_predicted,0.5,1,1,ATGCCGGCTGACTGTCTAAC,0,4552099
ybaY_predicted,0.5,1,1,ATGCCCGGTCGCAAAGGATG,0,4578487
ybaY_predicted,0.5,1,1,ATGATGCCCATTTAGTTAAT,0,4576004
ybaY_predicted,0.5,1,1,ATGATAGCGGGCTAAGCCAT,0,4588409
ybaY_predicted,0.5,1,1,ATGAGCCTTACCAAACAAGA,0,4588083
ybaY_predicted,0.5,1,1,ATGAGCCACATCCATGAGCA,0,4581205
ybaY_predicted,0.5,1,1,ATGAGATCCATACGTTGGCT,0,4560567
ybaY_predicted,0.5,1,1,ATGAGAGGGGTCCGCGTTTG,0,4560675
ybaY_predicted,0.5,1,1,ATGAGAGAGATGTCGCCAGA,0,4560048
ybaY_predicted,0.5,1,1,ATGACTGGGCCTTCTAACCT,0,4585047
ybaY_predicted,0.5,1,1,ATGACCCAGGCGGTCAAACA,0,4589137
ybaY_predicted,0.5,1,1,ATGAATCCCTTAAGCTTGGA,0,4590174
ybaY_predicted,0.5,1,1,ATGAATAGAACCTTATAAGT,0,4548944
ybaY_predicted,0.5,1,1,ATCTTGGTCCAGATCATCTG,0,4558538
ybaY_predicted,0.5,1,1,ATCTTATCTAGGTACAGTCG,0,4549909
ybaY_predicted,0.5,1,1,ATCTGTGCTACTAATGAATT,0,4552248
ybaY_predicted,0.5,1,1,ATCTGGGTTTGATTATCCGT,0,4559426
ybaY_predicted,0.5,1,1,ATCTGGGCACTTTGCTCAGC,0,4562117
ybaY_predicted,0.5,1,1,ATCTGCGGGCTTTTAGTCTT,0,4565716
ybaY_predicted,0.5,1,1,ATCTGCCGATGGAGGCCGGT,0,4545508
ybaY_predicted,0.5,1,1,ATCTCGCGGCCCGCATACAT,0,4547152
ybaY_predicted,0.5,1,1,ATCTATGTATACGAGGATTA,0,4549152
ybaY_predicted,0.5,1,1,ATCTAATCGACGGGTTGTGG,0,4569300
ybaY_predicted,0.5,1,1,ATCGTGCGCCTAGATCCCTA,0,4557054
ybaY_predicted,0.5,1,1,ATCGTCACTAAGCATTAACG,0,4585971
ybaY_predicted,0.5,1,1,ATCGGGTCCTGGTAGCTGGC,0,4553393
ybaY_predicted,0.5,1,1,ATCGGGCATCACCACGGAAG,0,4591194
ybaY_predicted,0.5,1,1,ATCGGCAGATAACCGAAGGG,0,4563064
ybaY_predicted,0.5,1,1,ATCGGCAATTGCCGGAACTG,0,4572935
ybaY_predicted,0.5,1,1,ATCGCTCTTGTCTGGACTCA,0,4594200
ybaY_predicted,0.5,1,1,ATCGCGGCCCCCTACAGAGG,0,4586844
ybaY_predicted,0.5,1,1,ATCGCCATCCATTTGCTGAT,0,4593176
ybaY_predicted,0.5,1,1,ATCGCAGGTATTTACTCACG,0,4554272
ybaY_predicted,0.5,1,1,ATCGATTATCATTCTGCTTG,0,4597499
ybaY_predicted,0.5,1,1,ATCGAACTCTAATGTTAAAA,0,4587841
ybaY_predicted,0.5,1,1,ATCCTCCGGTGTGAAAATGC,0,4557497
ybaY_predicted,0.5,1,1,ATCCTCCACCTCGCCCGTTG,0,4546482
ybaY_predicted,0.5,1,1,ATCCGGCTAAGGATGACTGA,0,4549047
ybaY_predicted,0.5,1,1,ATCCGGCAATGTTGCAACTC,0,4569656
ybaY_predicted,0.5,1,1,ATCCCTTGTCGTCCCATATG,0,4570691
ybaY_predicted,0.5,1,1,ATCCCTCGTGGCCGATGGGT,0,4559163
ybaY_predicted,0.5,1,1,ATCCAACAGGGTCCGTGTCA,0,4564433
ybaY_predicted,0.5,1,1,ATCATGCTTCCGTTCCACGA,0,4557416
ybaY_predicted,0.5,1,1,ATCAGTGTCAGGGGCAACCC,0,4571105
ybaY_predicted,0.5,1,1,ATCAGGCGAGTGCCTTCATT,0,4578000
ybaY_predicted,0.5,1,1,ATCACCAGAGTGTCCGAAAT,0,4572046
ybaY_predicted,0.5,1,1,ATCAAGGCCGCATAGGGGTT,0,4594935
ybaY_predicted,0.5,1,1,ATCAACAAGATCGAGACGGC,0,4596676
ybaY_predicted,0.5,1,1,ATATGTTAGTCCCAATAGGC,0,4585335
ybaY_predicted,0.5,1,1,ATATGGTAAATTGGATCATG,0,4557336
ybaY_predicted,0.5,1,1,ATATCGCGCACAGTGTCACT,0,4564106
ybaY_predicted,0.5,1,1,ATATCATGTACGATATACCC,0,4556433
ybaY_predicted,0.5,1,1,ATATCAAGCCGTGACAGAGA,0,4593201
ybaY_predicted,0.5,1,1,ATATATGTGAGGCGCGAGCT,0,4575902
ybaY_predicted,0.5,1,1,ATATATATCGGCGTGTACCG,0,4571512
ybaY_predicted,0.5,1,1,ATATAAAATGTGGATCGGCG,0,4590794
ybaY_predicted,0.5,1,1,ATAGTTAGTACATCACATTA,0,4568666
ybaY_predicted,0.5,1,1,ATAGTGATTATTAAAGGTGT,0,4544754
ybaY_predicted,0.5,1,1,ATAGTCACTTTCCCGAAGCA,0,4551318
ybaY_predicted,0.5,1,1,ATAGGTGAGGCCAGCTTTGT,0,4564717
ybaY_predicted,0.5,1,1,ATAGGGGGCGCCGATGCGTG,0,4583572
ybaY_predicted,0.5,1,1,ATAGGGAGCATTAGCGTTGC,0,4600307
ybaY_predicted,0.5,1,1,ATAGGAGACCCCAATATTAA,0,4591291
ybaY_predicted,0.5,1,1,ATAGGACCGCATCGTTGCCA,0,4585382
ybaY_predicted,0.5,1,1,ATAGGAAAAAATTTTACGTA,0,4589169
ybaY_predicted,0.5,1,1,ATAGCGCGCCCACTGGGGTT,0,4553987
ybaY_predicted,0.5,1,1,ATAGCCAAAATTCCCTGTCA,0,4577855
ybaY_predicted,0.5,1,1,ATAGCATTGGGTAAAAATTT,0,4583219
ybaY_predicted,0.5,1,1,ATAGATATTGCTCGGGCAAG,0,4584585
ybaY_predicted,0.5,1,1,ATACTACATCACCCAACGAC,0,4548813
ybaY_predicted,0.5,1,1,ATACGGAGGGGCGCTGGCAA,0,4585275
ybaY_predicted,0.5,1,1,ATACGACCTTCAGCAGGGGG,0,4588237
ybaY_predicted,0.5,1,1,ATACCAAGTATTACGCACCT,0,4554430
ybaY_predicted,0.5,1,1,ATACAGAGCGATGATACTTA,0,4597726
ybaY_predicted,0.5,1,1,ATACACGTAGATGCACTACG,0,4555684
ybaY_predicted,0.5,1,1,ATAAGTGGTCTTCTTGTTAA,0,4552092
ybaY_predicted,0.5,1,1,ATAAGTGGAAGAGTTCTCGT,0,4592222
ybaY_predicted,0.5,1,1,ATAAGGTGCAGCACAATGGT,0,4576893
ybaY_predicted,0.5,1,1,ATAAGGTCATGGCATATTAA,0,4559968
ybaY_predicted,0.5,1,1,ATAAAGATTTCGCCTGGTCC,0,4594248
ybaY_predicted,0.5,1,1,AGTTTATCGTACTGGTAGGA,0,4571846
ybaY_predicted,0.5,1,1,AGTTGCCGGTGTGGGGTCTC,0,4579445
ybaY_predicted,0.5,1,1,AGTTGAAATAGTTGAATTGA,0,4554804
ybaY_predicted,0.5,1,1,AGTTCGGTTCTTGGTACCAT,0,4582212
ybaY_predicted,0.5,1,1,AGTTCCCCCCTCTAATCGAA,0,4596553
ybaY_predicted,0.5,1,1,AGTTCATACGACGTGATCCC,0,4572538
ybaY_predicted,0.5,1,1,AGTTCAGGCGGGTTGTTTTC,0,4551945
ybaY_predicted,0.5,1,1,AGTTCAACGGATCCGGCTCA,0,4566205
ybaY_predicted,0.5,1,1,AGTTACACAGCATCTAATTC,0,4580063
ybaY_predicted,0.5,1,1,AGTTAAGACTGGAAAGATTG,0,4585302
ybaY_predicted,0.5,1,1,AGTGTTTTCAACAGGTTTCC,0,4590571
ybaY_predicted,0.5,1,1,AGTGTGTGTGAGATCTATGT,0,4544705
ybaY_predicted,0.5,1,1,AGTGTGTATCTATAGGGTGG,0,4588444
ybaY_predicted,0.5,1,1,AGTGTCTGAGGTTTCGTAGT,0,4551433
ybaY_predicted,0.5,1,1,AGTGTAATTAAGGTACGTGC,0,4585992
ybaY_predicted,0.5,1,1,AGTGGGACAGGGTGGGCGGT,0,4578329
ybaY_predicted,0.5,1,1,AGTGCTACGTGAGGTTGACA,0,4551429
ybaY_predicted,0.5,1,1,AGTGAGAGGGGTCCGTAAAA,0,4568865
ybaY_predicted,0.5,1,1,AGTCTCGAAGGTTCCAACTA,0,4581312
ybaY_predicted,0.5,1,1,AGTCGGTAGACTGAACTGGT,0,4581171
ybaY_predicted,0.5,1,1,AGTCGGTACTTAGTTGGCAT,0,4579935
ybaY_predicted,0.5,1,1,AGTCGGGAGGGGTATGCGTA,0,4567349
ybaY_predicted,0.5,1,1,AGTCGGACCATACGGGGTGG,0,4560788
ybaY_predicted,0.5,1,1,AGTCGATTTACTACCCGGGC,0,4577028
ybaY_predicted,0.5,1,1,AGTCCGGGCGGGAAATAAAG,0,4555867
ybaY_predicted,0.5,1,1,AGTCCAGACCGGATGTTACC,0,4569501
ybaY_predicted,0.5,1,1,AGTCATGTGCTCCTGCATAA,0,4582897
ybaY_predicted,0.5,1,1,AGTATTTCGGAGGTGTTCGC,0,4559479
ybaY_predicted,0.5,1,1,AGTATTACCGCAATGGTCGG,0,4592526
ybaY_predicted,0.5,1,1,AGTATGACTCGACCGTCTCA,0,4581490
ybaY_predicted,0.5,1,1,AGTATCATATCGCTTGAGAC,0,4591925
ybaY_predicted,0.5,1,1,AGTATACGGCTCCGATTGCA,0,4547339
ybaY_predicted,0.5,1,1,AGTATAAGTGTAGGAAAGTG,0,4589612
ybaY_predicted,0.5,1,1,AGTACTGATGTTATCCTGGC,0,4592331
ybaY_predicted,0.5,1,1,AGTACTCGCATTCTACATGC,0,4600071
ybaY_predicted,0.5,1,1,AGTACCTGGTACAGCCGGAT,0,4581280
ybaY_predicted,0.5,1,1,AGTAATGTGGATACTTTGCA,0,4572887
ybaY_predicted,0.5,1,1,AGTAATGCGAGATTACTCGT,0,4553370
ybaY_predicted,0.5,1,1,AGTAAGTCAGCAGCAGGACC,0,4550302
ybaY_predicted,0.5,1,1,AGTAACCGTTTTCAGTTTCT,0,4569305
ybaY_predicted,0.5,1,1,AGGTTTCTTGCTCTCCGAAC,0,4592944
ybaY_predicted,0.5,1,1,AGGTTCATTTAAGATTAGGC,0,4546735
ybaY_predicted,0.5,1,1,AGGTTAGCGCCGACTCGTCG,0,4558573
ybaY_predicted,0.5,1,1,AGGTCCGCCGTGGCGGGATA,0,4585358
ybaY_predicted,0.5,1,1,AGGTCACTTAAGCCCGACAG,0,4548942
ybaY_predicted,0.5,1,1,AGGTATAACTTCGTTACCAC,0,4576649
ybaY_predicted,0.5,1,1,AGGGTTTGCGTATTTCTTCA,0,4600239
ybaY_predicted,0.5,1,1,AGGGTGGCTCGTAAGCCGTC,0,4551863
ybaY_predicted,0.5,1,1,AGGGTGCGGTTGGCTGTCAG,0,4594451
ybaY_predicted,0.5,1,1,AGGGTGAAGGGAAACATTAA,0,4557623
ybaY_predicted,0.5,1,1,AGGGGTACGCTACACTGGAA,0,4561352
ybaY_predicted,0.5,1,1,AGGGGGAACTCGGTCTGTCA,0,4593816
ybaY_predicted,0.5,1,1,AGGGCTTATGTAATCATATT,0,4548085
ybaY_predicted,0.5,1,1,AGGGCTCGCTGTTGGGACAA,0,4565785
ybaY_predicted,0.5,1,1,AGGGCGCACCAATCAATTCT,0,4548891
ybaY_predicted,0.5,1,1,AGGGCGACCCGGGAGCTAAT,0,4560025
ybaY_predicted,0.5,1,1,AGGGCATCCATAATATGTAA,0,4564504
ybaY_predicted,0.5,1,1,AGGGCAAGTCCCCCTCCCTA,0,4555315
ybaY_predicted,0.5,1,1,AGGGACTTCCGGCAGACATG,0,4571551
ybaY_predicted,0.5,1,1,AGGCTGGGGCCGCGTTAAAC,0,4580664
ybaY_predicted,0.5,1,1,AGGCTATTCATGCGCAAAGC,0,4563581
ybaY_predicted,0.5,1,1,AGGCCTTCCAGATTAATATC,0,4591937
ybaY_predicted,0.5,1,1,AGGCCGACGTTTATAACCTC,0,4586137
ybaY_predicted,0.5,1,1,AGGCCCCAACTCGCAGGTAT,0,4573203
ybaY_predicted,0.5,1,1,AGGCCAATTTAATTCTCATA,0,4584408
ybaY_predicted,0.5,1,1,AGGACTGATAAACGTCGACG,0,4576317
ybaY_predicted,0.5,1,1,AGGACGTACAACGCCGATGT,0,4580406
ybaY_predicted,0.5,1,1,AGGACATGGTTGTCGCCTAA,0,4568056
ybaY_predicted,0.5,1,1,AGGAACTGGCACTCCGCTGG,0,4586206
ybaY_predicted,0.5,1,1,AGCTTTTAGGCTTGCTTCAT,0,4561658
ybaY_predicted,0.5,1,1,AGCTTGTCCAGGACCTCTTG,0,4557489
ybaY_predicted,0.5,1,1,AGCTTGGGAGCCGTGCAATC,0,4555087
ybaY_predicted,0.5,1,1,AGCTTATTCAGGAGCCCCTG,0,4550803
ybaY_predicted,0.5,1,1,AGCTGTACTCCTCTCCAGTT,0,4594171
ybaY_predicted,0.5,1,1,AGCTGTAAGCTCGGTCTTGC,0,4559583
ybaY_predicted,0.5,1,1,AGCTGGGTCCATCCGATTGG,0,4577002
ybaY_predicted,0.5,1,1,AGCTGCCTACCGCAACTTGA,0,4552855
ybaY_predicted,0.5,1,1,AGCTATATCTGTGACGTTAG,0,4599511
ybaY_predicted,0.5,1,1,AGCTAGCGAGGTTTGGTTAA,0,4556556
ybaY_predicted,0.5,1,1,AGCTACCGCGTTTGGACGGG,0,4581605
ybaY_predicted,0.5,1,1,AGCGTTCCAGATTAGCTGAT,0,4574471
ybaY_predicted,0.5,1,1,AGCGTATCCCGTATTGTACT,0,4551715
ybaY_predicted,0.5,1,1,AGCGGTAGGAGTGGGAAGAC,0,4552231
ybaY_predicted,0.5,1,1,AGCGGGGGCGGCACTTCGCT,0,4587980
ybaY_predicted,0.5,1,1,AGCGGCTGCCCACGACTAGG,0,4568502
ybaY_predicted,0.5,1,1,AGCGGCGTCCGAATGATAAA,0,4564871
ybaY_predicted,0.5,1,1,AGCGCGACTGGCTAAAGCTT,0,4576288
ybaY_predicted,0.5,1,1,AGCGCAACTTACGGGTCCAG,0,4559578
ybaY_predicted,0.5,1,1,AGCGATCGGAATCCAAGTCT,0,4593347
ybaY_predicted,0.5,1,1,AGCGAACCTAATAGAAAGCA,0,4593030
ybaY_predicted,0.5,1,1,AGCCTGGAGTACTTGAAATG,0,4557012
ybaY_predicted,0.5,1,1,AGCCTCGAGCAGCTAGTCGA,0,4553531
ybaY_predicted,0.5,1,1,AGCCGCCTAGTGGCCGGCAC,0,4594075
ybaY_predicted,0.5,1,1,AGCCCTTCAAGAACGCGGAT,0,4569646
ybaY_predicted,0.5,1,1,AGCCATGTGTTTCGGCATGT,0,4578381
ybaY_predicted,0.5,1,1,AGCCATGCTGGGGTGCCCGA,0,4563507
ybaY_predicted,0.5,1,1,AGCCATCGCCGAATAACGGG,0,4579662
ybaY_predicted,0.5,1,1,AGCCATAACCAATGGCCACA,0,4555613
ybaY_predicted,0.5,1,1,AGCCAGGCTCATTCCCTTTT,0,4579078
ybaY_predicted,0.5,1,1,AGCCAGATCTGGACCGCGAC,0,4575699
ybaY_predicted,0.5,1,1,AGCATATTCGGAGAGAGTCA,0,4551125
ybaY_predicted,0.5,1,1,AGCATACGGTTTTCATAAAG,0,4559379
ybaY_predicted,0.5,1,1,AGCAGATGCTAGCTAAGTCA,0,4563522
ybaY_predicted,0.5,1,1,AGCAACGAAAGACACAGAGA,0,4560432
ybaY_predicted,0.5,1,1,AGCAAAGAATGGGCTCGCAG,0,4593959
ybaY_predicted,0.5,1,1,AGATTCACCGACGGAGGACA,0,4600498
ybaY_predicted,0.5,1,1,AGATGTAGCTTTACTGGGGT,0,4562857
ybaY_predicted,0.5,1,1,AGATGCGACCCTGCGGACGT,0,4580083
ybaY_predicted,0.5,1,1,AGATGACAACTGAAAAACTT,0,4596756
ybaY_predicted,0.5,1,1,AGATCCCATTATCGATTCAT,0,4575611
ybaY_predicted,0.5,1,1,AGATCAGCGTGTACATCCCT,0,4588211
ybaY_predicted,0.5,1,1,AGATAAAGCGTGTGGGTGTA,0,4562617
ybaY_predicted,0.5,1,1,AGAGTTTTGGTATCTGCCTA,0,4581546
ybaY_predicted,0.5,1,1,AGAGTTTAGAACAGTTCGCC,0,4559651
ybaY_predicted,0.5,1,1,AGAGGTAAGGTATGAGCTAA,0,4564600
ybaY_predicted,0.5,1,1,AGAGGCCTCGGGCTTCAAAA,0,4564874
ybaY_predicted,0.5,1,1,AGAGCTGCGGTGCACGGAAG,0,4567741
ybaY_predicted,0.5,1,1,AGAGCCCCCAGCGGGGACCA,0,4582800
ybaY_predicted,0.5,1,1,AGAGACTAGGGGGGACGTCA,0,4594354
ybaY_predicted,0.5,1,1,AGACTGAAGTTTCATATCCC,0,4578207
ybaY_predicted,0.5,1,1,AGACTCCTCATCAAAATCTA,0,4566239
ybaY_predicted,0.5,1,1,AGACTAAGAGGTCAACGGAC,0,4577014
ybaY_predicted,0.5,1,1,AGACGTCAAACGTTACTGGC,0,4588314
ybaY_predicted,0.5,1,1,AGACGGGCGCCACCGTAAGG,0,4588252
ybaY_predicted,0.5,1,1,AGACCGCCGTAGCTTGTTCA,0,4579145
ybaY_predicted,0.5,1,1,AGACACGTCAGTTTGCATTT,0,4591162
ybaY_predicted,0.5,1,1,AGAATTCGAATACTATATGA,0,4592529
ybaY_predicted,0.5,1,1,AGAATGGTACTAACGACTTC,0,4586888
ybaY_predicted,0.5,1,1,AGAATGACCTATCCGACCGA,0,4560615
ybaY_predicted,0.5,1,1,AGAATCGACGGTCGGAATCG,0,4592344
ybaY_predicted,0.5,1,1,AGAACCGCATGAGTTAGGCT,0,4595526
ybaY_predicted,0.5,1,1,AGAAATAGTCCATCCGGCCT,0,4565884
ybaY_predicted,0.5,1,1,AGAAAGCTCATTTTGTACAG,0,4549896
ybaY_predicted,0.5,1,1,AGAAACATCGAGCTCGAATG,0,4572533
ybaY_predicted,0.5,1,1,ACTTTGGGGAGGTCCAGATT,0,4558469
ybaY_predicted,0.5,1,1,ACTTGTTCCTAGGTGGGTTT,0,4563437
ybaY_predicted,0.5,1,1,ACTTGTGGATCCCAGCAGTT,0,4571283
ybaY_predicted,0.5,1,1,ACTTGGGCAAACCATGTCCA,0,4561172
ybaY_predicted,0.5,1,1,ACTTGGCGCGGAGAACCAAA,0,4578271
ybaY_predicted,0.5,1,1,ACTTGCTTTTTTCCCAAGTT,0,4592998
ybaY_predicted,0.5,1,1,ACTTCTTATCAAGCTTGGGT,0,4547495
ybaY_predicted,0.5,1,1,ACTTCGTCTCCGTCCCTCAT,0,4551758
ybaY_predicted,0.5,1,1,ACTTCGCTTCTGTCTCTATG,0,4585347
ybaY_predicted,0.5,1,1,ACTTCGACTGAGGTTGTGGA,0,4591040
ybaY_predicted,0.5,1,1,ACTTCCTGGCTGTCGGTCAG,0,4597771
ybaY_predicted,0.5,1,1,ACTTCCTACTCACTGTGCTC,0,4582637
ybaY_predicted,0.5,1,1,ACTTATGTAGTGACTTCCGG,0,4585833
ybaY_predicted,0.5,1,1,ACTTAAGCCGTTGACAGTTG,0,4575396
ybaY_predicted,0.5,1,1,ACTGTCTCCTTACTGCAAGT,0,4563998
ybaY_predicted,0.5,1,1,ACTGTCGTAAAGTTAAGCAA,0,4579331
ybaY_predicted,0.5,1,1,ACTGTCAGTAGACTTAGGAG,0,4571235
ybaY_predicted,0.5,1,1,ACTGGTATACCGGCTTGCCC,0,4565706
ybaY_predicted,0.5,1,1,ACTGGGAAGAGCAGGACATG,0,4559483
ybaY_predicted,0.5,1,1,ACTGGATAAGGCACGGTAAT,0,4591153
ybaY_predicted,0.5,1,1,ACTGGAGGTTAGAGCTTGAC,0,4548498
ybaY_predicted,0.5,1,1,ACTGCCGAACGTTGTCTGGG,0,4576250
ybaY_predicted,0.5,1,1,ACTGCATTAGGGCAACCAGC,0,4568917
ybaY_predicted,0.5,1,1,ACTCTTTGAGTCACAGTATT,0,4568455
ybaY_predicted,0.5,1,1,ACTCTTACCACAATCAGTCC,0,4574213
ybaY_predicted,0.5,1,1,ACTCGGGATAGTTTAATTAC,0,4592104
ybaY_predicted,0.5,1,1,ACTCGGCAGCCTGTTCGTGA,0,4548514
ybaY_predicted,0.5,1,1,ACTCGCCCTGGATTCTCACA,0,4594653
ybaY_predicted,0.5,1,1,ACTCGAGTCGTGCTTCTGAC,0,4594309
ybaY_predicted,0.5,1,1,ACTCCTGAGTAAGTTAGTAG,0,4581816
ybaY_predicted,0.5,1,1,ACTCCGCCGCCATTCGCAAT,0,4560116
ybaY_predicted,0.5,1,1,ACTCATGTATGGTCGGGTCC,0,4553727
ybaY_predicted,0.5,1,1,ACTATGTAAGTTGGATAGTT,0,4574168
ybaY_predicted,0.5,1,1,ACTATGGGGGGTGGCAGGGG,0,4560691
ybaY_predicted,0.5,1,1,ACTATGGGGCCAGCAACGTC,0,4587489
ybaY_predicted,0.5,1,1,ACTAGGAAAAGCGAAGCCGA,0,4569246
ybaY_predicted,0.5,1,1,ACTAATCGTAATTAAACCCT,0,4594492
ybaY_predicted,0.5,1,1,ACTAACAACCCGGTGTGTTA,0,4556733
ybaY_predicted,0.5,1,1,ACTAAAACTTCCAAACATCT,0,4553979
ybaY_predicted,0.5,1,1,ACGTTTTCGCAGAGTTCAAC,0,4561560
ybaY_predicted,0.5,1,1,ACGTTAGAATGGTTGAGGCA,0,4567068
ybaY_predicted,0.5,1,1,ACGTGTTTTGGGTACTGTGT,0,4549596
ybaY_predicted,0.5,1,1,ACGTGTCCGGAATTTGATAA,0,4588815
ybaY_predicted,0.5,1,1,ACGTGATCTTGACGCCTACA,0,4573323
ybaY_predicted,0.5,1,1,ACGTCTAAGATAGGAATCCA,0,4559062
ybaY_predicted,0.5,1,1,ACGTCCCGAAGGCCACTATT,0,4570836
ybaY_predicted,0.5,1,1,ACGTCCCCGCAGTGCAACGT,0,4563117
ybaY_predicted,0.5,1,1,ACGTATATGATACGGATATG,0,4566266
ybaY_predicted,0.5,1,1,ACGGTGTGGTACCGGAATCC,0,4562111
ybaY_predicted,0.5,1,1,ACGGTGTATAGTGAAGACGC,0,4583642
ybaY_predicted,0.5,1,1,ACGGTCACATATGCTTGAGG,0,4559842
ybaY_predicted,0.5,1,1,ACGGTATATCTTTAGGCCTG,0,4599133
ybaY_predicted,0.5,1,1,ACGGGCATAGCGTATACAAA,0,4586790
ybaY_predicted,0.5,1,1,ACGGCCAGCGTGGCACACGA,0,4570583
ybaY_predicted,0.5,1,1,ACGGACCTAAGATGTGAGCC,0,4565163
ybaY_predicted,0.5,1,1,ACGCTAGGGCACAAATCAGC,0,4552183
ybaY_predicted,0.5,1,1,ACGCGGCGCTCAATTCTTAT,0,4558289
ybaY_predicted,0.5,1,1,ACGCGCACCCCTACGAGGTG,0,4590320
ybaY_predicted,0.5,1,1,ACGCGATTGAGGCGATAGAG,0,4545748
ybaY_predicted,0.5,1,1,ACGCACTGTAAACTACTGGA,0,4595276
ybaY_predicted,0.5,1,1,ACGCACGCTTAGTCGGAAAA,0,4583250
ybaY_predicted,0.5,1,1,ACGATCGTCCTACCTTTTAC,0,4599867
ybaY_predicted,0.5,1,1,ACGATCATCCCCCCTCACGT,0,4565934
ybaY_predicted,0.5,1,1,ACGATACTTCGCTTAGTACA,0,4551180
ybaY_predicted,0.5,1,1,ACGAGGATACCGTAAACACC,0,4566513
ybaY_predicted,0.5,1,1,ACGACTAGTTTCTCGTGTGT,0,4550667
ybaY_predicted,0.5,1,1,ACGACGCAGTAGGGGCTTGT,0,4560798
ybaY_predicted,0.5,1,1,ACGACCAAGTCCACGTGTTG,0,4589255
ybaY_predicted,0.5,1,1,ACGAATTCTCAAGACAATTC,0,4584778
ybaY_predicted,0.5,1,1,ACCTTGTCAAGTGTAAGTGA,0,4583603
ybaY_predicted,0.5,1,1,ACCTTCGCCCTTTATCAGGA,0,4589537
ybaY_predicted,0.5,1,1,ACCTTCGAGACCCTATAAAC,0,4596997
ybaY_predicted,0.5,1,1,ACCTCGGGCTGCGATCCTAC,0,4592676
ybaY_predicted,0.5,1,1,ACCTCACGGCAACACGTTTT,0,4582104
ybaY_predicted,0.5,1,1,ACCGTCGAATGCCAGAGCAT,0,4598057
ybaY_predicted,0.5,1,1,ACCGGGTATAAGCAGAAACA,0,4550615
ybaY_predicted,0.5,1,1,ACCGGGATTAGCATTCCACA,0,4577132
ybaY_predicted,0.5,1,1,ACCGGAAAACTCTCGCTCAC,0,4600388
ybaY_predicted,0.5,1,1,ACCGCCTGCCGAGTCTATAA,0,4574151
ybaY_predicted,0.5,1,1,ACCGACTACAGTTGCCTGTA,0,4582119
ybaY_predicted,0.5,1,1,ACCCTCGCAGGCCCATCTAT,0,4581925
ybaY_predicted,0.5,1,1,ACCCTCCGAACGCTGCAGCA,0,4582747
ybaY_predicted,0.5,1,1,ACCCTAGTGTTGCGTACCTT,0,4593690
ybaY_predicted,0.5,1,1,ACCCCTGATAAAGGCGTAGT,0,4549513
ybaY_predicted,0.5,1,1,ACCCAGCAGCGCTAGCCGCA,0,4556741
ybaY_predicted,0.5,1,1,ACCCACTTCCTGTGTGGCCT,0,4547062
ybaY_predicted,0.5,1,1,ACCATGTTACTGCTTACGCC,0,4569448
ybaY_predicted,0.5,1,1,ACCATACGTTCACACGGCCT,0,4590567
ybaY_predicted,0.5,1,1,ACCACGGCTACTGGTCTGTC,0,4576416
ybaY_predicted,0.5,1,1,ACCAAGTAATTCATTCTCAT,0,4585503
ybaY_predicted,0.5,1,1,ACCAAGAGGTCCTTACCCGT,0,4593185
ybaY_predicted,0.5,1,1,ACCAAACGCGCATTAGGATT,0,4589505
ybaY_predicted,0.5,1,1,ACATTGTTATTTCCGATAGC,0,4551910
ybaY_predicted,0.5,1,1,ACATTGACGGATGGGATACA,0,4591765
ybaY_predicted,0.5,1,1,ACATAGGCTCTTGCTGGTAC,0,4545294
ybaY_predicted,0.5,1,1,ACATACGGCCCCCGCCGTGT,0,4566269
ybaY_predicted,0.5,1,1,ACATACATAATTTACGTGGG,0,4551467
ybaY_predicted,0.5,1,1,ACAGGTGGGGCAAATGGATA,0,4545804
ybaY_predicted,0.5,1,1,ACAGGTGGGGAAATTACGTG,0,4584457
ybaY_predicted,0.5,1,1,ACAGGGGGTGGTATACGTGT,0,4564084
ybaY_predicted,0.5,1,1,ACAGGCCCTTTTGGAGGTCA,0,4566634
ybaY_predicted,0.5,1,1,ACAGCCGGGAGCAAAGTGAG,0,4576209
ybaY_predicted,0.5,1,1,ACAGCACTAATCCGGGACTG,0,4581824
ybaY_predicted,0.5,1,1,ACAGATTCTATAAATGCCTA,0,4545486
ybaY_predicted,0.5,1,1,ACAGATGAAACAAGTACTCT,0,4579585
ybaY_predicted,0.5,1,1,ACAGAGCACAGGGTGCCCGC,0,4564132
ybaY_predicted,0.5,1,1,ACACTTTGTCATAAGCTCCA,0,4592548
ybaY_predicted,0.5,1,1,ACACTTATTTCTACCTTTCT,0,4561677
ybaY_predicted,0.5,1,1,ACACCGTCCCGTTTGACGGT,0,4561553
ybaY_predicted,0.5,1,1,ACACCGTAGACCTTCTCAAC,0,4557347
ybaY_predicted,0.5,1,1,ACACCGAGAGAATCGCCATA,0,4598674
ybaY_predicted,0.5,1,1,ACACCAGAGGGAGGGGGCTA,0,4590291
ybaY_predicted,0.5,1,1,ACACAAATTTCGTAGTGACT,0,4550514
ybaY_predicted,0.5,1,1,ACAATCGGTGACCAATGGCT,0,4575572
ybaY_predicted,0.5,1,1,ACAAGTCTCCGACAAGATGC,0,4572158
ybaY_predicted,0.5,1,1,ACAACCTTTGAACCGGAACG,0,4546566
ybaY_predicted,0.5,1,1,ACAAAATTCGACAGCGCTAC,0,4566756
ybaY_predicted,0.5,1,1,AATTTGACTAGCTGTTCAGT,0,4561236
ybaY_predicted,0.5,1,1,AATTGTTCGTGTTCCCATAT,0,4595238
ybaY_predicted,0.5,1,1,AATTGCCGGTTGTATCCGTA,0,4588511
ybaY_predicted,0.5,1,1,AATTCTTGCAAACTGTCGTT,0,4595087
ybaY_predicted,0.5,1,1,AATTCTATCGTAGCTTTCAC,0,4554404
ybaY_predicted,0.5,1,1,AATTCACTTGTAACCCAGGG,0,4590180
ybaY_predicted,0.5,1,1,AATGGGGTCAAAACCGGCCT,0,4590879
ybaY_predicted,0.5,1,1,AATGGCTAAGGGACCTTCTC,0,4584601
ybaY_predicted,0.5,1,1,AATGCCCGCGAAGACTGAAG,0,4579401
ybaY_predicted,0.5,1,1,AATGACATGTATTCGTCATG,0,4595083
ybaY_predicted,0.5,1,1,AATCTCATAGTCATACTCCT,0,4562110
ybaY_predicted,0.5,1,1,AATCGTAGCGCGACGGAGGT,0,4574841
ybaY_predicted,0.5,1,1,AATCGCCGTGATGGTGTCAC,0,4576920
ybaY_predicted,0.5,1,1,AATCCCAGGCGGTGGTTGGA,0,4579400
ybaY_predicted,0.5,1,1,AATCCACTTTACACTGGTTT,0,4595775
ybaY_predicted,0.5,1,1,AATATTTTACTATACGCGCC,0,4554789
ybaY_predicted,0.5,1,1,AATATCGAAGTAGCACCGGC,0,4573266
ybaY_predicted,0.5,1,1,AATATACGTAATGCTTTCAA,0,4545306
ybaY_predicted,0.5,1,1,AATAGTTTGGTCCCAGTTCC,0,4586592
ybaY_predicted,0.5,1,1,AATAGGCGTGTACCACCGTT,0,4586104
ybaY_predicted,0.5,1,1,AATACGTCGGGATGAGAGAA,0,4584429
ybaY_predicted,0.5,1,1,AATACGTACTTATATTCTCA,0,4590036
ybaY_predicted,0.5,1,1,AATACCTGCATGATAGATGC,0,4600147
ybaY_predicted,0.5,1,1,AATAATGTCGAGCGAGGGCT,0,4565195
ybaY_predicted,0.5,1,1,AATAATGAATACGTGCGAGG,0,4580053
ybaY_predicted,0.5,1,1,AATAATCACCAAAGTGGGAA,0,4599150
ybaY_predicted,0.5,1,1,AATAACCCTCATTCAAGTTA,0,4592386
ybaY_predicted,0.5,1,1,AATAACAATTAATTGTACTA,0,4558261
ybaY_predicted,0.5,1,1,AAGTTTGCCCTAGCCGCAGC,0,4574734
ybaY_predicted,0.5,1,1,AAGTTTAATCGCTCGTCGTA,0,4570591
ybaY_predicted,0.5,1,1,AAGTTGACCAGAACGTGTGT,0,4587466
ybaY_predicted,0.5,1,1,AAGTGCCAGAGGCTCGAAAT,0,4585362
ybaY_predicted,0.5,1,1,AAGTCCTCATTCGACTCCGG,0,4560873
ybaY_predicted,0.5,1,1,AAGTCAGGGATTAACCGATA,0,4585135
ybaY_predicted,0.5,1,1,AAGGTTGACTCTTTCCTCTC,0,4582603
ybaY_predicted,0.5,1,1,AAGGTCACAATCAGTTAACA,0,4545808
ybaY_predicted,0.5,1,1,AAGGTATTCCTACCTACCCC,0,4593386
ybaY_predicted,0.5,1,1,AAGGTATGCGAAGCAAGCCT,0,4585678
ybaY_predicted,0.5,1,1,AAGGTAAAATAGTAGCTAAC,0,4592135
ybaY_predicted,0.5,1,1,AAGGGTCTCCTCTGATAACG,0,4598162
ybaY_predicted,0.5,1,1,AAGGCTGTTCGCAGGACAGG,0,4587928
ybaY_predicted,0.5,1,1,AAGGCCCTGAACGTATGCAG,0,4576351
ybaY_predicted,0.5,1,1,AAGGATTACCACAATCTAGA,0,4562286
ybaY_predicted,0.5,1,1,AAGGAACGACGCCCTCATGG,0,4562475
ybaY_predicted,0.5,1,1,AAGCTTATATTTTTCAGCTG,0,4592479
ybaY_predicted,0.5,1,1,AAGCTGTAGTGTTTGCCTTT,0,4552887
ybaY_predicted,0.5,1,1,AAGCTGACAGGCCAGTCACC,0,4550579
ybaY_predicted,0.5,1,1,AAGCTCTCTGTCGTTCCTGT,0,4559428
ybaY_predicted,0.5,1,1,AAGCTCCGCCTGCCAATTGC,0,4559222
ybaY_predicted,0.5,1,1,AAGCGGTGAAGAGTCCTCGC,0,4556525
ybaY_predicted,0.5,1,1,AAGCGGGTGTAAAAGCATAA,0,4552720
ybaY_predicted,0.5,1,1,AAGCCGCCGGTCCTCGAGCC,0,4574110
ybaY_predicted,0.5,1,1,AAGCCCGATAATCGGCTTAC,0,4582612
ybaY_predicted,0.5,1,1,AAGCATGTTGCTACACCGCG,0,4579805
ybaY_predicted,0.5,1,1,AAGCATGTTCACGACGGGAT,0,4553886
ybaY_predicted,0.5,1,1,AAGCAGTCGTCACGTACCGG,0,4583745
ybaY_predicted,0.5,1,1,AAGCAGCCGAAGCCAATCTC,0,4574823
ybaY_predicted,0.5,1,1,AAGCAACTACGGCTAGCCGC,0,4592640
ybaY_predicted,0.5,1,1,AAGACTGGTGCCACGGAAGA,0,4546417
ybaY_predicted,0.5,1,1,AAGACGCGCCTGTAGTGCAA,0,4558210
ybaY_predicted,0.5,1,1,AACGGTTTGAAAAAGGATCA,0,4597773
ybaY_predicted,0.5,1,1,AACGGGACGGTAGGCTAGCT,0,4595270
ybaY_predicted,0.5,1,1,AACGGACCTCACGCAGCATC,0,4586457
ybaY_predicted,0.5,1,1,AACGCCGGACGAGGTGTTCC,0,4575069
ybaY_predicted,0.5,1,1,AACGAGGTACATGTGGACCC,0,4564231
ybaY_predicted,0.5,1,1,AACCTGGACTTGCCGCAGCG,0,4597804
ybaY_predicted,0.5,1,1,AACCGTCATCCCGGTTGCGA,0,4545113
ybaY_predicted,0.5,1,1,AACCCTGGGATGATGAGGAT,0,4591337
ybaY_predicted,0.5,1,1,AACCCGGCCTGCGCTACGCG,0,4581686
ybaY_predicted,0.5,1,1,AACCCCACCGCCTCGCGGTT,0,4581429
ybaY_predicted,0.5,1,1,AACCACTCGTTAACGATAGG,0,4571892
ybaY_predicted,0.5,1,1,AACAGTAAGTCAGGTTAATC,0,4556174
ybaY_predicted,0.5,1,1,AACACTAATTCTCGATGATT,0,4586681
ybaY_predicted,0.5,1,1,AACACGATGACTAAAGGAGT,0,4561746
ybaY_predicted,0.5,1,1,AACAATCCTCTCACCATAGT,0,4581396
ybaY_predicted,0.5,1,1,AACAAGGGGCACGCTGACTG,0,4546957
ybaY_predicted,0.5,1,1,AAATTGTTCTATTGTAACCT,0,4569883
ybaY_predicted,0.5,1,1,AAATCTGTATGATCTTCGCA,0,4580066
ybaY_predicted,0.5,1,1,AAATCCCACATTTTCAGGTC,0,4592051
ybaY_predicted,0.5,1,1,AAATACTGTGTCTGAGGATC,0,4558115
ybaY_predicted,0.5,1,1,AAAGTTTCCTGTCCGACACC,0,4591633
ybaY_predicted,0.5,1,1,AAAGGTGTAGGTTCTCGACA,0,4552310
ybaY_predicted,0.5,1,1,AAAGGGGCAAGGGTTCGCCC,0,4590581
ybaY_predicted,0.5,1,1,AAAGGCAGAGTGTAAACTGA,0,4578337
ybaY_predicted,0.5,1,1,AAAGGATAAGGAATTACTTT,0,4549130
ybaY_predicted,0.5,1,1,AAAGCCTCCCTCGGGTCGGC,0,4594530
ybaY_predicted,0.5,1,1,AAAGCATTATGAGGGGGGAG,0,4576148
ybaY_predicted,0.5,1,1,AAAGAATATCTGAAAGTATG,0,4563534
ybaY_predicted,0.5,1,1,AAACTGGCTGGTGCAACAAA,0,4589253
ybaY_predicted,0.5,1,1,AAACGGGTTAAAGGCAATTA,0,4553347
ybaY_predicted,0.5,1,1,AAACGGAGAATCGTCCTCTC,0,4581646
ybaY_predicted,0.5,1,1,AAACGCTACCTGGGCACTCC,0,4567683
ybaY_predicted,0.5,1,1,AAACGAAGGTCTACGCTGCT,0,4552143
ybaY_predicted,0.5,1,1,AAACCCCGGGGCTCTCAGTG,0,4566795
ybaY_predicted,0.5,1,1,AAACCCATATGTATAATCAA,0,4593874
ybaY_predicted,0.5,1,1,AAAATTTAGTCTATGCGCGC,0,4565587
ybaY_predicted,0.5,1,1,AAAATCTAAATCGATATGTT,0,4551182
ybaY_predicted,0.5,1,1,AAAATAGAAATGTAGGGCGG,0,4560364
ybaY_predicted,0.5,1,1,AAAAGGAGTATGTGACATCT,0,4584454
ybaY_predicted,0.5,1,1,AAAAGACTAGATGTAGCCTC,0,4599737
ybaY_predicted,0.5,1,1,AAAACTCAGGCCCACACAGG,0,4561228
ybaY_predicted,0.5,1,1,AAAAAGGAGCAATATGATAA,0,4550894
ybaY_predicted,125.0,124,0,GCGCGGAATTCACAACTAGG,124,4573456
ybaY_predicted,92.0,91,0,CACAGCGAATGTGGCTCCTG,91,4567972
ybaY_predicted,88.0,87,0,CTGGCGGAGACGGAGGCCGA,87,4573466
ybaY_predicted,87.0,86,0,GTATGTCTTCATCACATGGA,86,4560218
ybaY_predicted,87.0,86,0,GTATATAGATTAATAACAGA,86,4595635
ybaY_predicted,73.0,72,0,GGGTCACCAGTTGAACCCAG,72,4577481
ybaY_predicted,55.0,54,0,GGCCAAAAAGTTGCAAACTA,54,4598283
ybaY_predicted,55.0,54,0,CGCTATGATTAGGTTCTAAG,54,4577285
ybaY_predicted,55.0,54,0,ATACTGGTTAGTGTGGGACG,54,4577463
ybaY_predicted,54.0,53,0,TGCGCAGGCTATCCAGGCAA,53,4587316
ybaY_predicted,53.0,52,0,CTTGTTAGGTAATTTCGTCC,52,4577185
ybaY_predicted,52.0,51,0,TCCCGGTTGTAGTCTCCAAG,51,4568045
ybaY_predicted,52.0,51,0,GGTTACACTATGAATAGCCA,51,4594647
ybaY_predicted,47.0,46,0,CGTGAAGTGTCCACTAAGGT,46,4584970
ybaY_predicted,45.0,44,0,CTAGTTTCCATAGTTATTTC,44,4576580
ybaY_predicted,44.0,43,0,ACACGGCTAATACAGGGTCA,43,4551856
ybaY_predicted,42.0,41,0,TATCATATCAGCTTACATAG,41,4597679
ybaY_predicted,40.0,39,0,TCATCACTAGCACCCGTTTC,39,4556853
ybaY_predicted,40.0,39,0,CGTCGCCAATACCGTTAGGA,39,4559423
ybaY_predicted,39.0,38,0,CTCCTTTTTTAGTTTGGGGT,38,4561474
ybaY_predicted,39.0,38,0,CAGAGGTCGAGGAAATAGCA,38,4596497
ybaY_predicted,39.0,38,0,AGTCATGCGGACAACGCTAG,38,4591707
ybaY_predicted,38.0,37,0,GCTTCGGTTAGTAGGTAATA,37,4577256
ybaY_predicted,37.0,36,0,TAGATGGTGCGAAGCACGGG,36,4598363
ybaY_predicted,36.0,35,0,GTAGTCAATATCTACATTAA,35,4577977
ybaY_predicted,36.0,35,0,GAAATTTTCCATTATATACA,35,4597148
ybaY_predicted,36.0,35,0,CTAATTGCGAGGATGCATTA,35,4575344
ybaY_predicted,35.0,34,0,GATATTCACCCGAATCGTCA,34,4580039
ybaY_predicted,35.0,34,0,CTTACTTTTGGCCTGTGCAA,34,4578226
ybaY_predicted,35.0,34,0,CAGAGGGAGAACCAGAATGT,34,4573082
ybaY_predicted,35.0,34,0,AATTTACATTGACTTATACC,34,4593121
ybaY_predicted,34.0,33,0,TTTAAAAGTGCGCATACCAT,33,4578732
ybaY_predicted,34.0,33,0,TCGTACTACTTAGTTAGTTT,33,4582086
ybaY_predicted,34.0,33,0,TCACTAAGACGGCAAAGTTT,33,4557828
ybaY_predicted,34.0,33,0,GTCTGCTCATTTTTTCCGAG,33,4565470
ybaY_predicted,34.0,33,0,ACTCAAGTCGCTATTTGCCA,33,4591777
ybaY_predicted,33.0,32,0,GTAGTGTAGGGGGTCATCAT,32,4590535
ybaY_predicted,33.0,32,0,CCAATGACAGCCGCTTTGCC,32,4595637
ybaY_predicted,33.0,32,0,ATCAATTTCCGAGTCGCTTG,32,4567924
ybaY_predicted,33.0,32,0,AATATACGATAGCTACCAAT,32,4560514
ybaY_predicted,32.0,31,0,TCGCGTTTCTATCCGTTATC,31,4596440
ybaY_predicted,32.0,31,0,TCACCGCCACTCATTTACCT,31,4576972
ybaY_predicted,32.0,31,0,CAGTAGGAGGTCTACACTGT,31,4549238
ybaY_predicted,31.0,30,0,GTAACGGGGTAGTACGATGT,30,4560732
ybaY_predicted,31.0,30,0,GGTTGGGTTCACCGCGAGTA,30,4554205
ybaY_predicted,31.0,30,0,CCCAGCAGTTCATAGGAGTA,30,4570069
ybaY_predicted,31.0,30,0,CCACCCTGTGCGATTCATAT,30,4568356
ybaY_predicted,31.0,30,0,ACCATGGTTCTGGTGGGTGA,30,4561924
ybaY_predicted,31.0,30,0,AAGGGCGCCAGCTCGCTAGG,30,4562169
ybaY_predicted,30.0,29,0,TCACGGACTATAAGGGAACG,29,4548991
ybaY_predicted,30.0,29,0,GTGCGTTCCTAGTCGGATTC,29,4547493
ybaY_predicted,30.0,29,0,GGTAACTTTTTTAAACCACA,29,4597987
ybaY_predicted,30.0,29,0,GCGCTGTGCTTGGTCTAACG,29,4554515
ybaY_predicted,30.0,29,0,CTCAGACGTATACTAGCCTC,29,4570530
ybaY_predicted,30.0,29,0,CAGGCGGCGAGGCCGTGCAG,29,4553633
ybaY_predicted,30.0,29,0,AGTGAATCGTGCAATATCGC,29,4566382
ybaY_predicted,29.0,28,0,TGTTCATCAGGAAGCACCCC,28,4562556
ybaY_predicted,29.0,28,0,GTAGGGTAGGGATTAAAGAA,28,4547091
ybaY_predicted,29.0,28,0,GGACGACTCTAGACATATGG,28,4560996
ybaY_predicted,29.0,28,0,GACGCATAGATAGGTTGGGA,28,4595647
ybaY_predicted,29.0,28,0,CTCACAAAATTCGACTCGTG,28,4553995
ybaY_predicted,29.0,28,0,ACGTTGCCCATACCTTGCTT,28,4575236
ybaY_predicted,29.0,28,0,ACGACTTTTCGCTTCCCATG,28,4579728
ybaY_predicted,29.0,28,0,AACGTTGACCCATTGCGTAT,28,4584410
ybaY_predicted,28.0,27,0,TTCCTAGAATCCTGTCGTAT,27,4551556
ybaY_predicted,28.0,27,0,TGTGACTGCCCTATTACCCA,27,4591356
ybaY_predicted,28.0,27,0,TCATTAGACAAATTTGGTGC,27,4571621
ybaY_predicted,28.0,27,0,TAAACAGGGGGATTCTCCTC,27,4579254
ybaY_predicted,28.0,27,0,CGCGTGTGCATTCGAGTTTG,27,4563073
ybaY_predicted,28.0,27,0,CAACTCACTAGACTACTGTG,27,4585360
ybaY_predicted,28.0,27,0,ATCGGGTTCTCCAACCATTA,27,4558592
ybaY_predicted,28.0,27,0,AGGTTTAGCTACTGTCGGGG,27,4557271
ybaY_predicted,28.0,27,0,AATCATATGTCGCAGAGTAT,27,4573534
ybaY_predicted,27.0,26,0,TAGAGCATCACGGTGAAGCA,26,4560183
ybaY_predicted,27.0,26,0,GTCGCGTTGCCAGCAGTAAC,26,4562731
ybaY_predicted,27.0,26,0,GAAAGGGGAATCTGGTCTCC,26,4570990
ybaY_predicted,27.0,26,0,CTGTATGTCCGTTTAGCATG,26,4584969
ybaY_predicted,27.0,26,0,CGCTATTTGTGGATAGGTAT,26,4591785
ybaY_predicted,27.0,26,0,CGAGGTTTAGAAGAATCAAC,26,4546005
ybaY_predicted,27.0,26,0,CCATTCGTAATACCATAAGA,26,4565455
ybaY_predicted,27.0,26,0,CAGAGGACAAATGGTAACAT,26,4574302
ybaY_predicted,27.0,26,0,ACGTATAGATCGCCGCCGTC,26,4556865
ybaY_predicted,26.0,25,0,TGGCTTTGTAGCGGAGCATC,25,4595713
ybaY_predicted,26.0,25,0,TCATTAGATATGGTCCCCAG,25,4552155
ybaY_predicted,26.0,25,0,GTTCTCGCTCCTGCGTGGTA,25,4555327
ybaY_predicted,26.0,25,0,AGCGGGCTGAGTCGAGTTGA,25,4589960
ybaY_predicted,25.0,24,0,TCGTCAGCTAACTGCATTGC,24,4589381
ybaY_predicted,25.0,24,0,GGAAGAGTCACCCAGGGCGC,24,4579894
ybaY_predicted,25.0,24,0,CCAAACATGTGATCAAGAGA,24,4597719
ybaY_predicted,25.0,24,0,ATCTCTCGACAAAGGTTATA,24,4557968
ybaY_predicted,25.0,24,0,ACCAACTTGGTTTTCATGCT,24,4550111
ybaY_predicted,24.0,23,0,TCACTACAACCACGGACCCC,23,4577980
ybaY_predicted,24.0,23,0,TACGTTCTTAGAGAGCGGAT,23,4552325
ybaY_predicted,24.0,23,0,TAAACTCCTACGCTCTGGTC,23,4571000
ybaY_predicted,24.0,23,0,GACGCAATAGGTAAAACATT,23,4592745
ybaY_predicted,24.0,23,0,ACTGCAAGTTAGATTATATC,23,4580531
ybaY_predicted,24.0,23,0,ACGTTAAAAGTAGGGGTCCT,23,4596879
ybaY_predicted,24.0,23,0,AAAACGACGATCCGGGTTCG,23,4600337
ybaY_predicted,23.0,22,0,TGCAATTGTAAAGTGCTCTA,22,4552395
ybaY_predicted,23.0,22,0,CTTCCTTACTTAACTCGGCA,22,4587382
ybaY_predicted,23.0,22,0,ATTACTTTTTGTTACGATAC,22,4572142
ybaY_predicted,23.0,22,0,ATGTCTGTGATCAGATCTCC,22,4561778
ybaY_predicted,23.0,22,0,AGGATCCTATTTGCAGGACG,22,4581882
ybaY_predicted,22.0,21,0,TCGATTTCCTAAAAGGTGCA,21,4581375
ybaY_predicted,22.0,21,0,TCAATCTTTCCGAACTACGA,21,4561130
ybaY_predicted,22.0,21,0,GTGTCCCATGCCGAATGAAC,21,4556536
ybaY_predicted,22.0,21,0,CTTGATGGTCCTACACAAGA,21,4583521
ybaY_predicted,22.0,21,0,CGGCTACACTTACGGGGATA,21,4545112
ybaY_predicted,22.0,21,0,CGAGGCAGTCGAAAGTAATA,21,4546399
ybaY_predicted,22.0,21,0,CCGAGAGGCTTGTCAGTCCC,21,4549785
ybaY_predicted,22.0,21,0,CCCCGGCTAGAACTCTTTCC,21,4597012
ybaY_predicted,22.0,21,0,ATTCGTCGCTCACTAAAGTC,21,4574833
ybaY_predicted,22.0,21,0,AATCACGGGACTCATTAAAA,21,4571377
ybaY_predicted,21.0,20,0,TGGCATAAACGAATGCTGGT,20,4584632
ybaY_predicted,21.0,20,0,TAAGACCCCCTGATTACCCA,20,4567501
ybaY_predicted,21.0,20,0,GGCATAGCCCAAACGCGACT,20,4547228
ybaY_predicted,21.0,20,0,CTACTGCCTAGTTCGGGAAT,20,4549588
ybaY_predicted,21.0,20,0,ATTTCGCAATTTGGCTGTAA,20,4555368
ybaY_predicted,21.0,20,0,AGTTTGGTACGGGTCCTAGC,20,4562198
ybaY_predicted,21.0,20,0,ACCCCTTCATCAAGATTTCA,20,4578070
ybaY_predicted,20.0,19,0,TTCCAAACCCTTGTAACTTA,19,4599702
ybaY_predicted,20.0,19,0,TTAGGAGCAGATATAGCTCA,19,4593129
ybaY_predicted,20.0,19,0,TCGGATACTATCTGATCGGG,19,4579441
ybaY_predicted,20.0,19,0,GGCTGACCTGAATGTAGAAC,19,4563593
ybaY_predicted,20.0,19,0,GCTGTGCTGGCAGTTAGGGA,19,4573038
ybaY_predicted,20.0,19,0,GCACCATTTCTGTCGGCCTT,19,4553021
ybaY_predicted,20.0,19,0,GATATCTGAAATATATACTC,19,4546964
ybaY_predicted,20.0,19,0,CGTACTTGCAATGGCTCAGC,19,4596642
ybaY_predicted,20.0,19,0,CGATTGCAGCTAGACAGCCG,19,4564802
ybaY_predicted,20.0,19,0,CCGGCCGGCCCTCTTTCCCA,19,4597467
ybaY_predicted,20.0,19,0,CCGCCCAATTACCGAGGTTT,19,4557330
ybaY_predicted,20.0,19,0,CCGACCTGACCGCGCAATGC,19,4588683
ybaY_predicted,20.0,19,0,CACTGTAGATAGCTCCCATA,19,4576063
ybaY_predicted,20.0,19,0,ATGAAGTTTAAAAGGGGTCG,19,4585492
ybaY_predicted,20.0,19,0,ACTCCGATCAACGGCTTGCA,19,4553871
ybaY_predicted,20.0,19,0,AAGTTGCTTTCGTTTTAGTG,19,4597730
ybaY_predicted,20.0,19,0,AACTCCTAGTTGAATACCTC,19,4590131
ybaY_predicted,20.0,19,0,AAAGCACGATCATGGCATGA,19,4596712
ybaY_predicted,19.0,18,0,TGGAAGTGACCAAGACGGGG,18,4560702
ybaY_predicted,19.0,18,0,TCATGGGTTGTCCGGGTGCG,18,4583374
ybaY_predicted,19.0,18,0,TAGGGATCCAGTAGCGCTGG,18,4556347
ybaY_predicted,19.0,18,0,GGTATGGTCCATCGGAAAGA,18,4578019
ybaY_predicted,19.0,18,0,GGGCGCGCGTTGCTCCGATT,18,4581060
ybaY_predicted,19.0,18,0,GCGTTTCTTCTAGAGGCATA,18,4594543
ybaY_predicted,19.0,18,0,GCGTACGCCCTCGTGTTACA,18,4578715
ybaY_predicted,19.0,18,0,GATGGTGACAATAGGTGGTC,18,4586927
ybaY_predicted,19.0,18,0,CTGTGGACTATATTTTACGT,18,4591669
ybaY_predicted,19.0,18,0,CCTACTCCATAACCGCAGTC,18,4561034
ybaY_predicted,19.0,18,0,CCCGGTCTCGTCTGTGTCTC,18,4547572
ybaY_predicted,19.0,18,0,AGCTGTTGTAAGGGTCATTT,18,4593006
ybaY_predicted,18.0,17,0,TTGCCCTCGCGAAAGTAGGC,17,4592326
ybaY_predicted,18.0,17,0,TTACCCTGCAAGTAAACTCA,17,4573457
ybaY_predicted,18.0,17,0,TGCTGACAACGATGATATCC,17,4565883
ybaY_predicted,18.0,17,0,TCGCTCAGGGAACTAGCGTG,17,4596157
ybaY_predicted,18.0,17,0,GAGGTTAAATACTTTCTCTT,17,4560426
ybaY_predicted,18.0,17,0,GAAAAATTATGTTGGCTCAT,17,4555930
ybaY_predicted,18.0,17,0,CGGCCACCCGTACAAGTTCT,17,4561111
ybaY_predicted,18.0,17,0,ATTGATTTTTTTCATGTGAT,17,4550890
ybaY_predicted,18.0,17,0,ATGGCGAACCCAATGAGTGA,17,4586955
ybaY_predicted,17.0,16,0,TAGTCGAGTACAATGTCTTA,16,4578072
ybaY_predicted,17.0,16,0,CCGATCCACTACCTACGATT,16,4572958
ybaY_predicted,17.0,16,0,CCCGGTGGTGGGGTTTAGCA,16,4558449
ybaY_predicted,17.0,16,0,ATGGTCACCGCGGAAAGTCG,16,4548775
ybaY_predicted,17.0,16,0,ACCGGGGTCCGGAGCGGGTT,16,4597729
ybaY_predicted,17.0,16,0,AACTTCTCCGGAAGACCAAA,16,4599918
ybaY_predicted,16.0,15,0,TTGTTGGAGCTCATAATGGC,15,4586191
ybaY_predicted,16.0,15,0,TCGTCCATGGCAGGCGGTCC,15,4577750
ybaY_predicted,16.0,15,0,TCCACCTTTACGACAATGTA,15,4578300
ybaY_predicted,16.0,15,0,GGAGTTGTCATATCCAGACG,15,4578542
ybaY_predicted,16.0,15,0,CGGTGGTCACGTTTGAAAGG,15,4573775
ybaY_predicted,16.0,15,0,CGGGTCCACTAGAATGTGAT,15,4598867
ybaY_predicted,16.0,15,0,CCGCCAGCTTCCCTCGTAGC,15,4581739
ybaY_predicted,16.0,15,0,ATTGCCGACAGTCAAGAGAA,15,4562215
ybaY_predicted,16.0,15,0,ATGAGCATCCCAACACGTTC,15,4579354
ybaY_predicted,16.0,15,0,ACGGACGTTGTTTGTTCGAC,15,4598738
ybaY_predicted,16.0,15,0,AAGAAAGTCTTCACTGGTAT,15,4567122
ybaY_predicted,15.0,14,0,TGTCTCATGTACGTCAGGAT,14,4567123
ybaY_predicted,15.0,14,0,TATGTATTCGCAATCACATG,14,4553140
ybaY_predicted,15.0,14,0,CCGTAGGCTGTACGCCTGGT,14,4547793
ybaY_predicted,15.0,14,0,CCCTTACTGGTGTCTCAACA,14,4589693
ybaY_predicted,15.0,14,0,CATATTTTATATAGCTAAAA,14,4559119
ybaY_predicted,15.0,14,0,ATTCTTAATCTGAGGGAGGC,14,4551496
ybaY_predicted,15.0,14,0,ATATAACAAAACGTGCAGCG,14,4583618
ybaY_predicted,15.0,14,0,AGCCGCGCCCTGCGGCGACG,14,4566562
ybaY_predicted,15.0,14,0,AACCGGCGGCTCTCATCTCA,14,4593356
ybaY_predicted,14.0,13,0,TCTCCATATTTCTTATGTCT,13,4573819
ybaY_predicted,14.0,13,0,TCGCACTTTCCGCTAAATAA,13,4599523
ybaY_predicted,14.0,13,0,TATTTGAATCTCGGCGTCAC,13,4595920
ybaY_predicted,14.0,13,0,TAAATATCGCCCGATGTCTG,13,4589420
ybaY_predicted,14.0,13,0,GCCTCCGAATATGGCTGCTG,13,4544514
ybaY_predicted,14.0,13,0,CTGACTCGAGGGAGGAGTGT,13,4562259
ybaY_predicted,14.0,13,0,ATGCGCAAGCTATGGGGCTC,13,4558995
ybaY_predicted,14.0,13,0,AGTCTTTGCAGGAGCTGATG,13,4598010
ybaY_predicted,14.0,13,0,ACCTCCGTAGTGCTCACTTA,13,4555006
ybaY_predicted,14.0,13,0,AAGTTATTATGGGCAGTTAA,13,4563877
ybaY_predicted,13.0,12,0,TGTGCGAAAATTCTTGGAAA,12,4594910
ybaY_predicted,13.0,12,0,TGGTGAGCGGACAGGGTACT,12,4589456
ybaY_predicted,13.0,12,0,TGCAAGTAGTTAGAAGCAAC,12,4587666
ybaY_predicted,13.0,12,0,TACCACCTCACCGATGAACC,12,4568905
ybaY_predicted,13.0,12,0,GCGAGACATCTGGAAAATGC,12,4578098
ybaY_predicted,13.0,12,0,GATTCGCATCCATCAGATGG,12,4550414
ybaY_predicted,13.0,12,0,GAACGGTGAAACTTTAGTGT,12,4590824
ybaY_predicted,13.0,12,0,CTAAAGATTCGAACGGAATA,12,4551261
ybaY_predicted,13.0,12,0,CGGCAAGCACAGAAGGCATT,12,4563531
ybaY_predicted,13.0,12,0,CCTCGTTCAACGAACATCAA,12,4548495
ybaY_predicted,13.0,12,0,ATAGTAGATCTATCGAGCGG,12,4577758
ybaY_predicted,13.0,12,0,AGGTTGACAAATCGAGGCCG,12,4584041
ybaY_predicted,12.0,11,0,TTCATGCCAGGTAGGCTTTC,11,4560238
ybaY_predicted,12.0,11,0,TCGGGTACCATTACGGGTGG,11,4562245
ybaY_predicted,12.0,11,0,TCGAGCGCTATCCCTCCTTT,11,4562335
ybaY_predicted,12.0,11,0,TCCAGGTAGTTGTGAAAAGA,11,4560879
ybaY_predicted,12.0,11,0,GTCAAATCGAAACCGAAGAC,11,4550259
ybaY_predicted,12.0,11,0,GTAGGGTGCGACCCCTAGTA,11,4586158
ybaY_predicted,12.0,11,0,GAGCTACTTTAGCACGCAAG,11,4580877
ybaY_predicted,12.0,11,0,CGGGCGCGTAGGTTCTTAGC,11,4583620
ybaY_predicted,12.0,11,0,ATGTTTCCACTCCAGGTGAT,11,4590589
ybaY_predicted,12.0,11,0,ATAGTCTAGGACATAACTAT,11,4598953
ybaY_predicted,12.0,11,0,AGAATCCGTCACGTGTAATT,11,4576977
ybaY_predicted,12.0,11,0,ACGATCCAATTCTTGATAGC,11,4550097
ybaY_predicted,12.0,11,0,ACAGGGCATTAGGTCCCATA,11,4570743
ybaY_predicted,11.0,10,0,TCCCGAGTGATGTGTCATTT,10,4586359
ybaY_predicted,11.0,10,0,GGCTCAGGATGACCATATTC,10,4551120
ybaY_predicted,11.0,10,0,CGACGCCCCCACAGTGTTAT,10,4583011
ybaY_predicted,11.0,10,0,ATTGATCTTGAGCAAGAGTT,10,4586797
ybaY_predicted,10.0,9,0,TCCCAGAACGTTCACGCCGG,9,4572971
ybaY_predicted,10.0,9,0,TCAAGCTAGTGCCCAATAGC,9,4553253
ybaY_predicted,10.0,9,0,GATCAATGGAAGTGTAATCA,9,4586710
ybaY_predicted,10.0,9,0,GAGAAGTGTGGAACGAAGCT,9,4584857
ybaY_predicted,10.0,9,0,CGCCAATCGCTTGCGCGACA,9,4585095
ybaY_predicted,10.0,9,0,CCCTGCGGTTGTGGCGGGGA,9,4598591
ybaY_predicted,10.0,9,0,CCCATCGACAAGTAAGGCTC,9,4562906
ybaY_predicted,10.0,9,0,CCAGGTCGCGCTGCGAGCAT,9,4594456
ybaY_predicted,10.0,9,0,CAGACCGATTCCGGCACCTT,9,4578886
ybaY_predicted,10.0,9,0,CAAGAACCAGGCCCGCGGAA,9,4580507
ybaY_predicted,10.0,9,0,ATGGTTTCATTCCTCGGCCG,9,4597574
ybaY_predicted,10.0,9,0,AGTCTGACCGACCTTAAAGC,9,4549446
ybaY_predicted,10.0,9,0,AGGTGACTGCGGTCTGGTAC,9,4593071
ybaY_predicted,10.0,9,0,ACTAGGCAACTGAAATGCAT,9,4549888
ybaY_predicted,9.0,8,0,TGCGCTTCCCGAAGGAGACA,8,4599372
ybaY_predicted,9.0,8,0,TAGCATATGCAGTTTGACGG,8,4590593
ybaY_predicted,9.0,8,0,GGCCTCCATTATAGCTCGCC,8,4591959
ybaY_predicted,9.0,8,0,GATTAGACCTGTAAGGGAAG,8,4596011
ybaY_predicted,9.0,8,0,GACCAAAAAGAGTCCCGGAA,8,4586585
ybaY_predicted,9.0,8,0,GACATGTGCGATACAGCATA,8,4557739
ybaY_predicted,9.0,8,0,CTCGGAGAGTTTTGGTAATC,8,4578948
ybaY_predicted,9.0,8,0,CGTCGATCAGAAATTCGTTA,8,4586176
ybaY_predicted,9.0,8,0,CCCTGAGACGGACGTTTGGT,8,4559904
ybaY_predicted,9.0,8,0,CATATACTCCAACTACGCTA,8,4560599
ybaY_predicted,9.0,8,0,ATTGGGGTTTATGTCCGGTA,8,4560261
ybaY_predicted,9.0,8,0,ATTAACCTAATAGAAGGCAT,8,4579880
ybaY_predicted,9.0,8,0,ATGTCTGGGGTAAAATAAAT,8,4572410
ybaY_predicted,9.0,8,0,ACGGTTCTATGACGAATGCG,8,4550103
ybaY_predicted,8.0,7,0,TGTTTACCATAATATGTTAT,7,4577329
ybaY_predicted,8.0,7,0,TGTACTGGCTTATAAGGATT,7,4574787
ybaY_predicted,8.0,7,0,TGCCGGGGCCACATCTGGGT,7,4592813
ybaY_predicted,8.0,7,0,TAACAGCTTTAGTTCCTTTA,7,4572380
ybaY_predicted,8.0,7,0,TAACAGATAGCACGAAACCA,7,4562543
ybaY_predicted,8.0,7,0,GTAGCCTGATATTCTGACCT,7,4565502
ybaY_predicted,8.0,7,0,GGGCACAAATACCGTTGTTG,7,4589714
ybaY_predicted,8.0,7,0,GATTGACATTTTAACGGTGC,7,4557019
ybaY_predicted,8.0,7,0,CTTAAGAACCTGAGTTTGTG,7,4560418
ybaY_predicted,8.0,7,0,CTCCATACCCGAATCAACGC,7,4572287
ybaY_predicted,8.0,7,0,CGGCTAGAAGTGTCATTCGC,7,4564155
ybaY_predicted,8.0,7,0,ATTTGCGAATACATGCTAGG,7,4578273
ybaY_predicted,8.0,7,0,AGGTTTAACCAGCCCTATTT,7,4587648
ybaY_predicted,8.0,7,0,AGGTGCGGAAAGGCTCGCAC,7,4562540
ybaY_predicted,8.0,7,0,AGGCAGATGAACTACTGGGA,7,4569714
ybaY_predicted,8.0,7,0,AGGACTTAGGGGGATTGGGT,7,4575756
ybaY_predicted,8.0,7,0,AGAGAACGGTCACGCGTGGT,7,4569638
ybaY_predicted,7.0,6,0,TCCGCGGTTCGCTGAAGCCA,6,4559051
ybaY_predicted,7.0,6,0,GTCAGCTGTCCCAATCGCAA,6,4555508
ybaY_predicted,7.0,6,0,GGTTCAAAAGCACTGAGCCC,6,4553574
ybaY_predicted,7.0,6,0,GGTGGCGTGACGGCAATTAC,6,4595762
ybaY_predicted,7.0,6,0,GGGTGCAGACTCCACTCCTT,6,4549611
ybaY_predicted,7.0,6,0,GCTGTCGGTGTAGCAAAGTA,6,4572950
ybaY_predicted,7.0,6,0,CCAAAGGGCCGGCAATCAAG,6,4579811
ybaY_predicted,7.0,6,0,CATCGTAAAAATGAAGGATG,6,4575047
ybaY_predicted,7.0,6,0,AGGTCCCTGGTGCGCAGTAG,6,4576865
ybaY_predicted,7.0,6,0,ACTACTTGACGCTAGCCAAT,6,4569649
ybaY_predicted,7.0,6,0,ACCCACAGTGGGCTTCGTGC,6,4567938
ybaY_predicted,6.0,5,0,TTAATGCGGATCGTTACGGT,5,4573254
ybaY_predicted,6.0,5,0,TGTGAGTGGGGTGGTGAACA,5,4597886
ybaY_predicted,6.0,5,0,TGGTCACCACGAATAGACTT,5,4581566
ybaY_predicted,6.0,5,0,GGGGATAAACAAATTGAGTT,5,4593490
ybaY_predicted,6.0,5,0,CTCCCTTAATAGACTCCGCA,5,4552526
ybaY_predicted,6.0,5,0,CCGCCAGTACTCTATGGCTG,5,4566425
ybaY_predicted,6.0,5,0,AAGCTTCCTACCGAGTACGC,5,4574939
ybaY_predicted,5.0,4,0,TTAAGACCGCCCCTAAGTGT,4,4576730
ybaY_predicted,5.0,4,0,GTCTCTGCCCCCCCCCTGTT,4,4546320
ybaY_predicted,5.0,4,0,GGCAACTGTCTCTATGCGTA,4,4598951
ybaY_predicted,5.0,4,0,GCACGGGAAACGTGAGTAGA,4,4570107
ybaY_predicted,5.0,4,0,AGGCATGTGAACCGAATATG,4,4596396
ybaY_predicted,5.0,4,0,AGATACGTGCTCAGGAGCCC,4,4578708
ybaY_predicted,4.0,3,0,TGTATTAATCGCGCTGGCTT,3,4572915
ybaY_predicted,4.0,3,0,TGGGTGCGGGACAGGTGTAC,3,4547057
ybaY_predicted,4.0,3,0,TCGAATAATCTTGACGCAAC,3,4566717
ybaY_predicted,4.0,3,0,TAAATAGCCCTGCCAGGGAC,3,4584565
ybaY_predicted,4.0,3,0,GCATCACCAGCTCCGTCGCG,3,4562656
ybaY_predicted,4.0,3,0,GATTTGCCTTGGAGGATCGC,3,4555556
ybaY_predicted,4.0,3,0,GACATCACCGTATCGTCCCT,3,4563351
ybaY_predicted,4.0,3,0,CTCGCCTCGCAACTCAGGGG,3,4575009
ybaY_predicted,4.0,3,0,CGGTCCGTCACTACGTCCCT,3,4550117
ybaY_predicted,4.0,3,0,CGGCTCAACGGTCCTGGTAC,3,4547699
ybaY_predicted,4.0,3,0,CCTTTGTTACAAGCATTGGG,3,4578289
ybaY_predicted,4.0,3,0,ATGTGCCTCAGGCTTTGAAT,3,4554374
ybaY_predicted,4.0,3,0,ATGCGGGAAGTATGGACTCA,3,4582298
ybaY_predicted,4.0,3,0,AGCTATAACGTTCACATCTT,3,4580527
ybaY_predicted,3.0,2,0,TTTAACCGACACAATGACCT,2,4568780
ybaY_predicted,3.0,2,0,TTGCATGCAGCAGTATGACA,2,4581699
ybaY_predicted,3.0,2,0,TTCTCTGGACAAGGGTGTCG,2,4558642
ybaY_predicted,3.0,2,0,TTACCGCTTCGATTGCACAC,2,4580316
ybaY_predicted,3.0,2,0,TTAAGCCCGGCGGGACCGGG,2,4547485
ybaY_predicted,3.0,2,0,TTAACCTAACATTCCTGCCT,2,4555291
ybaY_predicted,3.0,2,0,TGTTTTTGGTGTTGAATTTT,2,4546612
ybaY_predicted,3.0,2,0,TGTTATCAGCTGCCTGTCTC,2,4592964
ybaY_predicted,3.0,2,0,TCGGCGTGCCCTCTGGTGTG,2,4548247
ybaY_predicted,3.0,2,0,GTCAAGAGGTCATAAATGGG,2,4580719
ybaY_predicted,3.0,2,0,GAAGGATACACTTCCGTAGA,2,4569452
ybaY_predicted,3.0,2,0,CTGATAAAATCATAGGATCC,2,4593460
ybaY_predicted,3.0,2,0,CTATCGGAGTTATCGTAGTA,2,4591607
ybaY_predicted,3.0,2,0,CGTTATATCCAAACCCTCGC,2,4554032
ybaY_predicted,3.0,2,0,CCGGACACGTCGCCTATCGT,2,4570459
ybaY_predicted,3.0,2,0,CATGGTAGTGTTATAAAAAG,2,4554498
ybaY_predicted,3.0,2,0,CAGATCACCTCTCTTGAGCC,2,4575138
ybaY_predicted,3.0,2,0,ATGTTTGTGCATTTTCACTC,2,4569805
ybaY_predicted,3.0,2,0,ATGGGCGCGGCACATCTGTT,2,4595960
ybaY_predicted,3.0,2,0,ATCAACTTGTGAACCTTGAA,2,4599332
ybaY_predicted,3.0,2,0,ATAGCGATATATCTTGAGCA,2,4558882
ybaY_predicted,3.0,2,0,AGTGAACAAGAACCACAAGA,2,4579595
ybaY_predicted,3.0,2,0,ACGTTCCTAACGGCATGAAA,2,4583702
ybaY_predicted,3.0,2,0,ACGGCAAATCATCGTAGACC,2,4562819
ybaY_predicted,2.0,1,0,TTTGTAGCTAAAATCATATT,1,4555379
ybaY_predicted,2.0,1,0,TTTGGCACGACACGAGCTAC,1,4544466
ybaY_predicted,2.0,1,0,TTGCACCAGGTCCAGATATT,1,4580656
ybaY_predicted,2.0,1,0,TTGCAATTCGCTGCGAAAAT,1,4574725
ybaY_predicted,2.0,1,0,TTCCCAGTTAATTGGGAGAG,1,4589854
ybaY_predicted,2.0,1,0,TTCCACTAGCCGGGTGTACA,1,4559289
ybaY_predicted,2.0,1,0,TTATGAGAATAACTTGGTGC,1,4556182
ybaY_predicted,2.0,1,0,TTATCAACTTCATCTCTGGG,1,4590346
ybaY_predicted,2.0,1,0,TGTGAGCACACCCTCTTCCT,1,4555700
ybaY_predicted,2.0,1,0,TGTCTGGGCTCATTACTTGG,1,4586264
ybaY_predicted,2.0,1,0,TGGCTCTCGGTCCCTATCAA,1,4544454
ybaY_predicted,2.0,1,0,TGGACAGGCATATTGCACAA,1,4586380
ybaY_predicted,2.0,1,0,TCGTAGCATTTCAGTTTATT,1,4548694
ybaY_predicted,2.0,1,0,TCGCCCGTTCTCCTCATGGG,1,4592903
ybaY_predicted,2.0,1,0,TCGCCACATGAGGAGATCTT,1,4577207
ybaY_predicted,2.0,1,0,TCCCGGCAGGACCGAAGTAC,1,4551244
ybaY_predicted,2.0,1,0,TCCAACCAACCAGTCCCACC,1,4599709
ybaY_predicted,2.0,1,0,TATACGTTGTTGTCAGGCTA,1,4583646
ybaY_predicted,2.0,1,0,TAGCGGAAAGTCTACCAAAA,1,4571096
ybaY_predicted,2.0,1,0,TAAGGTGACATAGATTGGCG,1,4582087
ybaY_predicted,2.0,1,0,TAACGCCGTCCCCCTCATTT,1,4585960
ybaY_predicted,2.0,1,0,GTTTCACTGTGATTAATCAC,1,4584276
ybaY_predicted,2.0,1,0,GTTTATTAATCGGAAATATT,1,4554044
ybaY_predicted,2.0,1,0,GTGAATACCCTTCGGTTAAC,1,4580587
ybaY_predicted,2.0,1,0,GTCTAAAAGGGGATCGGAAA,1,4600098
ybaY_predicted,2.0,1,0,GTCCTTTAAATACCCTCTGT,1,4552200
ybaY_predicted,2.0,1,0,GTCACGCGCCAACCCCCGCC,1,4562320
ybaY_predicted,2.0,1,0,GGTTTGTGATTTTTGTTGGG,1,4553705
ybaY_predicted,2.0,1,0,GGTCGTAGCGTAGAAATGTA,1,4589027
ybaY_predicted,2.0,1,0,GGATGCTGTTTTCCAATGAT,1,4577209
ybaY_predicted,2.0,1,0,GCGCACAGGCCACAATTGGA,1,4595328
ybaY_predicted,2.0,1,0,GCGATGGCCTGCACTATGTT,1,4590386
ybaY_predicted,2.0,1,0,GATTGTCTCAACCTCATTGC,1,4547128
ybaY_predicted,2.0,1,0,GATACTTGGCACGGTCCTTT,1,4599342
ybaY_predicted,2.0,1,0,GAGTAATTAATTGCTAGCTT,1,4559531
ybaY_predicted,2.0,1,0,GACGCACTTAGCTCGGTAGG,1,4596834
ybaY_predicted,2.0,1,0,GACAATCTGCTGGACCGCCC,1,4548651
ybaY_predicted,2.0,1,0,CTTAACGTGCCAAAAACATA,1,4597620
ybaY_predicted,2.0,1,0,CTGCGACCTTGCTCGAACTC,1,4580585
ybaY_predicted,2.0,1,0,CTGCCCACTGCCAGCTGCGG,1,4597956
ybaY_predicted,2.0,1,0,CTCTACTTTGACGAGAGAAC,1,4581955
ybaY_predicted,2.0,1,0,CTACGGCTTCTGAGAGATTA,1,4575478
ybaY_predicted,2.0,1,0,CGTTAGCCCACATTTGCCGT,1,4593381
ybaY_predicted,2.0,1,0,CGGCTGGGTAACGGACAAGT,1,4598620
ybaY_predicted,2.0,1,0,CGGAGTGGATCGATTACCCG,1,4558213
ybaY_predicted,2.0,1,0,CGCTCCACCCGCATGGGAAG,1,4544983
ybaY_predicted,2.0,1,0,CGCGTGCTGACGGTAGCCAG,1,4584563
ybaY_predicted,2.0,1,0,CGCCTGATGGTTGTGTTAAT,1,4574502
ybaY_predicted,2.0,1,0,CGCACGCACTTGACCAGTCT,1,4553820
ybaY_predicted,2.0,1,0,CGCACGAAAGGGTATTTTAC,1,4562348
ybaY_predicted,2.0,1,0,CGAAAACTAAGTCAGTCTGA,1,4576843
ybaY_predicted,2.0,1,0,CCTCCAAGCTACATCAGAGG,1,4560756
ybaY_predicted,2.0,1,0,CCGGGACACGATGGAATATC,1,4547145
ybaY_predicted,2.0,1,0,CCCGGTCCACGGAATAGCCT,1,4565331
ybaY_predicted,2.0,1,0,CCCAGGCCAGCAAAATTCTG,1,4567971
ybaY_predicted,2.0,1,0,CCAGCACCTGACGAATGCAC,1,4579994
ybaY_predicted,2.0,1,0,CCACTTGGAATGCACGGCCA,1,4557428
ybaY_predicted,2.0,1,0,CCAATACGCAAGAACTCATA,1,4553258
ybaY_predicted,2.0,1,0,CAGCTGACGAGGATCGCTAT,1,4545797
ybaY_predicted,2.0,1,0,CAGCCAAAGTGGGACACTTA,1,4588052
ybaY_predicted,2.0,1,0,ATTGTGTATCGGAAATCAAT,1,4599646
ybaY_predicted,2.0,1,0,ATGGACCGATGGAAAATCAT,1,4556181
ybaY_predicted,2.0,1,0,ATAGTTAGGGGATTTCTATG,1,4557456
ybaY_predicted,2.0,1,0,ATAATCCGGGCGGTGGAGGG,1,4572636
ybaY_predicted,2.0,1,0,AGTGCTATGGGATCGGCGTT,1,4556338
ybaY_predicted,2.0,1,0,AGTATGCCTTGCGTGTATTC,1,4567184
ybaY_predicted,2.0,1,0,AGGAATAACTTACAGAAGCA,1,4564163
ybaY_predicted,2.0,1,0,AGCTCCAGTTTAACTATAGC,1,4598524
ybaY_predicted,2.0,1,0,AGAACATATGGCGGTTCGGA,1,4567777
ybaY_predicted,2.0,1,0,AGAACAGATCGAGCTGACGT,1,4551567
ybaY_predicted,2.0,1,0,AGAAACGGATTCTACGGGTT,1,4566827
ybaY_predicted,2.0,1,0,ACTAGCCTAAGCGCTGTGAC,1,4587060
ybaY_predicted,2.0,1,0,ACGGCTCAAAAGGGCGAGCT,1,4559696
ybaY_predicted,2.0,1,0,ACCTGCACGGGATTCCCTCT,1,4576135
ybaY_predicted,2.0,1,0,AATAGGGAGAGACACTGTGT,1,4556368
ybaY_predicted,2.0,1,0,AACCGTATAACCCCACTTGC,1,4564457
ybaY_predicted,2.0,1,0,AAAGTGACGACCCAATGAGA,1,4574138
ybaY_predicted,2.0,1,0,AAAGTCAATGTGAACGCTCA,1,4573516
