name,relative_counts,ct,ct_0,barcode,ct_1,barcode_ind
tabA_predicted,0.03553299492385787,202,196,TCCCGCCAATGAATTGATTT,6,3431731
tabA_predicted,0.09285714285714286,151,139,CACGCGGTGTACACTTTATA,12,3453424
tabA_predicted,0.014925373134328358,134,133,TTATTCCTATGGAACCTGAT,1,3443011
tabA_predicted,0.1,141,129,TCCTATTTGCAGTGCTCAAA,12,3435847
tabA_predicted,0.0546875,133,127,TCGAGGTACTGATTTTGGTA,6,3431384
tabA_predicted,0.023622047244094488,128,126,CGGCTAGGCCCAGTGGAGGA,2,3432772
tabA_predicted,0.015873015873015872,126,125,AGCTACGTGCTGCCCGAAAC,1,3451461
tabA_predicted,0.04065040650406504,126,122,ATCAGCTTGGCCGAAACAAT,4,3432946
tabA_predicted,0.025210084033613446,120,118,CTCGGGCTAACTTGGGCGGT,2,3432800
tabA_predicted,0.05405405405405406,115,110,GAAGGTCCGGTACTATGTCA,5,3431356
tabA_predicted,0.0594059405940594,105,100,GGTAATAATGAACTGGATCT,5,3451868
tabA_predicted,0.020618556701030927,97,96,AGCTTTATGACCTTTTACAG,1,3444248
tabA_predicted,0.020833333333333332,96,95,AGGCAAGTTGAGTCTGTTGT,1,3448641
tabA_predicted,0.02127659574468085,94,93,AGTACGAGCAACTCAAGCGT,1,3443539
tabA_predicted,0.03296703296703297,92,90,TTCAGGGCGCTACCATCTCA,2,3455487
tabA_predicted,0.022727272727272728,88,87,CTGCTGTACCGGATCTGGTA,1,3451683
tabA_predicted,0.10344827586206896,94,86,GTATGGAGCAGAAAACACGT,8,3440638
tabA_predicted,0.023809523809523808,84,83,CCCAAGGACCTACGCGACTA,1,3442268
tabA_predicted,0.024390243902439025,82,81,TCCAACTTCTAACCAAGACA,1,3434950
tabA_predicted,0.0625,83,79,TGTTAGCGTCAACATTTTGT,4,3431697
tabA_predicted,0.02564102564102564,78,77,TCTACAGTTTCGCCTAGCCA,1,3431985
tabA_predicted,0.02564102564102564,78,77,CAATCGATAGTTAACGGCCC,1,3464550
tabA_predicted,0.02564102564102564,78,77,AATCGAGAATTCAGATTCGA,1,3431223
tabA_predicted,0.14285714285714285,86,76,GGAAGCTCGTGGCATTGGAT,10,3443757
tabA_predicted,0.025974025974025976,77,76,CTAATCAAGCCCTGTATCTG,1,3432849
tabA_predicted,0.04,76,74,GAACCCCAGAGTAGAACTGC,2,3443441
tabA_predicted,0.17333333333333334,86,74,ATACGAGGCGCGGCTTGATC,12,3433444
tabA_predicted,0.06756756756756757,77,73,CATGCTACTCAGGATCCGGA,4,3450646
tabA_predicted,0.02702702702702703,74,73,ACTCTCAGTTTCATATAGCT,1,3435015
tabA_predicted,0.0684931506849315,76,72,TCCCCGGGTACCATTGAGAT,4,3434205
tabA_predicted,0.0273972602739726,73,72,CATAACCCCGGAATTTAACA,1,3446120
tabA_predicted,0.0273972602739726,73,72,ATCTAGATTATAGAGATGAG,1,3437571
tabA_predicted,0.028169014084507043,71,70,TGCTGAGTTCAGGATCCTGT,1,3436433
tabA_predicted,0.08450704225352113,75,70,CTTAGCGCATGGTAAATACA,5,3431803
tabA_predicted,0.028169014084507043,71,70,CCTTTTCGTCCCCCTCGGGG,1,3448719
tabA_predicted,0.04225352112676056,72,70,ACCAACGATCTGATTATTCA,2,3434555
tabA_predicted,0.12857142857142856,77,69,ATTGGGATCGGACATGGCTT,8,3431905
tabA_predicted,0.057971014492753624,71,68,TGAACACCACGCGTTGCTGG,3,3454384
tabA_predicted,0.043478260869565216,70,68,ACCCAGCGTTCTACGATCTT,2,3450612
tabA_predicted,0.04411764705882353,69,67,GTATCGGACAGGTCTTTTGC,2,3464330
tabA_predicted,0.04411764705882353,69,67,GCGGCCAACTCGTAAGCTGG,2,3433181
tabA_predicted,0.029411764705882353,68,67,ACTGGCAAAGCCAACGTGAG,1,3454750
tabA_predicted,0.029850746268656716,67,66,TCTGCCGTCGCATCTGAAGA,1,3431643
tabA_predicted,0.029850746268656716,67,66,GAGCGATTATCAGCGCATAC,1,3433375
tabA_predicted,0.029850746268656716,67,66,AGGATGTAAGCTTCCGCGAA,1,3443556
tabA_predicted,0.045454545454545456,67,65,CGCGTGGTAACGTTAGTGAC,2,3438417
tabA_predicted,0.13846153846153847,72,64,TAGCTCTGACTTTACGTAAC,8,3432357
tabA_predicted,0.03076923076923077,65,64,GCTCCAAAACCCGGAAGCAG,1,3461922
tabA_predicted,0.03076923076923077,65,64,CTGGCCTACTACAATATAGT,1,3453362
tabA_predicted,0.12307692307692308,71,64,CTAAGCCTGTTCGAATAATG,7,3444262
tabA_predicted,0.03125,64,63,CGATGGTCGGATACCCCCCG,1,3434386
tabA_predicted,0.06349206349206349,65,62,TATAGTACCTTCGGCAGCAA,3,3445049
tabA_predicted,0.047619047619047616,64,62,CAAGCCGGTTACTATGATAA,2,3435151
tabA_predicted,0.1774193548387097,71,61,TCTCCCCACTGACGCATATT,10,3441041
tabA_predicted,0.04838709677419355,63,61,GGAACTCCTGGTTCTGATTC,2,3444895
tabA_predicted,0.03225806451612903,62,61,CTGCAACCCCCAATCCCCAT,1,3432035
tabA_predicted,0.03225806451612903,62,61,CCGGCATACATGCTACTAGC,1,3439642
tabA_predicted,0.08196721311475409,64,60,TAGATTCGCCCCCCCTGAAA,4,3436399
tabA_predicted,0.09836065573770492,65,60,GTAGCCCCCGAATGGCAACA,5,3461747
tabA_predicted,0.13114754098360656,67,60,CGCTTAAGCTTCATACCGAG,7,3438337
tabA_predicted,0.11475409836065574,66,60,AGTGCTCTGAGCGTAACTGC,6,3449367
tabA_predicted,0.08333333333333333,63,59,GCCGTGCGCTAATGATAGCA,4,3441971
tabA_predicted,0.06666666666666667,62,59,CCGGCAACACGCGCAGAAGA,3,3440843
tabA_predicted,80.23728813559322,4791,58,CTGCCTAGGGATCGGACCAT,4733,3458946
tabA_predicted,0.03389830508474576,59,58,CACGTGTCCTGGGCGCTGAG,1,3446995
tabA_predicted,0.05172413793103448,59,57,GGCGAGACGTAGAGATGTAT,2,3452829
tabA_predicted,0.06896551724137931,60,57,CTCCGCTTTGATCGTATGCA,3,3441034
tabA_predicted,0.08620689655172414,61,57,CGGGTCGCGCGGGCTAATTG,4,3433240
tabA_predicted,0.034482758620689655,58,57,AATGGTGGATCCCTACCTAC,1,3431561
tabA_predicted,0.03508771929824561,57,56,TTCGGCTCGTTCGCCGGTGG,1,3457795
tabA_predicted,0.03508771929824561,57,56,CCGTGCGCCGGGTATTACTG,1,3455955
tabA_predicted,0.03571428571428571,56,55,AAACGTAAGTCGCCAGACTC,1,3431840
tabA_predicted,0.10909090909090909,59,54,TAGAGCGTCCCATGTATGTG,5,3455333
tabA_predicted,0.05454545454545454,56,54,GCTTCGACTTGCAGAGCTTT,2,3434103
tabA_predicted,0.03636363636363636,55,54,CCAGTGCGGGAAATGTATCT,1,3436008
tabA_predicted,0.07272727272727272,57,54,AAAGTACAGTTGACATGACA,3,3456548
tabA_predicted,0.09259259259259259,57,53,TCTAAGCATGTAGACTAGAA,4,3445872
tabA_predicted,0.07407407407407407,56,53,GAGCTGCACCGAGGGCGCGA,3,3462967
tabA_predicted,0.1111111111111111,58,53,CTTTCAGGCCAGTACATCTC,5,3431916
tabA_predicted,0.09259259259259259,57,53,CTAATCCTTATCGAGAACCA,4,3445936
tabA_predicted,0.037037037037037035,54,53,CACATGTGGTCTTGCTTCGA,1,3432451
tabA_predicted,0.09433962264150944,56,52,TCGAAATCTACGACACGTTA,4,3456221
tabA_predicted,0.05660377358490566,54,52,CTCCAATGGTGTAATTAGAT,2,3449582
tabA_predicted,0.038461538461538464,52,51,TTAAAGCGTGCTTAATATGC,1,3440333
tabA_predicted,0.038461538461538464,52,51,GGGGGCCAGGAACGGCCTAT,1,3460369
tabA_predicted,0.0784313725490196,53,50,GTCTTCCAAAAGTTTCATGA,3,3444509
tabA_predicted,0.0784313725490196,53,50,ATCTGTCCATAGCGGCGTTG,3,3452830
tabA_predicted,0.04,50,49,TGGCCCCGCAAGTTGCAGGT,1,3446841
tabA_predicted,0.04,50,49,GTTTCCTGTACGATAGGCAC,1,3441283
tabA_predicted,0.04,50,49,GGGGGAAGCGGCCGCTAATC,1,3460935
tabA_predicted,0.1,53,49,CTATACTCCATAGACTTTAT,4,3431593
tabA_predicted,0.04,50,49,CGCACTCAGAGAGATAGCTT,1,3458223
tabA_predicted,0.04,50,49,CGCACATAAAACCTTTGTTT,1,3459985
tabA_predicted,0.06,51,49,CCGTCTGTTCTAGGAACAGA,2,3431940
tabA_predicted,0.04,50,49,CAAAGCAACATATCGGTAAG,1,3434528
tabA_predicted,0.04,50,49,AAGCTAGTTAGGGGCAACTG,1,3462225
tabA_predicted,0.08163265306122448,51,48,TCACCGTGGCACGGACCTGT,3,3450358
tabA_predicted,0.04081632653061224,49,48,ACAGACTAATTAAGATACTT,1,3447045
tabA_predicted,0.061224489795918366,50,48,AAGCCATTTCGCAGCGCCAA,2,3434678
tabA_predicted,0.041666666666666664,48,47,CTCAGAGTACGGTTCAATAT,1,3449628
tabA_predicted,0.16666666666666666,54,47,CGGGCTACTGGGTCTCGAAT,7,3436852
tabA_predicted,0.0425531914893617,47,46,GTTGTAATTAAAATCCCGAG,1,3455853
tabA_predicted,0.2553191489361702,57,46,ACACCGCTTGTCCAGAGTTA,11,3464602
tabA_predicted,0.06521739130434782,47,45,TCGAGGGCTTCGGCCGTGCG,2,3458186
tabA_predicted,0.043478260869565216,46,45,GTTGTACGAGATCATGCCAT,1,3445950
tabA_predicted,0.043478260869565216,46,45,GGTTGTAATCTAATGTGTAT,1,3454900
tabA_predicted,0.15217391304347827,51,45,GAGTAGATCGGGTGCAGTCA,6,3452531
tabA_predicted,0.06521739130434782,47,45,CGTCTGACGATAAGGTCCCT,2,3438713
tabA_predicted,0.06521739130434782,47,45,AGAACCAGTAAGACGAAAAG,2,3449634
tabA_predicted,0.044444444444444446,45,44,TATCGGTTTTTCTTCTAGTC,1,3460383
tabA_predicted,0.044444444444444446,45,44,GTATCGCAGATTAATCCGGT,1,3459931
tabA_predicted,0.044444444444444446,45,44,CGCGGGTCATTGCTTCATGG,1,3450087
tabA_predicted,0.044444444444444446,45,44,CCCAGCCGGACAATCTGTGG,1,3462400
tabA_predicted,0.1111111111111111,48,44,AAGTTGAACAGGATGACCCG,4,3448996
tabA_predicted,0.2727272727272727,54,43,TGACTTACGGCACTTGGCTC,11,3456952
tabA_predicted,0.045454545454545456,44,43,TAACGTTACACTGCAAGTGG,1,3435316
tabA_predicted,0.06818181818181818,45,43,GTTTCTAAAAGATAACTTCG,2,3450416
tabA_predicted,0.11363636363636363,47,43,CGGGTGCAACACTGGATGAT,4,3458207
tabA_predicted,0.06818181818181818,45,43,CGGGCTGATTGCGTGCGTAA,2,3440820
tabA_predicted,0.045454545454545456,44,43,AGGTAAAAAACATCCAATCA,1,3438813
tabA_predicted,0.06818181818181818,45,43,ACGCTTATGGGACCTCTTTT,2,3433154
tabA_predicted,56.52272727272727,2529,43,ACACAGCGCCAGGAATATCC,2486,3444049
tabA_predicted,0.13636363636363635,48,43,AAGACGTGTGCTAATGGTAA,5,3431960
tabA_predicted,0.06818181818181818,45,43,AAGAAGATTTCAACAATTCA,2,3439014
tabA_predicted,0.06976744186046512,44,42,TCCAATATGTCGGGTGCACA,2,3442638
tabA_predicted,0.046511627906976744,43,42,CGTTGTACGATAATTCTGCT,1,3441474
tabA_predicted,58.83720930232558,2571,42,CACAATTAGGCCCGTACAAA,2529,3436899
tabA_predicted,0.046511627906976744,43,42,CAATGCGAACCCGAGCTTAT,1,3454632
tabA_predicted,0.046511627906976744,43,42,AGTACCCAGCAAACGGGCCT,1,3464522
tabA_predicted,0.09523809523809523,44,41,TGACGGCCTCCGAATTGGAT,3,3438817
tabA_predicted,0.11904761904761904,45,41,TACCCGCAGACCAGTGCTGT,4,3454978
tabA_predicted,0.047619047619047616,42,41,GGGCGTTTACATTAGCGTGT,1,3435078
tabA_predicted,0.047619047619047616,42,41,CGTTCGTCCTAGTAACAACA,1,3433701
tabA_predicted,0.047619047619047616,42,41,CATAGTAACTCCCATCGGGT,1,3433570
tabA_predicted,0.04878048780487805,41,40,TGGTTAGCGGGGCAGCGGAA,1,3435580
tabA_predicted,0.04878048780487805,41,40,TAACGCCAGGTTGACATACA,1,3440877
tabA_predicted,0.07317073170731707,42,40,CTGCGATTAAACGTATCGAT,2,3444016
tabA_predicted,0.0975609756097561,43,40,CATCAAAAGAGAGATTATAG,3,3432803
tabA_predicted,0.04878048780487805,41,40,CACTTATGGGGTTGCGTTTC,1,3438365
tabA_predicted,0.04878048780487805,41,40,ATCTCTCGGTGGTAAATTAT,1,3456192
tabA_predicted,0.07317073170731707,42,40,ACACACGAAAACGGCCGGCA,2,3445437
tabA_predicted,0.15,44,39,TGAGTTAGTGCCGGGTTGGG,5,3456170
tabA_predicted,0.05,40,39,TCAAAGTGCCAGATATCAAT,1,3441917
tabA_predicted,0.15,44,39,CAGAGTGATTCGTATAACTG,5,3455350
tabA_predicted,0.175,45,39,ACCCAACGAATCACATCGAT,6,3459451
tabA_predicted,0.05128205128205128,39,38,TTTGAAGCGTATGCGTCGAT,1,3451320
tabA_predicted,0.05128205128205128,39,38,TTCCGTCGGAATTCAATTTT,1,3461006
tabA_predicted,0.1282051282051282,42,38,TAAACGCGAAGTACGAGTAC,4,3440210
tabA_predicted,0.10256410256410256,41,38,GGTCAATCCCATATATCACT,3,3431914
tabA_predicted,0.05128205128205128,39,38,CTATCTCGTCTGACCATGTA,1,3432323
tabA_predicted,0.15384615384615385,43,38,CGGGTCGGCCGACGCGGGAG,5,3437319
tabA_predicted,0.07692307692307693,40,38,CGGGACCGTCGGGAAGGCCT,2,3447091
tabA_predicted,0.07692307692307693,40,38,CCTGGGGTGAACGGATCATA,2,3444348
tabA_predicted,0.05128205128205128,39,38,ATGGTATGGCACGTGCGTTC,1,3449775
tabA_predicted,0.05128205128205128,39,38,ACTCTGTCGTCACATTACTG,1,3435340
tabA_predicted,0.05263157894736842,38,37,TGCGCTGACGCCAGGGGCTC,1,3448152
tabA_predicted,0.05263157894736842,38,37,TCTCGCAAGCGTCTCCAGAG,1,3433960
tabA_predicted,0.05263157894736842,38,37,TCATGTAAAAGAGAAGCGGG,1,3432254
tabA_predicted,0.05263157894736842,38,37,GGACGTAAGTTGGGCTGATA,1,3464107
tabA_predicted,0.07894736842105263,39,37,GCTGTCTCTTAGGCTGTTGT,2,3454509
tabA_predicted,0.05263157894736842,38,37,GCTCCCCTTCAAAGTGGAAT,1,3442741
tabA_predicted,0.07894736842105263,39,37,AGGGTCATGTTACATTAGTG,2,3437195
tabA_predicted,0.2631578947368421,46,37,AAGCATGTGTAAAGCGAGTA,9,3442961
tabA_predicted,0.08108108108108109,38,36,TAAGCAGCGACCCACACTCT,2,3445750
tabA_predicted,0.05405405405405406,37,36,GTTACACAATGCATCGATAT,1,3432923
tabA_predicted,0.08108108108108109,38,36,GTATAGAGCATATAATGGTT,2,3437556
tabA_predicted,0.10810810810810811,39,36,GCGATCCCGATCCGCTAATC,3,3457578
tabA_predicted,0.05405405405405406,37,36,CTTTCGCGTTTCGGACTTTA,1,3451770
tabA_predicted,0.05405405405405406,37,36,CTTATGGCCTATCAGGCGAC,1,3448784
tabA_predicted,0.05405405405405406,37,36,CGGTCCCGCTTCGGCCAGGA,1,3452691
tabA_predicted,0.05405405405405406,37,36,CCTATCAGGGACCCGTCAAA,1,3432295
tabA_predicted,0.10810810810810811,39,36,CCTACGCACCGTCCTACCCA,3,3449553
tabA_predicted,0.08108108108108109,38,36,CCCAATAGCGCGGTGGACAA,2,3457710
tabA_predicted,0.1891891891891892,42,36,ACGCATTCTTGGCGGACGTG,6,3442694
tabA_predicted,0.1388888888888889,39,35,TTCATTAACCGGTACACACA,4,3454163
tabA_predicted,0.16666666666666666,40,35,TTACTTACACCAGATCTCAC,5,3456511
tabA_predicted,0.1111111111111111,38,35,TCCACATGTTTGCCTCGACT,3,3432453
tabA_predicted,0.05555555555555555,36,35,TCATAACCACTGCTTCTAGG,1,3441187
tabA_predicted,70.86111111111111,2585,35,TATGGCACCATTGAGCCCGT,2550,3437510
tabA_predicted,0.05555555555555555,36,35,TAAGCTTCCCATCTAACAAA,1,3441605
tabA_predicted,0.05555555555555555,36,35,GGATATAACTCGAGCCGTGA,1,3433810
tabA_predicted,0.16666666666666666,40,35,CCGCATGAGTTGCGCAGCCT,5,3454815
tabA_predicted,0.3611111111111111,47,35,CCCCGATTAATCTGAATGAT,12,3462597
tabA_predicted,0.05555555555555555,36,35,CAGGACAAGGGGCGCGATTA,1,3461704
tabA_predicted,0.3333333333333333,46,35,AGTGTACGTGGTTCAGTTGA,11,3443640
tabA_predicted,0.19444444444444445,41,35,AATATCCACGCCGGTCCCTT,6,3458755
tabA_predicted,65.82857142857142,2337,34,TTTGCGCTCAACGAGGGTGA,2303,3436396
tabA_predicted,0.05714285714285714,35,34,TCTTCTAAATTAATGGTCTG,1,3435703
tabA_predicted,0.05714285714285714,35,34,TCGGCCTAGATCCATCATAT,1,3439417
tabA_predicted,0.05714285714285714,35,34,GTTATCGAGGAAGCCGAGTC,1,3433272
tabA_predicted,0.05714285714285714,35,34,GCTTTGTAAACTAGGCAAGT,1,3464455
tabA_predicted,0.05714285714285714,35,34,GCTGTAATCTTCCCACTGGT,1,3440104
tabA_predicted,0.05714285714285714,35,34,GCCCTCCTCTCAAGTCGATT,1,3447781
tabA_predicted,0.11428571428571428,37,34,GACAGTTGCCTGAAGCCCTA,3,3437066
tabA_predicted,0.22857142857142856,41,34,CCCCCTCATTAAAACCCTCC,7,3431494
tabA_predicted,69.08571428571429,2451,34,CATATTGATAACCAACGAGT,2417,3443660
tabA_predicted,0.05714285714285714,35,34,CAGTCAGATCTATGGCAGTT,1,3439028
tabA_predicted,0.05714285714285714,35,34,CAGCGTTAAGGCGGCTGACA,1,3451475
tabA_predicted,0.08571428571428572,36,34,CAAGAGGGACTGGTTCATAA,2,3462508
tabA_predicted,0.05714285714285714,35,34,ATAACACCTGTATTGCCGAC,1,3450863
tabA_predicted,0.08571428571428572,36,34,AGGTTCGGCCTGCGGACCAT,2,3435100
tabA_predicted,0.22857142857142856,41,34,AGAGATGGCAGTTTGCTTCG,7,3434975
tabA_predicted,0.05714285714285714,35,34,ACTAGGGGGATAGAACCGAC,1,3452050
tabA_predicted,0.08571428571428572,36,34,AAAATAGTACTACCGTTGGC,2,3455506
tabA_predicted,0.058823529411764705,34,33,TGATAATGCCGTTTAATTTG,1,3445124
tabA_predicted,0.058823529411764705,34,33,TCCCACTGCGACGTAGTGTA,1,3445653
tabA_predicted,0.058823529411764705,34,33,TAAGGCACTCCCATTACTTA,1,3444675
tabA_predicted,0.058823529411764705,34,33,GGTCACCGATCTGAGGCTCA,1,3456133
tabA_predicted,0.058823529411764705,34,33,GGCGAAAGTCTTTGTTAGGA,1,3433523
tabA_predicted,0.058823529411764705,34,33,GCTAATAGCTCTACGCACAG,1,3433213
tabA_predicted,0.11764705882352941,36,33,GCGAACCTATTTCGGCACTA,3,3457185
tabA_predicted,0.058823529411764705,34,33,GAAAAGTAGGATGATCGGAT,1,3437966
tabA_predicted,0.058823529411764705,34,33,CCCGACCCCCACGCCCAACT,1,3436586
tabA_predicted,0.058823529411764705,34,33,CAAGTACAGATCTATAGTGG,1,3461154
tabA_predicted,0.058823529411764705,34,33,ATAAGTCTTATACGCAGAAC,1,3436803
tabA_predicted,0.17647058823529413,38,33,ACTACTCACCCGGTAAAGAA,5,3465120
tabA_predicted,79.02941176470588,2719,33,ACATAATAAAAAACCCGCGA,2686,3453091
tabA_predicted,0.06060606060606061,33,32,GGCCTTTAAGTAGGTAACAA,1,3464355
tabA_predicted,0.09090909090909091,34,32,GGCCTTGAATTTTCGTCGAA,2,3432296
tabA_predicted,0.06060606060606061,33,32,AGGACACGGTGCGTCAGAAG,1,3444841
tabA_predicted,0.06060606060606061,33,32,AAATAGTGCGCTGCCGGTGC,1,3453654
tabA_predicted,0.0625,32,31,TTAGATCTCGTAGCAGAACA,1,3453025
tabA_predicted,0.0625,32,31,TGCAAGTGTAAGGCGGGGAC,1,3435502
tabA_predicted,0.0625,32,31,TACCTGCCGTGATTGGGGCT,1,3433943
tabA_predicted,0.125,34,31,GGGGCACAGCTATAACATCA,3,3441688
tabA_predicted,0.125,34,31,GGAGCAACGATAGAGGCTGT,3,3453405
tabA_predicted,0.0625,32,31,CTACCGTTGGCGTCACTCTT,1,3462535
tabA_predicted,0.0625,32,31,CCTCGCGGTAGCCCCTCCGT,1,3451937
tabA_predicted,0.0625,32,31,ATGGGTTGATCCCCCGATTA,1,3443437
tabA_predicted,0.0625,32,31,ATCATAATTGCTACCAAACC,1,3432652
tabA_predicted,0.21875,37,31,AATCTTGCGGTCGTATGGGT,6,3463352
tabA_predicted,0.06451612903225806,31,30,GTACACTACGCGGGTTTTTA,1,3443056
tabA_predicted,0.06451612903225806,31,30,GGTGTAAGCGGCTACCCATT,1,3452092
tabA_predicted,0.12903225806451613,33,30,CGTAAGGTACGGCATCGGTA,3,3431488
tabA_predicted,0.06451612903225806,31,30,AGAGAGGGAGTGAACATTAT,1,3445050
tabA_predicted,0.06451612903225806,31,30,ACGTAGCTGTCTCATATCGC,1,3434729
tabA_predicted,0.06666666666666667,30,29,TTGCGGTATGTGGAGGATCA,1,3450115
tabA_predicted,0.16666666666666666,33,29,TCTTTTTCCGTTAAGTGGAA,4,3431405
tabA_predicted,0.06666666666666667,30,29,TAATATAAAAGTTCTTATTT,1,3436516
tabA_predicted,0.06666666666666667,30,29,TAAATTGCCTGGTCTCGCTG,1,3453165
tabA_predicted,0.06666666666666667,30,29,GTCTGTTCCTCAATCGTGTA,1,3437969
tabA_predicted,0.06666666666666667,30,29,GGGACAAGGCAGGCTGCAGA,1,3437292
tabA_predicted,0.13333333333333333,32,29,GGATAGCGCACTTTTGGACC,3,3463602
tabA_predicted,0.06666666666666667,30,29,GCTGACTAAGTGCTGTAGAG,1,3452793
tabA_predicted,0.5,43,29,GCTAGGGGGACCCGCGACTA,14,3441645
tabA_predicted,0.06666666666666667,30,29,GCGTCTCGGAGCAGGGATTC,1,3441298
tabA_predicted,0.06666666666666667,30,29,GCGGTTGATCGTGAAACTGA,1,3448395
tabA_predicted,0.06666666666666667,30,29,CGTGAGCGATAGGGTAGGCT,1,3457490
tabA_predicted,0.06666666666666667,30,29,CCGCATGGAATAGAAGAAAA,1,3434254
tabA_predicted,0.06666666666666667,30,29,CCACTAACTATTGAACCGGT,1,3451376
tabA_predicted,0.06666666666666667,30,29,ATGCTAGCTGGTAGAAAAAT,1,3451753
tabA_predicted,0.06666666666666667,30,29,ACCAGACATTGACTCTCGGA,1,3432898
tabA_predicted,0.06666666666666667,30,29,ACATCACAAAAGGTTCCATT,1,3451714
tabA_predicted,87.48275862068965,2564,28,TCGCTGTACCCAAGATTATT,2536,3437537
tabA_predicted,73.0,2144,28,TCCCCACTCGCGGACCTGCA,2116,3431644
tabA_predicted,90.55172413793103,2653,28,TATCGACCTGGTTTCTAGGT,2625,3458101
tabA_predicted,0.06896551724137931,29,28,GTCGCGAAATGTAGGTGGCG,1,3463604
tabA_predicted,0.06896551724137931,29,28,GCTTCCGAAATTCATCGTGG,1,3445850
tabA_predicted,0.27586206896551724,35,28,GCGCAGTTTCACGTTCGAAC,7,3444411
tabA_predicted,0.06896551724137931,29,28,CGGGAATACCGTTGGGATGA,1,3459229
tabA_predicted,0.3103448275862069,36,28,CCATTGAACACGACAGGCCC,8,3456329
tabA_predicted,0.10344827586206896,30,28,CACGGATAGCGCTTTGCAAG,2,3461344
tabA_predicted,87.93103448275862,2577,28,CACACACCGGAATCCTGTTA,2549,3445116
tabA_predicted,0.06896551724137931,29,28,ATTATCACCTGTCACGTGAA,1,3451767
tabA_predicted,0.06896551724137931,29,28,ATCCGATGCAAAGCCCCAAG,1,3431418
tabA_predicted,0.06896551724137931,29,28,ATCAGAAAAATAGCTCACAA,1,3434313
tabA_predicted,0.06896551724137931,29,28,ACGTCCCAGGTTCTTACTAG,1,3454138
tabA_predicted,0.10344827586206896,30,28,AAGCACCCGGGTTACCGAAC,2,3435960
tabA_predicted,0.07142857142857142,28,27,TTGTAATCTCCCACTGGCTG,1,3450191
tabA_predicted,0.35714285714285715,36,27,TTCAGGATAAGTCACAGGAG,9,3461615
tabA_predicted,0.14285714285714285,30,27,TGGGCAGTTGAAATAGACTT,3,3437495
tabA_predicted,0.07142857142857142,28,27,GTACATGTGCCGGCGTTGAA,1,3431808
tabA_predicted,0.10714285714285714,29,27,GCTTAGGTCCACGTCTCTTA,2,3450689
tabA_predicted,0.10714285714285714,29,27,CTCCGTTTCGCGGGTTACAC,2,3451264
tabA_predicted,0.10714285714285714,29,27,CGCCTAGTTTCACTTTTTCT,2,3432824
tabA_predicted,0.2857142857142857,34,27,CGAGAGCTGTGAACTCGCGA,7,3436584
tabA_predicted,0.07142857142857142,28,27,CAAACCCGTCTAGCAGGCTA,1,3436591
tabA_predicted,0.07142857142857142,28,27,ATGGCAACGCACTCGCCTTA,1,3457337
tabA_predicted,0.14285714285714285,30,27,ATGATTAAGTGTATGGAGCT,3,3432430
tabA_predicted,0.07142857142857142,28,27,ATGAGTTCGCTGGGCATCCT,1,3450226
tabA_predicted,0.07142857142857142,28,27,ATCGGCAAATCACTACGTCT,1,3452405
tabA_predicted,0.10714285714285714,29,27,ACTTAGTGATTGGGCGCGTA,2,3441975
tabA_predicted,0.35714285714285715,36,27,ACGTATACGATCCCGTAAGG,9,3437003
tabA_predicted,0.14285714285714285,30,27,AAAGTTGGTAAGGGGGGCCT,3,3433880
tabA_predicted,0.07407407407407407,27,26,TGTTTCAAATTGGGTAGCAG,1,3452034
tabA_predicted,0.18518518518518517,30,26,TGGAATGGCGAACACTTGGA,4,3442998
tabA_predicted,0.18518518518518517,30,26,TGCAAAAGCCGACAGCTATC,4,3456134
tabA_predicted,0.07407407407407407,27,26,TGATGTTTCTAAATATACCA,1,3447995
tabA_predicted,0.07407407407407407,27,26,GTTGTAGGGTCAGGTCGATA,1,3453348
tabA_predicted,0.07407407407407407,27,26,GGTATAGAGGCTGATATATA,1,3447724
tabA_predicted,0.14814814814814814,29,26,GACATCAGATAGACTCTAGA,3,3452572
tabA_predicted,0.07407407407407407,27,26,CTTTTTCTGAAAACCTGGTA,1,3458306
tabA_predicted,0.1111111111111111,28,26,CTCAATGCGGACTGCTCAAG,2,3454356
tabA_predicted,0.14814814814814814,29,26,CTACAAACTAGGGCTTAAGC,3,3437859
tabA_predicted,0.07407407407407407,27,26,CGAGAATCGGCCGTGAACCT,1,3455008
tabA_predicted,0.07407407407407407,27,26,CCTCTTGCTTACTCTGTCAC,1,3443174
tabA_predicted,0.07407407407407407,27,26,CAATGCATAACGTGTGGGCA,1,3434327
tabA_predicted,0.37037037037037035,35,26,ATGTGCGAAAAACCCGACAG,9,3447740
tabA_predicted,0.1111111111111111,28,26,AGACCCGCCATCAGTATCCT,2,3447163
tabA_predicted,0.18518518518518517,30,26,ACGGAATACGGAATGTAAGC,4,3452693
tabA_predicted,0.1111111111111111,28,26,AAGGTATCAATTACAAGTAA,2,3464795
tabA_predicted,0.15384615384615385,28,25,TGCGTCCGGAGTGGGTCACT,3,3462450
tabA_predicted,0.11538461538461539,27,25,TCTGCAGTCAATTGAAATTA,2,3446206
tabA_predicted,0.3076923076923077,32,25,TATCAAGCCCACGATTCAGG,7,3463259
tabA_predicted,0.07692307692307693,26,25,TAGGGGCTTCACAGACACAG,1,3436047
tabA_predicted,0.07692307692307693,26,25,TACCTGCATTGTCGTTACCC,1,3440148
tabA_predicted,0.07692307692307693,26,25,GTCCGGTAAGAAAGCATGTG,1,3465020
tabA_predicted,0.07692307692307693,26,25,GCCTCTAAAATACGTGCTGT,1,3455642
tabA_predicted,0.07692307692307693,26,25,GCATGACAGTTGACTCTCGG,1,3436298
tabA_predicted,0.11538461538461539,27,25,CTGGATCCCAGGCGCCGACT,2,3439149
tabA_predicted,0.15384615384615385,28,25,CTCCCTGATTTCTCTCATTA,3,3461424
tabA_predicted,0.23076923076923078,30,25,CGTTTAACGGTAGACTCGCC,5,3450178
tabA_predicted,0.07692307692307693,26,25,CCTTTTGCCCAGGTAAAGTC,1,3446136
tabA_predicted,0.11538461538461539,27,25,ATCTTCTGACGTGTTTCGTC,2,3462594
tabA_predicted,0.07692307692307693,26,25,ACTACCCAATGTCACCCGCG,1,3444014
tabA_predicted,0.38461538461538464,34,25,ACGGGTTCACAACGTTAATC,9,3451962
tabA_predicted,0.08,25,24,TTCTTTGACATGCAAATCCA,1,3444891
tabA_predicted,0.08,25,24,TGACAAACTTGTGGCTTTCG,1,3440565
tabA_predicted,0.08,25,24,TCAGCCCTTGGTCACCCGTA,1,3455796
tabA_predicted,0.16,27,24,TCAAGGCGTACGTACTCGGT,3,3432472
tabA_predicted,0.08,25,24,TAGCTCACCTCATCGCGGAG,1,3451185
tabA_predicted,0.08,25,24,TAACCTCATTGACTTTTGCC,1,3433276
tabA_predicted,0.08,25,24,GTATAGCCAGACGTACTGCA,1,3436929
tabA_predicted,0.08,25,24,GGCAAGCTCGAATTTGACCA,1,3463108
tabA_predicted,0.12,26,24,GATTCCACTCCCACACACCA,2,3447838
tabA_predicted,0.12,26,24,GACATTAATGCGGATTTACG,2,3444405
tabA_predicted,0.12,26,24,CTGCAGTCACGTCTTGTAGT,2,3437774
tabA_predicted,0.08,25,24,CGCTACGTTGTTATGTCACC,1,3459183
tabA_predicted,0.28,30,24,CGCGTTTGAGACCGGACGCT,6,3438509
tabA_predicted,0.08,25,24,CGCAATCTTTCGCGTAAATT,1,3463051
tabA_predicted,0.08,25,24,CCCGACTGGGATGCTGGACG,1,3451870
tabA_predicted,0.08,25,24,CAGGGAGGCTAGACTCTGAT,1,3434302
tabA_predicted,0.16,27,24,CAACGCTGCGTTCCTATTTT,3,3455024
tabA_predicted,0.32,31,24,ACTAACCTTCATGCAGATCT,7,3454380
tabA_predicted,0.08,25,24,ACCGCTGCGCCAAAATTGCT,1,3449471
tabA_predicted,0.2,28,24,AAGCGCTCTCATGCCAGCGA,4,3434672
tabA_predicted,0.4166666666666667,32,23,TTACCGCTTTGCTGGCCACC,9,3441005
tabA_predicted,0.125,25,23,TCCGATTCTTTTTTAACTTA,2,3434425
tabA_predicted,0.3333333333333333,30,23,TACTGCTTGCCAGCCTTTTA,7,3444013
tabA_predicted,0.08333333333333333,24,23,GTGGGATAGCCCAAGTGAGG,1,3445290
tabA_predicted,0.08333333333333333,24,23,GAATGGGTTGGAAAAACGTA,1,3436549
tabA_predicted,0.08333333333333333,24,23,CCCTTGCATCGGTCTCTCGA,1,3460288
tabA_predicted,0.16666666666666666,26,23,CCCAACGCTATTGGCCCACG,3,3461538
tabA_predicted,0.125,25,23,CAACCCTGACGGGCTGGGCT,2,3441372
tabA_predicted,0.2916666666666667,29,23,CAAATATCGATCTTGTCTCT,6,3436431
tabA_predicted,0.08333333333333333,24,23,ATGCGTCAACCTTTCCTGGG,1,3439298
tabA_predicted,0.08333333333333333,24,23,ATGAATTCTTAATCCATTTA,1,3441825
tabA_predicted,0.08333333333333333,24,23,AGTACCTGGTGAGGTGTACT,1,3437057
tabA_predicted,0.125,25,23,ACTCGCCATGCACCGCTGTC,2,3439758
tabA_predicted,0.125,25,23,ACTCCGATCATACCGGTTAT,2,3443321
tabA_predicted,0.375,31,23,ACGCCCTGAAGTCAAGGAAG,8,3457333
tabA_predicted,0.08333333333333333,24,23,ACCACCAGAATTGTAGGGTC,1,3453429
tabA_predicted,0.125,25,23,AATGATAGTTCGCCCCCAAG,2,3435698
tabA_predicted,0.3333333333333333,30,23,AAGTCTCCTGTCTGTTAGGG,7,3444189
tabA_predicted,0.08695652173913043,23,22,TTGGACACTTGAAATTCCTA,1,3435397
tabA_predicted,0.08695652173913043,23,22,TTCGGAGAGGACGAAGTGTA,1,3450890
tabA_predicted,0.5217391304347826,33,22,TCCCTCGATGTACAGGCCTT,11,3434387
tabA_predicted,0.08695652173913043,23,22,TCCATTGGGAAAATATCTGG,1,3431257
tabA_predicted,0.08695652173913043,23,22,TATTTGCATATGGCTCTTTG,1,3451542
tabA_predicted,0.08695652173913043,23,22,GTTATGTCCGCAATGGCGCG,1,3442987
tabA_predicted,0.2608695652173913,27,22,GTTATGCGTAACTCCTTCTG,5,3434725
tabA_predicted,0.21739130434782608,26,22,GTCAACTTAGCGTTTCCATA,4,3437213
tabA_predicted,0.13043478260869565,24,22,GGGCTAGCTCAAATGTCCAA,2,3441240
tabA_predicted,0.2608695652173913,27,22,GCGCTCCACTTTGCGGTGGG,5,3459143
tabA_predicted,0.08695652173913043,23,22,GCGAATCGTGAGTGAGGAAT,1,3465623
tabA_predicted,0.08695652173913043,23,22,GATAAGTATTTATGTCCTCT,1,3446949
tabA_predicted,0.13043478260869565,24,22,GAGTGTCTTCCCGTTTCTAA,2,3447923
tabA_predicted,0.08695652173913043,23,22,GACCTGACGCCTCCATTACA,1,3436932
tabA_predicted,0.08695652173913043,23,22,CTCCCTTCACCACTTCCGCT,1,3436877
tabA_predicted,0.08695652173913043,23,22,CGATACATACTGCCCGTACA,1,3460282
tabA_predicted,0.08695652173913043,23,22,CCGGACCAGGCCGACAGCTA,1,3445144
tabA_predicted,0.13043478260869565,24,22,CATTTCGTGTCTCATGCGGC,2,3464518
tabA_predicted,0.30434782608695654,28,22,CATTACGTGAAGTCGGCAGG,6,3457825
tabA_predicted,0.08695652173913043,23,22,ATTTGCAGGGTCTCGCCGTG,1,3465788
tabA_predicted,0.13043478260869565,24,22,ATACAATTTCCGTGTAACCT,2,3441042
tabA_predicted,0.08695652173913043,23,22,AGGCCACGCATCCATAGTTC,1,3433823
tabA_predicted,0.08695652173913043,23,22,AGAAATAAATCGGATTGATT,1,3456301
tabA_predicted,0.17391304347826086,25,22,ACTATGTGTTTCTACACCCT,3,3434104
tabA_predicted,0.2608695652173913,27,22,ACTAAGAGATTCAATGTTTG,5,3454382
tabA_predicted,0.08695652173913043,23,22,ACGTGCTGGTTTTGTCATGC,1,3457286
tabA_predicted,0.17391304347826086,25,22,ACAGGCACCGTATGGTGCCA,3,3450500
tabA_predicted,0.17391304347826086,25,22,AAGTTGGGACCAACCTAAGG,3,3463213
tabA_predicted,0.08695652173913043,23,22,AAGCAAATTATTGGGAACTA,1,3457098
tabA_predicted,0.09090909090909091,22,21,TTTGTTGTATTGTGGAGCCA,1,3435785
tabA_predicted,0.09090909090909091,22,21,TTCTTCCTCTTAGGAGTCGG,1,3464211
tabA_predicted,0.09090909090909091,22,21,TGAGCGTTACTGTAATCCCT,1,3457849
tabA_predicted,0.09090909090909091,22,21,TCGGATAACACACGCTGTGT,1,3440487
tabA_predicted,0.09090909090909091,22,21,TCGGAGAACAGCAACATGCT,1,3446284
tabA_predicted,0.09090909090909091,22,21,TCGCAGCCTTAAGCAACATG,1,3442316
tabA_predicted,0.09090909090909091,22,21,TCAGGCTCTATGGGATAATA,1,3452394
tabA_predicted,0.22727272727272727,25,21,TAGGATCTGGAGAAAGTGAA,4,3439281
tabA_predicted,0.09090909090909091,22,21,GTTTCCGGGAATTTCCAATT,1,3440357
tabA_predicted,0.09090909090909091,22,21,GTTGTCAAGCAAGTACCGAG,1,3443054
tabA_predicted,0.09090909090909091,22,21,GTTAGTAAATAGCTTGGGAC,1,3436044
tabA_predicted,0.09090909090909091,22,21,GTGTTTCATTTGGGGGCAGC,1,3452450
tabA_predicted,0.2727272727272727,26,21,GGTGAAGAATCATCGGAGGT,5,3450787
tabA_predicted,0.3181818181818182,27,21,GGCTACAGGGTACTGGGCAA,6,3449579
tabA_predicted,0.09090909090909091,22,21,GCCCGTGGCTTGGCCCTTAA,1,3456876
tabA_predicted,0.09090909090909091,22,21,GAGTGCGCCATCAGCCATCC,1,3447924
tabA_predicted,0.09090909090909091,22,21,CCCTTCGTCATGTAATACTG,1,3448187
tabA_predicted,0.09090909090909091,22,21,CAGGTAAGCGGTTCGCCACT,1,3446698
tabA_predicted,0.09090909090909091,22,21,ATTATGGCGGTACTATCTTA,1,3452036
tabA_predicted,0.09090909090909091,22,21,AGCTGCGACGGGCTCCGAAT,1,3460478
tabA_predicted,0.09090909090909091,22,21,ACCTGCCTTACCGCGTGACA,1,3441760
tabA_predicted,0.09090909090909091,22,21,AATCGGGGGTAACGATACGG,1,3441604
tabA_predicted,0.09090909090909091,22,21,AACGGTTGTTGGGAGAATAA,1,3463287
tabA_predicted,0.5909090909090909,33,21,AACGGGATGTTTAACACCAA,12,3432786
tabA_predicted,0.18181818181818182,24,21,AAACTCCCTGGGTTACCCAC,3,3461844
tabA_predicted,0.09523809523809523,21,20,TTTCGACGAAGAAACACGGG,1,3439688
tabA_predicted,0.09523809523809523,21,20,TTAGCCCCCTCCAGGTACTC,1,3444459
tabA_predicted,0.09523809523809523,21,20,TTAAGCTCATATCACCTATA,1,3457264
tabA_predicted,0.09523809523809523,21,20,TGCCACTAATGCGAAACAAC,1,3462750
tabA_predicted,0.09523809523809523,21,20,TAGGAAAGTAAGTTCCCCGT,1,3450585
tabA_predicted,0.09523809523809523,21,20,TACGGGAGCACCTAACGACA,1,3446256
tabA_predicted,0.09523809523809523,21,20,GTGACTCTGCTTTTATCAGA,1,3444385
tabA_predicted,0.09523809523809523,21,20,GATAGTCTCATAGTGGCGAA,1,3431316
tabA_predicted,0.09523809523809523,21,20,GAGTTAATGGGTCGAACTGT,1,3459557
tabA_predicted,0.09523809523809523,21,20,GACTTCCGGACTGGCGTGAT,1,3456028
tabA_predicted,0.14285714285714285,22,20,CTTTCGCCAGCGAGACATGT,2,3433613
tabA_predicted,0.09523809523809523,21,20,CTGCGAGGGGTTGCATCATC,1,3456827
tabA_predicted,0.09523809523809523,21,20,CGTAGAGGTTTTACGAAAGT,1,3440925
tabA_predicted,0.09523809523809523,21,20,CGGTGCATCGGTAGAGCGAT,1,3462200
tabA_predicted,0.5238095238095238,30,20,CGACCCGTGGACGACGGTCA,10,3446891
tabA_predicted,0.09523809523809523,21,20,CACTGCGTTGCTGAGGATCC,1,3462760
tabA_predicted,0.09523809523809523,21,20,CACGCTAGTGTTCTACCGGT,1,3444190
tabA_predicted,0.5714285714285714,31,20,AGCACACTTTCGCACGACCT,11,3436884
tabA_predicted,130.28571428571428,2755,20,AAGATGGATTAGAGTACTAC,2735,3436999
tabA_predicted,0.09523809523809523,21,20,AAGACTCCAAGGACTCAGTC,1,3458811
tabA_predicted,0.3333333333333333,26,20,AAGACGCTGGCATAAAGATT,6,3451323
tabA_predicted,0.1,20,19,TGGCTCAATGCAATACTTCG,1,3461421
tabA_predicted,0.1,20,19,TGCCTGCACCCGAGCCCATC,1,3447248
tabA_predicted,0.1,20,19,TGCACTCGGCGGCCGCAACG,1,3435748
tabA_predicted,0.15,21,19,TGATAAGGGGTAATCGATTA,2,3451414
tabA_predicted,0.15,21,19,TCTGCCGCGACGGAACCGCC,2,3447178
tabA_predicted,132.2,2662,19,TCTGAGACGACTTCGGCATA,2643,3450211
tabA_predicted,0.4,26,19,TCTACAACCTTTATAGTCTG,7,3450122
tabA_predicted,0.1,20,19,TCATTTTGCCTTGAGTGCTG,1,3441738
tabA_predicted,0.1,20,19,TAGCTCCACTGGTGCCCGAG,1,3435539
tabA_predicted,0.1,20,19,TACTTAATGGTTAGTCGAGT,1,3437398
tabA_predicted,0.25,23,19,TAAAAATGATTTCATGTCTA,4,3452269
tabA_predicted,0.1,20,19,GTAAGGAGTCTTAGTGGCAT,1,3454360
tabA_predicted,0.1,20,19,GGTCAACGGCTAACGCTAGT,1,3460565
tabA_predicted,0.15,21,19,GCTATTCATCACAGGGTCCT,2,3434838
tabA_predicted,0.2,22,19,GCGTGCAAGACCGTCGCGAG,3,3457652
tabA_predicted,0.1,20,19,CTTCACAAGGTAGAAGCGTA,1,3440523
tabA_predicted,0.1,20,19,CTCCTCGAGCGGAAGGTGAT,1,3461358
tabA_predicted,0.1,20,19,CGGTCGGCCAGTGCTACTGT,1,3448679
tabA_predicted,0.1,20,19,CGACACTCAGGTCACTGTAA,1,3461109
tabA_predicted,0.1,20,19,CCGGTCCAGGGAGACCGCCG,1,3455104
tabA_predicted,0.1,20,19,CCCAGGGATAGACTTCTTCT,1,3445543
tabA_predicted,0.1,20,19,CATACTGCATGGTTGGCTCC,1,3444069
tabA_predicted,0.1,20,19,ATACATGTGCGAGGAAATGA,1,3448132
tabA_predicted,0.1,20,19,AGATCGTAGATTGGGACAAG,1,3457768
tabA_predicted,0.1,20,19,ACTAGGCTGTAGGCTTGCCT,1,3439148
tabA_predicted,0.25,23,19,ACCAAAGAAGAGAGTGTTTG,4,3441663
tabA_predicted,0.1,20,19,AACGGCGTAACCGGAACGAA,1,3450809
tabA_predicted,0.1,20,19,AACCTGGTGGGCATACATTG,1,3443950
tabA_predicted,0.3157894736842105,23,18,TTACCACCCCCATAACGTTT,5,3465142
tabA_predicted,0.47368421052631576,26,18,TGTATAACGCCGGGCGTGGT,8,3464605
tabA_predicted,0.10526315789473684,19,18,TGGGCGGTGCGAAATCTGCA,1,3434671
tabA_predicted,0.15789473684210525,20,18,TGCGAGCTCTCAATTTATCA,2,3435938
tabA_predicted,0.10526315789473684,19,18,TGCCTCCCCCGTGACGGGAC,1,3450756
tabA_predicted,0.10526315789473684,19,18,GTGGGCGCTCAGGCCTGAAG,1,3462879
tabA_predicted,0.10526315789473684,19,18,GGTCATGATCGAACTGGTAT,1,3442029
tabA_predicted,0.3684210526315789,24,18,GCTGCCTGCTGTTTGTTGTC,6,3452527
tabA_predicted,0.42105263157894735,25,18,GCGTTTTTCGTGCTGGGCAT,7,3446049
tabA_predicted,0.10526315789473684,19,18,GCGGCACGCCGAAACAATCG,1,3465457
tabA_predicted,0.10526315789473684,19,18,GCCCACTTGTGCTGTACAAT,1,3451187
tabA_predicted,0.10526315789473684,19,18,CTTAGTTACTCTCATCGGCT,1,3462312
tabA_predicted,0.10526315789473684,19,18,CGGGTAAGGCATCGCAATCT,1,3436640
tabA_predicted,0.5263157894736842,27,18,CCTGGTGCTGGATGTCTAGG,9,3465381
tabA_predicted,0.10526315789473684,19,18,CCTAGTTTGAACTGACCGAT,1,3453295
tabA_predicted,0.10526315789473684,19,18,CCCTACAGGACCGGTCAACC,1,3437150
tabA_predicted,0.47368421052631576,26,18,CATGTGGTCGCTACGCCCGT,8,3446937
tabA_predicted,0.15789473684210525,20,18,CATCTGTGGGCGTATATTGA,2,3448506
tabA_predicted,0.15789473684210525,20,18,CAGTGGACTGAGTGTTCATG,2,3462794
tabA_predicted,0.21052631578947367,21,18,CACCGTTCGTTTCGGTCAAC,3,3441479
tabA_predicted,0.3157894736842105,23,18,ATTAGGTAACTTGTCGGAGA,5,3439690
tabA_predicted,0.10526315789473684,19,18,ATCACTACTTACCCAAACGA,1,3431565
tabA_predicted,0.47368421052631576,26,18,AGCAATTGAAATGCGATCTG,8,3441629
tabA_predicted,0.1111111111111111,18,17,TTCATTTTCCTGCTTTCGCT,1,3450737
tabA_predicted,0.1111111111111111,18,17,TTAACTTTCTTGTAAACGTG,1,3432169
tabA_predicted,0.1111111111111111,18,17,TGAAGCCTAAGCATTATATA,1,3437004
tabA_predicted,0.2777777777777778,21,17,TCGGGACCTGACGCATTCCT,4,3433398
tabA_predicted,0.2777777777777778,21,17,TATCATGCCGAGTATTCACG,4,3458111
tabA_predicted,0.3888888888888889,23,17,TAAGTTAGAAACTCTTTGTT,6,3463102
tabA_predicted,0.1111111111111111,18,17,GTCCTCTATTACGTTCGTCT,1,3463435
tabA_predicted,0.4444444444444444,24,17,GGGCAGCACGAGTAGCGGCA,7,3439555
tabA_predicted,0.1111111111111111,18,17,GCTTCTGGCCGGTGTCACCT,1,3462588
tabA_predicted,0.16666666666666666,19,17,GCTTATCAAACATATAGTCT,2,3459743
tabA_predicted,0.16666666666666666,19,17,GCATGTGTACGGAACTTCCA,2,3441418
tabA_predicted,0.1111111111111111,18,17,GCACTGGGCGCGCCTCACAG,1,3432390
tabA_predicted,0.16666666666666666,19,17,GCACTCAATTATGCTTCAGT,2,3440956
tabA_predicted,0.3333333333333333,22,17,GAAGATCCTGCATGCACCCC,5,3449046
tabA_predicted,0.1111111111111111,18,17,CTTGTGATTTACCAGGGACG,1,3453706
tabA_predicted,0.1111111111111111,18,17,CTGGCCTATCCATCTGTTTT,1,3433574
tabA_predicted,0.5,25,17,CCTGCGTCTTCACGCCGTGG,8,3444152
tabA_predicted,0.1111111111111111,18,17,CATAAATTCTCACTCCCGGA,1,3459434
tabA_predicted,0.16666666666666666,19,17,CAACCTTTATTTGAAAGTGT,2,3440800
tabA_predicted,0.16666666666666666,19,17,ATTGACGTTGGCTCAAAGTA,2,3452093
tabA_predicted,0.1111111111111111,18,17,ATGATTTTTGTAGGTAGGAG,1,3452883
tabA_predicted,0.1111111111111111,18,17,ATATTTATAGGCTACTCAAG,1,3431507
tabA_predicted,0.1111111111111111,18,17,AGTCACCAGGCACCTCTGAT,1,3441934
tabA_predicted,0.16666666666666666,19,17,AGCGTAAAGTAAGGACTATT,2,3465961
tabA_predicted,0.2777777777777778,21,17,AGAGCAAGTAGGTAAAATAG,4,3437325
tabA_predicted,0.1111111111111111,18,17,ACCGTGATACGCATGGCTAT,1,3463621
tabA_predicted,0.16666666666666666,19,17,ACCCTCCGTGTTATCTGAGC,2,3466326
tabA_predicted,0.1111111111111111,18,17,AATCGGGACACTTTTGTATA,1,3435614
tabA_predicted,0.16666666666666666,19,17,AAAGCATTTTAAAAAACACT,2,3465070
tabA_predicted,0.11764705882352941,17,16,TTGGGATTACGGTCCGAATA,1,3445072
tabA_predicted,185.2941176470588,3165,16,TGGAATGAATGTCGCGAAAA,3149,3453030
tabA_predicted,0.23529411764705882,19,16,TGCATTGGTTCATGCGATCT,3,3444813
tabA_predicted,0.17647058823529413,18,16,TCTGAGTTTCATTATCTAGT,2,3437438
tabA_predicted,0.11764705882352941,17,16,TCTATAACCCCGTACACCGT,1,3431760
tabA_predicted,0.11764705882352941,17,16,TCGGGTGTTTGGGATTGGAC,1,3458779
tabA_predicted,0.11764705882352941,17,16,TACCTTGCAACGAGCGTCGG,1,3447114
tabA_predicted,0.5882352941176471,25,16,TAAAGGGTCAATTTCCCATT,9,3449359
tabA_predicted,0.11764705882352941,17,16,TAAAAGCGTCCTATATCTAT,1,3462800
tabA_predicted,102.23529411764706,1753,16,GTTGTTGATATAGTATTGCT,1737,3452945
tabA_predicted,0.11764705882352941,17,16,GGTGGAGGGTCTTATGCAGG,1,3444537
tabA_predicted,0.11764705882352941,17,16,GATATGTCTCGTGGAGAGTG,1,3460170
tabA_predicted,0.11764705882352941,17,16,CGCCCCAGGTATCGTCTTCA,1,3438244
tabA_predicted,0.11764705882352941,17,16,CGAATTGAGAATGGTCTCTC,1,3454381
tabA_predicted,0.8235294117647058,29,16,CGAAACCAGTGACAATGTGA,13,3442047
tabA_predicted,0.11764705882352941,17,16,CCGACCGATCGGCACTAGCT,1,3432473
tabA_predicted,0.17647058823529413,18,16,CATACGGACCGTTTCCTACA,2,3431906
tabA_predicted,0.11764705882352941,17,16,CATACCGTGAGAAACTTGGC,1,3440832
tabA_predicted,0.5294117647058824,24,16,CAGCGTACTTAACCTCGGAT,8,3442869
tabA_predicted,0.9411764705882353,31,16,CAATGTCATGTATTACTTGA,15,3449127
tabA_predicted,0.11764705882352941,17,16,ATGTTCCACTGGCCAGTGCC,1,3443641
tabA_predicted,0.35294117647058826,21,16,ATGTCCATTCTGTAAAGAAG,5,3464668
tabA_predicted,0.11764705882352941,17,16,ATAGTGTTATTTTACTTGTA,1,3449261
tabA_predicted,0.17647058823529413,18,16,AGGATTATCGTGATCCCCTA,2,3433887
tabA_predicted,0.11764705882352941,17,16,AGCCCCTGAGATACGGATTG,1,3432557
tabA_predicted,0.11764705882352941,17,16,ACTTTTCCAAGCGGTCGATA,1,3457977
tabA_predicted,0.23529411764705882,19,16,ACAGACGCCGGCTTTAGTTC,3,3453066
tabA_predicted,0.17647058823529413,18,16,AATTTCTTTGGTGACTCAGA,2,3432358
tabA_predicted,0.23529411764705882,19,16,AAGCCTGGATTCTCCAAAGC,3,3449326
tabA_predicted,0.35294117647058826,21,16,AAAGACTGACGACGGCCACA,5,3443667
tabA_predicted,0.125,16,15,TTTGACGCAGGCCGGAAAGC,1,3444432
tabA_predicted,0.125,16,15,TCGGTCCTAAATGATTTGTC,1,3453629
tabA_predicted,0.125,16,15,TCCCTCGATGTTCCGTGTTT,1,3441526
tabA_predicted,0.125,16,15,TACCCCGAGCTTCGGACTCT,1,3441163
tabA_predicted,0.125,16,15,TAAACTCAGGTCTCGAAAAC,1,3434119
tabA_predicted,0.125,16,15,GTTGCAGCATAGAGTCCCTA,1,3435707
tabA_predicted,0.125,16,15,GTTCCGCAAGTTTAATGTCT,1,3443096
tabA_predicted,0.125,16,15,GTGTTTGATCGCCAGCCTCG,1,3436386
tabA_predicted,0.125,16,15,GGTAGCATTTCTAGCAGAGG,1,3440939
tabA_predicted,0.125,16,15,GCGGATCGTCAAATCAGGGG,1,3462112
tabA_predicted,0.6875,25,15,GCGGAGTTCTACACATGGGG,10,3439687
tabA_predicted,0.125,16,15,GATTTCATGGTGTGTAGGTA,1,3432598
tabA_predicted,0.3125,19,15,GATTCGACCCGGAGAATGAT,4,3437396
tabA_predicted,0.25,18,15,GAGTCGTCTTGGTGGCGCAA,3,3438014
tabA_predicted,0.125,16,15,GAGTCACATGGTCCAGTTTT,1,3439741
tabA_predicted,0.125,16,15,GACGACCAGATCCCCATAGG,1,3464924
tabA_predicted,0.125,16,15,GAACTGATATTCCATTAGTA,1,3456604
tabA_predicted,0.125,16,15,CTTGGCCATCCTCAAGCGTT,1,3448869
tabA_predicted,0.125,16,15,CTATTGTAGTCGAGGCCCCC,1,3435230
tabA_predicted,0.125,16,15,CTAGTAATGTTTTGGTTACG,1,3447516
tabA_predicted,0.375,20,15,CGGGTCGTATGGGCTAGCTG,5,3433569
tabA_predicted,0.25,18,15,CGCAACACGGACGGTCAACT,3,3432361
tabA_predicted,0.1875,17,15,CGAAGCTCGAGAGTCATCAC,2,3454683
tabA_predicted,0.125,16,15,CCTTTAATGAACGTCGATGG,1,3451732
tabA_predicted,0.125,16,15,CCTGAAGGTTGATTCCGAGA,1,3449755
tabA_predicted,0.125,16,15,AGTTCATCTGGCTCCCAGTA,1,3449902
tabA_predicted,0.125,16,15,AGTAGTCGGATCCGTCACTT,1,3443289
tabA_predicted,0.125,16,15,AGTACGCTACGGAATGGAGA,1,3449118
tabA_predicted,0.125,16,15,AGCGGTAACCGGGGTCCCAT,1,3460067
tabA_predicted,0.4375,21,15,AGCAAAGTGCTGCAACAGTT,6,3442337
tabA_predicted,0.3125,19,15,ACTATGAGCTAAAAGGTTCT,4,3443651
tabA_predicted,0.125,16,15,ACCTGTTAGCTCTGATGTTA,1,3453344
tabA_predicted,0.125,16,15,ACATTGCCCAGTTCGTGGTC,1,3435824
tabA_predicted,0.125,16,15,AATACAACCGCGACACTATT,1,3443722
tabA_predicted,0.125,16,15,AACAACACATATTGGTAAAC,1,3465587
tabA_predicted,0.13333333333333333,15,14,TTTTATAGATGCTCGATGAC,1,3462377
tabA_predicted,0.13333333333333333,15,14,TTCTAGCGACTATATCACCG,1,3449286
tabA_predicted,172.13333333333333,2595,14,TCTTACTCGCACCCTTACCT,2581,3450158
tabA_predicted,0.13333333333333333,15,14,TCGAGATTCTTGTCGTAAAA,1,3432311
tabA_predicted,0.3333333333333333,18,14,TATATATAATTCGGCTGAGA,4,3435405
tabA_predicted,0.4666666666666667,20,14,TATAAGGCAGACCGAGTTTC,6,3453476
tabA_predicted,0.13333333333333333,15,14,GTTTTACAAATCAGCTGACC,1,3442404
tabA_predicted,0.13333333333333333,15,14,GTTAGGTAATGACGCGCGAC,1,3444775
tabA_predicted,0.13333333333333333,15,14,GTTAAGTGTGGGTGTGTAAT,1,3465774
tabA_predicted,0.13333333333333333,15,14,GTAACGTTACTCGCCCCCCT,1,3437589
tabA_predicted,0.4,19,14,GGTACACTATGGTTTGAGAC,5,3464910
tabA_predicted,0.13333333333333333,15,14,GGCCAACCGTCCTCCGCCGA,1,3447378
tabA_predicted,0.2,16,14,GCGAGCGTGTGCCCCCCGTA,2,3458686
tabA_predicted,0.13333333333333333,15,14,GCATCTAAACACCGGGCTTA,1,3455181
tabA_predicted,0.2,16,14,GATGATTAGCAAGAAGTGTC,2,3458957
tabA_predicted,0.2,16,14,GAAGACCCGCGGAAATTCGA,2,3464537
tabA_predicted,0.2,16,14,CTGACAGCTGTGATCATGCG,2,3448997
tabA_predicted,0.13333333333333333,15,14,CTCAACACCCCGGTTTTAGT,1,3449695
tabA_predicted,0.13333333333333333,15,14,CCGAATTCTTCACGATGCAA,1,3453361
tabA_predicted,1.4,34,14,CATGGGACTTCTAGCCCAAT,20,3432560
tabA_predicted,0.5333333333333333,21,14,CAATGGTAAGCGTGGAGGGA,7,3455435
tabA_predicted,0.2,16,14,CAACATAGTCCTCATTTCTT,2,3431326
tabA_predicted,0.2,16,14,ACAAAGTCTGTTGACCAGTT,2,3435366
tabA_predicted,1.0,28,14,AATCTGTTCCGGTCTGATAA,14,3453772
tabA_predicted,41.07142857142857,587,13,TTTTTAATATGACCCCAGGG,574,3459514
tabA_predicted,0.21428571428571427,15,13,TTTGTTCTGGAGCGCTAGCC,2,3450946
tabA_predicted,0.35714285714285715,17,13,TTTATTTATGCCTAGCTTTA,4,3437872
tabA_predicted,0.21428571428571427,15,13,TGTTAAATAGGTACATAAAA,2,3433196
tabA_predicted,0.21428571428571427,15,13,TCCATGTCGATTTATGGCGT,2,3455121
tabA_predicted,0.5714285714285714,20,13,GTTAGATCCTCGAAGTTCCT,7,3458660
tabA_predicted,0.14285714285714285,14,13,GGTGGGCGACCCGACGTTTT,1,3434839
tabA_predicted,0.35714285714285715,17,13,GACATCACACGTGTCCTTCT,4,3443903
tabA_predicted,0.14285714285714285,14,13,GAACGGATTAGAAACGTCCT,1,3462715
tabA_predicted,0.14285714285714285,14,13,CTTTGTATCAAGATCCCGCA,1,3443195
tabA_predicted,0.7857142857142857,23,13,CTTCTCTCCCGAGGATGATT,10,3451271
tabA_predicted,0.14285714285714285,14,13,CTCTCGATTACAGCTGTATG,1,3443308
tabA_predicted,0.14285714285714285,14,13,CTCTAAAGAAGGCCGAGCAA,1,3449490
tabA_predicted,0.14285714285714285,14,13,CGCGAGCTCACCGCGGCCTA,1,3463250
tabA_predicted,0.14285714285714285,14,13,CGAGATACAGGATTAGGCAT,1,3434265
tabA_predicted,0.14285714285714285,14,13,CCTTGGTTGAACCCCCAGCT,1,3461891
tabA_predicted,0.14285714285714285,14,13,CCTGTAGCGCTACAATATTA,1,3453218
tabA_predicted,0.14285714285714285,14,13,CCGTCATGTCGTATCAGTTT,1,3463791
tabA_predicted,0.14285714285714285,14,13,CCGCGTTTGACAGCCCTGGA,1,3443224
tabA_predicted,0.14285714285714285,14,13,CCCAATGAGATGTAAGGTAA,1,3444681
tabA_predicted,0.21428571428571427,15,13,CCCAAAAGGATGAGGAGCCA,2,3440855
tabA_predicted,0.21428571428571427,15,13,CAATGGCGCCGCTTTGTGGC,2,3461137
tabA_predicted,0.21428571428571427,15,13,ATGGCTATCCGTCCTACTTT,2,3437912
tabA_predicted,0.14285714285714285,14,13,ATCGGGGGTATTACGCTGAT,1,3443042
tabA_predicted,0.21428571428571427,15,13,ATACATGAAGAAGGTCCGGC,2,3435869
tabA_predicted,0.14285714285714285,14,13,AGTGTACAAAGAAGAGAAGA,1,3464062
tabA_predicted,0.21428571428571427,15,13,AGCCGGTGACGTATCGGCGC,2,3459041
tabA_predicted,0.42857142857142855,18,13,AGCACGAGAATACACCAAAC,5,3444427
tabA_predicted,0.14285714285714285,14,13,ACATCCGTCGTTGCTCATAA,1,3447349
tabA_predicted,0.7142857142857143,22,13,ACACATCGAAATCGTGGACG,9,3444565
tabA_predicted,0.14285714285714285,14,13,ACAAACCAACTCCTGAATCT,1,3466323
tabA_predicted,0.15384615384615385,13,12,TCAACATTGCAAAAGAAAGA,1,3455000
tabA_predicted,0.3076923076923077,15,12,TATTTCTCATTGTTCTCCAG,3,3431979
tabA_predicted,0.23076923076923078,14,12,TATCTAGCGCCCTGCTGCTT,2,3446338
tabA_predicted,0.3076923076923077,15,12,TATCCTTGGTCGCCGGGCGC,3,3436778
tabA_predicted,0.15384615384615385,13,12,TACTCTTCCCTGCCCGAGTA,1,3434040
tabA_predicted,0.15384615384615385,13,12,TACGAGAAGGGCCAGCAATA,1,3445123
tabA_predicted,0.6153846153846154,19,12,GTAACGTTTCCACTCCGGCC,7,3432879
tabA_predicted,0.15384615384615385,13,12,GGTTCTCATGCGAACATTGA,1,3465844
tabA_predicted,0.15384615384615385,13,12,GGTACTCCGCTCAACAATTA,1,3440371
tabA_predicted,193.07692307692307,2521,12,GGCTTCCACCTAAACACGAG,2509,3441438
tabA_predicted,0.3076923076923077,15,12,GCGGTGTAGGCACATCGGTG,3,3463014
tabA_predicted,0.15384615384615385,13,12,GCCCAAGGTCTCACCGGAAA,1,3438107
tabA_predicted,196.15384615384616,2561,12,CTGGCGGAGTCCTACCGCTC,2549,3465045
tabA_predicted,0.15384615384615385,13,12,CGCGAGGGGACACCATGCGC,1,3448216
tabA_predicted,0.15384615384615385,13,12,CCTGTTCCCGTTAAGTATTA,1,3438892
tabA_predicted,0.15384615384615385,13,12,CCACGGGACTGCGCCAAAGA,1,3460027
tabA_predicted,0.15384615384615385,13,12,CAGCCCCAAGCGGCCACTCG,1,3446071
tabA_predicted,0.15384615384615385,13,12,ATTTGTAGGGGTTAAGAGGG,1,3457014
tabA_predicted,0.15384615384615385,13,12,ATTGAGTGCCATCTGGGTAT,1,3439669
tabA_predicted,0.15384615384615385,13,12,ATGTGTTATCGACGATCGTT,1,3443407
tabA_predicted,0.15384615384615385,13,12,ATAGTTGCGGGGATCAACCA,1,3445529
tabA_predicted,0.15384615384615385,13,12,ATAGCCTGATAAATGACAGC,1,3434623
tabA_predicted,0.15384615384615385,13,12,AGGCTTGCAAGTCCCGGATC,1,3433761
tabA_predicted,0.15384615384615385,13,12,ACCGCTGCAAGAGGTGACCA,1,3452723
tabA_predicted,0.23076923076923078,14,12,ACATACCTTAATCTGCGTAA,2,3463366
tabA_predicted,0.3333333333333333,14,11,TTCACTCAACTCGAGCATGT,3,3447855
tabA_predicted,0.16666666666666666,12,11,TGGGAACGGCTTCTTGCCCT,1,3465821
tabA_predicted,0.16666666666666666,12,11,TGAGTTTGCCGTACGAATAC,1,3439929
tabA_predicted,0.16666666666666666,12,11,TCACGCAAACACACGGTGCC,1,3464383
tabA_predicted,0.16666666666666666,12,11,GTTCGTATCGTGTGATTTGA,1,3444510
tabA_predicted,0.25,13,11,GTTCGGGGGGCTCCTTACGT,2,3449482
tabA_predicted,0.16666666666666666,12,11,GTGGAGTCTATCAACGGCAT,1,3438249
tabA_predicted,0.4166666666666667,15,11,GGTCCGATAGGGCGCGTCTC,4,3445389
tabA_predicted,0.16666666666666666,12,11,GGCCGCCCCAGATATCATTT,1,3456512
tabA_predicted,0.16666666666666666,12,11,GGCACCGGTCACGATGGGGT,1,3435569
tabA_predicted,0.16666666666666666,12,11,GCGATTTCCTTGGTGCTCCG,1,3438063
tabA_predicted,0.3333333333333333,14,11,GCCGTCTTTCTACGGACTTC,3,3441065
tabA_predicted,0.16666666666666666,12,11,GCATGTAGCACGCTTCGGCC,1,3448030
tabA_predicted,0.5,16,11,GAGGGTAGGTTCTCTGCTTA,5,3431631
tabA_predicted,0.16666666666666666,12,11,GAAGAGCGTAGAGCGATTAT,1,3435365
tabA_predicted,0.5833333333333334,17,11,GAAAGGTACTAACCCTTCTA,6,3452954
tabA_predicted,0.16666666666666666,12,11,CTGCGGGCCCGCCCGATTTA,1,3456576
tabA_predicted,0.16666666666666666,12,11,CGTGTGAGTCGAGTGACCAT,1,3456302
tabA_predicted,0.5,16,11,CCTCGCCGGAGATTTGATCG,5,3443658
tabA_predicted,0.5,16,11,CATTTGAAAAGGGGGGGAAT,5,3457038
tabA_predicted,0.16666666666666666,12,11,CATGTTCATAAGTAGACTTA,1,3446434
tabA_predicted,0.16666666666666666,12,11,CAGTGGCGGAATTGGGAATA,1,3450486
tabA_predicted,0.16666666666666666,12,11,CAGAGCCTCTTCAATCCTCT,1,3446865
tabA_predicted,0.16666666666666666,12,11,CAATTTAACGGGCGCCACGC,1,3444489
tabA_predicted,0.5,16,11,CAAATTCGCGTGTCGGACTA,5,3451040
tabA_predicted,0.9166666666666666,21,11,ATTACCTCCAGAATATGGGA,10,3450054
tabA_predicted,0.16666666666666666,12,11,ATCGTAGGAAAGCGCGCATT,1,3452285
tabA_predicted,0.6666666666666666,18,11,ACGCCACGGCTTTCCTGATA,7,3458202
tabA_predicted,0.5,16,11,ACGAATCACGATATCAGGGA,5,3465483
tabA_predicted,0.16666666666666666,12,11,ACCGCCCATTTATAAGGACT,1,3434665
tabA_predicted,0.16666666666666666,12,11,ACCATAGGTTTCCGTGCGTC,1,3437207
tabA_predicted,0.16666666666666666,12,11,AAATAGGCCTCCCGGAACGC,1,3453562
tabA_predicted,0.75,19,11,AAAACAAGGAGTTGGGACTT,8,3434586
tabA_predicted,0.18181818181818182,11,10,TTGCAACAGCCGCCGTATGA,1,3432276
tabA_predicted,0.18181818181818182,11,10,TTATTACACGAGCAGGAGGG,1,3454777
tabA_predicted,0.18181818181818182,11,10,TTAAGGCTGGGGAACGCAAA,1,3436190
tabA_predicted,0.2727272727272727,12,10,TCTCCAGTGGCGTGGAATAT,2,3454976
tabA_predicted,0.18181818181818182,11,10,TCTAGTACGTACGAGTAAAC,1,3450544
tabA_predicted,0.18181818181818182,11,10,TCGGCACTGTCAGCAGTTAG,1,3449421
tabA_predicted,0.18181818181818182,11,10,TAGCAAACGTGTCACCCTTA,1,3435399
tabA_predicted,0.18181818181818182,11,10,TACACTCGTTGCAAGAACTC,1,3443206
tabA_predicted,0.18181818181818182,11,10,TAAAGTGTCTGCATCTAGAT,1,3449583
tabA_predicted,0.2727272727272727,12,10,GTTAAGCGCTGCGGTGGCGT,2,3439382
tabA_predicted,0.36363636363636365,13,10,GGGTAAAGGTATAAGGGGGA,3,3442629
tabA_predicted,0.18181818181818182,11,10,GGACTTCGAATCTCTGTTAT,1,3444212
tabA_predicted,0.18181818181818182,11,10,GCTAGACCGGTAGAGGGGTA,1,3449020
tabA_predicted,0.18181818181818182,11,10,GCCGAGGGGCTTGTACGGAG,1,3456627
tabA_predicted,0.18181818181818182,11,10,GAGGTGCCACGACAATATAT,1,3457207
tabA_predicted,0.18181818181818182,11,10,CTTGACTCGGCTCATCAGAA,1,3437995
tabA_predicted,0.18181818181818182,11,10,CTGCATGATTGTGTAGGAAT,1,3466157
tabA_predicted,0.18181818181818182,11,10,CTGAGAATACACTTAGTCAT,1,3438119
tabA_predicted,0.45454545454545453,14,10,CTCTTTCCGGGTTCCGGAGG,4,3446762
tabA_predicted,0.18181818181818182,11,10,CTAGAGTGCGCATAATAGAT,1,3450982
tabA_predicted,0.18181818181818182,11,10,CGTGCCCCCCGCTAGACTGC,1,3461946
tabA_predicted,0.45454545454545453,14,10,CGATGCACGCGGACTCGCTA,4,3433217
tabA_predicted,0.18181818181818182,11,10,CCGTCCACTTGTAATGGTGT,1,3455757
tabA_predicted,0.36363636363636365,13,10,CATGCCTAGGTCTCACGGAC,3,3460461
tabA_predicted,0.45454545454545453,14,10,CATCACGTGCACTGCCGTTA,4,3445940
tabA_predicted,0.2727272727272727,12,10,ATTTATAGAATAGTGACGTT,2,3456746
tabA_predicted,0.36363636363636365,13,10,ATTAAATTTAGGGCAGTGTT,3,3443181
tabA_predicted,0.45454545454545453,14,10,ATATCACAGTGAGCGACGCC,4,3461616
tabA_predicted,0.18181818181818182,11,10,ATACACAATCCTTCCAATCT,1,3437360
tabA_predicted,0.18181818181818182,11,10,ACTACGTGCCGACCGTGGCA,1,3455560
tabA_predicted,0.36363636363636365,13,10,ACCCCCCTTTTCCCAATACC,3,3447313
tabA_predicted,1.0909090909090908,21,10,ACACAGTATTCTACTACAGT,11,3438007
tabA_predicted,0.36363636363636365,13,10,AATATCGTACATCAGACTGA,3,3442885
tabA_predicted,0.18181818181818182,11,10,AAGTACTCATGTTTCTTCCT,1,3447423
tabA_predicted,0.18181818181818182,11,10,AAGAACAGACCAGGCTCGTG,1,3448598
tabA_predicted,231.27272727272728,2553,10,AACGTAGTAAGTGATCACGC,2543,3466219
tabA_predicted,0.18181818181818182,11,10,AACCCCTGCGTTGCTGCAGG,1,3446441
tabA_predicted,0.36363636363636365,13,10,AAAGGTTTCAACTATCCCGG,3,3433293
tabA_predicted,0.18181818181818182,11,10,AAACGCGGTCGAATGTTCTG,1,3449997
tabA_predicted,0.18181818181818182,11,10,AAAACCGGGCTATTGTTTGT,1,3458527
tabA_predicted,0.2,10,9,TTCTCCACTGGGAAACGCCG,1,3453496
tabA_predicted,0.2,10,9,TTATTCGCATTCCCGTATCA,1,3463647
tabA_predicted,0.2,10,9,TGTTCACGAAAGTCTGAATG,1,3438905
tabA_predicted,0.2,10,9,TGTCAAGTATACGCAACATT,1,3444048
tabA_predicted,0.2,10,9,TGAAATATGATACTCCACGA,1,3460098
tabA_predicted,0.2,10,9,TCGCAAAAGGTTTAGGTTAC,1,3456619
tabA_predicted,1.0,18,9,TCCCCTCGCCATGAGATTGT,9,3446572
tabA_predicted,0.2,10,9,TCCCACCTTCTACGAGACGT,1,3433215
tabA_predicted,0.7,15,9,TCATTGGTCTTTCTAGTTAA,6,3440033
tabA_predicted,0.2,10,9,TCATCGATTTAATCCGAACG,1,3432496
tabA_predicted,0.2,10,9,GTGGCGTCCCATGTGATCTA,1,3461568
tabA_predicted,0.3,11,9,GGTACGACGCACCTCTGTGC,2,3443166
tabA_predicted,0.2,10,9,GCTCTAACTAATGCACTTTA,1,3462612
tabA_predicted,0.3,11,9,GCCGTGCGCGTGAAGATGTT,2,3441503
tabA_predicted,0.2,10,9,GATATCACAGAAGGAAAGCG,1,3454394
tabA_predicted,0.2,10,9,GAGTGTTTAGGTAAGGGCTA,1,3443255
tabA_predicted,0.2,10,9,GAGTCGTACCACTGAGGACT,1,3436813
tabA_predicted,0.2,10,9,GAGAGTGCGTTGAGTGATCG,1,3465342
tabA_predicted,0.7,15,9,GAGAGAATACATCCCGGTAG,6,3434706
tabA_predicted,0.6,14,9,GACGGACGCTATCTGTCCTG,5,3446249
tabA_predicted,0.6,14,9,CTTCGTGCCTTCCCTATTGA,5,3447226
tabA_predicted,0.4,12,9,CTGCCTTACCTCGAATTATA,3,3433724
tabA_predicted,0.2,10,9,CGGTGTATGCCACCTGATCC,1,3457848
tabA_predicted,0.2,10,9,CATGCTATCAAATTACTCGT,1,3453181
tabA_predicted,0.7,15,9,CAGGGCCCTCTACGCTCAAA,6,3460013
tabA_predicted,0.7,15,9,CAAACTCAGTTTAAGTACTG,6,3449627
tabA_predicted,0.2,10,9,ATTTTCAAGGTACCGGGCTG,1,3451671
tabA_predicted,0.4,12,9,ATTTGGGAGGATAATTTGTC,3,3437056
tabA_predicted,0.2,10,9,ATTTATACGTGTCTTCCGAT,1,3447706
tabA_predicted,0.2,10,9,ATTAGAGTCACAGGAGCGGA,1,3441710
tabA_predicted,0.2,10,9,ATGAAATCTCTCAACTTACC,1,3463951
tabA_predicted,0.6,14,9,AGTAAGCACTCTCATCTAAT,5,3440287
tabA_predicted,0.5,13,9,AGACCCCGAATGAACACTGA,4,3433396
tabA_predicted,0.2,10,9,ACTTCCGAGAATGCGCGGGG,1,3455366
tabA_predicted,0.3,11,9,ACTCAATGGGTTGCGTATTG,2,3439416
tabA_predicted,0.2,10,9,ACTATTGGTGTGTTCTCTGA,1,3435503
tabA_predicted,0.2,10,9,ACGGGCTTACCTCAGGGCAA,1,3465410
tabA_predicted,0.2,10,9,ACGCGGGGCTACGTGCCGGC,1,3438464
tabA_predicted,0.2,10,9,ACCCGTATCCGACCAGCGTG,1,3453431
tabA_predicted,0.2,10,9,ACATAAACTGCATATCTTGC,1,3452109
tabA_predicted,0.2222222222222222,9,8,TTTAGCGTACCAGCTTGGAT,1,3455594
tabA_predicted,0.2222222222222222,9,8,TTGACGTGAACTGAACCATG,1,3437771
tabA_predicted,0.3333333333333333,10,8,TTGAAGCATCACAGTAGCAA,2,3455645
tabA_predicted,0.4444444444444444,11,8,TGTGCAGAGGAATAACTGGC,3,3456212
tabA_predicted,148.0,1339,8,TGTGAAGAACGTGAATCCTT,1331,3437364
tabA_predicted,0.2222222222222222,9,8,TGATCTACCGGTCCGAGAAC,1,3442963
tabA_predicted,0.3333333333333333,10,8,TCCGCAGAGCATTGCGGACA,2,3456100
tabA_predicted,290.44444444444446,2621,8,TCAGCCAGGTGCTAGTTCGA,2613,3436934
tabA_predicted,0.2222222222222222,9,8,TCAACCCGCGTCCGCTCAAA,1,3454782
tabA_predicted,0.2222222222222222,9,8,TATATACTAAGTGCCGGCCT,1,3438273
tabA_predicted,0.6666666666666666,13,8,TAGGTTATCTAGTGCCTACA,5,3445481
tabA_predicted,0.2222222222222222,9,8,TACGTTAAATGCTAGCCAGC,1,3444011
tabA_predicted,0.4444444444444444,11,8,GTTACTATCATATTCGCGGA,3,3452497
tabA_predicted,0.2222222222222222,9,8,GTGCGATGAACTGATCGAAG,1,3442880
tabA_predicted,0.2222222222222222,9,8,GTGACTGTTCGGCAGGATAA,1,3441773
tabA_predicted,0.2222222222222222,9,8,GGCTTTCGTCCCACCTACCG,1,3460148
tabA_predicted,0.2222222222222222,9,8,GCATTAGCCACCTGATTCCT,1,3450501
tabA_predicted,0.3333333333333333,10,8,GCAGCAGGACCTGTACATAC,2,3462746
tabA_predicted,276.77777777777777,2498,8,GCAAATACCGCTACGACCGG,2490,3463492
tabA_predicted,0.2222222222222222,9,8,GATGACCTGTAAAAGGCCCA,1,3463383
tabA_predicted,0.5555555555555556,12,8,CTTGCAGTGGTGCGAGTGTC,4,3444580
tabA_predicted,0.2222222222222222,9,8,CTGCACCGAACCCTCGGATG,1,3457016
tabA_predicted,0.2222222222222222,9,8,CTACTCTTTCCGTCGGGCAT,1,3449650
tabA_predicted,0.2222222222222222,9,8,CGGGCTGGACGCTCACCGGG,1,3457183
tabA_predicted,0.2222222222222222,9,8,CGGCCTAAAATCAGGCAGAT,1,3458625
tabA_predicted,0.2222222222222222,9,8,CGCGTGCTTAACGCATGGAA,1,3443936
tabA_predicted,0.2222222222222222,9,8,CCTAATTTATATCAGCGTCG,1,3455612
tabA_predicted,542.7777777777778,4892,8,CCCTTGTATTTGACGTCGCA,4884,3437043
tabA_predicted,0.2222222222222222,9,8,CCATTCGCCTGTCCGTGGTA,1,3453947
tabA_predicted,0.5555555555555556,12,8,CATATCTTCAGGCACGTATG,4,3441183
tabA_predicted,0.5555555555555556,12,8,CACTCTAGTTAACGTAGATA,4,3433588
tabA_predicted,0.2222222222222222,9,8,ATTGGGTTCAACCTCACTTG,1,3464265
tabA_predicted,285.55555555555554,2577,8,ATTGGATGTGGACAACTGCG,2569,3434132
tabA_predicted,0.2222222222222222,9,8,ATCGTCCCAATGCACATATA,1,3446923
tabA_predicted,0.2222222222222222,9,8,ATAAAGTAAGGATTAGTATG,1,3452902
tabA_predicted,0.5555555555555556,12,8,AGTAACGATGCGAGCACGGA,4,3453885
tabA_predicted,0.2222222222222222,9,8,ACCAATGACTGTTCTTACAG,1,3434930
tabA_predicted,0.2222222222222222,9,8,ACAATCTATCGGACTACGAA,1,3444436
tabA_predicted,283.22222222222223,2556,8,AATGGCCGAGGTGTTTTCAG,2548,3437128
tabA_predicted,0.2222222222222222,9,8,AAGCGCAGAACCGGTGCGGG,1,3460846
tabA_predicted,0.2222222222222222,9,8,AAGCCAGTATACATAACAAC,1,3443057
tabA_predicted,0.25,8,7,TTTTTGATGACAGAACCAAG,1,3453806
tabA_predicted,0.5,10,7,TTGCGTAGCGGGTTTCACCA,3,3457104
tabA_predicted,0.375,9,7,TGCCCGGGAGCTCCAGGTGT,2,3436011
tabA_predicted,0.25,8,7,TCGGAAAGGCGCACGTCAAG,1,3466056
tabA_predicted,0.375,9,7,TCCCGACGAACTCGCGTCCG,2,3437967
tabA_predicted,0.25,8,7,TAGCACCTTCCATCCAAGGT,1,3443127
tabA_predicted,0.625,11,7,TACAAGTCCCATCGACGTTA,4,3459978
tabA_predicted,0.5,10,7,TAAGGCATGATTACAAATAT,3,3453023
tabA_predicted,0.25,8,7,GTTATCATGTAGATCCAGGC,1,3444970
tabA_predicted,0.375,9,7,GTAGAGCACCACGGGTTTAC,2,3439431
tabA_predicted,0.625,11,7,GTACATCCAGGCCCGATCGC,4,3453360
tabA_predicted,0.25,8,7,GGTCGGTATGTAATAGACCT,1,3454115
tabA_predicted,0.25,8,7,GGGTAGCGTATAGCGAGACA,1,3441341
tabA_predicted,0.25,8,7,GGGCGGGCCTGCGATTGGTA,1,3442089
tabA_predicted,0.25,8,7,GGCGAGCGAAGTGACACTAT,1,3438749
tabA_predicted,0.25,8,7,GGACCCACATCTATCATCCG,1,3446207
tabA_predicted,0.25,8,7,GCCCCAATTATTTTTATGAA,1,3456149
tabA_predicted,0.25,8,7,GATGATATGACATATTTCTG,1,3463750
tabA_predicted,0.25,8,7,GAGTTAACACGGTTAATAGT,1,3456518
tabA_predicted,0.25,8,7,GAATACTACCCACAACATAT,1,3448007
tabA_predicted,0.25,8,7,CTGACAGATGTAGGGGGAGA,1,3459955
tabA_predicted,0.25,8,7,CTCCGCGAGCAGCTCAGTAA,1,3434562
tabA_predicted,0.25,8,7,CTACGTCGAGTAAAACTTTT,1,3438920
tabA_predicted,0.5,10,7,CGCGGATCTAGTTGGGCACG,3,3434865
tabA_predicted,0.25,8,7,CCTACACCTAGTGGCCCCAG,1,3449656
tabA_predicted,0.25,8,7,CCTACAATTAAAAGCTAACA,1,3452278
tabA_predicted,0.25,8,7,CCGGATGGAGTGGGGCAAGA,1,3444169
tabA_predicted,0.25,8,7,ATCTCCGAATTTTCTTTTCT,1,3457291
tabA_predicted,0.625,11,7,ATCGTATCTTGATTTGTGAT,4,3452151
tabA_predicted,0.25,8,7,AGGCTAGAGGGAAAGGCCTC,1,3458098
tabA_predicted,0.25,8,7,AGCCAACGTATGGATAAACG,1,3434622
tabA_predicted,1.375,17,7,ACGTGATGGTACATAGGTTC,10,3457091
tabA_predicted,0.25,8,7,ACGCTTAATGGACTTCGCGT,1,3443501
tabA_predicted,0.25,8,7,ACAATCTGATCCTGGTATGC,1,3432048
tabA_predicted,0.2857142857142857,7,6,TTCCGGGCTACTGTTTACCC,1,3435955
tabA_predicted,0.2857142857142857,7,6,TCCGTCGCACTAGGTCGGAA,1,3464171
tabA_predicted,0.2857142857142857,7,6,TAGCTTCTCGGCCATCCAGC,1,3453832
tabA_predicted,0.2857142857142857,7,6,GTGGACGTTGTCCGGTGTGG,1,3432474
tabA_predicted,0.2857142857142857,7,6,GTGAGAAGGGTTCATGTTGT,1,3442261
tabA_predicted,0.8571428571428571,11,6,GTCGTCGGAGTTTGGTTTCC,5,3437856
tabA_predicted,1.8571428571428572,18,6,GTCCTGCGTCTCCGTATCAA,12,3433406
tabA_predicted,0.5714285714285714,9,6,GGTCCGTCACGGAGTTGGCA,3,3465229
tabA_predicted,0.2857142857142857,7,6,GGTCCAATGTGTAGGGATCA,1,3447986
tabA_predicted,0.2857142857142857,7,6,GGCTTCAGGCTTATACCAAT,1,3442345
tabA_predicted,0.2857142857142857,7,6,GATTAGTGTGTGCACTCACA,1,3455273
tabA_predicted,1.8571428571428572,18,6,GACTCAGGTCCAATGGCACA,12,3464393
tabA_predicted,0.2857142857142857,7,6,GACGTGATTATGGGGAGAAG,1,3459923
tabA_predicted,0.2857142857142857,7,6,CTGAAAAGTTAGCGCCCTTA,1,3458550
tabA_predicted,0.5714285714285714,9,6,CTCATCTTCGTATGGTTTTG,3,3447690
tabA_predicted,0.42857142857142855,8,6,CTCACTCAGCATTGATAGCT,2,3452837
tabA_predicted,284.14285714285717,1994,6,CGTTCAAAACGTCCCCCGGG,1988,3433124
tabA_predicted,0.2857142857142857,7,6,CGCGATCGCTTACAGGGCTG,1,3454359
tabA_predicted,0.2857142857142857,7,6,CCCGTTGAGCACATGGAGAA,1,3431394
tabA_predicted,0.2857142857142857,7,6,CCAACGTGCCGAGAGGGGAT,1,3443245
tabA_predicted,362.57142857142856,2543,6,ATGGATCGTGTCTCCCTTCA,2537,3464454
tabA_predicted,0.42857142857142855,8,6,ATGCTCTGCGTGATTACCCT,2,3438628
tabA_predicted,0.2857142857142857,7,6,ATGCGTCGGAATCTCTCGAT,1,3450141
tabA_predicted,1.1428571428571428,13,6,ATCCGTCACGATCCTTCGTA,7,3432351
tabA_predicted,0.2857142857142857,7,6,AGGTGCACAGGCGTATGGGT,1,3431950
tabA_predicted,0.2857142857142857,7,6,AGGTCCGCAAAGGTTTGGAG,1,3438436
tabA_predicted,0.2857142857142857,7,6,AGGCCTCGAGACACCCGGCC,1,3435221
tabA_predicted,0.2857142857142857,7,6,ACTTTCAGTCAAGCATCTGT,1,3465206
tabA_predicted,0.8571428571428571,11,6,ACTGTTCGCGTTGTCATGCT,5,3438650
tabA_predicted,0.8571428571428571,11,6,ACCACTCGGGGGTATGGCCG,5,3450335
tabA_predicted,1.0,12,6,AAGGAGTATTCCGTAGCGGA,6,3450265
tabA_predicted,0.5714285714285714,9,6,AACAATGTAGGACGTACGAT,3,3431330
tabA_predicted,0.2857142857142857,7,6,AAACTCAATTGGTTGTTATC,1,3453383
tabA_predicted,0.3333333333333333,6,5,TTTACCGTGTCCCTACCGTT,1,3460771
tabA_predicted,0.6666666666666666,8,5,TTGGCTAGAACCTGGCCACA,3,3432475
tabA_predicted,0.8333333333333334,9,5,TTCTTTCGTTCTCTTTGAGC,4,3438227
tabA_predicted,0.3333333333333333,6,5,TGGAGTCGAATGTTCATGAC,1,3464946
tabA_predicted,0.3333333333333333,6,5,TGAAGGAGGGATCCAGTAGC,1,3448059
tabA_predicted,0.3333333333333333,6,5,TGAAAGGGTGGGCTTGGACT,1,3443951
tabA_predicted,0.3333333333333333,6,5,TCATAGGCGCATAAGGAATA,1,3440960
tabA_predicted,0.5,7,5,TCAACCGCTCTGACGCATAC,2,3463585
tabA_predicted,0.3333333333333333,6,5,TATTGGTCTATGTCTATCCT,1,3436524
tabA_predicted,0.3333333333333333,6,5,TATCTGGACCGTAAATCATC,1,3446843
tabA_predicted,0.3333333333333333,6,5,TAGGTGACGTCATATGGGCA,1,3452275
tabA_predicted,0.3333333333333333,6,5,TACGGCATCTGCGGGTCTTA,1,3442607
tabA_predicted,0.3333333333333333,6,5,TAATACATTGATATGACTAT,1,3435605
tabA_predicted,0.3333333333333333,6,5,TAAACGTAAGAAACACTGTT,1,3462523
tabA_predicted,1.5,13,5,GTGGCTAGTGCATGGGAGAA,8,3456177
tabA_predicted,0.3333333333333333,6,5,GTGCCCGAAGTAGGAATGGC,1,3446884
tabA_predicted,0.3333333333333333,6,5,GTCAGCACCGCTCTCTCTGT,1,3446919
tabA_predicted,0.5,7,5,GTATAAGGGATCATGGCAGT,2,3448791
tabA_predicted,1.0,10,5,GCTCTGTTACACTGGACTTG,5,3452416
tabA_predicted,0.3333333333333333,6,5,GACGAGGTGCAGGTGGTCGC,1,3444862
tabA_predicted,1.3333333333333333,12,5,GAACGCGACGGGGTTCAGAG,7,3433254
tabA_predicted,0.3333333333333333,6,5,CTTGAGTTATCGTAAATTAT,1,3447733
tabA_predicted,0.5,7,5,CTGCTCTATGCGCGACGCTC,2,3457448
tabA_predicted,0.6666666666666666,8,5,CGTTCGTCCACTACGGCCAC,3,3445838
tabA_predicted,0.3333333333333333,6,5,CGCAACACCACTGGGAATAA,1,3433476
tabA_predicted,0.3333333333333333,6,5,CCGATACGATGATATAGCAG,1,3458792
tabA_predicted,0.3333333333333333,6,5,CCGACAAGTGATAATTTCCT,1,3433637
tabA_predicted,1.6666666666666667,14,5,CAAGGTCGGTGTTAGCCGGG,9,3451502
tabA_predicted,0.3333333333333333,6,5,CAACCTCGCGATATGGAACA,1,3439385
tabA_predicted,0.3333333333333333,6,5,ATTGTCCTGCAAATTCCGGT,1,3459966
tabA_predicted,0.3333333333333333,6,5,ATGTCAGGTCATTCATCTCT,1,3459061
tabA_predicted,0.3333333333333333,6,5,ATAGGCATCTTAAGCGATAT,1,3462682
tabA_predicted,0.3333333333333333,6,5,AGGAAGGAGACTTTCTGCTT,1,3444646
tabA_predicted,0.3333333333333333,6,5,AAACTACTCTTGGCATGGGA,1,3434907
tabA_predicted,0.3333333333333333,6,5,AAAAACTAAGAGGTGTGTCA,1,3457034
tabA_predicted,0.4,5,4,TTTTTGCCTTAGCGCGTGAA,1,3449882
tabA_predicted,1.2,9,4,TTCAAAAGCGCGAACTCGAG,5,3443992
tabA_predicted,0.4,5,4,TGTCCCGCCTAAGTTTACTA,1,3457707
tabA_predicted,0.4,5,4,TGGGCTTTGCCGAAGGGTTG,1,3441427
tabA_predicted,0.4,5,4,TGCCAGAGGCGAGGGCTTTC,1,3456270
tabA_predicted,0.6,6,4,TGCAGAATGTGAGTATACCT,2,3463182
tabA_predicted,0.4,5,4,TGAAGATTGGGTTGCCGGGA,1,3434715
tabA_predicted,0.4,5,4,TCGTATTGAAATCCAGTGAC,1,3438462
tabA_predicted,1.8,12,4,TCCTCTGGACTGCGTCGGAT,8,3441627
tabA_predicted,0.4,5,4,TCCAACTGATTCATAGAGGA,1,3438070
tabA_predicted,68.0,343,4,TACTGTAGGCATTGGCGGTG,339,3444231
tabA_predicted,0.6,6,4,TACGTCGGGGAACTAGCGAT,2,3466357
tabA_predicted,0.4,5,4,GTGGAGGAAGGGAGTCGGAG,1,3436599
tabA_predicted,0.4,5,4,GTAAACACGTGCGATGACCT,1,3451512
tabA_predicted,0.6,6,4,GGGAAACGAAGGTCGGTATC,2,3456275
tabA_predicted,0.4,5,4,GGAACTGCGTAGTGTATTTA,1,3462873
tabA_predicted,0.6,6,4,GCTCCGACTGGGAACACCTG,2,3451575
tabA_predicted,0.4,5,4,GATGAACGGAAGCATTTCGA,1,3445527
tabA_predicted,0.4,5,4,GAGCACGGACGTGCGGTTGG,1,3435735
tabA_predicted,1.0,8,4,GAATGACGAAGCGACAGGAA,4,3444501
tabA_predicted,0.4,5,4,GAAGTTGGCCTACCACGGTT,1,3464381
tabA_predicted,0.6,6,4,CCTGTTGGCAAGCAGCGAGC,2,3465430
tabA_predicted,0.4,5,4,CCTAGTTACGTCTACAAACA,1,3445624
tabA_predicted,0.4,5,4,CATGTGAATATGTTTGCTGC,1,3461483
tabA_predicted,0.4,5,4,CAGTATGCACCGCTGTGTAT,1,3445221
tabA_predicted,0.4,5,4,CACCGGACCGAAGTTACACC,1,3462917
tabA_predicted,0.4,5,4,CAACTCCGCTCTAATAGGTC,1,3463330
tabA_predicted,0.4,5,4,ATTAGGTGGGGTTAGAGGGA,1,3444512
tabA_predicted,0.4,5,4,ATGGTTGATGTAGATGGGGT,1,3437897
tabA_predicted,0.4,5,4,ATCCCGCATATCTTACATGA,1,3437572
tabA_predicted,0.4,5,4,AGTGTTTTTACCAGTGGGGC,1,3454244
tabA_predicted,0.4,5,4,AGAGCCCCTCGATCGACCGG,1,3457429
tabA_predicted,0.4,5,4,ACGTGAGACATGCGTTTAGT,1,3464182
tabA_predicted,0.4,5,4,ACCTGTAAGTGGAAGTTATG,1,3435420
tabA_predicted,0.4,5,4,ACAGCAAGGGCTGAAGCAGT,1,3456375
tabA_predicted,0.4,5,4,AACGGGAGCAGGCATAGGAC,1,3447394
tabA_predicted,0.5,4,3,TTTATAATGGCCTTAGTCGG,1,3452317
tabA_predicted,0.5,4,3,TGTCGGAGTAGAAAAGGAGG,1,3431389
tabA_predicted,0.5,4,3,TGTCACTTATCTCGACCATG,1,3443887
tabA_predicted,0.75,5,3,TGTACGCCCTGAAATTATTA,2,3439845
tabA_predicted,2.25,11,3,TGAGACGCGCAGTTTTATCG,8,3453018
tabA_predicted,0.5,4,3,TCTCAACTGTTGCACGTGCC,1,3439509
tabA_predicted,0.5,4,3,TCGGACTGTCGCGCTTCATC,1,3451943
tabA_predicted,0.5,4,3,TCCTCCTCGTCTAGTTGTCT,1,3465716
tabA_predicted,0.5,4,3,TACATTTCTATTTGATACAA,1,3462466
tabA_predicted,0.5,4,3,TACACGAAAACCAACCACAG,1,3455256
tabA_predicted,0.5,4,3,TAATGAGAACCCCTTAGCGG,1,3446988
tabA_predicted,0.75,5,3,GTGGGAGCGACCCCTTAGCG,2,3466280
tabA_predicted,1.0,6,3,GTCCACCCTTAGTCGCTAAA,3,3442409
tabA_predicted,0.5,4,3,GTAAGTGGCCCTTCTTGGGT,1,3438478
tabA_predicted,0.5,4,3,GGAAAGAGTGAATAATAGTA,1,3445301
tabA_predicted,0.5,4,3,GCCTATTATAGGTCTGGCTA,1,3462627
tabA_predicted,0.5,4,3,GCCTAACTACCGGGGTGCCC,1,3461307
tabA_predicted,0.5,4,3,GATAGGCCAATTCGCTTAAG,1,3456195
tabA_predicted,0.5,4,3,CTCTCCGGAACATACTGTCA,1,3462215
tabA_predicted,0.5,4,3,CGTCCACCTAACCACGCTTA,1,3459220
tabA_predicted,1.25,7,3,CGCATTTGGCCGTCTCAGCA,4,3442438
tabA_predicted,0.5,4,3,CGAGCGATCCGGCGAGAATG,1,3447689
tabA_predicted,2.25,11,3,CCTATGGGTGTACGGTGGAG,8,3462415
tabA_predicted,0.5,4,3,CATTACACTTTAATATATTA,1,3444666
tabA_predicted,0.5,4,3,CACCGCGGATCATCCTTTCA,1,3462490
tabA_predicted,0.5,4,3,CAAATAACCAAAGTGTCCTA,1,3453982
tabA_predicted,0.5,4,3,AGTGGGGATTGTCGCTTTGG,1,3452878
tabA_predicted,0.75,5,3,AGAATACTCAGGATCGCGGA,2,3443848
tabA_predicted,0.5,4,3,AAGATTAACTATGTATAGGG,1,3435795
tabA_predicted,1.0,4,2,TTTTTTCACGTGCGGGATTG,2,3463258
tabA_predicted,1.3333333333333333,5,2,TTGGCAATTGCACGTGGTGT,3,3464165
tabA_predicted,0.6666666666666666,3,2,TTCATAGGGCTACCCACTTG,1,3451756
tabA_predicted,1.6666666666666667,6,2,TGGGCCGGGAAAAATAGAGT,4,3465351
tabA_predicted,0.6666666666666666,3,2,TGCGAGTCGCAGCCTACCGG,1,3461664
tabA_predicted,0.6666666666666666,3,2,TCGTGTCAAGGCGCCCCCAC,1,3465758
tabA_predicted,4.666666666666667,15,2,TAATCGACGTATGTCAATTC,13,3434485
tabA_predicted,1.0,4,2,GGGTAGCGATTCCATTGAAC,2,3446410
tabA_predicted,0.6666666666666666,3,2,GCACGCCATACTTTCTTTGC,1,3438098
tabA_predicted,0.6666666666666666,3,2,GACTTGAGGAAGTGGTTAGT,1,3445062
tabA_predicted,3.3333333333333335,11,2,GACTAAAGATCCCATCTAGA,9,3446658
tabA_predicted,0.6666666666666666,3,2,GACGGTATTAAGATTAGTAC,1,3444549
tabA_predicted,0.6666666666666666,3,2,CTTCAGCGATTTAATACCGA,1,3432325
tabA_predicted,0.6666666666666666,3,2,CTTAGTGAGCGCACCGAGGT,1,3459600
tabA_predicted,0.6666666666666666,3,2,CGGAGGAAAACTTTCGTGCG,1,3456335
tabA_predicted,0.6666666666666666,3,2,CGGACAGATCCCTACGTAGA,1,3438498
tabA_predicted,0.6666666666666666,3,2,CGCTCTTGCGGTGCACGAAT,1,3453782
tabA_predicted,0.6666666666666666,3,2,CGCCGTGTGAGCCCGAGAGG,1,3452498
tabA_predicted,0.6666666666666666,3,2,CCGTCTCGCGTTCAAATGAT,1,3447105
tabA_predicted,0.6666666666666666,3,2,CACAAATTGCTCCACGCCGA,1,3455670
tabA_predicted,844.3333333333334,2534,2,CAAACCTTATCTTCTACTTA,2532,3457609
tabA_predicted,0.6666666666666666,3,2,ATTTTGAGGACGCTCAGTAA,1,3431381
tabA_predicted,0.6666666666666666,3,2,AGGCGAGTACGATCGCGTTG,1,3432299
tabA_predicted,1.0,4,2,AGGAGGCGCAACGGGTCTGG,2,3446087
tabA_predicted,0.6666666666666666,3,2,AGCGAGATGGCCGCATGACG,1,3450046
tabA_predicted,0.6666666666666666,3,2,AGACGCTGGGCCTCGCTCTC,1,3442092
tabA_predicted,1.3333333333333333,5,2,AGACACAACTCAGTTTGAAT,3,3444983
tabA_predicted,0.6666666666666666,3,2,ACTTCCATACGATCGAATTT,1,3457056
tabA_predicted,1.3333333333333333,5,2,ACGTTGGGATGCTCACAGTC,3,3451213
tabA_predicted,0.6666666666666666,3,2,AATTTACGCATATCCCGATT,1,3442513
tabA_predicted,4.666666666666667,15,2,AATCTACCTGTTTCGACACT,13,3436319
tabA_predicted,1.0,4,2,AAGCTCATTGCTGGCTACCG,2,3439479
tabA_predicted,1.0,4,2,AAGATCTCTTTTTCCTGCTC,2,3444000
tabA_predicted,0.6666666666666666,3,2,AAATCTAGTCTGCATGTAGC,1,3465023
tabA_predicted,1.0,2,1,TTTTGGTGTGTCTCATCAAG,1,3461757
tabA_predicted,1.0,2,1,TTACTGTATTGACTTTGTAC,1,3453525
tabA_predicted,2.5,5,1,TGTTGGGTTTGAATACGATC,4,3460625
tabA_predicted,1.0,2,1,TGGTGTCTTATGATTCAGCT,1,3436320
tabA_predicted,1.0,2,1,TGATGTCCTAGGTCAAGAGT,1,3461672
tabA_predicted,1.0,2,1,TGATGACCACGCGTTCCATT,1,3455307
tabA_predicted,1.5,3,1,TCTCTTTGGTTGGTTAATCA,2,3440530
tabA_predicted,1.5,3,1,TCTCGGAAGCTTGGATCTAA,2,3439900
tabA_predicted,1.0,2,1,TCGCGCAGCACTATGATATG,1,3444316
tabA_predicted,1.0,2,1,TCAAAGAAATAAGTCTCATA,1,3460267
tabA_predicted,2.0,4,1,TACTGTAAGGATTCCTCGGT,3,3442351
tabA_predicted,1.0,2,1,GTCTAAGATACCGAGGACAG,1,3455272
tabA_predicted,2.0,4,1,GTACCCGACCCATTTTTACT,3,3455878
tabA_predicted,11.5,23,1,GGTTTCGCTTAGGTCATTCA,22,3451643
tabA_predicted,1.0,2,1,GGGCTTTGCATAGAAACGGT,1,3453364
tabA_predicted,3.5,7,1,GGAGACTGCCGTAGAGGGAC,6,3455196
tabA_predicted,2.5,5,1,GCGTCGCCATACCTTCCGAT,4,3460623
tabA_predicted,2.5,5,1,GCGTACGAGACGGCTTTCTT,4,3459332
tabA_predicted,1.0,2,1,CTCGTATAAGCAGCCTCAGA,1,3445712
tabA_predicted,1.0,2,1,CTAGAGTGCCCTTCTCCCAT,1,3432571
tabA_predicted,1.0,2,1,CGATCACACTTTCGTACAAA,1,3437236
tabA_predicted,1.0,2,1,CAGGGCTTCATCGCGTTTCA,1,3465279
tabA_predicted,1.0,2,1,ATCCTTCCATCATGAGAATT,1,3437059
tabA_predicted,2.5,5,1,AGTATCACTTCCCTGACTTA,4,3431835
tabA_predicted,6.0,12,1,AGATTCAGGTCGGGGGTGTA,11,3433546
tabA_predicted,2.0,4,1,ACGTCGTATTATTCTCCCCT,3,3436938
tabA_predicted,1.5,3,1,ACATAATAAAAAAACCGCGA,2,3453118
tabA_predicted,1.0,2,1,ACAGGCTGTGACTAGCAGCT,1,3461248
tabA_predicted,3.5,7,1,ACACAAGGGATCTTTGTTTG,6,3437400
tabA_predicted,1.0,2,1,AAGTTAGAGTGTCACTCGAT,1,3439164
tabA_predicted,1.0,2,1,AACCAATCGTAAGTATATAA,1,3462919
tabA_predicted,0.008064516129032258,123,123,GTCAAGATATTTGTAACTTC,0,3432922
tabA_predicted,0.008547008547008548,116,116,AGGGCAAGACGCGGAATATG,0,3433423
tabA_predicted,0.009708737864077669,102,102,CCGGTCCGCAATAAGAGACT,0,3462160
tabA_predicted,0.010752688172043012,92,92,TCGGTCTGGAACCGTCGAAA,0,3437118
tabA_predicted,0.010869565217391304,91,91,GGCGCGCCGCGCACTCGCGT,0,3431251
tabA_predicted,0.010869565217391304,91,91,AGCGGAGACTCAGGTTCTTT,0,3443593
tabA_predicted,0.011111111111111112,89,89,CTCCCGCCGTGTGACCATCC,0,3431877
tabA_predicted,0.011235955056179775,88,88,GCACTGACAAGATGCTTTGT,0,3461200
tabA_predicted,0.011235955056179775,88,88,AACATCTAGAATTGTGGGAA,0,3431784
tabA_predicted,0.011494252873563218,86,86,GAGATCGTGGGGTCGGAATA,0,3441455
tabA_predicted,0.011494252873563218,86,86,ACGGGCGATTCGGAGTTGCG,0,3442905
tabA_predicted,0.011627906976744186,85,85,CAATGGTATCACTCCAGACA,0,3434724
tabA_predicted,0.011764705882352941,84,84,AAACATTCGCGTTAACGTGG,0,3435415
tabA_predicted,0.012048192771084338,82,82,ATGTTTGGAATTCTGTTGAT,0,3447820
tabA_predicted,0.012195121951219513,81,81,TGATATAATGTAAGGGATAC,0,3451662
tabA_predicted,0.012345679012345678,80,80,GGCGTACAGCAGGCGTTAAA,0,3457341
tabA_predicted,0.0125,79,79,GGCGACGGCTGGCAATAGCA,0,3436689
tabA_predicted,0.013157894736842105,75,75,GGCCTAGAGCAGAAACTCCG,0,3465884
tabA_predicted,0.013157894736842105,75,75,ATCTAGCCACCACGGGCTGC,0,3433636
tabA_predicted,0.013333333333333334,74,74,TATTGACCTGCCGGTATCTG,0,3440873
tabA_predicted,0.013513513513513514,73,73,GAAGCAAGAGCTGCAAAAGT,0,3440181
tabA_predicted,0.013513513513513514,73,73,CCGGTTAGGCAGACGCGCTA,0,3441264
tabA_predicted,0.0136986301369863,72,72,AGAGTACCGTTCCGTTCATA,0,3456580
tabA_predicted,0.013888888888888888,71,71,GCGCGACGGTATAAGTTGAT,0,3434294
tabA_predicted,0.013888888888888888,71,71,GAGTCACCTTGCCATGCCTT,0,3458533
tabA_predicted,0.013888888888888888,71,71,CTGAGTAAGGAGCGGAAAGC,0,3456664
tabA_predicted,0.014084507042253521,70,70,CGGCATAAACGTGACTGCTA,0,3460969
tabA_predicted,0.014285714285714285,69,69,GATCAAACAACAAAAGGTTT,0,3454335
tabA_predicted,0.014285714285714285,69,69,CTCTTACTGGACGGGTGCGT,0,3436451
tabA_predicted,0.014285714285714285,69,69,CAGGGGGAGGAATGAGGGGA,0,3432223
tabA_predicted,0.014492753623188406,68,68,TGCTTGCGATGTGACGAATT,0,3436514
tabA_predicted,0.014492753623188406,68,68,TCAGGTGTTACTATGGTGCA,0,3431323
tabA_predicted,0.014492753623188406,68,68,TCAGAACTTTTAGTCGCTAA,0,3448137
tabA_predicted,0.014492753623188406,68,68,CAACAAGGAGGACACCAGGT,0,3431630
tabA_predicted,0.014492753623188406,68,68,AGCGGTAAGCCGGTTAAAGA,0,3456009
tabA_predicted,0.014705882352941176,67,67,GAGTCATACCCAGGATATGA,0,3431958
tabA_predicted,0.014705882352941176,67,67,GACCTGCATATTCACATCTG,0,3432585
tabA_predicted,0.014705882352941176,67,67,AGACAGATACTGGCAATCTT,0,3437819
tabA_predicted,0.014925373134328358,66,66,TCCATCTTCTTTCGCGCGTA,0,3445312
tabA_predicted,0.014925373134328358,66,66,TATTTTAGTTCGGCCCTCAA,0,3432510
tabA_predicted,0.014925373134328358,66,66,CCGTACTCAACGTATGCGAC,0,3433345
tabA_predicted,0.014925373134328358,66,66,CCGCGCCGTGATCAGTTCTT,0,3461201
tabA_predicted,0.015151515151515152,65,65,TGGGGATCCTGAGGAGCCGT,0,3437798
tabA_predicted,0.015151515151515152,65,65,GGACATGTGAGTTTTACTGG,0,3459954
tabA_predicted,0.015151515151515152,65,65,CTAGCCACCTATATCCGGCG,0,3431749
tabA_predicted,0.015151515151515152,65,65,CGGTAGTAATACACGCGAAT,0,3432668
tabA_predicted,0.015384615384615385,64,64,TTCAGATCGATAAGCGTCCA,0,3437033
tabA_predicted,0.015384615384615385,64,64,GGCATTGCCTATTTCGCATG,0,3439974
tabA_predicted,0.015625,63,63,GGTCGAACGCTCGGAGCCCA,0,3435893
tabA_predicted,0.015625,63,63,GGGACTTGGCTACAGGGTCA,0,3447686
tabA_predicted,0.015625,63,63,GGCTACGCTACGCGTGGGTT,0,3445660
tabA_predicted,0.015625,63,63,ACTTTCTAGTAATAAGCGGT,0,3433684
tabA_predicted,0.015625,63,63,ACGACGTGGAACTTCGCATC,0,3431276
tabA_predicted,0.015873015873015872,62,62,GATGGCTTTGCGCCTCATAA,0,3452160
tabA_predicted,0.016129032258064516,61,61,TGGCGGGCTACGTGCGAAGA,0,3443202
tabA_predicted,0.016129032258064516,61,61,TCGCCTACTTATTGCTGGAA,0,3432651
tabA_predicted,0.016129032258064516,61,61,CTGTGCGTGACCGGGTCGTG,0,3432120
tabA_predicted,0.016129032258064516,61,61,CACGATGACTTGCCTTTATC,0,3432903
tabA_predicted,0.01639344262295082,60,60,CTTTGAAGTCTAAAGGATTG,0,3445245
tabA_predicted,0.016666666666666666,59,59,GTTTCCAGATCGTGTTAAAT,0,3435613
tabA_predicted,0.016666666666666666,59,59,GTTGGATGACGCCCGGGCAG,0,3457955
tabA_predicted,0.016666666666666666,59,59,CGGGGCGCTATAGGATTTGA,0,3444346
tabA_predicted,0.016666666666666666,59,59,ACAAGCATCTAAGTTAGTTC,0,3438004
tabA_predicted,0.01694915254237288,58,58,TGTTTGATTGCAGAGTTGAA,0,3465083
tabA_predicted,0.01694915254237288,58,58,CCATCGTTAATCTTAGGGAC,0,3438862
tabA_predicted,0.01694915254237288,58,58,AGAGACCGACTAGGTTGTAG,0,3447393
tabA_predicted,0.01694915254237288,58,58,AATGTCCTGTACATCGCCAT,0,3448255
tabA_predicted,0.017241379310344827,57,57,TGGCTGGGCTCCCGAGCTTT,0,3451035
tabA_predicted,0.017241379310344827,57,57,GTCAGTCACAGTACATTTGA,0,3437839
tabA_predicted,0.017241379310344827,57,57,GGTTCGGTGCGCTCCATGGA,0,3437538
tabA_predicted,0.017241379310344827,57,57,GGAACCTACCTGTACGGATA,0,3431730
tabA_predicted,0.017241379310344827,57,57,CTTTTTAGCTCGGGCCTATT,0,3454113
tabA_predicted,0.017241379310344827,57,57,CTTACCCTATAGATACCGCT,0,3454351
tabA_predicted,0.017241379310344827,57,57,CTGTCGTGCTAATAAAACTG,0,3449545
tabA_predicted,0.017241379310344827,57,57,CGATGAAGGAGCTATGTGAA,0,3455667
tabA_predicted,0.017241379310344827,57,57,CCACGCGACTGGTAGATGCC,0,3431443
tabA_predicted,0.017543859649122806,56,56,GTGTGGAAACACGTACGTTG,0,3437455
tabA_predicted,0.017543859649122806,56,56,GAGTCTTGTCTCACCCTTGA,0,3447842
tabA_predicted,0.017543859649122806,56,56,CTGGGGTTCTTCCGGATAAA,0,3457266
tabA_predicted,0.01818181818181818,54,54,TGAATCAGGTACCATCGCCA,0,3433933
tabA_predicted,0.01818181818181818,54,54,GCGGTCCATCCAGAAGTTGG,0,3449262
tabA_predicted,0.01818181818181818,54,54,GCGGTCCACTTTCCGGCCCG,0,3453817
tabA_predicted,0.01818181818181818,54,54,GACTAATTAACATATGACTT,0,3448609
tabA_predicted,0.01818181818181818,54,54,CGTATTGCCTCAATGTTTTG,0,3451945
tabA_predicted,0.01818181818181818,54,54,CGGTATCACTATTGTCTTAA,0,3434501
tabA_predicted,0.018518518518518517,53,53,TCAGAAACAGATGCGACAGT,0,3446840
tabA_predicted,0.018518518518518517,53,53,TATCAGTCTTGAGCTTATGT,0,3441301
tabA_predicted,0.018518518518518517,53,53,GGAGCATAAGAAAGGGTAGA,0,3451273
tabA_predicted,0.018518518518518517,53,53,GAATTGGGGGTTCGGAAAAA,0,3452449
tabA_predicted,0.018518518518518517,53,53,CTCAATTGTGGTACATTACT,0,3442399
tabA_predicted,0.018518518518518517,53,53,CGTTAAAGGGCTCTGGGGGC,0,3464176
tabA_predicted,0.018518518518518517,53,53,ATTACATCCACAATAAGTAT,0,3452715
tabA_predicted,0.018518518518518517,53,53,ACGAACAGAAAAATTAGTGT,0,3431988
tabA_predicted,0.018518518518518517,53,53,ACCATACAGTTAGTACTCAA,0,3433071
tabA_predicted,0.018867924528301886,52,52,TGTTCAAAGGTGTTTCTGAC,0,3437699
tabA_predicted,0.018867924528301886,52,52,TCCCTGGTCTGAAGTCCGCT,0,3435518
tabA_predicted,0.018867924528301886,52,52,TAGGGATTGACAAAGATATA,0,3443349
tabA_predicted,0.018867924528301886,52,52,GGTAGATCGCGACTAGGGCA,0,3435018
tabA_predicted,0.018867924528301886,52,52,GGGTCCCGTATCCTCAGGAG,0,3441431
tabA_predicted,0.018867924528301886,52,52,GGATTAAAACGATCAACCCC,0,3453215
tabA_predicted,0.018867924528301886,52,52,GCATTCGATCGTTCAGGCAT,0,3447311
tabA_predicted,0.018867924528301886,52,52,CGATTGGCAAGCCCCGACTA,0,3436637
tabA_predicted,0.018867924528301886,52,52,CCTACACATCAGACCATTAA,0,3442614
tabA_predicted,0.018867924528301886,52,52,CAGCCACATACGTATATTGT,0,3432695
tabA_predicted,0.018867924528301886,52,52,CACAGCGTATTAGGAAAGCT,0,3442643
tabA_predicted,0.018867924528301886,52,52,ATATCATAAACGCTTTCGCT,0,3438179
tabA_predicted,0.018867924528301886,52,52,ATAATCCGGCAACGTTCGTC,0,3445635
tabA_predicted,0.018867924528301886,52,52,ACGCGTGGGGCAACATCTTC,0,3443759
tabA_predicted,0.019230769230769232,51,51,TGGTGACTTGCCCGCGTTGG,0,3446437
tabA_predicted,0.019230769230769232,51,51,GTTGCCTTGATTTATGACCT,0,3438548
tabA_predicted,0.019230769230769232,51,51,GTCTAACGCATGCCTGTCTA,0,3431945
tabA_predicted,0.019230769230769232,51,51,GTACGTCTATGGTTTTAGGT,0,3442606
tabA_predicted,0.019230769230769232,51,51,GGTGCTATGCATCTAATAAT,0,3434067
tabA_predicted,0.019230769230769232,51,51,GGGTACCTTTCATCAAAAAG,0,3446641
tabA_predicted,0.019230769230769232,51,51,GGCAGCTCAAGGCCGGGAAG,0,3439335
tabA_predicted,0.019230769230769232,51,51,CTCAACCCACCATCCTATGA,0,3437214
tabA_predicted,0.019230769230769232,51,51,CTAGTGTTCGGTTCATACTT,0,3438723
tabA_predicted,0.019230769230769232,51,51,CGATATGAAAGAGGGCATTT,0,3437837
tabA_predicted,0.019230769230769232,51,51,CAGTTCTCGTGATGGCTATG,0,3444898
tabA_predicted,0.0196078431372549,50,50,TTTAGTTGTTTTCACGAGAT,0,3440103
tabA_predicted,0.0196078431372549,50,50,TCGCAACAGTATGTTGAGTT,0,3443058
tabA_predicted,0.0196078431372549,50,50,GCTTAGTAACCAAATTCGTA,0,3462738
tabA_predicted,0.0196078431372549,50,50,CTATTGACTTAACCTCGACT,0,3440950
tabA_predicted,0.0196078431372549,50,50,CGCTACCCATGTTGAGGGGA,0,3435054
tabA_predicted,0.0196078431372549,50,50,CATTCATGTTGAGCTCCTAC,0,3432193
tabA_predicted,0.0196078431372549,50,50,AGTTCTCATCTGCTTGCCTG,0,3432739
tabA_predicted,0.0196078431372549,50,50,AGTCGGTGCATGAAACTGGC,0,3449269
tabA_predicted,0.0196078431372549,50,50,ACCGAGAGGCGCCATAGCGG,0,3437619
tabA_predicted,0.02,49,49,TTGGATCACTGCTAGCCGCC,0,3437741
tabA_predicted,0.02,49,49,TGTTCATTTATAGGGTGATG,0,3431303
tabA_predicted,0.02,49,49,TGGTTGACGGTACGGAAGAT,0,3433910
tabA_predicted,0.02,49,49,TAATTGATAGACCAGTGTAA,0,3432101
tabA_predicted,0.02,49,49,GTCGCAGGCACGTGATTCTA,0,3437497
tabA_predicted,0.02,49,49,GTAGACTGCTCTTTAAAGCA,0,3436953
tabA_predicted,0.02,49,49,CTAGCAGGTGGCAATGTGAA,0,3446693
tabA_predicted,0.02040816326530612,48,48,TGGACTTTATCTGGCCAGAT,0,3439253
tabA_predicted,0.02040816326530612,48,48,TGCGCCGTTCCGTGCCGGTT,0,3463719
tabA_predicted,0.02040816326530612,48,48,TCACCTATCATAGTTAAATA,0,3435290
tabA_predicted,0.02040816326530612,48,48,TAGCCGGTTAAGGTAAGGTT,0,3443656
tabA_predicted,0.02040816326530612,48,48,TACTAATCTTGTCTCGACGT,0,3449703
tabA_predicted,0.02040816326530612,48,48,GTGGCTGGAGGACTATTGGC,0,3435892
tabA_predicted,0.02040816326530612,48,48,GTCCGATACCCCGAGAAAAA,0,3436169
tabA_predicted,0.02040816326530612,48,48,GTAGTGGTTCGATTGTAATT,0,3460647
tabA_predicted,0.02040816326530612,48,48,GTACACACCCCTCGTGGTAC,0,3453849
tabA_predicted,0.02040816326530612,48,48,GGCATCGCGGAGGTCTTTCT,0,3432489
tabA_predicted,0.02040816326530612,48,48,GGAGCGAAAAAGGCTCGTCC,0,3437393
tabA_predicted,0.02040816326530612,48,48,GCTATTGCAAGTGGATCCTG,0,3448792
tabA_predicted,0.02040816326530612,48,48,CGAGGTACTTGGGTTCTGGT,0,3446592
tabA_predicted,0.02040816326530612,48,48,CCAATGGGAGGGCTATGAGA,0,3457296
tabA_predicted,0.02040816326530612,48,48,CAGACTCCAAGCCCAGGAGT,0,3464694
tabA_predicted,0.02040816326530612,48,48,CAAGGGGGACGCAGTACACA,0,3435936
tabA_predicted,0.02040816326530612,48,48,CAACGTTCGAGACTCGATTG,0,3438020
tabA_predicted,0.02040816326530612,48,48,AGCATACGGCAGACTGAATA,0,3437539
tabA_predicted,0.02040816326530612,48,48,AAGATCCTTAACGAAGGTGT,0,3444931
tabA_predicted,0.020833333333333332,47,47,TATTAGGGCAATTAGAGACA,0,3458097
tabA_predicted,0.020833333333333332,47,47,TAATGACGTGGGTAAGCACT,0,3454757
tabA_predicted,0.020833333333333332,47,47,GCATACCGTGACAAGAGCTG,0,3461918
tabA_predicted,0.020833333333333332,47,47,CTCGGGGCGATAGAGGTGAT,0,3443916
tabA_predicted,0.020833333333333332,47,47,CGAGTAAAGTTCTGAAATCA,0,3436102
tabA_predicted,0.020833333333333332,47,47,CCCCAGTGACTCCAGCGAGG,0,3447582
tabA_predicted,0.020833333333333332,47,47,CCCATATACCGAGTGACGTC,0,3443408
tabA_predicted,0.020833333333333332,47,47,ATAGGTGTTGTTCATATCGT,0,3442815
tabA_predicted,0.020833333333333332,47,47,ACCGCTCATCTGGCTTTCGT,0,3432205
tabA_predicted,0.02127659574468085,46,46,TTGAGCAGCAACAGGAGGGT,0,3454007
tabA_predicted,0.02127659574468085,46,46,TGCGGACAGTACAGAGTTGT,0,3436666
tabA_predicted,0.02127659574468085,46,46,TCGAGGGTCCTCGCACTTCA,0,3448420
tabA_predicted,0.02127659574468085,46,46,TAGGCAGGTCCCCGGATAGC,0,3457915
tabA_predicted,0.02127659574468085,46,46,TAGCAAGATAGGCGAATTTT,0,3453687
tabA_predicted,0.02127659574468085,46,46,GTCTTGACGGCTTGATTTTG,0,3449325
tabA_predicted,0.02127659574468085,46,46,GGGGAATACAACTATGGTTT,0,3434427
tabA_predicted,0.02127659574468085,46,46,GGCCCGCGGATTACGCTACC,0,3443697
tabA_predicted,0.02127659574468085,46,46,GCAAGCTTTGTACTGGCGTA,0,3435416
tabA_predicted,0.02127659574468085,46,46,CGTGCTTGGAATTCTAGTCA,0,3464675
tabA_predicted,0.02127659574468085,46,46,ATGAGCAAGACTCCGTAGAA,0,3444959
tabA_predicted,0.02127659574468085,46,46,ATCGACGCTTACAAAACGCG,0,3438301
tabA_predicted,0.02127659574468085,46,46,ATATTCTACTAGGCCCAAGG,0,3444115
tabA_predicted,0.02127659574468085,46,46,AGGTTTGGCCGCACTGCCAA,0,3449203
tabA_predicted,0.021739130434782608,45,45,TTGGTGATTATCCCCTGTGA,0,3432511
tabA_predicted,0.021739130434782608,45,45,TTCGAGCTTTGAAGCAACTT,0,3461536
tabA_predicted,0.021739130434782608,45,45,TAGGCCAGACCGAGTGAATA,0,3452146
tabA_predicted,0.021739130434782608,45,45,TACATAGCTGGGACGTCGGC,0,3457847
tabA_predicted,0.021739130434782608,45,45,TAAAATTCCAATATGCAAAG,0,3448539
tabA_predicted,0.021739130434782608,45,45,GTGGAAGTCAAAGCCGAGGT,0,3440971
tabA_predicted,0.021739130434782608,45,45,GTCATAGACTAACAGGACCC,0,3464584
tabA_predicted,0.021739130434782608,45,45,GCTCACATAAACCATTGCCA,0,3436513
tabA_predicted,0.021739130434782608,45,45,GCGTGAAAGAACAGGCGTGT,0,3448944
tabA_predicted,0.021739130434782608,45,45,GAGCGGAAAACCGTCGTTAA,0,3432292
tabA_predicted,0.021739130434782608,45,45,CTGAATCTAAGGTCGAGTTT,0,3442136
tabA_predicted,0.021739130434782608,45,45,CGGGCAGGCCGCGTACTAGC,0,3452488
tabA_predicted,0.021739130434782608,45,45,AGTCGAATTCACTCAAGGTC,0,3444930
tabA_predicted,0.021739130434782608,45,45,AGCCCATCACAGGACTGTTT,0,3433901
tabA_predicted,0.022222222222222223,44,44,TTGACTACAGGGCTCGATAT,0,3439045
tabA_predicted,0.022222222222222223,44,44,TAGCAGAATAATGACCAGGT,0,3434667
tabA_predicted,0.022222222222222223,44,44,GTTTCCTCCGGTCTTGTTAA,0,3450721
tabA_predicted,0.022222222222222223,44,44,GTTGTGTGTCGTAAAAGATG,0,3464238
tabA_predicted,0.022222222222222223,44,44,GTGGGACGACCCAGATTTTT,0,3447868
tabA_predicted,0.022222222222222223,44,44,GGTGTGCAGCGAGTGGCGGG,0,3442342
tabA_predicted,0.022222222222222223,44,44,GGCACTGCCAGTATCATGCA,0,3449580
tabA_predicted,0.022222222222222223,44,44,GAGTTGCACTGTTGGGTCAC,0,3447972
tabA_predicted,0.022222222222222223,44,44,GAGGGCTACGTATAGTCGGA,0,3443244
tabA_predicted,0.022222222222222223,44,44,CTTTATACCATGCGTCCTCA,0,3455777
tabA_predicted,0.022222222222222223,44,44,CGGCAATACGTACGGCGACG,0,3449407
tabA_predicted,0.022222222222222223,44,44,CCAGATTGTGGGCCTGACAT,0,3463153
tabA_predicted,0.022222222222222223,44,44,CAGGAGTAGTCGAAAGGCGC,0,3453092
tabA_predicted,0.022222222222222223,44,44,CACCGCTAGAGAAAAATGAC,0,3452296
tabA_predicted,0.022222222222222223,44,44,CAACATAGAAAATGTTTACT,0,3454081
tabA_predicted,0.022222222222222223,44,44,ATATGGCTTCACGTGGTCCC,0,3447373
tabA_predicted,0.022222222222222223,44,44,ACCCATTTGACACCGGCCAA,0,3445314
tabA_predicted,0.022222222222222223,44,44,AAGACGCCACAACGCAGTCT,0,3438736
tabA_predicted,0.022727272727272728,43,43,TCTAGGGCATTCAAGATGCC,0,3433369
tabA_predicted,0.022727272727272728,43,43,TCCGCGTTGCAAAGGTGCTT,0,3434834
tabA_predicted,0.022727272727272728,43,43,GGTTCTGACGTCATTCTAAA,0,3446640
tabA_predicted,0.022727272727272728,43,43,GGTGGCGGAGACTCAATTAA,0,3463692
tabA_predicted,0.022727272727272728,43,43,GGTAAGGTTAACAGGACCCT,0,3450970
tabA_predicted,0.022727272727272728,43,43,GAGTCTTATTTCGTGACGTT,0,3452400
tabA_predicted,0.022727272727272728,43,43,GAACTTCAAGTTTTGCTAAT,0,3461003
tabA_predicted,0.022727272727272728,43,43,GAAAAACTGGCTTCCTCCCT,0,3434609
tabA_predicted,0.022727272727272728,43,43,CTCGCCAGAATCGAGTAAGG,0,3442317
tabA_predicted,0.022727272727272728,43,43,CTAGGATGCATAGCTCTTGT,0,3438201
tabA_predicted,0.022727272727272728,43,43,CGATGGAGTGTATCCGGTAC,0,3446237
tabA_predicted,0.022727272727272728,43,43,CCTGATGCCATCATGTAGGG,0,3464108
tabA_predicted,0.022727272727272728,43,43,AGGTCGCTGCAATCCGTAAA,0,3436955
tabA_predicted,0.022727272727272728,43,43,AGCCGCAGCACTGAAGCGCA,0,3438537
tabA_predicted,0.022727272727272728,43,43,AGAAACCTCTTGACCGCATT,0,3448886
tabA_predicted,0.022727272727272728,43,43,AATGAATCCCTTGCTCATAT,0,3438945
tabA_predicted,0.022727272727272728,43,43,AATCCAAGGCTTTTTCGGCT,0,3436189
tabA_predicted,0.022727272727272728,43,43,AAACTTAGTCCAGTAAATTT,0,3461352
tabA_predicted,0.023255813953488372,42,42,TTGCGGATGGTCGCGTCTTT,0,3442300
tabA_predicted,0.023255813953488372,42,42,TGTCGTCAATGGTATCTGTT,0,3432532
tabA_predicted,0.023255813953488372,42,42,TGGGTTTCGAGAGGACGATT,0,3455993
tabA_predicted,0.023255813953488372,42,42,TGGGGCAGCTCGATCGTACC,0,3462001
tabA_predicted,0.023255813953488372,42,42,GCGATGGCTTCCAATGTCAA,0,3441761
tabA_predicted,0.023255813953488372,42,42,GCCCTCTCGCCCTGCGTATA,0,3440745
tabA_predicted,0.023255813953488372,42,42,GATATATAGTTAACAGCCAT,0,3461270
tabA_predicted,0.023255813953488372,42,42,CTTTGAGTCGTGAGTTATAA,0,3456875
tabA_predicted,0.023255813953488372,42,42,CTAGTGAGTGAACTCACGTT,0,3457121
tabA_predicted,0.023255813953488372,42,42,CGTTGGGACAGCCGTGCTCT,0,3439333
tabA_predicted,0.023255813953488372,42,42,CCGGCATCTCCCGAAGGTAT,0,3437198
tabA_predicted,0.023255813953488372,42,42,CAGACCCGTAAGTGGCATTA,0,3431385
tabA_predicted,0.023255813953488372,42,42,CAACAGTGTTCGCTTACCGA,0,3440650
tabA_predicted,0.023255813953488372,42,42,AGGAGCAAAGGAGAGAAACG,0,3433023
tabA_predicted,0.023255813953488372,42,42,AGATGGTGAGAATCTCATCG,0,3433426
tabA_predicted,0.023255813953488372,42,42,AAGAGGGCGCTGTTTTACTG,0,3433214
tabA_predicted,0.023809523809523808,41,41,TTTGCTCAATTCTAGGGAAT,0,3450025
tabA_predicted,0.023809523809523808,41,41,TTGAGCAGCCGGTTCACGTA,0,3447813
tabA_predicted,0.023809523809523808,41,41,TGGGCTAAGCCAGATCTCCT,0,3438226
tabA_predicted,0.023809523809523808,41,41,TCAGAGAGGACTGTGGAACT,0,3457128
tabA_predicted,0.023809523809523808,41,41,GTGAGTCGAATTCCGTCCGT,0,3460120
tabA_predicted,0.023809523809523808,41,41,GTACTCGCCAGCGGGAAGGC,0,3451074
tabA_predicted,0.023809523809523808,41,41,GGTAGATACTTATTACTTCC,0,3450617
tabA_predicted,0.023809523809523808,41,41,GGGTGGCGCGCATACTACAG,0,3442559
tabA_predicted,0.023809523809523808,41,41,GGGGCAACGTCGCCCGTTGT,0,3452808
tabA_predicted,0.023809523809523808,41,41,GGGCACTATTCCGAGCGAGA,0,3438248
tabA_predicted,0.023809523809523808,41,41,GCTGCTGCAGCAATCCTTTT,0,3453217
tabA_predicted,0.023809523809523808,41,41,GCGTGCAGCGTCAGCCCACA,0,3438902
tabA_predicted,0.023809523809523808,41,41,CGTATGCGTTACCGCGTGTA,0,3451245
tabA_predicted,0.023809523809523808,41,41,CGCAGGCGTTCAAATGATGA,0,3463126
tabA_predicted,0.023809523809523808,41,41,CGCACCTAATATGTATGATC,0,3458754
tabA_predicted,0.023809523809523808,41,41,CCACTTGAGATGTATCGCCG,0,3436327
tabA_predicted,0.023809523809523808,41,41,CAGGTAAGCCCAAGCGGTTC,0,3444553
tabA_predicted,0.023809523809523808,41,41,CAGAAAAGGGAAATGGTCAA,0,3435227
tabA_predicted,0.023809523809523808,41,41,CAACGACTTGGCTGTAGATT,0,3435505
tabA_predicted,0.023809523809523808,41,41,ATTACACCGAACCCAGTGTG,0,3448748
tabA_predicted,0.023809523809523808,41,41,AGGTTTGGTGCTAGCGTATA,0,3456411
tabA_predicted,0.024390243902439025,40,40,TGTACGGGCGCGCTTCGCTC,0,3454278
tabA_predicted,0.024390243902439025,40,40,TCTTACAATGCTAGCTGAAA,0,3436462
tabA_predicted,0.024390243902439025,40,40,TACACGACGCGTCCGCACGT,0,3461436
tabA_predicted,0.024390243902439025,40,40,GGGGTCACCTGGCTTTGGAT,0,3435983
tabA_predicted,0.024390243902439025,40,40,GGCTGATACGCCGCCATGCA,0,3458067
tabA_predicted,0.024390243902439025,40,40,GGATCGAAATCGGGTAGGTA,0,3459958
tabA_predicted,0.024390243902439025,40,40,GGACTGCAAGGCCTCAGGCA,0,3450330
tabA_predicted,0.024390243902439025,40,40,GCCCCGCGCTAAGATAAGTA,0,3454415
tabA_predicted,0.024390243902439025,40,40,GCATCTTGAGGCTCTGAGAA,0,3451057
tabA_predicted,0.024390243902439025,40,40,GCAAGTACGACGCAAAAGGG,0,3438161
tabA_predicted,0.024390243902439025,40,40,CTCGATGATTAGAATTAAGG,0,3446137
tabA_predicted,0.024390243902439025,40,40,CTCAATAGCGCTTCTGGATT,0,3464540
tabA_predicted,0.024390243902439025,40,40,CCGGGGGTTTGGGAGATCCT,0,3441831
tabA_predicted,0.024390243902439025,40,40,CCAGAACAGGAGGTGGACCT,0,3450611
tabA_predicted,0.024390243902439025,40,40,CCACTATCAAACAAAACTAA,0,3433271
tabA_predicted,0.024390243902439025,40,40,AGCGCACCGGAATGCACCTT,0,3451845
tabA_predicted,0.024390243902439025,40,40,AGAAAGTAGTGCCTTGCTTT,0,3438113
tabA_predicted,0.024390243902439025,40,40,AAGACGTATAGGCTTTCATT,0,3434734
tabA_predicted,0.025,39,39,TGTGCTGACACCTGTTAGAA,0,3450428
tabA_predicted,0.025,39,39,TGCACGGGTTTTCAACAGTT,0,3464382
tabA_predicted,0.025,39,39,TGCAAGACCATAAGTTGGAA,0,3444192
tabA_predicted,0.025,39,39,TCAAAAAGCGAGGTACCTGA,0,3433024
tabA_predicted,0.025,39,39,TACCATATCAATCTATCCAA,0,3452206
tabA_predicted,0.025,39,39,GTGGCTACGTATGGAATGGT,0,3466087
tabA_predicted,0.025,39,39,GTCTGTGACCCACTCACGCT,0,3449162
tabA_predicted,0.025,39,39,GATTTAGGCCCGCTCTGTCA,0,3459899
tabA_predicted,0.025,39,39,GATGGCCAAGAATTAATCAA,0,3439874
tabA_predicted,0.025,39,39,GAAAGGCACGCCTGGATGAA,0,3457076
tabA_predicted,0.025,39,39,CTTTGCGAATCTAAACACGT,0,3461121
tabA_predicted,0.025,39,39,CGGAAGGGTGCTCTCTATTC,0,3433499
tabA_predicted,0.025,39,39,CCTCGTCGCTCTGAACGAGC,0,3464762
tabA_predicted,0.025,39,39,CAGTGACACGTCTAGACTAA,0,3460191
tabA_predicted,0.025,39,39,ATAATGTGTATCAAAGCGGT,0,3433114
tabA_predicted,0.025,39,39,AGCTAGGGCCGCACAGCCGT,0,3462002
tabA_predicted,0.025,39,39,AGCGACGCCGGCTGAATAAA,0,3443688
tabA_predicted,0.025,39,39,AGCCCGGCAGTCTTGACTGG,0,3442391
tabA_predicted,0.025,39,39,AATGGGGACCTCGCAAGTTC,0,3453721
tabA_predicted,0.02564102564102564,38,38,TTGACAAGAATGCAGCAGAC,0,3439363
tabA_predicted,0.02564102564102564,38,38,TGATGATGCGTCATTGTCAG,0,3450985
tabA_predicted,0.02564102564102564,38,38,TATGGCGTACTAAAGTTGTA,0,3447581
tabA_predicted,0.02564102564102564,38,38,TAAACTCGTAAATAGGTAAC,0,3451106
tabA_predicted,0.02564102564102564,38,38,GTAGCCGTACGGCCGACAGG,0,3434902
tabA_predicted,0.02564102564102564,38,38,GGCTAAGTACACTTGGCCCT,0,3452519
tabA_predicted,0.02564102564102564,38,38,GGCAAAAGGAAACGCCATAG,0,3449233
tabA_predicted,0.02564102564102564,38,38,GGAACCCTGTCCGATACAAA,0,3446170
tabA_predicted,0.02564102564102564,38,38,GCAGCTATCGCCTTTCCGCT,0,3440075
tabA_predicted,0.02564102564102564,38,38,GCAGCGATGGGGTTCGGTTA,0,3436151
tabA_predicted,0.02564102564102564,38,38,GCAGCATCTTGCCGGGAAAA,0,3440558
tabA_predicted,0.02564102564102564,38,38,CTTTTGATGGCGCACATTTT,0,3447351
tabA_predicted,0.02564102564102564,38,38,CTTTGGGAACCCACTATTTA,0,3445143
tabA_predicted,0.02564102564102564,38,38,CGGCTGGGGCTAGCTAAGCA,0,3453874
tabA_predicted,0.02564102564102564,38,38,CGCCTTCAGATTTCACCAAT,0,3442088
tabA_predicted,0.02564102564102564,38,38,CGAGACAGAAGCTCCATGAG,0,3461222
tabA_predicted,0.02564102564102564,38,38,CCGTCGCACTTCGATTGGTT,0,3456222
tabA_predicted,0.02564102564102564,38,38,CAGTCATGGGTGAGAAGACA,0,3446432
tabA_predicted,0.02564102564102564,38,38,ATGCGATTTGAAACGACCCT,0,3445781
tabA_predicted,0.02564102564102564,38,38,ATACCGCTGTTGGGGGTTAA,0,3433854
tabA_predicted,0.02564102564102564,38,38,AGGGCTCCTAGTTCCCCTAT,0,3459581
tabA_predicted,0.02564102564102564,38,38,AGAACTGGATTAGTGAGGGA,0,3448827
tabA_predicted,0.02564102564102564,38,38,ACGCCTTTACTCATTACAGA,0,3449236
tabA_predicted,0.02564102564102564,38,38,ACCGATCTAAGTGGGAAAAG,0,3439170
tabA_predicted,0.02564102564102564,38,38,AATGAGCAGTAGTATCCTCT,0,3458409
tabA_predicted,0.02564102564102564,38,38,AAGTCACAATGGGCTGGAGA,0,3450833
tabA_predicted,0.02631578947368421,37,37,TTTTACGTATTTTACTGCTA,0,3433445
tabA_predicted,0.02631578947368421,37,37,TTGCACCTCTTGCTCATTAG,0,3432553
tabA_predicted,0.02631578947368421,37,37,TGCCGGCTAGCCCCATTCTG,0,3431252
tabA_predicted,0.02631578947368421,37,37,TCACAGTTATGAGTGCTTTT,0,3455876
tabA_predicted,0.02631578947368421,37,37,TATTGAGTCGGACGCATCAG,0,3437163
tabA_predicted,0.02631578947368421,37,37,TATCCTTAATAAGTCGTCCC,0,3433965
tabA_predicted,0.02631578947368421,37,37,TATAGTAGAGCAGGTAGATA,0,3451579
tabA_predicted,0.02631578947368421,37,37,TAGGGATTCTTATACCCACT,0,3438714
tabA_predicted,0.02631578947368421,37,37,TAATCGAAAAAATATCCTTT,0,3435083
tabA_predicted,0.02631578947368421,37,37,GTTGCACAACGGATATAGCG,0,3435228
tabA_predicted,0.02631578947368421,37,37,GGTCTGTCACCTGTCTACGC,0,3436395
tabA_predicted,0.02631578947368421,37,37,GGCTGGAGAAGGTAGTTAGA,0,3436786
tabA_predicted,0.02631578947368421,37,37,GGATAAACCGCGGCCGCCCG,0,3436804
tabA_predicted,0.02631578947368421,37,37,GCTTAAAATTTGCTCATATT,0,3455865
tabA_predicted,0.02631578947368421,37,37,GCCGGTTAACGATTCTGGGT,0,3433210
tabA_predicted,0.02631578947368421,37,37,GCAGCGTCAGTATCGGCGAG,0,3436222
tabA_predicted,0.02631578947368421,37,37,CGTTCCACTCAAAGAATCAG,0,3455537
tabA_predicted,0.02631578947368421,37,37,CGACCGTGCCTGATGTCTCA,0,3460363
tabA_predicted,0.02631578947368421,37,37,CGAAGGATGCACTTAACTGA,0,3437419
tabA_predicted,0.02631578947368421,37,37,CGAACGTAGCCCAATATTCT,0,3444727
tabA_predicted,0.02631578947368421,37,37,CACGCGGGACGTAGAAGAAG,0,3441660
tabA_predicted,0.02631578947368421,37,37,ATCGAAGATACGTCTGATGT,0,3459036
tabA_predicted,0.02631578947368421,37,37,AGTCGTTTTAATCCGCACTG,0,3443554
tabA_predicted,0.02631578947368421,37,37,AAGCTATCAGTAATACCCGC,0,3452929
tabA_predicted,0.02631578947368421,37,37,AAGCAGGTTTCGTGGCATGA,0,3459066
tabA_predicted,0.02631578947368421,37,37,AACCATAAGCGGCGTACAGT,0,3436053
tabA_predicted,0.02702702702702703,36,36,TTAAAAGTCCTGGCGGAAGC,0,3448568
tabA_predicted,0.02702702702702703,36,36,TGTGCGAAAGGAGCGAGCAT,0,3443661
tabA_predicted,0.02702702702702703,36,36,TGCGCTTAATCGGATAGGGT,0,3436263
tabA_predicted,0.02702702702702703,36,36,TATGTGAGTGCACGTAGAAT,0,3436854
tabA_predicted,0.02702702702702703,36,36,TATCGGACTAAAGAAGTGAT,0,3439364
tabA_predicted,0.02702702702702703,36,36,TAAAGATCATGTTAGAAAGA,0,3440995
tabA_predicted,0.02702702702702703,36,36,GTATTGTTCGAACTGCCCAG,0,3463839
tabA_predicted,0.02702702702702703,36,36,GTAAATGTGTAGCTGATTAT,0,3440266
tabA_predicted,0.02702702702702703,36,36,GGGGTGCAAAGTCGTAATGC,0,3460822
tabA_predicted,0.02702702702702703,36,36,GGCTGTAGCGCGCATCTTTC,0,3452916
tabA_predicted,0.02702702702702703,36,36,GGCTCGATCGCTTCCCAGCA,0,3441644
tabA_predicted,0.02702702702702703,36,36,GCTCTAGGGGTATGAGGTAA,0,3432809
tabA_predicted,0.02702702702702703,36,36,GCAACTGCGGACGGGTTATT,0,3454377
tabA_predicted,0.02702702702702703,36,36,GCAAAGGGCGCAAGTCTTTT,0,3432360
tabA_predicted,0.02702702702702703,36,36,GATCAGCATCCTCCATAGTC,0,3446866
tabA_predicted,0.02702702702702703,36,36,GAATCAGCAGACATAAATTA,0,3433466
tabA_predicted,0.02702702702702703,36,36,GAACCAGTGGGGCAGTTGCC,0,3442621
tabA_predicted,0.02702702702702703,36,36,CTGAGTGTGGCACTAGGTCT,0,3433294
tabA_predicted,0.02702702702702703,36,36,CGGTTCATCATCAGTGGTGA,0,3433001
tabA_predicted,0.02702702702702703,36,36,CGCTGAGGTTGGGAATCACC,0,3434152
tabA_predicted,0.02702702702702703,36,36,CGATTTTTTTGACACCTGTT,0,3462639
tabA_predicted,0.02702702702702703,36,36,CCTTACGGAAGTACTAACAC,0,3447771
tabA_predicted,0.02702702702702703,36,36,CCTCTGGTAGGCGATTTCAC,0,3454300
tabA_predicted,0.02702702702702703,36,36,CCGTGTTCTAGGTGTATCAG,0,3447000
tabA_predicted,0.02702702702702703,36,36,CAGAATCATTTAGAGTTCAA,0,3452567
tabA_predicted,0.02702702702702703,36,36,CACAGCCGTCCGATTCTATG,0,3440187
tabA_predicted,0.02702702702702703,36,36,ATCAGTGTTATAGGATAGTA,0,3440085
tabA_predicted,0.02702702702702703,36,36,AGTGAAGCTAATTAGCCTTA,0,3435534
tabA_predicted,0.02702702702702703,36,36,AGTCGCCCCATGAACTGTCA,0,3459087
tabA_predicted,0.02702702702702703,36,36,AGGGCCAAGGGTCTGGCTTA,0,3435082
tabA_predicted,0.02702702702702703,36,36,AGCCCTGAGCGACCTGGCAT,0,3435587
tabA_predicted,0.02702702702702703,36,36,ACTTCGGGGTTTCCACCTCT,0,3455007
tabA_predicted,0.02702702702702703,36,36,ACCACGTGCACTCCCTAACA,0,3455464
tabA_predicted,0.027777777777777776,35,35,TTTTAACCGCGCGTTGTGTG,0,3448497
tabA_predicted,0.027777777777777776,35,35,TTCTTGCCCGTCGGCCGAGG,0,3455212
tabA_predicted,0.027777777777777776,35,35,TGCGGCATCCACCTGCCAGT,0,3454645
tabA_predicted,0.027777777777777776,35,35,TGAGACTTCATATCGTGGCT,0,3448075
tabA_predicted,0.027777777777777776,35,35,TATAATTAGTATGTTTGCAA,0,3442789
tabA_predicted,0.027777777777777776,35,35,GTGAAGACCGGGGCATCCTG,0,3433298
tabA_predicted,0.027777777777777776,35,35,GTATCCAATACGGCCACAGA,0,3433026
tabA_predicted,0.027777777777777776,35,35,GGGGAGTTGAGTACGACCAG,0,3433781
tabA_predicted,0.027777777777777776,35,35,GGATTCGCAAGTCTCTATTG,0,3449739
tabA_predicted,0.027777777777777776,35,35,GCTTTCGCGCATACAGATAT,0,3456010
tabA_predicted,0.027777777777777776,35,35,GCTTACTTAGGGTGTCGAAT,0,3463150
tabA_predicted,0.027777777777777776,35,35,GCGAATGCTTTGAGCCCAGC,0,3440422
tabA_predicted,0.027777777777777776,35,35,GCCCTTTATGCTAGGCTACA,0,3456039
tabA_predicted,0.027777777777777776,35,35,GCCAAACAGCACAGGCGCAA,0,3440393
tabA_predicted,0.027777777777777776,35,35,CTCGAGATTCCGGGGACTTA,0,3432738
tabA_predicted,0.027777777777777776,35,35,CTAACGGGGAAATAATTGTA,0,3433583
tabA_predicted,0.027777777777777776,35,35,CCGAGGACAAATGCAGGTGC,0,3462113
tabA_predicted,0.027777777777777776,35,35,CCATTGGAGAGGAGAAGATT,0,3433702
tabA_predicted,0.027777777777777776,35,35,CATCAGGGCATTGCAATGAA,0,3447269
tabA_predicted,0.027777777777777776,35,35,CAGTTGTCACCAATCGTCCA,0,3458547
tabA_predicted,0.027777777777777776,35,35,ATGGTGGCGACAAACACATT,0,3444926
tabA_predicted,0.027777777777777776,35,35,AGTACCAAGACGCCAAAAGA,0,3436521
tabA_predicted,0.027777777777777776,35,35,AGGACGGTTCTCAGTATATA,0,3435941
tabA_predicted,0.027777777777777776,35,35,AGCGTTGGCGAGGTGGCTAC,0,3452363
tabA_predicted,0.027777777777777776,35,35,AGAGGAGTGTTCGCGTATCG,0,3434193
tabA_predicted,0.027777777777777776,35,35,ACAGCTTTGTAATATTGACG,0,3441514
tabA_predicted,0.027777777777777776,35,35,AATGGCTCCCGAACCGCTTG,0,3436296
tabA_predicted,0.027777777777777776,35,35,AATATTTTCGATTGACATAG,0,3433036
tabA_predicted,0.027777777777777776,35,35,AAGCCAGGCAGGGAAGTAAC,0,3434343
tabA_predicted,0.027777777777777776,35,35,AAGATAGCGGTATTGTTAAG,0,3437745
tabA_predicted,0.027777777777777776,35,35,AACCTAGTCCTTAGGCCATA,0,3441302
tabA_predicted,0.027777777777777776,35,35,AAAAGGGTCGCACAAACATT,0,3443901
tabA_predicted,0.02857142857142857,34,34,TTTAAGCGCCAGGAGGAGGC,0,3436067
tabA_predicted,0.02857142857142857,34,34,TTGGGGCGTCCTACTTATCA,0,3460673
tabA_predicted,0.02857142857142857,34,34,TTCGAGATATGATACCGATG,0,3441607
tabA_predicted,0.02857142857142857,34,34,TTATGCTCGGGCGGTACATC,0,3439312
tabA_predicted,0.02857142857142857,34,34,TGGGTTGAGCGATCGTGGTT,0,3444318
tabA_predicted,0.02857142857142857,34,34,TGGATTGTGATTCGTTAATA,0,3441100
tabA_predicted,0.02857142857142857,34,34,TCAGGACATACCATAGTAAA,0,3432007
tabA_predicted,0.02857142857142857,34,34,TATCGCGTATTTCCCCATTC,0,3441521
tabA_predicted,0.02857142857142857,34,34,TACTCAATGCGCACGATCTA,0,3432347
tabA_predicted,0.02857142857142857,34,34,TAAGGGCTCACCACAATGTT,0,3440363
tabA_predicted,0.02857142857142857,34,34,GGTCAAGATGAAAGGCTTGG,0,3437874
tabA_predicted,0.02857142857142857,34,34,GGGGGAGCGCATCCAGTCTT,0,3447465
tabA_predicted,0.02857142857142857,34,34,GGGAGCCGTCTCCATGAAGC,0,3433097
tabA_predicted,0.02857142857142857,34,34,GGAAATAAAATTCACCGACA,0,3449504
tabA_predicted,0.02857142857142857,34,34,GCTCTAGTGGCGCAGTACTT,0,3433498
tabA_predicted,0.02857142857142857,34,34,GCTCCGGGGGCTAAGCTTTC,0,3432122
tabA_predicted,0.02857142857142857,34,34,GCGATGGCGATCCGTCCCGG,0,3443566
tabA_predicted,0.02857142857142857,34,34,GACTTTCCAAGTTGCTACTT,0,3443473
tabA_predicted,0.02857142857142857,34,34,CTTGTTGCTCATGTTCCTTC,0,3461229
tabA_predicted,0.02857142857142857,34,34,CTCACAGCTCTCCACCTAGT,0,3439879
tabA_predicted,0.02857142857142857,34,34,CGGTTAGTGAGTATTCGGCT,0,3437939
tabA_predicted,0.02857142857142857,34,34,CGGTGGACCTTACTCCTGAT,0,3439854
tabA_predicted,0.02857142857142857,34,34,CGCCTCATCGTGGTATTTAA,0,3463412
tabA_predicted,0.02857142857142857,34,34,CCACGACCCTGGGTGCATTA,0,3452653
tabA_predicted,0.02857142857142857,34,34,CATGGATCTGGTGTACGGAT,0,3439837
tabA_predicted,0.02857142857142857,34,34,CAACAGATTTCGACCAGGCA,0,3440370
tabA_predicted,0.02857142857142857,34,34,ATCGAATAGGCAGACCGTCT,0,3435589
tabA_predicted,0.02857142857142857,34,34,AGGCTTTGGGACAACGGTGA,0,3434903
tabA_predicted,0.02857142857142857,34,34,AGAGAATGGCCGCTTTTCGC,0,3434605
tabA_predicted,0.02857142857142857,34,34,ACGCTCTCATTCGAGGGGAA,0,3441890
tabA_predicted,0.02857142857142857,34,34,AAGAAGAACGATAGATTTCC,0,3453011
tabA_predicted,0.02857142857142857,34,34,AACACCGCCAAAGAAGCTGT,0,3438471
tabA_predicted,0.029411764705882353,33,33,TTGACGCAGTGTGATATTGT,0,3446443
tabA_predicted,0.029411764705882353,33,33,TGTGAGGCTGATGGACACTG,0,3442253
tabA_predicted,0.029411764705882353,33,33,TCGTAAACGATTGAGTTTGG,0,3459162
tabA_predicted,0.029411764705882353,33,33,TCGACATGTGTGTCCGACAG,0,3453162
tabA_predicted,0.029411764705882353,33,33,GTTGCACGTGGTTGTGCAAC,0,3444319
tabA_predicted,0.029411764705882353,33,33,GGCGACTGGGATGGGTCATG,0,3447903
tabA_predicted,0.029411764705882353,33,33,GGCCTATAGATTAATGCAGC,0,3450401
tabA_predicted,0.029411764705882353,33,33,GGCACATAAGATGGTTAGTG,0,3438738
tabA_predicted,0.029411764705882353,33,33,GCCAAGGCTTGGTCCATTGC,0,3451340
tabA_predicted,0.029411764705882353,33,33,GCACAGTCGGGAAAGGTAAT,0,3443381
tabA_predicted,0.029411764705882353,33,33,GCAAAATCAGTGGGTCGCCG,0,3432519
tabA_predicted,0.029411764705882353,33,33,GATGGGGTGGAGTTACGAAG,0,3464719
tabA_predicted,0.029411764705882353,33,33,GAGTCATACTATTTGCCGTG,0,3434388
tabA_predicted,0.029411764705882353,33,33,GAACCTGAAAAGCTTGGCAT,0,3441085
tabA_predicted,0.029411764705882353,33,33,CTGGTCTGACTCTACGTCTA,0,3451404
tabA_predicted,0.029411764705882353,33,33,CTCTTAATGATCTACTTAAA,0,3456169
tabA_predicted,0.029411764705882353,33,33,CTATACCCAAAGCCCCGATT,0,3455408
tabA_predicted,0.029411764705882353,33,33,CGTTAGTTCTACAGGAGCAG,0,3443175
tabA_predicted,0.029411764705882353,33,33,CGAGTTGACTCTGCACTCGG,0,3454254
tabA_predicted,0.029411764705882353,33,33,CCTAATCGGATCGTAAGGAC,0,3450517
tabA_predicted,0.029411764705882353,33,33,CCTAAGTACGTAGCTTTCAT,0,3455682
tabA_predicted,0.029411764705882353,33,33,CATTAAAAGATTTCAAATTG,0,3452674
tabA_predicted,0.029411764705882353,33,33,CAGGCGCCGGTTTTAAAGTT,0,3462680
tabA_predicted,0.029411764705882353,33,33,CACGGATTTGCCTTTTATAA,0,3452930
tabA_predicted,0.029411764705882353,33,33,CAAATAACCTCGGGTATCGA,0,3460064
tabA_predicted,0.029411764705882353,33,33,ATTCAGGGCGCCGAAACTTT,0,3458556
tabA_predicted,0.029411764705882353,33,33,AGTGGTTCTGCTGGGTAGAC,0,3458024
tabA_predicted,0.029411764705882353,33,33,AGGTTCACATAACAAGGTTT,0,3450434
tabA_predicted,0.029411764705882353,33,33,AGGATCAAGCATACCCGCGA,0,3438367
tabA_predicted,0.029411764705882353,33,33,AGAACCCGCCCTTCCTAAAA,0,3436710
tabA_predicted,0.029411764705882353,33,33,ACGCATGGTGCGCCCTGTGA,0,3446004
tabA_predicted,0.029411764705882353,33,33,ACAGCGGCAATCGCCCGCGT,0,3464533
tabA_predicted,0.029411764705882353,33,33,AAAACGTATACCCACCGTAT,0,3440183
tabA_predicted,0.030303030303030304,32,32,TTGGCGTGCGTCACGCAGTG,0,3437228
tabA_predicted,0.030303030303030304,32,32,TGGGCTGGCTGAAGGTTCCG,0,3443335
tabA_predicted,0.030303030303030304,32,32,TGGGCTATGGCGGTCGGTGG,0,3433957
tabA_predicted,0.030303030303030304,32,32,TGAGAGGGGTGCGGACGCAT,0,3462839
tabA_predicted,0.030303030303030304,32,32,TGACGATTATCAGAGGGTGA,0,3461827
tabA_predicted,0.030303030303030304,32,32,TCTCCAGGCTTACCATGCTG,0,3458981
tabA_predicted,0.030303030303030304,32,32,TCACAGTATGTCGGAGCTGT,0,3437744
tabA_predicted,0.030303030303030304,32,32,TACCTACTTACCAACCCTGA,0,3438906
tabA_predicted,0.030303030303030304,32,32,TACCATGGTTGGGTAAGGCT,0,3435571
tabA_predicted,0.030303030303030304,32,32,TACAGCGGGGCCTCATCAGA,0,3452167
tabA_predicted,0.030303030303030304,32,32,GTCTCGTACCACCGGAATGT,0,3452457
tabA_predicted,0.030303030303030304,32,32,GTCCTGGAGGACGAAGCGAC,0,3441216
tabA_predicted,0.030303030303030304,32,32,GTAAGTGTCGCGTCAAGTAC,0,3465014
tabA_predicted,0.030303030303030304,32,32,GTAAACGTCCATACAGTGTT,0,3457654
tabA_predicted,0.030303030303030304,32,32,GGGGTCGCGGACGTGACATT,0,3440238
tabA_predicted,0.030303030303030304,32,32,GGCATAACAACAGCCTCCCT,0,3451343
tabA_predicted,0.030303030303030304,32,32,GGCAGCGCATACTTTGGCGC,0,3435118
tabA_predicted,0.030303030303030304,32,32,GCGCACTTCCCATTTGGAAT,0,3439975
tabA_predicted,0.030303030303030304,32,32,GCGACGGTTCAGCTCCCGTC,0,3457895
tabA_predicted,0.030303030303030304,32,32,GCCCTATTGCGGCCCCCTGT,0,3452899
tabA_predicted,0.030303030303030304,32,32,GCAAGGGAGGATGTTTAGGG,0,3453497
tabA_predicted,0.030303030303030304,32,32,GATTTGGAACCAATTGACCT,0,3440391
tabA_predicted,0.030303030303030304,32,32,GATTATGGCATCACAGGGCA,0,3433244
tabA_predicted,0.030303030303030304,32,32,GATAGGCTTGTTCCCAGATC,0,3442498
tabA_predicted,0.030303030303030304,32,32,GAATGGTGCGTGTATTGGAA,0,3450207
tabA_predicted,0.030303030303030304,32,32,GAATCGGGGCCTGGACGATA,0,3453695
tabA_predicted,0.030303030303030304,32,32,GAAAGCGGCAGTAGGTGGTA,0,3444534
tabA_predicted,0.030303030303030304,32,32,CTAGGTAGGCGGTTAAGCTA,0,3448668
tabA_predicted,0.030303030303030304,32,32,CCTATTGTGTCTAGCTAACA,0,3456723
tabA_predicted,0.030303030303030304,32,32,CCAGGCTCGCGAGTGAAGAA,0,3450591
tabA_predicted,0.030303030303030304,32,32,CATGACACGCGGTTGGTAAT,0,3442461
tabA_predicted,0.030303030303030304,32,32,CACACGTACTGATGGCATCA,0,3456802
tabA_predicted,0.030303030303030304,32,32,CAATTGGCCGTAGCAGGAGC,0,3448515
tabA_predicted,0.030303030303030304,32,32,ATGTTGGTGTATCTTCCGTT,0,3431788
tabA_predicted,0.030303030303030304,32,32,ATATCGTAGCTTCCAAATAT,0,3457194
tabA_predicted,0.030303030303030304,32,32,ATAGGATCAAATTCTTAGGC,0,3461471
tabA_predicted,0.030303030303030304,32,32,AGTGTATAGCCTAGACAAGA,0,3438160
tabA_predicted,0.030303030303030304,32,32,AGGGAAGCGCCCAACACTCC,0,3435107
tabA_predicted,0.030303030303030304,32,32,AGCGGTTAACGTTCTGTGCT,0,3453189
tabA_predicted,0.030303030303030304,32,32,AGCGGAAAGCCTCGTAGGGA,0,3442035
tabA_predicted,0.030303030303030304,32,32,ACTGATTCATGCTTGGTTCG,0,3443698
tabA_predicted,0.030303030303030304,32,32,ACCCAATGACATGCTTGTGT,0,3431226
tabA_predicted,0.030303030303030304,32,32,AAGCACTTCTAAAGGGAAGG,0,3465419
tabA_predicted,0.030303030303030304,32,32,AAGAGAACGTCTAAGCTGCC,0,3454747
tabA_predicted,0.030303030303030304,32,32,AACTTGTACGCTCACGCAGC,0,3440564
tabA_predicted,0.030303030303030304,32,32,AAAAATCACGAAGCAGGAAG,0,3463048
tabA_predicted,0.03125,31,31,TTTTAGACAATGGCTAATAT,0,3451459
tabA_predicted,0.03125,31,31,TTACATCTGACGTACGCAGA,0,3437585
tabA_predicted,0.03125,31,31,TGTCTCTTATAAGGCTGAGG,0,3433934
tabA_predicted,0.03125,31,31,TGCGTAAATGTGTGTATGGC,0,3433530
tabA_predicted,0.03125,31,31,TGCCGCCACTAATGACAGAG,0,3454251
tabA_predicted,0.03125,31,31,TGCCCGCTGTCCTATCCAAC,0,3465422
tabA_predicted,0.03125,31,31,TCGACGATGTTCAGATAATT,0,3453245
tabA_predicted,0.03125,31,31,TCCACGACTACAGCCACAGT,0,3464868
tabA_predicted,0.03125,31,31,TCAATGTGAACGATTGCTGT,0,3459296
tabA_predicted,0.03125,31,31,TCAAGTTTTGGTCGGTGAAT,0,3439836
tabA_predicted,0.03125,31,31,TATGAGGGTTCGCGGGCTTA,0,3435428
tabA_predicted,0.03125,31,31,TATCTCAGTAATTCAAGATC,0,3454302
tabA_predicted,0.03125,31,31,TACGCTCCGGACTACTAGCG,0,3459435
tabA_predicted,0.03125,31,31,GTTAGGCAATTGTCGTCGAT,0,3433935
tabA_predicted,0.03125,31,31,GTTAGGACAACTTAGAGGCA,0,3452289
tabA_predicted,0.03125,31,31,GTCTTTTCCAGCTTAAGCTT,0,3445021
tabA_predicted,0.03125,31,31,GTCCCCCGTGAACGGAAGTT,0,3441125
tabA_predicted,0.03125,31,31,GTCCCCAATTGGATAGTCCT,0,3441838
tabA_predicted,0.03125,31,31,GTATCTGAAGGCGTTCTCAA,0,3431386
tabA_predicted,0.03125,31,31,GTACGATAGCGGACGTGTTG,0,3457339
tabA_predicted,0.03125,31,31,GGTGCAGTTTTACCAGGGTA,0,3443594
tabA_predicted,0.03125,31,31,GGCGATGGGGTCATGAAGGA,0,3443131
tabA_predicted,0.03125,31,31,GGAGTTCGAGATGGAGCTGG,0,3455727
tabA_predicted,0.03125,31,31,GCGGAATCAGCAACTGACTT,0,3442048
tabA_predicted,0.03125,31,31,GCAGGCGAAAATATGCTGAT,0,3441685
tabA_predicted,0.03125,31,31,GAGTGTTAGTGATGTCTTGA,0,3451136
tabA_predicted,0.03125,31,31,GACATTAATGCATTTTCGGT,0,3451496
tabA_predicted,0.03125,31,31,CTGTGAGTACGTGTATTCCT,0,3432754
tabA_predicted,0.03125,31,31,CTGGAGACATTTTTTGGAGC,0,3446746
tabA_predicted,0.03125,31,31,CTCGAAATAGATAATCGTGG,0,3438622
tabA_predicted,0.03125,31,31,CTAGACGGTTGGTTAGATGC,0,3439368
tabA_predicted,0.03125,31,31,CGTGGAACATATTTCGGGAC,0,3434460
tabA_predicted,0.03125,31,31,CGGTTCTTCCAATGATGCGT,0,3461203
tabA_predicted,0.03125,31,31,CGGTGGCAGTCGGGCAACGT,0,3433870
tabA_predicted,0.03125,31,31,CCGTGCAATGTCTCACGGCG,0,3435257
tabA_predicted,0.03125,31,31,CCCGGCGTCGGACATGGCTC,0,3434608
tabA_predicted,0.03125,31,31,CCCAAGCAAGATTTTCTTAT,0,3440797
tabA_predicted,0.03125,31,31,CCACATGCCACACCTTACGT,0,3448135
tabA_predicted,0.03125,31,31,CATCTCTGATCAAGTGGGAG,0,3465247
tabA_predicted,0.03125,31,31,CAGTTATCAAGCTTCTTCTG,0,3440022
tabA_predicted,0.03125,31,31,CAAAGCGTTGGTCCTTTGAC,0,3437322
tabA_predicted,0.03125,31,31,ATCGGTCGGTTACTATTGTT,0,3446892
tabA_predicted,0.03125,31,31,ATCGCGTGTTCTTTAGCTGG,0,3437754
tabA_predicted,0.03125,31,31,ATCCGCAAAAAGTTTTAATT,0,3461522
tabA_predicted,0.03125,31,31,AGTGAGTGGGCAGGTACCGG,0,3443354
tabA_predicted,0.03125,31,31,AGTATGGACGACGCGTGGAT,0,3443761
tabA_predicted,0.03125,31,31,AGCGTTTTTGAAGTTAGCCC,0,3450350
tabA_predicted,0.03125,31,31,AGCGGGGGGAAACGGGAACC,0,3439176
tabA_predicted,0.03125,31,31,AGCCGGTGATGAATCATTCA,0,3462438
tabA_predicted,0.03125,31,31,ACACGATCCCGGGACGCGCT,0,3450685
tabA_predicted,0.03125,31,31,AAGGGTAAGCCAGGTTCTTC,0,3456397
tabA_predicted,0.03125,31,31,AACGGCATGTCTTCCTCCAC,0,3451246
tabA_predicted,0.03125,31,31,AACCAGCTGAACGCTCGGAT,0,3455032
tabA_predicted,0.03225806451612903,30,30,TTTCCGTGGACAACGACAAA,0,3464347
tabA_predicted,0.03225806451612903,30,30,TTGGTAGGTGTGAAGAGGTA,0,3439311
tabA_predicted,0.03225806451612903,30,30,TTCTGTGCATAGGTACAACT,0,3459849
tabA_predicted,0.03225806451612903,30,30,TGTTTGGGTTGGCCTTAGAG,0,3456485
tabA_predicted,0.03225806451612903,30,30,TGGTATACCTTACCCGACGC,0,3465576
tabA_predicted,0.03225806451612903,30,30,TGGCCTATACGCCTGAGTTA,0,3449452
tabA_predicted,0.03225806451612903,30,30,TGCAGTCCGAGCTCACTCTC,0,3434235
tabA_predicted,0.03225806451612903,30,30,TCTTACGAGTTTTTGGTTAC,0,3460510
tabA_predicted,0.03225806451612903,30,30,TCGAAGTGAGATGACATCTT,0,3444303
tabA_predicted,0.03225806451612903,30,30,TCAACCATTGGAGAGGCTTA,0,3442343
tabA_predicted,0.03225806451612903,30,30,TCAAAGTTAAAACGTGTCCA,0,3435258
tabA_predicted,0.03225806451612903,30,30,TCAAAGCTCGTTGCTTACCC,0,3462716
tabA_predicted,0.03225806451612903,30,30,TAGTGGCCCGGCCATCCAGC,0,3440567
tabA_predicted,0.03225806451612903,30,30,TACCTGTATCCAGACAAGCC,0,3441918
tabA_predicted,0.03225806451612903,30,30,TACAATCCAGTTATAACGAC,0,3464212
tabA_predicted,0.03225806451612903,30,30,GTTAGATCGACGAACCGTCC,0,3458103
tabA_predicted,0.03225806451612903,30,30,GGTCCAGTAGCGTTGCTCGA,0,3449845
tabA_predicted,0.03225806451612903,30,30,GGTAAGCGGCATCTCGGCAT,0,3455825
tabA_predicted,0.03225806451612903,30,30,GGCGTATCGCGCGAGAACCA,0,3437365
tabA_predicted,0.03225806451612903,30,30,GGCATTTCGCACTTAGCAAG,0,3450882
tabA_predicted,0.03225806451612903,30,30,GGATTAGAGGGCGCGTTACT,0,3435667
tabA_predicted,0.03225806451612903,30,30,GAGCTCAGCAAGAGACCTAT,0,3460688
tabA_predicted,0.03225806451612903,30,30,GAAAACGCCGGATCAAAAGA,0,3443987
tabA_predicted,0.03225806451612903,30,30,CTTTTATCATGGGCTAATCA,0,3432802
tabA_predicted,0.03225806451612903,30,30,CTGGTACCGCGGCCTCCGGC,0,3432168
tabA_predicted,0.03225806451612903,30,30,CGCGGATAAATCTAAGAAGC,0,3449929
tabA_predicted,0.03225806451612903,30,30,CGCAGTGATCGAGCTTGGTT,0,3431451
tabA_predicted,0.03225806451612903,30,30,CCTTCATAGGAGAGTCGTTA,0,3443758
tabA_predicted,0.03225806451612903,30,30,CCGTGTAGGTAGCTTCCGGA,0,3462230
tabA_predicted,0.03225806451612903,30,30,CCGAATTAGCCCCGCATATC,0,3443581
tabA_predicted,0.03225806451612903,30,30,CCCACATATCTCAGGCACCC,0,3452033
tabA_predicted,0.03225806451612903,30,30,CCAGCAATGATATTGATGTT,0,3459376
tabA_predicted,0.03225806451612903,30,30,CCACTTCATCGGGTAACGAG,0,3452494
tabA_predicted,0.03225806451612903,30,30,CCACCAATAACAGGTAAGAA,0,3465095
tabA_predicted,0.03225806451612903,30,30,CATCTGGGCAAGCAACAAGC,0,3435264
tabA_predicted,0.03225806451612903,30,30,CATCAATGTCCAAACACCCC,0,3453749
tabA_predicted,0.03225806451612903,30,30,ATTTCAGTTCTTCGTGAGCT,0,3439711
tabA_predicted,0.03225806451612903,30,30,ATTCCAGGTTGCTTATCTTC,0,3435327
tabA_predicted,0.03225806451612903,30,30,ATGCATCATCACCTGGTGCT,0,3464334
tabA_predicted,0.03225806451612903,30,30,AGGATGAACCCTAATGTCCA,0,3449774
tabA_predicted,0.03225806451612903,30,30,AGGACCTCGGCGCTTAATAA,0,3442742
tabA_predicted,0.03225806451612903,30,30,AGCAATAGGTCATATGGTCT,0,3463104
tabA_predicted,0.03225806451612903,30,30,ACTCGATCCGCTGCTTAGGG,0,3461176
tabA_predicted,0.03225806451612903,30,30,ACGTGGATTATTTGAACTCA,0,3454776
tabA_predicted,0.03225806451612903,30,30,ACGGTACGATGTATTCACCT,0,3442846
tabA_predicted,0.03225806451612903,30,30,ACATCGTAGTTAACCACACT,0,3465627
tabA_predicted,0.03225806451612903,30,30,ACAGTGGTCACAGTCGGGAA,0,3459832
tabA_predicted,0.03225806451612903,30,30,AATTCAGCGTCAGAAACGCT,0,3438463
tabA_predicted,0.03225806451612903,30,30,AAGCACCAATTGCCCCTCAG,0,3453663
tabA_predicted,0.03333333333333333,29,29,TTGCTAGAATGGTAGTATTC,0,3451577
tabA_predicted,0.03333333333333333,29,29,TTAGGATTTTGTTAGAAAGG,0,3456528
tabA_predicted,0.03333333333333333,29,29,TTACCGACGGGACAGGAAAA,0,3438975
tabA_predicted,0.03333333333333333,29,29,TGTAGTGAGGGTCCAATCTC,0,3438847
tabA_predicted,0.03333333333333333,29,29,TGCTTGGTGCCAGCGGGATG,0,3452721
tabA_predicted,0.03333333333333333,29,29,TGCCGATATTTTAAGAACAG,0,3445355
tabA_predicted,0.03333333333333333,29,29,TCTCCCAGCGACAAGTAATC,0,3443616
tabA_predicted,0.03333333333333333,29,29,TCGCAGCGGCGGCACGTATT,0,3458304
tabA_predicted,0.03333333333333333,29,29,TCCTTCAAACTATCGAAAAG,0,3433075
tabA_predicted,0.03333333333333333,29,29,TCCCATTAACTTTAGTTCGG,0,3440796
tabA_predicted,0.03333333333333333,29,29,TATGCCCCTGGGGTACGCAA,0,3436261
tabA_predicted,0.03333333333333333,29,29,TATATATACCGTGGATAGAA,0,3442403
tabA_predicted,0.03333333333333333,29,29,TAGACCCTGAGGGTTATCTC,0,3439843
tabA_predicted,0.03333333333333333,29,29,TACGGCATTACGTGGCGTCA,0,3460430
tabA_predicted,0.03333333333333333,29,29,GTTGATTGCCGGATCGGCCT,0,3459564
tabA_predicted,0.03333333333333333,29,29,GTGGGATGGACTTTGGGTTT,0,3463343
tabA_predicted,0.03333333333333333,29,29,GTGGAGCAGACTTCTCTTGT,0,3444425
tabA_predicted,0.03333333333333333,29,29,GTCGCATATTATGCGATGTC,0,3434216
tabA_predicted,0.03333333333333333,29,29,GTCCCACAGTTGCTGTCTTT,0,3461060
tabA_predicted,0.03333333333333333,29,29,GTACTTTTCGCTATAATGTT,0,3458688
tabA_predicted,0.03333333333333333,29,29,GGTCGTCAACACGCAATCTT,0,3445156
tabA_predicted,0.03333333333333333,29,29,GGGCTCTACCACCGGGTTGT,0,3456245
tabA_predicted,0.03333333333333333,29,29,GGCTCGTCTTCCGGTGACCT,0,3456853
tabA_predicted,0.03333333333333333,29,29,GGCCTGAGGCGCTCTACTGA,0,3435057
tabA_predicted,0.03333333333333333,29,29,GGCAATACTCGCCAACCAGA,0,3443114
tabA_predicted,0.03333333333333333,29,29,GGCAACGTAGTATCTCTTGC,0,3449322
tabA_predicted,0.03333333333333333,29,29,GCGTCAAGCGGTGAAATTCA,0,3457614
tabA_predicted,0.03333333333333333,29,29,GCCGAAACCGCGTGCAACTG,0,3461326
tabA_predicted,0.03333333333333333,29,29,GCCATCAATACGGGATTTTA,0,3443636
tabA_predicted,0.03333333333333333,29,29,GCACGGGGTAACATCCCCTC,0,3459307
tabA_predicted,0.03333333333333333,29,29,GCAAGGTGGCAGAAAGCGAT,0,3442185
tabA_predicted,0.03333333333333333,29,29,GAGCGCGGTTTTCTTGGGCT,0,3442133
tabA_predicted,0.03333333333333333,29,29,GACCGACTCCGGGCAAAATC,0,3439366
tabA_predicted,0.03333333333333333,29,29,GAAGGGGCGGAAAACGCCGT,0,3436192
tabA_predicted,0.03333333333333333,29,29,CTGAAGACTGCCACAGATGG,0,3437560
tabA_predicted,0.03333333333333333,29,29,CGGTTCTATGGCTTGAGCAA,0,3463447
tabA_predicted,0.03333333333333333,29,29,CGGGGTGTGGTTACAAAACA,0,3441901
tabA_predicted,0.03333333333333333,29,29,CGGGCAGACTGCGCATTTTC,0,3439151
tabA_predicted,0.03333333333333333,29,29,CGGGAACCAATGCACGAGAA,0,3453263
tabA_predicted,0.03333333333333333,29,29,CGACGTGCGGGGGAAACCCA,0,3439709
tabA_predicted,0.03333333333333333,29,29,CCTGTAGTGGGTGATGCTGC,0,3435404
tabA_predicted,0.03333333333333333,29,29,CCTATGGGTGCCTGCCACAT,0,3438800
tabA_predicted,0.03333333333333333,29,29,CCGTGTTGGGTATCTGGGAC,0,3444679
tabA_predicted,0.03333333333333333,29,29,CCGTCCGACATGGGGCGAAA,0,3444556
tabA_predicted,0.03333333333333333,29,29,CCGCAAGTGTATTAATTCCT,0,3443039
tabA_predicted,0.03333333333333333,29,29,CCCCCGCGAAGTACGCACCC,0,3458710
tabA_predicted,0.03333333333333333,29,29,CCATACAAGGGGTGGGAAAT,0,3461398
tabA_predicted,0.03333333333333333,29,29,CAGGTCTTGAGGGGCACCTG,0,3432724
tabA_predicted,0.03333333333333333,29,29,CAGCTCCTCGTTTGTACGGC,0,3446456
tabA_predicted,0.03333333333333333,29,29,CAAGGAGGTTTCAGCCAATA,0,3456693
tabA_predicted,0.03333333333333333,29,29,CAACATGCTACGGGCCGAAG,0,3434828
tabA_predicted,0.03333333333333333,29,29,CAAATGCGCCTCCAGCGGTT,0,3456798
tabA_predicted,0.03333333333333333,29,29,ATTCACGTCAGTTAGGGTAT,0,3454508
tabA_predicted,0.03333333333333333,29,29,ATGGACTCACTCTAGTGCAT,0,3434231
tabA_predicted,0.03333333333333333,29,29,ATGCTAATGGATGCTCTTGA,0,3440316
tabA_predicted,0.03333333333333333,29,29,ATAGCACCATCGAGGGGGCG,0,3446969
tabA_predicted,0.03333333333333333,29,29,ATACTTAAACTAGCGGTGTG,0,3434726
tabA_predicted,0.03333333333333333,29,29,ATAAGGGATGTATTGGAAAA,0,3443705
tabA_predicted,0.03333333333333333,29,29,AGTTCTGACAGCGATGATCG,0,3459344
tabA_predicted,0.03333333333333333,29,29,AGGGGCGAGCTAAGATGATG,0,3446956
tabA_predicted,0.03333333333333333,29,29,AGACCTGGAATTATCAAAGT,0,3464497
tabA_predicted,0.03333333333333333,29,29,AGACCCAATGCCCCTAACAG,0,3433446
tabA_predicted,0.03333333333333333,29,29,AGAACCTTGATTCAGCCATT,0,3436636
tabA_predicted,0.03333333333333333,29,29,ACGTGTCTCCTATCCGCAGA,0,3459226
tabA_predicted,0.03333333333333333,29,29,ACGGGATTCGCACTCGAAAC,0,3447304
tabA_predicted,0.03333333333333333,29,29,ACACATACGCCTTATCTGGA,0,3437777
tabA_predicted,0.03333333333333333,29,29,AATGATGTAATGCTGGTATG,0,3444102
tabA_predicted,0.03333333333333333,29,29,AATAAGGAAACAGGGTGTAT,0,3433958
tabA_predicted,0.03333333333333333,29,29,AAGTTCGCGGAAGGTACTGA,0,3465141
tabA_predicted,0.03333333333333333,29,29,AAGGCGCCGTAGATTCCTCG,0,3437030
tabA_predicted,0.03333333333333333,29,29,AACCATAGTTATGGCCCGAG,0,3432225
tabA_predicted,0.03333333333333333,29,29,AAAGTCAAGGAAATCAGTAT,0,3438127
tabA_predicted,0.034482758620689655,28,28,TTTCTCCTGCTTATCCGAAA,0,3459819
tabA_predicted,0.034482758620689655,28,28,TTGGTGAAGCCCCGCGGCCT,0,3448393
tabA_predicted,0.034482758620689655,28,28,TTAGGTCACAGAGATTAGGA,0,3445023
tabA_predicted,0.034482758620689655,28,28,TTAAATAAATCGAAAAATAT,0,3455736
tabA_predicted,0.034482758620689655,28,28,TGTGACAGTATTACATGTCT,0,3438459
tabA_predicted,0.034482758620689655,28,28,TGTCCATGAGACCGGCGTCG,0,3465354
tabA_predicted,0.034482758620689655,28,28,TGGTCAGGACACTTATGCTC,0,3434887
tabA_predicted,0.034482758620689655,28,28,TGGGAAGAAGTGCACTGCAT,0,3434358
tabA_predicted,0.034482758620689655,28,28,TGCCTTATTCGGGTGGTAAA,0,3439207
tabA_predicted,0.034482758620689655,28,28,TGCCGGGGCCACGATTGGTT,0,3435291
tabA_predicted,0.034482758620689655,28,28,TCTGCGAGACCGATTGAACA,0,3441558
tabA_predicted,0.034482758620689655,28,28,TCGAAGTGATATTCACGTGC,0,3441340
tabA_predicted,0.034482758620689655,28,28,TCATGCGTGCGGCGAGACTC,0,3436314
tabA_predicted,0.034482758620689655,28,28,TCAGACAAGGGTCTTCGAGC,0,3457310
tabA_predicted,0.034482758620689655,28,28,TCAACCGTGGCATACGTGTG,0,3454396
tabA_predicted,0.034482758620689655,28,28,TATTTATACTCAATAGTGGT,0,3453532
tabA_predicted,0.034482758620689655,28,28,TATTCGCGACGAGCATCTAT,0,3458108
tabA_predicted,0.034482758620689655,28,28,TAGGTGATTGATTATTATTT,0,3459055
tabA_predicted,0.034482758620689655,28,28,TAAGACAATCGTTTATTGGT,0,3441300
tabA_predicted,0.034482758620689655,28,28,GTTCACCGCATAACTTTGGT,0,3439208
tabA_predicted,0.034482758620689655,28,28,GTGACCAGAGATATCTGTCA,0,3447042
tabA_predicted,0.034482758620689655,28,28,GTAGCAGCCAGTGGAGTATA,0,3436963
tabA_predicted,0.034482758620689655,28,28,GTAACAGTCTACCCATCCTA,0,3441126
tabA_predicted,0.034482758620689655,28,28,GGTGCTCAGAGCGACTTCAG,0,3442761
tabA_predicted,0.034482758620689655,28,28,GGTAAAGGGTGCCGGGTCGT,0,3443208
tabA_predicted,0.034482758620689655,28,28,GGGTCGACCTAAAAGAGCTC,0,3435168
tabA_predicted,0.034482758620689655,28,28,GGATCCCGGGTAATCGAACG,0,3453837
tabA_predicted,0.034482758620689655,28,28,GCTCTATCTTTGGACCTTGG,0,3462078
tabA_predicted,0.034482758620689655,28,28,GCCTTAAGATGCAAAAGTAT,0,3442871
tabA_predicted,0.034482758620689655,28,28,GCCCCCAGGTAGATCAGTAT,0,3453070
tabA_predicted,0.034482758620689655,28,28,GCATTGGACGCAGGGGTGGT,0,3439714
tabA_predicted,0.034482758620689655,28,28,GCACCGATGATTGTGAGGTT,0,3463808
tabA_predicted,0.034482758620689655,28,28,GCACCAATCGCAATGAGTAC,0,3444312
tabA_predicted,0.034482758620689655,28,28,GAGTTGAGTCTAGGCTCGCA,0,3438353
tabA_predicted,0.034482758620689655,28,28,GAAACCGCGGCGCAATGGTA,0,3445297
tabA_predicted,0.034482758620689655,28,28,CTTACGACATGACTACACAT,0,3434072
tabA_predicted,0.034482758620689655,28,28,CTATCGTGTGATTTAGTCAA,0,3459221
tabA_predicted,0.034482758620689655,28,28,CGTTCTCACTGGTGCACCCG,0,3434391
tabA_predicted,0.034482758620689655,28,28,CGCACCATGAGTAAAATTGT,0,3455407
tabA_predicted,0.034482758620689655,28,28,CGATGTTATGGTGGTATGAA,0,3447420
tabA_predicted,0.034482758620689655,28,28,CCTGGCTGGGCGGGTTTGCA,0,3460620
tabA_predicted,0.034482758620689655,28,28,CCGGTTCGTCCCCCCGAGCA,0,3463861
tabA_predicted,0.034482758620689655,28,28,CCGGACGTCTGCGGCTACAA,0,3444247
tabA_predicted,0.034482758620689655,28,28,CCATTTGGCACTCAAACCAA,0,3441103
tabA_predicted,0.034482758620689655,28,28,CCAGATACGATGTCTTGGTT,0,3432070
tabA_predicted,0.034482758620689655,28,28,CATTGCCGGGGAGTTAGAAG,0,3438903
tabA_predicted,0.034482758620689655,28,28,CATCAATTGTGAAGGGCTTT,0,3465466
tabA_predicted,0.034482758620689655,28,28,CAGCCAAGATAACGGCCACA,0,3453310
tabA_predicted,0.034482758620689655,28,28,CAGAGACCAACATGGGACAA,0,3443007
tabA_predicted,0.034482758620689655,28,28,CAGAATCGTCATGGTGTAAT,0,3442131
tabA_predicted,0.034482758620689655,28,28,CACACGACCCCGGGAGGCTA,0,3451266
tabA_predicted,0.034482758620689655,28,28,CAAGTCAATAAACGCCATTA,0,3448744
tabA_predicted,0.034482758620689655,28,28,ATTACGAGCAGCTCTGTATG,0,3444636
tabA_predicted,0.034482758620689655,28,28,ATGTCAAACTCTAGGGCGCG,0,3456549
tabA_predicted,0.034482758620689655,28,28,ATATGGTCCTGGTCCGCTGT,0,3459008
tabA_predicted,0.034482758620689655,28,28,ATATACGCCACCGCAATAAG,0,3462414
tabA_predicted,0.034482758620689655,28,28,ATAGACTTAACCAACGCCCT,0,3443102
tabA_predicted,0.034482758620689655,28,28,AGGTGAAACTCGCGTGACAA,0,3433612
tabA_predicted,0.034482758620689655,28,28,AGGTCCCTTTTCAGTCGATA,0,3433820
tabA_predicted,0.034482758620689655,28,28,AGCTGTGCTCGGAGGCCATG,0,3459338
tabA_predicted,0.034482758620689655,28,28,AGCGGATCGGACGCCGTTAG,0,3463678
tabA_predicted,0.034482758620689655,28,28,AGCCCCATGGGGTTCCCGTT,0,3465338
tabA_predicted,0.034482758620689655,28,28,ACTTCAAAACCGAATATGTC,0,3435102
tabA_predicted,0.034482758620689655,28,28,ACGATATTTAGAGGAAAGGC,0,3453655
tabA_predicted,0.034482758620689655,28,28,ACCCGTCCGTTGCCTTTCCG,0,3439013
tabA_predicted,0.034482758620689655,28,28,ACAGCACCAGCTAACAGCCT,0,3450296
tabA_predicted,0.034482758620689655,28,28,AATCTTTCGGTTTGACGATG,0,3447608
tabA_predicted,0.034482758620689655,28,28,AATAGAGAATATGGGATCCT,0,3456328
tabA_predicted,0.034482758620689655,28,28,AAGGTGGGGACAAGAGGATA,0,3433894
tabA_predicted,0.034482758620689655,28,28,AAGGCTTCTCCGCCCGTGAA,0,3449070
tabA_predicted,0.034482758620689655,28,28,AAGCTCACCATTAGGATCTA,0,3446495
tabA_predicted,0.034482758620689655,28,28,AACTGACTACGTAACGCAAA,0,3445047
tabA_predicted,0.034482758620689655,28,28,AACCCACTTGCGTCACGTGC,0,3443794
tabA_predicted,0.03571428571428571,27,27,TTGGTAGGGCATATTGGCTT,0,3440120
tabA_predicted,0.03571428571428571,27,27,TTCGGTCGCGCCCTCCCACT,0,3461519
tabA_predicted,0.03571428571428571,27,27,TTATCTGCAGGAGCGATCAA,0,3442609
tabA_predicted,0.03571428571428571,27,27,TTACGAATCGTGTTGTGCAA,0,3456852
tabA_predicted,0.03571428571428571,27,27,TGTCGTGGCTCATAGCAGTA,0,3450554
tabA_predicted,0.03571428571428571,27,27,TGCGGGAAGATGACACGGAC,0,3438165
tabA_predicted,0.03571428571428571,27,27,TGCAGCACAAACAACCATGA,0,3456819
tabA_predicted,0.03571428571428571,27,27,TCGAGAATAGCAGCAATGGG,0,3457938
tabA_predicted,0.03571428571428571,27,27,TATGTTGCCGTAAACATGTT,0,3444296
tabA_predicted,0.03571428571428571,27,27,TATAACGATCACCTTTGTCC,0,3441475
tabA_predicted,0.03571428571428571,27,27,GTTTAGTTCCTGTTGAGCCA,0,3454828
tabA_predicted,0.03571428571428571,27,27,GTGAGGAACCATTAAAAGCA,0,3460818
tabA_predicted,0.03571428571428571,27,27,GTCGCGAATACTTTAAATAA,0,3458734
tabA_predicted,0.03571428571428571,27,27,GTAGCGGTTCTTCCACTCCG,0,3458510
tabA_predicted,0.03571428571428571,27,27,GTACCGTAACATGCTATAGT,0,3461804
tabA_predicted,0.03571428571428571,27,27,GGTCCTGTCGTGCGAGGCAG,0,3441892
tabA_predicted,0.03571428571428571,27,27,GGCCCGTCGCCGTAAGGCTA,0,3453591
tabA_predicted,0.03571428571428571,27,27,GCTCCGGCTGTAATGCTCAT,0,3459537
tabA_predicted,0.03571428571428571,27,27,GCGAAGAATTCGGACTAATA,0,3452524
tabA_predicted,0.03571428571428571,27,27,GCCCGTGACTTGCCTTGTAG,0,3453451
tabA_predicted,0.03571428571428571,27,27,GCCCATCCACTGAGCTCGAA,0,3449857
tabA_predicted,0.03571428571428571,27,27,GCATAAACTAGAAAGTGAGA,0,3457350
tabA_predicted,0.03571428571428571,27,27,GCAGGTGACTGGGATAATGT,0,3450285
tabA_predicted,0.03571428571428571,27,27,GCAATGGAATATGCCTCGTT,0,3440494
tabA_predicted,0.03571428571428571,27,27,GCAATCCGATCCGCATAATC,0,3441770
tabA_predicted,0.03571428571428571,27,27,GATTTTCCATACCGACGCTA,0,3457898
tabA_predicted,0.03571428571428571,27,27,GATGGGGATTGGTTTATGCA,0,3458852
tabA_predicted,0.03571428571428571,27,27,GATGGACCCTGAAAAAAGTG,0,3439901
tabA_predicted,0.03571428571428571,27,27,GAGGGGTGTGTTAGATGAGT,0,3438814
tabA_predicted,0.03571428571428571,27,27,GAGCCCCATGGACGCGGGAA,0,3436494
tabA_predicted,0.03571428571428571,27,27,GACTACAAGAGACGACAAAA,0,3456074
tabA_predicted,0.03571428571428571,27,27,GACGGGGTATTGAACAGCGT,0,3441804
tabA_predicted,0.03571428571428571,27,27,CTTATCCGTAGCTAATAAAT,0,3434488
tabA_predicted,0.03571428571428571,27,27,CTCCGGAAACCGTCTGACGT,0,3453214
tabA_predicted,0.03571428571428571,27,27,CTAGGGAACCATGGGTTTCT,0,3448976
tabA_predicted,0.03571428571428571,27,27,CGTTATGTGCAGGAGCACCT,0,3442460
tabA_predicted,0.03571428571428571,27,27,CGGTTGGATGGATCTCACTA,0,3462240
tabA_predicted,0.03571428571428571,27,27,CGGGACAAGTGAGTCTGCCG,0,3443742
tabA_predicted,0.03571428571428571,27,27,CGGCTAATGTGCGTTCACGA,0,3461007
tabA_predicted,0.03571428571428571,27,27,CCTCTGGGTCGGGAAGTAGA,0,3437628
tabA_predicted,0.03571428571428571,27,27,CCCGTCACCGGTGCAACCAG,0,3460917
tabA_predicted,0.03571428571428571,27,27,CCAGTCGGTGGGCGTCGAGG,0,3431864
tabA_predicted,0.03571428571428571,27,27,CCACAAAAGAATGAATTGAC,0,3431607
tabA_predicted,0.03571428571428571,27,27,CCAAGGCCAGACGGCGCCTA,0,3450227
tabA_predicted,0.03571428571428571,27,27,CAGGTCGAGGGGGTCCACGT,0,3463981
tabA_predicted,0.03571428571428571,27,27,CAGGAAGGGTGAAGACATGT,0,3453962
tabA_predicted,0.03571428571428571,27,27,CACTATCGGGAGCGGAGACC,0,3443770
tabA_predicted,0.03571428571428571,27,27,CACCACATACATTGGATCCG,0,3435547
tabA_predicted,0.03571428571428571,27,27,CAAGTCTGCATTCCAATGTT,0,3443002
tabA_predicted,0.03571428571428571,27,27,ATGTAGAGTGGTAAGAGCGG,0,3441095
tabA_predicted,0.03571428571428571,27,27,ATGAAAGTGTTTTCTCCTAC,0,3455647
tabA_predicted,0.03571428571428571,27,27,ATCAACCTGGCCGATGAGTT,0,3447464
tabA_predicted,0.03571428571428571,27,27,AGTGTACAAACTTGATTTCC,0,3436352
tabA_predicted,0.03571428571428571,27,27,AGTCTTCTAGCGGGCCTATG,0,3444244
tabA_predicted,0.03571428571428571,27,27,AGCTCTCACCGGGACTCCGA,0,3454864
tabA_predicted,0.03571428571428571,27,27,AGACCAGCTTTTTGGTTCGT,0,3446642
tabA_predicted,0.03571428571428571,27,27,ACTTCCCGCTCGTGGTGTAC,0,3448401
tabA_predicted,0.03571428571428571,27,27,ACACGGGCGGGATGAGCGGC,0,3444535
tabA_predicted,0.03571428571428571,27,27,ACAAGAGAGTGGTTGGCACA,0,3453824
tabA_predicted,0.03571428571428571,27,27,AATTAGCTAGAGCCATACCT,0,3435017
tabA_predicted,0.03571428571428571,27,27,AATCGTCCCAGCGTGTCACG,0,3443352
tabA_predicted,0.03571428571428571,27,27,AAAGACACCGCCACACTGTT,0,3452972
tabA_predicted,0.03571428571428571,27,27,AAACTCGGTCCGTTGGGTCA,0,3460739
tabA_predicted,0.037037037037037035,26,26,TTTTGGCCACTGTGAAAGCG,0,3452271
tabA_predicted,0.037037037037037035,26,26,TTTGTTCCAGCAGGCCAAAA,0,3451963
tabA_predicted,0.037037037037037035,26,26,TTTAGTGCTGCGTGGAAATA,0,3450684
tabA_predicted,0.037037037037037035,26,26,TTCTGTATGCACCAGTCTCT,0,3455613
tabA_predicted,0.037037037037037035,26,26,TTCGGCCAGCCAGGGTCTAC,0,3445843
tabA_predicted,0.037037037037037035,26,26,TTATTAAGTTTTCAATTGCT,0,3447462
tabA_predicted,0.037037037037037035,26,26,TTAGACAGCGTGACCGGGTA,0,3465228
tabA_predicted,0.037037037037037035,26,26,TGTGATGTTTTCCACTGTCA,0,3460751
tabA_predicted,0.037037037037037035,26,26,TGTGATCCTTAACAAACTAT,0,3446792
tabA_predicted,0.037037037037037035,26,26,TGGCGCGCGCTCCTCGCTGC,0,3435874
tabA_predicted,0.037037037037037035,26,26,TGGCCGGGATCGTTTATTAC,0,3435699
tabA_predicted,0.037037037037037035,26,26,TGCGCTCGACCAAAAACCAT,0,3449311
tabA_predicted,0.037037037037037035,26,26,TGACTCGCATCGCGAACCTA,0,3457119
tabA_predicted,0.037037037037037035,26,26,TGAATGTTCGGTCGTTGTTA,0,3443763
tabA_predicted,0.037037037037037035,26,26,TGAAGGGCCCTAATAAACGG,0,3447308
tabA_predicted,0.037037037037037035,26,26,TCTTCGGACGCAAATCAGGA,0,3464688
tabA_predicted,0.037037037037037035,26,26,TCGGCGCCCGGCTAACATTA,0,3434747
tabA_predicted,0.037037037037037035,26,26,TCGAACGTAGGCACTCTTAA,0,3457198
tabA_predicted,0.037037037037037035,26,26,TCATCGGTAGGTTTAACTAA,0,3457607
tabA_predicted,0.037037037037037035,26,26,TCAGCACAGCAGAGGGGGCT,0,3464742
tabA_predicted,0.037037037037037035,26,26,TATTGTGCCGGTAATCCCGT,0,3450197
tabA_predicted,0.037037037037037035,26,26,TATGTTCAAAATTTCAGGGG,0,3442135
tabA_predicted,0.037037037037037035,26,26,TAGTCGACAAGCTGCTTACG,0,3460629
tabA_predicted,0.037037037037037035,26,26,TACAGACCCTTTAGCTATAG,0,3450007
tabA_predicted,0.037037037037037035,26,26,TAATATCGGTCCAACATAAT,0,3458256
tabA_predicted,0.037037037037037035,26,26,GTGTCCCCGTAAATCGATTC,0,3440360
tabA_predicted,0.037037037037037035,26,26,GTGCGGTATCCAGTCTAAGA,0,3441642
tabA_predicted,0.037037037037037035,26,26,GGTGCGAGGGTTAAGCTCAC,0,3450026
tabA_predicted,0.037037037037037035,26,26,GGTATGAGGGGGACACATCG,0,3457043
tabA_predicted,0.037037037037037035,26,26,GGGTAATGTGCTCGTCGTCC,0,3441436
tabA_predicted,0.037037037037037035,26,26,GGGGACAAAGTGACCGCGTT,0,3462376
tabA_predicted,0.037037037037037035,26,26,GCTGCCACACACGGCCCTGA,0,3455715
tabA_predicted,0.037037037037037035,26,26,GCTCGCGCCCCCGAAAGGTA,0,3443104
tabA_predicted,0.037037037037037035,26,26,GCTCAAAGTGCATAGGCTTA,0,3447421
tabA_predicted,0.037037037037037035,26,26,GCGTGCCGATTATCTCTCTA,0,3460190
tabA_predicted,0.037037037037037035,26,26,GCGAGCCCTTAGCCTGTTAC,0,3446308
tabA_predicted,0.037037037037037035,26,26,GCGACGCGTGTGAGAGAGTA,0,3444254
tabA_predicted,0.037037037037037035,26,26,GATGTAGACATGCAATACAG,0,3447889
tabA_predicted,0.037037037037037035,26,26,GATAGCATTCGCCTCTTCGG,0,3436313
tabA_predicted,0.037037037037037035,26,26,GAGCAACTCTAAACAGAACA,0,3457893
tabA_predicted,0.037037037037037035,26,26,GACGGCACATATCCAATCAT,0,3451056
tabA_predicted,0.037037037037037035,26,26,GACGAGTACGGGTTCGGTCT,0,3448394
tabA_predicted,0.037037037037037035,26,26,GAATGCCAATTCCGCGGGAC,0,3440557
tabA_predicted,0.037037037037037035,26,26,CTTCCCCTCATGCTTCCAGA,0,3454224
tabA_predicted,0.037037037037037035,26,26,CTTATCACTTGGCTTTGCGG,0,3439310
tabA_predicted,0.037037037037037035,26,26,CTCATCGGAGAACCGTCAGG,0,3446595
tabA_predicted,0.037037037037037035,26,26,CTAGGGCTGCCAACGTAAAA,0,3449920
tabA_predicted,0.037037037037037035,26,26,CGTGTTCACTGGTGGATTAA,0,3453163
tabA_predicted,0.037037037037037035,26,26,CGTATGGGGGGCTTCCCACC,0,3460900
tabA_predicted,0.037037037037037035,26,26,CGTATCGAACTAGAGCTGTA,0,3436741
tabA_predicted,0.037037037037037035,26,26,CGGGCCTCGCGCTTCAAGGT,0,3450334
tabA_predicted,0.037037037037037035,26,26,CGCTTATTGGGGTCTGCCCC,0,3442341
tabA_predicted,0.037037037037037035,26,26,CCTGTTCCGTATGGTTTTTT,0,3453977
tabA_predicted,0.037037037037037035,26,26,CCTGGCTTCTAGAGAATAGT,0,3449136
tabA_predicted,0.037037037037037035,26,26,CCTGGATGGCCCCCGTTCCT,0,3459554
tabA_predicted,0.037037037037037035,26,26,CCTCATATCCATTTACCACT,0,3453797
tabA_predicted,0.037037037037037035,26,26,CCGACGTATTAAAGTTACTG,0,3440102
tabA_predicted,0.037037037037037035,26,26,CCATTATGCATGACTTGGGG,0,3460173
tabA_predicted,0.037037037037037035,26,26,CCAGCTGAAACGAATTAGAG,0,3459223
tabA_predicted,0.037037037037037035,26,26,CATGGGTAGCACAAAGTATG,0,3439492
tabA_predicted,0.037037037037037035,26,26,CAGCGCTTAAAGCAGCAGTT,0,3452842
tabA_predicted,0.037037037037037035,26,26,CAGCCGTCAAAACCGGATCT,0,3453776
tabA_predicted,0.037037037037037035,26,26,CACTTCTGATTTCGCTCGGA,0,3445436
tabA_predicted,0.037037037037037035,26,26,CACGTGGTATGCGTTAACAG,0,3444989
tabA_predicted,0.037037037037037035,26,26,CACGCAGAAAATATTGATTT,0,3452292
tabA_predicted,0.037037037037037035,26,26,CACATTTTGGAGCCACAGCG,0,3464833
tabA_predicted,0.037037037037037035,26,26,CAACTCAGAAAACTGCAGAC,0,3443791
tabA_predicted,0.037037037037037035,26,26,ATGTGAACCAGGTGGACGTC,0,3463904
tabA_predicted,0.037037037037037035,26,26,ATGGAACAAGCTTTATATCG,0,3452148
tabA_predicted,0.037037037037037035,26,26,ATGCATTCAAAATAATCGAA,0,3449713
tabA_predicted,0.037037037037037035,26,26,ATCGCCCTATGATGCATACA,0,3437229
tabA_predicted,0.037037037037037035,26,26,ATATCATCGCGCTAAATGCC,0,3448337
tabA_predicted,0.037037037037037035,26,26,ATAGTGGCAGTTAGAATAAC,0,3448946
tabA_predicted,0.037037037037037035,26,26,AGTGTAGGCGCACGGATCTC,0,3460601
tabA_predicted,0.037037037037037035,26,26,AGCTGCACGAAGCTGATCAT,0,3459362
tabA_predicted,0.037037037037037035,26,26,AGCGTACTGACATCATTCTC,0,3445967
tabA_predicted,0.037037037037037035,26,26,AGATTTCGCCGCTCCACGCG,0,3457560
tabA_predicted,0.037037037037037035,26,26,AGACGTGCTTGTAACGGTGC,0,3462198
tabA_predicted,0.037037037037037035,26,26,ACTTCACGAAGATTAAGCGT,0,3432123
tabA_predicted,0.037037037037037035,26,26,ACTGTTCCGGACTATATTCA,0,3441790
tabA_predicted,0.037037037037037035,26,26,ACTCACGTTGGCTTAGACAA,0,3464569
tabA_predicted,0.037037037037037035,26,26,ACTATTCCCGGTGGGATGGT,0,3435170
tabA_predicted,0.037037037037037035,26,26,ACCTTTCATGCCAGGCTTTT,0,3443565
tabA_predicted,0.037037037037037035,26,26,ACCTTACCAGTGAGACAAGA,0,3452103
tabA_predicted,0.037037037037037035,26,26,ACCGCTTGGAAGCAAATCAA,0,3451808
tabA_predicted,0.037037037037037035,26,26,ACAAGCAAATTGAGGAGTTC,0,3442151
tabA_predicted,0.037037037037037035,26,26,AAGTCCGGGAAACAGGATAA,0,3451903
tabA_predicted,0.037037037037037035,26,26,AACGTGTCCGTCCAATTATA,0,3436464
tabA_predicted,0.037037037037037035,26,26,AACATGCACATAAAATCACA,0,3465438
tabA_predicted,0.037037037037037035,26,26,AAACTATGAAGCGACGGTCT,0,3435126
tabA_predicted,0.037037037037037035,26,26,AAACGCGTCATAAACTTTGT,0,3431702
tabA_predicted,0.037037037037037035,26,26,AAAATCTGCACACAACCAGA,0,3463453
tabA_predicted,0.038461538461538464,25,25,TTTTGGGGCGGACCAGAGCT,0,3460509
tabA_predicted,0.038461538461538464,25,25,TTTGTAGGTGCATCTCTAAA,0,3458051
tabA_predicted,0.038461538461538464,25,25,TTGGTTCGGATTGAGCATGA,0,3440763
tabA_predicted,0.038461538461538464,25,25,TTGAGTAGGCCCCGCGGTAT,0,3441412
tabA_predicted,0.038461538461538464,25,25,TTCTGCGGCATCCAACACCG,0,3453222
tabA_predicted,0.038461538461538464,25,25,TTCGATGCTTCAGCTTCAAA,0,3434607
tabA_predicted,0.038461538461538464,25,25,TTCCTCATCTAAAATCAGTT,0,3463283
tabA_predicted,0.038461538461538464,25,25,TTCCAACATGGCTTTGGTAG,0,3461281
tabA_predicted,0.038461538461538464,25,25,TTCAATATCGATTCTCTCGA,0,3433687
tabA_predicted,0.038461538461538464,25,25,TGTCACCAGATCCAGATGAA,0,3442406
tabA_predicted,0.038461538461538464,25,25,TGCTCCGTAATCCTCGGCGT,0,3454584
tabA_predicted,0.038461538461538464,25,25,TGCGGTAGAAGGTAATGGGT,0,3458549
tabA_predicted,0.038461538461538464,25,25,TGAAACAGGCGACGGATACC,0,3452651
tabA_predicted,0.038461538461538464,25,25,TCGCCCGGTTGTAGCTTCCC,0,3433480
tabA_predicted,0.038461538461538464,25,25,TCAAGTTGGAGACTTCAATC,0,3440332
tabA_predicted,0.038461538461538464,25,25,TATCTACATTGCTGGTTATG,0,3450615
tabA_predicted,0.038461538461538464,25,25,TATAGGACTGAGCAAATACG,0,3447621
tabA_predicted,0.038461538461538464,25,25,TACCAGTGGGCGCATTTACT,0,3450241
tabA_predicted,0.038461538461538464,25,25,TACAGGGCAGATGATGTCAA,0,3446292
tabA_predicted,0.038461538461538464,25,25,TAACAGCGCAGGGCCGGTGC,0,3455052
tabA_predicted,0.038461538461538464,25,25,GTTGAATTCCCTTAAGGTGC,0,3437146
tabA_predicted,0.038461538461538464,25,25,GTTCGCTGCTAAAACGATTA,0,3441172
tabA_predicted,0.038461538461538464,25,25,GTCCTTGGTGTCATAGTATG,0,3458360
tabA_predicted,0.038461538461538464,25,25,GTAGTCCAATCTTAGGACCA,0,3444377
tabA_predicted,0.038461538461538464,25,25,GGTTCTTATGGGTCAACATT,0,3432722
tabA_predicted,0.038461538461538464,25,25,GGGTACCGGTATGCTGATAG,0,3454160
tabA_predicted,0.038461538461538464,25,25,GGGCCTTCCGCGGTGTATAA,0,3442874
tabA_predicted,0.038461538461538464,25,25,GGCTCCGCGATCCAGTGCAG,0,3437964
tabA_predicted,0.038461538461538464,25,25,GGCCGAACAATGTGCAGGTG,0,3447631
tabA_predicted,0.038461538461538464,25,25,GGCAGTCCTGTCGGAGTGTT,0,3454893
tabA_predicted,0.038461538461538464,25,25,GGATATGCGGCATGCCTCGG,0,3456744
tabA_predicted,0.038461538461538464,25,25,GCCCGAGTGTGCATCGAGGT,0,3458009
tabA_predicted,0.038461538461538464,25,25,GCATTGGAAGCTACCGCGGT,0,3464007
tabA_predicted,0.038461538461538464,25,25,GCAGCTTTTATCGCCAGGGA,0,3458157
tabA_predicted,0.038461538461538464,25,25,GATCATCCTGACGGTGCGAG,0,3442396
tabA_predicted,0.038461538461538464,25,25,GATATGAAGTTACCGTCAAA,0,3432273
tabA_predicted,0.038461538461538464,25,25,GAGTTATCATAGCACTGTAC,0,3460821
tabA_predicted,0.038461538461538464,25,25,GAGGATGGTTCGGGAAAAAT,0,3458168
tabA_predicted,0.038461538461538464,25,25,GAGAAATATCTTGTCAGACG,0,3452000
tabA_predicted,0.038461538461538464,25,25,GACTGGGTGAGCGCGCGTGA,0,3445634
tabA_predicted,0.038461538461538464,25,25,GACTCAATAGGAAGGAGTAC,0,3432324
tabA_predicted,0.038461538461538464,25,25,GACGTGCATTACCCTACCTG,0,3443685
tabA_predicted,0.038461538461538464,25,25,GACGAGCTGATCCGCTGCAG,0,3449310
tabA_predicted,0.038461538461538464,25,25,GACAGGCACCGGTCGTAGGG,0,3434606
tabA_predicted,0.038461538461538464,25,25,GACAAGGCTCAGATCGTGGT,0,3432670
tabA_predicted,0.038461538461538464,25,25,CTTGACAACAGATGCCTGGA,0,3443934
tabA_predicted,0.038461538461538464,25,25,CTTATGCCCTTCCGCAACTT,0,3440445
tabA_predicted,0.038461538461538464,25,25,CTGTGAGCTCCTCTCTGCTT,0,3452189
tabA_predicted,0.038461538461538464,25,25,CTGCGCGCAGCATTAACGGC,0,3462734
tabA_predicted,0.038461538461538464,25,25,CTGAGCAGTTATCGGCTCAA,0,3459539
tabA_predicted,0.038461538461538464,25,25,CTCTCTCGGCAGTTTTACGT,0,3431752
tabA_predicted,0.038461538461538464,25,25,CTCAGGGTTAAAGCTAATTA,0,3449587
tabA_predicted,0.038461538461538464,25,25,CTCAACCTTTGCTAAACTAA,0,3456091
tabA_predicted,0.038461538461538464,25,25,CTAGGTAATCTGGCGCGAAG,0,3457773
tabA_predicted,0.038461538461538464,25,25,CTACCTCCACATCCCGCCCT,0,3435962
tabA_predicted,0.038461538461538464,25,25,CGTGACTGTGACGTAAGAAA,0,3451432
tabA_predicted,0.038461538461538464,25,25,CGTCGAGTAAGTTGTGGAAG,0,3434728
tabA_predicted,0.038461538461538464,25,25,CGTACCCAGTGCAAATGAAG,0,3452770
tabA_predicted,0.038461538461538464,25,25,CGGGTTTTCTCGTGTGACAG,0,3436723
tabA_predicted,0.038461538461538464,25,25,CGGCGGGACATCAGAGATAT,0,3458984
tabA_predicted,0.038461538461538464,25,25,CGCGCAGAACGGGTAAGCCC,0,3444716
tabA_predicted,0.038461538461538464,25,25,CGCATGATGGTTGGCAACAA,0,3436806
tabA_predicted,0.038461538461538464,25,25,CGAGATAGTGAGGATCTCAC,0,3465927
tabA_predicted,0.038461538461538464,25,25,CGACGCACGACGTAATAGTG,0,3436051
tabA_predicted,0.038461538461538464,25,25,CGAAAGCGACGTATTCTAAA,0,3462396
tabA_predicted,0.038461538461538464,25,25,CCTAAGCTGCTTGCGGCTTA,0,3447270
tabA_predicted,0.038461538461538464,25,25,CCGGGTCGCACAATCCTTCC,0,3437099
tabA_predicted,0.038461538461538464,25,25,CCCTGAAGTACGGGTTTGTA,0,3432173
tabA_predicted,0.038461538461538464,25,25,CCCTAGTTAATGGCCGTTCA,0,3443028
tabA_predicted,0.038461538461538464,25,25,CCCCCTCGGTACAGAGCCTC,0,3431280
tabA_predicted,0.038461538461538464,25,25,CCAAGGGAGGTCGTAGATTA,0,3443798
tabA_predicted,0.038461538461538464,25,25,CAGTTTTGGATGGGTTACTC,0,3432728
tabA_predicted,0.038461538461538464,25,25,CAGATCTTGCTATAAGTGTT,0,3443860
tabA_predicted,0.038461538461538464,25,25,CACTCAATCGCTGCAGCGTT,0,3439074
tabA_predicted,0.038461538461538464,25,25,CAACGTCCGCATACGTCATA,0,3450736
tabA_predicted,0.038461538461538464,25,25,CAAATGCTATCTTCTTTCAG,0,3442401
tabA_predicted,0.038461538461538464,25,25,CAAAACGAATACGGCCATGC,0,3438272
tabA_predicted,0.038461538461538464,25,25,ATTATGGGAGCCTTGGGAAC,0,3462354
tabA_predicted,0.038461538461538464,25,25,ATGCATGCCAAACGCATCCC,0,3449492
tabA_predicted,0.038461538461538464,25,25,ATCGTGCGATAGTGAAGGCA,0,3432432
tabA_predicted,0.038461538461538464,25,25,ATACGCCGACAACCGGCGAA,0,3432721
tabA_predicted,0.038461538461538464,25,25,AGTCGAAGATGTGTTCTTGT,0,3443382
tabA_predicted,0.038461538461538464,25,25,AGTAGGAGTGAAGGGCTGAG,0,3458031
tabA_predicted,0.038461538461538464,25,25,AGGAGAGTCCCCATGCGCTT,0,3458553
tabA_predicted,0.038461538461538464,25,25,AGATTATCACCATGTCGCTC,0,3441533
tabA_predicted,0.038461538461538464,25,25,ACTCGAAGAACTGGCGGGCT,0,3439274
tabA_predicted,0.038461538461538464,25,25,ACTAGCCTCGTTTCAGCTGG,0,3449906
tabA_predicted,0.038461538461538464,25,25,ACTACCGCAAAAAGAGCCGA,0,3432973
tabA_predicted,0.038461538461538464,25,25,ACGACAGACACTCACTTATC,0,3439022
tabA_predicted,0.038461538461538464,25,25,ACATTCGTACTCGTCCCGCG,0,3433911
tabA_predicted,0.038461538461538464,25,25,ACATCCTTCGCCCTACGACC,0,3457028
tabA_predicted,0.038461538461538464,25,25,ACAGTCGCGCTCGGTGCGAT,0,3436373
tabA_predicted,0.038461538461538464,25,25,ACAGGTCTTTGGCAAGGAAA,0,3435652
tabA_predicted,0.038461538461538464,25,25,AAGTGTCAATCACCGTGCTA,0,3457352
tabA_predicted,0.038461538461538464,25,25,AAGGCGATTTTGGTGGATCA,0,3438625
tabA_predicted,0.038461538461538464,25,25,AAATGACCATTAGGAGGAAT,0,3439798
tabA_predicted,0.038461538461538464,25,25,AAACTAATGACTGGCTCGAC,0,3464699
tabA_predicted,0.038461538461538464,25,25,AAACCCGGGTTAGCACATCA,0,3441143
tabA_predicted,0.04,24,24,TTTGTTGTGGACTAAGCGGA,0,3453475
tabA_predicted,0.04,24,24,TTTGGAATTGTGTAAGGGAA,0,3434422
tabA_predicted,0.04,24,24,TTTCTTAGGTTCCTGACTTG,0,3433722
tabA_predicted,0.04,24,24,TTGGTCACACCGTGACTAGC,0,3446979
tabA_predicted,0.04,24,24,TTGACCGTATGCAATCAACC,0,3439293
tabA_predicted,0.04,24,24,TTATGTCACCCGCAAGCTTA,0,3437747
tabA_predicted,0.04,24,24,TGTTAAAAAGGCCCTCATCG,0,3453332
tabA_predicted,0.04,24,24,TGTGACTCGAAGTATACAAT,0,3458753
tabA_predicted,0.04,24,24,TGTCCTAGCCAGTGCGGCAA,0,3443549
tabA_predicted,0.04,24,24,TGTAGTCTTTCAAATAGCGT,0,3442462
tabA_predicted,0.04,24,24,TGGTAAGCCTTCAACATCAC,0,3436550
tabA_predicted,0.04,24,24,TGGGATGGCTTGTTATATCT,0,3435737
tabA_predicted,0.04,24,24,TGGCATTATACACCGCGAAT,0,3438976
tabA_predicted,0.04,24,24,TGGATGCTCGCTGTTCACCG,0,3458457
tabA_predicted,0.04,24,24,TGCTCCGTTCTACAAGGCGT,0,3447746
tabA_predicted,0.04,24,24,TGCAGCTGGGTGAGGAAAAA,0,3459833
tabA_predicted,0.04,24,24,TGAAATAGGAGACGTTTTTA,0,3445542
tabA_predicted,0.04,24,24,TCGTTGGTAGTTAGACGGTG,0,3462878
tabA_predicted,0.04,24,24,TCCGATCCGTGGCCGGCACA,0,3445965
tabA_predicted,0.04,24,24,TCCAGGGTCTCACGGCTTCT,0,3436771
tabA_predicted,0.04,24,24,TCACATAGAGTCCAGTATCG,0,3434981
tabA_predicted,0.04,24,24,TCAATAACGATTTGGTTCTA,0,3466147
tabA_predicted,0.04,24,24,TCAACCACGTGAGAATCCAT,0,3454082
tabA_predicted,0.04,24,24,TATACTCGATGTGCACGAAA,0,3440240
tabA_predicted,0.04,24,24,TACCCGTCACTAAACATCAC,0,3448482
tabA_predicted,0.04,24,24,TACATTGCCTTAGAACCTAC,0,3460798
tabA_predicted,0.04,24,24,GTTGTACAACTACTGCCGAA,0,3458711
tabA_predicted,0.04,24,24,GTTAGGCTAGTGCAGGCGCT,0,3452673
tabA_predicted,0.04,24,24,GTCGGGCGAATGCCACTACG,0,3446233
tabA_predicted,0.04,24,24,GTATGGGCGCTATGTGTAAG,0,3445586
tabA_predicted,0.04,24,24,GTAGGAATGCGTATCCTGGT,0,3438392
tabA_predicted,0.04,24,24,GTAACTGCTGTGGGACCTCT,0,3433182
tabA_predicted,0.04,24,24,GCTCATTTGGATTGATGGTC,0,3448117
tabA_predicted,0.04,24,24,GCTATGTTAGGTCAGACCTA,0,3437032
tabA_predicted,0.04,24,24,GCCTTCTCTAGAACATTCTC,0,3439919
tabA_predicted,0.04,24,24,GCCTCTGAGAACAGTAAACA,0,3432298
tabA_predicted,0.04,24,24,GCCGTGAGGACAGGCACTCC,0,3449192
tabA_predicted,0.04,24,24,GCAGTCTTTGAGTGGGGTTA,0,3441064
tabA_predicted,0.04,24,24,GCACGGGCCTACTCAGCCAA,0,3438766
tabA_predicted,0.04,24,24,GATTTTGTCGATGTCCATGC,0,3432517
tabA_predicted,0.04,24,24,GATGCAGCGTCATTCAGAGA,0,3458712
tabA_predicted,0.04,24,24,GATGAGTGGTAGCGGTACGG,0,3440647
tabA_predicted,0.04,24,24,GAGTCACCACACACAGCCGC,0,3452461
tabA_predicted,0.04,24,24,GAGGTCTCCAGCTGTACTTC,0,3462737
tabA_predicted,0.04,24,24,GAGCCCCATTAAGAAGCGTA,0,3437395
tabA_predicted,0.04,24,24,GACTGCACAGAGGGACACGT,0,3453386
tabA_predicted,0.04,24,24,GACGGACACGAGTCAGCTCC,0,3443060
tabA_predicted,0.04,24,24,GAATTCGTTGCTTGCCGGCA,0,3431391
tabA_predicted,0.04,24,24,CTTATTGGCCAGTAAGGATT,0,3462633
tabA_predicted,0.04,24,24,CTTATTAGGTTCTTCGTCCT,0,3443145
tabA_predicted,0.04,24,24,CTGGGAGGCGTATTCCGATC,0,3462642
tabA_predicted,0.04,24,24,CTGCCGATTGGCCCGTGCAG,0,3444264
tabA_predicted,0.04,24,24,CTATATTGGCGCTGCTCAGG,0,3448524
tabA_predicted,0.04,24,24,CTAGTAACATATATACTCTG,0,3458620
tabA_predicted,0.04,24,24,CTAGCTTATTTCTGGGTGGA,0,3437121
tabA_predicted,0.04,24,24,CTAACATGATGATACCTCAG,0,3466173
tabA_predicted,0.04,24,24,CTAAATAATGGTTCGGGGCT,0,3431609
tabA_predicted,0.04,24,24,CGTGTAGTGGTTGACGCTCA,0,3452418
tabA_predicted,0.04,24,24,CGTGGCTACATGCAGGATGG,0,3440055
tabA_predicted,0.04,24,24,CGTAGGGGACAAGGAATCGC,0,3438457
tabA_predicted,0.04,24,24,CGGGAGTACGCGTAACCGAG,0,3445814
tabA_predicted,0.04,24,24,CGGCAAGTCTTGTTTGATTA,0,3433750
tabA_predicted,0.04,24,24,CGGACGCGTCCTAGCCGTGC,0,3441979
tabA_predicted,0.04,24,24,CGGACATTCACTTCAGAGGG,0,3436131
tabA_predicted,0.04,24,24,CGCGTTGCTTGCTCCTCACT,0,3446719
tabA_predicted,0.04,24,24,CGCACACGGCTCAGAGTTAC,0,3441832
tabA_predicted,0.04,24,24,CGATGTTCCGAGTTCATTCA,0,3450539
tabA_predicted,0.04,24,24,CGATGGGCTTCAGTGCCCCA,0,3447092
tabA_predicted,0.04,24,24,CGACACTTATTCCGTGGAGG,0,3458070
tabA_predicted,0.04,24,24,CGAAGGTAAGCTAAGAGCTT,0,3456796
tabA_predicted,0.04,24,24,CCTTGAAAAGCAATTTACAC,0,3464622
tabA_predicted,0.04,24,24,CCTTCTATCCTGGGATGACT,0,3434837
tabA_predicted,0.04,24,24,CCGCCCGGCGGCTGATACGT,0,3434389
tabA_predicted,0.04,24,24,CCCTGTCTGGTTTCCACTCT,0,3461405
tabA_predicted,0.04,24,24,CCACGTGCCCTAGGCGGTCT,0,3442906
tabA_predicted,0.04,24,24,CAGTTGGTATAGGCTCTATA,0,3449087
tabA_predicted,0.04,24,24,CACTTTACGTGGCGTTCTTG,0,3442037
tabA_predicted,0.04,24,24,ATTACTTCTTGATCCAGTCT,0,3451316
tabA_predicted,0.04,24,24,ATTAAACCAATGGACCTGGA,0,3446644
tabA_predicted,0.04,24,24,ATGCTGACGCCCGGGGGTTT,0,3456938
tabA_predicted,0.04,24,24,ATCCTCGGCCTCATCCGGAG,0,3459293
tabA_predicted,0.04,24,24,ATCATCATTGGGGCAACGGC,0,3443438
tabA_predicted,0.04,24,24,ATCAGAACCACGGTTTGCTC,0,3456927
tabA_predicted,0.04,24,24,ATATAAACAAATTTCGTCCC,0,3431907
tabA_predicted,0.04,24,24,ATACCGAGAGTCACGCATTA,0,3448494
tabA_predicted,0.04,24,24,AGGTAGCCCGGGGCAGACCA,0,3446148
tabA_predicted,0.04,24,24,AGGAAGGGGCGACATAGTGA,0,3439548
tabA_predicted,0.04,24,24,ACTCTAACCCTGCGGGGTAG,0,3460905
tabA_predicted,0.04,24,24,ACCGTGTAGCTACCGGAAAC,0,3450208
tabA_predicted,0.04,24,24,ACCGCACCCTCGTATTTTAT,0,3437159
tabA_predicted,0.04,24,24,ACCCCGAACTTAATGTATGT,0,3461386
tabA_predicted,0.04,24,24,ACCAGAAGATATCTGAGTTA,0,3440560
tabA_predicted,0.04,24,24,AATTGACTAGCCGACCCTTA,0,3450971
tabA_predicted,0.04,24,24,AAGGTCTCGAGTCCGGTCCT,0,3437941
tabA_predicted,0.04,24,24,AAGGGAGACAAGTGATTTAG,0,3441040
tabA_predicted,0.04,24,24,AAGAATAAAAGAAGTTTATA,0,3440161
tabA_predicted,0.04,24,24,AACCGTTAACCGATTAAAAC,0,3446054
tabA_predicted,0.04,24,24,AACAATTGGGTTCGGCCAGC,0,3440188
tabA_predicted,0.04,24,24,AAATGGTTAACTGTTCCCTG,0,3454422
tabA_predicted,0.04,24,24,AAACAGCGTTAAGTAGGGGT,0,3461770
tabA_predicted,0.041666666666666664,23,23,TTTTCGTCCCGTAGTTGAGC,0,3449096
tabA_predicted,0.041666666666666664,23,23,TTTTACTCGGCGCCCGAATA,0,3452692
tabA_predicted,0.041666666666666664,23,23,TTTGCTTCAAGCGTTACTGT,0,3434102
tabA_predicted,0.041666666666666664,23,23,TTGGATTCATCATTGTCTAG,0,3445844
tabA_predicted,0.041666666666666664,23,23,TTGACCTTGACTGCGTAGGT,0,3437327
tabA_predicted,0.041666666666666664,23,23,TTATAGGGAGCAGAGGAAGC,0,3453219
tabA_predicted,0.041666666666666664,23,23,TTAGGCGATAGGTATGAGTG,0,3464066
tabA_predicted,0.041666666666666664,23,23,TTAGGACTGAAGACCCGCAG,0,3439493
tabA_predicted,0.041666666666666664,23,23,TTAGAAGTCATCCTAGGGAC,0,3453472
tabA_predicted,0.041666666666666664,23,23,TTAAATATTAGTAAACCTGT,0,3459703
tabA_predicted,0.041666666666666664,23,23,TGTATCGCGCCTTCAGTTGT,0,3457864
tabA_predicted,0.041666666666666664,23,23,TGGCTTGTTAGGCTGATGCA,0,3435022
tabA_predicted,0.041666666666666664,23,23,TGCTGACAGGAAACGAACGT,0,3457845
tabA_predicted,0.041666666666666664,23,23,TCTTTGCCATGCACTAAACG,0,3456265
tabA_predicted,0.041666666666666664,23,23,TCTGCCTCATAACTCACCAC,0,3457432
tabA_predicted,0.041666666666666664,23,23,TCTAAGGACGTAGGAGTACG,0,3441328
tabA_predicted,0.041666666666666664,23,23,TCGTCACATGGTCTAACCCT,0,3440958
tabA_predicted,0.041666666666666664,23,23,TCGTACACTAACCCCAGCAG,0,3459850
tabA_predicted,0.041666666666666664,23,23,TCGGATCTAATCACTGGAAT,0,3435341
tabA_predicted,0.041666666666666664,23,23,TCCGTTGAGATCTCTTACGC,0,3459516
tabA_predicted,0.041666666666666664,23,23,TCCATTAAACGATCGTCCGT,0,3457489
tabA_predicted,0.041666666666666664,23,23,TCACGCTATACATATTCCGT,0,3451148
tabA_predicted,0.041666666666666664,23,23,TCACCAGGGCTCTTCCCGAT,0,3433883
tabA_predicted,0.041666666666666664,23,23,TATGGATGCGCAATAGCGCT,0,3458983
tabA_predicted,0.041666666666666664,23,23,TATACGGTTGGCTCCATTAT,0,3454946
tabA_predicted,0.041666666666666664,23,23,TATACCTCAATGGAAAGTGG,0,3445120
tabA_predicted,0.041666666666666664,23,23,TAGCCATCACGCATCAGGAG,0,3444874
tabA_predicted,0.041666666666666664,23,23,TACCTTATGCTCACAATAGT,0,3444401
tabA_predicted,0.041666666666666664,23,23,TAACAAGGAGGGCGTAGAAT,0,3431589
tabA_predicted,0.041666666666666664,23,23,GTTATCGTCTATGTTCTGAA,0,3464131
tabA_predicted,0.041666666666666664,23,23,GTGCTGACTTCCGTGGCGGC,0,3432490
tabA_predicted,0.041666666666666664,23,23,GTCCCAGAAAGTCTTGATGA,0,3442795
tabA_predicted,0.041666666666666664,23,23,GGTCCAGGGTGTGATGCCAA,0,3439821
tabA_predicted,0.041666666666666664,23,23,GGGTTTCTCTCACTGAGTCC,0,3444245
tabA_predicted,0.041666666666666664,23,23,GGCGGGAGGGATTGTGTTTC,0,3460865
tabA_predicted,0.041666666666666664,23,23,GGCACTGTCACTTCAGCCAT,0,3451811
tabA_predicted,0.041666666666666664,23,23,GGAATCTGCCAGGGCACTAT,0,3444322
tabA_predicted,0.041666666666666664,23,23,GGAACCCGCCAGAAAACATC,0,3448157
tabA_predicted,0.041666666666666664,23,23,GCGTAGATAGCAGTTACGCG,0,3455365
tabA_predicted,0.041666666666666664,23,23,GCGGGCGTAGGCTACGCTGC,0,3439457
tabA_predicted,0.041666666666666664,23,23,GCGATTTAGTTGTCTATTGC,0,3453590
tabA_predicted,0.041666666666666664,23,23,GCGAGCTCCCCGATTCCTGG,0,3447609
tabA_predicted,0.041666666666666664,23,23,GCATGACTCGCGTTTGTCAA,0,3441709
tabA_predicted,0.041666666666666664,23,23,GCACGAGTGTCAGATTGACA,0,3431586
tabA_predicted,0.041666666666666664,23,23,GCAATAAGAATTACACCGAA,0,3452597
tabA_predicted,0.041666666666666664,23,23,GATTGTTAGACAGCGATATA,0,3435566
tabA_predicted,0.041666666666666664,23,23,GATAGTCGTATTATCGAATG,0,3436886
tabA_predicted,0.041666666666666664,23,23,GATACAAGCCAAGCATCATT,0,3461124
tabA_predicted,0.041666666666666664,23,23,GAGGAGGGGCGCACTAGACC,0,3443659
tabA_predicted,0.041666666666666664,23,23,CTTGTACATGCGGCCAGTCG,0,3450582
tabA_predicted,0.041666666666666664,23,23,CTTGCCCGCAATGATGATTC,0,3442258
tabA_predicted,0.041666666666666664,23,23,CTTCTCGTGTCGAAGTCCCT,0,3435079
tabA_predicted,0.041666666666666664,23,23,CTTCGCTTTTCTGGATAAAA,0,3465198
tabA_predicted,0.041666666666666664,23,23,CTTACTACCCCGGCGTTAAC,0,3434222
tabA_predicted,0.041666666666666664,23,23,CTGGTAACTGACCTTTCTAT,0,3445184
tabA_predicted,0.041666666666666664,23,23,CGTAACCGTTGGGAATCGTA,0,3460249
tabA_predicted,0.041666666666666664,23,23,CGGAGGCTTATTACCCAGGA,0,3432150
tabA_predicted,0.041666666666666664,23,23,CGGAGACCTTCGTACGTAAC,0,3440446
tabA_predicted,0.041666666666666664,23,23,CGCTCACTCGTCTAGGATAT,0,3452115
tabA_predicted,0.041666666666666664,23,23,CGCGGGATGCGCTTACGTAA,0,3457797
tabA_predicted,0.041666666666666664,23,23,CGCAAACTCTAGGAAAAAAA,0,3453900
tabA_predicted,0.041666666666666664,23,23,CGAAACTTTCAGTCAGTGCT,0,3458096
tabA_predicted,0.041666666666666664,23,23,CCTGGTTTACGGCTCCTAGG,0,3451013
tabA_predicted,0.041666666666666664,23,23,CCGCATCGATGCGTGAGTAG,0,3442237
tabA_predicted,0.041666666666666664,23,23,CCAACACGGCGCCAAGTTTT,0,3452157
tabA_predicted,0.041666666666666664,23,23,CATCGGTGTGAGCAACGTTA,0,3463759
tabA_predicted,0.041666666666666664,23,23,CATAGTCCCAACAATAGCTC,0,3465973
tabA_predicted,0.041666666666666664,23,23,CACTTTTACCTTATCTGATT,0,3449364
tabA_predicted,0.041666666666666664,23,23,CACTACGTCCCGTCAGCACT,0,3446149
tabA_predicted,0.041666666666666664,23,23,CACGTTCGTGTTTCATTGGT,0,3452492
tabA_predicted,0.041666666666666664,23,23,ATGCTTGCACGTCCTTCTGA,0,3439442
tabA_predicted,0.041666666666666664,23,23,ATAGTACGGAGGACAACACA,0,3454785
tabA_predicted,0.041666666666666664,23,23,AGTGTATTGATCCTGCCTTC,0,3438473
tabA_predicted,0.041666666666666664,23,23,AGGTGATGATCTGCGTCAGT,0,3446643
tabA_predicted,0.041666666666666664,23,23,AGCGCAGAGTCCCAGCCTCT,0,3459910
tabA_predicted,0.041666666666666664,23,23,AGCGATGACTTACGGCATGA,0,3459460
tabA_predicted,0.041666666666666664,23,23,AGCAGTAGTAGGTGATGGCT,0,3460997
tabA_predicted,0.041666666666666664,23,23,AGATGACCGCAGGTGACCGA,0,3457818
tabA_predicted,0.041666666666666664,23,23,AGAGAGGTAATGCTTCAATC,0,3434234
tabA_predicted,0.041666666666666664,23,23,AGACAGGTGTAAGCTCGATT,0,3451562
tabA_predicted,0.041666666666666664,23,23,AGAAATGTGGATTGTATCCT,0,3441171
tabA_predicted,0.041666666666666664,23,23,ACGGTGCCACGGTAGTGTGC,0,3450584
tabA_predicted,0.041666666666666664,23,23,ACCGATTGAAAAAAGTCTGC,0,3446945
tabA_predicted,0.041666666666666664,23,23,ACCGAACGTGATCGAAGAAA,0,3447094
tabA_predicted,0.041666666666666664,23,23,ACATTATTTGGTATCTGTCA,0,3446986
tabA_predicted,0.041666666666666664,23,23,ACAAATTCATCTGCGGGCGG,0,3452230
tabA_predicted,0.041666666666666664,23,23,AATTCGAAATGTCGCTTGAA,0,3463304
tabA_predicted,0.041666666666666664,23,23,AAGTTATGACCGTAGTATGT,0,3447719
tabA_predicted,0.041666666666666664,23,23,AAGTATGATTGGGAACGGGG,0,3434367
tabA_predicted,0.041666666666666664,23,23,AAGGGGTATCTGGTTTTTGT,0,3434431
tabA_predicted,0.041666666666666664,23,23,AAGCTTATCGGGAGATCTAT,0,3449748
tabA_predicted,0.041666666666666664,23,23,AAATAAGAGGTCGTAGGTAT,0,3432008
tabA_predicted,0.041666666666666664,23,23,AAAGTTTTGGCCATCCCCAG,0,3436170
tabA_predicted,0.041666666666666664,23,23,AAAAAGATGGGTAACCCCAC,0,3431606
tabA_predicted,0.043478260869565216,22,22,TTAGGCACAATAATGTAGTA,0,3435101
tabA_predicted,0.043478260869565216,22,22,TGTATTCCTGTGTGTTAAGT,0,3444255
tabA_predicted,0.043478260869565216,22,22,TGGGAGACACCTTGTACTTG,0,3461541
tabA_predicted,0.043478260869565216,22,22,TGGCACCAAGTACGCAAGCT,0,3446797
tabA_predicted,0.043478260869565216,22,22,TGCCCGCTACACAAGACCAT,0,3445127
tabA_predicted,0.043478260869565216,22,22,TGAACGTACTGCCACTGAAG,0,3463384
tabA_predicted,0.043478260869565216,22,22,TCTGGGCTCTATCGGTAGCG,0,3436155
tabA_predicted,0.043478260869565216,22,22,TCGTCACTTCTAAGCTTAAC,0,3465709
tabA_predicted,0.043478260869565216,22,22,TCGGTACAAGTTCCATACGC,0,3451676
tabA_predicted,0.043478260869565216,22,22,TCGCTGAAAGTGTGCGTCTG,0,3461226
tabA_predicted,0.043478260869565216,22,22,TCCTGCCCTTCGTATATTTA,0,3463329
tabA_predicted,0.043478260869565216,22,22,TCCGGAAGTCAGTTCGAGAT,0,3443900
tabA_predicted,0.043478260869565216,22,22,TCAGCGACTTTCCATGTCGC,0,3435166
tabA_predicted,0.043478260869565216,22,22,TCACCAGCGAATGAACGTTT,0,3451596
tabA_predicted,0.043478260869565216,22,22,TCACAGTGCTCTCGTTCACA,0,3436742
tabA_predicted,0.043478260869565216,22,22,TCACAGGATGGACGGTAACA,0,3435985
tabA_predicted,0.043478260869565216,22,22,TCAACTTAAAGCATGTATAA,0,3438904
tabA_predicted,0.043478260869565216,22,22,TATTGCAACATGGCCTTTTG,0,3435119
tabA_predicted,0.043478260869565216,22,22,TATGTCATGTGATTGTGAAG,0,3438280
tabA_predicted,0.043478260869565216,22,22,TATGGCTTTGCGGATCGCCC,0,3449931
tabA_predicted,0.043478260869565216,22,22,TATCGGTGCGGTTCAAATGC,0,3439979
tabA_predicted,0.043478260869565216,22,22,TATAGCGGATCGGCAGATCT,0,3449178
tabA_predicted,0.043478260869565216,22,22,TAGCCGCATCCGGCCCTATC,0,3449563
tabA_predicted,0.043478260869565216,22,22,TACCTGATGCTTCGAACCCG,0,3457793
tabA_predicted,0.043478260869565216,22,22,TAAGCAAATCCCTCTTAATG,0,3463346
tabA_predicted,0.043478260869565216,22,22,GTGTAGACACATGATAGAGT,0,3445316
tabA_predicted,0.043478260869565216,22,22,GTCAAGTCACCTGGCGCTCC,0,3439899
tabA_predicted,0.043478260869565216,22,22,GGTGCTATTATTTAGCAACT,0,3441632
tabA_predicted,0.043478260869565216,22,22,GGTCTCCTTCTCGTCCATCA,0,3450688
tabA_predicted,0.043478260869565216,22,22,GGGTGCGTCCGCCTTTACTC,0,3437801
tabA_predicted,0.043478260869565216,22,22,GGGTCGTCTGGATGCTGGAT,0,3436455
tabA_predicted,0.043478260869565216,22,22,GGGGTCGTCCAGGCGCGGAA,0,3431931
tabA_predicted,0.043478260869565216,22,22,GGGCCGCCTGGCCTTGGGGA,0,3455895
tabA_predicted,0.043478260869565216,22,22,GGCGTCTGCCAGATAACACA,0,3434257
tabA_predicted,0.043478260869565216,22,22,GGACAAACGATGCTTCCATC,0,3448324
tabA_predicted,0.043478260869565216,22,22,GGAAGCTTATGTCAGAGCGT,0,3455626
tabA_predicted,0.043478260869565216,22,22,GCTATGTGTGCTATTCTCGA,0,3441127
tabA_predicted,0.043478260869565216,22,22,GCTAGAAGTATTGGACTATG,0,3448825
tabA_predicted,0.043478260869565216,22,22,GCGAAGTGCCACTTTCTACT,0,3455054
tabA_predicted,0.043478260869565216,22,22,GCCTTTTACTCTCGAACAGG,0,3450723
tabA_predicted,0.043478260869565216,22,22,GCCGTGAGGGATGTCACCAA,0,3438106
tabA_predicted,0.043478260869565216,22,22,GCAGCCGTTGGACCCGACTT,0,3438432
tabA_predicted,0.043478260869565216,22,22,GCACGTCTAGCAGTCTATTC,0,3439428
tabA_predicted,0.043478260869565216,22,22,GAGGCAGCACTATCCGTGTT,0,3450906
tabA_predicted,0.043478260869565216,22,22,GAGCGGGATCGTCTCCCTGC,0,3437620
tabA_predicted,0.043478260869565216,22,22,GAGATCAAATACGTCAGGGG,0,3447322
tabA_predicted,0.043478260869565216,22,22,GAGACGACAATCCTAGTCAC,0,3448141
tabA_predicted,0.043478260869565216,22,22,GACCATTTGGAGCTGCCTCC,0,3441158
tabA_predicted,0.043478260869565216,22,22,GAAAAATGTGAAACTTTTTC,0,3435898
tabA_predicted,0.043478260869565216,22,22,CTTTAGGTCCTTGCGTCTTC,0,3453905
tabA_predicted,0.043478260869565216,22,22,CTGGTCGGATGACGCATCGG,0,3436316
tabA_predicted,0.043478260869565216,22,22,CTGGTACATGTTAATCCAAT,0,3432414
tabA_predicted,0.043478260869565216,22,22,CTGGAGTAACACGAGTATAC,0,3436312
tabA_predicted,0.043478260869565216,22,22,CTCTCTCGCCTCTCATCCAG,0,3463493
tabA_predicted,0.043478260869565216,22,22,CTCAGTTATATACTTTGGAT,0,3445784
tabA_predicted,0.043478260869565216,22,22,CGTGGGATGCAGAGATGACA,0,3434558
tabA_predicted,0.043478260869565216,22,22,CGTGGCAGTCATTTACTTAC,0,3451311
tabA_predicted,0.043478260869565216,22,22,CGTCACGTACTTAAAGGGGT,0,3459492
tabA_predicted,0.043478260869565216,22,22,CGTATGGCGCACATAATGGT,0,3458233
tabA_predicted,0.043478260869565216,22,22,CGTACGACCAGTCCTTTCTT,0,3450270
tabA_predicted,0.043478260869565216,22,22,CGGTGCTCAAACAATCAGAT,0,3456666
tabA_predicted,0.043478260869565216,22,22,CGATGGGGGAAGATTATCGT,0,3451873
tabA_predicted,0.043478260869565216,22,22,CGAGAGATGCGAAGCACAGC,0,3441505
tabA_predicted,0.043478260869565216,22,22,CGAACTCGGCAGGGAAACTA,0,3449484
tabA_predicted,0.043478260869565216,22,22,CCTGTTTCGAGGCCTCAGCT,0,3450505
tabA_predicted,0.043478260869565216,22,22,CCTGCTGCTAGCTGCTTGAG,0,3463245
tabA_predicted,0.043478260869565216,22,22,CCGTCAGAACGGGCCAAACA,0,3433839
tabA_predicted,0.043478260869565216,22,22,CCGTCAGAAACGTCATCCGA,0,3443001
tabA_predicted,0.043478260869565216,22,22,CCGAGAACCCATAAGGGGAA,0,3455277
tabA_predicted,0.043478260869565216,22,22,CCCGATACATTGATGTGTAT,0,3451906
tabA_predicted,0.043478260869565216,22,22,CCCCCGACAGCACAGAGATT,0,3461431
tabA_predicted,0.043478260869565216,22,22,CCCAGTCAATCAGTGATCGG,0,3432429
tabA_predicted,0.043478260869565216,22,22,CCATTGTCAATAGTTGTTTT,0,3444171
tabA_predicted,0.043478260869565216,22,22,CAGGGTTCAGCATGTTCTTG,0,3458266
tabA_predicted,0.043478260869565216,22,22,CACTGATATCATGTGGGGGC,0,3447959
tabA_predicted,0.043478260869565216,22,22,CACGGTAGTGTAACCTGCAG,0,3437096
tabA_predicted,0.043478260869565216,22,22,CAAGACCACGCAGATAAGAA,0,3447392
tabA_predicted,0.043478260869565216,22,22,ATTATCCCCCACCTAGACAT,0,3436581
tabA_predicted,0.043478260869565216,22,22,ATTACGTGTTACCCACGGCT,0,3447718
tabA_predicted,0.043478260869565216,22,22,ATTACATTCTGGCGGCGTCA,0,3441061
tabA_predicted,0.043478260869565216,22,22,ATCCCTATAGAACGTGATCT,0,3452002
tabA_predicted,0.043478260869565216,22,22,ATATTGGCCAAAGGTGCCTC,0,3444174
tabA_predicted,0.043478260869565216,22,22,ATATCTGCATCGAATTCTGA,0,3458661
tabA_predicted,0.043478260869565216,22,22,ATAGCTACGGACTAGGCTTA,0,3452620
tabA_predicted,0.043478260869565216,22,22,ATACAATGATTTGATGGTAA,0,3441329
tabA_predicted,0.043478260869565216,22,22,ATAAGCCAAGTCTACGAGCA,0,3457581
tabA_predicted,0.043478260869565216,22,22,AGTGTTTCGGCAAAACGTGT,0,3436956
tabA_predicted,0.043478260869565216,22,22,AGTGAATGGCCGATGGAAGG,0,3437785
tabA_predicted,0.043478260869565216,22,22,AGTCGGCTAGACATCATAAA,0,3451479
tabA_predicted,0.043478260869565216,22,22,AGTACTATCCGACGTACGAA,0,3465971
tabA_predicted,0.043478260869565216,22,22,AGGGGACCTTAGAACGAGTA,0,3439010
tabA_predicted,0.043478260869565216,22,22,AGCCGGCCCAGTCAATTTAT,0,3441265
tabA_predicted,0.043478260869565216,22,22,AGCAGTAGCGAGTCAACTAT,0,3452409
tabA_predicted,0.043478260869565216,22,22,AGACATGGTCCCCTCAAGTA,0,3437001
tabA_predicted,0.043478260869565216,22,22,AGACAAATATGCCTGGACCA,0,3460725
tabA_predicted,0.043478260869565216,22,22,AGAATGTCTCCACGCCCCTG,0,3465866
tabA_predicted,0.043478260869565216,22,22,AGAACGCTGAGTCCGCTTGC,0,3431937
tabA_predicted,0.043478260869565216,22,22,ACGTCTTCTGTCCGCCCTAT,0,3431224
tabA_predicted,0.043478260869565216,22,22,ACGTAGGTAGACATTGTCTA,0,3447949
tabA_predicted,0.043478260869565216,22,22,ACCTTTTATAGGCGCTGATT,0,3464418
tabA_predicted,0.043478260869565216,22,22,ACCGCTTTCTGCGCGAGTAA,0,3456024
tabA_predicted,0.043478260869565216,22,22,ACCATAGTATTCTCTGGTGA,0,3450075
tabA_predicted,0.043478260869565216,22,22,AATTTCGCCTATTTCTGGTA,0,3461315
tabA_predicted,0.043478260869565216,22,22,AATGCATCTCGGCACATTAG,0,3440317
tabA_predicted,0.043478260869565216,22,22,AATGAGGACTAATTCTTTCC,0,3450426
tabA_predicted,0.043478260869565216,22,22,AATATATCCAGGTCGCTGCA,0,3450055
tabA_predicted,0.043478260869565216,22,22,AATAGTCTTCAGGTAGGAGT,0,3457363
tabA_predicted,0.043478260869565216,22,22,AAGTTCAAACTGACACGATA,0,3462579
tabA_predicted,0.043478260869565216,22,22,AAGAAAACCTAGCAAGAACG,0,3436853
tabA_predicted,0.043478260869565216,22,22,AACCGACGGGGCAGTGAAAC,0,3444002
tabA_predicted,0.043478260869565216,22,22,AAAGTAGGAAGTACCTAACA,0,3459986
tabA_predicted,0.045454545454545456,21,21,TTTTCGGGTGATACTACAAA,0,3451598
tabA_predicted,0.045454545454545456,21,21,TTGTCAGTTCACAGTTCGGT,0,3460709
tabA_predicted,0.045454545454545456,21,21,TTGCAGTTCAGGCTTCTCGA,0,3461055
tabA_predicted,0.045454545454545456,21,21,TTGATTAGCTTCCAGCGCGT,0,3456697
tabA_predicted,0.045454545454545456,21,21,TTCTTAGGCGACGAAGACTA,0,3435665
tabA_predicted,0.045454545454545456,21,21,TTCTGATATGAACACGACAG,0,3445048
tabA_predicted,0.045454545454545456,21,21,TTCATCATTGCACTTAATCT,0,3450919
tabA_predicted,0.045454545454545456,21,21,TTAGTTTAGGGAGCACGCCA,0,3462049
tabA_predicted,0.045454545454545456,21,21,TTACGTGGTCTGTTGATCGA,0,3443906
tabA_predicted,0.045454545454545456,21,21,TTAACCGAACAGACTAGAGT,0,3441410
tabA_predicted,0.045454545454545456,21,21,TTAAACTTCCATTAGGGTTG,0,3435661
tabA_predicted,0.045454545454545456,21,21,TGTCCAACTTAGATACCCAG,0,3462590
tabA_predicted,0.045454545454545456,21,21,TGGTTAAGGCTCCCGGGTTC,0,3455275
tabA_predicted,0.045454545454545456,21,21,TGCGCTTGTCCGGTGGTTAG,0,3460017
tabA_predicted,0.045454545454545456,21,21,TGAGGACATCGTTGATGTTG,0,3460005
tabA_predicted,0.045454545454545456,21,21,TGAGCGCACCTGGGGGTGGA,0,3453229
tabA_predicted,0.045454545454545456,21,21,TGAATACATTCACCGGCGAC,0,3448074
tabA_predicted,0.045454545454545456,21,21,TGAAGGTGAGGCTTCATGCT,0,3441744
tabA_predicted,0.045454545454545456,21,21,TGAAACAGGATAACACTCGC,0,3451711
tabA_predicted,0.045454545454545456,21,21,TCGGTGAGCTTGCCCCCCAT,0,3456931
tabA_predicted,0.045454545454545456,21,21,TCGCCAATCCCAATTGAGAT,0,3441789
tabA_predicted,0.045454545454545456,21,21,TCCTTTCTATCGACACGCCC,0,3446431
tabA_predicted,0.045454545454545456,21,21,TCCACGTACTCATTGGGAAT,0,3458798
tabA_predicted,0.045454545454545456,21,21,TATGGATGCGTGCTCTGATG,0,3459092
tabA_predicted,0.045454545454545456,21,21,TATCACGTGGCTAGGTTCCA,0,3456681
tabA_predicted,0.045454545454545456,21,21,TATAATGCCGGTTTGCGTAT,0,3437095
tabA_predicted,0.045454545454545456,21,21,TAGGCTGGCTACGTGATATT,0,3452694
tabA_predicted,0.045454545454545456,21,21,TACTTCCCAAAATGATTTGT,0,3459454
tabA_predicted,0.045454545454545456,21,21,TACTTAACGAGGCTTGTTTT,0,3439271
tabA_predicted,0.045454545454545456,21,21,TACGACCCGTGCTTCGGACA,0,3439462
tabA_predicted,0.045454545454545456,21,21,GTTCGGGGTCCCACAAGTGC,0,3436214
tabA_predicted,0.045454545454545456,21,21,GTGTAGGGATTTCCGACCTT,0,3449614
tabA_predicted,0.045454545454545456,21,21,GTGAAGGGGGAAAGTAAGCA,0,3448156
tabA_predicted,0.045454545454545456,21,21,GTCTAAGAGAGCAAGTTTGA,0,3445619
tabA_predicted,0.045454545454545456,21,21,GTCGTGTACTTTACGAGCCT,0,3442583
tabA_predicted,0.045454545454545456,21,21,GTCCTGTCCTGGAGCGTTGC,0,3441855
tabA_predicted,0.045454545454545456,21,21,GTAGTAAAAAGGGAGGGGAG,0,3460250
tabA_predicted,0.045454545454545456,21,21,GTAGAACTTTAATCCAGCTT,0,3436277
tabA_predicted,0.045454545454545456,21,21,GTAATTATCGCACCTGCTCC,0,3463522
tabA_predicted,0.045454545454545456,21,21,GGGCTGACATAACTAAAGGG,0,3460731
tabA_predicted,0.045454545454545456,21,21,GGGAAAAATAAGTGGAGTGA,0,3447930
tabA_predicted,0.045454545454545456,21,21,GGCTACGAACTTGGTCGTTG,0,3448184
tabA_predicted,0.045454545454545456,21,21,GGATTGGGCCTGCTAATTCC,0,3458181
tabA_predicted,0.045454545454545456,21,21,GGATGTCGGGCTCTAGCGGG,0,3456698
tabA_predicted,0.045454545454545456,21,21,GGACGCATGAGACCATTATA,0,3448498
tabA_predicted,0.045454545454545456,21,21,GCTTGCCTGGCATGCCCGCT,0,3445002
tabA_predicted,0.045454545454545456,21,21,GCTGCAGGGTTCCGATGCTG,0,3439710
tabA_predicted,0.045454545454545456,21,21,GCTAAGGTAAACCTCGAAAG,0,3432639
tabA_predicted,0.045454545454545456,21,21,GCGACTTGCTTAACGACCGA,0,3436073
tabA_predicted,0.045454545454545456,21,21,GCCGGGGCTGGCCCTTATAA,0,3432493
tabA_predicted,0.045454545454545456,21,21,GCCCGTGGTTCGTACGCAAA,0,3433609
tabA_predicted,0.045454545454545456,21,21,GCCCACTGCGCACCGGAGAA,0,3449212
tabA_predicted,0.045454545454545456,21,21,GCATTATTGATCTGTTGATG,0,3445243
tabA_predicted,0.045454545454545456,21,21,GCATTAGCACATAAAGTAGT,0,3460613
tabA_predicted,0.045454545454545456,21,21,GAGCAGGATTACTGCGTGGG,0,3444751
tabA_predicted,0.045454545454545456,21,21,GAGAGAGAACCCTAGTCTGC,0,3456475
tabA_predicted,0.045454545454545456,21,21,GAGAATTGTTTTCGGTGAAA,0,3456829
tabA_predicted,0.045454545454545456,21,21,GAATCCAGTGAGCCAGACGA,0,3463217
tabA_predicted,0.045454545454545456,21,21,GAACTAGCTAACATTGTAGT,0,3461758
tabA_predicted,0.045454545454545456,21,21,CTTTGCCGATGATCCAACAT,0,3449382
tabA_predicted,0.045454545454545456,21,21,CTTGTCTTTTGCATCAGGCA,0,3445633
tabA_predicted,0.045454545454545456,21,21,CTGTATAAGGACGCAACAGA,0,3454299
tabA_predicted,0.045454545454545456,21,21,CTGGCACAGCATTCATGCCA,0,3443945
tabA_predicted,0.045454545454545456,21,21,CTCTGGTGGCTACAAGCCCT,0,3459295
tabA_predicted,0.045454545454545456,21,21,CTCCGGAGACAAGAAACTTC,0,3432720
tabA_predicted,0.045454545454545456,21,21,CTACGGTAGGGCGGGGAAGG,0,3466044
tabA_predicted,0.045454545454545456,21,21,CTAATACGGGAAAGCGTCGG,0,3458349
tabA_predicted,0.045454545454545456,21,21,CGTGCGAACAAGGCCCCGGA,0,3449445
tabA_predicted,0.045454545454545456,21,21,CGGCTCCTTTCATTAAAAGC,0,3433984
tabA_predicted,0.045454545454545456,21,21,CGCCCCGTTCAAAATGTGTA,0,3442134
tabA_predicted,0.045454545454545456,21,21,CGCAGCTTCTGACGACCTCT,0,3459513
tabA_predicted,0.045454545454545456,21,21,CGATATATTAACCAGAGAAC,0,3451904
tabA_predicted,0.045454545454545456,21,21,CGACTTACTTGAAGTTTATT,0,3454112
tabA_predicted,0.045454545454545456,21,21,CGACTACTAGTGGCCACATT,0,3450024
tabA_predicted,0.045454545454545456,21,21,CCGTCAATTTTCTAGTGCCA,0,3452408
tabA_predicted,0.045454545454545456,21,21,CCGGGGGAGCTCCCGCAATG,0,3446741
tabA_predicted,0.045454545454545456,21,21,CCGCGCTTGTTACTCGCTTT,0,3434904
tabA_predicted,0.045454545454545456,21,21,CCGCGCAACATTCCGACCTA,0,3457943
tabA_predicted,0.045454545454545456,21,21,CCGCCTTACTGGACTAATTT,0,3449578
tabA_predicted,0.045454545454545456,21,21,CCCTGGGCCCTTGGCACGCG,0,3440476
tabA_predicted,0.045454545454545456,21,21,CCCTCGATTGGAATCTTAGT,0,3432801
tabA_predicted,0.045454545454545456,21,21,CCCCTGGCGGTAACGATAGA,0,3459141
tabA_predicted,0.045454545454545456,21,21,CCCATGTATTGGCTTCATCG,0,3442194
tabA_predicted,0.045454545454545456,21,21,CCAACCGCTCGACTATAAAA,0,3453051
tabA_predicted,0.045454545454545456,21,21,CATACGCCTAAGAATTGTAG,0,3431941
tabA_predicted,0.045454545454545456,21,21,CACTGACTAACTTATGAGCT,0,3459852
tabA_predicted,0.045454545454545456,21,21,CACCTTGTACACCCCATCTA,0,3450266
tabA_predicted,0.045454545454545456,21,21,CAATTACTCGAACACATCCT,0,3441797
tabA_predicted,0.045454545454545456,21,21,CAAGATTAGAAATACAGAAG,0,3455199
tabA_predicted,0.045454545454545456,21,21,ATTACAGCTTCTTAATGGCA,0,3452772
tabA_predicted,0.045454545454545456,21,21,ATGGTGATAGCCCACATCAA,0,3453466
tabA_predicted,0.045454545454545456,21,21,ATGGCTAGAAGGCATCCTGC,0,3440331
tabA_predicted,0.045454545454545456,21,21,ATGGCCACGGCGGATTGGGG,0,3459879
tabA_predicted,0.045454545454545456,21,21,ATATGTTAATCATGTTCGTG,0,3433193
tabA_predicted,0.045454545454545456,21,21,ATATGCGACCGGCGACCTCC,0,3452528
tabA_predicted,0.045454545454545456,21,21,ATACGGGCACTAAAGTAAAT,0,3448890
tabA_predicted,0.045454545454545456,21,21,AGTTGGCTTGCTGCTGCCTC,0,3457984
tabA_predicted,0.045454545454545456,21,21,AGTGAGCCGGGGTGTGTTGT,0,3461135
tabA_predicted,0.045454545454545456,21,21,AGTGACTTCCTGCCCGGGAG,0,3450797
tabA_predicted,0.045454545454545456,21,21,AGTCTTGACGATGGTGTGGT,0,3462241
tabA_predicted,0.045454545454545456,21,21,AGTCTTAATCCCGTGCTTGT,0,3437706
tabA_predicted,0.045454545454545456,21,21,AGTAGACGCAACGGTGTTAC,0,3440023
tabA_predicted,0.045454545454545456,21,21,AGGGGCTCTCCGAGTGGTCT,0,3464558
tabA_predicted,0.045454545454545456,21,21,AGGGGATTAGATCCCGCGTT,0,3458507
tabA_predicted,0.045454545454545456,21,21,AGGCTGACCAACCTAACACC,0,3436191
tabA_predicted,0.045454545454545456,21,21,AGAGTAATAGCGGTAGGCGT,0,3452790
tabA_predicted,0.045454545454545456,21,21,ACTTGCCAGCCTCGGACAGA,0,3440478
tabA_predicted,0.045454545454545456,21,21,ACTGGTGCTTGTTCGACGAG,0,3462468
tabA_predicted,0.045454545454545456,21,21,ACTGCGACAGCACGGTCTAG,0,3465439
tabA_predicted,0.045454545454545456,21,21,ACTCCCGATCTGCCAGGAAC,0,3462372
tabA_predicted,0.045454545454545456,21,21,ACTAAAGCGGCAGAGGTAAA,0,3447777
tabA_predicted,0.045454545454545456,21,21,ACGCGAAACTACAACGGTGC,0,3436153
tabA_predicted,0.045454545454545456,21,21,ACGACTCCAGAAGGTAAACG,0,3437408
tabA_predicted,0.045454545454545456,21,21,AAGGTAAAGGCCATAGATAT,0,3455614
tabA_predicted,0.045454545454545456,21,21,AAGCGTCACTTCAATGGGTG,0,3466328
tabA_predicted,0.045454545454545456,21,21,AAGATGGTCGGCCTTGCGTG,0,3439474
tabA_predicted,0.045454545454545456,21,21,AACTTTCTAATGATTAAATT,0,3434979
tabA_predicted,0.045454545454545456,21,21,AACGGGCACTTAACAATTCC,0,3448063
tabA_predicted,0.045454545454545456,21,21,AACATTAGCGTATCTCCAGT,0,3441389
tabA_predicted,0.047619047619047616,20,20,TTGAGCTGAGGAATCCGATC,0,3463503
tabA_predicted,0.047619047619047616,20,20,TTGAAGGAGAGCTAGATGAA,0,3433749
tabA_predicted,0.047619047619047616,20,20,TTCTTTAGAAGACGCAGTGG,0,3456059
tabA_predicted,0.047619047619047616,20,20,TTCGTGTGGTTTTTAGAACG,0,3452867
tabA_predicted,0.047619047619047616,20,20,TTCCGCAGGGTTAGCTATAG,0,3456700
tabA_predicted,0.047619047619047616,20,20,TTAGGTATTACACTTTGTGA,0,3431701
tabA_predicted,0.047619047619047616,20,20,TTACGTTTCGTTATTGTAGC,0,3437742
tabA_predicted,0.047619047619047616,20,20,TTAATTGCCTAGTAATCCTG,0,3436270
tabA_predicted,0.047619047619047616,20,20,TGTTCGGGATAGTGAGGGAA,0,3442064
tabA_predicted,0.047619047619047616,20,20,TGTGTCAGATTCGCGTTGAC,0,3435124
tabA_predicted,0.047619047619047616,20,20,TGTGGAGTGAAAGCATGGTA,0,3445076
tabA_predicted,0.047619047619047616,20,20,TGGCTGTCTCTGTCGCGGAA,0,3442175
tabA_predicted,0.047619047619047616,20,20,TGGATACTCAGGCGACTTTT,0,3442402
tabA_predicted,0.047619047619047616,20,20,TGCAATATAAACGATTGGAT,0,3444307
tabA_predicted,0.047619047619047616,20,20,TGAGTTAGTCAGCTCTGAGC,0,3452677
tabA_predicted,0.047619047619047616,20,20,TCTCGATCCAGGGCACGAGA,0,3446447
tabA_predicted,0.047619047619047616,20,20,TCTCCAAACCATCTATAGAT,0,3443048
tabA_predicted,0.047619047619047616,20,20,TCGTTCAACCTAGTACTGAG,0,3455836
tabA_predicted,0.047619047619047616,20,20,TCGGGATACGCCTACTCAGC,0,3437718
tabA_predicted,0.047619047619047616,20,20,TCCACCTTCCCACGGTTTAG,0,3435323
tabA_predicted,0.047619047619047616,20,20,TCACACCAATTGTAGTTTGG,0,3445222
tabA_predicted,0.047619047619047616,20,20,TATTCTCGTGGTAGGTGTCA,0,3434905
tabA_predicted,0.047619047619047616,20,20,TATTCAAATCCTTCGCCGCC,0,3432294
tabA_predicted,0.047619047619047616,20,20,TATGAGTCACTCCAGAGAAT,0,3449467
tabA_predicted,0.047619047619047616,20,20,TATGACGACGATAAGAGAGG,0,3447687
tabA_predicted,0.047619047619047616,20,20,TATGACCTCAATTGATAGGT,0,3438433
tabA_predicted,0.047619047619047616,20,20,TATCATTGAGTTAACTATAG,0,3437721
tabA_predicted,0.047619047619047616,20,20,TATAGTTGTTCCGGGGAGGT,0,3455371
tabA_predicted,0.047619047619047616,20,20,TATAATTCAACGTCGAGGAC,0,3460698
tabA_predicted,0.047619047619047616,20,20,TAGGTCGAATCACGACATTA,0,3454673
tabA_predicted,0.047619047619047616,20,20,TAGCTACTTTAGTTAGGTGA,0,3434762
tabA_predicted,0.047619047619047616,20,20,TAGAACGTGCCGATGGGAGA,0,3442743
tabA_predicted,0.047619047619047616,20,20,TACTCGCAGGACAAACGGGA,0,3439545
tabA_predicted,0.047619047619047616,20,20,TACTCCCAGCTGCGTTGTTT,0,3455648
tabA_predicted,0.047619047619047616,20,20,TAATCGGCAGACTTTGCTAT,0,3461441
tabA_predicted,0.047619047619047616,20,20,TAACGACCTACAGGATGCGA,0,3442588
tabA_predicted,0.047619047619047616,20,20,TAAATTCAGGGACCTGTGCT,0,3452074
tabA_predicted,0.047619047619047616,20,20,GTTTTGTCCGTCCCATTTTA,0,3450050
tabA_predicted,0.047619047619047616,20,20,GTTTATCTACTACATGGGTA,0,3442767
tabA_predicted,0.047619047619047616,20,20,GTTCGAGTTAAGCCAAAGAA,0,3456644
tabA_predicted,0.047619047619047616,20,20,GTGCGGCCGGAGGAGTTTGG,0,3456695
tabA_predicted,0.047619047619047616,20,20,GTGCCTCAATATGCTAGGCT,0,3435326
tabA_predicted,0.047619047619047616,20,20,GTGAGTGGGTCAACTATTTT,0,3459751
tabA_predicted,0.047619047619047616,20,20,GTCTTCTGACAAGGACAGAC,0,3453737
tabA_predicted,0.047619047619047616,20,20,GTCTACAATACTCTTATCAG,0,3437916
tabA_predicted,0.047619047619047616,20,20,GTCAGGGGAATCTGCGTGAG,0,3459178
tabA_predicted,0.047619047619047616,20,20,GTCAATGGTCCGGGCACGTT,0,3445513
tabA_predicted,0.047619047619047616,20,20,GTATCTGCTCTAGTGTCGTT,0,3431865
tabA_predicted,0.047619047619047616,20,20,GTACGAACTCTAATTGCGAT,0,3445278
tabA_predicted,0.047619047619047616,20,20,GTAACCAGCAAGCTTAGCCA,0,3450131
tabA_predicted,0.047619047619047616,20,20,GGTATCAGCTTGGAGTTTTA,0,3456797
tabA_predicted,0.047619047619047616,20,20,GGGTTATGAAAAGGGTCGTT,0,3438377
tabA_predicted,0.047619047619047616,20,20,GGGGACGACCGTTTCGCCGA,0,3452159
tabA_predicted,0.047619047619047616,20,20,GGCTACATCGCTTGTGCGTA,0,3462271
tabA_predicted,0.047619047619047616,20,20,GGCCTGGCCGGCGCCTGCAG,0,3446406
tabA_predicted,0.047619047619047616,20,20,GGCCGTGGTTGAAAATCTTT,0,3434737
tabA_predicted,0.047619047619047616,20,20,GGATCTTGGTATACGATAAC,0,3445102
tabA_predicted,0.047619047619047616,20,20,GGAGCCTTTGTGGCTGGACT,0,3432369
tabA_predicted,0.047619047619047616,20,20,GGAGAAAACGCATCGTGTGC,0,3431564
tabA_predicted,0.047619047619047616,20,20,GCGTTCCCACAAAGCAGATA,0,3453412
tabA_predicted,0.047619047619047616,20,20,GCGTCGAAGCAAGCTACGAA,0,3446032
tabA_predicted,0.047619047619047616,20,20,GCGGGGGGATACACGGTCGC,0,3441409
tabA_predicted,0.047619047619047616,20,20,GCGGCGTGGGCCTCCCATAC,0,3451183
tabA_predicted,0.047619047619047616,20,20,GCGCCGCAGATTTGGTGCCC,0,3434527
tabA_predicted,0.047619047619047616,20,20,GCGCAGCTTGCGTTTTATTG,0,3447871
tabA_predicted,0.047619047619047616,20,20,GCGAGCCGCATATCCGTGAG,0,3442065
tabA_predicted,0.047619047619047616,20,20,GCGAAACCGTAAGAGCACTA,0,3453568
tabA_predicted,0.047619047619047616,20,20,GCATCAGTTTACGCCCATAT,0,3437217
tabA_predicted,0.047619047619047616,20,20,GCAATAATCGAGACACGAAA,0,3461061
tabA_predicted,0.047619047619047616,20,20,GCAAACGGCGTTTATGTTAG,0,3454114
tabA_predicted,0.047619047619047616,20,20,GATGCATGTTGGTGAAGTTA,0,3439686
tabA_predicted,0.047619047619047616,20,20,GAGTCTCCGTCGAGCGGTTC,0,3441131
tabA_predicted,0.047619047619047616,20,20,GAGTAAGGGTGGCATAAACG,0,3451375
tabA_predicted,0.047619047619047616,20,20,GAGCATGGAATTGATAGGTA,0,3443200
tabA_predicted,0.047619047619047616,20,20,GAGCAACTGCGACTTGGCCA,0,3434923
tabA_predicted,0.047619047619047616,20,20,GAGACCTCTGCAACCAGGAG,0,3433690
tabA_predicted,0.047619047619047616,20,20,GACTACATCCCAGGCTCATC,0,3444080
tabA_predicted,0.047619047619047616,20,20,GACCTAGACCGGTGTGAATT,0,3464993
tabA_predicted,0.047619047619047616,20,20,GACAGGCAGATAAGGCGCAG,0,3447844
tabA_predicted,0.047619047619047616,20,20,GACAGCCGGATAACGCGCAG,0,3461250
tabA_predicted,0.047619047619047616,20,20,GACAACTTCTGCCGGCGCGA,0,3437397
tabA_predicted,0.047619047619047616,20,20,GAACCATAGTCTGTTTGGCA,0,3432051
tabA_predicted,0.047619047619047616,20,20,GAACAATTTCGAGCGAAACT,0,3431253
tabA_predicted,0.047619047619047616,20,20,GAAACATCGTAGTCAACCGA,0,3459684
tabA_predicted,0.047619047619047616,20,20,CTTCTGGCATGACAGGCACA,0,3437334
tabA_predicted,0.047619047619047616,20,20,CTTCACGTGGTCGAAACAGT,0,3443068
tabA_predicted,0.047619047619047616,20,20,CTGCGGATCAAGGCTTAAGT,0,3448924
tabA_predicted,0.047619047619047616,20,20,CTGAAAATTTATCAGTGGAT,0,3438764
tabA_predicted,0.047619047619047616,20,20,CTCCTATCAGTACGGTGAGT,0,3432215
tabA_predicted,0.047619047619047616,20,20,CTCATCCCTACGAAGAGCGT,0,3438385
tabA_predicted,0.047619047619047616,20,20,CTAGGAAACACCTGTGTCCT,0,3442646
tabA_predicted,0.047619047619047616,20,20,CTACGATACCGTAGCGATCA,0,3460388
tabA_predicted,0.047619047619047616,20,20,CGTGCCCGCGCTTTGGGATA,0,3459098
tabA_predicted,0.047619047619047616,20,20,CGGCATAACTTCACAAGACT,0,3461808
tabA_predicted,0.047619047619047616,20,20,CGCTTAGCTTGAGGAGACTG,0,3442145
tabA_predicted,0.047619047619047616,20,20,CGCCAACCACATAAGTGTTT,0,3443562
tabA_predicted,0.047619047619047616,20,20,CGATTCGGATTTGATTAGAT,0,3433819
tabA_predicted,0.047619047619047616,20,20,CGATACCTGGTTCGAATTTT,0,3443161
tabA_predicted,0.047619047619047616,20,20,CGATAATGCCGACTTGATAC,0,3444942
tabA_predicted,0.047619047619047616,20,20,CGAACAGCAAGCGATGTTGC,0,3439294
tabA_predicted,0.047619047619047616,20,20,CCTCATGCTAGTTGCCTAAA,0,3448977
tabA_predicted,0.047619047619047616,20,20,CCTAGTCTGGAATCCACCCC,0,3443361
tabA_predicted,0.047619047619047616,20,20,CCGTTTGGGCGCGTTTCGAA,0,3439895
tabA_predicted,0.047619047619047616,20,20,CCGTACCCCTTTAATTCTTA,0,3456267
tabA_predicted,0.047619047619047616,20,20,CCGAAGGAGATGAACGTTCC,0,3458875
tabA_predicted,0.047619047619047616,20,20,CCCTCTCAGAAAACAATAAC,0,3455123
tabA_predicted,0.047619047619047616,20,20,CCCGGGCGAAGAGGTGTCAA,0,3462328
tabA_predicted,0.047619047619047616,20,20,CCCGATCTCAAGATCGTTGG,0,3462207
tabA_predicted,0.047619047619047616,20,20,CCCCGCAACGCTCTAGTTTT,0,3432789
tabA_predicted,0.047619047619047616,20,20,CCCAGGCTTCGTCTAAGCTA,0,3466095
tabA_predicted,0.047619047619047616,20,20,CCATTACGAAGAGGTAGACG,0,3453812
tabA_predicted,0.047619047619047616,20,20,CCAGTATACTTGGATTGCAC,0,3454676
tabA_predicted,0.047619047619047616,20,20,CATTTAATTGAATTAAACGT,0,3445966
tabA_predicted,0.047619047619047616,20,20,CAGGGTTGGGTGGATTAACC,0,3453952
tabA_predicted,0.047619047619047616,20,20,CACTTCGAATTGCCTGGTGT,0,3458795
tabA_predicted,0.047619047619047616,20,20,CACCCAGGGCAGGTGAAGAG,0,3449676
tabA_predicted,0.047619047619047616,20,20,CAATTAATGGGGCTTTTAGG,0,3444349
tabA_predicted,0.047619047619047616,20,20,CAATCCAGTCACGCTCAATT,0,3435278
tabA_predicted,0.047619047619047616,20,20,CAAGCCAGTGCCACAGACCG,0,3451595
tabA_predicted,0.047619047619047616,20,20,CAACAGGTTTATCAACACGA,0,3450892
tabA_predicted,0.047619047619047616,20,20,ATTTAGTGAATGACGTTTAT,0,3435596
tabA_predicted,0.047619047619047616,20,20,ATTCCTAATTATCGTTGCTC,0,3452472
tabA_predicted,0.047619047619047616,20,20,ATGAACCTTCTGGGTTGCTT,0,3436927
tabA_predicted,0.047619047619047616,20,20,ATCTCACAAAGGGGCTCTTT,0,3458452
tabA_predicted,0.047619047619047616,20,20,ATCCGCGCTCCACCCATTAA,0,3458876
tabA_predicted,0.047619047619047616,20,20,ATCCGCATGGTTCTAGAGCA,0,3449892
tabA_predicted,0.047619047619047616,20,20,ATCCACACGTTAGTTAGTCT,0,3447209
tabA_predicted,0.047619047619047616,20,20,ATCATTTACACACTTGATTA,0,3454008
tabA_predicted,0.047619047619047616,20,20,ATCACCTGGTGACATCGGCG,0,3439295
tabA_predicted,0.047619047619047616,20,20,ATATGTTTGGCCTCGGACAT,0,3441186
tabA_predicted,0.047619047619047616,20,20,ATAGCGACGTCTTGCCCGGC,0,3446082
tabA_predicted,0.047619047619047616,20,20,ATAGAGCTTCGGAACCATTT,0,3448720
tabA_predicted,0.047619047619047616,20,20,ATACACGATGGGTCGAGTTA,0,3442383
tabA_predicted,0.047619047619047616,20,20,AGTTCAAGAAGGAACACGTC,0,3444388
tabA_predicted,0.047619047619047616,20,20,AGTTAGCGAGTCTGGCCGCT,0,3450504
tabA_predicted,0.047619047619047616,20,20,AGTGGCTGCCACAGTACACT,0,3453554
tabA_predicted,0.047619047619047616,20,20,AGGTCATGTTTCTGGTTCTT,0,3451115
tabA_predicted,0.047619047619047616,20,20,AGGGTACGCGCGGCAGACAA,0,3456696
tabA_predicted,0.047619047619047616,20,20,AGGCGGAATACCCACGCATC,0,3452901
tabA_predicted,0.047619047619047616,20,20,AGGCATCTACACGTCGGGAA,0,3458515
tabA_predicted,0.047619047619047616,20,20,AGCTTAAAAGAGCTTATAAC,0,3445188
tabA_predicted,0.047619047619047616,20,20,ACTTGGAGATCGGGGGGTAA,0,3447920
tabA_predicted,0.047619047619047616,20,20,ACTTCCTGCGAGCTAAATAG,0,3439697
tabA_predicted,0.047619047619047616,20,20,ACTAATTTTTGCTACTTTGC,0,3432878
tabA_predicted,0.047619047619047616,20,20,ACTAAACGCCGTCTAAAATA,0,3440568
tabA_predicted,0.047619047619047616,20,20,ACGGCATTCGGACCCTTATG,0,3437333
tabA_predicted,0.047619047619047616,20,20,ACGCCTTTAATGTGTCGATC,0,3458077
tabA_predicted,0.047619047619047616,20,20,ACCGGTGGAGTTGCGCATCT,0,3455309
tabA_predicted,0.047619047619047616,20,20,ACAAGCGTTGCTGATCCATG,0,3433098
tabA_predicted,0.047619047619047616,20,20,AATAACAAATCCAATCGGAG,0,3438888
tabA_predicted,0.047619047619047616,20,20,AAGTAACAAATCCATAAACT,0,3456510
tabA_predicted,0.047619047619047616,20,20,AAGGCATCCTTGCTAGCTGA,0,3433044
tabA_predicted,0.047619047619047616,20,20,AAGGAGACATCGTGAATAGG,0,3431611
tabA_predicted,0.047619047619047616,20,20,AAGGAACTACCGTCGGCGGT,0,3439822
tabA_predicted,0.047619047619047616,20,20,AAGAGCCTCCCGTCAGGGGA,0,3441888
tabA_predicted,0.047619047619047616,20,20,AAGACTCAGTCGGAAACTCG,0,3453902
tabA_predicted,0.047619047619047616,20,20,AACGTGGAAGGCACGAACTA,0,3448236
tabA_predicted,0.047619047619047616,20,20,AACACTTAGGTATAACCTAT,0,3434829
tabA_predicted,0.047619047619047616,20,20,AACAAACGCAGTTTTTCATA,0,3460147
tabA_predicted,0.047619047619047616,20,20,AAATTGATCATGGGCCAGGA,0,3453898
tabA_predicted,0.047619047619047616,20,20,AAAGGCTCAAGTTCATGACC,0,3460671
tabA_predicted,0.047619047619047616,20,20,AAAGGACGGAACAACCGTAT,0,3459512
tabA_predicted,0.047619047619047616,20,20,AAAGAGCGGGCAATGAAACG,0,3451637
tabA_predicted,0.047619047619047616,20,20,AAAGACCAGGGGCAACAGAG,0,3456457
tabA_predicted,0.047619047619047616,20,20,AAACGGGCTATAAGCACGCT,0,3439215
tabA_predicted,0.047619047619047616,20,20,AAAATTAATGTTGAACAATC,0,3439379
tabA_predicted,0.05,19,19,TTTTGGAGTCGGAGACACGT,0,3445588
tabA_predicted,0.05,19,19,TTTACGAGCAGTGTACGTAT,0,3437778
tabA_predicted,0.05,19,19,TTGGCAAATGTATCGAAGGA,0,3440008
tabA_predicted,0.05,19,19,TTGAGACGTGTTAACGGGTA,0,3452998
tabA_predicted,0.05,19,19,TTCTCTTGCCACCAACAGGA,0,3448670
tabA_predicted,0.05,19,19,TTCGTACCCTGGGACCAAAG,0,3440762
tabA_predicted,0.05,19,19,TTCCAACCCCTATTTTCGCA,0,3433536
tabA_predicted,0.05,19,19,TGTGGTTCTCGAAGGGGGCA,0,3463970
tabA_predicted,0.05,19,19,TGTGACTAGATACATTCAAT,0,3449930
tabA_predicted,0.05,19,19,TGTAAGTTACGTTGGCACCG,0,3441972
tabA_predicted,0.05,19,19,TGGTCCGCTGGGTGCGGGTA,0,3458243
tabA_predicted,0.05,19,19,TGGAGGGGCGGCTTAAAGGG,0,3447828
tabA_predicted,0.05,19,19,TGGAAAACGTTTTCGGGGCT,0,3454438
tabA_predicted,0.05,19,19,TGCCAGTACGTTGGTTAGAT,0,3443323
tabA_predicted,0.05,19,19,TGCACGCTGCCTTCGGGCTT,0,3442072
tabA_predicted,0.05,19,19,TGAAGTGGCCCTCCTTGATT,0,3436879
tabA_predicted,0.05,19,19,TCTTGGGACCATATAGACCT,0,3434767
tabA_predicted,0.05,19,19,TCTGACTTGCTAAAGAACAA,0,3458078
tabA_predicted,0.05,19,19,TCGATTGCTGAGCGCAATTT,0,3453826
tabA_predicted,0.05,19,19,TCGAAGCATGATGGTACGTT,0,3442938
tabA_predicted,0.05,19,19,TCCGGAACGAGGGTGGTTGT,0,3440107
tabA_predicted,0.05,19,19,TCAGGATGCATGGCTTCCAT,0,3441527
tabA_predicted,0.05,19,19,TCAAATGGTTGTTCTATACA,0,3433500
tabA_predicted,0.05,19,19,TATTGTGCAACAGGATCGAT,0,3438641
tabA_predicted,0.05,19,19,TATTCATGTGGTCGCGATCA,0,3444744
tabA_predicted,0.05,19,19,TATGTCTTATCTCAACTCAA,0,3447184
tabA_predicted,0.05,19,19,TAGGTTTCGAATGAACGTTG,0,3459634
tabA_predicted,0.05,19,19,TAGGAACTTCGGTTTCTCAC,0,3456068
tabA_predicted,0.05,19,19,TACGAGCGTTCGCCCTAAGC,0,3465642
tabA_predicted,0.05,19,19,TAATGTGAGGGTGTGCGCTG,0,3434189
tabA_predicted,0.05,19,19,TAATGGGGTGGCGAATGTTG,0,3447534
tabA_predicted,0.05,19,19,TAATGAAGTTGTCTCACACG,0,3454884
tabA_predicted,0.05,19,19,GTTTCTGCACTCTAAGTGGG,0,3439180
tabA_predicted,0.05,19,19,GTGTGTGCACTGCCTTTATT,0,3446246
tabA_predicted,0.05,19,19,GTCTGTCTTGACCAGACCAG,0,3459747
tabA_predicted,0.05,19,19,GTCGGCCCTACGATCGGGGA,0,3439026
tabA_predicted,0.05,19,19,GTCCCGTTGCGCAATACGCA,0,3462383
tabA_predicted,0.05,19,19,GTAAGGGAAGACTTGCTTCT,0,3456313
tabA_predicted,0.05,19,19,GGTCGATCTACCGGAGACTG,0,3447757
tabA_predicted,0.05,19,19,GGTATGGTTGCCACATATTT,0,3444228
tabA_predicted,0.05,19,19,GGGTCTAGCGACTCCTCATA,0,3450616
tabA_predicted,0.05,19,19,GGGGATAATCATTGAACGCG,0,3461759
tabA_predicted,0.05,19,19,GGCGGCCGCGCCTCATGGCT,0,3455897
tabA_predicted,0.05,19,19,GGCGCCAGGGTAAACCCGAA,0,3433029
tabA_predicted,0.05,19,19,GGCACATCTGGTGATGGCAA,0,3448949
tabA_predicted,0.05,19,19,GGATTCTGGTCTAGTAGGAT,0,3448262
tabA_predicted,0.05,19,19,GGAGCTCGTTGCTAGACGGG,0,3435548
tabA_predicted,0.05,19,19,GGACTATTCGTCGCTGATCG,0,3457392
tabA_predicted,0.05,19,19,GGACAGTAGACTATGCGCCA,0,3454476
tabA_predicted,0.05,19,19,GCTATTCAGCGTCTTGCCCT,0,3435949
tabA_predicted,0.05,19,19,GCTATATTTGGCTGTGCTAG,0,3442584
tabA_predicted,0.05,19,19,GCGTTTAGAATACCCTTATG,0,3434311
tabA_predicted,0.05,19,19,GCGTCCGGTAAGACTTGGAC,0,3438307
tabA_predicted,0.05,19,19,GCCTTGTTAATTAGGGCGCG,0,3453159
tabA_predicted,0.05,19,19,GCCTTGCGTGCCCCAAAGTC,0,3445489
tabA_predicted,0.05,19,19,GCCTTGAACAGGCTAAAAGG,0,3435476
tabA_predicted,0.05,19,19,GCCTATACGCTTGCTAAGGC,0,3457809
tabA_predicted,0.05,19,19,GATTTGTCTTCTTAATTTCC,0,3439544
tabA_predicted,0.05,19,19,GATTTAGCGCCTCAGAAGCA,0,3436135
tabA_predicted,0.05,19,19,GATGGAAATTCAAGTACCCC,0,3442985
tabA_predicted,0.05,19,19,GATCTCGACAGGGCGGCGAG,0,3463705
tabA_predicted,0.05,19,19,GAGTGCGCGCCGTATTCCAA,0,3432365
tabA_predicted,0.05,19,19,GAGTCGGCACGCTAAGCTCA,0,3457246
tabA_predicted,0.05,19,19,GAGCCGGGATATATAGGATT,0,3434978
tabA_predicted,0.05,19,19,GACAACGGACCGTGGGTTTC,0,3466163
tabA_predicted,0.05,19,19,GAATCTAAGTCATTTTGAGA,0,3442487
tabA_predicted,0.05,19,19,GAACGTCGGAAGACTGGCCA,0,3433623
tabA_predicted,0.05,19,19,GAACGCCTTGCGCGTCCTAG,0,3437521
tabA_predicted,0.05,19,19,GAAACTTATTTGAGTGCTTT,0,3439590
tabA_predicted,0.05,19,19,GAAAATCGACACGCAAAAAG,0,3458854
tabA_predicted,0.05,19,19,GAAAACGGACGCGGCTCCCC,0,3450978
tabA_predicted,0.05,19,19,CTTTTTGCACGATGGGCCTC,0,3458545
tabA_predicted,0.05,19,19,CTTTAGGGGCCTCGGAGTTC,0,3444285
tabA_predicted,0.05,19,19,CTTGAACCTTTGGGTGACGG,0,3450317
tabA_predicted,0.05,19,19,CTTAATGGCGTTTTAGGAGC,0,3441188
tabA_predicted,0.05,19,19,CTTAAGTCCGACCTGGGAGC,0,3434326
tabA_predicted,0.05,19,19,CTGGTCCACCGTCAACGAGA,0,3439999
tabA_predicted,0.05,19,19,CTCTTCATCGATTATCTCGA,0,3436821
tabA_predicted,0.05,19,19,CTCGCCCGAACGTGAGGGAG,0,3434350
tabA_predicted,0.05,19,19,CTCCCGTCTGAAGCATTCGA,0,3461009
tabA_predicted,0.05,19,19,CTAATAAGCCGTTCGAGTTG,0,3446981
tabA_predicted,0.05,19,19,CGTAAAGGGTGCGCATGTCA,0,3439483
tabA_predicted,0.05,19,19,CGGTCTACCGCGTCACGCGT,0,3450546
tabA_predicted,0.05,19,19,CGGGAGAGACCGGTTATGGA,0,3443892
tabA_predicted,0.05,19,19,CGGACGTGTAATGGGGAAGT,0,3443790
tabA_predicted,0.05,19,19,CGCGTCGCCGGTCAGCTCCT,0,3465983
tabA_predicted,0.05,19,19,CGCGGGGTGGCTAGGTCCGA,0,3459757
tabA_predicted,0.05,19,19,CGCGGGCGTCGGTCAATCTC,0,3459894
tabA_predicted,0.05,19,19,CGCATCTTTTGTGTGGACTG,0,3460053
tabA_predicted,0.05,19,19,CGCAGGTTGAACTGCTCGCT,0,3449355
tabA_predicted,0.05,19,19,CCGGATAAAGGCACGGACAT,0,3432601
tabA_predicted,0.05,19,19,CCCTTCACGAAGCCCGAGCG,0,3436084
tabA_predicted,0.05,19,19,CCCAAGGTGCTTGTAACAAC,0,3439278
tabA_predicted,0.05,19,19,CCAGGACATTCGGTGCATTT,0,3462855
tabA_predicted,0.05,19,19,CCACTAGGCGATGGAGACGC,0,3433811
tabA_predicted,0.05,19,19,CCAACAGGCAGAAAGAATCT,0,3444023
tabA_predicted,0.05,19,19,CATAAAGACTTACCGAGTGG,0,3456981
tabA_predicted,0.05,19,19,CAGTAAAGCTGTGAAGACTG,0,3431911
tabA_predicted,0.05,19,19,CAGCTGCGACTGGTTCTGGA,0,3446869
tabA_predicted,0.05,19,19,CACTAGGGCTGAAGAGGCTA,0,3459969
tabA_predicted,0.05,19,19,CACAAAGTCCGGGCAGAGGG,0,3449725
tabA_predicted,0.05,19,19,CAAGGAAACTGTGCCCGGAT,0,3442381
tabA_predicted,0.05,19,19,CAACTGTGGGGGATTTACGG,0,3449076
tabA_predicted,0.05,19,19,CAACTGGTGCACATTGTTTA,0,3439393
tabA_predicted,0.05,19,19,CAAACGCGGTGCCTCAGCTA,0,3443071
tabA_predicted,0.05,19,19,ATTTATGTGACTAGGCATCG,0,3466160
tabA_predicted,0.05,19,19,ATTCGCCTAAACCGGCAGGT,0,3464410
tabA_predicted,0.05,19,19,ATTCAGCTGATATCCGCAAC,0,3439896
tabA_predicted,0.05,19,19,ATTAACGGGCCACCTCAATC,0,3460476
tabA_predicted,0.05,19,19,ATGTCCCACCCTGGAACGAT,0,3448488
tabA_predicted,0.05,19,19,ATGGGTACCGTTTGATTGAG,0,3463054
tabA_predicted,0.05,19,19,ATCTGAACGCAGTACGCCAA,0,3441348
tabA_predicted,0.05,19,19,ATCGTTCGCTATTCCCTAAT,0,3432587
tabA_predicted,0.05,19,19,ATCGGGAACTCAGAGTAGGC,0,3453119
tabA_predicted,0.05,19,19,ATCAGATGGCTCGTTGGCAA,0,3460306
tabA_predicted,0.05,19,19,ATACACGGCAAACGTAAACT,0,3437196
tabA_predicted,0.05,19,19,ATAATTCTTACAGCGAGCTA,0,3457983
tabA_predicted,0.05,19,19,ATAAATTCAGATGCGGGTAA,0,3447544
tabA_predicted,0.05,19,19,AGTTCGAGTAGCATCCAGGT,0,3443988
tabA_predicted,0.05,19,19,AGTTAGGGGCTAGAATACAA,0,3460817
tabA_predicted,0.05,19,19,AGTATTTTCGCTCTCCCTCA,0,3456447
tabA_predicted,0.05,19,19,AGTACTCCCGGGCGCGCGAC,0,3450319
tabA_predicted,0.05,19,19,AGGGCGTAGTCGGCCGTCAT,0,3450766
tabA_predicted,0.05,19,19,AGGGCCTTGCCAATTTACTT,0,3433961
tabA_predicted,0.05,19,19,AGGCCTTATGAATGGCTCAG,0,3449785
tabA_predicted,0.05,19,19,AGGATCTGAGGAGAGTTAGA,0,3436041
tabA_predicted,0.05,19,19,AGCGTAAGCCTGGGGTCGTC,0,3436456
tabA_predicted,0.05,19,19,AGCGGGCAGTGGCATCACAT,0,3458254
tabA_predicted,0.05,19,19,AGAGGCCGTATCTGCTTTTT,0,3453793
tabA_predicted,0.05,19,19,ACTCTGGACAACTTCACGTG,0,3449291
tabA_predicted,0.05,19,19,ACGTGCAAGTGAGGATGTCG,0,3440479
tabA_predicted,0.05,19,19,ACCTCTAATATCTTTGCGAA,0,3436905
tabA_predicted,0.05,19,19,ACCGCTTCGCGTCCGCGATT,0,3432005
tabA_predicted,0.05,19,19,ACCCACGGCTTATTTGTCGG,0,3435283
tabA_predicted,0.05,19,19,ACACCCGAAATCTGTACGTC,0,3464405
tabA_predicted,0.05,19,19,AATTAGAGATGGAATGCGCG,0,3453277
tabA_predicted,0.05,19,19,AAGTCATTTCCCACTAATAT,0,3460439
tabA_predicted,0.05,19,19,AAGGTTAGGAGTACGATTAT,0,3450887
tabA_predicted,0.05,19,19,AAGGTCCACCTGCGCATATA,0,3434620
tabA_predicted,0.05,19,19,AACGGGTAGCTTATCATTTA,0,3431560
tabA_predicted,0.05,19,19,AACATTGCTTATGATATGTC,0,3461384
tabA_predicted,0.05,19,19,AACATACATTTTTGCGTAGG,0,3456175
tabA_predicted,0.05,19,19,AAATTGGAAATAATGTTATA,0,3456481
tabA_predicted,0.05,19,19,AAACTACTCAAAGAGAGCAT,0,3456067
tabA_predicted,0.05,19,19,AAACATATCACTTCCCCGTT,0,3455946
tabA_predicted,0.05,19,19,AAAAACATGCGGCCTGTCTA,0,3444873
tabA_predicted,0.05263157894736842,18,18,TTTTGGAGGGCGTCCAGCAG,0,3461269
tabA_predicted,0.05263157894736842,18,18,TTTTCTGCAAAGGGTTTAAA,0,3449333
tabA_predicted,0.05263157894736842,18,18,TTTCTCCCTCATTAGTAAGC,0,3459275
tabA_predicted,0.05263157894736842,18,18,TTGCCTACAGACCGACCGCG,0,3454122
tabA_predicted,0.05263157894736842,18,18,TTGAATAGTGCCGCATTCGT,0,3437743
tabA_predicted,0.05263157894736842,18,18,TTCTTGTCGTATCGGGGTGA,0,3465857
tabA_predicted,0.05263157894736842,18,18,TTCGAGGAGAGTTTAGTCGT,0,3456646
tabA_predicted,0.05263157894736842,18,18,TTCAAGGGTCACTCTGACTA,0,3443118
tabA_predicted,0.05263157894736842,18,18,TTAGGACAGAGGGTCCGTAG,0,3443341
tabA_predicted,0.05263157894736842,18,18,TTAGCGATGCGGTTCTATAA,0,3463643
tabA_predicted,0.05263157894736842,18,18,TTACTCCGTTTCCGCATCCT,0,3438798
tabA_predicted,0.05263157894736842,18,18,TTACCCTAATGGGATTTATC,0,3439043
tabA_predicted,0.05263157894736842,18,18,TGTCACTAGCGAGGGGGTGT,0,3457460
tabA_predicted,0.05263157894736842,18,18,TGTCAAGCAACTCCCAGGGA,0,3460904
tabA_predicted,0.05263157894736842,18,18,TGTAAGGTAATCAATATGTA,0,3440747
tabA_predicted,0.05263157894736842,18,18,TGGCACGGCGCCACAGACAT,0,3456530
tabA_predicted,0.05263157894736842,18,18,TGACGGCAATGTGGTTTTAC,0,3466036
tabA_predicted,0.05263157894736842,18,18,TGACCTGGTGGGACTACGTG,0,3464526
tabA_predicted,0.05263157894736842,18,18,TCTTCCGGTAAACGGTATCA,0,3434816
tabA_predicted,0.05263157894736842,18,18,TCTGTAAACGACGAACGTAT,0,3447274
tabA_predicted,0.05263157894736842,18,18,TCGTGTCTTGAAATCTTCAG,0,3464106
tabA_predicted,0.05263157894736842,18,18,TCGGGCCTAAAGGAAAAACG,0,3444637
tabA_predicted,0.05263157894736842,18,18,TCGCATCTCTTAGGATACGC,0,3452407
tabA_predicted,0.05263157894736842,18,18,TCCTGGCTGGCATCATCTTG,0,3448923
tabA_predicted,0.05263157894736842,18,18,TCCGCGACAGCACGTCTTGG,0,3457645
tabA_predicted,0.05263157894736842,18,18,TCCCGTTGCCAAGCGCAAGC,0,3456854
tabA_predicted,0.05263157894736842,18,18,TCCCGGGGCAAGTTTGTGAA,0,3462789
tabA_predicted,0.05263157894736842,18,18,TCATTCTGTGTTCCTGGCAA,0,3443223
tabA_predicted,0.05263157894736842,18,18,TCAGCCACCCGATAACACCC,0,3452971
tabA_predicted,0.05263157894736842,18,18,TCAGAGTGTGCAGCAGGGTA,0,3454330
tabA_predicted,0.05263157894736842,18,18,TCAGAATCGTAGACTTAATG,0,3450891
tabA_predicted,0.05263157894736842,18,18,TATTCTGGAAGACGGTAAAT,0,3435598
tabA_predicted,0.05263157894736842,18,18,TATAGGGCAGATGCATTTTT,0,3456464
tabA_predicted,0.05263157894736842,18,18,TAGCGTAGGTTCGAAACGGT,0,3439906
tabA_predicted,0.05263157894736842,18,18,TACGAACTGGCAGGTGATTT,0,3447577
tabA_predicted,0.05263157894736842,18,18,TACATATTGAGAGTTTCTCA,0,3432269
tabA_predicted,0.05263157894736842,18,18,TACAAATGCGCACCAAGCCA,0,3453726
tabA_predicted,0.05263157894736842,18,18,TAATTTGAAGTGGACGCCGG,0,3462753
tabA_predicted,0.05263157894736842,18,18,TAATTAGCGTGTTTGATTCC,0,3447487
tabA_predicted,0.05263157894736842,18,18,TAACAGCAAGCTAAGCCGTT,0,3434161
tabA_predicted,0.05263157894736842,18,18,TAAACGGCGAATCCACGTAA,0,3449816
tabA_predicted,0.05263157894736842,18,18,TAAACATTCGTGCGCCGAGC,0,3457329
tabA_predicted,0.05263157894736842,18,18,GTTTTTGTAATAAAGGAGTG,0,3455931
tabA_predicted,0.05263157894736842,18,18,GTTTCGGTACATGTACAACT,0,3434765
tabA_predicted,0.05263157894736842,18,18,GTTTACAGCTTCGCCTACCG,0,3461081
tabA_predicted,0.05263157894736842,18,18,GTTGGTAACCAACCTTGCAG,0,3464222
tabA_predicted,0.05263157894736842,18,18,GTGGGCTAAGGCTGGGTCCG,0,3459119
tabA_predicted,0.05263157894736842,18,18,GTGGCGGAGGAACAACCCCC,0,3460745
tabA_predicted,0.05263157894736842,18,18,GTGAGTAGAACTCGAAGTAA,0,3448449
tabA_predicted,0.05263157894736842,18,18,GTCTTGGAGGAACCAACCTT,0,3442870
tabA_predicted,0.05263157894736842,18,18,GTCTTGCTCTCGCACAGCAA,0,3444798
tabA_predicted,0.05263157894736842,18,18,GTCCCGTACATGAGAGAGCT,0,3445515
tabA_predicted,0.05263157894736842,18,18,GTATACAGGTCCGTCTAGTG,0,3431962
tabA_predicted,0.05263157894736842,18,18,GTAGAGGCCAAAGTTCTGCA,0,3443500
tabA_predicted,0.05263157894736842,18,18,GTAACTCTTTTCAAGGGTTA,0,3461761
tabA_predicted,0.05263157894736842,18,18,GGTTGGAAGCATGTAACCAA,0,3457894
tabA_predicted,0.05263157894736842,18,18,GGTAGACCCGGAGAATTCGG,0,3446433
tabA_predicted,0.05263157894736842,18,18,GGGTGCCAATCACGCATTTT,0,3461064
tabA_predicted,0.05263157894736842,18,18,GGGGGACCGCCACTTAAATT,0,3450520
tabA_predicted,0.05263157894736842,18,18,GGGCGATTCTCAGCCCGTCA,0,3450405
tabA_predicted,0.05263157894736842,18,18,GGGCCTCACGGGGATTGAGA,0,3435573
tabA_predicted,0.05263157894736842,18,18,GGGCAGTGTATAAGAGAGTC,0,3433100
tabA_predicted,0.05263157894736842,18,18,GGCGGCTGGCTGCCAAGCCA,0,3437262
tabA_predicted,0.05263157894736842,18,18,GGCCTACAAAGAAGTCTGCA,0,3462799
tabA_predicted,0.05263157894736842,18,18,GGCCGGCGGTCTGGGGGAGT,0,3451564
tabA_predicted,0.05263157894736842,18,18,GGCCGGCCATTACACAGATC,0,3439174
tabA_predicted,0.05263157894736842,18,18,GGCACCAGCTTAGTAAAGGT,0,3436339
tabA_predicted,0.05263157894736842,18,18,GGACTAAGAAGCCAGACAAT,0,3462142
tabA_predicted,0.05263157894736842,18,18,GGACAGGTGCTAGCCAACCT,0,3458715
tabA_predicted,0.05263157894736842,18,18,GGAAAGGCATCTACGGTGCC,0,3451184
tabA_predicted,0.05263157894736842,18,18,GCTTAGAGGCCGACGTTGTA,0,3445025
tabA_predicted,0.05263157894736842,18,18,GCTGTCGAGGGCGCGAAAAA,0,3463502
tabA_predicted,0.05263157894736842,18,18,GCTGAACTCGGATGGGTCAT,0,3451324
tabA_predicted,0.05263157894736842,18,18,GCGTGTCAAGAGCGTGACAA,0,3443173
tabA_predicted,0.05263157894736842,18,18,GCGTCCTGGGTCCATACCGT,0,3453630
tabA_predicted,0.05263157894736842,18,18,GCGAGGCTATAACCTCAAGT,0,3462601
tabA_predicted,0.05263157894736842,18,18,GCGAATTTTACGAAGCGCTA,0,3457386
tabA_predicted,0.05263157894736842,18,18,GCCGGCGCCCGCGCACATGT,0,3459912
tabA_predicted,0.05263157894736842,18,18,GCCCTAGGTGGAAGGTAAAC,0,3455184
tabA_predicted,0.05263157894736842,18,18,GCCATCAATGCGAAACTATA,0,3434268
tabA_predicted,0.05263157894736842,18,18,GCCAGGAAATACTGAGTGTG,0,3438863
tabA_predicted,0.05263157894736842,18,18,GCCACTCATGGGCAAGACGT,0,3456472
tabA_predicted,0.05263157894736842,18,18,GCACTGCATAGACTCTGGCA,0,3444404
tabA_predicted,0.05263157894736842,18,18,GCACGGGGGTATGATGGATA,0,3441450
tabA_predicted,0.05263157894736842,18,18,GATTTAAGTAACACATCCTA,0,3434212
tabA_predicted,0.05263157894736842,18,18,GATGAAAGGGGGGTTGAAGT,0,3464581
tabA_predicted,0.05263157894736842,18,18,GATCCGGATTGTTTTGCCTA,0,3451269
tabA_predicted,0.05263157894736842,18,18,GATAAGAAAAACCATCACTT,0,3438743
tabA_predicted,0.05263157894736842,18,18,GAGTTGAGTATCCTATTCAT,0,3460932
tabA_predicted,0.05263157894736842,18,18,GAGTTACACCACCGGTAACT,0,3459416
tabA_predicted,0.05263157894736842,18,18,GAGAAAGTTCCAGGGACCCT,0,3444250
tabA_predicted,0.05263157894736842,18,18,GACCCTCGGGAAGTACGATC,0,3460648
tabA_predicted,0.05263157894736842,18,18,GAACACAGTTGCCACACGAG,0,3442503
tabA_predicted,0.05263157894736842,18,18,CTTTTATCATGTGCACTCGT,0,3433507
tabA_predicted,0.05263157894736842,18,18,CTTCACCTAGATTACTATTT,0,3431447
tabA_predicted,0.05263157894736842,18,18,CTTCACCAAGTGTAGATTGT,0,3436429
tabA_predicted,0.05263157894736842,18,18,CTTAGGGGTCCGATGAGGTA,0,3455933
tabA_predicted,0.05263157894736842,18,18,CTGGTTGAAACTGTGGTACA,0,3445971
tabA_predicted,0.05263157894736842,18,18,CTGGACTTGCCGTTTTAGCT,0,3464923
tabA_predicted,0.05263157894736842,18,18,CTCCGATAGCAGACCTTGAG,0,3432936
tabA_predicted,0.05263157894736842,18,18,CTCAGGGCTCAGCCGTGAGA,0,3447778
tabA_predicted,0.05263157894736842,18,18,CTCACCAGGCACCGTCCGGA,0,3446254
tabA_predicted,0.05263157894736842,18,18,CTAGAGATTGCTCCAACCAC,0,3458513
tabA_predicted,0.05263157894736842,18,18,CTACCTGTACTGGAATCGTG,0,3435184
tabA_predicted,0.05263157894736842,18,18,CTACCCGTCCCTATGTGCAG,0,3454585
tabA_predicted,0.05263157894736842,18,18,CGTTGAGAGCTCTACCAACA,0,3438233
tabA_predicted,0.05263157894736842,18,18,CGTGGCGAGTAAATGTGGCT,0,3458182
tabA_predicted,0.05263157894736842,18,18,CGTCAAAGCTCTAGACTGTC,0,3449696
tabA_predicted,0.05263157894736842,18,18,CGTACAGCGTGAATCATGTA,0,3463276
tabA_predicted,0.05263157894736842,18,18,CGTAAGAAATGTTAGAGAAA,0,3453505
tabA_predicted,0.05263157894736842,18,18,CGGATGACCCAAAGGGCGGG,0,3444044
tabA_predicted,0.05263157894736842,18,18,CGGAGTACTTATGGGAGCAA,0,3459180
tabA_predicted,0.05263157894736842,18,18,CGCGGCATGCAGTAGGGTTT,0,3453406
tabA_predicted,0.05263157894736842,18,18,CGCCGGGGAGGCTGAGCATT,0,3445409
tabA_predicted,0.05263157894736842,18,18,CGCCCGTCGTGCGCCGGTTA,0,3452489
tabA_predicted,0.05263157894736842,18,18,CCGCGCCAGATAACTACGGC,0,3457456
tabA_predicted,0.05263157894736842,18,18,CCGAATCAGTTTGGCCGGAG,0,3447268
tabA_predicted,0.05263157894736842,18,18,CCCGCCTAATCTTAGGGTGA,0,3456656
tabA_predicted,0.05263157894736842,18,18,CCCCGGTACTCAGGTACAGA,0,3445933
tabA_predicted,0.05263157894736842,18,18,CCCCCTATTGACGTGTGTAC,0,3434920
tabA_predicted,0.05263157894736842,18,18,CCCCAAGCCTGTGTGCATCG,0,3438953
tabA_predicted,0.05263157894736842,18,18,CCACTACCGGATCGTTCTAT,0,3459655
tabA_predicted,0.05263157894736842,18,18,CATTAGAGGACGTCCTCCAG,0,3441303
tabA_predicted,0.05263157894736842,18,18,CATTAAAATTATGAATGGTT,0,3452118
tabA_predicted,0.05263157894736842,18,18,CATGACAGAGCTCTACGCTG,0,3447693
tabA_predicted,0.05263157894736842,18,18,CATCCTCTAGGACCCGGGGT,0,3440071
tabA_predicted,0.05263157894736842,18,18,CATATACTTGTCGCTCTTCA,0,3449781
tabA_predicted,0.05263157894736842,18,18,CAGTTTCCTCAGCCCTCTAT,0,3447622
tabA_predicted,0.05263157894736842,18,18,CAGGGTACGAAGTTGCGAGG,0,3437065
tabA_predicted,0.05263157894736842,18,18,CAGATGTCGGAGATTAATAC,0,3460119
tabA_predicted,0.05263157894736842,18,18,CAGAGCAAGTTAGGCTCCGA,0,3432139
tabA_predicted,0.05263157894736842,18,18,CACTGGCGTGCGCGTGGAAC,0,3441504
tabA_predicted,0.05263157894736842,18,18,CACACAGCTGACGACAGAGG,0,3444748
tabA_predicted,0.05263157894736842,18,18,CAAGCAGATCGGCCTGCATT,0,3463012
tabA_predicted,0.05263157894736842,18,18,ATTTCGCTAGCCATCAGGTT,0,3454021
tabA_predicted,0.05263157894736842,18,18,ATTGACCATACTTCGTCGAG,0,3446287
tabA_predicted,0.05263157894736842,18,18,ATGTACGATCTAACAGTCTG,0,3464390
tabA_predicted,0.05263157894736842,18,18,ATGATTGCCGGAGTCGTGTA,0,3453144
tabA_predicted,0.05263157894736842,18,18,ATCGGGGCCGGGATTATCGT,0,3450618
tabA_predicted,0.05263157894736842,18,18,ATCGCTTGTTAGTTACGTCA,0,3465245
tabA_predicted,0.05263157894736842,18,18,ATCCGTCGATCACACATGAA,0,3452493
tabA_predicted,0.05263157894736842,18,18,ATCCAGTTAATCTCTAATAC,0,3444720
tabA_predicted,0.05263157894736842,18,18,ATCAGTCCTCGCAGGAAGAA,0,3452871
tabA_predicted,0.05263157894736842,18,18,AGTGCCGACCTACTTCCGGA,0,3451939
tabA_predicted,0.05263157894736842,18,18,AGTGAAACAAGTGTCAGGTA,0,3457132
tabA_predicted,0.05263157894736842,18,18,AGTCTCTCGGCGCCGTGAAA,0,3451138
tabA_predicted,0.05263157894736842,18,18,AGTCACCATATCAAACTGAC,0,3449362
tabA_predicted,0.05263157894736842,18,18,AGGTTACGAAAGGCGTCCGA,0,3449427
tabA_predicted,0.05263157894736842,18,18,AGGACTGGCGACGCCAAAAA,0,3458945
tabA_predicted,0.05263157894736842,18,18,AGCTTACGGATGTGAGGACC,0,3455178
tabA_predicted,0.05263157894736842,18,18,AGCAGTTAGACAACTAATTG,0,3442030
tabA_predicted,0.05263157894736842,18,18,AGATTCTTCTCGGAGTCCTC,0,3434363
tabA_predicted,0.05263157894736842,18,18,AGATCCACGGAAGTTACAGC,0,3437122
tabA_predicted,0.05263157894736842,18,18,AGAGTTTGTGTGCGTCGAAC,0,3440084
tabA_predicted,0.05263157894736842,18,18,ACTTCGTTGGTGATCATCCG,0,3438887
tabA_predicted,0.05263157894736842,18,18,ACGGGGCAATAACGTGAAGG,0,3460225
tabA_predicted,0.05263157894736842,18,18,ACCATATCGATGCCCGTCCG,0,3451038
tabA_predicted,0.05263157894736842,18,18,ACCACGTCATCGACTCCAAA,0,3453031
tabA_predicted,0.05263157894736842,18,18,ACAGGTTGAATGGACGGCTA,0,3432067
tabA_predicted,0.05263157894736842,18,18,AATTCTTAGAGTCCTTTGAC,0,3432346
tabA_predicted,0.05263157894736842,18,18,AATAAGTAAAACGGAAGTTA,0,3449122
tabA_predicted,0.05263157894736842,18,18,AAGTATACCGGTAAAGTCTA,0,3448191
tabA_predicted,0.05263157894736842,18,18,AAGGACCTGTGGGTGCTTAA,0,3437340
tabA_predicted,0.05263157894736842,18,18,AAGGACCAGGGGCTGAAATG,0,3459179
tabA_predicted,0.05263157894736842,18,18,AAGCCTTTCTGACGTAAATG,0,3439589
tabA_predicted,0.05263157894736842,18,18,AACTCTCGCTTTGATGCAAT,0,3440390
tabA_predicted,0.05263157894736842,18,18,AACTCACGTTACGCGCTCGC,0,3438865
tabA_predicted,0.05263157894736842,18,18,AAAGGTCGCCGCGGACTGAA,0,3460462
tabA_predicted,0.05263157894736842,18,18,AAAGGGTAACCCTGCTGCCA,0,3434122
tabA_predicted,0.05263157894736842,18,18,AAAGATGTGTGTCTACAAGC,0,3459779
tabA_predicted,0.05263157894736842,18,18,AAAGAGTAAATAGTAGTCGT,0,3445502
tabA_predicted,0.05555555555555555,17,17,TTTATGCGCGGTGGCTGCTC,0,3451505
tabA_predicted,0.05555555555555555,17,17,TTTAGTGGGCGATTTTATTA,0,3443310
tabA_predicted,0.05555555555555555,17,17,TTGGGCGGGGGCGGCTGGGG,0,3443152
tabA_predicted,0.05555555555555555,17,17,TTCGACTTACTTCATTTAAT,0,3441195
tabA_predicted,0.05555555555555555,17,17,TTCCTCCCAGTTTGGTAGTG,0,3461710
tabA_predicted,0.05555555555555555,17,17,TTCACAAGGTTGTCAATAGG,0,3452970
tabA_predicted,0.05555555555555555,17,17,TTAGTAGATGGTTTCCTGAG,0,3458184
tabA_predicted,0.05555555555555555,17,17,TTACCAGAAGTAGAACTGGC,0,3441564
tabA_predicted,0.05555555555555555,17,17,TGTCGCCATGGGAACTTCCC,0,3436589
tabA_predicted,0.05555555555555555,17,17,TGTAGGGTTATCTTCACCGC,0,3464598
tabA_predicted,0.05555555555555555,17,17,TGGTCTTGTGTAGCAATTGG,0,3457796
tabA_predicted,0.05555555555555555,17,17,TGGGTTATCATACGACTTGT,0,3437881
tabA_predicted,0.05555555555555555,17,17,TGGGTAGAACTGTAACAGCG,0,3455827
tabA_predicted,0.05555555555555555,17,17,TGGAAGGCCTCATGTCGTCT,0,3431473
tabA_predicted,0.05555555555555555,17,17,TGCTTTACCTCCTCAGGCAA,0,3454387
tabA_predicted,0.05555555555555555,17,17,TGCGGTGGTGGCCACTTTGG,0,3459827
tabA_predicted,0.05555555555555555,17,17,TGCCCTTTATATCAAAATAG,0,3450763
tabA_predicted,0.05555555555555555,17,17,TGCATTATGACTCCGTGACA,0,3442526
tabA_predicted,0.05555555555555555,17,17,TGAATACAGAAAATGGTCGT,0,3433221
tabA_predicted,0.05555555555555555,17,17,TGAACAAACTGAAGTCAAAA,0,3454191
tabA_predicted,0.05555555555555555,17,17,TGAAATGTCTATCTGGGTAT,0,3463131
tabA_predicted,0.05555555555555555,17,17,TCTTGCTCCGTTAAATGATT,0,3433112
tabA_predicted,0.05555555555555555,17,17,TCTTCTGCGTGTCCAAGGTG,0,3442522
tabA_predicted,0.05555555555555555,17,17,TCTACAAATGGTCGCATGTG,0,3437659
tabA_predicted,0.05555555555555555,17,17,TCTAACGAACACACAACCCA,0,3432906
tabA_predicted,0.05555555555555555,17,17,TCGGCATATCGGCTCTGGGG,0,3458342
tabA_predicted,0.05555555555555555,17,17,TCGCTGAAGGTTACGAATCG,0,3455942
tabA_predicted,0.05555555555555555,17,17,TCGAGAGTCTTGTGGGGAGT,0,3458609
tabA_predicted,0.05555555555555555,17,17,TCGAAGGTCTTCATACTTCA,0,3456109
tabA_predicted,0.05555555555555555,17,17,TCCTTCGATACGTGTCGCGA,0,3442903
tabA_predicted,0.05555555555555555,17,17,TCCCGTGCCACTTGTCGTAT,0,3448283
tabA_predicted,0.05555555555555555,17,17,TCCCGCTTGAGTAGAGAGAC,0,3445349
tabA_predicted,0.05555555555555555,17,17,TCCCAACTACCGGGACATCC,0,3456094
tabA_predicted,0.05555555555555555,17,17,TCCATCACGAAGCTGGAATT,0,3442154
tabA_predicted,0.05555555555555555,17,17,TCCACGGCGGCAGGAAACGT,0,3442239
tabA_predicted,0.05555555555555555,17,17,TCAACTCGGAGCCCGTTAAC,0,3435810
tabA_predicted,0.05555555555555555,17,17,TCAAACCAACTCGAACGTCA,0,3464064
tabA_predicted,0.05555555555555555,17,17,TATTGCAGTCGAGTCGTGGA,0,3451586
tabA_predicted,0.05555555555555555,17,17,TATGCGTGTGATACGGATAA,0,3459011
tabA_predicted,0.05555555555555555,17,17,TATCCCGGGGATTTATTTAA,0,3440482
tabA_predicted,0.05555555555555555,17,17,TACTGCCCGGGATTATTCTA,0,3435231
tabA_predicted,0.05555555555555555,17,17,TACTCTAAAGTCTCGAATTC,0,3453039
tabA_predicted,0.05555555555555555,17,17,TACCGGGTAGATAAGAAATA,0,3450086
tabA_predicted,0.05555555555555555,17,17,TACATTTGCTAGGCCCCGAA,0,3436856
tabA_predicted,0.05555555555555555,17,17,GTGACTGCTCCTGACCTCAT,0,3448509
tabA_predicted,0.05555555555555555,17,17,GTCTTCTTCAGGAATCAGAA,0,3455685
tabA_predicted,0.05555555555555555,17,17,GTACTTAAGGCATAGGCAGA,0,3439056
tabA_predicted,0.05555555555555555,17,17,GTAACAGGCAAAGCAAACCT,0,3459287
tabA_predicted,0.05555555555555555,17,17,GGTTGACGTTAGCATGCTGA,0,3460588
tabA_predicted,0.05555555555555555,17,17,GGTGCGGGCATATCGTCAGG,0,3440395
tabA_predicted,0.05555555555555555,17,17,GGTCATACGTCTAGACTACA,0,3463342
tabA_predicted,0.05555555555555555,17,17,GGGTAAGAAGGGCAACCGTA,0,3457327
tabA_predicted,0.05555555555555555,17,17,GGGGTCGTATGAGACTACTA,0,3453958
tabA_predicted,0.05555555555555555,17,17,GGGCATCCCATATAAGCTCG,0,3441182
tabA_predicted,0.05555555555555555,17,17,GGGCAAGTGCTTAGCTTCGT,0,3450740
tabA_predicted,0.05555555555555555,17,17,GGGATTCAAGACATAAAAGA,0,3434401
tabA_predicted,0.05555555555555555,17,17,GGCGGCTCTTCCCCCAGTTC,0,3435671
tabA_predicted,0.05555555555555555,17,17,GGATGGAATAAGCGGGCTTG,0,3453029
tabA_predicted,0.05555555555555555,17,17,GGAGCATTAGTCCGGCGTTT,0,3459616
tabA_predicted,0.05555555555555555,17,17,GGACGCTACTCCAAGGGCGT,0,3452640
tabA_predicted,0.05555555555555555,17,17,GGACCACGTCAGTGCAGCTG,0,3448853
tabA_predicted,0.05555555555555555,17,17,GGAAATCTGGCGACTTTTTT,0,3458363
tabA_predicted,0.05555555555555555,17,17,GCTTAATTAAGGGATGAATT,0,3433425
tabA_predicted,0.05555555555555555,17,17,GCGGCCCAGACTCGTTATAC,0,3446618
tabA_predicted,0.05555555555555555,17,17,GCGGCAGCCAATGTGAAGCC,0,3460349
tabA_predicted,0.05555555555555555,17,17,GCGAGGTTCCTACGGAATAG,0,3436766
tabA_predicted,0.05555555555555555,17,17,GCGACTTGACTGCGTTTACA,0,3435194
tabA_predicted,0.05555555555555555,17,17,GCGAATGGTGCGATTCCCAA,0,3454958
tabA_predicted,0.05555555555555555,17,17,GCCTCTGACACTAATACTTA,0,3440555
tabA_predicted,0.05555555555555555,17,17,GCCGGCGCGCGTATTGGCCC,0,3446310
tabA_predicted,0.05555555555555555,17,17,GCCATCGGAGTTTTCTCTTA,0,3457102
tabA_predicted,0.05555555555555555,17,17,GCCACCGGGCAGACCTGCGA,0,3452719
tabA_predicted,0.05555555555555555,17,17,GCAGCTCAGCAGTACAAGCC,0,3456747
tabA_predicted,0.05555555555555555,17,17,GCACTGTGCCCGTCGAGCTG,0,3459556
tabA_predicted,0.05555555555555555,17,17,GATTCGTGTGGTCCCTTGGT,0,3438909
tabA_predicted,0.05555555555555555,17,17,GATGGCGGTATTTACCCCCA,0,3450647
tabA_predicted,0.05555555555555555,17,17,GAGTCATCAAGTACCTGATC,0,3436241
tabA_predicted,0.05555555555555555,17,17,GAGCGAGAACTACTTTTCGA,0,3442231
tabA_predicted,0.05555555555555555,17,17,GAGAGGGTTCCCGTCCATAT,0,3462781
tabA_predicted,0.05555555555555555,17,17,GACTCTATCTCCGGTTTATA,0,3441954
tabA_predicted,0.05555555555555555,17,17,GAACCTTGTCGCGAGCGCAT,0,3457200
tabA_predicted,0.05555555555555555,17,17,GAACCCGACATATGGGGGGA,0,3457630
tabA_predicted,0.05555555555555555,17,17,GAAATAGCCCAATGACCAGT,0,3444147
tabA_predicted,0.05555555555555555,17,17,CTTTATGGATTATGCCGACC,0,3432009
tabA_predicted,0.05555555555555555,17,17,CTTCGGCGCCTCAGGACATC,0,3440425
tabA_predicted,0.05555555555555555,17,17,CTTAGGGCGTATGCCATTCG,0,3438735
tabA_predicted,0.05555555555555555,17,17,CTGTGAGTCTTACAGGTTAT,0,3442849
tabA_predicted,0.05555555555555555,17,17,CTGGCCCCATTACGATCAGT,0,3464221
tabA_predicted,0.05555555555555555,17,17,CTGGCATCAACATATAGTTG,0,3441675
tabA_predicted,0.05555555555555555,17,17,CTGCGATCTGCCACCGTCCT,0,3463831
tabA_predicted,0.05555555555555555,17,17,CTGCACAACGTTGTAACTTG,0,3444976
tabA_predicted,0.05555555555555555,17,17,CTGACCGTAAGGACTTATGG,0,3444309
tabA_predicted,0.05555555555555555,17,17,CTATACCGTTGCGAAAGGTT,0,3456642
tabA_predicted,0.05555555555555555,17,17,CTAGCGGCGTCGCCAATAGA,0,3441834
tabA_predicted,0.05555555555555555,17,17,CGTTGGTCCACACGTTAGGG,0,3457299
tabA_predicted,0.05555555555555555,17,17,CGGGGGGCTCAAGATCGTCA,0,3451790
tabA_predicted,0.05555555555555555,17,17,CGGCTGTGTTCGTATGCGCT,0,3460587
tabA_predicted,0.05555555555555555,17,17,CGGCTAACGATAATGGTCAT,0,3449839
tabA_predicted,0.05555555555555555,17,17,CGGCGTGATCTTACTCGAGA,0,3443962
tabA_predicted,0.05555555555555555,17,17,CGGATCGGGAACAATGAGTA,0,3449661
tabA_predicted,0.05555555555555555,17,17,CGGAAGACACCGGTTGAATT,0,3441867
tabA_predicted,0.05555555555555555,17,17,CGCTTGAGCGGCGATCACAT,0,3431388
tabA_predicted,0.05555555555555555,17,17,CGCTGAGTTAACAAGCATGG,0,3465334
tabA_predicted,0.05555555555555555,17,17,CGCCGGTATTTCCGAGTTGG,0,3445873
tabA_predicted,0.05555555555555555,17,17,CGCCAATCGTGCTTCAGAGG,0,3438454
tabA_predicted,0.05555555555555555,17,17,CGATGGTTCGAAAGGGTGCG,0,3461185
tabA_predicted,0.05555555555555555,17,17,CGATGAGCGGGTCTATGTTG,0,3452526
tabA_predicted,0.05555555555555555,17,17,CGAGCAATCTCATTACCCAA,0,3447685
tabA_predicted,0.05555555555555555,17,17,CGACGAGAGGGGTCAGGGTA,0,3435061
tabA_predicted,0.05555555555555555,17,17,CGACCTGCTCGGACGTGTCA,0,3434114
tabA_predicted,0.05555555555555555,17,17,CGAAAGGTTGGTTTAGGGGT,0,3431925
tabA_predicted,0.05555555555555555,17,17,CCTTAAGATGCTTGATTAGC,0,3432454
tabA_predicted,0.05555555555555555,17,17,CCTCGGGACGCTTAAGTTTC,0,3462338
tabA_predicted,0.05555555555555555,17,17,CCGGCTTTTAGGCTAGGCCA,0,3462143
tabA_predicted,0.05555555555555555,17,17,CCGGCGGCCTTTAGTTTGGG,0,3450831
tabA_predicted,0.05555555555555555,17,17,CCGGAGTGAATTGGGCGTGA,0,3445328
tabA_predicted,0.05555555555555555,17,17,CCGATCAGCCATACTTTTCA,0,3453692
tabA_predicted,0.05555555555555555,17,17,CCGACGTGAGGTTGCTCAAG,0,3432899
tabA_predicted,0.05555555555555555,17,17,CCGACCGGACTAGCATGTCC,0,3438079
tabA_predicted,0.05555555555555555,17,17,CCCTAACGTTAAGACGCAGA,0,3453289
tabA_predicted,0.05555555555555555,17,17,CCCATGATGCAGACTCCGTA,0,3458345
tabA_predicted,0.05555555555555555,17,17,CCCACCGCGCGCTGCTGTTC,0,3449081
tabA_predicted,0.05555555555555555,17,17,CCATGTATCACCTAGAGAGT,0,3434590
tabA_predicted,0.05555555555555555,17,17,CCACTAGCCGCATAAGTAAG,0,3449356
tabA_predicted,0.05555555555555555,17,17,CATCTGCTCCTACGGACTTT,0,3437041
tabA_predicted,0.05555555555555555,17,17,CAGGCGCATGACTCCAACTT,0,3460501
tabA_predicted,0.05555555555555555,17,17,CAGGAGCTTCGGGGGGTATT,0,3442556
tabA_predicted,0.05555555555555555,17,17,CAGGAATTCCCATGGCGCCA,0,3454879
tabA_predicted,0.05555555555555555,17,17,CAGCTGGACCTTTGGCGGAA,0,3432749
tabA_predicted,0.05555555555555555,17,17,CACTGGGGATTCGCGCTCGG,0,3442557
tabA_predicted,0.05555555555555555,17,17,CACGATCCAATCAGATACGG,0,3447220
tabA_predicted,0.05555555555555555,17,17,CAATGTGATTCACAGCATTC,0,3440087
tabA_predicted,0.05555555555555555,17,17,CAACTTGGTTTACGGTTGCA,0,3438455
tabA_predicted,0.05555555555555555,17,17,CAAAGCTACGCCAGGACCGA,0,3437149
tabA_predicted,0.05555555555555555,17,17,ATTCTGCGTGTCCAATAGTG,0,3458752
tabA_predicted,0.05555555555555555,17,17,ATTAGGCACCCTGTAAGGGA,0,3433028
tabA_predicted,0.05555555555555555,17,17,ATGGACACCGGCAGACAGGA,0,3452016
tabA_predicted,0.05555555555555555,17,17,ATGCTTCTGTTCCGATGTGT,0,3435419
tabA_predicted,0.05555555555555555,17,17,ATGCTGGGTCCAGCTTGCGA,0,3455588
tabA_predicted,0.05555555555555555,17,17,ATGACTCTAGCCACGTGCCA,0,3445995
tabA_predicted,0.05555555555555555,17,17,ATCCTTCGAGTGAGGTTAGT,0,3462020
tabA_predicted,0.05555555555555555,17,17,ATAGGTAGTGTACCGGGGTA,0,3436072
tabA_predicted,0.05555555555555555,17,17,ATACTACCGGCACGGTATTT,0,3455929
tabA_predicted,0.05555555555555555,17,17,ATACCCTGCCCATGCGTACT,0,3463278
tabA_predicted,0.05555555555555555,17,17,ATAAAACTAGGCGGGGAGTG,0,3450959
tabA_predicted,0.05555555555555555,17,17,AGTTATTAAAGTCACGTCTA,0,3448013
tabA_predicted,0.05555555555555555,17,17,AGTGATGCGGAAGCCTGCAG,0,3460814
tabA_predicted,0.05555555555555555,17,17,AGTCAGTTACGGAATGTTTG,0,3461621
tabA_predicted,0.05555555555555555,17,17,AGGCCGGGAGCCAATCGTAC,0,3457530
tabA_predicted,0.05555555555555555,17,17,AGGCAAAAATGGATGGTAGT,0,3450627
tabA_predicted,0.05555555555555555,17,17,AGCTCGCCACTTGGGCGACT,0,3443657
tabA_predicted,0.05555555555555555,17,17,AGCAGTGGGAACCCCCCGGC,0,3458534
tabA_predicted,0.05555555555555555,17,17,AGATCGAGTAGGCCACGAAG,0,3459068
tabA_predicted,0.05555555555555555,17,17,AGAGTCCTGTGTTCCGATAT,0,3447246
tabA_predicted,0.05555555555555555,17,17,ACTGTAGTGATCTTGGTTGT,0,3456016
tabA_predicted,0.05555555555555555,17,17,ACTCTTTATACTGAAACTTC,0,3435701
tabA_predicted,0.05555555555555555,17,17,ACGTCGGCGCTTACTCCCTC,0,3443680
tabA_predicted,0.05555555555555555,17,17,ACGTACTCTCATCTTTATCT,0,3445999
tabA_predicted,0.05555555555555555,17,17,ACGGGGAGTACAGTCTGTCT,0,3460939
tabA_predicted,0.05555555555555555,17,17,ACGCTTCGAAAAGTCGTTGA,0,3433940
tabA_predicted,0.05555555555555555,17,17,ACCGAAGTTACTCCCAGATC,0,3460500
tabA_predicted,0.05555555555555555,17,17,ACCCCTAGTAGATGTCCCAG,0,3432143
tabA_predicted,0.05555555555555555,17,17,ACACTGCGGTATCCATGGTT,0,3465193
tabA_predicted,0.05555555555555555,17,17,ACACAGAATTGCACCCTATT,0,3440086
tabA_predicted,0.05555555555555555,17,17,ACAAGCAATAACGCAGGGAA,0,3460513
tabA_predicted,0.05555555555555555,17,17,ACAACACAGTATCTGGGCGA,0,3447205
tabA_predicted,0.05555555555555555,17,17,AATTTTCCGCGGTGAGGCGT,0,3434303
tabA_predicted,0.05555555555555555,17,17,AATTACAGCGATGGAGTGAT,0,3453164
tabA_predicted,0.05555555555555555,17,17,AATCGGTCGAAGCACCCTCT,0,3437639
tabA_predicted,0.05555555555555555,17,17,AATCCGCTGGGGGTTGGCCT,0,3461736
tabA_predicted,0.05555555555555555,17,17,AAGTGCTAGGAAAAAGTAGC,0,3445993
tabA_predicted,0.05555555555555555,17,17,AAGCTATATATGACATTCAG,0,3443827
tabA_predicted,0.05555555555555555,17,17,AAGCACGTAAAGTCCGTAGC,0,3464429
tabA_predicted,0.05555555555555555,17,17,AAGATCGTCAGCTAGTACGC,0,3452818
tabA_predicted,0.05555555555555555,17,17,AAGAGGGTACGCGTCTTTTT,0,3444730
tabA_predicted,0.05555555555555555,17,17,AACCGGGATCCCACTTAGCG,0,3453205
tabA_predicted,0.05555555555555555,17,17,AAACAGAGACACTTGATGAA,0,3461037
tabA_predicted,0.05555555555555555,17,17,AAAAGGGTAATTCAAATCTT,0,3433099
tabA_predicted,0.058823529411764705,16,16,TTTTGCAGCTCCATGCTTTG,0,3443615
tabA_predicted,0.058823529411764705,16,16,TTTGTTCGCGTTTGCCGGCG,0,3458075
tabA_predicted,0.058823529411764705,16,16,TTTGTGCCACATTGATTCGG,0,3450922
tabA_predicted,0.058823529411764705,16,16,TTTCTATGTTAGCAAGCTTG,0,3454134
tabA_predicted,0.058823529411764705,16,16,TTGGATTATGGTCGTGTTCT,0,3433532
tabA_predicted,0.058823529411764705,16,16,TTGCTCTGGGTTCTTGTCCC,0,3461892
tabA_predicted,0.058823529411764705,16,16,TTGCGTTTAGCTTCTACTTG,0,3459083
tabA_predicted,0.058823529411764705,16,16,TTGCGATCTGGCCAGCCTGG,0,3459350
tabA_predicted,0.058823529411764705,16,16,TTGCCCGTACTGGTTTTTGG,0,3453696
tabA_predicted,0.058823529411764705,16,16,TTGATTTGAGGTCCTACCAA,0,3452015
tabA_predicted,0.058823529411764705,16,16,TTCTTAGGTGGTTATCGCGT,0,3445961
tabA_predicted,0.058823529411764705,16,16,TTCTGTAGTAGTCCTTAGAT,0,3435724
tabA_predicted,0.058823529411764705,16,16,TTCGGTCGTGCGGGAGAGGG,0,3432740
tabA_predicted,0.058823529411764705,16,16,TTCACGGCACCTAGCGAGGC,0,3440392
tabA_predicted,0.058823529411764705,16,16,TTATTTATTTGCATGGGATC,0,3458836
tabA_predicted,0.058823529411764705,16,16,TTATACGTCTGCAGGACTTG,0,3435787
tabA_predicted,0.058823529411764705,16,16,TTAGTAGATGCGGGGACAAT,0,3457405
tabA_predicted,0.058823529411764705,16,16,TTAGGTTTGACGTTGGGGCT,0,3446720
tabA_predicted,0.058823529411764705,16,16,TTACGGAAACTTGATACGGT,0,3449837
tabA_predicted,0.058823529411764705,16,16,TTACGATAGAGTTGCATGGG,0,3459878
tabA_predicted,0.058823529411764705,16,16,TTAACTGACCGGAGAAACGC,0,3455694
tabA_predicted,0.058823529411764705,16,16,TTAAATTTTGGTGCGCATGT,0,3436809
tabA_predicted,0.058823529411764705,16,16,TGTCAGGTAGCTCACTTGCG,0,3442059
tabA_predicted,0.058823529411764705,16,16,TGTAGACAAAGAGAGTCCTT,0,3458308
tabA_predicted,0.058823529411764705,16,16,TGTAACGACTGCGGTTGGCA,0,3433735
tabA_predicted,0.058823529411764705,16,16,TGGATCACCAGCTGGAAGGC,0,3451879
tabA_predicted,0.058823529411764705,16,16,TGGAGGGAGCGGATTACGGA,0,3444555
tabA_predicted,0.058823529411764705,16,16,TGCCCTTAAGTAAACTGACA,0,3442811
tabA_predicted,0.058823529411764705,16,16,TGATTGCATTGTTTCGTAAT,0,3441578
tabA_predicted,0.058823529411764705,16,16,TGAGGTTACTATTATTGGCA,0,3436930
tabA_predicted,0.058823529411764705,16,16,TGAGCGAATCTCTTTGCCCT,0,3451727
tabA_predicted,0.058823529411764705,16,16,TGAAGCCCATTTAAGCCATG,0,3438666
tabA_predicted,0.058823529411764705,16,16,TGAAGAGAGCCCTCGTAGTA,0,3435298
tabA_predicted,0.058823529411764705,16,16,TCTGGTACACCTCTCAGGTC,0,3440242
tabA_predicted,0.058823529411764705,16,16,TCGTTTACCACCGCCGTTCC,0,3460946
tabA_predicted,0.058823529411764705,16,16,TCGTCGTAATGTATTTCCGT,0,3456467
tabA_predicted,0.058823529411764705,16,16,TCGTCGAGGTGATACTTTTC,0,3443574
tabA_predicted,0.058823529411764705,16,16,TCGGCGTCAGGAACGTCTTA,0,3461967
tabA_predicted,0.058823529411764705,16,16,TCAGAGATCCACCACACGGC,0,3434385
tabA_predicted,0.058823529411764705,16,16,TCACGACCATCTCCTCGTTA,0,3451409
tabA_predicted,0.058823529411764705,16,16,TCAACGCCAATTGCACTAAG,0,3451769
tabA_predicted,0.058823529411764705,16,16,TCAAAAGTCCCCACCTGGTA,0,3452928
tabA_predicted,0.058823529411764705,16,16,TATTCATGGCCAGTTGACTG,0,3462581
tabA_predicted,0.058823529411764705,16,16,TATCTCGGTCAGGGTGCGGA,0,3446778
tabA_predicted,0.058823529411764705,16,16,TATCAACGCTGAGTCGGAAC,0,3452299
tabA_predicted,0.058823529411764705,16,16,TAGGGCGTCACGTGGTAGGT,0,3436402
tabA_predicted,0.058823529411764705,16,16,TACGTGCACCGCCGCCAAAG,0,3462380
tabA_predicted,0.058823529411764705,16,16,TACAAGGGTGCGTTCTTACC,0,3447076
tabA_predicted,0.058823529411764705,16,16,TAATATTTGATCGGTCCTTC,0,3445828
tabA_predicted,0.058823529411764705,16,16,TAACGCGTGTGCCGTCCCTG,0,3444249
tabA_predicted,0.058823529411764705,16,16,GTTTTGGCCCAGCTGCCTTA,0,3432455
tabA_predicted,0.058823529411764705,16,16,GTTTTAGAAAGTAGGGGCCA,0,3463158
tabA_predicted,0.058823529411764705,16,16,GTTTGACTTGCATTGAGATG,0,3444126
tabA_predicted,0.058823529411764705,16,16,GTTCACAGACGTTATATAAT,0,3453901
tabA_predicted,0.058823529411764705,16,16,GTTAGAGCTCAGGATGTACT,0,3462348
tabA_predicted,0.058823529411764705,16,16,GTTACACTTGCTACTTGATT,0,3458987
tabA_predicted,0.058823529411764705,16,16,GTGCTAGAGCCACCCTACCT,0,3450106
tabA_predicted,0.058823529411764705,16,16,GTGCGAGTTCTAATTTGTGT,0,3439973
tabA_predicted,0.058823529411764705,16,16,GTGATCTAGCTTAAACTGTG,0,3450429
tabA_predicted,0.058823529411764705,16,16,GTGAGTTGCAGCGGGTGAGC,0,3452745
tabA_predicted,0.058823529411764705,16,16,GTGACCACGCCATGAATTGG,0,3442940
tabA_predicted,0.058823529411764705,16,16,GTCCTGCTGTGCCCCGAAAT,0,3461493
tabA_predicted,0.058823529411764705,16,16,GTCCTCTTAGCTGGAAAATT,0,3440563
tabA_predicted,0.058823529411764705,16,16,GTAGTCTAGAATGGCCATTA,0,3459760
tabA_predicted,0.058823529411764705,16,16,GTAGCAAATTACACTTTCGC,0,3432433
tabA_predicted,0.058823529411764705,16,16,GTACTTCACCGATGGGTACA,0,3451051
tabA_predicted,0.058823529411764705,16,16,GGTTGGTATCGCCGCCTGTA,0,3465357
tabA_predicted,0.058823529411764705,16,16,GGTTCTGAGATAGCTGTTCA,0,3432255
tabA_predicted,0.058823529411764705,16,16,GGTTAGTAGACAAGTTGGGA,0,3445069
tabA_predicted,0.058823529411764705,16,16,GGTGGATGAATGGACATGAA,0,3436186
tabA_predicted,0.058823529411764705,16,16,GGTATATCTATAGGAGATCA,0,3440216
tabA_predicted,0.058823529411764705,16,16,GGGTGCAGCATATTATGCGT,0,3448768
tabA_predicted,0.058823529411764705,16,16,GGGTCAACATTTCGGGGTAG,0,3447847
tabA_predicted,0.058823529411764705,16,16,GGGGGGACATAGATAATTTT,0,3447695
tabA_predicted,0.058823529411764705,16,16,GGGGCATCATCGGAACCCCA,0,3443797
tabA_predicted,0.058823529411764705,16,16,GGGCGGGGCCTCTAGTAGTC,0,3451546
tabA_predicted,0.058823529411764705,16,16,GGGAGACGGACAGACATTGC,0,3450514
tabA_predicted,0.058823529411764705,16,16,GGCTCCTCGTTTTGTACGTA,0,3431712
tabA_predicted,0.058823529411764705,16,16,GGCGTTGAGTGAAGCTATGC,0,3455308
tabA_predicted,0.058823529411764705,16,16,GGCAGGGGCTGTGAAGCGTT,0,3454123
tabA_predicted,0.058823529411764705,16,16,GGCAATTGCTCCCGAATCCT,0,3449465
tabA_predicted,0.058823529411764705,16,16,GGAAGGTTCACACGAGCCGG,0,3460441
tabA_predicted,0.058823529411764705,16,16,GGAAGCCAAGTCCTCCCAGC,0,3459871
tabA_predicted,0.058823529411764705,16,16,GGAAAAAGGGCAAGGATCGA,0,3458448
tabA_predicted,0.058823529411764705,16,16,GCTCGTTCCCTGTTATTATG,0,3454771
tabA_predicted,0.058823529411764705,16,16,GCTCGCGGTACCCGGTACGC,0,3438716
tabA_predicted,0.058823529411764705,16,16,GCTATAGGCCCTAATTTTTA,0,3440935
tabA_predicted,0.058823529411764705,16,16,GCTACCCGCACCTGTTCCTG,0,3464652
tabA_predicted,0.058823529411764705,16,16,GCTAAGTACCCCGGTCAGAG,0,3452117
tabA_predicted,0.058823529411764705,16,16,GCGGTGTCACTTCCACGGAC,0,3447900
tabA_predicted,0.058823529411764705,16,16,GCGGGCTGACCTAGTCCGGA,0,3466033
tabA_predicted,0.058823529411764705,16,16,GCGGAGACACCTGATAGCAA,0,3447267
tabA_predicted,0.058823529411764705,16,16,GCCTAAGGAAATGTAAATCT,0,3448432
tabA_predicted,0.058823529411764705,16,16,GCCCTGTGCCACCGGGTTAA,0,3440182
tabA_predicted,0.058823529411764705,16,16,GCCATTTTGGAGCCCCGGGT,0,3436173
tabA_predicted,0.058823529411764705,16,16,GCCACGCCACTCACGATACA,0,3442765
tabA_predicted,0.058823529411764705,16,16,GCAGTTACGGATGGAGCGAA,0,3432910
tabA_predicted,0.058823529411764705,16,16,GCAGCTCCTTGATGAGGGAC,0,3463319
tabA_predicted,0.058823529411764705,16,16,GCAGAAAACGGAACCGATTC,0,3438542
tabA_predicted,0.058823529411764705,16,16,GCACGGTTGGCCCTCCAGCG,0,3437697
tabA_predicted,0.058823529411764705,16,16,GCACGGGTAACTTTGGTAAT,0,3466252
tabA_predicted,0.058823529411764705,16,16,GATGTCTCCGTTCAGAGATG,0,3455585
tabA_predicted,0.058823529411764705,16,16,GATATAAGAATTCGAATACA,0,3455362
tabA_predicted,0.058823529411764705,16,16,GAGCCGCTTACAACTTGGGG,0,3463606
tabA_predicted,0.058823529411764705,16,16,GAATGGCGGTATCGACTATA,0,3443728
tabA_predicted,0.058823529411764705,16,16,GAATACCGTCCTGTGAGGAA,0,3431588
tabA_predicted,0.058823529411764705,16,16,GAACGTAACATGTCACAGTA,0,3433031
tabA_predicted,0.058823529411764705,16,16,GAAAGAGAGCAATAAGGTCA,0,3448033
tabA_predicted,0.058823529411764705,16,16,CTTGCTTGTCAACACAGCGG,0,3462459
tabA_predicted,0.058823529411764705,16,16,CTTGAAGCAGGATTTCTTCC,0,3431913
tabA_predicted,0.058823529411764705,16,16,CTGTAGTTGTCCGTTGTGTG,0,3441417
tabA_predicted,0.058823529411764705,16,16,CTGGGGCGCCTGCGAAGTAC,0,3442176
tabA_predicted,0.058823529411764705,16,16,CTGGATTGCGAACCGTAGAA,0,3445525
tabA_predicted,0.058823529411764705,16,16,CTGCTTCGTACCCGTTTCAA,0,3432958
tabA_predicted,0.058823529411764705,16,16,CTGCTGTTTGAATGGGATAA,0,3434423
tabA_predicted,0.058823529411764705,16,16,CTGCTCGTGACAGTAGAGGT,0,3461082
tabA_predicted,0.058823529411764705,16,16,CTCTCCCCATACCGGCGGAA,0,3464235
tabA_predicted,0.058823529411764705,16,16,CTCGAGGGAAACCCGCATGT,0,3465650
tabA_predicted,0.058823529411764705,16,16,CTCGAGACTCTAGGAAGGAG,0,3451791
tabA_predicted,0.058823529411764705,16,16,CTCCTCCCTCGAAGCGCGTT,0,3445283
tabA_predicted,0.058823529411764705,16,16,CTCCGTTCTTTTTCATTTGG,0,3439046
tabA_predicted,0.058823529411764705,16,16,CTATGCAAGCTACAATTGAG,0,3439320
tabA_predicted,0.058823529411764705,16,16,CTAGGCCCGGTGAGTATAGG,0,3456406
tabA_predicted,0.058823529411764705,16,16,CTAATGGGTTCTACGTGACA,0,3434214
tabA_predicted,0.058823529411764705,16,16,CGTTAGCAAAAATCGGAGTC,0,3452748
tabA_predicted,0.058823529411764705,16,16,CGTCAGCCTGGATCCGGGGC,0,3456194
tabA_predicted,0.058823529411764705,16,16,CGGTCTCATTCCATAGTGTA,0,3459118
tabA_predicted,0.058823529411764705,16,16,CGGGTGTTCAGCATGAATTT,0,3449179
tabA_predicted,0.058823529411764705,16,16,CGGGCATTGGAGTAAAAGAT,0,3438550
tabA_predicted,0.058823529411764705,16,16,CGGCAATAATACACGCGAGA,0,3450658
tabA_predicted,0.058823529411764705,16,16,CGGAGAGAGACCTTACAATC,0,3436150
tabA_predicted,0.058823529411764705,16,16,CGGAGAAATCGTTCGCAACG,0,3456608
tabA_predicted,0.058823529411764705,16,16,CGGACGATTGTGAGGTACTT,0,3448155
tabA_predicted,0.058823529411764705,16,16,CGATCAATACGTGGTACTGA,0,3453026
tabA_predicted,0.058823529411764705,16,16,CGAGTCGATCCGCAATTTGT,0,3450254
tabA_predicted,0.058823529411764705,16,16,CGAGATCTCGCGACGGCGCG,0,3433402
tabA_predicted,0.058823529411764705,16,16,CGAGAATATTCTACTCGATC,0,3437031
tabA_predicted,0.058823529411764705,16,16,CGACCTGGCGCGCAGGAATA,0,3446358
tabA_predicted,0.058823529411764705,16,16,CGAAACGCAAAGCAGGTCAT,0,3459417
tabA_predicted,0.058823529411764705,16,16,CCTTCAGCTTTAAGCTGCAG,0,3443776
tabA_predicted,0.058823529411764705,16,16,CCTTAAAGTTCAAGAAGGCG,0,3445157
tabA_predicted,0.058823529411764705,16,16,CCTGTCGTGCGGTGAATAAA,0,3446669
tabA_predicted,0.058823529411764705,16,16,CCTGGGACTGCAATTTAATT,0,3454841
tabA_predicted,0.058823529411764705,16,16,CCTCACTTCTAACGCGCTAA,0,3438219
tabA_predicted,0.058823529411764705,16,16,CCTAGAGGTTAAATACCCGA,0,3436667
tabA_predicted,0.058823529411764705,16,16,CCGAGGCCTATGGCGCAAAA,0,3461454
tabA_predicted,0.058823529411764705,16,16,CCGAGGCATCCCCCAGGTGG,0,3460636
tabA_predicted,0.058823529411764705,16,16,CCCTTGTGAGTTGGTAACAT,0,3459459
tabA_predicted,0.058823529411764705,16,16,CCCTTGGAGCGTAGTAGGAT,0,3438815
tabA_predicted,0.058823529411764705,16,16,CCCGTTGTGTTTCTCAGTCT,0,3441003
tabA_predicted,0.058823529411764705,16,16,CCCGGTGGGTACGCTATCCA,0,3451641
tabA_predicted,0.058823529411764705,16,16,CCCGGGGGTAGTGGAGGGTT,0,3447732
tabA_predicted,0.058823529411764705,16,16,CCCGGCATTCCTTTACTCCC,0,3453693
tabA_predicted,0.058823529411764705,16,16,CCCCAAGATAATATTTATAT,0,3446330
tabA_predicted,0.058823529411764705,16,16,CCCAGTCTTGTACGACTGTA,0,3456851
tabA_predicted,0.058823529411764705,16,16,CCCACTACAAGTCTTTTTCT,0,3453646
tabA_predicted,0.058823529411764705,16,16,CCCAACTTAGAGGAGCTCTG,0,3435877
tabA_predicted,0.058823529411764705,16,16,CCACGACAGTTCGAGGGGTC,0,3464479
tabA_predicted,0.058823529411764705,16,16,CCAAGAGTTTGCTTTACCCT,0,3441327
tabA_predicted,0.058823529411764705,16,16,CATTCTGACTATTTCTTATG,0,3441276
tabA_predicted,0.058823529411764705,16,16,CATGGGCGTTCGTCACATCG,0,3439244
tabA_predicted,0.058823529411764705,16,16,CATCAGGACGAGCGGCGCGT,0,3445185
tabA_predicted,0.058823529411764705,16,16,CATCACACAGTTAAAATTAT,0,3440902
tabA_predicted,0.058823529411764705,16,16,CATATGCCCGGTACATCGAC,0,3436009
tabA_predicted,0.058823529411764705,16,16,CATACACCAGGCTAACCACA,0,3457086
tabA_predicted,0.058823529411764705,16,16,CATAAAACGTACATTTTTTG,0,3433892
tabA_predicted,0.058823529411764705,16,16,CAGTGCCAAATGGGGAGCCC,0,3443417
tabA_predicted,0.058823529411764705,16,16,CAGAATTTGATGGCAAGGTT,0,3456393
tabA_predicted,0.058823529411764705,16,16,CACCCCCTTCAGTGCCTCAG,0,3458305
tabA_predicted,0.058823529411764705,16,16,CACATTTGTGGCTTTGAGCA,0,3449838
tabA_predicted,0.058823529411764705,16,16,CACATCTCGGCCCGCATGTC,0,3446868
tabA_predicted,0.058823529411764705,16,16,CAATGCTGATATACGAGAAG,0,3449337
tabA_predicted,0.058823529411764705,16,16,CAATCGCGGCCCGTTGGAAG,0,3455250
tabA_predicted,0.058823529411764705,16,16,CAAGTAGTGGGGCAAGTCGG,0,3452875
tabA_predicted,0.058823529411764705,16,16,ATTTAGTTGAGTGTACGCCG,0,3437483
tabA_predicted,0.058823529411764705,16,16,ATTGAGCCGTTGGATCGAAT,0,3446114
tabA_predicted,0.058823529411764705,16,16,ATTCCTTCAAATTTAGGTTA,0,3465555
tabA_predicted,0.058823529411764705,16,16,ATTATTAGGGGACGGCAACA,0,3435374
tabA_predicted,0.058823529411764705,16,16,ATGGCATGGCTTATTCCGAG,0,3449279
tabA_predicted,0.058823529411764705,16,16,ATGCACCGACACTCCCCGTT,0,3456945
tabA_predicted,0.058823529411764705,16,16,ATGCACAATGCTGCATCCGT,0,3436436
tabA_predicted,0.058823529411764705,16,16,ATCGGTTGTGAACCTAAGAG,0,3437034
tabA_predicted,0.058823529411764705,16,16,ATCGGTTCCGTGCCTTGGCA,0,3456413
tabA_predicted,0.058823529411764705,16,16,ATCGGGCGGCAAATGTACAG,0,3455206
tabA_predicted,0.058823529411764705,16,16,ATCCTGGAGTATTTCATGTG,0,3450743
tabA_predicted,0.058823529411764705,16,16,ATCATGAACCAAAGTTCCCC,0,3465531
tabA_predicted,0.058823529411764705,16,16,ATATTGATATTCAGAGTGTG,0,3463844
tabA_predicted,0.058823529411764705,16,16,ATATGGGGACTAAGCGCAAT,0,3458247
tabA_predicted,0.058823529411764705,16,16,ATAGGTGCTAAATGCTCTTG,0,3464081
tabA_predicted,0.058823529411764705,16,16,AGTTCGCATGTTAGTGATCC,0,3459259
tabA_predicted,0.058823529411764705,16,16,AGTTATGGCCAATAAGAAAA,0,3462223
tabA_predicted,0.058823529411764705,16,16,AGTTATCTCGAGGTTACATG,0,3434183
tabA_predicted,0.058823529411764705,16,16,AGTGCGATTTGACTTCACAG,0,3456609
tabA_predicted,0.058823529411764705,16,16,AGTATCTGACACTTATAAGT,0,3442639
tabA_predicted,0.058823529411764705,16,16,AGTAATTCCGGTGCAGGTGC,0,3446960
tabA_predicted,0.058823529411764705,16,16,AGTAAGTTTATGCATTACAT,0,3441736
tabA_predicted,0.058823529411764705,16,16,AGGTGGGGTAGGGACCGTTC,0,3434739
tabA_predicted,0.058823529411764705,16,16,AGGTGGCTACCCATGATACT,0,3434258
tabA_predicted,0.058823529411764705,16,16,AGGTGCCTGTCTAAATATCA,0,3461038
tabA_predicted,0.058823529411764705,16,16,AGGTCTGCGTAAGTATTAAG,0,3447217
tabA_predicted,0.058823529411764705,16,16,AGGGGATGGTCTAGGTCAGC,0,3443619
tabA_predicted,0.058823529411764705,16,16,AGGGCTCTTTGGAGACTCGA,0,3440726
tabA_predicted,0.058823529411764705,16,16,AGGCAGACGCTCCGACTTCG,0,3445549
tabA_predicted,0.058823529411764705,16,16,AGGATCTGATTATACCGGTT,0,3447780
tabA_predicted,0.058823529411764705,16,16,AGGAGATTCGGATAGAATAG,0,3449922
tabA_predicted,0.058823529411764705,16,16,AGGACATATGGTGCCGTAAT,0,3450431
tabA_predicted,0.058823529411764705,16,16,AGCTGAGCAGTCCGATGGAA,0,3441228
tabA_predicted,0.058823529411764705,16,16,AGCTCAATGGCTGAAACGGA,0,3450515
tabA_predicted,0.058823529411764705,16,16,AGCGGTTAAAAAGCGTTTCA,0,3441232
tabA_predicted,0.058823529411764705,16,16,AGCGATTCTGCAGTTCTTGA,0,3441872
tabA_predicted,0.058823529411764705,16,16,AGCGATTCAGAAAGGGGATG,0,3445323
tabA_predicted,0.058823529411764705,16,16,AGCCGCTCCTATAGGCGGCT,0,3452321
tabA_predicted,0.058823529411764705,16,16,AGAGGCAGGGGGCTTTGGAT,0,3439730
tabA_predicted,0.058823529411764705,16,16,AGACCCCAGTGTCCCTTCCG,0,3450051
tabA_predicted,0.058823529411764705,16,16,AGAAGCAATATCTAGGATAA,0,3446211
tabA_predicted,0.058823529411764705,16,16,AGAAACGAAGTAGCCAGGTT,0,3434215
tabA_predicted,0.058823529411764705,16,16,ACTCTACGCGTGTTTACTTA,0,3464821
tabA_predicted,0.058823529411764705,16,16,ACGTATTGACTGTCGGTTGG,0,3432997
tabA_predicted,0.058823529411764705,16,16,ACGGTTTGAGCAGCCAGCAC,0,3461147
tabA_predicted,0.058823529411764705,16,16,ACGGTCGTTCAAATCCTGCG,0,3449625
tabA_predicted,0.058823529411764705,16,16,ACGCGATCCGGGTGCATCGA,0,3444765
tabA_predicted,0.058823529411764705,16,16,ACGCAACTGGATAGCAGGAT,0,3435903
tabA_predicted,0.058823529411764705,16,16,ACGATTCAAATGAATCTCTT,0,3445892
tabA_predicted,0.058823529411764705,16,16,ACGAGCCACTCTGAAGTCTT,0,3444004
tabA_predicted,0.058823529411764705,16,16,ACGACCACTCCCTTATAATG,0,3434785
tabA_predicted,0.058823529411764705,16,16,ACCTTCGCTCGGATGAAGAG,0,3454746
tabA_predicted,0.058823529411764705,16,16,ACCTGATACGGTCAGAGTCT,0,3446317
tabA_predicted,0.058823529411764705,16,16,ACCTCTGAGACCAAGCTCAC,0,3435296
tabA_predicted,0.058823529411764705,16,16,ACCGGTCGAATCGTCTAGAT,0,3449735
tabA_predicted,0.058823529411764705,16,16,ACCAGGTACGTGTCCAGAGT,0,3452354
tabA_predicted,0.058823529411764705,16,16,ACATGTGCGTTTCCTAGGAT,0,3441059
tabA_predicted,0.058823529411764705,16,16,ACACGAATTTCTCATACGTA,0,3437719
tabA_predicted,0.058823529411764705,16,16,ACAACATTAAATCGACAGGT,0,3447980
tabA_predicted,0.058823529411764705,16,16,AATCTGATGCGGGGAGCTTA,0,3457827
tabA_predicted,0.058823529411764705,16,16,AAGTGCGTTATTTCGACAGA,0,3458872
tabA_predicted,0.058823529411764705,16,16,AAGTCTCTGGCGTGTTACTC,0,3457757
tabA_predicted,0.058823529411764705,16,16,AAGATTCCACGCGGCAACCG,0,3449472
tabA_predicted,0.058823529411764705,16,16,AAGAGTCTCGTAGGACATTA,0,3455628
tabA_predicted,0.058823529411764705,16,16,AAGAGCTGATTAATTTCTCA,0,3463006
tabA_predicted,0.058823529411764705,16,16,AACGGCGCACCATAGGCGGA,0,3457033
tabA_predicted,0.058823529411764705,16,16,AACGGAATGGTGAGGCTGTA,0,3449779
tabA_predicted,0.058823529411764705,16,16,AAATGGTTCAGGTACTGGCA,0,3445326
tabA_predicted,0.058823529411764705,16,16,AAAGAATTCAATGTTTCAGA,0,3445320
tabA_predicted,0.058823529411764705,16,16,AAACGTTCCTGATTGTTTTT,0,3445662
tabA_predicted,0.058823529411764705,16,16,AAACGATGGTCTGAGAAGCA,0,3439593
tabA_predicted,0.0625,15,15,TTTTCCCCAATTACCCCCAT,0,3447483
tabA_predicted,0.0625,15,15,TTTTCATGCTGCCAGCGTCG,0,3455529
tabA_predicted,0.0625,15,15,TTTGGTGAGTCTACCTCGGG,0,3458030
tabA_predicted,0.0625,15,15,TTTCGAGCTCATAGTCGTAC,0,3447014
tabA_predicted,0.0625,15,15,TTTCCATGACATTTTCACCG,0,3437432
tabA_predicted,0.0625,15,15,TTGTTGCATTAGTTATGTCG,0,3465303
tabA_predicted,0.0625,15,15,TTGTGATGAAGGCTTCGTAT,0,3431791
tabA_predicted,0.0625,15,15,TTGTCTATCCTGCGGGGAAA,0,3454410
tabA_predicted,0.0625,15,15,TTCTTGGGAGGCGGATGACT,0,3433667
tabA_predicted,0.0625,15,15,TTCTGCGACATTCTCTACAC,0,3450482
tabA_predicted,0.0625,15,15,TTCGACAGCCGACGGCCCGC,0,3438092
tabA_predicted,0.0625,15,15,TTCCTACTCGAACGAAACTT,0,3439451
tabA_predicted,0.0625,15,15,TTACGTGGATCGTGTTTGTT,0,3450292
tabA_predicted,0.0625,15,15,TTAAGAATCGCTAACCCACT,0,3445199
tabA_predicted,0.0625,15,15,TTAACCTACAGTTGTAGTCC,0,3431809
tabA_predicted,0.0625,15,15,TGTTCATGTGCTAAACGTTA,0,3445590
tabA_predicted,0.0625,15,15,TGTCCACGTGGCTCATTTTG,0,3446842
tabA_predicted,0.0625,15,15,TGTCACTGTGCACTACCCGA,0,3462676
tabA_predicted,0.0625,15,15,TGTATCTGTTTGAGCCAGTC,0,3451058
tabA_predicted,0.0625,15,15,TGTAGACTGGGGGGCCTAGG,0,3445451
tabA_predicted,0.0625,15,15,TGGTTAGCCAGGCTCGGTTA,0,3438801
tabA_predicted,0.0625,15,15,TGGGGCGCCTATAATCTTAT,0,3447228
tabA_predicted,0.0625,15,15,TGGGACAGGCTTGTGGGAGC,0,3460368
tabA_predicted,0.0625,15,15,TGGCCGCTTCGAGGACTAGA,0,3432392
tabA_predicted,0.0625,15,15,TGCGAACGGGACTCCCGAGA,0,3456670
tabA_predicted,0.0625,15,15,TGATTACCGAGCTGGCGCAG,0,3434815
tabA_predicted,0.0625,15,15,TGAGGTAGGATACAGGTGCT,0,3459840
tabA_predicted,0.0625,15,15,TGAACGTTTTCACTACACGT,0,3437000
tabA_predicted,0.0625,15,15,TCTGGTTCCATGACGGTCTT,0,3457247
tabA_predicted,0.0625,15,15,TCTCAGGCTACATTAGTCAT,0,3441717
tabA_predicted,0.0625,15,15,TCTATGATATTATCCTAAGC,0,3457279
tabA_predicted,0.0625,15,15,TCTATCCCCAAATCTACGAT,0,3446204
tabA_predicted,0.0625,15,15,TCTAAATCGGGTGGGAGGAT,0,3455459
tabA_predicted,0.0625,15,15,TCGGGGATGAGTACTAAATG,0,3453529
tabA_predicted,0.0625,15,15,TCCGGGGTATCACGGGGTCT,0,3454867
tabA_predicted,0.0625,15,15,TCCCGGAAATGATGCTATTT,0,3437060
tabA_predicted,0.0625,15,15,TCCAGGTAGCGACATGGTTT,0,3458408
tabA_predicted,0.0625,15,15,TATTAAAGTAGATTGATCTT,0,3437215
tabA_predicted,0.0625,15,15,TATCTATAACTATCTTTGTC,0,3436107
tabA_predicted,0.0625,15,15,TATACCAGGGCTGTGCTCCG,0,3454911
tabA_predicted,0.0625,15,15,TATAAACCGAACAAGTATTC,0,3456777
tabA_predicted,0.0625,15,15,TAGAAATAGAATGGAATGCT,0,3440830
tabA_predicted,0.0625,15,15,TACACCCCCTCGCGATCTGT,0,3460959
tabA_predicted,0.0625,15,15,TAACACCCTTCATCCGAACA,0,3431496
tabA_predicted,0.0625,15,15,TAAACTCGTATACGCCCTTT,0,3438915
tabA_predicted,0.0625,15,15,GTTTTTTATTCTACTTTACT,0,3447910
tabA_predicted,0.0625,15,15,GTTGGGAAATTCCATATCGC,0,3435601
tabA_predicted,0.0625,15,15,GTTCGGAGCTAGCATCCCTT,0,3435615
tabA_predicted,0.0625,15,15,GTGATCGGCTGGATTCCTAG,0,3461273
tabA_predicted,0.0625,15,15,GTCACTTTGTGATTTTGGGC,0,3448217
tabA_predicted,0.0625,15,15,GTACTTATAGAAGCCCGAAA,0,3446046
tabA_predicted,0.0625,15,15,GTAAGAATATGCGCACGAAT,0,3442257
tabA_predicted,0.0625,15,15,GGTTTTGAACACTAGGGCCA,0,3465583
tabA_predicted,0.0625,15,15,GGTGGTTCACTTTCACATTG,0,3436070
tabA_predicted,0.0625,15,15,GGTGGGTATAGTGGGCGCCC,0,3434476
tabA_predicted,0.0625,15,15,GGTGGGTACGAAGCACAACC,0,3459585
tabA_predicted,0.0625,15,15,GGTGCTAAGGTCCTCAAGTG,0,3452636
tabA_predicted,0.0625,15,15,GGTCCTCGTAGCATTCGTCT,0,3432998
tabA_predicted,0.0625,15,15,GGTCCCGCCAACGCACTTGT,0,3456605
tabA_predicted,0.0625,15,15,GGGTTACAAGGATTTTATTC,0,3449055
tabA_predicted,0.0625,15,15,GGCTGTTTACTGGCAGAAGG,0,3438792
tabA_predicted,0.0625,15,15,GGCGTGCCGTTTACAACCCC,0,3435317
tabA_predicted,0.0625,15,15,GGCGGTGCAAGGTTCGTAGA,0,3458339
tabA_predicted,0.0625,15,15,GGCAGCCGTACTATCGTGGA,0,3454979
tabA_predicted,0.0625,15,15,GGACAGACACGTAGCTTAAT,0,3445401
tabA_predicted,0.0625,15,15,GGAACCGGAAACTATGCCGC,0,3433101
tabA_predicted,0.0625,15,15,GCTGCATCGGTTCGGGTAAA,0,3450084
tabA_predicted,0.0625,15,15,GCTCGAAAAGCTAACTTACC,0,3452833
tabA_predicted,0.0625,15,15,GCTCACTGAAAACGTAACGG,0,3463483
tabA_predicted,0.0625,15,15,GCTATTATCGAACTAATTCG,0,3434514
tabA_predicted,0.0625,15,15,GCTAAGCTACGCCAGTGTAG,0,3450518
tabA_predicted,0.0625,15,15,GCGGTGTACAAGCTGTCCTT,0,3458071
tabA_predicted,0.0625,15,15,GCGGGCGAACAGAGAGCCAA,0,3443613
tabA_predicted,0.0625,15,15,GCGCTCTTAGTCTCGTCATT,0,3444975
tabA_predicted,0.0625,15,15,GCGCGTTCGTGGTCTTTAAT,0,3456621
tabA_predicted,0.0625,15,15,GCGCGGTGAGATCTGGTTAC,0,3465401
tabA_predicted,0.0625,15,15,GCGCAGCATCCTTCTCTGGT,0,3459932
tabA_predicted,0.0625,15,15,GCCTATCGTTCCATTCTCTT,0,3459301
tabA_predicted,0.0625,15,15,GCCGAGTGCGACGATTTGAA,0,3456396
tabA_predicted,0.0625,15,15,GCCCGGGATGAGGCACTTAC,0,3452595
tabA_predicted,0.0625,15,15,GCCCAGGGTCGTAAACTACA,0,3455542
tabA_predicted,0.0625,15,15,GCCATGGGTAGGGCCGATTG,0,3442964
tabA_predicted,0.0625,15,15,GCCACCTTTGAGAGGCCCCA,0,3455593
tabA_predicted,0.0625,15,15,GCCAAGGGGGCGTACTAGAT,0,3439020
tabA_predicted,0.0625,15,15,GCATTTCCTGTCATCATTGG,0,3452926
tabA_predicted,0.0625,15,15,GCATCATCCTTTGCGCCCTA,0,3461165
tabA_predicted,0.0625,15,15,GCAATTCGGGCGCGAACATT,0,3457855
tabA_predicted,0.0625,15,15,GCAAAAAAAAGTTTCTATCT,0,3437160
tabA_predicted,0.0625,15,15,GATTTATACCGCCGGGAGGA,0,3442031
tabA_predicted,0.0625,15,15,GAGGTACACCGACCTACGTA,0,3443000
tabA_predicted,0.0625,15,15,GAGACGCGCTGGTGAAGAGC,0,3447954
tabA_predicted,0.0625,15,15,GAGACCGATCGAAGCAAATA,0,3457794
tabA_predicted,0.0625,15,15,GAGACCAAACTGGGTCGTAG,0,3446445
tabA_predicted,0.0625,15,15,GACGTAACTTGATTGCCCTC,0,3453284
tabA_predicted,0.0625,15,15,GACGGCGTCCGAACAAATCC,0,3440766
tabA_predicted,0.0625,15,15,GAAGTCCGAAAGTTATGGCG,0,3454554
tabA_predicted,0.0625,15,15,GAAAATGTGTCGTCTAATCT,0,3451423
tabA_predicted,0.0625,15,15,CTTTCTGCCGGGAATTATAT,0,3461486
tabA_predicted,0.0625,15,15,CTTGCCTTGATTAGTACGGG,0,3449736
tabA_predicted,0.0625,15,15,CTTCTAATTCAACAGTTTAA,0,3463659
tabA_predicted,0.0625,15,15,CTTCATAAGGATATGAGTAT,0,3463381
tabA_predicted,0.0625,15,15,CTGTGTCAATCTGTCCTCAC,0,3464771
tabA_predicted,0.0625,15,15,CTGTGGCCAATTTGCTGGTT,0,3454075
tabA_predicted,0.0625,15,15,CTGTAAACGAGCGGAATTTG,0,3449073
tabA_predicted,0.0625,15,15,CTGACGATGATTGGTCGGTT,0,3461271
tabA_predicted,0.0625,15,15,CTGACCTCAATTTAGTGGAA,0,3459089
tabA_predicted,0.0625,15,15,CTCGTGCTAAATCAGAATGG,0,3450657
tabA_predicted,0.0625,15,15,CTCGGCCGTTAGTAACATTC,0,3461087
tabA_predicted,0.0625,15,15,CTCCGCGCATCCTATTCGTG,0,3445846
tabA_predicted,0.0625,15,15,CTCAGTGGGGTAGATCGCCT,0,3455433
tabA_predicted,0.0625,15,15,CTATTTTTTCGTTTTTCGGG,0,3443508
tabA_predicted,0.0625,15,15,CTATTAAGTGAGGGATCGCT,0,3431732
tabA_predicted,0.0625,15,15,CTAGTTAAACGTCCGATCAG,0,3437875
tabA_predicted,0.0625,15,15,CTAGCCTCATACATTAAGAG,0,3431880
tabA_predicted,0.0625,15,15,CTACTATTGAAGATTCCCAT,0,3463524
tabA_predicted,0.0625,15,15,CTAAATTGGTATGGGGCTGC,0,3439296
tabA_predicted,0.0625,15,15,CGTTGAGGGGGTAAACATCG,0,3461292
tabA_predicted,0.0625,15,15,CGTCGAAAAATTACATTAAG,0,3455634
tabA_predicted,0.0625,15,15,CGTATCCCATCGACAGTCAG,0,3457393
tabA_predicted,0.0625,15,15,CGTAGTTCGTTGCGCTGACC,0,3451249
tabA_predicted,0.0625,15,15,CGTAGATTATATCTGGTTCC,0,3457719
tabA_predicted,0.0625,15,15,CGTAATGTAAGCCACATGCT,0,3464525
tabA_predicted,0.0625,15,15,CGGTATCACCGAATCGCCGC,0,3447333
tabA_predicted,0.0625,15,15,CGGGTCACCGTGTAAGTGGT,0,3459082
tabA_predicted,0.0625,15,15,CGGGACTTGCCTGTATTCGG,0,3452584
tabA_predicted,0.0625,15,15,CGGAATTTCAGGTTACTACA,0,3459582
tabA_predicted,0.0625,15,15,CGGAACCGCCTCTATAGCAG,0,3450764
tabA_predicted,0.0625,15,15,CGATCCATGATCCGTTGGAT,0,3442821
tabA_predicted,0.0625,15,15,CGATATTTTCGACTCGTTGT,0,3431750
tabA_predicted,0.0625,15,15,CGAGCGTCACTTGGTTAATC,0,3458716
tabA_predicted,0.0625,15,15,CGACAGCGTCTATGGGCGCG,0,3466287
tabA_predicted,0.0625,15,15,CCTGTTGCAAAAGTGACTGA,0,3462509
tabA_predicted,0.0625,15,15,CCTCGTCCACTGGGACTCCT,0,3459384
tabA_predicted,0.0625,15,15,CCGTGTCGTCGAGATTGTAA,0,3466358
tabA_predicted,0.0625,15,15,CCGTCTGCCAGTAACCCTTA,0,3463799
tabA_predicted,0.0625,15,15,CCGTCAGTCGTGGACAGACC,0,3439453
tabA_predicted,0.0625,15,15,CCGGCTCGTCGTTGTTACCC,0,3459461
tabA_predicted,0.0625,15,15,CCGATCTGGCACGACGCGTA,0,3440015
tabA_predicted,0.0625,15,15,CCGACAGCCGCCAGACCATA,0,3449163
tabA_predicted,0.0625,15,15,CCCTACTGACTATACCGGCT,0,3433853
tabA_predicted,0.0625,15,15,CCCGTTCTCAATCATTAACC,0,3456578
tabA_predicted,0.0625,15,15,CCCCGGAATCGCAAAGGGTC,0,3464406
tabA_predicted,0.0625,15,15,CCCCGAAAAATTATTATCTG,0,3460690
tabA_predicted,0.0625,15,15,CCCACGGGTATGTTGAACAA,0,3448342
tabA_predicted,0.0625,15,15,CCATGGCAGCTCATTATTGA,0,3451436
tabA_predicted,0.0625,15,15,CCAATAGTTCTGGCGGGGTC,0,3432763
tabA_predicted,0.0625,15,15,CATGCTGCCATGACCACTAT,0,3465144
tabA_predicted,0.0625,15,15,CAGTTTTCCGCTCTTTCTAT,0,3447325
tabA_predicted,0.0625,15,15,CAGCGATGGCAGAGCAATTT,0,3436632
tabA_predicted,0.0625,15,15,CAGCCGCCAAGCACCCCCTG,0,3432527
tabA_predicted,0.0625,15,15,CAGAGGAACATGGAGTTTTT,0,3442610
tabA_predicted,0.0625,15,15,CACATGTGGCATGGTCGCAG,0,3443902
tabA_predicted,0.0625,15,15,CACACAAGTATTATTTGGGT,0,3437590
tabA_predicted,0.0625,15,15,CAATGAGTCCTGAAACTGGT,0,3444899
tabA_predicted,0.0625,15,15,CAAGTTAGGTTCTTGAGTTT,0,3461382
tabA_predicted,0.0625,15,15,CAAGACCTTAGACTATATAC,0,3447051
tabA_predicted,0.0625,15,15,CAAAATAAACCCTGACCAAG,0,3464749
tabA_predicted,0.0625,15,15,CAAAACGTGTCTTATTGGTT,0,3447897
tabA_predicted,0.0625,15,15,ATTTAAGTGAAAACAAATAC,0,3454218
tabA_predicted,0.0625,15,15,ATTGGTGGTCATGTGTTGTC,0,3431771
tabA_predicted,0.0625,15,15,ATTGACTTTGATTTATAAAT,0,3457376
tabA_predicted,0.0625,15,15,ATTAAGCCCTTATTTAAGGA,0,3434034
tabA_predicted,0.0625,15,15,ATGCACCACTCTGGGGGTTA,0,3446218
tabA_predicted,0.0625,15,15,ATGACAAGCGTGCCCCAGCA,0,3457223
tabA_predicted,0.0625,15,15,ATCTGATCTCCACTGACTGG,0,3446794
tabA_predicted,0.0625,15,15,ATCTATAACAGAAAACCTGT,0,3464792
tabA_predicted,0.0625,15,15,ATCGTACCTAACGCCAGCAT,0,3451597
tabA_predicted,0.0625,15,15,ATCGGGTCTGCCAGGTCCAT,0,3447722
tabA_predicted,0.0625,15,15,ATCGGCATGGAGCATGCAGG,0,3459863
tabA_predicted,0.0625,15,15,ATCGATCCGTTGACTTCGGT,0,3463865
tabA_predicted,0.0625,15,15,ATCCTTAGTTCTAATTATGG,0,3441210
tabA_predicted,0.0625,15,15,ATCAATCATGCGGCCTCCAT,0,3465707
tabA_predicted,0.0625,15,15,ATATAGTAGCGCGTAGCTTT,0,3456065
tabA_predicted,0.0625,15,15,ATATAACGTCCCATTCGGAT,0,3440765
tabA_predicted,0.0625,15,15,ATACAGAAGTCCGAACTTAA,0,3452697
tabA_predicted,0.0625,15,15,AGTTACCCAATCCTTGCCAC,0,3449091
tabA_predicted,0.0625,15,15,AGTGGCGTGTCATCGTGATG,0,3444875
tabA_predicted,0.0625,15,15,AGTGAAGAACTCTTGGGAAC,0,3464849
tabA_predicted,0.0625,15,15,AGTCGGTCACGGTGCACTCT,0,3443935
tabA_predicted,0.0625,15,15,AGTCCAGCCTTAGGGCTGTC,0,3432016
tabA_predicted,0.0625,15,15,AGTAGTCTATGGCCTACTGG,0,3445957
tabA_predicted,0.0625,15,15,AGTAGGCCGATCAGGACTTC,0,3437977
tabA_predicted,0.0625,15,15,AGTACACTCCGCTGCCAGAC,0,3438126
tabA_predicted,0.0625,15,15,AGTAATGCGCTAGGCTGTTC,0,3462163
tabA_predicted,0.0625,15,15,AGGGGCGTGGGACCCGAGTG,0,3448973
tabA_predicted,0.0625,15,15,AGGAGAGCTAGATGTCAAAG,0,3445786
tabA_predicted,0.0625,15,15,AGCGTCTGTTCCCTATCGGC,0,3450152
tabA_predicted,0.0625,15,15,AGAGCGACCCTGATCCTGTG,0,3453014
tabA_predicted,0.0625,15,15,AGACTGGAGGTCAAGGCTCA,0,3450623
tabA_predicted,0.0625,15,15,AGACGTAGTTGCGACAATGA,0,3441694
tabA_predicted,0.0625,15,15,AGACATCACTCCAGCACGAT,0,3444315
tabA_predicted,0.0625,15,15,AGAACTTATGACAGGCAAGT,0,3432556
tabA_predicted,0.0625,15,15,ACTTGTTACTGGGGTTCCGT,0,3452747
tabA_predicted,0.0625,15,15,ACTTGCCCTTTATCGAGGGT,0,3439175
tabA_predicted,0.0625,15,15,ACTGTTGGTCAACGGTCCGG,0,3451948
tabA_predicted,0.0625,15,15,ACTAAGGGCGCATTACTGTT,0,3451786
tabA_predicted,0.0625,15,15,ACGTGGGCTTCAAAAGGAAT,0,3459718
tabA_predicted,0.0625,15,15,ACGTCGCGAAGGATTAGAGT,0,3432069
tabA_predicted,0.0625,15,15,ACGGGAGCGCCGGGCTTGTT,0,3450547
tabA_predicted,0.0625,15,15,ACCTTAGGTGTGACAGGCCA,0,3453634
tabA_predicted,0.0625,15,15,ACCTGAGGACAAGCTCGGTT,0,3446673
tabA_predicted,0.0625,15,15,ACCTCGGTCGGCCAATTCCA,0,3440920
tabA_predicted,0.0625,15,15,ACCGTCGGCGTTACAAATTT,0,3461618
tabA_predicted,0.0625,15,15,ACACCCTCATTTTTTGGACT,0,3456171
tabA_predicted,0.0625,15,15,ACAATAAGGATTCCTAAGCC,0,3460864
tabA_predicted,0.0625,15,15,AATGAAGGCCTGGCGCTTCC,0,3457937
tabA_predicted,0.0625,15,15,AATAGCTACGCCCAGGGGGA,0,3459059
tabA_predicted,0.0625,15,15,AAGTAGCCCAAGAAGCTCGG,0,3435666
tabA_predicted,0.0625,15,15,AAGGCCTGTCGGGTGCCTTC,0,3455761
tabA_predicted,0.0625,15,15,AAGCATGAGCTTCCCAAACA,0,3460066
tabA_predicted,0.0625,15,15,AACTTCTGTAGTAGGCGGTA,0,3455539
tabA_predicted,0.0625,15,15,AACGTTTTAGGAGCGCATTA,0,3465041
tabA_predicted,0.0625,15,15,AACAGATCAGTAGAGCGAAA,0,3444582
tabA_predicted,0.0625,15,15,AACAACAGGGTGGGAACCAT,0,3438067
tabA_predicted,0.0625,15,15,AAAGAGTGGTGGTAGATAGA,0,3461301
tabA_predicted,0.06666666666666667,14,14,TTTTGGCATGCAGCCCGTGA,0,3453036
tabA_predicted,0.06666666666666667,14,14,TTTTACTCGACAGGATCCTA,0,3459750
tabA_predicted,0.06666666666666667,14,14,TTTCCGACGAAGAGCCGAGT,0,3442445
tabA_predicted,0.06666666666666667,14,14,TTTATATCAATCTACATTCT,0,3449907
tabA_predicted,0.06666666666666667,14,14,TTGTGGCTTGTCTCTCAGCG,0,3437638
tabA_predicted,0.06666666666666667,14,14,TTGGCAATTCTGAGCCGCCT,0,3449177
tabA_predicted,0.06666666666666667,14,14,TTGCTGCAATTTGCCGCAAG,0,3453688
tabA_predicted,0.06666666666666667,14,14,TTCGAGCAGAGTTGGACTTC,0,3456007
tabA_predicted,0.06666666666666667,14,14,TTATGTAGTTACTTAGGGGG,0,3441267
tabA_predicted,0.06666666666666667,14,14,TTATGGGCGTGTGCGCGCTC,0,3431307
tabA_predicted,0.06666666666666667,14,14,TTACAGAAGACGGACAGGGG,0,3451795
tabA_predicted,0.06666666666666667,14,14,TTACAATTGTACAAATCGTA,0,3437838
tabA_predicted,0.06666666666666667,14,14,TTAAGGATGCTTGATGCGCT,0,3432554
tabA_predicted,0.06666666666666667,14,14,TTAACCCCCCTGGAGGCCGA,0,3434155
tabA_predicted,0.06666666666666667,14,14,TGTGCTCCTATTCGTTAGAT,0,3453953
tabA_predicted,0.06666666666666667,14,14,TGTAAATAAGCGAGCCGCGG,0,3449489
tabA_predicted,0.06666666666666667,14,14,TGGTTTGACGGTGTTGGACA,0,3447843
tabA_predicted,0.06666666666666667,14,14,TGGTTCAACTGCCTGTTGGT,0,3440108
tabA_predicted,0.06666666666666667,14,14,TGGTCATAACCAAACCGAGG,0,3440412
tabA_predicted,0.06666666666666667,14,14,TGCCGCAGGGCGAACATGGC,0,3449789
tabA_predicted,0.06666666666666667,14,14,TGCCCTGTCATGATGTTGGG,0,3449454
tabA_predicted,0.06666666666666667,14,14,TGCAGCTTCTCCTTGGCTAA,0,3464627
tabA_predicted,0.06666666666666667,14,14,TGCAATCCAGTTTGGCCAAT,0,3444313
tabA_predicted,0.06666666666666667,14,14,TGATAATCCCAGATCCAGAT,0,3447046
tabA_predicted,0.06666666666666667,14,14,TGATAACATCACGGATGTTT,0,3462853
tabA_predicted,0.06666666666666667,14,14,TGACACCCCTGTCACCTGTA,0,3432586
tabA_predicted,0.06666666666666667,14,14,TGAACGTTATCCCTCTTGTG,0,3451107
tabA_predicted,0.06666666666666667,14,14,TCTGGTGATAGGCTGGGCAG,0,3432760
tabA_predicted,0.06666666666666667,14,14,TCTGGACTATCGGGTGTAGT,0,3457690
tabA_predicted,0.06666666666666667,14,14,TCTAACGACCGCGGTAGCCC,0,3436129
tabA_predicted,0.06666666666666667,14,14,TCGTTAGCGTGCCTTGGTCG,0,3458028
tabA_predicted,0.06666666666666667,14,14,TCGGGAAGGAGAGACTGTGA,0,3457077
tabA_predicted,0.06666666666666667,14,14,TCGGAAGAATCTCAAGGGAC,0,3443409
tabA_predicted,0.06666666666666667,14,14,TCCGTGGCGCCGCTACTGGT,0,3447763
tabA_predicted,0.06666666666666667,14,14,TCCGCAACTTCCTTGGAGAA,0,3444478
tabA_predicted,0.06666666666666667,14,14,TCCCAATGCTAAAAAACTGA,0,3451328
tabA_predicted,0.06666666666666667,14,14,TCCACACGGGGGGTACGTGT,0,3435120
tabA_predicted,0.06666666666666667,14,14,TCATATGTGGTCTCGCGCCC,0,3439647
tabA_predicted,0.06666666666666667,14,14,TCAGAACATGTTAATCAATT,0,3455351
tabA_predicted,0.06666666666666667,14,14,TCACGTAACTAGAATGACTC,0,3441896
tabA_predicted,0.06666666666666667,14,14,TCAAACAAGAGGCAAACCTT,0,3444554
tabA_predicted,0.06666666666666667,14,14,TATCCTGCGGTGACAACCCT,0,3431908
tabA_predicted,0.06666666666666667,14,14,TATCCCGTGATCCGTAAGGC,0,3466198
tabA_predicted,0.06666666666666667,14,14,TAGGGTGAATGGAGGCTTCA,0,3436747
tabA_predicted,0.06666666666666667,14,14,TAGGAGAGGGCTTCGCTCTT,0,3461434
tabA_predicted,0.06666666666666667,14,14,TACTTTCAGAACAAAGACAG,0,3433400
tabA_predicted,0.06666666666666667,14,14,TACTTGTATTTATCCGATCT,0,3448642
tabA_predicted,0.06666666666666667,14,14,TACGTCTTCAGCGCATAGCA,0,3449506
tabA_predicted,0.06666666666666667,14,14,TACGGGGCCTTATGGATCCT,0,3462379
tabA_predicted,0.06666666666666667,14,14,TACGGCCTGGCGATGGGCTC,0,3446873
tabA_predicted,0.06666666666666667,14,14,TACATAGCCCGAATAGAGGA,0,3463260
tabA_predicted,0.06666666666666667,14,14,TACAGACTTCGACTAGAGTT,0,3439131
tabA_predicted,0.06666666666666667,14,14,TAAGTATTATTAGATGGAAG,0,3465052
tabA_predicted,0.06666666666666667,14,14,TAAGGAACAGCGGGACCATA,0,3464873
tabA_predicted,0.06666666666666667,14,14,TAAGCCTTGAACGACAATGT,0,3457629
tabA_predicted,0.06666666666666667,14,14,TAACGGGGGTTTGATGCCCA,0,3447840
tabA_predicted,0.06666666666666667,14,14,TAACAGAATTCATTCACTTT,0,3459603
tabA_predicted,0.06666666666666667,14,14,GTTTGGCGGATCTGGTGATC,0,3431227
tabA_predicted,0.06666666666666667,14,14,GTTGAGTTGTGCGCACAGTA,0,3436926
tabA_predicted,0.06666666666666667,14,14,GTTACCCGTAGTTAAAACAC,0,3454478
tabA_predicted,0.06666666666666667,14,14,GTGTGTGCTGTGGGACTTCT,0,3432130
tabA_predicted,0.06666666666666667,14,14,GTGAAGGTCTGCACGCTGGT,0,3438675
tabA_predicted,0.06666666666666667,14,14,GTCTTCTCTAGGATCACAGA,0,3448080
tabA_predicted,0.06666666666666667,14,14,GTCGGCTAGTAAATCCTAGC,0,3459555
tabA_predicted,0.06666666666666667,14,14,GTCCATCCTAACTGCTCCGT,0,3445080
tabA_predicted,0.06666666666666667,14,14,GTAGGTTGTGTAGAGTGAAT,0,3457338
tabA_predicted,0.06666666666666667,14,14,GTAGGGTGTTAATACAGGCT,0,3454263
tabA_predicted,0.06666666666666667,14,14,GTAGGCCACCCTTTTCTACA,0,3441289
tabA_predicted,0.06666666666666667,14,14,GTACAGCTAGTTGTGATGTA,0,3439994
tabA_predicted,0.06666666666666667,14,14,GGTCGGCGTGCCATAAATTA,0,3454355
tabA_predicted,0.06666666666666667,14,14,GGTAGGCTTGTACCCCATGC,0,3453563
tabA_predicted,0.06666666666666667,14,14,GGGTGGTCGCGGATGGTAAA,0,3433617
tabA_predicted,0.06666666666666667,14,14,GGGTCGTCAAGCACATCACA,0,3441742
tabA_predicted,0.06666666666666667,14,14,GGGCATTATGTCTTGTTCCG,0,3434166
tabA_predicted,0.06666666666666667,14,14,GGGATGTATATATGAACCAC,0,3461626
tabA_predicted,0.06666666666666667,14,14,GGGATCTCACTCACCTAGGG,0,3446036
tabA_predicted,0.06666666666666667,14,14,GGGAATTAATTAGCCTGATT,0,3436725
tabA_predicted,0.06666666666666667,14,14,GGGAAGGTGTTTATGCCCCT,0,3446263
tabA_predicted,0.06666666666666667,14,14,GGCGCGGTTCCGCAATCCGA,0,3462779
tabA_predicted,0.06666666666666667,14,14,GGCCGGGTCAAGCCCCTCTG,0,3449750
tabA_predicted,0.06666666666666667,14,14,GGATCAACCGCTAGAGACAA,0,3450541
tabA_predicted,0.06666666666666667,14,14,GGAGTGTATCATAGTCATAT,0,3441135
tabA_predicted,0.06666666666666667,14,14,GGAATGGGACGCGGGTAATG,0,3445907
tabA_predicted,0.06666666666666667,14,14,GCTTTGATAGGTCCAGTTCC,0,3460328
tabA_predicted,0.06666666666666667,14,14,GCTCGGGATGAACTGAGGGG,0,3437573
tabA_predicted,0.06666666666666667,14,14,GCTAGTTTGAAGTACAGGTT,0,3437558
tabA_predicted,0.06666666666666667,14,14,GCTACGTTTCGTTGAAGCTT,0,3432207
tabA_predicted,0.06666666666666667,14,14,GCTAATCTCGAATAAATTCG,0,3459690
tabA_predicted,0.06666666666666667,14,14,GCGGCATTAACGGTCGTTGC,0,3453391
tabA_predicted,0.06666666666666667,14,14,GCGCTCTGCTGCCATGATGG,0,3465330
tabA_predicted,0.06666666666666667,14,14,GCGATCGCTCTGGAGTTGGT,0,3452365
tabA_predicted,0.06666666666666667,14,14,GCGAACGTGGAGCTCAGGTT,0,3452142
tabA_predicted,0.06666666666666667,14,14,GCGAACGAAAGGCCAAACCT,0,3459404
tabA_predicted,0.06666666666666667,14,14,GCCGGCTTAGGGAACCGCAA,0,3443637
tabA_predicted,0.06666666666666667,14,14,GCCCATGACTGTGTAATGAA,0,3446780
tabA_predicted,0.06666666666666667,14,14,GCCAAGATCCGACGAGCCAA,0,3439314
tabA_predicted,0.06666666666666667,14,14,GCAGAATTCTTCGAACATGG,0,3451310
tabA_predicted,0.06666666666666667,14,14,GATTGGCACTCGAGCAAAGA,0,3463459
tabA_predicted,0.06666666666666667,14,14,GATTCCTATCGCTGTCTAAT,0,3460772
tabA_predicted,0.06666666666666667,14,14,GATGTTTTTGCAGTTCACAG,0,3459272
tabA_predicted,0.06666666666666667,14,14,GATGTTCAGAGCTGAGGGGA,0,3440718
tabA_predicted,0.06666666666666667,14,14,GATCTACCTCTGGGTAAATA,0,3461840
tabA_predicted,0.06666666666666667,14,14,GATCAAGTGCGCATCAGAGC,0,3432995
tabA_predicted,0.06666666666666667,14,14,GAGTTCTGCAGCGGCTGAAT,0,3438685
tabA_predicted,0.06666666666666667,14,14,GAGTCCTAGTCACGAAGGCA,0,3439403
tabA_predicted,0.06666666666666667,14,14,GAGGCAGAGAAAATGTTCAT,0,3431532
tabA_predicted,0.06666666666666667,14,14,GAGCATGACTCGGCCAATTT,0,3455085
tabA_predicted,0.06666666666666667,14,14,GACGGGCACGATTCCTGGTA,0,3432829
tabA_predicted,0.06666666666666667,14,14,GACAGGGAGCGATTTGGCGG,0,3460296
tabA_predicted,0.06666666666666667,14,14,GAATTGATTCGGGTACCGGT,0,3441976
tabA_predicted,0.06666666666666667,14,14,GAAGTTTTGACCAATTTCAC,0,3434884
tabA_predicted,0.06666666666666667,14,14,GAAGCGCTAAATATGCGTAA,0,3465782
tabA_predicted,0.06666666666666667,14,14,GAACTTACCAGGTACAATTT,0,3463764
tabA_predicted,0.06666666666666667,14,14,CTTGGCACGGGTACGTACAT,0,3449384
tabA_predicted,0.06666666666666667,14,14,CTTCGTCCCGTCACTGGGGT,0,3433639
tabA_predicted,0.06666666666666667,14,14,CTTCGAGCGCGCGCACTTAT,0,3439098
tabA_predicted,0.06666666666666667,14,14,CTGGTTAACCATTGTTTTCT,0,3451938
tabA_predicted,0.06666666666666667,14,14,CTGGGGTGGTGGCATTGAAG,0,3439473
tabA_predicted,0.06666666666666667,14,14,CTGCTAATTAATAGATACTT,0,3447075
tabA_predicted,0.06666666666666667,14,14,CTCGTTTAGGATGATTCTTC,0,3442569
tabA_predicted,0.06666666666666667,14,14,CTCGGAATGGATTCTGTACG,0,3462013
tabA_predicted,0.06666666666666667,14,14,CTCGATGAACAACAAGCACG,0,3433327
tabA_predicted,0.06666666666666667,14,14,CTATTACTTCGGCCTATAAC,0,3435504
tabA_predicted,0.06666666666666667,14,14,CTATCCATGATAAGTAAATG,0,3463172
tabA_predicted,0.06666666666666667,14,14,CTACTCACGTTCGTCTTTCT,0,3464800
tabA_predicted,0.06666666666666667,14,14,CTAAGGTCACGTTCCCTCTA,0,3456533
tabA_predicted,0.06666666666666667,14,14,CTAAAGTATCTAACGAACCG,0,3435055
tabA_predicted,0.06666666666666667,14,14,CGTTGTCCCTAGGGATGCTC,0,3437943
tabA_predicted,0.06666666666666667,14,14,CGTTCGTACCTAACGCTACA,0,3438797
tabA_predicted,0.06666666666666667,14,14,CGTGCTAGGGGATTAACCTG,0,3452522
tabA_predicted,0.06666666666666667,14,14,CGTCCGCCCTGCCCTCGCGA,0,3441574
tabA_predicted,0.06666666666666667,14,14,CGTCATGGTCACGTTAAAGT,0,3432172
tabA_predicted,0.06666666666666667,14,14,CGTATAAATAACTTACACCG,0,3450700
tabA_predicted,0.06666666666666667,14,14,CGGTAATTCTAGGTCTCGAC,0,3459371
tabA_predicted,0.06666666666666667,14,14,CGGGCTCTGTCATCACGGTC,0,3446105
tabA_predicted,0.06666666666666667,14,14,CGGGCATATCCCGGAGCGGT,0,3439840
tabA_predicted,0.06666666666666667,14,14,CGGGCAGTGTGTACCACATA,0,3441099
tabA_predicted,0.06666666666666667,14,14,CGGCTTGAGCGATTTGGAGG,0,3465746
tabA_predicted,0.06666666666666667,14,14,CGGCTATACGTAGCCACACC,0,3455110
tabA_predicted,0.06666666666666667,14,14,CGGCAGCATGCGATTACTCC,0,3445749
tabA_predicted,0.06666666666666667,14,14,CGGATAGCGTGACTGGTTAA,0,3452868
tabA_predicted,0.06666666666666667,14,14,CGGAGTCCGCATTGGTACGA,0,3451037
tabA_predicted,0.06666666666666667,14,14,CGCTCGATAAAAACTAATGC,0,3451730
tabA_predicted,0.06666666666666667,14,14,CGACGTTGGGGCAGATGTGC,0,3443989
tabA_predicted,0.06666666666666667,14,14,CGACGCAGGTTTGGGCTTAG,0,3459144
tabA_predicted,0.06666666666666667,14,14,CCTTCGGACGAAGCCGGTCA,0,3438346
tabA_predicted,0.06666666666666667,14,14,CCTTAAAACTACTACAGAAA,0,3436297
tabA_predicted,0.06666666666666667,14,14,CCTGCACGCAATTAGATTAT,0,3461539
tabA_predicted,0.06666666666666667,14,14,CCTCACATAGAGTTTCCCGC,0,3458953
tabA_predicted,0.06666666666666667,14,14,CCTACAAGTTCCTGGCAGAG,0,3442178
tabA_predicted,0.06666666666666667,14,14,CCCGTCGGACGTTTTTCCAT,0,3462837
tabA_predicted,0.06666666666666667,14,14,CCCCCTCGAGCATTTTAAGA,0,3449327
tabA_predicted,0.06666666666666667,14,14,CCCCACGTGCAACCGACCAG,0,3433673
tabA_predicted,0.06666666666666667,14,14,CCCACAAACCCCCTCGCGTG,0,3443512
tabA_predicted,0.06666666666666667,14,14,CCATTACCAGTATTGTTACT,0,3460490
tabA_predicted,0.06666666666666667,14,14,CCATCGATACATGGCATTAT,0,3458027
tabA_predicted,0.06666666666666667,14,14,CCACTGTCGTTGCAGTTAAA,0,3464903
tabA_predicted,0.06666666666666667,14,14,CCACAGCAGCCGGTTCTATC,0,3448309
tabA_predicted,0.06666666666666667,14,14,CCACACTTTGTTAGCTTACG,0,3442640
tabA_predicted,0.06666666666666667,14,14,CATTCCGGCATGGTCGTTCA,0,3459197
tabA_predicted,0.06666666666666667,14,14,CATCGCCGCCCGGCGTAGGA,0,3440456
tabA_predicted,0.06666666666666667,14,14,CATCAGCAGTTAGGGGGACG,0,3448312
tabA_predicted,0.06666666666666667,14,14,CAGTCTACCAGCTAGCGCTC,0,3442611
tabA_predicted,0.06666666666666667,14,14,CAGGTGCAAGTATCGTTTGG,0,3444461
tabA_predicted,0.06666666666666667,14,14,CAGGGGTTAGCCTAAATGTA,0,3436014
tabA_predicted,0.06666666666666667,14,14,CAGAGCAATTCGGCCGAGTA,0,3464114
tabA_predicted,0.06666666666666667,14,14,CAGAATTCGCCGCAGTAGTG,0,3450768
tabA_predicted,0.06666666666666667,14,14,CACGTGGGAGATTTTGGACG,0,3439508
tabA_predicted,0.06666666666666667,14,14,CACGGCTGGGGCGTGTCGAA,0,3449437
tabA_predicted,0.06666666666666667,14,14,CACCATATCTTAGACTAAAT,0,3438035
tabA_predicted,0.06666666666666667,14,14,CACACGCAATCCTTAACGGG,0,3451277
tabA_predicted,0.06666666666666667,14,14,CAAGCTCGCCATAAGACTGA,0,3436552
tabA_predicted,0.06666666666666667,14,14,CAACCTTGGAGTCAGAGTCG,0,3453694
tabA_predicted,0.06666666666666667,14,14,CAAAATAAGGCGCCCCGAGT,0,3443823
tabA_predicted,0.06666666666666667,14,14,ATTGGCCGTGGCAGGAGGGT,0,3450407
tabA_predicted,0.06666666666666667,14,14,ATTGCGTTGGCAATATATCT,0,3447424
tabA_predicted,0.06666666666666667,14,14,ATTCCGGCTGTGGTCAACTA,0,3439759
tabA_predicted,0.06666666666666667,14,14,ATTAGGCGCAAGCCATGGAC,0,3432442
tabA_predicted,0.06666666666666667,14,14,ATGCCTTGGTTCGCCTTCAG,0,3440799
tabA_predicted,0.06666666666666667,14,14,ATGAATGAATCGTATAGAGA,0,3454455
tabA_predicted,0.06666666666666667,14,14,ATCTCGGAGGCTGACGCCGG,0,3438393
tabA_predicted,0.06666666666666667,14,14,ATCTCGAGGGCACAAAGTCC,0,3449065
tabA_predicted,0.06666666666666667,14,14,ATCGTTTTCACCCGGGAGTC,0,3433007
tabA_predicted,0.06666666666666667,14,14,ATCGTCACTAGGTGCGGCCT,0,3440152
tabA_predicted,0.06666666666666667,14,14,ATCCGTCGGCCTCTTCCGCA,0,3459367
tabA_predicted,0.06666666666666667,14,14,ATAGGCCGCGATGGGTTCTG,0,3436903
tabA_predicted,0.06666666666666667,14,14,ATAGCGGGGCCATTGTTGTA,0,3459497
tabA_predicted,0.06666666666666667,14,14,ATACGGTGCCGTACCCATGC,0,3440554
tabA_predicted,0.06666666666666667,14,14,ATACGAGGGGAAACCCAGTC,0,3449115
tabA_predicted,0.06666666666666667,14,14,ATAATCTTCATATCACAGGC,0,3437171
tabA_predicted,0.06666666666666667,14,14,AGTCTACGAATGGAACGCAA,0,3435122
tabA_predicted,0.06666666666666667,14,14,AGTCCTGGACCACGAGTGAT,0,3432750
tabA_predicted,0.06666666666666667,14,14,AGTCCCCGCAATTGACATCG,0,3433362
tabA_predicted,0.06666666666666667,14,14,AGTATTGCTCGATTTATTTG,0,3453292
tabA_predicted,0.06666666666666667,14,14,AGTATGGACATAATGACGCC,0,3448064
tabA_predicted,0.06666666666666667,14,14,AGTAGGATATATTAGGACGG,0,3457644
tabA_predicted,0.06666666666666667,14,14,AGTAGCGTTTCATTAACGTT,0,3465775
tabA_predicted,0.06666666666666667,14,14,AGGTTACCTTTCCAGGCGGT,0,3453820
tabA_predicted,0.06666666666666667,14,14,AGGTGGCCGTTCTCCCCTGC,0,3435334
tabA_predicted,0.06666666666666667,14,14,AGGTATAATTTGCAGAACCT,0,3457774
tabA_predicted,0.06666666666666667,14,14,AGGTAAAGTCTGTTCGAGAT,0,3449400
tabA_predicted,0.06666666666666667,14,14,AGGCTAGTCAGTCTGTGACA,0,3431790
tabA_predicted,0.06666666666666667,14,14,AGGATAGTATTTTTGCATTG,0,3447115
tabA_predicted,0.06666666666666667,14,14,ACTTCGACCAAGGTTTTATC,0,3464790
tabA_predicted,0.06666666666666667,14,14,ACTTACACGCTCGGTTGAGA,0,3439454
tabA_predicted,0.06666666666666667,14,14,ACTGCACTACAGACTCAGAA,0,3444793
tabA_predicted,0.06666666666666667,14,14,ACTACAACTTGACAGGTGTC,0,3461327
tabA_predicted,0.06666666666666667,14,14,ACGCATGCAGGCAATTTTTG,0,3448737
tabA_predicted,0.06666666666666667,14,14,ACGAGCGTGGGACTGTACTA,0,3464413
tabA_predicted,0.06666666666666667,14,14,ACGACACACCACTAGCACCT,0,3448422
tabA_predicted,0.06666666666666667,14,14,ACCCACTTCCATAGCGGCGC,0,3459678
tabA_predicted,0.06666666666666667,14,14,ACCACCCTTGCGAATACTTG,0,3435937
tabA_predicted,0.06666666666666667,14,14,ACATGCGGCTCCTATCCAAG,0,3455734
tabA_predicted,0.06666666666666667,14,14,ACATCTAGTACCAATACCTT,0,3445616
tabA_predicted,0.06666666666666667,14,14,ACATCACGCGCGCCAGCCTG,0,3457202
tabA_predicted,0.06666666666666667,14,14,ACACTCGCAGTAGTGTTGGA,0,3458017
tabA_predicted,0.06666666666666667,14,14,ACAATAGATGCGTGTCCATG,0,3443899
tabA_predicted,0.06666666666666667,14,14,ACAAGTAGCAGTGGCGAGGT,0,3448547
tabA_predicted,0.06666666666666667,14,14,ACAAAGTGCGAACTACTAGA,0,3460605
tabA_predicted,0.06666666666666667,14,14,AATTGGGTACGCCCCACACC,0,3454158
tabA_predicted,0.06666666666666667,14,14,AATTGGGAGACATGTGTATA,0,3433852
tabA_predicted,0.06666666666666667,14,14,AATGGTCCAAGCAGTGATAT,0,3441133
tabA_predicted,0.06666666666666667,14,14,AATCTGGGAGGCCGTTCCGG,0,3445911
tabA_predicted,0.06666666666666667,14,14,AATCCATCACTGCCTTGAGT,0,3460827
tabA_predicted,0.06666666666666667,14,14,AATCATCGAGCAGGAATAAC,0,3439838
tabA_predicted,0.06666666666666667,14,14,AATCAAAGTATGGGCTGTTT,0,3440322
tabA_predicted,0.06666666666666667,14,14,AATACGAGGTTGCCCAGTGT,0,3436013
tabA_predicted,0.06666666666666667,14,14,AATAACCAAGGTTCGCTGGT,0,3447841
tabA_predicted,0.06666666666666667,14,14,AAGTTACGGAGTCTTCTTTT,0,3451489
tabA_predicted,0.06666666666666667,14,14,AAGTGTGCCTTTTGTGTAAA,0,3451011
tabA_predicted,0.06666666666666667,14,14,AAGTGAGACGGCCACTGATT,0,3461607
tabA_predicted,0.06666666666666667,14,14,AAGCCCGTTTCGAAAGAGTT,0,3449190
tabA_predicted,0.06666666666666667,14,14,AACCGGTTGCGGTTTAGAAT,0,3449921
tabA_predicted,0.06666666666666667,14,14,AACACATTGACTTAACTGTT,0,3464216
tabA_predicted,0.06666666666666667,14,14,AAAGGCGGTTCGCGAAGTTA,0,3464828
tabA_predicted,0.06666666666666667,14,14,AAACATCTAATGCTGGTCCA,0,3445811
tabA_predicted,0.06666666666666667,14,14,AAACAAACAAAATTTTGTTG,0,3452652
tabA_predicted,0.07142857142857142,13,13,TTTTGTGGGTCAGCCATTTT,0,3457775
tabA_predicted,0.07142857142857142,13,13,TTTGGGCGATTGGTATTCAA,0,3456489
tabA_predicted,0.07142857142857142,13,13,TTTGGCTGAGCGGGGCTTGA,0,3461223
tabA_predicted,0.07142857142857142,13,13,TTTGACGTCGGAGACGGGAC,0,3453068
tabA_predicted,0.07142857142857142,13,13,TTTACATTCGCTATACACAT,0,3456394
tabA_predicted,0.07142857142857142,13,13,TTGGTTAATCGGGGAGGTCA,0,3438940
tabA_predicted,0.07142857142857142,13,13,TTGCGCGTCTCCTTCCGCAA,0,3433541
tabA_predicted,0.07142857142857142,13,13,TTGACTTAGGATGGATAATA,0,3452831
tabA_predicted,0.07142857142857142,13,13,TTGACGTGCCGGTCCGCGGG,0,3457129
tabA_predicted,0.07142857142857142,13,13,TTGACCGAGGGATTACCGGT,0,3449964
tabA_predicted,0.07142857142857142,13,13,TTCTTCCGCGAAGAAGGAAA,0,3447011
tabA_predicted,0.07142857142857142,13,13,TTCGTGGTCCTGACAGCTGG,0,3459566
tabA_predicted,0.07142857142857142,13,13,TTCCCGCAGAGGTTATCCAT,0,3433628
tabA_predicted,0.07142857142857142,13,13,TTCCACTGGCCTAGACCGTT,0,3454145
tabA_predicted,0.07142857142857142,13,13,TTCACGAGTTTAAAAGCACA,0,3464932
tabA_predicted,0.07142857142857142,13,13,TTAGTGCCGTCGCCTAGGAT,0,3449266
tabA_predicted,0.07142857142857142,13,13,TTAGAAACGGGTTACTAATT,0,3452021
tabA_predicted,0.07142857142857142,13,13,TTAATACGTATAGGGCGTTC,0,3433073
tabA_predicted,0.07142857142857142,13,13,TGTACTCCGAATCACGACTG,0,3445998
tabA_predicted,0.07142857142857142,13,13,TGTACGGGCTGAGGACGACG,0,3441686
tabA_predicted,0.07142857142857142,13,13,TGTAAATTAGGCAACCCGGC,0,3451657
tabA_predicted,0.07142857142857142,13,13,TGGGGGGATGGTCCATTCCT,0,3450987
tabA_predicted,0.07142857142857142,13,13,TGGGCTAGGGCCGCGCTAAT,0,3455862
tabA_predicted,0.07142857142857142,13,13,TGGGAAAGTTAGACCCGTAC,0,3445332
tabA_predicted,0.07142857142857142,13,13,TGGCAATTCGCGGAGCCAAC,0,3461164
tabA_predicted,0.07142857142857142,13,13,TGGAGGGGGGTCTTGGTCCA,0,3437841
tabA_predicted,0.07142857142857142,13,13,TGCGCTTTTTGTTGAACGGA,0,3436553
tabA_predicted,0.07142857142857142,13,13,TGCAGCTGTCCTGATCACAT,0,3459177
tabA_predicted,0.07142857142857142,13,13,TGATCGAAAGAAATCAAAGG,0,3434446
tabA_predicted,0.07142857142857142,13,13,TGATAGCAAAGAACTGACCT,0,3439977
tabA_predicted,0.07142857142857142,13,13,TGAATCCTCCCAGGCTAGCG,0,3441768
tabA_predicted,0.07142857142857142,13,13,TCTATTTGCAAATGAAATCC,0,3445149
tabA_predicted,0.07142857142857142,13,13,TCGTGGGTCCGTTGCCCGAA,0,3462785
tabA_predicted,0.07142857142857142,13,13,TCGTCGTTACTCGTATGGCC,0,3443472
tabA_predicted,0.07142857142857142,13,13,TCGGTCCGATTCCCTAAGGG,0,3459364
tabA_predicted,0.07142857142857142,13,13,TCGGGTTGGCACTCGTATTG,0,3451545
tabA_predicted,0.07142857142857142,13,13,TCGGCTAATTTTTCCAGAAA,0,3452727
tabA_predicted,0.07142857142857142,13,13,TCGGCCTTGTAAAGTAGATT,0,3451627
tabA_predicted,0.07142857142857142,13,13,TCGCCACTGGATAAAGCTAG,0,3441978
tabA_predicted,0.07142857142857142,13,13,TCGCACATACGTTCTTTTAA,0,3444992
tabA_predicted,0.07142857142857142,13,13,TCGCACAATCTAATCACAAA,0,3434579
tabA_predicted,0.07142857142857142,13,13,TCGAGTATACGCGTGCGACA,0,3461671
tabA_predicted,0.07142857142857142,13,13,TCGAATGGCATCCTTTCAAT,0,3457579
tabA_predicted,0.07142857142857142,13,13,TCCTTTTGCGAAGGTTTCAT,0,3446867
tabA_predicted,0.07142857142857142,13,13,TCCCTAGGCCGGCTGGGGAC,0,3465287
tabA_predicted,0.07142857142857142,13,13,TCCATGTTTATGCTAAGCAG,0,3448077
tabA_predicted,0.07142857142857142,13,13,TCATGGCGCGAACGAGTTTT,0,3465253
tabA_predicted,0.07142857142857142,13,13,TATTTGGGGGAATTTACTCT,0,3437201
tabA_predicted,0.07142857142857142,13,13,TATTGATAGCAGGCATCATG,0,3448082
tabA_predicted,0.07142857142857142,13,13,TATGTCCGCTGGATTGCAGA,0,3464586
tabA_predicted,0.07142857142857142,13,13,TATGCTCGGAGAGTTATTGC,0,3445483
tabA_predicted,0.07142857142857142,13,13,TATGCTAGCTAACCTTAAAA,0,3458392
tabA_predicted,0.07142857142857142,13,13,TATGAGTAACTGTGGTATGT,0,3461977
tabA_predicted,0.07142857142857142,13,13,TAGGTCGCCCTGGGTAGCTA,0,3437852
tabA_predicted,0.07142857142857142,13,13,TAGGTCAGTTGGATACGAAA,0,3454878
tabA_predicted,0.07142857142857142,13,13,TAGGACTTAGCTTAGAAGCC,0,3436343
tabA_predicted,0.07142857142857142,13,13,TAGCTGCTAGGGTACGAAGT,0,3458074
tabA_predicted,0.07142857142857142,13,13,TAGCGGGAGCGGTGAGCGAG,0,3463675
tabA_predicted,0.07142857142857142,13,13,TAGCACCTCGTTGGAGGGAG,0,3451108
tabA_predicted,0.07142857142857142,13,13,TAGCAACATGACCGTTTTCC,0,3457208
tabA_predicted,0.07142857142857142,13,13,TAGAGTCCGAAAAATAAGGC,0,3458664
tabA_predicted,0.07142857142857142,13,13,TAGACCCTTCCGTGACCGCA,0,3457368
tabA_predicted,0.07142857142857142,13,13,TACTAAGGAGGTTTTCGGAA,0,3458221
tabA_predicted,0.07142857142857142,13,13,TACGTCGCTTTCGGAGGGCT,0,3462395
tabA_predicted,0.07142857142857142,13,13,TACGCCCCGACCTAGGGGAA,0,3447448
tabA_predicted,0.07142857142857142,13,13,TACACATCGCATTAATTTGT,0,3460099
tabA_predicted,0.07142857142857142,13,13,TAACGCAAACGCAGAGAACT,0,3441894
tabA_predicted,0.07142857142857142,13,13,TAAACCAAATCTACAACCAC,0,3435623
tabA_predicted,0.07142857142857142,13,13,GTTTCTATTGTGATAGACTG,0,3462259
tabA_predicted,0.07142857142857142,13,13,GTTTCACAATTAGTACGCTC,0,3466201
tabA_predicted,0.07142857142857142,13,13,GTTGTTAACAGAGTCGTTTC,0,3457212
tabA_predicted,0.07142857142857142,13,13,GTTCTTAGTAGGTTCACGTA,0,3442720
tabA_predicted,0.07142857142857142,13,13,GTTCGTAACGTCTGGGTGGG,0,3448563
tabA_predicted,0.07142857142857142,13,13,GTTCATTCTAGATCGGACGC,0,3461321
tabA_predicted,0.07142857142857142,13,13,GTTCACACCGACAGGCTAGG,0,3436798
tabA_predicted,0.07142857142857142,13,13,GTTAGAATCTAGTCCTTGTC,0,3452383
tabA_predicted,0.07142857142857142,13,13,GTGTCGGTTAGACGCGTACA,0,3437658
tabA_predicted,0.07142857142857142,13,13,GTGGCTTGGGAGATTGGGAT,0,3437042
tabA_predicted,0.07142857142857142,13,13,GTGAGAGTTCGCAAGCCGAT,0,3443558
tabA_predicted,0.07142857142857142,13,13,GTGACGGTTGATGTTTGGGA,0,3450210
tabA_predicted,0.07142857142857142,13,13,GTCGCGATGCGGATCGAGAG,0,3446139
tabA_predicted,0.07142857142857142,13,13,GTCATCTACTACGCATTCGC,0,3437323
tabA_predicted,0.07142857142857142,13,13,GTCAACTTCGAGGCGTCGAG,0,3457457
tabA_predicted,0.07142857142857142,13,13,GTATCTACGGTCTTAACGTT,0,3442941
tabA_predicted,0.07142857142857142,13,13,GTAGCCCTTAGGTCATGCGG,0,3442722
tabA_predicted,0.07142857142857142,13,13,GTACTTGAGTGGCGTATGAC,0,3443509
tabA_predicted,0.07142857142857142,13,13,GTACGAGGCAGCTGGGGGAA,0,3462933
tabA_predicted,0.07142857142857142,13,13,GTAACAGTTTCTGCCCAGGG,0,3462996
tabA_predicted,0.07142857142857142,13,13,GTAAAGCATGGGATATCGAC,0,3432529
tabA_predicted,0.07142857142857142,13,13,GGTTGGCACGGTTAGGACCA,0,3457772
tabA_predicted,0.07142857142857142,13,13,GGTTGCCTCGGAGGGTTCTA,0,3445216
tabA_predicted,0.07142857142857142,13,13,GGTTATAGAAAGGGTACTTG,0,3457851
tabA_predicted,0.07142857142857142,13,13,GGTGCGCGCCTTAAACATTG,0,3434447
tabA_predicted,0.07142857142857142,13,13,GGTCGGAATGGGAAGCCACC,0,3445746
tabA_predicted,0.07142857142857142,13,13,GGTCCCGCACGTGCTCAGAA,0,3465508
tabA_predicted,0.07142857142857142,13,13,GGTAGTAATAGCGAACGTGC,0,3446670
tabA_predicted,0.07142857142857142,13,13,GGTAGGAATCAACTTCTTTT,0,3465556
tabA_predicted,0.07142857142857142,13,13,GGTAGAATACCATAAGCGCT,0,3447129
tabA_predicted,0.07142857142857142,13,13,GGTAAAATCAGAGCCTGTAC,0,3443733
tabA_predicted,0.07142857142857142,13,13,GGGTCAAGCTCCATTTGTAA,0,3438751
tabA_predicted,0.07142857142857142,13,13,GGGGACCCTTCGGTCATCCT,0,3457231
tabA_predicted,0.07142857142857142,13,13,GGGATAAATAAAGGCATTAT,0,3448847
tabA_predicted,0.07142857142857142,13,13,GGGAAGGTCGTGTTCGGGGG,0,3444117
tabA_predicted,0.07142857142857142,13,13,GGCTTGTAGACTCATTAGTT,0,3464358
tabA_predicted,0.07142857142857142,13,13,GGCTCTCAAAGTGATGAATT,0,3461272
tabA_predicted,0.07142857142857142,13,13,GGCTCGCTGGCTGGGTATAA,0,3458446
tabA_predicted,0.07142857142857142,13,13,GGCTACCGTGATTTTTTGAC,0,3451972
tabA_predicted,0.07142857142857142,13,13,GGCGGGACGGAGATGACCAG,0,3453392
tabA_predicted,0.07142857142857142,13,13,GGCGACAGTCGGCTCACGTA,0,3454955
tabA_predicted,0.07142857142857142,13,13,GGCCCTTGCTGACACGGACC,0,3435486
tabA_predicted,0.07142857142857142,13,13,GGCACGTCAAAGATCTGACA,0,3438051
tabA_predicted,0.07142857142857142,13,13,GGCAAATATAACATCAGCGG,0,3438078
tabA_predicted,0.07142857142857142,13,13,GGATTGCTACAGGGGTTTAA,0,3438251
tabA_predicted,0.07142857142857142,13,13,GGAATACAACACAGCGTTTC,0,3433116
tabA_predicted,0.07142857142857142,13,13,GGAAGTGTTTTTTCTATGTC,0,3447521
tabA_predicted,0.07142857142857142,13,13,GGAAAGACGGAACCATTAAC,0,3446165
tabA_predicted,0.07142857142857142,13,13,GCTAATAACGGTTGGAACAT,0,3457583
tabA_predicted,0.07142857142857142,13,13,GCTAAATCTAGGACTCAAGA,0,3458648
tabA_predicted,0.07142857142857142,13,13,GCGTGAAGCACAAGTCGCGA,0,3448709
tabA_predicted,0.07142857142857142,13,13,GCGGGAAGGACTAGGGTTTT,0,3457558
tabA_predicted,0.07142857142857142,13,13,GCGGCTGGTTACAAATTCGA,0,3437843
tabA_predicted,0.07142857142857142,13,13,GCGCTGTGGGGACTAGAAAT,0,3458771
tabA_predicted,0.07142857142857142,13,13,GCGCGCTTAGCTTAACCATG,0,3445604
tabA_predicted,0.07142857142857142,13,13,GCGCCAATTAGTGGTGCAGC,0,3432773
tabA_predicted,0.07142857142857142,13,13,GCGAGTTCGGCCACAAGTGT,0,3440561
tabA_predicted,0.07142857142857142,13,13,GCCTTCCACAAATTAGCTAT,0,3459960
tabA_predicted,0.07142857142857142,13,13,GCCTATAATCTAGGTGGGAC,0,3443824
tabA_predicted,0.07142857142857142,13,13,GCCCTCTTAAATCTATTTGA,0,3432224
tabA_predicted,0.07142857142857142,13,13,GCCCGGCAGCTTGGCTTGGG,0,3439122
tabA_predicted,0.07142857142857142,13,13,GCCCGCGTTCTTACGCTAGG,0,3465046
tabA_predicted,0.07142857142857142,13,13,GCCCATGAATCGTAGGTTCT,0,3460652
tabA_predicted,0.07142857142857142,13,13,GCAGACAGTATTCACGTCTC,0,3445105
tabA_predicted,0.07142857142857142,13,13,GCACACTATTGGATGTACGA,0,3459921
tabA_predicted,0.07142857142857142,13,13,GATGAGTAGAAATGCCTGCA,0,3465057
tabA_predicted,0.07142857142857142,13,13,GATCCAGAGTCAAGGAGGAA,0,3463472
tabA_predicted,0.07142857142857142,13,13,GATATTTCTCATGTCGAAGC,0,3432851
tabA_predicted,0.07142857142857142,13,13,GATAGAGGATACCTTAACAT,0,3431445
tabA_predicted,0.07142857142857142,13,13,GATAACCGGAGAGGACTGTT,0,3462778
tabA_predicted,0.07142857142857142,13,13,GAGTAAACATCACACTGACC,0,3459909
tabA_predicted,0.07142857142857142,13,13,GAGCCTGGGTCCCCGTGGAT,0,3447213
tabA_predicted,0.07142857142857142,13,13,GAGCAGGGTCCGTAACTTAT,0,3435549
tabA_predicted,0.07142857142857142,13,13,GAGATACATTGGGATAAAGG,0,3450468
tabA_predicted,0.07142857142857142,13,13,GAGAGGTACGAGGCCGGAGA,0,3456325
tabA_predicted,0.07142857142857142,13,13,GAGAGGCCGTTACGGAATTG,0,3443243
tabA_predicted,0.07142857142857142,13,13,GAGACTTAGGGTTTCACTAC,0,3455507
tabA_predicted,0.07142857142857142,13,13,GACGCGGAGATATAGACAGC,0,3444643
tabA_predicted,0.07142857142857142,13,13,GACCTTGGTTAATGCAAGTA,0,3441714
tabA_predicted,0.07142857142857142,13,13,GACCGGTGAAGTACGGGCTA,0,3437299
tabA_predicted,0.07142857142857142,13,13,GACAATTTAGCCCTTGTGGG,0,3463224
tabA_predicted,0.07142857142857142,13,13,GACAAAGCGCCGCAGCTAGG,0,3464089
tabA_predicted,0.07142857142857142,13,13,GAATGTATGGGACGTTCGGA,0,3439795
tabA_predicted,0.07142857142857142,13,13,GAATAATGAAAATATCACAC,0,3436104
tabA_predicted,0.07142857142857142,13,13,GAAGATGTTGGGTAGAAAAA,0,3433505
tabA_predicted,0.07142857142857142,13,13,GAACTGACAAGAGCTCTTGA,0,3432208
tabA_predicted,0.07142857142857142,13,13,GAACGCGTCGCAGCCGTGAA,0,3450722
tabA_predicted,0.07142857142857142,13,13,GAAATACCCCTGAATATGAA,0,3434515
tabA_predicted,0.07142857142857142,13,13,CTTTTGCGGCCCACCTTCGT,0,3441777
tabA_predicted,0.07142857142857142,13,13,CTGTCCTAGGTCCGAGGAAA,0,3462650
tabA_predicted,0.07142857142857142,13,13,CTGGATCCGTACCCTAGGCG,0,3442229
tabA_predicted,0.07142857142857142,13,13,CTGAACCGGTCTTTAGGAAG,0,3455302
tabA_predicted,0.07142857142857142,13,13,CTCTGTGTAGCCAAAATGGA,0,3451252
tabA_predicted,0.07142857142857142,13,13,CTCTGAGGAAAGTTTTTAAG,0,3433051
tabA_predicted,0.07142857142857142,13,13,CTCGTATTACCAACCTGCTC,0,3447374
tabA_predicted,0.07142857142857142,13,13,CTCGTAGTTGGAAAGATAGT,0,3448739
tabA_predicted,0.07142857142857142,13,13,CTCCTTCGCAGCTCAAAGTA,0,3463501
tabA_predicted,0.07142857142857142,13,13,CTCCAGAACATGTGCATGCT,0,3464709
tabA_predicted,0.07142857142857142,13,13,CTCACGTTGGCGGCTCGCCA,0,3458310
tabA_predicted,0.07142857142857142,13,13,CTCAACAATCAGCTGTCCGA,0,3443740
tabA_predicted,0.07142857142857142,13,13,CTATGCTTCCACCTTCTAGT,0,3439245
tabA_predicted,0.07142857142857142,13,13,CTAGGTCTATAAGAAGTCGT,0,3432656
tabA_predicted,0.07142857142857142,13,13,CTACACGACTCTACAACGTT,0,3459397
tabA_predicted,0.07142857142857142,13,13,CTAAACTGGAGCTGGAAAAG,0,3440798
tabA_predicted,0.07142857142857142,13,13,CGTTCCGTGAGTCTAGTCCC,0,3432678
tabA_predicted,0.07142857142857142,13,13,CGTGCTCTACCAGACACGCT,0,3464879
tabA_predicted,0.07142857142857142,13,13,CGTGATAACATTTCGCGTGT,0,3461095
tabA_predicted,0.07142857142857142,13,13,CGTGAAAATTACCATCTTCC,0,3438279
tabA_predicted,0.07142857142857142,13,13,CGGTTGGCGTACACCTGTAT,0,3452120
tabA_predicted,0.07142857142857142,13,13,CGGTGCTGCTTCGCAGTCTG,0,3450864
tabA_predicted,0.07142857142857142,13,13,CGGGAGGATTTGGAACCGAA,0,3451620
tabA_predicted,0.07142857142857142,13,13,CGGCTTTCAAATCGACGTGC,0,3436266
tabA_predicted,0.07142857142857142,13,13,CGGCGACGAGTCAACCGGTC,0,3442769
tabA_predicted,0.07142857142857142,13,13,CGGCCTGATGGGGCGCGCAT,0,3440980
tabA_predicted,0.07142857142857142,13,13,CGGAATCTAACCATCACATG,0,3435009
tabA_predicted,0.07142857142857142,13,13,CGGAAACACGGGCATTTTTG,0,3461764
tabA_predicted,0.07142857142857142,13,13,CGCTTGACTTGAGAACACTG,0,3440724
tabA_predicted,0.07142857142857142,13,13,CGCTCGAATTCTAGTGCCGC,0,3464482
tabA_predicted,0.07142857142857142,13,13,CGCTAACCGTAAGAAGCGTT,0,3448998
tabA_predicted,0.07142857142857142,13,13,CGCCTCGAAAGGATGCAACT,0,3451765
tabA_predicted,0.07142857142857142,13,13,CGCATGTGGGACTCCTTACT,0,3456172
tabA_predicted,0.07142857142857142,13,13,CGCACTACGACCCCTGATTA,0,3460141
tabA_predicted,0.07142857142857142,13,13,CGCAAGCTCACAAGTCCGGC,0,3464507
tabA_predicted,0.07142857142857142,13,13,CGATTCCTGACGCAAGCTCC,0,3460223
tabA_predicted,0.07142857142857142,13,13,CGATACAGGAGCATGGGGGA,0,3435477
tabA_predicted,0.07142857142857142,13,13,CGAGTCGCTGAGGCCTTCGT,0,3460916
tabA_predicted,0.07142857142857142,13,13,CGACCTATCTGGCAAATTAC,0,3439172
tabA_predicted,0.07142857142857142,13,13,CGACAACGGGCGCGTCACAC,0,3448150
tabA_predicted,0.07142857142857142,13,13,CGAAGGCTTACTATCAATTT,0,3463930
tabA_predicted,0.07142857142857142,13,13,CGAACGTTTTGTGACTACCC,0,3444294
tabA_predicted,0.07142857142857142,13,13,CCTTACCAAAAGGCATTCTT,0,3455566
tabA_predicted,0.07142857142857142,13,13,CCTCGCCTTTGCTTTGGGGT,0,3431757
tabA_predicted,0.07142857142857142,13,13,CCTACCGTACATTTGGAGTT,0,3459035
tabA_predicted,0.07142857142857142,13,13,CCGTTAACCGCATTAGATTG,0,3446978
tabA_predicted,0.07142857142857142,13,13,CCGGGCGCTTCGTTCATATC,0,3441422
tabA_predicted,0.07142857142857142,13,13,CCGGAACGGTTCCAGCATTA,0,3459515
tabA_predicted,0.07142857142857142,13,13,CCGCTCCACGGCTGAATTTA,0,3435751
tabA_predicted,0.07142857142857142,13,13,CCGCTCACTGGGCTTTATGT,0,3465516
tabA_predicted,0.07142857142857142,13,13,CCGCCGCACCGTTGTGACAT,0,3455364
tabA_predicted,0.07142857142857142,13,13,CCGCCAGAATACTGAGCTTC,0,3460035
tabA_predicted,0.07142857142857142,13,13,CCGACGACGAAGGGTAGTAC,0,3458364
tabA_predicted,0.07142857142857142,13,13,CCCTATTCTCTCCTGTAGTG,0,3465464
tabA_predicted,0.07142857142857142,13,13,CCCGTGGATGGTATACTGTG,0,3440239
tabA_predicted,0.07142857142857142,13,13,CCCCTGGACATAATACGATG,0,3454960
tabA_predicted,0.07142857142857142,13,13,CCCCGACTGTTATTTGGCGG,0,3433985
tabA_predicted,0.07142857142857142,13,13,CCCAGGCTCGCGATCTGGAG,0,3451210
tabA_predicted,0.07142857142857142,13,13,CCATTAGTTAAGGAGGCGTG,0,3451082
tabA_predicted,0.07142857142857142,13,13,CCATGGTAGCTAGGGCCTGT,0,3445941
tabA_predicted,0.07142857142857142,13,13,CCATACCGCCATTACAGATA,0,3461455
tabA_predicted,0.07142857142857142,13,13,CCACTCGGGTCAGGCTGTAG,0,3461427
tabA_predicted,0.07142857142857142,13,13,CATTTGTAGGCATCATCGGG,0,3457244
tabA_predicted,0.07142857142857142,13,13,CATTTGGGATAGTGCACCTG,0,3453285
tabA_predicted,0.07142857142857142,13,13,CATTGGGTGTAGCAAAGGCA,0,3432577
tabA_predicted,0.07142857142857142,13,13,CATTCATGGTTGCTTTATGT,0,3449884
tabA_predicted,0.07142857142857142,13,13,CATTAAACGGGGGCGGACAA,0,3457053
tabA_predicted,0.07142857142857142,13,13,CATGGGAAGGTCTCACACCA,0,3444470
tabA_predicted,0.07142857142857142,13,13,CATGAGCCCTTGCGCAAGCT,0,3464491
tabA_predicted,0.07142857142857142,13,13,CATCATTCTCATTAACGGTT,0,3437362
tabA_predicted,0.07142857142857142,13,13,CATATTATTAAAGTTATACC,0,3431608
tabA_predicted,0.07142857142857142,13,13,CATAGGGCCCGATAACTTGT,0,3452425
tabA_predicted,0.07142857142857142,13,13,CATAGAGATGCGGTACTCAC,0,3432125
tabA_predicted,0.07142857142857142,13,13,CAGTTTGGGAATATTCGTAC,0,3448587
tabA_predicted,0.07142857142857142,13,13,CAGTCCGAGCGGGAATCAGT,0,3443204
tabA_predicted,0.07142857142857142,13,13,CAGTAGACAAATGACCAGCT,0,3446190
tabA_predicted,0.07142857142857142,13,13,CAGTACTCCAACAACGATGA,0,3444291
tabA_predicted,0.07142857142857142,13,13,CAGACATCGGCGAGGTCGGA,0,3433837
tabA_predicted,0.07142857142857142,13,13,CACTTTGGTCGCTGTGACGC,0,3441794
tabA_predicted,0.07142857142857142,13,13,CACTTCGAATTTGTTCTAAC,0,3458020
tabA_predicted,0.07142857142857142,13,13,CACAAGGCCGTTACGACCGT,0,3461245
tabA_predicted,0.07142857142857142,13,13,CACAACTCCTTTGCGAAGCT,0,3450660
tabA_predicted,0.07142857142857142,13,13,CACAACCGGACTCCAGCTAG,0,3435489
tabA_predicted,0.07142857142857142,13,13,CAATCATTTGCGATCCGACA,0,3454480
tabA_predicted,0.07142857142857142,13,13,CAAGGTATTCCGTCACTGAT,0,3449268
tabA_predicted,0.07142857142857142,13,13,CAAGCGAGGTTGAGAGTGGA,0,3439796
tabA_predicted,0.07142857142857142,13,13,CAAGCCCGGACGATGATGCA,0,3443829
tabA_predicted,0.07142857142857142,13,13,CAAGAATTAGTAAAGGATCG,0,3439514
tabA_predicted,0.07142857142857142,13,13,ATTATCGAATAAGACGCAGA,0,3431582
tabA_predicted,0.07142857142857142,13,13,ATTACGCAAATCCCTATACG,0,3454889
tabA_predicted,0.07142857142857142,13,13,ATGTGTAGATCTCTTGGGAC,0,3443858
tabA_predicted,0.07142857142857142,13,13,ATGTAGCCAGCATGATAACG,0,3440080
tabA_predicted,0.07142857142857142,13,13,ATGGTTGCAGAACACAGTAG,0,3443767
tabA_predicted,0.07142857142857142,13,13,ATGGATGGGCTATCCACGGT,0,3461805
tabA_predicted,0.07142857142857142,13,13,ATGGACAAGCGGGAAAGATA,0,3442339
tabA_predicted,0.07142857142857142,13,13,ATGCCTAGCACGCGTACCCA,0,3435362
tabA_predicted,0.07142857142857142,13,13,ATGAGCGACAGTTCACTATT,0,3443773
tabA_predicted,0.07142857142857142,13,13,ATCTCGCACTATCTAGTGTT,0,3453686
tabA_predicted,0.07142857142857142,13,13,ATCGTTAAGATGTCTAAGGT,0,3433890
tabA_predicted,0.07142857142857142,13,13,ATCGGGAGGTATTTCCGTAG,0,3461042
tabA_predicted,0.07142857142857142,13,13,ATCAAGCAAGAGACGGTATA,0,3439336
tabA_predicted,0.07142857142857142,13,13,ATATTCACACCGATCTGAGG,0,3440158
tabA_predicted,0.07142857142857142,13,13,ATACGTGTCATCACTAATTA,0,3441609
tabA_predicted,0.07142857142857142,13,13,ATAATGCACACTTTTGTCTG,0,3464336
tabA_predicted,0.07142857142857142,13,13,ATAATCCGGTGCCAGTCTTG,0,3461461
tabA_predicted,0.07142857142857142,13,13,ATAAATGAGCCGATGACGGA,0,3464824
tabA_predicted,0.07142857142857142,13,13,ATAAAAAAACAGTTTACTAT,0,3457717
tabA_predicted,0.07142857142857142,13,13,AGTTCCGATTTGCGCAGCAG,0,3438444
tabA_predicted,0.07142857142857142,13,13,AGTTCACTCGAGTGCAGAAT,0,3446878
tabA_predicted,0.07142857142857142,13,13,AGTGTCTCGCTTTGACACAG,0,3439469
tabA_predicted,0.07142857142857142,13,13,AGTGGGGGATGTTCCACGTC,0,3432565
tabA_predicted,0.07142857142857142,13,13,AGTCTTGCTACTTGACCTTT,0,3432363
tabA_predicted,0.07142857142857142,13,13,AGTCCGCCACTGAAGTTTCA,0,3451209
tabA_predicted,0.07142857142857142,13,13,AGTATGCAAGCCGCCTATTT,0,3435702
tabA_predicted,0.07142857142857142,13,13,AGTAACCTATGCAGTGCGTA,0,3438068
tabA_predicted,0.07142857142857142,13,13,AGGTGGAGATATGGCACACA,0,3438564
tabA_predicted,0.07142857142857142,13,13,AGGGTTGGTACGAGCATCCT,0,3438374
tabA_predicted,0.07142857142857142,13,13,AGGGTTGGAGTAAGATCCTA,0,3449168
tabA_predicted,0.07142857142857142,13,13,AGGGGTCATTCCTACAAGGC,0,3454111
tabA_predicted,0.07142857142857142,13,13,AGGGAGTCGGTATGCCAACT,0,3464717
tabA_predicted,0.07142857142857142,13,13,AGGATCCCTCCAGACGGCTG,0,3458952
tabA_predicted,0.07142857142857142,13,13,AGCTTCGTAAGGATACGTAA,0,3446355
tabA_predicted,0.07142857142857142,13,13,AGCTGACTCCGCAGAAGCCC,0,3443126
tabA_predicted,0.07142857142857142,13,13,AGCTAAACTGCCAAGCTAAG,0,3454481
tabA_predicted,0.07142857142857142,13,13,AGCACTGGGGCCAAGACCTG,0,3438771
tabA_predicted,0.07142857142857142,13,13,AGATTTGCGGTAAAGAATCC,0,3441304
tabA_predicted,0.07142857142857142,13,13,AGATGTGTGAATCAACGAGA,0,3436882
tabA_predicted,0.07142857142857142,13,13,AGACGCTATCATACAACAAT,0,3456699
tabA_predicted,0.07142857142857142,13,13,AGAATGAGGGGTGACCTAAT,0,3451380
tabA_predicted,0.07142857142857142,13,13,AGAATCTCTAACCTGAAATG,0,3433727
tabA_predicted,0.07142857142857142,13,13,AGAAACTCCGTAGGAAGTTG,0,3454531
tabA_predicted,0.07142857142857142,13,13,ACTTTGGGGCGCGACGTACT,0,3451540
tabA_predicted,0.07142857142857142,13,13,ACTTAGGAACGGAATTACAA,0,3435490
tabA_predicted,0.07142857142857142,13,13,ACTGGTTCAGGCAGCTTTAA,0,3448185
tabA_predicted,0.07142857142857142,13,13,ACTCGATAGCGAGCCGCCTC,0,3461096
tabA_predicted,0.07142857142857142,13,13,ACTCCCGGCTCGGGCTTGTA,0,3461100
tabA_predicted,0.07142857142857142,13,13,ACTCCCACGCCCACCCAGTA,0,3432814
tabA_predicted,0.07142857142857142,13,13,ACGGAAACAGGTTCTACGGG,0,3443350
tabA_predicted,0.07142857142857142,13,13,ACGACGAGGCCAACGCGATA,0,3451792
tabA_predicted,0.07142857142857142,13,13,ACGAAAAACAAGTACTATGG,0,3448423
tabA_predicted,0.07142857142857142,13,13,ACCGGCTCGTTAAGCCCTCT,0,3435619
tabA_predicted,0.07142857142857142,13,13,ACCGGCAGGTCATGATTTCG,0,3432302
tabA_predicted,0.07142857142857142,13,13,ACCCCGGATTCCGCTGGACT,0,3458361
tabA_predicted,0.07142857142857142,13,13,ACAGGAATGGCGTTGTATCT,0,3451654
tabA_predicted,0.07142857142857142,13,13,ACAGACATCTGTCACCCTAT,0,3435907
tabA_predicted,0.07142857142857142,13,13,ACACTATTGCTTCGAAGGAA,0,3443666
tabA_predicted,0.07142857142857142,13,13,ACAAGACGCAGAAGAGCTAG,0,3449483
tabA_predicted,0.07142857142857142,13,13,ACAACTTTGAAAACACCGGC,0,3447116
tabA_predicted,0.07142857142857142,13,13,AATTTCGGTTAATGTTGCAA,0,3445250
tabA_predicted,0.07142857142857142,13,13,AATTACAACGCGTAGAACGT,0,3461495
tabA_predicted,0.07142857142857142,13,13,AATGTTTCGATTGATCATGA,0,3439920
tabA_predicted,0.07142857142857142,13,13,AATCTTCAAAGATCTTTCCA,0,3434772
tabA_predicted,0.07142857142857142,13,13,AATCTAGGGGTCCAATCTTG,0,3434449
tabA_predicted,0.07142857142857142,13,13,AATCGATGATAGTCCTGATG,0,3451850
tabA_predicted,0.07142857142857142,13,13,AATATGCTAATAGGGCACTA,0,3458417
tabA_predicted,0.07142857142857142,13,13,AATACGCAAAACCCGGCGCG,0,3438530
tabA_predicted,0.07142857142857142,13,13,AAGTCTAGGAGATGCTTACT,0,3455022
tabA_predicted,0.07142857142857142,13,13,AAGGGTAGGACACATCCGCT,0,3460901
tabA_predicted,0.07142857142857142,13,13,AAGGATCGCTAAAACTCTAG,0,3450719
tabA_predicted,0.07142857142857142,13,13,AAGGAGCGGCTGGCTTACAT,0,3435636
tabA_predicted,0.07142857142857142,13,13,AAGCCCATTGCTACTATTTT,0,3439197
tabA_predicted,0.07142857142857142,13,13,AAGATTCGTGGGTTGTTCTA,0,3459989
tabA_predicted,0.07142857142857142,13,13,AACGGAAGGAGAACACTCGA,0,3440270
tabA_predicted,0.07142857142857142,13,13,AACGCCGTGTAACTGTTAGT,0,3454079
tabA_predicted,0.07142857142857142,13,13,AACCTAAGTGCTCCCCCAGC,0,3438341
tabA_predicted,0.07142857142857142,13,13,AACCGTGCTAAAGGTTGGGA,0,3444872
tabA_predicted,0.07142857142857142,13,13,AACATGAACTCTGACGTATC,0,3456618
tabA_predicted,0.07142857142857142,13,13,AACAGTTTCGAGTATGCTGC,0,3455475
tabA_predicted,0.07142857142857142,13,13,AAAGTTCCAGATCGCTTTAT,0,3450268
tabA_predicted,0.07142857142857142,13,13,AAACACGTTGAATAGTTTAG,0,3465017
tabA_predicted,0.07142857142857142,13,13,AAAAGATAACCGTTCAGTAA,0,3462456
tabA_predicted,0.07142857142857142,13,13,AAAACTATTGTGATTTAGGT,0,3434497
tabA_predicted,0.07142857142857142,13,13,AAAAATTGTGTGTCAGGAGC,0,3464274
tabA_predicted,0.07692307692307693,12,12,TTTTTAGCAGATGTTGCCAT,0,3452671
tabA_predicted,0.07692307692307693,12,12,TTTTGGGGGCAAATTTGGGA,0,3435585
tabA_predicted,0.07692307692307693,12,12,TTTTGATTTACAACGGAACA,0,3464010
tabA_predicted,0.07692307692307693,12,12,TTTCATTCTAGTAATCTCAA,0,3442479
tabA_predicted,0.07692307692307693,12,12,TTTCAACTGCGCAACGCCTT,0,3442435
tabA_predicted,0.07692307692307693,12,12,TTTACTAATTAGTTGTGGAT,0,3443956
tabA_predicted,0.07692307692307693,12,12,TTGTACTAAACCCTCTGGAC,0,3462283
tabA_predicted,0.07692307692307693,12,12,TTGGCATGCGCGCGTAAGCC,0,3440996
tabA_predicted,0.07692307692307693,12,12,TTGGACCTCTCGCGAAGTAT,0,3464810
tabA_predicted,0.07692307692307693,12,12,TTAGTGGAGAGTGAACCGGT,0,3465689
tabA_predicted,0.07692307692307693,12,12,TTAGGATGTGGGCAGAGAGA,0,3454005
tabA_predicted,0.07692307692307693,12,12,TGTTGGCCGCCGAAGAGGCG,0,3449672
tabA_predicted,0.07692307692307693,12,12,TGTTCGAATCCCCTGGTAAA,0,3463927
tabA_predicted,0.07692307692307693,12,12,TGTTAGGATACTCAAGATTG,0,3444151
tabA_predicted,0.07692307692307693,12,12,TGTCGAAACCTGGGCGGAAG,0,3448921
tabA_predicted,0.07692307692307693,12,12,TGTAGTGGTTTGGGGGGCCA,0,3453106
tabA_predicted,0.07692307692307693,12,12,TGTAATGAGCTCTTTGCGCT,0,3462227
tabA_predicted,0.07692307692307693,12,12,TGGTCGTGACCGTGCGCCTC,0,3435670
tabA_predicted,0.07692307692307693,12,12,TGGGTTCACCCGGAGAGGCA,0,3437654
tabA_predicted,0.07692307692307693,12,12,TGGCTTCCACTGTAAAGCAA,0,3435259
tabA_predicted,0.07692307692307693,12,12,TGGATAGAAGATTCATCCAA,0,3460525
tabA_predicted,0.07692307692307693,12,12,TGGAACTTGTTAGCAGTGAT,0,3464787
tabA_predicted,0.07692307692307693,12,12,TGCTTTTGGAAGGTCTTAAG,0,3440728
tabA_predicted,0.07692307692307693,12,12,TGCGTGTTCAGAATCGAGTG,0,3439222
tabA_predicted,0.07692307692307693,12,12,TGCGTGGGGGATTTTAGTTG,0,3439060
tabA_predicted,0.07692307692307693,12,12,TGCGGAAATTCTGAGGCCTG,0,3441446
tabA_predicted,0.07692307692307693,12,12,TGCCCTACTTTATTTACAAC,0,3439902
tabA_predicted,0.07692307692307693,12,12,TGCCAGAAGACGAAACATTT,0,3432707
tabA_predicted,0.07692307692307693,12,12,TGATGGGTGTGTGTAGATTA,0,3446248
tabA_predicted,0.07692307692307693,12,12,TGATGGCTCCGGAAAGCCAA,0,3435085
tabA_predicted,0.07692307692307693,12,12,TGAGAATACAAGCAGCAAAG,0,3446916
tabA_predicted,0.07692307692307693,12,12,TGACTTCTTTGGCCCGCTAC,0,3460841
tabA_predicted,0.07692307692307693,12,12,TGAACATACTTTTTAGGTTC,0,3462245
tabA_predicted,0.07692307692307693,12,12,TCTAGCAGGAGTGCTTAGAG,0,3432370
tabA_predicted,0.07692307692307693,12,12,TCTACACGCATTGAAGTTGT,0,3445638
tabA_predicted,0.07692307692307693,12,12,TCGTTATCGGACTGTTGAAT,0,3435080
tabA_predicted,0.07692307692307693,12,12,TCGTACTGACAGCGCGGTCC,0,3461406
tabA_predicted,0.07692307692307693,12,12,TCGGTCTGTATAGGTCAAGC,0,3440954
tabA_predicted,0.07692307692307693,12,12,TCGGGCGCGAGTAGTATGCA,0,3456858
tabA_predicted,0.07692307692307693,12,12,TCGGGAATCCCGCTTGCGGA,0,3462536
tabA_predicted,0.07692307692307693,12,12,TCCCAATGTGGGCGGGTCCG,0,3434819
tabA_predicted,0.07692307692307693,12,12,TCCAGAGTGTGGCCGTTCTC,0,3462436
tabA_predicted,0.07692307692307693,12,12,TCATGAATCGTATATCCCTC,0,3445813
tabA_predicted,0.07692307692307693,12,12,TCATCCGTAGCGCTGACAAA,0,3460014
tabA_predicted,0.07692307692307693,12,12,TCATCACTCGGCGGTCCATG,0,3463339
tabA_predicted,0.07692307692307693,12,12,TCAAACAGCTACCCCGACAG,0,3445065
tabA_predicted,0.07692307692307693,12,12,TATTAAAACTTGAATCAGTA,0,3442872
tabA_predicted,0.07692307692307693,12,12,TATGGTGCGAACGCCTAGTA,0,3463240
tabA_predicted,0.07692307692307693,12,12,TATCGAGCGAGGTAAAGTCC,0,3448139
tabA_predicted,0.07692307692307693,12,12,TATAGGCACTGAGTTACTGA,0,3431407
tabA_predicted,0.07692307692307693,12,12,TATAACCGCAGTATTAAGTT,0,3436810
tabA_predicted,0.07692307692307693,12,12,TAGTTATGCTACATCATCCC,0,3460521
tabA_predicted,0.07692307692307693,12,12,TAGGGCCATCCCAAATTCGG,0,3439081
tabA_predicted,0.07692307692307693,12,12,TAGGATGGGTACCCTTCGAT,0,3447590
tabA_predicted,0.07692307692307693,12,12,TAGGAGCTTGACGACGCTAC,0,3434395
tabA_predicted,0.07692307692307693,12,12,TAGCCTAGCATGCCAATCAT,0,3460869
tabA_predicted,0.07692307692307693,12,12,TAGAGCAAGATAGCTCATTT,0,3431805
tabA_predicted,0.07692307692307693,12,12,TAGACGAAGTCTTCTTTGTA,0,3442999
tabA_predicted,0.07692307692307693,12,12,TACTTCACTAGACCTGTAAG,0,3465344
tabA_predicted,0.07692307692307693,12,12,TACTGCGCGAGGGCTGTTAA,0,3453729
tabA_predicted,0.07692307692307693,12,12,TACTCGCTAGGGTCCCCCTC,0,3455954
tabA_predicted,0.07692307692307693,12,12,TACTAACAAGGACTGTCTTG,0,3451208
tabA_predicted,0.07692307692307693,12,12,TACCTTCAACTTAAGTAGAG,0,3464075
tabA_predicted,0.07692307692307693,12,12,TACACACCAGATTTCCTGAT,0,3454528
tabA_predicted,0.07692307692307693,12,12,TACAAAAGTTCCGGGCCGAA,0,3463845
tabA_predicted,0.07692307692307693,12,12,TAATGATCTAGCCCAGTAGG,0,3456742
tabA_predicted,0.07692307692307693,12,12,TAAGTACCTGTGAAAGGTTC,0,3459519
tabA_predicted,0.07692307692307693,12,12,TAACTCCGGTAAGACGCAAT,0,3463536
tabA_predicted,0.07692307692307693,12,12,TAACTAGGCATGGCGAGTCT,0,3460651
tabA_predicted,0.07692307692307693,12,12,TAAAAGCACACAAGCGGGAT,0,3446381
tabA_predicted,0.07692307692307693,12,12,GTTTATACTTAAGCCGGCCG,0,3450192
tabA_predicted,0.07692307692307693,12,12,GTTTAGAAGCATAAGAGGAG,0,3438642
tabA_predicted,0.07692307692307693,12,12,GTGGCACAGGTAGACGCGTG,0,3463963
tabA_predicted,0.07692307692307693,12,12,GTGCTATAGGGTCATCTGAA,0,3458163
tabA_predicted,0.07692307692307693,12,12,GTGCCCGTAGGCGTTACTAA,0,3463538
tabA_predicted,0.07692307692307693,12,12,GTGCCAGCCTATTACCACAA,0,3451664
tabA_predicted,0.07692307692307693,12,12,GTCTCACGTCAATGAAGTAT,0,3435597
tabA_predicted,0.07692307692307693,12,12,GTCCTTGGTGCGGCCATCCA,0,3461625
tabA_predicted,0.07692307692307693,12,12,GTCCGTAGAGGCGAGGACAA,0,3440857
tabA_predicted,0.07692307692307693,12,12,GTCCGCGATGTAGGTTCGAG,0,3438282
tabA_predicted,0.07692307692307693,12,12,GTCCCGTAGGGCGTGTGAGG,0,3443063
tabA_predicted,0.07692307692307693,12,12,GTCATGTTTGACTTCCCGGC,0,3450243
tabA_predicted,0.07692307692307693,12,12,GTCATAGTGCCGTTGGGAAC,0,3434121
tabA_predicted,0.07692307692307693,12,12,GTCAGGGACGGATATTTGGT,0,3445928
tabA_predicted,0.07692307692307693,12,12,GTATTCAACGCAATTGGACT,0,3448223
tabA_predicted,0.07692307692307693,12,12,GTATGTTATCGCCAGTTCTT,0,3463521
tabA_predicted,0.07692307692307693,12,12,GTATACTCAAGTCATCGCAG,0,3448691
tabA_predicted,0.07692307692307693,12,12,GTAAACGCTCATATAACAAA,0,3446527
tabA_predicted,0.07692307692307693,12,12,GGTTTTTTCAGTGCGGCCCA,0,3460888
tabA_predicted,0.07692307692307693,12,12,GGTTCACAGGCTAGTCATCA,0,3431869
tabA_predicted,0.07692307692307693,12,12,GGTGCCAATAGGGCCTGCAA,0,3449050
tabA_predicted,0.07692307692307693,12,12,GGTCGCGGTTTCGGCGGCTA,0,3446051
tabA_predicted,0.07692307692307693,12,12,GGTCCCTATAATTCGCGCGG,0,3445060
tabA_predicted,0.07692307692307693,12,12,GGTCATCAGTTTACCTCTAT,0,3457259
tabA_predicted,0.07692307692307693,12,12,GGTAGCGACACTCGATCACG,0,3460361
tabA_predicted,0.07692307692307693,12,12,GGGTGTCGCGATATAGTGTT,0,3456056
tabA_predicted,0.07692307692307693,12,12,GGGGTCCCTACGGTTGCATA,0,3445636
tabA_predicted,0.07692307692307693,12,12,GGGGTAACGCGAGCCCCCAT,0,3437640
tabA_predicted,0.07692307692307693,12,12,GGGATGACGGGAGTTAGCTC,0,3451085
tabA_predicted,0.07692307692307693,12,12,GGGATAACCAATCCCTATGT,0,3446208
tabA_predicted,0.07692307692307693,12,12,GGGAGAAAGTTTTCCATCGG,0,3448205
tabA_predicted,0.07692307692307693,12,12,GGGACTCTACCGGTGCCTTG,0,3432953
tabA_predicted,0.07692307692307693,12,12,GGCTTGGGTACGAAAGGTTT,0,3439384
tabA_predicted,0.07692307692307693,12,12,GGCTATGGAAGCGGGCTAAC,0,3435156
tabA_predicted,0.07692307692307693,12,12,GGCTATCTTTATGATTTCGG,0,3457470
tabA_predicted,0.07692307692307693,12,12,GGCCCAACCTCTGGGTATGT,0,3464097
tabA_predicted,0.07692307692307693,12,12,GGCAGTGATGGCAAAGCCAC,0,3463243
tabA_predicted,0.07692307692307693,12,12,GGCAATGACCGCTTCGATGT,0,3457810
tabA_predicted,0.07692307692307693,12,12,GGCAAACGTCACGGTAGGAA,0,3435304
tabA_predicted,0.07692307692307693,12,12,GGATGGGAATGAGGCCGGCG,0,3456774
tabA_predicted,0.07692307692307693,12,12,GGATGCGCGGAGATAGAACT,0,3461603
tabA_predicted,0.07692307692307693,12,12,GGAGCGAGCGCCAGGGCGTA,0,3455851
tabA_predicted,0.07692307692307693,12,12,GGAGAGGCTTTGTGCCAAGT,0,3440344
tabA_predicted,0.07692307692307693,12,12,GCTTTCATAACGGGGTAATC,0,3446121
tabA_predicted,0.07692307692307693,12,12,GCTTCTTCGACCTTGCGGCA,0,3438558
tabA_predicted,0.07692307692307693,12,12,GCTGGAGATAAGCATCTGCA,0,3449951
tabA_predicted,0.07692307692307693,12,12,GCTCCGCGCGTGCACCGGTA,0,3456878
tabA_predicted,0.07692307692307693,12,12,GCTATTTCGGCAAACCTAGA,0,3436727
tabA_predicted,0.07692307692307693,12,12,GCTATATCAGCTCTGTGATA,0,3449697
tabA_predicted,0.07692307692307693,12,12,GCGGTGGGGAAAAGTAGAAT,0,3443527
tabA_predicted,0.07692307692307693,12,12,GCGGCCTAACGTGAAAGATG,0,3453819
tabA_predicted,0.07692307692307693,12,12,GCGCCGTCGGATACAGATCT,0,3437297
tabA_predicted,0.07692307692307693,12,12,GCGCCAGGCAGGCGGCCCAA,0,3465006
tabA_predicted,0.07692307692307693,12,12,GCGAACCCGATGTCCGGAAG,0,3450477
tabA_predicted,0.07692307692307693,12,12,GCCTTCGAATTAGCCTTACA,0,3454071
tabA_predicted,0.07692307692307693,12,12,GCCTGTTAGCTCTTTCGTAA,0,3461447
tabA_predicted,0.07692307692307693,12,12,GCCGTCATCACACCGGATGA,0,3455894
tabA_predicted,0.07692307692307693,12,12,GCCGGGAACTAGAAGGGTCA,0,3448857
tabA_predicted,0.07692307692307693,12,12,GCCGCGAACCCGCGGACAAT,0,3456673
tabA_predicted,0.07692307692307693,12,12,GCCGAGAAGACTTTAATGTA,0,3444045
tabA_predicted,0.07692307692307693,12,12,GCCGACAACTACATCTGCCA,0,3462828
tabA_predicted,0.07692307692307693,12,12,GCCCAATTCAAAAAACTCAC,0,3437231
tabA_predicted,0.07692307692307693,12,12,GCCAGAAGAATCGGTATTGT,0,3435426
tabA_predicted,0.07692307692307693,12,12,GCATCCGCCCGTTCGGTCAA,0,3433970
tabA_predicted,0.07692307692307693,12,12,GCAGCCGGTCCGGTTACATT,0,3436480
tabA_predicted,0.07692307692307693,12,12,GCACGTGGATACCCGCACTA,0,3453455
tabA_predicted,0.07692307692307693,12,12,GCAATGTAGAGGATACTGAA,0,3441414
tabA_predicted,0.07692307692307693,12,12,GATTGTTTCGGGGAATCTAG,0,3452602
tabA_predicted,0.07692307692307693,12,12,GATTGCCGTCAAATGATTGA,0,3447864
tabA_predicted,0.07692307692307693,12,12,GATTATGATCGGAAAGAACC,0,3460081
tabA_predicted,0.07692307692307693,12,12,GATTAGTCCCACCGTCAAGC,0,3442307
tabA_predicted,0.07692307692307693,12,12,GATCCTGCCACTATCACTAC,0,3452144
tabA_predicted,0.07692307692307693,12,12,GATATGCAATACGATTTGAG,0,3461389
tabA_predicted,0.07692307692307693,12,12,GATATCTTCTCAGCACTTTG,0,3456834
tabA_predicted,0.07692307692307693,12,12,GAGGTCAGGGACACGATTTG,0,3440111
tabA_predicted,0.07692307692307693,12,12,GAGGGTTATAGATGCGACCC,0,3433183
tabA_predicted,0.07692307692307693,12,12,GAGGGATTGTCATATCGCCG,0,3444082
tabA_predicted,0.07692307692307693,12,12,GAGCGCGCTTTGGTGGCAAG,0,3443144
tabA_predicted,0.07692307692307693,12,12,GAGCACAAAAGCTTCGTATA,0,3446164
tabA_predicted,0.07692307692307693,12,12,GACTATAAGCCTCTACGTCA,0,3441662
tabA_predicted,0.07692307692307693,12,12,GACCGACCTTAGATTCCTTA,0,3440250
tabA_predicted,0.07692307692307693,12,12,GACACTATAATTTGCCATCG,0,3435918
tabA_predicted,0.07692307692307693,12,12,GACAACATCAGATAGTGCTT,0,3453732
tabA_predicted,0.07692307692307693,12,12,GAAGTTCTGCTGTTTTCGAT,0,3439859
tabA_predicted,0.07692307692307693,12,12,GAACAGATGGAGTTAGATCG,0,3436400
tabA_predicted,0.07692307692307693,12,12,GAAAACGCGCCTAACGACAA,0,3454432
tabA_predicted,0.07692307692307693,12,12,CTTTGATTCACCTTATTACT,0,3436074
tabA_predicted,0.07692307692307693,12,12,CTTTACAGCGTGCCTGTACT,0,3446386
tabA_predicted,0.07692307692307693,12,12,CTTGTCCTACAGAGTCTACA,0,3444211
tabA_predicted,0.07692307692307693,12,12,CTTGCTACAGCATAAATGTC,0,3448499
tabA_predicted,0.07692307692307693,12,12,CTTAACTGTGACCTTTTGTC,0,3450430
tabA_predicted,0.07692307692307693,12,12,CTGTGAGGGAACGTTATGCT,0,3440655
tabA_predicted,0.07692307692307693,12,12,CTGGCCCGACGTTTCTAAAC,0,3457850
tabA_predicted,0.07692307692307693,12,12,CTGGATCTAAGTCTTGGTTC,0,3432010
tabA_predicted,0.07692307692307693,12,12,CTGCGATGCCTCGGGGAGGA,0,3448102
tabA_predicted,0.07692307692307693,12,12,CTGCGACGACAGTGAGGTGG,0,3434960
tabA_predicted,0.07692307692307693,12,12,CTGCCAGAACTTTGGGTGTT,0,3449434
tabA_predicted,0.07692307692307693,12,12,CTGCAATTAGTCTGCGACCT,0,3448100
tabA_predicted,0.07692307692307693,12,12,CTCGAGGTCCCGAGAATATG,0,3444513
tabA_predicted,0.07692307692307693,12,12,CTCGAGCTTTCTTCAAGAGC,0,3459101
tabA_predicted,0.07692307692307693,12,12,CTCGACAAGATGGTTCGTGT,0,3436605
tabA_predicted,0.07692307692307693,12,12,CTCAGCACGGAGCGAATGTT,0,3463083
tabA_predicted,0.07692307692307693,12,12,CTATCTAGGATTATGCATTG,0,3445148
tabA_predicted,0.07692307692307693,12,12,CTAGGAAGTGTGCCTATTAC,0,3442007
tabA_predicted,0.07692307692307693,12,12,CTACGTTACAACCGGCGGGG,0,3432415
tabA_predicted,0.07692307692307693,12,12,CTACGCCACACTTCGAATCA,0,3459273
tabA_predicted,0.07692307692307693,12,12,CTACGCAGTATAAGTCGAAC,0,3463853
tabA_predicted,0.07692307692307693,12,12,CGTGAAGGCGTTGTGTGGCT,0,3441443
tabA_predicted,0.07692307692307693,12,12,CGTCTTTTATTTGTTTCGCG,0,3440955
tabA_predicted,0.07692307692307693,12,12,CGTCACTGGATGAGATCTAG,0,3447164
tabA_predicted,0.07692307692307693,12,12,CGTACGGAATATAACGTTCG,0,3443148
tabA_predicted,0.07692307692307693,12,12,CGGTTTATGCGAATGGTAAG,0,3431912
tabA_predicted,0.07692307692307693,12,12,CGGTGTCCATCTAGGAGCGG,0,3457044
tabA_predicted,0.07692307692307693,12,12,CGGCTCGCGCGGAACCTTGG,0,3445413
tabA_predicted,0.07692307692307693,12,12,CGGAAGGATTTTCTTAATTA,0,3445153
tabA_predicted,0.07692307692307693,12,12,CGCTTGCTATGATGGCAGGC,0,3436615
tabA_predicted,0.07692307692307693,12,12,CGCTCGGCCAGTGCCAGAGT,0,3447433
tabA_predicted,0.07692307692307693,12,12,CGCTCCTGCCCGGCCGCCGG,0,3431332
tabA_predicted,0.07692307692307693,12,12,CGCGTTCAATTCGACACGTT,0,3444210
tabA_predicted,0.07692307692307693,12,12,CGCGGAAGAGGGGGCGTCGT,0,3449547
tabA_predicted,0.07692307692307693,12,12,CGCGGAACAAGGTAGCGTCC,0,3446157
tabA_predicted,0.07692307692307693,12,12,CGCGATTGCCGCCGGGGGTG,0,3446958
tabA_predicted,0.07692307692307693,12,12,CGATCCAGCCGAACGGAAAT,0,3445456
tabA_predicted,0.07692307692307693,12,12,CGACTGCTAATTCACCAACT,0,3460387
tabA_predicted,0.07692307692307693,12,12,CGAAGCATGATTTTTTTATT,0,3440362
tabA_predicted,0.07692307692307693,12,12,CGAAGATATCTAAGCTAAGA,0,3452291
tabA_predicted,0.07692307692307693,12,12,CGAAATTGCATAGGGACTAA,0,3446135
tabA_predicted,0.07692307692307693,12,12,CCTGTTTTTGAACCAGCTCA,0,3447216
tabA_predicted,0.07692307692307693,12,12,CCTAGAGATGAGACACCGAG,0,3453378
tabA_predicted,0.07692307692307693,12,12,CCGTGGTATGGGAGCTAAGG,0,3460076
tabA_predicted,0.07692307692307693,12,12,CCGTACGTATCGACGGCGCT,0,3446750
tabA_predicted,0.07692307692307693,12,12,CCGATTCGATACATGGTACA,0,3464564
tabA_predicted,0.07692307692307693,12,12,CCGAGATAAATGACCTACCG,0,3435386
tabA_predicted,0.07692307692307693,12,12,CCCGAGTTGAACGGAGGGGT,0,3433983
tabA_predicted,0.07692307692307693,12,12,CCCGACTCATTTCTCACGGC,0,3442910
tabA_predicted,0.07692307692307693,12,12,CCCCCCCTGGTTAGAAGGGT,0,3454923
tabA_predicted,0.07692307692307693,12,12,CCCAGACCAGTCCAGTCGTT,0,3441827
tabA_predicted,0.07692307692307693,12,12,CCCACATCCCCATGTTGTTC,0,3449072
tabA_predicted,0.07692307692307693,12,12,CCATTTCCTGCACTTGAAAT,0,3465885
tabA_predicted,0.07692307692307693,12,12,CCATCGATTCTAGCGTTGCA,0,3451408
tabA_predicted,0.07692307692307693,12,12,CCATATCGCCTGACTGGCTT,0,3459195
tabA_predicted,0.07692307692307693,12,12,CCATAGTCCTGAAGCGTAGT,0,3449197
tabA_predicted,0.07692307692307693,12,12,CCAGATGTGATATAAAAACG,0,3465284
tabA_predicted,0.07692307692307693,12,12,CCACTTTGGGTACGCGAAGT,0,3462972
tabA_predicted,0.07692307692307693,12,12,CCACAGCCTAGGCGAGGCTT,0,3443337
tabA_predicted,0.07692307692307693,12,12,CCAACCTTGCTCGACGCTCG,0,3432883
tabA_predicted,0.07692307692307693,12,12,CCAAAAAGGTTAATACACGG,0,3442669
tabA_predicted,0.07692307692307693,12,12,CATTGCTATAGACGACACAG,0,3454829
tabA_predicted,0.07692307692307693,12,12,CATTCCCTGTCGGCAGAATG,0,3451746
tabA_predicted,0.07692307692307693,12,12,CATCGAGTACGTGGGAGCTC,0,3462522
tabA_predicted,0.07692307692307693,12,12,CAGTGTTACTGAACCGGTGC,0,3441464
tabA_predicted,0.07692307692307693,12,12,CAGTGGATCCAAAAAGGGAA,0,3444694
tabA_predicted,0.07692307692307693,12,12,CAGTACCCAACTCGATCCAT,0,3460036
tabA_predicted,0.07692307692307693,12,12,CAGTAATGCAGCCCTTCCAA,0,3431834
tabA_predicted,0.07692307692307693,12,12,CAGGGGATAAGCGGATCGAG,0,3437820
tabA_predicted,0.07692307692307693,12,12,CACTTGTGACCTGCAAAGCA,0,3446083
tabA_predicted,0.07692307692307693,12,12,CACTCGTCTCGGTATACGAC,0,3435551
tabA_predicted,0.07692307692307693,12,12,CACTATGGTCTCGATTTACT,0,3437444
tabA_predicted,0.07692307692307693,12,12,CACGGCCGCATGGTTAAGGA,0,3460479
tabA_predicted,0.07692307692307693,12,12,CACGATTACCATCAACTTAG,0,3450427
tabA_predicted,0.07692307692307693,12,12,CACCGTAAGACATAGGGTGT,0,3455442
tabA_predicted,0.07692307692307693,12,12,CACATAATAAGGAGTCGTTA,0,3462901
tabA_predicted,0.07692307692307693,12,12,CAATACAATGTGACGCCGCT,0,3451109
tabA_predicted,0.07692307692307693,12,12,CAAGTTCTCTCAACTCTAAC,0,3432206
tabA_predicted,0.07692307692307693,12,12,ATTACCAGAACCTGCTCCAT,0,3436403
tabA_predicted,0.07692307692307693,12,12,ATTAATGGACGTGTCCCTGC,0,3453657
tabA_predicted,0.07692307692307693,12,12,ATGGTAGTTTTTGATCCTAT,0,3463307
tabA_predicted,0.07692307692307693,12,12,ATGGAGCGGATATACTTGAA,0,3463137
tabA_predicted,0.07692307692307693,12,12,ATGCTGGCACTAGACATTTT,0,3465644
tabA_predicted,0.07692307692307693,12,12,ATGCGCGACTTTCTCTTGAA,0,3463816
tabA_predicted,0.07692307692307693,12,12,ATCTCAGGCGAACTCGGTGA,0,3462024
tabA_predicted,0.07692307692307693,12,12,ATCGGCAACTTGCCTGTCCT,0,3439120
tabA_predicted,0.07692307692307693,12,12,ATCGATAGCTCCGTCCACTA,0,3440665
tabA_predicted,0.07692307692307693,12,12,ATCAGTGATTGTGACTGCAT,0,3446375
tabA_predicted,0.07692307692307693,12,12,ATCAGCCATGGTATTCCGTT,0,3440984
tabA_predicted,0.07692307692307693,12,12,ATAGGTCATAAAGACGCTGT,0,3458427
tabA_predicted,0.07692307692307693,12,12,ATACATAGCGCAGGGGCGGA,0,3458781
tabA_predicted,0.07692307692307693,12,12,ATAACCGGCAGCATAAGTAA,0,3434478
tabA_predicted,0.07692307692307693,12,12,AGTCCTATGGGGCGGACGGA,0,3441857
tabA_predicted,0.07692307692307693,12,12,AGTATCCGGAGTTCCTGTAA,0,3449353
tabA_predicted,0.07692307692307693,12,12,AGGTTGAAGTCTTGGGATAA,0,3463941
tabA_predicted,0.07692307692307693,12,12,AGGGTGGTTAGTCCCACACA,0,3437296
tabA_predicted,0.07692307692307693,12,12,AGGGGGATCTTAGCTGCGCA,0,3459271
tabA_predicted,0.07692307692307693,12,12,AGGGGCCGTGCCGTGTTAAA,0,3438391
tabA_predicted,0.07692307692307693,12,12,AGGGAGCTAATCGCGGAAGC,0,3442685
tabA_predicted,0.07692307692307693,12,12,AGGACCACGACACTAACAGT,0,3449113
tabA_predicted,0.07692307692307693,12,12,AGCGGCAGAGTGGGTCTTCC,0,3451491
tabA_predicted,0.07692307692307693,12,12,AGCCTCGTCAAAACTTATAC,0,3449719
tabA_predicted,0.07692307692307693,12,12,AGCCATATGCGACCAACTCA,0,3442691
tabA_predicted,0.07692307692307693,12,12,AGCCAGAGTAAATGCTCCTC,0,3431610
tabA_predicted,0.07692307692307693,12,12,AGATTGACCCCGCGCTTATA,0,3435616
tabA_predicted,0.07692307692307693,12,12,AGATGCGAGAATGCTTTGTG,0,3439198
tabA_predicted,0.07692307692307693,12,12,AGAGCTGCAACGTTTACGCA,0,3460102
tabA_predicted,0.07692307692307693,12,12,AGAGCATGGGGAGAAGAACG,0,3434861
tabA_predicted,0.07692307692307693,12,12,AGAGCAGATAAGCTGACATA,0,3435092
tabA_predicted,0.07692307692307693,12,12,AGAGAGTCCGATAACGCGAC,0,3459058
tabA_predicted,0.07692307692307693,12,12,AGACGTTGTGTCCCACGGCT,0,3454341
tabA_predicted,0.07692307692307693,12,12,AGAAGAGCGCAACATTGAAA,0,3440644
tabA_predicted,0.07692307692307693,12,12,ACTTAGGGCCTTTTAACTTA,0,3438168
tabA_predicted,0.07692307692307693,12,12,ACTCTGTGGCTCCCAGGCGT,0,3443569
tabA_predicted,0.07692307692307693,12,12,ACTCGGACGTTGTCGTCGCA,0,3435030
tabA_predicted,0.07692307692307693,12,12,ACTCCTGCCATGCCGGGTAC,0,3441199
tabA_predicted,0.07692307692307693,12,12,ACTATATCTGTCTATCTGGC,0,3436814
tabA_predicted,0.07692307692307693,12,12,ACGTTTGCAGAGTCTTGCTG,0,3433378
tabA_predicted,0.07692307692307693,12,12,ACGTGTTCTTAAGTTCTCAG,0,3436808
tabA_predicted,0.07692307692307693,12,12,ACGTCACCCCACAGAGGATA,0,3439223
tabA_predicted,0.07692307692307693,12,12,ACGGGCGTGGAGATAGTGCT,0,3434539
tabA_predicted,0.07692307692307693,12,12,ACGCTATGACAATTGGAGCA,0,3445929
tabA_predicted,0.07692307692307693,12,12,ACCTGTAATCCGCGGCGTAA,0,3438403
tabA_predicted,0.07692307692307693,12,12,ACCGTGAACGGAACTCTGGT,0,3440807
tabA_predicted,0.07692307692307693,12,12,ACCCTTTGGGAAGGAGGCAG,0,3433127
tabA_predicted,0.07692307692307693,12,12,ACCATTCTATTCTGCTCGTA,0,3453935
tabA_predicted,0.07692307692307693,12,12,ACCAGATAAGACCACCAGTA,0,3431590
tabA_predicted,0.07692307692307693,12,12,ACCACCGACGGGGCGCTCAC,0,3463072
tabA_predicted,0.07692307692307693,12,12,ACCAATATACGCAAATGGGA,0,3444780
tabA_predicted,0.07692307692307693,12,12,ACATTTGATCGATCTCGACT,0,3455269
tabA_predicted,0.07692307692307693,12,12,ACATGAAGCCATAACGGTGC,0,3461423
tabA_predicted,0.07692307692307693,12,12,ACAGTGCATGATTGCCATTG,0,3459520
tabA_predicted,0.07692307692307693,12,12,ACAGCACAAGGCAGAACATC,0,3433559
tabA_predicted,0.07692307692307693,12,12,ACACTGCCGGAATGCCCTGG,0,3461470
tabA_predicted,0.07692307692307693,12,12,ACAAATAGTACGGCAACGTA,0,3445066
tabA_predicted,0.07692307692307693,12,12,AATTATGGAGTACATTTACG,0,3444109
tabA_predicted,0.07692307692307693,12,12,AATGGTCCGATACGGGAGTA,0,3457245
tabA_predicted,0.07692307692307693,12,12,AATGAGTCTCAGGTAGTAAG,0,3443331
tabA_predicted,0.07692307692307693,12,12,AATCGAGGGGGCTTTTAAGA,0,3439093
tabA_predicted,0.07692307692307693,12,12,AATCATCTGTTCAATCCTCC,0,3442335
tabA_predicted,0.07692307692307693,12,12,AATCAGACGGCGATAAAGTT,0,3433371
tabA_predicted,0.07692307692307693,12,12,AATCAAGTCTTGACCCGAAT,0,3453368
tabA_predicted,0.07692307692307693,12,12,AATAAAGCTGACCTACACGA,0,3453642
tabA_predicted,0.07692307692307693,12,12,AAGTAGTGCAAGCGGGGCGA,0,3455683
tabA_predicted,0.07692307692307693,12,12,AAGGGTTTAGATGCGTGCTC,0,3437850
tabA_predicted,0.07692307692307693,12,12,AAGGGATACCGTCACCGCCC,0,3444025
tabA_predicted,0.07692307692307693,12,12,AAGGACACGGAGTCCTGAGA,0,3432526
tabA_predicted,0.07692307692307693,12,12,AAGCGGAAGGCTGGCGATTG,0,3440448
tabA_predicted,0.07692307692307693,12,12,AAGCCTGTGCCAACGCTTCT,0,3460268
tabA_predicted,0.07692307692307693,12,12,AAGAAGCGGTTGGTTCGATA,0,3455850
tabA_predicted,0.07692307692307693,12,12,AACTTGCTCTTCTACGTCTT,0,3445964
tabA_predicted,0.07692307692307693,12,12,AACGGGCGCCCACAATAGAC,0,3457118
tabA_predicted,0.07692307692307693,12,12,AACCTCTCGAATCCGTAACT,0,3442501
tabA_predicted,0.07692307692307693,12,12,AACAGGCGTAAATAGTCCTC,0,3446697
tabA_predicted,0.07692307692307693,12,12,AAACGTGCTAGATATCCCAC,0,3451908
tabA_predicted,0.08333333333333333,11,11,TTTTTAGACAGTTCGGGTGG,0,3440818
tabA_predicted,0.08333333333333333,11,11,TTTTCCTTACTGCCCCGGTG,0,3437241
tabA_predicted,0.08333333333333333,11,11,TTTTCAATCGGAGGCGTTAC,0,3452318
tabA_predicted,0.08333333333333333,11,11,TTTGGGTAATTTGGCGGCTA,0,3446694
tabA_predicted,0.08333333333333333,11,11,TTTGCTACTACGGGTACCGA,0,3462275
tabA_predicted,0.08333333333333333,11,11,TTTCCCCAGAAGGGCATCAC,0,3434481
tabA_predicted,0.08333333333333333,11,11,TTTCAAGACATTAAAAGCTA,0,3454898
tabA_predicted,0.08333333333333333,11,11,TTTCAACGCTAGAAAGTTTG,0,3435373
tabA_predicted,0.08333333333333333,11,11,TTGTATTCTTGAATTGGCTA,0,3453697
tabA_predicted,0.08333333333333333,11,11,TTGGCCGTTGTAGCGGGATA,0,3449550
tabA_predicted,0.08333333333333333,11,11,TTGGCAGAGGGGCGGTCCCT,0,3434556
tabA_predicted,0.08333333333333333,11,11,TTGGATAGATGAACTAAGAA,0,3460259
tabA_predicted,0.08333333333333333,11,11,TTGATGAATCACAGTGCCAT,0,3445659
tabA_predicted,0.08333333333333333,11,11,TTGACGCATAGGACTATGAA,0,3450753
tabA_predicted,0.08333333333333333,11,11,TTGACATTGCGGCGATCGCA,0,3449459
tabA_predicted,0.08333333333333333,11,11,TTGACACCGCAATGGGTCTC,0,3444708
tabA_predicted,0.08333333333333333,11,11,TTCTTAGTATGGTATGGCCT,0,3457646
tabA_predicted,0.08333333333333333,11,11,TTCTGGCGTAACTATCCATA,0,3437945
tabA_predicted,0.08333333333333333,11,11,TTCTCTATTCGTTGATGCCA,0,3461052
tabA_predicted,0.08333333333333333,11,11,TTCGGCCATAAAGGCTGACA,0,3443724
tabA_predicted,0.08333333333333333,11,11,TTCGATGAACGTCCAGGGTC,0,3440500
tabA_predicted,0.08333333333333333,11,11,TTCCTCCTGCCTCGCTTAGT,0,3454232
tabA_predicted,0.08333333333333333,11,11,TTCCCGAGCGGATCAGTTAC,0,3460826
tabA_predicted,0.08333333333333333,11,11,TTCCACGTCCTCGATGGCAA,0,3432788
tabA_predicted,0.08333333333333333,11,11,TTCACGATGGGGAAGTATTA,0,3452199
tabA_predicted,0.08333333333333333,11,11,TTATATCCCAGTTCGGCATC,0,3459583
tabA_predicted,0.08333333333333333,11,11,TTAGCGATTAAGTTCAATAC,0,3462802
tabA_predicted,0.08333333333333333,11,11,TTAGCATACGTAATGAAGAT,0,3458006
tabA_predicted,0.08333333333333333,11,11,TTAGCAGCCCGATATGCATA,0,3439287
tabA_predicted,0.08333333333333333,11,11,TTACGTCTCCATCCGTCTTA,0,3462324
tabA_predicted,0.08333333333333333,11,11,TTACCAAATAGGTCCGTTAA,0,3447625
tabA_predicted,0.08333333333333333,11,11,TTAACATGCGGGTCCGCCAT,0,3433526
tabA_predicted,0.08333333333333333,11,11,TGTGGGACCAAGGTAATGTA,0,3449778
tabA_predicted,0.08333333333333333,11,11,TGTGCGGGATACGAGCAGGG,0,3438387
tabA_predicted,0.08333333333333333,11,11,TGTGATAGAACCTGGATGTA,0,3450242
tabA_predicted,0.08333333333333333,11,11,TGTCTGGTTCGAATAACGGC,0,3434255
tabA_predicted,0.08333333333333333,11,11,TGGTTCCTCGTGCCGAATCT,0,3454616
tabA_predicted,0.08333333333333333,11,11,TGGTACCTACGGACATAATG,0,3460586
tabA_predicted,0.08333333333333333,11,11,TGGGATTGCCACTACCCTCT,0,3451836
tabA_predicted,0.08333333333333333,11,11,TGCTTATAAGATGTGTTTGT,0,3448645
tabA_predicted,0.08333333333333333,11,11,TGCGTCCATGCAGTGGGGGG,0,3451967
tabA_predicted,0.08333333333333333,11,11,TGCCTTCTGCTCTGCACCGC,0,3441737
tabA_predicted,0.08333333333333333,11,11,TGCCTAATTCCGTGGCACGT,0,3454326
tabA_predicted,0.08333333333333333,11,11,TGCAGATTTCACAAATCGTT,0,3439786
tabA_predicted,0.08333333333333333,11,11,TGATATGGGTACCGCCTTAT,0,3464411
tabA_predicted,0.08333333333333333,11,11,TGAGGCGATCGTTCCCATCC,0,3445057
tabA_predicted,0.08333333333333333,11,11,TGAGATTGATAATTCTGGAC,0,3446006
tabA_predicted,0.08333333333333333,11,11,TGAGATGTTCCTCGCTATCG,0,3443222
tabA_predicted,0.08333333333333333,11,11,TGAGACGACAGCGCAGGCTG,0,3454797
tabA_predicted,0.08333333333333333,11,11,TGACGTACATTACGAATACT,0,3459380
tabA_predicted,0.08333333333333333,11,11,TGAAGCATTCGTGCTTTGAG,0,3456198
tabA_predicted,0.08333333333333333,11,11,TCTTTTCTCAAAAGGGAGGT,0,3466184
tabA_predicted,0.08333333333333333,11,11,TCTTGAGTATCCGGAAATAA,0,3457079
tabA_predicted,0.08333333333333333,11,11,TCTTCTGCCATGACATGACA,0,3441097
tabA_predicted,0.08333333333333333,11,11,TCTTATCGGCATGAGGAGAA,0,3433277
tabA_predicted,0.08333333333333333,11,11,TCTGCGAATCGCGTTCCACT,0,3448186
tabA_predicted,0.08333333333333333,11,11,TCTGAGAGTGAGGTTTCAAA,0,3449196
tabA_predicted,0.08333333333333333,11,11,TCTCGGGGATTAACTGCTCA,0,3460835
tabA_predicted,0.08333333333333333,11,11,TCTCCCCACATTTAATTTCG,0,3443612
tabA_predicted,0.08333333333333333,11,11,TCTACGGGGCGACATGACTC,0,3443561
tabA_predicted,0.08333333333333333,11,11,TCGTGCACTGTTTTAATCAG,0,3452195
tabA_predicted,0.08333333333333333,11,11,TCGTCTCTTGGTGTCGAACT,0,3433917
tabA_predicted,0.08333333333333333,11,11,TCGGGAGGGACTGGTATGGT,0,3438673
tabA_predicted,0.08333333333333333,11,11,TCGGAACATTTTACGGAAGT,0,3447058
tabA_predicted,0.08333333333333333,11,11,TCGCAAGTAGTTCGAGGAAG,0,3449425
tabA_predicted,0.08333333333333333,11,11,TCGATGCTGCCAAGCACGCT,0,3447882
tabA_predicted,0.08333333333333333,11,11,TCGAAGGGTGGGCTTCCGTA,0,3460025
tabA_predicted,0.08333333333333333,11,11,TCGAAACACAAAGATCCTGC,0,3437806
tabA_predicted,0.08333333333333333,11,11,TCCTTGAAATTAAAGAGTGA,0,3444778
tabA_predicted,0.08333333333333333,11,11,TCCTAAGGCTCAAACCCAAA,0,3445310
tabA_predicted,0.08333333333333333,11,11,TCCGGTCTCGTGCTGGCACT,0,3452836
tabA_predicted,0.08333333333333333,11,11,TCCGCTACGACGATGAAAAC,0,3442787
tabA_predicted,0.08333333333333333,11,11,TCATAGGGGGGCTAGTATAA,0,3440590
tabA_predicted,0.08333333333333333,11,11,TCAGGTCAGATCCGGCGTCT,0,3455975
tabA_predicted,0.08333333333333333,11,11,TATGCATAACCGTAGGACGC,0,3451578
tabA_predicted,0.08333333333333333,11,11,TATCTCTTATGTGCTAGGCA,0,3437559
tabA_predicted,0.08333333333333333,11,11,TAGGTCCTGTCCTTTGGCCA,0,3440088
tabA_predicted,0.08333333333333333,11,11,TAGGACAGATTCCATCATTG,0,3452270
tabA_predicted,0.08333333333333333,11,11,TAGCTCCGAGATAAATCAAC,0,3432563
tabA_predicted,0.08333333333333333,11,11,TAGCGTGCGTATTGTGTGAC,0,3464659
tabA_predicted,0.08333333333333333,11,11,TAGCCGTTTCAGGTTCATGC,0,3441015
tabA_predicted,0.08333333333333333,11,11,TAGCCGCCCTTCCAGAGAAT,0,3442285
tabA_predicted,0.08333333333333333,11,11,TAGAGTGCGTATCGACCCTA,0,3441050
tabA_predicted,0.08333333333333333,11,11,TAGACCGTCACCGTCAAGCA,0,3455633
tabA_predicted,0.08333333333333333,11,11,TAGAAAGTAGTCATGCCAGT,0,3448669
tabA_predicted,0.08333333333333333,11,11,TACTCACAGTGGATAAGTCA,0,3435380
tabA_predicted,0.08333333333333333,11,11,TACGGTGAGTCATAGTCTGG,0,3456551
tabA_predicted,0.08333333333333333,11,11,TACACGGGTAACGGTTAACT,0,3447849
tabA_predicted,0.08333333333333333,11,11,TAATGTCGTAGGGCGCATAG,0,3453799
tabA_predicted,0.08333333333333333,11,11,TAATGAAAGGCTCTCGAATG,0,3456312
tabA_predicted,0.08333333333333333,11,11,TAATAGAGTTCCGTGTGGCT,0,3460386
tabA_predicted,0.08333333333333333,11,11,TAAGGTACCCAATCGTGTTC,0,3460489
tabA_predicted,0.08333333333333333,11,11,TAAGCAGAGCACTGATAGTG,0,3445904
tabA_predicted,0.08333333333333333,11,11,TAAAAAGTTCGTTATGTATA,0,3435712
tabA_predicted,0.08333333333333333,11,11,TAAAAAGTGACCCCGTGCGC,0,3456279
tabA_predicted,0.08333333333333333,11,11,GTTTCACCTCTAACGAACAT,0,3441013
tabA_predicted,0.08333333333333333,11,11,GTTGTTATGAGCGAGCTTTT,0,3463445
tabA_predicted,0.08333333333333333,11,11,GTTGTCAAAATTGAATGCGT,0,3451431
tabA_predicted,0.08333333333333333,11,11,GTTGGCACGGTGCGCGGGCT,0,3439990
tabA_predicted,0.08333333333333333,11,11,GTTGCTAGGATCAGTTGGGG,0,3453313
tabA_predicted,0.08333333333333333,11,11,GTTCGCTAAATAAGATTTTT,0,3445567
tabA_predicted,0.08333333333333333,11,11,GTTAGATAGCAAACCCTAGC,0,3442855
tabA_predicted,0.08333333333333333,11,11,GTGTAGGAGGGCGCTGACTA,0,3451524
tabA_predicted,0.08333333333333333,11,11,GTGGTGGGAGAACTCACCTT,0,3442234
tabA_predicted,0.08333333333333333,11,11,GTGGCCGGTTGGCAGCGTTC,0,3456453
tabA_predicted,0.08333333333333333,11,11,GTGCCGTGCCTAAATTTAAA,0,3442766
tabA_predicted,0.08333333333333333,11,11,GTGAATCCGATAAGGCGGAG,0,3447981
tabA_predicted,0.08333333333333333,11,11,GTGAAATCTAGCATTTGGCA,0,3438742
tabA_predicted,0.08333333333333333,11,11,GTCTTAGAGTGACGAGAGCA,0,3439121
tabA_predicted,0.08333333333333333,11,11,GTCGTATAAAGCCACGCAGC,0,3433107
tabA_predicted,0.08333333333333333,11,11,GTCGGTCCAGCCGGTCACAC,0,3442499
tabA_predicted,0.08333333333333333,11,11,GTCGCGCAAGACGGTCGCAT,0,3454694
tabA_predicted,0.08333333333333333,11,11,GTCATCCCCTGACCATTACA,0,3464644
tabA_predicted,0.08333333333333333,11,11,GTCACTAAGACAGAGCGGCG,0,3439471
tabA_predicted,0.08333333333333333,11,11,GTCAAGGAAAAAGACCCAGC,0,3432623
tabA_predicted,0.08333333333333333,11,11,GTAGAGTTGTATCATTGGGA,0,3431264
tabA_predicted,0.08333333333333333,11,11,GTAGAGACTCCCGTCGTTGC,0,3457801
tabA_predicted,0.08333333333333333,11,11,GTACTCGCGGTTCTTGCGCA,0,3431583
tabA_predicted,0.08333333333333333,11,11,GTAATGAAATAAGTGATCGC,0,3435016
tabA_predicted,0.08333333333333333,11,11,GTAATCCGCGGTAAAGCGAT,0,3452345
tabA_predicted,0.08333333333333333,11,11,GTAATAGGCCGGCCTTGTTG,0,3437973
tabA_predicted,0.08333333333333333,11,11,GTAAGCATCGCGCCGCCCCG,0,3435197
tabA_predicted,0.08333333333333333,11,11,GGTTTGACCATGAACTCAAA,0,3452047
tabA_predicted,0.08333333333333333,11,11,GGTTCCGTGCGGGGTTTCAA,0,3451684
tabA_predicted,0.08333333333333333,11,11,GGTTCATGAGAAAAGGTGTG,0,3433573
tabA_predicted,0.08333333333333333,11,11,GGTTATTCCAGCACCATGGG,0,3453589
tabA_predicted,0.08333333333333333,11,11,GGTTATATAGGTTACGTGAT,0,3432669
tabA_predicted,0.08333333333333333,11,11,GGTCGGACCGACATTAGGGA,0,3435570
tabA_predicted,0.08333333333333333,11,11,GGTCCAGCTATCTCTACGCC,0,3433666
tabA_predicted,0.08333333333333333,11,11,GGTCATGAACGCCTCTGGCC,0,3462440
tabA_predicted,0.08333333333333333,11,11,GGTCAAGGATCGATGTTCGG,0,3463017
tabA_predicted,0.08333333333333333,11,11,GGTAAGTGAAAACGAATTAA,0,3451160
tabA_predicted,0.08333333333333333,11,11,GGGGGCTACGTTACCAGTTT,0,3446382
tabA_predicted,0.08333333333333333,11,11,GGGCTTCGACCCATTACATG,0,3459937
tabA_predicted,0.08333333333333333,11,11,GGGAGGCGATGGCAACGGAC,0,3457075
tabA_predicted,0.08333333333333333,11,11,GGGAGCACGATTGACACGTT,0,3460345
tabA_predicted,0.08333333333333333,11,11,GGGACTAACGGGCTATAGCG,0,3440744
tabA_predicted,0.08333333333333333,11,11,GGGAATAGTTTCTTTCCTAT,0,3435902
tabA_predicted,0.08333333333333333,11,11,GGCTGTCTATCTTAAGATTA,0,3454634
tabA_predicted,0.08333333333333333,11,11,GGCTACGCTCGGGGGAGAGC,0,3453818
tabA_predicted,0.08333333333333333,11,11,GGCGAGCGTCAGCATACCTG,0,3432387
tabA_predicted,0.08333333333333333,11,11,GGCCTCATGTAGGGTTCAAT,0,3455114
tabA_predicted,0.08333333333333333,11,11,GGCCATTTTAACTTCGGTAG,0,3450583
tabA_predicted,0.08333333333333333,11,11,GGCATTCTCGTGGTCGGGCA,0,3463130
tabA_predicted,0.08333333333333333,11,11,GGCACTGTAGAATGGGGTTA,0,3443046
tabA_predicted,0.08333333333333333,11,11,GGAGTTTATATGGCATGAGC,0,3439696
tabA_predicted,0.08333333333333333,11,11,GGAAACATTACTCATAATTG,0,3456044
tabA_predicted,0.08333333333333333,11,11,GCTTTGGCTGTCTTCGGAAG,0,3440856
tabA_predicted,0.08333333333333333,11,11,GCTTCTATTCCCTTTGTAGC,0,3454116
tabA_predicted,0.08333333333333333,11,11,GCTGTTACTAAAATTCCTGT,0,3464871
tabA_predicted,0.08333333333333333,11,11,GCTGTATCACCTTGGCGGGA,0,3448171
tabA_predicted,0.08333333333333333,11,11,GCTCATTGAGGCAGCCCAGT,0,3457159
tabA_predicted,0.08333333333333333,11,11,GCTATCTCAATGATGCATTG,0,3464183
tabA_predicted,0.08333333333333333,11,11,GCGTATTTCCTAATCCGGAT,0,3438668
tabA_predicted,0.08333333333333333,11,11,GCGGGAACTATTTCGTTATC,0,3444883
tabA_predicted,0.08333333333333333,11,11,GCGATTGTTGCGTCGCCGTA,0,3443228
tabA_predicted,0.08333333333333333,11,11,GCGACTGTCTGACTCTCAAA,0,3453385
tabA_predicted,0.08333333333333333,11,11,GCCTTTGTTCCACAGCGTGA,0,3463254
tabA_predicted,0.08333333333333333,11,11,GCCGCTGGGACACACTCAAC,0,3460055
tabA_predicted,0.08333333333333333,11,11,GCCGAGTGGGCGAGTACGTC,0,3451481
tabA_predicted,0.08333333333333333,11,11,GCCCCATGACTCAGGGTCTG,0,3442405
tabA_predicted,0.08333333333333333,11,11,GCCCCAAGCGTCAAGAGCAT,0,3436583
tabA_predicted,0.08333333333333333,11,11,GCACTCAAGGCTAGATTCAA,0,3451757
tabA_predicted,0.08333333333333333,11,11,GCACCGAGTTCCATGCACGA,0,3458086
tabA_predicted,0.08333333333333333,11,11,GATTTGGGGAATTACGCATT,0,3452070
tabA_predicted,0.08333333333333333,11,11,GATTCGGTCTCGACAGATAG,0,3446332
tabA_predicted,0.08333333333333333,11,11,GATGTGCTGACGTCCATGGT,0,3436512
tabA_predicted,0.08333333333333333,11,11,GATGTAACGAAATATAATTC,0,3446373
tabA_predicted,0.08333333333333333,11,11,GATGAGTGTGGTACGTTTTC,0,3444936
tabA_predicted,0.08333333333333333,11,11,GATATTCGAATCTTTGTGTA,0,3451738
tabA_predicted,0.08333333333333333,11,11,GATAGCCAACCTGAAAAATT,0,3446812
tabA_predicted,0.08333333333333333,11,11,GATACTCTCTCGGACACGCG,0,3449099
tabA_predicted,0.08333333333333333,11,11,GATACGTTCTCTTGTTGCAA,0,3442091
tabA_predicted,0.08333333333333333,11,11,GATAAATGTGGGTAGGCTAA,0,3441919
tabA_predicted,0.08333333333333333,11,11,GAGTTGGTGATTTGTGCTCG,0,3451636
tabA_predicted,0.08333333333333333,11,11,GAGTTGGGAAGGTCCTGGTT,0,3446692
tabA_predicted,0.08333333333333333,11,11,GAGTCCTTTCCCACCCTGTA,0,3439327
tabA_predicted,0.08333333333333333,11,11,GAGGTGTGGTTGGCAATAGT,0,3453073
tabA_predicted,0.08333333333333333,11,11,GAGGATGAACCAACGTGCAT,0,3447624
tabA_predicted,0.08333333333333333,11,11,GAGGAAAGGACAGTTGGTCT,0,3455496
tabA_predicted,0.08333333333333333,11,11,GAGCCTGTGCAAACTCCTGA,0,3433707
tabA_predicted,0.08333333333333333,11,11,GACTGGAAATTAACGCACTT,0,3458796
tabA_predicted,0.08333333333333333,11,11,GACTCGCGCGGTACCTGGGG,0,3434312
tabA_predicted,0.08333333333333333,11,11,GACGGTAGTACGTTAGCACA,0,3442437
tabA_predicted,0.08333333333333333,11,11,GACGGGTATACTAGATCCTC,0,3435306
tabA_predicted,0.08333333333333333,11,11,GACGAAAGCGAAGCTATTAA,0,3439339
tabA_predicted,0.08333333333333333,11,11,GACCTGGTTTCCACATCCCC,0,3448133
tabA_predicted,0.08333333333333333,11,11,GACATATCTGCACTTGATGG,0,3444598
tabA_predicted,0.08333333333333333,11,11,GAATGACGCAGTTCCTTTCG,0,3448551
tabA_predicted,0.08333333333333333,11,11,GAATCCCCCGCGAACATACA,0,3448907
tabA_predicted,0.08333333333333333,11,11,GAACTGCTATGTTTAGCCAG,0,3464737
tabA_predicted,0.08333333333333333,11,11,GAACGTCTAGGACTTGAGCG,0,3451372
tabA_predicted,0.08333333333333333,11,11,GAAATAGCAATGCTTCATGC,0,3434198
tabA_predicted,0.08333333333333333,11,11,GAAACAGTCCAGAACTGTCT,0,3447705
tabA_predicted,0.08333333333333333,11,11,GAAAAGGGATGGGAGTTTAT,0,3447250
tabA_predicted,0.08333333333333333,11,11,CTTTAAGTAGTGTATCAATT,0,3439826
tabA_predicted,0.08333333333333333,11,11,CTTGTAATCACTTCGGGATC,0,3432280
tabA_predicted,0.08333333333333333,11,11,CTTCTAACTCCGGTACGTCG,0,3439135
tabA_predicted,0.08333333333333333,11,11,CTTCGGAGCACCTAACGTGG,0,3442605
tabA_predicted,0.08333333333333333,11,11,CTTACAACAGTCGATATTCG,0,3456174
tabA_predicted,0.08333333333333333,11,11,CTGTGGGTCCGCATAGACTC,0,3437974
tabA_predicted,0.08333333333333333,11,11,CTGGAAGCGGGCCTAAAGTT,0,3434490
tabA_predicted,0.08333333333333333,11,11,CTGATGAAGTCGGTCGGGAC,0,3443157
tabA_predicted,0.08333333333333333,11,11,CTGAGACCCAGCGGAAGTGA,0,3441743
tabA_predicted,0.08333333333333333,11,11,CTCGTTAGCATTAAAACTTG,0,3450620
tabA_predicted,0.08333333333333333,11,11,CTCGAAGCTAAAGTTTTCTA,0,3448138
tabA_predicted,0.08333333333333333,11,11,CTCCTTATCACAAGCGCGCA,0,3446379
tabA_predicted,0.08333333333333333,11,11,CTCCGTTTGGCGTTCAACGG,0,3465088
tabA_predicted,0.08333333333333333,11,11,CTCAATGTGGGCCACCCCAT,0,3459561
tabA_predicted,0.08333333333333333,11,11,CTATGTATACGTAATTACCG,0,3451869
tabA_predicted,0.08333333333333333,11,11,CTATGGCCTTTTACATAAAG,0,3442904
tabA_predicted,0.08333333333333333,11,11,CTAGGGTAGGTACCATCTTG,0,3464384
tabA_predicted,0.08333333333333333,11,11,CTAGATTGACTTGGTCGGGC,0,3432063
tabA_predicted,0.08333333333333333,11,11,CTAGAACGGGACGCATAAAT,0,3438475
tabA_predicted,0.08333333333333333,11,11,CTACTCGGACGGAAGTAAAG,0,3449950
tabA_predicted,0.08333333333333333,11,11,CTAACTTACAATTATACAGT,0,3465817
tabA_predicted,0.08333333333333333,11,11,CGTTTGCACCAACTCATTCT,0,3445658
tabA_predicted,0.08333333333333333,11,11,CGTTAATCGTAGAAGTACGT,0,3456084
tabA_predicted,0.08333333333333333,11,11,CGTGTATACCTCAGCGATGT,0,3445058
tabA_predicted,0.08333333333333333,11,11,CGTGTAGGTGCGCCTAGATA,0,3445819
tabA_predicted,0.08333333333333333,11,11,CGTCAATTGCATGACGTCTT,0,3442995
tabA_predicted,0.08333333333333333,11,11,CGTAGACGATAGTGGGTCAT,0,3443537
tabA_predicted,0.08333333333333333,11,11,CGTAAGGCCGTAACCCCTCG,0,3442926
tabA_predicted,0.08333333333333333,11,11,CGGTTGAAGCCGCCCGGGAC,0,3435350
tabA_predicted,0.08333333333333333,11,11,CGGTTATGGTACAGCTATGG,0,3444833
tabA_predicted,0.08333333333333333,11,11,CGGTAAATGTCCGAATCTGT,0,3439948
tabA_predicted,0.08333333333333333,11,11,CGGCAGAGGATTGCGGGAGT,0,3457824
tabA_predicted,0.08333333333333333,11,11,CGCTCGAATTTCACTTTGAG,0,3465573
tabA_predicted,0.08333333333333333,11,11,CGCGTGGTTGACTGGGGGTA,0,3464364
tabA_predicted,0.08333333333333333,11,11,CGCGAAGCGGTTCAAATTAG,0,3463953
tabA_predicted,0.08333333333333333,11,11,CGCCTCTGGGGTGCTTCGGT,0,3461642
tabA_predicted,0.08333333333333333,11,11,CGATTACCTGTACCTTTACT,0,3455793
tabA_predicted,0.08333333333333333,11,11,CGATCGCCCAACAACATTGG,0,3463454
tabA_predicted,0.08333333333333333,11,11,CGAGCCTCCCCGAAGATATC,0,3454836
tabA_predicted,0.08333333333333333,11,11,CGAGAAGTTATGGTTTGTGG,0,3440271
tabA_predicted,0.08333333333333333,11,11,CGAAGCTAACCGCATGCCCA,0,3435060
tabA_predicted,0.08333333333333333,11,11,CGAAATACAACTATTATTGC,0,3438124
tabA_predicted,0.08333333333333333,11,11,CCTTCAGAGCTCGAGGATAA,0,3460899
tabA_predicted,0.08333333333333333,11,11,CCTTATTAGCCGGTAGGGTT,0,3454491
tabA_predicted,0.08333333333333333,11,11,CCTGGTTGTTCATGTTTGCC,0,3442667
tabA_predicted,0.08333333333333333,11,11,CCTGGCACTCGATGTCCATG,0,3461730
tabA_predicted,0.08333333333333333,11,11,CCTGCTAATAACGCTCCAGG,0,3449885
tabA_predicted,0.08333333333333333,11,11,CCTAGAGAGGAAGTTATAAG,0,3439290
tabA_predicted,0.08333333333333333,11,11,CCTAATTACCCTTGCACGGT,0,3465597
tabA_predicted,0.08333333333333333,11,11,CCGTATTCTCGCGTGTCAGC,0,3432274
tabA_predicted,0.08333333333333333,11,11,CCGTACCGGCTTGGTGGTAG,0,3449546
tabA_predicted,0.08333333333333333,11,11,CCGTACCAGTGTTAGCCATT,0,3441950
tabA_predicted,0.08333333333333333,11,11,CCGGGAGTGAACACAGGAAT,0,3452411
tabA_predicted,0.08333333333333333,11,11,CCGGATCCGCATCGTATCAC,0,3432068
tabA_predicted,0.08333333333333333,11,11,CCGACTGTGCGACCTAAAGT,0,3463635
tabA_predicted,0.08333333333333333,11,11,CCCTTACTAATGTTAACGCC,0,3437418
tabA_predicted,0.08333333333333333,11,11,CCCTCGCGCACCGCCAGTAG,0,3460592
tabA_predicted,0.08333333333333333,11,11,CCCACGTTTCCGACTCAAAA,0,3444559
tabA_predicted,0.08333333333333333,11,11,CCAGTGTTGTGATTAGACCA,0,3438961
tabA_predicted,0.08333333333333333,11,11,CCAGTGATATGGAAGTGCTT,0,3431706
tabA_predicted,0.08333333333333333,11,11,CCAGTCCGAGATTGCAGCGA,0,3443668
tabA_predicted,0.08333333333333333,11,11,CCAGGGGCAATTCGACCAGT,0,3450289
tabA_predicted,0.08333333333333333,11,11,CCAGCAGCTGGGAATAGGTA,0,3465221
tabA_predicted,0.08333333333333333,11,11,CCACCTGAGTCGCCGGTACT,0,3451186
tabA_predicted,0.08333333333333333,11,11,CCACCGGTGTGTTGTGGTCA,0,3462083
tabA_predicted,0.08333333333333333,11,11,CATTAACCTCAGACCCAATG,0,3464459
tabA_predicted,0.08333333333333333,11,11,CATGTGTGTTGGCTATCCAC,0,3456996
tabA_predicted,0.08333333333333333,11,11,CATGTCCGTCAACAACCGGC,0,3446838
tabA_predicted,0.08333333333333333,11,11,CATCTTCTCTGGGGGGTAAT,0,3446611
tabA_predicted,0.08333333333333333,11,11,CATCACATTTTTGTAAGATC,0,3456136
tabA_predicted,0.08333333333333333,11,11,CATACTCCGTTTGACAGGTC,0,3443210
tabA_predicted,0.08333333333333333,11,11,CAGTTGTAGGCGACGGGTGC,0,3456503
tabA_predicted,0.08333333333333333,11,11,CAGTCTCAGGCGTGCGCAAC,0,3457493
tabA_predicted,0.08333333333333333,11,11,CAGTCCTCGAGTACTTGATG,0,3434705
tabA_predicted,0.08333333333333333,11,11,CAGTAGCGGTTCTCGGGAAC,0,3439700
tabA_predicted,0.08333333333333333,11,11,CAGGTATAAATTAGTGATTA,0,3462849
tabA_predicted,0.08333333333333333,11,11,CAGGAACACCATTGTAGAGA,0,3451703
tabA_predicted,0.08333333333333333,11,11,CAGAAGCAGAAGCCGACGTC,0,3458959
tabA_predicted,0.08333333333333333,11,11,CACTGTGTGGGAATTACCAA,0,3435786
tabA_predicted,0.08333333333333333,11,11,CACTCATAGTCCTGGATGGC,0,3440154
tabA_predicted,0.08333333333333333,11,11,CACATCTCTTGGCTAAATAA,0,3455936
tabA_predicted,0.08333333333333333,11,11,CACAGCTAAAAAGAGGTTCT,0,3463155
tabA_predicted,0.08333333333333333,11,11,CACACTCGCTGTGGGTTACA,0,3437575
tabA_predicted,0.08333333333333333,11,11,CACACCTATGCCCTTATTAA,0,3465355
tabA_predicted,0.08333333333333333,11,11,CAATAGTGTAGTCTGTATTC,0,3447499
tabA_predicted,0.08333333333333333,11,11,CAATAAGTACTCTCAAGCCC,0,3458560
tabA_predicted,0.08333333333333333,11,11,CAAGTTCGCTATTGACGGAG,0,3435364
tabA_predicted,0.08333333333333333,11,11,CAAGGGGAGCTACAGACAGG,0,3448284
tabA_predicted,0.08333333333333333,11,11,CAAGAGGCCCGAGTCAACTC,0,3451941
tabA_predicted,0.08333333333333333,11,11,CAACTCACACGATCTCACGA,0,3466283
tabA_predicted,0.08333333333333333,11,11,CAACCATCATTTTAGGGTCC,0,3446948
tabA_predicted,0.08333333333333333,11,11,CAAAGTGCGGACTCGTTTGA,0,3464876
tabA_predicted,0.08333333333333333,11,11,CAAACCATCGTGGACCAGAA,0,3454664
tabA_predicted,0.08333333333333333,11,11,CAAAATTCACATTATAACGT,0,3455826
tabA_predicted,0.08333333333333333,11,11,CAAAAAGGCTTGGACGAACG,0,3450760
tabA_predicted,0.08333333333333333,11,11,ATTTTGAATCGAACGTTACT,0,3458191
tabA_predicted,0.08333333333333333,11,11,ATTTGGCCCCCGGACAGCGC,0,3443055
tabA_predicted,0.08333333333333333,11,11,ATTTCACCTACATTTGCTTC,0,3451745
tabA_predicted,0.08333333333333333,11,11,ATTGTTCAAGATCTGGCGAT,0,3459608
tabA_predicted,0.08333333333333333,11,11,ATTGGTTTGTTTACTTTGGG,0,3444977
tabA_predicted,0.08333333333333333,11,11,ATTGGGTTGATGTTCGTGCA,0,3440078
tabA_predicted,0.08333333333333333,11,11,ATTGACGCCCTCATACTCGC,0,3435154
tabA_predicted,0.08333333333333333,11,11,ATTCCTTTGCCCTTTCACAT,0,3466230
tabA_predicted,0.08333333333333333,11,11,ATTAAGTCGCTATAGCGTAT,0,3445601
tabA_predicted,0.08333333333333333,11,11,ATGTATCGTTGAAATCTAAT,0,3450625
tabA_predicted,0.08333333333333333,11,11,ATGGGGCGCAACCACTCAGC,0,3438511
tabA_predicted,0.08333333333333333,11,11,ATGGATGACGCAAGTGCTAG,0,3431225
tabA_predicted,0.08333333333333333,11,11,ATGATTCTAAGCGTTATGCG,0,3457184
tabA_predicted,0.08333333333333333,11,11,ATGAGGCGTGGGTTCACAAC,0,3446356
tabA_predicted,0.08333333333333333,11,11,ATGAGATACAGGTACTAACT,0,3435958
tabA_predicted,0.08333333333333333,11,11,ATCTTTGTGCAAACAAAGGC,0,3460762
tabA_predicted,0.08333333333333333,11,11,ATCCACGCCTAGTGACTAAG,0,3447647
tabA_predicted,0.08333333333333333,11,11,ATCACGTGATGGTGCGATAT,0,3435590
tabA_predicted,0.08333333333333333,11,11,ATATTCTGGAGCCTGCACCT,0,3444149
tabA_predicted,0.08333333333333333,11,11,ATATCAGGATACAAGCCAAC,0,3446160
tabA_predicted,0.08333333333333333,11,11,ATAGATGCAATCCTTTTGGC,0,3448516
tabA_predicted,0.08333333333333333,11,11,ATACTTATCGGTACGTAATA,0,3465987
tabA_predicted,0.08333333333333333,11,11,ATACTAAACCTCTTCCACGC,0,3454837
tabA_predicted,0.08333333333333333,11,11,ATACCTCCGGCAGCGTGAGC,0,3455979
tabA_predicted,0.08333333333333333,11,11,ATAAGCAGTGTCGTTCTTGG,0,3435011
tabA_predicted,0.08333333333333333,11,11,AGTTGCTGAAGCATCTCCAC,0,3450629
tabA_predicted,0.08333333333333333,11,11,AGTTGAATTGGGGGGCTTTG,0,3439127
tabA_predicted,0.08333333333333333,11,11,AGTTAGGGCGAATGCCGCTT,0,3450002
tabA_predicted,0.08333333333333333,11,11,AGTGTGATTCACGTCATTCA,0,3435172
tabA_predicted,0.08333333333333333,11,11,AGTGTACCAAAGTAATGTGA,0,3453543
tabA_predicted,0.08333333333333333,11,11,AGTGGCGATAGCCAGGGGTC,0,3435876
tabA_predicted,0.08333333333333333,11,11,AGTCCGTATTCGGGCTTGCG,0,3460630
tabA_predicted,0.08333333333333333,11,11,AGTCCGATGTACTTAAGATG,0,3436887
tabA_predicted,0.08333333333333333,11,11,AGTAGTACGACCTTGGCAAC,0,3445847
tabA_predicted,0.08333333333333333,11,11,AGTACATTAGCGTGATGCGC,0,3450179
tabA_predicted,0.08333333333333333,11,11,AGGTCTGAAGTCAAAATGGA,0,3451377
tabA_predicted,0.08333333333333333,11,11,AGGTCGTTTCCATGTAGGAG,0,3446530
tabA_predicted,0.08333333333333333,11,11,AGGGGATAACTGCGGTGTAT,0,3463966
tabA_predicted,0.08333333333333333,11,11,AGGCTAGGCGCAATCCGCTC,0,3459161
tabA_predicted,0.08333333333333333,11,11,AGGCGTATCAGATCGCTGAC,0,3454336
tabA_predicted,0.08333333333333333,11,11,AGGCCGGCTCCAGTGCCTCA,0,3443248
tabA_predicted,0.08333333333333333,11,11,AGGCATATGTTGAGGCTGGT,0,3465276
tabA_predicted,0.08333333333333333,11,11,AGCTCCGGCTCTAATTGTTC,0,3455245
tabA_predicted,0.08333333333333333,11,11,AGCCTCGATCTAAAGAGGAC,0,3457511
tabA_predicted,0.08333333333333333,11,11,AGCCTATGTATTCGTTACGA,0,3440426
tabA_predicted,0.08333333333333333,11,11,AGCCGAGTTAACACGGGACG,0,3434137
tabA_predicted,0.08333333333333333,11,11,AGCCCGAAACTCGGTGGATT,0,3437952
tabA_predicted,0.08333333333333333,11,11,AGCCAGGCAAGGAGACGCAA,0,3455714
tabA_predicted,0.08333333333333333,11,11,AGCCACTGTCTAGCATAAAG,0,3445352
tabA_predicted,0.08333333333333333,11,11,AGATTTCTTCAAGGATCGTA,0,3459062
tabA_predicted,0.08333333333333333,11,11,AGATTGTGTCTGTGGCCATT,0,3443117
tabA_predicted,0.08333333333333333,11,11,AGAGTTCGAACTCTAATGGA,0,3443837
tabA_predicted,0.08333333333333333,11,11,AGAGGGATCATCCTTTCACA,0,3453001
tabA_predicted,0.08333333333333333,11,11,AGAGCAGGGCCACGTGATTT,0,3464685
tabA_predicted,0.08333333333333333,11,11,AGACTGTGTTTGCTTGGATG,0,3436643
tabA_predicted,0.08333333333333333,11,11,AGACGGATACCTGGTGCCGA,0,3446117
tabA_predicted,0.08333333333333333,11,11,AGAAGCGAAGGTGCTGTTAT,0,3443510
tabA_predicted,0.08333333333333333,11,11,ACTTTTAGTACTCTATTTTA,0,3440901
tabA_predicted,0.08333333333333333,11,11,ACTTGAACCTATATCGTCTA,0,3463905
tabA_predicted,0.08333333333333333,11,11,ACTTATATTTGCTGAGTAAT,0,3441669
tabA_predicted,0.08333333333333333,11,11,ACTTATATGCAGAGATTTTT,0,3454308
tabA_predicted,0.08333333333333333,11,11,ACTAAGCAGGATACTTCCTA,0,3451544
tabA_predicted,0.08333333333333333,11,11,ACGTTCTTATTGGTAGTTGA,0,3448938
tabA_predicted,0.08333333333333333,11,11,ACGGTCGCAATAGTAAAAGG,0,3445686
tabA_predicted,0.08333333333333333,11,11,ACGGGGACAGTCACCAGAGA,0,3448612
tabA_predicted,0.08333333333333333,11,11,ACGGAGATAAGACCTTATAC,0,3452588
tabA_predicted,0.08333333333333333,11,11,ACGCCTTGTTATCATTGACG,0,3448752
tabA_predicted,0.08333333333333333,11,11,ACCTGACTTGCCCCCGTTCA,0,3449630
tabA_predicted,0.08333333333333333,11,11,ACCTGAAGTATGCAACCTTT,0,3446307
tabA_predicted,0.08333333333333333,11,11,ACCGTTTTGAGATCGTGCGG,0,3451602
tabA_predicted,0.08333333333333333,11,11,ACCGCGTCTATGCTTCCTGC,0,3458318
tabA_predicted,0.08333333333333333,11,11,ACCGAGAGTGGAGTCAGCTT,0,3449776
tabA_predicted,0.08333333333333333,11,11,ACCCTGCGTCACATTTATTG,0,3458135
tabA_predicted,0.08333333333333333,11,11,ACCCTGCGAAAGTCTCTGGG,0,3443489
tabA_predicted,0.08333333333333333,11,11,ACATTTAGCTCTAACGTTAG,0,3451468
tabA_predicted,0.08333333333333333,11,11,ACAGCGCAACCGGGGCAGTG,0,3446776
tabA_predicted,0.08333333333333333,11,11,ACACACCGTGCGAGCTTTAC,0,3438787
tabA_predicted,0.08333333333333333,11,11,ACAAGCTTACAACACGCACG,0,3465513
tabA_predicted,0.08333333333333333,11,11,AATGGAGTAATCACCCGTGC,0,3450472
tabA_predicted,0.08333333333333333,11,11,AATGAAGGCCAAGTCACCAG,0,3459033
tabA_predicted,0.08333333333333333,11,11,AATCGGCAAGCGTTAGCGGA,0,3443919
tabA_predicted,0.08333333333333333,11,11,AATATCAATGGATAAAACAT,0,3462938
tabA_predicted,0.08333333333333333,11,11,AATAGGCGTGCAAATTAGGA,0,3463895
tabA_predicted,0.08333333333333333,11,11,AAGTCCGCGATTTGAAACTA,0,3443478
tabA_predicted,0.08333333333333333,11,11,AAGTATTTATAGGTGGAGCA,0,3455082
tabA_predicted,0.08333333333333333,11,11,AAGGGCCTTGTTTAGGCCTT,0,3446980
tabA_predicted,0.08333333333333333,11,11,AAGATAAAGATGCAGCACGC,0,3450928
tabA_predicted,0.08333333333333333,11,11,AACTCATTACAAGTACCGTA,0,3462928
tabA_predicted,0.08333333333333333,11,11,AACGGGGATGGCAATATTAC,0,3458832
tabA_predicted,0.08333333333333333,11,11,AAATGTGAGAATGGCTTACC,0,3445593
tabA_predicted,0.08333333333333333,11,11,AAATAATTACGAATAACCCC,0,3458906
tabA_predicted,0.08333333333333333,11,11,AAATAAACTTCCCCGTCTTT,0,3450194
tabA_predicted,0.08333333333333333,11,11,AAAGTGCAATATATGTAATA,0,3462900
tabA_predicted,0.08333333333333333,11,11,AAAGCTCACCGACTACTTGA,0,3449028
tabA_predicted,0.08333333333333333,11,11,AAAGCCGGCCGCGGGCGTTC,0,3436423
tabA_predicted,0.08333333333333333,11,11,AAACTGGCGGCAGGGACTCG,0,3459804
tabA_predicted,0.08333333333333333,11,11,AAAAATTATTACGATGAGGG,0,3464116
tabA_predicted,0.09090909090909091,10,10,TTTTTTGGTGGGCTAACACT,0,3457166
tabA_predicted,0.09090909090909091,10,10,TTTTGCGAATTCGATCACCA,0,3460955
tabA_predicted,0.09090909090909091,10,10,TTTTCTAAGGGAAATAGCAG,0,3442254
tabA_predicted,0.09090909090909091,10,10,TTTGTGGGTATGATTGTACG,0,3452276
tabA_predicted,0.09090909090909091,10,10,TTTGGGGCCGAGCACGAGCC,0,3440290
tabA_predicted,0.09090909090909091,10,10,TTTGGGCACTGATGTGATAT,0,3445147
tabA_predicted,0.09090909090909091,10,10,TTTCGGACACGAGAGGAGGC,0,3433851
tabA_predicted,0.09090909090909091,10,10,TTTCAAGGCTCGGAGAGGCG,0,3439155
tabA_predicted,0.09090909090909091,10,10,TTTCAACTCTATTCAACGAT,0,3458230
tabA_predicted,0.09090909090909091,10,10,TTTACCTTGAAAGCCCGACG,0,3440525
tabA_predicted,0.09090909090909091,10,10,TTTAACGATGGGTTAAGAAT,0,3450136
tabA_predicted,0.09090909090909091,10,10,TTGTTGTGGCCCGGCGGAAG,0,3445325
tabA_predicted,0.09090909090909091,10,10,TTGTAGTATGGTCACTTCGC,0,3445960
tabA_predicted,0.09090909090909091,10,10,TTGTAGGTATAAAACTTCGA,0,3458737
tabA_predicted,0.09090909090909091,10,10,TTGGATTTGCACATCCAGAT,0,3431269
tabA_predicted,0.09090909090909091,10,10,TTGGAGAGAGTTCACTCCCC,0,3438180
tabA_predicted,0.09090909090909091,10,10,TTGCCCGATCCGTTTTCAGC,0,3440775
tabA_predicted,0.09090909090909091,10,10,TTGCCACTGTTCTCTCGGCA,0,3444359
tabA_predicted,0.09090909090909091,10,10,TTCTCGGGTGCGTTGGACGA,0,3463309
tabA_predicted,0.09090909090909091,10,10,TTCTAAGTCTCAACACGTCG,0,3440123
tabA_predicted,0.09090909090909091,10,10,TTCGTGTACGACTGGGTGCT,0,3448988
tabA_predicted,0.09090909090909091,10,10,TTCGTGTACCGCCGTTGGAA,0,3455970
tabA_predicted,0.09090909090909091,10,10,TTCGATGCTACCGGACGAAT,0,3461162
tabA_predicted,0.09090909090909091,10,10,TTCGAGTTCACTTTCTGATG,0,3437462
tabA_predicted,0.09090909090909091,10,10,TTCACAGGCACCCAAAAGTA,0,3461224
tabA_predicted,0.09090909090909091,10,10,TTCAATCATGCAAGATCTGT,0,3457253
tabA_predicted,0.09090909090909091,10,10,TTATTCTAAAATTAAGAAAT,0,3443555
tabA_predicted,0.09090909090909091,10,10,TTAGGGCGTACCTTTAGGTG,0,3447469
tabA_predicted,0.09090909090909091,10,10,TTACGTGTGGACAATTTGAT,0,3443128
tabA_predicted,0.09090909090909091,10,10,TTAATCGCTCTATGAAGAAG,0,3433346
tabA_predicted,0.09090909090909091,10,10,TGTTTGGGACACAGGTACAT,0,3464464
tabA_predicted,0.09090909090909091,10,10,TGTTCCCACATCAGAATAAG,0,3433078
tabA_predicted,0.09090909090909091,10,10,TGTTCATCTTTTGAACGCCC,0,3435081
tabA_predicted,0.09090909090909091,10,10,TGTCCGTAAATTGACTGCTC,0,3460356
tabA_predicted,0.09090909090909091,10,10,TGTCAGGGGGTAAGTTTGAT,0,3441241
tabA_predicted,0.09090909090909091,10,10,TGTAGGGTACGGACCTGCTC,0,3449208
tabA_predicted,0.09090909090909091,10,10,TGTACTCAAGGACAAGTAAT,0,3437548
tabA_predicted,0.09090909090909091,10,10,TGTAACACAGATTCAATCTG,0,3444032
tabA_predicted,0.09090909090909091,10,10,TGGGAAATCGTGTCCACGTT,0,3461426
tabA_predicted,0.09090909090909091,10,10,TGGATGCACCTGAGTACTAT,0,3459500
tabA_predicted,0.09090909090909091,10,10,TGGAGCTCATGGCGACGTCC,0,3436375
tabA_predicted,0.09090909090909091,10,10,TGCCTTATTGGGAGACCAGA,0,3437627
tabA_predicted,0.09090909090909091,10,10,TGCCGTGGAGTCCGTGTGAG,0,3453237
tabA_predicted,0.09090909090909091,10,10,TGATTCCGATCTGGAGATGG,0,3433242
tabA_predicted,0.09090909090909091,10,10,TGATCCGCCGTGGTCGATGC,0,3461453
tabA_predicted,0.09090909090909091,10,10,TGAGTTATTGAGACAACGAC,0,3435550
tabA_predicted,0.09090909090909091,10,10,TGAGTATACCCATGTAAAGG,0,3452530
tabA_predicted,0.09090909090909091,10,10,TGACGGTCGCTTTATCCCAT,0,3444213
tabA_predicted,0.09090909090909091,10,10,TCTCGTCCTATGATCGGAGA,0,3465767
tabA_predicted,0.09090909090909091,10,10,TCTCGGCGACTAACAGCTTC,0,3448366
tabA_predicted,0.09090909090909091,10,10,TCTATGGGGGGGAAGCGCTT,0,3445424
tabA_predicted,0.09090909090909091,10,10,TCTATGATCTCTGCATATCA,0,3465695
tabA_predicted,0.09090909090909091,10,10,TCTATCCTGTGCTTATACTT,0,3450318
tabA_predicted,0.09090909090909091,10,10,TCTATAACCGTTCGAGCACC,0,3464815
tabA_predicted,0.09090909090909091,10,10,TCTAGACGGCCCTACCTTCT,0,3432947
tabA_predicted,0.09090909090909091,10,10,TCGTGCGCTATCTCGGGGAT,0,3447377
tabA_predicted,0.09090909090909091,10,10,TCGTGATCGCACTAAACTCC,0,3451192
tabA_predicted,0.09090909090909091,10,10,TCGTCGAAACTGCTCTGATA,0,3450249
tabA_predicted,0.09090909090909091,10,10,TCGGCGCGAGCCGGAGAAGC,0,3460734
tabA_predicted,0.09090909090909091,10,10,TCCTCACGCTTCGCCATTTA,0,3462736
tabA_predicted,0.09090909090909091,10,10,TCCGGTATCGGGCATAAGTT,0,3445512
tabA_predicted,0.09090909090909091,10,10,TCCGGAGGGAAGTGCATTGT,0,3457258
tabA_predicted,0.09090909090909091,10,10,TCCGCGAGAACTTATCCTTT,0,3448710
tabA_predicted,0.09090909090909091,10,10,TCCCGAATCTCTAAAACGAT,0,3435844
tabA_predicted,0.09090909090909091,10,10,TCCCAATCTACCGTCGGCAA,0,3462510
tabA_predicted,0.09090909090909091,10,10,TCCAAAAGAAAAACACGCGA,0,3447952
tabA_predicted,0.09090909090909091,10,10,TCATCCTGCGTGTGACAACT,0,3437261
tabA_predicted,0.09090909090909091,10,10,TCATCACGACTGCAACGAAG,0,3462833
tabA_predicted,0.09090909090909091,10,10,TCATATGCAGTTCCCGAGGA,0,3434707
tabA_predicted,0.09090909090909091,10,10,TCATAGGAACGTGCGGCATA,0,3449914
tabA_predicted,0.09090909090909091,10,10,TCAGGCGACCAAGCTCGCAG,0,3463702
tabA_predicted,0.09090909090909091,10,10,TCACGATACAAAGAGCGCCA,0,3435263
tabA_predicted,0.09090909090909091,10,10,TCAATCTGCGAATCAAGCCT,0,3450049
tabA_predicted,0.09090909090909091,10,10,TCAAACAGTTGTTCTATGTT,0,3433768
tabA_predicted,0.09090909090909091,10,10,TATTGACCGGGGTTACTCGG,0,3463786
tabA_predicted,0.09090909090909091,10,10,TATCCGATATCATGAGTGAC,0,3450274
tabA_predicted,0.09090909090909091,10,10,TATATGTGTATTTTAGTTAG,0,3455977
tabA_predicted,0.09090909090909091,10,10,TAGTCCAGAGCCTATTGTAG,0,3453752
tabA_predicted,0.09090909090909091,10,10,TAGGATATACGATGGATTGG,0,3438583
tabA_predicted,0.09090909090909091,10,10,TAGCTCCCTGTTCCTCGTGT,0,3444447
tabA_predicted,0.09090909090909091,10,10,TAGCGCTTGACACGGTTGTT,0,3441506
tabA_predicted,0.09090909090909091,10,10,TACTTGTCTCAAACCTGAGC,0,3440131
tabA_predicted,0.09090909090909091,10,10,TACTTAGCGATAAAAGCGTA,0,3454485
tabA_predicted,0.09090909090909091,10,10,TACTCCCAAAATTCATTAAC,0,3454409
tabA_predicted,0.09090909090909091,10,10,TACGCGCAATAGAACTAACC,0,3435409
tabA_predicted,0.09090909090909091,10,10,TACGATCTTTAACATATTGC,0,3457698
tabA_predicted,0.09090909090909091,10,10,TACACCCCACCGCATATCAC,0,3449544
tabA_predicted,0.09090909090909091,10,10,TAATGTAAGGGAAAAATTCG,0,3458012
tabA_predicted,0.09090909090909091,10,10,TAAGGCGGATATCGCAGCTT,0,3448898
tabA_predicted,0.09090909090909091,10,10,TAAGATTCGCTTAGTGATGG,0,3435600
tabA_predicted,0.09090909090909091,10,10,TAACTAAAGAGAAAGAATCA,0,3441611
tabA_predicted,0.09090909090909091,10,10,TAAAGAGGAAACTTCACTCC,0,3438181
tabA_predicted,0.09090909090909091,10,10,TAAACTGGGCGCGCATAGGC,0,3451648
tabA_predicted,0.09090909090909091,10,10,TAAAACATACTTTTCAACAT,0,3465022
tabA_predicted,0.09090909090909091,10,10,GTTTTCGATCCTAGCCAGTA,0,3441387
tabA_predicted,0.09090909090909091,10,10,GTTTTCACAGTCTTCGGACG,0,3458930
tabA_predicted,0.09090909090909091,10,10,GTTTCATGTGGGAGCGTAGT,0,3451222
tabA_predicted,0.09090909090909091,10,10,GTTTAGTCATGCCTCAGACG,0,3442393
tabA_predicted,0.09090909090909091,10,10,GTTGAAATCGCTGTAGTGTC,0,3448323
tabA_predicted,0.09090909090909091,10,10,GTGTATCCCTAGGTCGGTCA,0,3459834
tabA_predicted,0.09090909090909091,10,10,GTGGAGGCCCTGGAGTGCAG,0,3449999
tabA_predicted,0.09090909090909091,10,10,GTGCGGCCGCGGGCTATGGA,0,3440659
tabA_predicted,0.09090909090909091,10,10,GTGACGTCGAAACCTCCTGC,0,3457751
tabA_predicted,0.09090909090909091,10,10,GTCTGTCAGTACATTATTAT,0,3435628
tabA_predicted,0.09090909090909091,10,10,GTCTGGGCTTTTACTGCTTC,0,3443642
tabA_predicted,0.09090909090909091,10,10,GTCTGGAGCGCACAACTTCA,0,3457201
tabA_predicted,0.09090909090909091,10,10,GTCCCTTCGCTCCTCCCAGA,0,3461532
tabA_predicted,0.09090909090909091,10,10,GTCCCTACCGCCACATTACT,0,3456471
tabA_predicted,0.09090909090909091,10,10,GTCATTTTGATGGCGCGGAC,0,3448588
tabA_predicted,0.09090909090909091,10,10,GTCAGAGTTATCGTGCAGGG,0,3435236
tabA_predicted,0.09090909090909091,10,10,GTCACGTACGCCGAGCGCCA,0,3462625
tabA_predicted,0.09090909090909091,10,10,GTCAAGTCTCTGACCCCGAT,0,3465789
tabA_predicted,0.09090909090909091,10,10,GTATTTGGTATAGATGGTCC,0,3458068
tabA_predicted,0.09090909090909091,10,10,GTAGACCTATGAATTATGGT,0,3432431
tabA_predicted,0.09090909090909091,10,10,GTACTTCGGGATGGAAACTC,0,3445224
tabA_predicted,0.09090909090909091,10,10,GTAATATCTGTCAAGGAAAC,0,3433168
tabA_predicted,0.09090909090909091,10,10,GTAATAGAATTTGCCCTGGT,0,3447547
tabA_predicted,0.09090909090909091,10,10,GGTTCCCCGGTGCCTCCGCT,0,3438533
tabA_predicted,0.09090909090909091,10,10,GGTTAAGGACCCAGCTATCT,0,3455381
tabA_predicted,0.09090909090909091,10,10,GGTGTGCAGTTTCCGCCCTT,0,3446594
tabA_predicted,0.09090909090909091,10,10,GGTCTATAGTGTGTCCTGAC,0,3446085
tabA_predicted,0.09090909090909091,10,10,GGTCGGCGGAACACTACGCA,0,3453703
tabA_predicted,0.09090909090909091,10,10,GGGTTGTGGGCGTGCAAAGG,0,3454222
tabA_predicted,0.09090909090909091,10,10,GGGTGCATTACTTGGGATCA,0,3456607
tabA_predicted,0.09090909090909091,10,10,GGGTGACGCTCGTCAGTTCT,0,3446005
tabA_predicted,0.09090909090909091,10,10,GGGGTAGATTGGGTGCGTAG,0,3459225
tabA_predicted,0.09090909090909091,10,10,GGGGGATGATAATTCGATGC,0,3443939
tabA_predicted,0.09090909090909091,10,10,GGGGACACCTAACGTTCCTA,0,3456944
tabA_predicted,0.09090909090909091,10,10,GGGCTGGGGGGTCCCATTTG,0,3442608
tabA_predicted,0.09090909090909091,10,10,GGGCCGTGGTCGGGAATAAA,0,3436690
tabA_predicted,0.09090909090909091,10,10,GGGCAGTTGTCATACACTCT,0,3459075
tabA_predicted,0.09090909090909091,10,10,GGGCACATCGATAGAATCTC,0,3453572
tabA_predicted,0.09090909090909091,10,10,GGGAGACCCTATAGGAATTA,0,3440746
tabA_predicted,0.09090909090909091,10,10,GGGACGAGGATGGCTTGTAT,0,3463003
tabA_predicted,0.09090909090909091,10,10,GGCTTGGCAGCATGATGAAT,0,3464583
tabA_predicted,0.09090909090909091,10,10,GGCTTAGTAGACCAAATCCT,0,3440046
tabA_predicted,0.09090909090909091,10,10,GGCCAATGTATTAGCATAGC,0,3452997
tabA_predicted,0.09090909090909091,10,10,GGCAACTTCTGAAGAGGAGC,0,3464128
tabA_predicted,0.09090909090909091,10,10,GGATGATGGTGACAGAAAAG,0,3447376
tabA_predicted,0.09090909090909091,10,10,GGAGGATCAGTATCCCTCGA,0,3442561
tabA_predicted,0.09090909090909091,10,10,GGACTTTCCTGTCCCACACC,0,3456395
tabA_predicted,0.09090909090909091,10,10,GGACTAGGAGATGCGCAGAC,0,3456460
tabA_predicted,0.09090909090909091,10,10,GGACCGGCGCATACATGGAG,0,3445331
tabA_predicted,0.09090909090909091,10,10,GGAATCACGTCCGTGTTCAG,0,3464565
tabA_predicted,0.09090909090909091,10,10,GCTGAGCCCGCCTGGGATCC,0,3438894
tabA_predicted,0.09090909090909091,10,10,GCTCATATCGATAAATCGGG,0,3448229
tabA_predicted,0.09090909090909091,10,10,GCTACGGAAAAGGTCTTTTT,0,3455733
tabA_predicted,0.09090909090909091,10,10,GCGGGAAAGTCCACAGTGTA,0,3457081
tabA_predicted,0.09090909090909091,10,10,GCGGAATCTAAGCTGGCGCG,0,3432418
tabA_predicted,0.09090909090909091,10,10,GCGCGCAGCCCGTGCGGATA,0,3443511
tabA_predicted,0.09090909090909091,10,10,GCGCCGGTCGAACGAGTCGT,0,3435026
tabA_predicted,0.09090909090909091,10,10,GCGCAGTATTGGGTGTTTAT,0,3439472
tabA_predicted,0.09090909090909091,10,10,GCGCAGGCCCAGGTATTCAA,0,3431522
tabA_predicted,0.09090909090909091,10,10,GCGCACTGGTCTGAAGTTCA,0,3460794
tabA_predicted,0.09090909090909091,10,10,GCGAAATGTCTAACTATCAC,0,3451905
tabA_predicted,0.09090909090909091,10,10,GCCTGAGTATGGCCGAAAAA,0,3459856
tabA_predicted,0.09090909090909091,10,10,GCCGTGTTGGTGTCACGAGG,0,3446311
tabA_predicted,0.09090909090909091,10,10,GCCGCATATTGTGATCGCTG,0,3458738
tabA_predicted,0.09090909090909091,10,10,GCCGAATCACCGTTCACAAA,0,3432759
tabA_predicted,0.09090909090909091,10,10,GCCCTAAACTGCGGATGAAA,0,3458145
tabA_predicted,0.09090909090909091,10,10,GCCACTAAATGGTATGGTGT,0,3458312
tabA_predicted,0.09090909090909091,10,10,GCATTGCGCGGCGCTACGCA,0,3442346
tabA_predicted,0.09090909090909091,10,10,GCATGTGTGTATAACAACAA,0,3446360
tabA_predicted,0.09090909090909091,10,10,GCATCTGTTACTGATCCGGC,0,3443856
tabA_predicted,0.09090909090909091,10,10,GCAGTGATGCAGGGCAGTAA,0,3447461
tabA_predicted,0.09090909090909091,10,10,GCAGTACTGCTTTCCCACCC,0,3450690
tabA_predicted,0.09090909090909091,10,10,GCAGTACTCAAGTTAGATCA,0,3441641
tabA_predicted,0.09090909090909091,10,10,GCACTTGTACCGAATACAGT,0,3438632
tabA_predicted,0.09090909090909091,10,10,GCACAACCTATTTCGAATGA,0,3442843
tabA_predicted,0.09090909090909091,10,10,GCAAGACTACTATCACCAAT,0,3458797
tabA_predicted,0.09090909090909091,10,10,GCAACGTTAGTTATACTGGT,0,3458696
tabA_predicted,0.09090909090909091,10,10,GCAACGGTATAACGAACTTC,0,3455811
tabA_predicted,0.09090909090909091,10,10,GCAAAGCCTTCTCGAATATT,0,3448699
tabA_predicted,0.09090909090909091,10,10,GATTTGTACCATCTTAACAT,0,3455448
tabA_predicted,0.09090909090909091,10,10,GATTCCAGGCGAGGTTCCGG,0,3464948
tabA_predicted,0.09090909090909091,10,10,GATGCGCATACTGTACCTCC,0,3432825
tabA_predicted,0.09090909090909091,10,10,GATCGCATTATCAACGGCGA,0,3461199
tabA_predicted,0.09090909090909091,10,10,GATCCTCAGCTAGGGTGAGT,0,3433474
tabA_predicted,0.09090909090909091,10,10,GATCCTCACCGATCTTCGTG,0,3452589
tabA_predicted,0.09090909090909091,10,10,GATCAAGCGGTATAACTTCG,0,3457587
tabA_predicted,0.09090909090909091,10,10,GATAGTATTTCTGGTCTTCT,0,3454947
tabA_predicted,0.09090909090909091,10,10,GAGTGAGTACCGCATGCCTA,0,3432852
tabA_predicted,0.09090909090909091,10,10,GAGTCTGAAGGAAGGCGGCG,0,3463768
tabA_predicted,0.09090909090909091,10,10,GAGTAGCCGGTTGATCCGTC,0,3438109
tabA_predicted,0.09090909090909091,10,10,GAGTAGAGTTCCGCAAATAT,0,3434428
tabA_predicted,0.09090909090909091,10,10,GAGGGTTCTGTGGGAACGAG,0,3454834
tabA_predicted,0.09090909090909091,10,10,GAGGCAAGTTGATAACAATT,0,3460026
tabA_predicted,0.09090909090909091,10,10,GAGATATTAAGTTACGGGTC,0,3454633
tabA_predicted,0.09090909090909091,10,10,GAGACAAATCCACGGGGTTG,0,3431785
tabA_predicted,0.09090909090909091,10,10,GAGAACGTTACTAGCATCCA,0,3455558
tabA_predicted,0.09090909090909091,10,10,GACGTACCCCTTCCAAGATC,0,3440032
tabA_predicted,0.09090909090909091,10,10,GACGGGACCCATGCGTTCAG,0,3436596
tabA_predicted,0.09090909090909091,10,10,GACGGAGAAGCGCCACGTAT,0,3453095
tabA_predicted,0.09090909090909091,10,10,GAATTCCAGTGCAGTGCCGG,0,3446610
tabA_predicted,0.09090909090909091,10,10,GAATGACAATTTAACTCCCA,0,3443599
tabA_predicted,0.09090909090909091,10,10,GAATATTGACTGTTGCAGAT,0,3451212
tabA_predicted,0.09090909090909091,10,10,GAAGAGCCGATTCTTTCAAC,0,3447244
tabA_predicted,0.09090909090909091,10,10,GAACGCGTGTCTTGGCATGG,0,3446555
tabA_predicted,0.09090909090909091,10,10,GAACATCGCACTAGGTACAA,0,3434069
tabA_predicted,0.09090909090909091,10,10,GAAAGGCGTTGTTGTGCGAA,0,3441024
tabA_predicted,0.09090909090909091,10,10,GAAAGGAGCAAGGAGTCCAA,0,3435147
tabA_predicted,0.09090909090909091,10,10,GAAAACCTAAATGAATCTCA,0,3435990
tabA_predicted,0.09090909090909091,10,10,CTTTTAGCTTTCTTCGCGAT,0,3460365
tabA_predicted,0.09090909090909091,10,10,CTTGTGTTTGTTCTGTTATA,0,3461722
tabA_predicted,0.09090909090909091,10,10,CTTGTGGTCTAGCGCCGAGA,0,3457648
tabA_predicted,0.09090909090909091,10,10,CTTGGTGGTTCTTAAGAGTC,0,3444612
tabA_predicted,0.09090909090909091,10,10,CTTGGTCGTACAGAGATGCG,0,3431324
tabA_predicted,0.09090909090909091,10,10,CTTGGGACCTGCCATTTCCG,0,3450968
tabA_predicted,0.09090909090909091,10,10,CTTCTGCGACCATGCTAACA,0,3453705
tabA_predicted,0.09090909090909091,10,10,CTTCGCCCTGCCGTAGTAAC,0,3432857
tabA_predicted,0.09090909090909091,10,10,CTTCAGTGGGTTGATTAAAT,0,3465814
tabA_predicted,0.09090909090909091,10,10,CTTCAGCATGTCCGAGCATA,0,3434535
tabA_predicted,0.09090909090909091,10,10,CTTATCCCGCTCCTGGGACC,0,3458980
tabA_predicted,0.09090909090909091,10,10,CTTAGAAAATTAACAACACA,0,3444402
tabA_predicted,0.09090909090909091,10,10,CTTAAGCGGTGTTGCCATGG,0,3444467
tabA_predicted,0.09090909090909091,10,10,CTGTTGGTTTCGAGCCTGTT,0,3445516
tabA_predicted,0.09090909090909091,10,10,CTGTTGCATAACGACAGCAA,0,3459689
tabA_predicted,0.09090909090909091,10,10,CTGTTATAATGATCTATAGC,0,3462243
tabA_predicted,0.09090909090909091,10,10,CTGTATCCCGATAGGCACGG,0,3442238
tabA_predicted,0.09090909090909091,10,10,CTGGAAGGTGCTGAATACAC,0,3436076
tabA_predicted,0.09090909090909091,10,10,CTGCGCAACGTAGAAGCATT,0,3448107
tabA_predicted,0.09090909090909091,10,10,CTGAGCCAGACCATCATCAT,0,3447133
tabA_predicted,0.09090909090909091,10,10,CTGAAGCCCGCTGTAAAATA,0,3463902
tabA_predicted,0.09090909090909091,10,10,CTCTGAGGTCTTTCACTCGG,0,3457167
tabA_predicted,0.09090909090909091,10,10,CTCTCACAGACTTTGGATAA,0,3431689
tabA_predicted,0.09090909090909091,10,10,CTCAAGGGTAGCTTTGCGGC,0,3445886
tabA_predicted,0.09090909090909091,10,10,CTCAAATCCATAGGGTGCCT,0,3443246
tabA_predicted,0.09090909090909091,10,10,CTATGCAAGACAATCGGCAA,0,3444310
tabA_predicted,0.09090909090909091,10,10,CTAGATAATTGAGGCCCCAG,0,3442728
tabA_predicted,0.09090909090909091,10,10,CTAAGGGGCCATGGGCCTGC,0,3465119
tabA_predicted,0.09090909090909091,10,10,CTAAGATAGATGTTATTTTG,0,3462989
tabA_predicted,0.09090909090909091,10,10,CGTTTTCAAATTCGTGTTTT,0,3447247
tabA_predicted,0.09090909090909091,10,10,CGTTCTTCGCTTTGAATTCG,0,3447048
tabA_predicted,0.09090909090909091,10,10,CGTTAGGAGCCATGACCTCC,0,3456820
tabA_predicted,0.09090909090909091,10,10,CGTTACGTAGCGCAACTTCG,0,3439904
tabA_predicted,0.09090909090909091,10,10,CGTGCGACATCACGCGATAT,0,3442077
tabA_predicted,0.09090909090909091,10,10,CGTCATCGTAAGTCGAGGGT,0,3453493
tabA_predicted,0.09090909090909091,10,10,CGGTTGATCCGACCCGTACA,0,3452702
tabA_predicted,0.09090909090909091,10,10,CGGTTCCACGTGGAACCTGA,0,3435213
tabA_predicted,0.09090909090909091,10,10,CGGTGTGGTTGAACCATAAT,0,3454280
tabA_predicted,0.09090909090909091,10,10,CGGTGATCAGTGCATGACTT,0,3457650
tabA_predicted,0.09090909090909091,10,10,CGGGTGCAAAGTCTGTACGC,0,3453236
tabA_predicted,0.09090909090909091,10,10,CGGGTCTAAAAGTTTGTCAT,0,3465024
tabA_predicted,0.09090909090909091,10,10,CGGGTAAATCGGCAGTTAAA,0,3447637
tabA_predicted,0.09090909090909091,10,10,CGGACTTTCGCCTAACCTAC,0,3449045
tabA_predicted,0.09090909090909091,10,10,CGGAACGATGGTTCAGTGGA,0,3459893
tabA_predicted,0.09090909090909091,10,10,CGGAAAGAGGTGGGTAACGT,0,3459477
tabA_predicted,0.09090909090909091,10,10,CGCGATCCCAACGCACCCTT,0,3443061
tabA_predicted,0.09090909090909091,10,10,CGCCTGGACTCCATAACTAT,0,3438220
tabA_predicted,0.09090909090909091,10,10,CGCCTCCCGCTGGTTAATTC,0,3434814
tabA_predicted,0.09090909090909091,10,10,CGCATAACACGAATGGATCT,0,3434817
tabA_predicted,0.09090909090909091,10,10,CGCAGAACGGCGCCGTGTTT,0,3446186
tabA_predicted,0.09090909090909091,10,10,CGATGTTTACCTGCACGCCC,0,3438818
tabA_predicted,0.09090909090909091,10,10,CGAGTTTGAAGGCCGCTCAA,0,3447511
tabA_predicted,0.09090909090909091,10,10,CGAGTTATTCTTACCAAGAA,0,3448982
tabA_predicted,0.09090909090909091,10,10,CGAGCCGTGCTTCGGATACA,0,3436998
tabA_predicted,0.09090909090909091,10,10,CGACGGCTAAAAAAATACAA,0,3433968
tabA_predicted,0.09090909090909091,10,10,CGACGGCCATCTATATGCGA,0,3431699
tabA_predicted,0.09090909090909091,10,10,CGACAGCAGTGGCCTCCTGC,0,3464934
tabA_predicted,0.09090909090909091,10,10,CGAAGGAGGACTCCAGACGC,0,3434935
tabA_predicted,0.09090909090909091,10,10,CGAACATCTTACTGCGAAGA,0,3458573
tabA_predicted,0.09090909090909091,10,10,CCTGGAGCGCGTAGGTTCTT,0,3443384
tabA_predicted,0.09090909090909091,10,10,CCTGCCTGAAAACAAAACCT,0,3441185
tabA_predicted,0.09090909090909091,10,10,CCTCCGTGGATGCTCAGACG,0,3432950
tabA_predicted,0.09090909090909091,10,10,CCTACGTGGCCCTGTCACTT,0,3449093
tabA_predicted,0.09090909090909091,10,10,CCGGGCGCAAGAGCAACGGG,0,3458227
tabA_predicted,0.09090909090909091,10,10,CCGGGCAAGCGCGCTAGAAG,0,3444020
tabA_predicted,0.09090909090909091,10,10,CCGGCTCGCAACAGGGAGTG,0,3447875
tabA_predicted,0.09090909090909091,10,10,CCGCCCCGCTGGACCTGCCT,0,3452385
tabA_predicted,0.09090909090909091,10,10,CCCTGATTTAGTCCCTCTCG,0,3454892
tabA_predicted,0.09090909090909091,10,10,CCCTGAAGGTGTATCGATTC,0,3445407
tabA_predicted,0.09090909090909091,10,10,CCCTCTCACGACTACTTCGA,0,3442224
tabA_predicted,0.09090909090909091,10,10,CCCTACGTAGGTGTCGGCTG,0,3445459
tabA_predicted,0.09090909090909091,10,10,CCCACCGTCACAGAAGCAAC,0,3446852
tabA_predicted,0.09090909090909091,10,10,CCAGAAGGAGTCTAGATTTT,0,3436773
tabA_predicted,0.09090909090909091,10,10,CCACATCACGTTCTCTCCAC,0,3456506
tabA_predicted,0.09090909090909091,10,10,CCACATAGGGGTGACAACGA,0,3463128
tabA_predicted,0.09090909090909091,10,10,CATTAAAGCCATAATGTGAA,0,3435914
tabA_predicted,0.09090909090909091,10,10,CATGTAGACTTTGCCCCTTC,0,3432930
tabA_predicted,0.09090909090909091,10,10,CATGAGGGGAGACAAGTTCA,0,3435438
tabA_predicted,0.09090909090909091,10,10,CATCTTTCAGGATCAAAAGA,0,3455720
tabA_predicted,0.09090909090909091,10,10,CATAAGGCTATCATTGCATC,0,3461205
tabA_predicted,0.09090909090909091,10,10,CAGTTTAGATACCCTGGTTA,0,3443686
tabA_predicted,0.09090909090909091,10,10,CAGTATAGCCCAAGCTCGTG,0,3453075
tabA_predicted,0.09090909090909091,10,10,CAGTAGCTCTTCAAATTCCC,0,3466253
tabA_predicted,0.09090909090909091,10,10,CAGGTTTTATATTATAGTTA,0,3460537
tabA_predicted,0.09090909090909091,10,10,CAGGGTCTGCCTGAACCTGC,0,3433757
tabA_predicted,0.09090909090909091,10,10,CAGGGCAAACCGTCCCTCGT,0,3464601
tabA_predicted,0.09090909090909091,10,10,CAGGGATCTCCGTAACTGCA,0,3457399
tabA_predicted,0.09090909090909091,10,10,CAGGAATACTCCACGTTCCA,0,3457153
tabA_predicted,0.09090909090909091,10,10,CAGAGCGCCGGGACTTTTTG,0,3461746
tabA_predicted,0.09090909090909091,10,10,CACTTTCCTTAGGGAGGATC,0,3442400
tabA_predicted,0.09090909090909091,10,10,CACGGGCGCTTTATGTGAAA,0,3448735
tabA_predicted,0.09090909090909091,10,10,CACGCGTTTCAGCCTATTAC,0,3460520
tabA_predicted,0.09090909090909091,10,10,CACCTAGCGTTGGGGTGTGT,0,3459527
tabA_predicted,0.09090909090909091,10,10,CACCACCAAACTGGACTTCG,0,3462679
tabA_predicted,0.09090909090909091,10,10,CACATGAGACTCGTGCAAGC,0,3452001
tabA_predicted,0.09090909090909091,10,10,CAATGTTGGGTCTAATAGTC,0,3454388
tabA_predicted,0.09090909090909091,10,10,CAAGGTTTAGAATTTCACTG,0,3456093
tabA_predicted,0.09090909090909091,10,10,CAAGGCATTAATTCCGACAC,0,3434738
tabA_predicted,0.09090909090909091,10,10,CAAAAAACCAGTGCTAGTGG,0,3459467
tabA_predicted,0.09090909090909091,10,10,ATTTTAGCCGGCGAACTTAG,0,3445785
tabA_predicted,0.09090909090909091,10,10,ATTTATGGGTAGTCGTTTCA,0,3432333
tabA_predicted,0.09090909090909091,10,10,ATTTAGTCGCTGTTTTCAGA,0,3434891
tabA_predicted,0.09090909090909091,10,10,ATTGAGAAATAAGTGCATTC,0,3440244
tabA_predicted,0.09090909090909091,10,10,ATTCTACTTCGGCCCGGCGC,0,3443865
tabA_predicted,0.09090909090909091,10,10,ATTCGTCCAAATACGATCAT,0,3444407
tabA_predicted,0.09090909090909091,10,10,ATTCGGCAAAGACGAGATAC,0,3431596
tabA_predicted,0.09090909090909091,10,10,ATTCGCCGGGGGTACCTCGT,0,3449840
tabA_predicted,0.09090909090909091,10,10,ATTCGACAGTACCCGGATTT,0,3443826
tabA_predicted,0.09090909090909091,10,10,ATGTGGTGTTTGGATGAGAC,0,3432065
tabA_predicted,0.09090909090909091,10,10,ATGGGGTGATACATTGGTAT,0,3451810
tabA_predicted,0.09090909090909091,10,10,ATGGAGACATTAGTACTTAA,0,3458554
tabA_predicted,0.09090909090909091,10,10,ATGACTGTACCTGATCTCCC,0,3448501
tabA_predicted,0.09090909090909091,10,10,ATGACCATCTCAGGCTGAAC,0,3437998
tabA_predicted,0.09090909090909091,10,10,ATCTTTTTTTGTCGTTTTCC,0,3437643
tabA_predicted,0.09090909090909091,10,10,ATCTGACGTTGATATAAGCA,0,3464223
tabA_predicted,0.09090909090909091,10,10,ATCCACAGCAGGTGGGGATG,0,3448695
tabA_predicted,0.09090909090909091,10,10,ATCATCTCGGTGGGGAAGTT,0,3456668
tabA_predicted,0.09090909090909091,10,10,ATCAACCGAAACCCTATCAT,0,3463316
tabA_predicted,0.09090909090909091,10,10,ATATGTACCTCAGCCTGCAG,0,3431446
tabA_predicted,0.09090909090909091,10,10,ATAGGGCGACGCTAAGTGAA,0,3432227
tabA_predicted,0.09090909090909091,10,10,ATAGACTGTGGGCACCGTAT,0,3442213
tabA_predicted,0.09090909090909091,10,10,ATACTGCCCCTAAACACTGC,0,3433086
tabA_predicted,0.09090909090909091,10,10,ATACACATCATTCACGCAGT,0,3457018
tabA_predicted,0.09090909090909091,10,10,ATAAGAGTCAATTCCGACAC,0,3464436
tabA_predicted,0.09090909090909091,10,10,ATAACGGATGTCACGCCCTC,0,3458548
tabA_predicted,0.09090909090909091,10,10,ATAACAAACAAAGAATTGAA,0,3454083
tabA_predicted,0.09090909090909091,10,10,ATAAATCATCCATGAACTCG,0,3438517
tabA_predicted,0.09090909090909091,10,10,AGTGCGTAACGCCTCCGCTA,0,3451821
tabA_predicted,0.09090909090909091,10,10,AGTCGTTGGAGGTGGGAAGT,0,3446339
tabA_predicted,0.09090909090909091,10,10,AGTCACCAGTCTGCGCAATA,0,3438150
tabA_predicted,0.09090909090909091,10,10,AGTATCTGCTGGCTGTAGCT,0,3443664
tabA_predicted,0.09090909090909091,10,10,AGTAGGGTCAGGATGGCCTC,0,3456137
tabA_predicted,0.09090909090909091,10,10,AGGTAGGTGGTGTAACATTA,0,3447584
tabA_predicted,0.09090909090909091,10,10,AGGGGCAACGTCATAGGTTC,0,3466162
tabA_predicted,0.09090909090909091,10,10,AGGGGAGGGTGCAGAGTAAT,0,3455855
tabA_predicted,0.09090909090909091,10,10,AGCTCCGCGCGATTAGTTGG,0,3436075
tabA_predicted,0.09090909090909091,10,10,AGCGTTAGGAGGCTCAGGCT,0,3450830
tabA_predicted,0.09090909090909091,10,10,AGCGTATCTTGAGCAAACAT,0,3437233
tabA_predicted,0.09090909090909091,10,10,AGCGGGAAAAACGTGGTCCA,0,3444058
tabA_predicted,0.09090909090909091,10,10,AGCGCTATGTGCTCGCCCGG,0,3462666
tabA_predicted,0.09090909090909091,10,10,AGCGATCATAGAGGATTTAG,0,3432949
tabA_predicted,0.09090909090909091,10,10,AGCAACCATGACACCTCATT,0,3438946
tabA_predicted,0.09090909090909091,10,10,AGATGCGTTGCATAAGTAAA,0,3440051
tabA_predicted,0.09090909090909091,10,10,AGATGAAAGCCAGCGGACCG,0,3431305
tabA_predicted,0.09090909090909091,10,10,AGAGTGGGTTAGCGGGGGCA,0,3435319
tabA_predicted,0.09090909090909091,10,10,AGAGTGAGCGGCTCAAGGCC,0,3435746
tabA_predicted,0.09090909090909091,10,10,AGAGTCCCATTGGGACAACA,0,3446724
tabA_predicted,0.09090909090909091,10,10,AGACTTAAACCGCTTGACCG,0,3458787
tabA_predicted,0.09090909090909091,10,10,AGAATTGTCACCCCCCTCAT,0,3466031
tabA_predicted,0.09090909090909091,10,10,AGAAACAGATATTTTCTAAT,0,3445266
tabA_predicted,0.09090909090909091,10,10,AGAAAACGGCCGAATTCTTC,0,3432141
tabA_predicted,0.09090909090909091,10,10,ACTTGTCCCTTCGACTTGCT,0,3457681
tabA_predicted,0.09090909090909091,10,10,ACTTGTAAGTACGGACCTTT,0,3465781
tabA_predicted,0.09090909090909091,10,10,ACTGGCAACTATTGCCACAA,0,3448035
tabA_predicted,0.09090909090909091,10,10,ACTGATGCTCGCATATATGT,0,3464294
tabA_predicted,0.09090909090909091,10,10,ACTCGTACCACACAGTTTGC,0,3456002
tabA_predicted,0.09090909090909091,10,10,ACTATCTCTAGCTAAGCTTG,0,3456423
tabA_predicted,0.09090909090909091,10,10,ACTAAAAGCTTCAATCGTGA,0,3436587
tabA_predicted,0.09090909090909091,10,10,ACGTATACAATCTCCCCCAC,0,3441342
tabA_predicted,0.09090909090909091,10,10,ACGGTTTACCTAGAGTGCTC,0,3452182
tabA_predicted,0.09090909090909091,10,10,ACGCTTTAGACAATTGTACT,0,3432957
tabA_predicted,0.09090909090909091,10,10,ACGCGAATGCTGTATAAGAT,0,3436138
tabA_predicted,0.09090909090909091,10,10,ACGATAGGAACAGCTCAAGC,0,3442962
tabA_predicted,0.09090909090909091,10,10,ACGAGTAAGGCGACTCTAGG,0,3440453
tabA_predicted,0.09090909090909091,10,10,ACGAAGTCAGCCTAGCGTCT,0,3461336
tabA_predicted,0.09090909090909091,10,10,ACCTCCCGTGCATTAACATT,0,3460137
tabA_predicted,0.09090909090909091,10,10,ACCTACCCTACCGTGCAAAG,0,3452779
tabA_predicted,0.09090909090909091,10,10,ACCGCGGCTGTGAACTGCTG,0,3459731
tabA_predicted,0.09090909090909091,10,10,ACCCTCAGCTATAGTTTATG,0,3460409
tabA_predicted,0.09090909090909091,10,10,ACCCTATTCGGCTCAGGTTC,0,3431283
tabA_predicted,0.09090909090909091,10,10,ACCCCGAATGATATGCAACC,0,3434664
tabA_predicted,0.09090909090909091,10,10,ACCCATAACTGGGTTTGGGT,0,3456151
tabA_predicted,0.09090909090909091,10,10,ACCATTGCGCGGAAAAAAAC,0,3456290
tabA_predicted,0.09090909090909091,10,10,ACATTCACCGGTAGACGATG,0,3465669
tabA_predicted,0.09090909090909091,10,10,ACATATTGTCAACACAGAAA,0,3455534
tabA_predicted,0.09090909090909091,10,10,ACAGTGGAACTGTGAGTGGC,0,3431563
tabA_predicted,0.09090909090909091,10,10,ACAGTATACTCTATTGCCAA,0,3461216
tabA_predicted,0.09090909090909091,10,10,ACAGGGGTGATCGGGCAGCC,0,3453323
tabA_predicted,0.09090909090909091,10,10,ACAGCCCGAGGTCGCACGGT,0,3463748
tabA_predicted,0.09090909090909091,10,10,ACACCGTCGCAGACGGCGTT,0,3458873
tabA_predicted,0.09090909090909091,10,10,ACACATGATGGGTTAGCTAG,0,3442464
tabA_predicted,0.09090909090909091,10,10,ACAACTCGGAGCTCGGGGTT,0,3440268
tabA_predicted,0.09090909090909091,10,10,AATGGTAACAAAGGGATCCC,0,3446422
tabA_predicted,0.09090909090909091,10,10,AATGCTCAGCTCTGGAGTTC,0,3434751
tabA_predicted,0.09090909090909091,10,10,AATGAGCCTACATCTTAAAA,0,3461985
tabA_predicted,0.09090909090909091,10,10,AATCGGTACCAATGTCTAAC,0,3460262
tabA_predicted,0.09090909090909091,10,10,AATCAATCAGCTTCCCTCTG,0,3440090
tabA_predicted,0.09090909090909091,10,10,AATATTTGTACAATTCCTTG,0,3456446
tabA_predicted,0.09090909090909091,10,10,AAGGTAGGTAAAAATCGGTC,0,3449417
tabA_predicted,0.09090909090909091,10,10,AAGATTCCCATTCAAGGGAT,0,3461012
tabA_predicted,0.09090909090909091,10,10,AAGAAAGATACTACGCTACA,0,3444497
tabA_predicted,0.09090909090909091,10,10,AACGCCTAGCCGGGCAACCT,0,3438438
tabA_predicted,0.09090909090909091,10,10,AACATCTTCCGTATCGCTCT,0,3446556
tabA_predicted,0.09090909090909091,10,10,AACAGAGAGGAAGGGACGAT,0,3439660
tabA_predicted,0.09090909090909091,10,10,AACAACGCACTGCGGGGGGG,0,3432780
tabA_predicted,0.09090909090909091,10,10,AAAGATATTATACTGCCGTT,0,3454938
tabA_predicted,0.09090909090909091,10,10,AAACGGTTCCGATCCCGCGT,0,3439762
tabA_predicted,0.09090909090909091,10,10,AAAATAGCGGTGCATGTACA,0,3464747
tabA_predicted,0.09090909090909091,10,10,AAAACAACCCCGGAATCCTT,0,3441957
tabA_predicted,0.1,9,9,TTTTTCGGAGTCTTCGCCAC,0,3438794
tabA_predicted,0.1,9,9,TTTTGCAATCCGCAAATCAG,0,3436916
tabA_predicted,0.1,9,9,TTTTGACGATTTGGTATGAT,0,3434133
tabA_predicted,0.1,9,9,TTTGTGTTGTGGCTGGGGTT,0,3459151
tabA_predicted,0.1,9,9,TTTGCCAGATCCCAGCCGGG,0,3447870
tabA_predicted,0.1,9,9,TTTGCAACATTAAGTCGATC,0,3434569
tabA_predicted,0.1,9,9,TTTATAAGGTAGCCCTGTAA,0,3452865
tabA_predicted,0.1,9,9,TTGTGCACAGGATTTGGGTT,0,3452243
tabA_predicted,0.1,9,9,TTGTCGATTGGTCATGCGAC,0,3440296
tabA_predicted,0.1,9,9,TTGGTTAACTTTTTCGGGTC,0,3450852
tabA_predicted,0.1,9,9,TTGGTCATGGACGCATCTGA,0,3446312
tabA_predicted,0.1,9,9,TTGGTAAAACCTTCGCGAGG,0,3447747
tabA_predicted,0.1,9,9,TTGGCCGAACCCGACAGGAA,0,3460764
tabA_predicted,0.1,9,9,TTGCTTGTCGGTGGTATGGC,0,3460107
tabA_predicted,0.1,9,9,TTGCGCCTGTCCATCGGTCT,0,3432513
tabA_predicted,0.1,9,9,TTCTAGCCCCTGTTTTGGAC,0,3433119
tabA_predicted,0.1,9,9,TTCGCCCTTCTGGAACTCGC,0,3457867
tabA_predicted,0.1,9,9,TTCGACTGAAGTACGATTCA,0,3441649
tabA_predicted,0.1,9,9,TTCCGTTGAGCTGCAACATG,0,3438955
tabA_predicted,0.1,9,9,TTATTTGTTAATCTTTCCGG,0,3456556
tabA_predicted,0.1,9,9,TTATTCAACTAGCCACTGGT,0,3449854
tabA_predicted,0.1,9,9,TTATTATGCAAATGTCAATT,0,3464610
tabA_predicted,0.1,9,9,TTATCTCAAGCAAAGTATGT,0,3440410
tabA_predicted,0.1,9,9,TTATCAAACGAGCCGGTACT,0,3465314
tabA_predicted,0.1,9,9,TTATATCGGCTCGCCCCAGC,0,3444638
tabA_predicted,0.1,9,9,TTATAGGCACACAACTACCT,0,3454635
tabA_predicted,0.1,9,9,TTATAAAATCCACACCGATA,0,3465459
tabA_predicted,0.1,9,9,TTAGCAATCTGTTAATCCAA,0,3439150
tabA_predicted,0.1,9,9,TTAGATAGGTGGTCGCAAAT,0,3434475
tabA_predicted,0.1,9,9,TTAATTATCGCAGACAGTCG,0,3453365
tabA_predicted,0.1,9,9,TTAAGCCACCCGGACATTCT,0,3464751
tabA_predicted,0.1,9,9,TTAAACCTTGGAAGTGGAGG,0,3435369
tabA_predicted,0.1,9,9,TGTTGCAGTTATAAATTAAA,0,3459705
tabA_predicted,0.1,9,9,TGTTCAAAAAGCTGTAGTTC,0,3461069
tabA_predicted,0.1,9,9,TGTTACGTCCCGACCACTAG,0,3453468
tabA_predicted,0.1,9,9,TGTGCCACTCTTCCAGGGAA,0,3457052
tabA_predicted,0.1,9,9,TGTGATCAGACGGTTGGCCC,0,3454725
tabA_predicted,0.1,9,9,TGTGAACATCTCTATTGATA,0,3446413
tabA_predicted,0.1,9,9,TGTCCCCAACCGGATTGCTG,0,3439436
tabA_predicted,0.1,9,9,TGTCACCGTTATTCCGAGTT,0,3437997
tabA_predicted,0.1,9,9,TGTAGGATTCATACAATTCC,0,3439228
tabA_predicted,0.1,9,9,TGGTTTCATCCCTATCATAT,0,3435019
tabA_predicted,0.1,9,9,TGGCTGTTAGGGGGTACCGA,0,3463913
tabA_predicted,0.1,9,9,TGGCTAGGCGCGTCCTGACG,0,3455536
tabA_predicted,0.1,9,9,TGGCAATACCTCGTCAACTA,0,3431285
tabA_predicted,0.1,9,9,TGGATGCGACGAGGCGGGAA,0,3448920
tabA_predicted,0.1,9,9,TGCTCCAGGATCTTCTGATT,0,3437657
tabA_predicted,0.1,9,9,TGCTATAAGCGGTACGGCGG,0,3448298
tabA_predicted,0.1,9,9,TGCGTACCTCCAGCCACATA,0,3450247
tabA_predicted,0.1,9,9,TGCCCTCAAGCTGCGGCGGC,0,3465200
tabA_predicted,0.1,9,9,TGCCCGGGCACTCAGGTGGT,0,3453187
tabA_predicted,0.1,9,9,TGCCCACACCAAGTAATCTT,0,3461737
tabA_predicted,0.1,9,9,TGCCATTGCCAACCTTGAAT,0,3431489
tabA_predicted,0.1,9,9,TGCATGCATTCGAATGCGTG,0,3449557
tabA_predicted,0.1,9,9,TGCAAGGCGTGGAATCTCAC,0,3465108
tabA_predicted,0.1,9,9,TGCAAGGACTGATCCGTCTC,0,3446151
tabA_predicted,0.1,9,9,TGATGGTCCATCAATCACGC,0,3460706
tabA_predicted,0.1,9,9,TGATGATGTTAAGGTGGGAC,0,3437206
tabA_predicted,0.1,9,9,TGATCTGCCGAGCATTATTA,0,3465003
tabA_predicted,0.1,9,9,TGATCGCATGGACATTGCAG,0,3461388
tabA_predicted,0.1,9,9,TGACTTACTTCGGGAATGAA,0,3436617
tabA_predicted,0.1,9,9,TCTTCGTCCAGCATAGGAGA,0,3455449
tabA_predicted,0.1,9,9,TCTTCGAGGGCCAAGACTCA,0,3461877
tabA_predicted,0.1,9,9,TCTGTTATCGACGATGAAAC,0,3432746
tabA_predicted,0.1,9,9,TCTATCGCGCTTGTAAGAAG,0,3460553
tabA_predicted,0.1,9,9,TCGTCGGCGGCACATCGGAC,0,3433644
tabA_predicted,0.1,9,9,TCGGCTTGGCTGATGAAAGT,0,3454534
tabA_predicted,0.1,9,9,TCGGCTGGGATACCTGGATG,0,3461601
tabA_predicted,0.1,9,9,TCGCGTTAGTACAACAAGTC,0,3454220
tabA_predicted,0.1,9,9,TCGCGAGGTGTATGCAGCGG,0,3446007
tabA_predicted,0.1,9,9,TCGCCAAGCGCTAAGTGGAG,0,3431804
tabA_predicted,0.1,9,9,TCGATCCCCGATGTAATGAG,0,3462832
tabA_predicted,0.1,9,9,TCGATAGCCCGGTTCGGAAC,0,3457509
tabA_predicted,0.1,9,9,TCGAGATTGAAGCGGGTGAA,0,3434563
tabA_predicted,0.1,9,9,TCGAACAATTATTGCTCTCC,0,3460539
tabA_predicted,0.1,9,9,TCCTGTAAATTAAGGTGCGT,0,3432854
tabA_predicted,0.1,9,9,TCCTAAGATCCTGTGGTGAA,0,3452735
tabA_predicted,0.1,9,9,TCCGGCCCGGCCCGGTCCAC,0,3454796
tabA_predicted,0.1,9,9,TCCCGAATGAGAGCAAGGAA,0,3452969
tabA_predicted,0.1,9,9,TCCCACAATTCCGTTCAGGA,0,3450361
tabA_predicted,0.1,9,9,TCCATCTAGGGATCGCGCTT,0,3433204
tabA_predicted,0.1,9,9,TCATTATAAGTCTGCAATCA,0,3463539
tabA_predicted,0.1,9,9,TCATGCTGCCGCCCGATTTC,0,3456139
tabA_predicted,0.1,9,9,TCAGGGGGCAGGATAGGAGG,0,3439718
tabA_predicted,0.1,9,9,TCAGCAACTGCACTATAGAG,0,3457791
tabA_predicted,0.1,9,9,TCAGAACCTGCCGAGGTTGT,0,3440132
tabA_predicted,0.1,9,9,TCACTATCCTCAAGCCCGAC,0,3434610
tabA_predicted,0.1,9,9,TCACAGGAACACAAATTTAT,0,3446964
tabA_predicted,0.1,9,9,TCAATGGCCCCAGCTTCAGT,0,3451125
tabA_predicted,0.1,9,9,TATTTTCCTAGGACTCACCG,0,3454483
tabA_predicted,0.1,9,9,TATTGTGTCGTCGGTGTGTT,0,3431562
tabA_predicted,0.1,9,9,TATGGAGCTACTCTCGTACG,0,3445262
tabA_predicted,0.1,9,9,TATAGGATCTAAGGTCATAG,0,3442023
tabA_predicted,0.1,9,9,TATACGTTCGGTAGACGCCA,0,3459423
tabA_predicted,0.1,9,9,TATACATCCGCGGGGCTTAG,0,3446048
tabA_predicted,0.1,9,9,TAGCTTAGGATGTACATTTT,0,3452731
tabA_predicted,0.1,9,9,TAGCGCTTTCGAGAGCGCGC,0,3436198
tabA_predicted,0.1,9,9,TAGCAGTAGTCGCGCTTGTA,0,3431571
tabA_predicted,0.1,9,9,TAGCAAACGCACGTTAATGG,0,3447207
tabA_predicted,0.1,9,9,TAGACTTGCTGGGACGCAAC,0,3465624
tabA_predicted,0.1,9,9,TAGAATTGCCGATCTATCTA,0,3437343
tabA_predicted,0.1,9,9,TAGAAGCGCGGACGGAATTT,0,3443446
tabA_predicted,0.1,9,9,TACGCGGAAGAACCGCGCGG,0,3432900
tabA_predicted,0.1,9,9,TACCGTCAAGCCGACAACGG,0,3450590
tabA_predicted,0.1,9,9,TACCATATTGGTACGAGTGT,0,3452974
tabA_predicted,0.1,9,9,TACAGTAAGAACCCGGCTGC,0,3437641
tabA_predicted,0.1,9,9,TACACTTGTTAGGCAGCGCG,0,3433582
tabA_predicted,0.1,9,9,TACAACGCTCTAGGCTGTGT,0,3444071
tabA_predicted,0.1,9,9,TAAGCTGCCCATGTTACGTT,0,3460346
tabA_predicted,0.1,9,9,TAACTGCTGAATTGCGACCA,0,3452973
tabA_predicted,0.1,9,9,TAACTATCCCAGCATTAAAC,0,3440582
tabA_predicted,0.1,9,9,TAACCGCTTGGCACCATATC,0,3440919
tabA_predicted,0.1,9,9,GTTTGGACAGTACCATTCCG,0,3462767
tabA_predicted,0.1,9,9,GTTTAGACATATAGCAGAGT,0,3436957
tabA_predicted,0.1,9,9,GTTTACATCCTCAACAAACG,0,3459987
tabA_predicted,0.1,9,9,GTTGGGCCGTTTTCACAGGC,0,3443234
tabA_predicted,0.1,9,9,GTTGCGTGAGCTAAAGCCTC,0,3451418
tabA_predicted,0.1,9,9,GTTCGGGCCGCCCCGCGGGG,0,3445884
tabA_predicted,0.1,9,9,GTTAATAACCTCTGGGGTTG,0,3452791
tabA_predicted,0.1,9,9,GTGTTCTGGTTTGCTTCGGG,0,3433987
tabA_predicted,0.1,9,9,GTGTGACTGACTTGGCGGTT,0,3444797
tabA_predicted,0.1,9,9,GTGTCATCCTGCGATGACCA,0,3437726
tabA_predicted,0.1,9,9,GTGGCCATACATCTGTCGTA,0,3462357
tabA_predicted,0.1,9,9,GTGGAGCTTTCCTCATAAGG,0,3434540
tabA_predicted,0.1,9,9,GTGGAAGTAGAGGGCGAACT,0,3451966
tabA_predicted,0.1,9,9,GTGCGTTGACCAATGAGCAT,0,3451768
tabA_predicted,0.1,9,9,GTGCCGTCGTGAATTACGCA,0,3440124
tabA_predicted,0.1,9,9,GTGCCACTTATGTATCGCCT,0,3458279
tabA_predicted,0.1,9,9,GTGAGACTCCACCATTCGGC,0,3432000
tabA_predicted,0.1,9,9,GTCTACGCATGGCAAACCGG,0,3439394
tabA_predicted,0.1,9,9,GTCGTTGTTGAGAGACCGAA,0,3456539
tabA_predicted,0.1,9,9,GTCGGCGGAGGTACAATCAG,0,3455147
tabA_predicted,0.1,9,9,GTCGCCAATCAGTTGATATT,0,3453226
tabA_predicted,0.1,9,9,GTCAGACGGAGGTGGGGAAC,0,3451276
tabA_predicted,0.1,9,9,GTCAAGTATGCAGTACTAGG,0,3447512
tabA_predicted,0.1,9,9,GTATTTACGAAGGGACGTTA,0,3446807
tabA_predicted,0.1,9,9,GTATGTCACTTGTGAGGTAG,0,3451321
tabA_predicted,0.1,9,9,GTATCAAGGCCTACAACCGT,0,3443684
tabA_predicted,0.1,9,9,GTACGTCCGTTTTCAGAGCA,0,3455281
tabA_predicted,0.1,9,9,GTACATGAAATCATTCTAAT,0,3465293
tabA_predicted,0.1,9,9,GTACATACTAACATAATTTC,0,3444235
tabA_predicted,0.1,9,9,GTAATGAATGAACAACACTA,0,3455127
tabA_predicted,0.1,9,9,GTAAGTCGGGACATAGTGAA,0,3438620
tabA_predicted,0.1,9,9,GTAAAAATGTCGTCACGAGA,0,3453833
tabA_predicted,0.1,9,9,GGTTTATTACAGGTCTATAA,0,3438503
tabA_predicted,0.1,9,9,GGTTGGGACTCGGAATTCTA,0,3441049
tabA_predicted,0.1,9,9,GGTTCCAGCCCAGCCAACTA,0,3451675
tabA_predicted,0.1,9,9,GGTCCTGGTTGCAAAAGCTA,0,3448634
tabA_predicted,0.1,9,9,GGTATGAGGGATCGCCGTGT,0,3431592
tabA_predicted,0.1,9,9,GGTAGAAAGTTGGCCAGTCC,0,3461548
tabA_predicted,0.1,9,9,GGTACCTTCCACTATTTTGA,0,3461004
tabA_predicted,0.1,9,9,GGTACCACTTAAGAGTCTTA,0,3451091
tabA_predicted,0.1,9,9,GGTAATGTCAGATCTTGAGA,0,3432128
tabA_predicted,0.1,9,9,GGTAACAACTCGCAGGCCGG,0,3449264
tabA_predicted,0.1,9,9,GGGTCTAGAGATCGCCGTAT,0,3441277
tabA_predicted,0.1,9,9,GGGTCGTTGTTCCACCTGAA,0,3434458
tabA_predicted,0.1,9,9,GGGTCCTTCGAACACAAAAA,0,3436619
tabA_predicted,0.1,9,9,GGGTCAGCCTTCTATGGGGG,0,3463610
tabA_predicted,0.1,9,9,GGGGCAGCATTCTCAAGTTC,0,3441046
tabA_predicted,0.1,9,9,GGGCGAAAACGAGGTGGCAT,0,3434760
tabA_predicted,0.1,9,9,GGGCATAAAATTTCGATAAG,0,3460016
tabA_predicted,0.1,9,9,GGGATGATTTCTTCGTGCAT,0,3435994
tabA_predicted,0.1,9,9,GGGAGTGATGAACGAGAGGT,0,3454615
tabA_predicted,0.1,9,9,GGCTCCGCCAGTTGCTGACT,0,3444724
tabA_predicted,0.1,9,9,GGCTACATGCGAATCGAAGT,0,3444483
tabA_predicted,0.1,9,9,GGCGGCTGGGGGTCGCAACT,0,3456822
tabA_predicted,0.1,9,9,GGCGCCGACGGATATTCATG,0,3459602
tabA_predicted,0.1,9,9,GGCCCCGGACTAACCATTGG,0,3448231
tabA_predicted,0.1,9,9,GGCCCAAATGCCAGCTCTCT,0,3434931
tabA_predicted,0.1,9,9,GGCCACAGGAGGAACTGTTT,0,3447858
tabA_predicted,0.1,9,9,GGCATCTCACTTGAACGATG,0,3456283
tabA_predicted,0.1,9,9,GGCACTCCTTAACCAGAGGA,0,3461772
tabA_predicted,0.1,9,9,GGCACCTTTCAAGCTTGTAC,0,3439817
tabA_predicted,0.1,9,9,GGCACAGTTCAGGTCAGCGA,0,3454820
tabA_predicted,0.1,9,9,GGATTTGATGACAGCAGTCA,0,3436017
tabA_predicted,0.1,9,9,GGATATATGCGCGTCCACTG,0,3461745
tabA_predicted,0.1,9,9,GGATAGTATCTGGTAATCAC,0,3437914
tabA_predicted,0.1,9,9,GGATACTTTTGTTCTACGCA,0,3457542
tabA_predicted,0.1,9,9,GGATAATCTGCCTCGGGCAG,0,3455429
tabA_predicted,0.1,9,9,GGATAAGATGCTCGGTCCAA,0,3448743
tabA_predicted,0.1,9,9,GGAGCTCCATATTCCGGTTG,0,3448500
tabA_predicted,0.1,9,9,GGACGGCGTTAGAGTGGCTT,0,3455197
tabA_predicted,0.1,9,9,GGACGGCGTACCTGACTTCT,0,3463793
tabA_predicted,0.1,9,9,GGACAGTATCCTCTCTCTAT,0,3448845
tabA_predicted,0.1,9,9,GGAATCTGGTCCGAAGCGTT,0,3450245
tabA_predicted,0.1,9,9,GGAAGACTATCTGAACCATA,0,3457217
tabA_predicted,0.1,9,9,GCTTCAGGGCATCTGTCTGC,0,3442726
tabA_predicted,0.1,9,9,GCTGGTCAAGAGCGTTCTTG,0,3439511
tabA_predicted,0.1,9,9,GCTGCCCGCGTACACAGGAG,0,3462506
tabA_predicted,0.1,9,9,GCTGCACATTAGGTCCTAGC,0,3454099
tabA_predicted,0.1,9,9,GCTCTATACTAGGCATACTA,0,3443932
tabA_predicted,0.1,9,9,GCTAGTACTGATACGTGCCT,0,3437134
tabA_predicted,0.1,9,9,GCTAATGTTCGCCGTGCCAT,0,3457756
tabA_predicted,0.1,9,9,GCGGTCTTCGGACGCGGGAA,0,3456017
tabA_predicted,0.1,9,9,GCGCGCAAGAGCTAATGGGT,0,3437808
tabA_predicted,0.1,9,9,GCGCCGGCAAACAGTATGGG,0,3440581
tabA_predicted,0.1,9,9,GCGCACGCTGCCAGACTCAC,0,3456359
tabA_predicted,0.1,9,9,GCCTGTGCCTCATTAGTGGT,0,3457676
tabA_predicted,0.1,9,9,GCCTCTACGAACTCTGGCTT,0,3463424
tabA_predicted,0.1,9,9,GCCTCCGTAGGTATCCAGGC,0,3457620
tabA_predicted,0.1,9,9,GCCCTTAGGTAAGGGTAGCT,0,3443540
tabA_predicted,0.1,9,9,GCCCGGGTGTATAGGCGGAA,0,3445849
tabA_predicted,0.1,9,9,GCCACATGTTTCGGGGCCGT,0,3454817
tabA_predicted,0.1,9,9,GCATGGTCGCAGTTGTTAGG,0,3456779
tabA_predicted,0.1,9,9,GCATATAGGGGTCGTTCCTT,0,3438370
tabA_predicted,0.1,9,9,GCAGTTATGCTTTCGGCATT,0,3456721
tabA_predicted,0.1,9,9,GCAGAAGGGCGATTCGTTCC,0,3433540
tabA_predicted,0.1,9,9,GCACTTGTCTAGTCAGCCTT,0,3450120
tabA_predicted,0.1,9,9,GCACTCAAGGGATCTTTCTA,0,3454903
tabA_predicted,0.1,9,9,GCACCGTGATATGGCGCTTG,0,3458551
tabA_predicted,0.1,9,9,GCACCAGCCTAGATGGGGAA,0,3437953
tabA_predicted,0.1,9,9,GCAATTTGACTTCCAGAGAC,0,3449149
tabA_predicted,0.1,9,9,GCAATGGTTCTCTTCGATGG,0,3452347
tabA_predicted,0.1,9,9,GATTTAGCCGAAAGAAGTGA,0,3431528
tabA_predicted,0.1,9,9,GATTGGAGGTCTTGTAGTCG,0,3461604
tabA_predicted,0.1,9,9,GATTGGACGACGGACGCGGG,0,3453531
tabA_predicted,0.1,9,9,GATTAGCTCACAAAGTGGCT,0,3442692
tabA_predicted,0.1,9,9,GATGTCTGACACCGTATATC,0,3443334
tabA_predicted,0.1,9,9,GATGTAGGCTCGGCCGCTCT,0,3457640
tabA_predicted,0.1,9,9,GATGGTTTGCCTATGTTTTC,0,3435740
tabA_predicted,0.1,9,9,GATCTGTGCGAGCGCTGCCA,0,3448814
tabA_predicted,0.1,9,9,GATATCTATCTCTTGTGGGA,0,3447488
tabA_predicted,0.1,9,9,GATAGCAGCAGGCTGATGTA,0,3458066
tabA_predicted,0.1,9,9,GAGTGCTGGATCACCCATCA,0,3447259
tabA_predicted,0.1,9,9,GAGGTGGGTCAAAATGACTA,0,3443716
tabA_predicted,0.1,9,9,GAGGTGCCCCACATCTGCTA,0,3444064
tabA_predicted,0.1,9,9,GAGGCGGAAGCCCAAGCACG,0,3445376
tabA_predicted,0.1,9,9,GAGCTATACTCCAAAAGTCT,0,3462592
tabA_predicted,0.1,9,9,GAGCGCATCCCAGGGATAAA,0,3461492
tabA_predicted,0.1,9,9,GAGCACGAAGCGGCCGCGCC,0,3439346
tabA_predicted,0.1,9,9,GAGATTTGTTGTACATTGCT,0,3445392
tabA_predicted,0.1,9,9,GACTCGCACTCCGGCACATG,0,3438951
tabA_predicted,0.1,9,9,GACGTATGAAAAGACCGCGA,0,3452918
tabA_predicted,0.1,9,9,GACCAACCCTTGTACTCACC,0,3458481
tabA_predicted,0.1,9,9,GAATGTTATGCTGAATCTAT,0,3457720
tabA_predicted,0.1,9,9,GAAAGTGCCACAGAAAACTC,0,3442916
tabA_predicted,0.1,9,9,GAAAGCGGATGCATCAGTAG,0,3449238
tabA_predicted,0.1,9,9,GAAAGAATTCGACAAACCTT,0,3450156
tabA_predicted,0.1,9,9,GAAACCGGTTTTTGAATTCC,0,3450524
tabA_predicted,0.1,9,9,GAAAACCCCCCAGGCTATCG,0,3453728
tabA_predicted,0.1,9,9,CTTTTTCGCGTATGCCACAA,0,3438366
tabA_predicted,0.1,9,9,CTTGGAGGGTTAGCTAAGCA,0,3442436
tabA_predicted,0.1,9,9,CTTGATTTTGTAATGCCGAT,0,3454223
tabA_predicted,0.1,9,9,CTTCGTTGCTGATCCAAGGA,0,3463040
tabA_predicted,0.1,9,9,CTTACTTGGAGGGGAGCTCC,0,3453763
tabA_predicted,0.1,9,9,CTTACTCGGGTGCCCCGGGG,0,3457731
tabA_predicted,0.1,9,9,CTGTGGGGTAAGTTCCCGCG,0,3459476
tabA_predicted,0.1,9,9,CTGGGTTGTCCACCTTCTGT,0,3432349
tabA_predicted,0.1,9,9,CTGGCGTGTTCACTCCTGCA,0,3453689
tabA_predicted,0.1,9,9,CTGCGGGCTGGGATTCCCCC,0,3457260
tabA_predicted,0.1,9,9,CTGCGAAACGTATCGTAGTA,0,3454988
tabA_predicted,0.1,9,9,CTGCCACCGTGGACTTGCAA,0,3432591
tabA_predicted,0.1,9,9,CTGCATAGGAATAGGCCGTG,0,3452007
tabA_predicted,0.1,9,9,CTGCAGCTTATGGTTCGGCA,0,3439019
tabA_predicted,0.1,9,9,CTGCAACTCGGGTGTAGAAT,0,3464350
tabA_predicted,0.1,9,9,CTGATCCTCACCCCCTGCCA,0,3436878
tabA_predicted,0.1,9,9,CTCTTCCTTTATCATCGCCA,0,3441449
tabA_predicted,0.1,9,9,CTCTTAGGCATGTTCCTTCA,0,3446755
tabA_predicted,0.1,9,9,CTCTCTACTCAACCGACTTC,0,3438826
tabA_predicted,0.1,9,9,CTCTCGTTGATGGTATAGCG,0,3442913
tabA_predicted,0.1,9,9,CTCGTTATCGCTCGGTCGCA,0,3455504
tabA_predicted,0.1,9,9,CTCGTACACCTCACGAAATA,0,3437259
tabA_predicted,0.1,9,9,CTCATCAGCTCGGCTAGTTG,0,3443941
tabA_predicted,0.1,9,9,CTCAGATCCACCCTTTCATC,0,3447526
tabA_predicted,0.1,9,9,CTCAATTGATAGCTCGAAAC,0,3448302
tabA_predicted,0.1,9,9,CTATGTTACTGAGTTTGACT,0,3442699
tabA_predicted,0.1,9,9,CTATGTCACGGGACGACGAC,0,3449670
tabA_predicted,0.1,9,9,CTATAGGTTCTTCGTGTCTA,0,3435358
tabA_predicted,0.1,9,9,CTATAGACAGGAGCCCTGGA,0,3449554
tabA_predicted,0.1,9,9,CTAGACGGACACTGGTCCAG,0,3455908
tabA_predicted,0.1,9,9,CTACTACGATGCTCACCTTT,0,3454141
tabA_predicted,0.1,9,9,CTAAGCAGAAGACAAATCCA,0,3453037
tabA_predicted,0.1,9,9,CTAACTGCCGAATTATGCAG,0,3443442
tabA_predicted,0.1,9,9,CGTTTCGACTAGCGTCGCAT,0,3448918
tabA_predicted,0.1,9,9,CGTTCGTTAATGAGTGGTTC,0,3463653
tabA_predicted,0.1,9,9,CGTGTGCGTTTAATCTCACA,0,3444918
tabA_predicted,0.1,9,9,CGTGATGTGTGGGATACGTC,0,3465712
tabA_predicted,0.1,9,9,CGTCTCTTAGTCCCCTGTGA,0,3463057
tabA_predicted,0.1,9,9,CGTCCGGGCATGGTATGAAT,0,3439713
tabA_predicted,0.1,9,9,CGTATACGACAGTAAAGGAT,0,3452690
tabA_predicted,0.1,9,9,CGTAAGCACCACTGCGGGCT,0,3458212
tabA_predicted,0.1,9,9,CGTAAAACAACAACTGTCGC,0,3451733
tabA_predicted,0.1,9,9,CGGTATGATTCCCTTATTGG,0,3459111
tabA_predicted,0.1,9,9,CGGGACAATTTGCATGCGGA,0,3432079
tabA_predicted,0.1,9,9,CGGCTCGTCATAAAGACTTC,0,3465832
tabA_predicted,0.1,9,9,CGGCCTCGTCTCCAGGCTGA,0,3444131
tabA_predicted,0.1,9,9,CGGCCCAAGTCAGCCGAGTT,0,3448086
tabA_predicted,0.1,9,9,CGGATCGGAATACTTATTTA,0,3446531
tabA_predicted,0.1,9,9,CGGAGATGGTGGGATCAAGG,0,3441839
tabA_predicted,0.1,9,9,CGGACGTGTAGGTTTTCGTG,0,3433785
tabA_predicted,0.1,9,9,CGCTTGGATGAAGCGGCTCA,0,3433956
tabA_predicted,0.1,9,9,CGCGCGTGTAGTGTTAACAC,0,3431663
tabA_predicted,0.1,9,9,CGCGCATTTCAGTCACGTGA,0,3446242
tabA_predicted,0.1,9,9,CGCGCATAAGCTTTACCTGA,0,3457781
tabA_predicted,0.1,9,9,CGCATTATTTTAGTGTTATC,0,3450619
tabA_predicted,0.1,9,9,CGCAGGTGCCCGCGCGTTTT,0,3461430
tabA_predicted,0.1,9,9,CGCACTGGCAGAAATTTTCC,0,3466210
tabA_predicted,0.1,9,9,CGCAAGTTATCACAGCCAAC,0,3447168
tabA_predicted,0.1,9,9,CGCAACGGTGACACCACGTC,0,3447118
tabA_predicted,0.1,9,9,CGATCAGCAGAGGGCGAGAA,0,3460624
tabA_predicted,0.1,9,9,CGAAAGTAGATGTGCATTCT,0,3462248
tabA_predicted,0.1,9,9,CCTTGGGGAAATATATGAAG,0,3445710
tabA_predicted,0.1,9,9,CCTTGGACGATACCCGACGG,0,3433693
tabA_predicted,0.1,9,9,CCTGCCTCGCTTGGGAGACG,0,3442875
tabA_predicted,0.1,9,9,CCTCGGCGAAAGGATTAGCT,0,3446722
tabA_predicted,0.1,9,9,CCTCAGCGCAGCCGATGTCC,0,3453266
tabA_predicted,0.1,9,9,CCTATACTTGTATTGTTAGT,0,3463255
tabA_predicted,0.1,9,9,CCTAGTCGGTGGTCAATAGG,0,3447122
tabA_predicted,0.1,9,9,CCGTTTGCTGAATAATTGAG,0,3457777
tabA_predicted,0.1,9,9,CCGTTAGATATTGTCTGCGA,0,3439142
tabA_predicted,0.1,9,9,CCGTTACCTTCCAAGTCTCA,0,3438545
tabA_predicted,0.1,9,9,CCGGTCCTAATTCATCGATC,0,3454006
tabA_predicted,0.1,9,9,CCGGGATAGGTCAGGTCCGC,0,3451713
tabA_predicted,0.1,9,9,CCGGAGATCTAATGGGGGGA,0,3444353
tabA_predicted,0.1,9,9,CCGCGCCATCGTCTGACCTT,0,3432504
tabA_predicted,0.1,9,9,CCGCGCATCTTAGTCTTGAA,0,3445789
tabA_predicted,0.1,9,9,CCCTATATCAACAGTTAACT,0,3456745
tabA_predicted,0.1,9,9,CCCGGTGAACAAACGCACTT,0,3436912
tabA_predicted,0.1,9,9,CCCGGGGCACTTTTTAGTAG,0,3432438
tabA_predicted,0.1,9,9,CCCGCTTTTGGTTCTACTTG,0,3456850
tabA_predicted,0.1,9,9,CCCGCCCTGCCCGGTGTCTG,0,3437696
tabA_predicted,0.1,9,9,CCCCTGAATACGGCTAACCA,0,3438700
tabA_predicted,0.1,9,9,CCCCAATCTTGGCCGCCCTG,0,3439459
tabA_predicted,0.1,9,9,CCCATCTGCGTTGGGTCGTC,0,3446876
tabA_predicted,0.1,9,9,CCCATCCAACTCAGCAGCCC,0,3434649
tabA_predicted,0.1,9,9,CCCAGCTGAACACATGGTAA,0,3433816
tabA_predicted,0.1,9,9,CCCAGCCCGGTGGGAATCAA,0,3456535
tabA_predicted,0.1,9,9,CCCAGAGGCATTAGCGATAT,0,3459902
tabA_predicted,0.1,9,9,CCATTCACGTAACCGGATGT,0,3448360
tabA_predicted,0.1,9,9,CCAGGCAGGACTACCAGTAC,0,3431477
tabA_predicted,0.1,9,9,CCAGCTCTGGGTAATGAGTT,0,3451584
tabA_predicted,0.1,9,9,CCAGAAATACCGCAGATCAG,0,3448751
tabA_predicted,0.1,9,9,CCAAGGCACGACGTTGAGTT,0,3458041
tabA_predicted,0.1,9,9,CATTATTCTTGGACTACAGA,0,3442560
tabA_predicted,0.1,9,9,CATGAATCCTTGGCGCAGTA,0,3458008
tabA_predicted,0.1,9,9,CATACAACCATAGGATCTAC,0,3466115
tabA_predicted,0.1,9,9,CAGTCACTAGATCTGATAGA,0,3435579
tabA_predicted,0.1,9,9,CAGTAATCCTTCAGCCAGCG,0,3449274
tabA_predicted,0.1,9,9,CAGGCCGGACGGTAGGGATT,0,3446895
tabA_predicted,0.1,9,9,CAGCACTTTTGTGGGGCAAT,0,3438546
tabA_predicted,0.1,9,9,CAGCACATTACTCTATGTCA,0,3443422
tabA_predicted,0.1,9,9,CAGATCCCAGGAGCAACCTC,0,3439421
tabA_predicted,0.1,9,9,CAGAAAGAATCCTACACAAG,0,3459991
tabA_predicted,0.1,9,9,CACTATTCATCCCCGTAGGC,0,3444703
tabA_predicted,0.1,9,9,CACGGTGCGTAGCCAGTCTC,0,3463752
tabA_predicted,0.1,9,9,CACGATGCGCACGGGCAGAG,0,3463833
tabA_predicted,0.1,9,9,CACGAGACCCATTAGTGATG,0,3449084
tabA_predicted,0.1,9,9,CACCGAGTCGATCTCCGTCC,0,3465087
tabA_predicted,0.1,9,9,CACCCTTGGATGAGTGACGC,0,3437621
tabA_predicted,0.1,9,9,CACCACGGCGAATTATGTAT,0,3462796
tabA_predicted,0.1,9,9,CACCACCTAATGATCGCAAG,0,3460330
tabA_predicted,0.1,9,9,CACAGGAAAGGCGGACAGAA,0,3449365
tabA_predicted,0.1,9,9,CAATTTGATGGACTATGGCT,0,3442827
tabA_predicted,0.1,9,9,CAATGCAAGACGGCGCGCCC,0,3450470
tabA_predicted,0.1,9,9,CAAGGGTCTTGACCAAGCGG,0,3437557
tabA_predicted,0.1,9,9,CAAGGATCTGTGCCCCGGCT,0,3438502
tabA_predicted,0.1,9,9,CAAGCAATTCCGAGGGCTAG,0,3447175
tabA_predicted,0.1,9,9,CAACGTCTGACTCGCGGCAG,0,3433169
tabA_predicted,0.1,9,9,CAACGGTCAGGGAGCGCGGG,0,3449209
tabA_predicted,0.1,9,9,CAACATCTTTTTAGCCACGC,0,3451460
tabA_predicted,0.1,9,9,CAACATATCGTACTCAGAGT,0,3441477
tabA_predicted,0.1,9,9,CAAATATGAAAAGCTCGTCC,0,3450790
tabA_predicted,0.1,9,9,CAAATAAGCTTGACTTTCAT,0,3462640
tabA_predicted,0.1,9,9,CAAAGTCTCGCCCGCTATTT,0,3439797
tabA_predicted,0.1,9,9,ATTTCCATAAGGGGACTAGA,0,3457195
tabA_predicted,0.1,9,9,ATTTAGCATATGAGTTTGTG,0,3458500
tabA_predicted,0.1,9,9,ATTTAAAAACGGCTCGATAG,0,3463142
tabA_predicted,0.1,9,9,ATTGTCCCTGGCGAGTGATA,0,3446562
tabA_predicted,0.1,9,9,ATTGTCAAACAATGCGTCTC,0,3459917
tabA_predicted,0.1,9,9,ATTCTCCCGCTGTCCTTTAT,0,3458036
tabA_predicted,0.1,9,9,ATTATTATATGAGAATCTAA,0,3448775
tabA_predicted,0.1,9,9,ATGTTCGTATAACAGCTGCA,0,3445589
tabA_predicted,0.1,9,9,ATGTTACCCCGCGGAATTTT,0,3454620
tabA_predicted,0.1,9,9,ATGGCTGATCGGGCGGATCG,0,3458389
tabA_predicted,0.1,9,9,ATGGCCTGAACTCCAGAATA,0,3455356
tabA_predicted,0.1,9,9,ATGGCCCTACACCCAGCATA,0,3449422
tabA_predicted,0.1,9,9,ATGGAGTAGAAGTCCCACTT,0,3452952
tabA_predicted,0.1,9,9,ATGCGTATCCAACCACCTGT,0,3456957
tabA_predicted,0.1,9,9,ATGCGGGCCGCAGTCGAGCA,0,3454442
tabA_predicted,0.1,9,9,ATGCCAGCCGGCTGGTCCAG,0,3457089
tabA_predicted,0.1,9,9,ATGCAGTAAGTCTTGACTCT,0,3459155
tabA_predicted,0.1,9,9,ATGATATGAGGGGGTCTTGT,0,3438802
tabA_predicted,0.1,9,9,ATGACTGTGTCATGGGTATC,0,3451825
tabA_predicted,0.1,9,9,ATGAAAGGCTACCCCACCCC,0,3455934
tabA_predicted,0.1,9,9,ATCTATCACTGACCCGCAGG,0,3444311
tabA_predicted,0.1,9,9,ATCTATAGTAAGTTAAGATT,0,3443649
tabA_predicted,0.1,9,9,ATCAGGACAGAGGCGCCTAA,0,3444146
tabA_predicted,0.1,9,9,ATATCTGTCAGGGATTACCA,0,3461712
tabA_predicted,0.1,9,9,ATAGTGTCATGAGGGTGCCG,0,3438023
tabA_predicted,0.1,9,9,ATAGTCTCCTCTCGCGGGGT,0,3436078
tabA_predicted,0.1,9,9,ATAGTCTATGATTCTAGTTC,0,3461534
tabA_predicted,0.1,9,9,ATAGGCACACAATTTAGTTA,0,3453788
tabA_predicted,0.1,9,9,ATACTGCGATTTCGGAATAT,0,3446839
tabA_predicted,0.1,9,9,ATACATAAGGCCGCAGTGCT,0,3453193
tabA_predicted,0.1,9,9,AGTTTCACTGCTCTAATGCT,0,3440976
tabA_predicted,0.1,9,9,AGTTTAGATATGGGGTGGTA,0,3439721
tabA_predicted,0.1,9,9,AGTTCCCGTATGTACCAGGG,0,3444442
tabA_predicted,0.1,9,9,AGTTCCAGGCGCTCTCTTGC,0,3433814
tabA_predicted,0.1,9,9,AGTTATAGTTCGTGGATGAC,0,3442019
tabA_predicted,0.1,9,9,AGTGGTATATTAGTTAGCGA,0,3433483
tabA_predicted,0.1,9,9,AGTGGGCTAAGACTATCCGA,0,3440802
tabA_predicted,0.1,9,9,AGTGATGTGGTAAGCGTAAT,0,3447355
tabA_predicted,0.1,9,9,AGTCGCGTTATTAGGAGTCC,0,3445052
tabA_predicted,0.1,9,9,AGTCGCCAGAGTCCCTAAAT,0,3436600
tabA_predicted,0.1,9,9,AGTCGAACGCTGATCTCGGC,0,3437836
tabA_predicted,0.1,9,9,AGTCACCTTAACCGACGCGA,0,3436174
tabA_predicted,0.1,9,9,AGTAGTCAGCCCGCGTCACT,0,3431870
tabA_predicted,0.1,9,9,AGTAACACCAAATCCGATGC,0,3445546
tabA_predicted,0.1,9,9,AGGTCCTGTTCTTTTACGAA,0,3464592
tabA_predicted,0.1,9,9,AGGTCACGTTCTCTAAGCCG,0,3458479
tabA_predicted,0.1,9,9,AGGGTCATCATTCGAGTCTA,0,3448885
tabA_predicted,0.1,9,9,AGGGCACCCTTAGTGGACTC,0,3443477
tabA_predicted,0.1,9,9,AGGGACCTTGGTCTCTTCAA,0,3435617
tabA_predicted,0.1,9,9,AGGCGTTCTTTCGTCAACTT,0,3464754
tabA_predicted,0.1,9,9,AGGATCGGCATAAAGCAAGT,0,3457276
tabA_predicted,0.1,9,9,AGGATCCATACGCGGGACAA,0,3458829
tabA_predicted,0.1,9,9,AGGACTGACTGCTGGGTGAC,0,3447951
tabA_predicted,0.1,9,9,AGCTTCCTGCAATTCTTGGA,0,3461907
tabA_predicted,0.1,9,9,AGCTTCATGCGTTCGTTACT,0,3440415
tabA_predicted,0.1,9,9,AGCTCGGAGTAGGGCGTTCA,0,3445146
tabA_predicted,0.1,9,9,AGCTAATTTGAGGGCAGTGA,0,3451701
tabA_predicted,0.1,9,9,AGCGTTGCAAAGTACTTTGT,0,3450920
tabA_predicted,0.1,9,9,AGCGTAATTCTGGGACTCAT,0,3461976
tabA_predicted,0.1,9,9,AGCCGTTGCTTCGGAAAGGA,0,3464901
tabA_predicted,0.1,9,9,AGCCGTCCATATATCTAACT,0,3447082
tabA_predicted,0.1,9,9,AGCATAGTCATTGAGCAAAT,0,3437545
tabA_predicted,0.1,9,9,AGCAAGCCGATATGGTTACA,0,3462492
tabA_predicted,0.1,9,9,AGATGTTAAAAGAGCTTGCG,0,3448672
tabA_predicted,0.1,9,9,AGATGCACGCTCCGATGCTT,0,3462835
tabA_predicted,0.1,9,9,AGAGTGCTCTAACGATCTAC,0,3458072
tabA_predicted,0.1,9,9,AGACTCGAAGAATCGCCGAC,0,3460175
tabA_predicted,0.1,9,9,AGACCCCCACGACCGTAAGT,0,3454558
tabA_predicted,0.1,9,9,AGACAGCAGCGGAGTCAAAT,0,3448379
tabA_predicted,0.1,9,9,AGAAGACTTTGAACGGGCGC,0,3446832
tabA_predicted,0.1,9,9,AGAACAGTAGGGATCATGCT,0,3457969
tabA_predicted,0.1,9,9,AGAAACGTTCTCTAAAGATC,0,3452491
tabA_predicted,0.1,9,9,ACTTCATACATACCATCAAT,0,3463028
tabA_predicted,0.1,9,9,ACTTAACCTCTTCAGGTCAG,0,3449176
tabA_predicted,0.1,9,9,ACTGTGTCCCGTAGATCGAC,0,3442996
tabA_predicted,0.1,9,9,ACTGGGGACGAGATCGGTTG,0,3450563
tabA_predicted,0.1,9,9,ACTCGAGAAAGCTTGTTAAG,0,3433939
tabA_predicted,0.1,9,9,ACTATGTGGATGATAGAACA,0,3461988
tabA_predicted,0.1,9,9,ACGTCGCCTACGTCGCCGAA,0,3466109
tabA_predicted,0.1,9,9,ACGGTGTAGCGTGAAGTATC,0,3454752
tabA_predicted,0.1,9,9,ACGGTCCTTGCGCGCAGTGA,0,3440428
tabA_predicted,0.1,9,9,ACGGGCAATGAAGTCTAGGT,0,3431965
tabA_predicted,0.1,9,9,ACGGAACGAGCAAAGTGATG,0,3441440
tabA_predicted,0.1,9,9,ACGATACCTTTAGCGCCGTG,0,3454392
tabA_predicted,0.1,9,9,ACCTTGTCTTGAGGCCGCAA,0,3463480
tabA_predicted,0.1,9,9,ACCTTGAAGAGATTAAACTG,0,3438208
tabA_predicted,0.1,9,9,ACCTGGGTGTTCGGTAACAA,0,3448727
tabA_predicted,0.1,9,9,ACCTCTTCCGAAGGGCGGGT,0,3441798
tabA_predicted,0.1,9,9,ACCTCCGCGCGTACATTCCT,0,3461016
tabA_predicted,0.1,9,9,ACCGTAGCACTAACAACGTG,0,3438715
tabA_predicted,0.1,9,9,ACCGGCTAGCTACCGAGGCC,0,3457154
tabA_predicted,0.1,9,9,ACCGGAAACGATCAGGGCCA,0,3446380
tabA_predicted,0.1,9,9,ACCGAGCACGAAGCGGTACT,0,3446103
tabA_predicted,0.1,9,9,ACCATCTGGAAGAGGCCCCC,0,3465182
tabA_predicted,0.1,9,9,ACAGGTGACAGTCATGAACT,0,3441242
tabA_predicted,0.1,9,9,ACAGGCGACAGTGACTCGGG,0,3449058
tabA_predicted,0.1,9,9,ACAGGAACGGGGGTACTAGG,0,3438125
tabA_predicted,0.1,9,9,ACAGACCTGATCCCACTGGC,0,3456488
tabA_predicted,0.1,9,9,ACACTTAACAGGTAGCCTAA,0,3457758
tabA_predicted,0.1,9,9,ACACGCCCTATGCTCAGCTA,0,3462930
tabA_predicted,0.1,9,9,AATTTGTCCTAAAGGCGTGC,0,3447288
tabA_predicted,0.1,9,9,AATTCGCCCTGGTATGAGGT,0,3440418
tabA_predicted,0.1,9,9,AATTAGTACGCCGAGAGCGC,0,3442684
tabA_predicted,0.1,9,9,AATGGACTTTTGCGGGAGTT,0,3445823
tabA_predicted,0.1,9,9,AATGACATGGGTTTATAACT,0,3439211
tabA_predicted,0.1,9,9,AATCGGCGTACCATACGCGG,0,3435109
tabA_predicted,0.1,9,9,AATATTGCCCGTCCTTTCCT,0,3453672
tabA_predicted,0.1,9,9,AATAGATGAAGCAGCAAAGT,0,3453599
tabA_predicted,0.1,9,9,AATAGACAGTATCCAAACAA,0,3435754
tabA_predicted,0.1,9,9,AATACGAAAGAGGTCGTCCG,0,3433373
tabA_predicted,0.1,9,9,AAGCCGCCCTAACGGCGCGC,0,3436582
tabA_predicted,0.1,9,9,AAGCCAATGACACCTGAACA,0,3453046
tabA_predicted,0.1,9,9,AAGATGGAGCTGATGACAAA,0,3462036
tabA_predicted,0.1,9,9,AAGAAGGCTCACCTTGAACA,0,3439650
tabA_predicted,0.1,9,9,AACTTGAGTAGTTATTGGTC,0,3434977
tabA_predicted,0.1,9,9,AACTCATAGGGAACGTAGCT,0,3452976
tabA_predicted,0.1,9,9,AACTCATACAGTGCGCGTTA,0,3433035
tabA_predicted,0.1,9,9,AACGGTACGCAAATTGTAGA,0,3432256
tabA_predicted,0.1,9,9,AACGGGTTTCCTCCTTGAAT,0,3436858
tabA_predicted,0.1,9,9,AACGCACTATGAAACTCTTA,0,3436437
tabA_predicted,0.1,9,9,AACGCAATCGAAAGCAATCC,0,3443180
tabA_predicted,0.1,9,9,AACGAACACCGACGGAGACC,0,3465865
tabA_predicted,0.1,9,9,AACAGATTTCCCTACCAATC,0,3458488
tabA_predicted,0.1,9,9,AAATGGTTCGGTTGGATCTG,0,3439616
tabA_predicted,0.1,9,9,AAACTGGTTTCCAATGGGCA,0,3435944
tabA_predicted,0.1,9,9,AAACGTAAAGGCCCCCAAGG,0,3450759
tabA_predicted,0.1,9,9,AAAAGTAAGTTACCCGATCA,0,3461702
tabA_predicted,0.1111111111111111,8,8,TTTTCCCGGCATAGGTCGGT,0,3457403
tabA_predicted,0.1111111111111111,8,8,TTTTCATTGTTCTCCTATAC,0,3458102
tabA_predicted,0.1111111111111111,8,8,TTTCGTGCCTGTTAGATACC,0,3438831
tabA_predicted,0.1111111111111111,8,8,TTTCCAATACGGGGGGGGTT,0,3463624
tabA_predicted,0.1111111111111111,8,8,TTTCACCGTGGGCGCAGGAG,0,3460760
tabA_predicted,0.1111111111111111,8,8,TTTCACCCCCGACGCCACAT,0,3462953
tabA_predicted,0.1111111111111111,8,8,TTTCAAGAGGCGTCCACCAG,0,3452163
tabA_predicted,0.1111111111111111,8,8,TTTATCAGACTAAAGGTTCC,0,3447183
tabA_predicted,0.1111111111111111,8,8,TTTAGCTGGAGGAGTAGGGA,0,3462070
tabA_predicted,0.1111111111111111,8,8,TTGTGGCCGCGTGAGTGAAG,0,3439059
tabA_predicted,0.1111111111111111,8,8,TTGTGACCATCCCGAATCTA,0,3455276
tabA_predicted,0.1111111111111111,8,8,TTGTCCGGAACTTGACACAT,0,3440201
tabA_predicted,0.1111111111111111,8,8,TTGGTAGAAATTGAAGCTAA,0,3433132
tabA_predicted,0.1111111111111111,8,8,TTGGCCTGTCCCACTAGGGG,0,3442507
tabA_predicted,0.1111111111111111,8,8,TTGGCATAGTGGCCACCTGC,0,3451025
tabA_predicted,0.1111111111111111,8,8,TTGCCGAGAGGTAAGATGCG,0,3450502
tabA_predicted,0.1111111111111111,8,8,TTGCCAGCCCCATAGAAGCG,0,3434843
tabA_predicted,0.1111111111111111,8,8,TTCGTTGCTACTCATTGAAT,0,3450909
tabA_predicted,0.1111111111111111,8,8,TTCGGTAGACTGAGGGAGTC,0,3445812
tabA_predicted,0.1111111111111111,8,8,TTCGGCTTTTACTTGGTGAC,0,3448218
tabA_predicted,0.1111111111111111,8,8,TTCGCGAGTGTCTCGGAGAT,0,3435314
tabA_predicted,0.1111111111111111,8,8,TTCCTTGAGGTATGGACCCG,0,3442968
tabA_predicted,0.1111111111111111,8,8,TTCCTTACATGACAGATGCT,0,3449521
tabA_predicted,0.1111111111111111,8,8,TTCCGGGCTCCAGAAGAAGT,0,3437459
tabA_predicted,0.1111111111111111,8,8,TTCCGCCGTTAACCAACTAA,0,3441156
tabA_predicted,0.1111111111111111,8,8,TTCCCGAGTACTCCGTCCCA,0,3452583
tabA_predicted,0.1111111111111111,8,8,TTCAGTTTCTCTTTCCTTGT,0,3455428
tabA_predicted,0.1111111111111111,8,8,TTCAGTCAAGTGTGTTGGCC,0,3465840
tabA_predicted,0.1111111111111111,8,8,TTAGCACTGTGCACATCTTG,0,3463368
tabA_predicted,0.1111111111111111,8,8,TTACGCCAGTTCGTGATCGC,0,3440880
tabA_predicted,0.1111111111111111,8,8,TTACCCACGCCGGAGAGACT,0,3445877
tabA_predicted,0.1111111111111111,8,8,TTAATCAGTCCAATCGCATG,0,3440245
tabA_predicted,0.1111111111111111,8,8,TTAAGTGGCGGATCGACTGT,0,3442708
tabA_predicted,0.1111111111111111,8,8,TTAAGAGCCTCGGCCAATGA,0,3442373
tabA_predicted,0.1111111111111111,8,8,TGTGAGGGCCGAGTCGGTGA,0,3454838
tabA_predicted,0.1111111111111111,8,8,TGTGAGCTAATAGGTATGCC,0,3435239
tabA_predicted,0.1111111111111111,8,8,TGTCCGTCCCTCTGGGCGCA,0,3445818
tabA_predicted,0.1111111111111111,8,8,TGTCATCACCATTAGTCAGG,0,3457972
tabA_predicted,0.1111111111111111,8,8,TGTCAGAGCGACGTACGCGA,0,3437403
tabA_predicted,0.1111111111111111,8,8,TGTAATCGTGCTGGCGGAGA,0,3441107
tabA_predicted,0.1111111111111111,8,8,TGGGGAATGGCTCCGCCAAC,0,3456577
tabA_predicted,0.1111111111111111,8,8,TGGGATAATACTTGTTGCAG,0,3464325
tabA_predicted,0.1111111111111111,8,8,TGGCTCCTAATCCAGCGACA,0,3463290
tabA_predicted,0.1111111111111111,8,8,TGGCGCCTTTGGATCTCCGC,0,3461296
tabA_predicted,0.1111111111111111,8,8,TGGCAAAGGGGTGTCGTTAA,0,3443765
tabA_predicted,0.1111111111111111,8,8,TGGAATCGCACAGTTGATCC,0,3434867
tabA_predicted,0.1111111111111111,8,8,TGGAATATTTCTGTTGCTCC,0,3432861
tabA_predicted,0.1111111111111111,8,8,TGCTCCCTTTGATGGCAGCT,0,3455274
tabA_predicted,0.1111111111111111,8,8,TGCTCACCAGATGGTTCGTA,0,3449001
tabA_predicted,0.1111111111111111,8,8,TGCGGCGTTATGGTTGTGCG,0,3450789
tabA_predicted,0.1111111111111111,8,8,TGCGCCCCATAGCGTCGCTT,0,3447623
tabA_predicted,0.1111111111111111,8,8,TGCGCATGGAGGTCTGAAGT,0,3447761
tabA_predicted,0.1111111111111111,8,8,TGCCCAGTCAATTTGAGTGT,0,3452190
tabA_predicted,0.1111111111111111,8,8,TGCCAAGCTTGTCTTATCAG,0,3443097
tabA_predicted,0.1111111111111111,8,8,TGCACATCAGTGAAGTGTGC,0,3439047
tabA_predicted,0.1111111111111111,8,8,TGCAATGGAGTAGCGCTGTA,0,3458188
tabA_predicted,0.1111111111111111,8,8,TGATGGTGTTCTCGACCCAG,0,3436818
tabA_predicted,0.1111111111111111,8,8,TGATCGACCAATTTTTCGGC,0,3440267
tabA_predicted,0.1111111111111111,8,8,TGATATTACCGTGCGGTGGG,0,3438081
tabA_predicted,0.1111111111111111,8,8,TGAGTTTTCGCGACTAGCAA,0,3453800
tabA_predicted,0.1111111111111111,8,8,TGAGGTTTCAATAGGGTGAG,0,3452915
tabA_predicted,0.1111111111111111,8,8,TGAGGCCTCCAATAACTTAA,0,3444722
tabA_predicted,0.1111111111111111,8,8,TGAGCGCGTCTGTGCAAACA,0,3442156
tabA_predicted,0.1111111111111111,8,8,TGACTATCGCAAAACACGAA,0,3464892
tabA_predicted,0.1111111111111111,8,8,TGACACGCACGCCTCCTTCA,0,3449633
tabA_predicted,0.1111111111111111,8,8,TGACAATAGTAGACCGACAT,0,3435135
tabA_predicted,0.1111111111111111,8,8,TGAAGGTGATGTGATCCATC,0,3438383
tabA_predicted,0.1111111111111111,8,8,TGAAGCCGCTACTAGCCGCC,0,3447177
tabA_predicted,0.1111111111111111,8,8,TCTTGTAATCGACGTTCTAC,0,3444133
tabA_predicted,0.1111111111111111,8,8,TCTTGCATACCATTTCCGAC,0,3451315
tabA_predicted,0.1111111111111111,8,8,TCTTCGTATCGTATGCGCGT,0,3446210
tabA_predicted,0.1111111111111111,8,8,TCTTAGGTTTAAGAGATGCG,0,3445528
tabA_predicted,0.1111111111111111,8,8,TCTGGGTTGACAAGAATGCT,0,3452172
tabA_predicted,0.1111111111111111,8,8,TCTGATGACACAATGGTGTA,0,3464513
tabA_predicted,0.1111111111111111,8,8,TCTCTTATCGGTTACATAAT,0,3462470
tabA_predicted,0.1111111111111111,8,8,TCTCAGCACACTGGTATGTA,0,3446648
tabA_predicted,0.1111111111111111,8,8,TCTAACCTTTCGGAGCTAAT,0,3460290
tabA_predicted,0.1111111111111111,8,8,TCGTCCAAATCCCCCCCGTA,0,3437216
tabA_predicted,0.1111111111111111,8,8,TCGGTTTCATGCGCTCCGGC,0,3444836
tabA_predicted,0.1111111111111111,8,8,TCGGAGCAGGACCACGTGTT,0,3458948
tabA_predicted,0.1111111111111111,8,8,TCGCATAGCTTGGTAACCTT,0,3454833
tabA_predicted,0.1111111111111111,8,8,TCGCACACTGTTTCGGACTG,0,3446567
tabA_predicted,0.1111111111111111,8,8,TCGAAACTTAAGCCAAATAC,0,3459228
tabA_predicted,0.1111111111111111,8,8,TCCGTCTTCGAAAGTTGGAG,0,3451317
tabA_predicted,0.1111111111111111,8,8,TCCGGCTGCTTGCGCCTCCA,0,3437825
tabA_predicted,0.1111111111111111,8,8,TCCGGCCGGTGGAAAGTAGA,0,3440643
tabA_predicted,0.1111111111111111,8,8,TCCCTGCAAAAATGTCGTTC,0,3459204
tabA_predicted,0.1111111111111111,8,8,TCCATCTGGGAAGCGATAGG,0,3446050
tabA_predicted,0.1111111111111111,8,8,TCCAAAACTCGTTTTTCACG,0,3434985
tabA_predicted,0.1111111111111111,8,8,TCATATAACCGATCTGTTTT,0,3444116
tabA_predicted,0.1111111111111111,8,8,TCAGGCCGACGAACTCGGGT,0,3454574
tabA_predicted,0.1111111111111111,8,8,TCAGCTGTGAAACAAGGCTT,0,3453727
tabA_predicted,0.1111111111111111,8,8,TCAGATAAAAATCTCGACAA,0,3448732
tabA_predicted,0.1111111111111111,8,8,TCAGAGTGGTAATGGTTCGA,0,3465331
tabA_predicted,0.1111111111111111,8,8,TCACTGCTTGAAGCGAAGGA,0,3433315
tabA_predicted,0.1111111111111111,8,8,TCACTGACGGGCAGGTTCCT,0,3447093
tabA_predicted,0.1111111111111111,8,8,TCACGTTGCGGAGGCCCTAG,0,3434419
tabA_predicted,0.1111111111111111,8,8,TCACCTCGAGTAGGATCCGT,0,3448740
tabA_predicted,0.1111111111111111,8,8,TCACAGGTGTTCAGCGACGG,0,3435431
tabA_predicted,0.1111111111111111,8,8,TCAAGGGCCGACTCGAGCGC,0,3433359
tabA_predicted,0.1111111111111111,8,8,TCAACTGCAACACCGACTCA,0,3461665
tabA_predicted,0.1111111111111111,8,8,TATTGCCTCTCTGGTGCCGT,0,3451017
tabA_predicted,0.1111111111111111,8,8,TATTATACGTTCATCGCGAA,0,3432044
tabA_predicted,0.1111111111111111,8,8,TATGTACGAGATCGCCGCGT,0,3436211
tabA_predicted,0.1111111111111111,8,8,TATGATTTCGTTATCTTGTC,0,3450474
tabA_predicted,0.1111111111111111,8,8,TATCGACATGCCTGCGGCGC,0,3448434
tabA_predicted,0.1111111111111111,8,8,TATCCGCGATTGCAGGCCTA,0,3445715
tabA_predicted,0.1111111111111111,8,8,TATCAGCCTGGCTTCCAAAT,0,3446526
tabA_predicted,0.1111111111111111,8,8,TATACGGTTATAGTGCAAAG,0,3456142
tabA_predicted,0.1111111111111111,8,8,TATACCATGATTCGGCACCA,0,3462054
tabA_predicted,0.1111111111111111,8,8,TATAAGAACAACCTCTAGGT,0,3447645
tabA_predicted,0.1111111111111111,8,8,TAGGTGAGGCCATGTCAGGA,0,3431716
tabA_predicted,0.1111111111111111,8,8,TAGGGCGATAGACGAACTGT,0,3454612
tabA_predicted,0.1111111111111111,8,8,TAGGCCTATGTTAAGCAATA,0,3464768
tabA_predicted,0.1111111111111111,8,8,TAGCGTAGCCGGCTGCGGCT,0,3447979
tabA_predicted,0.1111111111111111,8,8,TAGCGAATATCAGCACGCCC,0,3459117
tabA_predicted,0.1111111111111111,8,8,TAGCCGCATGGGTCATGTAT,0,3433395
tabA_predicted,0.1111111111111111,8,8,TAGAGAGCCACGAGTCTGTT,0,3442971
tabA_predicted,0.1111111111111111,8,8,TAGACCCCTATACGGAGAAG,0,3455928
tabA_predicted,0.1111111111111111,8,8,TAGAACCTTAGCAAGCTTAG,0,3438761
tabA_predicted,0.1111111111111111,8,8,TACTTTACGGGCGCTGAAGT,0,3434864
tabA_predicted,0.1111111111111111,8,8,TACTTCTTGCGCTCCAGGTG,0,3465426
tabA_predicted,0.1111111111111111,8,8,TACGCACGGGACGTGTCAGC,0,3442208
tabA_predicted,0.1111111111111111,8,8,TACGAACTGCACCAGGCTGT,0,3465551
tabA_predicted,0.1111111111111111,8,8,TAAGCGTCAGACGCATGATG,0,3463471
tabA_predicted,0.1111111111111111,8,8,TAAGAGGAATTGCGCTCTGG,0,3452658
tabA_predicted,0.1111111111111111,8,8,TAAGAATTCTCGACTCTGTA,0,3436548
tabA_predicted,0.1111111111111111,8,8,TAAAGCGATCCCAGGCCCGT,0,3438717
tabA_predicted,0.1111111111111111,8,8,GTTTGAACGTTCTTAAGGGA,0,3460281
tabA_predicted,0.1111111111111111,8,8,GTTGGATATAGTTGTGCACT,0,3456266
tabA_predicted,0.1111111111111111,8,8,GTTGATTCGTGCTTAGTACA,0,3459962
tabA_predicted,0.1111111111111111,8,8,GTTGAGTAGCCCGTAAGGGG,0,3434906
tabA_predicted,0.1111111111111111,8,8,GTTCGTACTAGGGGAGTGCC,0,3455595
tabA_predicted,0.1111111111111111,8,8,GTTATTTATATGCGCTTGGT,0,3436700
tabA_predicted,0.1111111111111111,8,8,GTTATTGAGTCGGTACCAGC,0,3442093
tabA_predicted,0.1111111111111111,8,8,GTTATGTGTAAAGGTGGTAA,0,3458289
tabA_predicted,0.1111111111111111,8,8,GTTAGGTCTGAAGTGCGGCG,0,3440147
tabA_predicted,0.1111111111111111,8,8,GTTAGAAAGGGTATCCACAT,0,3458496
tabA_predicted,0.1111111111111111,8,8,GTTAAGTTTATGTAGCGGTA,0,3460750
tabA_predicted,0.1111111111111111,8,8,GTGTGTGTCCGGACAACGTA,0,3435372
tabA_predicted,0.1111111111111111,8,8,GTGTATGGTTCTTGATCAGA,0,3446405
tabA_predicted,0.1111111111111111,8,8,GTGGTTTACCACCTTCCTAG,0,3448023
tabA_predicted,0.1111111111111111,8,8,GTGGGTGGCGACCAGGTGAA,0,3460708
tabA_predicted,0.1111111111111111,8,8,GTGGGGGCAGAGAAACAATT,0,3439783
tabA_predicted,0.1111111111111111,8,8,GTGGATTGATCTAGCCTATG,0,3464072
tabA_predicted,0.1111111111111111,8,8,GTGAATGGTCAAGTTGGCGA,0,3444759
tabA_predicted,0.1111111111111111,8,8,GTGAACAATGTCGAGCCTTG,0,3447015
tabA_predicted,0.1111111111111111,8,8,GTCTTGAGAAGCTAGAGCGT,0,3431664
tabA_predicted,0.1111111111111111,8,8,GTCGTAAGGACGGTTCAGAT,0,3463626
tabA_predicted,0.1111111111111111,8,8,GTCGGCATAGGCTCAACTAG,0,3440642
tabA_predicted,0.1111111111111111,8,8,GTCGCATCTCGAGTAGATAG,0,3433923
tabA_predicted,0.1111111111111111,8,8,GTCCTGCAATAGGCATGTGC,0,3440049
tabA_predicted,0.1111111111111111,8,8,GTCCCTATAAAGACTTACGT,0,3442124
tabA_predicted,0.1111111111111111,8,8,GTCCCCGGGGCGGCCTCTTG,0,3434256
tabA_predicted,0.1111111111111111,8,8,GTCCCAATCTTTTGTACCAG,0,3431953
tabA_predicted,0.1111111111111111,8,8,GTATACACCTTGAGTCGTGT,0,3443768
tabA_predicted,0.1111111111111111,8,8,GTAGGTACCAATAAGATATT,0,3461986
tabA_predicted,0.1111111111111111,8,8,GTAGCGGGGTTTATCTCAGC,0,3441229
tabA_predicted,0.1111111111111111,8,8,GTAGATGAACGACTTCCGGT,0,3440011
tabA_predicted,0.1111111111111111,8,8,GGTTGCACGTTGCCCCACTG,0,3465174
tabA_predicted,0.1111111111111111,8,8,GGTTGAGGTTCATGGTCAGA,0,3445026
tabA_predicted,0.1111111111111111,8,8,GGTTCCTAAGGGCCGGGAAC,0,3441588
tabA_predicted,0.1111111111111111,8,8,GGTGGGGTTGAGAGCCCTTT,0,3442814
tabA_predicted,0.1111111111111111,8,8,GGTGCGCGTCAATAAAAGGA,0,3433571
tabA_predicted,0.1111111111111111,8,8,GGTGATATCGGAGTCACAAG,0,3433084
tabA_predicted,0.1111111111111111,8,8,GGTCTCTAACAATCGGACAA,0,3439017
tabA_predicted,0.1111111111111111,8,8,GGTCCGGATGCCAATTTGAG,0,3444742
tabA_predicted,0.1111111111111111,8,8,GGTCCCTCTGACCCCCAGGC,0,3462681
tabA_predicted,0.1111111111111111,8,8,GGTATAGGTGTCTCCAAACT,0,3437148
tabA_predicted,0.1111111111111111,8,8,GGTAGACAGGAACGATGTCA,0,3464475
tabA_predicted,0.1111111111111111,8,8,GGTAAACACTGTCTCGCTCT,0,3434315
tabA_predicted,0.1111111111111111,8,8,GGTAAAATTACTTCTGGAGG,0,3455254
tabA_predicted,0.1111111111111111,8,8,GGGTTGATCTCTGAAGGCCT,0,3461440
tabA_predicted,0.1111111111111111,8,8,GGGTCTGGGGTGAGGCTGTC,0,3443410
tabA_predicted,0.1111111111111111,8,8,GGGGTATATACTTGAGCACG,0,3464043
tabA_predicted,0.1111111111111111,8,8,GGGGCTACCTCAGGTATATG,0,3456562
tabA_predicted,0.1111111111111111,8,8,GGGGAAAGTATGGTCGGATT,0,3442502
tabA_predicted,0.1111111111111111,8,8,GGGATATGGGGTCATGCGAC,0,3450662
tabA_predicted,0.1111111111111111,8,8,GGGACTACCTTTCAATAGGA,0,3461675
tabA_predicted,0.1111111111111111,8,8,GGGACGGTCAGTTCTTGTTA,0,3453160
tabA_predicted,0.1111111111111111,8,8,GGGACCAGGGTCGAGAAGGT,0,3446596
tabA_predicted,0.1111111111111111,8,8,GGGAAATCTGGCGTCTCCTA,0,3463177
tabA_predicted,0.1111111111111111,8,8,GGCTCGGCAGTGGCTCCAGG,0,3448860
tabA_predicted,0.1111111111111111,8,8,GGCGTGCGATTCGGTTCAGT,0,3442573
tabA_predicted,0.1111111111111111,8,8,GGCGTACCAGATCAAATTGT,0,3438162
tabA_predicted,0.1111111111111111,8,8,GGCGCTGTAGCTGTCACGCT,0,3448513
tabA_predicted,0.1111111111111111,8,8,GGCGCGGGGAATACCGCGGA,0,3465208
tabA_predicted,0.1111111111111111,8,8,GGCGACCGCACTGACAACGG,0,3441184
tabA_predicted,0.1111111111111111,8,8,GGCCTCGATGGTGTTCCCCT,0,3441635
tabA_predicted,0.1111111111111111,8,8,GGCCGCACAACTAATTTTCG,0,3438957
tabA_predicted,0.1111111111111111,8,8,GGATGGTCGCCTAACGATTG,0,3461853
tabA_predicted,0.1111111111111111,8,8,GGAGTTTCTCCACGATAGGG,0,3439641
tabA_predicted,0.1111111111111111,8,8,GGAGTCGAGCTCCATAACAG,0,3455223
tabA_predicted,0.1111111111111111,8,8,GGAGGGCAAAATTAACCCTC,0,3444308
tabA_predicted,0.1111111111111111,8,8,GGAGGATTGGGACTGTCACT,0,3462559
tabA_predicted,0.1111111111111111,8,8,GGAGATCGCCGATTAGGAAG,0,3447194
tabA_predicted,0.1111111111111111,8,8,GGACTCCCGGCCTGACTTGG,0,3432185
tabA_predicted,0.1111111111111111,8,8,GGAATACTCGCGTGAGAATC,0,3458512
tabA_predicted,0.1111111111111111,8,8,GGAAGTCAACAGGAAAAGTC,0,3455051
tabA_predicted,0.1111111111111111,8,8,GGAACCCTTGGAGGGTAAGA,0,3453883
tabA_predicted,0.1111111111111111,8,8,GCTTCGTCCTCCCACCGTAC,0,3435956
tabA_predicted,0.1111111111111111,8,8,GCTTCGGTGCGTCACAACGA,0,3447958
tabA_predicted,0.1111111111111111,8,8,GCTGGGACGCGTGTACGATA,0,3447953
tabA_predicted,0.1111111111111111,8,8,GCTGCTTCCCCGGCTCGGGG,0,3451560
tabA_predicted,0.1111111111111111,8,8,GCTGATATAAAGAGCTACGC,0,3459728
tabA_predicted,0.1111111111111111,8,8,GCTCGTGAGATCTCTTGTCT,0,3433882
tabA_predicted,0.1111111111111111,8,8,GCTCGACCATCAACAATGGA,0,3463262
tabA_predicted,0.1111111111111111,8,8,GCTCAAGGAGACGTATCCCG,0,3442793
tabA_predicted,0.1111111111111111,8,8,GCTATCCTCTCGTACCCATG,0,3464474
tabA_predicted,0.1111111111111111,8,8,GCTATACTATCTCGGACCGA,0,3465358
tabA_predicted,0.1111111111111111,8,8,GCTAGTTGCTTGAGTCACTC,0,3435900
tabA_predicted,0.1111111111111111,8,8,GCTAGGTGGGTAAATAGCAT,0,3454555
tabA_predicted,0.1111111111111111,8,8,GCTACGTGCCAAAAGCCAAC,0,3462525
tabA_predicted,0.1111111111111111,8,8,GCTACATATCCTGAGACTTC,0,3461011
tabA_predicted,0.1111111111111111,8,8,GCTAAGTAGGCATAAGCGCT,0,3432683
tabA_predicted,0.1111111111111111,8,8,GCGTTGATGTTTGCCCTATC,0,3442371
tabA_predicted,0.1111111111111111,8,8,GCGTAGCCGTCCCAGCTCTG,0,3442725
tabA_predicted,0.1111111111111111,8,8,GCGGTAGACCCACCGGTACC,0,3451474
tabA_predicted,0.1111111111111111,8,8,GCGGCCAGACTCATCTTCTG,0,3438362
tabA_predicted,0.1111111111111111,8,8,GCGCCGGGTCAAATTGGTAG,0,3444086
tabA_predicted,0.1111111111111111,8,8,GCGCCCCGTTATGTAAAAGG,0,3438664
tabA_predicted,0.1111111111111111,8,8,GCGATGTTGGATGCAGGCGT,0,3448031
tabA_predicted,0.1111111111111111,8,8,GCCTTTAGCAGGAATTAACT,0,3450476
tabA_predicted,0.1111111111111111,8,8,GCCGCGTCGCCTCAGGCCTA,0,3459336
tabA_predicted,0.1111111111111111,8,8,GCCCTGTACGCAATAGAGGC,0,3431413
tabA_predicted,0.1111111111111111,8,8,GCCCCTAATTTGTTTTTTTG,0,3453184
tabA_predicted,0.1111111111111111,8,8,GCCCCGGGTGGCACACTTCA,0,3433782
tabA_predicted,0.1111111111111111,8,8,GCCACTAGATGGCTAGCATA,0,3447495
tabA_predicted,0.1111111111111111,8,8,GCCAATGTGAGCAAAAAATC,0,3447165
tabA_predicted,0.1111111111111111,8,8,GCATTAAGACTTGGCAGCGT,0,3440641
tabA_predicted,0.1111111111111111,8,8,GCATGGTCTCTAGGCGTAGC,0,3443420
tabA_predicted,0.1111111111111111,8,8,GCAGTTGTCCCATCGGAAAC,0,3446106
tabA_predicted,0.1111111111111111,8,8,GCAGGGCAGCCCTATTCGCA,0,3432541
tabA_predicted,0.1111111111111111,8,8,GCAGCTGTTTCGGGGTAAGT,0,3451695
tabA_predicted,0.1111111111111111,8,8,GCAGCGATAGTAGAGTCGCC,0,3465084
tabA_predicted,0.1111111111111111,8,8,GCAGATTTAGAACTCTCTCT,0,3457749
tabA_predicted,0.1111111111111111,8,8,GCAGACAAGGGAATAGTAAG,0,3440731
tabA_predicted,0.1111111111111111,8,8,GCACTATCTAGCAGGTCGAA,0,3440773
tabA_predicted,0.1111111111111111,8,8,GCACGTTTGCGTGATTTCGC,0,3445699
tabA_predicted,0.1111111111111111,8,8,GCACAGGCCGCCAAATAACT,0,3454816
tabA_predicted,0.1111111111111111,8,8,GCAATCGGTTTACTCGGTAA,0,3457940
tabA_predicted,0.1111111111111111,8,8,GCAAGGTAATTTTTGGATGC,0,3452430
tabA_predicted,0.1111111111111111,8,8,GCAACGCGACTGAGAACGTG,0,3448702
tabA_predicted,0.1111111111111111,8,8,GATTCGCACACCCGGAACCA,0,3454571
tabA_predicted,0.1111111111111111,8,8,GATTAGACCTGGGGGGTATT,0,3449834
tabA_predicted,0.1111111111111111,8,8,GATTACCAGGTATCTAATCC,0,3459874
tabA_predicted,0.1111111111111111,8,8,GATTAACTGACGTAGGAATC,0,3464545
tabA_predicted,0.1111111111111111,8,8,GATGTTCATCAACGGACTCG,0,3465907
tabA_predicted,0.1111111111111111,8,8,GATGTGACTTTTCCCGACAC,0,3444053
tabA_predicted,0.1111111111111111,8,8,GATGGCTAACGTATGAGCGA,0,3462564
tabA_predicted,0.1111111111111111,8,8,GATATGAGCTATGAGCCCCT,0,3460052
tabA_predicted,0.1111111111111111,8,8,GAGTTGGCAGGGGCTTGTGC,0,3440716
tabA_predicted,0.1111111111111111,8,8,GAGTTGACAAATGATAGGGT,0,3440288
tabA_predicted,0.1111111111111111,8,8,GAGTGGTACTTGCATTTAAC,0,3457528
tabA_predicted,0.1111111111111111,8,8,GAGTACGTCGATAGTTTGGC,0,3435645
tabA_predicted,0.1111111111111111,8,8,GAGGCTCCCGTCTTCTAATT,0,3452231
tabA_predicted,0.1111111111111111,8,8,GAGCCTTGGCCGATCTGGGG,0,3437245
tabA_predicted,0.1111111111111111,8,8,GAGCCGGCATGCTATACATG,0,3455589
tabA_predicted,0.1111111111111111,8,8,GAGATGCACTAATTAATGGT,0,3452604
tabA_predicted,0.1111111111111111,8,8,GAGATCGCCGTGCCACAGGT,0,3454835
tabA_predicted,0.1111111111111111,8,8,GAGACGGCGGCACCAATTAT,0,3443368
tabA_predicted,0.1111111111111111,8,8,GACTTAAACCATCAGGCGGT,0,3432578
tabA_predicted,0.1111111111111111,8,8,GACTCAGTCGAGATTTCCTA,0,3431469
tabA_predicted,0.1111111111111111,8,8,GACGTCCCGATGAGGGAAGC,0,3440959
tabA_predicted,0.1111111111111111,8,8,GACGAGTGTCTTGAAGTTCA,0,3447751
tabA_predicted,0.1111111111111111,8,8,GACGAGCCACCGCCGTGATC,0,3460563
tabA_predicted,0.1111111111111111,8,8,GACCCCGAGTTCTTTGAAGC,0,3440481
tabA_predicted,0.1111111111111111,8,8,GACATTGCATCCAACATAGA,0,3454640
tabA_predicted,0.1111111111111111,8,8,GAATTAGGCTACCTGGCTAA,0,3446523
tabA_predicted,0.1111111111111111,8,8,GAATTACGGTAGGAGTCATG,0,3465394
tabA_predicted,0.1111111111111111,8,8,GAAGGGGGCACTATAATTCC,0,3448158
tabA_predicted,0.1111111111111111,8,8,GAAGCGATCTGAGTTCGTTA,0,3446444
tabA_predicted,0.1111111111111111,8,8,GAAGAGTTGTGCACGTATAT,0,3445286
tabA_predicted,0.1111111111111111,8,8,GAACGGGCTGACAACGCGAA,0,3449051
tabA_predicted,0.1111111111111111,8,8,CTTTTCGAGGGCGCAAAAAT,0,3456881
tabA_predicted,0.1111111111111111,8,8,CTTTTAGAAGTATGTGTCAT,0,3455065
tabA_predicted,0.1111111111111111,8,8,CTTTGTCGCAACCAGTGCCA,0,3456412
tabA_predicted,0.1111111111111111,8,8,CTTTGGTGTCACGGGTTTTG,0,3446915
tabA_predicted,0.1111111111111111,8,8,CTTTCGGGGTCTAAGAAGAC,0,3434232
tabA_predicted,0.1111111111111111,8,8,CTTCGCGATCTGAAATAAGG,0,3448724
tabA_predicted,0.1111111111111111,8,8,CTTCCGGCGTTTGTACCATT,0,3447445
tabA_predicted,0.1111111111111111,8,8,CTTCAAAGCTTTAGGGTTGG,0,3447646
tabA_predicted,0.1111111111111111,8,8,CTTAGTGGTGTTTCGTGTAC,0,3449431
tabA_predicted,0.1111111111111111,8,8,CTGTTGGACAGCACAGTCGT,0,3438069
tabA_predicted,0.1111111111111111,8,8,CTGTGCAATCTTACGGCTTG,0,3435308
tabA_predicted,0.1111111111111111,8,8,CTGTCTATAAGGCCGAATGT,0,3441980
tabA_predicted,0.1111111111111111,8,8,CTGGTCTCAGTAAGTGTTCA,0,3450925
tabA_predicted,0.1111111111111111,8,8,CTGGCCTGGATCTGAACATT,0,3446288
tabA_predicted,0.1111111111111111,8,8,CTGCGTCTCTTTTAGCCGGA,0,3460522
tabA_predicted,0.1111111111111111,8,8,CTGAGATAAGCGGTTACAAG,0,3462984
tabA_predicted,0.1111111111111111,8,8,CTGAAAATAAACCCGGCAAG,0,3450471
tabA_predicted,0.1111111111111111,8,8,CTCTATTGTTGGATGGTTAT,0,3457946
tabA_predicted,0.1111111111111111,8,8,CTCGGCAAGGGGCTTTAGAG,0,3456000
tabA_predicted,0.1111111111111111,8,8,CTCCATTCGGTCCATCTATA,0,3462527
tabA_predicted,0.1111111111111111,8,8,CTCATGGCTATAGAAAGCCT,0,3446145
tabA_predicted,0.1111111111111111,8,8,CTCATATACACACACGCTTT,0,3440983
tabA_predicted,0.1111111111111111,8,8,CTATGCAACAGCAGTTGTTT,0,3438156
tabA_predicted,0.1111111111111111,8,8,CTATCTTATCCTGTCCATCT,0,3441285
tabA_predicted,0.1111111111111111,8,8,CTATAGATGGGGTGCCTGAG,0,3464268
tabA_predicted,0.1111111111111111,8,8,CTATAAGACACGACAGCATC,0,3434360
tabA_predicted,0.1111111111111111,8,8,CTAGTATAAGGGCCGCACGC,0,3446359
tabA_predicted,0.1111111111111111,8,8,CTAGACTTATCCGGGGAGAT,0,3455410
tabA_predicted,0.1111111111111111,8,8,CTACCCAAAGCGACCCTGTG,0,3445304
tabA_predicted,0.1111111111111111,8,8,CTAATTAAGTGAGCCACTGA,0,3462228
tabA_predicted,0.1111111111111111,8,8,CTAATCATCGGGTCATTTTT,0,3449718
tabA_predicted,0.1111111111111111,8,8,CTAACCAAGTTAGGCGAGGG,0,3444859
tabA_predicted,0.1111111111111111,8,8,CGTTTGTTTCTCTTTGAGAG,0,3452903
tabA_predicted,0.1111111111111111,8,8,CGTTGTCTAGCCAGACTTGT,0,3448850
tabA_predicted,0.1111111111111111,8,8,CGTTGCAAAGCGGAATGTAG,0,3464928
tabA_predicted,0.1111111111111111,8,8,CGTTATGCTTCGACCCAAGC,0,3436976
tabA_predicted,0.1111111111111111,8,8,CGTTACCGCCTTAATGCGGC,0,3445622
tabA_predicted,0.1111111111111111,8,8,CGTTAACAAGACGAGGCCCA,0,3463499
tabA_predicted,0.1111111111111111,8,8,CGTGTTTGTAGGTGCTTGGC,0,3461716
tabA_predicted,0.1111111111111111,8,8,CGTGTGCCAAATCTATAACC,0,3463762
tabA_predicted,0.1111111111111111,8,8,CGTGTATACTCTACGGGCTT,0,3453248
tabA_predicted,0.1111111111111111,8,8,CGTCCCCCGCTAATCTCTCC,0,3457534
tabA_predicted,0.1111111111111111,8,8,CGTAGGCTGTTTTGTCACCG,0,3447010
tabA_predicted,0.1111111111111111,8,8,CGGTTGCAAGAGCCAGGTTC,0,3439068
tabA_predicted,0.1111111111111111,8,8,CGGTGTCTAAGAAGCGTGTA,0,3455270
tabA_predicted,0.1111111111111111,8,8,CGGTCTACCGGTTTTAGAGC,0,3459610
tabA_predicted,0.1111111111111111,8,8,CGGTAGGGGGATCGACGACC,0,3434207
tabA_predicted,0.1111111111111111,8,8,CGGGTCAGGGTGTTTGATGT,0,3463983
tabA_predicted,0.1111111111111111,8,8,CGGGTAGAGCTAGCGAAATT,0,3444191
tabA_predicted,0.1111111111111111,8,8,CGGGGGGGTACCTGCCCCTA,0,3438108
tabA_predicted,0.1111111111111111,8,8,CGGGAGGTTGAATTCGCACA,0,3465304
tabA_predicted,0.1111111111111111,8,8,CGGGACACCGGTTTGTGAAG,0,3437268
tabA_predicted,0.1111111111111111,8,8,CGGCTTGCTTTTTCATATGT,0,3432371
tabA_predicted,0.1111111111111111,8,8,CGGACTATCAGGTATCGAAC,0,3441953
tabA_predicted,0.1111111111111111,8,8,CGGACAACTTAATTGGTAAA,0,3460830
tabA_predicted,0.1111111111111111,8,8,CGGAACATACTGCGATGTAT,0,3459312
tabA_predicted,0.1111111111111111,8,8,CGCGTGCGCCTTAATTGAGT,0,3441434
tabA_predicted,0.1111111111111111,8,8,CGCATTGGCTCGGATATTGT,0,3437295
tabA_predicted,0.1111111111111111,8,8,CGCAGTGATCTCGGCACAGA,0,3439069
tabA_predicted,0.1111111111111111,8,8,CGCAGACATCGAAGGACTAA,0,3453339
tabA_predicted,0.1111111111111111,8,8,CGATTCACCGCTCCCGGAAA,0,3450244
tabA_predicted,0.1111111111111111,8,8,CGATGGAGTCGCCGCTCAGC,0,3450056
tabA_predicted,0.1111111111111111,8,8,CGATGCGCTATCCTATACGA,0,3447586
tabA_predicted,0.1111111111111111,8,8,CGATATGCTTAATCATGCGG,0,3442760
tabA_predicted,0.1111111111111111,8,8,CGATACGCTTTCCCCATTGG,0,3451710
tabA_predicted,0.1111111111111111,8,8,CGAGTATTCCGTACAGGTAT,0,3443825
tabA_predicted,0.1111111111111111,8,8,CGAGGGAGCCACGGGCAAGC,0,3442180
tabA_predicted,0.1111111111111111,8,8,CGACTTGCGCAGTGTGATTC,0,3442318
tabA_predicted,0.1111111111111111,8,8,CGACTGCATCACGAAGTTCC,0,3462244
tabA_predicted,0.1111111111111111,8,8,CGACAGTGGGAGAACAGTGA,0,3460761
tabA_predicted,0.1111111111111111,8,8,CGAAAAAACAGACCATGTAA,0,3434656
tabA_predicted,0.1111111111111111,8,8,CCTGTATCGAGTAGGGGATC,0,3442915
tabA_predicted,0.1111111111111111,8,8,CCTGTAATTCGTGAAATGTG,0,3462007
tabA_predicted,0.1111111111111111,8,8,CCTGCCTGAAACGATTATTT,0,3433723
tabA_predicted,0.1111111111111111,8,8,CCTCGCTTGGTCCTTTTTGT,0,3453452
tabA_predicted,0.1111111111111111,8,8,CCTCGAGTTATCAAGCGGGG,0,3451250
tabA_predicted,0.1111111111111111,8,8,CCTCATGTCCCCCCTTGGTC,0,3462196
tabA_predicted,0.1111111111111111,8,8,CCTAGCTGGCCGATCGTACC,0,3441893
tabA_predicted,0.1111111111111111,8,8,CCGTTTCAATCAAATCAATC,0,3459868
tabA_predicted,0.1111111111111111,8,8,CCGTGATTCTGTAGTCCATA,0,3441665
tabA_predicted,0.1111111111111111,8,8,CCGTCGTGGATCTCACGAAG,0,3436859
tabA_predicted,0.1111111111111111,8,8,CCGTAGAATACGCGTGGGGG,0,3456495
tabA_predicted,0.1111111111111111,8,8,CCGGTAAATGAGCTTAAGCT,0,3445560
tabA_predicted,0.1111111111111111,8,8,CCGGGACCTGTCCGGTAGAC,0,3452757
tabA_predicted,0.1111111111111111,8,8,CCGCTTTCAACAAATTGCAG,0,3462538
tabA_predicted,0.1111111111111111,8,8,CCGCGGATTTCGAGGAGAGC,0,3444819
tabA_predicted,0.1111111111111111,8,8,CCCTTTTCTTTAATCGTATC,0,3446107
tabA_predicted,0.1111111111111111,8,8,CCCTATACTCTGGGTGACTT,0,3438143
tabA_predicted,0.1111111111111111,8,8,CCCTAGGTAAAATTACATGA,0,3461322
tabA_predicted,0.1111111111111111,8,8,CCCGTTCCCTTGCCATTACT,0,3440217
tabA_predicted,0.1111111111111111,8,8,CCCGTCTTGACGGTATCCTG,0,3457554
tabA_predicted,0.1111111111111111,8,8,CCCGCTATGGTGTAGCATAT,0,3443706
tabA_predicted,0.1111111111111111,8,8,CCCATAGTGGGCTATAGCCC,0,3435995
tabA_predicted,0.1111111111111111,8,8,CCATGAACAGCTGGAATCAT,0,3443808
tabA_predicted,0.1111111111111111,8,8,CCATCGCAACTATAGAGTGG,0,3443836
tabA_predicted,0.1111111111111111,8,8,CCATATGCTTAAGCTGATCT,0,3444320
tabA_predicted,0.1111111111111111,8,8,CCAGTAGGGGAATGGTATTC,0,3440498
tabA_predicted,0.1111111111111111,8,8,CCAGGAACACGGTGAATTGC,0,3465694
tabA_predicted,0.1111111111111111,8,8,CCAGACTCCGCGCCCTATAC,0,3447874
tabA_predicted,0.1111111111111111,8,8,CCACCATGGGAATCCACCCC,0,3456358
tabA_predicted,0.1111111111111111,8,8,CCACAGCAGGGCACATGCTG,0,3466149
tabA_predicted,0.1111111111111111,8,8,CCACAATCCCCACAGGATAT,0,3439021
tabA_predicted,0.1111111111111111,8,8,CCAATTGGGCTAGTGCGAAA,0,3443639
tabA_predicted,0.1111111111111111,8,8,CCAATTCCCGGGTCATCGAC,0,3434469
tabA_predicted,0.1111111111111111,8,8,CCAAGAGGTCTGACAGGGAA,0,3457760
tabA_predicted,0.1111111111111111,8,8,CATTTGACCACTATCGTCGT,0,3452140
tabA_predicted,0.1111111111111111,8,8,CATTGGTGAATGTTAAGGTA,0,3436267
tabA_predicted,0.1111111111111111,8,8,CATTAAGAAGCTTACAACAA,0,3465807
tabA_predicted,0.1111111111111111,8,8,CATGATCTTCCGACATGTCA,0,3437101
tabA_predicted,0.1111111111111111,8,8,CATCTGAGGATCCGGGGCCT,0,3466171
tabA_predicted,0.1111111111111111,8,8,CATCTCGAAGGATCTTCCCT,0,3436068
tabA_predicted,0.1111111111111111,8,8,CATCCGGACCGATGGGCCAA,0,3455009
tabA_predicted,0.1111111111111111,8,8,CATAGACTGGTTCGGCATGT,0,3431591
tabA_predicted,0.1111111111111111,8,8,CAGTTTAAAAACCGCCGTGT,0,3446283
tabA_predicted,0.1111111111111111,8,8,CAGTCAACGACCTTTGACAT,0,3436268
tabA_predicted,0.1111111111111111,8,8,CAGTAGCGGCAATCCTATAG,0,3443413
tabA_predicted,0.1111111111111111,8,8,CAGTACCTGAGCCGCCAGAT,0,3445610
tabA_predicted,0.1111111111111111,8,8,CAGGCCAGCGTGACAGTATT,0,3440533
tabA_predicted,0.1111111111111111,8,8,CAGGCACGACCGTGTCTGTT,0,3435425
tabA_predicted,0.1111111111111111,8,8,CAGGACAACTCCCCGCCCCT,0,3435281
tabA_predicted,0.1111111111111111,8,8,CAGCGTCCCTCGACAAACCC,0,3462534
tabA_predicted,0.1111111111111111,8,8,CAGCCCGGCCGTACTTATTT,0,3444022
tabA_predicted,0.1111111111111111,8,8,CAGAAGCCGGGATGCAATTA,0,3442320
tabA_predicted,0.1111111111111111,8,8,CACTAGGCCTTCGGCGGTGA,0,3455430
tabA_predicted,0.1111111111111111,8,8,CACGGGCGATTTCAGTACAT,0,3456210
tabA_predicted,0.1111111111111111,8,8,CACGATCGCCCTAAACTTCA,0,3461132
tabA_predicted,0.1111111111111111,8,8,CACCCGGAAAGACCGTTGGA,0,3464257
tabA_predicted,0.1111111111111111,8,8,CACCCACCTGACTTATTACA,0,3457555
tabA_predicted,0.1111111111111111,8,8,CACACAATTTGCATTCCTTG,0,3463117
tabA_predicted,0.1111111111111111,8,8,CACAATAGGTGGGCGTCGAA,0,3431390
tabA_predicted,0.1111111111111111,8,8,CAATTTGGTTTCGCTAAGGG,0,3447867
tabA_predicted,0.1111111111111111,8,8,CAATGTATCCGCCTTCACGG,0,3460775
tabA_predicted,0.1111111111111111,8,8,CAATGGGGGGGTTTTAAAAG,0,3434614
tabA_predicted,0.1111111111111111,8,8,CAATGGAACCCATCGACTGG,0,3433874
tabA_predicted,0.1111111111111111,8,8,CAATCGCGTACATACTTCAA,0,3464353
tabA_predicted,0.1111111111111111,8,8,CAATAATGGGACACAATTCA,0,3438031
tabA_predicted,0.1111111111111111,8,8,CAAAACATGGCTACTTGGCG,0,3435427
tabA_predicted,0.1111111111111111,8,8,ATTTTGGGCGATGCCTCGCT,0,3431410
tabA_predicted,0.1111111111111111,8,8,ATTTGGTTAATATGGTTTAG,0,3452942
tabA_predicted,0.1111111111111111,8,8,ATTTAGTGTTATGAACGGTA,0,3460015
tabA_predicted,0.1111111111111111,8,8,ATTGTCCAGGGTGCGGCAAG,0,3439861
tabA_predicted,0.1111111111111111,8,8,ATTGATTGAGCAGTTTTGTC,0,3433283
tabA_predicted,0.1111111111111111,8,8,ATTCGTCACACCTGTCCACA,0,3461134
tabA_predicted,0.1111111111111111,8,8,ATTCGACATGGGAATCGGCA,0,3446875
tabA_predicted,0.1111111111111111,8,8,ATTCAGTACTCTCGATAGAG,0,3437232
tabA_predicted,0.1111111111111111,8,8,ATTAGATCTCCGTACAGTCT,0,3461498
tabA_predicted,0.1111111111111111,8,8,ATTACCAGTCGTTCCATCAG,0,3466224
tabA_predicted,0.1111111111111111,8,8,ATGGTAGACATGCGGTACTT,0,3452716
tabA_predicted,0.1111111111111111,8,8,ATGGCTCCCACTCCAAATTC,0,3449080
tabA_predicted,0.1111111111111111,8,8,ATGGCATAGATACTTTGGTA,0,3452533
tabA_predicted,0.1111111111111111,8,8,ATGGATAGTAGGGTCGATCG,0,3452874
tabA_predicted,0.1111111111111111,8,8,ATGGATAAGCGAGATCGGTG,0,3462540
tabA_predicted,0.1111111111111111,8,8,ATGGAAAAAACGCACACAGA,0,3457084
tabA_predicted,0.1111111111111111,8,8,ATGCGGAACATCCGTCCCGG,0,3452343
tabA_predicted,0.1111111111111111,8,8,ATGCAGATTGCCCATAGTCC,0,3466262
tabA_predicted,0.1111111111111111,8,8,ATGACCGTCGTGGGCGCGTT,0,3449112
tabA_predicted,0.1111111111111111,8,8,ATCGTCCTTTAGATACGTGA,0,3435024
tabA_predicted,0.1111111111111111,8,8,ATCGGCTTTGTCACAGGAGG,0,3457761
tabA_predicted,0.1111111111111111,8,8,ATCCGAAGATGTCCGGGCAG,0,3443617
tabA_predicted,0.1111111111111111,8,8,ATCATAAGGCTCATAGCAGT,0,3438760
tabA_predicted,0.1111111111111111,8,8,ATCAGCCCAGGTCGTAGATC,0,3459479
tabA_predicted,0.1111111111111111,8,8,ATCACGACAGGATCTTGCCT,0,3450817
tabA_predicted,0.1111111111111111,8,8,ATCACCGCGGTCCGCTATAA,0,3433374
tabA_predicted,0.1111111111111111,8,8,ATCACAATGTTGAGTGTGTA,0,3438803
tabA_predicted,0.1111111111111111,8,8,ATATTCGGGTATAGAAAAAT,0,3433543
tabA_predicted,0.1111111111111111,8,8,ATATGGCCCGACTTGTCGTG,0,3432588
tabA_predicted,0.1111111111111111,8,8,ATATGATCCAAAATAGATGA,0,3435165
tabA_predicted,0.1111111111111111,8,8,ATATCTATGGGAAGGAACGA,0,3437799
tabA_predicted,0.1111111111111111,8,8,ATATCAGGATTTGCATCCTG,0,3458858
tabA_predicted,0.1111111111111111,8,8,ATATACAGATAAAGCTGACT,0,3461334
tabA_predicted,0.1111111111111111,8,8,ATAGGCCCGGGTCCAGAATC,0,3457936
tabA_predicted,0.1111111111111111,8,8,ATAGATCTAGAATTGCAGAA,0,3441554
tabA_predicted,0.1111111111111111,8,8,ATACTGATGTCTCCGTTTGA,0,3450835
tabA_predicted,0.1111111111111111,8,8,ATACGATTGGTCGCCACACT,0,3445318
tabA_predicted,0.1111111111111111,8,8,ATACCATGAATTTTGAGAGA,0,3445826
tabA_predicted,0.1111111111111111,8,8,ATAATTCTAAGCTCACATTC,0,3438890
tabA_predicted,0.1111111111111111,8,8,AGTTGCACATTACTGTGGAG,0,3448134
tabA_predicted,0.1111111111111111,8,8,AGTTCTGCCTCAGCACTTTA,0,3459532
tabA_predicted,0.1111111111111111,8,8,AGTTAGGAACGGCGGGTCAC,0,3435152
tabA_predicted,0.1111111111111111,8,8,AGTGTACGGGGGTCGCTCTT,0,3457478
tabA_predicted,0.1111111111111111,8,8,AGTGGGTGAAAAATGATATT,0,3439553
tabA_predicted,0.1111111111111111,8,8,AGTCTTTCATTGCACGGATG,0,3447172
tabA_predicted,0.1111111111111111,8,8,AGTCGTAGCGGGATAAAGTG,0,3440529
tabA_predicted,0.1111111111111111,8,8,AGTCAGAATGCTTTACAAAA,0,3434835
tabA_predicted,0.1111111111111111,8,8,AGTAGTGGTTATTCCAAGCT,0,3451205
tabA_predicted,0.1111111111111111,8,8,AGTAGTCTTTTTTATGGGTA,0,3461708
tabA_predicted,0.1111111111111111,8,8,AGTACTGGTCAAATTCCATA,0,3446950
tabA_predicted,0.1111111111111111,8,8,AGGTGCAGTTCAAGCACCCA,0,3448460
tabA_predicted,0.1111111111111111,8,8,AGGTGATAAGTACCAGGCTA,0,3443746
tabA_predicted,0.1111111111111111,8,8,AGGGTTCCGAACAAAGAACA,0,3457537
tabA_predicted,0.1111111111111111,8,8,AGGGGCGTTACAGGTCACTT,0,3432774
tabA_predicted,0.1111111111111111,8,8,AGGGCTGGAACCAAATGTGT,0,3441164
tabA_predicted,0.1111111111111111,8,8,AGGCTTATCTGCCATATTGT,0,3437862
tabA_predicted,0.1111111111111111,8,8,AGGCGTGTTCATTGGAGTGA,0,3448076
tabA_predicted,0.1111111111111111,8,8,AGGCCTGATTAGAGTGAGAA,0,3446779
tabA_predicted,0.1111111111111111,8,8,AGGACGTTTAACTCTTGCAA,0,3445981
tabA_predicted,0.1111111111111111,8,8,AGGACGCTAGAAGAAGACTC,0,3438584
tabA_predicted,0.1111111111111111,8,8,AGGACCCCGATCGGAGAGCT,0,3434764
tabA_predicted,0.1111111111111111,8,8,AGGACAACGGAAAAAGTACT,0,3450116
tabA_predicted,0.1111111111111111,8,8,AGCTTTGGGCAACGGCCGCT,0,3461225
tabA_predicted,0.1111111111111111,8,8,AGCTAGCATTAGGCAAACAT,0,3444438
tabA_predicted,0.1111111111111111,8,8,AGCGAATTCTGGGCTGAACT,0,3459064
tabA_predicted,0.1111111111111111,8,8,AGCGAAGCACCGCCCTAAGT,0,3460998
tabA_predicted,0.1111111111111111,8,8,AGCCTGGCGAGCCGATAAAT,0,3442243
tabA_predicted,0.1111111111111111,8,8,AGATTGCCGCCTGCACGGAT,0,3456749
tabA_predicted,0.1111111111111111,8,8,AGATAGGTATAAAGATCTAT,0,3438665
tabA_predicted,0.1111111111111111,8,8,AGATACTGTGTATGCCTGGC,0,3431368
tabA_predicted,0.1111111111111111,8,8,AGAGAGACGTGGGCGAACCC,0,3445108
tabA_predicted,0.1111111111111111,8,8,AGACCTCGGTGTTTTGCCGG,0,3445382
tabA_predicted,0.1111111111111111,8,8,AGACCCAGCGACTTGTCGGC,0,3453876
tabA_predicted,0.1111111111111111,8,8,AGAAGACGGAATTATGTAGG,0,3441153
tabA_predicted,0.1111111111111111,8,8,AGAACGTACCACGACCCCAA,0,3438104
tabA_predicted,0.1111111111111111,8,8,ACTTCGAGCGGAACGTGAGG,0,3449218
tabA_predicted,0.1111111111111111,8,8,ACTCTCCTTCAAAAGGTTGG,0,3441191
tabA_predicted,0.1111111111111111,8,8,ACTCCCTGAGCAAGCTGGAG,0,3457144
tabA_predicted,0.1111111111111111,8,8,ACTCATTGACCAGGCTTCGG,0,3455747
tabA_predicted,0.1111111111111111,8,8,ACGTTTCCTAATTGCTTCGC,0,3433257
tabA_predicted,0.1111111111111111,8,8,ACGGGCCACGACACGGGTGA,0,3437431
tabA_predicted,0.1111111111111111,8,8,ACGCTTCTTTGCGGTGTGGA,0,3450682
tabA_predicted,0.1111111111111111,8,8,ACGCTTCAATCCGATAATAA,0,3456482
tabA_predicted,0.1111111111111111,8,8,ACGATTCAATGGAAATCGAT,0,3457680
tabA_predicted,0.1111111111111111,8,8,ACGAGTTGAGAAACTGAAGT,0,3447607
tabA_predicted,0.1111111111111111,8,8,ACGAGTGACTACGTGGGACT,0,3439231
tabA_predicted,0.1111111111111111,8,8,ACGACGGCGGAGATGTAGGG,0,3466023
tabA_predicted,0.1111111111111111,8,8,ACGAAAAACCAGCCGTCTCT,0,3458195
tabA_predicted,0.1111111111111111,8,8,ACCTGAAGCCCACGCAGTCC,0,3461288
tabA_predicted,0.1111111111111111,8,8,ACCTCTATTGGTTGGTGTGT,0,3449328
tabA_predicted,0.1111111111111111,8,8,ACCTCCCCCCGCGGAAGTTG,0,3436081
tabA_predicted,0.1111111111111111,8,8,ACCGGGGTGGCACTCGGCGG,0,3460856
tabA_predicted,0.1111111111111111,8,8,ACCGGCCTGAATTGGTGGCT,0,3438937
tabA_predicted,0.1111111111111111,8,8,ACCGGAGGCATCCCTAGGGC,0,3446316
tabA_predicted,0.1111111111111111,8,8,ACCCCTCTATTGGAGCGACA,0,3436743
tabA_predicted,0.1111111111111111,8,8,ACCATAGGGGGCTACCGACC,0,3442836
tabA_predicted,0.1111111111111111,8,8,ACCAGTTGGCGGCCTGGTTG,0,3449714
tabA_predicted,0.1111111111111111,8,8,ACCAATCTCAACCCAATGTC,0,3453656
tabA_predicted,0.1111111111111111,8,8,ACATTAGCACTCTCATCATG,0,3462358
tabA_predicted,0.1111111111111111,8,8,ACATCTTCGTAGCCAACAAG,0,3438074
tabA_predicted,0.1111111111111111,8,8,ACATCAACGGGACCCTCGAA,0,3442255
tabA_predicted,0.1111111111111111,8,8,ACAGTTGACCCTCGTCTTTT,0,3446478
tabA_predicted,0.1111111111111111,8,8,ACAGTGCGACCGGTTTAGCC,0,3461432
tabA_predicted,0.1111111111111111,8,8,ACAGTCTGATCCCGATGACA,0,3460414
tabA_predicted,0.1111111111111111,8,8,ACAGCTGCCGCGCCCGTGGT,0,3455461
tabA_predicted,0.1111111111111111,8,8,ACACTTGATGCACGGGCTCG,0,3461831
tabA_predicted,0.1111111111111111,8,8,ACACTGCGTGAAACGGCGAT,0,3433971
tabA_predicted,0.1111111111111111,8,8,ACACGCAAGGAAGCCGGTCA,0,3440913
tabA_predicted,0.1111111111111111,8,8,ACACACCTTGGTTGCGTCCT,0,3450353
tabA_predicted,0.1111111111111111,8,8,ACAATCCGTCTATCTTTTCT,0,3453276
tabA_predicted,0.1111111111111111,8,8,ACAACTGCGGCAGCGATGTG,0,3461299
tabA_predicted,0.1111111111111111,8,8,AATTTCGCCACCTAGTAAGC,0,3435368
tabA_predicted,0.1111111111111111,8,8,AATTGAATTCAGACTGTAGG,0,3464273
tabA_predicted,0.1111111111111111,8,8,AATTCTGGACCGGTTCTAAA,0,3456540
tabA_predicted,0.1111111111111111,8,8,AATTATGTTTGGGGGTCTAC,0,3433004
tabA_predicted,0.1111111111111111,8,8,AATGTAAAGGTAGAACCACC,0,3462556
tabA_predicted,0.1111111111111111,8,8,AATGGGTTGCACCAACCATT,0,3451339
tabA_predicted,0.1111111111111111,8,8,AATGCATACAGGTCAGCCTC,0,3436744
tabA_predicted,0.1111111111111111,8,8,AATATAAACCTGCCGATACA,0,3447273
tabA_predicted,0.1111111111111111,8,8,AATAGACACAGCGACGTGTA,0,3466019
tabA_predicted,0.1111111111111111,8,8,AATAATTGCCTGGGAGCGAC,0,3439015
tabA_predicted,0.1111111111111111,8,8,AATAATGTCCGTACTGATCA,0,3436212
tabA_predicted,0.1111111111111111,8,8,AAGTAGGAAAGACCTCAATC,0,3457284
tabA_predicted,0.1111111111111111,8,8,AAGGGTATGAAAATTACATA,0,3437655
tabA_predicted,0.1111111111111111,8,8,AAGAACTTTGTGCATACTGT,0,3462435
tabA_predicted,0.1111111111111111,8,8,AACTGAGCCAGCTCGTTATC,0,3435640
tabA_predicted,0.1111111111111111,8,8,AACTCGTATGTTAGATCCGC,0,3439420
tabA_predicted,0.1111111111111111,8,8,AACGTTAGAGTGTTCTTCAT,0,3434233
tabA_predicted,0.1111111111111111,8,8,AACGAGCGATCCGGTTGGCC,0,3444650
tabA_predicted,0.1111111111111111,8,8,AACCGCGTAACGTTTTGCTA,0,3461842
tabA_predicted,0.1111111111111111,8,8,AACCGAATTGGCGTCCACAA,0,3457269
tabA_predicted,0.1111111111111111,8,8,AACATTATATGCCACGTCTA,0,3440302
tabA_predicted,0.1111111111111111,8,8,AACAAATAGACAGCGTGGCA,0,3462968
tabA_predicted,0.1111111111111111,8,8,AAATTCTCTGAGGACTCTCC,0,3440591
tabA_predicted,0.1111111111111111,8,8,AAATGGTCCCAACTTAATAT,0,3448523
tabA_predicted,0.1111111111111111,8,8,AAAGGTGAGGATCGTAGCGT,0,3436724
tabA_predicted,0.1111111111111111,8,8,AAAGGGGCAGATGCCTAAGT,0,3441532
tabA_predicted,0.1111111111111111,8,8,AAAGGATGTTTTGTGAGTGG,0,3444777
tabA_predicted,0.1111111111111111,8,8,AAAGAGATAGGCTATAAGTC,0,3441337
tabA_predicted,0.1111111111111111,8,8,AAAGAATGCATCCATCGGAG,0,3463085
tabA_predicted,0.1111111111111111,8,8,AAACTTGGCAAGAAAGGTCG,0,3438870
tabA_predicted,0.1111111111111111,8,8,AAACCGCAGCATGGGGCAGG,0,3457169
tabA_predicted,0.1111111111111111,8,8,AAAATTCGAGGTTCGCGTAC,0,3447397
tabA_predicted,0.125,7,7,TTTTTAAGGACTGACTCTAC,0,3439799
tabA_predicted,0.125,7,7,TTTTCCTCTGTCCTAAACCA,0,3455423
tabA_predicted,0.125,7,7,TTTTACCCTGTGTAATGAGT,0,3454024
tabA_predicted,0.125,7,7,TTTGGTGGGATCCAGAGTCA,0,3463053
tabA_predicted,0.125,7,7,TTTGGTGAATGGACCCCTGG,0,3461583
tabA_predicted,0.125,7,7,TTTGCTGCTACCGCAACGAT,0,3450622
tabA_predicted,0.125,7,7,TTTGCATAACGCAAGGAGAT,0,3461475
tabA_predicted,0.125,7,7,TTTGACGCATTTGCAGCGCT,0,3454225
tabA_predicted,0.125,7,7,TTTCTTGGGCGGGTCAGACA,0,3431524
tabA_predicted,0.125,7,7,TTTCGCGCGGGCGCACCGGA,0,3440260
tabA_predicted,0.125,7,7,TTTCATACGCCAGCGTGGCC,0,3464465
tabA_predicted,0.125,7,7,TTTCAGTGGGTTAACCGCAT,0,3441610
tabA_predicted,0.125,7,7,TTTATTAGCTACTAAAATGT,0,3445203
tabA_predicted,0.125,7,7,TTGTCTGATCGACTATATTA,0,3439885
tabA_predicted,0.125,7,7,TTGTCCGAGTGGGGCGAAAA,0,3449850
tabA_predicted,0.125,7,7,TTGTATTCCAAGCAAGATAT,0,3452221
tabA_predicted,0.125,7,7,TTGGCTGTCTTTCCTTTGTT,0,3454914
tabA_predicted,0.125,7,7,TTGGCCCAGTCAAATTGAAT,0,3440409
tabA_predicted,0.125,7,7,TTGCTCTGTGCAATCGCGAC,0,3436374
tabA_predicted,0.125,7,7,TTGCGGCGTCACACAGACTC,0,3449622
tabA_predicted,0.125,7,7,TTGCAGCACCTATCAGCTGC,0,3444632
tabA_predicted,0.125,7,7,TTGAGAGTCATGTCAATTTA,0,3449889
tabA_predicted,0.125,7,7,TTGACCGAACCCGGTCATTG,0,3444987
tabA_predicted,0.125,7,7,TTGACACTCGTGGATAACCC,0,3443559
tabA_predicted,0.125,7,7,TTCTTGGTGACTGTATTTGG,0,3458618
tabA_predicted,0.125,7,7,TTCTATCGCCACATAGTTTT,0,3453335
tabA_predicted,0.125,7,7,TTCGGGGGCATGGTATCTCT,0,3459672
tabA_predicted,0.125,7,7,TTCGGAGTCGCTTGCAAACA,0,3459621
tabA_predicted,0.125,7,7,TTCGATATTGCTTAGGTATT,0,3452921
tabA_predicted,0.125,7,7,TTCGAATTTGCGCCGTACCT,0,3444206
tabA_predicted,0.125,7,7,TTCCTGTATGCTCCGTGTAT,0,3439248
tabA_predicted,0.125,7,7,TTCCTACACATATAAGAGGT,0,3442672
tabA_predicted,0.125,7,7,TTCCCAGGTATTTAGAGGGG,0,3448520
tabA_predicted,0.125,7,7,TTCAGCCAGGTTTTTAGTAG,0,3448974
tabA_predicted,0.125,7,7,TTCACATGGGTGCGAAGAGC,0,3455567
tabA_predicted,0.125,7,7,TTATTACTCTCGGCCAGACG,0,3441101
tabA_predicted,0.125,7,7,TTATGCTTGCCTCAATGAAG,0,3454097
tabA_predicted,0.125,7,7,TTAGTCAACATGTTACTATA,0,3446501
tabA_predicted,0.125,7,7,TTAGGTGCAAATTCGACTCG,0,3456376
tabA_predicted,0.125,7,7,TTAGCTCGGCTAGCTAGTTT,0,3444226
tabA_predicted,0.125,7,7,TTAGATACGCTAGACTACGG,0,3460684
tabA_predicted,0.125,7,7,TTACTCCTTGTTGCTCTAGC,0,3450003
tabA_predicted,0.125,7,7,TTACGACGGGGTGAGCGATG,0,3432514
tabA_predicted,0.125,7,7,TTACACCATGCAGAGTAGAT,0,3452191
tabA_predicted,0.125,7,7,TTAATTATTGGCATGCCGGT,0,3448763
tabA_predicted,0.125,7,7,TTAATGACGAACGTTCTTGT,0,3432917
tabA_predicted,0.125,7,7,TTAACCCAGACGATATCCCC,0,3432259
tabA_predicted,0.125,7,7,TTAACCATAGCCCCTGTAGA,0,3448928
tabA_predicted,0.125,7,7,TGTTTCGTCTCAGGTCATCA,0,3439344
tabA_predicted,0.125,7,7,TGTGTGTAAGACATAAACCC,0,3465377
tabA_predicted,0.125,7,7,TGTACACACGTATCATCATT,0,3450575
tabA_predicted,0.125,7,7,TGGTTTGTCCATCCCCTTGT,0,3454193
tabA_predicted,0.125,7,7,TGGTGTGTATCTGTTCCCCT,0,3464656
tabA_predicted,0.125,7,7,TGGTCAGCTCCCTACATGGA,0,3464200
tabA_predicted,0.125,7,7,TGGGTCTAACTGGATTGTAG,0,3461131
tabA_predicted,0.125,7,7,TGGGGTGCCGGGTCCCCTGC,0,3446333
tabA_predicted,0.125,7,7,TGGGAGTTTAATGTGTTATA,0,3464802
tabA_predicted,0.125,7,7,TGGGACCTGGTGTGATATCA,0,3463942
tabA_predicted,0.125,7,7,TGGGAAAGGTTTCTGACCGA,0,3460308
tabA_predicted,0.125,7,7,TGGCTTACAAGGGGAGGCCA,0,3463025
tabA_predicted,0.125,7,7,TGGCCATTCAGAGAAAATGT,0,3434110
tabA_predicted,0.125,7,7,TGGCATGTGGAGTCTCTAAG,0,3466167
tabA_predicted,0.125,7,7,TGGCAGTGAAAAATAGCTGG,0,3460857
tabA_predicted,0.125,7,7,TGGATAGAATGAGATCGTTT,0,3460181
tabA_predicted,0.125,7,7,TGGACCGAACTCGAATCACA,0,3439877
tabA_predicted,0.125,7,7,TGCTGGTTGGAAATTCAAGG,0,3457007
tabA_predicted,0.125,7,7,TGCGGAACGGCCGCGTTAAC,0,3443119
tabA_predicted,0.125,7,7,TGCGCGGTGGTTATTGAATT,0,3435020
tabA_predicted,0.125,7,7,TGCGCAATCTGGTCAATGCC,0,3457152
tabA_predicted,0.125,7,7,TGCGACAACATAACTCCTAC,0,3449439
tabA_predicted,0.125,7,7,TGCCCGAAGCGCGGCACTTG,0,3445027
tabA_predicted,0.125,7,7,TGCCATTATAGATTCTTGTC,0,3454648
tabA_predicted,0.125,7,7,TGCCACGATATCGCTCCTCG,0,3438645
tabA_predicted,0.125,7,7,TGCATTCCAACGGAAGGTAT,0,3461035
tabA_predicted,0.125,7,7,TGAGGCTGGGCAAGAGCGTA,0,3460970
tabA_predicted,0.125,7,7,TGAAGCACCACTGGTTATAC,0,3461104
tabA_predicted,0.125,7,7,TGAAAGACGAGGGCAGGGTA,0,3453581
tabA_predicted,0.125,7,7,TCTTGTAAGTCTACGGGTGC,0,3451141
tabA_predicted,0.125,7,7,TCTTCTGTCATCCACGCCGA,0,3460379
tabA_predicted,0.125,7,7,TCTTATATGAGTTTCTATCC,0,3459953
tabA_predicted,0.125,7,7,TCTCTATCATCAGGGTGGGT,0,3455255
tabA_predicted,0.125,7,7,TCTATCTCTCTGTAGAATGC,0,3454691
tabA_predicted,0.125,7,7,TCTAGTGAACACAGTCAATA,0,3449551
tabA_predicted,0.125,7,7,TCGTTATATAAGTTGTCCTA,0,3445827
tabA_predicted,0.125,7,7,TCGTCGGGGATGCTATATTA,0,3459028
tabA_predicted,0.125,7,7,TCGTATGGTCATGCGGGCAG,0,3444077
tabA_predicted,0.125,7,7,TCGCTGAATTTAGGTTCACA,0,3435452
tabA_predicted,0.125,7,7,TCGCTAGTCAGGAAAATTTA,0,3444158
tabA_predicted,0.125,7,7,TCGCCAATATAGAGTGGTTA,0,3441230
tabA_predicted,0.125,7,7,TCGAGCTGTTAAGAGTGGCC,0,3442005
tabA_predicted,0.125,7,7,TCGACAAGTACTATAATTGG,0,3448779
tabA_predicted,0.125,7,7,TCGAAGCCATCTTCGTTCAC,0,3456053
tabA_predicted,0.125,7,7,TCCCTAGCCGACTTACCAGC,0,3445271
tabA_predicted,0.125,7,7,TCCCGTCTATGTCCTAGACT,0,3435823
tabA_predicted,0.125,7,7,TCCACTATGGGTGGACCTAC,0,3436699
tabA_predicted,0.125,7,7,TCCACGTCCCAAATGGTTAC,0,3437725
tabA_predicted,0.125,7,7,TCATTGTTCTTTCAAATGAA,0,3448400
tabA_predicted,0.125,7,7,TCATGAGACAGGTGAAGCTC,0,3462936
tabA_predicted,0.125,7,7,TCATACCGTTTCGGTTAGTT,0,3446922
tabA_predicted,0.125,7,7,TCAGTGCTTCTTTACAATTT,0,3456357
tabA_predicted,0.125,7,7,TCAGATTATCAGAGAATGCA,0,3440347
tabA_predicted,0.125,7,7,TCACTCCCGTCAGGCCTGTA,0,3463882
tabA_predicted,0.125,7,7,TCACGTGAATGGGTTCAGTG,0,3444074
tabA_predicted,0.125,7,7,TCACCAGCAAACCTACTGGG,0,3441829
tabA_predicted,0.125,7,7,TCAAGTCAAATGAACAGGCA,0,3439952
tabA_predicted,0.125,7,7,TCAACAGACAGCTTTGTGCT,0,3460031
tabA_predicted,0.125,7,7,TATTCCATGAACCCTTTATT,0,3438088
tabA_predicted,0.125,7,7,TATTATTTTACGATGGAAGA,0,3443099
tabA_predicted,0.125,7,7,TATTAAAGAAGTTTCTACGA,0,3463591
tabA_predicted,0.125,7,7,TATGGAGTCGCTGAGCGGGG,0,3440483
tabA_predicted,0.125,7,7,TATGGACCAGCTTCATCTAG,0,3454802
tabA_predicted,0.125,7,7,TATGCGTTGTCTCCGCCAGG,0,3448592
tabA_predicted,0.125,7,7,TATCTGAAAGAATTTTGAAT,0,3441043
tabA_predicted,0.125,7,7,TATCTCTTGGTTGATTGATG,0,3454689
tabA_predicted,0.125,7,7,TATCCGGGAGTGCTGGCCTA,0,3457309
tabA_predicted,0.125,7,7,TATCAGGCGTACTCAGTATA,0,3460609
tabA_predicted,0.125,7,7,TATATCTTTCCCTCTAACGG,0,3439531
tabA_predicted,0.125,7,7,TATAGTTATTCACTTCATTA,0,3450862
tabA_predicted,0.125,7,7,TAGTTTACCTATAAAGAGTG,0,3457822
tabA_predicted,0.125,7,7,TAGTTCGGTTTTTCTCGGTG,0,3447593
tabA_predicted,0.125,7,7,TAGTGCCCAGCACCCAGGGT,0,3454845
tabA_predicted,0.125,7,7,TAGGGGCATCAGTCGGGCTT,0,3436401
tabA_predicted,0.125,7,7,TAGGCGGATCACTCCACCGA,0,3457914
tabA_predicted,0.125,7,7,TAGCTGATGCGAATACGGGA,0,3458649
tabA_predicted,0.125,7,7,TAGCGCTAAGGGGCGGTGAC,0,3444893
tabA_predicted,0.125,7,7,TAGCAATCCTTCCTCAGTCA,0,3451530
tabA_predicted,0.125,7,7,TAGATTACTGCCAGGCGTGG,0,3450958
tabA_predicted,0.125,7,7,TACGGCATGGTCCCATCAGC,0,3461659
tabA_predicted,0.125,7,7,TACGAGTTCGCGGATGTCAT,0,3437840
tabA_predicted,0.125,7,7,TACGAGGCAAAGGAGCAGAC,0,3448673
tabA_predicted,0.125,7,7,TACCTTGAAATGGTAAGCCA,0,3450786
tabA_predicted,0.125,7,7,TACCGGGCCAGAGGTACCAA,0,3457418
tabA_predicted,0.125,7,7,TACCAGTACAACCGGGTCGG,0,3464218
tabA_predicted,0.125,7,7,TAATTTGCTACAATTGATTG,0,3432481
tabA_predicted,0.125,7,7,TAAGCTATAGCGAAATGATC,0,3461794
tabA_predicted,0.125,7,7,TAACGTTCGGCCGCTTTTGC,0,3450767
tabA_predicted,0.125,7,7,TAACCTTAGTGACACCTCAA,0,3453100
tabA_predicted,0.125,7,7,TAACCTGCACATATTAGTGT,0,3432326
tabA_predicted,0.125,7,7,TAACACCGACTATGTGGTCT,0,3463932
tabA_predicted,0.125,7,7,TAAACGGACACTTCGGGGAG,0,3443943
tabA_predicted,0.125,7,7,GTTTTTTTTCGATCTCCCTA,0,3431665
tabA_predicted,0.125,7,7,GTTTTAGCGTTGAGGTGTTG,0,3457697
tabA_predicted,0.125,7,7,GTTTGTCACAACGATGTCGG,0,3449205
tabA_predicted,0.125,7,7,GTTTGGGGCTCAAAAAACTA,0,3449684
tabA_predicted,0.125,7,7,GTTTGCGTTTATTGACGGGG,0,3454590
tabA_predicted,0.125,7,7,GTTTGCGTCAGGTCGGTCTT,0,3456734
tabA_predicted,0.125,7,7,GTTTGCACCAGGGTCCGGCG,0,3458439
tabA_predicted,0.125,7,7,GTTTGACAGCTTGGTTACGT,0,3438137
tabA_predicted,0.125,7,7,GTTGTATATCCAGGGGTCTT,0,3457853
tabA_predicted,0.125,7,7,GTTATTGCATATGGGCCTGT,0,3437610
tabA_predicted,0.125,7,7,GTTACGGCAATTCGACGTTC,0,3459088
tabA_predicted,0.125,7,7,GTGTTTTTTGGTTTCTTTCT,0,3436432
tabA_predicted,0.125,7,7,GTGTGCGGCGTTTTCACCCA,0,3462514
tabA_predicted,0.125,7,7,GTGGCCTAGGCAGACCGACA,0,3465837
tabA_predicted,0.125,7,7,GTGGATCTGTACACGTATTC,0,3455660
tabA_predicted,0.125,7,7,GTGCCAGATCCAGTTCCCGA,0,3450779
tabA_predicted,0.125,7,7,GTGATACGTAACGAAGGCCC,0,3431491
tabA_predicted,0.125,7,7,GTCTTCTAACTCGTCCGAGC,0,3451092
tabA_predicted,0.125,7,7,GTCTTCTAAAACCTAAACGA,0,3446557
tabA_predicted,0.125,7,7,GTCTGAGACAGTGCGCACCC,0,3434080
tabA_predicted,0.125,7,7,GTCTATATAGCTCATTGAGG,0,3443944
tabA_predicted,0.125,7,7,GTCTAGCCTGTGACGGCCAA,0,3434392
tabA_predicted,0.125,7,7,GTCGTGTCTGATACTTCTTT,0,3454139
tabA_predicted,0.125,7,7,GTCGGCCGCGCCCGATGGGT,0,3451563
tabA_predicted,0.125,7,7,GTCGCTTATGCTTCCAGGGT,0,3442467
tabA_predicted,0.125,7,7,GTCGCGGCTAGGTGGAAGCG,0,3451985
tabA_predicted,0.125,7,7,GTCGCCACGTATAAGGGTCT,0,3435391
tabA_predicted,0.125,7,7,GTCGAAAGGTGGGGAAACCT,0,3438536
tabA_predicted,0.125,7,7,GTCCGCTTGGGAATAGTTTT,0,3461600
tabA_predicted,0.125,7,7,GTCCGACTAGAAGCAAAGCG,0,3455214
tabA_predicted,0.125,7,7,GTCCCGCGTCATACATAGTT,0,3431335
tabA_predicted,0.125,7,7,GTCCACACGCAACATTTGTC,0,3446588
tabA_predicted,0.125,7,7,GTCAGATAGCTGCCGTTTGC,0,3440774
tabA_predicted,0.125,7,7,GTCACGAAGCTAAAACATGA,0,3447649
tabA_predicted,0.125,7,7,GTCACCACAACGGTGCTAAG,0,3436649
tabA_predicted,0.125,7,7,GTCAAGTCCCTGAGAAGTAT,0,3432230
tabA_predicted,0.125,7,7,GTATTTATTTTGAGTAAGGT,0,3462643
tabA_predicted,0.125,7,7,GTATTGTGCCCACGGATTTG,0,3438491
tabA_predicted,0.125,7,7,GTAGATGCGAACTGCTGAAA,0,3432381
tabA_predicted,0.125,7,7,GTACTAACTCGATACGTGGA,0,3437971
tabA_predicted,0.125,7,7,GTACGTGTGATAACAACTAC,0,3443450
tabA_predicted,0.125,7,7,GTACAGGCTCAAAACTCGGT,0,3433815
tabA_predicted,0.125,7,7,GTAATCGAGAGCGAATTTTC,0,3463819
tabA_predicted,0.125,7,7,GTAACTTAGCCGACTTGTCG,0,3435233
tabA_predicted,0.125,7,7,GTAACGAATAATTACGATGA,0,3465333
tabA_predicted,0.125,7,7,GTAAATTGTAAAACGCGGTG,0,3454444
tabA_predicted,0.125,7,7,GTAAAAGTGATTAGGGCACA,0,3449007
tabA_predicted,0.125,7,7,GGTCTGGCTGAGAAGATCGG,0,3433313
tabA_predicted,0.125,7,7,GGTCTGAAGTCGCTCGAAAT,0,3436152
tabA_predicted,0.125,7,7,GGTCCAACAGTACACATCGC,0,3452387
tabA_predicted,0.125,7,7,GGTAACAAACGTTTGGTGGG,0,3449004
tabA_predicted,0.125,7,7,GGGTTGAATGCTTACTAGGG,0,3445151
tabA_predicted,0.125,7,7,GGGGCTTAGTGAACGTGGCC,0,3456955
tabA_predicted,0.125,7,7,GGGCTCCTCGCCCTCTCTAA,0,3440600
tabA_predicted,0.125,7,7,GGGCAGGTTTTTGGCCCGCT,0,3434894
tabA_predicted,0.125,7,7,GGGCACATAATGATTAGTTA,0,3464365
tabA_predicted,0.125,7,7,GGGATCTCTGTCTAACCGCA,0,3465072
tabA_predicted,0.125,7,7,GGGACATCGATGGTCACAGG,0,3446052
tabA_predicted,0.125,7,7,GGGAAGAGGGCGTTTCGCCT,0,3433222
tabA_predicted,0.125,7,7,GGGAACGTTTCGCGTGAGCG,0,3436452
tabA_predicted,0.125,7,7,GGCGGCTGGGTCATCACTAA,0,3436237
tabA_predicted,0.125,7,7,GGCGCTCGCATTGGAGCTTA,0,3436645
tabA_predicted,0.125,7,7,GGCCGCACGGTGTGGGGTCA,0,3455893
tabA_predicted,0.125,7,7,GGCCGATATAATTACTGAAC,0,3440699
tabA_predicted,0.125,7,7,GGCCCTTGGCAGTGAGCGGT,0,3450160
tabA_predicted,0.125,7,7,GGCCCCGCGGGCAGCATGAG,0,3460550
tabA_predicted,0.125,7,7,GGCATCAAAATGCCGAAATT,0,3441343
tabA_predicted,0.125,7,7,GGATGAGCAACCTATTCCCT,0,3447517
tabA_predicted,0.125,7,7,GGAGGTGATATTGTACTCGG,0,3448098
tabA_predicted,0.125,7,7,GGAGATTGCGGGAGTTGTCA,0,3438021
tabA_predicted,0.125,7,7,GGACTCTGCTTTTTGCGCCT,0,3438872
tabA_predicted,0.125,7,7,GGACGCATCACGCTCTCGGC,0,3466141
tabA_predicted,0.125,7,7,GGAATATGGGTTTTGCGTCA,0,3448591
tabA_predicted,0.125,7,7,GGAACCTTTCCTATGGACTC,0,3451616
tabA_predicted,0.125,7,7,GGAAACTAACACGGTAAAGC,0,3450137
tabA_predicted,0.125,7,7,GCTTATCATAACGGCTAAGC,0,3454885
tabA_predicted,0.125,7,7,GCTGTGCCCTTAGATCCGGT,0,3443229
tabA_predicted,0.125,7,7,GCTGCTAGTGTCATCGATCT,0,3431932
tabA_predicted,0.125,7,7,GCTATTAAAATTTCACCGGC,0,3434984
tabA_predicted,0.125,7,7,GCTACGTCCTACTATATGTG,0,3463723
tabA_predicted,0.125,7,7,GCTACACCCCGGGGTTACAC,0,3451344
tabA_predicted,0.125,7,7,GCGTGAGAACGGCGTAGATT,0,3465044
tabA_predicted,0.125,7,7,GCGGTGGAATTCGGACGGGA,0,3449296
tabA_predicted,0.125,7,7,GCGGCGCCCTGATATGAAAA,0,3442727
tabA_predicted,0.125,7,7,GCGCATCGCGGGACACACAC,0,3439210
tabA_predicted,0.125,7,7,GCGATTACTTGAGTGTGGAA,0,3437064
tabA_predicted,0.125,7,7,GCGAGCCGCGCCAGCTTACT,0,3433469
tabA_predicted,0.125,7,7,GCGACATCGAGAATTAGTAT,0,3434559
tabA_predicted,0.125,7,7,GCGACATACTTGCGAGGCTA,0,3431943
tabA_predicted,0.125,7,7,GCCTGACTCAAGCTGGTTCA,0,3465302
tabA_predicted,0.125,7,7,GCCGGTGTGGCAGAGCATCC,0,3454959
tabA_predicted,0.125,7,7,GCCGATGCAGATTAGTGTTC,0,3445257
tabA_predicted,0.125,7,7,GCCCTTGACGATCTACGGGT,0,3431655
tabA_predicted,0.125,7,7,GCCCTAAGCTAGGGATGCCA,0,3437959
tabA_predicted,0.125,7,7,GCCCGACTTCGTTTCAGTGC,0,3448637
tabA_predicted,0.125,7,7,GCCATGAATCCCTACCGCCC,0,3445754
tabA_predicted,0.125,7,7,GCATTGCGAAGTATATTTTG,0,3432501
tabA_predicted,0.125,7,7,GCATGTTACTAACCCCGACA,0,3457068
tabA_predicted,0.125,7,7,GCATGGGCATTATCCCACTA,0,3465019
tabA_predicted,0.125,7,7,GCATCGTTACTTACTATTCA,0,3456073
tabA_predicted,0.125,7,7,GCATCACAAAAAGACATTGC,0,3459048
tabA_predicted,0.125,7,7,GCAGTGACTTTTGAATCGTA,0,3447407
tabA_predicted,0.125,7,7,GCAGTCGGGTGTTGCCAAGC,0,3439551
tabA_predicted,0.125,7,7,GCAGGTGGCGCTTGAGTTAA,0,3448589
tabA_predicted,0.125,7,7,GCAGGTCAGGATATGCTATC,0,3457767
tabA_predicted,0.125,7,7,GCAGGGCCTCGGATTACTTG,0,3465601
tabA_predicted,0.125,7,7,GCAGCTAGATGGGGGACAGT,0,3454490
tabA_predicted,0.125,7,7,GCAGCATTATCATCAAGTGC,0,3457468
tabA_predicted,0.125,7,7,GCAGAGCCAGCCCACTCTCG,0,3439033
tabA_predicted,0.125,7,7,GCAGAGACAGAGTCACATGA,0,3441916
tabA_predicted,0.125,7,7,GCACGGAGCGATTCGACGTG,0,3458698
tabA_predicted,0.125,7,7,GCACCTCTGCGTCGCCTCTT,0,3444900
tabA_predicted,0.125,7,7,GCACCAGAGGCGAAATCTGT,0,3460286
tabA_predicted,0.125,7,7,GCAATCCTCCAGTACGCATT,0,3431233
tabA_predicted,0.125,7,7,GCAAGCGTTGCTTGGCAAAG,0,3465503
tabA_predicted,0.125,7,7,GATTGAGTAGTCAGGACGGG,0,3437420
tabA_predicted,0.125,7,7,GATTGACAACCTCAATAGAA,0,3449932
tabA_predicted,0.125,7,7,GATTCAACCGCACAGTCCGT,0,3463876
tabA_predicted,0.125,7,7,GATGGTATTTGCCTGTAGTA,0,3435225
tabA_predicted,0.125,7,7,GATGGGACCAGCAAGAGGCC,0,3440997
tabA_predicted,0.125,7,7,GATGAATTCGCATTGTTACT,0,3456800
tabA_predicted,0.125,7,7,GATCTGGTACTTATGCAATA,0,3441924
tabA_predicted,0.125,7,7,GATCCGTGCTCGCGCTTAAT,0,3460858
tabA_predicted,0.125,7,7,GAGTTTCCAGCACTCATGTG,0,3466077
tabA_predicted,0.125,7,7,GAGTGCTATGACGACCTACG,0,3437426
tabA_predicted,0.125,7,7,GAGTGCCCCCTCTAATGGAT,0,3443049
tabA_predicted,0.125,7,7,GAGGTAGGTTAAAAATAACA,0,3444424
tabA_predicted,0.125,7,7,GAGGAGCAACCCTTGGCTCA,0,3450638
tabA_predicted,0.125,7,7,GAGACTGGGCTACACGATGT,0,3457092
tabA_predicted,0.125,7,7,GACTCACGAGAGTAGCAGAG,0,3442138
tabA_predicted,0.125,7,7,GACTAAGTTCACCGAATATT,0,3432457
tabA_predicted,0.125,7,7,GACGTAATAGGTTTCGCACC,0,3433506
tabA_predicted,0.125,7,7,GACCGATGCTCCACGCCCAA,0,3440929
tabA_predicted,0.125,7,7,GACCGATCCTATTTGAGTAC,0,3451504
tabA_predicted,0.125,7,7,GACACTTCGGGAGAAGCGAA,0,3463331
tabA_predicted,0.125,7,7,GACACGACTGAACACAGGTA,0,3444956
tabA_predicted,0.125,7,7,GACACCACCCGGCGGCCACA,0,3461359
tabA_predicted,0.125,7,7,GAATTCCGGTTCACGTCTTC,0,3460973
tabA_predicted,0.125,7,7,GAATACGACGTTTTCAGGAA,0,3434621
tabA_predicted,0.125,7,7,GAAGAGGGTGGACATAATTT,0,3436569
tabA_predicted,0.125,7,7,GAACGCCCGAGGCCTAATCA,0,3459993
tabA_predicted,0.125,7,7,GAACCGATGAACTCGTTGGG,0,3458806
tabA_predicted,0.125,7,7,GAACCAAAGTCGGCAGGAAG,0,3465283
tabA_predicted,0.125,7,7,GAAACACCTAGTTGATTCGA,0,3448239
tabA_predicted,0.125,7,7,GAAAAATGGTAAGGTGAATT,0,3452194
tabA_predicted,0.125,7,7,CTTTTAGGTGACATCCACGT,0,3442368
tabA_predicted,0.125,7,7,CTTGAGGGTCATTCAGATGG,0,3448024
tabA_predicted,0.125,7,7,CTTCACGGGGAGGAGCATGA,0,3436751
tabA_predicted,0.125,7,7,CTTATGGCTGTGGGGCAGGT,0,3434164
tabA_predicted,0.125,7,7,CTTAGTGATGGCTATTACTT,0,3443116
tabA_predicted,0.125,7,7,CTTAGAGACCATTTAGTTAT,0,3445893
tabA_predicted,0.125,7,7,CTTACTTAGAATAACGCGAA,0,3457589
tabA_predicted,0.125,7,7,CTGTGTCGGTAACAGTATTT,0,3460931
tabA_predicted,0.125,7,7,CTGTGTACCGGTCTGCAGAC,0,3443789
tabA_predicted,0.125,7,7,CTGTGCGAGCGTGGTAATAT,0,3437410
tabA_predicted,0.125,7,7,CTGTCTGATCTAGAGCCAAG,0,3455751
tabA_predicted,0.125,7,7,CTGTCCGAAATACCTTCCTG,0,3462997
tabA_predicted,0.125,7,7,CTGTATTCATCTAATGGAGA,0,3458607
tabA_predicted,0.125,7,7,CTGTATCGGGCTAACTGTTT,0,3457413
tabA_predicted,0.125,7,7,CTGCTTTTAGTAGCTCCCGT,0,3441774
tabA_predicted,0.125,7,7,CTGCAGTGTCCCAGTTTTCA,0,3441178
tabA_predicted,0.125,7,7,CTGATTTGCTGGACAATATT,0,3433142
tabA_predicted,0.125,7,7,CTGATGTACAATTTCGTCAG,0,3444395
tabA_predicted,0.125,7,7,CTGACTATCTCGTATTATCG,0,3433575
tabA_predicted,0.125,7,7,CTGACGCGGAATTACGCTAG,0,3448678
tabA_predicted,0.125,7,7,CTCTTTCAACTCGCCGGTGT,0,3442612
tabA_predicted,0.125,7,7,CTCTGCTGATGTTTGTGGAC,0,3464878
tabA_predicted,0.125,7,7,CTCTGACAGTGAAAGGAGCC,0,3458154
tabA_predicted,0.125,7,7,CTCTACCGCGGCTTAATCAT,0,3460782
tabA_predicted,0.125,7,7,CTCGTCGGTAACTACCGGTC,0,3432516
tabA_predicted,0.125,7,7,CTCGGCGCTGAATTCGCCGC,0,3465899
tabA_predicted,0.125,7,7,CTCCTGTCAAAGCAACCTAA,0,3436454
tabA_predicted,0.125,7,7,CTCCTCCATTGGTGAAGAAT,0,3450193
tabA_predicted,0.125,7,7,CTCCTATGGGAGGTAGGAGC,0,3431449
tabA_predicted,0.125,7,7,CTCCGTGGTCCACTGTTTGG,0,3456628
tabA_predicted,0.125,7,7,CTCCCTAAAAATTGCGATAG,0,3452312
tabA_predicted,0.125,7,7,CTCAGTTACGATAACCTGTG,0,3457754
tabA_predicted,0.125,7,7,CTCAGCACATTAAGTGGCGA,0,3441586
tabA_predicted,0.125,7,7,CTCAGATAAGCACTCGGCGA,0,3441136
tabA_predicted,0.125,7,7,CTCACTCCATTTCGGGTAGG,0,3445380
tabA_predicted,0.125,7,7,CTCACTAGAGTGATCACAGT,0,3436529
tabA_predicted,0.125,7,7,CTCAATTTACGTTTCCATTC,0,3445275
tabA_predicted,0.125,7,7,CTATGATTCAAGGGGCCAGA,0,3453143
tabA_predicted,0.125,7,7,CTAGTTCTGCGCGTAAAATG,0,3444784
tabA_predicted,0.125,7,7,CTAGGAATTCGGGTCTCCTC,0,3464743
tabA_predicted,0.125,7,7,CTACTGAATGATGTCAAGTT,0,3458652
tabA_predicted,0.125,7,7,CTACATGCTTACATATGTAG,0,3442321
tabA_predicted,0.125,7,7,CTAATGACCATAAATACGTT,0,3448842
tabA_predicted,0.125,7,7,CTAAGCTGGCGCGTTTGGCT,0,3439925
tabA_predicted,0.125,7,7,CTAAGATTCGTAATCCAGCG,0,3464074
tabA_predicted,0.125,7,7,CTAAGAGGGTTCACTCATAG,0,3457203
tabA_predicted,0.125,7,7,CTAAATTGTACACCTATTGG,0,3440640
tabA_predicted,0.125,7,7,CGTTATTACATTATCTTGCT,0,3458250
tabA_predicted,0.125,7,7,CGTTAGATACGACTCTATGA,0,3458522
tabA_predicted,0.125,7,7,CGTTACACTCGAGTCTGTCA,0,3463027
tabA_predicted,0.125,7,7,CGTGGCCTTTACGTCACGCG,0,3459288
tabA_predicted,0.125,7,7,CGTGGCATTCAATCTCAAAC,0,3444832
tabA_predicted,0.125,7,7,CGTGCAGGATGTTAGCCACA,0,3435167
tabA_predicted,0.125,7,7,CGTGAAGGTCCGCGCATGAC,0,3464435
tabA_predicted,0.125,7,7,CGTCGGGTGGTAACATTATC,0,3464603
tabA_predicted,0.125,7,7,CGTCCCACCACTTGTTTAGA,0,3452431
tabA_predicted,0.125,7,7,CGTATTTACGAACCCTAACA,0,3439444
tabA_predicted,0.125,7,7,CGTAGCAAGGCGATGGTCAG,0,3446714
tabA_predicted,0.125,7,7,CGTAGACCGATCGCCGCCAT,0,3455412
tabA_predicted,0.125,7,7,CGTAAATGAGCCTTGGCGCC,0,3453161
tabA_predicted,0.125,7,7,CGGTTAAGAGTTAACCGATG,0,3444061
tabA_predicted,0.125,7,7,CGGTGACACGGGAATAGTTT,0,3460352
tabA_predicted,0.125,7,7,CGGTCTTATGACGTGGCGGG,0,3445780
tabA_predicted,0.125,7,7,CGGTCGCCACATTTTCACGG,0,3451061
tabA_predicted,0.125,7,7,CGGGTTGTGCATCGTGAATA,0,3445061
tabA_predicted,0.125,7,7,CGGGGGATCGTTCAACAATA,0,3438694
tabA_predicted,0.125,7,7,CGGGCTAGGCCGCGGCGTAA,0,3447793
tabA_predicted,0.125,7,7,CGGCAGGTCGAGTAACGAAG,0,3459274
tabA_predicted,0.125,7,7,CGGATGTATACTCCATAGAA,0,3436160
tabA_predicted,0.125,7,7,CGGATATTGCCTCCAATAGT,0,3446804
tabA_predicted,0.125,7,7,CGGACTGGAATAAATAATAA,0,3462565
tabA_predicted,0.125,7,7,CGGACTCACCCAATGGCGTT,0,3444840
tabA_predicted,0.125,7,7,CGGACCAGTCCGTTTTGGGA,0,3457054
tabA_predicted,0.125,7,7,CGCTTTGTAATAAGAGTCAA,0,3456288
tabA_predicted,0.125,7,7,CGCTGTAACGGTGGGACTGG,0,3459823
tabA_predicted,0.125,7,7,CGCTGGATACAGTCTAATCC,0,3465780
tabA_predicted,0.125,7,7,CGCTCAACATCGACGCTAGG,0,3459575
tabA_predicted,0.125,7,7,CGCTACGCATGGAGGCTTTA,0,3451466
tabA_predicted,0.125,7,7,CGCTACCACGCGCATGGCCT,0,3446967
tabA_predicted,0.125,7,7,CGCGGTACGGCGCTCCGAGT,0,3444981
tabA_predicted,0.125,7,7,CGCCGTTCATCTTTCTTCAT,0,3464539
tabA_predicted,0.125,7,7,CGCCGTCTCACGGGCACTAT,0,3434655
tabA_predicted,0.125,7,7,CGCCCTAAGGCCAGACGGGA,0,3440114
tabA_predicted,0.125,7,7,CGCAATAAGTAGGGTGCCGG,0,3456804
tabA_predicted,0.125,7,7,CGCAACTTCTATCTGCTGCA,0,3454170
tabA_predicted,0.125,7,7,CGATGCAAATCGTCTCGCTT,0,3437166
tabA_predicted,0.125,7,7,CGATGAGGACGGCTTACCTT,0,3432107
tabA_predicted,0.125,7,7,CGATCCTCGTGGAATGGACA,0,3435403
tabA_predicted,0.125,7,7,CGATCATGTCTCGGTCGCAG,0,3441510
tabA_predicted,0.125,7,7,CGAGTGCGACTAGCATAGGC,0,3458772
tabA_predicted,0.125,7,7,CGAGGCCACCAGGATAGGAT,0,3460683
tabA_predicted,0.125,7,7,CGAGGCAAAACCGGATGCTG,0,3458581
tabA_predicted,0.125,7,7,CGACCTACCCCTTGGGACGA,0,3451744
tabA_predicted,0.125,7,7,CGACCCCCCACGGACTCTTC,0,3453109
tabA_predicted,0.125,7,7,CCTTTTGTAGTTACCGGACG,0,3446298
tabA_predicted,0.125,7,7,CCTTGGGTGGGCAGGTGGCT,0,3457521
tabA_predicted,0.125,7,7,CCTGTGTAGATGACCATGGC,0,3458546
tabA_predicted,0.125,7,7,CCTGTCTCCTACGGGCTGAG,0,3457988
tabA_predicted,0.125,7,7,CCTGTCGAGGATATTCGGCT,0,3435295
tabA_predicted,0.125,7,7,CCTGGGCTGGAAAGAGATCC,0,3460030
tabA_predicted,0.125,7,7,CCTGAACCCGTGCTTAGCAG,0,3458065
tabA_predicted,0.125,7,7,CCTAGCCGTAGCGGACGTTC,0,3434374
tabA_predicted,0.125,7,7,CCTACGGAGTAAACGGTCAA,0,3464407
tabA_predicted,0.125,7,7,CCGTTTAAAAGCAGTTTCAC,0,3461836
tabA_predicted,0.125,7,7,CCGTGCTTCGCTACAGCTTA,0,3448406
tabA_predicted,0.125,7,7,CCGTAACCAACGCTGGTTGG,0,3462553
tabA_predicted,0.125,7,7,CCGGGGCAGGCCGGACTGGT,0,3447957
tabA_predicted,0.125,7,7,CCGGACCTCCGAGTACAAGG,0,3448065
tabA_predicted,0.125,7,7,CCGCTTGTGGTACAAAAGGA,0,3444486
tabA_predicted,0.125,7,7,CCGCGGATCTATGGACCGGT,0,3442270
tabA_predicted,0.125,7,7,CCGCAGGTAAGTTCCTATCT,0,3436113
tabA_predicted,0.125,7,7,CCGAGAAGGGTTGAGCAGCA,0,3443700
tabA_predicted,0.125,7,7,CCGACAGCGACCCCACCTCT,0,3457078
tabA_predicted,0.125,7,7,CCGAAGATTAAATTCCACCA,0,3452218
tabA_predicted,0.125,7,7,CCGAACGAAGTTCCACTATG,0,3440105
tabA_predicted,0.125,7,7,CCCTTCCCTCTGGGGCGATC,0,3457099
tabA_predicted,0.125,7,7,CCCTGACCGGGGGTAGTTGG,0,3453063
tabA_predicted,0.125,7,7,CCCTCGACCAGCGTCGTGCT,0,3459337
tabA_predicted,0.125,7,7,CCCTCCAGCAACTTGATCGA,0,3444105
tabA_predicted,0.125,7,7,CCCTCCACAGCTTAGAGGTG,0,3459629
tabA_predicted,0.125,7,7,CCCTAAGATCTGGAAAGCAT,0,3447546
tabA_predicted,0.125,7,7,CCCGGAAGTTATGTGAAGTA,0,3448985
tabA_predicted,0.125,7,7,CCCGGAAAGCATTCGGGAAA,0,3446906
tabA_predicted,0.125,7,7,CCCGCGTTGTGGGAATTAGT,0,3465329
tabA_predicted,0.125,7,7,CCCGCCTGATGAGACGTGGG,0,3441643
tabA_predicted,0.125,7,7,CCCGCAAGGTAAAGTACCAG,0,3462111
tabA_predicted,0.125,7,7,CCCGATTGATTCGTCCACGC,0,3463901
tabA_predicted,0.125,7,7,CCCCTCTATTGCGGTCGGCA,0,3450384
tabA_predicted,0.125,7,7,CCCCCAAACATTTTACGTAA,0,3463847
tabA_predicted,0.125,7,7,CCCATTCCAGGTCTATCAAA,0,3449021
tabA_predicted,0.125,7,7,CCCAGTAGCTAGCGGACATT,0,3442182
tabA_predicted,0.125,7,7,CCCAGGTCAAAAAACTTAGT,0,3435448
tabA_predicted,0.125,7,7,CCATCGACCAGGCTTCGGGT,0,3461766
tabA_predicted,0.125,7,7,CCAGGGTCAAAATCCTACAG,0,3463425
tabA_predicted,0.125,7,7,CCAGGACTGATGTGCCCCTT,0,3451424
tabA_predicted,0.125,7,7,CCAGCAATGGCCAGCGAGTA,0,3448894
tabA_predicted,0.125,7,7,CCAGAACTCAAGGAGTAGAT,0,3463455
tabA_predicted,0.125,7,7,CCACCTTGTGCGAGCATTCT,0,3447575
tabA_predicted,0.125,7,7,CCACCCTATCTAGCTCAGGA,0,3440326
tabA_predicted,0.125,7,7,CCACCCAGTACGCCCACGTT,0,3462162
tabA_predicted,0.125,7,7,CCACATGTCCGTCCACGCAG,0,3439546
tabA_predicted,0.125,7,7,CCAATCTTTTACCTTCAATA,0,3446315
tabA_predicted,0.125,7,7,CCAAGGTTAGTATATCCTCC,0,3459214
tabA_predicted,0.125,7,7,CCAAGCTTATCCTTGTTTAA,0,3451227
tabA_predicted,0.125,7,7,CCAAGATGACCGCGGATCTG,0,3435788
tabA_predicted,0.125,7,7,CATTTCCGGTTCTCATACAG,0,3446205
tabA_predicted,0.125,7,7,CATTAGTGTTCGCATTCACA,0,3439664
tabA_predicted,0.125,7,7,CATGTTCTTAGACTGGCGAC,0,3437271
tabA_predicted,0.125,7,7,CATGGGCTTATCACAGTTTG,0,3433706
tabA_predicted,0.125,7,7,CATGCAACTTCCCAATTGAG,0,3461370
tabA_predicted,0.125,7,7,CATCAAAGGGAGGGGTATCG,0,3456856
tabA_predicted,0.125,7,7,CATATTAGCTCGCCAATTCA,0,3439044
tabA_predicted,0.125,7,7,CATATATGTTAGTACGTCAT,0,3457424
tabA_predicted,0.125,7,7,CAGTGGGCAAAAGAAAGCGA,0,3447087
tabA_predicted,0.125,7,7,CAGTCAATGTCTTTCATCGT,0,3456367
tabA_predicted,0.125,7,7,CAGGTTCGTTGATTAATTAC,0,3458938
tabA_predicted,0.125,7,7,CAGGATGGATTGAAGATTAC,0,3439982
tabA_predicted,0.125,7,7,CAGCCTCTGACCCTTAAGCG,0,3445852
tabA_predicted,0.125,7,7,CAGCATTCAGCCTCGCGGCC,0,3434712
tabA_predicted,0.125,7,7,CAGAAATTGACCACCAGACT,0,3465599
tabA_predicted,0.125,7,7,CACTTCGTGTGTAGGTTGCT,0,3442377
tabA_predicted,0.125,7,7,CACGTCGGGCTATCACAAGC,0,3439162
tabA_predicted,0.125,7,7,CACGATTCGACGCCTATGTA,0,3463256
tabA_predicted,0.125,7,7,CACGACACATGGAACGTGTC,0,3439173
tabA_predicted,0.125,7,7,CACCGGCTTTTCGGAACCCA,0,3444599
tabA_predicted,0.125,7,7,CACCGCCCCCTTCGATTATT,0,3461211
tabA_predicted,0.125,7,7,CACCCTTGGGTTATCCACTT,0,3438582
tabA_predicted,0.125,7,7,CACCCGCGTTCGGGGTATTG,0,3455492
tabA_predicted,0.125,7,7,CACCCCGCGCTGTGGTCCCT,0,3446529
tabA_predicted,0.125,7,7,CACACTCCGGGAAGAGATGC,0,3441068
tabA_predicted,0.125,7,7,CAATTTTTAGCTCTTAAGTT,0,3443709
tabA_predicted,0.125,7,7,CAATGGCAATCGTGTACTCT,0,3453457
tabA_predicted,0.125,7,7,CAAGTGCAATTTAGGGACGC,0,3444633
tabA_predicted,0.125,7,7,CAAGGTGACCTGAACCGAGC,0,3459381
tabA_predicted,0.125,7,7,CAAGGCCCTGATAAGCAAAG,0,3455352
tabA_predicted,0.125,7,7,CAAGCCTACATGCAGACGCC,0,3443920
tabA_predicted,0.125,7,7,CAACTACCAGGAGTCGCCAC,0,3464189
tabA_predicted,0.125,7,7,CAACTACAATGGGGTAGGCT,0,3439820
tabA_predicted,0.125,7,7,CAACGGAAGGCTTGACCTCG,0,3442825
tabA_predicted,0.125,7,7,CAAATTTACAGTCACAAGCA,0,3454037
tabA_predicted,0.125,7,7,CAAATTATTTATACACTTTT,0,3457189
tabA_predicted,0.125,7,7,CAAAGGAACCATTGCCGTTA,0,3432261
tabA_predicted,0.125,7,7,ATTTTAGCTAGATTCCGGGA,0,3449859
tabA_predicted,0.125,7,7,ATTTGGCTACACCACGGTAG,0,3439071
tabA_predicted,0.125,7,7,ATTTACGGGACTCACCACGG,0,3433361
tabA_predicted,0.125,7,7,ATTTAAAGCAACATTTGTAT,0,3446997
tabA_predicted,0.125,7,7,ATTGTCTGATGTTGGCGGAG,0,3442986
tabA_predicted,0.125,7,7,ATTGCATATCGAAGGTTGCA,0,3465831
tabA_predicted,0.125,7,7,ATTAACCTTAGATGCGACTA,0,3446702
tabA_predicted,0.125,7,7,ATGTTACCAATAGGACGACT,0,3465407
tabA_predicted,0.125,7,7,ATGTGATTGTAGGTGCGTTC,0,3457051
tabA_predicted,0.125,7,7,ATGTAGTCGTACATCGCGCG,0,3451070
tabA_predicted,0.125,7,7,ATGTAAAGACAATAAGTGTC,0,3447110
tabA_predicted,0.125,7,7,ATGGGAAGGCATGCACAGTA,0,3435700
tabA_predicted,0.125,7,7,ATGGAGATACGCAGGTCGGG,0,3435398
tabA_predicted,0.125,7,7,ATGCGGCTTCAATGTGTCAT,0,3448365
tabA_predicted,0.125,7,7,ATGCAGGGAAGTAACGCCCG,0,3456799
tabA_predicted,0.125,7,7,ATGCAGAGACGGAGATCTCC,0,3455540
tabA_predicted,0.125,7,7,ATCTTCGATACCGGGCTTGT,0,3456487
tabA_predicted,0.125,7,7,ATCTCAGGGGTGGAGACACG,0,3449996
tabA_predicted,0.125,7,7,ATCTACAGTATAGCAGATTC,0,3449548
tabA_predicted,0.125,7,7,ATCGTGTTCCAATCGTCTGG,0,3457740
tabA_predicted,0.125,7,7,ATCGCGGTACGAATGGTCCT,0,3455627
tabA_predicted,0.125,7,7,ATCGCCGCTCGACTGCACTA,0,3456775
tabA_predicted,0.125,7,7,ATCCTCATCTACATACGGTT,0,3449263
tabA_predicted,0.125,7,7,ATCCTCAGGCGAATAGGATT,0,3463097
tabA_predicted,0.125,7,7,ATCCGCACTACACTTTCCAC,0,3447211
tabA_predicted,0.125,7,7,ATCAGGTTACAGACGGCGTG,0,3444354
tabA_predicted,0.125,7,7,ATCAATCTACCCTTTCTTCG,0,3444083
tabA_predicted,0.125,7,7,ATATATCTCTACTACGGTCA,0,3464898
tabA_predicted,0.125,7,7,ATAGGACATTGGAAGATGTA,0,3454279
tabA_predicted,0.125,7,7,ATACTCGAAAAAAGAGGTGA,0,3436256
tabA_predicted,0.125,7,7,ATACTAGTAGCGGCGGCGGC,0,3441071
tabA_predicted,0.125,7,7,ATACCAAATCAATGGCCCAA,0,3446012
tabA_predicted,0.125,7,7,ATAATGTGAACGGCGTTTCA,0,3442586
tabA_predicted,0.125,7,7,ATAAACTCATCAAAATGCTT,0,3431587
tabA_predicted,0.125,7,7,ATAAAAAATGGCAGTACTGG,0,3465559
tabA_predicted,0.125,7,7,AGTTTGTGGCCTCAAAGTAT,0,3461173
tabA_predicted,0.125,7,7,AGTTGCTTAGCACGTCTAGT,0,3446255
tabA_predicted,0.125,7,7,AGTTCGGGGATACTTCTTAC,0,3464415
tabA_predicted,0.125,7,7,AGTTCCTGTGGGGTAGGGCC,0,3440922
tabA_predicted,0.125,7,7,AGTTAGGGCGCCCCGTACGG,0,3446179
tabA_predicted,0.125,7,7,AGTGTAGATAATTGATACAC,0,3433686
tabA_predicted,0.125,7,7,AGTGCTAGGCAGGGGTTACG,0,3438382
tabA_predicted,0.125,7,7,AGTGAGCCTCTCCACAAGTT,0,3435209
tabA_predicted,0.125,7,7,AGTCTGCTGAACTAGACGGG,0,3442563
tabA_predicted,0.125,7,7,AGTCTCTCACGCCTTTACGA,0,3445704
tabA_predicted,0.125,7,7,AGGTTTGAAATGGTACGAAG,0,3454730
tabA_predicted,0.125,7,7,AGGTAGCAATTAGTGCCGGA,0,3460438
tabA_predicted,0.125,7,7,AGGGGTACGCAAGTGCATAG,0,3449372
tabA_predicted,0.125,7,7,AGGGGGGCGTACGAGCCGAG,0,3462339
tabA_predicted,0.125,7,7,AGGCTCCAGGCATTCCAACC,0,3449639
tabA_predicted,0.125,7,7,AGGCTCAGGCCTTCGGTTTA,0,3433267
tabA_predicted,0.125,7,7,AGGCTACTGCCTCGGGGCTA,0,3443284
tabA_predicted,0.125,7,7,AGGCGGATGAGTATGCGAAC,0,3433038
tabA_predicted,0.125,7,7,AGGCCGACTAGCACGGATGG,0,3465505
tabA_predicted,0.125,7,7,AGGCAGTGCAAGGACGCAGC,0,3440334
tabA_predicted,0.125,7,7,AGGCACTACAAAGGTTGGCC,0,3453158
tabA_predicted,0.125,7,7,AGGATTTAAACTATTAGTCG,0,3445381
tabA_predicted,0.125,7,7,AGGATGCCCACTAACCCAAC,0,3450121
tabA_predicted,0.125,7,7,AGGAATGCTCGGCGGTGCGT,0,3432808
tabA_predicted,0.125,7,7,AGCTTATGTGTACCCCAACC,0,3447921
tabA_predicted,0.125,7,7,AGCGGTATGTCGTGCCAAAG,0,3458123
tabA_predicted,0.125,7,7,AGCGGGATCGGGTCAATTAC,0,3458336
tabA_predicted,0.125,7,7,AGCGCTGCAGGCTGCAAGTC,0,3436066
tabA_predicted,0.125,7,7,AGCCTGCGTTACAAGTAGAA,0,3465454
tabA_predicted,0.125,7,7,AGCCTCATTCAGTACTCTCC,0,3452905
tabA_predicted,0.125,7,7,AGCCTAGATGTTCACAATTC,0,3442948
tabA_predicted,0.125,7,7,AGCCTACATAGGCGCTCAGA,0,3433677
tabA_predicted,0.125,7,7,AGCCGATCAATTTCGCGTCT,0,3462641
tabA_predicted,0.125,7,7,AGCCCGGTTTGCTTTCAAGT,0,3454015
tabA_predicted,0.125,7,7,AGCCCGACTCTTATCGTCGG,0,3454354
tabA_predicted,0.125,7,7,AGCATGTCCGAAGCACGCCG,0,3431401
tabA_predicted,0.125,7,7,AGCACGACGTGTAGAAAAGA,0,3436315
tabA_predicted,0.125,7,7,AGCACCAGGCTCATGCTTTA,0,3453396
tabA_predicted,0.125,7,7,AGATTCCCCGCGAGTTAACA,0,3456378
tabA_predicted,0.125,7,7,AGATGTTTATAAGCTGCGGG,0,3437255
tabA_predicted,0.125,7,7,AGATCCATTGCGGTGGTTGT,0,3450643
tabA_predicted,0.125,7,7,AGATATGGTCAGCATTTAAA,0,3431444
tabA_predicted,0.125,7,7,AGAGTTCGGTGGTCGTGGGA,0,3450949
tabA_predicted,0.125,7,7,AGAGGAGCCAGCTATTCCAT,0,3446934
tabA_predicted,0.125,7,7,AGACACGTCTCTGTTTGGCT,0,3435875
tabA_predicted,0.125,7,7,AGAAGTCACTGACGCACTAA,0,3433187
tabA_predicted,0.125,7,7,AGAAGGTGAAGCTGGCTCTG,0,3466289
tabA_predicted,0.125,7,7,AGAACCTATTATATGATTTA,0,3437631
tabA_predicted,0.125,7,7,AGAAATAATTATGAGGTCTG,0,3454917
tabA_predicted,0.125,7,7,ACTGAGGAGTTATGGAGCCT,0,3445031
tabA_predicted,0.125,7,7,ACTGACTTAGGTTCGTTCAA,0,3445518
tabA_predicted,0.125,7,7,ACTGAATTGGCAGATCTATC,0,3449819
tabA_predicted,0.125,7,7,ACTGAAGAGAACCACACTCT,0,3440452
tabA_predicted,0.125,7,7,ACTCGCAGAATCCGATTGTT,0,3449166
tabA_predicted,0.125,7,7,ACTCATACATAGGAGCAATA,0,3444545
tabA_predicted,0.125,7,7,ACTATCCTGAGTGATAAGGG,0,3453012
tabA_predicted,0.125,7,7,ACTATCCTGAAGCCACGACC,0,3465523
tabA_predicted,0.125,7,7,ACTATATCAATCGGCACGGT,0,3439679
tabA_predicted,0.125,7,7,ACTATATAACTCGAACATGC,0,3455896
tabA_predicted,0.125,7,7,ACTACGTTATCCAATGCTGG,0,3461410
tabA_predicted,0.125,7,7,ACGTTGGAGGGTCCCGGGGG,0,3459704
tabA_predicted,0.125,7,7,ACGTTATAAATTAGGGCCAC,0,3435741
tabA_predicted,0.125,7,7,ACGTCGTTCCTTCAGGGTAA,0,3448289
tabA_predicted,0.125,7,7,ACGTCCGGTTATCGGGAAGG,0,3451561
tabA_predicted,0.125,7,7,ACGTATTTGGCGGCACATTA,0,3441220
tabA_predicted,0.125,7,7,ACGTATCGGGAGGGAGGATT,0,3439517
tabA_predicted,0.125,7,7,ACGTATAAAGTGAATCTGGG,0,3449300
tabA_predicted,0.125,7,7,ACGGTGCAACGTGCCATAGT,0,3457678
tabA_predicted,0.125,7,7,ACGGGTCTCAAGCATTGTAA,0,3433115
tabA_predicted,0.125,7,7,ACGCTCTCTAAATGTGCAAG,0,3449773
tabA_predicted,0.125,7,7,ACGCCTTGCGCCTAAGTGTC,0,3434615
tabA_predicted,0.125,7,7,ACGCATCACTGAGCTACCAG,0,3451914
tabA_predicted,0.125,7,7,ACCTTAAGCTCCCTGCTCTG,0,3462613
tabA_predicted,0.125,7,7,ACCTGTATCGTGAGTAGTAA,0,3447365
tabA_predicted,0.125,7,7,ACCTCGTACCAAAATCACTT,0,3438431
tabA_predicted,0.125,7,7,ACCCTATATGTAGGGTAGGT,0,3460515
tabA_predicted,0.125,7,7,ACCCGAGTCCCAGCGCCTCT,0,3464761
tabA_predicted,0.125,7,7,ACCATTACAAGGTTACGTGT,0,3435851
tabA_predicted,0.125,7,7,ACCATCTCAACTATCTACAG,0,3440195
tabA_predicted,0.125,7,7,ACCATCAACCAGGATCAGCG,0,3456052
tabA_predicted,0.125,7,7,ACCAAGAGCAAAGCGGGGGG,0,3462932
tabA_predicted,0.125,7,7,ACCAACGCGCTATACATCCC,0,3445260
tabA_predicted,0.125,7,7,ACATGGTGGAGCAAATTTTG,0,3442909
tabA_predicted,0.125,7,7,ACATGCGCTTACGTTAATTG,0,3457290
tabA_predicted,0.125,7,7,ACATACCTTTCGGGTGACAT,0,3462294
tabA_predicted,0.125,7,7,ACAGTGAACCCAGACTCGAG,0,3442809
tabA_predicted,0.125,7,7,ACAGGGCGCCTTTGACTGAT,0,3447925
tabA_predicted,0.125,7,7,ACAGACAGGTTTGTCAGCTG,0,3433597
tabA_predicted,0.125,7,7,ACAATGGACCGGGAGCCTTT,0,3453376
tabA_predicted,0.125,7,7,ACAAGAGAAAAATTAAGGCG,0,3442003
tabA_predicted,0.125,7,7,ACAACATGTGGAGGTCGGTT,0,3437775
tabA_predicted,0.125,7,7,AATTCAACCCCGGCGACGGA,0,3436505
tabA_predicted,0.125,7,7,AATTATGATACGTAAGTCCT,0,3433529
tabA_predicted,0.125,7,7,AATCCGTTCCCGCTATATGT,0,3458291
tabA_predicted,0.125,7,7,AATAAGGTGACAAACATACG,0,3431347
tabA_predicted,0.125,7,7,AATAAATCGTCCGGTATAAG,0,3442282
tabA_predicted,0.125,7,7,AAGTTAGTGTTTTAATCGTG,0,3458449
tabA_predicted,0.125,7,7,AAGGTTTCTCGTATTGTGCA,0,3443494
tabA_predicted,0.125,7,7,AAGGGAAAATGAAGTGCCGT,0,3446558
tabA_predicted,0.125,7,7,AAGCATGTCCCAGATTGTGC,0,3455611
tabA_predicted,0.125,7,7,AAGCAGCTTCCCTAATTTGC,0,3448815
tabA_predicted,0.125,7,7,AAGCACACGTTTAATTCGTT,0,3465730
tabA_predicted,0.125,7,7,AAGAGGCCCAAAGACTTGTT,0,3447906
tabA_predicted,0.125,7,7,AAGAAACACGTTAGTATCTT,0,3440106
tabA_predicted,0.125,7,7,AACTCATGACGCCTAGCTTT,0,3447391
tabA_predicted,0.125,7,7,AACTATGCGTACGAACGGGC,0,3459936
tabA_predicted,0.125,7,7,AACTAGGACTAAGGCCAGGT,0,3446828
tabA_predicted,0.125,7,7,AACGTCTGTCCGCCTAAGCT,0,3451443
tabA_predicted,0.125,7,7,AACGGGTTGTGACTCTTTGA,0,3451804
tabA_predicted,0.125,7,7,AACGGCGGCGCCGGTAGAAA,0,3455122
tabA_predicted,0.125,7,7,AACGAAAGAGGTTCTGCCAC,0,3447955
tabA_predicted,0.125,7,7,AACCGCACCTGACTTTAGAC,0,3450205
tabA_predicted,0.125,7,7,AACAGCCAAGCATACGTCGG,0,3457823
tabA_predicted,0.125,7,7,AACAGAGGCGTGAGGGAAAG,0,3436782
tabA_predicted,0.125,7,7,AACACGCAGCCAGGATAGCT,0,3447912
tabA_predicted,0.125,7,7,AACACACCCTCTACCTGTAT,0,3449411
tabA_predicted,0.125,7,7,AACAATTAATTGTAGCGCTG,0,3445565
tabA_predicted,0.125,7,7,AACAATGCCTTACTGAGTGG,0,3438907
tabA_predicted,0.125,7,7,AACAATCATGGAGCGATCCA,0,3455406
tabA_predicted,0.125,7,7,AAATTGGTGCCTAAGCGTGC,0,3445521
tabA_predicted,0.125,7,7,AAATGCGGAGTACACAGCCT,0,3439905
tabA_predicted,0.125,7,7,AAATCCCTGGTTCCGAAATT,0,3441457
tabA_predicted,0.125,7,7,AAATACGCCGCTGTAATTCT,0,3461138
tabA_predicted,0.125,7,7,AAAGCGACTGAGAGACCGAG,0,3452455
tabA_predicted,0.125,7,7,AAAGCAGGGCATTTTTAGAT,0,3443707
tabA_predicted,0.125,7,7,AAACGGTGCAAGTTCAAATT,0,3451748
tabA_predicted,0.125,7,7,AAACCTGCCCTATCACGGGG,0,3465078
tabA_predicted,0.125,7,7,AAAATAAACCGATAGGCCCG,0,3461478
tabA_predicted,0.125,7,7,AAAAGCATAGCTGAGGCTAA,0,3465518
tabA_predicted,0.125,7,7,AAAACGGAGAGCTTAATAAG,0,3434480
tabA_predicted,0.125,7,7,AAAAAAGGTAGCCCCATATC,0,3458644
tabA_predicted,0.125,7,7,AAAAAACTTTTGGCGCCGGT,0,3459016
tabA_predicted,0.14285714285714285,6,6,TTTTGTTCTCATGGCCGGCC,0,3445802
tabA_predicted,0.14285714285714285,6,6,TTTTCTGGGAATCCGTTGGC,0,3445860
tabA_predicted,0.14285714285714285,6,6,TTTGTGCACACTCACCTTCA,0,3466363
tabA_predicted,0.14285714285714285,6,6,TTTGTCCCTTCCAGACATAC,0,3434314
tabA_predicted,0.14285714285714285,6,6,TTTGGTGTAATTTGCGTTCC,0,3459927
tabA_predicted,0.14285714285714285,6,6,TTTGGGGTCCTAAAGATGTA,0,3439450
tabA_predicted,0.14285714285714285,6,6,TTTGGACCGTTTTATCTCGA,0,3464788
tabA_predicted,0.14285714285714285,6,6,TTTGGACCGCACGAGTCAAA,0,3454700
tabA_predicted,0.14285714285714285,6,6,TTTCGCAGGAAGTAAGTTAC,0,3439042
tabA_predicted,0.14285714285714285,6,6,TTTCAGTTAACAGTCGAATA,0,3455932
tabA_predicted,0.14285714285714285,6,6,TTTATCCAATATACACACGA,0,3450832
tabA_predicted,0.14285714285714285,6,6,TTTAGGAGTTCACTTCCACT,0,3435153
tabA_predicted,0.14285714285714285,6,6,TTTAGAGCCCCGGCTCCAAC,0,3454949
tabA_predicted,0.14285714285714285,6,6,TTTACGGGGAAGCCCTGCAG,0,3444990
tabA_predicted,0.14285714285714285,6,6,TTGTAAATATACCTTAACTC,0,3437152
tabA_predicted,0.14285714285714285,6,6,TTGGTGTCCCTCTTCCTCAT,0,3451488
tabA_predicted,0.14285714285714285,6,6,TTGGCGGCGGAATAATAAGA,0,3448364
tabA_predicted,0.14285714285714285,6,6,TTGCTTCCCCGGCAAACTGT,0,3448958
tabA_predicted,0.14285714285714285,6,6,TTGCTTAGCCTTGTCTACTG,0,3460385
tabA_predicted,0.14285714285714285,6,6,TTGCGTCGTTAACTATAGTT,0,3443726
tabA_predicted,0.14285714285714285,6,6,TTGCGTCGGAGCACTGAGCA,0,3453882
tabA_predicted,0.14285714285714285,6,6,TTGCCTACTCCTGGCATGAT,0,3443818
tabA_predicted,0.14285714285714285,6,6,TTGCAGGGCGACGAGGATAG,0,3455304
tabA_predicted,0.14285714285714285,6,6,TTGATAGGTTCCTGCGCGAT,0,3455358
tabA_predicted,0.14285714285714285,6,6,TTGAAGAGAACTCCTCTTGT,0,3436871
tabA_predicted,0.14285714285714285,6,6,TTCTGGGGGTCTAGACGCCC,0,3463823
tabA_predicted,0.14285714285714285,6,6,TTCTGGGCTGTCCAATACGC,0,3459348
tabA_predicted,0.14285714285714285,6,6,TTCTCCGTACGCTCTTCGCA,0,3463084
tabA_predicted,0.14285714285714285,6,6,TTCTCACATTTCCCATCACT,0,3438679
tabA_predicted,0.14285714285714285,6,6,TTCTACGCTTCAACGAGCGC,0,3445103
tabA_predicted,0.14285714285714285,6,6,TTCTACCGTAGGCGATACAG,0,3456809
tabA_predicted,0.14285714285714285,6,6,TTCGTAATGGCGTGCACCAC,0,3435910
tabA_predicted,0.14285714285714285,6,6,TTCGGCCAACCAGTGAGCGA,0,3456153
tabA_predicted,0.14285714285714285,6,6,TTCGAGAAACGCAAAGGTCT,0,3456309
tabA_predicted,0.14285714285714285,6,6,TTCGACAAGGAGTGATCATC,0,3443831
tabA_predicted,0.14285714285714285,6,6,TTCCCCCGACATTGATTTAT,0,3448986
tabA_predicted,0.14285714285714285,6,6,TTCAACTTGGAGCACGCAGT,0,3442794
tabA_predicted,0.14285714285714285,6,6,TTCAACAGCATATGCGGATA,0,3433918
tabA_predicted,0.14285714285714285,6,6,TTATCTCGCTACGGGTGCTA,0,3437942
tabA_predicted,0.14285714285714285,6,6,TTATACTCTATATTTTTCAT,0,3456956
tabA_predicted,0.14285714285714285,6,6,TTATACAATCCTTACCGACC,0,3456565
tabA_predicted,0.14285714285714285,6,6,TTAGTACCGTCGAAAATAAC,0,3451750
tabA_predicted,0.14285714285714285,6,6,TTAGGCACTAAATAATTGAA,0,3463885
tabA_predicted,0.14285714285714285,6,6,TTAGCAGGAGCTGGCCAGGA,0,3454658
tabA_predicted,0.14285714285714285,6,6,TTAGATCGTTAGTCTGTTAG,0,3436864
tabA_predicted,0.14285714285714285,6,6,TTACGTTTCCAATGTCATTC,0,3463537
tabA_predicted,0.14285714285714285,6,6,TTAACATCCGAGGATAGAGA,0,3434252
tabA_predicted,0.14285714285714285,6,6,TTAAAACGGATCGAACTCTT,0,3455134
tabA_predicted,0.14285714285714285,6,6,TGTTCGTAGCCACGTACAAA,0,3434295
tabA_predicted,0.14285714285714285,6,6,TGTTCAGAGCGGGTTAAATT,0,3445587
tabA_predicted,0.14285714285714285,6,6,TGTTCACTGTAATTGCGCTT,0,3461980
tabA_predicted,0.14285714285714285,6,6,TGTGGCATGGACTGTAACCA,0,3438340
tabA_predicted,0.14285714285714285,6,6,TGTATTCTGTACACTTCCCG,0,3448163
tabA_predicted,0.14285714285714285,6,6,TGTAGTTACCCATCGTCGCG,0,3446245
tabA_predicted,0.14285714285714285,6,6,TGTAGTGGGAATGGGACTCA,0,3453530
tabA_predicted,0.14285714285714285,6,6,TGTACGGGTAACGACATCCA,0,3466050
tabA_predicted,0.14285714285714285,6,6,TGTACAATCAAACAGGCTCT,0,3438986
tabA_predicted,0.14285714285714285,6,6,TGGTTGTTCAATCCATGTCT,0,3461585
tabA_predicted,0.14285714285714285,6,6,TGGTGCCCGCGCCCCGGAAA,0,3433643
tabA_predicted,0.14285714285714285,6,6,TGGTCTCAATCTCTTCGTAA,0,3446703
tabA_predicted,0.14285714285714285,6,6,TGGTCACCGTCTTAGTTTAG,0,3455463
tabA_predicted,0.14285714285714285,6,6,TGGTAAGTCGGCATAACGCG,0,3435212
tabA_predicted,0.14285714285714285,6,6,TGGGCTCACGTAATACGTAC,0,3459859
tabA_predicted,0.14285714285714285,6,6,TGGGCGGTCAGCTCGCTTAA,0,3449949
tabA_predicted,0.14285714285714285,6,6,TGGGCCGGGGCTCCCCCGCA,0,3460677
tabA_predicted,0.14285714285714285,6,6,TGGGATTATGCTTCGGCAGC,0,3433367
tabA_predicted,0.14285714285714285,6,6,TGGCTCTGTTATGCCGTGAG,0,3457618
tabA_predicted,0.14285714285714285,6,6,TGGCCTACTGCCTGATTAGA,0,3446615
tabA_predicted,0.14285714285714285,6,6,TGGACCCCACGAGGTCGCGT,0,3456529
tabA_predicted,0.14285714285714285,6,6,TGGACATTACCGTGGCCATA,0,3438544
tabA_predicted,0.14285714285714285,6,6,TGCTTTTCGGCCCATAAGGT,0,3432634
tabA_predicted,0.14285714285714285,6,6,TGCTTTTACAAAGAAGGACT,0,3444723
tabA_predicted,0.14285714285714285,6,6,TGCTTTGCACAAACCCTCCT,0,3460635
tabA_predicted,0.14285714285714285,6,6,TGCTGGACCATTCTTCTTAA,0,3446836
tabA_predicted,0.14285714285714285,6,6,TGCTGACACCATCCGAGCGG,0,3457512
tabA_predicted,0.14285714285714285,6,6,TGCGCTACCTTTCCGAGGAC,0,3454731
tabA_predicted,0.14285714285714285,6,6,TGCGCCCCTAGAGTGTACAT,0,3460907
tabA_predicted,0.14285714285714285,6,6,TGCCGTTTCTTATTGTGGCC,0,3450866
tabA_predicted,0.14285714285714285,6,6,TGCATTTTGTCAGCACTCAT,0,3464893
tabA_predicted,0.14285714285714285,6,6,TGCAAGCTCAATTCGTTGAG,0,3459120
tabA_predicted,0.14285714285714285,6,6,TGATGCACTTGACGTTCAGT,0,3449724
tabA_predicted,0.14285714285714285,6,6,TGATCCGCAAAGTTCTTGTA,0,3433621
tabA_predicted,0.14285714285714285,6,6,TGAGTAGCGTGATGATTGTG,0,3450983
tabA_predicted,0.14285714285714285,6,6,TGAGGTATTAATTCTAAGAC,0,3461929
tabA_predicted,0.14285714285714285,6,6,TGAGAACACACATTTAATTT,0,3433430
tabA_predicted,0.14285714285714285,6,6,TGACTTATTTGTACCTGGAG,0,3449925
tabA_predicted,0.14285714285714285,6,6,TGACCCCGATGGTAAAGACT,0,3446093
tabA_predicted,0.14285714285714285,6,6,TGAACCGATGTTGTGGTTAC,0,3439829
tabA_predicted,0.14285714285714285,6,6,TGAAAGTAAGTATAGAATCA,0,3439881
tabA_predicted,0.14285714285714285,6,6,TGAAAATTGGGAAGTGGGCG,0,3434645
tabA_predicted,0.14285714285714285,6,6,TCTTAGGCGTTGTCTGGAAT,0,3434090
tabA_predicted,0.14285714285714285,6,6,TCTTACCCTGTATCAAACAC,0,3466356
tabA_predicted,0.14285714285714285,6,6,TCTGTGCTGCGCTATAGTTT,0,3452056
tabA_predicted,0.14285714285714285,6,6,TCTCTTTGTATACGGTAGAT,0,3465985
tabA_predicted,0.14285714285714285,6,6,TCTCTAGGCACATAACGTGG,0,3431909
tabA_predicted,0.14285714285714285,6,6,TCTCGCGAAATCCTTATCGG,0,3457582
tabA_predicted,0.14285714285714285,6,6,TCTAGAACACCGCGACGGTC,0,3440027
tabA_predicted,0.14285714285714285,6,6,TCTAATGAGGAGTTGATAAG,0,3443249
tabA_predicted,0.14285714285714285,6,6,TCGTTGAGCCCATCTCACCG,0,3449935
tabA_predicted,0.14285714285714285,6,6,TCGTTCAGAAATATATATAT,0,3466051
tabA_predicted,0.14285714285714285,6,6,TCGTCTGGAAAAGGTTATTA,0,3462420
tabA_predicted,0.14285714285714285,6,6,TCGGGATCAGTGCTTGGATT,0,3455513
tabA_predicted,0.14285714285714285,6,6,TCGGCGTGTCTCGGAAACTG,0,3456963
tabA_predicted,0.14285714285714285,6,6,TCGGCGAGCGGACAAAGAGC,0,3438199
tabA_predicted,0.14285714285714285,6,6,TCGGCATGACAAAGGGCTAT,0,3445416
tabA_predicted,0.14285714285714285,6,6,TCGGCATCATAATCAACCTG,0,3452388
tabA_predicted,0.14285714285714285,6,6,TCGGAACGCCCATGAGAACA,0,3466096
tabA_predicted,0.14285714285714285,6,6,TCGGAAACTATGAATTATAG,0,3462905
tabA_predicted,0.14285714285714285,6,6,TCGCCTCATGAAGGATGGCA,0,3448647
tabA_predicted,0.14285714285714285,6,6,TCGCAAAAGACCCTCAAGAC,0,3455509
tabA_predicted,0.14285714285714285,6,6,TCGATAAGAGGAGTCGAGAC,0,3431846
tabA_predicted,0.14285714285714285,6,6,TCCTTAGAGTAGACTAGGTC,0,3449923
tabA_predicted,0.14285714285714285,6,6,TCCGGTCCGGGGGGCCGCAA,0,3446829
tabA_predicted,0.14285714285714285,6,6,TCCCTAGCGGGGCCGGGCGA,0,3465733
tabA_predicted,0.14285714285714285,6,6,TCCCGCTGCTGTATGCCCTA,0,3432394
tabA_predicted,0.14285714285714285,6,6,TCCCGATGAGACTGATACCG,0,3460676
tabA_predicted,0.14285714285714285,6,6,TCCATTTAAGCTCTGCAGTA,0,3437661
tabA_predicted,0.14285714285714285,6,6,TCCATCGCTCAGATGAGTGA,0,3454877
tabA_predicted,0.14285714285714285,6,6,TCCATCGAGACTTTGGGGAA,0,3433025
tabA_predicted,0.14285714285714285,6,6,TCCATAGTCTGAAAGTAGGA,0,3448952
tabA_predicted,0.14285714285714285,6,6,TCCAGTTTTGGCACGGCTAT,0,3453769
tabA_predicted,0.14285714285714285,6,6,TCCAGTCATACCGCTCAGAA,0,3460254
tabA_predicted,0.14285714285714285,6,6,TCCAGCGGTTGTCTCAAAAG,0,3455320
tabA_predicted,0.14285714285714285,6,6,TCCACACAGTAAACCTCGTG,0,3456763
tabA_predicted,0.14285714285714285,6,6,TCATGACACGTTGCCCTTTC,0,3441887
tabA_predicted,0.14285714285714285,6,6,TCATACATGGCGCCGTATGG,0,3439898
tabA_predicted,0.14285714285714285,6,6,TCAGTTGGCGATGATGGTTA,0,3443147
tabA_predicted,0.14285714285714285,6,6,TCAGGTGAGTCAGACTATCT,0,3445252
tabA_predicted,0.14285714285714285,6,6,TCAGGCCTGCCGTATAGTGT,0,3457358
tabA_predicted,0.14285714285714285,6,6,TCAGCATGTGGCAGGCTTCA,0,3436457
tabA_predicted,0.14285714285714285,6,6,TCAGAAAGACGCATACTAGC,0,3436435
tabA_predicted,0.14285714285714285,6,6,TCACTTGCCAGCTCCTTCTT,0,3458248
tabA_predicted,0.14285714285714285,6,6,TCACCCGGCCAGTTTATCTC,0,3432092
tabA_predicted,0.14285714285714285,6,6,TCACATGAGTACATTCCATT,0,3463815
tabA_predicted,0.14285714285714285,6,6,TCACACAGTTCACAGTCTCC,0,3440340
tabA_predicted,0.14285714285714285,6,6,TCAATATGGATTCCTCGCTC,0,3465249
tabA_predicted,0.14285714285714285,6,6,TCAAATGAGATCTAGGGTGT,0,3435826
tabA_predicted,0.14285714285714285,6,6,TATTTGTGAAATTTGCCAAG,0,3441293
tabA_predicted,0.14285714285714285,6,6,TATTAGCTCTGGTGTCTCAT,0,3453460
tabA_predicted,0.14285714285714285,6,6,TATTACTTAGACGAGGGCCA,0,3464296
tabA_predicted,0.14285714285714285,6,6,TATGTTCGTAGCTGGGTGCG,0,3439234
tabA_predicted,0.14285714285714285,6,6,TATGTAGGAGTATTTACATG,0,3450010
tabA_predicted,0.14285714285714285,6,6,TATGGTGCTATATTGTACTG,0,3461890
tabA_predicted,0.14285714285714285,6,6,TATGGAGGCTCACTCAGCGT,0,3458491
tabA_predicted,0.14285714285714285,6,6,TATGCGTCGTGCTTCTATGA,0,3456021
tabA_predicted,0.14285714285714285,6,6,TATGATCGAGTGATTAAAGT,0,3453426
tabA_predicted,0.14285714285714285,6,6,TATCGGTTTCTTTACTCCAC,0,3435330
tabA_predicted,0.14285714285714285,6,6,TATATGTTAGTAACATATGG,0,3461318
tabA_predicted,0.14285714285714285,6,6,TATAGCTGAAAGGATGTCAT,0,3456459
tabA_predicted,0.14285714285714285,6,6,TATACTAGGTACTAGGAAAT,0,3448377
tabA_predicted,0.14285714285714285,6,6,TATAATTTGCTACTAACGCT,0,3442153
tabA_predicted,0.14285714285714285,6,6,TATAATTGATGAGATTGAAC,0,3440586
tabA_predicted,0.14285714285714285,6,6,TATAAAATTTTGGGGCCTGT,0,3458663
tabA_predicted,0.14285714285714285,6,6,TAGGTGTGATCCCGCTACTA,0,3463326
tabA_predicted,0.14285714285714285,6,6,TAGGCCTTTGTCTTTTCATC,0,3432140
tabA_predicted,0.14285714285714285,6,6,TAGCGACGCGATGGCCCATA,0,3458261
tabA_predicted,0.14285714285714285,6,6,TAGCCTCGTATCAGCACCAA,0,3446213
tabA_predicted,0.14285714285714285,6,6,TAGCCGCTGTGTAGTGAAAT,0,3432512
tabA_predicted,0.14285714285714285,6,6,TAGCACTAGGACCCACCCTT,0,3439547
tabA_predicted,0.14285714285714285,6,6,TAGATTGCCGAGGATGCCAC,0,3439824
tabA_predicted,0.14285714285714285,6,6,TAGATTACATCCTATGTTGT,0,3462555
tabA_predicted,0.14285714285714285,6,6,TAGACACGAATTGGGTTTAC,0,3444816
tabA_predicted,0.14285714285714285,6,6,TACTTTGCACACCGAACTCT,0,3451740
tabA_predicted,0.14285714285714285,6,6,TACTTCCGCCGCAGTACGGA,0,3440368
tabA_predicted,0.14285714285714285,6,6,TACTGCAAAAGTTAAGGCTC,0,3435967
tabA_predicted,0.14285714285714285,6,6,TACTCTGTGAGGATAATCGA,0,3432960
tabA_predicted,0.14285714285714285,6,6,TACTCGGCGGGTATTATTAA,0,3457094
tabA_predicted,0.14285714285714285,6,6,TACGGAAAATATTGACACAA,0,3436805
tabA_predicted,0.14285714285714285,6,6,TACGCCAAATTAATCATCTG,0,3446870
tabA_predicted,0.14285714285714285,6,6,TACCGTCTGGGGCGCAGGGA,0,3441929
tabA_predicted,0.14285714285714285,6,6,TACCGGGTGTTCACCGACGT,0,3432038
tabA_predicted,0.14285714285714285,6,6,TACCGCGGATACTCAAATAC,0,3464819
tabA_predicted,0.14285714285714285,6,6,TACCGCGCACTATCAATTCG,0,3435367
tabA_predicted,0.14285714285714285,6,6,TAATTTCTCACTCCTCGACA,0,3464331
tabA_predicted,0.14285714285714285,6,6,TAATCCAAGAACATTTGGGG,0,3451440
tabA_predicted,0.14285714285714285,6,6,TAATCCAAGAAACAGACATA,0,3457147
tabA_predicted,0.14285714285714285,6,6,TAAGTGGCAGCCAGCAGGTT,0,3431666
tabA_predicted,0.14285714285714285,6,6,TAAGTCACTAAGCACAAATA,0,3460843
tabA_predicted,0.14285714285714285,6,6,TAAGTATGTACATGCCTATT,0,3438001
tabA_predicted,0.14285714285714285,6,6,TAACGAGGCTTTGAGTGCAT,0,3453946
tabA_predicted,0.14285714285714285,6,6,TAAAGGGAGAGAGCAGCGAG,0,3457948
tabA_predicted,0.14285714285714285,6,6,TAAACTGCGTCGTGGGTCCC,0,3434976
tabA_predicted,0.14285714285714285,6,6,TAAACCTATAATGGTCACTA,0,3464621
tabA_predicted,0.14285714285714285,6,6,GTTTTTAGAATGCTCAACGT,0,3432892
tabA_predicted,0.14285714285714285,6,6,GTTTTGGTTTCCCCTTGGTA,0,3458968
tabA_predicted,0.14285714285714285,6,6,GTTTGGCTGCATCTTTTCTG,0,3453242
tabA_predicted,0.14285714285714285,6,6,GTTTAGCTGCATTCTATTTG,0,3435811
tabA_predicted,0.14285714285714285,6,6,GTTTAAACTTACGCGGGCTC,0,3463880
tabA_predicted,0.14285714285714285,6,6,GTTGATACAAAGCGCGGATC,0,3445533
tabA_predicted,0.14285714285714285,6,6,GTTCTAGCATAAGGGCGCTA,0,3444170
tabA_predicted,0.14285714285714285,6,6,GTTCCGCAATGAGTTAGCTG,0,3459635
tabA_predicted,0.14285714285714285,6,6,GTGTTTGCATCCCATATAGT,0,3453312
tabA_predicted,0.14285714285714285,6,6,GTGTTGGTAGCCGTCAAAGG,0,3455624
tabA_predicted,0.14285714285714285,6,6,GTGTTCGCGACGAACGCTGT,0,3447634
tabA_predicted,0.14285714285714285,6,6,GTGGCGGAACCAGGCAAAAT,0,3437456
tabA_predicted,0.14285714285714285,6,6,GTGGATCGTTTTGTTAACAC,0,3461696
tabA_predicted,0.14285714285714285,6,6,GTGCGGTTCCGGCGAGTTCT,0,3461319
tabA_predicted,0.14285714285714285,6,6,GTGCCATCGCGAGTCAACTA,0,3459414
tabA_predicted,0.14285714285714285,6,6,GTGCAGGCTTCGTGTGACGC,0,3457593
tabA_predicted,0.14285714285714285,6,6,GTGCAAGCCTGGGCCGTGAC,0,3440944
tabA_predicted,0.14285714285714285,6,6,GTGACTGTCCCCACCCTCCG,0,3463107
tabA_predicted,0.14285714285714285,6,6,GTGAAGTATACCGCCGAACC,0,3433122
tabA_predicted,0.14285714285714285,6,6,GTGAAGGGTCTGGCAGGAAC,0,3462819
tabA_predicted,0.14285714285714285,6,6,GTCTTCTCGCTTCAAGGCTA,0,3461640
tabA_predicted,0.14285714285714285,6,6,GTCTGGGCTTCGACGTCATC,0,3448616
tabA_predicted,0.14285714285714285,6,6,GTCTCAACCGCAGAACCCAA,0,3434050
tabA_predicted,0.14285714285714285,6,6,GTCTATTGGACACCTCCCTT,0,3464945
tabA_predicted,0.14285714285714285,6,6,GTCTACAGTATGGTCTGAAT,0,3435839
tabA_predicted,0.14285714285714285,6,6,GTCGTGAACGTCATCAAGTG,0,3453780
tabA_predicted,0.14285714285714285,6,6,GTCGGCCAGGGAACCTCTCA,0,3441377
tabA_predicted,0.14285714285714285,6,6,GTCGCGCGAGTCCATATAGT,0,3462313
tabA_predicted,0.14285714285714285,6,6,GTCGATGATGCACATTTCTG,0,3465588
tabA_predicted,0.14285714285714285,6,6,GTCGAAAGGCCCTACGGACG,0,3441982
tabA_predicted,0.14285714285714285,6,6,GTCCTTAAGTTAGAATAGCC,0,3464872
tabA_predicted,0.14285714285714285,6,6,GTCCGCACATCACTCTCTAA,0,3439996
tabA_predicted,0.14285714285714285,6,6,GTCCCTCTGACCCGTCAGAT,0,3434344
tabA_predicted,0.14285714285714285,6,6,GTCCACTTTAACGTGAGGCC,0,3464639
tabA_predicted,0.14285714285714285,6,6,GTCATACCACGTCTCGCCCC,0,3432593
tabA_predicted,0.14285714285714285,6,6,GTCACCTCCGCTTCTTGGAG,0,3451541
tabA_predicted,0.14285714285714285,6,6,GTATGTGACCCGGTTTCCCG,0,3461314
tabA_predicted,0.14285714285714285,6,6,GTATCTTCGTGAAACAATGT,0,3448806
tabA_predicted,0.14285714285714285,6,6,GTATCAGGTGATATGCTCAC,0,3434534
tabA_predicted,0.14285714285714285,6,6,GTATACGTTTTCGTTGCAAC,0,3459682
tabA_predicted,0.14285714285714285,6,6,GTAGGGGCGCTCTTCGAACA,0,3444892
tabA_predicted,0.14285714285714285,6,6,GTAGCACCGAAGTCAATAAC,0,3448783
tabA_predicted,0.14285714285714285,6,6,GTACACCACGCAAATGAGGG,0,3448361
tabA_predicted,0.14285714285714285,6,6,GGTTCGCCGCCCATCCGCGA,0,3439909
tabA_predicted,0.14285714285714285,6,6,GGTTATTTGTGACTGGTGTT,0,3436769
tabA_predicted,0.14285714285714285,6,6,GGTGTAGCTTTTAGGGGGAG,0,3462073
tabA_predicted,0.14285714285714285,6,6,GGTGCTGCAACGTGCGCTAA,0,3451110
tabA_predicted,0.14285714285714285,6,6,GGTGAGGGTATGATCATGTA,0,3456754
tabA_predicted,0.14285714285714285,6,6,GGTCCTTCTCCATGGGGCGT,0,3443010
tabA_predicted,0.14285714285714285,6,6,GGTCAGCAAGCGAGGGGAGC,0,3462224
tabA_predicted,0.14285714285714285,6,6,GGTAAACGATAATGCCTCGG,0,3436024
tabA_predicted,0.14285714285714285,6,6,GGGTTTCTGATAAAAGTTAT,0,3458718
tabA_predicted,0.14285714285714285,6,6,GGGTATTTAGGAATCCGGCA,0,3465237
tabA_predicted,0.14285714285714285,6,6,GGGTAAAACACGTGATACTT,0,3444639
tabA_predicted,0.14285714285714285,6,6,GGGGTTCCCGATCGAGGTCC,0,3439095
tabA_predicted,0.14285714285714285,6,6,GGGGCATTGATCCCTGTAAC,0,3445274
tabA_predicted,0.14285714285714285,6,6,GGGCATTAGGAAGCGAGGGG,0,3436015
tabA_predicted,0.14285714285714285,6,6,GGGCACTCCCAAGAATCGGA,0,3453924
tabA_predicted,0.14285714285714285,6,6,GGGCACAGGGATAAAACTCG,0,3454957
tabA_predicted,0.14285714285714285,6,6,GGGCAACGTGCGATGGCTAA,0,3447492
tabA_predicted,0.14285714285714285,6,6,GGGATTACTGTATCGATGCG,0,3436959
tabA_predicted,0.14285714285714285,6,6,GGGAGGGCCATAGGAGCTCC,0,3462562
tabA_predicted,0.14285714285714285,6,6,GGGACTGCAATTTCCTTGCT,0,3440973
tabA_predicted,0.14285714285714285,6,6,GGGACGATGATCTGGGTAAG,0,3459630
tabA_predicted,0.14285714285714285,6,6,GGGAAGTGGTGTCCCCAGGC,0,3454570
tabA_predicted,0.14285714285714285,6,6,GGGAAATCTGAACCGGACCA,0,3461981
tabA_predicted,0.14285714285714285,6,6,GGCTTCTGAAAAGTGGGTGC,0,3442883
tabA_predicted,0.14285714285714285,6,6,GGCGGCCAGTTCCGTCTTAA,0,3443075
tabA_predicted,0.14285714285714285,6,6,GGCGATCTCCTCGGGTAGGA,0,3435260
tabA_predicted,0.14285714285714285,6,6,GGCCGGTCCCATTACTACAG,0,3449581
tabA_predicted,0.14285714285714285,6,6,GGCCCTCCGAGTAATCGTTG,0,3447503
tabA_predicted,0.14285714285714285,6,6,GGCCCGTTGAATTATTCCGT,0,3443447
tabA_predicted,0.14285714285714285,6,6,GGCCCCCTCAGCTCATAGCG,0,3435644
tabA_predicted,0.14285714285714285,6,6,GGCCATTCGACGCTGCTCCG,0,3459438
tabA_predicted,0.14285714285714285,6,6,GGCCAAACTGATCTCAGAAC,0,3454913
tabA_predicted,0.14285714285714285,6,6,GGCAAGGGAGTGACAACACA,0,3447379
tabA_predicted,0.14285714285714285,6,6,GGCAAAGAGTCGCGGTGTGG,0,3465294
tabA_predicted,0.14285714285714285,6,6,GGATTCGTATACAGGCCTGT,0,3456261
tabA_predicted,0.14285714285714285,6,6,GGATGAATTGATAAGCAACG,0,3460914
tabA_predicted,0.14285714285714285,6,6,GGATATCCGTCATGCGCGAT,0,3458833
tabA_predicted,0.14285714285714285,6,6,GGAGGGATCGATTCTGGACG,0,3462192
tabA_predicted,0.14285714285714285,6,6,GGACTACGCGAGAGCCCCAT,0,3457739
tabA_predicted,0.14285714285714285,6,6,GGACGAGTCGCAGATTGTAA,0,3438439
tabA_predicted,0.14285714285714285,6,6,GGACCTGTGTGGGCTTTGTG,0,3438681
tabA_predicted,0.14285714285714285,6,6,GGACCAGAATATATTCGTGC,0,3437917
tabA_predicted,0.14285714285714285,6,6,GGAAGGCGATCCTCACCACA,0,3448403
tabA_predicted,0.14285714285714285,6,6,GGAACTCAAGACGGACTGAT,0,3458407
tabA_predicted,0.14285714285714285,6,6,GGAACCTCCGTATAAATGGC,0,3442233
tabA_predicted,0.14285714285714285,6,6,GGAACATCCTTAGTCTAGGG,0,3460165
tabA_predicted,0.14285714285714285,6,6,GGAAAAACGGGCACCTACAG,0,3452503
tabA_predicted,0.14285714285714285,6,6,GCTTTGATTTACTTGGGCTA,0,3459623
tabA_predicted,0.14285714285714285,6,6,GCTTTATATGCGGGGGTTAC,0,3455249
tabA_predicted,0.14285714285714285,6,6,GCTTCGGTGTCTTTTCTACC,0,3454953
tabA_predicted,0.14285714285714285,6,6,GCTGTGACCATCAGGTTAAG,0,3464251
tabA_predicted,0.14285714285714285,6,6,GCTGTCAAACTCGTTGCGAA,0,3449285
tabA_predicted,0.14285714285714285,6,6,GCTGGCTTTGGTTCGATACT,0,3462675
tabA_predicted,0.14285714285714285,6,6,GCGTCCACCTGAGGTCTTCT,0,3439260
tabA_predicted,0.14285714285714285,6,6,GCGTACACCACCACAATGCG,0,3454459
tabA_predicted,0.14285714285714285,6,6,GCGGTATGCCAGTACATTGC,0,3431698
tabA_predicted,0.14285714285714285,6,6,GCGGGGCCAAGGGCCAGAGC,0,3441873
tabA_predicted,0.14285714285714285,6,6,GCGGAGGCTGTTAGGCTTTA,0,3465029
tabA_predicted,0.14285714285714285,6,6,GCGCCATAGGGCGCATTGCA,0,3455216
tabA_predicted,0.14285714285714285,6,6,GCGCCACCACAATCGCACTA,0,3459697
tabA_predicted,0.14285714285714285,6,6,GCGCACAGACAATTCGAGTA,0,3437810
tabA_predicted,0.14285714285714285,6,6,GCGAGGTTATTTGCAGACCT,0,3442749
tabA_predicted,0.14285714285714285,6,6,GCGACATCGTGGAGTAGTGT,0,3459851
tabA_predicted,0.14285714285714285,6,6,GCCTTTCTGATAGGTCCCCA,0,3460469
tabA_predicted,0.14285714285714285,6,6,GCCTTCCAGTAAATCCGTCT,0,3441467
tabA_predicted,0.14285714285714285,6,6,GCCTGGATCGCAAGAGGGGC,0,3452847
tabA_predicted,0.14285714285714285,6,6,GCCTGCCCCTTCGGCTCTTA,0,3440323
tabA_predicted,0.14285714285714285,6,6,GCCGTTAGCGCCGCTCCTCA,0,3464733
tabA_predicted,0.14285714285714285,6,6,GCCGTAAATAATTCAAATGG,0,3447729
tabA_predicted,0.14285714285714285,6,6,GCCGGGCAATTCCGTGAGCA,0,3446140
tabA_predicted,0.14285714285714285,6,6,GCCGCAAACCGTGATGGAAC,0,3436300
tabA_predicted,0.14285714285714285,6,6,GCCGACGTTTGTCAGGTCCC,0,3457699
tabA_predicted,0.14285714285714285,6,6,GCCCTCGTATCATCTTAAAT,0,3438680
tabA_predicted,0.14285714285714285,6,6,GCCCCCTACTTAACAAACTA,0,3457711
tabA_predicted,0.14285714285714285,6,6,GCCCAGAGGTGGTATCGCCT,0,3460634
tabA_predicted,0.14285714285714285,6,6,GCCAGCCCTGGTGCTCAGCA,0,3444269
tabA_predicted,0.14285714285714285,6,6,GCCACTGTTGATGATTCTCT,0,3435879
tabA_predicted,0.14285714285714285,6,6,GCCAAATGCGTCCGCGTATA,0,3453903
tabA_predicted,0.14285714285714285,6,6,GCATTCACAGCGGGAGAGAA,0,3457134
tabA_predicted,0.14285714285714285,6,6,GCATGTCCCGTACCTAATGG,0,3456832
tabA_predicted,0.14285714285714285,6,6,GCATCGCTGGGGTCAAAAGG,0,3432033
tabA_predicted,0.14285714285714285,6,6,GCATCCTACCTTTAAGGTTC,0,3448795
tabA_predicted,0.14285714285714285,6,6,GCATCCGCGTCGATTCCGCG,0,3443005
tabA_predicted,0.14285714285714285,6,6,GCATCAAGGCATAGTCTTAC,0,3431613
tabA_predicted,0.14285714285714285,6,6,GCATATATATCGGAAAGGAG,0,3441517
tabA_predicted,0.14285714285714285,6,6,GCAGGTCGGCGTTCGTCCAT,0,3452581
tabA_predicted,0.14285714285714285,6,6,GCAGATCAGCTTGGGTGATC,0,3456971
tabA_predicted,0.14285714285714285,6,6,GCACTACGTTCAAATGCATC,0,3436288
tabA_predicted,0.14285714285714285,6,6,GCACGCTCCCCATTGGCGAC,0,3460289
tabA_predicted,0.14285714285714285,6,6,GCACAAACCCGAGTCCGGTT,0,3457702
tabA_predicted,0.14285714285714285,6,6,GCAATTTTACATTGCTTCGT,0,3434520
tabA_predicted,0.14285714285714285,6,6,GCAAGGCCCCACAGAATGAT,0,3449418
tabA_predicted,0.14285714285714285,6,6,GCAACAAATTCCCGCGGAAC,0,3458490
tabA_predicted,0.14285714285714285,6,6,GATTTAGTCACCGCAGAGGT,0,3440348
tabA_predicted,0.14285714285714285,6,6,GATTGCGATATGTGGTGGAA,0,3441374
tabA_predicted,0.14285714285714285,6,6,GATTCTGTGACTCAGAGTAT,0,3444614
tabA_predicted,0.14285714285714285,6,6,GATGTCCTCTGCAGATTGGT,0,3448066
tabA_predicted,0.14285714285714285,6,6,GATGATATTTCATATGCAGA,0,3431336
tabA_predicted,0.14285714285714285,6,6,GATGACTCGGATCGATGTCA,0,3456232
tabA_predicted,0.14285714285714285,6,6,GATAATTACACTTCCTGTGA,0,3438868
tabA_predicted,0.14285714285714285,6,6,GATAAAACGAAATGATTGGT,0,3453072
tabA_predicted,0.14285714285714285,6,6,GAGTTGAACGTTTTGCTCCT,0,3437506
tabA_predicted,0.14285714285714285,6,6,GAGTCTTCAGCGTGACATTT,0,3457130
tabA_predicted,0.14285714285714285,6,6,GAGTATGCGGACAGATCCAT,0,3453778
tabA_predicted,0.14285714285714285,6,6,GAGGTGCAGCCGGGATCTAT,0,3449324
tabA_predicted,0.14285714285714285,6,6,GAGGATCTTGAAGCCAAGTG,0,3436748
tabA_predicted,0.14285714285714285,6,6,GAGCGCGGACGGCGCGGAAC,0,3433501
tabA_predicted,0.14285714285714285,6,6,GAGCAACCGACTCACGTAAA,0,3441713
tabA_predicted,0.14285714285714285,6,6,GAGAGGTAGGATAGCAGCGT,0,3444954
tabA_predicted,0.14285714285714285,6,6,GAGAGGCCTGATTCCATTTC,0,3448832
tabA_predicted,0.14285714285714285,6,6,GAGAGAGGTCTGAGAAGAAG,0,3463427
tabA_predicted,0.14285714285714285,6,6,GACTGTGGCGTTGGCCACGA,0,3453216
tabA_predicted,0.14285714285714285,6,6,GACTCGTAAAATGACTGCTG,0,3441098
tabA_predicted,0.14285714285714285,6,6,GACTAGATATAACCTCCCAG,0,3462384
tabA_predicted,0.14285714285714285,6,6,GACTAGACTACAGGGCTCAC,0,3449746
tabA_predicted,0.14285714285714285,6,6,GACGTGAGCGTAAATCGGCA,0,3457073
tabA_predicted,0.14285714285714285,6,6,GACGTATGCCTGATCACGCT,0,3451441
tabA_predicted,0.14285714285714285,6,6,GACGGGAACGGCTCTATCAC,0,3437242
tabA_predicted,0.14285714285714285,6,6,GACGATGCGATGAAATCCTT,0,3444677
tabA_predicted,0.14285714285714285,6,6,GACCTGGGCGCGCAGAACCT,0,3458594
tabA_predicted,0.14285714285714285,6,6,GACCCGGTTCTGGTGGCGAC,0,3458878
tabA_predicted,0.14285714285714285,6,6,GACCAGTAGAGTATCGGGCA,0,3433959
tabA_predicted,0.14285714285714285,6,6,GACCAGGGGCATGGTGCTGT,0,3455877
tabA_predicted,0.14285714285714285,6,6,GACACTCGAACTGACTGCAC,0,3459716
tabA_predicted,0.14285714285714285,6,6,GACACTAGGCCCCACAAATG,0,3457170
tabA_predicted,0.14285714285714285,6,6,GAATTGGTGCAGGGCTGAAC,0,3452236
tabA_predicted,0.14285714285714285,6,6,GAAGTAGGCCCATTGTCTCT,0,3455883
tabA_predicted,0.14285714285714285,6,6,GAAGGAACATGTTGATAGAG,0,3465241
tabA_predicted,0.14285714285714285,6,6,GAACTTGTTCCCAGTCGGAC,0,3447001
tabA_predicted,0.14285714285714285,6,6,GAACTGCCAACAGTACTACA,0,3432977
tabA_predicted,0.14285714285714285,6,6,GAACGACACGGCTCGTTCAT,0,3434617
tabA_predicted,0.14285714285714285,6,6,GAACATCGACACGAGCGCGA,0,3449530
tabA_predicted,0.14285714285714285,6,6,GAAATTTTATATACGGTTGA,0,3457713
tabA_predicted,0.14285714285714285,6,6,GAAATGTAGTAGATGCACGG,0,3451687
tabA_predicted,0.14285714285714285,6,6,GAAACCGTAATTCCCTAGAC,0,3444578
tabA_predicted,0.14285714285714285,6,6,GAAACCAGAACAGTCAAAAG,0,3436069
tabA_predicted,0.14285714285714285,6,6,GAAAATACTTTCCGTCGCGG,0,3434722
tabA_predicted,0.14285714285714285,6,6,CTTTGTTAAGGTTCGCAAAA,0,3464911
tabA_predicted,0.14285714285714285,6,6,CTTTGCGTTCTGGAGATAAA,0,3453337
tabA_predicted,0.14285714285714285,6,6,CTTGTGTTTAGAGATGCGGC,0,3461168
tabA_predicted,0.14285714285714285,6,6,CTTCTTACTTCGATCCTCAG,0,3461815
tabA_predicted,0.14285714285714285,6,6,CTTCGGTGGTGCCCTAGAGT,0,3432778
tabA_predicted,0.14285714285714285,6,6,CTTCAAATCTTTACATTCTG,0,3447425
tabA_predicted,0.14285714285714285,6,6,CTGTGGACCAGTCAAGGGCG,0,3433835
tabA_predicted,0.14285714285714285,6,6,CTGTGACTGGCTGCCGAATA,0,3455445
tabA_predicted,0.14285714285714285,6,6,CTGGGTGCCACCGAGCACCT,0,3440767
tabA_predicted,0.14285714285714285,6,6,CTGGACTAGATCTTAAATTC,0,3449863
tabA_predicted,0.14285714285714285,6,6,CTGCACTAACTCTTATCGGA,0,3440576
tabA_predicted,0.14285714285714285,6,6,CTGACGGGGGAGTGTCGGGT,0,3442988
tabA_predicted,0.14285714285714285,6,6,CTCTGATCTTTCTAAGAGGA,0,3439692
tabA_predicted,0.14285714285714285,6,6,CTCGTTGTGTAACAAAGGGG,0,3446001
tabA_predicted,0.14285714285714285,6,6,CTCGTTAGGATTATGGTACT,0,3465138
tabA_predicted,0.14285714285714285,6,6,CTCGATGTACACTGTTTGTG,0,3451875
tabA_predicted,0.14285714285714285,6,6,CTCCTTTCCTCCCAGTCAAG,0,3461256
tabA_predicted,0.14285714285714285,6,6,CTCCTTAGAAATGTTGTACG,0,3446893
tabA_predicted,0.14285714285714285,6,6,CTCCGTCCTGGTGCCCTCTG,0,3459605
tabA_predicted,0.14285714285714285,6,6,CTCCGCTTATTTGGCTGTCC,0,3432105
tabA_predicted,0.14285714285714285,6,6,CTCCCGCACAAAAGCTAAGT,0,3432568
tabA_predicted,0.14285714285714285,6,6,CTCCCCTCGCGTAACAAGAC,0,3458244
tabA_predicted,0.14285714285714285,6,6,CTCACTGTGGACACACGTGT,0,3446273
tabA_predicted,0.14285714285714285,6,6,CTCAATAATATGCTAGCTAT,0,3452357
tabA_predicted,0.14285714285714285,6,6,CTATGTGCTGGAGTCCACAG,0,3434954
tabA_predicted,0.14285714285714285,6,6,CTATGTAGACCGCCGTATCG,0,3440900
tabA_predicted,0.14285714285714285,6,6,CTATCTAGAACACCAGTCAG,0,3437204
tabA_predicted,0.14285714285714285,6,6,CTATCGTATTTGCTACCCTC,0,3436323
tabA_predicted,0.14285714285714285,6,6,CTATCCACTACGTCAACCTA,0,3433200
tabA_predicted,0.14285714285714285,6,6,CTATACTTAATAAGTATATC,0,3450847
tabA_predicted,0.14285714285714285,6,6,CTAGTTTTCATGAGTTGAAT,0,3448398
tabA_predicted,0.14285714285714285,6,6,CTAGGAACTTACGCGCTCAC,0,3440715
tabA_predicted,0.14285714285714285,6,6,CTAGCGATCCGGACGTTTGA,0,3431821
tabA_predicted,0.14285714285714285,6,6,CTAGCCTGGACACTTAGGAA,0,3456156
tabA_predicted,0.14285714285714285,6,6,CTAGCACCCGTGAACGTTAC,0,3445341
tabA_predicted,0.14285714285714285,6,6,CTAGAGTCACATATCCAATC,0,3452657
tabA_predicted,0.14285714285714285,6,6,CTACTTGCTATTGTGTGTTA,0,3452725
tabA_predicted,0.14285714285714285,6,6,CTACGGGTAACGCAAGGTAT,0,3449110
tabA_predicted,0.14285714285714285,6,6,CTACGACGTCGATAACTATT,0,3449092
tabA_predicted,0.14285714285714285,6,6,CTAATATATACAAGGTTATA,0,3448945
tabA_predicted,0.14285714285714285,6,6,CTAAACGGTACCGACAGGCT,0,3441726
tabA_predicted,0.14285714285714285,6,6,CGTTTTTCGTCCGGGCTTTA,0,3438758
tabA_predicted,0.14285714285714285,6,6,CGTTTGTTATTCATCCCAGA,0,3463180
tabA_predicted,0.14285714285714285,6,6,CGTTCGCCACATTTCACAGA,0,3465335
tabA_predicted,0.14285714285714285,6,6,CGTTCCGGCCGACACCTTAT,0,3443197
tabA_predicted,0.14285714285714285,6,6,CGTTATTTTGGCTCTGACCA,0,3449891
tabA_predicted,0.14285714285714285,6,6,CGTGATCGCATGAAGTCCCA,0,3460335
tabA_predicted,0.14285714285714285,6,6,CGTGAGTGTTACACGCGTTT,0,3447500
tabA_predicted,0.14285714285714285,6,6,CGTCTGGGTCAACTCTGTGG,0,3432330
tabA_predicted,0.14285714285714285,6,6,CGTCGTGTTGTTCTGATTGA,0,3449354
tabA_predicted,0.14285714285714285,6,6,CGTCCCGTGGTACCGCCTAA,0,3439636
tabA_predicted,0.14285714285714285,6,6,CGTCATGATGACGGAACTGA,0,3460122
tabA_predicted,0.14285714285714285,6,6,CGTAGCCGTGGTTCATCTCT,0,3464373
tabA_predicted,0.14285714285714285,6,6,CGTACGTTGCTATTGTGTTA,0,3446496
tabA_predicted,0.14285714285714285,6,6,CGGTCCAGGCCCGAATAAAT,0,3433488
tabA_predicted,0.14285714285714285,6,6,CGGTAAGGCCAGATCCTTCT,0,3451639
tabA_predicted,0.14285714285714285,6,6,CGGGTCGGAATACGCATTGC,0,3437405
tabA_predicted,0.14285714285714285,6,6,CGGGTCCTGGGTGTGAAGAG,0,3447661
tabA_predicted,0.14285714285714285,6,6,CGGGGTCCTGTGTACAGCCG,0,3458978
tabA_predicted,0.14285714285714285,6,6,CGGGCGTGCCAGACGGATTT,0,3454146
tabA_predicted,0.14285714285714285,6,6,CGGCTGGGCCGCTACATGCG,0,3438460
tabA_predicted,0.14285714285714285,6,6,CGGCGGAGGCTCGGACTAAT,0,3437586
tabA_predicted,0.14285714285714285,6,6,CGGCGGACGAACTGCGTTAT,0,3465815
tabA_predicted,0.14285714285714285,6,6,CGGCCCCTGTCAAGCTTTAG,0,3443841
tabA_predicted,0.14285714285714285,6,6,CGGCATATCATTTATGGAGA,0,3444653
tabA_predicted,0.14285714285714285,6,6,CGGCAGGTTTATCTACCGTC,0,3456361
tabA_predicted,0.14285714285714285,6,6,CGGATTACTCTATGCGTTCA,0,3435449
tabA_predicted,0.14285714285714285,6,6,CGGATGTAAATCGTATCCAA,0,3454928
tabA_predicted,0.14285714285714285,6,6,CGGACTTGCAGGTCTATCTC,0,3439470
tabA_predicted,0.14285714285714285,6,6,CGCTTAGTAATGCGGTATAG,0,3445313
tabA_predicted,0.14285714285714285,6,6,CGCTGTTTGGAGACACGATT,0,3456622
tabA_predicted,0.14285714285714285,6,6,CGCTCGAAACAAGTGGTTTG,0,3460205
tabA_predicted,0.14285714285714285,6,6,CGCTATGTGCTCGTATCGGC,0,3457870
tabA_predicted,0.14285714285714285,6,6,CGCGTAGAAACAACTTGATC,0,3433539
tabA_predicted,0.14285714285714285,6,6,CGCGCGGCAGTGCTCGACGT,0,3447473
tabA_predicted,0.14285714285714285,6,6,CGCCACCCATTAAGCGATGT,0,3438725
tabA_predicted,0.14285714285714285,6,6,CGCAGTAGGTAACCTAAACG,0,3442465
tabA_predicted,0.14285714285714285,6,6,CGATCACATTCAGTCGGGAT,0,3437367
tabA_predicted,0.14285714285714285,6,6,CGATACTTATCTGACATTGG,0,3459363
tabA_predicted,0.14285714285714285,6,6,CGAGTGCTCCCGGTATGTAG,0,3447976
tabA_predicted,0.14285714285714285,6,6,CGAGGTTATTATGACGATGT,0,3458187
tabA_predicted,0.14285714285714285,6,6,CGAGGTTATAGATAGCGTAG,0,3434646
tabA_predicted,0.14285714285714285,6,6,CGAGGACTCCGGTGGCCCGC,0,3438358
tabA_predicted,0.14285714285714285,6,6,CGACTTCCACATTCCGTGTT,0,3435775
tabA_predicted,0.14285714285714285,6,6,CGACTCCTATTTAAGGGGAA,0,3456536
tabA_predicted,0.14285714285714285,6,6,CGACGTGCGGGGGAAGTTCG,0,3451009
tabA_predicted,0.14285714285714285,6,6,CGACGCAGAGGATGCCCGAG,0,3440460
tabA_predicted,0.14285714285714285,6,6,CGAAGTCCTGCCGGGGGCGC,0,3433347
tabA_predicted,0.14285714285714285,6,6,CCTTGATCTATTGCCCCGGC,0,3465560
tabA_predicted,0.14285714285714285,6,6,CCTGTTACGGCATGGAGCTC,0,3432880
tabA_predicted,0.14285714285714285,6,6,CCTCTGGGTTGGGGATTTTT,0,3464432
tabA_predicted,0.14285714285714285,6,6,CCTCGCGTCATTCTTACTGA,0,3448808
tabA_predicted,0.14285714285714285,6,6,CCTCGCAATGTGCGCTGTAG,0,3461899
tabA_predicted,0.14285714285714285,6,6,CCTCGACTGAAGGTACAATT,0,3449655
tabA_predicted,0.14285714285714285,6,6,CCTCATTTTAGGCTCGTACA,0,3461937
tabA_predicted,0.14285714285714285,6,6,CCGTTTGCAATAGTCGGAAA,0,3454846
tabA_predicted,0.14285714285714285,6,6,CCGTTCGTTGTTATGACCTC,0,3434662
tabA_predicted,0.14285714285714285,6,6,CCGTGACATTCACCAGGCGG,0,3442324
tabA_predicted,0.14285714285714285,6,6,CCGTCAGTAGCGGCTACGGA,0,3434194
tabA_predicted,0.14285714285714285,6,6,CCGTATGTGACTGACACTGT,0,3437368
tabA_predicted,0.14285714285714285,6,6,CCGTACCTTAGAGAGTTCGT,0,3436079
tabA_predicted,0.14285714285714285,6,6,CCGGGAGGCGCGCCCAGCCG,0,3463167
tabA_predicted,0.14285714285714285,6,6,CCGGAAAGGAATTGTCTGGG,0,3447099
tabA_predicted,0.14285714285714285,6,6,CCGCCGAGTGGCTCGGCTCG,0,3464967
tabA_predicted,0.14285714285714285,6,6,CCGAGGGTGGCGACAATACC,0,3461782
tabA_predicted,0.14285714285714285,6,6,CCGAGGCGGCAAGCTTGTAT,0,3450526
tabA_predicted,0.14285714285714285,6,6,CCGAGCATGCATAGTGAAGC,0,3436215
tabA_predicted,0.14285714285714285,6,6,CCGAAGAGCTTGGAGGGAGT,0,3438619
tabA_predicted,0.14285714285714285,6,6,CCCTTTATCCTTGTCGTATG,0,3440389
tabA_predicted,0.14285714285714285,6,6,CCCTGGTTTTGAAGTTGAAA,0,3438627
tabA_predicted,0.14285714285714285,6,6,CCCTCAGTACCTTTCGTAAC,0,3441286
tabA_predicted,0.14285714285714285,6,6,CCCGAGGCTTGATAAGCGCT,0,3462006
tabA_predicted,0.14285714285714285,6,6,CCCGAGCCTTGTTAGTAGGG,0,3461017
tabA_predicted,0.14285714285714285,6,6,CCCGAGACTCACTACGGGTA,0,3435412
tabA_predicted,0.14285714285714285,6,6,CCCCCATCGCCGCTTCGGGT,0,3457101
tabA_predicted,0.14285714285714285,6,6,CCCCAGGTATAGCGTCACCA,0,3446951
tabA_predicted,0.14285714285714285,6,6,CCCACAGCTGTGCTTTAGAA,0,3434647
tabA_predicted,0.14285714285714285,6,6,CCATGTCAGTCACTCGGGCT,0,3461848
tabA_predicted,0.14285714285714285,6,6,CCATCCGGGATATAGTATTC,0,3452141
tabA_predicted,0.14285714285714285,6,6,CCATCCGGATTTATATTTTA,0,3452751
tabA_predicted,0.14285714285714285,6,6,CCAGGGTGGCGACACGGTGA,0,3445963
tabA_predicted,0.14285714285714285,6,6,CCAGATGTAGTCCGCCCTAT,0,3445272
tabA_predicted,0.14285714285714285,6,6,CCAGAGGGCATCATCTGTCC,0,3461062
tabA_predicted,0.14285714285714285,6,6,CCACTCGCGCCCAATGGCCT,0,3452709
tabA_predicted,0.14285714285714285,6,6,CCACATTAAGGTATATGGTG,0,3454479
tabA_predicted,0.14285714285714285,6,6,CCACAGGTTGAGGGCGCCGC,0,3464138
tabA_predicted,0.14285714285714285,6,6,CCAATATTAGTCTTCGAAAG,0,3448525
tabA_predicted,0.14285714285714285,6,6,CCAAATGCGGATACAGTCTT,0,3441928
tabA_predicted,0.14285714285714285,6,6,CATTCTCGCTCTCCGGAGAA,0,3454995
tabA_predicted,0.14285714285714285,6,6,CATTCGGCGTCGATTCTGGA,0,3433988
tabA_predicted,0.14285714285714285,6,6,CATTAACGGGATACAAGTCC,0,3443986
tabA_predicted,0.14285714285714285,6,6,CATGGGCAAATCATAGGTCA,0,3436885
tabA_predicted,0.14285714285714285,6,6,CATGCCCTTTAAACCAGATA,0,3438901
tabA_predicted,0.14285714285714285,6,6,CATGCAAAAGGAACACCCTC,0,3445279
tabA_predicted,0.14285714285714285,6,6,CATCGATGTGCCACGCAGGC,0,3442745
tabA_predicted,0.14285714285714285,6,6,CATCCTAACAGCCGCCCATG,0,3462177
tabA_predicted,0.14285714285714285,6,6,CATAGCTGTTGCAGATCAGG,0,3462116
tabA_predicted,0.14285714285714285,6,6,CATACACTTCTGATCCCGTA,0,3456111
tabA_predicted,0.14285714285714285,6,6,CATAATCTGTTAGGGCAAAT,0,3452370
tabA_predicted,0.14285714285714285,6,6,CAGTGCTGGGTCTATGTTGT,0,3457390
tabA_predicted,0.14285714285714285,6,6,CAGTCCCGGGGGTCGTCGCT,0,3440283
tabA_predicted,0.14285714285714285,6,6,CAGTCACGATCCCTTCGGGA,0,3433121
tabA_predicted,0.14285714285714285,6,6,CAGGGGGCGCGAAACCGGTA,0,3450444
tabA_predicted,0.14285714285714285,6,6,CAGGAGGTCGGGGAGAGTGA,0,3440297
tabA_predicted,0.14285714285714285,6,6,CAGCGGTAGCCTCGAGCGTG,0,3450545
tabA_predicted,0.14285714285714285,6,6,CAGCGGGCTGAGGCTGTCCT,0,3465337
tabA_predicted,0.14285714285714285,6,6,CAGCGCGGTAATTCACGGCA,0,3463387
tabA_predicted,0.14285714285714285,6,6,CAGATTCCAACCCTTATTCC,0,3464570
tabA_predicted,0.14285714285714285,6,6,CAGATTAACTCGCACCGCCA,0,3443292
tabA_predicted,0.14285714285714285,6,6,CAGATATTGCTGCATGAATT,0,3435487
tabA_predicted,0.14285714285714285,6,6,CAGAACCGCCATTGCAGTAT,0,3451824
tabA_predicted,0.14285714285714285,6,6,CACTTTGTTGAGTCCAGCAA,0,3435146
tabA_predicted,0.14285714285714285,6,6,CACTTTCATAAGGTCTCCGA,0,3459385
tabA_predicted,0.14285714285714285,6,6,CACTCGGGTGTACAAGTTTG,0,3447973
tabA_predicted,0.14285714285714285,6,6,CACTCACACGCAAGTGCCGA,0,3436547
tabA_predicted,0.14285714285714285,6,6,CACTAAGTTTGTTGCGCACC,0,3435084
tabA_predicted,0.14285714285714285,6,6,CACTAAGTTGTCTTACCTAT,0,3460103
tabA_predicted,0.14285714285714285,6,6,CACGCTATTTTCTACATGGT,0,3452145
tabA_predicted,0.14285714285714285,6,6,CACGCCTACTCCTATTCCCC,0,3447818
tabA_predicted,0.14285714285714285,6,6,CACGCAGCGAGGCTTCAGAA,0,3452536
tabA_predicted,0.14285714285714285,6,6,CACCGTTTCATCCGAAAGGA,0,3457375
tabA_predicted,0.14285714285714285,6,6,CACCCCGGAAAAACTGTGGC,0,3463595
tabA_predicted,0.14285714285714285,6,6,CACCAGACCGAATATCAACT,0,3462798
tabA_predicted,0.14285714285714285,6,6,CACATATGTTATCCCGTCTG,0,3465870
tabA_predicted,0.14285714285714285,6,6,CACATACACACACCCTCCCC,0,3438891
tabA_predicted,0.14285714285714285,6,6,CACAGTCTGAAGTGGTGGAG,0,3445003
tabA_predicted,0.14285714285714285,6,6,CACAACAATCAGAATTGGAC,0,3465550
tabA_predicted,0.14285714285714285,6,6,CAATTGAAGACGGCTGTCAT,0,3441169
tabA_predicted,0.14285714285714285,6,6,CAATGCAGTAAATGTTAAAT,0,3441563
tabA_predicted,0.14285714285714285,6,6,CAATCCGATATGTAGAACCT,0,3440657
tabA_predicted,0.14285714285714285,6,6,CAATCAGCATCCATCTACTT,0,3438479
tabA_predicted,0.14285714285714285,6,6,CAATCACGAGCGGTCTACCC,0,3463010
tabA_predicted,0.14285714285714285,6,6,CAAGTCTTCCGGTGCTAAGG,0,3443332
tabA_predicted,0.14285714285714285,6,6,CAAGATGGAATGTGTACGAT,0,3453912
tabA_predicted,0.14285714285714285,6,6,CAACTATTTTTCCTGTAGCG,0,3435581
tabA_predicted,0.14285714285714285,6,6,CAACGCGGAATGGTCATTGG,0,3435801
tabA_predicted,0.14285714285714285,6,6,CAAATAGGATGAATCTAAGT,0,3464689
tabA_predicted,0.14285714285714285,6,6,CAAATACAGTAAGTAGGAAC,0,3442887
tabA_predicted,0.14285714285714285,6,6,CAAAGTACTTTCCAACATAA,0,3442770
tabA_predicted,0.14285714285714285,6,6,CAAACTTCCTTTTACATGCA,0,3461667
tabA_predicted,0.14285714285714285,6,6,CAAAAGGGCCATATAACATA,0,3435088
tabA_predicted,0.14285714285714285,6,6,ATTTTTACATGTAGGTGTTG,0,3464888
tabA_predicted,0.14285714285714285,6,6,ATTTGTCTGGGCTCTAATTG,0,3444125
tabA_predicted,0.14285714285714285,6,6,ATTTGAATAGCACGAAATTC,0,3456671
tabA_predicted,0.14285714285714285,6,6,ATTTCGAGGATCTGTGACCG,0,3438721
tabA_predicted,0.14285714285714285,6,6,ATTGCCCACTAGGAGGGCCC,0,3459521
tabA_predicted,0.14285714285714285,6,6,ATTCGTCTCTGGGGGCGGCT,0,3449430
tabA_predicted,0.14285714285714285,6,6,ATTAGGGGTGCCCAGCGTCC,0,3448680
tabA_predicted,0.14285714285714285,6,6,ATTAGCCATGCTACTTAATA,0,3445757
tabA_predicted,0.14285714285714285,6,6,ATTACTGCTTGCGGGTATTC,0,3438850
tabA_predicted,0.14285714285714285,6,6,ATTAAAGATTTGTCCCAGTA,0,3431362
tabA_predicted,0.14285714285714285,6,6,ATGTTTGAGGGGTGCTGGCT,0,3431265
tabA_predicted,0.14285714285714285,6,6,ATGTTGAGTCGATAATCATA,0,3447799
tabA_predicted,0.14285714285714285,6,6,ATGTCTTTTCGAACCATTGC,0,3444855
tabA_predicted,0.14285714285714285,6,6,ATGTCTGATTCGAGTCGGGC,0,3449677
tabA_predicted,0.14285714285714285,6,6,ATGTACGGTACAGGTTAGGT,0,3434316
tabA_predicted,0.14285714285714285,6,6,ATGTACATTGACAGAACGTA,0,3453537
tabA_predicted,0.14285714285714285,6,6,ATGGGTGTCCATATCGCCTT,0,3454173
tabA_predicted,0.14285714285714285,6,6,ATGGGGAAGCATCAGACCCT,0,3446241
tabA_predicted,0.14285714285714285,6,6,ATGGGAGTAATTTTTCCATT,0,3441795
tabA_predicted,0.14285714285714285,6,6,ATGCGGACCCTACGCTGAAT,0,3457884
tabA_predicted,0.14285714285714285,6,6,ATGCCATTCCAGGGAGAATC,0,3442661
tabA_predicted,0.14285714285714285,6,6,ATGCATTGATCGCAGGCGCA,0,3453574
tabA_predicted,0.14285714285714285,6,6,ATGCAAAGGCCGGTGGTCGG,0,3447832
tabA_predicted,0.14285714285714285,6,6,ATGATTGGCAGAATCTCGAC,0,3453507
tabA_predicted,0.14285714285714285,6,6,ATGATCATGGCATTTAGAGC,0,3454830
tabA_predicted,0.14285714285714285,6,6,ATGAGAGGGGTTGCGGCAAT,0,3454011
tabA_predicted,0.14285714285714285,6,6,ATCTGTTCCAAGTTGGACAG,0,3442603
tabA_predicted,0.14285714285714285,6,6,ATCTCGTAAGTTTCAGCCGT,0,3462445
tabA_predicted,0.14285714285714285,6,6,ATCTACGGACTTTCGGATAT,0,3442177
tabA_predicted,0.14285714285714285,6,6,ATCGTTATTCGCATGAAACG,0,3453311
tabA_predicted,0.14285714285714285,6,6,ATCGTACCTCCAGGACTCAT,0,3434642
tabA_predicted,0.14285714285714285,6,6,ATCGAGCCTTTCGGAGTAAA,0,3456071
tabA_predicted,0.14285714285714285,6,6,ATCGACCCATTTCGGCGCGC,0,3465934
tabA_predicted,0.14285714285714285,6,6,ATCCGAACATTACGCGATAC,0,3441332
tabA_predicted,0.14285714285714285,6,6,ATCCCTTCGCCGCTACCACC,0,3445656
tabA_predicted,0.14285714285714285,6,6,ATCCCCCACTCAGGTCTATC,0,3453625
tabA_predicted,0.14285714285714285,6,6,ATCCATGATCGAATTGACTC,0,3457158
tabA_predicted,0.14285714285714285,6,6,ATCCAGAAACTAAGACACTG,0,3454132
tabA_predicted,0.14285714285714285,6,6,ATCAAGGAATTGACAGCGGG,0,3448409
tabA_predicted,0.14285714285714285,6,6,ATCAACGTGTAGCACGACCC,0,3435599
tabA_predicted,0.14285714285714285,6,6,ATATTTTGGGGCAAATGTCT,0,3460943
tabA_predicted,0.14285714285714285,6,6,ATATTTGGTTATGTGCACCC,0,3451411
tabA_predicted,0.14285714285714285,6,6,ATATTTGCACAGACGGTGAA,0,3456984
tabA_predicted,0.14285714285714285,6,6,ATATCTTACGCCAAACGGAC,0,3456303
tabA_predicted,0.14285714285714285,6,6,ATATAGGACTCAGTAACTAG,0,3440007
tabA_predicted,0.14285714285714285,6,6,ATATACAAGTATCTAAGGAC,0,3449814
tabA_predicted,0.14285714285714285,6,6,ATAGGTTCACGGATCGACGG,0,3434802
tabA_predicted,0.14285714285714285,6,6,ATAGGGTGGAGCTTCGCCTG,0,3438656
tabA_predicted,0.14285714285714285,6,6,ATAGATTCGGCTTGCGTTCC,0,3435849
tabA_predicted,0.14285714285714285,6,6,ATACTCAAGTTCCGTGGCAT,0,3432608
tabA_predicted,0.14285714285714285,6,6,ATACGATGGGGGTGGAGCTG,0,3433944
tabA_predicted,0.14285714285714285,6,6,ATACCGTCGCGCCCGCCCAG,0,3438128
tabA_predicted,0.14285714285714285,6,6,ATACATCGTCCCTGAGTTCA,0,3465389
tabA_predicted,0.14285714285714285,6,6,ATACAGACGACGGACTACCT,0,3449432
tabA_predicted,0.14285714285714285,6,6,ATACACCACATATGTGGCAC,0,3456203
tabA_predicted,0.14285714285714285,6,6,ATAAGCGAGTGTACCGACAT,0,3434862
tabA_predicted,0.14285714285714285,6,6,ATAACGTGGTCTTGGGGCTG,0,3458761
tabA_predicted,0.14285714285714285,6,6,ATAACACAAAGCTCATATCG,0,3444705
tabA_predicted,0.14285714285714285,6,6,AGTTATAGCTGACCACCCTT,0,3454487
tabA_predicted,0.14285714285714285,6,6,AGTGTTGGATTATGTCGAAT,0,3432675
tabA_predicted,0.14285714285714285,6,6,AGTGTTCGGAGTTCTATCGC,0,3446457
tabA_predicted,0.14285714285714285,6,6,AGTGGCAAAGGTCTTCGCAG,0,3461857
tabA_predicted,0.14285714285714285,6,6,AGTGCGGTACCGTTCGCTTT,0,3464299
tabA_predicted,0.14285714285714285,6,6,AGTGCCTCGGTTTACATATG,0,3459421
tabA_predicted,0.14285714285714285,6,6,AGTGAGTAGGTCTTGACTTG,0,3441792
tabA_predicted,0.14285714285714285,6,6,AGTGACATAACAGGAGTTCA,0,3466094
tabA_predicted,0.14285714285714285,6,6,AGTCTTGTAGCCGGTCGTGA,0,3436954
tabA_predicted,0.14285714285714285,6,6,AGTCGCCCTGCCTCGGGACA,0,3456574
tabA_predicted,0.14285714285714285,6,6,AGTCATTGCATCCGGGTTCG,0,3448502
tabA_predicted,0.14285714285714285,6,6,AGTAGAGTATGATTGAGCGT,0,3438198
tabA_predicted,0.14285714285714285,6,6,AGTAACTCTGGCTACCGAGC,0,3447471
tabA_predicted,0.14285714285714285,6,6,AGGTTAGGGTGAGTATGACG,0,3437161
tabA_predicted,0.14285714285714285,6,6,AGGTGTACGTGGTGAAATCT,0,3454674
tabA_predicted,0.14285714285714285,6,6,AGGTGCCACGTTTTACACTA,0,3441426
tabA_predicted,0.14285714285714285,6,6,AGGTGAAGTGATCGCGTTCG,0,3451609
tabA_predicted,0.14285714285714285,6,6,AGGTCCAACGGAAGACAGGA,0,3440254
tabA_predicted,0.14285714285714285,6,6,AGGTCACCGCGAAATCCTTA,0,3439100
tabA_predicted,0.14285714285714285,6,6,AGGGGTCAAAGGAGTTAGAT,0,3444321
tabA_predicted,0.14285714285714285,6,6,AGGGGCGTGTTGACAGGCTT,0,3440977
tabA_predicted,0.14285714285714285,6,6,AGGGCTTTGCCTTAGGTCTG,0,3442670
tabA_predicted,0.14285714285714285,6,6,AGGGCGTCAGGAAACCCAAT,0,3432226
tabA_predicted,0.14285714285714285,6,6,AGGGCCTGTTTGTATGACGC,0,3443764
tabA_predicted,0.14285714285714285,6,6,AGGGATCAACAACGGGCTTC,0,3441380
tabA_predicted,0.14285714285714285,6,6,AGGGAGAATTACTATGCATG,0,3447592
tabA_predicted,0.14285714285714285,6,6,AGGATGATCTACGGCCAGTA,0,3435586
tabA_predicted,0.14285714285714285,6,6,AGGATATGCCTGGAGCAGCT,0,3446212
tabA_predicted,0.14285714285714285,6,6,AGGAGTTGAGCATTTCCGGT,0,3460307
tabA_predicted,0.14285714285714285,6,6,AGGAGTTAGTTTGACTTACC,0,3431866
tabA_predicted,0.14285714285714285,6,6,AGGAGCGGAGCAACTTTGCA,0,3442914
tabA_predicted,0.14285714285714285,6,6,AGGACGACCCCGTAATTGTG,0,3459005
tabA_predicted,0.14285714285714285,6,6,AGGACAGGATCACAGTTTGG,0,3452158
tabA_predicted,0.14285714285714285,6,6,AGCTTCCGGGGTTGCACCAC,0,3438329
tabA_predicted,0.14285714285714285,6,6,AGCTTCAATACATCTCAGGA,0,3432974
tabA_predicted,0.14285714285714285,6,6,AGCTGGTAACTCTGCTTCCC,0,3448789
tabA_predicted,0.14285714285714285,6,6,AGCTGCAAGTTCTTCTGACA,0,3444896
tabA_predicted,0.14285714285714285,6,6,AGCTATAGCAGGCCAACGCT,0,3440572
tabA_predicted,0.14285714285714285,6,6,AGCGGGCGTCAGGGGCGAAC,0,3433692
tabA_predicted,0.14285714285714285,6,6,AGCGGGAACACGAGGTAACC,0,3459821
tabA_predicted,0.14285714285714285,6,6,AGCGCTCGGCTTCCGTTGAT,0,3436833
tabA_predicted,0.14285714285714285,6,6,AGCGCCTTTTACACTTAACC,0,3450621
tabA_predicted,0.14285714285714285,6,6,AGCCGTTGTTGAGGGGTGCG,0,3437358
tabA_predicted,0.14285714285714285,6,6,AGCCGACCGCATTCTGTGGC,0,3450522
tabA_predicted,0.14285714285714285,6,6,AGCCCAGTTCGGGGATTCTG,0,3443196
tabA_predicted,0.14285714285714285,6,6,AGCCAGGTACTACCCCATAG,0,3447869
tabA_predicted,0.14285714285714285,6,6,AGCATCGACTTTTCCTCAGT,0,3441110
tabA_predicted,0.14285714285714285,6,6,AGCATAGGGTGTCGTTGAGA,0,3438192
tabA_predicted,0.14285714285714285,6,6,AGCATACCAGGTTACCACTG,0,3433614
tabA_predicted,0.14285714285714285,6,6,AGCAGCTGATGACTCATTGT,0,3460312
tabA_predicted,0.14285714285714285,6,6,AGATGTTAGTGCGCGCGGCT,0,3450802
tabA_predicted,0.14285714285714285,6,6,AGATGCACGATATGCACTCC,0,3440828
tabA_predicted,0.14285714285714285,6,6,AGATGATACAACGCTAACTC,0,3451381
tabA_predicted,0.14285714285714285,6,6,AGATAACAGGACCACTCACT,0,3441305
tabA_predicted,0.14285714285714285,6,6,AGATAAACCCCTCGGGAAGG,0,3466247
tabA_predicted,0.14285714285714285,6,6,AGAGGGCTTGAAATGATGTC,0,3465462
tabA_predicted,0.14285714285714285,6,6,AGAGGACTTATAATGGGCGC,0,3449955
tabA_predicted,0.14285714285714285,6,6,AGAGCACTCCGTCACATCCC,0,3449762
tabA_predicted,0.14285714285714285,6,6,AGAGAGATCATTCGCTTAGT,0,3441772
tabA_predicted,0.14285714285714285,6,6,AGACGTTCTAAACTAGGGAC,0,3460114
tabA_predicted,0.14285714285714285,6,6,AGACCCGAGCAGTCTCTTTT,0,3446674
tabA_predicted,0.14285714285714285,6,6,AGAAGTTCTGAAAAAAGGCT,0,3461643
tabA_predicted,0.14285714285714285,6,6,AGAAGGGTGAGACCTTTCAG,0,3451853
tabA_predicted,0.14285714285714285,6,6,ACTTTTTGGGCTCTGGTAGA,0,3463392
tabA_predicted,0.14285714285714285,6,6,ACTTGGCTTCATGAGGATGT,0,3465131
tabA_predicted,0.14285714285714285,6,6,ACTTCAGGGGAGTCAAAATC,0,3440801
tabA_predicted,0.14285714285714285,6,6,ACTGTGGCACGATCCATAAG,0,3457415
tabA_predicted,0.14285714285714285,6,6,ACTGGTTTCCCCCGAGCACT,0,3452763
tabA_predicted,0.14285714285714285,6,6,ACTCGTACCCTACTTGTTGT,0,3433467
tabA_predicted,0.14285714285714285,6,6,ACTATGGACATTAATTTCGA,0,3442707
tabA_predicted,0.14285714285714285,6,6,ACTATCTCTGGTCAAGAATT,0,3441706
tabA_predicted,0.14285714285714285,6,6,ACTATAATCAGCGATTGGGC,0,3463215
tabA_predicted,0.14285714285714285,6,6,ACTACAAGGACTTTCGCTGA,0,3463813
tabA_predicted,0.14285714285714285,6,6,ACGTGCTATCAAATGTACAA,0,3455193
tabA_predicted,0.14285714285714285,6,6,ACGTATAGAAGGTGCAATTT,0,3438752
tabA_predicted,0.14285714285714285,6,6,ACGTAAGGATGTGTTTGAGA,0,3462628
tabA_predicted,0.14285714285714285,6,6,ACGGTTGTTTAGGCACTAGG,0,3439080
tabA_predicted,0.14285714285714285,6,6,ACGGCATGAGGTATTCAAAT,0,3453230
tabA_predicted,0.14285714285714285,6,6,ACGGATCCCTCTATGCATGG,0,3457015
tabA_predicted,0.14285714285714285,6,6,ACGCTGCGCGTTAGTCAACA,0,3434769
tabA_predicted,0.14285714285714285,6,6,ACGCGTACGCCTTATTGGGG,0,3459104
tabA_predicted,0.14285714285714285,6,6,ACGCGGGTGGGATTTTATAT,0,3437772
tabA_predicted,0.14285714285714285,6,6,ACGCCATTCATTCTTTGTAC,0,3458205
tabA_predicted,0.14285714285714285,6,6,ACGAGTCTAGGGTTTCTCGA,0,3448196
tabA_predicted,0.14285714285714285,6,6,ACGAGCGCATCCCAATCATA,0,3463533
tabA_predicted,0.14285714285714285,6,6,ACCTCCTTGAGACTCGTTTC,0,3451478
tabA_predicted,0.14285714285714285,6,6,ACCGTGCAGAGTCCCCGTGA,0,3448799
tabA_predicted,0.14285714285714285,6,6,ACCGATCCACACATTGCTAT,0,3458258
tabA_predicted,0.14285714285714285,6,6,ACCCTACTGGACGAGGAAGA,0,3450870
tabA_predicted,0.14285714285714285,6,6,ACCCGGCCTTAGTTTACGTG,0,3460984
tabA_predicted,0.14285714285714285,6,6,ACCCACTTGTTGTCTATGGG,0,3454353
tabA_predicted,0.14285714285714285,6,6,ACATTGTCTGATTCGAGGCT,0,3463906
tabA_predicted,0.14285714285714285,6,6,ACATATCTGGCTTATGAGGT,0,3445351
tabA_predicted,0.14285714285714285,6,6,ACATACTAATATCCTACATG,0,3451855
tabA_predicted,0.14285714285714285,6,6,ACAGGACCCTTTTTGCGCGT,0,3453613
tabA_predicted,0.14285714285714285,6,6,ACAGATCAACCCACAGCTCT,0,3448430
tabA_predicted,0.14285714285714285,6,6,ACAGAATCGAGGGCACCAAC,0,3448550
tabA_predicted,0.14285714285714285,6,6,ACACTCTCCCGGTAAAGGAG,0,3432417
tabA_predicted,0.14285714285714285,6,6,ACAAGTCGAACTTCCTTTCA,0,3446819
tabA_predicted,0.14285714285714285,6,6,AATTATCAGTACCAAAAATA,0,3447956
tabA_predicted,0.14285714285714285,6,6,AATGCACCTTCATCGGGCCT,0,3438519
tabA_predicted,0.14285714285714285,6,6,AATCGTCAGGGTCCTCCCGG,0,3450284
tabA_predicted,0.14285714285714285,6,6,AATCGGGGTGAGGACAACTC,0,3443479
tabA_predicted,0.14285714285714285,6,6,AATATCATGTCTTTTTATAA,0,3437119
tabA_predicted,0.14285714285714285,6,6,AATAGATTATTAGATAGGAG,0,3459303
tabA_predicted,0.14285714285714285,6,6,AATAGATCCTCTCGAATTGT,0,3437711
tabA_predicted,0.14285714285714285,6,6,AAGTTTGGCATCAATTTCAA,0,3455503
tabA_predicted,0.14285714285714285,6,6,AAGTGAAGACTCGTCGTATA,0,3465403
tabA_predicted,0.14285714285714285,6,6,AAGTACAAAAATAGATCCCT,0,3461657
tabA_predicted,0.14285714285714285,6,6,AAGGATCCGACACGAAACCT,0,3436043
tabA_predicted,0.14285714285714285,6,6,AAGCGTGTATCGCCCTATCT,0,3461034
tabA_predicted,0.14285714285714285,6,6,AAGCGCATAGTGGTCGTTAA,0,3455226
tabA_predicted,0.14285714285714285,6,6,AAGAATCTGATATGCGAGGG,0,3459524
tabA_predicted,0.14285714285714285,6,6,AACTGAATATGTGAAGTTAA,0,3437156
tabA_predicted,0.14285714285714285,6,6,AACTCGACGTATATATCTCT,0,3448265
tabA_predicted,0.14285714285714285,6,6,AACGTGATAGATGAAATTGT,0,3458410
tabA_predicted,0.14285714285714285,6,6,AACGGTGTAAGCCCCCCTAC,0,3434502
tabA_predicted,0.14285714285714285,6,6,AACGATGTGATCGGGTTCAC,0,3453665
tabA_predicted,0.14285714285714285,6,6,AACGAGTCTCCAGGCTTATG,0,3464258
tabA_predicted,0.14285714285714285,6,6,AACCGCGCGAGTCGGCGGCG,0,3446331
tabA_predicted,0.14285714285714285,6,6,AACCGCCTTTAGCATACCTA,0,3452209
tabA_predicted,0.14285714285714285,6,6,AACCCAGTGTCTATGAGGTT,0,3461041
tabA_predicted,0.14285714285714285,6,6,AACATGCGACCGTCCCTTAC,0,3436739
tabA_predicted,0.14285714285714285,6,6,AACATCTATAGGGTTCATCC,0,3437467
tabA_predicted,0.14285714285714285,6,6,AACATCGTCGGGTCACTTCA,0,3445111
tabA_predicted,0.14285714285714285,6,6,AACACTGGGCGTCCGGGCAG,0,3445315
tabA_predicted,0.14285714285714285,6,6,AAAGTCGAGGCACGCGGTTC,0,3444511
tabA_predicted,0.14285714285714285,6,6,AAAGTATTGAGAACTCGAGT,0,3459239
tabA_predicted,0.14285714285714285,6,6,AAAGGACACCTCTAGGTGGA,0,3462355
tabA_predicted,0.14285714285714285,6,6,AAAGATATTGCCTGGGTAGC,0,3453843
tabA_predicted,0.14285714285714285,6,6,AAACGCGCCTGCCTTCGACA,0,3433155
tabA_predicted,0.14285714285714285,6,6,AAACACCTACCTTGGCCCAC,0,3434886
tabA_predicted,0.14285714285714285,6,6,AAACACACTTGCCTACCGGG,0,3445959
tabA_predicted,0.14285714285714285,6,6,AAACAAGTGGGTACAATTGG,0,3461623
tabA_predicted,0.14285714285714285,6,6,AAAAGATTGACGTATACACA,0,3465909
tabA_predicted,0.14285714285714285,6,6,AAAAATAATCGTGTGGTAGC,0,3436128
tabA_predicted,0.16666666666666666,5,5,TTTTTCGTGAGTTGTATGTA,0,3454733
tabA_predicted,0.16666666666666666,5,5,TTTTTCCCGAGCACCCCCTG,0,3456620
tabA_predicted,0.16666666666666666,5,5,TTTTTAGGATAGACCGAACT,0,3443029
tabA_predicted,0.16666666666666666,5,5,TTTTCCGGAGATGCCATACA,0,3433787
tabA_predicted,0.16666666666666666,5,5,TTTTAGTTACAGGCAGACGC,0,3431370
tabA_predicted,0.16666666666666666,5,5,TTTTAGCAAAGGAGAGTATA,0,3461316
tabA_predicted,0.16666666666666666,5,5,TTTTACGACGTTAACTTGCA,0,3451280
tabA_predicted,0.16666666666666666,5,5,TTTTAAAACGGATTGGGAGA,0,3448648
tabA_predicted,0.16666666666666666,5,5,TTTGTCGTTGGATTGATCGT,0,3453484
tabA_predicted,0.16666666666666666,5,5,TTTGGGTACCTAATCCCGCT,0,3441698
tabA_predicted,0.16666666666666666,5,5,TTTGGAATGGTGCGACTGGA,0,3452110
tabA_predicted,0.16666666666666666,5,5,TTTGCTGGATCCCAATTTCT,0,3462829
tabA_predicted,0.16666666666666666,5,5,TTTGCCGTCGTACTTGAGGC,0,3434377
tabA_predicted,0.16666666666666666,5,5,TTTGATTATAACCGTTGTCC,0,3460194
tabA_predicted,0.16666666666666666,5,5,TTTCTAGACCATATGACCTG,0,3443139
tabA_predicted,0.16666666666666666,5,5,TTTCGGTCGAATTTTAGCGA,0,3432633
tabA_predicted,0.16666666666666666,5,5,TTTATGCCATCGCTGGACTA,0,3440256
tabA_predicted,0.16666666666666666,5,5,TTTAGTAGCAGATGAGCCGA,0,3435436
tabA_predicted,0.16666666666666666,5,5,TTTAGATAGGTCCCATTCTA,0,3462385
tabA_predicted,0.16666666666666666,5,5,TTTACTTTGTTACTTGCAGA,0,3436860
tabA_predicted,0.16666666666666666,5,5,TTTACTAAGGTACTCATGAT,0,3447309
tabA_predicted,0.16666666666666666,5,5,TTTACAACCACCTGTAGTTA,0,3453954
tabA_predicted,0.16666666666666666,5,5,TTTAAGGCCCATCGATTCTA,0,3449199
tabA_predicted,0.16666666666666666,5,5,TTTAACTTGTCAGAGACCTA,0,3439662
tabA_predicted,0.16666666666666666,5,5,TTGTCTGGTCTTGACACGAG,0,3459491
tabA_predicted,0.16666666666666666,5,5,TTGTCATCTGCCTTCATGCG,0,3437981
tabA_predicted,0.16666666666666666,5,5,TTGTCAGCTGGGTCCTCGCA,0,3431765
tabA_predicted,0.16666666666666666,5,5,TTGTCACCCCGCTGCATGGC,0,3438112
tabA_predicted,0.16666666666666666,5,5,TTGTAACAGGACCCAGTAAC,0,3442538
tabA_predicted,0.16666666666666666,5,5,TTGGTGTCCATTGAGCCCCC,0,3433879
tabA_predicted,0.16666666666666666,5,5,TTGGGAATTGGCGAACTATT,0,3456273
tabA_predicted,0.16666666666666666,5,5,TTGGATAATCACGTATCGGA,0,3440320
tabA_predicted,0.16666666666666666,5,5,TTGCGCACTCAGCTGAGAGG,0,3453064
tabA_predicted,0.16666666666666666,5,5,TTGAGCGTCTTTTTAAACTC,0,3460487
tabA_predicted,0.16666666666666666,5,5,TTGAGAAGAGTTTGCATGGT,0,3462596
tabA_predicted,0.16666666666666666,5,5,TTGAAGATAATGTCGTGGGT,0,3444522
tabA_predicted,0.16666666666666666,5,5,TTGAAACCTCGAAGAGAGGA,0,3454627
tabA_predicted,0.16666666666666666,5,5,TTCTTCGGAAATCGAACTCA,0,3439383
tabA_predicted,0.16666666666666666,5,5,TTCTGGGGGAACGGCGACGT,0,3432842
tabA_predicted,0.16666666666666666,5,5,TTCTCTGGACTGAAGCTCTA,0,3440337
tabA_predicted,0.16666666666666666,5,5,TTCTCTAGCGTACTACAGAG,0,3464461
tabA_predicted,0.16666666666666666,5,5,TTCGGTCAAGTCCCCCGAGC,0,3434611
tabA_predicted,0.16666666666666666,5,5,TTCGGGCCTTCGGAGACATA,0,3451946
tabA_predicted,0.16666666666666666,5,5,TTCGGACTCAACAATTCAAG,0,3433563
tabA_predicted,0.16666666666666666,5,5,TTCGCGTATATACGTATTCT,0,3459443
tabA_predicted,0.16666666666666666,5,5,TTCGCAGTTAGGTAGTGTCG,0,3435543
tabA_predicted,0.16666666666666666,5,5,TTCCTTGAGAATCCAGCCCC,0,3446859
tabA_predicted,0.16666666666666666,5,5,TTCCCCTCGCATTCTTTGAA,0,3438580
tabA_predicted,0.16666666666666666,5,5,TTCCCCGGTATCAGGCTTAA,0,3444156
tabA_predicted,0.16666666666666666,5,5,TTCCCACAATCGACTCTGTT,0,3460765
tabA_predicted,0.16666666666666666,5,5,TTCATAGGTTGGGTGAACCT,0,3462948
tabA_predicted,0.16666666666666666,5,5,TTCAGTGCGATCGAGTTGGT,0,3442773
tabA_predicted,0.16666666666666666,5,5,TTCAGGAAGTGATGTTGCCA,0,3446176
tabA_predicted,0.16666666666666666,5,5,TTCAATGTGGGGGATGATCG,0,3435672
tabA_predicted,0.16666666666666666,5,5,TTCAACGTTGCCCAACCTGC,0,3447701
tabA_predicted,0.16666666666666666,5,5,TTATGTACAGTGTCGTTGCA,0,3456123
tabA_predicted,0.16666666666666666,5,5,TTATCGTGGTGTGTTTTCTT,0,3443111
tabA_predicted,0.16666666666666666,5,5,TTATCGTCCGCCCCTCGACG,0,3455587
tabA_predicted,0.16666666666666666,5,5,TTATCGGCGGGTACGCCCAA,0,3433366
tabA_predicted,0.16666666666666666,5,5,TTATATCCCCACCACACATG,0,3457701
tabA_predicted,0.16666666666666666,5,5,TTATAGGTCAACTTTATCTC,0,3450143
tabA_predicted,0.16666666666666666,5,5,TTATACCATTAGTGCCGGGT,0,3445008
tabA_predicted,0.16666666666666666,5,5,TTATAAAAGAGGTGCTTGAA,0,3434224
tabA_predicted,0.16666666666666666,5,5,TTAGGTATGAACCACGAGAA,0,3451135
tabA_predicted,0.16666666666666666,5,5,TTACACCGCTATGCGCACTA,0,3464506
tabA_predicted,0.16666666666666666,5,5,TGTTGTGCGACGCACAACTA,0,3443008
tabA_predicted,0.16666666666666666,5,5,TGTTCGCCCACAAGAGCCCG,0,3438091
tabA_predicted,0.16666666666666666,5,5,TGTCGTTAGGAGGGTCACCA,0,3442543
tabA_predicted,0.16666666666666666,5,5,TGTCATGATTAAAAGATGCA,0,3458167
tabA_predicted,0.16666666666666666,5,5,TGTCAGTTCATCGTAAGTAG,0,3440475
tabA_predicted,0.16666666666666666,5,5,TGTATGCGTCAAGGGTGTGT,0,3464067
tabA_predicted,0.16666666666666666,5,5,TGTATCTTGTCCGAGGTTAG,0,3453454
tabA_predicted,0.16666666666666666,5,5,TGTAATGTAATATCAAGGCT,0,3450109
tabA_predicted,0.16666666666666666,5,5,TGTAAATAACAAATGGCAGA,0,3452843
tabA_predicted,0.16666666666666666,5,5,TGTAAAACCAGTGTGTTTCT,0,3460710
tabA_predicted,0.16666666666666666,5,5,TGGTATCAGGAGCTATTCAC,0,3461732
tabA_predicted,0.16666666666666666,5,5,TGGGGGGGTTGTTTACCTTC,0,3432278
tabA_predicted,0.16666666666666666,5,5,TGGGGCTAACATTGACGTGT,0,3436330
tabA_predicted,0.16666666666666666,5,5,TGGGAAGACTTTTCCCTTTC,0,3442416
tabA_predicted,0.16666666666666666,5,5,TGGCGCGACCCTCAGATTCA,0,3455332
tabA_predicted,0.16666666666666666,5,5,TGGCGAGTAAGATCGAGCGC,0,3448450
tabA_predicted,0.16666666666666666,5,5,TGGCCTTCTTAGGCTCGTCG,0,3437238
tabA_predicted,0.16666666666666666,5,5,TGGAGGAAGCTGATCCGCAT,0,3454217
tabA_predicted,0.16666666666666666,5,5,TGGAAGCTTCCAGCTTCACG,0,3461340
tabA_predicted,0.16666666666666666,5,5,TGCGCGACACTGAGCACGTT,0,3455980
tabA_predicted,0.16666666666666666,5,5,TGCGCCGCCGCCGTCGTATT,0,3452880
tabA_predicted,0.16666666666666666,5,5,TGCCTCGGGCACCTAATCCC,0,3466320
tabA_predicted,0.16666666666666666,5,5,TGCCGGTCATTGAAATCGAC,0,3464041
tabA_predicted,0.16666666666666666,5,5,TGCCGCGTTGGTGAGCTCTC,0,3451910
tabA_predicted,0.16666666666666666,5,5,TGCACTCAATCCCTCTTATG,0,3463184
tabA_predicted,0.16666666666666666,5,5,TGATTGTACCATGCTAGGGT,0,3435058
tabA_predicted,0.16666666666666666,5,5,TGATCTTCGGTCGAGTTGTC,0,3463277
tabA_predicted,0.16666666666666666,5,5,TGATCACTTATTCGCGTACC,0,3464147
tabA_predicted,0.16666666666666666,5,5,TGAGTGCTATAGTGCAGCTC,0,3450896
tabA_predicted,0.16666666666666666,5,5,TGAGTCGTCCATTGGCGCTG,0,3434980
tabA_predicted,0.16666666666666666,5,5,TGAGGATTAAACAGGCCTGT,0,3441460
tabA_predicted,0.16666666666666666,5,5,TGACTAGCTGAATATCTAAG,0,3437025
tabA_predicted,0.16666666666666666,5,5,TGAATGTTCTCGGATCCGTA,0,3454386
tabA_predicted,0.16666666666666666,5,5,TGAAGGGAGCGCGATCGGTT,0,3454073
tabA_predicted,0.16666666666666666,5,5,TCTTGTCTCAGGAAAGGACA,0,3454904
tabA_predicted,0.16666666666666666,5,5,TCTTGAGGATCGACGGGGAC,0,3449797
tabA_predicted,0.16666666666666666,5,5,TCTTATGATGCACTGATTGT,0,3439839
tabA_predicted,0.16666666666666666,5,5,TCTTACTCATGGTCGGAGAG,0,3439559
tabA_predicted,0.16666666666666666,5,5,TCTGTGCGGGGCTTCTGGAC,0,3433817
tabA_predicted,0.16666666666666666,5,5,TCTGGTCTTGGTCAGCAAGC,0,3438889
tabA_predicted,0.16666666666666666,5,5,TCTGCACATTTGGAGAACGT,0,3441287
tabA_predicted,0.16666666666666666,5,5,TCTGCAATACAACGGGTGTG,0,3465548
tabA_predicted,0.16666666666666666,5,5,TCTGCAACGAGTGCCTTTGC,0,3449673
tabA_predicted,0.16666666666666666,5,5,TCTCTAGCCCGTACATCAAT,0,3458746
tabA_predicted,0.16666666666666666,5,5,TCTACTCCTGCTGTAGTCCT,0,3451248
tabA_predicted,0.16666666666666666,5,5,TCGTCCATAGCGCAGTTCGT,0,3463921
tabA_predicted,0.16666666666666666,5,5,TCGTAATGAATTCACGTTGA,0,3451161
tabA_predicted,0.16666666666666666,5,5,TCGGTGAAAGTTTCAGTGCC,0,3432696
tabA_predicted,0.16666666666666666,5,5,TCGGGCCAGCGTCGCGTCTA,0,3458110
tabA_predicted,0.16666666666666666,5,5,TCGGGATGCGGACAAAACCG,0,3462114
tabA_predicted,0.16666666666666666,5,5,TCGGGAGCCCCTACGTCTCC,0,3433109
tabA_predicted,0.16666666666666666,5,5,TCGGGACCTAGGCCGCTTGT,0,3439592
tabA_predicted,0.16666666666666666,5,5,TCGGCTTGCGTACCAGTTGT,0,3432297
tabA_predicted,0.16666666666666666,5,5,TCGGCTCAACTCACATTCGG,0,3455450
tabA_predicted,0.16666666666666666,5,5,TCGGCGTTCAGACGAAGGCC,0,3442160
tabA_predicted,0.16666666666666666,5,5,TCGCTACAGCGCAGCAGCTA,0,3434513
tabA_predicted,0.16666666666666666,5,5,TCGCGGCTGACCGCCCTTGT,0,3451223
tabA_predicted,0.16666666666666666,5,5,TCGCAGTCGAATTTCTGTCG,0,3459133
tabA_predicted,0.16666666666666666,5,5,TCGATCTTACGAAGTTCGAG,0,3431295
tabA_predicted,0.16666666666666666,5,5,TCGAGATTTGTTCAGTCCTC,0,3447978
tabA_predicted,0.16666666666666666,5,5,TCCTTGCTTCGCCATGTCAG,0,3452870
tabA_predicted,0.16666666666666666,5,5,TCCTTGAGGATCAAGTATTT,0,3443357
tabA_predicted,0.16666666666666666,5,5,TCCTTCCCATTTTCTGCGGG,0,3442746
tabA_predicted,0.16666666666666666,5,5,TCCTACGGGTACACCTCTGT,0,3439897
tabA_predicted,0.16666666666666666,5,5,TCCGTCGATCAATGTACAGA,0,3450076
tabA_predicted,0.16666666666666666,5,5,TCCGTAAGAGCCTAAATACT,0,3446104
tabA_predicted,0.16666666666666666,5,5,TCCGGACACCGTTCTCGTGG,0,3460767
tabA_predicted,0.16666666666666666,5,5,TCCGCTATGTGAAAGACTGC,0,3454618
tabA_predicted,0.16666666666666666,5,5,TCCGCTACGCAAGCTGTATT,0,3448164
tabA_predicted,0.16666666666666666,5,5,TCCGCCTCGTGACATAGTGG,0,3450209
tabA_predicted,0.16666666666666666,5,5,TCCGACGCATAAATGTGGGT,0,3463037
tabA_predicted,0.16666666666666666,5,5,TCCCCCGCATCCAAGAACCG,0,3445592
tabA_predicted,0.16666666666666666,5,5,TCCCAACCTGGGATGATCCA,0,3444541
tabA_predicted,0.16666666666666666,5,5,TCCAGTCCGTGATATGTTCA,0,3444659
tabA_predicted,0.16666666666666666,5,5,TCCAGGGGTAGACACCTTGC,0,3437653
tabA_predicted,0.16666666666666666,5,5,TCCAAGCGGACGTTCTGGTC,0,3453878
tabA_predicted,0.16666666666666666,5,5,TCATTGGTACTGTGCCAGGT,0,3451003
tabA_predicted,0.16666666666666666,5,5,TCATTGAACATCCCGATTGG,0,3444363
tabA_predicted,0.16666666666666666,5,5,TCATTATTGTTAACTAAAGT,0,3431822
tabA_predicted,0.16666666666666666,5,5,TCATGTCACACGTAGCTCAA,0,3442919
tabA_predicted,0.16666666666666666,5,5,TCATGGCACCTGTCTGAACA,0,3464836
tabA_predicted,0.16666666666666666,5,5,TCATGGCAACCAACATTAGC,0,3450815
tabA_predicted,0.16666666666666666,5,5,TCATGAGGTCGTTGTCTTAC,0,3449438
tabA_predicted,0.16666666666666666,5,5,TCATCATTGCCAAGGGCGAG,0,3445064
tabA_predicted,0.16666666666666666,5,5,TCAGCACAACACAAGCTCGC,0,3437039
tabA_predicted,0.16666666666666666,5,5,TCAGATGGCGGATACCAGTC,0,3449248
tabA_predicted,0.16666666666666666,5,5,TCACTTGGAGAGGGATGAAA,0,3449555
tabA_predicted,0.16666666666666666,5,5,TCAAGGTCGTTGATCTGGAT,0,3452393
tabA_predicted,0.16666666666666666,5,5,TCAAGGGCTAGGTGTGCCTG,0,3456594
tabA_predicted,0.16666666666666666,5,5,TCAAGCAAGGGACATCGGCA,0,3465679
tabA_predicted,0.16666666666666666,5,5,TCAACACAGCGGTAGTGGGG,0,3441390
tabA_predicted,0.16666666666666666,5,5,TCAACAAAGCATGACTGACC,0,3441062
tabA_predicted,0.16666666666666666,5,5,TATTTGGCTTAGCGTCAGAT,0,3451039
tabA_predicted,0.16666666666666666,5,5,TATTGGGGAGAGGTGACTAC,0,3450052
tabA_predicted,0.16666666666666666,5,5,TATTCGTGTACGGTTACGTT,0,3449793
tabA_predicted,0.16666666666666666,5,5,TATTCACTCTTCGCCTTCAT,0,3459881
tabA_predicted,0.16666666666666666,5,5,TATTACGGAAATCTCCAGAC,0,3433525
tabA_predicted,0.16666666666666666,5,5,TATTAAAAAATCCAAGGGTG,0,3434112
tabA_predicted,0.16666666666666666,5,5,TATGTGTAAATAGCGCCGTC,0,3432138
tabA_predicted,0.16666666666666666,5,5,TATGTGGTTGAGATTCGGCT,0,3460572
tabA_predicted,0.16666666666666666,5,5,TATGTCACAGGGAGGGGAGG,0,3458224
tabA_predicted,0.16666666666666666,5,5,TATGGGCTTGAAATGGATTC,0,3452331
tabA_predicted,0.16666666666666666,5,5,TATGCTAACCCCTGTTAAAA,0,3457573
tabA_predicted,0.16666666666666666,5,5,TATGCGCTAGGGTTCGCAGT,0,3437026
tabA_predicted,0.16666666666666666,5,5,TATGAGATCGGCAACCTTGT,0,3457580
tabA_predicted,0.16666666666666666,5,5,TATCTAAAGTGTGCTTTTGT,0,3431486
tabA_predicted,0.16666666666666666,5,5,TATCGCGCAGTACACTTCGC,0,3460196
tabA_predicted,0.16666666666666666,5,5,TATCAATCGAGTATCTCGGT,0,3435346
tabA_predicted,0.16666666666666666,5,5,TATAGGTTCCTGACGGACCT,0,3443259
tabA_predicted,0.16666666666666666,5,5,TATACCAGGGCTTGATGCAA,0,3438206
tabA_predicted,0.16666666666666666,5,5,TATAAGGGTAATTTATTCGA,0,3457036
tabA_predicted,0.16666666666666666,5,5,TAGGGGCGCTGGCCTCGCGA,0,3443779
tabA_predicted,0.16666666666666666,5,5,TAGCTGGTAGCAACGTATAG,0,3437724
tabA_predicted,0.16666666666666666,5,5,TAGCTGCAATAGTTTGTAGT,0,3466296
tabA_predicted,0.16666666666666666,5,5,TAGCGTGCCATCGGGCCGGC,0,3436463
tabA_predicted,0.16666666666666666,5,5,TAGCGTCTCGGTTATGTTAA,0,3460464
tabA_predicted,0.16666666666666666,5,5,TAGCCGTCCAGTGTGGGACC,0,3442730
tabA_predicted,0.16666666666666666,5,5,TAGATTGGTGGTCGTTGCGA,0,3463388
tabA_predicted,0.16666666666666666,5,5,TAGATTGATTATACGAAGAC,0,3432859
tabA_predicted,0.16666666666666666,5,5,TAGAAAGGTTATTAGCCAGT,0,3457270
tabA_predicted,0.16666666666666666,5,5,TACTTAGCAATAACTGAGGT,0,3449370
tabA_predicted,0.16666666666666666,5,5,TACTGTGAAATGCGACATTA,0,3452950
tabA_predicted,0.16666666666666666,5,5,TACTAGATGTCTCCCGTGGG,0,3444026
tabA_predicted,0.16666666666666666,5,5,TACTAAGACCCAGTCCTGAT,0,3461354
tabA_predicted,0.16666666666666666,5,5,TACGTTGCATCACTCGATCA,0,3465608
tabA_predicted,0.16666666666666666,5,5,TACGCGGAGAATAATCGAGC,0,3457295
tabA_predicted,0.16666666666666666,5,5,TACGCAATTCTACAATCTGA,0,3444487
tabA_predicted,0.16666666666666666,5,5,TACGACGAGCTCGCTGCTAA,0,3438132
tabA_predicted,0.16666666666666666,5,5,TACCCAGCCGGTAAACGAGC,0,3443364
tabA_predicted,0.16666666666666666,5,5,TACCAGACATCAGTGTAACT,0,3454431
tabA_predicted,0.16666666666666666,5,5,TACAGATGTGCCTGTTGTTG,0,3442247
tabA_predicted,0.16666666666666666,5,5,TACACATGTGTACAACGCGG,0,3441456
tabA_predicted,0.16666666666666666,5,5,TACAAAGGCATGTACAGCTT,0,3462986
tabA_predicted,0.16666666666666666,5,5,TAATCGACTGCTCTGATTCC,0,3442102
tabA_predicted,0.16666666666666666,5,5,TAATAGTTGTGTACAGATAC,0,3435984
tabA_predicted,0.16666666666666666,5,5,TAAGTATCTGTGGGGTGTGA,0,3445476
tabA_predicted,0.16666666666666666,5,5,TAAGTAGAGCCCTATGAATC,0,3443250
tabA_predicted,0.16666666666666666,5,5,TAAGCGGCCGCGGAACTTAT,0,3450775
tabA_predicted,0.16666666666666666,5,5,TAAGAGGTGGGGGAGATCGG,0,3437424
tabA_predicted,0.16666666666666666,5,5,TAACGTGGCGGGGGTACACG,0,3442476
tabA_predicted,0.16666666666666666,5,5,TAACCAAGCCCCAAAGCCCC,0,3447043
tabA_predicted,0.16666666666666666,5,5,TAAATCTCGTGGTAGGGGGT,0,3438987
tabA_predicted,0.16666666666666666,5,5,TAAACTTTTGTGATTATATC,0,3441826
tabA_predicted,0.16666666666666666,5,5,TAAACTATGAGGATTGGGAA,0,3443638
tabA_predicted,0.16666666666666666,5,5,TAAACTAACAAATGCGATCA,0,3441977
tabA_predicted,0.16666666666666666,5,5,GTTTGCTCTGGTGTTAATCC,0,3436109
tabA_predicted,0.16666666666666666,5,5,GTTTGAGATCTGGAATGGCG,0,3458913
tabA_predicted,0.16666666666666666,5,5,GTTTACCTTTGGGTTAAAAA,0,3447258
tabA_predicted,0.16666666666666666,5,5,GTTGGGTAATGACTGGGATC,0,3434541
tabA_predicted,0.16666666666666666,5,5,GTTGCCTAACGCACTGAAAA,0,3441359
tabA_predicted,0.16666666666666666,5,5,GTTGCATGGACGTTCAATAA,0,3457366
tabA_predicted,0.16666666666666666,5,5,GTTCATGGTAGTACATACGC,0,3461563
tabA_predicted,0.16666666666666666,5,5,GTTAGGTGAGGTAGACGTGA,0,3442597
tabA_predicted,0.16666666666666666,5,5,GTTACCATACCAGGTACCTA,0,3436902
tabA_predicted,0.16666666666666666,5,5,GTTAATCCAAGGAGACAACA,0,3462507
tabA_predicted,0.16666666666666666,5,5,GTGTCAGCATCGGCTGACAG,0,3442319
tabA_predicted,0.16666666666666666,5,5,GTGGTTAGTTCCGGTCGATA,0,3458015
tabA_predicted,0.16666666666666666,5,5,GTGGTCCCTGGATTCTGCAT,0,3452279
tabA_predicted,0.16666666666666666,5,5,GTGGTATGTGTTAATTAGGC,0,3446802
tabA_predicted,0.16666666666666666,5,5,GTGGTATAAGGGTACGTATC,0,3447730
tabA_predicted,0.16666666666666666,5,5,GTGGGTCCGGCAAAGCAGCA,0,3434129
tabA_predicted,0.16666666666666666,5,5,GTGGGGTTTCTTCATTCTGG,0,3433938
tabA_predicted,0.16666666666666666,5,5,GTGGGAGATATCCAGTAGGC,0,3444791
tabA_predicted,0.16666666666666666,5,5,GTGGCCAGCCAGCTGGTACA,0,3460714
tabA_predicted,0.16666666666666666,5,5,GTGGAGAATTCGCTCTGGTC,0,3446423
tabA_predicted,0.16666666666666666,5,5,GTGAGGCCAGAACCGCAGGT,0,3439871
tabA_predicted,0.16666666666666666,5,5,GTGACCCGGACAACGACGAA,0,3459998
tabA_predicted,0.16666666666666666,5,5,GTCTTTTGTGTACCGCTCCA,0,3435121
tabA_predicted,0.16666666666666666,5,5,GTCTTTAATCCTACTCCCAC,0,3439446
tabA_predicted,0.16666666666666666,5,5,GTCTTCTGAGCTCGGACGTT,0,3433989
tabA_predicted,0.16666666666666666,5,5,GTCTGTAGGGGTACGTGCTT,0,3448935
tabA_predicted,0.16666666666666666,5,5,GTCTAGGTCAATGCGCGATG,0,3445779
tabA_predicted,0.16666666666666666,5,5,GTCGGATTAAGCCCTCGTCG,0,3455103
tabA_predicted,0.16666666666666666,5,5,GTCCTCGAGTTATTGAAAGA,0,3457440
tabA_predicted,0.16666666666666666,5,5,GTCCAGTATCTGATGATCTA,0,3444854
tabA_predicted,0.16666666666666666,5,5,GTCATTTCCAAGTAATGAGG,0,3452534
tabA_predicted,0.16666666666666666,5,5,GTCACTCATGTGGTGTCTCG,0,3453698
tabA_predicted,0.16666666666666666,5,5,GTCACCACCTACGTCTTCGC,0,3460528
tabA_predicted,0.16666666666666666,5,5,GTCAACAACAGTACGGCAAG,0,3451799
tabA_predicted,0.16666666666666666,5,5,GTATTGGTGGGGCACAAAGA,0,3431874
tabA_predicted,0.16666666666666666,5,5,GTATTGCTAAGTCCGTCCGG,0,3459014
tabA_predicted,0.16666666666666666,5,5,GTATTATAATACGATGCTAC,0,3443193
tabA_predicted,0.16666666666666666,5,5,GTATGGTAGGCCATTTTCAG,0,3453420
tabA_predicted,0.16666666666666666,5,5,GTATCACATGTAGACATCCG,0,3431313
tabA_predicted,0.16666666666666666,5,5,GTAGTTCTCATATCTATAAA,0,3444517
tabA_predicted,0.16666666666666666,5,5,GTAGTTCACGTACACTCGAC,0,3451911
tabA_predicted,0.16666666666666666,5,5,GTAGTGTGCGTGATTTATGG,0,3464237
tabA_predicted,0.16666666666666666,5,5,GTAGACCCCATAGATAATAC,0,3461244
tabA_predicted,0.16666666666666666,5,5,GTACCGCTATGCGGGCTAAA,0,3450728
tabA_predicted,0.16666666666666666,5,5,GTACATATTGCCTAGCGCGA,0,3461242
tabA_predicted,0.16666666666666666,5,5,GTACAAAGACAGGTAGAGAT,0,3438115
tabA_predicted,0.16666666666666666,5,5,GTAATGCCGCCGCCGGCACA,0,3446126
tabA_predicted,0.16666666666666666,5,5,GTAATGATTACCCCAGAATG,0,3460234
tabA_predicted,0.16666666666666666,5,5,GTAATATAGAGGGTATACTT,0,3463584
tabA_predicted,0.16666666666666666,5,5,GTAAGTTAACATGGTTAAGC,0,3439348
tabA_predicted,0.16666666666666666,5,5,GTAAGTGGGGTCGTTTGGGC,0,3455462
tabA_predicted,0.16666666666666666,5,5,GTAAGTACAAATTTCTATAG,0,3431703
tabA_predicted,0.16666666666666666,5,5,GTAAAGAAAATGGTTCGACA,0,3465340
tabA_predicted,0.16666666666666666,5,5,GTAAAATTGGTGCACCATAT,0,3445244
tabA_predicted,0.16666666666666666,5,5,GTAAAAGGCGTACGTTATGC,0,3432983
tabA_predicted,0.16666666666666666,5,5,GGTTAGATAGGAGAACAAGT,0,3448245
tabA_predicted,0.16666666666666666,5,5,GGTGTTAAGACAAACTACCC,0,3460398
tabA_predicted,0.16666666666666666,5,5,GGTCGCGTGTATCCACGTCG,0,3454465
tabA_predicted,0.16666666666666666,5,5,GGTAGACGTGCGACTTTAAA,0,3450917
tabA_predicted,0.16666666666666666,5,5,GGTACGGCACTATCAGAGCG,0,3447974
tabA_predicted,0.16666666666666666,5,5,GGGTGTAAAGAAAGGTTCCT,0,3444324
tabA_predicted,0.16666666666666666,5,5,GGGTGGTGTCTCAAAGACAC,0,3449433
tabA_predicted,0.16666666666666666,5,5,GGGTGCCCTGGCCTATATCT,0,3457503
tabA_predicted,0.16666666666666666,5,5,GGGTCCAACAACTTATATCC,0,3462747
tabA_predicted,0.16666666666666666,5,5,GGGCGCAGAGACTTTCTCTA,0,3448552
tabA_predicted,0.16666666666666666,5,5,GGGCCTTGGCCGTCGGCCCG,0,3457133
tabA_predicted,0.16666666666666666,5,5,GGGAGTACCATACTGCGAAG,0,3465552
tabA_predicted,0.16666666666666666,5,5,GGCTTAACTAACGGCTATCA,0,3446153
tabA_predicted,0.16666666666666666,5,5,GGCTATAGGTGCCTTATAGA,0,3450397
tabA_predicted,0.16666666666666666,5,5,GGCGTTATGGCATGAGCATT,0,3434169
tabA_predicted,0.16666666666666666,5,5,GGCGCTACAGTCCAGCTGCG,0,3450935
tabA_predicted,0.16666666666666666,5,5,GGCCAACTTTGTAAGTTTCT,0,3446357
tabA_predicted,0.16666666666666666,5,5,GGCAGCCTTAGTGTGAGATA,0,3436179
tabA_predicted,0.16666666666666666,5,5,GGATGCCCCAGTCGTATAAT,0,3456173
tabA_predicted,0.16666666666666666,5,5,GGATGCATGTGTGGCGAAGT,0,3448627
tabA_predicted,0.16666666666666666,5,5,GGAGTACGCGATGCGCAAGG,0,3451207
tabA_predicted,0.16666666666666666,5,5,GGAGAAACAAACTGGGCATG,0,3449187
tabA_predicted,0.16666666666666666,5,5,GGACTAGCCCAAAGTGAGAA,0,3457123
tabA_predicted,0.16666666666666666,5,5,GGACTAATTGCATAGAATCC,0,3444214
tabA_predicted,0.16666666666666666,5,5,GGACTAAAGAGACTTCGACA,0,3439525
tabA_predicted,0.16666666666666666,5,5,GGAACTGGACATATGATGCT,0,3444972
tabA_predicted,0.16666666666666666,5,5,GGAACGAAAGAAACTGTCCC,0,3433304
tabA_predicted,0.16666666666666666,5,5,GGAACCCATCGTACAAAGGT,0,3431259
tabA_predicted,0.16666666666666666,5,5,GGAACAGAGGGACCGTCAAG,0,3462069
tabA_predicted,0.16666666666666666,5,5,GGAAACCTTGACGTTTGAGT,0,3443026
tabA_predicted,0.16666666666666666,5,5,GCTGGGATCTGTCACATTGG,0,3443792
tabA_predicted,0.16666666666666666,5,5,GCTGGACCGACAGTAATCAT,0,3432726
tabA_predicted,0.16666666666666666,5,5,GCTGAGAGCCCAAGCAGTTA,0,3435196
tabA_predicted,0.16666666666666666,5,5,GCTGAAGGCTTATGAGCCAG,0,3451685
tabA_predicted,0.16666666666666666,5,5,GCTCGCAGCTTTGCCACGCC,0,3436353
tabA_predicted,0.16666666666666666,5,5,GCTCCTCGATTTTAAGTCCG,0,3444468
tabA_predicted,0.16666666666666666,5,5,GCTATGATGCCTGTCGCGCA,0,3450788
tabA_predicted,0.16666666666666666,5,5,GCTATCCTGTTTGTTGAACT,0,3464337
tabA_predicted,0.16666666666666666,5,5,GCTATAGGGCTCGACGTCGC,0,3432521
tabA_predicted,0.16666666666666666,5,5,GCTATAAGAGCTTCCTTCAT,0,3445375
tabA_predicted,0.16666666666666666,5,5,GCTAAGATTTATTCCGAATG,0,3448936
tabA_predicted,0.16666666666666666,5,5,GCGTTCGAGTGAAGAAACAA,0,3464711
tabA_predicted,0.16666666666666666,5,5,GCGTGGCCTGCCAGGACGTA,0,3450061
tabA_predicted,0.16666666666666666,5,5,GCGTCCTCTCCGTCTTCATG,0,3453948
tabA_predicted,0.16666666666666666,5,5,GCGTATGAGATTAAGTTCGG,0,3441338
tabA_predicted,0.16666666666666666,5,5,GCGTACGCGCTAGCCACTTA,0,3457738
tabA_predicted,0.16666666666666666,5,5,GCGTAATTATGACTAGCAGA,0,3435099
tabA_predicted,0.16666666666666666,5,5,GCGGCTCACCGGTATAGCAT,0,3439566
tabA_predicted,0.16666666666666666,5,5,GCGGATGGACACGGGCTTGT,0,3432408
tabA_predicted,0.16666666666666666,5,5,GCGCAATGTTCCCATGCAAA,0,3446659
tabA_predicted,0.16666666666666666,5,5,GCGCAATCGCGGGCGCGAGG,0,3466180
tabA_predicted,0.16666666666666666,5,5,GCGAATGGAGAATAGGGTCA,0,3445747
tabA_predicted,0.16666666666666666,5,5,GCGAATACTTCTCATTGTTT,0,3450146
tabA_predicted,0.16666666666666666,5,5,GCCTGTTGACCATAGGAATT,0,3452064
tabA_predicted,0.16666666666666666,5,5,GCCTGGTAAATCCCTAATTT,0,3446409
tabA_predicted,0.16666666666666666,5,5,GCCTACGAGATTGTTCGGCA,0,3439280
tabA_predicted,0.16666666666666666,5,5,GCCGTTACTCACGGCGCGCG,0,3465250
tabA_predicted,0.16666666666666666,5,5,GCCGTCGCCGCAAATCCAGT,0,3451398
tabA_predicted,0.16666666666666666,5,5,GCCGTATGATTATAGAACCG,0,3438002
tabA_predicted,0.16666666666666666,5,5,GCCGCCAGCACCCCGCCGCC,0,3453724
tabA_predicted,0.16666666666666666,5,5,GCCCTTCAGCTCAATTCATG,0,3440648
tabA_predicted,0.16666666666666666,5,5,GCCATGCTCTTGACCGAGCG,0,3450212
tabA_predicted,0.16666666666666666,5,5,GCCATAGTCCTTTTTAGGCC,0,3460253
tabA_predicted,0.16666666666666666,5,5,GCCACTCGTTGGCACGCTTT,0,3453965
tabA_predicted,0.16666666666666666,5,5,GCATTGTATGTGCGCCTCGT,0,3433591
tabA_predicted,0.16666666666666666,5,5,GCATGTGCGACGGCTACTCT,0,3462735
tabA_predicted,0.16666666666666666,5,5,GCATGGTGAGTATGATGAGC,0,3465436
tabA_predicted,0.16666666666666666,5,5,GCATGCACGCTGGCAATTTT,0,3456722
tabA_predicted,0.16666666666666666,5,5,GCATGAGGGATTCTGGGGTA,0,3457285
tabA_predicted,0.16666666666666666,5,5,GCATCTTATCTAAGTGTTAG,0,3436969
tabA_predicted,0.16666666666666666,5,5,GCATAGGATTATCTACGGAG,0,3435761
tabA_predicted,0.16666666666666666,5,5,GCAGCATCATTTGACGGTAG,0,3448407
tabA_predicted,0.16666666666666666,5,5,GCAGAATGCACCATGGGCAT,0,3452771
tabA_predicted,0.16666666666666666,5,5,GCACTCGGACTGCCTTCCAT,0,3457455
tabA_predicted,0.16666666666666666,5,5,GCACGCAGGGCAGGTAGTGA,0,3459778
tabA_predicted,0.16666666666666666,5,5,GCACCTCTACTTTATCGGAA,0,3455723
tabA_predicted,0.16666666666666666,5,5,GCACCCGCCCATCTAAAGAG,0,3434260
tabA_predicted,0.16666666666666666,5,5,GATTCGGATTGTCTCTTGGT,0,3447080
tabA_predicted,0.16666666666666666,5,5,GATGCTTCCCGTACCCACTA,0,3453683
tabA_predicted,0.16666666666666666,5,5,GATCGATGCGTGTAGCGGAG,0,3432499
tabA_predicted,0.16666666666666666,5,5,GATCCCTCTTTATTGTCCAG,0,3443130
tabA_predicted,0.16666666666666666,5,5,GATCAACTAACACGCCTATA,0,3442994
tabA_predicted,0.16666666666666666,5,5,GATATGCCGCGGGCGCGGTA,0,3449239
tabA_predicted,0.16666666666666666,5,5,GATACTACAGCAGGGTGCTA,0,3443412
tabA_predicted,0.16666666666666666,5,5,GAGTTGTAACTTGTCTTTAA,0,3452775
tabA_predicted,0.16666666666666666,5,5,GAGTTGTAACTAAAAGCACG,0,3449913
tabA_predicted,0.16666666666666666,5,5,GAGTGGTTCGCCACGCTATA,0,3435331
tabA_predicted,0.16666666666666666,5,5,GAGGTTGGAATGCGAGACCA,0,3441437
tabA_predicted,0.16666666666666666,5,5,GAGGTTCTGACAATCAGCCT,0,3457588
tabA_predicted,0.16666666666666666,5,5,GAGGTGTGGTAGTTCAGATC,0,3446334
tabA_predicted,0.16666666666666666,5,5,GAGGGGGGCAAGTGTGAGTA,0,3460164
tabA_predicted,0.16666666666666666,5,5,GAGGGCGGAGACTTCTTCTC,0,3454206
tabA_predicted,0.16666666666666666,5,5,GAGGACCGAGCGCGATAGTG,0,3464501
tabA_predicted,0.16666666666666666,5,5,GAGCAATCCGGAAATCCCGT,0,3460763
tabA_predicted,0.16666666666666666,5,5,GAGATCGGCGACGCCATCGT,0,3465176
tabA_predicted,0.16666666666666666,5,5,GAGACCTTGCTCTAGGACAT,0,3443313
tabA_predicted,0.16666666666666666,5,5,GACTGGGCGGTATGAGGCAG,0,3442372
tabA_predicted,0.16666666666666666,5,5,GACTGGATGGGGGGTTCTAC,0,3454984
tabA_predicted,0.16666666666666666,5,5,GACTGCGCCGATGAAGGTAT,0,3462314
tabA_predicted,0.16666666666666666,5,5,GACTCTATCGCCTCTCTTGC,0,3439521
tabA_predicted,0.16666666666666666,5,5,GACTCTACCGGACGATCTAT,0,3444482
tabA_predicted,0.16666666666666666,5,5,GACGAACGGTGGTCTAAAAG,0,3458892
tabA_predicted,0.16666666666666666,5,5,GACCTTCTATCCGCAGGGAA,0,3462258
tabA_predicted,0.16666666666666666,5,5,GACCTCATTTGTTGCGCCCT,0,3431921
tabA_predicted,0.16666666666666666,5,5,GACCCGCTAAGAGCCCAGGC,0,3459194
tabA_predicted,0.16666666666666666,5,5,GACCACGTTATGATCTCACG,0,3449204
tabA_predicted,0.16666666666666666,5,5,GAATTATCGCAGCATGCAGC,0,3443217
tabA_predicted,0.16666666666666666,5,5,GAATGCTTTTGCCAGGCTTT,0,3436397
tabA_predicted,0.16666666666666666,5,5,GAATGCGATGGATTGCCCAT,0,3454948
tabA_predicted,0.16666666666666666,5,5,GAATCCCGGGCGTGAAGCGG,0,3436745
tabA_predicted,0.16666666666666666,5,5,GAATCAACCCTCACTCTTAC,0,3444157
tabA_predicted,0.16666666666666666,5,5,GAAGTGATAAGACAATCTTA,0,3450338
tabA_predicted,0.16666666666666666,5,5,GAACTTACGTGGGTTGCAGT,0,3455533
tabA_predicted,0.16666666666666666,5,5,GAACTGCGGTTTAGTTGGTC,0,3456049
tabA_predicted,0.16666666666666666,5,5,GAACGGGGGCCTGTAAGCCC,0,3456269
tabA_predicted,0.16666666666666666,5,5,GAACATTAGGTTGGATCCGA,0,3445491
tabA_predicted,0.16666666666666666,5,5,CTTTTGCGGGATGGCGCGTC,0,3464026
tabA_predicted,0.16666666666666666,5,5,CTTTCGCCGAGGCGAGTCTT,0,3435816
tabA_predicted,0.16666666666666666,5,5,CTTTAGGTCCACTTGCCTAA,0,3459768
tabA_predicted,0.16666666666666666,5,5,CTTTAGGCCGCATATGATCC,0,3453899
tabA_predicted,0.16666666666666666,5,5,CTTTACCGGTGGACGAGTTC,0,3442009
tabA_predicted,0.16666666666666666,5,5,CTTTAAAGGAGAGTTGGACA,0,3443861
tabA_predicted,0.16666666666666666,5,5,CTTTAAACGTGATACAAAAG,0,3443395
tabA_predicted,0.16666666666666666,5,5,CTTGGGTCACATTGCTCAAG,0,3442792
tabA_predicted,0.16666666666666666,5,5,CTTGGCACGATAGCTCGTAA,0,3465955
tabA_predicted,0.16666666666666666,5,5,CTTGAAGCCAAAGCGGAATT,0,3453316
tabA_predicted,0.16666666666666666,5,5,CTTCGTTGATAGCATGCTAT,0,3452560
tabA_predicted,0.16666666666666666,5,5,CTTCCTCCGCAGTTAATACT,0,3433813
tabA_predicted,0.16666666666666666,5,5,CTTATAGGGTTACCCCGATC,0,3456032
tabA_predicted,0.16666666666666666,5,5,CTTACGAAACCGTCCCAAGA,0,3437676
tabA_predicted,0.16666666666666666,5,5,CTTAATGTGTACCGCGGGGT,0,3454042
tabA_predicted,0.16666666666666666,5,5,CTGGGCCTTCATCCTGCTCC,0,3464606
tabA_predicted,0.16666666666666666,5,5,CTGCGACAGTTCCGTACTGC,0,3464110
tabA_predicted,0.16666666666666666,5,5,CTGCACTTAAGGGTGGTGTT,0,3438140
tabA_predicted,0.16666666666666666,5,5,CTGATTAGGAGGATGATATC,0,3440074
tabA_predicted,0.16666666666666666,5,5,CTGATACCCCCCTTGACGGC,0,3462856
tabA_predicted,0.16666666666666666,5,5,CTGAGGTACGTGAGTGTATA,0,3433424
tabA_predicted,0.16666666666666666,5,5,CTGAGCTTGACACGCATAAT,0,3450098
tabA_predicted,0.16666666666666666,5,5,CTGACTACTTGTTTACGAAT,0,3455752
tabA_predicted,0.16666666666666666,5,5,CTCTTGATCGCTCCTCGGAG,0,3455367
tabA_predicted,0.16666666666666666,5,5,CTCTAATCGGACTGGAGGCT,0,3442979
tabA_predicted,0.16666666666666666,5,5,CTCGAGCTTATCAACTATCG,0,3457559
tabA_predicted,0.16666666666666666,5,5,CTCGAGAACCTAGCACTACA,0,3445246
tabA_predicted,0.16666666666666666,5,5,CTCGACAGCCCAGATGGAGA,0,3452817
tabA_predicted,0.16666666666666666,5,5,CTCCTACTATGCAGCCTTGA,0,3444619
tabA_predicted,0.16666666666666666,5,5,CTCCATGACCGCGGGTGATT,0,3440614
tabA_predicted,0.16666666666666666,5,5,CTCCACGTGCGAATACGGTA,0,3454159
tabA_predicted,0.16666666666666666,5,5,CTCAGGCGTAACGGGATCTA,0,3465999
tabA_predicted,0.16666666666666666,5,5,CTCAGATACAGCCGGGCAGA,0,3439563
tabA_predicted,0.16666666666666666,5,5,CTCAATACCGTTAGCAAGTT,0,3455735
tabA_predicted,0.16666666666666666,5,5,CTATTAGGCACGGTGGTTGA,0,3438354
tabA_predicted,0.16666666666666666,5,5,CTATGTACCAGTGCCCGGAA,0,3447904
tabA_predicted,0.16666666666666666,5,5,CTATACCCACGATACGGGCT,0,3463753
tabA_predicted,0.16666666666666666,5,5,CTAGTAAAGGAACAGAGCCA,0,3436317
tabA_predicted,0.16666666666666666,5,5,CTAGGGCCGGCGGTAAGAGT,0,3443017
tabA_predicted,0.16666666666666666,5,5,CTAGGGACTCGCACTTACCT,0,3435447
tabA_predicted,0.16666666666666666,5,5,CTAGAGTTTGAATGTGATGA,0,3465256
tabA_predicted,0.16666666666666666,5,5,CTAGACAAGCACGGCGTCCT,0,3459842
tabA_predicted,0.16666666666666666,5,5,CTACTTGGTAGCGTCTAATA,0,3461588
tabA_predicted,0.16666666666666666,5,5,CTACGTAAGCTTCTTCTCTT,0,3461810
tabA_predicted,0.16666666666666666,5,5,CTACCGTATAGCGCTCTCTA,0,3450188
tabA_predicted,0.16666666666666666,5,5,CTAAGGTCGCGCGGATACTA,0,3442884
tabA_predicted,0.16666666666666666,5,5,CTAACCGGACGTCGTGGATT,0,3436332
tabA_predicted,0.16666666666666666,5,5,CTAAACGATGGAACTGCCTG,0,3447062
tabA_predicted,0.16666666666666666,5,5,CGTTGCTTAGCGCCGGTATC,0,3443822
tabA_predicted,0.16666666666666666,5,5,CGTTCTAGGTTCGCTCCAAA,0,3459032
tabA_predicted,0.16666666666666666,5,5,CGTGGCTGCACACCATAGGC,0,3456790
tabA_predicted,0.16666666666666666,5,5,CGTGCCAGAATACCGCGAAG,0,3445853
tabA_predicted,0.16666666666666666,5,5,CGTGAAGGGCCACTGACAAG,0,3432782
tabA_predicted,0.16666666666666666,5,5,CGTCGATATACTGCCACACA,0,3444403
tabA_predicted,0.16666666666666666,5,5,CGTCATGGGATGGAACTGGC,0,3450907
tabA_predicted,0.16666666666666666,5,5,CGTCAAAGAAACCTTCGAGA,0,3464941
tabA_predicted,0.16666666666666666,5,5,CGTATCCGGCGGGGCGGTAA,0,3440005
tabA_predicted,0.16666666666666666,5,5,CGTAGCGGCTCTTCTCGGGC,0,3445626
tabA_predicted,0.16666666666666666,5,5,CGGTTTATCATAGGCGACTG,0,3466361
tabA_predicted,0.16666666666666666,5,5,CGGTTTACGACGTGTTCGTC,0,3448747
tabA_predicted,0.16666666666666666,5,5,CGGTTCTATCGGTAGTCCCG,0,3445112
tabA_predicted,0.16666666666666666,5,5,CGGTTCCCACGGAGCCAAGT,0,3449722
tabA_predicted,0.16666666666666666,5,5,CGGTATATTCCTAGTTACCC,0,3431395
tabA_predicted,0.16666666666666666,5,5,CGGTAACCATATACCAGAAG,0,3460834
tabA_predicted,0.16666666666666666,5,5,CGGGGTCATACAGGGAGACT,0,3454994
tabA_predicted,0.16666666666666666,5,5,CGGGCGTGTCGGAGCGATTT,0,3438543
tabA_predicted,0.16666666666666666,5,5,CGGGCCTTTCGTCAGTATGA,0,3449321
tabA_predicted,0.16666666666666666,5,5,CGGCGATGGACCTTATAGTG,0,3458138
tabA_predicted,0.16666666666666666,5,5,CGGCATTCATATTACGTTAA,0,3438409
tabA_predicted,0.16666666666666666,5,5,CGGCAGAACGGGGCTCTAAG,0,3449505
tabA_predicted,0.16666666666666666,5,5,CGGATCGCACGACTTGCGGC,0,3441746
tabA_predicted,0.16666666666666666,5,5,CGGATCGAAACTAGGGGCCG,0,3460075
tabA_predicted,0.16666666666666666,5,5,CGGAGAGCAGAGCAACGTAT,0,3446701
tabA_predicted,0.16666666666666666,5,5,CGGAAAGCTGATTAAGACAA,0,3454248
tabA_predicted,0.16666666666666666,5,5,CGCTACGCACTGGCCTCGGA,0,3449183
tabA_predicted,0.16666666666666666,5,5,CGCGTACGGGGGCTTGCTAG,0,3461129
tabA_predicted,0.16666666666666666,5,5,CGCGGGGGGCTACTCGCTGT,0,3458785
tabA_predicted,0.16666666666666666,5,5,CGCGCGGTTCGCACACGTGG,0,3453967
tabA_predicted,0.16666666666666666,5,5,CGCGACGTTTGCATACTACC,0,3435697
tabA_predicted,0.16666666666666666,5,5,CGCGACCGTGCAGCGTGCAG,0,3464260
tabA_predicted,0.16666666666666666,5,5,CGCCTGCGCCCAGGTGTAAT,0,3447725
tabA_predicted,0.16666666666666666,5,5,CGCCGAGCTTGCGCCTCTAA,0,3442367
tabA_predicted,0.16666666666666666,5,5,CGCAGTGATTTGCGAACCAT,0,3448819
tabA_predicted,0.16666666666666666,5,5,CGCAGCTTTGGGTTGTATAA,0,3442902
tabA_predicted,0.16666666666666666,5,5,CGCAGAAATTCCTTCCACTT,0,3464333
tabA_predicted,0.16666666666666666,5,5,CGCACGGCCACTCGATTGAT,0,3438643
tabA_predicted,0.16666666666666666,5,5,CGCACCTCTGACCATCACGG,0,3443470
tabA_predicted,0.16666666666666666,5,5,CGCAAAGCGCGATTTAAGAA,0,3458555
tabA_predicted,0.16666666666666666,5,5,CGATATCTAAGGCATCTATA,0,3432791
tabA_predicted,0.16666666666666666,5,5,CGATACGGTAATCGCTAGTA,0,3450029
tabA_predicted,0.16666666666666666,5,5,CGAGGTTGCGCAAACGCAAC,0,3464695
tabA_predicted,0.16666666666666666,5,5,CGACTGGGGGTGATTGGAAC,0,3439330
tabA_predicted,0.16666666666666666,5,5,CGACATCTCCGATCTGCGTC,0,3442842
tabA_predicted,0.16666666666666666,5,5,CGACAGAATTGTATAGGCCA,0,3459466
tabA_predicted,0.16666666666666666,5,5,CCTTCACGAAACCCTTAGGC,0,3455661
tabA_predicted,0.16666666666666666,5,5,CCTGGCACAAATAGCCACAC,0,3449984
tabA_predicted,0.16666666666666666,5,5,CCTGCTATAAGGTGGTCCAT,0,3433163
tabA_predicted,0.16666666666666666,5,5,CCTGCAGCGTCCCGATCAGC,0,3448887
tabA_predicted,0.16666666666666666,5,5,CCTGACTGTATGTAATGGAC,0,3454203
tabA_predicted,0.16666666666666666,5,5,CCTCTTGCAGTAAAACCGGT,0,3444579
tabA_predicted,0.16666666666666666,5,5,CCTATCCGTGTGAAGCTGTA,0,3439557
tabA_predicted,0.16666666666666666,5,5,CCTAGCAGAATTCCACTGCG,0,3439011
tabA_predicted,0.16666666666666666,5,5,CCTACGCATTTGATTGCAGA,0,3434710
tabA_predicted,0.16666666666666666,5,5,CCGTACCGCACGATACAAAG,0,3434576
tabA_predicted,0.16666666666666666,5,5,CCGGTGTATCGTCCAGGTCT,0,3454975
tabA_predicted,0.16666666666666666,5,5,CCGCGCCACGTATGTACAAG,0,3451434
tabA_predicted,0.16666666666666666,5,5,CCGCGAGACAGAAAATCATA,0,3462076
tabA_predicted,0.16666666666666666,5,5,CCGCCCTGAATTAATCCTAT,0,3441955
tabA_predicted,0.16666666666666666,5,5,CCGCCCTAATCTTATAGGTA,0,3442209
tabA_predicted,0.16666666666666666,5,5,CCGCCAGCGTTATGTTGGGC,0,3437523
tabA_predicted,0.16666666666666666,5,5,CCGATAGTCATCGTAGCCTT,0,3450739
tabA_predicted,0.16666666666666666,5,5,CCGAAGCATAACACAAGCAA,0,3462665
tabA_predicted,0.16666666666666666,5,5,CCCTTTTTTGCACAATGATA,0,3459489
tabA_predicted,0.16666666666666666,5,5,CCCTTTCGTAGGAACGCTAA,0,3436106
tabA_predicted,0.16666666666666666,5,5,CCCTGCGAATGAACTCCCTG,0,3453751
tabA_predicted,0.16666666666666666,5,5,CCCTGATACGAGATCGTAGC,0,3436484
tabA_predicted,0.16666666666666666,5,5,CCCTCTCAGTGATTTGGGGG,0,3447449
tabA_predicted,0.16666666666666666,5,5,CCCTAGGTACTGCACCACAC,0,3439823
tabA_predicted,0.16666666666666666,5,5,CCCTAGGCACGCCGCAATTG,0,3464996
tabA_predicted,0.16666666666666666,5,5,CCCTACTCCTTGGTTGAACG,0,3463488
tabA_predicted,0.16666666666666666,5,5,CCCGTTGCTCTTATACACGC,0,3442211
tabA_predicted,0.16666666666666666,5,5,CCCGAGATGAGCCGAGTGTG,0,3434441
tabA_predicted,0.16666666666666666,5,5,CCCCGTCGCCTCAGGCGTCA,0,3454312
tabA_predicted,0.16666666666666666,5,5,CCCAGTTTTATAAGTTCCGG,0,3440026
tabA_predicted,0.16666666666666666,5,5,CCCACCCCGCCATCCCAAGG,0,3456767
tabA_predicted,0.16666666666666666,5,5,CCATTCTCATGCTACAATTT,0,3433011
tabA_predicted,0.16666666666666666,5,5,CCATGGCAAGTTCAGCACAA,0,3460003
tabA_predicted,0.16666666666666666,5,5,CCATGCTTAACAGAGGCAGG,0,3436103
tabA_predicted,0.16666666666666666,5,5,CCATCTACCCTCTTAGGGAC,0,3435850
tabA_predicted,0.16666666666666666,5,5,CCAGTGGTAGTGTATGCGGC,0,3453211
tabA_predicted,0.16666666666666666,5,5,CCAGTATATACTTGCAGGAT,0,3445751
tabA_predicted,0.16666666666666666,5,5,CCAGGAGGCCCAAGGATCCG,0,3452563
tabA_predicted,0.16666666666666666,5,5,CCAGAAAACAACGGTGCTCA,0,3459959
tabA_predicted,0.16666666666666666,5,5,CCACGGCTCGTCGCTACGGT,0,3442832
tabA_predicted,0.16666666666666666,5,5,CCACCTTGTGGCAAATATGT,0,3446223
tabA_predicted,0.16666666666666666,5,5,CCACATACCGCTTGACCGGG,0,3464672
tabA_predicted,0.16666666666666666,5,5,CCACAGACTCATGCGCTACG,0,3459939
tabA_predicted,0.16666666666666666,5,5,CCAATTGTCTGTTACAGGAA,0,3449843
tabA_predicted,0.16666666666666666,5,5,CCAATGGCAACCTCGCAATT,0,3456268
tabA_predicted,0.16666666666666666,5,5,CCAATACAGTTCTCACCGGT,0,3461645
tabA_predicted,0.16666666666666666,5,5,CCAAGCAAACATGGGCCTGT,0,3436545
tabA_predicted,0.16666666666666666,5,5,CCAAATCCAGCACAGGGGGG,0,3454503
tabA_predicted,0.16666666666666666,5,5,CATTTATTGGCGATTGGCCG,0,3449164
tabA_predicted,0.16666666666666666,5,5,CATTCAGAGCGCAATCACTG,0,3450048
tabA_predicted,0.16666666666666666,5,5,CATGTGTTTCGATTAGAATA,0,3446123
tabA_predicted,0.16666666666666666,5,5,CATGTATTTATGACGCATTG,0,3459777
tabA_predicted,0.16666666666666666,5,5,CATGTATCCGCACCACACGG,0,3450336
tabA_predicted,0.16666666666666666,5,5,CATGGCAGCGAACCTCAACA,0,3451503
tabA_predicted,0.16666666666666666,5,5,CATGCGGCCATTGCGAGTAA,0,3464947
tabA_predicted,0.16666666666666666,5,5,CATGCGACTCTCAAATCTTA,0,3437818
tabA_predicted,0.16666666666666666,5,5,CATGAGCCTAAAGTGGCGAT,0,3433352
tabA_predicted,0.16666666666666666,5,5,CATGAAGCACACCCTACAGT,0,3451707
tabA_predicted,0.16666666666666666,5,5,CATGAAAGATCTCAAAGGTT,0,3442141
tabA_predicted,0.16666666666666666,5,5,CATCTAGGTCAACTTAGCTT,0,3447429
tabA_predicted,0.16666666666666666,5,5,CATATACCTTCAAAGTACAA,0,3443336
tabA_predicted,0.16666666666666666,5,5,CATACGATAGAAGCAGTGAA,0,3436259
tabA_predicted,0.16666666666666666,5,5,CATACAATCATACCACAATT,0,3442816
tabA_predicted,0.16666666666666666,5,5,CATAAGATTACGGACCCAAT,0,3454793
tabA_predicted,0.16666666666666666,5,5,CAGTGTATATCGTGTAGAGA,0,3455129
tabA_predicted,0.16666666666666666,5,5,CAGTGTACGTAGTCCGCGGA,0,3441697
tabA_predicted,0.16666666666666666,5,5,CAGTCTGACTGTGCGCTCTC,0,3440145
tabA_predicted,0.16666666666666666,5,5,CAGTATATTCACGCTTCTCC,0,3458651
tabA_predicted,0.16666666666666666,5,5,CAGGGATCCGCAATATTCCA,0,3464394
tabA_predicted,0.16666666666666666,5,5,CAGGACGTGTCAGCAGTTCG,0,3433729
tabA_predicted,0.16666666666666666,5,5,CAGGACCAGCACCTCTTGAC,0,3457662
tabA_predicted,0.16666666666666666,5,5,CAGCTTATACAGGATAGGCT,0,3455453
tabA_predicted,0.16666666666666666,5,5,CAGCTGTTAGCCACGCATAT,0,3444270
tabA_predicted,0.16666666666666666,5,5,CAGCGGGGAAGCAGTTCTGC,0,3446975
tabA_predicted,0.16666666666666666,5,5,CAGCCGGTCCCCCGAAGCAT,0,3431963
tabA_predicted,0.16666666666666666,5,5,CAGATTTAGTGGGGGCTAGA,0,3437002
tabA_predicted,0.16666666666666666,5,5,CAGACTGTCCTCCGGGTCAC,0,3456371
tabA_predicted,0.16666666666666666,5,5,CACTATTAGAAAGGTCGCAT,0,3442289
tabA_predicted,0.16666666666666666,5,5,CACGCGAGGTGGATGTATCC,0,3461437
tabA_predicted,0.16666666666666666,5,5,CACGAATAAGAACCTCATGC,0,3446479
tabA_predicted,0.16666666666666666,5,5,CACCTCAGGGAAGACCGAGG,0,3455081
tabA_predicted,0.16666666666666666,5,5,CACCCGGGAATTATGGGCGT,0,3461295
tabA_predicted,0.16666666666666666,5,5,CACAAGCAGGGTCTCTGTCA,0,3459924
tabA_predicted,0.16666666666666666,5,5,CAATTTGCAATTTCAACATT,0,3460992
tabA_predicted,0.16666666666666666,5,5,CAATTGGTCTCGGGGGTGGA,0,3461979
tabA_predicted,0.16666666666666666,5,5,CAATCTGTCACATACTGTGC,0,3459886
tabA_predicted,0.16666666666666666,5,5,CAATCCGCTTCCCACAATAC,0,3439125
tabA_predicted,0.16666666666666666,5,5,CAATAGGATCCAAAGTTCGA,0,3433974
tabA_predicted,0.16666666666666666,5,5,CAAGTCGTTCAGGGGAGATT,0,3445668
tabA_predicted,0.16666666666666666,5,5,CAAGCTTTGATGCGTGTTCC,0,3466303
tabA_predicted,0.16666666666666666,5,5,CAAGATCAGGATAAGTGTGC,0,3457833
tabA_predicted,0.16666666666666666,5,5,CAAGAAAATGGGTAGTAGAG,0,3442302
tabA_predicted,0.16666666666666666,5,5,CAACTGACTCTATTCCGGAA,0,3435086
tabA_predicted,0.16666666666666666,5,5,CAACAAGAGGTCGATGAATC,0,3465872
tabA_predicted,0.16666666666666666,5,5,CAAATTTAGCATGGCACTTC,0,3463629
tabA_predicted,0.16666666666666666,5,5,CAAATTCGCCGGTTTTACGA,0,3444962
tabA_predicted,0.16666666666666666,5,5,CAAAATGCAGGCATATCCAC,0,3443796
tabA_predicted,0.16666666666666666,5,5,ATTTTCCAGGATCTAAGCTG,0,3444301
tabA_predicted,0.16666666666666666,5,5,ATTTCGCAGACGCGGCGGAA,0,3451221
tabA_predicted,0.16666666666666666,5,5,ATTTACAAGCGTAAATTAGT,0,3465892
tabA_predicted,0.16666666666666666,5,5,ATTGTGCCTGGAAATGCATA,0,3444150
tabA_predicted,0.16666666666666666,5,5,ATTGGTTCGGCCAGACTAAA,0,3465766
tabA_predicted,0.16666666666666666,5,5,ATTGATCTCAATAAGGCTGG,0,3453186
tabA_predicted,0.16666666666666666,5,5,ATTCTTCTAACGGCTAGGAT,0,3451859
tabA_predicted,0.16666666666666666,5,5,ATTCTCCAAAAATGCAACCA,0,3448314
tabA_predicted,0.16666666666666666,5,5,ATTCTCAAGAGTCCGGCAAC,0,3448319
tabA_predicted,0.16666666666666666,5,5,ATTCAGGCTGTCAAAGTATA,0,3452281
tabA_predicted,0.16666666666666666,5,5,ATTCAGGCCCACATAAAATG,0,3459722
tabA_predicted,0.16666666666666666,5,5,ATTCAGCTTGGTAGCAGTCA,0,3448671
tabA_predicted,0.16666666666666666,5,5,ATTCAGCTCAAGACTACGAT,0,3462014
tabA_predicted,0.16666666666666666,5,5,ATTAGTTCAGGGCCGTACAG,0,3453607
tabA_predicted,0.16666666666666666,5,5,ATTACCTAGAAACAACCTAA,0,3464995
tabA_predicted,0.16666666666666666,5,5,ATGTTTTGTTAAACGAATAC,0,3441858
tabA_predicted,0.16666666666666666,5,5,ATGTTTACTAGACCTAGTCC,0,3439661
tabA_predicted,0.16666666666666666,5,5,ATGTTAGCTCACCGCCAAAG,0,3452561
tabA_predicted,0.16666666666666666,5,5,ATGTCCTTATCGATATCCCG,0,3460845
tabA_predicted,0.16666666666666666,5,5,ATGTATGCTGTCTCATCGCA,0,3445454
tabA_predicted,0.16666666666666666,5,5,ATGTACTGAATCCTCACGAT,0,3450399
tabA_predicted,0.16666666666666666,5,5,ATGGACGACCGGAACAGCTA,0,3433278
tabA_predicted,0.16666666666666666,5,5,ATGGACAGGGGGTTGGGTCA,0,3443301
tabA_predicted,0.16666666666666666,5,5,ATGCTTGCCGCGTTAGTCCA,0,3449067
tabA_predicted,0.16666666666666666,5,5,ATGCTATATAATCCGACCTC,0,3439768
tabA_predicted,0.16666666666666666,5,5,ATGCGAGCCGTGACGGGGGA,0,3433942
tabA_predicted,0.16666666666666666,5,5,ATGCATTAACGTATAATTCC,0,3463353
tabA_predicted,0.16666666666666666,5,5,ATGAGGCGGCTCGTATACAA,0,3440220
tabA_predicted,0.16666666666666666,5,5,ATGAATTCAAACCGCTGGGA,0,3441715
tabA_predicted,0.16666666666666666,5,5,ATGAAGAGGCTATTTGCCTG,0,3435244
tabA_predicted,0.16666666666666666,5,5,ATCTTGATGTCAGGTGTTGT,0,3431807
tabA_predicted,0.16666666666666666,5,5,ATCTAGATGTAGCGTCAGGG,0,3443847
tabA_predicted,0.16666666666666666,5,5,ATCGTCTAGGATCGCCCACT,0,3431986
tabA_predicted,0.16666666666666666,5,5,ATCGTCAGTTCATCTCCGGA,0,3465349
tabA_predicted,0.16666666666666666,5,5,ATCGCCCCGGTAATGAATAG,0,3458211
tabA_predicted,0.16666666666666666,5,5,ATCGCACAGAGTGCAGATCT,0,3448548
tabA_predicted,0.16666666666666666,5,5,ATCGATACGAGCCTTCACAT,0,3444804
tabA_predicted,0.16666666666666666,5,5,ATCCTCCAGTTGCCATCGCC,0,3463477
tabA_predicted,0.16666666666666666,5,5,ATCCACGTCCGCGAGGCCAG,0,3459787
tabA_predicted,0.16666666666666666,5,5,ATCATGGAAAGCGCCGTTGC,0,3437053
tabA_predicted,0.16666666666666666,5,5,ATCACGCTTGGATGGCGGAT,0,3448270
tabA_predicted,0.16666666666666666,5,5,ATATCTAGCGGGGCAGCCGA,0,3442274
tabA_predicted,0.16666666666666666,5,5,ATATCGCTGTGCGTTTCGTG,0,3440654
tabA_predicted,0.16666666666666666,5,5,ATATAGCACTGGTGAGAGTT,0,3431754
tabA_predicted,0.16666666666666666,5,5,ATATAGAATCCGAACAGGCT,0,3432952
tabA_predicted,0.16666666666666666,5,5,ATACGCAATCAAGTGCCAGT,0,3465823
tabA_predicted,0.16666666666666666,5,5,ATAAGTTAGCTTGGCAAGGG,0,3453404
tabA_predicted,0.16666666666666666,5,5,ATAAGGTGGACGCGTAGGGA,0,3458904
tabA_predicted,0.16666666666666666,5,5,ATAACTTATTGAGTGAAGAA,0,3445655
tabA_predicted,0.16666666666666666,5,5,AGTTCTTTGCGATGTCTCAG,0,3464899
tabA_predicted,0.16666666666666666,5,5,AGTTAACGTTCTATCCGGAG,0,3446880
tabA_predicted,0.16666666666666666,5,5,AGTGGACCATGTTCGCCTAA,0,3435400
tabA_predicted,0.16666666666666666,5,5,AGTGCTTTTTCTCAGCTTGC,0,3445273
tabA_predicted,0.16666666666666666,5,5,AGTGCTGGAAAGTCCGTCGT,0,3442474
tabA_predicted,0.16666666666666666,5,5,AGTCCACGTGCCGGTCCCAG,0,3445667
tabA_predicted,0.16666666666666666,5,5,AGTAAATGTCCGATCCCCAT,0,3437656
tabA_predicted,0.16666666666666666,5,5,AGTAAATATTCGTGTTCTCT,0,3454800
tabA_predicted,0.16666666666666666,5,5,AGGTTCCGTACCTCCGTGTG,0,3438571
tabA_predicted,0.16666666666666666,5,5,AGGTGAATACCGGCCTCGGC,0,3449416
tabA_predicted,0.16666666666666666,5,5,AGGGGTCCAAGTGTAGTAAG,0,3437329
tabA_predicted,0.16666666666666666,5,5,AGGGGAGGCATTCGAAGCTT,0,3447851
tabA_predicted,0.16666666666666666,5,5,AGGGCGTCGTCAGTATCTGT,0,3442712
tabA_predicted,0.16666666666666666,5,5,AGGGACAAGGAGCTTCTTCG,0,3449952
tabA_predicted,0.16666666666666666,5,5,AGGGAAGAACCCTGTTGAAC,0,3464267
tabA_predicted,0.16666666666666666,5,5,AGGCTCGGTAGGAACAGCTT,0,3432853
tabA_predicted,0.16666666666666666,5,5,AGGCTAGTACTCTGTCTTTA,0,3462874
tabA_predicted,0.16666666666666666,5,5,AGGCTAGAGCTGGTACGGCG,0,3457677
tabA_predicted,0.16666666666666666,5,5,AGGCACCAAGCCCGTTGCCA,0,3454872
tabA_predicted,0.16666666666666666,5,5,AGGACTCATCCTCAGATTGG,0,3447307
tabA_predicted,0.16666666666666666,5,5,AGGACAATGTACGCTAAACG,0,3439136
tabA_predicted,0.16666666666666666,5,5,AGCTTAAACACCGACTACAC,0,3445493
tabA_predicted,0.16666666666666666,5,5,AGCGGGGCAAGCCAGATCGT,0,3434307
tabA_predicted,0.16666666666666666,5,5,AGCGCACACGGACGGGGTAA,0,3434749
tabA_predicted,0.16666666666666666,5,5,AGCGAGGTAGTAGCTTTGAA,0,3461337
tabA_predicted,0.16666666666666666,5,5,AGCCTAATGTTGACTCGATC,0,3450973
tabA_predicted,0.16666666666666666,5,5,AGCCGTTCCGCCGGAACCGC,0,3458902
tabA_predicted,0.16666666666666666,5,5,AGCCGTCGGATCTCCCTGCC,0,3465532
tabA_predicted,0.16666666666666666,5,5,AGCATCCCGGATCATTATGA,0,3435833
tabA_predicted,0.16666666666666666,5,5,AGCATCCACCGACGACTCCC,0,3439769
tabA_predicted,0.16666666666666666,5,5,AGCAGTAGTCGCTTATAACA,0,3450180
tabA_predicted,0.16666666666666666,5,5,AGCACTAAGGTAAATCAACC,0,3442087
tabA_predicted,0.16666666666666666,5,5,AGATTTTTGTAGACCTTCGC,0,3447095
tabA_predicted,0.16666666666666666,5,5,AGATTTGTTTGATCACAGTA,0,3445637
tabA_predicted,0.16666666666666666,5,5,AGATGTTTTATCTGGCGTTA,0,3436736
tabA_predicted,0.16666666666666666,5,5,AGATGGCACGCCCGCTGAGA,0,3458947
tabA_predicted,0.16666666666666666,5,5,AGATCTACTACTCCGTCCGG,0,3439355
tabA_predicted,0.16666666666666666,5,5,AGAGTGGCGTTAACCCGGGA,0,3462577
tabA_predicted,0.16666666666666666,5,5,AGAGGGCGACTTGGTCTCTA,0,3451049
tabA_predicted,0.16666666666666666,5,5,AGAGCTGTCGGTCTTGACCT,0,3439763
tabA_predicted,0.16666666666666666,5,5,AGAGCATCGAGGGCATAAAT,0,3465451
tabA_predicted,0.16666666666666666,5,5,AGACTTCCGCAAGGACGCCA,0,3436156
tabA_predicted,0.16666666666666666,5,5,AGACTAATGACACTTACCTC,0,3442939
tabA_predicted,0.16666666666666666,5,5,AGACGGATTTCCGTGGAGAC,0,3444274
tabA_predicted,0.16666666666666666,5,5,AGAATCTCCCGATATACGTG,0,3443294
tabA_predicted,0.16666666666666666,5,5,AGAATAGGTGGAGAGAACTA,0,3443942
tabA_predicted,0.16666666666666666,5,5,AGAATAAGTATCTATGGAGA,0,3463386
tabA_predicted,0.16666666666666666,5,5,AGAAGGGCCGGCCTCTCGTC,0,3444224
tabA_predicted,0.16666666666666666,5,5,AGAACTCTAAGCTACGGCCG,0,3442392
tabA_predicted,0.16666666666666666,5,5,AGAACGTCGGGAAATCGGGT,0,3444747
tabA_predicted,0.16666666666666666,5,5,AGAACGCCTAGTCTAATGCG,0,3444656
tabA_predicted,0.16666666666666666,5,5,AGAACCCCTGCGCCACCGCT,0,3433454
tabA_predicted,0.16666666666666666,5,5,ACTTGCCGTCTCGCTGTGGC,0,3443774
tabA_predicted,0.16666666666666666,5,5,ACTTAACAGCATGTCGTTTC,0,3464374
tabA_predicted,0.16666666666666666,5,5,ACTGGGTAGTTTGGAAATTC,0,3451725
tabA_predicted,0.16666666666666666,5,5,ACTGGATGGATAGTGAATCA,0,3444696
tabA_predicted,0.16666666666666666,5,5,ACTCTATGTCCTTGGCCTTA,0,3438352
tabA_predicted,0.16666666666666666,5,5,ACTCGGCCATTTCAATGCGG,0,3459091
tabA_predicted,0.16666666666666666,5,5,ACTATGCGCAAGCCTTGCCC,0,3436227
tabA_predicted,0.16666666666666666,5,5,ACTACCTGGTTGATCCTACA,0,3433537
tabA_predicted,0.16666666666666666,5,5,ACGTTGACTTAGCAGCATAA,0,3455447
tabA_predicted,0.16666666666666666,5,5,ACGTGGTTTTGTCGTTGTGT,0,3462756
tabA_predicted,0.16666666666666666,5,5,ACGTGAAAACTAGGCTCCAT,0,3452164
tabA_predicted,0.16666666666666666,5,5,ACGTAGCACAACAACGTAAA,0,3445692
tabA_predicted,0.16666666666666666,5,5,ACGGTTGTCAATGTAGGAAC,0,3460726
tabA_predicted,0.16666666666666666,5,5,ACGGTTATAAGTTATGCTGT,0,3448519
tabA_predicted,0.16666666666666666,5,5,ACGGTCGCCTCAAGGACAGT,0,3444178
tabA_predicted,0.16666666666666666,5,5,ACGGTCAGCAGCAGTAGTGG,0,3463673
tabA_predicted,0.16666666666666666,5,5,ACGGGAAAACGGTTGTTTTG,0,3461499
tabA_predicted,0.16666666666666666,5,5,ACGGCTGATTTGCGGAGACG,0,3436815
tabA_predicted,0.16666666666666666,5,5,ACGGCACAGGGTCAACAGAG,0,3449332
tabA_predicted,0.16666666666666666,5,5,ACGGATGAAAACTCAGAGAC,0,3450221
tabA_predicted,0.16666666666666666,5,5,ACGCGGAGGTATGTTAAATG,0,3461990
tabA_predicted,0.16666666666666666,5,5,ACGATTCTCGCCGATCCGTG,0,3443980
tabA_predicted,0.16666666666666666,5,5,ACGATCTTGCGTAATCAATG,0,3437251
tabA_predicted,0.16666666666666666,5,5,ACGATCACAACCGGATGTTA,0,3442854
tabA_predicted,0.16666666666666666,5,5,ACGACGTCCGGCTACCTCGT,0,3443198
tabA_predicted,0.16666666666666666,5,5,ACGAATATGCCTACGCCTTG,0,3465929
tabA_predicted,0.16666666666666666,5,5,ACCTTGTCTATGGAGGTCTA,0,3456572
tabA_predicted,0.16666666666666666,5,5,ACCTGTACTTATGGATCCGG,0,3444409
tabA_predicted,0.16666666666666666,5,5,ACCTGAATCCGTCGGCCTCT,0,3455431
tabA_predicted,0.16666666666666666,5,5,ACCTCTGCAATTAGTACCTA,0,3445687
tabA_predicted,0.16666666666666666,5,5,ACCGGGCCGCCTTTTCTGAC,0,3450893
tabA_predicted,0.16666666666666666,5,5,ACCGGCGTTGCCGTTTGGCC,0,3455126
tabA_predicted,0.16666666666666666,5,5,ACCGCTCACGAAACAGGAGT,0,3461463
tabA_predicted,0.16666666666666666,5,5,ACCGCTAACATCTGACTAAG,0,3436309
tabA_predicted,0.16666666666666666,5,5,ACCGATTGCAGCATCGGCCG,0,3452904
tabA_predicted,0.16666666666666666,5,5,ACCGATGCGGAGCTAGACCA,0,3442242
tabA_predicted,0.16666666666666666,5,5,ACCGATGCCTAGAGGTATGG,0,3440212
tabA_predicted,0.16666666666666666,5,5,ACCGAAAGGGCCAACTTCCG,0,3460887
tabA_predicted,0.16666666666666666,5,5,ACCCAAAACCTTCCAGATTG,0,3454944
tabA_predicted,0.16666666666666666,5,5,ACCATGTGGGATGCCTTCTT,0,3445569
tabA_predicted,0.16666666666666666,5,5,ACCAGGCATATGCTTGAAAG,0,3450976
tabA_predicted,0.16666666666666666,5,5,ACCACCTTTCAAGTTATGGC,0,3443439
tabA_predicted,0.16666666666666666,5,5,ACCAAGGCTCCCGCCCCGTT,0,3434924
tabA_predicted,0.16666666666666666,5,5,ACCAAAATTCGCTTTCTTAA,0,3462015
tabA_predicted,0.16666666666666666,5,5,ACATTCATAGTACCTACCCC,0,3449265
tabA_predicted,0.16666666666666666,5,5,ACATAAAGATGAGGGCTCCT,0,3435783
tabA_predicted,0.16666666666666666,5,5,ACAGTCCATACTACTATATT,0,3462686
tabA_predicted,0.16666666666666666,5,5,ACAGTACGTCAAGTGATGAG,0,3462085
tabA_predicted,0.16666666666666666,5,5,ACACTTGGCCAGTATGCCTA,0,3455703
tabA_predicted,0.16666666666666666,5,5,ACACGGGATAAATTGATCCT,0,3444928
tabA_predicted,0.16666666666666666,5,5,ACACCTTGGCGGCCACTCCT,0,3463554
tabA_predicted,0.16666666666666666,5,5,ACACCTTAGGCGTGGGGCGT,0,3439954
tabA_predicted,0.16666666666666666,5,5,ACACATATTAGTGGCACGCT,0,3447822
tabA_predicted,0.16666666666666666,5,5,ACACAAAAGAGGGACCAGAG,0,3451566
tabA_predicted,0.16666666666666666,5,5,ACAATACTATGCTGCTTGGC,0,3455094
tabA_predicted,0.16666666666666666,5,5,ACAATACCCTTATCACACGG,0,3437422
tabA_predicted,0.16666666666666666,5,5,ACAAGGGACGCGTCGGTGCT,0,3436057
tabA_predicted,0.16666666666666666,5,5,AATTCCGCGCCGGACCGAAG,0,3449818
tabA_predicted,0.16666666666666666,5,5,AATTAAGGAGGCCTCCCCGT,0,3451180
tabA_predicted,0.16666666666666666,5,5,AATGTTGAGACTGCCGCCTT,0,3454644
tabA_predicted,0.16666666666666666,5,5,AATGACCTTCGGTAGGTTTC,0,3463347
tabA_predicted,0.16666666666666666,5,5,AATGAAACCCGTTCCTGATT,0,3461941
tabA_predicted,0.16666666666666666,5,5,AATATACGCCTAGACGTTGT,0,3455941
tabA_predicted,0.16666666666666666,5,5,AATATAAATGGAGAAAGATG,0,3437141
tabA_predicted,0.16666666666666666,5,5,AATAGTTGACAAAGGCTCTA,0,3440875
tabA_predicted,0.16666666666666666,5,5,AAGTGTGGCGCCTACTGAGT,0,3432697
tabA_predicted,0.16666666666666666,5,5,AAGTGGAGTCTGGGAAGGCT,0,3444347
tabA_predicted,0.16666666666666666,5,5,AAGTGCCTGCTACGTGAACA,0,3458643
tabA_predicted,0.16666666666666666,5,5,AAGTCCTCCGGGCCAATGCG,0,3446174
tabA_predicted,0.16666666666666666,5,5,AAGGTTCTCGCCGGTGGTTA,0,3453592
tabA_predicted,0.16666666666666666,5,5,AAGGTGTATCTTAGGTCTAT,0,3453938
tabA_predicted,0.16666666666666666,5,5,AAGGTCCTACGCACTATCCG,0,3451071
tabA_predicted,0.16666666666666666,5,5,AAGCGTCAGATACCTAAAAC,0,3443751
tabA_predicted,0.16666666666666666,5,5,AAGCGCGTATGTTGAGGCGA,0,3457369
tabA_predicted,0.16666666666666666,5,5,AAGCCGGTCGCGTTCGGTGC,0,3450433
tabA_predicted,0.16666666666666666,5,5,AAGCCCCGGTATCATCTGAG,0,3434070
tabA_predicted,0.16666666666666666,5,5,AAGCATTGGCCATGGTCCCC,0,3452353
tabA_predicted,0.16666666666666666,5,5,AAGAGTCGTTGTCAGCACAT,0,3466129
tabA_predicted,0.16666666666666666,5,5,AAGAAACCTCTTGTCGCTAC,0,3447926
tabA_predicted,0.16666666666666666,5,5,AACTCGCGTTTGTCCGTGCT,0,3452752
tabA_predicted,0.16666666666666666,5,5,AACTATATATTGGCATGAAC,0,3444352
tabA_predicted,0.16666666666666666,5,5,AACGCACTGAAAGTTTCGGG,0,3463751
tabA_predicted,0.16666666666666666,5,5,AACCTAGAGCTAGTAATGAT,0,3446367
tabA_predicted,0.16666666666666666,5,5,AACCGCTCGCTGTGTATGGA,0,3447342
tabA_predicted,0.16666666666666666,5,5,AACCCGTGTATACACCCTTC,0,3451863
tabA_predicted,0.16666666666666666,5,5,AACCCGGTAAGTATCTCGAG,0,3444410
tabA_predicted,0.16666666666666666,5,5,AACATCCGGACCGGGTGGGG,0,3456014
tabA_predicted,0.16666666666666666,5,5,AACAGTTGCGCTTAGGCACA,0,3454588
tabA_predicted,0.16666666666666666,5,5,AACAGAGGCCACGACAATTA,0,3444743
tabA_predicted,0.16666666666666666,5,5,AACAAGCATCAAACATACCG,0,3447784
tabA_predicted,0.16666666666666666,5,5,AAATTAACTTTCCGAGCAGA,0,3464704
tabA_predicted,0.16666666666666666,5,5,AAATCGGTCTCAAAACCCGA,0,3461123
tabA_predicted,0.16666666666666666,5,5,AAATCCACTGTCTACGGGAA,0,3461743
tabA_predicted,0.16666666666666666,5,5,AAATATACGCATCCGGCATA,0,3450113
tabA_predicted,0.16666666666666666,5,5,AAATAGACGAAACCTGTTAT,0,3452071
tabA_predicted,0.16666666666666666,5,5,AAATACTTTTTGATCCCGAA,0,3459253
tabA_predicted,0.16666666666666666,5,5,AAACTTGAATCCGTTGATCG,0,3451203
tabA_predicted,0.16666666666666666,5,5,AAACTGTTGGGGGCAGCAGA,0,3440417
tabA_predicted,0.16666666666666666,5,5,AAACGGGGGATAGGGCCTGC,0,3437770
tabA_predicted,0.16666666666666666,5,5,AAACGATAAAAACTGTTATT,0,3463548
tabA_predicted,0.16666666666666666,5,5,AAAAGTGCGGACGGATGTTC,0,3461298
tabA_predicted,0.16666666666666666,5,5,AAAAGTCGCTCCCTCGATCT,0,3440710
tabA_predicted,0.16666666666666666,5,5,AAAAGCGTAACGTAGGTCCG,0,3455774
tabA_predicted,0.16666666666666666,5,5,AAAACTGGTATCCTTCGGCC,0,3434394
tabA_predicted,0.16666666666666666,5,5,AAAACGTTCTTACCTGTACT,0,3443618
tabA_predicted,0.16666666666666666,5,5,AAAAAGTGACTCTATCATGG,0,3455590
tabA_predicted,0.2,4,4,TTTTAGGTGGGCTAAACTAT,0,3446959
tabA_predicted,0.2,4,4,TTTTAACCGGGATCCGCAAT,0,3458112
tabA_predicted,0.2,4,4,TTTTAAATGTAACGGAGAGT,0,3432148
tabA_predicted,0.2,4,4,TTTGTTTTGAACCTTATTTC,0,3432283
tabA_predicted,0.2,4,4,TTTGTGACATCACGCCGACA,0,3458401
tabA_predicted,0.2,4,4,TTTGCCTCGCAACGCGTCGG,0,3443530
tabA_predicted,0.2,4,4,TTTGCAAGTGGTCTATGAAT,0,3432439
tabA_predicted,0.2,4,4,TTTGAGCTGCTGTGATGCGA,0,3444091
tabA_predicted,0.2,4,4,TTTGAGCATCTGAGGTCTAT,0,3432920
tabA_predicted,0.2,4,4,TTTGACAGTCCATTCCCTAT,0,3436774
tabA_predicted,0.2,4,4,TTTCTGTCCTGGACAGGACG,0,3438762
tabA_predicted,0.2,4,4,TTTCTACGGTCCGAAGATAC,0,3448901
tabA_predicted,0.2,4,4,TTTCGTCACAGTGTGGAAAA,0,3449705
tabA_predicted,0.2,4,4,TTTCGCCCTACGGGTTGAAA,0,3454078
tabA_predicted,0.2,4,4,TTTCGAAGAAGTCGGGAGAT,0,3431646
tabA_predicted,0.2,4,4,TTTCCTTAGTGATTGCTGAA,0,3433504
tabA_predicted,0.2,4,4,TTTCCCTCTTCCACCGCTGT,0,3448429
tabA_predicted,0.2,4,4,TTTAGTTAGCTGCTATGTGA,0,3435270
tabA_predicted,0.2,4,4,TTTAGTGCTACGGGCATCGA,0,3458763
tabA_predicted,0.2,4,4,TTTAGGAGGGATGGGAATCA,0,3440150
tabA_predicted,0.2,4,4,TTTAGCATAGAGCTAAATTA,0,3457224
tabA_predicted,0.2,4,4,TTTACGCGAATCGTAAGTAT,0,3448459
tabA_predicted,0.2,4,4,TTTACCATGTGTAATTCAAG,0,3463364
tabA_predicted,0.2,4,4,TTGTTCATTAACTTGGACTA,0,3448896
tabA_predicted,0.2,4,4,TTGTGGAGAGTCATAGGATG,0,3441920
tabA_predicted,0.2,4,4,TTGTCCCATGAGTGCGAATC,0,3435718
tabA_predicted,0.2,4,4,TTGTCATGAGTGATGGCACT,0,3463733
tabA_predicted,0.2,4,4,TTGTATACATGATTAACGTG,0,3437773
tabA_predicted,0.2,4,4,TTGGTTATGGAGTAGTTCAT,0,3433218
tabA_predicted,0.2,4,4,TTGGGTAAACATGGCTTTGT,0,3449331
tabA_predicted,0.2,4,4,TTGGGGTTCTTAAACGTCTG,0,3440006
tabA_predicted,0.2,4,4,TTGGCACCGACCGGACCTCA,0,3464636
tabA_predicted,0.2,4,4,TTGGATTGGTACGCCTCAGG,0,3452743
tabA_predicted,0.2,4,4,TTGGATCATGAAACGAGTGA,0,3432170
tabA_predicted,0.2,4,4,TTGATAGTCCCTACTCCATG,0,3463806
tabA_predicted,0.2,4,4,TTGAATCCGAGCCTGCCGTG,0,3451995
tabA_predicted,0.2,4,4,TTCTTGGCATGGGAAAGAGG,0,3433827
tabA_predicted,0.2,4,4,TTCTGGATCCGTTACTACAG,0,3458881
tabA_predicted,0.2,4,4,TTCTCTAACCTGCGTGAGGC,0,3440819
tabA_predicted,0.2,4,4,TTCTCCCATCTCTCATGTAG,0,3466076
tabA_predicted,0.2,4,4,TTCTCCACTACAGAGGGAAT,0,3453409
tabA_predicted,0.2,4,4,TTCTAGGGTAGCGGGCTAGT,0,3466061
tabA_predicted,0.2,4,4,TTCGGTCTGTACAAGGTTTC,0,3454682
tabA_predicted,0.2,4,4,TTCGCCAGGGTCGTCAGAGG,0,3456674
tabA_predicted,0.2,4,4,TTCGCATCGCATCTGTGCAT,0,3433279
tabA_predicted,0.2,4,4,TTCCTGTTTAATGTGCTTGG,0,3442763
tabA_predicted,0.2,4,4,TTCCGGCCTCTAGCGCGCGT,0,3437124
tabA_predicted,0.2,4,4,TTCCGCAATCGCAAGTGAGA,0,3433166
tabA_predicted,0.2,4,4,TTCCACGTCACTGTGGTCAA,0,3446313
tabA_predicted,0.2,4,4,TTCAGGGCTGTTGCCTGGCT,0,3456752
tabA_predicted,0.2,4,4,TTCAACTTGATTTGGAGAAA,0,3440324
tabA_predicted,0.2,4,4,TTATTGACCCCCCAGCTTCC,0,3449644
tabA_predicted,0.2,4,4,TTATGACCACACGGCTAGAT,0,3437496
tabA_predicted,0.2,4,4,TTATCTGATTGGGCCGGAAA,0,3458662
tabA_predicted,0.2,4,4,TTATCCGCCCCGTCCACTTA,0,3453241
tabA_predicted,0.2,4,4,TTATACAAAGGACGATCTCC,0,3447892
tabA_predicted,0.2,4,4,TTATAAGAAATTTTCAGAAT,0,3436379
tabA_predicted,0.2,4,4,TTAGTTCTAAATAACTCAAT,0,3456645
tabA_predicted,0.2,4,4,TTAGTCAACACGCTGGTGTT,0,3434299
tabA_predicted,0.2,4,4,TTAGGTTTTTGGTAGTTCAA,0,3459340
tabA_predicted,0.2,4,4,TTAGGACTTGCCATTTCTGA,0,3449232
tabA_predicted,0.2,4,4,TTACTTTACTGCAGCGCTTG,0,3451247
tabA_predicted,0.2,4,4,TTACCACGCGGGCAATATTG,0,3453677
tabA_predicted,0.2,4,4,TTACAGAGCCTATTCTGCGT,0,3440899
tabA_predicted,0.2,4,4,TTACACAACGTGCGGGTTAG,0,3466010
tabA_predicted,0.2,4,4,TTACAAAGTCCTCCATATCC,0,3448586
tabA_predicted,0.2,4,4,TTAAGCGGCGCATAAATGTT,0,3454311
tabA_predicted,0.2,4,4,TTAAGAGGACCGAAAGTTCT,0,3462289
tabA_predicted,0.2,4,4,TTAACGCTAGACTCCACTGC,0,3433903
tabA_predicted,0.2,4,4,TTAAACCCGTGACTACGGGC,0,3432027
tabA_predicted,0.2,4,4,TTAAAATGGTCTCGAAAGCG,0,3434297
tabA_predicted,0.2,4,4,TGTTTTCCGGATGCTTACGA,0,3465984
tabA_predicted,0.2,4,4,TGTTTGGATAATGGGTATTT,0,3444539
tabA_predicted,0.2,4,4,TGTTTCGAAACGCGGGTCAT,0,3436509
tabA_predicted,0.2,4,4,TGTTGCGGTGTTAGGTTTCG,0,3466268
tabA_predicted,0.2,4,4,TGTTCCCTAGCGATTAGGAC,0,3456730
tabA_predicted,0.2,4,4,TGTTACTGTGTCAAGGTGGG,0,3450369
tabA_predicted,0.2,4,4,TGTGTTACTATCCTCGTGTA,0,3453611
tabA_predicted,0.2,4,4,TGTGTCTTGAGATGCCTGTT,0,3452634
tabA_predicted,0.2,4,4,TGTGGTAGCTCTTAAAGGCT,0,3451018
tabA_predicted,0.2,4,4,TGTGGGGATTTCAGTCGGAG,0,3434328
tabA_predicted,0.2,4,4,TGTGCATCAAACGAAAACCT,0,3460573
tabA_predicted,0.2,4,4,TGTGATCCAGGTCTGTCACT,0,3464722
tabA_predicted,0.2,4,4,TGTCTCTTTGCGTGCTGGCC,0,3432478
tabA_predicted,0.2,4,4,TGTCGCTTTGCACGTGGGCC,0,3433417
tabA_predicted,0.2,4,4,TGTCCTATTTTTTTTTTGTT,0,3460482
tabA_predicted,0.2,4,4,TGTCAAATTCGGGACGGCGC,0,3442034
tabA_predicted,0.2,4,4,TGTATGTACGCTCAAGCCCA,0,3457664
tabA_predicted,0.2,4,4,TGTATCGATTCCATTCCACC,0,3444132
tabA_predicted,0.2,4,4,TGTACTGGAATTCGACGTTA,0,3453565
tabA_predicted,0.2,4,4,TGTAAGTTTAGTTAGGATAC,0,3448766
tabA_predicted,0.2,4,4,TGTAACCATTAATCAAGGTC,0,3445505
tabA_predicted,0.2,4,4,TGGTTTGGAACTACTGACTG,0,3465405
tabA_predicted,0.2,4,4,TGGTTCAGAGGTCTTCACAC,0,3439186
tabA_predicted,0.2,4,4,TGGTTACCAATGTCCGCATG,0,3444194
tabA_predicted,0.2,4,4,TGGTATAACGGGCAGCGCCA,0,3438071
tabA_predicted,0.2,4,4,TGGTAAAGTCGCGAAGTCAC,0,3445719
tabA_predicted,0.2,4,4,TGGGCTTCGTAAAGTACTTC,0,3453783
tabA_predicted,0.2,4,4,TGGGCGGCTAGGGACCGGCT,0,3442697
tabA_predicted,0.2,4,4,TGGGACACCTCGTGCTCTGT,0,3433564
tabA_predicted,0.2,4,4,TGGCGCTGATCAACGCACCG,0,3462939
tabA_predicted,0.2,4,4,TGGCGCGGAGGTTGTGAGAC,0,3437098
tabA_predicted,0.2,4,4,TGGCCTAGTCATGGTCTGGA,0,3442450
tabA_predicted,0.2,4,4,TGGATCGTCCGCGGATTTCA,0,3439554
tabA_predicted,0.2,4,4,TGGAGACCTCATTGAACATA,0,3456205
tabA_predicted,0.2,4,4,TGGACTTGATGTGGCTATCT,0,3455854
tabA_predicted,0.2,4,4,TGCGTAAGAATACCTGGATG,0,3434479
tabA_predicted,0.2,4,4,TGCGCTCCGGATAAGTTTGA,0,3435464
tabA_predicted,0.2,4,4,TGCCTAGGTAAGACATCGCG,0,3458064
tabA_predicted,0.2,4,4,TGCCGGCCAGCGCGTCCTTC,0,3434983
tabA_predicted,0.2,4,4,TGCCAAGGATTTCCGTTATC,0,3451555
tabA_predicted,0.2,4,4,TGAGAGGTTACAACTTATTC,0,3434990
tabA_predicted,0.2,4,4,TGACTCTGAACTGCTTCAAG,0,3460140
tabA_predicted,0.2,4,4,TGACTCAAGCTTCTTGACTA,0,3452233
tabA_predicted,0.2,4,4,TGACGTACACTGGTCTGCTT,0,3460364
tabA_predicted,0.2,4,4,TGACCTCGGACGTCCTAATC,0,3459694
tabA_predicted,0.2,4,4,TGAATTGATGGGGAGTGCCA,0,3450166
tabA_predicted,0.2,4,4,TGAACTTTAGCACTGCCACC,0,3457427
tabA_predicted,0.2,4,4,TGAACTCTACTTCGTCACTG,0,3457013
tabA_predicted,0.2,4,4,TGAAAATGACGTAAAGGATT,0,3455829
tabA_predicted,0.2,4,4,TCTTTATCCGGCCACTATCA,0,3451433
tabA_predicted,0.2,4,4,TCTTTAACAGGGGTCGGAAT,0,3441672
tabA_predicted,0.2,4,4,TCTTGGCTGCGTATCCGGAT,0,3458307
tabA_predicted,0.2,4,4,TCTTAGTAGCTGGCGATCTA,0,3464387
tabA_predicted,0.2,4,4,TCTTAACCCATGCCCACGCG,0,3432174
tabA_predicted,0.2,4,4,TCTGTCGCCTTCGTACCTCC,0,3440584
tabA_predicted,0.2,4,4,TCTGGACCTTGTAGTCCAGC,0,3433641
tabA_predicted,0.2,4,4,TCTGATACGATTGCCGCGGA,0,3444118
tabA_predicted,0.2,4,4,TCTGAGGCAACCAGCGTCTC,0,3450359
tabA_predicted,0.2,4,4,TCTCGGCACGTATATTGCTA,0,3457872
tabA_predicted,0.2,4,4,TCTCAGTCTTGCTTCATGGG,0,3461039
tabA_predicted,0.2,4,4,TCGTTAATCCCAGGATGGAT,0,3439706
tabA_predicted,0.2,4,4,TCGTCCGAGCACGGGTGTAG,0,3445665
tabA_predicted,0.2,4,4,TCGTCATGAACGAGAACCCT,0,3437370
tabA_predicted,0.2,4,4,TCGTAGGTTACATGGAGTGC,0,3452676
tabA_predicted,0.2,4,4,TCGGTATGTGTTAAGATTCA,0,3457897
tabA_predicted,0.2,4,4,TCGGCCGACTAAGATAATTC,0,3440366
tabA_predicted,0.2,4,4,TCGGACCTGGTGAGAGCCGG,0,3438672
tabA_predicted,0.2,4,4,TCGATTTGACAGTTTTGTAT,0,3465442
tabA_predicted,0.2,4,4,TCGATTCCGGACTCGTGTAG,0,3459752
tabA_predicted,0.2,4,4,TCGAGTGTTCTGCCTCTCGG,0,3452187
tabA_predicted,0.2,4,4,TCGAGGGGTAAAAGAACTAA,0,3445630
tabA_predicted,0.2,4,4,TCGAGGGCTCCGGTGAATGC,0,3431306
tabA_predicted,0.2,4,4,TCGAGCCCTCGATGCTACAT,0,3463076
tabA_predicted,0.2,4,4,TCGAGCATCGGCAAAGCACT,0,3436216
tabA_predicted,0.2,4,4,TCCTTGCCGACTTGCGAATG,0,3441349
tabA_predicted,0.2,4,4,TCCTGTGGGACATACTTGGG,0,3462032
tabA_predicted,0.2,4,4,TCCTCGTGGCGCACGCCTTC,0,3444426
tabA_predicted,0.2,4,4,TCCTCCGAATGAATGCGCTC,0,3456531
tabA_predicted,0.2,4,4,TCCTCATCGTAGCCGAGACC,0,3443821
tabA_predicted,0.2,4,4,TCCGGCTCAGGTGTTAGTAT,0,3463088
tabA_predicted,0.2,4,4,TCCGGCCAGGAGCCAAGGGC,0,3435229
tabA_predicted,0.2,4,4,TCCGCTAACAGGCGTCCTGT,0,3433089
tabA_predicted,0.2,4,4,TCCGCGTAGACGTTATGGTT,0,3438228
tabA_predicted,0.2,4,4,TCCGATCGCCAAATCCTTTA,0,3441234
tabA_predicted,0.2,4,4,TCCCTCTTTTGTGCGTCCCT,0,3439750
tabA_predicted,0.2,4,4,TCCCGGGCAGTGCAATGCCG,0,3463474
tabA_predicted,0.2,4,4,TCCCGGGAAATAGAATATGA,0,3463974
tabA_predicted,0.2,4,4,TCCCGCGAGATAATAGCGGT,0,3465553
tabA_predicted,0.2,4,4,TCCCCGGCTGCACAGTATCC,0,3463638
tabA_predicted,0.2,4,4,TCCCAGCAGCCGTACGGCTG,0,3455549
tabA_predicted,0.2,4,4,TCCCACGACTTCGCAACCCT,0,3458337
tabA_predicted,0.2,4,4,TCCAGAGGACGGGCCTTGGT,0,3437970
tabA_predicted,0.2,4,4,TCCACAATAGTCGGTAAGGT,0,3445939
tabA_predicted,0.2,4,4,TCATTCTGAAGGCCTCTGGG,0,3463896
tabA_predicted,0.2,4,4,TCATGGAGAGCCCGTCATCG,0,3444431
tabA_predicted,0.2,4,4,TCATCCATGCTTCAATTCCA,0,3438303
tabA_predicted,0.2,4,4,TCATATCGGTCCGTCCATGG,0,3453600
tabA_predicted,0.2,4,4,TCATAGAAAAAGCTGCTCAT,0,3456257
tabA_predicted,0.2,4,4,TCATAATATATAGAGAATGA,0,3434783
tabA_predicted,0.2,4,4,TCAGTAATCGGGGGTGCATT,0,3461678
tabA_predicted,0.2,4,4,TCAGCACTCTTGTAATCTGC,0,3436210
tabA_predicted,0.2,4,4,TCACGGGACGATACTGCATT,0,3443475
tabA_predicted,0.2,4,4,TCAAAGGAATAATGTGCTGG,0,3457900
tabA_predicted,0.2,4,4,TATTTCGACTTTCCAGTACA,0,3463485
tabA_predicted,0.2,4,4,TATTCCAGTAGGCGTCAGTT,0,3441218
tabA_predicted,0.2,4,4,TATTAAGACAATCGTTTTTT,0,3447800
tabA_predicted,0.2,4,4,TATCTGATCCAGTTAGAATC,0,3432753
tabA_predicted,0.2,4,4,TATCCTGACTAGGGTGGATT,0,3456930
tabA_predicted,0.2,4,4,TAGGGTTTCCCGCGCACTCC,0,3459826
tabA_predicted,0.2,4,4,TAGATGACTGTTCCTCAAGA,0,3448843
tabA_predicted,0.2,4,4,TACTGTTATCTCCAGATTTT,0,3452362
tabA_predicted,0.2,4,4,TACTGCCTCTTTGGAACTGC,0,3455368
tabA_predicted,0.2,4,4,TACTGCAGTCATTAGGCTCG,0,3450479
tabA_predicted,0.2,4,4,TACTACAATAACCATCGAAC,0,3446161
tabA_predicted,0.2,4,4,TACCTCACTCTCATAGCCTG,0,3434731
tabA_predicted,0.2,4,4,TACCCGGCCTGGTCAACGAG,0,3449086
tabA_predicted,0.2,4,4,TACCAACATTGTTTTTATTT,0,3465506
tabA_predicted,0.2,4,4,TACATGCCCCAGCGTAAGCA,0,3441345
tabA_predicted,0.2,4,4,TACACCTAAAAGAGCGAGAA,0,3449213
tabA_predicted,0.2,4,4,TACAAGTGAGAACATCCTAT,0,3459911
tabA_predicted,0.2,4,4,TAATTATAATTGTTCAGCAC,0,3431841
tabA_predicted,0.2,4,4,TAATTAGGATAGGGGAAACA,0,3462035
tabA_predicted,0.2,4,4,TAATGACCGCTCAAGATCTC,0,3458234
tabA_predicted,0.2,4,4,TAATCGTCTATAATCGACCA,0,3437293
tabA_predicted,0.2,4,4,TAATAATGTACGTACGCGTC,0,3458286
tabA_predicted,0.2,4,4,TAAGTGAAGCTATTCAAAGT,0,3437807
tabA_predicted,0.2,4,4,TAACCAGGAGGTCCAGGTTG,0,3442395
tabA_predicted,0.2,4,4,TAACATCTCTTACCGGAACG,0,3448951
tabA_predicted,0.2,4,4,TAACATCGAATCGTCCGAGG,0,3442876
tabA_predicted,0.2,4,4,TAACATCATAGAGCCTCGGG,0,3459935
tabA_predicted,0.2,4,4,TAAATAACTTCGAAAGCGAG,0,3434158
tabA_predicted,0.2,4,4,TAAAGTTAGAGTTATGGCAA,0,3441222
tabA_predicted,0.2,4,4,GTTTCAACGAATTGACCAGC,0,3431421
tabA_predicted,0.2,4,4,GTTGGATTTGAATATGACGT,0,3456379
tabA_predicted,0.2,4,4,GTTGCTAGTAGGAATGGCAT,0,3444657
tabA_predicted,0.2,4,4,GTTGCCCGCGCCAAGAGGCT,0,3444389
tabA_predicted,0.2,4,4,GTTCTCGCATTACTTCTAAT,0,3448644
tabA_predicted,0.2,4,4,GTTCGATCTAGGATTCCGGT,0,3450291
tabA_predicted,0.2,4,4,GTTCCAGTCCAAAAGGACTC,0,3439478
tabA_predicted,0.2,4,4,GTTCAGGTTGTCTCGTGCAA,0,3450813
tabA_predicted,0.2,4,4,GTTCAGGTTGGTTTTTACAC,0,3452399
tabA_predicted,0.2,4,4,GTTATCACGCGGGGAGCCGG,0,3446717
tabA_predicted,0.2,4,4,GTTAATGTGGGGGTGCAACG,0,3463747
tabA_predicted,0.2,4,4,GTGTTTCGTAACATAGACAG,0,3456949
tabA_predicted,0.2,4,4,GTGTTAGATCACGCGTCTGG,0,3436414
tabA_predicted,0.2,4,4,GTGTGTTAGGGGGTACCCGA,0,3462462
tabA_predicted,0.2,4,4,GTGTGGCGGCCTCGCTGGTA,0,3449100
tabA_predicted,0.2,4,4,GTGTCAACTCAACATCATAT,0,3431278
tabA_predicted,0.2,4,4,GTGTACTTGTTCTAATGTAT,0,3438949
tabA_predicted,0.2,4,4,GTGTAAGTCGGGTGGAACGC,0,3456251
tabA_predicted,0.2,4,4,GTGGTCGCAACCGACAAGGT,0,3459948
tabA_predicted,0.2,4,4,GTGGGTTGGGCTGATAGAAG,0,3463110
tabA_predicted,0.2,4,4,GTGGCTGCTGAGTAGTCTCA,0,3445772
tabA_predicted,0.2,4,4,GTGGAGGGGGACCGAACTCC,0,3438674
tabA_predicted,0.2,4,4,GTGCTGGAGGGTGCAATCTT,0,3449928
tabA_predicted,0.2,4,4,GTGCCAGTTTTGCAGTTGAC,0,3448694
tabA_predicted,0.2,4,4,GTGCAGCAGTCCGATTTTCG,0,3436941
tabA_predicted,0.2,4,4,GTGCACGGACAGGTATCTTT,0,3450089
tabA_predicted,0.2,4,4,GTGATTGGGCATCAGTTCTC,0,3459558
tabA_predicted,0.2,4,4,GTGATTGGACTCGGTAAGAT,0,3447360
tabA_predicted,0.2,4,4,GTGATGGCCGCGGTTGGTAG,0,3432073
tabA_predicted,0.2,4,4,GTGATCTAAGAATTTGAGAC,0,3464957
tabA_predicted,0.2,4,4,GTGACTGATTGACTGTTACG,0,3438139
tabA_predicted,0.2,4,4,GTCTTACCAGTTACGTTCTA,0,3433379
tabA_predicted,0.2,4,4,GTCTCGCGTTGCGCACCAGA,0,3443997
tabA_predicted,0.2,4,4,GTCTAGTTTCAAGATAGGGT,0,3448005
tabA_predicted,0.2,4,4,GTCGCCCGTAAAGGTATGAG,0,3440721
tabA_predicted,0.2,4,4,GTCGATATCGATGATGTACC,0,3452476
tabA_predicted,0.2,4,4,GTCCGATATTATGGATTTGG,0,3440822
tabA_predicted,0.2,4,4,GTCCGAAATCGGGAGGGCTT,0,3442413
tabA_predicted,0.2,4,4,GTCCCCCAAGGTGGATCTAA,0,3451660
tabA_predicted,0.2,4,4,GTCATAGAATCAGCACGTTC,0,3464095
tabA_predicted,0.2,4,4,GTCAGACCACGTTTATTCAA,0,3458851
tabA_predicted,0.2,4,4,GTCACGTGGGCGTTTCTGAT,0,3443423
tabA_predicted,0.2,4,4,GTCAACCTTGCTGGTACCTT,0,3440772
tabA_predicted,0.2,4,4,GTATCCTCAACGACTCGGGG,0,3452114
tabA_predicted,0.2,4,4,GTATCCAAATATTAGCGGGC,0,3442376
tabA_predicted,0.2,4,4,GTAGTTTGTCATCGAACATG,0,3431878
tabA_predicted,0.2,4,4,GTAGACGGCAATCTGCAGCT,0,3431951
tabA_predicted,0.2,4,4,GTACTCAACTGTGTTCCCGG,0,3438529
tabA_predicted,0.2,4,4,GTACGGTATCACACGCTAAA,0,3436322
tabA_predicted,0.2,4,4,GTACATGAGCGGGAAATGAT,0,3433041
tabA_predicted,0.2,4,4,GTACAGATCAGATCAGTTCT,0,3461407
tabA_predicted,0.2,4,4,GTACAGAAACGCCGATACTT,0,3438202
tabA_predicted,0.2,4,4,GTACACGTTGTGTAAAGGAA,0,3436717
tabA_predicted,0.2,4,4,GTAATGTGTAGGACAATCCT,0,3458255
tabA_predicted,0.2,4,4,GTAATATGATTATTTCTGGC,0,3447188
tabA_predicted,0.2,4,4,GTAAGCGGCATCGTTTCCGA,0,3449219
tabA_predicted,0.2,4,4,GTAAGATACCGAGTCGTAAT,0,3445152
tabA_predicted,0.2,4,4,GTAACGGGGTTGTGGACTTC,0,3437353
tabA_predicted,0.2,4,4,GTAACAGGACGACAGCTGTC,0,3458544
tabA_predicted,0.2,4,4,GTAAATGAAGCCCGAAGCTT,0,3458979
tabA_predicted,0.2,4,4,GTAAACAATCACAATGAGCC,0,3446740
tabA_predicted,0.2,4,4,GGTTTGAGGAGACGCACTCG,0,3454740
tabA_predicted,0.2,4,4,GGTTTCATCCGGCCCCCAAC,0,3442272
tabA_predicted,0.2,4,4,GGTTTAGTCCGATGCGTATA,0,3452490
tabA_predicted,0.2,4,4,GGTTGAGCATAGAAGTCCCT,0,3441856
tabA_predicted,0.2,4,4,GGTTCCTATTTGGGACTACC,0,3439949
tabA_predicted,0.2,4,4,GGTTATGGGATCTCGGCTGC,0,3462453
tabA_predicted,0.2,4,4,GGTGGTAAAAATTATGTCGG,0,3435834
tabA_predicted,0.2,4,4,GGTGGGTTTCCGCACGACTC,0,3456932
tabA_predicted,0.2,4,4,GGTGCGAATCGCTATCTCAT,0,3432838
tabA_predicted,0.2,4,4,GGTGATATACGACATAAGCA,0,3447525
tabA_predicted,0.2,4,4,GGTGACGTAAACCAAGAATC,0,3459394
tabA_predicted,0.2,4,4,GGTCTTCGAAGGAAGTTGGG,0,3449270
tabA_predicted,0.2,4,4,GGTCTATCGCCAGGCAACTC,0,3446059
tabA_predicted,0.2,4,4,GGTCCGCGGGATTCTAGACA,0,3457766
tabA_predicted,0.2,4,4,GGTCCATGGTCCCCCTAAAG,0,3462512
tabA_predicted,0.2,4,4,GGTCATCGTGTCCACCGCTG,0,3450436
tabA_predicted,0.2,4,4,GGTCACAAACCCAATGGAAA,0,3461238
tabA_predicted,0.2,4,4,GGTATACCGCCCGTATCGTC,0,3437331
tabA_predicted,0.2,4,4,GGTATAAACCCGACTCCCCC,0,3450550
tabA_predicted,0.2,4,4,GGTACGGTGCCGAAAGCTGT,0,3433365
tabA_predicted,0.2,4,4,GGTACCACACAAGCCGTATC,0,3454649
tabA_predicted,0.2,4,4,GGTAATACCCATAGCTCTGT,0,3466265
tabA_predicted,0.2,4,4,GGTAACCGACACGTTGTTTA,0,3449982
tabA_predicted,0.2,4,4,GGTAACCCGATTTACTCCCG,0,3450631
tabA_predicted,0.2,4,4,GGGTTTAGTCCCCCAAGGCT,0,3445374
tabA_predicted,0.2,4,4,GGGTTGAAGCGGCGGATTGT,0,3450129
tabA_predicted,0.2,4,4,GGGTTCATTTGCGGTTAAGA,0,3434223
tabA_predicted,0.2,4,4,GGGTTAGGCGTGAAATCGGG,0,3464732
tabA_predicted,0.2,4,4,GGGTCGGAGAGTTAGACGGC,0,3448091
tabA_predicted,0.2,4,4,GGGTCCTGTAACGTTTGATG,0,3453844
tabA_predicted,0.2,4,4,GGGGTGCGAGCGTCACATAA,0,3452559
tabA_predicted,0.2,4,4,GGGGGCGAACTACGTGAATC,0,3450587
tabA_predicted,0.2,4,4,GGGGCATTGAGTTCTAAGCC,0,3433900
tabA_predicted,0.2,4,4,GGGCTCATCCGCGGCGGTAA,0,3457057
tabA_predicted,0.2,4,4,GGGCTATTGTCAGCTGTTCG,0,3447081
tabA_predicted,0.2,4,4,GGGCTATGCAGGGAACGGCG,0,3457122
tabA_predicted,0.2,4,4,GGGCTACGGGCATTCTCCGA,0,3460860
tabA_predicted,0.2,4,4,GGGCCGACTTATAAACGTGG,0,3437129
tabA_predicted,0.2,4,4,GGGACCGATGGGTACACGGT,0,3461546
tabA_predicted,0.2,4,4,GGGACAGTGGAGGTTTTAGG,0,3435237
tabA_predicted,0.2,4,4,GGCTTGCGCCCAAGGTCGCA,0,3453390
tabA_predicted,0.2,4,4,GGCTCTCTGTGGCTGGGTGG,0,3450034
tabA_predicted,0.2,4,4,GGCGGTCCCCATTCGTAGAT,0,3465071
tabA_predicted,0.2,4,4,GGCGCGTTGCCCCTGCGGGA,0,3448153
tabA_predicted,0.2,4,4,GGCGCACAATGATGTATAGT,0,3461713
tabA_predicted,0.2,4,4,GGCGATTAAACGAAGGAATC,0,3461504
tabA_predicted,0.2,4,4,GGCCTTAGAATGTCATTGCT,0,3464242
tabA_predicted,0.2,4,4,GGCCCTATAATAACAGCTGA,0,3442700
tabA_predicted,0.2,4,4,GGCCAGAGTCCGGAGGGGTA,0,3464040
tabA_predicted,0.2,4,4,GGCATTTGGGACTGGATCAT,0,3440914
tabA_predicted,0.2,4,4,GGATGCCTATTCTTTACATT,0,3460854
tabA_predicted,0.2,4,4,GGATCTATGTCAGCTAACGC,0,3432525
tabA_predicted,0.2,4,4,GGATCACGGGCGAGACTAAC,0,3451688
tabA_predicted,0.2,4,4,GGATAACCGTTCTGAAGTCC,0,3456532
tabA_predicted,0.2,4,4,GGAGCAGTAAAAATCAATAT,0,3442835
tabA_predicted,0.2,4,4,GGACGTAAGACACTAACTGT,0,3433408
tabA_predicted,0.2,4,4,GGACCAGGCGAGAGTTCTGA,0,3438006
tabA_predicted,0.2,4,4,GGACATAAGTCTATATCAAC,0,3435894
tabA_predicted,0.2,4,4,GGACACGTTTGGTACTCCGC,0,3447772
tabA_predicted,0.2,4,4,GGAAGCACCTCACTCACAAG,0,3459346
tabA_predicted,0.2,4,4,GGAACGTTTCGCCATCTGAA,0,3447922
tabA_predicted,0.2,4,4,GGAACAGTATCGCTGTTGTC,0,3464137
tabA_predicted,0.2,4,4,GCTTTGATTTTCCGCTTCGG,0,3438110
tabA_predicted,0.2,4,4,GCTTTCTCGTGCTTTAAAGG,0,3446899
tabA_predicted,0.2,4,4,GCTGTCACGGACAATGTATT,0,3452864
tabA_predicted,0.2,4,4,GCTGCGGGGGTGATAGCGCG,0,3453065
tabA_predicted,0.2,4,4,GCTGCATGTAAGTTACAGGA,0,3441476
tabA_predicted,0.2,4,4,GCTCGCTCGGTGGCCCGGGT,0,3441000
tabA_predicted,0.2,4,4,GCTCCGTTGCAAACGAAGAC,0,3441608
tabA_predicted,0.2,4,4,GCTCCAAACTACGGGCTCCC,0,3445625
tabA_predicted,0.2,4,4,GCTAAGATCAAATGATGTAA,0,3433457
tabA_predicted,0.2,4,4,GCGTGCTACGGTCTACCTTT,0,3437675
tabA_predicted,0.2,4,4,GCGTCTTAGGGGTCTGACCA,0,3431463
tabA_predicted,0.2,4,4,GCGGTTCACTGGCTTTTCTA,0,3464408
tabA_predicted,0.2,4,4,GCGGGGTCCACCTCGATAAT,0,3438275
tabA_predicted,0.2,4,4,GCGGGAAGGTAATTCAGGTG,0,3441842
tabA_predicted,0.2,4,4,GCGGCGCGCACGGAGGTCCG,0,3434106
tabA_predicted,0.2,4,4,GCGGACTATTGGCGCGATGA,0,3450527
tabA_predicted,0.2,4,4,GCGCCGCAAACACAGGCTCA,0,3439185
tabA_predicted,0.2,4,4,GCGCATCAACGGTGGTGGCT,0,3445615
tabA_predicted,0.2,4,4,GCGAATTTGCACAGCTTTAA,0,3463639
tabA_predicted,0.2,4,4,GCGAACGCATTACTGGTTTA,0,3432813
tabA_predicted,0.2,4,4,GCCTGTTATAGGTTAGTCCT,0,3436141
tabA_predicted,0.2,4,4,GCCTCTTCGTATGAGTACGT,0,3458160
tabA_predicted,0.2,4,4,GCCGTTTGGTTTCTTCGAGA,0,3451275
tabA_predicted,0.2,4,4,GCCGTTGAGATGCAATTCGT,0,3451973
tabA_predicted,0.2,4,4,GCCGTACGGCAGGCTCTTGT,0,3457168
tabA_predicted,0.2,4,4,GCCATCGGGACAGAGCCCCA,0,3436652
tabA_predicted,0.2,4,4,GCCAGAAATCAGGCCTAAAT,0,3453499
tabA_predicted,0.2,4,4,GCCAGAAAGGTATGTTTGTT,0,3450340
tabA_predicted,0.2,4,4,GCCACTCCGTAGGCTAAAAG,0,3431366
tabA_predicted,0.2,4,4,GCCAATATTCTTTACGGTTC,0,3438024
tabA_predicted,0.2,4,4,GCATTTACGGGCCATGTAAC,0,3431422
tabA_predicted,0.2,4,4,GCATCTTTTTAATCTGTTGC,0,3461163
tabA_predicted,0.2,4,4,GCATCTACGACCTGGGGCAG,0,3435402
tabA_predicted,0.2,4,4,GCAGCTACAGCTTTTGGGGA,0,3454025
tabA_predicted,0.2,4,4,GCACGATTATTCCCAGCTTT,0,3439694
tabA_predicted,0.2,4,4,GCACCGGAACAGGAGGTGAG,0,3441433
tabA_predicted,0.2,4,4,GCACACAGTCCTACTGCTTC,0,3442817
tabA_predicted,0.2,4,4,GCACAATGAACGAGCGTTAT,0,3435371
tabA_predicted,0.2,4,4,GCAACTTTTACACTAGCGCT,0,3450413
tabA_predicted,0.2,4,4,GATTATGGACAGTAGTTCCG,0,3456331
tabA_predicted,0.2,4,4,GATTAGTTAGTCTTTATCTG,0,3457480
tabA_predicted,0.2,4,4,GATTAACCGCGAATCCCGTC,0,3441312
tabA_predicted,0.2,4,4,GATGCAGCCACAACCCTATT,0,3433478
tabA_predicted,0.2,4,4,GATGATCTTTTTATTATGGT,0,3441830
tabA_predicted,0.2,4,4,GATCGATTGGGCAGCGCAAA,0,3451407
tabA_predicted,0.2,4,4,GATCCGGGCCGCTCGTCAGC,0,3460193
tabA_predicted,0.2,4,4,GATATAGTTGGCTTTGAACT,0,3431764
tabA_predicted,0.2,4,4,GATATAGGCTCGGCAGGGCG,0,3463202
tabA_predicted,0.2,4,4,GATAGTCGTGCCTCAGGGTA,0,3465036
tabA_predicted,0.2,4,4,GAGTTTGCGACATATTATTA,0,3452084
tabA_predicted,0.2,4,4,GAGTGTACCCCCGGAAAGGT,0,3439556
tabA_predicted,0.2,4,4,GAGTGATGAGTGTCCGCATT,0,3439094
tabA_predicted,0.2,4,4,GAGTGAAGAGGATCGTTCGT,0,3455130
tabA_predicted,0.2,4,4,GAGTCAGCTTGGCTGGATGC,0,3464803
tabA_predicted,0.2,4,4,GAGTATCGCTATGCCTCTCA,0,3444172
tabA_predicted,0.2,4,4,GAGGTCATACGTACCCTAAT,0,3453478
tabA_predicted,0.2,4,4,GAGGTAAGGGGGAATGCTTC,0,3456066
tabA_predicted,0.2,4,4,GAGGTAACAAAGGTATAGGG,0,3436518
tabA_predicted,0.2,4,4,GAGGCTGCGGAGGGTCCCTT,0,3457277
tabA_predicted,0.2,4,4,GAGGAATATTCGCAGTCATG,0,3445432
tabA_predicted,0.2,4,4,GAGCGTGGCTTCGAATGCCT,0,3434995
tabA_predicted,0.2,4,4,GAGCGGGATCTGCTAAAAGC,0,3448287
tabA_predicted,0.2,4,4,GAGCGAGTAACAAGACTTAC,0,3435478
tabA_predicted,0.2,4,4,GAGCATTGTGAGAGCTATCG,0,3459242
tabA_predicted,0.2,4,4,GAGCATCAAATACAATGTAT,0,3448009
tabA_predicted,0.2,4,4,GAGCAGGTCCGGGGCTCGCC,0,3444028
tabA_predicted,0.2,4,4,GAGATGCGTGTAGTAATGGG,0,3446680
tabA_predicted,0.2,4,4,GACTGTTTCTGTGTTAGGGT,0,3450093
tabA_predicted,0.2,4,4,GACTCATTGGGTCAAACGAA,0,3457805
tabA_predicted,0.2,4,4,GACTCAGTCCAAATTACTAG,0,3455625
tabA_predicted,0.2,4,4,GACTATGGATTACGCAAAAA,0,3447797
tabA_predicted,0.2,4,4,GACGGAGGGTTGTTTAGAAA,0,3443004
tabA_predicted,0.2,4,4,GACCCTTTGAGCAACACCAC,0,3457642
tabA_predicted,0.2,4,4,GACAAGGTGTCGGCCACAGC,0,3433034
tabA_predicted,0.2,4,4,GAATGAAAAAGTGATTTAGA,0,3439950
tabA_predicted,0.2,4,4,GAATCTTGCCAATGTGTATC,0,3454672
tabA_predicted,0.2,4,4,GAAGTGCCTGCGTTCAGATT,0,3440359
tabA_predicted,0.2,4,4,GAAGGCCAAAATGGTAGTAT,0,3440149
tabA_predicted,0.2,4,4,GAACGCAGGCGCAGTCGTTT,0,3442582
tabA_predicted,0.2,4,4,GAACATAGTAGAAGTGTTTG,0,3453715
tabA_predicted,0.2,4,4,GAACATAGATGCATGAGAGT,0,3454839
tabA_predicted,0.2,4,4,GAAAGTCGCCTAACGGTAAA,0,3448750
tabA_predicted,0.2,4,4,GAAAGCGCCTAAACCCGAAA,0,3458346
tabA_predicted,0.2,4,4,CTTTTCTTTCGACGTCTCAG,0,3451162
tabA_predicted,0.2,4,4,CTTTCAGGGTTTGATATGGT,0,3463671
tabA_predicted,0.2,4,4,CTTGGTATGCCGATCGTGTG,0,3441594
tabA_predicted,0.2,4,4,CTTGGACAGATGTTGGTTAT,0,3436942
tabA_predicted,0.2,4,4,CTTGCTTCAAAATGGCAGAT,0,3437803
tabA_predicted,0.2,4,4,CTTGCGGTACTGGCTATTCC,0,3438896
tabA_predicted,0.2,4,4,CTTGATTGATTGCGTAAGCA,0,3438745
tabA_predicted,0.2,4,4,CTTGAGGGTTCAAAGTGGAC,0,3444734
tabA_predicted,0.2,4,4,CTTGACTGCAGCGGTAGCTA,0,3440162
tabA_predicted,0.2,4,4,CTTCTCGGATGTAAGAGCAT,0,3433627
tabA_predicted,0.2,4,4,CTTCGCCGTTACGCCTTTGT,0,3457944
tabA_predicted,0.2,4,4,CTTCGACAGTAACGAAAGAC,0,3449700
tabA_predicted,0.2,4,4,CTTCGAAAAACGGTTATGAT,0,3451113
tabA_predicted,0.2,4,4,CTTCCTTTGGCGGGTTCATA,0,3446297
tabA_predicted,0.2,4,4,CTTACGGGTTCGGCGCTGGC,0,3463739
tabA_predicted,0.2,4,4,CTTAACCCTGAAGACTGGCT,0,3442873
tabA_predicted,0.2,4,4,CTTAAATTGCGGTGTCAGAA,0,3459780
tabA_predicted,0.2,4,4,CTGTTCACGCGACTAATTGA,0,3431759
tabA_predicted,0.2,4,4,CTGTGTACCTTATAGCCCTT,0,3448405
tabA_predicted,0.2,4,4,CTGTGGTGCATTGTTTGCTC,0,3454710
tabA_predicted,0.2,4,4,CTGTCAGAACACTCTAGGTG,0,3443177
tabA_predicted,0.2,4,4,CTGTCACCGCAACAAGTATG,0,3447839
tabA_predicted,0.2,4,4,CTGTATGGCTTACAGGTATT,0,3444251
tabA_predicted,0.2,4,4,CTGGTTACGTATTGAGGTTT,0,3461310
tabA_predicted,0.2,4,4,CTGGTCAGCCCGTACACACA,0,3453096
tabA_predicted,0.2,4,4,CTGGGCGGACGTGAACCCTT,0,3451242
tabA_predicted,0.2,4,4,CTGGATTGAAGGCTGCAAGC,0,3458278
tabA_predicted,0.2,4,4,CTGGATCTGGCCATGTAAAT,0,3447353
tabA_predicted,0.2,4,4,CTGGAGTTCTACAGCGATAT,0,3446053
tabA_predicted,0.2,4,4,CTGCTTTTACGTGAAACTAG,0,3436355
tabA_predicted,0.2,4,4,CTGCCCGTCCTGTGAATTGA,0,3463000
tabA_predicted,0.2,4,4,CTGCATGAGCCCGAAGAATG,0,3450653
tabA_predicted,0.2,4,4,CTGCAGCAATTCCTCTGAGG,0,3454721
tabA_predicted,0.2,4,4,CTGATGGTCACTGAGTCAGG,0,3454010
tabA_predicted,0.2,4,4,CTGAGGCCGCGCGTCCATAA,0,3434273
tabA_predicted,0.2,4,4,CTGAGCCCCACGCCCGCATA,0,3443385
tabA_predicted,0.2,4,4,CTCTTGTGGGGGGTCCCACC,0,3449574
tabA_predicted,0.2,4,4,CTCTGGAAGAGTACACAGGC,0,3457364
tabA_predicted,0.2,4,4,CTCTGAACGTGACGGATCGA,0,3438443
tabA_predicted,0.2,4,4,CTCTCATGAGAGGCTCAATC,0,3454713
tabA_predicted,0.2,4,4,CTCTCACTACGGACCGCCCA,0,3446058
tabA_predicted,0.2,4,4,CTCTACTAGCTTAGCCAGTC,0,3462309
tabA_predicted,0.2,4,4,CTCCTGCAAATGCGCGCATC,0,3460246
tabA_predicted,0.2,4,4,CTCCGGTCACTGTAAATTCA,0,3450402
tabA_predicted,0.2,4,4,CTCCCTTGCACGGTCTGCGA,0,3450750
tabA_predicted,0.2,4,4,CTCCCACCTCAATGGTACTC,0,3443305
tabA_predicted,0.2,4,4,CTCCCAACGAGAGACAATAG,0,3453795
tabA_predicted,0.2,4,4,CTCCCAAAGCCGCTTTAGCG,0,3452623
tabA_predicted,0.2,4,4,CTCAATCTGTTTGAGCACGA,0,3457428
tabA_predicted,0.2,4,4,CTCAAGGCAAAATGCGATAG,0,3443990
tabA_predicted,0.2,4,4,CTCAAATGAAGTTCTTATGC,0,3448425
tabA_predicted,0.2,4,4,CTATTGCGCATGCACACGCA,0,3456982
tabA_predicted,0.2,4,4,CTATTATTCGTTAGCGCATG,0,3451010
tabA_predicted,0.2,4,4,CTATCGTGCCGCGTCTGAGT,0,3448666
tabA_predicted,0.2,4,4,CTATCAAGCGGCGCTCTGTT,0,3442053
tabA_predicted,0.2,4,4,CTATATCATCCCACAACTAT,0,3441189
tabA_predicted,0.2,4,4,CTATAGTTTTCCAACTAAAC,0,3459201
tabA_predicted,0.2,4,4,CTAGTACCGTTCACAAGAGC,0,3435089
tabA_predicted,0.2,4,4,CTAGCTGCTTATCGTTCAAT,0,3444965
tabA_predicted,0.2,4,4,CTAGCAAGCCGCCCGCTGGA,0,3445450
tabA_predicted,0.2,4,4,CTAGAATTGACCGCTCCCCA,0,3464900
tabA_predicted,0.2,4,4,CTACCCCGAGCCGCGCATGT,0,3441993
tabA_predicted,0.2,4,4,CTAATGTACTCGTCGGGCGT,0,3440143
tabA_predicted,0.2,4,4,CTAACTCGACGACTGGTTTG,0,3448888
tabA_predicted,0.2,4,4,CTAAACGATTTACGTGACCG,0,3448038
tabA_predicted,0.2,4,4,CGTTTTGCTTACATGGGGTG,0,3447699
tabA_predicted,0.2,4,4,CGTTGACCGCGTCTCGGACA,0,3458850
tabA_predicted,0.2,4,4,CGTTATCCAGGCGTCACCCA,0,3436472
tabA_predicted,0.2,4,4,CGTTAAGAGATCAACCGCAT,0,3449410
tabA_predicted,0.2,4,4,CGTGGGCGATGCGTCACGCA,0,3441879
tabA_predicted,0.2,4,4,CGTGGGATGGGATACGCAGC,0,3447123
tabA_predicted,0.2,4,4,CGTGGCGTACACAGTATTGG,0,3432912
tabA_predicted,0.2,4,4,CGTGGCACTGGTACTTTTAA,0,3459137
tabA_predicted,0.2,4,4,CGTGCCGGAATCGTCAATAT,0,3432281
tabA_predicted,0.2,4,4,CGTGCAGGCCGAGGCCTCAT,0,3446790
tabA_predicted,0.2,4,4,CGTGAACTTATAACCCATAT,0,3431667
tabA_predicted,0.2,4,4,CGTCACGCCAGAGCGCAGGT,0,3443862
tabA_predicted,0.2,4,4,CGTATGTACCGGCATGTTCC,0,3432600
tabA_predicted,0.2,4,4,CGTAGATCGGGCGGAAGATT,0,3432196
tabA_predicted,0.2,4,4,CGTACGGACCGACTGGTAAG,0,3453336
tabA_predicted,0.2,4,4,CGTACCTAATCCTCCGGCCA,0,3461813
tabA_predicted,0.2,4,4,CGGTTAAACGGCCCTGTGTT,0,3438003
tabA_predicted,0.2,4,4,CGGTGTTAATATTCGCTGGA,0,3453914
tabA_predicted,0.2,4,4,CGGTGTATGGTTATAGACAT,0,3436042
tabA_predicted,0.2,4,4,CGGTCTCAATGCAGCGACCA,0,3440722
tabA_predicted,0.2,4,4,CGGTATCCCGTCTGTGCATC,0,3464623
tabA_predicted,0.2,4,4,CGGGGCAAAATTGTTTTCGG,0,3453221
tabA_predicted,0.2,4,4,CGGGCCACATGAATCTAGTA,0,3465363
tabA_predicted,0.2,4,4,CGGGCATCCCTCTTAATACA,0,3431420
tabA_predicted,0.2,4,4,CGGGCAGGGGGGAGCTGGCA,0,3449629
tabA_predicted,0.2,4,4,CGGGAGATGGTGAGACATCA,0,3455832
tabA_predicted,0.2,4,4,CGGCTGTGGAAAAGCTTTGA,0,3449887
tabA_predicted,0.2,4,4,CGGCAAGTGTGTAACACACA,0,3462575
tabA_predicted,0.2,4,4,CGGATCACCGTATCAGCGCC,0,3443483
tabA_predicted,0.2,4,4,CGCTTATTTGACAAGGGCAG,0,3466012
tabA_predicted,0.2,4,4,CGCTGTGTGAACGATCCTTT,0,3441288
tabA_predicted,0.2,4,4,CGCTCGCTCGGCTCAGGCCT,0,3431824
tabA_predicted,0.2,4,4,CGCTAACGCTAATGCTACCC,0,3456452
tabA_predicted,0.2,4,4,CGCGTGTAGCCCTCGTTTAA,0,3433422
tabA_predicted,0.2,4,4,CGCGTCTGGGAATACGCGGT,0,3448526
tabA_predicted,0.2,4,4,CGCGTCCAACCTGGCGGAGA,0,3443727
tabA_predicted,0.2,4,4,CGCGCACTTTAAACCGGAGT,0,3455246
tabA_predicted,0.2,4,4,CGCGATTACTCAGCCCTTGC,0,3435280
tabA_predicted,0.2,4,4,CGCCGGTTATATTAAGTAGG,0,3440975
tabA_predicted,0.2,4,4,CGCCGCGTCCCGGGAAACAG,0,3444635
tabA_predicted,0.2,4,4,CGCATGCTCAGCACGCAATA,0,3443491
tabA_predicted,0.2,4,4,CGCACTACTTGGATGCGTGT,0,3445056
tabA_predicted,0.2,4,4,CGATTTCTAATGAGTGGTTA,0,3462455
tabA_predicted,0.2,4,4,CGATTGCTAATTTGTTGCTA,0,3442541
tabA_predicted,0.2,4,4,CGATGGGTCAGGGCCCAGGC,0,3464683
tabA_predicted,0.2,4,4,CGAGTTGTCATACCTATCTT,0,3463822
tabA_predicted,0.2,4,4,CGAGTCATTATTTTCTGGGT,0,3457035
tabA_predicted,0.2,4,4,CGAGAGAGGATGTTCACCCA,0,3453539
tabA_predicted,0.2,4,4,CGAGAATGCAACCTTCTAGC,0,3444835
tabA_predicted,0.2,4,4,CGACGTTCGAAAGTTAGCAC,0,3461950
tabA_predicted,0.2,4,4,CGACCGCAGCGCATTACGCT,0,3443300
tabA_predicted,0.2,4,4,CGAAGTGGGACCAGCCTGTT,0,3440928
tabA_predicted,0.2,4,4,CGAAGTAGAACCTCCGTCCG,0,3441157
tabA_predicted,0.2,4,4,CGAACCTTCATCAATGTGTA,0,3456199
tabA_predicted,0.2,4,4,CCTGGGTGTCTCCATAATTC,0,3453425
tabA_predicted,0.2,4,4,CCTGGAGTCGTTGTGACAAA,0,3458867
tabA_predicted,0.2,4,4,CCTCTTCAGGTGCCCACCGT,0,3446056
tabA_predicted,0.2,4,4,CCTCCGGGAGCTGGTCTCGT,0,3462990
tabA_predicted,0.2,4,4,CCTATGAAGCACATGGCGTG,0,3457595
tabA_predicted,0.2,4,4,CCTATCTTCCTCGCCAACTA,0,3462203
tabA_predicted,0.2,4,4,CCTACACTCTTCTCTTCAAG,0,3444500
tabA_predicted,0.2,4,4,CCGTTACCATGGCCTCGTCG,0,3436633
tabA_predicted,0.2,4,4,CCGTGGCAGTGTAATACAGA,0,3432792
tabA_predicted,0.2,4,4,CCGTCACAATAAGGATAATT,0,3446522
tabA_predicted,0.2,4,4,CCGTATGCGACTCCTGAAGT,0,3448410
tabA_predicted,0.2,4,4,CCGGTTGCTGCTCAAAGCCT,0,3438950
tabA_predicted,0.2,4,4,CCGGTGCCGGGCTAGCGATA,0,3437014
tabA_predicted,0.2,4,4,CCGGCGCAGGTCTAGCTACA,0,3455486
tabA_predicted,0.2,4,4,CCGGCCTATTCAAACGGTAT,0,3438465
tabA_predicted,0.2,4,4,CCGGCAGGGTCTATCGCGAG,0,3457433
tabA_predicted,0.2,4,4,CCGGCAGGGCTTCCTTCGCT,0,3441019
tabA_predicted,0.2,4,4,CCGCTAAGATCCCACTTAGC,0,3462053
tabA_predicted,0.2,4,4,CCGCCTCTTGTGTCATTATA,0,3452212
tabA_predicted,0.2,4,4,CCGCCCATGGCGTGTCGGTG,0,3466172
tabA_predicted,0.2,4,4,CCGATTTCTGACCCTCATAA,0,3445232
tabA_predicted,0.2,4,4,CCGAGGGAATCATTTGAATC,0,3458842
tabA_predicted,0.2,4,4,CCGAAGGGCAAATGCCGTAG,0,3447339
tabA_predicted,0.2,4,4,CCGAACCCTGTCCCTAATTT,0,3449369
tabA_predicted,0.2,4,4,CCGAAAGTGCTGTAACAGGT,0,3438899
tabA_predicted,0.2,4,4,CCCTTCGAATTATAACGGTG,0,3451295
tabA_predicted,0.2,4,4,CCCTCGACCTTCCAGTATCA,0,3439648
tabA_predicted,0.2,4,4,CCCTCACGGAAGACAAGGTA,0,3432961
tabA_predicted,0.2,4,4,CCCTACGACCTTCTGCGGCA,0,3447282
tabA_predicted,0.2,4,4,CCCGCGGGTAGTGGATGCAA,0,3451133
tabA_predicted,0.2,4,4,CCCGCGGCCAAACCCCATTC,0,3459243
tabA_predicted,0.2,4,4,CCCGCATGTAACGTACTGCA,0,3455203
tabA_predicted,0.2,4,4,CCCCGCCTCTAACAATGGTT,0,3456782
tabA_predicted,0.2,4,4,CCCCCCGTAAATTTATTCCT,0,3455961
tabA_predicted,0.2,4,4,CCCCCATATATATCACTTAC,0,3436807
tabA_predicted,0.2,4,4,CCCAGGCCTGAGCTTAAGAA,0,3433916
tabA_predicted,0.2,4,4,CCCAGACAGTGGATGGCACT,0,3450635
tabA_predicted,0.2,4,4,CCCACGGGTAGGGTATCCTA,0,3432229
tabA_predicted,0.2,4,4,CCATTATTGTCGGAGCTAAG,0,3440420
tabA_predicted,0.2,4,4,CCATGTGAGCATCAAGATGT,0,3431578
tabA_predicted,0.2,4,4,CCAGTAGGTACAGAAGTGTT,0,3452003
tabA_predicted,0.2,4,4,CCAGGGTATTCAGTTAGTGG,0,3434170
tabA_predicted,0.2,4,4,CCAGCTGATGGCCTGTTGCC,0,3436415
tabA_predicted,0.2,4,4,CCAGACGCGGTATAAGAGGA,0,3457385
tabA_predicted,0.2,4,4,CCACGGAGCCTCATAGCGGG,0,3438369
tabA_predicted,0.2,4,4,CCACCTATCTCACGGGGGCG,0,3441386
tabA_predicted,0.2,4,4,CCACCGACTCGTGGCCATCG,0,3458668
tabA_predicted,0.2,4,4,CCACCCGGGATTGCCTAGGA,0,3464054
tabA_predicted,0.2,4,4,CCACATTTATTCGTACGCGG,0,3447776
tabA_predicted,0.2,4,4,CCAATTACGCAACGCACTAA,0,3438893
tabA_predicted,0.2,4,4,CCAAGTTGTAAACGGCCGAG,0,3441074
tabA_predicted,0.2,4,4,CCAAGACTTCTCACCTGCCT,0,3455780
tabA_predicted,0.2,4,4,CATTTGGTGTACGATCGGGC,0,3442336
tabA_predicted,0.2,4,4,CATTCGGCCATCTATCAGAG,0,3438982
tabA_predicted,0.2,4,4,CATTAAGATGAGGATTCTTA,0,3464239
tabA_predicted,0.2,4,4,CATGCACCATCCAAAGCTTA,0,3439353
tabA_predicted,0.2,4,4,CATATTTAGCTCCCGTCTGG,0,3450898
tabA_predicted,0.2,4,4,CATAGACGCCAGGGAGACCG,0,3460136
tabA_predicted,0.2,4,4,CATAAATGCCTTGTGCTCCA,0,3461174
tabA_predicted,0.2,4,4,CAGTTGTTTCGTTTGACTTC,0,3447846
tabA_predicted,0.2,4,4,CAGTTGCTTACATAGAAGAC,0,3440289
tabA_predicted,0.2,4,4,CAGTTCAAAACGAAATGCAG,0,3431392
tabA_predicted,0.2,4,4,CAGTAACCTCATGAGAAAGG,0,3439425
tabA_predicted,0.2,4,4,CAGGTTCCACGGGCTGGGTC,0,3453770
tabA_predicted,0.2,4,4,CAGGTGGGCCAGGGAGGGCT,0,3453658
tabA_predicted,0.2,4,4,CAGGGGGGTCGTCTTATCGG,0,3437609
tabA_predicted,0.2,4,4,CAGGGGATGCGAAAAGAGAA,0,3448932
tabA_predicted,0.2,4,4,CAGGATGTAATCACTCTCGT,0,3436676
tabA_predicted,0.2,4,4,CAGGAGGCACCTGCGCTCCC,0,3439928
tabA_predicted,0.2,4,4,CAGGAGACGGGTACGAAGAC,0,3435333
tabA_predicted,0.2,4,4,CAGCCCTAGAGTGCGAGATA,0,3439538
tabA_predicted,0.2,4,4,CAGAGAGTGTTCGTTGGCTT,0,3460493
tabA_predicted,0.2,4,4,CAGACGCCGGCCGACGTCTC,0,3465470
tabA_predicted,0.2,4,4,CACTTTTTACGATTTACGGT,0,3436908
tabA_predicted,0.2,4,4,CACTCTCGCAGCAACAATGA,0,3453061
tabA_predicted,0.2,4,4,CACTCGTGTAATAGCCAGTT,0,3463171
tabA_predicted,0.2,4,4,CACTCAGGGCGGAAGCACGC,0,3442721
tabA_predicted,0.2,4,4,CACGGTTCTCAGGACCTTAA,0,3448344
tabA_predicted,0.2,4,4,CACGGGTTAGTGTAAACCCG,0,3448340
tabA_predicted,0.2,4,4,CACGGCCGAGTTTCAGAAGT,0,3444329
tabA_predicted,0.2,4,4,CACGGATCCTCCACCAACCA,0,3439552
tabA_predicted,0.2,4,4,CACGCACTCGCACCACCGGC,0,3460169
tabA_predicted,0.2,4,4,CACGCAAGCCCGAATCGCCA,0,3456051
tabA_predicted,0.2,4,4,CACGATGGTGTACAAGGAAA,0,3438669
tabA_predicted,0.2,4,4,CACGACAGAACAGCTGCGTC,0,3443272
tabA_predicted,0.2,4,4,CACGACAATTGGGTCTATCG,0,3437379
tabA_predicted,0.2,4,4,CACCTCTTTCATGTCTGATT,0,3449720
tabA_predicted,0.2,4,4,CACCGAGTGATTTCTGAGAT,0,3450540
tabA_predicted,0.2,4,4,CACCCCGAATCTGCATGTCA,0,3449330
tabA_predicted,0.2,4,4,CACCCACGCCGATCTGATGA,0,3465277
tabA_predicted,0.2,4,4,CACATATCAGTTATCCAATG,0,3445249
tabA_predicted,0.2,4,4,CACAGGTGAATCCCTTGTAT,0,3443443
tabA_predicted,0.2,4,4,CAATGTGTCGTCCATATTTA,0,3437192
tabA_predicted,0.2,4,4,CAATAGTGGCTAGGACCCAT,0,3446150
tabA_predicted,0.2,4,4,CAAGTAGACGAGAGGGTTCA,0,3441555
tabA_predicted,0.2,4,4,CAAGGGCACCTCTGCTCCGG,0,3452562
tabA_predicted,0.2,4,4,CAAGCGGCACACATGTCAGC,0,3465936
tabA_predicted,0.2,4,4,CAACTATACGGAGTGAGCCT,0,3463843
tabA_predicted,0.2,4,4,CAACATGGCAGGTCATTAAA,0,3437123
tabA_predicted,0.2,4,4,CAACACTGAATCTCGTGCAT,0,3451880
tabA_predicted,0.2,4,4,CAAAGACAAGTTACAGATCC,0,3441766
tabA_predicted,0.2,4,4,CAAACTACGCGAGGAGCCGT,0,3431431
tabA_predicted,0.2,4,4,CAAAATGCTACACCACCTGA,0,3446683
tabA_predicted,0.2,4,4,CAAAATAAGCCGTCATCAGT,0,3440083
tabA_predicted,0.2,4,4,ATTTTTGATTCATTCATCCT,0,3435813
tabA_predicted,0.2,4,4,ATTTGTATCTTGCGTCAATA,0,3445439
tabA_predicted,0.2,4,4,ATTTCCGAAGTTGTCATGCA,0,3450400
tabA_predicted,0.2,4,4,ATTGGTAACGACCTCTCCAA,0,3437923
tabA_predicted,0.2,4,4,ATTGGGGAGCCTTGTCAAGA,0,3438064
tabA_predicted,0.2,4,4,ATTGGGCTATATAATTGTTC,0,3435185
tabA_predicted,0.2,4,4,ATTGGCTTTCGGTTGAAAAC,0,3452992
tabA_predicted,0.2,4,4,ATTGCTGGCATCGAATTACG,0,3458053
tabA_predicted,0.2,4,4,ATTCGTCGATAGGTACACCC,0,3432071
tabA_predicted,0.2,4,4,ATTCATATGCAATCTGAGTG,0,3436787
tabA_predicted,0.2,4,4,ATTCAGAAAGGAAGGGTCTG,0,3432129
tabA_predicted,0.2,4,4,ATTATGCTGGCATCGAGATG,0,3465578
tabA_predicted,0.2,4,4,ATTATACCATCGGCTTAAGC,0,3461227
tabA_predicted,0.2,4,4,ATTACTTAATCGACCAGACT,0,3458653
tabA_predicted,0.2,4,4,ATTACCATGGCGGCGTACAT,0,3459218
tabA_predicted,0.2,4,4,ATGTTTCCGAAGTCTCACTT,0,3436453
tabA_predicted,0.2,4,4,ATGTTACAAGCTGAACTCAC,0,3437131
tabA_predicted,0.2,4,4,ATGTGGCTGTGACAAACAGG,0,3454423
tabA_predicted,0.2,4,4,ATGTGCTGCTGACGCATGGG,0,3450911
tabA_predicted,0.2,4,4,ATGTCTACAAGGAACGCCCC,0,3431980
tabA_predicted,0.2,4,4,ATGTCGCTTTCACGGCCGCC,0,3434153
tabA_predicted,0.2,4,4,ATGTCCGACGACGCGAGACG,0,3433363
tabA_predicted,0.2,4,4,ATGTAGTGAACCGCGCGGAA,0,3452729
tabA_predicted,0.2,4,4,ATGTAGAGCCTATCGGGTGA,0,3462297
tabA_predicted,0.2,4,4,ATGGTTGACCAATGGCAAGA,0,3454646
tabA_predicted,0.2,4,4,ATGGTCGCGCAAATGATTCG,0,3463449
tabA_predicted,0.2,4,4,ATGGCGCGGTCCTCAGCACT,0,3431799
tabA_predicted,0.2,4,4,ATGGATAGGCGCTCGTCTAC,0,3444752
tabA_predicted,0.2,4,4,ATGCGGATGTTCAGAGGCGT,0,3445164
tabA_predicted,0.2,4,4,ATGCATCTAGTCCGGTCGAT,0,3441096
tabA_predicted,0.2,4,4,ATGCAGTGTTCCGACCGTCA,0,3434217
tabA_predicted,0.2,4,4,ATGCAAGGAAGCATTACTGC,0,3453494
tabA_predicted,0.2,4,4,ATGATTGATTCCTTCGTTTT,0,3445109
tabA_predicted,0.2,4,4,ATGAGCCTAATAAAATACAG,0,3446952
tabA_predicted,0.2,4,4,ATGAGAAGCAGGTACAATTA,0,3456418
tabA_predicted,0.2,4,4,ATGACTCATAGGTTAAGGAC,0,3462433
tabA_predicted,0.2,4,4,ATGACGACCTACGAAGTTAT,0,3442426
tabA_predicted,0.2,4,4,ATGAAGTACCGGACGATTAC,0,3462995
tabA_predicted,0.2,4,4,ATCTTGTGTTCACTGTCCAA,0,3463984
tabA_predicted,0.2,4,4,ATCTACGGCACTCATTAACG,0,3466269
tabA_predicted,0.2,4,4,ATCGTAATAGTGCGATGCGA,0,3448339
tabA_predicted,0.2,4,4,ATCGCTACGCAGGGAAGGCA,0,3437202
tabA_predicted,0.2,4,4,ATCCTAGTTACAGCGTTGGA,0,3456579
tabA_predicted,0.2,4,4,ATCCGTGTGGGAGATTATCA,0,3464746
tabA_predicted,0.2,4,4,ATCCGTCCCGCCTGGTCTCC,0,3462432
tabA_predicted,0.2,4,4,ATCCAATCGAAAGAGGTAGG,0,3444127
tabA_predicted,0.2,4,4,ATCATTTGGTAGGGCCGATT,0,3462003
tabA_predicted,0.2,4,4,ATCATCGGTTTTTGGAGTCG,0,3459748
tabA_predicted,0.2,4,4,ATCAATCATAGTTGAATGAT,0,3447090
tabA_predicted,0.2,4,4,ATCAAGCCTAAATCTGTGGC,0,3438585
tabA_predicted,0.2,4,4,ATATGTAGCATCTCAGCGTG,0,3451640
tabA_predicted,0.2,4,4,ATATCGGAGCGTTACACAAG,0,3455222
tabA_predicted,0.2,4,4,ATAGTGCCCAAGATGTTAAC,0,3448256
tabA_predicted,0.2,4,4,ATAGTAGGTGGTTGACCACT,0,3446729
tabA_predicted,0.2,4,4,ATAGGGGGGTGGTTCTATTC,0,3448927
tabA_predicted,0.2,4,4,ATAGGAGAAGTCCCATCGCA,0,3464968
tabA_predicted,0.2,4,4,ATAGGACCGCGATCCCTTAC,0,3441373
tabA_predicted,0.2,4,4,ATAGAGATTACAGAGCCTCT,0,3462204
tabA_predicted,0.2,4,4,ATACTTGTTAGTAGGAACAT,0,3448738
tabA_predicted,0.2,4,4,ATACTATTAATACAATACGG,0,3456553
tabA_predicted,0.2,4,4,ATACGTACTCGCCACCAGCC,0,3456926
tabA_predicted,0.2,4,4,ATAATTTGGCCTTCTGGGGT,0,3459222
tabA_predicted,0.2,4,4,ATAATGTTTGAATAGACCAT,0,3438310
tabA_predicted,0.2,4,4,ATAATCTCACACTCGAGCCG,0,3458671
tabA_predicted,0.2,4,4,ATAAGAAGCCCGCAATACCA,0,3465199
tabA_predicted,0.2,4,4,AGTTTTCTGCCCGTCATCCG,0,3439083
tabA_predicted,0.2,4,4,AGTTTACGGGACGTAAAAGT,0,3446377
tabA_predicted,0.2,4,4,AGTTGCACTAGCAACTCTTC,0,3446914
tabA_predicted,0.2,4,4,AGTGTCTGTGCCAGGTCGGC,0,3460264
tabA_predicted,0.2,4,4,AGTGGTTGAGCTGGTCAGTT,0,3455478
tabA_predicted,0.2,4,4,AGTGGTAACTGGCATCGAGT,0,3446449
tabA_predicted,0.2,4,4,AGTGATTACCTTCTACCTCT,0,3437915
tabA_predicted,0.2,4,4,AGTCTGGGTCCCGATATCCG,0,3432884
tabA_predicted,0.2,4,4,AGTCGTGCGGGGAATGTCGC,0,3456835
tabA_predicted,0.2,4,4,AGTCGCCGAGCCCAGGAGCT,0,3450765
tabA_predicted,0.2,4,4,AGTCGAAAATCTTGTCAAGG,0,3454993
tabA_predicted,0.2,4,4,AGTCCAAGAGGATTTGGGGA,0,3456458
tabA_predicted,0.2,4,4,AGTCATCAGAAGAATTTCTC,0,3439698
tabA_predicted,0.2,4,4,AGTATGCGCTCGATAGTTAT,0,3449905
tabA_predicted,0.2,4,4,AGTAGGGTCGCTGCCGGTAC,0,3437372
tabA_predicted,0.2,4,4,AGTAACCAAGTATGGGGGCT,0,3442895
tabA_predicted,0.2,4,4,AGTAAATTACGCGTTGTCCT,0,3462663
tabA_predicted,0.2,4,4,AGGTGTTGACGAAGACACCA,0,3458456
tabA_predicted,0.2,4,4,AGGTGTGTTCGTAGGCATGT,0,3437957
tabA_predicted,0.2,4,4,AGGTGTAAACGAAATTAGCT,0,3440128
tabA_predicted,0.2,4,4,AGGTGGACATCCGGCTCACT,0,3448067
tabA_predicted,0.2,4,4,AGGGTTCCGCTCCATAAAGA,0,3431671
tabA_predicted,0.2,4,4,AGGGGTCATTTCGGTCCTTC,0,3443602
tabA_predicted,0.2,4,4,AGGGGAGGACGACAAACCTC,0,3459116
tabA_predicted,0.2,4,4,AGGGCCCTTCTACAATCACG,0,3446335
tabA_predicted,0.2,4,4,AGGGATTAGTCACTATCAGG,0,3442032
tabA_predicted,0.2,4,4,AGGGAGGGTAAAATCGAGCC,0,3461529
tabA_predicted,0.2,4,4,AGGGACAACCCATCATGCCC,0,3437468
tabA_predicted,0.2,4,4,AGGCTGCGGCATTCCCCTTC,0,3451272
tabA_predicted,0.2,4,4,AGGCGTACCCTAGGGATACG,0,3449287
tabA_predicted,0.2,4,4,AGGCGGTTGTGTCGCAGCGC,0,3445053
tabA_predicted,0.2,4,4,AGGCGATACGGTCGGTAACC,0,3439143
tabA_predicted,0.2,4,4,AGGCCGTCTACGCTCGAGTT,0,3431334
tabA_predicted,0.2,4,4,AGGCAGCTGCAGGCGCCCAA,0,3452633
tabA_predicted,0.2,4,4,AGGATGGTCCGGTGTGCATT,0,3445657
tabA_predicted,0.2,4,4,AGGATGCCTTCGACACGTAT,0,3450594
tabA_predicted,0.2,4,4,AGGAAACTCACAGATGTCCG,0,3456953
tabA_predicted,0.2,4,4,AGCTTGGTGTTAGTTTAATC,0,3461145
tabA_predicted,0.2,4,4,AGCTTATTGGGTTCGGCCGT,0,3445905
tabA_predicted,0.2,4,4,AGCTCCATTATGAATAAGAT,0,3435328
tabA_predicted,0.2,4,4,AGCTAGCAAATAATACCTGC,0,3442179
tabA_predicted,0.2,4,4,AGCGTTTGTAAGTACGCACT,0,3438163
tabA_predicted,0.2,4,4,AGCGTATCGATCTCAAGGCA,0,3434369
tabA_predicted,0.2,4,4,AGCGGTCCCACGATCAGATC,0,3440223
tabA_predicted,0.2,4,4,AGCGGTCACAGACTACATGG,0,3439212
tabA_predicted,0.2,4,4,AGCGGAAGGTGAGATCGGAT,0,3454703
tabA_predicted,0.2,4,4,AGCGGAACCCATATCCAGGG,0,3448258
tabA_predicted,0.2,4,4,AGCGAGCGCGCGACATCTAG,0,3440286
tabA_predicted,0.2,4,4,AGCCGGGAGTAAAACACCGC,0,3432388
tabA_predicted,0.2,4,4,AGCCACCGCGTCGAGCCAGA,0,3452877
tabA_predicted,0.2,4,4,AGCCAATGCCCCAATGCGTA,0,3445420
tabA_predicted,0.2,4,4,AGCATTTAACCTGGGGGGGG,0,3464676
tabA_predicted,0.2,4,4,AGCAATCATTAGATAATTTA,0,3434301
tabA_predicted,0.2,4,4,AGCAAGCGACTGCGCACCCG,0,3443611
tabA_predicted,0.2,4,4,AGCAAGCCGACGGTGGCCTA,0,3462970
tabA_predicted,0.2,4,4,AGATCCCGACACGTAGAATC,0,3464326
tabA_predicted,0.2,4,4,AGATAGGCCTTTATCATAGA,0,3457529
tabA_predicted,0.2,4,4,AGAGTATACAAGCGCTCGCA,0,3438705
tabA_predicted,0.2,4,4,AGAGCATAAGGCTCTGCTGG,0,3450132
tabA_predicted,0.2,4,4,AGACAAGAATAACTAGGTAG,0,3448257
tabA_predicted,0.2,4,4,AGAATTTGGGTTGGAGGCGT,0,3436639
tabA_predicted,0.2,4,4,AGAAGTCCTTTAAACGGCCA,0,3438468
tabA_predicted,0.2,4,4,AGAAGGGGTAAATGTAAATA,0,3466074
tabA_predicted,0.2,4,4,AGAAGGGCGAAGGGAATGCG,0,3435638
tabA_predicted,0.2,4,4,AGAAGGCCGTTACGGTCGCA,0,3448424
tabA_predicted,0.2,4,4,AGAACTGTTAAAGCATACAG,0,3452920
tabA_predicted,0.2,4,4,AGAACGGGCTAAACGTAGCG,0,3459490
tabA_predicted,0.2,4,4,AGAAAGGTCCCCCTAACGTG,0,3446696
tabA_predicted,0.2,4,4,ACTTGTTCTCTACGCCGTCA,0,3446634
tabA_predicted,0.2,4,4,ACTTGTCAAGTTCGGTAGCA,0,3450950
tabA_predicted,0.2,4,4,ACTTGGGCCTACGAAATTGA,0,3445469
tabA_predicted,0.2,4,4,ACTTGATCATACGGGGTGGC,0,3449059
tabA_predicted,0.2,4,4,ACTTGAGCGGAATACGACCA,0,3458924
tabA_predicted,0.2,4,4,ACTTGAATTTACGCTTCATG,0,3432576
tabA_predicted,0.2,4,4,ACTTCGTTCGCGATGCGGGA,0,3434274
tabA_predicted,0.2,4,4,ACTTCATGCGTTCGAAGGCC,0,3436928
tabA_predicted,0.2,4,4,ACTGTTGGCGGGTATAGGCA,0,3443388
tabA_predicted,0.2,4,4,ACTGTGTAAATTACCGTAGT,0,3454510
tabA_predicted,0.2,4,4,ACTGTAGGACAGATATATCA,0,3441764
tabA_predicted,0.2,4,4,ACTGGATTCATGCGTGAGTG,0,3452869
tabA_predicted,0.2,4,4,ACTCTTGCGTTTGTACCATT,0,3463679
tabA_predicted,0.2,4,4,ACTCTTAGGGGCGCTGCTCT,0,3454129
tabA_predicted,0.2,4,4,ACTCTGCCTAAGCGGTCACA,0,3459339
tabA_predicted,0.2,4,4,ACTCTCGGTCTGCATTAATT,0,3435130
tabA_predicted,0.2,4,4,ACTCGCCGGGAAAACGGTAT,0,3459646
tabA_predicted,0.2,4,4,ACTCGAAGTACGCCGTAGGA,0,3455086
tabA_predicted,0.2,4,4,ACTCCGCTGGTGCCCGAATG,0,3449464
tabA_predicted,0.2,4,4,ACTCCGATTTGGAATGTGAT,0,3443387
tabA_predicted,0.2,4,4,ACTCCAGTTAACGACGTCGT,0,3461960
tabA_predicted,0.2,4,4,ACTCACCCACAAAGTAATTA,0,3461924
tabA_predicted,0.2,4,4,ACTATTGTTGTGACATGGGT,0,3460632
tabA_predicted,0.2,4,4,ACTAGGCAGGCGTCAGAGGA,0,3464972
tabA_predicted,0.2,4,4,ACTACTGATAGCCCATAATT,0,3437482
tabA_predicted,0.2,4,4,ACTACAAGGACATGACTGAT,0,3460073
tabA_predicted,0.2,4,4,ACGTTACGCCGAGGGATTCT,0,3450090
tabA_predicted,0.2,4,4,ACGTGGCTCTTGGGTCGGCA,0,3444479
tabA_predicted,0.2,4,4,ACGGTATACACCGTCCATTT,0,3444379
tabA_predicted,0.2,4,4,ACGCTGGGATCGAGGATCAC,0,3462272
tabA_predicted,0.2,4,4,ACGCTCCCAGGTTGCAGAAA,0,3436943
tabA_predicted,0.2,4,4,ACGCTCACTCGTAGGTACAT,0,3433952
tabA_predicted,0.2,4,4,ACGCGTCCCCCGTAAAGGAG,0,3446985
tabA_predicted,0.2,4,4,ACGCCTGTCTGCCAAGCAGA,0,3455701
tabA_predicted,0.2,4,4,ACGCCAGCTGCTTGTGGCCG,0,3433945
tabA_predicted,0.2,4,4,ACGCAAACTTCGGTAGCCTG,0,3433680
tabA_predicted,0.2,4,4,ACGAGTCGTAGGTCTGTGAC,0,3461146
tabA_predicted,0.2,4,4,ACGACGAGGCCCGGCCCGTA,0,3465117
tabA_predicted,0.2,4,4,ACCTAACCCATGGAAGGGAC,0,3460329
tabA_predicted,0.2,4,4,ACCGTGTAACTTCTCTCGGA,0,3445486
tabA_predicted,0.2,4,4,ACCGCGCTTTATGCGGCCTT,0,3446795
tabA_predicted,0.2,4,4,ACCCGAGCTTGACACAAGTG,0,3448594
tabA_predicted,0.2,4,4,ACCCAGTTAGAACGCCAAAG,0,3445992
tabA_predicted,0.2,4,4,ACCCACGCTTAATAATACCT,0,3459377
tabA_predicted,0.2,4,4,ACCAGCCCATACTGGCAATC,0,3447792
tabA_predicted,0.2,4,4,ACCACATGGGTCAGCGTTGG,0,3460902
tabA_predicted,0.2,4,4,ACCAATAAGGTGGCATCATG,0,3448619
tabA_predicted,0.2,4,4,ACATTCTAAAGCGCCCGTGG,0,3431947
tabA_predicted,0.2,4,4,ACATGCTCTACTACTAGGTT,0,3464534
tabA_predicted,0.2,4,4,ACATCAAATTGCATACACGA,0,3436052
tabA_predicted,0.2,4,4,ACATATGTCAGGGGATAGTG,0,3447741
tabA_predicted,0.2,4,4,ACATAGGGTCATTCCATTGC,0,3458907
tabA_predicted,0.2,4,4,ACATAACGCTCCTCTGGTAG,0,3434368
tabA_predicted,0.2,4,4,ACAGTCCGATTTAAGCAGGA,0,3452718
tabA_predicted,0.2,4,4,ACAGTCAACAGCAGTCAAAT,0,3465395
tabA_predicted,0.2,4,4,ACAGGAGGGGTCGCGGGAGA,0,3442572
tabA_predicted,0.2,4,4,ACAGAGACTTGAGGGTATAA,0,3432902
tabA_predicted,0.2,4,4,ACAGAATTGGAGTGTAACTT,0,3461325
tabA_predicted,0.2,4,4,ACACGCAGGAAACTCTGCAA,0,3462058
tabA_predicted,0.2,4,4,ACACGAGCTAGCGCATCTAC,0,3441590
tabA_predicted,0.2,4,4,ACACGACAGCTGAGTCATAT,0,3442790
tabA_predicted,0.2,4,4,ACAATTGAGGCGATGAAAAC,0,3451874
tabA_predicted,0.2,4,4,ACAAGGATTGATTTCCGCGA,0,3463578
tabA_predicted,0.2,4,4,ACAAAGGTTGCAGCCCTCTA,0,3448899
tabA_predicted,0.2,4,4,AATTATTTCAGTGGCTCTAA,0,3455956
tabA_predicted,0.2,4,4,AATGGTGATTGATGAGCAAC,0,3443040
tabA_predicted,0.2,4,4,AATGGGACGGGGGATACACG,0,3446864
tabA_predicted,0.2,4,4,AATGCGGTGCCAGGCACCCT,0,3449158
tabA_predicted,0.2,4,4,AATGCCCGCTTAGGTCTGGT,0,3432595
tabA_predicted,0.2,4,4,AATGAATATGGGCGTCCGGA,0,3449704
tabA_predicted,0.2,4,4,AATCGTGAGTACTGAGAACA,0,3454751
tabA_predicted,0.2,4,4,AATCCCGTGGGAATTGCAGT,0,3445787
tabA_predicted,0.2,4,4,AATATTGTATCCAGAAGATA,0,3456928
tabA_predicted,0.2,4,4,AATATAATACTGCGACGATT,0,3437061
tabA_predicted,0.2,4,4,AATAGAAGGTTTCTCCGTAC,0,3445479
tabA_predicted,0.2,4,4,AATAGAACCGTTACTATATG,0,3453319
tabA_predicted,0.2,4,4,AAGTTCGCACAATCTCGGAC,0,3433993
tabA_predicted,0.2,4,4,AAGTTATGTCATTGCAATTG,0,3437592
tabA_predicted,0.2,4,4,AAGTGCCCGGCGACTCTATT,0,3432744
tabA_predicted,0.2,4,4,AAGTGAGAAACCTCAATTCC,0,3446565
tabA_predicted,0.2,4,4,AAGTACATGCATGGCCGGCT,0,3435375
tabA_predicted,0.2,4,4,AAGGTGAGTACAGTTGTTGG,0,3435279
tabA_predicted,0.2,4,4,AAGGTCAGTCCTTTATACTT,0,3439595
tabA_predicted,0.2,4,4,AAGGTATCAGGCCGTCCAGC,0,3433470
tabA_predicted,0.2,4,4,AAGGGTAGAAACTACCGTTT,0,3456209
tabA_predicted,0.2,4,4,AAGGCTAGGCTCGAAGAATA,0,3461843
tabA_predicted,0.2,4,4,AAGGCGCCGAGTTGCCAGTA,0,3441899
tabA_predicted,0.2,4,4,AAGATGTAGGCATGTGGCTT,0,3463249
tabA_predicted,0.2,4,4,AAGATACGAGAGTGCCTCAT,0,3434482
tabA_predicted,0.2,4,4,AACTTTCGTTTTTAACTCGC,0,3445354
tabA_predicted,0.2,4,4,AACTTATACCATTTTGCCAA,0,3438606
tabA_predicted,0.2,4,4,AACTGCCACATGAGTGAGAT,0,3462881
tabA_predicted,0.2,4,4,AACTGACACACTTCAAATTT,0,3460667
tabA_predicted,0.2,4,4,AACTCCGAGGTGCTTCGAGG,0,3445488
tabA_predicted,0.2,4,4,AACGTTTTAATCTATTCGCT,0,3458276
tabA_predicted,0.2,4,4,AACGCAAAGTAGAGTCCGAT,0,3455812
tabA_predicted,0.2,4,4,AACGACAGTTAAAAAGAGAT,0,3461390
tabA_predicted,0.2,4,4,AACCTAAGTTTGGGCACGCT,0,3459420
tabA_predicted,0.2,4,4,AACCAGGGGCCGTGTATCCA,0,3453957
tabA_predicted,0.2,4,4,AACATGAACCCCGTCCTGGC,0,3459707
tabA_predicted,0.2,4,4,AACATCTCTGGGATCTTGAT,0,3456451
tabA_predicted,0.2,4,4,AACACTTGGGTATTCGCGTC,0,3466235
tabA_predicted,0.2,4,4,AACACAACACCGGGTTAAGT,0,3446984
tabA_predicted,0.2,4,4,AACAATTACACCGTGGGAAT,0,3439008
tabA_predicted,0.2,4,4,AACAAGTTGAGTGTAGCGCA,0,3459800
tabA_predicted,0.2,4,4,AAATTCCTGGCACTAGGCGA,0,3435265
tabA_predicted,0.2,4,4,AAATCGACCCTAACGGCAGA,0,3444369
tabA_predicted,0.2,4,4,AAATAGACCCCGAATATGTT,0,3445029
tabA_predicted,0.2,4,4,AAAGTACAGCCACTCCCTGT,0,3462834
tabA_predicted,0.2,4,4,AAAGCGCGATGATTCTATTG,0,3455692
tabA_predicted,0.2,4,4,AAACTGCCTCACTCTGCGGA,0,3466227
tabA_predicted,0.2,4,4,AAACGGTATGGGATGCGTAC,0,3465700
tabA_predicted,0.2,4,4,AAACCGATAGGTAGAAATGA,0,3455763
tabA_predicted,0.2,4,4,AAACCCCAGGATCCCGTATT,0,3435803
tabA_predicted,0.2,4,4,AAACCAGGGTCAATAATGAT,0,3445443
tabA_predicted,0.2,4,4,AAACATTACGTAAATTGTAG,0,3453538
tabA_predicted,0.2,4,4,AAAATGCTAAGCCAGCAATT,0,3454686
tabA_predicted,0.2,4,4,AAAATGACACGTTTGGTTTC,0,3457308
tabA_predicted,0.2,4,4,AAAAGTAGGTCGGCCTTATA,0,3462242
tabA_predicted,0.2,4,4,AAAAGCTTTGGTTATCCGAG,0,3450269
tabA_predicted,0.2,4,4,AAAAGACATGTCACAATATA,0,3456196
tabA_predicted,0.25,3,3,TTTTTTGGTGGGCAGGCGCG,0,3457175
tabA_predicted,0.25,3,3,TTTTTTGACGAGCATCTCTG,0,3437524
tabA_predicted,0.25,3,3,TTTTTGATCCTGTAGCGAGG,0,3451667
tabA_predicted,0.25,3,3,TTTTTATGGGAACCCGATTA,0,3446759
tabA_predicted,0.25,3,3,TTTTGTTCAACGTCGAAGCG,0,3456707
tabA_predicted,0.25,3,3,TTTTGATTAGGTACGAAAGA,0,3449292
tabA_predicted,0.25,3,3,TTTTCGTAAGAATGAATTAC,0,3432109
tabA_predicted,0.25,3,3,TTTTAACCACGGTCATCTAC,0,3432121
tabA_predicted,0.25,3,3,TTTGTATCTCATCGATTGTC,0,3436018
tabA_predicted,0.25,3,3,TTTGGTCCCCGGGCCGATCA,0,3435104
tabA_predicted,0.25,3,3,TTTGGGTCAGGTGTCTCTGC,0,3434036
tabA_predicted,0.25,3,3,TTTGGGGAGTGAATTTAACT,0,3439594
tabA_predicted,0.25,3,3,TTTGGAGTGGGTCAGGTCGC,0,3438285
tabA_predicted,0.25,3,3,TTTGCTTCCTAGGGTGTAGA,0,3437361
tabA_predicted,0.25,3,3,TTTGCAGTCCGCGGTACGGA,0,3444955
tabA_predicted,0.25,3,3,TTTGAAAGTAAGACTTATAT,0,3432712
tabA_predicted,0.25,3,3,TTTCTGGTTATGTCTGCAGC,0,3453801
tabA_predicted,0.25,3,3,TTTCCGGAGAGGTGAACACA,0,3433273
tabA_predicted,0.25,3,3,TTTCACTAAACCGGTTCAAC,0,3455251
tabA_predicted,0.25,3,3,TTTATCCGCGGGACGACGAT,0,3458251
tabA_predicted,0.25,3,3,TTTACGCCACTACGGGCCGG,0,3440921
tabA_predicted,0.25,3,3,TTTAAGTTGGTCGAGCTTAA,0,3436726
tabA_predicted,0.25,3,3,TTTAAATATTTTACTTGGGT,0,3453375
tabA_predicted,0.25,3,3,TTGTATTTGTGGATAGCGGA,0,3459990
tabA_predicted,0.25,3,3,TTGTACCCTACTCAATTGTA,0,3442397
tabA_predicted,0.25,3,3,TTGGGCCTCTCCAGGTCGGA,0,3437132
tabA_predicted,0.25,3,3,TTGGGATTTACACGGTGATG,0,3459382
tabA_predicted,0.25,3,3,TTGGGACGATTCCGAACCCG,0,3432555
tabA_predicted,0.25,3,3,TTGGCTCCGGTGACCTAAGT,0,3432710
tabA_predicted,0.25,3,3,TTGGCAAGCAACGCTTTAAT,0,3464745
tabA_predicted,0.25,3,3,TTGGATTTCAGAGGCACTAG,0,3451645
tabA_predicted,0.25,3,3,TTGGAAACCAATGGGCTTAA,0,3458857
tabA_predicted,0.25,3,3,TTGCTTCCCGGGACATAGGC,0,3435509
tabA_predicted,0.25,3,3,TTGCTTAGTTAAGATCATGT,0,3439267
tabA_predicted,0.25,3,3,TTGCGTAACGGCTTCTGATC,0,3447911
tabA_predicted,0.25,3,3,TTGCCTCTGGCCAAGTGGGA,0,3433281
tabA_predicted,0.25,3,3,TTGCCGGCTGTGGTACGTGC,0,3433484
tabA_predicted,0.25,3,3,TTGCATGGCCAGCCTGCATG,0,3437978
tabA_predicted,0.25,3,3,TTGATCGAACGGCACAGGAT,0,3457340
tabA_predicted,0.25,3,3,TTGACTACGCAAAACGGTGA,0,3452523
tabA_predicted,0.25,3,3,TTGACCGGTGGCATCAAACC,0,3441331
tabA_predicted,0.25,3,3,TTGACCCTTCTAGTTGAAGA,0,3438610
tabA_predicted,0.25,3,3,TTGAAAGCCTGGTTCGCGGC,0,3463603
tabA_predicted,0.25,3,3,TTCTCTGTACTCCGACCCAT,0,3462751
tabA_predicted,0.25,3,3,TTCTCGCACGCAAGTCTTGG,0,3446031
tabA_predicted,0.25,3,3,TTCTCAACTAACTGTTGGAC,0,3462320
tabA_predicted,0.25,3,3,TTCTAGAGCAATTTGCATTG,0,3454140
tabA_predicted,0.25,3,3,TTCTAAGGTCCGAATAGGGG,0,3445071
tabA_predicted,0.25,3,3,TTCTAAATTTGGGGTTAGAT,0,3458222
tabA_predicted,0.25,3,3,TTCGTATTATCGCTGCGACG,0,3465736
tabA_predicted,0.25,3,3,TTCGCGGGTGAAGTTGACGG,0,3463443
tabA_predicted,0.25,3,3,TTCCTCTAGCTTCAAGCCAA,0,3456515
tabA_predicted,0.25,3,3,TTCCTATCTTTTATGGGTTC,0,3441442
tabA_predicted,0.25,3,3,TTCCCCACACAAGGGCATTG,0,3452014
tabA_predicted,0.25,3,3,TTCATACGGTGCGCTTCTTG,0,3450057
tabA_predicted,0.25,3,3,TTCAAGTTTCATTGAACAAT,0,3465826
tabA_predicted,0.25,3,3,TTCAACTGTAAGGGCGATAG,0,3439497
tabA_predicted,0.25,3,3,TTATGGTCGAAACTATCTCT,0,3435538
tabA_predicted,0.25,3,3,TTATCGGCCAGGGTAAATCC,0,3456497
tabA_predicted,0.25,3,3,TTATCCATATCGCCCTTGTA,0,3463633
tabA_predicted,0.25,3,3,TTATATAAGGGTCCACATTT,0,3453104
tabA_predicted,0.25,3,3,TTATACGGAGCGATTGGCAG,0,3466088
tabA_predicted,0.25,3,3,TTAGTTTATTGTTTCATACA,0,3443014
tabA_predicted,0.25,3,3,TTAGGGCTGGTCGATCTGCC,0,3452427
tabA_predicted,0.25,3,3,TTAGGACATCCCCACATCCG,0,3431230
tabA_predicted,0.25,3,3,TTAGATGTGGGATTAAACCA,0,3450127
tabA_predicted,0.25,3,3,TTACTCCGCTCGACTGTGTG,0,3466002
tabA_predicted,0.25,3,3,TTACCAAAGACAGCACATAG,0,3444462
tabA_predicted,0.25,3,3,TTACAGCTGACGTTCTCAAG,0,3437503
tabA_predicted,0.25,3,3,TTAAGCCTTCGGGAGGCATG,0,3464375
tabA_predicted,0.25,3,3,TTAACGTTCGTATAACCGTG,0,3444978
tabA_predicted,0.25,3,3,TGTTTTTCAGATCTGGCCCT,0,3446154
tabA_predicted,0.25,3,3,TGTTCGTCTCGAAAGGTAAA,0,3445465
tabA_predicted,0.25,3,3,TGTGTCCATACCACGCGGGT,0,3465089
tabA_predicted,0.25,3,3,TGTGGGCACACATGAGGTAG,0,3445494
tabA_predicted,0.25,3,3,TGTGCTTATTGCTCTTTTCG,0,3458657
tabA_predicted,0.25,3,3,TGTGAGGATATAGCGCGATC,0,3460436
tabA_predicted,0.25,3,3,TGTCTTCAAATAAATATCGG,0,3444062
tabA_predicted,0.25,3,3,TGTCTAGGGCGGCTAACCCC,0,3455413
tabA_predicted,0.25,3,3,TGTCGCGGGAAACCAGGTGT,0,3443940
tabA_predicted,0.25,3,3,TGTCATGAACACAAACAAAT,0,3451319
tabA_predicted,0.25,3,3,TGTATGATCAGTCTCTTACT,0,3433201
tabA_predicted,0.25,3,3,TGTATATCATCCAGACGATG,0,3438552
tabA_predicted,0.25,3,3,TGTAGTAGGTTTTACGGTTC,0,3436881
tabA_predicted,0.25,3,3,TGTACCGGTGCCCCGCTTTA,0,3457219
tabA_predicted,0.25,3,3,TGTACCGGATAGTTAAACCC,0,3450398
tabA_predicted,0.25,3,3,TGGTTGTCTCCAGGTCCCGC,0,3450516
tabA_predicted,0.25,3,3,TGGTTATTACTCTTTCGAGA,0,3431661
tabA_predicted,0.25,3,3,TGGTCGGTCTCGTTTCAGGC,0,3439179
tabA_predicted,0.25,3,3,TGGTCGAGGGTGTTTCACTG,0,3444546
tabA_predicted,0.25,3,3,TGGTCAATATATCCTAATGT,0,3450926
tabA_predicted,0.25,3,3,TGGGTTGGGTAAAGTCCGCA,0,3435940
tabA_predicted,0.25,3,3,TGGGTATGCCAGCTATGGCA,0,3457388
tabA_predicted,0.25,3,3,TGGGTAGCTTCATTGGACTA,0,3464499
tabA_predicted,0.25,3,3,TGGGGCGGGGTATTTGTTTT,0,3457495
tabA_predicted,0.25,3,3,TGGGCTAGGTGGACGGATAT,0,3465488
tabA_predicted,0.25,3,3,TGGGCGGCAACGACAATTTC,0,3441973
tabA_predicted,0.25,3,3,TGGGATATCGACAATTGTCC,0,3458466
tabA_predicted,0.25,3,3,TGGCGTTGCGTACTAATGAT,0,3451521
tabA_predicted,0.25,3,3,TGGCGTCTTTGTGCAAGGAC,0,3453013
tabA_predicted,0.25,3,3,TGGCGACCGGGTTTCCAGTA,0,3454642
tabA_predicted,0.25,3,3,TGGCCAGGACAAGTCAGTCT,0,3437394
tabA_predicted,0.25,3,3,TGGATACGGCGTTAAATCAT,0,3454416
tabA_predicted,0.25,3,3,TGGACAGTCGGAATGTTATT,0,3445131
tabA_predicted,0.25,3,3,TGGACAACGTTCTGTGGACC,0,3446732
tabA_predicted,0.25,3,3,TGGAAATCTCCTAATCGGAT,0,3451313
tabA_predicted,0.25,3,3,TGCTTCCACACATTAATTTG,0,3449989
tabA_predicted,0.25,3,3,TGCTGGGACTCCATCCGATT,0,3432397
tabA_predicted,0.25,3,3,TGCTCGATTACGCGCACCCA,0,3461889
tabA_predicted,0.25,3,3,TGCTCCTGGTGAACTTCGCC,0,3431453
tabA_predicted,0.25,3,3,TGCTCCGTGTACATTCGTTG,0,3445500
tabA_predicted,0.25,3,3,TGCTACAAACGTTTCTTCTT,0,3442566
tabA_predicted,0.25,3,3,TGCGCCCCAGTAGCCGCTTA,0,3451254
tabA_predicted,0.25,3,3,TGCGACCATGGATCTGGACT,0,3465612
tabA_predicted,0.25,3,3,TGCCCTCGCATTTACCCCAT,0,3440458
tabA_predicted,0.25,3,3,TGCATCAGGCCTATGCCTCC,0,3462550
tabA_predicted,0.25,3,3,TGCACTGATGGCGAGTCGGC,0,3460718
tabA_predicted,0.25,3,3,TGCAAACTCCTAATCTCATT,0,3441237
tabA_predicted,0.25,3,3,TGATGCAAATCGCCGGATGC,0,3439297
tabA_predicted,0.25,3,3,TGATCCCGAAGAGCCGGTGG,0,3465239
tabA_predicted,0.25,3,3,TGATCATCTGATTATAAGTG,0,3432996
tabA_predicted,0.25,3,3,TGATCAGGTGAACGCAGTGT,0,3447845
tabA_predicted,0.25,3,3,TGAGTGTAGCCAGCCAGTTT,0,3458104
tabA_predicted,0.25,3,3,TGAGTGGACGTTCTGCTTAT,0,3455247
tabA_predicted,0.25,3,3,TGAGGCCTGATGACACTTCT,0,3445024
tabA_predicted,0.25,3,3,TGAGATTTGGGTTCATTCCA,0,3455962
tabA_predicted,0.25,3,3,TGAGACAGCCGGATTCAATA,0,3435973
tabA_predicted,0.25,3,3,TGACTGAATTGCACGCAGCT,0,3465055
tabA_predicted,0.25,3,3,TGACGTTTGTGGTGAGCGAA,0,3455105
tabA_predicted,0.25,3,3,TGACGGAGCTTACCAGCGGG,0,3436140
tabA_predicted,0.25,3,3,TGAAGTACTGGACGGAGATT,0,3452537
tabA_predicted,0.25,3,3,TGAAGGTAGGGGCGCGCTTC,0,3465082
tabA_predicted,0.25,3,3,TGAAGGCGGGGGAAGTTTTT,0,3461233
tabA_predicted,0.25,3,3,TGAAGGATGACATGCAGACG,0,3465385
tabA_predicted,0.25,3,3,TCTTTCGTGTTATTTAAAGG,0,3441821
tabA_predicted,0.25,3,3,TCTTCTACGCTCGTGTCATG,0,3443448
tabA_predicted,0.25,3,3,TCTTCCGAACCTCCTTAGGA,0,3456550
tabA_predicted,0.25,3,3,TCTGTCGCCTACACTTGCAG,0,3436557
tabA_predicted,0.25,3,3,TCTGCTTTCTCGACCAAGAG,0,3440860
tabA_predicted,0.25,3,3,TCTCTAACCTACCATTGGGT,0,3446886
tabA_predicted,0.25,3,3,TCTCGCGGCTCTATTGGTTA,0,3465575
tabA_predicted,0.25,3,3,TCTCGCGCACGGTCAAACCC,0,3445068
tabA_predicted,0.25,3,3,TCTATCTGGCCGGCTATATA,0,3434890
tabA_predicted,0.25,3,3,TCTAGCTGGTTCCCCACTCC,0,3465724
tabA_predicted,0.25,3,3,TCTACAGCAGTTCCAAGTAC,0,3457160
tabA_predicted,0.25,3,3,TCGTGTCACAAGCTTACCGG,0,3437376
tabA_predicted,0.25,3,3,TCGTCCCAAGGGCGCCCAAA,0,3459257
tabA_predicted,0.25,3,3,TCGTCATGTATGGCCGTACA,0,3449251
tabA_predicted,0.25,3,3,TCGTATTTCGGACTTTGGAA,0,3445927
tabA_predicted,0.25,3,3,TCGTAGTATAGCAGTTGTAT,0,3463444
tabA_predicted,0.25,3,3,TCGTAACTATAAACAGTACC,0,3461494
tabA_predicted,0.25,3,3,TCGGGTAGCCGCGACTCTGC,0,3459238
tabA_predicted,0.25,3,3,TCGGAGGGGCAGGCGCGCAC,0,3431948
tabA_predicted,0.25,3,3,TCGCGCGTAGATGTAATCGC,0,3438321
tabA_predicted,0.25,3,3,TCGCGCGGTTAGCACATGCA,0,3446571
tabA_predicted,0.25,3,3,TCGCCCAAGCCGTTCGATTA,0,3435241
tabA_predicted,0.25,3,3,TCGCAGCCGCTTAATGCTCA,0,3460488
tabA_predicted,0.25,3,3,TCGCAGAGGAGACCGACGTT,0,3454072
tabA_predicted,0.25,3,3,TCGATAACTTGAGCGGGCGA,0,3453015
tabA_predicted,0.25,3,3,TCGAGCTACCACGGTCCCGC,0,3442858
tabA_predicted,0.25,3,3,TCGAGCCCGAGCCGCTTTTA,0,3450770
tabA_predicted,0.25,3,3,TCGAGCATAGCTAACAGGAG,0,3465309
tabA_predicted,0.25,3,3,TCGAAACAAGCATTCATATA,0,3432389
tabA_predicted,0.25,3,3,TCCTTGCGCGGCATCGTCAT,0,3447872
tabA_predicted,0.25,3,3,TCCTCCAGAGCGCTGAAGGC,0,3447249
tabA_predicted,0.25,3,3,TCCGTCTGGGTGCAGAGCGT,0,3454303
tabA_predicted,0.25,3,3,TCCGGTAGCCCCTCTTTCAT,0,3456993
tabA_predicted,0.25,3,3,TCCGGACGTTGTATGGAAAT,0,3451065
tabA_predicted,0.25,3,3,TCCGCGTGCCACATGAGAAA,0,3457256
tabA_predicted,0.25,3,3,TCCGAGCCCGACCTTCCGAG,0,3449927
tabA_predicted,0.25,3,3,TCCCTGGGCGGGTGTAAGAT,0,3433259
tabA_predicted,0.25,3,3,TCCCTGGAATAGACCAATGT,0,3456828
tabA_predicted,0.25,3,3,TCCCTCCATGGTATAAGTGA,0,3457665
tabA_predicted,0.25,3,3,TCCCGCTACCCACTCGCCCT,0,3442215
tabA_predicted,0.25,3,3,TCCCAAACCACATACAATAC,0,3435572
tabA_predicted,0.25,3,3,TCCATCGCTCCCAGGGCGAT,0,3451050
tabA_predicted,0.25,3,3,TCCAACCTCCTGGCCTTTTT,0,3447692
tabA_predicted,0.25,3,3,TCATGCCTAATTTATGTCTA,0,3432476
tabA_predicted,0.25,3,3,TCATCCCACGCGGAGTTGCT,0,3439926
tabA_predicted,0.25,3,3,TCAGGGGCTTATGCTCGCCT,0,3455089
tabA_predicted,0.25,3,3,TCAGATGATTGTAGACGACC,0,3445684
tabA_predicted,0.25,3,3,TCAGAGTTTGGGTTTTCAAT,0,3458699
tabA_predicted,0.25,3,3,TCAGAGATACCTATAGCGTT,0,3458962
tabA_predicted,0.25,3,3,TCACTGTCCACAAATTGGAA,0,3455914
tabA_predicted,0.25,3,3,TCACGTTTGTAAGTAGAAGC,0,3437460
tabA_predicted,0.25,3,3,TCACAGATTACCCTGCCATG,0,3436921
tabA_predicted,0.25,3,3,TCAATTGAGTTAGTACTATA,0,3437635
tabA_predicted,0.25,3,3,TCAATTCAAATGGCATTAAT,0,3438419
tabA_predicted,0.25,3,3,TCAACACGAATTCCGTAGCC,0,3455728
tabA_predicted,0.25,3,3,TCAAATGAAATCAGAGGATG,0,3441073
tabA_predicted,0.25,3,3,TCAAAAAGGAAATGTCTCAG,0,3462648
tabA_predicted,0.25,3,3,TATTGCTACAATACCTAACA,0,3456833
tabA_predicted,0.25,3,3,TATTCTGCACCCTGGAGTGG,0,3444287
tabA_predicted,0.25,3,3,TATCTGTGGTACGGGGGTAC,0,3452432
tabA_predicted,0.25,3,3,TATCGGCACTGGTATACCGC,0,3453016
tabA_predicted,0.25,3,3,TATCGCGGAATAGGAACCCC,0,3444963
tabA_predicted,0.25,3,3,TATCCTATCGGCTTAGAAAG,0,3433165
tabA_predicted,0.25,3,3,TATCCCATAGCTGAGCGTGA,0,3433751
tabA_predicted,0.25,3,3,TATCAGGTTGGCATGCATGA,0,3459744
tabA_predicted,0.25,3,3,TATAGGCTAGATCGCTGACA,0,3452722
tabA_predicted,0.25,3,3,TATAGCCCCAGGCTGTAGAG,0,3455215
tabA_predicted,0.25,3,3,TATAGCAAAAGAGTCGCACG,0,3443954
tabA_predicted,0.25,3,3,TATACTCATCTCTACTATTT,0,3439316
tabA_predicted,0.25,3,3,TAGGTCTGGTCGCTAACTCT,0,3444305
tabA_predicted,0.25,3,3,TAGGGCGTATTTATAGCTCC,0,3437147
tabA_predicted,0.25,3,3,TAGGGAAAATGGCGGACGCC,0,3448636
tabA_predicted,0.25,3,3,TAGGAGCGTCATCGTATTTG,0,3436224
tabA_predicted,0.25,3,3,TAGCCGAGTGGAGAAGTGGA,0,3450560
tabA_predicted,0.25,3,3,TAGATTGAGTGGCATGAAGC,0,3444761
tabA_predicted,0.25,3,3,TAGAGCACGCGCGGGGCTTG,0,3459045
tabA_predicted,0.25,3,3,TAGACCTCAATGGCCGTAGA,0,3440423
tabA_predicted,0.25,3,3,TAGAAGGTCATGCTTTCAGC,0,3437602
tabA_predicted,0.25,3,3,TAGAAGGCCTGCTGGCGATT,0,3463168
tabA_predicted,0.25,3,3,TAGAAGAAGTTATCATTACA,0,3438372
tabA_predicted,0.25,3,3,TACTCTCTACGAGCCACATG,0,3446000
tabA_predicted,0.25,3,3,TACTCCTCACGGAAACTTTT,0,3444740
tabA_predicted,0.25,3,3,TACGTAGATAAAGGGTTAAT,0,3461404
tabA_predicted,0.25,3,3,TACGGCTTCTATATGTAGGT,0,3448478
tabA_predicted,0.25,3,3,TACGCACCTTACATGAGCGC,0,3433986
tabA_predicted,0.25,3,3,TACCTCTATTAAATTGATTC,0,3453102
tabA_predicted,0.25,3,3,TACCGTGGGACAAGGTATTC,0,3452470
tabA_predicted,0.25,3,3,TACCGCGTCTGGTGCCACAT,0,3443843
tabA_predicted,0.25,3,3,TACCCTAGCAGGCGCAGTTT,0,3439957
tabA_predicted,0.25,3,3,TACCCTAGAAGAGGGTAGAA,0,3435860
tabA_predicted,0.25,3,3,TACACGATAGACTATGGTGA,0,3463625
tabA_predicted,0.25,3,3,TACACCTCTTACAAGGCCGG,0,3462673
tabA_predicted,0.25,3,3,TACAAGGCGATACTCATGGC,0,3454277
tabA_predicted,0.25,3,3,TACAACGCGGAAAAGGGAGA,0,3453251
tabA_predicted,0.25,3,3,TAATTCTTATCAGTCAATAG,0,3441392
tabA_predicted,0.25,3,3,TAATTCCATACTCGGTGACG,0,3447627
tabA_predicted,0.25,3,3,TAATGTCTGTAAACAAGTGC,0,3454221
tabA_predicted,0.25,3,3,TAATGGGTTCTTGGATCGCA,0,3441018
tabA_predicted,0.25,3,3,TAATCCAGCCACCGACACAT,0,3451453
tabA_predicted,0.25,3,3,TAATATAGATTACGAAAGAG,0,3444382
tabA_predicted,0.25,3,3,TAATAGATTATTGCCCCCTT,0,3458063
tabA_predicted,0.25,3,3,TAAGGGACCATGATATTATT,0,3450879
tabA_predicted,0.25,3,3,TAACAGCAGGTTTTCCCGTG,0,3453345
tabA_predicted,0.25,3,3,TAACACTGGGGTGGAAAAAG,0,3465803
tabA_predicted,0.25,3,3,TAAAGTACAATCTGGTGGGT,0,3458338
tabA_predicted,0.25,3,3,TAAAGGACGACTCAGCGATT,0,3454956
tabA_predicted,0.25,3,3,TAAAGCTGATCTCATGGGAG,0,3451181
tabA_predicted,0.25,3,3,TAAACGGACCTAATTTCGCC,0,3457074
tabA_predicted,0.25,3,3,TAAAAGCCTCCACGTCTTGT,0,3454844
tabA_predicted,0.25,3,3,GTTTCACGTTGGATCGATAA,0,3457700
tabA_predicted,0.25,3,3,GTTGTAAATGGGGGACTAAC,0,3436012
tabA_predicted,0.25,3,3,GTTGGTTCATACTTCTAATA,0,3457613
tabA_predicted,0.25,3,3,GTTGGCGGTGGAAGAATCTC,0,3464519
tabA_predicted,0.25,3,3,GTTGCTTACTCACGGATGTC,0,3448480
tabA_predicted,0.25,3,3,GTTGCGTCCCATTGTCGATT,0,3449648
tabA_predicted,0.25,3,3,GTTGATGGTGGAAATGGCGC,0,3445930
tabA_predicted,0.25,3,3,GTTCTTACGGTGCTATTTGT,0,3432713
tabA_predicted,0.25,3,3,GTTCGCAATTGTTCGGGGTG,0,3442630
tabA_predicted,0.25,3,3,GTTCCGGACGCGGATTTAGG,0,3453270
tabA_predicted,0.25,3,3,GTTATTCAAGTTTTAGTTAA,0,3450670
tabA_predicted,0.25,3,3,GTTAGCTAACATTGCGGCGG,0,3463344
tabA_predicted,0.25,3,3,GTTACTCGTATTCCGACTCA,0,3461239
tabA_predicted,0.25,3,3,GTGGTGTCCGTTACCTTCCC,0,3466258
tabA_predicted,0.25,3,3,GTGGCGACCCACGCGTATCT,0,3438396
tabA_predicted,0.25,3,3,GTGGACTGTCTTGTACGAAC,0,3431369
tabA_predicted,0.25,3,3,GTGCGATGTTCGTATTTTTC,0,3435093
tabA_predicted,0.25,3,3,GTGCCTTGCTGCGCCTAGAT,0,3459624
tabA_predicted,0.25,3,3,GTGCCTGGCTCGCATCTAGA,0,3438744
tabA_predicted,0.25,3,3,GTGCCGCGAATCTAAACGTG,0,3449000
tabA_predicted,0.25,3,3,GTGCCCTGACCAGCAGGGCT,0,3439448
tabA_predicted,0.25,3,3,GTGCATGAGAGAAGTGCATA,0,3463933
tabA_predicted,0.25,3,3,GTGCAAAAAATATTGATTGC,0,3439645
tabA_predicted,0.25,3,3,GTGAGCGTTATCTACACTAT,0,3449912
tabA_predicted,0.25,3,3,GTGACAGGTCTTGTAGAGTG,0,3443113
tabA_predicted,0.25,3,3,GTGAATATATCCGGAGTTAA,0,3439518
tabA_predicted,0.25,3,3,GTGAAGGAATGGGCCATGTA,0,3465030
tabA_predicted,0.25,3,3,GTCTGAGGGAGCAGGATGAA,0,3456316
tabA_predicted,0.25,3,3,GTCTCCGGGAAGCTTTTTTG,0,3451511
tabA_predicted,0.25,3,3,GTCTACCAACCTGATGCATC,0,3442576
tabA_predicted,0.25,3,3,GTCGTGTAGTCCGCGTCAGT,0,3435606
tabA_predicted,0.25,3,3,GTCGGTTCGCGCGCCTTAAG,0,3465869
tabA_predicted,0.25,3,3,GTCGGACAAAGCGTGTATAT,0,3435176
tabA_predicted,0.25,3,3,GTCGATCCCAGTGTCGGGTC,0,3433991
tabA_predicted,0.25,3,3,GTCGAGGGGCAATAGACGTC,0,3456304
tabA_predicted,0.25,3,3,GTCCTTAGGCAGGTGCGACC,0,3437312
tabA_predicted,0.25,3,3,GTCCATAAGCTCGTGGCGAT,0,3451391
tabA_predicted,0.25,3,3,GTCCACTTGATGCATAGGAT,0,3454270
tabA_predicted,0.25,3,3,GTCAGACCTGCTATTCGCCG,0,3435749
tabA_predicted,0.25,3,3,GTCACTGGCTGAGATACCCA,0,3443176
tabA_predicted,0.25,3,3,GTCACCTAACGTATATTCGT,0,3452479
tabA_predicted,0.25,3,3,GTATGTAGTAGCATTTCCCG,0,3447189
tabA_predicted,0.25,3,3,GTATCGATCTACCGGCGAGG,0,3456781
tabA_predicted,0.25,3,3,GTAGCTTTTTCATGGCGTGC,0,3445727
tabA_predicted,0.25,3,3,GTAGAAGTCATTATCCAAAC,0,3434936
tabA_predicted,0.25,3,3,GTACTGGGTGTTACGATAGT,0,3437452
tabA_predicted,0.25,3,3,GTACCGGACCATTGTAAGCA,0,3450039
tabA_predicted,0.25,3,3,GTACCGCTAGGGATTACCTG,0,3434117
tabA_predicted,0.25,3,3,GTACATCTACAGTGGAATGG,0,3434560
tabA_predicted,0.25,3,3,GTACAAGATCAATCGATGCA,0,3436048
tabA_predicted,0.25,3,3,GTAACTAGGCCGTTAAGGTT,0,3435871
tabA_predicted,0.25,3,3,GTAACGTTCTAACAGGGATG,0,3447127
tabA_predicted,0.25,3,3,GTAACATGGTTTCATTTTTT,0,3432177
tabA_predicted,0.25,3,3,GTAACATCGGAATCCTACGA,0,3455635
tabA_predicted,0.25,3,3,GGTTTGGAGCCGCCCCCCTC,0,3436754
tabA_predicted,0.25,3,3,GGTTGTCAATTACTAGGCCA,0,3462754
tabA_predicted,0.25,3,3,GGTTGGCGACCTATCCAAAA,0,3452471
tabA_predicted,0.25,3,3,GGTTGCGCGTGAGGGAGTGT,0,3441983
tabA_predicted,0.25,3,3,GGTTACTACGAGGTGCTTTG,0,3443543
tabA_predicted,0.25,3,3,GGTGCCGTTAGGCCCCAAAG,0,3456613
tabA_predicted,0.25,3,3,GGTGATAATATGGCTATGGA,0,3445994
tabA_predicted,0.25,3,3,GGTGAAGGATACGACGAGCT,0,3462752
tabA_predicted,0.25,3,3,GGTCGGATACCGTTCTGCGC,0,3442863
tabA_predicted,0.25,3,3,GGTCCCTTGCTCCAATTTGG,0,3441661
tabA_predicted,0.25,3,3,GGTCCACCTAATCTGGGTCA,0,3449616
tabA_predicted,0.25,3,3,GGTATGCCCGCTACCTTCCA,0,3436834
tabA_predicted,0.25,3,3,GGTAGGTACGGCCGGACCTT,0,3446715
tabA_predicted,0.25,3,3,GGTAGGAGATAGTTCGCCCA,0,3445198
tabA_predicted,0.25,3,3,GGGTCTCATCCGAATCTTGT,0,3462399
tabA_predicted,0.25,3,3,GGGTCATATACCGAGGGGCT,0,3440730
tabA_predicted,0.25,3,3,GGGTATGTCTAGGTACTACA,0,3448650
tabA_predicted,0.25,3,3,GGGTATATAGGGAGTATTGA,0,3436981
tabA_predicted,0.25,3,3,GGGTAGGCGATGGGAGAAGC,0,3445390
tabA_predicted,0.25,3,3,GGGTACTTGAACTCCCCCAT,0,3438518
tabA_predicted,0.25,3,3,GGGTACTTCTGTCGGGCACC,0,3454556
tabA_predicted,0.25,3,3,GGGGTGGGTTAAGGAAGATT,0,3440053
tabA_predicted,0.25,3,3,GGGGTCTGTTCAGACAATCG,0,3459523
tabA_predicted,0.25,3,3,GGGGGCTTCGAGTGGCCTGC,0,3446654
tabA_predicted,0.25,3,3,GGGGCGCACATAGATAAAGG,0,3463891
tabA_predicted,0.25,3,3,GGGGATATTACACGTCTTAT,0,3462139
tabA_predicted,0.25,3,3,GGGGACTCGAACGTGACTCC,0,3457621
tabA_predicted,0.25,3,3,GGGGACCGGAATATGCCACG,0,3435963
tabA_predicted,0.25,3,3,GGGCTAACGCCTCGTCGAGT,0,3435790
tabA_predicted,0.25,3,3,GGGCGTGCGCCTCGTTGGGT,0,3449835
tabA_predicted,0.25,3,3,GGGCGATCGTACACTGAGCC,0,3437563
tabA_predicted,0.25,3,3,GGGCATGAACCGCGTATTTC,0,3442329
tabA_predicted,0.25,3,3,GGGCAGAGGCAGGCTCGCGT,0,3460912
tabA_predicted,0.25,3,3,GGGATGCTTTCCGCGAAAGA,0,3443620
tabA_predicted,0.25,3,3,GGGATAGCCTCGGTGTAGCA,0,3448099
tabA_predicted,0.25,3,3,GGGAGTTCCCACCGTAGAGG,0,3451565
tabA_predicted,0.25,3,3,GGGACGAGGCACTTCACATG,0,3431942
tabA_predicted,0.25,3,3,GGGACATGAGCAAAAGGCTA,0,3457271
tabA_predicted,0.25,3,3,GGGAATAACTCGGAAGTTCT,0,3443663
tabA_predicted,0.25,3,3,GGGAACAGGGACATGTGCGC,0,3445666
tabA_predicted,0.25,3,3,GGGAACAATTCAATGGCGGT,0,3450382
tabA_predicted,0.25,3,3,GGCTTCCACGGAGTGTCCAA,0,3456314
tabA_predicted,0.25,3,3,GGCTGAGAGGGGGCAGAAGA,0,3460740
tabA_predicted,0.25,3,3,GGCTCGAGTAAATAATGGGT,0,3453146
tabA_predicted,0.25,3,3,GGCGTGCGCTTCGCAAGAAC,0,3447121
tabA_predicted,0.25,3,3,GGCGTACCAAGACTCTGCCA,0,3434982
tabA_predicted,0.25,3,3,GGCGTACAAGCATCGTGCTC,0,3445932
tabA_predicted,0.25,3,3,GGCGGGAACATTATGCCACG,0,3450605
tabA_predicted,0.25,3,3,GGCGGCCTCCGGAGGTCCGT,0,3454458
tabA_predicted,0.25,3,3,GGCCGCTCAGGTGTCAAGCT,0,3458830
tabA_predicted,0.25,3,3,GGCCGCGAAGGCTGAGATGC,0,3444087
tabA_predicted,0.25,3,3,GGCCCGCAAAACAGCCATCA,0,3446791
tabA_predicted,0.25,3,3,GGCCCGACACGTTGTGGGTG,0,3464213
tabA_predicted,0.25,3,3,GGCCCCCAGGACAACACATC,0,3431966
tabA_predicted,0.25,3,3,GGCACGACCTCCTAAGTATA,0,3451312
tabA_predicted,0.25,3,3,GGCACCTCTCCCGGAGCGTG,0,3437200
tabA_predicted,0.25,3,3,GGCAAATTGCAGCTGTAAAT,0,3464063
tabA_predicted,0.25,3,3,GGATTGTCCGTCCGTACAAG,0,3455380
tabA_predicted,0.25,3,3,GGATCGCTGACATGTTTATA,0,3437824
tabA_predicted,0.25,3,3,GGATCGATCAGGAATGCTCT,0,3450229
tabA_predicted,0.25,3,3,GGATCCCCATACACGTCCGC,0,3437938
tabA_predicted,0.25,3,3,GGAGTTAACATAGCTACAGC,0,3462580
tabA_predicted,0.25,3,3,GGACGGTGTGGATGCGAGTA,0,3458384
tabA_predicted,0.25,3,3,GGACGCGATACTTGTCGAAG,0,3460621
tabA_predicted,0.25,3,3,GGACCTATAGGATCAGGTTG,0,3439765
tabA_predicted,0.25,3,3,GGACCGAGTCGGTTCTTGTT,0,3454378
tabA_predicted,0.25,3,3,GGACAAACACGAGTCTTGAG,0,3453168
tabA_predicted,0.25,3,3,GGAATTATACGGATTTCGGG,0,3442340
tabA_predicted,0.25,3,3,GGAATATGCCTCCTCACTTT,0,3447077
tabA_predicted,0.25,3,3,GGAATAGTTAGATGTCGTAG,0,3439825
tabA_predicted,0.25,3,3,GGAAGTGTTCCTCAGCGGAC,0,3442070
tabA_predicted,0.25,3,3,GGAAGTGGCCTTTTGCCCGC,0,3439140
tabA_predicted,0.25,3,3,GGAACTACGAGTACGCGCTC,0,3437968
tabA_predicted,0.25,3,3,GGAACAGGCCATTGTAGGCG,0,3437919
tabA_predicted,0.25,3,3,GCTTTCGAGGTGGTGCATAT,0,3432396
tabA_predicted,0.25,3,3,GCTTGAACCCCAGCATCGGG,0,3441196
tabA_predicted,0.25,3,3,GCTTATTGGCGAAAACTACC,0,3451268
tabA_predicted,0.25,3,3,GCTGTCTATGTATAACTAGC,0,3457902
tabA_predicted,0.25,3,3,GCTGTCGGGAGCTGGAGTGG,0,3439124
tabA_predicted,0.25,3,3,GCTGGTCAAGCCGGCAGGAT,0,3431687
tabA_predicted,0.25,3,3,GCTGGGGAGCGTTGGTACCC,0,3435970
tabA_predicted,0.25,3,3,GCTGCAAAACGTCGGTCACA,0,3461255
tabA_predicted,0.25,3,3,GCTGAGCCTAAAATCCGTTG,0,3459315
tabA_predicted,0.25,3,3,GCTCTCATCTAGACGTGTGA,0,3454991
tabA_predicted,0.25,3,3,GCTCGATGCCCGTGTATTCA,0,3462210
tabA_predicted,0.25,3,3,GCTCAGATCACCATTCTTTA,0,3459517
tabA_predicted,0.25,3,3,GCTCAGAATGAAGTGCTTAG,0,3465069
tabA_predicted,0.25,3,3,GCTAGCAGGGGGGTTTTAAA,0,3464588
tabA_predicted,0.25,3,3,GCTAATCCTGGGTACGTCAA,0,3465806
tabA_predicted,0.25,3,3,GCTAATCCCCGGTCACCCGC,0,3440910
tabA_predicted,0.25,3,3,GCGTTTGATAGAAAAGGGCA,0,3440907
tabA_predicted,0.25,3,3,GCGTTTATCTCAGATCCCTC,0,3438599
tabA_predicted,0.25,3,3,GCGTGCCAAGAGTTGAGCAA,0,3449985
tabA_predicted,0.25,3,3,GCGTCAGAACTAAGAATATG,0,3463159
tabA_predicted,0.25,3,3,GCGGGCAAGGGCAGATATCT,0,3439001
tabA_predicted,0.25,3,3,GCGGATGTGTCGCCGCGTTT,0,3463887
tabA_predicted,0.25,3,3,GCGGAGTTGGATTTCCCCAT,0,3448581
tabA_predicted,0.25,3,3,GCGGACATCAGTGCGACACC,0,3432391
tabA_predicted,0.25,3,3,GCGCTCTAACGGCATCTTGA,0,3463962
tabA_predicted,0.25,3,3,GCGCGAATAGTCAAAGTGAA,0,3441490
tabA_predicted,0.25,3,3,GCGAGGCCAACTCATGCGTC,0,3448433
tabA_predicted,0.25,3,3,GCGAATGTAGAAATACTAAT,0,3455058
tabA_predicted,0.25,3,3,GCCTTTATATTCATGCACAT,0,3459366
tabA_predicted,0.25,3,3,GCCTTGCGGTCGCCCGTTCG,0,3451346
tabA_predicted,0.25,3,3,GCCTAAGAGGTGCTAGTCCC,0,3433194
tabA_predicted,0.25,3,3,GCCGTTGAGGGTCATCCGGG,0,3449751
tabA_predicted,0.25,3,3,GCCGCTATATTTACAGCTAA,0,3463095
tabA_predicted,0.25,3,3,GCCCTCCGTCGAATCTCTTG,0,3464811
tabA_predicted,0.25,3,3,GCCATTCCAAATCCGGGGAG,0,3446747
tabA_predicted,0.25,3,3,GCCAGTAATCAGAAGCTTAC,0,3437900
tabA_predicted,0.25,3,3,GCCACGGGGGCCGACTATCT,0,3462603
tabA_predicted,0.25,3,3,GCCAAGGCTAGGCAATAACG,0,3452282
tabA_predicted,0.25,3,3,GCATTTGCATTAATGCGTCT,0,3436562
tabA_predicted,0.25,3,3,GCATGCTCCTGCACCCCATA,0,3433844
tabA_predicted,0.25,3,3,GCATCTACCGCCTGTCTGGC,0,3434763
tabA_predicted,0.25,3,3,GCATATGTAGTTGACGCCCT,0,3436458
tabA_predicted,0.25,3,3,GCATAGAGTGCACAAGGCAT,0,3455789
tabA_predicted,0.25,3,3,GCACTTCCCGACCGTGGGGC,0,3461161
tabA_predicted,0.25,3,3,GCACGGCGCGTAAATTATGC,0,3465777
tabA_predicted,0.25,3,3,GCACGACGGCTGAGGGCAGC,0,3445685
tabA_predicted,0.25,3,3,GCACAGATTGAACCACTTTG,0,3462688
tabA_predicted,0.25,3,3,GCACAAGGTCACTCATTCAG,0,3432284
tabA_predicted,0.25,3,3,GCACAAAAGCACTGGTGGAC,0,3448767
tabA_predicted,0.25,3,3,GCAAGTGCTAAGTTATTGTG,0,3448016
tabA_predicted,0.25,3,3,GCAACGCCTGATTTTGGCGA,0,3442369
tabA_predicted,0.25,3,3,GCAACATGCCCTCCCCGTCT,0,3446389
tabA_predicted,0.25,3,3,GCAACACCGTCGGGAGTGGA,0,3433282
tabA_predicted,0.25,3,3,GCAAAGACGTCAAACATGCA,0,3436441
tabA_predicted,0.25,3,3,GCAAACAAGGAAGATGATAT,0,3442240
tabA_predicted,0.25,3,3,GATTTTGGAGCTCGCTTCTA,0,3457066
tabA_predicted,0.25,3,3,GATTTTACCAAGTGCGAGGA,0,3455899
tabA_predicted,0.25,3,3,GATTTAGACGGCTCTGAGAC,0,3445885
tabA_predicted,0.25,3,3,GATGTTGCGGATGTGCAGAT,0,3457351
tabA_predicted,0.25,3,3,GATGGCGTATGCTGAACCGT,0,3435602
tabA_predicted,0.25,3,3,GATGGCGCGCGTTACCCTAA,0,3454983
tabA_predicted,0.25,3,3,GATGGAGTTCACCGGCACTA,0,3458148
tabA_predicted,0.25,3,3,GATGCTATCTGCTGGGAAGG,0,3458280
tabA_predicted,0.25,3,3,GATGCCCGACGCACTTTTCG,0,3452717
tabA_predicted,0.25,3,3,GATGATCATATTTCGGGTGA,0,3456623
tabA_predicted,0.25,3,3,GATGAAATTTGATCAAACTA,0,3444273
tabA_predicted,0.25,3,3,GATCGGCTGCACTCCAAAGC,0,3457343
tabA_predicted,0.25,3,3,GATCGATCCTGCCCAGCGTA,0,3449512
tabA_predicted,0.25,3,3,GATCCGGGTTGTCGGAGGGG,0,3465145
tabA_predicted,0.25,3,3,GATATATGGGCGACTATATA,0,3437625
tabA_predicted,0.25,3,3,GATAGTGGCCGGAGCCAAGG,0,3454514
tabA_predicted,0.25,3,3,GATAGATAACCAGTTATGAA,0,3454456
tabA_predicted,0.25,3,3,GATACGTTACTTCCTTTGGA,0,3455726
tabA_predicted,0.25,3,3,GATAAAAGCACGGCGATGCG,0,3437612
tabA_predicted,0.25,3,3,GAGTTCATCATGTCTATTCC,0,3462335
tabA_predicted,0.25,3,3,GAGTAGATCCGACTCTAATC,0,3438554
tabA_predicted,0.25,3,3,GAGTACTCGTCGGCTTCTTG,0,3455857
tabA_predicted,0.25,3,3,GAGGGCCTGCTGTTTCGTTT,0,3446299
tabA_predicted,0.25,3,3,GAGGCAGCAGCATGAAGGTT,0,3452179
tabA_predicted,0.25,3,3,GAGCTGTTCGATAGGGACAG,0,3455679
tabA_predicted,0.25,3,3,GAGCGGGTCTGAGCCTTTCC,0,3432312
tabA_predicted,0.25,3,3,GAGACAGCTATCGCCAGCTA,0,3456862
tabA_predicted,0.25,3,3,GAGACACCTCGGGACCCTTT,0,3445755
tabA_predicted,0.25,3,3,GAGAAGGAAAGGGGTGCAGT,0,3438916
tabA_predicted,0.25,3,3,GACTGGGTACTTACCCAGCC,0,3464349
tabA_predicted,0.25,3,3,GACTGAGGATGTCTTCCGTT,0,3433783
tabA_predicted,0.25,3,3,GACGCTAGACAGTCTGTGGA,0,3462402
tabA_predicted,0.25,3,3,GACGAGCTTGCCGTTTGAAG,0,3443580
tabA_predicted,0.25,3,3,GACCGAAAAGGCAAGAAGAT,0,3453710
tabA_predicted,0.25,3,3,GACCCGATGGGTAGTTAAAG,0,3461276
tabA_predicted,0.25,3,3,GACATTTTGGTATCTGTGAA,0,3459661
tabA_predicted,0.25,3,3,GACATGCTCTCCAAGTCACA,0,3463089
tabA_predicted,0.25,3,3,GACAGCGTTTAACTGACTGA,0,3441922
tabA_predicted,0.25,3,3,GACAGACTTCATTGCCTCCT,0,3443481
tabA_predicted,0.25,3,3,GACACTGCTGCGGCCTTCCA,0,3465412
tabA_predicted,0.25,3,3,GAATTGTATAAAGTCCTCTC,0,3449414
tabA_predicted,0.25,3,3,GAATTGGGTCGCGATCATGG,0,3435993
tabA_predicted,0.25,3,3,GAATGGAATTACACTACGTC,0,3433356
tabA_predicted,0.25,3,3,GAATGATGAATTGACGGATC,0,3445713
tabA_predicted,0.25,3,3,GAATAGTACCCCCTGAGGGT,0,3434277
tabA_predicted,0.25,3,3,GAAGGTATTGTCTCGTCTGC,0,3465114
tabA_predicted,0.25,3,3,GAACTACCCTGGGAGGGTCA,0,3444782
tabA_predicted,0.25,3,3,GAACCTCGAGCGACTGCGTA,0,3446275
tabA_predicted,0.25,3,3,GAAAGTGATGGACTACCGAC,0,3459755
tabA_predicted,0.25,3,3,GAAAGCCCGTTCCGAGTGGC,0,3448104
tabA_predicted,0.25,3,3,GAAACAAGGACCGTGACTTC,0,3459009
tabA_predicted,0.25,3,3,GAAAAGTAAGGGAGACGCGC,0,3441339
tabA_predicted,0.25,3,3,CTTTTAACACCAGCGAAGGC,0,3461184
tabA_predicted,0.25,3,3,CTTTGTCGTGTCACCGAAAT,0,3445832
tabA_predicted,0.25,3,3,CTTTGGGATCCAGAAGAAAG,0,3433162
tabA_predicted,0.25,3,3,CTTTCTATGACGTGGCAGAT,0,3431419
tabA_predicted,0.25,3,3,CTTTAGTTATGCATCGGTGG,0,3454482
tabA_predicted,0.25,3,3,CTTTACACCAGAGACCTGGA,0,3438376
tabA_predicted,0.25,3,3,CTTGGGAATCCAGAACGTTA,0,3433600
tabA_predicted,0.25,3,3,CTTGGAGGGTATCGCGTGGT,0,3439743
tabA_predicted,0.25,3,3,CTTGCAGTATTCACAATGGC,0,3457143
tabA_predicted,0.25,3,3,CTTGATCTAGCTTGGCTCGG,0,3431632
tabA_predicted,0.25,3,3,CTTCTGGCTTTCGGCGCTGG,0,3434459
tabA_predicted,0.25,3,3,CTTCGGACTTACCAAGCGGG,0,3432864
tabA_predicted,0.25,3,3,CTTATGATCTATTAGTTAAC,0,3440836
tabA_predicted,0.25,3,3,CTTAATTTATCCCTCTCAGC,0,3436461
tabA_predicted,0.25,3,3,CTGTTGCACTTTGGTGAAAG,0,3451513
tabA_predicted,0.25,3,3,CTGTTATGATCCTAAAGATC,0,3453446
tabA_predicted,0.25,3,3,CTGTGTTGGCGACAAGTGTC,0,3436936
tabA_predicted,0.25,3,3,CTGTCTAGTTCTTTTAGGTA,0,3466220
tabA_predicted,0.25,3,3,CTGTCCATCCGCGGGTGGTG,0,3444253
tabA_predicted,0.25,3,3,CTGCTCCTGCAGTTCCTTCC,0,3442013
tabA_predicted,0.25,3,3,CTGCGTCCATGCGTGCAGAG,0,3432676
tabA_predicted,0.25,3,3,CTGCCTGGCTATAAGGATTT,0,3455057
tabA_predicted,0.25,3,3,CTGCCGGACCACAGGGTCTT,0,3433441
tabA_predicted,0.25,3,3,CTGCCAATGCCCGTTCGTGT,0,3453397
tabA_predicted,0.25,3,3,CTGCAGAATAAAATCGCGAG,0,3454779
tabA_predicted,0.25,3,3,CTGAGACACCCCCTGGCAGT,0,3440358
tabA_predicted,0.25,3,3,CTGACGGATCCGGCAACATA,0,3438434
tabA_predicted,0.25,3,3,CTGAAGCGCTTCAATGCGCA,0,3439082
tabA_predicted,0.25,3,3,CTGAACCTAGAGGACAAAGA,0,3435646
tabA_predicted,0.25,3,3,CTGAAATGTGCGCGCGTGAT,0,3459038
tabA_predicted,0.25,3,3,CTCGTCAAATCTCGGGGACC,0,3465058
tabA_predicted,0.25,3,3,CTCGCGTCTTACTTGCTTTC,0,3457464
tabA_predicted,0.25,3,3,CTCGCCACCATGAAATTGCG,0,3436714
tabA_predicted,0.25,3,3,CTCGAACATAATGATACACC,0,3457826
tabA_predicted,0.25,3,3,CTCCTCAAGGAGGTCTAGGA,0,3446800
tabA_predicted,0.25,3,3,CTCCGGTTAGTTTAATTATG,0,3455824
tabA_predicted,0.25,3,3,CTCCGCTGACTGATCATCTC,0,3435621
tabA_predicted,0.25,3,3,CTCCACCGATTGTGGGTCTT,0,3449128
tabA_predicted,0.25,3,3,CTCATAATCCCGGCTACCAG,0,3465212
tabA_predicted,0.25,3,3,CTCACTTCACTCTGCGTGTA,0,3459708
tabA_predicted,0.25,3,3,CTATTTCGCCAGACTGCACA,0,3462858
tabA_predicted,0.25,3,3,CTATTTCCCGTTTATTAGAA,0,3436299
tabA_predicted,0.25,3,3,CTATGCGGGTACAAAAGTCG,0,3447748
tabA_predicted,0.25,3,3,CTAGTGAGTGTGCGGTAAGT,0,3462843
tabA_predicted,0.25,3,3,CTAGTCCAACGTGGTTCTAA,0,3445816
tabA_predicted,0.25,3,3,CTAGTACTTCGATGAAGTCG,0,3433111
tabA_predicted,0.25,3,3,CTAGGCAGTACGCCTGTTAT,0,3438895
tabA_predicted,0.25,3,3,CTAGCTTTCTAAACGTGGAT,0,3434652
tabA_predicted,0.25,3,3,CTAGCGCTTCAATGAAGGTG,0,3446191
tabA_predicted,0.25,3,3,CTAGAGCTACTCGGTTGGTA,0,3456069
tabA_predicted,0.25,3,3,CTAGACTAATCTAGACGGAA,0,3432699
tabA_predicted,0.25,3,3,CTACTTCGACTGGTCTCTAG,0,3452555
tabA_predicted,0.25,3,3,CTACTCGCTGGATGACAGTA,0,3447580
tabA_predicted,0.25,3,3,CTACGTGTATCGTTGAAGCA,0,3459341
tabA_predicted,0.25,3,3,CTACCTGGACAGGCAGTTGT,0,3460397
tabA_predicted,0.25,3,3,CTACCCTGGTGGACGCTCAC,0,3440048
tabA_predicted,0.25,3,3,CTACATATACACTTGATCTA,0,3449864
tabA_predicted,0.25,3,3,CTACAAAGATCAAGGGCGTT,0,3446421
tabA_predicted,0.25,3,3,CTAATTAAGTCTCTCGAAAG,0,3454460
tabA_predicted,0.25,3,3,CTAATGTTTCTAGGAACGCA,0,3435821
tabA_predicted,0.25,3,3,CGTTTTGCTGTATGTTTCCT,0,3440658
tabA_predicted,0.25,3,3,CGTTTGCGCGAACACACCTA,0,3459940
tabA_predicted,0.25,3,3,CGTTTAAGACGATTGAGACA,0,3465118
tabA_predicted,0.25,3,3,CGTTGGACTCGGTGTATAAT,0,3455669
tabA_predicted,0.25,3,3,CGTGTGTTACAAATCCAGAA,0,3456256
tabA_predicted,0.25,3,3,CGTGCGTTCTCACGGGGAGG,0,3444826
tabA_predicted,0.25,3,3,CGTGACTTTTGCAGCGCCAT,0,3455541
tabA_predicted,0.25,3,3,CGTCGAAGCGGCACTCGAAC,0,3446987
tabA_predicted,0.25,3,3,CGTATCTATCGTTCCTTTTA,0,3452938
tabA_predicted,0.25,3,3,CGTAGATGGTGATAGCTAAG,0,3453120
tabA_predicted,0.25,3,3,CGTACAGGCGCAACATTACT,0,3432606
tabA_predicted,0.25,3,3,CGTAAGATGTAAACGCGGTA,0,3452436
tabA_predicted,0.25,3,3,CGTAAGAAACGGGGATAGGC,0,3451022
tabA_predicted,0.25,3,3,CGGTTTAGGGTTCATCGACA,0,3464854
tabA_predicted,0.25,3,3,CGGTTGTTCGCGAGTTACGT,0,3445403
tabA_predicted,0.25,3,3,CGGTACTCAAAGCTAGGGAC,0,3466384
tabA_predicted,0.25,3,3,CGGTAAGTAGCCGTAGAACG,0,3457729
tabA_predicted,0.25,3,3,CGGGTGGAGCTCGAATATTT,0,3454195
tabA_predicted,0.25,3,3,CGGGGATTGCAGTAGTTGTT,0,3432607
tabA_predicted,0.25,3,3,CGGGGAGTGTGGGGGCAGGA,0,3447279
tabA_predicted,0.25,3,3,CGGGCCCACCCCCGCAAGCA,0,3452175
tabA_predicted,0.25,3,3,CGGGACCGGGTACGTACTCC,0,3439591
tabA_predicted,0.25,3,3,CGGGAAACTGTAATTGGTCG,0,3453757
tabA_predicted,0.25,3,3,CGGCTGGTGTACTTTGATGC,0,3441371
tabA_predicted,0.25,3,3,CGGCGGGTCAATAGATTTCG,0,3445887
tabA_predicted,0.25,3,3,CGGCGGAGATGATCGTTCGG,0,3432924
tabA_predicted,0.25,3,3,CGGCGAATTGCTGTCCCAGA,0,3438867
tabA_predicted,0.25,3,3,CGGCCCGTGGACTCATTGAG,0,3463204
tabA_predicted,0.25,3,3,CGGCATGGTAGGTGTGGTAT,0,3455944
tabA_predicted,0.25,3,3,CGGACCCGCCGGGACAGTAA,0,3438706
tabA_predicted,0.25,3,3,CGGAAAGTAAGCCTTAGATT,0,3450001
tabA_predicted,0.25,3,3,CGCTGCCTGGTTGGACTGTA,0,3452737
tabA_predicted,0.25,3,3,CGCTCAAGCCTTGTTATATC,0,3452495
tabA_predicted,0.25,3,3,CGCGTGAGGGCTGCGCCTTT,0,3461369
tabA_predicted,0.25,3,3,CGCGTCGGCCTCCGAGGTCC,0,3450894
tabA_predicted,0.25,3,3,CGCGTACGTCGAGCATATAC,0,3439152
tabA_predicted,0.25,3,3,CGCGACCTGCACGCGAGGAC,0,3439725
tabA_predicted,0.25,3,3,CGCGAAACAAGACAACGCCT,0,3462094
tabA_predicted,0.25,3,3,CGCCTGACGCCCTCGCAGGC,0,3451788
tabA_predicted,0.25,3,3,CGCCGGTCCAAGACGTATAA,0,3445265
tabA_predicted,0.25,3,3,CGCCCTATCCCGCTACAGGT,0,3449665
tabA_predicted,0.25,3,3,CGCCCGTCATTAAGCTGGGG,0,3442845
tabA_predicted,0.25,3,3,CGCAGTTAGCGGGTGTCATG,0,3447848
tabA_predicted,0.25,3,3,CGCAGCAACATAAAGTTCGG,0,3465834
tabA_predicted,0.25,3,3,CGCACGGTGCGTGCTGGCTC,0,3448172
tabA_predicted,0.25,3,3,CGATTCATTGGTCCAGCCGC,0,3431720
tabA_predicted,0.25,3,3,CGATGCATCACTGCGATCTA,0,3457953
tabA_predicted,0.25,3,3,CGATCCCATAAGGTGCACTA,0,3442877
tabA_predicted,0.25,3,3,CGAGTTACTGCACCTCAGTT,0,3450362
tabA_predicted,0.25,3,3,CGAGGTACCGGTATAAGACC,0,3436434
tabA_predicted,0.25,3,3,CGAGGGGCAACAAGCTTACT,0,3451021
tabA_predicted,0.25,3,3,CGAGCCCAGGACGGCCGGCA,0,3442517
tabA_predicted,0.25,3,3,CGAGCAGGTAACTAGTTTAG,0,3463774
tabA_predicted,0.25,3,3,CGAGAGACAGGTGTTGCCGC,0,3441603
tabA_predicted,0.25,3,3,CGACGGGGGCGGGTGATAGC,0,3465319
tabA_predicted,0.25,3,3,CGACACCCCATTTGACGCAT,0,3465000
tabA_predicted,0.25,3,3,CGAATATATTTATGACTAGC,0,3455879
tabA_predicted,0.25,3,3,CGAACTGTGTGCTTTTTGAA,0,3456847
tabA_predicted,0.25,3,3,CGAAATGACGTACGAATTTT,0,3433123
tabA_predicted,0.25,3,3,CCTTGGATCCTTGAATTATA,0,3462689
tabA_predicted,0.25,3,3,CCTTAGCCTTGGACCGTTAT,0,3439578
tabA_predicted,0.25,3,3,CCTGTGGATAGTCCGTCGGC,0,3443614
tabA_predicted,0.25,3,3,CCTGGTTGTGAAATATTCCA,0,3459727
tabA_predicted,0.25,3,3,CCTGATCTAGCTGGGGTTAA,0,3438026
tabA_predicted,0.25,3,3,CCTGAGAAATCTTACGCCTC,0,3448034
tabA_predicted,0.25,3,3,CCTCTCAGAGTTGGGGGTAG,0,3446366
tabA_predicted,0.25,3,3,CCTCATTGTTGCCTTCCGTA,0,3456135
tabA_predicted,0.25,3,3,CCTATTACAATCGCCCGTAG,0,3455937
tabA_predicted,0.25,3,3,CCTATATTATTCGTTCCTTC,0,3456143
tabA_predicted,0.25,3,3,CCTACCGGCATATAAATCTT,0,3439195
tabA_predicted,0.25,3,3,CCTAAGATAAGAGGGTACTC,0,3449836
tabA_predicted,0.25,3,3,CCTAAATACCGCACCCCAGG,0,3462004
tabA_predicted,0.25,3,3,CCGTTTTAACATATATGCAG,0,3435807
tabA_predicted,0.25,3,3,CCGTTTAGGAGGGGCTCCCT,0,3454677
tabA_predicted,0.25,3,3,CCGTCGATCGACACATTGAC,0,3451923
tabA_predicted,0.25,3,3,CCGTCCCGTATCTCAAGAGG,0,3434926
tabA_predicted,0.25,3,3,CCGGTTTAGTCCAGAAGGCA,0,3432145
tabA_predicted,0.25,3,3,CCGGTTATGAGTTGTCTGAT,0,3443994
tabA_predicted,0.25,3,3,CCGGGGCGTGAGACGACTCT,0,3447312
tabA_predicted,0.25,3,3,CCGGAGTGGTGACTGCCGCG,0,3457420
tabA_predicted,0.25,3,3,CCGGAATAGAAGCGCTCCTT,0,3444721
tabA_predicted,0.25,3,3,CCGCTAATTGGCGTCTTCCT,0,3432407
tabA_predicted,0.25,3,3,CCGCGACTACGCGAATTGCA,0,3457263
tabA_predicted,0.25,3,3,CCGCCGCACCGGACCTATGC,0,3451796
tabA_predicted,0.25,3,3,CCGACCCTGAGATAATCGTT,0,3435097
tabA_predicted,0.25,3,3,CCGAAGTCGAGCGTAACGCC,0,3444051
tabA_predicted,0.25,3,3,CCCTTGCACGTGGCCATCCC,0,3453593
tabA_predicted,0.25,3,3,CCCTCCCTATCGAGCAAGAA,0,3459803
tabA_predicted,0.25,3,3,CCCTAACCATCGAGTGGAAG,0,3463404
tabA_predicted,0.25,3,3,CCCGTTTATTGTGAAGACCC,0,3444258
tabA_predicted,0.25,3,3,CCCGCCGCAGTATCCCGTAA,0,3461880
tabA_predicted,0.25,3,3,CCCGCCAGGATGTGTGAGTG,0,3435829
tabA_predicted,0.25,3,3,CCCGCAAATTACCATAATCT,0,3465164
tabA_predicted,0.25,3,3,CCCGATTTGCCACGTGGCCT,0,3460545
tabA_predicted,0.25,3,3,CCCGATGGGTATGGACGAGC,0,3447310
tabA_predicted,0.25,3,3,CCCCTCCCTGACTTTCTGTT,0,3459452
tabA_predicted,0.25,3,3,CCCCGTAGCCGTAAGCATCA,0,3457569
tabA_predicted,0.25,3,3,CCCCGACGCCGAAAGGTTGA,0,3457177
tabA_predicted,0.25,3,3,CCCCATTGACAGAAGCTCGT,0,3434320
tabA_predicted,0.25,3,3,CCCCAATCTTTGAGTCGTTT,0,3447928
tabA_predicted,0.25,3,3,CCCACCTAACGAGCTCCACC,0,3438579
tabA_predicted,0.25,3,3,CCCACCCATCTTTCTGGTTA,0,3445226
tabA_predicted,0.25,3,3,CCCACATCGTTAGCAAACTG,0,3433545
tabA_predicted,0.25,3,3,CCATGTCTCTTCATCGGGCA,0,3464670
tabA_predicted,0.25,3,3,CCATGTATGCGAAATCTTAG,0,3455023
tabA_predicted,0.25,3,3,CCATGGCATATAGGAATACA,0,3447536
tabA_predicted,0.25,3,3,CCATCAGCATAGTGATACAG,0,3432885
tabA_predicted,0.25,3,3,CCAGAGGTCGGAGACGAGTA,0,3449147
tabA_predicted,0.25,3,3,CCAGACGGTGATGACACGCG,0,3463561
tabA_predicted,0.25,3,3,CCAGACGCATTGATCCTCAA,0,3441130
tabA_predicted,0.25,3,3,CCACTGGGAAACTCCTGGTA,0,3463418
tabA_predicted,0.25,3,3,CCACTGATGTGATAATCCTT,0,3453196
tabA_predicted,0.25,3,3,CCACTATCCGATACGATGGT,0,3434174
tabA_predicted,0.25,3,3,CCACGTTCGAGTGTCAGTCT,0,3447532
tabA_predicted,0.25,3,3,CCACGTGTGGGATGATTCCA,0,3465632
tabA_predicted,0.25,3,3,CCACGCCTTCGGGCAGTAGC,0,3438508
tabA_predicted,0.25,3,3,CCACCCCCTCTAACAATATG,0,3457844
tabA_predicted,0.25,3,3,CCAAGAGACCGTGGTGATGT,0,3455535
tabA_predicted,0.25,3,3,CCAAATGATAAGAATCCGGG,0,3453459
tabA_predicted,0.25,3,3,CCAAACGAACGGTAGCATCA,0,3444406
tabA_predicted,0.25,3,3,CATTGGAGGATTTAGGTGCA,0,3455059
tabA_predicted,0.25,3,3,CATTCCACTTTATCATCACC,0,3441459
tabA_predicted,0.25,3,3,CATTCACCATGAAGATTGAA,0,3448068
tabA_predicted,0.25,3,3,CATTAGTTGGGGGTGTAAAA,0,3434922
tabA_predicted,0.25,3,3,CATTAGGTTTTCCAATTTTT,0,3454185
tabA_predicted,0.25,3,3,CATTAAGCGTGCCACTTAAG,0,3434086
tabA_predicted,0.25,3,3,CATGATCGCACCTAGATAGT,0,3446498
tabA_predicted,0.25,3,3,CATCGCTTAGGCAACTTAGT,0,3433855
tabA_predicted,0.25,3,3,CATCATAAAGGCCAACGTCA,0,3459342
tabA_predicted,0.25,3,3,CATCACATACGCGTATCCCC,0,3446619
tabA_predicted,0.25,3,3,CATCAATGATTAAGCGAAGA,0,3450837
tabA_predicted,0.25,3,3,CATATGGCTCATATGGGAAA,0,3446682
tabA_predicted,0.25,3,3,CATACGAGAGAGTGTGGTTT,0,3458719
tabA_predicted,0.25,3,3,CATACAGTTAAAGATGAATT,0,3447617
tabA_predicted,0.25,3,3,CAGTTCTTTAATCCGCCGTA,0,3450708
tabA_predicted,0.25,3,3,CAGTGCGCGCTCTTGGTACA,0,3461698
tabA_predicted,0.25,3,3,CAGTGCACTTCGCACTATTC,0,3443424
tabA_predicted,0.25,3,3,CAGTCTTGGCATGGGACTCT,0,3446467
tabA_predicted,0.25,3,3,CAGTCTTCGTTGGTAATGAA,0,3465431
tabA_predicted,0.25,3,3,CAGTCCTTCGAAGGTACCAT,0,3463535
tabA_predicted,0.25,3,3,CAGGGTCTCGAAGTAGAAGA,0,3462838
tabA_predicted,0.25,3,3,CAGGGTCCAGGCCAGTAACG,0,3434986
tabA_predicted,0.25,3,3,CAGGCTCTCTAAGAGCCCCC,0,3459309
tabA_predicted,0.25,3,3,CAGGAGTTCAAAAACGCACC,0,3458245
tabA_predicted,0.25,3,3,CAGGAGAGAATCAATCGTAC,0,3442338
tabA_predicted,0.25,3,3,CAGCTGTCCGTCCAGTTTGT,0,3458155
tabA_predicted,0.25,3,3,CAGCGGCCCTCCAATTGACC,0,3441689
tabA_predicted,0.25,3,3,CAGCGAAGAAGGGTAGCTAT,0,3440134
tabA_predicted,0.25,3,3,CAGCGAACTAGCTGGATAAA,0,3454488
tabA_predicted,0.25,3,3,CAGCCGACTGATCGAGGATA,0,3439614
tabA_predicted,0.25,3,3,CAGCATTTCTTGACAATATA,0,3461888
tabA_predicted,0.25,3,3,CAGATGAGCAGGATAATTGG,0,3443486
tabA_predicted,0.25,3,3,CAGAGTTGCCAGACTTTTGC,0,3432022
tabA_predicted,0.25,3,3,CACTCCACAGAATGCCCAGT,0,3443949
tabA_predicted,0.25,3,3,CACTATCGTCCCAAAAAATC,0,3434666
tabA_predicted,0.25,3,3,CACTAAATCGCAACTGGAGA,0,3460121
tabA_predicted,0.25,3,3,CACGTTTGGCAATCGGTCTG,0,3447789
tabA_predicted,0.25,3,3,CACGGGCTCCCGGAATCGCA,0,3462255
tabA_predicted,0.25,3,3,CACGCGATCATTACAAGCGG,0,3436388
tabA_predicted,0.25,3,3,CACGAAATGGGGATTAGCAT,0,3460244
tabA_predicted,0.25,3,3,CACCGGAGAATATACTTTCT,0,3443744
tabA_predicted,0.25,3,3,CACCGACGTCTTGATTGGTT,0,3437145
tabA_predicted,0.25,3,3,CACATGACGTAGGTGAAATC,0,3431458
tabA_predicted,0.25,3,3,CACACACTGTTACTGTAACT,0,3446003
tabA_predicted,0.25,3,3,CAATTAATTTGTATCGCCGA,0,3461832
tabA_predicted,0.25,3,3,CAATGTCGCCCACCGGTCTT,0,3447939
tabA_predicted,0.25,3,3,CAATGGGTTGGAGATCATTC,0,3461119
tabA_predicted,0.25,3,3,CAATGGGGGATGAACAATCG,0,3446417
tabA_predicted,0.25,3,3,CAATGGACCTGAGATATGGC,0,3439266
tabA_predicted,0.25,3,3,CAATCCTTTGGGTACCGCTT,0,3438247
tabA_predicted,0.25,3,3,CAATCCAGGGCTCATTCTAA,0,3440764
tabA_predicted,0.25,3,3,CAAGTATAGGGTCTGTCTTG,0,3451731
tabA_predicted,0.25,3,3,CAAGGGGGGTTAGATGTCCA,0,3460004
tabA_predicted,0.25,3,3,CAAGCTTTACGTTCGAAGCT,0,3435928
tabA_predicted,0.25,3,3,CAAGCGGACTCACGCACGGT,0,3434773
tabA_predicted,0.25,3,3,CAAGCCTCAGCGGCCAACTA,0,3449139
tabA_predicted,0.25,3,3,CAAGAGGCGGCCTCAATTAT,0,3461879
tabA_predicted,0.25,3,3,CAACTATGACCTTGACACAA,0,3454324
tabA_predicted,0.25,3,3,CAACCTGTCGGCGCTTGTGG,0,3466009
tabA_predicted,0.25,3,3,CAAATGTCGGTAAGCGTTCT,0,3435578
tabA_predicted,0.25,3,3,CAAACAGGTTTACACGCGGG,0,3452996
tabA_predicted,0.25,3,3,CAAAATTTTTCAGCAGCTGT,0,3455997
tabA_predicted,0.25,3,3,ATTTTTTCAAACACATCCAT,0,3457192
tabA_predicted,0.25,3,3,ATTTTTCATATGCATTTCGC,0,3433861
tabA_predicted,0.25,3,3,ATTTTGGGCGGATAATATGG,0,3447073
tabA_predicted,0.25,3,3,ATTTTCATGAACATTGGTCT,0,3447430
tabA_predicted,0.25,3,3,ATTTTCAGTCACACTGGGTA,0,3453394
tabA_predicted,0.25,3,3,ATTTGTAACCCAGTCCGCTA,0,3463686
tabA_predicted,0.25,3,3,ATTTGACAGAAAGGGACAGG,0,3455686
tabA_predicted,0.25,3,3,ATTTCTCAGATCTAGAAGTA,0,3452098
tabA_predicted,0.25,3,3,ATTTCCTGGAGTTGTGTACC,0,3438191
tabA_predicted,0.25,3,3,ATTTATTTCGACCTCCGCAG,0,3464769
tabA_predicted,0.25,3,3,ATTTAAGTGGGATAGAATAA,0,3437168
tabA_predicted,0.25,3,3,ATTTAAATCTAGCGCAAAAA,0,3442442
tabA_predicted,0.25,3,3,ATTGCATCAAATGCGTAACT,0,3440449
tabA_predicted,0.25,3,3,ATTGAGCTGGGTAGTACCAC,0,3465073
tabA_predicted,0.25,3,3,ATTCGTCGCCCAGCTGCACA,0,3446814
tabA_predicted,0.25,3,3,ATTCGAACACGAACCAGGTT,0,3432152
tabA_predicted,0.25,3,3,ATTCATTGGGTGAAATCACT,0,3450012
tabA_predicted,0.25,3,3,ATTATTTCGTGCGGTATAAA,0,3432702
tabA_predicted,0.25,3,3,ATTATACTCCTAGCAAAATA,0,3438740
tabA_predicted,0.25,3,3,ATTATACAAACCTTGTTCAG,0,3445845
tabA_predicted,0.25,3,3,ATTAGGCCTTAGGCGAACTG,0,3452711
tabA_predicted,0.25,3,3,ATTACGAGCATCTGGGTCAG,0,3462342
tabA_predicted,0.25,3,3,ATTAAGTTATTTACACCTGA,0,3441313
tabA_predicted,0.25,3,3,ATTAACAGCCCCGGAGGACC,0,3447548
tabA_predicted,0.25,3,3,ATGTTCGGCTCTTAGCATCA,0,3457365
tabA_predicted,0.25,3,3,ATGTGTCTAACATTTTCGGC,0,3454832
tabA_predicted,0.25,3,3,ATGTGCTACCGACTGTAAGA,0,3462717
tabA_predicted,0.25,3,3,ATGGTCTAGTAAGCTGATTC,0,3446706
tabA_predicted,0.25,3,3,ATGGGGCCCAGAACTGGCTT,0,3433027
tabA_predicted,0.25,3,3,ATGGCCTGATGGGCAATGAT,0,3439041
tabA_predicted,0.25,3,3,ATGCGGCTCTGGCACCTAGA,0,3445386
tabA_predicted,0.25,3,3,ATGCGCACGATCTGAAAATT,0,3441576
tabA_predicted,0.25,3,3,ATGCCGGAACCCTGAAGTTA,0,3455835
tabA_predicted,0.25,3,3,ATGCCCCTACCGAGTCAACG,0,3450871
tabA_predicted,0.25,3,3,ATGCACGCCTTAGGACTTAG,0,3463877
tabA_predicted,0.25,3,3,ATGCACCCGTTCGCTGGGGA,0,3459450
tabA_predicted,0.25,3,3,ATGCAATCCCCTCCAAGGTT,0,3448008
tabA_predicted,0.25,3,3,ATGATTACAGCCAATAGGAG,0,3461444
tabA_predicted,0.25,3,3,ATGATACCTAATGCGCGTGT,0,3455729
tabA_predicted,0.25,3,3,ATCTGAACACAGGTTGTCAG,0,3460820
tabA_predicted,0.25,3,3,ATCGTTCAATGAGGTTATTA,0,3453765
tabA_predicted,0.25,3,3,ATCGTGGACTGGGAGCGCTA,0,3450936
tabA_predicted,0.25,3,3,ATCGCTTTACATTGTACTCA,0,3462694
tabA_predicted,0.25,3,3,ATCCTTGCCTATCCTAGTGG,0,3446497
tabA_predicted,0.25,3,3,ATCCTGCAGACCTACGTAAT,0,3447252
tabA_predicted,0.25,3,3,ATCCTGATTGGGAAGACGCA,0,3450874
tabA_predicted,0.25,3,3,ATCCGGTCATAGGTCCTCTT,0,3445398
tabA_predicted,0.25,3,3,ATCCGGGGGGGTCAGTGGGT,0,3459706
tabA_predicted,0.25,3,3,ATCCGAATGACTTATTGTTT,0,3446559
tabA_predicted,0.25,3,3,ATCCCGGCACACAGTTCAGA,0,3461628
tabA_predicted,0.25,3,3,ATCCCGCTCCGCCGACGGGT,0,3463281
tabA_predicted,0.25,3,3,ATCCAGCTCCGCTCAATTAG,0,3442256
tabA_predicted,0.25,3,3,ATCATTACTGTGCCTAGTTC,0,3458185
tabA_predicted,0.25,3,3,ATCAGCTCAAATCTCTTATT,0,3437543
tabA_predicted,0.25,3,3,ATCAGCAGCTCACACCAGTG,0,3458538
tabA_predicted,0.25,3,3,ATCACATGTTATGAAGGACA,0,3440556
tabA_predicted,0.25,3,3,ATATTCGGCGTCGCGGTAGT,0,3466366
tabA_predicted,0.25,3,3,ATACTTCCACTGGGGCATCT,0,3435673
tabA_predicted,0.25,3,3,ATACGGCGAGCGTCAATGCT,0,3463704
tabA_predicted,0.25,3,3,ATACGATGATAGATTCTCTA,0,3461969
tabA_predicted,0.25,3,3,ATACCTGTAGGCGTGAGGTC,0,3455025
tabA_predicted,0.25,3,3,ATAATTGGTCTTTCTTGATT,0,3446181
tabA_predicted,0.25,3,3,ATAATTATTGAGACCTGAAT,0,3452277
tabA_predicted,0.25,3,3,ATAATGAGATATTCTTTTGG,0,3455689
tabA_predicted,0.25,3,3,ATAATCAGTACTCATGGGCT,0,3451638
tabA_predicted,0.25,3,3,ATAAGGTTGACATCTCGGTG,0,3443719
tabA_predicted,0.25,3,3,ATAACGATTAGAGTATCGGG,0,3441416
tabA_predicted,0.25,3,3,ATAACCACGGCCACGTGGTA,0,3431454
tabA_predicted,0.25,3,3,AGTTTCACTAAAGGCTTCGG,0,3442301
tabA_predicted,0.25,3,3,AGTTACGAGGGCTTCCCGTG,0,3432954
tabA_predicted,0.25,3,3,AGTTACATTCACGTTATCCT,0,3451147
tabA_predicted,0.25,3,3,AGTGTGTCTGTCTTGCCAAA,0,3443036
tabA_predicted,0.25,3,3,AGTGGCGAGAGTCCTTCCAG,0,3450543
tabA_predicted,0.25,3,3,AGTGCTTGCGAAGCTAAACG,0,3445908
tabA_predicted,0.25,3,3,AGTGCGGCGGCCCATCATCC,0,3451708
tabA_predicted,0.25,3,3,AGTGCCAACGAAATATCTTA,0,3439524
tabA_predicted,0.25,3,3,AGTGCAACGTATTTGAGATC,0,3454843
tabA_predicted,0.25,3,3,AGTCTCCAGGGGGTACACTC,0,3450107
tabA_predicted,0.25,3,3,AGTATGCCAGGGACTTTCGG,0,3450047
tabA_predicted,0.25,3,3,AGTAGCCCACCGGGGTTAGA,0,3445444
tabA_predicted,0.25,3,3,AGTACAGTAGGGCCAGTTAT,0,3441877
tabA_predicted,0.25,3,3,AGTAATTATGGGGAGTGCCC,0,3446368
tabA_predicted,0.25,3,3,AGGTTGCCTTCAGCGAGGAA,0,3453190
tabA_predicted,0.25,3,3,AGGTTCGAGATATGTCCCCA,0,3464194
tabA_predicted,0.25,3,3,AGGTGTACCAGGACCAGCGA,0,3460823
tabA_predicted,0.25,3,3,AGGTCGGGATTACTTTCGCT,0,3460987
tabA_predicted,0.25,3,3,AGGTCAGTTGTGGGTCCGTT,0,3446834
tabA_predicted,0.25,3,3,AGGTAGTCTAGTAGGGTTCA,0,3444674
tabA_predicted,0.25,3,3,AGGTAACTTATGTTACGTGG,0,3444289
tabA_predicted,0.25,3,3,AGGGTCTACGCACAGACACG,0,3460755
tabA_predicted,0.25,3,3,AGGGTCTACACAAGTGAGTA,0,3432464
tabA_predicted,0.25,3,3,AGGGTCAGGGAACTCCATCG,0,3441326
tabA_predicted,0.25,3,3,AGGGAGCTCTGATGTCCTTG,0,3433184
tabA_predicted,0.25,3,3,AGGGACCACGGTTGCGTCAC,0,3435535
tabA_predicted,0.25,3,3,AGGCGTCTAAATCACCTCCT,0,3457497
tabA_predicted,0.25,3,3,AGGCGGGGTAGGCGCAGACG,0,3459904
tabA_predicted,0.25,3,3,AGGCGCGTACCGGGCCGAGC,0,3454736
tabA_predicted,0.25,3,3,AGGCCATCAGTAGTGCCACC,0,3451893
tabA_predicted,0.25,3,3,AGGCATTCCTGGGCAGACAG,0,3453802
tabA_predicted,0.25,3,3,AGGCATCATAACGGCGCCAC,0,3455949
tabA_predicted,0.25,3,3,AGGCAGTAGGAGTGCCTAAT,0,3451206
tabA_predicted,0.25,3,3,AGGATTCAGCGCGAGAGACC,0,3442824
tabA_predicted,0.25,3,3,AGGATATACGTTCTATTGAT,0,3458171
tabA_predicted,0.25,3,3,AGGAAGCCGTAGGAAGCACT,0,3461565
tabA_predicted,0.25,3,3,AGCTACGCGTCGGAGTGTAT,0,3461735
tabA_predicted,0.25,3,3,AGCGTGATAACTGGGAGATC,0,3455084
tabA_predicted,0.25,3,3,AGCGGCCGTTAAGTAACTGC,0,3464214
tabA_predicted,0.25,3,3,AGCGCAGGGTAATACACATG,0,3458348
tabA_predicted,0.25,3,3,AGCCTTGGTCTCTGCTCATA,0,3440364
tabA_predicted,0.25,3,3,AGCCCTTCCGGTTACTCTGT,0,3446124
tabA_predicted,0.25,3,3,AGCATTTTGGCGGTGTGGCT,0,3431258
tabA_predicted,0.25,3,3,AGCAGAGGGACGAGGGGGAA,0,3454912
tabA_predicted,0.25,3,3,AGCACTGATGGGAGCACCAT,0,3465600
tabA_predicted,0.25,3,3,AGCACTATGTCGTCTCTCTA,0,3440649
tabA_predicted,0.25,3,3,AGCACGGCGGCTCGTGTTGT,0,3456961
tabA_predicted,0.25,3,3,AGCAACATTGTGCTCCATTA,0,3464926
tabA_predicted,0.25,3,3,AGATGGGAACGCAGGAAATG,0,3447203
tabA_predicted,0.25,3,3,AGATCCTAGTGCCGGTCCGT,0,3449207
tabA_predicted,0.25,3,3,AGAGCGTTAGTCATATATTT,0,3432810
tabA_predicted,0.25,3,3,AGACTCTCGATAGAGTGCCT,0,3460594
tabA_predicted,0.25,3,3,AGACTCCTCGGGGTCCGCGA,0,3431894
tabA_predicted,0.25,3,3,AGACCCAGGTGAACACATAT,0,3465703
tabA_predicted,0.25,3,3,AGACCAACCTAAGCACACTC,0,3436430
tabA_predicted,0.25,3,3,AGAAGCATAAACCCTGGCTA,0,3464480
tabA_predicted,0.25,3,3,AGAAGAATGACTCAGGCCCC,0,3433914
tabA_predicted,0.25,3,3,ACTTGTACTTAAATATAGAC,0,3441708
tabA_predicted,0.25,3,3,ACTTGGGTGGGAGACAGCGC,0,3461206
tabA_predicted,0.25,3,3,ACTTACTGGAACTCCCCCTT,0,3458183
tabA_predicted,0.25,3,3,ACTTACTGCGGGAAACCAGA,0,3460050
tabA_predicted,0.25,3,3,ACTGCTCTGTGCAAGGTTGC,0,3432021
tabA_predicted,0.25,3,3,ACTCCCAATATGGAGATCAA,0,3447909
tabA_predicted,0.25,3,3,ACTACGCGGTGGGGACCGAG,0,3435812
tabA_predicted,0.25,3,3,ACTACGAGTCCAAAATCTGA,0,3438038
tabA_predicted,0.25,3,3,ACTAAAGTGTCACAGCTCCT,0,3461631
tabA_predicted,0.25,3,3,ACGTGACTAAGGTTTACCAA,0,3442478
tabA_predicted,0.25,3,3,ACGTCGAGGGGAGAAACTGG,0,3434429
tabA_predicted,0.25,3,3,ACGTCCTTAATGTGTCTTGA,0,3457462
tabA_predicted,0.25,3,3,ACGTCCGATTCCATATTCCT,0,3443506
tabA_predicted,0.25,3,3,ACGTATGAGATTACATGTCT,0,3439419
tabA_predicted,0.25,3,3,ACGTAATAAGTGATTGTAAG,0,3444818
tabA_predicted,0.25,3,3,ACGTAAATACCTGGTGGTAC,0,3443909
tabA_predicted,0.25,3,3,ACGGTGTACAATAGTTGCAA,0,3444103
tabA_predicted,0.25,3,3,ACGGTCAAGGTCAATTATGT,0,3464467
tabA_predicted,0.25,3,3,ACGCCGTTCGGCGCGAAGAC,0,3441279
tabA_predicted,0.25,3,3,ACGCCGCGATTTGGCAAAGG,0,3463154
tabA_predicted,0.25,3,3,ACGCCCGCAGTGAATCGTAT,0,3433800
tabA_predicted,0.25,3,3,ACGCCCCTTGTTCCCTCTAG,0,3450630
tabA_predicted,0.25,3,3,ACGCAGGTTGTAACACTTAG,0,3438158
tabA_predicted,0.25,3,3,ACGCAATAGTTGTAGTATTC,0,3455488
tabA_predicted,0.25,3,3,ACGCAACCTATAGTACGTCA,0,3455305
tabA_predicted,0.25,3,3,ACGATGAACCCTGGTTGCCC,0,3466140
tabA_predicted,0.25,3,3,ACGATCGACTTGCTCGTTTG,0,3448468
tabA_predicted,0.25,3,3,ACGAGTGAATATGTAAGCCA,0,3438048
tabA_predicted,0.25,3,3,ACGAGTAGCTGGTTCTCGTA,0,3434075
tabA_predicted,0.25,3,3,ACGAGTAAGTCGTTTTCAAT,0,3454192
tabA_predicted,0.25,3,3,ACGAGGCGAGTACGTGCAGA,0,3451936
tabA_predicted,0.25,3,3,ACGAGAAAACTATTACAGTT,0,3465939
tabA_predicted,0.25,3,3,ACGACTTTTACAGCAGTACC,0,3434210
tabA_predicted,0.25,3,3,ACGACTAGGTCGGGTGCCCT,0,3431762
tabA_predicted,0.25,3,3,ACCTTAATTTCTGTCGATTT,0,3444884
tabA_predicted,0.25,3,3,ACCTGGCGAGGAGAAGCCGC,0,3458444
tabA_predicted,0.25,3,3,ACCTGCCTTTGCCTAGCAGG,0,3458780
tabA_predicted,0.25,3,3,ACCTGAGCACCTACGGGGGA,0,3439354
tabA_predicted,0.25,3,3,ACCTCAATTGAGGCTTTATC,0,3459300
tabA_predicted,0.25,3,3,ACCGTGAACTGAAGCGCACA,0,3459645
tabA_predicted,0.25,3,3,ACCGTCCCCCGGTTGATGTT,0,3454477
tabA_predicted,0.25,3,3,ACCCGCCGACTAGGATTGTT,0,3466084
tabA_predicted,0.25,3,3,ACCCCCGTAGCTTCGGAGCA,0,3433826
tabA_predicted,0.25,3,3,ACCCACAGGAGATCGAGCAA,0,3441580
tabA_predicted,0.25,3,3,ACCAGAGTATCTATAAGGAA,0,3447896
tabA_predicted,0.25,3,3,ACCACTATGGGGCTGGGTTT,0,3437944
tabA_predicted,0.25,3,3,ACCACAGGGGAAAGGCTCGC,0,3446110
tabA_predicted,0.25,3,3,ACCAATGGTAAAATAGTTGT,0,3436194
tabA_predicted,0.25,3,3,ACATTTTAACCCACAGCTAT,0,3434789
tabA_predicted,0.25,3,3,ACATCGTGACTTATTGCTGG,0,3453753
tabA_predicted,0.25,3,3,ACATAAGGGCACTCATACTT,0,3445170
tabA_predicted,0.25,3,3,ACAGGTCCGTAGTCGTAATT,0,3444050
tabA_predicted,0.25,3,3,ACAGCCATCGTGTAATTCTG,0,3445716
tabA_predicted,0.25,3,3,ACAGCATTCGTATATTGAGT,0,3435407
tabA_predicted,0.25,3,3,ACACGGTCCGTTAGCTGTAC,0,3459669
tabA_predicted,0.25,3,3,ACAATCAAGTCCCACGCATA,0,3446709
tabA_predicted,0.25,3,3,ACAACCGGGAGGTAGAGGCC,0,3455773
tabA_predicted,0.25,3,3,ACAAAGACCGGCTCTTCTGA,0,3450404
tabA_predicted,0.25,3,3,AATTTACCGACGTCGCCATC,0,3455758
tabA_predicted,0.25,3,3,AATTCATGGAGGACGGGCGC,0,3458694
tabA_predicted,0.25,3,3,AATGTTGAAGTTGGTGGAGT,0,3461531
tabA_predicted,0.25,3,3,AATGGTAGTCAATGACCTCA,0,3453595
tabA_predicted,0.25,3,3,AATGGGCCTTCTCGCAGCTT,0,3435339
tabA_predicted,0.25,3,3,AATGACTGAGGATAGCGACC,0,3431304
tabA_predicted,0.25,3,3,AATCGTGGTATTAATGGATT,0,3445167
tabA_predicted,0.25,3,3,AATCCGTCTTTTGGGACGTG,0,3453388
tabA_predicted,0.25,3,3,AATCCGATCCTCAACCCGGC,0,3455238
tabA_predicted,0.25,3,3,AATCAGGCGGACATGGATTC,0,3444481
tabA_predicted,0.25,3,3,AATATTTGCATGGGCTTGTT,0,3459835
tabA_predicted,0.25,3,3,AATAGTATGTCATTGGACGA,0,3449702
tabA_predicted,0.25,3,3,AATAACTGGCGCCCGGTTTC,0,3465085
tabA_predicted,0.25,3,3,AATAAAAATAATTAGTCGCC,0,3462059
tabA_predicted,0.25,3,3,AAGTTTGGGGAGCGTGTTAC,0,3460273
tabA_predicted,0.25,3,3,AAGTGCGGTACTGGCATGAG,0,3459043
tabA_predicted,0.25,3,3,AAGTGCCCCTAGACATGGGA,0,3437077
tabA_predicted,0.25,3,3,AAGTAGGGGCGAATGGTAGT,0,3437170
tabA_predicted,0.25,3,3,AAGTACGCCGCTAAGGCGCT,0,3445457
tabA_predicted,0.25,3,3,AAGGGGGCTAGTACTGATAG,0,3464199
tabA_predicted,0.25,3,3,AAGGCGATCAATGCATGCGG,0,3441606
tabA_predicted,0.25,3,3,AAGCCTAGCGGAGAAAAGGG,0,3460227
tabA_predicted,0.25,3,3,AAGATTAGTTTGTATTCGGC,0,3437499
tabA_predicted,0.25,3,3,AAGATATTGGATAAGGTTCA,0,3439315
tabA_predicted,0.25,3,3,AAGACACTCACCGGTTGGAG,0,3463470
tabA_predicted,0.25,3,3,AACTATTTCTGAGTCGTCAT,0,3454540
tabA_predicted,0.25,3,3,AACGTGACATTCATAATAAT,0,3433672
tabA_predicted,0.25,3,3,AACGGGCGCAAAGTAGGTCA,0,3458844
tabA_predicted,0.25,3,3,AACGGAGCGACTGCACCTAG,0,3459079
tabA_predicted,0.25,3,3,AACGCACGTGGCCTGTAGCA,0,3456018
tabA_predicted,0.25,3,3,AACCGTATTCTTGGATTTCT,0,3453681
tabA_predicted,0.25,3,3,AACCGCGTGGTCGCTTTGTC,0,3453821
tabA_predicted,0.25,3,3,AACCCGCTATAAAATGTCTA,0,3462824
tabA_predicted,0.25,3,3,AACCCATGTTTAAACGACAT,0,3464083
tabA_predicted,0.25,3,3,AACATATCAGTCGATAAGGG,0,3464710
tabA_predicted,0.25,3,3,AACATAGGAATTTAGTCGCT,0,3458672
tabA_predicted,0.25,3,3,AAATTACAAAGGGGGGGGGC,0,3464875
tabA_predicted,0.25,3,3,AAATGTGTGGCCCCTAGAGA,0,3443322
tabA_predicted,0.25,3,3,AAATGGATTCACGGGATGGT,0,3462854
tabA_predicted,0.25,3,3,AAATGACGTCATATAACCGT,0,3459671
tabA_predicted,0.25,3,3,AAAGGACAGTTCAATTCTGT,0,3436933
tabA_predicted,0.25,3,3,AAAGCTTGCTCCGTTGTTCC,0,3439637
tabA_predicted,0.25,3,3,AAAGCGGCACAATTGGCACC,0,3454968
tabA_predicted,0.25,3,3,AAACTTACGTTATCTGTCGT,0,3434439
tabA_predicted,0.25,3,3,AAACAACCTCTGCTCACGGA,0,3454767
tabA_predicted,0.25,3,3,AAAATCGGGCGTCGGGGATC,0,3456864
tabA_predicted,0.25,3,3,AAAACGCAGCGGAAACAAGT,0,3453079
tabA_predicted,0.25,3,3,AAAACGCAAGTCTAAGTGAC,0,3435739
tabA_predicted,0.25,3,3,AAAAATTCCCGAACTACGGG,0,3453498
tabA_predicted,0.3333333333333333,2,2,TTTTTTATGTCTGCTGGCTC,0,3448858
tabA_predicted,0.3333333333333333,2,2,TTTTCGAATGCACGTCTAAG,0,3443109
tabA_predicted,0.3333333333333333,2,2,TTTTCCGTTAGCGCAGCTCG,0,3445378
tabA_predicted,0.3333333333333333,2,2,TTTTAGTTTCCCCTAGTTAT,0,3448686
tabA_predicted,0.3333333333333333,2,2,TTTGCCGTCCCTTCTTTTCC,0,3462620
tabA_predicted,0.3333333333333333,2,2,TTTGAGCCCTCTCTTCTTGT,0,3462947
tabA_predicted,0.3333333333333333,2,2,TTTCTTTCACTCGCCCGTCT,0,3457120
tabA_predicted,0.3333333333333333,2,2,TTTCTACGTGTAACACGTAC,0,3443495
tabA_predicted,0.3333333333333333,2,2,TTTCTAATGGGAGCTTCTAA,0,3457876
tabA_predicted,0.3333333333333333,2,2,TTTCGTTTCTGGTCACAAAA,0,3463973
tabA_predicted,0.3333333333333333,2,2,TTTCGATGACGGCTTCCGTT,0,3449458
tabA_predicted,0.3333333333333333,2,2,TTTCCCGGCTTATGTTTGAA,0,3441231
tabA_predicted,0.3333333333333333,2,2,TTTCATGACGAGGGTTTACA,0,3459782
tabA_predicted,0.3333333333333333,2,2,TTTCAGACACGAGCGCACAT,0,3444712
tabA_predicted,0.3333333333333333,2,2,TTTCACTGCTTCCGATGAAG,0,3450033
tabA_predicted,0.3333333333333333,2,2,TTTATTGCCAGAATGAATTG,0,3439424
tabA_predicted,0.3333333333333333,2,2,TTTATAGGTCAGTCGTGTGC,0,3456678
tabA_predicted,0.3333333333333333,2,2,TTTAGGGAGGAAAGAGCCAA,0,3450366
tabA_predicted,0.3333333333333333,2,2,TTTACATCAAACTGTTTTCT,0,3445883
tabA_predicted,0.3333333333333333,2,2,TTTAAGCTGGGTTCGAGAGG,0,3463672
tabA_predicted,0.3333333333333333,2,2,TTGTTTTCTGAATTTTCGTA,0,3442052
tabA_predicted,0.3333333333333333,2,2,TTGTCTCTGAGTTGAATTGC,0,3457293
tabA_predicted,0.3333333333333333,2,2,TTGTACGTGCCCAATCGAGC,0,3448367
tabA_predicted,0.3333333333333333,2,2,TTGGTTCAATTCACTGAGCG,0,3436119
tabA_predicted,0.3333333333333333,2,2,TTGGTGTGAGGTAGGCTATT,0,3465964
tabA_predicted,0.3333333333333333,2,2,TTGGTCTATAAATGAAGCTG,0,3431282
tabA_predicted,0.3333333333333333,2,2,TTGGGGTTCTATGAACGGCT,0,3452767
tabA_predicted,0.3333333333333333,2,2,TTGGGCCGACATTCGAGAGC,0,3434448
tabA_predicted,0.3333333333333333,2,2,TTGGAGACGAATTAAAGTTG,0,3446816
tabA_predicted,0.3333333333333333,2,2,TTGGACGCTCGCCCTGGTGG,0,3446101
tabA_predicted,0.3333333333333333,2,2,TTGGACAAAGCCGATGTGCC,0,3446378
tabA_predicted,0.3333333333333333,2,2,TTGCGAAATAACGGTCATTG,0,3461873
tabA_predicted,0.3333333333333333,2,2,TTGCCATCCATATTGGAAGT,0,3441711
tabA_predicted,0.3333333333333333,2,2,TTGAGTTAATGCCTCCCTTA,0,3445935
tabA_predicted,0.3333333333333333,2,2,TTGAGTAACAGCACCGTTGA,0,3439596
tabA_predicted,0.3333333333333333,2,2,TTGACTCTTGTTTAAATCGT,0,3462150
tabA_predicted,0.3333333333333333,2,2,TTGACATACGCCAATTGGCT,0,3459219
tabA_predicted,0.3333333333333333,2,2,TTCTTTTCGTATACACGACG,0,3449820
tabA_predicted,0.3333333333333333,2,2,TTCTTTGTCCTGGTTTAGGA,0,3463742
tabA_predicted,0.3333333333333333,2,2,TTCTGCGCGCGAACGTCGCT,0,3441138
tabA_predicted,0.3333333333333333,2,2,TTCTCACGAGGATAGAACAT,0,3453650
tabA_predicted,0.3333333333333333,2,2,TTCTAATAAGGATATTCGGG,0,3437154
tabA_predicted,0.3333333333333333,2,2,TTCGTTCCTCATACGTCTAT,0,3464148
tabA_predicted,0.3333333333333333,2,2,TTCGTCTCAAGAGGCTAGCT,0,3448793
tabA_predicted,0.3333333333333333,2,2,TTCGTAAGTGGGGGTTTCTG,0,3439390
tabA_predicted,0.3333333333333333,2,2,TTCGGCTCTGGATGCAGATT,0,3466058
tabA_predicted,0.3333333333333333,2,2,TTCGCGGAACTATCAGTCGT,0,3431688
tabA_predicted,0.3333333333333333,2,2,TTCGCCCGATACGCAGAAGT,0,3451921
tabA_predicted,0.3333333333333333,2,2,TTCGACCATGAAAACGTTTT,0,3440186
tabA_predicted,0.3333333333333333,2,2,TTCCGTTTGACAGACGTTTT,0,3460331
tabA_predicted,0.3333333333333333,2,2,TTCCGCGTGGATATATCCTC,0,3435582
tabA_predicted,0.3333333333333333,2,2,TTCCCGTACGCTGCTCCGGC,0,3446553
tabA_predicted,0.3333333333333333,2,2,TTCCACTAGCCCGAAATTCG,0,3463312
tabA_predicted,0.3333333333333333,2,2,TTCATTTGTCCTTTAAAATG,0,3441375
tabA_predicted,0.3333333333333333,2,2,TTCAGTCACCGACGGAGTCT,0,3440372
tabA_predicted,0.3333333333333333,2,2,TTCAGGCCAGGTGTATGTTC,0,3461089
tabA_predicted,0.3333333333333333,2,2,TTCAGCCGCAACTCGCATAG,0,3461043
tabA_predicted,0.3333333333333333,2,2,TTCACCGTCACGTAAGGACC,0,3447857
tabA_predicted,0.3333333333333333,2,2,TTATTGGGCATGGTCCGGGC,0,3462965
tabA_predicted,0.3333333333333333,2,2,TTATGGCCTAGTAAGTAATA,0,3449671
tabA_predicted,0.3333333333333333,2,2,TTATGACACGTACCGTGTAA,0,3446796
tabA_predicted,0.3333333333333333,2,2,TTATATCGACCTTCCACTGC,0,3464674
tabA_predicted,0.3333333333333333,2,2,TTATAGGTAGTTGTGTTATG,0,3453314
tabA_predicted,0.3333333333333333,2,2,TTAGTTGGTTAACAGCTGCG,0,3434644
tabA_predicted,0.3333333333333333,2,2,TTAGGTGATATAATCGACTT,0,3453123
tabA_predicted,0.3333333333333333,2,2,TTAGGGCGTATGATTCCACC,0,3437240
tabA_predicted,0.3333333333333333,2,2,TTAGAGCTTGACTCCGGTCT,0,3454997
tabA_predicted,0.3333333333333333,2,2,TTAGAGATAATGATTTACAG,0,3439735
tabA_predicted,0.3333333333333333,2,2,TTACTTAGTACTGGATGACC,0,3438500
tabA_predicted,0.3333333333333333,2,2,TTACGGTAGACTCGAATTAG,0,3463611
tabA_predicted,0.3333333333333333,2,2,TTACCTCCAAAGCCAGCGCC,0,3448259
tabA_predicted,0.3333333333333333,2,2,TTACCAAGAGTCGAGACTCA,0,3463143
tabA_predicted,0.3333333333333333,2,2,TTACAATCTAAGACCAAATA,0,3442567
tabA_predicted,0.3333333333333333,2,2,TTAATGTTGATGACCTCATA,0,3459139
tabA_predicted,0.3333333333333333,2,2,TTAATATGGCACTTCTTTTT,0,3435704
tabA_predicted,0.3333333333333333,2,2,TTAAGGTCGTTCGCTACCTT,0,3460405
tabA_predicted,0.3333333333333333,2,2,TTAACAAGCGCGACTCCTCT,0,3437074
tabA_predicted,0.3333333333333333,2,2,TGTTTTACCACCTCAGACCC,0,3448286
tabA_predicted,0.3333333333333333,2,2,TGTTGTAGATGGGGGCGAAA,0,3465972
tabA_predicted,0.3333333333333333,2,2,TGTTGGAATCGTGTCCAGGC,0,3442847
tabA_predicted,0.3333333333333333,2,2,TGTTGATTATACTACGTATA,0,3432368
tabA_predicted,0.3333333333333333,2,2,TGTTCCCCGGAATGTTCACT,0,3449344
tabA_predicted,0.3333333333333333,2,2,TGTTAGTTTCAACTCTGGGT,0,3432968
tabA_predicted,0.3333333333333333,2,2,TGTGTGTAGTTATTACTCCA,0,3431378
tabA_predicted,0.3333333333333333,2,2,TGTGGAGGTTTAAACAATTG,0,3436123
tabA_predicted,0.3333333333333333,2,2,TGTGCACACAGATGTCCCAA,0,3438076
tabA_predicted,0.3333333333333333,2,2,TGTGAGAAGGTTTCTCGACC,0,3442075
tabA_predicted,0.3333333333333333,2,2,TGTCTGCGAATACTATGCGA,0,3437130
tabA_predicted,0.3333333333333333,2,2,TGTCCGAAACGATGTGCGGA,0,3464045
tabA_predicted,0.3333333333333333,2,2,TGTCCCCAGCAACATATCTT,0,3445287
tabA_predicted,0.3333333333333333,2,2,TGTATTGTGAGTGATGTTAG,0,3445822
tabA_predicted,0.3333333333333333,2,2,TGTACTGCAGTTAACGCGGC,0,3433349
tabA_predicted,0.3333333333333333,2,2,TGTAAGGACGTCAAAACCAA,0,3441633
tabA_predicted,0.3333333333333333,2,2,TGGTTACTATATTGGTAACC,0,3455182
tabA_predicted,0.3333333333333333,2,2,TGGTGTATTCAAGCTTTATT,0,3454463
tabA_predicted,0.3333333333333333,2,2,TGGTCACCCACGGCGTAACT,0,3451413
tabA_predicted,0.3333333333333333,2,2,TGGTATCAAAGCGTGTTGCC,0,3438618
tabA_predicted,0.3333333333333333,2,2,TGGTAACGTGTGCCGAATAC,0,3460842
tabA_predicted,0.3333333333333333,2,2,TGGGTAACCAACCAATCTCC,0,3452518
tabA_predicted,0.3333333333333333,2,2,TGGGGCTTTATCGCCCCCTC,0,3463268
tabA_predicted,0.3333333333333333,2,2,TGGGGAAGTAATCCAAAACT,0,3456085
tabA_predicted,0.3333333333333333,2,2,TGGGCGTGGTGACTTGCTAC,0,3464087
tabA_predicted,0.3333333333333333,2,2,TGGGCATAGTAGGGGGAGTA,0,3462290
tabA_predicted,0.3333333333333333,2,2,TGGGAGATGTTAACGCTAGA,0,3435792
tabA_predicted,0.3333333333333333,2,2,TGGCTTGGTTGTCCCTGCGT,0,3445974
tabA_predicted,0.3333333333333333,2,2,TGGCTCCCGTAACGGTATTC,0,3465497
tabA_predicted,0.3333333333333333,2,2,TGGCTAGGGTATACACGTAC,0,3456115
tabA_predicted,0.3333333333333333,2,2,TGGCCTACATACGAGGATCC,0,3453268
tabA_predicted,0.3333333333333333,2,2,TGGCCATTTGCGAAGATGAA,0,3450495
tabA_predicted,0.3333333333333333,2,2,TGGCAGGCGTACACGACTCC,0,3447775
tabA_predicted,0.3333333333333333,2,2,TGGCACTCTGTTGTGACTTA,0,3431812
tabA_predicted,0.3333333333333333,2,2,TGGAATATACCGTATTAGGT,0,3461859
tabA_predicted,0.3333333333333333,2,2,TGGAAAGTCCTATATTAGTG,0,3457806
tabA_predicted,0.3333333333333333,2,2,TGGAAAGCAGTTTTGTATAG,0,3451267
tabA_predicted,0.3333333333333333,2,2,TGCTGTGATGATAATGTCGA,0,3443815
tabA_predicted,0.3333333333333333,2,2,TGCTGCCCGGTCCCAAGTTT,0,3447335
tabA_predicted,0.3333333333333333,2,2,TGCTCGCCGCGCGAGCTCCT,0,3445926
tabA_predicted,0.3333333333333333,2,2,TGCTCGACCGGCCCTCCGCT,0,3455953
tabA_predicted,0.3333333333333333,2,2,TGCGTTTCCCAAACTGTCGG,0,3460603
tabA_predicted,0.3333333333333333,2,2,TGCGGGTGTAGTATTTCTCC,0,3451789
tabA_predicted,0.3333333333333333,2,2,TGCGCGAATTTTTGGCAAAG,0,3459360
tabA_predicted,0.3333333333333333,2,2,TGCGACATATAATCACTACT,0,3460737
tabA_predicted,0.3333333333333333,2,2,TGCCTTGACTTACTGTGTTC,0,3436967
tabA_predicted,0.3333333333333333,2,2,TGCCTTCGGTCCAAGGCTTA,0,3435891
tabA_predicted,0.3333333333333333,2,2,TGCCGTTACACGCTTAAAGA,0,3434413
tabA_predicted,0.3333333333333333,2,2,TGCCAGACTAGGGGCCAAAG,0,3445951
tabA_predicted,0.3333333333333333,2,2,TGCCACTTCAGCAAGATCTT,0,3455111
tabA_predicted,0.3333333333333333,2,2,TGCAAGATTAGTATAGAGAT,0,3433428
tabA_predicted,0.3333333333333333,2,2,TGATACTGGGCGTACGCCTA,0,3453267
tabA_predicted,0.3333333333333333,2,2,TGATACGTATAGACTGTACT,0,3465945
tabA_predicted,0.3333333333333333,2,2,TGAGGACTCCCGTGTACGTT,0,3462315
tabA_predicted,0.3333333333333333,2,2,TGAGAGAACTTCTCCTAGAC,0,3438172
tabA_predicted,0.3333333333333333,2,2,TGAGACCCGGTGCCATCAAA,0,3465027
tabA_predicted,0.3333333333333333,2,2,TGACGTGCATCTGCAGAACA,0,3455512
tabA_predicted,0.3333333333333333,2,2,TGACCGTCAGAAAATCCTTG,0,3458993
tabA_predicted,0.3333333333333333,2,2,TGACCGCTGGGAGGCATGGA,0,3433897
tabA_predicted,0.3333333333333333,2,2,TGACCCGCCAGGACACTACT,0,3461589
tabA_predicted,0.3333333333333333,2,2,TGACAGTACACCCCGGGTGC,0,3454553
tabA_predicted,0.3333333333333333,2,2,TGAAGTGTTGGGTGAGCTGG,0,3432186
tabA_predicted,0.3333333333333333,2,2,TGAAGTGGGAAGTGCGGTTG,0,3465846
tabA_predicted,0.3333333333333333,2,2,TGAAGTCCGGAAGCAGAGTT,0,3433921
tabA_predicted,0.3333333333333333,2,2,TGAACTTTGTAGAACGGTTG,0,3466233
tabA_predicted,0.3333333333333333,2,2,TGAAATTCGGCCACGGGGTA,0,3456703
tabA_predicted,0.3333333333333333,2,2,TCTTTCCCCTAAGGGGTTAT,0,3463716
tabA_predicted,0.3333333333333333,2,2,TCTTTATCTGTTGTACACAC,0,3436172
tabA_predicted,0.3333333333333333,2,2,TCTTGTTACACAATCTGAGG,0,3443411
tabA_predicted,0.3333333333333333,2,2,TCTTGTCGTACCGGCAATTT,0,3439037
tabA_predicted,0.3333333333333333,2,2,TCTTGAGATACTGGTGGGTA,0,3455632
tabA_predicted,0.3333333333333333,2,2,TCTTCCTACGAGAACGGCCA,0,3431299
tabA_predicted,0.3333333333333333,2,2,TCTTCAAAGACTAACCGGGA,0,3432124
tabA_predicted,0.3333333333333333,2,2,TCTGTGGGTCTATTTTGACC,0,3462480
tabA_predicted,0.3333333333333333,2,2,TCTGTCGAAATACGGGGGTC,0,3442469
tabA_predicted,0.3333333333333333,2,2,TCTGGTCCTACTGAGAGCCA,0,3459889
tabA_predicted,0.3333333333333333,2,2,TCTGGTATAAAAAACGCCCT,0,3463749
tabA_predicted,0.3333333333333333,2,2,TCTGGGACACCGCGCGCTAG,0,3444651
tabA_predicted,0.3333333333333333,2,2,TCTGCACAAAGTCCGAAACG,0,3437290
tabA_predicted,0.3333333333333333,2,2,TCTCGGGTCAATGGCACAAT,0,3434909
tabA_predicted,0.3333333333333333,2,2,TCTATGTCACAAAACGTATT,0,3445697
tabA_predicted,0.3333333333333333,2,2,TCTATGCAAGCTCCATTCCC,0,3455804
tabA_predicted,0.3333333333333333,2,2,TCTAGGCTCACCAGCCATAT,0,3452781
tabA_predicted,0.3333333333333333,2,2,TCTACGGCAGTCAATATTAG,0,3464510
tabA_predicted,0.3333333333333333,2,2,TCTACAGCCTCGGGATATAT,0,3457852
tabA_predicted,0.3333333333333333,2,2,TCTACAAAGCATTTTCAGCC,0,3435641
tabA_predicted,0.3333333333333333,2,2,TCTAACATGCCCACGAAGCT,0,3452914
tabA_predicted,0.3333333333333333,2,2,TCGTTGACAAGGGGTACCAT,0,3441309
tabA_predicted,0.3333333333333333,2,2,TCGTGTTGTGAGTTGGGACA,0,3464535
tabA_predicted,0.3333333333333333,2,2,TCGTGGATCTAAAAAAGCCG,0,3451176
tabA_predicted,0.3333333333333333,2,2,TCGTGCGGTAGGGGGAATCT,0,3466301
tabA_predicted,0.3333333333333333,2,2,TCGTACCCGTAAGTTGGGAA,0,3432870
tabA_predicted,0.3333333333333333,2,2,TCGGTTGAGCGGGAGCCGTT,0,3464300
tabA_predicted,0.3333333333333333,2,2,TCGGTCTAGTCGGCAGGTTT,0,3449184
tabA_predicted,0.3333333333333333,2,2,TCGGTCGCCAGTTATATTTT,0,3434357
tabA_predicted,0.3333333333333333,2,2,TCGGTCATAGGGGATTCGGT,0,3465948
tabA_predicted,0.3333333333333333,2,2,TCGGGATAATGTCGAACTGC,0,3453416
tabA_predicted,0.3333333333333333,2,2,TCGGGAGTCCTTGTGTGTAT,0,3431650
tabA_predicted,0.3333333333333333,2,2,TCGGCTGCGAAAAACGGTCC,0,3465113
tabA_predicted,0.3333333333333333,2,2,TCGCTGTCCGTTGTATCATA,0,3445402
tabA_predicted,0.3333333333333333,2,2,TCGCTCAAACTATCGGCAAG,0,3439819
tabA_predicted,0.3333333333333333,2,2,TCGCGCATATAAAATTTCTG,0,3440952
tabA_predicted,0.3333333333333333,2,2,TCGCGATCGTACAACGTCGT,0,3463289
tabA_predicted,0.3333333333333333,2,2,TCGCCTGGGATAGCCCCTAG,0,3460871
tabA_predicted,0.3333333333333333,2,2,TCGCCCTAGTGTAGGGCGGT,0,3447350
tabA_predicted,0.3333333333333333,2,2,TCGCACTCGGTCACCAACAT,0,3440806
tabA_predicted,0.3333333333333333,2,2,TCGATGCATCGGCGGCCAAC,0,3447070
tabA_predicted,0.3333333333333333,2,2,TCGATCGCTCAATGGAGAAA,0,3440058
tabA_predicted,0.3333333333333333,2,2,TCCTGCCTCCGTGGAGGCTT,0,3437615
tabA_predicted,0.3333333333333333,2,2,TCCGTAAATTCATTGTCGGA,0,3444241
tabA_predicted,0.3333333333333333,2,2,TCCGGACAGCGGTCTGTGCT,0,3454054
tabA_predicted,0.3333333333333333,2,2,TCCGCTGAGTTTCTGCAAAT,0,3442540
tabA_predicted,0.3333333333333333,2,2,TCCCTAGTATATACGCGGAT,0,3444886
tabA_predicted,0.3333333333333333,2,2,TCCCCCGTTCTGGTTAACGA,0,3449221
tabA_predicted,0.3333333333333333,2,2,TCCCATTCGGCCTTGGGAGA,0,3433638
tabA_predicted,0.3333333333333333,2,2,TCCCATGTTTCTACGAAAAA,0,3435800
tabA_predicted,0.3333333333333333,2,2,TCCATGACCCAGTCGTGTAC,0,3464890
tabA_predicted,0.3333333333333333,2,2,TCCAGACGAGGTAAGTATCG,0,3449880
tabA_predicted,0.3333333333333333,2,2,TCCACGAGGATGATCTATCT,0,3452244
tabA_predicted,0.3333333333333333,2,2,TCCACCCACAAGACAGTGAA,0,3456595
tabA_predicted,0.3333333333333333,2,2,TCCAATGGAGCGAAAGGTAA,0,3438883
tabA_predicted,0.3333333333333333,2,2,TCCAAGCGTAAACGCCCAAT,0,3447481
tabA_predicted,0.3333333333333333,2,2,TCATTTGTCAAACCTGGATA,0,3447680
tabA_predicted,0.3333333333333333,2,2,TCATTGTGTCGCTGACTCTA,0,3465042
tabA_predicted,0.3333333333333333,2,2,TCATGGGGTGTAACAAGTGG,0,3460472
tabA_predicted,0.3333333333333333,2,2,TCATCGAGTGCTAGACAGCC,0,3438218
tabA_predicted,0.3333333333333333,2,2,TCATATGAGTTCTTAGCGTA,0,3456113
tabA_predicted,0.3333333333333333,2,2,TCATAGATCTGTGGTCGCAT,0,3437790
tabA_predicted,0.3333333333333333,2,2,TCATAACTGTATGCAACCGG,0,3436530
tabA_predicted,0.3333333333333333,2,2,TCAGTCTCATCGCCGTGGAG,0,3452314
tabA_predicted,0.3333333333333333,2,2,TCAGGTTTCTACAGCCTAAG,0,3463355
tabA_predicted,0.3333333333333333,2,2,TCAGGATCCTTCAGCGGACC,0,3449130
tabA_predicted,0.3333333333333333,2,2,TCAGGACGAGTGAATACGGC,0,3463489
tabA_predicted,0.3333333333333333,2,2,TCAGAGGCCTAATTGATTGA,0,3438237
tabA_predicted,0.3333333333333333,2,2,TCACTTAGATATCGTCTTCA,0,3432315
tabA_predicted,0.3333333333333333,2,2,TCACTCGTATTGTCATTTCA,0,3446219
tabA_predicted,0.3333333333333333,2,2,TCACGGAAGGCAACCGGGTA,0,3451912
tabA_predicted,0.3333333333333333,2,2,TCACATGACTCTAACCAAGC,0,3457862
tabA_predicted,0.3333333333333333,2,2,TCACATATTTGCTTCAGGGT,0,3452984
tabA_predicted,0.3333333333333333,2,2,TCACACGTGGCCGGTAGTAC,0,3457769
tabA_predicted,0.3333333333333333,2,2,TCAATGGCATCAGCGAAACT,0,3453846
tabA_predicted,0.3333333333333333,2,2,TCAATCCCAGTCCTGCCAAC,0,3452441
tabA_predicted,0.3333333333333333,2,2,TCAATCAGCGAGCGTGGGAT,0,3443730
tabA_predicted,0.3333333333333333,2,2,TCAAATAGTGTCAACTTCTT,0,3455890
tabA_predicted,0.3333333333333333,2,2,TCAAAGGAGAACGACGGCAA,0,3460606
tabA_predicted,0.3333333333333333,2,2,TCAAAGCGTAAGTGGACTGC,0,3459587
tabA_predicted,0.3333333333333333,2,2,TCAAACGGGGACCTTGGTTC,0,3431993
tabA_predicted,0.3333333333333333,2,2,TATTACATCAAACAAGCACT,0,3448221
tabA_predicted,0.3333333333333333,2,2,TATGTGCGTGTCGTGGTTTA,0,3461170
tabA_predicted,0.3333333333333333,2,2,TATGGTTCAGGCACACGGTA,0,3463043
tabA_predicted,0.3333333333333333,2,2,TATGGGTATAACGAACGAAG,0,3447601
tabA_predicted,0.3333333333333333,2,2,TATGCGCCATTCGTGGTTCT,0,3445623
tabA_predicted,0.3333333333333333,2,2,TATCTACCTACCAATTGCCT,0,3444072
tabA_predicted,0.3333333333333333,2,2,TATCGAGAACTGGAATGACA,0,3458667
tabA_predicted,0.3333333333333333,2,2,TATCCCGGCGTTCTGTGCTA,0,3464671
tabA_predicted,0.3333333333333333,2,2,TATCAAACCATTATGGTACT,0,3448061
tabA_predicted,0.3333333333333333,2,2,TATATTAAGAGCCACCATTA,0,3452848
tabA_predicted,0.3333333333333333,2,2,TATAGCAAGTAGTGGTCATG,0,3443299
tabA_predicted,0.3333333333333333,2,2,TATACTCGCGTTGCGCCCGA,0,3444561
tabA_predicted,0.3333333333333333,2,2,TATACCCGTTTCCATATGTG,0,3453970
tabA_predicted,0.3333333333333333,2,2,TATACATTGATCGGAATCAG,0,3440703
tabA_predicted,0.3333333333333333,2,2,TATAAATGCGGTGGGTAGAC,0,3465400
tabA_predicted,0.3333333333333333,2,2,TAGTGCACCGCGCAGTCAAC,0,3446285
tabA_predicted,0.3333333333333333,2,2,TAGTATCTTTGGGGGGTGGT,0,3456152
tabA_predicted,0.3333333333333333,2,2,TAGGCAACTGTAGGTGAGGG,0,3455891
tabA_predicted,0.3333333333333333,2,2,TAGGCAACCGGAGGCCCTGA,0,3431525
tabA_predicted,0.3333333333333333,2,2,TAGGACGGGCGCGCGGGTGG,0,3439338
tabA_predicted,0.3333333333333333,2,2,TAGCGTCCAGGTCTATTGTC,0,3436223
tabA_predicted,0.3333333333333333,2,2,TAGCCTGGACTACAGGTGTG,0,3443799
tabA_predicted,0.3333333333333333,2,2,TAGAGTGTAAGCACAGGTGT,0,3457025
tabA_predicted,0.3333333333333333,2,2,TAGAGCACTTCCAGTTGAAA,0,3439989
tabA_predicted,0.3333333333333333,2,2,TAGAAACTGACAGACCTTGC,0,3449201
tabA_predicted,0.3333333333333333,2,2,TACTTTTCGGGACCGTCTTC,0,3437544
tabA_predicted,0.3333333333333333,2,2,TACTTGGAGGAAACCAAAGA,0,3457527
tabA_predicted,0.3333333333333333,2,2,TACTTCTGAAGCCAGGACCG,0,3458880
tabA_predicted,0.3333333333333333,2,2,TACTGGTCAATTATGTTCAT,0,3447225
tabA_predicted,0.3333333333333333,2,2,TACTCGCAGGACAACCGGGA,0,3439584
tabA_predicted,0.3333333333333333,2,2,TACGTTACGGTCTACATGCT,0,3436875
tabA_predicted,0.3333333333333333,2,2,TACGGGGTTCTTATACTAGT,0,3443287
tabA_predicted,0.3333333333333333,2,2,TACGGGGGGGACCTCACTTA,0,3434771
tabA_predicted,0.3333333333333333,2,2,TACGGCAAGGCACTTGTTGT,0,3462982
tabA_predicted,0.3333333333333333,2,2,TACCGACAGTGCTATGTTTG,0,3443493
tabA_predicted,0.3333333333333333,2,2,TACCAGGCATGAGGGCCTCT,0,3447619
tabA_predicted,0.3333333333333333,2,2,TACCACAGATGTTGGTGCAT,0,3444711
tabA_predicted,0.3333333333333333,2,2,TAATGACGGTATAGCGGCTC,0,3431875
tabA_predicted,0.3333333333333333,2,2,TAATCGCGAACGCTACTCGA,0,3462045
tabA_predicted,0.3333333333333333,2,2,TAAGGGTGTCGCTTTGTTCG,0,3445397
tabA_predicted,0.3333333333333333,2,2,TAAGCTGTTTAATTTCCAAA,0,3443351
tabA_predicted,0.3333333333333333,2,2,TAAGAAACACGTATACGGTC,0,3449376
tabA_predicted,0.3333333333333333,2,2,TAACTCCACCAGCAACGATA,0,3442241
tabA_predicted,0.3333333333333333,2,2,TAACGTGCGACTTGAAAGCC,0,3442719
tabA_predicted,0.3333333333333333,2,2,TAACCCGTGGCATGAGACGG,0,3465173
tabA_predicted,0.3333333333333333,2,2,TAAAGTGAACCAACGCCTAA,0,3441535
tabA_predicted,0.3333333333333333,2,2,TAAAGAAATCGGACCAAGTC,0,3459115
tabA_predicted,0.3333333333333333,2,2,TAAACGGGCGGGACTGAGAT,0,3459913
tabA_predicted,0.3333333333333333,2,2,GTTTTCTTAGCAGCGGATAG,0,3461197
tabA_predicted,0.3333333333333333,2,2,GTTTTCGAGTTAGAGAGCCA,0,3452520
tabA_predicted,0.3333333333333333,2,2,GTTTGGGAGGCCCGTCGCGC,0,3441069
tabA_predicted,0.3333333333333333,2,2,GTTTGCAGCGATCCTTGATT,0,3452933
tabA_predicted,0.3333333333333333,2,2,GTTTACTTCATAATGCTCGG,0,3433902
tabA_predicted,0.3333333333333333,2,2,GTTGTAATGATTAACCGTAT,0,3433275
tabA_predicted,0.3333333333333333,2,2,GTTGGCGCTTGAGGCGATCT,0,3441480
tabA_predicted,0.3333333333333333,2,2,GTTGCTTGGCGAGTTAGACG,0,3442852
tabA_predicted,0.3333333333333333,2,2,GTTGCGCCCAGTGAAAACTA,0,3449924
tabA_predicted,0.3333333333333333,2,2,GTTGAGGCCCACTCACGGTC,0,3452956
tabA_predicted,0.3333333333333333,2,2,GTTCTTCAATTGTGTCGGCT,0,3460980
tabA_predicted,0.3333333333333333,2,2,GTTCTGCCAGAATGTCCCCA,0,3448333
tabA_predicted,0.3333333333333333,2,2,GTTCTCGTAGAGGAGGTACA,0,3458453
tabA_predicted,0.3333333333333333,2,2,GTTCGAGTTCAATTTACTTT,0,3457846
tabA_predicted,0.3333333333333333,2,2,GTTCAATCTAATGAAATGAT,0,3445353
tabA_predicted,0.3333333333333333,2,2,GTTATTTAGATGAGCAGCGC,0,3454652
tabA_predicted,0.3333333333333333,2,2,GTTATCAACCTTCAACGGCC,0,3446925
tabA_predicted,0.3333333333333333,2,2,GTTATAAAACATGGTACAAC,0,3465954
tabA_predicted,0.3333333333333333,2,2,GTTAGTTCCGTCGCACATAT,0,3454987
tabA_predicted,0.3333333333333333,2,2,GTTAGAAGCTTTATATACGA,0,3433964
tabA_predicted,0.3333333333333333,2,2,GTTACTTGAGGCAGTGGGAT,0,3446624
tabA_predicted,0.3333333333333333,2,2,GTTACGGAACGATCTAGCAC,0,3439853
tabA_predicted,0.3333333333333333,2,2,GTTACAAGATCTATTTTCCC,0,3437311
tabA_predicted,0.3333333333333333,2,2,GTGTTGTGTGTACCACGCCT,0,3462079
tabA_predicted,0.3333333333333333,2,2,GTGTCAATAGGTGGTAGTAT,0,3437164
tabA_predicted,0.3333333333333333,2,2,GTGTAATAAAGCCATCATTA,0,3440626
tabA_predicted,0.3333333333333333,2,2,GTGGGGTGAGGGTATCTTGT,0,3449732
tabA_predicted,0.3333333333333333,2,2,GTGGCGGCCCGATCCGTTGC,0,3437788
tabA_predicted,0.3333333333333333,2,2,GTGGAGTAAGTACAATGGGT,0,3435007
tabA_predicted,0.3333333333333333,2,2,GTGGAGCGCCATTCGTTAGC,0,3464335
tabA_predicted,0.3333333333333333,2,2,GTGCTTGCAGTCGGCGCTAC,0,3460567
tabA_predicted,0.3333333333333333,2,2,GTGCGTGATCTCTCTTATAC,0,3437012
tabA_predicted,0.3333333333333333,2,2,GTGCGCGAGGGTGTAATGCA,0,3464716
tabA_predicted,0.3333333333333333,2,2,GTGCAAGTCAAACCAACACA,0,3450798
tabA_predicted,0.3333333333333333,2,2,GTGATTGAGTGGCAGCGAGA,0,3457703
tabA_predicted,0.3333333333333333,2,2,GTGAGCCTATATTTTACTTC,0,3438918
tabA_predicted,0.3333333333333333,2,2,GTGAGATATCATGCTGGTTA,0,3457600
tabA_predicted,0.3333333333333333,2,2,GTGAAATCTGAAGCAAGGCT,0,3438065
tabA_predicted,0.3333333333333333,2,2,GTCTTCCAACATGGGTGAGC,0,3448919
tabA_predicted,0.3333333333333333,2,2,GTCTGTTTAGAAGGCATATA,0,3449420
tabA_predicted,0.3333333333333333,2,2,GTCTGCTCCCTCCAATTTTC,0,3435332
tabA_predicted,0.3333333333333333,2,2,GTCTGCCGCGCATTGTCCTT,0,3453809
tabA_predicted,0.3333333333333333,2,2,GTCTCCAGTAGTACGGTGGG,0,3441004
tabA_predicted,0.3333333333333333,2,2,GTCTATTGCCGCTTAATTTA,0,3439740
tabA_predicted,0.3333333333333333,2,2,GTCTATTGAGTCCGCCGGGT,0,3452873
tabA_predicted,0.3333333333333333,2,2,GTCGTGACTGGGTTATCAAG,0,3432893
tabA_predicted,0.3333333333333333,2,2,GTCGTCCGCAGCGCGATCTT,0,3460893
tabA_predicted,0.3333333333333333,2,2,GTCGTCCACGGGCGACACAT,0,3432775
tabA_predicted,0.3333333333333333,2,2,GTCGCTTCGAAACACTCAGA,0,3446822
tabA_predicted,0.3333333333333333,2,2,GTCGCATTACAACGTGAATT,0,3445190
tabA_predicted,0.3333333333333333,2,2,GTCGAGTCGGCCGTTACCAT,0,3458614
tabA_predicted,0.3333333333333333,2,2,GTCCCGGGTCCAGTACGTGC,0,3449754
tabA_predicted,0.3333333333333333,2,2,GTCCAGCAACCTGGTTGATT,0,3463162
tabA_predicted,0.3333333333333333,2,2,GTCCACAATAGCCCCCTGGC,0,3440398
tabA_predicted,0.3333333333333333,2,2,GTCATCAAGAAGTGTGCCTG,0,3459805
tabA_predicted,0.3333333333333333,2,2,GTCAGATAAGTTCGAAGTTC,0,3436732
tabA_predicted,0.3333333333333333,2,2,GTATTTTGCGGGTTCAAGAG,0,3454245
tabA_predicted,0.3333333333333333,2,2,GTATGATGGACAATGCTCGC,0,3441802
tabA_predicted,0.3333333333333333,2,2,GTATCGCGTATCCTGGACTT,0,3445035
tabA_predicted,0.3333333333333333,2,2,GTATCGCACCTCCCCTTTGC,0,3437652
tabA_predicted,0.3333333333333333,2,2,GTATAAGCAGCTTAGGTGAT,0,3437028
tabA_predicted,0.3333333333333333,2,2,GTAGTGGAGAATGAATGTGT,0,3443213
tabA_predicted,0.3333333333333333,2,2,GTAGTATATCTAGGCCTTGT,0,3441108
tabA_predicted,0.3333333333333333,2,2,GTAGCCACGCAAGCACGATG,0,3458552
tabA_predicted,0.3333333333333333,2,2,GTAGCACTGCACGGTCGTTA,0,3435234
tabA_predicted,0.3333333333333333,2,2,GTAGAGACCCGAGTCGAAAG,0,3463253
tabA_predicted,0.3333333333333333,2,2,GTACTTCCACCATACGCACA,0,3432258
tabA_predicted,0.3333333333333333,2,2,GTACGTCAGGAGTAAGCCGG,0,3448101
tabA_predicted,0.3333333333333333,2,2,GTACGCTGAAACTCTCGTAT,0,3440865
tabA_predicted,0.3333333333333333,2,2,GTACGACGGGTGCATATTCG,0,3461329
tabA_predicted,0.3333333333333333,2,2,GTACCTCGGGTACATCCCGA,0,3439108
tabA_predicted,0.3333333333333333,2,2,GTAATTGGGAACTACTCGGG,0,3449189
tabA_predicted,0.3333333333333333,2,2,GTAATGCAGGGCTGACCGGG,0,3445594
tabA_predicted,0.3333333333333333,2,2,GTAAGTGGCTGTGGAGCACA,0,3463414
tabA_predicted,0.3333333333333333,2,2,GTAAGTACAGCGATATATGA,0,3465183
tabA_predicted,0.3333333333333333,2,2,GTAAGGCGAAGATGATGGAT,0,3442439
tabA_predicted,0.3333333333333333,2,2,GGTTTCGGCTGCTAAGTGGC,0,3447204
tabA_predicted,0.3333333333333333,2,2,GGTTTATATTGTATGCTCCT,0,3436819
tabA_predicted,0.3333333333333333,2,2,GGTGTAAAAACTCTAGGTGT,0,3446277
tabA_predicted,0.3333333333333333,2,2,GGTGGGTCCTTGGGATACCC,0,3439006
tabA_predicted,0.3333333333333333,2,2,GGTGGACCGAGTAACGGGTG,0,3445718
tabA_predicted,0.3333333333333333,2,2,GGTGCTCCGAAATCGGTCTA,0,3432638
tabA_predicted,0.3333333333333333,2,2,GGTGACAATGGCCAGTAGTC,0,3446152
tabA_predicted,0.3333333333333333,2,2,GGTCTTCGATAAAACCGTCC,0,3449008
tabA_predicted,0.3333333333333333,2,2,GGTCGTGGCCAGTGCCCCGT,0,3445691
tabA_predicted,0.3333333333333333,2,2,GGTCGAGCTGGAGAGGGAAA,0,3452927
tabA_predicted,0.3333333333333333,2,2,GGTCCGGCATACTTAATCCT,0,3435881
tabA_predicted,0.3333333333333333,2,2,GGTCCCGCAATATGAATGCT,0,3438399
tabA_predicted,0.3333333333333333,2,2,GGTCCAGTCCCTAGAGGCTG,0,3453085
tabA_predicted,0.3333333333333333,2,2,GGTCAGTGTCTCATGTGTAT,0,3439337
tabA_predicted,0.3333333333333333,2,2,GGTCAATCAGTTTTTTATTC,0,3442480
tabA_predicted,0.3333333333333333,2,2,GGTCAAATTGGTTGGCGTAG,0,3444017
tabA_predicted,0.3333333333333333,2,2,GGTATGACGCTGGGTTGGAT,0,3442844
tabA_predicted,0.3333333333333333,2,2,GGTAGGGCCGTCTAGAGGTA,0,3448811
tabA_predicted,0.3333333333333333,2,2,GGTAGGCTCTGTATCTTGAG,0,3461780
tabA_predicted,0.3333333333333333,2,2,GGTAGCCCAACAGGCTGACG,0,3457633
tabA_predicted,0.3333333333333333,2,2,GGGTTGTGGTGAACTCTCAT,0,3464582
tabA_predicted,0.3333333333333333,2,2,GGGTGTGTTGCAAATGGCCT,0,3446568
tabA_predicted,0.3333333333333333,2,2,GGGTGGGGACGCTGTGCTAA,0,3438222
tabA_predicted,0.3333333333333333,2,2,GGGTATCGCGTTTAACCCCT,0,3443390
tabA_predicted,0.3333333333333333,2,2,GGGTATCCGATGGCACGCAA,0,3454680
tabA_predicted,0.3333333333333333,2,2,GGGGTGATGCGGCAGGGACA,0,3459192
tabA_predicted,0.3333333333333333,2,2,GGGGTGAGGGATAAAGTCTG,0,3432066
tabA_predicted,0.3333333333333333,2,2,GGGGGCTCAACGGGTCCCGG,0,3435320
tabA_predicted,0.3333333333333333,2,2,GGGGGAGGCGAGGCAAGTCT,0,3439618
tabA_predicted,0.3333333333333333,2,2,GGGGATCGGCGATACAAGCT,0,3445150
tabA_predicted,0.3333333333333333,2,2,GGGGATAGTGCAGCTATAGC,0,3456353
tabA_predicted,0.3333333333333333,2,2,GGGGAGCGGCCGATCATGTA,0,3454016
tabA_predicted,0.3333333333333333,2,2,GGGCTCGAAGAAGAAATTTT,0,3440411
tabA_predicted,0.3333333333333333,2,2,GGGCGCTGTTGTCCCTGAGG,0,3444814
tabA_predicted,0.3333333333333333,2,2,GGGCAGAAAATGTGATTCAA,0,3449323
tabA_predicted,0.3333333333333333,2,2,GGGATATCCCTAGGGGGAGA,0,3461099
tabA_predicted,0.3333333333333333,2,2,GGGAGTCTTGACCTTGTATT,0,3435709
tabA_predicted,0.3333333333333333,2,2,GGGAGCCCACAAGGGAACAG,0,3464133
tabA_predicted,0.3333333333333333,2,2,GGGACAATTGGTATTACGGC,0,3452576
tabA_predicted,0.3333333333333333,2,2,GGGAACTTGGGATCCACGTA,0,3449267
tabA_predicted,0.3333333333333333,2,2,GGCTGGCGGAACATTGTCTA,0,3459134
tabA_predicted,0.3333333333333333,2,2,GGCTCCTTTGCACGAGCTCA,0,3439986
tabA_predicted,0.3333333333333333,2,2,GGCTCCTGCTTTGGGGTCGT,0,3439781
tabA_predicted,0.3333333333333333,2,2,GGCTAGTGTTAAGGAGCTTG,0,3465305
tabA_predicted,0.3333333333333333,2,2,GGCTACTGATAGGAGTTTTA,0,3465990
tabA_predicted,0.3333333333333333,2,2,GGCGTCTCGGGGATAAGCAG,0,3433619
tabA_predicted,0.3333333333333333,2,2,GGCGGTGATTGTTAACATCC,0,3460990
tabA_predicted,0.3333333333333333,2,2,GGCGGGTTTGGCCACCGATC,0,3433297
tabA_predicted,0.3333333333333333,2,2,GGCGCAACCTTCATTACCCC,0,3442132
tabA_predicted,0.3333333333333333,2,2,GGCGATTCCCCTGGAGGGCA,0,3454317
tabA_predicted,0.3333333333333333,2,2,GGCCTCCTTTAGATAGTATA,0,3439808
tabA_predicted,0.3333333333333333,2,2,GGCCCTTTGGGGTTTTTGAA,0,3464392
tabA_predicted,0.3333333333333333,2,2,GGCCCGTAGTCGTATGACAG,0,3463218
tabA_predicted,0.3333333333333333,2,2,GGCCCCGCTATCTTAGGTTG,0,3444408
tabA_predicted,0.3333333333333333,2,2,GGCCCCAATGGGTTCTTATA,0,3440365
tabA_predicted,0.3333333333333333,2,2,GGCCCAGATGCACCAATTGC,0,3458447
tabA_predicted,0.3333333333333333,2,2,GGCCACCCAGATATTCATAA,0,3461066
tabA_predicted,0.3333333333333333,2,2,GGCATCGGAGGGGCAGACAG,0,3453171
tabA_predicted,0.3333333333333333,2,2,GGCAGCGACCTATCGCGTCG,0,3454827
tabA_predicted,0.3333333333333333,2,2,GGCAAGCGAGTCGGGACCAT,0,3449790
tabA_predicted,0.3333333333333333,2,2,GGATTTTGGTTCAAGGTCAT,0,3460896
tabA_predicted,0.3333333333333333,2,2,GGATTACGGGCTGGGACTAG,0,3443488
tabA_predicted,0.3333333333333333,2,2,GGATGGGATTGATTTAGAAC,0,3444128
tabA_predicted,0.3333333333333333,2,2,GGATGCCAACGAAAGCCAGT,0,3436469
tabA_predicted,0.3333333333333333,2,2,GGATCTCACGACCTTTTGCG,0,3445714
tabA_predicted,0.3333333333333333,2,2,GGATAAAAACCAAGGCGGGC,0,3449061
tabA_predicted,0.3333333333333333,2,2,GGAGGGAGGGGGTTCTTTGT,0,3444201
tabA_predicted,0.3333333333333333,2,2,GGAGCGGCGCAAGTGGGTTA,0,3447026
tabA_predicted,0.3333333333333333,2,2,GGAGACAATCCAGGTCGAGT,0,3437855
tabA_predicted,0.3333333333333333,2,2,GGAGAACTGAGTAATGGTCT,0,3464163
tabA_predicted,0.3333333333333333,2,2,GGAGAAAGTTTCAATAGGCG,0,3443585
tabA_predicted,0.3333333333333333,2,2,GGACTGGTAACGTAAGAACG,0,3460159
tabA_predicted,0.3333333333333333,2,2,GGACGTTTGATTTCTAATAG,0,3439387
tabA_predicted,0.3333333333333333,2,2,GGACGGAGATCTGAGTTTGA,0,3436229
tabA_predicted,0.3333333333333333,2,2,GGACCTCCTACTCTACCTTC,0,3442649
tabA_predicted,0.3333333333333333,2,2,GGACAAAGGGGCGCTTTGGC,0,3431924
tabA_predicted,0.3333333333333333,2,2,GGAATAGAGGTTTGCGGTGT,0,3457063
tabA_predicted,0.3333333333333333,2,2,GGAAGGCCGGCATGTATAAA,0,3446793
tabA_predicted,0.3333333333333333,2,2,GGAACAGCCCGGTTTAAAGC,0,3465007
tabA_predicted,0.3333333333333333,2,2,GCTTTTCAGTGTTCGGGGCA,0,3449030
tabA_predicted,0.3333333333333333,2,2,GCTTTAACTATCACTTCACC,0,3461080
tabA_predicted,0.3333333333333333,2,2,GCTTGTCTGGATTACAGCCT,0,3437052
tabA_predicted,0.3333333333333333,2,2,GCTTGCAACTTGTCGAATGT,0,3434410
tabA_predicted,0.3333333333333333,2,2,GCTGACGGACCAAGGCTGGC,0,3444297
tabA_predicted,0.3333333333333333,2,2,GCTCTCCGCAAATAGGCGAG,0,3439487
tabA_predicted,0.3333333333333333,2,2,GCTCGGTGTAATGGATAATT,0,3456150
tabA_predicted,0.3333333333333333,2,2,GCTCGGCGGTTGACCAATCT,0,3452272
tabA_predicted,0.3333333333333333,2,2,GCTCCCCCCAACGACAATGA,0,3431538
tabA_predicted,0.3333333333333333,2,2,GCTCACTGTCGTGAACATGT,0,3439856
tabA_predicted,0.3333333333333333,2,2,GCTCACAGCCGTGGTATGGG,0,3442973
tabA_predicted,0.3333333333333333,2,2,GCTATGGGCGCAATAAAAAT,0,3457765
tabA_predicted,0.3333333333333333,2,2,GCTATGAGATCTCGCCTTCC,0,3457905
tabA_predicted,0.3333333333333333,2,2,GCTAGCTAAATTCCGAGAGC,0,3457968
tabA_predicted,0.3333333333333333,2,2,GCTACGGTTTAATTGTGTCT,0,3440462
tabA_predicted,0.3333333333333333,2,2,GCTACCATTCTGCCAATGCG,0,3434538
tabA_predicted,0.3333333333333333,2,2,GCTACAGGGTCGCTTCTGTA,0,3459302
tabA_predicted,0.3333333333333333,2,2,GCGTTCGCGTAAGCGTACAG,0,3439189
tabA_predicted,0.3333333333333333,2,2,GCGTGTGTATCCCCGGTGCG,0,3449635
tabA_predicted,0.3333333333333333,2,2,GCGTCCGTTGGAACTGCAAT,0,3447435
tabA_predicted,0.3333333333333333,2,2,GCGTATACCCTCAAGACGTA,0,3453880
tabA_predicted,0.3333333333333333,2,2,GCGTATAACGCGGGAACTAA,0,3441582
tabA_predicted,0.3333333333333333,2,2,GCGTAGCAAAACGTGAGGTC,0,3435781
tabA_predicted,0.3333333333333333,2,2,GCGTACCTCATCGCGGATAA,0,3465615
tabA_predicted,0.3333333333333333,2,2,GCGGGATCAGTCGGTCACGA,0,3439184
tabA_predicted,0.3333333333333333,2,2,GCGGCGAGTGGCCGACCATC,0,3451027
tabA_predicted,0.3333333333333333,2,2,GCGGCAGCGCCGTGCCGTCT,0,3453076
tabA_predicted,0.3333333333333333,2,2,GCGCTCGCCGATCGCAATCA,0,3462744
tabA_predicted,0.3333333333333333,2,2,GCGCCCACTGGTCGGACTAG,0,3445259
tabA_predicted,0.3333333333333333,2,2,GCGAGTTTGTGAAACTCGTC,0,3440768
tabA_predicted,0.3333333333333333,2,2,GCGAACATCGAGAAGCCCCA,0,3448058
tabA_predicted,0.3333333333333333,2,2,GCCTCGCACCGCTGCCACAG,0,3463952
tabA_predicted,0.3333333333333333,2,2,GCCTAATGTAATCGTTTAGA,0,3459156
tabA_predicted,0.3333333333333333,2,2,GCCTAATATGGACACCCCGA,0,3460154
tabA_predicted,0.3333333333333333,2,2,GCCGTCAAGAGGGTTGTCTT,0,3436382
tabA_predicted,0.3333333333333333,2,2,GCCGGTCCAGCACAAAAGAC,0,3447193
tabA_predicted,0.3333333333333333,2,2,GCCGGACTATGGTTAAGCGC,0,3431654
tabA_predicted,0.3333333333333333,2,2,GCCGATCATACTCACATAGC,0,3436493
tabA_predicted,0.3333333333333333,2,2,GCCCATCGTATAGCAGTTAT,0,3463864
tabA_predicted,0.3333333333333333,2,2,GCCATCCGATCTATGTTATA,0,3444685
tabA_predicted,0.3333333333333333,2,2,GCCAGTCTCGAAGATTGTCG,0,3444261
tabA_predicted,0.3333333333333333,2,2,GCCAGTCAACGTACTACCCT,0,3448674
tabA_predicted,0.3333333333333333,2,2,GCCACTCGGCTTGCCATATG,0,3440923
tabA_predicted,0.3333333333333333,2,2,GCCAATGTGAAAGAGGATAA,0,3436354
tabA_predicted,0.3333333333333333,2,2,GCATGGCTTGGTCGAGCGAA,0,3450679
tabA_predicted,0.3333333333333333,2,2,GCAGTAGGTTCTTAGTCTCG,0,3452949
tabA_predicted,0.3333333333333333,2,2,GCAGGTTAAACGATCGATAA,0,3441592
tabA_predicted,0.3333333333333333,2,2,GCAGGGCTGTCACATAAGCG,0,3442184
tabA_predicted,0.3333333333333333,2,2,GCAGATCATTGACACAAACT,0,3445579
tabA_predicted,0.3333333333333333,2,2,GCACGGGGGATTGCTTAGTT,0,3464826
tabA_predicted,0.3333333333333333,2,2,GCACCTACAGGCTATGTGTA,0,3437732
tabA_predicted,0.3333333333333333,2,2,GCAACTACGTTCAATTAACC,0,3454886
tabA_predicted,0.3333333333333333,2,2,GCAACTAATGGCAACAACGC,0,3444246
tabA_predicted,0.3333333333333333,2,2,GCAACATTATTCCCTTACTA,0,3461160
tabA_predicted,0.3333333333333333,2,2,GCAAAACGATTCCAGAGGCG,0,3452504
tabA_predicted,0.3333333333333333,2,2,GATTATGCTAAACGGGGGGT,0,3464712
tabA_predicted,0.3333333333333333,2,2,GATGGGAGCAGTGTTCACAT,0,3446817
tabA_predicted,0.3333333333333333,2,2,GATGGATCTGAACAGTTCGT,0,3455159
tabA_predicted,0.3333333333333333,2,2,GATGATGCCGCCATATCACA,0,3449234
tabA_predicted,0.3333333333333333,2,2,GATCTTGGTTGGAGGTTACG,0,3447987
tabA_predicted,0.3333333333333333,2,2,GATCTTCGCCACCTCACCTC,0,3445452
tabA_predicted,0.3333333333333333,2,2,GATCTACGTAAAGGCATCCC,0,3443522
tabA_predicted,0.3333333333333333,2,2,GATCTAAATATTCCGAAATA,0,3434398
tabA_predicted,0.3333333333333333,2,2,GATCGTAAGCAGTTCGTAGT,0,3465512
tabA_predicted,0.3333333333333333,2,2,GATCGGGAGTGTTACACTGG,0,3461537
tabA_predicted,0.3333333333333333,2,2,GATCCATTCGCCATCATCCC,0,3457942
tabA_predicted,0.3333333333333333,2,2,GATATGCGTTAGCTGGAGAC,0,3459535
tabA_predicted,0.3333333333333333,2,2,GATATACTAGGTGTGACGTG,0,3447489
tabA_predicted,0.3333333333333333,2,2,GATAGCGCGAAACAGGATGG,0,3463854
tabA_predicted,0.3333333333333333,2,2,GATACACTCGCGGAATCTAT,0,3451581
tabA_predicted,0.3333333333333333,2,2,GATACAATCAGTAAGACAAT,0,3449357
tabA_predicted,0.3333333333333333,2,2,GAGTTTACAACTGCGTGGTA,0,3447319
tabA_predicted,0.3333333333333333,2,2,GAGTTCGTTTCAATCTAGAT,0,3431483
tabA_predicted,0.3333333333333333,2,2,GAGTTATAGCCCCTGAGAAT,0,3432171
tabA_predicted,0.3333333333333333,2,2,GAGTGCCCTTCTGCAGCTTT,0,3447017
tabA_predicted,0.3333333333333333,2,2,GAGTATTCTTGTACGGTCCG,0,3439265
tabA_predicted,0.3333333333333333,2,2,GAGTACTTTGGGGCGGTGAT,0,3452261
tabA_predicted,0.3333333333333333,2,2,GAGGCAATTTTACACGTAGA,0,3436602
tabA_predicted,0.3333333333333333,2,2,GAGCTTTCGTAACACGAGCA,0,3452123
tabA_predicted,0.3333333333333333,2,2,GAGCTGCACTACTTACTAAT,0,3466215
tabA_predicted,0.3333333333333333,2,2,GAGCTATTACTCCAAAAGCC,0,3431315
tabA_predicted,0.3333333333333333,2,2,GAGCTAGTTTTGGACCAGCT,0,3458143
tabA_predicted,0.3333333333333333,2,2,GAGCGGCTACGTCGGGCCGG,0,3454250
tabA_predicted,0.3333333333333333,2,2,GAGCCACTTTGGGTCACTTG,0,3457199
tabA_predicted,0.3333333333333333,2,2,GAGCATATTAAGCGTGTTTA,0,3434957
tabA_predicted,0.3333333333333333,2,2,GAGCAGGCGCTACAACCCGC,0,3452601
tabA_predicted,0.3333333333333333,2,2,GAGCAGACCGTCTTATTCTA,0,3445705
tabA_predicted,0.3333333333333333,2,2,GAGATAGTATAGTCTTTCCA,0,3455012
tabA_predicted,0.3333333333333333,2,2,GAGAGTGTCTTAGGAATGCA,0,3462520
tabA_predicted,0.3333333333333333,2,2,GAGAGTAAGGCATTGTTAGG,0,3462417
tabA_predicted,0.3333333333333333,2,2,GAGACACTTACGTAAGCTGT,0,3449078
tabA_predicted,0.3333333333333333,2,2,GAGACACGATAGTGCTGTAG,0,3461435
tabA_predicted,0.3333333333333333,2,2,GAGAAGACCGCAGCATGAGA,0,3439818
tabA_predicted,0.3333333333333333,2,2,GACTCTATGAGGATTTAATA,0,3435791
tabA_predicted,0.3333333333333333,2,2,GACGTGGAGTCGTGAACCCA,0,3453659
tabA_predicted,0.3333333333333333,2,2,GACGGTAGAAGTGAGGATAT,0,3439445
tabA_predicted,0.3333333333333333,2,2,GACGGGGGCAGAGCTGCATA,0,3466199
tabA_predicted,0.3333333333333333,2,2,GACGCTTATGTTTAGAAGAC,0,3461619
tabA_predicted,0.3333333333333333,2,2,GACGCTATTCGCCGGATCAC,0,3464351
tabA_predicted,0.3333333333333333,2,2,GACGAGTTACCGGCGACATT,0,3454169
tabA_predicted,0.3333333333333333,2,2,GACGACGGACTACTGAACAA,0,3433834
tabA_predicted,0.3333333333333333,2,2,GACCTTCGCAGGACAAATGC,0,3434335
tabA_predicted,0.3333333333333333,2,2,GACCTGGAAAATCATTCAAC,0,3448161
tabA_predicted,0.3333333333333333,2,2,GACCGCTACTCTTGTCCGTT,0,3464851
tabA_predicted,0.3333333333333333,2,2,GACCGATGACTAACGAAGGG,0,3447332
tabA_predicted,0.3333333333333333,2,2,GACATGTCGGAATAGACGGT,0,3447905
tabA_predicted,0.3333333333333333,2,2,GACATCTAGTTAGCCCATCC,0,3456651
tabA_predicted,0.3333333333333333,2,2,GACAATGATCGGACCGATCT,0,3465175
tabA_predicted,0.3333333333333333,2,2,GACAAACCAGGGCAGTGTCT,0,3453605
tabA_predicted,0.3333333333333333,2,2,GAATTACAAAGTTCTTCTCG,0,3433930
tabA_predicted,0.3333333333333333,2,2,GAAGCTGAATAGCAATTTAT,0,3450931
tabA_predicted,0.3333333333333333,2,2,GAAGATGGAGTACGAGCGAC,0,3440252
tabA_predicted,0.3333333333333333,2,2,GAACTGCTACCGGTCTGAAC,0,3464284
tabA_predicted,0.3333333333333333,2,2,GAACGGTGGACATTGTAATG,0,3453720
tabA_predicted,0.3333333333333333,2,2,GAACGCATACTGATCTCCGG,0,3451846
tabA_predicted,0.3333333333333333,2,2,GAACGAATCGTAAGGGTCCA,0,3456669
tabA_predicted,0.3333333333333333,2,2,GAACCTGAGGCCTTTTCGGT,0,3446240
tabA_predicted,0.3333333333333333,2,2,GAAATCAAAAGAGTAATAAG,0,3449462
tabA_predicted,0.3333333333333333,2,2,GAAACTTCTCCGAATCATCT,0,3463650
tabA_predicted,0.3333333333333333,2,2,GAAACGGAAGGTCCCTTGTT,0,3446563
tabA_predicted,0.3333333333333333,2,2,GAAACCCTTATCCTGAAACG,0,3465928
tabA_predicted,0.3333333333333333,2,2,GAAACCATTCTATAACTAAG,0,3448517
tabA_predicted,0.3333333333333333,2,2,CTTTTTCTAGTCTTCCTGAT,0,3437477
tabA_predicted,0.3333333333333333,2,2,CTTTTAACAATTTTTGTGTT,0,3435423
tabA_predicted,0.3333333333333333,2,2,CTTTGGTATGGTGCCCGCGT,0,3433860
tabA_predicted,0.3333333333333333,2,2,CTTTGAACGTAGCCAGCTAA,0,3461084
tabA_predicted,0.3333333333333333,2,2,CTTTACCACGCGTTGAAAAC,0,3452049
tabA_predicted,0.3333333333333333,2,2,CTTTAATACGTTTCGCAGAT,0,3449734
tabA_predicted,0.3333333333333333,2,2,CTTGTCTATAGAAGCCCAGG,0,3437359
tabA_predicted,0.3333333333333333,2,2,CTTGAATTGAGTAACAGTCG,0,3442004
tabA_predicted,0.3333333333333333,2,2,CTTCTGGCTGGTCACGTGAT,0,3438284
tabA_predicted,0.3333333333333333,2,2,CTTCTCTGACTTTATAAAAT,0,3443516
tabA_predicted,0.3333333333333333,2,2,CTTCTACTTGTACAGGGGGA,0,3436440
tabA_predicted,0.3333333333333333,2,2,CTTCGCGCGGAGCTTGTATC,0,3442590
tabA_predicted,0.3333333333333333,2,2,CTTCCAGCAGGGCGACATTT,0,3463832
tabA_predicted,0.3333333333333333,2,2,CTTCATGTGTCGCGTCAAAT,0,3444119
tabA_predicted,0.3333333333333333,2,2,CTTAGCCTGTTTCTTAACGC,0,3457688
tabA_predicted,0.3333333333333333,2,2,CTTACCGTTAAAAGCTGGTT,0,3437642
tabA_predicted,0.3333333333333333,2,2,CTTAATACTTCGATGCCAGG,0,3441989
tabA_predicted,0.3333333333333333,2,2,CTTAAATGCCATGGTGTTGC,0,3436590
tabA_predicted,0.3333333333333333,2,2,CTTAAACCGGTTCGGACGAA,0,3434925
tabA_predicted,0.3333333333333333,2,2,CTTAAAAACCTCATTAGGCG,0,3436077
tabA_predicted,0.3333333333333333,2,2,CTGTTTATCGGCTAGTGCTT,0,3438232
tabA_predicted,0.3333333333333333,2,2,CTGTTATCCTGGACGTTGGC,0,3462589
tabA_predicted,0.3333333333333333,2,2,CTGTTACACATGTTGTATAA,0,3462541
tabA_predicted,0.3333333333333333,2,2,CTGTGGGACTCGGCCATGGC,0,3445189
tabA_predicted,0.3333333333333333,2,2,CTGTGGCTTCCTCGGAGTGT,0,3446957
tabA_predicted,0.3333333333333333,2,2,CTGTGATCAAGAAGATTAAA,0,3464789
tabA_predicted,0.3333333333333333,2,2,CTGTCCGCCGTCATACTCAT,0,3448576
tabA_predicted,0.3333333333333333,2,2,CTGTAACTCGCCAGCCAGTC,0,3455799
tabA_predicted,0.3333333333333333,2,2,CTGGTTAACTGAGACAAACT,0,3446065
tabA_predicted,0.3333333333333333,2,2,CTGGTGCATGTAAAGTGATG,0,3453864
tabA_predicted,0.3333333333333333,2,2,CTGGTGAAGCGCATGGGGCG,0,3451410
tabA_predicted,0.3333333333333333,2,2,CTGGGAGATATATTTTGGTT,0,3444532
tabA_predicted,0.3333333333333333,2,2,CTGGCCTTAGCACTATGTTC,0,3433005
tabA_predicted,0.3333333333333333,2,2,CTGGATGTAGTGCCTAGTGG,0,3456008
tabA_predicted,0.3333333333333333,2,2,CTGGAAACTGGGAGGTACGG,0,3448282
tabA_predicted,0.3333333333333333,2,2,CTGCTGCTGAGCTAACTCAC,0,3459964
tabA_predicted,0.3333333333333333,2,2,CTGCTGATCCTACCTGGGAA,0,3436753
tabA_predicted,0.3333333333333333,2,2,CTGCTCTATTATTGTTTGAT,0,3465851
tabA_predicted,0.3333333333333333,2,2,CTGCGTAATCGACAAAACAA,0,3440524
tabA_predicted,0.3333333333333333,2,2,CTGATTATTGTTGACAGCAT,0,3464340
tabA_predicted,0.3333333333333333,2,2,CTGACGGGACCCTCACTCCA,0,3447935
tabA_predicted,0.3333333333333333,2,2,CTGAAGGACACCCGTAACAA,0,3449003
tabA_predicted,0.3333333333333333,2,2,CTCTTGTAATTCATCGTTTA,0,3457610
tabA_predicted,0.3333333333333333,2,2,CTCTGCGTGTATAAAACGTC,0,3447975
tabA_predicted,0.3333333333333333,2,2,CTCTGAAAGAACTCCAGGAT,0,3454545
tabA_predicted,0.3333333333333333,2,2,CTCGTATCCTTGTTGTCACA,0,3448736
tabA_predicted,0.3333333333333333,2,2,CTCGCTCGTACCCATCCCAC,0,3436029
tabA_predicted,0.3333333333333333,2,2,CTCGATAGCCCATCGATGGT,0,3464776
tabA_predicted,0.3333333333333333,2,2,CTCGAAGAAAAAGAGGCGCC,0,3461513
tabA_predicted,0.3333333333333333,2,2,CTCCTGATGCCGTGAGTTGC,0,3457568
tabA_predicted,0.3333333333333333,2,2,CTCCGTGTATGCCGGCTCGC,0,3448528
tabA_predicted,0.3333333333333333,2,2,CTCCGGGCCACGATTCCCCG,0,3456712
tabA_predicted,0.3333333333333333,2,2,CTCCGAGATACAGCTTTATT,0,3439800
tabA_predicted,0.3333333333333333,2,2,CTCCCGGGGTACTCTTTTGT,0,3463871
tabA_predicted,0.3333333333333333,2,2,CTCCCGACAGAGTTGGAAAA,0,3457141
tabA_predicted,0.3333333333333333,2,2,CTCCAGATCTACTGTTCCGT,0,3458784
tabA_predicted,0.3333333333333333,2,2,CTCATGTAAGATTGTAGCAT,0,3440214
tabA_predicted,0.3333333333333333,2,2,CTCATAACGACTCAATGGCG,0,3450889
tabA_predicted,0.3333333333333333,2,2,CTCAGTTGCGTGCGCATAAT,0,3452610
tabA_predicted,0.3333333333333333,2,2,CTCAGGGAGAGTCGGGTATC,0,3459136
tabA_predicted,0.3333333333333333,2,2,CTCAGCGTACGCTCGGCCGA,0,3431642
tabA_predicted,0.3333333333333333,2,2,CTATTACTGCCTAGAACACG,0,3447578
tabA_predicted,0.3333333333333333,2,2,CTATCGCTTACTCCAGTTTC,0,3460228
tabA_predicted,0.3333333333333333,2,2,CTATCGATAAAATAATCGAT,0,3461845
tabA_predicted,0.3333333333333333,2,2,CTATCATCGATTTAGTTCCT,0,3433372
tabA_predicted,0.3333333333333333,2,2,CTATATTTCACCCCAGGTTC,0,3440951
tabA_predicted,0.3333333333333333,2,2,CTATAAGCAGCGCCTGGGTG,0,3447723
tabA_predicted,0.3333333333333333,2,2,CTAGGAAATGAATTTATCAT,0,3464905
tabA_predicted,0.3333333333333333,2,2,CTACGTCAGGGTCGGTGCCT,0,3462868
tabA_predicted,0.3333333333333333,2,2,CTACGCATCGTGCTCCCCTA,0,3448235
tabA_predicted,0.3333333333333333,2,2,CTACCTCTGTTGTGATTCTT,0,3458839
tabA_predicted,0.3333333333333333,2,2,CTACATGCCTAGGACTCAGC,0,3463151
tabA_predicted,0.3333333333333333,2,2,CTACATACGAACTATACCCC,0,3443645
tabA_predicted,0.3333333333333333,2,2,CTACACAGATGGACAGAGGG,0,3449412
tabA_predicted,0.3333333333333333,2,2,CTAACTCCTGACATGACCCG,0,3457083
tabA_predicted,0.3333333333333333,2,2,CTAAAAGATGTTCCCCCTAT,0,3434503
tabA_predicted,0.3333333333333333,2,2,CGTTCGTGATAGGGATTCTG,0,3457048
tabA_predicted,0.3333333333333333,2,2,CGTTAAGTATGCTCATCCGG,0,3457498
tabA_predicted,0.3333333333333333,2,2,CGTTAAAGTAGGGCAGATGA,0,3458956
tabA_predicted,0.3333333333333333,2,2,CGTGCTATGACAGCTACCCT,0,3444817
tabA_predicted,0.3333333333333333,2,2,CGTGCGTTACATGTCTCTTT,0,3444350
tabA_predicted,0.3333333333333333,2,2,CGTGCGCCTCTATAAGTCGC,0,3431480
tabA_predicted,0.3333333333333333,2,2,CGTGAATGGTACTGGTGTTC,0,3437006
tabA_predicted,0.3333333333333333,2,2,CGTCTGCCACCGATTAGGTC,0,3435721
tabA_predicted,0.3333333333333333,2,2,CGTCTACCGCAATGAGGAAA,0,3451265
tabA_predicted,0.3333333333333333,2,2,CGTCTAAGGTGCTGGAGTTG,0,3465391
tabA_predicted,0.3333333333333333,2,2,CGTCGTGCGGATACCACAAA,0,3434432
tabA_predicted,0.3333333333333333,2,2,CGTCGCGTGCATGCTTGATT,0,3454411
tabA_predicted,0.3333333333333333,2,2,CGTCGAGAAGGGCCTAATTG,0,3452872
tabA_predicted,0.3333333333333333,2,2,CGTCCTTAACAGCACATAAT,0,3453500
tabA_predicted,0.3333333333333333,2,2,CGTCAGGTCGCTCCAGTGAT,0,3454525
tabA_predicted,0.3333333333333333,2,2,CGTCAGGTATTGCTGGTGAT,0,3455219
tabA_predicted,0.3333333333333333,2,2,CGTATATCTAATCTTGCCTT,0,3442350
tabA_predicted,0.3333333333333333,2,2,CGTAAGTCCCTGGGTGTAAT,0,3462037
tabA_predicted,0.3333333333333333,2,2,CGTAAGGAGCGCTTTCGGCT,0,3448197
tabA_predicted,0.3333333333333333,2,2,CGGTTTATTAAGCTTGTTGC,0,3449198
tabA_predicted,0.3333333333333333,2,2,CGGTGCATCTCTGGACCTGC,0,3444413
tabA_predicted,0.3333333333333333,2,2,CGGTGCATCATTGCTGTCAC,0,3436101
tabA_predicted,0.3333333333333333,2,2,CGGTAGTAACGGCATTGGAT,0,3463030
tabA_predicted,0.3333333333333333,2,2,CGGTACTTATATACTATCAA,0,3434246
tabA_predicted,0.3333333333333333,2,2,CGGGTTTGCACAAGCTCGTC,0,3450692
tabA_predicted,0.3333333333333333,2,2,CGGGTGGTGTGATTACAAGG,0,3434118
tabA_predicted,0.3333333333333333,2,2,CGGGGTTGAATTACGCCAAG,0,3435433
tabA_predicted,0.3333333333333333,2,2,CGGGGCAAGCGTCCGCGGCT,0,3463809
tabA_predicted,0.3333333333333333,2,2,CGGGAGGATGAAAGTGAACA,0,3441129
tabA_predicted,0.3333333333333333,2,2,CGGCTAGCCCGGTGGTTTTA,0,3443681
tabA_predicted,0.3333333333333333,2,2,CGGCGCCTCTAATGTATCTA,0,3440029
tabA_predicted,0.3333333333333333,2,2,CGGCGAGAGCGCAGGTAATC,0,3432411
tabA_predicted,0.3333333333333333,2,2,CGGCGAAGGAAGTGACTACG,0,3464422
tabA_predicted,0.3333333333333333,2,2,CGGCCGTCGAATGCTCGTCG,0,3448106
tabA_predicted,0.3333333333333333,2,2,CGGCCCAGTCTATCTGTTTG,0,3449023
tabA_predicted,0.3333333333333333,2,2,CGGCCATTAGCGTATCGTAT,0,3438699
tabA_predicted,0.3333333333333333,2,2,CGGAGTTGCTTATGAAAGGG,0,3463356
tabA_predicted,0.3333333333333333,2,2,CGGACGTTGGTCCCGCCAAT,0,3449009
tabA_predicted,0.3333333333333333,2,2,CGCTTTATAGTAGGCCGCTA,0,3452412
tabA_predicted,0.3333333333333333,2,2,CGCTTCCAGTTCACGAACCC,0,3455880
tabA_predicted,0.3333333333333333,2,2,CGCTCGAAAGATGGTCTTGG,0,3431971
tabA_predicted,0.3333333333333333,2,2,CGCTCCAAGCTGTGGGATAG,0,3445914
tabA_predicted,0.3333333333333333,2,2,CGCTCACGTAAGCTTCGTTG,0,3438129
tabA_predicted,0.3333333333333333,2,2,CGCTAGTTAGGGCGGGTGAA,0,3451942
tabA_predicted,0.3333333333333333,2,2,CGCGTACCTTGTGGCCGCTA,0,3464302
tabA_predicted,0.3333333333333333,2,2,CGCGGGTTTCGGTATCATGT,0,3446613
tabA_predicted,0.3333333333333333,2,2,CGCGCCGGCGCTACAAATTT,0,3447688
tabA_predicted,0.3333333333333333,2,2,CGCGCAGGTAGGAATCACGG,0,3437178
tabA_predicted,0.3333333333333333,2,2,CGCGATAAGGTGACGAGCCC,0,3439715
tabA_predicted,0.3333333333333333,2,2,CGCGACTGAATCGACGGGAG,0,3457918
tabA_predicted,0.3333333333333333,2,2,CGCGAAGGATTGCGACGCTG,0,3434071
tabA_predicted,0.3333333333333333,2,2,CGCCTTGGATCATATTAAAG,0,3454486
tabA_predicted,0.3333333333333333,2,2,CGCAGGAGACCCTCAAACTC,0,3433698
tabA_predicted,0.3333333333333333,2,2,CGCAAGTCTTGCCAAGGCTT,0,3449602
tabA_predicted,0.3333333333333333,2,2,CGCAAATTGGTGCCGGTAGT,0,3457863
tabA_predicted,0.3333333333333333,2,2,CGATTGCTTGTGTGAAATCG,0,3451669
tabA_predicted,0.3333333333333333,2,2,CGATTCCTGTATTGGCTCCA,0,3433477
tabA_predicted,0.3333333333333333,2,2,CGATGTGCGTTGTCGTCGCT,0,3446022
tabA_predicted,0.3333333333333333,2,2,CGATGTGCAGCTGCATGCTT,0,3462284
tabA_predicted,0.3333333333333333,2,2,CGATATTTTCATAAAGCGGC,0,3460511
tabA_predicted,0.3333333333333333,2,2,CGATAGCTTTGGGGTAATCT,0,3443893
tabA_predicted,0.3333333333333333,2,2,CGAGGTTAGAAATCGAAGAC,0,3460680
tabA_predicted,0.3333333333333333,2,2,CGAGGTGCTAACCAGTCGTT,0,3454305
tabA_predicted,0.3333333333333333,2,2,CGAGGTAACTCCCCGGATTG,0,3465220
tabA_predicted,0.3333333333333333,2,2,CGAGCTCGGAGGTTGGCTTG,0,3443108
tabA_predicted,0.3333333333333333,2,2,CGAGATAGACCGTCGATGGC,0,3462797
tabA_predicted,0.3333333333333333,2,2,CGACTTTCGTGGGTCATGCG,0,3439794
tabA_predicted,0.3333333333333333,2,2,CGACTCATCGTGCACTGAGG,0,3436377
tabA_predicted,0.3333333333333333,2,2,CGACGGTAGGTTGGTATAAT,0,3459648
tabA_predicted,0.3333333333333333,2,2,CGACGGCAGGGACAAGAACG,0,3439256
tabA_predicted,0.3333333333333333,2,2,CGACGCAGTAGCAGGTGTCA,0,3459298
tabA_predicted,0.3333333333333333,2,2,CGACCATTGCTGCTTTTGAG,0,3449986
tabA_predicted,0.3333333333333333,2,2,CGACACTGTTGAGGTGTGGC,0,3456552
tabA_predicted,0.3333333333333333,2,2,CGACACCGACTTGGTGTAAC,0,3447790
tabA_predicted,0.3333333333333333,2,2,CGACACAGAGATTACCAGAC,0,3446743
tabA_predicted,0.3333333333333333,2,2,CGACAAACGCAGAGGCACAG,0,3455165
tabA_predicted,0.3333333333333333,2,2,CGAATCTCTTACGGCGAGGA,0,3432419
tabA_predicted,0.3333333333333333,2,2,CGAATCCTCGAAGAGCGTTA,0,3442820
tabA_predicted,0.3333333333333333,2,2,CGAAGCAGTGACCTGCTGCA,0,3465745
tabA_predicted,0.3333333333333333,2,2,CGAACCGGCATCTTCGATAT,0,3442199
tabA_predicted,0.3333333333333333,2,2,CCTTTTAAACGCTAGAAAGG,0,3437040
tabA_predicted,0.3333333333333333,2,2,CCTTCGTCTGTTGGATGCTT,0,3449758
tabA_predicted,0.3333333333333333,2,2,CCTTAGAATCGACTGCCATT,0,3439261
tabA_predicted,0.3333333333333333,2,2,CCTGGTACTAATCATCCCGC,0,3456046
tabA_predicted,0.3333333333333333,2,2,CCTGGGGGGCAGTATGATGG,0,3447626
tabA_predicted,0.3333333333333333,2,2,CCTGGCGCCCTAAAGTGCTT,0,3464117
tabA_predicted,0.3333333333333333,2,2,CCTGATTTTGGTCCAGTGGA,0,3440532
tabA_predicted,0.3333333333333333,2,2,CCTGAACTGTTACTCAGCGG,0,3453275
tabA_predicted,0.3333333333333333,2,2,CCTCGACTCATGCTATTGTA,0,3458162
tabA_predicted,0.3333333333333333,2,2,CCTCATGTGGACGACAGAAC,0,3442012
tabA_predicted,0.3333333333333333,2,2,CCTCACGGCCCCCAACTTGG,0,3442259
tabA_predicted,0.3333333333333333,2,2,CCTATCGCTGTTACAGATAG,0,3462826
tabA_predicted,0.3333333333333333,2,2,CCTATACTGCGTTTGGATGC,0,3446708
tabA_predicted,0.3333333333333333,2,2,CCTAGGAACTCTAGAGTATT,0,3442537
tabA_predicted,0.3333333333333333,2,2,CCTAGAAACAGAGTTAGCGC,0,3432896
tabA_predicted,0.3333333333333333,2,2,CCTAATAGTTCAGATGCGTG,0,3446464
tabA_predicted,0.3333333333333333,2,2,CCGTTAGTACTCCTCCTTGA,0,3455794
tabA_predicted,0.3333333333333333,2,2,CCGTTAATTATACTGGTGGT,0,3450632
tabA_predicted,0.3333333333333333,2,2,CCGTGTTGTCACCTTTCCTG,0,3443905
tabA_predicted,0.3333333333333333,2,2,CCGTGGATGTTTACTTCTAT,0,3461577
tabA_predicted,0.3333333333333333,2,2,CCGTCGGTGGGGCTGAGCAA,0,3447485
tabA_predicted,0.3333333333333333,2,2,CCGTCCATGGTCATGAGTCC,0,3432827
tabA_predicted,0.3333333333333333,2,2,CCGTAACTTGCGGGAAAACC,0,3454364
tabA_predicted,0.3333333333333333,2,2,CCGGTTGAGGGACAGACGGT,0,3443043
tabA_predicted,0.3333333333333333,2,2,CCGGTGGGGATTCGCGCGAA,0,3447085
tabA_predicted,0.3333333333333333,2,2,CCGGGGCCACCTATAGCAAA,0,3447721
tabA_predicted,0.3333333333333333,2,2,CCGGGCATCGTCAGGGGTGT,0,3455779
tabA_predicted,0.3333333333333333,2,2,CCGGGAGGTCCAAGCTCGCA,0,3466200
tabA_predicted,0.3333333333333333,2,2,CCGGACAGTTGATTTGCGCT,0,3451520
tabA_predicted,0.3333333333333333,2,2,CCGCTGAATCTCGTTCCGTG,0,3442562
tabA_predicted,0.3333333333333333,2,2,CCGCGGACCTAGCACTTCGG,0,3463015
tabA_predicted,0.3333333333333333,2,2,CCGCGCTCTGCGTACGGGAT,0,3461457
tabA_predicted,0.3333333333333333,2,2,CCGCGCGTCCACCGGCGCAT,0,3452222
tabA_predicted,0.3333333333333333,2,2,CCGCGCACTCATAATCGGTA,0,3449621
tabA_predicted,0.3333333333333333,2,2,CCGCGAGTTACCGGTCCACG,0,3458054
tabA_predicted,0.3333333333333333,2,2,CCGCCGGGGCATATCGCGGG,0,3435418
tabA_predicted,0.3333333333333333,2,2,CCGCCACGTAGGAGTTGTGT,0,3448622
tabA_predicted,0.3333333333333333,2,2,CCGCCAAGGGAACGGGGAAT,0,3462557
tabA_predicted,0.3333333333333333,2,2,CCGATTCAGGTGTTGGCGAC,0,3443150
tabA_predicted,0.3333333333333333,2,2,CCGATGTAGGATCGCAGGCA,0,3461786
tabA_predicted,0.3333333333333333,2,2,CCGAGTCGTATCAGTGCTTT,0,3446089
tabA_predicted,0.3333333333333333,2,2,CCGAGCGCGGACATTCGAAC,0,3444993
tabA_predicted,0.3333333333333333,2,2,CCGAGACAATATATATCCTT,0,3456585
tabA_predicted,0.3333333333333333,2,2,CCGAAGATGCCACTTACGGT,0,3438828
tabA_predicted,0.3333333333333333,2,2,CCGAAAGTTTTGGGCATCGT,0,3443199
tabA_predicted,0.3333333333333333,2,2,CCCTTTGAGGAGAGTGCGGT,0,3451604
tabA_predicted,0.3333333333333333,2,2,CCCTGTTGTGGTCCGACGAC,0,3458197
tabA_predicted,0.3333333333333333,2,2,CCCTCTCGAAGGCTAAGGAA,0,3458733
tabA_predicted,0.3333333333333333,2,2,CCCTCCCGGTGGTGTCCCTG,0,3458884
tabA_predicted,0.3333333333333333,2,2,CCCTCCCACTATAATCTCTC,0,3434801
tabA_predicted,0.3333333333333333,2,2,CCCTATGGCGCTTTACGCCA,0,3442702
tabA_predicted,0.3333333333333333,2,2,CCCGGTAGGTGCGGGAGAGG,0,3435563
tabA_predicted,0.3333333333333333,2,2,CCCGGCTTTTCAGCGTGCCC,0,3456537
tabA_predicted,0.3333333333333333,2,2,CCCCTTTAACAATGTCGCCC,0,3446440
tabA_predicted,0.3333333333333333,2,2,CCCCGCTGCGGGCTTAGGCC,0,3437905
tabA_predicted,0.3333333333333333,2,2,CCCCATTAAGTCTCTATGGC,0,3448527
tabA_predicted,0.3333333333333333,2,2,CCCATATCCAGGCACGAATT,0,3433197
tabA_predicted,0.3333333333333333,2,2,CCCAGGCAAAGGGCAAGATT,0,3444399
tabA_predicted,0.3333333333333333,2,2,CCCACCTGAATCTCCACGTG,0,3438514
tabA_predicted,0.3333333333333333,2,2,CCCACACGCGTTTTTTTGCA,0,3456141
tabA_predicted,0.3333333333333333,2,2,CCCAAATCAAAGTCTTAGAA,0,3462019
tabA_predicted,0.3333333333333333,2,2,CCATGGCTACTTATGAAAGC,0,3454952
tabA_predicted,0.3333333333333333,2,2,CCATGCGTGCGGAGCCGTAT,0,3435784
tabA_predicted,0.3333333333333333,2,2,CCATCGCTGGACTGAGGACA,0,3435325
tabA_predicted,0.3333333333333333,2,2,CCATATACGCCTGTCCCAGT,0,3458451
tabA_predicted,0.3333333333333333,2,2,CCATACTGTAAAAATGACAT,0,3451751
tabA_predicted,0.3333333333333333,2,2,CCAGTATCCAAAGCGTTGCA,0,3431511
tabA_predicted,0.3333333333333333,2,2,CCAGGACAATTGTCTGCATT,0,3453929
tabA_predicted,0.3333333333333333,2,2,CCAGCATTAGTCTGTCGGTC,0,3436555
tabA_predicted,0.3333333333333333,2,2,CCAGAAGATGTACAAAAATA,0,3462813
tabA_predicted,0.3333333333333333,2,2,CCACAGCATTCCGTAAGCGA,0,3439429
tabA_predicted,0.3333333333333333,2,2,CCAATTCCGCCATGTGACAA,0,3432002
tabA_predicted,0.3333333333333333,2,2,CCAAGTAGTCAAGTGGGTAT,0,3452670
tabA_predicted,0.3333333333333333,2,2,CCAAATTCCTAGAGTACATT,0,3431976
tabA_predicted,0.3333333333333333,2,2,CATTTGTCCAATCCTGGAAC,0,3436767
tabA_predicted,0.3333333333333333,2,2,CATTTGATAACACGGATGGC,0,3435363
tabA_predicted,0.3333333333333333,2,2,CATTTGACGATTAAGCGCAG,0,3446102
tabA_predicted,0.3333333333333333,2,2,CATTGTACCCTTTCGCTGGG,0,3466059
tabA_predicted,0.3333333333333333,2,2,CATTGCCAGAGGCGTTGCCC,0,3446466
tabA_predicted,0.3333333333333333,2,2,CATTCTCTCCCGACGAATTA,0,3460166
tabA_predicted,0.3333333333333333,2,2,CATGTCGGTACGACCCTCGG,0,3443624
tabA_predicted,0.3333333333333333,2,2,CATGGTCACAGCAAAAACAA,0,3437421
tabA_predicted,0.3333333333333333,2,2,CATGGATGCCGCTTATCCTT,0,3458130
tabA_predicted,0.3333333333333333,2,2,CATGCGCCGTAGTCTACGAT,0,3434557
tabA_predicted,0.3333333333333333,2,2,CATGCGAACAGAGTCCTGTT,0,3451217
tabA_predicted,0.3333333333333333,2,2,CATGATCCAAAGCTTGGCCA,0,3438242
tabA_predicted,0.3333333333333333,2,2,CATGACGTTGCTATTCAGGA,0,3431691
tabA_predicted,0.3333333333333333,2,2,CATGACGCAGTAGCGCTCGT,0,3435831
tabA_predicted,0.3333333333333333,2,2,CATCGTGCGTCAGGTAAATA,0,3439965
tabA_predicted,0.3333333333333333,2,2,CATCCGTTCATGGGCACAAT,0,3439733
tabA_predicted,0.3333333333333333,2,2,CATCCCTGGACCTCCTGCAG,0,3455740
tabA_predicted,0.3333333333333333,2,2,CATATAGCCAAGTGAAGTGC,0,3462780
tabA_predicted,0.3333333333333333,2,2,CATACGTGTCTCCGCTCCGG,0,3460012
tabA_predicted,0.3333333333333333,2,2,CATACAGGCAAACTGTAGCA,0,3457539
tabA_predicted,0.3333333333333333,2,2,CATAAGTGATGTTGCGAACG,0,3448201
tabA_predicted,0.3333333333333333,2,2,CAGTTCTTATATCGTATACA,0,3460768
tabA_predicted,0.3333333333333333,2,2,CAGTGGTTGCGCGAGGGGAC,0,3454121
tabA_predicted,0.3333333333333333,2,2,CAGTGCCTAACTAAACATAG,0,3462199
tabA_predicted,0.3333333333333333,2,2,CAGTGCCGGCGAGAAAGTAC,0,3433858
tabA_predicted,0.3333333333333333,2,2,CAGTCGGGAGGCTGGATAAG,0,3452776
tabA_predicted,0.3333333333333333,2,2,CAGTCATGGTGGTCCAGAGA,0,3463734
tabA_predicted,0.3333333333333333,2,2,CAGGTTCGCACGTGTGGGCG,0,3431450
tabA_predicted,0.3333333333333333,2,2,CAGGTCCGAGGTCCCGATGC,0,3453239
tabA_predicted,0.3333333333333333,2,2,CAGGGCTGACCGTTGTCGTA,0,3451036
tabA_predicted,0.3333333333333333,2,2,CAGGGCGGTAGCGCCTGGCA,0,3457347
tabA_predicted,0.3333333333333333,2,2,CAGGCGTAATGCAAAATTCT,0,3446504
tabA_predicted,0.3333333333333333,2,2,CAGGCGGGCGGCGTCATTGG,0,3434505
tabA_predicted,0.3333333333333333,2,2,CAGCTAGTAAGCAGTCAACA,0,3465091
tabA_predicted,0.3333333333333333,2,2,CAGCGTACCGAAATGCACGA,0,3437932
tabA_predicted,0.3333333333333333,2,2,CAGCCACTCAAATCACTCCA,0,3454241
tabA_predicted,0.3333333333333333,2,2,CAGCAGGTCCTAGCACCCCA,0,3464113
tabA_predicted,0.3333333333333333,2,2,CAGCAGCCAATCGCGTCTTA,0,3458139
tabA_predicted,0.3333333333333333,2,2,CAGATGCGGTGGAGATTCAT,0,3462537
tabA_predicted,0.3333333333333333,2,2,CAGAAGCCCATGAGCGCGAG,0,3442017
tabA_predicted,0.3333333333333333,2,2,CACTGAGGCTTCGCTTACAA,0,3433392
tabA_predicted,0.3333333333333333,2,2,CACTGAATGTCAAAGTTAAA,0,3458022
tabA_predicted,0.3333333333333333,2,2,CACTCCTTTCCGGGGAGATT,0,3443507
tabA_predicted,0.3333333333333333,2,2,CACTCCTCCTGGGGCTTCCC,0,3444317
tabA_predicted,0.3333333333333333,2,2,CACTATAGCGGCGCCACCGT,0,3445317
tabA_predicted,0.3333333333333333,2,2,CACTAAAAATTCTCAAATAA,0,3438355
tabA_predicted,0.3333333333333333,2,2,CACGGGGTACATATGTTCCG,0,3442066
tabA_predicted,0.3333333333333333,2,2,CACGACAAATCGAAAGTACG,0,3449851
tabA_predicted,0.3333333333333333,2,2,CACCGGCTTCCCACAGCGTG,0,3452815
tabA_predicted,0.3333333333333333,2,2,CACCCAGCTTCACCTGGTGC,0,3433009
tabA_predicted,0.3333333333333333,2,2,CACCCAGACCAGTGGCAATC,0,3447003
tabA_predicted,0.3333333333333333,2,2,CACCATGTTAATGGGGGGGA,0,3433741
tabA_predicted,0.3333333333333333,2,2,CACATCGAGAAACGTAACAT,0,3455784
tabA_predicted,0.3333333333333333,2,2,CACATACCTTAGATTATACG,0,3450125
tabA_predicted,0.3333333333333333,2,2,CACAGGCCTCTGATCTCCGT,0,3437630
tabA_predicted,0.3333333333333333,2,2,CACAGCCTAGCGGCACTTGC,0,3439644
tabA_predicted,0.3333333333333333,2,2,CACACCCCCCCATAACCTTG,0,3444649
tabA_predicted,0.3333333333333333,2,2,CACAAGTAAAGCAATATCGT,0,3432913
tabA_predicted,0.3333333333333333,2,2,CACAACTCGGGCGGATCCCC,0,3434487
tabA_predicted,0.3333333333333333,2,2,CACAACCAATAACTGGCTGA,0,3444938
tabA_predicted,0.3333333333333333,2,2,CACAAAGTGGGATTACCCCA,0,3461791
tabA_predicted,0.3333333333333333,2,2,CAATCAGGTTTGAAGTGGTA,0,3440484
tabA_predicted,0.3333333333333333,2,2,CAATCACTCTACAGGCCAGA,0,3442008
tabA_predicted,0.3333333333333333,2,2,CAATACTTTTCACTACAGAA,0,3438203
tabA_predicted,0.3333333333333333,2,2,CAAGTGCCAAGGGGCGTGTC,0,3460628
tabA_predicted,0.3333333333333333,2,2,CAAGGTATCCTCTTCTCGGA,0,3458032
tabA_predicted,0.3333333333333333,2,2,CAACTTGTCGGTTCCACTAG,0,3454033
tabA_predicted,0.3333333333333333,2,2,CAACTCAACACTCAGAGGCA,0,3442512
tabA_predicted,0.3333333333333333,2,2,CAACGTACTATGGTCTTGGG,0,3447395
tabA_predicted,0.3333333333333333,2,2,CAACGATATAGTCGCCCGCT,0,3440933
tabA_predicted,0.3333333333333333,2,2,CAACAACCGTCCTGCTGCTC,0,3454412
tabA_predicted,0.3333333333333333,2,2,CAACAACATTTCACGCGCGG,0,3432209
tabA_predicted,0.3333333333333333,2,2,CAAATCTAGTTCGCGTTCGG,0,3458416
tabA_predicted,0.3333333333333333,2,2,CAAATCAGTGGATTGTTCAT,0,3454237
tabA_predicted,0.3333333333333333,2,2,CAAAGTTCACGCCCCCCGAC,0,3461086
tabA_predicted,0.3333333333333333,2,2,CAAACGCGATTGACCAGTGT,0,3461120
tabA_predicted,0.3333333333333333,2,2,CAAAACCCCGGATGACCGCT,0,3449646
tabA_predicted,0.3333333333333333,2,2,CAAAAAGATAAGCTAGCGTT,0,3441047
tabA_predicted,0.3333333333333333,2,2,ATTTTACCGGATTTCGGTGC,0,3456045
tabA_predicted,0.3333333333333333,2,2,ATTTGTCTGGAGCTGGTGTC,0,3449738
tabA_predicted,0.3333333333333333,2,2,ATTTAGTTTGCACGAACATT,0,3458557
tabA_predicted,0.3333333333333333,2,2,ATTTAGCAGTAATGGATGAA,0,3441765
tabA_predicted,0.3333333333333333,2,2,ATTTAACTCACGAAGTCGTT,0,3439018
tabA_predicted,0.3333333333333333,2,2,ATTGTTTGGTCACCCGGTGT,0,3439876
tabA_predicted,0.3333333333333333,2,2,ATTGTATAGTTATGTATACC,0,3433350
tabA_predicted,0.3333333333333333,2,2,ATTGGAGTGAGGTCCCGTCT,0,3447396
tabA_predicted,0.3333333333333333,2,2,ATTGATACCCGCTGATGACT,0,3435675
tabA_predicted,0.3333333333333333,2,2,ATTGAGCAAATGGAGTTACC,0,3443541
tabA_predicted,0.3333333333333333,2,2,ATTGAATCTGGAGAACCGGG,0,3456277
tabA_predicted,0.3333333333333333,2,2,ATTCTCGAATGAAGCCAAGA,0,3449082
tabA_predicted,0.3333333333333333,2,2,ATTCGTCTCAATTTGTTTGA,0,3431652
tabA_predicted,0.3333333333333333,2,2,ATTCGATCAGGTCGGCACGG,0,3461511
tabA_predicted,0.3333333333333333,2,2,ATTCAATTCCCCAGAAGGTA,0,3462782
tabA_predicted,0.3333333333333333,2,2,ATTATTCCGGTGTACGTAGA,0,3465649
tabA_predicted,0.3333333333333333,2,2,ATTACTGTCTCATCGTTAAG,0,3450969
tabA_predicted,0.3333333333333333,2,2,ATTAATCTAAGGGAGCCATA,0,3436629
tabA_predicted,0.3333333333333333,2,2,ATTAACCGCGGAATGGCCAA,0,3449833
tabA_predicted,0.3333333333333333,2,2,ATGTTGCCGTCTCGGTCCGG,0,3450271
tabA_predicted,0.3333333333333333,2,2,ATGTATCGGTTCGATAAAAT,0,3431740
tabA_predicted,0.3333333333333333,2,2,ATGGTACACCTAAAGAAAGG,0,3444871
tabA_predicted,0.3333333333333333,2,2,ATGGGACTGAGATTGAGTAG,0,3457017
tabA_predicted,0.3333333333333333,2,2,ATGCGAGACCAAAATCTGTG,0,3434396
tabA_predicted,0.3333333333333333,2,2,ATGCCTCGACTATAGCGGGG,0,3463165
tabA_predicted,0.3333333333333333,2,2,ATGCAGTTACATGGAAGGCC,0,3448530
tabA_predicted,0.3333333333333333,2,2,ATGACGGCTTGAAAATTCAG,0,3453024
tabA_predicted,0.3333333333333333,2,2,ATGAATATCTAGTTGAAGTA,0,3454204
tabA_predicted,0.3333333333333333,2,2,ATCTGAGTTCGTGACCTCCG,0,3457321
tabA_predicted,0.3333333333333333,2,2,ATCTCGCAGCCATTCTCTAT,0,3453126
tabA_predicted,0.3333333333333333,2,2,ATCTAGTCGCTGTCGTAGCA,0,3435417
tabA_predicted,0.3333333333333333,2,2,ATCGGCTAGACTACTGCGGT,0,3459802
tabA_predicted,0.3333333333333333,2,2,ATCGCTCGGGTGAGGGTCGC,0,3456558
tabA_predicted,0.3333333333333333,2,2,ATCGCCGGTTTGCGAGGAGT,0,3465345
tabA_predicted,0.3333333333333333,2,2,ATCCTTACCCGCTACAGACG,0,3456140
tabA_predicted,0.3333333333333333,2,2,ATCCTGTTCATTCCGTTTGC,0,3439016
tabA_predicted,0.3333333333333333,2,2,ATCCGGTGGAGGTAACTACA,0,3455158
tabA_predicted,0.3333333333333333,2,2,ATCCCGCAGCAAAAAAAAGG,0,3456278
tabA_predicted,0.3333333333333333,2,2,ATCCCACGAGCCCATGGTGT,0,3459637
tabA_predicted,0.3333333333333333,2,2,ATCAGACGCAAGCAAGTGCC,0,3441559
tabA_predicted,0.3333333333333333,2,2,ATCACTGCAAGTGACCTGGA,0,3465952
tabA_predicted,0.3333333333333333,2,2,ATCAAGGAACGCGCCACGGT,0,3463136
tabA_predicted,0.3333333333333333,2,2,ATCAAAAATGATCTGCTTGC,0,3464421
tabA_predicted,0.3333333333333333,2,2,ATATGTAGAGCTCTACGCCG,0,3458026
tabA_predicted,0.3333333333333333,2,2,ATATGGAGGGGGTCATAGAC,0,3443904
tabA_predicted,0.3333333333333333,2,2,ATATGCACATGGTTGTTTAC,0,3441330
tabA_predicted,0.3333333333333333,2,2,ATATGAGTCCTTGATTGCTA,0,3449419
tabA_predicted,0.3333333333333333,2,2,ATATCCCTAGTATGTGCCTA,0,3446100
tabA_predicted,0.3333333333333333,2,2,ATATATATTAAAATTGACGC,0,3434190
tabA_predicted,0.3333333333333333,2,2,ATATATATAATGGGTGGGAT,0,3443285
tabA_predicted,0.3333333333333333,2,2,ATAGTAGTGGTGTCTTTTCG,0,3460908
tabA_predicted,0.3333333333333333,2,2,ATAGTAGGGCTAAGTGTTAA,0,3437254
tabA_predicted,0.3333333333333333,2,2,ATAGCTTATAGTCAACCACA,0,3444562
tabA_predicted,0.3333333333333333,2,2,ATAGAGCAAGTAGTTCTTAA,0,3460129
tabA_predicted,0.3333333333333333,2,2,ATACTAGAGCATAGCGCCCC,0,3431521
tabA_predicted,0.3333333333333333,2,2,ATACCTAAGGCAACCGACAA,0,3463683
tabA_predicted,0.3333333333333333,2,2,ATACCGGGGTACTACAGATA,0,3456514
tabA_predicted,0.3333333333333333,2,2,ATACATACGAGGTTTAGGTT,0,3451953
tabA_predicted,0.3333333333333333,2,2,ATACACTACCGCCCACGAGA,0,3452575
tabA_predicted,0.3333333333333333,2,2,ATAACTATGGGGCCTGGATC,0,3442218
tabA_predicted,0.3333333333333333,2,2,ATAACTATACTATTGTGACT,0,3434033
tabA_predicted,0.3333333333333333,2,2,ATAAAGGCCTGGAGTACTAA,0,3442024
tabA_predicted,0.3333333333333333,2,2,AGTTTCGGATCGAGTTTGAA,0,3450977
tabA_predicted,0.3333333333333333,2,2,AGTTGATCGTGAGCAAGCCT,0,3464523
tabA_predicted,0.3333333333333333,2,2,AGTGTGGCATTAATGAAACG,0,3438866
tabA_predicted,0.3333333333333333,2,2,AGTGGGGCTAGTTTTGAGGC,0,3460976
tabA_predicted,0.3333333333333333,2,2,AGTGGCGGTTTCCAAGATGG,0,3464571
tabA_predicted,0.3333333333333333,2,2,AGTGCGGTAGCTTTCCCGAC,0,3439841
tabA_predicted,0.3333333333333333,2,2,AGTCAGGAGAACCTGTGGGT,0,3453734
tabA_predicted,0.3333333333333333,2,2,AGTCACTACGGTCCATGTGG,0,3435453
tabA_predicted,0.3333333333333333,2,2,AGTACTTTTAAGTTTCCGTC,0,3455687
tabA_predicted,0.3333333333333333,2,2,AGTACGTGGTGCCAATGATC,0,3445480
tabA_predicted,0.3333333333333333,2,2,AGTACCGATGCTTTAGCGTC,0,3452208
tabA_predicted,0.3333333333333333,2,2,AGTAACAAAAAATGCTCTTT,0,3442615
tabA_predicted,0.3333333333333333,2,2,AGGTTGACTACGGAACTCGC,0,3441381
tabA_predicted,0.3333333333333333,2,2,AGGTTCGTGAAGGTAAAGTA,0,3455998
tabA_predicted,0.3333333333333333,2,2,AGGTCCAGCCGGTCGGGCCA,0,3463201
tabA_predicted,0.3333333333333333,2,2,AGGTATGGCAGCGACTGGCC,0,3452284
tabA_predicted,0.3333333333333333,2,2,AGGTAGTAATGCCAATCGTC,0,3434082
tabA_predicted,0.3333333333333333,2,2,AGGGTCCGTGGCGGTGAATA,0,3462323
tabA_predicted,0.3333333333333333,2,2,AGGGGACTCTTATAATTCAG,0,3437336
tabA_predicted,0.3333333333333333,2,2,AGGGAGCCGGCAATCACTTC,0,3462949
tabA_predicted,0.3333333333333333,2,2,AGGCGTGTACTCGGAATAAA,0,3433587
tabA_predicted,0.3333333333333333,2,2,AGGCGCGGCCTTCCTCGATT,0,3440151
tabA_predicted,0.3333333333333333,2,2,AGGCCTACTCCAGGCGCCGG,0,3431614
tabA_predicted,0.3333333333333333,2,2,AGGCATCTCAAATCCACGCA,0,3463594
tabA_predicted,0.3333333333333333,2,2,AGGACATACCTAAAGAGGAA,0,3450393
tabA_predicted,0.3333333333333333,2,2,AGGACAGAACTTAGGCTTCA,0,3461355
tabA_predicted,0.3333333333333333,2,2,AGCTCTAGGGCGACCCGGAG,0,3439785
tabA_predicted,0.3333333333333333,2,2,AGCGTACTACCCTCCCCGCC,0,3438644
tabA_predicted,0.3333333333333333,2,2,AGCGGGGCCTCGCTAGACAA,0,3445482
tabA_predicted,0.3333333333333333,2,2,AGCGGGAGACGTTAGACGTC,0,3450974
tabA_predicted,0.3333333333333333,2,2,AGCGGATTTTAAGGCTCCTA,0,3447053
tabA_predicted,0.3333333333333333,2,2,AGCGCGCCCGCGGGATGCCT,0,3449933
tabA_predicted,0.3333333333333333,2,2,AGCGCCGAATAGTTAGGTAA,0,3459735
tabA_predicted,0.3333333333333333,2,2,AGCGAATTCTGGGCTGAACA,0,3459054
tabA_predicted,0.3333333333333333,2,2,AGCCTACATCGCATGGCCTC,0,3440531
tabA_predicted,0.3333333333333333,2,2,AGCCGAATTGGCCCGTACTT,0,3436730
tabA_predicted,0.3333333333333333,2,2,AGCCCCTCGATTAGAGATAG,0,3456617
tabA_predicted,0.3333333333333333,2,2,AGCCCAAAGCTTAGGTCTAG,0,3451891
tabA_predicted,0.3333333333333333,2,2,AGCCACTGTCCTGAGCTAGG,0,3442539
tabA_predicted,0.3333333333333333,2,2,AGCATGCGTGCGCAGACAGT,0,3458816
tabA_predicted,0.3333333333333333,2,2,AGCATCTCTGTGTAGGACAT,0,3433766
tabA_predicted,0.3333333333333333,2,2,AGCAGTACTAGTTTATCATT,0,3455491
tabA_predicted,0.3333333333333333,2,2,AGCAACAAAGCTAGTAATAC,0,3460248
tabA_predicted,0.3333333333333333,2,2,AGATTCTCTGAAGCGATCCA,0,3443519
tabA_predicted,0.3333333333333333,2,2,AGATGCTGACCAGGAAACAT,0,3450947
tabA_predicted,0.3333333333333333,2,2,AGATAAATGCGGCTTAAAAT,0,3447801
tabA_predicted,0.3333333333333333,2,2,AGAGTTCTCGGATCAATCGT,0,3459740
tabA_predicted,0.3333333333333333,2,2,AGAGTAAATAAGCTCACCTG,0,3462068
tabA_predicted,0.3333333333333333,2,2,AGAGGTGTATATAACGGGTT,0,3435056
tabA_predicted,0.3333333333333333,2,2,AGAGGACACTAGGCAGGGAG,0,3449442
tabA_predicted,0.3333333333333333,2,2,AGAGCTTGTACGGTATGTTG,0,3450735
tabA_predicted,0.3333333333333333,2,2,AGAGCGGCAGGGCATGTCAT,0,3464793
tabA_predicted,0.3333333333333333,2,2,AGAGCGATCCGACGAGCCCG,0,3463722
tabA_predicted,0.3333333333333333,2,2,AGAGCATTGGTCGCAACGAG,0,3460037
tabA_predicted,0.3333333333333333,2,2,AGACTGCAGAATCTTTCATA,0,3464874
tabA_predicted,0.3333333333333333,2,2,AGACTCGGCTGTGTACTTGC,0,3462446
tabA_predicted,0.3333333333333333,2,2,AGACTCCATAGGCTGGCTCC,0,3451153
tabA_predicted,0.3333333333333333,2,2,AGAATTGTCCACGCTCTGGG,0,3452055
tabA_predicted,0.3333333333333333,2,2,AGAATGTTTCCACCACCCAC,0,3448756
tabA_predicted,0.3333333333333333,2,2,AGAATCTATCCTATACTGAT,0,3440477
tabA_predicted,0.3333333333333333,2,2,AGAATAGGTAATCGCATACG,0,3435825
tabA_predicted,0.3333333333333333,2,2,ACTTTTAGAAACCGACCCAA,0,3442158
tabA_predicted,0.3333333333333333,2,2,ACTTTCATAACAAACCTAGT,0,3436781
tabA_predicted,0.3333333333333333,2,2,ACTTCAGTACCAGCTGGGGG,0,3443955
tabA_predicted,0.3333333333333333,2,2,ACTGCTTGCATACGGGTGGA,0,3450161
tabA_predicted,0.3333333333333333,2,2,ACTGCGGATAATACGATATA,0,3451696
tabA_predicted,0.3333333333333333,2,2,ACTGCATTCATATATACGCC,0,3454964
tabA_predicted,0.3333333333333333,2,2,ACTGAGTTGGCAATTACGGC,0,3457803
tabA_predicted,0.3333333333333333,2,2,ACTGACTGCCTCGGTAAATA,0,3440686
tabA_predicted,0.3333333333333333,2,2,ACTCGTATATCTCTAGGAAA,0,3456626
tabA_predicted,0.3333333333333333,2,2,ACTCGGAGCGAGGATGTTGC,0,3465908
tabA_predicted,0.3333333333333333,2,2,ACTCGGAATGAGGGAACGTT,0,3460048
tabA_predicted,0.3333333333333333,2,2,ACTCGCCCCCGCCGGGCAAC,0,3435036
tabA_predicted,0.3333333333333333,2,2,ACTCGACATATTGAATCACG,0,3439604
tabA_predicted,0.3333333333333333,2,2,ACTCGAATAGTTTCGTTAGT,0,3447819
tabA_predicted,0.3333333333333333,2,2,ACTCCACCCGCCGCAGTTGG,0,3460105
tabA_predicted,0.3333333333333333,2,2,ACTAGCTTCTGTAGTGTAGT,0,3436356
tabA_predicted,0.3333333333333333,2,2,ACTACCGCGTGAGGGTCAGG,0,3463049
tabA_predicted,0.3333333333333333,2,2,ACTAAAAGTTAGTGAATGCC,0,3454749
tabA_predicted,0.3333333333333333,2,2,ACGTTTGGACCACCGCCATT,0,3462840
tabA_predicted,0.3333333333333333,2,2,ACGTTTCATGAAAAAACTCC,0,3451243
tabA_predicted,0.3333333333333333,2,2,ACGTTAACGCGGACAGGACG,0,3431284
tabA_predicted,0.3333333333333333,2,2,ACGTGGGTGACAGTCAGCGT,0,3437230
tabA_predicted,0.3333333333333333,2,2,ACGGTACGACATGGGTTAGT,0,3454087
tabA_predicted,0.3333333333333333,2,2,ACGGGGTCGGCCGTCATGTT,0,3449006
tabA_predicted,0.3333333333333333,2,2,ACGGGCATTTCCCTGGTGCA,0,3437401
tabA_predicted,0.3333333333333333,2,2,ACGGGCAACATTGATGGATT,0,3444494
tabA_predicted,0.3333333333333333,2,2,ACGGGATAATCTGGTACCTC,0,3433296
tabA_predicted,0.3333333333333333,2,2,ACGGCGGTGCGGGATCACAC,0,3452185
tabA_predicted,0.3333333333333333,2,2,ACGGCGCGACACATTACGGA,0,3441745
tabA_predicted,0.3333333333333333,2,2,ACGCTGGGTGCGGGGTTTGG,0,3447750
tabA_predicted,0.3333333333333333,2,2,ACGCTCATTGGTACTTCGCC,0,3442440
tabA_predicted,0.3333333333333333,2,2,ACGCTACCGAGAAGCGACTC,0,3458925
tabA_predicted,0.3333333333333333,2,2,ACGATGTGCTGGGTTACGAG,0,3449214
tabA_predicted,0.3333333333333333,2,2,ACGACTCTGGGGGAGCATGA,0,3459809
tabA_predicted,0.3333333333333333,2,2,ACGAAAACCGTTTGCATTCA,0,3459378
tabA_predicted,0.3333333333333333,2,2,ACCTTATTTGTTTACGCTTA,0,3436446
tabA_predicted,0.3333333333333333,2,2,ACCTTACCGTCCCGAATCTT,0,3456801
tabA_predicted,0.3333333333333333,2,2,ACCTCTTGCATCTATTTCCT,0,3450478
tabA_predicted,0.3333333333333333,2,2,ACCTCTCCTCGACATCAGAA,0,3433611
tabA_predicted,0.3333333333333333,2,2,ACCTCTATGAAGATCAGGAA,0,3448948
tabA_predicted,0.3333333333333333,2,2,ACCTCCTCCACACGCTTCTA,0,3455586
tabA_predicted,0.3333333333333333,2,2,ACCGTGCGCTAACTTAGTAG,0,3451007
tabA_predicted,0.3333333333333333,2,2,ACCGTAACATTGGGCCGGGA,0,3457585
tabA_predicted,0.3333333333333333,2,2,ACCGGCACATTCGAGTGGCG,0,3457771
tabA_predicted,0.3333333333333333,2,2,ACCGGAGAAGCCCTGGTGAT,0,3439731
tabA_predicted,0.3333333333333333,2,2,ACCGCCAAGGTCTGATCGCT,0,3440299
tabA_predicted,0.3333333333333333,2,2,ACCCTTCCCCCACGGCGGCA,0,3456348
tabA_predicted,0.3333333333333333,2,2,ACCCGTTAATATCAGGACGA,0,3436470
tabA_predicted,0.3333333333333333,2,2,ACCCGCTGGTCTTTAAATAG,0,3454077
tabA_predicted,0.3333333333333333,2,2,ACCCCTCAATCTTGGGAACG,0,3453660
tabA_predicted,0.3333333333333333,2,2,ACCCCCGTCGCTAGTGGACT,0,3435872
tabA_predicted,0.3333333333333333,2,2,ACCATCATTACCCACGCTCG,0,3462109
tabA_predicted,0.3333333333333333,2,2,ACCATATGTCCTCGGAGGAT,0,3434863
tabA_predicted,0.3333333333333333,2,2,ACCATACGAACTGTTGGATA,0,3439357
tabA_predicted,0.3333333333333333,2,2,ACCAGTGCATATTTTCTTCA,0,3459900
tabA_predicted,0.3333333333333333,2,2,ACCAGTACATACAGGGAGAT,0,3450633
tabA_predicted,0.3333333333333333,2,2,ACCAGCACCGGGGTTCAATG,0,3461629
tabA_predicted,0.3333333333333333,2,2,ACCAGAAAATTATCACCACC,0,3453147
tabA_predicted,0.3333333333333333,2,2,ACCACGATAGAATTCCCCGT,0,3445094
tabA_predicted,0.3333333333333333,2,2,ACCACCTGTAATCCACAAAC,0,3453804
tabA_predicted,0.3333333333333333,2,2,ACCACAAGACTTCACGGACA,0,3460280
tabA_predicted,0.3333333333333333,2,2,ACATTCCCTCGGGCTCCAAA,0,3447595
tabA_predicted,0.3333333333333333,2,2,ACATGGGTATGCGGTAGACT,0,3459308
tabA_predicted,0.3333333333333333,2,2,ACATCTTTCCGTCACGGTGA,0,3441598
tabA_predicted,0.3333333333333333,2,2,ACATCTCGGGGCGGGGTGGG,0,3439927
tabA_predicted,0.3333333333333333,2,2,ACATATGTCTATCGTCAGGT,0,3450064
tabA_predicted,0.3333333333333333,2,2,ACATACGAACCAGAAAGACT,0,3465989
tabA_predicted,0.3333333333333333,2,2,ACAGTTGGCTCCTTTTTACG,0,3444521
tabA_predicted,0.3333333333333333,2,2,ACAGGATTGCGAAGAGGCAA,0,3445005
tabA_predicted,0.3333333333333333,2,2,ACAGCTCTGCAGCCCCGAAA,0,3434325
tabA_predicted,0.3333333333333333,2,2,ACAGCTCACTGGTCCCTTAA,0,3463001
tabA_predicted,0.3333333333333333,2,2,ACAGCAAGCGTATAGATCTC,0,3453334
tabA_predicted,0.3333333333333333,2,2,ACAGACGGGATGAGGTGGTT,0,3464739
tabA_predicted,0.3333333333333333,2,2,ACACTCTTTCTTTGTGCTCC,0,3443327
tabA_predicted,0.3333333333333333,2,2,ACACTCTAATCACTCTGGGT,0,3441541
tabA_predicted,0.3333333333333333,2,2,ACACGGGAGCCCGGTGATAC,0,3438025
tabA_predicted,0.3333333333333333,2,2,ACACCTGCTTGTCCAGCCTA,0,3451012
tabA_predicted,0.3333333333333333,2,2,ACACCTACTCGGGAGGCTGT,0,3445934
tabA_predicted,0.3333333333333333,2,2,ACACACTTAAGAGCTTCGCG,0,3447541
tabA_predicted,0.3333333333333333,2,2,ACACAATAACTGGAAGCCTC,0,3444195
tabA_predicted,0.3333333333333333,2,2,ACAATCGGAATACGTATCCA,0,3449869
tabA_predicted,0.3333333333333333,2,2,ACAAGTAAAGAAATCGATCA,0,3460072
tabA_predicted,0.3333333333333333,2,2,ACAACTTTCGCCAGTCTCAA,0,3446744
tabA_predicted,0.3333333333333333,2,2,ACAACTGTCATCGTATCAAC,0,3447206
tabA_predicted,0.3333333333333333,2,2,ACAAAGGTTCTGCTTTAGCT,0,3446069
tabA_predicted,0.3333333333333333,2,2,ACAAACGACAAAGCCCTAAC,0,3447275
tabA_predicted,0.3333333333333333,2,2,AATTTGTCCTGGAGAGTACT,0,3434064
tabA_predicted,0.3333333333333333,2,2,AATTGGGATTCACGGATCTC,0,3445039
tabA_predicted,0.3333333333333333,2,2,AATTGCAGGCGGTCGTAGGC,0,3437587
tabA_predicted,0.3333333333333333,2,2,AATTCGGATGTGCTGCGGGT,0,3464186
tabA_predicted,0.3333333333333333,2,2,AATGTTTAACCGATAATGAG,0,3460310
tabA_predicted,0.3333333333333333,2,2,AATGTCGGTGGGAATATATA,0,3459530
tabA_predicted,0.3333333333333333,2,2,AATGTACCCGGCCGTCGCAT,0,3462616
tabA_predicted,0.3333333333333333,2,2,AATGGTTAAACTTTGAATCA,0,3442631
tabA_predicted,0.3333333333333333,2,2,AATGCTCGCTTACGTTACCG,0,3458264
tabA_predicted,0.3333333333333333,2,2,AATGATACAGTCCCCTGTGA,0,3459934
tabA_predicted,0.3333333333333333,2,2,AATGAGTTCATCGCCATGCC,0,3463135
tabA_predicted,0.3333333333333333,2,2,AATGAGTCGGGTCGTTGCTC,0,3453369
tabA_predicted,0.3333333333333333,2,2,AATCGGGAAGTACGCGCTAC,0,3439216
tabA_predicted,0.3333333333333333,2,2,AATCAATGAGGCGCGGGAAA,0,3444770
tabA_predicted,0.3333333333333333,2,2,AATAGACAGCCAGGATGTCA,0,3461846
tabA_predicted,0.3333333333333333,2,2,AAGTTCGAAGGGTCTCTCTT,0,3431503
tabA_predicted,0.3333333333333333,2,2,AAGTTCCGACATAGTACTCA,0,3464342
tabA_predicted,0.3333333333333333,2,2,AAGTTATTCTCGGCACTGCC,0,3439276
tabA_predicted,0.3333333333333333,2,2,AAGTGTTACCAGGCCAAGAT,0,3459182
tabA_predicted,0.3333333333333333,2,2,AAGTGGCACGAGCCCTGAAG,0,3447657
tabA_predicted,0.3333333333333333,2,2,AAGTGGATAGCCCTAGGCAT,0,3440522
tabA_predicted,0.3333333333333333,2,2,AAGGTAAATATGGAAGTGTG,0,3441335
tabA_predicted,0.3333333333333333,2,2,AAGGGAAATAATGAGCAAGA,0,3460542
tabA_predicted,0.3333333333333333,2,2,AAGGCTAAACCCCCTCGAGC,0,3446265
tabA_predicted,0.3333333333333333,2,2,AAGGCCAGGGCTGAATTAGT,0,3442475
tabA_predicted,0.3333333333333333,2,2,AAGGCCACTACTATTTTCGG,0,3455160
tabA_predicted,0.3333333333333333,2,2,AAGCTGTTACCGTATTCTCT,0,3446953
tabA_predicted,0.3333333333333333,2,2,AAGCATGGCAGTCCTACGGT,0,3450634
tabA_predicted,0.3333333333333333,2,2,AAGCAGGTAATCCTGGGAGG,0,3452977
tabA_predicted,0.3333333333333333,2,2,AAGATTGCATCTCTTACTAT,0,3449876
tabA_predicted,0.3333333333333333,2,2,AAGATACCTGCAGAGAAATG,0,3462077
tabA_predicted,0.3333333333333333,2,2,AAGATAATGTCCGGACGTAT,0,3453618
tabA_predicted,0.3333333333333333,2,2,AAGAGTGGGACTCAGCCCTT,0,3449095
tabA_predicted,0.3333333333333333,2,2,AAGACGCAACAGCAGTCGGT,0,3442036
tabA_predicted,0.3333333333333333,2,2,AAGACCCCTTTCATAGGAAT,0,3450157
tabA_predicted,0.3333333333333333,2,2,AACTGCGCCAACGAATCTCG,0,3454329
tabA_predicted,0.3333333333333333,2,2,AACTCTGAGATCGCGTCCTG,0,3452900
tabA_predicted,0.3333333333333333,2,2,AACTCGATATCAGGAGGTCA,0,3431990
tabA_predicted,0.3333333333333333,2,2,AACTCACGCTCGTAATATCA,0,3464838
tabA_predicted,0.3333333333333333,2,2,AACTATTCGGTTACTATTGG,0,3454098
tabA_predicted,0.3333333333333333,2,2,AACTAGAGGTAAGGGAATGT,0,3454512
tabA_predicted,0.3333333333333333,2,2,AACGTCCGCTCCGTGGTTGA,0,3455672
tabA_predicted,0.3333333333333333,2,2,AACGTAAGAGGGAGGGTGAT,0,3450288
tabA_predicted,0.3333333333333333,2,2,AACGGTCCGAATAGAACTTA,0,3442653
tabA_predicted,0.3333333333333333,2,2,AACGCTTCGTTTAATAGAAG,0,3434717
tabA_predicted,0.3333333333333333,2,2,AACGCCGGCAAGAGATTAAG,0,3440605
tabA_predicted,0.3333333333333333,2,2,AACGAAGCCTAGCGGTAACG,0,3441045
tabA_predicted,0.3333333333333333,2,2,AACCTGGGATAGCCGTAGTT,0,3457477
tabA_predicted,0.3333333333333333,2,2,AACCTGCAATATGAACGATA,0,3465452
tabA_predicted,0.3333333333333333,2,2,AACCTAAAAGGGCGCTTTCA,0,3438427
tabA_predicted,0.3333333333333333,2,2,AACCGGCTGTCGAAGGATGG,0,3436087
tabA_predicted,0.3333333333333333,2,2,AACCATATCACCTTTCCAGC,0,3436693
tabA_predicted,0.3333333333333333,2,2,AACATGTAGGGAAACGCAAA,0,3432359
tabA_predicted,0.3333333333333333,2,2,AACAGGTATCAGTTTAAGTC,0,3454256
tabA_predicted,0.3333333333333333,2,2,AACAGGAATTCCGAAAGGGA,0,3435959
tabA_predicted,0.3333333333333333,2,2,AACAGAAGCCTGGTAGGGTC,0,3445136
tabA_predicted,0.3333333333333333,2,2,AACAAGAGGTCGAACAGGTC,0,3451508
tabA_predicted,0.3333333333333333,2,2,AACAACAAGCCGTCAGGTCT,0,3438671
tabA_predicted,0.3333333333333333,2,2,AAATTGCCTCTAGCCACGTT,0,3435262
tabA_predicted,0.3333333333333333,2,2,AAATCATGACGGGGTGTTTT,0,3433072
tabA_predicted,0.3333333333333333,2,2,AAATCAGAAAGGGGGATGGA,0,3434424
tabA_predicted,0.3333333333333333,2,2,AAATCAAGTCTTAGAAGAAA,0,3439745
tabA_predicted,0.3333333333333333,2,2,AAATATGACAAACGCCTACA,0,3454076
tabA_predicted,0.3333333333333333,2,2,AAATATCGGACCGGACCAGC,0,3457566
tabA_predicted,0.3333333333333333,2,2,AAATAATCGAATATCCCCCA,0,3446002
tabA_predicted,0.3333333333333333,2,2,AAAGTGCTTGCGGTCACAAG,0,3444602
tabA_predicted,0.3333333333333333,2,2,AAAGTAGAGTTGATCCGCGT,0,3442959
tabA_predicted,0.3333333333333333,2,2,AAAGGACGCCCGTAAGGCGT,0,3442613
tabA_predicted,0.3333333333333333,2,2,AAAGCGCAGCGAACTCGAAA,0,3435943
tabA_predicted,0.3333333333333333,2,2,AAAGCCGGACGAATCTAGGT,0,3432742
tabA_predicted,0.3333333333333333,2,2,AAACTGTATAGCAAGACACC,0,3446939
tabA_predicted,0.3333333333333333,2,2,AAACCTAGTTCTGCTTGTAC,0,3466192
tabA_predicted,0.3333333333333333,2,2,AAACCAGCTCACCTTGACCT,0,3453509
tabA_predicted,0.3333333333333333,2,2,AAAATCCATAAGAGACTTAG,0,3451694
tabA_predicted,0.3333333333333333,2,2,AAAATAACGTTAACCACAGA,0,3450110
tabA_predicted,0.3333333333333333,2,2,AAAAGTTGTAAGCACGTATG,0,3458707
tabA_predicted,0.3333333333333333,2,2,AAAAGTACGTTACATAGCCA,0,3442408
tabA_predicted,0.3333333333333333,2,2,AAAAGGGGTAGTAGGGCCTT,0,3465611
tabA_predicted,0.3333333333333333,2,2,AAAAGACCTGCTCAGTCTCT,0,3456029
tabA_predicted,0.3333333333333333,2,2,AAAAATATACCTGTGGACAC,0,3463495
tabA_predicted,0.3333333333333333,2,2,AAAAATAAAGGATCTTGGAA,0,3434912
tabA_predicted,0.3333333333333333,2,2,AAAAACGCAGGGACTTGCCA,0,3451533
tabA_predicted,0.5,1,1,TTTTGTAGGTGGGCGCATCA,0,3439911
tabA_predicted,0.5,1,1,TTTTGAACGTCACAGTCCAG,0,3450078
tabA_predicted,0.5,1,1,TTTTCTCTATGACTACCCCA,0,3445644
tabA_predicted,0.5,1,1,TTTTCAAGTGGTCGGTAATC,0,3441833
tabA_predicted,0.5,1,1,TTTTAATCGCGGCCAGGTCC,0,3440982
tabA_predicted,0.5,1,1,TTTTAAGATCAGGTCTACGC,0,3462740
tabA_predicted,0.5,1,1,TTTTAAATATTGTTCCGGAC,0,3432564
tabA_predicted,0.5,1,1,TTTGTGATTTGTCCCCTGCA,0,3464959
tabA_predicted,0.5,1,1,TTTGGTGCCTTAGAAGTATC,0,3451964
tabA_predicted,0.5,1,1,TTTGGTAATAATCCGTCAAG,0,3443803
tabA_predicted,0.5,1,1,TTTGGCTATTGTTATGCTTA,0,3449374
tabA_predicted,0.5,1,1,TTTGGCGTGCTTTTGGGTTA,0,3433447
tabA_predicted,0.5,1,1,TTTGGAGTCGCGACCGGCCC,0,3434309
tabA_predicted,0.5,1,1,TTTGCCACGCTGTGTGGCCA,0,3440827
tabA_predicted,0.5,1,1,TTTGCACCCTCACTACACGC,0,3441812
tabA_predicted,0.5,1,1,TTTGCAATCGGACGAAGCTC,0,3432187
tabA_predicted,0.5,1,1,TTTGAATGTATTGAAATGCT,0,3442676
tabA_predicted,0.5,1,1,TTTCTAAGATATAAATTTCC,0,3446074
tabA_predicted,0.5,1,1,TTTCGTCTACAGCGCGGACA,0,3432758
tabA_predicted,0.5,1,1,TTTCGGGCCTAGGAGCCCCT,0,3455910
tabA_predicted,0.5,1,1,TTTCGGAAAGGTACCATCGC,0,3442786
tabA_predicted,0.5,1,1,TTTCCTTGGGTCACACCTAA,0,3449244
tabA_predicted,0.5,1,1,TTTCCGATCATCGTCCGTTG,0,3436670
tabA_predicted,0.5,1,1,TTTCCCTCAATATCCGGCGA,0,3461036
tabA_predicted,0.5,1,1,TTTCACTACAGAACAGGGAC,0,3440512
tabA_predicted,0.5,1,1,TTTATCGAAAACAATTTGAC,0,3450814
tabA_predicted,0.5,1,1,TTTAAGAAGTGATCCTGCTG,0,3465915
tabA_predicted,0.5,1,1,TTTAACTACACGCAAGTAGG,0,3448232
tabA_predicted,0.5,1,1,TTGTTCCCACGTCAAAGATC,0,3433261
tabA_predicted,0.5,1,1,TTGTAGCTGGTTCAATATAA,0,3448713
tabA_predicted,0.5,1,1,TTGGTTTAGGAAGAGCATCC,0,3438799
tabA_predicted,0.5,1,1,TTGGTTGAGTGTGTTCAGGT,0,3456768
tabA_predicted,0.5,1,1,TTGGTTCCTATTCAGCATAA,0,3456012
tabA_predicted,0.5,1,1,TTGGTCCATGCGCAGTACGT,0,3439519
tabA_predicted,0.5,1,1,TTGGGCTTTGCTGGACACAA,0,3460463
tabA_predicted,0.5,1,1,TTGGGACCGGATAGAGTCGA,0,3456003
tabA_predicted,0.5,1,1,TTGGCGCCCATTCAAGGGCG,0,3432108
tabA_predicted,0.5,1,1,TTGGACAACACACGGGAATT,0,3438598
tabA_predicted,0.5,1,1,TTGGAACGACACTCGAGTAA,0,3438555
tabA_predicted,0.5,1,1,TTGGAAATGAGTCGTACTGC,0,3431597
tabA_predicted,0.5,1,1,TTGCTTGATACGGTTTTGGT,0,3437273
tabA_predicted,0.5,1,1,TTGCTCGTTGGACTTGCGAG,0,3438538
tabA_predicted,0.5,1,1,TTGCGCCTAATCGATGCTAC,0,3441791
tabA_predicted,0.5,1,1,TTGCCGATGTCCAAACGGAT,0,3436835
tabA_predicted,0.5,1,1,TTGCAAGATGTTTTAGATCC,0,3455207
tabA_predicted,0.5,1,1,TTGCAAACATGGTAGTCAGG,0,3445460
tabA_predicted,0.5,1,1,TTGATGTGATGAAGCGCTGC,0,3453725
tabA_predicted,0.5,1,1,TTGAGTCAGAACAAGGATCG,0,3431751
tabA_predicted,0.5,1,1,TTGAGGGTTGCGAATTCACG,0,3447529
tabA_predicted,0.5,1,1,TTGACCTGTATTGGAATCTT,0,3442139
tabA_predicted,0.5,1,1,TTGAATCCTAAAATCTGGAG,0,3454675
tabA_predicted,0.5,1,1,TTGAAGGCTAAGCTTTTTGA,0,3461122
tabA_predicted,0.5,1,1,TTGAAGCACCTGAAGTGACT,0,3461399
tabA_predicted,0.5,1,1,TTCTTGGGAACGGAGCGCCA,0,3451308
tabA_predicted,0.5,1,1,TTCTGGATTTAAGTGCCCAG,0,3446887
tabA_predicted,0.5,1,1,TTCTGCTGTTAATTAAAATT,0,3455889
tabA_predicted,0.5,1,1,TTCTGCAGTTGGACATAAGG,0,3465234
tabA_predicted,0.5,1,1,TTCTCTTGTGCCTCCATAAT,0,3434044
tabA_predicted,0.5,1,1,TTCTCTGCTAGGTCCAGCGA,0,3453636
tabA_predicted,0.5,1,1,TTCTCGGCGACTTGATAGTC,0,3452273
tabA_predicted,0.5,1,1,TTCTCGCGCGGCGTAACCAG,0,3433922
tabA_predicted,0.5,1,1,TTCTCCAGCGGATAGGGGCT,0,3463605
tabA_predicted,0.5,1,1,TTCTACGAAGCTACGTCTAG,0,3450614
tabA_predicted,0.5,1,1,TTCTAACAGGCCTTATCCAG,0,3460451
tabA_predicted,0.5,1,1,TTCGTTTCAATGGATGCTTA,0,3459440
tabA_predicted,0.5,1,1,TTCGGTCTGGGAAATTGAAC,0,3439872
tabA_predicted,0.5,1,1,TTCGCTTAAATGTTTAGGCG,0,3464145
tabA_predicted,0.5,1,1,TTCCTAAGGATGACCAGCTG,0,3444325
tabA_predicted,0.5,1,1,TTCCGGTGGTGAGGGTTAGT,0,3459615
tabA_predicted,0.5,1,1,TTCCGGGGACACATGCGTGA,0,3463631
tabA_predicted,0.5,1,1,TTCCCGAACATGGTGTGTGG,0,3446671
tabA_predicted,0.5,1,1,TTCCAGCCACAGTGTTACAA,0,3452080
tabA_predicted,0.5,1,1,TTCCACATGAAACTAGATAC,0,3432658
tabA_predicted,0.5,1,1,TTCATGTGCGCGAGTAACTA,0,3438623
tabA_predicted,0.5,1,1,TTCAATTTCAATATTCCTCG,0,3451663
tabA_predicted,0.5,1,1,TTATTTTTTCCCGCGAGTTC,0,3431811
tabA_predicted,0.5,1,1,TTATTTTCTGTCAACCCCGG,0,3453363
tabA_predicted,0.5,1,1,TTATTTGCAAAGTTGGGCAG,0,3446947
tabA_predicted,0.5,1,1,TTATTGTCGCTCTTCTTTAG,0,3442756
tabA_predicted,0.5,1,1,TTATTATTATTAGTCTCCTT,0,3434841
tabA_predicted,0.5,1,1,TTATGTATTACATCAGCGTA,0,3455902
tabA_predicted,0.5,1,1,TTATGTAGTCTCGCTGTGTC,0,3463644
tabA_predicted,0.5,1,1,TTATAGCCTAGCATGGACAC,0,3440028
tabA_predicted,0.5,1,1,TTATAATTGGGGAAATGCTC,0,3436058
tabA_predicted,0.5,1,1,TTAGTTAGGGTAATGATTAC,0,3447491
tabA_predicted,0.5,1,1,TTAGCTAAAAACAATTGCTT,0,3466249
tabA_predicted,0.5,1,1,TTAGAACCAAGGGACCGTCT,0,3445696
tabA_predicted,0.5,1,1,TTACTCTGCCTGTGTTAAAA,0,3462959
tabA_predicted,0.5,1,1,TTACCTGTAAGGGACGTCGC,0,3441149
tabA_predicted,0.5,1,1,TTACCATTAGCACTTTTCTG,0,3466254
tabA_predicted,0.5,1,1,TTACAGAGTTCGTTGGCGTA,0,3450181
tabA_predicted,0.5,1,1,TTAATGAGGAGCCCAGAAGG,0,3452017
tabA_predicted,0.5,1,1,TTAACTGCAATCGGCCCTAC,0,3435385
tabA_predicted,0.5,1,1,TTAACGGCCCACGGTGTCGC,0,3460432
tabA_predicted,0.5,1,1,TGTTTACAATAGCCGGGCTA,0,3449368
tabA_predicted,0.5,1,1,TGTTGTAATGGGTGTAATCT,0,3449157
tabA_predicted,0.5,1,1,TGTTGGCCGGTCCCACCATT,0,3433502
tabA_predicted,0.5,1,1,TGTTGCGGCCCTTAGTAATG,0,3452097
tabA_predicted,0.5,1,1,TGTTGAACCAAGAAGGAGCC,0,3446652
tabA_predicted,0.5,1,1,TGTTCGTAGGTTCCACCCTC,0,3446827
tabA_predicted,0.5,1,1,TGTTATGAGTAGAAACTTGC,0,3450908
tabA_predicted,0.5,1,1,TGTGTTGAGCATCGACGGGC,0,3463138
tabA_predicted,0.5,1,1,TGTGTCTAACGGTAATCTCG,0,3433732
tabA_predicted,0.5,1,1,TGTGTCCAGCGGGACCTTAG,0,3436496
tabA_predicted,0.5,1,1,TGTGGTTGCCCGATAACGAG,0,3437662
tabA_predicted,0.5,1,1,TGTGGCAGACTTCATAGACT,0,3452096
tabA_predicted,0.5,1,1,TGTGCAGAGCACGGTACGGA,0,3455810
tabA_predicted,0.5,1,1,TGTCGGCCCTAGAATCAGAG,0,3441194
tabA_predicted,0.5,1,1,TGTCCTATTTTTTTTTTTGT,0,3460507
tabA_predicted,0.5,1,1,TGTCCGGAGCTTTTGGAACC,0,3464820
tabA_predicted,0.5,1,1,TGTCAGCAGACACTCATGCT,0,3464391
tabA_predicted,0.5,1,1,TGTCACTCGTATTCATGTCT,0,3436228
tabA_predicted,0.5,1,1,TGTATTGATACTGTAGTGAT,0,3459511
tabA_predicted,0.5,1,1,TGTATGTGTCACACAATTAT,0,3439367
tabA_predicted,0.5,1,1,TGTATGGCGGATAAGAATGA,0,3443325
tabA_predicted,0.5,1,1,TGTATCCGACCCCGCAGTAG,0,3432040
tabA_predicted,0.5,1,1,TGTACGCTCACGATCTACAA,0,3449245
tabA_predicted,0.5,1,1,TGGTGTCTGACTAGGAGGGC,0,3434356
tabA_predicted,0.5,1,1,TGGTAATTCCTGTCCTCGCA,0,3439956
tabA_predicted,0.5,1,1,TGGGTGCCGTTTTACGGTAC,0,3437784
tabA_predicted,0.5,1,1,TGGGGGGGTAAGGTGGCTCG,0,3463446
tabA_predicted,0.5,1,1,TGGGGACAGACTAATCCTGA,0,3440076
tabA_predicted,0.5,1,1,TGGGCCGCCTTTTAAAGCCA,0,3453571
tabA_predicted,0.5,1,1,TGGGATGCCTAAGACGTGCT,0,3465498
tabA_predicted,0.5,1,1,TGGGAGTTTAAAATCCCGCC,0,3463106
tabA_predicted,0.5,1,1,TGGGAAGGTGGCGTCCGAGT,0,3456728
tabA_predicted,0.5,1,1,TGGCTTGCCGCGAGATTTAC,0,3448090
tabA_predicted,0.5,1,1,TGGCTCACAGTAAGCACGTG,0,3462281
tabA_predicted,0.5,1,1,TGGCCAACTTCGGCTTGCGC,0,3457148
tabA_predicted,0.5,1,1,TGGATGGGTCTGGCCACAAA,0,3441968
tabA_predicted,0.5,1,1,TGGAGTCCTTTGTACTGACA,0,3433593
tabA_predicted,0.5,1,1,TGGAGGGTTTTGCGGAAGTC,0,3465240
tabA_predicted,0.5,1,1,TGGACCGACACCAACGGTAT,0,3441458
tabA_predicted,0.5,1,1,TGGAAGTGCTAACTTTGTCA,0,3441290
tabA_predicted,0.5,1,1,TGGAAATTTGCCGAATAGGG,0,3463908
tabA_predicted,0.5,1,1,TGCTTTTGGCCACATACCTG,0,3442006
tabA_predicted,0.5,1,1,TGCTTACGGTCGGAATAGAC,0,3451772
tabA_predicted,0.5,1,1,TGCTTAAGCAGTACCAAAAG,0,3456934
tabA_predicted,0.5,1,1,TGCTGGTGCAGGTCGTCACG,0,3448338
tabA_predicted,0.5,1,1,TGCTGGCGATGCTACTGCAT,0,3446549
tabA_predicted,0.5,1,1,TGCTCTACCGAGGAACGGCC,0,3458153
tabA_predicted,0.5,1,1,TGCGTGTGTTAGGAGTAACA,0,3434821
tabA_predicted,0.5,1,1,TGCGTCTACCCGTGACCACC,0,3433120
tabA_predicted,0.5,1,1,TGCGTCAGGGTCCTCGATTG,0,3450724
tabA_predicted,0.5,1,1,TGCGGGTGTCTCTCGGGTCA,0,3431277
tabA_predicted,0.5,1,1,TGCCTTCTCGATTGAGAGGC,0,3435674
tabA_predicted,0.5,1,1,TGCCTCCTGATCCCAGTCAT,0,3457465
tabA_predicted,0.5,1,1,TGCCTAGACCTTCATGTGGT,0,3444754
tabA_predicted,0.5,1,1,TGCCCGATAGTGTCCTAGGC,0,3448378
tabA_predicted,0.5,1,1,TGCCATTCCGAACGTGCTGC,0,3454208
tabA_predicted,0.5,1,1,TGCCAGTTCCCCGCAAGCGA,0,3462814
tabA_predicted,0.5,1,1,TGCATCGAAATTATTCATGC,0,3444288
tabA_predicted,0.5,1,1,TGCAGTGGTCTTAGGTGGTT,0,3432485
tabA_predicted,0.5,1,1,TGCACTGTGTCGCAAGTTCA,0,3437277
tabA_predicted,0.5,1,1,TGCAATTCCGTTCTTTCCGC,0,3444702
tabA_predicted,0.5,1,1,TGCAATGGCGACTTAGGTTA,0,3442212
tabA_predicted,0.5,1,1,TGCAACCTCCTAATCTCATT,0,3441260
tabA_predicted,0.5,1,1,TGATTTAGTCTCTCATTATC,0,3450295
tabA_predicted,0.5,1,1,TGATCCTGACTATGAGTACA,0,3444750
tabA_predicted,0.5,1,1,TGATATCGTACAGCTCGCTA,0,3456442
tabA_predicted,0.5,1,1,TGATAACTTAATTCCCCTCC,0,3445419
tabA_predicted,0.5,1,1,TGAGTAGTAAGAAGGGTTCA,0,3436749
tabA_predicted,0.5,1,1,TGAGATCTCGCGAATCACAG,0,3440136
tabA_predicted,0.5,1,1,TGACGGTCGCCGTTATCCAG,0,3450484
tabA_predicted,0.5,1,1,TGACGCCACCTCCCGACTCT,0,3432466
tabA_predicted,0.5,1,1,TGACGAAAAAGACCAACTTG,0,3446407
tabA_predicted,0.5,1,1,TGACCTGGAGTGTGAAACCT,0,3431474
tabA_predicted,0.5,1,1,TGACCTACGGCTTTTGCCAC,0,3440717
tabA_predicted,0.5,1,1,TGACCGCTCCTGCCCGTCTG,0,3449910
tabA_predicted,0.5,1,1,TGACCCGCGAACGGTAGCCC,0,3434319
tabA_predicted,0.5,1,1,TGACCATCGCGGCTCTCGTC,0,3446155
tabA_predicted,0.5,1,1,TGACAGTAGGAACATCGTTG,0,3447083
tabA_predicted,0.5,1,1,TGACACCATCATCCAAAATG,0,3437677
tabA_predicted,0.5,1,1,TGACACCAATAACTTAACAC,0,3451659
tabA_predicted,0.5,1,1,TGAATCCAATGCCGCGCTAG,0,3446707
tabA_predicted,0.5,1,1,TGAAGCCATTCGTAAAGGAA,0,3458665
tabA_predicted,0.5,1,1,TGAAACGTTCAACAGCTATG,0,3460239
tabA_predicted,0.5,1,1,TGAAAAGCAAGTACTGTTCT,0,3448179
tabA_predicted,0.5,1,1,TGAAAAACATACGATGACTG,0,3458954
tabA_predicted,0.5,1,1,TCTTTGCATTTCGATCCGGT,0,3452229
tabA_predicted,0.5,1,1,TCTTTGCATTTCAGTGATGG,0,3461666
tabA_predicted,0.5,1,1,TCTTTCGAGTTTTGCTGCGT,0,3443216
tabA_predicted,0.5,1,1,TCTTCGTACCGCGGAGTCTC,0,3454550
tabA_predicted,0.5,1,1,TCTTCCCACCCATCTATTTA,0,3458627
tabA_predicted,0.5,1,1,TCTTCAATTCTAGAGGAACA,0,3441728
tabA_predicted,0.5,1,1,TCTGTTCCCGGTTTTTCTGT,0,3456229
tabA_predicted,0.5,1,1,TCTGTTATAGGGTATAGTAG,0,3444787
tabA_predicted,0.5,1,1,TCTGCCAGGGCTCGAATATC,0,3463166
tabA_predicted,0.5,1,1,TCTCTTCAGCGGGTACCACC,0,3465514
tabA_predicted,0.5,1,1,TCTCGTCGTCGTAGAAATAG,0,3431923
tabA_predicted,0.5,1,1,TCTCGCATTGCAGTGGGGAC,0,3455416
tabA_predicted,0.5,1,1,TCTCCTCGTAAGTGAAATTT,0,3465060
tabA_predicted,0.5,1,1,TCTCCGTTTGGAGGGTGATC,0,3460825
tabA_predicted,0.5,1,1,TCTCCACTGCACCAGAACAT,0,3438182
tabA_predicted,0.5,1,1,TCTCATCGCCATGAGTCGAA,0,3445798
tabA_predicted,0.5,1,1,TCTCAGCCGGCGCGGCGTTC,0,3462080
tabA_predicted,0.5,1,1,TCTAATACGACGAAGTCCCA,0,3456831
tabA_predicted,0.5,1,1,TCTAAGCCACAGTTGTTAAA,0,3448979
tabA_predicted,0.5,1,1,TCTAACATCTGAAAAAAGGG,0,3432959
tabA_predicted,0.5,1,1,TCGTTTTGGACGTCCGGTTA,0,3458073
tabA_predicted,0.5,1,1,TCGTGAGTTGACGACGTCCA,0,3439598
tabA_predicted,0.5,1,1,TCGTCTCCGCATAGTTAACC,0,3459875
tabA_predicted,0.5,1,1,TCGTATTAATTTAACTACCG,0,3434463
tabA_predicted,0.5,1,1,TCGTAGGCACCAGCGGTTTT,0,3462969
tabA_predicted,0.5,1,1,TCGGTGGAGTGAAGTGGCCC,0,3434237
tabA_predicted,0.5,1,1,TCGGCATGTTGATGAGTGGA,0,3462226
tabA_predicted,0.5,1,1,TCGGCAGTGAGGCATGCCCA,0,3431289
tabA_predicted,0.5,1,1,TCGGCAATCGTGTGTCAAAG,0,3441197
tabA_predicted,0.5,1,1,TCGGAAACACTAAGTGTTGG,0,3452832
tabA_predicted,0.5,1,1,TCGCTTATTCAGATTTTCTC,0,3448722
tabA_predicted,0.5,1,1,TCGCAGGTATTCATCGGGCG,0,3434596
tabA_predicted,0.5,1,1,TCGCACTAGATATTCAGAAT,0,3436055
tabA_predicted,0.5,1,1,TCGCAAGCACACGTGTGATG,0,3462416
tabA_predicted,0.5,1,1,TCGATACACACAGAGTATCG,0,3464173
tabA_predicted,0.5,1,1,TCGATAACTCGACAACCGAG,0,3449877
tabA_predicted,0.5,1,1,TCGAAGATTTAGGCACAGTT,0,3452460
tabA_predicted,0.5,1,1,TCGAACCTCATTGATCTACT,0,3443696
tabA_predicted,0.5,1,1,TCCTTTCACTGGCAAGATAC,0,3462595
tabA_predicted,0.5,1,1,TCCTTTCAACTCATGCCCGA,0,3457857
tabA_predicted,0.5,1,1,TCCTTCTTTAGAAACGGGGA,0,3452579
tabA_predicted,0.5,1,1,TCCTTCGGTTGAGGGTATCT,0,3450321
tabA_predicted,0.5,1,1,TCCTTCCCGCCTTTGGTTGT,0,3458566
tabA_predicted,0.5,1,1,TCCTGAATGACGCGCCCGCA,0,3432907
tabA_predicted,0.5,1,1,TCCTCGAACTCGTCGGATTT,0,3450363
tabA_predicted,0.5,1,1,TCCTCAGTGTTCCGTCACCC,0,3449281
tabA_predicted,0.5,1,1,TCCGTTTCGGACGCCAACGC,0,3464904
tabA_predicted,0.5,1,1,TCCGTCCTACTGGCACAAGG,0,3462316
tabA_predicted,0.5,1,1,TCCGTCCGATGGCGTACTAA,0,3443064
tabA_predicted,0.5,1,1,TCCGTACACAGGCAGCCCTA,0,3465647
tabA_predicted,0.5,1,1,TCCGTAAAGACGCAAGGTAT,0,3459334
tabA_predicted,0.5,1,1,TCCGCAGGAAGCGTAATGGC,0,3435965
tabA_predicted,0.5,1,1,TCCGACAAGCAGTACGCAGC,0,3450458
tabA_predicted,0.5,1,1,TCCGAACTACACCCTCGGTT,0,3436385
tabA_predicted,0.5,1,1,TCCCCTGTGTACAAGCAGCT,0,3454013
tabA_predicted,0.5,1,1,TCCCCACTCACCCTCGTAGT,0,3454291
tabA_predicted,0.5,1,1,TCCATTGTGGTGAGGTCCGT,0,3437127
tabA_predicted,0.5,1,1,TCCATTACTCGTCCATTGCT,0,3464376
tabA_predicted,0.5,1,1,TCCAGATGTCACTAGGACAT,0,3457947
tabA_predicted,0.5,1,1,TCCACACTGTGTGGGTAGGT,0,3443710
tabA_predicted,0.5,1,1,TCCAAACTGGGATTGTGCGA,0,3459496
tabA_predicted,0.5,1,1,TCCAAACAAGGAGGTCTTGC,0,3439034
tabA_predicted,0.5,1,1,TCATTATAGTGCTTATGCAC,0,3445404
tabA_predicted,0.5,1,1,TCATTACCCATAAGAACCTG,0,3458100
tabA_predicted,0.5,1,1,TCATGTGATCAGGCATATTG,0,3436680
tabA_predicted,0.5,1,1,TCATGGGGAGATCGATATCG,0,3444120
tabA_predicted,0.5,1,1,TCATCTGCTGCGACACTTTT,0,3435883
tabA_predicted,0.5,1,1,TCATCGCAGGCGGAGGGTAA,0,3432477
tabA_predicted,0.5,1,1,TCATCGAGGGTCGTGGAAGG,0,3431475
tabA_predicted,0.5,1,1,TCATATTGAAGGTTCGTTGA,0,3439233
tabA_predicted,0.5,1,1,TCAGGTTGTTCTAAACCTTT,0,3459456
tabA_predicted,0.5,1,1,TCAGGTGGGCATGGGTGGTC,0,3451238
tabA_predicted,0.5,1,1,TCAGAGAGCTGTGGGTCCGA,0,3441599
tabA_predicted,0.5,1,1,TCAGACGCGATTTTAGACAA,0,3437078
tabA_predicted,0.5,1,1,TCACCTCTGAGTACGGGCCG,0,3449956
tabA_predicted,0.5,1,1,TCACATGACGAAATAATTGG,0,3445412
tabA_predicted,0.5,1,1,TCACAGCGATTCAATTTCAT,0,3444136
tabA_predicted,0.5,1,1,TCAATCCCGGCGTTGGCGGG,0,3436620
tabA_predicted,0.5,1,1,TCAAGTTTGTTCACGATCAA,0,3460942
tabA_predicted,0.5,1,1,TCAAGTGATAATGCGCCCAG,0,3459211
tabA_predicted,0.5,1,1,TCAAGTCGAAGGGCGCGTGA,0,3451290
tabA_predicted,0.5,1,1,TCAAGCTGCAGATGGAGGCC,0,3452773
tabA_predicted,0.5,1,1,TCAAGCCGGTCTGGCGAATG,0,3450654
tabA_predicted,0.5,1,1,TCAACTCTCGTTAGTGTTAA,0,3447774
tabA_predicted,0.5,1,1,TCAAATGCTCCCAACCGGCG,0,3438476
tabA_predicted,0.5,1,1,TCAAAAAAACAAAACCAACG,0,3450126
tabA_predicted,0.5,1,1,TATTTTGTGGAGCTGCGGGT,0,3443921
tabA_predicted,0.5,1,1,TATTTAGATGCACCCGTGCC,0,3442762
tabA_predicted,0.5,1,1,TATTGTACCAAAGTTAGGAC,0,3434211
tabA_predicted,0.5,1,1,TATTCGCCGGAAACTGTCTG,0,3457536
tabA_predicted,0.5,1,1,TATTCCTCAATGTTAGACTC,0,3445463
tabA_predicted,0.5,1,1,TATTCAGGGTTTCCCTAGCT,0,3446996
tabA_predicted,0.5,1,1,TATGTTAGAGTACCTATCCT,0,3434088
tabA_predicted,0.5,1,1,TATGTGAGGGTTGGGTCTTC,0,3451419
tabA_predicted,0.5,1,1,TATGGGATTCCCACGTGCCG,0,3459612
tabA_predicted,0.5,1,1,TATGGCGTTGCTCGTTAGAA,0,3463251
tabA_predicted,0.5,1,1,TATGCGGGTTCACGCCTCAC,0,3434159
tabA_predicted,0.5,1,1,TATGCACGTGCCGACCGACG,0,3461760
tabA_predicted,0.5,1,1,TATCTAATACCCACCCTTAC,0,3452578
tabA_predicted,0.5,1,1,TATCGTACTGCTGATAAGGC,0,3457762
tabA_predicted,0.5,1,1,TATCGATGGTCTGTTACGCA,0,3438278
tabA_predicted,0.5,1,1,TATCATTTAGGCTACATTGG,0,3446341
tabA_predicted,0.5,1,1,TATCATGTAATAGATCACTG,0,3432113
tabA_predicted,0.5,1,1,TATCATATCCAGAGTGTACT,0,3444957
tabA_predicted,0.5,1,1,TATCAGTAAGGCTACAGGGC,0,3454930
tabA_predicted,0.5,1,1,TATATTTACTCATTCACCGG,0,3449253
tabA_predicted,0.5,1,1,TATATAGTTAAGGTACAAGG,0,3455630
tabA_predicted,0.5,1,1,TATAGTGCTCGAGACCATAG,0,3438183
tabA_predicted,0.5,1,1,TAGGTGGTGGTTCGCATGCC,0,3438437
tabA_predicted,0.5,1,1,TAGGGTGCGGCAACGCGAAA,0,3445851
tabA_predicted,0.5,1,1,TAGGGCTTTGCTTTATGAGG,0,3453128
tabA_predicted,0.5,1,1,TAGGCCAGTAGGAGGAAGGG,0,3440681
tabA_predicted,0.5,1,1,TAGGCATGGTCGTTCCAGTA,0,3433895
tabA_predicted,0.5,1,1,TAGGCAACCGGCAAGCGCAG,0,3462998
tabA_predicted,0.5,1,1,TAGGACAGAATACGGCTGAG,0,3449712
tabA_predicted,0.5,1,1,TAGCGGGATAATCCCGAGTC,0,3444856
tabA_predicted,0.5,1,1,TAGCGCCCGCAATCGCTAAT,0,3436650
tabA_predicted,0.5,1,1,TAGCATGTTTAGAAGTTACA,0,3439230
tabA_predicted,0.5,1,1,TAGATGCGCAGACGTGTCGT,0,3438357
tabA_predicted,0.5,1,1,TAGAGCGGATGCATTTACGG,0,3439055
tabA_predicted,0.5,1,1,TAGACCCTGAAGTCAATTGC,0,3452162
tabA_predicted,0.5,1,1,TAGAAGTGCTTCGCAAAGCT,0,3457373
tabA_predicted,0.5,1,1,TACGTTTTCCGATCTGCGGG,0,3438400
tabA_predicted,0.5,1,1,TACGTTTCTTAGAGAGTCCA,0,3447669
tabA_predicted,0.5,1,1,TACGTCCGACCTAAGGGGTG,0,3436889
tabA_predicted,0.5,1,1,TACGCTGCTCATCATGTCCA,0,3433140
tabA_predicted,0.5,1,1,TACGATGCTCAGGACTGTTC,0,3461101
tabA_predicted,0.5,1,1,TACCTGACATAGTCGTTTAC,0,3446169
tabA_predicted,0.5,1,1,TACCGAAGCGCATTTAACCC,0,3431633
tabA_predicted,0.5,1,1,TACATTACGCCGGCGAACCT,0,3465028
tabA_predicted,0.5,1,1,TACATAACAAAAGGCACCCC,0,3449119
tabA_predicted,0.5,1,1,TACAGTTCTTCGCCCTTGAT,0,3460793
tabA_predicted,0.5,1,1,TACAGTCCACGATCTTTCCA,0,3449371
tabA_predicted,0.5,1,1,TACACGCGGCAGCGTGACTC,0,3453411
tabA_predicted,0.5,1,1,TAATTCAAAGTGATGCCAGT,0,3435522
tabA_predicted,0.5,1,1,TAATTAAAATAAATTCAGTA,0,3452116
tabA_predicted,0.5,1,1,TAATGCTGGGAAAGGGTCGG,0,3446365
tabA_predicted,0.5,1,1,TAATGAGCTATAAAATCTAT,0,3441311
tabA_predicted,0.5,1,1,TAATCCTGCATCCACCCGAT,0,3444199
tabA_predicted,0.5,1,1,TAATATCCATAGGACCTCCT,0,3464301
tabA_predicted,0.5,1,1,TAATAGGATGACATTCGAAC,0,3461403
tabA_predicted,0.5,1,1,TAAGTGATGGATTGTGCAGA,0,3451405
tabA_predicted,0.5,1,1,TAAGTAGCGGCTCCGACGTG,0,3437972
tabA_predicted,0.5,1,1,TAAGTACCTCTTGATGCGAT,0,3449794
tabA_predicted,0.5,1,1,TAAGGGCGATTCATCAGTCC,0,3434227
tabA_predicted,0.5,1,1,TAAGGATCGAAACTCGGTCT,0,3446336
tabA_predicted,0.5,1,1,TAAGCCGACACGCATATCAA,0,3451420
tabA_predicted,0.5,1,1,TAAGAAATATGCGCGTTTGA,0,3451608
tabA_predicted,0.5,1,1,TAAGAAACCATGCGAATGAG,0,3453099
tabA_predicted,0.5,1,1,TAACGGTTTAGTTTATGTTG,0,3452943
tabA_predicted,0.5,1,1,TAACGGTCCAGTACTTTGTT,0,3453731
tabA_predicted,0.5,1,1,TAACATAGTTCGCCCCAAGT,0,3445640
tabA_predicted,0.5,1,1,TAAAGTTCAGTGATAAGTGG,0,3448226
tabA_predicted,0.5,1,1,TAAAGTCATCTATCCGACTC,0,3446784
tabA_predicted,0.5,1,1,TAAAGCAGGAGGGCTAGTCA,0,3437666
tabA_predicted,0.5,1,1,TAAAATAGGTTAAACCGGCA,0,3441913
tabA_predicted,0.5,1,1,GTTTTGGGCGTAATGCTAAG,0,3438331
tabA_predicted,0.5,1,1,GTTTTATTGGGCGCATTGGT,0,3465879
tabA_predicted,0.5,1,1,GTTTTAGATAATCCGTGAAG,0,3440938
tabA_predicted,0.5,1,1,GTTTGTAGCGATATCGAATC,0,3435377
tabA_predicted,0.5,1,1,GTTTGGACTCTGATGGTCTT,0,3459560
tabA_predicted,0.5,1,1,GTTTGACTGCCTCCGCTGTT,0,3459260
tabA_predicted,0.5,1,1,GTTTAGAATTGATCTTCCTC,0,3443795
tabA_predicted,0.5,1,1,GTTGTTCGAGCGGGGCAACC,0,3458676
tabA_predicted,0.5,1,1,GTTGGGGACAGACTGTGGAC,0,3464825
tabA_predicted,0.5,1,1,GTTGCCAAGTCCGTATTAAG,0,3440248
tabA_predicted,0.5,1,1,GTTGATTAGGCGACAGAGGT,0,3451704
tabA_predicted,0.5,1,1,GTTCGGGAGAAACCCCACAA,0,3459864
tabA_predicted,0.5,1,1,GTTCCTCGGTATATCAGCCC,0,3457262
tabA_predicted,0.5,1,1,GTTATAGATACTGGGATATA,0,3451256
tabA_predicted,0.5,1,1,GTTAGTCTGGTCCAGGATGG,0,3450435
tabA_predicted,0.5,1,1,GTTAGTCCGGCTGCTCGGCC,0,3445765
tabA_predicted,0.5,1,1,GTTAGGCGCATTAGATTGAA,0,3440129
tabA_predicted,0.5,1,1,GTTAGCAGACTCCCAGGGCG,0,3452908
tabA_predicted,0.5,1,1,GTTACTCCCATGACATCACT,0,3453093
tabA_predicted,0.5,1,1,GTTACAGGAGACATCCTGAC,0,3465280
tabA_predicted,0.5,1,1,GTGTTTTAGGGGATGAGCCT,0,3458461
tabA_predicted,0.5,1,1,GTGTTATTCTCTGAGTGCCT,0,3440583
tabA_predicted,0.5,1,1,GTGTGCCTGCACTTGAAAAA,0,3454698
tabA_predicted,0.5,1,1,GTGTCGTGAGTTCCAAAAAT,0,3440998
tabA_predicted,0.5,1,1,GTGTCCGTAGGAGGGGGATG,0,3461970
tabA_predicted,0.5,1,1,GTGTAGGCATCTCTAGGATA,0,3439389
tabA_predicted,0.5,1,1,GTGTACGGGCAACTATTCAC,0,3449664
tabA_predicted,0.5,1,1,GTGTAAGCACTCTCAGGGGC,0,3432520
tabA_predicted,0.5,1,1,GTGGTGTTTAATTCTTAAAC,0,3438446
tabA_predicted,0.5,1,1,GTGGTGGGATACTGTCCTCC,0,3442033
tabA_predicted,0.5,1,1,GTGGTAAACGGCAAGAGTCC,0,3459725
tabA_predicted,0.5,1,1,GTGGGTTAATGCCAAACACG,0,3451253
tabA_predicted,0.5,1,1,GTGGGCGCAAGCGTAAACCT,0,3449271
tabA_predicted,0.5,1,1,GTGGACCAACGCAGCCCCTC,0,3462566
tabA_predicted,0.5,1,1,GTGCTTCGCACCAGCGGCCA,0,3436974
tabA_predicted,0.5,1,1,GTGCGTGTCGCCTTGCATAG,0,3456516
tabA_predicted,0.5,1,1,GTGCGCCTCTAAAAGGTAAG,0,3460863
tabA_predicted,0.5,1,1,GTGCATCATTTAGTCGTGAT,0,3442170
tabA_predicted,0.5,1,1,GTGCAGCGACTGACTGAGAG,0,3465715
tabA_predicted,0.5,1,1,GTGCAAGTGACAATTTCGAT,0,3461480
tabA_predicted,0.5,1,1,GTGATGCCGCTGTGCCATAG,0,3459349
tabA_predicted,0.5,1,1,GTGAGTCATTCTGCACTCAC,0,3435639
tabA_predicted,0.5,1,1,GTGACATTCGGCAACTACGG,0,3466118
tabA_predicted,0.5,1,1,GTCTGGTCGGGGGCAACTCA,0,3434818
tabA_predicted,0.5,1,1,GTCTGGGGGTTACCCGACCT,0,3455637
tabA_predicted,0.5,1,1,GTCTGAGCGCGAGAGCGCAT,0,3457684
tabA_predicted,0.5,1,1,GTCTCGCTTTACGGGACACT,0,3438857
tabA_predicted,0.5,1,1,GTCTCCATCGGGTCGGCCTT,0,3460711
tabA_predicted,0.5,1,1,GTCGGAGACAGGACGTCTAA,0,3460046
tabA_predicted,0.5,1,1,GTCGCATTGAATAAGTAGCA,0,3446845
tabA_predicted,0.5,1,1,GTCGAGACGGCCGTTACCAT,0,3458595
tabA_predicted,0.5,1,1,GTCCGTATTTGCCTGTAACA,0,3447056
tabA_predicted,0.5,1,1,GTCCGACTCTTCACAAGCTA,0,3434766
tabA_predicted,0.5,1,1,GTCCGAATATTCAGTTGTGC,0,3437781
tabA_predicted,0.5,1,1,GTCCGAACGAATTAGATCAC,0,3451861
tabA_predicted,0.5,1,1,GTCCCTCGTTAAGGGCGAGA,0,3463362
tabA_predicted,0.5,1,1,GTCCCTATTGTTATGCTTTG,0,3431700
tabA_predicted,0.5,1,1,GTCCCCGTTTCATGAGATAA,0,3457660
tabA_predicted,0.5,1,1,GTCATTCAAACTATCTGCCA,0,3448455
tabA_predicted,0.5,1,1,GTCAAATTTACAGACACGAC,0,3462631
tabA_predicted,0.5,1,1,GTCAAAAGCACACAACACAT,0,3456223
tabA_predicted,0.5,1,1,GTATGGTATCTCCTCTGAGT,0,3438441
tabA_predicted,0.5,1,1,GTATGCATGGGCCTACATTT,0,3431414
tabA_predicted,0.5,1,1,GTATCTGTAGCGTCTCATCA,0,3463152
tabA_predicted,0.5,1,1,GTAGGAAATACAGACCGTTG,0,3444084
tabA_predicted,0.5,1,1,GTAGCGACATAGTCGCTGAA,0,3454780
tabA_predicted,0.5,1,1,GTAGATAGAAGTCTTGTCAC,0,3459861
tabA_predicted,0.5,1,1,GTAGAATATACCCGAATACG,0,3433524
tabA_predicted,0.5,1,1,GTAGAATAGCACCGGCGGAG,0,3465056
tabA_predicted,0.5,1,1,GTACCCTGGCGACTCTGTCT,0,3433472
tabA_predicted,0.5,1,1,GTACCAGAAAAGGGTATTAC,0,3445385
tabA_predicted,0.5,1,1,GTACAATTCAGTTTATATTT,0,3463765
tabA_predicted,0.5,1,1,GTAATCACAGTCGGGGTACT,0,3458568
tabA_predicted,0.5,1,1,GTAAGGGTATGCACGTTTTG,0,3441875
tabA_predicted,0.5,1,1,GTAACTGCAAATTGTGCCGA,0,3438719
tabA_predicted,0.5,1,1,GTAACGGCATTGGAATCATA,0,3464084
tabA_predicted,0.5,1,1,GTAAATTCGTTCTCTAGTGT,0,3436226
tabA_predicted,0.5,1,1,GTAAACTTGCAGCTGTGCGT,0,3434790
tabA_predicted,0.5,1,1,GTAAACGTAGGGAAACACTA,0,3439422
tabA_predicted,0.5,1,1,GTAAACCAGCAGATACAAGA,0,3448012
tabA_predicted,0.5,1,1,GGTTTGGAGCCGTCATCATT,0,3435897
tabA_predicted,0.5,1,1,GGTTGGGACTAAGTCTTTTT,0,3445345
tabA_predicted,0.5,1,1,GGTTCTCGAAGAACTTAATC,0,3432850
tabA_predicted,0.5,1,1,GGTTACTTACCAATCCGCGG,0,3440823
tabA_predicted,0.5,1,1,GGTTACGCTAGCTAGGGGCT,0,3431882
tabA_predicted,0.5,1,1,GGTTACGATGGCCTGCTCGT,0,3452062
tabA_predicted,0.5,1,1,GGTGTAGCCCATCGCCTATT,0,3459685
tabA_predicted,0.5,1,1,GGTGGTGATTCGTGATGGGT,0,3453019
tabA_predicted,0.5,1,1,GGTGATAAAGCAGAGGACTC,0,3448092
tabA_predicted,0.5,1,1,GGTGAAATATATTTCCCAAA,0,3456967
tabA_predicted,0.5,1,1,GGTCGGGTTGTCGTATTAAG,0,3444786
tabA_predicted,0.5,1,1,GGTCCGTATCTAAGGAGTTA,0,3463332
tabA_predicted,0.5,1,1,GGTCCGGGCGGAACAGTCTT,0,3458011
tabA_predicted,0.5,1,1,GGTCCCCTTAAGACTATCGA,0,3444678
tabA_predicted,0.5,1,1,GGTATTCGGGGCATCAGGCG,0,3456035
tabA_predicted,0.5,1,1,GGTATCGTGAACCTTTTCAG,0,3453469
tabA_predicted,0.5,1,1,GGTAGTTGGTTTCCAATGAA,0,3460266
tabA_predicted,0.5,1,1,GGTAGGACTATATTTTATGC,0,3453481
tabA_predicted,0.5,1,1,GGTAATCGAGAAGGACCTCA,0,3451849
tabA_predicted,0.5,1,1,GGTAAATTGTACGCATCGGA,0,3444538
tabA_predicted,0.5,1,1,GGGTGTGGCAATTTACCAAT,0,3443868
tabA_predicted,0.5,1,1,GGGTGTAACGGGGCCAGGCA,0,3439737
tabA_predicted,0.5,1,1,GGGTGGATAGGCAGTTCTGG,0,3452295
tabA_predicted,0.5,1,1,GGGTGAGTACAGGCTGTTTT,0,3448083
tabA_predicted,0.5,1,1,GGGTCGCCCCCAGTAACAGT,0,3463987
tabA_predicted,0.5,1,1,GGGTCGATCCGCCGGCGCCG,0,3462983
tabA_predicted,0.5,1,1,GGGTCCTGTATGATGTTACA,0,3453224
tabA_predicted,0.5,1,1,GGGTAGTGACATTAGTACGG,0,3457916
tabA_predicted,0.5,1,1,GGGTAGGTGATCGTCCGGGT,0,3445237
tabA_predicted,0.5,1,1,GGGTACGCTTTATTAATCCG,0,3454759
tabA_predicted,0.5,1,1,GGGGTGCCTGCGGTGCCAAG,0,3447170
tabA_predicted,0.5,1,1,GGGGTACCGGTAGTATACGT,0,3449954
tabA_predicted,0.5,1,1,GGGGGGCGCTCAGCATTTGA,0,3454219
tabA_predicted,0.5,1,1,GGGGCACGTCAAACCGTTAG,0,3457381
tabA_predicted,0.5,1,1,GGGGCAAGTAGTAAACTGGT,0,3463438
tabA_predicted,0.5,1,1,GGGGATGGTAGCTAGAATGT,0,3433307
tabA_predicted,0.5,1,1,GGGCTGTTGTACAGCAGTGA,0,3458766
tabA_predicted,0.5,1,1,GGGCTACTAGAGTTAAGGTA,0,3466011
tabA_predicted,0.5,1,1,GGGCCACGTCATACCACCAG,0,3454799
tabA_predicted,0.5,1,1,GGGCATTCTAGCACGGTAAG,0,3432939
tabA_predicted,0.5,1,1,GGGCACGAGTCTTGGTGGCT,0,3445458
tabA_predicted,0.5,1,1,GGGATTTGGTAGTTTCATGA,0,3448069
tabA_predicted,0.5,1,1,GGGATTAATAACGCTCGAGA,0,3463534
tabA_predicted,0.5,1,1,GGGATCGCGTCTCCAACTAC,0,3463541
tabA_predicted,0.5,1,1,GGGATCAGGCCGAACGACTT,0,3458691
tabA_predicted,0.5,1,1,GGGAACGGTCGCACTCGATC,0,3433762
tabA_predicted,0.5,1,1,GGCTTTGGCGTCAGTTAATT,0,3456978
tabA_predicted,0.5,1,1,GGCTGCGTGTGTCGAGTGCA,0,3461338
tabA_predicted,0.5,1,1,GGCTGATGCTATTCATGTCA,0,3455253
tabA_predicted,0.5,1,1,GGCTGAGTTGGTGCAGTTAT,0,3454358
tabA_predicted,0.5,1,1,GGCTGACGGACCCGCGCGCG,0,3457967
tabA_predicted,0.5,1,1,GGCTCATTAGAATTCCCGCC,0,3448687
tabA_predicted,0.5,1,1,GGCGTGAAATTACGCTTGGA,0,3435591
tabA_predicted,0.5,1,1,GGCGCTTCGCAACACCACCT,0,3440571
tabA_predicted,0.5,1,1,GGCGCTCCTTGGTTGGCAAA,0,3450114
tabA_predicted,0.5,1,1,GGCGCTCCCCTGACACATAA,0,3465002
tabA_predicted,0.5,1,1,GGCGCTCCCCTCGGGTTGGG,0,3457193
tabA_predicted,0.5,1,1,GGCGCCTCCAGGGGTTATAA,0,3449849
tabA_predicted,0.5,1,1,GGCGAGCCCACGTCATCAGA,0,3440361
tabA_predicted,0.5,1,1,GGCGAGAATGAGTCACCCCT,0,3451215
tabA_predicted,0.5,1,1,GGCCGTGCCTGCTTTGGATA,0,3449409
tabA_predicted,0.5,1,1,GGCCCGTAAAGTTCGATCAA,0,3437736
tabA_predicted,0.5,1,1,GGCCCCTCTAGAATATGCCA,0,3442955
tabA_predicted,0.5,1,1,GGCCCCGAGCGAGGGAGGAT,0,3462533
tabA_predicted,0.5,1,1,GGCCAATAGAGGATCTCTGA,0,3431827
tabA_predicted,0.5,1,1,GGCATTTTAGAGTGGCTGGT,0,3465997
tabA_predicted,0.5,1,1,GGCATGTGTTAGCCTTATGA,0,3439317
tabA_predicted,0.5,1,1,GGCATGGTGAGTTCTCACGA,0,3462170
tabA_predicted,0.5,1,1,GGCATCGCCTCCGCGTGGAT,0,3433517
tabA_predicted,0.5,1,1,GGCATACTTAGTTGTCCTGA,0,3447635
tabA_predicted,0.5,1,1,GGCATACGTACAATACTAGG,0,3442516
tabA_predicted,0.5,1,1,GGCAGACATAGTGGTGACCC,0,3460727
tabA_predicted,0.5,1,1,GGCACACAGAACCAAGCTCC,0,3457627
tabA_predicted,0.5,1,1,GGCAAGATTCCGATGAGTAG,0,3455516
tabA_predicted,0.5,1,1,GGCAAAGGACGAGTGAATAC,0,3436542
tabA_predicted,0.5,1,1,GGCAAACAGTGGACGGCTAA,0,3438718
tabA_predicted,0.5,1,1,GGATCTCACCGCACCCCGGG,0,3462576
tabA_predicted,0.5,1,1,GGATCGGCCGGTAATTTGGT,0,3454532
tabA_predicted,0.5,1,1,GGATCGGACTACCGCGTTCA,0,3452733
tabA_predicted,0.5,1,1,GGATCATCGAGCGAGGAAAG,0,3453225
tabA_predicted,0.5,1,1,GGATAGGCGAGAAGGATCTT,0,3459631
tabA_predicted,0.5,1,1,GGAGTATGCTCACGCCTTGA,0,3448353
tabA_predicted,0.5,1,1,GGAGCTCACTTTCACGGTGC,0,3465054
tabA_predicted,0.5,1,1,GGACGAGTTCCTTTGGCTCT,0,3436677
tabA_predicted,0.5,1,1,GGACCCTTCCTGGATACCCG,0,3456336
tabA_predicted,0.5,1,1,GGACCCGGCTCTCGCATTCC,0,3446138
tabA_predicted,0.5,1,1,GGACCATTATTGTGTGTTAG,0,3455520
tabA_predicted,0.5,1,1,GGACATTATACTTTCCCCCG,0,3434107
tabA_predicted,0.5,1,1,GGAATTCGAATTCACAACTG,0,3437857
tabA_predicted,0.5,1,1,GGAATATCGGTCACTAGATC,0,3448311
tabA_predicted,0.5,1,1,GGAACTACTGCGTAGTGAAA,0,3449870
tabA_predicted,0.5,1,1,GGAACATAGTACCTGTTTGA,0,3454990
tabA_predicted,0.5,1,1,GCTTTTTCATGCGCCAAGGG,0,3460176
tabA_predicted,0.5,1,1,GCTTTAGAGAATTGAATACT,0,3448040
tabA_predicted,0.5,1,1,GCTTGTGCGGTATCTGGCAA,0,3449509
tabA_predicted,0.5,1,1,GCTTCATTGGAGCTCGTGGA,0,3463842
tabA_predicted,0.5,1,1,GCTTAATCTTGACGGATCCC,0,3432379
tabA_predicted,0.5,1,1,GCTGTTCGCCAACGTGTAAA,0,3455311
tabA_predicted,0.5,1,1,GCTGTGGAAGCTCGCGTTAT,0,3454650
tabA_predicted,0.5,1,1,GCTGGGCATAGGGGCAGTAG,0,3434251
tabA_predicted,0.5,1,1,GCTGCATTTGGCCGAAAGTA,0,3448549
tabA_predicted,0.5,1,1,GCTGCATGCCGACGTAACTC,0,3439423
tabA_predicted,0.5,1,1,GCTCTCCTAGAAGTCATTGA,0,3439449
tabA_predicted,0.5,1,1,GCTCCTGCGTCGAGGCACGT,0,3445129
tabA_predicted,0.5,1,1,GCTCCGGGGGTGGAAACAGC,0,3464741
tabA_predicted,0.5,1,1,GCTCCACCGTGCCCCTTAGA,0,3437197
tabA_predicted,0.5,1,1,GCTCATTGGCATTGGAGGGC,0,3446414
tabA_predicted,0.5,1,1,GCTATCCATGTATATTATCT,0,3454507
tabA_predicted,0.5,1,1,GCTATAGAAGCTGCCACTTA,0,3461324
tabA_predicted,0.5,1,1,GCTAGTCACACCGTATACTA,0,3441266
tabA_predicted,0.5,1,1,GCTAGGCTTTGGTGAATGAG,0,3462981
tabA_predicted,0.5,1,1,GCTACACCTAACATCGGTTA,0,3438241
tabA_predicted,0.5,1,1,GCTAAAGGGCTCTGCGACTC,0,3443760
tabA_predicted,0.5,1,1,GCGTGGTTAAGCTTTGAATC,0,3454338
tabA_predicted,0.5,1,1,GCGTGCTTAATCATCCTCCT,0,3455505
tabA_predicted,0.5,1,1,GCGTCACACAATTTAAGTGT,0,3434619
tabA_predicted,0.5,1,1,GCGGTAAAGAGGTTGAGTTA,0,3438602
tabA_predicted,0.5,1,1,GCGGGTGGTGCGGGTTGCAG,0,3443817
tabA_predicted,0.5,1,1,GCGGGTGGGGGGAGATGAGG,0,3434953
tabA_predicted,0.5,1,1,GCGGGCGAGATGCAAATCAG,0,3444515
tabA_predicted,0.5,1,1,GCGGCGTATACTGGATAACC,0,3445367
tabA_predicted,0.5,1,1,GCGGCCCACGCAGCCATGCA,0,3437303
tabA_predicted,0.5,1,1,GCGGCATGTGAAACAGACGA,0,3466297
tabA_predicted,0.5,1,1,GCGGCAAGTTGTCGGATCAA,0,3455596
tabA_predicted,0.5,1,1,GCGGATGATTATCCTCGGAG,0,3443267
tabA_predicted,0.5,1,1,GCGCTCTCACCTTCGACGGT,0,3450551
tabA_predicted,0.5,1,1,GCGCGTAACGCAGGGTGGAA,0,3435830
tabA_predicted,0.5,1,1,GCGCGGGCCGATTAGCCACG,0,3465328
tabA_predicted,0.5,1,1,GCGCGATTAGCCGGTAAAGG,0,3432931
tabA_predicted,0.5,1,1,GCGCCGCTCTACCCTACCGG,0,3463114
tabA_predicted,0.5,1,1,GCGCCCTTCTGGGCGCGGAG,0,3454046
tabA_predicted,0.5,1,1,GCGCCAGTTTCTCACCGGTC,0,3444634
tabA_predicted,0.5,1,1,GCGCATTAAACCGGTTATAA,0,3433845
tabA_predicted,0.5,1,1,GCGCACACTTGGACTATGAC,0,3451689
tabA_predicted,0.5,1,1,GCGATCGTTGGAGTTCTCGA,0,3459683
tabA_predicted,0.5,1,1,GCGATATGTAAAGGCGCCAA,0,3456287
tabA_predicted,0.5,1,1,GCGAGTGGTACGCAACTCTT,0,3432964
tabA_predicted,0.5,1,1,GCGACGTGCAAGTGTACGTT,0,3432653
tabA_predicted,0.5,1,1,GCGAATAGTGATGGATTTAG,0,3454926
tabA_predicted,0.5,1,1,GCCTTTCGATCCCCACTGGG,0,3438510
tabA_predicted,0.5,1,1,GCCTGTTTTTAAGTCGATCC,0,3441243
tabA_predicted,0.5,1,1,GCCTGGATCGCTGACACAAC,0,3461293
tabA_predicted,0.5,1,1,GCCTGCTATGCCTACTCGGT,0,3455201
tabA_predicted,0.5,1,1,GCCTGCTACTGCATACTAGA,0,3431944
tabA_predicted,0.5,1,1,GCCTGCGGCACTCGGGGTCC,0,3454417
tabA_predicted,0.5,1,1,GCCTCGGTGGAGCGTCTCTG,0,3453966
tabA_predicted,0.5,1,1,GCCTAAGTTGAGGAGATGCA,0,3432179
tabA_predicted,0.5,1,1,GCCTAACTGGGCCAGGCGTC,0,3431478
tabA_predicted,0.5,1,1,GCCGTTTCCTGTGTCGTCCT,0,3454638
tabA_predicted,0.5,1,1,GCCGTGTGTGATGGCGTCCC,0,3443125
tabA_predicted,0.5,1,1,GCCGGGTGAGCTATGGACGA,0,3432461
tabA_predicted,0.5,1,1,GCCGGATCTAAGTTCCTCAC,0,3448618
tabA_predicted,0.5,1,1,GCCGCCTTTGAGGGTGACCC,0,3465705
tabA_predicted,0.5,1,1,GCCGATTGCGAGCATGTTTT,0,3455221
tabA_predicted,0.5,1,1,GCCCGCCATTAATTATCTCG,0,3461748
tabA_predicted,0.5,1,1,GCCCCCGTTATGAAGCGGAG,0,3448272
tabA_predicted,0.5,1,1,GCCCATCCTCTTATCAGCGG,0,3454868
tabA_predicted,0.5,1,1,GCCATTATGCAGACACTCAC,0,3455220
tabA_predicted,0.5,1,1,GCCAGTTTACCGAGGGCTCT,0,3449810
tabA_predicted,0.5,1,1,GCCACCTCGGGCGCGAATCT,0,3463623
tabA_predicted,0.5,1,1,GCCAACTAGATTGATTCCTG,0,3449871
tabA_predicted,0.5,1,1,GCATTTGTCTGGGCGATCCC,0,3434730
tabA_predicted,0.5,1,1,GCATTAAAAACCCGCGGTCG,0,3460006
tabA_predicted,0.5,1,1,GCATGCCACGTTGGGTGAAG,0,3440989
tabA_predicted,0.5,1,1,GCATCTAACCTATCGACAGG,0,3437402
tabA_predicted,0.5,1,1,GCATCCCAGAACCCTCTCGG,0,3442305
tabA_predicted,0.5,1,1,GCATCACAAGGCGGCAGGCA,0,3452453
tabA_predicted,0.5,1,1,GCATCAAAGGCCCATCTCGG,0,3433108
tabA_predicted,0.5,1,1,GCAGTCTGACTAATCCACGA,0,3436812
tabA_predicted,0.5,1,1,GCAGTCATACCTCTCAGCCC,0,3447641
tabA_predicted,0.5,1,1,GCAGGCTGTAGGCAACGCTT,0,3439111
tabA_predicted,0.5,1,1,GCAGGCCGGCACACGGTCAA,0,3459647
tabA_predicted,0.5,1,1,GCAGCATCACCAAAGATGGT,0,3461900
tabA_predicted,0.5,1,1,GCACGGGGGGGACCAAGACC,0,3440335
tabA_predicted,0.5,1,1,GCACCAACCAGCGATTGAGG,0,3461647
tabA_predicted,0.5,1,1,GCACAAGGAGTACGCGTGAG,0,3445295
tabA_predicted,0.5,1,1,GCAATCAGCTACTGTCCGCT,0,3463838
tabA_predicted,0.5,1,1,GCAAGTGGTGAGTACGCCCT,0,3442775
tabA_predicted,0.5,1,1,GCAAGCCTAAGGTACGGCCG,0,3449440
tabA_predicted,0.5,1,1,GCAACCACATTAAACCTGCA,0,3452777
tabA_predicted,0.5,1,1,GCAAAGTTACTCGTTAATAA,0,3466318
tabA_predicted,0.5,1,1,GATTGCTCGTCAAGTTATGT,0,3442370
tabA_predicted,0.5,1,1,GATTGAGGGTCTACCGAGCT,0,3440024
tabA_predicted,0.5,1,1,GATTCAGAACGCAATACTAT,0,3440861
tabA_predicted,0.5,1,1,GATGTCACATCAATTGATGA,0,3455930
tabA_predicted,0.5,1,1,GATGGTAGATCCCTCTATGA,0,3444381
tabA_predicted,0.5,1,1,GATGGGAGCTCAATCGAAGA,0,3463024
tabA_predicted,0.5,1,1,GATGCCTTCTCTACTACCAC,0,3442264
tabA_predicted,0.5,1,1,GATGCCGGTCCATAATGAGT,0,3436695
tabA_predicted,0.5,1,1,GATGACAGGTAGAGGAAAGT,0,3452846
tabA_predicted,0.5,1,1,GATGAAAACCTCGAGGTCAA,0,3442263
tabA_predicted,0.5,1,1,GATCTTAGGACCGGATTTAA,0,3459413
tabA_predicted,0.5,1,1,GATCGAGGCCACCTGTGTGA,0,3447591
tabA_predicted,0.5,1,1,GATCGAGCGTAGACCTCAAG,0,3454316
tabA_predicted,0.5,1,1,GATCCTTACAATATGTACTT,0,3453739
tabA_predicted,0.5,1,1,GATCCTGGAGGCACAACGAA,0,3455744
tabA_predicted,0.5,1,1,GATCCCGCCTACAACCGAAC,0,3439498
tabA_predicted,0.5,1,1,GATCCACGACATAGGTGCTG,0,3439480
tabA_predicted,0.5,1,1,GATCAGCTCGTGCTTTACTA,0,3432784
tabA_predicted,0.5,1,1,GATCAGCGCGTCCGTTTGTT,0,3436939
tabA_predicted,0.5,1,1,GATCAGACGCATCTTGGGGA,0,3452541
tabA_predicted,0.5,1,1,GATCACTTACAAGACCAATA,0,3462361
tabA_predicted,0.5,1,1,GATATTGTTAAAGGGGGTTA,0,3432210
tabA_predicted,0.5,1,1,GATAGGCGTGTCTCGTCGTT,0,3459359
tabA_predicted,0.5,1,1,GATAGATAACATCGGTTATA,0,3439334
tabA_predicted,0.5,1,1,GATAGAGAGGTTCATAGAGC,0,3433238
tabA_predicted,0.5,1,1,GATACGTCGCGGGGATCCAC,0,3459264
tabA_predicted,0.5,1,1,GATACACCGACGCGTATTTT,0,3459468
tabA_predicted,0.5,1,1,GATAACAAGCCGGTAGGGCT,0,3453550
tabA_predicted,0.5,1,1,GAGTTTGATGTAACGTGGAT,0,3442137
tabA_predicted,0.5,1,1,GAGTTGAAGTTAATAGGTAC,0,3436459
tabA_predicted,0.5,1,1,GAGTGGTCAGAAACAGTTCA,0,3452329
tabA_predicted,0.5,1,1,GAGTGATACAGCGGTTTGTC,0,3433937
tabA_predicted,0.5,1,1,GAGTATGATCCGGTAGACAG,0,3443938
tabA_predicted,0.5,1,1,GAGTAGCTTAGGACCCAATT,0,3442183
tabA_predicted,0.5,1,1,GAGTACATGCCTTAGGCTTC,0,3451618
tabA_predicted,0.5,1,1,GAGGTAACAGCATGTCTCCG,0,3466333
tabA_predicted,0.5,1,1,GAGGGCCTACACGAATCGGG,0,3441494
tabA_predicted,0.5,1,1,GAGGAAAAGCTTTGTATGGT,0,3462791
tabA_predicted,0.5,1,1,GAGCTGTAGGAAAACGTCTG,0,3460485
tabA_predicted,0.5,1,1,GAGCTACAAGAGCAAGCAGA,0,3437399
tabA_predicted,0.5,1,1,GAGCGGGTCCCTAAAATGAC,0,3438842
tabA_predicted,0.5,1,1,GAGCCTTCCCGGAATATCAT,0,3445871
tabA_predicted,0.5,1,1,GAGCCTCCGGGATCGGTACT,0,3465112
tabA_predicted,0.5,1,1,GAGCCCGGTTTCCACCCACT,0,3441739
tabA_predicted,0.5,1,1,GAGCCAATTCGGGGACAAAA,0,3442152
tabA_predicted,0.5,1,1,GAGATTCATCATCTGCGTAC,0,3434484
tabA_predicted,0.5,1,1,GAGATGGTGACCGGTACGGT,0,3434236
tabA_predicted,0.5,1,1,GAGATCAGGGGTTCTGCAGG,0,3439767
tabA_predicted,0.5,1,1,GAGAGAGTCCGCAAGACGCT,0,3459246
tabA_predicted,0.5,1,1,GAGACTTCAACGTCCGGATG,0,3455756
tabA_predicted,0.5,1,1,GAGACGGCGGCATCCACTGA,0,3431996
tabA_predicted,0.5,1,1,GAGAATGAGACTTAGTAGCT,0,3453142
tabA_predicted,0.5,1,1,GACTTTCTACGCTCGTCCGG,0,3435006
tabA_predicted,0.5,1,1,GACTTAGCCTATTCGCTGCT,0,3442105
tabA_predicted,0.5,1,1,GACTTACTTGGAGCGATTGC,0,3443449
tabA_predicted,0.5,1,1,GACTGGATCGGTACTAAAAT,0,3439048
tabA_predicted,0.5,1,1,GACTGATCTCCGGGTGGGAA,0,3459919
tabA_predicted,0.5,1,1,GACTCTCGATGGTTTTACTT,0,3449881
tabA_predicted,0.5,1,1,GACTCGTGTTGCCATCGTTA,0,3443752
tabA_predicted,0.5,1,1,GACTCGGGGAATCCTAACAT,0,3446392
tabA_predicted,0.5,1,1,GACTCCTCGAGATCGCCCAT,0,3455732
tabA_predicted,0.5,1,1,GACTACGACGCGGTGATTCC,0,3451374
tabA_predicted,0.5,1,1,GACGGTTAAGTGGACATCGA,0,3463511
tabA_predicted,0.5,1,1,GACGGCCGCGTTCGCACATC,0,3446295
tabA_predicted,0.5,1,1,GACGGCCAATCGTGACTAGG,0,3438375
tabA_predicted,0.5,1,1,GACGCGAAGCCAGGCTTGGC,0,3461570
tabA_predicted,0.5,1,1,GACGATGAAATCAAAGTTAG,0,3441600
tabA_predicted,0.5,1,1,GACGAAACGATGCCTCACGT,0,3454321
tabA_predicted,0.5,1,1,GACCTATAAGGCACGTGATG,0,3459102
tabA_predicted,0.5,1,1,GACCGTATGACTTGATTCGA,0,3442200
tabA_predicted,0.5,1,1,GACCGGCACGATCGGAATAG,0,3451146
tabA_predicted,0.5,1,1,GACCCACCAAGCGACACGCT,0,3465134
tabA_predicted,0.5,1,1,GACCAAAAAATTGCCTAGCA,0,3446704
tabA_predicted,0.5,1,1,GACACATAGCGGCTGGCCGG,0,3440777
tabA_predicted,0.5,1,1,GAATTTTTATGTCGGGTGAT,0,3452207
tabA_predicted,0.5,1,1,GAATTGATTGTCGAGGGCGA,0,3436271
tabA_predicted,0.5,1,1,GAATTCGTACTCCAGGTTTA,0,3450712
tabA_predicted,0.5,1,1,GAATGGCCATCGGTTCGCTC,0,3464439
tabA_predicted,0.5,1,1,GAATGAGTTAGTATACCGGA,0,3459895
tabA_predicted,0.5,1,1,GAATCAACTGGGGGGTAAAG,0,3466121
tabA_predicted,0.5,1,1,GAATACCGTCACGCTCAGGT,0,3434709
tabA_predicted,0.5,1,1,GAAGTTGGATAAACGATCGT,0,3434373
tabA_predicted,0.5,1,1,GAAGGCAGTCGTATTGGCAG,0,3453041
tabA_predicted,0.5,1,1,GAAGGACACATAGCTAGCTC,0,3437470
tabA_predicted,0.5,1,1,GAAGATACGATACTGCAGTT,0,3445121
tabA_predicted,0.5,1,1,GAAGAAGAAGTATCAGTCAT,0,3454594
tabA_predicted,0.5,1,1,GAACTTAGGCTTCGCGGACT,0,3455548
tabA_predicted,0.5,1,1,GAACTACTCCCAGGCAAAGA,0,3432561
tabA_predicted,0.5,1,1,GAACGTTCCAGAATGGGCTG,0,3442378
tabA_predicted,0.5,1,1,GAACCGTTCCAGGCATAACG,0,3444821
tabA_predicted,0.5,1,1,GAACCCAGTCGATGTATCCC,0,3454887
tabA_predicted,0.5,1,1,GAAATATTTCCGACGTACGG,0,3462907
tabA_predicted,0.5,1,1,GAAAAATTAGACGGCTTTTG,0,3438022
tabA_predicted,0.5,1,1,GAAAAAGTAGGTTCGGCTTC,0,3462392
tabA_predicted,0.5,1,1,CTTTGTATTAACTGCCCGGG,0,3431813
tabA_predicted,0.5,1,1,CTTTCATGGATTGCAAACTT,0,3445997
tabA_predicted,0.5,1,1,CTTGTTCTAGCATCTATTGA,0,3453321
tabA_predicted,0.5,1,1,CTTGCCCTTTCAAGTCACGA,0,3466248
tabA_predicted,0.5,1,1,CTTGACTAAAAGCCCTTACA,0,3454352
tabA_predicted,0.5,1,1,CTTCTTGTCGGCATGGCGTG,0,3443326
tabA_predicted,0.5,1,1,CTTCGCTGGAGTTCAGGAAT,0,3452037
tabA_predicted,0.5,1,1,CTTCCTTTCTCCATCCGCGT,0,3451507
tabA_predicted,0.5,1,1,CTTCCTAAGAGGGGCAAGGG,0,3438334
tabA_predicted,0.5,1,1,CTTCCGTCAGGGCGCTCAGG,0,3438996
tabA_predicted,0.5,1,1,CTTCCGTAATCTGTCGGTGT,0,3465353
tabA_predicted,0.5,1,1,CTTATTTTGCACTATTCCGA,0,3444935
tabA_predicted,0.5,1,1,CTTATGTTGATTCTCGCCTC,0,3454045
tabA_predicted,0.5,1,1,CTTATGTATTGTGTTTATTA,0,3445445
tabA_predicted,0.5,1,1,CTTATGGTTGGCGGAATTCT,0,3465906
tabA_predicted,0.5,1,1,CTTAGTAATGCCCCCCGTGA,0,3444480
tabA_predicted,0.5,1,1,CTTACATCCGTAATCCCCAA,0,3454261
tabA_predicted,0.5,1,1,CTTAATCGGGGCTCAGCTAC,0,3451747
tabA_predicted,0.5,1,1,CTTAAGTGATCATGATTATG,0,3447643
tabA_predicted,0.5,1,1,CTTAACATGAAGGGCAAATC,0,3437975
tabA_predicted,0.5,1,1,CTGTTTGAGCAGGCGATAAG,0,3452368
tabA_predicted,0.5,1,1,CTGTTACCGATACGCCAGGG,0,3441651
tabA_predicted,0.5,1,1,CTGTGTCATCAAATGTCCCT,0,3447363
tabA_predicted,0.5,1,1,CTGTGCTCAAATGGATTTCA,0,3441452
tabA_predicted,0.5,1,1,CTGTGCGGCCTTAAGGACAT,0,3450293
tabA_predicted,0.5,1,1,CTGTCGGTGGTTACACTCGG,0,3447513
tabA_predicted,0.5,1,1,CTGTCCAGGGTTTCAAGAAC,0,3447079
tabA_predicted,0.5,1,1,CTGGGGAACGACTCTATAAA,0,3449687
tabA_predicted,0.5,1,1,CTGGGCCAGTTCTCTGCGTC,0,3453513
tabA_predicted,0.5,1,1,CTGGCTAACTTTGTTTTTTC,0,3456648
tabA_predicted,0.5,1,1,CTGGAGTTGCGAAGCGTGTC,0,3449451
tabA_predicted,0.5,1,1,CTGGAGGGTCACAAGCTCGC,0,3437347
tabA_predicted,0.5,1,1,CTGCTGCGGTCCACTTGATG,0,3453643
tabA_predicted,0.5,1,1,CTGCCTAGAACGGTACACGC,0,3449247
tabA_predicted,0.5,1,1,CTGCATGACTGCCACTGGTT,0,3431318
tabA_predicted,0.5,1,1,CTGCAAGTGGGACACGCCTT,0,3451794
tabA_predicted,0.5,1,1,CTGAGCGGGTTCCTCTAGAC,0,3445571
tabA_predicted,0.5,1,1,CTGACCGGGACCGACATCGG,0,3466213
tabA_predicted,0.5,1,1,CTGAATGCCAGATTATAGCC,0,3463761
tabA_predicted,0.5,1,1,CTGAAGGGCTCGCTGAATCA,0,3442049
tabA_predicted,0.5,1,1,CTGAACTTGCAGTAGGTTTA,0,3451716
tabA_predicted,0.5,1,1,CTGAACTAATCCGGGTGAGT,0,3459448
tabA_predicted,0.5,1,1,CTCTCACCGACTCGGTTATA,0,3443947
tabA_predicted,0.5,1,1,CTCGCTCACCGGCCTCCACC,0,3464292
tabA_predicted,0.5,1,1,CTCGCCTGGGAGAGCATCCT,0,3449224
tabA_predicted,0.5,1,1,CTCGCAGCCACATCAAGGTC,0,3433475
tabA_predicted,0.5,1,1,CTCGAGTTTCCGGGGACTTA,0,3432770
tabA_predicted,0.5,1,1,CTCCGTGGGACCACCCCGGG,0,3439868
tabA_predicted,0.5,1,1,CTCCCGCAAGTCCTGGAACG,0,3465244
tabA_predicted,0.5,1,1,CTCCACTTGTCATGCTTGAT,0,3458776
tabA_predicted,0.5,1,1,CTCAATGCTTCGTTTAGACT,0,3443440
tabA_predicted,0.5,1,1,CTCAAGATTCCATTATGTCT,0,3460707
tabA_predicted,0.5,1,1,CTATTTACTTTGTCTAAAAA,0,3433104
tabA_predicted,0.5,1,1,CTATGTAGCGTCCAAGGCCC,0,3450557
tabA_predicted,0.5,1,1,CTATGGTGAATTGATCTTTC,0,3457687
tabA_predicted,0.5,1,1,CTATGGCCACGTTTTGCATC,0,3451073
tabA_predicted,0.5,1,1,CTATGGATCACCCGTAAATC,0,3460471
tabA_predicted,0.5,1,1,CTATGCGGGAAATGGAATAA,0,3442788
tabA_predicted,0.5,1,1,CTATATAATGCGCCGTAGGA,0,3449620
tabA_predicted,0.5,1,1,CTAGTACAAGCGGACAAACG,0,3447484
tabA_predicted,0.5,1,1,CTAGGTGTAGACGCGAGAAT,0,3452183
tabA_predicted,0.5,1,1,CTAGGGAATGTCGGGCTAGA,0,3456249
tabA_predicted,0.5,1,1,CTAGGAATCTGGGTAGACGG,0,3443731
tabA_predicted,0.5,1,1,CTAGCTGATGTTATCCTTTG,0,3432637
tabA_predicted,0.5,1,1,CTAGCAAATTGTTAATGGTC,0,3433056
tabA_predicted,0.5,1,1,CTAGATTCACCCATTGCTGG,0,3462739
tabA_predicted,0.5,1,1,CTAGATATCTGTCCAGGCAG,0,3451599
tabA_predicted,0.5,1,1,CTAGATAGTGCGACCAATCG,0,3454127
tabA_predicted,0.5,1,1,CTAGAGATTGGATGTGCGAA,0,3464151
tabA_predicted,0.5,1,1,CTAGAAGTGCACCCACTTAA,0,3452224
tabA_predicted,0.5,1,1,CTACGCTGCAAAGTCGATGG,0,3434530
tabA_predicted,0.5,1,1,CTACGCCACGGCCCTTAGGT,0,3459305
tabA_predicted,0.5,1,1,CTACCGCTTGCAGTCCCTGC,0,3432041
tabA_predicted,0.5,1,1,CTAATTAGGGTTGTATCCGG,0,3466324
tabA_predicted,0.5,1,1,CTAATGCACCCAAGCAACAG,0,3458803
tabA_predicted,0.5,1,1,CTAAGCTGAATTATGCGAGG,0,3443603
tabA_predicted,0.5,1,1,CTAAGCGGTTCTGTTGAAAC,0,3456830
tabA_predicted,0.5,1,1,CTAACTTCAGAATGGGAGTC,0,3459150
tabA_predicted,0.5,1,1,CTAACCTTAAGCGCCGATGT,0,3442111
tabA_predicted,0.5,1,1,CTAACATTCGCTAACCCTCA,0,3435401
tabA_predicted,0.5,1,1,CGTTTTCAGCGGTAGTCATA,0,3451668
tabA_predicted,0.5,1,1,CGTTGCGTTACTACAGCTAT,0,3434509
tabA_predicted,0.5,1,1,CGTTCCAAAGGCTGCCACTA,0,3458309
tabA_predicted,0.5,1,1,CGTTATTGAGTGATTCATTT,0,3449605
tabA_predicted,0.5,1,1,CGTTAGGACTAGAAACGGAT,0,3449782
tabA_predicted,0.5,1,1,CGTGTTTCCGGTACAAGACT,0,3463206
tabA_predicted,0.5,1,1,CGTGTCCACGGTAGGCAGGG,0,3449457
tabA_predicted,0.5,1,1,CGTGCGAAGTATGCCTAGCG,0,3456197
tabA_predicted,0.5,1,1,CGTGAGGGGCCGCTAGAAAA,0,3445172
tabA_predicted,0.5,1,1,CGTGAGCGGCTCACAATCTA,0,3434362
tabA_predicted,0.5,1,1,CGTGACTGGCCCTCTGCACT,0,3454457
tabA_predicted,0.5,1,1,CGTGAAGGGCTGCCGTTACC,0,3450549
tabA_predicted,0.5,1,1,CGTCCACAGCGCGCCCGATA,0,3457924
tabA_predicted,0.5,1,1,CGTCACTCTTCTCATAAAGA,0,3438594
tabA_predicted,0.5,1,1,CGTCAATCGTAGGGATTTGG,0,3462398
tabA_predicted,0.5,1,1,CGTCAACTAAGGAGTTAGCA,0,3435050
tabA_predicted,0.5,1,1,CGTATTCTAAGATAAGCTAT,0,3459858
tabA_predicted,0.5,1,1,CGTAGATGACTTAGGTATAC,0,3458260
tabA_predicted,0.5,1,1,CGTACCCTGATCGCGGTTAC,0,3440559
tabA_predicted,0.5,1,1,CGGTAGATTAGCACACGCAC,0,3454696
tabA_predicted,0.5,1,1,CGGTAACATCTATATGCTGG,0,3464282
tabA_predicted,0.5,1,1,CGGGGCCTGCATATTGAGCA,0,3441678
tabA_predicted,0.5,1,1,CGGGCCTAAACGGAAGTTTA,0,3447860
tabA_predicted,0.5,1,1,CGGGACCGTACCCTCTGCCG,0,3459000
tabA_predicted,0.5,1,1,CGGGACAAGTCTAGCTGATG,0,3443342
tabA_predicted,0.5,1,1,CGGGAACGCTTGACTTAAGG,0,3435767
tabA_predicted,0.5,1,1,CGGGAAAAATGATACTCAGA,0,3440142
tabA_predicted,0.5,1,1,CGGCTCTCCCGATAGCCTAG,0,3458493
tabA_predicted,0.5,1,1,CGGCTCCGGATATTCCTCAC,0,3446612
tabA_predicted,0.5,1,1,CGGCTAGTCCTCGTTCAGTT,0,3455568
tabA_predicted,0.5,1,1,CGGCTACTTACGACCCGGCA,0,3445520
tabA_predicted,0.5,1,1,CGGCCGAGGAATCATTCAAG,0,3432688
tabA_predicted,0.5,1,1,CGGCCCCGGGATGCATGGTG,0,3439962
tabA_predicted,0.5,1,1,CGGATTTCCAAGACTGGTTA,0,3447084
tabA_predicted,0.5,1,1,CGGACGTTGTGGTATGTCGT,0,3460866
tabA_predicted,0.5,1,1,CGGACATCCAGCGTTAAGAG,0,3463790
tabA_predicted,0.5,1,1,CGGAACTGTCAATTAGCCGC,0,3454661
tabA_predicted,0.5,1,1,CGCTTGCCGGTAGTTAGGAC,0,3460940
tabA_predicted,0.5,1,1,CGCTTAGCGCTCGGTGGTCA,0,3446109
tabA_predicted,0.5,1,1,CGCTTACCACTGTATGGGCG,0,3450488
tabA_predicted,0.5,1,1,CGCTGGAGTCTTGTACAACT,0,3436257
tabA_predicted,0.5,1,1,CGCTGACATGTTACAATGTG,0,3457236
tabA_predicted,0.5,1,1,CGCTCTGAATTGCGCTACCT,0,3454625
tabA_predicted,0.5,1,1,CGCTCTCGGTTGTATAAGGG,0,3462194
tabA_predicted,0.5,1,1,CGCTCAGTTCAGACTTTGCG,0,3463923
tabA_predicted,0.5,1,1,CGCTCAATCAAGCCCAACTA,0,3462197
tabA_predicted,0.5,1,1,CGCTATGGGCGGCATTACCT,0,3444536
tabA_predicted,0.5,1,1,CGCGACCAGATACTGGCCCC,0,3442898
tabA_predicted,0.5,1,1,CGCCGGGACCCCGCCCGGAT,0,3453105
tabA_predicted,0.5,1,1,CGCCGATAGTCCCTCACTCA,0,3444271
tabA_predicted,0.5,1,1,CGCCGAGCTCTATGAAGCAG,0,3431815
tabA_predicted,0.5,1,1,CGCCGAACCATTGGGGGTGT,0,3437330
tabA_predicted,0.5,1,1,CGCCGAAAGGGTTAGTACGC,0,3436258
tabA_predicted,0.5,1,1,CGCCCGCATACGAGTGTAGT,0,3445621
tabA_predicted,0.5,1,1,CGCATACATTGCGAGATGCT,0,3453461
tabA_predicted,0.5,1,1,CGCAGGTTTACACGCGGCTC,0,3459126
tabA_predicted,0.5,1,1,CGCAGGGCCAGGCTTCGTGT,0,3446391
tabA_predicted,0.5,1,1,CGCACGGGTGTACACCACCC,0,3464994
tabA_predicted,0.5,1,1,CGCACACACAGATCCGACAC,0,3431651
tabA_predicted,0.5,1,1,CGCAATTGATTTAAGGCACA,0,3445617
tabA_predicted,0.5,1,1,CGATTGGAGTATTAGATCTT,0,3465944
tabA_predicted,0.5,1,1,CGATTGCCCCCCCTTTTCCT,0,3435127
tabA_predicted,0.5,1,1,CGATTCGCAGGGGGCAATGT,0,3446455
tabA_predicted,0.5,1,1,CGATGCCCGACCGGGCGAAC,0,3438136
tabA_predicted,0.5,1,1,CGATGACTAGAGCAAACGCT,0,3457135
tabA_predicted,0.5,1,1,CGATGACCATTCCTCAGACA,0,3449528
tabA_predicted,0.5,1,1,CGATCAATGACACAAGCCTT,0,3465301
tabA_predicted,0.5,1,1,CGATAACCTTGGACGCTGTT,0,3437058
tabA_predicted,0.5,1,1,CGAGTGATAGATATAATATA,0,3450043
tabA_predicted,0.5,1,1,CGAGTGATAATAACGCTCGT,0,3438933
tabA_predicted,0.5,1,1,CGAGTAGTACCCGCTCAGCT,0,3439380
tabA_predicted,0.5,1,1,CGAGGTTCCCATATAATAGT,0,3440198
tabA_predicted,0.5,1,1,CGAGGAGACGTGAGGAGGAA,0,3453462
tabA_predicted,0.5,1,1,CGAGCGAACGTGCCACGATC,0,3450929
tabA_predicted,0.5,1,1,CGAGACAGGCAGTAAAACAA,0,3437853
tabA_predicted,0.5,1,1,CGACGGAATGCCGACCCGTG,0,3465547
tabA_predicted,0.5,1,1,CGACGATAGAACTGGAGGAC,0,3457221
tabA_predicted,0.5,1,1,CGACCGGATCGCGGGGGAAA,0,3465300
tabA_predicted,0.5,1,1,CGACCGCTAGGTGGGACGGC,0,3449109
tabA_predicted,0.5,1,1,CGACCCTACATTACTTTGCG,0,3458996
tabA_predicted,0.5,1,1,CGAATGTCTGTCACCAGGTA,0,3434993
tabA_predicted,0.5,1,1,CGAATCTGTGTTATACCTCC,0,3451712
tabA_predicted,0.5,1,1,CGAAGATTGTTTCTGACACT,0,3462634
tabA_predicted,0.5,1,1,CGAACTAGATAATGTTTACC,0,3459415
tabA_predicted,0.5,1,1,CGAACTAAGTGTGGGCCACC,0,3451169
tabA_predicted,0.5,1,1,CGAAACACGTTACCCATAAA,0,3453767
tabA_predicted,0.5,1,1,CCTTTTCCAGCTTATGCACA,0,3459693
tabA_predicted,0.5,1,1,CCTTGCCTCTGGTCCTAGTG,0,3432975
tabA_predicted,0.5,1,1,CCTTCTGCAGCAGCTGGGGT,0,3437505
tabA_predicted,0.5,1,1,CCTTCTCCCTCGCATGTATT,0,3454772
tabA_predicted,0.5,1,1,CCTTCACGTTATCAGCATAT,0,3448383
tabA_predicted,0.5,1,1,CCTTATCAGGTGGCCACATT,0,3453807
tabA_predicted,0.5,1,1,CCTTATACCTGGCAGGGATG,0,3461207
tabA_predicted,0.5,1,1,CCTTAACACGTGAAGCGCAA,0,3432142
tabA_predicted,0.5,1,1,CCTGTGCCCTCACGATAATT,0,3436301
tabA_predicted,0.5,1,1,CCTGGTGAATTGTCTGACTC,0,3436964
tabA_predicted,0.5,1,1,CCTGGGATTCGGCTAAGGTC,0,3444857
tabA_predicted,0.5,1,1,CCTGGCTTATGGAGATGCTA,0,3464952
tabA_predicted,0.5,1,1,CCTCTTCGGACCGGATTGTG,0,3438245
tabA_predicted,0.5,1,1,CCTCGTAGAGGTCGTATATA,0,3446713
tabA_predicted,0.5,1,1,CCTCGGCACTGTTTGGGGGA,0,3450624
tabA_predicted,0.5,1,1,CCTCCGAATCAGTCACAAGA,0,3456470
tabA_predicted,0.5,1,1,CCTCCAAGCGGTGTGGGGCG,0,3453504
tabA_predicted,0.5,1,1,CCTCATTTGGCGACATTGAT,0,3449278
tabA_predicted,0.5,1,1,CCTCACCAGGCACGCCCCAC,0,3433160
tabA_predicted,0.5,1,1,CCTATTGTGGCCTGGTGAAG,0,3448809
tabA_predicted,0.5,1,1,CCTATGTTACACAGCTACAA,0,3431843
tabA_predicted,0.5,1,1,CCTACTGCTTTCCACCTCGG,0,3438243
tabA_predicted,0.5,1,1,CCTACAGACCTACTCTATTG,0,3465816
tabA_predicted,0.5,1,1,CCTAACTTTTCAGAGCCGGA,0,3445485
tabA_predicted,0.5,1,1,CCGTTAGCATCATGCGGGAG,0,3460183
tabA_predicted,0.5,1,1,CCGTGTGTGACGGGGTAATA,0,3434929
tabA_predicted,0.5,1,1,CCGTCATGGTTTTCGTGGAT,0,3460512
tabA_predicted,0.5,1,1,CCGTATCCCACGTTAGTTCC,0,3459122
tabA_predicted,0.5,1,1,CCGTACACCCTGGGAGAATG,0,3432700
tabA_predicted,0.5,1,1,CCGGTGGCCACGGTCGAGTC,0,3441509
tabA_predicted,0.5,1,1,CCGGAGTTCACGTCCTCGTC,0,3457730
tabA_predicted,0.5,1,1,CCGGAAACCCGATGCGCTTT,0,3452186
tabA_predicted,0.5,1,1,CCGCCCGTAGTTGGCGCACC,0,3447664
tabA_predicted,0.5,1,1,CCGCAGGGTCTGAGCAAGTG,0,3466300
tabA_predicted,0.5,1,1,CCGCAACTATCCCTGGCACG,0,3443492
tabA_predicted,0.5,1,1,CCGATTGTTTTATACCAACC,0,3456855
tabA_predicted,0.5,1,1,CCGATTGGCCGCCTAACAGT,0,3455418
tabA_predicted,0.5,1,1,CCGATCCGAAAACTCGGGGC,0,3452521
tabA_predicted,0.5,1,1,CCGATACATTGCAATCTCAA,0,3458344
tabA_predicted,0.5,1,1,CCGACCTGGTTATTCCTACT,0,3454826
tabA_predicted,0.5,1,1,CCGAAGTGAAAATGAACTGT,0,3454539
tabA_predicted,0.5,1,1,CCGAAGGACTAAGGGGGACA,0,3447764
tabA_predicted,0.5,1,1,CCGAAAAAACCCTTGGCTCC,0,3441775
tabA_predicted,0.5,1,1,CCCTTCTAAAGCCCTGGGCG,0,3435908
tabA_predicted,0.5,1,1,CCCTTATAGGCACACGCTGG,0,3440115
tabA_predicted,0.5,1,1,CCCTGGGAAGACCACCGCCT,0,3438435
tabA_predicted,0.5,1,1,CCCTGAAGCCTTCTCAGGTC,0,3461351
tabA_predicted,0.5,1,1,CCCTCGCTCCAGATGATTAA,0,3436940
tabA_predicted,0.5,1,1,CCCTCGACCTCTGAAACAGA,0,3458478
tabA_predicted,0.5,1,1,CCCTAAGCTAGTGTCAGTCA,0,3459439
tabA_predicted,0.5,1,1,CCCGTACTGTCCCTTATACC,0,3461051
tabA_predicted,0.5,1,1,CCCGGTATAACCGTGCGCTA,0,3452599
tabA_predicted,0.5,1,1,CCCGCGCTTACAGCGTTTAT,0,3453540
tabA_predicted,0.5,1,1,CCCCTCTCTTGCGGCAGCGG,0,3457474
tabA_predicted,0.5,1,1,CCCCGTGTAACCTAGATCAG,0,3436822
tabA_predicted,0.5,1,1,CCCCGGATGTCACGTAATGA,0,3445410
tabA_predicted,0.5,1,1,CCCCCACGAGGTATGCTATC,0,3460566
tabA_predicted,0.5,1,1,CCCAAGGTTGGATCGCTACC,0,3442279
tabA_predicted,0.5,1,1,CCCAACCATACAACCGGGGA,0,3461497
tabA_predicted,0.5,1,1,CCCAAACTAGAGCTCCATGT,0,3445595
tabA_predicted,0.5,1,1,CCATTAACAGTCTAAGGCCA,0,3444266
tabA_predicted,0.5,1,1,CCATGAATATTGGGAGTAGA,0,3445408
tabA_predicted,0.5,1,1,CCATCGGCAGCAATCATTAT,0,3453855
tabA_predicted,0.5,1,1,CCATACTATAAGGTGAGCTT,0,3446983
tabA_predicted,0.5,1,1,CCAGTTATACAGGATTCGTC,0,3437071
tabA_predicted,0.5,1,1,CCAGTCCAACGTAGTACATT,0,3459559
tabA_predicted,0.5,1,1,CCAGGTTGGATCTTGGTTTC,0,3465692
tabA_predicted,0.5,1,1,CCAGGTTAGATAGATGGTGT,0,3443544
tabA_predicted,0.5,1,1,CCAGGTCTGTGAGCGTAGCC,0,3437471
tabA_predicted,0.5,1,1,CCAGGTCCCTAAACGCAGAA,0,3441900
tabA_predicted,0.5,1,1,CCAGGTCAGAGCCCCACTTA,0,3442281
tabA_predicted,0.5,1,1,CCAGCTATAGGGATTACCAG,0,3442221
tabA_predicted,0.5,1,1,CCAGCCGGAAAATAATCTGA,0,3448675
tabA_predicted,0.5,1,1,CCAGCAGGGATCCTAGGTGA,0,3433299
tabA_predicted,0.5,1,1,CCACGTCCGCCCAGAGGAGA,0,3452095
tabA_predicted,0.5,1,1,CCACGAGCTGCAGTCCGGCT,0,3461416
tabA_predicted,0.5,1,1,CCACCTTGAAATCATCGATC,0,3451537
tabA_predicted,0.5,1,1,CCACCAGAGAACAAGATATC,0,3443072
tabA_predicted,0.5,1,1,CCACAACAGCACCGTAGAGG,0,3443490
tabA_predicted,0.5,1,1,CCAATGCGAGGGTGTTCTTT,0,3443690
tabA_predicted,0.5,1,1,CCAATGCCGACACCCCTTGA,0,3459775
tabA_predicted,0.5,1,1,CCAAGCAAGCCTCGGATAAA,0,3463651
tabA_predicted,0.5,1,1,CATTGGGGCCGTGAACAATA,0,3444564
tabA_predicted,0.5,1,1,CATTGGGGAGTCTTGGAGCT,0,3438483
tabA_predicted,0.5,1,1,CATTGCCCAAGTAGGACTAG,0,3464130
tabA_predicted,0.5,1,1,CATGGTTGCTCGGCCGTGAG,0,3443018
tabA_predicted,0.5,1,1,CATGGTGGGGGGGAGGATTG,0,3450745
tabA_predicted,0.5,1,1,CATGCCATTCTGGGCCTAGT,0,3442197
tabA_predicted,0.5,1,1,CATGAATACACTGTCATGCG,0,3453495
tabA_predicted,0.5,1,1,CATCTGGTAATCAGAGACTA,0,3462904
tabA_predicted,0.5,1,1,CATCTCGCAAAGATATCTCA,0,3448382
tabA_predicted,0.5,1,1,CATCGCGATAGTACAACCTA,0,3438678
tabA_predicted,0.5,1,1,CATCAGGGCGATAATGTATA,0,3450153
tabA_predicted,0.5,1,1,CATATGGGTTCGAGGAATCG,0,3452166
tabA_predicted,0.5,1,1,CATAGTGCGTGGACATGAAC,0,3459132
tabA_predicted,0.5,1,1,CATAGGAACCGTATGAGGTG,0,3461159
tabA_predicted,0.5,1,1,CATAGCGGTCGTGTGTGGAG,0,3458253
tabA_predicted,0.5,1,1,CATAGACCGATAGTTGCGTG,0,3462674
tabA_predicted,0.5,1,1,CATAATACAATGGCCGCCTT,0,3461279
tabA_predicted,0.5,1,1,CATAACCACAAAGTATTAAT,0,3461573
tabA_predicted,0.5,1,1,CAGTTTACAATGTAGGAACG,0,3446521
tabA_predicted,0.5,1,1,CAGTGTAGCCGACTACTATG,0,3432074
tabA_predicted,0.5,1,1,CAGTGGCAGCACACCGATAA,0,3459988
tabA_predicted,0.5,1,1,CAGTGATAGTTGCGACGACA,0,3454637
tabA_predicted,0.5,1,1,CAGTCGTACTGCGATGTAGT,0,3461533
tabA_predicted,0.5,1,1,CAGTATTTAATATTATATCG,0,3447494
tabA_predicted,0.5,1,1,CAGTATGATATTTTTGGCAT,0,3451464
tabA_predicted,0.5,1,1,CAGTAGAGTGGTATATTTGA,0,3440592
tabA_predicted,0.5,1,1,CAGGTTTTCTCGGTAATAGT,0,3443295
tabA_predicted,0.5,1,1,CAGGTTCGCACAGACATAAC,0,3444815
tabA_predicted,0.5,1,1,CAGGCGGCGGGGTAGCTTTC,0,3457325
tabA_predicted,0.5,1,1,CAGGAGTGGAAGGACATGGG,0,3441741
tabA_predicted,0.5,1,1,CAGCTCAAAGTTCACTTTGA,0,3465718
tabA_predicted,0.5,1,1,CAGCGTCCGCCTTTTCAGGT,0,3452076
tabA_predicted,0.5,1,1,CAGCGAGGTATACGAGGTGA,0,3449011
tabA_predicted,0.5,1,1,CAGATTTCCGTGGCTCCGCA,0,3458585
tabA_predicted,0.5,1,1,CAGATAACCTGCTGCTCCAA,0,3456966
tabA_predicted,0.5,1,1,CAGAATGGCAACAGTACTCG,0,3439513
tabA_predicted,0.5,1,1,CAGAACGCCATTGAACCTCA,0,3441840
tabA_predicted,0.5,1,1,CACTTTATGCGCTTCCCTCT,0,3441803
tabA_predicted,0.5,1,1,CACTTGGCACGTCTTGGATT,0,3461353
tabA_predicted,0.5,1,1,CACTGAGCATGTGGCCCGCA,0,3456448
tabA_predicted,0.5,1,1,CACTCTCACTGGCCATACGT,0,3447422
tabA_predicted,0.5,1,1,CACTCGTATTCAAATGTCCA,0,3449549
tabA_predicted,0.5,1,1,CACTACCACAGGAACATTTT,0,3442470
tabA_predicted,0.5,1,1,CACTAAGACGCGCCCATAAT,0,3432597
tabA_predicted,0.5,1,1,CACGTGACGTAGTGTCTAAG,0,3440863
tabA_predicted,0.5,1,1,CACGTCATTCTCACCTTCAA,0,3457127
tabA_predicted,0.5,1,1,CACGCCTACACACCCCGACA,0,3437779
tabA_predicted,0.5,1,1,CACGATAATCATTAGCAGTT,0,3452644
tabA_predicted,0.5,1,1,CACGAGATAGATGTTCTAAG,0,3453747
tabA_predicted,0.5,1,1,CACGACGTCTGAGCATTTGG,0,3453845
tabA_predicted,0.5,1,1,CACCTTGCAGGGCCGCCGCA,0,3435174
tabA_predicted,0.5,1,1,CACCCCCCACCAAAGATAGA,0,3464521
tabA_predicted,0.5,1,1,CACCCAATACAGGGTACCCG,0,3434616
tabA_predicted,0.5,1,1,CACCAGGGTCCCATTTATGG,0,3437157
tabA_predicted,0.5,1,1,CACAGTTCTCCATGTGGGTT,0,3439691
tabA_predicted,0.5,1,1,CACAGTACCGAGTTATAGAT,0,3443918
tabA_predicted,0.5,1,1,CACACTGGACAGAGTCGTTA,0,3466101
tabA_predicted,0.5,1,1,CACAATTGTTGATTTAATGT,0,3433137
tabA_predicted,0.5,1,1,CACAAGAAATCGAGTTCTGA,0,3442598
tabA_predicted,0.5,1,1,CAATTTTGTCTATAAGGCGT,0,3465545
tabA_predicted,0.5,1,1,CAATTTGGGTCTATTAGCTC,0,3450067
tabA_predicted,0.5,1,1,CAATTCTGTCGCTTTTTTGG,0,3443343
tabA_predicted,0.5,1,1,CAATTCCAACAGAACAGCTC,0,3436551
tabA_predicted,0.5,1,1,CAATATTTACCGGTGGGGCT,0,3454165
tabA_predicted,0.5,1,1,CAATATATAGCTTTATATCG,0,3461803
tabA_predicted,0.5,1,1,CAATAAGTGACTTCTACTGC,0,3463886
tabA_predicted,0.5,1,1,CAATAAACCAGTCGTATTAC,0,3456425
tabA_predicted,0.5,1,1,CAAGGCGGACTATCTCATTT,0,3433403
tabA_predicted,0.5,1,1,CAAGGACCGCAGGGAGTTGG,0,3453366
tabA_predicted,0.5,1,1,CAAGCTGAGCTCAAGAGAAT,0,3453309
tabA_predicted,0.5,1,1,CAAGCTAAAGCTCGTGTCTT,0,3438991
tabA_predicted,0.5,1,1,CAAGCAGATCTTGAATGTCG,0,3435192
tabA_predicted,0.5,1,1,CAAGATCTGGAGCCCACACA,0,3451469
tabA_predicted,0.5,1,1,CAAGACTAATGAACTGTGTC,0,3441618
tabA_predicted,0.5,1,1,CAAGAACTGTTACTGGACGT,0,3440062
tabA_predicted,0.5,1,1,CAAGAAAACGACCTCCAGGC,0,3461923
tabA_predicted,0.5,1,1,CAACTTCTTATTTGCCTGCA,0,3443830
tabA_predicted,0.5,1,1,CAACGGGTAACTATCACTTC,0,3442997
tabA_predicted,0.5,1,1,CAACCGGGGGTTCACATCCT,0,3445552
tabA_predicted,0.5,1,1,CAACAGGCGTACGTGACCTT,0,3463239
tabA_predicted,0.5,1,1,CAACACGTTGTTGTCCGGTG,0,3448010
tabA_predicted,0.5,1,1,CAAATTCGAAGACGCCGAGA,0,3445186
tabA_predicted,0.5,1,1,CAAAGGTGTGACCTGACATA,0,3452332
tabA_predicted,0.5,1,1,CAAAAGCCCCCCGCGAATCG,0,3433963
tabA_predicted,0.5,1,1,ATTTTCACCTCTACGGTAAA,0,3445081
tabA_predicted,0.5,1,1,ATTTGGTAGTTGGTTACAAT,0,3464949
tabA_predicted,0.5,1,1,ATTTGCCATCTCGCCATTAA,0,3451059
tabA_predicted,0.5,1,1,ATTTAGCAGCACCATCCTTA,0,3450703
tabA_predicted,0.5,1,1,ATTTAGAGAGGAGTCGCGTA,0,3445255
tabA_predicted,0.5,1,1,ATTTAACATTGCCTTCGGCT,0,3446084
tabA_predicted,0.5,1,1,ATTGTCGTCGCCCGCCACAG,0,3433896
tabA_predicted,0.5,1,1,ATTGGGGACTTGACTAGGAT,0,3432590
tabA_predicted,0.5,1,1,ATTGGCATTGTATGCGTGTA,0,3456582
tabA_predicted,0.5,1,1,ATTGCGATGGCTACACCTGA,0,3432530
tabA_predicted,0.5,1,1,ATTGACGCAACGGGCACGTT,0,3462519
tabA_predicted,0.5,1,1,ATTCTGATAAAGGGTGGGCA,0,3453805
tabA_predicted,0.5,1,1,ATTCTAGGGTATCACGTCAC,0,3435880
tabA_predicted,0.5,1,1,ATTCTAAAAAAGGCGATGAC,0,3445748
tabA_predicted,0.5,1,1,ATTCGTTGACCTTAGAAACG,0,3441411
tabA_predicted,0.5,1,1,ATTCCTGAGCTTTCCTGGTA,0,3453511
tabA_predicted,0.5,1,1,ATTCCTGAATGCTATATTAC,0,3462946
tabA_predicted,0.5,1,1,ATTCCCATTATAAGTCAACA,0,3459147
tabA_predicted,0.5,1,1,ATTCACTGTCCCTCGAAACC,0,3448514
tabA_predicted,0.5,1,1,ATTCAAGAAACGTGGGAGAC,0,3432673
tabA_predicted,0.5,1,1,ATTATCTTTAGTAGGGGGTA,0,3456597
tabA_predicted,0.5,1,1,ATTATCTCACCGGCTTGACG,0,3466024
tabA_predicted,0.5,1,1,ATTATCGTACGACCTTCTAA,0,3453794
tabA_predicted,0.5,1,1,ATTATATCTGCAGGTATGAC,0,3445197
tabA_predicted,0.5,1,1,ATTATAGGCGAACATCAGCT,0,3439632
tabA_predicted,0.5,1,1,ATTAGGTAATCAACGCTCGA,0,3443578
tabA_predicted,0.5,1,1,ATTAGAGCTGTAGGCCAACC,0,3437522
tabA_predicted,0.5,1,1,ATTAGAACAGCATGATACGA,0,3456099
tabA_predicted,0.5,1,1,ATTACTTCAGCCGAATGCAG,0,3442173
tabA_predicted,0.5,1,1,ATTACATACTCAAACAGTTT,0,3458476
tabA_predicted,0.5,1,1,ATTAACATCAAGTGTATGCA,0,3450059
tabA_predicted,0.5,1,1,ATGTTAATCCCGCTCGACCA,0,3464196
tabA_predicted,0.5,1,1,ATGTGTAGCGTATCTACGCG,0,3441507
tabA_predicted,0.5,1,1,ATGGTTGATATTTAAATCTA,0,3454922
tabA_predicted,0.5,1,1,ATGGTCCAACTCATCTAAGG,0,3446271
tabA_predicted,0.5,1,1,ATGGGGTCTGTGTCTAACCT,0,3436278
tabA_predicted,0.5,1,1,ATGGCAGTAAGGTCGCTAAA,0,3452039
tabA_predicted,0.5,1,1,ATGCCATAAAGGGGATCTAC,0,3447052
tabA_predicted,0.5,1,1,ATGCATTACCAGGTTTGAAT,0,3438879
tabA_predicted,0.5,1,1,ATGCAACACATTTAGCCAAG,0,3446068
tabA_predicted,0.5,1,1,ATGATTGCCTGGTCTTGTCA,0,3457233
tabA_predicted,0.5,1,1,ATGATCCGGCGACCTGCTCA,0,3463792
tabA_predicted,0.5,1,1,ATGAGAGACGGTCGAGTGGG,0,3463928
tabA_predicted,0.5,1,1,ATGAAGGGTTATACGGGTGC,0,3449584
tabA_predicted,0.5,1,1,ATGAACAACGAGTTCCGATC,0,3458082
tabA_predicted,0.5,1,1,ATCTTTTGATAAAAGCAGTG,0,3445797
tabA_predicted,0.5,1,1,ATCTTGCAGAGCTATCTGTG,0,3456688
tabA_predicted,0.5,1,1,ATCTTATCCCTACGCATTAT,0,3441139
tabA_predicted,0.5,1,1,ATCTGGGTCCCGCGAGCCAC,0,3462757
tabA_predicted,0.5,1,1,ATCTGATAAACGTCATTTCT,0,3443110
tabA_predicted,0.5,1,1,ATCTCGTGCGAGTTTCACAT,0,3440667
tabA_predicted,0.5,1,1,ATCTCCGCTCGGGCTTCATA,0,3461368
tabA_predicted,0.5,1,1,ATCTATGAGACCATGAGATG,0,3454144
tabA_predicted,0.5,1,1,ATCTATAGGCAACGATTATC,0,3444655
tabA_predicted,0.5,1,1,ATCTACCAATAATGCGCGTG,0,3464433
tabA_predicted,0.5,1,1,ATCGTTTTTAGCGCGTGGGA,0,3436071
tabA_predicted,0.5,1,1,ATCGTACATTGCACCGTCCA,0,3446649
tabA_predicted,0.5,1,1,ATCGAAGCGCAATTACTACT,0,3435553
tabA_predicted,0.5,1,1,ATCGAAAAGTCTACTTAGTT,0,3452539
tabA_predicted,0.5,1,1,ATCCGTTTTCAAGAATGAAT,0,3449237
tabA_predicted,0.5,1,1,ATCCGGTAGACTGTCATCCA,0,3434532
tabA_predicted,0.5,1,1,ATCCGACACCGAATAAATGC,0,3434206
tabA_predicted,0.5,1,1,ATCCCTTGCTATATGTCGGT,0,3453470
tabA_predicted,0.5,1,1,ATCCCTATTCGACGGATCGA,0,3452621
tabA_predicted,0.5,1,1,ATCCCAATCCGGATGTCACT,0,3442038
tabA_predicted,0.5,1,1,ATCCAGGACAGTGTGACGAC,0,3459862
tabA_predicted,0.5,1,1,ATCCAACCTCCGAGACCCTT,0,3438821
tabA_predicted,0.5,1,1,ATCATCCGCGAGTTAAGTAA,0,3439456
tabA_predicted,0.5,1,1,ATCATAATGGAATGCACTTC,0,3457661
tabA_predicted,0.5,1,1,ATCACTCCGTATAAGCATGC,0,3447815
tabA_predicted,0.5,1,1,ATCAAGGAACGTTAAATCGA,0,3457187
tabA_predicted,0.5,1,1,ATATTATCGGCCTGCTACAT,0,3460937
tabA_predicted,0.5,1,1,ATATGGCGGGCCTTTTACGC,0,3456161
tabA_predicted,0.5,1,1,ATATGGCCGGAGGTTACGAA,0,3440165
tabA_predicted,0.5,1,1,ATATGCGTGACCCCGGTCTT,0,3434039
tabA_predicted,0.5,1,1,ATATGCGAATCGTTATCGGG,0,3456048
tabA_predicted,0.5,1,1,ATATGCAGTTCTCGTTGTTC,0,3465752
tabA_predicted,0.5,1,1,ATATGAGTCGTTGGAAGCAT,0,3463665
tabA_predicted,0.5,1,1,ATATCTTTATTAAGGTGGTT,0,3459625
tabA_predicted,0.5,1,1,ATATCGTGAGTGACTTCCGT,0,3455179
tabA_predicted,0.5,1,1,ATATAGCTGAAAAACTTATC,0,3441336
tabA_predicted,0.5,1,1,ATAGTTCTAATGAGCTAGTC,0,3431262
tabA_predicted,0.5,1,1,ATAGTCTCTTCGTGTTATCA,0,3451214
tabA_predicted,0.5,1,1,ATAGGTTTGACCGCCCCCTG,0,3462491
tabA_predicted,0.5,1,1,ATAGCCAAGTAGGCCTATCT,0,3435361
tabA_predicted,0.5,1,1,ATAGATAGGAAATTCGACAG,0,3462469
tabA_predicted,0.5,1,1,ATACCACGGATGCGGCCCCA,0,3431397
tabA_predicted,0.5,1,1,ATACAGTATCAACATCCCAG,0,3456315
tabA_predicted,0.5,1,1,ATACACCGCTTCGAACGCTA,0,3455271
tabA_predicted,0.5,1,1,ATAATGTGTAGATAATGGAT,0,3436060
tabA_predicted,0.5,1,1,ATAATCGTCGCTGGGACGTC,0,3460413
tabA_predicted,0.5,1,1,ATAACTTAAGGATGATGTTC,0,3445722
tabA_predicted,0.5,1,1,ATAACGTACTGCGTGTTTGG,0,3457906
tabA_predicted,0.5,1,1,ATAACAGTTCCGACTGTCAT,0,3465356
tabA_predicted,0.5,1,1,ATAAAGGACGCGAGACACAA,0,3463601
tabA_predicted,0.5,1,1,AGTTGGGTGATCATTGTGGA,0,3448960
tabA_predicted,0.5,1,1,AGTTGCTATATGCTGCGGGT,0,3431736
tabA_predicted,0.5,1,1,AGTTGATCAGCATGATCCCT,0,3451498
tabA_predicted,0.5,1,1,AGTTCTTTAACAAATTGTGG,0,3433711
tabA_predicted,0.5,1,1,AGTTCGTATCAATTTCGTCA,0,3437593
tabA_predicted,0.5,1,1,AGTTCACCTGGAATCAATCT,0,3448638
tabA_predicted,0.5,1,1,AGTTATGGAACAGTGAAACC,0,3450371
tabA_predicted,0.5,1,1,AGTGGACAGCCGGTGGTAAA,0,3432622
tabA_predicted,0.5,1,1,AGTGCCCCTACGTTACAATA,0,3449961
tabA_predicted,0.5,1,1,AGTGATTGACCCGCTAAATG,0,3437800
tabA_predicted,0.5,1,1,AGTGAGGAAGACACCTGGAT,0,3438988
tabA_predicted,0.5,1,1,AGTCCGTTTGCGTGCTGCAG,0,3461542
tabA_predicted,0.5,1,1,AGTCCATGTGACCGCGGATT,0,3465808
tabA_predicted,0.5,1,1,AGTCCATACGGCCGTGATAC,0,3442358
tabA_predicted,0.5,1,1,AGTCAGCACCCGGGGTGAAG,0,3450869
tabA_predicted,0.5,1,1,AGTATATAAGATGATTGAGC,0,3460665
tabA_predicted,0.5,1,1,AGTACACCGGCCTCTTCCTG,0,3465420
tabA_predicted,0.5,1,1,AGTAATGTAGTCCCTAATCA,0,3456985
tabA_predicted,0.5,1,1,AGGTGTGTCCGCTGAGGGCT,0,3458232
tabA_predicted,0.5,1,1,AGGTCGCATCGTTTCCACAA,0,3450200
tabA_predicted,0.5,1,1,AGGTAGCTGAACTAATGTAC,0,3460892
tabA_predicted,0.5,1,1,AGGTACGAGACGGTTCGCGG,0,3431839
tabA_predicted,0.5,1,1,AGGTACCCGTGCCATGTCGC,0,3438864
tabA_predicted,0.5,1,1,AGGTAATTTGTCCGTAAAGC,0,3447201
tabA_predicted,0.5,1,1,AGGGGGCTTTAAGACCGTCA,0,3444794
tabA_predicted,0.5,1,1,AGGGGGCCATGTACGGAAGT,0,3452344
tabA_predicted,0.5,1,1,AGGGATCACCTTGATGAGGC,0,3437264
tabA_predicted,0.5,1,1,AGGGACGTAGTATCTGCAAT,0,3463873
tabA_predicted,0.5,1,1,AGGGAATTTTCGCTAATGCG,0,3446757
tabA_predicted,0.5,1,1,AGGCTTTTGGACAATGGTCA,0,3458637
tabA_predicted,0.5,1,1,AGGCTCCGTTGTTGTGATGC,0,3463696
tabA_predicted,0.5,1,1,AGGCTATCTTAATTGACAAA,0,3451102
tabA_predicted,0.5,1,1,AGGCGTGCGTAATTCCGTCG,0,3434685
tabA_predicted,0.5,1,1,AGGCAGGACGCCCAAATGAT,0,3451031
tabA_predicted,0.5,1,1,AGGCACGGGCGCTGGGCGGA,0,3432783
tabA_predicted,0.5,1,1,AGGCACATCAAAGTGAGGGG,0,3432860
tabA_predicted,0.5,1,1,AGGATTTACTGTGGTTGGAT,0,3434435
tabA_predicted,0.5,1,1,AGGAGTCTGTATGCTAGCGC,0,3460371
tabA_predicted,0.5,1,1,AGGAGCGCCTTGAATACGTT,0,3450918
tabA_predicted,0.5,1,1,AGGACACTAAGAAGGGTGCA,0,3464885
tabA_predicted,0.5,1,1,AGCTTGCGTACACTCCCCTC,0,3435096
tabA_predicted,0.5,1,1,AGCTGAGGTAATTCAATGAC,0,3457986
tabA_predicted,0.5,1,1,AGCTATTTGCGTCGCTTATA,0,3437498
tabA_predicted,0.5,1,1,AGCGGTGTAGACATTGGCCC,0,3432091
tabA_predicted,0.5,1,1,AGCGGATGGGTGCTCCAATA,0,3439096
tabA_predicted,0.5,1,1,AGCCTTCATGTATGTGACAG,0,3433804
tabA_predicted,0.5,1,1,AGCCTATAGTCTTGCGCGGA,0,3456081
tabA_predicted,0.5,1,1,AGCCGGGGTGTGACTATTAA,0,3445783
tabA_predicted,0.5,1,1,AGCCGCCAAGACGTTCAATA,0,3451076
tabA_predicted,0.5,1,1,AGCCCCATCGCTCGCCCCCT,0,3454249
tabA_predicted,0.5,1,1,AGCCACACGAGCTTAATTGT,0,3444584
tabA_predicted,0.5,1,1,AGCAGATTGCCACTGTACGG,0,3452999
tabA_predicted,0.5,1,1,AGCACGATCTCGAGTGGGAG,0,3463883
tabA_predicted,0.5,1,1,AGCAAGCGGTGTTTTGTACA,0,3447988
tabA_predicted,0.5,1,1,AGCAAACTTAATAGTGACAT,0,3445251
tabA_predicted,0.5,1,1,AGATGCAAGCCCACACTTTG,0,3436262
tabA_predicted,0.5,1,1,AGATCGCGGGCCTGTTACTA,0,3459601
tabA_predicted,0.5,1,1,AGATATGCGATTCGGCGATC,0,3445011
tabA_predicted,0.5,1,1,AGATACCCGGCAACACAAAC,0,3466116
tabA_predicted,0.5,1,1,AGAGTTAACGGAGCTCTGGT,0,3461728
tabA_predicted,0.5,1,1,AGAGTCCTCGGCAGCTAAGC,0,3466274
tabA_predicted,0.5,1,1,AGAGGGTTGCTCCAATGAAT,0,3451841
tabA_predicted,0.5,1,1,AGAGGCCTTTTACTACGTAG,0,3439178
tabA_predicted,0.5,1,1,AGAGCGCGCCCCCTTTTCCC,0,3439085
tabA_predicted,0.5,1,1,AGAGACCCACCCTATTTCCT,0,3431847
tabA_predicted,0.5,1,1,AGAGAACGAAGGACCCCACG,0,3454576
tabA_predicted,0.5,1,1,AGACTTTTGGCCACTATATT,0,3446752
tabA_predicted,0.5,1,1,AGACTGAATGGGAGCTAAGT,0,3443265
tabA_predicted,0.5,1,1,AGACTCGAATAGGATAGATT,0,3433000
tabA_predicted,0.5,1,1,AGACGGCGCGGACATCGAGG,0,3449998
tabA_predicted,0.5,1,1,AGACGATAGTTCATACCTCA,0,3463105
tabA_predicted,0.5,1,1,AGACAGTAGTTAAGGCTTGT,0,3442689
tabA_predicted,0.5,1,1,AGAACTTGCATCCGCTCCGC,0,3443771
tabA_predicted,0.5,1,1,AGAACTGCCCAGCACCTGTG,0,3436718
tabA_predicted,0.5,1,1,AGAACCACCAGTAGACGTCA,0,3462318
tabA_predicted,0.5,1,1,AGAAATACTGGTTGGACAGG,0,3452315
tabA_predicted,0.5,1,1,AGAAACAAGCCTGGCCGTTG,0,3441974
tabA_predicted,0.5,1,1,ACTTATATTCGAGAGTGACA,0,3464666
tabA_predicted,0.5,1,1,ACTTAGCCCGTTGTTGCTTC,0,3465185
tabA_predicted,0.5,1,1,ACTTACGCAGTTCGGAACTA,0,3438977
tabA_predicted,0.5,1,1,ACTTACCAGTGAAGAGGTCA,0,3441202
tabA_predicted,0.5,1,1,ACTTAAAGAGTTTGCTCTGA,0,3445639
tabA_predicted,0.5,1,1,ACTGTAGAGTAAGATGTGTA,0,3464132
tabA_predicted,0.5,1,1,ACTGGTACGAGCACGATTAC,0,3442813
tabA_predicted,0.5,1,1,ACTGGATGCAGTACCAAAGT,0,3435455
tabA_predicted,0.5,1,1,ACTGCTTTAACCAATGAAAG,0,3453127
tabA_predicted,0.5,1,1,ACTGATGAACCACCACACAA,0,3438820
tabA_predicted,0.5,1,1,ACTGACCGGAGACGGTAGAA,0,3455474
tabA_predicted,0.5,1,1,ACTCTTGGCTGTTAACCCTT,0,3463506
tabA_predicted,0.5,1,1,ACTCTTGAGACTTCGGGGCT,0,3442365
tabA_predicted,0.5,1,1,ACTATAGGGATTACCTGGAT,0,3439512
tabA_predicted,0.5,1,1,ACTACAGGCGGTCCTCTGGC,0,3449809
tabA_predicted,0.5,1,1,ACTAAATAAGGCGGCCCTGA,0,3459138
tabA_predicted,0.5,1,1,ACGTTGAAATGCTAGGAGCT,0,3445556
tabA_predicted,0.5,1,1,ACGTTACACGACCGAAATTC,0,3450031
tabA_predicted,0.5,1,1,ACGTGTCAGTCTGATGCGAT,0,3439169
tabA_predicted,0.5,1,1,ACGGTATCCCGTTTCGAGAA,0,3455938
tabA_predicted,0.5,1,1,ACGGGTTACACACATAGTAG,0,3445547
tabA_predicted,0.5,1,1,ACGGGGACAACTCAATGAAC,0,3454629
tabA_predicted,0.5,1,1,ACGGCTTGACACTTTTTGTG,0,3452346
tabA_predicted,0.5,1,1,ACGGCGGCGCATGGCATTAC,0,3465093
tabA_predicted,0.5,1,1,ACGGCCGTTGTTTCCTGGTA,0,3448220
tabA_predicted,0.5,1,1,ACGGATGGCTAGTGTGATTT,0,3435138
tabA_predicted,0.5,1,1,ACGGATGAAAGACAGCGTAC,0,3431229
tabA_predicted,0.5,1,1,ACGGATCTACGAGTTTCTTA,0,3456490
tabA_predicted,0.5,1,1,ACGGAGAGATTAGTCAAGGG,0,3458081
tabA_predicted,0.5,1,1,ACGGAGACAACACTACCTCT,0,3464295
tabA_predicted,0.5,1,1,ACGGACGCAAGACCCGTGCT,0,3432277
tabA_predicted,0.5,1,1,ACGCTGTTATAGTCATGTCT,0,3463460
tabA_predicted,0.5,1,1,ACGCGCGTTGTTTCGCTCGT,0,3431231
tabA_predicted,0.5,1,1,ACGCCCCTATACAGGTACAC,0,3452072
tabA_predicted,0.5,1,1,ACGCAGTCGCCTGTTAAGCA,0,3459970
tabA_predicted,0.5,1,1,ACGATCTTAATCCGGTTTAG,0,3434994
tabA_predicted,0.5,1,1,ACGATACGTGCCCCACACGG,0,3449598
tabA_predicted,0.5,1,1,ACGATACCTCATTATCCTAT,0,3447210
tabA_predicted,0.5,1,1,ACGAGGTACGTTATCTGTGT,0,3435714
tabA_predicted,0.5,1,1,ACGAGAATGGGGGCATATAA,0,3453427
tabA_predicted,0.5,1,1,ACGAAAAGTGAAGCCCTTAT,0,3435978
tabA_predicted,0.5,1,1,ACCTTTTAGGAGTTAATACC,0,3437302
tabA_predicted,0.5,1,1,ACCTTTGGCCGCGCTATGAA,0,3458591
tabA_predicted,0.5,1,1,ACCTTCGGATCCGTGCGGTA,0,3451437
tabA_predicted,0.5,1,1,ACCTCTGTTGAGTGTTGATA,0,3434213
tabA_predicted,0.5,1,1,ACCTAAGGGGTAGACCCCTA,0,3453338
tabA_predicted,0.5,1,1,ACCGTGGGCAACCCAACGTG,0,3438947
tabA_predicted,0.5,1,1,ACCGTCTTTTTCGGTACGTT,0,3457000
tabA_predicted,0.5,1,1,ACCGATCAAGCAATATTCGA,0,3434243
tabA_predicted,0.5,1,1,ACCGAGACTATTTGAGTTTA,0,3455446
tabA_predicted,0.5,1,1,ACCGACTCGAAGTACTTATG,0,3446879
tabA_predicted,0.5,1,1,ACCCTTCTGATTATTCTCAA,0,3431972
tabA_predicted,0.5,1,1,ACCCTGCTTCCCTCTGGGTT,0,3443154
tabA_predicted,0.5,1,1,ACCCTCGAGATCCATTTCAT,0,3457651
tabA_predicted,0.5,1,1,ACCCTCAAAGGGTTCCTTAC,0,3454319
tabA_predicted,0.5,1,1,ACCCGGGCCGACACGGCGGT,0,3462529
tabA_predicted,0.5,1,1,ACCCGCGTTAGCCAAGTCTT,0,3444933
tabA_predicted,0.5,1,1,ACCCCGGCAAATATTTGATC,0,3440381
tabA_predicted,0.5,1,1,ACCCCGAACGATATTCGACT,0,3445324
tabA_predicted,0.5,1,1,ACCCCATTGTTTCAGGACAG,0,3457294
tabA_predicted,0.5,1,1,ACCCAAGCATGCGTAAGACC,0,3461186
tabA_predicted,0.5,1,1,ACCATACAGTATTAATAACC,0,3465749
tabA_predicted,0.5,1,1,ACCAGGAGCATCGTAATAAG,0,3437887
tabA_predicted,0.5,1,1,ACCACGCGAATTCGGCGCAC,0,3460333
tabA_predicted,0.5,1,1,ACCAACCATTTGGTCATAAA,0,3441664
tabA_predicted,0.5,1,1,ACATTAGTAGGTTGTGCGGG,0,3437439
tabA_predicted,0.5,1,1,ACATCATTCGGACCGATTTC,0,3436641
tabA_predicted,0.5,1,1,ACATATACTGGTGACCGGGT,0,3448268
tabA_predicted,0.5,1,1,ACAGTTTTTTGCACGCGCTA,0,3451728
tabA_predicted,0.5,1,1,ACAGTGTAGCTACCCCATTA,0,3464887
tabA_predicted,0.5,1,1,ACAGTCCGACTCAGATCAAT,0,3448062
tabA_predicted,0.5,1,1,ACAGTAACTTTCACTAGACC,0,3431915
tabA_predicted,0.5,1,1,ACAGGTGAACACGCGTCCCC,0,3462389
tabA_predicted,0.5,1,1,ACAGGGGAAAAGGGTCGCAG,0,3446928
tabA_predicted,0.5,1,1,ACAGGCCTGGTTCTCACCTC,0,3456709
tabA_predicted,0.5,1,1,ACAGCTGAGCTGCCCGGTTG,0,3447814
tabA_predicted,0.5,1,1,ACACTGGTTGTGATCGAGTT,0,3454385
tabA_predicted,0.5,1,1,ACACTAAGGCTGTTCAATGC,0,3433301
tabA_predicted,0.5,1,1,ACACGTCTTAACGTATGGCA,0,3458509
tabA_predicted,0.5,1,1,ACACGGTACCTCGAGACAGG,0,3446913
tabA_predicted,0.5,1,1,ACACCTCCTATATGAGATGG,0,3434908
tabA_predicted,0.5,1,1,ACAATTTTTCATTATTCAAA,0,3432508
tabA_predicted,0.5,1,1,ACAATAGATCCTACGATGCC,0,3436715
tabA_predicted,0.5,1,1,ACAAGTTCTTGAAACGCCGG,0,3461876
tabA_predicted,0.5,1,1,ACAAGTGACATAATCGTCAT,0,3440126
tabA_predicted,0.5,1,1,ACAAGGTAGCTTCATGAATA,0,3449532
tabA_predicted,0.5,1,1,ACAAATCTAACCGGGAGCCT,0,3444600
tabA_predicted,0.5,1,1,AATTTTCGCTCGCTGTACTT,0,3444667
tabA_predicted,0.5,1,1,AATTTTCATTCGGTGTGACG,0,3464775
tabA_predicted,0.5,1,1,AATTATCATATGTGCTACTC,0,3447120
tabA_predicted,0.5,1,1,AATGGATACTGCTACTCAAA,0,3464109
tabA_predicted,0.5,1,1,AATGCGGTGTATCAAATTTG,0,3442195
tabA_predicted,0.5,1,1,AATGAAGTCGTGTACTGGGG,0,3462539
tabA_predicted,0.5,1,1,AATGAACGGTTTAAACGAGT,0,3435276
tabA_predicted,0.5,1,1,AATCTTGGACGGCGAATGGG,0,3445523
tabA_predicted,0.5,1,1,AATCTCTGGGCGAGTGTTTT,0,3448655
tabA_predicted,0.5,1,1,AATCGCAGGGTTTTATACTG,0,3455259
tabA_predicted,0.5,1,1,AATCATATTCGAATCCTGGG,0,3448411
tabA_predicted,0.5,1,1,AATAGGTGATAGGTGGCTGG,0,3436824
tabA_predicted,0.5,1,1,AATACCTGGGTGTATCTCAG,0,3456785
tabA_predicted,0.5,1,1,AATACAGACTGAACATCTCC,0,3453766
tabA_predicted,0.5,1,1,AATAATTTAGGACACGAATT,0,3436154
tabA_predicted,0.5,1,1,AAGTTCCCATGACTCTGCGT,0,3441767
tabA_predicted,0.5,1,1,AAGTGTCTAGCAGGATCTCT,0,3456225
tabA_predicted,0.5,1,1,AAGTGTACTCTTTCCAATTG,0,3451907
tabA_predicted,0.5,1,1,AAGTCTAAAATCCCGGGGGG,0,3434408
tabA_predicted,0.5,1,1,AAGTATGGTCCAAAAAGCTG,0,3452300
tabA_predicted,0.5,1,1,AAGTAGGCCGGAGGGTCGAA,0,3447013
tabA_predicted,0.5,1,1,AAGTACTCAAGATTAACGTG,0,3438134
tabA_predicted,0.5,1,1,AAGGTTTGCCGCTTTGGAGG,0,3438539
tabA_predicted,0.5,1,1,AAGGTTACGCGGTCCAATGG,0,3456181
tabA_predicted,0.5,1,1,AAGGTGTGTGAAGCAACTAG,0,3456954
tabA_predicted,0.5,1,1,AAGGGGAGGAGAAGTGTGGT,0,3432589
tabA_predicted,0.5,1,1,AAGGCATAGGCAGGGCGGCT,0,3455629
tabA_predicted,0.5,1,1,AAGGAATTTGGGTTTGGTTT,0,3447098
tabA_predicted,0.5,1,1,AAGCTAAATCCGAAGTTTGA,0,3457024
tabA_predicted,0.5,1,1,AAGCGCCCTCCCCGTCGAAG,0,3464426
tabA_predicted,0.5,1,1,AAGCGACGTGCCCGGGAACT,0,3458786
tabA_predicted,0.5,1,1,AAGCCGAGCTCATGAAATAG,0,3454729
tabA_predicted,0.5,1,1,AAGCCCTAACTTCCTCCATA,0,3444894
tabA_predicted,0.5,1,1,AAGCCAGTCTAAGGCTAGTC,0,3445677
tabA_predicted,0.5,1,1,AAGATGGCGAGTTTTCTTTT,0,3436522
tabA_predicted,0.5,1,1,AAGAGCGAAAAGGCACTTCG,0,3436758
tabA_predicted,0.5,1,1,AAGACTGTCCTCCTCAGTGC,0,3465386
tabA_predicted,0.5,1,1,AAGAAGCCCGGCGAACGGCA,0,3433726
tabA_predicted,0.5,1,1,AACTTGCAGGAATTTTCAGA,0,3456274
tabA_predicted,0.5,1,1,AACTGTTGTGTTATTTAGGA,0,3440218
tabA_predicted,0.5,1,1,AACTGCCGCTATAACTCAAC,0,3436653
tabA_predicted,0.5,1,1,AACTCGTCCGACATTTGGTC,0,3437258
tabA_predicted,0.5,1,1,AACTCATGCTACGATGAGTC,0,3450716
tabA_predicted,0.5,1,1,AACTATCATACTCATCCAGG,0,3438952
tabA_predicted,0.5,1,1,AACGGTGGTGGATCCGTTAT,0,3446209
tabA_predicted,0.5,1,1,AACGGGGTGTTGGCCAGTTA,0,3443662
tabA_predicted,0.5,1,1,AACGCGGTCCATCCGCGGAA,0,3460968
tabA_predicted,0.5,1,1,AACCTTGAGTGGATCCGGAC,0,3441010
tabA_predicted,0.5,1,1,AACCGGCTTGTATTCACCTG,0,3447991
tabA_predicted,0.5,1,1,AACCCGGTAGTATCATATTT,0,3458076
tabA_predicted,0.5,1,1,AACCCAAAATTCGCATTACA,0,3437877
tabA_predicted,0.5,1,1,AACCATGACTTGATCAGCCG,0,3446726
tabA_predicted,0.5,1,1,AACCACCCGCCATCCATGTT,0,3448871
tabA_predicted,0.5,1,1,AACATACTTTCTCAGATGAC,0,3450246
tabA_predicted,0.5,1,1,AACAGTAAGTTGGCAAACGA,0,3459632
tabA_predicted,0.5,1,1,AACACCCAAGCGCTCATCTG,0,3457966
tabA_predicted,0.5,1,1,AACAAGGACGATCCACAATT,0,3460681
tabA_predicted,0.5,1,1,AACAACGTAATGGCGCTTGA,0,3433789
tabA_predicted,0.5,1,1,AACAAAACTTAGCAAACCAT,0,3439049
tabA_predicted,0.5,1,1,AAATTCATGTAACTTGCTTA,0,3447677
tabA_predicted,0.5,1,1,AAATTCAGTCGCCTGGCACT,0,3433708
tabA_predicted,0.5,1,1,AAATGGACTATTATGCCGAA,0,3450558
tabA_predicted,0.5,1,1,AAATCCAGTAGTTGTTGATA,0,3452386
tabA_predicted,0.5,1,1,AAAGTTATTCGAATGACAAT,0,3440257
tabA_predicted,0.5,1,1,AAAGTGCATTTTGATCGGAA,0,3465625
tabA_predicted,0.5,1,1,AAAGTATGCTATGTTGGCGG,0,3438549
tabA_predicted,0.5,1,1,AAAGGGCAATCGACTCCCAA,0,3435329
tabA_predicted,0.5,1,1,AAAGGCTGCCCAAGGAATCA,0,3432766
tabA_predicted,0.5,1,1,AAAGCAAGACACGTCCAAGT,0,3464744
tabA_predicted,0.5,1,1,AAAGATAGACTCACGGGATG,0,3458894
tabA_predicted,0.5,1,1,AAAGAGGGCAACCAGCCCAC,0,3446954
tabA_predicted,0.5,1,1,AAAGACGTTCAGAAACAGTT,0,3443353
tabA_predicted,0.5,1,1,AAAGACAACTACTTATCGGC,0,3465727
tabA_predicted,0.5,1,1,AAAGAATATTGTCGAGCCTA,0,3436108
tabA_predicted,0.5,1,1,AAAGAAGAGCGCCGAAACTG,0,3432701
tabA_predicted,0.5,1,1,AAACGTAACTGTCTACAGTT,0,3448521
tabA_predicted,0.5,1,1,AAACGGGGCGAAGCTAATAG,0,3463341
tabA_predicted,0.5,1,1,AAACGACGATACCTAGGAGC,0,3444384
tabA_predicted,0.5,1,1,AAACAGGTACCAACTTAATT,0,3464964
tabA_predicted,0.5,1,1,AAACACTACAGGAAGCTAGC,0,3434675
tabA_predicted,0.5,1,1,AAAATTAGGCTAGACTGTAA,0,3433678
tabA_predicted,0.5,1,1,AAAATGCGGCCACTGCTATT,0,3431920
tabA_predicted,0.5,1,1,AAAACCATTTCACGCCCGGG,0,3461632
tabA_predicted,0.5,1,1,AAAACATCGAGAACCTACAT,0,3451077
tabA_predicted,0.5,1,1,AAAAAGCGGTCAACACAGCT,0,3462547
tabA_predicted,2459.0,2458,0,CGAGTCTGGCGCCTAATAAA,2458,3432951
tabA_predicted,17.0,16,0,GCGATTATATTAGTTGAGTT,16,3433225
tabA_predicted,17.0,16,0,ATCCCCGGCTGGAAATCCGT,16,3450595
tabA_predicted,12.0,11,0,ATCAGCGTTATGATATCCAC,11,3455138
tabA_predicted,8.0,7,0,GCTTCGTTTTCAAACTAGTG,7,3465998
tabA_predicted,6.0,5,0,TCGTGATGCGGCTACTTTCG,5,3449939
tabA_predicted,5.0,4,0,CAATCCCAGGTGGGCGGTAT,4,3446972
tabA_predicted,4.0,3,0,TTTGGTCATGCTGAAGTATC,3,3437646
tabA_predicted,4.0,3,0,GAGTAAGCGTGCTCTTGACT,3,3443952
tabA_predicted,4.0,3,0,CCGTTTCATCGTCAAGTTTT,3,3455411
tabA_predicted,3.0,2,0,GACAAGTGCTCATGGCAAGA,2,3431872
tabA_predicted,2.0,1,0,TCAGTTTCAGTTGAATGGGA,1,3433975
tabA_predicted,2.0,1,0,TATTCATGCCGTATCTGGTT,1,3453522
tabA_predicted,2.0,1,0,GGTTCTTCGCTGGGTACGTA,1,3463519
tabA_predicted,2.0,1,0,GGTCTTCTACCCCGAGTCCA,1,3451700
tabA_predicted,2.0,1,0,GGCACGACTAATGGGATCGC,1,3453290
tabA_predicted,2.0,1,0,GGATTCTGGAGCCTACACTC,1,3457001
tabA_predicted,2.0,1,0,GATTCCAAGTTCTTCGAACC,1,3440601
tabA_predicted,2.0,1,0,GATGTTCATCAACGGGTGGT,1,3436593
tabA_predicted,2.0,1,0,GACCCGGACCATGGGCTTCA,1,3451348
tabA_predicted,2.0,1,0,CTGTCATGCGTCTGAAGATA,1,3457402
tabA_predicted,2.0,1,0,CTAGAACACTATCCAAACAA,1,3464846
tabA_predicted,2.0,1,0,CTAACAAAAACACTCTCATT,1,3445570
tabA_predicted,2.0,1,0,CGAAAGGAGAGTCGATCTAC,1,3461506
tabA_predicted,2.0,1,0,CCGGCAATCGAGCTGGCCCT,1,3453988
tabA_predicted,2.0,1,0,CCCTAGGGACCCTGACACAG,1,3436112
tabA_predicted,2.0,1,0,CCACTACTTGGGAACACTGG,1,3442848
tabA_predicted,2.0,1,0,CATACTTATTGGTTGTAGAC,1,3466191
tabA_predicted,2.0,1,0,ATGATTCTACAGGTTCGTCA,1,3431518
tabA_predicted,2.0,1,0,AGTGCCCTGGAGACAACCCA,1,3434683
tabA_predicted,2.0,1,0,AGGGTTCTGCATCAACATGG,1,3445145
tabA_predicted,2.0,1,0,ACGCTTCCTGCAACGAAAAG,1,3443769
tabA_predicted,2.0,1,0,ACACTAGGTGATCCCGCCGT,1,3434068
tabA_predicted,2.0,1,0,AAGTAAAACCCGAACAGCCC,1,3442155
tabA_predicted,2.0,1,0,AAGGGAAATACAGTAAGAGA,1,3432615
tabA_predicted,2.0,1,0,AACGGATACATCTGTAAAGC,1,3434679
tabA_predicted,2.0,1,0,AACGACACCCCCCAATCGGG,1,3457345
tabA_predicted,2.0,1,0,AACCTCCTGGACTCGTGTAA,1,3455370
