name,relative_counts,ct,ct_0,barcode,ct_1,barcode_ind
yadI_predicted,0.5546292233435718,7084,4557,CTGCGTGGCGCGAGAGAGGA,2527,4301646
yadI_predicted,0.043048973143759876,2639,2531,ACCGGCGTACGGGCAGGTGA,108,4322691
yadI_predicted,0.019138755980861243,637,626,GCATGAGCATGGAACAGTAA,11,4323866
yadI_predicted,6.8604651162790695,3040,386,AAACTATGAGCGGGTAGTTG,2654,4285187
yadI_predicted,0.011278195488721804,267,265,GACACTAGGAGGGGGTTATG,2,4285237
yadI_predicted,0.04526748971193416,252,242,TGCGCGGGTTCAGCCCAGGT,10,4317228
yadI_predicted,0.03319502074688797,247,240,ACGAGTAGTGACTGAAAAAA,7,4331963
yadI_predicted,23.617224880382775,5143,208,GTGCCGTACCGACGATAAAA,4935,4293748
yadI_predicted,0.010582010582010581,189,188,TGGACATAGGACGTTCGAAC,1,4285275
yadI_predicted,0.012195121951219513,164,163,AAACGTTCAAAGAACCCAAA,1,4330046
yadI_predicted,0.045454545454545456,159,153,ATTGCGCGCCCCAATCCTTG,6,4284115
yadI_predicted,0.014184397163120567,141,140,ACACTACTGTGTAATGGATA,1,4317738
yadI_predicted,0.015748031496062992,127,126,CTCGGGGGATTTAGGGGGCA,1,4284429
yadI_predicted,0.01652892561983471,121,120,ACTACAGTGTAATAGTGGTA,1,4290394
yadI_predicted,0.017543859649122806,114,113,ATACACAAGCCATTAGCGGG,1,4333193
yadI_predicted,0.01904761904761905,105,104,GCTTAATATGTAGCGTGCGT,1,4288489
yadI_predicted,0.029411764705882353,103,101,TTAGCTAGTACTGGTGAAGG,2,4312193
yadI_predicted,45.366336633663366,4681,100,CGGCGACATGTCGGCCGCTA,4581,4306185
yadI_predicted,0.06,104,99,TGGATGTGGCATTAGTTCTT,5,4285641
yadI_predicted,0.05,103,99,GGAGTTTTACAAGATTAACC,4,4341776
yadI_predicted,0.020618556701030927,97,96,GTAATGGTAATGCCAGCTTG,1,4324699
yadI_predicted,0.020833333333333332,96,95,TGCATCATCCCAGGGAATAT,1,4305386
yadI_predicted,0.041666666666666664,98,95,AGTAGGCGGTGTCCCTAGCT,3,4284597
yadI_predicted,0.0425531914893617,96,93,ATGCCAGACCTGACTCTGAG,3,4306788
yadI_predicted,26.365591397849464,2543,92,CGGTCTATTCTATATCGTGC,2451,4295766
yadI_predicted,0.02197802197802198,91,90,TCATTCAAGACCATCCGTGA,1,4287515
yadI_predicted,0.04395604395604396,93,90,GTCAGGCTGCCACTGGGAAG,3,4295562
yadI_predicted,0.054945054945054944,94,90,GCCTAAGCCCGTTTATTACG,4,4350861
yadI_predicted,0.022222222222222223,90,89,AAGATTGCACTGTGGTCCTG,1,4336951
yadI_predicted,0.06818181818181818,92,87,GAGTAGCCTCCATCGAGCAT,5,4328859
yadI_predicted,0.03529411764705882,86,84,AAGAAGCACGACATCGGCGT,2,4336735
yadI_predicted,0.03571428571428571,85,83,TGGTTTGGGTAGTGGCGAGA,2,4293966
yadI_predicted,0.03571428571428571,85,83,CCCAGTCCCCAGACATGACA,2,4303724
yadI_predicted,0.023809523809523808,84,83,AATGAGCCATAGAGTGGACG,1,4339633
yadI_predicted,31.373493975903614,2685,82,AAGGGAGCAGGAGAACGACC,2603,4352857
yadI_predicted,0.03614457831325301,84,82,AACGTGTGCAGAATTTGAAT,2,4359214
yadI_predicted,0.06097560975609756,85,81,GACGACCGACCCTGGCAGGT,4,4284117
yadI_predicted,0.08536585365853659,87,81,CTGTCCAGGTGAAAAGAGCA,6,4331730
yadI_predicted,0.036585365853658534,83,81,CGAATGATGGTGAACTGCAT,2,4323680
yadI_predicted,0.04878048780487805,84,81,ACGCTAAACTGCCATTAAGA,3,4314343
yadI_predicted,0.025,80,79,TGTATGCGGGGTACTAAGCC,1,4334253
yadI_predicted,0.025,80,79,CCCGGTAGCACCAGGACATT,1,4295571
yadI_predicted,0.02531645569620253,79,78,GTACCATCTTACGTCCACAC,1,4325737
yadI_predicted,0.0379746835443038,80,78,CAAGTGGCCTTTCCCATGGG,2,4349562
yadI_predicted,0.02531645569620253,79,78,ATATCATGAGTTTACGACTC,1,4320900
yadI_predicted,0.02531645569620253,79,78,AGACTCATAGGGTTCGAAGT,1,4341763
yadI_predicted,0.02564102564102564,78,77,GAATAAAATTACAAGCAATA,1,4293413
yadI_predicted,0.05194805194805195,79,76,AACCCATCGAAAAAGAGTTT,3,4299542
yadI_predicted,0.02631578947368421,76,75,TGTGCACGCGACGATATCTA,1,4346835
yadI_predicted,0.039473684210526314,77,75,CTCCAAGGGCTGTATACATG,2,4286504
yadI_predicted,90.21333333333334,6839,74,CGTACAGGCAATAATCAGTA,6765,4338885
yadI_predicted,0.05333333333333334,77,74,CATATCATATGGAGCGGTCA,3,4290181
yadI_predicted,0.02702702702702703,74,73,TAAGTGCGACCGGCAGTTAA,1,4346032
yadI_predicted,0.08108108108108109,78,73,CTTATAGTTGAATCGGCATG,5,4291575
yadI_predicted,0.0273972602739726,73,72,GTGCAGCTTGGTACGTTTTA,1,4336959
yadI_predicted,0.0273972602739726,73,72,GTACTGCGCCGTTGCCGGAT,1,4344067
yadI_predicted,0.136986301369863,81,72,CTACTCGTCATGACGACTAC,9,4296940
yadI_predicted,0.0410958904109589,74,72,CCATCTTGTGCGACAATACC,2,4309346
yadI_predicted,0.027777777777777776,72,71,TCACGGCCGGTGGAATCAAA,1,4367211
yadI_predicted,0.18055555555555555,83,71,TAAACCCCCTTCGTACCTTG,12,4286797
yadI_predicted,0.027777777777777776,72,71,GAGCGAAGGGTGACAGCTTT,1,4309347
yadI_predicted,0.06944444444444445,75,71,CTCCTCTGATATGTCGTCCA,4,4341068
yadI_predicted,0.027777777777777776,72,71,CGCTCTAACACTTGATATGA,1,4365064
yadI_predicted,0.027777777777777776,72,71,ATCTGAGCGCTAGACGTTGT,1,4286660
yadI_predicted,0.028169014084507043,71,70,TCTTATTGACACGCATCGTT,1,4309922
yadI_predicted,0.04285714285714286,71,69,TATTCGTCGGAATAGCATAC,2,4291010
yadI_predicted,0.02857142857142857,70,69,GCATTAGTAAGACGGTATGT,1,4305880
yadI_predicted,0.02857142857142857,70,69,CGGTGGTGTTTCATGGATGT,1,4313278
yadI_predicted,0.02857142857142857,70,69,CGACCCGCCTCGAAAGGAGT,1,4329766
yadI_predicted,0.028985507246376812,69,68,TGACCCATGCGACATTCTGA,1,4314342
yadI_predicted,0.028985507246376812,69,68,GAGGGTGGAACTATCGGCAT,1,4343318
yadI_predicted,0.057971014492753624,71,68,CACTTGTTGTTGAGCCGATT,3,4293886
yadI_predicted,0.029411764705882353,68,67,CGCTCAGCGGACGCTCAAAC,1,4364119
yadI_predicted,0.029411764705882353,68,67,CAGAACCTCAGATGTCGGTA,1,4350596
yadI_predicted,0.04477611940298507,68,66,GTCCTGCACTTACTCGTCAC,2,4311409
yadI_predicted,0.1044776119402985,72,66,GAGGTACATCCATTGTCAAG,6,4344370
yadI_predicted,0.029850746268656716,67,66,CTATCGTGTGACATACACCA,1,4358208
yadI_predicted,0.029850746268656716,67,66,CTACGGTTAGTCCGTCGGTG,1,4323868
yadI_predicted,0.16417910447761194,76,66,CATTCTAGAGGAATGGCACA,10,4353040
yadI_predicted,0.030303030303030304,66,65,TTAACTCAAAGTATCACCCG,1,4331615
yadI_predicted,0.16666666666666666,75,65,TAGAGCGCGAACGTGATTTC,10,4290457
yadI_predicted,0.030303030303030304,66,65,GCCCCATGTTGCGAGCTGAT,1,4310097
yadI_predicted,0.03076923076923077,65,64,TGCTAATTGGAGTGGGATAC,1,4287939
yadI_predicted,0.03076923076923077,65,64,GTATCAACTCTGACAACACT,1,4352359
yadI_predicted,0.03076923076923077,65,64,ACCGCAGACCGCGTCAAAGC,1,4325554
yadI_predicted,0.171875,73,63,CTTAGCAAGGTGTCTTAGAT,10,4339290
yadI_predicted,0.109375,69,63,CTCCCCTTTCGTTAGCGAAG,6,4341762
yadI_predicted,0.03125,64,63,CTAAGAATTGCAGGCGTGCT,1,4290650
yadI_predicted,0.09375,68,63,ATTCATCGAGGGGTGACGAA,5,4318772
yadI_predicted,0.03125,64,63,ACAGATTAACCACATGCTAT,1,4312942
yadI_predicted,0.031746031746031744,63,62,TTCGGACGAGCTCCGCTATA,1,4290016
yadI_predicted,0.047619047619047616,64,62,TCGAGCAACAGCTTGATCCA,2,4287102
yadI_predicted,0.12698412698412698,69,62,TATGTACCCTCCGTATGCAA,7,4296027
yadI_predicted,0.09523809523809523,67,62,GTCGCCAACGTGACACCGTA,5,4351958
yadI_predicted,0.5714285714285714,97,62,CGCGCTATCCGGATACAGAG,35,4350937
yadI_predicted,0.031746031746031744,63,62,ATTCGCTTGACATAACCGAG,1,4350269
yadI_predicted,0.08064516129032258,65,61,TTCCTCATGGTGACCTCAGT,4,4350055
yadI_predicted,0.0967741935483871,66,61,TCGTGCCTGCATGTATGAGT,5,4322258
yadI_predicted,0.03225806451612903,62,61,TCGTCGTTTTTTGCGAGAAA,1,4327505
yadI_predicted,0.03225806451612903,62,61,GCTCTGCATGTGGGCAAATA,1,4286766
yadI_predicted,0.03225806451612903,62,61,CGATCCCCGAGGATTTCGGT,1,4313149
yadI_predicted,0.03225806451612903,62,61,CACTCGAAATCTGCGGTAAC,1,4329835
yadI_predicted,0.03278688524590164,61,60,TTCCGCCCACGAGACCCCTA,1,4330646
yadI_predicted,0.06557377049180328,63,60,CTCGTTGGCGGCAGTTGGGT,3,4322131
yadI_predicted,0.03278688524590164,61,60,CGGTTCGACATCTGCATTGG,1,4314875
yadI_predicted,0.04918032786885246,62,60,ACGCCTGACTCTCGCATTAG,2,4321328
yadI_predicted,0.08333333333333333,63,59,TCGAGTTTCTGGCAACCCCT,4,4354508
yadI_predicted,0.03333333333333333,60,59,GCGCCAATAGAAAGCGCCTA,1,4293477
yadI_predicted,0.03333333333333333,60,59,CGCCTAACGTCTTAGATCAT,1,4294985
yadI_predicted,0.03333333333333333,60,59,CGAGTTCGATCATTTCCCAA,1,4292922
yadI_predicted,0.03333333333333333,60,59,CCTCCGGCAATCGTTCGCGT,1,4345561
yadI_predicted,0.03389830508474576,59,58,TTCTCCAGTCTGTAGGAATG,1,4325476
yadI_predicted,0.06779661016949153,61,58,TCCGGTGAATAACGCTCCCC,3,4302160
yadI_predicted,0.1016949152542373,63,58,TCAGTAAGGACAATGTGCAT,5,4291379
yadI_predicted,0.06779661016949153,61,58,CTGCCACGCTAAGCTCACTA,3,4289735
yadI_predicted,0.0847457627118644,62,58,CTCCATGATTCTCGGGCAAA,4,4291496
yadI_predicted,0.03389830508474576,59,58,CGTGGCGTTCGCTAAGCACT,1,4345441
yadI_predicted,0.11864406779661017,64,58,CGAGGTGCTAGGCTGGTCTC,6,4349692
yadI_predicted,0.1694915254237288,67,58,CAACGATCACGGACCAGGAC,9,4288158
yadI_predicted,0.03389830508474576,59,58,ATTGTTAACTTCTCTTACAA,1,4351443
yadI_predicted,0.05084745762711865,60,58,ATGGATTAAGAATTGGATTA,2,4306670
yadI_predicted,0.1016949152542373,63,58,ATCACAGTTCCTAACATAAC,5,4320424
yadI_predicted,0.03389830508474576,59,58,ACCGTACGCTATGCAAGTCG,1,4359213
yadI_predicted,0.034482758620689655,58,57,TCATGCGTCTCTGTCGCTAA,1,4289576
yadI_predicted,0.034482758620689655,58,57,TACTGGGTTAGAGCTCCATT,1,4297827
yadI_predicted,0.034482758620689655,58,57,GCGGTTAGGCATATGAAAGG,1,4354184
yadI_predicted,0.034482758620689655,58,57,CTGGCTTAAGGGCCTTACCT,1,4367894
yadI_predicted,0.034482758620689655,58,57,CATCGAGAAGAAGTTGGATC,1,4320418
yadI_predicted,0.03508771929824561,57,56,TTTGGTGCTCGTAGGACTAC,1,4284991
yadI_predicted,0.03508771929824561,57,56,TCGGACTGGGGTTCTTGTGT,1,4296162
yadI_predicted,0.03508771929824561,57,56,TACATGCTGCGCTATCAATG,1,4290834
yadI_predicted,0.05263157894736842,58,56,GTGCCTTTATACCTGCGTAC,2,4286768
yadI_predicted,0.03508771929824561,57,56,GGCGTGCCTCAGAGGCCCTG,1,4341944
yadI_predicted,0.08771929824561403,60,56,CGGGCCTCAAATATGAACGA,4,4297116
yadI_predicted,0.03508771929824561,57,56,CCGTCTGGGTTGGCGATGCA,1,4320148
yadI_predicted,0.03508771929824561,57,56,CAATCCGATCAAGCAGGCCT,1,4284361
yadI_predicted,0.03508771929824561,57,56,AAGGTCCACGTATATCACCT,1,4322021
yadI_predicted,0.25,68,55,TTAGCCTGTGCACGTATTCA,13,4305396
yadI_predicted,0.03571428571428571,56,55,GCGACCTAGTGGCGATCATT,1,4295489
yadI_predicted,0.16071428571428573,63,55,GAACGCAAATGGAACGTAGA,8,4297566
yadI_predicted,0.03571428571428571,56,55,ATAACCTCTGTAACGCTTTC,1,4309225
yadI_predicted,0.05357142857142857,57,55,AGGGCAGTCCTATGCACCTG,2,4342495
yadI_predicted,0.26785714285714285,69,55,AATTACCATAGGCAAAAGAC,14,4319447
yadI_predicted,0.17857142857142858,64,55,AAGGCCTCACACAAGGAGGG,9,4304328
yadI_predicted,0.07142857142857142,58,55,AAGACTTTTCTTTCCCGTGG,3,4285501
yadI_predicted,0.03636363636363636,55,54,TAGAGAGGGAATCGTTGTAT,1,4298385
yadI_predicted,0.03636363636363636,55,54,AGGGATGACCCAACTGTTGT,1,4300257
yadI_predicted,0.18181818181818182,63,54,AATAAGGGCGTTCGGAGCCA,9,4339421
yadI_predicted,0.07407407407407407,56,53,TGGTTAGACCCGTGGCATTT,3,4289799
yadI_predicted,0.037037037037037035,54,53,GTATCATAACCTTTGGGAAG,1,4301869
yadI_predicted,0.037037037037037035,54,53,GGATCGCTCCGATACTTCTG,1,4329454
yadI_predicted,0.05555555555555555,55,53,ATTTCCGTGCTGATTTGTTA,2,4293239
yadI_predicted,0.05555555555555555,55,53,ATGAGCAAGACTAGCCCGGT,2,4341113
yadI_predicted,0.1111111111111111,58,53,ATCACGTTATGCGTAGCTCA,5,4297355
yadI_predicted,0.037037037037037035,54,53,AGGGCAACGATAGATAGTAA,1,4328702
yadI_predicted,0.03773584905660377,53,52,TGCAAGTCACACTCACTGAC,1,4357533
yadI_predicted,0.07547169811320754,55,52,TCTTACGCGTCCGACGATAG,3,4287387
yadI_predicted,0.1509433962264151,59,52,CTCCCATCGACCTTCCACGT,7,4292150
yadI_predicted,0.03773584905660377,53,52,CGTGCAGTTTGATAGCATAG,1,4312380
yadI_predicted,0.05660377358490566,54,52,CATGTACATCTTGCATTTCT,2,4352256
yadI_predicted,0.03773584905660377,53,52,CAAAATCTTACGTCGAGTTT,1,4292621
yadI_predicted,0.03773584905660377,53,52,AGCCTTGTCTCGCTAATTAA,1,4340160
yadI_predicted,0.03773584905660377,53,52,AGCCGCGGAAGGTTCGGTAT,1,4293708
yadI_predicted,0.038461538461538464,52,51,TTGGATCGGTTGTTAAATTT,1,4287697
yadI_predicted,0.038461538461538464,52,51,TGATAACGAACAGTATAGGC,1,4328660
yadI_predicted,0.038461538461538464,52,51,GGCAGACTGAACCTTTGGAA,1,4338192
yadI_predicted,0.038461538461538464,52,51,GAGCGGCGTCTACAACCATA,1,4301771
yadI_predicted,0.038461538461538464,52,51,CTTTGGGAGCTAGGCACGAA,1,4287319
yadI_predicted,0.038461538461538464,52,51,CTTCCCTCCGACATGACGTG,1,4287721
yadI_predicted,0.19230769230769232,60,51,CCGACCTCATATAGGTGCCC,9,4346754
yadI_predicted,0.038461538461538464,52,51,CCCCCGGCGTGGATGCGATA,1,4300636
yadI_predicted,0.11764705882352941,55,50,TACTAGGGACAGGGTCCTTG,5,4338250
yadI_predicted,0.0392156862745098,51,50,TAAGTAGCGTGCTGCCGCTA,1,4324677
yadI_predicted,0.0392156862745098,51,50,CTCCCAGGTCTTGATGGACG,1,4295154
yadI_predicted,0.0392156862745098,51,50,ATTAACATAGTCGATTCACT,1,4306274
yadI_predicted,0.0392156862745098,51,50,AGTGTCAAATCGATAAAACC,1,4342018
yadI_predicted,0.0784313725490196,53,50,AGGGGCGTTTGCGGTCCCTA,3,4319175
yadI_predicted,0.0392156862745098,51,50,ACACATGTCTTAAACAGAAA,1,4338251
yadI_predicted,0.0392156862745098,51,50,AACGTCGGTACCCGTCCGTG,1,4300127
yadI_predicted,0.04,50,49,TGGACCACGGGGATGATCTA,1,4314344
yadI_predicted,0.04,50,49,TGCAAAACAAATGATGCCGA,1,4361034
yadI_predicted,0.06,51,49,TACTTTCTAGTACATTGAGT,2,4291154
yadI_predicted,0.14,55,49,GACTTTGACGGTCAGCCTTT,6,4323953
yadI_predicted,0.08,52,49,CGGGCCACCAGGGCGCGACA,3,4300341
yadI_predicted,0.14,55,49,CCATCTACAACCACAATAGT,6,4305466
yadI_predicted,0.04,50,49,ACGCCCGAACGGAATACGTA,1,4341301
yadI_predicted,0.04081632653061224,49,48,TGTACCAAGGTAGCTTCAGA,1,4353319
yadI_predicted,0.04081632653061224,49,48,TCTGGATGGGCTTGGAAGAT,1,4355788
yadI_predicted,0.04081632653061224,49,48,TCTCTACCCGCGTGCCCATC,1,4336900
yadI_predicted,0.04081632653061224,49,48,TAAAAGTGGCTCCTGTACCC,1,4297354
yadI_predicted,0.2653061224489796,60,48,GTAAATGCGTGCCTTTCCCC,12,4315062
yadI_predicted,0.04081632653061224,49,48,GGTCCCGGGCGATATGTTTA,1,4364168
yadI_predicted,0.32653061224489793,63,48,CTCCTGTCGATGGAATCGGA,15,4336365
yadI_predicted,0.04081632653061224,49,48,CGGACCTGACACACCTGACA,1,4305807
yadI_predicted,0.04081632653061224,49,48,CGCGTGGCCTAAGGGAACGT,1,4343842
yadI_predicted,0.04081632653061224,49,48,CACTGGAGGAGGGGATTTGA,1,4312096
yadI_predicted,0.061224489795918366,50,48,ATGTATGGTTATCCTGTTTG,2,4344334
yadI_predicted,0.04081632653061224,49,48,AGTACGGTAACCAATGGGGA,1,4360908
yadI_predicted,0.14285714285714285,54,48,ACGGCAAGCCGAGACTTTTA,6,4308919
yadI_predicted,0.08163265306122448,51,48,AATGACTACAATTAGAGAGT,3,4323050
yadI_predicted,0.061224489795918366,50,48,AACTCCTCTGTAGAGTGTTC,2,4293609
yadI_predicted,0.10416666666666667,51,47,GTAGTTGAGTGTCCAGACAT,4,4310579
yadI_predicted,0.041666666666666664,48,47,GACAAAAACCCAACGCGAAT,1,4362069
yadI_predicted,0.0625,49,47,CTGGACTGAGTCCTGACCGT,2,4368740
yadI_predicted,0.0625,49,47,CGGTAAGACCCGGATCCTTT,2,4332716
yadI_predicted,0.2708333333333333,59,47,CCGTATCTTCTGCTACAAAT,12,4362922
yadI_predicted,0.041666666666666664,48,47,CAGGGGCGCCTTGGGCCAGG,1,4367476
yadI_predicted,0.041666666666666664,48,47,CACAATGCCAATGTCTTGGA,1,4306866
yadI_predicted,48.791666666666664,2388,47,AGTCCTACCGCCGTCACTGG,2341,4341366
yadI_predicted,0.041666666666666664,48,47,ACCAAAGAGTCAGGTCTTGG,1,4367548
yadI_predicted,0.0625,49,47,AAAGTTGGTCGTTGGGAAGG,2,4284127
yadI_predicted,0.23404255319148937,56,46,TTTGGTCTCAACTGTTGCCA,10,4301979
yadI_predicted,0.0851063829787234,49,46,TTGAGCCTCCCCACCTGCGG,3,4303647
yadI_predicted,0.0425531914893617,47,46,TGCATGCCTAGGAATTTCAA,1,4358539
yadI_predicted,0.0425531914893617,47,46,TATTTTCCTCTCGATGTGTA,1,4298739
yadI_predicted,0.0425531914893617,47,46,GCTCAGACTTTATTATCTTT,1,4368234
yadI_predicted,0.10638297872340426,50,46,GCCCTGATCGTGCTACACGC,4,4368177
yadI_predicted,0.0425531914893617,47,46,GACAAAGTAATACCTCGCGT,1,4366824
yadI_predicted,0.0425531914893617,47,46,CTCCCAAAGAATATTAACCT,1,4290187
yadI_predicted,0.0425531914893617,47,46,CTATCTACGACCCTCGGAAT,1,4338932
yadI_predicted,0.0425531914893617,47,46,CTAATCGATATCCAGCGCGA,1,4290336
yadI_predicted,0.06382978723404255,48,46,CGCTGCGGGCTAAACTAGCA,2,4300637
yadI_predicted,0.1276595744680851,51,46,CGCAGATGTGTATCTTATAT,5,4294297
yadI_predicted,0.0425531914893617,47,46,CCTCGTCAAGAGTAGGTATT,1,4322752
yadI_predicted,0.0851063829787234,49,46,CATTAAGCTTTAAGTATTAC,3,4367676
yadI_predicted,0.0425531914893617,47,46,ATAGATGATGGAATTAATGA,1,4292465
yadI_predicted,0.0425531914893617,47,46,AGTGAAACATGCTTGATATA,1,4353505
yadI_predicted,0.10638297872340426,50,46,AGTCGTGTGTCGCTGTGAGC,4,4303866
yadI_predicted,0.0425531914893617,47,46,AGAAAAGCTGTCGTTCGTAT,1,4287067
yadI_predicted,0.14893617021276595,52,46,ACACGCCTCAATAGGAAATT,6,4365839
yadI_predicted,0.21739130434782608,54,45,TGCGCGCCACTCTAATCCCT,9,4286055
yadI_predicted,0.043478260869565216,46,45,TGCATGGGCACATTTTGGTA,1,4323819
yadI_predicted,0.13043478260869565,50,45,TCCGGCATAAATGATCATAA,5,4305883
yadI_predicted,0.043478260869565216,46,45,GTTAACCAGTTCATGTCATA,1,4361035
yadI_predicted,0.06521739130434782,47,45,GTAAGACGGGGCGCCATGAT,2,4336364
yadI_predicted,0.043478260869565216,46,45,GGCGGCAGGGAGCGCATCGT,1,4323542
yadI_predicted,0.043478260869565216,46,45,GCAAACGTCCGTGGTTCGGT,1,4346155
yadI_predicted,0.06521739130434782,47,45,CTTGTCGGGCATAAGTGTCT,2,4343266
yadI_predicted,0.043478260869565216,46,45,CTATTCCGGTCTGCAGTCTT,1,4347732
yadI_predicted,0.17391304347826086,52,45,CAACAGAAGACTCGCCGGAC,7,4333584
yadI_predicted,0.043478260869565216,46,45,AGCCGGCTTTTGGGAGGCCG,1,4299720
yadI_predicted,0.10869565217391304,49,45,AGATAGTGTCACCTGTATAC,4,4345625
yadI_predicted,19.97826086956522,963,45,AGAAGACACCATGGACAGAT,918,4341190
yadI_predicted,0.044444444444444446,45,44,TGAAGTGTGCGTCTTGGAAG,1,4333379
yadI_predicted,0.044444444444444446,45,44,TCTCCCTACGTAATTTAGTA,1,4292620
yadI_predicted,0.044444444444444446,45,44,TCGGGTTTGCTACGCTCTCC,1,4363408
yadI_predicted,0.044444444444444446,45,44,GTGTATGCAGGCTTAAGAAA,1,4329518
yadI_predicted,0.044444444444444446,45,44,CGGTGTACGGGGATGATGAT,1,4316521
yadI_predicted,0.044444444444444446,45,44,CCGCCAGGGCCGCCGCATTG,1,4343954
yadI_predicted,0.08888888888888889,47,44,CAGATGTAGTCCTCGTATGT,3,4318710
yadI_predicted,0.044444444444444446,45,44,ATATATAGAAGGTATGGTTA,1,4287256
yadI_predicted,0.045454545454545456,44,43,TTTTCAAGTTGGCACGTCAC,1,4340312
yadI_predicted,0.045454545454545456,44,43,TGGTTAGCCGGAGAATCAAG,1,4307238
yadI_predicted,0.045454545454545456,44,43,TGGCCGTAAAACAATATATA,1,4333950
yadI_predicted,0.22727272727272727,52,43,TCTTCATACCGCATCACAAC,9,4321425
yadI_predicted,0.09090909090909091,46,43,TCGAATTGTTCAACCATCCC,3,4336384
yadI_predicted,0.13636363636363635,48,43,TACTGGTTCAACGGTATCCG,5,4329287
yadI_predicted,0.045454545454545456,44,43,TAATACCGTTAGGCAATCTG,1,4299467
yadI_predicted,0.09090909090909091,46,43,TAACCATCTGTCGTCATATT,3,4300558
yadI_predicted,0.09090909090909091,46,43,GTGTGTCAAAGAGGGTCCCA,3,4298078
yadI_predicted,0.045454545454545456,44,43,GTATGCCCCGTGGCTTTGAA,1,4355925
yadI_predicted,0.045454545454545456,44,43,GCGGATAGGTGAACTGAGAC,1,4314727
yadI_predicted,0.045454545454545456,44,43,GCCCAGAATCGGAAGTTGTT,1,4313631
yadI_predicted,0.045454545454545456,44,43,CGCAGACGCTGAGTAAATGA,1,4338286
yadI_predicted,0.045454545454545456,44,43,CCTAAGGTTCAAGGATTTAA,1,4288572
yadI_predicted,0.045454545454545456,44,43,CAGGTAAGAGTCGCCCCGCG,1,4285201
yadI_predicted,0.11363636363636363,47,43,ATCCCGCAAAAAGTAGAATA,4,4306646
yadI_predicted,0.13636363636363635,48,43,AAAAAATCAACTGGGATTCG,5,4309349
yadI_predicted,0.046511627906976744,43,42,TCTGATCGCGCCCTTCCCAA,1,4289715
yadI_predicted,0.046511627906976744,43,42,TCTACCAATGTCAGGGTTAT,1,4312635
yadI_predicted,0.23255813953488372,51,42,GTCCCGCTACGTGATTCCTC,9,4315067
yadI_predicted,0.11627906976744186,46,42,GGTACGTTCGGTAAGACCAC,4,4296422
yadI_predicted,0.06976744186046512,44,42,GGGGAGCCCATATGCGGGAT,2,4318189
yadI_predicted,0.11627906976744186,46,42,GGCCTATGAATCGAATAACT,4,4339091
yadI_predicted,0.046511627906976744,43,42,GCTGCTGCCGGGGAATTTGT,1,4312639
yadI_predicted,0.046511627906976744,43,42,GCAACCCTTCATACGGATGA,1,4332124
yadI_predicted,0.046511627906976744,43,42,CGTGTAGATACATGCTGTAA,1,4306031
yadI_predicted,0.046511627906976744,43,42,CGTAATCAGCATATATTCAT,1,4319217
yadI_predicted,0.046511627906976744,43,42,CCTCACAGATGCGACCCAAA,1,4306871
yadI_predicted,0.046511627906976744,43,42,CACCATTTGGCACAAGTGTG,1,4332821
yadI_predicted,0.18604651162790697,49,42,ACATGCATCATGGCCTAGTG,7,4314731
yadI_predicted,0.046511627906976744,43,42,AACCAACATCACCTCGAAAT,1,4285188
yadI_predicted,0.047619047619047616,42,41,TTGCGACAACGGGATACAAG,1,4290837
yadI_predicted,0.07142857142857142,43,41,TGAAGGGCGGTCGCAGCAAA,2,4346154
yadI_predicted,0.047619047619047616,42,41,GTTTATCCTCTTCACGCAAT,1,4359529
yadI_predicted,0.047619047619047616,42,41,GTGCTTAATCGACGAATTCG,1,4344478
yadI_predicted,0.07142857142857142,43,41,GTGATGCTTCTACGCCCATA,2,4304551
yadI_predicted,0.047619047619047616,42,41,GGGCGGCTGTTGCAAGAATC,1,4288066
yadI_predicted,0.07142857142857142,43,41,GCGGGCCACACCCCCCTGGA,2,4287176
yadI_predicted,0.07142857142857142,43,41,GCGACTTCTTGGCCCTCCGC,2,4333633
yadI_predicted,0.047619047619047616,42,41,CGCCCTTGCGGCGAGTCATG,1,4326284
yadI_predicted,0.21428571428571427,49,41,ATTGTACTCTTGTAAACGTT,8,4332131
yadI_predicted,0.07142857142857142,43,41,ATTCACGCCTAGTCTTTGCC,2,4328232
yadI_predicted,0.047619047619047616,42,41,ATTAGCTCACGTGTTAAGCA,1,4318347
yadI_predicted,0.09523809523809523,44,41,ATGCGCCCGTGTACCTAGCT,3,4351783
yadI_predicted,0.047619047619047616,42,41,AGGTACAGTACCGGGGGTTC,1,4361769
yadI_predicted,0.07142857142857142,43,41,ACTACCCGGTCACACACGTA,2,4292458
yadI_predicted,0.047619047619047616,42,41,AAGACCCATGTTTAACCGTA,1,4335535
yadI_predicted,0.047619047619047616,42,41,AACCATCCGTTGCACGGACA,1,4310279
yadI_predicted,0.04878048780487805,41,40,TTCAATCCTGAGCACTAGAA,1,4334776
yadI_predicted,0.04878048780487805,41,40,TTACTGAAATCATAAAACGC,1,4358450
yadI_predicted,0.04878048780487805,41,40,TCGTTCCAGCCTTTGAAAAC,1,4297949
yadI_predicted,0.04878048780487805,41,40,GTGGATCGCAAGCAAAGCGT,1,4366369
yadI_predicted,0.04878048780487805,41,40,GTCACGCTACTATGCTCCAG,1,4323547
yadI_predicted,0.2682926829268293,50,40,GCATCTAGGAGGACACCCGA,10,4328637
yadI_predicted,0.04878048780487805,41,40,CTGTATTAACTGTGCTGGAC,1,4319939
yadI_predicted,0.04878048780487805,41,40,CTCACCACAGGATTGGAGCA,1,4342008
yadI_predicted,0.04878048780487805,41,40,CGCCGTATTTACGAGTGTTT,1,4294745
yadI_predicted,0.04878048780487805,41,40,CGAGGATCTCCGGGGCGAAT,1,4311474
yadI_predicted,0.17073170731707318,46,40,CGACTTCGACAGGTACGCAG,6,4311726
yadI_predicted,0.07317073170731707,42,40,CAGTAGAGAGTAGGGTCTGT,2,4324396
yadI_predicted,0.04878048780487805,41,40,CAAGCGAGCGCTGCCAGTAT,1,4290588
yadI_predicted,0.0975609756097561,43,40,ATCAAAGTGGATTGAGGTCT,3,4288885
yadI_predicted,0.07317073170731707,42,40,AATTCAAACCCTAACGGGAA,2,4331235
yadI_predicted,0.07317073170731707,42,40,AAGGGCTCACAATAGATCTT,2,4323179
yadI_predicted,0.1,42,39,TTGCTTACGTGTCATTAGAA,3,4325996
yadI_predicted,0.05,40,39,TGCTCGATCGTACGCATCTC,1,4366265
yadI_predicted,0.15,44,39,TCCAGGCGCCAGATCGAATG,5,4300506
yadI_predicted,0.05,40,39,GTCGGATTATACACTATTGA,1,4287986
yadI_predicted,0.05,40,39,GGTGTTAGTTCTGCTGTCTG,1,4316615
yadI_predicted,0.05,40,39,GCAGATAATTCATGCATCTT,1,4290978
yadI_predicted,0.05,40,39,GATGATGATGTAACCGTCGT,1,4327734
yadI_predicted,0.05,40,39,GATCTTGCTAAAGTGGAATG,1,4288773
yadI_predicted,0.05,40,39,GATCACTCCCCTGGTACAAA,1,4326151
yadI_predicted,0.05,40,39,GAACTGGGGTAAGAGTGCTT,1,4328833
yadI_predicted,0.05,40,39,CTTATGCAGTGCATTTGAAG,1,4322465
yadI_predicted,0.125,43,39,CTGCATATCGTGGGCTTATA,4,4338065
yadI_predicted,0.05,40,39,CGGCTAGAATTGATGTCATT,1,4302292
yadI_predicted,0.15,44,39,CCTTCCTCACGGTCCCGTAG,5,4310015
yadI_predicted,0.1,42,39,CAATCGACTCGAAGGCCTAT,3,4358748
yadI_predicted,0.05,40,39,ATTGCCACTTGCCGGCGTTG,1,4347833
yadI_predicted,62.15,2524,39,ATTGACCCTCATCACGTACC,2485,4347611
yadI_predicted,0.05,40,39,ATGCCATACGGATGCTACGT,1,4311043
yadI_predicted,0.175,45,39,AGAGACGCACGAGAGGGAGA,6,4334415
yadI_predicted,0.1,42,39,ACGAAATTGTATACGTAGCA,3,4357924
yadI_predicted,0.075,41,39,ACCCAGAGTTAGCTGTTCGA,2,4352935
yadI_predicted,0.175,45,39,ACAGTCTGCTAAGAGGAAAA,6,4322542
yadI_predicted,0.1,42,39,AAGGCTTAGGAACACTAAGT,3,4362924
yadI_predicted,0.05128205128205128,39,38,TTCTCTGGCCACGAAGTTCT,1,4325497
yadI_predicted,0.05128205128205128,39,38,TTAGGCCTATCCTAGTTATG,1,4345505
yadI_predicted,0.05128205128205128,39,38,TGAGGGGCTGCCCGGACAAA,1,4354190
yadI_predicted,0.10256410256410256,41,38,TGAGCGACAAGATACCCAGT,3,4301986
yadI_predicted,0.07692307692307693,40,38,TGACTACTGGACGGACTGCT,2,4308836
yadI_predicted,0.10256410256410256,41,38,TCGGATAGCTGAGAATATCG,3,4296185
yadI_predicted,0.07692307692307693,40,38,TCATTAAGGTAGGCAAACTA,2,4332300
yadI_predicted,0.3333333333333333,50,38,TATATGCAAACTGGGCAATG,12,4299841
yadI_predicted,0.07692307692307693,40,38,TAGCGGCCTCGAACAGAGGT,2,4331062
yadI_predicted,0.05128205128205128,39,38,GGTCTGAGGTTTATAGCTGT,1,4323823
yadI_predicted,0.07692307692307693,40,38,GGGGGGGCGTCGCGAATTTA,2,4306187
yadI_predicted,0.07692307692307693,40,38,GATGCTCTACAATTCCCTGT,2,4339692
yadI_predicted,0.05128205128205128,39,38,GAGGCTCCTAAGTCGGTATG,1,4329075
yadI_predicted,0.05128205128205128,39,38,GAAATTTTAGAGAGCTGCTG,1,4294607
yadI_predicted,0.05128205128205128,39,38,CTCGAAACCATCTCAAAGAG,1,4316353
yadI_predicted,0.23076923076923078,46,38,CCCCACTCACGGGAGTCTCT,8,4313113
yadI_predicted,0.05128205128205128,39,38,ATAGCACATAATAGCAATAC,1,4356844
yadI_predicted,0.07692307692307693,40,38,AGCCTCATCAGGACTTCGAT,2,4336368
yadI_predicted,0.05128205128205128,39,38,ACTAACGGGGGGATGTTATG,1,4363943
yadI_predicted,0.05128205128205128,39,38,ACGTTTGGGCATATCATAGA,1,4349689
yadI_predicted,0.05128205128205128,39,38,AACATTCAGGTTGAACCGTA,1,4310514
yadI_predicted,66.1025641025641,2615,38,AAAGAAGCTGTATAGTGAAC,2577,4340189
yadI_predicted,0.15384615384615385,43,38,AAAACATCAGTGGGGAAAAG,5,4369251
yadI_predicted,0.05263157894736842,38,37,TTTTTTATTGACTCGCGTAT,1,4344376
yadI_predicted,0.05263157894736842,38,37,TTTACCCTACATGGTGGGTC,1,4346493
yadI_predicted,0.07894736842105263,39,37,TGGTTCGGTGCGTGCATGTA,2,4298876
yadI_predicted,0.10526315789473684,40,37,TGCATAGACGCTCCTCACAA,3,4286526
yadI_predicted,0.18421052631578946,43,37,TCCACTTACGATACGCAAAG,6,4362132
yadI_predicted,0.05263157894736842,38,37,TCAGTCACGAAAGTCGTCAG,1,4310061
yadI_predicted,0.07894736842105263,39,37,GGCTTTAGCATCCACAGGGA,2,4349790
yadI_predicted,0.05263157894736842,38,37,GGCTAATTGCGATAAGTGAA,1,4299269
yadI_predicted,0.05263157894736842,38,37,GCGCGTTAAGATCGGGCAGC,1,4301223
yadI_predicted,0.05263157894736842,38,37,GATCGATTGGACAGGGGTAA,1,4293240
yadI_predicted,0.07894736842105263,39,37,CGACGAGCCCACAATACAAC,2,4351838
yadI_predicted,0.05263157894736842,38,37,CCGCTGCGTTCTATGAATTT,1,4342120
yadI_predicted,0.07894736842105263,39,37,CAAACTTAGCAGTTAATTCT,2,4339710
yadI_predicted,0.05263157894736842,38,37,AGCCTAGGGTGCATTGGGAA,1,4304089
yadI_predicted,0.05263157894736842,38,37,AGAGTTGCTGCCTGGATTAG,1,4357379
yadI_predicted,0.05263157894736842,38,37,ACTGCGGTAGGGTGTGTCAA,1,4340050
yadI_predicted,0.07894736842105263,39,37,ACGTCCCGCTGGAACACGTA,2,4331401
yadI_predicted,0.10526315789473684,40,37,AATAATAACCCGGGCTCTTA,3,4328919
yadI_predicted,0.5135135135135135,54,36,TGGTAGCATTGTTCTATGAT,18,4310814
yadI_predicted,0.05405405405405406,37,36,TCCTGTGCTCTGATATCTGT,1,4352148
yadI_predicted,0.24324324324324326,44,36,TCCGGTTCTGGGTCCTGGTC,8,4321429
yadI_predicted,0.05405405405405406,37,36,GTTCTCGGCTCAACTTTCGA,1,4321422
yadI_predicted,0.05405405405405406,37,36,GTTAACTAAATTAGTACAGC,1,4322545
yadI_predicted,0.16216216216216217,41,36,GTGGTACTGATGCGACTCGT,5,4326830
yadI_predicted,0.16216216216216217,41,36,GTGCAATGGCAGTGTACTCA,5,4290711
yadI_predicted,0.08108108108108109,38,36,GTCAAACCTTCTTTCGGTGT,2,4285318
yadI_predicted,0.05405405405405406,37,36,GGGCGTTGATACGTCTTCAA,1,4330462
yadI_predicted,0.05405405405405406,37,36,GGCCGCGAAGCGTCAGTGTT,1,4323676
yadI_predicted,0.10810810810810811,39,36,GACTCCATAGGACCCGATAA,3,4327895
yadI_predicted,0.05405405405405406,37,36,GACCTCAGCGAAACAGTGGT,1,4289315
yadI_predicted,0.21621621621621623,43,36,CTGTTTGGGTTGATTGTTAT,7,4353028
yadI_predicted,0.05405405405405406,37,36,CTCGGAGGAATACCTAGAAC,1,4348694
yadI_predicted,0.13513513513513514,40,36,CTCCCGAAGGGGCCTCCAAG,4,4341890
yadI_predicted,0.08108108108108109,38,36,CGTCTGAGAGTGCATCGTCT,2,4313154
yadI_predicted,0.05405405405405406,37,36,CGGGTCCGATGAAAAGGACA,1,4316419
yadI_predicted,0.05405405405405406,37,36,CCCTGCCCATACTTATTATT,1,4332541
yadI_predicted,0.05405405405405406,37,36,CCATATCACGATTTGAGCTA,1,4355463
yadI_predicted,0.05405405405405406,37,36,CATAGAAATTGCTAACCCAA,1,4320579
yadI_predicted,0.05405405405405406,37,36,CACCGTCTCGACGAACAGGT,1,4331188
yadI_predicted,0.4864864864864865,53,36,CAATTAATGCGAAGCCTCGG,17,4361179
yadI_predicted,0.05405405405405406,37,36,ATATTGTAACCTGGAAACCA,1,4285782
yadI_predicted,0.05405405405405406,37,36,AGGCCTCTTCTCGCTGGGGG,1,4302740
yadI_predicted,0.05405405405405406,37,36,AGACAAACCGATGCCACCGA,1,4311771
yadI_predicted,0.13513513513513514,40,36,ACAGAAACATCTTGCATGGG,4,4330119
yadI_predicted,0.10810810810810811,39,36,AATTTAAGTTACTACACTAG,3,4293272
yadI_predicted,0.05555555555555555,36,35,TTTAGTGAATGATTGTGTTA,1,4309051
yadI_predicted,0.05555555555555555,36,35,TTAGGTTTCAGACTGGGGGA,1,4362995
yadI_predicted,0.05555555555555555,36,35,TGTTCGCGTTCATGATCACC,1,4336903
yadI_predicted,0.19444444444444445,41,35,TGACGGGGATCACGCAATCA,6,4346933
yadI_predicted,0.2777777777777778,44,35,TCTTCCTGTTAGTTAACATT,9,4348138
yadI_predicted,0.08333333333333333,37,35,TACAAGCGCGTTAACCATCT,2,4332283
yadI_predicted,0.05555555555555555,36,35,GGTGGGTAACCGGGGTAAGG,1,4333997
yadI_predicted,0.05555555555555555,36,35,GGATCGGCATGTCTCGGGAC,1,4322489
yadI_predicted,0.1111111111111111,38,35,CTCGGCTAGTGGTATTTTAG,3,4315916
yadI_predicted,0.05555555555555555,36,35,CGCCTACCTGATCGACCCAT,1,4284139
yadI_predicted,0.05555555555555555,36,35,CCCTTCGGGCCATTAGGTAC,1,4299828
yadI_predicted,0.05555555555555555,36,35,AGTAATCTCCCAAGTAGAGG,1,4316702
yadI_predicted,0.1111111111111111,38,35,AGGTGCTACACCGAGCGCGT,3,4334309
yadI_predicted,0.3611111111111111,47,35,ACGCGGCTGACCCTCCATGC,12,4299285
yadI_predicted,0.05555555555555555,36,35,AATGATGACAGCGCACTAAA,1,4344907
yadI_predicted,0.05555555555555555,36,35,AATAGCACGCATCTGTGATA,1,4353126
yadI_predicted,0.05555555555555555,36,35,AAGTAGAGAACTCTGCGGAA,1,4366366
yadI_predicted,0.05555555555555555,36,35,AACTGGGCTGACTGTTGCAT,1,4319134
yadI_predicted,0.08333333333333333,37,35,AAAGGCCTCTCACGGCGGAG,2,4338529
yadI_predicted,0.05714285714285714,35,34,TTGGGTGCGCTAGCCCTCAA,1,4366318
yadI_predicted,0.05714285714285714,35,34,TTGACCTAAACTGGTCTTTA,1,4323365
yadI_predicted,0.05714285714285714,35,34,TTCGTATCAGACAGAACGTA,1,4353881
yadI_predicted,0.05714285714285714,35,34,TTACACGCGCTTCGGTATGA,1,4284325
yadI_predicted,0.14285714285714285,38,34,TGACGGGTCTGGATTGGGGT,4,4292085
yadI_predicted,0.05714285714285714,35,34,TCAATTGCCGTGCGAAAACG,1,4362058
yadI_predicted,0.05714285714285714,35,34,TATTAAGCGTACTTGTTCGA,1,4289334
yadI_predicted,0.11428571428571428,37,34,TACGTTTGATGTAGAATATT,3,4307550
yadI_predicted,0.05714285714285714,35,34,GGGTCTGCTTCGAGCCAGAT,1,4303732
yadI_predicted,0.2,40,34,GCGTAGCCTCCAGGGTCTCC,6,4310658
yadI_predicted,0.08571428571428572,36,34,GACTGACCTCAGTTCCGGTT,2,4340317
yadI_predicted,0.05714285714285714,35,34,GAACCCGGCCCTACCTCGGG,1,4324282
yadI_predicted,0.05714285714285714,35,34,CGGTTCTTTTATGGCTTAGA,1,4359589
yadI_predicted,0.17142857142857143,39,34,CGGAGCGGGTAAAATACCTT,5,4326236
yadI_predicted,0.05714285714285714,35,34,CGCAATAAAGGGCCACGCAT,1,4321859
yadI_predicted,0.17142857142857143,39,34,CGAGCCATACGGGTTGCGGC,5,4318792
yadI_predicted,0.37142857142857144,46,34,CACCATGGTGATTGGAGCGT,12,4340120
yadI_predicted,0.2,40,34,CAAGCCCCGCGGGAATTCTT,6,4308120
yadI_predicted,0.2571428571428571,42,34,AGTATTAGCATCTTTACTTA,8,4349281
yadI_predicted,0.08571428571428572,36,34,AGAGTAGTGTTCCGACATCG,2,4304173
yadI_predicted,0.05714285714285714,35,34,ACGGCTGTACTTTTGCTGTT,1,4331962
yadI_predicted,0.08571428571428572,36,34,AACTGATGTTACGCTTCAAA,2,4313285
yadI_predicted,0.058823529411764705,34,33,TTTACTGAAGCCACTCATGG,1,4369714
yadI_predicted,0.058823529411764705,34,33,TTGATTCTGGCTCGGGGCTC,1,4368506
yadI_predicted,0.058823529411764705,34,33,TTGAGCGAGAGGTTTAACAA,1,4366533
yadI_predicted,0.058823529411764705,34,33,TGTTGACGGGGATCGATCGC,1,4299686
yadI_predicted,0.058823529411764705,34,33,TGGGGTTCTCAAGCCGAGAA,1,4306189
yadI_predicted,0.058823529411764705,34,33,TGCTCCTTTCAGTTTACGGT,1,4361259
yadI_predicted,0.08823529411764706,35,33,TGCGGACCGGGCGGGTGACG,2,4321736
yadI_predicted,0.058823529411764705,34,33,TCGTATCTGAGCTCAAGGAC,1,4308876
yadI_predicted,0.058823529411764705,34,33,TCGCTAGAGCTAAAACATTG,1,4339897
yadI_predicted,0.058823529411764705,34,33,TCCGGGTACCACCGTGTAAC,1,4347314
yadI_predicted,0.058823529411764705,34,33,TCATCAGAGATGTTTGTGTT,1,4304616
yadI_predicted,0.08823529411764706,35,33,GGTGCTCAAGCTAGAGGTGA,2,4345970
yadI_predicted,0.058823529411764705,34,33,GGTATTCCATGCGACCGCTA,1,4309836
yadI_predicted,0.14705882352941177,37,33,GGGGTCCGGACTTCACGGTT,4,4363314
yadI_predicted,0.14705882352941177,37,33,GGGCCTGTCCCTTATGCGTT,4,4366769
yadI_predicted,0.058823529411764705,34,33,GGCCTACACGAGTCATACTT,1,4308789
yadI_predicted,0.5882352941176471,52,33,GGAATAGCTCAAGCAGGCTT,19,4364920
yadI_predicted,0.14705882352941177,37,33,CGTGGTGCAAGGGTCGAATG,4,4320416
yadI_predicted,0.058823529411764705,34,33,CGGGAGATAACCATCTTAAT,1,4296598
yadI_predicted,70.73529411764706,2437,33,CGCGTTTAGTGAAAGTTTGG,2404,4325860
yadI_predicted,0.11764705882352941,36,33,CGCGATATTCTCTTTCAAGT,3,4337802
yadI_predicted,0.058823529411764705,34,33,CGCACTTCAATCGTGCGAAG,1,4323522
yadI_predicted,0.058823529411764705,34,33,CGAAACGGGGTACTCACTCG,1,4286107
yadI_predicted,0.058823529411764705,34,33,CACTAAGCTTGCCCCATGCT,1,4288073
yadI_predicted,0.08823529411764706,35,33,CACGGGTAATCGAGAAATTT,2,4308106
yadI_predicted,0.20588235294117646,39,33,ATTGGCACTTCAGTCTAGCG,6,4328299
yadI_predicted,0.08823529411764706,35,33,AGTTAGTTCCTGACGAGCGA,2,4287952
yadI_predicted,0.08823529411764706,35,33,AGCTACTAAGCAATGAGATA,2,4331859
yadI_predicted,0.058823529411764705,34,33,AGATCCTATTAGCGCATTGA,1,4315422
yadI_predicted,0.058823529411764705,34,33,AACTGGGTAGCTGAGACGAA,1,4319032
yadI_predicted,0.12121212121212122,35,32,TTGGTCGCTTACACCGGTAA,3,4302062
yadI_predicted,0.06060606060606061,33,32,TTCAACGTTTGTGTATCATG,1,4360743
yadI_predicted,0.06060606060606061,33,32,TGTTGAGAATAATCATATGT,1,4366768
yadI_predicted,0.18181818181818182,37,32,TGGCCCAACTTGGCACACCG,5,4326686
yadI_predicted,0.06060606060606061,33,32,TGGAAGTGCCCATACAAGCA,1,4306619
yadI_predicted,0.06060606060606061,33,32,TCTAGATACGGCCCGGCGCG,1,4339478
yadI_predicted,0.06060606060606061,33,32,TATCTGACTCATCACGTGTG,1,4304329
yadI_predicted,0.24242424242424243,39,32,GTGTATGGGTGATTAACATA,7,4343012
yadI_predicted,0.06060606060606061,33,32,GGTGTGAGCAGATAAGGTTG,1,4337979
yadI_predicted,0.06060606060606061,33,32,GGGCTGGGCACTTGTAGAGC,1,4349819
yadI_predicted,0.06060606060606061,33,32,GGCGGCCGGAATTGTCCAAT,1,4363670
yadI_predicted,0.09090909090909091,34,32,GCTTCTTCATGGCGCAGTCT,2,4365178
yadI_predicted,0.12121212121212122,35,32,GCTGGAGGGTTGATTCGTAT,3,4284123
yadI_predicted,0.15151515151515152,36,32,GCTACCACGGTATAGTATAA,4,4327773
yadI_predicted,0.06060606060606061,33,32,GAGACGACATAGGGGCGCCC,1,4360308
yadI_predicted,0.06060606060606061,33,32,GACAACCGATTTGGGAGACC,1,4317655
yadI_predicted,0.15151515151515152,36,32,CTGGGTTTAGGGGCTTTCTC,4,4342321
yadI_predicted,0.36363636363636365,43,32,CTGAAGCGGAAAGGATAAAT,11,4335534
yadI_predicted,0.45454545454545453,46,32,CTGAACTACGTGCCCTAGCT,14,4356838
yadI_predicted,0.06060606060606061,33,32,CGCTAGCGATCGGCTGAAGA,1,4353473
yadI_predicted,0.06060606060606061,33,32,CGATCGCTTTATACTTACTT,1,4334037
yadI_predicted,0.06060606060606061,33,32,CGACAGTATTCAGTACCCGG,1,4343138
yadI_predicted,0.2727272727272727,40,32,CCATTGGCTATCCGTCGCCA,8,4299376
yadI_predicted,0.06060606060606061,33,32,CACTTTGGTACCAGCGGATT,1,4311765
yadI_predicted,0.3939393939393939,44,32,CAAGCGGATAAAGATGATCA,12,4339682
yadI_predicted,0.06060606060606061,33,32,CAACGGTGGCGCCGTCATAT,1,4328990
yadI_predicted,0.12121212121212122,35,32,CAAACACACTGCGACTAGAG,3,4316228
yadI_predicted,82.84848484848484,2765,32,ATCGAGTGGAAAGGTACGGT,2733,4334315
yadI_predicted,0.12121212121212122,35,32,AGGTTCCGCCAGTGTGCACA,3,4341518
yadI_predicted,0.06060606060606061,33,32,ACCAGCTTTGACGGCCGGTA,1,4353407
yadI_predicted,0.06060606060606061,33,32,AATTAGAGTTACAGGTCTAG,1,4330799
yadI_predicted,0.125,34,31,TTGCTAACCTCCTGTAGTAG,3,4291916
yadI_predicted,0.0625,32,31,TTCATTGGAAAACCGTGCCT,1,4318337
yadI_predicted,0.3125,40,31,TTAGGAACGATGACCGCACT,9,4291089
yadI_predicted,0.0625,32,31,TGAATAAACAGCCGTACTCT,1,4332619
yadI_predicted,0.0625,32,31,TCACTGGTCTTGTTTATCTC,1,4316096
yadI_predicted,0.0625,32,31,GTTCCAGGCGGATAGGCATT,1,4317891
yadI_predicted,0.0625,32,31,GTTACAGGTACCGGATTACA,1,4336812
yadI_predicted,0.09375,33,31,GTGCAACCCGTATCCCCGTA,2,4302649
yadI_predicted,0.0625,32,31,GTCCAACCGGCCTTGTCTGA,1,4314253
yadI_predicted,0.53125,47,31,GTAAGAAAGGATCCAAGCAT,16,4321343
yadI_predicted,0.0625,32,31,GGTTCAGCCAAGCCGCCGAT,1,4353070
yadI_predicted,0.09375,33,31,GGGGATCAACCGTTTCGCAT,2,4320038
yadI_predicted,0.0625,32,31,GGGATAGCCTAAGCCTCAAT,1,4363601
yadI_predicted,0.09375,33,31,GCTGAAGGCTGCACGGACAA,2,4292342
yadI_predicted,0.0625,32,31,GCTCAGCGACTCCGCTCATT,1,4353009
yadI_predicted,0.09375,33,31,GCGACTACAGATCCGAAACT,2,4311313
yadI_predicted,0.125,34,31,GATTTTTGATACTGACTTTT,3,4353802
yadI_predicted,0.0625,32,31,GATTGGAATCAGCATATTTG,1,4322941
yadI_predicted,0.0625,32,31,GAGGACTCACTTAAACCGGA,1,4319946
yadI_predicted,0.0625,32,31,CGTGTGCGGACAACCTTGAA,1,4292519
yadI_predicted,0.0625,32,31,CGGGGTCTAGTCGGAAAGTA,1,4304440
yadI_predicted,0.0625,32,31,CGCTCATCTCGATGCACACT,1,4338073
yadI_predicted,0.0625,32,31,ATTGATGAACGTGAGGGGGT,1,4287221
yadI_predicted,0.0625,32,31,ATTAGTCGATTCGTATTCGG,1,4300250
yadI_predicted,0.0625,32,31,ATGTTTCGGTACAAGATCTC,1,4314746
yadI_predicted,0.0625,32,31,ACTTAACCCACTACACTCGC,1,4319702
yadI_predicted,0.0625,32,31,AACAAACAGTCGTTGCTGGG,1,4304543
yadI_predicted,0.0625,32,31,AAAGTATGGGCCGACAAGTC,1,4309471
yadI_predicted,0.06451612903225806,31,30,TCCCGTGTGTGCATGAACGA,1,4353826
yadI_predicted,0.06451612903225806,31,30,TCAATGACTAACTGCCGGAC,1,4327325
yadI_predicted,0.06451612903225806,31,30,TACCTCATCGACAGCAATCT,1,4288811
yadI_predicted,0.06451612903225806,31,30,GTCATACATGCATGCGACCA,1,4321016
yadI_predicted,0.16129032258064516,34,30,GTAGTCACGATCCAGCTCTA,4,4329337
yadI_predicted,0.06451612903225806,31,30,GTAGGCGCGTGTACAAGTGA,1,4287518
yadI_predicted,0.0967741935483871,32,30,GGGATGATCTAGTTTGAGTC,2,4350189
yadI_predicted,0.16129032258064516,34,30,GATGCGGTAACCCGGAGACA,4,4324712
yadI_predicted,0.06451612903225806,31,30,GATCAACTGACAGCAATCTG,1,4349868
yadI_predicted,0.0967741935483871,32,30,GAGCAAACCGACATGCCAAT,2,4329448
yadI_predicted,0.1935483870967742,35,30,GACTGGATGTTTCCCAATGT,5,4320473
yadI_predicted,0.06451612903225806,31,30,GAATATCACAACCTCCGTAA,1,4353500
yadI_predicted,0.06451612903225806,31,30,CTTCATCTTTATCGATCGCT,1,4293411
yadI_predicted,0.1935483870967742,35,30,CTGGCTGCGTTGTGTAACAT,5,4294847
yadI_predicted,0.06451612903225806,31,30,CTAAGGTATGCGATTCTCTG,1,4322467
yadI_predicted,0.12903225806451613,33,30,CTAAACCAGGGGTCTTGTAG,3,4288383
yadI_predicted,0.06451612903225806,31,30,CGTGCAGTGCAACGGGAGAT,1,4308676
yadI_predicted,0.06451612903225806,31,30,CGGTACAGTTACCATCACCC,1,4339256
yadI_predicted,0.06451612903225806,31,30,CGCCGGAGGCCCAGAGTTAG,1,4294981
yadI_predicted,0.06451612903225806,31,30,CGATTCTAGTCTGTGACGTT,1,4306672
yadI_predicted,0.06451612903225806,31,30,CGAACTGTACGCCCCCGACA,1,4329660
yadI_predicted,0.06451612903225806,31,30,CGAACATGATGCGCGCGTCT,1,4318346
yadI_predicted,0.0967741935483871,32,30,ATGGTTTTGCCTCGGAGGTA,2,4347858
yadI_predicted,0.2903225806451613,38,30,ATGGCCCTTGGTGCTCCGAG,8,4353564
yadI_predicted,0.0967741935483871,32,30,AGGCCTCTCAGGCTCAGCGC,2,4348142
yadI_predicted,68.70967741935483,2159,30,ACCGGACTGACTTACGCTAT,2129,4346074
yadI_predicted,0.06451612903225806,31,30,ACCGCGACTGTTCGACCACT,1,4335150
yadI_predicted,0.06451612903225806,31,30,AACACCCTCTTAGTTCGACC,1,4285364
yadI_predicted,0.06666666666666667,30,29,TTCCAGCTTGACAGCAACGG,1,4361708
yadI_predicted,0.06666666666666667,30,29,TTAACGTACCGGAACCACTG,1,4338834
yadI_predicted,0.06666666666666667,30,29,TTAACAGCCGGAATTTCGCC,1,4295691
yadI_predicted,0.06666666666666667,30,29,TGCGATGCCAATCTATGGGA,1,4331398
yadI_predicted,0.13333333333333333,32,29,TCGTCGCGAGAAAGTCGCGT,3,4357084
yadI_predicted,0.06666666666666667,30,29,TCGTCCAACACATTAAACAG,1,4311485
yadI_predicted,0.06666666666666667,30,29,TAGCTGCGTAAATATTAGAG,1,4337676
yadI_predicted,0.06666666666666667,30,29,TAACCTTTCGTCGTCACTCG,1,4336600
yadI_predicted,0.06666666666666667,30,29,GTGGCTAACAGAGACCCTGC,1,4358078
yadI_predicted,0.06666666666666667,30,29,GGGCCGTACGCACCATTGCT,1,4357591
yadI_predicted,0.06666666666666667,30,29,GATCATCCATCCAACGGCTA,1,4334089
yadI_predicted,0.06666666666666667,30,29,GAGCCGTGCGCGTTTTGGCA,1,4329082
yadI_predicted,0.06666666666666667,30,29,GACCCGCTTCGCTTCCTGCA,1,4354991
yadI_predicted,0.06666666666666667,30,29,GAAATGGGAGTAATGGCTCA,1,4329844
yadI_predicted,0.06666666666666667,30,29,CTTACGCTACGGAGAGTGAT,1,4369074
yadI_predicted,0.06666666666666667,30,29,CTGCGTTGGCGACTCTCTTG,1,4301011
yadI_predicted,0.1,31,29,CTCTGTTGCAGGGCAGGACA,2,4338943
yadI_predicted,0.13333333333333333,32,29,CGGTCGCGTCCACATGACGC,3,4297048
yadI_predicted,0.06666666666666667,30,29,CGCGAACGGAATCTGATAAC,1,4331090
yadI_predicted,0.06666666666666667,30,29,CGATCGCGCAGACTAATTAT,1,4299962
yadI_predicted,0.1,31,29,CCAACCGACATGCACAGGAA,2,4284116
yadI_predicted,0.06666666666666667,30,29,CAATTTGGCAACTGTGGAAA,1,4344007
yadI_predicted,0.06666666666666667,30,29,ATGCCAGTATAAATGCGCAT,1,4303230
yadI_predicted,0.06666666666666667,30,29,ATAACAGCACGGCTAACGAT,1,4289126
yadI_predicted,38.86666666666667,1194,29,AGTGTATACCCCGTATTTTA,1165,4339026
yadI_predicted,0.06666666666666667,30,29,AGTATCTGGAACGGGCTTCG,1,4353336
yadI_predicted,0.16666666666666666,33,29,AGGGTAGCACACCCCGGAAC,4,4285503
yadI_predicted,0.43333333333333335,41,29,AGCGTTGCCTATAAGGGCGT,12,4349038
yadI_predicted,0.06666666666666667,30,29,AGACTGCCAAAGGAAAAATT,1,4344343
yadI_predicted,0.23333333333333334,35,29,ACGACTACCAATGGATCGTA,6,4324668
yadI_predicted,0.1,31,29,ACATTTACAGAGTGAGCACA,2,4307080
yadI_predicted,0.06666666666666667,30,29,ACAATGGCCAATAAACGCCA,1,4368861
yadI_predicted,0.4482758620689655,40,28,TTTCACTAAAGCCCACGTGG,12,4311299
yadI_predicted,0.06896551724137931,29,28,TTATAGAAATGAACTGTTGG,1,4300258
yadI_predicted,0.06896551724137931,29,28,TTAAGAAATTGAGCACACAA,1,4302505
yadI_predicted,0.10344827586206896,30,28,TGCACGATGTGAACCGGGGA,2,4355423
yadI_predicted,0.06896551724137931,29,28,TCTCTTATCGGGTTTGCTGA,1,4329200
yadI_predicted,0.06896551724137931,29,28,TCATCGGGATAGTACATAAT,1,4305241
yadI_predicted,0.06896551724137931,29,28,TATGAACGTCGAAGATTGCC,1,4307128
yadI_predicted,0.06896551724137931,29,28,TAGGGTCACATTTTGAGGGA,1,4285224
yadI_predicted,0.13793103448275862,31,28,TACAGCTATGGACCGCGTTT,3,4313689
yadI_predicted,0.06896551724137931,29,28,GTTATGCAGGGCTACTCGGT,1,4296988
yadI_predicted,0.13793103448275862,31,28,GTGCCGAGGACTAAGAATGA,3,4294173
yadI_predicted,0.3103448275862069,36,28,GTCGCGAAGGTTCGTGTAGT,8,4317057
yadI_predicted,0.06896551724137931,29,28,GTCCTCCTCCGAGAATAAGC,1,4339816
yadI_predicted,0.13793103448275862,31,28,GGAATTCACTAGATCCGCAT,3,4346068
yadI_predicted,0.06896551724137931,29,28,GGAATAAACTTGTTAGCAAC,1,4346311
yadI_predicted,0.10344827586206896,30,28,GCCGGGACTACCGCTGTTAG,2,4366142
yadI_predicted,0.06896551724137931,29,28,GAGTAAGAGCTCCGCCATTG,1,4305800
yadI_predicted,0.1724137931034483,32,28,GAGCCTAGGACAACGACCGT,4,4299349
yadI_predicted,0.13793103448275862,31,28,GAGCAAAGACCCGTTTATTG,3,4351539
yadI_predicted,0.06896551724137931,29,28,GAACTCTTCAAATTGGTACT,1,4313886
yadI_predicted,0.06896551724137931,29,28,CTCGGCGATGCACTAGACTG,1,4323273
yadI_predicted,0.06896551724137931,29,28,CTCGGACATTGAATATACAG,1,4330047
yadI_predicted,0.06896551724137931,29,28,CTATGGTTACACTTCACACT,1,4319605
yadI_predicted,0.06896551724137931,29,28,CTAAAGGACTTTACCCGACG,1,4333456
yadI_predicted,0.3448275862068966,37,28,CGTAGGACTTCGTCGACTCA,9,4356426
yadI_predicted,0.10344827586206896,30,28,CGGTGCATGAGGACTTAACC,2,4313180
yadI_predicted,0.06896551724137931,29,28,CGGGTTACTTAATTTATCGA,1,4356456
yadI_predicted,0.06896551724137931,29,28,CGGAGGTTCCGCGGTGGCGA,1,4353481
yadI_predicted,0.06896551724137931,29,28,CGGAAGCGCTACTATCCCCT,1,4339359
yadI_predicted,0.06896551724137931,29,28,CCCCATATCAAAAGTGAGGT,1,4349393
yadI_predicted,0.06896551724137931,29,28,CATGTGCAATCGACTTTTAA,1,4324811
yadI_predicted,0.06896551724137931,29,28,CATATGTGTGCCGACCGCAA,1,4351699
yadI_predicted,0.06896551724137931,29,28,CAACAGACAGATTAGGAAAC,1,4368266
yadI_predicted,0.06896551724137931,29,28,ATGTCTGCAAGTTTTCAAGA,1,4285989
yadI_predicted,0.06896551724137931,29,28,ATGGCTGGAGGGACAACATG,1,4352918
yadI_predicted,0.06896551724137931,29,28,ATGCAGTTAGTAGATTGATT,1,4331891
yadI_predicted,0.1724137931034483,32,28,AGCATGCCTGGACGGTGGTT,4,4335778
yadI_predicted,0.1724137931034483,32,28,ACTGTGGCGTTGAAGCAAAA,4,4362930
yadI_predicted,0.10344827586206896,30,28,ACTAAATAATACGGGTTCCT,2,4343783
yadI_predicted,0.06896551724137931,29,28,ACCGGGCGCAAATCCAATGA,1,4313276
yadI_predicted,0.06896551724137931,29,28,AATAACGTCATCTGTGCAGG,1,4302806
yadI_predicted,0.06896551724137931,29,28,AAGACGGCAATTCGCTGTAG,1,4308589
yadI_predicted,0.06896551724137931,29,28,AAATATGCGATGGCCACTGC,1,4337023
yadI_predicted,0.17857142857142858,31,27,TTTCCGCTCGGCCGCCCATA,4,4363645
yadI_predicted,0.07142857142857142,28,27,TGGGTGATCATGCTCAACGC,1,4308298
yadI_predicted,0.07142857142857142,28,27,TGCCCAGGATCAGCCGATTG,1,4351111
yadI_predicted,0.10714285714285714,29,27,TCTTGAGAGTTGATAGTGCT,2,4347972
yadI_predicted,0.07142857142857142,28,27,TCTTCCCTTGGCTACTTTAT,1,4345438
yadI_predicted,0.10714285714285714,29,27,TCCTTTGGATACGGCACCCG,2,4320786
yadI_predicted,0.07142857142857142,28,27,TCCGACCGGTGGGCGTGAGT,1,4322892
yadI_predicted,0.07142857142857142,28,27,TATGAGTCGCTATCGGTCGG,1,4308673
yadI_predicted,0.07142857142857142,28,27,GGCATTACGTCCAAACTGTC,1,4286426
yadI_predicted,0.07142857142857142,28,27,GGACTAAGTGCTGGCGAATT,1,4288306
yadI_predicted,0.07142857142857142,28,27,GGAACCCTGAGCCTGTTAAC,1,4292855
yadI_predicted,0.10714285714285714,29,27,GCCAGATTCAAGGCAGGATG,2,4297542
yadI_predicted,0.10714285714285714,29,27,GATGCACGCGACTCAGTGCT,2,4287244
yadI_predicted,0.07142857142857142,28,27,GATCGCTGGATAAGGTATTG,1,4288078
yadI_predicted,0.07142857142857142,28,27,GAGTGATAAGGACCGGTCAT,1,4340628
yadI_predicted,0.07142857142857142,28,27,GAGTACAAGTGTTTGTTGAC,1,4313411
yadI_predicted,0.07142857142857142,28,27,GACATCATAACATGCGTCAG,1,4354493
yadI_predicted,0.07142857142857142,28,27,GAATCTCTCTGTGCTGGCGC,1,4324837
yadI_predicted,0.07142857142857142,28,27,GAACGCTGATACTCTATTTA,1,4347566
yadI_predicted,0.07142857142857142,28,27,CTTCAACGGTGTAAGATTGT,1,4298304
yadI_predicted,0.07142857142857142,28,27,CTAGAAGTTCAAGGTTATTT,1,4350988
yadI_predicted,0.07142857142857142,28,27,CGTTCAGCGTAATCAGATAA,1,4295643
yadI_predicted,0.07142857142857142,28,27,CGGTAGACGTGACAACGACG,1,4356701
yadI_predicted,0.10714285714285714,29,27,CGCCCGGTCATATCTTAGGA,2,4294926
yadI_predicted,0.14285714285714285,30,27,CGAACTTTTGTAGACATCAT,3,4302793
yadI_predicted,0.07142857142857142,28,27,CCCTGTTAAGTGAGTACGAT,1,4304490
yadI_predicted,0.07142857142857142,28,27,CCAAAAATGTTGAGAAACAG,1,4299827
yadI_predicted,0.5,40,27,CATAGACAAGTACGGATATG,13,4340991
yadI_predicted,0.07142857142857142,28,27,CACGGAAAGTCATGCACGGG,1,4325070
yadI_predicted,0.07142857142857142,28,27,CACCGATTCGCTCCTGCCAC,1,4324493
yadI_predicted,0.14285714285714285,30,27,CAATAGGTGCAAGCGACACT,3,4355141
yadI_predicted,0.10714285714285714,29,27,ATGTGAGCCCGGTCGTCACA,2,4324769
yadI_predicted,0.07142857142857142,28,27,AGTCAATCCAAACCAGGTAA,1,4309049
yadI_predicted,0.32142857142857145,35,27,AGATTGAGTTTCCGATTTTT,8,4295556
yadI_predicted,0.07142857142857142,28,27,AGAGTGTCCAAACATGGCCT,1,4366371
yadI_predicted,0.10714285714285714,29,27,AGAATCACACGTGCTACGTG,2,4289370
yadI_predicted,0.10714285714285714,29,27,ACGTAGTGTTGACTCCCGTG,2,4313864
yadI_predicted,0.10714285714285714,29,27,ACAGGGGTTTCGACTAGGAT,2,4337040
yadI_predicted,0.07142857142857142,28,27,AACGGCCTTAAAGGGTAATC,1,4319080
yadI_predicted,0.10714285714285714,29,27,AAATTTCGCATGTCTGTCTA,2,4332658
yadI_predicted,0.07142857142857142,28,27,AAATGTTGACGTAAGCTCTA,1,4288688
yadI_predicted,0.1111111111111111,28,26,TTTGCCCGGGGCGGAAAGTG,2,4303049
yadI_predicted,0.1111111111111111,28,26,TTGGTTCGAATGGCCCGTAG,2,4320279
yadI_predicted,0.1111111111111111,28,26,TTGACCTCGCGCTTTATCGT,2,4294681
yadI_predicted,0.1111111111111111,28,26,TTCCCCATTGAGGCGGCTGT,2,4345402
yadI_predicted,0.07407407407407407,27,26,TGGGCAGTTTCGACCGGGTA,1,4365845
yadI_predicted,0.07407407407407407,27,26,TGATTTGGGCTCTTTACACA,1,4356602
yadI_predicted,0.2962962962962963,33,26,TCTCGAGCGCAAGCATCTTT,7,4292772
yadI_predicted,0.14814814814814814,29,26,TCGAGTTCTTTTCTACTACG,3,4340877
yadI_predicted,0.07407407407407407,27,26,TCCTATCACCTTAGGACCAT,1,4354494
yadI_predicted,0.1111111111111111,28,26,TCATCACAAGAAATTCCTGC,2,4354667
yadI_predicted,0.07407407407407407,27,26,TAATTGCCCCTGTGCTCGTA,1,4345908
yadI_predicted,0.3333333333333333,34,26,TAACACTGGTGTAAAAACGC,8,4293765
yadI_predicted,0.1111111111111111,28,26,GTTGAAACCTTTTGTAGTTA,2,4347729
yadI_predicted,0.25925925925925924,32,26,GTTAGTGGGAGCCGCGCGTA,6,4331836
yadI_predicted,0.07407407407407407,27,26,GTCGCACCACATGTGAGCAG,1,4335543
yadI_predicted,0.2962962962962963,33,26,GGGTAAACACATGTCTCGCA,7,4288743
yadI_predicted,0.2962962962962963,33,26,GCTGTCCGACGTCAGGCGCA,7,4301640
yadI_predicted,93.33333333333333,2545,26,GATATAGATTGCGCTCCTAC,2519,4356299
yadI_predicted,0.2962962962962963,33,26,GACGGTGAAGCATCGCGCAA,7,4305764
yadI_predicted,95.0,2590,26,GAAGGCAACTTATGTGCAAT,2564,4354068
yadI_predicted,0.07407407407407407,27,26,CTCTTGTTTTACACGAGCGA,1,4345500
yadI_predicted,0.07407407407407407,27,26,CTATTAGTAGGCGCTGTCCC,1,4298903
yadI_predicted,96.51851851851852,2631,26,CGGGTGAACATTTACTGGTT,2605,4328344
yadI_predicted,0.18518518518518517,30,26,CCACTCTTGGACTATCTTTT,4,4300932
yadI_predicted,0.07407407407407407,27,26,ATTTGTTATTGTGCGCTTCA,1,4334206
yadI_predicted,0.07407407407407407,27,26,ATATTAGTAACGCTATTGTT,1,4365017
yadI_predicted,0.1111111111111111,28,26,ATACGATGTCTCAACCCAGG,2,4290134
yadI_predicted,0.07407407407407407,27,26,AAGATCGTTTAACTTCCAAG,1,4304546
yadI_predicted,0.07407407407407407,27,26,AAAGGCAACCGCATGAAAAT,1,4288065
yadI_predicted,0.07407407407407407,27,26,AAAGCCTTTCGACGGGAATA,1,4336267
yadI_predicted,0.07692307692307693,26,25,TTTAGACGCCATACTCTTAA,1,4307559
yadI_predicted,0.2692307692307692,31,25,TTGATTATCTCGTCCGTTGT,6,4293603
yadI_predicted,0.23076923076923078,30,25,TTAAGTGTGCTATCTAAGAT,5,4355277
yadI_predicted,0.07692307692307693,26,25,TGTATTAGCGACGGAATTGA,1,4363379
yadI_predicted,0.11538461538461539,27,25,TGTATCGCATTAAATTGTAT,2,4323732
yadI_predicted,0.07692307692307693,26,25,TGGCGTAATTGGTGCCAATG,1,4363101
yadI_predicted,0.07692307692307693,26,25,TGACTCTAGGAAAATATGTC,1,4326683
yadI_predicted,0.07692307692307693,26,25,TCATACACCGGCCTCATAAA,1,4334643
yadI_predicted,0.07692307692307693,26,25,TATGACTCAGTCCCTTACAA,1,4341516
yadI_predicted,0.07692307692307693,26,25,TACTTGTGGATTCGGGCCAG,1,4285276
yadI_predicted,0.07692307692307693,26,25,TACGGGCACGTAATGAAACG,1,4321260
yadI_predicted,0.07692307692307693,26,25,GTCTCGTAGCCGCCATCCCT,1,4365646
yadI_predicted,0.11538461538461539,27,25,GTATTCATAAGAGCTCTGCG,2,4307640
yadI_predicted,0.07692307692307693,26,25,GTAAAGCACTCAGCAAATGG,1,4328987
yadI_predicted,0.11538461538461539,27,25,GGTTCATCGCGATGGTATTG,2,4302379
yadI_predicted,0.07692307692307693,26,25,GGAGATAACCGGAGCGTTTA,1,4327413
yadI_predicted,0.3076923076923077,32,25,GCACGACTTGGACATTTTGA,7,4284157
yadI_predicted,0.07692307692307693,26,25,GATTTCATGTTGTGACAGGT,1,4366689
yadI_predicted,0.19230769230769232,29,25,GATCACTCACTTAGACCAAT,4,4338767
yadI_predicted,200.19230769230768,5229,25,GAGGGTGAAGAAGGCGTGGG,5204,4367124
yadI_predicted,0.07692307692307693,26,25,GACCTGATCAGGGAAGTAGA,1,4300186
yadI_predicted,0.11538461538461539,27,25,GAATCATTCGAAGATTGCTG,2,4309596
yadI_predicted,0.07692307692307693,26,25,GAACTCCGACCGAAACACGT,1,4309615
yadI_predicted,0.3076923076923077,32,25,GAACTAATTATTAAGCATTG,7,4295100
yadI_predicted,0.15384615384615385,28,25,CTAATCCTCAAGCCTCAGCG,3,4302149
yadI_predicted,0.07692307692307693,26,25,CGCAGTCTGCCAACAACCTA,1,4291665
yadI_predicted,0.07692307692307693,26,25,CCTGAAAGTATACAGCCTTG,1,4359960
yadI_predicted,0.07692307692307693,26,25,CCATTTGTTATTGGACCTGA,1,4354589
yadI_predicted,0.11538461538461539,27,25,CCATGGCACTGTAGTTGCCA,2,4295690
yadI_predicted,0.07692307692307693,26,25,CCACCGCCAACGGACCATTT,1,4337754
yadI_predicted,0.07692307692307693,26,25,CATGATCACGTCTAGATACG,1,4328914
yadI_predicted,0.07692307692307693,26,25,CAGCTCGGTATATCCCGCCT,1,4320044
yadI_predicted,0.23076923076923078,30,25,CAGAGTGCTCTAGCTGGATT,5,4356909
yadI_predicted,0.07692307692307693,26,25,CAATGTTGGACTCGGGTGAG,1,4310173
yadI_predicted,0.7307692307692307,43,25,CAAATCGTAGTTTGGAGAAG,18,4322217
yadI_predicted,0.07692307692307693,26,25,CAAAAACCTAGAGGCATGGG,1,4292187
yadI_predicted,0.07692307692307693,26,25,ATCCCGGGGGGGCACTTCTG,1,4355847
yadI_predicted,0.11538461538461539,27,25,ATAGTGTATTTAGGAGCTTT,2,4363913
yadI_predicted,0.07692307692307693,26,25,AGTGCGGTAATACAAATTAA,1,4362765
yadI_predicted,0.07692307692307693,26,25,AGCTGCCTATCACGTTTTTA,1,4286514
yadI_predicted,0.07692307692307693,26,25,AGAGGGCCTACATCCATGCC,1,4323607
yadI_predicted,0.15384615384615385,28,25,ACCCTTTGCGCAGTCCAGGT,3,4369991
yadI_predicted,0.15384615384615385,28,25,ACAACTGTAAGAGATGCCCT,3,4335135
yadI_predicted,0.07692307692307693,26,25,AATAGCGATCCTGAAGTCGC,1,4360100
yadI_predicted,0.07692307692307693,26,25,AACCAAGAAATCACCCAGCT,1,4316308
yadI_predicted,0.07692307692307693,26,25,AAATTCCGCTTGGATCTCGT,1,4310253
yadI_predicted,0.08,25,24,TTCACCCAACATTCGACGGA,1,4302954
yadI_predicted,0.16,27,24,TTATAAACAGGACGCGTATA,3,4309555
yadI_predicted,0.24,29,24,TTAAAGCCTCTCAATCCCGA,5,4287625
yadI_predicted,0.08,25,24,TGTGCAACTCATCACGTACT,1,4289595
yadI_predicted,0.08,25,24,TGTCATGCAACCTGCAAGGA,1,4367907
yadI_predicted,0.08,25,24,TGGATGCGTCGCCAAAAAGT,1,4310547
yadI_predicted,0.08,25,24,TGCTTATCAAGCACGCGGTG,1,4324915
yadI_predicted,0.08,25,24,TGAAGAGTCTGTTTGTAGCT,1,4348691
yadI_predicted,0.16,27,24,TCTCATTGGTTTCATGGCAT,3,4311293
yadI_predicted,0.12,26,24,TATTGATGTTAGTGTATCTA,2,4352190
yadI_predicted,0.12,26,24,TATCGCGTATATTGCTGGAG,2,4330503
yadI_predicted,0.08,25,24,TAAGTGGGAAAATCGGTCCA,1,4294669
yadI_predicted,0.08,25,24,GTGGGAACAACAGAGAACCT,1,4347090
yadI_predicted,0.08,25,24,GGGTGGTGAGAAACGAAAGT,1,4292464
yadI_predicted,0.08,25,24,GGGGCAGCAAACCAACGGGT,1,4297938
yadI_predicted,0.08,25,24,GCTCCCTTGGCTATAATCAC,1,4336157
yadI_predicted,0.08,25,24,GCCATAAGAGTGGCTAGTAA,1,4365559
yadI_predicted,0.08,25,24,GCAACACCGGCAGCGATGGA,1,4315312
yadI_predicted,0.08,25,24,GCAAAGGCAAAACTTAGGCA,1,4304394
yadI_predicted,0.12,26,24,GAGTTGAACGCATATAGGTC,2,4347182
yadI_predicted,0.08,25,24,GAACTCTCCACGAAGGCTAG,1,4327857
yadI_predicted,0.08,25,24,CTTGCCGGTTCTTCTTGTAC,1,4348827
yadI_predicted,98.32,2481,24,CGCGTTTTGGTAAAGTTGGA,2457,4296176
yadI_predicted,0.08,25,24,CGCATAGAGCTTGGCACAGG,1,4324614
yadI_predicted,0.08,25,24,CCTTAGTGGCTTCACTGAAC,1,4286403
yadI_predicted,0.08,25,24,CCCTCGGCTTTGTATACAGA,1,4335414
yadI_predicted,0.24,29,24,CCCGCGGTCCCGGGGCGAGC,5,4309597
yadI_predicted,0.08,25,24,CCATGTGTTTAAATCGGCAT,1,4342086
yadI_predicted,0.08,25,24,CCAAACCAGTCCTCGAAGCT,1,4353403
yadI_predicted,0.36,32,24,CATTGAGGTCGCGTATGCTA,8,4327849
yadI_predicted,0.08,25,24,CACTCGGAGCAACGGCCGTT,1,4347315
yadI_predicted,0.08,25,24,CACGTGTGTCTGGGAAGACT,1,4336329
yadI_predicted,0.08,25,24,CAATGTGTTATATGGATTTC,1,4301329
yadI_predicted,0.24,29,24,CAACTGGCGACGCACGTTGC,5,4357838
yadI_predicted,0.08,25,24,CAACGTCGCGTCCCCGCGGA,1,4299577
yadI_predicted,0.08,25,24,ATTTTATCTATATGGACTAA,1,4333382
yadI_predicted,0.08,25,24,ATTCCGTTTGCACTGAATCT,1,4299631
yadI_predicted,0.12,26,24,ATGGGTACCCTCTAGATTCG,2,4311953
yadI_predicted,0.16,27,24,ATGGAGTGGGAAAACTTTCT,3,4349993
yadI_predicted,0.08,25,24,ATGCGAAGTCAGACTTACTA,1,4320964
yadI_predicted,0.24,29,24,ATCTGGGCTATACGCACTCT,5,4293480
yadI_predicted,0.44,34,24,ATCTATCTTGCCCTCTCAAT,10,4311766
yadI_predicted,0.08,25,24,ATCCGTCCCTCATATAAACT,1,4306969
yadI_predicted,0.12,26,24,ATCCGAACCACAGTACAGTC,2,4349888
yadI_predicted,0.12,26,24,ATCCCCAAATTGATGGGCTC,2,4353076
yadI_predicted,0.12,26,24,AGTCACTTACAAACAAGGAT,2,4306613
yadI_predicted,0.08,25,24,AGGCGAGCCACAAGGTCATC,1,4320217
yadI_predicted,0.12,26,24,AGCCAAGCTACAGAGGAAGT,2,4302593
yadI_predicted,0.12,26,24,AGAAATTATCCTTTAATTAA,2,4306617
yadI_predicted,0.08,25,24,ACTGAACTACAATGGTACAT,1,4342477
yadI_predicted,98.04,2474,24,ACGTTGGCCTGCTAGGTTAT,2450,4290289
yadI_predicted,0.08,25,24,ACCCCAAATCCAAGAATAAT,1,4338939
yadI_predicted,0.08,25,24,ACACCGTCGTTCTCAACGTA,1,4329003
yadI_predicted,0.36,32,24,AATACGAGTTGTCTTAATTT,8,4340311
yadI_predicted,0.08,25,24,AAGCTGGGTACCATTGCGAT,1,4336611
yadI_predicted,0.08,25,24,AACGTTCAGGCCACCTTCAA,1,4314476
yadI_predicted,0.125,25,23,TTGTTGCACTGTAGTGCTCA,2,4305805
yadI_predicted,0.08333333333333333,24,23,TTCACGTGTGTTCCACATGT,1,4292866
yadI_predicted,100.375,2431,23,TTCAAAAAACCTAAGTTCAT,2408,4348681
yadI_predicted,0.08333333333333333,24,23,TGTTAATGCAGCTATCAGCG,1,4298907
yadI_predicted,0.08333333333333333,24,23,TGTAAAATTCTTGGTGATAC,1,4312510
yadI_predicted,0.08333333333333333,24,23,TGGGTCTACTACGGTCGGCA,1,4315313
yadI_predicted,0.08333333333333333,24,23,TGGCGTGCGGCGGCAGAATC,1,4363517
yadI_predicted,0.08333333333333333,24,23,TGCCCATCAACGTATAAATG,1,4306085
yadI_predicted,0.16666666666666666,26,23,TGAGATGGACTTAGGGGCGT,3,4348704
yadI_predicted,0.20833333333333334,27,23,TCCAGCTAGATGGTTTAAAC,4,4288384
yadI_predicted,0.08333333333333333,24,23,TCCAATTAACGGAGAACGTA,1,4291994
yadI_predicted,0.08333333333333333,24,23,TCAGCATTTAATGTAAGGTA,1,4290753
yadI_predicted,0.125,25,23,TATGCTCCTCAGCAGGCAAA,2,4331965
yadI_predicted,0.08333333333333333,24,23,TACTCGAAGGTAAGCACGTC,1,4340359
yadI_predicted,0.08333333333333333,24,23,TACGTATATGCCAACACTAC,1,4310385
yadI_predicted,0.08333333333333333,24,23,TAAGTGGTGTATCCGGTTAG,1,4285643
yadI_predicted,0.08333333333333333,24,23,GTTGTACGGACCAGATCCGT,1,4350706
yadI_predicted,0.20833333333333334,27,23,GTCGTAGTAAGGATGTGCGA,4,4369595
yadI_predicted,0.4583333333333333,33,23,GTCGGCATTCGTGAAGAACT,10,4294424
yadI_predicted,0.08333333333333333,24,23,GTCGCGGTGAGTCGTTCGCA,1,4329904
yadI_predicted,0.125,25,23,GTAGTTGCGGTCGATGCATC,2,4366074
yadI_predicted,0.08333333333333333,24,23,GGTTGATTGAAGGTTCTAGA,1,4316413
yadI_predicted,0.5416666666666666,35,23,GGCCGAACTCCACGCTTTCA,12,4317640
yadI_predicted,0.08333333333333333,24,23,GGACGTGAGTAAAAGTGTGT,1,4289364
yadI_predicted,0.4166666666666667,32,23,GCTTATTCTATGACCGTCTT,9,4318148
yadI_predicted,0.5,34,23,GCAGCAAGGATACATCCGCG,11,4358468
yadI_predicted,0.08333333333333333,24,23,GCACAGCGACAAGGCGCCGA,1,4330227
yadI_predicted,0.125,25,23,GATTTAGCGCTGCTAGGCCT,2,4340104
yadI_predicted,0.125,25,23,GAGTGTTATTCTTGGTAGGT,2,4367721
yadI_predicted,0.3333333333333333,30,23,GAGAGCTTTAAAGGTATGAT,7,4318447
yadI_predicted,0.08333333333333333,24,23,GACCCGCCTCATTGCAACCT,1,4303060
yadI_predicted,0.25,28,23,GACAAAATCATCGCGATTCA,5,4286665
yadI_predicted,0.08333333333333333,24,23,CTTGGTCGGCGAATCGTGCT,1,4293198
yadI_predicted,0.08333333333333333,24,23,CTATGTGTGCAGGTCTACGT,1,4303287
yadI_predicted,0.08333333333333333,24,23,CTAGTTCCAAAGTTCATCAT,1,4298077
yadI_predicted,0.125,25,23,CGCGGTTAAAGCCCGAATTA,2,4347829
yadI_predicted,0.08333333333333333,24,23,CGATCGCCAAATAGCGTGAT,1,4302614
yadI_predicted,0.08333333333333333,24,23,CGACCACACCGGTAACTGCT,1,4334101
yadI_predicted,0.125,25,23,CCTTGGACCTGGTATGTGGT,2,4313615
yadI_predicted,0.08333333333333333,24,23,CCGTAGTAAATTGTCGCAGT,1,4364286
yadI_predicted,0.08333333333333333,24,23,CCCTGGATATCTGTAATCCG,1,4336700
yadI_predicted,0.08333333333333333,24,23,CATTCAAAAGAGATTAAGAG,1,4344152
yadI_predicted,0.125,25,23,CATGGAGAAGCACCGTGAAG,2,4322758
yadI_predicted,0.08333333333333333,24,23,CATCGGGCACCCATAGACAT,1,4294116
yadI_predicted,0.2916666666666667,29,23,CAGCTCCGGCTGGCATCACG,6,4288370
yadI_predicted,0.08333333333333333,24,23,CAGCATAAATACGTGGGTAT,1,4329084
yadI_predicted,0.3333333333333333,30,23,ATACCAATTTTAGCACGGGT,7,4370069
yadI_predicted,0.125,25,23,AGGTTGAGATCCAAATGGCG,2,4333147
yadI_predicted,0.125,25,23,AGATAGGAACCGGGTAGGAT,2,4343796
yadI_predicted,0.08333333333333333,24,23,ACAGACTCGATCCACCGCAA,1,4315603
yadI_predicted,0.08333333333333333,24,23,AATGTGATGTCATGATCACA,1,4310651
yadI_predicted,0.08333333333333333,24,23,AAATACTTCTGAAACTCCCG,1,4315091
yadI_predicted,0.125,25,23,AAAAAGGAGCTTTTCTGGTA,2,4315657
yadI_predicted,0.08695652173913043,23,22,TTTGATCATGCAAGGATCGT,1,4341976
yadI_predicted,0.08695652173913043,23,22,TTTCGGGTACGCTTTCGACA,1,4302719
yadI_predicted,0.13043478260869565,24,22,TTCCTCAGACTAGGCAGATA,2,4333961
yadI_predicted,0.2608695652173913,27,22,TGTCCAACGAACAGTAGGAC,5,4311479
yadI_predicted,0.08695652173913043,23,22,TGATAAGAATTGTTCGGTCT,1,4342805
yadI_predicted,0.08695652173913043,23,22,TCGGAGTCAAAACGCAGTAA,1,4324995
yadI_predicted,0.08695652173913043,23,22,TCGCTGGGAGGGCAAGTGAT,1,4364857
yadI_predicted,0.08695652173913043,23,22,TCACCATAGGATAAGGCTAT,1,4359229
yadI_predicted,0.08695652173913043,23,22,TCAAACACGCCGGTAAGTCT,1,4308705
yadI_predicted,0.08695652173913043,23,22,TATCTCTCGGGCGGTTCGTC,1,4297098
yadI_predicted,0.13043478260869565,24,22,TACCCGTACTAAGATCCCGT,2,4300563
yadI_predicted,0.21739130434782608,26,22,TAATGGAGTTGATGAAAGTA,4,4344896
yadI_predicted,0.391304347826087,30,22,TAACTGGTCAACATTCCGAG,8,4310284
yadI_predicted,0.08695652173913043,23,22,GGTTGCCCGGTACATCCGTG,1,4284176
yadI_predicted,0.7391304347826086,38,22,GGTTATCCAGTACAGCCAAA,16,4354343
yadI_predicted,0.08695652173913043,23,22,GGCCGTATTTTCCTTGGATA,1,4353746
yadI_predicted,0.08695652173913043,23,22,GCCGTAGTTCCCTGCTCATG,1,4286771
yadI_predicted,0.08695652173913043,23,22,GCCAGATTGAACAGTTTGTG,1,4292389
yadI_predicted,0.08695652173913043,23,22,GCATGGCATGGGGAGCGCCT,1,4312527
yadI_predicted,0.08695652173913043,23,22,GCAGATGAGGGCGCGAGAAT,1,4318615
yadI_predicted,0.13043478260869565,24,22,GCACATTCCACACAAACACT,2,4305110
yadI_predicted,0.30434782608695654,28,22,GAGACGCATTTGCACGATCA,6,4343360
yadI_predicted,0.08695652173913043,23,22,GAATATCAGCTAGGCAGGCT,1,4362563
yadI_predicted,0.30434782608695654,28,22,GAACGGCAATGGTTGTAATA,6,4293350
yadI_predicted,0.21739130434782608,26,22,CTGCACTGTTAACGTAGCCT,4,4306364
yadI_predicted,0.08695652173913043,23,22,CTATTGGGGTCGTTCAGTGA,1,4347322
yadI_predicted,0.08695652173913043,23,22,CGGTCACCTTCGACTAGCGA,1,4291744
yadI_predicted,87.1304347826087,2025,22,CGGGTCTCTGCAATGCAGGA,2003,4303223
yadI_predicted,111.6086956521739,2588,22,CGGCCTCATCCAAGAATACG,2566,4356833
yadI_predicted,0.391304347826087,30,22,CCTATAGGTCCTGTCTGAGT,8,4366613
yadI_predicted,0.08695652173913043,23,22,CCGGTGCCTGCGCAATTGGT,1,4318188
yadI_predicted,0.08695652173913043,23,22,CCGGAGGCCGGGCTATAGTC,1,4320558
yadI_predicted,0.13043478260869565,24,22,CCGCACTCTCTCTCAATGGT,2,4321154
yadI_predicted,0.08695652173913043,23,22,CCCGGACTTCTGGATCGATG,1,4342661
yadI_predicted,0.08695652173913043,23,22,CCCCTTCTTTAAACCGAGAC,1,4317450
yadI_predicted,0.08695652173913043,23,22,CATGACGTCGATTGCCTTAC,1,4291581
yadI_predicted,0.34782608695652173,29,22,CAGATTGGGCTTTCTATGGC,7,4358894
yadI_predicted,0.08695652173913043,23,22,CACGCACGAAGGCACAGGGA,1,4289915
yadI_predicted,0.08695652173913043,23,22,CAACCACGGTGATAGCAGTG,1,4349509
yadI_predicted,0.17391304347826086,25,22,ATGCCCGTCTTTCGCGGTAA,3,4308452
yadI_predicted,0.08695652173913043,23,22,AGGAGAAGAGGATATGGATT,1,4344509
yadI_predicted,0.08695652173913043,23,22,ACTGGTAGCGCCACGCAAAC,1,4319095
yadI_predicted,0.08695652173913043,23,22,ACGTCGATCATGACAGTTTC,1,4310540
yadI_predicted,0.21739130434782608,26,22,ACCATCCGGGAAATGTCCTC,4,4312167
yadI_predicted,0.30434782608695654,28,22,ACAATAGTGTAACACTTCAG,6,4368617
yadI_predicted,0.08695652173913043,23,22,AATGTTCTCCTCTCTAAACA,1,4285681
yadI_predicted,0.2608695652173913,27,22,AATAGCAACGTAAGAGGAGT,5,4313317
yadI_predicted,0.08695652173913043,23,22,AAGGAACGCTCTCTTACGGG,1,4290286
yadI_predicted,0.08695652173913043,23,22,AACCTTCCAGCCCACGGCCA,1,4343184
yadI_predicted,0.08695652173913043,23,22,AACACTCTGGTTAAATTAAG,1,4347069
yadI_predicted,0.09090909090909091,22,21,TGTTTCATTGCACTCCAATT,1,4314666
yadI_predicted,0.18181818181818182,24,21,TGGTAGAAATGTAGTTTTGA,3,4323322
yadI_predicted,0.3181818181818182,27,21,TGGGAGGGCTCGTAACCTGA,6,4313015
yadI_predicted,0.09090909090909091,22,21,TGGAGTGCCCAGATCCCCAA,1,4315316
yadI_predicted,0.09090909090909091,22,21,TGATTTGGACCTTGGGGGCA,1,4294455
yadI_predicted,0.09090909090909091,22,21,TGAGGTCAGTGCCATGTTGC,1,4312219
yadI_predicted,0.09090909090909091,22,21,TCTTAGCATAATCCGAGGTT,1,4296419
yadI_predicted,0.09090909090909091,22,21,TCGTATCAATTCTCACCGGC,1,4369751
yadI_predicted,0.09090909090909091,22,21,TCATGATGCATTAGCTACCA,1,4312377
yadI_predicted,0.09090909090909091,22,21,TACGTAATGACTCCGTCCCA,1,4367220
yadI_predicted,0.13636363636363635,23,21,TACCCAGGTGATTTAGGACC,2,4341712
yadI_predicted,0.09090909090909091,22,21,TAACCCAACCACGGAGAGGT,1,4301147
yadI_predicted,0.18181818181818182,24,21,TAACAGATACTACCACAGAC,3,4342543
yadI_predicted,0.09090909090909091,22,21,GTTCAGATAAATGGTTAAGA,1,4348321
yadI_predicted,0.13636363636363635,23,21,GTGCGGGAACCAAACTATTT,2,4364450
yadI_predicted,0.13636363636363635,23,21,GTGCGACGGCGGGCAAGGAC,2,4318241
yadI_predicted,0.09090909090909091,22,21,GTATGTCGAATAAGGTTTCT,1,4318210
yadI_predicted,0.2727272727272727,26,21,GTAATTAGTTACAAACAGCA,5,4285283
yadI_predicted,0.45454545454545453,30,21,GCGTACAACTGAGGGTAGAT,9,4320518
yadI_predicted,0.09090909090909091,22,21,GCCCATTTATTGGGAGGGAA,1,4331966
yadI_predicted,0.13636363636363635,23,21,GCCCAGTCTCTGATGAGGTG,2,4300564
yadI_predicted,0.09090909090909091,22,21,GCACCGATGCCTTATACACT,1,4352396
yadI_predicted,0.09090909090909091,22,21,GATCTGCCGAAGCTACAAGT,1,4289094
yadI_predicted,0.13636363636363635,23,21,GAGTCATGCGTCAGAGTGAA,2,4349036
yadI_predicted,0.09090909090909091,22,21,GAAAAGGCGCCTAAAAGTCG,1,4356158
yadI_predicted,0.13636363636363635,23,21,CTCCCGACAGTTAAGACATG,2,4321915
yadI_predicted,0.13636363636363635,23,21,CGGGGAGGATAATTTCATAC,2,4345360
yadI_predicted,0.09090909090909091,22,21,CGATCTCACACTATCACACG,1,4326496
yadI_predicted,0.09090909090909091,22,21,CCGAACGACAGTGGGGGTGG,1,4322685
yadI_predicted,0.09090909090909091,22,21,CCAATCCGACTATCGTTACG,1,4316125
yadI_predicted,0.09090909090909091,22,21,CATGGGTACCCTCGGGTTCG,1,4323875
yadI_predicted,0.36363636363636365,28,21,CATCGTTGACAGCGAGGGAA,7,4332667
yadI_predicted,0.18181818181818182,24,21,CAGGGGTGGGCGAAGGACTG,3,4297637
yadI_predicted,0.09090909090909091,22,21,CACACCGTCAGTCGTACCAA,1,4337468
yadI_predicted,0.09090909090909091,22,21,ATTTGTCTGGTAGAAAGGTT,1,4285505
yadI_predicted,0.09090909090909091,22,21,ATTTAGAGATAAAGACCGGA,1,4294846
yadI_predicted,0.09090909090909091,22,21,ATTTACTACCAAGCCCGCAA,1,4323276
yadI_predicted,0.09090909090909091,22,21,ATTCTTAAGTGGTGACGGCG,1,4287637
yadI_predicted,0.09090909090909091,22,21,ATACGGTGAGGCGGGTGGCT,1,4346700
yadI_predicted,0.18181818181818182,24,21,AGTTGCCCTGACAATCCTGT,3,4367200
yadI_predicted,0.09090909090909091,22,21,AGGCCATTCTGAATCGCGTA,1,4308373
yadI_predicted,0.18181818181818182,24,21,AGCGAGGATCCGCACAGCCA,3,4341455
yadI_predicted,0.22727272727272727,25,21,AGCCTACATAGCATGGGTGT,4,4290589
yadI_predicted,0.36363636363636365,28,21,ACTAAGATTAAGTTTGGTAC,7,4329585
yadI_predicted,0.09090909090909091,22,21,ACGTAAACACGACATTAAAT,1,4305470
yadI_predicted,0.09090909090909091,22,21,ACGACTGCAGGGGAACACGA,1,4316301
yadI_predicted,0.4090909090909091,29,21,ACATCGCTCGTATGGCAAAG,8,4348029
yadI_predicted,0.09090909090909091,22,21,AATCTGTCGCCTAAGCATTG,1,4288435
yadI_predicted,0.09090909090909091,22,21,AAGGCCCGCCTCCATCTTTT,1,4363230
yadI_predicted,0.22727272727272727,25,21,AAGCGCTCACAGGCATGCGA,4,4301633
yadI_predicted,0.09090909090909091,22,21,AAGACCCACCTCGGCCACTC,1,4335693
yadI_predicted,0.2727272727272727,26,21,AAAGCTGTACGAATTGACAT,5,4356000
yadI_predicted,0.09523809523809523,21,20,TTTTGAACTGATACTGAGCA,1,4316109
yadI_predicted,0.23809523809523808,24,20,TTCGCTGGGGTTAGAAGTAA,4,4287536
yadI_predicted,0.09523809523809523,21,20,TTCGCAGGTTTATATGCGGG,1,4308792
yadI_predicted,0.09523809523809523,21,20,TGTGGACCACTGCTCAACAA,1,4290362
yadI_predicted,0.47619047619047616,29,20,TGGAGCGTCGTGATTTGCGC,9,4352509
yadI_predicted,0.09523809523809523,21,20,TGATCCACCGGGCTGGAGAT,1,4326003
yadI_predicted,0.09523809523809523,21,20,TCTCCGCGCAGTAATCTGGT,1,4288181
yadI_predicted,0.5238095238095238,30,20,TCGTTTGGCAAGACACAGAG,10,4349699
yadI_predicted,0.09523809523809523,21,20,TCGCTGCGGACTGTGTTTGT,1,4367496
yadI_predicted,0.23809523809523808,24,20,TCAGGTCTTGGGCACGGGCT,4,4310521
yadI_predicted,0.14285714285714285,22,20,TCAACAATCTCCTTCTTAGA,2,4296086
yadI_predicted,0.2857142857142857,25,20,TATTGCTCTGGCCATGTAGT,5,4348243
yadI_predicted,0.09523809523809523,21,20,TAGCAGGTGTGACCCTCAGG,1,4331618
yadI_predicted,0.23809523809523808,24,20,GTGTAATTGTCAATGCCTTA,4,4331368
yadI_predicted,0.09523809523809523,21,20,GTGGAGTGTCGTTACCATAT,1,4346066
yadI_predicted,0.14285714285714285,22,20,GTCCAGCCGAGACGCTTGCT,2,4306623
yadI_predicted,0.09523809523809523,21,20,GGTGTAATCTAATGAGTGAG,1,4299275
yadI_predicted,0.09523809523809523,21,20,GGCAGATACTCCTTGCACAC,1,4356168
yadI_predicted,0.23809523809523808,24,20,GGAGCCCCGAGATGGGCTGA,4,4306635
yadI_predicted,0.09523809523809523,21,20,GGACGCTTCCTAATTTCTCA,1,4324913
yadI_predicted,0.2857142857142857,25,20,GCTCCGGGCTATCCGACTTT,5,4303519
yadI_predicted,0.09523809523809523,21,20,GCGTCAACTCTGTGTCCGTC,1,4303286
yadI_predicted,0.09523809523809523,21,20,GCCGATCTATGCTAGAATTT,1,4310693
yadI_predicted,0.09523809523809523,21,20,GCCCAGCCGTACCAATATTG,1,4365659
yadI_predicted,0.09523809523809523,21,20,GAGGACGTGGCGCTCAATTT,1,4327669
yadI_predicted,0.09523809523809523,21,20,GAAAGAATAGCCCTACCACG,1,4352228
yadI_predicted,0.2857142857142857,25,20,CTCTAGTTGAGTGGGCATGG,5,4356723
yadI_predicted,0.09523809523809523,21,20,CTCAGTTCGGCATTTCAGAG,1,4358841
yadI_predicted,0.09523809523809523,21,20,CTAGTATGTCGGCAAACCTA,1,4309611
yadI_predicted,0.14285714285714285,22,20,CGTTATTCTGGTCATAGACG,2,4337560
yadI_predicted,0.09523809523809523,21,20,CGGGGTGGCAGACTCACCGT,1,4328125
yadI_predicted,0.09523809523809523,21,20,CGGCAGATTACACCGAGACA,1,4357781
yadI_predicted,0.09523809523809523,21,20,CGGAAAGGACAGTCAATGCA,1,4351204
yadI_predicted,0.09523809523809523,21,20,CGCTTGTAAGTCTGTCGAAC,1,4341680
yadI_predicted,0.09523809523809523,21,20,CGAGTCGCCGCCAATCCCAA,1,4370001
yadI_predicted,0.42857142857142855,28,20,CCGACACAGACAAGCCCCGG,8,4322080
yadI_predicted,0.14285714285714285,22,20,CCCTCCCGCGGGATTAGTTA,2,4334479
yadI_predicted,0.14285714285714285,22,20,CCAGGACGCGTGCTACCTAC,2,4363525
yadI_predicted,0.09523809523809523,21,20,CAGATTTTGCGTCCGGTTAT,1,4309008
yadI_predicted,0.09523809523809523,21,20,CACCGGGTTTTAGAGGGTAG,1,4364968
yadI_predicted,0.09523809523809523,21,20,CAAGTTACACACGGAAACTT,1,4333949
yadI_predicted,0.09523809523809523,21,20,CAAGATATGTGACGCGCGGT,1,4346517
yadI_predicted,0.19047619047619047,23,20,CAAATTTAGTAAACGCGCCT,3,4355787
yadI_predicted,0.5714285714285714,31,20,ATGTCACTTTCCTTACGGAT,11,4286799
yadI_predicted,0.09523809523809523,21,20,ATGGGTTCGATAGGCGCTTG,1,4284945
yadI_predicted,0.09523809523809523,21,20,ATATTCGAGCTTTCAAAAGG,1,4326593
yadI_predicted,0.23809523809523808,24,20,ATATAGGTTCGCGCATAATA,4,4313087
yadI_predicted,0.23809523809523808,24,20,AGTTGTACTCTTGCAGCTTA,4,4298307
yadI_predicted,0.09523809523809523,21,20,AGTTACCTGCGGCCGGCCTT,1,4368753
yadI_predicted,0.09523809523809523,21,20,AGGCGGGCGTCCGTTAGCCT,1,4316306
yadI_predicted,0.09523809523809523,21,20,AGGCACGCTTGGCTATCAAT,1,4353959
yadI_predicted,0.09523809523809523,21,20,AGAATTTTGGTCCGGTCGGC,1,4303295
yadI_predicted,0.09523809523809523,21,20,ACTTAACGACGTAGAGGGTC,1,4294849
yadI_predicted,0.09523809523809523,21,20,ACTGGAGCTCGGCGGGCTTG,1,4318248
yadI_predicted,0.14285714285714285,22,20,ACTCTTGGCAGGGAAGGCCG,2,4327714
yadI_predicted,0.09523809523809523,21,20,ACTCGGAGAATGACGGCTAT,1,4311370
yadI_predicted,0.09523809523809523,21,20,ACTACCCGATCATAAGGCAA,1,4293355
yadI_predicted,0.09523809523809523,21,20,ACGTCTTAGGGCAGGTATCA,1,4302307
yadI_predicted,0.09523809523809523,21,20,AATCGTAGGTCCTTCATGCG,1,4326287
yadI_predicted,0.23809523809523808,24,20,AAGCATAGAGGTCTCGTTAA,4,4319028
yadI_predicted,0.09523809523809523,21,20,AAGCACTTGAATACCTTCCA,1,4318364
yadI_predicted,0.09523809523809523,21,20,AAATTCGTGGGTAGTACCTC,1,4296602
yadI_predicted,0.09523809523809523,21,20,AAAAACGCCGACTGCATTAA,1,4323223
yadI_predicted,0.15,21,19,TTTCTTCACCGTGTTGACCA,2,4299079
yadI_predicted,0.2,22,19,TTTCTAGTCACGATTGAACG,3,4316169
yadI_predicted,0.1,20,19,TTTATACAGCATAACCTTAT,1,4337074
yadI_predicted,0.15,21,19,TTGTAGCGTCCCGTAAATAA,2,4346425
yadI_predicted,0.1,20,19,TTATCTGGTGCTGTCTCCAA,1,4340989
yadI_predicted,0.6,30,19,TGTGCCATCACACTCAATCC,11,4319280
yadI_predicted,0.55,29,19,TGCTGGAAGGGGGACTAGCT,10,4323736
yadI_predicted,0.1,20,19,TGCGAACCTGCGCCGTACCT,1,4357378
yadI_predicted,0.15,21,19,TGCAAGTCCTAGGACGCCCA,2,4324561
yadI_predicted,0.15,21,19,TGAGCAGTAGGGATGCTGAT,2,4310992
yadI_predicted,0.15,21,19,TCTGGTGGTGTAAACGCGAA,2,4304378
yadI_predicted,0.1,20,19,TCTCACGGCGTAGTAAACTC,1,4348293
yadI_predicted,0.6,30,19,TCAAAAGGGTAGGGCTCACC,11,4314492
yadI_predicted,0.1,20,19,TAGAGTGCTGTATTCCATCA,1,4360232
yadI_predicted,0.1,20,19,TACATACGTAGGCTTTCTGC,1,4296466
yadI_predicted,0.35,25,19,GTTCGGCCCGAATGACTGGA,6,4368008
yadI_predicted,0.1,20,19,GTCGTTCGGAATATTGTCCT,1,4359503
yadI_predicted,0.15,21,19,GTCAGCAAAGGCACAAGATT,2,4332626
yadI_predicted,0.1,20,19,GTATTCGTGCGGACGTGATC,1,4342609
yadI_predicted,0.2,22,19,GGTTGATCTGATGTGAGAAA,3,4313998
yadI_predicted,0.1,20,19,GGGAGGACAATGTGTACCCA,1,4302592
yadI_predicted,0.15,21,19,GGGAACCTCAAGACTTAACT,2,4343227
yadI_predicted,0.3,24,19,GGCTTTCGTCCTAGCTAGAA,5,4288433
yadI_predicted,0.1,20,19,GGCCTACAATTGAAATAGAT,1,4331353
yadI_predicted,0.1,20,19,GGAGTTCGTAAGGAAAGCTA,1,4316717
yadI_predicted,0.1,20,19,GGAGCTTCTGTAGTTATCAA,1,4318129
yadI_predicted,0.1,20,19,GGAACGTAAGGCCCCGCGGG,1,4344568
yadI_predicted,214.85,4315,19,GCTACGCTTGGGTCTGCTGT,4296,4350278
yadI_predicted,0.15,21,19,GCTAAATCAGTCGAGCGCAG,2,4358742
yadI_predicted,0.35,25,19,GCCGTGTGCGTCTATGTTCA,6,4346862
yadI_predicted,0.25,23,19,GATATTGAGGTGGTGGATGA,4,4367171
yadI_predicted,0.1,20,19,GATACCAAGCCAGGTGGTAT,1,4325523
yadI_predicted,0.2,22,19,CTTAGCTTACTAATGACGTG,3,4285254
yadI_predicted,0.1,20,19,CTCTGCGAGCTGGTAAGATG,1,4298057
yadI_predicted,0.1,20,19,CGGTGCCTGCACTACGTTTA,1,4335370
yadI_predicted,0.15,21,19,CGGTCTTACCCATCGCGATA,2,4296767
yadI_predicted,0.1,20,19,CGGGAGGTTTACACGTGCTA,1,4313686
yadI_predicted,0.15,21,19,CGGACGGACATCCGCTTTCC,2,4287141
yadI_predicted,0.1,20,19,CGCGCTGCTGTCGCCCGGAC,1,4286659
yadI_predicted,0.1,20,19,CGCGCACTCTATTAGTAATG,1,4323535
yadI_predicted,0.1,20,19,CGCAGGGTAGATAGAGATTG,1,4353408
yadI_predicted,0.1,20,19,CGATGCCCGCTGGTCAGAAA,1,4347493
yadI_predicted,0.35,25,19,CCCCGTGGGCCATTAACCCT,6,4320793
yadI_predicted,0.1,20,19,CAGTTCATCATACTCCGATG,1,4333902
yadI_predicted,0.35,25,19,CAGGTGCAGCGCCGTCTGAT,6,4350164
yadI_predicted,0.1,20,19,CAATACATACTCCTCGCAAT,1,4290665
yadI_predicted,0.1,20,19,CAAACAGATCGCGGTTTCAG,1,4363822
yadI_predicted,0.15,21,19,ATTAACGCAACACGCTTGAT,2,4325839
yadI_predicted,0.65,31,19,ATGCGGCTCAGCGGCAATAT,12,4368456
yadI_predicted,0.4,26,19,ATAGATGCAACACCGGAGCC,7,4365133
yadI_predicted,0.25,23,19,AGGCGCGCGTCGTCAAAGCA,4,4305168
yadI_predicted,0.1,20,19,AGCTTCGGAGCCGGCAAGGA,1,4353234
yadI_predicted,0.1,20,19,AGCTAGCGCCACAGCCTTAG,1,4344726
yadI_predicted,0.2,22,19,AGCCGTCACATCAACATAAT,3,4358787
yadI_predicted,0.25,23,19,AGCCAGTGGGGTTCAGAGCT,4,4294187
yadI_predicted,0.1,20,19,ACTGACCCATTTCCCGGTTA,1,4285248
yadI_predicted,0.15,21,19,ACTCTGCTGGTATGCTATGT,2,4328665
yadI_predicted,0.1,20,19,ACTAGACTTGGAGCGCTTAT,1,4351952
yadI_predicted,0.45,27,19,ACGAGGGTGTCGCTCGGGGA,8,4329791
yadI_predicted,0.1,20,19,ACATCGACACTATTGGGCGT,1,4329698
yadI_predicted,0.1,20,19,AATTGGTAAGAGCCTTCTTA,1,4333906
yadI_predicted,0.1,20,19,AATCTAGCCCATGAGGTCCC,1,4349721
yadI_predicted,0.2,22,19,AAGTGTTATCGTTGTGCTTA,3,4331890
yadI_predicted,0.15,21,19,AACGATCAAACCAGATGGTA,2,4317835
yadI_predicted,0.10526315789473684,19,18,TTTTATCGCGTAGAATACCT,1,4361884
yadI_predicted,0.10526315789473684,19,18,TTTGGTCGTTTGAGTTGTGA,1,4356501
yadI_predicted,0.2631578947368421,22,18,TTTCGCTATCCCGTAGGATT,4,4292854
yadI_predicted,0.2631578947368421,22,18,TTGTGCCCCGGGGACCAATT,4,4290243
yadI_predicted,0.10526315789473684,19,18,TTGTGAGCGGTGCTTGCGAT,1,4284244
yadI_predicted,0.15789473684210525,20,18,TTGTGACTTTTAGACAGAAT,2,4305398
yadI_predicted,0.10526315789473684,19,18,TTGAGGTTGTTGCATCAGGA,1,4305390
yadI_predicted,0.10526315789473684,19,18,TTCCGGTGGGTTCAAATTCA,1,4331414
yadI_predicted,0.10526315789473684,19,18,TTACAGAGATTCATACCACG,1,4325331
yadI_predicted,0.2631578947368421,22,18,TTAACTGCAGGGACATGGCT,4,4312941
yadI_predicted,128.05263157894737,2450,18,TGTTGTCCGATATGTTGAAG,2432,4303447
yadI_predicted,0.10526315789473684,19,18,TGTAGCTTTTAAAGATTGAT,1,4329772
yadI_predicted,0.3684210526315789,24,18,TGGGGTAGCGCGGAACATTG,6,4304519
yadI_predicted,0.10526315789473684,19,18,TGCGCTCGTCCGGACGTCCA,1,4294514
yadI_predicted,0.2631578947368421,22,18,TGCACAAGCAAAACCTCCTA,4,4362133
yadI_predicted,136.78947368421052,2616,18,TGAAGTCGTCATTCAGCCGA,2598,4355848
yadI_predicted,0.21052631578947367,21,18,TCGGTGCCACCAGATTCGTT,3,4334161
yadI_predicted,0.10526315789473684,19,18,TCGGGGACAGTAAGCTCGAT,1,4322852
yadI_predicted,0.10526315789473684,19,18,TAGGGGGGCTGACTCTCTTT,1,4311411
yadI_predicted,0.21052631578947367,21,18,TAACGTCACGCCGTCTGTTC,3,4334099
yadI_predicted,0.15789473684210525,20,18,GTTGGCTGCGATCTATTCCG,2,4306238
yadI_predicted,0.10526315789473684,19,18,GTGTGGCAGTTGCGGATCAG,1,4304092
yadI_predicted,0.5789473684210527,28,18,GTCCGGGTCCAAATTCGCTC,10,4349359
yadI_predicted,0.10526315789473684,19,18,GTACACCCGTGTATTCGCGC,1,4360635
yadI_predicted,8.947368421052632,187,18,GGTTGCAAAGAATGTGGTAA,169,4341185
yadI_predicted,0.10526315789473684,19,18,GGTACCTTCGAAGGCGCGCA,1,4304052
yadI_predicted,0.10526315789473684,19,18,GGATATCAACAGAGGGGATT,1,4367201
yadI_predicted,0.10526315789473684,19,18,GGACGATACGTACCATGATC,1,4342807
yadI_predicted,0.3157894736842105,23,18,GGAATCTGCTTCGTGCGTGA,5,4345615
yadI_predicted,0.15789473684210525,20,18,GGAAAACGTGGGATTGGATA,2,4343547
yadI_predicted,0.15789473684210525,20,18,GGAAAAAAACTTAACAGTCA,2,4297267
yadI_predicted,0.10526315789473684,19,18,GCTTCAGAGCTCCCAGTCAA,1,4341674
yadI_predicted,0.10526315789473684,19,18,GCGTGGGAAAACTAGGGAGG,1,4298697
yadI_predicted,0.15789473684210525,20,18,GCGTAAGCGTAATGAGTAAC,2,4355071
yadI_predicted,0.10526315789473684,19,18,GCGGAGGTGCCGGGGACGAG,1,4340563
yadI_predicted,0.10526315789473684,19,18,GCGCTCTTCGCAAGACCCTG,1,4305974
yadI_predicted,0.47368421052631576,26,18,GCGCAACTCGCACAGAACCT,8,4337375
yadI_predicted,0.10526315789473684,19,18,GCCAAGAGAGCCGAGGCTAT,1,4291741
yadI_predicted,0.15789473684210525,20,18,GCATGCTACGCGAAATTGAC,2,4319527
yadI_predicted,0.15789473684210525,20,18,GAGTGTTTCACTTGGGTTGG,2,4321897
yadI_predicted,0.15789473684210525,20,18,GAGCTTCCAAACTACTGACT,2,4355236
yadI_predicted,0.10526315789473684,19,18,GAGCTCGTCCTTGGGAGTAT,1,4317413
yadI_predicted,0.21052631578947367,21,18,GAATGAGCTGAAATTTCTCT,3,4331304
yadI_predicted,0.10526315789473684,19,18,GAACGGGATCGAGATACGTA,1,4364914
yadI_predicted,0.2631578947368421,22,18,GAACAGGCCAACGGGCGATC,4,4319129
yadI_predicted,0.10526315789473684,19,18,CTGCTTCTTTCATCCACTGT,1,4350507
yadI_predicted,0.10526315789473684,19,18,CTCTCGAGCCTTTGTCTCTC,1,4302903
yadI_predicted,0.21052631578947367,21,18,CTCGAAATCTCTAGATCAGT,3,4293565
yadI_predicted,0.10526315789473684,19,18,CTATGTTAACAGTGCTCGAA,1,4301142
yadI_predicted,0.15789473684210525,20,18,CTAGCAACGAGCCTTGAATA,2,4309135
yadI_predicted,0.3684210526315789,24,18,CTAATCCGGCGGTTTCCGAG,6,4317733
yadI_predicted,0.3157894736842105,23,18,CGGGGAGGGTCTTGGTTATC,5,4366080
yadI_predicted,0.10526315789473684,19,18,CGGATTTAAAACATCGTCGG,1,4302953
yadI_predicted,0.3684210526315789,24,18,CGGAATGGTTATCTTATTAA,6,4298722
yadI_predicted,0.10526315789473684,19,18,CGCGATCCCAATCGGAATTA,1,4329309
yadI_predicted,0.3157894736842105,23,18,CGCCTAGGGCTCATTTATGG,5,4329429
yadI_predicted,1.6842105263157894,49,18,CCGGGGGTCGTTCAAGGGCT,31,4364912
yadI_predicted,0.10526315789473684,19,18,CCGGCATCGGGCCTACTTAT,1,4347915
yadI_predicted,0.2631578947368421,22,18,CCGATATCTACGTCGCGCGG,4,4369871
yadI_predicted,0.2631578947368421,22,18,CACTGAGTGGACCCGATAGA,4,4344217
yadI_predicted,0.15789473684210525,20,18,CACCTGTACGCAGCCAGCAT,2,4293660
yadI_predicted,0.10526315789473684,19,18,CAAACAAATGTAATTTCTTT,1,4365007
yadI_predicted,0.10526315789473684,19,18,AGTTGAGCCTTTATGTTCGT,1,4294048
yadI_predicted,0.10526315789473684,19,18,AGGCCTCGAATAACGAAGAG,1,4347579
yadI_predicted,0.10526315789473684,19,18,ACCTAATGGATTCGCATACT,1,4364801
yadI_predicted,0.10526315789473684,19,18,ACATCTAGAGCAAATCCCAT,1,4318192
yadI_predicted,0.3157894736842105,23,18,ACAGCATAGCACGGGTTCGT,5,4360583
yadI_predicted,0.10526315789473684,19,18,AATGACCTATTACCGTCTAT,1,4338336
yadI_predicted,0.15789473684210525,20,18,AATATAACCCCTGTGGAATG,2,4307866
yadI_predicted,0.10526315789473684,19,18,AACAACGATGGAGAAGTGAG,1,4326225
yadI_predicted,0.10526315789473684,19,18,AAAGCTGAAGTCAAGCAGAT,1,4291754
yadI_predicted,0.2631578947368421,22,18,AAACTGGGCACCATTTATAC,4,4291143
yadI_predicted,0.1111111111111111,18,17,TTTAAATTCTGGACGCAGGT,1,4312474
yadI_predicted,0.1111111111111111,18,17,TTGTTTAGCGGCCTCGCGTT,1,4319639
yadI_predicted,0.5555555555555556,26,17,TTGGTTGGCCCACATAGAAT,9,4286181
yadI_predicted,0.1111111111111111,18,17,TTGATAATCAACGAAGCGAT,1,4295161
yadI_predicted,0.1111111111111111,18,17,TTGACTAGCCCGGTTCAACA,1,4348346
yadI_predicted,0.2777777777777778,21,17,TTCGACTGAACAGTCAACGC,4,4331351
yadI_predicted,0.1111111111111111,18,17,TTACACTGACGAGGTACTGT,1,4366205
yadI_predicted,0.1111111111111111,18,17,TTACACACTAGCTTTACGAC,1,4300536
yadI_predicted,0.1111111111111111,18,17,TTAACCCTACCCCTTTGGAT,1,4308938
yadI_predicted,0.16666666666666666,19,17,TGTTTCTCTCACAGGAAGGT,2,4310256
yadI_predicted,0.1111111111111111,18,17,TGTCCTTCTGCTCTTTTGAC,1,4325738
yadI_predicted,0.1111111111111111,18,17,TGTACCTCACTTAGCACCGA,1,4345243
yadI_predicted,0.2222222222222222,20,17,TGTAAGTCAAATTCGTTCTC,3,4306921
yadI_predicted,0.1111111111111111,18,17,TGCCCCTCGTGTCCCCCGCT,1,4318381
yadI_predicted,0.1111111111111111,18,17,TGCAGCGGCCTCTAAATAGT,1,4302410
yadI_predicted,0.1111111111111111,18,17,TCCTACTCCCATATGCTTTT,1,4300515
yadI_predicted,0.2777777777777778,21,17,TCAGGGCCGTACAGGCCAAT,4,4292572
yadI_predicted,0.16666666666666666,19,17,TATGTGAGTGTGTGAAGTGA,2,4308913
yadI_predicted,0.1111111111111111,18,17,TAGCTACAGAATCACGTTAT,1,4286664
yadI_predicted,0.1111111111111111,18,17,TAAGATGATTAGTTGAATTG,1,4305508
yadI_predicted,0.1111111111111111,18,17,GTGCGCACGGGATGAAGGGT,1,4325863
yadI_predicted,0.3333333333333333,22,17,GTGACTGAGACAGCTCCTAC,5,4348430
yadI_predicted,0.1111111111111111,18,17,GTCAGTATAGCCTATGTCGT,1,4338949
yadI_predicted,0.2777777777777778,21,17,GTCAATAGCGCACCCAGACT,4,4288151
yadI_predicted,0.1111111111111111,18,17,GTAGAGTGGGTCCTCGCTAA,1,4356064
yadI_predicted,0.1111111111111111,18,17,GTACTATCTGGCGTTCTACT,1,4354078
yadI_predicted,0.1111111111111111,18,17,GGAAATTGGTGCGAAAGGAA,1,4336167
yadI_predicted,0.2777777777777778,21,17,GCGGGGATCGACGTGATTTA,4,4335537
yadI_predicted,0.1111111111111111,18,17,GCCGAGCAGCAAGCTCGCTA,1,4314818
yadI_predicted,0.1111111111111111,18,17,GCAGGAAGAAATGGATATAC,1,4365880
yadI_predicted,0.1111111111111111,18,17,GATAACTGATGACTCGGATA,1,4318595
yadI_predicted,0.1111111111111111,18,17,GACGGGGCTACATGGTGGAC,1,4309363
yadI_predicted,0.7222222222222222,29,17,CTGCGTGTTGGGACATTCAA,12,4334528
yadI_predicted,0.2777777777777778,21,17,CTGAACGACGCGAGACTAAA,4,4307941
yadI_predicted,0.1111111111111111,18,17,CTCTTAAGTTTTGAATAGAT,1,4367154
yadI_predicted,0.1111111111111111,18,17,CGTCAGGGATAAATATAGTG,1,4311812
yadI_predicted,0.1111111111111111,18,17,CGTCAAGCGCGCAAATTCTT,1,4341192
yadI_predicted,0.1111111111111111,18,17,CGTAGTCACCTCATGATCAC,1,4285582
yadI_predicted,0.1111111111111111,18,17,CGGTGTGCCGGCTCGGGAAT,1,4318571
yadI_predicted,0.3888888888888889,23,17,CGGCGTGCATGCATACCGAT,6,4311416
yadI_predicted,0.1111111111111111,18,17,CGGAGCTTCAAGCCACTCGT,1,4353829
yadI_predicted,0.1111111111111111,18,17,CGATCCGATCGTTTTGATCA,1,4309161
yadI_predicted,0.2777777777777778,21,17,CGAACCGCGTAATTGATGGA,4,4316810
yadI_predicted,102.38888888888889,1859,17,CCTGGATCTCTGACTACTCG,1842,4331006
yadI_predicted,0.1111111111111111,18,17,CCTATCATATCAAGGATTAT,1,4299483
yadI_predicted,0.2777777777777778,21,17,CCATAGTTAATCGCACGGAT,4,4285452
yadI_predicted,0.1111111111111111,18,17,CATCGCCGGCTTTGAATCGT,1,4342727
yadI_predicted,0.1111111111111111,18,17,ATGTAGTGAAGGTGGTCCTT,1,4310659
yadI_predicted,0.1111111111111111,18,17,ATGGGCGTGACACATAACTG,1,4339200
yadI_predicted,0.16666666666666666,19,17,ATCCAGTAATTAGGTGCGGA,2,4359818
yadI_predicted,0.1111111111111111,18,17,AGTGGCGCGTAGCTAGTACA,1,4299352
yadI_predicted,0.1111111111111111,18,17,AGGTACTTGCAATAAAAAGA,1,4347942
yadI_predicted,0.16666666666666666,19,17,AGCTATTCCTCTCATCTTAC,2,4316801
yadI_predicted,0.1111111111111111,18,17,ACCCTTTTTTTGTTCATGAC,1,4345124
yadI_predicted,0.1111111111111111,18,17,ACAGGCAGCGTGAACTACGC,1,4325647
yadI_predicted,0.1111111111111111,18,17,AAGCGTCAATGTGATATCAC,1,4337991
yadI_predicted,0.11764705882352941,17,16,TTGGAAGAATGCGGCACCAC,1,4327381
yadI_predicted,0.11764705882352941,17,16,TTAGCTGGACAATCTACTGA,1,4313417
yadI_predicted,0.11764705882352941,17,16,TGTTCATTGCCATATCCTCC,1,4347650
yadI_predicted,0.11764705882352941,17,16,TGTGCCAAGGCGCGGATTTT,1,4344325
yadI_predicted,0.11764705882352941,17,16,TGGTGTTACACGAAGCCGGG,1,4324229
yadI_predicted,0.11764705882352941,17,16,TCTGACCTAGTTTTAAGGCC,1,4328590
yadI_predicted,0.11764705882352941,17,16,TCGTTCGCAGAACAGGGTGA,1,4367858
yadI_predicted,0.11764705882352941,17,16,TCGCTCAGAGGTTACCTGTG,1,4339681
yadI_predicted,0.11764705882352941,17,16,TCCTGAGCATGCCAAGCAGG,1,4309855
yadI_predicted,0.17647058823529413,18,16,TCAGCTTCCTGATGTCGTAA,2,4289178
yadI_predicted,0.11764705882352941,17,16,TATGTAGGTTAGGCGCGTGA,1,4318704
yadI_predicted,0.11764705882352941,17,16,TATATAAAGTACAGTATTGT,1,4340882
yadI_predicted,0.11764705882352941,17,16,TAGATGCGCCCGAAACATAG,1,4300762
yadI_predicted,0.11764705882352941,17,16,TACGCACCAGTGTCTGTACA,1,4351890
yadI_predicted,0.47058823529411764,23,16,TAATGTGAGAAAAGACTTCA,7,4367117
yadI_predicted,0.11764705882352941,17,16,GTTCAGCGGTCACCCACCCC,1,4311408
yadI_predicted,0.11764705882352941,17,16,GTGCCAGCCTAGTCGGGTTT,1,4335213
yadI_predicted,0.29411764705882354,20,16,GTCTTGTTTGGACGCACCCT,4,4332893
yadI_predicted,0.11764705882352941,17,16,GTCTTAGGGCCGTATGTTCT,1,4322928
yadI_predicted,0.29411764705882354,20,16,GTCCGAGCTGCCCGCGTGGA,4,4297128
yadI_predicted,0.11764705882352941,17,16,GTCACCATTAGTGGTCCGAG,1,4332720
yadI_predicted,0.11764705882352941,17,16,GGCATATACGATCGGGGCGT,1,4312821
yadI_predicted,0.11764705882352941,17,16,GGACCGGTAGGTGGCCGTTT,1,4322494
yadI_predicted,0.17647058823529413,18,16,GCGCTCGGCCTCACAAAAGG,2,4339643
yadI_predicted,0.11764705882352941,17,16,GCCTACCCAATGTGGTCCTT,1,4284335
yadI_predicted,0.17647058823529413,18,16,GCAGGGAACTCGTTACGGAT,2,4343090
yadI_predicted,0.11764705882352941,17,16,CTACTACGGGCGGTACACAC,1,4368233
yadI_predicted,0.11764705882352941,17,16,CGTAGATTATTCTAATCGAT,1,4310749
yadI_predicted,0.11764705882352941,17,16,CGGCTCCCTAGTTATTGATA,1,4290404
yadI_predicted,0.11764705882352941,17,16,CGGCGGATATTGGGGTCCAG,1,4357403
yadI_predicted,0.11764705882352941,17,16,CGGCGATTCTAAGTAACACT,1,4334523
yadI_predicted,0.11764705882352941,17,16,CGCGGCGGTTTTCAAGGGCT,1,4329436
yadI_predicted,0.11764705882352941,17,16,CCTGGTCGGGACGGCTAATC,1,4369884
yadI_predicted,0.11764705882352941,17,16,CCTCACGGAACATATATTTG,1,4284355
yadI_predicted,0.11764705882352941,17,16,CCGGCCAACAGAGCGATACA,1,4347382
yadI_predicted,0.11764705882352941,17,16,CCGAGTTTCCTATCACACGT,1,4352939
yadI_predicted,0.11764705882352941,17,16,CCGACATATGCTCATTGGAG,1,4369460
yadI_predicted,0.11764705882352941,17,16,CCCCGGGAAGGCCAGTAGGA,1,4317805
yadI_predicted,0.11764705882352941,17,16,CCCATAGCGGCATCATCGCC,1,4290305
yadI_predicted,0.17647058823529413,18,16,CCCACTCGCGCAGTCTGAAG,2,4347838
yadI_predicted,0.11764705882352941,17,16,CCAGGGCCGAGAGGTCCGTT,1,4302450
yadI_predicted,0.17647058823529413,18,16,CCACAGGCCGTCCTGTGACG,2,4287643
yadI_predicted,0.17647058823529413,18,16,CATTGCTGTACCATCTTTTG,2,4351957
yadI_predicted,0.11764705882352941,17,16,CATTCACCGGGAAATCAAGA,1,4358866
yadI_predicted,0.23529411764705882,19,16,CAGCCTCCGTATATCGGAAC,3,4287283
yadI_predicted,0.11764705882352941,17,16,CACTTAAGAGAACAAAACTA,1,4352638
yadI_predicted,0.23529411764705882,19,16,ATTTGAGCGCACTTATGAGA,3,4358971
yadI_predicted,0.29411764705882354,20,16,ATTTATTGGGGGCAATTGCC,4,4326765
yadI_predicted,0.11764705882352941,17,16,ATTGAGCATACAACTTTCTA,1,4300876
yadI_predicted,0.11764705882352941,17,16,ATGTATTACCACCTCGCCAT,1,4297640
yadI_predicted,0.11764705882352941,17,16,ATGGGGTCGAGGTATCTTGC,1,4357282
yadI_predicted,0.17647058823529413,18,16,ATGCGTGAAACGTTTTAATA,2,4358944
yadI_predicted,0.11764705882352941,17,16,ATCCATCTCCTTAGCATCGT,1,4303097
yadI_predicted,0.11764705882352941,17,16,AGTCGGAGGAGGCCAGGTGT,1,4325627
yadI_predicted,0.11764705882352941,17,16,AGGGTTCAGGGGACGACTGG,1,4340200
yadI_predicted,0.11764705882352941,17,16,AGGCTAAGGTGTAATGCGAC,1,4332654
yadI_predicted,0.11764705882352941,17,16,AGGCCTGTGCACAGTGACAC,1,4301868
yadI_predicted,0.11764705882352941,17,16,AGACGCCGGGAACCCCGTGC,1,4324395
yadI_predicted,0.23529411764705882,19,16,AGAAATTTTGTGAAAACAAA,3,4347843
yadI_predicted,0.23529411764705882,19,16,AGAAAGCCCCCCTTGAGACG,3,4309151
yadI_predicted,0.5882352941176471,25,16,ACTCAACCCTCAGACTACAT,9,4287944
yadI_predicted,0.11764705882352941,17,16,ACGGCTGACAGGGGAGTAAG,1,4362623
yadI_predicted,0.11764705882352941,17,16,ACCCGTATGGCTACCGCCTT,1,4322762
yadI_predicted,0.35294117647058826,21,16,ACCCGACAAAAGCGCCAAAC,5,4344597
yadI_predicted,0.11764705882352941,17,16,AATAAGTCCGTTTTATGCAG,1,4290981
yadI_predicted,0.11764705882352941,17,16,AAGGACTTGAAACTCGGCTC,1,4306405
yadI_predicted,0.3125,19,15,TTTGGGTCGTTCGTACTCTC,4,4343948
yadI_predicted,0.5,22,15,TTTCGTTAGATGCGACTCTA,7,4314280
yadI_predicted,0.125,16,15,TTCTTTATAACTGTCCGGCA,1,4307437
yadI_predicted,0.125,16,15,TTCTCTGCTATTGACCTAAC,1,4332872
yadI_predicted,0.125,16,15,TGTTTCGATTTATCATTCCT,1,4296403
yadI_predicted,0.125,16,15,TGGGGCGATAGCCCTTGAGA,1,4340315
yadI_predicted,0.3125,19,15,TGACTACGGCGCGCCTACAA,4,4305699
yadI_predicted,0.5,22,15,TCCCGGAGCGATTAGATTGT,7,4341143
yadI_predicted,0.25,18,15,TATGAAGGGATGTGACCACG,3,4366893
yadI_predicted,0.375,20,15,TATATTTGATTAACTACTAA,5,4286869
yadI_predicted,0.25,18,15,TACGGTCAACATGTGGGTCA,3,4287947
yadI_predicted,0.25,18,15,TACCGCGTAGACATTAATAT,3,4328993
yadI_predicted,0.125,16,15,TACATTGTGTTACGAATTTA,1,4284714
yadI_predicted,0.375,20,15,GTTCGTCACACGGGAACCTT,5,4362425
yadI_predicted,0.125,16,15,GTTACGTGTTAGGTGCCCGT,1,4343156
yadI_predicted,0.125,16,15,GTTAAATAGGACATTGAAAT,1,4318863
yadI_predicted,0.125,16,15,GTGTTAGGCAATAGATGTCG,1,4332135
yadI_predicted,166.1875,2673,15,GTGGGGACATGTAACTTCTT,2658,4355715
yadI_predicted,0.1875,17,15,GTCATGAGCTCTTCAGTGAG,2,4302993
yadI_predicted,0.125,16,15,GTATCCAGCCCGGGTTTGGT,1,4368144
yadI_predicted,0.3125,19,15,GTACAAAATGGGTAGGTTCG,4,4357836
yadI_predicted,0.1875,17,15,GGTTGGACTGTTGTCCCGGA,2,4337603
yadI_predicted,0.125,16,15,GGGAGGTAGTACGCCTACGG,1,4369917
yadI_predicted,0.1875,17,15,GGCCCCACGGCTCTCAGTGG,2,4338507
yadI_predicted,0.125,16,15,GGAATCCTCTACGCAGTTCG,1,4310014
yadI_predicted,0.125,16,15,GCGTTTTCCCTAGAAAAAAT,1,4359439
yadI_predicted,0.125,16,15,GCCGTCTCAATCTTTCAGGT,1,4345224
yadI_predicted,0.125,16,15,GCATCGTAACTTGACCATGA,1,4362551
yadI_predicted,174.1875,2801,15,GCAGGTGGCACGGTCTAGTA,2786,4347836
yadI_predicted,156.5,2518,15,GATTTCGATCCATTTTGTGG,2503,4353655
yadI_predicted,0.25,18,15,GAAGCGAAGGCAGTCGAAAG,3,4310518
yadI_predicted,0.125,16,15,CTTGTCTAGTGCGCGTATCA,1,4311649
yadI_predicted,0.6875,25,15,CTTCTGGCCCTTTATACTCC,10,4342956
yadI_predicted,0.125,16,15,CTTCATTAGAGGCCGTTTCC,1,4285447
yadI_predicted,0.25,18,15,CTGGGGCCGTTTATCCGGAG,3,4330514
yadI_predicted,0.125,16,15,CTCTTAAATTGACCTCACTA,1,4285189
yadI_predicted,0.25,18,15,CTCAAACCAGTATGTAAGTT,3,4334085
yadI_predicted,0.125,16,15,CTACTGAAAAAAATCACGGT,1,4352651
yadI_predicted,0.125,16,15,CGTCCCGTAAGCGGTGGCGC,1,4299470
yadI_predicted,0.125,16,15,CGGCTCTTATGTCAGCTAAC,1,4364658
yadI_predicted,0.125,16,15,CGCCGAGGTGCGAGTTAGGC,1,4322637
yadI_predicted,0.125,16,15,CGATCAGAACGCCCCGCTCA,1,4337249
yadI_predicted,0.25,18,15,CGATAGAGACCGGCCTATCA,3,4348719
yadI_predicted,0.125,16,15,CGAGTGCTGCGCTCTACGCT,1,4344414
yadI_predicted,0.125,16,15,CGACCCTCGGTCCTAGTCTA,1,4308132
yadI_predicted,0.125,16,15,CCTTGCAAGCGTTACCCTAC,1,4322767
yadI_predicted,0.125,16,15,CCTACGATGGCACGTCTCAC,1,4325328
yadI_predicted,0.125,16,15,CCGTGCCTCCAAGTTCGTTG,1,4338500
yadI_predicted,0.125,16,15,CCCCGCACCATAAAGCCCCA,1,4367899
yadI_predicted,0.125,16,15,CATTTTTTGTTGATTACAGG,1,4304223
yadI_predicted,0.25,18,15,CATCGTGCTACCCGCTTCAT,3,4326301
yadI_predicted,0.125,16,15,CAATGGACTTAGAGCGGTTA,1,4348377
yadI_predicted,0.125,16,15,CAACCGTCGGGTACTGTACT,1,4285036
yadI_predicted,0.25,18,15,CAAACGCGACTTGACCGTAT,3,4354993
yadI_predicted,0.125,16,15,CAAACATAAGAGCTTCCACT,1,4354514
yadI_predicted,0.1875,17,15,ATTGTTTGGAGCAGGCATTG,2,4333865
yadI_predicted,0.125,16,15,ATTGAGAGCCGGGAGTAGGT,1,4312329
yadI_predicted,0.125,16,15,ATGCCCACGAAGGCTTCTAA,1,4363119
yadI_predicted,0.125,16,15,ATCTCTCATTCGCCAGGATT,1,4293905
yadI_predicted,0.125,16,15,ATCCGTGTGAAAGAGACGGA,1,4309423
yadI_predicted,0.25,18,15,ATCATTCACTCACAATGTCA,3,4314356
yadI_predicted,0.125,16,15,ATATCGCACGGTTACGATTG,1,4345333
yadI_predicted,0.3125,19,15,ATACGCACCTACGTCGGGTG,4,4306006
yadI_predicted,0.125,16,15,AGGCGAGACTGATTGGGCAG,1,4297269
yadI_predicted,0.25,18,15,AGGCCCCGTAGTGTAGCCGC,3,4309430
yadI_predicted,0.125,16,15,AGCGCCCTAGAGCCTGAGTG,1,4351401
yadI_predicted,0.125,16,15,ACTGTCAGAGAACTGTGGCA,1,4285786
yadI_predicted,0.125,16,15,ACGATTATGTTAGCACACTG,1,4339886
yadI_predicted,0.125,16,15,ACCAACACGTCGGTATTCCA,1,4369857
yadI_predicted,0.125,16,15,ACAATGAACTGGAAACGCTT,1,4364808
yadI_predicted,0.125,16,15,ACAACGTCAGTCACCGACTG,1,4304388
yadI_predicted,0.1875,17,15,AATCGGGTGCAGAAAGAAAG,2,4344812
yadI_predicted,0.1875,17,15,AAGGTAGAGCCTACTCCGAG,2,4286240
yadI_predicted,0.1875,17,15,AAGATGGGCCGCTTGGCTCG,2,4356828
yadI_predicted,0.125,16,15,AAATAGCTTATGTGCGGTTT,1,4302398
yadI_predicted,0.625,24,15,AAAATTAAGCAGAGCGGTAT,9,4354446
yadI_predicted,0.3125,19,15,AAAATCACGAGCTGCGCGGG,4,4330617
yadI_predicted,0.3333333333333333,18,14,TTGGCAGGGATGCCGGCCAG,4,4312846
yadI_predicted,0.3333333333333333,18,14,TTGCTCGTACGATACAGACA,4,4293387
yadI_predicted,0.13333333333333333,15,14,TTGACGGCTGCTTTAACCCT,1,4314879
yadI_predicted,0.13333333333333333,15,14,TTCTATCGTTCATGTCGCTT,1,4301477
yadI_predicted,0.13333333333333333,15,14,TTCCTCGTTTTCACAGGAGG,1,4346324
yadI_predicted,0.26666666666666666,17,14,TTCCATGATAGTACTGCCTA,3,4359755
yadI_predicted,0.13333333333333333,15,14,TTAGCCAATCCTATAGCCGA,1,4290915
yadI_predicted,0.13333333333333333,15,14,TGTTCCCCAAGCGTGACTTG,1,4363676
yadI_predicted,0.13333333333333333,15,14,TGTGATAAACGTGTAATAAA,1,4286511
yadI_predicted,0.13333333333333333,15,14,TGGCCTGCTGGTCAATCCTT,1,4320958
yadI_predicted,0.26666666666666666,17,14,TGACAACTTTATTGAGACAT,3,4294791
yadI_predicted,0.13333333333333333,15,14,TGAAGGGCCATGCATGTGTA,1,4307376
yadI_predicted,0.13333333333333333,15,14,TCGATGGTTCCACAATTAGT,1,4309995
yadI_predicted,0.13333333333333333,15,14,TCACGTAACATTAATTGGGT,1,4335147
yadI_predicted,0.13333333333333333,15,14,TAGGATATATCCCCGAAAGG,1,4286596
yadI_predicted,0.13333333333333333,15,14,TAAGAGAAGAAGTCGGTCTA,1,4319588
yadI_predicted,0.13333333333333333,15,14,GTTTCCTCTATGCACGATGC,1,4340690
yadI_predicted,0.13333333333333333,15,14,GTTTCCTAGGGCTGCAGAGT,1,4285244
yadI_predicted,0.13333333333333333,15,14,GTCAGAATGCGCGAAAGATA,1,4334159
yadI_predicted,0.13333333333333333,15,14,GTATTCACATCTGTAATCCA,1,4291477
yadI_predicted,155.33333333333334,2343,14,GGGACACAAGGATGATACGC,2329,4288615
yadI_predicted,0.13333333333333333,15,14,GCTTGTTCGAGGTCTCACGA,1,4317291
yadI_predicted,0.13333333333333333,15,14,GCTTATATTACTTCTCAGTC,1,4349341
yadI_predicted,0.3333333333333333,18,14,GCTCAGATCAATATATACAT,4,4297268
yadI_predicted,176.06666666666666,2654,14,GCGGGGGAACCAACTTCTGC,2640,4335429
yadI_predicted,0.13333333333333333,15,14,GCGGGCGTGTCCTACCTCTT,1,4307961
yadI_predicted,0.5333333333333333,21,14,GCCTGTAGAGCTTTTGTGAC,7,4294503
yadI_predicted,0.13333333333333333,15,14,GCCCGTACGCCTACCTCTTC,1,4305782
yadI_predicted,0.13333333333333333,15,14,GCCATGTGACCCACTGGAGA,1,4355072
yadI_predicted,0.2,16,14,GCATCGGAATCACCAAATGG,2,4312025
yadI_predicted,0.6,22,14,GCAGTTATTCATCCGATATA,8,4326589
yadI_predicted,0.13333333333333333,15,14,GCAGACTTCACAGCCAAGTT,1,4325864
yadI_predicted,0.26666666666666666,17,14,GATCGGAGACATCGGAACGT,3,4301803
yadI_predicted,0.13333333333333333,15,14,GAGATCCATGGGTGCCCCTC,1,4329470
yadI_predicted,0.13333333333333333,15,14,GAGAGCCCACGTGGGGACCA,1,4366611
yadI_predicted,0.13333333333333333,15,14,GAAGAGGCATGCAACGACAT,1,4350702
yadI_predicted,0.26666666666666666,17,14,CTTTAATGTCAACCGTACTG,3,4351171
yadI_predicted,0.13333333333333333,15,14,CTTCGGTGTCTCTGCATATG,1,4288577
yadI_predicted,0.13333333333333333,15,14,CTCGAGGTCGGATGTCCTTA,1,4287895
yadI_predicted,0.13333333333333333,15,14,CTCACCATCTTTGTTTAAAT,1,4287489
yadI_predicted,0.13333333333333333,15,14,CGTGCATACTTCTATGCCCT,1,4327731
yadI_predicted,0.13333333333333333,15,14,CGTCAGATGCCAATCATTCG,1,4335684
yadI_predicted,0.13333333333333333,15,14,CGTCACATGAGCAAATTTGG,1,4315265
yadI_predicted,0.13333333333333333,15,14,CGGTTCATCCAAGTATTTAG,1,4336523
yadI_predicted,0.13333333333333333,15,14,CGAGGCGAACTTCGAAGGAC,1,4327735
yadI_predicted,165.8,2500,14,CGACTAATCACACGGCGTTC,2486,4356963
yadI_predicted,0.2,16,14,CCTTCGGTGGACGAAATTTT,2,4328128
yadI_predicted,0.13333333333333333,15,14,CCTCCGCTCTCAGCCGTTGT,1,4323825
yadI_predicted,0.6666666666666666,23,14,CCGTTGTGCTATGGTCCTTG,9,4328835
yadI_predicted,0.13333333333333333,15,14,CCCGAGTCGTTACCGCACAC,1,4288492
yadI_predicted,0.13333333333333333,15,14,CCCAGTAAGTAGTGCTCGGT,1,4345778
yadI_predicted,0.13333333333333333,15,14,CCAGATTCGCTCCGCCAATG,1,4303611
yadI_predicted,0.2,16,14,CCAATGTGTAGCTGAGCCTT,2,4293379
yadI_predicted,0.13333333333333333,15,14,CACTTCGAACCTGGCACGAC,1,4348751
yadI_predicted,0.13333333333333333,15,14,CACAGAGTATTCAATTCGCC,1,4316160
yadI_predicted,0.3333333333333333,18,14,CACAATCAGATTCCCCGGAT,4,4335837
yadI_predicted,0.13333333333333333,15,14,ATTAGGCGCTTTGTGATCCC,1,4328629
yadI_predicted,0.13333333333333333,15,14,ATTAAGGCGCTAACTCGTAG,1,4354616
yadI_predicted,0.13333333333333333,15,14,ATGCCGAGCTGTGCCAATTC,1,4369112
yadI_predicted,0.26666666666666666,17,14,ATCCTCAGAGTTAAATCCAA,3,4356455
yadI_predicted,0.13333333333333333,15,14,AGTTCCGTTATGACAGTAGT,1,4317901
yadI_predicted,0.13333333333333333,15,14,AGTGCGTCCCGTCTGGGTCA,1,4345832
yadI_predicted,0.13333333333333333,15,14,AGTCTGACCTAATATACTTA,1,4352081
yadI_predicted,0.26666666666666666,17,14,AGGCGCTGTTTAGGCCATGT,3,4303221
yadI_predicted,168.26666666666668,2537,14,AGCATTCAATAGATTTCGTT,2523,4370086
yadI_predicted,0.2,16,14,AGACCGTCGGGGCCAGAGGA,2,4302673
yadI_predicted,0.13333333333333333,15,14,AGACAGCAGTTAGTACCGCA,1,4319871
yadI_predicted,0.4666666666666667,20,14,ACTACAGCACCAATGTTTGG,6,4360546
yadI_predicted,0.13333333333333333,15,14,ACCTGATGCGCTCCGAACTC,1,4348830
yadI_predicted,0.13333333333333333,15,14,ACATCGTCCGGGTCCCTGAT,1,4344438
yadI_predicted,0.2,16,14,ACAGGGATGTTTAGATTCAT,2,4302457
yadI_predicted,0.13333333333333333,15,14,ACAAGTCAGGTTACACCAAC,1,4293179
yadI_predicted,0.26666666666666666,17,14,AATTCGGAGTTTGCACACAG,3,4285565
yadI_predicted,0.13333333333333333,15,14,AATAGCGCAACGTTCGCGAG,1,4316735
yadI_predicted,0.14285714285714285,14,13,TTGACGTATTTGTTCTTCAT,1,4355421
yadI_predicted,0.14285714285714285,14,13,TTCTTTTATCGTACCGTATA,1,4298187
yadI_predicted,178.28571428571428,2508,13,TTACATATGTGTTCACTGTT,2495,4358344
yadI_predicted,0.2857142857142857,16,13,TGTTCACTCGCATTCCCTGG,3,4311410
yadI_predicted,0.14285714285714285,14,13,TGGGTCCATTTATAAGAGCC,1,4358309
yadI_predicted,0.35714285714285715,17,13,TGGGAGTCCCCGGGTAAACG,4,4338120
yadI_predicted,0.21428571428571427,15,13,TGGCGGAATGAAGTTCCGAT,2,4342168
yadI_predicted,0.21428571428571427,15,13,TGCACACCTGCAACCAGCAG,2,4284142
yadI_predicted,0.5,19,13,TGATAGTTATATGAAACACT,6,4307631
yadI_predicted,0.14285714285714285,14,13,TGAGGGCACGATTGCGGAAC,1,4362129
yadI_predicted,0.14285714285714285,14,13,TCTTCTAGTCTGGGACACTC,1,4319618
yadI_predicted,0.14285714285714285,14,13,TCGTGTCATTTCAGGGATAT,1,4311557
yadI_predicted,0.35714285714285715,17,13,TCACTATGCAGGAAGGTTGT,4,4370044
yadI_predicted,0.21428571428571427,15,13,TATCTTACCTCACCTTAGAT,2,4329583
yadI_predicted,0.14285714285714285,14,13,TAGGACCGGTGAGGGTCATT,1,4318713
yadI_predicted,0.14285714285714285,14,13,TAGCGTTATGCGCTCGTTAA,1,4336193
yadI_predicted,0.14285714285714285,14,13,TACGAATCGTGACGAAGTAC,1,4323350
yadI_predicted,0.14285714285714285,14,13,TAATCTGGGGTAATGGGGCT,1,4363814
yadI_predicted,0.7142857142857143,22,13,GTTTTGTCAGTGCAGGGGCG,9,4349339
yadI_predicted,0.14285714285714285,14,13,GTTCAAGCCGTCCGTAAGTA,1,4364406
yadI_predicted,0.14285714285714285,14,13,GTTAAGGTCAGGAGGTGGCT,1,4293365
yadI_predicted,0.14285714285714285,14,13,GTGTGTCCTTGACAGCATGC,1,4367682
yadI_predicted,0.14285714285714285,14,13,GTCTCGGGCGTCAGGGCATT,1,4349871
yadI_predicted,0.14285714285714285,14,13,GTCTAAGCACATGTTTTGTA,1,4369596
yadI_predicted,0.14285714285714285,14,13,GTCGCGACTCCTTGCTTATA,1,4294117
yadI_predicted,0.14285714285714285,14,13,GTCAAGCCAAGGATCGTCTG,1,4339714
yadI_predicted,0.14285714285714285,14,13,GGTTGTGACCCTAGGAGGCA,1,4331126
yadI_predicted,0.42857142857142855,18,13,GGTGGCAATGAACGTGTACG,5,4344738
yadI_predicted,0.14285714285714285,14,13,GGTCGTTCTCAAGGCTACGT,1,4324334
yadI_predicted,0.14285714285714285,14,13,GGGTGCGGTTGAATATAACA,1,4325741
yadI_predicted,0.14285714285714285,14,13,GGCTTCTAACCAAATCCTTG,1,4308768
yadI_predicted,0.14285714285714285,14,13,GGATCGCCATCGTGATCATG,1,4292199
yadI_predicted,0.14285714285714285,14,13,GGATAATTTCGTTCGATTAA,1,4288728
yadI_predicted,0.35714285714285715,17,13,GCGACTCCAGGTCTATCTGC,4,4318415
yadI_predicted,0.14285714285714285,14,13,GATCTGCATAAATAAGGGTC,1,4307311
yadI_predicted,0.21428571428571427,15,13,GATCGGTTAAAACTCGCTGT,2,4353341
yadI_predicted,0.14285714285714285,14,13,GATCCTGACAACTGTAGCGT,1,4316941
yadI_predicted,0.14285714285714285,14,13,GATAAGTAACGTAACTGACA,1,4350210
yadI_predicted,0.14285714285714285,14,13,GAGTGGGATACTAACCACGA,1,4303887
yadI_predicted,0.14285714285714285,14,13,GAGGGAGTTTATACCATCAG,1,4365306
yadI_predicted,0.2857142857142857,16,13,GAATGGTTACAGTGTTATAG,3,4363310
yadI_predicted,0.21428571428571427,15,13,GAACTGTTACTGCGCCCGAT,2,4364597
yadI_predicted,0.14285714285714285,14,13,GAACACTCGAGCAGAGTTCA,1,4352791
yadI_predicted,0.2857142857142857,16,13,CTCTTAATCTGAAATGAACT,3,4367633
yadI_predicted,0.14285714285714285,14,13,CTCTGAGCCACCGTCATTGG,1,4321947
yadI_predicted,0.21428571428571427,15,13,CGTACAGTATGAATTTTGTA,2,4295686
yadI_predicted,0.14285714285714285,14,13,CGGCAAGTTCAGTGCTTACG,1,4350195
yadI_predicted,0.14285714285714285,14,13,CGGACCGAGCGCATGAAAGA,1,4363815
yadI_predicted,0.21428571428571427,15,13,CGCGGAAAGACCGAAGGGTG,2,4317045
yadI_predicted,0.14285714285714285,14,13,CGCCAACCTTGTTGCGATAT,1,4298180
yadI_predicted,0.21428571428571427,15,13,CGATGTTCGGGGACTGCGGA,2,4290784
yadI_predicted,0.14285714285714285,14,13,CGACTTTTCCGTAGCGATGA,1,4340629
yadI_predicted,0.14285714285714285,14,13,CGACCTTATAGTAAAGGCTC,1,4366013
yadI_predicted,0.14285714285714285,14,13,CCGATAAGTAGACTGTTTGA,1,4350965
yadI_predicted,0.14285714285714285,14,13,CCCCCGGGTACATTGCGCCA,1,4328286
yadI_predicted,0.14285714285714285,14,13,CCCAAGGGGTCGTTCGAGCT,1,4333250
yadI_predicted,0.14285714285714285,14,13,CCAACACCAGATTAAAGGCT,1,4290112
yadI_predicted,0.21428571428571427,15,13,CACCCCACTCCGAGTGCCAT,2,4330802
yadI_predicted,0.14285714285714285,14,13,ATTCAGTATAACAAGGGGAT,1,4323760
yadI_predicted,0.21428571428571427,15,13,ATGTTGCTACTAATGAGTCG,2,4325404
yadI_predicted,0.14285714285714285,14,13,ATGATTCGGTAAGGTGTCAT,1,4297049
yadI_predicted,0.5714285714285714,20,13,AGTCCGGCGTCGGATGTTCG,7,4299867
yadI_predicted,0.14285714285714285,14,13,AGGCTGGTTGCCACAGCAAC,1,4346396
yadI_predicted,0.21428571428571427,15,13,AGCTGGTTCGAGAAACGTAC,2,4359865
yadI_predicted,0.35714285714285715,17,13,AGCGCTCGCCTTAGTGTTCT,4,4305502
yadI_predicted,0.14285714285714285,14,13,AGATAGAAAAGACCTCGATC,1,4329716
yadI_predicted,0.14285714285714285,14,13,AGAGGCCCTGCTAATTGAAG,1,4285896
yadI_predicted,0.14285714285714285,14,13,AGAAATACTCATTAGCAAGG,1,4351947
yadI_predicted,0.14285714285714285,14,13,ACGTCGTGCACGAGCGTCCC,1,4299771
yadI_predicted,0.14285714285714285,14,13,ACGCGGTGTCGAGGTTTAGA,1,4308965
yadI_predicted,0.14285714285714285,14,13,ACCCCACTCAAATAGGCCAA,1,4289116
yadI_predicted,0.14285714285714285,14,13,ACCATAGGAGTCAGCGCGAT,1,4326547
yadI_predicted,0.14285714285714285,14,13,ACATCCCGAACTACAACGAG,1,4330863
yadI_predicted,0.14285714285714285,14,13,ACAGCGTCGAAAAATTCTTC,1,4355688
yadI_predicted,0.14285714285714285,14,13,AATTTTTAAAATACAGAAAC,1,4324849
yadI_predicted,0.2857142857142857,16,13,AAGTCTCAAAGCCCTCTCGC,3,4304259
yadI_predicted,0.21428571428571427,15,13,AACCTGTCAGAGATTTACAT,2,4289830
yadI_predicted,0.21428571428571427,15,13,AAATTTCAAACTTGGATAGT,2,4351591
yadI_predicted,0.14285714285714285,14,13,AAATTAGAAGGATGAGCATA,1,4369385
yadI_predicted,0.14285714285714285,14,13,AAACGATCACGAGGTTAAAC,1,4296906
yadI_predicted,0.6923076923076923,20,12,TTTTCTCATTTATCTCAGGT,8,4366745
yadI_predicted,0.38461538461538464,16,12,TTTCTTGTTTCCTCGCTCAC,4,4333095
yadI_predicted,0.38461538461538464,16,12,TTTCCTTTCCGAACGAGCTT,4,4294921
yadI_predicted,0.15384615384615385,13,12,TTTATTAGTCGGTCTGCTCA,1,4369859
yadI_predicted,0.15384615384615385,13,12,TTGGTGGCCTGTAGTGACAC,1,4296110
yadI_predicted,0.15384615384615385,13,12,TTGCCGATCGCTCTTCGGGA,1,4312682
yadI_predicted,0.15384615384615385,13,12,TTCCGACCGAGTACAATACA,1,4330815
yadI_predicted,0.5384615384615384,18,12,TTAGTCATGTTCATAGGTCT,6,4359874
yadI_predicted,0.15384615384615385,13,12,TGGTCACATATTCTTGTTTG,1,4285157
yadI_predicted,0.6153846153846154,19,12,TGCTCCAGGTGACGGGTTTT,7,4345631
yadI_predicted,0.15384615384615385,13,12,TCTATAGAGAGGCGCCTGGA,1,4329198
yadI_predicted,0.15384615384615385,13,12,TCGTCTTTATCAAGCGGTCT,1,4308708
yadI_predicted,0.15384615384615385,13,12,TCGCGGCCCCACTAGCCTCC,1,4310583
yadI_predicted,0.15384615384615385,13,12,TCGAAACTCTGTTTCCGGCG,1,4300369
yadI_predicted,0.3076923076923077,15,12,TCCGTGTGCGGGACCCGAAC,3,4318971
yadI_predicted,0.15384615384615385,13,12,TCCGTAGACAAGGCTGGCAA,1,4302285
yadI_predicted,0.15384615384615385,13,12,TCCATACATTGATGTTGTCA,1,4313687
yadI_predicted,0.15384615384615385,13,12,TCATCCCATTGCCAGTACTG,1,4289407
yadI_predicted,0.15384615384615385,13,12,TCAGGTTGAGGTAAGTATCT,1,4339695
yadI_predicted,0.15384615384615385,13,12,TATGTGGTATGTACGGTGGT,1,4301239
yadI_predicted,0.15384615384615385,13,12,TAGTGCGGTTTGCGATTACG,1,4301655
yadI_predicted,0.15384615384615385,13,12,TAGGGCCGCTAGGGTTCAGG,1,4332070
yadI_predicted,0.15384615384615385,13,12,TAGAAACGCCTGTCGAGAAG,1,4364018
yadI_predicted,0.38461538461538464,16,12,TAAGTTTTGTGGGCAAAATT,4,4314961
yadI_predicted,0.15384615384615385,13,12,GTGTCGGATAGCCGATGGGA,1,4354450
yadI_predicted,0.15384615384615385,13,12,GTGCTCGAGTCGCGGAGCAT,1,4287888
yadI_predicted,0.15384615384615385,13,12,GTCAAATTGTATGTGTCATT,1,4290743
yadI_predicted,0.15384615384615385,13,12,GGGGCGGCGAGTAAAGGAAA,1,4360360
yadI_predicted,0.15384615384615385,13,12,GGGAAGAACCTGATTCCTTC,1,4363522
yadI_predicted,192.46153846153845,2513,12,GGCACGTTCGCGGGATCGTT,2501,4354871
yadI_predicted,0.15384615384615385,13,12,GGATAATCCTTATATCACGT,1,4295761
yadI_predicted,0.15384615384615385,13,12,GCTCATTTCTTGGGACTTCG,1,4293749
yadI_predicted,0.3076923076923077,15,12,GCGTGGACTATTCTTAGCCC,3,4354732
yadI_predicted,0.15384615384615385,13,12,GCGATTGTGTGCGCCTGGGC,1,4321385
yadI_predicted,0.23076923076923078,14,12,GCCTCACGTAAGCACACGCC,2,4303666
yadI_predicted,0.15384615384615385,13,12,GCCGGTAGTGTATTATCTCC,1,4343507
yadI_predicted,0.15384615384615385,13,12,GCATGGGAGAGGGGCAGGGG,1,4330168
yadI_predicted,0.15384615384615385,13,12,GCAACCGCCACGGTAAGAAA,1,4335914
yadI_predicted,0.15384615384615385,13,12,GATTTAACGGACATCATTTA,1,4361785
yadI_predicted,0.15384615384615385,13,12,GATGCGACTGGTAGAGGTCC,1,4368555
yadI_predicted,0.15384615384615385,13,12,GACTGGCGAGTACTATTGAT,1,4331307
yadI_predicted,0.15384615384615385,13,12,GAAGTACAAAGTTTGGAGCT,1,4313152
yadI_predicted,0.15384615384615385,13,12,GAAGCTAATACTACCCCGAG,1,4307263
yadI_predicted,0.3076923076923077,15,12,GAACACGAGGTCCTTTCTAG,3,4367125
yadI_predicted,0.23076923076923078,14,12,CTTCATTCAGTAACAAGCTC,2,4291517
yadI_predicted,0.15384615384615385,13,12,CTGTGCATACAACACTGGCA,1,4361196
yadI_predicted,0.38461538461538464,16,12,CTGAGGGCTAATTCAGAAGA,4,4309546
yadI_predicted,0.15384615384615385,13,12,CTCGACCCTGAATAATCCGA,1,4343408
yadI_predicted,0.8461538461538461,22,12,CTCCTGCTCGACATGTTCCC,10,4294499
yadI_predicted,0.15384615384615385,13,12,CTCATGGAGCTGGAACGGTG,1,4284567
yadI_predicted,0.15384615384615385,13,12,CTAACCTAGGGCAGCTTAGG,1,4360395
yadI_predicted,0.15384615384615385,13,12,CGGTCGGTTACGGGCTATAC,1,4342030
yadI_predicted,0.15384615384615385,13,12,CGGATACGTCAGGTTAACTT,1,4311974
yadI_predicted,0.38461538461538464,16,12,CGGACGGCCGCCGTGGACGG,4,4349295
yadI_predicted,0.7692307692307693,21,12,CGCGGCACATACGTCATCTA,9,4347922
yadI_predicted,0.38461538461538464,16,12,CGCGGACTCCTCATACTGCT,4,4332666
yadI_predicted,0.15384615384615385,13,12,CCTTCAGCACTCGCTCCGCT,1,4338755
yadI_predicted,0.7692307692307693,21,12,CCTGGCGCACTTACACATAG,9,4308841
yadI_predicted,0.15384615384615385,13,12,CCTAGCTCTGGTCGCCAGTA,1,4326255
yadI_predicted,1.0,24,12,CCGTCCTACGTGGGCCGCGC,12,4335570
yadI_predicted,0.3076923076923077,15,12,CCGACGCGTTAGGAGGAAAC,3,4315833
yadI_predicted,0.15384615384615385,13,12,CCCTCATCATTTGTGGCCAC,1,4328132
yadI_predicted,0.23076923076923078,14,12,CCAGAAGCTTATATGAATCA,2,4334354
yadI_predicted,0.23076923076923078,14,12,CCAAAAGCTTTACTGCAAGA,2,4319957
yadI_predicted,0.15384615384615385,13,12,CAAAGCCCAGTATTTACTTT,1,4299646
yadI_predicted,0.23076923076923078,14,12,ATTATTACGGGACATATCAA,2,4360864
yadI_predicted,0.15384615384615385,13,12,ATTATGTTAAGTTCATCGCT,1,4292434
yadI_predicted,0.3076923076923077,15,12,ATGTTTTCAGGAGCAGTGCT,3,4355766
yadI_predicted,0.23076923076923078,14,12,ATGTTACTGCCTAATGTCCA,2,4368718
yadI_predicted,0.23076923076923078,14,12,ATGAGCGCAAACGGGGGTGG,2,4359514
yadI_predicted,0.38461538461538464,16,12,ATGACTCACCCAAACTAGCA,4,4307665
yadI_predicted,0.15384615384615385,13,12,ATGACACGCTCCTACACGTC,1,4363415
yadI_predicted,0.23076923076923078,14,12,ATCGTACTACGACGGACATC,2,4313229
yadI_predicted,0.15384615384615385,13,12,ATATGCAATTCAAGACAGTC,1,4362786
yadI_predicted,0.15384615384615385,13,12,ATAGATTGAAAAAGGGGGAA,1,4364002
yadI_predicted,0.15384615384615385,13,12,ATAGAGAGCGATGGACGCCT,1,4327458
yadI_predicted,0.15384615384615385,13,12,AGTTATACTCTAAACAATAG,1,4345187
yadI_predicted,0.3076923076923077,15,12,AGTGTGATCGGTATCAGAGC,3,4339419
yadI_predicted,0.23076923076923078,14,12,AGTGCAGTACACTTACTTAT,2,4328569
yadI_predicted,0.15384615384615385,13,12,AGGGACGGTCGTGCAAACGC,1,4284977
yadI_predicted,0.15384615384615385,13,12,AGGCATGACAGCGTCGTGCG,1,4312687
yadI_predicted,0.3076923076923077,15,12,AGGACCCCACTAGGGGAGTA,3,4285998
yadI_predicted,0.23076923076923078,14,12,AGCTGGCAAGCCTGATAGGC,2,4354242
yadI_predicted,0.15384615384615385,13,12,AGCTAGTTGAGTCTACATAA,1,4359334
yadI_predicted,1.1538461538461537,26,12,AGCCGATCACTCGGGGTGAA,14,4350273
yadI_predicted,0.3076923076923077,15,12,AGATACTACGGAGATGGATT,3,4341363
yadI_predicted,0.3076923076923077,15,12,ACGACAAAAACAAGCCATGG,3,4298248
yadI_predicted,0.15384615384615385,13,12,ACCATCGCTCGAGTAAATCT,1,4339825
yadI_predicted,0.15384615384615385,13,12,ACACTTGCGGGAGATATTTG,1,4332722
yadI_predicted,0.15384615384615385,13,12,ACACAAAAAACATAGGTTCT,1,4352483
yadI_predicted,0.38461538461538464,16,12,AATGTACGGATAAATTCGGG,4,4345516
yadI_predicted,0.15384615384615385,13,12,AAATGTAACCAGTTAGTAAT,1,4346720
yadI_predicted,0.15384615384615385,13,12,AAAGATGTTATACTGGCCTA,1,4351701
yadI_predicted,0.15384615384615385,13,12,AAACGATGTTCTTCGACGAG,1,4336272
yadI_predicted,0.15384615384615385,13,12,AAAATTTCGCCTACAGAACT,1,4303131
yadI_predicted,0.16666666666666666,12,11,TTGTTTCCGCCGATGTTATT,1,4284850
yadI_predicted,0.25,13,11,TTGATCTAGCTGCTGCATCA,2,4328391
yadI_predicted,0.25,13,11,TTCCCAAGGGGCTCAGATAT,2,4299777
yadI_predicted,0.16666666666666666,12,11,TTCATGCCGGGTCTTAAAAT,1,4328424
yadI_predicted,0.16666666666666666,12,11,TTAATGACCGGCCCGTCTGC,1,4297866
yadI_predicted,0.3333333333333333,14,11,TGTGGTCTGGGGAAGAAGAT,3,4363530
yadI_predicted,0.5,16,11,TGCGGAAGCGGAATCGGACA,5,4326926
yadI_predicted,0.25,13,11,TGCCGGAGAGGGTGATGTGT,2,4367680
yadI_predicted,0.16666666666666666,12,11,TGAACCTCGCACACCCCGGG,1,4344733
yadI_predicted,0.16666666666666666,12,11,TCCAATATCACAGGTTTCGT,1,4326400
yadI_predicted,0.16666666666666666,12,11,TCATTCGCGTAATCGATACT,1,4291088
yadI_predicted,222.58333333333334,2681,11,TATGGTTGATCTATGCCATA,2670,4325499
yadI_predicted,0.16666666666666666,12,11,TAACGCGTTACAGACCCGGA,1,4292309
yadI_predicted,0.16666666666666666,12,11,GTTGACATGGCCGAGACGAG,1,4294051
yadI_predicted,0.4166666666666667,15,11,GTTCGGTGGACGGGCATAGA,4,4328928
yadI_predicted,1.0,22,11,GTTCCTAGTATCCTCAGCCT,11,4326392
yadI_predicted,1.5833333333333333,29,11,GTATAAGGCTTGTCTTTACC,18,4328837
yadI_predicted,0.16666666666666666,12,11,GGTTCCGGAGTTTGATCAGA,1,4292463
yadI_predicted,0.25,13,11,GGTATCTACGGTTTTTTCCA,2,4329528
yadI_predicted,0.16666666666666666,12,11,GGTAAAACGTGGGACAGACT,1,4349466
yadI_predicted,0.16666666666666666,12,11,GGCTAGATGGCACTAGCTGT,1,4292925
yadI_predicted,0.16666666666666666,12,11,GGCCGCAGCCATCCCATGTA,1,4333259
yadI_predicted,0.6666666666666666,18,11,GGCACACACTCTGTCGGGGT,7,4363880
yadI_predicted,0.16666666666666666,12,11,GGAGAATGGATATGCGGTCA,1,4313242
yadI_predicted,0.16666666666666666,12,11,GCCATAGATATCTCAAACTT,1,4352519
yadI_predicted,0.16666666666666666,12,11,GATTGGGCGGCGCACTTCGG,1,4315748
yadI_predicted,0.25,13,11,GATGCGAGGTGGCTGTAAAT,2,4358164
yadI_predicted,0.16666666666666666,12,11,GAGTTTTAGCCGTTTTTCCT,1,4313168
yadI_predicted,0.16666666666666666,12,11,GACTGCCCTGCCCATAGTAC,1,4317451
yadI_predicted,0.16666666666666666,12,11,GACTCCGCTGCGCATTCGTT,1,4345674
yadI_predicted,0.5,16,11,GACCTGTAAAAAGGCATTTA,5,4284533
yadI_predicted,0.16666666666666666,12,11,GACCACGGTATTGGGAAGAG,1,4287802
yadI_predicted,0.16666666666666666,12,11,GAATCCTGAAGCTACACTGC,1,4287253
yadI_predicted,0.6666666666666666,18,11,GAAATTAGCCGGAACACCGA,7,4344558
yadI_predicted,0.25,13,11,CTTTCCTATGACTCCTAGAC,2,4327275
yadI_predicted,0.16666666666666666,12,11,CTTGGTGGCGAATGCACACT,1,4292437
yadI_predicted,0.25,13,11,CTTCAACCCCTGGCTGGGAC,2,4299778
yadI_predicted,0.25,13,11,CTTAGTCCCGGCCAGAAGCA,2,4331009
yadI_predicted,0.16666666666666666,12,11,CTGGAGCACTGGCGTTTTAT,1,4293555
yadI_predicted,0.3333333333333333,14,11,CTAGGCAGTCGTCTGCGCCT,3,4346289
yadI_predicted,0.25,13,11,CTAGAGTAGTGGCGGATGTA,2,4363819
yadI_predicted,0.25,13,11,CGTCATAATTGGAAGGCCTT,2,4320517
yadI_predicted,0.16666666666666666,12,11,CGTAACCCGTCGCATGTTTT,1,4297199
yadI_predicted,0.16666666666666666,12,11,CGGGTGAAGGGGCTGTACAC,1,4336003
yadI_predicted,0.16666666666666666,12,11,CGGCTCGAAACTGCCCGAGC,1,4344515
yadI_predicted,0.16666666666666666,12,11,CGGCTCATTGCTTGTCTCAG,1,4310696
yadI_predicted,0.16666666666666666,12,11,CGAGGTTGCAGCAAATAAAC,1,4309669
yadI_predicted,0.25,13,11,CCTGCTTGTACCAGGTGTCA,2,4318137
yadI_predicted,0.25,13,11,CCCAATGCTAGAATAATTCT,2,4304063
yadI_predicted,0.3333333333333333,14,11,CCATCCTGAGAGCTTCGGCA,3,4351837
yadI_predicted,2.0,34,11,CAGAGATACCACACAGGTAG,23,4335164
yadI_predicted,0.16666666666666666,12,11,CACGTTCAAGTCTAAGACCA,1,4363678
yadI_predicted,0.25,13,11,CACAGCTCGTGATTTTTCGT,2,4332664
yadI_predicted,0.25,13,11,CACACAAGGGGTTTCCGAGA,2,4310708
yadI_predicted,0.16666666666666666,12,11,CAATGGTCAGAGTTAGAGTT,1,4303496
yadI_predicted,0.16666666666666666,12,11,CAAGAGCCGGATTGCGACCC,1,4292162
yadI_predicted,0.16666666666666666,12,11,ATTAGGCAGCCGCCAACCGT,1,4359223
yadI_predicted,0.16666666666666666,12,11,ATGGAAAGGAGTCGGGGCGG,1,4321025
yadI_predicted,0.75,19,11,ATCCGCCAGTCCATGGCCAG,8,4327521
yadI_predicted,0.16666666666666666,12,11,ATCCGATCGTGTCGCAGCAA,1,4346636
yadI_predicted,0.16666666666666666,12,11,ATCCAAAGGATAAAATATAA,1,4350062
yadI_predicted,0.16666666666666666,12,11,ATCAGGTTCCTTCGTACTCT,1,4319857
yadI_predicted,0.16666666666666666,12,11,AGCCGCACTGCACCAGCATT,1,4362203
yadI_predicted,0.16666666666666666,12,11,AGACATTAGACCTTACCCGC,1,4343372
yadI_predicted,0.25,13,11,AGACACCCGAGTTGCGGCGA,2,4305707
yadI_predicted,0.5833333333333334,17,11,ACTGACGCACTTGGTGGTAC,6,4345978
yadI_predicted,0.25,13,11,ACTGAAATTAACGATAAGCC,2,4309872
yadI_predicted,0.16666666666666666,12,11,ACTCACGTTAGGTTCGGTCG,1,4295874
yadI_predicted,0.8333333333333334,20,11,ACTACTCACTAAGAAGCGCC,9,4365950
yadI_predicted,0.16666666666666666,12,11,ACGTACCAGCTCCATTTGCG,1,4308129
yadI_predicted,0.4166666666666667,15,11,ACCTAGCTCCTCATTTTGCA,4,4287417
yadI_predicted,0.16666666666666666,12,11,ACATCTTTGAGTCTGTCTGA,1,4341626
yadI_predicted,0.16666666666666666,12,11,ACATCCGGCTTGGTGCACGT,1,4324738
yadI_predicted,0.25,13,11,ACAGGAACTCAACCACCTAG,2,4314661
yadI_predicted,0.16666666666666666,12,11,AATCATAGTTACGTCAAATG,1,4347798
yadI_predicted,0.16666666666666666,12,11,AAGATCACTACATCTGACAC,1,4342803
yadI_predicted,0.16666666666666666,12,11,AACTTCCTAGGGGGGCGCCA,1,4316580
yadI_predicted,0.75,19,11,AACGACGCTTGACCGATCGA,8,4345856
yadI_predicted,0.18181818181818182,11,10,TTTGTAAGACCAGTTATAAT,1,4294495
yadI_predicted,0.9090909090909091,19,10,TTGGAGAACATTCCGCTCTC,9,4333154
yadI_predicted,0.18181818181818182,11,10,TTGAGCTACTATAACCTCTA,1,4284483
yadI_predicted,0.18181818181818182,11,10,TTGAAGCCGTTGATGTAGGC,1,4353987
yadI_predicted,0.18181818181818182,11,10,TTCTACGGACTGACACTCGA,1,4290907
yadI_predicted,0.18181818181818182,11,10,TTCCGACGCAAGATGGTATC,1,4313692
yadI_predicted,0.18181818181818182,11,10,TTACATTTACCACAAGTTGT,1,4311710
yadI_predicted,0.18181818181818182,11,10,TTAACTAATATGGTTAATTG,1,4329997
yadI_predicted,1.0,20,10,TGTAGTCGCGTTAATGCGTA,10,4358258
yadI_predicted,0.36363636363636365,13,10,TGCGTAATAGTTTTTGTGAT,3,4302814
yadI_predicted,0.2727272727272727,12,10,TGCCCCGTAAAATGGGTATG,2,4342722
yadI_predicted,0.18181818181818182,11,10,TGAGTACGGAGGGTCAGAGA,1,4304266
yadI_predicted,0.18181818181818182,11,10,TCTTCCCTCTATCATAAGCA,1,4337569
yadI_predicted,0.5454545454545454,15,10,TCTCCAATCTCCACTGTGCA,5,4355362
yadI_predicted,0.2727272727272727,12,10,TCTAGTTTCTTCTTATGTCT,2,4341445
yadI_predicted,0.18181818181818182,11,10,TATGCGCTGCGGTTCGGATG,1,4329724
yadI_predicted,0.18181818181818182,11,10,GTTAGGCTGCACATGTAGCC,1,4310110
yadI_predicted,0.18181818181818182,11,10,GTCATATGTCCGCTATAGGA,1,4361700
yadI_predicted,0.18181818181818182,11,10,GTCACTGGAGACAAGCGTAT,1,4309254
yadI_predicted,0.18181818181818182,11,10,GTAATCCCATAGCCTGATAC,1,4330239
yadI_predicted,0.45454545454545453,14,10,GGTGGGGCGACCTGGAAGGT,4,4328848
yadI_predicted,0.36363636363636365,13,10,GGGGCGACCGGTATCACAAC,3,4294860
yadI_predicted,0.18181818181818182,11,10,GGGATTAAGAATGTATCATT,1,4295301
yadI_predicted,1.1818181818181819,22,10,GGACACATTCGGGAAGGGGG,12,4345800
yadI_predicted,0.45454545454545453,14,10,GGAATTAACTTGATCGCCGT,4,4309975
yadI_predicted,0.18181818181818182,11,10,GGAACATGATGACAAGTTAT,1,4303068
yadI_predicted,0.18181818181818182,11,10,GCTACCGAAGATTTAAGTAC,1,4326549
yadI_predicted,0.18181818181818182,11,10,GCCAGTTTAATGGTGAACCT,1,4325793
yadI_predicted,0.7272727272727273,17,10,GCCAGAGCTAGGTGCGGCAA,7,4348202
yadI_predicted,0.18181818181818182,11,10,GCATGGAATGGTTTCGTGAC,1,4329672
yadI_predicted,0.18181818181818182,11,10,GATAGGTTACGGATTGTGAT,1,4291144
yadI_predicted,0.45454545454545453,14,10,GACTCTTTGTCGCGGTCACG,4,4349522
yadI_predicted,0.18181818181818182,11,10,GACCGCAGTTGGCCATGCCT,1,4303263
yadI_predicted,0.36363636363636365,13,10,GACCGAACAAAGAGCTTGAA,3,4362531
yadI_predicted,0.7272727272727273,17,10,CTGGTTTGATCAGGGCCGCA,7,4347251
yadI_predicted,0.2727272727272727,12,10,CTCTTTCCCGTGTTGAACAG,2,4319710
yadI_predicted,0.18181818181818182,11,10,CTCGGGAGCTAGACTATCAC,1,4300190
yadI_predicted,0.18181818181818182,11,10,CGTTGGTAGTACCTTGACTC,1,4310130
yadI_predicted,0.18181818181818182,11,10,CGGTGAATCTCAGCCCTTCC,1,4360442
yadI_predicted,0.18181818181818182,11,10,CGGGTGGTTTAACCGAAAGA,1,4303554
yadI_predicted,0.18181818181818182,11,10,CGGGAAGCTGCCAAAACAAG,1,4287175
yadI_predicted,0.36363636363636365,13,10,CGCGTACTAGCGGAATGGTT,3,4332818
yadI_predicted,0.18181818181818182,11,10,CGCCGACGATCGTTGGCCGA,1,4288380
yadI_predicted,0.18181818181818182,11,10,CGCACAGGGACTGGGGCTGT,1,4364930
yadI_predicted,0.18181818181818182,11,10,CGATTATGGAAAGAGTTCAT,1,4362876
yadI_predicted,0.18181818181818182,11,10,CGATCTATTTCTCGATAGTC,1,4326855
yadI_predicted,0.18181818181818182,11,10,CGAGTACACCGCGACATTAT,1,4341374
yadI_predicted,0.6363636363636364,16,10,CCGTTCTCGAACTCGCGGCA,6,4332391
yadI_predicted,0.18181818181818182,11,10,CCGGAGTTGCGTGAGGGATT,1,4346715
yadI_predicted,0.36363636363636365,13,10,CCGACACGTGGGGATCTACG,3,4335549
yadI_predicted,0.18181818181818182,11,10,CCCTTCACAATACCGGACCG,1,4297454
yadI_predicted,0.18181818181818182,11,10,CCATAAATCGGATTTTTATT,1,4314443
yadI_predicted,0.18181818181818182,11,10,CCAGTCCCGGGGAGTGGGGG,1,4344983
yadI_predicted,0.36363636363636365,13,10,CATTATTTTTGGTCAAATGA,3,4294936
yadI_predicted,0.18181818181818182,11,10,CAGGAATGGCGACAGTATAC,1,4361482
yadI_predicted,0.2727272727272727,12,10,CAGACACCATGGTCTTAGAG,2,4354586
yadI_predicted,0.18181818181818182,11,10,CACATCCATCCGAGCCACTA,1,4323609
yadI_predicted,0.18181818181818182,11,10,ATTCCCTAATTAATTTAAGT,1,4351114
yadI_predicted,0.18181818181818182,11,10,ATTCCCTAACACGGAGCTGC,1,4349514
yadI_predicted,0.18181818181818182,11,10,ATTAGTCGCTACAGATTTGT,1,4311204
yadI_predicted,0.45454545454545453,14,10,ATGATTCGGGAAATCAGTCA,4,4339742
yadI_predicted,0.18181818181818182,11,10,ATGAACTCTCGTTACCCAAT,1,4354092
yadI_predicted,0.18181818181818182,11,10,ATAGCTACCAAGCAGGAACT,1,4344076
yadI_predicted,0.2727272727272727,12,10,ATACTTTCACTCGAAAGAAA,2,4357688
yadI_predicted,0.18181818181818182,11,10,ATACTGGGGAGATCGGCGCA,1,4340748
yadI_predicted,0.18181818181818182,11,10,ATACGCTTCTGTGCGAATGG,1,4299212
yadI_predicted,0.18181818181818182,11,10,AGTGCGTTACCCGCCGCTCA,1,4329475
yadI_predicted,0.36363636363636365,13,10,AGTGCGGACAGAATTCAGCA,3,4344805
yadI_predicted,0.18181818181818182,11,10,AGTAAATAACCAAAATGAGA,1,4354087
yadI_predicted,0.18181818181818182,11,10,AGGTTTGACGTCCGTTCTCG,1,4366201
yadI_predicted,0.18181818181818182,11,10,AGGCGTTCGGGATAATTAAT,1,4298912
yadI_predicted,0.9090909090909091,19,10,AGCGCCCCGGGGACAAGTAA,9,4295951
yadI_predicted,0.2727272727272727,12,10,AGCCCAGTCGATCTATATCT,2,4343459
yadI_predicted,0.18181818181818182,11,10,AGCCACGAAGGCATGAGTAC,1,4303224
yadI_predicted,0.18181818181818182,11,10,AGAAGGTTCCGGTTAAGTCT,1,4302162
yadI_predicted,0.36363636363636365,13,10,ACTCCCACCGACCGTATTTA,3,4367132
yadI_predicted,0.18181818181818182,11,10,ACGGTTCTAATGGAGGTCCT,1,4324740
yadI_predicted,0.2727272727272727,12,10,ACGGGGTTGCAACCTACGGC,2,4363047
yadI_predicted,0.2727272727272727,12,10,ACCGTGTTACATCGCCAGCA,2,4292115
yadI_predicted,0.2727272727272727,12,10,ACCAGCAGTTTGAGGTATGA,2,4304658
yadI_predicted,0.18181818181818182,11,10,ACAACGGAGTGGGGTGTCTC,1,4355999
yadI_predicted,0.2727272727272727,12,10,AATTTCGTCCAGTCATTCAA,2,4327351
yadI_predicted,0.18181818181818182,11,10,AATCTACCTGGAAATTTTTA,1,4326775
yadI_predicted,0.36363636363636365,13,10,AAGTCGCTAGCGTAAGAGGT,3,4369838
yadI_predicted,0.18181818181818182,11,10,AAGAACCCTAAACTCAATCG,1,4321728
yadI_predicted,0.18181818181818182,11,10,AACGCTACTAATGCGTTTCT,1,4334687
yadI_predicted,0.18181818181818182,11,10,AACGCATGGAATTACGCTGA,1,4343860
yadI_predicted,0.18181818181818182,11,10,AACCCAACCCCGGCAAGCAG,1,4322924
yadI_predicted,0.7,15,9,TTTTCGCTTCATAACACTGC,6,4329212
yadI_predicted,0.2,10,9,TTGGATAGCCCGGAATGAAA,1,4369114
yadI_predicted,0.5,13,9,TTCAAGAACAGTTACAACGA,4,4298742
yadI_predicted,0.2,10,9,TTATCCGGGAGGATGTGCTG,1,4346285
yadI_predicted,0.2,10,9,TTAGGCGGGGTTTTGGTAAC,1,4286236
yadI_predicted,0.9,17,9,TTACCTTACCCGTTCGACGA,8,4339699
yadI_predicted,0.6,14,9,TTACCGTTTAGCACTAATTT,5,4309667
yadI_predicted,0.2,10,9,TGTGTTACGTTAAGAAGACG,1,4346940
yadI_predicted,0.7,15,9,TGGTTCGTGCGCTGGAAAAA,6,4341588
yadI_predicted,0.3,11,9,TGGGCGGCCGCCCAGTACTA,2,4365087
yadI_predicted,0.2,10,9,TGCCGGAAGATTCATCTCAT,1,4306975
yadI_predicted,0.2,10,9,TGCAAGTCAGTCAAGTTGAG,1,4365237
yadI_predicted,0.2,10,9,TCGCAGTTTGACCAGATCGA,1,4300689
yadI_predicted,0.2,10,9,TCGCACTCTGGATGCGTGGG,1,4299109
yadI_predicted,0.2,10,9,TCCTTAAAGATTCGGGCGAT,1,4327913
yadI_predicted,0.2,10,9,TCACGGTTGCGGTGACGATA,1,4338085
yadI_predicted,0.2,10,9,TCACATTCCTGTGGTTTCGA,1,4363542
yadI_predicted,0.2,10,9,TCAAGTTTAGTTAGGCAAGG,1,4289805
yadI_predicted,0.2,10,9,TAGTAGAGCCCTAGTTCCGT,1,4296950
yadI_predicted,0.2,10,9,GTGGCAAGTACGGGGTCACA,1,4359419
yadI_predicted,0.2,10,9,GTGCAGCCGTTAATGTCTTT,1,4331699
yadI_predicted,0.2,10,9,GTCCCTTCCCCTGTTGCCAC,1,4317837
yadI_predicted,0.3,11,9,GTATTTCGTGTTGCGTGCAT,2,4324700
yadI_predicted,0.2,10,9,GGTAAGTCGGGTGACGTTCG,1,4293803
yadI_predicted,0.6,14,9,GGGTCACCTGAAGCTCGCGC,5,4342725
yadI_predicted,0.2,10,9,GGGATCATTTGAACGCATGC,1,4296391
yadI_predicted,0.2,10,9,GGCTCTCGGCTAGTCACCAT,1,4342941
yadI_predicted,0.2,10,9,GGCTCGAAGTATGTCTGCTC,1,4351617
yadI_predicted,0.2,10,9,GGAACATTCATTTCTCGGTG,1,4362893
yadI_predicted,0.8,16,9,GCGTGAAAAGCAACAGTTGC,7,4304666
yadI_predicted,0.2,10,9,GCGAGGCACGCCAACGTCCA,1,4335804
yadI_predicted,0.5,13,9,GCCTTAGCGTACTCTGCGTG,4,4368675
yadI_predicted,0.2,10,9,GCCTAAGAACACGTCCCTTT,1,4288243
yadI_predicted,0.2,10,9,GCCGAAAATCCTGCGCAAGG,1,4344223
yadI_predicted,0.3,11,9,GCCCAACCGGCTTACTGTAA,2,4369155
yadI_predicted,0.2,10,9,GCAGTGATAGAACTAGAGGT,1,4335036
yadI_predicted,0.3,11,9,GATTGTATAAAATCAGGCGA,2,4299975
yadI_predicted,0.2,10,9,GATCTGGATTAGGTAAGGAT,1,4311146
yadI_predicted,0.2,10,9,GAATTATTGTCTAGCTCCCA,1,4312166
yadI_predicted,0.3,11,9,CTGTCGGTTTTATCACTCGT,2,4332559
yadI_predicted,0.2,10,9,CTGAAAAGTTTGGAATTTCA,1,4320157
yadI_predicted,0.2,10,9,CTAAATTAACGAAAGTTCTG,1,4304489
yadI_predicted,0.2,10,9,CGTGTCTAATTGAAGGTTTC,1,4331746
yadI_predicted,0.2,10,9,CGGATACGTGCGAGACAAGA,1,4349566
yadI_predicted,0.6,14,9,CGCTTGGCACATCCCGGCGG,5,4284536
yadI_predicted,0.2,10,9,CGCCGTTAAGTTATTTCAAC,1,4296688
yadI_predicted,0.3,11,9,CGCAGTATGGAAAAGCAGCG,2,4322572
yadI_predicted,0.5,13,9,CGAGGCCGAGAACATGTGAG,4,4346526
yadI_predicted,0.2,10,9,CGAGAACTTAATCTAGAGCA,1,4297204
yadI_predicted,0.3,11,9,CCTACATATAGAAAAGTTGC,2,4364588
yadI_predicted,0.9,17,9,CCGTGGGCCGTCCGTCCTCT,8,4290608
yadI_predicted,0.3,11,9,CCCGTCTGGTGCTACAAGCT,2,4358156
yadI_predicted,0.2,10,9,CCCGTACCACTAGGGTCCCT,1,4350713
yadI_predicted,0.2,10,9,CCCCTGGGCTTACGGAAGGA,1,4293466
yadI_predicted,0.2,10,9,CCATTGAAATTGTCAGGCGT,1,4291400
yadI_predicted,0.2,10,9,CCAGGACCCAATTGACTCAG,1,4329028
yadI_predicted,0.2,10,9,CCACGAAGATCCTCCTAGCT,1,4285190
yadI_predicted,0.6,14,9,CATACATACCTCATTGATAG,5,4303420
yadI_predicted,0.2,10,9,CACTATTCAGACATATTTCT,1,4300795
yadI_predicted,0.2,10,9,ATGGAGTATGCTGAATAGTT,1,4297826
yadI_predicted,0.2,10,9,ATGCTTCCACTTCTTCTCGA,1,4301552
yadI_predicted,0.2,10,9,ATCTTGAAAGTCAAACTCCA,1,4322000
yadI_predicted,0.2,10,9,ATCGGCCCCCGGTCTGGTTT,1,4343572
yadI_predicted,0.6,14,9,ATATGTGGGTTATTTAAGAA,5,4329794
yadI_predicted,0.2,10,9,AGTCCCCGCGACCCTCCTCA,1,4362030
yadI_predicted,0.6,14,9,AGGTTGGATCACTGATGTAT,5,4364915
yadI_predicted,0.4,12,9,AGGCTCTCAGGCCCTATCCT,3,4319357
yadI_predicted,0.2,10,9,AGCCCTAAGGCGATCTAACT,1,4322263
yadI_predicted,0.2,10,9,AGCATTCGATGGTACACAAC,1,4316624
yadI_predicted,0.3,11,9,AGCACGCCCGAGTCGTGTCA,2,4300588
yadI_predicted,0.3,11,9,AGACAAATTTTTGGGCAGCT,2,4325071
yadI_predicted,0.6,14,9,ACTTTCTGAGGCCATCCCCA,5,4315448
yadI_predicted,0.2,10,9,ACTTGCCCGCACTGTCTGAC,1,4297581
yadI_predicted,0.2,10,9,ACGCTTGGGAGACGCAGCGC,1,4357602
yadI_predicted,0.2,10,9,ACATATTTACCCATGATACA,1,4344436
yadI_predicted,0.2,10,9,ACAATCTATCCGTAAGCGAT,1,4324867
yadI_predicted,1.1,19,9,AATTCTGGCCCCGACAGAAA,10,4332583
yadI_predicted,0.3,11,9,AATATCGGCGAAGATATGCT,2,4335329
yadI_predicted,0.2,10,9,AACGATCTATTTCCGAAATG,1,4324825
yadI_predicted,0.2,10,9,AACGATACGGTTGATAAGTG,1,4342048
yadI_predicted,0.6,14,9,AAAAACATAGGTCATCCGAG,5,4293568
yadI_predicted,253.33333333333334,2287,8,TTTCTAGGATCACAGGGTCT,2279,4360931
yadI_predicted,0.2222222222222222,9,8,TTGTTAGCTCACACCTGTCC,1,4361625
yadI_predicted,0.2222222222222222,9,8,TTCGTCTGTAGAACAAGGTT,1,4325564
yadI_predicted,0.2222222222222222,9,8,TGTTGTCCACGAAGTACCTA,1,4308318
yadI_predicted,0.2222222222222222,9,8,TGTGGTCACTAGCACGGGGA,1,4324015
yadI_predicted,0.3333333333333333,10,8,TGCAGTTAGTTCTCCAATTT,2,4320221
yadI_predicted,0.2222222222222222,9,8,TGATCGGGAAGCCCAACTAT,1,4358625
yadI_predicted,0.2222222222222222,9,8,TGAGTGGCGACTCCGTTATT,1,4284684
yadI_predicted,0.3333333333333333,10,8,TGAGGCGATGAATGACTGTC,2,4299832
yadI_predicted,0.3333333333333333,10,8,TGAGCGGACCAGTGCATGTT,2,4320602
yadI_predicted,0.5555555555555556,12,8,TCTCAAGGACTTCGCAAAGG,4,4284808
yadI_predicted,0.2222222222222222,9,8,TCGGGGCTAATCAATTCCGA,1,4318728
yadI_predicted,0.2222222222222222,9,8,TCATCTGTTTTACTGCGGTT,1,4320901
yadI_predicted,0.2222222222222222,9,8,TATGCCGTGTTGCTTAAGGA,1,4288918
yadI_predicted,0.4444444444444444,11,8,TATAAGTATAGTGAATCTAT,3,4356805
yadI_predicted,0.2222222222222222,9,8,TAGATCGGGGTAGAAGTCCC,1,4293497
yadI_predicted,0.4444444444444444,11,8,TACCTCGAGCCACCACAACC,3,4289403
yadI_predicted,0.5555555555555556,12,8,GTTTGCAGACGATTGGCGCG,4,4284480
yadI_predicted,0.2222222222222222,9,8,GTTTAACGTTAAGCTCAACA,1,4363632
yadI_predicted,0.7777777777777778,14,8,GTGGCATTGCGTGTTCCCGG,6,4301340
yadI_predicted,0.2222222222222222,9,8,GTGACTCTTCCATGTGTTCG,1,4313832
yadI_predicted,0.2222222222222222,9,8,GTCGATGCGCTGTATAACTA,1,4288174
yadI_predicted,0.2222222222222222,9,8,GTCCCTTCGCCTAGGAGCGT,1,4318551
yadI_predicted,0.2222222222222222,9,8,GTCCACGCTTTATTGACGAC,1,4327951
yadI_predicted,0.2222222222222222,9,8,GTAATACTGCATCGTCTGGT,1,4329519
yadI_predicted,0.3333333333333333,10,8,GTAAGTAGAGTGGAAGAAAA,2,4317860
yadI_predicted,0.6666666666666666,13,8,GGCCATGGAGAACCCATCAG,5,4312704
yadI_predicted,0.2222222222222222,9,8,GGCCAATCGAGTACTTTTTA,1,4364366
yadI_predicted,0.2222222222222222,9,8,GGATGTGAGCGCGTCTGTGT,1,4292042
yadI_predicted,0.2222222222222222,9,8,GGAGGTTAGCAGAATCCCGT,1,4292921
yadI_predicted,0.2222222222222222,9,8,GGACCAAGGTCGAGTAAGTG,1,4289879
yadI_predicted,0.2222222222222222,9,8,GCGTTGGAACGCTTGTTTGG,1,4321332
yadI_predicted,0.2222222222222222,9,8,GAAACTAGGCTGGCAGCATA,1,4335090
yadI_predicted,0.2222222222222222,9,8,CTTTCCGACGGGTGAATTTT,1,4292937
yadI_predicted,0.2222222222222222,9,8,CTTGTCTGTGCTCGCTGGAA,1,4342319
yadI_predicted,0.2222222222222222,9,8,CTGTCGTGACAATGTTAAAG,1,4345376
yadI_predicted,0.7777777777777778,14,8,CTGCGCGCTGGGAGTCGATC,6,4339543
yadI_predicted,0.2222222222222222,9,8,CTGCGAATGATCTCTGGCCT,1,4317661
yadI_predicted,0.3333333333333333,10,8,CTCCAGTTCTAGAATTTGAA,2,4310058
yadI_predicted,0.5555555555555556,12,8,CGTTTAGAAGCTCGGAAAGA,4,4306882
yadI_predicted,0.2222222222222222,9,8,CGTCTATGCTAAGCTATTTC,1,4337911
yadI_predicted,0.2222222222222222,9,8,CGTACACGGCACAACCGCGG,1,4309246
yadI_predicted,0.2222222222222222,9,8,CGGCTAAACGGACTTTCGAG,1,4286591
yadI_predicted,0.2222222222222222,9,8,CGGCACTGGGGCCGAATAAT,1,4298638
yadI_predicted,0.2222222222222222,9,8,CGCGTGGAATGCGGTGTCTA,1,4303433
yadI_predicted,0.2222222222222222,9,8,CGAAGACCTCAGTGTCCCGG,1,4334002
yadI_predicted,0.2222222222222222,9,8,CCTTGGTCCATTGCACCCTT,1,4316664
yadI_predicted,0.2222222222222222,9,8,CCTTCCCGTGTTATGTACGG,1,4370032
yadI_predicted,0.2222222222222222,9,8,CCTCACATCCGTCTGGACGG,1,4343015
yadI_predicted,0.2222222222222222,9,8,CCGTCCTCGTGCTCGTGTAG,1,4309739
yadI_predicted,0.2222222222222222,9,8,CCGGTAAGCCGGGGTGAGGA,1,4297220
yadI_predicted,0.2222222222222222,9,8,CCGGGGCCCGCAAAAACAAC,1,4345935
yadI_predicted,0.6666666666666666,13,8,CCGACGTTCACGCGGATTCG,5,4294086
yadI_predicted,0.2222222222222222,9,8,CCGAAACGCCGACTTGTGCG,1,4346765
yadI_predicted,0.4444444444444444,11,8,CCATGTAACCGTGTGAGGTG,3,4353123
yadI_predicted,292.8888888888889,2643,8,CCATACAGGCGGTATTTCAT,2635,4362797
yadI_predicted,0.3333333333333333,10,8,CATTGGGTTCTTCTACCTAC,2,4320500
yadI_predicted,0.2222222222222222,9,8,CATGGTTGCGGTTTCGACGT,1,4332579
yadI_predicted,0.7777777777777778,14,8,CATGAGTTAAGCCCTTACTT,6,4361634
yadI_predicted,1.0,16,8,CACGGCGTTCTGAGGCTCGT,8,4361311
yadI_predicted,0.2222222222222222,9,8,CACACATTCGGACCGTACCT,1,4291178
yadI_predicted,0.2222222222222222,9,8,CAACTGAAGTCCTGGACCGG,1,4331970
yadI_predicted,0.8888888888888888,15,8,CAACTCTGCTTTCGGCTTGG,7,4301130
yadI_predicted,0.2222222222222222,9,8,ATTGGTGAAACAATTTAACT,1,4320117
yadI_predicted,0.2222222222222222,9,8,ATGATTTGCGCATAACAGCA,1,4357872
yadI_predicted,0.2222222222222222,9,8,AGCTCTGGTTCCACAGGCCT,1,4368404
yadI_predicted,0.3333333333333333,10,8,AGCGGTACGATAAGAGCCCG,2,4297650
yadI_predicted,0.2222222222222222,9,8,AGCCTCTACTCTGGTTGCAG,1,4296036
yadI_predicted,0.2222222222222222,9,8,AGAGTGGCCCCCGAAGGCCG,1,4315745
yadI_predicted,0.2222222222222222,9,8,ACTTTGACGCGGTTAGAGGT,1,4306832
yadI_predicted,1.5555555555555556,21,8,ACTGTCTTCGCTGCGAGTCC,13,4364944
yadI_predicted,0.2222222222222222,9,8,ACGATGGCTAGTACGGTTTA,1,4339647
yadI_predicted,0.2222222222222222,9,8,ACGATCTCAATGGTTTCCAT,1,4353355
yadI_predicted,0.2222222222222222,9,8,ACAGAGTAAGGTAGAATGAT,1,4293320
yadI_predicted,0.2222222222222222,9,8,AATGTGTGGGGTCGAGTGTG,1,4355318
yadI_predicted,0.2222222222222222,9,8,AATACGTCATTCGGGCTCCG,1,4291886
yadI_predicted,233.88888888888889,2112,8,AAGGTCACGTTCATGGTTAT,2104,4336697
yadI_predicted,0.3333333333333333,10,8,AAGGAAAACAGTGGAATATC,2,4341600
yadI_predicted,0.8888888888888888,15,8,AAGCCTTGCAGCGCGCACCT,7,4368314
yadI_predicted,0.2222222222222222,9,8,AAGACAGCCTAGCATTACCT,1,4329693
yadI_predicted,0.2222222222222222,9,8,AACTAGAGGGTCTAGTCAGC,1,4344212
yadI_predicted,0.3333333333333333,10,8,AACGGATTAGGGCATATCTG,2,4345228
yadI_predicted,0.2222222222222222,9,8,AAAGGCCATTCAGCGGAAGT,1,4333804
yadI_predicted,0.4444444444444444,11,8,AAACGCCCGCCCAGTATAAA,3,4346735
yadI_predicted,1.0,14,7,TTTCGTAGTTTCAGAACCCC,7,4317227
yadI_predicted,0.25,8,7,TTTAACTCGGAAGGCAGAGA,1,4321255
yadI_predicted,0.5,10,7,TTGTCCTAGTCGCGCTTGGT,3,4365574
yadI_predicted,0.25,8,7,TTAACCGTGTATTCCCCGGT,1,4314936
yadI_predicted,0.875,13,7,TGGAAGCCCTCACACGGATT,6,4289224
yadI_predicted,2.25,24,7,TGAGGTGACTCTTGGTTAAA,17,4358806
yadI_predicted,0.625,11,7,TCTTGCAAGCAAAGTTTTCA,4,4352418
yadI_predicted,0.25,8,7,TCTGCTAGTGCGCATCGCTG,1,4333646
yadI_predicted,0.25,8,7,TCTGCAATCCGACGGCCAGA,1,4326690
yadI_predicted,0.5,10,7,TCTCAGCTAATCTTCCCGAC,3,4305769
yadI_predicted,0.25,8,7,TCGCCAGGCGCGCATGGACT,1,4316951
yadI_predicted,0.25,8,7,TCCCTATCGAAGTGCGCCAT,1,4315473
yadI_predicted,307.125,2463,7,TCCCAAACCACTGGGTCAAT,2456,4364319
yadI_predicted,0.25,8,7,TCAAGGTCACCAACAACGGC,1,4302851
yadI_predicted,0.25,8,7,TCAACAACTGCCACGCTACT,1,4351988
yadI_predicted,0.25,8,7,TATCCACGTTAGCTCCAGAG,1,4294426
yadI_predicted,0.25,8,7,TAGGCCATTAGCATCCCGGG,1,4365855
yadI_predicted,0.25,8,7,TAGATGGTGTATGGACCTCG,1,4304015
yadI_predicted,0.25,8,7,TACTTGGTCAACGACACTGA,1,4363962
yadI_predicted,0.375,9,7,TAAAGTTGCCGGGGTGACTC,2,4322051
yadI_predicted,0.25,8,7,TAAAAAGGTGATGGAACTCA,1,4306222
yadI_predicted,0.25,8,7,GTGTAATCCTAGGGTAAAAA,1,4296942
yadI_predicted,0.375,9,7,GTGGGCTCCAGATAATCCTC,2,4359773
yadI_predicted,0.375,9,7,GTGCTATCCAGCCCTAATGT,2,4314966
yadI_predicted,0.25,8,7,GTCAGATATTTACTGTTTAT,1,4368490
yadI_predicted,0.25,8,7,GTATGCCGGATTCCTTATTA,1,4353027
yadI_predicted,310.625,2491,7,GGTGTCTCCCCAGCTGTTGT,2484,4325862
yadI_predicted,0.375,9,7,GGTGGTGGGCCGGCAAATAT,2,4306240
yadI_predicted,0.25,8,7,GGTCACACACGATAGCAGAT,1,4294437
yadI_predicted,0.25,8,7,GGGCCCTGGGCTAGAGTTGT,1,4288061
yadI_predicted,0.25,8,7,GGGACGGACAAATCTTGATT,1,4359242
yadI_predicted,0.25,8,7,GGCTCAACCCAGGCGCGTTT,1,4315219
yadI_predicted,0.375,9,7,GGCGTCGCTGTTGGCCCCGT,2,4311301
yadI_predicted,0.25,8,7,GCTAAGCCTCATGTTTATCG,1,4325214
yadI_predicted,0.25,8,7,GCTAACCCAAACGTCTGTTG,1,4338014
yadI_predicted,320.75,2572,7,GCGGAGTAAGAAAAGCATAA,2565,4298028
yadI_predicted,0.25,8,7,GCCCGCGGTTTAAATCTCAT,1,4330660
yadI_predicted,0.25,8,7,GCCATCTGGTCATGTTTGAT,1,4366075
yadI_predicted,0.25,8,7,GCACGCACGCGTGTCACTGC,1,4319887
yadI_predicted,0.25,8,7,GCACAGATTTTGGATTATAG,1,4353585
yadI_predicted,0.25,8,7,GAGGGTTCCACCTCCTGTTC,1,4316807
yadI_predicted,0.375,9,7,GAGAGACGGTCTGATCCCAT,2,4311022
yadI_predicted,0.625,11,7,GACCACTTTCGCCAAATGAG,4,4328314
yadI_predicted,1.5,18,7,GAATCTACTAATGTCGTTAG,11,4301043
yadI_predicted,0.25,8,7,CTGTCTGCCCCTTGAATGAC,1,4316705
yadI_predicted,0.25,8,7,CTGGGACACGCATCTAGAGT,1,4330085
yadI_predicted,0.25,8,7,CTCCAGAGCGTACTCACTCC,1,4353145
yadI_predicted,0.25,8,7,CTAGCACACACGGGACCTGG,1,4342407
yadI_predicted,1.125,15,7,CTAAGTAACCTGGACATCTC,8,4354308
yadI_predicted,0.375,9,7,CGTGACTTGAAATAACACTA,2,4340310
yadI_predicted,0.25,8,7,CGTCTCCTCCTCCGTTTGTA,1,4315839
yadI_predicted,0.25,8,7,CGATTCGGCGAGCAGTCGGC,1,4329007
yadI_predicted,0.375,9,7,CGATCCAGTTGTGACAATGA,2,4303660
yadI_predicted,0.25,8,7,CCGAAAACGTTAGACTCAAT,1,4337783
yadI_predicted,0.25,8,7,CCCTGGCGTTCGAAGACAGC,1,4352068
yadI_predicted,0.5,10,7,CCCGGTGTAACGCCGAGTCT,3,4329213
yadI_predicted,0.375,9,7,CCCAATCCGCCCTGGGCTAC,2,4351511
yadI_predicted,0.5,10,7,CCATACTGGAGTCTCGTATA,3,4355182
yadI_predicted,0.5,10,7,CATAAAAAACCGCCAAGAAA,3,4326408
yadI_predicted,0.25,8,7,CAGGCCGAAAATTTACTAGA,1,4354145
yadI_predicted,1.125,15,7,CAGAAATTAGAAGTGGTTAC,8,4326306
yadI_predicted,0.25,8,7,CACCTCCCGGAGAATATGGG,1,4319936
yadI_predicted,0.25,8,7,CACAGGTTCATCCGAGCTAA,1,4303978
yadI_predicted,0.375,9,7,CAAGCAGAGTTTGCCCGACT,2,4285731
yadI_predicted,0.25,8,7,ATTGATTACGTATGGGGGAG,1,4297554
yadI_predicted,0.375,9,7,ATCGAGAGTTTAGTAGAAGG,2,4316803
yadI_predicted,0.25,8,7,ATAGTATGGTACATTCCCCA,1,4302997
yadI_predicted,0.25,8,7,ATACGTCCCGGCTATATTCC,1,4294071
yadI_predicted,0.25,8,7,AGTGCTGGCCTCGCATTTGA,1,4297835
yadI_predicted,1.25,16,7,AGTACGTTGAGTCTTTCATA,9,4356055
yadI_predicted,0.25,8,7,AGGCCGGCCCGATGGAACGA,1,4369387
yadI_predicted,0.25,8,7,AGGAACTTTACGGGGCCAGT,1,4310125
yadI_predicted,0.25,8,7,AGCCTGGGTCGGCTCCTAGT,1,4313171
yadI_predicted,0.25,8,7,AGCCCAAGGCAGCGGCATCG,1,4293416
yadI_predicted,0.25,8,7,AGAGTCCGCCCACGTTCAGA,1,4310802
yadI_predicted,0.25,8,7,AGAGGAAATATAGACCGTAT,1,4316707
yadI_predicted,0.25,8,7,AGACATCTTGCTTCCGCATG,1,4362630
yadI_predicted,0.25,8,7,ACTTCTCTGGTGACCCCATT,1,4349100
yadI_predicted,0.25,8,7,ACGTCTGTAGCGTTCCGTTC,1,4311052
yadI_predicted,1.0,14,7,ACGCTAGGTCGTCATCGCTC,7,4325352
yadI_predicted,0.5,10,7,ACCGCCGCTACCCCTACGGG,3,4357590
yadI_predicted,1.125,15,7,ACCACCACGGGTTCAAGGAA,8,4339625
yadI_predicted,1.125,15,7,ACACTAACGCCGAGCCCTTT,8,4313690
yadI_predicted,1.25,16,7,ACACAAGCGCGCGGGGGGCA,9,4360361
yadI_predicted,1.125,15,7,AAGTTGCAGAGGGTTGCAGA,8,4340834
yadI_predicted,0.375,9,7,AACGCGTTGCGAGACACTAG,2,4320925
yadI_predicted,0.25,8,7,AACCAAGGGGTGGGACGCGG,1,4297891
yadI_predicted,0.25,8,7,AAATTCTCGGTGCAGAGGGC,1,4311778
yadI_predicted,0.25,8,7,AAATGTGATAGGGCCGTTGG,1,4309421
yadI_predicted,1.125,15,7,AAACTGGACAAATGGTTATG,8,4330800
yadI_predicted,0.42857142857142855,8,6,TTTTACCTTGATCGAAACCA,2,4358374
yadI_predicted,0.2857142857142857,7,6,TTTTACATTCTGCCGGTGTT,1,4314484
yadI_predicted,0.2857142857142857,7,6,TTCCTATTCCACTAAACCTA,1,4330074
yadI_predicted,0.8571428571428571,11,6,TTCATTATTATGAGGAACCA,5,4360223
yadI_predicted,0.8571428571428571,11,6,TTACTGCTCAGCGCACCGTG,5,4295269
yadI_predicted,0.42857142857142855,8,6,TTACAGTCAAACATAAGGTC,2,4325253
yadI_predicted,0.42857142857142855,8,6,TTACACGCTAAACCTTCGGA,2,4336441
yadI_predicted,0.42857142857142855,8,6,TGTGCGGCAACCCACATAGT,2,4303729
yadI_predicted,0.2857142857142857,7,6,TGTCTGTAAGCGGCAATCTT,1,4351170
yadI_predicted,0.2857142857142857,7,6,TGGTGATCAATAATGAGTGC,1,4355641
yadI_predicted,0.2857142857142857,7,6,TGGGAGGACTTTCTTCGATC,1,4297942
yadI_predicted,0.2857142857142857,7,6,TGGCAGAAAGCCTTGATAGG,1,4317648
yadI_predicted,0.7142857142857143,10,6,TGAAGCTGGAACTTTCCGGA,4,4329701
yadI_predicted,0.2857142857142857,7,6,TGAAAGAAGAGCGTGCGCTT,1,4351610
yadI_predicted,0.8571428571428571,11,6,TCTTAGACAGTGCATCTGTC,5,4305854
yadI_predicted,0.2857142857142857,7,6,TCTGTACTGCATCTTTCTAC,1,4347983
yadI_predicted,0.2857142857142857,7,6,TCTACAATGATTTTGCTCTC,1,4333306
yadI_predicted,0.2857142857142857,7,6,TCGCATCGATTTTGTCCATT,1,4356027
yadI_predicted,0.8571428571428571,11,6,TCCAGCCGTGCAGCACCATG,5,4318297
yadI_predicted,0.5714285714285714,9,6,TCAATACAGTTAGATTAAGT,3,4306321
yadI_predicted,0.2857142857142857,7,6,TATTATGCCGAGAGCCTATG,1,4311783
yadI_predicted,2.4285714285714284,22,6,TATGCCAGTTTACGGACGCA,16,4342255
yadI_predicted,0.2857142857142857,7,6,TATCTGTATCTCGGCTCGGG,1,4294073
yadI_predicted,1.4285714285714286,15,6,TATCCGTCCTTGCTTCAGAA,9,4332719
yadI_predicted,0.42857142857142855,8,6,TACTTTGGTGGATAAGAGCA,2,4343384
yadI_predicted,0.2857142857142857,7,6,TACCTGTAGTCTTCCCCCCA,1,4321727
yadI_predicted,0.2857142857142857,7,6,TAATCTGGTTTATCTTCGCG,1,4307857
yadI_predicted,0.2857142857142857,7,6,TAACTTTCGAAGGTTCTTAC,1,4323876
yadI_predicted,0.8571428571428571,11,6,GTTCTTGCTCCGATCCAGCT,5,4321954
yadI_predicted,0.42857142857142855,8,6,GTTCAAAATGATTATAACCA,2,4344473
yadI_predicted,0.2857142857142857,7,6,GTTACGTCGGCATAAGTCAG,1,4348961
yadI_predicted,0.7142857142857143,10,6,GTGAGCGACGTACAAATGGT,4,4325327
yadI_predicted,0.42857142857142855,8,6,GTAATAGGCACCTCAGCGAT,2,4330019
yadI_predicted,0.5714285714285714,9,6,GGTGCCAATAAAGCCTACCG,3,4368114
yadI_predicted,0.2857142857142857,7,6,GGTCAGTTCGCTCCCGTCCG,1,4354485
yadI_predicted,0.2857142857142857,7,6,GGTCAAGGACCGGTGTCCGT,1,4322425
yadI_predicted,0.2857142857142857,7,6,GGGGGGGAGTTTGCCGACTA,1,4352762
yadI_predicted,2.142857142857143,20,6,GGCGCACAAGGTCCGCGCAA,14,4319321
yadI_predicted,0.2857142857142857,7,6,GGATCGGACCGACAACGTCA,1,4351559
yadI_predicted,0.2857142857142857,7,6,GGACGATGACTCACGGGTTA,1,4358513
yadI_predicted,0.2857142857142857,7,6,GCTTAACTCTTCCATGATGT,1,4303128
yadI_predicted,0.2857142857142857,7,6,GCTGGTCCGTATGCTCCATT,1,4362680
yadI_predicted,0.2857142857142857,7,6,GCCAACAGGCCGGGTGCCCT,1,4322037
yadI_predicted,0.2857142857142857,7,6,GATTGTTCGATCTTTACGAT,1,4359456
yadI_predicted,0.2857142857142857,7,6,GATTGAACCTTGGTGATAAA,1,4286706
yadI_predicted,0.2857142857142857,7,6,GAGTTACGGACTGACATTCG,1,4343203
yadI_predicted,0.2857142857142857,7,6,GAGAGTGATAGCATGCGCGA,1,4347254
yadI_predicted,0.42857142857142855,8,6,GAAAAACCTGCCGACCTTGG,2,4350789
yadI_predicted,0.2857142857142857,7,6,CTTTCCGCCTATATACAAGT,1,4338204
yadI_predicted,1.1428571428571428,13,6,CTTATTGTATGTTGTGGGAG,7,4360108
yadI_predicted,0.2857142857142857,7,6,CTCTAACCCCCGGACGTCCC,1,4285906
yadI_predicted,0.42857142857142855,8,6,CTCCTATTACAGGGTTTTTG,2,4319105
yadI_predicted,0.2857142857142857,7,6,CTCATTATCAAAAGATGCTC,1,4336850
yadI_predicted,0.2857142857142857,7,6,CTACCCATAAAAGAGTCGGA,1,4300649
yadI_predicted,0.2857142857142857,7,6,CGTGTGCTTAAAGAGAAGGT,1,4343833
yadI_predicted,1.0,12,6,CGTGAGATCGTCGGATGTAA,6,4287951
yadI_predicted,0.2857142857142857,7,6,CGCCCCTAGGGCAATCGCGA,1,4314756
yadI_predicted,0.5714285714285714,9,6,CGCCCAAAATGCCCTCTGAG,3,4313629
yadI_predicted,0.8571428571428571,11,6,CGATACCTGTGCGACGTACT,5,4365669
yadI_predicted,0.2857142857142857,7,6,CGACAACATCGCATACTGCT,1,4307999
yadI_predicted,0.2857142857142857,7,6,CCGGTAACTATCGAGATGTT,1,4330088
yadI_predicted,0.42857142857142855,8,6,CCGAAGTCTGTGTGGTCTGT,2,4284178
yadI_predicted,0.7142857142857143,10,6,CCCGGAGAACTGGCTCGGGG,4,4318017
yadI_predicted,0.2857142857142857,7,6,CCACCGTCCACGCCGATACC,1,4337477
yadI_predicted,0.2857142857142857,7,6,CATCTGCAGACACGGTTTTA,1,4306938
yadI_predicted,0.2857142857142857,7,6,CAGTGTAGGATGGAGAAGGG,1,4342378
yadI_predicted,0.2857142857142857,7,6,CACAATTGCGCGGACCCGAA,1,4332357
yadI_predicted,1.7142857142857142,17,6,CAAGAAAAACTGGTTAGATC,11,4296854
yadI_predicted,0.2857142857142857,7,6,ATGTTCTCTCATGTCACAAG,1,4332551
yadI_predicted,0.2857142857142857,7,6,ATGAGTTACTCTACGTAAAT,1,4294371
yadI_predicted,0.8571428571428571,11,6,ATCTCTCGGTGCCCAGGCAG,5,4327654
yadI_predicted,0.2857142857142857,7,6,ATCCATTAAGCCTCATAGTT,1,4317319
yadI_predicted,0.2857142857142857,7,6,ATATTGGCCGAAGTCAGAGC,1,4358655
yadI_predicted,0.2857142857142857,7,6,ATAGTGAGTGCATTTGTAGG,1,4309851
yadI_predicted,0.2857142857142857,7,6,ATACCGAGCCGGGTCTCGGT,1,4291507
yadI_predicted,1.0,12,6,AGTTTTTGTGCGGGTATGAG,6,4327045
yadI_predicted,0.2857142857142857,7,6,AGTTGTAACGGAAAGTTTTT,1,4338994
yadI_predicted,304.0,2133,6,AGTAAGGTTACGGGTATGGT,2127,4295333
yadI_predicted,0.2857142857142857,7,6,AGGTTTCTCTTGTACACGTT,1,4319475
yadI_predicted,1.4285714285714286,15,6,AGGTCTGTCCAGCATAAGGA,9,4310827
yadI_predicted,0.2857142857142857,7,6,ACTTTCTCGATTATTCGGTC,1,4286238
yadI_predicted,0.2857142857142857,7,6,ACTGAGCACTGGAGGACGTC,1,4311522
yadI_predicted,0.2857142857142857,7,6,ACTCACCTGAGCTGCAACCG,1,4344813
yadI_predicted,0.2857142857142857,7,6,ACGGGTCCGGCACTCGGTCA,1,4354269
yadI_predicted,0.2857142857142857,7,6,ACGCCTGGATCGGGAATGGT,1,4359017
yadI_predicted,1.0,12,6,ACGCAACAATATACGCACGG,6,4361480
yadI_predicted,0.2857142857142857,7,6,ACCTACGTTGACTAGAGATA,1,4298053
yadI_predicted,0.2857142857142857,7,6,ACCGAGATGAAGCAAGGATA,1,4368158
yadI_predicted,0.2857142857142857,7,6,ACCCGATCCTTGTTTAGGAG,1,4319087
yadI_predicted,0.42857142857142855,8,6,ACACCGTCTACACGTCAACC,2,4331987
yadI_predicted,2.4285714285714284,22,6,ACAACTATGGTGATGTGGAC,16,4339066
yadI_predicted,0.42857142857142855,8,6,AAGAGTAAGAAAGGAGATGT,2,4318136
yadI_predicted,3.142857142857143,27,6,AACTTTTGCTGTACCCGGAA,21,4297219
yadI_predicted,0.2857142857142857,7,6,AACTTCTGTTGGGATAACAT,1,4362446
yadI_predicted,0.2857142857142857,7,6,AACAGCAAGTATGCGTTTGT,1,4302049
yadI_predicted,0.2857142857142857,7,6,AACACGCAATTAACTCGACA,1,4340934
yadI_predicted,0.2857142857142857,7,6,AAATGTACCCGGGTTCTTAG,1,4312757
yadI_predicted,0.2857142857142857,7,6,AAATGCTCTCTGTCACCTCG,1,4293249
yadI_predicted,0.2857142857142857,7,6,AAATAGCAGGTAGTGGGTTA,1,4346279
yadI_predicted,0.2857142857142857,7,6,AAAGCGTTGCAAGAAGCGCT,1,4296864
yadI_predicted,0.3333333333333333,6,5,TTTATCTCGAGGCAGCACCA,1,4298329
yadI_predicted,0.3333333333333333,6,5,TTCTCTAACGCAGTGGCTTA,1,4317321
yadI_predicted,0.6666666666666666,8,5,TTCGTCGTTTTTCGCCTGTA,3,4331297
yadI_predicted,0.3333333333333333,6,5,TTCGAACCCAGGCGATTCTC,1,4308852
yadI_predicted,0.3333333333333333,6,5,TTATAGCAGTACGAAGTACA,1,4366194
yadI_predicted,0.3333333333333333,6,5,TTACTATGGAAATTTGCCCT,1,4295915
yadI_predicted,0.3333333333333333,6,5,TTACCGAGGATCTCCCTACC,1,4357811
yadI_predicted,0.6666666666666666,8,5,TGTACGCTACGGAAAGCACT,3,4366699
yadI_predicted,0.3333333333333333,6,5,TGCGGGAACTATTTCCTTGC,1,4319847
yadI_predicted,0.6666666666666666,8,5,TGCATACCCCGGTGTGGATA,3,4354617
yadI_predicted,0.3333333333333333,6,5,TGATTCGGGTAGCACTAGAA,1,4327216
yadI_predicted,0.5,7,5,TGAGTTGTCAGGTCTTTGTC,2,4294268
yadI_predicted,0.3333333333333333,6,5,TCGTTTACTGGGGGTCGTTG,1,4334837
yadI_predicted,0.5,7,5,TCGTCCCTTATTGTAAGAAT,2,4304095
yadI_predicted,3.3333333333333335,24,5,TCGGATCTCATCGCAAGACA,19,4352454
yadI_predicted,0.3333333333333333,6,5,TCCTTATCAGCCAGTCTGCT,1,4362371
yadI_predicted,1.3333333333333333,12,5,TCCGGTTCTAGGAGGGCACC,7,4367565
yadI_predicted,1.6666666666666667,14,5,TCAGGCACTTCCCCCGACCT,9,4359999
yadI_predicted,0.3333333333333333,6,5,TATGGGGTTAAGTTTCGATT,1,4344603
yadI_predicted,0.3333333333333333,6,5,TATGCGCGCATACGCAGGGT,1,4304494
yadI_predicted,0.3333333333333333,6,5,TAAGAGGTACATTCGGTCCC,1,4304836
yadI_predicted,0.3333333333333333,6,5,TAACAGAGGTACCGAGACTC,1,4359582
yadI_predicted,406.0,2440,5,GTTCGGTGAACCGGACTGGC,2435,4305902
yadI_predicted,0.3333333333333333,6,5,GTGTGCCAGGATCACGGAAG,1,4353295
yadI_predicted,1.0,10,5,GTCTTTTTAAATAGCGCTTT,5,4305971
yadI_predicted,0.3333333333333333,6,5,GTAGATAACACTTTGTATCA,1,4360005
yadI_predicted,1.3333333333333333,12,5,GGTGTAAGGTAGTGTCACGG,7,4333586
yadI_predicted,0.3333333333333333,6,5,GGGGTAAATCGTCAAATTTT,1,4290625
yadI_predicted,1.1666666666666667,11,5,GGGATTGCTTCAGCGCTCTG,6,4330385
yadI_predicted,0.3333333333333333,6,5,GGCTAATCTCGTGACAGGTA,1,4335270
yadI_predicted,0.3333333333333333,6,5,GCTCTAGAACAAACGTAGTG,1,4363197
yadI_predicted,0.8333333333333334,9,5,GCTCCGAGCGCCCCATCGTT,4,4318045
yadI_predicted,0.3333333333333333,6,5,GCGGGCGTACGGTGCGGCTA,1,4367119
yadI_predicted,1.8333333333333333,15,5,GCGATTGAAAGTTCTGCTAG,10,4346885
yadI_predicted,0.8333333333333334,9,5,GCCTGCAACGAGCGTTTAAA,4,4328711
yadI_predicted,0.3333333333333333,6,5,GCCGTCGTGTGGGCTTCAGG,1,4338591
yadI_predicted,0.3333333333333333,6,5,GCAGTCTTGTTTAAGCAGGG,1,4291448
yadI_predicted,0.3333333333333333,6,5,GCAAGTAAGCTGGTCATCTT,1,4301854
yadI_predicted,0.3333333333333333,6,5,GATAGGCGTTGCCGTAATGG,1,4345340
yadI_predicted,0.5,7,5,GAGGCAGCCGTGGTAACGAC,2,4298479
yadI_predicted,0.3333333333333333,6,5,GAGCCAAATGGCACTGCATC,1,4350452
yadI_predicted,0.8333333333333334,9,5,GACGAGAGCGCGCCGCATGT,4,4331919
yadI_predicted,0.5,7,5,CTTGGTAGCGCAAGGATATC,2,4335836
yadI_predicted,0.3333333333333333,6,5,CTGGTTCCGACTTGAGGTTT,1,4345988
yadI_predicted,0.5,7,5,CTGCTTGGCCGTAGGGTCTG,2,4305775
yadI_predicted,1.0,10,5,CTGCGTTGTAATGCTCTCGG,5,4352486
yadI_predicted,0.3333333333333333,6,5,CTGCGAATCAAGTTAATTAC,1,4330448
yadI_predicted,1.6666666666666667,14,5,CTAGGCCATCATGGAGCAAT,9,4324177
yadI_predicted,0.3333333333333333,6,5,CGTGAACTCCTGGAGTCTTA,1,4295885
yadI_predicted,0.6666666666666666,8,5,CGTAAACGCTCCGATCTAAC,3,4356430
yadI_predicted,0.5,7,5,CGGCTTTCACATATAAACGA,2,4310286
yadI_predicted,0.3333333333333333,6,5,CGCTACAGGCGCCGCAAGCA,1,4300821
yadI_predicted,2.0,16,5,CGATAGTAAGGTCGGTTATA,11,4306697
yadI_predicted,0.3333333333333333,6,5,CGAGGCTTAATTGATGTAGC,1,4357589
yadI_predicted,0.3333333333333333,6,5,CGACTAAGGCTCAACCTTGT,1,4366090
yadI_predicted,0.3333333333333333,6,5,CGAATTTGACTTTGTGGATG,1,4306456
yadI_predicted,0.3333333333333333,6,5,CGAAGCCCCATTGGAGCTCC,1,4292482
yadI_predicted,0.3333333333333333,6,5,CCTGGCACACGGTTAATGAA,1,4363773
yadI_predicted,0.3333333333333333,6,5,CCGCACGTTTTACTGTCATC,1,4356188
yadI_predicted,406.3333333333333,2442,5,CCCTTCATCATGCTATCGAA,2437,4291509
yadI_predicted,0.3333333333333333,6,5,CCACTTTTAGTTCTTGGAGC,1,4364685
yadI_predicted,0.3333333333333333,6,5,CAGTCTTAGATTTGTGAGGC,1,4303538
yadI_predicted,0.5,7,5,CAGCTGGCGCGCTCTAGGCA,2,4296021
yadI_predicted,0.6666666666666666,8,5,CAGATCCTCTCGGTCGCAGT,3,4337072
yadI_predicted,0.5,7,5,CACAGTTCGCCGCTAGACAC,2,4335563
yadI_predicted,1.3333333333333333,12,5,CAAAGGAATACATGGACCCT,7,4359168
yadI_predicted,1.0,10,5,ATTAAGGCGACCCACGTCGC,5,4333943
yadI_predicted,0.5,7,5,ATGTTCCATAACTCCACCTC,2,4341948
yadI_predicted,0.5,7,5,ATGTATGGCGTGAACACGCA,2,4342830
yadI_predicted,0.3333333333333333,6,5,ATGGCCTCTATGTTACATCT,1,4353902
yadI_predicted,0.3333333333333333,6,5,ATCTTTGGCTGCTGATGGTA,1,4340423
yadI_predicted,1.1666666666666667,11,5,ATCTCGCCTATAGAAATTCT,6,4337747
yadI_predicted,0.3333333333333333,6,5,ATCGAGAGGAACTTCCAGTT,1,4287996
yadI_predicted,0.3333333333333333,6,5,ATCACCGGATCCTTCGGGCA,1,4367723
yadI_predicted,0.3333333333333333,6,5,ATATGGCCCGCTTTAATCGA,1,4363898
yadI_predicted,0.5,7,5,ATAATTGCTAGCCGAACCCC,2,4335558
yadI_predicted,0.3333333333333333,6,5,ATAACGTTTGTTCACAGAAT,1,4356061
yadI_predicted,0.5,7,5,AGTCCGTCTCACGCTGTTCG,2,4367127
yadI_predicted,0.8333333333333334,9,5,AGTCAAATGATAGAGGTAGG,4,4337762
yadI_predicted,0.5,7,5,AGGTGCAAGCCTCTTTTTAC,2,4351814
yadI_predicted,0.3333333333333333,6,5,AGCAATGCCGGTCCCCATTA,1,4299015
yadI_predicted,0.3333333333333333,6,5,AGATTGGGACACTCTTTCCT,1,4293285
yadI_predicted,0.6666666666666666,8,5,AGAGTTCCATCCCCCGAGGG,3,4284609
yadI_predicted,0.3333333333333333,6,5,AGAGACGGCCGCGGAAGGTT,1,4309164
yadI_predicted,0.3333333333333333,6,5,ACTGTGATGACAGGGAATGA,1,4319305
yadI_predicted,0.3333333333333333,6,5,ACGTGTCTATGGAGTCAAGT,1,4325763
yadI_predicted,0.3333333333333333,6,5,ACCGTGACTTTTTGATGTTT,1,4361790
yadI_predicted,0.3333333333333333,6,5,ACCGACCCAGTACTTCTATC,1,4308583
yadI_predicted,1.6666666666666667,14,5,ACCATATTCCCCCCGTTAGC,9,4357549
yadI_predicted,0.3333333333333333,6,5,ACAGCGTGCCCGGAATAAGG,1,4349941
yadI_predicted,0.3333333333333333,6,5,ACACTCAGGTTCAGTGGGCG,1,4319725
yadI_predicted,0.3333333333333333,6,5,AATGAATAGATCTCTCACGC,1,4363048
yadI_predicted,0.3333333333333333,6,5,AAGTCCTGGGCCGGCGGGCT,1,4343887
yadI_predicted,422.1666666666667,2537,5,AACAGGTTCACCAATACTAC,2532,4321153
yadI_predicted,0.3333333333333333,6,5,AAATGGAGAGAACGTGCGCT,1,4348880
yadI_predicted,0.3333333333333333,6,5,AAATCCTGGCCTCACACGCT,1,4363965
yadI_predicted,0.4,5,4,TTTCGATGCGAGCTGTTGCA,1,4313262
yadI_predicted,0.4,5,4,TTGGCAATTATTTTGGAACA,1,4289966
yadI_predicted,1.0,8,4,TTAGTGACTTCCCGCGGGAG,4,4301056
yadI_predicted,0.6,6,4,TTACATAATGCGAATGCTCT,2,4326550
yadI_predicted,1.4,10,4,TGGGTCTTCACTCGCGCAAA,6,4333284
yadI_predicted,0.4,5,4,TGGCTCGGCTTCACATCCTG,1,4316459
yadI_predicted,1.0,8,4,TGCTGCATTGGCATAGGCGA,4,4346380
yadI_predicted,0.4,5,4,TGCTAAGTACTCACAAGTCA,1,4323920
yadI_predicted,0.4,5,4,TGCGTAAGTTTGCATACTTT,1,4307256
yadI_predicted,0.6,6,4,TGCAATAGTAATAGCCGATA,2,4315704
yadI_predicted,0.4,5,4,TGATAGCTAGGTCATCTGCA,1,4324228
yadI_predicted,0.6,6,4,TCTTGCCCAATGCGTCACCC,2,4288999
yadI_predicted,0.4,5,4,TCAGGTGTCAACCCTGCGAT,1,4367233
yadI_predicted,0.8,7,4,TCAGGGGCACGATGTCCGAT,3,4322940
yadI_predicted,0.4,5,4,TCAAGAAGTCCCTCAGTTCC,1,4338158
yadI_predicted,1.0,8,4,TAACAGAGTTCATGTTGTTA,4,4364922
yadI_predicted,0.4,5,4,TAAAGAGTACTTACTGTGGA,1,4291417
yadI_predicted,0.6,6,4,GTGATGGTACTGATGCACAA,2,4314841
yadI_predicted,0.4,5,4,GTCATGGGGGTGGTAAATAC,1,4316812
yadI_predicted,0.8,7,4,GTACCTGTGTAACGCAACCC,3,4305003
yadI_predicted,0.4,5,4,GGTGTAGATTCGCAAAAAGA,1,4285679
yadI_predicted,0.6,6,4,GGGGGTTGGCCCCTCCGAGC,2,4365484
yadI_predicted,0.4,5,4,GGGAATTCCTGCATATAAAG,1,4303709
yadI_predicted,0.4,5,4,GGAGTGCGTTCGAACCGCTC,1,4324407
yadI_predicted,0.4,5,4,GCTTCAGGCAGTTGAATTCG,1,4292122
yadI_predicted,0.4,5,4,GCTCACTCTTTATGAGGTTC,1,4291253
yadI_predicted,457.2,2289,4,GCGGTCTCGAATCTCACGAT,2285,4289018
yadI_predicted,0.4,5,4,GCGGGTGAAAATCCGTCCTG,1,4312039
yadI_predicted,0.8,7,4,GCGCGTTCTGAAATGGTGTA,3,4316650
yadI_predicted,0.8,7,4,GCGCCGATTCTGCATTCCGT,3,4346844
yadI_predicted,0.4,5,4,GCACTGTTGTACGAGCATCA,1,4286561
yadI_predicted,0.4,5,4,GCAATCGGCCTTAGCAAGTG,1,4312845
yadI_predicted,0.4,5,4,GATCATCTGTCCCGCAAGTG,1,4327793
yadI_predicted,2.2,14,4,GACCCATATTTAGGGCTAAC,10,4321179
yadI_predicted,0.4,5,4,GAAGTTTCCCCTCTTTGGTC,1,4315430
yadI_predicted,0.4,5,4,GAAGTTACGAGTTGTTAGCC,1,4311642
yadI_predicted,2.6,16,4,GAACGACGTCCGAATGTTGA,12,4305537
yadI_predicted,0.6,6,4,CTTTTACCTAACCGGGGAAT,2,4299120
yadI_predicted,0.4,5,4,CTTTCCCCTGAACACGCAAG,1,4312355
yadI_predicted,3.8,22,4,CTCTGTACTTGAAAGATCGG,18,4357065
yadI_predicted,1.4,10,4,CGTACCTTACGCCGCTAGTC,6,4359647
yadI_predicted,0.4,5,4,CGGACCGGGCTCCCACTACA,1,4360152
yadI_predicted,0.4,5,4,CCGGTAGTGTCTAGAGGGGC,1,4300447
yadI_predicted,0.4,5,4,CCCCTGAAAAGGAAGCAGAG,1,4318969
yadI_predicted,505.4,2530,4,CCATAGAGCTTGTGACCGGT,2526,4287220
yadI_predicted,0.4,5,4,CAGCGGCGAAAGCGCTCGAT,1,4348428
yadI_predicted,0.8,7,4,CACGTCCGTAGGCACGACTT,3,4342315
yadI_predicted,0.6,6,4,CAAGTAGGCGCGCACATTAG,2,4320624
yadI_predicted,0.4,5,4,ATGTGCTTCGGGCACAGTTT,1,4311460
yadI_predicted,0.6,6,4,ATCGCTGTTCAAGGTACAAG,2,4311492
yadI_predicted,1.2,9,4,ATATCTCGGTTTTTTTAATC,5,4341559
yadI_predicted,0.4,5,4,AGTTCCTCATATGAGGAGAT,1,4316450
yadI_predicted,0.4,5,4,AGTGGGAAACTCTCATCTTG,1,4340051
yadI_predicted,0.4,5,4,AGCCGAAGTCGGATACTACA,1,4340019
yadI_predicted,0.4,5,4,AGCCCAACCTACAAGAGGAT,1,4341479
yadI_predicted,0.6,6,4,AGCCATACTTCGCTAGGTAT,2,4364994
yadI_predicted,0.4,5,4,ACTGCCAACTGGTATTCCGT,1,4365913
yadI_predicted,0.4,5,4,ACTACGGTCTAAGGGAGTGG,1,4308798
yadI_predicted,0.4,5,4,ACGGACTATCACGGGGGCCA,1,4289186
yadI_predicted,1.0,8,4,ACCGCGCCACTCCGCCGGTG,4,4311728
yadI_predicted,0.4,5,4,ACATGTTCGGTGGGGTCAAA,1,4350554
yadI_predicted,0.4,5,4,ACATAGCTCGTAATGGGTTC,1,4305841
yadI_predicted,0.4,5,4,AATAGTGATTTTCCGATCAT,1,4354171
yadI_predicted,0.4,5,4,AAGCCCGCCCACGTACAAAT,1,4315321
yadI_predicted,0.5,4,3,TTTTTAAGAGGCATGCTGTG,1,4335645
yadI_predicted,0.5,4,3,TTTTCCGGCCCATGTTGTGG,1,4342970
yadI_predicted,0.5,4,3,TTTCAATATACATTTGAGCC,1,4316896
yadI_predicted,0.5,4,3,TTCTTTCCCCCCAGTGGTGG,1,4298006
yadI_predicted,0.5,4,3,TTCCCAAAACGCGTGGGGCA,1,4301330
yadI_predicted,0.5,4,3,TTCCATTCTCTGGTGCCCTT,1,4363025
yadI_predicted,2.5,12,3,TTATGGGCATGGGAAGGATA,9,4365536
yadI_predicted,0.5,4,3,TTATATTGTAGCCCTGATAC,1,4324942
yadI_predicted,0.75,5,3,TTACATTCCGCCGTCAAACA,2,4347625
yadI_predicted,0.75,5,3,TGTGTGGGGGTAAGTAGCGG,2,4368679
yadI_predicted,0.5,4,3,TGTACTGAATTAGTGGTGGT,1,4306254
yadI_predicted,0.5,4,3,TGCTTCCTCATGAGATTATT,1,4358480
yadI_predicted,0.5,4,3,TGCCGAATCTTTATCAATAT,1,4332740
yadI_predicted,0.5,4,3,TGATAGATGTATAGTACGTG,1,4356600
yadI_predicted,0.5,4,3,TGACGGTCACCGCCGCTTCT,1,4356249
yadI_predicted,1.5,8,3,TGACGAGACAGAATTTAAAT,5,4341900
yadI_predicted,0.5,4,3,TCTGGTAACGACGGCGGTCC,1,4355717
yadI_predicted,1.0,6,3,TCTGGGGCTGGAATCGTGGC,3,4353992
yadI_predicted,0.75,5,3,TCTGCAGATATCAACGATCT,2,4364925
yadI_predicted,0.75,5,3,TCTCGAAAACGACCCAGTTC,2,4289646
yadI_predicted,0.5,4,3,TCGGCAGAACCGCACTTTGC,1,4348085
yadI_predicted,1.5,8,3,TCCCGTGACTATGTACTTAT,5,4365961
yadI_predicted,0.5,4,3,TCCAGCACTAGACGGAGTCT,1,4290726
yadI_predicted,636.75,2549,3,TATTGACTAAGAAAGTCGCT,2546,4368272
yadI_predicted,1.75,9,3,TATCACTCTATAATCTATGG,6,4339558
yadI_predicted,0.5,4,3,TATAACAGACTCTCAAATAA,1,4300201
yadI_predicted,0.75,5,3,TAGCAGATTTCAACCTACTT,2,4302725
yadI_predicted,0.5,4,3,TACTCCCCTGATTCATAATT,1,4338696
yadI_predicted,0.5,4,3,TACCGCGTGTGAAAGCCAAA,1,4339779
yadI_predicted,2.0,10,3,GTTTTGATTCATACGTGACA,7,4335573
yadI_predicted,0.5,4,3,GTTCTTATCGAGTCACAACT,1,4323055
yadI_predicted,1.25,7,3,GTTATATCCGCGTACTCCCC,4,4311395
yadI_predicted,0.5,4,3,GTCCTATCCAAGCTGAAAAC,1,4303880
yadI_predicted,0.5,4,3,GTCAATGTACGAATCTTGTG,1,4364938
yadI_predicted,0.5,4,3,GTACTTGTTGATTGGCGTCT,1,4353759
yadI_predicted,0.75,5,3,GTACCATTACCTACGTGTTC,2,4351054
yadI_predicted,0.5,4,3,GGTTGCGAATTAGAGTTGAT,1,4325648
yadI_predicted,0.5,4,3,GGGCACAATTCCACGGTACT,1,4360425
yadI_predicted,0.5,4,3,GGCGCTGAGATTACCACCCT,1,4357200
yadI_predicted,1.0,6,3,GGATCCCTTTTATCCTAAAG,3,4325701
yadI_predicted,0.5,4,3,GGAGGGATGTTCCTGGAGGC,1,4313318
yadI_predicted,0.75,5,3,GCTAGTCCACGTTAATGGCC,2,4352872
yadI_predicted,0.75,5,3,GCGGTGGGGATACAAAATAA,2,4298635
yadI_predicted,2.25,11,3,GCGGGAACGAGATAATGTGT,8,4356650
yadI_predicted,0.5,4,3,GCGCACCCCACTAAAGACGC,1,4326595
yadI_predicted,2.0,10,3,GCAACCCGTAAGGTTTTCGG,7,4316102
yadI_predicted,0.5,4,3,GATTATCGCGGCTGCCTAAA,1,4332227
yadI_predicted,2.0,10,3,GAGCCCGCTTAGCAACTACC,7,4317334
yadI_predicted,1.25,7,3,GAGCCCCGGTTGTCTTTCAC,4,4359104
yadI_predicted,0.5,4,3,GAAGTGTGTATATGAAGATT,1,4330964
yadI_predicted,0.5,4,3,GAAGCGAGGGATGAACGACA,1,4314364
yadI_predicted,0.5,4,3,CTTTCTTCAAGGTGCGCGGA,1,4306957
yadI_predicted,0.5,4,3,CTTGTCTACTATTTCTGCTG,1,4304111
yadI_predicted,1.25,7,3,CTTGCCACGTACAGCCCTGG,4,4338651
yadI_predicted,2.25,11,3,CTGACCACGAAATGAAGTTG,8,4327523
yadI_predicted,0.75,5,3,CTCGTATCTAAGACGCTTTC,2,4321330
yadI_predicted,0.5,4,3,CTCGTAACACCATACAGCTC,1,4316526
yadI_predicted,1.75,9,3,CGCCAGGATATCCTGATATA,6,4295155
yadI_predicted,0.5,4,3,CGCAACAGCGAAAGGAGTAG,1,4325206
yadI_predicted,0.5,4,3,CGAATGCAAAGCACGGCTGC,1,4348844
yadI_predicted,2.0,10,3,CCTGTATAACCCCATTAATC,7,4366838
yadI_predicted,2.0,10,3,CCTCATTGGTGTAGAAGCGC,7,4338220
yadI_predicted,1.25,7,3,CCGCTGCGTGGATAATAGTG,4,4340930
yadI_predicted,2.75,13,3,CCAGCCACATGCAATACGTT,10,4304750
yadI_predicted,0.5,4,3,CCACTATACAATACATGACA,1,4303540
yadI_predicted,0.5,4,3,CCAATTAATATGGTGCGTTG,1,4325381
yadI_predicted,4.75,21,3,CAGTCAAAACGCTGCTAGAC,18,4324257
yadI_predicted,0.5,4,3,CACTGTTGAGAGTAATGGAC,1,4299199
yadI_predicted,0.5,4,3,CAATCAGCGGGTTCGAATAA,1,4343137
yadI_predicted,0.5,4,3,ATTTCACGGGGTCAACCTCT,1,4346175
yadI_predicted,0.5,4,3,ATTCTTGGGAATACGTGGTA,1,4364543
yadI_predicted,0.5,4,3,ATTATTGGTTCAGCTCCTAC,1,4303874
yadI_predicted,0.5,4,3,ATTAACGAGAGCGAACTTCT,1,4370022
yadI_predicted,0.5,4,3,ATGTAACACAAACTGGATTT,1,4361566
yadI_predicted,0.5,4,3,ATGGTGAACCACTTCGGCTA,1,4350704
yadI_predicted,1.0,6,3,ATGGGCGGCCCGGTACCGGG,3,4320812
yadI_predicted,0.5,4,3,ATGCCCGCGGTGAGGTACGA,1,4339618
yadI_predicted,1.0,6,3,ATGCCAAGGCACACCCGAGG,3,4286063
yadI_predicted,0.5,4,3,ATCTTGTGTCATACTCTTTA,1,4358312
yadI_predicted,0.5,4,3,ATCTTATCACATTGTGATGT,1,4323301
yadI_predicted,0.5,4,3,ATCGTCCTGAGATCGGTTTT,1,4300197
yadI_predicted,0.5,4,3,ATATGACTAAGGTGACCCGA,1,4306433
yadI_predicted,0.5,4,3,AGTCGGCCTCGTACACCATA,1,4325414
yadI_predicted,2.5,12,3,AGCCGGCTATACGGTGATAA,9,4340892
yadI_predicted,0.5,4,3,AGCATTCTGGACTCTCGCAA,1,4318502
yadI_predicted,1.0,6,3,AGCAGCTTCTACCGGTAGGT,3,4303501
yadI_predicted,0.75,5,3,ACGTGACACATTAGATACGT,2,4349897
yadI_predicted,0.5,4,3,ACGGCCCGTCGGGGTACATG,1,4336651
yadI_predicted,0.75,5,3,ACGATGCTGCAAAGGTGAGA,2,4308565
yadI_predicted,0.5,4,3,ACGAATATCGCAACGAACAC,1,4315577
yadI_predicted,0.5,4,3,ACCGGATTAACAGACTGGGT,1,4309251
yadI_predicted,1.0,6,3,ACCCAAGATGGCTATTTAGA,3,4355541
yadI_predicted,1.0,6,3,ACATTTAAGCGCTCCTTGTC,3,4326402
yadI_predicted,0.5,4,3,ACATATAATAAGTGTTGTTA,1,4296030
yadI_predicted,0.5,4,3,ACACCCTCCAAGACAATATA,1,4348197
yadI_predicted,0.5,4,3,AATATGTTGCCGCCTAGAAA,1,4307167
yadI_predicted,1.0,6,3,AAGTGACTGATGACTCTCTG,3,4337567
yadI_predicted,0.5,4,3,AAGGATAGCGAGGTATTTGG,1,4330954
yadI_predicted,1.25,7,3,AAGACCTGACTGGACGCTCA,4,4341026
yadI_predicted,0.5,4,3,AACATGGGCATTGAAAGTTT,1,4305321
yadI_predicted,0.6666666666666666,3,2,TTTGGGTAGAAAGACAGGGA,1,4306153
yadI_predicted,2.0,7,2,TTTCTCCGATCTCCTCCAAA,5,4347456
yadI_predicted,1.0,4,2,TTTATTGGTCTGCCTCCCAT,2,4325833
yadI_predicted,1.6666666666666667,6,2,TTGCCGTTTCCCACATGCGG,4,4314689
yadI_predicted,0.6666666666666666,3,2,TTCTGACGTCTCCGACTTCT,1,4284773
yadI_predicted,0.6666666666666666,3,2,TTCTACGAACCGTTCGTCCT,1,4289532
yadI_predicted,1.0,4,2,TTAGGCAAAAGGGGCGAGCC,2,4326728
yadI_predicted,0.6666666666666666,3,2,TGTCATCGTCCAGTATTAGT,1,4289225
yadI_predicted,0.6666666666666666,3,2,TGGTGTGCGGGACGGGCGGG,1,4364884
yadI_predicted,0.6666666666666666,3,2,TGGAGAACGGGCGGTTTAAA,1,4344021
yadI_predicted,0.6666666666666666,3,2,TGCTCGCAATCCACGATGTC,1,4333605
yadI_predicted,0.6666666666666666,3,2,TGCGGATTAGGCCATCTGTT,1,4324490
yadI_predicted,0.6666666666666666,3,2,TGCAAACATATGAGACGTAC,1,4367554
yadI_predicted,0.6666666666666666,3,2,TGATCTAACCGGGCCAACCC,1,4365049
yadI_predicted,0.6666666666666666,3,2,TGACTGACACACTTCTTTAG,1,4362136
yadI_predicted,0.6666666666666666,3,2,TGAATATGGTCTGAATAATC,1,4329736
yadI_predicted,1.0,4,2,TCTCCAGTAGGCGTACAGAG,2,4325994
yadI_predicted,2.0,7,2,TCGGTCCAGCCAGGGGCGAA,5,4312525
yadI_predicted,1.0,4,2,TCGGGGAAAGAAATACAAAC,2,4369880
yadI_predicted,0.6666666666666666,3,2,TCGCCCTCCGTGCCCATGTA,1,4302999
yadI_predicted,0.6666666666666666,3,2,TCCTTAACATATGACAATGA,1,4369909
yadI_predicted,0.6666666666666666,3,2,TCCCGCGGATCCGACGGGTC,1,4328346
yadI_predicted,0.6666666666666666,3,2,TCATGGGCAAATGTGAGCAA,1,4344345
yadI_predicted,1.3333333333333333,5,2,TATATTGCGATGGTCGATCC,3,4293386
yadI_predicted,1.0,4,2,TACGTATCCGCTCGAAGAGC,2,4327544
yadI_predicted,0.6666666666666666,3,2,GTTATAACGGATTGGTCGCT,1,4322658
yadI_predicted,3.3333333333333335,11,2,GTTACATGAGGCGCCATCAT,9,4347150
yadI_predicted,0.6666666666666666,3,2,GTGTCCCAGGTTCTACCGAC,1,4348287
yadI_predicted,1.0,4,2,GTCACTTTAGTCGCCCGACA,2,4296119
yadI_predicted,1.0,4,2,GTATTCCCCTGCCGAAGATC,2,4318024
yadI_predicted,0.6666666666666666,3,2,GGGTCCAGTAGTGTCGCGGG,1,4300346
yadI_predicted,0.6666666666666666,3,2,GGAGTCTACCACGCACCTAA,1,4369131
yadI_predicted,1.6666666666666667,6,2,GCTTGTTAGTCTCTTACGCA,4,4351484
yadI_predicted,0.6666666666666666,3,2,GCACTCGGGGAGCCAGCGCC,1,4305251
yadI_predicted,0.6666666666666666,3,2,GAGATTTTAGACTTATTTGC,1,4358160
yadI_predicted,0.6666666666666666,3,2,GAATTACACAACTTGCCTTA,1,4284614
yadI_predicted,0.6666666666666666,3,2,CTGGTCAAGAGTACTCAAGT,1,4344252
yadI_predicted,0.6666666666666666,3,2,CTGGGCAATGCCTCCCACAC,1,4339609
yadI_predicted,1.3333333333333333,5,2,CTCTGGGTACCGCTTGTTTA,3,4335293
yadI_predicted,0.6666666666666666,3,2,CTCTCTCCTATCTCCCCTAA,1,4321651
yadI_predicted,2.3333333333333335,8,2,CTAACTCGGTTAACTGCCGT,6,4321698
yadI_predicted,0.6666666666666666,3,2,CGTGTCTTTAAGTATGTCAC,1,4336525
yadI_predicted,0.6666666666666666,3,2,CGTGCACGTGACGGAATCAA,1,4327016
yadI_predicted,2.3333333333333335,8,2,CGTCTCACCCCCTTGAGCGT,6,4313082
yadI_predicted,0.6666666666666666,3,2,CGCTCTCCAATCCCTAACTG,1,4292454
yadI_predicted,1.0,4,2,CGCTCATAGCATTAGGGTCT,2,4368308
yadI_predicted,0.6666666666666666,3,2,CGAGCCATCCATCCGCTCAC,1,4295999
yadI_predicted,0.6666666666666666,3,2,CGAAGATCGTCTTCGAACTC,1,4339542
yadI_predicted,0.6666666666666666,3,2,CCTAGGATCATCGTGCTTGA,1,4355358
yadI_predicted,0.6666666666666666,3,2,CCCGTCTCGCGCGCGCGACA,1,4352025
yadI_predicted,2.0,7,2,CCCCTTACATTGGTAAAAGA,5,4305079
yadI_predicted,0.6666666666666666,3,2,CCCATACGAAGGATAATGCA,1,4363906
yadI_predicted,3.0,10,2,CCCAGTTAAGTGAATATCGG,8,4296774
yadI_predicted,0.6666666666666666,3,2,CCAATATAGACGACGACCGC,1,4293817
yadI_predicted,1.0,4,2,CATAGTGGGTCCGATGTGGA,2,4306408
yadI_predicted,0.6666666666666666,3,2,CATAAACATACACTCGGACG,1,4360123
yadI_predicted,1.0,4,2,CAGTTTTATGAATCAATCAC,2,4327947
yadI_predicted,4.0,13,2,CAGGGCCATCGCATTAGGAC,11,4357184
yadI_predicted,0.6666666666666666,3,2,CAGCGGTATATGGTCCACGG,1,4309368
yadI_predicted,0.6666666666666666,3,2,CACTTGACCCCGGTAGTGCA,1,4343456
yadI_predicted,0.6666666666666666,3,2,CAAGGTGTATTGAGGCCAAT,1,4319697
yadI_predicted,1.3333333333333333,5,2,CAAATAATTGTTCCTCTCCT,3,4348859
yadI_predicted,0.6666666666666666,3,2,ATTTGTCCGGTTAGAACGGT,1,4311658
yadI_predicted,0.6666666666666666,3,2,ATGTGGCGTCGGCGGGCGAT,1,4348177
yadI_predicted,0.6666666666666666,3,2,ATGGGGTAGCACGTCCAAGA,1,4363762
yadI_predicted,1.0,4,2,ATATGGCTCTACAAGTATGT,2,4339102
yadI_predicted,0.6666666666666666,3,2,ATACACTACAGTTACCCTGC,1,4363684
yadI_predicted,0.6666666666666666,3,2,ATAAATGATAGGTAATGTTG,1,4366908
yadI_predicted,0.6666666666666666,3,2,AGTCTGAACCACCCTAAGAT,1,4365434
yadI_predicted,1.0,4,2,AGTATCAATCGGTTCGTGAA,2,4295305
yadI_predicted,1.0,4,2,AGGTTTGGAAGTTCATACCT,2,4365788
yadI_predicted,4.333333333333333,14,2,AGGTGAACAAGTGGCCTTAA,12,4301824
yadI_predicted,876.3333333333334,2630,2,AGCTTCACCTTGGCTTTTCA,2628,4328983
yadI_predicted,1.3333333333333333,5,2,AGCTCGGCGTATAGCGGGCG,3,4291209
yadI_predicted,0.6666666666666666,3,2,AGCACTAATTCAGAAAGCTG,1,4350458
yadI_predicted,1.0,4,2,AGCAATCTTATCATATCCCT,2,4297849
yadI_predicted,0.6666666666666666,3,2,AGACACTCACCATGTCGCCC,1,4339090
yadI_predicted,1.0,4,2,AGAAGGGCTGGTCGTCATGG,2,4306881
yadI_predicted,3.3333333333333335,11,2,ACGGGTAAACCACGACCGCC,9,4349697
yadI_predicted,0.6666666666666666,3,2,ACGGCTTCACTCTGGAGCAT,1,4313441
yadI_predicted,0.6666666666666666,3,2,ACGAGTGTGAATAATGCGAA,1,4292177
yadI_predicted,0.6666666666666666,3,2,ACCTATAATACGGTACGTGT,1,4329622
yadI_predicted,0.6666666666666666,3,2,AATCCGTCAAGCTACCGACC,1,4310645
yadI_predicted,0.6666666666666666,3,2,AATAGGGAGTTTTTTAAGGT,1,4324340
yadI_predicted,1.0,4,2,AACGAATTAATTCTAGACGG,2,4310128
yadI_predicted,0.6666666666666666,3,2,AAAAAAGGGAGTGAAGAGTC,1,4361151
yadI_predicted,1.0,2,1,TTTGAAGTATAAACGTTGGT,1,4338854
yadI_predicted,1.0,2,1,TTTAGCTATTAGTAACACTT,1,4362283
yadI_predicted,1253.0,2506,1,TTGTCTGGCGGTTCATGCTA,2505,4285211
yadI_predicted,1.0,2,1,TTGACGTACGTGACCATGAC,1,4304705
yadI_predicted,1.5,3,1,TTCGTCCGCCATTTCGCCGA,2,4353713
yadI_predicted,1.0,2,1,TTACGAGAGTGGGCAGACAC,1,4339093
yadI_predicted,1.0,2,1,TGGTCTGCTTGTCGGGACGC,1,4329870
yadI_predicted,1.0,2,1,TGGGCTCCATGCTCCAGAAT,1,4339707
yadI_predicted,1.0,2,1,TGGCTATTCCAAGGCAGCGA,1,4330352
yadI_predicted,1.0,2,1,TGGCGTAGAGACGTTTGGGG,1,4357146
yadI_predicted,5.5,11,1,TGCCGGAATTGCCAAATGTC,10,4370019
yadI_predicted,1.5,3,1,TGACTTCTGGTATCGCTCGT,2,4323227
yadI_predicted,1.0,2,1,TGACGTCTATTCTAATAATG,1,4354216
yadI_predicted,6.5,13,1,TCGCAAATCCCTACAGTGAA,12,4365826
yadI_predicted,1.0,2,1,TCACTTTGCCATCGGCCGGT,1,4294986
yadI_predicted,1.0,2,1,TATCCAAAAGAGTTTATTTT,1,4313388
yadI_predicted,1.0,2,1,TAGTGTGAAAGCTTGCGAAA,1,4357566
yadI_predicted,1.5,3,1,TACTGAAATGACCCTGCCAA,2,4321808
yadI_predicted,1.5,3,1,TAAGTATTCAAAGTTCGAGT,2,4349519
yadI_predicted,1.0,2,1,GTTATCGGAAACTTGACAAC,1,4305788
yadI_predicted,1.5,3,1,GTTAAACTCAACTTTCCCAT,2,4349219
yadI_predicted,1.0,2,1,GGTGCGCCCCGCGTCGATAT,1,4348003
yadI_predicted,3.0,6,1,GGTATCATTTTCAGGCGATC,5,4351734
yadI_predicted,5.5,11,1,GGTAGGTGATTGGAACGAAA,10,4359459
yadI_predicted,1.0,2,1,GGGTTCTTTCAGCACAAGAA,1,4343505
yadI_predicted,1.0,2,1,GCTAAGCTCCGTCTATTGGC,1,4365758
yadI_predicted,1.5,3,1,GCCCTTCCTTTAGTCGGCGG,2,4366714
yadI_predicted,2.5,5,1,GCCCGTGTCTAAGTGCGCGC,4,4312105
yadI_predicted,1.0,2,1,GCATGTGCGAATTTCAGTTC,1,4313491
yadI_predicted,1.0,2,1,GCAAAGCATTGTGCCCCTCG,1,4293710
yadI_predicted,1.0,2,1,GATCCTTGCTAATGCGGCGA,1,4366354
yadI_predicted,1.0,2,1,GATCAGGGTCTCTTTGATGC,1,4357683
yadI_predicted,1.5,3,1,GAGCTAGGAGTGCTGGCTCG,2,4330960
yadI_predicted,4.5,9,1,GACTGCCGGTTCAAGGACTA,8,4316753
yadI_predicted,7.0,14,1,CTTTCGGCACCAACGCACTT,13,4334343
yadI_predicted,1.0,2,1,CTTTAGTCGCCACGGCCCGA,1,4314823
yadI_predicted,2.5,5,1,CTTCTAGCCATCTCTGCCGT,4,4336093
yadI_predicted,1.0,2,1,CTGTGAGGGGCCTTCCAAAT,1,4289861
yadI_predicted,1.5,3,1,CTGTAGGTTAGGACCAAACA,2,4361052
yadI_predicted,1.0,2,1,CTGCGCTATAGACGAGTGCA,1,4367794
yadI_predicted,1.0,2,1,CTGAGTACGTGTGAGTGTCC,1,4312889
yadI_predicted,1.0,2,1,CTCCAACTGGGTCATTTGCT,1,4300997
yadI_predicted,1.5,3,1,CTAGAGCAACGCCGTCCGGA,2,4358711
yadI_predicted,1.0,2,1,CGTAGAGCTGGTACTGACTC,1,4316473
yadI_predicted,1.0,2,1,CGTACGGTATCAGTCGGGAT,1,4361156
yadI_predicted,1.0,2,1,CGCTTCTTTGGATCGGAACC,1,4339638
yadI_predicted,4.0,8,1,CGCGAGTCCGCACTTTATAA,7,4351970
yadI_predicted,1.0,2,1,CGCCCAAAGTTGGGTATTGC,1,4304491
yadI_predicted,1.0,2,1,CGATGCTGAAACGTTCGAGC,1,4291387
yadI_predicted,1.0,2,1,CCTGAGGATTTAGCCATAGG,1,4321502
yadI_predicted,1.0,2,1,CCTATACCTCAGTGAGCATT,1,4360801
yadI_predicted,1.0,2,1,CCTAATCAGGGGCCACGGGT,1,4337496
yadI_predicted,1.0,2,1,CCGGATGGACGGTAAGATAT,1,4310423
yadI_predicted,551.0,1102,1,CCGCCCGTTCGGAGAAGGTG,1101,4284158
yadI_predicted,1.0,2,1,CCCGAACTACGATCAACATG,1,4297629
yadI_predicted,3.5,7,1,CCATGGCGCGGCTCAAGCCT,6,4312330
yadI_predicted,1.0,2,1,CCATGGAGTGTCGGGCATAA,1,4341828
yadI_predicted,3.0,6,1,CCAGTCCTTCTCCACGGAAG,5,4292688
yadI_predicted,1.0,2,1,CCAGGTGGATTTACTCACTC,1,4305399
yadI_predicted,1.0,2,1,CATTGGTTATCTCCTTGGGT,1,4298323
yadI_predicted,6.5,13,1,CATCTGGGCGAGGAATCTTG,12,4303292
yadI_predicted,1.0,2,1,CATCAGGATCGAGACTGCGA,1,4319411
yadI_predicted,307.0,614,1,CACTCGAAGTTTTCGCCATA,613,4352934
yadI_predicted,1.0,2,1,CACCTTGTGGAGCTAAGCCG,1,4361483
yadI_predicted,1.0,2,1,CAATTAAAGGACGTTTGGGT,1,4285908
yadI_predicted,1.0,2,1,CAACGCGAGAATGGATCCCG,1,4364012
yadI_predicted,1.0,2,1,ATTGGCCTAGATGCCCGCCG,1,4351010
yadI_predicted,1.0,2,1,ATTGCGGTGCATAGTTAGCT,1,4352437
yadI_predicted,1.5,3,1,ATTGCATGGATAGGTGTGTC,2,4326393
yadI_predicted,1186.5,2373,1,ATTATGGATTACATATTGCG,2372,4335839
yadI_predicted,1.0,2,1,ATGGCCGCCATTCAGGGGCA,1,4307247
yadI_predicted,1.0,2,1,ATCGTGTGCGAGCATGGTGT,1,4368592
yadI_predicted,1.0,2,1,ATCCAATGCGTTGCTGGAAT,1,4316861
yadI_predicted,1.0,2,1,ATAGCCAAAAGAGTTTCTAA,1,4342818
yadI_predicted,1.5,3,1,ATAATTTTTTAAAATACGCT,2,4348221
yadI_predicted,1.0,2,1,AGGAACGAGACGCTCTGCGA,1,4307873
yadI_predicted,6.0,12,1,AGATTCATCCGAAACATTCT,11,4307667
yadI_predicted,4.0,8,1,AGAATACTAAATGGGCAATC,7,4288735
yadI_predicted,1.0,2,1,ACTTCAGAGGGAATCTCAGG,1,4304947
yadI_predicted,1.0,2,1,ACTGCGCCTCTAAGACCGCA,1,4368176
yadI_predicted,1.0,2,1,ACGGATTCTCGAACGTGAAC,1,4348200
yadI_predicted,2.0,4,1,ACATCATTACGGACTTTTGT,3,4369137
yadI_predicted,1.0,2,1,ACAGAGTAGCAAGGGGGTTA,1,4348266
yadI_predicted,1.0,2,1,AATGGGGATGGTATAGGGTT,1,4299591
yadI_predicted,1.0,2,1,AAGGACAAACGGGAAGATCT,1,4314811
yadI_predicted,0.006896551724137931,144,144,AGTCAATCTAGGCAGTCCAT,0,4314293
yadI_predicted,0.006993006993006993,142,142,GTGCGCTCAGTTATATCTAT,0,4299945
yadI_predicted,0.0072992700729927005,136,136,CGCTAAAGGTTGCGAGGTAT,0,4367424
yadI_predicted,0.007352941176470588,135,135,TGCATGTGAATCGGGGATAG,0,4284234
yadI_predicted,0.007352941176470588,135,135,GTTTGAATGTAAATCGCTGA,0,4285444
yadI_predicted,0.008,124,124,CTCTTACATTGAGGGCTATA,0,4319215
yadI_predicted,0.008264462809917356,120,120,TAAGGGACGCAGTAGGTAGT,0,4298797
yadI_predicted,0.008771929824561403,113,113,AGGTTCGGGATGCTGATACA,0,4285579
yadI_predicted,0.009009009009009009,110,110,GAGCTAGGCCGGGACGCCGT,0,4301933
yadI_predicted,0.009523809523809525,104,104,CGGGCCGGTAGACAAACCGA,0,4285943
yadI_predicted,0.009900990099009901,100,100,TAAACTATGATTCCACCACT,0,4320954
yadI_predicted,0.01,99,99,GAGCAAATGGGTTGGACGCT,0,4284941
yadI_predicted,0.01,99,99,ATCGTCTGGTGCATCTACGG,0,4350584
yadI_predicted,0.010101010101010102,98,98,CGTCATGGCGCCTGGAATTG,0,4291640
yadI_predicted,0.01020408163265306,97,97,TGCATGCTCGACGACTCAAA,0,4284189
yadI_predicted,0.010526315789473684,94,94,GTTACGAGCGCTGCTATCTA,0,4292035
yadI_predicted,0.010869565217391304,91,91,TGCATGGTCGAGAGGGGTAG,0,4315411
yadI_predicted,0.010869565217391304,91,91,CGATGGCATTAAAAGTTTGG,0,4308105
yadI_predicted,0.01098901098901099,90,90,ACGTGTAGGGAATATCAAAC,0,4344472
yadI_predicted,0.011111111111111112,89,89,AAAGTACGCACGTCATTCCA,0,4307241
yadI_predicted,0.011363636363636364,87,87,GGACCGCAATTCCCTGTCAA,0,4298383
yadI_predicted,0.011494252873563218,86,86,TATCGGGCTTCCCACGGATG,0,4332814
yadI_predicted,0.011494252873563218,86,86,ACACAGCCAAGAAGGCGAAA,0,4314726
yadI_predicted,0.011764705882352941,84,84,CCACTCTTACCGTGCCTGTG,0,4351444
yadI_predicted,0.011904761904761904,83,83,TTACCGGACTCCATAGAATT,0,4305061
yadI_predicted,0.012048192771084338,82,82,CGTTTATACGGACTAAGCCG,0,4286856
yadI_predicted,0.012048192771084338,82,82,AGGTGGATGTCAATGTCGCT,0,4284796
yadI_predicted,0.012195121951219513,81,81,GGCTCAAGTAACCATGGGCT,0,4312242
yadI_predicted,0.012195121951219513,81,81,GGAACTAAGCGACGAATCAA,0,4307181
yadI_predicted,0.012195121951219513,81,81,GCCACCAAATCACTTTTGGT,0,4295873
yadI_predicted,0.012195121951219513,81,81,GACGTTTCCGGAGATATCCA,0,4285362
yadI_predicted,0.012195121951219513,81,81,CATCCTCCATTAATTCAGCA,0,4306790
yadI_predicted,0.012345679012345678,80,80,TTATGCTTAGTTACCCTAGA,0,4292148
yadI_predicted,0.012345679012345678,80,80,TACCGTCGAAGGGTCCAGAT,0,4293798
yadI_predicted,0.012345679012345678,80,80,CGAACGGGTCAAACAGAGAC,0,4354447
yadI_predicted,0.012345679012345678,80,80,CATCGGGCTTATAAGAGTGA,0,4303549
yadI_predicted,0.0125,79,79,ATACAGAGAACTACTTCGGT,0,4330705
yadI_predicted,0.012658227848101266,78,78,CTTGCCGCATCATCCGCGAC,0,4286103
yadI_predicted,0.012658227848101266,78,78,ATTGACGATTTTCCCTCAGA,0,4286102
yadI_predicted,0.012658227848101266,78,78,AACAGGCATTTTTGAACGGC,0,4367227
yadI_predicted,0.01282051282051282,77,77,TTCTTTCAATAGTCCTCTGG,0,4284526
yadI_predicted,0.01282051282051282,77,77,GAGTGTACCCTATGTAAAGT,0,4357991
yadI_predicted,0.012987012987012988,76,76,CTTGATTACACGTGTGTTCA,0,4306492
yadI_predicted,0.013157894736842105,75,75,TTTAAATGGTAGATCGCGAT,0,4339494
yadI_predicted,0.013157894736842105,75,75,GTGATAGGGACCGCATGAGA,0,4289453
yadI_predicted,0.013157894736842105,75,75,CGGCTGCCTGGATATGTACG,0,4284332
yadI_predicted,0.013157894736842105,75,75,ACATCACCTGTGAATGGAAA,0,4291598
yadI_predicted,0.013333333333333334,74,74,GAATTAAACTGTGCCTGACA,0,4285780
yadI_predicted,0.013333333333333334,74,74,ATCAGCAGATGCCCGAAATG,0,4310091
yadI_predicted,0.013333333333333334,74,74,AAAGCCATTTAGTATGCGGT,0,4293420
yadI_predicted,0.013513513513513514,73,73,GACTAGACAGTCGGCAGTGC,0,4289256
yadI_predicted,0.013513513513513514,73,73,CTTGACGAAGTTCTCTTTTA,0,4286947
yadI_predicted,0.013513513513513514,73,73,CCGCGGATCGTGACCACATA,0,4301247
yadI_predicted,0.013513513513513514,73,73,CAAGACATCCAGAAGTAATA,0,4297872
yadI_predicted,0.0136986301369863,72,72,GTCTACGTGAGGCGATAGGC,0,4342982
yadI_predicted,0.0136986301369863,72,72,GCTGCCAGTCGTGCTGCCTA,0,4327963
yadI_predicted,0.0136986301369863,72,72,CTTTTTCCAGTATAGAGTTC,0,4334950
yadI_predicted,0.0136986301369863,72,72,CGACACTCGATCGGTTCGAG,0,4289666
yadI_predicted,0.0136986301369863,72,72,ACGGCTATCACAGGAAGATC,0,4306813
yadI_predicted,0.013888888888888888,71,71,TGATCTGCCCCGAGCAAACT,0,4295152
yadI_predicted,0.013888888888888888,71,71,TCATCGTGCCGGCAACATTA,0,4287839
yadI_predicted,0.013888888888888888,71,71,CTCGGTATGTAAATCTCGCT,0,4291963
yadI_predicted,0.013888888888888888,71,71,AGGGCGGATGGGCGGGGTGT,0,4287769
yadI_predicted,0.013888888888888888,71,71,AGACTGTACCCGATATTCAT,0,4353584
yadI_predicted,0.014084507042253521,70,70,GGGGAATCCACGGGCTCCAT,0,4363887
yadI_predicted,0.014084507042253521,70,70,GAGGGCAGAGGCATGGATAT,0,4295648
yadI_predicted,0.014084507042253521,70,70,CCAGGATAACACGAACGTCA,0,4298384
yadI_predicted,0.014084507042253521,70,70,ATCAGTAGCTTGTAGATCGA,0,4287448
yadI_predicted,0.014084507042253521,70,70,ACTCCCCACCAGGACCGCCT,0,4291738
yadI_predicted,0.014084507042253521,70,70,ACGTCAACGACCCGAGGAGT,0,4323835
yadI_predicted,0.014285714285714285,69,69,TGGAAATAAGCTCCATGCTA,0,4312583
yadI_predicted,0.014285714285714285,69,69,GTCCGCATTGGTACACACAT,0,4357254
yadI_predicted,0.014285714285714285,69,69,GGAGCCAGCCAGTAAGACTG,0,4291914
yadI_predicted,0.014285714285714285,69,69,GCACAGCTTCCAAAAATGTA,0,4348149
yadI_predicted,0.014285714285714285,69,69,GAGCTTAGTTAGGTGTCGAA,0,4304498
yadI_predicted,0.014285714285714285,69,69,CAGGACGGTGCTGGCAATGT,0,4320412
yadI_predicted,0.014285714285714285,69,69,AGGACGGATTATGGTGAGTG,0,4301638
yadI_predicted,0.014492753623188406,68,68,TTCGGGAAGTCTATTGGTTC,0,4339028
yadI_predicted,0.014492753623188406,68,68,GGACCCGTGCCCTTACACTT,0,4290642
yadI_predicted,0.014705882352941176,67,67,TTGTATTCTCAAGGGCCAAT,0,4299350
yadI_predicted,0.014705882352941176,67,67,TACCCCGCTGGACTCGACAT,0,4318339
yadI_predicted,0.014705882352941176,67,67,CGCTCGAAAGCTCTTCGAAA,0,4287131
yadI_predicted,0.014705882352941176,67,67,CATCGGAAACTAATATTCGT,0,4366180
yadI_predicted,0.014925373134328358,66,66,TTGCATCAGATGGCTGTCAT,0,4364315
yadI_predicted,0.014925373134328358,66,66,TGTAGACCGCCGTATCGGCG,0,4362205
yadI_predicted,0.014925373134328358,66,66,TACAATTCTCGCTTGGTGCA,0,4318066
yadI_predicted,0.014925373134328358,66,66,GTACTCGAGGTGGCTGACTT,0,4353423
yadI_predicted,0.014925373134328358,66,66,CCGGTGATTGCCTTGCAGTT,0,4293978
yadI_predicted,0.014925373134328358,66,66,CCCCTATGAGCAGCTGCAGT,0,4289798
yadI_predicted,0.014925373134328358,66,66,AGTTCAACGACGACCAGGCT,0,4288304
yadI_predicted,0.014925373134328358,66,66,AGTCGTGAGGAGCCAGGAAA,0,4337897
yadI_predicted,0.015151515151515152,65,65,TATTCTCTTGTACCTTTAAG,0,4360732
yadI_predicted,0.015151515151515152,65,65,TAACGAGTTGGGACCACTTT,0,4293552
yadI_predicted,0.015151515151515152,65,65,GTTCAAGCGCGGACGGCTTA,0,4322763
yadI_predicted,0.015151515151515152,65,65,GGTACTGTGCAAGCTTTGAC,0,4320640
yadI_predicted,0.015151515151515152,65,65,GGAAACATCATCCAGGCTGT,0,4285142
yadI_predicted,0.015151515151515152,65,65,GCACTTGTGAACAGACAGCT,0,4315410
yadI_predicted,0.015151515151515152,65,65,CCGGACCTTTGAGTCTGTAG,0,4311704
yadI_predicted,0.015151515151515152,65,65,CCGCCTGGTGGGGTGCTTAG,0,4367214
yadI_predicted,0.015151515151515152,65,65,CCCGCCTCGAGGGACCGGGT,0,4354250
yadI_predicted,0.015151515151515152,65,65,ATTTGTTTGGTACGCATGTG,0,4307731
yadI_predicted,0.015151515151515152,65,65,ATGAATCCGGTGCGTCCCAG,0,4297194
yadI_predicted,0.015151515151515152,65,65,AGTGCAATACGGCTCTTTAT,0,4308581
yadI_predicted,0.015151515151515152,65,65,AGTCATACATGACTACGGAA,0,4304172
yadI_predicted,0.015151515151515152,65,65,AGGGGGTGGGGTTTCATCGA,0,4304038
yadI_predicted,0.015151515151515152,65,65,AGGAGCACCTCGCGCTGGAA,0,4308525
yadI_predicted,0.015151515151515152,65,65,ACTCCTATATTACCAGACTT,0,4284648
yadI_predicted,0.015151515151515152,65,65,ACCCGAGTTAGCTCGCAATA,0,4342886
yadI_predicted,0.015151515151515152,65,65,AATATTGGGGGCGCACAGCT,0,4300559
yadI_predicted,0.015384615384615385,64,64,TTCACATAAGGCCACAGAGA,0,4319387
yadI_predicted,0.015384615384615385,64,64,GTCGCCGGGCTCGTCTACAA,0,4287990
yadI_predicted,0.015384615384615385,64,64,GTCATAGGAAAGGGGCCGGG,0,4304542
yadI_predicted,0.015384615384615385,64,64,AGATCGAGCTAGGAATGCTA,0,4329900
yadI_predicted,0.015384615384615385,64,64,AATATTCGGTCCCGTCGGTA,0,4311776
yadI_predicted,0.015625,63,63,TTCGCTAATCTGATTGCCAC,0,4317055
yadI_predicted,0.015625,63,63,CCATGCGGCTTCGATACCAT,0,4289637
yadI_predicted,0.015625,63,63,CATTTAGCTATTGAACGTCG,0,4302446
yadI_predicted,0.015625,63,63,AAGCTATGGGTGTTATGGAA,0,4357989
yadI_predicted,0.015873015873015872,62,62,TGGAGCTCAACCTTGTCATG,0,4316897
yadI_predicted,0.015873015873015872,62,62,TGCAGGCTGCTAGACTGTCT,0,4287516
yadI_predicted,0.015873015873015872,62,62,TCCCAAAAGGGACCGGAGAA,0,4323095
yadI_predicted,0.015873015873015872,62,62,GACAGCCAGTCATGTTCCCA,0,4295298
yadI_predicted,0.015873015873015872,62,62,CGGACGGCATGGATCCTCCC,0,4360354
yadI_predicted,0.015873015873015872,62,62,ATCACAAGGCATGGTGGCTA,0,4348450
yadI_predicted,0.015873015873015872,62,62,AGATTGCAGAAAATAGGAAT,0,4285448
yadI_predicted,0.015873015873015872,62,62,AATGACCGGGTCCCGTACTT,0,4302041
yadI_predicted,0.016129032258064516,61,61,TTGGCGGATATTCTGGCTAT,0,4290397
yadI_predicted,0.016129032258064516,61,61,TTCTAGGCCCTGCTGATGAC,0,4366958
yadI_predicted,0.016129032258064516,61,61,GAGCCGGCGGTTATGATTAA,0,4290763
yadI_predicted,0.016129032258064516,61,61,CTTGGTGGGTGTTAGGGCGA,0,4346804
yadI_predicted,0.016129032258064516,61,61,CAGGTCGGGAATGCCATCAA,0,4294132
yadI_predicted,0.016129032258064516,61,61,AGAAGTCCACTTTTGTGAGA,0,4352631
yadI_predicted,0.016129032258064516,61,61,ACCACCATAAGTGCCCTGAT,0,4292139
yadI_predicted,0.016129032258064516,61,61,AAGCAAACGAGTGATTGACT,0,4288611
yadI_predicted,0.01639344262295082,60,60,TGCCAGTACCTAGCAGTCCA,0,4285369
yadI_predicted,0.01639344262295082,60,60,TCGTATCGGGTAGCGCAAGA,0,4316339
yadI_predicted,0.01639344262295082,60,60,TAAAATTAGAAGTGTAGAAG,0,4332593
yadI_predicted,0.01639344262295082,60,60,CGTGGCGTCTCTCCACAGTT,0,4290285
yadI_predicted,0.01639344262295082,60,60,CAGTGCTCGCTTCCGCCACT,0,4293348
yadI_predicted,0.01639344262295082,60,60,ACGGTATTTCGTTCGCTCAG,0,4353093
yadI_predicted,0.016666666666666666,59,59,TCGGCGTAGATCCGGTCCTA,0,4324129
yadI_predicted,0.016666666666666666,59,59,TATCCCCGAATGTCTTTTAT,0,4304818
yadI_predicted,0.016666666666666666,59,59,TATAAAGCGACGTACCGGTT,0,4289118
yadI_predicted,0.016666666666666666,59,59,TAATTCGCTGCGAGAACCAT,0,4294658
yadI_predicted,0.016666666666666666,59,59,GTTTGCCACGTAAAAATACG,0,4326092
yadI_predicted,0.016666666666666666,59,59,CGGCTTTATTGTAAGCCCCA,0,4301127
yadI_predicted,0.016666666666666666,59,59,CCACTGGGTAGTCCATGTAA,0,4323047
yadI_predicted,0.01694915254237288,58,58,TGTAGACTCTGGTGTGGAGG,0,4305763
yadI_predicted,0.01694915254237288,58,58,GTCGGTAGTGCGCGACAAAG,0,4286051
yadI_predicted,0.01694915254237288,58,58,GCCAGAACTTCGAGGCCGAG,0,4344434
yadI_predicted,0.01694915254237288,58,58,CCGAAAATACGTCACTGGGT,0,4365903
yadI_predicted,0.01694915254237288,58,58,AGCTCCAGTCTAGCACTGTG,0,4308190
yadI_predicted,0.01694915254237288,58,58,AATACTCAAAGGTGAGTTGA,0,4359568
yadI_predicted,0.017241379310344827,57,57,TGCATTGCGGCATGCAAGTT,0,4303047
yadI_predicted,0.017241379310344827,57,57,TGAGCGGTACCCTTGTTCCT,0,4348494
yadI_predicted,0.017241379310344827,57,57,TATGAAGAAAAATGCGGGAA,0,4286176
yadI_predicted,0.017241379310344827,57,57,GGGATATATCTCCTTTTAGT,0,4291497
yadI_predicted,0.017241379310344827,57,57,GATAACTCCCTGAAGGTCCA,0,4294423
yadI_predicted,0.017241379310344827,57,57,CTTGTGTGTGCAGGTGGAAA,0,4358454
yadI_predicted,0.017241379310344827,57,57,CTTGGCATAGTATGTGATTC,0,4299173
yadI_predicted,0.017241379310344827,57,57,CAGTAGTTCATGGTTTACTA,0,4311546
yadI_predicted,0.017241379310344827,57,57,AGGTAGTGGGGGGCCTAATT,0,4308109
yadI_predicted,0.017241379310344827,57,57,AGGGCCTGTGGATCTCATAT,0,4290067
yadI_predicted,0.017241379310344827,57,57,AGCAGGCTCATGTTGCGAGA,0,4290675
yadI_predicted,0.017241379310344827,57,57,AAGGACAGAATTGCCAGAGT,0,4322670
yadI_predicted,0.017543859649122806,56,56,TGTCTTGTATCATCGGGATT,0,4318341
yadI_predicted,0.017543859649122806,56,56,TGATCGTCATGGCCGTGCGT,0,4349109
yadI_predicted,0.017543859649122806,56,56,TAAAATCTTGGGTGATGTAT,0,4318658
yadI_predicted,0.017543859649122806,56,56,GTCTCGCCCTTAGGGCCTGT,0,4318370
yadI_predicted,0.017543859649122806,56,56,GCAACCCCGGGTCATGTGTA,0,4289951
yadI_predicted,0.017543859649122806,56,56,GAGTGGAACGCACGGTACGC,0,4338005
yadI_predicted,0.017543859649122806,56,56,CTTGTCTGAAGCATTTCATG,0,4307853
yadI_predicted,0.017543859649122806,56,56,CTAGAGCTTCGTTCGGACCT,0,4345618
yadI_predicted,0.017543859649122806,56,56,CACGGACTCTGTCCAAGCAT,0,4326760
yadI_predicted,0.017543859649122806,56,56,ATTGGGTTTAGTGTTGGTAC,0,4349774
yadI_predicted,0.017543859649122806,56,56,ATTCCGTTGGGCCTGAAAGA,0,4295365
yadI_predicted,0.017543859649122806,56,56,AAGCGGTACGAGTGCAAGCA,0,4284435
yadI_predicted,0.017543859649122806,56,56,AAGACGTTAGCCTTGGAGCA,0,4294735
yadI_predicted,0.017857142857142856,55,55,TGAGATCCAATGTCCGGGCT,0,4343019
yadI_predicted,0.017857142857142856,55,55,TCAGGAATGTACCATGGATC,0,4327780
yadI_predicted,0.017857142857142856,55,55,GATTCGGAGGATTGTCGGGA,0,4290831
yadI_predicted,0.017857142857142856,55,55,GACTAGGCGGACTTCGCACT,0,4330358
yadI_predicted,0.017857142857142856,55,55,CTTAGATATAAACGAGGTCT,0,4305882
yadI_predicted,0.017857142857142856,55,55,CCGAAGGTGTAGTAACTGCA,0,4303241
yadI_predicted,0.017857142857142856,55,55,CACCTCGATACAGAAGATTA,0,4365319
yadI_predicted,0.017857142857142856,55,55,ATAGACGCTCGGTCCGTTAA,0,4288727
yadI_predicted,0.017857142857142856,55,55,AGTAGCTGTATAGTCAGTAC,0,4315555
yadI_predicted,0.017857142857142856,55,55,AGCCTAACCGGATCAGCGAA,0,4287320
yadI_predicted,0.01818181818181818,54,54,TTGACACCCATGGGCACACA,0,4316341
yadI_predicted,0.01818181818181818,54,54,TGTCTCGAGTCTCGTCTCAA,0,4354189
yadI_predicted,0.01818181818181818,54,54,TGGGCCTATGGGCTGGACAC,0,4349820
yadI_predicted,0.01818181818181818,54,54,TCCGCGTAAGGTTATCGATG,0,4297894
yadI_predicted,0.01818181818181818,54,54,TACGCGTGCCCGCCGTGAAG,0,4317751
yadI_predicted,0.01818181818181818,54,54,GTTGACTACCCTGGGCCGAT,0,4352573
yadI_predicted,0.01818181818181818,54,54,GCGACACCTGCTGCGTTGGT,0,4315484
yadI_predicted,0.01818181818181818,54,54,GATCTGCAGTGGGTTAAAAG,0,4333690
yadI_predicted,0.01818181818181818,54,54,GAGGTGTTCTGGGATCCAAT,0,4289459
yadI_predicted,0.01818181818181818,54,54,CGTCTAATCAATAGACGATC,0,4323093
yadI_predicted,0.01818181818181818,54,54,CGATGCTGATCATCGGCCAA,0,4311251
yadI_predicted,0.01818181818181818,54,54,CCACGGAGGGGAAAGACATT,0,4311138
yadI_predicted,0.01818181818181818,54,54,CACTGAGAATACGCACACCC,0,4311703
yadI_predicted,0.01818181818181818,54,54,ATAACAGCTATTCCATGGTA,0,4364793
yadI_predicted,0.01818181818181818,54,54,AAACTTTGCTTTGCAGTACA,0,4336724
yadI_predicted,0.018518518518518517,53,53,TGTCGTGTTTACTCGTTGGT,0,4356441
yadI_predicted,0.018518518518518517,53,53,TGGGTTAGTAGTGTGATAGT,0,4349467
yadI_predicted,0.018518518518518517,53,53,TCATCGGGACAGTCCGCTAC,0,4316614
yadI_predicted,0.018518518518518517,53,53,TAGATCAACTCAGCTACCAA,0,4286704
yadI_predicted,0.018518518518518517,53,53,GTGAGATCGTGATGTCGCTT,0,4301818
yadI_predicted,0.018518518518518517,53,53,GTAGATTGTACCGTATTAGC,0,4305098
yadI_predicted,0.018518518518518517,53,53,GTAACTGCGTCCTTGCCTCA,0,4301048
yadI_predicted,0.018518518518518517,53,53,GGGTCAGTTGTCGGTTTTTA,0,4366739
yadI_predicted,0.018518518518518517,53,53,GGAATGTTCCTAGGAGGCAG,0,4360222
yadI_predicted,0.018518518518518517,53,53,GCTTGACATTATAGGGCCGG,0,4312472
yadI_predicted,0.018518518518518517,53,53,GCTGGGGCTTTAGGAGGATG,0,4328622
yadI_predicted,0.018518518518518517,53,53,GCGTAGATAGCGTCCAGTTT,0,4288153
yadI_predicted,0.018518518518518517,53,53,GAGCAGAGGTAACATGGGCT,0,4355502
yadI_predicted,0.018518518518518517,53,53,CTTCAGGGATCTCATATCGT,0,4336594
yadI_predicted,0.018518518518518517,53,53,CGGATGTTCGGTGGGCGGGT,0,4336373
yadI_predicted,0.018518518518518517,53,53,CGCAGCACAGATTCTGCGGC,0,4309882
yadI_predicted,0.018518518518518517,53,53,CGATTGGGCGAGTAGCCTCC,0,4343017
yadI_predicted,0.018518518518518517,53,53,CCATTATATATCTATAGGTA,0,4342425
yadI_predicted,0.018867924528301886,52,52,TTTTAGTTTGGTTGTAGTCT,0,4304652
yadI_predicted,0.018867924528301886,52,52,TTGTTGTCAAAAGATGCTCC,0,4324513
yadI_predicted,0.018867924528301886,52,52,TTAATCGGCGGCTGCGGATA,0,4303737
yadI_predicted,0.018867924528301886,52,52,TGTTGCGGATTTGAGGGCGT,0,4319935
yadI_predicted,0.018867924528301886,52,52,GTAAGGAGGTCTTAAGGCGT,0,4324979
yadI_predicted,0.018867924528301886,52,52,GGTGACTCATGACCATAGGA,0,4293013
yadI_predicted,0.018867924528301886,52,52,GGCAATGCCGTAGTTCTGAA,0,4319859
yadI_predicted,0.018867924528301886,52,52,GCTTTTCGATCTCATTGTGT,0,4354240
yadI_predicted,0.018867924528301886,52,52,GATTTAGCGACTGAATTATA,0,4321257
yadI_predicted,0.018867924528301886,52,52,CTTCATAGGGATAAATAGGT,0,4320415
yadI_predicted,0.018867924528301886,52,52,CTTACCTTGACATCATCGGT,0,4306755
yadI_predicted,0.018867924528301886,52,52,CTACTGCGCAAGGCCTTCTT,0,4306353
yadI_predicted,0.018867924528301886,52,52,CGTCTGTGTACCCTACGCAT,0,4357992
yadI_predicted,0.018867924528301886,52,52,CCGGACTGCTGGACGCAGCA,0,4338676
yadI_predicted,0.018867924528301886,52,52,CCGCGGGGGAATTTCTGAAC,0,4316726
yadI_predicted,0.018867924528301886,52,52,CCCGAAGGAATACTGATACA,0,4339296
yadI_predicted,0.018867924528301886,52,52,ATGAACATGGTCATTCATTG,0,4295943
yadI_predicted,0.018867924528301886,52,52,AGTAAGACCGGGAGTCCTAT,0,4343532
yadI_predicted,0.018867924528301886,52,52,ACCTCGCCTCAGATACTCAT,0,4287234
yadI_predicted,0.018867924528301886,52,52,ACCATCTATGGATAGTGTTG,0,4343451
yadI_predicted,0.018867924528301886,52,52,AATAATAACCAATCCATCCG,0,4305688
yadI_predicted,0.019230769230769232,51,51,TGGTAAACGGGCGCTGCTTA,0,4346460
yadI_predicted,0.019230769230769232,51,51,TCCAGATGTGGACATAGATT,0,4298029
yadI_predicted,0.019230769230769232,51,51,TATATTTGTCTTGCAGTGGG,0,4294298
yadI_predicted,0.019230769230769232,51,51,GTGTGCTTTCCGACATATGG,0,4314942
yadI_predicted,0.019230769230769232,51,51,GGCACCTTTGGTGGCCTTTT,0,4286342
yadI_predicted,0.019230769230769232,51,51,GGATCAGGGTCAGGCAGGAG,0,4308143
yadI_predicted,0.019230769230769232,51,51,CTTTCTGCGAGGAACCTGAT,0,4293481
yadI_predicted,0.019230769230769232,51,51,CTTATTGCACGTCAGCCGTA,0,4316167
yadI_predicted,0.019230769230769232,51,51,CGGTGCAGGCGCAGCGAAGA,0,4302503
yadI_predicted,0.019230769230769232,51,51,CGGCAATACGGATAACCAAT,0,4307259
yadI_predicted,0.019230769230769232,51,51,CGGAGTGTTGGCACGTAGTG,0,4325445
yadI_predicted,0.019230769230769232,51,51,CATACCTACAAGAGTGTAAA,0,4311045
yadI_predicted,0.019230769230769232,51,51,CACTTCTGGGTGGAGTCTCT,0,4313098
yadI_predicted,0.019230769230769232,51,51,CAATTCAAACACGTGTTAGC,0,4314547
yadI_predicted,0.019230769230769232,51,51,CAATCTCCGGTGGTGTCATA,0,4293247
yadI_predicted,0.019230769230769232,51,51,CAAAAGAGCCTATCTGGTTT,0,4301539
yadI_predicted,0.019230769230769232,51,51,ATCAGAAGATACCACCCGTG,0,4306922
yadI_predicted,0.019230769230769232,51,51,AGAGAGCATAGAATGGGTGA,0,4313735
yadI_predicted,0.019230769230769232,51,51,ACGATTAGGTCTGTGACCGT,0,4284528
yadI_predicted,0.019230769230769232,51,51,ACCCTACTCTGGGGGTGGAT,0,4340688
yadI_predicted,0.019230769230769232,51,51,AATTTAATTAAAGTAAATAC,0,4363599
yadI_predicted,0.019230769230769232,51,51,AACGTTACAATTGCCCTAAG,0,4288995
yadI_predicted,0.019230769230769232,51,51,AACAGGCGGATGCACGTGCT,0,4304257
yadI_predicted,0.019230769230769232,51,51,AAATCAGGCGCCACATGATA,0,4288682
yadI_predicted,0.0196078431372549,50,50,TTGTCTCTCTTTGCATACCT,0,4311701
yadI_predicted,0.0196078431372549,50,50,TTCGTGGAGGCAGGACAGGA,0,4357380
yadI_predicted,0.0196078431372549,50,50,TTCGGGATGGCGCATGTCCA,0,4330647
yadI_predicted,0.0196078431372549,50,50,TCTTATCGTCCAATTTCCGG,0,4288996
yadI_predicted,0.0196078431372549,50,50,GTTCTCTTGAGTATCCTGAT,0,4315744
yadI_predicted,0.0196078431372549,50,50,GTCGTGGTACTGAAGTTAGA,0,4344732
yadI_predicted,0.0196078431372549,50,50,GGTGGGGTCGTGACTACGGT,0,4311656
yadI_predicted,0.0196078431372549,50,50,GCCTTTTCAACGTTGAAATC,0,4304595
yadI_predicted,0.0196078431372549,50,50,GCACAGAACCGGCTTTCTAG,0,4340694
yadI_predicted,0.0196078431372549,50,50,GAATATTCCGGACCCGTTTG,0,4292807
yadI_predicted,0.0196078431372549,50,50,CTGGCGCTATTAAAGCTTTA,0,4343251
yadI_predicted,0.0196078431372549,50,50,CTATTGGGGGAATAAGAACG,0,4367697
yadI_predicted,0.0196078431372549,50,50,CTAGGCGCATCTACAGAATA,0,4360534
yadI_predicted,0.0196078431372549,50,50,CGGCAGAGAAAATGGACCGC,0,4338766
yadI_predicted,0.0196078431372549,50,50,CGCTGTCCTTGCAGGGTCAG,0,4342528
yadI_predicted,0.0196078431372549,50,50,CGCGGATGGCAACGGAGCCA,0,4315207
yadI_predicted,0.0196078431372549,50,50,CCGACCCCCCCAGCGTCAAT,0,4291856
yadI_predicted,0.0196078431372549,50,50,AGTGACTACGGGAAAGTTAG,0,4292860
yadI_predicted,0.0196078431372549,50,50,AATCGGTCGTCCTGTGGTAC,0,4344166
yadI_predicted,0.0196078431372549,50,50,AAGTCAATGCCTAAGAGTGA,0,4360351
yadI_predicted,0.02,49,49,TTCACAAGCCTAACAGTATA,0,4306143
yadI_predicted,0.02,49,49,TGCAGATCTACAGACGGTAA,0,4296098
yadI_predicted,0.02,49,49,TGCACGCAGCCTGCAACTAT,0,4326692
yadI_predicted,0.02,49,49,TCTGATTCTAGGATGGACGT,0,4316738
yadI_predicted,0.02,49,49,TACATGTCGGGGTCGAGTAT,0,4320303
yadI_predicted,0.02,49,49,GGGCAGTCTGCGGAGCAGGA,0,4362820
yadI_predicted,0.02,49,49,GGACAATTAGTTTGATTCGT,0,4312211
yadI_predicted,0.02,49,49,GCATGGTATGTCGATCGTCG,0,4286105
yadI_predicted,0.02,49,49,CTTAGGCTGCTACCTGCCTT,0,4295803
yadI_predicted,0.02,49,49,CTAGCCCGCGTATTCGCCGC,0,4319778
yadI_predicted,0.02,49,49,CGTCGATGAGTTACAAGGCC,0,4354196
yadI_predicted,0.02,49,49,CGCGGAATCGCAGGGCGGAC,0,4361460
yadI_predicted,0.02,49,49,CGCCGGGGGTCACTCTAGGT,0,4303353
yadI_predicted,0.02,49,49,CCTTACACAAGAGCAATTGC,0,4354926
yadI_predicted,0.02,49,49,CCGCAGGTCGCCAAACGTTC,0,4299767
yadI_predicted,0.02,49,49,AGTGACAAGGCTTAGGCGGG,0,4335419
yadI_predicted,0.02,49,49,AGGCCATTGATGTCCTGTTA,0,4368073
yadI_predicted,0.02,49,49,ACTTTCCCGCACCTCAAAAG,0,4303174
yadI_predicted,0.02,49,49,AAATGGACCTGAAAAAATTC,0,4294723
yadI_predicted,0.02040816326530612,48,48,TTGTTCATGGACCTCCTCCG,0,4323536
yadI_predicted,0.02040816326530612,48,48,TTGTAAACAATCTGCAGCCG,0,4336375
yadI_predicted,0.02040816326530612,48,48,TTCAGAGAATTCGGGTACGA,0,4313028
yadI_predicted,0.02040816326530612,48,48,TTAGTAGACGATAGGAGATA,0,4294524
yadI_predicted,0.02040816326530612,48,48,TGGTCCAGGCCAATCTCGTA,0,4323951
yadI_predicted,0.02040816326530612,48,48,TGCAAAACCCGCAACCAGCG,0,4314773
yadI_predicted,0.02040816326530612,48,48,TATTGCGAATTAGCATGGGG,0,4302645
yadI_predicted,0.02040816326530612,48,48,TATGTTTCTAGGAGTATCGT,0,4302771
yadI_predicted,0.02040816326530612,48,48,TAGAGAGTATACTTGCAGGG,0,4306962
yadI_predicted,0.02040816326530612,48,48,GTGACCAGACACAATGTAAA,0,4296386
yadI_predicted,0.02040816326530612,48,48,GTCTCCCGAAACCTCTTACA,0,4302204
yadI_predicted,0.02040816326530612,48,48,GTCCGCACTGCCAACCCCAG,0,4357097
yadI_predicted,0.02040816326530612,48,48,GGGACCTTTTCGGACGATGT,0,4331470
yadI_predicted,0.02040816326530612,48,48,GGATTTTTCATACGCGCCCG,0,4303548
yadI_predicted,0.02040816326530612,48,48,GCCTCTGTCTCGAGGACGCA,0,4288614
yadI_predicted,0.02040816326530612,48,48,GCCAATCCTGCTATCGTTAG,0,4363426
yadI_predicted,0.02040816326530612,48,48,GAGAGCGCTCTGAACGTGAT,0,4286113
yadI_predicted,0.02040816326530612,48,48,GACTGTCAATCATCGTCTCC,0,4294907
yadI_predicted,0.02040816326530612,48,48,GAATTTAGCCCAATGGATAA,0,4303008
yadI_predicted,0.02040816326530612,48,48,GAAAGGTTCAACGTACTCAT,0,4296388
yadI_predicted,0.02040816326530612,48,48,CTTGATGGGCCTAGGAGGTC,0,4296102
yadI_predicted,0.02040816326530612,48,48,CGTCAGTGTACTCGTTCGCG,0,4355411
yadI_predicted,0.02040816326530612,48,48,CGGGTGGACACACATGGGTG,0,4351409
yadI_predicted,0.02040816326530612,48,48,CATTGGTTTTTACCAGGCAA,0,4306136
yadI_predicted,0.02040816326530612,48,48,CATATCTGGCTATTAAAACG,0,4342523
yadI_predicted,0.02040816326530612,48,48,ATGTCCGCGTATAAGGGAAC,0,4292851
yadI_predicted,0.02040816326530612,48,48,ATGGCGGGGATGAGGATGAG,0,4345499
yadI_predicted,0.02040816326530612,48,48,ATCGGAGAGACACGGTTACC,0,4302381
yadI_predicted,0.02040816326530612,48,48,AGGATCGAAGCAATAGTAAT,0,4356094
yadI_predicted,0.02040816326530612,48,48,AATGGGAGCCTCTCTTATCA,0,4364392
yadI_predicted,0.02040816326530612,48,48,AAGTTCGTATAGCCTAATTG,0,4306534
yadI_predicted,0.020833333333333332,47,47,TTAGTAAGTAAACTCGTATA,0,4295684
yadI_predicted,0.020833333333333332,47,47,TGTGTAGTTCAATCAATACA,0,4313925
yadI_predicted,0.020833333333333332,47,47,TGCGAGGCCACTGTAAGATG,0,4292799
yadI_predicted,0.020833333333333332,47,47,TCGGATTTGGACAAAGTCTG,0,4337373
yadI_predicted,0.020833333333333332,47,47,TCCTGTGTCTGTATTCTTAT,0,4290590
yadI_predicted,0.020833333333333332,47,47,TCCCTGCTCAACTGAGAGGG,0,4313478
yadI_predicted,0.020833333333333332,47,47,TCAGTCGGAGAGCGATAAAG,0,4357631
yadI_predicted,0.020833333333333332,47,47,TACAACTGTGCAAACGTAGT,0,4348966
yadI_predicted,0.020833333333333332,47,47,TAACTTGGGTGAGGATTAGT,0,4326066
yadI_predicted,0.020833333333333332,47,47,GTGACGCTGTCCTCAACTTC,0,4294804
yadI_predicted,0.020833333333333332,47,47,GTCCAGTGGATCGGGAAAAT,0,4289761
yadI_predicted,0.020833333333333332,47,47,GGTTTTCCGTATCTTAAGCA,0,4335205
yadI_predicted,0.020833333333333332,47,47,GATTGGCGACATGATTCTCC,0,4296216
yadI_predicted,0.020833333333333332,47,47,CTTCGGACCTTGGGATTAAC,0,4310692
yadI_predicted,0.020833333333333332,47,47,CTCACCTTGGCCGGTACGAA,0,4290228
yadI_predicted,0.020833333333333332,47,47,CTCAACCCTACTTCGTCAAA,0,4328233
yadI_predicted,0.020833333333333332,47,47,CGGCTACCTCGCGTCTTGGC,0,4364528
yadI_predicted,0.020833333333333332,47,47,CGATCAATAGATTTGAAATT,0,4316623
yadI_predicted,0.020833333333333332,47,47,CCCTAAAACGTTTTGAAAAG,0,4312862
yadI_predicted,0.020833333333333332,47,47,CATGCTCTTCAGTAGCGTAG,0,4301977
yadI_predicted,0.020833333333333332,47,47,CAGAGAATTCCATTTATGGA,0,4318115
yadI_predicted,0.020833333333333332,47,47,CAATTCGTCCGGGAGCAGCT,0,4284749
yadI_predicted,0.020833333333333332,47,47,CAAGCTTTTCATAGTAATAA,0,4336702
yadI_predicted,0.020833333333333332,47,47,ATGGGGATACATACTCCGTT,0,4337200
yadI_predicted,0.020833333333333332,47,47,ATGGGAAAGGAATTGGATTA,0,4296310
yadI_predicted,0.020833333333333332,47,47,ATGAATTGCGTTAGGAAATG,0,4355495
yadI_predicted,0.020833333333333332,47,47,ATCGTACACTTTACCTCAGT,0,4304651
yadI_predicted,0.020833333333333332,47,47,ATCGCCACTAAAGCGAGAAA,0,4296309
yadI_predicted,0.020833333333333332,47,47,ACACATGACGGGATTAATCT,0,4342963
yadI_predicted,0.020833333333333332,47,47,AATCTATTGCCGGGAAAAAA,0,4300781
yadI_predicted,0.020833333333333332,47,47,AAGTCGTCGAAAAAATGGAC,0,4322149
yadI_predicted,0.02127659574468085,46,46,TGATAGTAGGTGGGACCGTG,0,4349494
yadI_predicted,0.02127659574468085,46,46,TGAACCAGGATTATGAAAAA,0,4285728
yadI_predicted,0.02127659574468085,46,46,TCTGACGCCGCTTTCGGCAT,0,4315260
yadI_predicted,0.02127659574468085,46,46,TCGTAACATTAAATGCAACA,0,4355359
yadI_predicted,0.02127659574468085,46,46,TCATTAGGTCACGTCCTTAC,0,4312680
yadI_predicted,0.02127659574468085,46,46,TACATACGGATAGATTAGGT,0,4304982
yadI_predicted,0.02127659574468085,46,46,TAATAACCACTACTTCGCCT,0,4330360
yadI_predicted,0.02127659574468085,46,46,TAAGGGTGCAGTTGACCCTG,0,4355180
yadI_predicted,0.02127659574468085,46,46,GTAGTTAAAAGCTTGTCGCG,0,4357808
yadI_predicted,0.02127659574468085,46,46,GGTCAACCCCCAGCCAGATT,0,4316415
yadI_predicted,0.02127659574468085,46,46,GGATCTCCCAGACTGCGTTT,0,4285853
yadI_predicted,0.02127659574468085,46,46,GCTCGGCAGCTGGCTGACAA,0,4352363
yadI_predicted,0.02127659574468085,46,46,GCTAGCGGCGGGAATACGTA,0,4353114
yadI_predicted,0.02127659574468085,46,46,GCCTAAATAGCTCGTGTACA,0,4351393
yadI_predicted,0.02127659574468085,46,46,GCCATTTGGCAAACACATTT,0,4367922
yadI_predicted,0.02127659574468085,46,46,GCCATCGTAATTAGATTCGG,0,4348826
yadI_predicted,0.02127659574468085,46,46,CTCATAAATCGATCCTCGTG,0,4287064
yadI_predicted,0.02127659574468085,46,46,CGTCTCTATGAAGGTCCATT,0,4299073
yadI_predicted,0.02127659574468085,46,46,CGGGATCATCCATTCGTGTA,0,4342051
yadI_predicted,0.02127659574468085,46,46,CGGCAGGCGTGTCCATGGAA,0,4287573
yadI_predicted,0.02127659574468085,46,46,CCCACTGCTCACAGGCTGGA,0,4357394
yadI_predicted,0.02127659574468085,46,46,CACATCGGAAGGCAACCGAA,0,4344729
yadI_predicted,0.02127659574468085,46,46,ATGGTGGTCTCGAGTTGTTT,0,4360977
yadI_predicted,0.02127659574468085,46,46,ATCAAGTACGCTGTAGAATA,0,4330063
yadI_predicted,0.02127659574468085,46,46,AGACGCCACTTCTGCTGACC,0,4321216
yadI_predicted,0.02127659574468085,46,46,ACATTTGAATTACACGATCA,0,4361180
yadI_predicted,0.02127659574468085,46,46,AAATTTATCCAATCGGGGAG,0,4334956
yadI_predicted,0.021739130434782608,45,45,TTATCTGCATGAAGCTTAAT,0,4341955
yadI_predicted,0.021739130434782608,45,45,TGCTTCTAACATCCGTAACA,0,4359811
yadI_predicted,0.021739130434782608,45,45,TATCGTTCTACTTTCAGGTA,0,4363607
yadI_predicted,0.021739130434782608,45,45,GTTCAGGTAACATTTAGGAA,0,4301641
yadI_predicted,0.021739130434782608,45,45,GTCCTAGGCCTTGCTACAAA,0,4319699
yadI_predicted,0.021739130434782608,45,45,GCGTCTCACATGTTGAATAA,0,4341447
yadI_predicted,0.021739130434782608,45,45,GCGCGCGGACGGCGCACTAA,0,4350750
yadI_predicted,0.021739130434782608,45,45,GCAACCAGTATTCGGTCTCA,0,4320042
yadI_predicted,0.021739130434782608,45,45,GATGTCGGCTGGACGGTAAG,0,4310582
yadI_predicted,0.021739130434782608,45,45,GACGAATAAGTGGGAAGCGT,0,4345503
yadI_predicted,0.021739130434782608,45,45,CTGCGGATGAATGCTGCGAT,0,4313915
yadI_predicted,0.021739130434782608,45,45,CGTCCGGACATCACAACGGA,0,4341510
yadI_predicted,0.021739130434782608,45,45,CGAATGTACGTGCGTGCGAT,0,4322412
yadI_predicted,0.021739130434782608,45,45,CGAACTAGCATGCATACAAT,0,4300402
yadI_predicted,0.021739130434782608,45,45,CCTCCTACAAGCGAATCTCC,0,4284795
yadI_predicted,0.021739130434782608,45,45,CCGTATGGTATCGGGCAGAA,0,4315011
yadI_predicted,0.021739130434782608,45,45,CCGGTTATCACAGATTGTTG,0,4368162
yadI_predicted,0.021739130434782608,45,45,CATGCCAATAGAGACTGTAC,0,4299709
yadI_predicted,0.021739130434782608,45,45,CAGTCTCTGTGCCAGACCTT,0,4301226
yadI_predicted,0.021739130434782608,45,45,ATGTTCGAATAGGGTAGCTG,0,4288721
yadI_predicted,0.021739130434782608,45,45,ATCCATCCGCGTAATGAGCA,0,4317110
yadI_predicted,0.021739130434782608,45,45,AGCCTTAAGGATCAAATTTC,0,4317270
yadI_predicted,0.021739130434782608,45,45,AGAGTTCCGTAGGGGTCGCA,0,4337057
yadI_predicted,0.021739130434782608,45,45,ACTCCGGCACCATAAGGCCG,0,4305453
yadI_predicted,0.021739130434782608,45,45,ACGGTAGCGCGGGCCGCTCA,0,4285648
yadI_predicted,0.021739130434782608,45,45,ACACGTGAGAATTATCGTAG,0,4301238
yadI_predicted,0.021739130434782608,45,45,AATCGCTTGTCTCCTGCCCA,0,4339095
yadI_predicted,0.021739130434782608,45,45,AAAAGTCCTCTAGCGATTGA,0,4297270
yadI_predicted,0.021739130434782608,45,45,AAAAAGCGCAATAGCCGTTT,0,4290652
yadI_predicted,0.022222222222222223,44,44,TTATACGTGTCCGCACTAGA,0,4329405
yadI_predicted,0.022222222222222223,44,44,TTACTGACATGGTCCTGGGT,0,4349144
yadI_predicted,0.022222222222222223,44,44,TTACCGAGAATGCGTTGGAA,0,4312703
yadI_predicted,0.022222222222222223,44,44,TGCTTGGTCCTAGGAGGCCT,0,4326071
yadI_predicted,0.022222222222222223,44,44,TCTGAAAAAACTAAGTTCAT,0,4297050
yadI_predicted,0.022222222222222223,44,44,TATCTATTAGTCTGCGCAGT,0,4284886
yadI_predicted,0.022222222222222223,44,44,TAAGGATCGGCAAAACTTTG,0,4358399
yadI_predicted,0.022222222222222223,44,44,GTTGGTTGACGCCGCGGCCC,0,4320223
yadI_predicted,0.022222222222222223,44,44,GTGTAGTTCACTCCGTGATG,0,4343635
yadI_predicted,0.022222222222222223,44,44,GGCGGCTTCTGGAGGACAAG,0,4314294
yadI_predicted,0.022222222222222223,44,44,GCTCGGTCGCTTCGGCTATA,0,4356775
yadI_predicted,0.022222222222222223,44,44,GATCGGACTGAGTTCACGCA,0,4344474
yadI_predicted,0.022222222222222223,44,44,GAGTATGAGGAACGTACTTG,0,4369119
yadI_predicted,0.022222222222222223,44,44,GACAAGGGGACCTTGGGTAT,0,4330828
yadI_predicted,0.022222222222222223,44,44,CGGCCCAACGGGGCTAGATT,0,4302042
yadI_predicted,0.022222222222222223,44,44,CCCTTCGGCCTCCCAGCATA,0,4367705
yadI_predicted,0.022222222222222223,44,44,CCAACCAGGTCATTTCAAGG,0,4329450
yadI_predicted,0.022222222222222223,44,44,CATGGACATCCGGGTGCTCG,0,4284946
yadI_predicted,0.022222222222222223,44,44,CACTCTAGTCGGCCAAGTAG,0,4309716
yadI_predicted,0.022222222222222223,44,44,CACAAAACGTTGGCCTTTTT,0,4323952
yadI_predicted,0.022222222222222223,44,44,ATTGAGGATCTAGAACTCCC,0,4297698
yadI_predicted,0.022222222222222223,44,44,ATTAGTAGTTAATAAGGTGT,0,4334991
yadI_predicted,0.022222222222222223,44,44,ATGATTGAGTCCGTTACCAG,0,4287763
yadI_predicted,0.022222222222222223,44,44,ATGAACTAGAAACAGCGGTC,0,4312228
yadI_predicted,0.022222222222222223,44,44,ATCCTTTGCCTTGCCCTGCA,0,4331761
yadI_predicted,0.022222222222222223,44,44,AGTACCGGGCCTGGCCCGTC,0,4324905
yadI_predicted,0.022222222222222223,44,44,AGTACCACGAAGGGTGAATA,0,4346699
yadI_predicted,0.022222222222222223,44,44,AGCCCCCGCGGTGAATGACC,0,4290983
yadI_predicted,0.022222222222222223,44,44,ACCTTCTTAATGTTTGGCGC,0,4284885
yadI_predicted,0.022222222222222223,44,44,ACCCGGTGGGCGGATTGCGT,0,4292864
yadI_predicted,0.022222222222222223,44,44,ACCATCTCGGCTTTTTAGTA,0,4363352
yadI_predicted,0.022222222222222223,44,44,ACAGGCTTTCTATGTGCAGC,0,4299715
yadI_predicted,0.022222222222222223,44,44,AAGAATTCCGGAATGGTTAC,0,4313949
yadI_predicted,0.022222222222222223,44,44,AACTGTCTACTTGTTGTTGG,0,4306789
yadI_predicted,0.022222222222222223,44,44,AACCATTTACACACCTTTAG,0,4333947
yadI_predicted,0.022727272727272728,43,43,TTTTAGGGGAAGTGTGTTTC,0,4358408
yadI_predicted,0.022727272727272728,43,43,TTGAGGATAATCGATTCAGA,0,4344326
yadI_predicted,0.022727272727272728,43,43,TTACTCTAAGACATCGGTGA,0,4329829
yadI_predicted,0.022727272727272728,43,43,TTAATCTGACCTAATGGAAG,0,4359303
yadI_predicted,0.022727272727272728,43,43,TGGAGGGCGGCGACAGCACG,0,4287215
yadI_predicted,0.022727272727272728,43,43,TCGCCAGGGGTCACCTATGT,0,4331738
yadI_predicted,0.022727272727272728,43,43,TACATTTCGAATCGCGCATA,0,4353583
yadI_predicted,0.022727272727272728,43,43,TAAGATCCCATGTCCTGTAA,0,4292459
yadI_predicted,0.022727272727272728,43,43,GTAGCACGTAGTAATTAAAG,0,4341634
yadI_predicted,0.022727272727272728,43,43,GTAAGTCCTAGACCCGTCAT,0,4293120
yadI_predicted,0.022727272727272728,43,43,GGTCGCAAAAACTCAACAAC,0,4296318
yadI_predicted,0.022727272727272728,43,43,GGCATTGCTAATGAGCAGCA,0,4358770
yadI_predicted,0.022727272727272728,43,43,GGATCTGTAAATCTCATCAG,0,4357061
yadI_predicted,0.022727272727272728,43,43,GGATAATACAGTCCCGTTGG,0,4331155
yadI_predicted,0.022727272727272728,43,43,GCTAAGACGCATCAACACCT,0,4284396
yadI_predicted,0.022727272727272728,43,43,GCATCTATTCCTGCTCGTTG,0,4338897
yadI_predicted,0.022727272727272728,43,43,GATATGTCGCTGCGTACGAA,0,4354854
yadI_predicted,0.022727272727272728,43,43,CTTGCCGAATCCGAGAAGCA,0,4297689
yadI_predicted,0.022727272727272728,43,43,CTGGCTGCATACCGGACTAT,0,4331280
yadI_predicted,0.022727272727272728,43,43,CTGATGGAGCTGTCTGGCTC,0,4324669
yadI_predicted,0.022727272727272728,43,43,CTGACTCTTTGTGCGGTAGA,0,4369342
yadI_predicted,0.022727272727272728,43,43,CTCCCGCTTTCCATGTGACG,0,4353121
yadI_predicted,0.022727272727272728,43,43,CTCACTTGCTTTAACCAAGG,0,4327173
yadI_predicted,0.022727272727272728,43,43,CTAGCGCCCTGATCTCGGCA,0,4324896
yadI_predicted,0.022727272727272728,43,43,CGCCTCTTAGGTGGTAGCCC,0,4320801
yadI_predicted,0.022727272727272728,43,43,CGCACCTCCTAATAGGATCT,0,4289001
yadI_predicted,0.022727272727272728,43,43,CCTTAGAGGAGTCGGTAACT,0,4295559
yadI_predicted,0.022727272727272728,43,43,CAGCGCAGGCGGACTCGTAG,0,4346314
yadI_predicted,0.022727272727272728,43,43,CAAGAATGCATTTGACGGTC,0,4321142
yadI_predicted,0.022727272727272728,43,43,CAAAGGAGAGTCGCTGCGCA,0,4326285
yadI_predicted,0.022727272727272728,43,43,AGTAGGAATCCATAGGTGGT,0,4329690
yadI_predicted,0.022727272727272728,43,43,AGGTTCTGTACCAGTTTGCA,0,4302284
yadI_predicted,0.022727272727272728,43,43,AGGGCTCTGGGATCAATACT,0,4352750
yadI_predicted,0.022727272727272728,43,43,AGCGGACCGGGACAGCACAC,0,4352578
yadI_predicted,0.022727272727272728,43,43,AGAGAGACTGAGATGAGCCA,0,4293347
yadI_predicted,0.022727272727272728,43,43,ACCGGGGTTCCACATTGCTA,0,4297729
yadI_predicted,0.022727272727272728,43,43,ACCATCGCCAACATTTTCGG,0,4364789
yadI_predicted,0.022727272727272728,43,43,AATTGGCATTTCATTCTTAA,0,4322259
yadI_predicted,0.022727272727272728,43,43,AATCGGAGCGAGCCGTCTAC,0,4344214
yadI_predicted,0.022727272727272728,43,43,AAGCCCGCTCATGTACTGGA,0,4364062
yadI_predicted,0.022727272727272728,43,43,AACGGACAGGGGGGTCGGAG,0,4314774
yadI_predicted,0.022727272727272728,43,43,AAATAGATAGCCTTCGTCAA,0,4358840
yadI_predicted,0.022727272727272728,43,43,AAACGCTATGTTTAATTCGT,0,4310430
yadI_predicted,0.023255813953488372,42,42,TTTGTGGTCCTGGTCTACCA,0,4313746
yadI_predicted,0.023255813953488372,42,42,TTGTGGGCCTTGACTTCCCG,0,4349279
yadI_predicted,0.023255813953488372,42,42,TTCTAGGATTAACAGTGCGT,0,4312489
yadI_predicted,0.023255813953488372,42,42,TTATGCGCGTGCAAAGGACT,0,4366088
yadI_predicted,0.023255813953488372,42,42,TTAAAAAAGTTTGCTCGTAT,0,4313737
yadI_predicted,0.023255813953488372,42,42,TCGGAGATAAATTCTCCAAT,0,4321598
yadI_predicted,0.023255813953488372,42,42,TCCAAGACGCTGTTTTCTTG,0,4339360
yadI_predicted,0.023255813953488372,42,42,TATGGTCGGAGGCAGGCTCA,0,4322165
yadI_predicted,0.023255813953488372,42,42,TAGATGAGGTCAGCTAGCAT,0,4296959
yadI_predicted,0.023255813953488372,42,42,TAAGCGTGACAAAATCTTAA,0,4329078
yadI_predicted,0.023255813953488372,42,42,GTTTTAATAATCGCAATATC,0,4311768
yadI_predicted,0.023255813953488372,42,42,GTTCCGCGACAACGCCTAAT,0,4336897
yadI_predicted,0.023255813953488372,42,42,GTGCGAGGTTGCCGGGTCGT,0,4293705
yadI_predicted,0.023255813953488372,42,42,GTCGTGATTTGAACGGTAGT,0,4356293
yadI_predicted,0.023255813953488372,42,42,GTATGCTGAAGGCCCTTAAA,0,4353962
yadI_predicted,0.023255813953488372,42,42,GTAGATTGCAGAAGGGCACA,0,4296633
yadI_predicted,0.023255813953488372,42,42,GGGAATTGTTTCTCTTCTAA,0,4369276
yadI_predicted,0.023255813953488372,42,42,GGCTTCAATGTCTAGTTTCC,0,4336644
yadI_predicted,0.023255813953488372,42,42,GCCTCCCCGAGTGCGAGATG,0,4320554
yadI_predicted,0.023255813953488372,42,42,GCCGGCTACGCGCCCGACAC,0,4322893
yadI_predicted,0.023255813953488372,42,42,GCCGGATCGCACTTCACGTC,0,4336315
yadI_predicted,0.023255813953488372,42,42,GATATGAGGAGATCGGTGAG,0,4313150
yadI_predicted,0.023255813953488372,42,42,GAGAGGAAAGCTCCTCACTC,0,4311906
yadI_predicted,0.023255813953488372,42,42,CGCTACCCCCCGTAGGTTGG,0,4293566
yadI_predicted,0.023255813953488372,42,42,CGCCGCTATGCCTAGGCGAG,0,4326982
yadI_predicted,0.023255813953488372,42,42,CGAAGGACGCTCCGACTGGG,0,4297514
yadI_predicted,0.023255813953488372,42,42,CCTTAAACCCATGAATGCGT,0,4302152
yadI_predicted,0.023255813953488372,42,42,CAATCTATGGGATTTGTATG,0,4338257
yadI_predicted,0.023255813953488372,42,42,ATTCGTTTCTGGTGATCACT,0,4362671
yadI_predicted,0.023255813953488372,42,42,ATGCAGAGTAGGTGACTCAA,0,4309050
yadI_predicted,0.023255813953488372,42,42,AGTAGTCATGTTCCTGCTTA,0,4366653
yadI_predicted,0.023255813953488372,42,42,AGGGACGCAAACCGGGAATT,0,4295077
yadI_predicted,0.023255813953488372,42,42,AGGCTTGATCGGCCTCTGCA,0,4342013
yadI_predicted,0.023255813953488372,42,42,ACTTCGTCATAGGGACGCTC,0,4297837
yadI_predicted,0.023809523809523808,41,41,TTGCGCGTGCTATTTTTTTT,0,4294652
yadI_predicted,0.023809523809523808,41,41,TTCTAATACGGATGTTGGGA,0,4367739
yadI_predicted,0.023809523809523808,41,41,TTATGGAAGCACTACACGTG,0,4302724
yadI_predicted,0.023809523809523808,41,41,TGTGAAGAGGTTCAGTCATT,0,4294937
yadI_predicted,0.023809523809523808,41,41,TGTCTACCGGACCAATTGAG,0,4339878
yadI_predicted,0.023809523809523808,41,41,TGTCCTGCTCGATGCCATAT,0,4307854
yadI_predicted,0.023809523809523808,41,41,TGGCGAAGCGTTTCAAATTG,0,4304839
yadI_predicted,0.023809523809523808,41,41,TGAGATGAAAGTAGGGGATG,0,4357987
yadI_predicted,0.023809523809523808,41,41,TATGGGGATCAGTTCATCAG,0,4334372
yadI_predicted,0.023809523809523808,41,41,TAGGCTATCGGTTCCATCAG,0,4308000
yadI_predicted,0.023809523809523808,41,41,TAACATGGGGGACCGTCGCA,0,4305095
yadI_predicted,0.023809523809523808,41,41,GTTGATTGTAACTACATTTT,0,4311588
yadI_predicted,0.023809523809523808,41,41,GTCTATTGAAAACACTAAGA,0,4287629
yadI_predicted,0.023809523809523808,41,41,GGTACGTAAGTTCGAGGAGT,0,4311770
yadI_predicted,0.023809523809523808,41,41,GGCGGGCGGTCGGTAAGATG,0,4317056
yadI_predicted,0.023809523809523808,41,41,GGATTCGCCGTGAGTTTATT,0,4321329
yadI_predicted,0.023809523809523808,41,41,GCAGAAGTAGTCAAGCTTTA,0,4302320
yadI_predicted,0.023809523809523808,41,41,GATTGTGGAAGGTCCCTTGA,0,4294978
yadI_predicted,0.023809523809523808,41,41,GATGGCGTTCGAGATAGGAG,0,4358011
yadI_predicted,0.023809523809523808,41,41,GACTCTTGTAGGCATGAGTG,0,4333112
yadI_predicted,0.023809523809523808,41,41,GAACGCGACAGGTTTTCCGT,0,4355890
yadI_predicted,0.023809523809523808,41,41,CTTAGCGCTCGCACAAGTGA,0,4322105
yadI_predicted,0.023809523809523808,41,41,CGAAACAACAATTGCCGAAG,0,4338677
yadI_predicted,0.023809523809523808,41,41,CCTTCTGACTTATAAGTGTT,0,4324980
yadI_predicted,0.023809523809523808,41,41,CCGGCATTATTTGATTTGCT,0,4298871
yadI_predicted,0.023809523809523808,41,41,CCCGCACCGCTGAACTTCGT,0,4311473
yadI_predicted,0.023809523809523808,41,41,CAGCGACCGAACGAGCATGT,0,4355689
yadI_predicted,0.023809523809523808,41,41,CACGCCCGACAAGGTAGCTT,0,4324706
yadI_predicted,0.023809523809523808,41,41,CACACCAGGGGACCATCTCG,0,4321919
yadI_predicted,0.023809523809523808,41,41,ATTCGTGTTACGTTGACCTA,0,4322643
yadI_predicted,0.023809523809523808,41,41,ATTCGATAAGCGTCGAGATG,0,4349690
yadI_predicted,0.023809523809523808,41,41,ATGGGCGGCTTATACGAGGT,0,4308004
yadI_predicted,0.023809523809523808,41,41,ATGACGCCGGCCTTCACTCT,0,4328933
yadI_predicted,0.023809523809523808,41,41,ATCGAGAACGACTTTCTCCT,0,4357749
yadI_predicted,0.023809523809523808,41,41,ATCAAGGCTTCCGGTGTGAA,0,4359674
yadI_predicted,0.023809523809523808,41,41,ATACCGCGGCAACGGTGGTG,0,4289165
yadI_predicted,0.023809523809523808,41,41,AGGGGATCAAATTCTGGATT,0,4293498
yadI_predicted,0.023809523809523808,41,41,AGGCCATCGAGCGTTCCGAT,0,4334312
yadI_predicted,0.023809523809523808,41,41,AGAACTACCGTCAGGACTCT,0,4307185
yadI_predicted,0.023809523809523808,41,41,ACTTCAGGGGCGTCTACAGT,0,4360110
yadI_predicted,0.023809523809523808,41,41,ACTTAACCGGGTGCGGCATA,0,4344706
yadI_predicted,0.023809523809523808,41,41,ACTGTATGATTGTGAAGAGT,0,4302283
yadI_predicted,0.023809523809523808,41,41,ACGAACACTTGTCAATCACG,0,4306351
yadI_predicted,0.023809523809523808,41,41,ACCTAATATAAGGTTCCACG,0,4294845
yadI_predicted,0.023809523809523808,41,41,AAGCTGACCGAGCCTCTCAG,0,4333176
yadI_predicted,0.023809523809523808,41,41,AACGGTGCCACCGGTGAATT,0,4369521
yadI_predicted,0.024390243902439025,40,40,TTTGGCCACTATGGCAGAAA,0,4306694
yadI_predicted,0.024390243902439025,40,40,TTGGTCCGAACAACCGTGTA,0,4315850
yadI_predicted,0.024390243902439025,40,40,TGTGATATGTTTGTAGCACG,0,4342660
yadI_predicted,0.024390243902439025,40,40,TCGGTTGGCAAGAAACATTC,0,4309229
yadI_predicted,0.024390243902439025,40,40,TCCGGAAGGGTCGGCATCCG,0,4362549
yadI_predicted,0.024390243902439025,40,40,TCCCTCAAGACAGGAGCCTG,0,4312099
yadI_predicted,0.024390243902439025,40,40,TCAGATAGGTATGTGTATTA,0,4304592
yadI_predicted,0.024390243902439025,40,40,TATCGTATCCGAATTTTAGG,0,4321080
yadI_predicted,0.024390243902439025,40,40,TAGGGTTTCAGTTACGGCCT,0,4368105
yadI_predicted,0.024390243902439025,40,40,TACAGAGCGGCAATTTGGAT,0,4309717
yadI_predicted,0.024390243902439025,40,40,TAACACTCATCCCGGTCTAT,0,4340746
yadI_predicted,0.024390243902439025,40,40,GTGTCTCGATCGAGTAGAAA,0,4287695
yadI_predicted,0.024390243902439025,40,40,GTGTCAGCGGTGGGTGAATT,0,4324988
yadI_predicted,0.024390243902439025,40,40,GTAGGCCGCTAGGTCACCGT,0,4290231
yadI_predicted,0.024390243902439025,40,40,GGTTACTTCCCAGCGCTGTT,0,4299466
yadI_predicted,0.024390243902439025,40,40,GGTGTGACAGTCTGATTCCC,0,4346535
yadI_predicted,0.024390243902439025,40,40,GGGTTTCTGATCCCTCCGAA,0,4287755
yadI_predicted,0.024390243902439025,40,40,GGCCCAGCCAACCGGCAGGT,0,4308444
yadI_predicted,0.024390243902439025,40,40,GGATATGCAGTGGCCACGTG,0,4287399
yadI_predicted,0.024390243902439025,40,40,GCGTTGTGACAGATGTCAGA,0,4314052
yadI_predicted,0.024390243902439025,40,40,GCGCACGGTAAACGGGCTCA,0,4331575
yadI_predicted,0.024390243902439025,40,40,GCATAGCATTACACATCCGT,0,4311794
yadI_predicted,0.024390243902439025,40,40,GAGTGCACCGAATGAATTAT,0,4295498
yadI_predicted,0.024390243902439025,40,40,GAATCCTCTACGGTTGTAAG,0,4348750
yadI_predicted,0.024390243902439025,40,40,GAAGGCCTGGTACATGTGTT,0,4346086
yadI_predicted,0.024390243902439025,40,40,GAAACTACTTTGTCCCAAAG,0,4285243
yadI_predicted,0.024390243902439025,40,40,CTGTAAAGACAATAGGCCGA,0,4368860
yadI_predicted,0.024390243902439025,40,40,CGCATAACGCAGGTATACGG,0,4338981
yadI_predicted,0.024390243902439025,40,40,CCCATACCGCGTGCCTAACG,0,4307638
yadI_predicted,0.024390243902439025,40,40,CCATTGGCAAAGATAAATAT,0,4367763
yadI_predicted,0.024390243902439025,40,40,CCAATTAATCGGAAGCGAGT,0,4335908
yadI_predicted,0.024390243902439025,40,40,CATTTAGGATGTATGTTCAT,0,4300056
yadI_predicted,0.024390243902439025,40,40,CATTGTAGAGTTTCAATTAC,0,4311109
yadI_predicted,0.024390243902439025,40,40,CATATGGGGACCTGGAGGCG,0,4319949
yadI_predicted,0.024390243902439025,40,40,CAGCGGTTCATTATTGTTAT,0,4318726
yadI_predicted,0.024390243902439025,40,40,CACTCCGCTGCGAAGAGGAT,0,4319312
yadI_predicted,0.024390243902439025,40,40,ATTTGGGGCGTCACCGCTCC,0,4307855
yadI_predicted,0.024390243902439025,40,40,ATTCTCTCAGTTCGACATGT,0,4332290
yadI_predicted,0.024390243902439025,40,40,ATGGGGCCTCCAGGGTTTGG,0,4290832
yadI_predicted,0.024390243902439025,40,40,ATGGCTTAGCAATACGTCGT,0,4296347
yadI_predicted,0.024390243902439025,40,40,ATGCTGATCACATGTCCTGT,0,4290456
yadI_predicted,0.024390243902439025,40,40,ATCGTATCGACATTAGCTAG,0,4340003
yadI_predicted,0.024390243902439025,40,40,ATCCACTAATCCCGGATGCA,0,4367002
yadI_predicted,0.024390243902439025,40,40,ATATGCATTCTAACGAGCCT,0,4289329
yadI_predicted,0.024390243902439025,40,40,ATATCAGAAGTTTAATTGCG,0,4293427
yadI_predicted,0.024390243902439025,40,40,ATACGCATATAATAGTGTGA,0,4353466
yadI_predicted,0.024390243902439025,40,40,ATAAGACTCTCCCAGGAGGC,0,4295387
yadI_predicted,0.024390243902439025,40,40,AGTCTACATATGTCGGGGAA,0,4335065
yadI_predicted,0.024390243902439025,40,40,AGCCCACGGAGGGTGCGCCT,0,4345944
yadI_predicted,0.024390243902439025,40,40,AGATTCCGTATGTCCCTTTG,0,4288546
yadI_predicted,0.024390243902439025,40,40,AGAAGAGTTTTCACACAGCT,0,4351235
yadI_predicted,0.024390243902439025,40,40,ACGGTTGGCTCGACGTGTTC,0,4314896
yadI_predicted,0.024390243902439025,40,40,ACCCACCGGCCCATCCTCGA,0,4337980
yadI_predicted,0.024390243902439025,40,40,AAGACGGATTCTAGTGGGAA,0,4341103
yadI_predicted,0.024390243902439025,40,40,AAAGCTTGCATTGCCTTCTT,0,4312243
yadI_predicted,0.024390243902439025,40,40,AAAAACCTCTGCGGGCCTTG,0,4324673
yadI_predicted,0.025,39,39,TTGCCGACATCAAGGTGTAC,0,4309463
yadI_predicted,0.025,39,39,TTATGTTGCTGTGTGCTGGG,0,4285504
yadI_predicted,0.025,39,39,TGTAGCGACCTGAGTTAGAT,0,4284341
yadI_predicted,0.025,39,39,TGGTGGTTCACTGGCGATAC,0,4284602
yadI_predicted,0.025,39,39,TGGACAGAGGGATAAGGACC,0,4302900
yadI_predicted,0.025,39,39,TGGAATGCAGTAGCGAGACG,0,4360625
yadI_predicted,0.025,39,39,TGCTCGAGTGAGTACTTTAG,0,4323397
yadI_predicted,0.025,39,39,TGACTATCATGCCAGCACTA,0,4324418
yadI_predicted,0.025,39,39,TCTGCGTGGGAAGACTTCGT,0,4326627
yadI_predicted,0.025,39,39,TCTCATATGAGTGAGAAACA,0,4297000
yadI_predicted,0.025,39,39,TCGTGGCGCTCTACCTACCT,0,4329707
yadI_predicted,0.025,39,39,TCGTACGCCCTACTGATATC,0,4333679
yadI_predicted,0.025,39,39,TCACTCCTGTATCTCCGGGT,0,4321722
yadI_predicted,0.025,39,39,TAGGCGTACCCAGGCCTCCT,0,4330369
yadI_predicted,0.025,39,39,TAGCGTCACTTGTCCACTTT,0,4323730
yadI_predicted,0.025,39,39,TAAGCTTCTATGTGTGTGGT,0,4307251
yadI_predicted,0.025,39,39,GTACGCACAAGCTCAAGGTT,0,4360413
yadI_predicted,0.025,39,39,GTAAGGCCCTTCGTGCTCAC,0,4333392
yadI_predicted,0.025,39,39,GGTTAAAAAACCATGATATT,0,4360789
yadI_predicted,0.025,39,39,GGTGCCCACGAAGTTCGGTG,0,4286968
yadI_predicted,0.025,39,39,GGTATACCATACTCATGAGT,0,4290340
yadI_predicted,0.025,39,39,GGCTACCTTTGATTTGCATT,0,4319227
yadI_predicted,0.025,39,39,GGCGCGTGTGGTCACTCTGG,0,4284758
yadI_predicted,0.025,39,39,GGACTGAAAGCCCCGAAAAT,0,4302118
yadI_predicted,0.025,39,39,GCTCTGAAAATCACCCCGTA,0,4291145
yadI_predicted,0.025,39,39,GCGTAAGGATGCGTCCATAT,0,4307668
yadI_predicted,0.025,39,39,GCGGGTCTCTCCTGGGACTC,0,4302455
yadI_predicted,0.025,39,39,GCGGATTGCTGGATTATCTT,0,4297883
yadI_predicted,0.025,39,39,GCGAGGTCAGGGAACACAAA,0,4296070
yadI_predicted,0.025,39,39,GATCGGTGTGGCCACAGACA,0,4315743
yadI_predicted,0.025,39,39,GAATTAGTCCGCACCCCTGT,0,4349210
yadI_predicted,0.025,39,39,CTTTCTTTCGAGACTCAAAC,0,4306140
yadI_predicted,0.025,39,39,CTTAGGGCGTGTGTGCAACT,0,4295494
yadI_predicted,0.025,39,39,CTGACGTACCTAGTGTCTGC,0,4358369
yadI_predicted,0.025,39,39,CTCGTATTGTCACAGGCGGT,0,4368262
yadI_predicted,0.025,39,39,CGTCGCAGCATGCTTAACTA,0,4349891
yadI_predicted,0.025,39,39,CGGGAATCACGGGATGCTCT,0,4301222
yadI_predicted,0.025,39,39,CGGACGGACTGTCCTTCTGT,0,4300206
yadI_predicted,0.025,39,39,CGCATCGGAGCTGGTACGAT,0,4307806
yadI_predicted,0.025,39,39,CGACTCCACTAAGTAACGTC,0,4324754
yadI_predicted,0.025,39,39,CCTGAGCGAGACTGAAATGA,0,4354039
yadI_predicted,0.025,39,39,CATTGTCATCAGACCATCGA,0,4339481
yadI_predicted,0.025,39,39,CATGTAATTCGCCAAAGCCA,0,4284649
yadI_predicted,0.025,39,39,CATAGCTGCGAATCCAACAG,0,4303650
yadI_predicted,0.025,39,39,CAGTCAGTGTACTCGTGTGC,0,4298482
yadI_predicted,0.025,39,39,CACTACAGATCCTTTTAATT,0,4336803
yadI_predicted,0.025,39,39,CACGTCAGGTGGTTGTCGGG,0,4291676
yadI_predicted,0.025,39,39,ATGGGTTACGGCAGTCTCTC,0,4306453
yadI_predicted,0.025,39,39,ATCGACTGTCTGTGGCCGCT,0,4307270
yadI_predicted,0.025,39,39,AGGCGATCCTATCGCGTGGA,0,4332929
yadI_predicted,0.025,39,39,AGCTCCGCGCCGAGCAATTA,0,4341110
yadI_predicted,0.025,39,39,ACAGCTGTACTTTTCTCTAT,0,4338057
yadI_predicted,0.025,39,39,AACTCTAGCGAATCCAAGCT,0,4295436
yadI_predicted,0.025,39,39,AACAGATAGAGAGGGTATTA,0,4367675
yadI_predicted,0.02564102564102564,38,38,TTAACCAAGTGGGTCAATTT,0,4321379
yadI_predicted,0.02564102564102564,38,38,TGTCACTAGCGCGGCCGCTC,0,4317747
yadI_predicted,0.02564102564102564,38,38,TGGTACCCGTCCGCTTTTTC,0,4362429
yadI_predicted,0.02564102564102564,38,38,TGCTCTTCCCTTGGCTGTAG,0,4349513
yadI_predicted,0.02564102564102564,38,38,TCGTCTATACCAGGCGCGCG,0,4290337
yadI_predicted,0.02564102564102564,38,38,TCCTTCTGGGGCGCCACAAT,0,4292708
yadI_predicted,0.02564102564102564,38,38,TCAGCAGGACCCTGACTGTG,0,4304262
yadI_predicted,0.02564102564102564,38,38,TAGAATAGGCTTTAACCCTC,0,4288368
yadI_predicted,0.02564102564102564,38,38,TACTTGGATCGGTAATCCGG,0,4352404
yadI_predicted,0.02564102564102564,38,38,TAATAGACTGCGGTTTGAAG,0,4307805
yadI_predicted,0.02564102564102564,38,38,TAAAGTGGCACTCTGGATGT,0,4287696
yadI_predicted,0.02564102564102564,38,38,GTGGTATCATTACGTTGGTG,0,4292808
yadI_predicted,0.02564102564102564,38,38,GTCTTGGACCAACGGTGCTT,0,4314236
yadI_predicted,0.02564102564102564,38,38,GGTTAAAGCCAGCCCGTTAT,0,4289896
yadI_predicted,0.02564102564102564,38,38,GGCCAGACACGGAATCACGC,0,4307859
yadI_predicted,0.02564102564102564,38,38,GCTGGACACTGACTCGACTT,0,4326389
yadI_predicted,0.02564102564102564,38,38,GCGGGCATCGTCCAAATTGA,0,4361874
yadI_predicted,0.02564102564102564,38,38,GATGACAATTCGTCAAGTAT,0,4345705
yadI_predicted,0.02564102564102564,38,38,GAGGATGAAAGGGAGACTTT,0,4348979
yadI_predicted,0.02564102564102564,38,38,GAGCTGACTAGCCAATTGTA,0,4290017
yadI_predicted,0.02564102564102564,38,38,GAAGAGACGTAAATGGATGT,0,4298915
yadI_predicted,0.02564102564102564,38,38,CTTTTGCGGTCGTATCGCCT,0,4293891
yadI_predicted,0.02564102564102564,38,38,CTTCTGTTTACGTTTTTAAA,0,4359218
yadI_predicted,0.02564102564102564,38,38,CTGTGCGGGCGAACAGTCAC,0,4352369
yadI_predicted,0.02564102564102564,38,38,CTCCTTCAACGGACAACTAT,0,4309920
yadI_predicted,0.02564102564102564,38,38,CGTTCGGGGTCGAACGACTG,0,4298869
yadI_predicted,0.02564102564102564,38,38,CGTATATTTCAACGGTACAA,0,4353700
yadI_predicted,0.02564102564102564,38,38,CGGTTCATCCTGAGAAGCAG,0,4319528
yadI_predicted,0.02564102564102564,38,38,CGGTCGAGCGTGGGCCTACC,0,4358243
yadI_predicted,0.02564102564102564,38,38,CGGCGTGCAAAAACGGGAGT,0,4334102
yadI_predicted,0.02564102564102564,38,38,CGGAATGTGCGGTACAGGTA,0,4349345
yadI_predicted,0.02564102564102564,38,38,CGATTCATTGGAGTAGAGGA,0,4338836
yadI_predicted,0.02564102564102564,38,38,CCCTAAGTCCCGTGGGTTTT,0,4312783
yadI_predicted,0.02564102564102564,38,38,CCATCGGCATCATTATAATC,0,4327909
yadI_predicted,0.02564102564102564,38,38,CATGATTTACTAGGTCATTT,0,4356868
yadI_predicted,0.02564102564102564,38,38,CATAAACTGCATTCGCACCC,0,4319130
yadI_predicted,0.02564102564102564,38,38,CAAATAAATGTGATTAATCT,0,4359506
yadI_predicted,0.02564102564102564,38,38,ATGGGCCGAGTCCAATATAG,0,4295325
yadI_predicted,0.02564102564102564,38,38,AGTGTGCCCGTATCAACACT,0,4323902
yadI_predicted,0.02564102564102564,38,38,AGGTGCGATGCCCGTAGACT,0,4299121
yadI_predicted,0.02564102564102564,38,38,AGGGGGCTATACAGGAAAAG,0,4358372
yadI_predicted,0.02564102564102564,38,38,AGGCGTTGAGAAAGGGACTC,0,4285595
yadI_predicted,0.02564102564102564,38,38,AGCTAAGGCTAGTGATGCGA,0,4334993
yadI_predicted,0.02564102564102564,38,38,AGATATGGATCGCGCAACGA,0,4364165
yadI_predicted,0.02564102564102564,38,38,ACGGTACCTTCCTATTGATA,0,4311102
yadI_predicted,0.02564102564102564,38,38,ACGGGGCATTAGCCGTTATA,0,4298335
yadI_predicted,0.02564102564102564,38,38,ACGGCACTAGCGTGCAGCGA,0,4347503
yadI_predicted,0.02564102564102564,38,38,ACCCTGGTGTCGTACCAGCA,0,4310259
yadI_predicted,0.02564102564102564,38,38,ACCATTGTCGTTTCTCAAGT,0,4286657
yadI_predicted,0.02564102564102564,38,38,AATTCACAAACGAGTTTAGG,0,4290900
yadI_predicted,0.02564102564102564,38,38,AATACGTCAGGTCATAGATC,0,4288303
yadI_predicted,0.02564102564102564,38,38,AACCTGGTATTCAGAAACAG,0,4288827
yadI_predicted,0.02564102564102564,38,38,AACAGGGCTGCCGGCAACAA,0,4300996
yadI_predicted,0.02564102564102564,38,38,AAAGGAAGTTTCATGGGCAT,0,4305989
yadI_predicted,0.02631578947368421,37,37,TTCGTTGACCCTGCTAGTAT,0,4354570
yadI_predicted,0.02631578947368421,37,37,TTCGAGGAGGTCGTTAGTGA,0,4303368
yadI_predicted,0.02631578947368421,37,37,TTAATTAGCAGTCGAACGCC,0,4321920
yadI_predicted,0.02631578947368421,37,37,TGGGTCAGACTACGGTACCT,0,4361615
yadI_predicted,0.02631578947368421,37,37,TGATGGCCATGAGCTTGTGC,0,4332243
yadI_predicted,0.02631578947368421,37,37,TGAGACTCGGGAAAAGAATG,0,4351290
yadI_predicted,0.02631578947368421,37,37,TGACACAGGCATCGGTCTGT,0,4337899
yadI_predicted,0.02631578947368421,37,37,TCGTTGCCGTCGGGCTTTTG,0,4343440
yadI_predicted,0.02631578947368421,37,37,TCGCTAGGGCCTCCAAATGA,0,4307438
yadI_predicted,0.02631578947368421,37,37,TCCGGTTGCTGACCTACTTG,0,4285968
yadI_predicted,0.02631578947368421,37,37,TCACACTAGGCTGTTCGCTA,0,4331403
yadI_predicted,0.02631578947368421,37,37,TATGTCTGGTCAGATCTATA,0,4318776
yadI_predicted,0.02631578947368421,37,37,TATGGTACCCAATTCACTTC,0,4367762
yadI_predicted,0.02631578947368421,37,37,TATACGCTTGCAAGTCCATG,0,4285654
yadI_predicted,0.02631578947368421,37,37,TAGAATAATCTAAGTGCCGT,0,4292592
yadI_predicted,0.02631578947368421,37,37,TAATCAGCCGTGATTGCGCG,0,4317569
yadI_predicted,0.02631578947368421,37,37,TAACGGTACCCGAACGGCCG,0,4340161
yadI_predicted,0.02631578947368421,37,37,GTTTGTACTGTGAACGAGGT,0,4365726
yadI_predicted,0.02631578947368421,37,37,GTGTCCTCTGAATGACCCGT,0,4326280
yadI_predicted,0.02631578947368421,37,37,GTAGCCGAGACGATCGAGCA,0,4309055
yadI_predicted,0.02631578947368421,37,37,GTACTCAATTATCCAGTGTC,0,4299547
yadI_predicted,0.02631578947368421,37,37,GGTGCCAACTGGATCGTCAC,0,4296163
yadI_predicted,0.02631578947368421,37,37,GGTCGGAATTTAATTCTGGT,0,4321928
yadI_predicted,0.02631578947368421,37,37,GGGGTCCCGAGATTATTTGG,0,4314242
yadI_predicted,0.02631578947368421,37,37,GGGATCTCTTATGATGGGAA,0,4309352
yadI_predicted,0.02631578947368421,37,37,GGCAAGCCCGTGGCATTGTA,0,4313533
yadI_predicted,0.02631578947368421,37,37,GGACCTCTCAGCCTAGAACT,0,4298625
yadI_predicted,0.02631578947368421,37,37,GATTGGCGTGCTGTTCCTAG,0,4313289
yadI_predicted,0.02631578947368421,37,37,GATATCTGCATCTAGGATTG,0,4326628
yadI_predicted,0.02631578947368421,37,37,GAGTTTGAGGGGGACCTTAT,0,4329834
yadI_predicted,0.02631578947368421,37,37,CTTGGCTTTTAGCTCCCGAT,0,4344324
yadI_predicted,0.02631578947368421,37,37,CTTCGGTTGGGAGCCCCACA,0,4335683
yadI_predicted,0.02631578947368421,37,37,CTGTGGGTACCGTTTCGGGT,0,4334160
yadI_predicted,0.02631578947368421,37,37,CTATAATGACAGGGGGGTAA,0,4326067
yadI_predicted,0.02631578947368421,37,37,CTAATTGGCGAAGTTCATTC,0,4351628
yadI_predicted,0.02631578947368421,37,37,CGTTGCATGACCACTATTAT,0,4343944
yadI_predicted,0.02631578947368421,37,37,CGTGGCTCTGGGAAATTTCC,0,4289313
yadI_predicted,0.02631578947368421,37,37,CGTCAAATCGGATAACGGCA,0,4347377
yadI_predicted,0.02631578947368421,37,37,CGAATAGGAGGCCAGGTGCG,0,4324747
yadI_predicted,0.02631578947368421,37,37,CCCGAAGCTAATCTATATGT,0,4304718
yadI_predicted,0.02631578947368421,37,37,CCCCGAATCATTGCATGTAT,0,4292629
yadI_predicted,0.02631578947368421,37,37,CCATACATGGAGCGGTGCGA,0,4361582
yadI_predicted,0.02631578947368421,37,37,CCACAACCAGGCCACTCAGT,0,4335010
yadI_predicted,0.02631578947368421,37,37,CAGACATCTAATGATTACCC,0,4287065
yadI_predicted,0.02631578947368421,37,37,CACTAATAATTGCGTTGTAC,0,4366012
yadI_predicted,0.02631578947368421,37,37,ATTGTAGTCCGCATCAAAGT,0,4332656
yadI_predicted,0.02631578947368421,37,37,ATGCTGCCCTGCTAGGTTGG,0,4348879
yadI_predicted,0.02631578947368421,37,37,ATCTCTGCGAGAATGGATGG,0,4345053
yadI_predicted,0.02631578947368421,37,37,ATCGGATCCTGGAAATAAGT,0,4303220
yadI_predicted,0.02631578947368421,37,37,ATCCTTACTGCTCTTCTGAT,0,4365386
yadI_predicted,0.02631578947368421,37,37,AGTGGTAAGAGAATATGTTT,0,4366529
yadI_predicted,0.02631578947368421,37,37,AGTGCATTTTATTACAGTCG,0,4357594
yadI_predicted,0.02631578947368421,37,37,AGGTAAGGTACTGCCTCGAG,0,4342365
yadI_predicted,0.02631578947368421,37,37,AGGAAGGTGCCGGTTAAACT,0,4297580
yadI_predicted,0.02631578947368421,37,37,AGAAAACTACATCAGGGCTT,0,4284463
yadI_predicted,0.02631578947368421,37,37,ACTACCCGGGTCCATATCAA,0,4329079
yadI_predicted,0.02631578947368421,37,37,ACTAACGGGATGATTTTTAG,0,4321867
yadI_predicted,0.02631578947368421,37,37,ACAAATACGCTGATAGTGTA,0,4292517
yadI_predicted,0.02631578947368421,37,37,AATGTTTAACTCGACTTAGA,0,4314099
yadI_predicted,0.02631578947368421,37,37,AAGGTCCCTGACCTCATCGA,0,4323351
yadI_predicted,0.02631578947368421,37,37,AAGCGATGGCTTTCAACGGA,0,4293554
yadI_predicted,0.02631578947368421,37,37,AAGCAGATGTGGACTAGGGT,0,4311407
yadI_predicted,0.02631578947368421,37,37,AAGACGCTGGTGTGTGCTCG,0,4310747
yadI_predicted,0.02631578947368421,37,37,AAATATCAATACCGGATGTA,0,4323098
yadI_predicted,0.02631578947368421,37,37,AAACATGCGAGGCGTCTTAA,0,4339738
yadI_predicted,0.02702702702702703,36,36,TTTGACCGTCCTAATGCCGT,0,4347612
yadI_predicted,0.02702702702702703,36,36,TTGTAAATCTGCCTTGGCGT,0,4330048
yadI_predicted,0.02702702702702703,36,36,TTCTACCAGCTTATCTAAAG,0,4294551
yadI_predicted,0.02702702702702703,36,36,TTCAAAGTAAGCTGTAAAGA,0,4306680
yadI_predicted,0.02702702702702703,36,36,TTATACGTTCTCGGCGCTTA,0,4313987
yadI_predicted,0.02702702702702703,36,36,TTAGTGGGTTCCGGTATGCA,0,4292730
yadI_predicted,0.02702702702702703,36,36,TTACAGCACATTCACTAGCT,0,4314101
yadI_predicted,0.02702702702702703,36,36,TGTTTAGTGCGTTCTGAGCG,0,4339422
yadI_predicted,0.02702702702702703,36,36,TGGGGCAACTAATGTAGTAT,0,4305806
yadI_predicted,0.02702702702702703,36,36,TGGGCTAGCAGGGACATTAG,0,4320600
yadI_predicted,0.02702702702702703,36,36,TGGATGCCCCACTGTACCGA,0,4354726
yadI_predicted,0.02702702702702703,36,36,TGAGCTTCCACGATCCGCGG,0,4287748
yadI_predicted,0.02702702702702703,36,36,TCTGCGCCGACACGACAAAG,0,4322676
yadI_predicted,0.02702702702702703,36,36,TCTAATACTATTTCTGATTA,0,4308988
yadI_predicted,0.02702702702702703,36,36,TCGATTACTAAACAAATTGT,0,4362232
yadI_predicted,0.02702702702702703,36,36,TAGGTGTAGACAGAGAGCCA,0,4286858
yadI_predicted,0.02702702702702703,36,36,TACCATCAGCCTGACAATTA,0,4285792
yadI_predicted,0.02702702702702703,36,36,TAATTCCGTGCGCCCACGGT,0,4362008
yadI_predicted,0.02702702702702703,36,36,TAACTAGCCCATATGACTGA,0,4307260
yadI_predicted,0.02702702702702703,36,36,TAACCATCGTGAAATTACTG,0,4328360
yadI_predicted,0.02702702702702703,36,36,GTTTGGTCGAAGTTAAGCGG,0,4353748
yadI_predicted,0.02702702702702703,36,36,GTTTGCCTACCCCTATATGG,0,4319397
yadI_predicted,0.02702702702702703,36,36,GTTGCAACGTTCGTTGGTAT,0,4365902
yadI_predicted,0.02702702702702703,36,36,GTTCATCGTTTGCCAATATC,0,4317562
yadI_predicted,0.02702702702702703,36,36,GTAGGTATAAATACTCGGGT,0,4324150
yadI_predicted,0.02702702702702703,36,36,GTAATCATGGCAGGAGACCC,0,4325988
yadI_predicted,0.02702702702702703,36,36,GTAAAGATACTAACGTGTGC,0,4353747
yadI_predicted,0.02702702702702703,36,36,GGTTTTGTCAGGCTTCACAC,0,4287868
yadI_predicted,0.02702702702702703,36,36,GGTTGTTGTTAAGGAGTTGT,0,4341508
yadI_predicted,0.02702702702702703,36,36,GGTCCCTAAGACGCGGGTAT,0,4327467
yadI_predicted,0.02702702702702703,36,36,GGTACGGCTGCGATGTTTTA,0,4302643
yadI_predicted,0.02702702702702703,36,36,GGGCGCCTTTTTTCGTCGAT,0,4303940
yadI_predicted,0.02702702702702703,36,36,GGCGGTGAGCATGCTCGCCT,0,4346461
yadI_predicted,0.02702702702702703,36,36,GGACGCTTGTCCGTAGGCAA,0,4358098
yadI_predicted,0.02702702702702703,36,36,GGAAGGGTATTTCGTCCTTA,0,4358218
yadI_predicted,0.02702702702702703,36,36,GCGGAATGCACTTCGCGGCT,0,4341021
yadI_predicted,0.02702702702702703,36,36,GCGCAGGAGATCTGTGCGTA,0,4366509
yadI_predicted,0.02702702702702703,36,36,GATAGAAGTTCGATCACACG,0,4345508
yadI_predicted,0.02702702702702703,36,36,GAGCTCTTTCTGAGGCCCAG,0,4367562
yadI_predicted,0.02702702702702703,36,36,GACGCGAGGGCGATTTGCAA,0,4298040
yadI_predicted,0.02702702702702703,36,36,GACAAAGTTGCAGACTGACT,0,4299769
yadI_predicted,0.02702702702702703,36,36,GAACGAGCGGACATGGGACA,0,4308310
yadI_predicted,0.02702702702702703,36,36,CTTTTATCGATAGGGGCCAC,0,4368517
yadI_predicted,0.02702702702702703,36,36,CTGTCAAACGGTAGGTCCCT,0,4331276
yadI_predicted,0.02702702702702703,36,36,CTGCTCTCCGCCAACGCTAT,0,4311300
yadI_predicted,0.02702702702702703,36,36,CTGCAGCGCTCGTCCGTTCG,0,4366436
yadI_predicted,0.02702702702702703,36,36,CTGATGTGTTCATCCACCAG,0,4348492
yadI_predicted,0.02702702702702703,36,36,CTACTGATCACCACAATAGA,0,4348495
yadI_predicted,0.02702702702702703,36,36,CGGGCTCAGGGGGCGAACCA,0,4344062
yadI_predicted,0.02702702702702703,36,36,CGCGCGTTGAAAACTTCTGT,0,4304385
yadI_predicted,0.02702702702702703,36,36,CGCATGTTCTATTCTCGGTT,0,4341526
yadI_predicted,0.02702702702702703,36,36,CGATGTAGCCTACCATGTGC,0,4353814
yadI_predicted,0.02702702702702703,36,36,CCTTTTGGCGCAGCCGAAGC,0,4310655
yadI_predicted,0.02702702702702703,36,36,CCGTAAATACACTGAGACGT,0,4349693
yadI_predicted,0.02702702702702703,36,36,CCGGCAGGGGCTTTAGCCAC,0,4287825
yadI_predicted,0.02702702702702703,36,36,CCCGTTCTCAAGGAAGAAGA,0,4304594
yadI_predicted,0.02702702702702703,36,36,CATCTCGTGTTCGCGGGGCA,0,4334960
yadI_predicted,0.02702702702702703,36,36,CAGGGCTTGTGGAGATATTA,0,4368487
yadI_predicted,0.02702702702702703,36,36,CACTTGTTTCTGCGAACTGG,0,4349470
yadI_predicted,0.02702702702702703,36,36,CACTCAGGGGCCGGCACGAC,0,4334421
yadI_predicted,0.02702702702702703,36,36,CACGGGTGCTCAACTAAGGG,0,4287613
yadI_predicted,0.02702702702702703,36,36,CAATATTTCGCCACCCCTGC,0,4307182
yadI_predicted,0.02702702702702703,36,36,CAACCAGTCTCTCGGATAAT,0,4361305
yadI_predicted,0.02702702702702703,36,36,ATCGGTTCGTAAGGATGAGG,0,4355347
yadI_predicted,0.02702702702702703,36,36,ATCCAGGTTATGTGCGGCGA,0,4320276
yadI_predicted,0.02702702702702703,36,36,ATCAGCACATAACTCGGGTA,0,4310755
yadI_predicted,0.02702702702702703,36,36,ATATCTTACGAAACCCTGTT,0,4292757
yadI_predicted,0.02702702702702703,36,36,ATAGTCAATTGGATTGCCAA,0,4343574
yadI_predicted,0.02702702702702703,36,36,AGTCTCACCCTTCGTGGGGA,0,4366691
yadI_predicted,0.02702702702702703,36,36,AGTAGGCAGCATCTCCCCGC,0,4341777
yadI_predicted,0.02702702702702703,36,36,AGGGCACCGGCAATACTCCG,0,4303867
yadI_predicted,0.02702702702702703,36,36,AGCAGTGTAGGTAGTCTTTA,0,4306239
yadI_predicted,0.02702702702702703,36,36,AGAATTCACTCTCTTGCGGT,0,4344658
yadI_predicted,0.02702702702702703,36,36,AGAAAGTTGCGGAATGTTTA,0,4346703
yadI_predicted,0.02702702702702703,36,36,ACTGTGGTAGCGGAATACAT,0,4343134
yadI_predicted,0.02702702702702703,36,36,ACTCGACAAGCGCTTTCTAA,0,4335266
yadI_predicted,0.02702702702702703,36,36,AATTTCTAGCCAAACGCATA,0,4331549
yadI_predicted,0.02702702702702703,36,36,AATTTCAGACCTAGATCGTT,0,4307015
yadI_predicted,0.02702702702702703,36,36,AATGAATATGGCTTGACAAG,0,4319845
yadI_predicted,0.02702702702702703,36,36,AATAGTTGCACGAATCGAAG,0,4327185
yadI_predicted,0.02702702702702703,36,36,AAGTTACACAGCGATGGAGA,0,4317813
yadI_predicted,0.02702702702702703,36,36,AAGTACGAAGCTGTGGACCC,0,4343725
yadI_predicted,0.02702702702702703,36,36,AAGGACTGAGTTGCTAAATA,0,4325448
yadI_predicted,0.02702702702702703,36,36,AAGCTTGCATTAACAATCGG,0,4340364
yadI_predicted,0.02702702702702703,36,36,AAGCACTTATCATGCAAACA,0,4296223
yadI_predicted,0.02702702702702703,36,36,AACCACGTACGTCTGGGAAG,0,4294729
yadI_predicted,0.02702702702702703,36,36,AAATGCACATAACACGCTTG,0,4296822
yadI_predicted,0.027777777777777776,35,35,TTGGACATTACAGATGTTTA,0,4332784
yadI_predicted,0.027777777777777776,35,35,TTCTCGTAGGCACAACACGG,0,4335364
yadI_predicted,0.027777777777777776,35,35,TTAGTTAGTGGTCAGTAGAT,0,4297832
yadI_predicted,0.027777777777777776,35,35,TGGCCTCAAAAAACTCGAAT,0,4313104
yadI_predicted,0.027777777777777776,35,35,TGCTTCAGCCGCATGTGGTT,0,4299768
yadI_predicted,0.027777777777777776,35,35,TCTGTCTGCCGACGGTGGAA,0,4325199
yadI_predicted,0.027777777777777776,35,35,TCTATAACTGCGTTGCCGAG,0,4362873
yadI_predicted,0.027777777777777776,35,35,TCGGGAAAGGCCAACTATTC,0,4294897
yadI_predicted,0.027777777777777776,35,35,TCGGCAGTGACGCACCGCAT,0,4287160
yadI_predicted,0.027777777777777776,35,35,TCCTGCATTGCATGGGATCA,0,4338453
yadI_predicted,0.027777777777777776,35,35,TCCTGACCAGCTGAGTTAAT,0,4319376
yadI_predicted,0.027777777777777776,35,35,TCCTATTAACAGAATAAGGC,0,4348993
yadI_predicted,0.027777777777777776,35,35,TCATGTTCCCCCAGTACCTG,0,4295373
yadI_predicted,0.027777777777777776,35,35,TCATAGATCGCGTGATGTCA,0,4313376
yadI_predicted,0.027777777777777776,35,35,TATTTGCTAGATCCATCTAT,0,4314182
yadI_predicted,0.027777777777777776,35,35,TACAGGGTGTTACGGTGGGT,0,4328304
yadI_predicted,0.027777777777777776,35,35,TAAATTTCCCGGTTGAAAGT,0,4327997
yadI_predicted,0.027777777777777776,35,35,GTGTTGAGATCTCCAATTCT,0,4351938
yadI_predicted,0.027777777777777776,35,35,GTGTGGACGGAATGTGACTA,0,4292584
yadI_predicted,0.027777777777777776,35,35,GTGGTGCATGGGCGACTTCG,0,4365330
yadI_predicted,0.027777777777777776,35,35,GTCGCTCACAAAAGGGCTAT,0,4287761
yadI_predicted,0.027777777777777776,35,35,GTCCGTGCGACGATACGCGA,0,4323466
yadI_predicted,0.027777777777777776,35,35,GTCCCCGCGGTGTCATGCTA,0,4284333
yadI_predicted,0.027777777777777776,35,35,GTAAATATCCGCTTAACTGT,0,4352961
yadI_predicted,0.027777777777777776,35,35,GGTTGCCGGGGACAGCAGGG,0,4339259
yadI_predicted,0.027777777777777776,35,35,GGTTAATCCATTGCGCACGG,0,4287452
yadI_predicted,0.027777777777777776,35,35,GGTATTGGCGGTTATGTGAA,0,4314245
yadI_predicted,0.027777777777777776,35,35,GGTACCAACGAAAGAATGAG,0,4363755
yadI_predicted,0.027777777777777776,35,35,GGCTTGTTGCTCCTACTTCT,0,4328949
yadI_predicted,0.027777777777777776,35,35,GGCTCTGGGGTTAACCGGTA,0,4348978
yadI_predicted,0.027777777777777776,35,35,GGCTAGGTTACGTTGCCTCA,0,4338261
yadI_predicted,0.027777777777777776,35,35,GGCTAGATTCCATCACAGTG,0,4364804
yadI_predicted,0.027777777777777776,35,35,GGCCGTGACTACCCTTTTTA,0,4309117
yadI_predicted,0.027777777777777776,35,35,GGCATTATCGGATTCCCGGT,0,4358497
yadI_predicted,0.027777777777777776,35,35,GGAGGGTGTGTCAATACACT,0,4308029
yadI_predicted,0.027777777777777776,35,35,GCTGATATAGACGTGCGCAT,0,4288405
yadI_predicted,0.027777777777777776,35,35,GCTCGAGTTGGTCGTCAACG,0,4331016
yadI_predicted,0.027777777777777776,35,35,GCTACAAGGTTGGACTAATG,0,4362286
yadI_predicted,0.027777777777777776,35,35,GCCTAACTTAAGTGAAGTGA,0,4311847
yadI_predicted,0.027777777777777776,35,35,GAGTGGCGAAAATAAGCCTG,0,4335772
yadI_predicted,0.027777777777777776,35,35,GAGGTAACTCCACGGCCGAA,0,4295153
yadI_predicted,0.027777777777777776,35,35,GAGCATACGGAGGTTCTCTA,0,4317429
yadI_predicted,0.027777777777777776,35,35,GACTTCATCCGCTTACCCCT,0,4313473
yadI_predicted,0.027777777777777776,35,35,GACGACGCCAAATGCGGCTT,0,4285097
yadI_predicted,0.027777777777777776,35,35,GAAAACACGTATTGCATTCA,0,4323218
yadI_predicted,0.027777777777777776,35,35,CTTGTAGCCCCCAAAGGAGC,0,4329917
yadI_predicted,0.027777777777777776,35,35,CTGAAACGCGGGTGCCCAGC,0,4329335
yadI_predicted,0.027777777777777776,35,35,CTCGCTAAGATACGTTTGGT,0,4292461
yadI_predicted,0.027777777777777776,35,35,CGGTATCCTGCCCCTAAAAT,0,4292824
yadI_predicted,0.027777777777777776,35,35,CGCTGCTCTACCTACTCAGC,0,4292568
yadI_predicted,0.027777777777777776,35,35,CGACCACACCAAAGTGTTTG,0,4286393
yadI_predicted,0.027777777777777776,35,35,CCTTTGCAATCGGCAACTCT,0,4323446
yadI_predicted,0.027777777777777776,35,35,CCGTTTCCCTTTGTGGATCT,0,4344075
yadI_predicted,0.027777777777777776,35,35,CCGTCTCGTGGAACTACCCA,0,4334034
yadI_predicted,0.027777777777777776,35,35,CCCAAAAACAATCTTCCGGT,0,4331356
yadI_predicted,0.027777777777777776,35,35,CATAGTTCCTGGATGGGCAT,0,4322078
yadI_predicted,0.027777777777777776,35,35,CATAAGCGCCATCAGCCCAA,0,4291967
yadI_predicted,0.027777777777777776,35,35,CAGGACAGCATCGTGTACGA,0,4351159
yadI_predicted,0.027777777777777776,35,35,CAGCAGTAGTCAGGGACCTT,0,4321289
yadI_predicted,0.027777777777777776,35,35,CAACTTCGCGTTACGAAGCC,0,4346030
yadI_predicted,0.027777777777777776,35,35,ATGTCTGGTTGGTTGTAGGG,0,4287449
yadI_predicted,0.027777777777777776,35,35,ATGGTATGCTCAACAGCCTA,0,4300126
yadI_predicted,0.027777777777777776,35,35,ATCCCTTATTAGTTCTAAGT,0,4329836
yadI_predicted,0.027777777777777776,35,35,ATATACCACGGTGGGTGTGA,0,4316215
yadI_predicted,0.027777777777777776,35,35,AGGTGGGCCACACCCAGTCA,0,4321587
yadI_predicted,0.027777777777777776,35,35,AGGGCGCGTGGATATATCCC,0,4301334
yadI_predicted,0.027777777777777776,35,35,AGGATATCACACTCGGGTTA,0,4310254
yadI_predicted,0.027777777777777776,35,35,AGGATACCGGCGACATTTGT,0,4325001
yadI_predicted,0.027777777777777776,35,35,AGAGACCTCTGGACCCAGCA,0,4353349
yadI_predicted,0.027777777777777776,35,35,ACTGCAGGGTCCTTGTCCGG,0,4307082
yadI_predicted,0.027777777777777776,35,35,ACTCGACAGGGGATGGAATG,0,4351565
yadI_predicted,0.027777777777777776,35,35,ACGGAGACTTTATGTAAGAT,0,4343294
yadI_predicted,0.027777777777777776,35,35,ACCGATCTGCTGGCCTGGCA,0,4313300
yadI_predicted,0.027777777777777776,35,35,ACATCAAATCTCATTTGGAA,0,4369552
yadI_predicted,0.027777777777777776,35,35,AAGTGACCTCAAATTGTCCA,0,4356915
yadI_predicted,0.027777777777777776,35,35,AAGTACAACTCTCCGCAGTA,0,4340881
yadI_predicted,0.027777777777777776,35,35,AAGGGTAAGTACGCTAGTCT,0,4313614
yadI_predicted,0.027777777777777776,35,35,AAGGAAACGCCTCAGGTACT,0,4336709
yadI_predicted,0.027777777777777776,35,35,AACGTATAGAGTAGCTATCA,0,4302949
yadI_predicted,0.02857142857142857,34,34,TTTGACGGGCGGGTCCTTTA,0,4317663
yadI_predicted,0.02857142857142857,34,34,TTGCCAATATTTGTGATGGG,0,4363673
yadI_predicted,0.02857142857142857,34,34,TTATCCAATCGGCTGTGAGG,0,4329249
yadI_predicted,0.02857142857142857,34,34,TGTGGGGCAGAATCGTAACA,0,4315795
yadI_predicted,0.02857142857142857,34,34,TGGTCCGTGCCAGCCCGAGG,0,4302641
yadI_predicted,0.02857142857142857,34,34,TGCGACTGAGGTCAGGGGAG,0,4356056
yadI_predicted,0.02857142857142857,34,34,TGACGAGCTATCAAATAAGG,0,4363325
yadI_predicted,0.02857142857142857,34,34,TCTGCATGGGGATGCAACGA,0,4349688
yadI_predicted,0.02857142857142857,34,34,TAGCTGCAAGCCAACATATA,0,4299770
yadI_predicted,0.02857142857142857,34,34,TAGCGGTATGCCAACATATG,0,4285982
yadI_predicted,0.02857142857142857,34,34,TACTGACTATGCCCACGTTA,0,4325997
yadI_predicted,0.02857142857142857,34,34,TACTCACCTGGATAGGCCTA,0,4294620
yadI_predicted,0.02857142857142857,34,34,TACTATAATAATAGCTATTT,0,4320780
yadI_predicted,0.02857142857142857,34,34,GTGTGATTAACTAAAGCGTC,0,4304829
yadI_predicted,0.02857142857142857,34,34,GTGGTCTATGAGTTGGTTCC,0,4287374
yadI_predicted,0.02857142857142857,34,34,GTCCGTCTGGGTTACAGTAT,0,4290079
yadI_predicted,0.02857142857142857,34,34,GTCACACCGTACTCGGACGG,0,4315826
yadI_predicted,0.02857142857142857,34,34,GTAAAGGGGTATGCTCATTT,0,4337927
yadI_predicted,0.02857142857142857,34,34,GGTCGGATTGATAAAAGTCC,0,4362725
yadI_predicted,0.02857142857142857,34,34,GGGCATATGAGTGGATTCGC,0,4352789
yadI_predicted,0.02857142857142857,34,34,GGATACCCAATATCGGCGAT,0,4299203
yadI_predicted,0.02857142857142857,34,34,GGAGGCAATTTATAATCTCT,0,4365729
yadI_predicted,0.02857142857142857,34,34,GCTCATGGGCAGGACTTGAT,0,4365307
yadI_predicted,0.02857142857142857,34,34,GCGTTCCGTTTCCCTCAGTT,0,4340623
yadI_predicted,0.02857142857142857,34,34,GCACTAAGACCCTGTACATT,0,4295631
yadI_predicted,0.02857142857142857,34,34,GCACATCGTTTAGGCGAGGG,0,4363184
yadI_predicted,0.02857142857142857,34,34,GATCTATTTCGCATCAGTCT,0,4288183
yadI_predicted,0.02857142857142857,34,34,CTGCATAAGATGCGGGCCTC,0,4304258
yadI_predicted,0.02857142857142857,34,34,CTATGTACGGGTTTCTGATG,0,4360622
yadI_predicted,0.02857142857142857,34,34,CTATAAGCAGGGGTCCCACT,0,4305096
yadI_predicted,0.02857142857142857,34,34,CTAATGTTTAGCGAGACAGT,0,4330656
yadI_predicted,0.02857142857142857,34,34,CGGTTGCGGGTATCCTTCCA,0,4288678
yadI_predicted,0.02857142857142857,34,34,CGGGGGGCGCATAGCTTGTG,0,4302279
yadI_predicted,0.02857142857142857,34,34,CGGCTGTTTCAGGGCTTGAG,0,4327975
yadI_predicted,0.02857142857142857,34,34,CGGCGTCGGATCGTGCGTCA,0,4285305
yadI_predicted,0.02857142857142857,34,34,CGCGCGGACTATCTGTCAGG,0,4307702
yadI_predicted,0.02857142857142857,34,34,CGCACGGGACTAGAGTCAAT,0,4315852
yadI_predicted,0.02857142857142857,34,34,CCTGTTGGAGGCTTTTACGG,0,4344419
yadI_predicted,0.02857142857142857,34,34,CCTACTCAAAACGCGTTTGT,0,4307390
yadI_predicted,0.02857142857142857,34,34,CCGTGAGCCGAGGTGGTGGA,0,4368647
yadI_predicted,0.02857142857142857,34,34,CCGTCGTGTAGATGCAATAG,0,4292209
yadI_predicted,0.02857142857142857,34,34,CCCGCGAGTTGTTGGGTTAC,0,4327061
yadI_predicted,0.02857142857142857,34,34,CATAAGACTTCACTTTATTG,0,4360477
yadI_predicted,0.02857142857142857,34,34,CAGTGACCTCGTGTGAGCGG,0,4308534
yadI_predicted,0.02857142857142857,34,34,CAGCTGACGGTTAAATTATA,0,4361887
yadI_predicted,0.02857142857142857,34,34,CACTGTCGGATGAGTACTAA,0,4353686
yadI_predicted,0.02857142857142857,34,34,ATTGACGCTGAAGCCAACCT,0,4329463
yadI_predicted,0.02857142857142857,34,34,ATATGGGACTTTAGCCCAGT,0,4315314
yadI_predicted,0.02857142857142857,34,34,AGTCGCGCCTCCAAATGAAT,0,4363856
yadI_predicted,0.02857142857142857,34,34,AGCTGGGGACTGATTCCGTA,0,4295368
yadI_predicted,0.02857142857142857,34,34,AGCGTAGGAATTAGAGTTTC,0,4344005
yadI_predicted,0.02857142857142857,34,34,AGCGCCAGATTGCCGCGTGA,0,4311518
yadI_predicted,0.02857142857142857,34,34,AGCCGCATTGATAGTAAAAT,0,4322837
yadI_predicted,0.02857142857142857,34,34,AGCCCCCGCTCTGGTTTTTC,0,4297642
yadI_predicted,0.02857142857142857,34,34,AGAGACCGTAGCGTGAAGGT,0,4337119
yadI_predicted,0.02857142857142857,34,34,ACGTACACTCGATGACTACG,0,4367278
yadI_predicted,0.02857142857142857,34,34,ACGCGCCAGGGCGGTGCCGA,0,4318773
yadI_predicted,0.02857142857142857,34,34,ACGATCCGGTACCATGCATA,0,4299074
yadI_predicted,0.02857142857142857,34,34,ACACGGGATACATTTAACTT,0,4322590
yadI_predicted,0.02857142857142857,34,34,AAACGTGTGTCCTGTTAAAA,0,4298676
yadI_predicted,0.02857142857142857,34,34,AAACCCTTGGTCTACAATCG,0,4364584
yadI_predicted,0.029411764705882353,33,33,TTTGGTTGCTCGGTTTGTAA,0,4298189
yadI_predicted,0.029411764705882353,33,33,TTGGAACGTCATATAGCTGT,0,4357481
yadI_predicted,0.029411764705882353,33,33,TTCCATGTCGCCGCTACCAG,0,4339824
yadI_predicted,0.029411764705882353,33,33,TGGTGGTACGGCGACCATTA,0,4322636
yadI_predicted,0.029411764705882353,33,33,TGGCTGGGAGTAAACTATAA,0,4331623
yadI_predicted,0.029411764705882353,33,33,TGGCCATCAGGCCGGTCACG,0,4328913
yadI_predicted,0.029411764705882353,33,33,TGGCATCTTGATCACACACA,0,4358155
yadI_predicted,0.029411764705882353,33,33,TGGAATTTGTCACAAAAATA,0,4347867
yadI_predicted,0.029411764705882353,33,33,TGCTTAATGAAGTGTCCGTA,0,4335397
yadI_predicted,0.029411764705882353,33,33,TGAGGGGACAACTTTGTGCT,0,4309833
yadI_predicted,0.029411764705882353,33,33,TCCTGACGAAATTCGGTGGT,0,4303897
yadI_predicted,0.029411764705882353,33,33,TATAGGGGAACTAGAGGATC,0,4366618
yadI_predicted,0.029411764705882353,33,33,TAGCGGACCAGGAGACGTCG,0,4303048
yadI_predicted,0.029411764705882353,33,33,TAGACTGTCCCCCTGAGGAT,0,4284816
yadI_predicted,0.029411764705882353,33,33,TACGGTATTTGTTTGAGTGT,0,4331183
yadI_predicted,0.029411764705882353,33,33,TACCTAGCAGACGATAAGGG,0,4342406
yadI_predicted,0.029411764705882353,33,33,TAACGTGGAAAGCCTTGCTA,0,4326713
yadI_predicted,0.029411764705882353,33,33,GTTCGGAGGATTCGGTCTAA,0,4329026
yadI_predicted,0.029411764705882353,33,33,GTGTCCTACGTCCCTAGCGC,0,4327651
yadI_predicted,0.029411764705882353,33,33,GTGACCATGGGCAATAATCA,0,4360784
yadI_predicted,0.029411764705882353,33,33,GTATCTGGTGTGTAATACGC,0,4350512
yadI_predicted,0.029411764705882353,33,33,GTAGGTATCCCGGGTCTCAC,0,4358063
yadI_predicted,0.029411764705882353,33,33,GTAAAGATGGAACCTGGTCA,0,4286352
yadI_predicted,0.029411764705882353,33,33,GGTAGTCGTTCAGTGCAAGT,0,4339165
yadI_predicted,0.029411764705882353,33,33,GGGGTGTGTATCGTTCCAGT,0,4298480
yadI_predicted,0.029411764705882353,33,33,GGGGGGCTAGCACGCAGATG,0,4347616
yadI_predicted,0.029411764705882353,33,33,GGGCTCGGGACAATTTACGT,0,4307377
yadI_predicted,0.029411764705882353,33,33,GGCCGACCTCATGCGGGGCT,0,4345440
yadI_predicted,0.029411764705882353,33,33,GGCATCAAGAGGGCCGCCAC,0,4358303
yadI_predicted,0.029411764705882353,33,33,GGACTGATCCTCAAGACAGG,0,4349204
yadI_predicted,0.029411764705882353,33,33,GGAATGAGAAGCGTTGGTTC,0,4287833
yadI_predicted,0.029411764705882353,33,33,GGAATCCGAAGACTCTACTA,0,4325974
yadI_predicted,0.029411764705882353,33,33,GCTGAGCCCACAGCGCATAC,0,4315552
yadI_predicted,0.029411764705882353,33,33,GCTCATAAGGAAGATGCGGT,0,4325637
yadI_predicted,0.029411764705882353,33,33,GCGTTTAGTGGGGCGATGTT,0,4359509
yadI_predicted,0.029411764705882353,33,33,GCGGTATTTGTAAGCTTTGG,0,4343667
yadI_predicted,0.029411764705882353,33,33,GCGGGTGCGTACTCTCCGTG,0,4334942
yadI_predicted,0.029411764705882353,33,33,GCGCGTTAGACCTTTGCGGA,0,4292858
yadI_predicted,0.029411764705882353,33,33,GCCTTCCAATTTCCAGGCGT,0,4301978
yadI_predicted,0.029411764705882353,33,33,GCCACGGACTTTGTGTGTCG,0,4298179
yadI_predicted,0.029411764705882353,33,33,GCAATGAAACCACACGTTAA,0,4336197
yadI_predicted,0.029411764705882353,33,33,GAGGTGCGATGAAAGGTTCA,0,4342007
yadI_predicted,0.029411764705882353,33,33,GAGGTAGTCGGAGTCCCGGT,0,4348739
yadI_predicted,0.029411764705882353,33,33,GAGAGAAAGGTTTAGGAGAC,0,4331213
yadI_predicted,0.029411764705882353,33,33,GACAGGCGCCCTTGCGTTAC,0,4369071
yadI_predicted,0.029411764705882353,33,33,GAACATTCTACAAAATGATC,0,4305244
yadI_predicted,0.029411764705882353,33,33,CTTCGGGTATGAGGGCAAAC,0,4358405
yadI_predicted,0.029411764705882353,33,33,CTTCGGGGTATGGCGAGATA,0,4309187
yadI_predicted,0.029411764705882353,33,33,CTGGTCTTTGGGGATGCGCA,0,4292104
yadI_predicted,0.029411764705882353,33,33,CTGAACTACGGGCCTTGCGG,0,4308609
yadI_predicted,0.029411764705882353,33,33,CTCGTACGAAACTTTGGCTT,0,4290287
yadI_predicted,0.029411764705882353,33,33,CTCGCCCAGGTGTATGTTCA,0,4291644
yadI_predicted,0.029411764705882353,33,33,CGTGTTCCTATCGGTGTGGT,0,4352301
yadI_predicted,0.029411764705882353,33,33,CGTAGGGTCGGAGCCAAACC,0,4284948
yadI_predicted,0.029411764705882353,33,33,CGGGCAACGAGCTCACGCTA,0,4311694
yadI_predicted,0.029411764705882353,33,33,CGGCCAACGGTTCCCGACCA,0,4306815
yadI_predicted,0.029411764705882353,33,33,CGATTTGACTCTCCTAGTAG,0,4360238
yadI_predicted,0.029411764705882353,33,33,CGAGGTTAGTGCGAGGTTTA,0,4352227
yadI_predicted,0.029411764705882353,33,33,CCTGACGGTACAATGAGTTA,0,4336791
yadI_predicted,0.029411764705882353,33,33,CCGTCGTAGTGGGCATGCGT,0,4342403
yadI_predicted,0.029411764705882353,33,33,CCGGTCTCAGATGCCTGTTT,0,4358398
yadI_predicted,0.029411764705882353,33,33,CCGGTCACCCGCATCGATGC,0,4315302
yadI_predicted,0.029411764705882353,33,33,CCCTTTTTCGAGAATAAAGT,0,4304908
yadI_predicted,0.029411764705882353,33,33,CCCCTGGTCTTCAATGGCAA,0,4352373
yadI_predicted,0.029411764705882353,33,33,CCCCCTTATCCAAGTTTGTA,0,4358081
yadI_predicted,0.029411764705882353,33,33,CCCATGTCGCCGACCCACGG,0,4325932
yadI_predicted,0.029411764705882353,33,33,CATGCCCCATAGGCCTTAAA,0,4302153
yadI_predicted,0.029411764705882353,33,33,CATCAACGGGCATCAACCTT,0,4301819
yadI_predicted,0.029411764705882353,33,33,CAGGGACTAATGCACACCGT,0,4331821
yadI_predicted,0.029411764705882353,33,33,CAAGTAGTCCACTGCCGCCG,0,4337330
yadI_predicted,0.029411764705882353,33,33,ATTTACGCGCCAGGTTCGCT,0,4356913
yadI_predicted,0.029411764705882353,33,33,ATTCTCCGCCCACATAGGAA,0,4305309
yadI_predicted,0.029411764705882353,33,33,ATTCAGCTTTCCGGAAATGA,0,4291256
yadI_predicted,0.029411764705882353,33,33,ATTAATCGTAGAGTGAAGAA,0,4292291
yadI_predicted,0.029411764705882353,33,33,ATGTGGCGCTTTTTAACACT,0,4286669
yadI_predicted,0.029411764705882353,33,33,ATGTCTTGTTACGTACGGGT,0,4318303
yadI_predicted,0.029411764705882353,33,33,ATGCAAAAAATCCGTGATTA,0,4298178
yadI_predicted,0.029411764705882353,33,33,ATGAGCAACTCATCTGCAAT,0,4335483
yadI_predicted,0.029411764705882353,33,33,ATACAAGATCTAAACATTTC,0,4332826
yadI_predicted,0.029411764705882353,33,33,AGTGTTGCCGAAAGCCCTTT,0,4356961
yadI_predicted,0.029411764705882353,33,33,AGTGTCAGACGTGGAATAAT,0,4330624
yadI_predicted,0.029411764705882353,33,33,AGGCGCATGAGTTGAAATCC,0,4321018
yadI_predicted,0.029411764705882353,33,33,AGGACTCGGGAATCCTCTAC,0,4338253
yadI_predicted,0.029411764705882353,33,33,AGGACCCAACAGATGCCGTG,0,4338842
yadI_predicted,0.029411764705882353,33,33,AGCTGAGTAATAGCTGAGAA,0,4341892
yadI_predicted,0.029411764705882353,33,33,AGCCCACGTAGAACTTTAGT,0,4336841
yadI_predicted,0.029411764705882353,33,33,AGCAACCAGGCTGAGTCCGT,0,4322043
yadI_predicted,0.029411764705882353,33,33,ACTTGGCCCGAGGAGTCTAT,0,4311056
yadI_predicted,0.029411764705882353,33,33,ACTTGGCATTACAGACGATA,0,4303357
yadI_predicted,0.029411764705882353,33,33,ACGTTTCGTGGGGGATCTTG,0,4304308
yadI_predicted,0.029411764705882353,33,33,ACGTTCTGCCAGGTTCTGTT,0,4298284
yadI_predicted,0.029411764705882353,33,33,AATGGGGGGGGTGTGATACG,0,4342905
yadI_predicted,0.029411764705882353,33,33,AAGGATCGGTTTGTAAGTAA,0,4326590
yadI_predicted,0.029411764705882353,33,33,AACCTTGAAGCTTTATTGAT,0,4315604
yadI_predicted,0.029411764705882353,33,33,AACACAGGTGCGTAAATCTA,0,4321497
yadI_predicted,0.029411764705882353,33,33,AAATGTTCCCCGCCATCCAC,0,4365730
yadI_predicted,0.029411764705882353,33,33,AAACCTCGCCAAAAGAGTCA,0,4308595
yadI_predicted,0.030303030303030304,32,32,TTTCTGGATCACCAGCTAAA,0,4348318
yadI_predicted,0.030303030303030304,32,32,TTTCATCCTTTTAAAATCAA,0,4301650
yadI_predicted,0.030303030303030304,32,32,TTGAATCCTTTGTGGGGCTC,0,4321180
yadI_predicted,0.030303030303030304,32,32,TTCGTATTGGGGGATGTTGT,0,4338458
yadI_predicted,0.030303030303030304,32,32,TTACCCCCTGGCCGGCGTGA,0,4300275
yadI_predicted,0.030303030303030304,32,32,TGTGGTAGCAGGTGCCTACA,0,4322592
yadI_predicted,0.030303030303030304,32,32,TGTGATCCATAGGCCGCGGC,0,4293182
yadI_predicted,0.030303030303030304,32,32,TGTATTTCGGGTTTAACCGA,0,4304041
yadI_predicted,0.030303030303030304,32,32,TGGTTGACTCGCAAACCGTA,0,4301982
yadI_predicted,0.030303030303030304,32,32,TGGTCAAACGGCTCTATGCC,0,4341520
yadI_predicted,0.030303030303030304,32,32,TGATTTGGAGGGAGGAATTG,0,4288552
yadI_predicted,0.030303030303030304,32,32,TGAACTGCAGTGACCTGCAT,0,4317281
yadI_predicted,0.030303030303030304,32,32,TCTTCCAAGCGACATCGTTA,0,4306316
yadI_predicted,0.030303030303030304,32,32,TCTTCATAGGGATTAATAGA,0,4293973
yadI_predicted,0.030303030303030304,32,32,TCTGTCCTTCGTGCAGAGCA,0,4353504
yadI_predicted,0.030303030303030304,32,32,TCGTACATTGGGTACTGCTT,0,4290395
yadI_predicted,0.030303030303030304,32,32,TCGGCCAATGACGTGTTGTT,0,4296462
yadI_predicted,0.030303030303030304,32,32,TCGCGAGACACGGTACGGTA,0,4354868
yadI_predicted,0.030303030303030304,32,32,TCGAGCCTCGACCATTGTCA,0,4292202
yadI_predicted,0.030303030303030304,32,32,TATGGAGTAATGGTCTTCCG,0,4319547
yadI_predicted,0.030303030303030304,32,32,TATCTGGTCAACGGGGTTTA,0,4328444
yadI_predicted,0.030303030303030304,32,32,TATCCGAACAATAATTTTAA,0,4299711
yadI_predicted,0.030303030303030304,32,32,TATAGATCCCTGAAGCGTAC,0,4305058
yadI_predicted,0.030303030303030304,32,32,TAGCTAACCGCCTTCTGTCG,0,4328954
yadI_predicted,0.030303030303030304,32,32,TACAGTCGGCTTTTGTTTGT,0,4305650
yadI_predicted,0.030303030303030304,32,32,TAAGTACATCTATCGTCTAA,0,4286288
yadI_predicted,0.030303030303030304,32,32,TAACCTACTAACTTTCTATT,0,4306061
yadI_predicted,0.030303030303030304,32,32,TAACAATTTGTCGTGACGTT,0,4288553
yadI_predicted,0.030303030303030304,32,32,GTTTATATTTGGAGTGGGGG,0,4349842
yadI_predicted,0.030303030303030304,32,32,GTTCGCCACAGTCTGAGCCT,0,4299270
yadI_predicted,0.030303030303030304,32,32,GTGGGGCTAGCACCCGAAGA,0,4338612
yadI_predicted,0.030303030303030304,32,32,GTGCGCGAACTTATTTGGCA,0,4300455
yadI_predicted,0.030303030303030304,32,32,GTGCACTTGAGTGTCACTTA,0,4322297
yadI_predicted,0.030303030303030304,32,32,GTCTATTAAGCGCATCGCCT,0,4355018
yadI_predicted,0.030303030303030304,32,32,GTCGATATTTTCCTAGGCGT,0,4313847
yadI_predicted,0.030303030303030304,32,32,GTCCCGACCTGAGCGTTGTA,0,4324450
yadI_predicted,0.030303030303030304,32,32,GTAGGCTCTACGCTGACAAA,0,4312250
yadI_predicted,0.030303030303030304,32,32,GGTGCTCGAGATTGCTTTCT,0,4318712
yadI_predicted,0.030303030303030304,32,32,GGTCTATGGCGTAATCGCCC,0,4364656
yadI_predicted,0.030303030303030304,32,32,GGGCCGTTTTATAGCCCCCA,0,4292964
yadI_predicted,0.030303030303030304,32,32,GGCTCGTACGTTAGAGTTGG,0,4304261
yadI_predicted,0.030303030303030304,32,32,GGCATTTTACGCGGAGAAAT,0,4332002
yadI_predicted,0.030303030303030304,32,32,GGCATTACAGTGGGCCTTGT,0,4367444
yadI_predicted,0.030303030303030304,32,32,GGATGGGCGGTTTGCTGGGG,0,4361425
yadI_predicted,0.030303030303030304,32,32,GGAGTATCGACAGATAAGTT,0,4297007
yadI_predicted,0.030303030303030304,32,32,GGAGTACCGTTCCATGTAAA,0,4305497
yadI_predicted,0.030303030303030304,32,32,GGAACGGCGGGAGAGCATGG,0,4336793
yadI_predicted,0.030303030303030304,32,32,GGAAACCCACGGGTTTGGAT,0,4287236
yadI_predicted,0.030303030303030304,32,32,GCTTGTTAAGAGATGGCGTC,0,4338573
yadI_predicted,0.030303030303030304,32,32,GCTTGCACGAATTCTACGCT,0,4361533
yadI_predicted,0.030303030303030304,32,32,GCTAATGCGAGTAGACACAA,0,4293599
yadI_predicted,0.030303030303030304,32,32,GCGTCACAATTTATGGTGAA,0,4341672
yadI_predicted,0.030303030303030304,32,32,GCCTAGGGTCCGTACGCTAA,0,4298647
yadI_predicted,0.030303030303030304,32,32,GCAGGTAAACCACGAGTAAT,0,4339635
yadI_predicted,0.030303030303030304,32,32,GCAGACTAGGTGACAGAAGA,0,4340749
yadI_predicted,0.030303030303030304,32,32,GATGCGTTACGGAGTGAAAT,0,4362083
yadI_predicted,0.030303030303030304,32,32,GAGATCGTCTGCAAAGGGCG,0,4284951
yadI_predicted,0.030303030303030304,32,32,CTTTACTGGATGCGCGGCGG,0,4333749
yadI_predicted,0.030303030303030304,32,32,CTTCGTAGGGATAACGTTGA,0,4308419
yadI_predicted,0.030303030303030304,32,32,CTGCGGCGTTAAAATTATTT,0,4334408
yadI_predicted,0.030303030303030304,32,32,CTCTTCAAAGGTTGCCGGTT,0,4316874
yadI_predicted,0.030303030303030304,32,32,CTCCACTGATATTTAAATGG,0,4337620
yadI_predicted,0.030303030303030304,32,32,CTAGGGATTCGGTTCGGCTC,0,4343253
yadI_predicted,0.030303030303030304,32,32,CTAAGATCTAGCTGTATCAT,0,4307271
yadI_predicted,0.030303030303030304,32,32,CGGTTTGGATGGTAGCGTCA,0,4301938
yadI_predicted,0.030303030303030304,32,32,CGCTCACCGGGTAAACGAAA,0,4329604
yadI_predicted,0.030303030303030304,32,32,CGCGCGGATACCCTGTCCTT,0,4312442
yadI_predicted,0.030303030303030304,32,32,CGAGAGGAGATGAACATAGG,0,4287750
yadI_predicted,0.030303030303030304,32,32,CCTTGGTGGTTTACCGTTGT,0,4324133
yadI_predicted,0.030303030303030304,32,32,CCTTGGTGGGCATGCAAGCA,0,4322634
yadI_predicted,0.030303030303030304,32,32,CCTAAGATGCCCCTTAGGCA,0,4285022
yadI_predicted,0.030303030303030304,32,32,CCGGTTTTATTGCTTACGAG,0,4287949
yadI_predicted,0.030303030303030304,32,32,CCGGTCATGACAACTATGCG,0,4369133
yadI_predicted,0.030303030303030304,32,32,CCGGGTGAAGATCAGGGAAC,0,4292201
yadI_predicted,0.030303030303030304,32,32,CCCGGGGGCTGAGGCCGCCT,0,4318009
yadI_predicted,0.030303030303030304,32,32,CCCACGCCCCAGGAGCGACA,0,4303982
yadI_predicted,0.030303030303030304,32,32,CCATGCGATACCCTTGGTGA,0,4337981
yadI_predicted,0.030303030303030304,32,32,CCACGTTATCCACCGGGTTG,0,4340624
yadI_predicted,0.030303030303030304,32,32,CATGTGATTACTTTCACACA,0,4340046
yadI_predicted,0.030303030303030304,32,32,CAGCATAGTGGCTTGCCTCG,0,4332282
yadI_predicted,0.030303030303030304,32,32,CAGCAGTAAAATGAGCAGTT,0,4327231
yadI_predicted,0.030303030303030304,32,32,CAGCAAAAGATTGGGTTTAA,0,4320593
yadI_predicted,0.030303030303030304,32,32,CACGTTAAGCCGCACACTGT,0,4302722
yadI_predicted,0.030303030303030304,32,32,CACGATAGAGGGAACATGAG,0,4299558
yadI_predicted,0.030303030303030304,32,32,ATGTGGGCTGCGACTCCTTG,0,4343498
yadI_predicted,0.030303030303030304,32,32,ATGGCTTAGGTGGCCCGGTG,0,4354455
yadI_predicted,0.030303030303030304,32,32,ATGCAGCGACGGGATTTTGA,0,4355290
yadI_predicted,0.030303030303030304,32,32,ATGAGAGGGCTTTTGAGGCT,0,4337682
yadI_predicted,0.030303030303030304,32,32,ATCCCTCAGATGGCTTGCGT,0,4361781
yadI_predicted,0.030303030303030304,32,32,AGGGTGGCATGAAGGGCTGT,0,4326152
yadI_predicted,0.030303030303030304,32,32,AGGGGTCTAATGTCCCGCGG,0,4285562
yadI_predicted,0.030303030303030304,32,32,AGGCCACCCGTGGCAGTGTG,0,4365394
yadI_predicted,0.030303030303030304,32,32,AGCATACCTGATGTTGAAAG,0,4324617
yadI_predicted,0.030303030303030304,32,32,AGAGTAAGGCGCCAAGCGAG,0,4296313
yadI_predicted,0.030303030303030304,32,32,ACGCGCGGGGTGAGTCTTCT,0,4348986
yadI_predicted,0.030303030303030304,32,32,ACGATACTCACACGCGGAGG,0,4362514
yadI_predicted,0.030303030303030304,32,32,ACCGATTTCGTCGCACGCTG,0,4318011
yadI_predicted,0.030303030303030304,32,32,ACATCCCCTGGCCTTAGTTT,0,4348143
yadI_predicted,0.030303030303030304,32,32,AATGGCGCCTACGACTAAGT,0,4350157
yadI_predicted,0.030303030303030304,32,32,AATGCCAACAGACCGGAAGG,0,4312823
yadI_predicted,0.030303030303030304,32,32,AACGTTGTAGTCCATGACAC,0,4293200
yadI_predicted,0.030303030303030304,32,32,AACCCTACGGGATTCGGGCT,0,4339287
yadI_predicted,0.030303030303030304,32,32,AAAGTAATCTGGCCCTATCC,0,4333457
yadI_predicted,0.030303030303030304,32,32,AAACCGCCCGGTTACTCAAG,0,4290929
yadI_predicted,0.03125,31,31,TTTGTAGCGCGTGACAGGGC,0,4300344
yadI_predicted,0.03125,31,31,TTTAGGGACTGTAGATAGGT,0,4323146
yadI_predicted,0.03125,31,31,TTGGCTATTGAACGTAGTAG,0,4348317
yadI_predicted,0.03125,31,31,TTCCGTACTATGGGTCCCTT,0,4354038
yadI_predicted,0.03125,31,31,TTCATATACACTTTAGCTGG,0,4358061
yadI_predicted,0.03125,31,31,TGTCCCCCAAGCGAGAAAGA,0,4299107
yadI_predicted,0.03125,31,31,TGCGCTACCGTGAAGCAGTC,0,4360912
yadI_predicted,0.03125,31,31,TGCAGATGTCATAGAAGTTA,0,4330645
yadI_predicted,0.03125,31,31,TGAAGAATCTTATGGATTTG,0,4303361
yadI_predicted,0.03125,31,31,TGAACCAGCCGATGGCCGAA,0,4309422
yadI_predicted,0.03125,31,31,TCTGCAACTTTTCAACTCCA,0,4290679
yadI_predicted,0.03125,31,31,TCTGACTAGAAGGAGGGCAA,0,4295413
yadI_predicted,0.03125,31,31,TCTATATTTTCCTCGGGGCA,0,4362011
yadI_predicted,0.03125,31,31,TCGTGCAATCTTAGTAGAGG,0,4329164
yadI_predicted,0.03125,31,31,TCGTACACCTGCGCACAAGT,0,4303407
yadI_predicted,0.03125,31,31,TCGCTGGACAATCCTAGCAA,0,4308450
yadI_predicted,0.03125,31,31,TCGATACTGTATTGATATCA,0,4369483
yadI_predicted,0.03125,31,31,TCCTGTAGTATAAGGCGCAT,0,4290645
yadI_predicted,0.03125,31,31,TATCTCTGGCTTAACTCATA,0,4354779
yadI_predicted,0.03125,31,31,TAGGTGCTGTTCCGTACAAG,0,4292036
yadI_predicted,0.03125,31,31,TAGGGTGGACTCTGCCGCAG,0,4327148
yadI_predicted,0.03125,31,31,TAGCACGAGAATAACTAAAA,0,4344596
yadI_predicted,0.03125,31,31,TAGACGTAAAGAAGGAGGAG,0,4284943
yadI_predicted,0.03125,31,31,TACTTGGGTTAGACTGTCCA,0,4367827
yadI_predicted,0.03125,31,31,TACAGGCGTAGTAGTGACTT,0,4327323
yadI_predicted,0.03125,31,31,TAAAAGCCGAACCTATCTGT,0,4336650
yadI_predicted,0.03125,31,31,GTTCCTCGGGACGCATAGAC,0,4312589
yadI_predicted,0.03125,31,31,GTGTTCAAGTACGTTCGAGT,0,4356003
yadI_predicted,0.03125,31,31,GTGGCTACGCAGTGCCGTCA,0,4323364
yadI_predicted,0.03125,31,31,GTCTCCCAAAGTCTTAATGT,0,4329253
yadI_predicted,0.03125,31,31,GTCAGTTGTCAGCCCAGCCT,0,4361177
yadI_predicted,0.03125,31,31,GTAGGAGTTTGATGCATTAT,0,4311145
yadI_predicted,0.03125,31,31,GTAAGACTGGAAATAAGCCC,0,4289008
yadI_predicted,0.03125,31,31,GGTAGAGAGGGGGTTTAGTG,0,4328996
yadI_predicted,0.03125,31,31,GGCCGGGAGTGGAAATCTGT,0,4364834
yadI_predicted,0.03125,31,31,GGCATCCCAACTGCTCATGG,0,4297916
yadI_predicted,0.03125,31,31,GGAATATATGATATCAAGGC,0,4347842
yadI_predicted,0.03125,31,31,GCTTCTTAAGTGCCCCACGT,0,4334731
yadI_predicted,0.03125,31,31,GCTGCAGGAACAACTTAAGG,0,4308038
yadI_predicted,0.03125,31,31,GCGGGTATGATATACGGTCG,0,4288431
yadI_predicted,0.03125,31,31,GCGACTGAGATCGCGGCACC,0,4284890
yadI_predicted,0.03125,31,31,GCCGATATAATCTTCTCCGG,0,4327064
yadI_predicted,0.03125,31,31,GCAATTTGAAATGGGAGTAA,0,4318839
yadI_predicted,0.03125,31,31,GATGCGACACTGGGCGTAAG,0,4344282
yadI_predicted,0.03125,31,31,GAGTGCTCCGACGAGTCAGG,0,4293243
yadI_predicted,0.03125,31,31,GAGGGCAAGACGCCTAGTAC,0,4299712
yadI_predicted,0.03125,31,31,GAGCGAAAGACGACCCAGTA,0,4369592
yadI_predicted,0.03125,31,31,GACGGGCTGCCTTAACGGAA,0,4327110
yadI_predicted,0.03125,31,31,GACCATTGAGGACCGTCTTT,0,4351725
yadI_predicted,0.03125,31,31,GAACTTAACTTCGTGGTAGA,0,4358001
yadI_predicted,0.03125,31,31,GAACGCAGTCAACAAGGCAA,0,4284461
yadI_predicted,0.03125,31,31,GAACCTGTGTACTCTCTGAT,0,4326473
yadI_predicted,0.03125,31,31,CTTTGCAGCGATGGCGGACG,0,4308314
yadI_predicted,0.03125,31,31,CTTAGGGCAGGAATTGAGTG,0,4330374
yadI_predicted,0.03125,31,31,CTGCTTTGATGCCTGTTTCT,0,4317519
yadI_predicted,0.03125,31,31,CTACCTGGCAAAGTTGGTCA,0,4352411
yadI_predicted,0.03125,31,31,CGTTTCGACGCTTCGAGCAA,0,4304999
yadI_predicted,0.03125,31,31,CGTATCAGAGCATAAGGACT,0,4350355
yadI_predicted,0.03125,31,31,CGGCTAGTCAGCTGCTCCAC,0,4291225
yadI_predicted,0.03125,31,31,CGGCACGGATTGTCCACGGA,0,4295506
yadI_predicted,0.03125,31,31,CGGATTATACGTCCGAGGAG,0,4350409
yadI_predicted,0.03125,31,31,CGGACGCAGCTTTGTGGTCT,0,4293429
yadI_predicted,0.03125,31,31,CGCGAAGTCGCATAGATCAT,0,4289074
yadI_predicted,0.03125,31,31,CGCAAATATGTATCTACAGT,0,4307787
yadI_predicted,0.03125,31,31,CCTCAGTCGCTTGCGCAAAG,0,4340426
yadI_predicted,0.03125,31,31,CCGCGGGGGACCAAGTACAA,0,4303725
yadI_predicted,0.03125,31,31,CCAGTGAGTAAGAGTTTCTG,0,4344243
yadI_predicted,0.03125,31,31,CCACTTGGGGGGAGGCAGAC,0,4330467
yadI_predicted,0.03125,31,31,CCACCGGTTATGTCTTCGGA,0,4288896
yadI_predicted,0.03125,31,31,CATCGAGCAACAGGTTCGCA,0,4325020
yadI_predicted,0.03125,31,31,CAGGACCCCTAGCGGGCTCC,0,4327850
yadI_predicted,0.03125,31,31,CACCCCGCCAGGGATGGGAA,0,4362977
yadI_predicted,0.03125,31,31,CACACACTACCATCGAGGGT,0,4351904
yadI_predicted,0.03125,31,31,CACAAGTCGTAAAGGCTAAT,0,4354727
yadI_predicted,0.03125,31,31,CAATATTATGTGCGTGCAGG,0,4331081
yadI_predicted,0.03125,31,31,CAATAACGTTAATGTTTCGA,0,4284944
yadI_predicted,0.03125,31,31,CAAGATCGGCTGCCTCTAGT,0,4308909
yadI_predicted,0.03125,31,31,CAACCAATGGCGTTGAGATA,0,4331059
yadI_predicted,0.03125,31,31,ATGCTATTCCGGTAATTTCA,0,4299543
yadI_predicted,0.03125,31,31,ATCTGTATAAGCCGCTTGAA,0,4291968
yadI_predicted,0.03125,31,31,ATCTGCAACTCGCTGGCTAG,0,4296312
yadI_predicted,0.03125,31,31,ATCGCAGGTAATTCAAGCAT,0,4361182
yadI_predicted,0.03125,31,31,ATCCATTAGCTTTCTGACAG,0,4309364
yadI_predicted,0.03125,31,31,ATCACGGGAACGTCGCCTGT,0,4346063
yadI_predicted,0.03125,31,31,ATAGGCGGCACATCAGGTAG,0,4299119
yadI_predicted,0.03125,31,31,ATAGGCAAGTAGCGTGTCAT,0,4323375
yadI_predicted,0.03125,31,31,ATACTGAGTCGCAGAAATGC,0,4296029
yadI_predicted,0.03125,31,31,AGTGGTTTGGGTCGGAGGGA,0,4290183
yadI_predicted,0.03125,31,31,AGGTAGACTGAAGTCCGACT,0,4311472
yadI_predicted,0.03125,31,31,AGGGCCGATCGTTAAGTCTT,0,4343256
yadI_predicted,0.03125,31,31,AGCGGATATGCCTTCCGTCG,0,4297357
yadI_predicted,0.03125,31,31,AGAGAAAGTATATATTTTGA,0,4307542
yadI_predicted,0.03125,31,31,AGAATCTGGGGAGTTAATGC,0,4335154
yadI_predicted,0.03125,31,31,ACCGTCAGGTTGAAAACCCT,0,4287450
yadI_predicted,0.03125,31,31,ACATTACGAAGGAGCTTTGA,0,4324861
yadI_predicted,0.03125,31,31,AATTGGCTGGGTGCGGATCG,0,4350054
yadI_predicted,0.03125,31,31,AATGTCAACACGCGTAAGTA,0,4350107
yadI_predicted,0.03125,31,31,AATGTATATGATGTGATCAG,0,4305059
yadI_predicted,0.03125,31,31,AATACTTACCAGACCGCTTA,0,4348617
yadI_predicted,0.03125,31,31,AATACATGCGCCAATGAACA,0,4312949
yadI_predicted,0.03125,31,31,AAGTTACACGGGACCTGTAG,0,4351948
yadI_predicted,0.03125,31,31,AAGGTCCGCGGCTATAGACA,0,4314063
yadI_predicted,0.03125,31,31,AAGGGTCAGCTCCGCGGTTA,0,4290687
yadI_predicted,0.03125,31,31,AAGGCCTGGGCCTCCACCCA,0,4304520
yadI_predicted,0.03125,31,31,AAGAGCTTTGGTTGGATATC,0,4302454
yadI_predicted,0.03125,31,31,AACCCGCGCTTCTTCAGGGG,0,4313846
yadI_predicted,0.03125,31,31,AACCAGGAATTCACAGCAGG,0,4287614
yadI_predicted,0.03125,31,31,AACATCCACCTTGGTACCTA,0,4287237
yadI_predicted,0.03125,31,31,AAATTTTCTGATTGTTCGAT,0,4336336
yadI_predicted,0.03125,31,31,AAACAATATGGTAAATACTT,0,4293754
yadI_predicted,0.03125,31,31,AAAAAAGAATTCTCGCCCTC,0,4305277
yadI_predicted,0.03225806451612903,30,30,TTTTGAGCGGAATGACACAA,0,4302205
yadI_predicted,0.03225806451612903,30,30,TTTGACATCCACTCCGGAGG,0,4349366
yadI_predicted,0.03225806451612903,30,30,TTTCTGGTGCTAGAGGTATG,0,4352548
yadI_predicted,0.03225806451612903,30,30,TTTATTACTTCCCTTTTGGG,0,4347160
yadI_predicted,0.03225806451612903,30,30,TTTATGAACTACTCTACTAG,0,4319738
yadI_predicted,0.03225806451612903,30,30,TTTACTGTTCAGATAGCCGG,0,4357815
yadI_predicted,0.03225806451612903,30,30,TTGGATTATATCAGAATCTT,0,4285307
yadI_predicted,0.03225806451612903,30,30,TTGCTGTGGCCTCGAGCTAA,0,4309112
yadI_predicted,0.03225806451612903,30,30,TTCCTGCGTTCAGGCACGCA,0,4325496
yadI_predicted,0.03225806451612903,30,30,TTCCTCTCGCGAGCTCACGC,0,4292302
yadI_predicted,0.03225806451612903,30,30,TTCCCTTCGGCGTATAGGAA,0,4291227
yadI_predicted,0.03225806451612903,30,30,TTCATTGTATTTGCGACTTG,0,4291229
yadI_predicted,0.03225806451612903,30,30,TTCATGTAGGATATCGTAAC,0,4330372
yadI_predicted,0.03225806451612903,30,30,TTACTGTTCGTTTCCCGGTT,0,4317644
yadI_predicted,0.03225806451612903,30,30,TTACGGGAAAATGTGCTTTG,0,4321499
yadI_predicted,0.03225806451612903,30,30,TGTCCGCTGAGAGCTTCGCT,0,4313850
yadI_predicted,0.03225806451612903,30,30,TGTATACTACGGGTCCACTA,0,4317230
yadI_predicted,0.03225806451612903,30,30,TGGTGAACCTGAGTGCAACT,0,4330243
yadI_predicted,0.03225806451612903,30,30,TGGGAAACGAAATCTGAAGC,0,4315323
yadI_predicted,0.03225806451612903,30,30,TGGCTGCCCTATCTAAAATA,0,4333687
yadI_predicted,0.03225806451612903,30,30,TGGCACAGGAGAATGAGCTG,0,4304386
yadI_predicted,0.03225806451612903,30,30,TGCCGTTAATCGGGGTGGAT,0,4362548
yadI_predicted,0.03225806451612903,30,30,TGCCCGTTTCGGGGCTTACC,0,4367359
yadI_predicted,0.03225806451612903,30,30,TGATAGGTTGACTAGACATA,0,4351020
yadI_predicted,0.03225806451612903,30,30,TGACTTGGGTTGGTCGCGTT,0,4338463
yadI_predicted,0.03225806451612903,30,30,TCTCAGGTCCTTGATATGGG,0,4304650
yadI_predicted,0.03225806451612903,30,30,TCCTAACAGGTCTTGACAGT,0,4349857
yadI_predicted,0.03225806451612903,30,30,TCCCGGGAGTATGTGAAATG,0,4348557
yadI_predicted,0.03225806451612903,30,30,TCCCCCTGGTAGGGACCCAG,0,4359139
yadI_predicted,0.03225806451612903,30,30,TCCCATCCCAGCTCGGTAAA,0,4285783
yadI_predicted,0.03225806451612903,30,30,TCCCACTACACTGTCAAATG,0,4347002
yadI_predicted,0.03225806451612903,30,30,TCCAGGTCAGGAGCACTGTA,0,4312485
yadI_predicted,0.03225806451612903,30,30,TCATGCGACCATCGTATACA,0,4323059
yadI_predicted,0.03225806451612903,30,30,TCACCATGCTAGGGAACACT,0,4284650
yadI_predicted,0.03225806451612903,30,30,TCAAATTTGATGTCGATGAT,0,4305458
yadI_predicted,0.03225806451612903,30,30,TATTTCGATATTTTTCTCTA,0,4340305
yadI_predicted,0.03225806451612903,30,30,TATGATTATCGATTTTTGAA,0,4356584
yadI_predicted,0.03225806451612903,30,30,TATCTATTGTACGGTTTGGT,0,4315908
yadI_predicted,0.03225806451612903,30,30,TAGGGTTTCCGTGGTTACCG,0,4287226
yadI_predicted,0.03225806451612903,30,30,TAGGAGCGTGTCTAGGCTAA,0,4343674
yadI_predicted,0.03225806451612903,30,30,TAGCGGGGAATCCTGGCCCA,0,4316802
yadI_predicted,0.03225806451612903,30,30,TACTTGGGAAACCGGCTGAG,0,4347216
yadI_predicted,0.03225806451612903,30,30,TACTTAGCCGTTTTGCCTCG,0,4292806
yadI_predicted,0.03225806451612903,30,30,TACGTTAGATTGGGGGAATG,0,4293882
yadI_predicted,0.03225806451612903,30,30,TAACCCGGAGGTACGTATCA,0,4304181
yadI_predicted,0.03225806451612903,30,30,GTTCGGCCTGACGGCAGCCT,0,4304336
yadI_predicted,0.03225806451612903,30,30,GTTAAAATAGCGCGAGAGAC,0,4310195
yadI_predicted,0.03225806451612903,30,30,GTGCAGATAGGCGGGGACAA,0,4321820
yadI_predicted,0.03225806451612903,30,30,GTCCGACCGTCTGCCACCAG,0,4299949
yadI_predicted,0.03225806451612903,30,30,GTCACACTCCTATAGCAACG,0,4324880
yadI_predicted,0.03225806451612903,30,30,GTAACGCGAGACACTAAGGT,0,4341764
yadI_predicted,0.03225806451612903,30,30,GGTTGGCCATACCCATCCTG,0,4309237
yadI_predicted,0.03225806451612903,30,30,GGGTGGAAGTGTGAGGCCCT,0,4367422
yadI_predicted,0.03225806451612903,30,30,GGCCGTCCAGGGGGCTGTCT,0,4336794
yadI_predicted,0.03225806451612903,30,30,GGCCCGTTTACGTTGACGTC,0,4302502
yadI_predicted,0.03225806451612903,30,30,GGCAGATGCTGCTGCACATA,0,4364969
yadI_predicted,0.03225806451612903,30,30,GGATCCGCTAAATAGCCACA,0,4305323
yadI_predicted,0.03225806451612903,30,30,GGAGCCGTAAGTTCCCCCCA,0,4339247
yadI_predicted,0.03225806451612903,30,30,GGAAGCCTGTTTGTGAACAA,0,4320902
yadI_predicted,0.03225806451612903,30,30,GCTTTCTGGCCACGGTAACT,0,4295586
yadI_predicted,0.03225806451612903,30,30,GCTCCCTTTCAGAACGGGAC,0,4296073
yadI_predicted,0.03225806451612903,30,30,GCGGTGTGCACTAGAGCTAT,0,4293184
yadI_predicted,0.03225806451612903,30,30,GCGGCTTGAGTAAGAACTCG,0,4287616
yadI_predicted,0.03225806451612903,30,30,GCGAAGATGTACCTGAGGTT,0,4299116
yadI_predicted,0.03225806451612903,30,30,GCGAAAAGGGCACTGGCTAG,0,4319394
yadI_predicted,0.03225806451612903,30,30,GCCCTCCCGTCGAAAGCAAG,0,4320288
yadI_predicted,0.03225806451612903,30,30,GCAGCAAACCAAAAGCCACA,0,4295946
yadI_predicted,0.03225806451612903,30,30,GATTCACCGGGAGCGGAGAC,0,4315734
yadI_predicted,0.03225806451612903,30,30,GATGGAGTTCGAAGTTCTGA,0,4358559
yadI_predicted,0.03225806451612903,30,30,GATGAGCGTTGCCGAGATAC,0,4311361
yadI_predicted,0.03225806451612903,30,30,GAGACAGCATATCCCGGGAG,0,4331802
yadI_predicted,0.03225806451612903,30,30,GAGAAATTTCGCAACTATAG,0,4357257
yadI_predicted,0.03225806451612903,30,30,CTTTAGATTTACCCCAAAAT,0,4337683
yadI_predicted,0.03225806451612903,30,30,CTTACTTGTAACGTTTCCAC,0,4291791
yadI_predicted,0.03225806451612903,30,30,CTGAGGAATTCCCCAATGGA,0,4364535
yadI_predicted,0.03225806451612903,30,30,CTCTTATGATTGTTGTTATC,0,4358066
yadI_predicted,0.03225806451612903,30,30,CTCTGGCTGAGCAATGACCG,0,4363052
yadI_predicted,0.03225806451612903,30,30,CTCGCGGCAGGGGCATTTAT,0,4323096
yadI_predicted,0.03225806451612903,30,30,CTATACAGTCTCCGGTCTAT,0,4328287
yadI_predicted,0.03225806451612903,30,30,CTAGTTTAGCGATCTCTTGC,0,4356699
yadI_predicted,0.03225806451612903,30,30,CGTTGTTTTAGCAGGTCATG,0,4298027
yadI_predicted,0.03225806451612903,30,30,CGTTCCGATTTCCGGCCAAG,0,4365265
yadI_predicted,0.03225806451612903,30,30,CGTGACACAGTGGGTGTAGA,0,4319313
yadI_predicted,0.03225806451612903,30,30,CGTCTTTTATTACTGGACGC,0,4368888
yadI_predicted,0.03225806451612903,30,30,CGGCGCAATAAACTGTGAGA,0,4325998
yadI_predicted,0.03225806451612903,30,30,CGGCAAGAGTAGCGGTGACA,0,4313368
yadI_predicted,0.03225806451612903,30,30,CGGACTTTTTTCATTTAAAA,0,4368719
yadI_predicted,0.03225806451612903,30,30,CGCAAGGGGAGTTCGTCAGC,0,4295359
yadI_predicted,0.03225806451612903,30,30,CGAGGCGATATTTCCTGGAG,0,4340813
yadI_predicted,0.03225806451612903,30,30,CGAAGACGCGGTCTACGGCA,0,4353188
yadI_predicted,0.03225806451612903,30,30,CCTATCCTCGTAGCTTCATT,0,4306490
yadI_predicted,0.03225806451612903,30,30,CCGCTTGACCCGCTACTATG,0,4303134
yadI_predicted,0.03225806451612903,30,30,CCCCGGCGGGACAATGTAAT,0,4326474
yadI_predicted,0.03225806451612903,30,30,CATTGACTCCTCTCCACCTC,0,4325347
yadI_predicted,0.03225806451612903,30,30,CATTCTCGGGGAAGACAAAA,0,4334465
yadI_predicted,0.03225806451612903,30,30,CATCGGACTGGGAACTACTT,0,4317370
yadI_predicted,0.03225806451612903,30,30,CAGTTCTTTTGCTGCTCTGC,0,4363835
yadI_predicted,0.03225806451612903,30,30,CAGTGATATGTTTACTTTAC,0,4368721
yadI_predicted,0.03225806451612903,30,30,CACGTGTGCTGCGGGCTCCA,0,4329905
yadI_predicted,0.03225806451612903,30,30,CACGTCTGTAAATAAGCCCC,0,4356661
yadI_predicted,0.03225806451612903,30,30,CAATGGACTGTGTAAGCATT,0,4318028
yadI_predicted,0.03225806451612903,30,30,CAAGAACGGTAACGGTGTTG,0,4314819
yadI_predicted,0.03225806451612903,30,30,CAAATCGCATCAGGTTAAAG,0,4367673
yadI_predicted,0.03225806451612903,30,30,ATGCAGTGTCTTTCAGGGTA,0,4347865
yadI_predicted,0.03225806451612903,30,30,ATCTTCATTCGATCAGCTAA,0,4298129
yadI_predicted,0.03225806451612903,30,30,ATACGAGACATGAGGGGCAT,0,4316710
yadI_predicted,0.03225806451612903,30,30,ATACCGGCGCACGAGGGTCT,0,4288567
yadI_predicted,0.03225806451612903,30,30,ATACACATTATGTACACGCA,0,4297462
yadI_predicted,0.03225806451612903,30,30,ATAATAGCCCCTCCGAAAAT,0,4342412
yadI_predicted,0.03225806451612903,30,30,ATAAGAGCCCAGGACCACGA,0,4329584
yadI_predicted,0.03225806451612903,30,30,AGTGGTTGATCGGTCTCTTG,0,4353239
yadI_predicted,0.03225806451612903,30,30,AGTGGGCCAGGGCGACGACT,0,4294740
yadI_predicted,0.03225806451612903,30,30,AGTATTCACCGGTGTAGATC,0,4332725
yadI_predicted,0.03225806451612903,30,30,AGTACCCACATCAGACAAGG,0,4353511
yadI_predicted,0.03225806451612903,30,30,AGGTAAATTGTGAATACTCG,0,4294183
yadI_predicted,0.03225806451612903,30,30,AGGGCTCGGGAAAGGGGCAT,0,4311139
yadI_predicted,0.03225806451612903,30,30,AGGCAGTGGCCGATGGATCA,0,4315910
yadI_predicted,0.03225806451612903,30,30,AGGATGGTTTTGAATGTGTA,0,4323454
yadI_predicted,0.03225806451612903,30,30,AGCGTTAGCGTTAGAGGGTG,0,4288057
yadI_predicted,0.03225806451612903,30,30,AGCGCCACTTCCTGGCTCAG,0,4301607
yadI_predicted,0.03225806451612903,30,30,AGCGAGGCGTTACTATTTTA,0,4324592
yadI_predicted,0.03225806451612903,30,30,AGATTTATGTCTCTTTTAGA,0,4327501
yadI_predicted,0.03225806451612903,30,30,AGAGTTTCTCTACTCGCTGC,0,4289894
yadI_predicted,0.03225806451612903,30,30,AGAGTGCGGCTGGCGGGGAA,0,4310906
yadI_predicted,0.03225806451612903,30,30,AGAGCCTTGTAAGGTCCATA,0,4288226
yadI_predicted,0.03225806451612903,30,30,AGAGAGGCAACGATGATCTA,0,4309185
yadI_predicted,0.03225806451612903,30,30,ACTCCTGTGCTCCTAGCTGC,0,4308800
yadI_predicted,0.03225806451612903,30,30,ACGTAACAATATGAGTTCGA,0,4304857
yadI_predicted,0.03225806451612903,30,30,ACGGTCTGGGACGGGTCATC,0,4297233
yadI_predicted,0.03225806451612903,30,30,ACGCTCATCAGGGCAGATTG,0,4346156
yadI_predicted,0.03225806451612903,30,30,ACGATCTAAACCAACAGTGT,0,4346576
yadI_predicted,0.03225806451612903,30,30,ACCTTCTGTGAACGTTGACA,0,4364646
yadI_predicted,0.03225806451612903,30,30,ACCCGGTGGCCGGGAGATAG,0,4296815
yadI_predicted,0.03225806451612903,30,30,ACAGCCGCACCGGATTGACA,0,4320369
yadI_predicted,0.03225806451612903,30,30,ACACTCGAGTTATTCCGGGA,0,4286864
yadI_predicted,0.03225806451612903,30,30,AATGTCGAAGGTGGTCCACA,0,4289036
yadI_predicted,0.03225806451612903,30,30,AACTGTCATAATTGGGACGA,0,4315783
yadI_predicted,0.03225806451612903,30,30,AAATAGGGTAGCGTGAGGTA,0,4284889
yadI_predicted,0.03333333333333333,29,29,TTTTGCTTACGCCAGTGCAA,0,4290342
yadI_predicted,0.03333333333333333,29,29,TTTCGGTATCAGCCGAAGCA,0,4296853
yadI_predicted,0.03333333333333333,29,29,TTTCGAGTATCACGCATTTC,0,4312484
yadI_predicted,0.03333333333333333,29,29,TTTCGAGCAAAGTGACCGTT,0,4300325
yadI_predicted,0.03333333333333333,29,29,TTTATTGGTTTCTTGAGCCA,0,4333588
yadI_predicted,0.03333333333333333,29,29,TTGTCCGTGGACAACTCTTC,0,4286134
yadI_predicted,0.03333333333333333,29,29,TTGGGAATAGAAGAGCACGC,0,4362670
yadI_predicted,0.03333333333333333,29,29,TTGCCTGACACGTCTGGATT,0,4300507
yadI_predicted,0.03333333333333333,29,29,TTCTGGGCAAACGAACGTTG,0,4349919
yadI_predicted,0.03333333333333333,29,29,TTACGGGTACGCATTGTGTC,0,4347800
yadI_predicted,0.03333333333333333,29,29,TGTTAAGTGCCGTCGCCCAT,0,4301927
yadI_predicted,0.03333333333333333,29,29,TGTGATTCCCCGTGCTTTTG,0,4330465
yadI_predicted,0.03333333333333333,29,29,TGGGCATGTAATAAACTGGT,0,4352226
yadI_predicted,0.03333333333333333,29,29,TGGGAATTAGAAATGCATTC,0,4316219
yadI_predicted,0.03333333333333333,29,29,TGCTGATTCACATTATCAGT,0,4362185
yadI_predicted,0.03333333333333333,29,29,TGCCGGTAGCTCGTACGGGC,0,4352788
yadI_predicted,0.03333333333333333,29,29,TCTATAGGTCGGTATGTCTC,0,4351448
yadI_predicted,0.03333333333333333,29,29,TCCTCTTTATTTGGCGGCAT,0,4315014
yadI_predicted,0.03333333333333333,29,29,TCATGGACTTTGTCATTTGT,0,4292301
yadI_predicted,0.03333333333333333,29,29,TCATGCTGTCCTAGCTCGAT,0,4307860
yadI_predicted,0.03333333333333333,29,29,TCACGCCTTATAACGTTTTC,0,4329783
yadI_predicted,0.03333333333333333,29,29,TCACCACTAAAAGCTTTCAT,0,4351622
yadI_predicted,0.03333333333333333,29,29,TCAAGACTCCTCCGAAGCCT,0,4334417
yadI_predicted,0.03333333333333333,29,29,TCAACCACGATGGGCGTTCA,0,4291964
yadI_predicted,0.03333333333333333,29,29,TATGACTCGCTTAGGCGCGG,0,4298302
yadI_predicted,0.03333333333333333,29,29,TAGGAGCATTAACCCATGGG,0,4293605
yadI_predicted,0.03333333333333333,29,29,TACTTATAGAGTGCTTGTCC,0,4328516
yadI_predicted,0.03333333333333333,29,29,TACTGTGCGGCACTTTCCCA,0,4298925
yadI_predicted,0.03333333333333333,29,29,TACTGCCGAGCTGGGCTCGC,0,4314358
yadI_predicted,0.03333333333333333,29,29,TACCGCGTGCTATGCGGTAA,0,4358338
yadI_predicted,0.03333333333333333,29,29,TACCCAGAGATTCCCGCACT,0,4287075
yadI_predicted,0.03333333333333333,29,29,TACATAGGTATACAACATGA,0,4317153
yadI_predicted,0.03333333333333333,29,29,TAAGGTAACGCAGCGACCGA,0,4331799
yadI_predicted,0.03333333333333333,29,29,GTGTTTGGACGGTGGACTAT,0,4351782
yadI_predicted,0.03333333333333333,29,29,GTGGTCGCGACACTTTCATA,0,4294434
yadI_predicted,0.03333333333333333,29,29,GTGAGGACACACTGCGAATG,0,4314787
yadI_predicted,0.03333333333333333,29,29,GTCTTGAACATTTCGCCAGA,0,4326289
yadI_predicted,0.03333333333333333,29,29,GTCTCCCAAGGGTCGCTCTC,0,4331980
yadI_predicted,0.03333333333333333,29,29,GTCAAGCTCGTAGAACACAT,0,4359411
yadI_predicted,0.03333333333333333,29,29,GTATCAGAGCTAAAAAGAAG,0,4348025
yadI_predicted,0.03333333333333333,29,29,GTAGGTTTTTTCCTGCCCAT,0,4315664
yadI_predicted,0.03333333333333333,29,29,GTACAGATCTGTAGTGCTTG,0,4349517
yadI_predicted,0.03333333333333333,29,29,GTACAATTCGTTTTTCGACT,0,4335314
yadI_predicted,0.03333333333333333,29,29,GTAATTGGTTGCCACTTGCA,0,4347206
yadI_predicted,0.03333333333333333,29,29,GTAAAGTGGGTGGGGTCCCT,0,4304330
yadI_predicted,0.03333333333333333,29,29,GGTTGGTCAAAAGGAGGAGG,0,4316895
yadI_predicted,0.03333333333333333,29,29,GGTAGACCAAGCGGGCCTAT,0,4336443
yadI_predicted,0.03333333333333333,29,29,GGGTCTGCATGAGCTGATGA,0,4358773
yadI_predicted,0.03333333333333333,29,29,GGGTACCACCTAACGGCATT,0,4329939
yadI_predicted,0.03333333333333333,29,29,GGGGAAGAGAACTGCGAGCT,0,4333377
yadI_predicted,0.03333333333333333,29,29,GGCGCAGCCGTAGGTATGCC,0,4298516
yadI_predicted,0.03333333333333333,29,29,GGCCTGACCGCACTATCCGG,0,4368023
yadI_predicted,0.03333333333333333,29,29,GGCCGGGGGACAATAGTAGT,0,4359753
yadI_predicted,0.03333333333333333,29,29,GGATAACTTACATAGTGACG,0,4331065
yadI_predicted,0.03333333333333333,29,29,GGAGTGAGGCCTCACCTAAG,0,4295105
yadI_predicted,0.03333333333333333,29,29,GGAGGCTAGATGTAGCCGTA,0,4320486
yadI_predicted,0.03333333333333333,29,29,GGAAAACCTACGTTATTCTT,0,4352279
yadI_predicted,0.03333333333333333,29,29,GCTGGTGGACCGGGCCACTC,0,4314546
yadI_predicted,0.03333333333333333,29,29,GCGCCCAAAGCAAACGGCCA,0,4306350
yadI_predicted,0.03333333333333333,29,29,GCGCCATGGCGTCGAGGGTC,0,4328631
yadI_predicted,0.03333333333333333,29,29,GCGACATCGTTGAGAGAGCC,0,4284177
yadI_predicted,0.03333333333333333,29,29,GCCTTGCGGGCAGATTTTTA,0,4304374
yadI_predicted,0.03333333333333333,29,29,GCCTACATCCTGCCCGTCAT,0,4307315
yadI_predicted,0.03333333333333333,29,29,GCCGGTTATAAAAATAACAA,0,4305836
yadI_predicted,0.03333333333333333,29,29,GCCAGTCCGGGCGCCTTGAC,0,4321334
yadI_predicted,0.03333333333333333,29,29,GCAAATTGTTGGCAGAGAAT,0,4304428
yadI_predicted,0.03333333333333333,29,29,GCAAACCTGCCACGTGGGTC,0,4337337
yadI_predicted,0.03333333333333333,29,29,GATCCGACTATGCCAGATCT,0,4289379
yadI_predicted,0.03333333333333333,29,29,GAGTTGTTTCGGCGGTACAC,0,4293653
yadI_predicted,0.03333333333333333,29,29,GAGAATTCAGGCCAACGCAA,0,4285800
yadI_predicted,0.03333333333333333,29,29,GACTGCACTGACTGCGCGGT,0,4361116
yadI_predicted,0.03333333333333333,29,29,GAATGGATAATGTTCATCAT,0,4339027
yadI_predicted,0.03333333333333333,29,29,GAACCGAGTCCGAAGGCTCC,0,4313869
yadI_predicted,0.03333333333333333,29,29,GAAATACTTCGGTAATACGT,0,4343436
yadI_predicted,0.03333333333333333,29,29,CTGTCAACGCGTGCTCAGAT,0,4351613
yadI_predicted,0.03333333333333333,29,29,CTCAGCGACGTGTTTAAAAG,0,4317440
yadI_predicted,0.03333333333333333,29,29,CGTTCTCTCATGTTAAGGTT,0,4310699
yadI_predicted,0.03333333333333333,29,29,CGTCTATGGTACTCTCCCTA,0,4333373
yadI_predicted,0.03333333333333333,29,29,CGTAGTGTGGTACCTTCACC,0,4301549
yadI_predicted,0.03333333333333333,29,29,CGTACTCTGAGCAACTCCAT,0,4289457
yadI_predicted,0.03333333333333333,29,29,CGGTGAGCCAAGCTTCGCGT,0,4324938
yadI_predicted,0.03333333333333333,29,29,CGGTGACAAACAGTAGACCA,0,4354729
yadI_predicted,0.03333333333333333,29,29,CGGGGAAGTATGTGTAAACT,0,4290680
yadI_predicted,0.03333333333333333,29,29,CGCTGCATGGAGCACGCTTC,0,4332657
yadI_predicted,0.03333333333333333,29,29,CGCGTTTGCTTCGGTCCCAA,0,4285003
yadI_predicted,0.03333333333333333,29,29,CGCGATCAATTAGGCGTCCG,0,4309074
yadI_predicted,0.03333333333333333,29,29,CCGGGAACAACTAAGGCACC,0,4297873
yadI_predicted,0.03333333333333333,29,29,CCGCAGCGGAGACGCCGACT,0,4287574
yadI_predicted,0.03333333333333333,29,29,CCCGGAAGATTATTCTCCTA,0,4289357
yadI_predicted,0.03333333333333333,29,29,CCATGTGCGGATGGGGCCAC,0,4315261
yadI_predicted,0.03333333333333333,29,29,CCACTATCGCATTCAGGCTC,0,4344489
yadI_predicted,0.03333333333333333,29,29,CCAAGTTGTTATCCATCTAA,0,4331979
yadI_predicted,0.03333333333333333,29,29,CATCGTCCCGCGGGGGAGAC,0,4337245
yadI_predicted,0.03333333333333333,29,29,CATCGCGCAGAATTGAATCT,0,4361181
yadI_predicted,0.03333333333333333,29,29,CATAAAACAAGTTAACACTG,0,4290149
yadI_predicted,0.03333333333333333,29,29,CACATCGTTGGCGGGGTCCT,0,4328908
yadI_predicted,0.03333333333333333,29,29,CAACTGCAGGATTCGGTGGT,0,4356050
yadI_predicted,0.03333333333333333,29,29,CAAAATCACACAAGCGCATT,0,4357440
yadI_predicted,0.03333333333333333,29,29,CAAAAGGGCAATTGATGAGA,0,4350763
yadI_predicted,0.03333333333333333,29,29,ATTTAAAGTTCTGTTCAAAA,0,4291576
yadI_predicted,0.03333333333333333,29,29,ATGCTCTTAATGTAAATCGT,0,4284841
yadI_predicted,0.03333333333333333,29,29,ATGACGCCACTGGTAAAGGT,0,4357645
yadI_predicted,0.03333333333333333,29,29,ATCTGCGAGGCCCCGACGCA,0,4325452
yadI_predicted,0.03333333333333333,29,29,ATCGGCCCGTATTAGACCAT,0,4289516
yadI_predicted,0.03333333333333333,29,29,ATCAGTTCGGGGCTTGCAGG,0,4316616
yadI_predicted,0.03333333333333333,29,29,ATCAACTGCCGGATGGGGTT,0,4341064
yadI_predicted,0.03333333333333333,29,29,ATATAAGAAATCCACAGGCA,0,4357390
yadI_predicted,0.03333333333333333,29,29,ATACCTTACAGGAGACCCTC,0,4300191
yadI_predicted,0.03333333333333333,29,29,ATACCGCTAATTTACTAACG,0,4285251
yadI_predicted,0.03333333333333333,29,29,ATAATGCCCCGTTTGTCGAG,0,4329972
yadI_predicted,0.03333333333333333,29,29,AGTTATATACATTTTAAGGC,0,4323448
yadI_predicted,0.03333333333333333,29,29,AGTATGGCCCACCGTTGGGT,0,4325068
yadI_predicted,0.03333333333333333,29,29,AGGTCACGGTCAAGACGCGT,0,4326062
yadI_predicted,0.03333333333333333,29,29,AGGTACCCTGACTCGCACTG,0,4313157
yadI_predicted,0.03333333333333333,29,29,AGGCAGAAAACTGGCTTGAG,0,4289028
yadI_predicted,0.03333333333333333,29,29,AGCTTTCGCTGATCACCAGC,0,4304938
yadI_predicted,0.03333333333333333,29,29,AGCCTGGCGCTCCGCTCGGC,0,4345521
yadI_predicted,0.03333333333333333,29,29,AGATTCGTCAAAAGAGATGA,0,4297305
yadI_predicted,0.03333333333333333,29,29,AGATACAACCCACATGAAGA,0,4360561
yadI_predicted,0.03333333333333333,29,29,AGAGTCCTGTGCTGCTAATA,0,4318477
yadI_predicted,0.03333333333333333,29,29,AGAATTGGGGGGTTTCATTG,0,4328658
yadI_predicted,0.03333333333333333,29,29,ACTTTGGGCTCAATATCCTA,0,4310888
yadI_predicted,0.03333333333333333,29,29,ACTTCTGAAATGGATCGTAC,0,4345347
yadI_predicted,0.03333333333333333,29,29,ACTCTGGAGCGTATAAAAGT,0,4312857
yadI_predicted,0.03333333333333333,29,29,ACTACGCAGGGGAATAGCAG,0,4323602
yadI_predicted,0.03333333333333333,29,29,ACTAATCGTAGTTGGAAATA,0,4297120
yadI_predicted,0.03333333333333333,29,29,ACCTAATTGTGAGGCGCAGA,0,4318276
yadI_predicted,0.03333333333333333,29,29,ACATGGTAGTCGGGTGCGTT,0,4304425
yadI_predicted,0.03333333333333333,29,29,ACATGGCCGGCAATCTTGCA,0,4339575
yadI_predicted,0.03333333333333333,29,29,ACATCGTATGTATCCAGGTA,0,4331906
yadI_predicted,0.03333333333333333,29,29,ACATCACGTTGACGCATGAT,0,4293758
yadI_predicted,0.03333333333333333,29,29,AATCATGAAAGAGAGAGTTA,0,4360693
yadI_predicted,0.03333333333333333,29,29,AATCAAGTCGTCCTTCTAGT,0,4306618
yadI_predicted,0.03333333333333333,29,29,AAGTTGGTTCGTGCGGAATT,0,4341509
yadI_predicted,0.03333333333333333,29,29,AAGGGATCGGGATCGAGTGT,0,4312874
yadI_predicted,0.03333333333333333,29,29,AAGGAGTAGTGATAACCACT,0,4329074
yadI_predicted,0.03333333333333333,29,29,AAGAATTGATCACCTACGAG,0,4306400
yadI_predicted,0.03333333333333333,29,29,AACATTACCGCGAGAAAATG,0,4351590
yadI_predicted,0.03333333333333333,29,29,AACATGCTTTCTTGACCCAT,0,4284308
yadI_predicted,0.03333333333333333,29,29,AAATTTATTGTTAATCCCGC,0,4333995
yadI_predicted,0.03333333333333333,29,29,AAAGGCCTCGAAAGCTAAAC,0,4306548
yadI_predicted,0.034482758620689655,28,28,TTTGCGCGACGCGATTAGAT,0,4348696
yadI_predicted,0.034482758620689655,28,28,TTGTGTACTGATCGTTGTAT,0,4333471
yadI_predicted,0.034482758620689655,28,28,TTGCGGTTATTGGTGTATCA,0,4333857
yadI_predicted,0.034482758620689655,28,28,TTCTTACACGTCTGTCCAGT,0,4309063
yadI_predicted,0.034482758620689655,28,28,TTCAGGCTACGAGGCATCTC,0,4350105
yadI_predicted,0.034482758620689655,28,28,TTATGGTAATGGTCGGTTCG,0,4342322
yadI_predicted,0.034482758620689655,28,28,TTATAGCATTATGCATTATT,0,4307441
yadI_predicted,0.034482758620689655,28,28,TTATACACTCTAGGGACGCG,0,4355550
yadI_predicted,0.034482758620689655,28,28,TTAGGAACTTCAGTTTCCTC,0,4297284
yadI_predicted,0.034482758620689655,28,28,TTAACAGTTGGCCTAACTAG,0,4296413
yadI_predicted,0.034482758620689655,28,28,TGTAAGGGGTGTGATACCAA,0,4303239
yadI_predicted,0.034482758620689655,28,28,TGGGTGGGCTCGTATCGTTA,0,4368165
yadI_predicted,0.034482758620689655,28,28,TGGGCGGCACTGGACACACT,0,4319347
yadI_predicted,0.034482758620689655,28,28,TGCCGACACGGTTCCGGCTC,0,4365175
yadI_predicted,0.034482758620689655,28,28,TGAGTGCGGTCTTTCATCTG,0,4361916
yadI_predicted,0.034482758620689655,28,28,TCGTTTTAAGCGGCGGCTCG,0,4290979
yadI_predicted,0.034482758620689655,28,28,TCGTTGCGTTGATACGAAGA,0,4367092
yadI_predicted,0.034482758620689655,28,28,TCGAGGAAAGTATCAGTAGC,0,4317905
yadI_predicted,0.034482758620689655,28,28,TCCTATCTCTCGGTCCCAAG,0,4347363
yadI_predicted,0.034482758620689655,28,28,TCCGTTATACCAGCTAGTAC,0,4302288
yadI_predicted,0.034482758620689655,28,28,TCCCGCTCACACAGCGCGGG,0,4347868
yadI_predicted,0.034482758620689655,28,28,TCCAGCCCTCGCCTTCATAC,0,4330186
yadI_predicted,0.034482758620689655,28,28,TCATTCTAGATGGCATCTGT,0,4311242
yadI_predicted,0.034482758620689655,28,28,TCACAGTGGCCCCCAGCGTA,0,4315913
yadI_predicted,0.034482758620689655,28,28,TCAACAGGTTGCCACAGCGT,0,4298640
yadI_predicted,0.034482758620689655,28,28,TCAAAGCAGCGTCTGCGTAT,0,4350609
yadI_predicted,0.034482758620689655,28,28,TATCTGTCTATCTAAGCCTA,0,4335680
yadI_predicted,0.034482758620689655,28,28,TATCGGACTGGACGAGCTAT,0,4361184
yadI_predicted,0.034482758620689655,28,28,TAGGGCTTTGAACTTTGGTA,0,4299117
yadI_predicted,0.034482758620689655,28,28,TAGCTGCTTCGATTACTTAT,0,4315303
yadI_predicted,0.034482758620689655,28,28,TAGCGAAGGTGGTGGGACGT,0,4353502
yadI_predicted,0.034482758620689655,28,28,TAAGAGGGTGGTACCGGCAC,0,4324409
yadI_predicted,0.034482758620689655,28,28,TAACACCGGGATTCAATGGG,0,4314664
yadI_predicted,0.034482758620689655,28,28,GTTGCGGCTGAAAATGGTGG,0,4340001
yadI_predicted,0.034482758620689655,28,28,GTTCGGATTCCCTCTTAGTA,0,4312681
yadI_predicted,0.034482758620689655,28,28,GTTATCTAGACGCTACCTAT,0,4295799
yadI_predicted,0.034482758620689655,28,28,GTTAGCCTGTCGCACGCAAA,0,4302366
yadI_predicted,0.034482758620689655,28,28,GTTAATGATTTAGAACTCCT,0,4349391
yadI_predicted,0.034482758620689655,28,28,GTGTACCGAGTGGCGACGAA,0,4313857
yadI_predicted,0.034482758620689655,28,28,GTGGCAAGGATTGATGCGTA,0,4321799
yadI_predicted,0.034482758620689655,28,28,GTGACCTGGATTGAATGCAT,0,4355557
yadI_predicted,0.034482758620689655,28,28,GTCTTTGGAGATCACAAATT,0,4292153
yadI_predicted,0.034482758620689655,28,28,GTCGCCCACTTGGGCGTGCA,0,4338276
yadI_predicted,0.034482758620689655,28,28,GTCCGATGGACGCAATGAGA,0,4346403
yadI_predicted,0.034482758620689655,28,28,GTCAATTTCAATGGGGGTAC,0,4321936
yadI_predicted,0.034482758620689655,28,28,GTAGTCAAGGAGTGAATACT,0,4339354
yadI_predicted,0.034482758620689655,28,28,GTAGCGTCGGAACGGGTTGA,0,4314624
yadI_predicted,0.034482758620689655,28,28,GTACTGTATTGGGCGAGTTG,0,4308227
yadI_predicted,0.034482758620689655,28,28,GTACCCCTGTGGCTAGAATG,0,4333797
yadI_predicted,0.034482758620689655,28,28,GGTCAAGACATGGAGAGATT,0,4285502
yadI_predicted,0.034482758620689655,28,28,GGGTTCATTACTCGCTGCGG,0,4357300
yadI_predicted,0.034482758620689655,28,28,GGGGGGAAGTCCGGTAGCGT,0,4318656
yadI_predicted,0.034482758620689655,28,28,GGGCGTCTGGGCAACTCGGT,0,4297776
yadI_predicted,0.034482758620689655,28,28,GGGATCGTTGCCATGGCGGC,0,4313805
yadI_predicted,0.034482758620689655,28,28,GGGAGAATCTTTCGAGTCAT,0,4362997
yadI_predicted,0.034482758620689655,28,28,GGCTACTACCCCCCCAACCA,0,4308223
yadI_predicted,0.034482758620689655,28,28,GGCCCATATCTCACTCACGA,0,4362178
yadI_predicted,0.034482758620689655,28,28,GGATGACCAGGATGACTCCA,0,4314643
yadI_predicted,0.034482758620689655,28,28,GGAGCTTCGCAGACGAATAG,0,4307132
yadI_predicted,0.034482758620689655,28,28,GCTATCCTGAACTGCGAGAA,0,4305955
yadI_predicted,0.034482758620689655,28,28,GCGTGGTTCCAAGACATTCG,0,4331542
yadI_predicted,0.034482758620689655,28,28,GCGTCTGCGAAAATGGTGCA,0,4366268
yadI_predicted,0.034482758620689655,28,28,GCGTCAAAGTCAACGACTCA,0,4329077
yadI_predicted,0.034482758620689655,28,28,GCGGTTCCACTTCTAAGGGG,0,4341961
yadI_predicted,0.034482758620689655,28,28,GCGCTAGTCCCGGTCAGGAT,0,4314562
yadI_predicted,0.034482758620689655,28,28,GCCTAGAGGCAGGCGTTTCA,0,4293883
yadI_predicted,0.034482758620689655,28,28,GCATCTAAAACTCGGTTAAG,0,4291915
yadI_predicted,0.034482758620689655,28,28,GCATATTTCCCGGAGTCTAG,0,4334734
yadI_predicted,0.034482758620689655,28,28,GCAGAGTATTCGCGCACTAT,0,4351291
yadI_predicted,0.034482758620689655,28,28,GCACCGACAATCAGGGGGAT,0,4319144
yadI_predicted,0.034482758620689655,28,28,GCAAATTCGCCAGATGGTAT,0,4289667
yadI_predicted,0.034482758620689655,28,28,GATCTACCGAATCCCGGTAT,0,4329393
yadI_predicted,0.034482758620689655,28,28,GATCCCTGCCGTCAGACAAC,0,4360520
yadI_predicted,0.034482758620689655,28,28,GAGCGTTCTGTGCACCGCTA,0,4284653
yadI_predicted,0.034482758620689655,28,28,GACTTAACCTAAGGGCACGA,0,4357434
yadI_predicted,0.034482758620689655,28,28,GACTACTAACTTTGTGCTAA,0,4288620
yadI_predicted,0.034482758620689655,28,28,GACGGCGAAGGGGGGCGTGG,0,4322137
yadI_predicted,0.034482758620689655,28,28,GACGGAAGTCAAACACTAAG,0,4362763
yadI_predicted,0.034482758620689655,28,28,GACCGTTACACGCAGTCGAA,0,4301088
yadI_predicted,0.034482758620689655,28,28,GAAGGCTACATGCAGTTATG,0,4286401
yadI_predicted,0.034482758620689655,28,28,CTTTACGGGTCGAAGGTCAT,0,4284797
yadI_predicted,0.034482758620689655,28,28,CTGTACTCACGGGCATCTAA,0,4326684
yadI_predicted,0.034482758620689655,28,28,CTGGGGTGTATGATGTACCT,0,4314314
yadI_predicted,0.034482758620689655,28,28,CTGGCTTCGGGGTACGTTGG,0,4284992
yadI_predicted,0.034482758620689655,28,28,CTAGCAGTGACAAACAGCAA,0,4310051
yadI_predicted,0.034482758620689655,28,28,CTAGAGATCTTTGCGTTGTA,0,4286400
yadI_predicted,0.034482758620689655,28,28,CTACGATTCTCAGTTCTGAT,0,4358213
yadI_predicted,0.034482758620689655,28,28,CTAAGACTTCGCATACTTTC,0,4341461
yadI_predicted,0.034482758620689655,28,28,CGTACCCAGCACACTCCGGT,0,4323408
yadI_predicted,0.034482758620689655,28,28,CGGTTCGTTCCACAGGACCG,0,4297895
yadI_predicted,0.034482758620689655,28,28,CGGGCTAGGGTAAGCCGCCC,0,4301479
yadI_predicted,0.034482758620689655,28,28,CGCTTGGCAAAAAGAACGGA,0,4331990
yadI_predicted,0.034482758620689655,28,28,CGCTGGTTCTTCTAAAAAAG,0,4296077
yadI_predicted,0.034482758620689655,28,28,CGCTAGTCTAGCATGTAAGA,0,4302386
yadI_predicted,0.034482758620689655,28,28,CGAGGACAAGTATCCGCTCA,0,4343739
yadI_predicted,0.034482758620689655,28,28,CCGGCCATAGCAGCAGGAAA,0,4292737
yadI_predicted,0.034482758620689655,28,28,CCGATCACCGAACCCTTGTA,0,4321801
yadI_predicted,0.034482758620689655,28,28,CCCACGCACTACCAAGGCAT,0,4296695
yadI_predicted,0.034482758620689655,28,28,CCCACATTGTGCAACGCTCG,0,4303204
yadI_predicted,0.034482758620689655,28,28,CATGTCATGTGGCTGATCCA,0,4316042
yadI_predicted,0.034482758620689655,28,28,CATAAAATACCATAGATGTG,0,4313962
yadI_predicted,0.034482758620689655,28,28,CAGTCTACGGCAGGCGATTC,0,4290587
yadI_predicted,0.034482758620689655,28,28,CAGGTTGACCTGATGATTAA,0,4317605
yadI_predicted,0.034482758620689655,28,28,CAGGCCCCAACGGAGAAGCT,0,4349324
yadI_predicted,0.034482758620689655,28,28,CAGAGATGCACTACTATTGC,0,4345750
yadI_predicted,0.034482758620689655,28,28,CAACCGTTCCCTCGATGTAC,0,4329409
yadI_predicted,0.034482758620689655,28,28,CAACCCCAGTAGCCCCTAAT,0,4327102
yadI_predicted,0.034482758620689655,28,28,CAAAGTTTGTGTATTGTACA,0,4363759
yadI_predicted,0.034482758620689655,28,28,CAAAGGTAGTGACCGACATC,0,4310576
yadI_predicted,0.034482758620689655,28,28,CAAACAGTCCGGTACGCCCT,0,4296237
yadI_predicted,0.034482758620689655,28,28,ATTTGATCCGGGGTTACGAT,0,4304730
yadI_predicted,0.034482758620689655,28,28,ATTCACTTTCAAACCCCGAG,0,4301989
yadI_predicted,0.034482758620689655,28,28,ATTCAAGGGTACGAATTGAT,0,4361816
yadI_predicted,0.034482758620689655,28,28,ATGGCTCTCCTTCAGGCTAC,0,4307995
yadI_predicted,0.034482758620689655,28,28,ATGCGACGGGCACACAACAT,0,4326410
yadI_predicted,0.034482758620689655,28,28,ATCGGAGATTGTTTCATACA,0,4317900
yadI_predicted,0.034482758620689655,28,28,ATCCGATCGGCATCCAGTCT,0,4294172
yadI_predicted,0.034482758620689655,28,28,ATCAGTTTGCTGCTATAGAG,0,4369638
yadI_predicted,0.034482758620689655,28,28,ATCAGATCCTATTGCTTTCC,0,4328561
yadI_predicted,0.034482758620689655,28,28,ATATCTCCGCCGGACCCGAT,0,4297002
yadI_predicted,0.034482758620689655,28,28,ATAGGCACCTCGGTAAAATG,0,4329933
yadI_predicted,0.034482758620689655,28,28,ATAGCTGGACCTGCCCAGCG,0,4302151
yadI_predicted,0.034482758620689655,28,28,ATAAAGTTGCTGTCGAGGTG,0,4295685
yadI_predicted,0.034482758620689655,28,28,ATAAAACACTAAAGCGATAT,0,4363218
yadI_predicted,0.034482758620689655,28,28,AGTTGCTAATGACCAAGCAA,0,4331672
yadI_predicted,0.034482758620689655,28,28,AGTTAAGTTATACAGACACG,0,4310592
yadI_predicted,0.034482758620689655,28,28,AGTGTCGGGAACTAATTCAA,0,4333532
yadI_predicted,0.034482758620689655,28,28,AGTGGTGTCGGAATTCCAGC,0,4360567
yadI_predicted,0.034482758620689655,28,28,AGGGGGAATGAATGGATCGC,0,4314725
yadI_predicted,0.034482758620689655,28,28,AGGCGGGGCTGGCGCGAAAG,0,4338886
yadI_predicted,0.034482758620689655,28,28,AGGCCTTGGTCAAGAGTGGT,0,4308111
yadI_predicted,0.034482758620689655,28,28,AGGAATGGGTATCACCAGAA,0,4290015
yadI_predicted,0.034482758620689655,28,28,AGCCTGCTCTCGGCTCACAT,0,4309183
yadI_predicted,0.034482758620689655,28,28,AGCCGATGCCCAACAAGGCG,0,4353024
yadI_predicted,0.034482758620689655,28,28,AGATCCCGCCCTTGAACCAG,0,4285781
yadI_predicted,0.034482758620689655,28,28,ACTGCCATCGAACGACCGGC,0,4292859
yadI_predicted,0.034482758620689655,28,28,ACGGCGGGTAAGTAGTGCAT,0,4314620
yadI_predicted,0.034482758620689655,28,28,ACGCTGGCCTGTGCTCTTCC,0,4324612
yadI_predicted,0.034482758620689655,28,28,ACGAGATTTGCTACCAAGAA,0,4321647
yadI_predicted,0.034482758620689655,28,28,ACCCTGGCTGGAGCCCTCCT,0,4308599
yadI_predicted,0.034482758620689655,28,28,ACCCGGGGGGCGACTGAAGT,0,4354346
yadI_predicted,0.034482758620689655,28,28,AATTACAAGACGGTAGCGGG,0,4330044
yadI_predicted,0.034482758620689655,28,28,AATCCCCGCATAATTTGGTA,0,4338593
yadI_predicted,0.034482758620689655,28,28,AATATCCTGTGGGAAAAAAA,0,4286638
yadI_predicted,0.034482758620689655,28,28,AAGTAGCAGGACGATATCTG,0,4369590
yadI_predicted,0.034482758620689655,28,28,AAGGGCGCAGTAGTTTTGTG,0,4304554
yadI_predicted,0.034482758620689655,28,28,AAGAATGTGCGATCCCCAGT,0,4339578
yadI_predicted,0.034482758620689655,28,28,AACGATTGGGTGATGTATGA,0,4331366
yadI_predicted,0.034482758620689655,28,28,AAATGGCGTTACGGAAAATA,0,4350076
yadI_predicted,0.034482758620689655,28,28,AAAGGGGTCCTGGTGTTACG,0,4344150
yadI_predicted,0.034482758620689655,28,28,AAAGGCCGGACAGCTTAGGA,0,4329020
yadI_predicted,0.034482758620689655,28,28,AAACCGCGCCTCTAATCTAA,0,4309935
yadI_predicted,0.034482758620689655,28,28,AAACATGACAAATGCAATGA,0,4328067
yadI_predicted,0.03571428571428571,27,27,TTTGGATAAAATTTTCCGGC,0,4329299
yadI_predicted,0.03571428571428571,27,27,TTTGACAATACCGCTACGAT,0,4352674
yadI_predicted,0.03571428571428571,27,27,TTTCAGTACTAGACGTGCAA,0,4355063
yadI_predicted,0.03571428571428571,27,27,TTTCAACATACAAGGACTGT,0,4297052
yadI_predicted,0.03571428571428571,27,27,TTGTTTTGTCACCCGTTCTT,0,4366470
yadI_predicted,0.03571428571428571,27,27,TTCGGCTAACACGGCAACAT,0,4307736
yadI_predicted,0.03571428571428571,27,27,TTCATAGCTATGCAACCCGA,0,4291919
yadI_predicted,0.03571428571428571,27,27,TTCAATAGCACTGAAAACTA,0,4291147
yadI_predicted,0.03571428571428571,27,27,TTATGGGACCCCAGTCGGTG,0,4291149
yadI_predicted,0.03571428571428571,27,27,TTATCAACGGACAGGAGTTC,0,4348064
yadI_predicted,0.03571428571428571,27,27,TTACGGCCGCGGAAAAATGT,0,4294824
yadI_predicted,0.03571428571428571,27,27,TGTGACATCCCACAGAACTT,0,4310265
yadI_predicted,0.03571428571428571,27,27,TGGTGTCCTATTACAGCATG,0,4316574
yadI_predicted,0.03571428571428571,27,27,TGGCAGGGCTGCTGGGCTTA,0,4354920
yadI_predicted,0.03571428571428571,27,27,TGGCACTTTGGTTCGCCGAC,0,4352316
yadI_predicted,0.03571428571428571,27,27,TGGCAATTTGATTCGCGGCT,0,4355056
yadI_predicted,0.03571428571428571,27,27,TGCTCTTGGGACATCACCAA,0,4318417
yadI_predicted,0.03571428571428571,27,27,TGCCATGACCGCAGAGGGTG,0,4357955
yadI_predicted,0.03571428571428571,27,27,TGCATTGAGACGGGGCACGG,0,4301639
yadI_predicted,0.03571428571428571,27,27,TGATTCGCACCATAACACGA,0,4325931
yadI_predicted,0.03571428571428571,27,27,TGAGTCAAGCTTGCTGATTC,0,4296234
yadI_predicted,0.03571428571428571,27,27,TGAGTACCAGCCCTAATAGC,0,4309473
yadI_predicted,0.03571428571428571,27,27,TGAGAGAATCAATCTATTCT,0,4295225
yadI_predicted,0.03571428571428571,27,27,TGACGGAATCCCTCCGCTTT,0,4333257
yadI_predicted,0.03571428571428571,27,27,TCTTCTCCACTGAGATCCGA,0,4293617
yadI_predicted,0.03571428571428571,27,27,TCTAATCAAATAAGCATTAG,0,4318478
yadI_predicted,0.03571428571428571,27,27,TCGCTCCGGGCTAGTGAGTT,0,4317147
yadI_predicted,0.03571428571428571,27,27,TCGCGCGGATGCTCGCGATC,0,4352105
yadI_predicted,0.03571428571428571,27,27,TCCTCTTTATCATCCTGCAG,0,4300331
yadI_predicted,0.03571428571428571,27,27,TCCTATGCTATTGGTATGTG,0,4302786
yadI_predicted,0.03571428571428571,27,27,TCATGACAACGAAGTTCCTT,0,4334832
yadI_predicted,0.03571428571428571,27,27,TCACGCGCCCATATGAGCTC,0,4301536
yadI_predicted,0.03571428571428571,27,27,TCAACAGACTGACTTCATTA,0,4313641
yadI_predicted,0.03571428571428571,27,27,TATTGAAAAATCTAAGTCTG,0,4298629
yadI_predicted,0.03571428571428571,27,27,TATCAACGACCCACTACTAA,0,4285191
yadI_predicted,0.03571428571428571,27,27,TAGGTAGCGCACCTGGCATA,0,4344169
yadI_predicted,0.03571428571428571,27,27,TAGGGGAGCCCGAGCCTAAT,0,4350154
yadI_predicted,0.03571428571428571,27,27,TAGGGCGACAAAATCTGGGA,0,4309239
yadI_predicted,0.03571428571428571,27,27,TAGGAACCAGGCAAGTTGAT,0,4325460
yadI_predicted,0.03571428571428571,27,27,TAGCGGTTTGCACCGTCGCA,0,4315982
yadI_predicted,0.03571428571428571,27,27,TACCATCTGTGGTAGGGAAG,0,4360156
yadI_predicted,0.03571428571428571,27,27,TAATCGCGTATCGTTTGCAA,0,4297358
yadI_predicted,0.03571428571428571,27,27,TAAGTGTTGTTCTAATTTGA,0,4342148
yadI_predicted,0.03571428571428571,27,27,TAAGTGACGGCCCTGTGGTG,0,4320373
yadI_predicted,0.03571428571428571,27,27,TAAGTAGTGCAAGCACTGTA,0,4300866
yadI_predicted,0.03571428571428571,27,27,TAACCCACATTGACAGAAGT,0,4288168
yadI_predicted,0.03571428571428571,27,27,GTTGCTACGGAGAGAAAAAG,0,4314729
yadI_predicted,0.03571428571428571,27,27,GTTGCCGGAATTTGCTGCAT,0,4289133
yadI_predicted,0.03571428571428571,27,27,GTTAAGACAAATGAGGCAAG,0,4290184
yadI_predicted,0.03571428571428571,27,27,GTGGTTAAGGTTTAGCGTGC,0,4303973
yadI_predicted,0.03571428571428571,27,27,GTGCCGTCAGACACCCAGCA,0,4293598
yadI_predicted,0.03571428571428571,27,27,GTGACTCAGGATAGCTATTA,0,4364736
yadI_predicted,0.03571428571428571,27,27,GTCTGAATAGGGGTACATTG,0,4336842
yadI_predicted,0.03571428571428571,27,27,GTCTCACATACTCTCGGCTT,0,4308221
yadI_predicted,0.03571428571428571,27,27,GTCCTGGTGCCCCCGCCAGA,0,4339885
yadI_predicted,0.03571428571428571,27,27,GTCCTAAACAACGGGTTCAC,0,4359023
yadI_predicted,0.03571428571428571,27,27,GTCCAGCCGGCTCCTACCTC,0,4349338
yadI_predicted,0.03571428571428571,27,27,GTCAGAGTTGGGCTTTCGGC,0,4322155
yadI_predicted,0.03571428571428571,27,27,GTATCTTACAAATCATCGAG,0,4342859
yadI_predicted,0.03571428571428571,27,27,GGTTATGTTGGGTATATTTA,0,4349472
yadI_predicted,0.03571428571428571,27,27,GGTGTGCTAGTCAGCAATCA,0,4290773
yadI_predicted,0.03571428571428571,27,27,GGTACCCACGTATCAGTTTA,0,4328525
yadI_predicted,0.03571428571428571,27,27,GGGGTAAGTGAGAATATCAT,0,4346136
yadI_predicted,0.03571428571428571,27,27,GGGCGGCTCCGTATGCCAGT,0,4293417
yadI_predicted,0.03571428571428571,27,27,GGGATATTAGCCCTGTTCGA,0,4297754
yadI_predicted,0.03571428571428571,27,27,GGGAGTCCCACCTGATGGAT,0,4288220
yadI_predicted,0.03571428571428571,27,27,GGCTGAGCGCCGGCGCCTCT,0,4319352
yadI_predicted,0.03571428571428571,27,27,GGCTATAGTCAGTCTGGCAG,0,4351592
yadI_predicted,0.03571428571428571,27,27,GGCGTCATCATGCTGACCCA,0,4291161
yadI_predicted,0.03571428571428571,27,27,GGCGCCGGGACACTCCTCGC,0,4347508
yadI_predicted,0.03571428571428571,27,27,GGCAAGCGCGTCCATAGGTA,0,4350521
yadI_predicted,0.03571428571428571,27,27,GCTCGGCGCTCGAGCTGGGT,0,4307018
yadI_predicted,0.03571428571428571,27,27,GCTCCGCTCTCTTTTCGAGT,0,4355747
yadI_predicted,0.03571428571428571,27,27,GCGTAGGCTAAACTCTGAGG,0,4298241
yadI_predicted,0.03571428571428571,27,27,GCGGTGCCGTACGCGTCAGA,0,4328947
yadI_predicted,0.03571428571428571,27,27,GCGCCATGTCAAGGACATGT,0,4301825
yadI_predicted,0.03571428571428571,27,27,GCCTACACGCATCTTTGGAT,0,4299075
yadI_predicted,0.03571428571428571,27,27,GCACCCGATGTGAGCGATTA,0,4309788
yadI_predicted,0.03571428571428571,27,27,GCAATTGTCTCCCTCAGATA,0,4336569
yadI_predicted,0.03571428571428571,27,27,GATTGAACCTTTGTCCCTTT,0,4335925
yadI_predicted,0.03571428571428571,27,27,GATTCTTTAATACTTTCCAA,0,4316625
yadI_predicted,0.03571428571428571,27,27,GAGTCCGGGGCTACAGGGCA,0,4331068
yadI_predicted,0.03571428571428571,27,27,GAGATTCGGTACTGCCGTAT,0,4354246
yadI_predicted,0.03571428571428571,27,27,GACTTCACAGCGTGACCACT,0,4352972
yadI_predicted,0.03571428571428571,27,27,GACTCGGTAAGTCTAAGTCT,0,4351326
yadI_predicted,0.03571428571428571,27,27,GACGCGCACCATCCCGATTA,0,4299635
yadI_predicted,0.03571428571428571,27,27,GACGAAACTCACCATACCTA,0,4343845
yadI_predicted,0.03571428571428571,27,27,GACCTGTCCAAGGTGACCCA,0,4331518
yadI_predicted,0.03571428571428571,27,27,GACAGGTACGAGATCCTCTT,0,4316425
yadI_predicted,0.03571428571428571,27,27,GAAGCACCGTGGAATCAGAT,0,4307661
yadI_predicted,0.03571428571428571,27,27,GAAAGGGTCCCATGGAATGA,0,4303011
yadI_predicted,0.03571428571428571,27,27,CTGGTGGCATTCCTCGTAGT,0,4307901
yadI_predicted,0.03571428571428571,27,27,CTGACCAAAGAGGGTACTGG,0,4364059
yadI_predicted,0.03571428571428571,27,27,CTCCACCCGAACTCAATCTC,0,4345834
yadI_predicted,0.03571428571428571,27,27,CTATGCGACTTTGCGTCAGT,0,4303929
yadI_predicted,0.03571428571428571,27,27,CTAGGAGCCGTTCTAAACAG,0,4318708
yadI_predicted,0.03571428571428571,27,27,CTAGCCTCGTGTGTTTAGTT,0,4293806
yadI_predicted,0.03571428571428571,27,27,CGTTAGTATCCATCGTATTC,0,4309927
yadI_predicted,0.03571428571428571,27,27,CGTCACTAACATTGCTAATT,0,4335203
yadI_predicted,0.03571428571428571,27,27,CGGTGCCGAAGTGCAGTGTA,0,4288038
yadI_predicted,0.03571428571428571,27,27,CGGGGTGGGACTTTGCGGAG,0,4339365
yadI_predicted,0.03571428571428571,27,27,CGGGGCTAGTATGTCACGCA,0,4332887
yadI_predicted,0.03571428571428571,27,27,CGGCTTCTCTGCCGGGCGGG,0,4312482
yadI_predicted,0.03571428571428571,27,27,CGGCTGTGGGAAAGAGCCCT,0,4323867
yadI_predicted,0.03571428571428571,27,27,CGGCCCCAAGGCTCCCACGT,0,4291580
yadI_predicted,0.03571428571428571,27,27,CGGCCCATTGTCAGCTCTGC,0,4345833
yadI_predicted,0.03571428571428571,27,27,CGCGCATTCGTGTGTGGTCT,0,4347688
yadI_predicted,0.03571428571428571,27,27,CGCCGTACATCTAGCGTCCT,0,4326283
yadI_predicted,0.03571428571428571,27,27,CGCCAGGCCTTAGAGAGATC,0,4304171
yadI_predicted,0.03571428571428571,27,27,CGCACCCAATGTATAAGGAA,0,4359758
yadI_predicted,0.03571428571428571,27,27,CGACCGCAGTCAATGTTACG,0,4354253
yadI_predicted,0.03571428571428571,27,27,CCTCGCCCGCGTGCGGCCCT,0,4300941
yadI_predicted,0.03571428571428571,27,27,CCTATAGCCTTTTTTTGGCC,0,4327898
yadI_predicted,0.03571428571428571,27,27,CCTACCGTTAAGTGCACAAT,0,4361435
yadI_predicted,0.03571428571428571,27,27,CCGTACCAAGGGCCAACTCT,0,4285167
yadI_predicted,0.03571428571428571,27,27,CCGGAGTGGATCGAATTTCA,0,4345602
yadI_predicted,0.03571428571428571,27,27,CCCGTGCCGAGAGAGCCGTG,0,4305505
yadI_predicted,0.03571428571428571,27,27,CCCGGTTACATGACTGCTCT,0,4344673
yadI_predicted,0.03571428571428571,27,27,CCCGGTCATAGTGCGCAGCG,0,4303675
yadI_predicted,0.03571428571428571,27,27,CCCCCAGTAGCGTGAGCGCT,0,4332046
yadI_predicted,0.03571428571428571,27,27,CATCAATGACGCTCATTGGA,0,4324404
yadI_predicted,0.03571428571428571,27,27,CATACTCAGGCTTCGGCTGA,0,4289901
yadI_predicted,0.03571428571428571,27,27,CAGTTTTTATGCTACTGTGA,0,4333800
yadI_predicted,0.03571428571428571,27,27,CACTGTGTTTGGCCTGGAGA,0,4314820
yadI_predicted,0.03571428571428571,27,27,CACACCGCTTGAGTGAACGA,0,4350235
yadI_predicted,0.03571428571428571,27,27,CAATTCCAGCTTAACGGGCG,0,4285220
yadI_predicted,0.03571428571428571,27,27,CAAGGGCGGAGGACGATCAT,0,4352797
yadI_predicted,0.03571428571428571,27,27,CAAAGATAGATGCGCTTAAG,0,4290117
yadI_predicted,0.03571428571428571,27,27,ATTTACACTGGGAGAACTAG,0,4342246
yadI_predicted,0.03571428571428571,27,27,ATGTACTCTGGCGAATCGAC,0,4335985
yadI_predicted,0.03571428571428571,27,27,ATGCGTTTACTTGTCGGCGT,0,4346165
yadI_predicted,0.03571428571428571,27,27,ATGATTGGGGTATGGCCGAC,0,4301559
yadI_predicted,0.03571428571428571,27,27,ATCGTATGACTACCCGCTTC,0,4348263
yadI_predicted,0.03571428571428571,27,27,ATCGATCGCGTACGGAATAG,0,4352570
yadI_predicted,0.03571428571428571,27,27,ATCAGATGTGAACTAATCTG,0,4348853
yadI_predicted,0.03571428571428571,27,27,ATCACTAGGATTCCAGGCGA,0,4296224
yadI_predicted,0.03571428571428571,27,27,ATCACCCCGGACGGGTGCTA,0,4286531
yadI_predicted,0.03571428571428571,27,27,ATAGGTGGCCCTTGTAAGAG,0,4287217
yadI_predicted,0.03571428571428571,27,27,ATAGACCAAAGGAAAATTGT,0,4369332
yadI_predicted,0.03571428571428571,27,27,AGTGCGTACCATCGATCTGA,0,4364442
yadI_predicted,0.03571428571428571,27,27,AGTCGCATAAGGTCACTCCA,0,4284802
yadI_predicted,0.03571428571428571,27,27,AGTCACACACTTCGCCGGGA,0,4351128
yadI_predicted,0.03571428571428571,27,27,AGTACAGGGCCGAATCCAAC,0,4343510
yadI_predicted,0.03571428571428571,27,27,AGCGGGGGTACATATAGCAT,0,4287023
yadI_predicted,0.03571428571428571,27,27,AGAATTCCTCCTGCTGGGGA,0,4310879
yadI_predicted,0.03571428571428571,27,27,ACTTATTACTGTGTAGGGTT,0,4313544
yadI_predicted,0.03571428571428571,27,27,ACTCGGTTAAGGGGCCAGTA,0,4368484
yadI_predicted,0.03571428571428571,27,27,ACTCCGTTTCACAATGGGGA,0,4299957
yadI_predicted,0.03571428571428571,27,27,ACTCACGCACCCAGCCGGAC,0,4342524
yadI_predicted,0.03571428571428571,27,27,ACTAACCCAACTAGATGTCC,0,4288252
yadI_predicted,0.03571428571428571,27,27,ACGTTGTCAGCTTCTGTACA,0,4350418
yadI_predicted,0.03571428571428571,27,27,ACGTTACCATAACTCGGCCA,0,4353803
yadI_predicted,0.03571428571428571,27,27,ACCGCCCCATTACTGAACTT,0,4292433
yadI_predicted,0.03571428571428571,27,27,ACCCCAAATTCAACGGTTAT,0,4327402
yadI_predicted,0.03571428571428571,27,27,ACCATCAACTCGCTGAAGCT,0,4319137
yadI_predicted,0.03571428571428571,27,27,ACCAGCCTGCGCAGTTGCCC,0,4355682
yadI_predicted,0.03571428571428571,27,27,ACCACGGGAATCGGGAGTTT,0,4369643
yadI_predicted,0.03571428571428571,27,27,AATCGGATGTATCTCATGTT,0,4364654
yadI_predicted,0.03571428571428571,27,27,AAGTTCAACTAGATATTAAC,0,4301821
yadI_predicted,0.03571428571428571,27,27,AAGTCTGGTGAAGGGTCCTA,0,4311772
yadI_predicted,0.03571428571428571,27,27,AAGACAACGTGGCTAAGCCG,0,4326394
yadI_predicted,0.03571428571428571,27,27,AACTAATACTGTCCAAGCCA,0,4354347
yadI_predicted,0.03571428571428571,27,27,AACCCTACCTTCCAGCAGGC,0,4363406
yadI_predicted,0.03571428571428571,27,27,AACAACATATATACTCTGCT,0,4299783
yadI_predicted,0.03571428571428571,27,27,AAAGTGTATCCTACTAGCAT,0,4320149
yadI_predicted,0.03571428571428571,27,27,AAACCGGTGAACCTGGCAAA,0,4323873
yadI_predicted,0.037037037037037035,26,26,TTTAGTGATGCGGCCAACAT,0,4337987
yadI_predicted,0.037037037037037035,26,26,TTGCTAGATCACAGTTTATG,0,4331352
yadI_predicted,0.037037037037037035,26,26,TTCTGCTTATTGTGAGACGC,0,4324446
yadI_predicted,0.037037037037037035,26,26,TTCGTTGACTAGGTGAGGGT,0,4305114
yadI_predicted,0.037037037037037035,26,26,TTCGCAACTGGAGTTGCTAC,0,4359878
yadI_predicted,0.037037037037037035,26,26,TTCCGCCACTCCACCATCGA,0,4291796
yadI_predicted,0.037037037037037035,26,26,TTCCATACTACCGGAAAGGA,0,4292379
yadI_predicted,0.037037037037037035,26,26,TTCATCAGGGTACGTCATAA,0,4357000
yadI_predicted,0.037037037037037035,26,26,TTCAACGAGTCCGGGTCCGG,0,4302206
yadI_predicted,0.037037037037037035,26,26,TGTGTTAGCTTATTGTCGTC,0,4341511
yadI_predicted,0.037037037037037035,26,26,TGTGTGACCAGTCACAGAAT,0,4347621
yadI_predicted,0.037037037037037035,26,26,TGTGCGTGAGCAAACAATGT,0,4362412
yadI_predicted,0.037037037037037035,26,26,TGGTGGAATCAGAAATCCGT,0,4288832
yadI_predicted,0.037037037037037035,26,26,TGGCCGACGCGACGCGATTT,0,4302651
yadI_predicted,0.037037037037037035,26,26,TGCTCGGCAATAGTTTAGTC,0,4334396
yadI_predicted,0.037037037037037035,26,26,TGACGCGCTCCGAGTTTGTT,0,4343452
yadI_predicted,0.037037037037037035,26,26,TGAAACGCTGGTAGTGAAAA,0,4302104
yadI_predicted,0.037037037037037035,26,26,TCTTATGCGTTCGAGGGCTT,0,4353287
yadI_predicted,0.037037037037037035,26,26,TCTGCGCTCCTCCGGAACTT,0,4301528
yadI_predicted,0.037037037037037035,26,26,TCTATGCGTTTAGATTTCGC,0,4346114
yadI_predicted,0.037037037037037035,26,26,TCGTTTACTTACGTGCATAG,0,4315173
yadI_predicted,0.037037037037037035,26,26,TCGGTATACCTGAATGCTCC,0,4350843
yadI_predicted,0.037037037037037035,26,26,TCGGAGGACCTGGTGCCGAC,0,4348192
yadI_predicted,0.037037037037037035,26,26,TCGATGAGCTGCAAAACCTG,0,4301335
yadI_predicted,0.037037037037037035,26,26,TCCTAATCCGTTCTATGGTG,0,4285278
yadI_predicted,0.037037037037037035,26,26,TCCGTAGATGCTAACAATAG,0,4295309
yadI_predicted,0.037037037037037035,26,26,TCCCCGGGAGTGGGGTGACC,0,4336231
yadI_predicted,0.037037037037037035,26,26,TCCAGGGACCTCTGTCGCGA,0,4284554
yadI_predicted,0.037037037037037035,26,26,TCCAAAAATATGGATACTCA,0,4320896
yadI_predicted,0.037037037037037035,26,26,TATATGACCGGCGTGCCTCA,0,4327503
yadI_predicted,0.037037037037037035,26,26,TATACCGTTTCAGGGTTCGC,0,4297457
yadI_predicted,0.037037037037037035,26,26,TAGTCCGGGTAAGCCTGTTA,0,4287911
yadI_predicted,0.037037037037037035,26,26,TACTGGGATCCTCAGTTCTT,0,4303411
yadI_predicted,0.037037037037037035,26,26,TACGCAGTGCTTTGTTGCCC,0,4291855
yadI_predicted,0.037037037037037035,26,26,TACCTTGCGGGTGCAGGATA,0,4335986
yadI_predicted,0.037037037037037035,26,26,TAAGTCTACTGGAAACGTAA,0,4333872
yadI_predicted,0.037037037037037035,26,26,GTTAGTCGGGGTCCGCGGTT,0,4314610
yadI_predicted,0.037037037037037035,26,26,GTTAACAAGACATTCCAGGA,0,4310287
yadI_predicted,0.037037037037037035,26,26,GTGTGAACCGATGCGCGTGT,0,4339881
yadI_predicted,0.037037037037037035,26,26,GTGGTCCGTATGAGCCGCAG,0,4348977
yadI_predicted,0.037037037037037035,26,26,GTGCAATGCTAAGGGTTTCG,0,4295503
yadI_predicted,0.037037037037037035,26,26,GTATTATTGGACCGTATGGT,0,4324921
yadI_predicted,0.037037037037037035,26,26,GTATGCGAAGTTTCTGCATT,0,4317890
yadI_predicted,0.037037037037037035,26,26,GTAGAGAGCCGTCGGACCAA,0,4333955
yadI_predicted,0.037037037037037035,26,26,GTAGAATCGGATGGTGTCTT,0,4338498
yadI_predicted,0.037037037037037035,26,26,GTACCGTATCTAATCGCCAA,0,4359065
yadI_predicted,0.037037037037037035,26,26,GTACACCGCGTAATTCTATT,0,4327285
yadI_predicted,0.037037037037037035,26,26,GGTTCTGGCAGGCAAAGAAT,0,4343973
yadI_predicted,0.037037037037037035,26,26,GGTAACAGTCTATCTGTATG,0,4355691
yadI_predicted,0.037037037037037035,26,26,GGGTTCACTACGCCTTTGAG,0,4367952
yadI_predicted,0.037037037037037035,26,26,GGGTCGGGTGGTCCCGAGTG,0,4363912
yadI_predicted,0.037037037037037035,26,26,GGGTCGGAGTCTACAGGTGA,0,4350877
yadI_predicted,0.037037037037037035,26,26,GGGCGAGACGCGCCTAAGTA,0,4334954
yadI_predicted,0.037037037037037035,26,26,GGCTTTCGATAAATTTCATA,0,4353752
yadI_predicted,0.037037037037037035,26,26,GGCCTTCATGTGTGGGATCT,0,4306544
yadI_predicted,0.037037037037037035,26,26,GGCCCTGGCCCGGAAAGAAT,0,4345171
yadI_predicted,0.037037037037037035,26,26,GGCATGGGACCTGCCTGCGG,0,4308275
yadI_predicted,0.037037037037037035,26,26,GGCAGGAGAGTAATAACAGC,0,4309891
yadI_predicted,0.037037037037037035,26,26,GGCAGAAATAAGGAAATCCT,0,4346777
yadI_predicted,0.037037037037037035,26,26,GGATTAGCCAGGATTCTAAT,0,4327656
yadI_predicted,0.037037037037037035,26,26,GGATGCTGCCGGCGTACACT,0,4289519
yadI_predicted,0.037037037037037035,26,26,GGACGTTCCGGGATGCTACT,0,4295808
yadI_predicted,0.037037037037037035,26,26,GGACGTCGGTGAAACCTCCA,0,4305766
yadI_predicted,0.037037037037037035,26,26,GGACCTTATTGAACGTAAAA,0,4284387
yadI_predicted,0.037037037037037035,26,26,GCTTGTGGTTATGTGTTGTG,0,4284431
yadI_predicted,0.037037037037037035,26,26,GCTTCCCCTCAGTACCGCGA,0,4300853
yadI_predicted,0.037037037037037035,26,26,GCTTACCCGAACACATGCTG,0,4330052
yadI_predicted,0.037037037037037035,26,26,GCTATGGGGGATTCATGTCC,0,4307239
yadI_predicted,0.037037037037037035,26,26,GCTAGTCCTTGCAGGATGAT,0,4305178
yadI_predicted,0.037037037037037035,26,26,GCGCTAAGTGACACTATGAG,0,4328735
yadI_predicted,0.037037037037037035,26,26,GCGAACCGCTTTTTTGAGGG,0,4319626
yadI_predicted,0.037037037037037035,26,26,GCCTCTGCATTTCCAATATG,0,4284801
yadI_predicted,0.037037037037037035,26,26,GCCGGGCTTTGCAAGCAGCT,0,4307512
yadI_predicted,0.037037037037037035,26,26,GCCCTTTAGATCCGTAGGCT,0,4285078
yadI_predicted,0.037037037037037035,26,26,GCCAGGGCCCGGTTGAAAGT,0,4338008
yadI_predicted,0.037037037037037035,26,26,GCATTGCGCCAATGTGACCA,0,4287940
yadI_predicted,0.037037037037037035,26,26,GCATCAGTGTTAATATTCGC,0,4327266
yadI_predicted,0.037037037037037035,26,26,GCAGCGTTAACGTGACGAGT,0,4314266
yadI_predicted,0.037037037037037035,26,26,GCAACTGGCACCTGACCTGG,0,4303513
yadI_predicted,0.037037037037037035,26,26,GCAACCTGCGTATTCATTTA,0,4330581
yadI_predicted,0.037037037037037035,26,26,GATTGCTGAAAAGTTGATAA,0,4297936
yadI_predicted,0.037037037037037035,26,26,GATCTAGTCCTCCCGCACTT,0,4348959
yadI_predicted,0.037037037037037035,26,26,GAGGCTTGGCTTCGTGGCTA,0,4294046
yadI_predicted,0.037037037037037035,26,26,GAGCCGTTTCGGGCAATCTT,0,4327665
yadI_predicted,0.037037037037037035,26,26,GAGCAATTCAATGGCTAGGT,0,4323147
yadI_predicted,0.037037037037037035,26,26,GAGATTCCCGTTTGTGGGAT,0,4289630
yadI_predicted,0.037037037037037035,26,26,GAGAAGTGGACTAAGCAAAC,0,4351730
yadI_predicted,0.037037037037037035,26,26,GACTGACTGACATGCATGCA,0,4299351
yadI_predicted,0.037037037037037035,26,26,GACTAGAGTTATCTTGTCAA,0,4297696
yadI_predicted,0.037037037037037035,26,26,GACCGGTAAATGATCTCTAG,0,4354782
yadI_predicted,0.037037037037037035,26,26,CTTGTTTAGCATAAGCTGAA,0,4315566
yadI_predicted,0.037037037037037035,26,26,CTGCTGGATTACCCAATAAA,0,4360219
yadI_predicted,0.037037037037037035,26,26,CTGACACCGTGAATCCCTCA,0,4313277
yadI_predicted,0.037037037037037035,26,26,CTCTCATTCGGCCGCTCTTA,0,4336713
yadI_predicted,0.037037037037037035,26,26,CGTGCTCCAAACTAATTTTT,0,4303222
yadI_predicted,0.037037037037037035,26,26,CGGTATGTTCTGAAATGTAA,0,4366909
yadI_predicted,0.037037037037037035,26,26,CGGGAACCCTAGTCGTGTCA,0,4350120
yadI_predicted,0.037037037037037035,26,26,CGGCAGCGGCAACGGGATTA,0,4295813
yadI_predicted,0.037037037037037035,26,26,CGGACGGGCTCTTTCGCTGA,0,4315925
yadI_predicted,0.037037037037037035,26,26,CGCTCACGGCGAAGCGGCAA,0,4330807
yadI_predicted,0.037037037037037035,26,26,CGCCCGAGTATTGATAGTTC,0,4338364
yadI_predicted,0.037037037037037035,26,26,CGCAAAGGGTGGGAGGTGCA,0,4329288
yadI_predicted,0.037037037037037035,26,26,CGACAGAGTGTGTTTGGGAA,0,4328559
yadI_predicted,0.037037037037037035,26,26,CCTCGTGCACATTGCGGTAA,0,4315658
yadI_predicted,0.037037037037037035,26,26,CCTCGCTCCTCTAGTTCATA,0,4326763
yadI_predicted,0.037037037037037035,26,26,CCTCCGCATTATATGTATAA,0,4363422
yadI_predicted,0.037037037037037035,26,26,CCTCAGCGGTGAATCGCGAT,0,4324633
yadI_predicted,0.037037037037037035,26,26,CCTACTCCTGTCTGGACAAG,0,4300875
yadI_predicted,0.037037037037037035,26,26,CCGGTGCATACCAGCGCGAC,0,4323271
yadI_predicted,0.037037037037037035,26,26,CCGGGTAGAGTTGCTACAAT,0,4305311
yadI_predicted,0.037037037037037035,26,26,CCGAAGCGATATGTGTGCTG,0,4349558
yadI_predicted,0.037037037037037035,26,26,CCCTCGGAAATTAACAGGGC,0,4308225
yadI_predicted,0.037037037037037035,26,26,CCCTCCTTGCCAACTAAAGA,0,4363593
yadI_predicted,0.037037037037037035,26,26,CCCCTAAGTAAGCCGGGGCA,0,4346027
yadI_predicted,0.037037037037037035,26,26,CCACACGTCAAGTAGACCTA,0,4329430
yadI_predicted,0.037037037037037035,26,26,CCACAATTGTCAGATGAGAT,0,4355042
yadI_predicted,0.037037037037037035,26,26,CCAAAAAACAACATGAGGAG,0,4340422
yadI_predicted,0.037037037037037035,26,26,CATGAGTTAGATGTCCTCGC,0,4287930
yadI_predicted,0.037037037037037035,26,26,CATACGGTACGGCCGTAATA,0,4340756
yadI_predicted,0.037037037037037035,26,26,CAGTTCACCTTCGTCGGGTC,0,4335637
yadI_predicted,0.037037037037037035,26,26,CAGGCAGCACGCGCCGATTC,0,4318301
yadI_predicted,0.037037037037037035,26,26,CAGGACGCGCATAGGTGCAA,0,4321983
yadI_predicted,0.037037037037037035,26,26,CAGCGGCCTACTTCGAGCGT,0,4317570
yadI_predicted,0.037037037037037035,26,26,CAGCCCGCTGCGTAGCGGAG,0,4346334
yadI_predicted,0.037037037037037035,26,26,CAGATCCCGTCGCGATTTTC,0,4292110
yadI_predicted,0.037037037037037035,26,26,CACTAAGGTAGGTGAGCGCA,0,4338331
yadI_predicted,0.037037037037037035,26,26,CAATTACGGTTTCTTGTCCA,0,4328697
yadI_predicted,0.037037037037037035,26,26,CAATCTATGCCAGCCCACGG,0,4302380
yadI_predicted,0.037037037037037035,26,26,CAAGAAGCAGAGCACCACGA,0,4359921
yadI_predicted,0.037037037037037035,26,26,CAACGAACTGCGGTTAAGCT,0,4303358
yadI_predicted,0.037037037037037035,26,26,ATTAGATTCTTTCGCGCTTA,0,4310605
yadI_predicted,0.037037037037037035,26,26,ATGTCCGAGTCTCGCACTCC,0,4349157
yadI_predicted,0.037037037037037035,26,26,ATGGGCTCGTAATGCATATG,0,4326858
yadI_predicted,0.037037037037037035,26,26,ATCTGGGTACGCCAGACCAC,0,4324230
yadI_predicted,0.037037037037037035,26,26,ATCGCCCACACCGCTGGGGG,0,4327652
yadI_predicted,0.037037037037037035,26,26,ATCCTACCGCTGGACGTAAA,0,4331474
yadI_predicted,0.037037037037037035,26,26,ATCCCGCGACCGAACGCTCC,0,4337332
yadI_predicted,0.037037037037037035,26,26,ATAGCTTGAAGTAACCTCAG,0,4337623
yadI_predicted,0.037037037037037035,26,26,AGTCGCTAAACTGCTCCCTG,0,4295814
yadI_predicted,0.037037037037037035,26,26,AGTAGCCCCCACAACCACGT,0,4294435
yadI_predicted,0.037037037037037035,26,26,AGGTGCCCCCCTCGTTAACT,0,4356407
yadI_predicted,0.037037037037037035,26,26,AGGAGCTTATTGCCGTTGAC,0,4319855
yadI_predicted,0.037037037037037035,26,26,AGATACTATGACATGGACCA,0,4350592
yadI_predicted,0.037037037037037035,26,26,AGAGTGAGCGAGTTTAAGTA,0,4362702
yadI_predicted,0.037037037037037035,26,26,AGAGCAAAAGCCAATAACAA,0,4346319
yadI_predicted,0.037037037037037035,26,26,AGAGAATCTCCAGCTTGACT,0,4291193
yadI_predicted,0.037037037037037035,26,26,ACTTATATGACACGGCTTGT,0,4324144
yadI_predicted,0.037037037037037035,26,26,ACTTATATATTCCTAATGTA,0,4294741
yadI_predicted,0.037037037037037035,26,26,ACTAGGTTAGAGCCAGGGTA,0,4336961
yadI_predicted,0.037037037037037035,26,26,ACGAGCGGCTCGTCCGGGTT,0,4315326
yadI_predicted,0.037037037037037035,26,26,ACCGAGCCAGCAGGTCTAGA,0,4329775
yadI_predicted,0.037037037037037035,26,26,ACCCTGGGTATTAAGTCTAG,0,4313941
yadI_predicted,0.037037037037037035,26,26,ACCCCTCCGCCAGACTTGTT,0,4294501
yadI_predicted,0.037037037037037035,26,26,ACCAGCTCTCGATATCCGAG,0,4338609
yadI_predicted,0.037037037037037035,26,26,ACCAACGGATTCCTAGGTAA,0,4333236
yadI_predicted,0.037037037037037035,26,26,ACATCCGGTGTTGGTTGAGA,0,4333280
yadI_predicted,0.037037037037037035,26,26,ACAGCCTGTATTACTTCACC,0,4324004
yadI_predicted,0.037037037037037035,26,26,AATGCTCTAACCACGGAACC,0,4347366
yadI_predicted,0.037037037037037035,26,26,AATGAGTGATAGTCCGTTAC,0,4334943
yadI_predicted,0.037037037037037035,26,26,AAGTGAACCGTTTACGCATA,0,4336655
yadI_predicted,0.037037037037037035,26,26,AAGCGATATATTGGCGGTCT,0,4293253
yadI_predicted,0.037037037037037035,26,26,AAGAGAGCGACAACTGGTTT,0,4360664
yadI_predicted,0.037037037037037035,26,26,AACTGTCGGAAGTTCAACAT,0,4303883
yadI_predicted,0.037037037037037035,26,26,AACAAGTGCACGATATTAGT,0,4308426
yadI_predicted,0.037037037037037035,26,26,AAAGTAGGATCTGTAGGTCT,0,4286513
yadI_predicted,0.037037037037037035,26,26,AAAGGGCGTACTTGTATAGT,0,4353130
yadI_predicted,0.037037037037037035,26,26,AAACATGAATGAAAGTTGGT,0,4295561
yadI_predicted,0.037037037037037035,26,26,AAAAATCCGCGTTTATCAAC,0,4340571
yadI_predicted,0.038461538461538464,25,25,TTTTGCTGTGCATCAGCAAT,0,4287987
yadI_predicted,0.038461538461538464,25,25,TTTTCGCCAAATTGCCCGGG,0,4287869
yadI_predicted,0.038461538461538464,25,25,TTTATTGAGACGTGGATATG,0,4286512
yadI_predicted,0.038461538461538464,25,25,TTGGGATCACCGCTCGTAGT,0,4303101
yadI_predicted,0.038461538461538464,25,25,TTGATTTTGGCGTATATTTG,0,4312095
yadI_predicted,0.038461538461538464,25,25,TTGATTCCCTGCGTTACCTT,0,4358262
yadI_predicted,0.038461538461538464,25,25,TTGACCCAGTGTGTGCCCAC,0,4328432
yadI_predicted,0.038461538461538464,25,25,TTCCCGCGAGAGGATCCGAA,0,4284334
yadI_predicted,0.038461538461538464,25,25,TTCCCCTACCCTTCACCTTT,0,4305990
yadI_predicted,0.038461538461538464,25,25,TTATCTAATAAGACCTGTGT,0,4313367
yadI_predicted,0.038461538461538464,25,25,TTACGTTGCAAGTATACGTG,0,4368606
yadI_predicted,0.038461538461538464,25,25,TTAATGGTCGAACCCCCGTA,0,4338610
yadI_predicted,0.038461538461538464,25,25,TGTTAACCCCGACTTGCACG,0,4292343
yadI_predicted,0.038461538461538464,25,25,TGTGTTTGCACAGGTGTGAC,0,4314973
yadI_predicted,0.038461538461538464,25,25,TGTGAGTTGATCGTGGTAAT,0,4339155
yadI_predicted,0.038461538461538464,25,25,TGTCCGGGTGAGGCTGACAT,0,4326398
yadI_predicted,0.038461538461538464,25,25,TGGGTAATGCGAGCAAAGTT,0,4303417
yadI_predicted,0.038461538461538464,25,25,TGGGCATCCGCACTGGGGCG,0,4325933
yadI_predicted,0.038461538461538464,25,25,TGGCGATTCGTATCCTTAAA,0,4310118
yadI_predicted,0.038461538461538464,25,25,TGGATGCCGTGCTTTGATAT,0,4302098
yadI_predicted,0.038461538461538464,25,25,TGCTTTCTAGGGTGGCGGCA,0,4350109
yadI_predicted,0.038461538461538464,25,25,TGATTTTTTGATTGTCACTT,0,4355528
yadI_predicted,0.038461538461538464,25,25,TGATTATCTGTGGAGAGATT,0,4326896
yadI_predicted,0.038461538461538464,25,25,TGAGTACAAGGAGGGGCGGT,0,4335338
yadI_predicted,0.038461538461538464,25,25,TGAGGTTCGGAAGACCAGAA,0,4296679
yadI_predicted,0.038461538461538464,25,25,TGAACGCTCTATACCCTAAA,0,4300593
yadI_predicted,0.038461538461538464,25,25,TCTTCAATTCAGACAGTCTA,0,4360569
yadI_predicted,0.038461538461538464,25,25,TCTGACGCGATTTGATTGGC,0,4358622
yadI_predicted,0.038461538461538464,25,25,TCTACTCTATAGCATTTGAC,0,4366681
yadI_predicted,0.038461538461538464,25,25,TCGTGAATGGTCATGAGGCG,0,4308679
yadI_predicted,0.038461538461538464,25,25,TCGGGAGTAGTTACAGGCCT,0,4346466
yadI_predicted,0.038461538461538464,25,25,TCCTCGTTCCTTCGGGTAGG,0,4339264
yadI_predicted,0.038461538461538464,25,25,TCCTCAGTAATCTTCGGGGA,0,4317269
yadI_predicted,0.038461538461538464,25,25,TCCGCGATCCGACTTCGCAT,0,4357058
yadI_predicted,0.038461538461538464,25,25,TCACTCTCTCGGGCTCCGAA,0,4303061
yadI_predicted,0.038461538461538464,25,25,TCAAGTTGGAATCCGTCAGA,0,4359854
yadI_predicted,0.038461538461538464,25,25,TATCATTACTGCGATCGGGA,0,4300119
yadI_predicted,0.038461538461538464,25,25,TATATTTTCGCTTGTGTCTG,0,4287754
yadI_predicted,0.038461538461538464,25,25,TAGGGACGCTGCGCGATTTT,0,4326060
yadI_predicted,0.038461538461538464,25,25,TAGGAGGATGACTGCGCCGG,0,4369111
yadI_predicted,0.038461538461538464,25,25,TAGCTCACCCGCTCACCACT,0,4287070
yadI_predicted,0.038461538461538464,25,25,TAGCCGGTTCCGTGAAAAAA,0,4323449
yadI_predicted,0.038461538461538464,25,25,TAGCAAGTCGCTTGGTAAAT,0,4306675
yadI_predicted,0.038461538461538464,25,25,TACGGGCTCATTATCACCTT,0,4363242
yadI_predicted,0.038461538461538464,25,25,TACGGATATATGATTTCGGG,0,4355860
yadI_predicted,0.038461538461538464,25,25,TACGCACAACGCTGAATCGT,0,4365329
yadI_predicted,0.038461538461538464,25,25,TACCATTATCTTCGCACCAA,0,4364404
yadI_predicted,0.038461538461538464,25,25,TACATTACGGTCTACTAAAA,0,4346619
yadI_predicted,0.038461538461538464,25,25,TACAGTCTCCACTCATGCAG,0,4306761
yadI_predicted,0.038461538461538464,25,25,TAAGAGGCTACGGATCATAC,0,4291439
yadI_predicted,0.038461538461538464,25,25,TAAAGCCTAAGGTCGTGAGG,0,4357242
yadI_predicted,0.038461538461538464,25,25,TAAAAACTCCCTAATGGGAA,0,4318130
yadI_predicted,0.038461538461538464,25,25,GTTTCAGATTAGTCAGTGCA,0,4318252
yadI_predicted,0.038461538461538464,25,25,GTTGGAACCTTAGTCCGCCT,0,4364991
yadI_predicted,0.038461538461538464,25,25,GTTCCGCGCCGATTAATTTA,0,4312479
yadI_predicted,0.038461538461538464,25,25,GTGCCTTAAAACTATGCTAT,0,4365390
yadI_predicted,0.038461538461538464,25,25,GTGAGTTCTCCTCACGCACT,0,4325394
yadI_predicted,0.038461538461538464,25,25,GTCTTGACAGCCGGGGTGGG,0,4319444
yadI_predicted,0.038461538461538464,25,25,GTCGTTTGAAGTAAAGGTAT,0,4354071
yadI_predicted,0.038461538461538464,25,25,GTCCTGATGGCATTCAGTGC,0,4345040
yadI_predicted,0.038461538461538464,25,25,GTATTTCAAGTGCTTTGCGA,0,4360184
yadI_predicted,0.038461538461538464,25,25,GTATTGGAGAAACATAGAAG,0,4348322
yadI_predicted,0.038461538461538464,25,25,GTATCATGTTGGTTAAGATT,0,4313911
yadI_predicted,0.038461538461538464,25,25,GTAGTCCTGGATGCCGGACG,0,4369692
yadI_predicted,0.038461538461538464,25,25,GTAGTCAGTTGGTTAGAGGA,0,4331182
yadI_predicted,0.038461538461538464,25,25,GGTTCAAGCGCGTCGCCGCA,0,4310092
yadI_predicted,0.038461538461538464,25,25,GGTCTCAGCTCCGGCCCTGT,0,4313483
yadI_predicted,0.038461538461538464,25,25,GGTATTGAACCATAACATAT,0,4306276
yadI_predicted,0.038461538461538464,25,25,GGGTCAGATTCTCACAGGGG,0,4306467
yadI_predicted,0.038461538461538464,25,25,GGCGTTCACGGGTCGGGCTG,0,4300756
yadI_predicted,0.038461538461538464,25,25,GGCCTTGATCAGGGCTTTAT,0,4302647
yadI_predicted,0.038461538461538464,25,25,GGCAGAATGCTAAATAAGTT,0,4306501
yadI_predicted,0.038461538461538464,25,25,GGCAAGGGCGCAACTGTCAT,0,4369794
yadI_predicted,0.038461538461538464,25,25,GGACGCCGGTAACGAAGAGG,0,4357297
yadI_predicted,0.038461538461538464,25,25,GCTTAGAGCGAAAGGGCAGT,0,4350925
yadI_predicted,0.038461538461538464,25,25,GCTCGGAGGTTGGTCGTAAC,0,4292081
yadI_predicted,0.038461538461538464,25,25,GCGTCTCACCGAAATAGGGT,0,4329768
yadI_predicted,0.038461538461538464,25,25,GCGTACTCATACTTGCGTTG,0,4331094
yadI_predicted,0.038461538461538464,25,25,GCGGCCATTAGAAATATTGT,0,4361193
yadI_predicted,0.038461538461538464,25,25,GCGAGTACGATCGCGGCGTA,0,4359225
yadI_predicted,0.038461538461538464,25,25,GCCGTATACTACCTGGGATA,0,4323072
yadI_predicted,0.038461538461538464,25,25,GCAGGACATCGGCAGGCCGC,0,4304823
yadI_predicted,0.038461538461538464,25,25,GCACGACGACAAGATGACTT,0,4340806
yadI_predicted,0.038461538461538464,25,25,GCAATGTGCCTTGATTGTAA,0,4369824
yadI_predicted,0.038461538461538464,25,25,GATTCAAACGTCTTAGCAGG,0,4328496
yadI_predicted,0.038461538461538464,25,25,GATGTATAACCTGCTTCCAA,0,4329601
yadI_predicted,0.038461538461538464,25,25,GAGCGGAAGTTCGGTTAACC,0,4325017
yadI_predicted,0.038461538461538464,25,25,GACATTCTGACTTCACGTGA,0,4318540
yadI_predicted,0.038461538461538464,25,25,GAATCGCACGATCAGCCAGT,0,4286772
yadI_predicted,0.038461538461538464,25,25,GAAGGTCAGGGATGGCCAAG,0,4341540
yadI_predicted,0.038461538461538464,25,25,CTTGCTTCATTGTCGCATAG,0,4357017
yadI_predicted,0.038461538461538464,25,25,CTTGCATTCATTGAGAAGCA,0,4367557
yadI_predicted,0.038461538461538464,25,25,CTTCAAGCCGGGAGTGAGTG,0,4288810
yadI_predicted,0.038461538461538464,25,25,CTTAATTCTAGATAAATAAG,0,4318338
yadI_predicted,0.038461538461538464,25,25,CTGCGTCCTCTGAATTATAT,0,4341227
yadI_predicted,0.038461538461538464,25,25,CTGCCTGCGAGCCGGTGCAT,0,4358973
yadI_predicted,0.038461538461538464,25,25,CTGACTTCGTATCAGGTTCT,0,4345362
yadI_predicted,0.038461538461538464,25,25,CTGACCTCTGAGCTAGGCGT,0,4303736
yadI_predicted,0.038461538461538464,25,25,CTCGGGGCATCTGCTCATCA,0,4302453
yadI_predicted,0.038461538461538464,25,25,CTAACGGGTATTCGGTAGAA,0,4353307
yadI_predicted,0.038461538461538464,25,25,CGTTTTTTTGACCTTCGATC,0,4321769
yadI_predicted,0.038461538461538464,25,25,CGTTCGGACTATCGTCATGT,0,4343162
yadI_predicted,0.038461538461538464,25,25,CGTTCCACAATGATTCGGTA,0,4318277
yadI_predicted,0.038461538461538464,25,25,CGTGACTGTGGTAGGAGTCA,0,4350358
yadI_predicted,0.038461538461538464,25,25,CGTACAGCCATATGTGTTGT,0,4341067
yadI_predicted,0.038461538461538464,25,25,CGTAAAGCGATCATAAGGCT,0,4307786
yadI_predicted,0.038461538461538464,25,25,CGGGTAACTAACTACTGGAT,0,4322741
yadI_predicted,0.038461538461538464,25,25,CGGGAGCAGTCCTTGTGTAG,0,4291001
yadI_predicted,0.038461538461538464,25,25,CGGCAAGCGTTGTAGTACTC,0,4298996
yadI_predicted,0.038461538461538464,25,25,CGCTATTTCGGCCGGGTTTT,0,4335773
yadI_predicted,0.038461538461538464,25,25,CGCGCGTTATTATAGAGTCC,0,4285791
yadI_predicted,0.038461538461538464,25,25,CGCGACGTACAAGACGCCGC,0,4325991
yadI_predicted,0.038461538461538464,25,25,CGCCCGGAGGGGACTTTTCG,0,4324280
yadI_predicted,0.038461538461538464,25,25,CGCCATCAACACGGTTGAAC,0,4307945
yadI_predicted,0.038461538461538464,25,25,CGCAAGGGGAATCGAGGCTA,0,4304780
yadI_predicted,0.038461538461538464,25,25,CGACATATCCCTCTGTGGGA,0,4320903
yadI_predicted,0.038461538461538464,25,25,CCGTTTTCACAGCGGTTATA,0,4326898
yadI_predicted,0.038461538461538464,25,25,CCGGTAATCAACACCCCCGA,0,4326080
yadI_predicted,0.038461538461538464,25,25,CCCTTTTCTCAGATCGCTGG,0,4341106
yadI_predicted,0.038461538461538464,25,25,CCCCAGCCGGGATCAATAGG,0,4307861
yadI_predicted,0.038461538461538464,25,25,CCCATGGGTGAATGAGGCAT,0,4328292
yadI_predicted,0.038461538461538464,25,25,CCACTCACTATTACGATCCA,0,4288349
yadI_predicted,0.038461538461538464,25,25,CCAAATACGACCTGGGTGAG,0,4290405
yadI_predicted,0.038461538461538464,25,25,CATTCTATCGGTCACCATAA,0,4366507
yadI_predicted,0.038461538461538464,25,25,CAGTGAGGTTAGCCTAAATT,0,4311583
yadI_predicted,0.038461538461538464,25,25,CAGGACAAGTGATAGGTTCT,0,4333401
yadI_predicted,0.038461538461538464,25,25,CAGCGAGCTTAAGTACCTTC,0,4294902
yadI_predicted,0.038461538461538464,25,25,CAGCAGACAGTTCTGTCATG,0,4297885
yadI_predicted,0.038461538461538464,25,25,CAGATGTCACTGCCTTTCCT,0,4345801
yadI_predicted,0.038461538461538464,25,25,CAGACATTCTACTATCTTGA,0,4363608
yadI_predicted,0.038461538461538464,25,25,CACGTGGAAGCCCCTGCACG,0,4319850
yadI_predicted,0.038461538461538464,25,25,CACCCTACGGTGCATTCGTG,0,4360783
yadI_predicted,0.038461538461538464,25,25,CACCCATCGTGCGCACGTCG,0,4286505
yadI_predicted,0.038461538461538464,25,25,CAATTGTAATGCGTCTCGTA,0,4353288
yadI_predicted,0.038461538461538464,25,25,CAATCCAGGTGCTGCGACGT,0,4362964
yadI_predicted,0.038461538461538464,25,25,CAAGTGACCAATATAAGCTC,0,4352233
yadI_predicted,0.038461538461538464,25,25,ATTTCTATCAAATCGGAAGA,0,4339250
yadI_predicted,0.038461538461538464,25,25,ATTGTGAGCTGCGGTAGGGT,0,4313526
yadI_predicted,0.038461538461538464,25,25,ATTGGGGTCCGCGGTGCCTG,0,4291250
yadI_predicted,0.038461538461538464,25,25,ATTCGGTGAACTTCAAGAGC,0,4346943
yadI_predicted,0.038461538461538464,25,25,ATGGTGCGAGTCATCCGTAC,0,4304737
yadI_predicted,0.038461538461538464,25,25,ATGGACGGCGCCAAGAATGT,0,4339485
yadI_predicted,0.038461538461538464,25,25,ATGGAACGCCGCCGGAGCCA,0,4314600
yadI_predicted,0.038461538461538464,25,25,ATGAAGCTCTTTGACAACGT,0,4290113
yadI_predicted,0.038461538461538464,25,25,ATCTACTGAACAGGTCGAAT,0,4322147
yadI_predicted,0.038461538461538464,25,25,ATCGTTACACTCCTGAACCC,0,4300509
yadI_predicted,0.038461538461538464,25,25,ATCCAGTTTCGGTTTCCGCT,0,4369599
yadI_predicted,0.038461538461538464,25,25,ATATTTTTGTCTGCGCGACG,0,4300970
yadI_predicted,0.038461538461538464,25,25,ATATATCGTTGATATCATCA,0,4292804
yadI_predicted,0.038461538461538464,25,25,AGTGGTCAGGTCATGAGGTT,0,4290836
yadI_predicted,0.038461538461538464,25,25,AGTAGCCGCTCTGTCGGAAT,0,4340241
yadI_predicted,0.038461538461538464,25,25,AGGTACGTGTGACGAATAGT,0,4289317
yadI_predicted,0.038461538461538464,25,25,AGGGTTTGCTTGCTATAGGT,0,4300132
yadI_predicted,0.038461538461538464,25,25,AGGGTTTCGCCAAGGGTTCT,0,4342860
yadI_predicted,0.038461538461538464,25,25,AGGGGATCTCGTAAGACGGT,0,4317547
yadI_predicted,0.038461538461538464,25,25,AGGCGGTAGTTTTAGCATAA,0,4327777
yadI_predicted,0.038461538461538464,25,25,AGCTTACCGAATACACTCCA,0,4300764
yadI_predicted,0.038461538461538464,25,25,AGCTGTCTCTCTTGGGTAGG,0,4289233
yadI_predicted,0.038461538461538464,25,25,AGCTGGAGAGCCACGGATTA,0,4318848
yadI_predicted,0.038461538461538464,25,25,AGCGCCTGCCTGAGAAGTAC,0,4319078
yadI_predicted,0.038461538461538464,25,25,AGCATGTGAGCGCCGTAAGC,0,4352974
yadI_predicted,0.038461538461538464,25,25,AGCAGGGGAAACAGCGTTCA,0,4317442
yadI_predicted,0.038461538461538464,25,25,AGATTGGATCAGTATGCAAC,0,4321725
yadI_predicted,0.038461538461538464,25,25,AGATCACATTGGAAAGTGAA,0,4341713
yadI_predicted,0.038461538461538464,25,25,ACTTCTGTCATTGACACTTG,0,4286822
yadI_predicted,0.038461538461538464,25,25,ACTTAGAATGAGCTATCCGA,0,4285363
yadI_predicted,0.038461538461538464,25,25,ACTTACGTTCGATGCGCTTG,0,4360525
yadI_predicted,0.038461538461538464,25,25,ACTGTGCGCATAAGAATCAC,0,4356066
yadI_predicted,0.038461538461538464,25,25,ACTCCAAAGTTGGGTTGTTT,0,4349001
yadI_predicted,0.038461538461538464,25,25,ACGGCTGCACTGTTGCATTA,0,4346269
yadI_predicted,0.038461538461538464,25,25,ACGGATCGGATGTCAGGTAT,0,4308721
yadI_predicted,0.038461538461538464,25,25,ACGAGTGGGGCTACCGATCG,0,4353302
yadI_predicted,0.038461538461538464,25,25,ACCCCGCCGGGACATGCGAG,0,4327272
yadI_predicted,0.038461538461538464,25,25,ACATTAAAGTTTTCAAGCCA,0,4338335
yadI_predicted,0.038461538461538464,25,25,ACAGCGAAAAACAAGGGGTA,0,4331078
yadI_predicted,0.038461538461538464,25,25,ACACTATTTTCATCTACTTT,0,4345332
yadI_predicted,0.038461538461538464,25,25,ACAAGATGCGCGTGGTTTTG,0,4318340
yadI_predicted,0.038461538461538464,25,25,ACAACAAAAATGATGTTCAA,0,4309138
yadI_predicted,0.038461538461538464,25,25,ACAAAAACCTCGGCCACACT,0,4321916
yadI_predicted,0.038461538461538464,25,25,AATGCGCTAATAAGAAATAC,0,4332245
yadI_predicted,0.038461538461538464,25,25,AATCGCTTCGACACGGCTCG,0,4332573
yadI_predicted,0.038461538461538464,25,25,AAGGATCTATAAAGTGAGCG,0,4357062
yadI_predicted,0.038461538461538464,25,25,AACTGTGTGTGGAGCTGCTT,0,4347072
yadI_predicted,0.038461538461538464,25,25,AACTCATAGAAAGCGGGCAA,0,4328959
yadI_predicted,0.038461538461538464,25,25,AACGTTAGACTATGGGGGAG,0,4296228
yadI_predicted,0.038461538461538464,25,25,AACGAATCCTAGTTTCCGTG,0,4321804
yadI_predicted,0.038461538461538464,25,25,AACCGGGCATGAACGCCATC,0,4330054
yadI_predicted,0.038461538461538464,25,25,AACCCTTGTAGGGACGCCAG,0,4366124
yadI_predicted,0.038461538461538464,25,25,AACATAATTTGGCCGTGGGA,0,4305300
yadI_predicted,0.038461538461538464,25,25,AACAGCGGCGGCAGGTACAG,0,4307285
yadI_predicted,0.038461538461538464,25,25,AAAGGGGAAACGCCCGCTTT,0,4352434
yadI_predicted,0.038461538461538464,25,25,AAAGCCATTTGAAGGGAGTG,0,4340231
yadI_predicted,0.038461538461538464,25,25,AAAGCAGCAAGTCTAGAGCT,0,4330501
yadI_predicted,0.038461538461538464,25,25,AAAAGTTAACAGAACCGTGA,0,4341963
yadI_predicted,0.038461538461538464,25,25,AAAAGTGGGGGCTACGTAGG,0,4337376
yadI_predicted,0.038461538461538464,25,25,AAAAACCATGAGTAAGGAGG,0,4287404
yadI_predicted,0.04,24,24,TTTTGTACAGTGCCTCTAAT,0,4311957
yadI_predicted,0.04,24,24,TTGGTTCCGTCTCTGTCGAT,0,4289462
yadI_predicted,0.04,24,24,TTGATGTACAGTAGTTGGCA,0,4355760
yadI_predicted,0.04,24,24,TTCTTGATACTGATCTTTAT,0,4343854
yadI_predicted,0.04,24,24,TTCCTGATTCCCTAGTATAC,0,4330817
yadI_predicted,0.04,24,24,TTCAACAGCCGGAAAGTCGG,0,4289117
yadI_predicted,0.04,24,24,TTATTCCTGCTTCCTGGAGA,0,4352861
yadI_predicted,0.04,24,24,TTAGGAGGATCGATCTGAAT,0,4298128
yadI_predicted,0.04,24,24,TTACTCATGAGGCGTTATCT,0,4296907
yadI_predicted,0.04,24,24,TTAAACGGATATCTTTGACT,0,4288221
yadI_predicted,0.04,24,24,TGTTGATAACGCAGTACTGT,0,4339939
yadI_predicted,0.04,24,24,TGTTCCCTATCAACTAATTC,0,4344819
yadI_predicted,0.04,24,24,TGTTACGGAGGTTGATACGT,0,4315739
yadI_predicted,0.04,24,24,TGTGTTCGGGCATTACGGTC,0,4325455
yadI_predicted,0.04,24,24,TGTCCACAAAGTTCTTATGG,0,4301835
yadI_predicted,0.04,24,24,TGTACGGAGTAAATCGGAGT,0,4322828
yadI_predicted,0.04,24,24,TGGGGGGAGCAATGTCTGTA,0,4321231
yadI_predicted,0.04,24,24,TGGAGTTCCAAGCCACGAGT,0,4332607
yadI_predicted,0.04,24,24,TGAATATGTAACAGAGCTCG,0,4364112
yadI_predicted,0.04,24,24,TCTTGGTGGAAACAATCGAC,0,4289163
yadI_predicted,0.04,24,24,TCTGATCCAGTACACTTCGT,0,4314962
yadI_predicted,0.04,24,24,TCTATTGGTTCGAAGAAGGT,0,4347754
yadI_predicted,0.04,24,24,TCTAGTTACGATGTGTCCAT,0,4334640
yadI_predicted,0.04,24,24,TCGGGGTTAGTACTCGTTAT,0,4351294
yadI_predicted,0.04,24,24,TCGGCTAAATCTCATTGGAA,0,4366718
yadI_predicted,0.04,24,24,TCGACAGCCCCCGGTTTGAC,0,4347521
yadI_predicted,0.04,24,24,TCCCTCCTTACGGGGGGTAC,0,4337902
yadI_predicted,0.04,24,24,TCCCCGATATCTACACCTTA,0,4327520
yadI_predicted,0.04,24,24,TCCATTATCCTCAAACTCTG,0,4287034
yadI_predicted,0.04,24,24,TCCAGAGCGTAGCGACGAAC,0,4319086
yadI_predicted,0.04,24,24,TCAGGTTGCACAAAAAACAC,0,4319250
yadI_predicted,0.04,24,24,TCACATTAATAGAATCATTC,0,4354089
yadI_predicted,0.04,24,24,TATGTGTCTTACTCGGGCCC,0,4335774
yadI_predicted,0.04,24,24,TATGGGGGACGCTACTCTCT,0,4368686
yadI_predicted,0.04,24,24,TAGGTGGTTGCGCGCGCGAC,0,4354341
yadI_predicted,0.04,24,24,TAGCTATTTTGCACTGGATA,0,4330811
yadI_predicted,0.04,24,24,TAGAATGTCTGACGTCAATT,0,4288892
yadI_predicted,0.04,24,24,TAGAACGACCAACGGTAGAG,0,4341833
yadI_predicted,0.04,24,24,TACACCCAGCGTGCAAAAGG,0,4361574
yadI_predicted,0.04,24,24,TAATCCAACCGCGATGATGT,0,4325818
yadI_predicted,0.04,24,24,GTTGATCGAACCTACGTACC,0,4309163
yadI_predicted,0.04,24,24,GTGCCTCACGGTTAAGGCGG,0,4326601
yadI_predicted,0.04,24,24,GTGCCCCTCGCATTGCACGA,0,4295264
yadI_predicted,0.04,24,24,GTGAGGCGAGCATCAAACTC,0,4300690
yadI_predicted,0.04,24,24,GTATATGGGATCGCAAACTA,0,4326340
yadI_predicted,0.04,24,24,GTATAACGTTTGCCTTAGCT,0,4343196
yadI_predicted,0.04,24,24,GTAGCGAGTCTACTAAATAT,0,4319270
yadI_predicted,0.04,24,24,GTACGTGCAGAGTGCTGCCA,0,4355683
yadI_predicted,0.04,24,24,GGTCTGGTTTAATTGGTCTC,0,4328873
yadI_predicted,0.04,24,24,GGTCTGGGAGTCAGGACAAT,0,4339896
yadI_predicted,0.04,24,24,GGTCCCATTAATTCTTTAAT,0,4299964
yadI_predicted,0.04,24,24,GGTACTAAATCCCTTCCTAC,0,4289588
yadI_predicted,0.04,24,24,GGGGTGACAGATCTGCGGAG,0,4364458
yadI_predicted,0.04,24,24,GGGCTGGAAGGGGTATCGAT,0,4304748
yadI_predicted,0.04,24,24,GGGCAGGGCCGCGCAACGGA,0,4291739
yadI_predicted,0.04,24,24,GGGCACCCTCTAGCGTTAGT,0,4318046
yadI_predicted,0.04,24,24,GGGAGCCTAAAAATTCTAAG,0,4350782
yadI_predicted,0.04,24,24,GGCCTGGGGCGGCTATGCAG,0,4307193
yadI_predicted,0.04,24,24,GGCATGGTCTGATAAAATAA,0,4288608
yadI_predicted,0.04,24,24,GGATTGCCGTTTCATGTGGG,0,4284994
yadI_predicted,0.04,24,24,GGATGGATTAACTCAGCCGA,0,4302096
yadI_predicted,0.04,24,24,GGACTCACCCCTACTCATGA,0,4360379
yadI_predicted,0.04,24,24,GCTAATTGCCGTTTTTTCCG,0,4359876
yadI_predicted,0.04,24,24,GCTAACCAGGGCACCAGCAA,0,4325189
yadI_predicted,0.04,24,24,GCGTACCCGCCCGTGCTCCG,0,4344651
yadI_predicted,0.04,24,24,GCGCTTGTGGATTAGGTCAA,0,4321066
yadI_predicted,0.04,24,24,GCGCAGAAGTGAATTTAGAA,0,4333705
yadI_predicted,0.04,24,24,GCCGTGGAGCCGGATTTCTC,0,4357672
yadI_predicted,0.04,24,24,GCCATTTGGTCCATGTTGCA,0,4308297
yadI_predicted,0.04,24,24,GCCAGGACAAATTTCACCCT,0,4307517
yadI_predicted,0.04,24,24,GCATTTACGCCGATTTGTAT,0,4297444
yadI_predicted,0.04,24,24,GCATGCTAAGATTAGGTGGG,0,4313636
yadI_predicted,0.04,24,24,GCAAAAGGTCAGAGCACGCT,0,4288622
yadI_predicted,0.04,24,24,GATTTCGCCATGGTTTTCTT,0,4285785
yadI_predicted,0.04,24,24,GATGCCCCGCCTGCCGTTCC,0,4284288
yadI_predicted,0.04,24,24,GATCCTTCTTCCTCGATAAA,0,4312021
yadI_predicted,0.04,24,24,GAGGTGGCATATAGCTGGGG,0,4320039
yadI_predicted,0.04,24,24,GACCTTTAATGGTCACTTAT,0,4360571
yadI_predicted,0.04,24,24,GACAACCAAATGCTGTTCCC,0,4336565
yadI_predicted,0.04,24,24,GAATTCGTTCGCGGTTAGAC,0,4347622
yadI_predicted,0.04,24,24,GAAGCTAGTTAGCCTTTCAT,0,4365868
yadI_predicted,0.04,24,24,GAAATTATGAGGTAATCATC,0,4311141
yadI_predicted,0.04,24,24,GAAAAGCTACTCTCAAAGTA,0,4337500
yadI_predicted,0.04,24,24,CTTGTAAATAGGATATAGAT,0,4357896
yadI_predicted,0.04,24,24,CTTCACGAAGTGTTTAGAGC,0,4367455
yadI_predicted,0.04,24,24,CTGAACTGCTTCCCAATTCT,0,4311769
yadI_predicted,0.04,24,24,CTCTCATTGTCAACCGGGTG,0,4315400
yadI_predicted,0.04,24,24,CTATGTGGACATTGGGACAA,0,4297118
yadI_predicted,0.04,24,24,CTAGCCCCCGGAGGAAGCCT,0,4347426
yadI_predicted,0.04,24,24,CTAGATAGGTTCAGCGGCAT,0,4348491
yadI_predicted,0.04,24,24,CTAATATCACACTTAAACAT,0,4341710
yadI_predicted,0.04,24,24,CTAACCAACAGCGCCCAGTG,0,4287145
yadI_predicted,0.04,24,24,CGTCAGGCCAGTCAGGACCG,0,4320224
yadI_predicted,0.04,24,24,CGTATACAAAAATCCAACTA,0,4358688
yadI_predicted,0.04,24,24,CGTAGCGGACAAATCCGGCA,0,4327974
yadI_predicted,0.04,24,24,CGGTGAACGATTCCTCACGA,0,4348000
yadI_predicted,0.04,24,24,CGGGTTAGTCGCGCCTACAG,0,4314105
yadI_predicted,0.04,24,24,CGGGACTGCTTGGGACGCTA,0,4297546
yadI_predicted,0.04,24,24,CGGAGCAGCAGCCTACGATC,0,4347737
yadI_predicted,0.04,24,24,CGGAAGTGTACATCGCTCCA,0,4364878
yadI_predicted,0.04,24,24,CGGAAAAGCGCATTCTGCCG,0,4354243
yadI_predicted,0.04,24,24,CGCTTTGGAGGACGCGGGGA,0,4314477
yadI_predicted,0.04,24,24,CGCTGGGAGCGAGATTTGAT,0,4325059
yadI_predicted,0.04,24,24,CGCTGCGCATGCAAATTGCA,0,4340136
yadI_predicted,0.04,24,24,CGCGTAGCAGCTAATAGGTA,0,4348975
yadI_predicted,0.04,24,24,CGCCTCTACAAGATAGGGCT,0,4296321
yadI_predicted,0.04,24,24,CGCATTCCACTGTCTTCAAC,0,4293438
yadI_predicted,0.04,24,24,CGAGGATGTCGGCCGTGGGT,0,4324510
yadI_predicted,0.04,24,24,CGACCGCAAGGGCATACGTC,0,4320953
yadI_predicted,0.04,24,24,CGAATCGCGGCCCAGCATCC,0,4319976
yadI_predicted,0.04,24,24,CCTATCAATAGCTCATGACT,0,4356835
yadI_predicted,0.04,24,24,CCGTCCGCGTCGTGTAGTCT,0,4364812
yadI_predicted,0.04,24,24,CCGGGCACTGGCTAGTAGAT,0,4309054
yadI_predicted,0.04,24,24,CCGCCCGCTCTGAGTCCACA,0,4362350
yadI_predicted,0.04,24,24,CCCTCGTTATGACGAGCCGG,0,4335261
yadI_predicted,0.04,24,24,CCCTATTCTGCACGCCTCCT,0,4317602
yadI_predicted,0.04,24,24,CCCGTTTCGATCGTGAAGTA,0,4306738
yadI_predicted,0.04,24,24,CCCGCGAGGGGTCTCGTGCT,0,4318752
yadI_predicted,0.04,24,24,CCCCCTACGTGAATAGCTCT,0,4331279
yadI_predicted,0.04,24,24,CCCAATTGTCCTAGCCTAAA,0,4348757
yadI_predicted,0.04,24,24,CCCAAAAGGCTTTCGGGCAA,0,4350318
yadI_predicted,0.04,24,24,CCATCCATGTCCTCCGAAGC,0,4359133
yadI_predicted,0.04,24,24,CCAGCCCGTAGCACCACGCT,0,4303441
yadI_predicted,0.04,24,24,CATTAGAACGGATGACCGTG,0,4338422
yadI_predicted,0.04,24,24,CATTACATGACTACGCGTAC,0,4325742
yadI_predicted,0.04,24,24,CATGACTTCGAAACAGGAAT,0,4319495
yadI_predicted,0.04,24,24,CATCCTTTAACTGGGTAAGT,0,4329992
yadI_predicted,0.04,24,24,CATAGGGCATGTAGGCTCTC,0,4292852
yadI_predicted,0.04,24,24,CATAATTTCAGTAATACTAC,0,4285844
yadI_predicted,0.04,24,24,CAGCGAAGATAATATATCAT,0,4298242
yadI_predicted,0.04,24,24,CAGAATGGGATGCGTACTTT,0,4354880
yadI_predicted,0.04,24,24,CACGAAATCCGAGAATTGCT,0,4334775
yadI_predicted,0.04,24,24,CAAGCCTATACCGGGATATT,0,4368569
yadI_predicted,0.04,24,24,ATTGAGTAACGATCTGGACG,0,4326307
yadI_predicted,0.04,24,24,ATTATCGTACCCGTACCGGT,0,4352982
yadI_predicted,0.04,24,24,ATGTCTGAAGCCGTACGTAC,0,4301361
yadI_predicted,0.04,24,24,ATGGTTACATGTTCTGGCCT,0,4368806
yadI_predicted,0.04,24,24,ATGGGGAAACGGCCCCCTCG,0,4315489
yadI_predicted,0.04,24,24,ATGCAAGTTAGGCCGTGCTC,0,4315325
yadI_predicted,0.04,24,24,ATGAGAAATCGTGAATAAGA,0,4334463
yadI_predicted,0.04,24,24,ATCGGCACTCCGGTTCGTAT,0,4333583
yadI_predicted,0.04,24,24,ATCGGATAAACGAGGCCGTT,0,4292917
yadI_predicted,0.04,24,24,ATCGCCGTTAGGATGTCGAT,0,4323971
yadI_predicted,0.04,24,24,ATCAACTTCAAAACCAAGTG,0,4293245
yadI_predicted,0.04,24,24,ATAGTGTTCTTTTGCGGTGT,0,4285795
yadI_predicted,0.04,24,24,ATAGTGCTCGGTACGAGCCA,0,4358304
yadI_predicted,0.04,24,24,ATAGCTACTTGTGGGTCCAT,0,4326849
yadI_predicted,0.04,24,24,ATAGAGTTACCACCGCAATA,0,4328294
yadI_predicted,0.04,24,24,ATACGGGTCGCCTGTCTTTG,0,4367767
yadI_predicted,0.04,24,24,AGTGTTCAGTCGCTCGAAGA,0,4358010
yadI_predicted,0.04,24,24,AGTAGGTAATTCATCGAAAA,0,4307308
yadI_predicted,0.04,24,24,AGTAGATCTCTTTGCTTAAT,0,4364468
yadI_predicted,0.04,24,24,AGGTCTCGCTCTAATATCTC,0,4312320
yadI_predicted,0.04,24,24,AGGTCCAAGGGTTCTCCTTT,0,4311647
yadI_predicted,0.04,24,24,AGGTCAAGGCGTGACGGTGG,0,4318155
yadI_predicted,0.04,24,24,AGGCGGGATTCCAGACCTTA,0,4344496
yadI_predicted,0.04,24,24,AGGAACCACAACCCGGGCTC,0,4330952
yadI_predicted,0.04,24,24,AGCTAGGCCAATAGTGAACT,0,4363413
yadI_predicted,0.04,24,24,AGCGGCCAGTCGCCCCATAT,0,4353520
yadI_predicted,0.04,24,24,AGCGAGAATGAGGCGAACAA,0,4322414
yadI_predicted,0.04,24,24,AGCAGGAAGCCCTAACATAC,0,4316420
yadI_predicted,0.04,24,24,AGCACATGAGATTGTCATGT,0,4314776
yadI_predicted,0.04,24,24,AGCAAGGGTATGCGTATAGT,0,4321277
yadI_predicted,0.04,24,24,AGATAGTACGCGGAGACTCA,0,4337576
yadI_predicted,0.04,24,24,AGAGCGGCATTTACTCACGA,0,4303227
yadI_predicted,0.04,24,24,AGACCGCTCGCTTATCTTGT,0,4364004
yadI_predicted,0.04,24,24,AGAAGTAGCCGGGATCCCTA,0,4313161
yadI_predicted,0.04,24,24,AGAAGAGTGGTGCTCCGGTT,0,4296568
yadI_predicted,0.04,24,24,ACTTATCATCAGATGCACAA,0,4349392
yadI_predicted,0.04,24,24,ACTTAGTCGAGTCTCCGTCA,0,4320781
yadI_predicted,0.04,24,24,ACTGTGGAAAAGGCGGGGAA,0,4302507
yadI_predicted,0.04,24,24,ACTGCCATATCCACTGATGG,0,4366279
yadI_predicted,0.04,24,24,ACTGCACAGTCCGAACTCAA,0,4292368
yadI_predicted,0.04,24,24,ACTCTTTATGTTGTGCAGTC,0,4360153
yadI_predicted,0.04,24,24,ACTCCCAGGCGAGGTACAGC,0,4344415
yadI_predicted,0.04,24,24,ACGTTACTCTGTTGTCAGTA,0,4306964
yadI_predicted,0.04,24,24,ACGCGACTGCCAAAGCAGTA,0,4325795
yadI_predicted,0.04,24,24,ACGCATAGTTAGCGGGAGTT,0,4364872
yadI_predicted,0.04,24,24,ACGATGGAGTCCGGTTTGTC,0,4323739
yadI_predicted,0.04,24,24,ACCGGGGAGCGTGGCGCAGT,0,4356413
yadI_predicted,0.04,24,24,ACCGCGCCCCACAATGCAAT,0,4360624
yadI_predicted,0.04,24,24,ACCCATACGAGCACCTCTAG,0,4327660
yadI_predicted,0.04,24,24,ACCCAAAGAGCTTTCGCTTT,0,4310188
yadI_predicted,0.04,24,24,ACCAGGTCGAATTTTCTGGA,0,4322544
yadI_predicted,0.04,24,24,ACATTCCGCCTTTTGGAACT,0,4328160
yadI_predicted,0.04,24,24,ACAGTCTATAGATTATTCCA,0,4325397
yadI_predicted,0.04,24,24,ACAAGGTCCAATACCCGTAA,0,4355795
yadI_predicted,0.04,24,24,AATCGCCTTTCTGTGTTCGT,0,4347143
yadI_predicted,0.04,24,24,AATCCTTCCAGCTCCCGGTG,0,4335690
yadI_predicted,0.04,24,24,AATCCGGCCGGAAGACTGGG,0,4365843
yadI_predicted,0.04,24,24,AATCAAGTGCGGCTTGATGA,0,4347590
yadI_predicted,0.04,24,24,AATCAAATGCGTAAATGTAG,0,4369203
yadI_predicted,0.04,24,24,AAGGCAATAGCAAGATGCCT,0,4343851
yadI_predicted,0.04,24,24,AAGCAATATCAATCAATGTT,0,4320284
yadI_predicted,0.04,24,24,AACGAGTAAAGCCATACGTC,0,4337826
yadI_predicted,0.04,24,24,AACCGTGTGCATCGTTTGCT,0,4367035
yadI_predicted,0.04,24,24,AACAGCAGACTTTGGGTACT,0,4350932
yadI_predicted,0.04,24,24,AAAGCTATCTGTCACCGGGC,0,4365863
yadI_predicted,0.041666666666666664,23,23,TTTGGCTAAGCCGTTCGATG,0,4365358
yadI_predicted,0.041666666666666664,23,23,TTTCGCACACGGATTCTGGT,0,4358972
yadI_predicted,0.041666666666666664,23,23,TTTCGAGGTTTGGCCGGGGT,0,4349614
yadI_predicted,0.041666666666666664,23,23,TTTCCCTCTATACAGAAATC,0,4285580
yadI_predicted,0.041666666666666664,23,23,TTTAATACACGCGGATTATG,0,4364030
yadI_predicted,0.041666666666666664,23,23,TTGTATAGTAACAGGCAAGG,0,4336870
yadI_predicted,0.041666666666666664,23,23,TTGGTTTAGTGTACTAAGGA,0,4308533
yadI_predicted,0.041666666666666664,23,23,TTGGTTCATAGCCTACTTGT,0,4294564
yadI_predicted,0.041666666666666664,23,23,TTCTACACATCGCGGGGTGT,0,4361329
yadI_predicted,0.041666666666666664,23,23,TTCCGGTATACCGGAGAAGC,0,4307316
yadI_predicted,0.041666666666666664,23,23,TTCCGCGCACAAGCGTCCTA,0,4314735
yadI_predicted,0.041666666666666664,23,23,TTATTGGGGTATAACGCGGC,0,4309460
yadI_predicted,0.041666666666666664,23,23,TTACACTAGCGACAAACCAG,0,4285985
yadI_predicted,0.041666666666666664,23,23,TTAAACAGGGCAACGTTTGC,0,4285953
yadI_predicted,0.041666666666666664,23,23,TGTTTAGTACGTAGCCATTG,0,4365654
yadI_predicted,0.041666666666666664,23,23,TGTTATGGTCGGAAACACGT,0,4362414
yadI_predicted,0.041666666666666664,23,23,TGGTTAAGGCCAACGCCACT,0,4346657
yadI_predicted,0.041666666666666664,23,23,TGGGTAAAGAAATGAATGTG,0,4321531
yadI_predicted,0.041666666666666664,23,23,TGGCATTCACTCCCCTCCAC,0,4324667
yadI_predicted,0.041666666666666664,23,23,TGCTGTGTAGACAACCGTTA,0,4290847
yadI_predicted,0.041666666666666664,23,23,TGATTAATTATGTGTAGCCA,0,4294429
yadI_predicted,0.041666666666666664,23,23,TGATATTGATTTCTAGAAAT,0,4296524
yadI_predicted,0.041666666666666664,23,23,TGAGTTATCCTGTGTCCCGA,0,4302955
yadI_predicted,0.041666666666666664,23,23,TGAGTTACACGAGAAATGAA,0,4316233
yadI_predicted,0.041666666666666664,23,23,TGAGGAGGGGCGAACACTCG,0,4293799
yadI_predicted,0.041666666666666664,23,23,TGAGGACTGCTCACCGATAG,0,4327324
yadI_predicted,0.041666666666666664,23,23,TCTTTGGCATGACTAAACCA,0,4295230
yadI_predicted,0.041666666666666664,23,23,TCTGACCCCCGGGGGGACAG,0,4292203
yadI_predicted,0.041666666666666664,23,23,TCGGCGTATTCCACCGTAAG,0,4321869
yadI_predicted,0.041666666666666664,23,23,TCGAAATGCCGCCTAAAGGG,0,4321533
yadI_predicted,0.041666666666666664,23,23,TCCTGGGGCCTTAGGTATGC,0,4313913
yadI_predicted,0.041666666666666664,23,23,TCCTCCACTTTGGGTGAGCT,0,4330502
yadI_predicted,0.041666666666666664,23,23,TCCTAAGACGATATCTAACA,0,4350413
yadI_predicted,0.041666666666666664,23,23,TCCGTGTACCCTGGTGTCAA,0,4368756
yadI_predicted,0.041666666666666664,23,23,TCCGCAGGGTCAAGACATTG,0,4286118
yadI_predicted,0.041666666666666664,23,23,TCCGAGAAACCCACAAGGGG,0,4346214
yadI_predicted,0.041666666666666664,23,23,TCCCGCGCTTTCGAGGTGGC,0,4310748
yadI_predicted,0.041666666666666664,23,23,TCCATCCCTGGGAAGTTCTA,0,4335682
yadI_predicted,0.041666666666666664,23,23,TCCATAGTAGGCTTAGAAAC,0,4331964
yadI_predicted,0.041666666666666664,23,23,TCAAACACGTGGTCACTCGC,0,4366684
yadI_predicted,0.041666666666666664,23,23,TATTTCTTAAATTAGGGTAA,0,4296687
yadI_predicted,0.041666666666666664,23,23,TATTGAGTAATGGGGATCAA,0,4331341
yadI_predicted,0.041666666666666664,23,23,TATTAATCTAACGGACCGAT,0,4306956
yadI_predicted,0.041666666666666664,23,23,TATCGCTGGTTAGCTAGTGG,0,4299719
yadI_predicted,0.041666666666666664,23,23,TATATACTCAGGACACGCCA,0,4354072
yadI_predicted,0.041666666666666664,23,23,TAGGAATGCCAGAGGTTTTG,0,4306689
yadI_predicted,0.041666666666666664,23,23,TACGAACCACGTTCCGGTGG,0,4291020
yadI_predicted,0.041666666666666664,23,23,TACCAAACTGGTGCACGGGT,0,4347744
yadI_predicted,0.041666666666666664,23,23,TACAGGTCGCAAGGCAGAAA,0,4345434
yadI_predicted,0.041666666666666664,23,23,TACACTATCGCCCGACTTTC,0,4304333
yadI_predicted,0.041666666666666664,23,23,TAATGTGAGGGGGATGTTAA,0,4339325
yadI_predicted,0.041666666666666664,23,23,TAATGAGTCTCCGCGTGGTG,0,4338337
yadI_predicted,0.041666666666666664,23,23,TAAGCTGGGTTGGTGGGATA,0,4335350
yadI_predicted,0.041666666666666664,23,23,TAAGATTCTGCCCTGCATTA,0,4323758
yadI_predicted,0.041666666666666664,23,23,TAACCCTTGGAAGCTTTAGG,0,4332452
yadI_predicted,0.041666666666666664,23,23,GTTGGGGGCTAGACAACAAA,0,4321547
yadI_predicted,0.041666666666666664,23,23,GTTCCCGGCCGCGTCTATAG,0,4363333
yadI_predicted,0.041666666666666664,23,23,GTTATTAACTCCAGACGGCC,0,4305969
yadI_predicted,0.041666666666666664,23,23,GTTAGTAATCAGATTAGACT,0,4366823
yadI_predicted,0.041666666666666664,23,23,GTGTCCAGGTTACCAGTGGG,0,4290986
yadI_predicted,0.041666666666666664,23,23,GTGTACGCCTGTAGAACTGG,0,4325785
yadI_predicted,0.041666666666666664,23,23,GTGGAGCACGGGGAATAACT,0,4349096
yadI_predicted,0.041666666666666664,23,23,GTGCTGCTACAAACGATGTA,0,4292341
yadI_predicted,0.041666666666666664,23,23,GTGCTAGACAGCGCCAATAG,0,4333185
yadI_predicted,0.041666666666666664,23,23,GTGATATCACCCGCCAGTCT,0,4335006
yadI_predicted,0.041666666666666664,23,23,GTCTCCTTTTACTGGATTCA,0,4316565
yadI_predicted,0.041666666666666664,23,23,GTCGTCCGTACTCCGGTGGC,0,4327342
yadI_predicted,0.041666666666666664,23,23,GTCGGTTTGGATAGATGATG,0,4285779
yadI_predicted,0.041666666666666664,23,23,GTCCATACTAGGCCCGCACA,0,4324508
yadI_predicted,0.041666666666666664,23,23,GTAGTCTGGTGCAGGCTTTG,0,4286709
yadI_predicted,0.041666666666666664,23,23,GTAGCGAATGACGAACGGCG,0,4333748
yadI_predicted,0.041666666666666664,23,23,GTAAGGGAACCCTTAGAGAT,0,4300415
yadI_predicted,0.041666666666666664,23,23,GTAAAGGGCGTACAAAAAAC,0,4368376
yadI_predicted,0.041666666666666664,23,23,GTAAAGCGGTGGGGTTCTTG,0,4330826
yadI_predicted,0.041666666666666664,23,23,GGTTGCTAAGCGGGGTGGAT,0,4321648
yadI_predicted,0.041666666666666664,23,23,GGTTCCTAGCATGCTAACGT,0,4310756
yadI_predicted,0.041666666666666664,23,23,GGTTATACCTTTGCCGTGGT,0,4319328
yadI_predicted,0.041666666666666664,23,23,GGTGAATTAGCACATGATAG,0,4348351
yadI_predicted,0.041666666666666664,23,23,GGTGAAATTGGGTCGCACCT,0,4355796
yadI_predicted,0.041666666666666664,23,23,GGTAGGCCTGGGATTCCCAC,0,4287028
yadI_predicted,0.041666666666666664,23,23,GGTAAGATGTTGATCCACAC,0,4314417
yadI_predicted,0.041666666666666664,23,23,GGGTACATAAGAATTTGCGA,0,4367738
yadI_predicted,0.041666666666666664,23,23,GGGGGTCTAGCTCACGGTGC,0,4290990
yadI_predicted,0.041666666666666664,23,23,GGGGGAGATTGCCTGGAGGT,0,4350868
yadI_predicted,0.041666666666666664,23,23,GGGGCATCCGTGGGTCCAGT,0,4296553
yadI_predicted,0.041666666666666664,23,23,GGGCCGCTCCGGGTCTGTGG,0,4364860
yadI_predicted,0.041666666666666664,23,23,GGGATTCGGCGTAAGGCGGG,0,4327004
yadI_predicted,0.041666666666666664,23,23,GGGAGATTGTCAGAGTTAGG,0,4311519
yadI_predicted,0.041666666666666664,23,23,GGCCGCTACATACGAGAACG,0,4324737
yadI_predicted,0.041666666666666664,23,23,GGCCAGGACGGTGGTGACAT,0,4293888
yadI_predicted,0.041666666666666664,23,23,GGCCAACGGTGATTTGAGAT,0,4348623
yadI_predicted,0.041666666666666664,23,23,GGCACAGACCTAAGTATTCT,0,4305837
yadI_predicted,0.041666666666666664,23,23,GGATTAGTCAAGGGTCTTGA,0,4340622
yadI_predicted,0.041666666666666664,23,23,GGAGTTGGATTAAGCGGGCT,0,4315736
yadI_predicted,0.041666666666666664,23,23,GCTGTACGTGCGATGATGTC,0,4325790
yadI_predicted,0.041666666666666664,23,23,GCTGGCTGAAGTATTGACAT,0,4365083
yadI_predicted,0.041666666666666664,23,23,GCTAGTGAGGTTATGGGCTA,0,4306555
yadI_predicted,0.041666666666666664,23,23,GCGTTGCCCAAAGACTGTAA,0,4356647
yadI_predicted,0.041666666666666664,23,23,GCGGAGGGACAACGCCCAGG,0,4331142
yadI_predicted,0.041666666666666664,23,23,GCGCTCGGAACGGCAACGGG,0,4358003
yadI_predicted,0.041666666666666664,23,23,GCGAACGCAGATATGAGCCT,0,4362471
yadI_predicted,0.041666666666666664,23,23,GCCTCCCCAACACGGGGAGT,0,4297742
yadI_predicted,0.041666666666666664,23,23,GCCGTCATAAAGACTAACCG,0,4338871
yadI_predicted,0.041666666666666664,23,23,GCCCACGAAGCGTGGACCTA,0,4342726
yadI_predicted,0.041666666666666664,23,23,GCAGTTGATGGGGCACTCAT,0,4317643
yadI_predicted,0.041666666666666664,23,23,GCAGCTGCAGATGTCGAATG,0,4304190
yadI_predicted,0.041666666666666664,23,23,GCAGAATTACCGTTCAATGG,0,4336320
yadI_predicted,0.041666666666666664,23,23,GCACTACCCGATATTTATAG,0,4338807
yadI_predicted,0.041666666666666664,23,23,GCACGGAGACGGAACGTGTA,0,4310326
yadI_predicted,0.041666666666666664,23,23,GCACCCGACACGTCAGTCCT,0,4361826
yadI_predicted,0.041666666666666664,23,23,GATTTCGAGCTGCGTCTCGC,0,4357098
yadI_predicted,0.041666666666666664,23,23,GATGTTAAAGGAATGTGGAA,0,4365721
yadI_predicted,0.041666666666666664,23,23,GATGAGAACCAATCAGGCAT,0,4312724
yadI_predicted,0.041666666666666664,23,23,GATACCGGTTCAGTCCTGGC,0,4328239
yadI_predicted,0.041666666666666664,23,23,GAGTGCTGATCGATACGCGA,0,4341834
yadI_predicted,0.041666666666666664,23,23,GAGGGTATGAGGTAGGCTTA,0,4288312
yadI_predicted,0.041666666666666664,23,23,GACTACGCAGCTTTAAAGGA,0,4305243
yadI_predicted,0.041666666666666664,23,23,GACGGCGGGGACACCTGCTA,0,4290695
yadI_predicted,0.041666666666666664,23,23,GAACCCCAAACTCTTGGTAT,0,4341866
yadI_predicted,0.041666666666666664,23,23,GAACCACACGCCTCGCCCAG,0,4287575
yadI_predicted,0.041666666666666664,23,23,GAAAAGTTCTTACAGCAATT,0,4326325
yadI_predicted,0.041666666666666664,23,23,CTTTGCTTATGGATTTAGGA,0,4349994
yadI_predicted,0.041666666666666664,23,23,CTTTGAAGTCGGTGCTAGCA,0,4320913
yadI_predicted,0.041666666666666664,23,23,CTTTCGATAAGGTCGCCGTA,0,4342471
yadI_predicted,0.041666666666666664,23,23,CTTTCCTTCTGATATATTTC,0,4348451
yadI_predicted,0.041666666666666664,23,23,CTTTAGTAGCTAACGGACCA,0,4344036
yadI_predicted,0.041666666666666664,23,23,CTTGGACGGCATCGTTACAT,0,4351023
yadI_predicted,0.041666666666666664,23,23,CTTCGACGAAAAGGCCTCTG,0,4302150
yadI_predicted,0.041666666666666664,23,23,CTTCCCCTCGACCTTACTAT,0,4309361
yadI_predicted,0.041666666666666664,23,23,CTTAAGTCACCCTACAACAT,0,4322561
yadI_predicted,0.041666666666666664,23,23,CTGTAATTCCCGCAAATGTA,0,4326237
yadI_predicted,0.041666666666666664,23,23,CTGGATCTGAGGCTTCAATA,0,4319538
yadI_predicted,0.041666666666666664,23,23,CTGGAGGTTAACGAGTTCCC,0,4327463
yadI_predicted,0.041666666666666664,23,23,CTGGAAACGTTCCGTTCATA,0,4320551
yadI_predicted,0.041666666666666664,23,23,CTCTTATGCATTACTGGCTT,0,4321697
yadI_predicted,0.041666666666666664,23,23,CTCGACCCCGGCATCACGGA,0,4340700
yadI_predicted,0.041666666666666664,23,23,CTCACAGTGTAGCAAGATTG,0,4368342
yadI_predicted,0.041666666666666664,23,23,CTATGTCGTTCCGCGGCGGG,0,4304740
yadI_predicted,0.041666666666666664,23,23,CTATCTAGGTCCATCTTGGA,0,4316431
yadI_predicted,0.041666666666666664,23,23,CTATCAGCCGGTATCTGGAT,0,4330425
yadI_predicted,0.041666666666666664,23,23,CTAGTTCGGTGTGAAGATAC,0,4332240
yadI_predicted,0.041666666666666664,23,23,CTAGCCGTCATAAATGTTGA,0,4347792
yadI_predicted,0.041666666666666664,23,23,CTAAGTTTGAGTCGTCGCAT,0,4360415
yadI_predicted,0.041666666666666664,23,23,CGTGCCATCCTACACGCTGT,0,4310950
yadI_predicted,0.041666666666666664,23,23,CGTCATAGTTATTTTGCGTT,0,4320838
yadI_predicted,0.041666666666666664,23,23,CGGTGGTTCTCCGACGCCAG,0,4317318
yadI_predicted,0.041666666666666664,23,23,CGGGTCTCAGCCTTGGCCCC,0,4337076
yadI_predicted,0.041666666666666664,23,23,CGGGGTCCCACGGGTCGGCA,0,4366314
yadI_predicted,0.041666666666666664,23,23,CGGGCGCTCGCACTGTTGAC,0,4322033
yadI_predicted,0.041666666666666664,23,23,CGGGACGACGACACCTGAGG,0,4367950
yadI_predicted,0.041666666666666664,23,23,CGGAGCCCTAAGGCTCGGTT,0,4326417
yadI_predicted,0.041666666666666664,23,23,CGCTGTGCGCTTATTATTAA,0,4334363
yadI_predicted,0.041666666666666664,23,23,CGCGATTTTCTGTTAATTAC,0,4315963
yadI_predicted,0.041666666666666664,23,23,CGCGAGCATCTGGTACTTCA,0,4294904
yadI_predicted,0.041666666666666664,23,23,CGCCCCGCCACGGAGGTATT,0,4361139
yadI_predicted,0.041666666666666664,23,23,CGCATGCCACGTCCAGTTTG,0,4288815
yadI_predicted,0.041666666666666664,23,23,CGCATCCGGGGTCCTAATGA,0,4303727
yadI_predicted,0.041666666666666664,23,23,CGCAGTTCGGGGGTCTTAGT,0,4305898
yadI_predicted,0.041666666666666664,23,23,CGCAGAGCTAGTGAGTGACT,0,4287991
yadI_predicted,0.041666666666666664,23,23,CGCAAAGCCTGGGGCCTCGT,0,4321625
yadI_predicted,0.041666666666666664,23,23,CGATAGGAATAGCGCAAACA,0,4290249
yadI_predicted,0.041666666666666664,23,23,CGACGCCTATGACCTCCCAC,0,4287134
yadI_predicted,0.041666666666666664,23,23,CGACGCCTACTGAGCGGTTC,0,4333231
yadI_predicted,0.041666666666666664,23,23,CGAATTTACTGACTAGGCTC,0,4353163
yadI_predicted,0.041666666666666664,23,23,CCTGGGCGCATTCAGTTATG,0,4321063
yadI_predicted,0.041666666666666664,23,23,CCTCTGCTGACTGCGCAGAC,0,4339133
yadI_predicted,0.041666666666666664,23,23,CCTATGACGCACATAAATTG,0,4284887
yadI_predicted,0.041666666666666664,23,23,CCTATAATTCAGTATGCTTA,0,4306046
yadI_predicted,0.041666666666666664,23,23,CCGGTTGCAGCCTCTGCATC,0,4287066
yadI_predicted,0.041666666666666664,23,23,CCGGCTGTTGTCCTCGGCTC,0,4328568
yadI_predicted,0.041666666666666664,23,23,CCGGACCTACTCGGGACTGA,0,4299408
yadI_predicted,0.041666666666666664,23,23,CCGCTCAATGGGGACTCAGA,0,4288273
yadI_predicted,0.041666666666666664,23,23,CCGCGCCTAGTCCCGACCAC,0,4365942
yadI_predicted,0.041666666666666664,23,23,CCGCCTCGCCTTAGTGTTCC,0,4315229
yadI_predicted,0.041666666666666664,23,23,CCCTCACGACTTAATAAGCG,0,4329524
yadI_predicted,0.041666666666666664,23,23,CCCGGAGCAGTAAGCCGGAA,0,4318770
yadI_predicted,0.041666666666666664,23,23,CCCGCCGTTATCAGCGGGCA,0,4325967
yadI_predicted,0.041666666666666664,23,23,CCCCGGCTGTTCGGCCAGTT,0,4305452
yadI_predicted,0.041666666666666664,23,23,CCCCGGAACAAGGTCAACGC,0,4298627
yadI_predicted,0.041666666666666664,23,23,CCCATTGTGTCACGGATCGT,0,4364005
yadI_predicted,0.041666666666666664,23,23,CCCAATTAACAATAACCCAT,0,4315989
yadI_predicted,0.041666666666666664,23,23,CCAGGACCTTTGTGTCAAAT,0,4299354
yadI_predicted,0.041666666666666664,23,23,CCACTAGGGTCATTTGTCCC,0,4288780
yadI_predicted,0.041666666666666664,23,23,CCACATCGCGTGGTAGTAAT,0,4332512
yadI_predicted,0.041666666666666664,23,23,CCACAGAGAAGTTGGACGGA,0,4289578
yadI_predicted,0.041666666666666664,23,23,CATTGCTAGGTTCAGAAATA,0,4327863
yadI_predicted,0.041666666666666664,23,23,CATTCTAGCCAGGGCACTGT,0,4289577
yadI_predicted,0.041666666666666664,23,23,CATTCCCTGTTAAGATGTCT,0,4319530
yadI_predicted,0.041666666666666664,23,23,CATGATATGGTACCACCCCC,0,4319551
yadI_predicted,0.041666666666666664,23,23,CATCCAATGCACGGTCGGCA,0,4327787
yadI_predicted,0.041666666666666664,23,23,CAGTAACGGCCAAGGCATCT,0,4343081
yadI_predicted,0.041666666666666664,23,23,CAGGTATGTTGCGGCTATCA,0,4284925
yadI_predicted,0.041666666666666664,23,23,CAGGGCGTCCGGCGCCATTC,0,4307988
yadI_predicted,0.041666666666666664,23,23,CAGGCACGGAGCGTGCGAGA,0,4319133
yadI_predicted,0.041666666666666664,23,23,CAGCTGAATCGACCTGTGGG,0,4322170
yadI_predicted,0.041666666666666664,23,23,CAGCAGTTATCGAGCAAGGC,0,4287992
yadI_predicted,0.041666666666666664,23,23,CACTCTTGATGATTCTAAAG,0,4321600
yadI_predicted,0.041666666666666664,23,23,CACTCGCACCAGTCTTTCAG,0,4294425
yadI_predicted,0.041666666666666664,23,23,CACGGACAAGATGGAGTAGG,0,4315960
yadI_predicted,0.041666666666666664,23,23,CACGCTCATCCGAACGAGGG,0,4309115
yadI_predicted,0.041666666666666664,23,23,CACCTTGCTGGACTGAAATC,0,4351161
yadI_predicted,0.041666666666666664,23,23,CACCTGCTTTGGTACCTTTT,0,4290595
yadI_predicted,0.041666666666666664,23,23,CACCCGGAAAGATTGTAATC,0,4296599
yadI_predicted,0.041666666666666664,23,23,CACCCCATGAAAGCTTTCGT,0,4299632
yadI_predicted,0.041666666666666664,23,23,CACAGCAGCGGAGTTGAGAA,0,4297823
yadI_predicted,0.041666666666666664,23,23,CACAAGAAGGGACAGCATCA,0,4318902
yadI_predicted,0.041666666666666664,23,23,CAATGACACACCTTTGGTCT,0,4322132
yadI_predicted,0.041666666666666664,23,23,CAATCGGGTACAAAAATCAG,0,4330313
yadI_predicted,0.041666666666666664,23,23,CAATAGGAGATCTCTCCACG,0,4307525
yadI_predicted,0.041666666666666664,23,23,CAAGCGGGCTCCTCATCTCA,0,4355800
yadI_predicted,0.041666666666666664,23,23,CAAACTTAAATTTCCATTCT,0,4313035
yadI_predicted,0.041666666666666664,23,23,ATTTATACGGTCAGACCTAA,0,4368867
yadI_predicted,0.041666666666666664,23,23,ATTTACAAAGCATGGTCCAG,0,4364008
yadI_predicted,0.041666666666666664,23,23,ATTCTGAGCTACCTCAATAG,0,4295227
yadI_predicted,0.041666666666666664,23,23,ATGTGTGCACGATAGGAGTC,0,4349411
yadI_predicted,0.041666666666666664,23,23,ATGCTATGGGGACGAGGATA,0,4351077
yadI_predicted,0.041666666666666664,23,23,ATGCGGTCGCATATGGGTCG,0,4333335
yadI_predicted,0.041666666666666664,23,23,ATCTTATGCTATCACTGGGG,0,4323750
yadI_predicted,0.041666666666666664,23,23,ATCTTAATGTATGAGAAAGA,0,4350700
yadI_predicted,0.041666666666666664,23,23,ATCTGAGCGGGTTCCTCGAC,0,4351201
yadI_predicted,0.041666666666666664,23,23,ATCGGTGTACAGTTTGGACT,0,4289893
yadI_predicted,0.041666666666666664,23,23,ATCACACGGCTCTTCGTTGA,0,4318957
yadI_predicted,0.041666666666666664,23,23,ATATTTGGGCACTGTCCGGT,0,4353018
yadI_predicted,0.041666666666666664,23,23,ATAGTTCCCGATCACTATTG,0,4291234
yadI_predicted,0.041666666666666664,23,23,ATAGGGACGGGTATGGCAGG,0,4342233
yadI_predicted,0.041666666666666664,23,23,ATACGCTGCTAAACACCTGT,0,4330567
yadI_predicted,0.041666666666666664,23,23,ATACAAGCATTTCGGCGGTA,0,4322199
yadI_predicted,0.041666666666666664,23,23,ATAACTGGAAACCTCGAAGT,0,4329832
yadI_predicted,0.041666666666666664,23,23,ATAACCGTCAAGAACGGTTC,0,4294828
yadI_predicted,0.041666666666666664,23,23,AGTTTAGGGGTCTTAGCGTT,0,4354662
yadI_predicted,0.041666666666666664,23,23,AGTGGCAGTTAAGCGTTTGC,0,4316944
yadI_predicted,0.041666666666666664,23,23,AGGTATATCGGATCCAAGAT,0,4366539
yadI_predicted,0.041666666666666664,23,23,AGGGGCTCACCGCTGAGGAC,0,4286052
yadI_predicted,0.041666666666666664,23,23,AGGCCTGACTTGTCGCCTAA,0,4320664
yadI_predicted,0.041666666666666664,23,23,AGGAGCCCGAGAGGGCTGAT,0,4287615
yadI_predicted,0.041666666666666664,23,23,AGGAAACGGTGAAAGGGCTA,0,4297126
yadI_predicted,0.041666666666666664,23,23,AGCTTCGGAAGACATGACAC,0,4352498
yadI_predicted,0.041666666666666664,23,23,AGCTATGGGACGCAGGTAGT,0,4304556
yadI_predicted,0.041666666666666664,23,23,AGCCGATGAGGTAAATCTTT,0,4305395
yadI_predicted,0.041666666666666664,23,23,AGCCCTGGCTCACACATAAA,0,4294432
yadI_predicted,0.041666666666666664,23,23,AGCCATCAGGCATAACGATA,0,4321081
yadI_predicted,0.041666666666666664,23,23,AGCAGTGGCGGGTGTTTGAA,0,4295806
yadI_predicted,0.041666666666666664,23,23,AGCACTGGAGAAGGAGGAGG,0,4317165
yadI_predicted,0.041666666666666664,23,23,AGCACGTGCAAAAAGCCAAT,0,4284708
yadI_predicted,0.041666666666666664,23,23,AGATGTAGTTACGTGTATCA,0,4324496
yadI_predicted,0.041666666666666664,23,23,AGATATATCTGGCCTGATCA,0,4325191
yadI_predicted,0.041666666666666664,23,23,ACTTTTTCAAGTGAAGACTC,0,4304906
yadI_predicted,0.041666666666666664,23,23,ACTTATTTTCAAACCAAATG,0,4327149
yadI_predicted,0.041666666666666664,23,23,ACTGGCGGGACCAAACCATT,0,4310276
yadI_predicted,0.041666666666666664,23,23,ACGGTGTTGTCGGAGTCTAC,0,4290407
yadI_predicted,0.041666666666666664,23,23,ACGGGTTGTGTGGTTAGTAT,0,4327460
yadI_predicted,0.041666666666666664,23,23,ACGGGGGTGGTCATTACATA,0,4353091
yadI_predicted,0.041666666666666664,23,23,ACGCGGCATGCCAGAGGGTT,0,4354272
yadI_predicted,0.041666666666666664,23,23,ACGCCTCAGTAGCTCCATCC,0,4350886
yadI_predicted,0.041666666666666664,23,23,ACCTGTACATGCATGGATTA,0,4315445
yadI_predicted,0.041666666666666664,23,23,ACCAATCGAGCCTACCTCAG,0,4293246
yadI_predicted,0.041666666666666664,23,23,ACAGGGCCGGTCAAGTTCGA,0,4306402
yadI_predicted,0.041666666666666664,23,23,ACACGCGGAGGGCTTTCAAT,0,4319219
yadI_predicted,0.041666666666666664,23,23,ACAATAGACTTGCCCACTAT,0,4341838
yadI_predicted,0.041666666666666664,23,23,ACAACTGGAAGTCGATAGTA,0,4327234
yadI_predicted,0.041666666666666664,23,23,ACAACCGTAACGGCAGTCCC,0,4286961
yadI_predicted,0.041666666666666664,23,23,AATGATTAGGGTGGGCAGGT,0,4288188
yadI_predicted,0.041666666666666664,23,23,AATCTGGAACTTTTGATCGA,0,4293186
yadI_predicted,0.041666666666666664,23,23,AATATTCATGCACAGTTCAG,0,4297459
yadI_predicted,0.041666666666666664,23,23,AAGTGAAGTGGTGTGCCACT,0,4306923
yadI_predicted,0.041666666666666664,23,23,AAGTACGACGCTGGCGACCA,0,4326847
yadI_predicted,0.041666666666666664,23,23,AAGGAATACTCAGGGCTTGA,0,4318657
yadI_predicted,0.041666666666666664,23,23,AAGATTGAGTCAGGTAGTGG,0,4310830
yadI_predicted,0.041666666666666664,23,23,AACTTTGCCCTTGTCGATCA,0,4303726
yadI_predicted,0.041666666666666664,23,23,AACTGCTGTGGGAGTCTGGC,0,4360422
yadI_predicted,0.041666666666666664,23,23,AACGTGCAGACCTCAGAAGT,0,4314113
yadI_predicted,0.041666666666666664,23,23,AACCGCGCCCGTACGGCAAT,0,4349705
yadI_predicted,0.041666666666666664,23,23,AACACGGATTGACGCGAATG,0,4347075
yadI_predicted,0.041666666666666664,23,23,AAACCGGTGAAGGCTGCCGG,0,4343802
yadI_predicted,0.043478260869565216,22,22,TTTTGCTGCCGGGGCCGAGG,0,4310117
yadI_predicted,0.043478260869565216,22,22,TTTACGACTAAGTATTATGC,0,4359131
yadI_predicted,0.043478260869565216,22,22,TTGTTCCGCTTAGCCTGGCA,0,4309655
yadI_predicted,0.043478260869565216,22,22,TTGTACTAAAACGTATAATT,0,4308355
yadI_predicted,0.043478260869565216,22,22,TTGGGTTGGAGGCTTTTCAT,0,4284750
yadI_predicted,0.043478260869565216,22,22,TTGGGCGGCTTAAACTTTGT,0,4362625
yadI_predicted,0.043478260869565216,22,22,TTGGCATATAGAGGACTTGT,0,4347724
yadI_predicted,0.043478260869565216,22,22,TTGGAGCTTGGTCATCTGCC,0,4343804
yadI_predicted,0.043478260869565216,22,22,TTGACACGATTGGGCCGCGA,0,4347381
yadI_predicted,0.043478260869565216,22,22,TTCTAAGAGTACAAACGAAC,0,4358400
yadI_predicted,0.043478260869565216,22,22,TTCGAGTTAGAATGGAGTTG,0,4352751
yadI_predicted,0.043478260869565216,22,22,TTCCCCCCACGCCACTGGAC,0,4328194
yadI_predicted,0.043478260869565216,22,22,TTCATCGGTAGTGATACGAA,0,4368338
yadI_predicted,0.043478260869565216,22,22,TTATGGATGATAGACCCGAG,0,4306707
yadI_predicted,0.043478260869565216,22,22,TTACCTACTGCATTTGGTCC,0,4345039
yadI_predicted,0.043478260869565216,22,22,TTAATGTAGGCCGGGCTGCG,0,4331020
yadI_predicted,0.043478260869565216,22,22,TGTGTGTAGACTGCGGCGCT,0,4328834
yadI_predicted,0.043478260869565216,22,22,TGTGACTCCGTCATTAGGAC,0,4344073
yadI_predicted,0.043478260869565216,22,22,TGTGACTAGCTCCTGGTGGA,0,4347321
yadI_predicted,0.043478260869565216,22,22,TGTCGCATAATCTCCTCTAT,0,4357210
yadI_predicted,0.043478260869565216,22,22,TGTCCCTGCATGTACCAAGT,0,4332043
yadI_predicted,0.043478260869565216,22,22,TGTAGCCCGTGATCACGTGG,0,4328101
yadI_predicted,0.043478260869565216,22,22,TGTAGAAGTTTAAATTTTTG,0,4296674
yadI_predicted,0.043478260869565216,22,22,TGGTGGCTTAAGACAGCTTG,0,4329771
yadI_predicted,0.043478260869565216,22,22,TGCGCGAGCAGTGCAGGAGC,0,4368460
yadI_predicted,0.043478260869565216,22,22,TGCGACCAACAAAATAATGG,0,4311243
yadI_predicted,0.043478260869565216,22,22,TGCATTAAGGTTTAGTCCCA,0,4311294
yadI_predicted,0.043478260869565216,22,22,TGCAATATGTTAGCACACGT,0,4335701
yadI_predicted,0.043478260869565216,22,22,TGATATGGGTGGGGACCCGT,0,4340621
yadI_predicted,0.043478260869565216,22,22,TGAGGAGACGAGAGGCGATC,0,4326088
yadI_predicted,0.043478260869565216,22,22,TGACCTGCCGTCGAGGAAGT,0,4287466
yadI_predicted,0.043478260869565216,22,22,TGAAGTAATTGCGAGTAAAC,0,4344569
yadI_predicted,0.043478260869565216,22,22,TCTGGAGCCGCATGGCTAGA,0,4361383
yadI_predicted,0.043478260869565216,22,22,TCTCGTAGATGCGTTTTGCG,0,4352052
yadI_predicted,0.043478260869565216,22,22,TCTCCCCTCGGGTGATTTTT,0,4345233
yadI_predicted,0.043478260869565216,22,22,TCTCACGGATAGGGTAAATA,0,4363802
yadI_predicted,0.043478260869565216,22,22,TCGTGTTGGGCAGGTCACCT,0,4310457
yadI_predicted,0.043478260869565216,22,22,TCGCTGCGCTTGGGATCATA,0,4330424
yadI_predicted,0.043478260869565216,22,22,TCGAGTTCTCATAGTGGCGG,0,4310515
yadI_predicted,0.043478260869565216,22,22,TCCGTGCCACTTATCGCATC,0,4363743
yadI_predicted,0.043478260869565216,22,22,TCCGCTCCCAAATCGTCACA,0,4308788
yadI_predicted,0.043478260869565216,22,22,TCCGAGGACCGCCAGGGGAT,0,4316162
yadI_predicted,0.043478260869565216,22,22,TCCAGGAAGGTCGGCAGGAA,0,4306488
yadI_predicted,0.043478260869565216,22,22,TCAGTGTAATGGCCGCGGCG,0,4355051
yadI_predicted,0.043478260869565216,22,22,TCAGGTAGGATGGGTCTCGA,0,4320677
yadI_predicted,0.043478260869565216,22,22,TCAATGGTCGTAACTTATTG,0,4336187
yadI_predicted,0.043478260869565216,22,22,TCAAGTACTCTACACGCGTA,0,4332289
yadI_predicted,0.043478260869565216,22,22,TCAAAGCAGTCTCCCACGCA,0,4328396
yadI_predicted,0.043478260869565216,22,22,TATTGTTGCATCTTTGCTGG,0,4329779
yadI_predicted,0.043478260869565216,22,22,TATTCGATTAAGGATCCCAC,0,4338910
yadI_predicted,0.043478260869565216,22,22,TATTCACGTTAGGCGTCCCA,0,4288432
yadI_predicted,0.043478260869565216,22,22,TATCTTCAGTCCACCGAACT,0,4315558
yadI_predicted,0.043478260869565216,22,22,TATCTCAACCCAGAAGTGAT,0,4310074
yadI_predicted,0.043478260869565216,22,22,TATCAAGCGGCCTCTGGCGC,0,4324824
yadI_predicted,0.043478260869565216,22,22,TATATAGATAGCCTTCACGA,0,4346312
yadI_predicted,0.043478260869565216,22,22,TAGCGGCGTGATGAAGACAC,0,4300448
yadI_predicted,0.043478260869565216,22,22,TACGAGAGGCCACTGTGACA,0,4291678
yadI_predicted,0.043478260869565216,22,22,TACCGGCTAGTACTGGTAAT,0,4310192
yadI_predicted,0.043478260869565216,22,22,TACCCATAACGTGTGAAGAA,0,4329209
yadI_predicted,0.043478260869565216,22,22,TAATATTAGCAACGACCTGG,0,4311931
yadI_predicted,0.043478260869565216,22,22,TAATACACACTGAGGCGTAG,0,4352170
yadI_predicted,0.043478260869565216,22,22,TAAGGCCTACTGTAACGTAT,0,4349253
yadI_predicted,0.043478260869565216,22,22,TAAAGCACATAGGATTAAGA,0,4324408
yadI_predicted,0.043478260869565216,22,22,GTTGTTTAATATTATCTTTT,0,4287069
yadI_predicted,0.043478260869565216,22,22,GTGTGGAACTCGCACCTTCT,0,4296411
yadI_predicted,0.043478260869565216,22,22,GTGTCCCGAGTATGACGTTG,0,4349277
yadI_predicted,0.043478260869565216,22,22,GTGGATCCTTGGTGCACAAA,0,4356954
yadI_predicted,0.043478260869565216,22,22,GTGCTGTAACGTCGAATCCT,0,4345471
yadI_predicted,0.043478260869565216,22,22,GTCTAACGCGTCCGCATGTG,0,4304270
yadI_predicted,0.043478260869565216,22,22,GTCGGTTCAGATACCCTAGA,0,4306965
yadI_predicted,0.043478260869565216,22,22,GTCAGTCTACGGAGTCAAGT,0,4311542
yadI_predicted,0.043478260869565216,22,22,GTCAATTTAGTTATTATTCT,0,4346153
yadI_predicted,0.043478260869565216,22,22,GTACTACGACTACACCAAAG,0,4318418
yadI_predicted,0.043478260869565216,22,22,GTAACTATGGACACTACTGG,0,4322792
yadI_predicted,0.043478260869565216,22,22,GGTTGCTAGAGGCACGATCA,0,4296219
yadI_predicted,0.043478260869565216,22,22,GGTTAGATCGGCTCCGGAGG,0,4292340
yadI_predicted,0.043478260869565216,22,22,GGTAATAGATTGTGTGTATG,0,4310949
yadI_predicted,0.043478260869565216,22,22,GGGTGACTTTTCATCGCCTG,0,4326902
yadI_predicted,0.043478260869565216,22,22,GGGGCTACTAACTCTCGATG,0,4292344
yadI_predicted,0.043478260869565216,22,22,GGGGCGTCCCGCTTTCAAAT,0,4321428
yadI_predicted,0.043478260869565216,22,22,GGGGCGGCTGGTGCTAGAAT,0,4354279
yadI_predicted,0.043478260869565216,22,22,GGGCTGGGGGTCGTCCAGCC,0,4322749
yadI_predicted,0.043478260869565216,22,22,GGGCGGTCTCAAGTAAGGCA,0,4298966
yadI_predicted,0.043478260869565216,22,22,GGGAGAGTGAGGGAGTAGAT,0,4289106
yadI_predicted,0.043478260869565216,22,22,GGCTGAGTGCCCAACATCAC,0,4353251
yadI_predicted,0.043478260869565216,22,22,GGCTCGTATACAGCCGCGTA,0,4329764
yadI_predicted,0.043478260869565216,22,22,GGCGGATTGGCAAAGAATCA,0,4314418
yadI_predicted,0.043478260869565216,22,22,GGCAATAAGAGAGCAATACT,0,4293189
yadI_predicted,0.043478260869565216,22,22,GGATCTAGGTCAATTCCTTA,0,4350162
yadI_predicted,0.043478260869565216,22,22,GGATCAGGGAATCAACATGA,0,4335990
yadI_predicted,0.043478260869565216,22,22,GGAGGGAAACAAAGCATATT,0,4367885
yadI_predicted,0.043478260869565216,22,22,GGACAGCACTCATAGTTCGA,0,4316340
yadI_predicted,0.043478260869565216,22,22,GGAAGTCCTGAGTGGAGCTG,0,4350651
yadI_predicted,0.043478260869565216,22,22,GGAAATGGTACCGTCGTCGG,0,4320700
yadI_predicted,0.043478260869565216,22,22,GCTTTCGGAATATTCTATAG,0,4320705
yadI_predicted,0.043478260869565216,22,22,GCTTCCGGCCCTATTTATAT,0,4366411
yadI_predicted,0.043478260869565216,22,22,GCTGCTGTACATCCGCGGGC,0,4321797
yadI_predicted,0.043478260869565216,22,22,GCTGATTTACGAACAATACA,0,4369607
yadI_predicted,0.043478260869565216,22,22,GCTGATCACAGACGACTCAA,0,4325505
yadI_predicted,0.043478260869565216,22,22,GCTAAGAGTAGTGTAGCGCG,0,4361337
yadI_predicted,0.043478260869565216,22,22,GCGTGTCATTGATACATATC,0,4289164
yadI_predicted,0.043478260869565216,22,22,GCGTCAAAGTAGACTGTTAG,0,4365846
yadI_predicted,0.043478260869565216,22,22,GCGGATTACTTTAGACTTAT,0,4316417
yadI_predicted,0.043478260869565216,22,22,GCCATTTCAGTCTTGAACTT,0,4361469
yadI_predicted,0.043478260869565216,22,22,GCCAGGTGAGGGGCTATGAG,0,4285911
yadI_predicted,0.043478260869565216,22,22,GCATAGATGCGAGTTGTCAA,0,4351339
yadI_predicted,0.043478260869565216,22,22,GCAGTGATGTCTGTCCCAGA,0,4323455
yadI_predicted,0.043478260869565216,22,22,GCACAAGTGCTAAATTAGCA,0,4291706
yadI_predicted,0.043478260869565216,22,22,GCAATTACGGTCTGTTCATC,0,4299180
yadI_predicted,0.043478260869565216,22,22,GATCCCGTTTATGTCCGAAA,0,4318237
yadI_predicted,0.043478260869565216,22,22,GATAACTCCAATGCCTGTCC,0,4341444
yadI_predicted,0.043478260869565216,22,22,GAGGGGGATTATACGCTCGC,0,4351534
yadI_predicted,0.043478260869565216,22,22,GAGCCCCAGCAGACTGTCTA,0,4358995
yadI_predicted,0.043478260869565216,22,22,GACCCGTGGTAGCGTGCGTG,0,4288063
yadI_predicted,0.043478260869565216,22,22,GACCCCAAGCCGTACGTTCC,0,4306614
yadI_predicted,0.043478260869565216,22,22,GACCCATCCCAAAGGATGTG,0,4353951
yadI_predicted,0.043478260869565216,22,22,GACAACACCCCGCGGTAAGA,0,4356592
yadI_predicted,0.043478260869565216,22,22,GAAGTCGGGAAGCACCTTGT,0,4314237
yadI_predicted,0.043478260869565216,22,22,GAAAGTTGTTTCTTCGGGTG,0,4322279
yadI_predicted,0.043478260869565216,22,22,GAAAGGGGGAGATCGTGATT,0,4364749
yadI_predicted,0.043478260869565216,22,22,CTTGATAACCTCGCCGAGAG,0,4320788
yadI_predicted,0.043478260869565216,22,22,CTTCTGGGGCGGGTTGCGTG,0,4356855
yadI_predicted,0.043478260869565216,22,22,CTGTCTAACATTCGGCGGCT,0,4321424
yadI_predicted,0.043478260869565216,22,22,CTGGATTCGGCTTAGTTGAT,0,4365476
yadI_predicted,0.043478260869565216,22,22,CTGCACGACAGTAGGGATAA,0,4291681
yadI_predicted,0.043478260869565216,22,22,CTCGGGCAACCGGGTCATTT,0,4341591
yadI_predicted,0.043478260869565216,22,22,CTCCGGTAAGTGGGAAGATT,0,4339966
yadI_predicted,0.043478260869565216,22,22,CTCCAGCGCTCCGATTAGTC,0,4316711
yadI_predicted,0.043478260869565216,22,22,CTAGGCGGCTTCTCATGGAT,0,4361829
yadI_predicted,0.043478260869565216,22,22,CTACTGGTCGGCCAGCCCTT,0,4289007
yadI_predicted,0.043478260869565216,22,22,CTACGATATCACTAGCCGGA,0,4360790
yadI_predicted,0.043478260869565216,22,22,CGTTGTCTCGTGTCTACTGG,0,4344610
yadI_predicted,0.043478260869565216,22,22,CGGTTAATTCAGACAAATCC,0,4297652
yadI_predicted,0.043478260869565216,22,22,CGGGCGCGATTCTCTATGTG,0,4356914
yadI_predicted,0.043478260869565216,22,22,CGCGCTCCTGCGTTAGCTAC,0,4326541
yadI_predicted,0.043478260869565216,22,22,CGCAATGACCGAGCCCGTTA,0,4350364
yadI_predicted,0.043478260869565216,22,22,CGCAATCCGGACTCGGTACG,0,4319909
yadI_predicted,0.043478260869565216,22,22,CGCAAATCTTCAAATTACTA,0,4358302
yadI_predicted,0.043478260869565216,22,22,CGATCTGCAATAGACCGAAG,0,4355808
yadI_predicted,0.043478260869565216,22,22,CGATATCTTAAGGAGGTACT,0,4327322
yadI_predicted,0.043478260869565216,22,22,CGAGTGTCCTAAGAGTTGGA,0,4361590
yadI_predicted,0.043478260869565216,22,22,CGACGCGGCAAGTCGTTCGG,0,4343250
yadI_predicted,0.043478260869565216,22,22,CGACACTGAGATAATGGTTT,0,4292226
yadI_predicted,0.043478260869565216,22,22,CGAATATCTTCAATATACAA,0,4342140
yadI_predicted,0.043478260869565216,22,22,CGAAACTGTAACGACGGTCC,0,4369454
yadI_predicted,0.043478260869565216,22,22,CCTTTAGCTCAGCCTGAAAT,0,4287386
yadI_predicted,0.043478260869565216,22,22,CCTTGTGGCACTCATCCTAC,0,4309468
yadI_predicted,0.043478260869565216,22,22,CCTGGGTCAATTGGTTTTAG,0,4307072
yadI_predicted,0.043478260869565216,22,22,CCTGCTGCTTGGAAACGATT,0,4343082
yadI_predicted,0.043478260869565216,22,22,CCTCGATTCGTACCGGGCAG,0,4303733
yadI_predicted,0.043478260869565216,22,22,CCGTTGGGCTTGGTCGGGCT,0,4314129
yadI_predicted,0.043478260869565216,22,22,CCGAGGGATGTAAGCAATAA,0,4284366
yadI_predicted,0.043478260869565216,22,22,CCGAGAAGTTTTCTGGGGTC,0,4321724
yadI_predicted,0.043478260869565216,22,22,CCCTTGGTGTCTAGTGAGAC,0,4353810
yadI_predicted,0.043478260869565216,22,22,CCCGTCAGTGAGCATGTCTC,0,4359771
yadI_predicted,0.043478260869565216,22,22,CCCGGTCATACTACATCATG,0,4300317
yadI_predicted,0.043478260869565216,22,22,CCCGCTATTCTCTCGTCCCA,0,4357152
yadI_predicted,0.043478260869565216,22,22,CCCCGTGACGCCAGACTGTG,0,4341186
yadI_predicted,0.043478260869565216,22,22,CCCCGGATAATTCTCACTCC,0,4297419
yadI_predicted,0.043478260869565216,22,22,CCCCGAGGGCTTCCCTACTA,0,4305151
yadI_predicted,0.043478260869565216,22,22,CCCCCTTTAATGTTCATGCA,0,4292082
yadI_predicted,0.043478260869565216,22,22,CCCAGCAAGCGATCCTGTTT,0,4333858
yadI_predicted,0.043478260869565216,22,22,CCATTGCAATCCCTTATGTC,0,4292486
yadI_predicted,0.043478260869565216,22,22,CCATGCCTAATAGACTGTAT,0,4333543
yadI_predicted,0.043478260869565216,22,22,CCAATAGTACCGAGGCGCTA,0,4352859
yadI_predicted,0.043478260869565216,22,22,CCAAGCATTCCCACCGGTCG,0,4348851
yadI_predicted,0.043478260869565216,22,22,CCAAATTGACATGCGGTCTT,0,4345341
yadI_predicted,0.043478260869565216,22,22,CCAAATAGTGCTTATGTTCA,0,4334027
yadI_predicted,0.043478260869565216,22,22,CATTTGATAGCAATTGACAG,0,4305517
yadI_predicted,0.043478260869565216,22,22,CATTCTGGTAAGATGCGCCA,0,4342932
yadI_predicted,0.043478260869565216,22,22,CATCGGGGATTTACGCCAAA,0,4348754
yadI_predicted,0.043478260869565216,22,22,CATAGCCGCCGACCACCCGA,0,4358375
yadI_predicted,0.043478260869565216,22,22,CATACTAATCGCCACGGAAG,0,4335158
yadI_predicted,0.043478260869565216,22,22,CATAAAGTAATCGTGGGTTC,0,4358713
yadI_predicted,0.043478260869565216,22,22,CAGTGGTCTCAACGTACAAA,0,4308984
yadI_predicted,0.043478260869565216,22,22,CAGGCACGGAGTCAGCGAAG,0,4318900
yadI_predicted,0.043478260869565216,22,22,CAGCCATGAGCGACCGACTT,0,4310404
yadI_predicted,0.043478260869565216,22,22,CACTTTCTGGGGGCAAGGTT,0,4311934
yadI_predicted,0.043478260869565216,22,22,CACTTCTAGAGCTCGATCTG,0,4285048
yadI_predicted,0.043478260869565216,22,22,CACTCCGCCTCAAACGAGTT,0,4368309
yadI_predicted,0.043478260869565216,22,22,CACGTCTCATGTGAGTTCAG,0,4317157
yadI_predicted,0.043478260869565216,22,22,CACGGAAAGACACAACGCAA,0,4321723
yadI_predicted,0.043478260869565216,22,22,CACACAATAGTCGAATCGCA,0,4323989
yadI_predicted,0.043478260869565216,22,22,CAAGGTTCGGTGCGTGCGGT,0,4301053
yadI_predicted,0.043478260869565216,22,22,CAAGGGAATGCGTCCAACTA,0,4364540
yadI_predicted,0.043478260869565216,22,22,ATTCGCTGCAGAATAGGGCA,0,4367544
yadI_predicted,0.043478260869565216,22,22,ATTATCTGTGCTGCGGTTAA,0,4288741
yadI_predicted,0.043478260869565216,22,22,ATTAACGGTTCGGGTCGTTA,0,4297769
yadI_predicted,0.043478260869565216,22,22,ATGTAATGTATTGAGGCCCT,0,4289975
yadI_predicted,0.043478260869565216,22,22,ATGGGTTTGCTGTTATTTTC,0,4332403
yadI_predicted,0.043478260869565216,22,22,ATGGGTCCGAACGGGAACCC,0,4290657
yadI_predicted,0.043478260869565216,22,22,ATGCACTGTACATTGGGTTA,0,4367607
yadI_predicted,0.043478260869565216,22,22,ATGCAAGGAAAGCTGTTGAA,0,4297829
yadI_predicted,0.043478260869565216,22,22,ATGAGAGAGATGCATGACCT,0,4339880
yadI_predicted,0.043478260869565216,22,22,ATCTCTGGTCAGCGCAACCA,0,4336385
yadI_predicted,0.043478260869565216,22,22,ATCATATGGCTGTCTGCAGC,0,4304097
yadI_predicted,0.043478260869565216,22,22,ATCAAAGGCGAGCAGTCGGT,0,4362472
yadI_predicted,0.043478260869565216,22,22,ATCAAAGCAGGTCCAGGTCT,0,4335924
yadI_predicted,0.043478260869565216,22,22,ATATCCAGGATTATATGCAG,0,4362142
yadI_predicted,0.043478260869565216,22,22,ATACCTTTAGCAACATCATA,0,4319438
yadI_predicted,0.043478260869565216,22,22,ATAATTATAATCCTAACCAC,0,4302207
yadI_predicted,0.043478260869565216,22,22,AGTTTTGTGTCGTCAGGCGT,0,4330434
yadI_predicted,0.043478260869565216,22,22,AGTTTAATGAGCGAGTCCCT,0,4338497
yadI_predicted,0.043478260869565216,22,22,AGTGTAATAGCAAATGGCCT,0,4327338
yadI_predicted,0.043478260869565216,22,22,AGTGCAGAGCAGCTTATAAA,0,4329256
yadI_predicted,0.043478260869565216,22,22,AGTCCACGTGACAATGGTGT,0,4342887
yadI_predicted,0.043478260869565216,22,22,AGTATTTTGTAAGCGTGAAA,0,4350821
yadI_predicted,0.043478260869565216,22,22,AGGTTTGTCGCCGCAAGCGG,0,4349278
yadI_predicted,0.043478260869565216,22,22,AGGTCATGAACGAACGTCGG,0,4345199
yadI_predicted,0.043478260869565216,22,22,AGGATTTCATATTTCATGAG,0,4369287
yadI_predicted,0.043478260869565216,22,22,AGCTTTGAACAAGGTGCTCA,0,4299002
yadI_predicted,0.043478260869565216,22,22,AGCGGCTGCAACGTCGGAAT,0,4357538
yadI_predicted,0.043478260869565216,22,22,AGCGGACAATGGCATTGCGG,0,4322751
yadI_predicted,0.043478260869565216,22,22,AGCCGCATTCAGATCTGTTT,0,4336316
yadI_predicted,0.043478260869565216,22,22,AGCATGGCGCGTCTGAGGGG,0,4301224
yadI_predicted,0.043478260869565216,22,22,AGCACATTATCTTTTGAATA,0,4361472
yadI_predicted,0.043478260869565216,22,22,AGCAACGCAGGCGATTTCCT,0,4285345
yadI_predicted,0.043478260869565216,22,22,AGATACACGCAGATCCATCA,0,4321990
yadI_predicted,0.043478260869565216,22,22,AGACTGTACTATAGTAGGTC,0,4292731
yadI_predicted,0.043478260869565216,22,22,AGACGCGAGCGATGGTTGGT,0,4339739
yadI_predicted,0.043478260869565216,22,22,AGACCATATACGGAAGATGG,0,4290896
yadI_predicted,0.043478260869565216,22,22,ACTTTTACTCAACTAACCTG,0,4343185
yadI_predicted,0.043478260869565216,22,22,ACTGGTTTCAGTAGTGGTAT,0,4322754
yadI_predicted,0.043478260869565216,22,22,ACTGCACAACCGGGAGCGGG,0,4313604
yadI_predicted,0.043478260869565216,22,22,ACTGAAGGTTCGATGTAAGG,0,4308582
yadI_predicted,0.043478260869565216,22,22,ACTCTTGTATCAGGCCGGGT,0,4303767
yadI_predicted,0.043478260869565216,22,22,ACTCTGTCCTACTATGCAAG,0,4347317
yadI_predicted,0.043478260869565216,22,22,ACTACGGCCCAGAAACTGGT,0,4355360
yadI_predicted,0.043478260869565216,22,22,ACGTTGCTGCCGACGGGTGT,0,4333181
yadI_predicted,0.043478260869565216,22,22,ACGTCCTCTAGGGTAATTTG,0,4317335
yadI_predicted,0.043478260869565216,22,22,ACGGATTGACTACGTTTACG,0,4296229
yadI_predicted,0.043478260869565216,22,22,ACCTGGCTTGTTACCGTCGT,0,4299561
yadI_predicted,0.043478260869565216,22,22,ACCTCTAGATAGCATACGCG,0,4303098
yadI_predicted,0.043478260869565216,22,22,ACCCATTTTCTTCGTGACCT,0,4359178
yadI_predicted,0.043478260869565216,22,22,ACCACATTACTATTCATAAA,0,4330472
yadI_predicted,0.043478260869565216,22,22,ACATGATGATATAAGGAGCT,0,4363037
yadI_predicted,0.043478260869565216,22,22,ACAGCCCAACAGTTGCGGCC,0,4328584
yadI_predicted,0.043478260869565216,22,22,AATTGTTGTCACAGTTCGCA,0,4318079
yadI_predicted,0.043478260869565216,22,22,AATGTGCGGGCTGAGGTATA,0,4357998
yadI_predicted,0.043478260869565216,22,22,AATGCGAGGGCGTGGCTGTG,0,4365532
yadI_predicted,0.043478260869565216,22,22,AATCCCGATTGGGTTCTGTT,0,4364283
yadI_predicted,0.043478260869565216,22,22,AATAAAATAAGACAGGCGAC,0,4346941
yadI_predicted,0.043478260869565216,22,22,AAGTTTTGCTCACACTGCGA,0,4365841
yadI_predicted,0.043478260869565216,22,22,AAGGGAGCGCGCGAGACGGT,0,4324207
yadI_predicted,0.043478260869565216,22,22,AAGGCGGGAACAATGGCCGC,0,4298418
yadI_predicted,0.043478260869565216,22,22,AACGTACTCGTCCTAAAGCT,0,4334741
yadI_predicted,0.043478260869565216,22,22,AACGGGGGAGCAGAATTTGT,0,4358722
yadI_predicted,0.043478260869565216,22,22,AACCCGCACGCCAAGGGTAG,0,4343741
yadI_predicted,0.043478260869565216,22,22,AACACACCGTTTTGCGTTTA,0,4351118
yadI_predicted,0.043478260869565216,22,22,AACAATTTTCAGCGTTACCA,0,4334659
yadI_predicted,0.043478260869565216,22,22,AAATTGTGTATCTAAGAATT,0,4364064
yadI_predicted,0.043478260869565216,22,22,AAAGTTGCTCTAAACAATCT,0,4321065
yadI_predicted,0.043478260869565216,22,22,AAAGATGAGAGAGTACTAAA,0,4354658
yadI_predicted,0.043478260869565216,22,22,AAACGGCAGGCTAGATCCAG,0,4369343
yadI_predicted,0.043478260869565216,22,22,AAACATAAGTAGCTGAAGAT,0,4314004
yadI_predicted,0.043478260869565216,22,22,AAAACATGCAGGACAACCGG,0,4360909
yadI_predicted,0.045454545454545456,21,21,TTTGACAATTTATTGTGGGT,0,4293018
yadI_predicted,0.045454545454545456,21,21,TTTCAGCTGGGATTCATGCT,0,4359869
yadI_predicted,0.045454545454545456,21,21,TTTAACGGTAATACTTATTA,0,4352261
yadI_predicted,0.045454545454545456,21,21,TTGTTCAGAAATCATCTATA,0,4336444
yadI_predicted,0.045454545454545456,21,21,TTGCGTTCCTTAGCCAGTGA,0,4310172
yadI_predicted,0.045454545454545456,21,21,TTGCGGATAAGACCTGGCTG,0,4350072
yadI_predicted,0.045454545454545456,21,21,TTGCCTACAACCCGATATGT,0,4322874
yadI_predicted,0.045454545454545456,21,21,TTGCCGGCTAGAGCTCGCGC,0,4299640
yadI_predicted,0.045454545454545456,21,21,TTGACATTGAATTTCATGGA,0,4349559
yadI_predicted,0.045454545454545456,21,21,TTGACAATGGACAGATCTTT,0,4296461
yadI_predicted,0.045454545454545456,21,21,TTCGCGCACTATATCGCGGA,0,4298695
yadI_predicted,0.045454545454545456,21,21,TTCAAGCGTATTCGACCCGC,0,4299829
yadI_predicted,0.045454545454545456,21,21,TTATATTCCGGAGGGGACGG,0,4358534
yadI_predicted,0.045454545454545456,21,21,TTACAGGTTATTGGTCCCTG,0,4303868
yadI_predicted,0.045454545454545456,21,21,TTAAGGTACTTTATGAACCA,0,4339177
yadI_predicted,0.045454545454545456,21,21,TTAAGATATGCACTTCTTTA,0,4310824
yadI_predicted,0.045454545454545456,21,21,TTAAATCTCCTCCTTTCAAG,0,4289807
yadI_predicted,0.045454545454545456,21,21,TTAAAGGGCTCCATTCGCAA,0,4360733
yadI_predicted,0.045454545454545456,21,21,TGTGTTAACCGTACTCACGA,0,4288493
yadI_predicted,0.045454545454545456,21,21,TGTGGGCTTCTGATGAAAAA,0,4336913
yadI_predicted,0.045454545454545456,21,21,TGTCAACGCATCCGCCATAT,0,4341891
yadI_predicted,0.045454545454545456,21,21,TGGTTGCTTCGGTTTACGTT,0,4330160
yadI_predicted,0.045454545454545456,21,21,TGGGTTCCTTCGAAGGCCGG,0,4363407
yadI_predicted,0.045454545454545456,21,21,TGGGCTCGGCGGTAGGTTCC,0,4334835
yadI_predicted,0.045454545454545456,21,21,TGGAAGACCAAGCGTAGATA,0,4285000
yadI_predicted,0.045454545454545456,21,21,TGCTGTTGTTACACAAACAG,0,4325940
yadI_predicted,0.045454545454545456,21,21,TGCGGCGAACGATGAAAGAA,0,4286300
yadI_predicted,0.045454545454545456,21,21,TGATGTTTCAAAGCACGTCT,0,4308834
yadI_predicted,0.045454545454545456,21,21,TGATAGAGGAAACTCTTTCC,0,4336266
yadI_predicted,0.045454545454545456,21,21,TGATACTAGCATTTGCGTCC,0,4302099
yadI_predicted,0.045454545454545456,21,21,TGAGCGTTCCACCGGTACGG,0,4289648
yadI_predicted,0.045454545454545456,21,21,TGACGTGCAAGATTAGTTGA,0,4364784
yadI_predicted,0.045454545454545456,21,21,TGACCACAGACAATTAACTT,0,4340820
yadI_predicted,0.045454545454545456,21,21,TCTTGCGCCTCCCCCATCTG,0,4364175
yadI_predicted,0.045454545454545456,21,21,TCTTACCGTGGACATGTTGG,0,4362718
yadI_predicted,0.045454545454545456,21,21,TCTGTGTGTAGTCCATGAGA,0,4361519
yadI_predicted,0.045454545454545456,21,21,TCTGGCATAGGTTCGTAGAA,0,4367553
yadI_predicted,0.045454545454545456,21,21,TCTATAGAACCTATCCGGTA,0,4336517
yadI_predicted,0.045454545454545456,21,21,TCTAGGTACAGAATTGGTTT,0,4289673
yadI_predicted,0.045454545454545456,21,21,TCTACTTAGCGCCTTTGCAA,0,4342129
yadI_predicted,0.045454545454545456,21,21,TCTAATTTAGGCGTCGGATT,0,4357247
yadI_predicted,0.045454545454545456,21,21,TCGTTCGTGCCCCTGTTTAT,0,4289910
yadI_predicted,0.045454545454545456,21,21,TCGTGTAGACGATTGCCAAT,0,4351626
yadI_predicted,0.045454545454545456,21,21,TCGTCACCGGTATGTAGTGT,0,4298033
yadI_predicted,0.045454545454545456,21,21,TCGTAATGGCGTGCTCCGCT,0,4286308
yadI_predicted,0.045454545454545456,21,21,TCGGATATTGATAAAAGGGG,0,4306295
yadI_predicted,0.045454545454545456,21,21,TCGCTGGTAGTTTCACACTC,0,4358248
yadI_predicted,0.045454545454545456,21,21,TCGATCGAGCATACCTCGAA,0,4341065
yadI_predicted,0.045454545454545456,21,21,TCCTCTTGAGTTTTCACTAA,0,4346040
yadI_predicted,0.045454545454545456,21,21,TCCTAATCCGCGACCCTGAG,0,4335678
yadI_predicted,0.045454545454545456,21,21,TCCGGGTAGCCCCTCGTTGA,0,4352376
yadI_predicted,0.045454545454545456,21,21,TCCATTCCCAAAAGACCCAC,0,4300851
yadI_predicted,0.045454545454545456,21,21,TCCAGAGGTATTGCAGAAGG,0,4326637
yadI_predicted,0.045454545454545456,21,21,TCATGCGAGTCACATAAGGA,0,4294226
yadI_predicted,0.045454545454545456,21,21,TCATCCGTTCCCAATAAGCT,0,4286845
yadI_predicted,0.045454545454545456,21,21,TCATCCCGATCACCTGAGTT,0,4350353
yadI_predicted,0.045454545454545456,21,21,TCATAGGACCTCTTAGAGAA,0,4365280
yadI_predicted,0.045454545454545456,21,21,TCAGGGGGATGCACTATTTC,0,4323746
yadI_predicted,0.045454545454545456,21,21,TCACTCACATTGCCTCGACC,0,4369167
yadI_predicted,0.045454545454545456,21,21,TCAATTATGGAAGGCAGGTG,0,4301227
yadI_predicted,0.045454545454545456,21,21,TATTCAATGGGAAGCGCAAG,0,4302781
yadI_predicted,0.045454545454545456,21,21,TATGGACGGACTGTTAAAAT,0,4344323
yadI_predicted,0.045454545454545456,21,21,TATCCTTACTACATCGTTTC,0,4311533
yadI_predicted,0.045454545454545456,21,21,TATATGGTAAGCCAGTGACA,0,4289063
yadI_predicted,0.045454545454545456,21,21,TATATCGCTTACCAAAACAC,0,4365660
yadI_predicted,0.045454545454545456,21,21,TAGGTGGAGTATGATGCTGA,0,4367199
yadI_predicted,0.045454545454545456,21,21,TAGCGCAACCAAATTCAATA,0,4334103
yadI_predicted,0.045454545454545456,21,21,TAGATCCCACAGGGTATCGT,0,4323226
yadI_predicted,0.045454545454545456,21,21,TAGAAGACTCTGCATAATCT,0,4368912
yadI_predicted,0.045454545454545456,21,21,TACTTCTTGGCTATCGAAGT,0,4330049
yadI_predicted,0.045454545454545456,21,21,TACTTCATTAAAATGTAAGA,0,4350649
yadI_predicted,0.045454545454545456,21,21,TACCGGTCCAACAATCAAGC,0,4323114
yadI_predicted,0.045454545454545456,21,21,TACCCCCCAGCTGCATATTT,0,4357634
yadI_predicted,0.045454545454545456,21,21,TACAGCAATACCCTCTGTCT,0,4303506
yadI_predicted,0.045454545454545456,21,21,TAATGAATCAATCTAGCAGT,0,4295746
yadI_predicted,0.045454545454545456,21,21,TAAGTACCCCCACATAGCGT,0,4324008
yadI_predicted,0.045454545454545456,21,21,GTTTGTCAGTGATTACGTTG,0,4296797
yadI_predicted,0.045454545454545456,21,21,GTTCCTCGGCGGTATGGATC,0,4285002
yadI_predicted,0.045454545454545456,21,21,GTGGAAGTATGAGATTCCAT,0,4301940
yadI_predicted,0.045454545454545456,21,21,GTGATGCACAGCTTTGCGGT,0,4287517
yadI_predicted,0.045454545454545456,21,21,GTGAGCTCGACGTCCTACGT,0,4353272
yadI_predicted,0.045454545454545456,21,21,GTGACTTTAGAGGAAATCGC,0,4300058
yadI_predicted,0.045454545454545456,21,21,GTCTTGTCTGGATATTACTT,0,4348899
yadI_predicted,0.045454545454545456,21,21,GTCTGGCGATACGTGAACTT,0,4298913
yadI_predicted,0.045454545454545456,21,21,GTCTGATGTTAGATCAGAGT,0,4319692
yadI_predicted,0.045454545454545456,21,21,GTCGGGAACCAGAGAACGCT,0,4346755
yadI_predicted,0.045454545454545456,21,21,GTCCTGAGCCATTTGTCTTG,0,4334894
yadI_predicted,0.045454545454545456,21,21,GTCCCTTGGGTTTCTCTAAA,0,4320955
yadI_predicted,0.045454545454545456,21,21,GTCCCTGAATTACTCCATGG,0,4295137
yadI_predicted,0.045454545454545456,21,21,GTCCAGGCGAGCCTTATTTA,0,4354861
yadI_predicted,0.045454545454545456,21,21,GTCATCGCATCGTGATTACC,0,4319318
yadI_predicted,0.045454545454545456,21,21,GTCAATGGCAGTATGAACAA,0,4360740
yadI_predicted,0.045454545454545456,21,21,GTCAATCGCACGATGCGAGG,0,4301242
yadI_predicted,0.045454545454545456,21,21,GTATTACTTACACTATGCGT,0,4300061
yadI_predicted,0.045454545454545456,21,21,GTAGACCGGCGGAAAACGGC,0,4358619
yadI_predicted,0.045454545454545456,21,21,GTAAGGCCTTATGGTCGGTC,0,4356305
yadI_predicted,0.045454545454545456,21,21,GTAAGCCGTCCGTAAGTCCA,0,4308672
yadI_predicted,0.045454545454545456,21,21,GTAAAGTGACGGGATCAAAC,0,4332616
yadI_predicted,0.045454545454545456,21,21,GGTAAGACGCTTCGAACTCC,0,4344808
yadI_predicted,0.045454545454545456,21,21,GGGCACGAACACACAACCTA,0,4350968
yadI_predicted,0.045454545454545456,21,21,GGCTAAATTGAGTCGGTGGT,0,4348873
yadI_predicted,0.045454545454545456,21,21,GGCGCCAATTTCTACGCCGT,0,4357009
yadI_predicted,0.045454545454545456,21,21,GGCCAGCCCACATGCGCAAA,0,4307793
yadI_predicted,0.045454545454545456,21,21,GGCACATGTCGCCCTTAAAG,0,4305499
yadI_predicted,0.045454545454545456,21,21,GGATCGAAGGCCATAGCTGG,0,4319398
yadI_predicted,0.045454545454545456,21,21,GGAGTAATGTGCATACGTCA,0,4364285
yadI_predicted,0.045454545454545456,21,21,GGACTAACGAAACTCTGTTA,0,4369588
yadI_predicted,0.045454545454545456,21,21,GGACCGATCTCCTCTAAAGC,0,4350586
yadI_predicted,0.045454545454545456,21,21,GGAAGCGCAACGGCGCGCAT,0,4314073
yadI_predicted,0.045454545454545456,21,21,GCTGTTTAGGAGGAAGCGTG,0,4318123
yadI_predicted,0.045454545454545456,21,21,GCTGTTCAATGTTCAAGGCC,0,4306924
yadI_predicted,0.045454545454545456,21,21,GCTGGCCTAAATCAAATCCT,0,4331669
yadI_predicted,0.045454545454545456,21,21,GCGGGAAGTTTCGCGACTGT,0,4356762
yadI_predicted,0.045454545454545456,21,21,GCGGAGGCCCGGTGACTTGT,0,4303755
yadI_predicted,0.045454545454545456,21,21,GCGCTGCGCATGGACACGTT,0,4332501
yadI_predicted,0.045454545454545456,21,21,GCGATTCAAGCTTGCGGGGT,0,4345042
yadI_predicted,0.045454545454545456,21,21,GCCTGGCAGTGGCTCCCAAG,0,4299089
yadI_predicted,0.045454545454545456,21,21,GCCCTCGTTGACCGGAAGTG,0,4303890
yadI_predicted,0.045454545454545456,21,21,GCCAGCACGAGGAGTCTTGA,0,4328429
yadI_predicted,0.045454545454545456,21,21,GCATATTCAGCTCTAGATTC,0,4317003
yadI_predicted,0.045454545454545456,21,21,GCATAAACGATTCATTGTAG,0,4292901
yadI_predicted,0.045454545454545456,21,21,GCACCTTCGAGGGGACATAT,0,4284709
yadI_predicted,0.045454545454545456,21,21,GCACCCAGATATGTAAATAA,0,4367419
yadI_predicted,0.045454545454545456,21,21,GCACCAGCGGTAAGGAAAGC,0,4312020
yadI_predicted,0.045454545454545456,21,21,GCACACATCAGGAATGCGAG,0,4302887
yadI_predicted,0.045454545454545456,21,21,GATTCGGTTGGTATCTGGGT,0,4368179
yadI_predicted,0.045454545454545456,21,21,GATTAGAACTACTACCGTGG,0,4366784
yadI_predicted,0.045454545454545456,21,21,GATGTAATTGTTATCGGTCA,0,4309228
yadI_predicted,0.045454545454545456,21,21,GATAGCGACTCAGAGAGGAT,0,4362226
yadI_predicted,0.045454545454545456,21,21,GAGTGGCGGCCATCAGGGGA,0,4325941
yadI_predicted,0.045454545454545456,21,21,GAGCGAAATTCGGCAATAAT,0,4325060
yadI_predicted,0.045454545454545456,21,21,GAGATGGGTTTACCAAGGAA,0,4310016
yadI_predicted,0.045454545454545456,21,21,GAGACCAAATAATTCAGGGA,0,4335507
yadI_predicted,0.045454545454545456,21,21,GACTCCATTTTAGTGGCCAA,0,4316213
yadI_predicted,0.045454545454545456,21,21,GACCCTACCCGAGTTTTGGA,0,4306311
yadI_predicted,0.045454545454545456,21,21,GACCCAAGGCTTCTTGAGGA,0,4335597
yadI_predicted,0.045454545454545456,21,21,GAAACTTCTTAGGGCAATTA,0,4308912
yadI_predicted,0.045454545454545456,21,21,CTTTTGGTCAATCGTGCTTG,0,4349399
yadI_predicted,0.045454545454545456,21,21,CTTGATAGGAGACTAGGTGA,0,4342496
yadI_predicted,0.045454545454545456,21,21,CTTAGAGCGAAACCAAATTT,0,4340057
yadI_predicted,0.045454545454545456,21,21,CTTAATGCTACAAACTCTTA,0,4310485
yadI_predicted,0.045454545454545456,21,21,CTGGGGGCTGTCCCTACAAG,0,4325989
yadI_predicted,0.045454545454545456,21,21,CTGGAAGGGTAGCGTGGGGA,0,4355110
yadI_predicted,0.045454545454545456,21,21,CTCTTTCCCATTTGCTCAGC,0,4347218
yadI_predicted,0.045454545454545456,21,21,CTCTACCATAGCTAAACACT,0,4329538
yadI_predicted,0.045454545454545456,21,21,CTCCTTTGGAACGAGTGTCT,0,4290651
yadI_predicted,0.045454545454545456,21,21,CTCCGGCCGCCGCGCCGACT,0,4295641
yadI_predicted,0.045454545454545456,21,21,CTCCATCTCGGCAGACACCT,0,4313632
yadI_predicted,0.045454545454545456,21,21,CTCACTCAACTTGATACGCG,0,4299474
yadI_predicted,0.045454545454545456,21,21,CTATTGCGTTTGAGTACGCA,0,4349832
yadI_predicted,0.045454545454545456,21,21,CTATCCCACTGACATGCGAA,0,4314352
yadI_predicted,0.045454545454545456,21,21,CTAGCTCCGGCCAACAAGCC,0,4316099
yadI_predicted,0.045454545454545456,21,21,CTAGCTAGTGCCGGACTAAT,0,4302451
yadI_predicted,0.045454545454545456,21,21,CGTTTGGGCCACCAATGCCA,0,4330970
yadI_predicted,0.045454545454545456,21,21,CGTTCTCCCTTGTGGTGGTT,0,4330803
yadI_predicted,0.045454545454545456,21,21,CGTTCGCACGTGCAAACCAC,0,4298031
yadI_predicted,0.045454545454545456,21,21,CGTGTATCCCGTCCTTAGAC,0,4306313
yadI_predicted,0.045454545454545456,21,21,CGTCTAGGTTTGGTGGAGTA,0,4318978
yadI_predicted,0.045454545454545456,21,21,CGTACCGAGTCATCGAGATT,0,4322842
yadI_predicted,0.045454545454545456,21,21,CGTACATCTTTAAGCCGGAA,0,4339104
yadI_predicted,0.045454545454545456,21,21,CGGTGGTCCTACTACCTCAT,0,4337774
yadI_predicted,0.045454545454545456,21,21,CGGGGCAGTGTAGAACTACA,0,4285857
yadI_predicted,0.045454545454545456,21,21,CGGGCTCGGAAGAGTTTGAA,0,4333959
yadI_predicted,0.045454545454545456,21,21,CGGATTGAGAGTGGAAAACA,0,4304130
yadI_predicted,0.045454545454545456,21,21,CGCGTCAGTATGCACGGTTC,0,4299971
yadI_predicted,0.045454545454545456,21,21,CGCCATGTCCGCGCGATACC,0,4321254
yadI_predicted,0.045454545454545456,21,21,CGCCACCCGGTGCCTCTAGT,0,4318463
yadI_predicted,0.045454545454545456,21,21,CGAGCGCATTGTGTAGGGTT,0,4308232
yadI_predicted,0.045454545454545456,21,21,CGACAGTCAGTTTACACCCA,0,4310586
yadI_predicted,0.045454545454545456,21,21,CGAAGTTGATTTCTTATCCA,0,4325458
yadI_predicted,0.045454545454545456,21,21,CCTTACAATGCGGATAGGGG,0,4315074
yadI_predicted,0.045454545454545456,21,21,CCTCGGAGGTCTGTGGGCCT,0,4323524
yadI_predicted,0.045454545454545456,21,21,CCTATATCCCTGTTCACTCA,0,4324872
yadI_predicted,0.045454545454545456,21,21,CCTACAAGGGATAACGGGCG,0,4325055
yadI_predicted,0.045454545454545456,21,21,CCGTGTCCGAATTGCGGCGG,0,4332847
yadI_predicted,0.045454545454545456,21,21,CCGCATAACATTCGTGACTT,0,4298908
yadI_predicted,0.045454545454545456,21,21,CCCGGTGTCTAGACGATGAG,0,4319601
yadI_predicted,0.045454545454545456,21,21,CCCCGATGGGGAGTTAAGTC,0,4297568
yadI_predicted,0.045454545454545456,21,21,CCCACAGTAAAGAGGATTCA,0,4284339
yadI_predicted,0.045454545454545456,21,21,CCATTAATAGCCGAGAGTCA,0,4323682
yadI_predicted,0.045454545454545456,21,21,CCATAGTACTTAAATGGATG,0,4292924
yadI_predicted,0.045454545454545456,21,21,CCACCAGAATCGGCTCGCGT,0,4328946
yadI_predicted,0.045454545454545456,21,21,CATTGGGGTGATGACTCGCA,0,4353730
yadI_predicted,0.045454545454545456,21,21,CATGATGGATGCATATGATT,0,4306721
yadI_predicted,0.045454545454545456,21,21,CATATAGTATAGTCCAAGTA,0,4357051
yadI_predicted,0.045454545454545456,21,21,CATAGGACGGGCTCACTATC,0,4317213
yadI_predicted,0.045454545454545456,21,21,CATAGAATAACTAAATCAGC,0,4296274
yadI_predicted,0.045454545454545456,21,21,CATAAGATTTCGAGGGGTTG,0,4304995
yadI_predicted,0.045454545454545456,21,21,CAGGTTCTCATTCACTCGCA,0,4330653
yadI_predicted,0.045454545454545456,21,21,CACCGCAGTAAGTGCTGCGG,0,4287578
yadI_predicted,0.045454545454545456,21,21,CAATGGACGAATCACCGGTC,0,4355591
yadI_predicted,0.045454545454545456,21,21,CAAGCGTGTTAGTTACGCAA,0,4330295
yadI_predicted,0.045454545454545456,21,21,ATTTGGTTCCTTGGTGTGAG,0,4311717
yadI_predicted,0.045454545454545456,21,21,ATTTATGGCCTCACTCGGAC,0,4312517
yadI_predicted,0.045454545454545456,21,21,ATTGTCTGCCATTATAAGCA,0,4290124
yadI_predicted,0.045454545454545456,21,21,ATTCATGCTGGAAGCAACAA,0,4294783
yadI_predicted,0.045454545454545456,21,21,ATTAACGGAAGCACTCAACT,0,4340162
yadI_predicted,0.045454545454545456,21,21,ATGGTCAACCCAGAGGCGAA,0,4310884
yadI_predicted,0.045454545454545456,21,21,ATGGCGGTACAAACCGGAAC,0,4350748
yadI_predicted,0.045454545454545456,21,21,ATGGCACGTTAAACAGGCTA,0,4287579
yadI_predicted,0.045454545454545456,21,21,ATGGAAGCGTCAGCTTTCGG,0,4296215
yadI_predicted,0.045454545454545456,21,21,ATCTGGTAGAAGGCACTGGT,0,4354258
yadI_predicted,0.045454545454545456,21,21,ATCTCGGCTCTTCCAGACAA,0,4299714
yadI_predicted,0.045454545454545456,21,21,ATCTCCCGGTCCAATCCTTA,0,4305694
yadI_predicted,0.045454545454545456,21,21,ATCCACATGCCAGCCCGTGT,0,4359191
yadI_predicted,0.045454545454545456,21,21,ATCACGGGCGAGCCAGGGAA,0,4291687
yadI_predicted,0.045454545454545456,21,21,ATAACGGTCGAATCTCTAGC,0,4315172
yadI_predicted,0.045454545454545456,21,21,AGTGCTGGGAGGTGTCGAGC,0,4360662
yadI_predicted,0.045454545454545456,21,21,AGTGCCTTCGGTGGCACACA,0,4365752
yadI_predicted,0.045454545454545456,21,21,AGTCTCCCCATGGCAGGTTT,0,4346772
yadI_predicted,0.045454545454545456,21,21,AGTCCGAAGCGTGAAAGTAT,0,4365816
yadI_predicted,0.045454545454545456,21,21,AGTATTTGATTGGCAGTTTT,0,4319888
yadI_predicted,0.045454545454545456,21,21,AGTACTGCGATTGGCGTCAG,0,4298828
yadI_predicted,0.045454545454545456,21,21,AGGAGTTTAGGGAAAGATTT,0,4296346
yadI_predicted,0.045454545454545456,21,21,AGGACGCGACCGCAAGCGTT,0,4303649
yadI_predicted,0.045454545454545456,21,21,AGGAATGGCGAGCGCTTGTA,0,4362278
yadI_predicted,0.045454545454545456,21,21,AGCTGCGTATTTAGTCAGCT,0,4369130
yadI_predicted,0.045454545454545456,21,21,AGCGTGACGGGCCTCCGGAA,0,4323957
yadI_predicted,0.045454545454545456,21,21,AGCCCGAGTGTGGCCTATTG,0,4329692
yadI_predicted,0.045454545454545456,21,21,AGCCAGTGCTCCAACGTAAA,0,4313422
yadI_predicted,0.045454545454545456,21,21,AGCCAGAATTGAGGGCGTAG,0,4330655
yadI_predicted,0.045454545454545456,21,21,AGCCACGGGATCTCATTGAT,0,4365168
yadI_predicted,0.045454545454545456,21,21,AGCATCGTTCCAGCCCGGAC,0,4325784
yadI_predicted,0.045454545454545456,21,21,AGCATACCCTGGCTTATACT,0,4337385
yadI_predicted,0.045454545454545456,21,21,AGCAGGGTGACGACGATCCA,0,4332877
yadI_predicted,0.045454545454545456,21,21,AGCAGGGACCCATATGTCAG,0,4322539
yadI_predicted,0.045454545454545456,21,21,AGATGGTTTTACGTCGTAGG,0,4318549
yadI_predicted,0.045454545454545456,21,21,AGAGTTCAACGCGTGTGAAA,0,4313233
yadI_predicted,0.045454545454545456,21,21,AGAGCGATCTTTGGCGTGAC,0,4320429
yadI_predicted,0.045454545454545456,21,21,AGACTACCCCCGGCGCGCAT,0,4329643
yadI_predicted,0.045454545454545456,21,21,AGACCCCCCAGGTCACGATA,0,4354137
yadI_predicted,0.045454545454545456,21,21,AGACAGAGCCAGGTGAATCA,0,4309498
yadI_predicted,0.045454545454545456,21,21,AGACACGCGTTGTTGGGATG,0,4358339
yadI_predicted,0.045454545454545456,21,21,AGAAGCGCGAGTTCTATGGT,0,4286650
yadI_predicted,0.045454545454545456,21,21,AGAAGAGTAAAGATGGAGAA,0,4349643
yadI_predicted,0.045454545454545456,21,21,ACTTGCTTCATGGTAGGGAC,0,4307651
yadI_predicted,0.045454545454545456,21,21,ACTTCATAGGATATTCCCTT,0,4365445
yadI_predicted,0.045454545454545456,21,21,ACTATGCGTTTGGGAATACA,0,4297197
yadI_predicted,0.045454545454545456,21,21,ACTACCCTAGGATTACGTGG,0,4358505
yadI_predicted,0.045454545454545456,21,21,ACGGTTTAGGCTTAACGAGG,0,4369935
yadI_predicted,0.045454545454545456,21,21,ACGGGGTTGGGAGGTTGAGG,0,4316067
yadI_predicted,0.045454545454545456,21,21,ACGCCAATCGTTTTTACGCC,0,4348824
yadI_predicted,0.045454545454545456,21,21,ACGAATATCGAGTTAACCGA,0,4326892
yadI_predicted,0.045454545454545456,21,21,ACCTCAATCTGCACATAAAT,0,4305498
yadI_predicted,0.045454545454545456,21,21,ACCGTTGATATACGAGGGGA,0,4290048
yadI_predicted,0.045454545454545456,21,21,ACCGGCATATGAATCAGTGT,0,4288167
yadI_predicted,0.045454545454545456,21,21,ACCGAGTTCTTAGTCTCATC,0,4302720
yadI_predicted,0.045454545454545456,21,21,ACCGAAAGTCTGGGTGGTGA,0,4308473
yadI_predicted,0.045454545454545456,21,21,ACCCTGGGTGCTGGCGCTTC,0,4340244
yadI_predicted,0.045454545454545456,21,21,ACCCGGCGTATAACACACAT,0,4322135
yadI_predicted,0.045454545454545456,21,21,ACCCCGGTTACGTTAGAGGT,0,4315503
yadI_predicted,0.045454545454545456,21,21,ACCCCATTCGCACAATTACC,0,4349405
yadI_predicted,0.045454545454545456,21,21,ACCACGGGAGCCTAAATCCG,0,4360915
yadI_predicted,0.045454545454545456,21,21,ACCAAATTAAAGGGTGCCAG,0,4288152
yadI_predicted,0.045454545454545456,21,21,ACAGTGAACGGATGCTTATT,0,4321599
yadI_predicted,0.045454545454545456,21,21,ACAGATAGCACACGTAGTGT,0,4285604
yadI_predicted,0.045454545454545456,21,21,ACACTCCCGCGTTGAATCAC,0,4296246
yadI_predicted,0.045454545454545456,21,21,ACAATTCAGCGGGCTATGAT,0,4313147
yadI_predicted,0.045454545454545456,21,21,ACAAACCTCGGGCCACACAC,0,4337528
yadI_predicted,0.045454545454545456,21,21,AATTCAATTGGTTTAGGTAA,0,4357777
yadI_predicted,0.045454545454545456,21,21,AATGTGGATCCGCTGTCGCG,0,4291047
yadI_predicted,0.045454545454545456,21,21,AATGTATAGGCGGATTTGCT,0,4284806
yadI_predicted,0.045454545454545456,21,21,AATGCAGGGAACTACTTGGT,0,4347778
yadI_predicted,0.045454545454545456,21,21,AATAGCAGTCCCCATACAAA,0,4342542
yadI_predicted,0.045454545454545456,21,21,AAGTTTACGATGAGCAGGGA,0,4349962
yadI_predicted,0.045454545454545456,21,21,AAGTGTTTACAGGCATTACA,0,4356432
yadI_predicted,0.045454545454545456,21,21,AAGCAGGTTGCTAAAAAGGT,0,4321603
yadI_predicted,0.045454545454545456,21,21,AAGACCTCCGGTAGGCATCA,0,4345113
yadI_predicted,0.045454545454545456,21,21,AACTCTGTTTTCCGTCGGTC,0,4362281
yadI_predicted,0.045454545454545456,21,21,AACGTTATAGGATGCGGCGT,0,4359940
yadI_predicted,0.045454545454545456,21,21,AACGCGGGGATGAGTGGTTA,0,4297793
yadI_predicted,0.045454545454545456,21,21,AAATTAGATCAACCCGCCAA,0,4354168
yadI_predicted,0.045454545454545456,21,21,AAATGAGTAGTGTACTCCGT,0,4343840
yadI_predicted,0.045454545454545456,21,21,AAAGGGAGTGAATTTAAAAA,0,4298104
yadI_predicted,0.045454545454545456,21,21,AAAGGCTAAGCGCTCACGTC,0,4301610
yadI_predicted,0.045454545454545456,21,21,AAAGATAGCTATTTAACTAA,0,4299838
yadI_predicted,0.047619047619047616,20,20,TTTGTGATCGGCAGTCATCC,0,4288135
yadI_predicted,0.047619047619047616,20,20,TTTGCTACAGTATACAGAAT,0,4292802
yadI_predicted,0.047619047619047616,20,20,TTTGAATTTTTTAGACCGGC,0,4285664
yadI_predicted,0.047619047619047616,20,20,TTTCTGCTGAGGTGCGTACA,0,4310442
yadI_predicted,0.047619047619047616,20,20,TTGTGTATGCCTTCAAATAA,0,4329839
yadI_predicted,0.047619047619047616,20,20,TTGTGACCGATAAGCACTGG,0,4349152
yadI_predicted,0.047619047619047616,20,20,TTGTCACGATGACAGCAGAA,0,4317518
yadI_predicted,0.047619047619047616,20,20,TTGTATAACTTCCCTTAGAT,0,4347866
yadI_predicted,0.047619047619047616,20,20,TTGCCACCTCTTTGTTGTTT,0,4311263
yadI_predicted,0.047619047619047616,20,20,TTGAAAACGACCCCTCGAAG,0,4292935
yadI_predicted,0.047619047619047616,20,20,TTCGCTCGTGTCAACGGCAT,0,4330819
yadI_predicted,0.047619047619047616,20,20,TTCGCTACCGGCTCTGTCAT,0,4328325
yadI_predicted,0.047619047619047616,20,20,TTCGAGTATTCCAGCTTGCG,0,4286859
yadI_predicted,0.047619047619047616,20,20,TTCCCTTTGGACTTTTGGTG,0,4362877
yadI_predicted,0.047619047619047616,20,20,TTCCCCACCTGGGAAATGCC,0,4317542
yadI_predicted,0.047619047619047616,20,20,TTCATGACTGAAACGAGATG,0,4314975
yadI_predicted,0.047619047619047616,20,20,TTATTGCGTCCGCCTAGACA,0,4318626
yadI_predicted,0.047619047619047616,20,20,TTATAACATGTTGGTGGTAA,0,4342347
yadI_predicted,0.047619047619047616,20,20,TTAGTTACAGTATACCGAGA,0,4364616
yadI_predicted,0.047619047619047616,20,20,TTAGTGGACGCACTAAGTAA,0,4320565
yadI_predicted,0.047619047619047616,20,20,TTAGGCCTTTCAAGTGGGCT,0,4322282
yadI_predicted,0.047619047619047616,20,20,TTAACGGTAGTCTATACGGA,0,4301396
yadI_predicted,0.047619047619047616,20,20,TTAAATGTTTGCAACGGGTT,0,4357990
yadI_predicted,0.047619047619047616,20,20,TGTTGCAATCAAGCTCATCT,0,4339163
yadI_predicted,0.047619047619047616,20,20,TGTTCTGCATCTGCGCCCAT,0,4311520
yadI_predicted,0.047619047619047616,20,20,TGTTCGGTCGAAGCACCAAA,0,4284388
yadI_predicted,0.047619047619047616,20,20,TGTGGGTCTTTTCTATCGGC,0,4344798
yadI_predicted,0.047619047619047616,20,20,TGTGATAGTTGCTACGTTCT,0,4331158
yadI_predicted,0.047619047619047616,20,20,TGTGAGATCGGACTTCCACT,0,4317641
yadI_predicted,0.047619047619047616,20,20,TGTCGCCTACTCATTGGTAG,0,4315620
yadI_predicted,0.047619047619047616,20,20,TGTATAATGATCGCGTCTCT,0,4296603
yadI_predicted,0.047619047619047616,20,20,TGGTACGTTTTAAGGTGCCA,0,4312787
yadI_predicted,0.047619047619047616,20,20,TGGGCCTTTGAATTCTGGAC,0,4326406
yadI_predicted,0.047619047619047616,20,20,TGGCGTTGCATCAAGTTATC,0,4366970
yadI_predicted,0.047619047619047616,20,20,TGGCGCGCAAGATGGTAAAG,0,4305665
yadI_predicted,0.047619047619047616,20,20,TGGACTGTTAAATTCACAAT,0,4355551
yadI_predicted,0.047619047619047616,20,20,TGCGTTCGATTAGGGTGTAG,0,4286555
yadI_predicted,0.047619047619047616,20,20,TGCGTGATCCCACTTTACGT,0,4351855
yadI_predicted,0.047619047619047616,20,20,TGCGAGCAGCGGTTAAAACT,0,4336171
yadI_predicted,0.047619047619047616,20,20,TGCAACTGGTGTGATATTGA,0,4295767
yadI_predicted,0.047619047619047616,20,20,TGATCTCATGGGCGGCTGAG,0,4331612
yadI_predicted,0.047619047619047616,20,20,TGAGTCCCGTGCGACTAGAT,0,4293091
yadI_predicted,0.047619047619047616,20,20,TGAGGTTTACCCCAAACTGG,0,4343248
yadI_predicted,0.047619047619047616,20,20,TGAGGGTGCATCGCCGCCCT,0,4320618
yadI_predicted,0.047619047619047616,20,20,TGAGCATCCTGGCTCTTCAA,0,4338575
yadI_predicted,0.047619047619047616,20,20,TCTGGCTGCGGTCATACGTT,0,4299271
yadI_predicted,0.047619047619047616,20,20,TCTCAGTACGTAGGCCATTT,0,4326329
yadI_predicted,0.047619047619047616,20,20,TCTATTCATCCCTGTTCGTA,0,4337192
yadI_predicted,0.047619047619047616,20,20,TCGAGGCTTGGCGATGTCTC,0,4365561
yadI_predicted,0.047619047619047616,20,20,TCCTTATTGAGAATTCCATA,0,4320367
yadI_predicted,0.047619047619047616,20,20,TCCGGTTCGGTACTCTATCC,0,4345623
yadI_predicted,0.047619047619047616,20,20,TCCGCGTTCTATGGTGTTCA,0,4347318
yadI_predicted,0.047619047619047616,20,20,TCCGATTTCCCTGGAATTAC,0,4313151
yadI_predicted,0.047619047619047616,20,20,TCATGGTTATTATCGGTGTT,0,4336771
yadI_predicted,0.047619047619047616,20,20,TCAGTCTTATTGCATTTAGC,0,4357102
yadI_predicted,0.047619047619047616,20,20,TCACTGTACAAAAGGGATGG,0,4297125
yadI_predicted,0.047619047619047616,20,20,TCAATCGAATTAGCGGATAA,0,4327509
yadI_predicted,0.047619047619047616,20,20,TATTACGATTTACCTCACTT,0,4364113
yadI_predicted,0.047619047619047616,20,20,TATTAAAGAAACTGGCACGG,0,4327081
yadI_predicted,0.047619047619047616,20,20,TATAGGGTTACGAGATACAA,0,4297218
yadI_predicted,0.047619047619047616,20,20,TAGGGGTTGGAAGGTCGTTC,0,4366700
yadI_predicted,0.047619047619047616,20,20,TAGGATATAATGTGTAAGAA,0,4295219
yadI_predicted,0.047619047619047616,20,20,TAGCTCGGCAAAAATCAATT,0,4320907
yadI_predicted,0.047619047619047616,20,20,TAGACGGAGTTACCGTCCTT,0,4362714
yadI_predicted,0.047619047619047616,20,20,TACGGAGCAACCCATAGCGT,0,4304989
yadI_predicted,0.047619047619047616,20,20,TACGGAAAGCAGTGCTACTC,0,4291401
yadI_predicted,0.047619047619047616,20,20,TACGCTACGCCATTAAGCTC,0,4353633
yadI_predicted,0.047619047619047616,20,20,TACCTCATGGCACCGGTCAG,0,4308259
yadI_predicted,0.047619047619047616,20,20,TACATCGGCTCTTGTGTTTA,0,4325501
yadI_predicted,0.047619047619047616,20,20,TACAATGGCCTTCTATCCGT,0,4300641
yadI_predicted,0.047619047619047616,20,20,TAATTATGAACTCGTTGGGG,0,4306535
yadI_predicted,0.047619047619047616,20,20,TAATCCGGAGGCCATCGAGA,0,4333342
yadI_predicted,0.047619047619047616,20,20,TAAGTTCTTTGAGAAGCGAA,0,4316076
yadI_predicted,0.047619047619047616,20,20,TAAGAGCACCGATGTGACCC,0,4342976
yadI_predicted,0.047619047619047616,20,20,TAACCGCGATACCGTTGTTC,0,4362442
yadI_predicted,0.047619047619047616,20,20,TAACCCGTTAGGACTCAGTA,0,4333158
yadI_predicted,0.047619047619047616,20,20,TAAATGCGAAAATTATTACA,0,4309726
yadI_predicted,0.047619047619047616,20,20,TAAATCTGAATTACAGGAGA,0,4329491
yadI_predicted,0.047619047619047616,20,20,TAAACACATTCGAGCTCCCG,0,4300384
yadI_predicted,0.047619047619047616,20,20,GTTGACAAAGTACCAATGGA,0,4288467
yadI_predicted,0.047619047619047616,20,20,GTTGAAGGCGCACATTCCGC,0,4348415
yadI_predicted,0.047619047619047616,20,20,GTTCTACTAGCACGCCCACT,0,4330302
yadI_predicted,0.047619047619047616,20,20,GTTCACCTTTATGGGGGGAA,0,4330060
yadI_predicted,0.047619047619047616,20,20,GTGTGATGGCGGTCAGAGTT,0,4357302
yadI_predicted,0.047619047619047616,20,20,GTGGTCCCGGGTACGACGCT,0,4335694
yadI_predicted,0.047619047619047616,20,20,GTGCCTCGCGCATCAGGATG,0,4310700
yadI_predicted,0.047619047619047616,20,20,GTCTCATCTGGTAATCGTTC,0,4340047
yadI_predicted,0.047619047619047616,20,20,GTCGGGCAAAGCTGGGCGAG,0,4305116
yadI_predicted,0.047619047619047616,20,20,GTCGGCTTTCTCGGCCAAAG,0,4328703
yadI_predicted,0.047619047619047616,20,20,GTCGAACGGCGGGGGGTCAT,0,4363572
yadI_predicted,0.047619047619047616,20,20,GTCCATTATTGTGGACAGTT,0,4335696
yadI_predicted,0.047619047619047616,20,20,GTCCAGACCCGGCGGGCTAT,0,4360633
yadI_predicted,0.047619047619047616,20,20,GTCATCACAGCGAGTTCGGG,0,4300560
yadI_predicted,0.047619047619047616,20,20,GTCACCCGAGTTCACCAGGA,0,4360181
yadI_predicted,0.047619047619047616,20,20,GTAGGCGACGAAACCTCTTG,0,4335857
yadI_predicted,0.047619047619047616,20,20,GTAGCGAATTGCATTTACAT,0,4345563
yadI_predicted,0.047619047619047616,20,20,GTAGCCCGGTCTTAATACGA,0,4292628
yadI_predicted,0.047619047619047616,20,20,GTAACGTAGGATGCATGATT,0,4285290
yadI_predicted,0.047619047619047616,20,20,GGGCGTTCTTGGCTCTTGCC,0,4296387
yadI_predicted,0.047619047619047616,20,20,GGGCGGGGCCTATATCAATA,0,4301154
yadI_predicted,0.047619047619047616,20,20,GGGATAAACACGGGCTGATC,0,4350503
yadI_predicted,0.047619047619047616,20,20,GGGAGTGTGAAGAGATGAAT,0,4300158
yadI_predicted,0.047619047619047616,20,20,GGCTGGAAATCTGCTACCAA,0,4330606
yadI_predicted,0.047619047619047616,20,20,GGCGTTTTCAGGGCCACAAG,0,4368804
yadI_predicted,0.047619047619047616,20,20,GGCGCGCCACTGCAGACATA,0,4311916
yadI_predicted,0.047619047619047616,20,20,GGCCTGCTGAGTCCTCTGTA,0,4284557
yadI_predicted,0.047619047619047616,20,20,GGCCTCTCTTGACCGGTTGA,0,4321744
yadI_predicted,0.047619047619047616,20,20,GGCCAATACAACCGATTGAT,0,4286710
yadI_predicted,0.047619047619047616,20,20,GGAGGAACTCGCATCACAGA,0,4362931
yadI_predicted,0.047619047619047616,20,20,GGACCTACCGATACTGATCC,0,4361716
yadI_predicted,0.047619047619047616,20,20,GGAATCACTTGCGGCCCTAA,0,4329689
yadI_predicted,0.047619047619047616,20,20,GGAACACTGTCAACTCAGAC,0,4359813
yadI_predicted,0.047619047619047616,20,20,GCTTTTACGGGGAGCTACTT,0,4356229
yadI_predicted,0.047619047619047616,20,20,GCTTTCCGACGGGAAGTTAT,0,4294749
yadI_predicted,0.047619047619047616,20,20,GCTTGCGAACGGAGCAGGCC,0,4325078
yadI_predicted,0.047619047619047616,20,20,GCTTGATTTCGACTTCCAGC,0,4313079
yadI_predicted,0.047619047619047616,20,20,GCTGACTATAACAGGACAGG,0,4352410
yadI_predicted,0.047619047619047616,20,20,GCTACCAAGTGGGACTGAAA,0,4293672
yadI_predicted,0.047619047619047616,20,20,GCGGGTGGGATAGCGGATAG,0,4340069
yadI_predicted,0.047619047619047616,20,20,GCGGAAGGAAGCTTACCTGT,0,4360323
yadI_predicted,0.047619047619047616,20,20,GCGAGAGTGAGGCTGGCTCG,0,4291684
yadI_predicted,0.047619047619047616,20,20,GCGAAATGCGTGCCCCTCAA,0,4340584
yadI_predicted,0.047619047619047616,20,20,GCCGACACCTTACCCTAGCA,0,4359041
yadI_predicted,0.047619047619047616,20,20,GCCCCTAACAGATCATCGAT,0,4348512
yadI_predicted,0.047619047619047616,20,20,GCCATCGGCTTGGGCATAAG,0,4329603
yadI_predicted,0.047619047619047616,20,20,GCCAGGTTCCAATGGTTTGT,0,4334568
yadI_predicted,0.047619047619047616,20,20,GCATGACCGCGCTATCTAGT,0,4313372
yadI_predicted,0.047619047619047616,20,20,GCAGCCAGACCTAGCCATCC,0,4318850
yadI_predicted,0.047619047619047616,20,20,GCAACGAATCGTTGCCACTG,0,4310262
yadI_predicted,0.047619047619047616,20,20,GCAAATGGCATCCGGCATCA,0,4297036
yadI_predicted,0.047619047619047616,20,20,GATTGTCGTAGTCACTATAA,0,4311365
yadI_predicted,0.047619047619047616,20,20,GATTGAACCTGTTGAAGTCT,0,4363519
yadI_predicted,0.047619047619047616,20,20,GATTCTGGCTTGTAGGGTGC,0,4363726
yadI_predicted,0.047619047619047616,20,20,GAGGGGTTTCCTGATATTAG,0,4329204
yadI_predicted,0.047619047619047616,20,20,GAGGCTATACAGGGCGCCCT,0,4294871
yadI_predicted,0.047619047619047616,20,20,GAGCCCGCTACCTTTCGACC,0,4315413
yadI_predicted,0.047619047619047616,20,20,GAGAAAGGTACGAACCTGAG,0,4325333
yadI_predicted,0.047619047619047616,20,20,GACTGTGGTAAATTGGCTCA,0,4288165
yadI_predicted,0.047619047619047616,20,20,GACTCGTTCCGGCATTATCA,0,4321079
yadI_predicted,0.047619047619047616,20,20,GACGGGTGTACCTGCTCATA,0,4330267
yadI_predicted,0.047619047619047616,20,20,GACGGAAAGTACATTCAATG,0,4301647
yadI_predicted,0.047619047619047616,20,20,GACAGGCGACTCCTTGCTGA,0,4353687
yadI_predicted,0.047619047619047616,20,20,GAAATGTTTTATTAATGGCG,0,4305322
yadI_predicted,0.047619047619047616,20,20,GAAAGCCCCCTTTCACGGCA,0,4337939
yadI_predicted,0.047619047619047616,20,20,CTTTGTCTTGCTCGAGCTCT,0,4315079
yadI_predicted,0.047619047619047616,20,20,CTTTACCGAGCCGGAATCAA,0,4365236
yadI_predicted,0.047619047619047616,20,20,CTTGGCCTAACATTAGGGGT,0,4307952
yadI_predicted,0.047619047619047616,20,20,CTTCTAAGTACGTACCACAG,0,4328977
yadI_predicted,0.047619047619047616,20,20,CTTAAACCGACGAACCAGAA,0,4298334
yadI_predicted,0.047619047619047616,20,20,CTGTATCCAGGGGCCACGGG,0,4297967
yadI_predicted,0.047619047619047616,20,20,CTGGCCTGCCGAGTTACATC,0,4310575
yadI_predicted,0.047619047619047616,20,20,CTGGCCCAGAGTGACGAGAC,0,4348705
yadI_predicted,0.047619047619047616,20,20,CTGGAGGACTTCAAGGGAGT,0,4303414
yadI_predicted,0.047619047619047616,20,20,CTGCGTCTCATGCTACTTCC,0,4319027
yadI_predicted,0.047619047619047616,20,20,CTGCCGGTGGTTTGTAGTAT,0,4322027
yadI_predicted,0.047619047619047616,20,20,CTGATGGCAAGGGGTGTCCC,0,4309357
yadI_predicted,0.047619047619047616,20,20,CTGATCATTTGATTGTAGCC,0,4357245
yadI_predicted,0.047619047619047616,20,20,CTCTCTCCCGCACTGGCCGT,0,4317893
yadI_predicted,0.047619047619047616,20,20,CTCGGTCGCTCCGCTTTCTG,0,4348720
yadI_predicted,0.047619047619047616,20,20,CTATGAGCGGGTGGATTGCG,0,4333082
yadI_predicted,0.047619047619047616,20,20,CTATCACGTCTGCTTCATTG,0,4307732
yadI_predicted,0.047619047619047616,20,20,CTATAGACGCGAATCTCTCA,0,4327453
yadI_predicted,0.047619047619047616,20,20,CTAGGAGCTGTGCCCCTTAG,0,4284447
yadI_predicted,0.047619047619047616,20,20,CTAGCGGGTAGTGTAGTTTA,0,4319359
yadI_predicted,0.047619047619047616,20,20,CTACTTCATAATGGCGGACA,0,4316617
yadI_predicted,0.047619047619047616,20,20,CGTTTGAAATGGCCAGAACA,0,4354808
yadI_predicted,0.047619047619047616,20,20,CGTTGAAGTGCCGCTCAGCC,0,4289664
yadI_predicted,0.047619047619047616,20,20,CGTTCCCTTTTGTTAGCAGT,0,4369605
yadI_predicted,0.047619047619047616,20,20,CGTGACGGCCGTTGTGCACG,0,4287246
yadI_predicted,0.047619047619047616,20,20,CGTCAACATGCTCCGTTGCC,0,4309002
yadI_predicted,0.047619047619047616,20,20,CGTACGTCGAGCGTAGCGTT,0,4326424
yadI_predicted,0.047619047619047616,20,20,CGTAACGTTCGTCCAGGTAC,0,4357100
yadI_predicted,0.047619047619047616,20,20,CGGTCTCCTTGTCGGCAAGA,0,4306674
yadI_predicted,0.047619047619047616,20,20,CGGCGTGTGCCCCGAACATA,0,4355179
yadI_predicted,0.047619047619047616,20,20,CGGATACTGGCCACAGCAGG,0,4308591
yadI_predicted,0.047619047619047616,20,20,CGGAAGAATTTACCTTGTAA,0,4291380
yadI_predicted,0.047619047619047616,20,20,CGCTATGGCAGATGGAAGGA,0,4294557
yadI_predicted,0.047619047619047616,20,20,CGCGGGGGTCCTGTCCAACT,0,4308691
yadI_predicted,0.047619047619047616,20,20,CGCGGCCCGGCCGGCCCTAT,0,4330050
yadI_predicted,0.047619047619047616,20,20,CGCAGGGCGTAAGGAACTAT,0,4363921
yadI_predicted,0.047619047619047616,20,20,CGAGTGGGCCTGTACTTCTA,0,4358349
yadI_predicted,0.047619047619047616,20,20,CGAGCTCGACGAGGGCGGTC,0,4346635
yadI_predicted,0.047619047619047616,20,20,CGAGCACGTCACGTAGAGCA,0,4295654
yadI_predicted,0.047619047619047616,20,20,CGACTCGGAGGACATAAGGT,0,4359220
yadI_predicted,0.047619047619047616,20,20,CCTTACCTCAATAATACGCG,0,4297450
yadI_predicted,0.047619047619047616,20,20,CCTCCCGCGCCATTGTCCAA,0,4329696
yadI_predicted,0.047619047619047616,20,20,CCTACCGAACTTATAGAAGG,0,4336968
yadI_predicted,0.047619047619047616,20,20,CCGTGTAAGTTGCAGTCTCA,0,4330166
yadI_predicted,0.047619047619047616,20,20,CCGTGCTATGCAACCCAGGA,0,4336904
yadI_predicted,0.047619047619047616,20,20,CCGGTGTACAGCTGTTGTGG,0,4285744
yadI_predicted,0.047619047619047616,20,20,CCGGGTACGAATCTTAACAG,0,4351898
yadI_predicted,0.047619047619047616,20,20,CCGGCTCGCATTACTTTTAG,0,4311950
yadI_predicted,0.047619047619047616,20,20,CCGCGTAGGGAACGATAAAC,0,4343257
yadI_predicted,0.047619047619047616,20,20,CCCTTTTTCTCAAATTCCAT,0,4366303
yadI_predicted,0.047619047619047616,20,20,CCCTGGGCGTATAGCGGGGG,0,4317807
yadI_predicted,0.047619047619047616,20,20,CCCTGATCCCGACTCTTGCC,0,4302214
yadI_predicted,0.047619047619047616,20,20,CCCGACTGTCTCGAGGTATG,0,4341275
yadI_predicted,0.047619047619047616,20,20,CCCATGTTACGTGGTTAGTC,0,4285699
yadI_predicted,0.047619047619047616,20,20,CCCAGTTTCGAAATTTGAAG,0,4368762
yadI_predicted,0.047619047619047616,20,20,CCCACTGAAAGGCCAGACTC,0,4347934
yadI_predicted,0.047619047619047616,20,20,CCCACATATCTTCATGTCTG,0,4364079
yadI_predicted,0.047619047619047616,20,20,CCATTGTATTCTGTAAGGTG,0,4361949
yadI_predicted,0.047619047619047616,20,20,CCAGGCCCGGCGCGTATTGT,0,4342022
yadI_predicted,0.047619047619047616,20,20,CCACTTATAACCATAAGTGA,0,4358753
yadI_predicted,0.047619047619047616,20,20,CCACACCGTATTTTCATCGG,0,4297051
yadI_predicted,0.047619047619047616,20,20,CATTGGGCTGGAGCTACAAG,0,4344153
yadI_predicted,0.047619047619047616,20,20,CATGTTATCAGTTTAAAAGC,0,4306237
yadI_predicted,0.047619047619047616,20,20,CATGCTTGTGCAGCGCCAAA,0,4322570
yadI_predicted,0.047619047619047616,20,20,CATGAGAACCTTCTATGACT,0,4287532
yadI_predicted,0.047619047619047616,20,20,CATGAATCAGTCACGGAAAG,0,4298683
yadI_predicted,0.047619047619047616,20,20,CATCCACACCGGGGTTCAAT,0,4369473
yadI_predicted,0.047619047619047616,20,20,CATATAGTCCGCATTTTTCT,0,4306360
yadI_predicted,0.047619047619047616,20,20,CAGGCGGGTAAGGCGGTTAT,0,4305840
yadI_predicted,0.047619047619047616,20,20,CAGGCCCAGTAAAAGTCTGG,0,4342019
yadI_predicted,0.047619047619047616,20,20,CAGGAGTCATTCGCTGGAAG,0,4286126
yadI_predicted,0.047619047619047616,20,20,CAGGAACTGGTCCACCATCG,0,4303107
yadI_predicted,0.047619047619047616,20,20,CAGCCTGCGATAAGGGGCAA,0,4336806
yadI_predicted,0.047619047619047616,20,20,CAGCCAGTGTTGATAGTCTC,0,4332233
yadI_predicted,0.047619047619047616,20,20,CAGAATAACACACCGACCTC,0,4306190
yadI_predicted,0.047619047619047616,20,20,CACTTTAAAATGCAGATTAT,0,4348379
yadI_predicted,0.047619047619047616,20,20,CACTGCTACAGACCAGGTAC,0,4301472
yadI_predicted,0.047619047619047616,20,20,CACGGCGCGCGCGGGGCTAC,0,4359805
yadI_predicted,0.047619047619047616,20,20,CACGCGTGACACCTATTCGT,0,4290151
yadI_predicted,0.047619047619047616,20,20,CACGCCACATATCGGGTAAA,0,4331289
yadI_predicted,0.047619047619047616,20,20,CACCATGCCCAATCCACCCT,0,4366419
yadI_predicted,0.047619047619047616,20,20,CACAACCATAGGAAGTGGAC,0,4357875
yadI_predicted,0.047619047619047616,20,20,CAATTGGGTTAGCTGAGAGC,0,4341359
yadI_predicted,0.047619047619047616,20,20,CAAGGCTTTCCACAATAGTT,0,4288404
yadI_predicted,0.047619047619047616,20,20,CAAGGAATTAACGAAAGCGA,0,4347399
yadI_predicted,0.047619047619047616,20,20,CAACTCCGGACCTCGAAATT,0,4364459
yadI_predicted,0.047619047619047616,20,20,CAACGTAATAGCATTAAAAC,0,4315132
yadI_predicted,0.047619047619047616,20,20,CAACCTCTTTACTGAGGAGT,0,4366376
yadI_predicted,0.047619047619047616,20,20,ATTTGTGACTACTTACCTAC,0,4335918
yadI_predicted,0.047619047619047616,20,20,ATTGTTGTAAGCGGGCATCT,0,4287135
yadI_predicted,0.047619047619047616,20,20,ATTGTAGCGCGTCATGTCCA,0,4316020
yadI_predicted,0.047619047619047616,20,20,ATTGGTATGTGGTCATGATG,0,4348874
yadI_predicted,0.047619047619047616,20,20,ATTGAGCGACCTCGGCTTCC,0,4351406
yadI_predicted,0.047619047619047616,20,20,ATTGACTAAACGGTTTGGAT,0,4319244
yadI_predicted,0.047619047619047616,20,20,ATTCATCAGCTTAAGTAGTA,0,4345676
yadI_predicted,0.047619047619047616,20,20,ATTAGGGCCTACCGAACCGC,0,4367775
yadI_predicted,0.047619047619047616,20,20,ATGTTCCTGCATATTGTTTG,0,4321527
yadI_predicted,0.047619047619047616,20,20,ATGGATGGGGTATGTAATCA,0,4316835
yadI_predicted,0.047619047619047616,20,20,ATGCTATTCTAAGAGTAGTA,0,4320329
yadI_predicted,0.047619047619047616,20,20,ATGATGTACTCGAGGCGGTT,0,4335988
yadI_predicted,0.047619047619047616,20,20,ATGATGCTATACCGGTGGCT,0,4334909
yadI_predicted,0.047619047619047616,20,20,ATGATCTCTAAAGAAGGTTT,0,4312903
yadI_predicted,0.047619047619047616,20,20,ATGAGGGGACAGATTGCTTA,0,4344990
yadI_predicted,0.047619047619047616,20,20,ATCTGGTGATGTAATACATG,0,4361090
yadI_predicted,0.047619047619047616,20,20,ATCTGCGGCGCTCATGTCTA,0,4320716
yadI_predicted,0.047619047619047616,20,20,ATCTGCAGGTGTGTCGAGTC,0,4304726
yadI_predicted,0.047619047619047616,20,20,ATCGGGCTTAGGTTACGGGA,0,4335776
yadI_predicted,0.047619047619047616,20,20,ATCCTCTATGGACACCGGTT,0,4368750
yadI_predicted,0.047619047619047616,20,20,ATATCATGGACGTAATCTCA,0,4353120
yadI_predicted,0.047619047619047616,20,20,ATAGGATAATGCTGGTGTTC,0,4311113
yadI_predicted,0.047619047619047616,20,20,ATAATTCTCCCGCTCCGGAT,0,4309864
yadI_predicted,0.047619047619047616,20,20,ATAAAGTCGAAACCAAATCT,0,4344744
yadI_predicted,0.047619047619047616,20,20,AGTCCAGAAAGAGGCTGGTC,0,4352280
yadI_predicted,0.047619047619047616,20,20,AGTATAGGTACCATTCGAGT,0,4297831
yadI_predicted,0.047619047619047616,20,20,AGTATAGCTGCAGCAGCATT,0,4315756
yadI_predicted,0.047619047619047616,20,20,AGTAGCCCGGCCGACCCTAG,0,4350777
yadI_predicted,0.047619047619047616,20,20,AGTACGCTATAGGATTACGT,0,4350970
yadI_predicted,0.047619047619047616,20,20,AGGTTCCCGATCCCTTCGAT,0,4312394
yadI_predicted,0.047619047619047616,20,20,AGGGTTAGTGCATTACGCTT,0,4305173
yadI_predicted,0.047619047619047616,20,20,AGGGTCTAAGGTAGTAGTCC,0,4325882
yadI_predicted,0.047619047619047616,20,20,AGGGGGAATTAGGTGAGCCT,0,4297595
yadI_predicted,0.047619047619047616,20,20,AGGCATCACCCGTAGTTTGT,0,4322595
yadI_predicted,0.047619047619047616,20,20,AGGAAAAGGCTTATGATTTA,0,4356231
yadI_predicted,0.047619047619047616,20,20,AGCTGGTTCGTTCACATCAC,0,4355006
yadI_predicted,0.047619047619047616,20,20,AGCGGACAAAGGAATGCGAT,0,4330245
yadI_predicted,0.047619047619047616,20,20,AGCCGCCATGGTAAGTCGTG,0,4359311
yadI_predicted,0.047619047619047616,20,20,AGCCCGGTTTTCTAGTCGGG,0,4284819
yadI_predicted,0.047619047619047616,20,20,AGCCCATGACTTTGTGGTCG,0,4369382
yadI_predicted,0.047619047619047616,20,20,AGCAGGAAGCTGACTCCACA,0,4302836
yadI_predicted,0.047619047619047616,20,20,AGACGGGTGGTATCAACTGA,0,4347832
yadI_predicted,0.047619047619047616,20,20,AGACGAGTGCTGTAAGGGAC,0,4347861
yadI_predicted,0.047619047619047616,20,20,AGAAGGTGCAGGTCCCACTT,0,4341773
yadI_predicted,0.047619047619047616,20,20,AGAACCGGTCGTCAAGCATC,0,4357883
yadI_predicted,0.047619047619047616,20,20,ACTTTTCCTCACGGGCTTTA,0,4288544
yadI_predicted,0.047619047619047616,20,20,ACTGGCATGGTTCCGTAATG,0,4361365
yadI_predicted,0.047619047619047616,20,20,ACTCATGCTGCAGTCTTACA,0,4355610
yadI_predicted,0.047619047619047616,20,20,ACTACTTATGGATCGCACAG,0,4366682
yadI_predicted,0.047619047619047616,20,20,ACGAGTGCACCCTTTTTGCT,0,4314075
yadI_predicted,0.047619047619047616,20,20,ACCTACCCGAGTTGAAATGA,0,4308108
yadI_predicted,0.047619047619047616,20,20,ACCGTGTGGCTAATTCAAGC,0,4358616
yadI_predicted,0.047619047619047616,20,20,ACCCCGTCCCTCTCGTGCCA,0,4331775
yadI_predicted,0.047619047619047616,20,20,ACCCCGTCAACCATGCCAAA,0,4335275
yadI_predicted,0.047619047619047616,20,20,ACATGTCGTCAGCGTCATAA,0,4338112
yadI_predicted,0.047619047619047616,20,20,ACATCGCGGGATTTAGGCGT,0,4312869
yadI_predicted,0.047619047619047616,20,20,ACATACGCTAACTCCGCTTC,0,4291290
yadI_predicted,0.047619047619047616,20,20,ACAGTGCGAATCTACTATTA,0,4335214
yadI_predicted,0.047619047619047616,20,20,ACAGCGCTACAAGAAGCTCT,0,4318159
yadI_predicted,0.047619047619047616,20,20,ACAATATAGCCGCACCGACA,0,4322262
yadI_predicted,0.047619047619047616,20,20,AATGCCCGCTCAGGGAGCAT,0,4348070
yadI_predicted,0.047619047619047616,20,20,AATAGTCTTGCAACCAAGTC,0,4343976
yadI_predicted,0.047619047619047616,20,20,AATAAATACTGCCTAGCGGA,0,4345995
yadI_predicted,0.047619047619047616,20,20,AAGTGAAAAGTCCGTATATT,0,4346816
yadI_predicted,0.047619047619047616,20,20,AAGTAAGCTAGTGGATGCAG,0,4332456
yadI_predicted,0.047619047619047616,20,20,AAGTAAATTAGACACCCGCA,0,4362643
yadI_predicted,0.047619047619047616,20,20,AAGGCTTGAGTGCTGAGGGT,0,4319542
yadI_predicted,0.047619047619047616,20,20,AAGCCGAAATCATCTGTTTA,0,4320212
yadI_predicted,0.047619047619047616,20,20,AAGATAGGAATCTGTGGATA,0,4331138
yadI_predicted,0.047619047619047616,20,20,AAGAGTACGCGAATGACATA,0,4342306
yadI_predicted,0.047619047619047616,20,20,AAGACCCGCTCCTATGACTG,0,4321810
yadI_predicted,0.047619047619047616,20,20,AAGAATGTGTCGCCGTTCCA,0,4303379
yadI_predicted,0.047619047619047616,20,20,AACGCGTTGCCAGGGAGAGG,0,4324904
yadI_predicted,0.047619047619047616,20,20,AACATTTTTGGAGAATGCAG,0,4299790
yadI_predicted,0.047619047619047616,20,20,AAATCCAGAGGGGGAACCGA,0,4314637
yadI_predicted,0.047619047619047616,20,20,AAAGTAATATATCCGCTCAG,0,4291920
yadI_predicted,0.047619047619047616,20,20,AAAGGGGTTAGGACCCCGAT,0,4296941
yadI_predicted,0.047619047619047616,20,20,AAAGATTAGTACGGCTGTCT,0,4343106
yadI_predicted,0.047619047619047616,20,20,AAAGAGGTGGTCTTTCAGCC,0,4361801
yadI_predicted,0.047619047619047616,20,20,AAACGACACCATCGACGTAA,0,4342482
yadI_predicted,0.047619047619047616,20,20,AAACCTCAAATAGATTCCGG,0,4344158
yadI_predicted,0.047619047619047616,20,20,AAACCACTTTATGGCATAGG,0,4366609
yadI_predicted,0.047619047619047616,20,20,AAACCAACTTCACCGATGGG,0,4353417
yadI_predicted,0.05,19,19,TTTTGCTTGATCTCGGTCCG,0,4321062
yadI_predicted,0.05,19,19,TTTTCAACGTTCTGATGCCT,0,4366934
yadI_predicted,0.05,19,19,TTTGCTCTACTTAGTGTTAG,0,4287476
yadI_predicted,0.05,19,19,TTTGCATTCGATTCCTATTA,0,4284713
yadI_predicted,0.05,19,19,TTTGCATGAAGGGACCAAGC,0,4311900
yadI_predicted,0.05,19,19,TTTCGCCCTTTTGGGGAAGA,0,4336704
yadI_predicted,0.05,19,19,TTTATTTAGACGGAGTAGTT,0,4300898
yadI_predicted,0.05,19,19,TTTATATTGCAATTCACGGT,0,4342329
yadI_predicted,0.05,19,19,TTGTGTACCAGTGACGTAGT,0,4322589
yadI_predicted,0.05,19,19,TTGTAATATAGGTGAATTGT,0,4365854
yadI_predicted,0.05,19,19,TTGGTGTCTCCAGCACTGGA,0,4368672
yadI_predicted,0.05,19,19,TTGGTCGTTAGGTTAGGCAT,0,4330805
yadI_predicted,0.05,19,19,TTGCGACCGGGTATTCAAAA,0,4356698
yadI_predicted,0.05,19,19,TTGCCTCGACGGCGGGATGT,0,4331363
yadI_predicted,0.05,19,19,TTGCACAAGTCAAGTCTACG,0,4332646
yadI_predicted,0.05,19,19,TTGAGGGGCCTCGGAATTCA,0,4298152
yadI_predicted,0.05,19,19,TTCGGATCCGTAGGTTCGGG,0,4329406
yadI_predicted,0.05,19,19,TTCGCACATATCTGGGGTGA,0,4318663
yadI_predicted,0.05,19,19,TTATGCGGATCTAGGAAGCT,0,4349354
yadI_predicted,0.05,19,19,TTATACCGTCGTAACACACC,0,4369784
yadI_predicted,0.05,19,19,TTAGCGTGCACGCTGGACGG,0,4356703
yadI_predicted,0.05,19,19,TTAGAGTCTGTTAACACGCT,0,4311088
yadI_predicted,0.05,19,19,TTACTCGCAGCCACTGGGAT,0,4291643
yadI_predicted,0.05,19,19,TGTTTCAGGAACGTACCCAC,0,4351007
yadI_predicted,0.05,19,19,TGTTCGTTGCCTTATGCATT,0,4306034
yadI_predicted,0.05,19,19,TGTAGGAATATTAAATATAA,0,4297784
yadI_predicted,0.05,19,19,TGGTCCTCAGTAATAAGAAG,0,4305387
yadI_predicted,0.05,19,19,TGGGCTCACTCCGGTACGAC,0,4302950
yadI_predicted,0.05,19,19,TGGGCGTAACGATCTAGAGG,0,4339690
yadI_predicted,0.05,19,19,TGGCAGGCTTCCATCCTAGT,0,4314613
yadI_predicted,0.05,19,19,TGGAGTAAGGTTTATAAGGT,0,4348602
yadI_predicted,0.05,19,19,TGGAATCTACAGCGGTTGCG,0,4328576
yadI_predicted,0.05,19,19,TGCTTAGAAACCTCGTTGCG,0,4320552
yadI_predicted,0.05,19,19,TGCTATTGGTGTCTGAACCA,0,4366319
yadI_predicted,0.05,19,19,TGCGCGTGATCTTAATGGGA,0,4303112
yadI_predicted,0.05,19,19,TGCCGTACTATCGTTAGTGG,0,4337019
yadI_predicted,0.05,19,19,TGCCGATTCTAATCTGAGAA,0,4322952
yadI_predicted,0.05,19,19,TGCCAGGGGCGAACGGACCC,0,4335078
yadI_predicted,0.05,19,19,TGCAAACAAGGTCCCGAACA,0,4368340
yadI_predicted,0.05,19,19,TGATTGACAAGTACAAGTTT,0,4364137
yadI_predicted,0.05,19,19,TGATTCGTGAATTCATACAT,0,4344373
yadI_predicted,0.05,19,19,TGATTCCCAAAACAGTGATC,0,4333083
yadI_predicted,0.05,19,19,TGATTATGAGGACAGGTCAA,0,4291428
yadI_predicted,0.05,19,19,TGAGACTTTTTCGAGGTTAG,0,4341283
yadI_predicted,0.05,19,19,TGACTTCAACGAGAGTTTTT,0,4332553
yadI_predicted,0.05,19,19,TGAATATGTTTAATATTGCG,0,4368433
yadI_predicted,0.05,19,19,TCTTGGAAGCCCTCCATAGT,0,4362996
yadI_predicted,0.05,19,19,TCTTCGAAGAGAGTCTTGGT,0,4316212
yadI_predicted,0.05,19,19,TCTGTTGCCAGTACCAGGTT,0,4320715
yadI_predicted,0.05,19,19,TCTCGATCACTACATCTAAT,0,4304493
yadI_predicted,0.05,19,19,TCGTTTCCCGCGGACCGCAA,0,4311159
yadI_predicted,0.05,19,19,TCGTGTTATACACCGGACTT,0,4291872
yadI_predicted,0.05,19,19,TCGTGTGTCCTCGGCTGCGC,0,4307803
yadI_predicted,0.05,19,19,TCGGGCTACGAGACATCAAA,0,4320471
yadI_predicted,0.05,19,19,TCGCGTGGGGCGTCGGATGG,0,4349327
yadI_predicted,0.05,19,19,TCGCGATAGTGGTGCGTATG,0,4347626
yadI_predicted,0.05,19,19,TCGAGTTTTGGTCTTCTTTC,0,4339523
yadI_predicted,0.05,19,19,TCCTCGTTGGTACTGCACTT,0,4355919
yadI_predicted,0.05,19,19,TCCCGATTGATGTATAATTT,0,4312011
yadI_predicted,0.05,19,19,TCCCGAGATGCACAGGGTAT,0,4359707
yadI_predicted,0.05,19,19,TCCCACGTGTTTCCGGGGCT,0,4296202
yadI_predicted,0.05,19,19,TCATTATCGGGTTTGAGGGT,0,4300801
yadI_predicted,0.05,19,19,TCATGGGTTACAGCGGTCGC,0,4287641
yadI_predicted,0.05,19,19,TCATCCGCAGAGTATACCAA,0,4358535
yadI_predicted,0.05,19,19,TCATATATTATAGCTAACGC,0,4330659
yadI_predicted,0.05,19,19,TCAGGCTCTTGTCTCTTTCA,0,4316059
yadI_predicted,0.05,19,19,TCAGAATGAGATGGAGCTTC,0,4335207
yadI_predicted,0.05,19,19,TCACCTCGAGGAGACTCATT,0,4294494
yadI_predicted,0.05,19,19,TCACCCCAGGCCTATGGGCT,0,4333698
yadI_predicted,0.05,19,19,TCACAAGAACAACAGAAGGT,0,4321822
yadI_predicted,0.05,19,19,TCAAGTCATTGGTTTTGACA,0,4313401
yadI_predicted,0.05,19,19,TCAACGAAATCCGCATACAA,0,4368353
yadI_predicted,0.05,19,19,TATTTCAGGCCTTCGTAGAG,0,4304398
yadI_predicted,0.05,19,19,TATTCTATGTAGGTGTTGAA,0,4306872
yadI_predicted,0.05,19,19,TATGCGCCTTGGACCAAGAA,0,4310874
yadI_predicted,0.05,19,19,TATGATTTTTATAAACGCAA,0,4308350
yadI_predicted,0.05,19,19,TATCGGCTTATACAAGAACA,0,4318617
yadI_predicted,0.05,19,19,TATATTAATAATCGTGTGCT,0,4286026
yadI_predicted,0.05,19,19,TAGGGTAAGTAGGCAGCCCT,0,4354918
yadI_predicted,0.05,19,19,TAGCAACTACCGGTCCATTG,0,4355416
yadI_predicted,0.05,19,19,TAGCAAACTCCAGCCATCAT,0,4326824
yadI_predicted,0.05,19,19,TAGAGGGTTTTTGACACTGC,0,4299995
yadI_predicted,0.05,19,19,TAGAGGCCTTGAGCGAAGCC,0,4367606
yadI_predicted,0.05,19,19,TACTTAGTTGTGTCTAACCT,0,4334325
yadI_predicted,0.05,19,19,TACCTTACGGCAGTAAAGAA,0,4309265
yadI_predicted,0.05,19,19,TACCCGAGCGAAGGGCTGGA,0,4325869
yadI_predicted,0.05,19,19,TACCCAACCGAGCCTGGTGT,0,4313853
yadI_predicted,0.05,19,19,TAATACGAGTACTGCCGGCG,0,4354687
yadI_predicted,0.05,19,19,TAAGCTTGAATTCATCTTCC,0,4336652
yadI_predicted,0.05,19,19,TAAATAATCCATGCGGCTGA,0,4289746
yadI_predicted,0.05,19,19,TAAAGCCCGTTGGCTAGGCA,0,4312400
yadI_predicted,0.05,19,19,TAAAACGTGGGACCTTGACA,0,4348517
yadI_predicted,0.05,19,19,GTTCGACTTCCGTACAAAAG,0,4356489
yadI_predicted,0.05,19,19,GTTCACGGACATACAACATT,0,4305687
yadI_predicted,0.05,19,19,GTGTTTTCGGAGTTCTTAAA,0,4333537
yadI_predicted,0.05,19,19,GTGGCCCCGCGTGTGCCAGG,0,4301367
yadI_predicted,0.05,19,19,GTGCTGGTTCTCGACAGCCA,0,4351596
yadI_predicted,0.05,19,19,GTGCTGGTATCATTACAGGT,0,4321211
yadI_predicted,0.05,19,19,GTGCGTTAATACCTGACACT,0,4309470
yadI_predicted,0.05,19,19,GTGCACTAGGTAATGTACAG,0,4326391
yadI_predicted,0.05,19,19,GTCGTTCGGTAGCGCGTAGG,0,4343578
yadI_predicted,0.05,19,19,GTCCTTGTATCGGATTGGAT,0,4297403
yadI_predicted,0.05,19,19,GTCCGATATTGATCATGCAC,0,4344684
yadI_predicted,0.05,19,19,GTCCCGGTTTCACCGCCTTT,0,4359237
yadI_predicted,0.05,19,19,GTCCAAAGAATTTGTCATTT,0,4333253
yadI_predicted,0.05,19,19,GTCATCTGCACACCATATAC,0,4329011
yadI_predicted,0.05,19,19,GTCAGGGGGTACCCATGGAT,0,4360734
yadI_predicted,0.05,19,19,GTATTGAGTTCTGGACCCAT,0,4347096
yadI_predicted,0.05,19,19,GTATTAACAGGCCCTGCTAT,0,4366310
yadI_predicted,0.05,19,19,GTATGCGTAACGAGCAAACA,0,4347859
yadI_predicted,0.05,19,19,GTAGGCCTGGACGTCACGTT,0,4302291
yadI_predicted,0.05,19,19,GTAGGCAACATAAAAGTGGT,0,4369470
yadI_predicted,0.05,19,19,GTAAGCAGTTTGGCAAGGAC,0,4285297
yadI_predicted,0.05,19,19,GTAACAGTACCCACGTCTAA,0,4319868
yadI_predicted,0.05,19,19,GTAAAGCACATGCTTATCGT,0,4285399
yadI_predicted,0.05,19,19,GGTTTCGAGTTGGGTTATGC,0,4284235
yadI_predicted,0.05,19,19,GGTTATGAAGTCCGTGATTA,0,4350068
yadI_predicted,0.05,19,19,GGTTATCGGGAGAGCGTAGA,0,4342253
yadI_predicted,0.05,19,19,GGTGTGACACGGTCGCGGTT,0,4353988
yadI_predicted,0.05,19,19,GGTGCCAAACGGGGTACGAG,0,4291587
yadI_predicted,0.05,19,19,GGTCGGACGGAGAACCTTCG,0,4355669
yadI_predicted,0.05,19,19,GGTACTGTTTAACATCGGGG,0,4290600
yadI_predicted,0.05,19,19,GGTAATCCGATGAGACAATA,0,4353122
yadI_predicted,0.05,19,19,GGGTTCCGGACCTCTTGCGA,0,4336223
yadI_predicted,0.05,19,19,GGGTGTGCGGGAACAGGGTT,0,4323564
yadI_predicted,0.05,19,19,GGGGGCGACGAGGGAACCTC,0,4285658
yadI_predicted,0.05,19,19,GGGGCGCTGCCGTAGACCTA,0,4325079
yadI_predicted,0.05,19,19,GGGCTAGGAAAGCCGCGAAC,0,4331080
yadI_predicted,0.05,19,19,GGGCATTGAATTGGCTATCT,0,4305411
yadI_predicted,0.05,19,19,GGGAACTTCTGTGCCACAAA,0,4323051
yadI_predicted,0.05,19,19,GGGAACCTTGTCACGAGAGT,0,4360167
yadI_predicted,0.05,19,19,GGCTGCCCCCGACTGCGTTG,0,4367477
yadI_predicted,0.05,19,19,GGCAGGGTTTCTATACGACA,0,4354626
yadI_predicted,0.05,19,19,GGACAGTTGCTGGAAGATTA,0,4356054
yadI_predicted,0.05,19,19,GGAATACCGCCATGCACGAC,0,4330821
yadI_predicted,0.05,19,19,GGAACACGTAGAGTATTCTC,0,4284559
yadI_predicted,0.05,19,19,GCTTGTTGTGAGTCCACTGT,0,4310301
yadI_predicted,0.05,19,19,GCTTCGCACTCCGGTTTCAT,0,4337056
yadI_predicted,0.05,19,19,GCTTCCCATTCCTGGTCTAG,0,4299407
yadI_predicted,0.05,19,19,GCTGAGGTGACTTTCGAGCG,0,4304088
yadI_predicted,0.05,19,19,GCTCATGGGTTCTATGAGTC,0,4293752
yadI_predicted,0.05,19,19,GCTAGGGGCTAAACTCATCA,0,4335679
yadI_predicted,0.05,19,19,GCTAGCGAATAAGCCAACGG,0,4302607
yadI_predicted,0.05,19,19,GCTAAAAAGATCCCGTTTCA,0,4297129
yadI_predicted,0.05,19,19,GCGTCTCGTATGGCACATTG,0,4310493
yadI_predicted,0.05,19,19,GCGTCGTATGAAAAGAAATA,0,4347113
yadI_predicted,0.05,19,19,GCGGGTTTGGGTAATGGGGA,0,4347830
yadI_predicted,0.05,19,19,GCCGCCCCCTTCAATTTAAC,0,4288227
yadI_predicted,0.05,19,19,GCCCAGCAAGGGCACATGGA,0,4324573
yadI_predicted,0.05,19,19,GCCCAATGCAACTTCGCAGG,0,4292524
yadI_predicted,0.05,19,19,GCATTTTGAACGGGATATTT,0,4344680
yadI_predicted,0.05,19,19,GCATAACCGGAGAAGCGTTT,0,4319082
yadI_predicted,0.05,19,19,GCACGACCCGATAGCCTAAT,0,4299296
yadI_predicted,0.05,19,19,GCAATTGCACCTTCGCCCAT,0,4297460
yadI_predicted,0.05,19,19,GATTGGGTGATCAGCTCACT,0,4324086
yadI_predicted,0.05,19,19,GATTATCTGCAATCCGACAT,0,4288225
yadI_predicted,0.05,19,19,GATTAGCATGTGACATTGGA,0,4345168
yadI_predicted,0.05,19,19,GATGTTAACTGTTTGCTCTG,0,4321984
yadI_predicted,0.05,19,19,GATGCCATACGTTTCTTTGC,0,4329483
yadI_predicted,0.05,19,19,GATCCCTCAAGGGAAGAGTG,0,4338928
yadI_predicted,0.05,19,19,GAGTGTACCATAGGATTAGA,0,4305590
yadI_predicted,0.05,19,19,GAGTCCGGGGGTAAGTATTG,0,4342118
yadI_predicted,0.05,19,19,GAGGGTAAATTTCGCGCTTG,0,4333327
yadI_predicted,0.05,19,19,GAGCTCACACTAAGTGGAAC,0,4316558
yadI_predicted,0.05,19,19,GACCTTGTAAGCGACCGGGT,0,4296472
yadI_predicted,0.05,19,19,GACAACGGCAGAGCCTAAAC,0,4335138
yadI_predicted,0.05,19,19,GAAGTTACCCTGTGTGTTTC,0,4352639
yadI_predicted,0.05,19,19,GAAGGGAAGCACCGGGAATA,0,4305884
yadI_predicted,0.05,19,19,GAACTTTCTCACCACTTTGG,0,4336732
yadI_predicted,0.05,19,19,GAACTTCGCCTTGGAGAAAA,0,4309506
yadI_predicted,0.05,19,19,GAACAGATTAAGTTGTTGAA,0,4297958
yadI_predicted,0.05,19,19,CTTTGGTCGTCAACGGGCCA,0,4330055
yadI_predicted,0.05,19,19,CTTGGCGTCATGGCCAGGTG,0,4320439
yadI_predicted,0.05,19,19,CTTCAACGCATTATCTGGAT,0,4353003
yadI_predicted,0.05,19,19,CTTATATTGAGGCCGGAAGG,0,4315177
yadI_predicted,0.05,19,19,CTTACTTAGGAACGTTGGGG,0,4333136
yadI_predicted,0.05,19,19,CTTACGGTGCAGGGTACGTA,0,4317166
yadI_predicted,0.05,19,19,CTTACACGCGCAATAAGTTC,0,4313795
yadI_predicted,0.05,19,19,CTGTACGGGGGGAGTGGGTA,0,4316522
yadI_predicted,0.05,19,19,CTGTAAGCTAAGCGAGGGCA,0,4353232
yadI_predicted,0.05,19,19,CTGGGCCGGGCGCCTCAAGC,0,4341779
yadI_predicted,0.05,19,19,CTGGCAGCCAGCACGATTAC,0,4292345
yadI_predicted,0.05,19,19,CTGCCGTGGTACCCCACCCT,0,4365694
yadI_predicted,0.05,19,19,CTGCCACATGGGGATAGCGC,0,4285281
yadI_predicted,0.05,19,19,CTGAGGTGGGCCAGTCTGGT,0,4286775
yadI_predicted,0.05,19,19,CTCTCTCATTACCTAGCCCT,0,4284135
yadI_predicted,0.05,19,19,CTCGGCTAGGCTCCCGGTTG,0,4366835
yadI_predicted,0.05,19,19,CTCGCTTAGATTCTACGCTC,0,4347155
yadI_predicted,0.05,19,19,CTCGAGTGCATTGAGTTTAG,0,4322041
yadI_predicted,0.05,19,19,CTCCCACGCAAGTGGAATCT,0,4322699
yadI_predicted,0.05,19,19,CTCCAGAACTGAGAATCGCA,0,4314132
yadI_predicted,0.05,19,19,CTATGACGTCGGGAAAAAAG,0,4292653
yadI_predicted,0.05,19,19,CTATATTGGATTACTCTGAC,0,4303567
yadI_predicted,0.05,19,19,CTAGTCTCACCAGAGACCAA,0,4337058
yadI_predicted,0.05,19,19,CTAGGGCGAGTGCTTCGTGA,0,4348753
yadI_predicted,0.05,19,19,CTAGCATGTGGGGGTAACAT,0,4360629
yadI_predicted,0.05,19,19,CTAAGAACATGGGAGGGTTT,0,4316245
yadI_predicted,0.05,19,19,CTAAATCATGTGCCTCCCCA,0,4328719
yadI_predicted,0.05,19,19,CGTTTGCACGTCCCTCACTT,0,4290833
yadI_predicted,0.05,19,19,CGTTCCAGTTTCAGGTGGAA,0,4318670
yadI_predicted,0.05,19,19,CGTGATGCAGAATCCTACCT,0,4294724
yadI_predicted,0.05,19,19,CGTCTAATTAAATGCAGCCT,0,4342466
yadI_predicted,0.05,19,19,CGTACACCAATTGGTGGGTA,0,4368429
yadI_predicted,0.05,19,19,CGGGTGGTCAGTTTCAAATA,0,4295210
yadI_predicted,0.05,19,19,CGGGTCTGCGTGGCTGGTTG,0,4369369
yadI_predicted,0.05,19,19,CGGGGTTTTCTCGCCTAGAT,0,4293856
yadI_predicted,0.05,19,19,CGGGGTATCGGAGACGGGAC,0,4334987
yadI_predicted,0.05,19,19,CGGCCGAGTTAGTTGGCGCA,0,4368836
yadI_predicted,0.05,19,19,CGGCAAGTCCCATGATACGG,0,4310174
yadI_predicted,0.05,19,19,CGGAGGATAACTACGTCAAC,0,4352179
yadI_predicted,0.05,19,19,CGCTGGCCGGCGATTCAGCC,0,4304043
yadI_predicted,0.05,19,19,CGCTAGGCACTATTGTAGGT,0,4289806
yadI_predicted,0.05,19,19,CGCTACCTTTACAAGGCCGC,0,4322082
yadI_predicted,0.05,19,19,CGCGCGGGATATCCAAACCT,0,4318769
yadI_predicted,0.05,19,19,CGCCGAGCGGGTTACTGACC,0,4325992
yadI_predicted,0.05,19,19,CGCATCGCGGAGCCACCATG,0,4324564
yadI_predicted,0.05,19,19,CGCACGAAGCGTTATTCTCA,0,4298023
yadI_predicted,0.05,19,19,CGCACAGAGCCCTACTTTTA,0,4363738
yadI_predicted,0.05,19,19,CGATTGGACCCGGCAACGAG,0,4344570
yadI_predicted,0.05,19,19,CGATAGGGAGCCGGTCCTGA,0,4314118
yadI_predicted,0.05,19,19,CGAGTATTAGACTTAAGGCC,0,4361583
yadI_predicted,0.05,19,19,CGAGCTCTGAGCTTGTTCGT,0,4288062
yadI_predicted,0.05,19,19,CGACGGGAAGTATTTCAATA,0,4294923
yadI_predicted,0.05,19,19,CGAAGTCAACCTTGACGAGA,0,4300207
yadI_predicted,0.05,19,19,CCTTTGACCGAGAGAAGTGA,0,4301331
yadI_predicted,0.05,19,19,CCTTCGGCTCGCCGTCGCGA,0,4291917
yadI_predicted,0.05,19,19,CCTTACTCGCAACCCTTTCA,0,4320103
yadI_predicted,0.05,19,19,CCTGCTTTCGTCGGTGCGCT,0,4350360
yadI_predicted,0.05,19,19,CCTGCGCATGCGCCACACCA,0,4319777
yadI_predicted,0.05,19,19,CCTGACCTTGTCCCCTCGGT,0,4297114
yadI_predicted,0.05,19,19,CCTATCCTAAACTTAGCGTG,0,4307862
yadI_predicted,0.05,19,19,CCGCGCCTGCCCGCGTCACA,0,4289382
yadI_predicted,0.05,19,19,CCGCCACGGGGTACTAACAA,0,4306696
yadI_predicted,0.05,19,19,CCGAGCCGCATGTACGCAAA,0,4348558
yadI_predicted,0.05,19,19,CCGAGACCTGGGCAGAGTAC,0,4358615
yadI_predicted,0.05,19,19,CCGACGTATTTGGCCTATAT,0,4361126
yadI_predicted,0.05,19,19,CCCTTCATTACATTATACGG,0,4343132
yadI_predicted,0.05,19,19,CCCGTGAGACGCGAGAGACC,0,4302789
yadI_predicted,0.05,19,19,CCCCGGTTCGTTTTAGGGAT,0,4308135
yadI_predicted,0.05,19,19,CCCAAGGGCACTTCTGGTCC,0,4369950
yadI_predicted,0.05,19,19,CCAACGGTTACGGGATGTAG,0,4306030
yadI_predicted,0.05,19,19,CCAAACTAATATTTATATAA,0,4308586
yadI_predicted,0.05,19,19,CATTTTATGGAACGGGATAT,0,4315977
yadI_predicted,0.05,19,19,CATTCCTGGTATAATGGGCT,0,4353414
yadI_predicted,0.05,19,19,CATTCCAACGCAGAGCTAGA,0,4341863
yadI_predicted,0.05,19,19,CATGGTACGATGTTAAAGTT,0,4324365
yadI_predicted,0.05,19,19,CATGAACATAACTAGAGATA,0,4319695
yadI_predicted,0.05,19,19,CATCTCAAGTCATAGTCGCT,0,4361699
yadI_predicted,0.05,19,19,CATCGGACAAACTTGATCAA,0,4365703
yadI_predicted,0.05,19,19,CATCCGCCCCGAGCGTCTAA,0,4343869
yadI_predicted,0.05,19,19,CATCAGGGGGGTAGACTAGG,0,4314193
yadI_predicted,0.05,19,19,CATAGACAGTGTGCCGTTTA,0,4319535
yadI_predicted,0.05,19,19,CAGTATCTGTATTCCAAAGG,0,4308616
yadI_predicted,0.05,19,19,CAGGTTTACCGTTCTATCAA,0,4335639
yadI_predicted,0.05,19,19,CAGGGTGATTGTCAAGACGT,0,4289892
yadI_predicted,0.05,19,19,CAGGACACCTGGTCAGATCC,0,4336000
yadI_predicted,0.05,19,19,CAGATAATACATAAGCCAGT,0,4285005
yadI_predicted,0.05,19,19,CAGACGGGCGAAGGTGATCA,0,4287550
yadI_predicted,0.05,19,19,CACTCGTTATAGTATTCTCG,0,4293301
yadI_predicted,0.05,19,19,CACTAGATGACCATGATTAT,0,4294900
yadI_predicted,0.05,19,19,CACCCGCATTATGGAAGCAG,0,4365838
yadI_predicted,0.05,19,19,CACATAAAGCTCTATTCAAA,0,4326837
yadI_predicted,0.05,19,19,CACACTAAGGTTGGTAATTG,0,4293495
yadI_predicted,0.05,19,19,CAATTTTTCTAGAAACGCCT,0,4325534
yadI_predicted,0.05,19,19,CAAGTCTCACACGATCTCAT,0,4352505
yadI_predicted,0.05,19,19,CAAGCCGTTAGGGCACCGCA,0,4335434
yadI_predicted,0.05,19,19,CAAGCCCGCATTGGATACGT,0,4302044
yadI_predicted,0.05,19,19,CAAATACTGGGCGTCCTTAG,0,4314609
yadI_predicted,0.05,19,19,CAAAGATCGCTCTTCCACAA,0,4324665
yadI_predicted,0.05,19,19,ATTTATTGCACGCGAATCTT,0,4319947
yadI_predicted,0.05,19,19,ATTGAGCTCGTACTGCCCGA,0,4367216
yadI_predicted,0.05,19,19,ATTCGAGGGTGAGTAAAGTG,0,4284437
yadI_predicted,0.05,19,19,ATTCAGGCTGGTCGTATAAT,0,4327540
yadI_predicted,0.05,19,19,ATTATAGAGCCACCAAAAAC,0,4316909
yadI_predicted,0.05,19,19,ATTACTAGGAGCGTCCGGTC,0,4367493
yadI_predicted,0.05,19,19,ATTAAGTAACTGCGGGCAAG,0,4289220
yadI_predicted,0.05,19,19,ATGTACGTACAACAAGGCCC,0,4331630
yadI_predicted,0.05,19,19,ATGGGGAAGTTCTTGTGAGG,0,4308351
yadI_predicted,0.05,19,19,ATGGGACATTGTTCCTGTCA,0,4296333
yadI_predicted,0.05,19,19,ATGCTAGGCAAGACAGTTGG,0,4308791
yadI_predicted,0.05,19,19,ATGCAATCCCCGTGGCTAAC,0,4319024
yadI_predicted,0.05,19,19,ATGATCGCCGGATGTCTTTA,0,4328421
yadI_predicted,0.05,19,19,ATGACATCTTGCCCATTCAG,0,4299208
yadI_predicted,0.05,19,19,ATCTTGCTTAAAGTCAAAGG,0,4315090
yadI_predicted,0.05,19,19,ATCTAGTGTACTAGTACTTA,0,4342551
yadI_predicted,0.05,19,19,ATCGTGGGAGCCTCTCGTAT,0,4351835
yadI_predicted,0.05,19,19,ATCGAGGGAAGTGTGGCATC,0,4305888
yadI_predicted,0.05,19,19,ATCCACGAAGAGTATACCAT,0,4344600
yadI_predicted,0.05,19,19,ATCCACCGGAGGGGGAACGT,0,4324444
yadI_predicted,0.05,19,19,ATCATCGTTCCATCGGTATA,0,4306267
yadI_predicted,0.05,19,19,ATCAGATTATACTTCCGGAG,0,4350489
yadI_predicted,0.05,19,19,ATCAAATTGCACGGCTCTGG,0,4291246
yadI_predicted,0.05,19,19,ATATTGACCGTGATACCTCA,0,4289055
yadI_predicted,0.05,19,19,ATATCGAAGTTCCTCTACAT,0,4357886
yadI_predicted,0.05,19,19,ATACCAGGCTAAGGTCGGTG,0,4322718
yadI_predicted,0.05,19,19,ATACACAACCCGGGCGTCAA,0,4286583
yadI_predicted,0.05,19,19,ATAACCTATCGTGGGGCGGT,0,4315772
yadI_predicted,0.05,19,19,AGTTGCGTTAGGCAGTCAGC,0,4288609
yadI_predicted,0.05,19,19,AGTTATGGAGTGAGATATTT,0,4291864
yadI_predicted,0.05,19,19,AGTTAGTCCGTGCACGCGCC,0,4309116
yadI_predicted,0.05,19,19,AGTGTTACATCTCGTACACT,0,4307700
yadI_predicted,0.05,19,19,AGTGTGTGGCGGGCAGGAAT,0,4287343
yadI_predicted,0.05,19,19,AGTGTCTACTGTGGGTGCTT,0,4299996
yadI_predicted,0.05,19,19,AGTCTTTTGGAGAGTACCTC,0,4356163
yadI_predicted,0.05,19,19,AGTCCGACCAACCCCGGTTT,0,4292449
yadI_predicted,0.05,19,19,AGTCCACACGGACGGTGTCT,0,4359599
yadI_predicted,0.05,19,19,AGGTCCCAAGGAAGTATTAC,0,4296072
yadI_predicted,0.05,19,19,AGGTACCCAGCAGTCTTCAA,0,4334358
yadI_predicted,0.05,19,19,AGGGCGGGAATGTCGGATCG,0,4289652
yadI_predicted,0.05,19,19,AGGGCAAGTAGAGATTATAA,0,4289169
yadI_predicted,0.05,19,19,AGGAATACGAAAACGGGACC,0,4330370
yadI_predicted,0.05,19,19,AGCTTGTGTGGGTCGTGCCT,0,4333970
yadI_predicted,0.05,19,19,AGCTGGAAACCAACCGACTA,0,4290913
yadI_predicted,0.05,19,19,AGCGGGTTATCGTGAGCTAA,0,4284362
yadI_predicted,0.05,19,19,AGCCGGTCCATTGTCTTGTA,0,4326769
yadI_predicted,0.05,19,19,AGCCGGATCGAACAGATATC,0,4315013
yadI_predicted,0.05,19,19,AGCCATGGAGACGTTAATTC,0,4291097
yadI_predicted,0.05,19,19,AGATGCGGGGCACCGGACCA,0,4369289
yadI_predicted,0.05,19,19,AGAGTGATTGGATGGTGGTG,0,4299182
yadI_predicted,0.05,19,19,AGACTCGTTAAAGATAGACA,0,4330946
yadI_predicted,0.05,19,19,AGACCCGATGCAAACTACGT,0,4366064
yadI_predicted,0.05,19,19,AGACAAGACAGAGGTATCCC,0,4348154
yadI_predicted,0.05,19,19,AGAAGGGCCGGTTTCCAAGG,0,4312791
yadI_predicted,0.05,19,19,ACTTGGTCTATCTGCATGCA,0,4329699
yadI_predicted,0.05,19,19,ACTTGCCCAATGAATATGAT,0,4345902
yadI_predicted,0.05,19,19,ACTGTTAATCTTTCATGAAC,0,4332390
yadI_predicted,0.05,19,19,ACTGGTGCGTAATATAGTGC,0,4316044
yadI_predicted,0.05,19,19,ACTCGTATTGGAGGCTCAGC,0,4341832
yadI_predicted,0.05,19,19,ACTCGACATTACTTTTCCCC,0,4318238
yadI_predicted,0.05,19,19,ACGTTCGAGCTATGCAGCAG,0,4355852
yadI_predicted,0.05,19,19,ACGTGTGTGAAGCGCTTTTA,0,4290785
yadI_predicted,0.05,19,19,ACGTCCGGGCATGGCAGTGG,0,4355317
yadI_predicted,0.05,19,19,ACGGCCCACCCTACTGATTA,0,4288331
yadI_predicted,0.05,19,19,ACGGAAATATCATGCTTCCT,0,4352312
yadI_predicted,0.05,19,19,ACGCAAACGAGGCTTGCCGC,0,4313961
yadI_predicted,0.05,19,19,ACGAATCCGCTTATGTTTGT,0,4339960
yadI_predicted,0.05,19,19,ACCTTGACCACTCCGGCCCA,0,4356076
yadI_predicted,0.05,19,19,ACCTCATCGTACAACACCAT,0,4339900
yadI_predicted,0.05,19,19,ACCGTAGGACGCACTCAATA,0,4333256
yadI_predicted,0.05,19,19,ACCGGATGAATCAGTGGGTG,0,4300382
yadI_predicted,0.05,19,19,ACCGGATAGCCTTATGACGA,0,4332293
yadI_predicted,0.05,19,19,ACCGGACTTAGCCGGGTGAT,0,4367508
yadI_predicted,0.05,19,19,ACCCTATCAGCTGGTAAGAC,0,4324218
yadI_predicted,0.05,19,19,ACCATGGTCCAACCTACATG,0,4361386
yadI_predicted,0.05,19,19,ACCATACTATTACCCGTGCA,0,4287599
yadI_predicted,0.05,19,19,ACCAGCATTGGAGGAATTAG,0,4343466
yadI_predicted,0.05,19,19,ACATGCCACTGACATGATGC,0,4340238
yadI_predicted,0.05,19,19,ACACGGTTGCTCCCAGATAA,0,4315732
yadI_predicted,0.05,19,19,ACACGGGTCCCCTCATGGAT,0,4307872
yadI_predicted,0.05,19,19,ACAATGCGCGTGGTTAACGG,0,4354262
yadI_predicted,0.05,19,19,ACAAGCTGACTGTGAACGAA,0,4358810
yadI_predicted,0.05,19,19,ACAAGAACTAATTGTCCTGT,0,4300463
yadI_predicted,0.05,19,19,ACAAATGATCAATCGGAGAG,0,4353250
yadI_predicted,0.05,19,19,AATTAGACCTTGGGTACCCA,0,4337558
yadI_predicted,0.05,19,19,AATGGGCCAACCACGCCCTT,0,4363280
yadI_predicted,0.05,19,19,AATGGCCTAATACGGCTGGC,0,4357275
yadI_predicted,0.05,19,19,AATGCCCATAAAGGCGGGGT,0,4288436
yadI_predicted,0.05,19,19,AATATTGAGTAGCGATCATT,0,4307666
yadI_predicted,0.05,19,19,AATAGAAGCGCGAACATGGC,0,4322866
yadI_predicted,0.05,19,19,AAGTCGTGGAGAATTCCAAT,0,4331196
yadI_predicted,0.05,19,19,AAGCTTCGTAGAAGTTGCCT,0,4355310
yadI_predicted,0.05,19,19,AAGCCGTTGATTGCATGGAC,0,4357495
yadI_predicted,0.05,19,19,AAGCATTACACCGAACTAGA,0,4357436
yadI_predicted,0.05,19,19,AAGATTCAGTAAGTCAAATA,0,4366512
yadI_predicted,0.05,19,19,AAGAGGGGCTACCCTGCCGG,0,4296048
yadI_predicted,0.05,19,19,AAGACACGGTGAATTTTGTA,0,4364819
yadI_predicted,0.05,19,19,AACTACATGATACAACCAGT,0,4359757
yadI_predicted,0.05,19,19,AACGGGACTGGTGAGCCGTG,0,4364316
yadI_predicted,0.05,19,19,AACGCCTATGGCTAGGAGTG,0,4329347
yadI_predicted,0.05,19,19,AACCTAATAGGCAGTGGGAA,0,4340744
yadI_predicted,0.05,19,19,AACCGAAGGACGTCCATATG,0,4308790
yadI_predicted,0.05,19,19,AACATGTCGCTGCTCTTCTA,0,4336649
yadI_predicted,0.05,19,19,AACATATTAGAAGTAATTGG,0,4327916
yadI_predicted,0.05,19,19,AACATAGAGAAGGCCGGAGT,0,4295177
yadI_predicted,0.05,19,19,AACAATGCGCCGCCCGGGCG,0,4299739
yadI_predicted,0.05,19,19,AAATTGTCTCCCGTAGATCG,0,4325827
yadI_predicted,0.05,19,19,AAATGCTGTGTACGTTATTA,0,4296949
yadI_predicted,0.05,19,19,AAAGCGCGGAGTGCCATCGT,0,4354187
yadI_predicted,0.05,19,19,AAACGGGGGTCTGCCTACAA,0,4314416
yadI_predicted,0.05,19,19,AAACGCCTCATTACAAACGT,0,4360682
yadI_predicted,0.05,19,19,AAACGAGTCGGGGACAGGCA,0,4352049
yadI_predicted,0.05,19,19,AAAATAGGATGCCTTCGTCA,0,4310588
yadI_predicted,0.05,19,19,AAAAAATATAAACGAGCTTG,0,4306139
yadI_predicted,0.05263157894736842,18,18,TTTTTTTTATGGGCGACCAG,0,4317148
yadI_predicted,0.05263157894736842,18,18,TTTTCAACCATTCAGTTTGA,0,4356572
yadI_predicted,0.05263157894736842,18,18,TTTGTCGCTGGTGGGCTCGC,0,4350047
yadI_predicted,0.05263157894736842,18,18,TTTCCTGGAAAGCCCATAAA,0,4309661
yadI_predicted,0.05263157894736842,18,18,TTTCATTTGATTGCCAAACG,0,4292809
yadI_predicted,0.05263157894736842,18,18,TTTATTCGTCCGGCGGATAG,0,4298924
yadI_predicted,0.05263157894736842,18,18,TTTATGGGGAAGTTTCAGGT,0,4317394
yadI_predicted,0.05263157894736842,18,18,TTTAAGCTCCTTTTTAACTT,0,4332503
yadI_predicted,0.05263157894736842,18,18,TTGTCATCAACGTAGCGTTA,0,4315331
yadI_predicted,0.05263157894736842,18,18,TTGCTCCGTGCCAACCATGG,0,4290835
yadI_predicted,0.05263157894736842,18,18,TTGCGTTAGATACCAGCAGG,0,4343727
yadI_predicted,0.05263157894736842,18,18,TTGCCGTGGGGGCGCGCTGC,0,4333120
yadI_predicted,0.05263157894736842,18,18,TTGCATGCTGGAGAAAACAG,0,4326107
yadI_predicted,0.05263157894736842,18,18,TTGCAAATAGGCAGGTCCTA,0,4368823
yadI_predicted,0.05263157894736842,18,18,TTGAGACACGGTGGGGCAGG,0,4289137
yadI_predicted,0.05263157894736842,18,18,TTGAATGGGTAACAGGCGAG,0,4358018
yadI_predicted,0.05263157894736842,18,18,TTCTTCGGGTATGTACGAGA,0,4326109
yadI_predicted,0.05263157894736842,18,18,TTCTGCGGGGGAAGCCGATA,0,4312483
yadI_predicted,0.05263157894736842,18,18,TTCTGACAGTTGGCGCTGAA,0,4325082
yadI_predicted,0.05263157894736842,18,18,TTCGTTCATACTGACTGGAA,0,4367779
yadI_predicted,0.05263157894736842,18,18,TTCCGTCTTGGGGAGGGGCT,0,4337378
yadI_predicted,0.05263157894736842,18,18,TTCCGCTAACATGTAAGACG,0,4312749
yadI_predicted,0.05263157894736842,18,18,TTCCCTGGTCACACAGCACG,0,4334088
yadI_predicted,0.05263157894736842,18,18,TTCCATGTTTCTGGGTCAAA,0,4305341
yadI_predicted,0.05263157894736842,18,18,TTCCATGGTCTCGGTTAAGG,0,4352174
yadI_predicted,0.05263157894736842,18,18,TTCCATCCTCGCTCACCCCC,0,4316214
yadI_predicted,0.05263157894736842,18,18,TTCCATAAGGAAAATCAGAC,0,4326629
yadI_predicted,0.05263157894736842,18,18,TTCCAGTCTACCAGCGCGTG,0,4291645
yadI_predicted,0.05263157894736842,18,18,TTCATCACGGCCGAACTTTA,0,4310754
yadI_predicted,0.05263157894736842,18,18,TTCAATCTGTGTATTTACGA,0,4355319
yadI_predicted,0.05263157894736842,18,18,TTCAAGTACGATTCCCAAGG,0,4368780
yadI_predicted,0.05263157894736842,18,18,TTATTACGAAGTGCTCTATT,0,4368760
yadI_predicted,0.05263157894736842,18,18,TTATCAGTTGCATAGAAGAT,0,4356952
yadI_predicted,0.05263157894736842,18,18,TTAGGTCTAGCGGTCTAGCA,0,4307939
yadI_predicted,0.05263157894736842,18,18,TTAGGGCACGCTGCCTGTCC,0,4331449
yadI_predicted,0.05263157894736842,18,18,TTAGATCGCTCAATCTTGTG,0,4340377
yadI_predicted,0.05263157894736842,18,18,TTAGAAACCTCAGCACGAGG,0,4342384
yadI_predicted,0.05263157894736842,18,18,TTACAAGCAGCCTAACTGAT,0,4312094
yadI_predicted,0.05263157894736842,18,18,TTAAGTTTGTTGTCCACGCA,0,4366193
yadI_predicted,0.05263157894736842,18,18,TTAAGGCGACTCCGGTAGTG,0,4358552
yadI_predicted,0.05263157894736842,18,18,TTAACAGTGAATGTCCGACA,0,4337283
yadI_predicted,0.05263157894736842,18,18,TGTTTTAGGAGACAAACATA,0,4345626
yadI_predicted,0.05263157894736842,18,18,TGTTGGACTATGTCCCCCTT,0,4352628
yadI_predicted,0.05263157894736842,18,18,TGTTCGGGCGCCAGCAGGTA,0,4312325
yadI_predicted,0.05263157894736842,18,18,TGTTACCCGAACGTAGGTCT,0,4307518
yadI_predicted,0.05263157894736842,18,18,TGTGAGCCAAGGTTGCATCG,0,4298740
yadI_predicted,0.05263157894736842,18,18,TGGTGTGTGTGTAAGACCCT,0,4359565
yadI_predicted,0.05263157894736842,18,18,TGGGGGTGTTGGCTCGGATC,0,4336859
yadI_predicted,0.05263157894736842,18,18,TGGCTCTTGATAATCAGCAG,0,4315220
yadI_predicted,0.05263157894736842,18,18,TGGAGTTTAGGCAACTGTTG,0,4354238
yadI_predicted,0.05263157894736842,18,18,TGGACGTACCTTATGGGGGA,0,4291578
yadI_predicted,0.05263157894736842,18,18,TGGACATTGCGTACAGTGGA,0,4365383
yadI_predicted,0.05263157894736842,18,18,TGCTTGGTAATCTCACTCGG,0,4338259
yadI_predicted,0.05263157894736842,18,18,TGCTAATGTTACCTCTGGCA,0,4293095
yadI_predicted,0.05263157894736842,18,18,TGCGGCAATCTTACGCGGGT,0,4355935
yadI_predicted,0.05263157894736842,18,18,TGATAACGGGGTTCGCTCGT,0,4323528
yadI_predicted,0.05263157894736842,18,18,TGAGGTACACTAGGTGCCAG,0,4337488
yadI_predicted,0.05263157894736842,18,18,TGAGCGGGACGCCAACATCT,0,4297636
yadI_predicted,0.05263157894736842,18,18,TGAACCACCGGTATCGCCAA,0,4351791
yadI_predicted,0.05263157894736842,18,18,TCTTTTGTCTTGTCCATCAA,0,4343247
yadI_predicted,0.05263157894736842,18,18,TCTGTAGTGACCAATATCCA,0,4342404
yadI_predicted,0.05263157894736842,18,18,TCTCAGCGACAAGACCTCGA,0,4304545
yadI_predicted,0.05263157894736842,18,18,TCTAGCCTGTATTAAATTTA,0,4285599
yadI_predicted,0.05263157894736842,18,18,TCGCGGAGCCCGACCTGGAT,0,4326189
yadI_predicted,0.05263157894736842,18,18,TCGCAGAGGCGCTTGTCCGA,0,4357770
yadI_predicted,0.05263157894736842,18,18,TCCTCGATCGAACTCATCGC,0,4335704
yadI_predicted,0.05263157894736842,18,18,TCCTCAGGTATCCATCGGAT,0,4358284
yadI_predicted,0.05263157894736842,18,18,TCCTACCGGCTGGCCAGTTA,0,4296957
yadI_predicted,0.05263157894736842,18,18,TCCATTCGCAAGCTTGAGCC,0,4321556
yadI_predicted,0.05263157894736842,18,18,TCACGGTGCAGTGGTAGGTG,0,4289260
yadI_predicted,0.05263157894736842,18,18,TCAACCCGTCCAACGTAGAA,0,4369678
yadI_predicted,0.05263157894736842,18,18,TATTCGTATTTTCGCTACGA,0,4350114
yadI_predicted,0.05263157894736842,18,18,TATTCGCGAACAAATCTGTA,0,4367693
yadI_predicted,0.05263157894736842,18,18,TATCGCGTTCAAATTTGAGC,0,4342662
yadI_predicted,0.05263157894736842,18,18,TATATTAGAGAGATGGCTTA,0,4333240
yadI_predicted,0.05263157894736842,18,18,TATAACATGCAACACTCATC,0,4323352
yadI_predicted,0.05263157894736842,18,18,TAGGGTGAGCCAGGCTGTTT,0,4320828
yadI_predicted,0.05263157894736842,18,18,TAGGCTCTCTGTTTGGGTGT,0,4339382
yadI_predicted,0.05263157894736842,18,18,TAGCCTTAGAGGCATGGCTC,0,4348889
yadI_predicted,0.05263157894736842,18,18,TAGCCGAGGCTAAAACGGTA,0,4288777
yadI_predicted,0.05263157894736842,18,18,TAGAGTTGTTATGTATCGTA,0,4366511
yadI_predicted,0.05263157894736842,18,18,TAGAGACGGTGCTCCAGTAT,0,4311646
yadI_predicted,0.05263157894736842,18,18,TACTGCAACTAGAATGAGAC,0,4340876
yadI_predicted,0.05263157894736842,18,18,TACTGAGCCGTTAGTAGGGT,0,4323462
yadI_predicted,0.05263157894736842,18,18,TACTCGTGTGATTTTTCGGT,0,4287717
yadI_predicted,0.05263157894736842,18,18,TACTACCCCTATATGACTTA,0,4343054
yadI_predicted,0.05263157894736842,18,18,TACTAATGTCCAGGCAGAGA,0,4346287
yadI_predicted,0.05263157894736842,18,18,TACGGTAATACTATGGGCAA,0,4312169
yadI_predicted,0.05263157894736842,18,18,TACGGGGCGGACCGTTAAAT,0,4310751
yadI_predicted,0.05263157894736842,18,18,TACGGACGCTAATTCCCTAA,0,4329523
yadI_predicted,0.05263157894736842,18,18,TACGAGTGAGTAGGCCGCGA,0,4318431
yadI_predicted,0.05263157894736842,18,18,TACCGGGTATGGGATCGGGG,0,4308423
yadI_predicted,0.05263157894736842,18,18,TACCCGTCGGATTGGCGCGA,0,4321987
yadI_predicted,0.05263157894736842,18,18,TACAAGTCTATGCATAATCG,0,4331293
yadI_predicted,0.05263157894736842,18,18,TAATTGTCTATCTGTGCGCA,0,4304940
yadI_predicted,0.05263157894736842,18,18,TAATTGCTCTGGTCTACTAA,0,4310079
yadI_predicted,0.05263157894736842,18,18,TAATATTATAGCGTACCAAT,0,4285091
yadI_predicted,0.05263157894736842,18,18,TAAGTCCCGATTTACGGGGT,0,4328380
yadI_predicted,0.05263157894736842,18,18,TAAGGTCAGCACCACCGTAC,0,4347319
yadI_predicted,0.05263157894736842,18,18,TAAGCCCATTATCCGGAGAC,0,4288911
yadI_predicted,0.05263157894736842,18,18,TAAGCAAGCCTGTTGAACAG,0,4345616
yadI_predicted,0.05263157894736842,18,18,TAACGTGCACTTCCGATTTG,0,4308918
yadI_predicted,0.05263157894736842,18,18,TAACGGCACCGTCTACAGGG,0,4314964
yadI_predicted,0.05263157894736842,18,18,TAAACCCCCGTTTAAGAGGA,0,4317078
yadI_predicted,0.05263157894736842,18,18,TAAAACGAAAATGACAGTGG,0,4322731
yadI_predicted,0.05263157894736842,18,18,GTTTTCGATGTCTAGATTAT,0,4325866
yadI_predicted,0.05263157894736842,18,18,GTTTCCTGCGATGTCTAGGG,0,4312416
yadI_predicted,0.05263157894736842,18,18,GTTGGACTTTGTCTAAGTTT,0,4331744
yadI_predicted,0.05263157894736842,18,18,GTTCTGTGCCCAATCAGTAG,0,4333129
yadI_predicted,0.05263157894736842,18,18,GTTCTGATTTGTCACCCTTT,0,4363351
yadI_predicted,0.05263157894736842,18,18,GTTATATCAAAACAAACTCC,0,4312587
yadI_predicted,0.05263157894736842,18,18,GTGTCGGGATTACATAAAGA,0,4308674
yadI_predicted,0.05263157894736842,18,18,GTGTATCAGGCTCAGGAGGG,0,4348542
yadI_predicted,0.05263157894736842,18,18,GTGGAATTATCTCCGGTCCA,0,4320808
yadI_predicted,0.05263157894736842,18,18,GTGCTGCATACGTTGATAAG,0,4317023
yadI_predicted,0.05263157894736842,18,18,GTGCTCAGGCCCTAAGGCGC,0,4336877
yadI_predicted,0.05263157894736842,18,18,GTGATACCGAACGGCTACCC,0,4297452
yadI_predicted,0.05263157894736842,18,18,GTCTTGGGCCGGTAACAACA,0,4362487
yadI_predicted,0.05263157894736842,18,18,GTCTTCGCCGTTTGGGAACT,0,4327774
yadI_predicted,0.05263157894736842,18,18,GTCGGCGGCTTAGAAAGAGA,0,4360828
yadI_predicted,0.05263157894736842,18,18,GTCGCTTTGAACGAGGCTCC,0,4330118
yadI_predicted,0.05263157894736842,18,18,GTCCTTAGGCCGTTAGCGCC,0,4292641
yadI_predicted,0.05263157894736842,18,18,GTCCGGGACTTTTCTTTCTA,0,4334654
yadI_predicted,0.05263157894736842,18,18,GTCCGGCTGAATCACCCTTC,0,4302773
yadI_predicted,0.05263157894736842,18,18,GTCCATGGAAAACGCGTTAG,0,4296334
yadI_predicted,0.05263157894736842,18,18,GTCATATGTAGTAATGATGA,0,4339480
yadI_predicted,0.05263157894736842,18,18,GTCACAATTCAAATTACCGG,0,4344736
yadI_predicted,0.05263157894736842,18,18,GTATTACGGTAGGTTCTTAT,0,4284540
yadI_predicted,0.05263157894736842,18,18,GTATGATAGGTGCTGTATTT,0,4314561
yadI_predicted,0.05263157894736842,18,18,GTATCGCGGGATACGCGGAC,0,4348564
yadI_predicted,0.05263157894736842,18,18,GTATAGACATCGCTTACGGA,0,4297369
yadI_predicted,0.05263157894736842,18,18,GTAGGGCATTCGAGCTCGTA,0,4296188
yadI_predicted,0.05263157894736842,18,18,GTAAATAGGGCGGTGAACTA,0,4306059
yadI_predicted,0.05263157894736842,18,18,GGTTTTTGAAGCCCGTTAGC,0,4304488
yadI_predicted,0.05263157894736842,18,18,GGTTTCCTGTTAGTTGCCAA,0,4285846
yadI_predicted,0.05263157894736842,18,18,GGTGCACTCCGCCAGGTCAA,0,4292152
yadI_predicted,0.05263157894736842,18,18,GGTCCTCCGGATCACTCGGG,0,4351854
yadI_predicted,0.05263157894736842,18,18,GGTCCGACTGCTTTAAAGAA,0,4337365
yadI_predicted,0.05263157894736842,18,18,GGTATCGTGGCTAATATCTA,0,4307523
yadI_predicted,0.05263157894736842,18,18,GGTATCCAGGTACGGGGACG,0,4360683
yadI_predicted,0.05263157894736842,18,18,GGTAGTAGCTTGCCGGTCCA,0,4297945
yadI_predicted,0.05263157894736842,18,18,GGTAGTACGATCGCGTTTTT,0,4285012
yadI_predicted,0.05263157894736842,18,18,GGTACATAAACGATCAGTGG,0,4300187
yadI_predicted,0.05263157894736842,18,18,GGTAAAGGCGGACACATTCC,0,4314433
yadI_predicted,0.05263157894736842,18,18,GGGGATAAAAGCCTCGCCAT,0,4344157
yadI_predicted,0.05263157894736842,18,18,GGGCGCACTCGGTGGAATAC,0,4338347
yadI_predicted,0.05263157894736842,18,18,GGCTGGTGGTCTGGTTCGTA,0,4357780
yadI_predicted,0.05263157894736842,18,18,GGCTCCTCGCTTTACCCTCA,0,4348837
yadI_predicted,0.05263157894736842,18,18,GGCCGTCACGGACGGGAACT,0,4290909
yadI_predicted,0.05263157894736842,18,18,GGCCGAACCAGTTCGCGTAA,0,4297196
yadI_predicted,0.05263157894736842,18,18,GGCCCCGGCACGTAGTTAGA,0,4286673
yadI_predicted,0.05263157894736842,18,18,GGCCAGGGCTTCTACGCCAC,0,4344656
yadI_predicted,0.05263157894736842,18,18,GGCCAAATTTATTTGCCATA,0,4327852
yadI_predicted,0.05263157894736842,18,18,GGATTACAGTCTAGCTTTGC,0,4368496
yadI_predicted,0.05263157894736842,18,18,GGATGCCATGACAGCCGGGT,0,4303113
yadI_predicted,0.05263157894736842,18,18,GGAGTGTGCTGCACGGAGCC,0,4369949
yadI_predicted,0.05263157894736842,18,18,GGAGGTGCTCCAGGTGGGAA,0,4350867
yadI_predicted,0.05263157894736842,18,18,GGAAGGACCGCGCTGGGTCA,0,4328285
yadI_predicted,0.05263157894736842,18,18,GCTTTATTGTGTGGAAACCC,0,4321687
yadI_predicted,0.05263157894736842,18,18,GCTGATTAGAATGCCTCGAG,0,4362957
yadI_predicted,0.05263157894736842,18,18,GCTGACATTAGTTCTCCGCG,0,4353638
yadI_predicted,0.05263157894736842,18,18,GCTATGGTTCGCCCGCCAAA,0,4354082
yadI_predicted,0.05263157894736842,18,18,GCGGATATATTGACAGACAG,0,4289022
yadI_predicted,0.05263157894736842,18,18,GCGATTCCTGACAGCGCAAT,0,4341580
yadI_predicted,0.05263157894736842,18,18,GCCTTAGCATCGGTAACCGT,0,4347365
yadI_predicted,0.05263157894736842,18,18,GCCTTAACTCGGTCGCGTGT,0,4316618
yadI_predicted,0.05263157894736842,18,18,GCCGCCCCGGTTGTACCAAC,0,4331830
yadI_predicted,0.05263157894736842,18,18,GCCGAACCAGAAGTTAGTCA,0,4341139
yadI_predicted,0.05263157894736842,18,18,GCCCAATAGGGCTCCATGGT,0,4331900
yadI_predicted,0.05263157894736842,18,18,GCCCAAGTTTGGGGGAATTG,0,4315556
yadI_predicted,0.05263157894736842,18,18,GCCATTGGGACGAGGAATTG,0,4360855
yadI_predicted,0.05263157894736842,18,18,GCCAGCTTCCGATAAACAGC,0,4308243
yadI_predicted,0.05263157894736842,18,18,GCAGTCGCACACATCTTGGT,0,4363283
yadI_predicted,0.05263157894736842,18,18,GCAGAAATCCAGGCCCGACA,0,4359761
yadI_predicted,0.05263157894736842,18,18,GCAAGCCACGAATTCTTGCA,0,4365263
yadI_predicted,0.05263157894736842,18,18,GCAAGCAAAACAAAGGCATT,0,4341460
yadI_predicted,0.05263157894736842,18,18,GCAACGGCAACGTAGACAGG,0,4344692
yadI_predicted,0.05263157894736842,18,18,GATTGGCTCTGACGTCCCTG,0,4318424
yadI_predicted,0.05263157894736842,18,18,GATTATGGGACGTTGGATGG,0,4364169
yadI_predicted,0.05263157894736842,18,18,GATTAAAGCGATTTTTTCAG,0,4337454
yadI_predicted,0.05263157894736842,18,18,GATGTTCAACACCGCACCTG,0,4326905
yadI_predicted,0.05263157894736842,18,18,GATCTGGCGTCTCGCTCCAC,0,4344225
yadI_predicted,0.05263157894736842,18,18,GATCAACCGTCTACTCAAGA,0,4350559
yadI_predicted,0.05263157894736842,18,18,GATACTCACAGTCAATTGAA,0,4339096
yadI_predicted,0.05263157894736842,18,18,GATAACTCTGGACCTCCGAT,0,4348692
yadI_predicted,0.05263157894736842,18,18,GAGTGACTGCGATAGACTAC,0,4333391
yadI_predicted,0.05263157894736842,18,18,GAGTCTGGGACAACTGGTGC,0,4308148
yadI_predicted,0.05263157894736842,18,18,GAGTCACGATCGGGTGACGT,0,4304503
yadI_predicted,0.05263157894736842,18,18,GAGTACTGCCGCCACTCCCT,0,4300269
yadI_predicted,0.05263157894736842,18,18,GAGGTACTGTACGTAGGGCT,0,4341949
yadI_predicted,0.05263157894736842,18,18,GAGGCCTCGTGGGCGTTCTC,0,4315964
yadI_predicted,0.05263157894736842,18,18,GAGCCATTAGATATCACTCG,0,4368630
yadI_predicted,0.05263157894736842,18,18,GAGATTCCTACGGTTAAACG,0,4284378
yadI_predicted,0.05263157894736842,18,18,GAGATATTAGGTCCTTAGTT,0,4306615
yadI_predicted,0.05263157894736842,18,18,GAGATATGAGCCCGTTCGAA,0,4331402
yadI_predicted,0.05263157894736842,18,18,GAGAGCTGGGTAGGTACCCT,0,4311307
yadI_predicted,0.05263157894736842,18,18,GACTGCTCATGTCAGATATG,0,4291150
yadI_predicted,0.05263157894736842,18,18,GACGGACTTCGGGGTGTTCA,0,4335897
yadI_predicted,0.05263157894736842,18,18,GACGAATTGGTTGCTAAACC,0,4339637
yadI_predicted,0.05263157894736842,18,18,GACCTTGTTTTTGGCAGTAC,0,4343964
yadI_predicted,0.05263157894736842,18,18,GACCGGTCACTACGATTAAT,0,4319153
yadI_predicted,0.05263157894736842,18,18,GACCCGACCAAGAACAGGGA,0,4297559
yadI_predicted,0.05263157894736842,18,18,GACCCCGCCCTTGAAGTGGT,0,4358102
yadI_predicted,0.05263157894736842,18,18,GACATGCTTGAAGTAAGAAG,0,4302295
yadI_predicted,0.05263157894736842,18,18,GACAGTAAGGCGACCTCTAA,0,4344136
yadI_predicted,0.05263157894736842,18,18,GAATGTGGGGGATGTGCGAT,0,4334986
yadI_predicted,0.05263157894736842,18,18,GAATAATATGGAGACAGTCA,0,4362969
yadI_predicted,0.05263157894736842,18,18,GAACTTGGTCAGTATCTTCT,0,4310952
yadI_predicted,0.05263157894736842,18,18,GAACTCGCTCATTATGTTAA,0,4309071
yadI_predicted,0.05263157894736842,18,18,GAACGGGCATGGCTAATGAG,0,4308704
yadI_predicted,0.05263157894736842,18,18,GAAACCGCGCGGTTGGCATG,0,4325222
yadI_predicted,0.05263157894736842,18,18,GAAAATGCTAGAACCATTCT,0,4352786
yadI_predicted,0.05263157894736842,18,18,CTTGCGCCCGTAGACAAACC,0,4342023
yadI_predicted,0.05263157894736842,18,18,CTTGACACGGCACTTCCCAA,0,4349075
yadI_predicted,0.05263157894736842,18,18,CTTCCATGAAACCAATGGTC,0,4285591
yadI_predicted,0.05263157894736842,18,18,CTTAGGGAGGGTGCGGTCAA,0,4285001
yadI_predicted,0.05263157894736842,18,18,CTTACCCTTTGTAACACAAC,0,4357135
yadI_predicted,0.05263157894736842,18,18,CTTAAGGACCCTGACGGCCA,0,4317327
yadI_predicted,0.05263157894736842,18,18,CTTAACGCTGTTCCGGTGGC,0,4308793
yadI_predicted,0.05263157894736842,18,18,CTGCTCTTGCCCCGTGGTTA,0,4299278
yadI_predicted,0.05263157894736842,18,18,CTGCATGGGATCCTCTAGTT,0,4298126
yadI_predicted,0.05263157894736842,18,18,CTGATAATCGAATCCAAGCT,0,4359579
yadI_predicted,0.05263157894736842,18,18,CTGAGTAGACCTCCCCGAAG,0,4344234
yadI_predicted,0.05263157894736842,18,18,CTGAGGCAACATATCCCAGG,0,4312867
yadI_predicted,0.05263157894736842,18,18,CTCGGCACAATGACGGGAAA,0,4312596
yadI_predicted,0.05263157894736842,18,18,CTCCTTCTGGCAGTGTCTCG,0,4319747
yadI_predicted,0.05263157894736842,18,18,CTCAACTAATGTAGGACTTA,0,4342890
yadI_predicted,0.05263157894736842,18,18,CTATTATGTTCCGGTTAGAG,0,4334999
yadI_predicted,0.05263157894736842,18,18,CTAGGCGATGAGTTGCGTCC,0,4333084
yadI_predicted,0.05263157894736842,18,18,CTAGCGTGGTACGACTGACA,0,4344227
yadI_predicted,0.05263157894736842,18,18,CTACTACCATGTCATGCACT,0,4369424
yadI_predicted,0.05263157894736842,18,18,CTACAGTCGGGGTGTATGCT,0,4297622
yadI_predicted,0.05263157894736842,18,18,CGTTTGTTCCGAGGGAGGGA,0,4339899
yadI_predicted,0.05263157894736842,18,18,CGTTTCCTATGTCGAGAAAC,0,4330813
yadI_predicted,0.05263157894736842,18,18,CGTTTATACCTGTGGTACAT,0,4342659
yadI_predicted,0.05263157894736842,18,18,CGTGGGGAGCCCTGAACATC,0,4295491
yadI_predicted,0.05263157894736842,18,18,CGTGCCATCCCTGACCATGG,0,4301950
yadI_predicted,0.05263157894736842,18,18,CGTCTTTTCTATTGGAAGAT,0,4349202
yadI_predicted,0.05263157894736842,18,18,CGTCGGAGGGAAGCTGAGGG,0,4284292
yadI_predicted,0.05263157894736842,18,18,CGTCAAAACCCAGTATACAC,0,4320274
yadI_predicted,0.05263157894736842,18,18,CGTATTTTGATGAGGTCCAG,0,4300227
yadI_predicted,0.05263157894736842,18,18,CGGTTCGTTTAGATCCGTTC,0,4352231
yadI_predicted,0.05263157894736842,18,18,CGGTTAAGATGTCTGGCGTA,0,4352792
yadI_predicted,0.05263157894736842,18,18,CGGTGTTTATGTAGGTGGCA,0,4317645
yadI_predicted,0.05263157894736842,18,18,CGGTGAGCTCGCATTTGAAA,0,4361668
yadI_predicted,0.05263157894736842,18,18,CGGTCAGGGTCCGGTTTCCT,0,4330716
yadI_predicted,0.05263157894736842,18,18,CGGGGGGCAACGCTGGACGC,0,4351960
yadI_predicted,0.05263157894736842,18,18,CGGGGAGGTTGTCACTACAG,0,4330948
yadI_predicted,0.05263157894736842,18,18,CGGCCCCTAAAACGAGCTGG,0,4318120
yadI_predicted,0.05263157894736842,18,18,CGGCCCATTTGAAGTATGCT,0,4348326
yadI_predicted,0.05263157894736842,18,18,CGGCAAGGCTACCGGGTCAT,0,4310055
yadI_predicted,0.05263157894736842,18,18,CGGATACTGGATGGTGCCTG,0,4344978
yadI_predicted,0.05263157894736842,18,18,CGGAGTTAGCCGGTGACTAT,0,4335260
yadI_predicted,0.05263157894736842,18,18,CGCGTACGGACACGGGGGAT,0,4312376
yadI_predicted,0.05263157894736842,18,18,CGCCTTCGGAGGTCATATCC,0,4334642
yadI_predicted,0.05263157894736842,18,18,CGCCTTCCCGTTGAGAAGGT,0,4287844
yadI_predicted,0.05263157894736842,18,18,CGCCAAGTCAAGTATGTTTC,0,4308859
yadI_predicted,0.05263157894736842,18,18,CGATCGATGCTGCTGAGTAC,0,4313481
yadI_predicted,0.05263157894736842,18,18,CGAGTCTATAGGTAAGCTGA,0,4285507
yadI_predicted,0.05263157894736842,18,18,CGAAATAGACATTTATGTAA,0,4347786
yadI_predicted,0.05263157894736842,18,18,CCTTAAACGCCGGGGGACCA,0,4332310
yadI_predicted,0.05263157894736842,18,18,CCTGATAAGTAGGGACAACA,0,4313475
yadI_predicted,0.05263157894736842,18,18,CCTCCCAGACGGACCTTCTG,0,4318316
yadI_predicted,0.05263157894736842,18,18,CCTCAGTTCGACTTGCACGA,0,4321023
yadI_predicted,0.05263157894736842,18,18,CCTATCTACCCCCATGTAAC,0,4288470
yadI_predicted,0.05263157894736842,18,18,CCTATCCGGAGTGAGGCAGG,0,4338125
yadI_predicted,0.05263157894736842,18,18,CCTAGGACGCAGTCGTCAAG,0,4291230
yadI_predicted,0.05263157894736842,18,18,CCTAGCACATGGCAGCGCTG,0,4312518
yadI_predicted,0.05263157894736842,18,18,CCGGTAGCTACGAATCGATT,0,4322210
yadI_predicted,0.05263157894736842,18,18,CCGGGGGTACGACTGTCTGA,0,4295496
yadI_predicted,0.05263157894736842,18,18,CCGGGAGGGGGTTTCACCAT,0,4324398
yadI_predicted,0.05263157894736842,18,18,CCGGCTTCAATCTAGGAACT,0,4365162
yadI_predicted,0.05263157894736842,18,18,CCGAGGGCGAAGGTCGTTCG,0,4358076
yadI_predicted,0.05263157894736842,18,18,CCGACAGTCAGCTCGACGAT,0,4344154
yadI_predicted,0.05263157894736842,18,18,CCGACAGGAAATTCGATAGG,0,4313371
yadI_predicted,0.05263157894736842,18,18,CCGAAGCATTGCTCGGGACA,0,4313611
yadI_predicted,0.05263157894736842,18,18,CCCGTCCCGTAGTGCGTCAT,0,4367269
yadI_predicted,0.05263157894736842,18,18,CCCGGAGGCAGAAAGTGATC,0,4366164
yadI_predicted,0.05263157894736842,18,18,CCCATCTACTATCCTAATCT,0,4305765
yadI_predicted,0.05263157894736842,18,18,CCCACAGCGCCCTTCAGGGT,0,4290469
yadI_predicted,0.05263157894736842,18,18,CCCAATAGAGTATAGAGGGC,0,4326592
yadI_predicted,0.05263157894736842,18,18,CCATCGTATACGTCCGTGAG,0,4313634
yadI_predicted,0.05263157894736842,18,18,CCATACGCTATTATGATTTA,0,4296512
yadI_predicted,0.05263157894736842,18,18,CCAGGGGGGAGACGTACCTA,0,4323156
yadI_predicted,0.05263157894736842,18,18,CCAGGAGTTCCAACTTTACG,0,4289801
yadI_predicted,0.05263157894736842,18,18,CCACGTAGCAACGTCCTATT,0,4292856
yadI_predicted,0.05263157894736842,18,18,CCACGCCTAGAATCGAAGTA,0,4315789
yadI_predicted,0.05263157894736842,18,18,CCAACTGTGCGTCGCAAGAA,0,4367331
yadI_predicted,0.05263157894736842,18,18,CCAACGGATCATTATGTTGT,0,4295375
yadI_predicted,0.05263157894736842,18,18,CCAAACGCACAGCTCACGAC,0,4354856
yadI_predicted,0.05263157894736842,18,18,CATTGATAGAAGTAGTTCAA,0,4322680
yadI_predicted,0.05263157894736842,18,18,CATTGACAACTGTACCGTTA,0,4338252
yadI_predicted,0.05263157894736842,18,18,CATTACCCCTAGCTTCCTGG,0,4341639
yadI_predicted,0.05263157894736842,18,18,CATTAAAATTAAAGAAGTCT,0,4329758
yadI_predicted,0.05263157894736842,18,18,CATGACACCTGCAACTCAGA,0,4304727
yadI_predicted,0.05263157894736842,18,18,CATCATATCTTTCCGGAGTG,0,4342123
yadI_predicted,0.05263157894736842,18,18,CATATGGTATATGTCCGCAG,0,4315757
yadI_predicted,0.05263157894736842,18,18,CATATGCCGACCGCCATCTG,0,4290904
yadI_predicted,0.05263157894736842,18,18,CATAGCCTAAACCTGACTTC,0,4330524
yadI_predicted,0.05263157894736842,18,18,CATAGAGATGCGTCAACCTG,0,4289097
yadI_predicted,0.05263157894736842,18,18,CATACTGAAGATCCGCGAAA,0,4354629
yadI_predicted,0.05263157894736842,18,18,CAGTCATCGATGCTCCTCCA,0,4331800
yadI_predicted,0.05263157894736842,18,18,CAGTATGTAGAACTATATAC,0,4310924
yadI_predicted,0.05263157894736842,18,18,CAGGAGCCGGGTTCTTACCC,0,4288549
yadI_predicted,0.05263157894736842,18,18,CAGCCCCCCCTTTGGACCCT,0,4316163
yadI_predicted,0.05263157894736842,18,18,CAGAGGATAGAGCAGTGTGA,0,4285152
yadI_predicted,0.05263157894736842,18,18,CAGAGCCTGAGGCCATCTAG,0,4285725
yadI_predicted,0.05263157894736842,18,18,CACGTTTCAAGGGTATCTTG,0,4345242
yadI_predicted,0.05263157894736842,18,18,CACGTCGGTAGCGTTCGACG,0,4363844
yadI_predicted,0.05263157894736842,18,18,CACGCGAGGGATCGATGCCA,0,4296323
yadI_predicted,0.05263157894736842,18,18,CACGAGGGGTCGCGTTTACC,0,4286469
yadI_predicted,0.05263157894736842,18,18,CACACCTATTTGAGCCATGT,0,4296392
yadI_predicted,0.05263157894736842,18,18,CAATGTGTGGATCATCGGGT,0,4341024
yadI_predicted,0.05263157894736842,18,18,CAATAAAGTGCAATTTTTTG,0,4294758
yadI_predicted,0.05263157894736842,18,18,CAAGCGCCTCGCTTTGCATA,0,4358540
yadI_predicted,0.05263157894736842,18,18,CAAGCCAAAACCTGATGATC,0,4306959
yadI_predicted,0.05263157894736842,18,18,CAAGACATGCCGTATATGTG,0,4348207
yadI_predicted,0.05263157894736842,18,18,CAACTCTTCGAATCAAGAAC,0,4320599
yadI_predicted,0.05263157894736842,18,18,CAACGGTTTATCCCACGCTG,0,4315663
yadI_predicted,0.05263157894736842,18,18,CAACCTCGTATAGGTGGACT,0,4288610
yadI_predicted,0.05263157894736842,18,18,ATTTTGAGAAATGATGATTA,0,4365771
yadI_predicted,0.05263157894736842,18,18,ATTTCCCGGAAAATGTGCTG,0,4327002
yadI_predicted,0.05263157894736842,18,18,ATTTCAAATACCCACGGGAC,0,4299775
yadI_predicted,0.05263157894736842,18,18,ATTTACTAATCCAAATTGAT,0,4369544
yadI_predicted,0.05263157894736842,18,18,ATTCTACGGGTCCGTGCCAC,0,4311700
yadI_predicted,0.05263157894736842,18,18,ATTCACGGACTCTGTTTCGC,0,4342969
yadI_predicted,0.05263157894736842,18,18,ATTATGTAAGATCCATCCAC,0,4295701
yadI_predicted,0.05263157894736842,18,18,ATTAGCTATCTCCGAACTGT,0,4309469
yadI_predicted,0.05263157894736842,18,18,ATTAAACATGGAATTGAGTG,0,4287354
yadI_predicted,0.05263157894736842,18,18,ATGTGGAGCCCCCATGGGAA,0,4314053
yadI_predicted,0.05263157894736842,18,18,ATGTCGGACTCTGGCCTAGG,0,4357392
yadI_predicted,0.05263157894736842,18,18,ATGTCCCTGGATGTCTGTTA,0,4356435
yadI_predicted,0.05263157894736842,18,18,ATGGGTCAAACTGTACTCAC,0,4342313
yadI_predicted,0.05263157894736842,18,18,ATGGCATACGGCAGTGGCCA,0,4342344
yadI_predicted,0.05263157894736842,18,18,ATGCCAACATTGGATGCGCA,0,4286343
yadI_predicted,0.05263157894736842,18,18,ATGATGCCGGGATCGCGAAG,0,4284338
yadI_predicted,0.05263157894736842,18,18,ATGAGGCGGCGTCGTTACTC,0,4356190
yadI_predicted,0.05263157894736842,18,18,ATCTACAGGTTAGCCGCAAG,0,4332236
yadI_predicted,0.05263157894736842,18,18,ATCTAATAAACTATACCCGA,0,4341007
yadI_predicted,0.05263157894736842,18,18,ATCCATTCTGATCAGGCTTG,0,4322411
yadI_predicted,0.05263157894736842,18,18,ATCCACCGAAAGTATCTTTT,0,4290400
yadI_predicted,0.05263157894736842,18,18,ATCAACGGAATTTATGTTCC,0,4315699
yadI_predicted,0.05263157894736842,18,18,ATAGTTAGGGGAACGAATCA,0,4310956
yadI_predicted,0.05263157894736842,18,18,ATAGGTGCACGAGCGAAATA,0,4342817
yadI_predicted,0.05263157894736842,18,18,ATAGGAAGGTAACAACGGAC,0,4303360
yadI_predicted,0.05263157894736842,18,18,ATAGGAAGACAGATGGCTGT,0,4325511
yadI_predicted,0.05263157894736842,18,18,ATACGTATAACATGTTGCGT,0,4323851
yadI_predicted,0.05263157894736842,18,18,ATAAGTCGCGTCGCACGTGG,0,4290801
yadI_predicted,0.05263157894736842,18,18,ATAAGGTGTGTTAATGTCAA,0,4329588
yadI_predicted,0.05263157894736842,18,18,AGTTAGACTCACGCCAGACC,0,4292868
yadI_predicted,0.05263157894736842,18,18,AGTCGCGCTACCTCTGGCCG,0,4308001
yadI_predicted,0.05263157894736842,18,18,AGTCGAGACGGAACGTTATG,0,4325760
yadI_predicted,0.05263157894736842,18,18,AGTAGTTGGGTAAGGGCTTA,0,4366662
yadI_predicted,0.05263157894736842,18,18,AGTAGTCCACCAACTGTCTA,0,4346521
yadI_predicted,0.05263157894736842,18,18,AGTAACCTTCGGAGCGAAGA,0,4329458
yadI_predicted,0.05263157894736842,18,18,AGGTTGTTAGCACGTCAAAC,0,4348561
yadI_predicted,0.05263157894736842,18,18,AGGTCCTGAACTATAAGCAG,0,4344831
yadI_predicted,0.05263157894736842,18,18,AGGGGCTCAGCGTCAAGATC,0,4346663
yadI_predicted,0.05263157894736842,18,18,AGGGCGGCAATTAGCAGGCG,0,4314745
yadI_predicted,0.05263157894736842,18,18,AGGCTACCCAGCGACACGCG,0,4295877
yadI_predicted,0.05263157894736842,18,18,AGGATACATTATTTGACTGA,0,4310386
yadI_predicted,0.05263157894736842,18,18,AGGAGATGGTTCGTTCAGAT,0,4285603
yadI_predicted,0.05263157894736842,18,18,AGGAACGTAGTTGATAAAGT,0,4343084
yadI_predicted,0.05263157894736842,18,18,AGCTTGTAGATACGGGAGAG,0,4356075
yadI_predicted,0.05263157894736842,18,18,AGCTTATGGCTTGGTAGAAT,0,4335278
yadI_predicted,0.05263157894736842,18,18,AGCTATGCAACAGCACAATG,0,4284803
yadI_predicted,0.05263157894736842,18,18,AGCGTTGTGCCTAACTACAG,0,4338452
yadI_predicted,0.05263157894736842,18,18,AGCCTCAAATTGTGGAAATT,0,4343787
yadI_predicted,0.05263157894736842,18,18,AGCATAATACAGTTTGGAGA,0,4348381
yadI_predicted,0.05263157894736842,18,18,AGCAGCGAACATCTGTGCGT,0,4329422
yadI_predicted,0.05263157894736842,18,18,AGCAGAAGAATGCTCCGTGA,0,4335972
yadI_predicted,0.05263157894736842,18,18,AGCACAGTTGGAGTGAGGTG,0,4295832
yadI_predicted,0.05263157894736842,18,18,AGAATACTAAGCACGGATCC,0,4327516
yadI_predicted,0.05263157894736842,18,18,ACTGATCCAGAGTATATGTC,0,4334215
yadI_predicted,0.05263157894736842,18,18,ACTCGCTTGCCTCGGGAATT,0,4294458
yadI_predicted,0.05263157894736842,18,18,ACGTGAACCGGTACCCACAA,0,4308365
yadI_predicted,0.05263157894736842,18,18,ACGTACCCCTCTTACTTTAG,0,4315901
yadI_predicted,0.05263157894736842,18,18,ACGTAACCGTAAACTGCGTT,0,4344602
yadI_predicted,0.05263157894736842,18,18,ACGGCCGTCGGACGGGAAAC,0,4300328
yadI_predicted,0.05263157894736842,18,18,ACGGCCAAGAAGGCGCTTTG,0,4353079
yadI_predicted,0.05263157894736842,18,18,ACGCCCCACACATTCGTGTG,0,4325537
yadI_predicted,0.05263157894736842,18,18,ACGCAAAGGATTCTGCTAGA,0,4299489
yadI_predicted,0.05263157894736842,18,18,ACCCGGTTGCAGTTAAGACG,0,4295433
yadI_predicted,0.05263157894736842,18,18,ACCAACTCCCGCATCTCGAC,0,4313507
yadI_predicted,0.05263157894736842,18,18,ACACGGCACCGTCACGAACC,0,4352423
yadI_predicted,0.05263157894736842,18,18,ACACAGGGGGATGCTTAATT,0,4361330
yadI_predicted,0.05263157894736842,18,18,ACAACAGCTTGCTTTCGAAT,0,4287870
yadI_predicted,0.05263157894736842,18,18,ACAAAGGAGGAACTCTGCGT,0,4314114
yadI_predicted,0.05263157894736842,18,18,AATTATCCCGGGGCCAGAGC,0,4362212
yadI_predicted,0.05263157894736842,18,18,AATTATACTAGCTGAACCGT,0,4311655
yadI_predicted,0.05263157894736842,18,18,AATTAGGATTACAGGATTAG,0,4292351
yadI_predicted,0.05263157894736842,18,18,AATGGCAAGGATCCTGGGTT,0,4305394
yadI_predicted,0.05263157894736842,18,18,AAGTTACTTCGGGGGGGGAG,0,4361192
yadI_predicted,0.05263157894736842,18,18,AAGTACGTAGCCGATCACAG,0,4308815
yadI_predicted,0.05263157894736842,18,18,AAGGGTCCTCAAGCAAAGCA,0,4328764
yadI_predicted,0.05263157894736842,18,18,AAGGCGGACAAAAAGGATTC,0,4357948
yadI_predicted,0.05263157894736842,18,18,AAGGAGGCATTTTATACTGT,0,4317642
yadI_predicted,0.05263157894736842,18,18,AAGGAATGAGGATTAGCGTT,0,4348769
yadI_predicted,0.05263157894736842,18,18,AAGGAAGCGGATCGCAACAC,0,4288994
yadI_predicted,0.05263157894736842,18,18,AAGCGATATCGGTACGTACT,0,4357543
yadI_predicted,0.05263157894736842,18,18,AAGCCAGGGAATGGCCTCGC,0,4331729
yadI_predicted,0.05263157894736842,18,18,AAGCCACGTCTTTTATCGCT,0,4339551
yadI_predicted,0.05263157894736842,18,18,AAGATTCAGACTGGACTCTA,0,4331475
yadI_predicted,0.05263157894736842,18,18,AAGATCAGGGCCGAGCCGTT,0,4345033
yadI_predicted,0.05263157894736842,18,18,AAGAGCTTATCAGCCTTGTG,0,4343160
yadI_predicted,0.05263157894736842,18,18,AAGAAATATAGGAGCGCCCT,0,4285382
yadI_predicted,0.05263157894736842,18,18,AACTTTGACTCTAACTGTGT,0,4324503
yadI_predicted,0.05263157894736842,18,18,AACGACTCTGGTCATCTGAG,0,4327270
yadI_predicted,0.05263157894736842,18,18,AACCTTCAAGGGATTGTAAG,0,4332875
yadI_predicted,0.05263157894736842,18,18,AACCGGATCGGATAACTCGA,0,4296517
yadI_predicted,0.05263157894736842,18,18,AACCCTTGTCGCCGCGGAAG,0,4313630
yadI_predicted,0.05263157894736842,18,18,AACCCTTGGTCCGGGCATAA,0,4343755
yadI_predicted,0.05263157894736842,18,18,AACATGACAGCATCAAGTAT,0,4351299
yadI_predicted,0.05263157894736842,18,18,AACACCCATTTGCAATTGAA,0,4299414
yadI_predicted,0.05263157894736842,18,18,AAACCAGTCGCTTCATACAT,0,4365605
yadI_predicted,0.05263157894736842,18,18,AAAAGGTGCGGCACGAACTA,0,4300705
yadI_predicted,0.05555555555555555,17,17,TTTTTCGACCTCTAGTCATG,0,4326074
yadI_predicted,0.05555555555555555,17,17,TTTTGTGGCCTTTGAGTTGT,0,4352296
yadI_predicted,0.05555555555555555,17,17,TTTGATTAGTGCAGCGCGTT,0,4358666
yadI_predicted,0.05555555555555555,17,17,TTTGACAGATCACAGTATTC,0,4347862
yadI_predicted,0.05555555555555555,17,17,TTTCGTCCCTCTGTAGTTTC,0,4333822
yadI_predicted,0.05555555555555555,17,17,TTTCCAGAGCAAAACCCTTT,0,4299544
yadI_predicted,0.05555555555555555,17,17,TTTACCGCGAGTAGAACTCA,0,4295424
yadI_predicted,0.05555555555555555,17,17,TTGTTTGACTGCTGAGCACG,0,4289004
yadI_predicted,0.05555555555555555,17,17,TTGTCCCACTTGTTACCGAC,0,4362574
yadI_predicted,0.05555555555555555,17,17,TTGGACCTGCGGAAACGCAA,0,4338948
yadI_predicted,0.05555555555555555,17,17,TTGCTGGGCGAGGTCACAGT,0,4335709
yadI_predicted,0.05555555555555555,17,17,TTCTTTCAAACCCTTTATAT,0,4338611
yadI_predicted,0.05555555555555555,17,17,TTCTATGTCCGGGGTTGTAC,0,4340889
yadI_predicted,0.05555555555555555,17,17,TTCTACGTCTGATAGTCACA,0,4357772
yadI_predicted,0.05555555555555555,17,17,TTCGTTGCAAGCGTTCTCCG,0,4334736
yadI_predicted,0.05555555555555555,17,17,TTCGGGAGGGGGGCATCGCC,0,4340424
yadI_predicted,0.05555555555555555,17,17,TTCGGATTGGGAGAAAGAAA,0,4287248
yadI_predicted,0.05555555555555555,17,17,TTCGGAATTCGTGTGGTATG,0,4333529
yadI_predicted,0.05555555555555555,17,17,TTCGACCGATTAACAGGCGA,0,4323604
yadI_predicted,0.05555555555555555,17,17,TTCCGACCTTTATATCATTA,0,4353503
yadI_predicted,0.05555555555555555,17,17,TTCATCCTGCTGAGCCGAAA,0,4364346
yadI_predicted,0.05555555555555555,17,17,TTATTCAGCAGGCGTGCCAT,0,4310261
yadI_predicted,0.05555555555555555,17,17,TTATGAAGGCGTGATGATTC,0,4360913
yadI_predicted,0.05555555555555555,17,17,TTATAGCCCTGAGTGCCTAA,0,4301475
yadI_predicted,0.05555555555555555,17,17,TTATAACTCCAACACTCCAT,0,4313616
yadI_predicted,0.05555555555555555,17,17,TTAGAATCTTTTCTCCGAAT,0,4301234
yadI_predicted,0.05555555555555555,17,17,TTACTGACCTGAGGCTGCCC,0,4339109
yadI_predicted,0.05555555555555555,17,17,TTACGATACTGTATCGCCAA,0,4366021
yadI_predicted,0.05555555555555555,17,17,TTACATTAAGGTACCCTCAT,0,4349824
yadI_predicted,0.05555555555555555,17,17,TTAATTGAACAAGCGGTGTC,0,4294506
yadI_predicted,0.05555555555555555,17,17,TTAATAATCATCCCAGATAA,0,4369472
yadI_predicted,0.05555555555555555,17,17,TGTCCCTAGATTGCACCTTC,0,4290704
yadI_predicted,0.05555555555555555,17,17,TGTCAATAAGGTGAGTTAAC,0,4310252
yadI_predicted,0.05555555555555555,17,17,TGTAGCTTATTGCGGGAAGC,0,4327561
yadI_predicted,0.05555555555555555,17,17,TGTAGCAACCACGGCATAGA,0,4365780
yadI_predicted,0.05555555555555555,17,17,TGGTTTTGGGAAATTCTTGG,0,4304591
yadI_predicted,0.05555555555555555,17,17,TGGTGCGAGACTCCAAAGAA,0,4354293
yadI_predicted,0.05555555555555555,17,17,TGGTACTCGCCCATTTAGTA,0,4304332
yadI_predicted,0.05555555555555555,17,17,TGGGTTGTCATACAATGTCG,0,4346064
yadI_predicted,0.05555555555555555,17,17,TGGGGCACCGCTGGGCGGCA,0,4312028
yadI_predicted,0.05555555555555555,17,17,TGGGCTAGACTGTTCCGGGA,0,4344230
yadI_predicted,0.05555555555555555,17,17,TGGGCAGCTGTTATCGCATT,0,4334031
yadI_predicted,0.05555555555555555,17,17,TGGATTTCTGCCTCCGAATT,0,4323640
yadI_predicted,0.05555555555555555,17,17,TGGATTGATGAGGTTGGCAT,0,4356547
yadI_predicted,0.05555555555555555,17,17,TGGACCGGGCAACAGGATAT,0,4287323
yadI_predicted,0.05555555555555555,17,17,TGGAAATACATTTCATATAA,0,4342683
yadI_predicted,0.05555555555555555,17,17,TGCTTCAGTGTGAAGACGGC,0,4305100
yadI_predicted,0.05555555555555555,17,17,TGCGCACGCGTTCTGGGGTT,0,4340106
yadI_predicted,0.05555555555555555,17,17,TGCGATTTAACCAGTCGAGT,0,4312840
yadI_predicted,0.05555555555555555,17,17,TGCGAGCAGACTATGGTCCC,0,4311848
yadI_predicted,0.05555555555555555,17,17,TGCGACGTGGATGGGTTGGG,0,4292168
yadI_predicted,0.05555555555555555,17,17,TGCGAACATCGCACATAGTT,0,4296685
yadI_predicted,0.05555555555555555,17,17,TGCCTTCAGGGGTCAAGATT,0,4318378
yadI_predicted,0.05555555555555555,17,17,TGCCCCAACAGGAACTTCTA,0,4334399
yadI_predicted,0.05555555555555555,17,17,TGCCAGGGAAGAAGTGGATT,0,4353587
yadI_predicted,0.05555555555555555,17,17,TGATTCGTCCGACAGTATAC,0,4350320
yadI_predicted,0.05555555555555555,17,17,TGATCTGACCAGGGGGCTAA,0,4334257
yadI_predicted,0.05555555555555555,17,17,TGATAGTCGTCCTTACGCTG,0,4292372
yadI_predicted,0.05555555555555555,17,17,TGAGTCCGAATTGACTAGGG,0,4315911
yadI_predicted,0.05555555555555555,17,17,TGAGGTCATCGCCTATCCTG,0,4286661
yadI_predicted,0.05555555555555555,17,17,TGAGGCAGGGAGTTGTAAGT,0,4299042
yadI_predicted,0.05555555555555555,17,17,TGAGCTCACACTCCATCAAA,0,4285784
yadI_predicted,0.05555555555555555,17,17,TGAGACTCGCTGTCGGACAC,0,4323220
yadI_predicted,0.05555555555555555,17,17,TGACTGCTTGAAAAGGGCGT,0,4319743
yadI_predicted,0.05555555555555555,17,17,TGACTGCCGAGCTCGCACTA,0,4287941
yadI_predicted,0.05555555555555555,17,17,TGACGTAAATCAGGGTCCAC,0,4291810
yadI_predicted,0.05555555555555555,17,17,TCTTACCGGGAGAAGAGCCT,0,4307801
yadI_predicted,0.05555555555555555,17,17,TCTTACAATACTGGCCGGTG,0,4358214
yadI_predicted,0.05555555555555555,17,17,TCTGAAGAGCCTCGCAAGCG,0,4310585
yadI_predicted,0.05555555555555555,17,17,TCTAGGCAGGTCACAGGCGC,0,4322935
yadI_predicted,0.05555555555555555,17,17,TCTAGCGGATATGGGCAGAC,0,4339490
yadI_predicted,0.05555555555555555,17,17,TCGTGTTGGAATCAATCCCG,0,4369748
yadI_predicted,0.05555555555555555,17,17,TCGTGCTAATAAAATCCAGT,0,4324084
yadI_predicted,0.05555555555555555,17,17,TCGCTTACTGCACGGTATCA,0,4322566
yadI_predicted,0.05555555555555555,17,17,TCGCTAGTATGAAGGTACTG,0,4349114
yadI_predicted,0.05555555555555555,17,17,TCGCACGTGACAGTCGTTTC,0,4341195
yadI_predicted,0.05555555555555555,17,17,TCGCAAGATAGGCCCGGCGT,0,4349844
yadI_predicted,0.05555555555555555,17,17,TCGACGTGCTGATTCTACCC,0,4319093
yadI_predicted,0.05555555555555555,17,17,TCCTGTGCCATTTCATGCCT,0,4352515
yadI_predicted,0.05555555555555555,17,17,TCCGGAACCATAGGTGGAAA,0,4356059
yadI_predicted,0.05555555555555555,17,17,TCCCTCTCAAGAGACGCTAA,0,4366215
yadI_predicted,0.05555555555555555,17,17,TCCATCCAAATAGGCGACTC,0,4325747
yadI_predicted,0.05555555555555555,17,17,TCAGAGCCTTTTTTCATGTT,0,4294177
yadI_predicted,0.05555555555555555,17,17,TCAATGAGTTACGTATTTCA,0,4305692
yadI_predicted,0.05555555555555555,17,17,TCAATAGTACACAGATTGTT,0,4318899
yadI_predicted,0.05555555555555555,17,17,TCAAGGTTATTCACATCGTA,0,4343582
yadI_predicted,0.05555555555555555,17,17,TATGTTTGACCAAATCGTCA,0,4304919
yadI_predicted,0.05555555555555555,17,17,TATGTGTGTGACAGTTGGAC,0,4317169
yadI_predicted,0.05555555555555555,17,17,TATGGTAGCGGATCTCACCT,0,4299124
yadI_predicted,0.05555555555555555,17,17,TAGGGGTATGCGGAAACGGG,0,4306536
yadI_predicted,0.05555555555555555,17,17,TAGGGCACGGCGATAAATAA,0,4327008
yadI_predicted,0.05555555555555555,17,17,TAGCGCTCGCACTGCCTATT,0,4343963
yadI_predicted,0.05555555555555555,17,17,TAGATTACGTTAACCGCTAT,0,4366818
yadI_predicted,0.05555555555555555,17,17,TAGAAATACAGGGCAAGAGA,0,4285289
yadI_predicted,0.05555555555555555,17,17,TACTGGGGAGATCTCTCGCC,0,4285550
yadI_predicted,0.05555555555555555,17,17,TACGTGAGACGCTGAAAAAT,0,4354754
yadI_predicted,0.05555555555555555,17,17,TACGTGACGAAGAAAGAGCA,0,4347513
yadI_predicted,0.05555555555555555,17,17,TACGATGCGAAAGAGTTGTA,0,4361426
yadI_predicted,0.05555555555555555,17,17,TACCGGCCTCAAAGATCAAA,0,4291593
yadI_predicted,0.05555555555555555,17,17,TACCCGTCTCTATAAAGAAT,0,4354451
yadI_predicted,0.05555555555555555,17,17,TACCAAGATCTAAGTTCGCT,0,4338589
yadI_predicted,0.05555555555555555,17,17,TACAGATGTAGGGCTTGACA,0,4314100
yadI_predicted,0.05555555555555555,17,17,TACAACTCCAGGTAGAGCCT,0,4332458
yadI_predicted,0.05555555555555555,17,17,TAATTGAGTCTTTTTGCTGA,0,4337071
yadI_predicted,0.05555555555555555,17,17,TAATGGTGGACCTTCTAGGC,0,4333179
yadI_predicted,0.05555555555555555,17,17,TAAGGGACACCACAGAGGGT,0,4321114
yadI_predicted,0.05555555555555555,17,17,TAAGATTATTCAAGGTAACT,0,4316416
yadI_predicted,0.05555555555555555,17,17,TAAGAAACAAAAAGCGGCCT,0,4284706
yadI_predicted,0.05555555555555555,17,17,TAACTGTGAGAGTGATATAG,0,4330116
yadI_predicted,0.05555555555555555,17,17,TAACACTAATGTCTGTGAAA,0,4310447
yadI_predicted,0.05555555555555555,17,17,TAAAGGTTGAAGCGGGTGTC,0,4288160
yadI_predicted,0.05555555555555555,17,17,GTTTGTGCCAGCATGCTATG,0,4361721
yadI_predicted,0.05555555555555555,17,17,GTTTATCGCGATCTCAATGG,0,4357926
yadI_predicted,0.05555555555555555,17,17,GTTGGCGCTTATTGTCTCGC,0,4327515
yadI_predicted,0.05555555555555555,17,17,GTTGACAATAACAAAATAGG,0,4339128
yadI_predicted,0.05555555555555555,17,17,GTTGAAGCGAGAAATCTTAC,0,4312024
yadI_predicted,0.05555555555555555,17,17,GTTGAAAGCGTTGCCGCGCC,0,4354497
yadI_predicted,0.05555555555555555,17,17,GTTCCGTTAATACACTAATA,0,4300512
yadI_predicted,0.05555555555555555,17,17,GTTAGAGCTTGTTAGCCGGG,0,4338804
yadI_predicted,0.05555555555555555,17,17,GTGTCTCCAATCGGTTGTCT,0,4299465
yadI_predicted,0.05555555555555555,17,17,GTGGGACCATCCGTTGTTTT,0,4296910
yadI_predicted,0.05555555555555555,17,17,GTGGCCATATGACTTAAGCT,0,4297781
yadI_predicted,0.05555555555555555,17,17,GTGGATTGTTATGGTGCTAA,0,4290647
yadI_predicted,0.05555555555555555,17,17,GTGCCAGTTGATCCAGGCCC,0,4326153
yadI_predicted,0.05555555555555555,17,17,GTGATTCGGCTTACCCCATA,0,4368815
yadI_predicted,0.05555555555555555,17,17,GTGATGAGCACGGAACCGAC,0,4340167
yadI_predicted,0.05555555555555555,17,17,GTGAGATATAATACATCAGC,0,4335692
yadI_predicted,0.05555555555555555,17,17,GTGAGATAAGTGGTTGTTAT,0,4348394
yadI_predicted,0.05555555555555555,17,17,GTCTTTTTGTGAACCTCTTC,0,4297691
yadI_predicted,0.05555555555555555,17,17,GTCTCTTTACTTCTAGTGCG,0,4331886
yadI_predicted,0.05555555555555555,17,17,GTCTCCAGCACAGGCGACGA,0,4289085
yadI_predicted,0.05555555555555555,17,17,GTCTAGTTGGGCGAGTAGAC,0,4369422
yadI_predicted,0.05555555555555555,17,17,GTCTAAACGTGGGCTTTGTG,0,4304060
yadI_predicted,0.05555555555555555,17,17,GTCCTTTTCCCAGGGACTGC,0,4295142
yadI_predicted,0.05555555555555555,17,17,GTCCATGCACCTGTTCATAC,0,4344652
yadI_predicted,0.05555555555555555,17,17,GTCCATCAGCACCCCCTATC,0,4345917
yadI_predicted,0.05555555555555555,17,17,GTCACCATAGGAACCACTCA,0,4298997
yadI_predicted,0.05555555555555555,17,17,GTATTCAGTCAAAAGGGCCA,0,4344068
yadI_predicted,0.05555555555555555,17,17,GTATTACTACACCGATATAG,0,4319961
yadI_predicted,0.05555555555555555,17,17,GTATGTCAACGGAAGATTTG,0,4351167
yadI_predicted,0.05555555555555555,17,17,GTAGGTTTGTACGCGGGCCT,0,4292918
yadI_predicted,0.05555555555555555,17,17,GTAGGAATCTGTAAGAATGC,0,4284369
yadI_predicted,0.05555555555555555,17,17,GTACGCGCGGTTGTCCAGTA,0,4353409
yadI_predicted,0.05555555555555555,17,17,GTACACGAATTGCCTCGCGC,0,4324397
yadI_predicted,0.05555555555555555,17,17,GTAAATGACGCCATGGGCTA,0,4368858
yadI_predicted,0.05555555555555555,17,17,GGTTCGGTAGAGCTTATTCA,0,4346759
yadI_predicted,0.05555555555555555,17,17,GGTGTAGATTTTCCCCTTAG,0,4338835
yadI_predicted,0.05555555555555555,17,17,GGTGGTATTCGGTACAGGAT,0,4337564
yadI_predicted,0.05555555555555555,17,17,GGTGACTGTTGACTTCTTTT,0,4321498
yadI_predicted,0.05555555555555555,17,17,GGTGACGGAGTTAATGAGCT,0,4337610
yadI_predicted,0.05555555555555555,17,17,GGTATGGGACGAAACAACTT,0,4362608
yadI_predicted,0.05555555555555555,17,17,GGTATAATCTCTATCTCGTA,0,4287013
yadI_predicted,0.05555555555555555,17,17,GGTACTACCCGACTCTCTTA,0,4346326
yadI_predicted,0.05555555555555555,17,17,GGTAAGTCCGCGTAGCTTGT,0,4304834
yadI_predicted,0.05555555555555555,17,17,GGGTCCGAGCTTAGATCGCG,0,4351298
yadI_predicted,0.05555555555555555,17,17,GGGGGAACCATTCTTAGTTC,0,4358167
yadI_predicted,0.05555555555555555,17,17,GGGCTATCGGGTTGTTAGCT,0,4285526
yadI_predicted,0.05555555555555555,17,17,GGGCAACTCTCACGTATTAG,0,4309467
yadI_predicted,0.05555555555555555,17,17,GGGATTCCTAAACCCAGTGC,0,4347023
yadI_predicted,0.05555555555555555,17,17,GGGACTTTAAAATCCCGCAA,0,4353849
yadI_predicted,0.05555555555555555,17,17,GGCTACTGATGTGACATCTT,0,4341376
yadI_predicted,0.05555555555555555,17,17,GGCCTTACTTTGAGCACGGA,0,4300234
yadI_predicted,0.05555555555555555,17,17,GGCCCGATGTTCGTTGCAAA,0,4329216
yadI_predicted,0.05555555555555555,17,17,GGATGGCTCCTGTTCTGGAT,0,4354681
yadI_predicted,0.05555555555555555,17,17,GGAGTCATAAGTTTATTAAA,0,4350272
yadI_predicted,0.05555555555555555,17,17,GGAGCGTGAGGGTGTGCCAT,0,4296690
yadI_predicted,0.05555555555555555,17,17,GGAGATTCACTACATGTCTA,0,4362906
yadI_predicted,0.05555555555555555,17,17,GGAGATGAGGCTGGCGAAAG,0,4314971
yadI_predicted,0.05555555555555555,17,17,GGACTTTAGAAGCCATACCT,0,4368386
yadI_predicted,0.05555555555555555,17,17,GGACGTCATTGTGGAAATAT,0,4358421
yadI_predicted,0.05555555555555555,17,17,GCTTTGGGGGGACCCGCTCT,0,4368724
yadI_predicted,0.05555555555555555,17,17,GCTTGCGTCTTGTGTAACGT,0,4359508
yadI_predicted,0.05555555555555555,17,17,GCTTCGAGACGTAGATTTCA,0,4361833
yadI_predicted,0.05555555555555555,17,17,GCTTAGTCTAATAAACGCGC,0,4288084
yadI_predicted,0.05555555555555555,17,17,GCTTAGGACCCAACTAAATT,0,4321554
yadI_predicted,0.05555555555555555,17,17,GCTGGTCCGCCTTGACGATT,0,4344936
yadI_predicted,0.05555555555555555,17,17,GCTGCTAGAGCGTTAACGGT,0,4334052
yadI_predicted,0.05555555555555555,17,17,GCTCCTCAGAGGTGTTCCTT,0,4364250
yadI_predicted,0.05555555555555555,17,17,GCTCAATTGCCGACCCAGGG,0,4294362
yadI_predicted,0.05555555555555555,17,17,GCTAGGTCCAGGCATGGATT,0,4323064
yadI_predicted,0.05555555555555555,17,17,GCTAAGAGAATATTATTGGG,0,4299781
yadI_predicted,0.05555555555555555,17,17,GCGGTCGCACCATGTCCTAT,0,4306622
yadI_predicted,0.05555555555555555,17,17,GCGGTCCTGAATAATTACGT,0,4329811
yadI_predicted,0.05555555555555555,17,17,GCGGCTGTATACAGTAAGAA,0,4342423
yadI_predicted,0.05555555555555555,17,17,GCGCTTTTAGCCACAAATCG,0,4346726
yadI_predicted,0.05555555555555555,17,17,GCGCTGTACTTGTCAGTAAA,0,4323759
yadI_predicted,0.05555555555555555,17,17,GCGATGGAATACGAAACTTG,0,4348435
yadI_predicted,0.05555555555555555,17,17,GCCTTTGAACCGGAGTTGAA,0,4363017
yadI_predicted,0.05555555555555555,17,17,GCCTGTAGCTAGAATTGCAA,0,4323331
yadI_predicted,0.05555555555555555,17,17,GCCGGAGCCAAGTTACTTTC,0,4362093
yadI_predicted,0.05555555555555555,17,17,GCCGACCAGGCAAGTACGTG,0,4332465
yadI_predicted,0.05555555555555555,17,17,GCCCTGCAGCGTGTAATTTC,0,4298306
yadI_predicted,0.05555555555555555,17,17,GCCCGGGGTGCATATTTAAA,0,4321923
yadI_predicted,0.05555555555555555,17,17,GCCCGATCTCGACTTTATCT,0,4349556
yadI_predicted,0.05555555555555555,17,17,GCCCGAGGTTCAGCCGGATT,0,4309023
yadI_predicted,0.05555555555555555,17,17,GCCCATTAGACTGGGGTGCG,0,4339495
yadI_predicted,0.05555555555555555,17,17,GCCACACTGATGTTGCTAAG,0,4296075
yadI_predicted,0.05555555555555555,17,17,GCATATGCCGGGGATCTTGT,0,4367743
yadI_predicted,0.05555555555555555,17,17,GCATATACACAACAAAGTTA,0,4317333
yadI_predicted,0.05555555555555555,17,17,GCATAACTGTAAAATGGAGT,0,4361958
yadI_predicted,0.05555555555555555,17,17,GCAGCGGGAGGCATAGCGAG,0,4331184
yadI_predicted,0.05555555555555555,17,17,GCAGCAAGGACTTCGAACCC,0,4339184
yadI_predicted,0.05555555555555555,17,17,GCAGACTCTACTTGTGGGTC,0,4311789
yadI_predicted,0.05555555555555555,17,17,GCACTCTCTCCGGGCCAGGG,0,4344763
yadI_predicted,0.05555555555555555,17,17,GCAATTTCTCGCCATCACAT,0,4338349
yadI_predicted,0.05555555555555555,17,17,GCAACCGCAACTGCTATTTG,0,4311477
yadI_predicted,0.05555555555555555,17,17,GCAACATATTAAAGCAGTTA,0,4309874
yadI_predicted,0.05555555555555555,17,17,GATCCTAGCTGCCCCTAATT,0,4298906
yadI_predicted,0.05555555555555555,17,17,GATCCCCCTTGTTCGGAAAC,0,4310750
yadI_predicted,0.05555555555555555,17,17,GAGTGCGTTATAGCATTTTG,0,4289270
yadI_predicted,0.05555555555555555,17,17,GAGTACAGGGCTCAGTATAA,0,4362476
yadI_predicted,0.05555555555555555,17,17,GAGGATCATGGTTCATGGCA,0,4289367
yadI_predicted,0.05555555555555555,17,17,GAGGAAACAAAGATCACGGG,0,4340495
yadI_predicted,0.05555555555555555,17,17,GAGCGTACCAATCGATCCCA,0,4334012
yadI_predicted,0.05555555555555555,17,17,GAGAGGCTCATCTGGCGCTG,0,4307074
yadI_predicted,0.05555555555555555,17,17,GACTGGGACCCCCGCAGGTC,0,4305894
yadI_predicted,0.05555555555555555,17,17,GACGGGAGCAGACCAGTGAA,0,4341596
yadI_predicted,0.05555555555555555,17,17,GACCTGTAATGTGAGCCTTA,0,4341066
yadI_predicted,0.05555555555555555,17,17,GACAACTGCTCCACTAGCGG,0,4312386
yadI_predicted,0.05555555555555555,17,17,GAATGTACTGCACAGAAGAT,0,4335565
yadI_predicted,0.05555555555555555,17,17,GAATGCTTCAGGATTAGGAG,0,4342676
yadI_predicted,0.05555555555555555,17,17,GAAGGAACAGTGTGACGGAG,0,4362803
yadI_predicted,0.05555555555555555,17,17,GAACATTAACAGTCTTCAGT,0,4296563
yadI_predicted,0.05555555555555555,17,17,GAAACCGTAGCTGAGCTCCG,0,4335503
yadI_predicted,0.05555555555555555,17,17,GAAACACGCTTCTCTTCTGC,0,4369597
yadI_predicted,0.05555555555555555,17,17,GAAACAACGCTAAAGAAAGT,0,4287241
yadI_predicted,0.05555555555555555,17,17,GAAAATCCCGAGTTTCGCTG,0,4284193
yadI_predicted,0.05555555555555555,17,17,CTTTTTGGAACATCGCGGGA,0,4310183
yadI_predicted,0.05555555555555555,17,17,CTTTGTCCGTTACGCCAGGT,0,4319238
yadI_predicted,0.05555555555555555,17,17,CTTTGAACAGAAGGAGCTCA,0,4319445
yadI_predicted,0.05555555555555555,17,17,CTTGTTACCCCCCCACTCTC,0,4291579
yadI_predicted,0.05555555555555555,17,17,CTTAGGGTAGTAAACGTACA,0,4331596
yadI_predicted,0.05555555555555555,17,17,CTTAGATCTCGGTGGGTGAC,0,4345458
yadI_predicted,0.05555555555555555,17,17,CTTACATCAAAGAACATTAT,0,4326358
yadI_predicted,0.05555555555555555,17,17,CTTACAGTGCCGTGGTTTCT,0,4302770
yadI_predicted,0.05555555555555555,17,17,CTGTGTGGTTGGGCACCTAT,0,4341827
yadI_predicted,0.05555555555555555,17,17,CTGTGAGGCATTGTCAACAT,0,4324868
yadI_predicted,0.05555555555555555,17,17,CTGTCAGATATTACGCACCT,0,4306037
yadI_predicted,0.05555555555555555,17,17,CTGTAGTTGATTGATCCACC,0,4341586
yadI_predicted,0.05555555555555555,17,17,CTGGGTCCCCCGGTTTTGGT,0,4291109
yadI_predicted,0.05555555555555555,17,17,CTGGGCTCCTCGTATGTTCA,0,4369652
yadI_predicted,0.05555555555555555,17,17,CTGGAATCGAATGCGTCGAT,0,4342432
yadI_predicted,0.05555555555555555,17,17,CTGCTTCTGGAGACCCTGAG,0,4301017
yadI_predicted,0.05555555555555555,17,17,CTGACCAGGGGTCCTCTCGG,0,4319856
yadI_predicted,0.05555555555555555,17,17,CTCGTGATTCAGACTCCGCC,0,4352571
yadI_predicted,0.05555555555555555,17,17,CTCGGCCTTAATATCAACGT,0,4339415
yadI_predicted,0.05555555555555555,17,17,CTCGCGTAGGAAATGTCACA,0,4292181
yadI_predicted,0.05555555555555555,17,17,CTCGCCACTGTGTTAACTTT,0,4345354
yadI_predicted,0.05555555555555555,17,17,CTCCTGGGTCACACGTCATA,0,4287222
yadI_predicted,0.05555555555555555,17,17,CTCCACGTAAAAGTACGTTC,0,4342613
yadI_predicted,0.05555555555555555,17,17,CTCATTCCCAACAGAGAACG,0,4359808
yadI_predicted,0.05555555555555555,17,17,CTAGTTTGGAATATCATCTA,0,4338630
yadI_predicted,0.05555555555555555,17,17,CTAGTTCGCGGCTTTTCATG,0,4365599
yadI_predicted,0.05555555555555555,17,17,CTAGTGTCCGGGTTCGAGCT,0,4334054
yadI_predicted,0.05555555555555555,17,17,CTAGTGCTACGTGTTTAGCT,0,4352036
yadI_predicted,0.05555555555555555,17,17,CTAGAGGGTGCTGTTCACAC,0,4341546
yadI_predicted,0.05555555555555555,17,17,CTACTCACGCCCTTCTCAAA,0,4295948
yadI_predicted,0.05555555555555555,17,17,CTACCCGATACGTCATGACT,0,4286346
yadI_predicted,0.05555555555555555,17,17,CTACCACATCTTACTCAGGC,0,4305063
yadI_predicted,0.05555555555555555,17,17,CGTTATAGTGCCACCAGTTA,0,4318468
yadI_predicted,0.05555555555555555,17,17,CGTTAGGGCCATATCACTAA,0,4366301
yadI_predicted,0.05555555555555555,17,17,CGTGGGGCGTACGTGCCACT,0,4337595
yadI_predicted,0.05555555555555555,17,17,CGTGCACAGTCTGACATCGG,0,4362144
yadI_predicted,0.05555555555555555,17,17,CGTGATTCACGGAGTAATGT,0,4319258
yadI_predicted,0.05555555555555555,17,17,CGTCGGGGGGGTTGACGTGC,0,4356427
yadI_predicted,0.05555555555555555,17,17,CGTAGTGTTATCGCTCGGAT,0,4306910
yadI_predicted,0.05555555555555555,17,17,CGGTAGCCAGGCTAACATAT,0,4318555
yadI_predicted,0.05555555555555555,17,17,CGGGGCAACTTTCAAGGTTT,0,4320474
yadI_predicted,0.05555555555555555,17,17,CGGCGTCCACTCGACTTTTT,0,4289252
yadI_predicted,0.05555555555555555,17,17,CGGCGAGTCGGTGGCCGCGT,0,4315315
yadI_predicted,0.05555555555555555,17,17,CGGAGGGGAGGATCCTCGTC,0,4363799
yadI_predicted,0.05555555555555555,17,17,CGGAGGCTGCTGCGCGCGGA,0,4340569
yadI_predicted,0.05555555555555555,17,17,CGGAGGCGTGCTTACGGCCT,0,4317251
yadI_predicted,0.05555555555555555,17,17,CGGAGCCTTTGAAATCGCCA,0,4303413
yadI_predicted,0.05555555555555555,17,17,CGGAAAAGATGCCCATATGT,0,4303355
yadI_predicted,0.05555555555555555,17,17,CGCTTTTTTCACCGGCAACT,0,4368166
yadI_predicted,0.05555555555555555,17,17,CGCGTGCCAGGAATCGCCTT,0,4317371
yadI_predicted,0.05555555555555555,17,17,CGCCTACAGGAGCTACTGAA,0,4331614
yadI_predicted,0.05555555555555555,17,17,CGCCGCCTGATCTAGACCGC,0,4343814
yadI_predicted,0.05555555555555555,17,17,CGCATTCGGAAGTCTTTCTC,0,4336796
yadI_predicted,0.05555555555555555,17,17,CGCATCAGCCCGCCCTGCGG,0,4321831
yadI_predicted,0.05555555555555555,17,17,CGATAGGATACGGCAAGGTA,0,4358982
yadI_predicted,0.05555555555555555,17,17,CGAGTAATCAATGCTCCATT,0,4304091
yadI_predicted,0.05555555555555555,17,17,CGAGGGCAGCTCGGAGGTCT,0,4306795
yadI_predicted,0.05555555555555555,17,17,CGAGCGGCCTCCTAGGCGAC,0,4292205
yadI_predicted,0.05555555555555555,17,17,CGAGAGTATTTGTATTGGAC,0,4316164
yadI_predicted,0.05555555555555555,17,17,CGACTGAATTGCGGGTGCCG,0,4359640
yadI_predicted,0.05555555555555555,17,17,CGACTACGCAGGCACTGCTA,0,4345576
yadI_predicted,0.05555555555555555,17,17,CGACCGTGCGAATCATTAGG,0,4347256
yadI_predicted,0.05555555555555555,17,17,CGAAGTATGCTCACTAGCGT,0,4290055
yadI_predicted,0.05555555555555555,17,17,CCTTGCCTGATTTCGCACGC,0,4290780
yadI_predicted,0.05555555555555555,17,17,CCTGCCTTCGAAAACGAGGT,0,4298186
yadI_predicted,0.05555555555555555,17,17,CCTGACCAAGTATCCCTATC,0,4285371
yadI_predicted,0.05555555555555555,17,17,CCTCTCGTTCTGTTAGGCGA,0,4320856
yadI_predicted,0.05555555555555555,17,17,CCTCGGCAAAGGTGCTAGTG,0,4286303
yadI_predicted,0.05555555555555555,17,17,CCTCCTCTCCATTCTATCCA,0,4304735
yadI_predicted,0.05555555555555555,17,17,CCTCAGTTTTGGTCGAGCTG,0,4322830
yadI_predicted,0.05555555555555555,17,17,CCTATTGTGTGTTGCTGACT,0,4306225
yadI_predicted,0.05555555555555555,17,17,CCTATCAGTCAGACGTGAGG,0,4340538
yadI_predicted,0.05555555555555555,17,17,CCTACTTACAACGTCGCAAC,0,4346473
yadI_predicted,0.05555555555555555,17,17,CCTACCAATCGTAGTAAGGC,0,4303123
yadI_predicted,0.05555555555555555,17,17,CCTAATTCCGCTGATGCGAG,0,4331303
yadI_predicted,0.05555555555555555,17,17,CCTAATATAGCTATCTGGTA,0,4331683
yadI_predicted,0.05555555555555555,17,17,CCGTTGTAACGACTACATAT,0,4317701
yadI_predicted,0.05555555555555555,17,17,CCGTATGGAAATCGTCCTGC,0,4318187
yadI_predicted,0.05555555555555555,17,17,CCGGACCATTTACATGGTTA,0,4296017
yadI_predicted,0.05555555555555555,17,17,CCGCCAGCGGTCGAGTCGAT,0,4337986
yadI_predicted,0.05555555555555555,17,17,CCGCCAGAGGTATGCCGCAA,0,4331811
yadI_predicted,0.05555555555555555,17,17,CCGCAAGTTACCACCCACCC,0,4333876
yadI_predicted,0.05555555555555555,17,17,CCGAACTCTTCTCGGAGGAT,0,4296390
yadI_predicted,0.05555555555555555,17,17,CCCTGGCGGGTGTAAGCTGA,0,4298388
yadI_predicted,0.05555555555555555,17,17,CCCTGGCCCGGTAGTGCGCC,0,4292919
yadI_predicted,0.05555555555555555,17,17,CCCGGAGCTTCGGGCTCGCT,0,4361924
yadI_predicted,0.05555555555555555,17,17,CCCCTCTGGCATCGGCAGTG,0,4299038
yadI_predicted,0.05555555555555555,17,17,CCATTGAGAGGACCCTATTC,0,4304849
yadI_predicted,0.05555555555555555,17,17,CCATCTATCACTCGGCGTAC,0,4326652
yadI_predicted,0.05555555555555555,17,17,CCACGGATAGAGGCGTCGTG,0,4344728
yadI_predicted,0.05555555555555555,17,17,CCAACTATTTATTAAGCTTT,0,4331984
yadI_predicted,0.05555555555555555,17,17,CATTGGTCATTCCGTATCTG,0,4320121
yadI_predicted,0.05555555555555555,17,17,CATGCTAGGGTCCCCAATAG,0,4346329
yadI_predicted,0.05555555555555555,17,17,CATCGCAAAACACTGATTAC,0,4346895
yadI_predicted,0.05555555555555555,17,17,CATATGTTACCATGCTGGAG,0,4287527
yadI_predicted,0.05555555555555555,17,17,CAGTCGTATACGTGGGTCGG,0,4353956
yadI_predicted,0.05555555555555555,17,17,CAGGTAATCGGTCCATGGAC,0,4345225
yadI_predicted,0.05555555555555555,17,17,CAGGCGGGCTATTTCAGCAG,0,4321378
yadI_predicted,0.05555555555555555,17,17,CAGGCGGCATATAGCGGAGT,0,4352826
yadI_predicted,0.05555555555555555,17,17,CAGCGAGGCTCTCCGGCCCA,0,4356906
yadI_predicted,0.05555555555555555,17,17,CAGCACCTCATCCGGCCCAT,0,4287523
yadI_predicted,0.05555555555555555,17,17,CAGAATACCTGAGGTGTGAA,0,4367838
yadI_predicted,0.05555555555555555,17,17,CAGAACCTCTTATAATCGTG,0,4309898
yadI_predicted,0.05555555555555555,17,17,CACTGTATGCCTATATTGAC,0,4319694
yadI_predicted,0.05555555555555555,17,17,CACTCTCGGGAACAACTACC,0,4359070
yadI_predicted,0.05555555555555555,17,17,CACGAAAATCTTCTATCAGT,0,4319541
yadI_predicted,0.05555555555555555,17,17,CACCCGTGCCGAAGACAGGA,0,4328069
yadI_predicted,0.05555555555555555,17,17,CACATAAATGGTACTGTGTG,0,4352436
yadI_predicted,0.05555555555555555,17,17,CACAGGCCAGGTCGCTCTGC,0,4288265
yadI_predicted,0.05555555555555555,17,17,CACACAATAGGGATGCAATG,0,4340737
yadI_predicted,0.05555555555555555,17,17,CACAAGTTTGCATCGGTCGG,0,4338592
yadI_predicted,0.05555555555555555,17,17,CAATTAGATTCGCTAGGGGT,0,4357673
yadI_predicted,0.05555555555555555,17,17,CAATGCTTTACGCGCGTGCG,0,4332038
yadI_predicted,0.05555555555555555,17,17,CAATCCAGGCCTAGTCGAGA,0,4294374
yadI_predicted,0.05555555555555555,17,17,CAATATCACGTGTTACGCAT,0,4289635
yadI_predicted,0.05555555555555555,17,17,CAAGCATTGATAGGATTTAG,0,4359766
yadI_predicted,0.05555555555555555,17,17,CAAGAATTCATAATATCTGT,0,4294583
yadI_predicted,0.05555555555555555,17,17,CAACGAGTTTTTATAGAGTA,0,4305698
yadI_predicted,0.05555555555555555,17,17,CAAATACGCGTGTAACTAGA,0,4292084
yadI_predicted,0.05555555555555555,17,17,ATTTCGGCCCATGGACGCAT,0,4321144
yadI_predicted,0.05555555555555555,17,17,ATTCTGGTCGGAATTACTTT,0,4354185
yadI_predicted,0.05555555555555555,17,17,ATTCGCTGAGTTTTGTAAAT,0,4345709
yadI_predicted,0.05555555555555555,17,17,ATTCCTGTCAAGCCATATAA,0,4347326
yadI_predicted,0.05555555555555555,17,17,ATTACATAGTAATCCCGTAG,0,4293657
yadI_predicted,0.05555555555555555,17,17,ATGGTAATAATCAACGGCAG,0,4310263
yadI_predicted,0.05555555555555555,17,17,ATGGGCTCCTACTCGATTAA,0,4330951
yadI_predicted,0.05555555555555555,17,17,ATGGAACCGGCATTGGATCT,0,4294511
yadI_predicted,0.05555555555555555,17,17,ATGCTACTACGACGTCAAGG,0,4345231
yadI_predicted,0.05555555555555555,17,17,ATGAGCTCTTCCGTTTACAG,0,4356241
yadI_predicted,0.05555555555555555,17,17,ATGACCTCGTCGTGGGGCCA,0,4291505
yadI_predicted,0.05555555555555555,17,17,ATGAACACTCCTGCGAACAC,0,4359613
yadI_predicted,0.05555555555555555,17,17,ATCTTGACGTATAGTTAGCA,0,4364786
yadI_predicted,0.05555555555555555,17,17,ATCTCTTAAAAGAGGGATTA,0,4315427
yadI_predicted,0.05555555555555555,17,17,ATCTAGAAGCAACTATTGAA,0,4296648
yadI_predicted,0.05555555555555555,17,17,ATCGTGCGACTGGCGACATG,0,4344065
yadI_predicted,0.05555555555555555,17,17,ATCGTCATGTCCGGAAAGAA,0,4361145
yadI_predicted,0.05555555555555555,17,17,ATCGAGTCACGGGTTGCTAG,0,4290074
yadI_predicted,0.05555555555555555,17,17,ATCCTGGACAACCAGATTTA,0,4333891
yadI_predicted,0.05555555555555555,17,17,ATCCTCCGGCCCCAGAGCTA,0,4347759
yadI_predicted,0.05555555555555555,17,17,ATCCTCACTGCGTATGGGTA,0,4324883
yadI_predicted,0.05555555555555555,17,17,ATCCATTGGTAGGTATGCTT,0,4304476
yadI_predicted,0.05555555555555555,17,17,ATCCATCAAGTCACCGTGGA,0,4350509
yadI_predicted,0.05555555555555555,17,17,ATCACTTCTACTATATCTGT,0,4291470
yadI_predicted,0.05555555555555555,17,17,ATCACTCGGAGTGAGCTGGG,0,4346756
yadI_predicted,0.05555555555555555,17,17,ATATTTTTATTAGTCGAAAC,0,4327449
yadI_predicted,0.05555555555555555,17,17,ATATCTCTTGCCAAATCGAA,0,4337059
yadI_predicted,0.05555555555555555,17,17,ATAGTGATGGGTTGTTCAAA,0,4352489
yadI_predicted,0.05555555555555555,17,17,ATACCTCAAGCCCAATTTAG,0,4316706
yadI_predicted,0.05555555555555555,17,17,ATACCACCAGCTGACCAGCT,0,4340378
yadI_predicted,0.05555555555555555,17,17,ATAAAGATGTACAGGATAGG,0,4302974
yadI_predicted,0.05555555555555555,17,17,AGTTTCACGGACTGTCAGTG,0,4306141
yadI_predicted,0.05555555555555555,17,17,AGTGCTGATGGTATAGATAA,0,4358977
yadI_predicted,0.05555555555555555,17,17,AGTCCTAGTCAAGTTAACTA,0,4288756
yadI_predicted,0.05555555555555555,17,17,AGTCCTAATTGCCGGCCGCA,0,4364609
yadI_predicted,0.05555555555555555,17,17,AGTATCGTTACCTTGAAATG,0,4314422
yadI_predicted,0.05555555555555555,17,17,AGTACATGCTCCGAAAGTCG,0,4300528
yadI_predicted,0.05555555555555555,17,17,AGGTTGAACCTACACACTGA,0,4291245
yadI_predicted,0.05555555555555555,17,17,AGGTCCTCCGAACAATTCTC,0,4363849
yadI_predicted,0.05555555555555555,17,17,AGGTCCGGTGACGGTGTAAG,0,4317889
yadI_predicted,0.05555555555555555,17,17,AGGTCAGAATCCCATGAAAC,0,4366460
yadI_predicted,0.05555555555555555,17,17,AGGGGACAGCACACACTCAT,0,4367979
yadI_predicted,0.05555555555555555,17,17,AGGCTCCTGTTGTCTAAGTG,0,4364899
yadI_predicted,0.05555555555555555,17,17,AGGAATCAGTTGAACCCGAT,0,4286454
yadI_predicted,0.05555555555555555,17,17,AGCTTAGAGACTTCAAAATT,0,4306740
yadI_predicted,0.05555555555555555,17,17,AGCTCAGGAACGCTAAACGT,0,4305911
yadI_predicted,0.05555555555555555,17,17,AGCTAGCTTCGTATGTGTAG,0,4353906
yadI_predicted,0.05555555555555555,17,17,AGCCCCGGAATTCAGTTGGG,0,4345552
yadI_predicted,0.05555555555555555,17,17,AGCCCAGGAGAGATCTCAAT,0,4324945
yadI_predicted,0.05555555555555555,17,17,AGCCACGAGGGCGTAAGTCA,0,4322679
yadI_predicted,0.05555555555555555,17,17,AGCATGAATCCAATGGGGGT,0,4338160
yadI_predicted,0.05555555555555555,17,17,AGCACTTTCATCTGGTACAA,0,4353912
yadI_predicted,0.05555555555555555,17,17,AGATCTTTCCCATAGTTGCT,0,4336678
yadI_predicted,0.05555555555555555,17,17,AGATCAGCAGAGAGTAGTAT,0,4308236
yadI_predicted,0.05555555555555555,17,17,AGATAGGTATCAGCGACAAT,0,4319848
yadI_predicted,0.05555555555555555,17,17,AGATAATAGTAGTTAGCCAT,0,4345049
yadI_predicted,0.05555555555555555,17,17,AGACCTGACCTCATCTCGCA,0,4307613
yadI_predicted,0.05555555555555555,17,17,AGACCGGTAATCCCGTATGT,0,4308130
yadI_predicted,0.05555555555555555,17,17,AGACCCCGAATGGCTAGAAG,0,4338117
yadI_predicted,0.05555555555555555,17,17,AGACACGCGTTTAAATCATT,0,4291986
yadI_predicted,0.05555555555555555,17,17,AGAATGGCCGTCTTGTCTGT,0,4297308
yadI_predicted,0.05555555555555555,17,17,AGAAATGCCGACGAACTACT,0,4309641
yadI_predicted,0.05555555555555555,17,17,ACTTTCTTCCGTGCAGCGAG,0,4338340
yadI_predicted,0.05555555555555555,17,17,ACTGGTCAGATTTCACGTTT,0,4296020
yadI_predicted,0.05555555555555555,17,17,ACGTTAGGTCCAGGGGTCAG,0,4311169
yadI_predicted,0.05555555555555555,17,17,ACGTAGGGGGATTTGTCGTT,0,4361240
yadI_predicted,0.05555555555555555,17,17,ACGGTAGTGCTTCTAATTTG,0,4292473
yadI_predicted,0.05555555555555555,17,17,ACGGGGTGCGCAACGAGAGC,0,4343620
yadI_predicted,0.05555555555555555,17,17,ACGGCCGTGCTATTTAACTC,0,4294313
yadI_predicted,0.05555555555555555,17,17,ACGGAGTTCTTGAGTCTATC,0,4354624
yadI_predicted,0.05555555555555555,17,17,ACGCTCCGGACAGTTTGACT,0,4306361
yadI_predicted,0.05555555555555555,17,17,ACGCGTCTGGGCAGGTCAAA,0,4318257
yadI_predicted,0.05555555555555555,17,17,ACGCAGAAGTGCCTTACTAG,0,4301194
yadI_predicted,0.05555555555555555,17,17,ACGACCTGGCGCTGACCCCC,0,4337396
yadI_predicted,0.05555555555555555,17,17,ACCTCCAAGCTTTCAGGGAA,0,4363901
yadI_predicted,0.05555555555555555,17,17,ACCTCATTCTTTATTTAGAT,0,4357647
yadI_predicted,0.05555555555555555,17,17,ACCGTATGTTCCCGTCAGAA,0,4358472
yadI_predicted,0.05555555555555555,17,17,ACCGTAAGGCAATACAAATT,0,4320899
yadI_predicted,0.05555555555555555,17,17,ACCGGAGCTTGAGCGGTAAA,0,4341578
yadI_predicted,0.05555555555555555,17,17,ACCGATACGTTTCCAACAAT,0,4304720
yadI_predicted,0.05555555555555555,17,17,ACCCTCTCTTATTCTATGCA,0,4317708
yadI_predicted,0.05555555555555555,17,17,ACCCGTAATCGGGTTGAACT,0,4331472
yadI_predicted,0.05555555555555555,17,17,ACCCCTAGGATTGGTCATGC,0,4348155
yadI_predicted,0.05555555555555555,17,17,ACCCCGAGATGAGATGGAGC,0,4365761
yadI_predicted,0.05555555555555555,17,17,ACCAGTGAATCGCTATTTGT,0,4333874
yadI_predicted,0.05555555555555555,17,17,ACCAGGAACAAATGGACATT,0,4326889
yadI_predicted,0.05555555555555555,17,17,ACCAAGTTATTTCGTTACAA,0,4349042
yadI_predicted,0.05555555555555555,17,17,ACCAAGCATTTATGGTCGGA,0,4321996
yadI_predicted,0.05555555555555555,17,17,ACAGTCGCCGCCGACAACAG,0,4353113
yadI_predicted,0.05555555555555555,17,17,ACAGGTTTAAGCGGTTTTGA,0,4327511
yadI_predicted,0.05555555555555555,17,17,ACAGGATAAGGAAGAAACCC,0,4288010
yadI_predicted,0.05555555555555555,17,17,ACAGCCCGAGAACACTCGAT,0,4350577
yadI_predicted,0.05555555555555555,17,17,ACAGACGGAGTACACGCGCC,0,4347739
yadI_predicted,0.05555555555555555,17,17,ACACGTAGCGAGTAGGAGAC,0,4366771
yadI_predicted,0.05555555555555555,17,17,ACAACCTCGAATTACGTAGA,0,4321500
yadI_predicted,0.05555555555555555,17,17,ACAACAGCCCAGGGGAAGGT,0,4367959
yadI_predicted,0.05555555555555555,17,17,AATTGCGGCGTAGACCGTGG,0,4352462
yadI_predicted,0.05555555555555555,17,17,AATTAAAAATACGGAGTTTA,0,4353750
yadI_predicted,0.05555555555555555,17,17,AATCCCTCTGGCCGGGTTAG,0,4332930
yadI_predicted,0.05555555555555555,17,17,AATCATGCTTTCATGCCAAA,0,4351561
yadI_predicted,0.05555555555555555,17,17,AATCAGAGGTCATATTAAGA,0,4345502
yadI_predicted,0.05555555555555555,17,17,AATAGCGCGAGTACTCAGTG,0,4288954
yadI_predicted,0.05555555555555555,17,17,AAGTAGGGATGCTTATACGC,0,4296694
yadI_predicted,0.05555555555555555,17,17,AAGCGTGCAGGGTAGGCGAA,0,4314671
yadI_predicted,0.05555555555555555,17,17,AAGCCCATAATAGCCAGGTG,0,4286362
yadI_predicted,0.05555555555555555,17,17,AAGCAGATAATCGTGTTTAT,0,4349184
yadI_predicted,0.05555555555555555,17,17,AAGACCCGAACGCCATTGTA,0,4335632
yadI_predicted,0.05555555555555555,17,17,AAGAATTATTGGCATCCACT,0,4306134
yadI_predicted,0.05555555555555555,17,17,AACTCTCTGAATGGAGTCCT,0,4299112
yadI_predicted,0.05555555555555555,17,17,AACGCTTTGGCCAGGTGGGC,0,4292200
yadI_predicted,0.05555555555555555,17,17,AACATCGGGAAGTTCCAAGG,0,4341669
yadI_predicted,0.05555555555555555,17,17,AACAATTCTAATTTTAAGCA,0,4294453
yadI_predicted,0.05555555555555555,17,17,AACAAGATGGGATAACATCC,0,4367964
yadI_predicted,0.05555555555555555,17,17,AAATTACCACTGTGTTTCTT,0,4333684
yadI_predicted,0.05555555555555555,17,17,AAATCGCAAATCTGTAATAC,0,4329981
yadI_predicted,0.05555555555555555,17,17,AAATCCCGCTGTGATTTCAG,0,4357008
yadI_predicted,0.05555555555555555,17,17,AAAGTGTATAGGAGCTAGAT,0,4306370
yadI_predicted,0.05555555555555555,17,17,AAAGGTGGACACGGTGTGTA,0,4360930
yadI_predicted,0.05555555555555555,17,17,AAAGCAACATGTCTGCCTTA,0,4365318
yadI_predicted,0.05555555555555555,17,17,AAACCGAACCCAAAAGGCTT,0,4292947
yadI_predicted,0.05555555555555555,17,17,AAACAGTGCTTGGGTTTATA,0,4296990
yadI_predicted,0.05555555555555555,17,17,AAAAGCCCGACAAACATGTG,0,4323235
yadI_predicted,0.05555555555555555,17,17,AAAACAGCTCGTCAAGGACA,0,4302251
yadI_predicted,0.05555555555555555,17,17,AAAACACAGAACTAGGGGCG,0,4315741
yadI_predicted,0.05555555555555555,17,17,AAAAAGATTCGGGAGCGGAA,0,4342316
yadI_predicted,0.058823529411764705,16,16,TTTTCCCAGAGGGCGGAATA,0,4314194
yadI_predicted,0.058823529411764705,16,16,TTTTAACCACTAGGTTCAGT,0,4303110
yadI_predicted,0.058823529411764705,16,16,TTTGCGATTTGTCTGGGAGA,0,4329181
yadI_predicted,0.058823529411764705,16,16,TTTGAGAACTAGTTCTCTAT,0,4331752
yadI_predicted,0.058823529411764705,16,16,TTTCGTCAGCATAGGGCCCA,0,4303924
yadI_predicted,0.058823529411764705,16,16,TTTCCGGCAGCTATAAAAGT,0,4337481
yadI_predicted,0.058823529411764705,16,16,TTTCATACCTAAAGGTACGA,0,4362019
yadI_predicted,0.058823529411764705,16,16,TTTAGAATAGAAAATAACGG,0,4287783
yadI_predicted,0.058823529411764705,16,16,TTTAATCTACCGGTCATTGG,0,4290643
yadI_predicted,0.058823529411764705,16,16,TTTAACCATCAACACCGCGT,0,4347921
yadI_predicted,0.058823529411764705,16,16,TTGTGAACAAGTCAAGGGCA,0,4297758
yadI_predicted,0.058823529411764705,16,16,TTGTCGTACTAAGCTCGTGT,0,4323622
yadI_predicted,0.058823529411764705,16,16,TTGTAGGCGGTTCGTTCGAT,0,4360933
yadI_predicted,0.058823529411764705,16,16,TTGGCATAATAAATCCCCGA,0,4356439
yadI_predicted,0.058823529411764705,16,16,TTGGCACTGTTTTTAAAATG,0,4341018
yadI_predicted,0.058823529411764705,16,16,TTGCTGCAGCCAGCATGCCA,0,4320657
yadI_predicted,0.058823529411764705,16,16,TTGCTGAAAGCACTTGAGTG,0,4352060
yadI_predicted,0.058823529411764705,16,16,TTGCCTTCCCCACGCCCGAC,0,4317202
yadI_predicted,0.058823529411764705,16,16,TTGATCAGCATGCGCGGCTG,0,4310613
yadI_predicted,0.058823529411764705,16,16,TTGACCAGAGCTGGATAGAC,0,4336455
yadI_predicted,0.058823529411764705,16,16,TTCTCCGTCATAGTCCAATG,0,4366084
yadI_predicted,0.058823529411764705,16,16,TTCGTAGTGAGTCTGCTAAA,0,4317967
yadI_predicted,0.058823529411764705,16,16,TTCGGGTCCGAAAAGAGTCT,0,4289391
yadI_predicted,0.058823529411764705,16,16,TTCGATTCACTCACTAGGGG,0,4312022
yadI_predicted,0.058823529411764705,16,16,TTCCTGAGTGACGGTCTGCC,0,4312050
yadI_predicted,0.058823529411764705,16,16,TTCCGCCCGCAGTGAGTTCA,0,4293410
yadI_predicted,0.058823529411764705,16,16,TTCCGCAAATTAACGACATG,0,4311540
yadI_predicted,0.058823529411764705,16,16,TTCCCACTGAGGCGCATGTG,0,4367482
yadI_predicted,0.058823529411764705,16,16,TTCCAGCACCTGGCGTCACT,0,4294174
yadI_predicted,0.058823529411764705,16,16,TTCCACAGCGGGCATGCATA,0,4360626
yadI_predicted,0.058823529411764705,16,16,TTCACATCCTCGCTTGATTG,0,4323689
yadI_predicted,0.058823529411764705,16,16,TTATTTCCTTCTATGTCGTG,0,4313438
yadI_predicted,0.058823529411764705,16,16,TTATTGGCCTGCACCCTCAC,0,4347397
yadI_predicted,0.058823529411764705,16,16,TTATAAACAAAGGGTGTTCG,0,4297327
yadI_predicted,0.058823529411764705,16,16,TTAGTGCGTCCTGCGCCGTG,0,4316818
yadI_predicted,0.058823529411764705,16,16,TTACTCACGCCTCCTGGTCT,0,4314060
yadI_predicted,0.058823529411764705,16,16,TTACGCATCGTACAACCAGG,0,4313423
yadI_predicted,0.058823529411764705,16,16,TTACAGCGTGTGCACTATCA,0,4362130
yadI_predicted,0.058823529411764705,16,16,TGTTCAAACGTACCCCGTGT,0,4336369
yadI_predicted,0.058823529411764705,16,16,TGTGGTTGCAATTTACTATG,0,4341958
yadI_predicted,0.058823529411764705,16,16,TGTGGGGTCCAGCAGGGTTT,0,4344716
yadI_predicted,0.058823529411764705,16,16,TGTCGATATCCAGTAATGAA,0,4344818
yadI_predicted,0.058823529411764705,16,16,TGTAGGTGAGACGATTTTTT,0,4315374
yadI_predicted,0.058823529411764705,16,16,TGTACTCTTAGTAACGGCGC,0,4346764
yadI_predicted,0.058823529411764705,16,16,TGGGCTCGTGAAGCATTTCA,0,4365951
yadI_predicted,0.058823529411764705,16,16,TGGATCACATGCAGCCAACA,0,4310648
yadI_predicted,0.058823529411764705,16,16,TGGAGACATTATAAAAAAAA,0,4351396
yadI_predicted,0.058823529411764705,16,16,TGCTATCCTTACAAGAGGGG,0,4336599
yadI_predicted,0.058823529411764705,16,16,TGCTAACCATTTGTGAGCGC,0,4319128
yadI_predicted,0.058823529411764705,16,16,TGCCCTCGGGTGGTAACCCT,0,4302549
yadI_predicted,0.058823529411764705,16,16,TGCCACATCCGGTTTACAGT,0,4289617
yadI_predicted,0.058823529411764705,16,16,TGCAGGGAATGACACCAGTA,0,4340993
yadI_predicted,0.058823529411764705,16,16,TGCAACCCCGGAGTCGACGT,0,4295698
yadI_predicted,0.058823529411764705,16,16,TGATTCCAATTATCCAGTGT,0,4320386
yadI_predicted,0.058823529411764705,16,16,TGATACAAGCGTCGTTGATA,0,4299286
yadI_predicted,0.058823529411764705,16,16,TGATAATTCGGCATCTATCT,0,4309486
yadI_predicted,0.058823529411764705,16,16,TGAGGATATCTACCCGTCTT,0,4350570
yadI_predicted,0.058823529411764705,16,16,TGACATTGACTTTTGTTTCG,0,4352743
yadI_predicted,0.058823529411764705,16,16,TGACATGCGAGGAGGGCGGC,0,4354723
yadI_predicted,0.058823529411764705,16,16,TGAAGGACGGAAGTTTCGGA,0,4316564
yadI_predicted,0.058823529411764705,16,16,TGAAGAGCCTAGTATGGACT,0,4292934
yadI_predicted,0.058823529411764705,16,16,TCTTTAGTGCCTGGCGTCTT,0,4344565
yadI_predicted,0.058823529411764705,16,16,TCTTGGGAGCTCCCTGACCA,0,4360004
yadI_predicted,0.058823529411764705,16,16,TCTTCTTGGAACACCGTTCT,0,4296956
yadI_predicted,0.058823529411764705,16,16,TCTGTCAATGTTGAGAAAGT,0,4304450
yadI_predicted,0.058823529411764705,16,16,TCTGTAATGGCTGGTTCGTA,0,4350677
yadI_predicted,0.058823529411764705,16,16,TCTGATTCTCCGGATTGAGC,0,4321432
yadI_predicted,0.058823529411764705,16,16,TCTCGTTCGCGAAGGAGGTG,0,4289321
yadI_predicted,0.058823529411764705,16,16,TCTCGGGAGGGGCTGTAAAA,0,4294497
yadI_predicted,0.058823529411764705,16,16,TCTATTTTTTATGCTCCGGG,0,4297365
yadI_predicted,0.058823529411764705,16,16,TCGTTATCACTCGGTGGGGG,0,4303300
yadI_predicted,0.058823529411764705,16,16,TCGGTGCATTAAGCTGCGCC,0,4340533
yadI_predicted,0.058823529411764705,16,16,TCGGTCGGGTTACTGTCAAA,0,4337822
yadI_predicted,0.058823529411764705,16,16,TCGGCGCGGTGGATGCCCTA,0,4302906
yadI_predicted,0.058823529411764705,16,16,TCGGATACGTCACGAGGGAA,0,4287780
yadI_predicted,0.058823529411764705,16,16,TCGCAGTCTTTCCATCTGCA,0,4347777
yadI_predicted,0.058823529411764705,16,16,TCCTAGTTCCCCCAAGGTGT,0,4334520
yadI_predicted,0.058823529411764705,16,16,TCCTAGTCCAAGTGCGGTAT,0,4297286
yadI_predicted,0.058823529411764705,16,16,TCCGTATACGGAGCCTGGCT,0,4288096
yadI_predicted,0.058823529411764705,16,16,TCCGCCTACACAGTGGACTT,0,4336458
yadI_predicted,0.058823529411764705,16,16,TCCATTCATGACAGACCGTT,0,4319079
yadI_predicted,0.058823529411764705,16,16,TCCAGGTATTGGGTACAAGG,0,4355038
yadI_predicted,0.058823529411764705,16,16,TCCAGATTACGATCCGTAGC,0,4353081
yadI_predicted,0.058823529411764705,16,16,TCCACCGGAAGATGATGTAC,0,4298088
yadI_predicted,0.058823529411764705,16,16,TCCAATGGTCCGAGCCTGCA,0,4351804
yadI_predicted,0.058823529411764705,16,16,TCAGTTTTACGGAAGTCTAA,0,4299953
yadI_predicted,0.058823529411764705,16,16,TCAGGGTACTACCGGCAGTT,0,4363533
yadI_predicted,0.058823529411764705,16,16,TCAGACTGCTGGCCCTATTA,0,4368020
yadI_predicted,0.058823529411764705,16,16,TCAGAACATGGGTTTCCTGC,0,4300327
yadI_predicted,0.058823529411764705,16,16,TCACTCTACGACAGCCCGAA,0,4285312
yadI_predicted,0.058823529411764705,16,16,TCACTACAGTGGCGCCGGGA,0,4300165
yadI_predicted,0.058823529411764705,16,16,TCACAAATTAGTTCCGTCAA,0,4289686
yadI_predicted,0.058823529411764705,16,16,TCAATTCATACCCTACCGAA,0,4353989
yadI_predicted,0.058823529411764705,16,16,TCAACTAACGAGTTAAAGTG,0,4304819
yadI_predicted,0.058823529411764705,16,16,TATTTTCAATGTCCTATCGG,0,4339429
yadI_predicted,0.058823529411764705,16,16,TATTGGTCAGAAATTTTTAC,0,4302723
yadI_predicted,0.058823529411764705,16,16,TATTGGACCAAGATATCCCA,0,4305970
yadI_predicted,0.058823529411764705,16,16,TATGTTCCAGGCGCCATCAC,0,4362277
yadI_predicted,0.058823529411764705,16,16,TATGTAGACTGGCGTAACGA,0,4317044
yadI_predicted,0.058823529411764705,16,16,TATGACATGGAAAGGGTACG,0,4307237
yadI_predicted,0.058823529411764705,16,16,TATCCTGTAAGCGTATTTTC,0,4367809
yadI_predicted,0.058823529411764705,16,16,TATAGCCCAGCCGCGGCGGC,0,4329602
yadI_predicted,0.058823529411764705,16,16,TATACAGCGCAGTCCATTCG,0,4349944
yadI_predicted,0.058823529411764705,16,16,TATAATACGCGGCTTACGAG,0,4289907
yadI_predicted,0.058823529411764705,16,16,TAGGTATTTCCAGCGAGATG,0,4307183
yadI_predicted,0.058823529411764705,16,16,TAGGGTAACGGCGCGACGTT,0,4332879
yadI_predicted,0.058823529411764705,16,16,TAGGAATCAAGGGTAGCTCT,0,4335542
yadI_predicted,0.058823529411764705,16,16,TAGCATAACCAGTCAAGTGG,0,4296850
yadI_predicted,0.058823529411764705,16,16,TAGAACGTGGGTTTCATAAA,0,4320961
yadI_predicted,0.058823529411764705,16,16,TAGAAACAAAGAGGTCTGCT,0,4293141
yadI_predicted,0.058823529411764705,16,16,TACGATCAGTTTCACGGCGT,0,4321205
yadI_predicted,0.058823529411764705,16,16,TACAGGGGAAGCATGGGCTG,0,4367778
yadI_predicted,0.058823529411764705,16,16,TACAGCGCTGGACAGCCGAT,0,4320818
yadI_predicted,0.058823529411764705,16,16,TAATTCTTACGCATTCACCC,0,4340324
yadI_predicted,0.058823529411764705,16,16,TAACGTTAATATTCGAGTGA,0,4359186
yadI_predicted,0.058823529411764705,16,16,TAACGACGGGCTTAAAACTC,0,4361382
yadI_predicted,0.058823529411764705,16,16,TAAATTCTATTAGCGGCGAG,0,4332297
yadI_predicted,0.058823529411764705,16,16,TAAAACGGCAGGGAACAGAA,0,4331118
yadI_predicted,0.058823529411764705,16,16,GTTTGTCGAGTTCCGCCGTA,0,4319561
yadI_predicted,0.058823529411764705,16,16,GTTTCTATCTCCTTTATTGG,0,4337950
yadI_predicted,0.058823529411764705,16,16,GTTTCTAGGTGCACTGAATG,0,4349313
yadI_predicted,0.058823529411764705,16,16,GTTTAGGATATGGAAATTTG,0,4285445
yadI_predicted,0.058823529411764705,16,16,GTTGTCGCGGTGGACGGCTA,0,4350453
yadI_predicted,0.058823529411764705,16,16,GTTGATTAGTCTATCAGGGA,0,4289455
yadI_predicted,0.058823529411764705,16,16,GTTCGAAAGAGTAGGGTGAT,0,4354452
yadI_predicted,0.058823529411764705,16,16,GTTAGGTTCAATAAAAGTTG,0,4366429
yadI_predicted,0.058823529411764705,16,16,GTTAACAGACTATTTTAGAG,0,4357944
yadI_predicted,0.058823529411764705,16,16,GTGTATCGCAGGTAAGAGAA,0,4322472
yadI_predicted,0.058823529411764705,16,16,GTGGCCCGCGCTAGAATGGA,0,4367876
yadI_predicted,0.058823529411764705,16,16,GTGCTCTTGGGCTTATGGCG,0,4322506
yadI_predicted,0.058823529411764705,16,16,GTGCTAAACTAGAAGAAATG,0,4293349
yadI_predicted,0.058823529411764705,16,16,GTGCGATAGATACGATCATA,0,4354192
yadI_predicted,0.058823529411764705,16,16,GTGCCCAGGAATTGAGTGCA,0,4330240
yadI_predicted,0.058823529411764705,16,16,GTGCACGGGATTAATTCTTT,0,4312707
yadI_predicted,0.058823529411764705,16,16,GTGAGGTGCGCGCTGACTGA,0,4349928
yadI_predicted,0.058823529411764705,16,16,GTGAATAGATTAACCGGCCT,0,4304653
yadI_predicted,0.058823529411764705,16,16,GTCTTCAAGGCCTGGGCTTA,0,4357199
yadI_predicted,0.058823529411764705,16,16,GTCTTACATGTGGCCAGTTA,0,4334371
yadI_predicted,0.058823529411764705,16,16,GTCTGGTCCTCTCCAGGGAA,0,4324562
yadI_predicted,0.058823529411764705,16,16,GTCCTGGAAGTAGACAGGTC,0,4303502
yadI_predicted,0.058823529411764705,16,16,GTCCGGCGCTGGGTCACATC,0,4367560
yadI_predicted,0.058823529411764705,16,16,GTCATCAAAGCGAGTACTAC,0,4297068
yadI_predicted,0.058823529411764705,16,16,GTCAGCGTCGGGTCGGCTTA,0,4298314
yadI_predicted,0.058823529411764705,16,16,GTCACATCAAAATTACGATA,0,4338432
yadI_predicted,0.058823529411764705,16,16,GTCAAACACGACTATCTACA,0,4324810
yadI_predicted,0.058823529411764705,16,16,GTATTTTTCTATCGTCCAAA,0,4293366
yadI_predicted,0.058823529411764705,16,16,GTATTCCACATATAGCTGGG,0,4362561
yadI_predicted,0.058823529411764705,16,16,GTATGCCCCAAGCGCGCATG,0,4352177
yadI_predicted,0.058823529411764705,16,16,GTAGTTGAGTGGAGAATAGC,0,4325339
yadI_predicted,0.058823529411764705,16,16,GTAGGGGAGTGCAGATTCGC,0,4288722
yadI_predicted,0.058823529411764705,16,16,GTAAGTTACTATGATAACGG,0,4362025
yadI_predicted,0.058823529411764705,16,16,GTAACGATAAATCAATTCAC,0,4344071
yadI_predicted,0.058823529411764705,16,16,GTAAAGGGTATCACTGGGGC,0,4297274
yadI_predicted,0.058823529411764705,16,16,GTAAAGACTTCGCAATGGTT,0,4354224
yadI_predicted,0.058823529411764705,16,16,GGTTCTCGGGCATTCACTCT,0,4366221
yadI_predicted,0.058823529411764705,16,16,GGTGCGCTAGGTAGCCGATC,0,4338769
yadI_predicted,0.058823529411764705,16,16,GGTGATGATAACCTCACATT,0,4324428
yadI_predicted,0.058823529411764705,16,16,GGTCGGAAACTTCGTACCAC,0,4328422
yadI_predicted,0.058823529411764705,16,16,GGTCCGTTCTACGTATGGGA,0,4336412
yadI_predicted,0.058823529411764705,16,16,GGTCCGGCGCATCGGTATCT,0,4287623
yadI_predicted,0.058823529411764705,16,16,GGTCCCGAGGGGTATCGGAC,0,4296966
yadI_predicted,0.058823529411764705,16,16,GGTCCATTGACAGACACCTA,0,4292735
yadI_predicted,0.058823529411764705,16,16,GGTCAGAAAATTCAACTCCG,0,4365621
yadI_predicted,0.058823529411764705,16,16,GGTACCCAGCACTAACTCAG,0,4311544
yadI_predicted,0.058823529411764705,16,16,GGTAAGTGGGCAGTGATTAT,0,4317808
yadI_predicted,0.058823529411764705,16,16,GGGTAATGTTGAAGAGATAA,0,4328846
yadI_predicted,0.058823529411764705,16,16,GGGGTTACCGCAAACATGGT,0,4316902
yadI_predicted,0.058823529411764705,16,16,GGGGGTGATGGTGATGAAGA,0,4321466
yadI_predicted,0.058823529411764705,16,16,GGGGCCCACACCACTCCTTG,0,4298305
yadI_predicted,0.058823529411764705,16,16,GGGCGCCGTTATTCTCCTTA,0,4341865
yadI_predicted,0.058823529411764705,16,16,GGGCGCACTCACCGTAGTCG,0,4286292
yadI_predicted,0.058823529411764705,16,16,GGGATTATATCTCACGCTGC,0,4287345
yadI_predicted,0.058823529411764705,16,16,GGGACTTTTTAATAGCTACG,0,4286116
yadI_predicted,0.058823529411764705,16,16,GGCTTAGTCGACTCTCTCGA,0,4309842
yadI_predicted,0.058823529411764705,16,16,GGCTGTCACAAAGGGTGGAA,0,4336725
yadI_predicted,0.058823529411764705,16,16,GGCTATTTGATAATTCGACA,0,4334506
yadI_predicted,0.058823529411764705,16,16,GGCGAATTCGGAATCACCAA,0,4351156
yadI_predicted,0.058823529411764705,16,16,GGCGAAGATCCCTCGGAGAA,0,4307466
yadI_predicted,0.058823529411764705,16,16,GGCCTCGTACATCCGCATGA,0,4368153
yadI_predicted,0.058823529411764705,16,16,GGCCTCGCGAAGGGTTGGGT,0,4302820
yadI_predicted,0.058823529411764705,16,16,GGCCGCAACGGAACGGCCAA,0,4309081
yadI_predicted,0.058823529411764705,16,16,GGCCCGTCCCGATAGTCTGA,0,4284542
yadI_predicted,0.058823529411764705,16,16,GGCATTCACCGAGGACACGC,0,4354140
yadI_predicted,0.058823529411764705,16,16,GGCAGGTGACGCATAAGGTA,0,4296776
yadI_predicted,0.058823529411764705,16,16,GGCAAGATGAGTGTTGACTG,0,4320656
yadI_predicted,0.058823529411764705,16,16,GGATGTCCCGTGTGAGGACA,0,4296019
yadI_predicted,0.058823529411764705,16,16,GGAGTTTTTATAGTTTACGA,0,4327068
yadI_predicted,0.058823529411764705,16,16,GGACTTAGTCGAACTTTAGT,0,4308724
yadI_predicted,0.058823529411764705,16,16,GGACGGTACCAGATGGACAG,0,4326442
yadI_predicted,0.058823529411764705,16,16,GGACGCATGTGACTCCGCGA,0,4337390
yadI_predicted,0.058823529411764705,16,16,GGACGCACAGGGTGCGTTCA,0,4365113
yadI_predicted,0.058823529411764705,16,16,GCTTGTATTCCAGGCGCGAA,0,4317545
yadI_predicted,0.058823529411764705,16,16,GCTTGCCTTTTAACCGCGCT,0,4319351
yadI_predicted,0.058823529411764705,16,16,GCTTAAATTACAGCAACTCA,0,4299966
yadI_predicted,0.058823529411764705,16,16,GCTGCGCCGTTTACGCCGAG,0,4353233
yadI_predicted,0.058823529411764705,16,16,GCTGCCAGGGCAGTGTCATA,0,4306186
yadI_predicted,0.058823529411764705,16,16,GCTCGTTGGCACATGTCACT,0,4310387
yadI_predicted,0.058823529411764705,16,16,GCTAACAAGGCTCTTGCAGA,0,4306739
yadI_predicted,0.058823529411764705,16,16,GCTAAAACGCAACCGCAAGC,0,4336145
yadI_predicted,0.058823529411764705,16,16,GCGTGCGCTCCGGGGATTGA,0,4340222
yadI_predicted,0.058823529411764705,16,16,GCGTGAGTATGTAGGAATTA,0,4324697
yadI_predicted,0.058823529411764705,16,16,GCGTAAAAGAGGGTGGTCGT,0,4330506
yadI_predicted,0.058823529411764705,16,16,GCGGGATTCGGGAAATAGGA,0,4316098
yadI_predicted,0.058823529411764705,16,16,GCGGCCCCAGCGTTATAAGT,0,4329223
yadI_predicted,0.058823529411764705,16,16,GCGGCATTGCATTGTTCTCT,0,4335501
yadI_predicted,0.058823529411764705,16,16,GCGCGGCTAGTGATCTGCGA,0,4342965
yadI_predicted,0.058823529411764705,16,16,GCGCCACTGAGGGTGGTAAG,0,4296852
yadI_predicted,0.058823529411764705,16,16,GCCTTAAGCATACGAGGCTG,0,4285145
yadI_predicted,0.058823529411764705,16,16,GCCTGTTAACGTCGGTGGTA,0,4326390
yadI_predicted,0.058823529411764705,16,16,GCCTACCTTGGTCATACAAA,0,4356832
yadI_predicted,0.058823529411764705,16,16,GCCCAGCCCCGCCGCGCGGT,0,4320643
yadI_predicted,0.058823529411764705,16,16,GCCAGCACCTGCGAGAAGTT,0,4346524
yadI_predicted,0.058823529411764705,16,16,GCAGGGTAGAATGATCCCGC,0,4359993
yadI_predicted,0.058823529411764705,16,16,GCAGCTACATGTCTTGTGGC,0,4297287
yadI_predicted,0.058823529411764705,16,16,GCAGAACGGACAGCAATCTA,0,4341206
yadI_predicted,0.058823529411764705,16,16,GCACACCGGTGGGGCCGCAG,0,4304847
yadI_predicted,0.058823529411764705,16,16,GCAATATGTGTTGACCAACT,0,4285397
yadI_predicted,0.058823529411764705,16,16,GCAACATGTTCCGGTCCGTA,0,4365909
yadI_predicted,0.058823529411764705,16,16,GATTGATAACGTATGAGAAG,0,4297407
yadI_predicted,0.058823529411764705,16,16,GATTAGGACGGCGCGGTGAA,0,4331005
yadI_predicted,0.058823529411764705,16,16,GATGTATGTTAATCATTTGA,0,4285031
yadI_predicted,0.058823529411764705,16,16,GATGCGTACCCATTACAACT,0,4367782
yadI_predicted,0.058823529411764705,16,16,GAGTTGATTGGAAATAATGA,0,4323593
yadI_predicted,0.058823529411764705,16,16,GAGTGAGTGACGAACCATGT,0,4354659
yadI_predicted,0.058823529411764705,16,16,GAGTATCATTCTGGCATGCC,0,4365814
yadI_predicted,0.058823529411764705,16,16,GAGGCGCAATTATTGGGGTA,0,4321447
yadI_predicted,0.058823529411764705,16,16,GAGGCCTCCGGACCTGAATC,0,4296943
yadI_predicted,0.058823529411764705,16,16,GAGCTGCCGGGACTTCTCTA,0,4336856
yadI_predicted,0.058823529411764705,16,16,GAGCGTAGGGGTGTGAGGAC,0,4346548
yadI_predicted,0.058823529411764705,16,16,GAGATGCTCTGCGTATCTCT,0,4366899
yadI_predicted,0.058823529411764705,16,16,GAGAGAAACCGCACTGTCGA,0,4304496
yadI_predicted,0.058823529411764705,16,16,GACTATAATTGTTCGTCTTA,0,4295145
yadI_predicted,0.058823529411764705,16,16,GACGGCAGCAGATTAAAACT,0,4357385
yadI_predicted,0.058823529411764705,16,16,GACGAAGTACCGGTATCCGT,0,4315920
yadI_predicted,0.058823529411764705,16,16,GACCGAAGACGAACAATTTG,0,4361522
yadI_predicted,0.058823529411764705,16,16,GACCAAATTAATGTTCAGAT,0,4290994
yadI_predicted,0.058823529411764705,16,16,GACACTCCGAGATTTGGGCT,0,4323562
yadI_predicted,0.058823529411764705,16,16,GAATGGCTGACCGTGCACGT,0,4286737
yadI_predicted,0.058823529411764705,16,16,GAATGATGAAGTCAGATGTG,0,4300794
yadI_predicted,0.058823529411764705,16,16,GAATGAGATCAATACACCAA,0,4348607
yadI_predicted,0.058823529411764705,16,16,GAAGTGTCAAAACCGGACTT,0,4327228
yadI_predicted,0.058823529411764705,16,16,GAAGCGCAGGCCCCCTGGAA,0,4335209
yadI_predicted,0.058823529411764705,16,16,GAACTGTTACAGAATTGGCT,0,4285020
yadI_predicted,0.058823529411764705,16,16,GAACTGGCACTACCAATTGG,0,4312111
yadI_predicted,0.058823529411764705,16,16,GAAATTCCGCGGTGGAGGAC,0,4315263
yadI_predicted,0.058823529411764705,16,16,GAAACTAGGGTCGCAGCCTA,0,4340887
yadI_predicted,0.058823529411764705,16,16,GAAACAGAGCACAACCTAAC,0,4303728
yadI_predicted,0.058823529411764705,16,16,CTTTTCAGATCATTCTGGAT,0,4285656
yadI_predicted,0.058823529411764705,16,16,CTTGCGTCTGAAGGACAGCA,0,4297643
yadI_predicted,0.058823529411764705,16,16,CTTGCATGCCAGTGCACCAT,0,4322142
yadI_predicted,0.058823529411764705,16,16,CTTCTACGGGAATATTCCTT,0,4287219
yadI_predicted,0.058823529411764705,16,16,CTTATTTGGAAAAATTGGAA,0,4302656
yadI_predicted,0.058823529411764705,16,16,CTTATCGTTGGTGAACGCGG,0,4286861
yadI_predicted,0.058823529411764705,16,16,CTTACTTTGGACGCCATCTT,0,4301920
yadI_predicted,0.058823529411764705,16,16,CTGTTGAGTACCCATTCATT,0,4331136
yadI_predicted,0.058823529411764705,16,16,CTGTTACCCACTCAACCTGT,0,4323555
yadI_predicted,0.058823529411764705,16,16,CTGTGGCGACCAATCACAGT,0,4347430
yadI_predicted,0.058823529411764705,16,16,CTGTAGAACCGCGTGCTTCC,0,4363910
yadI_predicted,0.058823529411764705,16,16,CTGTAAGCTGAGGGATGGCG,0,4286774
yadI_predicted,0.058823529411764705,16,16,CTGTAACCGAGTAAGTCGTT,0,4305975
yadI_predicted,0.058823529411764705,16,16,CTGGCTATAGATCGGACAGT,0,4347831
yadI_predicted,0.058823529411764705,16,16,CTGGCCTGGGGACGGGCCAC,0,4320713
yadI_predicted,0.058823529411764705,16,16,CTGGAGTAAGCCGGGAGCCC,0,4341125
yadI_predicted,0.058823529411764705,16,16,CTGCGCTACCGGAGGCGCAT,0,4330436
yadI_predicted,0.058823529411764705,16,16,CTGCGACGAACTCAGTCCGA,0,4329275
yadI_predicted,0.058823529411764705,16,16,CTGCAATCCCGCAACCCCGA,0,4325164
yadI_predicted,0.058823529411764705,16,16,CTGAAAACGTCCAAGCGACG,0,4315671
yadI_predicted,0.058823529411764705,16,16,CTCTTCGGTCTTGCCACGTC,0,4366898
yadI_predicted,0.058823529411764705,16,16,CTCTGGCTTTCTCAAAATTT,0,4329968
yadI_predicted,0.058823529411764705,16,16,CTCGCCTATGCGACACCACA,0,4320501
yadI_predicted,0.058823529411764705,16,16,CTCGCAAAGGATAATCCTGT,0,4286671
yadI_predicted,0.058823529411764705,16,16,CTCCTTGATTGGAGGGTAGT,0,4362369
yadI_predicted,0.058823529411764705,16,16,CTCCCTCAGGGACATTTACC,0,4291289
yadI_predicted,0.058823529411764705,16,16,CTCCAACCTGTCACCACTCT,0,4350063
yadI_predicted,0.058823529411764705,16,16,CTCATTCGTCCATATGCACA,0,4352308
yadI_predicted,0.058823529411764705,16,16,CTCAGGCGAAATATGATCGG,0,4333376
yadI_predicted,0.058823529411764705,16,16,CTCACTACGCAAAGTTACTG,0,4291859
yadI_predicted,0.058823529411764705,16,16,CTCACGGTCCCAGTTCAGTA,0,4284710
yadI_predicted,0.058823529411764705,16,16,CTATGTCCGGTGCACGCTAT,0,4356169
yadI_predicted,0.058823529411764705,16,16,CTACTTCTTTCGATACATGA,0,4309899
yadI_predicted,0.058823529411764705,16,16,CTACAGTGCGAAGTACCGGC,0,4324130
yadI_predicted,0.058823529411764705,16,16,CTAACAGCATACCACTTCGT,0,4328129
yadI_predicted,0.058823529411764705,16,16,CGTTGCAGTGGAAAACGTCT,0,4293031
yadI_predicted,0.058823529411764705,16,16,CGTGTCGAACGCGGGAGCCA,0,4366309
yadI_predicted,0.058823529411764705,16,16,CGTGCTCATTAGGTCATACT,0,4299017
yadI_predicted,0.058823529411764705,16,16,CGTCGGCGCGATCTTAAAAC,0,4331810
yadI_predicted,0.058823529411764705,16,16,CGTCAAGCCGCTCTATCGTG,0,4306677
yadI_predicted,0.058823529411764705,16,16,CGTACGGCTCACCGCTCCCG,0,4319480
yadI_predicted,0.058823529411764705,16,16,CGGTGGGCCAATTGGCTCCC,0,4369750
yadI_predicted,0.058823529411764705,16,16,CGGTCGCGCTCCCCTTTACG,0,4306902
yadI_predicted,0.058823529411764705,16,16,CGGTCAGCCCGAGTCTCTAC,0,4305430
yadI_predicted,0.058823529411764705,16,16,CGGATTTACCTAAAGTTAAG,0,4328562
yadI_predicted,0.058823529411764705,16,16,CGGATACAAATACTTCTCAA,0,4304334
yadI_predicted,0.058823529411764705,16,16,CGGAGTTAGATAAGGAAATC,0,4305968
yadI_predicted,0.058823529411764705,16,16,CGGAGCGCGGTAACTTTACG,0,4369080
yadI_predicted,0.058823529411764705,16,16,CGGACCCTCTTTCACTATGA,0,4298758
yadI_predicted,0.058823529411764705,16,16,CGCTGGCTTGGGGCTCGTGT,0,4339310
yadI_predicted,0.058823529411764705,16,16,CGCGTTACGTACCGGCTCAC,0,4308266
yadI_predicted,0.058823529411764705,16,16,CGCGCCGGTCACGTTCCCGT,0,4321229
yadI_predicted,0.058823529411764705,16,16,CGCGAGTAGGTCCCCTAGTT,0,4320306
yadI_predicted,0.058823529411764705,16,16,CGCCGAGTACTAGACTTCGC,0,4368508
yadI_predicted,0.058823529411764705,16,16,CGCCAGCAAAGGTACAAATG,0,4314074
yadI_predicted,0.058823529411764705,16,16,CGCATCGAAAAGTGGATAAA,0,4306191
yadI_predicted,0.058823529411764705,16,16,CGCATATTTCGGGGCATCAG,0,4323687
yadI_predicted,0.058823529411764705,16,16,CGATGGTTCGTATCTACAGT,0,4314744
yadI_predicted,0.058823529411764705,16,16,CGATAAAACTTGGGTAGATT,0,4310186
yadI_predicted,0.058823529411764705,16,16,CGACCGAGAAATACGTTTTC,0,4289468
yadI_predicted,0.058823529411764705,16,16,CGACAAGTTTATCGTCGGCC,0,4335899
yadI_predicted,0.058823529411764705,16,16,CCTTGCTGCATCTACGCCTA,0,4295521
yadI_predicted,0.058823529411764705,16,16,CCTTAGGTAGGGCGAATCAC,0,4335515
yadI_predicted,0.058823529411764705,16,16,CCTTAATCTGCTGTCATAGT,0,4289914
yadI_predicted,0.058823529411764705,16,16,CCTCGTGAATGGTCGGTTGC,0,4342117
yadI_predicted,0.058823529411764705,16,16,CCTCCTGCGTAAGATGCTAT,0,4359066
yadI_predicted,0.058823529411764705,16,16,CCTATGGGATCAGGGGAAAT,0,4297059
yadI_predicted,0.058823529411764705,16,16,CCGTTAATGTACGTATCATG,0,4334500
yadI_predicted,0.058823529411764705,16,16,CCGTCACTGTCTCTGCAAGT,0,4316557
yadI_predicted,0.058823529411764705,16,16,CCGTAGAGAGTGTGCGGTGA,0,4369767
yadI_predicted,0.058823529411764705,16,16,CCGTACAAGTTCTTTCTGTG,0,4341519
yadI_predicted,0.058823529411764705,16,16,CCGCTCAAGAGCCCAAAGCA,0,4319464
yadI_predicted,0.058823529411764705,16,16,CCGCCGTAAAACAGAGGGAT,0,4360101
yadI_predicted,0.058823529411764705,16,16,CCGACATACGGGCAAAGTGC,0,4339298
yadI_predicted,0.058823529411764705,16,16,CCCTTAAATTGGTGGCGGGC,0,4341715
yadI_predicted,0.058823529411764705,16,16,CCCTGGACGCGATATCGTGG,0,4310020
yadI_predicted,0.058823529411764705,16,16,CCCTGACTCGTAGCGCGCTT,0,4359821
yadI_predicted,0.058823529411764705,16,16,CCCGTTCCTTCCGCGACACC,0,4361954
yadI_predicted,0.058823529411764705,16,16,CCCGCCACGGTCAGGCTCTG,0,4334597
yadI_predicted,0.058823529411764705,16,16,CCCGCAAGCCTACGATGCCT,0,4347149
yadI_predicted,0.058823529411764705,16,16,CCCGATTATGATTGGTTGAG,0,4354460
yadI_predicted,0.058823529411764705,16,16,CCCCTCTTGCACTGGCGTAG,0,4361036
yadI_predicted,0.058823529411764705,16,16,CCCATGGGGTGTCAAGTATG,0,4339420
yadI_predicted,0.058823529411764705,16,16,CCATTTTCCCACCTGCAACG,0,4317682
yadI_predicted,0.058823529411764705,16,16,CCATCGGACATCTCTGGCAG,0,4310308
yadI_predicted,0.058823529411764705,16,16,CCATAAGGGGGGCCTTGTAA,0,4285451
yadI_predicted,0.058823529411764705,16,16,CCAGTACCTTCAAGCCTATG,0,4368757
yadI_predicted,0.058823529411764705,16,16,CCAGAGCGTTGGAGGAGCGA,0,4355066
yadI_predicted,0.058823529411764705,16,16,CCACAGGTTTGTTAGCGACA,0,4292475
yadI_predicted,0.058823529411764705,16,16,CCAACCATAGAACCTACCCA,0,4317746
yadI_predicted,0.058823529411764705,16,16,CATTTATGGCTCAAGGGAAT,0,4333596
yadI_predicted,0.058823529411764705,16,16,CATTCATTAGGACTGACCTA,0,4364058
yadI_predicted,0.058823529411764705,16,16,CATGTGGACGACCGTTCGGT,0,4289732
yadI_predicted,0.058823529411764705,16,16,CATGGTTGCCAGACATAGTA,0,4305454
yadI_predicted,0.058823529411764705,16,16,CATCTCAGCCAGAGAGGTTG,0,4365600
yadI_predicted,0.058823529411764705,16,16,CATCTAGTTAAGGGAGTAGA,0,4327527
yadI_predicted,0.058823529411764705,16,16,CATCGGATGCCTAGATTCGG,0,4311956
yadI_predicted,0.058823529411764705,16,16,CATATGCCACCTCAGACTTC,0,4320392
yadI_predicted,0.058823529411764705,16,16,CATAAGTAAAGGAGCTGGCA,0,4359024
yadI_predicted,0.058823529411764705,16,16,CATAAACCGGGGTGTACATT,0,4321262
yadI_predicted,0.058823529411764705,16,16,CAGTTACAGTTGTTACCGTA,0,4331404
yadI_predicted,0.058823529411764705,16,16,CAGTGAGGGTATTAATGGTG,0,4355429
yadI_predicted,0.058823529411764705,16,16,CAGGTTAGAAGCGTTACATA,0,4310815
yadI_predicted,0.058823529411764705,16,16,CAGGGCCTTTCCGGACTTTA,0,4336001
yadI_predicted,0.058823529411764705,16,16,CAGCATAATACCGATACAAA,0,4328198
yadI_predicted,0.058823529411764705,16,16,CAGAAATAAGGTCGCCGCAA,0,4301157
yadI_predicted,0.058823529411764705,16,16,CACTTATAACTATGCGTTGT,0,4345901
yadI_predicted,0.058823529411764705,16,16,CACTAAGCGTTAGATCTAAT,0,4352298
yadI_predicted,0.058823529411764705,16,16,CACGTGCAGTGTATACGGGT,0,4353255
yadI_predicted,0.058823529411764705,16,16,CACGGTAAACAATAGGTATC,0,4289257
yadI_predicted,0.058823529411764705,16,16,CACGCTACAATGTTTTACGG,0,4364014
yadI_predicted,0.058823529411764705,16,16,CACGACCGCGAGATTTGCCC,0,4301145
yadI_predicted,0.058823529411764705,16,16,CACGACATTTCACGACCCAC,0,4318775
yadI_predicted,0.058823529411764705,16,16,CACATCATCTCCCCGCGTAG,0,4351203
yadI_predicted,0.058823529411764705,16,16,CAATTGGACGAGGGCCACAA,0,4349770
yadI_predicted,0.058823529411764705,16,16,CAAGCTGGAGTGGTGCGTAT,0,4339589
yadI_predicted,0.058823529411764705,16,16,CAAGACGGCAACAAACTTTG,0,4342808
yadI_predicted,0.058823529411764705,16,16,ATTTGCCAAAGGTCAGGATT,0,4364820
yadI_predicted,0.058823529411764705,16,16,ATTTGAGTCATGATCTTTTA,0,4285587
yadI_predicted,0.058823529411764705,16,16,ATTTAAAGGACACGATCGGC,0,4361324
yadI_predicted,0.058823529411764705,16,16,ATTGGCGTTTTGGTAGCACT,0,4285958
yadI_predicted,0.058823529411764705,16,16,ATTCGGTCATGTCTTCTCAA,0,4301882
yadI_predicted,0.058823529411764705,16,16,ATTCCCAGTGCGGCCGCAGG,0,4293967
yadI_predicted,0.058823529411764705,16,16,ATTCCAAATAGTCTTGCGAC,0,4322468
yadI_predicted,0.058823529411764705,16,16,ATTCAGGGGATGCTGGGTCG,0,4307938
yadI_predicted,0.058823529411764705,16,16,ATTATTTCCTATATTATTGG,0,4344213
yadI_predicted,0.058823529411764705,16,16,ATTATCGGAGCACTTTCGTC,0,4326736
yadI_predicted,0.058823529411764705,16,16,ATTACCGAAGGTTACCAAGA,0,4362070
yadI_predicted,0.058823529411764705,16,16,ATTAAAACACGCTACGAACA,0,4328425
yadI_predicted,0.058823529411764705,16,16,ATGTCTCTGCCAATTAGAGA,0,4296055
yadI_predicted,0.058823529411764705,16,16,ATGGCAGCGCTCACCCATTC,0,4291548
yadI_predicted,0.058823529411764705,16,16,ATGGATAGATCTCACTCACA,0,4338493
yadI_predicted,0.058823529411764705,16,16,ATGCTTCTCTGGCTCCGAAG,0,4330433
yadI_predicted,0.058823529411764705,16,16,ATGCGGGGCTGGGAGGAAGT,0,4321253
yadI_predicted,0.058823529411764705,16,16,ATGCGCTACTAGAAGTCAAT,0,4327966
yadI_predicted,0.058823529411764705,16,16,ATGCGCAAATGGAGGTTAGG,0,4284598
yadI_predicted,0.058823529411764705,16,16,ATCTCTATAGTATGGAGACT,0,4344501
yadI_predicted,0.058823529411764705,16,16,ATCGTTCATTCTCTCGTGGG,0,4288374
yadI_predicted,0.058823529411764705,16,16,ATCGTGAGGCCTCCACATTG,0,4312187
yadI_predicted,0.058823529411764705,16,16,ATCGGGCTGGCCACGCTTTG,0,4331673
yadI_predicted,0.058823529411764705,16,16,ATCGGCACCCGAAAACACCA,0,4298505
yadI_predicted,0.058823529411764705,16,16,ATCGCAGGGAGTTTAAGGGA,0,4329175
yadI_predicted,0.058823529411764705,16,16,ATCGAAGGGTTTTATGCCAC,0,4300461
yadI_predicted,0.058823529411764705,16,16,ATCCGAACTTAACGCGGAGA,0,4290980
yadI_predicted,0.058823529411764705,16,16,ATATGGCCCCGCGGGACATA,0,4315061
yadI_predicted,0.058823529411764705,16,16,ATATAGGGCATACGGCACCG,0,4328039
yadI_predicted,0.058823529411764705,16,16,ATAGTTAGGGGTATGTGTCA,0,4292583
yadI_predicted,0.058823529411764705,16,16,ATAGAGGCGGGGGTATCGAG,0,4338153
yadI_predicted,0.058823529411764705,16,16,ATACTCTATGGGTAGCGACT,0,4332754
yadI_predicted,0.058823529411764705,16,16,ATACGTTTTCACGTCTCCTA,0,4289062
yadI_predicted,0.058823529411764705,16,16,ATAATCGTGAAAAATTCCGT,0,4344022
yadI_predicted,0.058823529411764705,16,16,ATAACTCTGGCAGGTGTTAG,0,4328567
yadI_predicted,0.058823529411764705,16,16,AGTTCTCCTCACCTGGTTGC,0,4315018
yadI_predicted,0.058823529411764705,16,16,AGTGGCTCCGAACCGTGGTA,0,4363465
yadI_predicted,0.058823529411764705,16,16,AGTGATGTCTTTAAGCGGAA,0,4368227
yadI_predicted,0.058823529411764705,16,16,AGTATGGACAGCTTTTGATT,0,4306709
yadI_predicted,0.058823529411764705,16,16,AGTATGCAATGGTTGGGTTA,0,4295566
yadI_predicted,0.058823529411764705,16,16,AGTATATACAGGCCCACGTT,0,4336843
yadI_predicted,0.058823529411764705,16,16,AGTAATGTACTTGTTCTTTG,0,4284240
yadI_predicted,0.058823529411764705,16,16,AGTAAGAAGCCACCGTGCTG,0,4327328
yadI_predicted,0.058823529411764705,16,16,AGGTCAGGCAGGTACTATTC,0,4320257
yadI_predicted,0.058823529411764705,16,16,AGGGTTTGACCATGGGTCCT,0,4318550
yadI_predicted,0.058823529411764705,16,16,AGGGGTGTACACACCCTAAT,0,4309356
yadI_predicted,0.058823529411764705,16,16,AGGGCAAATTGACGTCGCGT,0,4349212
yadI_predicted,0.058823529411764705,16,16,AGGGAATGAGCAGGCGTAGT,0,4350825
yadI_predicted,0.058823529411764705,16,16,AGGAGTTTAACGGGCGGGTC,0,4364197
yadI_predicted,0.058823529411764705,16,16,AGGACTGGGTCTGATAGCCA,0,4292040
yadI_predicted,0.058823529411764705,16,16,AGGAAGGCCAAACACAAAGC,0,4286289
yadI_predicted,0.058823529411764705,16,16,AGGAACGGGGTCCCCATTAT,0,4353641
yadI_predicted,0.058823529411764705,16,16,AGCTCATAACATCGAGCCCA,0,4355889
yadI_predicted,0.058823529411764705,16,16,AGCGGCTTGATAGGTTCCAT,0,4292600
yadI_predicted,0.058823529411764705,16,16,AGCGATGCTCTAGACACCAC,0,4366678
yadI_predicted,0.058823529411764705,16,16,AGCCTTGTCCAAGGCCGTTG,0,4317011
yadI_predicted,0.058823529411764705,16,16,AGCCGCCTCGGGGACCGGCA,0,4360674
yadI_predicted,0.058823529411764705,16,16,AGATTTCCCGTATAGCCACA,0,4353689
yadI_predicted,0.058823529411764705,16,16,AGATTTAAAGTGTAAGGATG,0,4315176
yadI_predicted,0.058823529411764705,16,16,AGATGGTCGGGGTGTGCTGA,0,4363784
yadI_predicted,0.058823529411764705,16,16,AGATGACCAGTCGGTCTCAC,0,4361875
yadI_predicted,0.058823529411764705,16,16,AGAATTCCGATGCGCTCCAT,0,4325337
yadI_predicted,0.058823529411764705,16,16,AGAACTCTCACCGTAACTCA,0,4305067
yadI_predicted,0.058823529411764705,16,16,AGAAATGTTCCTTACGGTAA,0,4339576
yadI_predicted,0.058823529411764705,16,16,ACTTTGTCAATCCCTGCAGA,0,4340729
yadI_predicted,0.058823529411764705,16,16,ACTTTAGTGACTTAATGAGG,0,4353404
yadI_predicted,0.058823529411764705,16,16,ACTTGTGAAGCCCGTTGATA,0,4353475
yadI_predicted,0.058823529411764705,16,16,ACTTAAGGTTTTGGACATCT,0,4294305
yadI_predicted,0.058823529411764705,16,16,ACTGTGGGCTTTAACCAGTG,0,4364166
yadI_predicted,0.058823529411764705,16,16,ACTCTGAGGGATTCCAGAGT,0,4297726
yadI_predicted,0.058823529411764705,16,16,ACTACATCGCGTCGGCCTAG,0,4324666
yadI_predicted,0.058823529411764705,16,16,ACGTTCGTTTTATGCGCAAA,0,4326110
yadI_predicted,0.058823529411764705,16,16,ACGTGAAGAACAACCCTCGT,0,4305811
yadI_predicted,0.058823529411764705,16,16,ACGGTCAAGGGAGGTGTTTT,0,4328126
yadI_predicted,0.058823529411764705,16,16,ACGGGTGAGGCCGATACGTC,0,4368492
yadI_predicted,0.058823529411764705,16,16,ACGGAGAAACGAGCCCCCCA,0,4312896
yadI_predicted,0.058823529411764705,16,16,ACGGAAGTACCTCAGGCGAC,0,4292817
yadI_predicted,0.058823529411764705,16,16,ACGCTGAACTCGATCCGGTT,0,4329666
yadI_predicted,0.058823529411764705,16,16,ACGCTAACTGCTTAGAGTAT,0,4346899
yadI_predicted,0.058823529411764705,16,16,ACGCGTCTTGGCACAGGGGA,0,4337807
yadI_predicted,0.058823529411764705,16,16,ACGCGGACAGGTCTGAAGAT,0,4325859
yadI_predicted,0.058823529411764705,16,16,ACGAGGTGCAGGGGCTCGTC,0,4316821
yadI_predicted,0.058823529411764705,16,16,ACGAAGGGACCCACTTCGAA,0,4304552
yadI_predicted,0.058823529411764705,16,16,ACCTTTTCGGGCGCCCGCAG,0,4354084
yadI_predicted,0.058823529411764705,16,16,ACCTCACGGTACTCTATGGA,0,4324370
yadI_predicted,0.058823529411764705,16,16,ACCTAACATTTGCCGTCTCA,0,4354186
yadI_predicted,0.058823529411764705,16,16,ACCGCTGTTCGCCAGTGGCT,0,4289221
yadI_predicted,0.058823529411764705,16,16,ACATTGTGACTTGGGGGGTC,0,4289366
yadI_predicted,0.058823529411764705,16,16,ACATTAAATGTCCCGTAGTA,0,4352154
yadI_predicted,0.058823529411764705,16,16,ACATGGGTACTCGACCACTA,0,4367212
yadI_predicted,0.058823529411764705,16,16,ACATGATAAGTGAATAAAAC,0,4330763
yadI_predicted,0.058823529411764705,16,16,ACATACAAAGGCCTTTGAGG,0,4352668
yadI_predicted,0.058823529411764705,16,16,ACAGAAATCGGCAAAGGAGC,0,4289952
yadI_predicted,0.058823529411764705,16,16,AATTGTGGTTAGTTGGGGCA,0,4369704
yadI_predicted,0.058823529411764705,16,16,AATGTTGGACCAAAGTTGCT,0,4300691
yadI_predicted,0.058823529411764705,16,16,AATGTCGGGGCGCAGACCCC,0,4353606
yadI_predicted,0.058823529411764705,16,16,AATGGTATAGCTTATAAGAC,0,4335655
yadI_predicted,0.058823529411764705,16,16,AATGAAGGCGGGTCCCTCCG,0,4367456
yadI_predicted,0.058823529411764705,16,16,AATGAAATCTTAACAAACGG,0,4330827
yadI_predicted,0.058823529411764705,16,16,AATAGTGAGAACAGTTGTAG,0,4309052
yadI_predicted,0.058823529411764705,16,16,AATACCTGGTGGGGTACCAA,0,4302829
yadI_predicted,0.058823529411764705,16,16,AATACACTAAAGTCCGTTGG,0,4293424
yadI_predicted,0.058823529411764705,16,16,AATAATTACCTCGGACTCTG,0,4336620
yadI_predicted,0.058823529411764705,16,16,AAGGATTTCACTATCCCTCT,0,4315965
yadI_predicted,0.058823529411764705,16,16,AAGGAGTCGGGCTGAATCTT,0,4356941
yadI_predicted,0.058823529411764705,16,16,AAGCTTAAAGGGCATCTACA,0,4293012
yadI_predicted,0.058823529411764705,16,16,AACTCACGACTGGGGGGCCG,0,4325515
yadI_predicted,0.058823529411764705,16,16,AACCGCCACGTTGGGAACGA,0,4353464
yadI_predicted,0.058823529411764705,16,16,AACCCCACTAAGCAGCAATA,0,4337440
yadI_predicted,0.058823529411764705,16,16,AACACAAGGCGCCGCAGGAG,0,4296463
yadI_predicted,0.058823529411764705,16,16,AAATTTTCACGGATAGGTAC,0,4295875
yadI_predicted,0.058823529411764705,16,16,AAATGTGACCGGAAAGTGGT,0,4289461
yadI_predicted,0.058823529411764705,16,16,AAATGACGGATGCCCATTGG,0,4356433
yadI_predicted,0.058823529411764705,16,16,AAATACTGGGATGCGTGTGG,0,4367599
yadI_predicted,0.058823529411764705,16,16,AAAGTTGGCTAGAGTACCCG,0,4308528
yadI_predicted,0.058823529411764705,16,16,AAAGCTTGCGCGTTTACCAG,0,4328088
yadI_predicted,0.058823529411764705,16,16,AAACAGGTTCATCGTATCCA,0,4350648
yadI_predicted,0.058823529411764705,16,16,AAAATTTGGCGTCGTTAGGG,0,4286061
yadI_predicted,0.058823529411764705,16,16,AAAATGGGTCTGACTGAGTG,0,4314824
yadI_predicted,0.058823529411764705,16,16,AAAAGGACACATTGTTTAGT,0,4315073
yadI_predicted,0.058823529411764705,16,16,AAAAAGTTAGCGGGGAAGTC,0,4321680
yadI_predicted,0.0625,15,15,TTTTTGCCTCCGAAGATTCT,0,4306094
yadI_predicted,0.0625,15,15,TTTTGTCCCGTGCAGGATTA,0,4300321
yadI_predicted,0.0625,15,15,TTTTCCGCAAGGATAGGGGT,0,4293193
yadI_predicted,0.0625,15,15,TTTTAGTCTGTAAGATTATT,0,4332885
yadI_predicted,0.0625,15,15,TTTGTAAATTGGGCATAGGT,0,4360177
yadI_predicted,0.0625,15,15,TTTCTCGGATTGCCGGCGGG,0,4330471
yadI_predicted,0.0625,15,15,TTTAGTCCTAACTAAACGCT,0,4295817
yadI_predicted,0.0625,15,15,TTTAAGAGGCTAAGATCCTG,0,4340013
yadI_predicted,0.0625,15,15,TTGTTCGGTGTGGCATGGGA,0,4335624
yadI_predicted,0.0625,15,15,TTGTCTTTGTGCTTCGAAAA,0,4352117
yadI_predicted,0.0625,15,15,TTGTCTGTCGTCGAAAGAAA,0,4335297
yadI_predicted,0.0625,15,15,TTGTATCCCCAAGCTTACCG,0,4353342
yadI_predicted,0.0625,15,15,TTGTAGACTCGTGGCGAGCG,0,4328208
yadI_predicted,0.0625,15,15,TTGGGATATCATGATCCGCT,0,4356694
yadI_predicted,0.0625,15,15,TTGGATGGCCGGGGTCGTAT,0,4357997
yadI_predicted,0.0625,15,15,TTGCCCAGGGTTATGAGGAC,0,4318804
yadI_predicted,0.0625,15,15,TTGCAATGAAGTTCTAACGT,0,4293482
yadI_predicted,0.0625,15,15,TTCTCTTTTTACGATGATGA,0,4308224
yadI_predicted,0.0625,15,15,TTCTCAATCGCTAAGCGGTA,0,4324688
yadI_predicted,0.0625,15,15,TTCGTCCAACGTTGAAATCT,0,4339961
yadI_predicted,0.0625,15,15,TTCGGCCACACGCTGTCCCG,0,4324742
yadI_predicted,0.0625,15,15,TTCCTTGCCCCACATAGGGG,0,4284753
yadI_predicted,0.0625,15,15,TTCCCGCGTATGGAAATATG,0,4315967
yadI_predicted,0.0625,15,15,TTCCCCAGGGGTACAATAAC,0,4294366
yadI_predicted,0.0625,15,15,TTCCAGTAGAAGTCTGATAC,0,4301875
yadI_predicted,0.0625,15,15,TTCATATCGGGGCTGTACCT,0,4366515
yadI_predicted,0.0625,15,15,TTCATAAGGGCCTACCGCCG,0,4354520
yadI_predicted,0.0625,15,15,TTCAGGATTCGTTCAAGTAC,0,4347982
yadI_predicted,0.0625,15,15,TTCACAGCCGCGGTAATGCG,0,4346776
yadI_predicted,0.0625,15,15,TTATAAAACACTGTCGGCAG,0,4326694
yadI_predicted,0.0625,15,15,TTAGGGTTTGGGTGGCACGC,0,4329669
yadI_predicted,0.0625,15,15,TTAGATAGCTACAATGGGTC,0,4363948
yadI_predicted,0.0625,15,15,TTACTCGTAGAGCACACACT,0,4295722
yadI_predicted,0.0625,15,15,TTACGTACGTGTAACATGAG,0,4351900
yadI_predicted,0.0625,15,15,TTACGGATACCCATCGTCTC,0,4304962
yadI_predicted,0.0625,15,15,TTACATTTGGGTAGGTGGTA,0,4348267
yadI_predicted,0.0625,15,15,TTAATCTTGGCTGTGCGGCC,0,4321737
yadI_predicted,0.0625,15,15,TTAACTACGGTGCACTAGAG,0,4317604
yadI_predicted,0.0625,15,15,TGTTGGACGGTATCTACTTC,0,4296286
yadI_predicted,0.0625,15,15,TGTTATCGCGGTAGACACCT,0,4334225
yadI_predicted,0.0625,15,15,TGTTACCAGTGCGGCCTTGA,0,4354191
yadI_predicted,0.0625,15,15,TGTGTGAATGTGAAGAAGAT,0,4305528
yadI_predicted,0.0625,15,15,TGTGGGACTTGTAAGCAATA,0,4347783
yadI_predicted,0.0625,15,15,TGTGGAAGTGTGACTTTGGA,0,4367776
yadI_predicted,0.0625,15,15,TGTGCTATCGATGCTCTAAA,0,4284600
yadI_predicted,0.0625,15,15,TGTCGTTCGGGGATTTGACC,0,4320561
yadI_predicted,0.0625,15,15,TGTCAGTATTACCACACTTT,0,4368068
yadI_predicted,0.0625,15,15,TGTCAGCCAGCAGTGGCTCC,0,4341362
yadI_predicted,0.0625,15,15,TGTCAAGAGTTTAACAGCCA,0,4353635
yadI_predicted,0.0625,15,15,TGTATGGGGCTAGCGCAAAA,0,4309803
yadI_predicted,0.0625,15,15,TGTACGGGGTTTGGGTGGTC,0,4293045
yadI_predicted,0.0625,15,15,TGGGCGTCCCGCATCCGATG,0,4355055
yadI_predicted,0.0625,15,15,TGGGCAAAGTTAGCGAAGAA,0,4296247
yadI_predicted,0.0625,15,15,TGGGAATAGCGACTCGCGCC,0,4327508
yadI_predicted,0.0625,15,15,TGGCTTGGTTATTATTATCG,0,4318771
yadI_predicted,0.0625,15,15,TGGCTGTCTTGCTTCCGCTG,0,4362485
yadI_predicted,0.0625,15,15,TGGAAAAGTTTCTCCAAATA,0,4301991
yadI_predicted,0.0625,15,15,TGCTTTTCGACAAGTCGGCC,0,4289636
yadI_predicted,0.0625,15,15,TGCTTGTAGATCACAGCGGA,0,4303137
yadI_predicted,0.0625,15,15,TGCGTCAGGTTTGCCGAGGA,0,4335995
yadI_predicted,0.0625,15,15,TGCGCCGTTTTAGGCCTGGG,0,4364739
yadI_predicted,0.0625,15,15,TGCGATAATTTCGGTGGTTC,0,4346357
yadI_predicted,0.0625,15,15,TGCGAAGGATTGAGGAGGTA,0,4348028
yadI_predicted,0.0625,15,15,TGCCTTCGGTCTGATTTTGG,0,4302267
yadI_predicted,0.0625,15,15,TGCCCTGCGCTGCCTGGAAT,0,4358779
yadI_predicted,0.0625,15,15,TGCATATTCAGCGGTTGGAT,0,4362141
yadI_predicted,0.0625,15,15,TGCATACATTCAACTGAATG,0,4337820
yadI_predicted,0.0625,15,15,TGATCGATCGCTTAGGTGCT,0,4336448
yadI_predicted,0.0625,15,15,TGATAGCTCGGCCGTTAGGC,0,4295000
yadI_predicted,0.0625,15,15,TGAGTCGGTTCTAGAGCCCA,0,4318970
yadI_predicted,0.0625,15,15,TGACGTACATCAGGGACCCT,0,4306148
yadI_predicted,0.0625,15,15,TGAAGTTCGGGATGCAAGGC,0,4361175
yadI_predicted,0.0625,15,15,TGAAAGCGGCCGTGTCCAAC,0,4335676
yadI_predicted,0.0625,15,15,TCTTAGATCAGGGGTGTTTA,0,4296652
yadI_predicted,0.0625,15,15,TCTCTGGGATCTTCTCGCGC,0,4334321
yadI_predicted,0.0625,15,15,TCTCTCATGCGCCGGTGATG,0,4341361
yadI_predicted,0.0625,15,15,TCTCAGTTGCAAGTCATTCC,0,4343630
yadI_predicted,0.0625,15,15,TCTATTATAGCCCGGATCGT,0,4291175
yadI_predicted,0.0625,15,15,TCGTGCGCACCAGAAGGGGA,0,4304939
yadI_predicted,0.0625,15,15,TCGTGAAGAGGTTATTAGGA,0,4333459
yadI_predicted,0.0625,15,15,TCGTCTATGAACATCATCCA,0,4347978
yadI_predicted,0.0625,15,15,TCGTAAGCGGGGTTGTACTA,0,4285667
yadI_predicted,0.0625,15,15,TCGGCCACCAATGACTGGAT,0,4345400
yadI_predicted,0.0625,15,15,TCGCGCCTACTGTCCGGTGT,0,4337746
yadI_predicted,0.0625,15,15,TCGCCGTACTTGCGTATACG,0,4308847
yadI_predicted,0.0625,15,15,TCGCCGCAGCACGCCACGGT,0,4290602
yadI_predicted,0.0625,15,15,TCGAGTTCACTCCACGTAGG,0,4315808
yadI_predicted,0.0625,15,15,TCGAGTCAATTGACATTGGT,0,4295801
yadI_predicted,0.0625,15,15,TCCTTCGGTAACAAAGCCCA,0,4315210
yadI_predicted,0.0625,15,15,TCCTCGTGTGGAAGAACTGC,0,4361338
yadI_predicted,0.0625,15,15,TCCGAAGGCGACTGAAAGAG,0,4353819
yadI_predicted,0.0625,15,15,TCCCCCCCTAAGCGCAAATT,0,4340417
yadI_predicted,0.0625,15,15,TCCCATCAAAGGTCGCACCC,0,4338427
yadI_predicted,0.0625,15,15,TCATGCCACCTTATGCGTAT,0,4295362
yadI_predicted,0.0625,15,15,TCATAGTGCCTAGAAATGGC,0,4352461
yadI_predicted,0.0625,15,15,TCATACGAACGCCTAATACT,0,4320211
yadI_predicted,0.0625,15,15,TCATAACCTTTGTCTGGGGG,0,4310012
yadI_predicted,0.0625,15,15,TCAGTTGGCCTCGGCTACAA,0,4290838
yadI_predicted,0.0625,15,15,TCACGGGAGCTTATGACAGA,0,4329986
yadI_predicted,0.0625,15,15,TCACGCTCCCGAAGAGTCAT,0,4354369
yadI_predicted,0.0625,15,15,TCAATAGGAAGCAGTCTCTT,0,4331478
yadI_predicted,0.0625,15,15,TCAAGGAAATGTTTATTCCA,0,4331190
yadI_predicted,0.0625,15,15,TCAAGAAGGTGACGGAGAAC,0,4356196
yadI_predicted,0.0625,15,15,TATTCTAAAGAAATGTTCAG,0,4349207
yadI_predicted,0.0625,15,15,TATGTTACACGCAGTAAGTC,0,4339036
yadI_predicted,0.0625,15,15,TATGTGCCGCTGTTCAGTAG,0,4363131
yadI_predicted,0.0625,15,15,TATGCGTCAATATTGCCCAG,0,4323573
yadI_predicted,0.0625,15,15,TATGCGACCGAATTACTCCA,0,4298197
yadI_predicted,0.0625,15,15,TATCGCAAGGGGTGAACATA,0,4366640
yadI_predicted,0.0625,15,15,TATCAGTTTCAGCATGTCTG,0,4347631
yadI_predicted,0.0625,15,15,TATATTAATAGATGCTTACC,0,4360479
yadI_predicted,0.0625,15,15,TATATGAATGTTTATGCGTA,0,4310048
yadI_predicted,0.0625,15,15,TAGGTCAAATTGGGGAACTG,0,4347084
yadI_predicted,0.0625,15,15,TAGGCACCTCTAAAATTTGA,0,4366036
yadI_predicted,0.0625,15,15,TAGCAGTCGCTCTATACGGA,0,4349887
yadI_predicted,0.0625,15,15,TAGATGCCGAATGTATCCAG,0,4304550
yadI_predicted,0.0625,15,15,TAGAACCTCGCCACGTCCAA,0,4354019
yadI_predicted,0.0625,15,15,TACTTTAAGGTAGGGGCTTC,0,4358238
yadI_predicted,0.0625,15,15,TACTGCGGAGAAGTCAGCAA,0,4354637
yadI_predicted,0.0625,15,15,TACTCATAGTAGCGACCCGT,0,4320804
yadI_predicted,0.0625,15,15,TACTATTCTCGTCGCGCAAG,0,4332400
yadI_predicted,0.0625,15,15,TACGTTATTGTTGGGGAGGT,0,4357016
yadI_predicted,0.0625,15,15,TACGTACTTGATTGCAAATA,0,4307379
yadI_predicted,0.0625,15,15,TACCATCGCTAGGAAGCCGT,0,4328533
yadI_predicted,0.0625,15,15,TACCACTGGATAAATGTGGC,0,4337196
yadI_predicted,0.0625,15,15,TACAATGTTCCTAGTTCGGG,0,4332880
yadI_predicted,0.0625,15,15,TAAGTCGGTCTTCCGGAAAT,0,4313858
yadI_predicted,0.0625,15,15,TAAGGTGAAGTTTGCCATGT,0,4292206
yadI_predicted,0.0625,15,15,TAAGCGGAGGACCCGACACA,0,4308300
yadI_predicted,0.0625,15,15,TAAGAGTGCGCGGGTGGAAG,0,4321689
yadI_predicted,0.0625,15,15,TAACGGTCCAACATCAGCGG,0,4337841
yadI_predicted,0.0625,15,15,TAAACTTCCCGTCATTATAA,0,4285947
yadI_predicted,0.0625,15,15,GTTTTAAAATTTGCCTCACC,0,4361462
yadI_predicted,0.0625,15,15,GTTTGCGTTAGTTATCTGAA,0,4313992
yadI_predicted,0.0625,15,15,GTTTCTCCCACGTCTCCTGC,0,4325010
yadI_predicted,0.0625,15,15,GTTTCGGAAAGCCGGTTGTC,0,4361130
yadI_predicted,0.0625,15,15,GTTTCCGGGAGGAATTGCCT,0,4319088
yadI_predicted,0.0625,15,15,GTTTCATCCTCCAGGATCAT,0,4358516
yadI_predicted,0.0625,15,15,GTTGCATCCCAAGGTGTCTA,0,4359296
yadI_predicted,0.0625,15,15,GTTCTCGGCACCGCTAACAA,0,4286655
yadI_predicted,0.0625,15,15,GTTCAGCGCTGATAATGTTC,0,4310988
yadI_predicted,0.0625,15,15,GTTCAGATGTTTCAAGCGTT,0,4364322
yadI_predicted,0.0625,15,15,GTGTGACACCAACTTATCCT,0,4347270
yadI_predicted,0.0625,15,15,GTGGCAGGTATGTCCCGGCT,0,4297384
yadI_predicted,0.0625,15,15,GTGGCAACCTAGGTCCCGTT,0,4321654
yadI_predicted,0.0625,15,15,GTGCGTAATGATATTTTATG,0,4308119
yadI_predicted,0.0625,15,15,GTGCACCCTTTGCACCATTC,0,4290031
yadI_predicted,0.0625,15,15,GTGCAAATTTTTGATGTGTT,0,4365448
yadI_predicted,0.0625,15,15,GTCGTGGGAACCTACGTGCA,0,4363277
yadI_predicted,0.0625,15,15,GTCGCTTTTCTCATAGAAGG,0,4312686
yadI_predicted,0.0625,15,15,GTCGCCATTCAGCCGGAGGA,0,4350238
yadI_predicted,0.0625,15,15,GTCGATGAAAGGCATTAGGA,0,4331367
yadI_predicted,0.0625,15,15,GTCCTTCCAACCGCGAACGG,0,4296849
yadI_predicted,0.0625,15,15,GTCCGGCGTCTTTAGCTCTG,0,4356580
yadI_predicted,0.0625,15,15,GTCACTCTGGATCAACGTAA,0,4315104
yadI_predicted,0.0625,15,15,GTATGCGCCAGGTAGCACTA,0,4297502
yadI_predicted,0.0625,15,15,GTATCTTGTACGCGAATTCG,0,4285014
yadI_predicted,0.0625,15,15,GTATATGCCCAGGCGTCAAC,0,4353590
yadI_predicted,0.0625,15,15,GTAGTACAGAAGACCTGTAT,0,4362825
yadI_predicted,0.0625,15,15,GTAGCCTGACCATTGCCGAT,0,4326984
yadI_predicted,0.0625,15,15,GTAGCATTTTACCTCCCTAT,0,4291985
yadI_predicted,0.0625,15,15,GTACGACGTGCTACAAACCA,0,4331285
yadI_predicted,0.0625,15,15,GTACGACAGCAATGACTCAC,0,4316119
yadI_predicted,0.0625,15,15,GTACATTCCTACTGTTTAGG,0,4356831
yadI_predicted,0.0625,15,15,GTAAGTTCCCGTCACCCCTA,0,4331671
yadI_predicted,0.0625,15,15,GTAACGGGTTCAGCCACCAT,0,4288852
yadI_predicted,0.0625,15,15,GGTTCCGGGCCGTACCCGCA,0,4335206
yadI_predicted,0.0625,15,15,GGTTAGTTAGGGGCACACGA,0,4340128
yadI_predicted,0.0625,15,15,GGTTAAAGGAGTGGGGTCAA,0,4332228
yadI_predicted,0.0625,15,15,GGTGCTCCAGGTATATACTC,0,4343321
yadI_predicted,0.0625,15,15,GGTGCGAGATTAACTCTAGG,0,4330507
yadI_predicted,0.0625,15,15,GGTGACCCTGTCTTTATAGA,0,4312733
yadI_predicted,0.0625,15,15,GGTCGTTGTTTCAGCATGCT,0,4323116
yadI_predicted,0.0625,15,15,GGTCCAGTCGTGCTCGTTTA,0,4351459
yadI_predicted,0.0625,15,15,GGTAAATCATCTTCGTATTC,0,4300743
yadI_predicted,0.0625,15,15,GGGGTGCCTCGGAAAGGCCT,0,4287631
yadI_predicted,0.0625,15,15,GGGGTAATCATACTATTTGG,0,4348285
yadI_predicted,0.0625,15,15,GGGGGTGGCGCCGTCAGAGT,0,4289722
yadI_predicted,0.0625,15,15,GGGGATGTATGTTCCTCGTG,0,4363240
yadI_predicted,0.0625,15,15,GGGCGCATATAGCTCCAAGC,0,4294956
yadI_predicted,0.0625,15,15,GGGCACTATGCGGGCCTGAG,0,4321649
yadI_predicted,0.0625,15,15,GGCTTGTGGCACGGCTTTAG,0,4349838
yadI_predicted,0.0625,15,15,GGCTTGACAAATGTGCAATT,0,4349610
yadI_predicted,0.0625,15,15,GGCGGTGGACTACTACAGAA,0,4331251
yadI_predicted,0.0625,15,15,GGCGCTTTACAGGTCTAAAT,0,4287389
yadI_predicted,0.0625,15,15,GGCGACGGGTCTCGGCGGGC,0,4307383
yadI_predicted,0.0625,15,15,GGCCTCAGGAGCCGGGCGAT,0,4354803
yadI_predicted,0.0625,15,15,GGCCGAAGAACGCACGTCGC,0,4349360
yadI_predicted,0.0625,15,15,GGCCCCGCTTCGTAGGGTGC,0,4339819
yadI_predicted,0.0625,15,15,GGCCACTACTATCTACATAG,0,4355924
yadI_predicted,0.0625,15,15,GGCATGTGTTGAAGACTAAC,0,4348347
yadI_predicted,0.0625,15,15,GGCATCCGCTTGGGTCCTGC,0,4312890
yadI_predicted,0.0625,15,15,GGCAGTTCGTATCTGTCGGT,0,4337516
yadI_predicted,0.0625,15,15,GGAGTTAGAAGATGGGTTAC,0,4320043
yadI_predicted,0.0625,15,15,GGAGTGAGCGTTCATCGACG,0,4342193
yadI_predicted,0.0625,15,15,GGAGGGAGCGGGGCTGTGGG,0,4317894
yadI_predicted,0.0625,15,15,GGAGGAATCTTTCGCGGATA,0,4338634
yadI_predicted,0.0625,15,15,GGAGCACCGTTGGGACCTTA,0,4300890
yadI_predicted,0.0625,15,15,GGAGAACTTTAATTCCGGTG,0,4362224
yadI_predicted,0.0625,15,15,GGACTACCTGTGGTATTGTC,0,4302775
yadI_predicted,0.0625,15,15,GCTTTTCGCTTTGGTGATAC,0,4297038
yadI_predicted,0.0625,15,15,GCTTCCTGAGAACATGTCTA,0,4360918
yadI_predicted,0.0625,15,15,GCTGCCGGGCCGGCCCCGTT,0,4367081
yadI_predicted,0.0625,15,15,GCTCATATGAGTAATTAGAG,0,4325464
yadI_predicted,0.0625,15,15,GCTAACTCCTCAGAGTAATC,0,4284499
yadI_predicted,0.0625,15,15,GCGTGTGGCACAGATTATGT,0,4326631
yadI_predicted,0.0625,15,15,GCGTCATCGATCTGTCAAGA,0,4349853
yadI_predicted,0.0625,15,15,GCGCTCTAACAGCTGCGTTC,0,4339037
yadI_predicted,0.0625,15,15,GCGCCTCTTGTCGTGTAATG,0,4286178
yadI_predicted,0.0625,15,15,GCGAGGATACTGTATCGGTG,0,4314780
yadI_predicted,0.0625,15,15,GCGACTGTGTCACGGTACAC,0,4331753
yadI_predicted,0.0625,15,15,GCCTCTAGGCAGTTCTGACA,0,4344064
yadI_predicted,0.0625,15,15,GCCGCGGGCGAATCGGTTGA,0,4365326
yadI_predicted,0.0625,15,15,GCCATCCTGCATTCGCTTGT,0,4336811
yadI_predicted,0.0625,15,15,GCCATAATAGTTCTAGTGCT,0,4319038
yadI_predicted,0.0625,15,15,GCCAGGACCCGGCGCGGCGA,0,4301889
yadI_predicted,0.0625,15,15,GCCAATAAACTCTATATGAG,0,4323053
yadI_predicted,0.0625,15,15,GCCAAAGGCACAGCCAGTTT,0,4366928
yadI_predicted,0.0625,15,15,GCATGGCTGTAAGACGCTTA,0,4337982
yadI_predicted,0.0625,15,15,GCATGATCAGGTACGCATCC,0,4356842
yadI_predicted,0.0625,15,15,GCATCAAATTTCCGACGGTA,0,4341768
yadI_predicted,0.0625,15,15,GCATAGAGCGTGAACTGCCA,0,4335720
yadI_predicted,0.0625,15,15,GCATAACTATCTAGGGTGAT,0,4363630
yadI_predicted,0.0625,15,15,GCATAACGTCATGACGCTTA,0,4364444
yadI_predicted,0.0625,15,15,GCAGGGTAGCAACAGGGGAG,0,4296623
yadI_predicted,0.0625,15,15,GCAGGGGTGGTTAGATTTGA,0,4317825
yadI_predicted,0.0625,15,15,GCAGGAACGGGTGACACCCA,0,4293492
yadI_predicted,0.0625,15,15,GCAGGAAATGCACACTTCAA,0,4363805
yadI_predicted,0.0625,15,15,GCAGCACAACGATGCGGCGC,0,4332472
yadI_predicted,0.0625,15,15,GCAGAAGTCGAGGGTCGTCA,0,4328150
yadI_predicted,0.0625,15,15,GCACCGTGTCCCGCGACAGC,0,4351354
yadI_predicted,0.0625,15,15,GATTTCAGCACGTGGGCATG,0,4350705
yadI_predicted,0.0625,15,15,GATTGCGCTACATTTTACTT,0,4291711
yadI_predicted,0.0625,15,15,GATTGAAAACAGACGTGGGA,0,4345358
yadI_predicted,0.0625,15,15,GATCACGGATCCGGTTGGCC,0,4302825
yadI_predicted,0.0625,15,15,GATCAAGGATCCATGTGTGA,0,4345121
yadI_predicted,0.0625,15,15,GATATTATTTTACGGCCAGG,0,4317329
yadI_predicted,0.0625,15,15,GATAGAGCTTCACGCCTGTA,0,4325077
yadI_predicted,0.0625,15,15,GATAGACTTAGTCCCCTGCG,0,4311455
yadI_predicted,0.0625,15,15,GAGTTTCATGTCGCCACACT,0,4337126
yadI_predicted,0.0625,15,15,GAGTTTAGCTCCCGTATTCC,0,4321015
yadI_predicted,0.0625,15,15,GAGTTCAACAAACCCAAAAG,0,4295379
yadI_predicted,0.0625,15,15,GAGTCCTGGGGGCGCGGTTT,0,4345596
yadI_predicted,0.0625,15,15,GAGCTCAAGCGCCCGTTGTT,0,4323897
yadI_predicted,0.0625,15,15,GAGCCGGTCTTTGAGGTTGT,0,4296613
yadI_predicted,0.0625,15,15,GAGCCACCCCACCTACCACC,0,4341711
yadI_predicted,0.0625,15,15,GAGATGTCACTGTCCAATCA,0,4313155
yadI_predicted,0.0625,15,15,GAGACAGCGAGCGCTATCTC,0,4332464
yadI_predicted,0.0625,15,15,GACTTACACCGTCCGTTTTA,0,4299104
yadI_predicted,0.0625,15,15,GACGCCTTGCTCGTGGACTA,0,4302951
yadI_predicted,0.0625,15,15,GACCGTATGGTACTCAGCGA,0,4333952
yadI_predicted,0.0625,15,15,GACCAGGGGTGAGGTTGCTC,0,4287829
yadI_predicted,0.0625,15,15,GACAACATTACCAGCATTGC,0,4355468
yadI_predicted,0.0625,15,15,GAAGAAAGGCGTTATGAGTT,0,4352596
yadI_predicted,0.0625,15,15,GAACCCGGTACCTTTGACGT,0,4324871
yadI_predicted,0.0625,15,15,GAAATCTCAATTTAAATCGG,0,4337685
yadI_predicted,0.0625,15,15,GAAAACTAAAACGCAGCTGG,0,4333621
yadI_predicted,0.0625,15,15,CTTTGTAGGGGCACCTGCAA,0,4347261
yadI_predicted,0.0625,15,15,CTTTCCGGCGAATGCGCTTG,0,4296571
yadI_predicted,0.0625,15,15,CTTTACTTTGGCCCGGAACG,0,4319327
yadI_predicted,0.0625,15,15,CTTGTACCGATTCTCGCTCG,0,4295553
yadI_predicted,0.0625,15,15,CTTGGAGCGCCAGCGTATTT,0,4301235
yadI_predicted,0.0625,15,15,CTTCATTAGAGATTTAAAAG,0,4301606
yadI_predicted,0.0625,15,15,CTTAGGCGAATGTTGTGAAT,0,4357648
yadI_predicted,0.0625,15,15,CTTAAAGCCGAAAGCAATCT,0,4313236
yadI_predicted,0.0625,15,15,CTGTGTGACCGCGCTAGTGA,0,4316555
yadI_predicted,0.0625,15,15,CTGTGGCGAAGTCACAATAG,0,4313620
yadI_predicted,0.0625,15,15,CTGTAGGCGAAGCACCGGAA,0,4342622
yadI_predicted,0.0625,15,15,CTGTAGCTTCACCGGGGGGA,0,4341214
yadI_predicted,0.0625,15,15,CTGTAAGTTTCGGAAGCCCT,0,4316370
yadI_predicted,0.0625,15,15,CTGTAAGCTGGTGTCCTAGC,0,4288888
yadI_predicted,0.0625,15,15,CTGGGATCATAGGAACTATG,0,4343368
yadI_predicted,0.0625,15,15,CTGCTTTTTATTTTCAGTTG,0,4344708
yadI_predicted,0.0625,15,15,CTGCTAAAGTTAGTGCTTGA,0,4303566
yadI_predicted,0.0625,15,15,CTGATGACCTGTTAAGCCGA,0,4306235
yadI_predicted,0.0625,15,15,CTCTATTTAAGGTATGGCAA,0,4360914
yadI_predicted,0.0625,15,15,CTCGGAAGTTGGGAGACTTT,0,4307078
yadI_predicted,0.0625,15,15,CTCCTATTTCTTGAGTTAAG,0,4311164
yadI_predicted,0.0625,15,15,CTCCGAAATTGAAGGAGGTT,0,4285515
yadI_predicted,0.0625,15,15,CTCCAATGGGACACGTTGTA,0,4364874
yadI_predicted,0.0625,15,15,CTCAGCAATAGTTAAAAGGA,0,4309169
yadI_predicted,0.0625,15,15,CTCAACTTAGGGTACGCGCT,0,4340419
yadI_predicted,0.0625,15,15,CTATGCGGTAGCGATGAGGT,0,4317399
yadI_predicted,0.0625,15,15,CTATCTTGTATCGGACTGGT,0,4349521
yadI_predicted,0.0625,15,15,CTATCACTCCGCTATGATCG,0,4366060
yadI_predicted,0.0625,15,15,CTAGTGCACTTTAAACTCTG,0,4354200
yadI_predicted,0.0625,15,15,CTAGTAGATTGCGAGACCAA,0,4300394
yadI_predicted,0.0625,15,15,CTAGCCTACAATCTAAAAGT,0,4291226
yadI_predicted,0.0625,15,15,CTAGAGTGTCTAATCAGACA,0,4360578
yadI_predicted,0.0625,15,15,CTACAGTTAAACGTGAACAT,0,4323678
yadI_predicted,0.0625,15,15,CTAATCGATATACTGTTACG,0,4361839
yadI_predicted,0.0625,15,15,CTAAATTCGCAGCGGGACGT,0,4341029
yadI_predicted,0.0625,15,15,CTAAACGCCCGTTACGTGAC,0,4337992
yadI_predicted,0.0625,15,15,CGTTCAGAGTTCTTGACAGT,0,4332905
yadI_predicted,0.0625,15,15,CGTTCACCATTTCTGGGGGA,0,4305700
yadI_predicted,0.0625,15,15,CGTGGGGAGATGCTCATTTG,0,4312264
yadI_predicted,0.0625,15,15,CGTGGAACACTGTTGTCTCA,0,4344167
yadI_predicted,0.0625,15,15,CGTGATCGGTCCTAATGTAG,0,4354209
yadI_predicted,0.0625,15,15,CGTGATAGAACTATGGGTTT,0,4356776
yadI_predicted,0.0625,15,15,CGTGAGGTGGTATTGGTCCT,0,4296777
yadI_predicted,0.0625,15,15,CGTCCTTTTCATAAGTTTAA,0,4319426
yadI_predicted,0.0625,15,15,CGGTCCGCGCGTAGTATGGT,0,4341078
yadI_predicted,0.0625,15,15,CGGTATCAATGCATGCTAAA,0,4327108
yadI_predicted,0.0625,15,15,CGGTACCGCTCCCGTTTCGG,0,4302896
yadI_predicted,0.0625,15,15,CGGTAATACTCTATTCAAGA,0,4327077
yadI_predicted,0.0625,15,15,CGGGTACGCTATGACACACG,0,4343881
yadI_predicted,0.0625,15,15,CGGGCGTCCACTCCGTCTTC,0,4324127
yadI_predicted,0.0625,15,15,CGGGCGACCGGTCCGGGGGG,0,4300212
yadI_predicted,0.0625,15,15,CGGGAGCTGCCGCCTCTGAA,0,4333680
yadI_predicted,0.0625,15,15,CGGCATCAGCCACGGGCCTT,0,4333143
yadI_predicted,0.0625,15,15,CGGAATGACGGGAGCTGGAT,0,4324639
yadI_predicted,0.0625,15,15,CGGAAGTTTATTGAGCCTTA,0,4288001
yadI_predicted,0.0625,15,15,CGCTTAAGCCCAACGGTAAG,0,4349510
yadI_predicted,0.0625,15,15,CGCTGTTATTGTTCCGGGCG,0,4308706
yadI_predicted,0.0625,15,15,CGCTAAGTTCGGGTGTGGGA,0,4307163
yadI_predicted,0.0625,15,15,CGCGGTGCTCAAGCGTTGGT,0,4334598
yadI_predicted,0.0625,15,15,CGCGGAAGTGCCACATCATA,0,4305444
yadI_predicted,0.0625,15,15,CGCCTTTGATCAATTTTGTA,0,4325138
yadI_predicted,0.0625,15,15,CGCCGGCCCATTGTCAAGTA,0,4316566
yadI_predicted,0.0625,15,15,CGCCATTTCGCCTCCATCTC,0,4308422
yadI_predicted,0.0625,15,15,CGCAGTGTTGCGCTCATAGT,0,4313248
yadI_predicted,0.0625,15,15,CGCAGTATCGCTAACGAGAC,0,4303285
yadI_predicted,0.0625,15,15,CGATCTTTTGGCCACTATGA,0,4296394
yadI_predicted,0.0625,15,15,CGATCATGCTCTTACTTGGG,0,4359526
yadI_predicted,0.0625,15,15,CGATATCCACATGGGACGGT,0,4319892
yadI_predicted,0.0625,15,15,CGATAGTGCGGGCGTACGCT,0,4338503
yadI_predicted,0.0625,15,15,CGAGGCTCATATGGGTGATC,0,4349918
yadI_predicted,0.0625,15,15,CGAGCCTATCTGGACAGCAG,0,4341668
yadI_predicted,0.0625,15,15,CGAGAATTTCGGGGGAGGTC,0,4327964
yadI_predicted,0.0625,15,15,CGAACGTCGTAAGCTTCGGC,0,4365269
yadI_predicted,0.0625,15,15,CGAAAGTGTTCGTTGAACAA,0,4324470
yadI_predicted,0.0625,15,15,CCTTGAAGTGGTCAGACATC,0,4357308
yadI_predicted,0.0625,15,15,CCTTCCCACCCCAGACAAGG,0,4355497
yadI_predicted,0.0625,15,15,CCTGCATGGAGAACGGACGG,0,4317611
yadI_predicted,0.0625,15,15,CCTCGGTAGGGGGTGTACTC,0,4365748
yadI_predicted,0.0625,15,15,CCTCCGCCTCAGGTCCTAGC,0,4366786
yadI_predicted,0.0625,15,15,CCTCCCGGCTCCGTAAGGTA,0,4287619
yadI_predicted,0.0625,15,15,CCTATGTTGTGATTCTCGTT,0,4320709
yadI_predicted,0.0625,15,15,CCTAGTGTGGTTAACCAATG,0,4289525
yadI_predicted,0.0625,15,15,CCTAGGTTTCTTTTGTTATA,0,4338697
yadI_predicted,0.0625,15,15,CCGTTCTTAGCATGGTACGA,0,4316391
yadI_predicted,0.0625,15,15,CCGGCTAAGGGCATATCATA,0,4333917
yadI_predicted,0.0625,15,15,CCGCTGTTCGGGAAAGTGCT,0,4323700
yadI_predicted,0.0625,15,15,CCGCTAAGTCGGTCACATAG,0,4335782
yadI_predicted,0.0625,15,15,CCGCGCATATCGCAGATATC,0,4311044
yadI_predicted,0.0625,15,15,CCGATTTTACGATCCGAAGC,0,4311851
yadI_predicted,0.0625,15,15,CCGAGTAGAACCTTGCATCT,0,4335993
yadI_predicted,0.0625,15,15,CCGAGAATCGACCTCACTCT,0,4344010
yadI_predicted,0.0625,15,15,CCGACATACGCTCGTACTCG,0,4361828
yadI_predicted,0.0625,15,15,CCCTTTTTTGGCTAACCTGA,0,4352760
yadI_predicted,0.0625,15,15,CCCTGAGGCTGGGGCTACCC,0,4302209
yadI_predicted,0.0625,15,15,CCCGTTGTTAGTGGTCTGTA,0,4361694
yadI_predicted,0.0625,15,15,CCCGTAAGTGGTTATGGGGT,0,4338857
yadI_predicted,0.0625,15,15,CCCGCTGACGTTTAATGCAT,0,4310104
yadI_predicted,0.0625,15,15,CCCCCGGCCCCGGTTGGACA,0,4309070
yadI_predicted,0.0625,15,15,CCCCCCGTCAGTCCCGGCCT,0,4321555
yadI_predicted,0.0625,15,15,CCCAGGCAGATTGAGGGATG,0,4363888
yadI_predicted,0.0625,15,15,CCCACAGGTCCTGACGGCTC,0,4317822
yadI_predicted,0.0625,15,15,CCCACAACGAACTGTTCGGG,0,4323527
yadI_predicted,0.0625,15,15,CCCAAGGGTGCCCGCAACTT,0,4316786
yadI_predicted,0.0625,15,15,CCCAAGCCTGTACACGTGCA,0,4286111
yadI_predicted,0.0625,15,15,CCCAACAAAATCCCACCTGA,0,4357186
yadI_predicted,0.0625,15,15,CCATTGTATCGCAGCTCGCT,0,4293553
yadI_predicted,0.0625,15,15,CCATTCCGGTAGGCCACATT,0,4333340
yadI_predicted,0.0625,15,15,CCATATTGGTGCTTCTGCGG,0,4305016
yadI_predicted,0.0625,15,15,CCAGGTTCCGGTCACCTCTA,0,4342021
yadI_predicted,0.0625,15,15,CCAGGCGCGTCAGCGACTCA,0,4353933
yadI_predicted,0.0625,15,15,CCAGCTCGTTTCTCCGGGTT,0,4288629
yadI_predicted,0.0625,15,15,CCACTTGCGTGGAACCATTA,0,4321657
yadI_predicted,0.0625,15,15,CCACGCGTCACGGCTGCGCC,0,4296819
yadI_predicted,0.0625,15,15,CCAATACGTATGCGTGTTGC,0,4328290
yadI_predicted,0.0625,15,15,CCAATAATATTCTGGCAGGT,0,4356488
yadI_predicted,0.0625,15,15,CCAACACGGCTAACAGTAGT,0,4366016
yadI_predicted,0.0625,15,15,CCAAAGTAGGAGTTGCTCGT,0,4290288
yadI_predicted,0.0625,15,15,CATTATTATAATCCAAAGCC,0,4288818
yadI_predicted,0.0625,15,15,CATTACGCATGTACACGCCA,0,4356782
yadI_predicted,0.0625,15,15,CATGGTTCTCAGATGCTGGT,0,4305523
yadI_predicted,0.0625,15,15,CATGACCTACAAAGTGCTTA,0,4298133
yadI_predicted,0.0625,15,15,CATCTGGTGCCCACCGCCGA,0,4363062
yadI_predicted,0.0625,15,15,CATCCCAATACTGCTCCAGG,0,4293751
yadI_predicted,0.0625,15,15,CATCACGATCGACATGAGTC,0,4328037
yadI_predicted,0.0625,15,15,CATATCACTAGGCAGTGGTG,0,4363385
yadI_predicted,0.0625,15,15,CATAGAGCATGCCAACGGAC,0,4288074
yadI_predicted,0.0625,15,15,CAGTAGGCTGCGGTCCACTA,0,4300549
yadI_predicted,0.0625,15,15,CAGTAACTTCGGGAACTTTT,0,4355140
yadI_predicted,0.0625,15,15,CAGGTTTCAGTGCCGCAACT,0,4340313
yadI_predicted,0.0625,15,15,CAGGCCCTCGCAGTGCCAGA,0,4368593
yadI_predicted,0.0625,15,15,CAGGAGGTAATGGTGCAGTG,0,4300318
yadI_predicted,0.0625,15,15,CAGCTAATCACCACATTCTA,0,4340243
yadI_predicted,0.0625,15,15,CAGATTATATCTACACGAGT,0,4307384
yadI_predicted,0.0625,15,15,CAGACGGCAAAACTGTAACA,0,4325447
yadI_predicted,0.0625,15,15,CAGACCTTCCCGGACCGCCA,0,4363687
yadI_predicted,0.0625,15,15,CACTTCGCCAAGCTTGCGGT,0,4287260
yadI_predicted,0.0625,15,15,CACTCAGTGCCACGTAAGGG,0,4306282
yadI_predicted,0.0625,15,15,CACGATTTGAGCCCAGGACT,0,4311491
yadI_predicted,0.0625,15,15,CACCAGGTAGCTTATAAGAC,0,4320295
yadI_predicted,0.0625,15,15,CACAGTTTTTTTCTGTGGTC,0,4343037
yadI_predicted,0.0625,15,15,CACAGTGGTCTCTACCTCAG,0,4358891
yadI_predicted,0.0625,15,15,CAATTGATTGTTAGTACCGG,0,4342866
yadI_predicted,0.0625,15,15,CAAGGTACGGTCTATTTGTC,0,4344598
yadI_predicted,0.0625,15,15,CAAGCCACCATTTCCTGTGG,0,4344099
yadI_predicted,0.0625,15,15,CAAGACTAACTATTCGATAT,0,4331400
yadI_predicted,0.0625,15,15,CAAGACGCACCTAGCGCTGC,0,4363223
yadI_predicted,0.0625,15,15,CAACTTCTGGGGATTACAAA,0,4332140
yadI_predicted,0.0625,15,15,CAACGTGCTCCGCGTGGAAT,0,4348933
yadI_predicted,0.0625,15,15,CAAATTTTGCTGCAGCCCCA,0,4346273
yadI_predicted,0.0625,15,15,CAAAGCATGTGGGGCGGTTA,0,4344388
yadI_predicted,0.0625,15,15,CAAACATCATCATCCAGCGG,0,4288726
yadI_predicted,0.0625,15,15,ATTTGTACGGGGTTTATCCT,0,4310962
yadI_predicted,0.0625,15,15,ATTGGGTGATCCAAGTCGGC,0,4304817
yadI_predicted,0.0625,15,15,ATTCTGTGGAACCCTGGATC,0,4321633
yadI_predicted,0.0625,15,15,ATTCGGTGTTAACAACACGT,0,4306038
yadI_predicted,0.0625,15,15,ATTCCGGACCCCTGGTTTTA,0,4348534
yadI_predicted,0.0625,15,15,ATTCATTGTGGGTTGTGTGA,0,4290052
yadI_predicted,0.0625,15,15,ATTATACGCTGGATAGCCGT,0,4348222
yadI_predicted,0.0625,15,15,ATTAAGGGGTAGGACATCGA,0,4359783
yadI_predicted,0.0625,15,15,ATGGTCAAGGTGAGTAACAA,0,4326399
yadI_predicted,0.0625,15,15,ATGGGTGGATGCAATTTCAA,0,4305324
yadI_predicted,0.0625,15,15,ATGGCGATATCAGACGTGTT,0,4354261
yadI_predicted,0.0625,15,15,ATGGAGATGAACCCCTCCAC,0,4306736
yadI_predicted,0.0625,15,15,ATGCTTTCCCAGGGTACAGA,0,4295361
yadI_predicted,0.0625,15,15,ATGCTCATCGGTTGTGGTTG,0,4295466
yadI_predicted,0.0625,15,15,ATGCAATGATTGGAGGCGTG,0,4338984
yadI_predicted,0.0625,15,15,ATGAGGTAACTGGTACCCAG,0,4326176
yadI_predicted,0.0625,15,15,ATGAGACCCGGATTAGATGA,0,4314181
yadI_predicted,0.0625,15,15,ATGAAATGCCTACCGTAGCC,0,4368268
yadI_predicted,0.0625,15,15,ATCTCTCTGCCTAACGAGAT,0,4360637
yadI_predicted,0.0625,15,15,ATCTCTACATACTCATTGGA,0,4296680
yadI_predicted,0.0625,15,15,ATCTCGACTGGGTGCCCTCC,0,4358407
yadI_predicted,0.0625,15,15,ATCTACGCCCCCACGAGGAG,0,4368341
yadI_predicted,0.0625,15,15,ATCGTGCTAAGCTATCAGTA,0,4340807
yadI_predicted,0.0625,15,15,ATCCATAGGAGGTGGCAAAA,0,4340361
yadI_predicted,0.0625,15,15,ATCCAAGCTAAATAAGTGCG,0,4314775
yadI_predicted,0.0625,15,15,ATCATTTTGTTGCGGTCTCT,0,4311965
yadI_predicted,0.0625,15,15,ATCATCCTCTAAACCGATAA,0,4360013
yadI_predicted,0.0625,15,15,ATCACGTTCGTTCGTCCCAG,0,4309060
yadI_predicted,0.0625,15,15,ATATTCGTCCGCCCTCCGTA,0,4318118
yadI_predicted,0.0625,15,15,ATATGGTTCCAGTGAAGCAA,0,4363732
yadI_predicted,0.0625,15,15,ATATCGGTCCAACCCCTGTG,0,4323222
yadI_predicted,0.0625,15,15,ATATCATCCCCCGAAAGCAG,0,4365121
yadI_predicted,0.0625,15,15,ATAGAGGTCCCAGCCAAGAA,0,4319484
yadI_predicted,0.0625,15,15,ATAGACCTGGGGATCCAAAG,0,4366216
yadI_predicted,0.0625,15,15,ATACATGACTTTTATATGTT,0,4285986
yadI_predicted,0.0625,15,15,ATAAGCCTTCTCTTCGTGTC,0,4351116
yadI_predicted,0.0625,15,15,AGTTTGAATGCTAATTAAAC,0,4325865
yadI_predicted,0.0625,15,15,AGTTTCCTCATATACATACT,0,4354724
yadI_predicted,0.0625,15,15,AGTTTAGACAGGTCCAGGAA,0,4285344
yadI_predicted,0.0625,15,15,AGTTGAGCGAGGGTCCCATA,0,4342125
yadI_predicted,0.0625,15,15,AGTGATAATAACTGGGGTAG,0,4337285
yadI_predicted,0.0625,15,15,AGTCCAGACCCGGTATGCAA,0,4313863
yadI_predicted,0.0625,15,15,AGTCCACGGTACCCGCGTCG,0,4326993
yadI_predicted,0.0625,15,15,AGTACGGCCTCGAGACGTCC,0,4368435
yadI_predicted,0.0625,15,15,AGGGTGGGACCTATAGAGCC,0,4343880
yadI_predicted,0.0625,15,15,AGGCGTCCTTTTATACAGGT,0,4304039
yadI_predicted,0.0625,15,15,AGGCCTTTTAAGATAAACTC,0,4326872
yadI_predicted,0.0625,15,15,AGGCCGGGTACTAGATTAGA,0,4313917
yadI_predicted,0.0625,15,15,AGGCCATAGAGACACACTCT,0,4342236
yadI_predicted,0.0625,15,15,AGGCACGATTAAATGGCATA,0,4286821
yadI_predicted,0.0625,15,15,AGGATTAAAAGGGCGCTTAA,0,4285010
yadI_predicted,0.0625,15,15,AGGAAGATTCATTGTGTGCT,0,4305242
yadI_predicted,0.0625,15,15,AGCGTGCAGATTACCAGAAA,0,4361467
yadI_predicted,0.0625,15,15,AGCGTATTCCGTCCCTGGAT,0,4361203
yadI_predicted,0.0625,15,15,AGCGCCTTCACCAGGAACTT,0,4320380
yadI_predicted,0.0625,15,15,AGCGCCCTCATTGTAAGAAT,0,4319282
yadI_predicted,0.0625,15,15,AGCGCCCAGGCGCCCGGGCT,0,4328800
yadI_predicted,0.0625,15,15,AGCCATGTCTTATTTCATGT,0,4363953
yadI_predicted,0.0625,15,15,AGCAGAGAAAAGTGGGGGCG,0,4318847
yadI_predicted,0.0625,15,15,AGCACCAAATATGGGGCATT,0,4321949
yadI_predicted,0.0625,15,15,AGATGTGCTATTCCACCTGC,0,4340575
yadI_predicted,0.0625,15,15,AGATGCAGAATTCATTTTAC,0,4359963
yadI_predicted,0.0625,15,15,AGATAAGGGATGCCCCTCCC,0,4308128
yadI_predicted,0.0625,15,15,AGAGCTGCAGTGCCACTTGT,0,4291202
yadI_predicted,0.0625,15,15,AGACCTTAGCAGGAGAGCTG,0,4316304
yadI_predicted,0.0625,15,15,AGAATACCGGCTTTGTCGTA,0,4313922
yadI_predicted,0.0625,15,15,AGAAACAAAAACATTCTTAA,0,4320472
yadI_predicted,0.0625,15,15,ACTTGTGGCACTACTGCCGT,0,4310030
yadI_predicted,0.0625,15,15,ACTGTCACTCACGTGCGAAA,0,4338260
yadI_predicted,0.0625,15,15,ACTGGGTAAAGTTCGTGCAT,0,4296315
yadI_predicted,0.0625,15,15,ACTGGGGGATAGGAGGGGCA,0,4342303
yadI_predicted,0.0625,15,15,ACTGGGATTTAAATGATCAG,0,4306991
yadI_predicted,0.0625,15,15,ACTGCGAATGGATTGTACGG,0,4351395
yadI_predicted,0.0625,15,15,ACTATTGGTAGGAGCCTGTG,0,4321982
yadI_predicted,0.0625,15,15,ACGTCAGACATAATGAACGG,0,4366614
yadI_predicted,0.0625,15,15,ACGTAAATCTCGGGCCGCGT,0,4352295
yadI_predicted,0.0625,15,15,ACGGTTGCATCTAGCGGGGG,0,4353118
yadI_predicted,0.0625,15,15,ACGGAGGCACGCAAGTGAGA,0,4334210
yadI_predicted,0.0625,15,15,ACGCCGGGCACCACGTATAG,0,4293123
yadI_predicted,0.0625,15,15,ACGAGATTACATTTAGCATG,0,4348269
yadI_predicted,0.0625,15,15,ACGAAATGCTTAGTATCTAT,0,4308941
yadI_predicted,0.0625,15,15,ACCTTACAGGCGGTAAGCAG,0,4292159
yadI_predicted,0.0625,15,15,ACCTCCATAACCAAAGAGTC,0,4320638
yadI_predicted,0.0625,15,15,ACCGTGGGTCGTCACCCCCG,0,4351456
yadI_predicted,0.0625,15,15,ACCGTATTAAAGAAGGCCTT,0,4333948
yadI_predicted,0.0625,15,15,ACCGCATTCCACCTGCGAGG,0,4360434
yadI_predicted,0.0625,15,15,ACCGATTGTTCGGGCGTGAA,0,4348829
yadI_predicted,0.0625,15,15,ACCCGTTAGCGGTCATGCAT,0,4320219
yadI_predicted,0.0625,15,15,ACCCATTTACCAACTGTTAG,0,4299983
yadI_predicted,0.0625,15,15,ACCATCCGTCATCTTATTCC,0,4324131
yadI_predicted,0.0625,15,15,ACATGTTGTTGTAATCCGTT,0,4330469
yadI_predicted,0.0625,15,15,ACATCGCTGTGGGAAATTAC,0,4311500
yadI_predicted,0.0625,15,15,ACAGTGTTTACCGACAGCAG,0,4369338
yadI_predicted,0.0625,15,15,ACAGGCTGTCCTAACGCGAA,0,4308428
yadI_predicted,0.0625,15,15,ACAGGCATGGAATCTGGTGA,0,4310179
yadI_predicted,0.0625,15,15,ACAGGCAAAAAGGCAAAACA,0,4355690
yadI_predicted,0.0625,15,15,ACAATGTCGGTACCATACAA,0,4288763
yadI_predicted,0.0625,15,15,ACAATCTTACTGCTCGTAGG,0,4305297
yadI_predicted,0.0625,15,15,ACAATAGACCGGATTTGCGT,0,4294603
yadI_predicted,0.0625,15,15,ACAACGGCCTGTAATCTTGC,0,4342853
yadI_predicted,0.0625,15,15,ACAACATATCGCTGAGCGGG,0,4320150
yadI_predicted,0.0625,15,15,AATTGATCGAACCCCGCCCT,0,4362827
yadI_predicted,0.0625,15,15,AATGCCCTGTAAGAGGCGTA,0,4335835
yadI_predicted,0.0625,15,15,AATCTATTGCGCCAAGCGCC,0,4357654
yadI_predicted,0.0625,15,15,AATCAGATGGATATTGCCAA,0,4334381
yadI_predicted,0.0625,15,15,AAGTGCAGTTAGAACATGTC,0,4321437
yadI_predicted,0.0625,15,15,AAGTCGGTTCTTCGGGCCAC,0,4289173
yadI_predicted,0.0625,15,15,AAGTCCCAGGGTTGTAATAA,0,4315855
yadI_predicted,0.0625,15,15,AAGTAAACCCTTTGTTACGC,0,4325990
yadI_predicted,0.0625,15,15,AAGGGCAACCTGACCTAGAA,0,4366532
yadI_predicted,0.0625,15,15,AAGGAAAATGAAGGGCGGCA,0,4315340
yadI_predicted,0.0625,15,15,AACTGAGAGGGATCATTTGC,0,4337377
yadI_predicted,0.0625,15,15,AACTCATCTCTGTTGAACAG,0,4307717
yadI_predicted,0.0625,15,15,AACTCATAGTTCCTCCTGGC,0,4303507
yadI_predicted,0.0625,15,15,AACGTTGGTCATGTCCATGA,0,4300702
yadI_predicted,0.0625,15,15,AACGCCTAGGTTGTTTTAGA,0,4366070
yadI_predicted,0.0625,15,15,AACGCATTTGACTGCACCCT,0,4345188
yadI_predicted,0.0625,15,15,AACCTTTGAGTCCGCAGGCA,0,4319851
yadI_predicted,0.0625,15,15,AACATAACTACTCTCCGGCA,0,4349630
yadI_predicted,0.0625,15,15,AACAGGGACCGGCGTTCCGA,0,4349015
yadI_predicted,0.0625,15,15,AAATGGGCGTATCCACTACT,0,4369637
yadI_predicted,0.0625,15,15,AAATCCCGACGGGCAGAGAT,0,4359160
yadI_predicted,0.0625,15,15,AAATAATCGGCCTATTTACA,0,4316229
yadI_predicted,0.0625,15,15,AAACGGATCTGCGCTTGCGA,0,4331010
yadI_predicted,0.0625,15,15,AAACCGGAGGATGCAGCTAA,0,4313635
yadI_predicted,0.0625,15,15,AAACAGCGGCCAAGACCGCT,0,4331904
yadI_predicted,0.0625,15,15,AAAACTGACGCCGTCCCGGT,0,4345232
yadI_predicted,0.06666666666666667,14,14,TTTTTATATGTCGGTACATG,0,4322956
yadI_predicted,0.06666666666666667,14,14,TTTTCAGCCCGTTCGTGCAT,0,4307166
yadI_predicted,0.06666666666666667,14,14,TTTTATTGGGTCTTGAGCTT,0,4347979
yadI_predicted,0.06666666666666667,14,14,TTTGTTAGCGCATAAAGTGG,0,4332546
yadI_predicted,0.06666666666666667,14,14,TTTGTTAAAGTGCGGTTTGT,0,4358621
yadI_predicted,0.06666666666666667,14,14,TTTGGCTCTGCACCTTGTCA,0,4307915
yadI_predicted,0.06666666666666667,14,14,TTTGAATGACTGTAACAAAC,0,4291929
yadI_predicted,0.06666666666666667,14,14,TTTAGGGCATGGAACAACTA,0,4284377
yadI_predicted,0.06666666666666667,14,14,TTGTGATACGTGGGCTACAC,0,4348315
yadI_predicted,0.06666666666666667,14,14,TTGTCTGTAGCCAAAGGCGC,0,4353339
yadI_predicted,0.06666666666666667,14,14,TTGTATGCTTTGCAATCTCA,0,4368025
yadI_predicted,0.06666666666666667,14,14,TTGTAGCACGGAGACGAGAA,0,4347613
yadI_predicted,0.06666666666666667,14,14,TTGGTATATCTTGGTGTTCG,0,4311706
yadI_predicted,0.06666666666666667,14,14,TTGGGGCATAAGCATTCCGT,0,4290413
yadI_predicted,0.06666666666666667,14,14,TTGGCTCGGGAAGGCGTCAT,0,4305112
yadI_predicted,0.06666666666666667,14,14,TTGCATCTAATAGAGGTTAA,0,4344657
yadI_predicted,0.06666666666666667,14,14,TTGCAGGGGTTGGTGACAAG,0,4360306
yadI_predicted,0.06666666666666667,14,14,TTGATGCTAACAGAGCGTGC,0,4364449
yadI_predicted,0.06666666666666667,14,14,TTGAATCATAGTCGGTAGGA,0,4363723
yadI_predicted,0.06666666666666667,14,14,TTCTTTTTGCCCTGACCAAT,0,4351891
yadI_predicted,0.06666666666666667,14,14,TTCTGGTAAGTTAGCGCGAT,0,4310519
yadI_predicted,0.06666666666666667,14,14,TTCTGACGGCCTTTTGGTTG,0,4364328
yadI_predicted,0.06666666666666667,14,14,TTCTCATCGTCATATCAATA,0,4364815
yadI_predicted,0.06666666666666667,14,14,TTCGTGTGACTCTAGGGCTA,0,4344441
yadI_predicted,0.06666666666666667,14,14,TTCGTCACTCTGGGGCCGAA,0,4342244
yadI_predicted,0.06666666666666667,14,14,TTCGACAGAATATGAAGTAG,0,4343791
yadI_predicted,0.06666666666666667,14,14,TTCCTGGTTGCCCGTCGGGG,0,4347655
yadI_predicted,0.06666666666666667,14,14,TTCCTAGGAGAACGTAGGTG,0,4343361
yadI_predicted,0.06666666666666667,14,14,TTCCACTGATCGCATGTGAA,0,4299481
yadI_predicted,0.06666666666666667,14,14,TTCCAAGAATCATACGAGCT,0,4349282
yadI_predicted,0.06666666666666667,14,14,TTCATCTGCACTTGCCGGGG,0,4300733
yadI_predicted,0.06666666666666667,14,14,TTCACTTATGGCAGCCTGTC,0,4348384
yadI_predicted,0.06666666666666667,14,14,TTATGTCAAATGATTTAATT,0,4365014
yadI_predicted,0.06666666666666667,14,14,TTATGCCGTAGCCTCCCTTG,0,4363892
yadI_predicted,0.06666666666666667,14,14,TTATGCCCTCTTAGTTGCCC,0,4344183
yadI_predicted,0.06666666666666667,14,14,TTAGTATTCAATAGCCGCGA,0,4324421
yadI_predicted,0.06666666666666667,14,14,TTAGGTCTTGGTCGAAGGCT,0,4296818
yadI_predicted,0.06666666666666667,14,14,TTACAACGCGTAAGCCGTAC,0,4347007
yadI_predicted,0.06666666666666667,14,14,TTAAGAGATTTCATTTAGGA,0,4300523
yadI_predicted,0.06666666666666667,14,14,TGTTCGATACGACCGGAGGG,0,4336376
yadI_predicted,0.06666666666666667,14,14,TGTTCCAACATAATCTTATG,0,4327551
yadI_predicted,0.06666666666666667,14,14,TGTTACTGAAAATGAGTTCT,0,4346886
yadI_predicted,0.06666666666666667,14,14,TGTCTTACTCCTAGTAGACC,0,4366191
yadI_predicted,0.06666666666666667,14,14,TGTCCGCGCCATAAGGATAC,0,4339456
yadI_predicted,0.06666666666666667,14,14,TGTCCACATTATCCGTTTGA,0,4323425
yadI_predicted,0.06666666666666667,14,14,TGTATCTGAAGAACGCCGCT,0,4312601
yadI_predicted,0.06666666666666667,14,14,TGTACTCACCTTGGGAGCCT,0,4340245
yadI_predicted,0.06666666666666667,14,14,TGTACCCCAACCTGTTAGGC,0,4342689
yadI_predicted,0.06666666666666667,14,14,TGTAATAGGGCGGGCAGATT,0,4348264
yadI_predicted,0.06666666666666667,14,14,TGTAACGTAAGGGAGAAATT,0,4299610
yadI_predicted,0.06666666666666667,14,14,TGGTCTTCGGGGAGAAAGAC,0,4324222
yadI_predicted,0.06666666666666667,14,14,TGGTATCCAGGTATCCCTTT,0,4367156
yadI_predicted,0.06666666666666667,14,14,TGGTAGTCCATCTGGTAATT,0,4342810
yadI_predicted,0.06666666666666667,14,14,TGGTACCAGTTCCGTTCCAC,0,4319948
yadI_predicted,0.06666666666666667,14,14,TGGTAAGAATATCGGCTCAG,0,4352153
yadI_predicted,0.06666666666666667,14,14,TGGGTTCTTCACGCTCGGCC,0,4323816
yadI_predicted,0.06666666666666667,14,14,TGGGTCGTGTACGAGTTAAA,0,4356353
yadI_predicted,0.06666666666666667,14,14,TGGGGCGTATGCTGGGGACT,0,4300610
yadI_predicted,0.06666666666666667,14,14,TGGGGCCGGAGCCCGATCCC,0,4357640
yadI_predicted,0.06666666666666667,14,14,TGGCGAGGCAGGCACAAGTA,0,4329833
yadI_predicted,0.06666666666666667,14,14,TGGCAGTTGTGATCCTCGTA,0,4347258
yadI_predicted,0.06666666666666667,14,14,TGGCAGGGTACAGCATTTGC,0,4352162
yadI_predicted,0.06666666666666667,14,14,TGGACCATGCAGCGTGGGGT,0,4325099
yadI_predicted,0.06666666666666667,14,14,TGGAAGTAATGGAAAAGGTG,0,4352287
yadI_predicted,0.06666666666666667,14,14,TGCTTAGGAACACGAACCCC,0,4318816
yadI_predicted,0.06666666666666667,14,14,TGCTCTACTTACAGCATAGG,0,4332950
yadI_predicted,0.06666666666666667,14,14,TGCTCCGCAATTGAATAGGT,0,4298011
yadI_predicted,0.06666666666666667,14,14,TGCTAGAGATTGTTGGAGCT,0,4335265
yadI_predicted,0.06666666666666667,14,14,TGCTAAATCACGGATGCCAT,0,4336413
yadI_predicted,0.06666666666666667,14,14,TGCGTTGTTTTCTAGCAGCG,0,4333557
yadI_predicted,0.06666666666666667,14,14,TGCGTATTCTAGCTGTAAAA,0,4366206
yadI_predicted,0.06666666666666667,14,14,TGCCTGGGGAGGTGCACCAC,0,4337399
yadI_predicted,0.06666666666666667,14,14,TGCCGGCCGCGTGATTTGCA,0,4307579
yadI_predicted,0.06666666666666667,14,14,TGCCCGTGGTACACGTAGCT,0,4339161
yadI_predicted,0.06666666666666667,14,14,TGCCAGAAATAAGAATCGAT,0,4317065
yadI_predicted,0.06666666666666667,14,14,TGCATCGGCTGCCAGGTCAT,0,4326691
yadI_predicted,0.06666666666666667,14,14,TGCAGCCCACCTTTTTATTC,0,4323112
yadI_predicted,0.06666666666666667,14,14,TGCACCATTCGATTCAACGC,0,4321932
yadI_predicted,0.06666666666666667,14,14,TGCAAAGGTGTTGCGTCCAT,0,4310820
yadI_predicted,0.06666666666666667,14,14,TGATTGCTACCCCCAATTCA,0,4351843
yadI_predicted,0.06666666666666667,14,14,TGATATCGATTTTTAACGGA,0,4358544
yadI_predicted,0.06666666666666667,14,14,TGAGTGGCCTGACGCATTGG,0,4308151
yadI_predicted,0.06666666666666667,14,14,TGAGATGTCGGCTGTAGGGA,0,4305706
yadI_predicted,0.06666666666666667,14,14,TGACTCAGAGGGGTCGATGA,0,4325193
yadI_predicted,0.06666666666666667,14,14,TGAATTTGGCCTTCAATCAC,0,4361753
yadI_predicted,0.06666666666666667,14,14,TGAAGGGTAAACTAACTTAT,0,4335739
yadI_predicted,0.06666666666666667,14,14,TGAAACACCGGTTGGCACGG,0,4300547
yadI_predicted,0.06666666666666667,14,14,TCTTGGGTACGGGGCGGTAT,0,4298309
yadI_predicted,0.06666666666666667,14,14,TCTTCTGCATTCTCACAAGG,0,4292545
yadI_predicted,0.06666666666666667,14,14,TCTGTCAGCATAGTTGAAAC,0,4340193
yadI_predicted,0.06666666666666667,14,14,TCTGTAGAGCCGTCTGTAAT,0,4316047
yadI_predicted,0.06666666666666667,14,14,TCTGGCCGTGTGTACAGTAA,0,4352634
yadI_predicted,0.06666666666666667,14,14,TCTGACGTAGTGCTTGGGTA,0,4295364
yadI_predicted,0.06666666666666667,14,14,TCTCACTCGTCTTGCATTTA,0,4335418
yadI_predicted,0.06666666666666667,14,14,TCTCACTCGAAGAGCAAAGA,0,4340875
yadI_predicted,0.06666666666666667,14,14,TCTACTACGGCAGCGCTCGT,0,4357343
yadI_predicted,0.06666666666666667,14,14,TCGTGGTGGCACAGAGGGAA,0,4369882
yadI_predicted,0.06666666666666667,14,14,TCGTGGCGGACTAGGTGCGA,0,4356783
yadI_predicted,0.06666666666666667,14,14,TCGTCCGTGATTGGCACCGT,0,4324835
yadI_predicted,0.06666666666666667,14,14,TCGTCCATAGTCCATTGGTG,0,4338283
yadI_predicted,0.06666666666666667,14,14,TCGTCCACATTCTATTATAG,0,4320897
yadI_predicted,0.06666666666666667,14,14,TCGGTACCATCCTGACGTGG,0,4295570
yadI_predicted,0.06666666666666667,14,14,TCGAATCTAGCGATCCCTTG,0,4362413
yadI_predicted,0.06666666666666667,14,14,TCCTGTATCTAGTTGGCCGC,0,4354205
yadI_predicted,0.06666666666666667,14,14,TCCTCTTAAACTGGTACGTC,0,4350830
yadI_predicted,0.06666666666666667,14,14,TCCTCGCTTTTGCTAACGCA,0,4299425
yadI_predicted,0.06666666666666667,14,14,TCCGTTCCAAGAAAGCCCAG,0,4343481
yadI_predicted,0.06666666666666667,14,14,TCCGAAATAACCCGCGCCAA,0,4362207
yadI_predicted,0.06666666666666667,14,14,TCCCTCCGACGCCACTAGGA,0,4349011
yadI_predicted,0.06666666666666667,14,14,TCCATGTCACGATTCAACAT,0,4318369
yadI_predicted,0.06666666666666667,14,14,TCCAGTTTAACTAGACGCCG,0,4286618
yadI_predicted,0.06666666666666667,14,14,TCCAGTACAGACATAGAACA,0,4296282
yadI_predicted,0.06666666666666667,14,14,TCCACTCTCAGGAGTGTACA,0,4296789
yadI_predicted,0.06666666666666667,14,14,TCCACAATATTCACTATTCA,0,4321213
yadI_predicted,0.06666666666666667,14,14,TCCAATATCCCCTTTGTCCA,0,4353969
yadI_predicted,0.06666666666666667,14,14,TCCAACACGGGACTGATTTG,0,4332326
yadI_predicted,0.06666666666666667,14,14,TCCAAATTCGGGGAATTTGA,0,4350864
yadI_predicted,0.06666666666666667,14,14,TCCAAATATGTGGTATACGT,0,4290503
yadI_predicted,0.06666666666666667,14,14,TCATTAGTGCTTTGTCAATT,0,4333883
yadI_predicted,0.06666666666666667,14,14,TCATGGTGGCAGTCTATGAA,0,4295899
yadI_predicted,0.06666666666666667,14,14,TCAGTTGGGCCAAGAAAGAA,0,4320782
yadI_predicted,0.06666666666666667,14,14,TCAGGAAGTCCGTTACTAAG,0,4354986
yadI_predicted,0.06666666666666667,14,14,TCAGCACGGTCATGAGTCCC,0,4311676
yadI_predicted,0.06666666666666667,14,14,TCACTGAACGGCAGTAAACG,0,4292083
yadI_predicted,0.06666666666666667,14,14,TCACCTGAGAGCATAACACA,0,4312212
yadI_predicted,0.06666666666666667,14,14,TCACCTATGAATGTCGGTCC,0,4324984
yadI_predicted,0.06666666666666667,14,14,TCAATGTGCACCACACAGCT,0,4368643
yadI_predicted,0.06666666666666667,14,14,TCAAGGTCCCCCGGATGCAA,0,4301890
yadI_predicted,0.06666666666666667,14,14,TCAACACGAGGGTAGGTACC,0,4318034
yadI_predicted,0.06666666666666667,14,14,TCAAAGGGAACGGCCACGTA,0,4310506
yadI_predicted,0.06666666666666667,14,14,TATTTGAGGAGAGCCCCTTC,0,4349328
yadI_predicted,0.06666666666666667,14,14,TATTGATCGCTCCTGCACGT,0,4317012
yadI_predicted,0.06666666666666667,14,14,TATTAGTAACACGCAGCACT,0,4317658
yadI_predicted,0.06666666666666667,14,14,TATGTGGCGGTGCGCGAGAT,0,4332150
yadI_predicted,0.06666666666666667,14,14,TATGGTTCCCCTCATGATTG,0,4299122
yadI_predicted,0.06666666666666667,14,14,TATGGAGGAAATCGTGGCCT,0,4340696
yadI_predicted,0.06666666666666667,14,14,TATCTTGAGCATAATCGGCA,0,4304265
yadI_predicted,0.06666666666666667,14,14,TATCTAGGAACGTAAACTGT,0,4338342
yadI_predicted,0.06666666666666667,14,14,TATCCCGCGATCCAATTCTC,0,4347234
yadI_predicted,0.06666666666666667,14,14,TATACGGCTGGACTGTGAGG,0,4300049
yadI_predicted,0.06666666666666667,14,14,TATACACTGCACAATCTGCG,0,4324005
yadI_predicted,0.06666666666666667,14,14,TATAAAGTCCGCGGAATGGA,0,4358934
yadI_predicted,0.06666666666666667,14,14,TAGTCTCCTTATTTGGCCAC,0,4319644
yadI_predicted,0.06666666666666667,14,14,TAGGTGGGATGTCGAAACAT,0,4324332
yadI_predicted,0.06666666666666667,14,14,TAGGCCTGCGTCAAGCGGCA,0,4293004
yadI_predicted,0.06666666666666667,14,14,TAGGAGCTCCGGTCCCCTTT,0,4357731
yadI_predicted,0.06666666666666667,14,14,TAGCGATTAATTGCCAGACA,0,4337114
yadI_predicted,0.06666666666666667,14,14,TAGCAGACAGACAATGCCCT,0,4320156
yadI_predicted,0.06666666666666667,14,14,TAGCAATTGAGCAAGAAGGT,0,4356955
yadI_predicted,0.06666666666666667,14,14,TAGATTCGTTTAAAATCTAT,0,4366410
yadI_predicted,0.06666666666666667,14,14,TAGAGTATGTTCCGAACCCT,0,4364773
yadI_predicted,0.06666666666666667,14,14,TACTTGTAAAACACGCTCTC,0,4292752
yadI_predicted,0.06666666666666667,14,14,TACTTAATCGTGCAGCATTC,0,4349247
yadI_predicted,0.06666666666666667,14,14,TACTCTTCCCCGTAGTTTGA,0,4320706
yadI_predicted,0.06666666666666667,14,14,TACGTACATCGGTCATGGAT,0,4300648
yadI_predicted,0.06666666666666667,14,14,TACGGTGTATGAATCCCTTA,0,4349996
yadI_predicted,0.06666666666666667,14,14,TACCGAAGATGTTGCGCCAA,0,4323480
yadI_predicted,0.06666666666666667,14,14,TACCACGCCGGGATCTCCGC,0,4322453
yadI_predicted,0.06666666666666667,14,14,TACCACCGCCGAGATATTGG,0,4307969
yadI_predicted,0.06666666666666667,14,14,TACAATGAATCATGCCCTTA,0,4343441
yadI_predicted,0.06666666666666667,14,14,TACAAATATATAAGCGTGTG,0,4292348
yadI_predicted,0.06666666666666667,14,14,TAATGCCAACGAACCTGGGA,0,4332785
yadI_predicted,0.06666666666666667,14,14,TAATCTATACGCTTATACGT,0,4306051
yadI_predicted,0.06666666666666667,14,14,TAATCCGTTACTAGATGCCC,0,4294906
yadI_predicted,0.06666666666666667,14,14,TAATACTTGGTGTTGATAGG,0,4348887
yadI_predicted,0.06666666666666667,14,14,TAAGTTGGGGACATGGGACG,0,4297764
yadI_predicted,0.06666666666666667,14,14,TAAGGCTCATCCATCAATGA,0,4347991
yadI_predicted,0.06666666666666667,14,14,TAAGGCCCCGCTCAACTGGG,0,4353294
yadI_predicted,0.06666666666666667,14,14,TAAGCTCGCCGCTGGCAGGA,0,4309600
yadI_predicted,0.06666666666666667,14,14,TAAGCCGAACAGGGCTATTC,0,4323445
yadI_predicted,0.06666666666666667,14,14,TAACCACGCTTGCGGTTTCT,0,4352676
yadI_predicted,0.06666666666666667,14,14,TAACAAGAATCCGTACACAC,0,4357115
yadI_predicted,0.06666666666666667,14,14,TAAACCATTGGCCCAGGAGT,0,4340698
yadI_predicted,0.06666666666666667,14,14,TAAAATGCTCTTAGATGGGT,0,4347730
yadI_predicted,0.06666666666666667,14,14,TAAAAAACGGCTTGCTGTTC,0,4298041
yadI_predicted,0.06666666666666667,14,14,GTTTCTAGGAGGGGCTGTCC,0,4301128
yadI_predicted,0.06666666666666667,14,14,GTTTACGGCTGGCTCATTCG,0,4369213
yadI_predicted,0.06666666666666667,14,14,GTTGTGATCGGGTTGGAGCA,0,4324771
yadI_predicted,0.06666666666666667,14,14,GTTCTTCGAAAGGGAAATGT,0,4285797
yadI_predicted,0.06666666666666667,14,14,GTTATTCACCCTGGTCCGTA,0,4316775
yadI_predicted,0.06666666666666667,14,14,GTTACATGAACACGGACGCT,0,4342009
yadI_predicted,0.06666666666666667,14,14,GTGTTTACTGTATCTGGCCT,0,4286713
yadI_predicted,0.06666666666666667,14,14,GTGTAAGCACTCATTATCAC,0,4348756
yadI_predicted,0.06666666666666667,14,14,GTGGGGTTGACTACAAAAAC,0,4327851
yadI_predicted,0.06666666666666667,14,14,GTGGGGATTTACTGGAGCGT,0,4369653
yadI_predicted,0.06666666666666667,14,14,GTGCGGCGATCATCGCCAGG,0,4333801
yadI_predicted,0.06666666666666667,14,14,GTGCAACGCAGGGGTCCGCA,0,4365288
yadI_predicted,0.06666666666666667,14,14,GTCTTTCGGAGCTGGGCATA,0,4366855
yadI_predicted,0.06666666666666667,14,14,GTCTTGGTGTGCCGCGTCGC,0,4341114
yadI_predicted,0.06666666666666667,14,14,GTCTTATACCATCATCCGTT,0,4361920
yadI_predicted,0.06666666666666667,14,14,GTCGTTACGATCGACCGCTA,0,4353875
yadI_predicted,0.06666666666666667,14,14,GTCGGCAGATACAAAGGGAG,0,4366567
yadI_predicted,0.06666666666666667,14,14,GTCCCGGGTCCAAAAACTAA,0,4330724
yadI_predicted,0.06666666666666667,14,14,GTCCCCATCGGCGCACAATG,0,4343679
yadI_predicted,0.06666666666666667,14,14,GTCATCGACCCTTTCACGCT,0,4355929
yadI_predicted,0.06666666666666667,14,14,GTCACCTCACACAAGTGTCC,0,4349612
yadI_predicted,0.06666666666666667,14,14,GTCAAAGAACTCTTAAGAAG,0,4342481
yadI_predicted,0.06666666666666667,14,14,GTATTGCGATTTGGAACCCT,0,4329685
yadI_predicted,0.06666666666666667,14,14,GTATTGCACAGGGAAAGTAC,0,4298750
yadI_predicted,0.06666666666666667,14,14,GTATGGAAAGGGGCCAACGT,0,4346536
yadI_predicted,0.06666666666666667,14,14,GTAGGTATATAAGGCTTTCG,0,4366123
yadI_predicted,0.06666666666666667,14,14,GTAGGCCCGTTCTTGAGCTC,0,4350296
yadI_predicted,0.06666666666666667,14,14,GTACTTTAAAGGGATAACAA,0,4297206
yadI_predicted,0.06666666666666667,14,14,GTACAGGTCTCGACCATTTT,0,4355114
yadI_predicted,0.06666666666666667,14,14,GTAACGGCGTAAGTCTTGTC,0,4291984
yadI_predicted,0.06666666666666667,14,14,GTAACGCAGATGCGTGATAC,0,4311305
yadI_predicted,0.06666666666666667,14,14,GGTTTTAGTCCGTGCCAGTG,0,4347158
yadI_predicted,0.06666666666666667,14,14,GGTTTGTCGATTTATCTTGC,0,4296987
yadI_predicted,0.06666666666666667,14,14,GGTTTCAAATCCCTGCTATG,0,4316612
yadI_predicted,0.06666666666666667,14,14,GGTTTATGCTAGGAGACTTT,0,4302095
yadI_predicted,0.06666666666666667,14,14,GGTTCAGTATGCAATCAACT,0,4365649
yadI_predicted,0.06666666666666667,14,14,GGTTCACGCCTGTATCTAAA,0,4360316
yadI_predicted,0.06666666666666667,14,14,GGTTAAGAAGTCCAGTTGGG,0,4323886
yadI_predicted,0.06666666666666667,14,14,GGTGTGGCGAAGTGGTTGCA,0,4312756
yadI_predicted,0.06666666666666667,14,14,GGTGTACTGAGCGCGCTGTA,0,4321069
yadI_predicted,0.06666666666666667,14,14,GGTCGTTTTGAGGCCCTAGA,0,4343439
yadI_predicted,0.06666666666666667,14,14,GGTCGCTGCATCGAGGTAAT,0,4309022
yadI_predicted,0.06666666666666667,14,14,GGTCCCTATGGAATTGCATT,0,4334480
yadI_predicted,0.06666666666666667,14,14,GGTACATCATATGACTCTAG,0,4317393
yadI_predicted,0.06666666666666667,14,14,GGGTTTGGCCGAATCTATAT,0,4357219
yadI_predicted,0.06666666666666667,14,14,GGGTTTCTAACGTCTTTTGA,0,4367826
yadI_predicted,0.06666666666666667,14,14,GGGTGCGCTGCGCGAAAAAG,0,4318554
yadI_predicted,0.06666666666666667,14,14,GGGTCGTCGTTACTGGCAGG,0,4320703
yadI_predicted,0.06666666666666667,14,14,GGGTCCTATTATCCAACAAA,0,4357536
yadI_predicted,0.06666666666666667,14,14,GGGGGGGTCTCCAGGAGGAT,0,4331270
yadI_predicted,0.06666666666666667,14,14,GGGCTTCGCAAACAGTTTGC,0,4316905
yadI_predicted,0.06666666666666667,14,14,GGGCAATCCCTATGACACTG,0,4286351
yadI_predicted,0.06666666666666667,14,14,GGGATCAAATCGCCCTGTAT,0,4304122
yadI_predicted,0.06666666666666667,14,14,GGGAGGACGGGGGCCGAATT,0,4294640
yadI_predicted,0.06666666666666667,14,14,GGCGTTATTAATTAAAGACG,0,4349048
yadI_predicted,0.06666666666666667,14,14,GGCGGTAGTAAGAAAAAACT,0,4310848
yadI_predicted,0.06666666666666667,14,14,GGCGCCATTATTGCTAAATT,0,4360572
yadI_predicted,0.06666666666666667,14,14,GGCCCTCTACTAATGTCCCG,0,4342670
yadI_predicted,0.06666666666666667,14,14,GGCATGAGCCCTTTAGATTA,0,4351567
yadI_predicted,0.06666666666666667,14,14,GGCAGTTACGGCAAGCAATG,0,4318250
yadI_predicted,0.06666666666666667,14,14,GGATTATTGGTCTGTCCCTA,0,4298311
yadI_predicted,0.06666666666666667,14,14,GGATGCTGTTGCTCCGTTTG,0,4303939
yadI_predicted,0.06666666666666667,14,14,GGATCGCTTTTTTGTCATAC,0,4344536
yadI_predicted,0.06666666666666667,14,14,GGATCATGATGTATTCGTTT,0,4298043
yadI_predicted,0.06666666666666667,14,14,GGATATATCCCGGGACAGTT,0,4350422
yadI_predicted,0.06666666666666667,14,14,GGAGTGAATGCTCGTAATTA,0,4334474
yadI_predicted,0.06666666666666667,14,14,GGAGTCTGCTCCAATACGGG,0,4299357
yadI_predicted,0.06666666666666667,14,14,GGACCTTCTCTACCGACTTG,0,4301529
yadI_predicted,0.06666666666666667,14,14,GGAAGGTCACAGGTTATTAT,0,4319767
yadI_predicted,0.06666666666666667,14,14,GGAAGAGTGAGCAGTTTGTA,0,4361545
yadI_predicted,0.06666666666666667,14,14,GGAAATAGTGTCCCTCAACT,0,4307442
yadI_predicted,0.06666666666666667,14,14,GCTGTTCCAGGATCCGGTCA,0,4335911
yadI_predicted,0.06666666666666667,14,14,GCTGTACGAGGACGCTCGCT,0,4284680
yadI_predicted,0.06666666666666667,14,14,GCTGGGGGTGGCAGTGTGTA,0,4301139
yadI_predicted,0.06666666666666667,14,14,GCTGGAGGCGGGCGGGATGG,0,4294138
yadI_predicted,0.06666666666666667,14,14,GCTCCGTCTGGCCAGAGGAC,0,4322936
yadI_predicted,0.06666666666666667,14,14,GCTCATAAAATAAACAATAG,0,4357734
yadI_predicted,0.06666666666666667,14,14,GCTCAGTCATGGGTGCTTAG,0,4349148
yadI_predicted,0.06666666666666667,14,14,GCTCACCCATTCCGTATGGC,0,4360753
yadI_predicted,0.06666666666666667,14,14,GCTAGATCAATCCCCCTGAA,0,4311785
yadI_predicted,0.06666666666666667,14,14,GCTACGGATGTCCGGGGGTA,0,4343849
yadI_predicted,0.06666666666666667,14,14,GCGTTGATAATGGGAGATAG,0,4284995
yadI_predicted,0.06666666666666667,14,14,GCGTTGAGGCAAAGGTATTT,0,4352043
yadI_predicted,0.06666666666666667,14,14,GCGTCCTACGCCGACGCATA,0,4351211
yadI_predicted,0.06666666666666667,14,14,GCGTAGATCTCCTGTATGAG,0,4297134
yadI_predicted,0.06666666666666667,14,14,GCGGTCACACACGTAGGTTA,0,4330972
yadI_predicted,0.06666666666666667,14,14,GCGGGAGCGTTGTTCCCCCC,0,4341788
yadI_predicted,0.06666666666666667,14,14,GCGGCTTGCTTCAGGCCTGT,0,4328458
yadI_predicted,0.06666666666666667,14,14,GCGGAGCCGGGAGGCACCCC,0,4301642
yadI_predicted,0.06666666666666667,14,14,GCGCGGCCCTATTCACCGTT,0,4354998
yadI_predicted,0.06666666666666667,14,14,GCCTGGTGTGGTTCTTGGTG,0,4359688
yadI_predicted,0.06666666666666667,14,14,GCCTGAGAACTTACTTGTGA,0,4298310
yadI_predicted,0.06666666666666667,14,14,GCCTCGCGTAGCTAGGCCGA,0,4299576
yadI_predicted,0.06666666666666667,14,14,GCCGTAGCCAACGCTTTGAC,0,4314109
yadI_predicted,0.06666666666666667,14,14,GCCGCCTGAATGTAACGGAG,0,4351259
yadI_predicted,0.06666666666666667,14,14,GCCGAAGCTCGGTCTCGATA,0,4315622
yadI_predicted,0.06666666666666667,14,14,GCCCGCCGGCATGGCATACC,0,4315267
yadI_predicted,0.06666666666666667,14,14,GCCCATTTGGATGAAGCCCA,0,4358514
yadI_predicted,0.06666666666666667,14,14,GCCATCACTGCGCAGGGATT,0,4288824
yadI_predicted,0.06666666666666667,14,14,GCCACTCGTAAGAAGCCACA,0,4327409
yadI_predicted,0.06666666666666667,14,14,GCCAAAAGACGCAACAGGAA,0,4312164
yadI_predicted,0.06666666666666667,14,14,GCATGTGTTGTGGAGTTGCG,0,4326891
yadI_predicted,0.06666666666666667,14,14,GCAGTGGATGCATACTAGCA,0,4364416
yadI_predicted,0.06666666666666667,14,14,GCAGGTCAGCACTAGGTTTT,0,4305388
yadI_predicted,0.06666666666666667,14,14,GCACCTGTTCTAGATCCACA,0,4302117
yadI_predicted,0.06666666666666667,14,14,GATTGGTGTGAGGACACGTT,0,4291442
yadI_predicted,0.06666666666666667,14,14,GATTCAAACGAAGCTATTTG,0,4294317
yadI_predicted,0.06666666666666667,14,14,GATTAGCGAAGCCTATTAAG,0,4360552
yadI_predicted,0.06666666666666667,14,14,GATTAATTTCTTTTTCCGTC,0,4324072
yadI_predicted,0.06666666666666667,14,14,GATCTCGGTATATGTCCTTG,0,4296018
yadI_predicted,0.06666666666666667,14,14,GATCTAGCCTAAAGACCGTC,0,4345566
yadI_predicted,0.06666666666666667,14,14,GATCGCTTTAACGCACCTTT,0,4297195
yadI_predicted,0.06666666666666667,14,14,GATCATACGCTCTGCGTGCA,0,4294636
yadI_predicted,0.06666666666666667,14,14,GATCAGTATCTAAGACAAGA,0,4302956
yadI_predicted,0.06666666666666667,14,14,GATATCCGTGATCGAGGCAT,0,4294786
yadI_predicted,0.06666666666666667,14,14,GATAGACAAGAACCGACGAG,0,4312593
yadI_predicted,0.06666666666666667,14,14,GAGTTCCAAAGCCATTAGAA,0,4357512
yadI_predicted,0.06666666666666667,14,14,GAGTGATCTTCAAAACCAAT,0,4313662
yadI_predicted,0.06666666666666667,14,14,GAGGCTTGGAATGTGGGTGT,0,4329980
yadI_predicted,0.06666666666666667,14,14,GAGATCGGGTTAAGAATGCA,0,4359867
yadI_predicted,0.06666666666666667,14,14,GAGAAGTCGCTATTCACCAT,0,4340987
yadI_predicted,0.06666666666666667,14,14,GAGAACCAGGGGTAGCCGTG,0,4284993
yadI_predicted,0.06666666666666667,14,14,GACTGAGCGGTGGAGACGTA,0,4353235
yadI_predicted,0.06666666666666667,14,14,GACTCCGTTGGCGGTTTCTC,0,4304945
yadI_predicted,0.06666666666666667,14,14,GACTAGAGAGGAGCCAAGAA,0,4292810
yadI_predicted,0.06666666666666667,14,14,GACTACGTCCTCAAAACCCG,0,4322088
yadI_predicted,0.06666666666666667,14,14,GACGTCCACGCTCGTATCAT,0,4363462
yadI_predicted,0.06666666666666667,14,14,GACGAAGCGAATTTAGACCA,0,4363114
yadI_predicted,0.06666666666666667,14,14,GACCGTCTTACAAGTGAACC,0,4310896
yadI_predicted,0.06666666666666667,14,14,GACCGGTCGAGTCGGGGAAC,0,4284371
yadI_predicted,0.06666666666666667,14,14,GACCGCGGTAGGAATACTTA,0,4334537
yadI_predicted,0.06666666666666667,14,14,GACATCACGGGATGATAGAG,0,4353491
yadI_predicted,0.06666666666666667,14,14,GACAGATGCGTACAGATCCA,0,4298201
yadI_predicted,0.06666666666666667,14,14,GACAAGAGCATAGTTTTACA,0,4297518
yadI_predicted,0.06666666666666667,14,14,GAATTCCCCAACGAGTCCTA,0,4315895
yadI_predicted,0.06666666666666667,14,14,GAAGTACTTCATGACTGTCA,0,4333573
yadI_predicted,0.06666666666666667,14,14,GAAGGGTTGCTTGGCAAGGA,0,4336962
yadI_predicted,0.06666666666666667,14,14,GAAGCGCGTCTTGCTGAGAT,0,4294806
yadI_predicted,0.06666666666666667,14,14,GAAAAACTCAAATAGTGTGT,0,4313606
yadI_predicted,0.06666666666666667,14,14,CTTTGGTCCATAAGCGACTT,0,4303408
yadI_predicted,0.06666666666666667,14,14,CTTTCCTAGACTCTAGCGGG,0,4353421
yadI_predicted,0.06666666666666667,14,14,CTTGTGCGTCCTTGGTAAAG,0,4329943
yadI_predicted,0.06666666666666667,14,14,CTTCTTGTTTTCTCGGCAGT,0,4347412
yadI_predicted,0.06666666666666667,14,14,CTTCCCGCTTATAGAGGGGG,0,4315674
yadI_predicted,0.06666666666666667,14,14,CTTCATCGGCAAGTTATAGT,0,4296660
yadI_predicted,0.06666666666666667,14,14,CTTAAATCCCGTTGTTCCTA,0,4331487
yadI_predicted,0.06666666666666667,14,14,CTGGCAAATGTAACAGGAAA,0,4341789
yadI_predicted,0.06666666666666667,14,14,CTGCCCTCGTCAGTCGGACG,0,4289739
yadI_predicted,0.06666666666666667,14,14,CTCTTTGAATCTTATGATTG,0,4338727
yadI_predicted,0.06666666666666667,14,14,CTCTTGTTTAAACTAGAAGC,0,4321155
yadI_predicted,0.06666666666666667,14,14,CTCTTGCGGCTGTAGTCGGG,0,4301772
yadI_predicted,0.06666666666666667,14,14,CTCTTAGTCCGACCCGCCTT,0,4352274
yadI_predicted,0.06666666666666667,14,14,CTCTCGAGAGACAAACGATA,0,4341380
yadI_predicted,0.06666666666666667,14,14,CTCGGTCTAATATTTGGTTA,0,4334596
yadI_predicted,0.06666666666666667,14,14,CTCGGTAGATCATACAAGTC,0,4327005
yadI_predicted,0.06666666666666667,14,14,CTCGATCATGAGAACCGCTT,0,4367707
yadI_predicted,0.06666666666666667,14,14,CTCCTCATTAAACAGGTAGG,0,4304086
yadI_predicted,0.06666666666666667,14,14,CTCACAATAAACGCATGCGA,0,4309923
yadI_predicted,0.06666666666666667,14,14,CTCAATACACACGTGGAGAA,0,4347848
yadI_predicted,0.06666666666666667,14,14,CTATGTTGCCAATCTCGTAA,0,4325089
yadI_predicted,0.06666666666666667,14,14,CTAGTTGTGATCCCTCACTT,0,4354731
yadI_predicted,0.06666666666666667,14,14,CTAGGTGTACAAGGGATAAG,0,4307459
yadI_predicted,0.06666666666666667,14,14,CTACTTTGTGGTGTCAACGT,0,4299086
yadI_predicted,0.06666666666666667,14,14,CTACGTAATGGCCCTATTTA,0,4363624
yadI_predicted,0.06666666666666667,14,14,CTACCACTGAGAAATTTAAG,0,4351255
yadI_predicted,0.06666666666666667,14,14,CTAAGCTAGTATCACAAGCG,0,4304198
yadI_predicted,0.06666666666666667,14,14,CTAACTTTATTGCTGATCTT,0,4329646
yadI_predicted,0.06666666666666667,14,14,CTAAACTGTTAACATTATGA,0,4287340
yadI_predicted,0.06666666666666667,14,14,CGTTTAGCTCGCATATCTTT,0,4317434
yadI_predicted,0.06666666666666667,14,14,CGTCGGATAAGGGGGGAACT,0,4309617
yadI_predicted,0.06666666666666667,14,14,CGTCCCAAGTTTTCGCCTGA,0,4340693
yadI_predicted,0.06666666666666667,14,14,CGTCATGTGACCTGGCGTGC,0,4285994
yadI_predicted,0.06666666666666667,14,14,CGTAGCAATTGTGTCTCTTA,0,4307918
yadI_predicted,0.06666666666666667,14,14,CGTACACAAAGGATGGACAA,0,4363602
yadI_predicted,0.06666666666666667,14,14,CGTAAGACAGCAACCGGTGA,0,4321156
yadI_predicted,0.06666666666666667,14,14,CGGTTTCTCGGTCAGCTAAC,0,4355846
yadI_predicted,0.06666666666666667,14,14,CGGTTGAGCTTGACCCACTG,0,4295888
yadI_predicted,0.06666666666666667,14,14,CGGTTCTCGCAATGAGTATT,0,4306356
yadI_predicted,0.06666666666666667,14,14,CGGTGTTAGTAGTAGCGTAC,0,4351230
yadI_predicted,0.06666666666666667,14,14,CGGTGTGTGTTGCGGATGTG,0,4311983
yadI_predicted,0.06666666666666667,14,14,CGGTACCGGCACGTAAATGG,0,4319331
yadI_predicted,0.06666666666666667,14,14,CGGTAACTCATCGCCTAAAT,0,4364161
yadI_predicted,0.06666666666666667,14,14,CGGGAGCGCCCCCGTAACAT,0,4347913
yadI_predicted,0.06666666666666667,14,14,CGGGAATAACGTCTAAAGTG,0,4304946
yadI_predicted,0.06666666666666667,14,14,CGGCTTACCGGGTCGGACTT,0,4286672
yadI_predicted,0.06666666666666667,14,14,CGGATAGGTACGAATCACTG,0,4344677
yadI_predicted,0.06666666666666667,14,14,CGGATAGGCGCCAAAAGAAG,0,4333998
yadI_predicted,0.06666666666666667,14,14,CGGAGGGCGGACGGAGTACA,0,4347183
yadI_predicted,0.06666666666666667,14,14,CGGAAGTTCGTTAACTCATG,0,4348710
yadI_predicted,0.06666666666666667,14,14,CGCTATGTCAGGCATTAATT,0,4301352
yadI_predicted,0.06666666666666667,14,14,CGCGTCTCTCTTACACTGCG,0,4314238
yadI_predicted,0.06666666666666667,14,14,CGCGGTATCTCCGAATGAGA,0,4313479
yadI_predicted,0.06666666666666667,14,14,CGCGAGTGTGTCGTGGACTG,0,4301530
yadI_predicted,0.06666666666666667,14,14,CGCGAGTACACATCTTCTTG,0,4297073
yadI_predicted,0.06666666666666667,14,14,CGCGAGACGGGACTATCTGC,0,4294820
yadI_predicted,0.06666666666666667,14,14,CGCGAACTCGGGTGGCAACG,0,4286662
yadI_predicted,0.06666666666666667,14,14,CGCCGCGATCGCAAGACATA,0,4293418
yadI_predicted,0.06666666666666667,14,14,CGCCCTTAAGAACCTAGAAT,0,4350467
yadI_predicted,0.06666666666666667,14,14,CGCCCATCCCCGAAGAGGGC,0,4299602
yadI_predicted,0.06666666666666667,14,14,CGCATATGGCAGAATATTGC,0,4348141
yadI_predicted,0.06666666666666667,14,14,CGCACGGGTGTTGTGCTGCA,0,4293608
yadI_predicted,0.06666666666666667,14,14,CGCACAATCGTTGCCAAATG,0,4286705
yadI_predicted,0.06666666666666667,14,14,CGCAATCAGCACTCATCATA,0,4338602
yadI_predicted,0.06666666666666667,14,14,CGATTAGTGCCACATTGTAA,0,4308685
yadI_predicted,0.06666666666666667,14,14,CGATTAGAGCGTATATGCGT,0,4328136
yadI_predicted,0.06666666666666667,14,14,CGATTACCCTTCCTTGCGAG,0,4304760
yadI_predicted,0.06666666666666667,14,14,CGATGGTCAGGGCTGAAGTG,0,4294573
yadI_predicted,0.06666666666666667,14,14,CGATCGGATGATAGTTTCGA,0,4343798
yadI_predicted,0.06666666666666667,14,14,CGAGTCTACGCCCGTGGAAC,0,4286410
yadI_predicted,0.06666666666666667,14,14,CGAGGTCGATGACACTTTTA,0,4318874
yadI_predicted,0.06666666666666667,14,14,CGAGATGTCAAACTCAATCA,0,4333790
yadI_predicted,0.06666666666666667,14,14,CGAGACAGAGGGGGTCGGAC,0,4304277
yadI_predicted,0.06666666666666667,14,14,CGAGAAGTGTGTGGAATTGT,0,4362171
yadI_predicted,0.06666666666666667,14,14,CGACTTTCTATTTCCTGAGG,0,4300464
yadI_predicted,0.06666666666666667,14,14,CGACTCATATGGTACTGGTA,0,4294808
yadI_predicted,0.06666666666666667,14,14,CGACCTAGTCTGCGTCATCC,0,4320960
yadI_predicted,0.06666666666666667,14,14,CGACAGTATGTGGTGCGGGT,0,4323637
yadI_predicted,0.06666666666666667,14,14,CGACACCATAGCGCTTCGAT,0,4301353
yadI_predicted,0.06666666666666667,14,14,CGAATTCGACTATAGGGGTA,0,4321967
yadI_predicted,0.06666666666666667,14,14,CGAACAGAAACTCGATCGTT,0,4334897
yadI_predicted,0.06666666666666667,14,14,CCTTTATTGATTATTCAGTG,0,4358986
yadI_predicted,0.06666666666666667,14,14,CCTTGTCTTCCTCCTGCTTT,0,4345836
yadI_predicted,0.06666666666666667,14,14,CCTTCGTGCTTCAGTCTTTA,0,4296782
yadI_predicted,0.06666666666666667,14,14,CCTGTAGAAGGTCACATCAG,0,4298185
yadI_predicted,0.06666666666666667,14,14,CCTCTTTGAGTATATGCGGC,0,4316865
yadI_predicted,0.06666666666666667,14,14,CCTCTTTCCTGGGCCAGGTA,0,4363312
yadI_predicted,0.06666666666666667,14,14,CCTCTTGGAATCCGTTGTAC,0,4357470
yadI_predicted,0.06666666666666667,14,14,CCTCGATTCTGGGTACAGAA,0,4310446
yadI_predicted,0.06666666666666667,14,14,CCTCCTTTGTTTAACTACAT,0,4327782
yadI_predicted,0.06666666666666667,14,14,CCTCCGAAGACTTAAATTAA,0,4322639
yadI_predicted,0.06666666666666667,14,14,CCTCCAGGGTCCTAGTCCTG,0,4351215
yadI_predicted,0.06666666666666667,14,14,CCTCAATTTGCTTCGTCGCT,0,4350160
yadI_predicted,0.06666666666666667,14,14,CCTCAACGACGACGTAGTGA,0,4361141
yadI_predicted,0.06666666666666667,14,14,CCTATCGTTCACAGTCTTAA,0,4333901
yadI_predicted,0.06666666666666667,14,14,CCTAAGGCCCAGTCTCTGTA,0,4332889
yadI_predicted,0.06666666666666667,14,14,CCGTCGATCATTAGTTGGGA,0,4303873
yadI_predicted,0.06666666666666667,14,14,CCGGAATCGTCGTTTGAGAG,0,4291441
yadI_predicted,0.06666666666666667,14,14,CCGCCCGAATGAGGCATTGT,0,4360476
yadI_predicted,0.06666666666666667,14,14,CCGCCACCGCATTGGCGGTC,0,4297879
yadI_predicted,0.06666666666666667,14,14,CCGCAATCAGTATCAGACTA,0,4351902
yadI_predicted,0.06666666666666667,14,14,CCGCAAGAAATATGTAGGGG,0,4329302
yadI_predicted,0.06666666666666667,14,14,CCGATGTGATGCAGGGGACT,0,4308369
yadI_predicted,0.06666666666666667,14,14,CCCTGACCACAAGAGGACCT,0,4340309
yadI_predicted,0.06666666666666667,14,14,CCCTCTCCTAAAGGTCATCT,0,4300966
yadI_predicted,0.06666666666666667,14,14,CCCTCGGGTAATCCTGATTG,0,4333799
yadI_predicted,0.06666666666666667,14,14,CCCTCATTAAGGGAGGTGAA,0,4357776
yadI_predicted,0.06666666666666667,14,14,CCCGCTGGAGCTATTATTTT,0,4341688
yadI_predicted,0.06666666666666667,14,14,CCCCCGTGTATCAGTCATAC,0,4357418
yadI_predicted,0.06666666666666667,14,14,CCCACTTATATCTTGTTATT,0,4328951
yadI_predicted,0.06666666666666667,14,14,CCCACTACCTGTGCGTCCGA,0,4322951
yadI_predicted,0.06666666666666667,14,14,CCATTGAGAAGTTTTGCCTT,0,4325449
yadI_predicted,0.06666666666666667,14,14,CCATTCACACAAGGATCGAT,0,4320761
yadI_predicted,0.06666666666666667,14,14,CCATGTCAGACATGGATGTT,0,4326591
yadI_predicted,0.06666666666666667,14,14,CCAGTAAGAACCTTGCGATG,0,4343438
yadI_predicted,0.06666666666666667,14,14,CCACGAGGGCTGGCCCTTCT,0,4329348
yadI_predicted,0.06666666666666667,14,14,CCAATGCTAACACCGTCTGG,0,4356206
yadI_predicted,0.06666666666666667,14,14,CCAATGACTAGGCTCGGGAA,0,4293014
yadI_predicted,0.06666666666666667,14,14,CATTGGTTGACCTCAAAAAC,0,4305500
yadI_predicted,0.06666666666666667,14,14,CATTCCTCTAGGGGTATAAG,0,4344810
yadI_predicted,0.06666666666666667,14,14,CATTCCGTAGATCGTAAGGG,0,4313485
yadI_predicted,0.06666666666666667,14,14,CATTAGTATCTCGTAGTAAC,0,4298475
yadI_predicted,0.06666666666666667,14,14,CATGGCGGGTGAGCCGATCA,0,4336845
yadI_predicted,0.06666666666666667,14,14,CATGAGCGTCAATAATTGAT,0,4302602
yadI_predicted,0.06666666666666667,14,14,CATGACCGACTCCTTCTATG,0,4330304
yadI_predicted,0.06666666666666667,14,14,CATCTTCACAAGATGGGGTA,0,4333512
yadI_predicted,0.06666666666666667,14,14,CATCAAGAGCTACGATCCAC,0,4360949
yadI_predicted,0.06666666666666667,14,14,CATAGCATGCTACCATGGGA,0,4287709
yadI_predicted,0.06666666666666667,14,14,CATACAGTTCCCCTTAAGCA,0,4296955
yadI_predicted,0.06666666666666667,14,14,CAGTTCCGGAGATACGAGTA,0,4331408
yadI_predicted,0.06666666666666667,14,14,CAGTTAACGACCGTTTATAG,0,4344421
yadI_predicted,0.06666666666666667,14,14,CAGTCGTGGGACCGGCAGGA,0,4367339
yadI_predicted,0.06666666666666667,14,14,CAGTAACCAGGGTCCAAAAG,0,4353509
yadI_predicted,0.06666666666666667,14,14,CAGGGGGGGACATGTCCGGC,0,4365440
yadI_predicted,0.06666666666666667,14,14,CAGGCATTCCTGCAATAGGC,0,4338455
yadI_predicted,0.06666666666666667,14,14,CAGGATCACGGCAAACGCCT,0,4290341
yadI_predicted,0.06666666666666667,14,14,CAGGAGAGAGATTTTTGCGA,0,4339181
yadI_predicted,0.06666666666666667,14,14,CAGCTCATCAATGCCTACTA,0,4359295
yadI_predicted,0.06666666666666667,14,14,CAGCGTTACGAGTGTAGCCA,0,4334223
yadI_predicted,0.06666666666666667,14,14,CAGCCGATGTGGCGCCGAGT,0,4352891
yadI_predicted,0.06666666666666667,14,14,CAGATCTAATCCGCGCTAAA,0,4288184
yadI_predicted,0.06666666666666667,14,14,CAGAGGGGAAGCCCATGCTT,0,4308116
yadI_predicted,0.06666666666666667,14,14,CAGACAGCCCTTCGGGGTGG,0,4324894
yadI_predicted,0.06666666666666667,14,14,CACTTTGGGATGGATCCAAT,0,4345087
yadI_predicted,0.06666666666666667,14,14,CACTTGAACGAATAGTCCAT,0,4348382
yadI_predicted,0.06666666666666667,14,14,CACTTCTCCCATTGTCTACC,0,4304373
yadI_predicted,0.06666666666666667,14,14,CACTGCGCTGCCGATTGAAT,0,4297474
yadI_predicted,0.06666666666666667,14,14,CACGTATCAAGGGACCGACG,0,4354931
yadI_predicted,0.06666666666666667,14,14,CACGCTAGTTTGTACAGGGT,0,4306976
yadI_predicted,0.06666666666666667,14,14,CACCGGTTGCTGACCACATG,0,4335390
yadI_predicted,0.06666666666666667,14,14,CACCGGATCCGCCAGTTTCC,0,4337400
yadI_predicted,0.06666666666666667,14,14,CACCGCGAAGGCGATTCACA,0,4341717
yadI_predicted,0.06666666666666667,14,14,CACCAGCTAGGTTTTATTAA,0,4335373
yadI_predicted,0.06666666666666667,14,14,CACCAGCCGGAGGCGGCCAT,0,4345554
yadI_predicted,0.06666666666666667,14,14,CACAGGATCGGTATGAATGT,0,4337849
yadI_predicted,0.06666666666666667,14,14,CACAGCTGTCCCGCCACGCT,0,4332039
yadI_predicted,0.06666666666666667,14,14,CACAGCAGTGCATTAAGTTG,0,4306968
yadI_predicted,0.06666666666666667,14,14,CAATTGTTACGATGCTTGAG,0,4292478
yadI_predicted,0.06666666666666667,14,14,CAATCAGTGACTTCGGATGC,0,4322677
yadI_predicted,0.06666666666666667,14,14,CAATAGTGTATAAAACCTTA,0,4298397
yadI_predicted,0.06666666666666667,14,14,CAATAGCCAGTAATGTACAA,0,4319882
yadI_predicted,0.06666666666666667,14,14,CAATACCGCTGTATGAGTCA,0,4306620
yadI_predicted,0.06666666666666667,14,14,CAAGTCGTGGTTGTCAAAGA,0,4344151
yadI_predicted,0.06666666666666667,14,14,CAAGGTAGAAAGGGCTGATG,0,4363727
yadI_predicted,0.06666666666666667,14,14,CAAGGGTTCGTGTCCAGCTC,0,4352948
yadI_predicted,0.06666666666666667,14,14,CAAGGGAACAGTTCTGGGGT,0,4346406
yadI_predicted,0.06666666666666667,14,14,CAACGGCGGTCAGTGTATAT,0,4288731
yadI_predicted,0.06666666666666667,14,14,CAACGGAGCTGGAGGGACTC,0,4349938
yadI_predicted,0.06666666666666667,14,14,CAACAAGTCTAGATCCAGAG,0,4293800
yadI_predicted,0.06666666666666667,14,14,CAAAGAGGGTGGCGTTGTGA,0,4289484
yadI_predicted,0.06666666666666667,14,14,CAAAATTGATTCCATGTCAC,0,4325192
yadI_predicted,0.06666666666666667,14,14,CAAAACAGTGTACAAACCCT,0,4323067
yadI_predicted,0.06666666666666667,14,14,ATTTTGGAATCTCGTGAGCC,0,4349998
yadI_predicted,0.06666666666666667,14,14,ATTTTGATAATGAAGTGGTC,0,4356069
yadI_predicted,0.06666666666666667,14,14,ATTTGTGATTTTTCTAGCAT,0,4354521
yadI_predicted,0.06666666666666667,14,14,ATTTGTGACCTGGAATGTGA,0,4311298
yadI_predicted,0.06666666666666667,14,14,ATTTGCAGGAATCATGACCT,0,4294118
yadI_predicted,0.06666666666666667,14,14,ATTTGATTGCAGCCAATAAG,0,4356692
yadI_predicted,0.06666666666666667,14,14,ATTTCCGATGCGTAATGCTG,0,4287577
yadI_predicted,0.06666666666666667,14,14,ATTGTCTGTAACCTCTCTGC,0,4288649
yadI_predicted,0.06666666666666667,14,14,ATTGTATTGAGAAGACGACG,0,4354752
yadI_predicted,0.06666666666666667,14,14,ATTGGGAAAGGCACTTGATG,0,4318975
yadI_predicted,0.06666666666666667,14,14,ATTGAACGATGCTCAATGGC,0,4331428
yadI_predicted,0.06666666666666667,14,14,ATTCTTTAGAAAACTGAGGT,0,4368446
yadI_predicted,0.06666666666666667,14,14,ATTCGGGGCGGTTACATATA,0,4341073
yadI_predicted,0.06666666666666667,14,14,ATTACGGCACAGCGTCTCAA,0,4316712
yadI_predicted,0.06666666666666667,14,14,ATTACACTGAAAATCGCCCC,0,4325008
yadI_predicted,0.06666666666666667,14,14,ATTAATTAGGGACTCTGTAT,0,4363977
yadI_predicted,0.06666666666666667,14,14,ATTAATGGTTATGGTCAACT,0,4317750
yadI_predicted,0.06666666666666667,14,14,ATTAATCTGCACTAGGGTGG,0,4341792
yadI_predicted,0.06666666666666667,14,14,ATTAACTATTAAGGCATACG,0,4322832
yadI_predicted,0.06666666666666667,14,14,ATTAAAATTTGCGGGATATG,0,4321380
yadI_predicted,0.06666666666666667,14,14,ATGTGCTTTCCCCGTGTCAA,0,4313319
yadI_predicted,0.06666666666666667,14,14,ATGTGCCTACGCAGAACGAA,0,4332932
yadI_predicted,0.06666666666666667,14,14,ATGGTGCCTCGTTAAGCCAA,0,4355696
yadI_predicted,0.06666666666666667,14,14,ATGGTATGGTTTGGAGACGG,0,4288693
yadI_predicted,0.06666666666666667,14,14,ATGGGGTGGAATGCATCCAT,0,4355469
yadI_predicted,0.06666666666666667,14,14,ATGGCGGGTGAACAACGTTA,0,4309646
yadI_predicted,0.06666666666666667,14,14,ATGCGCGGTAGCGACGTGTG,0,4367031
yadI_predicted,0.06666666666666667,14,14,ATGATGCATTTCGGTGTGAG,0,4309240
yadI_predicted,0.06666666666666667,14,14,ATGATAGACTCATGCGACCT,0,4337217
yadI_predicted,0.06666666666666667,14,14,ATGAAAGTGAAGAGCTCGTA,0,4288899
yadI_predicted,0.06666666666666667,14,14,ATCTCTGTACTACCTTAACA,0,4333389
yadI_predicted,0.06666666666666667,14,14,ATCTCTCAGGTATGTGGTTC,0,4343669
yadI_predicted,0.06666666666666667,14,14,ATCTCAGTGATCGCAGGTTT,0,4304273
yadI_predicted,0.06666666666666667,14,14,ATCTAATAGGTGAAGGGTGG,0,4353582
yadI_predicted,0.06666666666666667,14,14,ATCGACAAATGAGATTATTT,0,4323965
yadI_predicted,0.06666666666666667,14,14,ATCCGTTGGCCAGAGCATTC,0,4356119
yadI_predicted,0.06666666666666667,14,14,ATCCACTAATCTTTCACGGC,0,4340075
yadI_predicted,0.06666666666666667,14,14,ATCATGTCAAGGTTAGTTAT,0,4314972
yadI_predicted,0.06666666666666667,14,14,ATCAGGCTGATTTGATTTTG,0,4346938
yadI_predicted,0.06666666666666667,14,14,ATCAAGTCCTTTTTGATCTA,0,4346640
yadI_predicted,0.06666666666666667,14,14,ATCAAACGCCGAAAGGCGCG,0,4310458
yadI_predicted,0.06666666666666667,14,14,ATATCGGTCGAGGAATAGAC,0,4347507
yadI_predicted,0.06666666666666667,14,14,ATATATGCAGCCCAAGGCTT,0,4313918
yadI_predicted,0.06666666666666667,14,14,ATAGGTCAATCTTGACGCGG,0,4311643
yadI_predicted,0.06666666666666667,14,14,ATAGGCAACCCGCATGAGAA,0,4309234
yadI_predicted,0.06666666666666667,14,14,ATAGGACGCTAGACCAAAGG,0,4334833
yadI_predicted,0.06666666666666667,14,14,ATAGGAACGCGTCAATTGTA,0,4331131
yadI_predicted,0.06666666666666667,14,14,ATAGCAGCCGCGTTGCTATG,0,4345504
yadI_predicted,0.06666666666666667,14,14,ATACTAATTTGACCTATCGC,0,4334220
yadI_predicted,0.06666666666666667,14,14,ATACGTCCCACTTTCAACAT,0,4310056
yadI_predicted,0.06666666666666667,14,14,ATACGAGCATTGTACTGGTA,0,4296113
yadI_predicted,0.06666666666666667,14,14,ATACATCTAACCGCGTATTT,0,4319329
yadI_predicted,0.06666666666666667,14,14,ATAAGGGGAAATCCACGCGC,0,4359511
yadI_predicted,0.06666666666666667,14,14,ATAACGCCCGCCCGAGAGAC,0,4286627
yadI_predicted,0.06666666666666667,14,14,AGTTCACAGTGTCTAATATC,0,4315780
yadI_predicted,0.06666666666666667,14,14,AGTGTTTTTCTTAGCTAAGC,0,4297756
yadI_predicted,0.06666666666666667,14,14,AGTGTTACGTCAGTGGGGAG,0,4352278
yadI_predicted,0.06666666666666667,14,14,AGTGGGGAAGGGAACACAGG,0,4359700
yadI_predicted,0.06666666666666667,14,14,AGTGGCGCAAGGCTGGTCGC,0,4318472
yadI_predicted,0.06666666666666667,14,14,AGTGATTCTTACTTCAGGTC,0,4335014
yadI_predicted,0.06666666666666667,14,14,AGTCTTCCTCAGACGGAGAT,0,4311622
yadI_predicted,0.06666666666666667,14,14,AGTCTGGAATGAGCCCCCAT,0,4303872
yadI_predicted,0.06666666666666667,14,14,AGTCGTCAATAATCATACAA,0,4304553
yadI_predicted,0.06666666666666667,14,14,AGTCATCCGCTGGCAGGAAT,0,4334733
yadI_predicted,0.06666666666666667,14,14,AGTATTGCGACACGCTTCAC,0,4307180
yadI_predicted,0.06666666666666667,14,14,AGTACTTTGCTTTTCGTCGC,0,4355609
yadI_predicted,0.06666666666666667,14,14,AGGTTCCGGTTCAGCATGCT,0,4332823
yadI_predicted,0.06666666666666667,14,14,AGGTTCCCCTAAGACGTCAA,0,4310876
yadI_predicted,0.06666666666666667,14,14,AGGTAACTGACATGGCTCAA,0,4305795
yadI_predicted,0.06666666666666667,14,14,AGGGTAATCCTTATTACTGG,0,4323302
yadI_predicted,0.06666666666666667,14,14,AGGGGCGAGCTGAACTTCAA,0,4296917
yadI_predicted,0.06666666666666667,14,14,AGGGCGTATACTTTGTCTTG,0,4329451
yadI_predicted,0.06666666666666667,14,14,AGGGCGCTGCATTTCCGGCT,0,4305689
yadI_predicted,0.06666666666666667,14,14,AGGGCCACGGCGCCCACCTC,0,4364349
yadI_predicted,0.06666666666666667,14,14,AGGCGGTCCTGTGCAGGAAA,0,4321854
yadI_predicted,0.06666666666666667,14,14,AGGCGGAAGCTTTGGGACTG,0,4306160
yadI_predicted,0.06666666666666667,14,14,AGGCCTACATTCTTACTTGT,0,4317818
yadI_predicted,0.06666666666666667,14,14,AGGCCCCGACGATGTGCACT,0,4336538
yadI_predicted,0.06666666666666667,14,14,AGGCAGGATTCTACCCCTGA,0,4346144
yadI_predicted,0.06666666666666667,14,14,AGGCAAAACTGTAACAGGGA,0,4293907
yadI_predicted,0.06666666666666667,14,14,AGGATCAATAGTATGGCCGC,0,4302340
yadI_predicted,0.06666666666666667,14,14,AGGAAGATATAAAAGCAGTC,0,4294659
yadI_predicted,0.06666666666666667,14,14,AGCTGTGGTTCGTATTAAGT,0,4321800
yadI_predicted,0.06666666666666667,14,14,AGCTATGGCAGTTGGCCAAG,0,4349536
yadI_predicted,0.06666666666666667,14,14,AGCTAACAACAAGCACCTCT,0,4342198
yadI_predicted,0.06666666666666667,14,14,AGCGTTGACTATATAGTTTA,0,4317331
yadI_predicted,0.06666666666666667,14,14,AGCGTTATTGGTGATACGAG,0,4316524
yadI_predicted,0.06666666666666667,14,14,AGCGGCAGTAGTTTGATGAT,0,4337055
yadI_predicted,0.06666666666666667,14,14,AGCGACGTGCGGGCTGAGAT,0,4369217
yadI_predicted,0.06666666666666667,14,14,AGCCTCGGAAGATACAACGA,0,4299851
yadI_predicted,0.06666666666666667,14,14,AGCCGCGATGGTAAATGGGT,0,4340992
yadI_predicted,0.06666666666666667,14,14,AGCCACGTTCACCCTCGACC,0,4313625
yadI_predicted,0.06666666666666667,14,14,AGCATAAATTGTACTGTAAG,0,4329590
yadI_predicted,0.06666666666666667,14,14,AGCAGTGGAAACCGGATCAT,0,4363178
yadI_predicted,0.06666666666666667,14,14,AGCAGCAATCAGTTGACATC,0,4284155
yadI_predicted,0.06666666666666667,14,14,AGATTTCGAAGTTACCGTGC,0,4340620
yadI_predicted,0.06666666666666667,14,14,AGATTCGACAGGTGGTAGAG,0,4362140
yadI_predicted,0.06666666666666667,14,14,AGATGGTTTTTTTAAGCGTA,0,4310060
yadI_predicted,0.06666666666666667,14,14,AGATCCATGGCATATGGCTG,0,4321275
yadI_predicted,0.06666666666666667,14,14,AGATAAATTCGTTAGGGGCT,0,4293914
yadI_predicted,0.06666666666666667,14,14,AGAGTTCGCTAGGGCACTCA,0,4326540
yadI_predicted,0.06666666666666667,14,14,AGAGGGGACCGCCCAGGGAT,0,4330572
yadI_predicted,0.06666666666666667,14,14,AGAGGGGAAGGGCTCGCCAT,0,4298936
yadI_predicted,0.06666666666666667,14,14,AGACTTCGAAACGTGACCGA,0,4333978
yadI_predicted,0.06666666666666667,14,14,AGACGATGGCCATTTAACGC,0,4357870
yadI_predicted,0.06666666666666667,14,14,AGACCTTAGGAGTGCAGGCA,0,4286117
yadI_predicted,0.06666666666666667,14,14,AGACCGTAGGTCAGGTAGAC,0,4358346
yadI_predicted,0.06666666666666667,14,14,AGACAATGGAGCACCAGTTT,0,4353877
yadI_predicted,0.06666666666666667,14,14,ACTTTGAGTAATTGTAAAGT,0,4352041
yadI_predicted,0.06666666666666667,14,14,ACTTTATGGGTCGGATTCAA,0,4302821
yadI_predicted,0.06666666666666667,14,14,ACTTAATTTCGGATCAGGAA,0,4315222
yadI_predicted,0.06666666666666667,14,14,ACTCTGTGGACCCCTAAGAC,0,4319700
yadI_predicted,0.06666666666666667,14,14,ACTCGGCAGCGCGCGGGAGC,0,4352764
yadI_predicted,0.06666666666666667,14,14,ACTATTTGGGGTAATTAGCT,0,4338619
yadI_predicted,0.06666666666666667,14,14,ACTAAGACGCTGACCCCTTT,0,4314087
yadI_predicted,0.06666666666666667,14,14,ACGTCGCCATATTAGCCCTG,0,4343730
yadI_predicted,0.06666666666666667,14,14,ACGGTGGACGGCAACTCCGT,0,4287391
yadI_predicted,0.06666666666666667,14,14,ACGGTAGCATCAGAGACCAC,0,4295081
yadI_predicted,0.06666666666666667,14,14,ACGGGTGGGGGCATCCTAGT,0,4347986
yadI_predicted,0.06666666666666667,14,14,ACGGGAGGAGACAACATCAG,0,4346122
yadI_predicted,0.06666666666666667,14,14,ACGGGAGACATATGTGTGCT,0,4293361
yadI_predicted,0.06666666666666667,14,14,ACGGAAGGGCACGCACGTTC,0,4353954
yadI_predicted,0.06666666666666667,14,14,ACGCAGAAGCGATCAAGACC,0,4313525
yadI_predicted,0.06666666666666667,14,14,ACGATTTGCCATTCGAAATA,0,4358974
yadI_predicted,0.06666666666666667,14,14,ACGATTGGCAAATACAGGGA,0,4345460
yadI_predicted,0.06666666666666667,14,14,ACGATCAGTCAACGCGGAAT,0,4356480
yadI_predicted,0.06666666666666667,14,14,ACGACTAAGACAGGCCCCTA,0,4310181
yadI_predicted,0.06666666666666667,14,14,ACGACGCCGATTTCACAATT,0,4347933
yadI_predicted,0.06666666666666667,14,14,ACCTTGGGAAGTCTATGAGC,0,4290685
yadI_predicted,0.06666666666666667,14,14,ACCTGAACCTAGAGGGTTAT,0,4362627
yadI_predicted,0.06666666666666667,14,14,ACCTATGCTCTCACAATATA,0,4348831
yadI_predicted,0.06666666666666667,14,14,ACCGGTAGATTTGACGGTCT,0,4316312
yadI_predicted,0.06666666666666667,14,14,ACCGATCGTGCTATCCGATC,0,4300458
yadI_predicted,0.06666666666666667,14,14,ACCCTCTAAAGGCCTTATAA,0,4311613
yadI_predicted,0.06666666666666667,14,14,ACCATTTACCGTACCGATGA,0,4289404
yadI_predicted,0.06666666666666667,14,14,ACATTGTCTAAACGCACGAC,0,4303080
yadI_predicted,0.06666666666666667,14,14,ACATCAAAAGAGGGTAACGA,0,4336994
yadI_predicted,0.06666666666666667,14,14,ACATAGCGCGGCAAGCAGTA,0,4286002
yadI_predicted,0.06666666666666667,14,14,ACAGTCCCCGGCGGATTTGG,0,4368432
yadI_predicted,0.06666666666666667,14,14,ACAGCTCGGGGTACCGGTAT,0,4300100
yadI_predicted,0.06666666666666667,14,14,ACAGACGTGAAGTGTATCAT,0,4297731
yadI_predicted,0.06666666666666667,14,14,ACACGAGTCTATCCGGAATG,0,4341632
yadI_predicted,0.06666666666666667,14,14,ACACCCTAGCTGTGGCGAAT,0,4342933
yadI_predicted,0.06666666666666667,14,14,ACAATCGGGATTGAAGCCGA,0,4285384
yadI_predicted,0.06666666666666667,14,14,ACAAGAGATCAGGGTCAGTG,0,4300942
yadI_predicted,0.06666666666666667,14,14,AATTCCAGCAGAGGGAATTT,0,4313487
yadI_predicted,0.06666666666666667,14,14,AATTATTCTGTTTCCACGCG,0,4298025
yadI_predicted,0.06666666666666667,14,14,AATTATGTTCACAGCAACCA,0,4355920
yadI_predicted,0.06666666666666667,14,14,AATGCTGACTGGACGTGGAC,0,4345773
yadI_predicted,0.06666666666666667,14,14,AATGCAGGTCAACGTATAGT,0,4368238
yadI_predicted,0.06666666666666667,14,14,AATGAGTAGTATGGGTTCAT,0,4290131
yadI_predicted,0.06666666666666667,14,14,AATCTATTCCTGTATCGCTG,0,4363681
yadI_predicted,0.06666666666666667,14,14,AATCGAACGAAGATCAGTCC,0,4369807
yadI_predicted,0.06666666666666667,14,14,AATATAAGTAGACAAACCCA,0,4324565
yadI_predicted,0.06666666666666667,14,14,AATAGAAATAACGGTCAGTT,0,4363010
yadI_predicted,0.06666666666666667,14,14,AATAACTTTCTGCAGACTCT,0,4367052
yadI_predicted,0.06666666666666667,14,14,AAGTGGAAAGTTCTCGGCAA,0,4318544
yadI_predicted,0.06666666666666667,14,14,AAGGGTCGAGACTCACCCAC,0,4314518
yadI_predicted,0.06666666666666667,14,14,AAGGGAGGGTATGACACGTA,0,4317199
yadI_predicted,0.06666666666666667,14,14,AAGCGAGACTGTATGGACTG,0,4320118
yadI_predicted,0.06666666666666667,14,14,AAGCCGAGGCTAGCCTTCAA,0,4309663
yadI_predicted,0.06666666666666667,14,14,AAGCATCTACTAAGAGCAGT,0,4360115
yadI_predicted,0.06666666666666667,14,14,AAGATGAGCGTCCCTAAACT,0,4346597
yadI_predicted,0.06666666666666667,14,14,AAGATGACATCGTGATAATT,0,4332246
yadI_predicted,0.06666666666666667,14,14,AAGAGCGAATGGGAAGTACT,0,4316226
yadI_predicted,0.06666666666666667,14,14,AAGACTGGCCAGATTCTAGT,0,4347614
yadI_predicted,0.06666666666666667,14,14,AACTTGTACAGCAGTCATCT,0,4311702
yadI_predicted,0.06666666666666667,14,14,AACTGGAGTAACATGATTAG,0,4306383
yadI_predicted,0.06666666666666667,14,14,AACTCAAACATTGCTTTGGT,0,4346708
yadI_predicted,0.06666666666666667,14,14,AACGGTTCAATTGACGGGGT,0,4362880
yadI_predicted,0.06666666666666667,14,14,AACGGATGTTCCCAGATGAT,0,4350726
yadI_predicted,0.06666666666666667,14,14,AACGAAGCATACTATGAGGC,0,4356839
yadI_predicted,0.06666666666666667,14,14,AACGAACAAGCAAGTTGATA,0,4366871
yadI_predicted,0.06666666666666667,14,14,AACCAATAGATCATTGGTCA,0,4285284
yadI_predicted,0.06666666666666667,14,14,AACACGCCGAACAAGAAAAT,0,4353973
yadI_predicted,0.06666666666666667,14,14,AAATTTTTACCAGTTAGCAG,0,4326328
yadI_predicted,0.06666666666666667,14,14,AAATGTTGGGCATTTTAGTG,0,4289720
yadI_predicted,0.06666666666666667,14,14,AAATGGTTTCAAATGGTGTG,0,4337681
yadI_predicted,0.06666666666666667,14,14,AAATGGCAATTCGTTACTTT,0,4289082
yadI_predicted,0.06666666666666667,14,14,AAATATCTCTATCTGGCTCA,0,4320758
yadI_predicted,0.06666666666666667,14,14,AAATAATTAGTCCCTCCCGA,0,4362914
yadI_predicted,0.06666666666666667,14,14,AAAGTTGAGAAAGCTTCCAT,0,4357493
yadI_predicted,0.06666666666666667,14,14,AAAGTGTTAGTCCTAAACGT,0,4291294
yadI_predicted,0.06666666666666667,14,14,AAAGGGGGCACCTCTCAATC,0,4294061
yadI_predicted,0.06666666666666667,14,14,AAACTCGAGCCACATATGAC,0,4328748
yadI_predicted,0.06666666666666667,14,14,AAAAATTTTGTCATACATCC,0,4321756
yadI_predicted,0.06666666666666667,14,14,AAAAACTGCATAACAGTGTT,0,4295644
yadI_predicted,0.07142857142857142,13,13,TTTTCGCGTCCACACATAGA,0,4361876
yadI_predicted,0.07142857142857142,13,13,TTTGACCTATTCAAACCTAG,0,4340363
yadI_predicted,0.07142857142857142,13,13,TTTCCATTCAAGCAGGCACA,0,4346529
yadI_predicted,0.07142857142857142,13,13,TTTCAGAAGTGAAGGTCTCC,0,4334264
yadI_predicted,0.07142857142857142,13,13,TTTCAAACATTAGGAGCGGT,0,4333279
yadI_predicted,0.07142857142857142,13,13,TTTATCTTCGGCCACAACGA,0,4333868
yadI_predicted,0.07142857142857142,13,13,TTTATCGTGCATGAATAGGT,0,4367265
yadI_predicted,0.07142857142857142,13,13,TTTATATGTTGCGCGTCTTA,0,4288239
yadI_predicted,0.07142857142857142,13,13,TTTAGCCAGCCGGAGAGGTT,0,4325198
yadI_predicted,0.07142857142857142,13,13,TTGTTGTGCGCCTTAAGAGA,0,4361719
yadI_predicted,0.07142857142857142,13,13,TTGTGCTATGCGGGTGGAGG,0,4352572
yadI_predicted,0.07142857142857142,13,13,TTGTCTGGCTCAGTGAACGT,0,4312373
yadI_predicted,0.07142857142857142,13,13,TTGTCCGCGTGGTTCATCGA,0,4369809
yadI_predicted,0.07142857142857142,13,13,TTGTCCGAATTACTCGTCTA,0,4296606
yadI_predicted,0.07142857142857142,13,13,TTGTACTGATCGATCTAGTG,0,4350295
yadI_predicted,0.07142857142857142,13,13,TTGGGGGACTCTCCATGCCT,0,4325743
yadI_predicted,0.07142857142857142,13,13,TTGGAAGAACCATACTGGCT,0,4295569
yadI_predicted,0.07142857142857142,13,13,TTGCGTACGGGGTTTCCGGA,0,4309812
yadI_predicted,0.07142857142857142,13,13,TTGCGGGATTGTGCCCTGAC,0,4362521
yadI_predicted,0.07142857142857142,13,13,TTGCAAACTTTAAGGTTGCT,0,4306884
yadI_predicted,0.07142857142857142,13,13,TTCTACTCCTATATTGCAGG,0,4323268
yadI_predicted,0.07142857142857142,13,13,TTCGTGGAATCCGACTCGAC,0,4310257
yadI_predicted,0.07142857142857142,13,13,TTCGTGAGACCAAGTGTAGA,0,4303930
yadI_predicted,0.07142857142857142,13,13,TTCGCCGTCAGCGATTGGAA,0,4342095
yadI_predicted,0.07142857142857142,13,13,TTCGACCGAACTAAAACTAA,0,4293706
yadI_predicted,0.07142857142857142,13,13,TTCCCGCTAACGTCTATCAA,0,4364971
yadI_predicted,0.07142857142857142,13,13,TTCCCAAGTCTTATCACTCT,0,4304500
yadI_predicted,0.07142857142857142,13,13,TTCCATGCAGGGGCGATCCA,0,4288825
yadI_predicted,0.07142857142857142,13,13,TTCAGGGGATTGGCTTAAAA,0,4357810
yadI_predicted,0.07142857142857142,13,13,TTCAACTATCTTGACGATCG,0,4336005
yadI_predicted,0.07142857142857142,13,13,TTATCATCCGTCAGATGTCT,0,4348199
yadI_predicted,0.07142857142857142,13,13,TTATAAAACGTAGCTGGCTT,0,4354783
yadI_predicted,0.07142857142857142,13,13,TTAGTGCGATTGTCAGACAG,0,4305298
yadI_predicted,0.07142857142857142,13,13,TTAGTACTATAGGTGTTGTT,0,4360032
yadI_predicted,0.07142857142857142,13,13,TTAGATATCCGGTGTTCATT,0,4289377
yadI_predicted,0.07142857142857142,13,13,TTACTGATACTGAGGTCTTA,0,4303023
yadI_predicted,0.07142857142857142,13,13,TTACCTGCTTTGTAGCATCT,0,4320603
yadI_predicted,0.07142857142857142,13,13,TTACATCGGACAAGGATACC,0,4287143
yadI_predicted,0.07142857142857142,13,13,TTACAATTTCTAGAGCATGA,0,4334666
yadI_predicted,0.07142857142857142,13,13,TTAATCGCAGTCGCACCAGC,0,4353477
yadI_predicted,0.07142857142857142,13,13,TTAACATCGGCCACCGCAAC,0,4321259
yadI_predicted,0.07142857142857142,13,13,TGTTCTTCTGGAAATAGCAG,0,4284163
yadI_predicted,0.07142857142857142,13,13,TGTGTTGAAAAAGCCCCCTA,0,4347628
yadI_predicted,0.07142857142857142,13,13,TGTGGTTTGCTAAGGTACAT,0,4331613
yadI_predicted,0.07142857142857142,13,13,TGTGGTCTGGTCCTTGGCGG,0,4288945
yadI_predicted,0.07142857142857142,13,13,TGTGGATCGGAACAAGGCTG,0,4368489
yadI_predicted,0.07142857142857142,13,13,TGTGCCGGCTCGAACCTTTA,0,4358015
yadI_predicted,0.07142857142857142,13,13,TGTGACCCACACGAGATTAG,0,4294805
yadI_predicted,0.07142857142857142,13,13,TGTCGCGAGTAATAGTCCGT,0,4305186
yadI_predicted,0.07142857142857142,13,13,TGTCCGTAATTTGGACAGGA,0,4310191
yadI_predicted,0.07142857142857142,13,13,TGTCATTCCTCTGGCCTGTT,0,4287480
yadI_predicted,0.07142857142857142,13,13,TGTATTAGCGATTAAAGACA,0,4339127
yadI_predicted,0.07142857142857142,13,13,TGTATGTACTTTATTAGTCA,0,4309931
yadI_predicted,0.07142857142857142,13,13,TGTATGGGCTTATCGACCTA,0,4327785
yadI_predicted,0.07142857142857142,13,13,TGTAGACACGGCTATAGTGA,0,4317282
yadI_predicted,0.07142857142857142,13,13,TGTAGAAGCTATGCAGCGCG,0,4347726
yadI_predicted,0.07142857142857142,13,13,TGGTAGATACAAAAGGCGGT,0,4289902
yadI_predicted,0.07142857142857142,13,13,TGGGGTACTATCGAATCGTC,0,4292431
yadI_predicted,0.07142857142857142,13,13,TGGGGCGGAGGGGTGTTGTT,0,4289993
yadI_predicted,0.07142857142857142,13,13,TGGCCTCTCTTACGTGGCTT,0,4302832
yadI_predicted,0.07142857142857142,13,13,TGGCCCAGCGCATTTGTAAT,0,4354456
yadI_predicted,0.07142857142857142,13,13,TGGCCATTCGGCGTTTTTAA,0,4287760
yadI_predicted,0.07142857142857142,13,13,TGGCCATCAACCAACCCCTT,0,4303977
yadI_predicted,0.07142857142857142,13,13,TGGATCTATACGGCGTAGAT,0,4341689
yadI_predicted,0.07142857142857142,13,13,TGGAGCCCTAAACCAGCTGG,0,4291992
yadI_predicted,0.07142857142857142,13,13,TGGAAGTGTTTTAGTCCATG,0,4302009
yadI_predicted,0.07142857142857142,13,13,TGCTGACCTTTTGCAATCAG,0,4331887
yadI_predicted,0.07142857142857142,13,13,TGCGTTCGGCTGGCTAACTG,0,4328863
yadI_predicted,0.07142857142857142,13,13,TGCCTACTGCATCCGAACGT,0,4289267
yadI_predicted,0.07142857142857142,13,13,TGCCGGAGAGGGGCTAAGAA,0,4368381
yadI_predicted,0.07142857142857142,13,13,TGCCAAGTGACGTTTCTCGG,0,4349565
yadI_predicted,0.07142857142857142,13,13,TGATGGAAGCATCCTTGTAA,0,4286803
yadI_predicted,0.07142857142857142,13,13,TGATCACTGCTACTTGCGTG,0,4312475
yadI_predicted,0.07142857142857142,13,13,TGAGGTACGGTACCTCCGTT,0,4302280
yadI_predicted,0.07142857142857142,13,13,TGAGGCTTCCCGGTAGAGTG,0,4326762
yadI_predicted,0.07142857142857142,13,13,TGACTGAAGCCTTTTGAAAG,0,4290141
yadI_predicted,0.07142857142857142,13,13,TGAATTTGTGTCTGGCTCGC,0,4297280
yadI_predicted,0.07142857142857142,13,13,TGAATGTTTATCCTTGTACT,0,4342721
yadI_predicted,0.07142857142857142,13,13,TGAATGGGGCCGGGGTAGTT,0,4293122
yadI_predicted,0.07142857142857142,13,13,TGAATGATACATGCACATGT,0,4363317
yadI_predicted,0.07142857142857142,13,13,TGAAGCTGACGGCGCAATTA,0,4358478
yadI_predicted,0.07142857142857142,13,13,TCTTTCCTGAGCATCATAGT,0,4325093
yadI_predicted,0.07142857142857142,13,13,TCTTGCTCGATTAAGGGGAA,0,4330579
yadI_predicted,0.07142857142857142,13,13,TCTTAGCTTCGTAGACATCG,0,4298046
yadI_predicted,0.07142857142857142,13,13,TCTGCCGAGCTGCAGAGTGA,0,4355414
yadI_predicted,0.07142857142857142,13,13,TCTGACTGAGGCTTAGGAGT,0,4315076
yadI_predicted,0.07142857142857142,13,13,TCTCGAACTACTTAGGTAAT,0,4321686
yadI_predicted,0.07142857142857142,13,13,TCTCACCCTTTGGCGCCGAG,0,4297484
yadI_predicted,0.07142857142857142,13,13,TCTATTCAATGTAAGGTTAG,0,4292170
yadI_predicted,0.07142857142857142,13,13,TCTAGCCCATCGCCGCGGTT,0,4324331
yadI_predicted,0.07142857142857142,13,13,TCTACCCATTAATATTAGAC,0,4299001
yadI_predicted,0.07142857142857142,13,13,TCGTCTGTCCTGGCGCCGGC,0,4295886
yadI_predicted,0.07142857142857142,13,13,TCGTCGCTGTAACCGACAGC,0,4321659
yadI_predicted,0.07142857142857142,13,13,TCGGTTCGATTTGCCGTTGG,0,4303219
yadI_predicted,0.07142857142857142,13,13,TCGGACTAGCGGTGAATTTG,0,4343254
yadI_predicted,0.07142857142857142,13,13,TCGGAAAGAAAGGCGGGTAT,0,4315800
yadI_predicted,0.07142857142857142,13,13,TCGCAATGCTTTCAGCGAAA,0,4362261
yadI_predicted,0.07142857142857142,13,13,TCGAGGGGTCATCATCGAGT,0,4303145
yadI_predicted,0.07142857142857142,13,13,TCGAGGATGTGATCTGCGTA,0,4347164
yadI_predicted,0.07142857142857142,13,13,TCGACCGGGCGTACGCCGTA,0,4337381
yadI_predicted,0.07142857142857142,13,13,TCCTTGAAGCCAAAAACGGT,0,4352246
yadI_predicted,0.07142857142857142,13,13,TCCTCGGCACATCCCGTGCA,0,4342600
yadI_predicted,0.07142857142857142,13,13,TCCGTGCTGGGGCTATGAAG,0,4361119
yadI_predicted,0.07142857142857142,13,13,TCCGACAAGCCGATCAAAGA,0,4284345
yadI_predicted,0.07142857142857142,13,13,TCCCGGCATAAACTGAGCGA,0,4310394
yadI_predicted,0.07142857142857142,13,13,TCCCGCATCCCCTGGTAATC,0,4346525
yadI_predicted,0.07142857142857142,13,13,TCCCCACGAAGGCAGAAGAA,0,4326987
yadI_predicted,0.07142857142857142,13,13,TCCCATCCAGTTTTTAGTAG,0,4332504
yadI_predicted,0.07142857142857142,13,13,TCCAGAGACAGTCGAATCCC,0,4342239
yadI_predicted,0.07142857142857142,13,13,TCATTAAGAAGGGGCTCTGG,0,4342570
yadI_predicted,0.07142857142857142,13,13,TCATGCGGTGTAATCCAGTC,0,4291158
yadI_predicted,0.07142857142857142,13,13,TCATCTCCAACGCAACTTAA,0,4320143
yadI_predicted,0.07142857142857142,13,13,TCAGCTCCAATATCCCGTGC,0,4365000
yadI_predicted,0.07142857142857142,13,13,TCAGATATGAGGGGTGAGCA,0,4305812
yadI_predicted,0.07142857142857142,13,13,TCACGTCAGCCCTTAAGGGT,0,4296531
yadI_predicted,0.07142857142857142,13,13,TCACGGCGCCACACTAACAG,0,4365036
yadI_predicted,0.07142857142857142,13,13,TCACGGCAACCCTTCTTAGC,0,4334080
yadI_predicted,0.07142857142857142,13,13,TCAATAGATGGCTCTGGCCA,0,4287142
yadI_predicted,0.07142857142857142,13,13,TCAAGTCATCGTACACATGG,0,4364009
yadI_predicted,0.07142857142857142,13,13,TCAAGGTACTACACCAGGGA,0,4286177
yadI_predicted,0.07142857142857142,13,13,TCAACGTTGCTTCTTGGATA,0,4297824
yadI_predicted,0.07142857142857142,13,13,TATGGTCCTAGAACTAGAGT,0,4358861
yadI_predicted,0.07142857142857142,13,13,TATGGCGATTGCACGCCCTA,0,4339049
yadI_predicted,0.07142857142857142,13,13,TATGCGAATGTATTGTAACG,0,4360118
yadI_predicted,0.07142857142857142,13,13,TATGATCGCCGGCCTTAGTT,0,4292155
yadI_predicted,0.07142857142857142,13,13,TATGATCCCGCTCACTGTTC,0,4297374
yadI_predicted,0.07142857142857142,13,13,TATCGGAGTAGAAGACACTA,0,4296601
yadI_predicted,0.07142857142857142,13,13,TATCCCTAGACCTCTACTCA,0,4323176
yadI_predicted,0.07142857142857142,13,13,TATCAGATGGAATACCACGA,0,4367282
yadI_predicted,0.07142857142857142,13,13,TATATAGCCGACTTGGCTTA,0,4367285
yadI_predicted,0.07142857142857142,13,13,TATATAAAGCGAATCATGCT,0,4369954
yadI_predicted,0.07142857142857142,13,13,TATAGCTAAACTAGAAACAT,0,4284432
yadI_predicted,0.07142857142857142,13,13,TATACTACCTCCGAGGCCCT,0,4357427
yadI_predicted,0.07142857142857142,13,13,TAGGTGGTTACATGTTCTTG,0,4326789
yadI_predicted,0.07142857142857142,13,13,TAGGGCCGAATAACCTACGT,0,4289396
yadI_predicted,0.07142857142857142,13,13,TAGGGATTTAGAGCTCAAAG,0,4366524
yadI_predicted,0.07142857142857142,13,13,TAGGGACGTTATCATGGGCG,0,4308584
yadI_predicted,0.07142857142857142,13,13,TAGGCATCACGAGAAGCGTC,0,4344047
yadI_predicted,0.07142857142857142,13,13,TAGCTGCGGAGTTTTTTGCA,0,4321268
yadI_predicted,0.07142857142857142,13,13,TAGCGCCCGCCTCTAAGTGG,0,4361842
yadI_predicted,0.07142857142857142,13,13,TAGATCCTTCAGGCATATAC,0,4308037
yadI_predicted,0.07142857142857142,13,13,TACTGACTCTCTCTGTCTGT,0,4345976
yadI_predicted,0.07142857142857142,13,13,TACGTGCGGACTCGAATAGG,0,4317438
yadI_predicted,0.07142857142857142,13,13,TACGCGTAATTCGATATGCT,0,4298902
yadI_predicted,0.07142857142857142,13,13,TACGCACTGGCAGTCCCAAT,0,4345977
yadI_predicted,0.07142857142857142,13,13,TACCTTGAACGGTTAATTCG,0,4311721
yadI_predicted,0.07142857142857142,13,13,TACCTGATGCATCGGTCGAA,0,4286449
yadI_predicted,0.07142857142857142,13,13,TACCAGGGCGGTCTTGATAG,0,4293025
yadI_predicted,0.07142857142857142,13,13,TACACCGTAAGTGGCATTCC,0,4318307
yadI_predicted,0.07142857142857142,13,13,TAATTGTTTAGGTTGTCCAT,0,4303021
yadI_predicted,0.07142857142857142,13,13,TAATTAACGGGCGCGGCCTG,0,4309218
yadI_predicted,0.07142857142857142,13,13,TAATCTAGCATTTCACCCAG,0,4336792
yadI_predicted,0.07142857142857142,13,13,TAATCCATCCAATGGGGTGA,0,4345718
yadI_predicted,0.07142857142857142,13,13,TAAGTTGCAAGTCCATGGTC,0,4294496
yadI_predicted,0.07142857142857142,13,13,TAAGTGCATCACTCAATGCT,0,4334545
yadI_predicted,0.07142857142857142,13,13,TAAGCTCCTCGGGCAATGAA,0,4294896
yadI_predicted,0.07142857142857142,13,13,TAAGCGTGCCAAAAAAGGTC,0,4320968
yadI_predicted,0.07142857142857142,13,13,TAAGAGTCAATCTAGATCTG,0,4335056
yadI_predicted,0.07142857142857142,13,13,TAACTCTTTTTTTCTGAGCT,0,4324326
yadI_predicted,0.07142857142857142,13,13,TAACCGGCGGCAGGCAATAC,0,4344995
yadI_predicted,0.07142857142857142,13,13,TAACATGTGCTTGTCTGGTA,0,4369666
yadI_predicted,0.07142857142857142,13,13,TAAACCAGTACACATATGTG,0,4367376
yadI_predicted,0.07142857142857142,13,13,TAAACACTGATCCCACATTC,0,4303301
yadI_predicted,0.07142857142857142,13,13,GTTTTTGACGGCTGTTCGCG,0,4308639
yadI_predicted,0.07142857142857142,13,13,GTTTGTTTCGATTCATCAAT,0,4323106
yadI_predicted,0.07142857142857142,13,13,GTTTCCGTACGATTATCTCG,0,4302784
yadI_predicted,0.07142857142857142,13,13,GTTTCAATCAAATATTAAAG,0,4298477
yadI_predicted,0.07142857142857142,13,13,GTTGGGTACCTGTATGTGCT,0,4327969
yadI_predicted,0.07142857142857142,13,13,GTTGATCGCCAGGCGCCGAC,0,4339586
yadI_predicted,0.07142857142857142,13,13,GTTGAATGGTAACGGCGGCC,0,4307743
yadI_predicted,0.07142857142857142,13,13,GTTCTCGTACGCAATGTGAA,0,4325898
yadI_predicted,0.07142857142857142,13,13,GTTCTACGCGCGTAGAACAG,0,4288652
yadI_predicted,0.07142857142857142,13,13,GTTCCTGTATTCAAGGATGT,0,4363875
yadI_predicted,0.07142857142857142,13,13,GTTACGGTGCTTCCGTTAGT,0,4323199
yadI_predicted,0.07142857142857142,13,13,GTTAAGGTTTTGTGCAGGAA,0,4316668
yadI_predicted,0.07142857142857142,13,13,GTGTTGGGCTTTTACATCGA,0,4320368
yadI_predicted,0.07142857142857142,13,13,GTGTTAAGACTCTAGCTCGT,0,4298483
yadI_predicted,0.07142857142857142,13,13,GTGGTGACAGGTGCAGTCGG,0,4314885
yadI_predicted,0.07142857142857142,13,13,GTGGTCTGTAGGATCGGGTT,0,4345091
yadI_predicted,0.07142857142857142,13,13,GTGGGACATCGATTACACCC,0,4308531
yadI_predicted,0.07142857142857142,13,13,GTGCTTCACCATTGTTGCCA,0,4291472
yadI_predicted,0.07142857142857142,13,13,GTGCCTTTAGCATTATGCAT,0,4323373
yadI_predicted,0.07142857142857142,13,13,GTGCCCTTAGGTATGGGAGA,0,4298811
yadI_predicted,0.07142857142857142,13,13,GTGATATAAAATTCAACGGG,0,4318869
yadI_predicted,0.07142857142857142,13,13,GTGAGCACGGTCTATAATGA,0,4347633
yadI_predicted,0.07142857142857142,13,13,GTGACTCTAGGAGAGAATTG,0,4323737
yadI_predicted,0.07142857142857142,13,13,GTGAAAATAACTATGTGGTT,0,4313750
yadI_predicted,0.07142857142857142,13,13,GTCTTTGCGACGGCACGCAG,0,4361659
yadI_predicted,0.07142857142857142,13,13,GTCTGAGAAGGCATTACATT,0,4362374
yadI_predicted,0.07142857142857142,13,13,GTCGCCGATACAAGTGACGC,0,4369828
yadI_predicted,0.07142857142857142,13,13,GTCGATAGCGTGGCACACTA,0,4335320
yadI_predicted,0.07142857142857142,13,13,GTCGAGTTTTGGTAACAGCA,0,4295004
yadI_predicted,0.07142857142857142,13,13,GTCGAATCTGTCTCCAAAGT,0,4356300
yadI_predicted,0.07142857142857142,13,13,GTCATTCGAAGCTATCCGAG,0,4367700
yadI_predicted,0.07142857142857142,13,13,GTCATTCCGGTTAAAATCTC,0,4303665
yadI_predicted,0.07142857142857142,13,13,GTCATAATGGGCGCATGAAA,0,4314370
yadI_predicted,0.07142857142857142,13,13,GTCACCGAGGGTTGACGGCG,0,4329167
yadI_predicted,0.07142857142857142,13,13,GTCACACCGTCCCTGGATCA,0,4358575
yadI_predicted,0.07142857142857142,13,13,GTATGGGTGCCCATACCCCA,0,4315788
yadI_predicted,0.07142857142857142,13,13,GTATGCCGGGTGTGACATCT,0,4299438
yadI_predicted,0.07142857142857142,13,13,GTAGTGGATGGCTTAAGCAA,0,4318121
yadI_predicted,0.07142857142857142,13,13,GTAGTGGATCGGGGGCCAAA,0,4343848
yadI_predicted,0.07142857142857142,13,13,GTAGTCCCAACTGACGATCA,0,4299835
yadI_predicted,0.07142857142857142,13,13,GTAGCCCATCTGCCCATCCA,0,4321738
yadI_predicted,0.07142857142857142,13,13,GTAGCACAATTCGAGATGAT,0,4326012
yadI_predicted,0.07142857142857142,13,13,GTAAGGGCTGCGGGTCAGAG,0,4355844
yadI_predicted,0.07142857142857142,13,13,GTAAGGACTCCCCAACTCTC,0,4303052
yadI_predicted,0.07142857142857142,13,13,GTAAGATAGTGTCATTGATC,0,4368306
yadI_predicted,0.07142857142857142,13,13,GGTTTCGTCTCAACAGGGCG,0,4294547
yadI_predicted,0.07142857142857142,13,13,GGTTCGACCCGCCAGGCGCG,0,4288558
yadI_predicted,0.07142857142857142,13,13,GGTTACGATTGACAGCTGTA,0,4288955
yadI_predicted,0.07142857142857142,13,13,GGTTAACTTGGAGACTGGAG,0,4344737
yadI_predicted,0.07142857142857142,13,13,GGTGCGGGCAGGTGATGACG,0,4312799
yadI_predicted,0.07142857142857142,13,13,GGTGCATAGACTTTCTGTCT,0,4308990
yadI_predicted,0.07142857142857142,13,13,GGTCTTTCCAGCTCTTCAGT,0,4307088
yadI_predicted,0.07142857142857142,13,13,GGTCGCACTTGGGGGCGAAG,0,4333140
yadI_predicted,0.07142857142857142,13,13,GGTCCGGCAACAGGAGACTG,0,4330678
yadI_predicted,0.07142857142857142,13,13,GGTCCCTAGAGCAGTGATCT,0,4344114
yadI_predicted,0.07142857142857142,13,13,GGTATGGTCGGGCGCAGGTA,0,4295669
yadI_predicted,0.07142857142857142,13,13,GGTACTCCGATGCCAATGGC,0,4351391
yadI_predicted,0.07142857142857142,13,13,GGTACGACTTCAAAACCGTC,0,4328385
yadI_predicted,0.07142857142857142,13,13,GGTAAGACAACTAGCTGGGA,0,4347519
yadI_predicted,0.07142857142857142,13,13,GGTAAATTTGCAACTCTTAC,0,4309124
yadI_predicted,0.07142857142857142,13,13,GGGTTTGCTGGATCTACTTT,0,4322283
yadI_predicted,0.07142857142857142,13,13,GGGTCTCTCCGGAAAGCTTG,0,4308696
yadI_predicted,0.07142857142857142,13,13,GGGGGCCTGGACAATGGAAA,0,4341512
yadI_predicted,0.07142857142857142,13,13,GGGGAGGTCATGCTCAAACA,0,4353227
yadI_predicted,0.07142857142857142,13,13,GGGCTATTCGACAGTGCCTA,0,4288886
yadI_predicted,0.07142857142857142,13,13,GGGCGCAGTATATTCTATTG,0,4353299
yadI_predicted,0.07142857142857142,13,13,GGGCCGCAAAACGGGGTGCA,0,4341946
yadI_predicted,0.07142857142857142,13,13,GGGCCACTTGGTTTTTGGGA,0,4334853
yadI_predicted,0.07142857142857142,13,13,GGGCATCTCTGGATCGTAAC,0,4335386
yadI_predicted,0.07142857142857142,13,13,GGGAAGTCGGGGCAATGAAC,0,4313449
yadI_predicted,0.07142857142857142,13,13,GGCTCGCGGCTTTCACAAGA,0,4309834
yadI_predicted,0.07142857142857142,13,13,GGCTCAACTTGGCCTCCGAA,0,4341687
yadI_predicted,0.07142857142857142,13,13,GGCGGACGAGGATCAGTTGT,0,4335212
yadI_predicted,0.07142857142857142,13,13,GGCGATGGCCCTGTGTCCTC,0,4312182
yadI_predicted,0.07142857142857142,13,13,GGCCTCAGAAGTGTGCTCCA,0,4320165
yadI_predicted,0.07142857142857142,13,13,GGCCCATACTGTCTCGCGTC,0,4333578
yadI_predicted,0.07142857142857142,13,13,GGCCACAAACCAAGCGTTAC,0,4300543
yadI_predicted,0.07142857142857142,13,13,GGCAATAAGGCTGCTGCGAG,0,4366014
yadI_predicted,0.07142857142857142,13,13,GGCAACGGCAAATAGCTTTG,0,4321064
yadI_predicted,0.07142857142857142,13,13,GGATGTTACCATCAACGCAA,0,4323968
yadI_predicted,0.07142857142857142,13,13,GGATCTTAGCATAGGGATTG,0,4291794
yadI_predicted,0.07142857142857142,13,13,GGATCGTTTTTAGTCCGCCG,0,4317161
yadI_predicted,0.07142857142857142,13,13,GGATCAGGCGACCTGATGTA,0,4356082
yadI_predicted,0.07142857142857142,13,13,GGAACAGCGGAGAGACGGAG,0,4292476
yadI_predicted,0.07142857142857142,13,13,GGAAACTATTACAGCGTTCT,0,4293623
yadI_predicted,0.07142857142857142,13,13,GCTTTACTCAGAGACAACGA,0,4330806
yadI_predicted,0.07142857142857142,13,13,GCTTGTGGTAGATTAGATTC,0,4345808
yadI_predicted,0.07142857142857142,13,13,GCTTCGGCCCGGATTCTTTT,0,4327668
yadI_predicted,0.07142857142857142,13,13,GCTTCCTATGCGCCCCAGTC,0,4317762
yadI_predicted,0.07142857142857142,13,13,GCTTATTATCCGCAAAGCTT,0,4339723
yadI_predicted,0.07142857142857142,13,13,GCTTACCAAGATGCTTGGTC,0,4335279
yadI_predicted,0.07142857142857142,13,13,GCTGTTCGGTCGTGGTGCTG,0,4367208
yadI_predicted,0.07142857142857142,13,13,GCTGTTACTCCGCATCGTGG,0,4287334
yadI_predicted,0.07142857142857142,13,13,GCTGGTTTCAGGGACACCTT,0,4334653
yadI_predicted,0.07142857142857142,13,13,GCTGGGTGGCGACAATGTCA,0,4289119
yadI_predicted,0.07142857142857142,13,13,GCTGGAGGTTATGAAAAACG,0,4352980
yadI_predicted,0.07142857142857142,13,13,GCTGCCGTGTCACACCATCA,0,4337756
yadI_predicted,0.07142857142857142,13,13,GCTGAGGGACCGGAGCCCTA,0,4355871
yadI_predicted,0.07142857142857142,13,13,GCTAAAACCTGAGTAGGCGT,0,4300451
yadI_predicted,0.07142857142857142,13,13,GCGTGGCCTCAGCCCCTTGT,0,4321933
yadI_predicted,0.07142857142857142,13,13,GCGTCTAGTTAGCGCGTCTC,0,4308222
yadI_predicted,0.07142857142857142,13,13,GCGTAACAAGCTTAATATGC,0,4288014
yadI_predicted,0.07142857142857142,13,13,GCGGTCCTGACCGGAGTTCC,0,4351257
yadI_predicted,0.07142857142857142,13,13,GCGGGAACAGCGCAGAGGTC,0,4358576
yadI_predicted,0.07142857142857142,13,13,GCGGCTCTCCACCCGTAAGA,0,4300003
yadI_predicted,0.07142857142857142,13,13,GCGGATCGACGAGTTGGTCT,0,4369393
yadI_predicted,0.07142857142857142,13,13,GCGCTAAGATTCAAAATACA,0,4321704
yadI_predicted,0.07142857142857142,13,13,GCGCGAATAAGTCCTCTGGC,0,4292380
yadI_predicted,0.07142857142857142,13,13,GCGCCATCTCAGGACGTGCC,0,4286529
yadI_predicted,0.07142857142857142,13,13,GCGCAGGACAATTAAAAACA,0,4353194
yadI_predicted,0.07142857142857142,13,13,GCGATAGTGGGATCTCGGAC,0,4295235
yadI_predicted,0.07142857142857142,13,13,GCGAGAATCCTGTCTGTGCG,0,4351907
yadI_predicted,0.07142857142857142,13,13,GCGACACAAGGGCCACTGAC,0,4322194
yadI_predicted,0.07142857142857142,13,13,GCGAAGGCGCAACGTTGTAG,0,4334064
yadI_predicted,0.07142857142857142,13,13,GCCTTATCAGTCACTTAGGT,0,4350288
yadI_predicted,0.07142857142857142,13,13,GCCTCGGTTCGTTCATTCGG,0,4345624
yadI_predicted,0.07142857142857142,13,13,GCCGTACACCGAATTTGTTC,0,4287238
yadI_predicted,0.07142857142857142,13,13,GCCGGGACATAGTGTAATGT,0,4293810
yadI_predicted,0.07142857142857142,13,13,GCCGGATTCGATGTACGCCA,0,4293154
yadI_predicted,0.07142857142857142,13,13,GCCCTGGATTTCAAATGGTC,0,4355768
yadI_predicted,0.07142857142857142,13,13,GCCCGCTAATGGGTACAAGC,0,4316898
yadI_predicted,0.07142857142857142,13,13,GCCCGCATTGCACTCATGCT,0,4296079
yadI_predicted,0.07142857142857142,13,13,GCCCCCGGAGTATCGCGGGG,0,4327118
yadI_predicted,0.07142857142857142,13,13,GCCCACACGTACTAAGAACG,0,4360849
yadI_predicted,0.07142857142857142,13,13,GCCATGTTATTATCACGCAG,0,4364093
yadI_predicted,0.07142857142857142,13,13,GCCATAGAATTAGTCCGAGC,0,4310013
yadI_predicted,0.07142857142857142,13,13,GCCAATAAGATTATGAACTG,0,4289079
yadI_predicted,0.07142857142857142,13,13,GCATGTTGTGTGCGAAAGTC,0,4366783
yadI_predicted,0.07142857142857142,13,13,GCATGACTACGGTTCGCGTC,0,4321922
yadI_predicted,0.07142857142857142,13,13,GCATCGTTAAGTATATACAA,0,4317907
yadI_predicted,0.07142857142857142,13,13,GCATACGGGGTGGCGTGTCG,0,4297361
yadI_predicted,0.07142857142857142,13,13,GCAGTCCCAATGTATATGGC,0,4307953
yadI_predicted,0.07142857142857142,13,13,GCAGCTGTTGCCAGAAATGG,0,4295916
yadI_predicted,0.07142857142857142,13,13,GCACTTAGGGGTCACGGAAT,0,4365283
yadI_predicted,0.07142857142857142,13,13,GCACGCAGGTACCACCCTCG,0,4294555
yadI_predicted,0.07142857142857142,13,13,GCACGATTTATTGACTGCGC,0,4356973
yadI_predicted,0.07142857142857142,13,13,GCACCACTATCCACGGATTG,0,4361705
yadI_predicted,0.07142857142857142,13,13,GCACAATGTTCGCAATGGGA,0,4337470
yadI_predicted,0.07142857142857142,13,13,GCAACCGTATGGTTGATGCA,0,4309791
yadI_predicted,0.07142857142857142,13,13,GATTTGGTCATGACTGTCCC,0,4309838
yadI_predicted,0.07142857142857142,13,13,GATTGGTTTCAGAGCATTAG,0,4346028
yadI_predicted,0.07142857142857142,13,13,GATTGAGGTTGATTTCGAGG,0,4326462
yadI_predicted,0.07142857142857142,13,13,GATGTATCCCTACAGATGTA,0,4354023
yadI_predicted,0.07142857142857142,13,13,GATGCTACGCGCGTGGGGTT,0,4328634
yadI_predicted,0.07142857142857142,13,13,GATCTTCGGCGTATCCGCCT,0,4335830
yadI_predicted,0.07142857142857142,13,13,GATCCATGGAAGAGGAGATC,0,4368882
yadI_predicted,0.07142857142857142,13,13,GATATTCTATATTTGTCGCT,0,4347473
yadI_predicted,0.07142857142857142,13,13,GATAGGGGGAGCAGGATGCT,0,4313806
yadI_predicted,0.07142857142857142,13,13,GATAGGCGGACAGTGAAGTG,0,4331012
yadI_predicted,0.07142857142857142,13,13,GATACCGCCTAATACATAGT,0,4313181
yadI_predicted,0.07142857142857142,13,13,GATACACCCCGAGCTTTAAG,0,4357241
yadI_predicted,0.07142857142857142,13,13,GAGGTGGCCGACGTCCGTCG,0,4286381
yadI_predicted,0.07142857142857142,13,13,GAGGGCTCCACAATACCCAC,0,4329909
yadI_predicted,0.07142857142857142,13,13,GAGGACATTAGCCGACCTCC,0,4350168
yadI_predicted,0.07142857142857142,13,13,GAGGAATTATTGATTCGGGA,0,4286112
yadI_predicted,0.07142857142857142,13,13,GAGGAAGATGTGCGGCAATA,0,4356445
yadI_predicted,0.07142857142857142,13,13,GAGCCTTCAAACGAACGTAT,0,4320965
yadI_predicted,0.07142857142857142,13,13,GAGCCGGCAACGTGCGCGGT,0,4296100
yadI_predicted,0.07142857142857142,13,13,GAGATACAACATTCGCCAAT,0,4305315
yadI_predicted,0.07142857142857142,13,13,GAGAGCCGATTCTAAGGTTG,0,4364655
yadI_predicted,0.07142857142857142,13,13,GAGACATAGTACTGTCATAA,0,4347454
yadI_predicted,0.07142857142857142,13,13,GACTTCCGGACGGTATTCTC,0,4295642
yadI_predicted,0.07142857142857142,13,13,GACTCGAATCCACGGGTCTT,0,4344650
yadI_predicted,0.07142857142857142,13,13,GACGGGAAGCCGGACAAACT,0,4287068
yadI_predicted,0.07142857142857142,13,13,GACGGCCAACAAACGCATAC,0,4365163
yadI_predicted,0.07142857142857142,13,13,GACGCTCATGGGGTCCTAGT,0,4352360
yadI_predicted,0.07142857142857142,13,13,GACCGTTTTCCATCTTGCTT,0,4323747
yadI_predicted,0.07142857142857142,13,13,GACATTGAGATAAACAGGCC,0,4296336
yadI_predicted,0.07142857142857142,13,13,GACATATGATGGGTCAAGGA,0,4285907
yadI_predicted,0.07142857142857142,13,13,GACAGTGTGGGGGAGATGTT,0,4286057
yadI_predicted,0.07142857142857142,13,13,GACAGGACCCGCACACAAGA,0,4331749
yadI_predicted,0.07142857142857142,13,13,GACAGAGTAAGCAAGTTTAC,0,4318203
yadI_predicted,0.07142857142857142,13,13,GAATTTTCTGGTCGGTGTGA,0,4307255
yadI_predicted,0.07142857142857142,13,13,GAATTCGAAAACTTGATGGG,0,4333779
yadI_predicted,0.07142857142857142,13,13,GAATTCACGATCGATCGTGG,0,4309231
yadI_predicted,0.07142857142857142,13,13,GAATCTCGGGAACCCCGTCG,0,4343697
yadI_predicted,0.07142857142857142,13,13,GAATCCAAATTGCTGAGATG,0,4318296
yadI_predicted,0.07142857142857142,13,13,GAATCAGTGGTCATCTCGTT,0,4289520
yadI_predicted,0.07142857142857142,13,13,GAAGTGCGGCTGGTGGCATA,0,4304638
yadI_predicted,0.07142857142857142,13,13,GAAGGCTGCGCGTCGCCAGG,0,4365032
yadI_predicted,0.07142857142857142,13,13,GAAGAGATCGTCGGACAAAT,0,4330464
yadI_predicted,0.07142857142857142,13,13,GAACTAACAACATTGCGGTA,0,4303084
yadI_predicted,0.07142857142857142,13,13,CTTTTTGTAAAGACGTATTT,0,4362421
yadI_predicted,0.07142857142857142,13,13,CTTTGGTTAAACGGAGCCTA,0,4287331
yadI_predicted,0.07142857142857142,13,13,CTTTATTCTGGAGGCTGATC,0,4297446
yadI_predicted,0.07142857142857142,13,13,CTTGTTGGGTCAATTGATAC,0,4309073
yadI_predicted,0.07142857142857142,13,13,CTTGGGTGTTCTCAAGGCAA,0,4346486
yadI_predicted,0.07142857142857142,13,13,CTTGAGGTATCTTTCACCGT,0,4337922
yadI_predicted,0.07142857142857142,13,13,CTTCTTACATTAGCCTGAAA,0,4367479
yadI_predicted,0.07142857142857142,13,13,CTTCTGTGATTGGTGCGTAT,0,4334612
yadI_predicted,0.07142857142857142,13,13,CTTCTAGTTGAACCATTGTG,0,4306202
yadI_predicted,0.07142857142857142,13,13,CTTCCTGGAGTAGAAATGCT,0,4294703
yadI_predicted,0.07142857142857142,13,13,CTTAGTGTCATGTAACCCTG,0,4361978
yadI_predicted,0.07142857142857142,13,13,CTTAGTACCGATGCGACACA,0,4291090
yadI_predicted,0.07142857142857142,13,13,CTTAGCAACAGCGTTGACAC,0,4347340
yadI_predicted,0.07142857142857142,13,13,CTTACAACCCGGCGTGGACT,0,4366894
yadI_predicted,0.07142857142857142,13,13,CTTAATACAGTACGCACGTT,0,4326844
yadI_predicted,0.07142857142857142,13,13,CTTAACCGGTTCAAGCGGCA,0,4340331
yadI_predicted,0.07142857142857142,13,13,CTGTTTTGATAGCGCATACG,0,4345405
yadI_predicted,0.07142857142857142,13,13,CTGTCGATCGAGAGCTCAGG,0,4292596
yadI_predicted,0.07142857142857142,13,13,CTGTAGCTCGGCCCTGAGGA,0,4357813
yadI_predicted,0.07142857142857142,13,13,CTGTAATTGGCATCTGACCT,0,4324678
yadI_predicted,0.07142857142857142,13,13,CTGGTTATACACGTATCAGA,0,4330213
yadI_predicted,0.07142857142857142,13,13,CTGGCTGGCATTCTTTACGC,0,4349877
yadI_predicted,0.07142857142857142,13,13,CTGAGGGCATCGAAAGCGCA,0,4321220
yadI_predicted,0.07142857142857142,13,13,CTCTGGGAAGGCCGTAAGCT,0,4354908
yadI_predicted,0.07142857142857142,13,13,CTCGTTCAATCATATATTTC,0,4353647
yadI_predicted,0.07142857142857142,13,13,CTCGTCTCGCCCGGAGTCCA,0,4299305
yadI_predicted,0.07142857142857142,13,13,CTCGTACGCCCCGAGTCGCT,0,4333911
yadI_predicted,0.07142857142857142,13,13,CTCGGGCATGGTTAGCTCGA,0,4318140
yadI_predicted,0.07142857142857142,13,13,CTCGAGAATTACAGAGGCCA,0,4296550
yadI_predicted,0.07142857142857142,13,13,CTCCGTCAGGCCACTTCACG,0,4288583
yadI_predicted,0.07142857142857142,13,13,CTCCATCAGCGCGAGGGAGG,0,4358006
yadI_predicted,0.07142857142857142,13,13,CTCCAGCATTCTACACACGC,0,4324933
yadI_predicted,0.07142857142857142,13,13,CTCAATGAGTGAGCCTAGAC,0,4296028
yadI_predicted,0.07142857142857142,13,13,CTATTATGAGGAAGTGGGTG,0,4357049
yadI_predicted,0.07142857142857142,13,13,CTATAGCACTCGAGCTTATA,0,4289717
yadI_predicted,0.07142857142857142,13,13,CTATACTTATAATAGGAGAT,0,4298820
yadI_predicted,0.07142857142857142,13,13,CTAGTACTTGACGGTCAAGT,0,4325443
yadI_predicted,0.07142857142857142,13,13,CTAGGAGAGTGTCCCGGGTC,0,4306671
yadI_predicted,0.07142857142857142,13,13,CTACTTTTCGCCACAGACGA,0,4299187
yadI_predicted,0.07142857142857142,13,13,CTACGACAGGGATCTTAACC,0,4332051
yadI_predicted,0.07142857142857142,13,13,CTAAGCGGACTCTGAAGCCG,0,4334927
yadI_predicted,0.07142857142857142,13,13,CGTTTTGGACGCGACAGGTA,0,4312689
yadI_predicted,0.07142857142857142,13,13,CGTTTAATCTCCGGCATTCT,0,4366377
yadI_predicted,0.07142857142857142,13,13,CGTGTCGTGATCCTGGAACT,0,4316906
yadI_predicted,0.07142857142857142,13,13,CGTGGTAGGGCTCTAATGTT,0,4295804
yadI_predicted,0.07142857142857142,13,13,CGTGCGGCTCATCAAGCCAC,0,4362045
yadI_predicted,0.07142857142857142,13,13,CGTGAGTCCGCCAACTATTC,0,4312817
yadI_predicted,0.07142857142857142,13,13,CGTCCTCCTTATTCAGGTGT,0,4337405
yadI_predicted,0.07142857142857142,13,13,CGTATACAAACTACGATCAA,0,4296556
yadI_predicted,0.07142857142857142,13,13,CGTACTTAAGAGGTAATATC,0,4313301
yadI_predicted,0.07142857142857142,13,13,CGTACATGGGATAGTTGTCC,0,4293356
yadI_predicted,0.07142857142857142,13,13,CGGTTTAGTGGGCCTGAGTT,0,4354664
yadI_predicted,0.07142857142857142,13,13,CGGTTGCCATTCATCGTTCG,0,4358361
yadI_predicted,0.07142857142857142,13,13,CGGTTGAAATTTTAGCGCTA,0,4355786
yadI_predicted,0.07142857142857142,13,13,CGGTTCACAAAGCTCAGCGG,0,4352168
yadI_predicted,0.07142857142857142,13,13,CGGTGCACCGGATTGAAAAT,0,4326309
yadI_predicted,0.07142857142857142,13,13,CGGTGAGACATGTCAGGTGG,0,4346975
yadI_predicted,0.07142857142857142,13,13,CGGTGACGGCATAGGCCGAA,0,4341198
yadI_predicted,0.07142857142857142,13,13,CGGTAAGCGTGTTCGGGTTA,0,4347740
yadI_predicted,0.07142857142857142,13,13,CGGGTTCCTAGAGTCGAATT,0,4334222
yadI_predicted,0.07142857142857142,13,13,CGGGTAACACTGATCTTGGG,0,4290190
yadI_predicted,0.07142857142857142,13,13,CGGGGCGCAACACAGTTAGA,0,4304957
yadI_predicted,0.07142857142857142,13,13,CGGGATACCTGAGTCGAAAT,0,4289838
yadI_predicted,0.07142857142857142,13,13,CGGGAAAGTTCAGTGGACCA,0,4296992
yadI_predicted,0.07142857142857142,13,13,CGGCTATAATATCCCGCCTA,0,4322486
yadI_predicted,0.07142857142857142,13,13,CGGCGTTAGGCTCGGCAAGC,0,4365585
yadI_predicted,0.07142857142857142,13,13,CGGCGCAGCGCGAACCTACT,0,4306560
yadI_predicted,0.07142857142857142,13,13,CGGCGAATGATAGATGGTCT,0,4289392
yadI_predicted,0.07142857142857142,13,13,CGGAGGTCCCCCCGTCAGAT,0,4330268
yadI_predicted,0.07142857142857142,13,13,CGGAGCCAAGACTGATTAGG,0,4336442
yadI_predicted,0.07142857142857142,13,13,CGGAGAAGTCATCTATGAGC,0,4301548
yadI_predicted,0.07142857142857142,13,13,CGGACCCGGCTTTGGCATAC,0,4351157
yadI_predicted,0.07142857142857142,13,13,CGGAATTGGTTCTGGCGTGT,0,4285295
yadI_predicted,0.07142857142857142,13,13,CGGAAATCAGCCACAGCCAC,0,4291965
yadI_predicted,0.07142857142857142,13,13,CGCTGCTTTAGTGATTTCGG,0,4317237
yadI_predicted,0.07142857142857142,13,13,CGCTGACGGGGAGGTCTGTT,0,4315417
yadI_predicted,0.07142857142857142,13,13,CGCGTCGAATTAAGGACGGC,0,4364522
yadI_predicted,0.07142857142857142,13,13,CGCGGGGGGCAGCGGTCTGG,0,4294870
yadI_predicted,0.07142857142857142,13,13,CGCGCAGAGGCGCGAGTCTG,0,4323611
yadI_predicted,0.07142857142857142,13,13,CGCCTTTAAAATCAGTCTAT,0,4342761
yadI_predicted,0.07142857142857142,13,13,CGCCTAGGGTCCGCATGGCT,0,4355513
yadI_predicted,0.07142857142857142,13,13,CGCCCGATTTCTGAACTTCA,0,4290063
yadI_predicted,0.07142857142857142,13,13,CGCACTTGTCCATGAGATCC,0,4351043
yadI_predicted,0.07142857142857142,13,13,CGCAACGCCAAGCAAGGGTA,0,4324219
yadI_predicted,0.07142857142857142,13,13,CGCAACGATCTGGCTAGGTA,0,4294265
yadI_predicted,0.07142857142857142,13,13,CGATTAGGAGCCACGCACGT,0,4321472
yadI_predicted,0.07142857142857142,13,13,CGATGGTGGAACGTCGCTTG,0,4304830
yadI_predicted,0.07142857142857142,13,13,CGATGCGGCCGACCAGAAAC,0,4339466
yadI_predicted,0.07142857142857142,13,13,CGAGTCCACTTTATTCACAG,0,4285370
yadI_predicted,0.07142857142857142,13,13,CGAGTACACGACAGTAATTA,0,4313281
yadI_predicted,0.07142857142857142,13,13,CGAGATGGTAGTTGTTGTGC,0,4324815
yadI_predicted,0.07142857142857142,13,13,CGAGAATGGCCGAACCCTAG,0,4321929
yadI_predicted,0.07142857142857142,13,13,CGACTTTGAAGGCGAATACG,0,4313477
yadI_predicted,0.07142857142857142,13,13,CGAATGTCTAGACCCAATTC,0,4335082
yadI_predicted,0.07142857142857142,13,13,CGAAATTTCCATATTGTATG,0,4326447
yadI_predicted,0.07142857142857142,13,13,CCTTGTATACACAATCGAAT,0,4364171
yadI_predicted,0.07142857142857142,13,13,CCTTGGGCCTGACAGTACGT,0,4344554
yadI_predicted,0.07142857142857142,13,13,CCTTCATGCGGACGTAAACA,0,4285446
yadI_predicted,0.07142857142857142,13,13,CCTGCTGCCTGGGTCGCGTG,0,4353821
yadI_predicted,0.07142857142857142,13,13,CCTGCCGATAAAAATAACCA,0,4343642
yadI_predicted,0.07142857142857142,13,13,CCTGACATTATACATGAAAA,0,4365328
yadI_predicted,0.07142857142857142,13,13,CCTGAACCCAGTCCATTAGT,0,4334779
yadI_predicted,0.07142857142857142,13,13,CCTCTGCTCTATACGTATCA,0,4297844
yadI_predicted,0.07142857142857142,13,13,CCTCCTACGAGTGTTAATAC,0,4306656
yadI_predicted,0.07142857142857142,13,13,CCTCAACTTTTTCTGTCCTT,0,4310985
yadI_predicted,0.07142857142857142,13,13,CCTACTATAGTTTGGTTTTA,0,4343760
yadI_predicted,0.07142857142857142,13,13,CCTACCGCCCCGCTTGATTT,0,4343104
yadI_predicted,0.07142857142857142,13,13,CCTAACATTGGATAATGTTC,0,4288070
yadI_predicted,0.07142857142857142,13,13,CCGTGCACGATTAAAGAGCT,0,4329001
yadI_predicted,0.07142857142857142,13,13,CCGCTGCAGTACGGAAGCGC,0,4332590
yadI_predicted,0.07142857142857142,13,13,CCGCCGCGGTGCTAGTTACA,0,4338256
yadI_predicted,0.07142857142857142,13,13,CCGCAATCGTAGTCAGGCGA,0,4368717
yadI_predicted,0.07142857142857142,13,13,CCGATCGGATCCCCTATTAC,0,4342892
yadI_predicted,0.07142857142857142,13,13,CCGACTCTTTGTCGAATCTA,0,4346632
yadI_predicted,0.07142857142857142,13,13,CCGACCTGTAACTGCGGGCT,0,4326735
yadI_predicted,0.07142857142857142,13,13,CCCTTTCATCCCATTGGAGA,0,4319764
yadI_predicted,0.07142857142857142,13,13,CCCTGATAGTCATGCCGTTC,0,4356732
yadI_predicted,0.07142857142857142,13,13,CCCTCCAATGGATGCTTCTC,0,4369110
yadI_predicted,0.07142857142857142,13,13,CCCTAAGGGCCAGCGAATAT,0,4357995
yadI_predicted,0.07142857142857142,13,13,CCCTAACACCATTATGAGAT,0,4329733
yadI_predicted,0.07142857142857142,13,13,CCCGGACAACACTTGTCAAC,0,4299805
yadI_predicted,0.07142857142857142,13,13,CCCGACTGGTGATTCGCCTC,0,4351607
yadI_predicted,0.07142857142857142,13,13,CCCGACACTTAAGCGTCGTG,0,4336552
yadI_predicted,0.07142857142857142,13,13,CCCCTTGCATGTGTACCACG,0,4291752
yadI_predicted,0.07142857142857142,13,13,CCCCGCAGGCGCCGAGTTGC,0,4341577
yadI_predicted,0.07142857142857142,13,13,CCCCCACGACGCCGCTAACA,0,4323132
yadI_predicted,0.07142857142857142,13,13,CCCAACAAGTCGGAAACCGT,0,4331125
yadI_predicted,0.07142857142857142,13,13,CCATTTGGTCAGTTCTAGCC,0,4332577
yadI_predicted,0.07142857142857142,13,13,CCATTTGCACTTTAGTTTGC,0,4338164
yadI_predicted,0.07142857142857142,13,13,CCACGTGACGACCCAGGAGC,0,4367761
yadI_predicted,0.07142857142857142,13,13,CCACGGGGAGGGGAAAGGCC,0,4315268
yadI_predicted,0.07142857142857142,13,13,CCACGGGCCGATCCGTAGAG,0,4317234
yadI_predicted,0.07142857142857142,13,13,CCAATCGATCATCATGTTAG,0,4335708
yadI_predicted,0.07142857142857142,13,13,CCAAGAAAGCAACGCCTAAC,0,4336451
yadI_predicted,0.07142857142857142,13,13,CCAACTCTCGCTCCCGTTCA,0,4312586
yadI_predicted,0.07142857142857142,13,13,CCAACGGTAGGTGTAACCAG,0,4350488
yadI_predicted,0.07142857142857142,13,13,CATTGCCGGCTAACTTTATT,0,4338332
yadI_predicted,0.07142857142857142,13,13,CATGTGGTTAATGGGTTCAG,0,4304214
yadI_predicted,0.07142857142857142,13,13,CATGCTGGAAGTTCGAGTTC,0,4327233
yadI_predicted,0.07142857142857142,13,13,CATGAAACTGTTGAGTAGGG,0,4366639
yadI_predicted,0.07142857142857142,13,13,CATCTTAAGCATCTAAGTTG,0,4348247
yadI_predicted,0.07142857142857142,13,13,CATCTTAAACACCAGCCGCT,0,4366900
yadI_predicted,0.07142857142857142,13,13,CATATAGGATCATAGCTGCG,0,4350014
yadI_predicted,0.07142857142857142,13,13,CATATAATATCGCTTGTCCT,0,4308192
yadI_predicted,0.07142857142857142,13,13,CATACTCTGTGAAGCCTTCG,0,4324516
yadI_predicted,0.07142857142857142,13,13,CATAACTTGAAATCGTGAAG,0,4357498
yadI_predicted,0.07142857142857142,13,13,CAGTTACACGAAGAATTTGA,0,4345009
yadI_predicted,0.07142857142857142,13,13,CAGTCTCCTTTATCCCCCGT,0,4292096
yadI_predicted,0.07142857142857142,13,13,CAGTACTGGCCCTCGCTGCA,0,4297543
yadI_predicted,0.07142857142857142,13,13,CAGGTAGCTGTGGGGCTGTC,0,4324739
yadI_predicted,0.07142857142857142,13,13,CAGGGTCCCGCCATTCAGAA,0,4306843
yadI_predicted,0.07142857142857142,13,13,CAGGGGTAATTTAACTTCAT,0,4298049
yadI_predicted,0.07142857142857142,13,13,CAGGCCTGCGCACGGGGTCT,0,4301421
yadI_predicted,0.07142857142857142,13,13,CAGCTACAATATCTTTATGA,0,4324066
yadI_predicted,0.07142857142857142,13,13,CAGCGCTTTCTGAAGATTTG,0,4348140
yadI_predicted,0.07142857142857142,13,13,CAGCAAATAGCGCGTTCAGT,0,4332098
yadI_predicted,0.07142857142857142,13,13,CAGAGTTTAATCGAGCTCCA,0,4286683
yadI_predicted,0.07142857142857142,13,13,CACTTTACATTTATTGCCCC,0,4300452
yadI_predicted,0.07142857142857142,13,13,CACTGGTTCATGTTGCCCAA,0,4356194
yadI_predicted,0.07142857142857142,13,13,CACTGCACGATGGGATAATG,0,4311791
yadI_predicted,0.07142857142857142,13,13,CACGTCGCACCCTGTGGCCG,0,4306466
yadI_predicted,0.07142857142857142,13,13,CACGCTTCGATGCGGGATGG,0,4316601
yadI_predicted,0.07142857142857142,13,13,CACGAAATGTTAAGTCTGCA,0,4357805
yadI_predicted,0.07142857142857142,13,13,CACCTGTGACCTGACTAGAA,0,4365187
yadI_predicted,0.07142857142857142,13,13,CACACCCTCTGAGCAGCGGG,0,4349459
yadI_predicted,0.07142857142857142,13,13,CACACACAAGGTGTGTAGAT,0,4302217
yadI_predicted,0.07142857142857142,13,13,CAATTTCTTCAGCGCTACGA,0,4308495
yadI_predicted,0.07142857142857142,13,13,CAATGTTGCATAACGTCAAC,0,4369541
yadI_predicted,0.07142857142857142,13,13,CAATGCCCTGGTAAATGGCT,0,4285478
yadI_predicted,0.07142857142857142,13,13,CAATGATCTCGGACTCACGT,0,4364859
yadI_predicted,0.07142857142857142,13,13,CAAGGACTATTACCGCGCGA,0,4325403
yadI_predicted,0.07142857142857142,13,13,CAACATGAAACATCCAACAC,0,4362878
yadI_predicted,0.07142857142857142,13,13,CAAAAGTGAGCTAGGCCTTT,0,4364007
yadI_predicted,0.07142857142857142,13,13,ATTTCTATCGGAACAAAGGC,0,4324061
yadI_predicted,0.07142857142857142,13,13,ATTTAGCTTTCGCAGGGCAA,0,4287943
yadI_predicted,0.07142857142857142,13,13,ATTGGGTCGCAGCGACACCT,0,4309844
yadI_predicted,0.07142857142857142,13,13,ATTGGATGCCGGATTGGCCA,0,4359302
yadI_predicted,0.07142857142857142,13,13,ATTCTGGTTTTTGACAAACG,0,4352749
yadI_predicted,0.07142857142857142,13,13,ATTCTCGGCCCGTAAGCCTC,0,4297556
yadI_predicted,0.07142857142857142,13,13,ATTATAGTACGGATGGGGGT,0,4365807
yadI_predicted,0.07142857142857142,13,13,ATTATAAGGCTGAGGTCTTT,0,4332226
yadI_predicted,0.07142857142857142,13,13,ATTAGGTAACGTGTCACCCA,0,4306416
yadI_predicted,0.07142857142857142,13,13,ATTAGAGCATTGCACCCCAC,0,4323217
yadI_predicted,0.07142857142857142,13,13,ATTACGGACCGAACGTGGAA,0,4307556
yadI_predicted,0.07142857142857142,13,13,ATTAAGGTGAACTCGTCAAG,0,4284658
yadI_predicted,0.07142857142857142,13,13,ATGTTGTTTAGTAGAATATG,0,4297443
yadI_predicted,0.07142857142857142,13,13,ATGTTGGGCTTGACCTTGTA,0,4315915
yadI_predicted,0.07142857142857142,13,13,ATGTTGACCGGATCATTAGC,0,4295492
yadI_predicted,0.07142857142857142,13,13,ATGTGCATGAGTCATCAATG,0,4324148
yadI_predicted,0.07142857142857142,13,13,ATGTAGAGACCGCTCGGAAT,0,4345461
yadI_predicted,0.07142857142857142,13,13,ATGGGTAGCGGGTGGTATGG,0,4357873
yadI_predicted,0.07142857142857142,13,13,ATGGCGGCTTCAGACTTAGT,0,4307513
yadI_predicted,0.07142857142857142,13,13,ATGGCCACGTGGTTAGCCTT,0,4299513
yadI_predicted,0.07142857142857142,13,13,ATGCTTCACCATTTCCGGGA,0,4301417
yadI_predicted,0.07142857142857142,13,13,ATGCTGTGAAGATTAAAGCA,0,4305732
yadI_predicted,0.07142857142857142,13,13,ATGCCGCCGCCTTCGGGTTT,0,4302928
yadI_predicted,0.07142857142857142,13,13,ATGCATGACTCCGGGGGGGG,0,4360797
yadI_predicted,0.07142857142857142,13,13,ATGAGTTTCAACTGCGCGAT,0,4299830
yadI_predicted,0.07142857142857142,13,13,ATCTTGATGAATTGTCAAGA,0,4325002
yadI_predicted,0.07142857142857142,13,13,ATCTTAGCTAGAAGAGCCAC,0,4343856
yadI_predicted,0.07142857142857142,13,13,ATCTGGAAGTCTACTTAATA,0,4301984
yadI_predicted,0.07142857142857142,13,13,ATCTCGAGGCGAGCGGACTA,0,4309236
yadI_predicted,0.07142857142857142,13,13,ATCTATTTCATTGACATATA,0,4324337
yadI_predicted,0.07142857142857142,13,13,ATCTATTAGAAGTCTGTCTC,0,4364231
yadI_predicted,0.07142857142857142,13,13,ATCGGTAGTAAAAATGGTGT,0,4311421
yadI_predicted,0.07142857142857142,13,13,ATCGCAGTTCGAATAAGGCC,0,4335367
yadI_predicted,0.07142857142857142,13,13,ATCGAGCTAATCGCCTAAAC,0,4285027
yadI_predicted,0.07142857142857142,13,13,ATCGAAGTTGTCCGCGATGC,0,4322833
yadI_predicted,0.07142857142857142,13,13,ATCCTTGCAAGCTTTGAAAT,0,4324006
yadI_predicted,0.07142857142857142,13,13,ATCCGCGGGTAGTTAAGATA,0,4355030
yadI_predicted,0.07142857142857142,13,13,ATCCATAGCGTTTGCCACAT,0,4366378
yadI_predicted,0.07142857142857142,13,13,ATATTTATCTAGATTTCTCA,0,4306261
yadI_predicted,0.07142857142857142,13,13,ATATGTCGTTCATAACTTAT,0,4310193
yadI_predicted,0.07142857142857142,13,13,ATATGAATTGTCATCGCTTG,0,4351507
yadI_predicted,0.07142857142857142,13,13,ATATCCGGAGGCGGGAGTGG,0,4305905
yadI_predicted,0.07142857142857142,13,13,ATAGTGTCGGTTGCTATTTC,0,4321765
yadI_predicted,0.07142857142857142,13,13,ATAGTAAGGGGCTCTCTACA,0,4336520
yadI_predicted,0.07142857142857142,13,13,ATACGTAAATCATTGAGAAC,0,4298240
yadI_predicted,0.07142857142857142,13,13,ATACGCGGATTGTTGTAGAA,0,4369467
yadI_predicted,0.07142857142857142,13,13,ATACGCACTTGTGATGGTGA,0,4305392
yadI_predicted,0.07142857142857142,13,13,ATACGAGCTAGTCCGGCAAC,0,4298490
yadI_predicted,0.07142857142857142,13,13,ATACCACGGGTAAGTATTCG,0,4336977
yadI_predicted,0.07142857142857142,13,13,ATAATCTTATTTCATGCGTA,0,4341090
yadI_predicted,0.07142857142857142,13,13,ATAAGGAACCCGCCTTAGAT,0,4301980
yadI_predicted,0.07142857142857142,13,13,ATAAGACAAGAATTCGAACA,0,4329227
yadI_predicted,0.07142857142857142,13,13,ATAACCCAACAGTACCAGAG,0,4286168
yadI_predicted,0.07142857142857142,13,13,ATAAAAAACGCCGAAATCTC,0,4354787
yadI_predicted,0.07142857142857142,13,13,AGTTTTGAATTTTACTCGGT,0,4320222
yadI_predicted,0.07142857142857142,13,13,AGTTGGTTAGATCGGTACCT,0,4317681
yadI_predicted,0.07142857142857142,13,13,AGTTGCGACAACGGACGAAT,0,4364564
yadI_predicted,0.07142857142857142,13,13,AGTTCATTAACCGCCTGGGT,0,4367107
yadI_predicted,0.07142857142857142,13,13,AGTTACTTATGCCACAAAAT,0,4329521
yadI_predicted,0.07142857142857142,13,13,AGTGCACGGCCTCTGCACCG,0,4287228
yadI_predicted,0.07142857142857142,13,13,AGTCCCTTCCAGAAACAGCA,0,4325958
yadI_predicted,0.07142857142857142,13,13,AGTCATTCTTTTCTATCACT,0,4348387
yadI_predicted,0.07142857142857142,13,13,AGTATGAGCGGAAGGTCAAT,0,4327657
yadI_predicted,0.07142857142857142,13,13,AGTAGTGCTTTACCCGGCTC,0,4312413
yadI_predicted,0.07142857142857142,13,13,AGTACGTATATAGACTTAGA,0,4299370
yadI_predicted,0.07142857142857142,13,13,AGGTATATTGTTTCGTGGTC,0,4287836
yadI_predicted,0.07142857142857142,13,13,AGGTAACATAGCGAGTTCCC,0,4337317
yadI_predicted,0.07142857142857142,13,13,AGGGTGTTCTGAACTAAATG,0,4310094
yadI_predicted,0.07142857142857142,13,13,AGGGCTGAGCATTGGGGACA,0,4338271
yadI_predicted,0.07142857142857142,13,13,AGGGCGCTAGCCGCGTGCGA,0,4294809
yadI_predicted,0.07142857142857142,13,13,AGGGAATTTCGCAAGCGCCT,0,4328036
yadI_predicted,0.07142857142857142,13,13,AGGGAATAACGCCAAGCTTC,0,4292887
yadI_predicted,0.07142857142857142,13,13,AGGCTCGTCATGAATCAGGT,0,4347287
yadI_predicted,0.07142857142857142,13,13,AGGCGTGATAGGTACAGGAG,0,4290200
yadI_predicted,0.07142857142857142,13,13,AGGCACCAATAGTGTGGCGA,0,4297060
yadI_predicted,0.07142857142857142,13,13,AGGATGTCCGTAGAGCCGGG,0,4327332
yadI_predicted,0.07142857142857142,13,13,AGGATAGTGGGAGGTAGAAG,0,4360810
yadI_predicted,0.07142857142857142,13,13,AGGAGCTACATTCGGCTGGG,0,4311267
yadI_predicted,0.07142857142857142,13,13,AGGACGGGGGCGAGAAAATA,0,4292902
yadI_predicted,0.07142857142857142,13,13,AGGAACTTGAAAATGTACGC,0,4335202
yadI_predicted,0.07142857142857142,13,13,AGCTTGCGTGGGTCAATTTG,0,4324507
yadI_predicted,0.07142857142857142,13,13,AGCTCGCCTCATCAGACAGT,0,4344097
yadI_predicted,0.07142857142857142,13,13,AGCTAACGCGCAGGATTATC,0,4299076
yadI_predicted,0.07142857142857142,13,13,AGCGACTTAGTGCATATACG,0,4319532
yadI_predicted,0.07142857142857142,13,13,AGCGAATTAAATGTCATAAT,0,4295800
yadI_predicted,0.07142857142857142,13,13,AGCCTAGTAAGTGGATCTCA,0,4362685
yadI_predicted,0.07142857142857142,13,13,AGCCGCGGCTGTGCCGGAGC,0,4310228
yadI_predicted,0.07142857142857142,13,13,AGCATCGCTTTGAACAAATA,0,4347392
yadI_predicted,0.07142857142857142,13,13,AGATGTGTGTTACTGGGACT,0,4330484
yadI_predicted,0.07142857142857142,13,13,AGATCCATTTCCTCACCGAC,0,4285126
yadI_predicted,0.07142857142857142,13,13,AGATACGGCATTATGGCAAA,0,4348980
yadI_predicted,0.07142857142857142,13,13,AGAGCTATTCTGAGTGGTAT,0,4327558
yadI_predicted,0.07142857142857142,13,13,AGAGCGTTAGCACAGGCTTG,0,4290698
yadI_predicted,0.07142857142857142,13,13,AGAGACGGAGGCGGGCGTTT,0,4306135
yadI_predicted,0.07142857142857142,13,13,AGAATGGTCATCGTCGGACT,0,4354922
yadI_predicted,0.07142857142857142,13,13,AGAATCCAACTGGCCCACCA,0,4345119
yadI_predicted,0.07142857142857142,13,13,AGAATAATCATTCCCTAGGA,0,4351595
yadI_predicted,0.07142857142857142,13,13,AGAAGGGGACACCTCCGCAG,0,4360570
yadI_predicted,0.07142857142857142,13,13,AGAACACTCGCGCAAACGTG,0,4340380
yadI_predicted,0.07142857142857142,13,13,ACTTTGACCACATTCCAGAG,0,4364393
yadI_predicted,0.07142857142857142,13,13,ACTTCACATTTCAAGCTCAG,0,4338837
yadI_predicted,0.07142857142857142,13,13,ACTTAAATTTGCTGGGGTCA,0,4317516
yadI_predicted,0.07142857142857142,13,13,ACTGTAATTTTCTCTTGTCA,0,4289012
yadI_predicted,0.07142857142857142,13,13,ACTGGGCTCATGGCCCCGTA,0,4331831
yadI_predicted,0.07142857142857142,13,13,ACTGGCGTCGGTTATTGCTA,0,4308604
yadI_predicted,0.07142857142857142,13,13,ACTCTGGTGTTCTACTTCAT,0,4360616
yadI_predicted,0.07142857142857142,13,13,ACTCGTGATCATACCTTATA,0,4307414
yadI_predicted,0.07142857142857142,13,13,ACTCAACCAATCATTGCCGG,0,4292863
yadI_predicted,0.07142857142857142,13,13,ACTAAGAAGCTTAGGATCCA,0,4308154
yadI_predicted,0.07142857142857142,13,13,ACGTTAATGGCACGTGAAAC,0,4334652
yadI_predicted,0.07142857142857142,13,13,ACGTGGGGTCAAAAATTCGG,0,4308694
yadI_predicted,0.07142857142857142,13,13,ACGTGCTCCATCGAATTAAG,0,4330801
yadI_predicted,0.07142857142857142,13,13,ACGTCAAGGGCCTGGGATAC,0,4357012
yadI_predicted,0.07142857142857142,13,13,ACGGTTTTCAATTGGGCCAC,0,4330945
yadI_predicted,0.07142857142857142,13,13,ACGGTAACAGCTGTTAACGA,0,4290338
yadI_predicted,0.07142857142857142,13,13,ACGGACCATACTGATACTAT,0,4321002
yadI_predicted,0.07142857142857142,13,13,ACGGAATCCGAAGGAAACTC,0,4314821
yadI_predicted,0.07142857142857142,13,13,ACGCGGGAGCTCGAAAATCA,0,4370023
yadI_predicted,0.07142857142857142,13,13,ACGCATAGAGCAGTTATCGC,0,4345338
yadI_predicted,0.07142857142857142,13,13,ACGATGGTGCGCTGACTACA,0,4329691
yadI_predicted,0.07142857142857142,13,13,ACGACGCCGGTGTGGTCAGA,0,4286506
yadI_predicted,0.07142857142857142,13,13,ACGAAGGTCATCTATACTGA,0,4314296
yadI_predicted,0.07142857142857142,13,13,ACGAAGAGTTTGGCGAGAAT,0,4364248
yadI_predicted,0.07142857142857142,13,13,ACCTACCAACGTTGGGCAGC,0,4358363
yadI_predicted,0.07142857142857142,13,13,ACCTAAAGGCCGTTGCAAGA,0,4335365
yadI_predicted,0.07142857142857142,13,13,ACCGAGAGTCATCCCCCAAA,0,4340851
yadI_predicted,0.07142857142857142,13,13,ACCCAGTGTTCTATCCAGAG,0,4353809
yadI_predicted,0.07142857142857142,13,13,ACCAGGGGTCCCGTTGCTCG,0,4298083
yadI_predicted,0.07142857142857142,13,13,ACATGCGCAATTTGCTTCTT,0,4332113
yadI_predicted,0.07142857142857142,13,13,ACATCGGGGCGTCAACTTTA,0,4285674
yadI_predicted,0.07142857142857142,13,13,ACATCATTCGGCTTTCATTT,0,4287672
yadI_predicted,0.07142857142857142,13,13,ACACGTCCGATCGCACACGC,0,4349631
yadI_predicted,0.07142857142857142,13,13,ACACGGTTAAAACGGGGAAC,0,4310646
yadI_predicted,0.07142857142857142,13,13,ACACATACGCTTGGGTCCCT,0,4356578
yadI_predicted,0.07142857142857142,13,13,ACACAGGAGTGTCATGAGAC,0,4313812
yadI_predicted,0.07142857142857142,13,13,ACAACCGTTGGGTCGGAGGT,0,4296851
yadI_predicted,0.07142857142857142,13,13,ACAAAGTTTTAAATAAGGTA,0,4294654
yadI_predicted,0.07142857142857142,13,13,AATTTCCCATTACCCCTGCT,0,4347379
yadI_predicted,0.07142857142857142,13,13,AATGGCATCTAGCCTAGACC,0,4369296
yadI_predicted,0.07142857142857142,13,13,AATGGATGATTGCTTGTGTG,0,4345196
yadI_predicted,0.07142857142857142,13,13,AATGGAACCATCTAAGTCTC,0,4328962
yadI_predicted,0.07142857142857142,13,13,AATCTCGAGGACGGTCCCGT,0,4348209
yadI_predicted,0.07142857142857142,13,13,AATCCAGATTGAGATCTAGA,0,4362791
yadI_predicted,0.07142857142857142,13,13,AATATATTGCGACTTTATAA,0,4306791
yadI_predicted,0.07142857142857142,13,13,AATACTCTGTGGACAACTAA,0,4341443
yadI_predicted,0.07142857142857142,13,13,AAGTGAAGCTGGCAGATAGA,0,4295573
yadI_predicted,0.07142857142857142,13,13,AAGTCTTGGGGCTCAGATTA,0,4309426
yadI_predicted,0.07142857142857142,13,13,AAGTCCGCGATCGTCAGGAG,0,4342191
yadI_predicted,0.07142857142857142,13,13,AAGTCCATGGCGGCCGTTTA,0,4334531
yadI_predicted,0.07142857142857142,13,13,AAGGTAGCAGCGTTTTCATT,0,4326709
yadI_predicted,0.07142857142857142,13,13,AAGGCACACAATATACTGTT,0,4322724
yadI_predicted,0.07142857142857142,13,13,AAGGCAAAGCCCCCACACTT,0,4311538
yadI_predicted,0.07142857142857142,13,13,AAGGAGTGGTTAAAAGCCCT,0,4347252
yadI_predicted,0.07142857142857142,13,13,AAGCGTGGGCACTATCCGGC,0,4366570
yadI_predicted,0.07142857142857142,13,13,AAGCATGTAATCCAAGATCC,0,4314380
yadI_predicted,0.07142857142857142,13,13,AAGCAATCAGGTTTAGGGAA,0,4346716
yadI_predicted,0.07142857142857142,13,13,AAGACACGGCCCGGGTCCAG,0,4336618
yadI_predicted,0.07142857142857142,13,13,AAGAAGTAGCGACTCATGAC,0,4328389
yadI_predicted,0.07142857142857142,13,13,AAGAACTATCGGAGCAAGGT,0,4332778
yadI_predicted,0.07142857142857142,13,13,AACGTTGTGAGCCATAAGTT,0,4287459
yadI_predicted,0.07142857142857142,13,13,AACGTGACTAAACAAGCGAA,0,4304655
yadI_predicted,0.07142857142857142,13,13,AACGCTAACAGTTGGGAATC,0,4351320
yadI_predicted,0.07142857142857142,13,13,AACGCCCGCCTTTACCCCTC,0,4322558
yadI_predicted,0.07142857142857142,13,13,AACGCATCGGAGTCCGTTCA,0,4295185
yadI_predicted,0.07142857142857142,13,13,AACCTATGAAACTAGCGGCA,0,4302378
yadI_predicted,0.07142857142857142,13,13,AACCGTTACCCTATATTGGC,0,4308147
yadI_predicted,0.07142857142857142,13,13,AACCCGAGGTTTTCTGTTGC,0,4317619
yadI_predicted,0.07142857142857142,13,13,AACCCATCTGGTATCTAGGG,0,4338345
yadI_predicted,0.07142857142857142,13,13,AACCATCGATTCCCCATGTT,0,4299974
yadI_predicted,0.07142857142857142,13,13,AACACCCCTTTCTCGGGTAT,0,4284302
yadI_predicted,0.07142857142857142,13,13,AACAATCCGCGTCGAAGTCG,0,4367348
yadI_predicted,0.07142857142857142,13,13,AAATCTGTCCACCTGACATC,0,4324492
yadI_predicted,0.07142857142857142,13,13,AAATAGCAGAGCGGACACAG,0,4367010
yadI_predicted,0.07142857142857142,13,13,AAACGGCGGTGGTACAAAGG,0,4329300
yadI_predicted,0.07142857142857142,13,13,AAACGATCCGAGACCCTGCT,0,4322599
yadI_predicted,0.07142857142857142,13,13,AAACCCCGGATACGCATTTT,0,4331805
yadI_predicted,0.07142857142857142,13,13,AAAATGTAGGCATTGCGTCT,0,4306744
yadI_predicted,0.07692307692307693,12,12,TTTTTCGAGGCCAGGTTAGA,0,4311174
yadI_predicted,0.07692307692307693,12,12,TTTTTATTAAACAGCTATCA,0,4328272
yadI_predicted,0.07692307692307693,12,12,TTTTCCGCACGGCATCAGAC,0,4316595
yadI_predicted,0.07692307692307693,12,12,TTTTATAGATGAGTGGCATG,0,4287018
yadI_predicted,0.07692307692307693,12,12,TTTGTATACAACAGATCGAA,0,4349515
yadI_predicted,0.07692307692307693,12,12,TTTCTTGGCGGACACTTACC,0,4337625
yadI_predicted,0.07692307692307693,12,12,TTTCTCACCAAACCAGATAG,0,4349351
yadI_predicted,0.07692307692307693,12,12,TTTCGTGCGGGAACACGGTA,0,4359969
yadI_predicted,0.07692307692307693,12,12,TTTCCCCACTCCATATCCTA,0,4333113
yadI_predicted,0.07692307692307693,12,12,TTTCCACAGACCGCAGGGCC,0,4366508
yadI_predicted,0.07692307692307693,12,12,TTTATACGACGGAAGCAGCG,0,4293431
yadI_predicted,0.07692307692307693,12,12,TTTACAAAATATCACAAGCA,0,4335317
yadI_predicted,0.07692307692307693,12,12,TTGTTGGCAGGCGGACTCTC,0,4346352
yadI_predicted,0.07692307692307693,12,12,TTGTAAAATGCGTTACAAAA,0,4285210
yadI_predicted,0.07692307692307693,12,12,TTGGTGGGTGTACCTCGTGA,0,4285675
yadI_predicted,0.07692307692307693,12,12,TTGGGCTCGGGTCACATCAA,0,4336168
yadI_predicted,0.07692307692307693,12,12,TTGGGATGGGGGGTGGCTTT,0,4336293
yadI_predicted,0.07692307692307693,12,12,TTGGCGCTGTTGTTGAAATA,0,4338768
yadI_predicted,0.07692307692307693,12,12,TTGGACAGTGCAAAAATACG,0,4368441
yadI_predicted,0.07692307692307693,12,12,TTGCTACTCAACCGTTTCGC,0,4351857
yadI_predicted,0.07692307692307693,12,12,TTGATCTGTGTGAAATTATA,0,4336370
yadI_predicted,0.07692307692307693,12,12,TTGACGATACGCTTGGCAAA,0,4358677
yadI_predicted,0.07692307692307693,12,12,TTGAAGACATCTACAATTCT,0,4316622
yadI_predicted,0.07692307692307693,12,12,TTCTTGTACATATCATTGGC,0,4345118
yadI_predicted,0.07692307692307693,12,12,TTCTGGTACGCTGGAGTGTA,0,4299405
yadI_predicted,0.07692307692307693,12,12,TTCGTGGTGGAAACCTCATT,0,4350061
yadI_predicted,0.07692307692307693,12,12,TTCGTGCGACTGACCTCCCA,0,4337388
yadI_predicted,0.07692307692307693,12,12,TTCGGAGAAGTCTCTGGTAA,0,4342664
yadI_predicted,0.07692307692307693,12,12,TTCGCGGACTATTTTTGCTA,0,4295102
yadI_predicted,0.07692307692307693,12,12,TTCGCAATGGTGGTCAGTGT,0,4303735
yadI_predicted,0.07692307692307693,12,12,TTCCCGTGGCAAACTTAAAA,0,4336326
yadI_predicted,0.07692307692307693,12,12,TTCATAGAAGATGCCTGACA,0,4297272
yadI_predicted,0.07692307692307693,12,12,TTCAACCGTCCTAATGGAAA,0,4365022
yadI_predicted,0.07692307692307693,12,12,TTCAAAGGGTAGAGCTCACG,0,4343448
yadI_predicted,0.07692307692307693,12,12,TTATATCTTTTGTCCATCGC,0,4288437
yadI_predicted,0.07692307692307693,12,12,TTAGTTATCGACGGCGCTTG,0,4299756
yadI_predicted,0.07692307692307693,12,12,TTAGTGAGCGGGGACTCTTT,0,4357535
yadI_predicted,0.07692307692307693,12,12,TTAGTCTGGCAGGGCAGTAA,0,4341092
yadI_predicted,0.07692307692307693,12,12,TTAGTCTCAATTGTCGGGTT,0,4352192
yadI_predicted,0.07692307692307693,12,12,TTAGGCATGGGCCGTATGTT,0,4285094
yadI_predicted,0.07692307692307693,12,12,TTAGCGGCCGTACCTCCCCA,0,4320480
yadI_predicted,0.07692307692307693,12,12,TTAGCCTTCGGACTTACGAG,0,4344160
yadI_predicted,0.07692307692307693,12,12,TTACTTAGCAATGAGGGCAT,0,4320109
yadI_predicted,0.07692307692307693,12,12,TTACTCACCTATTAAGGATG,0,4361268
yadI_predicted,0.07692307692307693,12,12,TTACGACTTCGACCACTCAG,0,4314694
yadI_predicted,0.07692307692307693,12,12,TTACGACGACTACAACACCC,0,4292005
yadI_predicted,0.07692307692307693,12,12,TTACATGCCGTAAGTGGCAG,0,4354929
yadI_predicted,0.07692307692307693,12,12,TTAAGCCCGCGCCCTCAAAT,0,4327897
yadI_predicted,0.07692307692307693,12,12,TTAACGAGCCCTCGTTAGTG,0,4355604
yadI_predicted,0.07692307692307693,12,12,TGTTGTTCGATGTCCTTATG,0,4284534
yadI_predicted,0.07692307692307693,12,12,TGTTCTAATTTTCACTTTTG,0,4328248
yadI_predicted,0.07692307692307693,12,12,TGTTATTCCTGAGTAGTGAC,0,4354349
yadI_predicted,0.07692307692307693,12,12,TGTTAGTAGTGGGCTGTTTA,0,4348424
yadI_predicted,0.07692307692307693,12,12,TGTGGGCCATGATTTGTCCG,0,4336433
yadI_predicted,0.07692307692307693,12,12,TGTGCCGTGGGTAGGAGCGT,0,4303124
yadI_predicted,0.07692307692307693,12,12,TGTGAGGGATCTTAATTATT,0,4306033
yadI_predicted,0.07692307692307693,12,12,TGTGAGCAAGACAACGGCAT,0,4343048
yadI_predicted,0.07692307692307693,12,12,TGTCTTGTAGTGGGCTGGTA,0,4326292
yadI_predicted,0.07692307692307693,12,12,TGTCCGGTCTTCACCAACCG,0,4331862
yadI_predicted,0.07692307692307693,12,12,TGTATTCTGGCCGCTTTGAA,0,4306794
yadI_predicted,0.07692307692307693,12,12,TGTATTCGGTTCATGGGTTC,0,4365678
yadI_predicted,0.07692307692307693,12,12,TGTATCACCCGAGATGGTAC,0,4354696
yadI_predicted,0.07692307692307693,12,12,TGTATATGGCTCGCTCCATC,0,4335777
yadI_predicted,0.07692307692307693,12,12,TGTAGTCGGCAAGGCATAAG,0,4337692
yadI_predicted,0.07692307692307693,12,12,TGTAGGGAATCTGTCACGCC,0,4296080
yadI_predicted,0.07692307692307693,12,12,TGGTCGCCAGCCACCTACGA,0,4342489
yadI_predicted,0.07692307692307693,12,12,TGGTCAGCTAGCCTCCCGAG,0,4292261
yadI_predicted,0.07692307692307693,12,12,TGGTACCACCGTCGTTGATG,0,4308869
yadI_predicted,0.07692307692307693,12,12,TGGCCCTGTATATTCCATGT,0,4356836
yadI_predicted,0.07692307692307693,12,12,TGGAGCGTGCTCCAGGCTTT,0,4363135
yadI_predicted,0.07692307692307693,12,12,TGCTTCTGTGGTGGAGACAA,0,4340576
yadI_predicted,0.07692307692307693,12,12,TGCTGGGACAGCCCCGAATG,0,4364527
yadI_predicted,0.07692307692307693,12,12,TGCTACGCGTGGTAACACAG,0,4343949
yadI_predicted,0.07692307692307693,12,12,TGCGCCATTCGATCCCTAGC,0,4294261
yadI_predicted,0.07692307692307693,12,12,TGCGATATGAACTACGGCTG,0,4333117
yadI_predicted,0.07692307692307693,12,12,TGCCCTCCGTTTCGTAGCAA,0,4339080
yadI_predicted,0.07692307692307693,12,12,TGCCAAGGCGCCGTCAAGAA,0,4352023
yadI_predicted,0.07692307692307693,12,12,TGCACGCATCGGCGTTAGCA,0,4290148
yadI_predicted,0.07692307692307693,12,12,TGCAACAAGCTAAGGGCAGA,0,4316961
yadI_predicted,0.07692307692307693,12,12,TGATTCCTAGGATCCATCCA,0,4356780
yadI_predicted,0.07692307692307693,12,12,TGATGGCGGCTGGCCCAAGT,0,4348429
yadI_predicted,0.07692307692307693,12,12,TGATGCCCGAAACGCACCGG,0,4342311
yadI_predicted,0.07692307692307693,12,12,TGATCCCGCAGTGAAGGACT,0,4287776
yadI_predicted,0.07692307692307693,12,12,TGATATGAGGTTGATTTTAG,0,4334350
yadI_predicted,0.07692307692307693,12,12,TGAGTAGGAAATAAGGACTT,0,4343446
yadI_predicted,0.07692307692307693,12,12,TGAGCTCAGGGGGCGGGCTG,0,4317836
yadI_predicted,0.07692307692307693,12,12,TGAGAGACTGGGCGTGCGGC,0,4287335
yadI_predicted,0.07692307692307693,12,12,TGAGAAATAGAACGGAGCGA,0,4368038
yadI_predicted,0.07692307692307693,12,12,TGACGGGCTGGTCTTCTAGT,0,4288196
yadI_predicted,0.07692307692307693,12,12,TGACCTGAATAGACGCTCTT,0,4307908
yadI_predicted,0.07692307692307693,12,12,TGACCGGTTTTATGCGCTGG,0,4322594
yadI_predicted,0.07692307692307693,12,12,TGACCCCAATCGTAAGCTAC,0,4321068
yadI_predicted,0.07692307692307693,12,12,TGAAGTAAAGGCTGATACAC,0,4345622
yadI_predicted,0.07692307692307693,12,12,TGAAGGAGCCGAGATTTAAG,0,4350104
yadI_predicted,0.07692307692307693,12,12,TGAAGGAACTGTTTCTGCTA,0,4287336
yadI_predicted,0.07692307692307693,12,12,TGAAGCTTCCAGTGCGGTCA,0,4316310
yadI_predicted,0.07692307692307693,12,12,TGAAATAGCTGAGTCTTTGT,0,4329265
yadI_predicted,0.07692307692307693,12,12,TGAAAGGAACGCTCATGGTA,0,4336338
yadI_predicted,0.07692307692307693,12,12,TGAAACCCCATATGCATACG,0,4337382
yadI_predicted,0.07692307692307693,12,12,TGAAAATGCCAAGTGTAATT,0,4294830
yadI_predicted,0.07692307692307693,12,12,TCTTTCCCGTATCGAGAATC,0,4336795
yadI_predicted,0.07692307692307693,12,12,TCTTCGCGGAGCGGCGAAGC,0,4325751
yadI_predicted,0.07692307692307693,12,12,TCTTCAGAGTAATCGCAGGA,0,4292739
yadI_predicted,0.07692307692307693,12,12,TCTTACTCCGCGACACTATA,0,4353704
yadI_predicted,0.07692307692307693,12,12,TCTTACATGGGCGGAAAAAG,0,4335686
yadI_predicted,0.07692307692307693,12,12,TCTGATCGTGTTTAGGACAT,0,4313427
yadI_predicted,0.07692307692307693,12,12,TCTGACCTACTAGGGTCTGA,0,4334747
yadI_predicted,0.07692307692307693,12,12,TCTCTATGAGGCCCGGGCGA,0,4306930
yadI_predicted,0.07692307692307693,12,12,TCTCGTGGCACTCGTGCGAC,0,4284121
yadI_predicted,0.07692307692307693,12,12,TCTCCCACGCGTATATATGT,0,4324007
yadI_predicted,0.07692307692307693,12,12,TCTCCATAGAGCTGCAATCT,0,4301486
yadI_predicted,0.07692307692307693,12,12,TCTAAAGTGTCCAAACGCAT,0,4339946
yadI_predicted,0.07692307692307693,12,12,TCGTGAAGGGTGATTCAGGT,0,4321994
yadI_predicted,0.07692307692307693,12,12,TCGTCGTTCGTGTTTTGACC,0,4319162
yadI_predicted,0.07692307692307693,12,12,TCGTATAGCGGGCGCCGTCA,0,4333282
yadI_predicted,0.07692307692307693,12,12,TCGTACGGCAGCATATTCTG,0,4307737
yadI_predicted,0.07692307692307693,12,12,TCGGGTAAGGGCGACATCCG,0,4335216
yadI_predicted,0.07692307692307693,12,12,TCGGCTTTAGCTCCGTCACG,0,4369095
yadI_predicted,0.07692307692307693,12,12,TCGGAGACAAGTGCACATTA,0,4363526
yadI_predicted,0.07692307692307693,12,12,TCGGACTTGGGGCTTCATGA,0,4356543
yadI_predicted,0.07692307692307693,12,12,TCGGAAGCCGCCGGGGGTTA,0,4292299
yadI_predicted,0.07692307692307693,12,12,TCGATGCGCGAGCGGCACTG,0,4284351
yadI_predicted,0.07692307692307693,12,12,TCGAGACCCTTGAGGGACCT,0,4308911
yadI_predicted,0.07692307692307693,12,12,TCCTGGGGAGAGGCAGTTCA,0,4334464
yadI_predicted,0.07692307692307693,12,12,TCCTACAGATTGTTAATCTC,0,4318566
yadI_predicted,0.07692307692307693,12,12,TCCGGATATTGATAACTGAG,0,4362926
yadI_predicted,0.07692307692307693,12,12,TCCCTGCGATGTAGGGGTAG,0,4369425
yadI_predicted,0.07692307692307693,12,12,TCCCTGCGAGTGGATGCGAG,0,4297388
yadI_predicted,0.07692307692307693,12,12,TCCATGTTTTGCATTTACAG,0,4354454
yadI_predicted,0.07692307692307693,12,12,TCCAGGAAAGACTACCCACG,0,4349603
yadI_predicted,0.07692307692307693,12,12,TCATGTGGTCCTAACGTAAA,0,4284129
yadI_predicted,0.07692307692307693,12,12,TCATGGTGTATAGGTCCAGG,0,4292213
yadI_predicted,0.07692307692307693,12,12,TCATCAAGTATATATAGCTC,0,4312217
yadI_predicted,0.07692307692307693,12,12,TCAGCAGGTACACGTTTCTC,0,4336716
yadI_predicted,0.07692307692307693,12,12,TCAGAGATTTAGATAAGAGA,0,4365239
yadI_predicted,0.07692307692307693,12,12,TCAACCGGATTTCCTATCAA,0,4311151
yadI_predicted,0.07692307692307693,12,12,TCAAACACCCGGATTATTCA,0,4306960
yadI_predicted,0.07692307692307693,12,12,TATTTAACTATAAGACCAGA,0,4360305
yadI_predicted,0.07692307692307693,12,12,TATTGGTGGCATCTCATCTC,0,4346620
yadI_predicted,0.07692307692307693,12,12,TATTCGGCGCATTCGCTGAG,0,4304504
yadI_predicted,0.07692307692307693,12,12,TATTCACACAAGACGCAGTT,0,4346073
yadI_predicted,0.07692307692307693,12,12,TATGTAAGGTTGTTAGATGA,0,4346463
yadI_predicted,0.07692307692307693,12,12,TATGGGCCAAGTATTATCAG,0,4351210
yadI_predicted,0.07692307692307693,12,12,TATGCTATTAAAGGTTTGTT,0,4362837
yadI_predicted,0.07692307692307693,12,12,TATGAGCACTCAATGCAGAC,0,4312354
yadI_predicted,0.07692307692307693,12,12,TATCTAATAACAGGGGATGG,0,4368483
yadI_predicted,0.07692307692307693,12,12,TATCCGAACGTAGCGAAAGA,0,4310093
yadI_predicted,0.07692307692307693,12,12,TATCAGTATCTGCGGGGGTA,0,4353493
yadI_predicted,0.07692307692307693,12,12,TATATAGCAAGAACCCGGTT,0,4354789
yadI_predicted,0.07692307692307693,12,12,TATAGTGAGGACACAAATAA,0,4359027
yadI_predicted,0.07692307692307693,12,12,TATAACTCAGGCTCCTCCAT,0,4293493
yadI_predicted,0.07692307692307693,12,12,TAGGTGAAGAGATCATGTCG,0,4311051
yadI_predicted,0.07692307692307693,12,12,TAGGGTAGGCTTAGTAAAAT,0,4327934
yadI_predicted,0.07692307692307693,12,12,TAGGCCCAATCCAGACGACT,0,4361302
yadI_predicted,0.07692307692307693,12,12,TAGCTTTTAATACCATCTCC,0,4328354
yadI_predicted,0.07692307692307693,12,12,TAGCCGATGACCTCCGTGAT,0,4322178
yadI_predicted,0.07692307692307693,12,12,TAGATTGTGCGAATGCGAGA,0,4330123
yadI_predicted,0.07692307692307693,12,12,TAGATTGCCCCCTTTTCACA,0,4361532
yadI_predicted,0.07692307692307693,12,12,TAGATCCCAATCCCCGAGGG,0,4342658
yadI_predicted,0.07692307692307693,12,12,TAGAGTTAACCTCCATCCTG,0,4343497
yadI_predicted,0.07692307692307693,12,12,TACTTACGTCAACCCACCAA,0,4368101
yadI_predicted,0.07692307692307693,12,12,TACTCCAACAACCGCCAATC,0,4369378
yadI_predicted,0.07692307692307693,12,12,TACTATGAGGGGAATTCGAA,0,4361858
yadI_predicted,0.07692307692307693,12,12,TACTAAACAAGCCCGGGTGA,0,4292590
yadI_predicted,0.07692307692307693,12,12,TACGTGCGGAGGTACATACT,0,4352696
yadI_predicted,0.07692307692307693,12,12,TACGTCAGGCAGTGTGGAGG,0,4309598
yadI_predicted,0.07692307692307693,12,12,TACGCTTTCAAGTCGGCCCT,0,4307470
yadI_predicted,0.07692307692307693,12,12,TACGCGACCCTCGGGGGATA,0,4351342
yadI_predicted,0.07692307692307693,12,12,TACCTAGCTCTAAAGACACG,0,4329449
yadI_predicted,0.07692307692307693,12,12,TACCGCCATCGAGAGTGTAG,0,4289653
yadI_predicted,0.07692307692307693,12,12,TACCGCCAATTACCGCTATA,0,4324064
yadI_predicted,0.07692307692307693,12,12,TACCAGCCGAGTAATGTGAT,0,4362234
yadI_predicted,0.07692307692307693,12,12,TACAGCAACCCCACCAATGA,0,4305886
yadI_predicted,0.07692307692307693,12,12,TACACTAGGTGCCTACGCTG,0,4366832
yadI_predicted,0.07692307692307693,12,12,TACAATTAGCCACAAGCCCA,0,4332790
yadI_predicted,0.07692307692307693,12,12,TAATTCTCACTCAGCTTTTA,0,4354800
yadI_predicted,0.07692307692307693,12,12,TAATGTTGGCATAAAAGGAG,0,4327188
yadI_predicted,0.07692307692307693,12,12,TAAGTGCTAAAGCATATACT,0,4305835
yadI_predicted,0.07692307692307693,12,12,TAAGTATGAGCAACTCAACT,0,4290663
yadI_predicted,0.07692307692307693,12,12,TAAGATAATCCGATTGTACG,0,4367619
yadI_predicted,0.07692307692307693,12,12,TAACTAATGGATTGACGTAG,0,4291122
yadI_predicted,0.07692307692307693,12,12,TAACGCGGAAGGTCCCGTAC,0,4336798
yadI_predicted,0.07692307692307693,12,12,GTTTGCATCTCACACAAGCA,0,4361955
yadI_predicted,0.07692307692307693,12,12,GTTTGAGACAGGTTTCGTTG,0,4296330
yadI_predicted,0.07692307692307693,12,12,GTTTCAGTTTCACCTCTTCT,0,4306925
yadI_predicted,0.07692307692307693,12,12,GTTTATGTCTATCATTTCGC,0,4363757
yadI_predicted,0.07692307692307693,12,12,GTTTAAGATACTGGAGTACA,0,4290396
yadI_predicted,0.07692307692307693,12,12,GTTGTTGTACTGAGGGAACC,0,4369860
yadI_predicted,0.07692307692307693,12,12,GTTGTTACGGCCCGCGTTAG,0,4289339
yadI_predicted,0.07692307692307693,12,12,GTTGTAGGGAACCCATGTGA,0,4350163
yadI_predicted,0.07692307692307693,12,12,GTTGTAAATTCAGTACTCAT,0,4299912
yadI_predicted,0.07692307692307693,12,12,GTTGACCGGAACCTGAGAAG,0,4357166
yadI_predicted,0.07692307692307693,12,12,GTTCGAGTTGGCCGCATGCG,0,4333467
yadI_predicted,0.07692307692307693,12,12,GTTCGAATGGCCACTATTTG,0,4321492
yadI_predicted,0.07692307692307693,12,12,GTTCCGGTCTAGGGTTAAGG,0,4350274
yadI_predicted,0.07692307692307693,12,12,GTTACCAGTGTAGCCTCCGA,0,4323874
yadI_predicted,0.07692307692307693,12,12,GTTACATGGCAAACTTATAT,0,4301508
yadI_predicted,0.07692307692307693,12,12,GTTACATGAGACGCACGATC,0,4339817
yadI_predicted,0.07692307692307693,12,12,GTTACAGGGAGATGTTCGCA,0,4309942
yadI_predicted,0.07692307692307693,12,12,GTGTTGGTATTTTCAAGCCA,0,4350655
yadI_predicted,0.07692307692307693,12,12,GTGTTGGAAGTCAAGCTTTT,0,4292231
yadI_predicted,0.07692307692307693,12,12,GTGTCTTAGCTTCAGTTGTC,0,4329975
yadI_predicted,0.07692307692307693,12,12,GTGTATGACCAGTATTGCTT,0,4332515
yadI_predicted,0.07692307692307693,12,12,GTGTACTCATGGAAAGGCTC,0,4332235
yadI_predicted,0.07692307692307693,12,12,GTGGTCTCGTATTGCGCCGA,0,4366476
yadI_predicted,0.07692307692307693,12,12,GTGGTCGCTATGCTTCAGAG,0,4287462
yadI_predicted,0.07692307692307693,12,12,GTGGTAAATGGCTGCGTAAC,0,4336526
yadI_predicted,0.07692307692307693,12,12,GTGGGCAGTCTTTTCGTACC,0,4331273
yadI_predicted,0.07692307692307693,12,12,GTGGGATAGGATTTCGAATC,0,4311858
yadI_predicted,0.07692307692307693,12,12,GTGGATGTACCGATGTGTGT,0,4286601
yadI_predicted,0.07692307692307693,12,12,GTGGAGTTAAAATATCAAGC,0,4287157
yadI_predicted,0.07692307692307693,12,12,GTGCCGCTACGGTCTCGGAG,0,4293535
yadI_predicted,0.07692307692307693,12,12,GTGATATAAGCAACGACCTT,0,4359541
yadI_predicted,0.07692307692307693,12,12,GTGACATGATTCGAGTCTAG,0,4311940
yadI_predicted,0.07692307692307693,12,12,GTGAATCGGAGCTGGCTGTG,0,4345169
yadI_predicted,0.07692307692307693,12,12,GTGAACCACGATGCGGTTCA,0,4334608
yadI_predicted,0.07692307692307693,12,12,GTCTTTAAGTACGTAAAGCC,0,4358853
yadI_predicted,0.07692307692307693,12,12,GTCTAGCAGACGCAGGATCT,0,4303869
yadI_predicted,0.07692307692307693,12,12,GTCTAGAAGGGAGCGCTAGA,0,4289719
yadI_predicted,0.07692307692307693,12,12,GTCGGTCGCGCACAATCTCG,0,4362420
yadI_predicted,0.07692307692307693,12,12,GTCGGCTACCATACTAGTGT,0,4298632
yadI_predicted,0.07692307692307693,12,12,GTCGAAGACCAGTGACATGT,0,4303985
yadI_predicted,0.07692307692307693,12,12,GTCCTCCAACGCGTGTCGCG,0,4348625
yadI_predicted,0.07692307692307693,12,12,GTCCGACGCTCTCTGATGAC,0,4326261
yadI_predicted,0.07692307692307693,12,12,GTCCCGTTTGGTACCTAAGC,0,4299786
yadI_predicted,0.07692307692307693,12,12,GTCCAATCGGGTCCCTCTTT,0,4301392
yadI_predicted,0.07692307692307693,12,12,GTCAGAAATCAACACACCTA,0,4349438
yadI_predicted,0.07692307692307693,12,12,GTATTGTGGCAACAGATTTG,0,4345501
yadI_predicted,0.07692307692307693,12,12,GTATTGACTATCCTTCACAG,0,4286521
yadI_predicted,0.07692307692307693,12,12,GTATGCGACGCTATTTTGAT,0,4318020
yadI_predicted,0.07692307692307693,12,12,GTATATGCATTCAGGCCGTT,0,4348510
yadI_predicted,0.07692307692307693,12,12,GTATAAGGCGAGAGCACGGG,0,4326598
yadI_predicted,0.07692307692307693,12,12,GTAGCAGCTTTGAACAAAGC,0,4311955
yadI_predicted,0.07692307692307693,12,12,GTAGACGGGACATCATGATC,0,4318065
yadI_predicted,0.07692307692307693,12,12,GTACGGCCCACGCGGTTCAG,0,4302665
yadI_predicted,0.07692307692307693,12,12,GTACGCCCATCGCACTGCCT,0,4323219
yadI_predicted,0.07692307692307693,12,12,GTACCTCTTGTGATGTGTGG,0,4329240
yadI_predicted,0.07692307692307693,12,12,GTACATGTCGCCGCATGCCT,0,4355069
yadI_predicted,0.07692307692307693,12,12,GTACAGCGTTTGGTGAGACC,0,4330574
yadI_predicted,0.07692307692307693,12,12,GTACACTAAACTCCAATTGC,0,4316561
yadI_predicted,0.07692307692307693,12,12,GTACACGTAGAAAGATCAAT,0,4311245
yadI_predicted,0.07692307692307693,12,12,GTACAATCAGATTCAAGGAC,0,4316469
yadI_predicted,0.07692307692307693,12,12,GTAACTTGATCCATATAACT,0,4359289
yadI_predicted,0.07692307692307693,12,12,GTAACAACCATCTCACTACA,0,4303645
yadI_predicted,0.07692307692307693,12,12,GGTTGTCTGGTAGGGCTCGA,0,4328234
yadI_predicted,0.07692307692307693,12,12,GGTTGTATAACCGAATTTCG,0,4306289
yadI_predicted,0.07692307692307693,12,12,GGTTGGGGCACCTACGACGT,0,4360591
yadI_predicted,0.07692307692307693,12,12,GGTGTTCGGAGATAGTTATA,0,4308849
yadI_predicted,0.07692307692307693,12,12,GGTGGGTCGTCGAATTATTG,0,4298353
yadI_predicted,0.07692307692307693,12,12,GGTGCATACGGCTCGGGGGA,0,4329807
yadI_predicted,0.07692307692307693,12,12,GGTGCAGGTCTCTTTGATAA,0,4319320
yadI_predicted,0.07692307692307693,12,12,GGTCTTAAATCCTGAGTTAG,0,4364550
yadI_predicted,0.07692307692307693,12,12,GGTCTCAGGCTAGATTCAAA,0,4353472
yadI_predicted,0.07692307692307693,12,12,GGTCGCAAGCAACAGACCGC,0,4312864
yadI_predicted,0.07692307692307693,12,12,GGTCCGGGTAAGCCACTTCT,0,4289000
yadI_predicted,0.07692307692307693,12,12,GGTCCGGGCGATACGACAAC,0,4298805
yadI_predicted,0.07692307692307693,12,12,GGTCCATCAATCCAGACGAA,0,4298389
yadI_predicted,0.07692307692307693,12,12,GGTCAGATTTAATGGTGTTA,0,4332044
yadI_predicted,0.07692307692307693,12,12,GGTCACAAATTTAAGTTCCG,0,4330648
yadI_predicted,0.07692307692307693,12,12,GGTCAACTGGCGAATACGGT,0,4322070
yadI_predicted,0.07692307692307693,12,12,GGTAGGGTACTGGTTATCGA,0,4296707
yadI_predicted,0.07692307692307693,12,12,GGTACACGCGGAGCCAATTT,0,4341585
yadI_predicted,0.07692307692307693,12,12,GGTAATCAGATGGCACTGTC,0,4362031
yadI_predicted,0.07692307692307693,12,12,GGTAAATCATAGACATTTCA,0,4285593
yadI_predicted,0.07692307692307693,12,12,GGGTGTTTTTACATTAGTAG,0,4325884
yadI_predicted,0.07692307692307693,12,12,GGGGTAATCGCTCAGACTAT,0,4325938
yadI_predicted,0.07692307692307693,12,12,GGGGGTTTCTAGTAAAGGGA,0,4364682
yadI_predicted,0.07692307692307693,12,12,GGGGGTGAACAAAGGCGGTA,0,4345715
yadI_predicted,0.07692307692307693,12,12,GGGGCGGTGAACACGCCGCC,0,4318306
yadI_predicted,0.07692307692307693,12,12,GGGGATTAAGTAATGGCTAA,0,4312492
yadI_predicted,0.07692307692307693,12,12,GGGCTGCTACTAGGGTCCTC,0,4317152
yadI_predicted,0.07692307692307693,12,12,GGGCTAGGTGGTTGGAGTGG,0,4325539
yadI_predicted,0.07692307692307693,12,12,GGGCTAGGAGTGTTACAATA,0,4361572
yadI_predicted,0.07692307692307693,12,12,GGGCGAGAGTCATAAGCTAA,0,4313866
yadI_predicted,0.07692307692307693,12,12,GGGCCGACTTGCGCAGGGGG,0,4368286
yadI_predicted,0.07692307692307693,12,12,GGCTGTGTTTACGCCCTTTA,0,4306493
yadI_predicted,0.07692307692307693,12,12,GGCTAAATGTGTGAACGTCG,0,4334994
yadI_predicted,0.07692307692307693,12,12,GGCGGCTGACACCCTATTGA,0,4297755
yadI_predicted,0.07692307692307693,12,12,GGCGGCCGATCACCCTGTGC,0,4309125
yadI_predicted,0.07692307692307693,12,12,GGCGGAGAAACCGACAATGG,0,4315858
yadI_predicted,0.07692307692307693,12,12,GGCCGTCCTGGTGGGGGCTA,0,4348752
yadI_predicted,0.07692307692307693,12,12,GGCCGCGCATCGGAAGGCTT,0,4335201
yadI_predicted,0.07692307692307693,12,12,GGCCCTCGGTCCCCAGTATC,0,4346621
yadI_predicted,0.07692307692307693,12,12,GGCCCGGTTATCGTCACATA,0,4317155
yadI_predicted,0.07692307692307693,12,12,GGCCATACCACTGTAGTAGG,0,4295505
yadI_predicted,0.07692307692307693,12,12,GGCATTAGTCAGTTGCTAGG,0,4328057
yadI_predicted,0.07692307692307693,12,12,GGCATGGGTTTGCATGGTCG,0,4355125
yadI_predicted,0.07692307692307693,12,12,GGCAGACGGTTAAACCAGGG,0,4289911
yadI_predicted,0.07692307692307693,12,12,GGCACTGAGGTCTTAGTTAA,0,4335061
yadI_predicted,0.07692307692307693,12,12,GGCACGATCTGCGTCTCGGG,0,4335691
yadI_predicted,0.07692307692307693,12,12,GGCAACCTCAAACGTCCTAA,0,4355333
yadI_predicted,0.07692307692307693,12,12,GGCAAAACTTGGGCAGGCCA,0,4302294
yadI_predicted,0.07692307692307693,12,12,GGATGAGCAGGGGTCTGTGA,0,4363671
yadI_predicted,0.07692307692307693,12,12,GGATCGACACGCGAGGAGGT,0,4287627
yadI_predicted,0.07692307692307693,12,12,GGATCCTGGGGGTTGTGGTC,0,4304507
yadI_predicted,0.07692307692307693,12,12,GGAGTAAATTAGGCTGTTAC,0,4326169
yadI_predicted,0.07692307692307693,12,12,GGAGGGCGCCAGACACAATA,0,4363044
yadI_predicted,0.07692307692307693,12,12,GGAGATTAAAACATAGCCTA,0,4353264
yadI_predicted,0.07692307692307693,12,12,GGACTTTCGTGTCAAGGACC,0,4332454
yadI_predicted,0.07692307692307693,12,12,GGAACAGAATCAGGATAATA,0,4313121
yadI_predicted,0.07692307692307693,12,12,GCTTTTAGGGGGTGGTTCCT,0,4339829
yadI_predicted,0.07692307692307693,12,12,GCTTTGTGGCCGACCGGATA,0,4307954
yadI_predicted,0.07692307692307693,12,12,GCTTTACCACGTCCGTAATT,0,4290856
yadI_predicted,0.07692307692307693,12,12,GCTTCCTGCTATAGTTGCTT,0,4337905
yadI_predicted,0.07692307692307693,12,12,GCTTCAGAGTTGTTAGACCG,0,4349394
yadI_predicted,0.07692307692307693,12,12,GCTTATAATTTTCGCTCTTG,0,4336532
yadI_predicted,0.07692307692307693,12,12,GCTGTTGTTCTCGCCTTAAC,0,4297757
yadI_predicted,0.07692307692307693,12,12,GCTGGTGTCTCTTACGTTAT,0,4366590
yadI_predicted,0.07692307692307693,12,12,GCTGAAAATAACCGTCGCTT,0,4349768
yadI_predicted,0.07692307692307693,12,12,GCTCGCCACTGGTTCCTCAA,0,4327150
yadI_predicted,0.07692307692307693,12,12,GCTCCGGGTATTTGCCGCTC,0,4303057
yadI_predicted,0.07692307692307693,12,12,GCTCAGGACCTAGAGCCGGC,0,4308183
yadI_predicted,0.07692307692307693,12,12,GCTCAGAAAGGGATGAACCT,0,4305735
yadI_predicted,0.07692307692307693,12,12,GCGTGAATTAGCCTCGCCAT,0,4316953
yadI_predicted,0.07692307692307693,12,12,GCGTCAGAACTCGACTCTGT,0,4358679
yadI_predicted,0.07692307692307693,12,12,GCGTAGTCTACAAATCCACA,0,4334170
yadI_predicted,0.07692307692307693,12,12,GCGTAGGGAATGACGAACTT,0,4327792
yadI_predicted,0.07692307692307693,12,12,GCGGTGCTACAGGACCATAG,0,4343133
yadI_predicted,0.07692307692307693,12,12,GCGGGTCAATCAACGGTTGC,0,4338571
yadI_predicted,0.07692307692307693,12,12,GCGGGGGCTGGTCCCTAAGA,0,4323286
yadI_predicted,0.07692307692307693,12,12,GCGGCGCCATATCAAGAGTT,0,4346397
yadI_predicted,0.07692307692307693,12,12,GCGGCACCTTGCTGGGTTAA,0,4299531
yadI_predicted,0.07692307692307693,12,12,GCGGACGTCCACTCCACATA,0,4313341
yadI_predicted,0.07692307692307693,12,12,GCGGAACTGACCTGTTGAAT,0,4367507
yadI_predicted,0.07692307692307693,12,12,GCGAGTTGCTCGCATACCAG,0,4352650
yadI_predicted,0.07692307692307693,12,12,GCGAGTGAACCCAGTGACGT,0,4314104
yadI_predicted,0.07692307692307693,12,12,GCGACGTGGCATAAAATTCT,0,4343136
yadI_predicted,0.07692307692307693,12,12,GCGACGGTGAATACTAGCGA,0,4350059
yadI_predicted,0.07692307692307693,12,12,GCCGGCGAGCTCCCGCGCGG,0,4367549
yadI_predicted,0.07692307692307693,12,12,GCCGGACACGGGGAGGGTAG,0,4311846
yadI_predicted,0.07692307692307693,12,12,GCCCGTTGCGCCAGCAACGG,0,4311644
yadI_predicted,0.07692307692307693,12,12,GCCCGCGATAGAGATTGCCC,0,4319632
yadI_predicted,0.07692307692307693,12,12,GCCCGACTCATACCTCAAAG,0,4328704
yadI_predicted,0.07692307692307693,12,12,GCCCGAACTCAGTGTATGTT,0,4349772
yadI_predicted,0.07692307692307693,12,12,GCCCCTGACTTTGATGGAGA,0,4328524
yadI_predicted,0.07692307692307693,12,12,GCCCCCATCCTCGAGACTCT,0,4320479
yadI_predicted,0.07692307692307693,12,12,GCCCCAAAGCCTCAGGCAGA,0,4289816
yadI_predicted,0.07692307692307693,12,12,GCCATGAATAAATCAGCTCC,0,4300576
yadI_predicted,0.07692307692307693,12,12,GCCAGGTGACGGGGATTGCA,0,4352858
yadI_predicted,0.07692307692307693,12,12,GCCAAGGGTGGCTCGCTGTC,0,4361873
yadI_predicted,0.07692307692307693,12,12,GCCAAGCGCCGTTCTACTAT,0,4321201
yadI_predicted,0.07692307692307693,12,12,GCCAAAATGTAGAGTCTTTC,0,4323094
yadI_predicted,0.07692307692307693,12,12,GCATGGAAACGATCGTTTGA,0,4319953
yadI_predicted,0.07692307692307693,12,12,GCATGCAACTAATACTTACA,0,4369542
yadI_predicted,0.07692307692307693,12,12,GCATCCGAGGAAGAGAGTTG,0,4335787
yadI_predicted,0.07692307692307693,12,12,GCATAGGACAAAAGATGTTT,0,4317197
yadI_predicted,0.07692307692307693,12,12,GCAGTTGCGTGATGTCGCTA,0,4319479
yadI_predicted,0.07692307692307693,12,12,GCAGATAACTCCTCTCGTCC,0,4354516
yadI_predicted,0.07692307692307693,12,12,GCACTACGCAACGCCTGGTC,0,4362473
yadI_predicted,0.07692307692307693,12,12,GCACGGGCCGTCTAAGCAAC,0,4343453
yadI_predicted,0.07692307692307693,12,12,GATTAGACCCGACCCCACCA,0,4357424
yadI_predicted,0.07692307692307693,12,12,GATGGTCGGGGGACAAAAAG,0,4359299
yadI_predicted,0.07692307692307693,12,12,GATGCCAGTTGCCCGTATTC,0,4304627
yadI_predicted,0.07692307692307693,12,12,GATGCCAAGGAAGGGGATAT,0,4345666
yadI_predicted,0.07692307692307693,12,12,GATGACAGTCCACGGATGCC,0,4328548
yadI_predicted,0.07692307692307693,12,12,GATCTTCGGGGAATCCACCT,0,4334600
yadI_predicted,0.07692307692307693,12,12,GATCTGGCCGCCCGGGACAC,0,4314475
yadI_predicted,0.07692307692307693,12,12,GATCGCGCCCTTTCGCAGTT,0,4342809
yadI_predicted,0.07692307692307693,12,12,GATCCCACGGTCTATTTCAT,0,4336519
yadI_predicted,0.07692307692307693,12,12,GATCAGTGTTTCGGGGTCTG,0,4360856
yadI_predicted,0.07692307692307693,12,12,GATCAGGTACGCATCCTTTT,0,4364069
yadI_predicted,0.07692307692307693,12,12,GATCAGAAACAAGTTTTTAG,0,4333246
yadI_predicted,0.07692307692307693,12,12,GATATCCCTTCAATCATCCC,0,4346101
yadI_predicted,0.07692307692307693,12,12,GATAGCAACATGATACGGCA,0,4291153
yadI_predicted,0.07692307692307693,12,12,GATAATCGGGCCAGCTTTGT,0,4316279
yadI_predicted,0.07692307692307693,12,12,GATAAGCAGAGAAGTCACCT,0,4364182
yadI_predicted,0.07692307692307693,12,12,GAGTGATCCACCAGTTCGAT,0,4355410
yadI_predicted,0.07692307692307693,12,12,GAGTCTTCTCTTTAAGGACA,0,4302388
yadI_predicted,0.07692307692307693,12,12,GAGGTAACAAACGAAGGTCA,0,4362938
yadI_predicted,0.07692307692307693,12,12,GAGGGCAGAAAGCTTCAGTT,0,4357835
yadI_predicted,0.07692307692307693,12,12,GAGGCTCCCGGCTTAGGGAC,0,4307818
yadI_predicted,0.07692307692307693,12,12,GAGGAGTATATCTGCCGCAT,0,4345114
yadI_predicted,0.07692307692307693,12,12,GAGCTGATCAGTAAAAAGGC,0,4331207
yadI_predicted,0.07692307692307693,12,12,GAGCGCGTATCCAGCTATGA,0,4321561
yadI_predicted,0.07692307692307693,12,12,GAGCATGGTAATTGATACTC,0,4350287
yadI_predicted,0.07692307692307693,12,12,GAGATTAGCCTAGGCGAGCA,0,4286179
yadI_predicted,0.07692307692307693,12,12,GAGAGTGGTGTGTTCGTTCG,0,4343324
yadI_predicted,0.07692307692307693,12,12,GAGAAACCTTCGCTCATTGG,0,4351439
yadI_predicted,0.07692307692307693,12,12,GACTTGGATGACTTACGCTG,0,4342709
yadI_predicted,0.07692307692307693,12,12,GACGTACGCCAGTCTAACGC,0,4322775
yadI_predicted,0.07692307692307693,12,12,GACGGCTGGTGCAGGTATTT,0,4319142
yadI_predicted,0.07692307692307693,12,12,GACGACCCGGACCAGGATTA,0,4336016
yadI_predicted,0.07692307692307693,12,12,GACCGCGTTCCGATATGCCC,0,4323733
yadI_predicted,0.07692307692307693,12,12,GACCCTATCACATCTATGAA,0,4363219
yadI_predicted,0.07692307692307693,12,12,GACCCAGCTGCCGTGGCTCC,0,4336265
yadI_predicted,0.07692307692307693,12,12,GACCAGTTGCGACATGACTT,0,4355149
yadI_predicted,0.07692307692307693,12,12,GACAATGCATCTACGACTTA,0,4325666
yadI_predicted,0.07692307692307693,12,12,GACAAGGCTCATTGGAACAA,0,4332717
yadI_predicted,0.07692307692307693,12,12,GAATTCCGCGTACTACACAC,0,4337655
yadI_predicted,0.07692307692307693,12,12,GAATGAGTCACGGGATGCAA,0,4314788
yadI_predicted,0.07692307692307693,12,12,GAATATGATACTTGTTCGAT,0,4350259
yadI_predicted,0.07692307692307693,12,12,GAAGGTCTCATCGCACATGA,0,4359244
yadI_predicted,0.07692307692307693,12,12,GAAGGGTCTACGTTTTCCGC,0,4332200
yadI_predicted,0.07692307692307693,12,12,GAACTGGCGGTGTCAGCTAC,0,4351894
yadI_predicted,0.07692307692307693,12,12,GAACTCGCGGTTCTAGAAGG,0,4298048
yadI_predicted,0.07692307692307693,12,12,GAACGGTCATGCACGCTGAA,0,4338262
yadI_predicted,0.07692307692307693,12,12,GAACGGCATAACGTTGCAGG,0,4361200
yadI_predicted,0.07692307692307693,12,12,GAAAGGATTGTGAGTCGGAG,0,4320519
yadI_predicted,0.07692307692307693,12,12,GAAACGAGCGCGGAAATGTT,0,4337804
yadI_predicted,0.07692307692307693,12,12,CTTTGATCGTGGACGCGACT,0,4342601
yadI_predicted,0.07692307692307693,12,12,CTTTACCCCCTGCGAAGCGC,0,4355934
yadI_predicted,0.07692307692307693,12,12,CTTGGATGTAACGAACATCT,0,4318967
yadI_predicted,0.07692307692307693,12,12,CTTGCGCATGGATTCAGCCG,0,4354773
yadI_predicted,0.07692307692307693,12,12,CTTCTAGGGGACCGAGGTAA,0,4303740
yadI_predicted,0.07692307692307693,12,12,CTTATTTGGGGCCAGACGTC,0,4337391
yadI_predicted,0.07692307692307693,12,12,CTTAGGTTTAGAACTTCCTC,0,4344704
yadI_predicted,0.07692307692307693,12,12,CTTAGGCAACTATATGCTTG,0,4334492
yadI_predicted,0.07692307692307693,12,12,CTTACTGCGAACATCAGAGG,0,4337639
yadI_predicted,0.07692307692307693,12,12,CTTACCCTGATGATGGGGGG,0,4339938
yadI_predicted,0.07692307692307693,12,12,CTGTTGCGGTTATGATTCAG,0,4313378
yadI_predicted,0.07692307692307693,12,12,CTGTTGCCTGGAATAGCTGT,0,4344035
yadI_predicted,0.07692307692307693,12,12,CTGTTCACTGCACCTGGACA,0,4315304
yadI_predicted,0.07692307692307693,12,12,CTGTAGCCAGAAGTGGCGTC,0,4327073
yadI_predicted,0.07692307692307693,12,12,CTGTAACAGCCTGGGCCAGA,0,4335366
yadI_predicted,0.07692307692307693,12,12,CTGGTTCTGGGATAAAAAGC,0,4318221
yadI_predicted,0.07692307692307693,12,12,CTGGGGGTACTGAACACAAC,0,4329677
yadI_predicted,0.07692307692307693,12,12,CTGGGCCTCTCAGCCGGGCT,0,4365734
yadI_predicted,0.07692307692307693,12,12,CTGGAGAGGTCCATGAGCGT,0,4300530
yadI_predicted,0.07692307692307693,12,12,CTGCTCGACCGGAACTTTTC,0,4291723
yadI_predicted,0.07692307692307693,12,12,CTGCGTTAGTATCTGGATAA,0,4342816
yadI_predicted,0.07692307692307693,12,12,CTGCGGAGAGCGGGCAGGTA,0,4301341
yadI_predicted,0.07692307692307693,12,12,CTGAGTAACGGGTAGAACCT,0,4303314
yadI_predicted,0.07692307692307693,12,12,CTCTTCGTCCGCGCGGTGCC,0,4313807
yadI_predicted,0.07692307692307693,12,12,CTCTGACCACTGACGGTCAA,0,4315754
yadI_predicted,0.07692307692307693,12,12,CTCTCAAATCTTTTCGCAGC,0,4309607
yadI_predicted,0.07692307692307693,12,12,CTCTAGCGTAAATCGTCAGT,0,4288547
yadI_predicted,0.07692307692307693,12,12,CTCGGAGTGGTTAATTCGGT,0,4289296
yadI_predicted,0.07692307692307693,12,12,CTCGGACCCCTTCTATTGAG,0,4300918
yadI_predicted,0.07692307692307693,12,12,CTCGAGGCCATCCTGCTATG,0,4353340
yadI_predicted,0.07692307692307693,12,12,CTCGACGAGCGTACTCGTTT,0,4325622
yadI_predicted,0.07692307692307693,12,12,CTCATGTGGCACCAGTCAGT,0,4324710
yadI_predicted,0.07692307692307693,12,12,CTCATCAAGAATAACGGTCT,0,4330138
yadI_predicted,0.07692307692307693,12,12,CTCAGGTATTCAGTAGGCCT,0,4354792
yadI_predicted,0.07692307692307693,12,12,CTCAGCTGCGTGCTTAAGCG,0,4349052
yadI_predicted,0.07692307692307693,12,12,CTCAGCTAGCGGACACCCTA,0,4350197
yadI_predicted,0.07692307692307693,12,12,CTCACACAGTACTGAAAAAA,0,4359776
yadI_predicted,0.07692307692307693,12,12,CTCAATACGTGTAAACTGCT,0,4317897
yadI_predicted,0.07692307692307693,12,12,CTATCATGCACTCTAGATTA,0,4351785
yadI_predicted,0.07692307692307693,12,12,CTAGTGAATACCCTTGCCGA,0,4361918
yadI_predicted,0.07692307692307693,12,12,CTAGCAGCCGTTTGGCGTCA,0,4302164
yadI_predicted,0.07692307692307693,12,12,CTAGAGGGCTCTTCTCGCGT,0,4345807
yadI_predicted,0.07692307692307693,12,12,CTACTGTGAGACTTGGGTCA,0,4315492
yadI_predicted,0.07692307692307693,12,12,CTACCATTTGAGTGGATATA,0,4305839
yadI_predicted,0.07692307692307693,12,12,CTACAACGTACGGATACAGC,0,4345116
yadI_predicted,0.07692307692307693,12,12,CGTTTACAACTACCAGGTCA,0,4308600
yadI_predicted,0.07692307692307693,12,12,CGTTGCAGCTAGTATGTACT,0,4336604
yadI_predicted,0.07692307692307693,12,12,CGTTGAATACGGCTGCTTGA,0,4286056
yadI_predicted,0.07692307692307693,12,12,CGTTCATCGTGGTTTATTGG,0,4319696
yadI_predicted,0.07692307692307693,12,12,CGTTATAACCTGTTCACGGT,0,4340843
yadI_predicted,0.07692307692307693,12,12,CGTGTCCGAAACTCCTCCGT,0,4326250
yadI_predicted,0.07692307692307693,12,12,CGTGGCGTTGGGGTAGACCC,0,4297565
yadI_predicted,0.07692307692307693,12,12,CGTGGCAGTCCCACAACAAT,0,4317006
yadI_predicted,0.07692307692307693,12,12,CGTGGATCATACGATCAAGG,0,4295881
yadI_predicted,0.07692307692307693,12,12,CGTGCCACTGCTGCCTGCGC,0,4341929
yadI_predicted,0.07692307692307693,12,12,CGTCTGCAACAGTTAGTGCA,0,4323728
yadI_predicted,0.07692307692307693,12,12,CGTCTAGGGACCTGGACTTT,0,4312478
yadI_predicted,0.07692307692307693,12,12,CGTCGGTCCACTCCTAATCA,0,4303782
yadI_predicted,0.07692307692307693,12,12,CGTCGGGGAAGAAACGGGAG,0,4314846
yadI_predicted,0.07692307692307693,12,12,CGTAGATCAGTGTGGAAAGG,0,4317163
yadI_predicted,0.07692307692307693,12,12,CGTACGATGTTAGACCGGGA,0,4313282
yadI_predicted,0.07692307692307693,12,12,CGTACCGGTAAGACGGCCTC,0,4355148
yadI_predicted,0.07692307692307693,12,12,CGGTTTCTGACAAGAGACCG,0,4341795
yadI_predicted,0.07692307692307693,12,12,CGGTAGGTCATGCTTACTAC,0,4308579
yadI_predicted,0.07692307692307693,12,12,CGGGCTCAGTTGGCACAATG,0,4368482
yadI_predicted,0.07692307692307693,12,12,CGGGCCGCTAAACCAGTAGA,0,4324453
yadI_predicted,0.07692307692307693,12,12,CGGGACTAAATGTGTGGGAG,0,4325146
yadI_predicted,0.07692307692307693,12,12,CGGCGTATACGAGCTTATGA,0,4340370
yadI_predicted,0.07692307692307693,12,12,CGGCCTGATAGAGCATGTTA,0,4335281
yadI_predicted,0.07692307692307693,12,12,CGGCCGTGCGACAACAGTGG,0,4290182
yadI_predicted,0.07692307692307693,12,12,CGGCCCGTTGGTGACTTTGG,0,4315485
yadI_predicted,0.07692307692307693,12,12,CGGCCCATTAAATATTACCA,0,4367829
yadI_predicted,0.07692307692307693,12,12,CGGCATAGGCTATGCAAAGG,0,4313443
yadI_predicted,0.07692307692307693,12,12,CGGCAAGCCAATGGCAGCGA,0,4315494
yadI_predicted,0.07692307692307693,12,12,CGGAGTGTATGCGTTCCCAG,0,4306776
yadI_predicted,0.07692307692307693,12,12,CGGAGGTGTTTGCTCGAAGC,0,4347344
yadI_predicted,0.07692307692307693,12,12,CGGAGGCAAGAGAACACTAA,0,4321613
yadI_predicted,0.07692307692307693,12,12,CGGAGATTTTTATGCAAGGG,0,4367394
yadI_predicted,0.07692307692307693,12,12,CGGACGTCTCTGATGGGGAC,0,4293190
yadI_predicted,0.07692307692307693,12,12,CGGACGCGTGCTGGGACTCC,0,4319716
yadI_predicted,0.07692307692307693,12,12,CGCTTCGGGACCCGACCAGG,0,4323539
yadI_predicted,0.07692307692307693,12,12,CGCTTATCTCGATTCTGCGA,0,4343509
yadI_predicted,0.07692307692307693,12,12,CGCTTACGTTTGCTATAGGA,0,4356142
yadI_predicted,0.07692307692307693,12,12,CGCTTACCAGCACGCTAGAA,0,4312955
yadI_predicted,0.07692307692307693,12,12,CGCTAATGTGTATGTTCCTT,0,4313855
yadI_predicted,0.07692307692307693,12,12,CGCGCCAAGGTGTGGCGCCA,0,4313234
yadI_predicted,0.07692307692307693,12,12,CGCGCAATTAGTCATCTATA,0,4345058
yadI_predicted,0.07692307692307693,12,12,CGCGACCGCTCTTCCACCGA,0,4311099
yadI_predicted,0.07692307692307693,12,12,CGCGAATTGATGACGGGCTA,0,4297725
yadI_predicted,0.07692307692307693,12,12,CGCCGCTGCAATCTTGAACG,0,4294471
yadI_predicted,0.07692307692307693,12,12,CGCCCGTGGGGTGCCCCTCG,0,4353685
yadI_predicted,0.07692307692307693,12,12,CGCCCGGACAATGGAACGAG,0,4287179
yadI_predicted,0.07692307692307693,12,12,CGCCCCCCCTAGGATGGGCA,0,4320105
yadI_predicted,0.07692307692307693,12,12,CGCATAGCAGGTGGCTCGAT,0,4306565
yadI_predicted,0.07692307692307693,12,12,CGCAGTGGGGGCGATTGGGG,0,4370000
yadI_predicted,0.07692307692307693,12,12,CGCAGTGATTCAAAGGGATG,0,4309155
yadI_predicted,0.07692307692307693,12,12,CGCACTCTCCCGTCGGGTGC,0,4290989
yadI_predicted,0.07692307692307693,12,12,CGCACACGAACGACAATCTT,0,4316151
yadI_predicted,0.07692307692307693,12,12,CGCAAATGAGAACTTATAAA,0,4342472
yadI_predicted,0.07692307692307693,12,12,CGATTGGGAACGGGGATGAA,0,4329796
yadI_predicted,0.07692307692307693,12,12,CGATTCGCGGAAACAAGCGA,0,4286348
yadI_predicted,0.07692307692307693,12,12,CGATGGTTGGCGGTAGGTCA,0,4293631
yadI_predicted,0.07692307692307693,12,12,CGATGGAGTCATAGAGGTAC,0,4335855
yadI_predicted,0.07692307692307693,12,12,CGATGCGAAGATTGACTAAC,0,4366414
yadI_predicted,0.07692307692307693,12,12,CGAGTACTCACCGACAGAAG,0,4311713
yadI_predicted,0.07692307692307693,12,12,CGAGGCTGTGGATCTCTGAT,0,4353085
yadI_predicted,0.07692307692307693,12,12,CGAGGAGTGCGCTGGCTTAG,0,4323292
yadI_predicted,0.07692307692307693,12,12,CGAGATGCTTTTGGAGAAGT,0,4306060
yadI_predicted,0.07692307692307693,12,12,CGACTTGCTCATGTCTTCAT,0,4322604
yadI_predicted,0.07692307692307693,12,12,CGACGAGCATCGCGCCCGAC,0,4331812
yadI_predicted,0.07692307692307693,12,12,CGACCATTTCCGGAAGCCGT,0,4357252
yadI_predicted,0.07692307692307693,12,12,CGAACGCATCAATCCCACGG,0,4339683
yadI_predicted,0.07692307692307693,12,12,CGAAAGGCGTAACGGTGAAG,0,4337020
yadI_predicted,0.07692307692307693,12,12,CCTTAGTTGCCGCGATTGTA,0,4296991
yadI_predicted,0.07692307692307693,12,12,CCTGTCCTGCGCCTCGCCAT,0,4323160
yadI_predicted,0.07692307692307693,12,12,CCTGTATTTAAGGTTAGGAA,0,4328235
yadI_predicted,0.07692307692307693,12,12,CCTGGGTAAGGCGGGTTCCG,0,4368505
yadI_predicted,0.07692307692307693,12,12,CCTGCGGCCACGAGAACGCC,0,4310964
yadI_predicted,0.07692307692307693,12,12,CCTGATATGTTAACACGAGC,0,4289669
yadI_predicted,0.07692307692307693,12,12,CCTCTGAGTCGGCTCACAAA,0,4299644
yadI_predicted,0.07692307692307693,12,12,CCTCAAGGTCTATCTGGAGG,0,4299416
yadI_predicted,0.07692307692307693,12,12,CCTATATCCTCAGGGTGTGT,0,4343265
yadI_predicted,0.07692307692307693,12,12,CCTACGCACACTTGGTGTGA,0,4315206
yadI_predicted,0.07692307692307693,12,12,CCTAACGGGGTGGACTTGGT,0,4302731
yadI_predicted,0.07692307692307693,12,12,CCGTTCCGACTTTTTAAATC,0,4294267
yadI_predicted,0.07692307692307693,12,12,CCGTTCACATGCCAAGCCAT,0,4295308
yadI_predicted,0.07692307692307693,12,12,CCGTGATCCCTGTCTCATTT,0,4313294
yadI_predicted,0.07692307692307693,12,12,CCGTCGCTAGGATCGCAATA,0,4341136
yadI_predicted,0.07692307692307693,12,12,CCGGTGTCTCACTCAAAGAG,0,4288725
yadI_predicted,0.07692307692307693,12,12,CCGGTCGATCTCGAGCTCAA,0,4365451
yadI_predicted,0.07692307692307693,12,12,CCGGCTACGGGACGTCTCAC,0,4305303
yadI_predicted,0.07692307692307693,12,12,CCGGCCTCCAGGCAGCAGTG,0,4361725
yadI_predicted,0.07692307692307693,12,12,CCGCTCATTGTAAGTCGAAA,0,4364526
yadI_predicted,0.07692307692307693,12,12,CCGCGTTGCATACAATGTCG,0,4296308
yadI_predicted,0.07692307692307693,12,12,CCGCGCCCTAGCCACGGTAT,0,4319268
yadI_predicted,0.07692307692307693,12,12,CCGCCTGGAACTGCTTGCGA,0,4337809
yadI_predicted,0.07692307692307693,12,12,CCGATGGCAATAGCTTCCGT,0,4306459
yadI_predicted,0.07692307692307693,12,12,CCGAAAGGTTACATGTATAT,0,4319621
yadI_predicted,0.07692307692307693,12,12,CCCTTACTCCTTCCTCCACA,0,4325063
yadI_predicted,0.07692307692307693,12,12,CCCTATTCTCGGTAGCCAAC,0,4338983
yadI_predicted,0.07692307692307693,12,12,CCCGGTCGTGAGATGGACGC,0,4360845
yadI_predicted,0.07692307692307693,12,12,CCCGGCCCGATGCGCACCAC,0,4308249
yadI_predicted,0.07692307692307693,12,12,CCCCGTTTTCAGGTGGTTTT,0,4353806
yadI_predicted,0.07692307692307693,12,12,CCCCGTCCGCGGGAGCTTGA,0,4344730
yadI_predicted,0.07692307692307693,12,12,CCCCGCCCTGGGGCAGCGTC,0,4355012
yadI_predicted,0.07692307692307693,12,12,CCCAGGTCCAGTCTGTGTTT,0,4348013
yadI_predicted,0.07692307692307693,12,12,CCATTTACCTACGTAGCGCG,0,4349302
yadI_predicted,0.07692307692307693,12,12,CCATCCTTCGGCGGCGGCAA,0,4309065
yadI_predicted,0.07692307692307693,12,12,CCAGGCCACAGGGATTGGCT,0,4299780
yadI_predicted,0.07692307692307693,12,12,CCACTTGCTAGGTCTAGGAA,0,4333536
yadI_predicted,0.07692307692307693,12,12,CCACTGAAAGAAGCGGTGCA,0,4314728
yadI_predicted,0.07692307692307693,12,12,CCAATATCGGTGTACTGACA,0,4364519
yadI_predicted,0.07692307692307693,12,12,CCAAATCGCTTACGTCCCTT,0,4344857
yadI_predicted,0.07692307692307693,12,12,CCAAAAGTGTGAGTGCCGGC,0,4329420
yadI_predicted,0.07692307692307693,12,12,CATTAGATTACTTTGTCGAT,0,4290135
yadI_predicted,0.07692307692307693,12,12,CATGGAACGGGACACATCCG,0,4349306
yadI_predicted,0.07692307692307693,12,12,CATCCCTAAGCTGCGCCCTG,0,4301473
yadI_predicted,0.07692307692307693,12,12,CATCAGTCCCCCCGACGACG,0,4343444
yadI_predicted,0.07692307692307693,12,12,CATATACATCTTGCGCGCGA,0,4301422
yadI_predicted,0.07692307692307693,12,12,CATACGTTTTACATGTACAA,0,4311535
yadI_predicted,0.07692307692307693,12,12,CATAATGAAGATGAACGCGA,0,4319883
yadI_predicted,0.07692307692307693,12,12,CAGTTTTAATGCAAGGATTC,0,4302027
yadI_predicted,0.07692307692307693,12,12,CAGTGAGAGAACCTGCGAAC,0,4336007
yadI_predicted,0.07692307692307693,12,12,CAGTATTCACAGGGTAAAGG,0,4341769
yadI_predicted,0.07692307692307693,12,12,CAGTACGGACACTTAGTACA,0,4364520
yadI_predicted,0.07692307692307693,12,12,CAGGGTTATATTCGGGTCCG,0,4287520
yadI_predicted,0.07692307692307693,12,12,CAGGGCGGGCGCGCACGTTC,0,4332065
yadI_predicted,0.07692307692307693,12,12,CAGGACATCAATCAGGCTGA,0,4339741
yadI_predicted,0.07692307692307693,12,12,CAGCTGATATCGCAGTGCAT,0,4324287
yadI_predicted,0.07692307692307693,12,12,CAGCCCAGTGACGCACCGGA,0,4331819
yadI_predicted,0.07692307692307693,12,12,CAGCACGAGACTCCCTGAGA,0,4309713
yadI_predicted,0.07692307692307693,12,12,CAGAGTTCCAGTTTTACCGA,0,4301773
yadI_predicted,0.07692307692307693,12,12,CAGAGCCAAGTATCCACCGG,0,4364279
yadI_predicted,0.07692307692307693,12,12,CACTTTAGAGTGCTGGATCG,0,4356953
yadI_predicted,0.07692307692307693,12,12,CACTGTACTGAAGCCGTTAT,0,4344039
yadI_predicted,0.07692307692307693,12,12,CACTCCCCCTAAGATTATGG,0,4309433
yadI_predicted,0.07692307692307693,12,12,CACGGTTCGACTCTGAGTTC,0,4323571
yadI_predicted,0.07692307692307693,12,12,CACGGCCGTGTCTTCGATCC,0,4362755
yadI_predicted,0.07692307692307693,12,12,CACGAACATGCGATTAGGGT,0,4306551
yadI_predicted,0.07692307692307693,12,12,CACCTAGTAGTAACTTTCGT,0,4336869
yadI_predicted,0.07692307692307693,12,12,CACCGTGGACTACCGTTTAA,0,4306826
yadI_predicted,0.07692307692307693,12,12,CACCGCTGGCTTACCGAGCA,0,4358317
yadI_predicted,0.07692307692307693,12,12,CACCAAGTGTTTCGTAAGCA,0,4321864
yadI_predicted,0.07692307692307693,12,12,CACATTCGCACCTCACGTTT,0,4311958
yadI_predicted,0.07692307692307693,12,12,CACATCGGGGGCGTTAATCA,0,4289426
yadI_predicted,0.07692307692307693,12,12,CACAGCTCAGGGCACACCTC,0,4337834
yadI_predicted,0.07692307692307693,12,12,CACACCAAGAGGCTTCATGC,0,4341555
yadI_predicted,0.07692307692307693,12,12,CACAATAGGATCAAAGCTTA,0,4335546
yadI_predicted,0.07692307692307693,12,12,CACAACAACAGTGACATCGT,0,4313307
yadI_predicted,0.07692307692307693,12,12,CAATTACGTAGGGCTCCGTT,0,4287332
yadI_predicted,0.07692307692307693,12,12,CAATACTCGGTGCGGATATG,0,4334778
yadI_predicted,0.07692307692307693,12,12,CAAGTTTAGGCAGGCGCAGT,0,4318837
yadI_predicted,0.07692307692307693,12,12,CAAGTCTGGTTCAAGAAAAT,0,4369171
yadI_predicted,0.07692307692307693,12,12,CAAGGTAATGCCTCGGTCAA,0,4326085
yadI_predicted,0.07692307692307693,12,12,CAAGGCGACCAGGAAGGGTT,0,4350215
yadI_predicted,0.07692307692307693,12,12,CAAGCGGCAGTAAGATGTAA,0,4337895
yadI_predicted,0.07692307692307693,12,12,CAAGAGTGAACCACCAAATG,0,4333189
yadI_predicted,0.07692307692307693,12,12,CAACATGGTGTGCGTCGGAC,0,4329415
yadI_predicted,0.07692307692307693,12,12,CAAATGATTAGACTCGTTCC,0,4291081
yadI_predicted,0.07692307692307693,12,12,CAAACCAAAAATCATTTAAG,0,4326980
yadI_predicted,0.07692307692307693,12,12,CAAAACGCGCGGGGTAGTGT,0,4305587
yadI_predicted,0.07692307692307693,12,12,ATTTTGTGATAGGTCAACAC,0,4309954
yadI_predicted,0.07692307692307693,12,12,ATTTTGACGGATGGCATCCT,0,4361320
yadI_predicted,0.07692307692307693,12,12,ATTTGGACATACAAGCGAAG,0,4345700
yadI_predicted,0.07692307692307693,12,12,ATTTACCCCCTCCTGATGAA,0,4286360
yadI_predicted,0.07692307692307693,12,12,ATTGCCCCCACTAGACAGAC,0,4301032
yadI_predicted,0.07692307692307693,12,12,ATTGATAACGATTCGCTGGT,0,4296951
yadI_predicted,0.07692307692307693,12,12,ATTCTCTTGGTTTGGGTATA,0,4291166
yadI_predicted,0.07692307692307693,12,12,ATTCGTCTCGTGTGCAGCCC,0,4323534
yadI_predicted,0.07692307692307693,12,12,ATTCAGAGGACGGTCACCCA,0,4322822
yadI_predicted,0.07692307692307693,12,12,ATTCACAACCGTGGCGGGGC,0,4329101
yadI_predicted,0.07692307692307693,12,12,ATTCAACTGGCGGGGGTTGT,0,4289422
yadI_predicted,0.07692307692307693,12,12,ATTATTTGAAGTTTTGCGGT,0,4345636
yadI_predicted,0.07692307692307693,12,12,ATTATTGCGGTCCAGTTCGT,0,4345779
yadI_predicted,0.07692307692307693,12,12,ATTATACTTTCTTTAGTCAC,0,4323099
yadI_predicted,0.07692307692307693,12,12,ATTAGCAGGATTTTCACATC,0,4330564
yadI_predicted,0.07692307692307693,12,12,ATGTGGGTCCTCTCAATTGA,0,4288371
yadI_predicted,0.07692307692307693,12,12,ATGTAACCCTTATCGAACAC,0,4356859
yadI_predicted,0.07692307692307693,12,12,ATGGGTTAGATGGCTGTGAT,0,4351421
yadI_predicted,0.07692307692307693,12,12,ATGGGATCCTGATCCACCGC,0,4290116
yadI_predicted,0.07692307692307693,12,12,ATGGCCGCACACTTCTATTC,0,4301220
yadI_predicted,0.07692307692307693,12,12,ATGCTGCCCGGTTTCGATTG,0,4301899
yadI_predicted,0.07692307692307693,12,12,ATGCTCTATTTCTTTGCGGT,0,4361306
yadI_predicted,0.07692307692307693,12,12,ATGCGGCCTACCTGGTTGAT,0,4315089
yadI_predicted,0.07692307692307693,12,12,ATGCGATCAGCTCGGAGTAC,0,4339373
yadI_predicted,0.07692307692307693,12,12,ATGCGAGGTCTACAGCCTCT,0,4357947
yadI_predicted,0.07692307692307693,12,12,ATGCGAGACCGCCGGTATCC,0,4356079
yadI_predicted,0.07692307692307693,12,12,ATGCCAGAAGAAAAGGCCAA,0,4291462
yadI_predicted,0.07692307692307693,12,12,ATGATTCCGTACACGGGCAA,0,4309837
yadI_predicted,0.07692307692307693,12,12,ATGATGCATGTAATAGGTGC,0,4298802
yadI_predicted,0.07692307692307693,12,12,ATGACGCCCCCGCGGCAGAT,0,4325657
yadI_predicted,0.07692307692307693,12,12,ATGAATCAAGGGGTGCAATG,0,4332817
yadI_predicted,0.07692307692307693,12,12,ATGAACCCTGTAATCAGTTC,0,4367900
yadI_predicted,0.07692307692307693,12,12,ATCTGATCATCGGCGACGGG,0,4329438
yadI_predicted,0.07692307692307693,12,12,ATCTCAGTTGTTATGTGCTG,0,4290479
yadI_predicted,0.07692307692307693,12,12,ATCTACACGAGGTGATTATG,0,4337803
yadI_predicted,0.07692307692307693,12,12,ATCGTATTAAACATACGCGT,0,4314738
yadI_predicted,0.07692307692307693,12,12,ATCGGGTAATTCCAAACAAC,0,4327159
yadI_predicted,0.07692307692307693,12,12,ATCGGCAGGCAGCAGTCGTT,0,4296025
yadI_predicted,0.07692307692307693,12,12,ATCGCAAAAAAGGTTTGTAG,0,4299583
yadI_predicted,0.07692307692307693,12,12,ATCACCTGGCATCTAACGTA,0,4291017
yadI_predicted,0.07692307692307693,12,12,ATATTTTAGGCATATCGCAA,0,4303674
yadI_predicted,0.07692307692307693,12,12,ATATTATAAGCTAACGTATA,0,4292931
yadI_predicted,0.07692307692307693,12,12,ATATGCCCAGGTAGTAACGC,0,4354445
yadI_predicted,0.07692307692307693,12,12,ATATGAGGGCATCAGGAATA,0,4316765
yadI_predicted,0.07692307692307693,12,12,ATATATAAGGGAACACATAA,0,4317689
yadI_predicted,0.07692307692307693,12,12,ATATAGAAATCTCTCCGAGA,0,4350826
yadI_predicted,0.07692307692307693,12,12,ATAGTTGGTCAGGAGCAATT,0,4288388
yadI_predicted,0.07692307692307693,12,12,ATAGGAGTCCCGAGAGGGGG,0,4358768
yadI_predicted,0.07692307692307693,12,12,ATAGAGGTGTGACGACCCAG,0,4324686
yadI_predicted,0.07692307692307693,12,12,ATACGGTGGGCTCCAGCTCT,0,4307044
yadI_predicted,0.07692307692307693,12,12,ATACCCGGTAGGGTTTCAAT,0,4367783
yadI_predicted,0.07692307692307693,12,12,ATACATATCATCGAAGTCAT,0,4334272
yadI_predicted,0.07692307692307693,12,12,ATAAGCCTATCACAATATCT,0,4361571
yadI_predicted,0.07692307692307693,12,12,ATAACGACGAAGCGCGCAAT,0,4323300
yadI_predicted,0.07692307692307693,12,12,ATAACCCACCCACGTGGTGA,0,4311377
yadI_predicted,0.07692307692307693,12,12,AGTTTTCCTAAAATGCAAGA,0,4330833
yadI_predicted,0.07692307692307693,12,12,AGTTGTGCCTGTGCGGAAAA,0,4311781
yadI_predicted,0.07692307692307693,12,12,AGTTGTCGCAATCCTAGTTG,0,4322796
yadI_predicted,0.07692307692307693,12,12,AGTTCACGCCTTGTAGACAA,0,4340513
yadI_predicted,0.07692307692307693,12,12,AGTTATATACCCTAGGTTAG,0,4362958
yadI_predicted,0.07692307692307693,12,12,AGTTAGGAACTGCAGAAGAA,0,4343187
yadI_predicted,0.07692307692307693,12,12,AGTGGGAACCCTTCAAACTG,0,4284469
yadI_predicted,0.07692307692307693,12,12,AGTGGACGCATCCTATGCCT,0,4288222
yadI_predicted,0.07692307692307693,12,12,AGTGCAGATCCGGTAGAGTT,0,4322591
yadI_predicted,0.07692307692307693,12,12,AGTCCATGTACGACTGCTCA,0,4332159
yadI_predicted,0.07692307692307693,12,12,AGTCATACGGAACGATGCGG,0,4353189
yadI_predicted,0.07692307692307693,12,12,AGTAGCTGATTGTAAAAACT,0,4322167
yadI_predicted,0.07692307692307693,12,12,AGTAAGACTAGGTTTGTTAC,0,4362882
yadI_predicted,0.07692307692307693,12,12,AGGTTTTGTGCGCCTAGCCG,0,4345973
yadI_predicted,0.07692307692307693,12,12,AGGTTGTAAAGCGCTCGGGA,0,4364523
yadI_predicted,0.07692307692307693,12,12,AGGTGAGAAGTGCGGACCAC,0,4342142
yadI_predicted,0.07692307692307693,12,12,AGGGGGACTAAAGGGAGTGT,0,4290478
yadI_predicted,0.07692307692307693,12,12,AGGGGCTACACGTGATGGCA,0,4358931
yadI_predicted,0.07692307692307693,12,12,AGGGATGAAATTGTTCATCT,0,4341307
yadI_predicted,0.07692307692307693,12,12,AGGGAGACATTAAACACAAA,0,4349639
yadI_predicted,0.07692307692307693,12,12,AGGCTGATAACATTATTCAG,0,4318314
yadI_predicted,0.07692307692307693,12,12,AGGCTCCGGTGTATGCGGCG,0,4358720
yadI_predicted,0.07692307692307693,12,12,AGGCCGAGCATTCCGGCTGA,0,4328994
yadI_predicted,0.07692307692307693,12,12,AGGATTGGTAGAATGCAAAA,0,4312473
yadI_predicted,0.07692307692307693,12,12,AGGATCTGCCGCAGATGTCA,0,4317501
yadI_predicted,0.07692307692307693,12,12,AGGATCGCTCTGGTCCTAAC,0,4363056
yadI_predicted,0.07692307692307693,12,12,AGGAGTGCCTACTAATAGGA,0,4354172
yadI_predicted,0.07692307692307693,12,12,AGGAGGCCCCCCAGGGCAAT,0,4362968
yadI_predicted,0.07692307692307693,12,12,AGGACAGCCACTACGGGCGT,0,4365860
yadI_predicted,0.07692307692307693,12,12,AGCTTGCCTATTAGGCCGGT,0,4348755
yadI_predicted,0.07692307692307693,12,12,AGCTTGACAGAACATACTGT,0,4353594
yadI_predicted,0.07692307692307693,12,12,AGCTTAAGCCTCGAGCACTG,0,4360523
yadI_predicted,0.07692307692307693,12,12,AGCTGCGTTACGGTAACTAT,0,4293780
yadI_predicted,0.07692307692307693,12,12,AGCGTCTGGAGGCAAAATTA,0,4317591
yadI_predicted,0.07692307692307693,12,12,AGCGGGTCTGGATGTTACAA,0,4354144
yadI_predicted,0.07692307692307693,12,12,AGCGGCGTACGGATCTAATA,0,4296479
yadI_predicted,0.07692307692307693,12,12,AGCCGAGTTACAGTCTAGAC,0,4346711
yadI_predicted,0.07692307692307693,12,12,AGCAGTTGTACAATGCAACA,0,4350647
yadI_predicted,0.07692307692307693,12,12,AGCAGCGGTTGGAGGCGAGG,0,4304056
yadI_predicted,0.07692307692307693,12,12,AGCAGAGTCGGGTACTGATT,0,4306743
yadI_predicted,0.07692307692307693,12,12,AGATTGGGGAAATGAAATGT,0,4300813
yadI_predicted,0.07692307692307693,12,12,AGATCTCCGAAACCCACGTC,0,4289954
yadI_predicted,0.07692307692307693,12,12,AGATCCATCAAGGGTTTGTG,0,4328701
yadI_predicted,0.07692307692307693,12,12,AGAGCTGTTTGGATTACTAT,0,4295103
yadI_predicted,0.07692307692307693,12,12,AGAGATCTACCCGCGTTCAA,0,4317906
yadI_predicted,0.07692307692307693,12,12,AGACGAGCGGCAGCAATGTA,0,4312804
yadI_predicted,0.07692307692307693,12,12,AGACCAGCTCACGGAACAAC,0,4302124
yadI_predicted,0.07692307692307693,12,12,AGAAATGGAAGCTAAAATGA,0,4312655
yadI_predicted,0.07692307692307693,12,12,AGAAAGCACTCCACACACGA,0,4346392
yadI_predicted,0.07692307692307693,12,12,ACTTGCGCGAGCTTCTAAAT,0,4299137
yadI_predicted,0.07692307692307693,12,12,ACTTGATAAGATTTATGCAG,0,4327267
yadI_predicted,0.07692307692307693,12,12,ACTTCTCGACTCTAAGCTTA,0,4293192
yadI_predicted,0.07692307692307693,12,12,ACTTCCTATGTCAGACTAAG,0,4349608
yadI_predicted,0.07692307692307693,12,12,ACTTATGAGTCCATACAAGT,0,4297646
yadI_predicted,0.07692307692307693,12,12,ACTTAATAAGGACTCTAGAT,0,4320963
yadI_predicted,0.07692307692307693,12,12,ACTGGGTACATCTGGACAGG,0,4334646
yadI_predicted,0.07692307692307693,12,12,ACTGGAATAACGGCCTCCAT,0,4309933
yadI_predicted,0.07692307692307693,12,12,ACTCGCGCACGACAACATCG,0,4344429
yadI_predicted,0.07692307692307693,12,12,ACTCGATGTCTCAGCGCCTT,0,4340034
yadI_predicted,0.07692307692307693,12,12,ACTAGGTTGCATAGCACTTA,0,4367710
yadI_predicted,0.07692307692307693,12,12,ACTAGAAGTATAGGGGCGGT,0,4351308
yadI_predicted,0.07692307692307693,12,12,ACTACCGTGCATGAGGTCTA,0,4314886
yadI_predicted,0.07692307692307693,12,12,ACGTTTTACGAACCCATTTA,0,4308684
yadI_predicted,0.07692307692307693,12,12,ACGTGTTTCTAATTCGATAA,0,4341112
yadI_predicted,0.07692307692307693,12,12,ACGTACCTGCGTTGCTTCAT,0,4347797
yadI_predicted,0.07692307692307693,12,12,ACGTAATACGTAGAACAAAA,0,4327112
yadI_predicted,0.07692307692307693,12,12,ACGGCTCAGCCGAGCTTCTT,0,4328420
yadI_predicted,0.07692307692307693,12,12,ACGCTAGAGGACTCGCTTGT,0,4359992
yadI_predicted,0.07692307692307693,12,12,ACGCGACCCGGTTTGATGAC,0,4294233
yadI_predicted,0.07692307692307693,12,12,ACGCAGAGTCTGAAGACGAA,0,4284374
yadI_predicted,0.07692307692307693,12,12,ACGCAATTAGAACGGGGGCT,0,4339537
yadI_predicted,0.07692307692307693,12,12,ACGCAAACCGACATTCCCAT,0,4355043
yadI_predicted,0.07692307692307693,12,12,ACGATATGCTTCAATACCCT,0,4291241
yadI_predicted,0.07692307692307693,12,12,ACGACAAGGGTTTTAAGTTA,0,4356945
yadI_predicted,0.07692307692307693,12,12,ACCTTTACGAGCTGATGGCC,0,4289897
yadI_predicted,0.07692307692307693,12,12,ACCTAGGCGTATTCTATTAA,0,4316057
yadI_predicted,0.07692307692307693,12,12,ACCTAACTGCAAATCGGCTG,0,4300354
yadI_predicted,0.07692307692307693,12,12,ACCGCAGGTTCAAATGCAGG,0,4324521
yadI_predicted,0.07692307692307693,12,12,ACCGATATAATATCCATTAT,0,4308596
yadI_predicted,0.07692307692307693,12,12,ACCGACCGAGAAATCCACTT,0,4348290
yadI_predicted,0.07692307692307693,12,12,ACCCGTTACAGACGCAAGTA,0,4290922
yadI_predicted,0.07692307692307693,12,12,ACCCGTCCGGTGTATCTCGT,0,4334432
yadI_predicted,0.07692307692307693,12,12,ACCCGGTGTACTCTGCATTC,0,4338613
yadI_predicted,0.07692307692307693,12,12,ACCAAGTTTTGTAGCCCCGA,0,4307795
yadI_predicted,0.07692307692307693,12,12,ACCAAATCGTAATAGGGGAT,0,4284599
yadI_predicted,0.07692307692307693,12,12,ACCAAAACGGATGGAAATTT,0,4292441
yadI_predicted,0.07692307692307693,12,12,ACATTAGAGTTTAAACGAGC,0,4341156
yadI_predicted,0.07692307692307693,12,12,ACATTACAGTCTCTTGGATA,0,4311705
yadI_predicted,0.07692307692307693,12,12,ACATGTTAAGGATGCATGTT,0,4314601
yadI_predicted,0.07692307692307693,12,12,ACATGGTGTAGGACGGGAAG,0,4296169
yadI_predicted,0.07692307692307693,12,12,ACATGAGTTGCTCTGCTCAC,0,4328909
yadI_predicted,0.07692307692307693,12,12,ACATATTTGTGTATGTTCAC,0,4346015
yadI_predicted,0.07692307692307693,12,12,ACATAGCCACGCTGAAGACG,0,4286508
yadI_predicted,0.07692307692307693,12,12,ACAGGATAAAAGGCCGCTGG,0,4363811
yadI_predicted,0.07692307692307693,12,12,ACAGGACAGATGTTTTGTGT,0,4303250
yadI_predicted,0.07692307692307693,12,12,ACACCTGGGCCAGAACACAA,0,4341313
yadI_predicted,0.07692307692307693,12,12,ACACCCCCCACCGGGGTAGA,0,4340006
yadI_predicted,0.07692307692307693,12,12,ACAAGGGATCCGTCGCCGCT,0,4319531
yadI_predicted,0.07692307692307693,12,12,ACAACTGTAAAGAAACGGGT,0,4332266
yadI_predicted,0.07692307692307693,12,12,ACAAATACGCACCTTCCTTA,0,4317339
yadI_predicted,0.07692307692307693,12,12,ACAAAGCAGGTTGACTTCAT,0,4361074
yadI_predicted,0.07692307692307693,12,12,AATTTGGGTCCTCGCCCTCG,0,4351707
yadI_predicted,0.07692307692307693,12,12,AATTTGCATGCATCATTGAT,0,4339304
yadI_predicted,0.07692307692307693,12,12,AATTGTTACACTGGAGCGTG,0,4357674
yadI_predicted,0.07692307692307693,12,12,AATTGGTAGATGGTTCTTCG,0,4368623
yadI_predicted,0.07692307692307693,12,12,AATTAGTTGATCGCTCCGAC,0,4352645
yadI_predicted,0.07692307692307693,12,12,AATGGGTCGGAGTCCAGACC,0,4302166
yadI_predicted,0.07692307692307693,12,12,AATGGCATCAGTGAATGTCT,0,4338635
yadI_predicted,0.07692307692307693,12,12,AATGCTGTAGAAAGGCCGTC,0,4357858
yadI_predicted,0.07692307692307693,12,12,AATCTCTGTGAAGGAGAGAT,0,4361922
yadI_predicted,0.07692307692307693,12,12,AATCGTGGAACGTATATCCG,0,4345855
yadI_predicted,0.07692307692307693,12,12,AATCGCTATGATGCGGGGCG,0,4360517
yadI_predicted,0.07692307692307693,12,12,AATCGCAGGAGGACGCTTGG,0,4363966
yadI_predicted,0.07692307692307693,12,12,AATATTTCCCTTACTTCGAG,0,4352705
yadI_predicted,0.07692307692307693,12,12,AATAGTCGTCGAAGTGGAGG,0,4311389
yadI_predicted,0.07692307692307693,12,12,AAGTTGGATACGATAAGCTT,0,4366306
yadI_predicted,0.07692307692307693,12,12,AAGTGGGAGGGCTTAGTGTT,0,4327470
yadI_predicted,0.07692307692307693,12,12,AAGTCCGTTTGCGCTCCGCA,0,4368304
yadI_predicted,0.07692307692307693,12,12,AAGGTTCGCTATATCACCTT,0,4364371
yadI_predicted,0.07692307692307693,12,12,AAGGTTAATCCGACCTTAGG,0,4293843
yadI_predicted,0.07692307692307693,12,12,AAGGGTAGGGTATAGGAGGA,0,4330829
yadI_predicted,0.07692307692307693,12,12,AAGGCTGTGACCACCAAAAT,0,4344221
yadI_predicted,0.07692307692307693,12,12,AAGGCCCACAGGTGTAGGGG,0,4301767
yadI_predicted,0.07692307692307693,12,12,AAGCTGTCCCTGTTCAAGCG,0,4358113
yadI_predicted,0.07692307692307693,12,12,AAGCTCACCACTTAGACATG,0,4334282
yadI_predicted,0.07692307692307693,12,12,AAGCGTGTCCAATAATTGTG,0,4304733
yadI_predicted,0.07692307692307693,12,12,AAGCGGGTTAGTTTAATATA,0,4353891
yadI_predicted,0.07692307692307693,12,12,AAGCCCACGAGATGAAAGGA,0,4297699
yadI_predicted,0.07692307692307693,12,12,AAGCCACGGATGGAAGATAT,0,4331920
yadI_predicted,0.07692307692307693,12,12,AAGCACCCAGGAAACAATAT,0,4350294
yadI_predicted,0.07692307692307693,12,12,AAGAGGCCATTGCATGACTA,0,4356376
yadI_predicted,0.07692307692307693,12,12,AAGAGCGTGTGGTGTTGGGG,0,4357632
yadI_predicted,0.07692307692307693,12,12,AAGAGACTTGCTACGGCTCT,0,4340899
yadI_predicted,0.07692307692307693,12,12,AAGAAATGTGGATTCACTCT,0,4324859
yadI_predicted,0.07692307692307693,12,12,AACTTCTGGGTAGCAAATGT,0,4299004
yadI_predicted,0.07692307692307693,12,12,AACTGCTTAGCATCTGTATC,0,4353995
yadI_predicted,0.07692307692307693,12,12,AACGTTTGAAGGCAGTTACG,0,4308302
yadI_predicted,0.07692307692307693,12,12,AACGGACCGTATTGTAACTA,0,4362795
yadI_predicted,0.07692307692307693,12,12,AACGCTGAAAATAACAGATC,0,4352678
yadI_predicted,0.07692307692307693,12,12,AACCTTTGTTGGTCGAGATG,0,4358769
yadI_predicted,0.07692307692307693,12,12,AACCTCTGCTCCGCACCGTT,0,4307867
yadI_predicted,0.07692307692307693,12,12,AACCAGCCTTATGCTCGAAT,0,4284996
yadI_predicted,0.07692307692307693,12,12,AACATTTGGGATCCATATCA,0,4343766
yadI_predicted,0.07692307692307693,12,12,AACATAGAGTGAGGGCTGTC,0,4312124
yadI_predicted,0.07692307692307693,12,12,AACAGGCCAGTTAGACATTT,0,4333963
yadI_predicted,0.07692307692307693,12,12,AAATATACGTGATGATGCTT,0,4355367
yadI_predicted,0.07692307692307693,12,12,AAAGCTCACTGTCAAGGAGT,0,4336748
yadI_predicted,0.07692307692307693,12,12,AAAGCCGGGGCCAGCCTCGA,0,4360116
yadI_predicted,0.07692307692307693,12,12,AAAGCACAGGGTGAATGAAT,0,4335831
yadI_predicted,0.07692307692307693,12,12,AAAGCAAGGAGTGGGTGTAT,0,4310099
yadI_predicted,0.07692307692307693,12,12,AAACTCTGATTAGCTTGCCT,0,4295464
yadI_predicted,0.07692307692307693,12,12,AAACGTTCAGTTCGTCGTAA,0,4369234
yadI_predicted,0.07692307692307693,12,12,AAACGAGTTACAAATAGGCA,0,4295511
yadI_predicted,0.07692307692307693,12,12,AAACCTTGTGTACAGGCGAC,0,4291305
yadI_predicted,0.07692307692307693,12,12,AAACCTTGTACAGCAGGTTC,0,4337145
yadI_predicted,0.07692307692307693,12,12,AAACCCGTGGTCAACGGGTA,0,4337562
yadI_predicted,0.07692307692307693,12,12,AAACCATACTCAGCATATAA,0,4368096
yadI_predicted,0.07692307692307693,12,12,AAAAGTTGCGCCCCCACCTG,0,4353738
yadI_predicted,0.07692307692307693,12,12,AAAAGGTGCGCGGTAATGAA,0,4354657
yadI_predicted,0.08333333333333333,11,11,TTTTGTACACGGACTAATGG,0,4284828
yadI_predicted,0.08333333333333333,11,11,TTTTGCCTTGCAGATGAGGG,0,4296488
yadI_predicted,0.08333333333333333,11,11,TTTTCGATTCACTGGTGGCC,0,4331496
yadI_predicted,0.08333333333333333,11,11,TTTTCCAACGGATCATCTGC,0,4300334
yadI_predicted,0.08333333333333333,11,11,TTTTCATTCCGTATATTCGC,0,4351636
yadI_predicted,0.08333333333333333,11,11,TTTTCAGTCTTCAGAGGATC,0,4310967
yadI_predicted,0.08333333333333333,11,11,TTTTCACACTTCAGAACCGC,0,4364340
yadI_predicted,0.08333333333333333,11,11,TTTTAGTCCGTCACCTTAAT,0,4361476
yadI_predicted,0.08333333333333333,11,11,TTTTAGCTTAAGGCGCCCAG,0,4284309
yadI_predicted,0.08333333333333333,11,11,TTTTAACACGTAGGGCATGA,0,4287749
yadI_predicted,0.08333333333333333,11,11,TTTGTTCGGTCCACTCGTTG,0,4289268
yadI_predicted,0.08333333333333333,11,11,TTTGGGCGTCGCAGCCTTCT,0,4307943
yadI_predicted,0.08333333333333333,11,11,TTTGGAATAGCTGATCACAG,0,4360327
yadI_predicted,0.08333333333333333,11,11,TTTGCGTGACTCTGCCAAAC,0,4364157
yadI_predicted,0.08333333333333333,11,11,TTTGCCTGACATCTAGCGGT,0,4358465
yadI_predicted,0.08333333333333333,11,11,TTTGACTATAGCTGCGAAGG,0,4351037
yadI_predicted,0.08333333333333333,11,11,TTTCTACGTTAATTGCATAG,0,4305004
yadI_predicted,0.08333333333333333,11,11,TTTCGTCTAGTGAGAGACAG,0,4362612
yadI_predicted,0.08333333333333333,11,11,TTTCGCGTCTGTTCCATCGT,0,4368514
yadI_predicted,0.08333333333333333,11,11,TTTCCTTGCAACTTTACGAG,0,4334419
yadI_predicted,0.08333333333333333,11,11,TTTCCCACACGACGAGTTAC,0,4348431
yadI_predicted,0.08333333333333333,11,11,TTTCAGCTCCAATGACTATG,0,4318968
yadI_predicted,0.08333333333333333,11,11,TTTCAATACATGAGAGTTAT,0,4339685
yadI_predicted,0.08333333333333333,11,11,TTTATTCACATGGAATTCAG,0,4347993
yadI_predicted,0.08333333333333333,11,11,TTGTGACAATTGTATGGGGG,0,4308303
yadI_predicted,0.08333333333333333,11,11,TTGTCATCCCCTTTCGTAGA,0,4291879
yadI_predicted,0.08333333333333333,11,11,TTGTCAGACTTTGTGGGACG,0,4354044
yadI_predicted,0.08333333333333333,11,11,TTGTATACATGCGGTGTAAA,0,4368152
yadI_predicted,0.08333333333333333,11,11,TTGGTCCTTCTGCATCGGAA,0,4330495
yadI_predicted,0.08333333333333333,11,11,TTGCTCATATTTCTAAACTA,0,4318904
yadI_predicted,0.08333333333333333,11,11,TTGCCCGGATTGCGTCGATC,0,4333252
yadI_predicted,0.08333333333333333,11,11,TTGACTCCAGCTTGATCATA,0,4341951
yadI_predicted,0.08333333333333333,11,11,TTCTTGGTATTATCTAAGTC,0,4306792
yadI_predicted,0.08333333333333333,11,11,TTCTCGCGGACCTCCCTCGA,0,4333591
yadI_predicted,0.08333333333333333,11,11,TTCTAGCCATTCCAACTCGA,0,4361078
yadI_predicted,0.08333333333333333,11,11,TTCTACTGTATACCGTTTCC,0,4343279
yadI_predicted,0.08333333333333333,11,11,TTCTACGTCGAAACGATCAT,0,4326643
yadI_predicted,0.08333333333333333,11,11,TTCGTCAAGCAGCTAATCAA,0,4328531
yadI_predicted,0.08333333333333333,11,11,TTCCGGTGAATTGAAAGACA,0,4284287
yadI_predicted,0.08333333333333333,11,11,TTCCCTCAGATGGTGCGTTG,0,4322200
yadI_predicted,0.08333333333333333,11,11,TTCCACTCCCCAAGGGATTA,0,4296397
yadI_predicted,0.08333333333333333,11,11,TTCATTAGATTTAAAGCTGC,0,4322543
yadI_predicted,0.08333333333333333,11,11,TTCAGAGACAGGAGTGAGTA,0,4286690
yadI_predicted,0.08333333333333333,11,11,TTCAGAAGACTTTCCTGCTA,0,4302732
yadI_predicted,0.08333333333333333,11,11,TTCACTTATGCCGGCTTGCG,0,4314023
yadI_predicted,0.08333333333333333,11,11,TTCACTGTGTAGGAGTCTGC,0,4341633
yadI_predicted,0.08333333333333333,11,11,TTCACTGCGGACTTAAGGGA,0,4368151
yadI_predicted,0.08333333333333333,11,11,TTCAAGGTATTGAAAGGTCC,0,4344369
yadI_predicted,0.08333333333333333,11,11,TTATTAACTTAATAGCAACG,0,4326910
yadI_predicted,0.08333333333333333,11,11,TTATGGAACCTGTAGTCAGA,0,4316246
yadI_predicted,0.08333333333333333,11,11,TTATCTGGGCGACCCGCCCT,0,4330365
yadI_predicted,0.08333333333333333,11,11,TTATAGCCCTGAGTATCTGC,0,4319853
yadI_predicted,0.08333333333333333,11,11,TTAGTGAGTAACTCAGCCGA,0,4298080
yadI_predicted,0.08333333333333333,11,11,TTAGGTTATCCTTGACGGTT,0,4308937
yadI_predicted,0.08333333333333333,11,11,TTAGGCTCTCCGCGTACACA,0,4329645
yadI_predicted,0.08333333333333333,11,11,TTAGGATTCTCAAATATATG,0,4310107
yadI_predicted,0.08333333333333333,11,11,TTAGACCTATCTTCAGACGT,0,4363461
yadI_predicted,0.08333333333333333,11,11,TTACTCAGAAATGCGGCGTT,0,4348437
yadI_predicted,0.08333333333333333,11,11,TTACGAGGGGCGCTGAACTT,0,4351440
yadI_predicted,0.08333333333333333,11,11,TTACAGCCACGCAACGCTCT,0,4333089
yadI_predicted,0.08333333333333333,11,11,TTACAAGGTCCGATGGCGAT,0,4362614
yadI_predicted,0.08333333333333333,11,11,TTAATCTCGCCCGTCGGCGC,0,4338587
yadI_predicted,0.08333333333333333,11,11,TTAAGCCCGCTCTTTTGCAT,0,4323895
yadI_predicted,0.08333333333333333,11,11,TTAACTCTTGCGGGCTTTAG,0,4359573
yadI_predicted,0.08333333333333333,11,11,TGTTAACCCAGTTCTAGAAG,0,4295015
yadI_predicted,0.08333333333333333,11,11,TGTGGTCACAAAGATAAACG,0,4301171
yadI_predicted,0.08333333333333333,11,11,TGTGATCCGGTCCGGTCCTC,0,4308659
yadI_predicted,0.08333333333333333,11,11,TGTCTAAAAAGAATTCAGGA,0,4299772
yadI_predicted,0.08333333333333333,11,11,TGTCGCTAGATACCGGCTAT,0,4340281
yadI_predicted,0.08333333333333333,11,11,TGTCGATCTGCTGCGGTCAT,0,4350785
yadI_predicted,0.08333333333333333,11,11,TGTCCCGCAAAACTGTTGAA,0,4322260
yadI_predicted,0.08333333333333333,11,11,TGTAACAACCGTTACATATC,0,4295850
yadI_predicted,0.08333333333333333,11,11,TGGTTTCTGAGGGGAAGCGG,0,4367288
yadI_predicted,0.08333333333333333,11,11,TGGTTGAGCGACACTTCTTA,0,4312688
yadI_predicted,0.08333333333333333,11,11,TGGTCCGCCGCATCGGGGGA,0,4305657
yadI_predicted,0.08333333333333333,11,11,TGGTAGTGTTTGGTACCTTT,0,4285910
yadI_predicted,0.08333333333333333,11,11,TGGTACTTTCATATAGAATT,0,4351700
yadI_predicted,0.08333333333333333,11,11,TGGGTCCCACTCTGCGTAGA,0,4318912
yadI_predicted,0.08333333333333333,11,11,TGGGTCACGAAAGGAGTCCC,0,4351441
yadI_predicted,0.08333333333333333,11,11,TGGGCTGTGCAGCCATCCTC,0,4302892
yadI_predicted,0.08333333333333333,11,11,TGGGAGGATCACTGATTAGA,0,4313416
yadI_predicted,0.08333333333333333,11,11,TGGGAAAGAATAATCAGAAA,0,4320921
yadI_predicted,0.08333333333333333,11,11,TGGCTACGAAGGCTATTTGA,0,4321886
yadI_predicted,0.08333333333333333,11,11,TGGCCTTAGGTAGAAACCAA,0,4298874
yadI_predicted,0.08333333333333333,11,11,TGGCCAGTGACTGAGATGGT,0,4364891
yadI_predicted,0.08333333333333333,11,11,TGGATCATCCCACTCAGACA,0,4355200
yadI_predicted,0.08333333333333333,11,11,TGGAGTTTACGGCAAACCCA,0,4358954
yadI_predicted,0.08333333333333333,11,11,TGGAGCTGGGCTCTTCCACA,0,4290493
yadI_predicted,0.08333333333333333,11,11,TGGAGAGGGAGACCACATAA,0,4299450
yadI_predicted,0.08333333333333333,11,11,TGCTTTCGGTGCACCCCCGT,0,4307240
yadI_predicted,0.08333333333333333,11,11,TGCTTCCTTTGTCATGCAAG,0,4332747
yadI_predicted,0.08333333333333333,11,11,TGCTGCTACTTCGCCGTCGG,0,4289222
yadI_predicted,0.08333333333333333,11,11,TGCTCCGGGATGGGCATTAT,0,4300391
yadI_predicted,0.08333333333333333,11,11,TGCTCATTTGGATGATGTCG,0,4298313
yadI_predicted,0.08333333333333333,11,11,TGCTCAGAGGTTATGTAAGT,0,4327830
yadI_predicted,0.08333333333333333,11,11,TGCGTCACGGACATGACGTT,0,4299919
yadI_predicted,0.08333333333333333,11,11,TGCGGCTGGAGGGCTCGATA,0,4363388
yadI_predicted,0.08333333333333333,11,11,TGCGGACCTGGATTACCACG,0,4328645
yadI_predicted,0.08333333333333333,11,11,TGCGAAACCGGCTTAACGTA,0,4303289
yadI_predicted,0.08333333333333333,11,11,TGCCGTACATGGGTCAACAT,0,4357878
yadI_predicted,0.08333333333333333,11,11,TGCCGGGGGACGCCTCCCTA,0,4357887
yadI_predicted,0.08333333333333333,11,11,TGCCGGAGCTCAACCCGAGA,0,4315414
yadI_predicted,0.08333333333333333,11,11,TGCATCCTTTTAGCCCAGTG,0,4301051
yadI_predicted,0.08333333333333333,11,11,TGCATACTTATTAAACTGCT,0,4285242
yadI_predicted,0.08333333333333333,11,11,TGCAGGTATTTATGACTCAT,0,4344072
yadI_predicted,0.08333333333333333,11,11,TGCAGACCGCGCTTACGGGA,0,4337101
yadI_predicted,0.08333333333333333,11,11,TGATTTTTGTTGGGATTCGT,0,4326991
yadI_predicted,0.08333333333333333,11,11,TGATGTCGTACTTTAATGCT,0,4323523
yadI_predicted,0.08333333333333333,11,11,TGATGATGACCTGCCCACCT,0,4336476
yadI_predicted,0.08333333333333333,11,11,TGATAATGCCCAAGGGCAAT,0,4355428
yadI_predicted,0.08333333333333333,11,11,TGAGTTTGCAATGGGCGTGA,0,4336363
yadI_predicted,0.08333333333333333,11,11,TGAGGTATCAGATGGCATCC,0,4305804
yadI_predicted,0.08333333333333333,11,11,TGAGCGCTCGGACAAACTGA,0,4291745
yadI_predicted,0.08333333333333333,11,11,TGAGCCCGGAAATGCGGGAT,0,4351414
yadI_predicted,0.08333333333333333,11,11,TGAGCCATCTTGTCGTATTC,0,4300057
yadI_predicted,0.08333333333333333,11,11,TGAGATCGCGCAAGGGCCAG,0,4364705
yadI_predicted,0.08333333333333333,11,11,TGAGACACCATAAAGCTCAC,0,4342245
yadI_predicted,0.08333333333333333,11,11,TGACCGCCGACCGGTGTCAT,0,4320161
yadI_predicted,0.08333333333333333,11,11,TGAATCGTGACGTTGACTCT,0,4341282
yadI_predicted,0.08333333333333333,11,11,TGAACAACCGCGCTCGGGCA,0,4284503
yadI_predicted,0.08333333333333333,11,11,TCTTTCCACGGTGATAGATA,0,4318731
yadI_predicted,0.08333333333333333,11,11,TCTTTATTCCCCGTATTGAG,0,4336149
yadI_predicted,0.08333333333333333,11,11,TCTTGGAGTTGTCATCATTT,0,4322466
yadI_predicted,0.08333333333333333,11,11,TCTTGGAGCTTACTCCATCA,0,4287644
yadI_predicted,0.08333333333333333,11,11,TCTTACGCAGTGTGGGGAGC,0,4291091
yadI_predicted,0.08333333333333333,11,11,TCTTAACATTCGCTCAGATG,0,4339577
yadI_predicted,0.08333333333333333,11,11,TCTGTGTCGAGTCGTCCACA,0,4345211
yadI_predicted,0.08333333333333333,11,11,TCTGTCGGATAAGTACTTGG,0,4317968
yadI_predicted,0.08333333333333333,11,11,TCTGAAGGGGTTGAGCCTTT,0,4329356
yadI_predicted,0.08333333333333333,11,11,TCTATTCAGGGGGGCGAGAT,0,4344924
yadI_predicted,0.08333333333333333,11,11,TCTATACAGAGCGGTGTGCG,0,4345681
yadI_predicted,0.08333333333333333,11,11,TCTACAATCTCCAGTATGAC,0,4347805
yadI_predicted,0.08333333333333333,11,11,TCGTCTTCGATTTCTAGTTG,0,4289804
yadI_predicted,0.08333333333333333,11,11,TCGTCCCGACTAAGGGCACT,0,4308989
yadI_predicted,0.08333333333333333,11,11,TCGTCACAGCCGATAGTTCC,0,4334406
yadI_predicted,0.08333333333333333,11,11,TCGTAGGAATTGGACACCAT,0,4292634
yadI_predicted,0.08333333333333333,11,11,TCGGTAGTGCCTCAATGTAG,0,4355642
yadI_predicted,0.08333333333333333,11,11,TCGGCTTACGATGCAGCATA,0,4328672
yadI_predicted,0.08333333333333333,11,11,TCGGATACCCGCAGGCAGGA,0,4344940
yadI_predicted,0.08333333333333333,11,11,TCGCGTTCACTTCATACAAG,0,4342901
yadI_predicted,0.08333333333333333,11,11,TCGCCATCACGCATTCTGAA,0,4315391
yadI_predicted,0.08333333333333333,11,11,TCGAGCAGCATTAGATTTTT,0,4286251
yadI_predicted,0.08333333333333333,11,11,TCCTGATGGGACACTAAACC,0,4362788
yadI_predicted,0.08333333333333333,11,11,TCCTCCGGTGCCATGTCTAA,0,4314893
yadI_predicted,0.08333333333333333,11,11,TCCGTTGGGTTTGTAATAAC,0,4325817
yadI_predicted,0.08333333333333333,11,11,TCCGGCGAACATTGCGCGTC,0,4349124
yadI_predicted,0.08333333333333333,11,11,TCCGGAACATCTGGGAAGTA,0,4320107
yadI_predicted,0.08333333333333333,11,11,TCCGAGAAATTTGTTCATTG,0,4331621
yadI_predicted,0.08333333333333333,11,11,TCCCTGCCAGGCCAAATTCT,0,4352906
yadI_predicted,0.08333333333333333,11,11,TCCCTCTAGGCGGCGTGACG,0,4313089
yadI_predicted,0.08333333333333333,11,11,TCCCGCGACCTAGGGGACGA,0,4320487
yadI_predicted,0.08333333333333333,11,11,TCCCCCTTAGAACAATGAAC,0,4352710
yadI_predicted,0.08333333333333333,11,11,TCCAGCGTATTGCTCAGGCA,0,4339057
yadI_predicted,0.08333333333333333,11,11,TCCACCTTGGTCGCCGGTTA,0,4316237
yadI_predicted,0.08333333333333333,11,11,TCAGTCCATCTGGTACCACT,0,4327813
yadI_predicted,0.08333333333333333,11,11,TCAGGTCACACAGCCGGATG,0,4292293
yadI_predicted,0.08333333333333333,11,11,TCAGCACGGTAGGTCGCATA,0,4292360
yadI_predicted,0.08333333333333333,11,11,TCAGACCTTCTTTGCATGCA,0,4327392
yadI_predicted,0.08333333333333333,11,11,TCAGAATGACTGAGAACCAC,0,4294137
yadI_predicted,0.08333333333333333,11,11,TCAGAAGGCAGCTAATTGGG,0,4288444
yadI_predicted,0.08333333333333333,11,11,TCACGGGGGCGGAACGAAAG,0,4336269
yadI_predicted,0.08333333333333333,11,11,TCACGGCAATAAGGTATCGC,0,4343514
yadI_predicted,0.08333333333333333,11,11,TCACACAGTCACATTGCGGG,0,4350759
yadI_predicted,0.08333333333333333,11,11,TCAATAGCAAGTACGGCAGT,0,4302163
yadI_predicted,0.08333333333333333,11,11,TCAAAGACAATAGTTTATTA,0,4348260
yadI_predicted,0.08333333333333333,11,11,TATTTTACAGCACCACGAGA,0,4285915
yadI_predicted,0.08333333333333333,11,11,TATTGACCGTTGAGCGAAGC,0,4363239
yadI_predicted,0.08333333333333333,11,11,TATTCTGAAAAGCATACCAG,0,4318545
yadI_predicted,0.08333333333333333,11,11,TATTCCTGGCAATCTCAAGA,0,4365971
yadI_predicted,0.08333333333333333,11,11,TATTATTAATTGGCTACCCG,0,4287994
yadI_predicted,0.08333333333333333,11,11,TATTACTAATCGGACACTCT,0,4289922
yadI_predicted,0.08333333333333333,11,11,TATGTATCTGACTAACTTTT,0,4289199
yadI_predicted,0.08333333333333333,11,11,TATGTAATCTTATACCAGCT,0,4319933
yadI_predicted,0.08333333333333333,11,11,TATGGCGCCGTCGAGGGGCT,0,4286033
yadI_predicted,0.08333333333333333,11,11,TATGGAAATATAATGGCTTC,0,4318851
yadI_predicted,0.08333333333333333,11,11,TATGCACTTTGTGGCCGATT,0,4354247
yadI_predicted,0.08333333333333333,11,11,TATGAGGTGATTGTCAAGTA,0,4363130
yadI_predicted,0.08333333333333333,11,11,TATGAAGCGGAGCGTATGAA,0,4356017
yadI_predicted,0.08333333333333333,11,11,TATCGAGAAATCCGCTCCAG,0,4319026
yadI_predicted,0.08333333333333333,11,11,TATCCCAGACAGTTCTTTCC,0,4312871
yadI_predicted,0.08333333333333333,11,11,TATAGCTGGATTTCGCCCTG,0,4333245
yadI_predicted,0.08333333333333333,11,11,TATACCTTCGATCAGTAAAG,0,4287223
yadI_predicted,0.08333333333333333,11,11,TAGGTGACCATCCGGCCTAT,0,4302908
yadI_predicted,0.08333333333333333,11,11,TAGGATCTCGAATTCCTCTG,0,4293015
yadI_predicted,0.08333333333333333,11,11,TAGCTCCTTTGAGGCGACAG,0,4289969
yadI_predicted,0.08333333333333333,11,11,TAGCGTCGAGCAAAATGTAA,0,4289517
yadI_predicted,0.08333333333333333,11,11,TAGCGAAAATTAAAGATGTT,0,4369281
yadI_predicted,0.08333333333333333,11,11,TAGCCTATAAACCTTGGGAC,0,4318833
yadI_predicted,0.08333333333333333,11,11,TAGCCCGTTACAACTCTCAA,0,4298812
yadI_predicted,0.08333333333333333,11,11,TAGCACCGACTCTAACTGCA,0,4364443
yadI_predicted,0.08333333333333333,11,11,TAGCAACCCGGTCGGGGTTT,0,4363137
yadI_predicted,0.08333333333333333,11,11,TAGATGTGAAAGAATCTCTG,0,4300329
yadI_predicted,0.08333333333333333,11,11,TAGAGTCGAACGTACCGGCT,0,4351462
yadI_predicted,0.08333333333333333,11,11,TAGACAGGTGGCCAACTATA,0,4348825
yadI_predicted,0.08333333333333333,11,11,TAGAATAACCATGTCTGTAC,0,4296994
yadI_predicted,0.08333333333333333,11,11,TACTTTGACAGTAGTGACAA,0,4301572
yadI_predicted,0.08333333333333333,11,11,TACTTTCAAGGTCAGCACAT,0,4350585
yadI_predicted,0.08333333333333333,11,11,TACTTCTTGCGTGCTCCACG,0,4308671
yadI_predicted,0.08333333333333333,11,11,TACTAAGGCGTTGCTAACGG,0,4294716
yadI_predicted,0.08333333333333333,11,11,TACGTTGGTCACTGGGTTAC,0,4295590
yadI_predicted,0.08333333333333333,11,11,TACGTCAGTAAGGACCTCAA,0,4316463
yadI_predicted,0.08333333333333333,11,11,TACGGGGCATTTAAACGTTC,0,4310873
yadI_predicted,0.08333333333333333,11,11,TACGAATGGATTCCGAGTCT,0,4352569
yadI_predicted,0.08333333333333333,11,11,TACCCAGGCCATATTCGTGG,0,4329165
yadI_predicted,0.08333333333333333,11,11,TACCAGTGATACATTTTAAC,0,4343083
yadI_predicted,0.08333333333333333,11,11,TACAGACGCCATTGCACAAT,0,4305268
yadI_predicted,0.08333333333333333,11,11,TACAGAACTGAAAGGCAGTG,0,4362209
yadI_predicted,0.08333333333333333,11,11,TACACACCTATGACATCGCA,0,4315851
yadI_predicted,0.08333333333333333,11,11,TAATCAGTAGCACACACAAA,0,4308231
yadI_predicted,0.08333333333333333,11,11,TAAGCTTGTGGGCTAGAGTA,0,4332663
yadI_predicted,0.08333333333333333,11,11,TAAGCGCAAACGTCGTAGGT,0,4304442
yadI_predicted,0.08333333333333333,11,11,TAACTCGCGACTTCTTCGTT,0,4319627
yadI_predicted,0.08333333333333333,11,11,TAACGGTCTTGCGTCATTTA,0,4366518
yadI_predicted,0.08333333333333333,11,11,TAACATGGGACAGAGCTTGG,0,4360978
yadI_predicted,0.08333333333333333,11,11,TAAATAAAAGAAAGCGTTTT,0,4306284
yadI_predicted,0.08333333333333333,11,11,TAAAGGGGGCTACGGACGCT,0,4345701
yadI_predicted,0.08333333333333333,11,11,TAAAGCCATCTGATGTCAGT,0,4289632
yadI_predicted,0.08333333333333333,11,11,TAAACGGGTACAGCGGCCAC,0,4337788
yadI_predicted,0.08333333333333333,11,11,TAAAATCGGGGTTCAGGCTC,0,4335644
yadI_predicted,0.08333333333333333,11,11,TAAAACGCGTGTGGCCACGT,0,4364436
yadI_predicted,0.08333333333333333,11,11,GTTTTTACCGACCTTCATTG,0,4337211
yadI_predicted,0.08333333333333333,11,11,GTTTTGGTCGAGGGTGATTT,0,4327803
yadI_predicted,0.08333333333333333,11,11,GTTTGTACCAACCAGCGACA,0,4303359
yadI_predicted,0.08333333333333333,11,11,GTTTGCAAAAACGAGCAAAA,0,4325155
yadI_predicted,0.08333333333333333,11,11,GTTTCTACTAATTATGAGCG,0,4341102
yadI_predicted,0.08333333333333333,11,11,GTTTAAGGGCTATCTCGCCG,0,4334845
yadI_predicted,0.08333333333333333,11,11,GTTGTATGGTGAGGAGTGAG,0,4292094
yadI_predicted,0.08333333333333333,11,11,GTTGCGATGGAACGATGTGG,0,4343195
yadI_predicted,0.08333333333333333,11,11,GTTCTTACCTAAACAACGTT,0,4305260
yadI_predicted,0.08333333333333333,11,11,GTTCGTCGGACCTGCCACAT,0,4305696
yadI_predicted,0.08333333333333333,11,11,GTTCGGCCAGGATGATCGTC,0,4340049
yadI_predicted,0.08333333333333333,11,11,GTTCATGGCACTGAAGGACA,0,4326451
yadI_predicted,0.08333333333333333,11,11,GTTCAACGCACGGTATTGGT,0,4362746
yadI_predicted,0.08333333333333333,11,11,GTTACGGCCTTGAATCGAGA,0,4297488
yadI_predicted,0.08333333333333333,11,11,GTTAAAGTGTCGCCCCAGAG,0,4284848
yadI_predicted,0.08333333333333333,11,11,GTTAAAGTAATACTTAAGAA,0,4336371
yadI_predicted,0.08333333333333333,11,11,GTGTTAGTACAAATGCAGGA,0,4308112
yadI_predicted,0.08333333333333333,11,11,GTGTGATTCGTATATTAGTC,0,4354612
yadI_predicted,0.08333333333333333,11,11,GTGTGACGGCTAGATACCTG,0,4326829
yadI_predicted,0.08333333333333333,11,11,GTGTCCTTGATCCCTGTCCT,0,4318980
yadI_predicted,0.08333333333333333,11,11,GTGTAAGGTGATAGCCCAGA,0,4355023
yadI_predicted,0.08333333333333333,11,11,GTGTAAATTCTCGGTGACTC,0,4364103
yadI_predicted,0.08333333333333333,11,11,GTGGTAGGTTGCTAGCTGCG,0,4314001
yadI_predicted,0.08333333333333333,11,11,GTGGGTCTGGATAGAGCCTG,0,4340574
yadI_predicted,0.08333333333333333,11,11,GTGGGTAAAACACCGAACCA,0,4297504
yadI_predicted,0.08333333333333333,11,11,GTGGGGGGTAAAAAGATAAA,0,4352327
yadI_predicted,0.08333333333333333,11,11,GTGGATTTAGATTCTGGTAA,0,4320045
yadI_predicted,0.08333333333333333,11,11,GTGGATTCATCAGGCACTGT,0,4349153
yadI_predicted,0.08333333333333333,11,11,GTGCTGTAGTACACCAAAAC,0,4296464
yadI_predicted,0.08333333333333333,11,11,GTGCAACATTCAACTGATGT,0,4342480
yadI_predicted,0.08333333333333333,11,11,GTGATGGGCCTGAATGTTCT,0,4331804
yadI_predicted,0.08333333333333333,11,11,GTGATCGTCGTAAAGCGGCG,0,4361465
yadI_predicted,0.08333333333333333,11,11,GTGATAAAATAATCGCTCTG,0,4334183
yadI_predicted,0.08333333333333333,11,11,GTGAATAGCCCTGACTCCGG,0,4301108
yadI_predicted,0.08333333333333333,11,11,GTCTATACAGAAATTTCTTT,0,4346276
yadI_predicted,0.08333333333333333,11,11,GTCTACTGTTGCTCTGAGAT,0,4333964
yadI_predicted,0.08333333333333333,11,11,GTCCGGTCATAATAATTCTG,0,4321541
yadI_predicted,0.08333333333333333,11,11,GTCCCGCCACACATCAATAT,0,4324226
yadI_predicted,0.08333333333333333,11,11,GTCCCCCTTGTCGGGGCAGA,0,4292039
yadI_predicted,0.08333333333333333,11,11,GTCCATTCTATTGATAGCGT,0,4331909
yadI_predicted,0.08333333333333333,11,11,GTCAGCATCGTGGTGTAAAA,0,4305295
yadI_predicted,0.08333333333333333,11,11,GTCACATCGGTGTGGTGAGA,0,4354265
yadI_predicted,0.08333333333333333,11,11,GTCAATCTCAGTTGTTACAA,0,4357104
yadI_predicted,0.08333333333333333,11,11,GTCAACTCTCGGACGTAGTT,0,4297585
yadI_predicted,0.08333333333333333,11,11,GTCAAATTGTTCGAAATACT,0,4295962
yadI_predicted,0.08333333333333333,11,11,GTATCTTTTCGATAGCCCGG,0,4306498
yadI_predicted,0.08333333333333333,11,11,GTATCCACAGACCTGCCTAG,0,4365583
yadI_predicted,0.08333333333333333,11,11,GTATACCAGGCATTTGAGCA,0,4367263
yadI_predicted,0.08333333333333333,11,11,GTAGGTAAATCGCCGATTCG,0,4369083
yadI_predicted,0.08333333333333333,11,11,GTAGCATGTGATTCCTCAAG,0,4286356
yadI_predicted,0.08333333333333333,11,11,GTAGAGGCAACATATTGACG,0,4319543
yadI_predicted,0.08333333333333333,11,11,GTACTGTGCCTGGGTTTCCT,0,4294742
yadI_predicted,0.08333333333333333,11,11,GTACGCAGCCGAAGGACCGA,0,4331275
yadI_predicted,0.08333333333333333,11,11,GTACCGACACTTCAAACGAG,0,4295217
yadI_predicted,0.08333333333333333,11,11,GTACACGGATAAACCAAGGA,0,4301602
yadI_predicted,0.08333333333333333,11,11,GTACAATCAGGGCGGGCGTA,0,4315655
yadI_predicted,0.08333333333333333,11,11,GTACAACTCTTCTGATTCAG,0,4315968
yadI_predicted,0.08333333333333333,11,11,GTAAATGGTGTACGAACACG,0,4346464
yadI_predicted,0.08333333333333333,11,11,GTAAAGCACGAATTCGTGAC,0,4300123
yadI_predicted,0.08333333333333333,11,11,GGTTTTTGTGGTTACCTTAT,0,4354858
yadI_predicted,0.08333333333333333,11,11,GGTTCTTTTGCTAAGGTGCC,0,4305701
yadI_predicted,0.08333333333333333,11,11,GGTTCGCCTACATAAAAGCC,0,4306246
yadI_predicted,0.08333333333333333,11,11,GGTGTTGGGACACGTAACTT,0,4291159
yadI_predicted,0.08333333333333333,11,11,GGTGTCTACGCTACGGTGAA,0,4319866
yadI_predicted,0.08333333333333333,11,11,GGTGGATTAACTCTCGTCAT,0,4336378
yadI_predicted,0.08333333333333333,11,11,GGTGATTTGGCAGTGACCGG,0,4361470
yadI_predicted,0.08333333333333333,11,11,GGTCGGTAATTCTAAGCCTT,0,4293590
yadI_predicted,0.08333333333333333,11,11,GGTATTCACGACAGAGAAAT,0,4365360
yadI_predicted,0.08333333333333333,11,11,GGTACGTGTCCATGTTTCAG,0,4341515
yadI_predicted,0.08333333333333333,11,11,GGGTTACTGTCCTTTGGACT,0,4286877
yadI_predicted,0.08333333333333333,11,11,GGGTGTCGCGCTGATACTAG,0,4345167
yadI_predicted,0.08333333333333333,11,11,GGGTGGGGCCAGAACCTCCT,0,4333175
yadI_predicted,0.08333333333333333,11,11,GGGTCGTTGCTTTACTTTCT,0,4333114
yadI_predicted,0.08333333333333333,11,11,GGGGTCGCGCCATTGGTGCG,0,4332548
yadI_predicted,0.08333333333333333,11,11,GGGGAGTAACACATCCTGTT,0,4286983
yadI_predicted,0.08333333333333333,11,11,GGGGAAAGGGGAAGCGCAGA,0,4284337
yadI_predicted,0.08333333333333333,11,11,GGGCTCGTGAACACGAACGT,0,4309513
yadI_predicted,0.08333333333333333,11,11,GGGCTCGAGTTAAAGAGTGG,0,4361622
yadI_predicted,0.08333333333333333,11,11,GGGCGCAACCTCAAGTTTGG,0,4296101
yadI_predicted,0.08333333333333333,11,11,GGGCGAATAGTAATTTAGAT,0,4318785
yadI_predicted,0.08333333333333333,11,11,GGGCAATGGTTCTTTACTTA,0,4345617
yadI_predicted,0.08333333333333333,11,11,GGGCAAGGGAACGAACAGCG,0,4337450
yadI_predicted,0.08333333333333333,11,11,GGGATGGACTGGTGAGGGGT,0,4311266
yadI_predicted,0.08333333333333333,11,11,GGGAGGTGCGTCACACTTTT,0,4340255
yadI_predicted,0.08333333333333333,11,11,GGGACGCCTGGGAGTGAGGT,0,4300202
yadI_predicted,0.08333333333333333,11,11,GGGAACAGAGATTAATCTGT,0,4351840
yadI_predicted,0.08333333333333333,11,11,GGCTTGTTAAGGTGGTCTCT,0,4340530
yadI_predicted,0.08333333333333333,11,11,GGCTGGTGGTATACAGTATG,0,4365881
yadI_predicted,0.08333333333333333,11,11,GGCTGGATCTCTAAACTGGT,0,4329426
yadI_predicted,0.08333333333333333,11,11,GGCTGCCAAACGGGGATCAG,0,4321150
yadI_predicted,0.08333333333333333,11,11,GGCTAATGGAACAGGCACGT,0,4286838
yadI_predicted,0.08333333333333333,11,11,GGCGTCCTCATCCTTTCGTT,0,4354747
yadI_predicted,0.08333333333333333,11,11,GGCGGTGTTTAGCGTTTGTA,0,4338137
yadI_predicted,0.08333333333333333,11,11,GGCGCTCTCCACCACGGGCG,0,4344615
yadI_predicted,0.08333333333333333,11,11,GGCGCCCAAAGTAAACTCGG,0,4338870
yadI_predicted,0.08333333333333333,11,11,GGCGAGTTCTGTAATGCTGA,0,4296953
yadI_predicted,0.08333333333333333,11,11,GGCCTACTAGGCTCAAACGC,0,4305548
yadI_predicted,0.08333333333333333,11,11,GGCCAATAGAATTAGACACT,0,4367122
yadI_predicted,0.08333333333333333,11,11,GGCAGTTCGTCGCGCATTAT,0,4312727
yadI_predicted,0.08333333333333333,11,11,GGCAGAGTGCTTTCATTCGA,0,4344482
yadI_predicted,0.08333333333333333,11,11,GGCACTTTAATTTCGGCAGC,0,4323794
yadI_predicted,0.08333333333333333,11,11,GGCACTCCCACGTAGCGCCT,0,4312040
yadI_predicted,0.08333333333333333,11,11,GGCAATCAGCAGGACTATGA,0,4286896
yadI_predicted,0.08333333333333333,11,11,GGCAACTTCTTATCTGACAG,0,4344168
yadI_predicted,0.08333333333333333,11,11,GGCAACGAAATTCGCGCGCT,0,4352943
yadI_predicted,0.08333333333333333,11,11,GGATTTTAAAGAATAGAAGG,0,4330089
yadI_predicted,0.08333333333333333,11,11,GGATCTAAATGCTTCACAGA,0,4300816
yadI_predicted,0.08333333333333333,11,11,GGATAGCAAATTCCTCGGGC,0,4295517
yadI_predicted,0.08333333333333333,11,11,GGAGTTTGAAGGACACCAAC,0,4327671
yadI_predicted,0.08333333333333333,11,11,GGAGTTGGAACGGTCAAACG,0,4294058
yadI_predicted,0.08333333333333333,11,11,GGAGGAATTGTCATAAATGG,0,4337898
yadI_predicted,0.08333333333333333,11,11,GGAGCCATCCGGTTTAAAAG,0,4337244
yadI_predicted,0.08333333333333333,11,11,GGACCCCTACAGGGTGATGT,0,4299655
yadI_predicted,0.08333333333333333,11,11,GGAATATAACAACGCCTTAG,0,4289487
yadI_predicted,0.08333333333333333,11,11,GGAACCCAGCCAATCAGTTT,0,4314025
yadI_predicted,0.08333333333333333,11,11,GGAAAACCACGATGATTGCG,0,4289249
yadI_predicted,0.08333333333333333,11,11,GCTTTTTCACCGTGGCTGCC,0,4324363
yadI_predicted,0.08333333333333333,11,11,GCTTTGCTGGTTACTCGGAC,0,4310736
yadI_predicted,0.08333333333333333,11,11,GCTTTCGAGGATAAGATATG,0,4352755
yadI_predicted,0.08333333333333333,11,11,GCTTTAGTATCGTTAGTTCG,0,4335928
yadI_predicted,0.08333333333333333,11,11,GCTTTAGGGTAGCAGTTAAA,0,4309139
yadI_predicted,0.08333333333333333,11,11,GCTTGTCCCACTACACAAAC,0,4338688
yadI_predicted,0.08333333333333333,11,11,GCTTAGACCCAGCCACCCCT,0,4311582
yadI_predicted,0.08333333333333333,11,11,GCTGAATCTCCACCTCGTAT,0,4295904
yadI_predicted,0.08333333333333333,11,11,GCTCGCACCCGCCGCCATAT,0,4359083
yadI_predicted,0.08333333333333333,11,11,GCTCCTAAATCCGTAGATCG,0,4362053
yadI_predicted,0.08333333333333333,11,11,GCTCACCCTCGGGAGGATCC,0,4353247
yadI_predicted,0.08333333333333333,11,11,GCTATGGTCCAACCAAGATT,0,4311417
yadI_predicted,0.08333333333333333,11,11,GCTAGGAACTTGTCAAGAAG,0,4363691
yadI_predicted,0.08333333333333333,11,11,GCTAACGGACTTTCATGAAT,0,4287875
yadI_predicted,0.08333333333333333,11,11,GCGTTGACACCAAGTTGGAG,0,4320803
yadI_predicted,0.08333333333333333,11,11,GCGTTCGGCATGTATTCTCC,0,4309018
yadI_predicted,0.08333333333333333,11,11,GCGTGTCTTGCCCCGGTGGA,0,4331735
yadI_predicted,0.08333333333333333,11,11,GCGTCACTGCGTTAGGAGAT,0,4316714
yadI_predicted,0.08333333333333333,11,11,GCGGGTGCCATTATCTCTTC,0,4304121
yadI_predicted,0.08333333333333333,11,11,GCGGCCTTTTTTGTTGGTCA,0,4353428
yadI_predicted,0.08333333333333333,11,11,GCGGAACAAGCACTTATTGG,0,4311581
yadI_predicted,0.08333333333333333,11,11,GCGCGGTTCGTCCGTCATAA,0,4337223
yadI_predicted,0.08333333333333333,11,11,GCGCCTAGCACTATGCGTGA,0,4367843
yadI_predicted,0.08333333333333333,11,11,GCGATGCCAGTCTTAACGTG,0,4294980
yadI_predicted,0.08333333333333333,11,11,GCGATCGCGGTCCGGCATCT,0,4317895
yadI_predicted,0.08333333333333333,11,11,GCGAGCCATACCAGAATAGG,0,4306285
yadI_predicted,0.08333333333333333,11,11,GCGACCGTTCGGGCCAATCA,0,4363169
yadI_predicted,0.08333333333333333,11,11,GCGAAGATGCACAGCATTCC,0,4338735
yadI_predicted,0.08333333333333333,11,11,GCGAAATTTCAAATGCGTGC,0,4320973
yadI_predicted,0.08333333333333333,11,11,GCGAAAGGGGTTGTATCTTA,0,4365266
yadI_predicted,0.08333333333333333,11,11,GCCTGAATCTCATATCTCTA,0,4360225
yadI_predicted,0.08333333333333333,11,11,GCCTCTGGGATAAGGCTTAA,0,4368635
yadI_predicted,0.08333333333333333,11,11,GCCTCATACGCCCCGGGCCA,0,4324991
yadI_predicted,0.08333333333333333,11,11,GCCTCAAGTGTGCTGTGGCC,0,4350428
yadI_predicted,0.08333333333333333,11,11,GCCGGATTGTATACTGAGGT,0,4347535
yadI_predicted,0.08333333333333333,11,11,GCCGCTGGCGTGGCCACCCC,0,4303878
yadI_predicted,0.08333333333333333,11,11,GCCCTTGGATGTGAATAAAT,0,4300808
yadI_predicted,0.08333333333333333,11,11,GCCCTAGTGAATGTCAATGA,0,4350523
yadI_predicted,0.08333333333333333,11,11,GCCATGGGCAGTCCCGTGGA,0,4364013
yadI_predicted,0.08333333333333333,11,11,GCCAGTAGACTCCCGACAAC,0,4353833
yadI_predicted,0.08333333333333333,11,11,GCCACGTGGGGCTGTCTTGG,0,4359076
yadI_predicted,0.08333333333333333,11,11,GCCACGGCAAATGGGACAGG,0,4305329
yadI_predicted,0.08333333333333333,11,11,GCCACCAACAGTTCGGCGCA,0,4330676
yadI_predicted,0.08333333333333333,11,11,GCCACAAATGGGGCGTAGAG,0,4301158
yadI_predicted,0.08333333333333333,11,11,GCATTAATTTGTCAACTCTA,0,4325392
yadI_predicted,0.08333333333333333,11,11,GCATGGGTCCTGAACGTGAG,0,4288328
yadI_predicted,0.08333333333333333,11,11,GCATGAGCATATATTAATCC,0,4292432
yadI_predicted,0.08333333333333333,11,11,GCATCATGTTGTGTATAGTC,0,4322782
yadI_predicted,0.08333333333333333,11,11,GCAGGGCTTTTTCGTCTCAG,0,4315856
yadI_predicted,0.08333333333333333,11,11,GCAGCTCGGAAGAGTGAAAG,0,4343234
yadI_predicted,0.08333333333333333,11,11,GCAGCCTATCCGAGAAAAGA,0,4330662
yadI_predicted,0.08333333333333333,11,11,GCAGATCCGTCCGGTGCCGC,0,4291148
yadI_predicted,0.08333333333333333,11,11,GCACCTTAAGATCCTGCCTC,0,4310383
yadI_predicted,0.08333333333333333,11,11,GCACCCGTGACTTTTTTCTT,0,4343309
yadI_predicted,0.08333333333333333,11,11,GCACACGAGCGCAACGCGTG,0,4297137
yadI_predicted,0.08333333333333333,11,11,GCAAGTGTCACCCCGAATCG,0,4297939
yadI_predicted,0.08333333333333333,11,11,GCAACGCGTTATCAATCGAA,0,4342127
yadI_predicted,0.08333333333333333,11,11,GCAAAACCTCGTTACACGCA,0,4328254
yadI_predicted,0.08333333333333333,11,11,GATTGGCTAAGCTTGCCTGT,0,4320981
yadI_predicted,0.08333333333333333,11,11,GATTGCGTTTTCATCTATAA,0,4293412
yadI_predicted,0.08333333333333333,11,11,GATTCCCTTTCCAGTCTGAT,0,4285888
yadI_predicted,0.08333333333333333,11,11,GATTAGAGGCAGACAAGGTG,0,4303054
yadI_predicted,0.08333333333333333,11,11,GATGTGAACGTTTATTCTGA,0,4357129
yadI_predicted,0.08333333333333333,11,11,GATGGCGACTCCGATGCTAT,0,4311529
yadI_predicted,0.08333333333333333,11,11,GATGGACCAAGGAACGGCAA,0,4343098
yadI_predicted,0.08333333333333333,11,11,GATGCCAAGTATTCGTGTTT,0,4292350
yadI_predicted,0.08333333333333333,11,11,GATGCACACTGTAAGAACGG,0,4331750
yadI_predicted,0.08333333333333333,11,11,GATCAGCATAAGGAGCAGAG,0,4368821
yadI_predicted,0.08333333333333333,11,11,GATATCTATCGCCAGGAACA,0,4340857
yadI_predicted,0.08333333333333333,11,11,GATAGGAGGTTTTACCAACG,0,4324001
yadI_predicted,0.08333333333333333,11,11,GATAGAATAATAGATTTTGC,0,4319248
yadI_predicted,0.08333333333333333,11,11,GATACCTGCGCGTGATTCAG,0,4337184
yadI_predicted,0.08333333333333333,11,11,GATAAAAAATGTGCTAATGA,0,4294684
yadI_predicted,0.08333333333333333,11,11,GAGTTGAGTTCTCTAATTGT,0,4297544
yadI_predicted,0.08333333333333333,11,11,GAGTTATCGAGCACTGGCAA,0,4307243
yadI_predicted,0.08333333333333333,11,11,GAGGGCACGATACGCGTAAA,0,4360218
yadI_predicted,0.08333333333333333,11,11,GAGGCGGCGCTGATCTAAAA,0,4311205
yadI_predicted,0.08333333333333333,11,11,GAGGCCCATCGATTTCGACA,0,4324224
yadI_predicted,0.08333333333333333,11,11,GAGGCAGCTAAAAAGAGGGC,0,4330862
yadI_predicted,0.08333333333333333,11,11,GAGCTATTCTACGTTTTCTT,0,4288724
yadI_predicted,0.08333333333333333,11,11,GAGCTATATCAACCGAAAGG,0,4342305
yadI_predicted,0.08333333333333333,11,11,GAGATTTGGCCCAACCTCGA,0,4342064
yadI_predicted,0.08333333333333333,11,11,GAGAGGCTTAGGGGAAGATA,0,4304432
yadI_predicted,0.08333333333333333,11,11,GAGAGCCGGCGTTGTTACAT,0,4334789
yadI_predicted,0.08333333333333333,11,11,GAGACTTTCGTGCGTACAGT,0,4310878
yadI_predicted,0.08333333333333333,11,11,GACTTATATTCTTGGCCGGG,0,4366242
yadI_predicted,0.08333333333333333,11,11,GACTGGGCCTAGGGGCATTT,0,4307753
yadI_predicted,0.08333333333333333,11,11,GACTGGACGGCCTTGGACAT,0,4330852
yadI_predicted,0.08333333333333333,11,11,GACGTAGGGGAACCAGCAGC,0,4321501
yadI_predicted,0.08333333333333333,11,11,GACGGATATAGTGTAAGTGT,0,4287850
yadI_predicted,0.08333333333333333,11,11,GACGCCCCGATTCGCCATCT,0,4360132
yadI_predicted,0.08333333333333333,11,11,GACCTCGAAGGAGCGTTTGT,0,4356916
yadI_predicted,0.08333333333333333,11,11,GACCTCCCTCTATTATTTAT,0,4318840
yadI_predicted,0.08333333333333333,11,11,GACCACCGTCGCAGATTTAC,0,4311711
yadI_predicted,0.08333333333333333,11,11,GACAATGGTTTCAGAGTCGC,0,4330329
yadI_predicted,0.08333333333333333,11,11,GAATTGAAAAGTAAATTTTT,0,4368548
yadI_predicted,0.08333333333333333,11,11,GAATGCCTACAGTGGGGGCT,0,4292652
yadI_predicted,0.08333333333333333,11,11,GAATCTAGTCAAATGAAAGT,0,4293478
yadI_predicted,0.08333333333333333,11,11,GAATCTAGACTGAACACTGG,0,4309194
yadI_predicted,0.08333333333333333,11,11,GAATCACGTGTCCGCGTTTT,0,4330728
yadI_predicted,0.08333333333333333,11,11,GAATCACGAAGAGTGATCAC,0,4350967
yadI_predicted,0.08333333333333333,11,11,GAAGGGTGTATATGGAGTAA,0,4330504
yadI_predicted,0.08333333333333333,11,11,GAAGGGGTTGGCCGCCTACG,0,4314212
yadI_predicted,0.08333333333333333,11,11,GAAGGCGTGCCCCTGTAGTC,0,4323052
yadI_predicted,0.08333333333333333,11,11,GAAGGCGTAGCTAGTCGCTC,0,4334593
yadI_predicted,0.08333333333333333,11,11,GAAGGCAGGTCCGCTAGCAT,0,4320736
yadI_predicted,0.08333333333333333,11,11,GAAGCGCCACAACGGAAACC,0,4369192
yadI_predicted,0.08333333333333333,11,11,GAAGAATACAAAGATATGAA,0,4357419
yadI_predicted,0.08333333333333333,11,11,GAACTGACATGCATGCGGTT,0,4335112
yadI_predicted,0.08333333333333333,11,11,GAACGGTGGCGTTTCGATAT,0,4348388
yadI_predicted,0.08333333333333333,11,11,GAACGAAAGCTTTGTTCACT,0,4365090
yadI_predicted,0.08333333333333333,11,11,GAACCGGTGCTCCATGTACC,0,4341462
yadI_predicted,0.08333333333333333,11,11,GAAATGGGAAGTCACCTCAC,0,4333287
yadI_predicted,0.08333333333333333,11,11,GAAATATATACGTTAGTGTG,0,4351295
yadI_predicted,0.08333333333333333,11,11,GAAAGAGTCTATGTGACGAA,0,4309930
yadI_predicted,0.08333333333333333,11,11,CTTTTAACTTAAAGGGCCGA,0,4286633
yadI_predicted,0.08333333333333333,11,11,CTTTAGGATAACTATTTCGA,0,4293125
yadI_predicted,0.08333333333333333,11,11,CTTTACGCCACCCATACACC,0,4346120
yadI_predicted,0.08333333333333333,11,11,CTTGTGTACTTACAGAGGAT,0,4323154
yadI_predicted,0.08333333333333333,11,11,CTTGTCGTACGGGCTCTTTA,0,4319223
yadI_predicted,0.08333333333333333,11,11,CTTGCCTATAATGCCACGCG,0,4354561
yadI_predicted,0.08333333333333333,11,11,CTTGCCGTCAGTTGGTCAGA,0,4327255
yadI_predicted,0.08333333333333333,11,11,CTTGCATAGTCAAGCTCTAT,0,4325145
yadI_predicted,0.08333333333333333,11,11,CTTCTAACCGATAGTTGCGT,0,4353356
yadI_predicted,0.08333333333333333,11,11,CTTCGATGGTAGTTAACTTA,0,4343734
yadI_predicted,0.08333333333333333,11,11,CTTCACTCTCGTAGCCGGAC,0,4322834
yadI_predicted,0.08333333333333333,11,11,CTTCACGTAAAATGTTTTCG,0,4367513
yadI_predicted,0.08333333333333333,11,11,CTTCAAGCGTGTCCTTCGAG,0,4343576
yadI_predicted,0.08333333333333333,11,11,CTTAATCTCGTTTCCTCAAG,0,4316800
yadI_predicted,0.08333333333333333,11,11,CTGTTCACGGTTTTACTGGA,0,4346672
yadI_predicted,0.08333333333333333,11,11,CTGTTAGTACGTGTTCACAG,0,4346042
yadI_predicted,0.08333333333333333,11,11,CTGTGGATATGTTCTTATAT,0,4332153
yadI_predicted,0.08333333333333333,11,11,CTGTGACCGCACGGGAGTAA,0,4349214
yadI_predicted,0.08333333333333333,11,11,CTGTCTATGACATAAACAAG,0,4298050
yadI_predicted,0.08333333333333333,11,11,CTGTCACCAGTCCCTGAACA,0,4322438
yadI_predicted,0.08333333333333333,11,11,CTGTAACTACCAGGGGCATT,0,4287673
yadI_predicted,0.08333333333333333,11,11,CTGGGCTACGTATTCGCCCT,0,4332121
yadI_predicted,0.08333333333333333,11,11,CTGGGCAAGCACAGGTGCAG,0,4286703
yadI_predicted,0.08333333333333333,11,11,CTGGGAGCCGGACTGAACCG,0,4335834
yadI_predicted,0.08333333333333333,11,11,CTGGAGTCAACATGTGAACT,0,4311065
yadI_predicted,0.08333333333333333,11,11,CTGCTCCCCAAGTTGTATCT,0,4285021
yadI_predicted,0.08333333333333333,11,11,CTGCGTACCCAGAGTCAAGT,0,4358897
yadI_predicted,0.08333333333333333,11,11,CTGCGGGCATGACCGCAAGG,0,4317564
yadI_predicted,0.08333333333333333,11,11,CTGCACTGTCAAAAGGCGGC,0,4306375
yadI_predicted,0.08333333333333333,11,11,CTGCACCTTGCGGTGACGGG,0,4353882
yadI_predicted,0.08333333333333333,11,11,CTGCACACGCGACGTCCCAA,0,4353077
yadI_predicted,0.08333333333333333,11,11,CTGCAATACCCGACGTGAAA,0,4298212
yadI_predicted,0.08333333333333333,11,11,CTGATTGAGGGGTCTGCGAC,0,4367674
yadI_predicted,0.08333333333333333,11,11,CTGATTATGGATAAAATGGA,0,4327653
yadI_predicted,0.08333333333333333,11,11,CTGACGTCAGCGGAAATGTC,0,4302512
yadI_predicted,0.08333333333333333,11,11,CTGAAGGTGCCCGTGAACTC,0,4346407
yadI_predicted,0.08333333333333333,11,11,CTGAAGACTCTACCATAAAC,0,4286951
yadI_predicted,0.08333333333333333,11,11,CTCTTCAGGTCTATGTGTTA,0,4307420
yadI_predicted,0.08333333333333333,11,11,CTCTGCGAGACTTAACGTAT,0,4363833
yadI_predicted,0.08333333333333333,11,11,CTCGTTCCCGATTCTAACAG,0,4325006
yadI_predicted,0.08333333333333333,11,11,CTCGTATTCTCCCCGAGCTG,0,4305404
yadI_predicted,0.08333333333333333,11,11,CTCGCGATATCATAGCACGA,0,4313945
yadI_predicted,0.08333333333333333,11,11,CTCCTGTCAGAATTCTATAC,0,4335486
yadI_predicted,0.08333333333333333,11,11,CTCCTACAGGCCATCTAGGC,0,4301133
yadI_predicted,0.08333333333333333,11,11,CTCCGGCTTTTTATGTACTA,0,4301344
yadI_predicted,0.08333333333333333,11,11,CTCAGAGGGTACGCGCAGTC,0,4367273
yadI_predicted,0.08333333333333333,11,11,CTCACTGGCACGTTAAGGAC,0,4359243
yadI_predicted,0.08333333333333333,11,11,CTCACTGCCGACCACGATGA,0,4352975
yadI_predicted,0.08333333333333333,11,11,CTCAAGAATGTCACATAACA,0,4291932
yadI_predicted,0.08333333333333333,11,11,CTCAACTTTCATGAGCCGGG,0,4300807
yadI_predicted,0.08333333333333333,11,11,CTATACCCAAGCTACGTAAT,0,4321731
yadI_predicted,0.08333333333333333,11,11,CTAGGTGTGCAATCCGGGAC,0,4329830
yadI_predicted,0.08333333333333333,11,11,CTAGCTTCGGCAGGCCCAGT,0,4358406
yadI_predicted,0.08333333333333333,11,11,CTACGGGCAAACTATTCTTC,0,4362020
yadI_predicted,0.08333333333333333,11,11,CTACGGAGCGTGCGAATGGT,0,4346271
yadI_predicted,0.08333333333333333,11,11,CTACGAGCAAGAACACACGG,0,4350524
yadI_predicted,0.08333333333333333,11,11,CTACATATTGGTATCGGTTA,0,4323164
yadI_predicted,0.08333333333333333,11,11,CTACACTCCCAAAAGTGAGT,0,4327962
yadI_predicted,0.08333333333333333,11,11,CTAATTGCCCCCTAATGCTC,0,4286406
yadI_predicted,0.08333333333333333,11,11,CTAATGCTGAGCAATTTAAC,0,4312233
yadI_predicted,0.08333333333333333,11,11,CTAAGAGTGGTCATAAGTAT,0,4360418
yadI_predicted,0.08333333333333333,11,11,CTAACTGATCATGCCGTCCC,0,4331484
yadI_predicted,0.08333333333333333,11,11,CGTTTGCGACCATGCAAGTA,0,4348778
yadI_predicted,0.08333333333333333,11,11,CGTTGTTATAACTCTACCGG,0,4308025
yadI_predicted,0.08333333333333333,11,11,CGTTCCCATGTGTTTATCGA,0,4301532
yadI_predicted,0.08333333333333333,11,11,CGTTCAAATGGACTTATCTA,0,4342910
yadI_predicted,0.08333333333333333,11,11,CGTTATCAAACACATACCCA,0,4353291
yadI_predicted,0.08333333333333333,11,11,CGTGTCGCATATTATTATAC,0,4303586
yadI_predicted,0.08333333333333333,11,11,CGTGCTGACCCCCAAATTTG,0,4361997
yadI_predicted,0.08333333333333333,11,11,CGTGAGCCCTATGCCGCCCA,0,4357239
yadI_predicted,0.08333333333333333,11,11,CGTCAAGTTAGAAAGTACGT,0,4306538
yadI_predicted,0.08333333333333333,11,11,CGTAGTTCCCCGTTAAAAGT,0,4292679
yadI_predicted,0.08333333333333333,11,11,CGTAGTCAAGGTCCATGCGA,0,4366468
yadI_predicted,0.08333333333333333,11,11,CGTACGAGTGGAACGTTGCG,0,4343450
yadI_predicted,0.08333333333333333,11,11,CGTAACCTACATGTATATCT,0,4303552
yadI_predicted,0.08333333333333333,11,11,CGGTCACGTATCGCGGTTAG,0,4302595
yadI_predicted,0.08333333333333333,11,11,CGGGCACCAAAGCCACATCT,0,4365663
yadI_predicted,0.08333333333333333,11,11,CGGGCAAGGCTTCGGCCGAC,0,4312395
yadI_predicted,0.08333333333333333,11,11,CGGCCCTTTTAATGTTGTAC,0,4363143
yadI_predicted,0.08333333333333333,11,11,CGGCAGCCTATAGATCCCAG,0,4290659
yadI_predicted,0.08333333333333333,11,11,CGGAAATTCAGACGACATTC,0,4295726
yadI_predicted,0.08333333333333333,11,11,CGCTTGTTTCTGTAGGGATA,0,4328243
yadI_predicted,0.08333333333333333,11,11,CGCTTGTGTATACCGGAAAT,0,4284950
yadI_predicted,0.08333333333333333,11,11,CGCTTAGGGGGGCGTTCATT,0,4299713
yadI_predicted,0.08333333333333333,11,11,CGCTCATAGGGCTTGATGTC,0,4353497
yadI_predicted,0.08333333333333333,11,11,CGCGCCCGACTCAGATCTTA,0,4337346
yadI_predicted,0.08333333333333333,11,11,CGCCGGGCTCCCTAAAGTGG,0,4369172
yadI_predicted,0.08333333333333333,11,11,CGCCCGACTGAAACCATCCT,0,4317654
yadI_predicted,0.08333333333333333,11,11,CGCCAGCTGTTTCACACATG,0,4340126
yadI_predicted,0.08333333333333333,11,11,CGCCAACCCCCAATCGGGAT,0,4356245
yadI_predicted,0.08333333333333333,11,11,CGCATTCGGGATGATGGATG,0,4349006
yadI_predicted,0.08333333333333333,11,11,CGCAGTCAAATCCTACTGTC,0,4327907
yadI_predicted,0.08333333333333333,11,11,CGCAGGCTGGGGGCCAATTT,0,4361031
yadI_predicted,0.08333333333333333,11,11,CGCAAAGGACACGGGAACTA,0,4327091
yadI_predicted,0.08333333333333333,11,11,CGATTTACTTTTCTGTCCAT,0,4288386
yadI_predicted,0.08333333333333333,11,11,CGATTGGGCTCATGTCCGTC,0,4319969
yadI_predicted,0.08333333333333333,11,11,CGATGGCACTTGGAAGCTCA,0,4356193
yadI_predicted,0.08333333333333333,11,11,CGATAGACACGATTAAGTCG,0,4367135
yadI_predicted,0.08333333333333333,11,11,CGAGGTGTAACCCTACCCAA,0,4332588
yadI_predicted,0.08333333333333333,11,11,CGAGGTGGGGAAAGGCCAAC,0,4354568
yadI_predicted,0.08333333333333333,11,11,CGAGCGTGTTTTGTTTCATC,0,4366466
yadI_predicted,0.08333333333333333,11,11,CGAGCCTGCCCGAGCCAATA,0,4292359
yadI_predicted,0.08333333333333333,11,11,CGAGAATCAAACTCGGTCAA,0,4368161
yadI_predicted,0.08333333333333333,11,11,CGACGAAGTATATGATCAGA,0,4344653
yadI_predicted,0.08333333333333333,11,11,CGACCGTGAAGTGTGTTAGC,0,4314372
yadI_predicted,0.08333333333333333,11,11,CGAACTCGTTGAGGACTCGT,0,4315738
yadI_predicted,0.08333333333333333,11,11,CGAACGTCTCCATCAGCTAG,0,4346758
yadI_predicted,0.08333333333333333,11,11,CGAAATTTGGGAGCGAGGCC,0,4308427
yadI_predicted,0.08333333333333333,11,11,CGAAACCAACGTTAGACAGC,0,4313860
yadI_predicted,0.08333333333333333,11,11,CCTTTGAAACACAAGGTCCT,0,4324998
yadI_predicted,0.08333333333333333,11,11,CCTTTAATGCCAAAATGGGA,0,4290591
yadI_predicted,0.08333333333333333,11,11,CCTTGGATGACCCCGGACTA,0,4286347
yadI_predicted,0.08333333333333333,11,11,CCTTGCGCAACTTCCACAGT,0,4346936
yadI_predicted,0.08333333333333333,11,11,CCTTGCCCGACGGCCCAGCG,0,4351180
yadI_predicted,0.08333333333333333,11,11,CCTTCGCGTGCGCCAGACCA,0,4297596
yadI_predicted,0.08333333333333333,11,11,CCTTAGTGCATAGGTGTTAG,0,4319314
yadI_predicted,0.08333333333333333,11,11,CCTTACACACGACTACCCAA,0,4358817
yadI_predicted,0.08333333333333333,11,11,CCTGTTAATCCCTTAAGTTG,0,4308739
yadI_predicted,0.08333333333333333,11,11,CCTGTGCGCGCCACTGCTGA,0,4299295
yadI_predicted,0.08333333333333333,11,11,CCTCTCCTGGTCACTGTACA,0,4317279
yadI_predicted,0.08333333333333333,11,11,CCTCCTTTATTCACTGTTTA,0,4314632
yadI_predicted,0.08333333333333333,11,11,CCTCCGGCTGAACAAACCAT,0,4319893
yadI_predicted,0.08333333333333333,11,11,CCTCAGGGGCTTTAAAGGGG,0,4309604
yadI_predicted,0.08333333333333333,11,11,CCTCACATTCCAGACCTCTA,0,4355045
yadI_predicted,0.08333333333333333,11,11,CCGTTTCTAACTCCTAATCC,0,4344427
yadI_predicted,0.08333333333333333,11,11,CCGTTGATCAACCCACTGCG,0,4342663
yadI_predicted,0.08333333333333333,11,11,CCGTGTAATTTATCCCGCTT,0,4314970
yadI_predicted,0.08333333333333333,11,11,CCGTGGGGTTGTACCGGGTG,0,4351209
yadI_predicted,0.08333333333333333,11,11,CCGTGCTGGCTCTGCTGGGT,0,4343733
yadI_predicted,0.08333333333333333,11,11,CCGTGCTAGCTATGCCCCCT,0,4336657
yadI_predicted,0.08333333333333333,11,11,CCGTAACCGAAAATTTGCTT,0,4362740
yadI_predicted,0.08333333333333333,11,11,CCGGGGTTCGTTTCACCACT,0,4327953
yadI_predicted,0.08333333333333333,11,11,CCGGCGTTAGGCCAATTTGT,0,4303558
yadI_predicted,0.08333333333333333,11,11,CCGGCATTCGAGGCCGGAAC,0,4309370
yadI_predicted,0.08333333333333333,11,11,CCGGCAGTCCTATAGCATAA,0,4312327
yadI_predicted,0.08333333333333333,11,11,CCGCTTTACCCGGAGTAGCT,0,4339925
yadI_predicted,0.08333333333333333,11,11,CCGCTTATTATTACATGCAT,0,4331186
yadI_predicted,0.08333333333333333,11,11,CCGCTCTTCTTTTTCGTCCG,0,4315049
yadI_predicted,0.08333333333333333,11,11,CCGCCAGATTCAGTTTACCT,0,4287337
yadI_predicted,0.08333333333333333,11,11,CCGCCAAAAATGGATGAGAG,0,4317229
yadI_predicted,0.08333333333333333,11,11,CCGATTGTATCCCCACAGTA,0,4306197
yadI_predicted,0.08333333333333333,11,11,CCGAGAGACTACGACCCCGT,0,4299569
yadI_predicted,0.08333333333333333,11,11,CCGACAGTGCTCATCTGGAA,0,4349986
yadI_predicted,0.08333333333333333,11,11,CCCTTGGTCTAGGTGAGAGG,0,4329841
yadI_predicted,0.08333333333333333,11,11,CCCTGGTCGCGGACCGGAAC,0,4353238
yadI_predicted,0.08333333333333333,11,11,CCCTGCGGCCTGCTCACAGA,0,4344037
yadI_predicted,0.08333333333333333,11,11,CCCTCTAATGACTTCATTAC,0,4322540
yadI_predicted,0.08333333333333333,11,11,CCCGTACCCTAACCCTTCTC,0,4342762
yadI_predicted,0.08333333333333333,11,11,CCCGGCCTCGTTGCGTGATG,0,4347781
yadI_predicted,0.08333333333333333,11,11,CCCGCATCACACTTACGCCC,0,4317181
yadI_predicted,0.08333333333333333,11,11,CCCGCACGTCTTACATCGCC,0,4360365
yadI_predicted,0.08333333333333333,11,11,CCCCGGTCACCGTTGGACTG,0,4304182
yadI_predicted,0.08333333333333333,11,11,CCCATGTAGTAAGCCTCCGT,0,4290358
yadI_predicted,0.08333333333333333,11,11,CCCAGTAAGAAGGAATTCGG,0,4335997
yadI_predicted,0.08333333333333333,11,11,CCATGCAACACGACAACAGG,0,4328582
yadI_predicted,0.08333333333333333,11,11,CCATCCGGGAGAGTCGCTCG,0,4319956
yadI_predicted,0.08333333333333333,11,11,CCATATATAATGACACCCAT,0,4322682
yadI_predicted,0.08333333333333333,11,11,CCAGTAAGTTTTACGAGATG,0,4293244
yadI_predicted,0.08333333333333333,11,11,CCAGGACGTAGTTGGCAGAC,0,4292594
yadI_predicted,0.08333333333333333,11,11,CCAGCTTTGCGGCGCTCGGG,0,4322111
yadI_predicted,0.08333333333333333,11,11,CCAGCTGCGGTCGTGGGTTG,0,4329767
yadI_predicted,0.08333333333333333,11,11,CCAGATGATCAGGGGCGTTC,0,4313472
yadI_predicted,0.08333333333333333,11,11,CCACTCCGCTGTCTGCATAC,0,4328149
yadI_predicted,0.08333333333333333,11,11,CCACGTTATCGACCAGGTGA,0,4346080
yadI_predicted,0.08333333333333333,11,11,CCACGTGCCTTCCCGTGGAA,0,4335550
yadI_predicted,0.08333333333333333,11,11,CCACCCAGACCGTGTGGCAT,0,4360636
yadI_predicted,0.08333333333333333,11,11,CATTTTAAGAGTAAACTGGA,0,4365314
yadI_predicted,0.08333333333333333,11,11,CATTTGCACTCACTCGGCGT,0,4298038
yadI_predicted,0.08333333333333333,11,11,CATTCTGGCACCCTTGAGAA,0,4339426
yadI_predicted,0.08333333333333333,11,11,CATGTTGCTACGATATATAA,0,4331110
yadI_predicted,0.08333333333333333,11,11,CATCTAATTTCTAGCTATGG,0,4343003
yadI_predicted,0.08333333333333333,11,11,CATCGCGGGCCGTGGGGGAT,0,4321158
yadI_predicted,0.08333333333333333,11,11,CATCCGCGGTCGGTACCTGG,0,4346282
yadI_predicted,0.08333333333333333,11,11,CATCAATGCCTAGTCTCACT,0,4360309
yadI_predicted,0.08333333333333333,11,11,CATATGACCTCTCCCCATCT,0,4285660
yadI_predicted,0.08333333333333333,11,11,CATATAGCTTTCGCGAGTGA,0,4285991
yadI_predicted,0.08333333333333333,11,11,CATACTTTAGGGACGGGTGA,0,4288891
yadI_predicted,0.08333333333333333,11,11,CATACTAAGACGAACCGGGG,0,4286249
yadI_predicted,0.08333333333333333,11,11,CATAACCTTGTCCAAAAGAC,0,4295833
yadI_predicted,0.08333333333333333,11,11,CATAAAGTGGTCTATGGAAC,0,4342475
yadI_predicted,0.08333333333333333,11,11,CAGTAGTGGTTTCAATAGGG,0,4346186
yadI_predicted,0.08333333333333333,11,11,CAGGTGTCCAATTGCGCATG,0,4352707
yadI_predicted,0.08333333333333333,11,11,CAGGCCTCACGGTGTTCGTT,0,4353732
yadI_predicted,0.08333333333333333,11,11,CAGGCCACACATACTCCGAT,0,4322939
yadI_predicted,0.08333333333333333,11,11,CAGGAGTGCTACATAAAGCT,0,4357196
yadI_predicted,0.08333333333333333,11,11,CAGGAAGTAGACCGCGTTGA,0,4331732
yadI_predicted,0.08333333333333333,11,11,CAGCTTGGGAGTTTCTGGTG,0,4305071
yadI_predicted,0.08333333333333333,11,11,CAGCTCGGCGAGGGGGTGGT,0,4347539
yadI_predicted,0.08333333333333333,11,11,CAGCTCACAGGGTTACAACG,0,4306575
yadI_predicted,0.08333333333333333,11,11,CAGCGTAGTCCGGTTTTTCA,0,4343272
yadI_predicted,0.08333333333333333,11,11,CAGCGCTACCACGAAAGGGG,0,4312035
yadI_predicted,0.08333333333333333,11,11,CAGCCGTGGGTACCACGAGT,0,4345230
yadI_predicted,0.08333333333333333,11,11,CAGCAAATCCGGGACATTCG,0,4360910
yadI_predicted,0.08333333333333333,11,11,CAGAGGGGGACTTCTATAGG,0,4300935
yadI_predicted,0.08333333333333333,11,11,CAGAGCTGTTTGGGAGCTAA,0,4369184
yadI_predicted,0.08333333333333333,11,11,CAGACCTGATCCCTCCATAA,0,4331208
yadI_predicted,0.08333333333333333,11,11,CAGACAACCAGGTCAAACTT,0,4357733
yadI_predicted,0.08333333333333333,11,11,CAGAAAGGTAGAACAAAGCA,0,4350656
yadI_predicted,0.08333333333333333,11,11,CACTTAGAATACCAGCAAGT,0,4335139
yadI_predicted,0.08333333333333333,11,11,CACTGACTTGGCCACGTGTG,0,4333604
yadI_predicted,0.08333333333333333,11,11,CACTCTCAGCTTTACGCTAC,0,4311920
yadI_predicted,0.08333333333333333,11,11,CACTCACCTGTATGGGACCG,0,4365806
yadI_predicted,0.08333333333333333,11,11,CACGTTATAATGCTCCACTT,0,4286776
yadI_predicted,0.08333333333333333,11,11,CACGTGTAACTGCGGCATGA,0,4298745
yadI_predicted,0.08333333333333333,11,11,CACGTGACGTAAAACCAGTC,0,4306773
yadI_predicted,0.08333333333333333,11,11,CACGGGATTACCCGTGTGCT,0,4330080
yadI_predicted,0.08333333333333333,11,11,CACGGAGGAAGGTTTGTATT,0,4292622
yadI_predicted,0.08333333333333333,11,11,CACGACGACTGGTGCACGCT,0,4340355
yadI_predicted,0.08333333333333333,11,11,CACCTCGGCTGTGTCTGCGA,0,4319165
yadI_predicted,0.08333333333333333,11,11,CACCTAAAGTTTAATTGGTA,0,4347095
yadI_predicted,0.08333333333333333,11,11,CACCGTGGGCCAACTTTGGG,0,4306129
yadI_predicted,0.08333333333333333,11,11,CACCCTTAGATCACGGTCAG,0,4293191
yadI_predicted,0.08333333333333333,11,11,CACCCGATGGGTGTGATTGT,0,4294924
yadI_predicted,0.08333333333333333,11,11,CACATGCATGGAGACTGTTT,0,4296886
yadI_predicted,0.08333333333333333,11,11,CACAGGAGTCGAAAGATCCC,0,4293011
yadI_predicted,0.08333333333333333,11,11,CACACATTCACACAGGGAGA,0,4354501
yadI_predicted,0.08333333333333333,11,11,CACAATTTCTAGATCTGTGT,0,4361806
yadI_predicted,0.08333333333333333,11,11,CACAAAGAAGCCGAGCACTC,0,4344719
yadI_predicted,0.08333333333333333,11,11,CAATTCTGGGACTTCTTCGA,0,4311719
yadI_predicted,0.08333333333333333,11,11,CAATTCCAAACTATGCATGA,0,4361675
yadI_predicted,0.08333333333333333,11,11,CAAGTTTGGTTGAGTAATAT,0,4299565
yadI_predicted,0.08333333333333333,11,11,CAAGGCCAAGCATAAGTAAA,0,4314207
yadI_predicted,0.08333333333333333,11,11,CAAGCTCTGAGTCTGAGCGA,0,4352054
yadI_predicted,0.08333333333333333,11,11,CAAAGGAAAATAAGGATTCC,0,4318563
yadI_predicted,0.08333333333333333,11,11,CAAAGCAAGATCGTAGTTCG,0,4343743
yadI_predicted,0.08333333333333333,11,11,ATTTGGACGGTAGAGTAGCT,0,4353991
yadI_predicted,0.08333333333333333,11,11,ATTTGAAGGGGATCTTCAGA,0,4348139
yadI_predicted,0.08333333333333333,11,11,ATTTACCTCGGGTATCTTTA,0,4297386
yadI_predicted,0.08333333333333333,11,11,ATTTAAATCTGAAGGGGCCT,0,4368076
yadI_predicted,0.08333333333333333,11,11,ATTGTGGCGAGGATATGTTC,0,4310239
yadI_predicted,0.08333333333333333,11,11,ATTGGACCGCAACGCCTGCA,0,4289380
yadI_predicted,0.08333333333333333,11,11,ATTCGAAAGGGGTTCGAGAT,0,4355516
yadI_predicted,0.08333333333333333,11,11,ATTCCGTGATGTTCTGTTCC,0,4327103
yadI_predicted,0.08333333333333333,11,11,ATTCCGGCCGAAATGAGACC,0,4307810
yadI_predicted,0.08333333333333333,11,11,ATTCCCAACAGCGAGTTTGA,0,4310705
yadI_predicted,0.08333333333333333,11,11,ATTCACCTCACTCCTCCTGG,0,4289854
yadI_predicted,0.08333333333333333,11,11,ATTATTCACATCCAGCTTAA,0,4296577
yadI_predicted,0.08333333333333333,11,11,ATTATTATTCAAAAGCAGCG,0,4289837
yadI_predicted,0.08333333333333333,11,11,ATTATCTACCGCGCACAAGC,0,4310982
yadI_predicted,0.08333333333333333,11,11,ATTAGTAGCGTCTGGAGTGC,0,4298485
yadI_predicted,0.08333333333333333,11,11,ATTAGACAACGACTTTGACA,0,4305651
yadI_predicted,0.08333333333333333,11,11,ATTAGAACCAGAAGTGTCCG,0,4363527
yadI_predicted,0.08333333333333333,11,11,ATTACTTCACTCCGATTAAT,0,4340959
yadI_predicted,0.08333333333333333,11,11,ATTACCACCCGTGCCTTGTA,0,4317899
yadI_predicted,0.08333333333333333,11,11,ATTAATTCAAAGACCTACTT,0,4316966
yadI_predicted,0.08333333333333333,11,11,ATTAATTAAGTTCACCACGA,0,4326997
yadI_predicted,0.08333333333333333,11,11,ATTAAAGCAGTAACGGCCCA,0,4336899
yadI_predicted,0.08333333333333333,11,11,ATGTGCACACGCTCATATCT,0,4322933
yadI_predicted,0.08333333333333333,11,11,ATGTCTCCCCGCAGTTGCCG,0,4338191
yadI_predicted,0.08333333333333333,11,11,ATGTAACTTTGTCCGCCACT,0,4317590
yadI_predicted,0.08333333333333333,11,11,ATGGTGATGTTCTGTAAACC,0,4314349
yadI_predicted,0.08333333333333333,11,11,ATGGGCGCGACCAAGCCCGA,0,4330428
yadI_predicted,0.08333333333333333,11,11,ATGGCCGACAAGAGGGTTTT,0,4323744
yadI_predicted,0.08333333333333333,11,11,ATGACTAGCAACGGCAACCA,0,4335472
yadI_predicted,0.08333333333333333,11,11,ATGAATGGCCAATGAATGAA,0,4299312
yadI_predicted,0.08333333333333333,11,11,ATCTTCCTTGGTGCCGGACT,0,4345447
yadI_predicted,0.08333333333333333,11,11,ATCGCTGACGCATCTCCATG,0,4354957
yadI_predicted,0.08333333333333333,11,11,ATCCGCATTTGCTGACCCAC,0,4334266
yadI_predicted,0.08333333333333333,11,11,ATCCCACTTTGATTTGATGA,0,4344069
yadI_predicted,0.08333333333333333,11,11,ATCATGCCCAGGATCACTGA,0,4304123
yadI_predicted,0.08333333333333333,11,11,ATCATCTTCCAGGGGTTGTG,0,4307536
yadI_predicted,0.08333333333333333,11,11,ATCAGAGGTGGCAGGATATG,0,4297760
yadI_predicted,0.08333333333333333,11,11,ATCACCTGGATAAAGCTGGG,0,4365110
yadI_predicted,0.08333333333333333,11,11,ATATTGTCCATCGTTCCAAC,0,4356173
yadI_predicted,0.08333333333333333,11,11,ATATGCCCAAGGTTCCGGAC,0,4308921
yadI_predicted,0.08333333333333333,11,11,ATATCTTCTCAGAGGCGGAT,0,4289347
yadI_predicted,0.08333333333333333,11,11,ATATCCCGCGGCACACCCTC,0,4323354
yadI_predicted,0.08333333333333333,11,11,ATATAGTGAGCTATGCTGGG,0,4338084
yadI_predicted,0.08333333333333333,11,11,ATATACTTGACGTGACCACT,0,4286180
yadI_predicted,0.08333333333333333,11,11,ATAGGGATGCGTTGTGTGTT,0,4318938
yadI_predicted,0.08333333333333333,11,11,ATAGGACAGGCGAATGCTAA,0,4359994
yadI_predicted,0.08333333333333333,11,11,ATAGATGTTGGAGCTGTTAC,0,4301478
yadI_predicted,0.08333333333333333,11,11,ATAGAGTGAACCTTGAGAGG,0,4363754
yadI_predicted,0.08333333333333333,11,11,ATAGAGACCACAACCGAATG,0,4326156
yadI_predicted,0.08333333333333333,11,11,ATACAAACAGTTTGATATTT,0,4340306
yadI_predicted,0.08333333333333333,11,11,ATAATCTGCAGAGTTCAAAT,0,4367421
yadI_predicted,0.08333333333333333,11,11,ATAACGCGCGGCTGATGAAG,0,4347383
yadI_predicted,0.08333333333333333,11,11,ATAACAAGCTGCCCGTCCGG,0,4366892
yadI_predicted,0.08333333333333333,11,11,AGTTTGATGAACTCCAAGTC,0,4323442
yadI_predicted,0.08333333333333333,11,11,AGTTGCAAAGCTGTCGATCG,0,4330001
yadI_predicted,0.08333333333333333,11,11,AGTTCTATACTGGTGATGCC,0,4288729
yadI_predicted,0.08333333333333333,11,11,AGTTCACGAGCCGTTTGTAA,0,4327105
yadI_predicted,0.08333333333333333,11,11,AGTTAGGCACCACCGTGATC,0,4300529
yadI_predicted,0.08333333333333333,11,11,AGTTAGGAGCCCGTTGGCAT,0,4315158
yadI_predicted,0.08333333333333333,11,11,AGTTACAATGAGCTGGGGCT,0,4286368
yadI_predicted,0.08333333333333333,11,11,AGTGGACATTTCCGCGCGGG,0,4324621
yadI_predicted,0.08333333333333333,11,11,AGTGCTCTCACTAGCCGCGT,0,4367635
yadI_predicted,0.08333333333333333,11,11,AGTGCCCATTGGAGTTGCAT,0,4347840
yadI_predicted,0.08333333333333333,11,11,AGTCGGGTCCATGCGTCAAG,0,4360516
yadI_predicted,0.08333333333333333,11,11,AGTCCTCGCGCCAACCGATC,0,4308407
yadI_predicted,0.08333333333333333,11,11,AGTCCGCTGGTTGAAGGGAC,0,4325066
yadI_predicted,0.08333333333333333,11,11,AGTCATGATCGGCGCAATAA,0,4343955
yadI_predicted,0.08333333333333333,11,11,AGTATGGCGCGCCAAAATTT,0,4357054
yadI_predicted,0.08333333333333333,11,11,AGTATGGCAATGTACTCCGA,0,4330871
yadI_predicted,0.08333333333333333,11,11,AGTAGTTGTCATCTCACAAG,0,4341286
yadI_predicted,0.08333333333333333,11,11,AGTAATCCCCGCGTACCAGC,0,4344330
yadI_predicted,0.08333333333333333,11,11,AGTAATAGCATTTGCCGCTG,0,4300196
yadI_predicted,0.08333333333333333,11,11,AGGTTCCTTCGGTCACACAT,0,4354036
yadI_predicted,0.08333333333333333,11,11,AGGTGCAGCCAGCCCCACCT,0,4343362
yadI_predicted,0.08333333333333333,11,11,AGGTGACCCCATGATATTAT,0,4311150
yadI_predicted,0.08333333333333333,11,11,AGGTCACTCAGGGGTATACT,0,4321528
yadI_predicted,0.08333333333333333,11,11,AGGGTATTTAAGATTATGGC,0,4350454
yadI_predicted,0.08333333333333333,11,11,AGGGTAATGAGGTAAATTTT,0,4293809
yadI_predicted,0.08333333333333333,11,11,AGGGCGCTTACCCGAGGCTT,0,4317861
yadI_predicted,0.08333333333333333,11,11,AGGGCACGAGGGACCTAGAA,0,4285099
yadI_predicted,0.08333333333333333,11,11,AGGGATCTCTGAGCTCCCAT,0,4301276
yadI_predicted,0.08333333333333333,11,11,AGGCTGTAGTTAATTCGTAG,0,4343956
yadI_predicted,0.08333333333333333,11,11,AGGCTCATTCATAGCTAGAT,0,4323684
yadI_predicted,0.08333333333333333,11,11,AGGCCCGGTGACTCAAGCAA,0,4288110
yadI_predicted,0.08333333333333333,11,11,AGGCCAACTAGGAAGAGGGC,0,4351340
yadI_predicted,0.08333333333333333,11,11,AGGCATCAATGGGACATAGC,0,4329650
yadI_predicted,0.08333333333333333,11,11,AGGCAGGAAATAGCGGGGAT,0,4336607
yadI_predicted,0.08333333333333333,11,11,AGGCAGCTAGAATTAGTCAC,0,4361307
yadI_predicted,0.08333333333333333,11,11,AGGCACAATCATACCGTATT,0,4297539
yadI_predicted,0.08333333333333333,11,11,AGGATGATCAAATACACATA,0,4366375
yadI_predicted,0.08333333333333333,11,11,AGGATCTGCTCAGAAGCCTA,0,4337819
yadI_predicted,0.08333333333333333,11,11,AGGAGGGTGTGCGGACGATA,0,4359238
yadI_predicted,0.08333333333333333,11,11,AGGAGACGGGGACGGCGTAC,0,4339604
yadI_predicted,0.08333333333333333,11,11,AGGACTTCATGCAATCTACA,0,4285092
yadI_predicted,0.08333333333333333,11,11,AGCTTTTCTGATAGCCGACA,0,4349312
yadI_predicted,0.08333333333333333,11,11,AGCGTGGACCCAACTCGCAG,0,4339008
yadI_predicted,0.08333333333333333,11,11,AGCGGTCGATACGGCCTATT,0,4316046
yadI_predicted,0.08333333333333333,11,11,AGCGGGTCAAAGCGGGAGAA,0,4316963
yadI_predicted,0.08333333333333333,11,11,AGCGATATTGCTGTTTATAG,0,4342918
yadI_predicted,0.08333333333333333,11,11,AGCGAGCACCCCTGCGGTGG,0,4298956
yadI_predicted,0.08333333333333333,11,11,AGCGAGAACGGGACTATCTT,0,4287659
yadI_predicted,0.08333333333333333,11,11,AGCCTGTCACAAGCCCATTG,0,4303431
yadI_predicted,0.08333333333333333,11,11,AGCCTAGGGGCGGCGCTTAG,0,4309620
yadI_predicted,0.08333333333333333,11,11,AGCCCAGTCCGGGACCAATA,0,4360846
yadI_predicted,0.08333333333333333,11,11,AGCATCACGATGCGGCATAT,0,4364788
yadI_predicted,0.08333333333333333,11,11,AGCAGTGCTAGTGTGTTCAG,0,4290604
yadI_predicted,0.08333333333333333,11,11,AGCAGGCGCGTGCACTTGCA,0,4315231
yadI_predicted,0.08333333333333333,11,11,AGCAAGCAATGTGAACCGAT,0,4329705
yadI_predicted,0.08333333333333333,11,11,AGATGCGTACGCTAGAATGC,0,4327082
yadI_predicted,0.08333333333333333,11,11,AGAGTAAGGTCTGCTTGGAA,0,4317973
yadI_predicted,0.08333333333333333,11,11,AGAGGCAGATACCGACCTGA,0,4289803
yadI_predicted,0.08333333333333333,11,11,AGAGACTACCGGCATGTATG,0,4316451
yadI_predicted,0.08333333333333333,11,11,AGAGAATGGCGGATTCTTGC,0,4348198
yadI_predicted,0.08333333333333333,11,11,AGACTAAAACGCACGCGTTA,0,4343581
yadI_predicted,0.08333333333333333,11,11,AGACGAGGACACTCCGGATT,0,4318245
yadI_predicted,0.08333333333333333,11,11,AGACAGTTGCCGTAAGGGGT,0,4342413
yadI_predicted,0.08333333333333333,11,11,AGAAGCGATTAGATTGATGC,0,4354786
yadI_predicted,0.08333333333333333,11,11,ACTTTCTCAGAGCTAGATCA,0,4369937
yadI_predicted,0.08333333333333333,11,11,ACTTGTCTGTATGGCCCTCA,0,4305135
yadI_predicted,0.08333333333333333,11,11,ACTTGGAAAGGTTAAGTTTA,0,4350872
yadI_predicted,0.08333333333333333,11,11,ACTTGATCTGCACGAATCAC,0,4325922
yadI_predicted,0.08333333333333333,11,11,ACTTGACCGCTGAAAGTGTG,0,4365645
yadI_predicted,0.08333333333333333,11,11,ACTGAGAAAGGTTTCTTCCG,0,4289011
yadI_predicted,0.08333333333333333,11,11,ACTCTCCTCGTGAGTTCTGA,0,4286953
yadI_predicted,0.08333333333333333,11,11,ACTCGTAACAACCCCGGGAA,0,4310762
yadI_predicted,0.08333333333333333,11,11,ACTCGAGGGACGTAGTTTGT,0,4293139
yadI_predicted,0.08333333333333333,11,11,ACTCCCATAAAAGCAGGGAA,0,4303655
yadI_predicted,0.08333333333333333,11,11,ACTCCCACGTGTCGATAAAA,0,4368486
yadI_predicted,0.08333333333333333,11,11,ACTCAGCCCCGCGGAACAGC,0,4285856
yadI_predicted,0.08333333333333333,11,11,ACTACCGTTCGGAGGGAACG,0,4309120
yadI_predicted,0.08333333333333333,11,11,ACTACAAGTGAGTTCCCGTA,0,4300281
yadI_predicted,0.08333333333333333,11,11,ACGTGTTTGCAGTTGGGGTG,0,4286457
yadI_predicted,0.08333333333333333,11,11,ACGTGTGGCGGAGCACAGTC,0,4327903
yadI_predicted,0.08333333333333333,11,11,ACGTGGGTAGTGGGCTCCTG,0,4331290
yadI_predicted,0.08333333333333333,11,11,ACGTGCGAGCACACGACGCA,0,4357641
yadI_predicted,0.08333333333333333,11,11,ACGTATGTCTTAAGGAAGGA,0,4326206
yadI_predicted,0.08333333333333333,11,11,ACGGGGCATACTATAGGTAG,0,4309720
yadI_predicted,0.08333333333333333,11,11,ACGGGAATCCAGGCGTTTTA,0,4316613
yadI_predicted,0.08333333333333333,11,11,ACGGCGGCACACGCGAAGAC,0,4318071
yadI_predicted,0.08333333333333333,11,11,ACGGCCCGTCGATTGTGCGG,0,4363198
yadI_predicted,0.08333333333333333,11,11,ACGCTCGTGCCGACATTCGC,0,4361434
yadI_predicted,0.08333333333333333,11,11,ACGCAATCTAGCGGACATCC,0,4306616
yadI_predicted,0.08333333333333333,11,11,ACGATCAGTGGATCCATCGA,0,4348951
yadI_predicted,0.08333333333333333,11,11,ACGAATAACAAAAGGGGCCA,0,4332831
yadI_predicted,0.08333333333333333,11,11,ACCTTCTCCTGGTGATCGCG,0,4291966
yadI_predicted,0.08333333333333333,11,11,ACCTGGTATACACCGTCAAT,0,4341378
yadI_predicted,0.08333333333333333,11,11,ACCTCTCACGATGTATAAAC,0,4320159
yadI_predicted,0.08333333333333333,11,11,ACCGTATGTCAAGTTGGCCT,0,4307356
yadI_predicted,0.08333333333333333,11,11,ACCGTAAAATATGAACACTT,0,4351402
yadI_predicted,0.08333333333333333,11,11,ACCCTCTTGTTTACACATAG,0,4323530
yadI_predicted,0.08333333333333333,11,11,ACCCGGCCTCGCGTGCGATA,0,4347619
yadI_predicted,0.08333333333333333,11,11,ACCCGATGTACGCTGAGCGA,0,4331167
yadI_predicted,0.08333333333333333,11,11,ACCCAGAACCAGATCGAGGA,0,4286585
yadI_predicted,0.08333333333333333,11,11,ACCATATGCGGCAACATCGG,0,4364661
yadI_predicted,0.08333333333333333,11,11,ACATTAATTCTATCGCCTAC,0,4363456
yadI_predicted,0.08333333333333333,11,11,ACATGTGTGGGAAGCGTGGC,0,4338054
yadI_predicted,0.08333333333333333,11,11,ACATCGGGCTCTCTTGCACG,0,4308124
yadI_predicted,0.08333333333333333,11,11,ACATATTCGTCTGATAGACC,0,4348147
yadI_predicted,0.08333333333333333,11,11,ACATACCTCGATCCAGGGTA,0,4322308
yadI_predicted,0.08333333333333333,11,11,ACATACAGGATTCCGGGGCA,0,4341592
yadI_predicted,0.08333333333333333,11,11,ACAGGTTTGCAAGAACCACA,0,4352806
yadI_predicted,0.08333333333333333,11,11,ACAGGTTCACTTGTTTTGCA,0,4295082
yadI_predicted,0.08333333333333333,11,11,ACAGGAGCACTCTGCGACAT,0,4339651
yadI_predicted,0.08333333333333333,11,11,ACAGCTTGGGTCCGAACTCG,0,4316421
yadI_predicted,0.08333333333333333,11,11,ACAGCTCGATCCGGGCTACA,0,4334533
yadI_predicted,0.08333333333333333,11,11,ACAGCAATCGAAAATCGGTC,0,4349769
yadI_predicted,0.08333333333333333,11,11,ACAGACTGAACTTTTAGTTT,0,4288476
yadI_predicted,0.08333333333333333,11,11,ACACTTGACACTTCGGTTCC,0,4368485
yadI_predicted,0.08333333333333333,11,11,ACACCCATGATACCCCAATA,0,4346431
yadI_predicted,0.08333333333333333,11,11,ACACAGTTGAGTCATCTGAA,0,4294145
yadI_predicted,0.08333333333333333,11,11,ACAAAAGACGCCCCTTAAAA,0,4333349
yadI_predicted,0.08333333333333333,11,11,AATTGATAAATCCCGTTGGT,0,4359810
yadI_predicted,0.08333333333333333,11,11,AATGTGTTAGCTTGGAATCG,0,4318304
yadI_predicted,0.08333333333333333,11,11,AATGGGTACCTTGTATTCCT,0,4297830
yadI_predicted,0.08333333333333333,11,11,AATGCGATATTCGGAGCACC,0,4315015
yadI_predicted,0.08333333333333333,11,11,AATGATTCAACCAATCGGAG,0,4345229
yadI_predicted,0.08333333333333333,11,11,AATCTCGGATCATGGAATCC,0,4292029
yadI_predicted,0.08333333333333333,11,11,AATCGTTGGTTGTGTTTCCA,0,4345559
yadI_predicted,0.08333333333333333,11,11,AATCGGGTCTACAGCTTTTC,0,4296920
yadI_predicted,0.08333333333333333,11,11,AATCGCGGACCTACAAATTG,0,4301067
yadI_predicted,0.08333333333333333,11,11,AATCATAGCGGAGTATCTAC,0,4315974
yadI_predicted,0.08333333333333333,11,11,AATATGACCGCAGCCCGAAT,0,4314867
yadI_predicted,0.08333333333333333,11,11,AATAACCCAGAAGGTACGAT,0,4365203
yadI_predicted,0.08333333333333333,11,11,AAGTTCCAGCAGAAAAATGC,0,4315948
yadI_predicted,0.08333333333333333,11,11,AAGGTAATAACGGTTAAATG,0,4353711
yadI_predicted,0.08333333333333333,11,11,AAGGGTTCAACCTCAAAGGT,0,4350515
yadI_predicted,0.08333333333333333,11,11,AAGGCCGCTAGTTACAAGAC,0,4315779
yadI_predicted,0.08333333333333333,11,11,AAGGCCGACTTTGGTCACCT,0,4334105
yadI_predicted,0.08333333333333333,11,11,AAGGCATAAAAGGTAGCACG,0,4360775
yadI_predicted,0.08333333333333333,11,11,AAGGCAGTGCTGATAAGTTG,0,4341842
yadI_predicted,0.08333333333333333,11,11,AAGCTGGACTTCCCAGGGTG,0,4341244
yadI_predicted,0.08333333333333333,11,11,AAGCTCGCCAAGTACGATAG,0,4326288
yadI_predicted,0.08333333333333333,11,11,AAGCCGCGATTTTAGGGGGA,0,4363472
yadI_predicted,0.08333333333333333,11,11,AAGACGAGAAGTGATTTCCA,0,4336797
yadI_predicted,0.08333333333333333,11,11,AAGACCACCTTCGACTCTAG,0,4359981
yadI_predicted,0.08333333333333333,11,11,AAGAAGAATTGATACAGAGA,0,4360521
yadI_predicted,0.08333333333333333,11,11,AACTGTACCATATAGTTTTG,0,4356002
yadI_predicted,0.08333333333333333,11,11,AACTGCAAACGGTTTCTGCC,0,4292532
yadI_predicted,0.08333333333333333,11,11,AACTCGCTCCGTCGAGCTTC,0,4285040
yadI_predicted,0.08333333333333333,11,11,AACTCCTCCTTGGCACTGTT,0,4346159
yadI_predicted,0.08333333333333333,11,11,AACTACCTCGAGGGCTATTG,0,4362411
yadI_predicted,0.08333333333333333,11,11,AACTAAAGACCATCACGGGT,0,4303257
yadI_predicted,0.08333333333333333,11,11,AACGTGTGGCGTAGAGGAGC,0,4322881
yadI_predicted,0.08333333333333333,11,11,AACGTGTGCACGTCATAAAC,0,4354573
yadI_predicted,0.08333333333333333,11,11,AACGGTCACCACGGGCTACC,0,4284336
yadI_predicted,0.08333333333333333,11,11,AACCTTTAGTGCAACAATCT,0,4326165
yadI_predicted,0.08333333333333333,11,11,AACCTTAGTTGCAAGCGGTG,0,4361206
yadI_predicted,0.08333333333333333,11,11,AACCCTAATTACGATATCCA,0,4367079
yadI_predicted,0.08333333333333333,11,11,AACCCATGGTTCCAGAAGAG,0,4285032
yadI_predicted,0.08333333333333333,11,11,AACATAAACTCTCATGTAGC,0,4340271
yadI_predicted,0.08333333333333333,11,11,AAATTAACTAGGCTTTCACA,0,4360170
yadI_predicted,0.08333333333333333,11,11,AAAGGAGCCGAAAACGCACT,0,4300467
yadI_predicted,0.08333333333333333,11,11,AAAGCATAGTCGTCACTAAG,0,4362434
yadI_predicted,0.08333333333333333,11,11,AAAGCAGGGATTACACCCCC,0,4342333
yadI_predicted,0.08333333333333333,11,11,AAAGATAGGGAGGAGGTAAA,0,4332305
yadI_predicted,0.08333333333333333,11,11,AAACGGGACACCGAAAGGGG,0,4294472
yadI_predicted,0.08333333333333333,11,11,AAACGATAACTCGTTCTACT,0,4297078
yadI_predicted,0.08333333333333333,11,11,AAACGAATCATTTCACTCTC,0,4301132
yadI_predicted,0.08333333333333333,11,11,AAAAGGCCGCAACACGACAC,0,4294447
yadI_predicted,0.08333333333333333,11,11,AAAAGCCAGAAGTGCGGGAT,0,4337135
yadI_predicted,0.08333333333333333,11,11,AAAAACGGGTCACTTTCGGG,0,4350823
yadI_predicted,0.08333333333333333,11,11,AAAAAAAAGAGGTGGTGGGT,0,4353719
yadI_predicted,0.09090909090909091,10,10,TTTTGCTTTCCCCCTGTACC,0,4320502
yadI_predicted,0.09090909090909091,10,10,TTTTGCATCTTAGGCTGACC,0,4304267
yadI_predicted,0.09090909090909091,10,10,TTTTACCGCACACATTTCCT,0,4298677
yadI_predicted,0.09090909090909091,10,10,TTTGGGATCAGTTTATATTG,0,4339497
yadI_predicted,0.09090909090909091,10,10,TTTGGGAGCGAAGCCAGGGA,0,4300430
yadI_predicted,0.09090909090909091,10,10,TTTGGCGCTATCCGGGCAAT,0,4295712
yadI_predicted,0.09090909090909091,10,10,TTTGGATGATTATGCTTTAA,0,4365728
yadI_predicted,0.09090909090909091,10,10,TTTGCTGGACTACCGGGGCT,0,4334527
yadI_predicted,0.09090909090909091,10,10,TTTGACCGATCGCTTGACGT,0,4321863
yadI_predicted,0.09090909090909091,10,10,TTTCTTAGCATCAAGCTTTG,0,4356295
yadI_predicted,0.09090909090909091,10,10,TTTCGATTTCCCAGAGGTGA,0,4338127
yadI_predicted,0.09090909090909091,10,10,TTTCCAACGCGTTTTGTACA,0,4327439
yadI_predicted,0.09090909090909091,10,10,TTTCAGAGAAGTTTCCGAGG,0,4285738
yadI_predicted,0.09090909090909091,10,10,TTTATGGAAGCGGTTCTTTG,0,4287327
yadI_predicted,0.09090909090909091,10,10,TTTAGACTCGATAACTCGGT,0,4295805
yadI_predicted,0.09090909090909091,10,10,TTTAAAGGTTACGGCTGAAT,0,4358347
yadI_predicted,0.09090909090909091,10,10,TTGTTTCAAATAATCATTCC,0,4318099
yadI_predicted,0.09090909090909091,10,10,TTGTTAGCAAAAATAAACGA,0,4318201
yadI_predicted,0.09090909090909091,10,10,TTGTTACCGCGCGCAAATCA,0,4360535
yadI_predicted,0.09090909090909091,10,10,TTGTGGCTGGACAAGGGACA,0,4356843
yadI_predicted,0.09090909090909091,10,10,TTGTATGTCCTTGCATCTCG,0,4346281
yadI_predicted,0.09090909090909091,10,10,TTGGTTCAGATCGACCCGAC,0,4307320
yadI_predicted,0.09090909090909091,10,10,TTGGGTGTCCTCTGAATAAT,0,4310297
yadI_predicted,0.09090909090909091,10,10,TTGGGGGCGAATTTCCTTAA,0,4320239
yadI_predicted,0.09090909090909091,10,10,TTGGGCTTGGCATCGTACGG,0,4310007
yadI_predicted,0.09090909090909091,10,10,TTGCGGGCTAGTGAGTTTGG,0,4369613
yadI_predicted,0.09090909090909091,10,10,TTGCGCGGGTCACGTTCCAC,0,4310403
yadI_predicted,0.09090909090909091,10,10,TTGCCCGGGTTAAAGCGGAG,0,4287006
yadI_predicted,0.09090909090909091,10,10,TTGCCAAGTAGTAAGGTCAG,0,4324238
yadI_predicted,0.09090909090909091,10,10,TTGCAGGAGAGTGATTGCAG,0,4344012
yadI_predicted,0.09090909090909091,10,10,TTGAGATCTTAGGACGCGCG,0,4316556
yadI_predicted,0.09090909090909091,10,10,TTGACGTCGCTCGGATACTG,0,4352675
yadI_predicted,0.09090909090909091,10,10,TTGACGTCGCATGAAACCTA,0,4295047
yadI_predicted,0.09090909090909091,10,10,TTGAACTCAATCACATCACC,0,4308978
yadI_predicted,0.09090909090909091,10,10,TTCTTACCGGGGCGCCAGTT,0,4345840
yadI_predicted,0.09090909090909091,10,10,TTCTACTACAGTACTTGTCA,0,4340945
yadI_predicted,0.09090909090909091,10,10,TTCGGCCACATCGACCGCCG,0,4356356
yadI_predicted,0.09090909090909091,10,10,TTCGGACCTTATTGACCCTA,0,4294195
yadI_predicted,0.09090909090909091,10,10,TTCCGTGTCAGGAGATCAAG,0,4323538
yadI_predicted,0.09090909090909091,10,10,TTCCGGTATTCTCGGGCATT,0,4323679
yadI_predicted,0.09090909090909091,10,10,TTCCGGCTTGCCCCCTACTT,0,4355133
yadI_predicted,0.09090909090909091,10,10,TTCCGCACCGGCAGAGTTAC,0,4331547
yadI_predicted,0.09090909090909091,10,10,TTCCGAATTCCATAAGCGCG,0,4337205
yadI_predicted,0.09090909090909091,10,10,TTCCGAATTCATACGGTGTG,0,4304285
yadI_predicted,0.09090909090909091,10,10,TTCCCCACACGGATACACGT,0,4349534
yadI_predicted,0.09090909090909091,10,10,TTCATTCGCTTTGCTCTGGT,0,4350069
yadI_predicted,0.09090909090909091,10,10,TTCAGCCTAGCTTTCATCGA,0,4304431
yadI_predicted,0.09090909090909091,10,10,TTCACCGGTCAGGACTGAGT,0,4322512
yadI_predicted,0.09090909090909091,10,10,TTCACATGAGTGAGCGTTTC,0,4344008
yadI_predicted,0.09090909090909091,10,10,TTATTATAGGGCAGAACTAT,0,4291422
yadI_predicted,0.09090909090909091,10,10,TTATGTCTTAGTGGGTAGTT,0,4343941
yadI_predicted,0.09090909090909091,10,10,TTAGTCCTATCAGGGCAATT,0,4364290
yadI_predicted,0.09090909090909091,10,10,TTAGTCAGGAATGTTCAGTA,0,4306742
yadI_predicted,0.09090909090909091,10,10,TTAGGATGGGATACCACCTT,0,4352480
yadI_predicted,0.09090909090909091,10,10,TTACGGATTTAGAGTTGTTA,0,4321067
yadI_predicted,0.09090909090909091,10,10,TTACACTGCCCAATATAGCG,0,4309852
yadI_predicted,0.09090909090909091,10,10,TTACACGCCACCCTTACCGT,0,4289271
yadI_predicted,0.09090909090909091,10,10,TTACAAGTCCTGGAACAGCA,0,4313044
yadI_predicted,0.09090909090909091,10,10,TTAATCACACCCGTATGCGC,0,4358070
yadI_predicted,0.09090909090909091,10,10,TTAATACACGGCAGATTACC,0,4366243
yadI_predicted,0.09090909090909091,10,10,TTAAGTAACTTACGATGTAT,0,4329910
yadI_predicted,0.09090909090909091,10,10,TTAAAGGCAGGTCAGCGCAG,0,4369689
yadI_predicted,0.09090909090909091,10,10,TGTTTCAGTTTCGCGTCAGT,0,4316912
yadI_predicted,0.09090909090909091,10,10,TGTTGGGTAGGCATAGCGTC,0,4345065
yadI_predicted,0.09090909090909091,10,10,TGTTGAGGTTCCGGACATTG,0,4295204
yadI_predicted,0.09090909090909091,10,10,TGTTCGCAGGCCCGCTTTCT,0,4317578
yadI_predicted,0.09090909090909091,10,10,TGTGTTTACGAAGTCTACGA,0,4354077
yadI_predicted,0.09090909090909091,10,10,TGTGCGGATAGCGATACGTA,0,4323258
yadI_predicted,0.09090909090909091,10,10,TGTCTTCTTTGTGGATTTGC,0,4312079
yadI_predicted,0.09090909090909091,10,10,TGTCTGTTTCGGAGGTGTAT,0,4288548
yadI_predicted,0.09090909090909091,10,10,TGTCGATTTGTTCTTATCGA,0,4354363
yadI_predicted,0.09090909090909091,10,10,TGTCGATTGACTTGACGTTC,0,4306559
yadI_predicted,0.09090909090909091,10,10,TGTCATCGCTTTATTGCCTT,0,4347087
yadI_predicted,0.09090909090909091,10,10,TGTCACGTTTGACGTACGGT,0,4365074
yadI_predicted,0.09090909090909091,10,10,TGTATGTCGGAGCTCCCTAT,0,4356646
yadI_predicted,0.09090909090909091,10,10,TGTATAATTAGGCAATTTTG,0,4318315
yadI_predicted,0.09090909090909091,10,10,TGTAGATTGTCTAGGGGGGT,0,4357550
yadI_predicted,0.09090909090909091,10,10,TGTACCTTCATCTTATTAGG,0,4317431
yadI_predicted,0.09090909090909091,10,10,TGTAACATTATAACTCTGAA,0,4341535
yadI_predicted,0.09090909090909091,10,10,TGGTTATTTTTGATGGGGCA,0,4364863
yadI_predicted,0.09090909090909091,10,10,TGGTTACAAGCAAGCTACGT,0,4309085
yadI_predicted,0.09090909090909091,10,10,TGGTGTGCAATAAAGGCGAT,0,4336855
yadI_predicted,0.09090909090909091,10,10,TGGTCTCCTAAAATGCGCCG,0,4337456
yadI_predicted,0.09090909090909091,10,10,TGGTCCCGTGCCGTTCAGGA,0,4333639
yadI_predicted,0.09090909090909091,10,10,TGGTCAAAAACTGACCGGAC,0,4339582
yadI_predicted,0.09090909090909091,10,10,TGGTATCTCAATTTTTAAGG,0,4342232
yadI_predicted,0.09090909090909091,10,10,TGGTATACTCTCCGGAGATT,0,4300812
yadI_predicted,0.09090909090909091,10,10,TGGGTCGGGCCCCCGACTTG,0,4366415
yadI_predicted,0.09090909090909091,10,10,TGGGGCCGTTTGCGGCCGCA,0,4315415
yadI_predicted,0.09090909090909091,10,10,TGGGCATATACACAGAGATA,0,4320798
yadI_predicted,0.09090909090909091,10,10,TGGGACATTGATTTACTGGG,0,4307511
yadI_predicted,0.09090909090909091,10,10,TGGCTGACCTTCAGTGGCTC,0,4362293
yadI_predicted,0.09090909090909091,10,10,TGGCTCTAGCATGGGCATGA,0,4322492
yadI_predicted,0.09090909090909091,10,10,TGGCTAGAGTTCGTTGTATC,0,4313420
yadI_predicted,0.09090909090909091,10,10,TGGCGCCTTCAATTCCTTCT,0,4358269
yadI_predicted,0.09090909090909091,10,10,TGGCCTTCTCCGGACTAAAG,0,4353246
yadI_predicted,0.09090909090909091,10,10,TGGCCGGAATTTTCCATCCT,0,4317657
yadI_predicted,0.09090909090909091,10,10,TGGCCAGCAATTATCCACTT,0,4362245
yadI_predicted,0.09090909090909091,10,10,TGGCACGGAATAAGACCCTC,0,4311650
yadI_predicted,0.09090909090909091,10,10,TGGAGAGATTTCGCGGCGGT,0,4366097
yadI_predicted,0.09090909090909091,10,10,TGGACGGTTTATTACCCCGT,0,4342469
yadI_predicted,0.09090909090909091,10,10,TGGACCGGGCCTGCATTTCC,0,4359479
yadI_predicted,0.09090909090909091,10,10,TGGAACTCTACGCTAACCAG,0,4335732
yadI_predicted,0.09090909090909091,10,10,TGCTTGGTCTCAGCTCTTCT,0,4331486
yadI_predicted,0.09090909090909091,10,10,TGCTTAAGAATATTGAATCA,0,4333862
yadI_predicted,0.09090909090909091,10,10,TGCTAACTACAAGAGATTGA,0,4364693
yadI_predicted,0.09090909090909091,10,10,TGCGTGACGGCCGTCTTCGT,0,4359650
yadI_predicted,0.09090909090909091,10,10,TGCGTCAGGGCGCTGTCGGG,0,4290274
yadI_predicted,0.09090909090909091,10,10,TGCGTACTAGGTTGCCACAC,0,4286301
yadI_predicted,0.09090909090909091,10,10,TGCGCAGAGTGTAAACCGAT,0,4341011
yadI_predicted,0.09090909090909091,10,10,TGCGATTTCACCTGTTTCTA,0,4302043
yadI_predicted,0.09090909090909091,10,10,TGCCGCATAGCGGTATTCTG,0,4285386
yadI_predicted,0.09090909090909091,10,10,TGCCCTTCGAACAAACGTGT,0,4289390
yadI_predicted,0.09090909090909091,10,10,TGCCCGTGTCTAAGAACTCA,0,4341237
yadI_predicted,0.09090909090909091,10,10,TGCCCCGCTGTCAGACCCGA,0,4300069
yadI_predicted,0.09090909090909091,10,10,TGCCCCACGCCCCAAGACAG,0,4288867
yadI_predicted,0.09090909090909091,10,10,TGCAATTTTAAGATCGGGCA,0,4338579
yadI_predicted,0.09090909090909091,10,10,TGCAATCATTATGATATCCG,0,4357747
yadI_predicted,0.09090909090909091,10,10,TGCAAGGATGCTGTACCCCA,0,4318907
yadI_predicted,0.09090909090909091,10,10,TGCAAGAAGACGCGTACGTA,0,4364992
yadI_predicted,0.09090909090909091,10,10,TGATTCGTGCAGAAGCCTTA,0,4369517
yadI_predicted,0.09090909090909091,10,10,TGATGGGGACTGGGAAACGC,0,4359915
yadI_predicted,0.09090909090909091,10,10,TGATGCTCAGACAATTACGA,0,4345125
yadI_predicted,0.09090909090909091,10,10,TGATGCATTTCGGACTCTAA,0,4361490
yadI_predicted,0.09090909090909091,10,10,TGAGTCGGGGCTAATCACGC,0,4310095
yadI_predicted,0.09090909090909091,10,10,TGAGTCACGGTTGAGCCCAA,0,4322273
yadI_predicted,0.09090909090909091,10,10,TGAGTAATGTAATTGTATGT,0,4343100
yadI_predicted,0.09090909090909091,10,10,TGAGCGGCGCATAGGGAGTT,0,4301621
yadI_predicted,0.09090909090909091,10,10,TGAGCCAGCGAAGCTTTACA,0,4327723
yadI_predicted,0.09090909090909091,10,10,TGACTTTCCAATGGCTGACA,0,4359887
yadI_predicted,0.09090909090909091,10,10,TGACTATATGACAGATACAG,0,4291700
yadI_predicted,0.09090909090909091,10,10,TGAAGGCCGCCTACCCAGCG,0,4350217
yadI_predicted,0.09090909090909091,10,10,TGAACCAGGTTCCAGCCTAC,0,4358879
yadI_predicted,0.09090909090909091,10,10,TGAAAGTCTCTGGGGCACTT,0,4336539
yadI_predicted,0.09090909090909091,10,10,TGAAAGAGCTTGGGTTTTGC,0,4305501
yadI_predicted,0.09090909090909091,10,10,TCTTGTAGGACGCGTCACGA,0,4330824
yadI_predicted,0.09090909090909091,10,10,TCTTCGTGTATCGCTGGGTC,0,4301921
yadI_predicted,0.09090909090909091,10,10,TCTGTTCGTCGAGTCCTGTC,0,4358171
yadI_predicted,0.09090909090909091,10,10,TCTGAATAGCGTTTTGTGTA,0,4369925
yadI_predicted,0.09090909090909091,10,10,TCTGAAGCGACTCATCCTGT,0,4361315
yadI_predicted,0.09090909090909091,10,10,TCTCACAGCAGTCCCTTATT,0,4337698
yadI_predicted,0.09090909090909091,10,10,TCTAGTTCGTCTGAAGCAGC,0,4330320
yadI_predicted,0.09090909090909091,10,10,TCGTTGATCTATGAGGGGTG,0,4313792
yadI_predicted,0.09090909090909091,10,10,TCGTCCAAGACTGTAGCTTA,0,4328912
yadI_predicted,0.09090909090909091,10,10,TCGTAGCCGGTAAAAGGTCC,0,4307664
yadI_predicted,0.09090909090909091,10,10,TCGGTCTAGGTACGGCGCGC,0,4369330
yadI_predicted,0.09090909090909091,10,10,TCGGCTCCCAAACTAAAAGA,0,4327870
yadI_predicted,0.09090909090909091,10,10,TCGGCGTTTGCTTGTCCCAG,0,4355885
yadI_predicted,0.09090909090909091,10,10,TCGGCATGATTAGCCTAGTG,0,4361083
yadI_predicted,0.09090909090909091,10,10,TCGCTTAAGGTTGTCCGGTG,0,4351713
yadI_predicted,0.09090909090909091,10,10,TCGCTGCGTCCTCTCGTTAC,0,4353467
yadI_predicted,0.09090909090909091,10,10,TCGCTGACGGTTTTACCCGA,0,4326695
yadI_predicted,0.09090909090909091,10,10,TCGCGGTCAGACGGATAACT,0,4299127
yadI_predicted,0.09090909090909091,10,10,TCGCGAGCATACGCTGTGTA,0,4343629
yadI_predicted,0.09090909090909091,10,10,TCGCCTCCGAATGTTTTAGG,0,4290468
yadI_predicted,0.09090909090909091,10,10,TCGATTGGAGCACGAGGCAT,0,4291274
yadI_predicted,0.09090909090909091,10,10,TCGAGATGCAGAGTGGAAAG,0,4368519
yadI_predicted,0.09090909090909091,10,10,TCGAGAGGTCAACAATAAAT,0,4286464
yadI_predicted,0.09090909090909091,10,10,TCGAAATGTGCCGATGGTCC,0,4297609
yadI_predicted,0.09090909090909091,10,10,TCCTTTGCACCACGTGTCAC,0,4326017
yadI_predicted,0.09090909090909091,10,10,TCCTCGGAATCCAGTTAGGA,0,4336445
yadI_predicted,0.09090909090909091,10,10,TCCTCCGTAAAGGGAGGACG,0,4349763
yadI_predicted,0.09090909090909091,10,10,TCCTAGCGCAGGACTTCATG,0,4313739
yadI_predicted,0.09090909090909091,10,10,TCCGGTATCTTCTTAGTTGT,0,4345953
yadI_predicted,0.09090909090909091,10,10,TCCGGGCAGTACACAGAGAT,0,4293195
yadI_predicted,0.09090909090909091,10,10,TCCGCTATAACATAATGTAA,0,4292239
yadI_predicted,0.09090909090909091,10,10,TCCGCTAACGGCGCGTGAAG,0,4286954
yadI_predicted,0.09090909090909091,10,10,TCCGCGTATATGAATTAGTC,0,4357122
yadI_predicted,0.09090909090909091,10,10,TCCCGTCGTTGGATGCTTAG,0,4366950
yadI_predicted,0.09090909090909091,10,10,TCCCAGGACGATACTCGACC,0,4342039
yadI_predicted,0.09090909090909091,10,10,TCCCAAAGAATTGAGTAGGC,0,4348497
yadI_predicted,0.09090909090909091,10,10,TCCACACAAGTTAGTTAGAT,0,4305663
yadI_predicted,0.09090909090909091,10,10,TCCAAATCGCAGGCAGGGGG,0,4318793
yadI_predicted,0.09090909090909091,10,10,TCATTCAGAAGGTACATGTC,0,4295687
yadI_predicted,0.09090909090909091,10,10,TCATTAGAGATGTGGCTCGT,0,4339362
yadI_predicted,0.09090909090909091,10,10,TCATGTGCCTGCTCGCAGAC,0,4356491
yadI_predicted,0.09090909090909091,10,10,TCATCTAGTGTGCCCATATG,0,4295304
yadI_predicted,0.09090909090909091,10,10,TCATCCCTGGGGGGTGATTA,0,4316305
yadI_predicted,0.09090909090909091,10,10,TCATAACCCAGTGTGGTCCG,0,4291103
yadI_predicted,0.09090909090909091,10,10,TCAGTTTGGATTCAACTCGG,0,4314602
yadI_predicted,0.09090909090909091,10,10,TCAGTGGGAGCGGTAGTATG,0,4350199
yadI_predicted,0.09090909090909091,10,10,TCAGTGCTCAATGATGATCA,0,4300147
yadI_predicted,0.09090909090909091,10,10,TCAGCCCAGTACGCCCACAT,0,4355756
yadI_predicted,0.09090909090909091,10,10,TCAGACGCCTCGGGTCGGTC,0,4361714
yadI_predicted,0.09090909090909091,10,10,TCACGTAGTATCGGACGAAG,0,4337333
yadI_predicted,0.09090909090909091,10,10,TCACGGTCCAATCCGGGCCA,0,4314831
yadI_predicted,0.09090909090909091,10,10,TCAATTGCGGATTAGGTCTT,0,4293487
yadI_predicted,0.09090909090909091,10,10,TCAATTCTGCCAGGGGGCGT,0,4364237
yadI_predicted,0.09090909090909091,10,10,TCAATTCGGGACGGAGTCCA,0,4363803
yadI_predicted,0.09090909090909091,10,10,TCAAGCCGCCGTATATTTAA,0,4306554
yadI_predicted,0.09090909090909091,10,10,TATTTCGCACGTGGCAATCA,0,4300859
yadI_predicted,0.09090909090909091,10,10,TATTCAGAGACTGTAAGGGT,0,4344817
yadI_predicted,0.09090909090909091,10,10,TATTCAATGGGCATCATTCA,0,4369776
yadI_predicted,0.09090909090909091,10,10,TATTAACGCGCAACTTGTAA,0,4333877
yadI_predicted,0.09090909090909091,10,10,TATGGCGAGCCTTTAATTCC,0,4296460
yadI_predicted,0.09090909090909091,10,10,TATGCGGGTGAAATTTGGTG,0,4351955
yadI_predicted,0.09090909090909091,10,10,TATGAGACGAAGACTTTTGC,0,4352503
yadI_predicted,0.09090909090909091,10,10,TATCTTCCCGGATCCGTTAC,0,4314922
yadI_predicted,0.09090909090909091,10,10,TATCTCGGGAGAAGCGCGGC,0,4324701
yadI_predicted,0.09090909090909091,10,10,TATCGGCACCCGCGGAAAGC,0,4325581
yadI_predicted,0.09090909090909091,10,10,TATCGGATTCTACTGTGTGG,0,4342812
yadI_predicted,0.09090909090909091,10,10,TATCCGGTGACGGAGGGCGG,0,4286359
yadI_predicted,0.09090909090909091,10,10,TATCCCAATAATAGCATTAA,0,4336979
yadI_predicted,0.09090909090909091,10,10,TATCAGGGTGCTAGTCCACT,0,4320436
yadI_predicted,0.09090909090909091,10,10,TATATTTCTGATAATTGTGG,0,4326822
yadI_predicted,0.09090909090909091,10,10,TATATAAAAAATTCGATGTG,0,4347013
yadI_predicted,0.09090909090909091,10,10,TATAGAGGTTATCTGGTTAA,0,4326630
yadI_predicted,0.09090909090909091,10,10,TAGTGGTTTGCAGGGAGGAA,0,4343077
yadI_predicted,0.09090909090909091,10,10,TAGGTCCGAACGTTATTTGA,0,4360680
yadI_predicted,0.09090909090909091,10,10,TAGGCGCTACGCACGACGCA,0,4325772
yadI_predicted,0.09090909090909091,10,10,TAGGAACAATTCTGAAGCCC,0,4309248
yadI_predicted,0.09090909090909091,10,10,TAGCGCCTAATCTCCCTTTG,0,4363667
yadI_predicted,0.09090909090909091,10,10,TAGCCGCTGAGATAACCTGG,0,4321051
yadI_predicted,0.09090909090909091,10,10,TAGCAAGCACGGGAGGCAGG,0,4349512
yadI_predicted,0.09090909090909091,10,10,TAGATCGCCACTGTGCTCAG,0,4303464
yadI_predicted,0.09090909090909091,10,10,TAGACTTGAGGGGGAACATT,0,4346638
yadI_predicted,0.09090909090909091,10,10,TAGAAACATATTTTGGGGCG,0,4347217
yadI_predicted,0.09090909090909091,10,10,TACTTCGACTCATCAAACGG,0,4362559
yadI_predicted,0.09090909090909091,10,10,TACTCCTATCTTATGGAGCA,0,4319168
yadI_predicted,0.09090909090909091,10,10,TACTCATACAATTATCAGGT,0,4297364
yadI_predicted,0.09090909090909091,10,10,TACGTGATCGTGGGCTACAA,0,4335547
yadI_predicted,0.09090909090909091,10,10,TACGTAGATACCAGCATGTA,0,4335204
yadI_predicted,0.09090909090909091,10,10,TACCTTTACCAGGCCACTAC,0,4300773
yadI_predicted,0.09090909090909091,10,10,TACCCGTCAGGATCGACTAC,0,4367430
yadI_predicted,0.09090909090909091,10,10,TACCAGACTATCACCTCGCC,0,4317713
yadI_predicted,0.09090909090909091,10,10,TACCACAGCTTGCTCACCTG,0,4350708
yadI_predicted,0.09090909090909091,10,10,TACCAATGCCTTTTGAACAA,0,4350022
yadI_predicted,0.09090909090909091,10,10,TACAGGTATGTGGTGCTAGA,0,4347873
yadI_predicted,0.09090909090909091,10,10,TAATTTTAAGCGTTGGTGTA,0,4319330
yadI_predicted,0.09090909090909091,10,10,TAATTGAGTGAGCGGGTCAA,0,4289970
yadI_predicted,0.09090909090909091,10,10,TAATTCTTCAGCGTATTTGG,0,4350754
yadI_predicted,0.09090909090909091,10,10,TAATGGCGTTCAATACCAGT,0,4291594
yadI_predicted,0.09090909090909091,10,10,TAATGGAAAATATTTGCGCC,0,4349575
yadI_predicted,0.09090909090909091,10,10,TAATAGGGCTGCGAGGAGTA,0,4364100
yadI_predicted,0.09090909090909091,10,10,TAAGTTGCGTCCTATTTAGG,0,4364687
yadI_predicted,0.09090909090909091,10,10,TAAGGGGTAGCCGATGTCCC,0,4364472
yadI_predicted,0.09090909090909091,10,10,TAAGAGTGCCAACGCCCCTT,0,4367375
yadI_predicted,0.09090909090909091,10,10,TAACAGTTCCGGACATAAGC,0,4304219
yadI_predicted,0.09090909090909091,10,10,TAAATTAACCCCAGGCTTTC,0,4354335
yadI_predicted,0.09090909090909091,10,10,TAAAGGTTCGCTCCAGTACA,0,4349709
yadI_predicted,0.09090909090909091,10,10,TAAAGACGCATAATTAGTCT,0,4355448
yadI_predicted,0.09090909090909091,10,10,TAAAAGTGCGAGGTGTAGCA,0,4362921
yadI_predicted,0.09090909090909091,10,10,GTTTTGTGGGGTATGCGTCG,0,4335163
yadI_predicted,0.09090909090909091,10,10,GTTTGCCGCTGTTCGGTCAA,0,4297277
yadI_predicted,0.09090909090909091,10,10,GTTTGACGTGTCGTCCTCAC,0,4346585
yadI_predicted,0.09090909090909091,10,10,GTTTCTAGACCATTGACCTG,0,4366830
yadI_predicted,0.09090909090909091,10,10,GTTTCCTCGCGGCTTTCCTC,0,4356642
yadI_predicted,0.09090909090909091,10,10,GTTGTGTATCGGGAACCATT,0,4351169
yadI_predicted,0.09090909090909091,10,10,GTTATCTACAACATACTAAG,0,4341622
yadI_predicted,0.09090909090909091,10,10,GTTAGTCTACGCGCAATGTT,0,4360447
yadI_predicted,0.09090909090909091,10,10,GTTAGGTGCGCGATCGGAAA,0,4366027
yadI_predicted,0.09090909090909091,10,10,GTTAGCATCGCGACGATGTA,0,4348216
yadI_predicted,0.09090909090909091,10,10,GTTACTTAACTCGTGGGGAC,0,4358553
yadI_predicted,0.09090909090909091,10,10,GTTACGGTAGCGTTGGCGCA,0,4285584
yadI_predicted,0.09090909090909091,10,10,GTGTGCACGTCTGTGAGCGG,0,4293995
yadI_predicted,0.09090909090909091,10,10,GTGGCTCGACATAAGTTATA,0,4343476
yadI_predicted,0.09090909090909091,10,10,GTGGACGCTCGGCGGTATAT,0,4343024
yadI_predicted,0.09090909090909091,10,10,GTGGAAGGCATGACTTATCG,0,4326833
yadI_predicted,0.09090909090909091,10,10,GTGCGCGTACGCGTAACGTG,0,4359136
yadI_predicted,0.09090909090909091,10,10,GTGCGCGTACCTATCGCACG,0,4362918
yadI_predicted,0.09090909090909091,10,10,GTGACCAGCCTGCGGCCGCT,0,4352821
yadI_predicted,0.09090909090909091,10,10,GTCTTAAACAAAGACGTTTT,0,4317389
yadI_predicted,0.09090909090909091,10,10,GTCTGCAGGACCTAGGTCAG,0,4349316
yadI_predicted,0.09090909090909091,10,10,GTCTGATTTTTAATTTTAAG,0,4318255
yadI_predicted,0.09090909090909091,10,10,GTCTCTTTGGGCGTTAGGTA,0,4311862
yadI_predicted,0.09090909090909091,10,10,GTCTCGGAAGAGACTTGTCC,0,4327448
yadI_predicted,0.09090909090909091,10,10,GTCTCAGAGCTAGATGACGT,0,4364396
yadI_predicted,0.09090909090909091,10,10,GTCGTATGCATCCTAGCCAC,0,4357374
yadI_predicted,0.09090909090909091,10,10,GTCGGCGTGCAGGGCGGCTT,0,4300577
yadI_predicted,0.09090909090909091,10,10,GTCGGAGATTCTGGATCAGT,0,4354511
yadI_predicted,0.09090909090909091,10,10,GTCGCGCCGCCAGCCGATTC,0,4334290
yadI_predicted,0.09090909090909091,10,10,GTCGCCGCTCGGCCGCTACA,0,4321692
yadI_predicted,0.09090909090909091,10,10,GTCGCACGCGCCTTAGGGGT,0,4336821
yadI_predicted,0.09090909090909091,10,10,GTCGCAATAGCCTCGATATC,0,4339483
yadI_predicted,0.09090909090909091,10,10,GTCCAAGTGACCCCCTCGCC,0,4297798
yadI_predicted,0.09090909090909091,10,10,GTCCAAAGAAGTCCATGAAG,0,4343454
yadI_predicted,0.09090909090909091,10,10,GTCATAAGACCCCCATCCTT,0,4290924
yadI_predicted,0.09090909090909091,10,10,GTCAGCGCAGATCTGCAGAG,0,4317373
yadI_predicted,0.09090909090909091,10,10,GTCAATTTGCTCCAGTTTAC,0,4323871
yadI_predicted,0.09090909090909091,10,10,GTCAAGTACGAATTTCTACA,0,4366246
yadI_predicted,0.09090909090909091,10,10,GTATTTTAATGCCTCGAAGG,0,4349046
yadI_predicted,0.09090909090909091,10,10,GTATTAGTAGGCTAGCTCTT,0,4299172
yadI_predicted,0.09090909090909091,10,10,GTATGGTCCTCGCCATAACG,0,4325407
yadI_predicted,0.09090909090909091,10,10,GTATGAAGTCTCATACCTTC,0,4367774
yadI_predicted,0.09090909090909091,10,10,GTATCGACTGTCCCCGGTGG,0,4366572
yadI_predicted,0.09090909090909091,10,10,GTAGGGTTCCCTCTAACATA,0,4328573
yadI_predicted,0.09090909090909091,10,10,GTAGGAGCTGCTAGTATTTC,0,4304239
yadI_predicted,0.09090909090909091,10,10,GTAGCCGGATGTCCGAGTGG,0,4359828
yadI_predicted,0.09090909090909091,10,10,GTACGTCAGTTACGTCTTAT,0,4285197
yadI_predicted,0.09090909090909091,10,10,GTACGGGCGTGAAACTGTGT,0,4337199
yadI_predicted,0.09090909090909091,10,10,GTACGGCTACTACAACTTTG,0,4327062
yadI_predicted,0.09090909090909091,10,10,GTACGCTTAACCTGGCCGTT,0,4343759
yadI_predicted,0.09090909090909091,10,10,GTACGACATCAAGACAAGGT,0,4330297
yadI_predicted,0.09090909090909091,10,10,GTACATGTCTGGAACAAGCC,0,4336537
yadI_predicted,0.09090909090909091,10,10,GTACAGGTAATCGTTAGTTC,0,4301055
yadI_predicted,0.09090909090909091,10,10,GTACACTCCACGTAACGACT,0,4315031
yadI_predicted,0.09090909090909091,10,10,GTACACCTACTGGGTGGTGA,0,4288202
yadI_predicted,0.09090909090909091,10,10,GTAATATTGCCTTACCGGAT,0,4320328
yadI_predicted,0.09090909090909091,10,10,GTAAGACACTACAGGAAACA,0,4328450
yadI_predicted,0.09090909090909091,10,10,GTAACGAAGGCTGGACTCAA,0,4368401
yadI_predicted,0.09090909090909091,10,10,GTAAAGTCATAAAGTGGCTG,0,4366679
yadI_predicted,0.09090909090909091,10,10,GGTTGGCGAGAAATCTCCAC,0,4325011
yadI_predicted,0.09090909090909091,10,10,GGTTGGAATAATGTCCCTAT,0,4299044
yadI_predicted,0.09090909090909091,10,10,GGTTGCACTTATGGCCTGTG,0,4300836
yadI_predicted,0.09090909090909091,10,10,GGTTCGTCTTGATGTCAGCA,0,4290021
yadI_predicted,0.09090909090909091,10,10,GGTTCCCTTTGGGTGCATAC,0,4332199
yadI_predicted,0.09090909090909091,10,10,GGTTATACTGCTAAACCTGC,0,4351022
yadI_predicted,0.09090909090909091,10,10,GGTTAGGTCACATCCCCGAG,0,4287201
yadI_predicted,0.09090909090909091,10,10,GGTGTTGTCCTAAGGGTAAA,0,4313975
yadI_predicted,0.09090909090909091,10,10,GGTGTGGTCTCCGGCTGAAA,0,4293970
yadI_predicted,0.09090909090909091,10,10,GGTGGAAGCCCTAATATGTA,0,4336686
yadI_predicted,0.09090909090909091,10,10,GGTGCGTCTTAGCGGAGGGG,0,4348443
yadI_predicted,0.09090909090909091,10,10,GGTGAATATATGTGTCGAAT,0,4352824
yadI_predicted,0.09090909090909091,10,10,GGTCTAGTGTCATACCAGAT,0,4285302
yadI_predicted,0.09090909090909091,10,10,GGTCGGGTTTCAAGGTCGGT,0,4307520
yadI_predicted,0.09090909090909091,10,10,GGTCGATAGTGAGGTGTTGT,0,4334001
yadI_predicted,0.09090909090909091,10,10,GGTCATCCCAAACGACTGCT,0,4359463
yadI_predicted,0.09090909090909091,10,10,GGTCATAGTAAAGTTGCTGA,0,4306676
yadI_predicted,0.09090909090909091,10,10,GGTCAGTGTCTCGCCGACTA,0,4348509
yadI_predicted,0.09090909090909091,10,10,GGTATGCTTATAGACGGGAG,0,4299174
yadI_predicted,0.09090909090909091,10,10,GGTATGCGGTCAAACATAGG,0,4337795
yadI_predicted,0.09090909090909091,10,10,GGTAGGTTGGGATAACGACG,0,4295439
yadI_predicted,0.09090909090909091,10,10,GGTAGCTGGCGTTACTCATT,0,4315972
yadI_predicted,0.09090909090909091,10,10,GGGTTGAGCCATGGGCGAAA,0,4346427
yadI_predicted,0.09090909090909091,10,10,GGGTTCGCGGGAACCTCTTA,0,4323065
yadI_predicted,0.09090909090909091,10,10,GGGTTAGTCAGAGGCACACT,0,4337915
yadI_predicted,0.09090909090909091,10,10,GGGTGGCCTGAACAGTAATA,0,4323379
yadI_predicted,0.09090909090909091,10,10,GGGTCTTTCAAGGGGGCTAA,0,4290095
yadI_predicted,0.09090909090909091,10,10,GGGTCCCCTTAGCCTCAGGA,0,4287547
yadI_predicted,0.09090909090909091,10,10,GGGTAGGAGGTTAGGATTAT,0,4340242
yadI_predicted,0.09090909090909091,10,10,GGGGTTAGTCCGTTTCGGCC,0,4317076
yadI_predicted,0.09090909090909091,10,10,GGGGGCTGCGAAAAACCCGT,0,4326194
yadI_predicted,0.09090909090909091,10,10,GGGGCATAATAAAAGCCCCC,0,4337611
yadI_predicted,0.09090909090909091,10,10,GGGGATAATTTGATCTGCCT,0,4336708
yadI_predicted,0.09090909090909091,10,10,GGGGACGAAGGACATTTGCT,0,4331146
yadI_predicted,0.09090909090909091,10,10,GGGCTTGCGTTGGTGCCAGC,0,4312876
yadI_predicted,0.09090909090909091,10,10,GGGCTAGTATTGAGTAATCA,0,4354675
yadI_predicted,0.09090909090909091,10,10,GGGCTACAGCCACGACAACC,0,4362879
yadI_predicted,0.09090909090909091,10,10,GGGCCGTTTAGTCGGGGTGA,0,4337043
yadI_predicted,0.09090909090909091,10,10,GGGCCGATAGTAACAAGTCG,0,4302119
yadI_predicted,0.09090909090909091,10,10,GGGCAGGTTAGTACTTAGAT,0,4340891
yadI_predicted,0.09090909090909091,10,10,GGGATACATCACGCCTTGAG,0,4334895
yadI_predicted,0.09090909090909091,10,10,GGGAGGACACAAGTACAGTG,0,4358926
yadI_predicted,0.09090909090909091,10,10,GGCTTTGGAATAGGTCGTCT,0,4342745
yadI_predicted,0.09090909090909091,10,10,GGCTTCAGCGAAATCTCCTA,0,4301911
yadI_predicted,0.09090909090909091,10,10,GGCTGATGGTCAATTCCGGA,0,4287035
yadI_predicted,0.09090909090909091,10,10,GGCTAGAGAACTTTGACCGT,0,4351476
yadI_predicted,0.09090909090909091,10,10,GGCGTGTGCGACATGCGGAA,0,4356175
yadI_predicted,0.09090909090909091,10,10,GGCGCCGGGAGCCCGCGATA,0,4327788
yadI_predicted,0.09090909090909091,10,10,GGCGAGTTACCGCGGGGAAA,0,4367464
yadI_predicted,0.09090909090909091,10,10,GGCCAGGTGCTATTTTTCTG,0,4331567
yadI_predicted,0.09090909090909091,10,10,GGCATTTCGTTAGGTTTTTA,0,4294457
yadI_predicted,0.09090909090909091,10,10,GGCATAGACAGGTGCCGGGA,0,4332850
yadI_predicted,0.09090909090909091,10,10,GGCAGTCTGCGTGTAGGGGA,0,4368766
yadI_predicted,0.09090909090909091,10,10,GGCACCGGGATGATTCACAT,0,4314179
yadI_predicted,0.09090909090909091,10,10,GGCACATCCTTGACCCGTCC,0,4296911
yadI_predicted,0.09090909090909091,10,10,GGATTGCCTCAATTAGGGTA,0,4353468
yadI_predicted,0.09090909090909091,10,10,GGATTGCACGCAAAGGGCAG,0,4338254
yadI_predicted,0.09090909090909091,10,10,GGATTCGGAGCGTCAGATTG,0,4354081
yadI_predicted,0.09090909090909091,10,10,GGATTCCTGCTGGGAGTGAT,0,4344283
yadI_predicted,0.09090909090909091,10,10,GGATGGTCAACTTGTGAAAG,0,4299926
yadI_predicted,0.09090909090909091,10,10,GGATAGGCTAGAACGATTTG,0,4360003
yadI_predicted,0.09090909090909091,10,10,GGATACTCCAGTCGGGGGAG,0,4340114
yadI_predicted,0.09090909090909091,10,10,GGATAAAAGAAAGTCCGTGA,0,4358161
yadI_predicted,0.09090909090909091,10,10,GGAGTGAAACCCGATGAAAC,0,4301939
yadI_predicted,0.09090909090909091,10,10,GGAGCGAGTCACACGTCAAA,0,4367611
yadI_predicted,0.09090909090909091,10,10,GGACATGATGACCCTACAAG,0,4293983
yadI_predicted,0.09090909090909091,10,10,GGAACCACTCAAGGTCATGG,0,4319937
yadI_predicted,0.09090909090909091,10,10,GGAACCACCAGGGTACATCC,0,4318421
yadI_predicted,0.09090909090909091,10,10,GGAACAGAATACGGCAAAAT,0,4299554
yadI_predicted,0.09090909090909091,10,10,GCTTTCCTGGGGGTCCTCCC,0,4334096
yadI_predicted,0.09090909090909091,10,10,GCTTATGGAACGCATTGTAT,0,4355047
yadI_predicted,0.09090909090909091,10,10,GCTGTCCTTTTCGGTTTTTA,0,4360417
yadI_predicted,0.09090909090909091,10,10,GCTGCGCGACCAGAGTTTCA,0,4339931
yadI_predicted,0.09090909090909091,10,10,GCTCCTTTGGCTCCGCTTTC,0,4350871
yadI_predicted,0.09090909090909091,10,10,GCTCCTGCGCGACTCCCAGA,0,4322275
yadI_predicted,0.09090909090909091,10,10,GCTCCGGATGCCGCACCTTG,0,4311029
yadI_predicted,0.09090909090909091,10,10,GCTCCATGGTTACACCGAAT,0,4333972
yadI_predicted,0.09090909090909091,10,10,GCTCAGGTTTTCACCAGATG,0,4325019
yadI_predicted,0.09090909090909091,10,10,GCTCAGAACATGCCCCTCCG,0,4330164
yadI_predicted,0.09090909090909091,10,10,GCTCACCATAACCCTACCTT,0,4369918
yadI_predicted,0.09090909090909091,10,10,GCTATATGAGGCAAATGGGT,0,4286250
yadI_predicted,0.09090909090909091,10,10,GCTAGTAATATTCAGTTCTG,0,4330679
yadI_predicted,0.09090909090909091,10,10,GCTACTAGCCGTCTGCAGTT,0,4315083
yadI_predicted,0.09090909090909091,10,10,GCGGCTGTATGGCAAACCCA,0,4334055
yadI_predicted,0.09090909090909091,10,10,GCGGCGCCGTCCCTAGGGGA,0,4351490
yadI_predicted,0.09090909090909091,10,10,GCGCTGGGTCTATAGATAAA,0,4348331
yadI_predicted,0.09090909090909091,10,10,GCGCTAGAACAGGGACGGGT,0,4331827
yadI_predicted,0.09090909090909091,10,10,GCGCTACGATTAGTCGAGTT,0,4303175
yadI_predicted,0.09090909090909091,10,10,GCGCCTATCACCTCTCTACG,0,4314557
yadI_predicted,0.09090909090909091,10,10,GCGCAGTGTTCCATGGATCT,0,4343218
yadI_predicted,0.09090909090909091,10,10,GCGAGTTTATCGATTATCGT,0,4287945
yadI_predicted,0.09090909090909091,10,10,GCGAAGTGGATACTGAAAGG,0,4310694
yadI_predicted,0.09090909090909091,10,10,GCCTGGAGTACCGTTGTTAT,0,4299175
yadI_predicted,0.09090909090909091,10,10,GCCTGATCTTTACGTGACTA,0,4320273
yadI_predicted,0.09090909090909091,10,10,GCCTCATTAGTGTGCGTTGA,0,4369108
yadI_predicted,0.09090909090909091,10,10,GCCTCATAACGTCGTTATAG,0,4313373
yadI_predicted,0.09090909090909091,10,10,GCCTATAAGGCATTGCTTAA,0,4284701
yadI_predicted,0.09090909090909091,10,10,GCCGTGAGGCTTTGGAGCAT,0,4339687
yadI_predicted,0.09090909090909091,10,10,GCCGCTTCCGCACAAACCTA,0,4334904
yadI_predicted,0.09090909090909091,10,10,GCCGCTGATCAAGCACAACA,0,4331974
yadI_predicted,0.09090909090909091,10,10,GCCCGGCTAAGGGTAACCCC,0,4292154
yadI_predicted,0.09090909090909091,10,10,GCCCCTACAGCTCTGTTGAT,0,4335479
yadI_predicted,0.09090909090909091,10,10,GCCCCGGGCGCGGCTATCGA,0,4337453
yadI_predicted,0.09090909090909091,10,10,GCCATCGCGGGATCTATTGC,0,4351158
yadI_predicted,0.09090909090909091,10,10,GCATGTAGTCCTTAGAGCAA,0,4309250
yadI_predicted,0.09090909090909091,10,10,GCATGGCGAAGGCTGTCTCA,0,4305215
yadI_predicted,0.09090909090909091,10,10,GCATATAGCGAGCCGTTAAA,0,4323097
yadI_predicted,0.09090909090909091,10,10,GCAGGGGCACAACGGCACCC,0,4297630
yadI_predicted,0.09090909090909091,10,10,GCAGAACATGCTCTATGGAT,0,4319753
yadI_predicted,0.09090909090909091,10,10,GCACTAATTGTCGATATTAC,0,4331354
yadI_predicted,0.09090909090909091,10,10,GCACACGGGCCGGTTCCGGT,0,4330663
yadI_predicted,0.09090909090909091,10,10,GCACAATGGCCACGCATATA,0,4357083
yadI_predicted,0.09090909090909091,10,10,GCAAGTTTGATGGCCTCCAA,0,4347076
yadI_predicted,0.09090909090909091,10,10,GCAAGGCGTTAAACACTTAG,0,4364927
yadI_predicted,0.09090909090909091,10,10,GCAAATGCAAAGAGGCCCTA,0,4303957
yadI_predicted,0.09090909090909091,10,10,GCAAACCCAGATTCAATTTT,0,4355654
yadI_predicted,0.09090909090909091,10,10,GATTTTGAAGCGACCAGATG,0,4284716
yadI_predicted,0.09090909090909091,10,10,GATTTGTCGGAACTGGATAC,0,4350196
yadI_predicted,0.09090909090909091,10,10,GATTGTTGTAGCTAAGCAAT,0,4299664
yadI_predicted,0.09090909090909091,10,10,GATTGGTAACCTATTTGATA,0,4354693
yadI_predicted,0.09090909090909091,10,10,GATTGGAGCACCCCTATTTA,0,4343535
yadI_predicted,0.09090909090909091,10,10,GATTCCGAGGTAAAGCCATT,0,4350368
yadI_predicted,0.09090909090909091,10,10,GATTCCAGTGAACGTTTGCG,0,4316311
yadI_predicted,0.09090909090909091,10,10,GATGTCGCGTTTGAGCATAC,0,4360608
yadI_predicted,0.09090909090909091,10,10,GATGGCGAAGAGCGCTGGGA,0,4289600
yadI_predicted,0.09090909090909091,10,10,GATGGAAGAACATGGGTCCA,0,4301604
yadI_predicted,0.09090909090909091,10,10,GATGCCGCAGCGCTCCGGCT,0,4310419
yadI_predicted,0.09090909090909091,10,10,GATGCCAGTCTAACATTTGC,0,4302045
yadI_predicted,0.09090909090909091,10,10,GATGCATGGGGCGTTCGCGA,0,4346317
yadI_predicted,0.09090909090909091,10,10,GATGCAAAAACTCACAGTGC,0,4302552
yadI_predicted,0.09090909090909091,10,10,GATGACATTCCTGACGGGGG,0,4295022
yadI_predicted,0.09090909090909091,10,10,GATCTCCTACGCGACAGGGA,0,4358054
yadI_predicted,0.09090909090909091,10,10,GATCGTATTAGGGTGTACTG,0,4332031
yadI_predicted,0.09090909090909091,10,10,GATCCGCAGCGGAATTTCTG,0,4319131
yadI_predicted,0.09090909090909091,10,10,GATCATAGGCACCTATGTGG,0,4341670
yadI_predicted,0.09090909090909091,10,10,GATCAGTGCGGCTGTACAGA,0,4357441
yadI_predicted,0.09090909090909091,10,10,GATACAGTAGAGGTCAAGTC,0,4294518
yadI_predicted,0.09090909090909091,10,10,GATACACCAGTCCGCTGGGA,0,4339188
yadI_predicted,0.09090909090909091,10,10,GATAATAATAAATATGCGTA,0,4311422
yadI_predicted,0.09090909090909091,10,10,GATAAGCGAGCTGGTTTAAA,0,4302103
yadI_predicted,0.09090909090909091,10,10,GAGTTTATATTGGCCAGAGA,0,4362216
yadI_predicted,0.09090909090909091,10,10,GAGTCAGGTATTAAGTATTC,0,4365658
yadI_predicted,0.09090909090909091,10,10,GAGTATTAGCATAACCTCCA,0,4342240
yadI_predicted,0.09090909090909091,10,10,GAGTACTATTGCACACTGGA,0,4317857
yadI_predicted,0.09090909090909091,10,10,GAGGATGCTATTCCAACACG,0,4301544
yadI_predicted,0.09090909090909091,10,10,GAGGATATCGCGGTAGTTGT,0,4326828
yadI_predicted,0.09090909090909091,10,10,GAGGAGGATTGTAGCGAATA,0,4316117
yadI_predicted,0.09090909090909091,10,10,GAGGAGATATATAGAATTAC,0,4316720
yadI_predicted,0.09090909090909091,10,10,GAGGACTACCTCACTTCAGA,0,4297635
yadI_predicted,0.09090909090909091,10,10,GAGCTGGGCACACGAGGGAT,0,4350802
yadI_predicted,0.09090909090909091,10,10,GAGCGCACTAGGTCAACATA,0,4352230
yadI_predicted,0.09090909090909091,10,10,GAGCATTCGTCACTGTCTAA,0,4330591
yadI_predicted,0.09090909090909091,10,10,GAGCAGCGTGGTTCGGCTCA,0,4287468
yadI_predicted,0.09090909090909091,10,10,GAGAGGCTGCATCGGTACGG,0,4344688
yadI_predicted,0.09090909090909091,10,10,GAGAGCACTGTAGTCTTTTA,0,4296619
yadI_predicted,0.09090909090909091,10,10,GAGAGAAGTAGGTTCGTCTC,0,4296604
yadI_predicted,0.09090909090909091,10,10,GACTTGTGAGGGGGGTCCGG,0,4349406
yadI_predicted,0.09090909090909091,10,10,GACTGGGTCCTGTGTAGAAT,0,4330159
yadI_predicted,0.09090909090909091,10,10,GACTAACGTTAGACCGTATT,0,4331130
yadI_predicted,0.09090909090909091,10,10,GACGTTTGTGACGTCGCAGC,0,4302792
yadI_predicted,0.09090909090909091,10,10,GACGGAGTTTGGGTTTCGTG,0,4323613
yadI_predicted,0.09090909090909091,10,10,GACGATGGTCTTTTTCAACG,0,4318659
yadI_predicted,0.09090909090909091,10,10,GACGATGCTAGCACCGACTT,0,4366776
yadI_predicted,0.09090909090909091,10,10,GACGACCAAGCTCTTGGTAT,0,4325651
yadI_predicted,0.09090909090909091,10,10,GACGAACCGTTAGAGTTACT,0,4313916
yadI_predicted,0.09090909090909091,10,10,GACCTCGGGGCTCATATTCT,0,4316949
yadI_predicted,0.09090909090909091,10,10,GACCCCTGGTGTCTGCCAGT,0,4285870
yadI_predicted,0.09090909090909091,10,10,GACCCCAGTCCTAAGCGCGG,0,4358785
yadI_predicted,0.09090909090909091,10,10,GACCAGAAGTACAATCTTGT,0,4322290
yadI_predicted,0.09090909090909091,10,10,GACATTCCAAATCTGTTTTT,0,4319317
yadI_predicted,0.09090909090909091,10,10,GACAGTCTATAAAGGTTGCG,0,4291104
yadI_predicted,0.09090909090909091,10,10,GAATTCATGCAGCGCGGGGC,0,4302551
yadI_predicted,0.09090909090909091,10,10,GAATGGCTATACGATTGGAA,0,4366616
yadI_predicted,0.09090909090909091,10,10,GAATGAATGTCATGAAGGGG,0,4293069
yadI_predicted,0.09090909090909091,10,10,GAATCACAGCAAGACTCTTA,0,4336528
yadI_predicted,0.09090909090909091,10,10,GAAGCCCTAGATTCTAGCCG,0,4324246
yadI_predicted,0.09090909090909091,10,10,GAAGATACATGTTCGTGTAT,0,4363226
yadI_predicted,0.09090909090909091,10,10,GAACTGTGATGTATGAAACG,0,4357986
yadI_predicted,0.09090909090909091,10,10,GAACTGGTCTCACTACTATA,0,4328049
yadI_predicted,0.09090909090909091,10,10,GAACTCCATGCGTCATTCGG,0,4336667
yadI_predicted,0.09090909090909091,10,10,GAACGTGGTCCACCGTCCGT,0,4316630
yadI_predicted,0.09090909090909091,10,10,GAACGAACATAACATGATTC,0,4352237
yadI_predicted,0.09090909090909091,10,10,GAACCTTGGGGAGCAGGACC,0,4364025
yadI_predicted,0.09090909090909091,10,10,GAACCGCGAAGGGGTCTTTG,0,4307331
yadI_predicted,0.09090909090909091,10,10,GAAAGAGCGTGTGCAATAAC,0,4369278
yadI_predicted,0.09090909090909091,10,10,GAAAATAATCAATTCTACGA,0,4300949
yadI_predicted,0.09090909090909091,10,10,CTTTTGCCGGGGATGCCACT,0,4314295
yadI_predicted,0.09090909090909091,10,10,CTTTTCTCAATCCGAGAATT,0,4314815
yadI_predicted,0.09090909090909091,10,10,CTTTGGAATCGTACCTGGCA,0,4311502
yadI_predicted,0.09090909090909091,10,10,CTTTCCTACATTTGCAAGCA,0,4291298
yadI_predicted,0.09090909090909091,10,10,CTTTCACACGCCGCTTTCGG,0,4320689
yadI_predicted,0.09090909090909091,10,10,CTTTCACACGCATTCTACGG,0,4305547
yadI_predicted,0.09090909090909091,10,10,CTTTATCCCACTTTTCCTTC,0,4288504
yadI_predicted,0.09090909090909091,10,10,CTTTAGTGCCTGTCTAACTC,0,4339698
yadI_predicted,0.09090909090909091,10,10,CTTGTGAACGACTCGATCCT,0,4340454
yadI_predicted,0.09090909090909091,10,10,CTTGTATATTCTGGTGTGGT,0,4334416
yadI_predicted,0.09090909090909091,10,10,CTTGTACGATTATCACCGCA,0,4331287
yadI_predicted,0.09090909090909091,10,10,CTTGGATTAGTGTCAGTCGT,0,4330897
yadI_predicted,0.09090909090909091,10,10,CTTCGTACCCAGTTGGCAAT,0,4367494
yadI_predicted,0.09090909090909091,10,10,CTTCGGGGAAGAACAACGTG,0,4350242
yadI_predicted,0.09090909090909091,10,10,CTTCATAACTGGTTCCAGGT,0,4350865
yadI_predicted,0.09090909090909091,10,10,CTTCAATACTTCAAGGGAGG,0,4362332
yadI_predicted,0.09090909090909091,10,10,CTTAATTTCTGATTTCTAGT,0,4314519
yadI_predicted,0.09090909090909091,10,10,CTTAAATTCACCTTTCGGTT,0,4341147
yadI_predicted,0.09090909090909091,10,10,CTGTGCTACACCCCTGGTCT,0,4320854
yadI_predicted,0.09090909090909091,10,10,CTGTCGCAACGAAACTGTTC,0,4285875
yadI_predicted,0.09090909090909091,10,10,CTGTCCTATCTTGACTCGTA,0,4308299
yadI_predicted,0.09090909090909091,10,10,CTGGTTATCGGCTTATCAAT,0,4304739
yadI_predicted,0.09090909090909091,10,10,CTGGTAGTAGGCAGGGTCTT,0,4361644
yadI_predicted,0.09090909090909091,10,10,CTGGGTTCCGAACCGCGGAC,0,4362578
yadI_predicted,0.09090909090909091,10,10,CTGGATTGGATTTGCTCAGA,0,4319266
yadI_predicted,0.09090909090909091,10,10,CTGGATTATAATGTTTACAA,0,4321622
yadI_predicted,0.09090909090909091,10,10,CTGCTTGGAGGCTACACGCA,0,4337434
yadI_predicted,0.09090909090909091,10,10,CTGCTACATAGGTCTAGTAG,0,4296261
yadI_predicted,0.09090909090909091,10,10,CTGCGGTTAGCATCGTATTG,0,4321858
yadI_predicted,0.09090909090909091,10,10,CTGCGAACCCGTACGCACTG,0,4362620
yadI_predicted,0.09090909090909091,10,10,CTGCAGAGGTGCAAGCGTAA,0,4323056
yadI_predicted,0.09090909090909091,10,10,CTGAGTATCGCAGTGTCCGA,0,4331198
yadI_predicted,0.09090909090909091,10,10,CTGACTGGGTCCTAGGGCGT,0,4361258
yadI_predicted,0.09090909090909091,10,10,CTGACCGAGGAGTTAACGCT,0,4319721
yadI_predicted,0.09090909090909091,10,10,CTGAATACTAGCATTTCTAC,0,4314887
yadI_predicted,0.09090909090909091,10,10,CTGAAGCCCAGCTAACTGTG,0,4334163
yadI_predicted,0.09090909090909091,10,10,CTCTTGGATGAAAGTGGGTT,0,4289862
yadI_predicted,0.09090909090909091,10,10,CTCTGCTGACCATTCTGTCA,0,4315360
yadI_predicted,0.09090909090909091,10,10,CTCTAGCAAGTGAGGTTTGC,0,4368878
yadI_predicted,0.09090909090909091,10,10,CTCTACCACGCTTAGGCAGG,0,4335286
yadI_predicted,0.09090909090909091,10,10,CTCGTACTCTCTTGGACTCA,0,4362734
yadI_predicted,0.09090909090909091,10,10,CTCGGAGAGTGTGATAGGGA,0,4344487
yadI_predicted,0.09090909090909091,10,10,CTCGCTAATGGCCAACAGCG,0,4326449
yadI_predicted,0.09090909090909091,10,10,CTCGCAGAGTATAGGGATGG,0,4297659
yadI_predicted,0.09090909090909091,10,10,CTCCGGTCCTGTGCACCGGA,0,4333710
yadI_predicted,0.09090909090909091,10,10,CTCCGACTTGATCCGACGCC,0,4291860
yadI_predicted,0.09090909090909091,10,10,CTCCCGATGACCAAGGGTAA,0,4293808
yadI_predicted,0.09090909090909091,10,10,CTCCCCTTAACCATCCGGTC,0,4304608
yadI_predicted,0.09090909090909091,10,10,CTCCAGTCCGATATGAGCAG,0,4316903
yadI_predicted,0.09090909090909091,10,10,CTCATTTATCGACAGGTAGA,0,4332883
yadI_predicted,0.09090909090909091,10,10,CTCATGCGTCTTACCTATGA,0,4294181
yadI_predicted,0.09090909090909091,10,10,CTCACTTTAATCCTCTTCTT,0,4343989
yadI_predicted,0.09090909090909091,10,10,CTCACTGCAGTCCCTCGTCG,0,4363540
yadI_predicted,0.09090909090909091,10,10,CTCACAGCTTTTGGATTAGT,0,4367714
yadI_predicted,0.09090909090909091,10,10,CTCAATTTATGCCAGCTGCT,0,4356499
yadI_predicted,0.09090909090909091,10,10,CTATGTTAACGCCGTGCCCG,0,4339879
yadI_predicted,0.09090909090909091,10,10,CTATATACGTCACGACTTGG,0,4330231
yadI_predicted,0.09090909090909091,10,10,CTATACGGAAGAACGGGGTA,0,4306147
yadI_predicted,0.09090909090909091,10,10,CTAGTAGATAACTAGAATAG,0,4359950
yadI_predicted,0.09090909090909091,10,10,CTAGGACGTGCACATGGTCC,0,4355816
yadI_predicted,0.09090909090909091,10,10,CTAGCGTAATAGGATCGAGT,0,4357325
yadI_predicted,0.09090909090909091,10,10,CTAGCGAGAAATCCTCTAAC,0,4294192
yadI_predicted,0.09090909090909091,10,10,CTACTCATGGAGCAACAATT,0,4286807
yadI_predicted,0.09090909090909091,10,10,CTAATATATTTAGACAGGTC,0,4307823
yadI_predicted,0.09090909090909091,10,10,CTAAGACTGTTGAAACCTTA,0,4320041
yadI_predicted,0.09090909090909091,10,10,CTAAGACGTTCGACCGACAT,0,4347022
yadI_predicted,0.09090909090909091,10,10,CTAACTTATGGAGTTACTGC,0,4355640
yadI_predicted,0.09090909090909091,10,10,CTAACTAGCCTGAGGGCGTA,0,4336456
yadI_predicted,0.09090909090909091,10,10,CTAAAGGAGAAATTCTCCGG,0,4294382
yadI_predicted,0.09090909090909091,10,10,CGTTGCAAATAAGAAGTTTC,0,4313075
yadI_predicted,0.09090909090909091,10,10,CGTGTGCATGGGCACTAGAG,0,4330508
yadI_predicted,0.09090909090909091,10,10,CGTGTAACGGCGATATCAGG,0,4298693
yadI_predicted,0.09090909090909091,10,10,CGTGATATCTGTAGCCCAGT,0,4363494
yadI_predicted,0.09090909090909091,10,10,CGTGAACATTTACCAGGAAG,0,4361951
yadI_predicted,0.09090909090909091,10,10,CGTCTTGGATTTGCTGCCTA,0,4293422
yadI_predicted,0.09090909090909091,10,10,CGTCGGCAAAGAGGCTCAAA,0,4328963
yadI_predicted,0.09090909090909091,10,10,CGTCCATAGGGTATTCGCTG,0,4333430
yadI_predicted,0.09090909090909091,10,10,CGTCACTTTTCTGGCGTACT,0,4324903
yadI_predicted,0.09090909090909091,10,10,CGTATATTATGGTCAGAGTA,0,4319146
yadI_predicted,0.09090909090909091,10,10,CGTATAAATAGGCGTCTTAA,0,4303997
yadI_predicted,0.09090909090909091,10,10,CGTAGGAGTGTTCAGTGTGC,0,4295887
yadI_predicted,0.09090909090909091,10,10,CGTAGCGGTGCGACGAAGTC,0,4304560
yadI_predicted,0.09090909090909091,10,10,CGTAATGGATCCAACTACAA,0,4314968
yadI_predicted,0.09090909090909091,10,10,CGTAAGTCTTGTACATTCTG,0,4344773
yadI_predicted,0.09090909090909091,10,10,CGGTTTCCGGTACTTGTCTC,0,4288889
yadI_predicted,0.09090909090909091,10,10,CGGTTTAGTTCACGTTCTGG,0,4365693
yadI_predicted,0.09090909090909091,10,10,CGGTTAATCAATACTCCATC,0,4369656
yadI_predicted,0.09090909090909091,10,10,CGGTATGACCTCCGTCCTTC,0,4357553
yadI_predicted,0.09090909090909091,10,10,CGGTACCGCTAATGCGAGTT,0,4324183
yadI_predicted,0.09090909090909091,10,10,CGGGTGGGGCCAACGAAAAT,0,4342575
yadI_predicted,0.09090909090909091,10,10,CGGGTCCTATTCCGTCGGAT,0,4329695
yadI_predicted,0.09090909090909091,10,10,CGGGTACGCGCCGGTCCGGG,0,4325351
yadI_predicted,0.09090909090909091,10,10,CGGGCAATTATGGCATATAC,0,4339439
yadI_predicted,0.09090909090909091,10,10,CGGGACAGCTGGGAACTGCT,0,4338699
yadI_predicted,0.09090909090909091,10,10,CGGCCATCTACCTCGCTTTG,0,4314844
yadI_predicted,0.09090909090909091,10,10,CGGCAGCAGCTCAATGATTG,0,4362752
yadI_predicted,0.09090909090909091,10,10,CGGATGTGCTCATCTCCTAC,0,4301906
yadI_predicted,0.09090909090909091,10,10,CGGATGTCTTGAATGAGCGG,0,4326002
yadI_predicted,0.09090909090909091,10,10,CGGATCGGAGCCCATTCATA,0,4304437
yadI_predicted,0.09090909090909091,10,10,CGGATACTTGCCGTATGTCT,0,4352465
yadI_predicted,0.09090909090909091,10,10,CGGAGGCTGACCGCCCAATG,0,4312898
yadI_predicted,0.09090909090909091,10,10,CGGAGGAGGTTTCAAAGGAT,0,4286188
yadI_predicted,0.09090909090909091,10,10,CGGAGCAGGTCAGTTATGTT,0,4299922
yadI_predicted,0.09090909090909091,10,10,CGCTTTGTCGAGCCGACGTT,0,4352784
yadI_predicted,0.09090909090909091,10,10,CGCTTCCATGTTCCTAGTTC,0,4369153
yadI_predicted,0.09090909090909091,10,10,CGCTGGGCCGCAGAAAAAAA,0,4311358
yadI_predicted,0.09090909090909091,10,10,CGCTGCCGGGTCCTCATATC,0,4315791
yadI_predicted,0.09090909090909091,10,10,CGCTGCATCCCGGCACCCTC,0,4314103
yadI_predicted,0.09090909090909091,10,10,CGCTCCGGGGATCGCTTTTA,0,4298804
yadI_predicted,0.09090909090909091,10,10,CGCTAACTATGTCGCCTGGG,0,4310752
yadI_predicted,0.09090909090909091,10,10,CGCGTTGATTTACTATTCGG,0,4311654
yadI_predicted,0.09090909090909091,10,10,CGCGGTACGACCCTTGTGGT,0,4367147
yadI_predicted,0.09090909090909091,10,10,CGCGGGTTGCTTCAATCCTA,0,4290770
yadI_predicted,0.09090909090909091,10,10,CGCGCATTTGCACAGGCTGG,0,4336017
yadI_predicted,0.09090909090909091,10,10,CGCGAGCGGTCACTAGGGAA,0,4301659
yadI_predicted,0.09090909090909091,10,10,CGCCTCCATCATCTAGCCTC,0,4289955
yadI_predicted,0.09090909090909091,10,10,CGCCGGCCGGTCTGCTTTGT,0,4317033
yadI_predicted,0.09090909090909091,10,10,CGCCCTTGTGCGCCTTAACT,0,4317430
yadI_predicted,0.09090909090909091,10,10,CGCCAGTGGGTATATGCAAG,0,4287268
yadI_predicted,0.09090909090909091,10,10,CGCAGTACGGCGGGCGTAAC,0,4359215
yadI_predicted,0.09090909090909091,10,10,CGCAGGCGCTTCGAGCCTTC,0,4328058
yadI_predicted,0.09090909090909091,10,10,CGCACTTCCGACATCCAGCA,0,4346471
yadI_predicted,0.09090909090909091,10,10,CGATTTACAATGAAACAGTA,0,4350461
yadI_predicted,0.09090909090909091,10,10,CGATTGTCCGGCCACCTCGT,0,4304950
yadI_predicted,0.09090909090909091,10,10,CGATGTCCGGTGGGTGACGC,0,4316302
yadI_predicted,0.09090909090909091,10,10,CGATGCCTCGTTTGGATAAG,0,4321301
yadI_predicted,0.09090909090909091,10,10,CGAGGGGAATCCGGGAGTCA,0,4327518
yadI_predicted,0.09090909090909091,10,10,CGAGCCGTTTCCCATAGAGG,0,4323368
yadI_predicted,0.09090909090909091,10,10,CGAGCAGGCCTGGAACCGCT,0,4301834
yadI_predicted,0.09090909090909091,10,10,CGAGATATTCACACACCATG,0,4365584
yadI_predicted,0.09090909090909091,10,10,CGAGAGGGTTGTGATTCCCT,0,4321997
yadI_predicted,0.09090909090909091,10,10,CGACTTTTGGCGTCCGAACA,0,4334231
yadI_predicted,0.09090909090909091,10,10,CGACGCAAGAAGCCTGCGCC,0,4347073
yadI_predicted,0.09090909090909091,10,10,CGACATCACCAGGGGAAGTC,0,4352560
yadI_predicted,0.09090909090909091,10,10,CGACACGTACGACAAAGCCT,0,4302293
yadI_predicted,0.09090909090909091,10,10,CGAACTGGTCACCGATACTC,0,4362726
yadI_predicted,0.09090909090909091,10,10,CGAACTATGGAAGGTCCCAA,0,4285854
yadI_predicted,0.09090909090909091,10,10,CGAACTATAAAGCTATTAAG,0,4289352
yadI_predicted,0.09090909090909091,10,10,CGAACGGATCAGGACCGACT,0,4286463
yadI_predicted,0.09090909090909091,10,10,CGAAAACACAATCATGCGGA,0,4321747
yadI_predicted,0.09090909090909091,10,10,CCTTGCTGCGTATTCCCCTT,0,4318861
yadI_predicted,0.09090909090909091,10,10,CCTTACGTTCCTCTAGTCAA,0,4292311
yadI_predicted,0.09090909090909091,10,10,CCTTAATGGTTCACGATATA,0,4351013
yadI_predicted,0.09090909090909091,10,10,CCTGTGAGAGGCCCATCTAA,0,4310006
yadI_predicted,0.09090909090909091,10,10,CCTGACTCCGTTGGTGTGCT,0,4331271
yadI_predicted,0.09090909090909091,10,10,CCTCCCGCGACATGCAGCCA,0,4320868
yadI_predicted,0.09090909090909091,10,10,CCTCCAGAACGAATTGATGC,0,4292295
yadI_predicted,0.09090909090909091,10,10,CCTCAGGGAGATCTGAGCTA,0,4365697
yadI_predicted,0.09090909090909091,10,10,CCTACGATAGGTAACAATGC,0,4345728
yadI_predicted,0.09090909090909091,10,10,CCTACCGTCGTCGTTAAGCT,0,4367276
yadI_predicted,0.09090909090909091,10,10,CCGTTTTATATAGCATTGCG,0,4292853
yadI_predicted,0.09090909090909091,10,10,CCGTTACAAAGTGGCTGTAC,0,4293181
yadI_predicted,0.09090909090909091,10,10,CCGTGGTGCTATGACGAAAC,0,4317731
yadI_predicted,0.09090909090909091,10,10,CCGTGGTCAGGTGTAATGTC,0,4368164
yadI_predicted,0.09090909090909091,10,10,CCGTGGCATAATGGACAATC,0,4361066
yadI_predicted,0.09090909090909091,10,10,CCGTCACGTAGTCAAGTTTC,0,4341194
yadI_predicted,0.09090909090909091,10,10,CCGTACGCGTTACCCATATG,0,4326533
yadI_predicted,0.09090909090909091,10,10,CCGTACCCGGACAAAGAATA,0,4359612
yadI_predicted,0.09090909090909091,10,10,CCGGCGGCGATAAATCTGGA,0,4347987
yadI_predicted,0.09090909090909091,10,10,CCGGCGATCTTACGGAGCTA,0,4341243
yadI_predicted,0.09090909090909091,10,10,CCGGCCAGTTGGATGGCCCC,0,4304835
yadI_predicted,0.09090909090909091,10,10,CCGCTTTCCGGTAGGTGTTG,0,4315171
yadI_predicted,0.09090909090909091,10,10,CCGCTTGGACTGCCGATGTA,0,4335955
yadI_predicted,0.09090909090909091,10,10,CCGATGAAGATGGGTAAATT,0,4360313
yadI_predicted,0.09090909090909091,10,10,CCGAGCGTAAACAAAGTTCA,0,4291927
yadI_predicted,0.09090909090909091,10,10,CCGACGGCTAGTCTATTACA,0,4312595
yadI_predicted,0.09090909090909091,10,10,CCGACCAGAGGCCAAGGATG,0,4328626
yadI_predicted,0.09090909090909091,10,10,CCCTGTAGAAAAAATTTGTA,0,4300454
yadI_predicted,0.09090909090909091,10,10,CCCTGGAGTACGAGCCATGG,0,4309628
yadI_predicted,0.09090909090909091,10,10,CCCTGGACCGTGACAAGAAT,0,4342422
yadI_predicted,0.09090909090909091,10,10,CCCTGCTCATCGCTTCACCA,0,4332316
yadI_predicted,0.09090909090909091,10,10,CCCTCTGAGCCTACGGAGCT,0,4301004
yadI_predicted,0.09090909090909091,10,10,CCCTCATAACCACTGTCTAG,0,4322959
yadI_predicted,0.09090909090909091,10,10,CCCTATGCAAAACTTTTTAA,0,4326242
yadI_predicted,0.09090909090909091,10,10,CCCTACAGGCAGATTGTACA,0,4307391
yadI_predicted,0.09090909090909091,10,10,CCCGTAGTCTCTATATATTG,0,4341142
yadI_predicted,0.09090909090909091,10,10,CCCGCAGGCAACTCTATTCC,0,4288060
yadI_predicted,0.09090909090909091,10,10,CCCGATGCAAGCGAAAATTA,0,4368057
yadI_predicted,0.09090909090909091,10,10,CCCCTCGCGCAAAGAGATCT,0,4367383
yadI_predicted,0.09090909090909091,10,10,CCCCGCTTCCTAAATATGTT,0,4319941
yadI_predicted,0.09090909090909091,10,10,CCCATTTTAACGTTAGCGGT,0,4290910
yadI_predicted,0.09090909090909091,10,10,CCCAGAATAACGACATGCCA,0,4289991
yadI_predicted,0.09090909090909091,10,10,CCCAATGATCGATACTAGGG,0,4367283
yadI_predicted,0.09090909090909091,10,10,CCCAAGGCAGCGACGTGGAG,0,4367768
yadI_predicted,0.09090909090909091,10,10,CCATGTCCAAGTCAGCTTCT,0,4321026
yadI_predicted,0.09090909090909091,10,10,CCATGCAGCCTAGGATAGTT,0,4317004
yadI_predicted,0.09090909090909091,10,10,CCATCCTGCTTGCCAGCAAA,0,4287705
yadI_predicted,0.09090909090909091,10,10,CCATAGTGCTACTCACGCTG,0,4324967
yadI_predicted,0.09090909090909091,10,10,CCATACAAATACGGGTAGAA,0,4369109
yadI_predicted,0.09090909090909091,10,10,CCAGTACCTTGTGTGTTGTG,0,4346606
yadI_predicted,0.09090909090909091,10,10,CCAGGTACTTCTACTGTGCT,0,4333244
yadI_predicted,0.09090909090909091,10,10,CCAGCTTAAGGGGAAGTTAG,0,4347949
yadI_predicted,0.09090909090909091,10,10,CCAGAAATACTAAATCTGCC,0,4329967
yadI_predicted,0.09090909090909091,10,10,CCACTGTTCAAACTCCTGAG,0,4321733
yadI_predicted,0.09090909090909091,10,10,CCACTGAAGTGGGCGGTAGA,0,4311295
yadI_predicted,0.09090909090909091,10,10,CCACCGGATGCTGGCCGTCT,0,4295565
yadI_predicted,0.09090909090909091,10,10,CCACCGAGACGAAATGATCG,0,4301000
yadI_predicted,0.09090909090909091,10,10,CCACCGAACTTTTACTGGGT,0,4320151
yadI_predicted,0.09090909090909091,10,10,CCACATTCGTTTATTTCCAG,0,4302819
yadI_predicted,0.09090909090909091,10,10,CCAATGGTTCCCATCACGAC,0,4339189
yadI_predicted,0.09090909090909091,10,10,CCAATGAAACGCCACTGCCG,0,4294608
yadI_predicted,0.09090909090909091,10,10,CCAACTCCCGTGCTCACGGA,0,4350560
yadI_predicted,0.09090909090909091,10,10,CCAACGCCCGCCACCTACTA,0,4318973
yadI_predicted,0.09090909090909091,10,10,CCAACCGCCCAACGCCGTAC,0,4359558
yadI_predicted,0.09090909090909091,10,10,CATTTAGGCACCGCGTCCAC,0,4305019
yadI_predicted,0.09090909090909091,10,10,CATTGGCGCATATCTACAAC,0,4344521
yadI_predicted,0.09090909090909091,10,10,CATTCAGGAAGCAGGACATC,0,4332027
yadI_predicted,0.09090909090909091,10,10,CATTATCTAACGCTGCTATG,0,4339343
yadI_predicted,0.09090909090909091,10,10,CATTAGCGGTCCCGATGGAT,0,4369282
yadI_predicted,0.09090909090909091,10,10,CATTAGCGCATCGTCCCTAC,0,4357534
yadI_predicted,0.09090909090909091,10,10,CATTACTTGGGATACACGTT,0,4326425
yadI_predicted,0.09090909090909091,10,10,CATTACCACTGAGGAACCGA,0,4299191
yadI_predicted,0.09090909090909091,10,10,CATGTTTTGGGCTTATAGTA,0,4291330
yadI_predicted,0.09090909090909091,10,10,CATGTTTCTTGGGCACGGGA,0,4360461
yadI_predicted,0.09090909090909091,10,10,CATGTTAGGTTTGCTCAGTG,0,4346788
yadI_predicted,0.09090909090909091,10,10,CATGCGCGACAATGTAACAA,0,4293309
yadI_predicted,0.09090909090909091,10,10,CATGCATTTACTTCTCTTAT,0,4294983
yadI_predicted,0.09090909090909091,10,10,CATCCAGGACACTAAGGTCC,0,4311739
yadI_predicted,0.09090909090909091,10,10,CATCCAGCTATCCCGATCAG,0,4355949
yadI_predicted,0.09090909090909091,10,10,CATCATGGCTCCCGTTTAGC,0,4310271
yadI_predicted,0.09090909090909091,10,10,CATCAATTCCCACGGGTTGG,0,4344897
yadI_predicted,0.09090909090909091,10,10,CATATTTGTTGCAACGTGAC,0,4345565
yadI_predicted,0.09090909090909091,10,10,CATATAGCCAATAGAAGCCA,0,4337050
yadI_predicted,0.09090909090909091,10,10,CATAGTTGCCGCCACGTATA,0,4314598
yadI_predicted,0.09090909090909091,10,10,CATACTCGAATTCGCGTTAT,0,4334100
yadI_predicted,0.09090909090909091,10,10,CATAAGCCGGCCCATCGAGG,0,4357900
yadI_predicted,0.09090909090909091,10,10,CATAACCCGGGGTCCGTTGT,0,4333603
yadI_predicted,0.09090909090909091,10,10,CAGTCCGAAGACGAAATATA,0,4339976
yadI_predicted,0.09090909090909091,10,10,CAGTCAAAAATAATTCCGTC,0,4294211
yadI_predicted,0.09090909090909091,10,10,CAGTATTACAAGAATAAATT,0,4312645
yadI_predicted,0.09090909090909091,10,10,CAGGTTTAGCTATTTGTCTA,0,4357826
yadI_predicted,0.09090909090909091,10,10,CAGGCTAGGTAAAGGCGAGA,0,4293606
yadI_predicted,0.09090909090909091,10,10,CAGGCGTGGACACGGGTGTA,0,4298798
yadI_predicted,0.09090909090909091,10,10,CAGGCGCTACACCGCTGGAG,0,4322554
yadI_predicted,0.09090909090909091,10,10,CAGGATGGAATCACACGCTA,0,4316049
yadI_predicted,0.09090909090909091,10,10,CAGCTTGTGTCACGCACGGT,0,4310819
yadI_predicted,0.09090909090909091,10,10,CAGCCTCGAGGTGACTCGTA,0,4311905
yadI_predicted,0.09090909090909091,10,10,CAGATTCAGGGTTTTCAAGC,0,4326983
yadI_predicted,0.09090909090909091,10,10,CAGAGTTGTGGCAACCATTG,0,4310703
yadI_predicted,0.09090909090909091,10,10,CAGAGATACCAACCCAGCAT,0,4333766
yadI_predicted,0.09090909090909091,10,10,CAGACTTATGTTGCGGTATA,0,4298920
yadI_predicted,0.09090909090909091,10,10,CAGACTAATAAAAGCCGACA,0,4290366
yadI_predicted,0.09090909090909091,10,10,CACTTTTCGTACCGGACAAC,0,4333702
yadI_predicted,0.09090909090909091,10,10,CACTTCGCCAAGGGATATGG,0,4363316
yadI_predicted,0.09090909090909091,10,10,CACTTAGTTCGGGGTCTTCC,0,4302604
yadI_predicted,0.09090909090909091,10,10,CACTGTGCGGGCCTATGAAA,0,4285676
yadI_predicted,0.09090909090909091,10,10,CACTCGGTTTCCTGGTTACA,0,4311360
yadI_predicted,0.09090909090909091,10,10,CACTACCGCATATCCGGAGT,0,4362886
yadI_predicted,0.09090909090909091,10,10,CACGTTCATATGCCGCTTCA,0,4288936
yadI_predicted,0.09090909090909091,10,10,CACGTGGTGCAGTCGAAGTA,0,4333824
yadI_predicted,0.09090909090909091,10,10,CACGTGGTCGCCAATAACTA,0,4290985
yadI_predicted,0.09090909090909091,10,10,CACGTAATCGGTTCCAGATA,0,4314657
yadI_predicted,0.09090909090909091,10,10,CACGCTGCGCTGTCGGCCGG,0,4326712
yadI_predicted,0.09090909090909091,10,10,CACGCTGAACCGACAGGCTA,0,4332698
yadI_predicted,0.09090909090909091,10,10,CACGCGACGTCAATTGTGCT,0,4340652
yadI_predicted,0.09090909090909091,10,10,CACGCAGGATTTGGTCTCAA,0,4303009
yadI_predicted,0.09090909090909091,10,10,CACGAATTTCCCAGGTGAGC,0,4328086
yadI_predicted,0.09090909090909091,10,10,CACCACTTACGCAGGTCGGC,0,4346219
yadI_predicted,0.09090909090909091,10,10,CACAGAGTAAAGCCATAAGT,0,4330248
yadI_predicted,0.09090909090909091,10,10,CACAATTCTGAGTGGCCAGG,0,4344691
yadI_predicted,0.09090909090909091,10,10,CACAACGCTTGGAGTAACTC,0,4304512
yadI_predicted,0.09090909090909091,10,10,CAATTGTGAGTTTTCCAGTC,0,4314136
yadI_predicted,0.09090909090909091,10,10,CAATGCGCTCGTTGCGATTA,0,4331698
yadI_predicted,0.09090909090909091,10,10,CAATCTTCAAGATGGGTCCT,0,4292573
yadI_predicted,0.09090909090909091,10,10,CAATAGTAGGGAAGTTCACC,0,4326633
yadI_predicted,0.09090909090909091,10,10,CAATAGAATCCGGTTTCGGG,0,4367066
yadI_predicted,0.09090909090909091,10,10,CAAGGCCCGGTCGGTCAGCC,0,4361800
yadI_predicted,0.09090909090909091,10,10,CAAGCCGGCGCACGTGAGTC,0,4322107
yadI_predicted,0.09090909090909091,10,10,CAACGGAGGCTTCGAGAATA,0,4361638
yadI_predicted,0.09090909090909091,10,10,CAACGCATATTACGGGCCTA,0,4333895
yadI_predicted,0.09090909090909091,10,10,CAACCTAGCTAAGTCAATTT,0,4290412
yadI_predicted,0.09090909090909091,10,10,CAACCACTGGACTCCAAACG,0,4285740
yadI_predicted,0.09090909090909091,10,10,CAACATAATATGGATACACT,0,4361598
yadI_predicted,0.09090909090909091,10,10,CAACACGTAGAGGGGATGCC,0,4351856
yadI_predicted,0.09090909090909091,10,10,CAAATTTCATTGGCACTTAT,0,4301643
yadI_predicted,0.09090909090909091,10,10,CAAAGGTTGGACGATTGGGG,0,4341910
yadI_predicted,0.09090909090909091,10,10,CAAAGGTCCCACTTTAGTAT,0,4356487
yadI_predicted,0.09090909090909091,10,10,CAAAGGCCGTTGCCATCGGC,0,4345465
yadI_predicted,0.09090909090909091,10,10,ATTTGTGTGCGATGAAACTC,0,4305304
yadI_predicted,0.09090909090909091,10,10,ATTTGAGGTAATCGGTCCAA,0,4359305
yadI_predicted,0.09090909090909091,10,10,ATTTCTTCCAGGGTAGTGCC,0,4295419
yadI_predicted,0.09090909090909091,10,10,ATTTCGCTCAAAGCGATTTA,0,4333740
yadI_predicted,0.09090909090909091,10,10,ATTTCCCCGATGGGGCATTT,0,4321753
yadI_predicted,0.09090909090909091,10,10,ATTTACTACATGTTGGTAAA,0,4334356
yadI_predicted,0.09090909090909091,10,10,ATTTACGATTGTAATTAGAT,0,4331195
yadI_predicted,0.09090909090909091,10,10,ATTTAAGCGGGCAGCTGTGA,0,4307249
yadI_predicted,0.09090909090909091,10,10,ATTGTTAGTCAGCCGAACCC,0,4285521
yadI_predicted,0.09090909090909091,10,10,ATTGTCTCCTGGAGAACGGC,0,4317702
yadI_predicted,0.09090909090909091,10,10,ATTGGATCACCACCGCTAAT,0,4364063
yadI_predicted,0.09090909090909091,10,10,ATTGCGCGAACGGCCTTTGC,0,4318190
yadI_predicted,0.09090909090909091,10,10,ATTGCCTTAGAGGACTTGTG,0,4303893
yadI_predicted,0.09090909090909091,10,10,ATTGCCAGCTTAGTCGCGCT,0,4295557
yadI_predicted,0.09090909090909091,10,10,ATTGCATTAGAAATTAAGAG,0,4311584
yadI_predicted,0.09090909090909091,10,10,ATTCTCTCGTCGAGATACTA,0,4347811
yadI_predicted,0.09090909090909091,10,10,ATTCGGCTGTGAGGGTTATC,0,4335681
yadI_predicted,0.09090909090909091,10,10,ATTATGTCAGTGTTATCGTT,0,4319952
yadI_predicted,0.09090909090909091,10,10,ATTATGCCAACTCTGCATAG,0,4332052
yadI_predicted,0.09090909090909091,10,10,ATTAGTTAGTCCGCGCCAGT,0,4337463
yadI_predicted,0.09090909090909091,10,10,ATTAGCGACACGCTGCTTGC,0,4341467
yadI_predicted,0.09090909090909091,10,10,ATTAGCACTGAAATCGCGGG,0,4334742
yadI_predicted,0.09090909090909091,10,10,ATTACGCTTAAGTCCGACGT,0,4288059
yadI_predicted,0.09090909090909091,10,10,ATTAAATGTGTGCGGTGGCA,0,4344451
yadI_predicted,0.09090909090909091,10,10,ATTAAAGTGTTGATAGAAGT,0,4321101
yadI_predicted,0.09090909090909091,10,10,ATGTGTTCGCCGGTCTCGCC,0,4307136
yadI_predicted,0.09090909090909091,10,10,ATGTGGTCGTCAAAAATTCC,0,4357010
yadI_predicted,0.09090909090909091,10,10,ATGTGATACGTGAAATTTTG,0,4304225
yadI_predicted,0.09090909090909091,10,10,ATGTGAATCGAATCCTTAGC,0,4297551
yadI_predicted,0.09090909090909091,10,10,ATGTCTACGTAGCGGAGCAA,0,4291098
yadI_predicted,0.09090909090909091,10,10,ATGTATGGTACGAGGCAGGG,0,4287257
yadI_predicted,0.09090909090909091,10,10,ATGCTTTACCCGCTGGACCT,0,4340810
yadI_predicted,0.09090909090909091,10,10,ATGCGAAAGGGCAATCCCGA,0,4291677
yadI_predicted,0.09090909090909091,10,10,ATGATAAATTCCAAGGTCAA,0,4348386
yadI_predicted,0.09090909090909091,10,10,ATGAGGCTGATGATACATAC,0,4304049
yadI_predicted,0.09090909090909091,10,10,ATGAGGAGTAAGAATGTATT,0,4304115
yadI_predicted,0.09090909090909091,10,10,ATGAATGTATAAACAAGGCT,0,4364471
yadI_predicted,0.09090909090909091,10,10,ATGAAGGTACGACCTCACAT,0,4355644
yadI_predicted,0.09090909090909091,10,10,ATGAAACGGCTAAATTTGGG,0,4324949
yadI_predicted,0.09090909090909091,10,10,ATCTCATCGCGACTGTGAGC,0,4355109
yadI_predicted,0.09090909090909091,10,10,ATCTCAGGATGCAGCATTGG,0,4341765
yadI_predicted,0.09090909090909091,10,10,ATCTATGAGGTGGTAGTGCG,0,4367766
yadI_predicted,0.09090909090909091,10,10,ATCGTGCAGGTGCGCCTCGA,0,4364699
yadI_predicted,0.09090909090909091,10,10,ATCGTGATGATCTGATGGTG,0,4349208
yadI_predicted,0.09090909090909091,10,10,ATCGCTTTCCGGAGATAATC,0,4349760
yadI_predicted,0.09090909090909091,10,10,ATCGCTTAGATCTAGATACT,0,4308725
yadI_predicted,0.09090909090909091,10,10,ATCGCTGTAGATACAGTATT,0,4291757
yadI_predicted,0.09090909090909091,10,10,ATCGACATGGAAAGGCCACT,0,4332824
yadI_predicted,0.09090909090909091,10,10,ATCCGCCGAAGCCTCCAACG,0,4287284
yadI_predicted,0.09090909090909091,10,10,ATCCCTCCTAAAGCTATTAC,0,4298193
yadI_predicted,0.09090909090909091,10,10,ATCATAGATCGTCCCTGCCA,0,4364147
yadI_predicted,0.09090909090909091,10,10,ATCAGTAAGTATGGGGACTT,0,4318778
yadI_predicted,0.09090909090909091,10,10,ATCAGGATGGGTTCACGTTT,0,4287485
yadI_predicted,0.09090909090909091,10,10,ATCAGCTGACAACATCCGGA,0,4319471
yadI_predicted,0.09090909090909091,10,10,ATCAGCAAATGCCATCTCTG,0,4352304
yadI_predicted,0.09090909090909091,10,10,ATCACCGTTATTAGTAACAC,0,4318010
yadI_predicted,0.09090909090909091,10,10,ATATTCCAATCCTGGTTACA,0,4341255
yadI_predicted,0.09090909090909091,10,10,ATATGATCGATAACTGAGCA,0,4301474
yadI_predicted,0.09090909090909091,10,10,ATATAAGATTGTTAGATATC,0,4346837
yadI_predicted,0.09090909090909091,10,10,ATAGTCTCGAGCCGGATCCA,0,4294872
yadI_predicted,0.09090909090909091,10,10,ATAGGAACGAGGCCAAGGTA,0,4355061
yadI_predicted,0.09090909090909091,10,10,ATAGCCATGGCGTACGCCGC,0,4314122
yadI_predicted,0.09090909090909091,10,10,ATAGCCACGTGTTCGTGGGT,0,4344900
yadI_predicted,0.09090909090909091,10,10,ATAGACAAATAAAACAAGTT,0,4339539
yadI_predicted,0.09090909090909091,10,10,ATACGTCTAAGGTCCAATTG,0,4324013
yadI_predicted,0.09090909090909091,10,10,ATACGCTTACGAGCTCTGCG,0,4333194
yadI_predicted,0.09090909090909091,10,10,ATACAGGCGATTGCCAACGT,0,4327981
yadI_predicted,0.09090909090909091,10,10,ATAATCGACGGATCTCGTGG,0,4350606
yadI_predicted,0.09090909090909091,10,10,ATAAGGGACACTCGAAGGTC,0,4287883
yadI_predicted,0.09090909090909091,10,10,ATAAGCCCCATCAATCTCGA,0,4299386
yadI_predicted,0.09090909090909091,10,10,ATAAATAGGAATCACCGCGT,0,4291260
yadI_predicted,0.09090909090909091,10,10,AGTTTTCAAGTTCGCCAGTT,0,4334846
yadI_predicted,0.09090909090909091,10,10,AGTTTAGTACTTTAAATTCT,0,4322635
yadI_predicted,0.09090909090909091,10,10,AGTTGAACGGAAGGTGCGTA,0,4291003
yadI_predicted,0.09090909090909091,10,10,AGTTCAGGCTCGGCGGGGAC,0,4313867
yadI_predicted,0.09090909090909091,10,10,AGTTAGGCACGCTTGGGTGA,0,4355556
yadI_predicted,0.09090909090909091,10,10,AGTTAGCAGCTCGCTATATA,0,4328523
yadI_predicted,0.09090909090909091,10,10,AGTTACCACACTCTTACGAG,0,4361624
yadI_predicted,0.09090909090909091,10,10,AGTGTTTTGCGGTCAGAGGT,0,4290484
yadI_predicted,0.09090909090909091,10,10,AGTGTACCCCTGACCCACTA,0,4290702
yadI_predicted,0.09090909090909091,10,10,AGTGCCGAGTGGATTTAAGC,0,4367221
yadI_predicted,0.09090909090909091,10,10,AGTCTTACGAGTCACGGGAG,0,4286517
yadI_predicted,0.09090909090909091,10,10,AGTCCTACAAATGAGCAGTT,0,4366740
yadI_predicted,0.09090909090909091,10,10,AGTCCCCCCGGCCAGGCAGT,0,4362475
yadI_predicted,0.09090909090909091,10,10,AGTCATGGCGCCCGAGAGAG,0,4321478
yadI_predicted,0.09090909090909091,10,10,AGTCAAGTCCTATCGCGTAG,0,4301131
yadI_predicted,0.09090909090909091,10,10,AGTATTCAGTGGCCTTCACT,0,4294625
yadI_predicted,0.09090909090909091,10,10,AGTATGCGGTCCAGAATATA,0,4287478
yadI_predicted,0.09090909090909091,10,10,AGGTTTCTAAGACTCCGATG,0,4307957
yadI_predicted,0.09090909090909091,10,10,AGGTGAGTTAAGGCTACTAT,0,4341425
yadI_predicted,0.09090909090909091,10,10,AGGTCTCTGCAGAAAGCTCC,0,4340795
yadI_predicted,0.09090909090909091,10,10,AGGGTCGGGAGAAAGGAGCG,0,4358846
yadI_predicted,0.09090909090909091,10,10,AGGGGGATAAGCGAGCGACA,0,4354264
yadI_predicted,0.09090909090909091,10,10,AGGGCTAGCCGCCCTTCCTC,0,4362629
yadI_predicted,0.09090909090909091,10,10,AGGGCGGCGAGCTTTCTTTA,0,4363416
yadI_predicted,0.09090909090909091,10,10,AGGCTTGCCTATAACAAACA,0,4295935
yadI_predicted,0.09090909090909091,10,10,AGGCGCATGCCTTGTTCTAC,0,4348597
yadI_predicted,0.09090909090909091,10,10,AGGATGTGCTCTACGCTAGT,0,4304951
yadI_predicted,0.09090909090909091,10,10,AGGATAATCCAGGTCTCGCT,0,4307527
yadI_predicted,0.09090909090909091,10,10,AGGAGGTAGAGCAGGATTGT,0,4355374
yadI_predicted,0.09090909090909091,10,10,AGGACAGATCCCCAGGCTTC,0,4297271
yadI_predicted,0.09090909090909091,10,10,AGGAAACGTCTTGCCCGCTA,0,4292927
yadI_predicted,0.09090909090909091,10,10,AGGAAACCGCAGATCAGGAT,0,4315758
yadI_predicted,0.09090909090909091,10,10,AGGAAACAAGGTCGTTTAGT,0,4331070
yadI_predicted,0.09090909090909091,10,10,AGCTCCATAAATGTCTAGTA,0,4292089
yadI_predicted,0.09090909090909091,10,10,AGCGTCCACTCTAATGTTGG,0,4345342
yadI_predicted,0.09090909090909091,10,10,AGCGCTCGATGGTTTATTGA,0,4294634
yadI_predicted,0.09090909090909091,10,10,AGCGCATCCATGAGCGTTAG,0,4342895
yadI_predicted,0.09090909090909091,10,10,AGCGATCACTTGGGTGCTCC,0,4343249
yadI_predicted,0.09090909090909091,10,10,AGCGAATTCCTGACATGATA,0,4308019
yadI_predicted,0.09090909090909091,10,10,AGCGAAAACCATTTCGTAAT,0,4300185
yadI_predicted,0.09090909090909091,10,10,AGCCTGCTAAGAAGAAACGG,0,4330522
yadI_predicted,0.09090909090909091,10,10,AGCCTAGTAACACAGTGTAC,0,4345702
yadI_predicted,0.09090909090909091,10,10,AGCCACGGCGGTTAGTGTGG,0,4323526
yadI_predicted,0.09090909090909091,10,10,AGCAGCTAGTGGCGCCGGTC,0,4319325
yadI_predicted,0.09090909090909091,10,10,AGCACGAAGAGATCATTTCG,0,4369461
yadI_predicted,0.09090909090909091,10,10,AGATTAAGAGGGGATTTGTC,0,4368024
yadI_predicted,0.09090909090909091,10,10,AGATGCGGTAGCTAACTTGA,0,4298738
yadI_predicted,0.09090909090909091,10,10,AGATCGTGTGTAAGTCATAT,0,4350602
yadI_predicted,0.09090909090909091,10,10,AGATCCCATGGCACTCTTTC,0,4341584
yadI_predicted,0.09090909090909091,10,10,AGATAGTACTGAGTCTCTCA,0,4288997
yadI_predicted,0.09090909090909091,10,10,AGAGCGTTGTAGAAGATTAG,0,4328436
yadI_predicted,0.09090909090909091,10,10,AGAGCATAGATATAATTGTC,0,4341527
yadI_predicted,0.09090909090909091,10,10,AGAGCAGGGTGTGGCTAGGG,0,4342439
yadI_predicted,0.09090909090909091,10,10,AGAGAGTGATACGGCCGTAT,0,4288441
yadI_predicted,0.09090909090909091,10,10,AGAATTTCTATGATATGATT,0,4292324
yadI_predicted,0.09090909090909091,10,10,AGAATCATCTGCGCCACAGG,0,4327799
yadI_predicted,0.09090909090909091,10,10,AGAATAGATACCTATTGCTG,0,4329197
yadI_predicted,0.09090909090909091,10,10,AGAAGACCCGCCGTACGTGA,0,4299108
yadI_predicted,0.09090909090909091,10,10,AGAAAACTTGAGCTGTCAAA,0,4366513
yadI_predicted,0.09090909090909091,10,10,ACTTCAATATCTATGGTTTA,0,4290843
yadI_predicted,0.09090909090909091,10,10,ACTTAGGCATAGGTGCATTT,0,4337061
yadI_predicted,0.09090909090909091,10,10,ACTGCTTATGGATGGAGGGG,0,4341678
yadI_predicted,0.09090909090909091,10,10,ACTGCGGTACGGCAATTGGA,0,4332524
yadI_predicted,0.09090909090909091,10,10,ACTGCGGGGGAATTGACAGT,0,4285964
yadI_predicted,0.09090909090909091,10,10,ACTGATTATCTTCAGTTTCT,0,4353087
yadI_predicted,0.09090909090909091,10,10,ACTGAGTTGCACCGGACGTC,0,4305205
yadI_predicted,0.09090909090909091,10,10,ACTGACATTGACACTAACTA,0,4313204
yadI_predicted,0.09090909090909091,10,10,ACTCTTGGATCCATACATAA,0,4359760
yadI_predicted,0.09090909090909091,10,10,ACTCTGACCCCCCAGTGTAA,0,4337458
yadI_predicted,0.09090909090909091,10,10,ACTCCGGTAGCCACACGCTG,0,4317548
yadI_predicted,0.09090909090909091,10,10,ACTCATTATAGCGAATGAGG,0,4305255
yadI_predicted,0.09090909090909091,10,10,ACTAGGGGAAGTAGGCCACA,0,4299553
yadI_predicted,0.09090909090909091,10,10,ACTAATTGAACTCGTCTAAC,0,4288632
yadI_predicted,0.09090909090909091,10,10,ACTAAGAGTGGTTTCTTTCT,0,4319427
yadI_predicted,0.09090909090909091,10,10,ACGTTTCAATGCAGCCGTTA,0,4340747
yadI_predicted,0.09090909090909091,10,10,ACGTTATCATAGTCTATTTA,0,4286456
yadI_predicted,0.09090909090909091,10,10,ACGTTACTAGCCAATAGGGT,0,4356248
yadI_predicted,0.09090909090909091,10,10,ACGTGGTACCAGACACACCG,0,4290772
yadI_predicted,0.09090909090909091,10,10,ACGGTGTCAGGCGCCCGCTG,0,4302046
yadI_predicted,0.09090909090909091,10,10,ACGCGCTTACTGGATCCGGG,0,4356073
yadI_predicted,0.09090909090909091,10,10,ACGCGCAGCCGTAAAGTATT,0,4351217
yadI_predicted,0.09090909090909091,10,10,ACGCATTGTAGTTTTATCAC,0,4356360
yadI_predicted,0.09090909090909091,10,10,ACGATTGTAAGCTAAAGTAA,0,4361670
yadI_predicted,0.09090909090909091,10,10,ACGATCGGGATACAAGGTAC,0,4353026
yadI_predicted,0.09090909090909091,10,10,ACCTTGGCCGGCGAAATGAA,0,4321741
yadI_predicted,0.09090909090909091,10,10,ACCTTCGTGAGACCGCAAAT,0,4295329
yadI_predicted,0.09090909090909091,10,10,ACCTCGTAGGGCTTGTGATG,0,4313036
yadI_predicted,0.09090909090909091,10,10,ACCTAATGTTCTGACGGTGT,0,4309379
yadI_predicted,0.09090909090909091,10,10,ACCGGTCGCAACCGGCTTGC,0,4328034
yadI_predicted,0.09090909090909091,10,10,ACCGGACAGACAGAGACTTA,0,4357828
yadI_predicted,0.09090909090909091,10,10,ACCGGAATGGATCTACTCAT,0,4323629
yadI_predicted,0.09090909090909091,10,10,ACCGAGTCATACGATATTTG,0,4323751
yadI_predicted,0.09090909090909091,10,10,ACCCTTGGGTTACTCTTTCT,0,4356067
yadI_predicted,0.09090909090909091,10,10,ACCCGCAGTTGCATGCATAT,0,4297708
yadI_predicted,0.09090909090909091,10,10,ACCCAAACGAAGAGTAACCC,0,4299171
yadI_predicted,0.09090909090909091,10,10,ACCATTTTAGAGGTCGGACA,0,4315859
yadI_predicted,0.09090909090909091,10,10,ACCACGTGTGGGGCAATACA,0,4348963
yadI_predicted,0.09090909090909091,10,10,ACATTTGGCCGTGTTTCATG,0,4344086
yadI_predicted,0.09090909090909091,10,10,ACATGTGTAAAGTGCGACCT,0,4291293
yadI_predicted,0.09090909090909091,10,10,ACATGCCTGCGCTTCAGCAA,0,4325574
yadI_predicted,0.09090909090909091,10,10,ACATACCGAAAGGCATAGAA,0,4360623
yadI_predicted,0.09090909090909091,10,10,ACAGTGCGACGGCAAAAGAA,0,4365537
yadI_predicted,0.09090909090909091,10,10,ACAGGTGGGCAAACCACTCT,0,4304892
yadI_predicted,0.09090909090909091,10,10,ACAGGGCATCACGTGGGGAA,0,4323107
yadI_predicted,0.09090909090909091,10,10,ACACGTGCTCGAGGTGTTCA,0,4320001
yadI_predicted,0.09090909090909091,10,10,ACACGGCTTTATACTTTAGT,0,4338491
yadI_predicted,0.09090909090909091,10,10,ACACGATATGTCGTCAGCCC,0,4352927
yadI_predicted,0.09090909090909091,10,10,ACAATTCGCGAACAGAGCGT,0,4322420
yadI_predicted,0.09090909090909091,10,10,ACAATTCCTTTAGATGCACT,0,4286885
yadI_predicted,0.09090909090909091,10,10,ACAATCCACAATCTTTAACG,0,4326846
yadI_predicted,0.09090909090909091,10,10,AATTGCTTGCTTTCACGAAG,0,4319228
yadI_predicted,0.09090909090909091,10,10,AATTCTAGAGCGATGCATTA,0,4317812
yadI_predicted,0.09090909090909091,10,10,AATGCACGATTCATATAGTG,0,4304264
yadI_predicted,0.09090909090909091,10,10,AATGATTTTTAACCTTCCTG,0,4360710
yadI_predicted,0.09090909090909091,10,10,AATGATGAGATTCCCACCTT,0,4320553
yadI_predicted,0.09090909090909091,10,10,AATCTTGTATAGGGTCCAAT,0,4356179
yadI_predicted,0.09090909090909091,10,10,AATCGTTATTTGCGTGATAA,0,4348665
yadI_predicted,0.09090909090909091,10,10,AATCATTGAACACTAATAAG,0,4297140
yadI_predicted,0.09090909090909091,10,10,AATCAGGATTCATCGCCACA,0,4326588
yadI_predicted,0.09090909090909091,10,10,AATACGTACGCAAGACGCTA,0,4348881
yadI_predicted,0.09090909090909091,10,10,AATACGGGCTTCGACGTTAT,0,4287488
yadI_predicted,0.09090909090909091,10,10,AATAATCGATAGTATCCCGA,0,4359988
yadI_predicted,0.09090909090909091,10,10,AAGTTTTGGAAGTGTCCACA,0,4340175
yadI_predicted,0.09090909090909091,10,10,AAGTTATAGTTACGTTATCC,0,4301455
yadI_predicted,0.09090909090909091,10,10,AAGTTAATCCACTAGATGGC,0,4304331
yadI_predicted,0.09090909090909091,10,10,AAGTCGTTAATGAAAAAGAT,0,4321862
yadI_predicted,0.09090909090909091,10,10,AAGTCGCCGATATGTTTTTC,0,4284917
yadI_predicted,0.09090909090909091,10,10,AAGTCATGCGTTCATTGAAG,0,4311435
yadI_predicted,0.09090909090909091,10,10,AAGTCACACTATCAAGAGTT,0,4343412
yadI_predicted,0.09090909090909091,10,10,AAGTAAAGGTGTGGCCAAAG,0,4330650
yadI_predicted,0.09090909090909091,10,10,AAGGTTTCGGACGATTGGAT,0,4352758
yadI_predicted,0.09090909090909091,10,10,AAGGTTGGTCCAGTACTTAA,0,4298682
yadI_predicted,0.09090909090909091,10,10,AAGGTTCGCGATGGGTATCG,0,4364701
yadI_predicted,0.09090909090909091,10,10,AAGGCGGCGATATGTCCTAA,0,4320420
yadI_predicted,0.09090909090909091,10,10,AAGCGTACCACAATACGAGT,0,4325418
yadI_predicted,0.09090909090909091,10,10,AAGCGCTCTAGGTTGGTACA,0,4337812
yadI_predicted,0.09090909090909091,10,10,AAGCCTTCCTGGCTGTTTAC,0,4289784
yadI_predicted,0.09090909090909091,10,10,AAGCAGGCGGGAGAGAGTAA,0,4354371
yadI_predicted,0.09090909090909091,10,10,AAGCACCCGGCGGGAAGTTG,0,4368745
yadI_predicted,0.09090909090909091,10,10,AAGCAAACATTGAAGTTCAG,0,4337471
yadI_predicted,0.09090909090909091,10,10,AAGATGAACCGGCGCCCAAA,0,4357320
yadI_predicted,0.09090909090909091,10,10,AAGACGCTTGCTAATTATTG,0,4301195
yadI_predicted,0.09090909090909091,10,10,AAGACGAACATTTGGTTACA,0,4349280
yadI_predicted,0.09090909090909091,10,10,AAGAACACTCGGCAGATTAA,0,4340351
yadI_predicted,0.09090909090909091,10,10,AACTTTAATATTCTGAGACC,0,4297127
yadI_predicted,0.09090909090909091,10,10,AACTGTAGCTTTGTGGGTAA,0,4325897
yadI_predicted,0.09090909090909091,10,10,AACTGGTCTTCAGTGGCTGT,0,4327403
yadI_predicted,0.09090909090909091,10,10,AACTGACGTACATGATCATA,0,4311170
yadI_predicted,0.09090909090909091,10,10,AACTCGTCTGAAGCTTAACT,0,4299435
yadI_predicted,0.09090909090909091,10,10,AACGCGACGGGGCGGCACAT,0,4306937
yadI_predicted,0.09090909090909091,10,10,AACGATCACTGGGCGTTGTT,0,4316805
yadI_predicted,0.09090909090909091,10,10,AACGACCAAGGCGCGCCTCT,0,4331594
yadI_predicted,0.09090909090909091,10,10,AACGAATCACCGCGGCGGGG,0,4301013
yadI_predicted,0.09090909090909091,10,10,AACCTAAGCGCGTCAGGTTT,0,4337571
yadI_predicted,0.09090909090909091,10,10,AACCCGTCACCCGTGCTGAT,0,4357720
yadI_predicted,0.09090909090909091,10,10,AACCCGAAAACCTTGTTTTG,0,4305320
yadI_predicted,0.09090909090909091,10,10,AACATCAGCAAAGGTCCGAC,0,4357740
yadI_predicted,0.09090909090909091,10,10,AACATACCACTTGCCCTCAG,0,4316418
yadI_predicted,0.09090909090909091,10,10,AACACCCCACTCCTTGGGTA,0,4336140
yadI_predicted,0.09090909090909091,10,10,AACAAGCGCACCGTATCCTT,0,4347030
yadI_predicted,0.09090909090909091,10,10,AAATTCAGGTGAGTGGACAG,0,4341956
yadI_predicted,0.09090909090909091,10,10,AAATGACTGACAATTGTACG,0,4333656
yadI_predicted,0.09090909090909091,10,10,AAATCGTCGGTGCTCGGGCT,0,4284236
yadI_predicted,0.09090909090909091,10,10,AAATATCTGGTTGGACAGTA,0,4304825
yadI_predicted,0.09090909090909091,10,10,AAATATCATTAGCATACATC,0,4306026
yadI_predicted,0.09090909090909091,10,10,AAATAGATGGGCGCCACAGG,0,4323822
yadI_predicted,0.09090909090909091,10,10,AAAGTGGACCGTGTGGACAA,0,4307623
yadI_predicted,0.09090909090909091,10,10,AAAGGGCGTCCGTAGGTCTC,0,4339877
yadI_predicted,0.09090909090909091,10,10,AAAGGGCCGGGTGCAATCTA,0,4350670
yadI_predicted,0.09090909090909091,10,10,AAACGCTGAGTCCATATTTT,0,4315523
yadI_predicted,0.09090909090909091,10,10,AAACCTTGTAAATCTGCGAA,0,4292034
yadI_predicted,0.09090909090909091,10,10,AAACATGGGCATAGGCGGTA,0,4314140
yadI_predicted,0.09090909090909091,10,10,AAACAAGTGTGAGGGAACTT,0,4336752
yadI_predicted,0.09090909090909091,10,10,AAAATTCGCTGCCTAATGTA,0,4351415
yadI_predicted,0.09090909090909091,10,10,AAAATCCTTGAAGCGGCTGA,0,4293298
yadI_predicted,0.09090909090909091,10,10,AAAAGGAAAGGGTGGCACGA,0,4291658
yadI_predicted,0.09090909090909091,10,10,AAAAACGTATTATTATCAGG,0,4366412
yadI_predicted,0.1,9,9,TTTTTGGTCATAGTGGACAA,0,4328714
yadI_predicted,0.1,9,9,TTTTTGCTATTGTCCGGACA,0,4351853
yadI_predicted,0.1,9,9,TTTTGGTTCTTAAGACACGG,0,4306452
yadI_predicted,0.1,9,9,TTTTGACTGAGCTTTCACGG,0,4361423
yadI_predicted,0.1,9,9,TTTTCATAGTCGCCTCTAGC,0,4319943
yadI_predicted,0.1,9,9,TTTTCAGGATAGATATCGCA,0,4321423
yadI_predicted,0.1,9,9,TTTTAGGCCTGGCCATGATT,0,4336136
yadI_predicted,0.1,9,9,TTTGGATGAGCGTAACGTCC,0,4315992
yadI_predicted,0.1,9,9,TTTGCCTGCGACCACCACAA,0,4325330
yadI_predicted,0.1,9,9,TTTGAGGCCGTAGATCTTAA,0,4350859
yadI_predicted,0.1,9,9,TTTGACATGTGGTCCTTCAT,0,4302957
yadI_predicted,0.1,9,9,TTTCGGTAGTGTGTCTTAGC,0,4304859
yadI_predicted,0.1,9,9,TTTCCTCTTCACACAGATTA,0,4291239
yadI_predicted,0.1,9,9,TTTCATGGGAAGATGTCTGG,0,4300867
yadI_predicted,0.1,9,9,TTTCATCTTCCTCTTTTGGC,0,4355422
yadI_predicted,0.1,9,9,TTTCACCCCGAACGTTACCA,0,4324855
yadI_predicted,0.1,9,9,TTTAGACCTTCTACGGAACG,0,4339302
yadI_predicted,0.1,9,9,TTTAGACCGCTCAGTGCGAT,0,4293952
yadI_predicted,0.1,9,9,TTTACAGTTGAGGGACTGCA,0,4323104
yadI_predicted,0.1,9,9,TTTACAAGATGACTTGGGCG,0,4362432
yadI_predicted,0.1,9,9,TTTAATAGGTCTTCCGTCTC,0,4315612
yadI_predicted,0.1,9,9,TTTAAGGTTCTCAGAGCATC,0,4335902
yadI_predicted,0.1,9,9,TTTAACGGTTCACCTTGTCA,0,4367855
yadI_predicted,0.1,9,9,TTGTTCGAGGAAGCGCTCGT,0,4350771
yadI_predicted,0.1,9,9,TTGTTAACGAAAGTATGAGC,0,4357197
yadI_predicted,0.1,9,9,TTGTGGGTCCTGCCGCGGGA,0,4324020
yadI_predicted,0.1,9,9,TTGTAGTTTAGGCGCTGGAC,0,4362902
yadI_predicted,0.1,9,9,TTGTACCGTTTTCAACGGGA,0,4353625
yadI_predicted,0.1,9,9,TTGGTCAACGGCCTTCTGCA,0,4329004
yadI_predicted,0.1,9,9,TTGGGGGTAAGTTTGGGCCT,0,4313169
yadI_predicted,0.1,9,9,TTGGGAATCACCTGTCTTGT,0,4342804
yadI_predicted,0.1,9,9,TTGGCCACCGTGTTGCGGCA,0,4326334
yadI_predicted,0.1,9,9,TTGGAGAGGTCCGAGGTACA,0,4311926
yadI_predicted,0.1,9,9,TTGGACTTAGGCAATTTTTG,0,4295462
yadI_predicted,0.1,9,9,TTGGACGATGGGATATTCGG,0,4353195
yadI_predicted,0.1,9,9,TTGCTAGTTGACATTGTCCC,0,4325133
yadI_predicted,0.1,9,9,TTGCGCTCCTTAGGTCAGGG,0,4291480
yadI_predicted,0.1,9,9,TTGCATTACATCAGCCCATA,0,4297055
yadI_predicted,0.1,9,9,TTGCAATGATTTGGTCGATA,0,4301237
yadI_predicted,0.1,9,9,TTGCAATCGCGCTAGGGCGG,0,4305302
yadI_predicted,0.1,9,9,TTGACAACTCTAGCATGCTC,0,4363459
yadI_predicted,0.1,9,9,TTCTTGGGTGTGCGTTTGTA,0,4318607
yadI_predicted,0.1,9,9,TTCTTGCACTCGCGCCGAGG,0,4299718
yadI_predicted,0.1,9,9,TTCTGGATAATTGCGTGTAT,0,4349098
yadI_predicted,0.1,9,9,TTCTCAGTCGAGGTATATAC,0,4357125
yadI_predicted,0.1,9,9,TTCTACGGGAGCGACTCACA,0,4354352
yadI_predicted,0.1,9,9,TTCGTAGGGTACACGAACTA,0,4290898
yadI_predicted,0.1,9,9,TTCGGTTGTGGTTGGACAGT,0,4354154
yadI_predicted,0.1,9,9,TTCGCTGGCCGTTACGACGA,0,4301931
yadI_predicted,0.1,9,9,TTCGCGCTTACAAGTGCCAA,0,4289957
yadI_predicted,0.1,9,9,TTCGCATAGCGGCTCGGGAT,0,4320220
yadI_predicted,0.1,9,9,TTCCGTGTTTTCGAAGTACA,0,4334014
yadI_predicted,0.1,9,9,TTCCGACGTATAGTTGCTGG,0,4359759
yadI_predicted,0.1,9,9,TTCCCTCGTGAGATACTGAT,0,4353558
yadI_predicted,0.1,9,9,TTCCATCAATGGGGAGTAAC,0,4341579
yadI_predicted,0.1,9,9,TTCCACCGACCAAGCGTGGC,0,4289184
yadI_predicted,0.1,9,9,TTCATTAAAACGTCAGTGTA,0,4343258
yadI_predicted,0.1,9,9,TTATTGAAAACCTCTAAACG,0,4348072
yadI_predicted,0.1,9,9,TTATTCCTGTTTATAATAGG,0,4289670
yadI_predicted,0.1,9,9,TTATGGGGCAGCCGATTCTG,0,4344748
yadI_predicted,0.1,9,9,TTATCCGGGCAATCGCTGGA,0,4315782
yadI_predicted,0.1,9,9,TTATAGCGTTCGGAACCGCG,0,4292176
yadI_predicted,0.1,9,9,TTAGTCACTCAATCTCCACT,0,4339383
yadI_predicted,0.1,9,9,TTAGTAGCACAAACATCATT,0,4328806
yadI_predicted,0.1,9,9,TTAGGTACAAATTGTAAATG,0,4339457
yadI_predicted,0.1,9,9,TTAGGGGCTAAGTTATCTGT,0,4331592
yadI_predicted,0.1,9,9,TTAGCACTGTAGCGAGCGAC,0,4346445
yadI_predicted,0.1,9,9,TTACTCTATCCTTGTAAGAG,0,4335321
yadI_predicted,0.1,9,9,TTACTAAATTGACATGTATA,0,4339608
yadI_predicted,0.1,9,9,TTACCTCATTTATCAGCGGA,0,4299190
yadI_predicted,0.1,9,9,TTAAGGGCACCGATCCGTAC,0,4290019
yadI_predicted,0.1,9,9,TTAAGGCCGCGAGGTCTTGG,0,4323856
yadI_predicted,0.1,9,9,TTAAGGACTGACACCGAATG,0,4287837
yadI_predicted,0.1,9,9,TTAAGCTGTCGCGAAAAAGA,0,4293028
yadI_predicted,0.1,9,9,TGTTTTCACCCAGCGTATGC,0,4333817
yadI_predicted,0.1,9,9,TGTTGTTGATATTGATCAAA,0,4303252
yadI_predicted,0.1,9,9,TGTTGCGGGCGAAAGACGGG,0,4305520
yadI_predicted,0.1,9,9,TGTTCTGACCGTGAAAGAGT,0,4316741
yadI_predicted,0.1,9,9,TGTTCGCTAGACCAAATTTT,0,4325810
yadI_predicted,0.1,9,9,TGTTCCTGCGACCATTGGGA,0,4360916
yadI_predicted,0.1,9,9,TGTTATATTGGAAGTCACGA,0,4364440
yadI_predicted,0.1,9,9,TGTGTAGCTTCGCGGATAAG,0,4369586
yadI_predicted,0.1,9,9,TGTGGGAAACTGACCAACTG,0,4361952
yadI_predicted,0.1,9,9,TGTGGAATGGAGATACCGGT,0,4323677
yadI_predicted,0.1,9,9,TGTGCTAATGTATGGACATT,0,4349003
yadI_predicted,0.1,9,9,TGTGCGTGAGAAGCGGCGAC,0,4358158
yadI_predicted,0.1,9,9,TGTGCCAAGCCCACTCATGT,0,4293265
yadI_predicted,0.1,9,9,TGTGACGCATTCTGATTCCC,0,4340986
yadI_predicted,0.1,9,9,TGTCTTTTACACTCTTGTGG,0,4300738
yadI_predicted,0.1,9,9,TGTCGTAGTTTCATCTTAGG,0,4310578
yadI_predicted,0.1,9,9,TGTCGTACCGTCGGTCAGGA,0,4331410
yadI_predicted,0.1,9,9,TGTCCTAAGACGGCACTGCC,0,4300698
yadI_predicted,0.1,9,9,TGTCCACGGGCGGCTATTTG,0,4315237
yadI_predicted,0.1,9,9,TGTCAGAAGAGTCGCACGCT,0,4357655
yadI_predicted,0.1,9,9,TGTCACCGCCCTTAACTACA,0,4302642
yadI_predicted,0.1,9,9,TGTATGTGTGTAGAGCCTTA,0,4318246
yadI_predicted,0.1,9,9,TGTAGGCGGCAGGTGCATTA,0,4355373
yadI_predicted,0.1,9,9,TGTAGGCACGGCCACAGACG,0,4299476
yadI_predicted,0.1,9,9,TGTAGCATAAGGGTATTCAT,0,4307672
yadI_predicted,0.1,9,9,TGTAGATAACTTCAAATGAA,0,4350883
yadI_predicted,0.1,9,9,TGTAGACTTTCGGCTATGAC,0,4305104
yadI_predicted,0.1,9,9,TGTACCTGGGGAAGCCCCGA,0,4349403
yadI_predicted,0.1,9,9,TGTACATCACTGAGTGACTT,0,4362107
yadI_predicted,0.1,9,9,TGGTTTTACATACACTGTAC,0,4338352
yadI_predicted,0.1,9,9,TGGTGCGCGCGCTTAAAGCT,0,4320102
yadI_predicted,0.1,9,9,TGGTGATCCAGGGTTATGTA,0,4311156
yadI_predicted,0.1,9,9,TGGGTAGTTCCAACGTACCA,0,4331411
yadI_predicted,0.1,9,9,TGGGGGGTCCGACCACGGCG,0,4304108
yadI_predicted,0.1,9,9,TGGGGAACTGCTTGCAGCAT,0,4364599
yadI_predicted,0.1,9,9,TGGGCCGGACTTGCTGTGTG,0,4348762
yadI_predicted,0.1,9,9,TGGGACTGGAGCCAATATAG,0,4316716
yadI_predicted,0.1,9,9,TGGGACAACACTGTCTAGTT,0,4325092
yadI_predicted,0.1,9,9,TGGGACAACAAGGCGAACAA,0,4300350
yadI_predicted,0.1,9,9,TGGATGAGTGATGGCCTTTC,0,4305588
yadI_predicted,0.1,9,9,TGGATAGCATGATTGTTCAT,0,4320555
yadI_predicted,0.1,9,9,TGGAACGAGGGTGCGCATCT,0,4356655
yadI_predicted,0.1,9,9,TGCTGAATAGTAACCCGCTG,0,4331350
yadI_predicted,0.1,9,9,TGCTATCCACGAACGCTACA,0,4346036
yadI_predicted,0.1,9,9,TGCGTGTGCTCCAACTACTA,0,4344821
yadI_predicted,0.1,9,9,TGCGTAAATGGGATCCCAGT,0,4286599
yadI_predicted,0.1,9,9,TGCGGTTTACAGGTCCAGTA,0,4319406
yadI_predicted,0.1,9,9,TGCGGTGACCGGAAGTCCGT,0,4333088
yadI_predicted,0.1,9,9,TGCGCCAGGTCAGGCCTATA,0,4344545
yadI_predicted,0.1,9,9,TGCGACCGCTTGAAAACGTC,0,4349924
yadI_predicted,0.1,9,9,TGCCTAGAGTGGCTCCTCGA,0,4363776
yadI_predicted,0.1,9,9,TGCCGTTTTACGATTTTCTG,0,4300968
yadI_predicted,0.1,9,9,TGCCAATTCATCGCACTGAT,0,4318229
yadI_predicted,0.1,9,9,TGCAGATTTAAAGCTGGGGG,0,4294899
yadI_predicted,0.1,9,9,TGCAACCTGTATTCATCTGG,0,4332733
yadI_predicted,0.1,9,9,TGCAAAAGCCGGTACTGACA,0,4322219
yadI_predicted,0.1,9,9,TGATCGGATAATTCTTAGGC,0,4363139
yadI_predicted,0.1,9,9,TGATCAAGGGCGAGCGCCTT,0,4301135
yadI_predicted,0.1,9,9,TGATACTGCCGTTTAGGTGT,0,4355843
yadI_predicted,0.1,9,9,TGATAACTGTGGAGTCTCGT,0,4328386
yadI_predicted,0.1,9,9,TGAGGCTCAGGCTGGCACTT,0,4332729
yadI_predicted,0.1,9,9,TGAGGCCCCGAAGGAGCAGA,0,4306288
yadI_predicted,0.1,9,9,TGAGCCCTAGGTCAGATAGT,0,4338846
yadI_predicted,0.1,9,9,TGAGAAACGGAGTAAACTTC,0,4302644
yadI_predicted,0.1,9,9,TGACTTCTGAGTGATTTAAC,0,4363483
yadI_predicted,0.1,9,9,TGACGATTAAAGACCAGTGC,0,4365546
yadI_predicted,0.1,9,9,TGAACTGATCATCCTTGACG,0,4330563
yadI_predicted,0.1,9,9,TGAACTCCTGGAAAAGCGTT,0,4351019
yadI_predicted,0.1,9,9,TGAAAGTCGCGATGTATTCG,0,4369716
yadI_predicted,0.1,9,9,TCTTTTATCGAACACTTCAG,0,4346481
yadI_predicted,0.1,9,9,TCTTATGCATGTTTGTTGCA,0,4316255
yadI_predicted,0.1,9,9,TCTTAGGCTATCTTCTAAGT,0,4291101
yadI_predicted,0.1,9,9,TCTGAATGAGCCTCTGGATA,0,4286948
yadI_predicted,0.1,9,9,TCTCTAAGTACAAACCCCTG,0,4347489
yadI_predicted,0.1,9,9,TCTCGGACGCCCCAAGCTCC,0,4352149
yadI_predicted,0.1,9,9,TCTCGCTACGGGAGTCAGCT,0,4338693
yadI_predicted,0.1,9,9,TCTCGACACGGTTCGGCCCT,0,4295645
yadI_predicted,0.1,9,9,TCTCGAAATTATACTTGACC,0,4318324
yadI_predicted,0.1,9,9,TCTCACTTACTACATTTAGC,0,4309548
yadI_predicted,0.1,9,9,TCTATCGAGGGTTACGCCGG,0,4359151
yadI_predicted,0.1,9,9,TCGTTTTGGGCGGGTCAGCA,0,4355569
yadI_predicted,0.1,9,9,TCGTCAGGTAGAGTGGACGC,0,4339192
yadI_predicted,0.1,9,9,TCGGGCATCCGCCAAGGCAT,0,4367293
yadI_predicted,0.1,9,9,TCGGAGCGTTTCAAGTTACT,0,4347574
yadI_predicted,0.1,9,9,TCGCGTTGGCCGTACTAGGC,0,4306870
yadI_predicted,0.1,9,9,TCGCAAGAAGTGCGAGCACT,0,4367831
yadI_predicted,0.1,9,9,TCGAGTTTGTCCGTTAGCAG,0,4290673
yadI_predicted,0.1,9,9,TCGAGAGGCCGGGGCGCGTT,0,4321486
yadI_predicted,0.1,9,9,TCGAGACTGAGCGTGTGCGT,0,4319031
yadI_predicted,0.1,9,9,TCGAACTATGAGATCATGAA,0,4286475
yadI_predicted,0.1,9,9,TCGAAAGTTGTGAGTCGTTT,0,4319452
yadI_predicted,0.1,9,9,TCCTTTTACTGATACAGATG,0,4305327
yadI_predicted,0.1,9,9,TCCTGACTGGCGGCTTGGTC,0,4327790
yadI_predicted,0.1,9,9,TCCTCTGGTCTCCATGCCCA,0,4309186
yadI_predicted,0.1,9,9,TCCTATGGTTTCCGGCTGGA,0,4311664
yadI_predicted,0.1,9,9,TCCTAGTTGCGGAAGGGACT,0,4326412
yadI_predicted,0.1,9,9,TCCGTTCCCAATCGCCAAGG,0,4296787
yadI_predicted,0.1,9,9,TCCGTATGTCCCACTGGCTA,0,4345179
yadI_predicted,0.1,9,9,TCCGTAGATCGAATAAAGAC,0,4368440
yadI_predicted,0.1,9,9,TCCGCTTGCGGCTTTGCTTA,0,4298361
yadI_predicted,0.1,9,9,TCCCGGGAAGAACGGACTTG,0,4302807
yadI_predicted,0.1,9,9,TCCCGGACGAACAGAGGCGT,0,4369901
yadI_predicted,0.1,9,9,TCCCGAGTGGTAATAGGTGG,0,4348065
yadI_predicted,0.1,9,9,TCCCAGTATGCAGTGCCTTC,0,4287224
yadI_predicted,0.1,9,9,TCCCAGCCCGATCCGTCAGA,0,4315609
yadI_predicted,0.1,9,9,TCCCACTGCTCCATTAATCC,0,4335141
yadI_predicted,0.1,9,9,TCCCAATACGAACCTATATA,0,4314241
yadI_predicted,0.1,9,9,TCCATACCCCGGCATCCCGA,0,4322829
yadI_predicted,0.1,9,9,TCCAGCCAAAGCCATGCGGA,0,4365810
yadI_predicted,0.1,9,9,TCCAGCACATGGAATCGTTC,0,4332882
yadI_predicted,0.1,9,9,TCCAATGTGCCAACCATATT,0,4297408
yadI_predicted,0.1,9,9,TCATTGTGAGCCGTTTACTT,0,4320594
yadI_predicted,0.1,9,9,TCATTCTACCGGGCGGCTTG,0,4357127
yadI_predicted,0.1,9,9,TCATGAAGCAATATGCAATT,0,4338363
yadI_predicted,0.1,9,9,TCATCGGCGGTCTCAGGGAC,0,4364746
yadI_predicted,0.1,9,9,TCAGGTTCGTCCTGTTCGTG,0,4338907
yadI_predicted,0.1,9,9,TCAGCTACAAGGAGTAGTTA,0,4302861
yadI_predicted,0.1,9,9,TCAGCGCAGGTGGGCCAAAT,0,4339536
yadI_predicted,0.1,9,9,TCAGCAATATCGCTTCCATT,0,4359190
yadI_predicted,0.1,9,9,TCAGACTCGCACTAGATCTT,0,4363179
yadI_predicted,0.1,9,9,TCACTGGGCTACCGTCTTCA,0,4319189
yadI_predicted,0.1,9,9,TCACTGCGATTTTGCACAAT,0,4296126
yadI_predicted,0.1,9,9,TCACCTCGGCACAGCCAGAA,0,4292095
yadI_predicted,0.1,9,9,TCACCCATAAGAAATTCTAT,0,4315406
yadI_predicted,0.1,9,9,TCAATCGTAGATCTTTAAAG,0,4338157
yadI_predicted,0.1,9,9,TCAAGTCCTGCACAGGGTTC,0,4311902
yadI_predicted,0.1,9,9,TCAAGGCAGTCGTACATCAA,0,4286104
yadI_predicted,0.1,9,9,TCAAATAGGCGTTAGTAAGA,0,4340211
yadI_predicted,0.1,9,9,TATTTCTTGTCACTACAATA,0,4364289
yadI_predicted,0.1,9,9,TATTGTCATAAGCTCGACAG,0,4291871
yadI_predicted,0.1,9,9,TATTGCTACATGGTCAAGAC,0,4341449
yadI_predicted,0.1,9,9,TATTCTATTGACGGGCACTG,0,4284489
yadI_predicted,0.1,9,9,TATTAAAGTCCGCGAGCAAA,0,4344919
yadI_predicted,0.1,9,9,TATGTGAAGCATTATTTGTG,0,4307703
yadI_predicted,0.1,9,9,TATGTCACCGACTTATAAAT,0,4310768
yadI_predicted,0.1,9,9,TATGGCCAGAGCGGGAGGTC,0,4341878
yadI_predicted,0.1,9,9,TATGGACGAACAAGTATGAC,0,4326909
yadI_predicted,0.1,9,9,TATGCAGTAGCGCCAAACTG,0,4368107
yadI_predicted,0.1,9,9,TATCTTGGCCGCTCGATTGA,0,4307911
yadI_predicted,0.1,9,9,TATCTTCGAGGGAAATAAGA,0,4350975
yadI_predicted,0.1,9,9,TATCGTCGGTCAACCACCCT,0,4328427
yadI_predicted,0.1,9,9,TATCCATGCAAGATCGGGCA,0,4349767
yadI_predicted,0.1,9,9,TATCCATAGCGCGAGCCCCT,0,4336621
yadI_predicted,0.1,9,9,TATCACTCAGAGGGACAAGA,0,4320057
yadI_predicted,0.1,9,9,TATATGCATTGGTTCGCTTA,0,4324170
yadI_predicted,0.1,9,9,TATACTTCTTTTTGAGAAAG,0,4358336
yadI_predicted,0.1,9,9,TATACTCTTCACCGAGCTAC,0,4285730
yadI_predicted,0.1,9,9,TAGGTATAATCCTCTCGACT,0,4288377
yadI_predicted,0.1,9,9,TAGGAACTTCTGGGAATTAC,0,4300357
yadI_predicted,0.1,9,9,TAGCTTTACATCTTCTGCGA,0,4339203
yadI_predicted,0.1,9,9,TAGCTTATGATGAAAAAGGA,0,4330644
yadI_predicted,0.1,9,9,TAGCCGAGGATCTGTGCGCA,0,4326555
yadI_predicted,0.1,9,9,TAGCAGAGAACCGAGTCTGA,0,4295381
yadI_predicted,0.1,9,9,TAGATTTCGTGGACCTCGGG,0,4289021
yadI_predicted,0.1,9,9,TAGATCAGGGGTTTCCGCAT,0,4327899
yadI_predicted,0.1,9,9,TAGAAAAAACCCTCCCTAAG,0,4346639
yadI_predicted,0.1,9,9,TACTGGGTTTTAGTTACCTC,0,4356297
yadI_predicted,0.1,9,9,TACTGGGTGTCTTGCACCCG,0,4300654
yadI_predicted,0.1,9,9,TACTGGACTAAAGCTCCATA,0,4293669
yadI_predicted,0.1,9,9,TACTCGGGACATTTTGGAGG,0,4339105
yadI_predicted,0.1,9,9,TACTCATCCTTTCTGATGGG,0,4332445
yadI_predicted,0.1,9,9,TACGTTCCCCTAGCCCCCAA,0,4316218
yadI_predicted,0.1,9,9,TACGTGGGGATGCATTACCA,0,4354796
yadI_predicted,0.1,9,9,TACGTGCTGACCTTTGAGGC,0,4350836
yadI_predicted,0.1,9,9,TACGGACTACGAAAGCCTCA,0,4337290
yadI_predicted,0.1,9,9,TACGCGCCTTGTATCTGCAT,0,4341513
yadI_predicted,0.1,9,9,TACGAACCTAAGAACTGTCA,0,4324232
yadI_predicted,0.1,9,9,TACCGCTGGAAGACTTGAAA,0,4320209
yadI_predicted,0.1,9,9,TACCAAAACGTTGAAGAGCA,0,4310590
yadI_predicted,0.1,9,9,TACATGGTACGGCCCGCGAT,0,4295054
yadI_predicted,0.1,9,9,TACAGCAGCAGGCCGGTCGA,0,4349285
yadI_predicted,0.1,9,9,TACACGGTCTTGCCTTTTTT,0,4325934
yadI_predicted,0.1,9,9,TACACGACAGTGGTTATAGT,0,4358082
yadI_predicted,0.1,9,9,TACAAGAAGCCTTTCGAAAC,0,4289718
yadI_predicted,0.1,9,9,TAATTCGCCGTTAGCATGTT,0,4307025
yadI_predicted,0.1,9,9,TAATTATTACCGGAAGGACA,0,4329858
yadI_predicted,0.1,9,9,TAATTATCTGTAGGTGCCTC,0,4289013
yadI_predicted,0.1,9,9,TAATGATAATTAGAGGTGAT,0,4352040
yadI_predicted,0.1,9,9,TAATATATTAATACAACAAG,0,4291817
yadI_predicted,0.1,9,9,TAAGTGTACGCTTATTTTCC,0,4324290
yadI_predicted,0.1,9,9,TAAGGATCTATGAGATATAT,0,4311665
yadI_predicted,0.1,9,9,TAAGGAGCATACAATGGTCT,0,4319478
yadI_predicted,0.1,9,9,TAAATGCCGCCATGACGGAG,0,4298515
yadI_predicted,0.1,9,9,TAAATATCACGGGTTCACTT,0,4295763
yadI_predicted,0.1,9,9,TAAATAGCATCGCTACGAGC,0,4346949
yadI_predicted,0.1,9,9,TAAACGGTATTACGAAAGTC,0,4293919
yadI_predicted,0.1,9,9,TAAACGCAGCGCCACCCCAG,0,4355943
yadI_predicted,0.1,9,9,TAAAAACTGCTCAGAGTCTC,0,4344803
yadI_predicted,0.1,9,9,TAAAAACAGAGCCCATCCCT,0,4351788
yadI_predicted,0.1,9,9,GTTTGCGTAACTATGTATAT,0,4364733
yadI_predicted,0.1,9,9,GTTTGACCCTCAAAAAGGAG,0,4339404
yadI_predicted,0.1,9,9,GTTTCGGTGCTATTATGGTT,0,4349523
yadI_predicted,0.1,9,9,GTTTCGGTAGGGTGCAACGT,0,4289597
yadI_predicted,0.1,9,9,GTTTCCGACGGTTCGATTAC,0,4334830
yadI_predicted,0.1,9,9,GTTTATCCCGTGCCGCATCA,0,4303106
yadI_predicted,0.1,9,9,GTTTATAAGAGCATTTTCTA,0,4355805
yadI_predicted,0.1,9,9,GTTTACCCAAAAGGGGACTC,0,4294179
yadI_predicted,0.1,9,9,GTTTAAGAGGTCCCACTTTC,0,4285948
yadI_predicted,0.1,9,9,GTTGTCACTAACCCGGGTAC,0,4327719
yadI_predicted,0.1,9,9,GTTGTACACAACTCCACTAT,0,4362014
yadI_predicted,0.1,9,9,GTTGTAATTATCAAGCATGT,0,4291656
yadI_predicted,0.1,9,9,GTTGGAGTTTGGATTGCTGC,0,4344014
yadI_predicted,0.1,9,9,GTTGCTGCTCGTTATATAAC,0,4349000
yadI_predicted,0.1,9,9,GTTGCCAACCCGAACGCAAT,0,4333102
yadI_predicted,0.1,9,9,GTTGATGAGGGAACCTCCGA,0,4334352
yadI_predicted,0.1,9,9,GTTCTACCAAGTCAATTGCC,0,4362515
yadI_predicted,0.1,9,9,GTTCGGAGACCTTGCTACCG,0,4312705
yadI_predicted,0.1,9,9,GTTCGACCAATTAATCCACG,0,4292599
yadI_predicted,0.1,9,9,GTTCCATTCCATGGAGACGA,0,4307521
yadI_predicted,0.1,9,9,GTTCATCACACGTTGGAAGC,0,4323105
yadI_predicted,0.1,9,9,GTTCAGTTTGTGGAGATGAA,0,4309232
yadI_predicted,0.1,9,9,GTTATAGGACAGAAACAGTT,0,4293299
yadI_predicted,0.1,9,9,GTTAGACAGTTGATTTAGGT,0,4355751
yadI_predicted,0.1,9,9,GTTACTGGCGCTTTAAAAAA,0,4306838
yadI_predicted,0.1,9,9,GTTAATTCGACGCGTATAAA,0,4306426
yadI_predicted,0.1,9,9,GTGTTATACCTCCTTACCTC,0,4349664
yadI_predicted,0.1,9,9,GTGTGTCTCGAACACGCACA,0,4315348
yadI_predicted,0.1,9,9,GTGTGTCACCTGCGGTGCAT,0,4286616
yadI_predicted,0.1,9,9,GTGGTCCCGTACATAATAAT,0,4319234
yadI_predicted,0.1,9,9,GTGGGTAGTATCTGTGTGAC,0,4361121
yadI_predicted,0.1,9,9,GTGGGATTTGTAACGCTAGA,0,4356810
yadI_predicted,0.1,9,9,GTGGGAGCGGTTGGGGACGT,0,4301912
yadI_predicted,0.1,9,9,GTGGCCTCGTCGAGTGCGGC,0,4285803
yadI_predicted,0.1,9,9,GTGCTTGGCGGGTCATTCGA,0,4317381
yadI_predicted,0.1,9,9,GTGCTAAAGATGGGGAAGGC,0,4340699
yadI_predicted,0.1,9,9,GTGCACAAGCCTTAACAGGA,0,4362729
yadI_predicted,0.1,9,9,GTGATATGGGAGCCGCCCTA,0,4349843
yadI_predicted,0.1,9,9,GTCTGCTAGGCAGACGGGCG,0,4285373
yadI_predicted,0.1,9,9,GTCTGAGCTTGTACCTTCTA,0,4288128
yadI_predicted,0.1,9,9,GTCTCGTAGATCCATCCACA,0,4325806
yadI_predicted,0.1,9,9,GTCTCAGTGGGTTTGCTCGT,0,4332239
yadI_predicted,0.1,9,9,GTCTAGGCATCTTGGAATTA,0,4341476
yadI_predicted,0.1,9,9,GTCGCGTCGATCGTCAGGTA,0,4362447
yadI_predicted,0.1,9,9,GTCGAGCCAAGACTATACTG,0,4367080
yadI_predicted,0.1,9,9,GTCCTGTACCGGCAGCAGAT,0,4323556
yadI_predicted,0.1,9,9,GTCCTGGCCCCCGCCTTTTT,0,4325899
yadI_predicted,0.1,9,9,GTCCCAAGCAACGTTGGGAC,0,4352711
yadI_predicted,0.1,9,9,GTCATTTCATTCCTAGGGTT,0,4360843
yadI_predicted,0.1,9,9,GTCATAAGTTGTCGCAGCCG,0,4336719
yadI_predicted,0.1,9,9,GTCAGTTTCCCCGATAAGGT,0,4292923
yadI_predicted,0.1,9,9,GTCAGGTTAGGTCAATATAG,0,4334311
yadI_predicted,0.1,9,9,GTCACGTGCAAGCAACAAAG,0,4320651
yadI_predicted,0.1,9,9,GTCACGGTACGCACGGTTCT,0,4369959
yadI_predicted,0.1,9,9,GTCACCGGTATAGGGACTAA,0,4324542
yadI_predicted,0.1,9,9,GTCAAGGATTTGCGTGAAAA,0,4360217
yadI_predicted,0.1,9,9,GTCAACGGACCTTGCCAGCA,0,4333242
yadI_predicted,0.1,9,9,GTCAAAGCCTGTTGATAGTA,0,4297227
yadI_predicted,0.1,9,9,GTATGCACTGTAAACAAAAT,0,4302657
yadI_predicted,0.1,9,9,GTATATTCAGCTCTAAGTCA,0,4366374
yadI_predicted,0.1,9,9,GTATAGGAGGATTTTGTCAG,0,4311884
yadI_predicted,0.1,9,9,GTAGTTGGACGATTAGTCTC,0,4294979
yadI_predicted,0.1,9,9,GTAGTGTCTGTACTTCTTCT,0,4362222
yadI_predicted,0.1,9,9,GTAGTGTCCTCTGCTTGCAG,0,4336020
yadI_predicted,0.1,9,9,GTAGGTTGATGTTTTATACT,0,4353186
yadI_predicted,0.1,9,9,GTAGGTGGCAATGGACGAAT,0,4295752
yadI_predicted,0.1,9,9,GTAGGGCTCCGCCGGTGGGT,0,4301258
yadI_predicted,0.1,9,9,GTAGGGCCTCCAATGTAGAC,0,4324827
yadI_predicted,0.1,9,9,GTAGCCTTTGGTCAGGAAAG,0,4349876
yadI_predicted,0.1,9,9,GTAGATGATACCCTCTGAGA,0,4306655
yadI_predicted,0.1,9,9,GTAGAGTCTGCGACCCCGCC,0,4286699
yadI_predicted,0.1,9,9,GTAGAGCAGGTACTTTGGTA,0,4328517
yadI_predicted,0.1,9,9,GTACTACCCCACGGCGCCAA,0,4361427
yadI_predicted,0.1,9,9,GTACAACTTCGCGGTCCGCA,0,4353059
yadI_predicted,0.1,9,9,GTAATTTAAATGTATACATG,0,4341770
yadI_predicted,0.1,9,9,GTAATCCGTCATAATCAGAG,0,4299111
yadI_predicted,0.1,9,9,GTAAGCCGCTCCCTTGGTGC,0,4286560
yadI_predicted,0.1,9,9,GTAACACCGCTCGTGCAGAA,0,4289223
yadI_predicted,0.1,9,9,GTAACAAACGAATTACATCG,0,4353185
yadI_predicted,0.1,9,9,GTAAATAGGCGTACGAAATC,0,4304004
yadI_predicted,0.1,9,9,GGTTGGGTGACAGCTGCTGC,0,4349355
yadI_predicted,0.1,9,9,GGTTGGAAAACGCCCTAGGC,0,4358612
yadI_predicted,0.1,9,9,GGTTAGAGAGAGCCACTACT,0,4340369
yadI_predicted,0.1,9,9,GGTTAATTAAGGACTTGCAA,0,4345510
yadI_predicted,0.1,9,9,GGTTAAAAATCGGTGATCAC,0,4321358
yadI_predicted,0.1,9,9,GGTGTTAAAAGTGAGGAAAA,0,4364217
yadI_predicted,0.1,9,9,GGTGACCCGAGTCTCGGATG,0,4294888
yadI_predicted,0.1,9,9,GGTCGATTAGGCTGTACATT,0,4361771
yadI_predicted,0.1,9,9,GGTCGATGTGCCATGCACGA,0,4352874
yadI_predicted,0.1,9,9,GGTCCTGACGCGAAGGAAAC,0,4363740
yadI_predicted,0.1,9,9,GGTATGGGCTCCTAACTCTT,0,4314481
yadI_predicted,0.1,9,9,GGTAGCTGTCGCACGGACCA,0,4365956
yadI_predicted,0.1,9,9,GGTAACGGGCCTCACTCGAA,0,4370016
yadI_predicted,0.1,9,9,GGGTTGCCCGGAATTTATTT,0,4313298
yadI_predicted,0.1,9,9,GGGTCTTTTCCCACCCAAGC,0,4307147
yadI_predicted,0.1,9,9,GGGTCTGCGTAGGTATACCA,0,4287576
yadI_predicted,0.1,9,9,GGGTCACAGCATACGTGGAT,0,4318083
yadI_predicted,0.1,9,9,GGGTCAACGCCGGCGCGTTT,0,4304451
yadI_predicted,0.1,9,9,GGGTAGAGGAGGTTGAATCA,0,4291881
yadI_predicted,0.1,9,9,GGGTACGTAAATCGGTGGGC,0,4364917
yadI_predicted,0.1,9,9,GGGGTTAGCAATTCTTTCGA,0,4353990
yadI_predicted,0.1,9,9,GGGGTATTTCGTCAGCTTCT,0,4316429
yadI_predicted,0.1,9,9,GGGGGGCTTCAGTCTTCGGG,0,4370002
yadI_predicted,0.1,9,9,GGGGGAGACCCTAACGTAAC,0,4335059
yadI_predicted,0.1,9,9,GGGGCCTATCTGATTATACA,0,4291888
yadI_predicted,0.1,9,9,GGGGCAAGTGACCTGTGCAG,0,4315672
yadI_predicted,0.1,9,9,GGGGCAACACATAGACAACA,0,4305461
yadI_predicted,0.1,9,9,GGGGAGTGACCCGAGCTATA,0,4322171
yadI_predicted,0.1,9,9,GGGGAAGGACATACTCTCTG,0,4285871
yadI_predicted,0.1,9,9,GGGGAAGCGGCTAGTGTCGT,0,4344878
yadI_predicted,0.1,9,9,GGGCTGCAGTAAGCCACGTA,0,4288206
yadI_predicted,0.1,9,9,GGGCGGTCTCGGAATATGCA,0,4319141
yadI_predicted,0.1,9,9,GGGCCATCTCTACTGAATAA,0,4297356
yadI_predicted,0.1,9,9,GGGCATGGGCGGTATCTACT,0,4345115
yadI_predicted,0.1,9,9,GGGCAATAAACTGTATCTGG,0,4295163
yadI_predicted,0.1,9,9,GGGAGGAATTGTCGCAGCAG,0,4308738
yadI_predicted,0.1,9,9,GGCTTGCCTCATTTTGGCTT,0,4284588
yadI_predicted,0.1,9,9,GGCTTACTTATTGGCAAGCA,0,4299344
yadI_predicted,0.1,9,9,GGCTGGCATTTCCGTCGCAA,0,4324347
yadI_predicted,0.1,9,9,GGCTCGGTGGCAAATTTGGG,0,4360876
yadI_predicted,0.1,9,9,GGCTAAGCGGTCATCGAATT,0,4313076
yadI_predicted,0.1,9,9,GGCGTTCGAGTGAACAGTCC,0,4332206
yadI_predicted,0.1,9,9,GGCGGTTTTTAGATGTCACG,0,4355465
yadI_predicted,0.1,9,9,GGCGCAGTCATCGGGGTCCC,0,4342891
yadI_predicted,0.1,9,9,GGCGCACGGCGCATGTTTGG,0,4359140
yadI_predicted,0.1,9,9,GGCGAGCATTCCTATGTTGT,0,4354728
yadI_predicted,0.1,9,9,GGCGAATTTCTTGTAAGAAG,0,4308742
yadI_predicted,0.1,9,9,GGCGAAATTCGCCTCTAACA,0,4320891
yadI_predicted,0.1,9,9,GGCCCGTAGCTTACTAAAAT,0,4336282
yadI_predicted,0.1,9,9,GGCCAGACAGAAAGTGTACA,0,4335945
yadI_predicted,0.1,9,9,GGCATCGCACGCTCCAAAAG,0,4367374
yadI_predicted,0.1,9,9,GGCAGTATTCAATCCACATG,0,4359585
yadI_predicted,0.1,9,9,GGCAGGCTCTCTCGGCAGAA,0,4367688
yadI_predicted,0.1,9,9,GGCAGCAGTACCCCTCGCAA,0,4321790
yadI_predicted,0.1,9,9,GGCACTGAAACATGCGCGCC,0,4295215
yadI_predicted,0.1,9,9,GGCACGGAAGTCAGAGCCAA,0,4344925
yadI_predicted,0.1,9,9,GGCACCTAACCCTTCACTTC,0,4365887
yadI_predicted,0.1,9,9,GGCACATAGTTATCGGATAA,0,4319546
yadI_predicted,0.1,9,9,GGCAAGGAACGTGCATACAA,0,4329545
yadI_predicted,0.1,9,9,GGATGTGGGGCGTATCAACT,0,4321551
yadI_predicted,0.1,9,9,GGATGGTCCAAACAATAGGG,0,4312465
yadI_predicted,0.1,9,9,GGATGGTAAATAAAAGCACA,0,4364790
yadI_predicted,0.1,9,9,GGATCTCTTTTGGAGATTCG,0,4359438
yadI_predicted,0.1,9,9,GGAGTAATGGTTACCGGCTG,0,4304283
yadI_predicted,0.1,9,9,GGAGGATAGCCATGCTTGAG,0,4333118
yadI_predicted,0.1,9,9,GGAGCGCTCCTTTGCAAGGT,0,4309204
yadI_predicted,0.1,9,9,GGAGCCACTGTCCCCGTAAG,0,4313932
yadI_predicted,0.1,9,9,GGACTCGGGCATGATTGGGT,0,4319186
yadI_predicted,0.1,9,9,GGACGTTTGGGAGGATGTGT,0,4289990
yadI_predicted,0.1,9,9,GGACGGGTCCTGCGATAGTC,0,4324829
yadI_predicted,0.1,9,9,GGACGGAGACCCAAGCATCG,0,4309474
yadI_predicted,0.1,9,9,GGAATACCTGTTTCGGCTGT,0,4341494
yadI_predicted,0.1,9,9,GGAAAGCTCAAGGTCCAGAT,0,4307048
yadI_predicted,0.1,9,9,GGAAACTTTGATTTGGGGGT,0,4291583
yadI_predicted,0.1,9,9,GCTTTAGATGCTGTTGAACT,0,4351264
yadI_predicted,0.1,9,9,GCTTGGAGAGTGACCGCTGA,0,4346966
yadI_predicted,0.1,9,9,GCTTCTTTAGGGTTTAGCTG,0,4304481
yadI_predicted,0.1,9,9,GCTTAGATCTAGAGAGGCCC,0,4325134
yadI_predicted,0.1,9,9,GCTGTCTTCCGGTCTTGGCA,0,4355845
yadI_predicted,0.1,9,9,GCTGTCGTAATGGTTCGGAT,0,4361547
yadI_predicted,0.1,9,9,GCTGGCCTCGGTATTACCCA,0,4313743
yadI_predicted,0.1,9,9,GCTGAGAGATAGAAATCGGC,0,4299197
yadI_predicted,0.1,9,9,GCTCGTTTTACCCCGCAACA,0,4309539
yadI_predicted,0.1,9,9,GCTCGTTCTTTGACTGGTGA,0,4346553
yadI_predicted,0.1,9,9,GCTCGTAGCGGAATTCGAAT,0,4342668
yadI_predicted,0.1,9,9,GCTCATTATGTGTCTTACAT,0,4331077
yadI_predicted,0.1,9,9,GCTCAGGCGGACAGTGAGCA,0,4307940
yadI_predicted,0.1,9,9,GCTCAATCTCACTCGCTACG,0,4334124
yadI_predicted,0.1,9,9,GCTAGTACGCAGTGTGGATG,0,4331739
yadI_predicted,0.1,9,9,GCTAATGCATTGATTTTACG,0,4339907
yadI_predicted,0.1,9,9,GCGTGCCGTATATTCAGCAT,0,4286130
yadI_predicted,0.1,9,9,GCGTCACCCGTAGTGGGAAT,0,4335903
yadI_predicted,0.1,9,9,GCGTAGGCTGGAGTGGATTC,0,4316942
yadI_predicted,0.1,9,9,GCGGGGGCGAACTAAACTCT,0,4295377
yadI_predicted,0.1,9,9,GCGGGCGGGGTCCACAACTG,0,4358549
yadI_predicted,0.1,9,9,GCGGAATGACATTAAGCCCT,0,4357603
yadI_predicted,0.1,9,9,GCGCGTAGTCCGGCGGCCAG,0,4321821
yadI_predicted,0.1,9,9,GCGACATTTGCCAGGCCTGT,0,4291560
yadI_predicted,0.1,9,9,GCGAATGTCGGACAGAATAA,0,4344885
yadI_predicted,0.1,9,9,GCCTTACTAAATCACTACGG,0,4330785
yadI_predicted,0.1,9,9,GCCTGGGAGTCCAAACCCCT,0,4305263
yadI_predicted,0.1,9,9,GCCTGGACGAAATCTACCGC,0,4362319
yadI_predicted,0.1,9,9,GCCTGATAACGTGAGTTCGA,0,4300278
yadI_predicted,0.1,9,9,GCCTCTGGGTCTCACGCCCT,0,4316256
yadI_predicted,0.1,9,9,GCCTCCGATCACTCCAGGGT,0,4329259
yadI_predicted,0.1,9,9,GCCTCAATCCGATAAGGTGC,0,4356619
yadI_predicted,0.1,9,9,GCCTAAGAATCTGCAGTCTT,0,4357806
yadI_predicted,0.1,9,9,GCCGTGTGTGGTATTAAGGC,0,4331563
yadI_predicted,0.1,9,9,GCCGGTTTGAGCGAAGATCT,0,4360592
yadI_predicted,0.1,9,9,GCCGGGTTTCTCATGGAACA,0,4333139
yadI_predicted,0.1,9,9,GCCGGAAGGCACCACTATCT,0,4338289
yadI_predicted,0.1,9,9,GCCGCTCCTACGCAGAGCCT,0,4341105
yadI_predicted,0.1,9,9,GCCGCGCGAGTGAGCGTCCC,0,4298341
yadI_predicted,0.1,9,9,GCCGCATTACGCGTTTTTCG,0,4317674
yadI_predicted,0.1,9,9,GCCGCAGGTGTATATCCATC,0,4313861
yadI_predicted,0.1,9,9,GCCGATCTTGCATGGGTACT,0,4350969
yadI_predicted,0.1,9,9,GCCCGTCGCGCTGGAGCAAA,0,4359536
yadI_predicted,0.1,9,9,GCCCCGGGTTTTTTATTTGT,0,4336322
yadI_predicted,0.1,9,9,GCCCACGAGTCATTCTCGTC,0,4324419
yadI_predicted,0.1,9,9,GCCATGAGCCGCTAGGCTTC,0,4287826
yadI_predicted,0.1,9,9,GCCATCTACAAACCTTGGAC,0,4356958
yadI_predicted,0.1,9,9,GCCATAGAGGCCGTAGGATC,0,4313527
yadI_predicted,0.1,9,9,GCCAAGAGGCCGCTTCCGGT,0,4340420
yadI_predicted,0.1,9,9,GCATTTCCTTAGAGACACTC,0,4288619
yadI_predicted,0.1,9,9,GCAGTGATGTTGGATGGCGT,0,4338444
yadI_predicted,0.1,9,9,GCAGGTCAGTCGGGGGCTCT,0,4369466
yadI_predicted,0.1,9,9,GCAGAAGCATGTAAAATGGT,0,4287017
yadI_predicted,0.1,9,9,GCACTCCGGCTCAAATCCTG,0,4304991
yadI_predicted,0.1,9,9,GCACGGGGATTTATTACTCT,0,4287828
yadI_predicted,0.1,9,9,GCACGCGTACACGACAAACT,0,4354386
yadI_predicted,0.1,9,9,GCACGACATAAGGATTTGGA,0,4354518
yadI_predicted,0.1,9,9,GCACCCGTTCGGCCTCCCGA,0,4353415
yadI_predicted,0.1,9,9,GCACCAAAGGCGGCGATACT,0,4358216
yadI_predicted,0.1,9,9,GCACAAGGTTTTGCCGGTAG,0,4346338
yadI_predicted,0.1,9,9,GCAAGGATTGACCATTGTCT,0,4312902
yadI_predicted,0.1,9,9,GCAACTTGCCTTATCGAATG,0,4355480
yadI_predicted,0.1,9,9,GCAACGCGTGATGCAGTTAG,0,4321958
yadI_predicted,0.1,9,9,GCAAAATAGTCCACGCACTC,0,4291419
yadI_predicted,0.1,9,9,GATTTCCAAGAAGACGCATA,0,4360436
yadI_predicted,0.1,9,9,GATGTCTGAGAATCTCTTCT,0,4296295
yadI_predicted,0.1,9,9,GATGTACGGAGACGGCCCAC,0,4332953
yadI_predicted,0.1,9,9,GATGGAGTTCTGTGGTACTC,0,4334040
yadI_predicted,0.1,9,9,GATGGAAGTCATAGACGGTT,0,4339271
yadI_predicted,0.1,9,9,GATCTTGCAATCAAATAACT,0,4349397
yadI_predicted,0.1,9,9,GATCTGCTTCTTGTGACTAA,0,4351262
yadI_predicted,0.1,9,9,GATCGCGCTTCAAGTGGCCG,0,4300659
yadI_predicted,0.1,9,9,GATCCTCTTCAAACTGTAGG,0,4311314
yadI_predicted,0.1,9,9,GATCCTAGCGATCATATACT,0,4308934
yadI_predicted,0.1,9,9,GATCATCGGCATCTTTAGGT,0,4332650
yadI_predicted,0.1,9,9,GATCATAATGAGCTACTGCG,0,4297311
yadI_predicted,0.1,9,9,GATCAGTTATAGGCCTCGTA,0,4327758
yadI_predicted,0.1,9,9,GATCACCCTGGGTGTGATCA,0,4285851
yadI_predicted,0.1,9,9,GATAGTCTCTCTAGGGACTT,0,4346769
yadI_predicted,0.1,9,9,GAGTGACAAGCAAACAATTT,0,4351727
yadI_predicted,0.1,9,9,GAGTCCCGCATAGATCGAGA,0,4312661
yadI_predicted,0.1,9,9,GAGTACAGCGCGATCGTTGA,0,4304693
yadI_predicted,0.1,9,9,GAGGTATTTGAAGTTTTGTC,0,4353362
yadI_predicted,0.1,9,9,GAGGTAAACCCGCGTTACAA,0,4357558
yadI_predicted,0.1,9,9,GAGGCTCATCTTATTCCGAA,0,4285665
yadI_predicted,0.1,9,9,GAGGCCGTTCTGCAATTAGA,0,4316578
yadI_predicted,0.1,9,9,GAGGATGGCTAGGCTTGCCA,0,4321086
yadI_predicted,0.1,9,9,GAGGACGTAAATAGACCTAT,0,4348110
yadI_predicted,0.1,9,9,GAGCTTCTTTTGTGATCCAA,0,4287158
yadI_predicted,0.1,9,9,GAGCTGAGACCTAACCTCGT,0,4306898
yadI_predicted,0.1,9,9,GAGCATCTGTGTTCCCTATT,0,4295285
yadI_predicted,0.1,9,9,GAGAAGTTCCGAATTTATGA,0,4328952
yadI_predicted,0.1,9,9,GACTTGGGAGGAAGGACAGT,0,4301138
yadI_predicted,0.1,9,9,GACTCGGCTGATGGCCAGAA,0,4359453
yadI_predicted,0.1,9,9,GACGTGTGCGAGTACACGAC,0,4339324
yadI_predicted,0.1,9,9,GACGTGGGATAAATAAAGGA,0,4340253
yadI_predicted,0.1,9,9,GACGTAATCCATCCCTCCTT,0,4352051
yadI_predicted,0.1,9,9,GACGGGTTACCCTGAGCGCT,0,4349835
yadI_predicted,0.1,9,9,GACGGCGACCGCACTGTCGC,0,4300236
yadI_predicted,0.1,9,9,GACCGAGGTGCGGCTCCCGT,0,4361616
yadI_predicted,0.1,9,9,GACATTAAGCGTTCGTTATT,0,4302662
yadI_predicted,0.1,9,9,GACAGCCTCTGGCTATACCG,0,4323298
yadI_predicted,0.1,9,9,GACAACAGTGGTTGGGTATT,0,4330707
yadI_predicted,0.1,9,9,GAATGTTCATGGGACAGTAA,0,4295689
yadI_predicted,0.1,9,9,GAATGTGAACCCGGTGGATT,0,4358002
yadI_predicted,0.1,9,9,GAATGTAGTTTGAGGGACGG,0,4315926
yadI_predicted,0.1,9,9,GAATCTCACGCTGACGCATT,0,4308393
yadI_predicted,0.1,9,9,GAATCGGTACACTAAGCAGT,0,4367559
yadI_predicted,0.1,9,9,GAATCCTCGCGGTATTAGTG,0,4353119
yadI_predicted,0.1,9,9,GAATATGTCGGCCAAGTCCA,0,4332049
yadI_predicted,0.1,9,9,GAATAATCAGGCGGGGCTGG,0,4285368
yadI_predicted,0.1,9,9,GAATAAAACCAAATAGTTCT,0,4359596
yadI_predicted,0.1,9,9,GAAGTCTCATGGGGGAGAGG,0,4327455
yadI_predicted,0.1,9,9,GAAGGGTCTGGGGCCAACAA,0,4344063
yadI_predicted,0.1,9,9,GAAGGACTGTGAGAGGAGAA,0,4293931
yadI_predicted,0.1,9,9,GAACCAAGTGAAATAACGTG,0,4320623
yadI_predicted,0.1,9,9,GAAAGAACGGGCTTCCCAAA,0,4363108
yadI_predicted,0.1,9,9,GAAACCAGGGATTGGAGAAA,0,4307201
yadI_predicted,0.1,9,9,CTTTTAAAGGGTCATAGTGA,0,4343014
yadI_predicted,0.1,9,9,CTTTGGTGGTAGAGATGATC,0,4333930
yadI_predicted,0.1,9,9,CTTTGCATTGAGCCGCGCTT,0,4324618
yadI_predicted,0.1,9,9,CTTTCGCCTCCTTGATTACT,0,4307448
yadI_predicted,0.1,9,9,CTTGGAGAGCTCTAGTCACT,0,4342409
yadI_predicted,0.1,9,9,CTTGCGAGTACCAGCGAGTT,0,4296482
yadI_predicted,0.1,9,9,CTTGAAATCTGTGCCGACGA,0,4342935
yadI_predicted,0.1,9,9,CTTCTAGGTGTACCTGAGCC,0,4287753
yadI_predicted,0.1,9,9,CTTCCCCACGGCCGAACAGG,0,4323074
yadI_predicted,0.1,9,9,CTTCCATTTAGTGTGCACCC,0,4339891
yadI_predicted,0.1,9,9,CTTCCACCTCATCGTGCATT,0,4323735
yadI_predicted,0.1,9,9,CTTCAAGCTACTCTATAAGT,0,4350299
yadI_predicted,0.1,9,9,CTTCAAGATAAAAAAATACT,0,4321989
yadI_predicted,0.1,9,9,CTTATTGCCTAAATTGTCTG,0,4290004
yadI_predicted,0.1,9,9,CTTATGCACCGGTTCATTTA,0,4352981
yadI_predicted,0.1,9,9,CTTATCGACCCGGCCGGGAC,0,4338270
yadI_predicted,0.1,9,9,CTTATCACGGTCTGATAACT,0,4293295
yadI_predicted,0.1,9,9,CTTACCTCGCGTGGGGCCCA,0,4302889
yadI_predicted,0.1,9,9,CTTAACGGAAGTGTCGCAGA,0,4295502
yadI_predicted,0.1,9,9,CTTAAATAAGTTATCGAGTA,0,4309258
yadI_predicted,0.1,9,9,CTGTGTAATGGAACGTACTG,0,4345575
yadI_predicted,0.1,9,9,CTGTGATTATTGCCTCGGTG,0,4323384
yadI_predicted,0.1,9,9,CTGTGATCGCTCCTCTGAAT,0,4284679
yadI_predicted,0.1,9,9,CTGTGAGGCGCCAGCTGGTG,0,4319420
yadI_predicted,0.1,9,9,CTGTCTCATTATTCAGCCGT,0,4351623
yadI_predicted,0.1,9,9,CTGTCACAGTATGGCAAGAG,0,4346968
yadI_predicted,0.1,9,9,CTGGTTAACGGACAAAATTC,0,4287765
yadI_predicted,0.1,9,9,CTGGCCGATTGTTCTAGGGC,0,4348391
yadI_predicted,0.1,9,9,CTGGCCGACCCCGATGGAGG,0,4369911
yadI_predicted,0.1,9,9,CTGGACGTTAGAGAATGCTT,0,4311952
yadI_predicted,0.1,9,9,CTGCTCGTCGTACTCAACCT,0,4313433
yadI_predicted,0.1,9,9,CTGCAATGTCGAAACGAGCA,0,4309840
yadI_predicted,0.1,9,9,CTGCAAGAGTAATAACACCA,0,4317838
yadI_predicted,0.1,9,9,CTGAGACGATCCAAGATCCG,0,4362682
yadI_predicted,0.1,9,9,CTGACCATCTGTTTACATGT,0,4343426
yadI_predicted,0.1,9,9,CTCTGTCTATCGTATCCGGC,0,4350449
yadI_predicted,0.1,9,9,CTCTGAAGCTAATAGCAAAG,0,4307817
yadI_predicted,0.1,9,9,CTCTCAGAAGCTCGCTGGTT,0,4330706
yadI_predicted,0.1,9,9,CTCGATTGGCGAGTTCGGAA,0,4367042
yadI_predicted,0.1,9,9,CTCCCTCGTTGTGATGTGTA,0,4357108
yadI_predicted,0.1,9,9,CTCCCTCACTATGGTCCGTT,0,4287997
yadI_predicted,0.1,9,9,CTCCATTACCCACAGTTTGT,0,4366305
yadI_predicted,0.1,9,9,CTCCAGAAAATCGAAGATCA,0,4318069
yadI_predicted,0.1,9,9,CTCAGGTGTAGCAGCAGGTC,0,4315151
yadI_predicted,0.1,9,9,CTCAGGCAGTTTATGCGAAT,0,4291297
yadI_predicted,0.1,9,9,CTCACACGTTCGAAAACGCA,0,4352620
yadI_predicted,0.1,9,9,CTCAATGCTTAAAAAGCTGA,0,4341677
yadI_predicted,0.1,9,9,CTCAAGAGGATTGGAGGGAG,0,4301394
yadI_predicted,0.1,9,9,CTATTTCCAATGGCCTATAG,0,4305039
yadI_predicted,0.1,9,9,CTATTCAGTGGCAGGTCGGG,0,4334899
yadI_predicted,0.1,9,9,CTATCAAAACATCTCTATCT,0,4308626
yadI_predicted,0.1,9,9,CTATACGCGGCGACTGCCTA,0,4331079
yadI_predicted,0.1,9,9,CTATAATGAGATTAGGGAAC,0,4297877
yadI_predicted,0.1,9,9,CTAGTGATATGACAAACGGA,0,4303865
yadI_predicted,0.1,9,9,CTAGGCTTCGGTGTACACTG,0,4357694
yadI_predicted,0.1,9,9,CTACGTAAGCCAGGCCGGCT,0,4319140
yadI_predicted,0.1,9,9,CTACGCCTCTGGAGTCGCCC,0,4357335
yadI_predicted,0.1,9,9,CTAATGTTGAGTCAACCCAT,0,4329652
yadI_predicted,0.1,9,9,CTAATCTCTAGCGAGGTCGT,0,4339499
yadI_predicted,0.1,9,9,CTAATCGATTTGGACTATGT,0,4309865
yadI_predicted,0.1,9,9,CTAAGTGCCCCTTGGAAATA,0,4316234
yadI_predicted,0.1,9,9,CTAAGCCAGGTACCTATTAC,0,4304734
yadI_predicted,0.1,9,9,CTAACTAAATGGTCCATTAT,0,4343221
yadI_predicted,0.1,9,9,CTAACACAGCCTAGGAGTAC,0,4356912
yadI_predicted,0.1,9,9,CTAAATGGTTATGGAGGAAT,0,4310601
yadI_predicted,0.1,9,9,CTAAATATTGCAAGATAATT,0,4353084
yadI_predicted,0.1,9,9,CGTTTTGTTTGCCGTCTCCC,0,4363769
yadI_predicted,0.1,9,9,CGTTGCCTAACAATTTATCT,0,4321294
yadI_predicted,0.1,9,9,CGTTCCTGTGAGCGCCGTGA,0,4335796
yadI_predicted,0.1,9,9,CGTTAGCTTTCCACAGGTGA,0,4315212
yadI_predicted,0.1,9,9,CGTTAACAGACACAGCATCT,0,4337087
yadI_predicted,0.1,9,9,CGTGTGCTATCCATCTAATA,0,4286412
yadI_predicted,0.1,9,9,CGTGTATGATCTCCAGGAGT,0,4318128
yadI_predicted,0.1,9,9,CGTGGTCTGAACTGAAGGTT,0,4331818
yadI_predicted,0.1,9,9,CGTCTTCTCTTGGACGGGAC,0,4327130
yadI_predicted,0.1,9,9,CGTCCATGTTTCCCGTTCAG,0,4287164
yadI_predicted,0.1,9,9,CGTCCACTGACCGTCCTGAT,0,4330071
yadI_predicted,0.1,9,9,CGTCATCGTTCGCATTGTCC,0,4344222
yadI_predicted,0.1,9,9,CGTCATCGATCAACCCCGTG,0,4363257
yadI_predicted,0.1,9,9,CGTATTTCATTCATGCCATA,0,4343117
yadI_predicted,0.1,9,9,CGTATTGTTCGTAAGTCTGG,0,4365053
yadI_predicted,0.1,9,9,CGTAGCAGCGCGAATCGATC,0,4342527
yadI_predicted,0.1,9,9,CGTACGGCCAGTCCATAGTG,0,4334703
yadI_predicted,0.1,9,9,CGTAAGTCCTAAGCCCATGC,0,4357729
yadI_predicted,0.1,9,9,CGTAAGACGCGGCGTTCGGC,0,4298741
yadI_predicted,0.1,9,9,CGTAACGGTGTTATCTGAGG,0,4286960
yadI_predicted,0.1,9,9,CGGTTTCCCAACCACAGACG,0,4366607
yadI_predicted,0.1,9,9,CGGTGTGCTTTTCACACGAA,0,4338423
yadI_predicted,0.1,9,9,CGGTGGGTGCTATTAGAATA,0,4344690
yadI_predicted,0.1,9,9,CGGTCCTGGGATATTTCATC,0,4310305
yadI_predicted,0.1,9,9,CGGTACTGCAGCTGATAATC,0,4302557
yadI_predicted,0.1,9,9,CGGTAATTCCGAGGATGATA,0,4311961
yadI_predicted,0.1,9,9,CGGGTGGACAAGTGTTTCGA,0,4305695
yadI_predicted,0.1,9,9,CGGGTGAGCATGCTAGCTGC,0,4369231
yadI_predicted,0.1,9,9,CGGGTGACCTGAAGGCCCAA,0,4297735
yadI_predicted,0.1,9,9,CGGGTAATAACAATGCTGGG,0,4322934
yadI_predicted,0.1,9,9,CGGGGTATTGCAGGACGCTG,0,4337999
yadI_predicted,0.1,9,9,CGGGGGCAGCGCCCAATCTA,0,4333798
yadI_predicted,0.1,9,9,CGGGCTAAACCAAGCATATT,0,4366693
yadI_predicted,0.1,9,9,CGGCTCCCCGGGGGCTGTGG,0,4297105
yadI_predicted,0.1,9,9,CGGCTAGGTAGCCTACCACC,0,4294045
yadI_predicted,0.1,9,9,CGGCCTGCGCGTGTGAAGTG,0,4364243
yadI_predicted,0.1,9,9,CGGCCCCTCTAGCTCTACGT,0,4364167
yadI_predicted,0.1,9,9,CGGATCTACTGGCTTGCAAC,0,4313489
yadI_predicted,0.1,9,9,CGGAGGCGCGAGCCATTAAC,0,4306275
yadI_predicted,0.1,9,9,CGGACGGCATTTCATCTAGT,0,4355442
yadI_predicted,0.1,9,9,CGGACCTTTTCAGGGAAGCA,0,4338586
yadI_predicted,0.1,9,9,CGGAATCTTACTCCTTTATA,0,4345146
yadI_predicted,0.1,9,9,CGCTCTAGCAGATGTCTTTT,0,4319111
yadI_predicted,0.1,9,9,CGCGTAATCTGTTGTCCGTT,0,4324335
yadI_predicted,0.1,9,9,CGCGGTGATCTGAGTAGATG,0,4327718
yadI_predicted,0.1,9,9,CGCGGGTGGGTGTCTATGCT,0,4345771
yadI_predicted,0.1,9,9,CGCCTTTGTAGGTTACCTAG,0,4290920
yadI_predicted,0.1,9,9,CGCCTGTCCTACGTAAACAA,0,4355761
yadI_predicted,0.1,9,9,CGCCTGGCTTTCGAGTCTGA,0,4295420
yadI_predicted,0.1,9,9,CGCCTGCCAATCTAGACAGT,0,4286558
yadI_predicted,0.1,9,9,CGCCTCTCATGGCAGCGCCT,0,4343043
yadI_predicted,0.1,9,9,CGCCGTAGGCCTCAGCGACT,0,4314348
yadI_predicted,0.1,9,9,CGCCGCGTGTGCCTTGGACT,0,4356307
yadI_predicted,0.1,9,9,CGCCCTTCAGGAGGGCGGGA,0,4301628
yadI_predicted,0.1,9,9,CGCCCAGGTTTAGGATGGTA,0,4313613
yadI_predicted,0.1,9,9,CGCCATTAATAGAGGCAACG,0,4291440
yadI_predicted,0.1,9,9,CGCCAAACGAGTCAATCGTC,0,4297071
yadI_predicted,0.1,9,9,CGCAGTTTCACTGAAGATGT,0,4308117
yadI_predicted,0.1,9,9,CGCAATTCATATCGAATTAG,0,4299731
yadI_predicted,0.1,9,9,CGATTTCTTGCAACGTACAG,0,4353958
yadI_predicted,0.1,9,9,CGATTTATGTAGCGAATCAG,0,4368108
yadI_predicted,0.1,9,9,CGATTATCTGCAAATAGAAC,0,4294992
yadI_predicted,0.1,9,9,CGATGCGTCTGATGAACGTC,0,4318508
yadI_predicted,0.1,9,9,CGATCTACCTCAGGAATGAT,0,4329589
yadI_predicted,0.1,9,9,CGATCCGGGGACTTCTGGCG,0,4353611
yadI_predicted,0.1,9,9,CGATAGTTTCTAAGTGTCTT,0,4299548
yadI_predicted,0.1,9,9,CGATAGATGTTCCGTAGCTA,0,4362554
yadI_predicted,0.1,9,9,CGATACCCTCAAGGGCTTCA,0,4304754
yadI_predicted,0.1,9,9,CGAGTTTATCCAGCCATCGT,0,4367435
yadI_predicted,0.1,9,9,CGAGTGCTGAGTGGTATGTC,0,4317002
yadI_predicted,0.1,9,9,CGAGGTTTCATCCCGCGGGG,0,4334467
yadI_predicted,0.1,9,9,CGAGAGTGCTTACAAGTTCC,0,4308795
yadI_predicted,0.1,9,9,CGACTTGTTTCTGCGTTGTT,0,4300757
yadI_predicted,0.1,9,9,CGACTGAATGCGTAACATTT,0,4340566
yadI_predicted,0.1,9,9,CGACGTACATACGGTCCCGT,0,4320286
yadI_predicted,0.1,9,9,CGACCCACCCGTACCCAAGC,0,4326687
yadI_predicted,0.1,9,9,CGACAGGTGCAAAGCTACGC,0,4324839
yadI_predicted,0.1,9,9,CGACAACACGGGTCCGTGGT,0,4313225
yadI_predicted,0.1,9,9,CGAATAATATTTTCCCATGA,0,4313656
yadI_predicted,0.1,9,9,CGAACTCCGCACGACATGTA,0,4292067
yadI_predicted,0.1,9,9,CGAACCGGGATCGCAACCCC,0,4359421
yadI_predicted,0.1,9,9,CGAACAACTTGCTACGCCTT,0,4343586
yadI_predicted,0.1,9,9,CGAAAGAACGCAAGTGGTTA,0,4307081
yadI_predicted,0.1,9,9,CCTTTTCATAAAGTAGACGG,0,4314778
yadI_predicted,0.1,9,9,CCTTTACACCTATAAGCCGT,0,4338464
yadI_predicted,0.1,9,9,CCTTGCGCTCCCATGCCCTC,0,4347209
yadI_predicted,0.1,9,9,CCTTCTACTAATCAGTGCAT,0,4302891
yadI_predicted,0.1,9,9,CCTTAGTTCACTAATTATCA,0,4301349
yadI_predicted,0.1,9,9,CCTTACCGCACTTGACGATT,0,4360367
yadI_predicted,0.1,9,9,CCTGTGCGTGAAATCGCTGC,0,4316586
yadI_predicted,0.1,9,9,CCTGGTCGGTGAAACGTGCA,0,4354772
yadI_predicted,0.1,9,9,CCTGGGGGTGGAGGATTGAA,0,4358067
yadI_predicted,0.1,9,9,CCTGCCCTCGGAACCAATAT,0,4301001
yadI_predicted,0.1,9,9,CCTCTTCGTAGTCTTCGAAC,0,4338833
yadI_predicted,0.1,9,9,CCTCGCAAGATCGCCACGAT,0,4366553
yadI_predicted,0.1,9,9,CCTCCCCGGGAGTTCCATTA,0,4315424
yadI_predicted,0.1,9,9,CCTCATGTAACCTGACATTA,0,4353887
yadI_predicted,0.1,9,9,CCTCACTAGACAACAAGCTT,0,4306752
yadI_predicted,0.1,9,9,CCTATTATGCTCCTCGCACA,0,4308920
yadI_predicted,0.1,9,9,CCTACTTAGTCACCTCATAG,0,4341742
yadI_predicted,0.1,9,9,CCTACGTGCAGATTGCGGAA,0,4294208
yadI_predicted,0.1,9,9,CCTAAGTTTGTTTCACCGAA,0,4339099
yadI_predicted,0.1,9,9,CCGTTTCCTAGGAAGTAACC,0,4358348
yadI_predicted,0.1,9,9,CCGTTAACAGTGGGGGAACA,0,4305408
yadI_predicted,0.1,9,9,CCGTCCTCCACTATTCCTAT,0,4344985
yadI_predicted,0.1,9,9,CCGTCACTGGAGCTTAGTCG,0,4330509
yadI_predicted,0.1,9,9,CCGTCAAATTAGTCCCTCAC,0,4359169
yadI_predicted,0.1,9,9,CCGGTGTTGTTACGTCGTCA,0,4287698
yadI_predicted,0.1,9,9,CCGGGTCAGCTCTTCCCCTT,0,4312226
yadI_predicted,0.1,9,9,CCGGCCAGGAAGGCTGCATC,0,4339600
yadI_predicted,0.1,9,9,CCGGAGTAAACTTAAACTAG,0,4288668
yadI_predicted,0.1,9,9,CCGGAAGCCCGGGAGGAGAG,0,4296175
yadI_predicted,0.1,9,9,CCGCGCTTTTTGGAGCAGAG,0,4291883
yadI_predicted,0.1,9,9,CCGCCCCCTGTACAATAGAT,0,4328441
yadI_predicted,0.1,9,9,CCGCAACTTTCCAAATCGAC,0,4332585
yadI_predicted,0.1,9,9,CCGATGCAGTTTATCCATAT,0,4291302
yadI_predicted,0.1,9,9,CCGAGCCCTAAGAGGTAACC,0,4303491
yadI_predicted,0.1,9,9,CCGACTTAAATCAGAACACT,0,4332881
yadI_predicted,0.1,9,9,CCGACAGCTCCGGGCTGAGC,0,4341289
yadI_predicted,0.1,9,9,CCGAATTTATGTCTCAATGC,0,4291624
yadI_predicted,0.1,9,9,CCCTTCCCAAGTTCCCGACA,0,4298768
yadI_predicted,0.1,9,9,CCCTGCGAAACGCTAACCAG,0,4285914
yadI_predicted,0.1,9,9,CCCTCTATAATGGATGGGCT,0,4291538
yadI_predicted,0.1,9,9,CCCGTTCCAGATCTCCTCAC,0,4354031
yadI_predicted,0.1,9,9,CCCGACGTACGTATCCAAAT,0,4359096
yadI_predicted,0.1,9,9,CCCGACGCACGCAGGCTACC,0,4299853
yadI_predicted,0.1,9,9,CCCGACACAACAACGGCTTG,0,4351222
yadI_predicted,0.1,9,9,CCCCTTCCTTATTCCGGGCG,0,4342028
yadI_predicted,0.1,9,9,CCCCTCCATTAAGATATTAG,0,4335146
yadI_predicted,0.1,9,9,CCCCGCACTAAGAGTTACTC,0,4304222
yadI_predicted,0.1,9,9,CCCCCTCATATGCGCCGGTA,0,4362517
yadI_predicted,0.1,9,9,CCCCCGTAGGCGCGATTGAA,0,4346089
yadI_predicted,0.1,9,9,CCCCAGGCTAAGATCCTGCA,0,4332952
yadI_predicted,0.1,9,9,CCCCACATCAAATTTTAACA,0,4314800
yadI_predicted,0.1,9,9,CCCCACATATACGCAGGTAA,0,4317115
yadI_predicted,0.1,9,9,CCATGGACTCATAAGACTAG,0,4351658
yadI_predicted,0.1,9,9,CCATGCATTGTCGTGGCAAC,0,4307530
yadI_predicted,0.1,9,9,CCATGAGGTTTGCGGATATC,0,4360467
yadI_predicted,0.1,9,9,CCATCTGTTAAATGCCGTAC,0,4365119
yadI_predicted,0.1,9,9,CCATCATTGGCCGGAGGATC,0,4302523
yadI_predicted,0.1,9,9,CCATCAACGGCTTTCTTTGA,0,4369272
yadI_predicted,0.1,9,9,CCAGTCTTCTGCGGTGTCTT,0,4292890
yadI_predicted,0.1,9,9,CCAGGCTCTCCCACCACCTG,0,4287793
yadI_predicted,0.1,9,9,CCAGGAGGCCTGCCCACAGT,0,4291326
yadI_predicted,0.1,9,9,CCAGAAAACTTCGAATGTTG,0,4344800
yadI_predicted,0.1,9,9,CCACGGCTGTGAAGCTGTTC,0,4350862
yadI_predicted,0.1,9,9,CCACCGCAAATGATCGAGCG,0,4309984
yadI_predicted,0.1,9,9,CCACCGAAGGGGGCATCTTT,0,4368296
yadI_predicted,0.1,9,9,CCACCAATTAGAAGGAATAT,0,4344590
yadI_predicted,0.1,9,9,CCACAGAGATGCGACGGGGT,0,4340997
yadI_predicted,0.1,9,9,CCAAGCTGTAACAACGCCAC,0,4327070
yadI_predicted,0.1,9,9,CCAACTCACAAAATCTTCAC,0,4341778
yadI_predicted,0.1,9,9,CCAAATATGCCGCGAATTAA,0,4355517
yadI_predicted,0.1,9,9,CCAAAGGGGAAGGTCGCTCC,0,4364998
yadI_predicted,0.1,9,9,CATTGGCAGTGCCGTAGCTT,0,4323487
yadI_predicted,0.1,9,9,CATTGCATATGAGAAAGAAT,0,4309026
yadI_predicted,0.1,9,9,CATTGATCCCTATATGAAAG,0,4305810
yadI_predicted,0.1,9,9,CATTGACTTCCTCCGATTTC,0,4307375
yadI_predicted,0.1,9,9,CATTGAATCACCCTGACGAG,0,4305456
yadI_predicted,0.1,9,9,CATTATTGGGAAGAGCAGGT,0,4309792
yadI_predicted,0.1,9,9,CATTAGAGGTAACGATACCG,0,4327854
yadI_predicted,0.1,9,9,CATTACTAAGGAGTGTCTAC,0,4354441
yadI_predicted,0.1,9,9,CATTACAGGTTGACAAATTT,0,4343904
yadI_predicted,0.1,9,9,CATGTGTAGATCTACCCTCG,0,4318623
yadI_predicted,0.1,9,9,CATGTCCGGCCGCGTAACGA,0,4326934
yadI_predicted,0.1,9,9,CATGTATGCGATTTGAACCA,0,4334186
yadI_predicted,0.1,9,9,CATGTAGGGCGAAGCGTCTA,0,4296166
yadI_predicted,0.1,9,9,CATGGACGGTCACAACATTT,0,4304118
yadI_predicted,0.1,9,9,CATGGAAGTAAGCCGATCTG,0,4341219
yadI_predicted,0.1,9,9,CATGCGTATGTCTAGGTCTG,0,4311590
yadI_predicted,0.1,9,9,CATGCATTATAAAACATTTT,0,4320290
yadI_predicted,0.1,9,9,CATCTAGCGCTAAGAAATGG,0,4302965
yadI_predicted,0.1,9,9,CATCGTAAATTTAAAGAGGT,0,4306412
yadI_predicted,0.1,9,9,CATCATTAAGTGGTCCAGGT,0,4351538
yadI_predicted,0.1,9,9,CATAGGGGATCTGCTATCCT,0,4322647
yadI_predicted,0.1,9,9,CATAGGATAGGAGTGCAGTA,0,4289103
yadI_predicted,0.1,9,9,CATACCCGTGTGGATTTCCT,0,4364681
yadI_predicted,0.1,9,9,CATAATGGCGTACGTCGCGT,0,4309568
yadI_predicted,0.1,9,9,CATAAATCCCCATGCGCGCC,0,4304412
yadI_predicted,0.1,9,9,CAGTTATGGATTGATGAGGG,0,4368589
yadI_predicted,0.1,9,9,CAGTGAGACTCGTGTGATCC,0,4337402
yadI_predicted,0.1,9,9,CAGTACAGTCTGAATCGAGT,0,4331619
yadI_predicted,0.1,9,9,CAGTAATTGGTCCCTTGTGC,0,4323568
yadI_predicted,0.1,9,9,CAGTAAGTGGACCTCCAATT,0,4351535
yadI_predicted,0.1,9,9,CAGTAACGGCTTTAGAAGAT,0,4329763
yadI_predicted,0.1,9,9,CAGTAAATCGCAAATGCTGT,0,4334617
yadI_predicted,0.1,9,9,CAGGGGGATTAGGTCTGGAT,0,4330730
yadI_predicted,0.1,9,9,CAGGGACGGCGTGGAACCAT,0,4313619
yadI_predicted,0.1,9,9,CAGGGACCGGTGTCCTTATT,0,4293225
yadI_predicted,0.1,9,9,CAGGAGCCGGCTCAGAAGCC,0,4345066
yadI_predicted,0.1,9,9,CAGGACGCGACACGAATTGA,0,4347255
yadI_predicted,0.1,9,9,CAGCTCTACAACATGAGTCA,0,4359283
yadI_predicted,0.1,9,9,CAGAGTTCTGCCATCCAGGA,0,4313696
yadI_predicted,0.1,9,9,CAGAGCCGAGGCGTCGCGAC,0,4289374
yadI_predicted,0.1,9,9,CAGAAGGGGGGGAAATAAAA,0,4335998
yadI_predicted,0.1,9,9,CAGAACAAACTATAGCGCCT,0,4341127
yadI_predicted,0.1,9,9,CACTCGTTTTTCGTTATAGT,0,4322714
yadI_predicted,0.1,9,9,CACTCATGGCCATTTTGCTA,0,4359534
yadI_predicted,0.1,9,9,CACTAGGTGATAGCTGGTCT,0,4313014
yadI_predicted,0.1,9,9,CACGTGCGGCGCGACCTAGT,0,4360175
yadI_predicted,0.1,9,9,CACGTCACCGGAGTAAACCC,0,4354375
yadI_predicted,0.1,9,9,CACGGCGAAACTAATTTCGA,0,4344843
yadI_predicted,0.1,9,9,CACGATATGAGTTACGGTCA,0,4338116
yadI_predicted,0.1,9,9,CACGACGCAGTTCGTTTACG,0,4334228
yadI_predicted,0.1,9,9,CACCTGAGTTGTAGGCGCGT,0,4334090
yadI_predicted,0.1,9,9,CACCTCATTGCATATAAGCT,0,4351218
yadI_predicted,0.1,9,9,CACCGTGCGGGCCATAGTCC,0,4287602
yadI_predicted,0.1,9,9,CACCGGTTCCGATATTGTTT,0,4365594
yadI_predicted,0.1,9,9,CACCGGTCTTTCTTTGAAAA,0,4297548
yadI_predicted,0.1,9,9,CACCGGGAGCTAGAGGACTT,0,4346313
yadI_predicted,0.1,9,9,CACCCTGTAGCACGAGGCGT,0,4327737
yadI_predicted,0.1,9,9,CACCCTGGATACTAAAACCA,0,4289136
yadI_predicted,0.1,9,9,CACCCGTGAGCGAATTAGTA,0,4287841
yadI_predicted,0.1,9,9,CACCCCGGTTAGGGGCATTG,0,4318455
yadI_predicted,0.1,9,9,CACAGCGCATGTATCGGCGT,0,4293433
yadI_predicted,0.1,9,9,CACACGCGGCATGATAGGGA,0,4328038
yadI_predicted,0.1,9,9,CAATTCCGATTTCGTGCTTA,0,4364999
yadI_predicted,0.1,9,9,CAATCAGGGATTTTTACAAA,0,4355892
yadI_predicted,0.1,9,9,CAATAAGTGGGCATCGGACT,0,4286801
yadI_predicted,0.1,9,9,CAAGTACTTACGTGATTCGG,0,4343499
yadI_predicted,0.1,9,9,CAAGGTGACCAATCGCTTAA,0,4307006
yadI_predicted,0.1,9,9,CAAGGCCCTACCCGCACCTA,0,4334236
yadI_predicted,0.1,9,9,CAAGGAGGTTCTACAGATTC,0,4356563
yadI_predicted,0.1,9,9,CAAGATCCTAGGAAGTGAGG,0,4351258
yadI_predicted,0.1,9,9,CAAGAACGCTTATGGATGGC,0,4332822
yadI_predicted,0.1,9,9,CAACTCACCCTGGTGGAAAT,0,4303693
yadI_predicted,0.1,9,9,CAACCCGACGGCGGCAGCCC,0,4330247
yadI_predicted,0.1,9,9,CAACCATGGATAACGTGATA,0,4306145
yadI_predicted,0.1,9,9,CAACACTCTAGGTGACACAG,0,4305118
yadI_predicted,0.1,9,9,CAAATTCAGTCTTCCGCTGG,0,4301782
yadI_predicted,0.1,9,9,CAAAATTTGGCGGAAGTGAT,0,4316239
yadI_predicted,0.1,9,9,CAAAATTTCCCCCGCTGACG,0,4291857
yadI_predicted,0.1,9,9,ATTTTGCAGCTGCATTGTCT,0,4349423
yadI_predicted,0.1,9,9,ATTTTGCACTCGCTCATGTG,0,4356555
yadI_predicted,0.1,9,9,ATTTGGGTTCGATGAATCGG,0,4351341
yadI_predicted,0.1,9,9,ATTTCCCAGTATCCGGTGGC,0,4367032
yadI_predicted,0.1,9,9,ATTTCCAACCCGTCGAGATC,0,4355234
yadI_predicted,0.1,9,9,ATTTAATAAGAAAATCTCCT,0,4368394
yadI_predicted,0.1,9,9,ATTTAACATGACCGGAACGT,0,4362218
yadI_predicted,0.1,9,9,ATTGTTTCCCTTGGTTCTCA,0,4345446
yadI_predicted,0.1,9,9,ATTGTTGGCTTCTATACGCG,0,4343640
yadI_predicted,0.1,9,9,ATTGTTCGCCCTTGTCCTCC,0,4344422
yadI_predicted,0.1,9,9,ATTGTGCTTTCATACGATAG,0,4307617
yadI_predicted,0.1,9,9,ATTGTCCTGCTATGATAGGT,0,4368351
yadI_predicted,0.1,9,9,ATTGGGTCGGAAACGATTTA,0,4315148
yadI_predicted,0.1,9,9,ATTGGGGCCTCATTGCGTCG,0,4330090
yadI_predicted,0.1,9,9,ATTGCCTATAATCACCGGCT,0,4315735
yadI_predicted,0.1,9,9,ATTGAGACATGGGCAAATGT,0,4305553
yadI_predicted,0.1,9,9,ATTGACCTTCGGCTCTTGTT,0,4327666
yadI_predicted,0.1,9,9,ATTCGTTATACGTCGCATTC,0,4362016
yadI_predicted,0.1,9,9,ATTCGTATGAGTGGTGTAGA,0,4359705
yadI_predicted,0.1,9,9,ATTCGGTCAGTATAGATAAG,0,4310966
yadI_predicted,0.1,9,9,ATTCGATATCTTTTAGACAA,0,4290731
yadI_predicted,0.1,9,9,ATTCATAGGCGCCCCCTAGT,0,4340367
yadI_predicted,0.1,9,9,ATTATCCCGCTACTAGGAGT,0,4333607
yadI_predicted,0.1,9,9,ATTAGTGGTTAATCATCGTT,0,4317691
yadI_predicted,0.1,9,9,ATTACCAGCCCCGCGAACAT,0,4313173
yadI_predicted,0.1,9,9,ATTAAAGAGTAGAGAATGAA,0,4329083
yadI_predicted,0.1,9,9,ATGTTTGGCCGCCCAGATTT,0,4348832
yadI_predicted,0.1,9,9,ATGTTGTCGCAGCTTGGGGT,0,4300561
yadI_predicted,0.1,9,9,ATGTTGTAGATGTTTTCGCC,0,4322079
yadI_predicted,0.1,9,9,ATGTTGCGGTTTGCACCTCA,0,4355868
yadI_predicted,0.1,9,9,ATGTTAGAGCACGGCCGTGA,0,4363196
yadI_predicted,0.1,9,9,ATGTGTAGTCGGAAGAGTAT,0,4369877
yadI_predicted,0.1,9,9,ATGTGGTATAACAGCTCGAC,0,4336198
yadI_predicted,0.1,9,9,ATGTCTCCCTGACCACCAGC,0,4362392
yadI_predicted,0.1,9,9,ATGGTGCTAGCTATCGATTG,0,4367857
yadI_predicted,0.1,9,9,ATGGTCAACAATCCGAGTAC,0,4344322
yadI_predicted,0.1,9,9,ATGGTACAACAACGCCACGC,0,4323282
yadI_predicted,0.1,9,9,ATGGGTCTTCCCAGGCGATC,0,4289244
yadI_predicted,0.1,9,9,ATGGGTATAAAGACATCATC,0,4310825
yadI_predicted,0.1,9,9,ATGGGGTTCTGTGGTTGATC,0,4308580
yadI_predicted,0.1,9,9,ATGGGAGTTGAAATGACTTT,0,4290859
yadI_predicted,0.1,9,9,ATGGCAATACGTGTCATTAG,0,4297564
yadI_predicted,0.1,9,9,ATGGAAGGTTAATTACACTT,0,4335797
yadI_predicted,0.1,9,9,ATGCTCCAAACCCTGTCGGG,0,4353554
yadI_predicted,0.1,9,9,ATGCGGTACCTGCACCTACT,0,4368021
yadI_predicted,0.1,9,9,ATGCGCTAGGATAGGGTGCG,0,4315063
yadI_predicted,0.1,9,9,ATGCCCCTAAGGTTCAAGAT,0,4304381
yadI_predicted,0.1,9,9,ATGCATGTTCACCAGAAGTA,0,4294884
yadI_predicted,0.1,9,9,ATGCATGCTAGAATCGGTGT,0,4348504
yadI_predicted,0.1,9,9,ATGCAGGCACGGCGGTTCAT,0,4345514
yadI_predicted,0.1,9,9,ATGCACACCGATCAGAGACC,0,4355389
yadI_predicted,0.1,9,9,ATGCAACAGATGCCCTAATC,0,4305457
yadI_predicted,0.1,9,9,ATGATAAGTGGTCTTTGTTC,0,4350127
yadI_predicted,0.1,9,9,ATGACGTTGATATTCCCTGT,0,4352150
yadI_predicted,0.1,9,9,ATGACGCTAGCCATGCAAGG,0,4311274
yadI_predicted,0.1,9,9,ATGACAAGAGGGGGTCTAGG,0,4353002
yadI_predicted,0.1,9,9,ATCTTGAGCTGGACCCCTAA,0,4364071
yadI_predicted,0.1,9,9,ATCTTAACACAGATATCTTA,0,4297115
yadI_predicted,0.1,9,9,ATCTGACACGCATATTATCC,0,4357554
yadI_predicted,0.1,9,9,ATCTCAGTTCACTGAGCCAA,0,4287925
yadI_predicted,0.1,9,9,ATCGGACTGAATGTAAGGAA,0,4294100
yadI_predicted,0.1,9,9,ATCGGAAGTCGGTCCCAATT,0,4304828
yadI_predicted,0.1,9,9,ATCGCCTACTTCATTCAGAC,0,4309835
yadI_predicted,0.1,9,9,ATCCCGATCCTCGCCAGCTC,0,4344202
yadI_predicted,0.1,9,9,ATCCCCAAGGAGTCAGTCAC,0,4314548
yadI_predicted,0.1,9,9,ATCCAGGGTCCATGCGCCAG,0,4352985
yadI_predicted,0.1,9,9,ATCCAAACCGAATGCTGGAA,0,4351943
yadI_predicted,0.1,9,9,ATCAGCATCTCCAATCAGAT,0,4347452
yadI_predicted,0.1,9,9,ATCAGAATGTAAAGTAGCGC,0,4336972
yadI_predicted,0.1,9,9,ATCACGCTAGAGCCCGAGTA,0,4331644
yadI_predicted,0.1,9,9,ATCACAGCTACAACAAACGC,0,4356897
yadI_predicted,0.1,9,9,ATCAAGGCGGTTGTTACGTT,0,4315909
yadI_predicted,0.1,9,9,ATCAAGCACACAACGGTGAA,0,4329694
yadI_predicted,0.1,9,9,ATATGGGCGTCGCGCATGCG,0,4325163
yadI_predicted,0.1,9,9,ATATGGACTTGCACCGTGCC,0,4332045
yadI_predicted,0.1,9,9,ATATGATCCGGTCTAAGACC,0,4359593
yadI_predicted,0.1,9,9,ATATATTGGGCATATGTGGA,0,4290090
yadI_predicted,0.1,9,9,ATAGTTCTCAATAATCCACC,0,4346889
yadI_predicted,0.1,9,9,ATAGTTCAGCTTCGCACGTC,0,4296023
yadI_predicted,0.1,9,9,ATAGTAACGGTAGGTCAAGA,0,4307989
yadI_predicted,0.1,9,9,ATAGGTAAGAACCACCCACA,0,4355007
yadI_predicted,0.1,9,9,ATACGAGCCCAGTACCGACG,0,4305843
yadI_predicted,0.1,9,9,ATACCGTCGCTTAAGCAAGG,0,4340854
yadI_predicted,0.1,9,9,ATACATCGCTGACCATTAAA,0,4284888
yadI_predicted,0.1,9,9,ATAATTCCGAATTTTCAGCA,0,4317272
yadI_predicted,0.1,9,9,ATAATGGGTAAGGTGGCCAA,0,4311599
yadI_predicted,0.1,9,9,ATAACTCCCGAGGGTAAGAC,0,4348496
yadI_predicted,0.1,9,9,AGTTTTTCATGCGGTCTTCT,0,4294509
yadI_predicted,0.1,9,9,AGTTTTATCGTACGCTGAAG,0,4332963
yadI_predicted,0.1,9,9,AGTTTCGCTGGTTGAACTTA,0,4310822
yadI_predicted,0.1,9,9,AGTTGTCGCCACATCGCACG,0,4307415
yadI_predicted,0.1,9,9,AGTGTGCCGACTGTAGAGGC,0,4330145
yadI_predicted,0.1,9,9,AGTGTGAATCCATCCCCAAT,0,4299103
yadI_predicted,0.1,9,9,AGTGGGAGACACGAGAGCAT,0,4316345
yadI_predicted,0.1,9,9,AGTCTTATTGGACGAGGCCA,0,4353924
yadI_predicted,0.1,9,9,AGTCGGTTATAAACTATAAC,0,4314595
yadI_predicted,0.1,9,9,AGTATGAGCCGGTGGTTTAT,0,4332466
yadI_predicted,0.1,9,9,AGTATATCGATTGAAGGCTG,0,4322035
yadI_predicted,0.1,9,9,AGTAGTTGCGTTCATACATC,0,4301339
yadI_predicted,0.1,9,9,AGTACATTAGGGTTATCAGG,0,4287077
yadI_predicted,0.1,9,9,AGTACAATTTTTATGTCCGC,0,4304547
yadI_predicted,0.1,9,9,AGTACAAGATAAATAATCAC,0,4363683
yadI_predicted,0.1,9,9,AGTAAGTGCTCCATCAAAAT,0,4331807
yadI_predicted,0.1,9,9,AGTAACCTATTACCAGTAAA,0,4313801
yadI_predicted,0.1,9,9,AGGTTGATCGCCGACGGCGG,0,4349624
yadI_predicted,0.1,9,9,AGGTCCAATTCTTTATGAAA,0,4356230
yadI_predicted,0.1,9,9,AGGGTGTCTGTGGGGGTCAA,0,4363343
yadI_predicted,0.1,9,9,AGGGTAGGAGGGTTCGTTCT,0,4306035
yadI_predicted,0.1,9,9,AGGGGGATGCAATTTATGCT,0,4302772
yadI_predicted,0.1,9,9,AGGGGGAGGCCGCCATGCCG,0,4367974
yadI_predicted,0.1,9,9,AGGGGCAAGGGTTTCGCGAC,0,4330595
yadI_predicted,0.1,9,9,AGGGCGGGTGAGCCTTAAGA,0,4326245
yadI_predicted,0.1,9,9,AGGGCCGATAGAATAGCGAG,0,4308238
yadI_predicted,0.1,9,9,AGGGCACGGGGTCAGGTCAA,0,4319704
yadI_predicted,0.1,9,9,AGGGCAATTAGCCTACTGAC,0,4333238
yadI_predicted,0.1,9,9,AGGGATGGATTTCGCACCCT,0,4337224
yadI_predicted,0.1,9,9,AGGGACAGTCGGGATCAGTA,0,4295826
yadI_predicted,0.1,9,9,AGGCCTTTGAATAGTAGACT,0,4347272
yadI_predicted,0.1,9,9,AGGCCCCGCCGGTGGATTAA,0,4356180
yadI_predicted,0.1,9,9,AGGCCAGGGTTGCCATTCTA,0,4285323
yadI_predicted,0.1,9,9,AGGCAGTTCGTGTGACCCAG,0,4299256
yadI_predicted,0.1,9,9,AGGCACCCTACGTGCACTTA,0,4303291
yadI_predicted,0.1,9,9,AGGAGGGCTGAGCGAAGACC,0,4319222
yadI_predicted,0.1,9,9,AGGAGCTGCAAAACACGAGA,0,4317734
yadI_predicted,0.1,9,9,AGGAAACTTGGAATCAACTC,0,4319458
yadI_predicted,0.1,9,9,AGCTTTATGCGGTATGGCCT,0,4341524
yadI_predicted,0.1,9,9,AGCTTGTGAGCTATTTCGAC,0,4308539
yadI_predicted,0.1,9,9,AGCTTGTGACGGCTACGTCC,0,4311100
yadI_predicted,0.1,9,9,AGCTGTTATCAGATTGGCAG,0,4360941
yadI_predicted,0.1,9,9,AGCTGTCTAACGCGGGAGCC,0,4353517
yadI_predicted,0.1,9,9,AGCTGGGCCACGTGTGCACG,0,4326774
yadI_predicted,0.1,9,9,AGCTGCTAATCCGGGTGGGC,0,4321570
yadI_predicted,0.1,9,9,AGCTGCAGGCTGTACCTGTT,0,4345911
yadI_predicted,0.1,9,9,AGCTCTATCCGACTTTCACA,0,4319430
yadI_predicted,0.1,9,9,AGCTCGAAAAGGCTTCCGAG,0,4301795
yadI_predicted,0.1,9,9,AGCGTTGGTGGATACTTCGT,0,4351728
yadI_predicted,0.1,9,9,AGCGTTCGCTCATAGGCCAC,0,4346404
yadI_predicted,0.1,9,9,AGCGGTTCGGCTGGAGTTAG,0,4298253
yadI_predicted,0.1,9,9,AGCGGGAACAAGACCCTCAC,0,4361779
yadI_predicted,0.1,9,9,AGCGGCGCACAAACGTAACC,0,4304042
yadI_predicted,0.1,9,9,AGCGATCGGGCGGGCGGGCG,0,4358085
yadI_predicted,0.1,9,9,AGCCGTTGCAATGCCACATA,0,4296820
yadI_predicted,0.1,9,9,AGCCGGGTGCCAGTGTCGAG,0,4299776
yadI_predicted,0.1,9,9,AGCCGGACTCCTCACGAAGG,0,4301395
yadI_predicted,0.1,9,9,AGCCGATTCAACGATATCTT,0,4299066
yadI_predicted,0.1,9,9,AGCCGATGCATAAGAACAAC,0,4300870
yadI_predicted,0.1,9,9,AGCCCGGGATGTTTCTTTAA,0,4326068
yadI_predicted,0.1,9,9,AGCCATCCGTCGTTGCCGTA,0,4294868
yadI_predicted,0.1,9,9,AGCCATAGCTATCTACATTT,0,4298939
yadI_predicted,0.1,9,9,AGCCACCAGTAAAGAGAGAG,0,4332743
yadI_predicted,0.1,9,9,AGCCACATTGAAGGATGAGC,0,4315159
yadI_predicted,0.1,9,9,AGCCAAATCTGGGTGCGTCA,0,4358060
yadI_predicted,0.1,9,9,AGCAGGGGTACTAAGACGCC,0,4355378
yadI_predicted,0.1,9,9,AGCAGATGGAAAACAGCCCT,0,4354566
yadI_predicted,0.1,9,9,AGCACTGTTAAGTAAAGATA,0,4360150
yadI_predicted,0.1,9,9,AGCACGAGCGAACGGTCCGC,0,4369548
yadI_predicted,0.1,9,9,AGCACCGGTAGTGGAACTTC,0,4303210
yadI_predicted,0.1,9,9,AGCACCGACTTCACAAGGAG,0,4328935
yadI_predicted,0.1,9,9,AGCACCCCGCTTCGCGCAAA,0,4367336
yadI_predicted,0.1,9,9,AGCAATCTTGCGTATGTGGT,0,4333860
yadI_predicted,0.1,9,9,AGCAAGACCGACTTCTGCCA,0,4335994
yadI_predicted,0.1,9,9,AGATGGTATGCTCCACGGGT,0,4325136
yadI_predicted,0.1,9,9,AGATGCCTAACTTTTTACGA,0,4292742
yadI_predicted,0.1,9,9,AGATCTAAACGGCCCACCCA,0,4284751
yadI_predicted,0.1,9,9,AGATCCCCCGAAAGCGGATT,0,4349859
yadI_predicted,0.1,9,9,AGATAGGATATGAAGGTACC,0,4343788
yadI_predicted,0.1,9,9,AGAGTACGACAGAGCAGCAC,0,4287132
yadI_predicted,0.1,9,9,AGAGTACACACTCAGATTCC,0,4284413
yadI_predicted,0.1,9,9,AGAGGAGGCTAGACCCGCTC,0,4340265
yadI_predicted,0.1,9,9,AGAGGAAGCCGGCTTTCCAT,0,4292070
yadI_predicted,0.1,9,9,AGAGAGCCGCGAACTGTTAG,0,4293670
yadI_predicted,0.1,9,9,AGACTCAGGCGCTCAGTTAC,0,4296401
yadI_predicted,0.1,9,9,AGACGCGTTGTCAAGTAGAT,0,4287768
yadI_predicted,0.1,9,9,AGACCGCTCTCACCAATGTC,0,4368312
yadI_predicted,0.1,9,9,AGAATCCTTTGTCGTTTAAA,0,4285280
yadI_predicted,0.1,9,9,AGAATCAAGCTAACCCCGAA,0,4295608
yadI_predicted,0.1,9,9,AGAAGGCGGGGTCTGGGACT,0,4336536
yadI_predicted,0.1,9,9,AGAAGCCTGGCACATCTAGT,0,4334049
yadI_predicted,0.1,9,9,AGAACTAAGACGGTCAGGAA,0,4315181
yadI_predicted,0.1,9,9,ACTTCCAGTGCTCAATGAGC,0,4336662
yadI_predicted,0.1,9,9,ACTTAGTTAAGTCTCTAGAT,0,4363418
yadI_predicted,0.1,9,9,ACTCTTAACGGCAACACAGC,0,4291639
yadI_predicted,0.1,9,9,ACTCGACTATCCAGACTCGG,0,4318976
yadI_predicted,0.1,9,9,ACTCAGATTATGGAAAATCG,0,4363330
yadI_predicted,0.1,9,9,ACTCACGGCGGTGTGAACCT,0,4310504
yadI_predicted,0.1,9,9,ACTAGGGTGAGACTAAGCAG,0,4302756
yadI_predicted,0.1,9,9,ACTAGCTGTTATCTTTACGT,0,4296863
yadI_predicted,0.1,9,9,ACTAATCTTCTAGTAGGTTC,0,4317236
yadI_predicted,0.1,9,9,ACTAAGGGTGGGATGGGCTA,0,4369808
yadI_predicted,0.1,9,9,ACTAAGGAGTTGTCCGGAAA,0,4301988
yadI_predicted,0.1,9,9,ACGTTCACCAGGCCACCGGG,0,4350218
yadI_predicted,0.1,9,9,ACGTGTTGCTGGCTGTAGGA,0,4308572
yadI_predicted,0.1,9,9,ACGTGGGTTCGCACTCTGAA,0,4360643
yadI_predicted,0.1,9,9,ACGTCCAAAGCCGTCCCTTT,0,4299618
yadI_predicted,0.1,9,9,ACGTCAGACGCGTCCAATGC,0,4330251
yadI_predicted,0.1,9,9,ACGTAGCTCGGACCTTAGAA,0,4288837
yadI_predicted,0.1,9,9,ACGGACCCAGGTTAGTGCAT,0,4366907
yadI_predicted,0.1,9,9,ACGCTGATTTGTGCAGACCA,0,4300060
yadI_predicted,0.1,9,9,ACGCATACGCGCCCAGCCTT,0,4337616
yadI_predicted,0.1,9,9,ACGAGAGCGTTGTCGGCCTA,0,4351597
yadI_predicted,0.1,9,9,ACGACTACATGATACGGATA,0,4329250
yadI_predicted,0.1,9,9,ACGACGTTGTTTGCTCGTAA,0,4296860
yadI_predicted,0.1,9,9,ACGACCAGAGGTCATACTAC,0,4351542
yadI_predicted,0.1,9,9,ACGAATTCCGGCCGCGCGAA,0,4299787
yadI_predicted,0.1,9,9,ACGAACGGGAAAATCGTTTA,0,4298024
yadI_predicted,0.1,9,9,ACGAACCTGACCGCAAGAAC,0,4285083
yadI_predicted,0.1,9,9,ACCTCGGCATGAAACAAGCT,0,4335699
yadI_predicted,0.1,9,9,ACCTACACCTCGTAGTTACG,0,4305356
yadI_predicted,0.1,9,9,ACCGCGTTGCAGCCACGGTC,0,4362290
yadI_predicted,0.1,9,9,ACCGAGTCGTAGGTTGAGAC,0,4342766
yadI_predicted,0.1,9,9,ACCGAGAGAAATCGAAATGT,0,4318001
yadI_predicted,0.1,9,9,ACCGACCGAGGTTGTTATAA,0,4311911
yadI_predicted,0.1,9,9,ACCGAACCCGGCCCCGTCAC,0,4286816
yadI_predicted,0.1,9,9,ACCCTATGGGATCTACGCAC,0,4320649
yadI_predicted,0.1,9,9,ACCCGTCCCGGCGACCTTTA,0,4323627
yadI_predicted,0.1,9,9,ACCCGACTGTAGTGCCGCTT,0,4326308
yadI_predicted,0.1,9,9,ACCCCAGCCCCATGGATGTC,0,4352583
yadI_predicted,0.1,9,9,ACCAGCTGTCCACCCCCACT,0,4351392
yadI_predicted,0.1,9,9,ACCAGCCCACCCAGAAGAGT,0,4320162
yadI_predicted,0.1,9,9,ACCACGCAGGTAGGAGCAAG,0,4353410
yadI_predicted,0.1,9,9,ACCACCTGCCAGGAAGATAG,0,4325495
yadI_predicted,0.1,9,9,ACCACCATTGAAACAACGCA,0,4363424
yadI_predicted,0.1,9,9,ACCACACGTGCCCTGTAGAG,0,4358461
yadI_predicted,0.1,9,9,ACCAATAACGCAGGTGAACG,0,4309938
yadI_predicted,0.1,9,9,ACATGTCGAAGGGACGCTAC,0,4322315
yadI_predicted,0.1,9,9,ACATATCGCCCAACGCACGA,0,4300719
yadI_predicted,0.1,9,9,ACAGTTTGGGTTCAAAGTCA,0,4327499
yadI_predicted,0.1,9,9,ACAGGCAATATTTGGTAATG,0,4299106
yadI_predicted,0.1,9,9,ACAGCAAGAGTAGCGGAGTT,0,4368667
yadI_predicted,0.1,9,9,ACAGATGTCGAGTGTTAAGC,0,4285788
yadI_predicted,0.1,9,9,ACACTTCGCGTCGTGGCATA,0,4351918
yadI_predicted,0.1,9,9,ACACCGGGTGATCAATTGCC,0,4328515
yadI_predicted,0.1,9,9,ACACCCCCAAGGGATTACAT,0,4316036
yadI_predicted,0.1,9,9,ACAATGCAATCGCAGAGCGG,0,4336601
yadI_predicted,0.1,9,9,ACAAATGTTCTCGATACCTA,0,4349370
yadI_predicted,0.1,9,9,ACAAACTAGATGATGTCATA,0,4298191
yadI_predicted,0.1,9,9,AATTGGTGCTTTTGGACGTT,0,4319089
yadI_predicted,0.1,9,9,AATTGCAACGCGTCCTGATT,0,4291990
yadI_predicted,0.1,9,9,AATTACCGGCGTTGAGAGAA,0,4291460
yadI_predicted,0.1,9,9,AATGTTGGAAGTTTAAGTCT,0,4368042
yadI_predicted,0.1,9,9,AATGTATTTAAAATCAGGAT,0,4284818
yadI_predicted,0.1,9,9,AATGTAAAGTGACGCCCTGC,0,4319732
yadI_predicted,0.1,9,9,AATGGCATCGGTTTGATGAC,0,4308356
yadI_predicted,0.1,9,9,AATGATTGTGTATCATGATA,0,4353498
yadI_predicted,0.1,9,9,AATGATTGTGCGCGGGTATC,0,4346653
yadI_predicted,0.1,9,9,AATCTCGACACGGGGATCGC,0,4347401
yadI_predicted,0.1,9,9,AATCTATGGTTAGTAACGTT,0,4340308
yadI_predicted,0.1,9,9,AATCCTTCAAAACGGCAACT,0,4319602
yadI_predicted,0.1,9,9,AATCCTGGCCATACCTTATA,0,4341063
yadI_predicted,0.1,9,9,AATCCGATGCTTAATGGCGT,0,4358875
yadI_predicted,0.1,9,9,AATATGCCTGGCCACGTGCT,0,4289909
yadI_predicted,0.1,9,9,AATAGGCTTTCGCTGAGTGT,0,4347034
yadI_predicted,0.1,9,9,AATACTGATCGCGTTTCACT,0,4285268
yadI_predicted,0.1,9,9,AATACGCTAACCGTGTTCCT,0,4324928
yadI_predicted,0.1,9,9,AATACCATCTACGACACGCT,0,4354992
yadI_predicted,0.1,9,9,AAGTTCGTAAAAGCCCTTTC,0,4295002
yadI_predicted,0.1,9,9,AAGTTACCCGGATGCTAATT,0,4347799
yadI_predicted,0.1,9,9,AAGTGTCCCTTTTCTTTAAC,0,4337823
yadI_predicted,0.1,9,9,AAGTCTGAGTTAGGGAGTGG,0,4313560
yadI_predicted,0.1,9,9,AAGTCCACCGCTGATGTTTT,0,4348664
yadI_predicted,0.1,9,9,AAGTATACGAGGTAGTCCAA,0,4344909
yadI_predicted,0.1,9,9,AAGTACCAGTTATTCAGTTT,0,4337329
yadI_predicted,0.1,9,9,AAGGTTTTTACACAGGACGA,0,4351450
yadI_predicted,0.1,9,9,AAGGTTTTACGTAAGCGCGT,0,4342628
yadI_predicted,0.1,9,9,AAGGTTTGTTGTATTCCAAA,0,4342087
yadI_predicted,0.1,9,9,AAGGGTAATATGGTACAACA,0,4342410
yadI_predicted,0.1,9,9,AAGGGGAATTCATAATACAC,0,4356908
yadI_predicted,0.1,9,9,AAGGCGAACTGAGAGAGCTC,0,4369804
yadI_predicted,0.1,9,9,AAGGCCGCCTCACGTAGATG,0,4353470
yadI_predicted,0.1,9,9,AAGGCCGAATCCCAGTGGGT,0,4292224
yadI_predicted,0.1,9,9,AAGCACTCTTAACGCAGAGT,0,4284299
yadI_predicted,0.1,9,9,AAGATACTACACCGCAACCT,0,4326973
yadI_predicted,0.1,9,9,AAGAATTTCACAATGCGCAG,0,4309459
yadI_predicted,0.1,9,9,AACTCAATCGCCGAGCTAGC,0,4318740
yadI_predicted,0.1,9,9,AACTACCTCGCCGTAACAGA,0,4305310
yadI_predicted,0.1,9,9,AACGGAGCGAAGATGTTAGC,0,4299023
yadI_predicted,0.1,9,9,AACGAGATACAGGGAAAAAA,0,4336028
yadI_predicted,0.1,9,9,AACCTCAGAACGCCTGTCCT,0,4345517
yadI_predicted,0.1,9,9,AACATTCTGACACATAACGG,0,4308930
yadI_predicted,0.1,9,9,AACACGAATATCGACGGTCA,0,4341981
yadI_predicted,0.1,9,9,AACACCGACTGTTTCTGCAT,0,4317843
yadI_predicted,0.1,9,9,AAATTGCTTGTGTATTGTCG,0,4334482
yadI_predicted,0.1,9,9,AAATTCGGAGTCCTGTAAAC,0,4332816
yadI_predicted,0.1,9,9,AAATCTGGCTAGTCCCTTAG,0,4316423
yadI_predicted,0.1,9,9,AAATCATTAGAGTTGGCTGT,0,4287799
yadI_predicted,0.1,9,9,AAATCATTACATCAACCCGG,0,4291301
yadI_predicted,0.1,9,9,AAAGGGCATCGGCCAACACT,0,4321157
yadI_predicted,0.1,9,9,AAAGGCAGGAAGAACGTTTA,0,4320299
yadI_predicted,0.1,9,9,AAAGCAACTCGCCTGATTGG,0,4293178
yadI_predicted,0.1,9,9,AAACGTGGTCGATGAGGCCT,0,4342539
yadI_predicted,0.1,9,9,AAACGTGGATTTTCACCGGT,0,4316799
yadI_predicted,0.1,9,9,AAACGGTCAGCTCCACGGCC,0,4291247
yadI_predicted,0.1,9,9,AAACGAGAAGTTGGGGGGTT,0,4346432
yadI_predicted,0.1,9,9,AAACCGTTTCCGGATGACGG,0,4315733
yadI_predicted,0.1,9,9,AAACAATCCTTTAGGGCGTC,0,4313170
yadI_predicted,0.1,9,9,AAACAAGATCGTAAGGAAGA,0,4365363
yadI_predicted,0.1,9,9,AAAAGCGTTCGGAAAGTATA,0,4363276
yadI_predicted,0.1,9,9,AAAACGTAGCCGCTGGCATA,0,4363281
yadI_predicted,0.1,9,9,AAAACACGCCCACCAACCGA,0,4309584
yadI_predicted,0.1,9,9,AAAACAAGTATCCTGGCATA,0,4335677
yadI_predicted,0.1,9,9,AAAAATCGTCCCCCTCCCCA,0,4360428
yadI_predicted,0.1,9,9,AAAAACGAGTGTTGAAATAC,0,4349094
yadI_predicted,0.1,9,9,AAAAACAGGAAGACGGCCAC,0,4307516
yadI_predicted,0.1111111111111111,8,8,TTTTTTTCTTCGGAACGACG,0,4361079
yadI_predicted,0.1111111111111111,8,8,TTTTTTAGGAATTTGACGAC,0,4358941
yadI_predicted,0.1111111111111111,8,8,TTTTTCGGCTTATTCGACAT,0,4323878
yadI_predicted,0.1111111111111111,8,8,TTTTTCGATCCTCCGATTTG,0,4307314
yadI_predicted,0.1111111111111111,8,8,TTTTTACAGAAAACTTTGGC,0,4284891
yadI_predicted,0.1111111111111111,8,8,TTTTCGCAGCTATCTTGCGA,0,4361461
yadI_predicted,0.1111111111111111,8,8,TTTTCGAGGGAATCCATCAA,0,4285304
yadI_predicted,0.1111111111111111,8,8,TTTTATCTACGTCGGTGGGT,0,4359959
yadI_predicted,0.1111111111111111,8,8,TTTTATCGCGGAGACAACTG,0,4303237
yadI_predicted,0.1111111111111111,8,8,TTTTACGACGTGGCTGGCTA,0,4307815
yadI_predicted,0.1111111111111111,8,8,TTTGTTTAGTTCCCGGCCCG,0,4330144
yadI_predicted,0.1111111111111111,8,8,TTTGTCCCGCTCGGACGAAT,0,4347374
yadI_predicted,0.1111111111111111,8,8,TTTGGTTCCCAAGAAATGGA,0,4360799
yadI_predicted,0.1111111111111111,8,8,TTTGGTCACAACTCTTAATT,0,4334949
yadI_predicted,0.1111111111111111,8,8,TTTGGAATCCCACATCAAGC,0,4294955
yadI_predicted,0.1111111111111111,8,8,TTTGCAACTTGATGTTTTCG,0,4297083
yadI_predicted,0.1111111111111111,8,8,TTTGATTTCTCAATTTTAAG,0,4348699
yadI_predicted,0.1111111111111111,8,8,TTTGAGTTAAGCCTATATGT,0,4365745
yadI_predicted,0.1111111111111111,8,8,TTTGAGGAGGAGGACTATTA,0,4286017
yadI_predicted,0.1111111111111111,8,8,TTTGAGCTCCACCTCATGAT,0,4336710
yadI_predicted,0.1111111111111111,8,8,TTTGAATAGGTCACGCGTGC,0,4330878
yadI_predicted,0.1111111111111111,8,8,TTTCTCGAGATTTAGGCGCC,0,4305183
yadI_predicted,0.1111111111111111,8,8,TTTCGGATTTAATGACGAAG,0,4360985
yadI_predicted,0.1111111111111111,8,8,TTTCGAATATTAGTTTTTGA,0,4329086
yadI_predicted,0.1111111111111111,8,8,TTTCCTGCCGGAAATTCTAC,0,4362834
yadI_predicted,0.1111111111111111,8,8,TTTCCGTTGTACGCATATTA,0,4334525
yadI_predicted,0.1111111111111111,8,8,TTTCCGGCAACAATCTGGGT,0,4285093
yadI_predicted,0.1111111111111111,8,8,TTTCATGGCACGATCTATTT,0,4349516
yadI_predicted,0.1111111111111111,8,8,TTTCATATGCGCTGTGTTTC,0,4317820
yadI_predicted,0.1111111111111111,8,8,TTTATATTCGCCATATTTAG,0,4358781
yadI_predicted,0.1111111111111111,8,8,TTTACGCCCACCGGACGTAA,0,4355005
yadI_predicted,0.1111111111111111,8,8,TTTACGATTTACACAGTATC,0,4337988
yadI_predicted,0.1111111111111111,8,8,TTTACCCGATCGCATCGAAA,0,4343260
yadI_predicted,0.1111111111111111,8,8,TTGTTCACGTAATAAAGCAT,0,4292575
yadI_predicted,0.1111111111111111,8,8,TTGTGCCTCAAAATGTTGTC,0,4305328
yadI_predicted,0.1111111111111111,8,8,TTGTCTTCACGTTAAGGGAC,0,4324818
yadI_predicted,0.1111111111111111,8,8,TTGGTAGTCGTCAAGTGGAC,0,4369198
yadI_predicted,0.1111111111111111,8,8,TTGGTAGTCCAGACTAAGCT,0,4308865
yadI_predicted,0.1111111111111111,8,8,TTGGTACGCTCAAGGTGAGT,0,4361299
yadI_predicted,0.1111111111111111,8,8,TTGGGTCCCTTACAAGAATT,0,4314522
yadI_predicted,0.1111111111111111,8,8,TTGGGGTGGCACTTTCCAAT,0,4295515
yadI_predicted,0.1111111111111111,8,8,TTGGCGAAGTTGGTTTCTCG,0,4307791
yadI_predicted,0.1111111111111111,8,8,TTGGAAATTTAAATACGATT,0,4349402
yadI_predicted,0.1111111111111111,8,8,TTGCCGTGCCCCGCTCCATT,0,4359288
yadI_predicted,0.1111111111111111,8,8,TTGCCCGCGACAATGCCTGG,0,4285161
yadI_predicted,0.1111111111111111,8,8,TTGCAGAGGGCTACAGGTAT,0,4284242
yadI_predicted,0.1111111111111111,8,8,TTGATTTACATTGTTCGAGA,0,4350363
yadI_predicted,0.1111111111111111,8,8,TTGATAACTATTCGGTTCAC,0,4357221
yadI_predicted,0.1111111111111111,8,8,TTGAATTGGGGCAAGATGGG,0,4286447
yadI_predicted,0.1111111111111111,8,8,TTGAAAGAGTCATTTCGAGC,0,4321426
yadI_predicted,0.1111111111111111,8,8,TTCTGTACCGCTTTAAAGGG,0,4303761
yadI_predicted,0.1111111111111111,8,8,TTCTGCTGCTAAATTTAGGT,0,4317188
yadI_predicted,0.1111111111111111,8,8,TTCTCTTTCGGGAAGTAGAA,0,4299754
yadI_predicted,0.1111111111111111,8,8,TTCTCATACTGCTCACCCGA,0,4363550
yadI_predicted,0.1111111111111111,8,8,TTCTAAATAACGTCTGAGGA,0,4328768
yadI_predicted,0.1111111111111111,8,8,TTCGTGGACTGAAGACCACC,0,4357879
yadI_predicted,0.1111111111111111,8,8,TTCGGTGCCTACAGTGCTCC,0,4363787
yadI_predicted,0.1111111111111111,8,8,TTCGAGACATGGGCAAAGTG,0,4350108
yadI_predicted,0.1111111111111111,8,8,TTCGACATAAGTGGGCCGCT,0,4336849
yadI_predicted,0.1111111111111111,8,8,TTCCGGTTGGAAAGGGCGGT,0,4366182
yadI_predicted,0.1111111111111111,8,8,TTCCCTCGGGTCGATTTTCA,0,4362206
yadI_predicted,0.1111111111111111,8,8,TTCCCGGTGCCCGCGTCGTG,0,4305925
yadI_predicted,0.1111111111111111,8,8,TTCCATTGCGAAACATGATC,0,4309061
yadI_predicted,0.1111111111111111,8,8,TTCATGGAGCAACGTCTTCA,0,4361702
yadI_predicted,0.1111111111111111,8,8,TTCATGAGACTCACGATGGT,0,4315961
yadI_predicted,0.1111111111111111,8,8,TTCATCGCCGATAACATACG,0,4295508
yadI_predicted,0.1111111111111111,8,8,TTCATAGATAACAGCGATAC,0,4352151
yadI_predicted,0.1111111111111111,8,8,TTCACTCGTTTCGTAGCTAA,0,4326700
yadI_predicted,0.1111111111111111,8,8,TTCACGCGCTCTCCCATAAT,0,4300193
yadI_predicted,0.1111111111111111,8,8,TTCACATCTCCGATGTCGCT,0,4306043
yadI_predicted,0.1111111111111111,8,8,TTCAACTTGTATTCCGGCGA,0,4340719
yadI_predicted,0.1111111111111111,8,8,TTCAAAGCCCGCGCAGCCTT,0,4316670
yadI_predicted,0.1111111111111111,8,8,TTATTTTGGCCTTCCCAGCG,0,4299970
yadI_predicted,0.1111111111111111,8,8,TTATTGTAGAGTCGCCGACG,0,4334483
yadI_predicted,0.1111111111111111,8,8,TTATTGCAGGCCTTCGAGGC,0,4365407
yadI_predicted,0.1111111111111111,8,8,TTATTGAGCGTCCTTAGTGT,0,4364281
yadI_predicted,0.1111111111111111,8,8,TTATGATACTGTTAGACTGA,0,4306979
yadI_predicted,0.1111111111111111,8,8,TTATAACGTTAAATGCCGCA,0,4355273
yadI_predicted,0.1111111111111111,8,8,TTAGGGTTCTTGCAGTTTAA,0,4316559
yadI_predicted,0.1111111111111111,8,8,TTAGCTTAGGTCTTAAACGT,0,4330191
yadI_predicted,0.1111111111111111,8,8,TTACTCCTTAGCCACGCGTG,0,4327892
yadI_predicted,0.1111111111111111,8,8,TTACGGACCGGCACGACCGT,0,4347329
yadI_predicted,0.1111111111111111,8,8,TTACGAGAAAGTCGTTAGCG,0,4354575
yadI_predicted,0.1111111111111111,8,8,TTAAGGCGCTAAGTTCTTAA,0,4368263
yadI_predicted,0.1111111111111111,8,8,TTAAGCGTCCTTTGAGGTAG,0,4323360
yadI_predicted,0.1111111111111111,8,8,TTAAGACTGACGGGGGCATC,0,4357243
yadI_predicted,0.1111111111111111,8,8,TTAAAGTCCCCTCTAGCGTA,0,4341766
yadI_predicted,0.1111111111111111,8,8,TTAAAGGGGTTGGGTAGACT,0,4333587
yadI_predicted,0.1111111111111111,8,8,TTAAAGCGGGGAAAAGACGA,0,4347531
yadI_predicted,0.1111111111111111,8,8,TTAAAGACTCGTGTTAACTC,0,4316424
yadI_predicted,0.1111111111111111,8,8,TTAAACTAAATATGTAGCCA,0,4349754
yadI_predicted,0.1111111111111111,8,8,TTAAACGTGTGGTACACACC,0,4345864
yadI_predicted,0.1111111111111111,8,8,TGTTTGTGGTAAGCCGAGCC,0,4302102
yadI_predicted,0.1111111111111111,8,8,TGTTGCAAGGCACGTAAGCG,0,4327965
yadI_predicted,0.1111111111111111,8,8,TGTTACTCAGGGGGAAGGTA,0,4345344
yadI_predicted,0.1111111111111111,8,8,TGTGTGAACGGTGGCGGTCA,0,4313156
yadI_predicted,0.1111111111111111,8,8,TGTGTCCCGTACTCCTCAGA,0,4351146
yadI_predicted,0.1111111111111111,8,8,TGTGTAGCGTTCTTCTCATT,0,4353805
yadI_predicted,0.1111111111111111,8,8,TGTGTAACCTTTTGATCGAG,0,4345419
yadI_predicted,0.1111111111111111,8,8,TGTGGCCTCGCCCCCCCGTG,0,4332672
yadI_predicted,0.1111111111111111,8,8,TGTGATTTAAGATGATACAA,0,4365458
yadI_predicted,0.1111111111111111,8,8,TGTGAAATGTGCAACCGTTA,0,4327178
yadI_predicted,0.1111111111111111,8,8,TGTCTCCATCTCTATTTGTT,0,4354139
yadI_predicted,0.1111111111111111,8,8,TGTCGAAAAGCGTGAAATGT,0,4347975
yadI_predicted,0.1111111111111111,8,8,TGTCATAACAACGCGAGGAC,0,4320291
yadI_predicted,0.1111111111111111,8,8,TGTACCGCTGATAGGTTATT,0,4322641
yadI_predicted,0.1111111111111111,8,8,TGTACATAGCGTGTGCTATG,0,4358665
yadI_predicted,0.1111111111111111,8,8,TGTAATCGGCAGTGTCGATT,0,4305889
yadI_predicted,0.1111111111111111,8,8,TGTAATACGTCGTCAAACAG,0,4366841
yadI_predicted,0.1111111111111111,8,8,TGTAACTTGCTGTGACCCAT,0,4360873
yadI_predicted,0.1111111111111111,8,8,TGGTTTTTTCGCTGGTCCTG,0,4349233
yadI_predicted,0.1111111111111111,8,8,TGGTTATTCAGTGGTGAACA,0,4298272
yadI_predicted,0.1111111111111111,8,8,TGGTGCGTCATTGGTCGCTG,0,4310380
yadI_predicted,0.1111111111111111,8,8,TGGTCTTGGACTCCGAATTG,0,4356545
yadI_predicted,0.1111111111111111,8,8,TGGTACGGTTCCCAAGGTGA,0,4304375
yadI_predicted,0.1111111111111111,8,8,TGGGGATTCCTCGTGAACGG,0,4312477
yadI_predicted,0.1111111111111111,8,8,TGGGCTCTCTTTTCGGTTCG,0,4298182
yadI_predicted,0.1111111111111111,8,8,TGGGATGTCATACCGTTACT,0,4286335
yadI_predicted,0.1111111111111111,8,8,TGGGACACTAAACGGGCGCA,0,4342416
yadI_predicted,0.1111111111111111,8,8,TGGGAAAGTACCCATTGTTT,0,4344490
yadI_predicted,0.1111111111111111,8,8,TGGCTTGTAAAATCTGGATG,0,4329899
yadI_predicted,0.1111111111111111,8,8,TGGCTGTCGAGAGCAGCAAA,0,4312328
yadI_predicted,0.1111111111111111,8,8,TGGCTCCTAAGTGGCTCACA,0,4331219
yadI_predicted,0.1111111111111111,8,8,TGGCTATTCCACTCTGACAT,0,4352073
yadI_predicted,0.1111111111111111,8,8,TGGCGGGAGATCAGTTGGTT,0,4347080
yadI_predicted,0.1111111111111111,8,8,TGGCCGCCCGAAGAAATAGC,0,4331124
yadI_predicted,0.1111111111111111,8,8,TGGCCCGCCCGTTCTATGTG,0,4343886
yadI_predicted,0.1111111111111111,8,8,TGGCAGGTCGTACACATTAT,0,4312268
yadI_predicted,0.1111111111111111,8,8,TGGAGAAGTAATTAAAACAA,0,4355908
yadI_predicted,0.1111111111111111,8,8,TGGACCTCGACCGGTGTGTA,0,4310282
yadI_predicted,0.1111111111111111,8,8,TGGACCGTTCTGCAGTTACT,0,4358077
yadI_predicted,0.1111111111111111,8,8,TGGAACGTCGTCTGTCAACG,0,4365750
yadI_predicted,0.1111111111111111,8,8,TGCTGTACGAAAGCGGGAGT,0,4292105
yadI_predicted,0.1111111111111111,8,8,TGCTCGTAACAAAGCTCTTT,0,4300939
yadI_predicted,0.1111111111111111,8,8,TGCTCCTATAAACACCATAT,0,4290263
yadI_predicted,0.1111111111111111,8,8,TGCGTTTGTTAGTCCAACGA,0,4347923
yadI_predicted,0.1111111111111111,8,8,TGCGTAACCGATACGGGGAT,0,4305097
yadI_predicted,0.1111111111111111,8,8,TGCGGTCTATCGTTGGGGCA,0,4366933
yadI_predicted,0.1111111111111111,8,8,TGCGGCGTCTCATAGGACGT,0,4341038
yadI_predicted,0.1111111111111111,8,8,TGCGGCGGAACCAAATTTGG,0,4288740
yadI_predicted,0.1111111111111111,8,8,TGCCTTAGCTATACGTGGTA,0,4359852
yadI_predicted,0.1111111111111111,8,8,TGCCAGCATAAGCCTGAGCA,0,4332674
yadI_predicted,0.1111111111111111,8,8,TGCCAAACTTGGACGGCCTT,0,4340362
yadI_predicted,0.1111111111111111,8,8,TGCAGACCTGATGTCTTTTC,0,4300072
yadI_predicted,0.1111111111111111,8,8,TGCACTCTGGCTGCGGATCA,0,4345971
yadI_predicted,0.1111111111111111,8,8,TGCAATGAGCGACAACCAAA,0,4343968
yadI_predicted,0.1111111111111111,8,8,TGCAAGAATCTTTCTGCCTT,0,4341458
yadI_predicted,0.1111111111111111,8,8,TGATGTTTCAGGGAACCAAT,0,4339279
yadI_predicted,0.1111111111111111,8,8,TGATGCTCTGCTTGTGGTGT,0,4322216
yadI_predicted,0.1111111111111111,8,8,TGATCCCCGGGACCTAAAAT,0,4352575
yadI_predicted,0.1111111111111111,8,8,TGATACGTAGGGCCGAGCAG,0,4357063
yadI_predicted,0.1111111111111111,8,8,TGAGTGAGCGAGTAAGCACT,0,4347102
yadI_predicted,0.1111111111111111,8,8,TGAGTAACCACTAGCACTTG,0,4300138
yadI_predicted,0.1111111111111111,8,8,TGAGCTCGCTAATGCCGGTT,0,4330830
yadI_predicted,0.1111111111111111,8,8,TGACGTGGAAGCCTTTCGGT,0,4303010
yadI_predicted,0.1111111111111111,8,8,TGACCCTTGATTCAGAGGAT,0,4335784
yadI_predicted,0.1111111111111111,8,8,TGACAGCAATATTACTTGTA,0,4353534
yadI_predicted,0.1111111111111111,8,8,TGAAGTCAGTGGTGCCAGTT,0,4322745
yadI_predicted,0.1111111111111111,8,8,TGAACCCACTCTGGTACCAG,0,4366480
yadI_predicted,0.1111111111111111,8,8,TGAAAGCGAACATTCAGAGG,0,4345649
yadI_predicted,0.1111111111111111,8,8,TCTTTGAATAGTTAAGCTAG,0,4286980
yadI_predicted,0.1111111111111111,8,8,TCTTTAGGTCTATCATAGAT,0,4353754
yadI_predicted,0.1111111111111111,8,8,TCTTCCAACTGGGATACCGG,0,4352582
yadI_predicted,0.1111111111111111,8,8,TCTTATAGGACAGCGAAGGA,0,4332047
yadI_predicted,0.1111111111111111,8,8,TCTTAATTGCAGCTCTTCTA,0,4365737
yadI_predicted,0.1111111111111111,8,8,TCTGTTCAAGTCTCCCAGCA,0,4288223
yadI_predicted,0.1111111111111111,8,8,TCTGTATGCTCATCGGGTCC,0,4304510
yadI_predicted,0.1111111111111111,8,8,TCTGGTGCGTTAGCGTAGCC,0,4324833
yadI_predicted,0.1111111111111111,8,8,TCTGGAGGAAGATCAGACGA,0,4348594
yadI_predicted,0.1111111111111111,8,8,TCTGCCAGAGCTACTTCGGT,0,4318665
yadI_predicted,0.1111111111111111,8,8,TCTCCAGTGGTCAAGTGTCT,0,4284350
yadI_predicted,0.1111111111111111,8,8,TCTCAGTTCGTATTTATGTT,0,4366106
yadI_predicted,0.1111111111111111,8,8,TCTATTCGGCTGGTTTTTAT,0,4309354
yadI_predicted,0.1111111111111111,8,8,TCTATCAGCTGATATGGGAC,0,4326490
yadI_predicted,0.1111111111111111,8,8,TCTACAGAAAACCTCGTGCT,0,4356033
yadI_predicted,0.1111111111111111,8,8,TCTAAGGCTTATTAGGTAAT,0,4328710
yadI_predicted,0.1111111111111111,8,8,TCGTTTGCATAATAAGCTGG,0,4365464
yadI_predicted,0.1111111111111111,8,8,TCGTGTGCGGGTATACAACG,0,4306297
yadI_predicted,0.1111111111111111,8,8,TCGGTGGTATATTACTTAAT,0,4338459
yadI_predicted,0.1111111111111111,8,8,TCGGTCTGTTCAGCATGGGG,0,4311901
yadI_predicted,0.1111111111111111,8,8,TCGGTATTCGGCCTGTATTA,0,4284669
yadI_predicted,0.1111111111111111,8,8,TCGGTATACAATCCGAACGG,0,4324886
yadI_predicted,0.1111111111111111,8,8,TCGGGAGTAGAGAGACACAA,0,4289281
yadI_predicted,0.1111111111111111,8,8,TCGGCTTCATTCAGTTTTTG,0,4301336
yadI_predicted,0.1111111111111111,8,8,TCGGCTAACCTCCTGTCCTT,0,4353897
yadI_predicted,0.1111111111111111,8,8,TCGGCACTGCGACTCCCCTC,0,4284364
yadI_predicted,0.1111111111111111,8,8,TCGGATGAGGGACTATTTGC,0,4323221
yadI_predicted,0.1111111111111111,8,8,TCGGACATTCCCCGCTACAG,0,4348605
yadI_predicted,0.1111111111111111,8,8,TCGCTAAGTTTGAGGTGTAA,0,4298320
yadI_predicted,0.1111111111111111,8,8,TCGCGTCTGGTCGAAAGCAT,0,4299377
yadI_predicted,0.1111111111111111,8,8,TCGCGCCGTTATCGGAATAG,0,4348999
yadI_predicted,0.1111111111111111,8,8,TCGCCTCACCGCATGTGTGT,0,4360446
yadI_predicted,0.1111111111111111,8,8,TCGCCAGACCTACTCTGCGG,0,4346275
yadI_predicted,0.1111111111111111,8,8,TCGCAGTGGAGCAAATCGAG,0,4355188
yadI_predicted,0.1111111111111111,8,8,TCGCAAAATGGCGTAACCCT,0,4315077
yadI_predicted,0.1111111111111111,8,8,TCGATTCTGTTTTAGGCAGT,0,4287002
yadI_predicted,0.1111111111111111,8,8,TCGATCATCAACATTTAGAT,0,4358943
yadI_predicted,0.1111111111111111,8,8,TCGAGGGATCAGTGTTAAAA,0,4290466
yadI_predicted,0.1111111111111111,8,8,TCCTCGATCGCGGTATACTC,0,4300338
yadI_predicted,0.1111111111111111,8,8,TCCGTAGTGGCATTTCCAGT,0,4307718
yadI_predicted,0.1111111111111111,8,8,TCCGTAAGGGGCTTCTCGAA,0,4363458
yadI_predicted,0.1111111111111111,8,8,TCCGCGTGGGGACACTAGGC,0,4317402
yadI_predicted,0.1111111111111111,8,8,TCCGCGAGCTTACTGATACT,0,4321003
yadI_predicted,0.1111111111111111,8,8,TCCGAGTCGTCGAAGGGTTT,0,4354406
yadI_predicted,0.1111111111111111,8,8,TCCGACGGCAGCACGCCCTA,0,4314550
yadI_predicted,0.1111111111111111,8,8,TCCCTAGAGTCGTGCTGGAT,0,4336153
yadI_predicted,0.1111111111111111,8,8,TCCCGTAAGAGAGCAGTGCA,0,4286461
yadI_predicted,0.1111111111111111,8,8,TCCCGCTTGAACATGGTTCT,0,4328220
yadI_predicted,0.1111111111111111,8,8,TCCCATGCAAGCACCGGATT,0,4298417
yadI_predicted,0.1111111111111111,8,8,TCCCAGATTCAAACCAATTA,0,4302395
yadI_predicted,0.1111111111111111,8,8,TCCCAAAATATTAATAAGTT,0,4333124
yadI_predicted,0.1111111111111111,8,8,TCCAGCCACACTCCTGCGTC,0,4346935
yadI_predicted,0.1111111111111111,8,8,TCCAGACGGGGCGTCTATAT,0,4356845
yadI_predicted,0.1111111111111111,8,8,TCCAAGTTTGTGTTCGATTG,0,4306379
yadI_predicted,0.1111111111111111,8,8,TCATTGTTGAGCGGCGTCCG,0,4345095
yadI_predicted,0.1111111111111111,8,8,TCATCTGGAGATGTGTCCGC,0,4355009
yadI_predicted,0.1111111111111111,8,8,TCATCGGCGGGCGATTCAGG,0,4297937
yadI_predicted,0.1111111111111111,8,8,TCATATCGCGAGTTGACACG,0,4337843
yadI_predicted,0.1111111111111111,8,8,TCAGGTAAAGTGTTAGGCGA,0,4335315
yadI_predicted,0.1111111111111111,8,8,TCAGGGGGCAAGGGAAATTA,0,4338905
yadI_predicted,0.1111111111111111,8,8,TCAGCGTCGCGTTCGCAGGC,0,4287325
yadI_predicted,0.1111111111111111,8,8,TCACTTATCCGGGACCGCTA,0,4310229
yadI_predicted,0.1111111111111111,8,8,TCACGGACCGGTCATTATAC,0,4357486
yadI_predicted,0.1111111111111111,8,8,TCACCATTCGGAAAGTAGAT,0,4317646
yadI_predicted,0.1111111111111111,8,8,TCAAGTGCGGGACGCCTCGC,0,4332781
yadI_predicted,0.1111111111111111,8,8,TCAAGCCAATATATGAGCGA,0,4338255
yadI_predicted,0.1111111111111111,8,8,TCAACCTTATCGTGAAGGTC,0,4288560
yadI_predicted,0.1111111111111111,8,8,TATTGTAATCTGTTTAAACT,0,4327164
yadI_predicted,0.1111111111111111,8,8,TATTCCTCGGAGGCTAGTGG,0,4293241
yadI_predicted,0.1111111111111111,8,8,TATTCACACGTCTAATCCCT,0,4312118
yadI_predicted,0.1111111111111111,8,8,TATTAGGCTCTCTGGAGCCT,0,4321040
yadI_predicted,0.1111111111111111,8,8,TATGTGACTTAACAAAGTAT,0,4357250
yadI_predicted,0.1111111111111111,8,8,TATGTGACGGGGTCGCCTGC,0,4306961
yadI_predicted,0.1111111111111111,8,8,TATGGCGTCACAGCCGATAG,0,4313655
yadI_predicted,0.1111111111111111,8,8,TATGCCGGGCATTGCTCGGA,0,4334028
yadI_predicted,0.1111111111111111,8,8,TATGACCATCACGTTGCATT,0,4291446
yadI_predicted,0.1111111111111111,8,8,TATCTGTCCCTTCCCGTATG,0,4364015
yadI_predicted,0.1111111111111111,8,8,TATCGTAATGTTGATACCCA,0,4347996
yadI_predicted,0.1111111111111111,8,8,TATCATCCAAACCCAATAGA,0,4338369
yadI_predicted,0.1111111111111111,8,8,TATCAGCTTGCAAGCACCAT,0,4295490
yadI_predicted,0.1111111111111111,8,8,TATATCTGCGACCGTCCGAA,0,4319713
yadI_predicted,0.1111111111111111,8,8,TATAGGAACCGAGAAGCTTT,0,4303734
yadI_predicted,0.1111111111111111,8,8,TATACTAGGATGGCTTCTTA,0,4368568
yadI_predicted,0.1111111111111111,8,8,TATAATAATCTTTGCGATGT,0,4355409
yadI_predicted,0.1111111111111111,8,8,TAGGTGAAAAAGGCAAAATA,0,4316283
yadI_predicted,0.1111111111111111,8,8,TAGGGGGGTGCTACGCACAT,0,4363763
yadI_predicted,0.1111111111111111,8,8,TAGGGCGGGGAAGCGACGGG,0,4360685
yadI_predicted,0.1111111111111111,8,8,TAGGGATTGCCACATTCGAA,0,4286069
yadI_predicted,0.1111111111111111,8,8,TAGGCTAACAAGCCTTTGGA,0,4350244
yadI_predicted,0.1111111111111111,8,8,TAGGCGGAACCTCGTAGCTA,0,4298117
yadI_predicted,0.1111111111111111,8,8,TAGGAGTGAGTGTCGCGTGT,0,4347372
yadI_predicted,0.1111111111111111,8,8,TAGCTGAGATATAATCCCCT,0,4357958
yadI_predicted,0.1111111111111111,8,8,TAGCTACGGCTGTAGAAGCC,0,4312446
yadI_predicted,0.1111111111111111,8,8,TAGCGGGGCCTTGCTTTTTA,0,4361830
yadI_predicted,0.1111111111111111,8,8,TAGCGGATAAGCCACTGGTT,0,4357988
yadI_predicted,0.1111111111111111,8,8,TAGCCCCTTGTCATAAGTCC,0,4290059
yadI_predicted,0.1111111111111111,8,8,TAGCAGGTGCCCTTTCACTA,0,4356379
yadI_predicted,0.1111111111111111,8,8,TAGCACCTGACCAGCACTTC,0,4333849
yadI_predicted,0.1111111111111111,8,8,TAGACGATGTTCGAGCGACG,0,4348213
yadI_predicted,0.1111111111111111,8,8,TAGACATTGCGATATGTACT,0,4354524
yadI_predicted,0.1111111111111111,8,8,TACTGGGAAATATGTAAGAG,0,4361304
yadI_predicted,0.1111111111111111,8,8,TACTGAGGCACTATTGCTTG,0,4341138
yadI_predicted,0.1111111111111111,8,8,TACTCGATTTTCCAGACGGC,0,4333148
yadI_predicted,0.1111111111111111,8,8,TACGTTCACTACACGCTTCG,0,4289042
yadI_predicted,0.1111111111111111,8,8,TACGTTAAAAGAGTCAATTG,0,4309932
yadI_predicted,0.1111111111111111,8,8,TACGTCGGGTCGTACTGGTC,0,4322036
yadI_predicted,0.1111111111111111,8,8,TACGGTAGTGAATAACGGCG,0,4338078
yadI_predicted,0.1111111111111111,8,8,TACGGGTCGCTCGAAGGCTA,0,4342189
yadI_predicted,0.1111111111111111,8,8,TACGGGATTTGCGGATCGTG,0,4314965
yadI_predicted,0.1111111111111111,8,8,TACCTTGCGGGTAGAGCACT,0,4355278
yadI_predicted,0.1111111111111111,8,8,TACCGCCGAACACCTTGGTT,0,4355496
yadI_predicted,0.1111111111111111,8,8,TACCAGATGGTGTAGGGAGC,0,4342717
yadI_predicted,0.1111111111111111,8,8,TACATTGTAGCAATGCTTAT,0,4291661
yadI_predicted,0.1111111111111111,8,8,TACATCTTCCCGCGACTCTC,0,4325062
yadI_predicted,0.1111111111111111,8,8,TACACGTAAGACTCTGCTCC,0,4316584
yadI_predicted,0.1111111111111111,8,8,TACACGCTTTCGTAATGTGC,0,4319960
yadI_predicted,0.1111111111111111,8,8,TACACCTGTTTGTATACGGT,0,4339903
yadI_predicted,0.1111111111111111,8,8,TACAAGTACGCGGTTGACCC,0,4356853
yadI_predicted,0.1111111111111111,8,8,TAATTTAGGAGGACTCTTGT,0,4343746
yadI_predicted,0.1111111111111111,8,8,TAATTAAGGATGGTCTCGTA,0,4334908
yadI_predicted,0.1111111111111111,8,8,TAATACCTTCCTCCGTAACT,0,4313793
yadI_predicted,0.1111111111111111,8,8,TAAGTCGCCGAGGTTACGGG,0,4296317
yadI_predicted,0.1111111111111111,8,8,TAAGGTTTTCCACCCGGAAC,0,4320929
yadI_predicted,0.1111111111111111,8,8,TAAGCATGTGATTTCAGGCG,0,4318841
yadI_predicted,0.1111111111111111,8,8,TAACTGGCGGTCCATAGACG,0,4334190
yadI_predicted,0.1111111111111111,8,8,TAACCGGCTCGGCAGCGAGG,0,4353876
yadI_predicted,0.1111111111111111,8,8,TAACCAGACATAAAGTGCAT,0,4355850
yadI_predicted,0.1111111111111111,8,8,TAAATTGGAGTAGGATCTCT,0,4345335
yadI_predicted,0.1111111111111111,8,8,TAAAGTGTCGGGCGGAGAGA,0,4316719
yadI_predicted,0.1111111111111111,8,8,TAAAATGGCCTGACTCTTGA,0,4307362
yadI_predicted,0.1111111111111111,8,8,GTTTTACATAGCGGGTCATC,0,4312045
yadI_predicted,0.1111111111111111,8,8,GTTTCAGTGGGACTGATTTT,0,4333345
yadI_predicted,0.1111111111111111,8,8,GTTTCACAACGGCCTTCTAA,0,4352507
yadI_predicted,0.1111111111111111,8,8,GTTTACTTATTATAACCACT,0,4368622
yadI_predicted,0.1111111111111111,8,8,GTTGTGAGGCATTAATCTAA,0,4301499
yadI_predicted,0.1111111111111111,8,8,GTTGGTTCGAGGGTGCAACC,0,4366902
yadI_predicted,0.1111111111111111,8,8,GTTGGCTGGTCTAGCCAGAC,0,4325167
yadI_predicted,0.1111111111111111,8,8,GTTCGGTGAACCCGGTCCGG,0,4358335
yadI_predicted,0.1111111111111111,8,8,GTTCGCGTACGGAAACCCCC,0,4306564
yadI_predicted,0.1111111111111111,8,8,GTTCCAAGAGGCGCATGTCT,0,4310398
yadI_predicted,0.1111111111111111,8,8,GTTCAGCTTGAGATCGTACT,0,4327200
yadI_predicted,0.1111111111111111,8,8,GTTAGTGACCTTAGGCGCAT,0,4313545
yadI_predicted,0.1111111111111111,8,8,GTTAGGTTCGGGCGTGATAA,0,4362440
yadI_predicted,0.1111111111111111,8,8,GTTAACGCACGATCGGGGTG,0,4305484
yadI_predicted,0.1111111111111111,8,8,GTTAACGACATTTCTGGATT,0,4358403
yadI_predicted,0.1111111111111111,8,8,GTGTGTCGTTCCAGGTTGTG,0,4353693
yadI_predicted,0.1111111111111111,8,8,GTGTGACTCGGACTGGACAT,0,4297018
yadI_predicted,0.1111111111111111,8,8,GTGTCTTGAGGTTCACGGCG,0,4330488
yadI_predicted,0.1111111111111111,8,8,GTGTCCTGGCGAGCGTAGCA,0,4303922
yadI_predicted,0.1111111111111111,8,8,GTGTCCCGAGTAAGCGATTG,0,4330158
yadI_predicted,0.1111111111111111,8,8,GTGGTTGTTACGCAACAAAT,0,4332951
yadI_predicted,0.1111111111111111,8,8,GTGGGGATCGACTGTTGAAG,0,4366311
yadI_predicted,0.1111111111111111,8,8,GTGGGGACGTGTCTGTGAAT,0,4294725
yadI_predicted,0.1111111111111111,8,8,GTGGGAAACCCTCAAAACCT,0,4351263
yadI_predicted,0.1111111111111111,8,8,GTGGCGCCAGTTGGTCGTGG,0,4285383
yadI_predicted,0.1111111111111111,8,8,GTGGAATAGATCTCGTTCTC,0,4336547
yadI_predicted,0.1111111111111111,8,8,GTGCTTAGTCAATTAGTTGG,0,4340541
yadI_predicted,0.1111111111111111,8,8,GTGCTGATTTTAATCTAGAA,0,4317326
yadI_predicted,0.1111111111111111,8,8,GTGCGTAGCTAAAAGACCAC,0,4330733
yadI_predicted,0.1111111111111111,8,8,GTGCGGTACCAGGAGAGTGA,0,4337486
yadI_predicted,0.1111111111111111,8,8,GTGATGCGCCAAAAATACTT,0,4324494
yadI_predicted,0.1111111111111111,8,8,GTGAGCCAGGCATCCGAGTC,0,4325467
yadI_predicted,0.1111111111111111,8,8,GTGAACAGGAACGTCAACGA,0,4355897
yadI_predicted,0.1111111111111111,8,8,GTGAAATCTCACTTCCACTG,0,4292981
yadI_predicted,0.1111111111111111,8,8,GTCTTCAGTAACACTGTTGC,0,4314256
yadI_predicted,0.1111111111111111,8,8,GTCTGAGTATGGCTGGGCAA,0,4333861
yadI_predicted,0.1111111111111111,8,8,GTCTCTCTTAAGTGTAGAGC,0,4341899
yadI_predicted,0.1111111111111111,8,8,GTCTCGTCCCGACAACACCA,0,4315317
yadI_predicted,0.1111111111111111,8,8,GTCGTTCATAGGTCCAATGC,0,4362478
yadI_predicted,0.1111111111111111,8,8,GTCGTGTGATCCTTGTAGCA,0,4329653
yadI_predicted,0.1111111111111111,8,8,GTCGGTCGGCGCGGAATTAT,0,4306072
yadI_predicted,0.1111111111111111,8,8,GTCGGTAAGCTTCCGGGTCG,0,4358775
yadI_predicted,0.1111111111111111,8,8,GTCGAGGTTGCGGGATACAA,0,4322853
yadI_predicted,0.1111111111111111,8,8,GTCCGAGAAAATAAGCGTTA,0,4298247
yadI_predicted,0.1111111111111111,8,8,GTCCCATCGATAGGGCAGAA,0,4345928
yadI_predicted,0.1111111111111111,8,8,GTCCACGGAGTGATCCTGCA,0,4317186
yadI_predicted,0.1111111111111111,8,8,GTCATTTTTCCAGCCTATGC,0,4346270
yadI_predicted,0.1111111111111111,8,8,GTCATTTGTCGTGGCTGGAT,0,4323062
yadI_predicted,0.1111111111111111,8,8,GTCATGACGCACGACGGGGG,0,4339953
yadI_predicted,0.1111111111111111,8,8,GTCATATTCATTGATGATAA,0,4311446
yadI_predicted,0.1111111111111111,8,8,GTCAGAATGCTGAGAGACAA,0,4349759
yadI_predicted,0.1111111111111111,8,8,GTCAAAGTTTGTAAGGCATG,0,4336998
yadI_predicted,0.1111111111111111,8,8,GTATTTATGCAACGTCCAAA,0,4293444
yadI_predicted,0.1111111111111111,8,8,GTATTCGCCACAGCTCGCTT,0,4338908
yadI_predicted,0.1111111111111111,8,8,GTATTAATTCTGGACTCGGT,0,4329421
yadI_predicted,0.1111111111111111,8,8,GTATGTAATCATCACAGAAT,0,4292696
yadI_predicted,0.1111111111111111,8,8,GTATAAGACAATATGTGGCC,0,4290764
yadI_predicted,0.1111111111111111,8,8,GTAGTTTCAATCCCGCATTT,0,4310649
yadI_predicted,0.1111111111111111,8,8,GTAGGCTGGTCGGCCAACTC,0,4311489
yadI_predicted,0.1111111111111111,8,8,GTAGGCATGAAACTTAAGGC,0,4359954
yadI_predicted,0.1111111111111111,8,8,GTAGACATAAAAGTGACTTT,0,4350980
yadI_predicted,0.1111111111111111,8,8,GTAGAATAGCATGCGGCTAT,0,4340808
yadI_predicted,0.1111111111111111,8,8,GTAGAACCAGGACTGCCCCC,0,4306652
yadI_predicted,0.1111111111111111,8,8,GTACGAGCGATGCCTATCAA,0,4319448
yadI_predicted,0.1111111111111111,8,8,GTACGACCCCTCCCGAAGGG,0,4330380
yadI_predicted,0.1111111111111111,8,8,GTACCAGACAGTTTATGGGT,0,4304697
yadI_predicted,0.1111111111111111,8,8,GTAAGTACATTAAAAGATCT,0,4361601
yadI_predicted,0.1111111111111111,8,8,GTAAGCATGCTCGCTCTTAG,0,4287756
yadI_predicted,0.1111111111111111,8,8,GTAAGCACCTGTACAACGAT,0,4305109
yadI_predicted,0.1111111111111111,8,8,GTAACGCGCAAAGTTTCACT,0,4288228
yadI_predicted,0.1111111111111111,8,8,GTAACGAGGTACACTAACGT,0,4322520
yadI_predicted,0.1111111111111111,8,8,GGTTTTTGTTGACAGGCCTT,0,4337265
yadI_predicted,0.1111111111111111,8,8,GGTTTATCTCTGTACTTTTG,0,4361201
yadI_predicted,0.1111111111111111,8,8,GGTTGTATCGGCTGCACGGG,0,4328437
yadI_predicted,0.1111111111111111,8,8,GGTTGCGTTTACCATGCGCG,0,4306447
yadI_predicted,0.1111111111111111,8,8,GGTTCATAAATTAGTTTGTT,0,4297208
yadI_predicted,0.1111111111111111,8,8,GGTGTATCTTACGCTAAAAG,0,4368648
yadI_predicted,0.1111111111111111,8,8,GGTGGTTAACCGACGAACCT,0,4314826
yadI_predicted,0.1111111111111111,8,8,GGTCTCATGAGGTGGGCAGA,0,4292376
yadI_predicted,0.1111111111111111,8,8,GGTCACCGTTCAACAAGTGC,0,4369291
yadI_predicted,0.1111111111111111,8,8,GGTCACCACCTGAAGCCCCC,0,4352413
yadI_predicted,0.1111111111111111,8,8,GGTATAAGCCATTCTGTGGA,0,4340503
yadI_predicted,0.1111111111111111,8,8,GGTAGTTGGATACGAGTTAA,0,4295728
yadI_predicted,0.1111111111111111,8,8,GGTACAGCAGCCCCCGGGTT,0,4302412
yadI_predicted,0.1111111111111111,8,8,GGGTTGCCTGTTGGACAGTA,0,4369284
yadI_predicted,0.1111111111111111,8,8,GGGTTATCCTTGTTCGTAAC,0,4351093
yadI_predicted,0.1111111111111111,8,8,GGGTGTGGGAATGTTATATA,0,4285724
yadI_predicted,0.1111111111111111,8,8,GGGTGTACCAGGCCGGTTAA,0,4331689
yadI_predicted,0.1111111111111111,8,8,GGGTGGTGAAAGTCACCCTG,0,4315072
yadI_predicted,0.1111111111111111,8,8,GGGTGCTCCCCCAGTTTCGC,0,4306958
yadI_predicted,0.1111111111111111,8,8,GGGTGCAACCCATAGTATGC,0,4357682
yadI_predicted,0.1111111111111111,8,8,GGGTCTACAGAGGTTAGTCA,0,4314455
yadI_predicted,0.1111111111111111,8,8,GGGTCGTACTCATCCAGAAC,0,4328033
yadI_predicted,0.1111111111111111,8,8,GGGTCCATTGTCGTACTAGA,0,4308845
yadI_predicted,0.1111111111111111,8,8,GGGTATTAATTCCCCTCACA,0,4355661
yadI_predicted,0.1111111111111111,8,8,GGGTATAATTATGAGAGAAA,0,4329184
yadI_predicted,0.1111111111111111,8,8,GGGTACAAATTAATGTCACT,0,4316111
yadI_predicted,0.1111111111111111,8,8,GGGGGGCTTACACAGGAAGA,0,4291902
yadI_predicted,0.1111111111111111,8,8,GGGGGCGGCATTACCTGGAC,0,4331570
yadI_predicted,0.1111111111111111,8,8,GGGGCTTAGCACTGGTATAA,0,4319417
yadI_predicted,0.1111111111111111,8,8,GGGGCACGCAAACATGCATA,0,4325939
yadI_predicted,0.1111111111111111,8,8,GGGGATTCAACTCTACCAGT,0,4358839
yadI_predicted,0.1111111111111111,8,8,GGGGATTAACTGCCCGTGGA,0,4338194
yadI_predicted,0.1111111111111111,8,8,GGGCTTTAGTAGAACTGAAT,0,4292684
yadI_predicted,0.1111111111111111,8,8,GGGCTACTTAAGGGTTATAA,0,4296044
yadI_predicted,0.1111111111111111,8,8,GGGCCAGCATGTTGGACCAG,0,4351216
yadI_predicted,0.1111111111111111,8,8,GGGCCAATAACAGTATTCCA,0,4344094
yadI_predicted,0.1111111111111111,8,8,GGGCATTTACTCAGGCTTGA,0,4334093
yadI_predicted,0.1111111111111111,8,8,GGGAAAATAAGGACAATCTT,0,4300148
yadI_predicted,0.1111111111111111,8,8,GGGAAAAGCCGCGATCATAT,0,4296164
yadI_predicted,0.1111111111111111,8,8,GGCTTCTTCGCGTATATGAT,0,4334893
yadI_predicted,0.1111111111111111,8,8,GGCTTCCCAGTCATCACTCG,0,4306241
yadI_predicted,0.1111111111111111,8,8,GGCTTCATGTGGCCATACGT,0,4352249
yadI_predicted,0.1111111111111111,8,8,GGCTTCACTTTTACTCGGTG,0,4364434
yadI_predicted,0.1111111111111111,8,8,GGCTGTACCCTGGCTACCGG,0,4348417
yadI_predicted,0.1111111111111111,8,8,GGCTGGGGGACCGCTTTACT,0,4350665
yadI_predicted,0.1111111111111111,8,8,GGCTCCTGGTTCGGACTGGA,0,4363476
yadI_predicted,0.1111111111111111,8,8,GGCTATCAGAGATCGCAGCT,0,4342678
yadI_predicted,0.1111111111111111,8,8,GGCTAAAGGGGCCATACCAG,0,4320066
yadI_predicted,0.1111111111111111,8,8,GGCGTATGAAGCATGATCAC,0,4305334
yadI_predicted,0.1111111111111111,8,8,GGCGCCGGGCGATAGATCTA,0,4343330
yadI_predicted,0.1111111111111111,8,8,GGCGCAAGGTAAGGCGGTCT,0,4331161
yadI_predicted,0.1111111111111111,8,8,GGCCGTACCTAGGATCCATA,0,4288317
yadI_predicted,0.1111111111111111,8,8,GGCCACGGGGGGGGTGCTCA,0,4314751
yadI_predicted,0.1111111111111111,8,8,GGCATCCGCGTGGTGTGGTA,0,4293088
yadI_predicted,0.1111111111111111,8,8,GGCAGGAGATGGCAGGGGGG,0,4286258
yadI_predicted,0.1111111111111111,8,8,GGCAGCCGCACGCGTTGAGT,0,4369757
yadI_predicted,0.1111111111111111,8,8,GGCAGCATTACCTTAAGGTT,0,4350721
yadI_predicted,0.1111111111111111,8,8,GGCACTTGTTACCATTGTAG,0,4365200
yadI_predicted,0.1111111111111111,8,8,GGCACTGCACCGAAATCGTT,0,4339745
yadI_predicted,0.1111111111111111,8,8,GGCAATTAATTGCTTTAAAT,0,4365921
yadI_predicted,0.1111111111111111,8,8,GGCAATGGGTTGCTGATCTC,0,4350508
yadI_predicted,0.1111111111111111,8,8,GGCAAGCGTCCGGTAATGTC,0,4321208
yadI_predicted,0.1111111111111111,8,8,GGATTTTCTTGGTTCGGATG,0,4310761
yadI_predicted,0.1111111111111111,8,8,GGATTCATCCTTCCCTTTCT,0,4343875
yadI_predicted,0.1111111111111111,8,8,GGATGTATCGGAAGAGCCAT,0,4361623
yadI_predicted,0.1111111111111111,8,8,GGATGCACAATGGGGTGGGA,0,4296989
yadI_predicted,0.1111111111111111,8,8,GGATCAGGAATGTATACAGT,0,4346959
yadI_predicted,0.1111111111111111,8,8,GGATATGTATAAACTTGATT,0,4312664
yadI_predicted,0.1111111111111111,8,8,GGATAACCTTCGAGCCATGC,0,4327528
yadI_predicted,0.1111111111111111,8,8,GGAGTTGATACAGGACAAAA,0,4364347
yadI_predicted,0.1111111111111111,8,8,GGAGCTTTCGCAACGAATCT,0,4287235
yadI_predicted,0.1111111111111111,8,8,GGAGAGACATTTGTGCCAGG,0,4314494
yadI_predicted,0.1111111111111111,8,8,GGACTCTTTAGATGAGCTGC,0,4366809
yadI_predicted,0.1111111111111111,8,8,GGACGTGCTGTCGTCTCGGG,0,4348152
yadI_predicted,0.1111111111111111,8,8,GGACCCGGCGGACGCCTATC,0,4289472
yadI_predicted,0.1111111111111111,8,8,GGACCACTTTTCATCGTCCT,0,4355932
yadI_predicted,0.1111111111111111,8,8,GGAATAGCCTCACACTATTA,0,4295045
yadI_predicted,0.1111111111111111,8,8,GGAACGGGATTCCAATGGGA,0,4328894
yadI_predicted,0.1111111111111111,8,8,GGAAAGTGTGTAGAACTGCA,0,4320484
yadI_predicted,0.1111111111111111,8,8,GGAAAGCACATGCAAGAAGA,0,4319389
yadI_predicted,0.1111111111111111,8,8,GGAAAGAATCAAAATATACT,0,4368848
yadI_predicted,0.1111111111111111,8,8,GGAAACCTAAGCGGCTTGAA,0,4330681
yadI_predicted,0.1111111111111111,8,8,GGAAAAAGTGGTGGGTGGGG,0,4328527
yadI_predicted,0.1111111111111111,8,8,GCTTGCGGTAGTCTCTTCAG,0,4294016
yadI_predicted,0.1111111111111111,8,8,GCTTGATGGTTTCGTGACTG,0,4288618
yadI_predicted,0.1111111111111111,8,8,GCTTCGCTAGATGGCCGCAA,0,4322528
yadI_predicted,0.1111111111111111,8,8,GCTTATCTGCGAAGCCCGTA,0,4292467
yadI_predicted,0.1111111111111111,8,8,GCTGTCGCAGTACCGGAGTA,0,4326031
yadI_predicted,0.1111111111111111,8,8,GCTGGACGGATCGGAATGTG,0,4312640
yadI_predicted,0.1111111111111111,8,8,GCTCTGGAACTCGGCTTACA,0,4295276
yadI_predicted,0.1111111111111111,8,8,GCTCGTTGAGTTAAGCTATT,0,4284474
yadI_predicted,0.1111111111111111,8,8,GCTCGTCGGCCCGCCGGTCA,0,4336450
yadI_predicted,0.1111111111111111,8,8,GCTCACCCTTCTCGGTGCAA,0,4324403
yadI_predicted,0.1111111111111111,8,8,GCTATCACTAGAAGTGAGTT,0,4353952
yadI_predicted,0.1111111111111111,8,8,GCTAGGGAATTAAAGGCTAC,0,4333815
yadI_predicted,0.1111111111111111,8,8,GCTACTCTACCGCAGGAGAA,0,4313086
yadI_predicted,0.1111111111111111,8,8,GCTACATCGACATAGGACAG,0,4320783
yadI_predicted,0.1111111111111111,8,8,GCTAAACGTATGCCTAACTG,0,4346413
yadI_predicted,0.1111111111111111,8,8,GCGTTCGGCCAAGGATTAAC,0,4324350
yadI_predicted,0.1111111111111111,8,8,GCGTTACCGATTCGACTGCT,0,4328802
yadI_predicted,0.1111111111111111,8,8,GCGTGGACTATAAACCACAT,0,4336344
yadI_predicted,0.1111111111111111,8,8,GCGTCTACGACGCTCTCGTT,0,4332407
yadI_predicted,0.1111111111111111,8,8,GCGTCGCGGTTTTCGATTAA,0,4309121
yadI_predicted,0.1111111111111111,8,8,GCGTCACAGGCCCGGATAAT,0,4325057
yadI_predicted,0.1111111111111111,8,8,GCGTAGCCAAGCTTGTAGAC,0,4342359
yadI_predicted,0.1111111111111111,8,8,GCGTAAGGTGATCATCCCTT,0,4308838
yadI_predicted,0.1111111111111111,8,8,GCGGTCATAGGGTCAAGGCT,0,4285317
yadI_predicted,0.1111111111111111,8,8,GCGGTATAACTGACTCGGAA,0,4339719
yadI_predicted,0.1111111111111111,8,8,GCGGTAACGTTCTACCCTTC,0,4320275
yadI_predicted,0.1111111111111111,8,8,GCGGGGGTCTTGCGCGCCGG,0,4299600
yadI_predicted,0.1111111111111111,8,8,GCGGGGATTATTTCTACTAC,0,4314375
yadI_predicted,0.1111111111111111,8,8,GCGGCATGTCGGTTAATTTA,0,4317160
yadI_predicted,0.1111111111111111,8,8,GCGGAACGGCGCTCACATAC,0,4348991
yadI_predicted,0.1111111111111111,8,8,GCGCGGGTACAGTTATTGAA,0,4348875
yadI_predicted,0.1111111111111111,8,8,GCGCCTCATTATGGCACAAT,0,4335842
yadI_predicted,0.1111111111111111,8,8,GCGCCCCTGAGGGGTGCCTT,0,4308877
yadI_predicted,0.1111111111111111,8,8,GCGCCCAGTACGCAATGATT,0,4364811
yadI_predicted,0.1111111111111111,8,8,GCGATTTAAACCAGCGGGGA,0,4351703
yadI_predicted,0.1111111111111111,8,8,GCGATCTAAGAGTTGCCGCG,0,4309635
yadI_predicted,0.1111111111111111,8,8,GCGATATCGTAGTCTCCTTT,0,4313609
yadI_predicted,0.1111111111111111,8,8,GCGAGTCCGGTCGCTCATTT,0,4295820
yadI_predicted,0.1111111111111111,8,8,GCGAGTACTTCATCCAAGCA,0,4284926
yadI_predicted,0.1111111111111111,8,8,GCGACTCCAAGGATCGGTTG,0,4321875
yadI_predicted,0.1111111111111111,8,8,GCGAATCTCTCTATCCGACT,0,4359578
yadI_predicted,0.1111111111111111,8,8,GCCTCTATTTCAGGTGTCTC,0,4360185
yadI_predicted,0.1111111111111111,8,8,GCCTACGGCGAGTTGGGCAG,0,4358422
yadI_predicted,0.1111111111111111,8,8,GCCTAATATTTAGCAGCGGT,0,4334249
yadI_predicted,0.1111111111111111,8,8,GCCTAACGGCGGGTCTCAAG,0,4327333
yadI_predicted,0.1111111111111111,8,8,GCCGTCCTCGTGCCCTGCAA,0,4352500
yadI_predicted,0.1111111111111111,8,8,GCCGGTTTCCGGTCGGATGT,0,4286470
yadI_predicted,0.1111111111111111,8,8,GCCGGCTGGGCTTCGGGTTA,0,4319994
yadI_predicted,0.1111111111111111,8,8,GCCGCTCTGCAGGGTCTAAT,0,4346126
yadI_predicted,0.1111111111111111,8,8,GCCGCTCGTTTGGCACAGTT,0,4337596
yadI_predicted,0.1111111111111111,8,8,GCCGCGGCCTCGGTTGTATG,0,4303225
yadI_predicted,0.1111111111111111,8,8,GCCGCAAGAATTCCTATACA,0,4368515
yadI_predicted,0.1111111111111111,8,8,GCCGAATGTCTTAAATCATC,0,4317414
yadI_predicted,0.1111111111111111,8,8,GCCCGGGGTGCAATCGCCTC,0,4286005
yadI_predicted,0.1111111111111111,8,8,GCCCGGCGCGGCTGTGGTCT,0,4365897
yadI_predicted,0.1111111111111111,8,8,GCCCGCGTGCGAGAGCGGGT,0,4308396
yadI_predicted,0.1111111111111111,8,8,GCCCCATGAGGATGCTATGA,0,4301895
yadI_predicted,0.1111111111111111,8,8,GCCCAGGGTCTCGTACTGTA,0,4337821
yadI_predicted,0.1111111111111111,8,8,GCCCACAACAGATAGGTTTA,0,4320556
yadI_predicted,0.1111111111111111,8,8,GCCAGCCGCAGTCGGATCTC,0,4289912
yadI_predicted,0.1111111111111111,8,8,GCCACTTTAGACATCGCTCC,0,4293807
yadI_predicted,0.1111111111111111,8,8,GCCAAGTGTACGATGTTCTA,0,4340026
yadI_predicted,0.1111111111111111,8,8,GCCAACTTCTAAGCGGTCTG,0,4303575
yadI_predicted,0.1111111111111111,8,8,GCATTTCCATGTTGTGGCGA,0,4362204
yadI_predicted,0.1111111111111111,8,8,GCATTGTCTTCTTCGGTATC,0,4312534
yadI_predicted,0.1111111111111111,8,8,GCATGGGGTATGCAGCATGC,0,4319612
yadI_predicted,0.1111111111111111,8,8,GCATGGGCGGTGCAGGGTGA,0,4355573
yadI_predicted,0.1111111111111111,8,8,GCATGCAGGGGCCGACACTC,0,4340425
yadI_predicted,0.1111111111111111,8,8,GCAGCTTGGCGCTTGTACGT,0,4338178
yadI_predicted,0.1111111111111111,8,8,GCAGCCGGCTTAGGGCGTGC,0,4331362
yadI_predicted,0.1111111111111111,8,8,GCAGCACGAAGAGCAGACGA,0,4335277
yadI_predicted,0.1111111111111111,8,8,GCAGATATCGATACCCCAAC,0,4339291
yadI_predicted,0.1111111111111111,8,8,GCAGAACGGTACGTCGATGA,0,4286416
yadI_predicted,0.1111111111111111,8,8,GCACTCTAGATCCCACGGGA,0,4336466
yadI_predicted,0.1111111111111111,8,8,GCACTACCTGTACCTGATCG,0,4364339
yadI_predicted,0.1111111111111111,8,8,GCACCGAAACTGGTCCGACT,0,4318146
yadI_predicted,0.1111111111111111,8,8,GCACCACGCACCGTCTCGAA,0,4366528
yadI_predicted,0.1111111111111111,8,8,GCACCAAGTCACGGGGAAAG,0,4316056
yadI_predicted,0.1111111111111111,8,8,GCACAGTCTGGAGCCGTCTT,0,4334997
yadI_predicted,0.1111111111111111,8,8,GCAATGTGGATGGTATTACG,0,4295960
yadI_predicted,0.1111111111111111,8,8,GCAATCTACGCCTACGCTGC,0,4332281
yadI_predicted,0.1111111111111111,8,8,GCAATAACTCGCGCCTCGGA,0,4310974
yadI_predicted,0.1111111111111111,8,8,GCAAGTATGTAACACGCGCA,0,4365213
yadI_predicted,0.1111111111111111,8,8,GCAAACTGATGCAGGTGTCA,0,4288313
yadI_predicted,0.1111111111111111,8,8,GATTTTTCATCGGTGATAAA,0,4301104
yadI_predicted,0.1111111111111111,8,8,GATTTTCGAGCCACCATGAA,0,4326303
yadI_predicted,0.1111111111111111,8,8,GATTTCGTCATCAGTAGGTG,0,4342275
yadI_predicted,0.1111111111111111,8,8,GATTTATCAAAGTATATCCG,0,4319400
yadI_predicted,0.1111111111111111,8,8,GATTGCAGCCAGGGGCACAC,0,4339427
yadI_predicted,0.1111111111111111,8,8,GATTAGGTTGTATACCGCGT,0,4307739
yadI_predicted,0.1111111111111111,8,8,GATGCATTGTGGAATAGATT,0,4288342
yadI_predicted,0.1111111111111111,8,8,GATGAATAATCCCACCCTTT,0,4350159
yadI_predicted,0.1111111111111111,8,8,GATCTTCGGACGATAAGCCC,0,4295700
yadI_predicted,0.1111111111111111,8,8,GATCTGTGCACTATCCCCAA,0,4355097
yadI_predicted,0.1111111111111111,8,8,GATCTGATCAGCCTATGCAG,0,4291798
yadI_predicted,0.1111111111111111,8,8,GATCGGTCTCGCCCGTTCAG,0,4288095
yadI_predicted,0.1111111111111111,8,8,GATCGGGTGCGGGGTCTAAA,0,4323828
yadI_predicted,0.1111111111111111,8,8,GATCGGAGAGATAGGAAATA,0,4291666
yadI_predicted,0.1111111111111111,8,8,GATCGAAAGACTTGGGGGGT,0,4362483
yadI_predicted,0.1111111111111111,8,8,GATCCTGGTTTATTCCTTGG,0,4310036
yadI_predicted,0.1111111111111111,8,8,GATCCCATGCAAAGGACTTC,0,4353289
yadI_predicted,0.1111111111111111,8,8,GATCAGGTGACTCCTAACAG,0,4301087
yadI_predicted,0.1111111111111111,8,8,GATCAACCCCATTACTGTTT,0,4341191
yadI_predicted,0.1111111111111111,8,8,GATAGCCTGACAAGACTCTT,0,4309671
yadI_predicted,0.1111111111111111,8,8,GATACGGCTTAAAGTGCAGT,0,4343435
yadI_predicted,0.1111111111111111,8,8,GATACGCATTTCGCACTTCG,0,4320952
yadI_predicted,0.1111111111111111,8,8,GAGTGGCGTCCTTGTAACGC,0,4338211
yadI_predicted,0.1111111111111111,8,8,GAGTCAGGTCATTTCGCCGA,0,4361263
yadI_predicted,0.1111111111111111,8,8,GAGTAGCGCGGGGTAGGCCA,0,4325178
yadI_predicted,0.1111111111111111,8,8,GAGTACGGAACTGAACCTCC,0,4322552
yadI_predicted,0.1111111111111111,8,8,GAGTACCGTGCCGTTGCGCA,0,4324909
yadI_predicted,0.1111111111111111,8,8,GAGGGTAGTAGTTCTGCGCC,0,4289693
yadI_predicted,0.1111111111111111,8,8,GAGGGATGAAACAACTCTTA,0,4290662
yadI_predicted,0.1111111111111111,8,8,GAGGCAGCTGATACGGGACG,0,4345293
yadI_predicted,0.1111111111111111,8,8,GAGGCACAGACGAAACCGTT,0,4291664
yadI_predicted,0.1111111111111111,8,8,GAGGATCACGGGTCACGTCT,0,4352307
yadI_predicted,0.1111111111111111,8,8,GAGCTGCTGGCGGTGATTCT,0,4296410
yadI_predicted,0.1111111111111111,8,8,GAGCAGGGGACATCCTCTCA,0,4324012
yadI_predicted,0.1111111111111111,8,8,GAGATGTATTGGTTGAGCCA,0,4300469
yadI_predicted,0.1111111111111111,8,8,GAGATGTAAAGACCACTGTC,0,4356696
yadI_predicted,0.1111111111111111,8,8,GACTTGCGTGTCTTCTCATC,0,4328514
yadI_predicted,0.1111111111111111,8,8,GACTTAGGGCCATGGTATTA,0,4304045
yadI_predicted,0.1111111111111111,8,8,GACTGTTATGGCGTCGCAGA,0,4330198
yadI_predicted,0.1111111111111111,8,8,GACTGGGATCCTTGTCTGAC,0,4297092
yadI_predicted,0.1111111111111111,8,8,GACTGATTCTTGCGGCTGAC,0,4357384
yadI_predicted,0.1111111111111111,8,8,GACGGGATACGCGAATTTAA,0,4304051
yadI_predicted,0.1111111111111111,8,8,GACGACATATGCTATCGATT,0,4316456
yadI_predicted,0.1111111111111111,8,8,GACCTTCTTTCGGGCATGCC,0,4364401
yadI_predicted,0.1111111111111111,8,8,GACCTGTTGACTTATGCATA,0,4334447
yadI_predicted,0.1111111111111111,8,8,GACCTGAATCGTAGATCTTT,0,4298183
yadI_predicted,0.1111111111111111,8,8,GACCGAAAAAGGGATTTAGC,0,4292941
yadI_predicted,0.1111111111111111,8,8,GACCCTTAAGTTCTGTAGGC,0,4321606
yadI_predicted,0.1111111111111111,8,8,GACCCATTTCAGAATGATGC,0,4346888
yadI_predicted,0.1111111111111111,8,8,GACCAGCGCGGTGTCACATG,0,4305060
yadI_predicted,0.1111111111111111,8,8,GACCAGCCTGTGAACGACGT,0,4335086
yadI_predicted,0.1111111111111111,8,8,GACATGTATAGATAGGACGT,0,4341188
yadI_predicted,0.1111111111111111,8,8,GACACACGTGGATATTACAT,0,4348601
yadI_predicted,0.1111111111111111,8,8,GAATGTTGCAGTACTACTTA,0,4291390
yadI_predicted,0.1111111111111111,8,8,GAATGGGTAGCACAACGCGA,0,4309976
yadI_predicted,0.1111111111111111,8,8,GAATGGCCGGCATAAGAACC,0,4338599
yadI_predicted,0.1111111111111111,8,8,GAATGCCTGCTGACCCTTTG,0,4313476
yadI_predicted,0.1111111111111111,8,8,GAATATGCGAGCCCCCGCTA,0,4346660
yadI_predicted,0.1111111111111111,8,8,GAATACGTCTCCCAACGACT,0,4295564
yadI_predicted,0.1111111111111111,8,8,GAAGTTCCCATCGAAGGGTT,0,4302517
yadI_predicted,0.1111111111111111,8,8,GAAGTTAGGGTTAAAATTTT,0,4342736
yadI_predicted,0.1111111111111111,8,8,GAAGTACGCCAAGTGTCTGT,0,4356921
yadI_predicted,0.1111111111111111,8,8,GAAGTACCCTTTAATCAGAG,0,4352667
yadI_predicted,0.1111111111111111,8,8,GAAGTAATCCCGCTGGATGT,0,4306935
yadI_predicted,0.1111111111111111,8,8,GAAGGGATGGGACTGCATTT,0,4340498
yadI_predicted,0.1111111111111111,8,8,GAAGGATTGTAAGCACGTTT,0,4304274
yadI_predicted,0.1111111111111111,8,8,GAAGCCAAGAGCCCGCCTCC,0,4305979
yadI_predicted,0.1111111111111111,8,8,GAAGCAATTTTATAAGTCAG,0,4366709
yadI_predicted,0.1111111111111111,8,8,GAAGAGCCTAAAGTGGCCAA,0,4350646
yadI_predicted,0.1111111111111111,8,8,GAACTGGTGCGGAATCTTAG,0,4339341
yadI_predicted,0.1111111111111111,8,8,GAACATGATTGAGACGGTGG,0,4302888
yadI_predicted,0.1111111111111111,8,8,GAACAACACTCCGTCGTCAA,0,4315749
yadI_predicted,0.1111111111111111,8,8,GAAAGTCCCACGCCGTGACC,0,4289167
yadI_predicted,0.1111111111111111,8,8,GAAACGGAAAATCCCCGGTT,0,4293075
yadI_predicted,0.1111111111111111,8,8,CTTTTGGTGGGACCGGTTGT,0,4290185
yadI_predicted,0.1111111111111111,8,8,CTTTTGGGTCGTTAGCAGAG,0,4308666
yadI_predicted,0.1111111111111111,8,8,CTTTGTGAACCTCTAGCGCC,0,4340651
yadI_predicted,0.1111111111111111,8,8,CTTTAGCCATGTCTGTGGCG,0,4284398
yadI_predicted,0.1111111111111111,8,8,CTTGTGTGTCTATCGTTCGT,0,4358548
yadI_predicted,0.1111111111111111,8,8,CTTGGCGTGCCAGCGTGCCT,0,4286310
yadI_predicted,0.1111111111111111,8,8,CTTGAGCGACAGCTCTACAC,0,4333299
yadI_predicted,0.1111111111111111,8,8,CTTGACTTTAGGCCATGCCA,0,4304260
yadI_predicted,0.1111111111111111,8,8,CTTGAAAGGCATTTTATGTG,0,4339270
yadI_predicted,0.1111111111111111,8,8,CTTCTAGTACGGGCAGGAGC,0,4355434
yadI_predicted,0.1111111111111111,8,8,CTTCGGGTAGTGTGACAGCG,0,4288923
yadI_predicted,0.1111111111111111,8,8,CTTCGGCTCTCGTCGGGGTG,0,4329412
yadI_predicted,0.1111111111111111,8,8,CTTCGGAGCATCTCCGGTCC,0,4346588
yadI_predicted,0.1111111111111111,8,8,CTTCACTGGGGCGAACTACT,0,4313931
yadI_predicted,0.1111111111111111,8,8,CTTATTCTCCACGGGCACGG,0,4334662
yadI_predicted,0.1111111111111111,8,8,CTTATGTTTTTCGCTCCGGA,0,4325634
yadI_predicted,0.1111111111111111,8,8,CTTAGTGTCGGGGTGTGTTC,0,4359130
yadI_predicted,0.1111111111111111,8,8,CTTAGCTCGTGGTCGATTGG,0,4313605
yadI_predicted,0.1111111111111111,8,8,CTTAATGCCGGTGCCGAGCG,0,4290020
yadI_predicted,0.1111111111111111,8,8,CTTAAAGTGGGCGCATTCAT,0,4338783
yadI_predicted,0.1111111111111111,8,8,CTTAAAAGCGCCTCCAAGCT,0,4288085
yadI_predicted,0.1111111111111111,8,8,CTGTTTTGTTGTCCGAGCAG,0,4288884
yadI_predicted,0.1111111111111111,8,8,CTGTTAGTACTAGGAGAGCT,0,4346651
yadI_predicted,0.1111111111111111,8,8,CTGTGCCCACGTAGCCCTCT,0,4284348
yadI_predicted,0.1111111111111111,8,8,CTGTCAGATTAAACGTCTAT,0,4292099
yadI_predicted,0.1111111111111111,8,8,CTGTAGGTTTATACGCGCGC,0,4330955
yadI_predicted,0.1111111111111111,8,8,CTGGTGCAGTCTGGGCTACT,0,4353102
yadI_predicted,0.1111111111111111,8,8,CTGGTGCAGATCGGAACAAA,0,4290848
yadI_predicted,0.1111111111111111,8,8,CTGGTCAAAGTTTGAACCCT,0,4325792
yadI_predicted,0.1111111111111111,8,8,CTGGTATGCCGCGTTCTTAG,0,4365530
yadI_predicted,0.1111111111111111,8,8,CTGGGACCGTCAGCTGTGCG,0,4304833
yadI_predicted,0.1111111111111111,8,8,CTGCTGTGCCACTTCCGATC,0,4315849
yadI_predicted,0.1111111111111111,8,8,CTGCGCTATTGTAGAAGGAT,0,4332575
yadI_predicted,0.1111111111111111,8,8,CTGCCATGAGCTCTACTATC,0,4300259
yadI_predicted,0.1111111111111111,8,8,CTGCACAGTTTGGTGTCCCT,0,4314525
yadI_predicted,0.1111111111111111,8,8,CTGAGAACTCGGAACGGACT,0,4306503
yadI_predicted,0.1111111111111111,8,8,CTGACTACGCAATGAATGGG,0,4299132
yadI_predicted,0.1111111111111111,8,8,CTGACAAGGTTGGCCTCGAG,0,4328370
yadI_predicted,0.1111111111111111,8,8,CTGAATGTGCCTCTATTTGG,0,4325816
yadI_predicted,0.1111111111111111,8,8,CTGAAGTACCTTCCAAATAA,0,4356351
yadI_predicted,0.1111111111111111,8,8,CTGAAGACTAATTCGAATTA,0,4307670
yadI_predicted,0.1111111111111111,8,8,CTGAAAGTATGATAAACCTT,0,4300820
yadI_predicted,0.1111111111111111,8,8,CTGAAACGTCTTCGTATAGT,0,4328295
yadI_predicted,0.1111111111111111,8,8,CTCTTGTTCCCATTCTCTAC,0,4350660
yadI_predicted,0.1111111111111111,8,8,CTCTTCCGGGCTTGACATGT,0,4359860
yadI_predicted,0.1111111111111111,8,8,CTCTTCAAGCGGTCTCTCGC,0,4286349
yadI_predicted,0.1111111111111111,8,8,CTCTGTCTGCTTAGAAGAAC,0,4314381
yadI_predicted,0.1111111111111111,8,8,CTCTGACCTGCCAGACCTGA,0,4284154
yadI_predicted,0.1111111111111111,8,8,CTCGTTACAGGCCCGGTCAT,0,4296344
yadI_predicted,0.1111111111111111,8,8,CTCGTGTATTACCCTTCAGT,0,4295213
yadI_predicted,0.1111111111111111,8,8,CTCGTGCTGCTGAAGCCTCC,0,4362202
yadI_predicted,0.1111111111111111,8,8,CTCGTAGTTTAAATCGGCTC,0,4305892
yadI_predicted,0.1111111111111111,8,8,CTCGTAAATGGTGCGTTAAA,0,4333649
yadI_predicted,0.1111111111111111,8,8,CTCGGGGAGGTGTGTGAGTG,0,4297972
yadI_predicted,0.1111111111111111,8,8,CTCGGGCGAACTCAAAGATT,0,4305006
yadI_predicted,0.1111111111111111,8,8,CTCGGCCTTGTATCCCTCCA,0,4326814
yadI_predicted,0.1111111111111111,8,8,CTCGCGGAGCGCAGGTTGTG,0,4340497
yadI_predicted,0.1111111111111111,8,8,CTCGCGCCTTGCTGGCCCCA,0,4311850
yadI_predicted,0.1111111111111111,8,8,CTCGAGCTTCGGAGTGTGGG,0,4325506
yadI_predicted,0.1111111111111111,8,8,CTCCGGGTTCGTTTTCGTGA,0,4297584
yadI_predicted,0.1111111111111111,8,8,CTCCGGCAAACCAACTTTGA,0,4298744
yadI_predicted,0.1111111111111111,8,8,CTCCCTGGCTACGAGCGGCT,0,4337997
yadI_predicted,0.1111111111111111,8,8,CTCCCGTGTGAATCCCCACT,0,4308839
yadI_predicted,0.1111111111111111,8,8,CTCATACTCTGTATGTTATT,0,4316907
yadI_predicted,0.1111111111111111,8,8,CTCAATTTTTAATGTCTTAT,0,4350456
yadI_predicted,0.1111111111111111,8,8,CTATTTCTGTCACAGGGCTG,0,4342572
yadI_predicted,0.1111111111111111,8,8,CTATTCTGGCGCCTATAAGT,0,4315971
yadI_predicted,0.1111111111111111,8,8,CTATGTGCGATGCGAGTTAT,0,4291094
yadI_predicted,0.1111111111111111,8,8,CTATACATAGTGACATCACG,0,4350652
yadI_predicted,0.1111111111111111,8,8,CTATAAACCGCTCTACCGGT,0,4359643
yadI_predicted,0.1111111111111111,8,8,CTAGTGACCATGGGAGCCAT,0,4336816
yadI_predicted,0.1111111111111111,8,8,CTAGGTGGGATCATTATCCT,0,4325821
yadI_predicted,0.1111111111111111,8,8,CTAGGTCGCTCCGTCAGCCA,0,4363625
yadI_predicted,0.1111111111111111,8,8,CTAGGGGACTACTTTAAAAT,0,4310858
yadI_predicted,0.1111111111111111,8,8,CTAGCCCCCTCAGTTCCGAT,0,4325561
yadI_predicted,0.1111111111111111,8,8,CTAGATATCTACCTCGCGCA,0,4333689
yadI_predicted,0.1111111111111111,8,8,CTAGACGTTTATCTCTAACA,0,4349221
yadI_predicted,0.1111111111111111,8,8,CTAGACATCGAATCCATTAG,0,4308687
yadI_predicted,0.1111111111111111,8,8,CTAGACAGCGTGCCGTCATA,0,4331733
yadI_predicted,0.1111111111111111,8,8,CTACGGGCCAAGCACTGTCT,0,4332334
yadI_predicted,0.1111111111111111,8,8,CTACCGTTCTCTCCATTCAC,0,4345008
yadI_predicted,0.1111111111111111,8,8,CTACCAGCCTCGAGCATAGT,0,4338790
yadI_predicted,0.1111111111111111,8,8,CTACATTCTACCTTGACCGT,0,4288251
yadI_predicted,0.1111111111111111,8,8,CTAATACTACAGTATCCTGC,0,4350174
yadI_predicted,0.1111111111111111,8,8,CTAAGTTGTTAAGCCTCAGA,0,4336457
yadI_predicted,0.1111111111111111,8,8,CGTTTTGATGCGGCAGATCG,0,4342031
yadI_predicted,0.1111111111111111,8,8,CGTTTGAGTCTGGTTTTTGT,0,4369442
yadI_predicted,0.1111111111111111,8,8,CGTTTCGAATGTGATGGCCG,0,4366820
yadI_predicted,0.1111111111111111,8,8,CGTTGGGATGTCACATGAAG,0,4366461
yadI_predicted,0.1111111111111111,8,8,CGTTAGCTACAAACTTGTTT,0,4339318
yadI_predicted,0.1111111111111111,8,8,CGTGGAATACGCTATTGGGA,0,4316809
yadI_predicted,0.1111111111111111,8,8,CGTGCCTCGTTACTGCGACA,0,4312239
yadI_predicted,0.1111111111111111,8,8,CGTGCAGGACGGGTTGAGAC,0,4319315
yadI_predicted,0.1111111111111111,8,8,CGTCGCAGTCTTCCGGTTGC,0,4312585
yadI_predicted,0.1111111111111111,8,8,CGTCCAACTACTATCTCGCC,0,4331018
yadI_predicted,0.1111111111111111,8,8,CGTCATGGCTGAAACATTAT,0,4307619
yadI_predicted,0.1111111111111111,8,8,CGTCAGGTTTGGCATTCATG,0,4313622
yadI_predicted,0.1111111111111111,8,8,CGTATGTGGACTAAACCAAG,0,4335932
yadI_predicted,0.1111111111111111,8,8,CGTAGGATTATGTTCATCCT,0,4353063
yadI_predicted,0.1111111111111111,8,8,CGTACAGGGGTTTGTCAGGT,0,4341906
yadI_predicted,0.1111111111111111,8,8,CGGTTTGACTGAGGCACTAA,0,4299894
yadI_predicted,0.1111111111111111,8,8,CGGTTACTCGGGGAGGCCGG,0,4355926
yadI_predicted,0.1111111111111111,8,8,CGGTCTCCGCGAACAGGCAC,0,4296184
yadI_predicted,0.1111111111111111,8,8,CGGTCGCTATCTATCGCAAC,0,4324832
yadI_predicted,0.1111111111111111,8,8,CGGTCCGGATGTCTCTTACA,0,4302761
yadI_predicted,0.1111111111111111,8,8,CGGTATTTTTGTAAGGCGTA,0,4340849
yadI_predicted,0.1111111111111111,8,8,CGGGTCCTGTAGTTTTGGAT,0,4354813
yadI_predicted,0.1111111111111111,8,8,CGGGTACACACTGGTGGTTT,0,4307792
yadI_predicted,0.1111111111111111,8,8,CGGGGTAGACAGGTTTATTT,0,4287806
yadI_predicted,0.1111111111111111,8,8,CGGGCTTTGGGCATGCACAG,0,4361081
yadI_predicted,0.1111111111111111,8,8,CGGGATCACGTACAGCCATG,0,4352654
yadI_predicted,0.1111111111111111,8,8,CGGCTTTAGTATGGTGACTA,0,4326893
yadI_predicted,0.1111111111111111,8,8,CGGCTTCGCTTTAAGGTGAT,0,4291453
yadI_predicted,0.1111111111111111,8,8,CGGCGGTAATATTAGACTAA,0,4335471
yadI_predicted,0.1111111111111111,8,8,CGGCGATGCGCACCGGGCGT,0,4307701
yadI_predicted,0.1111111111111111,8,8,CGGCCCGACCCGTGCGTGTC,0,4325646
yadI_predicted,0.1111111111111111,8,8,CGGCACGCAACCTGCAGTGC,0,4363915
yadI_predicted,0.1111111111111111,8,8,CGGCACACGATGCTGCTGCT,0,4333188
yadI_predicted,0.1111111111111111,8,8,CGGCAACTCGACTTGAAGTA,0,4300194
yadI_predicted,0.1111111111111111,8,8,CGGCAACATGCGACCAGCGG,0,4318834
yadI_predicted,0.1111111111111111,8,8,CGGATCGGTGACGGGACTGA,0,4284608
yadI_predicted,0.1111111111111111,8,8,CGGATATCTCTCTCTCCGTC,0,4361120
yadI_predicted,0.1111111111111111,8,8,CGGAGGGGCTCATCGGGTGC,0,4330713
yadI_predicted,0.1111111111111111,8,8,CGGAGCTGGCCCTGTTTTTC,0,4317058
yadI_predicted,0.1111111111111111,8,8,CGGACACCGTTAGAGGAGTT,0,4352100
yadI_predicted,0.1111111111111111,8,8,CGGAATCAGGAGCCGGTAAC,0,4334038
yadI_predicted,0.1111111111111111,8,8,CGGAAGCTGGTTGTCCGATA,0,4367251
yadI_predicted,0.1111111111111111,8,8,CGCTTGTTTCTCGGACAGGG,0,4346218
yadI_predicted,0.1111111111111111,8,8,CGCGTTATGTGAACCCATTT,0,4366066
yadI_predicted,0.1111111111111111,8,8,CGCGTGCAAAAAAATTAATT,0,4318988
yadI_predicted,0.1111111111111111,8,8,CGCGGGATTTGTGTTTATGG,0,4325197
yadI_predicted,0.1111111111111111,8,8,CGCGCCCACCTCTGGAAGTA,0,4345997
yadI_predicted,0.1111111111111111,8,8,CGCGAGCGTCCCTCGTATTA,0,4342535
yadI_predicted,0.1111111111111111,8,8,CGCGAACAACGCACATCACG,0,4323603
yadI_predicted,0.1111111111111111,8,8,CGCCGGTAAGGGTCCGCCCC,0,4359926
yadI_predicted,0.1111111111111111,8,8,CGCCATCTAATCCCAGGCTT,0,4332154
yadI_predicted,0.1111111111111111,8,8,CGCATGTGCGCGCACGCTAG,0,4299472
yadI_predicted,0.1111111111111111,8,8,CGCATCCTTTGAGCACTCTG,0,4297634
yadI_predicted,0.1111111111111111,8,8,CGCATAGTAAATCTAAGTAG,0,4310389
yadI_predicted,0.1111111111111111,8,8,CGCAAACGCGGATAGCATCT,0,4328289
yadI_predicted,0.1111111111111111,8,8,CGATCGACGGATTCAACTTG,0,4303731
yadI_predicted,0.1111111111111111,8,8,CGAGTGTGAGTTCGGACTGA,0,4285058
yadI_predicted,0.1111111111111111,8,8,CGAGTCTCAAGCGCAAGTTC,0,4332587
yadI_predicted,0.1111111111111111,8,8,CGAGTATGCCGCACCCTATC,0,4326294
yadI_predicted,0.1111111111111111,8,8,CGAGGCTTTTGCTCCTAGTA,0,4343865
yadI_predicted,0.1111111111111111,8,8,CGAGGCAGGAATTGGCTCGT,0,4289204
yadI_predicted,0.1111111111111111,8,8,CGAGCTGTCATACTAACTTA,0,4367677
yadI_predicted,0.1111111111111111,8,8,CGAGCTGCGGAACAGTCATC,0,4336374
yadI_predicted,0.1111111111111111,8,8,CGAGCTCTGTTCGTCGGTAG,0,4342342
yadI_predicted,0.1111111111111111,8,8,CGAGCTAGCGAAACACGTCA,0,4284539
yadI_predicted,0.1111111111111111,8,8,CGAGATCGGCCCTCCCCATG,0,4366980
yadI_predicted,0.1111111111111111,8,8,CGAGACGTCGAGGACAGGTT,0,4332399
yadI_predicted,0.1111111111111111,8,8,CGAGACGGTAAGATTACCGT,0,4363222
yadI_predicted,0.1111111111111111,8,8,CGACTGGCCGCGAAGACCGA,0,4313203
yadI_predicted,0.1111111111111111,8,8,CGAATTACGAGACACAGGTT,0,4366222
yadI_predicted,0.1111111111111111,8,8,CGAATATAACGCACTACAAT,0,4331801
yadI_predicted,0.1111111111111111,8,8,CGAAGTATTGAGCCGAAGAG,0,4328345
yadI_predicted,0.1111111111111111,8,8,CGAAGCACTCCCTATCGCGT,0,4358469
yadI_predicted,0.1111111111111111,8,8,CCTTTCGCGCAATCTATGAG,0,4284481
yadI_predicted,0.1111111111111111,8,8,CCTTGATACACCCGGGGTTC,0,4293655
yadI_predicted,0.1111111111111111,8,8,CCTTCGGATAAGCCACAATT,0,4319229
yadI_predicted,0.1111111111111111,8,8,CCTGTGACCCGCAGTATTGC,0,4302717
yadI_predicted,0.1111111111111111,8,8,CCTGAGAGGCACATACTACC,0,4341840
yadI_predicted,0.1111111111111111,8,8,CCTCGGGGAGCGTCTCCGCT,0,4350276
yadI_predicted,0.1111111111111111,8,8,CCTCCGTTTACAGCCAGGGA,0,4322721
yadI_predicted,0.1111111111111111,8,8,CCTCCGATACGTTAAGGTGC,0,4334990
yadI_predicted,0.1111111111111111,8,8,CCTCAGCGCCTCACCGATCC,0,4366957
yadI_predicted,0.1111111111111111,8,8,CCTATTGTTGTAGGCGTTCT,0,4342388
yadI_predicted,0.1111111111111111,8,8,CCTATGCGGCATGCTAATGG,0,4313490
yadI_predicted,0.1111111111111111,8,8,CCTAGCCCTGGAGTTCAATG,0,4347875
yadI_predicted,0.1111111111111111,8,8,CCTAGATGTGCCGCTCATAG,0,4298100
yadI_predicted,0.1111111111111111,8,8,CCTACGGGATATTGAGTACC,0,4312374
yadI_predicted,0.1111111111111111,8,8,CCGTGGACTTCTTCGGGGCG,0,4341521
yadI_predicted,0.1111111111111111,8,8,CCGTCGATTAGTGCGTTTTG,0,4315161
yadI_predicted,0.1111111111111111,8,8,CCGTAGAGGATTGAGGTGTC,0,4353694
yadI_predicted,0.1111111111111111,8,8,CCGTACAAGGCAGACGGATC,0,4304997
yadI_predicted,0.1111111111111111,8,8,CCGGTCTTCCGGCAAGACCA,0,4308840
yadI_predicted,0.1111111111111111,8,8,CCGCATATGCGAGCTCAGAT,0,4349839
yadI_predicted,0.1111111111111111,8,8,CCGCAACATCGGTCTCATCC,0,4307327
yadI_predicted,0.1111111111111111,8,8,CCGATAGACTCCAGAACACG,0,4329014
yadI_predicted,0.1111111111111111,8,8,CCGAGAGTCTATCTTAGCGA,0,4295313
yadI_predicted,0.1111111111111111,8,8,CCGACCTTTACTCACCTGAT,0,4324793
yadI_predicted,0.1111111111111111,8,8,CCGACAAAGTCAAAAGCAAG,0,4301885
yadI_predicted,0.1111111111111111,8,8,CCGAAACTCGGGTGTGGCAT,0,4342889
yadI_predicted,0.1111111111111111,8,8,CCCTTTTGTGGTTGGGTTTA,0,4356660
yadI_predicted,0.1111111111111111,8,8,CCCTGTGGTGCAAGGTTGGT,0,4314362
yadI_predicted,0.1111111111111111,8,8,CCCTGTCCGGGTGGAGTTAT,0,4359850
yadI_predicted,0.1111111111111111,8,8,CCCTGGATGCGTTTTAAAAC,0,4291987
yadI_predicted,0.1111111111111111,8,8,CCCTCGGTTCTGATTTACAA,0,4343536
yadI_predicted,0.1111111111111111,8,8,CCCTAGCAGCTTGGCCATTA,0,4296868
yadI_predicted,0.1111111111111111,8,8,CCCGTCATGCCAAGATTTCA,0,4303769
yadI_predicted,0.1111111111111111,8,8,CCCGGCCTTAAGGACACCAT,0,4318855
yadI_predicted,0.1111111111111111,8,8,CCCGGCCCCCGACTAGAAAT,0,4341280
yadI_predicted,0.1111111111111111,8,8,CCCGGAACCATCCCGATCGT,0,4321028
yadI_predicted,0.1111111111111111,8,8,CCCCTTCAACGCAAGACATC,0,4324808
yadI_predicted,0.1111111111111111,8,8,CCCCGTTGTAGAAGGAGCTT,0,4308946
yadI_predicted,0.1111111111111111,8,8,CCCCCGTAGATGTATACAGA,0,4347967
yadI_predicted,0.1111111111111111,8,8,CCCCATCACTCACCCTTTTG,0,4346065
yadI_predicted,0.1111111111111111,8,8,CCCCAGGTCGGGAAATCAGA,0,4327506
yadI_predicted,0.1111111111111111,8,8,CCCATAATAACCGCATGCCC,0,4335412
yadI_predicted,0.1111111111111111,8,8,CCATTGCAAACACGACTGGT,0,4330702
yadI_predicted,0.1111111111111111,8,8,CCATTACGACTCGGATGCCG,0,4367429
yadI_predicted,0.1111111111111111,8,8,CCATGCTACTCGTCTTTGGC,0,4300692
yadI_predicted,0.1111111111111111,8,8,CCATCGGACCCGGGGTACTC,0,4363905
yadI_predicted,0.1111111111111111,8,8,CCATCAGATGACCCTCCATT,0,4311371
yadI_predicted,0.1111111111111111,8,8,CCATAGTTCGGCAATCTTTG,0,4323606
yadI_predicted,0.1111111111111111,8,8,CCAGTTTGTGTTAGTGTGCT,0,4322429
yadI_predicted,0.1111111111111111,8,8,CCAGGTATCTCGTTTTACCA,0,4314479
yadI_predicted,0.1111111111111111,8,8,CCAGGCGCAATCGGCCGACA,0,4313094
yadI_predicted,0.1111111111111111,8,8,CCAGCTCGTCGAGCTGAGGT,0,4358506
yadI_predicted,0.1111111111111111,8,8,CCAGACCCCAAGATGCGAGG,0,4295497
yadI_predicted,0.1111111111111111,8,8,CCACGGGCACATCTGCATTC,0,4315868
yadI_predicted,0.1111111111111111,8,8,CCACCTGATTGACAACATGT,0,4295954
yadI_predicted,0.1111111111111111,8,8,CCACAGAGATGGTGCGAGTC,0,4316589
yadI_predicted,0.1111111111111111,8,8,CCAATTTTCAAGGGGATGCA,0,4296921
yadI_predicted,0.1111111111111111,8,8,CCAATGGTAGTTATTGTTTA,0,4324898
yadI_predicted,0.1111111111111111,8,8,CCAATGGACGCATGTGGCTG,0,4342980
yadI_predicted,0.1111111111111111,8,8,CCAAAAAGCCTCGAAGTTTT,0,4302317
yadI_predicted,0.1111111111111111,8,8,CATTTTGTCTTGTCATGCTA,0,4288844
yadI_predicted,0.1111111111111111,8,8,CATTGTGTTTTGTACAATCT,0,4288723
yadI_predicted,0.1111111111111111,8,8,CATTCCGTATAGCTAAGAGC,0,4369464
yadI_predicted,0.1111111111111111,8,8,CATTAAACCGGGATCAAACA,0,4303889
yadI_predicted,0.1111111111111111,8,8,CATGCTTAAATCGCTGTAGA,0,4332948
yadI_predicted,0.1111111111111111,8,8,CATGCATCATATTCCTGCGT,0,4351512
yadI_predicted,0.1111111111111111,8,8,CATGAGATGTTTATTGACTG,0,4293830
yadI_predicted,0.1111111111111111,8,8,CATCTGTTTACCCAGGCAGC,0,4359682
yadI_predicted,0.1111111111111111,8,8,CATCTGTAAGTGGAGGTGCA,0,4366697
yadI_predicted,0.1111111111111111,8,8,CATCTGGTCGGTTGTGGTTC,0,4369273
yadI_predicted,0.1111111111111111,8,8,CATCTGCCGGCTAGTAGCCC,0,4287885
yadI_predicted,0.1111111111111111,8,8,CATCGTAAGAGAAAAACTTC,0,4361106
yadI_predicted,0.1111111111111111,8,8,CATCGGCAAGTGCTCGGACA,0,4359980
yadI_predicted,0.1111111111111111,8,8,CATCATTGCGCTAAGACGCT,0,4293368
yadI_predicted,0.1111111111111111,8,8,CATAAGACATAGAGGAAGAC,0,4344049
yadI_predicted,0.1111111111111111,8,8,CATAACTGCTGACCAGGTGG,0,4290235
yadI_predicted,0.1111111111111111,8,8,CAGTTTCGACTAATCCTTTA,0,4347418
yadI_predicted,0.1111111111111111,8,8,CAGTTGAATGGGGTCAAGAG,0,4313923
yadI_predicted,0.1111111111111111,8,8,CAGTGCCTAATGTGTAGGGA,0,4326783
yadI_predicted,0.1111111111111111,8,8,CAGTAGTGGCTCATCTTTGG,0,4349841
yadI_predicted,0.1111111111111111,8,8,CAGGGTTACTGTTTTAAGTG,0,4319040
yadI_predicted,0.1111111111111111,8,8,CAGGGATTATCGAGTTGCCT,0,4295930
yadI_predicted,0.1111111111111111,8,8,CAGGCCATGGCGTACAGGTC,0,4346375
yadI_predicted,0.1111111111111111,8,8,CAGCTGCACATGGGTACGCA,0,4321396
yadI_predicted,0.1111111111111111,8,8,CAGCGATCACCCACGGATAC,0,4361837
yadI_predicted,0.1111111111111111,8,8,CAGCGAAGCTCTAATAGTCT,0,4311120
yadI_predicted,0.1111111111111111,8,8,CAGCGAACTAAATTACTCAG,0,4367377
yadI_predicted,0.1111111111111111,8,8,CAGCCGGTCTCGATCCTAAC,0,4289977
yadI_predicted,0.1111111111111111,8,8,CAGCATAGGGCAGGTCTAGT,0,4342607
yadI_predicted,0.1111111111111111,8,8,CAGATGAAAAGGAAGTTTGT,0,4318836
yadI_predicted,0.1111111111111111,8,8,CACTGTGGAGACGTGAAATC,0,4326064
yadI_predicted,0.1111111111111111,8,8,CACTGGAGGAGCCGGGATAA,0,4368788
yadI_predicted,0.1111111111111111,8,8,CACTGCCTTGATTATAAGAC,0,4308709
yadI_predicted,0.1111111111111111,8,8,CACTCAAACGTTGACCTGCA,0,4347313
yadI_predicted,0.1111111111111111,8,8,CACTAGGGACGGCTGAGAGA,0,4361118
yadI_predicted,0.1111111111111111,8,8,CACTACTTGTTGATAGGGGT,0,4305421
yadI_predicted,0.1111111111111111,8,8,CACGGCTAAGGGGCGCTATT,0,4291445
yadI_predicted,0.1111111111111111,8,8,CACGCGCGATGTGCCACCCT,0,4314630
yadI_predicted,0.1111111111111111,8,8,CACCTCACCATCCGGGGGCA,0,4296922
yadI_predicted,0.1111111111111111,8,8,CACCTAGGACGGCAGGGTAG,0,4304016
yadI_predicted,0.1111111111111111,8,8,CACCTAGCCCCGATTCCGCA,0,4321367
yadI_predicted,0.1111111111111111,8,8,CACCCGCCAGATAACGGGTA,0,4335790
yadI_predicted,0.1111111111111111,8,8,CACCCCCCCTCACAAAGCCA,0,4324157
yadI_predicted,0.1111111111111111,8,8,CACACTCCCCTGGGGCTCTA,0,4346538
yadI_predicted,0.1111111111111111,8,8,CACACATAACTTCATCTGTC,0,4347154
yadI_predicted,0.1111111111111111,8,8,CAATTGTGTCTGAAAACCAT,0,4303118
yadI_predicted,0.1111111111111111,8,8,CAATGTCATACGTACTTAAC,0,4345098
yadI_predicted,0.1111111111111111,8,8,CAATGCGTTCGGGTATGGCA,0,4352504
yadI_predicted,0.1111111111111111,8,8,CAATGCGATCAACAGTTGGG,0,4317729
yadI_predicted,0.1111111111111111,8,8,CAATAATTTGAGGTGGATGC,0,4350597
yadI_predicted,0.1111111111111111,8,8,CAAGTCTTACTAGCACAAAT,0,4285613
yadI_predicted,0.1111111111111111,8,8,CAAGTCAGCGATGGTCAGCC,0,4294430
yadI_predicted,0.1111111111111111,8,8,CAAGCGATCGGATTTGAAGC,0,4294466
yadI_predicted,0.1111111111111111,8,8,CAAGCACACCATTCCGAAGG,0,4308519
yadI_predicted,0.1111111111111111,8,8,CAACTTCTGCGACTCTGCAT,0,4304842
yadI_predicted,0.1111111111111111,8,8,CAACTGACTTAGTCACGCGC,0,4308305
yadI_predicted,0.1111111111111111,8,8,CAACTCGCTTTATTCCTTTG,0,4362550
yadI_predicted,0.1111111111111111,8,8,CAACTAGTCATATAGCCCTT,0,4288909
yadI_predicted,0.1111111111111111,8,8,CAACGCATTTAAAGTGTACC,0,4287587
yadI_predicted,0.1111111111111111,8,8,CAACGAGTACACTTATTTGT,0,4353890
yadI_predicted,0.1111111111111111,8,8,CAACCATGCCACGAACGTGT,0,4333581
yadI_predicted,0.1111111111111111,8,8,CAACAACAGCGCAATCACAA,0,4304227
yadI_predicted,0.1111111111111111,8,8,CAAATCTTGTCTAAACGTGA,0,4314428
yadI_predicted,0.1111111111111111,8,8,CAAATCTGCGTTTGACGTGT,0,4290191
yadI_predicted,0.1111111111111111,8,8,CAAATCAGTACTCCCTCGAC,0,4349847
yadI_predicted,0.1111111111111111,8,8,CAAACATAACGATGCAAGCT,0,4324451
yadI_predicted,0.1111111111111111,8,8,CAAAATCATCCCACGTTCCC,0,4288462
yadI_predicted,0.1111111111111111,8,8,CAAAAGCCGCCGTAGAGTAA,0,4323544
yadI_predicted,0.1111111111111111,8,8,CAAAACACTCCGCGCGGAAA,0,4352580
yadI_predicted,0.1111111111111111,8,8,ATTTTGCTAGGCCATGACGG,0,4301476
yadI_predicted,0.1111111111111111,8,8,ATTTTCGGGTGGTTAGCCTA,0,4365082
yadI_predicted,0.1111111111111111,8,8,ATTTGCGTGGTCCCATACGT,0,4336420
yadI_predicted,0.1111111111111111,8,8,ATTTCAATCTCGGTCGTAAT,0,4329712
yadI_predicted,0.1111111111111111,8,8,ATTTAGGTCCGGTTATGGAA,0,4335807
yadI_predicted,0.1111111111111111,8,8,ATTTAACACGCACTAGAATA,0,4334176
yadI_predicted,0.1111111111111111,8,8,ATTGGTTATATAGGCTTCCA,0,4360679
yadI_predicted,0.1111111111111111,8,8,ATTGGAAATCGAAACAAATG,0,4357007
yadI_predicted,0.1111111111111111,8,8,ATTGCGCTAACTAGCACAAG,0,4333644
yadI_predicted,0.1111111111111111,8,8,ATTGCCAACTACTCCATCCT,0,4316414
yadI_predicted,0.1111111111111111,8,8,ATTGAGTATGGTGAACGGTG,0,4312594
yadI_predicted,0.1111111111111111,8,8,ATTGAGGGTAGGCCGAAGGA,0,4361197
yadI_predicted,0.1111111111111111,8,8,ATTCGGGCGGGCTTGACCGA,0,4353361
yadI_predicted,0.1111111111111111,8,8,ATTCGCAGGCACAGCAGCGT,0,4369744
yadI_predicted,0.1111111111111111,8,8,ATTCGATAAACTATTCTCTT,0,4361388
yadI_predicted,0.1111111111111111,8,8,ATTCATGTTGTACTACGGTA,0,4357630
yadI_predicted,0.1111111111111111,8,8,ATTCATGATGGTGCGTCGCG,0,4308146
yadI_predicted,0.1111111111111111,8,8,ATTATGGATCTCGTATTATA,0,4360712
yadI_predicted,0.1111111111111111,8,8,ATTATGCATATTTTGGTTAC,0,4345570
yadI_predicted,0.1111111111111111,8,8,ATTATAGCCATACGAATATG,0,4307312
yadI_predicted,0.1111111111111111,8,8,ATTAGTGGGAAGAAACGCTA,0,4307029
yadI_predicted,0.1111111111111111,8,8,ATTAACCAGGTTGCACTGAA,0,4354198
yadI_predicted,0.1111111111111111,8,8,ATTAAACGTGTGCGGACTGT,0,4330183
yadI_predicted,0.1111111111111111,8,8,ATGTTGCGAATATCGGTGAA,0,4297647
yadI_predicted,0.1111111111111111,8,8,ATGTTATTGTGGTTCTAACT,0,4292534
yadI_predicted,0.1111111111111111,8,8,ATGTTATTAGCGCAACTGCG,0,4368269
yadI_predicted,0.1111111111111111,8,8,ATGTTATCAGTGGCCGGGTC,0,4348416
yadI_predicted,0.1111111111111111,8,8,ATGTGTCGAATCCAGTTAAA,0,4334209
yadI_predicted,0.1111111111111111,8,8,ATGTGGCAGAGATAAAACAC,0,4343512
yadI_predicted,0.1111111111111111,8,8,ATGTCCAACCCATGCAAGGC,0,4296573
yadI_predicted,0.1111111111111111,8,8,ATGTACGCCGTGTAAGGTTT,0,4287329
yadI_predicted,0.1111111111111111,8,8,ATGGTTTTGGGATCGTCTTT,0,4294373
yadI_predicted,0.1111111111111111,8,8,ATGGTTCTCCCAGGACTTCA,0,4350411
yadI_predicted,0.1111111111111111,8,8,ATGGGGATTTATTGTAACCA,0,4338701
yadI_predicted,0.1111111111111111,8,8,ATGGCTCTAATCAGCCGGAG,0,4330376
yadI_predicted,0.1111111111111111,8,8,ATGGCAGAGCCTGGGAGTTT,0,4338219
yadI_predicted,0.1111111111111111,8,8,ATGGATACTTTGTGATATCC,0,4314188
yadI_predicted,0.1111111111111111,8,8,ATGCTGTAATCTGGGAAGGA,0,4304858
yadI_predicted,0.1111111111111111,8,8,ATGCGTGTTCGAGTATATTA,0,4345650
yadI_predicted,0.1111111111111111,8,8,ATGCGGGGTTCTGGGCTTAC,0,4369747
yadI_predicted,0.1111111111111111,8,8,ATGCAGGCTCGGGTGGACCC,0,4304784
yadI_predicted,0.1111111111111111,8,8,ATGATGAAGAGGGGTGGTCG,0,4317566
yadI_predicted,0.1111111111111111,8,8,ATGAGTTCTTATCAGCTGGG,0,4287899
yadI_predicted,0.1111111111111111,8,8,ATGAGTGCTTATATTTGCCT,0,4288079
yadI_predicted,0.1111111111111111,8,8,ATGAGGCCTAGGCGAGGTTT,0,4284196
yadI_predicted,0.1111111111111111,8,8,ATGAGAATCGTGGACCGTTT,0,4303405
yadI_predicted,0.1111111111111111,8,8,ATGACTCCAGTTCGCATCAC,0,4321942
yadI_predicted,0.1111111111111111,8,8,ATGACATGAGTACGTTGACT,0,4297363
yadI_predicted,0.1111111111111111,8,8,ATGACAATCAGTCTATGGGT,0,4306183
yadI_predicted,0.1111111111111111,8,8,ATGAAGCCAGCACTGGTTAG,0,4315608
yadI_predicted,0.1111111111111111,8,8,ATCTGAAACAAACAAGTAGT,0,4313927
yadI_predicted,0.1111111111111111,8,8,ATCTCCGGAAAAGTCCCTAC,0,4306505
yadI_predicted,0.1111111111111111,8,8,ATCGGTTTCGTAATGGTGTG,0,4312488
yadI_predicted,0.1111111111111111,8,8,ATCGATCGGTCAAACGCGTT,0,4359851
yadI_predicted,0.1111111111111111,8,8,ATCGAGGCCCTTGTGGTCTT,0,4328566
yadI_predicted,0.1111111111111111,8,8,ATCCTTGGGGTACACCAGCT,0,4332873
yadI_predicted,0.1111111111111111,8,8,ATCCTTCATCCAATTGGTCC,0,4364115
yadI_predicted,0.1111111111111111,8,8,ATCCTCAGTAATAATAGTGT,0,4330355
yadI_predicted,0.1111111111111111,8,8,ATCCAATCGGCATAGAATAG,0,4311595
yadI_predicted,0.1111111111111111,8,8,ATCATGTGAGTCCCGAAAAA,0,4363523
yadI_predicted,0.1111111111111111,8,8,ATCATCATGTAGCCAGTCTA,0,4291682
yadI_predicted,0.1111111111111111,8,8,ATCATCATCTAGGCCAGGAC,0,4330067
yadI_predicted,0.1111111111111111,8,8,ATCATCACACGAGGGTGTAG,0,4312402
yadI_predicted,0.1111111111111111,8,8,ATCATATCAACGATTTGTAG,0,4290029
yadI_predicted,0.1111111111111111,8,8,ATCAGGGGTATTGCAAAGGT,0,4368251
yadI_predicted,0.1111111111111111,8,8,ATCAGGCTTAGACAACGACA,0,4320267
yadI_predicted,0.1111111111111111,8,8,ATCAGACAGTCTCGATTCTC,0,4309205
yadI_predicted,0.1111111111111111,8,8,ATCACTTATTCTACCTCCAG,0,4317758
yadI_predicted,0.1111111111111111,8,8,ATCACGCCGTGAACAGAACG,0,4307526
yadI_predicted,0.1111111111111111,8,8,ATCAATTTAACATATAGAGC,0,4313374
yadI_predicted,0.1111111111111111,8,8,ATCAACCCGGGCGTGGCCTT,0,4304505
yadI_predicted,0.1111111111111111,8,8,ATCAAAGCGGCACAGTTTAG,0,4301462
yadI_predicted,0.1111111111111111,8,8,ATATTTTTCATTCTGATGGC,0,4310529
yadI_predicted,0.1111111111111111,8,8,ATATTGGCTATGTGACCGGA,0,4343373
yadI_predicted,0.1111111111111111,8,8,ATATCGCATCATCGCCAGGT,0,4337478
yadI_predicted,0.1111111111111111,8,8,ATATCAGTGCAGATCATGAT,0,4299220
yadI_predicted,0.1111111111111111,8,8,ATATAATGAAAGGTCCTGCG,0,4326701
yadI_predicted,0.1111111111111111,8,8,ATAGTCGTGAAAGTTAGCAG,0,4320802
yadI_predicted,0.1111111111111111,8,8,ATAGTATTGGGAGGCGGCGA,0,4313546
yadI_predicted,0.1111111111111111,8,8,ATAGGTACTATAATTTGCGA,0,4290089
yadI_predicted,0.1111111111111111,8,8,ATAGGGACTCCGTAATGCAA,0,4364864
yadI_predicted,0.1111111111111111,8,8,ATAGCAAGAGCCGAAATTTT,0,4292358
yadI_predicted,0.1111111111111111,8,8,ATAGACTTTCCATAGTACTG,0,4346118
yadI_predicted,0.1111111111111111,8,8,ATAGAAGCAAGAGGGCATTA,0,4333683
yadI_predicted,0.1111111111111111,8,8,ATACGGCCCACAGACCGAAC,0,4346905
yadI_predicted,0.1111111111111111,8,8,ATACGACGGTGAGTGGATAG,0,4363753
yadI_predicted,0.1111111111111111,8,8,ATACCTCACGGTCACTCGCG,0,4334359
yadI_predicted,0.1111111111111111,8,8,ATACCCCGACGGCCTGCAGA,0,4291912
yadI_predicted,0.1111111111111111,8,8,ATACCCCCCCCGCCGATGCT,0,4345738
yadI_predicted,0.1111111111111111,8,8,ATACACGAAATGTATCATCT,0,4333325
yadI_predicted,0.1111111111111111,8,8,ATAAGTCGTCAAGACTTCTT,0,4305359
yadI_predicted,0.1111111111111111,8,8,ATAAGCTTGGATTGTCAATC,0,4366896
yadI_predicted,0.1111111111111111,8,8,ATAACATTTGCCACGGCTGG,0,4364177
yadI_predicted,0.1111111111111111,8,8,AGTTTGACGGGCTACAACGG,0,4318475
yadI_predicted,0.1111111111111111,8,8,AGTTGGACAGTACGCCCGGT,0,4332284
yadI_predicted,0.1111111111111111,8,8,AGTTCATGCGGATATGGGTC,0,4347106
yadI_predicted,0.1111111111111111,8,8,AGTGGTCCAGAACCTTACCA,0,4288231
yadI_predicted,0.1111111111111111,8,8,AGTGGGAGACCTCTTTACGT,0,4346833
yadI_predicted,0.1111111111111111,8,8,AGTGGCGATTTAACGCCATG,0,4325641
yadI_predicted,0.1111111111111111,8,8,AGTGGAGTTAGGGAATTATG,0,4342341
yadI_predicted,0.1111111111111111,8,8,AGTGCTAGAGCTCCACCTAG,0,4358166
yadI_predicted,0.1111111111111111,8,8,AGTGAGGTGGGATTTAACGG,0,4345060
yadI_predicted,0.1111111111111111,8,8,AGTCTAGCCGGCATTATACT,0,4351962
yadI_predicted,0.1111111111111111,8,8,AGTCGTGCCATAGAGCGTGT,0,4289080
yadI_predicted,0.1111111111111111,8,8,AGTCATCAATGAGACCCAAC,0,4309552
yadI_predicted,0.1111111111111111,8,8,AGTCAGAAGGCTGTGTTATG,0,4297343
yadI_predicted,0.1111111111111111,8,8,AGTCACGCGACACTAAGCTA,0,4326721
yadI_predicted,0.1111111111111111,8,8,AGTATGAGTAAACGTACATG,0,4323753
yadI_predicted,0.1111111111111111,8,8,AGTATATTCAGTCATACTAT,0,4300959
yadI_predicted,0.1111111111111111,8,8,AGTATACTATTTTTGCAGCG,0,4337216
yadI_predicted,0.1111111111111111,8,8,AGTAGTTAAAGCTGGCCTGG,0,4287486
yadI_predicted,0.1111111111111111,8,8,AGTAGCTATAATGCTACCCA,0,4302598
yadI_predicted,0.1111111111111111,8,8,AGTAGAGAATCCAAGTACAC,0,4292932
yadI_predicted,0.1111111111111111,8,8,AGTACACACATCAAACTTAC,0,4349997
yadI_predicted,0.1111111111111111,8,8,AGGTGGGTAGCTACGGGTGA,0,4357931
yadI_predicted,0.1111111111111111,8,8,AGGTCGTCCAAAAGTAGACA,0,4356663
yadI_predicted,0.1111111111111111,8,8,AGGTCCAGGTTTGGAGATCC,0,4294989
yadI_predicted,0.1111111111111111,8,8,AGGTCAATCGGGAAACACCA,0,4304452
yadI_predicted,0.1111111111111111,8,8,AGGTAGGGTCGCCTTGTAGA,0,4348101
yadI_predicted,0.1111111111111111,8,8,AGGGTCACAACTCAGGCCGT,0,4305808
yadI_predicted,0.1111111111111111,8,8,AGGGTATTGACTCCGTTGTA,0,4306411
yadI_predicted,0.1111111111111111,8,8,AGGGGTGAATTTGCGCTAGA,0,4359367
yadI_predicted,0.1111111111111111,8,8,AGGGGGGCAGCTCACCTTAG,0,4361704
yadI_predicted,0.1111111111111111,8,8,AGGGGGATCAGACCAACCGC,0,4284256
yadI_predicted,0.1111111111111111,8,8,AGGCTGACATCATATCGTTG,0,4351633
yadI_predicted,0.1111111111111111,8,8,AGGCTAGTTGCCCAGGACCA,0,4354925
yadI_predicted,0.1111111111111111,8,8,AGGCTAGTTCAGATAGCATA,0,4326859
yadI_predicted,0.1111111111111111,8,8,AGGCGAGCGGCCAGGCAAGA,0,4368549
yadI_predicted,0.1111111111111111,8,8,AGGCGAATGTGTTCACGCAG,0,4323228
yadI_predicted,0.1111111111111111,8,8,AGGCCTGCCGGGAGAGCCAA,0,4304099
yadI_predicted,0.1111111111111111,8,8,AGGCACATTCACCATAGACC,0,4290908
yadI_predicted,0.1111111111111111,8,8,AGGCAATCGAGGTTTTACGC,0,4326243
yadI_predicted,0.1111111111111111,8,8,AGGAGGGACAACCGCCGTCG,0,4296283
yadI_predicted,0.1111111111111111,8,8,AGGACGTCGCCCCGGTGGAA,0,4309613
yadI_predicted,0.1111111111111111,8,8,AGGACATGGGTTGAAGAGAA,0,4336544
yadI_predicted,0.1111111111111111,8,8,AGCTGATTCTTTCGAGGGCC,0,4305184
yadI_predicted,0.1111111111111111,8,8,AGCTCTAGAGCCGGATGTCT,0,4323309
yadI_predicted,0.1111111111111111,8,8,AGCTCTACTAGATTAGGTTA,0,4343135
yadI_predicted,0.1111111111111111,8,8,AGCTCCTAATTTATTCGTAC,0,4352042
yadI_predicted,0.1111111111111111,8,8,AGCTATTAAGGGTCATAGAT,0,4368546
yadI_predicted,0.1111111111111111,8,8,AGCTATCACAAGAAGCCCCG,0,4314881
yadI_predicted,0.1111111111111111,8,8,AGCGCGGTCGGCCGCTATGT,0,4364797
yadI_predicted,0.1111111111111111,8,8,AGCGACGGCTTGTTCTCTTG,0,4356377
yadI_predicted,0.1111111111111111,8,8,AGCGAACTTGCCGTGGCTAC,0,4299009
yadI_predicted,0.1111111111111111,8,8,AGCCTCCAGTAGCAGATCTA,0,4342414
yadI_predicted,0.1111111111111111,8,8,AGCCGTTAATGATGGTCGTC,0,4306545
yadI_predicted,0.1111111111111111,8,8,AGCCCTCATATGTAGATTAG,0,4348427
yadI_predicted,0.1111111111111111,8,8,AGCCCGGGTACGGGAAAATG,0,4358851
yadI_predicted,0.1111111111111111,8,8,AGCCCCACCTGAGCTCCAAA,0,4364894
yadI_predicted,0.1111111111111111,8,8,AGCATCGTGGAACAGCCAGA,0,4346451
yadI_predicted,0.1111111111111111,8,8,AGCATCAAACTTGTCAACAC,0,4289759
yadI_predicted,0.1111111111111111,8,8,AGCAGTTCAGGGATGTTTAT,0,4314487
yadI_predicted,0.1111111111111111,8,8,AGCAGCGACGTACAAATCCA,0,4303529
yadI_predicted,0.1111111111111111,8,8,AGCAGCCTACAAAGATGGGA,0,4328988
yadI_predicted,0.1111111111111111,8,8,AGCAGCAGGGCAAATACAGG,0,4318718
yadI_predicted,0.1111111111111111,8,8,AGCAAGAGCCGTTACGACTA,0,4351492
yadI_predicted,0.1111111111111111,8,8,AGATTAAGCGTTCGTTAAAA,0,4290346
yadI_predicted,0.1111111111111111,8,8,AGATGTCATGCGCGTTCTTA,0,4331097
yadI_predicted,0.1111111111111111,8,8,AGATGGGCCTGGGCTTCAAT,0,4296794
yadI_predicted,0.1111111111111111,8,8,AGATGCTTTGCGCCCATAGG,0,4324137
yadI_predicted,0.1111111111111111,8,8,AGATCAACGTGTGGGCGACT,0,4336388
yadI_predicted,0.1111111111111111,8,8,AGATATGGGCAATGCGTAAC,0,4287492
yadI_predicted,0.1111111111111111,8,8,AGATACCATTATGGTCGTAG,0,4343627
yadI_predicted,0.1111111111111111,8,8,AGAGTGCTAGGGCTCTACAG,0,4296225
yadI_predicted,0.1111111111111111,8,8,AGAGACCATTGTACGTAAGC,0,4308855
yadI_predicted,0.1111111111111111,8,8,AGAGACACCGCGCTAACGGC,0,4316911
yadI_predicted,0.1111111111111111,8,8,AGAGAAAGAACGTTGGGGCA,0,4284290
yadI_predicted,0.1111111111111111,8,8,AGACTGTTATGTTGGGCACC,0,4358564
yadI_predicted,0.1111111111111111,8,8,AGACGTCAGCTCTAAGGCTC,0,4358672
yadI_predicted,0.1111111111111111,8,8,AGACCTTCGTAAAATTTTGA,0,4333675
yadI_predicted,0.1111111111111111,8,8,AGACCCCAGTGCGTCTCCAG,0,4320179
yadI_predicted,0.1111111111111111,8,8,AGACATTAAAAAGTAGGTTT,0,4330307
yadI_predicted,0.1111111111111111,8,8,AGACAGTTGAGCTTTTCTTC,0,4297483
yadI_predicted,0.1111111111111111,8,8,AGAATTGGGGATGGAGAACT,0,4305349
yadI_predicted,0.1111111111111111,8,8,AGAATATATCTACTTCCTGA,0,4319269
yadI_predicted,0.1111111111111111,8,8,AGAATAGTCAAGGGAATACA,0,4356370
yadI_predicted,0.1111111111111111,8,8,AGAACTAGGGGCCGGGACAG,0,4346901
yadI_predicted,0.1111111111111111,8,8,AGAACGCTTACCACCACAGT,0,4364121
yadI_predicted,0.1111111111111111,8,8,AGAACGATACCTGATTTCGA,0,4349784
yadI_predicted,0.1111111111111111,8,8,AGAAACCAGTCATATATGCA,0,4306258
yadI_predicted,0.1111111111111111,8,8,AGAAACCAGAAAGAATTCGC,0,4337752
yadI_predicted,0.1111111111111111,8,8,ACTTTGTAAATGGTCTCCGG,0,4337621
yadI_predicted,0.1111111111111111,8,8,ACTTTCGGAGTTTCCAATGT,0,4294543
yadI_predicted,0.1111111111111111,8,8,ACTTTCCTAGATGCGAGGGC,0,4345175
yadI_predicted,0.1111111111111111,8,8,ACTTTCCGGGCTTCGGACGT,0,4308260
yadI_predicted,0.1111111111111111,8,8,ACTTGGTTAATGTTCAATGA,0,4307744
yadI_predicted,0.1111111111111111,8,8,ACTTCTTAATTAAACGGGAC,0,4285396
yadI_predicted,0.1111111111111111,8,8,ACTTCGTGAATTTGGGTAGC,0,4287218
yadI_predicted,0.1111111111111111,8,8,ACTTAATCACGGTCCTAACT,0,4346748
yadI_predicted,0.1111111111111111,8,8,ACTGGTGTAGTTGAAGTTGT,0,4321669
yadI_predicted,0.1111111111111111,8,8,ACTGGCTTATAACGTTCTAG,0,4349942
yadI_predicted,0.1111111111111111,8,8,ACTGCTTCGCGATTCGCTCA,0,4360430
yadI_predicted,0.1111111111111111,8,8,ACTGCATGTGTCGGGTGTAA,0,4347215
yadI_predicted,0.1111111111111111,8,8,ACTGCAAGCCACCTGGCACA,0,4359182
yadI_predicted,0.1111111111111111,8,8,ACTCTCAAATCGTCCGTTGA,0,4290356
yadI_predicted,0.1111111111111111,8,8,ACTCTATCGTCGTTGATGCC,0,4332370
yadI_predicted,0.1111111111111111,8,8,ACTCGTCAGATGGGCCATTG,0,4369943
yadI_predicted,0.1111111111111111,8,8,ACTCGAAAGACCACCGTAGA,0,4336010
yadI_predicted,0.1111111111111111,8,8,ACTCATGTCTAGAGTCGATT,0,4293032
yadI_predicted,0.1111111111111111,8,8,ACTCACGGGACGTAAGCACC,0,4319722
yadI_predicted,0.1111111111111111,8,8,ACTCACCTGATTCTTATGCT,0,4352496
yadI_predicted,0.1111111111111111,8,8,ACTATGTATCCATGCGTACG,0,4347889
yadI_predicted,0.1111111111111111,8,8,ACTATGCCCTGAGGGTACAT,0,4337916
yadI_predicted,0.1111111111111111,8,8,ACTAGGGGACAAGACCAAGT,0,4329306
yadI_predicted,0.1111111111111111,8,8,ACTAGGGATAGGACCGCATA,0,4297352
yadI_predicted,0.1111111111111111,8,8,ACTACCTTAGGTTACACTCT,0,4293750
yadI_predicted,0.1111111111111111,8,8,ACTACCTGGGGTAACTGTAT,0,4324869
yadI_predicted,0.1111111111111111,8,8,ACGTTTGATCCGACGCCTAC,0,4310780
yadI_predicted,0.1111111111111111,8,8,ACGTTGAGCACTAGGACACA,0,4317112
yadI_predicted,0.1111111111111111,8,8,ACGTGCTAATCTTCCTGAGG,0,4302130
yadI_predicted,0.1111111111111111,8,8,ACGTGCGTTGGGCTTTCACT,0,4325005
yadI_predicted,0.1111111111111111,8,8,ACGTGCGTAGTACGAGAAAC,0,4336898
yadI_predicted,0.1111111111111111,8,8,ACGTGCATTAGGACTTGCGA,0,4345036
yadI_predicted,0.1111111111111111,8,8,ACGTGCACCAGGAAGCGATC,0,4308360
yadI_predicted,0.1111111111111111,8,8,ACGTCTATGTCTTGTAGACA,0,4363127
yadI_predicted,0.1111111111111111,8,8,ACGTATCGAGGACAGCGACC,0,4323692
yadI_predicted,0.1111111111111111,8,8,ACGTAAGGATGAAGCAAACA,0,4297631
yadI_predicted,0.1111111111111111,8,8,ACGTAAGCGCAAGTATGGTT,0,4284194
yadI_predicted,0.1111111111111111,8,8,ACGGTGCGGCAACGGCGGAT,0,4361285
yadI_predicted,0.1111111111111111,8,8,ACGGTATGTTGTCGAGACGC,0,4301399
yadI_predicted,0.1111111111111111,8,8,ACGGATCCGTGGGCCAGGCA,0,4318090
yadI_predicted,0.1111111111111111,8,8,ACGCTATTTTTACTTATGTG,0,4295157
yadI_predicted,0.1111111111111111,8,8,ACGCGCGCGGACGTCTCCCA,0,4323275
yadI_predicted,0.1111111111111111,8,8,ACGCCGTGTGTATAAGAGGT,0,4294176
yadI_predicted,0.1111111111111111,8,8,ACGCCATCCAGCCCTCTCTG,0,4347301
yadI_predicted,0.1111111111111111,8,8,ACGCCACGATCTCACGGTGT,0,4322218
yadI_predicted,0.1111111111111111,8,8,ACGCAGTTCCGACTCGTTCT,0,4366924
yadI_predicted,0.1111111111111111,8,8,ACGCAAGGGAAAGCGCGGCA,0,4350464
yadI_predicted,0.1111111111111111,8,8,ACGAGCGGAACATTGTCCCA,0,4314468
yadI_predicted,0.1111111111111111,8,8,ACGACGTCGTTTACGGCCAA,0,4330025
yadI_predicted,0.1111111111111111,8,8,ACGACGGGATTGCGCCGCGC,0,4334921
yadI_predicted,0.1111111111111111,8,8,ACGAAAAGTGTTTGTGGAAC,0,4353161
yadI_predicted,0.1111111111111111,8,8,ACCGCTGACGTGGATTTCAA,0,4318846
yadI_predicted,0.1111111111111111,8,8,ACCGCGGGGATGAAGTTAGT,0,4299181
yadI_predicted,0.1111111111111111,8,8,ACCGATTGGTAACAGCCGTC,0,4284904
yadI_predicted,0.1111111111111111,8,8,ACCCTTGGAATGGTGTACCT,0,4291803
yadI_predicted,0.1111111111111111,8,8,ACCCTGGCCATAAACCTCGG,0,4336534
yadI_predicted,0.1111111111111111,8,8,ACCCTGAGGGCCAGGAACGT,0,4317256
yadI_predicted,0.1111111111111111,8,8,ACCCTAATTGAGTCATGAGC,0,4348225
yadI_predicted,0.1111111111111111,8,8,ACCCGTGGGGTTCCATGAAC,0,4290085
yadI_predicted,0.1111111111111111,8,8,ACCCCGTTACATCGTGGTTC,0,4324328
yadI_predicted,0.1111111111111111,8,8,ACCCCCTGCGTGCTTGACCA,0,4363528
yadI_predicted,0.1111111111111111,8,8,ACCCCCCGACCGTGATATAG,0,4346316
yadI_predicted,0.1111111111111111,8,8,ACCCCATTAATCTATCCAGG,0,4318343
yadI_predicted,0.1111111111111111,8,8,ACCATAGTAACTATATACTC,0,4355754
yadI_predicted,0.1111111111111111,8,8,ACCATACGAGGCGATGATTG,0,4309424
yadI_predicted,0.1111111111111111,8,8,ACCAGAACGCTGTTACTAAG,0,4362015
yadI_predicted,0.1111111111111111,8,8,ACCACAAAGGATGCTTAGTA,0,4284632
yadI_predicted,0.1111111111111111,8,8,ACATGAACGCCTATTCATAT,0,4307131
yadI_predicted,0.1111111111111111,8,8,ACATAGGATATAACTGTCTA,0,4318486
yadI_predicted,0.1111111111111111,8,8,ACATAACCCGTACCTGCTTA,0,4286427
yadI_predicted,0.1111111111111111,8,8,ACAGTTTCCAAGCGGAATCA,0,4288156
yadI_predicted,0.1111111111111111,8,8,ACAGTTATAAAGTGATCCAC,0,4290656
yadI_predicted,0.1111111111111111,8,8,ACAGGGCGGGCCTTCCCATA,0,4294191
yadI_predicted,0.1111111111111111,8,8,ACAGCGACATTGCAATTTTT,0,4311777
yadI_predicted,0.1111111111111111,8,8,ACAGCCAATGTTCGACAGTA,0,4301152
yadI_predicted,0.1111111111111111,8,8,ACAGAGATGCGGTCAGCCAA,0,4321872
yadI_predicted,0.1111111111111111,8,8,ACAGACTGCCATTCCGATAC,0,4360475
yadI_predicted,0.1111111111111111,8,8,ACACTGTGCTACCTGAAGAT,0,4292812
yadI_predicted,0.1111111111111111,8,8,ACACTGGTTGCGCCGGGAAT,0,4291873
yadI_predicted,0.1111111111111111,8,8,ACACTCCCGTAACCTGGTTG,0,4308536
yadI_predicted,0.1111111111111111,8,8,ACACGCGGGTTGTCACTCCC,0,4356266
yadI_predicted,0.1111111111111111,8,8,ACACGCCAGGCTTCCGGATC,0,4352997
yadI_predicted,0.1111111111111111,8,8,ACACCGAGTGCTACACGGGA,0,4342327
yadI_predicted,0.1111111111111111,8,8,ACACAGTTTCATCTGATGCT,0,4348218
yadI_predicted,0.1111111111111111,8,8,ACAAGTCTTGCCGTATCGGT,0,4298030
yadI_predicted,0.1111111111111111,8,8,ACAAGTAAATCCGAGTTGCT,0,4302310
yadI_predicted,0.1111111111111111,8,8,ACAAATTAAAGGCACGATGC,0,4318076
yadI_predicted,0.1111111111111111,8,8,ACAAACGGCGTATATAGAGC,0,4340661
yadI_predicted,0.1111111111111111,8,8,AATTTACTGTCCCTTAAAAA,0,4369667
yadI_predicted,0.1111111111111111,8,8,AATTCGGCGATTAAAGGCCA,0,4300210
yadI_predicted,0.1111111111111111,8,8,AATGTGCGTGACTTCGTTCA,0,4302157
yadI_predicted,0.1111111111111111,8,8,AATGTAAATACGGCGAACCT,0,4348522
yadI_predicted,0.1111111111111111,8,8,AATGGTCAACCTATTGGATA,0,4340408
yadI_predicted,0.1111111111111111,8,8,AATGGTAACGGACTCGTCAG,0,4333595
yadI_predicted,0.1111111111111111,8,8,AATGCCCCGAATTCAACTTA,0,4303425
yadI_predicted,0.1111111111111111,8,8,AATGATGGTCACCCTCCTAT,0,4286778
yadI_predicted,0.1111111111111111,8,8,AATCGTTTGCAGTTAGATAG,0,4295944
yadI_predicted,0.1111111111111111,8,8,AATCGGATTAGAACAAGGAT,0,4354401
yadI_predicted,0.1111111111111111,8,8,AATCGGAAGAGGCGTCCTTG,0,4301648
yadI_predicted,0.1111111111111111,8,8,AATCCTACCGGCGTTCAAAT,0,4336800
yadI_predicted,0.1111111111111111,8,8,AATCCCGGGGGCTCTGGATC,0,4338126
yadI_predicted,0.1111111111111111,8,8,AATCACTCGTCAGTGGCACA,0,4337679
yadI_predicted,0.1111111111111111,8,8,AATATGGGGAAGACTCTTGA,0,4324517
yadI_predicted,0.1111111111111111,8,8,AATATACCACCGTATCCGAG,0,4293055
yadI_predicted,0.1111111111111111,8,8,AATAGCGTCGACGCATAGAC,0,4336343
yadI_predicted,0.1111111111111111,8,8,AAGTGGGAAGGTTGATCTCA,0,4367274
yadI_predicted,0.1111111111111111,8,8,AAGTCTTTACCAACGGGTTA,0,4342474
yadI_predicted,0.1111111111111111,8,8,AAGTCGTTATGAACTCGGCA,0,4344835
yadI_predicted,0.1111111111111111,8,8,AAGTCAATTAAGGAGCACAA,0,4362634
yadI_predicted,0.1111111111111111,8,8,AAGTACGTGTCGAGATTACT,0,4289927
yadI_predicted,0.1111111111111111,8,8,AAGTACGGCGAGATATCCTT,0,4334774
yadI_predicted,0.1111111111111111,8,8,AAGTACGATGCGATAGTGTG,0,4306203
yadI_predicted,0.1111111111111111,8,8,AAGTACCGATCCTTAGTCCG,0,4305511
yadI_predicted,0.1111111111111111,8,8,AAGGTGTTAGATATTTGGAA,0,4368357
yadI_predicted,0.1111111111111111,8,8,AAGGGCTGTCCGGGCGGGGC,0,4337193
yadI_predicted,0.1111111111111111,8,8,AAGGATGTCATTAATCGTCG,0,4352697
yadI_predicted,0.1111111111111111,8,8,AAGGACCGACGATTCGTCTG,0,4286882
yadI_predicted,0.1111111111111111,8,8,AAGCTGTATGAAGAAGGAGG,0,4292466
yadI_predicted,0.1111111111111111,8,8,AAGCGATTGCGTGAAAAGAC,0,4313741
yadI_predicted,0.1111111111111111,8,8,AAGCCCGAAGGCAGTCTCCC,0,4305996
yadI_predicted,0.1111111111111111,8,8,AAGCATAGTATGCAGACTGT,0,4333278
yadI_predicted,0.1111111111111111,8,8,AAGAGACCATAGCGCGGAGC,0,4304742
yadI_predicted,0.1111111111111111,8,8,AACGTTCAATTAATCATAAA,0,4328966
yadI_predicted,0.1111111111111111,8,8,AACGTTATCTGTTACATTTC,0,4321768
yadI_predicted,0.1111111111111111,8,8,AACGGACGTAGGTCCAATCT,0,4326776
yadI_predicted,0.1111111111111111,8,8,AACGGACCCTGAGGTAAGGT,0,4365115
yadI_predicted,0.1111111111111111,8,8,AACGGAAAGGTAGTCGGAGA,0,4309230
yadI_predicted,0.1111111111111111,8,8,AACGCGAGAGTACTTTGACT,0,4355147
yadI_predicted,0.1111111111111111,8,8,AACGAGATCCTGGCTGTGAA,0,4325802
yadI_predicted,0.1111111111111111,8,8,AACGACCGACATGGACCGCA,0,4304439
yadI_predicted,0.1111111111111111,8,8,AACCGACACATTTCAGGACC,0,4291000
yadI_predicted,0.1111111111111111,8,8,AACCCCAATCGGACTCCAAT,0,4314558
yadI_predicted,0.1111111111111111,8,8,AACCATTCAGTAAGAAACCC,0,4350078
yadI_predicted,0.1111111111111111,8,8,AACCAGGCAACCTAACATTC,0,4308734
yadI_predicted,0.1111111111111111,8,8,AACATTAGGCTTCTGTGGTT,0,4354075
yadI_predicted,0.1111111111111111,8,8,AACAGCCAGTCGATAAGACG,0,4363005
yadI_predicted,0.1111111111111111,8,8,AAATTTGTTTACTCACGATT,0,4367781
yadI_predicted,0.1111111111111111,8,8,AAATTTCACAAATGCCGGTG,0,4315606
yadI_predicted,0.1111111111111111,8,8,AAATTAAAGAGGCATAACGT,0,4332562
yadI_predicted,0.1111111111111111,8,8,AAACTCTCACTTCGAAGCAT,0,4322302
yadI_predicted,0.1111111111111111,8,8,AAACCTGGGAAGGGGGGGAC,0,4291051
yadI_predicted,0.1111111111111111,8,8,AAACCGAGGCCGTCTGCCTT,0,4318425
yadI_predicted,0.1111111111111111,8,8,AAACAGGACAAAAAGTCAAG,0,4327795
yadI_predicted,0.1111111111111111,8,8,AAACAGAACAAAGTCCACGT,0,4359134
yadI_predicted,0.1111111111111111,8,8,AAAATAGGTGGGTTCTCCGA,0,4292392
yadI_predicted,0.1111111111111111,8,8,AAAATAACAGGCTAGTACGG,0,4296465
yadI_predicted,0.1111111111111111,8,8,AAAAAGTCGCCCGGTATCCT,0,4313465
yadI_predicted,0.125,7,7,TTTTGAGGTGGGGTTGGAAC,0,4301551
yadI_predicted,0.125,7,7,TTTTGAGCGTCTCATGAACC,0,4306393
yadI_predicted,0.125,7,7,TTTTGAATATGCGCTGTGGT,0,4329923
yadI_predicted,0.125,7,7,TTTTCCTACTGGAGTAGTAC,0,4317659
yadI_predicted,0.125,7,7,TTTGTCCAGCTGCGACGGTT,0,4331089
yadI_predicted,0.125,7,7,TTTGGTTCCGCACGTTCCAT,0,4319510
yadI_predicted,0.125,7,7,TTTGGCTAGTCTATTAAAGG,0,4334413
yadI_predicted,0.125,7,7,TTTGCATGCGTTAAATTGCA,0,4328729
yadI_predicted,0.125,7,7,TTTCGTGGAACTCCAGGCCA,0,4284128
yadI_predicted,0.125,7,7,TTTCGAGGGCATAATCGGAC,0,4315162
yadI_predicted,0.125,7,7,TTTCAAAGGCGATAGTAGAC,0,4295320
yadI_predicted,0.125,7,7,TTTATGAGATAAGCCACAGC,0,4350966
yadI_predicted,0.125,7,7,TTTAGTACTCGCCGAGTCAC,0,4316231
yadI_predicted,0.125,7,7,TTTAGCAGAGGCTTGAACAT,0,4339124
yadI_predicted,0.125,7,7,TTTAAAGTAAAGCATATGTT,0,4300071
yadI_predicted,0.125,7,7,TTGTTATGCCTTCGACACTA,0,4297241
yadI_predicted,0.125,7,7,TTGTGTTGCGGAGCCACAGG,0,4330950
yadI_predicted,0.125,7,7,TTGTGTGTTCTCCACGTAAT,0,4294379
yadI_predicted,0.125,7,7,TTGTGGCTTTCACCCACGGC,0,4354165
yadI_predicted,0.125,7,7,TTGTCGATTTCCAACTCCTC,0,4328434
yadI_predicted,0.125,7,7,TTGTATTGGCGGACCCACAT,0,4300963
yadI_predicted,0.125,7,7,TTGTACAAGGCTTATTGCGA,0,4302136
yadI_predicted,0.125,7,7,TTGGTCGGTCCGTGTTTTTC,0,4287418
yadI_predicted,0.125,7,7,TTGGTAGCAGAGTCCGCCGA,0,4287584
yadI_predicted,0.125,7,7,TTGGTACATTACAAGTTGCT,0,4307075
yadI_predicted,0.125,7,7,TTGGTAAACAGATTGCTATA,0,4367037
yadI_predicted,0.125,7,7,TTGGGTAGACCGCATATAGT,0,4298432
yadI_predicted,0.125,7,7,TTGGCATCACGGCAGTCTAG,0,4293415
yadI_predicted,0.125,7,7,TTGGACAGCGTGCACAGCCA,0,4320596
yadI_predicted,0.125,7,7,TTGCTTCAAAGTGACCTAGC,0,4313377
yadI_predicted,0.125,7,7,TTGCTGTCCAGTCAGCCCGA,0,4286334
yadI_predicted,0.125,7,7,TTGCTAGGCTCTAGTCAGGC,0,4339369
yadI_predicted,0.125,7,7,TTGCGGCGACCGCGCGATTA,0,4342669
yadI_predicted,0.125,7,7,TTGCCTTATTTTAGTGTTAC,0,4293654
yadI_predicted,0.125,7,7,TTGCAGGACTACCGCGGAAT,0,4312665
yadI_predicted,0.125,7,7,TTGCACGCCATTTAGTACTG,0,4324814
yadI_predicted,0.125,7,7,TTGATGGTTGATAGCCGGGT,0,4356070
yadI_predicted,0.125,7,7,TTCTTCGCGGCGTCACCTTA,0,4329543
yadI_predicted,0.125,7,7,TTCTTCAAGGCATACACTAT,0,4325776
yadI_predicted,0.125,7,7,TTCTTAACAACGTCCTTCGG,0,4349766
yadI_predicted,0.125,7,7,TTCTATGGTACCCGTGAAGT,0,4291969
yadI_predicted,0.125,7,7,TTCGTCATGTGAACTACTGC,0,4298885
yadI_predicted,0.125,7,7,TTCGTAAGGTCCAATTGGCA,0,4290481
yadI_predicted,0.125,7,7,TTCGCGTGGGGTGGCCATCA,0,4306462
yadI_predicted,0.125,7,7,TTCGACCTTCTGTTCGCATG,0,4329296
yadI_predicted,0.125,7,7,TTCGAAACCCGAGCGCAGCT,0,4335136
yadI_predicted,0.125,7,7,TTCCTGCTTTTCATAATTTG,0,4296999
yadI_predicted,0.125,7,7,TTCCGGCCAATGGAAGTTGC,0,4297641
yadI_predicted,0.125,7,7,TTCCGGAAAAACAATTACCA,0,4316611
yadI_predicted,0.125,7,7,TTCCGATGAAACCACGGATA,0,4353041
yadI_predicted,0.125,7,7,TTCCGAATGCGCCATAAAGT,0,4336664
yadI_predicted,0.125,7,7,TTCCCCTGCCGTCCGCAACG,0,4327853
yadI_predicted,0.125,7,7,TTCCCATCTCAATGAATTCA,0,4363190
yadI_predicted,0.125,7,7,TTCCATGATCCCTGATCAAC,0,4300117
yadI_predicted,0.125,7,7,TTCCAGCTCTGTTTACTATT,0,4293673
yadI_predicted,0.125,7,7,TTCACTCTACGCTTTAGTCC,0,4328985
yadI_predicted,0.125,7,7,TTCACAAAGAAAACCAAGCA,0,4347871
yadI_predicted,0.125,7,7,TTATTTTAAAGGACTATGTG,0,4287832
yadI_predicted,0.125,7,7,TTATTGTCCCTCAGAATATT,0,4309162
yadI_predicted,0.125,7,7,TTATTCGATTTTGTGGAATC,0,4335562
yadI_predicted,0.125,7,7,TTAGTCTTATAAATCATTTA,0,4285087
yadI_predicted,0.125,7,7,TTAGCCGACAGCAGGCCGCA,0,4355471
yadI_predicted,0.125,7,7,TTAGAGTCCTACTTCGATCT,0,4367902
yadI_predicted,0.125,7,7,TTACTGACCAGTCCCCCGGG,0,4341276
yadI_predicted,0.125,7,7,TTACGGCGAAGAGAGAACGG,0,4326061
yadI_predicted,0.125,7,7,TTACGACCGTCGTAACACTC,0,4365918
yadI_predicted,0.125,7,7,TTACCTTCAAAGATACGTGA,0,4293937
yadI_predicted,0.125,7,7,TTACCTACAGACAATACACT,0,4286119
yadI_predicted,0.125,7,7,TTACCGTAGTCAATTTTCCA,0,4296882
yadI_predicted,0.125,7,7,TTACCGAGACGCAGCACTAC,0,4332161
yadI_predicted,0.125,7,7,TTACATGGCAGAAACTCTCA,0,4345751
yadI_predicted,0.125,7,7,TTACAGATATTACTGGTTCG,0,4310701
yadI_predicted,0.125,7,7,TTAAGTCTTATATCCAGGGC,0,4310281
yadI_predicted,0.125,7,7,TTAAGCTAGTCTTCCGGTGT,0,4340194
yadI_predicted,0.125,7,7,TTAAATCAGTGGGGTGTGCG,0,4362637
yadI_predicted,0.125,7,7,TTAAAGTGTAAACACCGCCC,0,4319060
yadI_predicted,0.125,7,7,TTAAAAATAGCTCGGAATCC,0,4319241
yadI_predicted,0.125,7,7,TGTTTTTGAACCAGGATTCA,0,4322026
yadI_predicted,0.125,7,7,TGTTGGGAAAGACATGGGCA,0,4305659
yadI_predicted,0.125,7,7,TGTTGGACCAAGCACCCGGT,0,4291292
yadI_predicted,0.125,7,7,TGTTCTGATTACCGACCAGC,0,4309503
yadI_predicted,0.125,7,7,TGTTCGCATCATCTTCCACA,0,4295376
yadI_predicted,0.125,7,7,TGTTCCGGCAATACGGGAAA,0,4365005
yadI_predicted,0.125,7,7,TGTTCCAAAGGAACAGCACA,0,4339952
yadI_predicted,0.125,7,7,TGTGTTCGATATGCCGCAAA,0,4346656
yadI_predicted,0.125,7,7,TGTGTACTATGTTTGCAACG,0,4298930
yadI_predicted,0.125,7,7,TGTGGGTCCGTAGCCAAAGG,0,4284119
yadI_predicted,0.125,7,7,TGTGGCGCAGGTCGCGCACA,0,4367305
yadI_predicted,0.125,7,7,TGTGGCGAACTTTGTGCGAA,0,4292769
yadI_predicted,0.125,7,7,TGTGCCAGCAGTCAGTGGTA,0,4346421
yadI_predicted,0.125,7,7,TGTGCAGGCGGGGGAATGAT,0,4317862
yadI_predicted,0.125,7,7,TGTGATCTTCACAAAACGTG,0,4356869
yadI_predicted,0.125,7,7,TGTGAGACGTTTGTGGAACA,0,4331803
yadI_predicted,0.125,7,7,TGTCTTACATCTATGAGGGG,0,4334171
yadI_predicted,0.125,7,7,TGTCTGGCTAACGCGTCAGT,0,4306719
yadI_predicted,0.125,7,7,TGTCGAGTTAGCTCGCTTAT,0,4309435
yadI_predicted,0.125,7,7,TGTACGGTGGTGCAATCAGA,0,4319345
yadI_predicted,0.125,7,7,TGTACGGGTCAGACCTCGAA,0,4319232
yadI_predicted,0.125,7,7,TGTACCTTTACAGGCTAGTC,0,4299556
yadI_predicted,0.125,7,7,TGTACCGCACCGCGGAGTCG,0,4306640
yadI_predicted,0.125,7,7,TGTAACACGGGCCGGTTACT,0,4290620
yadI_predicted,0.125,7,7,TGGTTGTTGGACGCGACGCG,0,4290669
yadI_predicted,0.125,7,7,TGGTTAAAGCCGGCACCACC,0,4335583
yadI_predicted,0.125,7,7,TGGTGGCCAGTTCGCCCAAT,0,4310662
yadI_predicted,0.125,7,7,TGGTCTTCATCAAATGCACT,0,4355757
yadI_predicted,0.125,7,7,TGGTCTTAAAGCAATTACAC,0,4350780
yadI_predicted,0.125,7,7,TGGTCCTGGCTTGTCTGAAT,0,4348914
yadI_predicted,0.125,7,7,TGGTCATATCCGGGTGAGCG,0,4353900
yadI_predicted,0.125,7,7,TGGTCAGGCGGGTCAATCCT,0,4338049
yadI_predicted,0.125,7,7,TGGGTCTAGTCGCTAACAAT,0,4299688
yadI_predicted,0.125,7,7,TGGGGACCTTTCGTTATGAA,0,4309684
yadI_predicted,0.125,7,7,TGGGCCTGTAACCTCCATAG,0,4357317
yadI_predicted,0.125,7,7,TGGGAATGGAACCAGATGGG,0,4335468
yadI_predicted,0.125,7,7,TGGGAAGAAGGTCAATAACT,0,4347035
yadI_predicted,0.125,7,7,TGGCTTTAGCGGCCTAATCG,0,4345350
yadI_predicted,0.125,7,7,TGGCAGGTGGAGCTCTGGTC,0,4355288
yadI_predicted,0.125,7,7,TGGCAGCCCTGCGGATAGCT,0,4330174
yadI_predicted,0.125,7,7,TGGCAAGACGCGGGTAGTAC,0,4358716
yadI_predicted,0.125,7,7,TGGATCTGTTACCGTGCAAA,0,4310022
yadI_predicted,0.125,7,7,TGGAGTTTGGTTAGCGGAAG,0,4343896
yadI_predicted,0.125,7,7,TGGACCGCGGCTAAGGGTTT,0,4326429
yadI_predicted,0.125,7,7,TGGACCCTCAAAATCACAGT,0,4297710
yadI_predicted,0.125,7,7,TGGAACTCAGACGTTGCGGT,0,4307155
yadI_predicted,0.125,7,7,TGGAAAGTCGTCCAAAAGTA,0,4355331
yadI_predicted,0.125,7,7,TGCTGGTTGGCCCAGTAAGT,0,4313311
yadI_predicted,0.125,7,7,TGCTGGCTCCGACAGCCCTG,0,4351076
yadI_predicted,0.125,7,7,TGCTAGGGTGTGACAGATTT,0,4306705
yadI_predicted,0.125,7,7,TGCGCGCTTCTCTATTCCCA,0,4365539
yadI_predicted,0.125,7,7,TGCGCAAATTGTAGTTCATA,0,4359515
yadI_predicted,0.125,7,7,TGCGATAGAATCCCCTGACT,0,4335417
yadI_predicted,0.125,7,7,TGCGAGCCTGGGTGTCGCGA,0,4327215
yadI_predicted,0.125,7,7,TGCGAGCATCGCTATGGCTC,0,4307673
yadI_predicted,0.125,7,7,TGCCTGAGCTAACAACGACT,0,4311326
yadI_predicted,0.125,7,7,TGCCGTTTTTAACGGGCCTA,0,4365727
yadI_predicted,0.125,7,7,TGCCGATAAACGCCAAAAAC,0,4317928
yadI_predicted,0.125,7,7,TGCCACCGTTGTGGTAGTAC,0,4285043
yadI_predicted,0.125,7,7,TGCATCCTCCGTTTTTTCGA,0,4335481
yadI_predicted,0.125,7,7,TGCAACAGGGTTTAATTATA,0,4348816
yadI_predicted,0.125,7,7,TGATTTGCATGTACATCGCC,0,4334166
yadI_predicted,0.125,7,7,TGATTAACAAGTTCAGGCGT,0,4349641
yadI_predicted,0.125,7,7,TGATGGTTCTCAGACACTCG,0,4362380
yadI_predicted,0.125,7,7,TGATCCCTTTGTAAGCACAG,0,4340918
yadI_predicted,0.125,7,7,TGATATTAAAGCCGCCGGGT,0,4354751
yadI_predicted,0.125,7,7,TGATATGTCCAGGGTTTCCT,0,4352084
yadI_predicted,0.125,7,7,TGATAAGACCGAAGCGATCT,0,4358359
yadI_predicted,0.125,7,7,TGAGTTCAGTTCCCAGGGAA,0,4364557
yadI_predicted,0.125,7,7,TGAGTAGAGGAGTAGCAACT,0,4353591
yadI_predicted,0.125,7,7,TGAGTAATCATGATCAACTC,0,4296855
yadI_predicted,0.125,7,7,TGAGGAGCCCACCACTGCGC,0,4294474
yadI_predicted,0.125,7,7,TGAGGAACGCGTTCATAATC,0,4335342
yadI_predicted,0.125,7,7,TGAGCTACCCCGGTCATTTG,0,4297224
yadI_predicted,0.125,7,7,TGAGACGTGGGGTACGATCC,0,4298316
yadI_predicted,0.125,7,7,TGACTATTTTAGCGGCAACT,0,4360738
yadI_predicted,0.125,7,7,TGACGATATGGGGGGGTCCT,0,4319139
yadI_predicted,0.125,7,7,TGACGAAGTGGGTCACATAG,0,4357228
yadI_predicted,0.125,7,7,TGACCGAATTCGGGTGCAAA,0,4360779
yadI_predicted,0.125,7,7,TGACATACGCTTAGCCAGCA,0,4344564
yadI_predicted,0.125,7,7,TGACAGTACTGACTAAGAAT,0,4290719
yadI_predicted,0.125,7,7,TGACACGTGGAGAGTGGAGT,0,4347228
yadI_predicted,0.125,7,7,TGAATGATCCGTTAGTCTAG,0,4313747
yadI_predicted,0.125,7,7,TGAAGTCGGTTCAATATTTC,0,4290855
yadI_predicted,0.125,7,7,TGAACGTCGCAGGTGCGACG,0,4363053
yadI_predicted,0.125,7,7,TGAACCTCGCACCGAAGAAC,0,4355084
yadI_predicted,0.125,7,7,TGAAATTGCTAGTAGTGAAC,0,4313702
yadI_predicted,0.125,7,7,TGAAAGGACGTTGTGCAACA,0,4336330
yadI_predicted,0.125,7,7,TCTTGATTTCACAGCAGCGG,0,4290844
yadI_predicted,0.125,7,7,TCTTCGGCATGATCGAGTTC,0,4338071
yadI_predicted,0.125,7,7,TCTTAGGCTTATGAACCGTC,0,4324329
yadI_predicted,0.125,7,7,TCTGGAACTTCGTATTGGGA,0,4329260
yadI_predicted,0.125,7,7,TCTGCGACCAACTAACTACT,0,4288561
yadI_predicted,0.125,7,7,TCTGCACTATTAGCATCATG,0,4294385
yadI_predicted,0.125,7,7,TCTGATTTAAAATGGATATT,0,4318914
yadI_predicted,0.125,7,7,TCTGAGTGGCGACGGGTGCA,0,4329737
yadI_predicted,0.125,7,7,TCTCTTACTCTAGGGTGAAG,0,4349561
yadI_predicted,0.125,7,7,TCTCGGTGTGTCAGTCTAAA,0,4335635
yadI_predicted,0.125,7,7,TCTCAGGTGCTATTAGGATT,0,4330511
yadI_predicted,0.125,7,7,TCTCAGGAGGGGGTACGCTC,0,4290207
yadI_predicted,0.125,7,7,TCTCAGCTCGTTTAACGGCT,0,4330150
yadI_predicted,0.125,7,7,TCTCACACGATTTTCGGGAT,0,4360650
yadI_predicted,0.125,7,7,TCTATGCATCATCGCGTCCG,0,4306659
yadI_predicted,0.125,7,7,TCTAGTGTGGAATCATGGCC,0,4344654
yadI_predicted,0.125,7,7,TCGTTTTTAGACGTTTAAAT,0,4301232
yadI_predicted,0.125,7,7,TCGTGAAGGCGGGGAGAAGT,0,4336144
yadI_predicted,0.125,7,7,TCGTCTTAAGTAGGCAATGA,0,4325569
yadI_predicted,0.125,7,7,TCGTCTGGTGGATATTAATG,0,4328222
yadI_predicted,0.125,7,7,TCGTCGTCATCCCGTTTTAG,0,4335780
yadI_predicted,0.125,7,7,TCGGTTTGTAGCCCTAGATG,0,4326281
yadI_predicted,0.125,7,7,TCGGTCAGGAATACGGGCGT,0,4340567
yadI_predicted,0.125,7,7,TCGGCGGCCAGTACTCAGTC,0,4367267
yadI_predicted,0.125,7,7,TCGGCGCTTTCTCCCGGTTT,0,4313496
yadI_predicted,0.125,7,7,TCGGCCTAAGAATGAGTGTT,0,4304929
yadI_predicted,0.125,7,7,TCGGATGTCACCATACCCCA,0,4284636
yadI_predicted,0.125,7,7,TCGGAAAATTGGACGTCGAA,0,4363329
yadI_predicted,0.125,7,7,TCGCTTGGTGTATGGGTTAC,0,4340779
yadI_predicted,0.125,7,7,TCGCTTCTTTAAGATTTTTA,0,4358923
yadI_predicted,0.125,7,7,TCGCGGGATCATTGTCAATA,0,4298600
yadI_predicted,0.125,7,7,TCGCGCAGGATATTAGGCGG,0,4334526
yadI_predicted,0.125,7,7,TCGCGAGGTACACTCAATCT,0,4320106
yadI_predicted,0.125,7,7,TCGCAGCGGTCTTCGAACGC,0,4362419
yadI_predicted,0.125,7,7,TCGCAGCAGGTGCCATCCCA,0,4311550
yadI_predicted,0.125,7,7,TCGCACGAATGGCCTGCATA,0,4328759
yadI_predicted,0.125,7,7,TCGATGGGTAAGGTGCAGCA,0,4304106
yadI_predicted,0.125,7,7,TCGATGGCCTACTTATTATG,0,4305691
yadI_predicted,0.125,7,7,TCGATATCTTGGAGTCCGGG,0,4343366
yadI_predicted,0.125,7,7,TCGATAATCGGAATCAATAG,0,4357336
yadI_predicted,0.125,7,7,TCGAGGGTGAATAAGCATCC,0,4321219
yadI_predicted,0.125,7,7,TCGAGGCAGGAAACCTCATT,0,4347641
yadI_predicted,0.125,7,7,TCGACTTATCTGCTTGGCAT,0,4290246
yadI_predicted,0.125,7,7,TCGACTGGGGCTGACATTCT,0,4352285
yadI_predicted,0.125,7,7,TCGACCACCAATACGGTTCA,0,4363399
yadI_predicted,0.125,7,7,TCCTTTAGTAGTTAACGTGG,0,4301707
yadI_predicted,0.125,7,7,TCCTTTACGGTGGACCAGCA,0,4361603
yadI_predicted,0.125,7,7,TCCTTGGGGGGTCCCTGAGT,0,4368726
yadI_predicted,0.125,7,7,TCCGTTCAAGAGGTCCCTAA,0,4361561
yadI_predicted,0.125,7,7,TCCGTATCAGATAGGTTTGA,0,4288245
yadI_predicted,0.125,7,7,TCCGGATGAAGCAATCCAAG,0,4344624
yadI_predicted,0.125,7,7,TCCCGTTTAGCCGACGCGAG,0,4297697
yadI_predicted,0.125,7,7,TCCCGCGACGTGTCAAGAGG,0,4332580
yadI_predicted,0.125,7,7,TCCCGATTGACTTATTAGAC,0,4327904
yadI_predicted,0.125,7,7,TCCCGAGAAGAAGTTCGAAT,0,4361318
yadI_predicted,0.125,7,7,TCCCACCATCCACTTGTCAT,0,4287472
yadI_predicted,0.125,7,7,TCCATTGATGGGTAATAGAC,0,4327859
yadI_predicted,0.125,7,7,TCCATCCGTACTCTTCAAAT,0,4297465
yadI_predicted,0.125,7,7,TCATTCGCCCGATCATACGA,0,4289855
yadI_predicted,0.125,7,7,TCATTACGACCCGCAGGCGT,0,4321117
yadI_predicted,0.125,7,7,TCATGGCAAGTGAAACTCTA,0,4338601
yadI_predicted,0.125,7,7,TCATGGAGACGGACTCCCTT,0,4304782
yadI_predicted,0.125,7,7,TCATGCTGCGCCCAGTTATT,0,4331025
yadI_predicted,0.125,7,7,TCATAGTTTGGAAATCAGCT,0,4344107
yadI_predicted,0.125,7,7,TCAGTTGGCTAATCGGGAAA,0,4362992
yadI_predicted,0.125,7,7,TCAGGTGGTCATCATATGTT,0,4344988
yadI_predicted,0.125,7,7,TCAGGTAGGAGATCACCGAG,0,4332242
yadI_predicted,0.125,7,7,TCAGGGGTGGGACACTCCGC,0,4336632
yadI_predicted,0.125,7,7,TCAGGACTGCCCAACGGGTT,0,4369657
yadI_predicted,0.125,7,7,TCAGCGGGGAAGGCCTGGTA,0,4285168
yadI_predicted,0.125,7,7,TCACTTTGGCTAGTTCCCCA,0,4303382
yadI_predicted,0.125,7,7,TCACTGCAGGCCTCCGATCA,0,4369500
yadI_predicted,0.125,7,7,TCACTCAGCTCCGCTTGGTC,0,4349899
yadI_predicted,0.125,7,7,TCAATCAAATACTGGTCGGC,0,4336703
yadI_predicted,0.125,7,7,TCAAGGGCGAGGCAAGGGCT,0,4301603
yadI_predicted,0.125,7,7,TCAACACACTGGAGCAACTA,0,4290850
yadI_predicted,0.125,7,7,TATTTGTGATTTGAATTCCG,0,4332724
yadI_predicted,0.125,7,7,TATTTAACGAGTAGATCCGG,0,4343638
yadI_predicted,0.125,7,7,TATTTAAACATTCGTGGTGA,0,4296558
yadI_predicted,0.125,7,7,TATTCTGAGAACGGGACTGT,0,4351014
yadI_predicted,0.125,7,7,TATTATTAGCGCGTTCTACG,0,4284131
yadI_predicted,0.125,7,7,TATTAACGCACTTCATTTTT,0,4366421
yadI_predicted,0.125,7,7,TATGTTTATCTGCCACTGGT,0,4334326
yadI_predicted,0.125,7,7,TATGGTCGCGAACCAGCTTT,0,4345569
yadI_predicted,0.125,7,7,TATGGTAATGTATTAAGCAA,0,4318078
yadI_predicted,0.125,7,7,TATGGGGGTCAGTGCCTGGG,0,4336986
yadI_predicted,0.125,7,7,TATGATCGCCGTCCACACAT,0,4320477
yadI_predicted,0.125,7,7,TATGATAGTCGGCGCCAGAT,0,4288190
yadI_predicted,0.125,7,7,TATGAGCGTCCCTTTGGATT,0,4341533
yadI_predicted,0.125,7,7,TATGACGCGGCAAAGTGTTG,0,4346800
yadI_predicted,0.125,7,7,TATGAACTGGCAATGAATCA,0,4332250
yadI_predicted,0.125,7,7,TATCGGGGGGTAATAATACC,0,4298688
yadI_predicted,0.125,7,7,TATCCGGAAGAAGGAATACT,0,4363172
yadI_predicted,0.125,7,7,TATATTTACCTAGCAGGTAC,0,4303882
yadI_predicted,0.125,7,7,TATATTGTCAACCGGGGATC,0,4346423
yadI_predicted,0.125,7,7,TATAGTTGGGAACCGACAAG,0,4358611
yadI_predicted,0.125,7,7,TATACCACTGCTAACTTAAC,0,4338616
yadI_predicted,0.125,7,7,TAGTGGGGGTCCCGAGCACT,0,4353218
yadI_predicted,0.125,7,7,TAGGGTGGGTTCCTCCGTAG,0,4332598
yadI_predicted,0.125,7,7,TAGGCTACGCGGTGGTCGTC,0,4353804
yadI_predicted,0.125,7,7,TAGGCGGATTAGTCCTACTT,0,4301209
yadI_predicted,0.125,7,7,TAGGATGGACACAATGAGGT,0,4357840
yadI_predicted,0.125,7,7,TAGGAAATCCAGGACTCTCC,0,4295220
yadI_predicted,0.125,7,7,TAGCTTCCGAATATGGTCTG,0,4299141
yadI_predicted,0.125,7,7,TAGCGCACCACTCAACTGAT,0,4363561
yadI_predicted,0.125,7,7,TAGCCGAGAGGTAGATATAT,0,4300954
yadI_predicted,0.125,7,7,TAGCACGCTTAACCATTCTT,0,4310273
yadI_predicted,0.125,7,7,TAGAGGGCGGTACTTTATAC,0,4340004
yadI_predicted,0.125,7,7,TAGAGGATATTCCTCCTCCG,0,4352406
yadI_predicted,0.125,7,7,TAGAACTTTGGCCGGAAAAG,0,4290352
yadI_predicted,0.125,7,7,TAGAACGGGGTCAGATACAT,0,4288916
yadI_predicted,0.125,7,7,TACTTTAATCTGCTGGCACA,0,4350024
yadI_predicted,0.125,7,7,TACTTCCTTTCGTTGCAGGG,0,4329271
yadI_predicted,0.125,7,7,TACTTATATTAGTACTGAAT,0,4341364
yadI_predicted,0.125,7,7,TACTGTGGCAGCTACGGAGA,0,4347421
yadI_predicted,0.125,7,7,TACTGTCTTACCTCAATATC,0,4312342
yadI_predicted,0.125,7,7,TACTCTGCTTGACCGCACCG,0,4329174
yadI_predicted,0.125,7,7,TACTCTCATTGTTTTCTATG,0,4295228
yadI_predicted,0.125,7,7,TACTATATCAGAACAAATAT,0,4296996
yadI_predicted,0.125,7,7,TACGTTATGCGTTGGGCAAC,0,4301255
yadI_predicted,0.125,7,7,TACGTCTTTGACCATGATTT,0,4336802
yadI_predicted,0.125,7,7,TACGTCGGATGCATGACACG,0,4352407
yadI_predicted,0.125,7,7,TACGTCAAGCCCTAGCCGGG,0,4338426
yadI_predicted,0.125,7,7,TACGGTGTGCCGGTGCCGGC,0,4362966
yadI_predicted,0.125,7,7,TACGCCGAAATAAGTACGTC,0,4298301
yadI_predicted,0.125,7,7,TACGCAACATTTACCGAAAA,0,4338653
yadI_predicted,0.125,7,7,TACGAGAAGACAAACTAGGA,0,4346688
yadI_predicted,0.125,7,7,TACGACACACGCGCATGCCC,0,4354614
yadI_predicted,0.125,7,7,TACGAATGGACTAACTTCTA,0,4356544
yadI_predicted,0.125,7,7,TACCCGCAGTGGCGCACGTA,0,4292488
yadI_predicted,0.125,7,7,TACCCATTTGGTAGGACCCT,0,4325570
yadI_predicted,0.125,7,7,TACCAGTAAGCTGGGCTGAT,0,4291795
yadI_predicted,0.125,7,7,TACCAGGTTCGTCTTAGAGT,0,4336414
yadI_predicted,0.125,7,7,TACCAGCGGATAAGGCCAGC,0,4306036
yadI_predicted,0.125,7,7,TACCACATGGGCGGTTCGTA,0,4366744
yadI_predicted,0.125,7,7,TACATCGAAGCTGTGTAGCT,0,4341111
yadI_predicted,0.125,7,7,TACAGGGAACGTTCATGATG,0,4312692
yadI_predicted,0.125,7,7,TACACTCGCCGTAATGGGAA,0,4329863
yadI_predicted,0.125,7,7,TACACGGGACAGCGACAGAC,0,4341676
yadI_predicted,0.125,7,7,TACACCTATAGCAGAGCATG,0,4331295
yadI_predicted,0.125,7,7,TACAAGCTGTTCCCAGGTAC,0,4288812
yadI_predicted,0.125,7,7,TAATTTTGCCCGTGTTGAAA,0,4345798
yadI_predicted,0.125,7,7,TAATTAGCCATCAATACGGA,0,4315328
yadI_predicted,0.125,7,7,TAATTAACGTACGATCGTCA,0,4354502
yadI_predicted,0.125,7,7,TAATGACTGGATCGGCCCCC,0,4340164
yadI_predicted,0.125,7,7,TAATCGTTACGACTGACGTC,0,4325557
yadI_predicted,0.125,7,7,TAATCCCACTCTGCCGAGAT,0,4326599
yadI_predicted,0.125,7,7,TAATCAGGAGCGGTTCTATC,0,4321146
yadI_predicted,0.125,7,7,TAATAAGTACATTTATCGCT,0,4354943
yadI_predicted,0.125,7,7,TAAGTTTAACGGGATTGAAC,0,4307890
yadI_predicted,0.125,7,7,TAAGTCTTCTTTCGTGTATA,0,4322144
yadI_predicted,0.125,7,7,TAAGTACTCAATTCTTTTAA,0,4315416
yadI_predicted,0.125,7,7,TAAGGTGTGAATCGACCGAT,0,4340123
yadI_predicted,0.125,7,7,TAAGCAAACCGGGGACAACG,0,4337160
yadI_predicted,0.125,7,7,TAAGACGCCCGAACTATGAA,0,4293185
yadI_predicted,0.125,7,7,TAAGACAGCGGAGCTATCCA,0,4297604
yadI_predicted,0.125,7,7,TAACTTGATCTCTGAATCTT,0,4352314
yadI_predicted,0.125,7,7,TAACTCTGTGGGATTTGCAT,0,4320606
yadI_predicted,0.125,7,7,TAACATGTAGTATCAGCCGG,0,4316048
yadI_predicted,0.125,7,7,TAACATCCTGGGCGCGCTCT,0,4323057
yadI_predicted,0.125,7,7,TAACAGAGTTAAAAATAGAT,0,4338622
yadI_predicted,0.125,7,7,TAACACTGAAGGAGTTAATT,0,4320898
yadI_predicted,0.125,7,7,TAACACTACCGAGCTAGGCA,0,4345835
yadI_predicted,0.125,7,7,TAACACCAGACAGACGCAAT,0,4290114
yadI_predicted,0.125,7,7,TAAATTCTAGCGCAGCCGTG,0,4356053
yadI_predicted,0.125,7,7,TAAACGATTCTTATCATTGA,0,4360982
yadI_predicted,0.125,7,7,GTTTTAGCAGCCGCAAAAAC,0,4342680
yadI_predicted,0.125,7,7,GTTTGGGTATTAATTGGCGT,0,4289458
yadI_predicted,0.125,7,7,GTTTGCCAGAGGAATAAATT,0,4339115
yadI_predicted,0.125,7,7,GTTTAGACGCTTCAACTTTT,0,4286621
yadI_predicted,0.125,7,7,GTTTACCAGCGTCAATGAAA,0,4335221
yadI_predicted,0.125,7,7,GTTGGGGTAACAAAAATGCC,0,4364144
yadI_predicted,0.125,7,7,GTTGGGCATCCGATCTATGG,0,4305405
yadI_predicted,0.125,7,7,GTTGCTCTATGTCAGCTTTG,0,4305608
yadI_predicted,0.125,7,7,GTTGCATATTCTTCCTATCC,0,4290905
yadI_predicted,0.125,7,7,GTTGCAAATTGGCGTAAGTT,0,4322164
yadI_predicted,0.125,7,7,GTTGATTATGACACAAAGAT,0,4302952
yadI_predicted,0.125,7,7,GTTCTTTTTCCCGGAGTGCT,0,4296773
yadI_predicted,0.125,7,7,GTTCTCTAGCTTGCTGTAAA,0,4284667
yadI_predicted,0.125,7,7,GTTCGGGCAAAACCCATGTC,0,4365256
yadI_predicted,0.125,7,7,GTTCGGGAACAATGGCAGAC,0,4307568
yadI_predicted,0.125,7,7,GTTCGACTGATTATTTGTTG,0,4309099
yadI_predicted,0.125,7,7,GTTCCCGTTCGAGTTTTGGG,0,4300855
yadI_predicted,0.125,7,7,GTTCATGCTTCCAGTTTGTA,0,4308681
yadI_predicted,0.125,7,7,GTTCATCTCCTTTTTTAACG,0,4304574
yadI_predicted,0.125,7,7,GTTCAAGACAAAGATATTCA,0,4285372
yadI_predicted,0.125,7,7,GTTAGCTCGCGCAGCAACTC,0,4327101
yadI_predicted,0.125,7,7,GTTACCGCGTGTATTCGTCC,0,4319536
yadI_predicted,0.125,7,7,GTTACAAAACGCATGGTCGT,0,4342846
yadI_predicted,0.125,7,7,GTTAATCAGTTCGATCTGAC,0,4320277
yadI_predicted,0.125,7,7,GTGTGTCGGTAAGGAGTAAG,0,4291006
yadI_predicted,0.125,7,7,GTGTGGCACGAGGTTAACTG,0,4345857
yadI_predicted,0.125,7,7,GTGTGCAAGAACAGCATTCG,0,4366637
yadI_predicted,0.125,7,7,GTGTCGTAATGAAGCTGAGA,0,4301254
yadI_predicted,0.125,7,7,GTGTCATAATAACATAAGAA,0,4309606
yadI_predicted,0.125,7,7,GTGTACTTCAACTCGAGTAG,0,4360925
yadI_predicted,0.125,7,7,GTGTACGGATGTAATATTAG,0,4361692
yadI_predicted,0.125,7,7,GTGGTTGATGCACTATAAAA,0,4356244
yadI_predicted,0.125,7,7,GTGGTGCTTCTGTCTCGCAG,0,4294734
yadI_predicted,0.125,7,7,GTGGTCGATCTGCCCCTACC,0,4284707
yadI_predicted,0.125,7,7,GTGGGGGGAACGATATTGAT,0,4358410
yadI_predicted,0.125,7,7,GTGGGAGATGCTCGGGGTGT,0,4297378
yadI_predicted,0.125,7,7,GTGGCAGCGCCTTTTGTTTA,0,4303599
yadI_predicted,0.125,7,7,GTGGATTAAAGAGTGTCCGT,0,4308827
yadI_predicted,0.125,7,7,GTGGAGGCTGGCAATAACAT,0,4300865
yadI_predicted,0.125,7,7,GTGGAAGTTCAATGTGGAAA,0,4298965
yadI_predicted,0.125,7,7,GTGCTGTCAATGAACACAGA,0,4330778
yadI_predicted,0.125,7,7,GTGCTGATCTTCTGGTAGTT,0,4341009
yadI_predicted,0.125,7,7,GTGCTGAACCGATCCTCTGT,0,4324288
yadI_predicted,0.125,7,7,GTGCGCGACAATTTGCTTGA,0,4368814
yadI_predicted,0.125,7,7,GTGCCGCTTCAGCGGTGATC,0,4353413
yadI_predicted,0.125,7,7,GTGCCGATGTTAACGCGGAA,0,4357099
yadI_predicted,0.125,7,7,GTGCCGACTGCCACCAACCG,0,4334871
yadI_predicted,0.125,7,7,GTGCCATCAGTCGGGAGCTT,0,4323903
yadI_predicted,0.125,7,7,GTGCCATATACGTTATTAAG,0,4293453
yadI_predicted,0.125,7,7,GTGCCAACTCACGTTTCAGT,0,4349827
yadI_predicted,0.125,7,7,GTGCATAAGGCCTATCCCCC,0,4354930
yadI_predicted,0.125,7,7,GTGCACGGACACACTTCAGT,0,4349825
yadI_predicted,0.125,7,7,GTGCAAGTAAGCGACCGTAT,0,4296476
yadI_predicted,0.125,7,7,GTGATCTCGTTTGAATTGGG,0,4338205
yadI_predicted,0.125,7,7,GTGATCGGGTTGTGCACCTC,0,4320059
yadI_predicted,0.125,7,7,GTGATACCAAAAGTGAAATT,0,4368430
yadI_predicted,0.125,7,7,GTGACGTCCGGGAGGCAACT,0,4332510
yadI_predicted,0.125,7,7,GTGAATGGCTCCCGACTGAC,0,4348593
yadI_predicted,0.125,7,7,GTCTTTTGCAGAGTTAAAGC,0,4293612
yadI_predicted,0.125,7,7,GTCTTTCAATTGAACAAGGC,0,4297557
yadI_predicted,0.125,7,7,GTCTTGGTAAGCACTCCTTT,0,4310887
yadI_predicted,0.125,7,7,GTCTGAACTATCAAGTGAGA,0,4349691
yadI_predicted,0.125,7,7,GTCTCGGGAATGTCGCCAAC,0,4356292
yadI_predicted,0.125,7,7,GTCTCCATCGCCTGCGCGCA,0,4290115
yadI_predicted,0.125,7,7,GTCTATCGTTTTCACACGTT,0,4316523
yadI_predicted,0.125,7,7,GTCTACTAGGGTAATGGACG,0,4365065
yadI_predicted,0.125,7,7,GTCTACTACTGGTGGACGTG,0,4316760
yadI_predicted,0.125,7,7,GTCGTGCCAAGTTTAAGATG,0,4284715
yadI_predicted,0.125,7,7,GTCGTCCGAGTGTAGTCAAG,0,4297705
yadI_predicted,0.125,7,7,GTCGGTCAAGGCCAGGATCT,0,4326981
yadI_predicted,0.125,7,7,GTCGGGGATGAACCTGATGA,0,4316005
yadI_predicted,0.125,7,7,GTCGGATGATCAACAGCCAG,0,4348726
yadI_predicted,0.125,7,7,GTCGCGCGGGCGCTGGGAGT,0,4313159
yadI_predicted,0.125,7,7,GTCCGCGCCAATGGCTATGC,0,4325444
yadI_predicted,0.125,7,7,GTCCCACTGAGTTGCTAACT,0,4366520
yadI_predicted,0.125,7,7,GTCCCACACAAACTCAGTTC,0,4356873
yadI_predicted,0.125,7,7,GTCCAGATATAAGGGTGGTC,0,4294671
yadI_predicted,0.125,7,7,GTCCAGAAATGGAACTTTAC,0,4300869
yadI_predicted,0.125,7,7,GTCCAATGAGCATATTCAGC,0,4362976
yadI_predicted,0.125,7,7,GTCCAAAGTGTCTATACGAC,0,4342421
yadI_predicted,0.125,7,7,GTCAGGGACAAGGGCAGCTA,0,4325504
yadI_predicted,0.125,7,7,GTCAGATGGGTTCACCACAT,0,4352408
yadI_predicted,0.125,7,7,GTCAGAACACTTACCCCGGC,0,4315860
yadI_predicted,0.125,7,7,GTCACTCGCTCGTATCATCA,0,4338442
yadI_predicted,0.125,7,7,GTCACATGACAGTTTTTTCC,0,4297304
yadI_predicted,0.125,7,7,GTCAATCCATAACACTACTC,0,4342209
yadI_predicted,0.125,7,7,GTCAAGCCCACGCGGTAGGC,0,4345905
yadI_predicted,0.125,7,7,GTCAACCGTGGAACGACAAA,0,4313338
yadI_predicted,0.125,7,7,GTCAACATTAGTACAAAGGT,0,4302215
yadI_predicted,0.125,7,7,GTATTCTTTCCTGCTTGAAG,0,4310536
yadI_predicted,0.125,7,7,GTATTAGGAGCCTATTTTGG,0,4349073
yadI_predicted,0.125,7,7,GTATTAATCGGACATACGGC,0,4310197
yadI_predicted,0.125,7,7,GTATCCGGCTCTATCTAACT,0,4367484
yadI_predicted,0.125,7,7,GTATACATTAGACATAATAA,0,4348210
yadI_predicted,0.125,7,7,GTAGTTCTAATCTTTGCGCG,0,4369785
yadI_predicted,0.125,7,7,GTAGTTAATCGGCAAACGTA,0,4304558
yadI_predicted,0.125,7,7,GTAGTCGTCTCTCCCTAGAT,0,4300336
yadI_predicted,0.125,7,7,GTAGTAGCAAGCGTTCTTGG,0,4315877
yadI_predicted,0.125,7,7,GTAGGGCCAGTTGGACCGAA,0,4299423
yadI_predicted,0.125,7,7,GTAGCGTGCTTACGAGTTCA,0,4326657
yadI_predicted,0.125,7,7,GTAGCGGGAAGACACCTTAA,0,4326894
yadI_predicted,0.125,7,7,GTAGACGTGCCAGTGCAGAG,0,4365648
yadI_predicted,0.125,7,7,GTACTGTCACCGGCCCGACT,0,4366063
yadI_predicted,0.125,7,7,GTACTCTAATTGGCTCCATA,0,4356020
yadI_predicted,0.125,7,7,GTACTCATGTGACCTTCAAT,0,4339370
yadI_predicted,0.125,7,7,GTACGGTAATACAAAAGGCG,0,4357610
yadI_predicted,0.125,7,7,GTACCTACTGTTTGTGGCGC,0,4369717
yadI_predicted,0.125,7,7,GTACCCGCCGCAAGTGAGGT,0,4303125
yadI_predicted,0.125,7,7,GTACCCACAGGAGCCGATAA,0,4287790
yadI_predicted,0.125,7,7,GTAATACCAAGTTACGCTTT,0,4332827
yadI_predicted,0.125,7,7,GTAATAAAATACGCATAGAA,0,4315806
yadI_predicted,0.125,7,7,GTAACGCGCCGCGGGATCTG,0,4308134
yadI_predicted,0.125,7,7,GTAAATCCAGCTACCCTACA,0,4301909
yadI_predicted,0.125,7,7,GTAAATATTTGATGTAACCG,0,4288224
yadI_predicted,0.125,7,7,GTAAAGCTGTACAGACTATG,0,4287522
yadI_predicted,0.125,7,7,GGTTCTTATAAACATTTGGG,0,4368292
yadI_predicted,0.125,7,7,GGTTCGGATAGATCTTGGGT,0,4297727
yadI_predicted,0.125,7,7,GGTTCGACTTCGCGCGTCAC,0,4290229
yadI_predicted,0.125,7,7,GGTTCCGTTCATCGCCTTCC,0,4329076
yadI_predicted,0.125,7,7,GGTTACGCAATGTGCAACGG,0,4316171
yadI_predicted,0.125,7,7,GGTTACGATTAATCTCCAAT,0,4368244
yadI_predicted,0.125,7,7,GGTGTACGATGTCGCGAATC,0,4321076
yadI_predicted,0.125,7,7,GGTGATAGTAACCCGGGTAT,0,4322038
yadI_predicted,0.125,7,7,GGTGACCCTCCTCTGGAGTG,0,4358223
yadI_predicted,0.125,7,7,GGTCTTCAGCAGTCCCGGCG,0,4287330
yadI_predicted,0.125,7,7,GGTCTTATTGCAGCGTTTAC,0,4287707
yadI_predicted,0.125,7,7,GGTCTCCCGTCGAGGGCCGT,0,4311167
yadI_predicted,0.125,7,7,GGTCGGGAACTATACGACGA,0,4294925
yadI_predicted,0.125,7,7,GGTCGGAGGTCTATGCGGCA,0,4295516
yadI_predicted,0.125,7,7,GGTCCGCCAGGCGTTTCATT,0,4357128
yadI_predicted,0.125,7,7,GGTCAGTGTGGCCCCGCAGT,0,4305823
yadI_predicted,0.125,7,7,GGTCAACTTTTTTGCATACG,0,4348344
yadI_predicted,0.125,7,7,GGTATGGCTGCAAACAACTT,0,4331192
yadI_predicted,0.125,7,7,GGTATACGGTGCCAAGCGTG,0,4292098
yadI_predicted,0.125,7,7,GGTAGCAATCGGAAGTGTAC,0,4333133
yadI_predicted,0.125,7,7,GGTAGACGCAATACCTGCAG,0,4344640
yadI_predicted,0.125,7,7,GGTAAGGAGGCAAGCCACCA,0,4360451
yadI_predicted,0.125,7,7,GGTAAGGACAAATGGGTGCA,0,4291014
yadI_predicted,0.125,7,7,GGTAAATCATGGTTGCTGCT,0,4329121
yadI_predicted,0.125,7,7,GGGTTGCAAACTACACGAGG,0,4287136
yadI_predicted,0.125,7,7,GGGTCAGCTACGTCGGCACA,0,4320417
yadI_predicted,0.125,7,7,GGGTACGTATAAACAAAGGG,0,4337316
yadI_predicted,0.125,7,7,GGGTACGATCATGCGGACCC,0,4319773
yadI_predicted,0.125,7,7,GGGTACCAGAGCGGCTGCCG,0,4354633
yadI_predicted,0.125,7,7,GGGGTTCATGAGTTTTTGCT,0,4337459
yadI_predicted,0.125,7,7,GGGGTCGGACATGCCAATAA,0,4350697
yadI_predicted,0.125,7,7,GGGGGCATGGACGGTTCTCT,0,4299798
yadI_predicted,0.125,7,7,GGGCTCTGGGGGAAAAACTT,0,4337201
yadI_predicted,0.125,7,7,GGGCGGGTGCGGGACTCCCT,0,4317278
yadI_predicted,0.125,7,7,GGGCGGAATGATTCCAAGTC,0,4324186
yadI_predicted,0.125,7,7,GGGCAATCAGCGATCGGCCA,0,4290293
yadI_predicted,0.125,7,7,GGGATGGCATCCCCGGGGGT,0,4302301
yadI_predicted,0.125,7,7,GGGACTTAGCACCGTCCGTT,0,4294365
yadI_predicted,0.125,7,7,GGGACGGTAATTTTCTCCGG,0,4313837
yadI_predicted,0.125,7,7,GGGAATAACTTTTGCGGGGA,0,4332345
yadI_predicted,0.125,7,7,GGGAAGGCCCGTTCCCAATG,0,4365003
yadI_predicted,0.125,7,7,GGGAACAGAGAGGAGCGGTG,0,4303235
yadI_predicted,0.125,7,7,GGCTCTGGCGTTGTGTCGCG,0,4357048
yadI_predicted,0.125,7,7,GGCTCTGAATCTTCGCACTG,0,4354865
yadI_predicted,0.125,7,7,GGCTCGGTGTGCGATTTTTG,0,4299188
yadI_predicted,0.125,7,7,GGCTATCGGGGCAATTTCGA,0,4312272
yadI_predicted,0.125,7,7,GGCTAGGTCCCGTGGCGCAA,0,4305117
yadI_predicted,0.125,7,7,GGCTACGTTCCATGTGTGCC,0,4355279
yadI_predicted,0.125,7,7,GGCTACATCTAGTTGTGAGA,0,4336846
yadI_predicted,0.125,7,7,GGCGTCCAGAGACGCCAGAT,0,4330452
yadI_predicted,0.125,7,7,GGCGTATTCACTGGAATCGA,0,4318218
yadI_predicted,0.125,7,7,GGCGTACCTGGGTTCGTCCT,0,4359081
yadI_predicted,0.125,7,7,GGCGCTGCGGGATGAGAGGT,0,4361271
yadI_predicted,0.125,7,7,GGCGCCACTCACGGTGACCT,0,4345974
yadI_predicted,0.125,7,7,GGCGATGACCATAATGTTGA,0,4322204
yadI_predicted,0.125,7,7,GGCCGAGGAAGTTGTACGTA,0,4320370
yadI_predicted,0.125,7,7,GGCCCAAGCGGCTTGCCAGT,0,4301252
yadI_predicted,0.125,7,7,GGCCATTCGCGCTTGTCTTG,0,4313295
yadI_predicted,0.125,7,7,GGCCAGCCGTCTACCGGTCC,0,4358546
yadI_predicted,0.125,7,7,GGCCAATATTGCAAATCTGT,0,4317819
yadI_predicted,0.125,7,7,GGCATAGGGCCTGCTTGAAA,0,4296954
yadI_predicted,0.125,7,7,GGCAAAGAGCGAACGCCGTC,0,4339583
yadI_predicted,0.125,7,7,GGATTGTGTCGCGGGATACG,0,4297941
yadI_predicted,0.125,7,7,GGATTATAGTAGTTGTAAAT,0,4301946
yadI_predicted,0.125,7,7,GGATTAGTACGAAGGCTTAA,0,4359644
yadI_predicted,0.125,7,7,GGATGGGTGCGCCAGGATAC,0,4317652
yadI_predicted,0.125,7,7,GGATCTTCATTGAGCGAAGG,0,4312875
yadI_predicted,0.125,7,7,GGATCGTCTTTCTTAATCCT,0,4363457
yadI_predicted,0.125,7,7,GGATCCGACCTGCTATATAC,0,4349783
yadI_predicted,0.125,7,7,GGATCCCAAATGCTGTCTAT,0,4347657
yadI_predicted,0.125,7,7,GGAGGTTTCAAAGCAACAGG,0,4343424
yadI_predicted,0.125,7,7,GGAGGCTCTATACGTAACGA,0,4293707
yadI_predicted,0.125,7,7,GGAGGAGCACGGTTGGCCGG,0,4319930
yadI_predicted,0.125,7,7,GGAGCTTTATCCTTTAGGGG,0,4367555
yadI_predicted,0.125,7,7,GGAGAGAATGTTGTCCTTGC,0,4345806
yadI_predicted,0.125,7,7,GGACTTTTAGTGCATTATTT,0,4328934
yadI_predicted,0.125,7,7,GGACGAGCATGTAGACTGTG,0,4293488
yadI_predicted,0.125,7,7,GGACCGATCTACGTTGGCAA,0,4287474
yadI_predicted,0.125,7,7,GGACCGAGATGGCAACTTTA,0,4332095
yadI_predicted,0.125,7,7,GGACCCTATTTTTCCGATCA,0,4308678
yadI_predicted,0.125,7,7,GGACATGCACTCTATACGCT,0,4365447
yadI_predicted,0.125,7,7,GGAATGTAGTACTGTACATT,0,4298624
yadI_predicted,0.125,7,7,GGAATGCATTACCCTATGTC,0,4293132
yadI_predicted,0.125,7,7,GGAAGGATTAGGAACTCGCA,0,4312584
yadI_predicted,0.125,7,7,GGAACAGTTCAGCCCATTAT,0,4357656
yadI_predicted,0.125,7,7,GCTTTCTACTAAATCGATGT,0,4304723
yadI_predicted,0.125,7,7,GCTTGCGAAGAATTACGACG,0,4287149
yadI_predicted,0.125,7,7,GCTTCGCGGGCTCGGTCCAT,0,4317575
yadI_predicted,0.125,7,7,GCTTAGGCATGTGTCTTCAA,0,4348083
yadI_predicted,0.125,7,7,GCTTAAGTATACCTCAGTCA,0,4361528
yadI_predicted,0.125,7,7,GCTGTGACCCGTTTTTCACG,0,4286841
yadI_predicted,0.125,7,7,GCTGTACAGAGCACTCACTT,0,4334576
yadI_predicted,0.125,7,7,GCTCTTGGAGGTCGTGAAGC,0,4285196
yadI_predicted,0.125,7,7,GCTCTGGAGTCAACTAGGCG,0,4329340
yadI_predicted,0.125,7,7,GCTCTGGACAGGAGGAGCTA,0,4300934
yadI_predicted,0.125,7,7,GCTCCGTGCTAGACCGACGT,0,4284823
yadI_predicted,0.125,7,7,GCTCCGTCGTGGAAGAGCCC,0,4321030
yadI_predicted,0.125,7,7,GCTCCCAACGCGCCATACGG,0,4351446
yadI_predicted,0.125,7,7,GCTCATAAATGGGTTTAAGA,0,4313986
yadI_predicted,0.125,7,7,GCTCAATAAATCCCTAGAGT,0,4317493
yadI_predicted,0.125,7,7,GCTCAAGTTAAGGTATTTCC,0,4353690
yadI_predicted,0.125,7,7,GCTATTGCGTAGGTTACCTG,0,4304348
yadI_predicted,0.125,7,7,GCTAGTTTAAGAATGGGGAA,0,4345640
yadI_predicted,0.125,7,7,GCTAGCCTTCTGGATACCCG,0,4295819
yadI_predicted,0.125,7,7,GCTACACGAATATTCCCTGC,0,4329620
yadI_predicted,0.125,7,7,GCTAAACGTCCACGGATTAT,0,4332608
yadI_predicted,0.125,7,7,GCGTTTTAGGGGCATACACA,0,4314107
yadI_predicted,0.125,7,7,GCGTTCGAACAATATAGGTG,0,4352125
yadI_predicted,0.125,7,7,GCGTTAGTTAGTCGTTCAAC,0,4332142
yadI_predicted,0.125,7,7,GCGTCTTAAGATCGTCCGCA,0,4334330
yadI_predicted,0.125,7,7,GCGGTTTCACCTGCACGATC,0,4347793
yadI_predicted,0.125,7,7,GCGGTCTACAGGGTCTCAAG,0,4293988
yadI_predicted,0.125,7,7,GCGGGTATGCTTGGAACAAA,0,4367030
yadI_predicted,0.125,7,7,GCGGGGCTCCCGTAGGCACT,0,4313264
yadI_predicted,0.125,7,7,GCGGCATCACGGTACAGATG,0,4322278
yadI_predicted,0.125,7,7,GCGGCAGTAAGTACACCCAT,0,4302616
yadI_predicted,0.125,7,7,GCGGCAAAAAGCTGAATAGT,0,4290402
yadI_predicted,0.125,7,7,GCGCGCGGGTGCTCTTAGAA,0,4307406
yadI_predicted,0.125,7,7,GCGCGCATCGGCAGTACCTG,0,4316732
yadI_predicted,0.125,7,7,GCGCCTTTTGGATTTTAGCT,0,4340232
yadI_predicted,0.125,7,7,GCGCCTGCTGAGGGTGGGAT,0,4358733
yadI_predicted,0.125,7,7,GCGCCCCGTTGGAAGGCCAG,0,4342917
yadI_predicted,0.125,7,7,GCGCCATGGCAGTCGCGCGC,0,4312110
yadI_predicted,0.125,7,7,GCGCACGTTCGTATCCTTGG,0,4333866
yadI_predicted,0.125,7,7,GCGCACGGTACATAGCTATG,0,4323117
yadI_predicted,0.125,7,7,GCGCAAGTCGGTGTTTGATC,0,4366370
yadI_predicted,0.125,7,7,GCGATTTCCCCGCGTGGGGT,0,4362401
yadI_predicted,0.125,7,7,GCGATTGGAAGATCGGTATC,0,4331634
yadI_predicted,0.125,7,7,GCGATCGCGACCGGTTTTGA,0,4291577
yadI_predicted,0.125,7,7,GCGACAATAGTTAGTCCAGT,0,4285255
yadI_predicted,0.125,7,7,GCCTTATTGCTCGGCAGTGC,0,4297583
yadI_predicted,0.125,7,7,GCCTTAAGCATCCAATGGTT,0,4355059
yadI_predicted,0.125,7,7,GCCTGGAAATCGACGCGGTT,0,4359286
yadI_predicted,0.125,7,7,GCCTCGCTTGATCTTCTAGG,0,4305254
yadI_predicted,0.125,7,7,GCCTATATGATAAGGAGACC,0,4350252
yadI_predicted,0.125,7,7,GCCTAGCGCTGATCCACCCT,0,4313457
yadI_predicted,0.125,7,7,GCCTAGAGTCGTATTCCAAA,0,4344764
yadI_predicted,0.125,7,7,GCCGTGGCCCTCGAGAAGCT,0,4355646
yadI_predicted,0.125,7,7,GCCGTATAGAGAGCCCAGTG,0,4302894
yadI_predicted,0.125,7,7,GCCGGGCAAAGAGATCTTTC,0,4342682
yadI_predicted,0.125,7,7,GCCGGAGAGCAGGGACAGCA,0,4367847
yadI_predicted,0.125,7,7,GCCGGACCAGTGTGTAACCC,0,4307997
yadI_predicted,0.125,7,7,GCCGCTGCATGTTGCAAACA,0,4299968
yadI_predicted,0.125,7,7,GCCGCTCGCTCACCTGACAC,0,4329520
yadI_predicted,0.125,7,7,GCCGCGAGAGCGTAGTATCA,0,4319558
yadI_predicted,0.125,7,7,GCCGCCCCTGACATATCGTA,0,4317385
yadI_predicted,0.125,7,7,GCCGATGGTCAGATCGTCTG,0,4290292
yadI_predicted,0.125,7,7,GCCGAGATAACGACTTGTGA,0,4345244
yadI_predicted,0.125,7,7,GCCGAGAAGGTCCGGTATTG,0,4288809
yadI_predicted,0.125,7,7,GCCGACACGTCAGCACAGTC,0,4362804
yadI_predicted,0.125,7,7,GCCCTTATCAGGGGGTTTAT,0,4349694
yadI_predicted,0.125,7,7,GCCCTAAGCCCCTCTAAGGA,0,4362885
yadI_predicted,0.125,7,7,GCCCGCGGTCGCGTCATTCA,0,4321464
yadI_predicted,0.125,7,7,GCCCCGGGCTTAGTACGGAG,0,4290159
yadI_predicted,0.125,7,7,GCCCAAGCTGTTTCACTCAG,0,4332888
yadI_predicted,0.125,7,7,GCCAGCTACATTTATTCCTG,0,4327235
yadI_predicted,0.125,7,7,GCCACTCGTTTCATGGGTTG,0,4365078
yadI_predicted,0.125,7,7,GCCACGGGAGTGCGACACCT,0,4357027
yadI_predicted,0.125,7,7,GCCAATACGGTCTCACTCTT,0,4345436
yadI_predicted,0.125,7,7,GCCAAGGTGTACAGCCCCCA,0,4337304
yadI_predicted,0.125,7,7,GCCAACTGGGCGCTCAAGAG,0,4331893
yadI_predicted,0.125,7,7,GCATTGCTCGCGGTCTCATG,0,4358989
yadI_predicted,0.125,7,7,GCATTATCCAAGCGGCACTA,0,4355112
yadI_predicted,0.125,7,7,GCATCGTCGCGTCGGCCCGT,0,4295582
yadI_predicted,0.125,7,7,GCATCCATGCGATGTAGTAA,0,4285203
yadI_predicted,0.125,7,7,GCATATCAGGCCCATATGCA,0,4294615
yadI_predicted,0.125,7,7,GCAGTCCCCGCAGAATACAC,0,4286876
yadI_predicted,0.125,7,7,GCAGGGTGTCGGGGCTACGT,0,4313288
yadI_predicted,0.125,7,7,GCAGGGTCCTGCAAGCAACC,0,4308897
yadI_predicted,0.125,7,7,GCAGCGTGTCTTACTAGAAA,0,4328968
yadI_predicted,0.125,7,7,GCACTTACGCGATGTCTTGT,0,4343501
yadI_predicted,0.125,7,7,GCACTGCAACGAGTTCAACC,0,4301870
yadI_predicted,0.125,7,7,GCACGTTATTTTTGGATCCG,0,4295975
yadI_predicted,0.125,7,7,GCACGATGTATTCGTCCGCA,0,4293251
yadI_predicted,0.125,7,7,GCACCTTGGTACATACCACA,0,4311609
yadI_predicted,0.125,7,7,GCACCCTCTAGGCGAGGGTC,0,4310981
yadI_predicted,0.125,7,7,GCAATTAGCGACCCCAATTT,0,4331676
yadI_predicted,0.125,7,7,GCAATCCCTTATCCCTCTCA,0,4322719
yadI_predicted,0.125,7,7,GCAAGTCGCACCTTCTGGCT,0,4292163
yadI_predicted,0.125,7,7,GCAACTCTGGCATTACTTCG,0,4286804
yadI_predicted,0.125,7,7,GCAACAACAACCTAGTGGGG,0,4285186
yadI_predicted,0.125,7,7,GCAAAGATGCGGCTTGAGAG,0,4357118
yadI_predicted,0.125,7,7,GCAAAAACACTGGATGTGTG,0,4315984
yadI_predicted,0.125,7,7,GATTTAAAAATATATCGTGC,0,4295952
yadI_predicted,0.125,7,7,GATTGCTTCGCGTTGTGTCG,0,4331269
yadI_predicted,0.125,7,7,GATTGCCTGCTCTCATCGCA,0,4361697
yadI_predicted,0.125,7,7,GATTGATCGTCCTGTACTTG,0,4331681
yadI_predicted,0.125,7,7,GATTGAGGTCTAGTCTAGAA,0,4358453
yadI_predicted,0.125,7,7,GATTCTGCAATGGTAAATGT,0,4354042
yadI_predicted,0.125,7,7,GATTCGGGTGGTGTTCTTAT,0,4321675
yadI_predicted,0.125,7,7,GATTAGTATTTGTCTCTCTT,0,4291228
yadI_predicted,0.125,7,7,GATTAGTAGTCCCCTCAATT,0,4298107
yadI_predicted,0.125,7,7,GATTACGCCTTGGCAGGTCT,0,4363955
yadI_predicted,0.125,7,7,GATGTGCGTCCGAAGGGGAG,0,4329122
yadI_predicted,0.125,7,7,GATGCGAAGAATAGATATGG,0,4310897
yadI_predicted,0.125,7,7,GATGAGGGAAGATCGCTAAC,0,4290660
yadI_predicted,0.125,7,7,GATGACTACCTATTGGTTAT,0,4329533
yadI_predicted,0.125,7,7,GATCGCTGTACCCTACAAAG,0,4347837
yadI_predicted,0.125,7,7,GATCGATGTTTTTAACCCTT,0,4361516
yadI_predicted,0.125,7,7,GATCGAAACAAAAGAGAAAA,0,4358194
yadI_predicted,0.125,7,7,GATCCCCTGGCGAGGCAGGG,0,4320928
yadI_predicted,0.125,7,7,GATCCACGCGAATTCTTTAC,0,4303178
yadI_predicted,0.125,7,7,GATATCGTGCTTAACGAACT,0,4332786
yadI_predicted,0.125,7,7,GATATCGCTGGGACCACGTC,0,4308308
yadI_predicted,0.125,7,7,GATAGACTGGCAAGAGACTG,0,4312044
yadI_predicted,0.125,7,7,GATAGACGCGCTTACGTAAT,0,4301822
yadI_predicted,0.125,7,7,GATACTAAGCCGCTGTCATA,0,4284529
yadI_predicted,0.125,7,7,GATACCTAAGTAAAAACGGA,0,4299244
yadI_predicted,0.125,7,7,GATACAGGTCTACCGCGGTC,0,4329201
yadI_predicted,0.125,7,7,GATAAGGCAAGATCCCCCCG,0,4336161
yadI_predicted,0.125,7,7,GAGTTTCGAATGGTTGGCGA,0,4339756
yadI_predicted,0.125,7,7,GAGTTCCCTTAACATACTCC,0,4331480
yadI_predicted,0.125,7,7,GAGTTAGGGAGTAATCGAGG,0,4315460
yadI_predicted,0.125,7,7,GAGTGCTAGTTGCACCAGTT,0,4341203
yadI_predicted,0.125,7,7,GAGTCGGGCGTCTCACACGG,0,4327236
yadI_predicted,0.125,7,7,GAGTACGACCGCCTTTATAT,0,4368720
yadI_predicted,0.125,7,7,GAGTAACTCTTGTCCGCGTC,0,4358049
yadI_predicted,0.125,7,7,GAGGTCACTCTATGTCCGTC,0,4294685
yadI_predicted,0.125,7,7,GAGGGTAGAGCGGCTCGCTC,0,4296519
yadI_predicted,0.125,7,7,GAGGGGCATTCAGCGCCCGT,0,4304856
yadI_predicted,0.125,7,7,GAGGGCGTAACGCCCAACAT,0,4357417
yadI_predicted,0.125,7,7,GAGGAGTTGACCTCACGCTA,0,4286350
yadI_predicted,0.125,7,7,GAGCGTACACAAATCCGTCG,0,4307450
yadI_predicted,0.125,7,7,GAGCGCTTATAGGTGCGGAA,0,4319934
yadI_predicted,0.125,7,7,GAGCAGGCGCGAGAACGTAC,0,4296236
yadI_predicted,0.125,7,7,GAGCAAGATGCTCAGAAGTT,0,4324011
yadI_predicted,0.125,7,7,GAGATTATATTGGTAATATG,0,4358354
yadI_predicted,0.125,7,7,GAGATAAACGTCGACTGGTC,0,4324316
yadI_predicted,0.125,7,7,GAGAGGCCGGGAGCTACTAC,0,4309871
yadI_predicted,0.125,7,7,GAGACAGTGATGTACATTGA,0,4313912
yadI_predicted,0.125,7,7,GAGAAGGTATACTACGCAGC,0,4341193
yadI_predicted,0.125,7,7,GACTTCCACGTACACGGCCT,0,4334829
yadI_predicted,0.125,7,7,GACTGGACAACACCGCACTA,0,4315358
yadI_predicted,0.125,7,7,GACTGCTTTTACACTACAAT,0,4357841
yadI_predicted,0.125,7,7,GACTCATGTAAGAGGTCCTT,0,4291801
yadI_predicted,0.125,7,7,GACTAGAACTCCCGACGTAA,0,4314258
yadI_predicted,0.125,7,7,GACGTTATGAGCTATATGGT,0,4356228
yadI_predicted,0.125,7,7,GACGCGGCATCTTTCGGCAT,0,4355670
yadI_predicted,0.125,7,7,GACCGGGCTGATTGGTAGAA,0,4322716
yadI_predicted,0.125,7,7,GACCGCCAACGGGGCACGGT,0,4300639
yadI_predicted,0.125,7,7,GACCAGGGAAGGTGATTCTC,0,4357182
yadI_predicted,0.125,7,7,GACCAGGATACAGCGGCGAT,0,4333594
yadI_predicted,0.125,7,7,GACCAGCGATCTTAACAATT,0,4336606
yadI_predicted,0.125,7,7,GACCAAGGTTACAACTTGCA,0,4349106
yadI_predicted,0.125,7,7,GACATGTTTCTCTTGAGTCA,0,4367632
yadI_predicted,0.125,7,7,GACATGTTCTCCACGGCGGC,0,4361441
yadI_predicted,0.125,7,7,GACATGAGCTACAACATAGA,0,4288326
yadI_predicted,0.125,7,7,GACATCATCGAACGTACACA,0,4291100
yadI_predicted,0.125,7,7,GACAGGTACGTAAAGGACAA,0,4309955
yadI_predicted,0.125,7,7,GACACTCGGGAAAGCAAGCA,0,4301783
yadI_predicted,0.125,7,7,GACACGCATGAACTACCAAG,0,4324091
yadI_predicted,0.125,7,7,GACACGCACGGGCTTTCTCG,0,4356784
yadI_predicted,0.125,7,7,GACACCTATTTCGGCTGTAC,0,4349995
yadI_predicted,0.125,7,7,GAATTAACTTATTGCTCCCC,0,4331678
yadI_predicted,0.125,7,7,GAAGTTTGAGGCCGGCTTAA,0,4315419
yadI_predicted,0.125,7,7,GAAGTTAGAGTGGAGTAGCA,0,4321143
yadI_predicted,0.125,7,7,GAAGGTGCCCGTGGGTAAGA,0,4359141
yadI_predicted,0.125,7,7,GAAGGTAATGTGGCATAAGC,0,4359955
yadI_predicted,0.125,7,7,GAAGGGGCGGAAATCATAGA,0,4353013
yadI_predicted,0.125,7,7,GAAGGCTCGAGAGCACTTCA,0,4294013
yadI_predicted,0.125,7,7,GAAGGCACCAGTTGTTGTTG,0,4302780
yadI_predicted,0.125,7,7,GAAGCAACATGGCGGATAAG,0,4361421
yadI_predicted,0.125,7,7,GAAGAGACAGCATAACTGTA,0,4314672
yadI_predicted,0.125,7,7,GAAGACTCTGGGGCAGATTT,0,4297401
yadI_predicted,0.125,7,7,GAACTCTTGGCACTCTATGG,0,4321620
yadI_predicted,0.125,7,7,GAACGTTTAGACCAAAACAA,0,4355303
yadI_predicted,0.125,7,7,GAACGCAATTTACCGTTCAT,0,4289229
yadI_predicted,0.125,7,7,GAACCTTCTCGGAAAATTTG,0,4316439
yadI_predicted,0.125,7,7,GAACCTTACCTCAGGTGCCT,0,4301046
yadI_predicted,0.125,7,7,GAACCGGTGATGGCTCATCG,0,4350167
yadI_predicted,0.125,7,7,GAACAGGCCCTGTGTGGTAC,0,4294567
yadI_predicted,0.125,7,7,GAACACGCTCTTGGTTCCAC,0,4341360
yadI_predicted,0.125,7,7,GAACACATGTCGATGATTTA,0,4353970
yadI_predicted,0.125,7,7,GAAATTCTCCGCACAGATAA,0,4339592
yadI_predicted,0.125,7,7,GAAAGTGAAGTAACCCGCCC,0,4354289
yadI_predicted,0.125,7,7,GAAAGCCAACGAGTTGCCAG,0,4305513
yadI_predicted,0.125,7,7,GAAAACTAAGATTAAAACTA,0,4358852
yadI_predicted,0.125,7,7,CTTTTTTCGTCTGTCACGTA,0,4314850
yadI_predicted,0.125,7,7,CTTTGTGCCACATACTGGGG,0,4321024
yadI_predicted,0.125,7,7,CTTTCTCGCTCGGCAACCCT,0,4356644
yadI_predicted,0.125,7,7,CTTTACCCTAGGGCATCAGG,0,4337687
yadI_predicted,0.125,7,7,CTTGTGCTGACTACCAGCGC,0,4364116
yadI_predicted,0.125,7,7,CTTGGTGGTAGTATCCTGCA,0,4321577
yadI_predicted,0.125,7,7,CTTGCTGAGGCCGATACATT,0,4325212
yadI_predicted,0.125,7,7,CTTGCCGCCTACGCACTTGG,0,4300253
yadI_predicted,0.125,7,7,CTTGAGGGCTCCGCACTCTA,0,4362965
yadI_predicted,0.125,7,7,CTTGACGTATTGCAATAGCT,0,4348433
yadI_predicted,0.125,7,7,CTTCTCCAATGTAATGTCCA,0,4332066
yadI_predicted,0.125,7,7,CTTCCGTTTTGAGCCGGTCG,0,4292551
yadI_predicted,0.125,7,7,CTTCCGCGGATCGCAATAAA,0,4323618
yadI_predicted,0.125,7,7,CTTCAAGCAGTACTCGCGTA,0,4369345
yadI_predicted,0.125,7,7,CTTATTGGACAAAACCACAG,0,4327977
yadI_predicted,0.125,7,7,CTTAGCACACACGATGGTTA,0,4334620
yadI_predicted,0.125,7,7,CTTACAGTCCTACATATATG,0,4316917
yadI_predicted,0.125,7,7,CTTAAAGCACAGGTATCCCA,0,4292787
yadI_predicted,0.125,7,7,CTGTGCTGGTTCCGGCACGT,0,4314883
yadI_predicted,0.125,7,7,CTGTGAGGCTCTCCTTCGAC,0,4364796
yadI_predicted,0.125,7,7,CTGTGACAGATATGGCGGAT,0,4293471
yadI_predicted,0.125,7,7,CTGTGAATTGTAATGATGTT,0,4290790
yadI_predicted,0.125,7,7,CTGTCCGGGAACATAGATTT,0,4303979
yadI_predicted,0.125,7,7,CTGTAGGGACGTCGATGCTC,0,4335697
yadI_predicted,0.125,7,7,CTGTACTCATGAACGACACA,0,4319616
yadI_predicted,0.125,7,7,CTGGTTGGAGCATCATCGTT,0,4291815
yadI_predicted,0.125,7,7,CTGGTGCCTAGCCACTCGCA,0,4355019
yadI_predicted,0.125,7,7,CTGGTCTATATTTCTCGGAC,0,4361136
yadI_predicted,0.125,7,7,CTGGTCCAATTTTCACTGTA,0,4354978
yadI_predicted,0.125,7,7,CTGGTCATGAAAGGTTTCGC,0,4367836
yadI_predicted,0.125,7,7,CTGGGTCCTGATAACCCGCG,0,4298872
yadI_predicted,0.125,7,7,CTGGGGGTGCAACGCTAAAC,0,4287535
yadI_predicted,0.125,7,7,CTGGGAGCTAATTGGCGTAA,0,4317847
yadI_predicted,0.125,7,7,CTGGCTGACCCCTGTGAGGA,0,4358460
yadI_predicted,0.125,7,7,CTGGCGATACGGCCGTCCAC,0,4296631
yadI_predicted,0.125,7,7,CTGGAGAGGGTCTAATTCTG,0,4365483
yadI_predicted,0.125,7,7,CTGCTTACCGGGCTCCGCGC,0,4354738
yadI_predicted,0.125,7,7,CTGCGTAGGGGCTTTATCTC,0,4356609
yadI_predicted,0.125,7,7,CTGCCGGGGCATGGAGTTGC,0,4325750
yadI_predicted,0.125,7,7,CTGCCCCGGCAACTCAATCA,0,4286239
yadI_predicted,0.125,7,7,CTGCACCACCCTCTGATCCT,0,4354917
yadI_predicted,0.125,7,7,CTGCACAGTGTGATGTCTAA,0,4285013
yadI_predicted,0.125,7,7,CTGATCTGCTATTCATCGAC,0,4332894
yadI_predicted,0.125,7,7,CTGATAGGATCCTGGAGATC,0,4295017
yadI_predicted,0.125,7,7,CTGATACCCATATCGTATCC,0,4290471
yadI_predicted,0.125,7,7,CTGAGGGAAAATTGGACTGT,0,4334961
yadI_predicted,0.125,7,7,CTGAGGACCAGCGGACGTAT,0,4319094
yadI_predicted,0.125,7,7,CTGAGCGGTTAACAGGCGTT,0,4329336
yadI_predicted,0.125,7,7,CTGACCACGACTCCGTTAGT,0,4360640
yadI_predicted,0.125,7,7,CTGACCAATTCACTATTCCA,0,4322269
yadI_predicted,0.125,7,7,CTGAAGTGTCGGGCAAAATT,0,4365525
yadI_predicted,0.125,7,7,CTGAAATCGGACTATCCCCT,0,4289524
yadI_predicted,0.125,7,7,CTCTTGTTGGCATTCAGACA,0,4332610
yadI_predicted,0.125,7,7,CTCTTATTGCAATATTTTAC,0,4319526
yadI_predicted,0.125,7,7,CTCTGGACAAGAATTCCTAT,0,4329457
yadI_predicted,0.125,7,7,CTCTCCGGGCAGACCATGGA,0,4315026
yadI_predicted,0.125,7,7,CTCTATGCCTCTTCCCGGGA,0,4324675
yadI_predicted,0.125,7,7,CTCTACAGACTGCCACAACT,0,4289044
yadI_predicted,0.125,7,7,CTCGACGTGGCTCAAGTGGC,0,4369248
yadI_predicted,0.125,7,7,CTCCTAAACCGCCCTACCAT,0,4298327
yadI_predicted,0.125,7,7,CTCCGCTTCAATCGGACACT,0,4351075
yadI_predicted,0.125,7,7,CTCCGACCGCTGTGGTTCAA,0,4363380
yadI_predicted,0.125,7,7,CTCCAGACCATCCGTATGAA,0,4302403
yadI_predicted,0.125,7,7,CTCCAAATGCCGCGTGAGAA,0,4341718
yadI_predicted,0.125,7,7,CTCATGAAGGCTCGTACAGT,0,4363904
yadI_predicted,0.125,7,7,CTCATCATATTTGGTTCGGG,0,4366127
yadI_predicted,0.125,7,7,CTCAGTTTGGACCAGTTCTG,0,4317476
yadI_predicted,0.125,7,7,CTCACTTGCTGCATGCAGTT,0,4322862
yadI_predicted,0.125,7,7,CTCACGGCATGGGCGTGAAC,0,4333372
yadI_predicted,0.125,7,7,CTCAAGCAAGACGAAAGCAT,0,4346671
yadI_predicted,0.125,7,7,CTCAACGGACTAGAATGGAA,0,4337837
yadI_predicted,0.125,7,7,CTATTCGTATTGACTCATTT,0,4344479
yadI_predicted,0.125,7,7,CTATGTGTGAGGTTCGCAGG,0,4330612
yadI_predicted,0.125,7,7,CTATGTACTAATCTGAGCTC,0,4297359
yadI_predicted,0.125,7,7,CTATGGGGTTCCCGCCGTAC,0,4321871
yadI_predicted,0.125,7,7,CTATGGCCAAATACCTACGT,0,4344674
yadI_predicted,0.125,7,7,CTATCTTAAAGAGATTAGGC,0,4312591
yadI_predicted,0.125,7,7,CTATCGTGCGCAGTTTCAAC,0,4326985
yadI_predicted,0.125,7,7,CTATCAACACCGTTTGTGAG,0,4287255
yadI_predicted,0.125,7,7,CTATACCTGCGTTAAGAGAC,0,4299179
yadI_predicted,0.125,7,7,CTATAAAAGCCCTGGCAAAT,0,4316307
yadI_predicted,0.125,7,7,CTAGTTCCGTGGCTTTAGCT,0,4352039
yadI_predicted,0.125,7,7,CTAGCGGCAGATTCTATCTG,0,4365706
yadI_predicted,0.125,7,7,CTAGATGGAGAGCTGAGCGC,0,4333142
yadI_predicted,0.125,7,7,CTAGATACAGGGGATATCTG,0,4314217
yadI_predicted,0.125,7,7,CTACTGTTAGCTGGGCGGCA,0,4309517
yadI_predicted,0.125,7,7,CTACTGGCATCTTCGCTGCA,0,4290804
yadI_predicted,0.125,7,7,CTACGTGAAGAAAGAAGGCT,0,4366007
yadI_predicted,0.125,7,7,CTACAGATAGGCACAGTTTT,0,4318542
yadI_predicted,0.125,7,7,CTAATCTGGAGCGGTGGGCA,0,4330703
yadI_predicted,0.125,7,7,CTAATATCGAGCCGTCATCA,0,4292121
yadI_predicted,0.125,7,7,CTAAGTTCTGAGCGCGCAGA,0,4286544
yadI_predicted,0.125,7,7,CTAAGGCTAGCCTAACTCGT,0,4332145
yadI_predicted,0.125,7,7,CTAAAGTTTCTAGATGTCCT,0,4307019
yadI_predicted,0.125,7,7,CTAAAGACAAAAGACAGTAA,0,4289045
yadI_predicted,0.125,7,7,CTAAACTCAGGGACTTGTAC,0,4318918
yadI_predicted,0.125,7,7,CTAAAATTCAGGGACCACTC,0,4310480
yadI_predicted,0.125,7,7,CGTTTCACTGTCGGCCCTCT,0,4329977
yadI_predicted,0.125,7,7,CGTTGGCTGACACTATTTCT,0,4342728
yadI_predicted,0.125,7,7,CGTTGCACAAGAATAATTGC,0,4326770
yadI_predicted,0.125,7,7,CGTTCTCTAACGTCCTTTGG,0,4331380
yadI_predicted,0.125,7,7,CGTTCCTTCAGTGGCAGACT,0,4336325
yadI_predicted,0.125,7,7,CGTTCCATACTTGTCACGAA,0,4313029
yadI_predicted,0.125,7,7,CGTTCCAAGGACATGCGAAA,0,4346790
yadI_predicted,0.125,7,7,CGTTAGTATATCTCGCATGT,0,4307545
yadI_predicted,0.125,7,7,CGTTAGGAGGTTCTCGGCAA,0,4312002
yadI_predicted,0.125,7,7,CGTGTGTGCCCGCGCTGAGG,0,4319132
yadI_predicted,0.125,7,7,CGTGTGTCTGAGCTTTAACG,0,4318706
yadI_predicted,0.125,7,7,CGTGTCTTGATAACCACACT,0,4322688
yadI_predicted,0.125,7,7,CGTGGTCACAATTTGGCTCC,0,4321806
yadI_predicted,0.125,7,7,CGTGGGCATATCGATTCCAT,0,4359922
yadI_predicted,0.125,7,7,CGTGAGGGCAGAGTGTAGAT,0,4349128
yadI_predicted,0.125,7,7,CGTCGTACTGTTAGCCGGAT,0,4350882
yadI_predicted,0.125,7,7,CGTCGGTCGGACTCGTACGG,0,4316828
yadI_predicted,0.125,7,7,CGTCGAGGGAACAAAGCTGT,0,4296326
yadI_predicted,0.125,7,7,CGTCCTACGCAAGGGACCTT,0,4323913
yadI_predicted,0.125,7,7,CGTCCGGATGTCATGCGGAC,0,4319001
yadI_predicted,0.125,7,7,CGTCATCTAAAACGTATTAG,0,4364757
yadI_predicted,0.125,7,7,CGTCAATTAATCCAGTGGAT,0,4311514
yadI_predicted,0.125,7,7,CGTAGTGATAGCGTGAAACA,0,4327457
yadI_predicted,0.125,7,7,CGTAGTATGTTTCCTGCGTT,0,4323103
yadI_predicted,0.125,7,7,CGTACTTGTCTCCAGGATGT,0,4351059
yadI_predicted,0.125,7,7,CGTAAGCTTCGGTAAATAAC,0,4304912
yadI_predicted,0.125,7,7,CGTAACGCACAAGTAAGAGT,0,4340790
yadI_predicted,0.125,7,7,CGGTTGATGGTGTCCTAGTT,0,4355509
yadI_predicted,0.125,7,7,CGGTCTCCGCCGCACCACGA,0,4321602
yadI_predicted,0.125,7,7,CGGTCTCATTGTATGTACCC,0,4299013
yadI_predicted,0.125,7,7,CGGTCTCAAGAAAAGAAAAG,0,4298498
yadI_predicted,0.125,7,7,CGGTAAAACATAGGAGAAAT,0,4341965
yadI_predicted,0.125,7,7,CGGGCCGGCACGACCCGTTC,0,4309255
yadI_predicted,0.125,7,7,CGGGCAGCTGGCCCGCCGGT,0,4359069
yadI_predicted,0.125,7,7,CGGGAGCCTCACAGGCTGCC,0,4309227
yadI_predicted,0.125,7,7,CGGCCACAGTTATACACTCA,0,4301241
yadI_predicted,0.125,7,7,CGGAGGTTTACTCCAGCCCT,0,4328430
yadI_predicted,0.125,7,7,CGGAGATGTGAAAGTGCCTG,0,4303437
yadI_predicted,0.125,7,7,CGGAGAGTTCTGACCACGGC,0,4340752
yadI_predicted,0.125,7,7,CGGACTAGGTTTCAGGGAAG,0,4290902
yadI_predicted,0.125,7,7,CGGACTACTCCTGAACAGAC,0,4290594
yadI_predicted,0.125,7,7,CGGACCCAAACGGGCAAGAG,0,4365699
yadI_predicted,0.125,7,7,CGGAATCGGCAAGTCATGAC,0,4367828
yadI_predicted,0.125,7,7,CGCTTGGTGACTTCCTATGC,0,4325329
yadI_predicted,0.125,7,7,CGCTTAGTTGTCGAACAGTA,0,4299307
yadI_predicted,0.125,7,7,CGCTGGAAGAGCGCACAGCC,0,4311196
yadI_predicted,0.125,7,7,CGCTGAAGTCCGTAAGGGAA,0,4317606
yadI_predicted,0.125,7,7,CGCTCTATCCTCTTTCGACG,0,4338110
yadI_predicted,0.125,7,7,CGCGTGAGATCTCTGACGGG,0,4316434
yadI_predicted,0.125,7,7,CGCGGTGCTTTAGTAAATTC,0,4289747
yadI_predicted,0.125,7,7,CGCGGGCTGAGTAATTAGTC,0,4324498
yadI_predicted,0.125,7,7,CGCGCTCATTCAGCAAGGCA,0,4325556
yadI_predicted,0.125,7,7,CGCGCGGCAAGACAGAGTGT,0,4304112
yadI_predicted,0.125,7,7,CGCGCAGTATATTTTAGTCC,0,4326021
yadI_predicted,0.125,7,7,CGCGAACCCAAATTTCACTT,0,4320834
yadI_predicted,0.125,7,7,CGCCTCAATTCCGGCCACCC,0,4343843
yadI_predicted,0.125,7,7,CGCCGTATAAGGTTGGTCCA,0,4360006
yadI_predicted,0.125,7,7,CGCCGCGCCCAGGCCAGCTT,0,4296240
yadI_predicted,0.125,7,7,CGCCGCATCGTGCCAACACT,0,4351408
yadI_predicted,0.125,7,7,CGCCCATTGGGTACAACGAT,0,4348872
yadI_predicted,0.125,7,7,CGCATTCCCAATAAAGCATT,0,4290145
yadI_predicted,0.125,7,7,CGCATGTCCTAAACACTGTC,0,4312801
yadI_predicted,0.125,7,7,CGCAGATTAACTCGTGAATA,0,4286212
yadI_predicted,0.125,7,7,CGCAAGTCGTTTTGGTCGGA,0,4286479
yadI_predicted,0.125,7,7,CGATTGACAACGCAGGACTA,0,4304298
yadI_predicted,0.125,7,7,CGATGGGGCTTGGCGAGCCT,0,4320827
yadI_predicted,0.125,7,7,CGATGATAATTTTTATGGAC,0,4296105
yadI_predicted,0.125,7,7,CGATCGGTATCCATCATTAT,0,4358772
yadI_predicted,0.125,7,7,CGATCGCTAGATCGCCGCTA,0,4295431
yadI_predicted,0.125,7,7,CGATAGCCTCGGAGGCGAGC,0,4296555
yadI_predicted,0.125,7,7,CGAGTTCGCAGGGACGCTCG,0,4331968
yadI_predicted,0.125,7,7,CGAGGTAGAATCCTCTGTCG,0,4342332
yadI_predicted,0.125,7,7,CGAGCTATAAATGCATACAA,0,4334449
yadI_predicted,0.125,7,7,CGAGCCTCACTTATCGCTTG,0,4339121
yadI_predicted,0.125,7,7,CGAGCATTGCCTATTGTTGT,0,4338891
yadI_predicted,0.125,7,7,CGAGATTCTGACTCCTGCAG,0,4305504
yadI_predicted,0.125,7,7,CGAGAGGGCTAAGCTCAAAA,0,4367698
yadI_predicted,0.125,7,7,CGACCTATTTAACGTGCTTA,0,4286963
yadI_predicted,0.125,7,7,CGACAGCTAGATGACTTTAT,0,4293479
yadI_predicted,0.125,7,7,CGACAGATCGCCATGGGGGT,0,4347627
yadI_predicted,0.125,7,7,CGACACTCCAAGGACAAATC,0,4302382
yadI_predicted,0.125,7,7,CGACACTCATTTTTGGCTGG,0,4300188
yadI_predicted,0.125,7,7,CGAATGTCGTTTTTCACATA,0,4369397
yadI_predicted,0.125,7,7,CGAATGGGGTTTAGTCGCCA,0,4298194
yadI_predicted,0.125,7,7,CGAATCCAGGAAATAAACGC,0,4333728
yadI_predicted,0.125,7,7,CGAAGTTACACGTCTATGCC,0,4322034
yadI_predicted,0.125,7,7,CGAACCAAAGAGAATATGCG,0,4362367
yadI_predicted,0.125,7,7,CGAAATCCACTTGCACAAGA,0,4344066
yadI_predicted,0.125,7,7,CCTTTACGGTTTTCAGATAG,0,4323551
yadI_predicted,0.125,7,7,CCTTGTACCGAAAGCACATT,0,4330371
yadI_predicted,0.125,7,7,CCTTCTAGAGTTAGGATTGT,0,4356549
yadI_predicted,0.125,7,7,CCTGGGTTTTGAAATCTCCC,0,4337908
yadI_predicted,0.125,7,7,CCTGGGAAGGCGCGCGGCCC,0,4361471
yadI_predicted,0.125,7,7,CCTGCTCAGGTCCCTTAACA,0,4325524
yadI_predicted,0.125,7,7,CCTGCCCCGAACAATCGCGG,0,4308228
yadI_predicted,0.125,7,7,CCTGATATGCTGCAGGAGGA,0,4295703
yadI_predicted,0.125,7,7,CCTGACGGTCCAATCGTTAA,0,4315280
yadI_predicted,0.125,7,7,CCTCTACCAGGGGCTTTATA,0,4323703
yadI_predicted,0.125,7,7,CCTCGGCACAGCATAGGTCT,0,4309928
yadI_predicted,0.125,7,7,CCTCGAAGCATCTAGTGTCT,0,4340709
yadI_predicted,0.125,7,7,CCTCCACGCAGGTTAACTCG,0,4287154
yadI_predicted,0.125,7,7,CCTATTCAGTCTGGAACTAG,0,4355478
yadI_predicted,0.125,7,7,CCTATTCACGTTGATTGCGT,0,4326375
yadI_predicted,0.125,7,7,CCTACCTTGGGAAGTATTAT,0,4337298
yadI_predicted,0.125,7,7,CCTAAGTGTAAAGATGAACG,0,4304208
yadI_predicted,0.125,7,7,CCGTCTCTCGCCTAGATGCC,0,4340957
yadI_predicted,0.125,7,7,CCGTAAACTCCCGTCCCCCT,0,4306890
yadI_predicted,0.125,7,7,CCGGTTTACCGTCCCATGAT,0,4291399
yadI_predicted,0.125,7,7,CCGGTGCCGCGGACATGTGT,0,4298169
yadI_predicted,0.125,7,7,CCGGTATGACGAAAGAACCC,0,4309787
yadI_predicted,0.125,7,7,CCGGGGCGGCAATGTAGGAG,0,4340708
yadI_predicted,0.125,7,7,CCGGGACGGAAGCATCCGAG,0,4358590
yadI_predicted,0.125,7,7,CCGGCCGCAAGCTCGAGTCG,0,4341212
yadI_predicted,0.125,7,7,CCGCTGGCCAGTTAAAGGGA,0,4302278
yadI_predicted,0.125,7,7,CCGCTCCATCTTTTGGCGAA,0,4340192
yadI_predicted,0.125,7,7,CCGCGTTCGTATTTTAGATC,0,4285461
yadI_predicted,0.125,7,7,CCGCGAGCACCCGAAGATGC,0,4320280
yadI_predicted,0.125,7,7,CCGCCTTAAGCACTCACGGG,0,4302222
yadI_predicted,0.125,7,7,CCGCCCGGCATTGGTGACAC,0,4336919
yadI_predicted,0.125,7,7,CCGCCACCGCCTTTGGTCTT,0,4304581
yadI_predicted,0.125,7,7,CCGATCGGCGGACTAGACAC,0,4290593
yadI_predicted,0.125,7,7,CCGAGGCTCATATCGAAGGA,0,4309885
yadI_predicted,0.125,7,7,CCGACATTACGTCGCTACAC,0,4299247
yadI_predicted,0.125,7,7,CCGACAGGGGACTCTTACCT,0,4292755
yadI_predicted,0.125,7,7,CCGACACCATACGCGACTAG,0,4324065
yadI_predicted,0.125,7,7,CCGAACTAAGGCATAGGTGT,0,4321356
yadI_predicted,0.125,7,7,CCGAAAACAAGAGAGGCACG,0,4300828
yadI_predicted,0.125,7,7,CCCTGCGCCTCAGGGCGGTG,0,4302776
yadI_predicted,0.125,7,7,CCCTCGTTGACCGGCTTGTC,0,4369202
yadI_predicted,0.125,7,7,CCCTATAGCTGCGATTGTTA,0,4332090
yadI_predicted,0.125,7,7,CCCTAGCGGTATGAGCGTCA,0,4302385
yadI_predicted,0.125,7,7,CCCGCCGCGTGAGAGCCTCG,0,4299196
yadI_predicted,0.125,7,7,CCCGATATGCCTCCCGAGCC,0,4284719
yadI_predicted,0.125,7,7,CCCCGGCGTAAAACAGGTCG,0,4287876
yadI_predicted,0.125,7,7,CCCCCGACGCGAACAGTAAG,0,4364370
yadI_predicted,0.125,7,7,CCCCCGACGACTAAGCTCAA,0,4345869
yadI_predicted,0.125,7,7,CCCCCATACCACATGCTTTT,0,4354663
yadI_predicted,0.125,7,7,CCCCAACACTACTGGTGTTG,0,4357032
yadI_predicted,0.125,7,7,CCCATAACGGAACTTCGTGG,0,4315154
yadI_predicted,0.125,7,7,CCCAATTTTACCATCGCAAT,0,4363520
yadI_predicted,0.125,7,7,CCCAAGTTAGTGGATCTCAG,0,4287989
yadI_predicted,0.125,7,7,CCATTGGGCCTAACCGCAAA,0,4316128
yadI_predicted,0.125,7,7,CCATTGGGACACAGCCGTAG,0,4303980
yadI_predicted,0.125,7,7,CCATTCCCGGGGGCGCCGCA,0,4301493
yadI_predicted,0.125,7,7,CCATGTCATTCGGTGCGCGC,0,4342533
yadI_predicted,0.125,7,7,CCATGCTTCTCTCAGTGTTT,0,4299369
yadI_predicted,0.125,7,7,CCATCTTCTTCAGCCACATG,0,4318008
yadI_predicted,0.125,7,7,CCATCTGCTTTCACGGTAAC,0,4318594
yadI_predicted,0.125,7,7,CCATATATCCCAACAGCATA,0,4335392
yadI_predicted,0.125,7,7,CCATAAAAATGGCGGGGGAT,0,4359144
yadI_predicted,0.125,7,7,CCAGTTCATGGCACGCCACT,0,4363736
yadI_predicted,0.125,7,7,CCAGTATAAAATTCCTAGAA,0,4346856
yadI_predicted,0.125,7,7,CCAGGCAGGAACCCGCAGTG,0,4339538
yadI_predicted,0.125,7,7,CCAGCTTTCCAAGCAGTGTA,0,4365337
yadI_predicted,0.125,7,7,CCAGATCAACACCGCGCGGA,0,4300699
yadI_predicted,0.125,7,7,CCAGAATTCTACTAGGCGAA,0,4369862
yadI_predicted,0.125,7,7,CCACTGCACGGGCCGTAGTT,0,4348945
yadI_predicted,0.125,7,7,CCACGTAGCTTTCGGACATC,0,4308329
yadI_predicted,0.125,7,7,CCACGGGGGAACCGATGTTA,0,4332082
yadI_predicted,0.125,7,7,CCACGCGCTAGGTTTTGGTG,0,4289263
yadI_predicted,0.125,7,7,CCACCTTGCCGTGGAGGTGG,0,4368125
yadI_predicted,0.125,7,7,CCACCCGAGTTATGCCCCTG,0,4339094
yadI_predicted,0.125,7,7,CCACAGAGCCTTGATTAGTT,0,4368218
yadI_predicted,0.125,7,7,CCACAACGTCATGTGCCGGG,0,4334094
yadI_predicted,0.125,7,7,CCAAGTGGATAAGAATCTCT,0,4314925
yadI_predicted,0.125,7,7,CCAAGGCGGATTGAAGGAGG,0,4319614
yadI_predicted,0.125,7,7,CCAAGCTTATCTAAATATTA,0,4352358
yadI_predicted,0.125,7,7,CCAACTTGGATTCGGCTCAC,0,4306058
yadI_predicted,0.125,7,7,CCAAATACAGTGAGCCATGC,0,4300091
yadI_predicted,0.125,7,7,CCAAACATACGCTTGTCAGA,0,4324017
yadI_predicted,0.125,7,7,CATTTTACCTATCAGAATAT,0,4284195
yadI_predicted,0.125,7,7,CATTGGTACTGCGAGAATCA,0,4350993
yadI_predicted,0.125,7,7,CATTCATTGACTGCGTTTGC,0,4305725
yadI_predicted,0.125,7,7,CATTCAAGAAGTAAAAGGCA,0,4311539
yadI_predicted,0.125,7,7,CATTAATTTCCGGATAGGTG,0,4340066
yadI_predicted,0.125,7,7,CATTAAAGTGCGGCGAACTC,0,4284347
yadI_predicted,0.125,7,7,CATGTGTCCCCGCGGTGACG,0,4350587
yadI_predicted,0.125,7,7,CATGTGTAATCATGCCTTGA,0,4293066
yadI_predicted,0.125,7,7,CATGGTTTTGAAGCACGAAT,0,4288562
yadI_predicted,0.125,7,7,CATGCCTTTTGGTTGTTTAA,0,4303612
yadI_predicted,0.125,7,7,CATGCATCCGTCGGATACCT,0,4339764
yadI_predicted,0.125,7,7,CATGAGTGTAAGTCTATGAC,0,4352104
yadI_predicted,0.125,7,7,CATCTTACTATGGTCAGCCA,0,4319187
yadI_predicted,0.125,7,7,CATCTTACATGGCACGCCTA,0,4366878
yadI_predicted,0.125,7,7,CATCTAGGTCATGGTCTCAC,0,4356207
yadI_predicted,0.125,7,7,CATCCTCTTATCCCAATAAT,0,4304044
yadI_predicted,0.125,7,7,CATCCTCCGTTCGTTTAGGA,0,4295318
yadI_predicted,0.125,7,7,CATCCCGTGACATACCCAAC,0,4364494
yadI_predicted,0.125,7,7,CATCATCATGGTCCGGTCCA,0,4306260
yadI_predicted,0.125,7,7,CATCAGACCCGAGGGAATAA,0,4347588
yadI_predicted,0.125,7,7,CATCACGTTCACATCGCAGG,0,4332523
yadI_predicted,0.125,7,7,CATATTTGGATAATGATCGC,0,4361278
yadI_predicted,0.125,7,7,CATAGTGCCTCCAAGACGAC,0,4319718
yadI_predicted,0.125,7,7,CATAGTCGATTCGCGAACAC,0,4309968
yadI_predicted,0.125,7,7,CATAGGCTTTGAAGCATCGC,0,4307555
yadI_predicted,0.125,7,7,CATAGAATGCAGTACTGGTC,0,4296862
yadI_predicted,0.125,7,7,CATACTTTCCCGCTCCGGTG,0,4286674
yadI_predicted,0.125,7,7,CATACGGGTTCACATTTTCT,0,4309795
yadI_predicted,0.125,7,7,CATACCGATAATAGCTCGGG,0,4333958
yadI_predicted,0.125,7,7,CAGTTGCACTTGTATAAACG,0,4354076
yadI_predicted,0.125,7,7,CAGTTCTATACTAGCCAAGT,0,4310370
yadI_predicted,0.125,7,7,CAGTGGCATGTAAGACGATG,0,4338629
yadI_predicted,0.125,7,7,CAGTGAACACGATCGCTAGC,0,4352460
yadI_predicted,0.125,7,7,CAGTCGTTTTCCTGGGACAA,0,4331281
yadI_predicted,0.125,7,7,CAGTATTAGCGTGGTAACGT,0,4295248
yadI_predicted,0.125,7,7,CAGTATCGAATATTGCCTCA,0,4349706
yadI_predicted,0.125,7,7,CAGTAGCAAGGTCAGAGTGG,0,4303494
yadI_predicted,0.125,7,7,CAGGTGACCAATGGTATGGA,0,4345564
yadI_predicted,0.125,7,7,CAGGGATGTCCACGGACGGT,0,4301420
yadI_predicted,0.125,7,7,CAGGGAGCGTAGCCTAGGCG,0,4352708
yadI_predicted,0.125,7,7,CAGGCGGGAACGTTGCCAAG,0,4288804
yadI_predicted,0.125,7,7,CAGGCATATTGGTGCCTGAT,0,4322912
yadI_predicted,0.125,7,7,CAGGAATACGCACGTTTGCC,0,4343323
yadI_predicted,0.125,7,7,CAGCGGTTTTTTGGTTGGCG,0,4319979
yadI_predicted,0.125,7,7,CAGCCAACCATTGGGACGAT,0,4350792
yadI_predicted,0.125,7,7,CAGCATGATTTCGCGTCCAG,0,4315438
yadI_predicted,0.125,7,7,CAGCAGGTTATTTCACGGAA,0,4333729
yadI_predicted,0.125,7,7,CAGCAGATGACGATTCAAAG,0,4304337
yadI_predicted,0.125,7,7,CAGCACCGGAGAGCTAAGCA,0,4327664
yadI_predicted,0.125,7,7,CAGATTAGAGGCATACAGGT,0,4341385
yadI_predicted,0.125,7,7,CAGATCATATACACGAGGGA,0,4306278
yadI_predicted,0.125,7,7,CAGATAGTACCAAAGGCCAT,0,4354885
yadI_predicted,0.125,7,7,CAGATAAACGATGATTCTCT,0,4326111
yadI_predicted,0.125,7,7,CAGAGCCTCAACCCGGGTAT,0,4285025
yadI_predicted,0.125,7,7,CAGAGATTGTGGCTTTCCAG,0,4336969
yadI_predicted,0.125,7,7,CAGACCTAGGTATATGATTG,0,4296817
yadI_predicted,0.125,7,7,CAGAACCCTCAAAGGAGGGA,0,4365126
yadI_predicted,0.125,7,7,CAGAAATCTAGTTGTTGTAG,0,4307733
yadI_predicted,0.125,7,7,CACTTACTGATGGTCGCGTT,0,4349511
yadI_predicted,0.125,7,7,CACGTGGGAAAAGAACTAAA,0,4328308
yadI_predicted,0.125,7,7,CACGGGGTCCCGGGCTATTC,0,4320236
yadI_predicted,0.125,7,7,CACCCTGGCAGATAACAGAG,0,4328423
yadI_predicted,0.125,7,7,CACCAGTGGTGGCTAGCAGA,0,4337912
yadI_predicted,0.125,7,7,CAATTTGCTTGTGGAACGGT,0,4326778
yadI_predicted,0.125,7,7,CAATTGTTTCATGCATCTTA,0,4289920
yadI_predicted,0.125,7,7,CAATTAAATGGGCCGTCTAA,0,4360983
yadI_predicted,0.125,7,7,CAATCAGGGTGGTAGGCCAG,0,4362287
yadI_predicted,0.125,7,7,CAATATCACAAGTACGGCCA,0,4353957
yadI_predicted,0.125,7,7,CAATAAGGATAATTTAAACG,0,4298263
yadI_predicted,0.125,7,7,CAATAAACGCAGGGTCCGCT,0,4330998
yadI_predicted,0.125,7,7,CAAGTTTCACGACGTAATCC,0,4334538
yadI_predicted,0.125,7,7,CAAGTTAGCGTGCAATCCGC,0,4284692
yadI_predicted,0.125,7,7,CAAGTGGGTGCTATTTTTGT,0,4288343
yadI_predicted,0.125,7,7,CAAGTCATTTTCCGAGGCGT,0,4300192
yadI_predicted,0.125,7,7,CAAGGCGGAGAGTTGCGTTC,0,4328877
yadI_predicted,0.125,7,7,CAAGGCCATGGTAGTCTAAG,0,4327842
yadI_predicted,0.125,7,7,CAAGCCACCTCAGAAGATAA,0,4287084
yadI_predicted,0.125,7,7,CAAGAGAAATGTGGTTTTTG,0,4341369
yadI_predicted,0.125,7,7,CAAGACGATGGTTACGTGGA,0,4305921
yadI_predicted,0.125,7,7,CAAGACCAGATGCTGATCCT,0,4334781
yadI_predicted,0.125,7,7,CAACTAATGCTTATCTTTTG,0,4340235
yadI_predicted,0.125,7,7,CAACGGCTATGGTGAAGGTA,0,4324786
yadI_predicted,0.125,7,7,CAACGCAGAGCGTATACTAG,0,4355921
yadI_predicted,0.125,7,7,CAACATTTAGTGTAAGTACC,0,4324393
yadI_predicted,0.125,7,7,CAAATGTGCGAAATTCTGGC,0,4292659
yadI_predicted,0.125,7,7,CAAATCATAGAAAAGAGCAG,0,4311653
yadI_predicted,0.125,7,7,CAAAGCATCAGCAGCCAAAG,0,4365067
yadI_predicted,0.125,7,7,CAAAGCACGTACGAACAACA,0,4355377
yadI_predicted,0.125,7,7,CAAAGAAACCGCGGGATAGT,0,4307671
yadI_predicted,0.125,7,7,CAAACACCAAGGTCGTCCCT,0,4310299
yadI_predicted,0.125,7,7,ATTTTAGGGTGCAAAATCTC,0,4337816
yadI_predicted,0.125,7,7,ATTTGGATATAGTCCAGAAC,0,4330519
yadI_predicted,0.125,7,7,ATTTATTCCGAGAAATGAGT,0,4342673
yadI_predicted,0.125,7,7,ATTTAGACTTCGCTGCATGG,0,4316107
yadI_predicted,0.125,7,7,ATTTACATTACAAACCTTAA,0,4299551
yadI_predicted,0.125,7,7,ATTGTCCGCCGATCAGTGTG,0,4352427
yadI_predicted,0.125,7,7,ATTGTAGGGGCCGGACTGCA,0,4328638
yadI_predicted,0.125,7,7,ATTGGGTATCGCATTCGCGA,0,4331731
yadI_predicted,0.125,7,7,ATTGGGCTGCCCGGTAGTTC,0,4336138
yadI_predicted,0.125,7,7,ATTGGCGCGTAGAGTCCGCC,0,4318777
yadI_predicted,0.125,7,7,ATTGGATTCGTTACTTCAAA,0,4289898
yadI_predicted,0.125,7,7,ATTGCGGGCTTGTCCTTAAG,0,4349581
yadI_predicted,0.125,7,7,ATTGATATCTCTCATCTGCC,0,4363810
yadI_predicted,0.125,7,7,ATTGAGGTGGAATGGCCCGT,0,4287766
yadI_predicted,0.125,7,7,ATTGAATGGCGTCCGCGTAG,0,4349525
yadI_predicted,0.125,7,7,ATTGAATCCCCGGGTTGTTT,0,4316120
yadI_predicted,0.125,7,7,ATTCTTATCAGCACGCTTAA,0,4298269
yadI_predicted,0.125,7,7,ATTCTCAGTTTGTCACCAGA,0,4316364
yadI_predicted,0.125,7,7,ATTCGGCTACTGACCCAGAG,0,4315022
yadI_predicted,0.125,7,7,ATTCAGCAGGACAAACTATT,0,4359767
yadI_predicted,0.125,7,7,ATTCACTGACAACGTCATGC,0,4311980
yadI_predicted,0.125,7,7,ATTCAAGTTAAAGCGGTTTT,0,4366579
yadI_predicted,0.125,7,7,ATTATCAAGTGCCGCATCCA,0,4314701
yadI_predicted,0.125,7,7,ATTAGTGGATCATAGCGCTA,0,4332344
yadI_predicted,0.125,7,7,ATTAGCTCTGCGGCAGCCCG,0,4330898
yadI_predicted,0.125,7,7,ATTAGAGAAGAATTCGCCCT,0,4321377
yadI_predicted,0.125,7,7,ATTACATTAGGCAAACCGTT,0,4369299
yadI_predicted,0.125,7,7,ATTACATGCAAACTTTGCTT,0,4361087
yadI_predicted,0.125,7,7,ATTAAACGTGGTCGTCACTG,0,4290889
yadI_predicted,0.125,7,7,ATGTTAATCAACGTTATTCG,0,4308857
yadI_predicted,0.125,7,7,ATGTGTCGTCATATAGTTTG,0,4352384
yadI_predicted,0.125,7,7,ATGTGTCATGCGGGGATTAG,0,4313084
yadI_predicted,0.125,7,7,ATGTCATGGCTCGTCCACCG,0,4284294
yadI_predicted,0.125,7,7,ATGTATGCGGCGCATCTGTG,0,4292602
yadI_predicted,0.125,7,7,ATGGTGGCTCTTTTTAAGAA,0,4359482
yadI_predicted,0.125,7,7,ATGGTCTCTTCCCCTAGAGG,0,4361040
yadI_predicted,0.125,7,7,ATGGGCTCGGGTTTAGCGAA,0,4318926
yadI_predicted,0.125,7,7,ATGGGAGAAGTTAAATCCAG,0,4360353
yadI_predicted,0.125,7,7,ATGGCCTCCGGCCAGTAATT,0,4361701
yadI_predicted,0.125,7,7,ATGGCCATGAGTCCGAGGGA,0,4363166
yadI_predicted,0.125,7,7,ATGGAGTTTTTAAGGAGTTG,0,4299363
yadI_predicted,0.125,7,7,ATGGACGGTGCGTTCTGGTG,0,4288650
yadI_predicted,0.125,7,7,ATGGAACCAATGGGCGCGGA,0,4345879
yadI_predicted,0.125,7,7,ATGCTTCAGGACTTGCGACA,0,4334595
yadI_predicted,0.125,7,7,ATGCTGCAGGAACCACGATA,0,4297121
yadI_predicted,0.125,7,7,ATGCCGGCGCGCCACTTCTT,0,4350237
yadI_predicted,0.125,7,7,ATGCCGCGGGTTTTCTGTAT,0,4343146
yadI_predicted,0.125,7,7,ATGCCACATCGCACCTTGAA,0,4341019
yadI_predicted,0.125,7,7,ATGCAAGTTACACTAGGCCC,0,4339173
yadI_predicted,0.125,7,7,ATGATGGGCTATTCGGGTCG,0,4351403
yadI_predicted,0.125,7,7,ATGAGTACCATCAGATAGGA,0,4369346
yadI_predicted,0.125,7,7,ATGAGACAGCGCTCGCGTTT,0,4335650
yadI_predicted,0.125,7,7,ATGACTTATGATCCGTTGAT,0,4333922
yadI_predicted,0.125,7,7,ATGACTCGTTTTACACCGCA,0,4326090
yadI_predicted,0.125,7,7,ATGACAAACTAGCGTATGCA,0,4292561
yadI_predicted,0.125,7,7,ATCTTAACCGTCGTTGCATA,0,4369768
yadI_predicted,0.125,7,7,ATCTGGATCATCCAGCGGTT,0,4333764
yadI_predicted,0.125,7,7,ATCTATAGTAGGCCCTCGTT,0,4350834
yadI_predicted,0.125,7,7,ATCTACGGGCGCCTTTCGAG,0,4325139
yadI_predicted,0.125,7,7,ATCGTACTTAGTAACTCACC,0,4334466
yadI_predicted,0.125,7,7,ATCGTAATCTAACATTTGCA,0,4313996
yadI_predicted,0.125,7,7,ATCGGTCGGTATGGGGACGA,0,4330704
yadI_predicted,0.125,7,7,ATCGGTCCTCCATGGCTACT,0,4329853
yadI_predicted,0.125,7,7,ATCGGGACTGGGACGCTTCC,0,4287342
yadI_predicted,0.125,7,7,ATCGGCTGTCCATTCTTGGA,0,4362727
yadI_predicted,0.125,7,7,ATCGAGCATTTTAAAAATAT,0,4321721
yadI_predicted,0.125,7,7,ATCCTGTATAGTCTAACGTA,0,4292056
yadI_predicted,0.125,7,7,ATCCGTACTAATATCGTATC,0,4348324
yadI_predicted,0.125,7,7,ATCCGACGTCTATAGGCATC,0,4337128
yadI_predicted,0.125,7,7,ATCCCTCCACTCCTCAAAAT,0,4352531
yadI_predicted,0.125,7,7,ATCCAGAGTGACTATCCGCT,0,4366742
yadI_predicted,0.125,7,7,ATCATGAGAGTTCGCACTGC,0,4335273
yadI_predicted,0.125,7,7,ATCATATTACTACGTAAAAC,0,4305855
yadI_predicted,0.125,7,7,ATCATAGGTGCCATTCGTGT,0,4288685
yadI_predicted,0.125,7,7,ATATTGACTTCTGCCATCAA,0,4349518
yadI_predicted,0.125,7,7,ATATTGACGCTCCGGCCCGC,0,4328164
yadI_predicted,0.125,7,7,ATATGCCGTGCAGCGGTCTA,0,4355698
yadI_predicted,0.125,7,7,ATATGCACCGACATCAATTG,0,4349288
yadI_predicted,0.125,7,7,ATATGATCAAACGGCACGAA,0,4358782
yadI_predicted,0.125,7,7,ATATCACATAGCATCATCCT,0,4309091
yadI_predicted,0.125,7,7,ATATATCTACAGCGGATGCG,0,4332688
yadI_predicted,0.125,7,7,ATATATCGCCCGGCGTTGTG,0,4348229
yadI_predicted,0.125,7,7,ATAGTCGGGGAAGGCAGTGG,0,4339437
yadI_predicted,0.125,7,7,ATAGTCACAAATTTTGACAT,0,4356871
yadI_predicted,0.125,7,7,ATAGGTAAACTCGCCGGCGT,0,4346364
yadI_predicted,0.125,7,7,ATAGCTCGGTCATATGCCAA,0,4357784
yadI_predicted,0.125,7,7,ATAGCTAAACTCGCGGTGGA,0,4337452
yadI_predicted,0.125,7,7,ATAGCGGTTCAGCACCGTAC,0,4357633
yadI_predicted,0.125,7,7,ATAGCGCCGTTATAGGCTGT,0,4329902
yadI_predicted,0.125,7,7,ATAGCCTGTTTCCTGTCGAT,0,4308922
yadI_predicted,0.125,7,7,ATACTGGTCCTCGTAATGTG,0,4312257
yadI_predicted,0.125,7,7,ATACCTACGCGGATAACAAC,0,4340323
yadI_predicted,0.125,7,7,ATACCCTACAAGCGCGCATT,0,4329343
yadI_predicted,0.125,7,7,ATACATCGATGATGTGTTAT,0,4356863
yadI_predicted,0.125,7,7,ATACATATTTCATTGAGTGT,0,4353755
yadI_predicted,0.125,7,7,ATAATGGGGGCCATTTGTTC,0,4349563
yadI_predicted,0.125,7,7,ATAATCCGAGATGACTCGAA,0,4364185
yadI_predicted,0.125,7,7,ATAAGTCTCTGATCGATGGA,0,4352239
yadI_predicted,0.125,7,7,ATAAAGAGTGGGGGCTATGA,0,4366328
yadI_predicted,0.125,7,7,ATAAACGCATACCATTCGCT,0,4302556
yadI_predicted,0.125,7,7,ATAAACAACCTTTGGTCATG,0,4343449
yadI_predicted,0.125,7,7,AGTTTTCGGCACCCGGTGTT,0,4315816
yadI_predicted,0.125,7,7,AGTTTGGCGTTAACCGTGGC,0,4326970
yadI_predicted,0.125,7,7,AGTTGTGTCGTTATCTCCGA,0,4364738
yadI_predicted,0.125,7,7,AGTTGATGGAGCGACAATAG,0,4289873
yadI_predicted,0.125,7,7,AGTTGAACCCCTAAGACCAA,0,4322905
yadI_predicted,0.125,7,7,AGTTGAAACGACTATAGCGC,0,4331007
yadI_predicted,0.125,7,7,AGTTCTTGATCTCGGTTTGG,0,4361317
yadI_predicted,0.125,7,7,AGTTCAGTCGTACCGAAGTA,0,4294837
yadI_predicted,0.125,7,7,AGTTATACTAGCTAGGTCAT,0,4366706
yadI_predicted,0.125,7,7,AGTGTACATGAGTCATACTG,0,4368624
yadI_predicted,0.125,7,7,AGTGGGCTGGCACCGAACTG,0,4314165
yadI_predicted,0.125,7,7,AGTGGGCGCCGAGCACTGCG,0,4311922
yadI_predicted,0.125,7,7,AGTGCGTAGTTGATCGGCTT,0,4361970
yadI_predicted,0.125,7,7,AGTGCACTAGCCACCATGAT,0,4330839
yadI_predicted,0.125,7,7,AGTGCACGTCGCTTGTCTAG,0,4359895
yadI_predicted,0.125,7,7,AGTCGTTGAACTAAAGTGCA,0,4345556
yadI_predicted,0.125,7,7,AGTCGTTAGGCTCATACCAC,0,4287326
yadI_predicted,0.125,7,7,AGTCCGAAATATACGTGCAT,0,4285993
yadI_predicted,0.125,7,7,AGTCAGTTCTGGTAGTCCAC,0,4309686
yadI_predicted,0.125,7,7,AGTCACTAACCCGACCGAGG,0,4294618
yadI_predicted,0.125,7,7,AGTCACGACTACAGTAGAGG,0,4285286
yadI_predicted,0.125,7,7,AGTATGATGCTACTCCCGAG,0,4290690
yadI_predicted,0.125,7,7,AGTATCCCTGTTAACTTTTT,0,4345811
yadI_predicted,0.125,7,7,AGTATACACAGAGCACGAGT,0,4303062
yadI_predicted,0.125,7,7,AGTAGTTTATAGTTACTTAT,0,4323959
yadI_predicted,0.125,7,7,AGTAGGTCACATTGTAACTA,0,4293266
yadI_predicted,0.125,7,7,AGTACTTGGGATGAAGGACC,0,4317540
yadI_predicted,0.125,7,7,AGTACATTACCTGTAAGTCC,0,4325753
yadI_predicted,0.125,7,7,AGTAAGCGTCACGTTGCTAA,0,4312511
yadI_predicted,0.125,7,7,AGGTTTATCCTTTGTTTGGG,0,4367949
yadI_predicted,0.125,7,7,AGGTTTATCCAGTGGCTTGA,0,4328291
yadI_predicted,0.125,7,7,AGGTTGTTTAACTGCCATGA,0,4329898
yadI_predicted,0.125,7,7,AGGTTGTCACCTTCGATCTA,0,4332386
yadI_predicted,0.125,7,7,AGGTTGTCAACGGCGGACTG,0,4292829
yadI_predicted,0.125,7,7,AGGTTGCGAGCCTTGACTGT,0,4360439
yadI_predicted,0.125,7,7,AGGTTATTGAACATCGGAAC,0,4353117
yadI_predicted,0.125,7,7,AGGTGATTTGTTGGCCCAAG,0,4284264
yadI_predicted,0.125,7,7,AGGTCTCTGTTAAAAGTTTC,0,4357116
yadI_predicted,0.125,7,7,AGGTCCACTTGTGGATGTTA,0,4303652
yadI_predicted,0.125,7,7,AGGTCCAAACGATTCGCCAT,0,4319860
yadI_predicted,0.125,7,7,AGGTCAGCTAAACTGCTGTT,0,4304299
yadI_predicted,0.125,7,7,AGGTAGTCATATCGGTACCT,0,4287871
yadI_predicted,0.125,7,7,AGGGTTGTGAGTGGGCCGTT,0,4321880
yadI_predicted,0.125,7,7,AGGGTTGATCATAGCTTTCG,0,4307612
yadI_predicted,0.125,7,7,AGGGTGTTTGTCTGCGCCAT,0,4296888
yadI_predicted,0.125,7,7,AGGGGCCGAACAATTCAGAT,0,4342130
yadI_predicted,0.125,7,7,AGGGCGCCGCCACCAGTTGT,0,4361693
yadI_predicted,0.125,7,7,AGGGCAAGTTCTCGTCTATA,0,4340336
yadI_predicted,0.125,7,7,AGGCGTTTAACAAAAATAAC,0,4329085
yadI_predicted,0.125,7,7,AGGCGGGTATTGGTCTGTGA,0,4311393
yadI_predicted,0.125,7,7,AGGCGCCCGCTTGCAAAGAC,0,4331204
yadI_predicted,0.125,7,7,AGGCGACAAGTGACATTAAG,0,4332673
yadI_predicted,0.125,7,7,AGGCCAGTCTTACTATAATA,0,4328115
yadI_predicted,0.125,7,7,AGGCAAGGCCAACAGCACAC,0,4295596
yadI_predicted,0.125,7,7,AGGATTTGTTGTTCAATATT,0,4359614
yadI_predicted,0.125,7,7,AGGATGTACAACGGTCGGAT,0,4337129
yadI_predicted,0.125,7,7,AGGATCTGTAACCCCATTCT,0,4364787
yadI_predicted,0.125,7,7,AGGATCGTTCGGACATCATG,0,4339753
yadI_predicted,0.125,7,7,AGGATAGTGCGGAGATGACC,0,4292460
yadI_predicted,0.125,7,7,AGGATACGAATGGCCCAAGA,0,4308007
yadI_predicted,0.125,7,7,AGGAGACGAGGCACTATGGT,0,4364297
yadI_predicted,0.125,7,7,AGCTTGCGAGACTCCACAAG,0,4286124
yadI_predicted,0.125,7,7,AGCTGGCAGGTAGGTGTCAT,0,4337474
yadI_predicted,0.125,7,7,AGCTCTGCGGGTTCGAGGGA,0,4336313
yadI_predicted,0.125,7,7,AGCTCGGCCTGGGGTGGCCC,0,4318522
yadI_predicted,0.125,7,7,AGCTAGCCTGTTCTTACTGA,0,4332331
yadI_predicted,0.125,7,7,AGCTAACAGCTTCACAGCTA,0,4317810
yadI_predicted,0.125,7,7,AGCGTGTACTTTAGTCTTTA,0,4303589
yadI_predicted,0.125,7,7,AGCGTACCTTGATCTGATAG,0,4352106
yadI_predicted,0.125,7,7,AGCGGCCTAGCTTGTACTAG,0,4369400
yadI_predicted,0.125,7,7,AGCGGCAGAATGCGGCGGAG,0,4309177
yadI_predicted,0.125,7,7,AGCGGAATTACAGTCCTGCT,0,4341027
yadI_predicted,0.125,7,7,AGCGAAGGGAGTTGTTGGCG,0,4317840
yadI_predicted,0.125,7,7,AGCCGTCATACTAGCCGACA,0,4356001
yadI_predicted,0.125,7,7,AGCCGAATGGCCAGTTTATG,0,4346418
yadI_predicted,0.125,7,7,AGCCAACGAAACATTTTAAT,0,4302055
yadI_predicted,0.125,7,7,AGCAGGGTTTGCTCACGACT,0,4303723
yadI_predicted,0.125,7,7,AGCAGAGTCTCGGCCAAAAC,0,4319761
yadI_predicted,0.125,7,7,AGCACTAGGGGACTAACGAA,0,4331425
yadI_predicted,0.125,7,7,AGATTGTATTAGGTATAGGG,0,4326094
yadI_predicted,0.125,7,7,AGATTGCTGCGAGGTGGGGT,0,4294546
yadI_predicted,0.125,7,7,AGATTAGTGATAAAATCGTG,0,4298084
yadI_predicted,0.125,7,7,AGATCTATGCGATAATCATA,0,4339725
yadI_predicted,0.125,7,7,AGATCGGCCTAGCGGACCGC,0,4319557
yadI_predicted,0.125,7,7,AGATATGATCAGGGGCGGCT,0,4335862
yadI_predicted,0.125,7,7,AGATAACCACGACGCAGGGA,0,4335930
yadI_predicted,0.125,7,7,AGAGTGGTCACGGCCGTCGG,0,4284434
yadI_predicted,0.125,7,7,AGAGGTGGAAGGCACTATGA,0,4338681
yadI_predicted,0.125,7,7,AGAGGTACTCTAACTCCTGG,0,4322196
yadI_predicted,0.125,7,7,AGAGGGTGGATTTGTGGTCC,0,4358109
yadI_predicted,0.125,7,7,AGAGCTGAGTGAGGCACCGC,0,4355127
yadI_predicted,0.125,7,7,AGAGCGAAGCGGCCCGACCT,0,4346706
yadI_predicted,0.125,7,7,AGAGCCCTCATATACACCAC,0,4284549
yadI_predicted,0.125,7,7,AGAGCCCGGACTACCGTGTA,0,4347564
yadI_predicted,0.125,7,7,AGAGATAGTGTGCAGCCCTG,0,4324491
yadI_predicted,0.125,7,7,AGAGAGCCGGAGCTCTAGGT,0,4354777
yadI_predicted,0.125,7,7,AGAGACTCAAGGGTTGGCTA,0,4297713
yadI_predicted,0.125,7,7,AGACTGCGTAGTCACTAGTT,0,4326641
yadI_predicted,0.125,7,7,AGACGTGTTCGTGGGCAAGA,0,4325500
yadI_predicted,0.125,7,7,AGACGTGACTCCACCCCGAG,0,4341463
yadI_predicted,0.125,7,7,AGACGGGACGACCAACTATA,0,4334562
yadI_predicted,0.125,7,7,AGACGAATATCAGACTTGCG,0,4309355
yadI_predicted,0.125,7,7,AGACCGTACTGGGAGTTCCC,0,4351452
yadI_predicted,0.125,7,7,AGACACAGGGATAGCCAACT,0,4325517
yadI_predicted,0.125,7,7,AGAATACTAGATGCAGTCGG,0,4307944
yadI_predicted,0.125,7,7,AGAAGGAGCTCCGGACGACT,0,4305773
yadI_predicted,0.125,7,7,AGAACTGATAAAGGCCGTAC,0,4336964
yadI_predicted,0.125,7,7,ACTTTTCATATTGCTTAGAC,0,4356159
yadI_predicted,0.125,7,7,ACTTTCGTACGTTTGTACAA,0,4284174
yadI_predicted,0.125,7,7,ACTTTAGCGGGCAAGCTGAT,0,4362276
yadI_predicted,0.125,7,7,ACTTGGACGCGCCACGGATT,0,4309373
yadI_predicted,0.125,7,7,ACTTGCCGCTCGGCGATCAG,0,4291651
yadI_predicted,0.125,7,7,ACTTCGTAGTCTAGCCGTCT,0,4284133
yadI_predicted,0.125,7,7,ACTGTTTCGTAGTGGGCGCC,0,4365137
yadI_predicted,0.125,7,7,ACTGTGAGCGATTGTGGAAT,0,4346290
yadI_predicted,0.125,7,7,ACTGGGTTTGCAATGACCAC,0,4318209
yadI_predicted,0.125,7,7,ACTGGGACGGTCTTCGTCAG,0,4317015
yadI_predicted,0.125,7,7,ACTGGACGTTTACGAGGGAG,0,4333192
yadI_predicted,0.125,7,7,ACTGCTCGCGTGGATTGGGC,0,4340745
yadI_predicted,0.125,7,7,ACTGCCAAGCCCGGGTATGT,0,4312262
yadI_predicted,0.125,7,7,ACTCTCGAATGAGGAGTCGG,0,4352871
yadI_predicted,0.125,7,7,ACTCGAACCACAAACCGGTA,0,4302208
yadI_predicted,0.125,7,7,ACTATGCGCTGGCTCTAGGG,0,4354735
yadI_predicted,0.125,7,7,ACTAAGATGGACAATCCCGT,0,4326161
yadI_predicted,0.125,7,7,ACGTTTCAAGTGGACCTGAT,0,4351765
yadI_predicted,0.125,7,7,ACGTATAACGAAGGGAGACT,0,4293494
yadI_predicted,0.125,7,7,ACGTAGTGTAGCGCGCACTT,0,4346405
yadI_predicted,0.125,7,7,ACGTAATTGCCGTTGACGAA,0,4345227
yadI_predicted,0.125,7,7,ACGGTGCTTCTTCCAGGCGT,0,4346031
yadI_predicted,0.125,7,7,ACGGTCCGAAGGCTAAGCGC,0,4328076
yadI_predicted,0.125,7,7,ACGGGGACTGTGTGTCGGCA,0,4351447
yadI_predicted,0.125,7,7,ACGGCTTAAAATTTAAACTG,0,4353886
yadI_predicted,0.125,7,7,ACGGCGTAATACTCATATGA,0,4309122
yadI_predicted,0.125,7,7,ACGCTTAGCGGCTGCGGTTT,0,4362074
yadI_predicted,0.125,7,7,ACGCTCGGGGGTAACGATTT,0,4286467
yadI_predicted,0.125,7,7,ACGCGTACACGAACCGGGTA,0,4308126
yadI_predicted,0.125,7,7,ACGCGATTTCCCGAAAATCG,0,4291862
yadI_predicted,0.125,7,7,ACGCGACACCGGCCTACTAC,0,4298944
yadI_predicted,0.125,7,7,ACGCCGGCTTAGCTGCGCGT,0,4355746
yadI_predicted,0.125,7,7,ACGCCATCAGCCAAGCCCCT,0,4349320
yadI_predicted,0.125,7,7,ACGCAGGGTCTTACTATCGG,0,4341104
yadI_predicted,0.125,7,7,ACGCAACCAAGAGCCCAACT,0,4343141
yadI_predicted,0.125,7,7,ACGATTGTTCCCTAAACCGT,0,4354290
yadI_predicted,0.125,7,7,ACGATGTGGAACTAGGTTAA,0,4303900
yadI_predicted,0.125,7,7,ACGATCAAACCTTAGGTATC,0,4302744
yadI_predicted,0.125,7,7,ACGATACCCGCAACTTGGAC,0,4326093
yadI_predicted,0.125,7,7,ACGACGAATCTGAGATTGGT,0,4334902
yadI_predicted,0.125,7,7,ACGACATCCATGCACGGAAG,0,4315060
yadI_predicted,0.125,7,7,ACGAATCGGTGAGCTTGGTG,0,4366135
yadI_predicted,0.125,7,7,ACGAAATCATAACCAACCTT,0,4323745
yadI_predicted,0.125,7,7,ACGAAAGGGTACCGAAAAGT,0,4289034
yadI_predicted,0.125,7,7,ACCTTGTCGCAATACTCTTA,0,4316197
yadI_predicted,0.125,7,7,ACCTGTTCCAACGACTTTCC,0,4335089
yadI_predicted,0.125,7,7,ACCTACTCCACAGTACTCTC,0,4336727
yadI_predicted,0.125,7,7,ACCGGGGCAGGATTATGGTC,0,4291747
yadI_predicted,0.125,7,7,ACCGCTACGGGTCGATTCGG,0,4307014
yadI_predicted,0.125,7,7,ACCGCATACCGAATCCTTAG,0,4334074
yadI_predicted,0.125,7,7,ACCGATCCGTCTGATGCAGG,0,4339823
yadI_predicted,0.125,7,7,ACCCTAGAACTGCAAGGCGC,0,4363908
yadI_predicted,0.125,7,7,ACCCGTCCATAGGCGCACAA,0,4290476
yadI_predicted,0.125,7,7,ACCCCCTTATAGACAACATC,0,4293857
yadI_predicted,0.125,7,7,ACCCATGTCATGATTCGGGA,0,4344981
yadI_predicted,0.125,7,7,ACCCAAGAAGGTCATCAATT,0,4329648
yadI_predicted,0.125,7,7,ACCCAACAGGCAGCAGTCAT,0,4332467
yadI_predicted,0.125,7,7,ACCATGTGAGCTGGCACCCC,0,4293729
yadI_predicted,0.125,7,7,ACCATGGCACCTAAGGGAGT,0,4296046
yadI_predicted,0.125,7,7,ACCATCGCTAAGTTCTTGAG,0,4325620
yadI_predicted,0.125,7,7,ACCATAGTTCGGCCATTAGT,0,4326174
yadI_predicted,0.125,7,7,ACCAGTCGTTCGGTGGAAAT,0,4357134
yadI_predicted,0.125,7,7,ACCACATCCTAATTGCTTAC,0,4291570
yadI_predicted,0.125,7,7,ACATTGATATCAGTTTTGGT,0,4366283
yadI_predicted,0.125,7,7,ACATTATGGTGACAAGGCTT,0,4329290
yadI_predicted,0.125,7,7,ACATGTATAAGTGCTCCGGA,0,4350204
yadI_predicted,0.125,7,7,ACATGAACTTGGTCGGTGGT,0,4363952
yadI_predicted,0.125,7,7,ACATCGAGCTACGCCCTTCC,0,4303354
yadI_predicted,0.125,7,7,ACATCACACGGTAAAGCCGT,0,4291105
yadI_predicted,0.125,7,7,ACATATGCCTATCCTGGTTA,0,4333344
yadI_predicted,0.125,7,7,ACAGTTTTTGTTCGGATCCC,0,4363674
yadI_predicted,0.125,7,7,ACAGTGAATAAGCGTAATGC,0,4367500
yadI_predicted,0.125,7,7,ACAGGTAGAATAGGCCCCCC,0,4333121
yadI_predicted,0.125,7,7,ACAGGGCAATTACGGACCGC,0,4344712
yadI_predicted,0.125,7,7,ACAGCGTATGCATTGGTGTC,0,4314606
yadI_predicted,0.125,7,7,ACAGCGGTTAATGTGATGGA,0,4336038
yadI_predicted,0.125,7,7,ACAGATATATTCCTACACGG,0,4305885
yadI_predicted,0.125,7,7,ACACTTAATGCCATTTGTGG,0,4369174
yadI_predicted,0.125,7,7,ACACGGCAGAATCCTCGCAA,0,4337106
yadI_predicted,0.125,7,7,ACACGCACGATGGCCCACGT,0,4360756
yadI_predicted,0.125,7,7,ACACCGGTATAATTTAATAA,0,4291605
yadI_predicted,0.125,7,7,ACACACCTAAAACGCATTGA,0,4325964
yadI_predicted,0.125,7,7,ACACAAGCATGGAGGGGCAT,0,4292943
yadI_predicted,0.125,7,7,ACAACCGGATGACTGCAGCT,0,4305027
yadI_predicted,0.125,7,7,ACAACCGCGGGGGTACCACC,0,4361399
yadI_predicted,0.125,7,7,ACAACCCAGAAGAACTTCCG,0,4286715
yadI_predicted,0.125,7,7,ACAACAAAAGACGTTTTTTG,0,4290078
yadI_predicted,0.125,7,7,ACAAATGTGACTACCAGGCT,0,4360980
yadI_predicted,0.125,7,7,ACAAAACCACGACAGCGCCC,0,4299473
yadI_predicted,0.125,7,7,AATTTATTTTCTTGTTGAAT,0,4319925
yadI_predicted,0.125,7,7,AATTGCAGCCAGTCCCACAC,0,4328460
yadI_predicted,0.125,7,7,AATTCTTAGCGAGTTTGACA,0,4312321
yadI_predicted,0.125,7,7,AATTCCTTCTAGCGGTGGTT,0,4314498
yadI_predicted,0.125,7,7,AATTAGTCCCATGACTAACT,0,4310617
yadI_predicted,0.125,7,7,AATTAGAAGTGTAGACAAGT,0,4298866
yadI_predicted,0.125,7,7,AATGTCGAATAATTTTATAT,0,4306404
yadI_predicted,0.125,7,7,AATGGTGTATAGCTAAGTAC,0,4361597
yadI_predicted,0.125,7,7,AATGGCAGGTAACGAGACGG,0,4291922
yadI_predicted,0.125,7,7,AATCTAACAAAGGGGCCATT,0,4357681
yadI_predicted,0.125,7,7,AATCGTGGGGTCTTTACTTT,0,4355732
yadI_predicted,0.125,7,7,AATCGTGCGGTCAACTGCAG,0,4320730
yadI_predicted,0.125,7,7,AATCGCCTTACGCGCGCATA,0,4337686
yadI_predicted,0.125,7,7,AATCCCCGACTCGACAATAG,0,4328242
yadI_predicted,0.125,7,7,AATCATCGGCTGGTCACCCT,0,4361885
yadI_predicted,0.125,7,7,AATATGTTATCGGTACTCGG,0,4356303
yadI_predicted,0.125,7,7,AATATGGAAGCATGGCGTAC,0,4337491
yadI_predicted,0.125,7,7,AATATCGACTGGGCTTTAGG,0,4284851
yadI_predicted,0.125,7,7,AATATCACTGTGTTGCCGGA,0,4302232
yadI_predicted,0.125,7,7,AATAGGGACGAAATGTACAT,0,4288848
yadI_predicted,0.125,7,7,AATAGCCCAATAACCGTTGC,0,4284118
yadI_predicted,0.125,7,7,AATAGAGATTGTTCTTGGAC,0,4328127
yadI_predicted,0.125,7,7,AATACCGAACAATCTCAAAA,0,4285848
yadI_predicted,0.125,7,7,AATAAAGTCATACGGGTGTT,0,4338180
yadI_predicted,0.125,7,7,AATAAACGTGGTTGCTCAGC,0,4319849
yadI_predicted,0.125,7,7,AAGTTCTAAGTCAATATGTA,0,4336484
yadI_predicted,0.125,7,7,AAGTTCCTGTCCATGGAAGG,0,4356246
yadI_predicted,0.125,7,7,AAGTGGGTTGCAGCCCCCCC,0,4324424
yadI_predicted,0.125,7,7,AAGTGATGGATGGTTAGACA,0,4340626
yadI_predicted,0.125,7,7,AAGTCTTAACTGTGCCTAGG,0,4354927
yadI_predicted,0.125,7,7,AAGTCTGGTTAATTCGAAGT,0,4336041
yadI_predicted,0.125,7,7,AAGTCTGCGCTTATATCATC,0,4286062
yadI_predicted,0.125,7,7,AAGTCTCTACGGTATGGGTC,0,4286887
yadI_predicted,0.125,7,7,AAGTCTACGGGCATCGGTCC,0,4295360
yadI_predicted,0.125,7,7,AAGTAGTATAAGCAGTGCCC,0,4351963
yadI_predicted,0.125,7,7,AAGGTTTCTTTCACGGGAAA,0,4286800
yadI_predicted,0.125,7,7,AAGGTGTCGTAAGTCAATTG,0,4290930
yadI_predicted,0.125,7,7,AAGGCACGGGGACACCGTCC,0,4321139
yadI_predicted,0.125,7,7,AAGGATCGGTGCGTCTAGCG,0,4329649
yadI_predicted,0.125,7,7,AAGGAATCAAAATTTAGATT,0,4292383
yadI_predicted,0.125,7,7,AAGGAAAGGTCACTTATGGA,0,4316701
yadI_predicted,0.125,7,7,AAGGAAACAGCTGCCCTGTG,0,4368820
yadI_predicted,0.125,7,7,AAGCGTGTTTCTAATTGCTC,0,4352600
yadI_predicted,0.125,7,7,AAGCGCGTAGTATAACCTAA,0,4348098
yadI_predicted,0.125,7,7,AAGCCTGTCTTCAAGAACGT,0,4333334
yadI_predicted,0.125,7,7,AAGCCAAAGCCCTCAGCGAA,0,4332457
yadI_predicted,0.125,7,7,AAGCAGATCACTCAGTGGCG,0,4313040
yadI_predicted,0.125,7,7,AAGCACGAAGCCCTATCGAT,0,4328529
yadI_predicted,0.125,7,7,AAGAGTAGTCGTTTTCCTCC,0,4313852
yadI_predicted,0.125,7,7,AAGAGAGCTGAAGGACCCAC,0,4295322
yadI_predicted,0.125,7,7,AAGACCAACGAGATACACTC,0,4302895
yadI_predicted,0.125,7,7,AAGACACATAAGAGTGTGAC,0,4317828
yadI_predicted,0.125,7,7,AAGAATCCGTAGTAGATCAG,0,4361894
yadI_predicted,0.125,7,7,AACTTTATGGACGTCGGATT,0,4366224
yadI_predicted,0.125,7,7,AACTTGCGCTCTCAGCCTGT,0,4367300
yadI_predicted,0.125,7,7,AACTGTGTTATATGGCTCAC,0,4289877
yadI_predicted,0.125,7,7,AACTGGGTTATAGCACTTAA,0,4326059
yadI_predicted,0.125,7,7,AACTCTAGTAGCGGAAATTC,0,4316235
yadI_predicted,0.125,7,7,AACTCGGGGTTCTGCGAGCC,0,4360736
yadI_predicted,0.125,7,7,AACTCCCTTTATTTGGAGAC,0,4288336
yadI_predicted,0.125,7,7,AACGTGGGCAGTAAATCTTC,0,4314631
yadI_predicted,0.125,7,7,AACGTCCCTTTCGTGAATGG,0,4294651
yadI_predicted,0.125,7,7,AACGGCACGGATTTGGGCAA,0,4356150
yadI_predicted,0.125,7,7,AACGCCTAAACGACAGTCCT,0,4307258
yadI_predicted,0.125,7,7,AACGACTCGGCAAATTCTAC,0,4323389
yadI_predicted,0.125,7,7,AACCTCTGGTTCCTCGTATA,0,4336035
yadI_predicted,0.125,7,7,AACCTCCGTGCGGTCGATCC,0,4354916
yadI_predicted,0.125,7,7,AACCGTCACTTCACTCCTCC,0,4341182
yadI_predicted,0.125,7,7,AACCGCCTCGATATCTTACT,0,4331936
yadI_predicted,0.125,7,7,AACCCCGCTAGCCGGTTCGT,0,4286873
yadI_predicted,0.125,7,7,AACCCATCAGGACTATCGCG,0,4350003
yadI_predicted,0.125,7,7,AACAATAAGCTATAGTCGCA,0,4325334
yadI_predicted,0.125,7,7,AACAACGAAAATTACTGGTA,0,4344426
yadI_predicted,0.125,7,7,AACAACCTTCGAAGGACGGT,0,4349637
yadI_predicted,0.125,7,7,AAATTTTGAGCAAACGCATT,0,4302281
yadI_predicted,0.125,7,7,AAATGTAAAATCCCAATGGT,0,4295891
yadI_predicted,0.125,7,7,AAATGGCGCGAAACCAGATA,0,4349923
yadI_predicted,0.125,7,7,AAATGCTTGTCGTCTTATTT,0,4352188
yadI_predicted,0.125,7,7,AAATGCATAGGCTAAGCAGC,0,4313809
yadI_predicted,0.125,7,7,AAATCTACAGCAAGGCCTCT,0,4300580
yadI_predicted,0.125,7,7,AAATCCGGCCGTTAACGGAC,0,4368155
yadI_predicted,0.125,7,7,AAATCATGGCTAGTAGGCGT,0,4328851
yadI_predicted,0.125,7,7,AAAGTTTTGAACAGCCCGAT,0,4347103
yadI_predicted,0.125,7,7,AAAGTGGGTGACTATAGCTA,0,4329973
yadI_predicted,0.125,7,7,AAAGCTCACACTACTGAAAA,0,4292093
yadI_predicted,0.125,7,7,AAAGCCCAGGCAATAGAGAT,0,4286607
yadI_predicted,0.125,7,7,AAAGAGTCTAGAAGGTTGTT,0,4288513
yadI_predicted,0.125,7,7,AAAGAAGGCGGTAGGCTCGT,0,4294561
yadI_predicted,0.125,7,7,AAACTGTTCAGCACAATCCC,0,4357120
yadI_predicted,0.125,7,7,AAACTCCAGAGAAATGCCCG,0,4368322
yadI_predicted,0.125,7,7,AAACGTAGGCGGGTAACCGT,0,4285923
yadI_predicted,0.125,7,7,AAACCTGAAACCTGTGTAAT,0,4344431
yadI_predicted,0.125,7,7,AAACCGAAGTTGATTGAGAA,0,4369632
yadI_predicted,0.125,7,7,AAACCCCGCCGTCCTAGGGT,0,4357364
yadI_predicted,0.125,7,7,AAACATGTCATATCTGTTGA,0,4358541
yadI_predicted,0.125,7,7,AAACATAAAATCTAACTGCT,0,4348772
yadI_predicted,0.125,7,7,AAAATTGTCATGGGTCCGTC,0,4316499
yadI_predicted,0.125,7,7,AAAAGCGTTAACCGAAACGA,0,4350526
yadI_predicted,0.125,7,7,AAAAGCGCATGCCTTTCATT,0,4298755
yadI_predicted,0.125,7,7,AAAAGATACGCACTGCCCCG,0,4304062
yadI_predicted,0.125,7,7,AAAACCAGGTATCCGGTGAA,0,4322490
yadI_predicted,0.14285714285714285,6,6,TTTTTCCAACGTGATCAACT,0,4298068
yadI_predicted,0.14285714285714285,6,6,TTTTGCCCTCGACGCTAGGT,0,4323662
yadI_predicted,0.14285714285714285,6,6,TTTTCGCCACGACCTTCCAG,0,4319624
yadI_predicted,0.14285714285714285,6,6,TTTTCCGCCATAATGTTATT,0,4311050
yadI_predicted,0.14285714285714285,6,6,TTTTCCCACCCCTCGGGCGG,0,4291111
yadI_predicted,0.14285714285714285,6,6,TTTTAGATACCATGGTGTCC,0,4321824
yadI_predicted,0.14285714285714285,6,6,TTTGTTGTTAGCGAACCAGG,0,4350058
yadI_predicted,0.14285714285714285,6,6,TTTGGCTCAGCGATCGGCAT,0,4302216
yadI_predicted,0.14285714285714285,6,6,TTTGGATTTGTGCGTAACGG,0,4334610
yadI_predicted,0.14285714285714285,6,6,TTTGCGTTCTTCAGAGCGAG,0,4326720
yadI_predicted,0.14285714285714285,6,6,TTTGCCCAGGGTCAGTGAGG,0,4359962
yadI_predicted,0.14285714285714285,6,6,TTTGATAGATAGCGGCGCGT,0,4349145
yadI_predicted,0.14285714285714285,6,6,TTTGAGTTTCTAACGCATAT,0,4302485
yadI_predicted,0.14285714285714285,6,6,TTTGAGCCAGCAGAATAGAA,0,4297540
yadI_predicted,0.14285714285714285,6,6,TTTGAATAGAATCCCCCCTT,0,4316899
yadI_predicted,0.14285714285714285,6,6,TTTCTTGGGACACTTTGATT,0,4287003
yadI_predicted,0.14285714285714285,6,6,TTTCTCACGCACGTGTCTAT,0,4290987
yadI_predicted,0.14285714285714285,6,6,TTTCTAAGGCTACAAAAGCA,0,4342544
yadI_predicted,0.14285714285714285,6,6,TTTCGTGCGAATTCACTTAA,0,4342061
yadI_predicted,0.14285714285714285,6,6,TTTCCTACGGAGCCACCGTT,0,4293622
yadI_predicted,0.14285714285714285,6,6,TTTCCAGTCATTGACTCAAT,0,4335180
yadI_predicted,0.14285714285714285,6,6,TTTCAATTCAACGTAAGGTA,0,4354350
yadI_predicted,0.14285714285714285,6,6,TTTCAAGGCCGTTACATATG,0,4322858
yadI_predicted,0.14285714285714285,6,6,TTTATTATATAGTCACGGGG,0,4368305
yadI_predicted,0.14285714285714285,6,6,TTTAGGAGGATACACTGGTC,0,4297825
yadI_predicted,0.14285714285714285,6,6,TTTACGGAAAGTGGAACTGT,0,4336196
yadI_predicted,0.14285714285714285,6,6,TTTACCCCCGGATAGTCCCA,0,4285812
yadI_predicted,0.14285714285714285,6,6,TTTAAGCAAGGTAGCGGAAT,0,4349283
yadI_predicted,0.14285714285714285,6,6,TTGTTTTGCCGTTACGGGTA,0,4326594
yadI_predicted,0.14285714285714285,6,6,TTGTTTGCGCCGGTATGGGT,0,4293281
yadI_predicted,0.14285714285714285,6,6,TTGTTCACCGCAGTTCCGAG,0,4329173
yadI_predicted,0.14285714285714285,6,6,TTGTTCAAGCAAGCAAAGCA,0,4361760
yadI_predicted,0.14285714285714285,6,6,TTGTGTGCTGCTTGAAGACT,0,4293892
yadI_predicted,0.14285714285714285,6,6,TTGTGCGGCGCGCTTCGGCA,0,4296581
yadI_predicted,0.14285714285714285,6,6,TTGTAATGTTGCGTCTATTC,0,4299858
yadI_predicted,0.14285714285714285,6,6,TTGTAAGCTCATCTATGTAA,0,4323471
yadI_predicted,0.14285714285714285,6,6,TTGGTATGGTTCCCAATCCC,0,4344552
yadI_predicted,0.14285714285714285,6,6,TTGGTAAACGGACAGGGGGA,0,4306513
yadI_predicted,0.14285714285714285,6,6,TTGGGTTCGCACTGCCTCAT,0,4358510
yadI_predicted,0.14285714285714285,6,6,TTGGGCAAAAGCTCACTCCT,0,4307467
yadI_predicted,0.14285714285714285,6,6,TTGGAGTGAGGAGACACCAA,0,4350561
yadI_predicted,0.14285714285714285,6,6,TTGGAGCGGGGATATAACTT,0,4338838
yadI_predicted,0.14285714285714285,6,6,TTGGAGCAAGCGATGTGCGT,0,4336318
yadI_predicted,0.14285714285714285,6,6,TTGGAACGTCCACTCTGTAG,0,4300389
yadI_predicted,0.14285714285714285,6,6,TTGCGGAATTTATTGCTCGA,0,4335875
yadI_predicted,0.14285714285714285,6,6,TTGCCAAACCAAGGTGGTCA,0,4306164
yadI_predicted,0.14285714285714285,6,6,TTGCATTGCTTATTCCTCCT,0,4319392
yadI_predicted,0.14285714285714285,6,6,TTGCACACCTTGGTAGAACG,0,4315976
yadI_predicted,0.14285714285714285,6,6,TTGATAGTCTGGCACGTTCT,0,4332314
yadI_predicted,0.14285714285714285,6,6,TTGATAAGCAACGGCTCATG,0,4361517
yadI_predicted,0.14285714285714285,6,6,TTGAGGCCATAGATTGGGGG,0,4349937
yadI_predicted,0.14285714285714285,6,6,TTGAGAAGCAAGGGTCTTGA,0,4321956
yadI_predicted,0.14285714285714285,6,6,TTGACTGAAACCCACCATAA,0,4345045
yadI_predicted,0.14285714285714285,6,6,TTGAATTCCACGGACGGGGA,0,4324690
yadI_predicted,0.14285714285714285,6,6,TTCTGGGCCAGTTATCTGAA,0,4342405
yadI_predicted,0.14285714285714285,6,6,TTCTAGGCAGGCAGAGGCAC,0,4297762
yadI_predicted,0.14285714285714285,6,6,TTCTAATAAAGCAGACTTGA,0,4318570
yadI_predicted,0.14285714285714285,6,6,TTCGTAATGTCTCCGTGGCT,0,4324691
yadI_predicted,0.14285714285714285,6,6,TTCGGTAACCTGAGGTGTCT,0,4289953
yadI_predicted,0.14285714285714285,6,6,TTCGGAGATCTGGAACGGCG,0,4302911
yadI_predicted,0.14285714285714285,6,6,TTCGCGAAGGTTCGGTCAGG,0,4287398
yadI_predicted,0.14285714285714285,6,6,TTCGAACGACGACTGACCCT,0,4308141
yadI_predicted,0.14285714285714285,6,6,TTCCTCCACACGTGAGCAAC,0,4305256
yadI_predicted,0.14285714285714285,6,6,TTCCGTACCCCCTGGAATGT,0,4342458
yadI_predicted,0.14285714285714285,6,6,TTCCGGTGGACATTCAACCA,0,4337036
yadI_predicted,0.14285714285714285,6,6,TTCCGGACCAGGCGCGAAAT,0,4295822
yadI_predicted,0.14285714285714285,6,6,TTCCGCTCGCTGAGAAAGTA,0,4285583
yadI_predicted,0.14285714285714285,6,6,TTCCCGGGACATATTCCGAT,0,4289809
yadI_predicted,0.14285714285714285,6,6,TTCCCGATCGTAACTTCAGA,0,4324079
yadI_predicted,0.14285714285714285,6,6,TTCCAGAATCGTCAATACCT,0,4314186
yadI_predicted,0.14285714285714285,6,6,TTCCAAAAGCACCTGAGCCA,0,4362078
yadI_predicted,0.14285714285714285,6,6,TTCATTATATACTGTGTGAA,0,4366269
yadI_predicted,0.14285714285714285,6,6,TTCAGACGAGACATTAGAAA,0,4346579
yadI_predicted,0.14285714285714285,6,6,TTCAGAAGCCCTTGAACAAT,0,4298803
yadI_predicted,0.14285714285714285,6,6,TTCACTGCACGAGAATTATA,0,4307154
yadI_predicted,0.14285714285714285,6,6,TTCACTGACATTCCACACCT,0,4358925
yadI_predicted,0.14285714285714285,6,6,TTCACTAAAACATTCGGTTT,0,4299559
yadI_predicted,0.14285714285714285,6,6,TTCAAGGGGCAAGCGGCATA,0,4308607
yadI_predicted,0.14285714285714285,6,6,TTCAAGAGATCCACAAAATC,0,4314197
yadI_predicted,0.14285714285714285,6,6,TTATGTTGGGACTTCACTGT,0,4332943
yadI_predicted,0.14285714285714285,6,6,TTATGGGAGATCGAGTCGTT,0,4325944
yadI_predicted,0.14285714285714285,6,6,TTATGATCAATCTTTACCTG,0,4326532
yadI_predicted,0.14285714285714285,6,6,TTATGAAATCCCCAAGGTGT,0,4306096
yadI_predicted,0.14285714285714285,6,6,TTAGTGTATTCCAACGTTCA,0,4319044
yadI_predicted,0.14285714285714285,6,6,TTAGTCGCTGAACAGTCAGG,0,4318070
yadI_predicted,0.14285714285714285,6,6,TTAGGCCAGAAGTTGCTTTA,0,4305350
yadI_predicted,0.14285714285714285,6,6,TTAGCTGGAGGCTTCGATTA,0,4305197
yadI_predicted,0.14285714285714285,6,6,TTAGACTTAGATAAACCTAC,0,4358863
yadI_predicted,0.14285714285714285,6,6,TTAGACATTAACTGTACGTT,0,4310760
yadI_predicted,0.14285714285714285,6,6,TTACTCTCTGTGACAGAGCC,0,4296904
yadI_predicted,0.14285714285714285,6,6,TTACTCCTCGGATACGACAG,0,4297653
yadI_predicted,0.14285714285714285,6,6,TTACTCAATGCGCCAGGAAG,0,4288764
yadI_predicted,0.14285714285714285,6,6,TTACGTACCTGGGCACACAG,0,4312318
yadI_predicted,0.14285714285714285,6,6,TTACATGGTAGTTTACTGTA,0,4309790
yadI_predicted,0.14285714285714285,6,6,TTACAGGACCTTGGTTAATG,0,4309921
yadI_predicted,0.14285714285714285,6,6,TTACAACTGGACACATGAGT,0,4312910
yadI_predicted,0.14285714285714285,6,6,TTAATCCGATGAAGCAGGAG,0,4360146
yadI_predicted,0.14285714285714285,6,6,TTAAGTAATTCCGTATCACT,0,4318434
yadI_predicted,0.14285714285714285,6,6,TTAAGGACTTGGAGTACGAA,0,4357430
yadI_predicted,0.14285714285714285,6,6,TTAAGGAACTATCCCTAATA,0,4361737
yadI_predicted,0.14285714285714285,6,6,TTAACACCAAGTTTTAGCTA,0,4357026
yadI_predicted,0.14285714285714285,6,6,TTAAATTCTACCCAGTACCT,0,4330400
yadI_predicted,0.14285714285714285,6,6,TTAAAGCGTGCACCACAGCG,0,4308686
yadI_predicted,0.14285714285714285,6,6,TTAAAAGCACATTGGCGGAG,0,4299031
yadI_predicted,0.14285714285714285,6,6,TGTTTGGCCCATAGCATTGT,0,4354866
yadI_predicted,0.14285714285714285,6,6,TGTTGTCCCTACTCGCCCAG,0,4358030
yadI_predicted,0.14285714285714285,6,6,TGTTGGGCGCCTGAGTGTTG,0,4307662
yadI_predicted,0.14285714285714285,6,6,TGTTGAATTTTCAGGTTTTA,0,4297545
yadI_predicted,0.14285714285714285,6,6,TGTTAGTTACTCCGGTTCAA,0,4299279
yadI_predicted,0.14285714285714285,6,6,TGTGGGACAGGATGAAAGAC,0,4288305
yadI_predicted,0.14285714285714285,6,6,TGTGCTATTAGGTTGCCTTC,0,4314513
yadI_predicted,0.14285714285714285,6,6,TGTGATACATCCGCTCGTCA,0,4340985
yadI_predicted,0.14285714285714285,6,6,TGTGAACGCGCGTGAATTGC,0,4365754
yadI_predicted,0.14285714285714285,6,6,TGTCTTTTAAAACACTCCCA,0,4292479
yadI_predicted,0.14285714285714285,6,6,TGTCTTAGCTTTTGAGCACG,0,4329831
yadI_predicted,0.14285714285714285,6,6,TGTCTACTTTAGAGAATGAG,0,4305119
yadI_predicted,0.14285714285714285,6,6,TGTCGATCGCTCGAGGACTT,0,4327513
yadI_predicted,0.14285714285714285,6,6,TGTCCGTTGAAATGTCACCT,0,4322312
yadI_predicted,0.14285714285714285,6,6,TGTCCATATCTAGAATTGTT,0,4316244
yadI_predicted,0.14285714285714285,6,6,TGTCATCAGCTTACGCATTC,0,4345444
yadI_predicted,0.14285714285714285,6,6,TGTCAGGATTGATCCAAACG,0,4290783
yadI_predicted,0.14285714285714285,6,6,TGTCAGACAGTGTATTGCGA,0,4338067
yadI_predicted,0.14285714285714285,6,6,TGTATTCCGTGAGAGCGACG,0,4310778
yadI_predicted,0.14285714285714285,6,6,TGTAGGACGGACCAGTCACT,0,4290403
yadI_predicted,0.14285714285714285,6,6,TGTACGAACCCTACCCCCGC,0,4335786
yadI_predicted,0.14285714285714285,6,6,TGTACAGAAGGTTCAACAGT,0,4329103
yadI_predicted,0.14285714285714285,6,6,TGTAACATTATCCCCGTTAA,0,4335940
yadI_predicted,0.14285714285714285,6,6,TGGTTGCAACAAGTTGGTAC,0,4366202
yadI_predicted,0.14285714285714285,6,6,TGGTTCTCTGCATCTTTATG,0,4316955
yadI_predicted,0.14285714285714285,6,6,TGGTGTTGTATCCAGTTCTG,0,4334785
yadI_predicted,0.14285714285714285,6,6,TGGTGAGAAAGTTGCCGCCT,0,4322840
yadI_predicted,0.14285714285714285,6,6,TGGTCGGAGACGGAGTAAGT,0,4312185
yadI_predicted,0.14285714285714285,6,6,TGGTAAGAGTGCAATAAAAC,0,4295158
yadI_predicted,0.14285714285714285,6,6,TGGGTTGAAAATACCGATGC,0,4343186
yadI_predicted,0.14285714285714285,6,6,TGGGTGGGTTACTGAGGCAT,0,4331299
yadI_predicted,0.14285714285714285,6,6,TGGGTGCGACTGAGATTACG,0,4336653
yadI_predicted,0.14285714285714285,6,6,TGGGGTGCGGACTTGTACAC,0,4358543
yadI_predicted,0.14285714285714285,6,6,TGGGCTAAATAACAGTTCGA,0,4284537
yadI_predicted,0.14285714285714285,6,6,TGGGCAATTCCGCACCGTAG,0,4316216
yadI_predicted,0.14285714285714285,6,6,TGGGATACTGTAGGCCTACT,0,4317865
yadI_predicted,0.14285714285714285,6,6,TGGGAGCAGTCTCCGTGTTC,0,4368205
yadI_predicted,0.14285714285714285,6,6,TGGGACCGAGGTGGACAGCC,0,4326556
yadI_predicted,0.14285714285714285,6,6,TGGCTACAATGGGATCCATA,0,4329990
yadI_predicted,0.14285714285714285,6,6,TGGCGTACCGCGGCGCCCCC,0,4345847
yadI_predicted,0.14285714285714285,6,6,TGGCAGTCTTACACTGGAAA,0,4340307
yadI_predicted,0.14285714285714285,6,6,TGGATTGATGGCTTCAAATG,0,4354771
yadI_predicted,0.14285714285714285,6,6,TGGATTACAGGGTACTATCC,0,4299572
yadI_predicted,0.14285714285714285,6,6,TGGATCGGGCTATTGGCCCC,0,4315068
yadI_predicted,0.14285714285714285,6,6,TGGAGCTGCCGAAATCTCGT,0,4348900
yadI_predicted,0.14285714285714285,6,6,TGGACTTACGCTAACATATG,0,4288372
yadI_predicted,0.14285714285714285,6,6,TGGAAATCTAAGCATTCGGA,0,4364433
yadI_predicted,0.14285714285714285,6,6,TGCTTCGTTTGCCACATCAT,0,4330809
yadI_predicted,0.14285714285714285,6,6,TGCTTATCCACGCTGATGCG,0,4331193
yadI_predicted,0.14285714285714285,6,6,TGCTGTTCTGAAAATACCCA,0,4352242
yadI_predicted,0.14285714285714285,6,6,TGCTCTCTCGGCCTTCAATG,0,4319045
yadI_predicted,0.14285714285714285,6,6,TGCTCCCATGGGTCAAATTT,0,4316891
yadI_predicted,0.14285714285714285,6,6,TGCTAGCGTTTAACGGTTCA,0,4345739
yadI_predicted,0.14285714285714285,6,6,TGCTAGATGCTACTATCTGG,0,4323844
yadI_predicted,0.14285714285714285,6,6,TGCTACCGACATACACCTGA,0,4335332
yadI_predicted,0.14285714285714285,6,6,TGCGTGGTCCCCTAGGGGTC,0,4341636
yadI_predicted,0.14285714285714285,6,6,TGCGTGAGGGTAGCGGAATA,0,4352799
yadI_predicted,0.14285714285714285,6,6,TGCGCTCAAACTTCTGAAGG,0,4325559
yadI_predicted,0.14285714285714285,6,6,TGCGCGTCATGGGACGACGG,0,4302282
yadI_predicted,0.14285714285714285,6,6,TGCGCCCTACTGGACTATTG,0,4287341
yadI_predicted,0.14285714285714285,6,6,TGCGCATGTTAGGGTGGAAA,0,4318262
yadI_predicted,0.14285714285714285,6,6,TGCGATCGCGAAAGGCACAA,0,4326710
yadI_predicted,0.14285714285714285,6,6,TGCGAATGTCCTTTTAAGAC,0,4326907
yadI_predicted,0.14285714285714285,6,6,TGCCGCTTAACCATTGTCTT,0,4346583
yadI_predicted,0.14285714285714285,6,6,TGCCCCAACTCGCAGTTAAT,0,4359972
yadI_predicted,0.14285714285714285,6,6,TGCCCAGAAATCCGGATCTT,0,4357945
yadI_predicted,0.14285714285714285,6,6,TGCCATATGACTGGTACAGA,0,4321540
yadI_predicted,0.14285714285714285,6,6,TGCCAGGGAAAGGGTATAAT,0,4339617
yadI_predicted,0.14285714285714285,6,6,TGCCAGCGGTGCTGCTTTCT,0,4324346
yadI_predicted,0.14285714285714285,6,6,TGCATTGTCGATAACCTCAC,0,4340883
yadI_predicted,0.14285714285714285,6,6,TGCATGCATCAGGTGACGAA,0,4295209
yadI_predicted,0.14285714285714285,6,6,TGCACTAGCGTCAGTGTTAA,0,4345946
yadI_predicted,0.14285714285714285,6,6,TGCACCGTGGTGAACTGGCA,0,4324981
yadI_predicted,0.14285714285714285,6,6,TGCAAGTTATATAATCAATC,0,4309745
yadI_predicted,0.14285714285714285,6,6,TGCAACGCGTGTGGGTAAGG,0,4305664
yadI_predicted,0.14285714285714285,6,6,TGCAACATCTCAAGAATGAC,0,4353953
yadI_predicted,0.14285714285714285,6,6,TGCAACAGGTGTCGGAATAT,0,4335598
yadI_predicted,0.14285714285714285,6,6,TGATTTGACAAGCCTGCGGT,0,4332061
yadI_predicted,0.14285714285714285,6,6,TGATATACGGGACATCTCAG,0,4302484
yadI_predicted,0.14285714285714285,6,6,TGATACTCGCGATCAACTAA,0,4359521
yadI_predicted,0.14285714285714285,6,6,TGATAAGGTGCAGGAGTTTC,0,4320922
yadI_predicted,0.14285714285714285,6,6,TGATAAGCTCATTCCAAATC,0,4320637
yadI_predicted,0.14285714285714285,6,6,TGAGTTGTGACCAATCTAGT,0,4309861
yadI_predicted,0.14285714285714285,6,6,TGAGTTGACGAGGGTGCCAA,0,4349957
yadI_predicted,0.14285714285714285,6,6,TGAGTATGCGTGAACTGAGA,0,4314969
yadI_predicted,0.14285714285714285,6,6,TGAGGGGCATCTCTCACCTG,0,4331214
yadI_predicted,0.14285714285714285,6,6,TGAGGGGAAGACATTTCCGT,0,4319263
yadI_predicted,0.14285714285714285,6,6,TGAGAGGACATAGAATTGAA,0,4347784
yadI_predicted,0.14285714285714285,6,6,TGACTTATGAGCCCTCGAGT,0,4301823
yadI_predicted,0.14285714285714285,6,6,TGACTCTCGGCATGGAACTT,0,4341031
yadI_predicted,0.14285714285714285,6,6,TGACGCCGTACGGTTCCGTA,0,4337889
yadI_predicted,0.14285714285714285,6,6,TGACGCATCCAGGCGTCTGC,0,4295901
yadI_predicted,0.14285714285714285,6,6,TGACAGTTTGGCAAAGTAAG,0,4294617
yadI_predicted,0.14285714285714285,6,6,TGAATTGGGCGGTCGCTCTT,0,4288929
yadI_predicted,0.14285714285714285,6,6,TGAATTAACAGAGAGAGGTC,0,4356793
yadI_predicted,0.14285714285714285,6,6,TGAATAGCCTGTTCGCAAGA,0,4341453
yadI_predicted,0.14285714285714285,6,6,TGAAGGACTCGGGACTACAC,0,4357895
yadI_predicted,0.14285714285714285,6,6,TGAAGCTCAGTGTGGCTAGC,0,4346631
yadI_predicted,0.14285714285714285,6,6,TGAAGACGTGTCCTGGGTCT,0,4327991
yadI_predicted,0.14285714285714285,6,6,TGAAAAATAGGAAGCACCGC,0,4318911
yadI_predicted,0.14285714285714285,6,6,TGAAAAAAGCCAATCTCCCG,0,4366746
yadI_predicted,0.14285714285714285,6,6,TCTTTTTGGAATTCTGTCCA,0,4344741
yadI_predicted,0.14285714285714285,6,6,TCTTTTAGGTAAAGCAAATG,0,4321652
yadI_predicted,0.14285714285714285,6,6,TCTTTATCTCGAGCACGGCA,0,4342536
yadI_predicted,0.14285714285714285,6,6,TCTTGTATTCGTTTTGGTAC,0,4368495
yadI_predicted,0.14285714285714285,6,6,TCTTGCGTAGTAAAATCGAC,0,4333641
yadI_predicted,0.14285714285714285,6,6,TCTTGAAACCGGTGCTGACA,0,4323428
yadI_predicted,0.14285714285714285,6,6,TCTTCCACTAAACATCCTAC,0,4354149
yadI_predicted,0.14285714285714285,6,6,TCTTCAGGGAACTGTATCTC,0,4357080
yadI_predicted,0.14285714285714285,6,6,TCTTCAACCGCACATCGAAA,0,4325573
yadI_predicted,0.14285714285714285,6,6,TCTGGGGTGAACCGTCTAGC,0,4302893
yadI_predicted,0.14285714285714285,6,6,TCTGCTTAGTGCTCGTCACT,0,4328302
yadI_predicted,0.14285714285714285,6,6,TCTGATACTAAAATCGTTCT,0,4310322
yadI_predicted,0.14285714285714285,6,6,TCTCTTACCTTCGAATTGGG,0,4304766
yadI_predicted,0.14285714285714285,6,6,TCTCTCTATCGCCACGACTC,0,4368839
yadI_predicted,0.14285714285714285,6,6,TCTCAACTTTTAATTTCATT,0,4327749
yadI_predicted,0.14285714285714285,6,6,TCTATGACTCCCTATCGCTA,0,4332574
yadI_predicted,0.14285714285714285,6,6,TCTATCGGGTGTTTATCATG,0,4334827
yadI_predicted,0.14285714285714285,6,6,TCGTTGATTGTTAGCTTGCC,0,4325783
yadI_predicted,0.14285714285714285,6,6,TCGTGTTGCCTACCGCACCA,0,4368621
yadI_predicted,0.14285714285714285,6,6,TCGTGTAAGAGTAGTCAATC,0,4322760
yadI_predicted,0.14285714285714285,6,6,TCGTCGTGTGAGGCTGCTCC,0,4326016
yadI_predicted,0.14285714285714285,6,6,TCGTCGTGTCGGACTAAGTG,0,4311591
yadI_predicted,0.14285714285714285,6,6,TCGTCGCTATACCTTCTGGA,0,4288690
yadI_predicted,0.14285714285714285,6,6,TCGTCAGACCATCACCAAAG,0,4325808
yadI_predicted,0.14285714285714285,6,6,TCGGTTTCATCGTTTACGTT,0,4360310
yadI_predicted,0.14285714285714285,6,6,TCGGTTGGTGCTTTGAGTAG,0,4367849
yadI_predicted,0.14285714285714285,6,6,TCGGTCGGGATATAATGAGT,0,4301338
yadI_predicted,0.14285714285714285,6,6,TCGGGTGTAGAGTATTCTTT,0,4304949
yadI_predicted,0.14285714285714285,6,6,TCGGGTAGGCTGCCTACGCG,0,4289258
yadI_predicted,0.14285714285714285,6,6,TCGGGCAGCACTAATGCCGA,0,4361772
yadI_predicted,0.14285714285714285,6,6,TCGGGAATGGCTGTCGGTAA,0,4368465
yadI_predicted,0.14285714285714285,6,6,TCGGCTGTGCTTGATTAGGA,0,4316275
yadI_predicted,0.14285714285714285,6,6,TCGGCTCGTTTAGAAGTCGA,0,4361429
yadI_predicted,0.14285714285714285,6,6,TCGGCACAGAGTACTACGAA,0,4317382
yadI_predicted,0.14285714285714285,6,6,TCGGATTTTCAAGCCACCCA,0,4306228
yadI_predicted,0.14285714285714285,6,6,TCGGACCGCGTAAGCGATGT,0,4332884
yadI_predicted,0.14285714285714285,6,6,TCGGAATTCTCGACGGTGCG,0,4315461
yadI_predicted,0.14285714285714285,6,6,TCGCTTAGATAGCCACGAAT,0,4314628
yadI_predicted,0.14285714285714285,6,6,TCGCGGTACTGTTTCATCGT,0,4324870
yadI_predicted,0.14285714285714285,6,6,TCGCGACACTTTGAGCTTAA,0,4342478
yadI_predicted,0.14285714285714285,6,6,TCGCACGATGGCCGCTCTTA,0,4322134
yadI_predicted,0.14285714285714285,6,6,TCGATCAGGCAGTGGGCAAT,0,4290328
yadI_predicted,0.14285714285714285,6,6,TCGATATTTACACATAAAGA,0,4354135
yadI_predicted,0.14285714285714285,6,6,TCGAGTCCCACGGCGCGGTA,0,4305278
yadI_predicted,0.14285714285714285,6,6,TCGAGGACACTAGCCCCGGG,0,4311181
yadI_predicted,0.14285714285714285,6,6,TCGAGAGCACGTCAAAGGTC,0,4328130
yadI_predicted,0.14285714285714285,6,6,TCGACCGTATAATCATCAAC,0,4324753
yadI_predicted,0.14285714285714285,6,6,TCGACACCTCTACTCACCTA,0,4332138
yadI_predicted,0.14285714285714285,6,6,TCGAATGGAAACTGATAGGT,0,4307710
yadI_predicted,0.14285714285714285,6,6,TCCTTGGAAGTAGTGCCCGC,0,4367727
yadI_predicted,0.14285714285714285,6,6,TCCTGTAGCTTTTCAAACTT,0,4359917
yadI_predicted,0.14285714285714285,6,6,TCCTCGGACCATGTCTAGAT,0,4316138
yadI_predicted,0.14285714285714285,6,6,TCCTCACGGCTCGCTTTAAT,0,4316438
yadI_predicted,0.14285714285714285,6,6,TCCTATGTACACAATCCTTA,0,4333697
yadI_predicted,0.14285714285714285,6,6,TCCTACGGCGAAATTTCCTC,0,4288672
yadI_predicted,0.14285714285714285,6,6,TCCGTCATTCCGCCCCTGGG,0,4290849
yadI_predicted,0.14285714285714285,6,6,TCCGTAGAGCTAGTCGCAAC,0,4326100
yadI_predicted,0.14285714285714285,6,6,TCCGGGGCACGTTCACAGCT,0,4328570
yadI_predicted,0.14285714285714285,6,6,TCCGGCGGTTATGATAACCT,0,4332861
yadI_predicted,0.14285714285714285,6,6,TCCGGATGTGCGTGTGACAG,0,4362536
yadI_predicted,0.14285714285714285,6,6,TCCGAAGAGACGTGCCGTTT,0,4342744
yadI_predicted,0.14285714285714285,6,6,TCCCTGACAGGGGCATTTGT,0,4318080
yadI_predicted,0.14285714285714285,6,6,TCCCTCACCGGAGACTGGCG,0,4359022
yadI_predicted,0.14285714285714285,6,6,TCCCTCAAAGAATGCATGGG,0,4343616
yadI_predicted,0.14285714285714285,6,6,TCCCATCCTGTTGCTAACTA,0,4351726
yadI_predicted,0.14285714285714285,6,6,TCCCACTGGGTAACCAGAGG,0,4365309
yadI_predicted,0.14285714285714285,6,6,TCCCAACCGGGGTTCCAGTT,0,4299845
yadI_predicted,0.14285714285714285,6,6,TCCAGCTCGAGTTTTCAACG,0,4309857
yadI_predicted,0.14285714285714285,6,6,TCCAGAGGCATGCGATCCGG,0,4325942
yadI_predicted,0.14285714285714285,6,6,TCCAGAACCTGCGCCTCGAT,0,4308942
yadI_predicted,0.14285714285714285,6,6,TCCACATAGACAACGTTTGA,0,4313177
yadI_predicted,0.14285714285714285,6,6,TCCAACTGCCAGAGTTTACG,0,4368872
yadI_predicted,0.14285714285714285,6,6,TCCAAAGACTAACCGACGAC,0,4369181
yadI_predicted,0.14285714285714285,6,6,TCATTCTCGGTCTCCTGCAA,0,4299651
yadI_predicted,0.14285714285714285,6,6,TCATCCGCCGCCATTCAGTC,0,4294660
yadI_predicted,0.14285714285714285,6,6,TCATATCCATACCTGTAGCT,0,4353405
yadI_predicted,0.14285714285714285,6,6,TCATATCATGTATTGACTGC,0,4300666
yadI_predicted,0.14285714285714285,6,6,TCATAGGGTGCAGACAGTGG,0,4361608
yadI_predicted,0.14285714285714285,6,6,TCAGTTTTCCGCAGACACGA,0,4336616
yadI_predicted,0.14285714285714285,6,6,TCAGTTGGTCAACTAGATCA,0,4336643
yadI_predicted,0.14285714285714285,6,6,TCAGTGGCGACGCGGCCCTG,0,4336008
yadI_predicted,0.14285714285714285,6,6,TCAGGCGGTCTTATACTCTA,0,4369519
yadI_predicted,0.14285714285714285,6,6,TCAGGAGTGTTTTTTTTCGC,0,4312322
yadI_predicted,0.14285714285714285,6,6,TCAGCTGAATCTCATCAAGT,0,4305592
yadI_predicted,0.14285714285714285,6,6,TCAGCGCATGGGTACTACGA,0,4367232
yadI_predicted,0.14285714285714285,6,6,TCAGCGAGCACCGGGAATGT,0,4312805
yadI_predicted,0.14285714285714285,6,6,TCAGATGCCCTAGTGTTAGG,0,4344435
yadI_predicted,0.14285714285714285,6,6,TCAGAGGCGGTCTGGGCCGG,0,4337833
yadI_predicted,0.14285714285714285,6,6,TCAGACCAATGAGGGATGAA,0,4318993
yadI_predicted,0.14285714285714285,6,6,TCACTAAACTTCCTAGGCAA,0,4331577
yadI_predicted,0.14285714285714285,6,6,TCACGTAGCTACATGAACGC,0,4360568
yadI_predicted,0.14285714285714285,6,6,TCACAACCGTGGTCTCTTCC,0,4348615
yadI_predicted,0.14285714285714285,6,6,TCAATCCCTAGCGCATAAAT,0,4337817
yadI_predicted,0.14285714285714285,6,6,TCAAGGCATGTACTTATTCT,0,4357639
yadI_predicted,0.14285714285714285,6,6,TCAACGGCGAGCGCCGCTCC,0,4344710
yadI_predicted,0.14285714285714285,6,6,TCAACCTCAGTCCTTTATGC,0,4338070
yadI_predicted,0.14285714285714285,6,6,TCAACAGTAATCCCCGATTA,0,4354611
yadI_predicted,0.14285714285714285,6,6,TCAAATTATTTTCGCTGGAA,0,4328743
yadI_predicted,0.14285714285714285,6,6,TCAAACGCGGCATGCGAGAA,0,4334207
yadI_predicted,0.14285714285714285,6,6,TATTGATTCGCGTGAAAGCG,0,4357211
yadI_predicted,0.14285714285714285,6,6,TATTGAGCTGAAACCGTTGG,0,4299737
yadI_predicted,0.14285714285714285,6,6,TATTCCTTCAGCGGGACGGG,0,4306407
yadI_predicted,0.14285714285714285,6,6,TATTCAGACCCATCGCTGAC,0,4290459
yadI_predicted,0.14285714285714285,6,6,TATTAACGACCCTAGTGTTG,0,4319705
yadI_predicted,0.14285714285714285,6,6,TATGTTGCAGAATTGTGAGA,0,4338911
yadI_predicted,0.14285714285714285,6,6,TATGTGGCGATTAGTTTTTT,0,4345236
yadI_predicted,0.14285714285714285,6,6,TATGGCGGCGTGGCACAAGT,0,4358414
yadI_predicted,0.14285714285714285,6,6,TATGCCATACGGAGGAAAAT,0,4337753
yadI_predicted,0.14285714285714285,6,6,TATGACATCCCTTCTTAGCA,0,4358016
yadI_predicted,0.14285714285714285,6,6,TATCTGTTGCAACATCTCCT,0,4337075
yadI_predicted,0.14285714285714285,6,6,TATCTAAACTTGCGGATATG,0,4361628
yadI_predicted,0.14285714285714285,6,6,TATCGCTCCGCGTTTATTAA,0,4295956
yadI_predicted,0.14285714285714285,6,6,TATCGACGACATATAAACCG,0,4317031
yadI_predicted,0.14285714285714285,6,6,TATCGAAGAGGTCCTTGTCT,0,4330642
yadI_predicted,0.14285714285714285,6,6,TATCCCGGCTAGCTCGAAAG,0,4354047
yadI_predicted,0.14285714285714285,6,6,TATCAGTTGCTATTCGTCTC,0,4304799
yadI_predicted,0.14285714285714285,6,6,TATCAAGCCTGCGGCCGAAC,0,4327915
yadI_predicted,0.14285714285714285,6,6,TATATGGGCGCCTCTCCCGT,0,4361539
yadI_predicted,0.14285714285714285,6,6,TATATATCCAAATACGAGAA,0,4294148
yadI_predicted,0.14285714285714285,6,6,TATATACTACGCGCAAGTAT,0,4333859
yadI_predicted,0.14285714285714285,6,6,TATAATCTCATCTTGGATGC,0,4360432
yadI_predicted,0.14285714285714285,6,6,TAGTTAGATGAAAGCTGTGC,0,4308241
yadI_predicted,0.14285714285714285,6,6,TAGGTGCCAACATTTTGGGA,0,4289417
yadI_predicted,0.14285714285714285,6,6,TAGGTCCCATAATGCCCATG,0,4299634
yadI_predicted,0.14285714285714285,6,6,TAGGTCAGAAGGGCATGTAA,0,4366426
yadI_predicted,0.14285714285714285,6,6,TAGGGACTTGTGCTGCACCC,0,4338456
yadI_predicted,0.14285714285714285,6,6,TAGGCGATTCGCAGCGGAGG,0,4324689
yadI_predicted,0.14285714285714285,6,6,TAGGCGACGATTTCAAGGTT,0,4322867
yadI_predicted,0.14285714285714285,6,6,TAGGCATGTTCTGATCTCAT,0,4353293
yadI_predicted,0.14285714285714285,6,6,TAGGCACCCTATGTAGTCAC,0,4334108
yadI_predicted,0.14285714285714285,6,6,TAGGACGGGGTTTGGCGCCT,0,4316763
yadI_predicted,0.14285714285714285,6,6,TAGGAAGTGGCGGTCCAGTA,0,4294754
yadI_predicted,0.14285714285714285,6,6,TAGCTTTTTACGTTACGTTC,0,4305815
yadI_predicted,0.14285714285714285,6,6,TAGCTGGGAGTGGTAAGAAG,0,4357053
yadI_predicted,0.14285714285714285,6,6,TAGCGTGGTCTGGGCCGGAC,0,4354513
yadI_predicted,0.14285714285714285,6,6,TAGCGTGACCGGGGTAACTT,0,4286114
yadI_predicted,0.14285714285714285,6,6,TAGCGCCGGCAGCTATCCTA,0,4299525
yadI_predicted,0.14285714285714285,6,6,TAGCGCCCTCAAGGATTTGC,0,4299185
yadI_predicted,0.14285714285714285,6,6,TAGCGCATGGGTTCGGGGTA,0,4284898
yadI_predicted,0.14285714285714285,6,6,TAGCGACCTCCTGGAGAGCT,0,4295918
yadI_predicted,0.14285714285714285,6,6,TAGCAACCCGATTTTCTCGG,0,4344297
yadI_predicted,0.14285714285714285,6,6,TAGATACGTAAACAAGGTCT,0,4341187
yadI_predicted,0.14285714285714285,6,6,TAGAGAATGTCACACGTGCA,0,4322006
yadI_predicted,0.14285714285714285,6,6,TAGACGTGGATATATATGGA,0,4322656
yadI_predicted,0.14285714285714285,6,6,TAGACCATTGCGGATAGTGC,0,4309362
yadI_predicted,0.14285714285714285,6,6,TAGACACATTCAAGGCACAC,0,4356706
yadI_predicted,0.14285714285714285,6,6,TAGAAGTAAGAAACCAGACT,0,4325343
yadI_predicted,0.14285714285714285,6,6,TACTTTGGACGGATTACGTT,0,4368581
yadI_predicted,0.14285714285714285,6,6,TACTTGATCGCCCTAGGTTA,0,4323412
yadI_predicted,0.14285714285714285,6,6,TACTATTCATTTGCGGCAGA,0,4308613
yadI_predicted,0.14285714285714285,6,6,TACTACAGTAAACTCCCGTG,0,4354045
yadI_predicted,0.14285714285714285,6,6,TACGTGGAGTTGCACCTATA,0,4347201
yadI_predicted,0.14285714285714285,6,6,TACGGGTAAAGTAGTCCGTT,0,4347018
yadI_predicted,0.14285714285714285,6,6,TACGGCGTAGATACTCAGGT,0,4319456
yadI_predicted,0.14285714285714285,6,6,TACGGATCGCTATCTGTTGA,0,4332890
yadI_predicted,0.14285714285714285,6,6,TACGATCAACATGACATGGT,0,4358028
yadI_predicted,0.14285714285714285,6,6,TACGAATTAGTTTATGGTCA,0,4296400
yadI_predicted,0.14285714285714285,6,6,TACCTTATCTTTAAACTACT,0,4289731
yadI_predicted,0.14285714285714285,6,6,TACCGAGATGAATGTGGCAT,0,4353524
yadI_predicted,0.14285714285714285,6,6,TACCATTTTGGCCTATAGCT,0,4340657
yadI_predicted,0.14285714285714285,6,6,TACCAGCGACAACTAACTGT,0,4346257
yadI_predicted,0.14285714285714285,6,6,TACCACTTTCCAAGGCCTTT,0,4357059
yadI_predicted,0.14285714285714285,6,6,TACCAAATTGAATACAGCCT,0,4367610
yadI_predicted,0.14285714285714285,6,6,TACATTGCACAACACGCTTA,0,4306820
yadI_predicted,0.14285714285714285,6,6,TACATAATCGTAGGAGGTCC,0,4367917
yadI_predicted,0.14285714285714285,6,6,TACAACTTAATGGGCAGTAG,0,4327297
yadI_predicted,0.14285714285714285,6,6,TAATTTGGCCCTAAGTGCGC,0,4305169
yadI_predicted,0.14285714285714285,6,6,TAATTCTGCTAGCACTGAGT,0,4305597
yadI_predicted,0.14285714285714285,6,6,TAATGTTTAACCTTGTGTGA,0,4358647
yadI_predicted,0.14285714285714285,6,6,TAATGGGTCATTATTCGGCC,0,4300572
yadI_predicted,0.14285714285714285,6,6,TAATGGACTCAGATCCGATA,0,4346773
yadI_predicted,0.14285714285714285,6,6,TAATCTTTTCATCGAACATC,0,4334174
yadI_predicted,0.14285714285714285,6,6,TAATCTCAGAGTATTTCGTC,0,4348711
yadI_predicted,0.14285714285714285,6,6,TAATAATCTCCCATGCCGGA,0,4353394
yadI_predicted,0.14285714285714285,6,6,TAAGTGTACTGATGTCGTAT,0,4310524
yadI_predicted,0.14285714285714285,6,6,TAAGCGCCTCCTGCACATCC,0,4334521
yadI_predicted,0.14285714285714285,6,6,TAAGCCTTGGGCAGCGCGGT,0,4326008
yadI_predicted,0.14285714285714285,6,6,TAAGCACCCGATCCTTTTAG,0,4315153
yadI_predicted,0.14285714285714285,6,6,TAAGACGGTCGTATGCGCAT,0,4325366
yadI_predicted,0.14285714285714285,6,6,TAACTTCCTCCGCGAAGGGG,0,4324755
yadI_predicted,0.14285714285714285,6,6,TAACTGATTCCAGTGTGCTA,0,4320099
yadI_predicted,0.14285714285714285,6,6,TAACGGTGGCCTCTTCCACG,0,4364180
yadI_predicted,0.14285714285714285,6,6,TAACGATGGTTCGTCTCTAC,0,4325135
yadI_predicted,0.14285714285714285,6,6,TAACGACAATCCGGCATCAT,0,4364684
yadI_predicted,0.14285714285714285,6,6,TAACATTAGGGTTTCCAAAC,0,4288109
yadI_predicted,0.14285714285714285,6,6,TAACAAGGGTCGGTCACGGC,0,4328854
yadI_predicted,0.14285714285714285,6,6,TAAAGTGGTACCTCATGACA,0,4334388
yadI_predicted,0.14285714285714285,6,6,TAAAAGAGGACGCACCTACA,0,4288316
yadI_predicted,0.14285714285714285,6,6,GTTTTGGTGTGTTGACTAAC,0,4311498
yadI_predicted,0.14285714285714285,6,6,GTTTTGCGGTAGTTTCAGGT,0,4340366
yadI_predicted,0.14285714285714285,6,6,GTTTCGGAAAGCGCTTATTG,0,4311948
yadI_predicted,0.14285714285714285,6,6,GTTTATATGGCTGTTAACGG,0,4368081
yadI_predicted,0.14285714285714285,6,6,GTTTAGAAATCAGCCGACAC,0,4323870
yadI_predicted,0.14285714285714285,6,6,GTTGTCAAGAGGGCGGGATC,0,4353484
yadI_predicted,0.14285714285714285,6,6,GTTGGTCACGGGACACAAAT,0,4292678
yadI_predicted,0.14285714285714285,6,6,GTTGGCTGCTGCCAGAACGG,0,4354862
yadI_predicted,0.14285714285714285,6,6,GTTGGCCACCATGAGTGTGT,0,4341836
yadI_predicted,0.14285714285714285,6,6,GTTGGATTAGGGTCGCAAAT,0,4329008
yadI_predicted,0.14285714285714285,6,6,GTTGGAGAAGCGTGGTTAAG,0,4341589
yadI_predicted,0.14285714285714285,6,6,GTTGCCATGCACGTTCACGC,0,4359291
yadI_predicted,0.14285714285714285,6,6,GTTGCATGCGCTCGTCAGCT,0,4342373
yadI_predicted,0.14285714285714285,6,6,GTTGACTTCCGATTTGCCAG,0,4362037
yadI_predicted,0.14285714285714285,6,6,GTTGAAGAAGAGGCCTAGTT,0,4333655
yadI_predicted,0.14285714285714285,6,6,GTTGAACCTCAGAGCAATTA,0,4330296
yadI_predicted,0.14285714285714285,6,6,GTTCTTGGCCCGGAAACCCT,0,4309748
yadI_predicted,0.14285714285714285,6,6,GTTCTGTCACTAGGCCTAAA,0,4286365
yadI_predicted,0.14285714285714285,6,6,GTTCGGCCACCGTAGGCTTC,0,4302857
yadI_predicted,0.14285714285714285,6,6,GTTCCTATACTATGGTACTA,0,4289978
yadI_predicted,0.14285714285714285,6,6,GTTCATACGAAGAGTGGTTC,0,4342362
yadI_predicted,0.14285714285714285,6,6,GTTCACAAAATCTCGCTCCA,0,4301260
yadI_predicted,0.14285714285714285,6,6,GTTATCGGTGTGAGAGACAG,0,4329267
yadI_predicted,0.14285714285714285,6,6,GTTAGAAAGCGCTGGAGGCC,0,4352033
yadI_predicted,0.14285714285714285,6,6,GTTAACGCCGTACATGAACT,0,4343414
yadI_predicted,0.14285714285714285,6,6,GTTAAAATGACTGCGGTTCT,0,4312143
yadI_predicted,0.14285714285714285,6,6,GTGTTGTGATCCGAGTACTA,0,4338468
yadI_predicted,0.14285714285714285,6,6,GTGTTGGTAGCAGTATTGAC,0,4300189
yadI_predicted,0.14285714285714285,6,6,GTGTTGATGCTGTAGATCTG,0,4325841
yadI_predicted,0.14285714285714285,6,6,GTGTTGACGGCTTGGCGAGG,0,4307686
yadI_predicted,0.14285714285714285,6,6,GTGTTCGGTATGTATAACGG,0,4363751
yadI_predicted,0.14285714285714285,6,6,GTGTGTGTCCGCTACATTCA,0,4284967
yadI_predicted,0.14285714285714285,6,6,GTGTGGTTTGAATGAGCAAT,0,4294110
yadI_predicted,0.14285714285714285,6,6,GTGTGCTTTCACTTCCCGCG,0,4328656
yadI_predicted,0.14285714285714285,6,6,GTGTCTTATTCTGCAGGCCA,0,4336648
yadI_predicted,0.14285714285714285,6,6,GTGTCTGTACTTAATTCAGA,0,4365021
yadI_predicted,0.14285714285714285,6,6,GTGGTACCGCTCCGGAAGGA,0,4339888
yadI_predicted,0.14285714285714285,6,6,GTGGGTGGCACAACATCCAT,0,4290626
yadI_predicted,0.14285714285714285,6,6,GTGGGAAGGCGCCCAGGCAA,0,4298779
yadI_predicted,0.14285714285714285,6,6,GTGCTACATGATATGGTTCA,0,4310907
yadI_predicted,0.14285714285714285,6,6,GTGCGCGAAAGCATGATGAA,0,4313244
yadI_predicted,0.14285714285714285,6,6,GTGCAGCGGGGTATTTTCAA,0,4354357
yadI_predicted,0.14285714285714285,6,6,GTGAGTGGGGTGTTTGGGAA,0,4340250
yadI_predicted,0.14285714285714285,6,6,GTGAGTCCCCAGAAGTCACG,0,4317231
yadI_predicted,0.14285714285714285,6,6,GTGAGGGGGTGCTCTGCCAT,0,4303244
yadI_predicted,0.14285714285714285,6,6,GTGAGGGATAGCCGAATCAA,0,4330835
yadI_predicted,0.14285714285714285,6,6,GTGAGGCTTTAGAAGCGCGA,0,4333482
yadI_predicted,0.14285714285714285,6,6,GTGACCCGCGTCAACTCAAT,0,4351761
yadI_predicted,0.14285714285714285,6,6,GTGACAAAGAATGTATGAGA,0,4287594
yadI_predicted,0.14285714285714285,6,6,GTCTTACGCCGCTGTGGTAC,0,4359142
yadI_predicted,0.14285714285714285,6,6,GTCTGTTTCAAAGCTGAATT,0,4310769
yadI_predicted,0.14285714285714285,6,6,GTCTGGGATGCCGGTGCTTG,0,4284853
yadI_predicted,0.14285714285714285,6,6,GTCTGAGCACAAATCAGACA,0,4326530
yadI_predicted,0.14285714285714285,6,6,GTCTATGACGCTCCTGGGAA,0,4327139
yadI_predicted,0.14285714285714285,6,6,GTCGTGCATGTGATCAAACT,0,4298159
yadI_predicted,0.14285714285714285,6,6,GTCGTAAGTGGAGCCTTTAT,0,4323541
yadI_predicted,0.14285714285714285,6,6,GTCGGTTTCCTGGCTTATCG,0,4348120
yadI_predicted,0.14285714285714285,6,6,GTCGGTTGTATCGGCAACCT,0,4346026
yadI_predicted,0.14285714285714285,6,6,GTCGGGAGTGATCATTAATG,0,4341683
yadI_predicted,0.14285714285714285,6,6,GTCGGCACAGTCCCGGTGCA,0,4330909
yadI_predicted,0.14285714285714285,6,6,GTCGGCAATTGAATTATAGA,0,4288309
yadI_predicted,0.14285714285714285,6,6,GTCCTCCTGTGGCCATAGAT,0,4355558
yadI_predicted,0.14285714285714285,6,6,GTCCGGTGTTATGGAATGTA,0,4338852
yadI_predicted,0.14285714285714285,6,6,GTCATCAGCCTGCGACGGAG,0,4306495
yadI_predicted,0.14285714285714285,6,6,GTCATACTTTTTGTCTCAGT,0,4367852
yadI_predicted,0.14285714285714285,6,6,GTCAGTGTTAGCGCCTTTAA,0,4343322
yadI_predicted,0.14285714285714285,6,6,GTCAGTAGCGTGAATCGGCG,0,4314783
yadI_predicted,0.14285714285714285,6,6,GTCACGTGCCCGAATCTCAT,0,4315050
yadI_predicted,0.14285714285714285,6,6,GTCACGTATAAGCGCCCACG,0,4354384
yadI_predicted,0.14285714285714285,6,6,GTCACCGCTTAAGACCCAAC,0,4358870
yadI_predicted,0.14285714285714285,6,6,GTCACCACGAGACGAACCTC,0,4320384
yadI_predicted,0.14285714285714285,6,6,GTCACATGTCTGATTCAACG,0,4366372
yadI_predicted,0.14285714285714285,6,6,GTCAAGCGAAGTAATCCCCT,0,4357244
yadI_predicted,0.14285714285714285,6,6,GTATTGTTACCTAAAGTGGT,0,4364531
yadI_predicted,0.14285714285714285,6,6,GTATTGCGGGGTCCGGGAGA,0,4357819
yadI_predicted,0.14285714285714285,6,6,GTATTCCCGGTTATGCATAA,0,4296515
yadI_predicted,0.14285714285714285,6,6,GTATTAGACTTATACGTAAC,0,4286528
yadI_predicted,0.14285714285714285,6,6,GTATTAAGCTCCGACAGTGG,0,4359148
yadI_predicted,0.14285714285714285,6,6,GTATGGAACGAAGGGTCTAA,0,4310489
yadI_predicted,0.14285714285714285,6,6,GTATGCTCTTCTCGCGGAAC,0,4333634
yadI_predicted,0.14285714285714285,6,6,GTATCGAAGTGTCGATGGCC,0,4320633
yadI_predicted,0.14285714285714285,6,6,GTATCCTATCATTGCGTCTA,0,4369654
yadI_predicted,0.14285714285714285,6,6,GTATCACTTTAGTTAGATTT,0,4284969
yadI_predicted,0.14285714285714285,6,6,GTATCAAGCCAGCGCCCGTG,0,4369286
yadI_predicted,0.14285714285714285,6,6,GTATAGACCTTGCATGGCAG,0,4358545
yadI_predicted,0.14285714285714285,6,6,GTATACAGTTGAGGCATCCG,0,4365274
yadI_predicted,0.14285714285714285,6,6,GTAGTTATTTTCATTGGAGT,0,4351245
yadI_predicted,0.14285714285714285,6,6,GTAGTCCCCGTCGATTCTCG,0,4356967
yadI_predicted,0.14285714285714285,6,6,GTAGTAGGCGCTGTGATGGT,0,4301644
yadI_predicted,0.14285714285714285,6,6,GTAGGGCGACCGGTTAGTCA,0,4328161
yadI_predicted,0.14285714285714285,6,6,GTAGCCTACAACAGTCTATG,0,4307170
yadI_predicted,0.14285714285714285,6,6,GTACGGGAGGCCAGTTACCA,0,4294994
yadI_predicted,0.14285714285714285,6,6,GTACGCTCCGCTGGATTCCC,0,4355520
yadI_predicted,0.14285714285714285,6,6,GTACGCGCAAGATCTAACCA,0,4297902
yadI_predicted,0.14285714285714285,6,6,GTACGCATATCTCGTTCCCA,0,4340474
yadI_predicted,0.14285714285714285,6,6,GTACCCTCATGGTGAAACAT,0,4331187
yadI_predicted,0.14285714285714285,6,6,GTACACCAATAGAACAACTA,0,4300888
yadI_predicted,0.14285714285714285,6,6,GTACACACCTTAAAGCTTAT,0,4360020
yadI_predicted,0.14285714285714285,6,6,GTAAGTGCCTGTATGGATAT,0,4301402
yadI_predicted,0.14285714285714285,6,6,GTAAGGATATAGCCGGGACA,0,4338578
yadI_predicted,0.14285714285714285,6,6,GTAAAGCGGGCACTTAAATT,0,4366334
yadI_predicted,0.14285714285714285,6,6,GTAAAGAGAGAACAGACGTT,0,4360900
yadI_predicted,0.14285714285714285,6,6,GGTTTAACGTGGCTATATGA,0,4287896
yadI_predicted,0.14285714285714285,6,6,GGTTGTGTTGCCAGGGGGTG,0,4315186
yadI_predicted,0.14285714285714285,6,6,GGTTGTGCATTAGGTAAATT,0,4352781
yadI_predicted,0.14285714285714285,6,6,GGTTCTCTGTATGATCATCG,0,4344493
yadI_predicted,0.14285714285714285,6,6,GGTTCGCCACTCAATAAACA,0,4357662
yadI_predicted,0.14285714285714285,6,6,GGTGTACAACCGATCCCCTT,0,4348009
yadI_predicted,0.14285714285714285,6,6,GGTGCCAAGTGCTTAGCTCC,0,4319322
yadI_predicted,0.14285714285714285,6,6,GGTGATCGCTGGGGTCACTG,0,4365551
yadI_predicted,0.14285714285714285,6,6,GGTGACTAAAGACAAAGACT,0,4287661
yadI_predicted,0.14285714285714285,6,6,GGTCTTTTCAACGACGCGGA,0,4331786
yadI_predicted,0.14285714285714285,6,6,GGTCTTTAGAGGGTAGTTCC,0,4288817
yadI_predicted,0.14285714285714285,6,6,GGTCTCCTCGCCATTCCAGT,0,4356799
yadI_predicted,0.14285714285714285,6,6,GGTCTCATTCCGTCGTGGCG,0,4284145
yadI_predicted,0.14285714285714285,6,6,GGTCCGATTACAATCGTCGG,0,4285739
yadI_predicted,0.14285714285714285,6,6,GGTCCGATAGGAATGGCGCT,0,4316823
yadI_predicted,0.14285714285714285,6,6,GGTCCCTTACTCCCGATTCC,0,4288171
yadI_predicted,0.14285714285714285,6,6,GGTCCCGGGTAGGGTGATTA,0,4322304
yadI_predicted,0.14285714285714285,6,6,GGTCCATACCTGGTCCCAAT,0,4355320
yadI_predicted,0.14285714285714285,6,6,GGTCCACTATTCTTCCATAA,0,4364006
yadI_predicted,0.14285714285714285,6,6,GGTCACGCATGGTGGGGTGG,0,4355041
yadI_predicted,0.14285714285714285,6,6,GGTATTTTTGCTAAGGTATA,0,4367512
yadI_predicted,0.14285714285714285,6,6,GGTATTTGGCGGAGACCGGT,0,4331691
yadI_predicted,0.14285714285714285,6,6,GGTATAGGAATGATTCTGTC,0,4324749
yadI_predicted,0.14285714285714285,6,6,GGTATACTGCAAGTACATAA,0,4298684
yadI_predicted,0.14285714285714285,6,6,GGTAGCGTATAGTTCACGTA,0,4338893
yadI_predicted,0.14285714285714285,6,6,GGTAGCAAAAAACGCTTCGG,0,4288434
yadI_predicted,0.14285714285714285,6,6,GGTACTTGGTCAAATGGTAA,0,4366462
yadI_predicted,0.14285714285714285,6,6,GGTAAACGCACACACCCTGC,0,4339436
yadI_predicted,0.14285714285714285,6,6,GGGTTTACTCTATTTGGCTG,0,4367272
yadI_predicted,0.14285714285714285,6,6,GGGTTCGACGTTCGCCAATC,0,4347083
yadI_predicted,0.14285714285714285,6,6,GGGTGCATCTGGCATAAATA,0,4336452
yadI_predicted,0.14285714285714285,6,6,GGGTGCAAACCCTCTATGCC,0,4332777
yadI_predicted,0.14285714285714285,6,6,GGGTGAACGACCTCCTTGTG,0,4341293
yadI_predicted,0.14285714285714285,6,6,GGGTCTCTGGGTGGAGTGGT,0,4294498
yadI_predicted,0.14285714285714285,6,6,GGGTCGGGGTGTTCGGCCTA,0,4319922
yadI_predicted,0.14285714285714285,6,6,GGGTCATCTTCTGCGCTTTA,0,4352517
yadI_predicted,0.14285714285714285,6,6,GGGTCAATGAGCGCATGAGG,0,4291447
yadI_predicted,0.14285714285714285,6,6,GGGTAGTACGAGCCGATCGC,0,4341950
yadI_predicted,0.14285714285714285,6,6,GGGGTTGGGATGGCCACAAC,0,4321851
yadI_predicted,0.14285714285714285,6,6,GGGGTGTTGTAACCCGATCA,0,4328955
yadI_predicted,0.14285714285714285,6,6,GGGGTGTTCCGAAAAAGCTG,0,4365179
yadI_predicted,0.14285714285714285,6,6,GGGGTCGGCCAGTATATCGA,0,4288692
yadI_predicted,0.14285714285714285,6,6,GGGGGACGTGACCGGTACAA,0,4352932
yadI_predicted,0.14285714285714285,6,6,GGGGCTGATAACAATATTGT,0,4365275
yadI_predicted,0.14285714285714285,6,6,GGGGCGGTGCTTGGATGTGC,0,4333564
yadI_predicted,0.14285714285714285,6,6,GGGGACTGGGCCTCTGTCTA,0,4316808
yadI_predicted,0.14285714285714285,6,6,GGGCTTAACTCAAGCAGGCC,0,4347738
yadI_predicted,0.14285714285714285,6,6,GGGCTGTCTCGGCCTCGGAC,0,4301566
yadI_predicted,0.14285714285714285,6,6,GGGCTCAGCGGGTTGTGGAA,0,4327730
yadI_predicted,0.14285714285714285,6,6,GGGCTAAGGCACTAAGCAAA,0,4304728
yadI_predicted,0.14285714285714285,6,6,GGGCGCACCTGTCCTACCGA,0,4316407
yadI_predicted,0.14285714285714285,6,6,GGGCGACAAGTGGGGGAGAG,0,4285602
yadI_predicted,0.14285714285714285,6,6,GGGCCGCGGTCCCCTGGACA,0,4307948
yadI_predicted,0.14285714285714285,6,6,GGGCCCATCATTAAGCGGAC,0,4364586
yadI_predicted,0.14285714285714285,6,6,GGGCATTACACGAGCGTCGC,0,4361710
yadI_predicted,0.14285714285714285,6,6,GGGATTCGCGTAGGTGGCTT,0,4293023
yadI_predicted,0.14285714285714285,6,6,GGGATTAGGCCTACTGGCAG,0,4331152
yadI_predicted,0.14285714285714285,6,6,GGGATCGACACCTAATGCAG,0,4328630
yadI_predicted,0.14285714285714285,6,6,GGGATAACTTTAGTCAACTG,0,4297678
yadI_predicted,0.14285714285714285,6,6,GGGACCATTTGTCTGCCATG,0,4320048
yadI_predicted,0.14285714285714285,6,6,GGGAAGGGAACTGACTTCGC,0,4296089
yadI_predicted,0.14285714285714285,6,6,GGCTTTCACGACTACACCGT,0,4286865
yadI_predicted,0.14285714285714285,6,6,GGCTTCAATAGTGTCTCACC,0,4361393
yadI_predicted,0.14285714285714285,6,6,GGCTTATTTGGAGCACCATT,0,4287676
yadI_predicted,0.14285714285714285,6,6,GGCTATCTTTCAGGGTTAAC,0,4343551
yadI_predicted,0.14285714285714285,6,6,GGCGGCATATGTCGGCTCTG,0,4357201
yadI_predicted,0.14285714285714285,6,6,GGCGCTCGGAGGTAGGTGTA,0,4359930
yadI_predicted,0.14285714285714285,6,6,GGCGATGGATCGAACACTTT,0,4335151
yadI_predicted,0.14285714285714285,6,6,GGCCTTCCATGAGTATTCAT,0,4341867
yadI_predicted,0.14285714285714285,6,6,GGCCGGATTGCACCGTACTG,0,4365778
yadI_predicted,0.14285714285714285,6,6,GGCCCGGGGTCAAGTCCCCC,0,4299733
yadI_predicted,0.14285714285714285,6,6,GGCCCACAGCTAATCCTCTT,0,4317424
yadI_predicted,0.14285714285714285,6,6,GGCCATGGTAGTGCTGACCC,0,4351474
yadI_predicted,0.14285714285714285,6,6,GGCCATATAACGAAGTTAGT,0,4327379
yadI_predicted,0.14285714285714285,6,6,GGCCATAGGATCACCACAGA,0,4335698
yadI_predicted,0.14285714285714285,6,6,GGCACTTGCCCCCAATATAT,0,4285592
yadI_predicted,0.14285714285714285,6,6,GGCACTGGGTTCGGACTCGT,0,4290383
yadI_predicted,0.14285714285714285,6,6,GGCACGAATGTGGTAGTGTT,0,4326857
yadI_predicted,0.14285714285714285,6,6,GGCACATCTTTGAATATATA,0,4339954
yadI_predicted,0.14285714285714285,6,6,GGCACACACAAACAGCTCAG,0,4369741
yadI_predicted,0.14285714285714285,6,6,GGCAATGGAACACCTTGCTT,0,4348005
yadI_predicted,0.14285714285714285,6,6,GGCAATACTATACTCCCCGT,0,4312387
yadI_predicted,0.14285714285714285,6,6,GGCAAGGAAAAGGGCCAAAG,0,4312406
yadI_predicted,0.14285714285714285,6,6,GGCAACCTCACATCTCGGTT,0,4324899
yadI_predicted,0.14285714285714285,6,6,GGATTCTTTGTTCCCCCAAT,0,4362691
yadI_predicted,0.14285714285714285,6,6,GGATTCCTAGGCCTAGTTGT,0,4364747
yadI_predicted,0.14285714285714285,6,6,GGATTCCCGCACCTGATATC,0,4314680
yadI_predicted,0.14285714285714285,6,6,GGATGCCTCGCCTTGTATCA,0,4349141
yadI_predicted,0.14285714285714285,6,6,GGATCTCATGTGTAATCAGC,0,4308282
yadI_predicted,0.14285714285714285,6,6,GGATCCGTGGCGCTCCCCGT,0,4362370
yadI_predicted,0.14285714285714285,6,6,GGATCAAATTAAAAGGACGG,0,4303195
yadI_predicted,0.14285714285714285,6,6,GGATACTTACAGGCCCAGTT,0,4324822
yadI_predicted,0.14285714285714285,6,6,GGAGTTCCTAGGCCTGGAGA,0,4287711
yadI_predicted,0.14285714285714285,6,6,GGAGTAAACAGGGGGCCGTG,0,4319951
yadI_predicted,0.14285714285714285,6,6,GGAGGTTGATCCGTGAGAAA,0,4307820
yadI_predicted,0.14285714285714285,6,6,GGAGGTCCCGACGTGCCCAG,0,4310909
yadI_predicted,0.14285714285714285,6,6,GGAGGGGCAATTCCACCGAA,0,4359079
yadI_predicted,0.14285714285714285,6,6,GGAGGGCCAAGCACCCTTTG,0,4369215
yadI_predicted,0.14285714285714285,6,6,GGAGGCCGCGCCTGGTAAGA,0,4291746
yadI_predicted,0.14285714285714285,6,6,GGAGGACCGTTGCGCTATAA,0,4337384
yadI_predicted,0.14285714285714285,6,6,GGAGCGGCCTAGGGGAAACC,0,4368551
yadI_predicted,0.14285714285714285,6,6,GGAGAGTTCCCACATTTCTA,0,4311289
yadI_predicted,0.14285714285714285,6,6,GGAGAGACAATGTGTTTTTT,0,4352752
yadI_predicted,0.14285714285714285,6,6,GGAGACTGAAAATATATTCT,0,4343193
yadI_predicted,0.14285714285714285,6,6,GGACTGAGTACGTACGGCAG,0,4314357
yadI_predicted,0.14285714285714285,6,6,GGACGGGAACACGGGCGTGA,0,4302943
yadI_predicted,0.14285714285714285,6,6,GGACGGCTAGGAAGAGGCTT,0,4363847
yadI_predicted,0.14285714285714285,6,6,GGACGGCAGTGTACCGTTTG,0,4352182
yadI_predicted,0.14285714285714285,6,6,GGACGGAACTGCTGGATTCG,0,4339340
yadI_predicted,0.14285714285714285,6,6,GGACCTCGGTATAGTATAAA,0,4285388
yadI_predicted,0.14285714285714285,6,6,GGAATAAGGAGATTTAGGCT,0,4291905
yadI_predicted,0.14285714285714285,6,6,GGAAGCTTGAATCTGGAATT,0,4308362
yadI_predicted,0.14285714285714285,6,6,GGAACATTGTACTTTATGTC,0,4343506
yadI_predicted,0.14285714285714285,6,6,GGAACAAATCCTGGCGAACA,0,4297875
yadI_predicted,0.14285714285714285,6,6,GGAAATTCATAGGAATAATC,0,4297733
yadI_predicted,0.14285714285714285,6,6,GGAAAGTGACGGTAACCATG,0,4287819
yadI_predicted,0.14285714285714285,6,6,GGAAAGAAAACCTCCTTAGC,0,4359807
yadI_predicted,0.14285714285714285,6,6,GGAAACACGACTATTGGCCG,0,4296165
yadI_predicted,0.14285714285714285,6,6,GCTTTTCTTGTGATTAGGTC,0,4343154
yadI_predicted,0.14285714285714285,6,6,GCTTCGTCACGTGTAGACTT,0,4342740
yadI_predicted,0.14285714285714285,6,6,GCTTCCGGACTGTTTGATCC,0,4289580
yadI_predicted,0.14285714285714285,6,6,GCTTATTCTAGCTTTAGATC,0,4301236
yadI_predicted,0.14285714285714285,6,6,GCTTATATCCAGAGTTGGGT,0,4357741
yadI_predicted,0.14285714285714285,6,6,GCTGTTTAAACTTGTCGAAA,0,4349895
yadI_predicted,0.14285714285714285,6,6,GCTGGACGCACCTGCGGTTC,0,4321228
yadI_predicted,0.14285714285714285,6,6,GCTGCCTGTTAATCCAATTC,0,4310513
yadI_predicted,0.14285714285714285,6,6,GCTGAGTTTCGCGGACTGGG,0,4354000
yadI_predicted,0.14285714285714285,6,6,GCTCTGTTTGACTCGATCAA,0,4332393
yadI_predicted,0.14285714285714285,6,6,GCTCTCTCATACAATGGGTC,0,4315307
yadI_predicted,0.14285714285714285,6,6,GCTCTACATCAAACGGTAGT,0,4296056
yadI_predicted,0.14285714285714285,6,6,GCTCGGTCTGCGCGGGGCTT,0,4323330
yadI_predicted,0.14285714285714285,6,6,GCTCGGGAGGAAGAGGATAT,0,4309845
yadI_predicted,0.14285714285714285,6,6,GCTCGCATGTCGTTAATCTC,0,4286964
yadI_predicted,0.14285714285714285,6,6,GCTCGATCGGTAGGTTCCCC,0,4321014
yadI_predicted,0.14285714285714285,6,6,GCTCGAACGTTCGCAGAACT,0,4305140
yadI_predicted,0.14285714285714285,6,6,GCTCACGAGCACAAAAAGTA,0,4299105
yadI_predicted,0.14285714285714285,6,6,GCTATGAGCATGTACTCCAG,0,4328838
yadI_predicted,0.14285714285714285,6,6,GCTAGCTGGATAATTGGTAC,0,4345401
yadI_predicted,0.14285714285714285,6,6,GCTAGCATCGCTGTTGGCGT,0,4324672
yadI_predicted,0.14285714285714285,6,6,GCTACTACGCTTATCACATA,0,4366578
yadI_predicted,0.14285714285714285,6,6,GCTACCACATCTCGCTCAAA,0,4317676
yadI_predicted,0.14285714285714285,6,6,GCGTTGGTTATAGTCCCGCC,0,4322584
yadI_predicted,0.14285714285714285,6,6,GCGTTGGCAATGCTGAGTTG,0,4289170
yadI_predicted,0.14285714285714285,6,6,GCGTGTATAGAAGGAGCTTA,0,4284319
yadI_predicted,0.14285714285714285,6,6,GCGTGGTAAATGTTTTCTTA,0,4368541
yadI_predicted,0.14285714285714285,6,6,GCGTGCTCACTTGTCTAGAA,0,4349041
yadI_predicted,0.14285714285714285,6,6,GCGTCGATGATGCAGGACGA,0,4347089
yadI_predicted,0.14285714285714285,6,6,GCGTCAGCTAGTATCGATAA,0,4338989
yadI_predicted,0.14285714285714285,6,6,GCGTAACCCACGATCTAAGC,0,4358062
yadI_predicted,0.14285714285714285,6,6,GCGTAACCAGGCCAACAAGT,0,4312501
yadI_predicted,0.14285714285714285,6,6,GCGGGGAAAGCTGAGTACCA,0,4287426
yadI_predicted,0.14285714285714285,6,6,GCGGGCCATTGGTAATGACC,0,4356559
yadI_predicted,0.14285714285714285,6,6,GCGGGACACCAGACTAAATT,0,4309854
yadI_predicted,0.14285714285714285,6,6,GCGGCTGCACCTATGAGCTG,0,4289147
yadI_predicted,0.14285714285714285,6,6,GCGGAGCCAGAGGGGTATAA,0,4348146
yadI_predicted,0.14285714285714285,6,6,GCGCGTGTTTCCGGACAGCT,0,4334611
yadI_predicted,0.14285714285714285,6,6,GCGCGTGGGATCGGTATCTC,0,4364259
yadI_predicted,0.14285714285714285,6,6,GCGCGCAAAAAAGGTAGGTC,0,4343255
yadI_predicted,0.14285714285714285,6,6,GCGCCGTTTCAGTGATCATT,0,4295500
yadI_predicted,0.14285714285714285,6,6,GCGCATGCCAATCTCTCACC,0,4300852
yadI_predicted,0.14285714285714285,6,6,GCGCAGTGTCAAGGTAAGTC,0,4288019
yadI_predicted,0.14285714285714285,6,6,GCGATGTAGCTGAGCAAGAC,0,4294101
yadI_predicted,0.14285714285714285,6,6,GCGATGGTAAGAGGGCTTGC,0,4306889
yadI_predicted,0.14285714285714285,6,6,GCGATCGTGTGCCCACTGAG,0,4319544
yadI_predicted,0.14285714285714285,6,6,GCGAGCTTTTATATAACCAC,0,4366430
yadI_predicted,0.14285714285714285,6,6,GCGAGCTTTCAGAAAGTCCT,0,4314214
yadI_predicted,0.14285714285714285,6,6,GCGAGCAGGAACCAAAGGCG,0,4300199
yadI_predicted,0.14285714285714285,6,6,GCGACGAGAAGATAGAGCAA,0,4311336
yadI_predicted,0.14285714285714285,6,6,GCGACCTGTGTCTGTAGGCG,0,4298338
yadI_predicted,0.14285714285714285,6,6,GCGACCTCAGGATGGTGGCT,0,4364074
yadI_predicted,0.14285714285714285,6,6,GCGACAGATGGGTGGGCGCG,0,4329542
yadI_predicted,0.14285714285714285,6,6,GCGAATTTATAAGGCTTCCC,0,4348787
yadI_predicted,0.14285714285714285,6,6,GCGAACGTACTTGACCTTAC,0,4327418
yadI_predicted,0.14285714285714285,6,6,GCCTGTATCATTAGCGTTAT,0,4331505
yadI_predicted,0.14285714285714285,6,6,GCCTGGGGGGTATACTGACG,0,4333276
yadI_predicted,0.14285714285714285,6,6,GCCTCTTGCGGGGTGATGGC,0,4292733
yadI_predicted,0.14285714285714285,6,6,GCCTCGCAGCCCGACCGGCC,0,4321750
yadI_predicted,0.14285714285714285,6,6,GCCTCCCTACCGATGACGTG,0,4284947
yadI_predicted,0.14285714285714285,6,6,GCCGTGGTGTATAAGTCCCG,0,4309196
yadI_predicted,0.14285714285714285,6,6,GCCGGCACCCTTCTTAGAGA,0,4306799
yadI_predicted,0.14285714285714285,6,6,GCCGAGGGGTTTTGACGAGG,0,4334780
yadI_predicted,0.14285714285714285,6,6,GCCGAATGCCAGGCTCTCGT,0,4354458
yadI_predicted,0.14285714285714285,6,6,GCCCTGAGGATCAATCTAAG,0,4309800
yadI_predicted,0.14285714285714285,6,6,GCCCTCCGGCCATTGAGAGA,0,4352945
yadI_predicted,0.14285714285714285,6,6,GCCCTCCAAAATGGCTCCGT,0,4292523
yadI_predicted,0.14285714285714285,6,6,GCCCTCATTAGTGACCGGGA,0,4369947
yadI_predicted,0.14285714285714285,6,6,GCCCTAGGTGTCGCAGTGAG,0,4359770
yadI_predicted,0.14285714285714285,6,6,GCCCGTGGGTAATTACTGAT,0,4296641
yadI_predicted,0.14285714285714285,6,6,GCCCGGACTGATACTCTCAT,0,4349659
yadI_predicted,0.14285714285714285,6,6,GCCCGCGCATCGGTATCAAG,0,4297569
yadI_predicted,0.14285714285714285,6,6,GCCCAATTGGCCTGAATGCA,0,4356848
yadI_predicted,0.14285714285714285,6,6,GCCATGCTTTTGGGATGCGG,0,4350085
yadI_predicted,0.14285714285714285,6,6,GCCATCGCGGACAGATCAAA,0,4300319
yadI_predicted,0.14285714285714285,6,6,GCCACGGAATCTTGTGTACT,0,4316333
yadI_predicted,0.14285714285714285,6,6,GCCACAAGAACCGATCCCAG,0,4340163
yadI_predicted,0.14285714285714285,6,6,GCCAAGGCCTAGACTTGGTC,0,4327781
yadI_predicted,0.14285714285714285,6,6,GCCAACTGGAGCCGAAATCA,0,4339709
yadI_predicted,0.14285714285714285,6,6,GCCAACTATGCGACCAGCTC,0,4297930
yadI_predicted,0.14285714285714285,6,6,GCCAAATGGAAGCTCCCCCA,0,4361649
yadI_predicted,0.14285714285714285,6,6,GCATTTGTCGAACTACCTAG,0,4287252
yadI_predicted,0.14285714285714285,6,6,GCATTGGGTTTCAAAGGGAC,0,4361607
yadI_predicted,0.14285714285714285,6,6,GCATTATCTCCCGTACAGAG,0,4318525
yadI_predicted,0.14285714285714285,6,6,GCATTACTTTTCACTTATAT,0,4305887
yadI_predicted,0.14285714285714285,6,6,GCATTAACATTCGCTATACC,0,4294984
yadI_predicted,0.14285714285714285,6,6,GCATTAAATCGGCAAGTATT,0,4351008
yadI_predicted,0.14285714285714285,6,6,GCATCTGTGAGATGAATGTG,0,4308442
yadI_predicted,0.14285714285714285,6,6,GCATCGGCGGCGGATGCATC,0,4362854
yadI_predicted,0.14285714285714285,6,6,GCATCGCGTGAGCTATAAGC,0,4292760
yadI_predicted,0.14285714285714285,6,6,GCATCATGCGCGCAATGCGG,0,4347569
yadI_predicted,0.14285714285714285,6,6,GCATCAGACTGCAGGCTAGT,0,4352770
yadI_predicted,0.14285714285714285,6,6,GCAGGTGGGATCTAAGAGTG,0,4315662
yadI_predicted,0.14285714285714285,6,6,GCAGGGTTGAAACAACGACC,0,4325956
yadI_predicted,0.14285714285714285,6,6,GCAGCTTGTCGTTGCAATCG,0,4323414
yadI_predicted,0.14285714285714285,6,6,GCAGAGCCGATAGTCGATCA,0,4356185
yadI_predicted,0.14285714285714285,6,6,GCAGAATATCTGTCGTCCAG,0,4348698
yadI_predicted,0.14285714285714285,6,6,GCACTCTAACCCGACTTGGA,0,4341501
yadI_predicted,0.14285714285714285,6,6,GCACGGTGTCGAGACGAGCA,0,4333553
yadI_predicted,0.14285714285714285,6,6,GCACGATGAAGGGTGATTTA,0,4339257
yadI_predicted,0.14285714285714285,6,6,GCACCCGCAAAGGGCTGGAG,0,4353258
yadI_predicted,0.14285714285714285,6,6,GCACACCAGGCACAATACAC,0,4311548
yadI_predicted,0.14285714285714285,6,6,GCAAGGAGGAGCAAACTGCT,0,4312793
yadI_predicted,0.14285714285714285,6,6,GCAAGGACCGATTACAATGA,0,4329080
yadI_predicted,0.14285714285714285,6,6,GCAAGAGCCTGTAAGAGTCT,0,4334214
yadI_predicted,0.14285714285714285,6,6,GCAACGTTGTGAGTCCCGGA,0,4332506
yadI_predicted,0.14285714285714285,6,6,GCAACCCACGGTCATTCCGT,0,4317988
yadI_predicted,0.14285714285714285,6,6,GCAACAAAAACGCGAAATTG,0,4341525
yadI_predicted,0.14285714285714285,6,6,GCAAAAATGTCAGTCGGGTT,0,4346610
yadI_predicted,0.14285714285714285,6,6,GATTTTCCCGGGCCTAATAA,0,4296081
yadI_predicted,0.14285714285714285,6,6,GATTGGGGCTAGAGAATCGC,0,4290018
yadI_predicted,0.14285714285714285,6,6,GATTGAAACAGAGGGAGCTG,0,4329773
yadI_predicted,0.14285714285714285,6,6,GATTCTCTCACTGATTGCGA,0,4363412
yadI_predicted,0.14285714285714285,6,6,GATTCGAGTTCGGGATTATT,0,4359581
yadI_predicted,0.14285714285714285,6,6,GATTCACTTGACGCGGGTCA,0,4284530
yadI_predicted,0.14285714285714285,6,6,GATTAATGGAAACACAGAGC,0,4367034
yadI_predicted,0.14285714285714285,6,6,GATTAATAACAAGTTTAGCC,0,4318217
yadI_predicted,0.14285714285714285,6,6,GATGTTAGGCATCCGCATCA,0,4348272
yadI_predicted,0.14285714285714285,6,6,GATGGCTGCTCGAGGGCAAT,0,4315269
yadI_predicted,0.14285714285714285,6,6,GATGCACGATTCATAAGGTC,0,4354780
yadI_predicted,0.14285714285714285,6,6,GATGCAAATGCACTGAGGAT,0,4309224
yadI_predicted,0.14285714285714285,6,6,GATGATGGGTCAAACCCTTC,0,4344638
yadI_predicted,0.14285714285714285,6,6,GATGAAAAGCTAGTGCTTTA,0,4313498
yadI_predicted,0.14285714285714285,6,6,GATCTAACAATTAATATACG,0,4300885
yadI_predicted,0.14285714285714285,6,6,GATCATATACACTGCTGGAG,0,4297273
yadI_predicted,0.14285714285714285,6,6,GATCACGCGATATGGCACAC,0,4363885
yadI_predicted,0.14285714285714285,6,6,GATCAAAACTCCACCGCGAA,0,4334958
yadI_predicted,0.14285714285714285,6,6,GATATGGTTCGTAATATTTG,0,4286872
yadI_predicted,0.14285714285714285,6,6,GATATCGGTAGTTCTTCGCA,0,4342731
yadI_predicted,0.14285714285714285,6,6,GATACTATTTACAATGTGAA,0,4299904
yadI_predicted,0.14285714285714285,6,6,GATAACGCTTCGCTTGGGTA,0,4308688
yadI_predicted,0.14285714285714285,6,6,GATAAACTGTCACCATCTTA,0,4291190
yadI_predicted,0.14285714285714285,6,6,GAGTGGCGCAGGGTATGAAT,0,4286819
yadI_predicted,0.14285714285714285,6,6,GAGTGGATCATATTGCATTC,0,4328916
yadI_predicted,0.14285714285714285,6,6,GAGTGGACCAGGGGCGGAGA,0,4357330
yadI_predicted,0.14285714285714285,6,6,GAGTCCGGCGATGGCGGGCA,0,4357187
yadI_predicted,0.14285714285714285,6,6,GAGTCCCTTGTGCCTAATTA,0,4345043
yadI_predicted,0.14285714285714285,6,6,GAGTATAATTCATTGGCCTT,0,4296393
yadI_predicted,0.14285714285714285,6,6,GAGTAGTGCAGTTCTTGTTG,0,4322197
yadI_predicted,0.14285714285714285,6,6,GAGGTTCCGTTCCTGTGTCT,0,4309415
yadI_predicted,0.14285714285714285,6,6,GAGGTGCGCAGCAGCAGTCG,0,4303327
yadI_predicted,0.14285714285714285,6,6,GAGGTATTAGAAGGCCACCC,0,4299102
yadI_predicted,0.14285714285714285,6,6,GAGGGCTTAGGCAAGATGAT,0,4325480
yadI_predicted,0.14285714285714285,6,6,GAGGGAGGCAATCCCAGGTT,0,4314426
yadI_predicted,0.14285714285714285,6,6,GAGGGAGCTGGAGGGCTCTT,0,4349884
yadI_predicted,0.14285714285714285,6,6,GAGGCTGGCGCACGCATTCG,0,4319221
yadI_predicted,0.14285714285714285,6,6,GAGGCATATGCATCGTTGGT,0,4349060
yadI_predicted,0.14285714285714285,6,6,GAGGATGACCCTCGTTAAAA,0,4285644
yadI_predicted,0.14285714285714285,6,6,GAGGATACCGTCTGATATAT,0,4349567
yadI_predicted,0.14285714285714285,6,6,GAGGAGAGGGAAACCTCCGT,0,4298082
yadI_predicted,0.14285714285714285,6,6,GAGGAAGAATAGGAGGAGGT,0,4363804
yadI_predicted,0.14285714285714285,6,6,GAGCTGTTAGGAAGATGTGT,0,4347914
yadI_predicted,0.14285714285714285,6,6,GAGCAATTTTGTTGTGTAAA,0,4347857
yadI_predicted,0.14285714285714285,6,6,GAGCAAGGTTAGAGTTACAA,0,4364418
yadI_predicted,0.14285714285714285,6,6,GAGATTCTCCAACTTGAGTA,0,4285299
yadI_predicted,0.14285714285714285,6,6,GAGATCGGGGGTTCAGCAAG,0,4358428
yadI_predicted,0.14285714285714285,6,6,GAGATAGGCTAAAATCTTTG,0,4361000
yadI_predicted,0.14285714285714285,6,6,GAGATAGAGTCTTGACATTG,0,4298392
yadI_predicted,0.14285714285714285,6,6,GAGATACCGCAGTCAATCGG,0,4361128
yadI_predicted,0.14285714285714285,6,6,GAGAGTTAGGAATGACGCGT,0,4300460
yadI_predicted,0.14285714285714285,6,6,GAGAGATCGCCATCCCTTAA,0,4340111
yadI_predicted,0.14285714285714285,6,6,GACTTCCCGTCCCGCACAAC,0,4358069
yadI_predicted,0.14285714285714285,6,6,GACTGCTCGCTGTGGGTGGA,0,4292781
yadI_predicted,0.14285714285714285,6,6,GACTGCCTTGAAGACACCAC,0,4339216
yadI_predicted,0.14285714285714285,6,6,GACTCTCACGGGGCAGTCCG,0,4316217
yadI_predicted,0.14285714285714285,6,6,GACGTTTGCCTGTCAAGGAA,0,4361950
yadI_predicted,0.14285714285714285,6,6,GACGTTACTAAGTAGCGCTT,0,4366516
yadI_predicted,0.14285714285714285,6,6,GACGTACGTGCTATTGTAAA,0,4359586
yadI_predicted,0.14285714285714285,6,6,GACGTAAGGTAATGCACCTA,0,4286172
yadI_predicted,0.14285714285714285,6,6,GACGGTCTGAATCTGAAAGT,0,4357263
yadI_predicted,0.14285714285714285,6,6,GACGGGGCTCCAGCGGCTGC,0,4299118
yadI_predicted,0.14285714285714285,6,6,GACGCTACGTCCCCTCTAAC,0,4291758
yadI_predicted,0.14285714285714285,6,6,GACGCGTCTTTTAAGTTTAT,0,4348982
yadI_predicted,0.14285714285714285,6,6,GACGCGGGTCGGGGGAACAC,0,4339751
yadI_predicted,0.14285714285714285,6,6,GACGCGGCCAGAAAGAAATC,0,4286717
yadI_predicted,0.14285714285714285,6,6,GACGATCGAGGGATGGTGGC,0,4337015
yadI_predicted,0.14285714285714285,6,6,GACGAACCCATGGCAAATCG,0,4308485
yadI_predicted,0.14285714285714285,6,6,GACCTTCATTACATCTGTTA,0,4343304
yadI_predicted,0.14285714285714285,6,6,GACCTGTGTCTGACTCTTTC,0,4352817
yadI_predicted,0.14285714285714285,6,6,GACCTGACTGAACCGTTGAA,0,4360788
yadI_predicted,0.14285714285714285,6,6,GACCTCTACACCGGCTCTAG,0,4317060
yadI_predicted,0.14285714285714285,6,6,GACCGCCCGTCCAGGCAGGG,0,4335789
yadI_predicted,0.14285714285714285,6,6,GACCGACGTTACGGCAGATC,0,4365582
yadI_predicted,0.14285714285714285,6,6,GACCCGGGCAAATGGGTTCG,0,4328663
yadI_predicted,0.14285714285714285,6,6,GACCCCTGCACGATACGGGA,0,4306425
yadI_predicted,0.14285714285714285,6,6,GACCATTACAGGCGCGCCGC,0,4355134
yadI_predicted,0.14285714285714285,6,6,GACAATCTCGATCACGCCAG,0,4295694
yadI_predicted,0.14285714285714285,6,6,GACAAGGCGGGGGTGACGAG,0,4332219
yadI_predicted,0.14285714285714285,6,6,GAATTTTATCGCAACGAGGG,0,4322678
yadI_predicted,0.14285714285714285,6,6,GAATTAAACGAAGTCTTAGG,0,4316066
yadI_predicted,0.14285714285714285,6,6,GAATGGCCACGAGTTAGGTG,0,4323631
yadI_predicted,0.14285714285714285,6,6,GAATCGGCTAAGCCCATCCA,0,4362146
yadI_predicted,0.14285714285714285,6,6,GAATACGACATCCGCTGAAA,0,4311433
yadI_predicted,0.14285714285714285,6,6,GAAGTGGGTAGCTCTAATCG,0,4325675
yadI_predicted,0.14285714285714285,6,6,GAAGTCAAATAATGAGTTGA,0,4308018
yadI_predicted,0.14285714285714285,6,6,GAAGGTCATCATTGTGCTAC,0,4369989
yadI_predicted,0.14285714285714285,6,6,GAAGGACGAAGTTGACTAAT,0,4304603
yadI_predicted,0.14285714285714285,6,6,GAAGGAACGGTAGCTATATA,0,4348193
yadI_predicted,0.14285714285714285,6,6,GAAGAGCGGTGATCTTGTGA,0,4340802
yadI_predicted,0.14285714285714285,6,6,GAACTTCACGAGAATGTTGC,0,4361632
yadI_predicted,0.14285714285714285,6,6,GAACTGAATAGCACACCTGC,0,4286589
yadI_predicted,0.14285714285714285,6,6,GAACTCCCGGTCGTCATATG,0,4342195
yadI_predicted,0.14285714285714285,6,6,GAACTATCGTCTCCGTGTAG,0,4363492
yadI_predicted,0.14285714285714285,6,6,GAACGTTTACGACCGTCTGG,0,4352805
yadI_predicted,0.14285714285714285,6,6,GAACGCCTGCGACTATGAAC,0,4288013
yadI_predicted,0.14285714285714285,6,6,GAACATTTGCCGTGTGATTA,0,4342029
yadI_predicted,0.14285714285714285,6,6,GAACATTAGCCTGCAGAATC,0,4317276
yadI_predicted,0.14285714285714285,6,6,GAAATAAGGCTGTTTGTACT,0,4365952
yadI_predicted,0.14285714285714285,6,6,GAAAGGTTCTAAGACCTCGT,0,4351744
yadI_predicted,0.14285714285714285,6,6,GAAAGAAGTCATAATTTGTC,0,4316527
yadI_predicted,0.14285714285714285,6,6,GAAAAGTCAGCGGGCCAAAG,0,4332264
yadI_predicted,0.14285714285714285,6,6,CTTTTAGGTCAAAGGATCTC,0,4334996
yadI_predicted,0.14285714285714285,6,6,CTTTATTTCCTAGTTATTCT,0,4359478
yadI_predicted,0.14285714285714285,6,6,CTTTACATGCCAGGGCGCAG,0,4317466
yadI_predicted,0.14285714285714285,6,6,CTTTAATACCCCACAAGGTA,0,4292212
yadI_predicted,0.14285714285714285,6,6,CTTGGTTTAGTGTCTTATAG,0,4286073
yadI_predicted,0.14285714285714285,6,6,CTTGCGCAGCCCCACCGAAC,0,4339540
yadI_predicted,0.14285714285714285,6,6,CTTCCTGTACCGCCACCACG,0,4348990
yadI_predicted,0.14285714285714285,6,6,CTTCATGGCTGCTATCGTTG,0,4354736
yadI_predicted,0.14285714285714285,6,6,CTTCAGGACATATGGAGAAC,0,4292346
yadI_predicted,0.14285714285714285,6,6,CTTACGTTGTTTCTGGTCCG,0,4327465
yadI_predicted,0.14285714285714285,6,6,CTTACATAAGATGGTCGCCA,0,4284320
yadI_predicted,0.14285714285714285,6,6,CTTAATGCACGAGTAAACTC,0,4340105
yadI_predicted,0.14285714285714285,6,6,CTTAAGCCTCGAATCTGATA,0,4330773
yadI_predicted,0.14285714285714285,6,6,CTTAAACAAAGCCCACGGCA,0,4308118
yadI_predicted,0.14285714285714285,6,6,CTGTCGTGGAGTTTTTATTA,0,4355564
yadI_predicted,0.14285714285714285,6,6,CTGTAGTCGAAGGTCGAACA,0,4287169
yadI_predicted,0.14285714285714285,6,6,CTGTACAGGCACTGGCCGGC,0,4318219
yadI_predicted,0.14285714285714285,6,6,CTGGTTCGCGAATTCTTACG,0,4360687
yadI_predicted,0.14285714285714285,6,6,CTGGTCTGTAGACTTTTGGC,0,4339190
yadI_predicted,0.14285714285714285,6,6,CTGGTAAGAACGGGCCGGAT,0,4367388
yadI_predicted,0.14285714285714285,6,6,CTGGGTGTGCCTATTAATAT,0,4362889
yadI_predicted,0.14285714285714285,6,6,CTGGGTGGCTGAGCTGTAGG,0,4355178
yadI_predicted,0.14285714285714285,6,6,CTGGGGGTCAGTGTCACCCA,0,4301787
yadI_predicted,0.14285714285714285,6,6,CTGGAGTGAGATATCCTGTG,0,4294542
yadI_predicted,0.14285714285714285,6,6,CTGGAGGCAGAAACACGCCA,0,4334310
yadI_predicted,0.14285714285714285,6,6,CTGGAGCTATAGACCGTGCT,0,4343282
yadI_predicted,0.14285714285714285,6,6,CTGCGTTGAGATTGTGTGTT,0,4314305
yadI_predicted,0.14285714285714285,6,6,CTGCGGCAACCGATGATTGC,0,4368567
yadI_predicted,0.14285714285714285,6,6,CTGCCCGAAAGCGATAATCG,0,4315088
yadI_predicted,0.14285714285714285,6,6,CTGCCCCGTACCGCGTCAGT,0,4308644
yadI_predicted,0.14285714285714285,6,6,CTGCCATAACGGACAGCCTC,0,4332304
yadI_predicted,0.14285714285714285,6,6,CTGCACTGGTGGCCAAGGGA,0,4306427
yadI_predicted,0.14285714285714285,6,6,CTGCAATTTAGAATCTCCTC,0,4298141
yadI_predicted,0.14285714285714285,6,6,CTGCAAGCACTCATACGGCG,0,4306271
yadI_predicted,0.14285714285714285,6,6,CTGATGGGTCCTCGTGTTAA,0,4316058
yadI_predicted,0.14285714285714285,6,6,CTGAGGCGCTTCACCTACAT,0,4351753
yadI_predicted,0.14285714285714285,6,6,CTGAGCTCGTGAGTCTCGCG,0,4289572
yadI_predicted,0.14285714285714285,6,6,CTGACTATGAATGGATACAG,0,4367741
yadI_predicted,0.14285714285714285,6,6,CTGACACGGTGGCTTATGTT,0,4292049
yadI_predicted,0.14285714285714285,6,6,CTGAACTAGAGGGCACTGTG,0,4358669
yadI_predicted,0.14285714285714285,6,6,CTGAACGCCTGCTATCAGCT,0,4353895
yadI_predicted,0.14285714285714285,6,6,CTCTTTCATTCTCGCATGCT,0,4293038
yadI_predicted,0.14285714285714285,6,6,CTCTTATTTGTGATAGGCGC,0,4359258
yadI_predicted,0.14285714285714285,6,6,CTCTCTACGACGACCGGTCA,0,4349638
yadI_predicted,0.14285714285714285,6,6,CTCTCACTATAAGTCTTTCT,0,4305325
yadI_predicted,0.14285714285714285,6,6,CTCTAGTGTAGATCATACGA,0,4338682
yadI_predicted,0.14285714285714285,6,6,CTCTAGCCCTTCAGCTCCAA,0,4334673
yadI_predicted,0.14285714285714285,6,6,CTCGTCTTCGTGTTGCGATC,0,4323113
yadI_predicted,0.14285714285714285,6,6,CTCGTCGATACCGCGCTTAA,0,4358857
yadI_predicted,0.14285714285714285,6,6,CTCGCAGGAAGTTCCACGTA,0,4301249
yadI_predicted,0.14285714285714285,6,6,CTCGAGCGCTGAGATAGTTT,0,4289866
yadI_predicted,0.14285714285714285,6,6,CTCGAGAAATAGCGTTTCCC,0,4366485
yadI_predicted,0.14285714285714285,6,6,CTCCTTCTGCCCACTACGGA,0,4357261
yadI_predicted,0.14285714285714285,6,6,CTCCTGCTTCCGACACATGT,0,4290794
yadI_predicted,0.14285714285714285,6,6,CTCCGGTCCCATAGGTACGT,0,4326096
yadI_predicted,0.14285714285714285,6,6,CTCCGGGACATATGAGCTTC,0,4294207
yadI_predicted,0.14285714285714285,6,6,CTCCCGCCTGTACCCATCAG,0,4364016
yadI_predicted,0.14285714285714285,6,6,CTCCACCTTCCAATTGCCAC,0,4355467
yadI_predicted,0.14285714285714285,6,6,CTCCACCTGCGAACGCGTAA,0,4288753
yadI_predicted,0.14285714285714285,6,6,CTCCAACGGTATCCTACTTT,0,4287163
yadI_predicted,0.14285714285714285,6,6,CTCATATTGCTTGGTGTCAT,0,4299657
yadI_predicted,0.14285714285714285,6,6,CTCAGGGCTTTTGTCCCCGG,0,4365968
yadI_predicted,0.14285714285714285,6,6,CTCAGGCTATGCTGCGTGGG,0,4327265
yadI_predicted,0.14285714285714285,6,6,CTCAGCTGCTGGGACCCGTA,0,4344164
yadI_predicted,0.14285714285714285,6,6,CTCACGTTAAGGTACGCGTA,0,4343821
yadI_predicted,0.14285714285714285,6,6,CTCACCCTTGACCCACAGGG,0,4364344
yadI_predicted,0.14285714285714285,6,6,CTCAATACTGTCTGGACTGT,0,4337250
yadI_predicted,0.14285714285714285,6,6,CTCAACTGCAAGGATTCTTC,0,4290408
yadI_predicted,0.14285714285714285,6,6,CTATTGTGCCGACAGGCTTC,0,4339843
yadI_predicted,0.14285714285714285,6,6,CTATTCCCCTCATCATGCTT,0,4332495
yadI_predicted,0.14285714285714285,6,6,CTATGTCCAGCCTCCACCTT,0,4354156
yadI_predicted,0.14285714285714285,6,6,CTATGGGTGTGGTCAAGCGT,0,4324543
yadI_predicted,0.14285714285714285,6,6,CTATGCTGGGTAACGCTCTA,0,4363545
yadI_predicted,0.14285714285714285,6,6,CTATGCGGAAAGGAGCAAAC,0,4296865
yadI_predicted,0.14285714285714285,6,6,CTATGCCTGTTCATGTACTA,0,4351182
yadI_predicted,0.14285714285714285,6,6,CTATGCCAGAGCTGATTGAG,0,4352865
yadI_predicted,0.14285714285714285,6,6,CTATCGTGCATTTTTATGTG,0,4363801
yadI_predicted,0.14285714285714285,6,6,CTATCGGGCTCCAAGATGCT,0,4301981
yadI_predicted,0.14285714285714285,6,6,CTATAAGGATAAGTCTGAGC,0,4332653
yadI_predicted,0.14285714285714285,6,6,CTATAAATTAACGGCTGCGA,0,4343402
yadI_predicted,0.14285714285714285,6,6,CTAGTGGCATCAGGAAAAGT,0,4313245
yadI_predicted,0.14285714285714285,6,6,CTAGGTCAGCGACCAGTCGC,0,4296785
yadI_predicted,0.14285714285714285,6,6,CTAGATCGCCATATGCTCAA,0,4351087
yadI_predicted,0.14285714285714285,6,6,CTAGATAAATCTTTGATTTC,0,4362613
yadI_predicted,0.14285714285714285,6,6,CTAGAATCGAAAGTGATCTT,0,4325807
yadI_predicted,0.14285714285714285,6,6,CTACTTTGCTGGGTTTGACG,0,4329739
yadI_predicted,0.14285714285714285,6,6,CTACTTCTTTAGCGAAAATA,0,4284656
yadI_predicted,0.14285714285714285,6,6,CTACTCTCTGGAGATCCTTT,0,4285668
yadI_predicted,0.14285714285714285,6,6,CTACGTGCTTGCCGCAATAT,0,4298807
yadI_predicted,0.14285714285714285,6,6,CTACGGTTGCTGATCGTAAG,0,4288612
yadI_predicted,0.14285714285714285,6,6,CTACGCTAGCACCGTCGAAT,0,4341305
yadI_predicted,0.14285714285714285,6,6,CTACGAAAAAGCAAACGACT,0,4324447
yadI_predicted,0.14285714285714285,6,6,CTACCCGGTAAATCGTGCGT,0,4351304
yadI_predicted,0.14285714285714285,6,6,CTACATTCTGCGGCCTGACG,0,4350591
yadI_predicted,0.14285714285714285,6,6,CTAAGGATCGGGGTGCGATC,0,4296284
yadI_predicted,0.14285714285714285,6,6,CTAAGCCAGGACACACTCGA,0,4344914
yadI_predicted,0.14285714285714285,6,6,CTAACTTGTCGGCACCAGAT,0,4333248
yadI_predicted,0.14285714285714285,6,6,CTAACTTCTTAGACCGCACC,0,4293702
yadI_predicted,0.14285714285714285,6,6,CTAACTGAATGGAAGTTTGT,0,4309189
yadI_predicted,0.14285714285714285,6,6,CTAACTACTCGGTCCTCGAC,0,4343271
yadI_predicted,0.14285714285714285,6,6,CTAACTAACCTTGCCGTGGT,0,4291222
yadI_predicted,0.14285714285714285,6,6,CTAACAGCGGTAATATAACG,0,4302415
yadI_predicted,0.14285714285714285,6,6,CGTTTACGAGATAACGCCAT,0,4368772
yadI_predicted,0.14285714285714285,6,6,CGTTGTGAAGGTTTGATACA,0,4336464
yadI_predicted,0.14285714285714285,6,6,CGTTCGTCTAGTAATTTGTT,0,4317025
yadI_predicted,0.14285714285714285,6,6,CGTTCACCGGCAGAGCCACT,0,4307380
yadI_predicted,0.14285714285714285,6,6,CGTTCACAAGCGCAGATGCG,0,4362013
yadI_predicted,0.14285714285714285,6,6,CGTTCAAGGATGTGCAGATC,0,4284652
yadI_predicted,0.14285714285714285,6,6,CGTTAAGTTGGCTTTACTGA,0,4295842
yadI_predicted,0.14285714285714285,6,6,CGTGTTTCTCCCACGGAAGA,0,4295193
yadI_predicted,0.14285714285714285,6,6,CGTGTTTAGGGACATGTATT,0,4303228
yadI_predicted,0.14285714285714285,6,6,CGTGTAACGGGAAACAACTG,0,4300703
yadI_predicted,0.14285714285714285,6,6,CGTGGGAGGGTTTAATCTGT,0,4362409
yadI_predicted,0.14285714285714285,6,6,CGTGGCACAGTATCAGCCTA,0,4320331
yadI_predicted,0.14285714285714285,6,6,CGTGCGCGCTGAATGGTCAG,0,4311143
yadI_predicted,0.14285714285714285,6,6,CGTGCATTGTGAAAGTGGAG,0,4286619
yadI_predicted,0.14285714285714285,6,6,CGTGATCTGATCGACTGAGA,0,4293890
yadI_predicted,0.14285714285714285,6,6,CGTGAAGCAGCTGTTTCGTA,0,4316827
yadI_predicted,0.14285714285714285,6,6,CGTCTGCAGAACTATTAGTG,0,4341864
yadI_predicted,0.14285714285714285,6,6,CGTCTCGGGCTAACGGTTCA,0,4315570
yadI_predicted,0.14285714285714285,6,6,CGTCTAGCTTTCGTTGTCAT,0,4346504
yadI_predicted,0.14285714285714285,6,6,CGTCGTTAAGATCGTTAGCT,0,4301143
yadI_predicted,0.14285714285714285,6,6,CGTCGTCCACCAGTAAGTTT,0,4316379
yadI_predicted,0.14285714285714285,6,6,CGTCGCATCGAAATGAAGTC,0,4324283
yadI_predicted,0.14285714285714285,6,6,CGTCCTCTAGAGCCGCAAAC,0,4306936
yadI_predicted,0.14285714285714285,6,6,CGTCACAATGGAACAACCAC,0,4369660
yadI_predicted,0.14285714285714285,6,6,CGTCAATACGTAGCGGTTTC,0,4308187
yadI_predicted,0.14285714285714285,6,6,CGTATTCTCCCGACTAGAAA,0,4331756
yadI_predicted,0.14285714285714285,6,6,CGTAGTGATTCACACTTCAG,0,4355807
yadI_predicted,0.14285714285714285,6,6,CGTAGTACAGGCGCATCGAA,0,4361154
yadI_predicted,0.14285714285714285,6,6,CGTACTTGGAACCTCTCGAT,0,4310416
yadI_predicted,0.14285714285714285,6,6,CGTACTGGGGCCAGCGCCTA,0,4348500
yadI_predicted,0.14285714285714285,6,6,CGTACCGCGGTATTACATCG,0,4347788
yadI_predicted,0.14285714285714285,6,6,CGTAATTTTCGGACGGCTGA,0,4357783
yadI_predicted,0.14285714285714285,6,6,CGTAAGCGGGTCGCTGATAT,0,4364879
yadI_predicted,0.14285714285714285,6,6,CGTAAACAAAGGTTTAGGGT,0,4299082
yadI_predicted,0.14285714285714285,6,6,CGGTTTGACACATTGGGAAC,0,4291176
yadI_predicted,0.14285714285714285,6,6,CGGTTGTTTGCCACCTTGTC,0,4364737
yadI_predicted,0.14285714285714285,6,6,CGGTTATTATACCAGTGTTG,0,4321503
yadI_predicted,0.14285714285714285,6,6,CGGTGACTTGGCAAGGTAGT,0,4331017
yadI_predicted,0.14285714285714285,6,6,CGGTCCCAGGCTCACCACGG,0,4312652
yadI_predicted,0.14285714285714285,6,6,CGGTAGTGATTTACATGCCA,0,4367490
yadI_predicted,0.14285714285714285,6,6,CGGGTGGAGGGAAGTATAAG,0,4294715
yadI_predicted,0.14285714285714285,6,6,CGGGTGAAGTGGTTGGACTC,0,4344926
yadI_predicted,0.14285714285714285,6,6,CGGGCTGTGGAATTTCCCAG,0,4291299
yadI_predicted,0.14285714285714285,6,6,CGGGCTCGGTCTTTTTGTCA,0,4320711
yadI_predicted,0.14285714285714285,6,6,CGGGCTCGCCATCAAGCAAA,0,4312174
yadI_predicted,0.14285714285714285,6,6,CGGGCGCATGGAAAATGGAC,0,4343519
yadI_predicted,0.14285714285714285,6,6,CGGGCCATGATAGCGCTCAG,0,4288627
yadI_predicted,0.14285714285714285,6,6,CGGGCATGATCGCCTGTACA,0,4285514
yadI_predicted,0.14285714285714285,6,6,CGGGATTGTTTTGACATAGA,0,4326215
yadI_predicted,0.14285714285714285,6,6,CGGGACAAGCCATGGAGTAG,0,4356239
yadI_predicted,0.14285714285714285,6,6,CGGGAAGGCCCTAACGCTTG,0,4336711
yadI_predicted,0.14285714285714285,6,6,CGGCGGCTATACCATTAGTT,0,4350984
yadI_predicted,0.14285714285714285,6,6,CGGCGGAATTCGTTGACGAC,0,4285827
yadI_predicted,0.14285714285714285,6,6,CGGCGCCAAATAACTCCCCA,0,4328156
yadI_predicted,0.14285714285714285,6,6,CGGCGATGCTGTCCATCGGT,0,4301838
yadI_predicted,0.14285714285714285,6,6,CGGCCTTAAACCCGTTGATC,0,4352991
yadI_predicted,0.14285714285714285,6,6,CGGCATATACACCGAGTATA,0,4307460
yadI_predicted,0.14285714285714285,6,6,CGGCAGAGTCTAAGACCCCT,0,4322174
yadI_predicted,0.14285714285714285,6,6,CGGCAATTCCCCCGAACTGT,0,4323697
yadI_predicted,0.14285714285714285,6,6,CGGATTGTTGCAAGGATAGG,0,4349121
yadI_predicted,0.14285714285714285,6,6,CGGATGGCATTTAGGGGCCA,0,4353045
yadI_predicted,0.14285714285714285,6,6,CGGATGCGGATGGGAAGAGG,0,4335092
yadI_predicted,0.14285714285714285,6,6,CGGAGGACACAGGACGTAAG,0,4297136
yadI_predicted,0.14285714285714285,6,6,CGGAGCGCAAGGATCGTCCA,0,4323531
yadI_predicted,0.14285714285714285,6,6,CGGAGCCTCCTGGAAGCTGG,0,4363858
yadI_predicted,0.14285714285714285,6,6,CGGACGGTGAAAAACTCCGG,0,4331424
yadI_predicted,0.14285714285714285,6,6,CGGACCGGCCCTTGGGAGTG,0,4353001
yadI_predicted,0.14285714285714285,6,6,CGCTTCTGCATCCCAAAAGA,0,4322857
yadI_predicted,0.14285714285714285,6,6,CGCTGGCTGGTGGTAGTCCA,0,4291237
yadI_predicted,0.14285714285714285,6,6,CGCTGACCCCGCAGTTTGCG,0,4293041
yadI_predicted,0.14285714285714285,6,6,CGCTCTAACCAAAGAAGGGG,0,4292059
yadI_predicted,0.14285714285714285,6,6,CGCTACGGTCGCTAATCCGA,0,4364067
yadI_predicted,0.14285714285714285,6,6,CGCGTTGCTGGATCTGTCAG,0,4320598
yadI_predicted,0.14285714285714285,6,6,CGCGTGTGACAAGAAATTTC,0,4333598
yadI_predicted,0.14285714285714285,6,6,CGCGTCGTGTCAATACGGTC,0,4369671
yadI_predicted,0.14285714285714285,6,6,CGCGTCGAGGAACTCTGTAT,0,4352037
yadI_predicted,0.14285714285714285,6,6,CGCGTCAAGGGCTGCGGATT,0,4313654
yadI_predicted,0.14285714285714285,6,6,CGCGCTATCCGCAAACTGCC,0,4327502
yadI_predicted,0.14285714285714285,6,6,CGCGCTATAATGCGTACCTG,0,4311363
yadI_predicted,0.14285714285714285,6,6,CGCGACCTTAAATGTTTGTG,0,4301618
yadI_predicted,0.14285714285714285,6,6,CGCCTGAGACTCGCAGTGGA,0,4294131
yadI_predicted,0.14285714285714285,6,6,CGCCTCTATCTGTGTCCCTG,0,4356224
yadI_predicted,0.14285714285714285,6,6,CGCCTAGTGCACGCATTATG,0,4299410
yadI_predicted,0.14285714285714285,6,6,CGCCGATGATTGATCGGTTA,0,4304145
yadI_predicted,0.14285714285714285,6,6,CGCCCTTACATTCTATAGTT,0,4284550
yadI_predicted,0.14285714285714285,6,6,CGCCACAAAACTTAGAAACG,0,4336670
yadI_predicted,0.14285714285714285,6,6,CGCAGACTGTGATCTGAGGT,0,4355866
yadI_predicted,0.14285714285714285,6,6,CGCACGAGGCACCTGACTGC,0,4288613
yadI_predicted,0.14285714285714285,6,6,CGCACCCCACGTTACCTGGG,0,4321536
yadI_predicted,0.14285714285714285,6,6,CGCAATCTAACCAACCGGAC,0,4314612
yadI_predicted,0.14285714285714285,6,6,CGATTCGGGATACCATACGA,0,4287789
yadI_predicted,0.14285714285714285,6,6,CGATTACTTAAACATCAAGC,0,4285567
yadI_predicted,0.14285714285714285,6,6,CGATGTTGTTGCGGATCAGT,0,4326305
yadI_predicted,0.14285714285714285,6,6,CGATGTACTTAACGGAATGC,0,4332053
yadI_predicted,0.14285714285714285,6,6,CGATGGTGTTGAGTGTACTG,0,4355137
yadI_predicted,0.14285714285714285,6,6,CGATGATCACTATTAGTATG,0,4324613
yadI_predicted,0.14285714285714285,6,6,CGATGAACGGCCATTCTATT,0,4297451
yadI_predicted,0.14285714285714285,6,6,CGATCTGAGAGCAAAAAAAT,0,4299998
yadI_predicted,0.14285714285714285,6,6,CGATCGGAGCTATTTTGAGA,0,4295415
yadI_predicted,0.14285714285714285,6,6,CGATCGATAAATGAGGCCGA,0,4303356
yadI_predicted,0.14285714285714285,6,6,CGATCCGTGTAGAGGGCGTG,0,4307111
yadI_predicted,0.14285714285714285,6,6,CGATCAGAAGCTTCTGACTC,0,4326116
yadI_predicted,0.14285714285714285,6,6,CGATAACTTCTCAAGGGGTT,0,4298878
yadI_predicted,0.14285714285714285,6,6,CGAGTCGGTTCCGCTTTCTC,0,4297320
yadI_predicted,0.14285714285714285,6,6,CGAGTCGGCCCGGCGCGAAA,0,4367947
yadI_predicted,0.14285714285714285,6,6,CGAGTACGACGCTCTTGCAT,0,4336695
yadI_predicted,0.14285714285714285,6,6,CGAGCTAATTAGCTCCACCT,0,4315966
yadI_predicted,0.14285714285714285,6,6,CGAGCGGGCTACCACTGGGA,0,4335475
yadI_predicted,0.14285714285714285,6,6,CGAGCGCGATATTCACTACG,0,4336886
yadI_predicted,0.14285714285714285,6,6,CGACTATTGCAATAACGGAT,0,4364425
yadI_predicted,0.14285714285714285,6,6,CGACTACGGCCATGAGGCAA,0,4341087
yadI_predicted,0.14285714285714285,6,6,CGACTACGAGTGGCGAGGCA,0,4307757
yadI_predicted,0.14285714285714285,6,6,CGACAGCCGACACCCCGTAA,0,4293263
yadI_predicted,0.14285714285714285,6,6,CGAATGCTGTCGCGGACGTC,0,4287347
yadI_predicted,0.14285714285714285,6,6,CGAATGCAGTGCCTTGGGAT,0,4330568
yadI_predicted,0.14285714285714285,6,6,CGAAGCCCGGTTTGTTAACT,0,4317403
yadI_predicted,0.14285714285714285,6,6,CGAACAATATAGTGTCAACT,0,4306093
yadI_predicted,0.14285714285714285,6,6,CGAAATAGTTTTCTGTCAAG,0,4314950
yadI_predicted,0.14285714285714285,6,6,CCTTTCGTAGTTCCCAGCCT,0,4286576
yadI_predicted,0.14285714285714285,6,6,CCTTTCAGTTTTTTCGGTAC,0,4322957
yadI_predicted,0.14285714285714285,6,6,CCTTGTCCGCCCTGCGCCAA,0,4359077
yadI_predicted,0.14285714285714285,6,6,CCTTGGGGAGTTGCGCGGGG,0,4353383
yadI_predicted,0.14285714285714285,6,6,CCTTCTGCTCAAACGTGAGG,0,4364524
yadI_predicted,0.14285714285714285,6,6,CCTTAGTGAGTCATAGAAAT,0,4358106
yadI_predicted,0.14285714285714285,6,6,CCTTAAACTCAGGGGTGAAT,0,4321276
yadI_predicted,0.14285714285714285,6,6,CCTGGTTGCGTCGTTGGTGA,0,4359505
yadI_predicted,0.14285714285714285,6,6,CCTGGATCCAGGAATTCGGC,0,4352866
yadI_predicted,0.14285714285714285,6,6,CCTGCCAATATTAGAACTAT,0,4307797
yadI_predicted,0.14285714285714285,6,6,CCTGCAAGCAGGGCCTCAAA,0,4310455
yadI_predicted,0.14285714285714285,6,6,CCTCTGTACATTACCCGATG,0,4335424
yadI_predicted,0.14285714285714285,6,6,CCTCAGCGAACCTCTCCCAG,0,4298955
yadI_predicted,0.14285714285714285,6,6,CCTCACCAACGTTTTTCTAG,0,4366129
yadI_predicted,0.14285714285714285,6,6,CCTATCTTAGCCCATTAAAT,0,4286527
yadI_predicted,0.14285714285714285,6,6,CCTAGAGTACAGTTGGGGCT,0,4333093
yadI_predicted,0.14285714285714285,6,6,CCTAGACCATCTACGGCGGC,0,4289744
yadI_predicted,0.14285714285714285,6,6,CCTACAGGGCGGATGAACAC,0,4329982
yadI_predicted,0.14285714285714285,6,6,CCTACACGAGACGTGCGCTG,0,4346770
yadI_predicted,0.14285714285714285,6,6,CCTAATGGTTAGTTCAGATC,0,4310026
yadI_predicted,0.14285714285714285,6,6,CCTAATATCACTGCTTTCTA,0,4331488
yadI_predicted,0.14285714285714285,6,6,CCTAACACTGGAGGGGGTAA,0,4292569
yadI_predicted,0.14285714285714285,6,6,CCGTTGTACAGCCGCATTCG,0,4367740
yadI_predicted,0.14285714285714285,6,6,CCGTTAGCTATTAGCCAGGA,0,4329361
yadI_predicted,0.14285714285714285,6,6,CCGTGTAGACGCACGGTCAC,0,4348319
yadI_predicted,0.14285714285714285,6,6,CCGTGGTATAAGAGAATAGG,0,4339588
yadI_predicted,0.14285714285714285,6,6,CCGTGAGCCGGCATAGTGAC,0,4356590
yadI_predicted,0.14285714285714285,6,6,CCGTCGTTAGATTTACGAAG,0,4329849
yadI_predicted,0.14285714285714285,6,6,CCGTCGGCCTCCTATGAACT,0,4356927
yadI_predicted,0.14285714285714285,6,6,CCGTATCGAGCGGCTTAGCG,0,4338552
yadI_predicted,0.14285714285714285,6,6,CCGTAGATGCACAAAGAACG,0,4359820
yadI_predicted,0.14285714285714285,6,6,CCGTAAGGCCACTTGATAGT,0,4366680
yadI_predicted,0.14285714285714285,6,6,CCGTAACTACACGCGTAAGG,0,4347362
yadI_predicted,0.14285714285714285,6,6,CCGGTCGTCCGAGGGCTGAC,0,4305105
yadI_predicted,0.14285714285714285,6,6,CCGGGCTCCTGCGCTTAATA,0,4350066
yadI_predicted,0.14285714285714285,6,6,CCGGGAGGACTTCGCTTCAG,0,4302560
yadI_predicted,0.14285714285714285,6,6,CCGGCCGTGGACGACATGGA,0,4357547
yadI_predicted,0.14285714285714285,6,6,CCGGCCAGCGGAAGAGAATT,0,4302833
yadI_predicted,0.14285714285714285,6,6,CCGGCATACCCCAACGAGAA,0,4289726
yadI_predicted,0.14285714285714285,6,6,CCGGATGTTAGCCACCGTCC,0,4356738
yadI_predicted,0.14285714285714285,6,6,CCGGATGTGGTGACATAGTC,0,4351861
yadI_predicted,0.14285714285714285,6,6,CCGGATCAATCCGCGCTAAG,0,4344608
yadI_predicted,0.14285714285714285,6,6,CCGGACTCTAGAGTCGCAAA,0,4285209
yadI_predicted,0.14285714285714285,6,6,CCGGACCGCTGTGCTGTGCC,0,4325144
yadI_predicted,0.14285714285714285,6,6,CCGCTGTAGGCATGAAGGAT,0,4341315
yadI_predicted,0.14285714285714285,6,6,CCGCTCTCATTACCGGGGTA,0,4369664
yadI_predicted,0.14285714285714285,6,6,CCGCTCCAACATTGAGTCAT,0,4327798
yadI_predicted,0.14285714285714285,6,6,CCGCTAATTAATGGACTTGT,0,4365834
yadI_predicted,0.14285714285714285,6,6,CCGCGTACGCATATAATTCC,0,4369753
yadI_predicted,0.14285714285714285,6,6,CCGCGAGGAATGTCCCTAGC,0,4328306
yadI_predicted,0.14285714285714285,6,6,CCGCCGTATTTTTTTTCATT,0,4310445
yadI_predicted,0.14285714285714285,6,6,CCGAGACCTTTGTTTAGTCA,0,4289124
yadI_predicted,0.14285714285714285,6,6,CCCTTGGTATGGATTAGTCG,0,4358370
yadI_predicted,0.14285714285714285,6,6,CCCTTCTAGGAATTTCATGC,0,4326431
yadI_predicted,0.14285714285714285,6,6,CCCTTCAACTTAGCTCTCTT,0,4339136
yadI_predicted,0.14285714285714285,6,6,CCCTGGACGATAGGGAGTGC,0,4365901
yadI_predicted,0.14285714285714285,6,6,CCCTCGTCAGGGAAAGCTCT,0,4369875
yadI_predicted,0.14285714285714285,6,6,CCCTAGCCGCGGGCTGGTAC,0,4322916
yadI_predicted,0.14285714285714285,6,6,CCCGTCACTGCCGGGAGAGA,0,4366229
yadI_predicted,0.14285714285714285,6,6,CCCGTAGATTCGCTAATAGG,0,4293668
yadI_predicted,0.14285714285714285,6,6,CCCGGTAAGGCCGATCGAGA,0,4332401
yadI_predicted,0.14285714285714285,6,6,CCCGCTATGACGATTGCGCA,0,4365741
yadI_predicted,0.14285714285714285,6,6,CCCGAAGAAGTGCGATATAT,0,4357218
yadI_predicted,0.14285714285714285,6,6,CCCCTAAGTTTGGGCAATGG,0,4288576
yadI_predicted,0.14285714285714285,6,6,CCCCAGCCGAGATGTCATAA,0,4330456
yadI_predicted,0.14285714285714285,6,6,CCCCAAGCACCATGTATTAG,0,4303895
yadI_predicted,0.14285714285714285,6,6,CCCATGCGTACGTAACCATT,0,4295950
yadI_predicted,0.14285714285714285,6,6,CCCATAACGCCAGAACCTTG,0,4288232
yadI_predicted,0.14285714285714285,6,6,CCCACTGGTACTGAGAAATG,0,4313305
yadI_predicted,0.14285714285714285,6,6,CCCACACGGCCTCGCCCTCT,0,4298953
yadI_predicted,0.14285714285714285,6,6,CCCAAGCCATCCTTGTCCCA,0,4341953
yadI_predicted,0.14285714285714285,6,6,CCCAACCATTCCAAGTGTGG,0,4287759
yadI_predicted,0.14285714285714285,6,6,CCCAAATTTCCCATCTAGAC,0,4369707
yadI_predicted,0.14285714285714285,6,6,CCAGTGGCCGTCCTCACGTG,0,4319346
yadI_predicted,0.14285714285714285,6,6,CCAGGCTATGTCCCAATGCC,0,4319482
yadI_predicted,0.14285714285714285,6,6,CCAGCGTTTCGCCCGATTAA,0,4319449
yadI_predicted,0.14285714285714285,6,6,CCAGCCATCCTGAAAACAAA,0,4287079
yadI_predicted,0.14285714285714285,6,6,CCAGATAATGGCCGAGTACA,0,4337221
yadI_predicted,0.14285714285714285,6,6,CCAGAGGGTCTGGATCATCA,0,4319390
yadI_predicted,0.14285714285714285,6,6,CCAGACCAATTCAAGGCGCC,0,4296173
yadI_predicted,0.14285714285714285,6,6,CCACTAATGTGAACGTGCAT,0,4331127
yadI_predicted,0.14285714285714285,6,6,CCACTAATCTATGTGCCCGC,0,4318019
yadI_predicted,0.14285714285714285,6,6,CCACGTCGAAGTAGGTATTC,0,4336990
yadI_predicted,0.14285714285714285,6,6,CCACGAGGTCCAGTATCATT,0,4358872
yadI_predicted,0.14285714285714285,6,6,CCACCTACCCGGTGAATGCA,0,4336908
yadI_predicted,0.14285714285714285,6,6,CCACCGGAACCCGGAGTATG,0,4301149
yadI_predicted,0.14285714285714285,6,6,CCACCGACTATTTTTTTAAA,0,4324014
yadI_predicted,0.14285714285714285,6,6,CCACCGAACTGTGGTGACCA,0,4339444
yadI_predicted,0.14285714285714285,6,6,CCACCCTGCATGGGTTGATC,0,4347037
yadI_predicted,0.14285714285714285,6,6,CCACCATGTTAGGCCCCCCA,0,4358221
yadI_predicted,0.14285714285714285,6,6,CCACCACCGGCATATGGCAT,0,4339106
yadI_predicted,0.14285714285714285,6,6,CCACATTCAACGCTAGTGAC,0,4319497
yadI_predicted,0.14285714285714285,6,6,CCACAGGGAAGGGGGCATAA,0,4361239
yadI_predicted,0.14285714285714285,6,6,CCAATGCTGGGATCGGTGAC,0,4318897
yadI_predicted,0.14285714285714285,6,6,CCAAGTGCTAGGTTCTGGCT,0,4316956
yadI_predicted,0.14285714285714285,6,6,CCAAGCTTGGTGAGGTAGGA,0,4308992
yadI_predicted,0.14285714285714285,6,6,CCAACTTCAGTAAGCCAAAT,0,4350099
yadI_predicted,0.14285714285714285,6,6,CCAACTTATGCCAGACGCCA,0,4347565
yadI_predicted,0.14285714285714285,6,6,CCAACTCAGTGAAGCGGCAT,0,4341872
yadI_predicted,0.14285714285714285,6,6,CCAAATAGAAGGGGCGAAAA,0,4292493
yadI_predicted,0.14285714285714285,6,6,CCAAAGTATCTTTGTTTATA,0,4313644
yadI_predicted,0.14285714285714285,6,6,CCAAAGATTTGAAGTTACCC,0,4314011
yadI_predicted,0.14285714285714285,6,6,CCAAACACATCAATATCTTA,0,4286773
yadI_predicted,0.14285714285714285,6,6,CATTTGATCGAGTAACGTGT,0,4303127
yadI_predicted,0.14285714285714285,6,6,CATTTGAGCCGATTCGGCCC,0,4356594
yadI_predicted,0.14285714285714285,6,6,CATTGGAACTCAGGTTGGTG,0,4344338
yadI_predicted,0.14285714285714285,6,6,CATTCCCTGATTCCAGGTTT,0,4356448
yadI_predicted,0.14285714285714285,6,6,CATTATTTACTGAGTTTCCT,0,4298497
yadI_predicted,0.14285714285714285,6,6,CATTATAGATTATCCTTATG,0,4302170
yadI_predicted,0.14285714285714285,6,6,CATGTGGTCGAATAGGTACA,0,4293889
yadI_predicted,0.14285714285714285,6,6,CATGTACGCCTATTACGAAT,0,4325878
yadI_predicted,0.14285714285714285,6,6,CATGCGGCTACGCGGGCTGG,0,4339601
yadI_predicted,0.14285714285714285,6,6,CATGCGGAGTTCGTAGGGTT,0,4298409
yadI_predicted,0.14285714285714285,6,6,CATGAGACTACTTCGGGGTC,0,4317549
yadI_predicted,0.14285714285714285,6,6,CATGACCATTTTAGGCTTCG,0,4340888
yadI_predicted,0.14285714285714285,6,6,CATGAATGCGCCTTATAGCC,0,4367924
yadI_predicted,0.14285714285714285,6,6,CATCTTACTGTTGGATGAAA,0,4289174
yadI_predicted,0.14285714285714285,6,6,CATCTTAACCTCTACCACGC,0,4307378
yadI_predicted,0.14285714285714285,6,6,CATCCCTACCGCTGGTTCTG,0,4365965
yadI_predicted,0.14285714285714285,6,6,CATCAGTGGAGCTGTAGCTT,0,4358723
yadI_predicted,0.14285714285714285,6,6,CATCAATCGCGTGCAAGATA,0,4289697
yadI_predicted,0.14285714285714285,6,6,CATATTTGATAATTCTCAAT,0,4291271
yadI_predicted,0.14285714285714285,6,6,CATAGCTTAAATCGGTCATG,0,4329464
yadI_predicted,0.14285714285714285,6,6,CATACGCGTGAGGAACTCCC,0,4290354
yadI_predicted,0.14285714285714285,6,6,CATAATTCTAGCCGGCTAAA,0,4347291
yadI_predicted,0.14285714285714285,6,6,CATAATGGTGGCAGCACAAG,0,4354295
yadI_predicted,0.14285714285714285,6,6,CAGTTGTTCGTCCCAACGGG,0,4315928
yadI_predicted,0.14285714285714285,6,6,CAGTTGCTCGGTGTGGCAAA,0,4368670
yadI_predicted,0.14285714285714285,6,6,CAGTGTAGCGTGTGCGTGTG,0,4302447
yadI_predicted,0.14285714285714285,6,6,CAGTGCTTACATAAGTTCAG,0,4362176
yadI_predicted,0.14285714285714285,6,6,CAGTCCGCGCTTAACAAAAC,0,4323894
yadI_predicted,0.14285714285714285,6,6,CAGTAGTGGGTTCGTAGGGT,0,4297628
yadI_predicted,0.14285714285714285,6,6,CAGTAAGATACTTTGCTGTG,0,4366738
yadI_predicted,0.14285714285714285,6,6,CAGGTGCTTCATATCTGTAC,0,4293703
yadI_predicted,0.14285714285714285,6,6,CAGGGGCTCCCGTAAAGTCT,0,4330083
yadI_predicted,0.14285714285714285,6,6,CAGGGATCAATCGAGAGTTT,0,4340165
yadI_predicted,0.14285714285714285,6,6,CAGGCACCTCACTCACGCGT,0,4307863
yadI_predicted,0.14285714285714285,6,6,CAGGAATCGATTTGAACCGA,0,4303743
yadI_predicted,0.14285714285714285,6,6,CAGCTTCACGTACGCTCGGA,0,4286809
yadI_predicted,0.14285714285714285,6,6,CAGCTGCACTGATCCGTCCA,0,4288566
yadI_predicted,0.14285714285714285,6,6,CAGCGTAGGACACTTTATGA,0,4292255
yadI_predicted,0.14285714285714285,6,6,CAGCGCGCACTCCTAGTGAC,0,4359181
yadI_predicted,0.14285714285714285,6,6,CAGCGAGTCAGGGCCAATTG,0,4356586
yadI_predicted,0.14285714285714285,6,6,CAGCCGTCACCGTAAACGTC,0,4284997
yadI_predicted,0.14285714285714285,6,6,CAGCCAGTAGAAAGCATTTG,0,4364317
yadI_predicted,0.14285714285714285,6,6,CAGCCACTGCACCATCAAGA,0,4332128
yadI_predicted,0.14285714285714285,6,6,CAGCATGCGGCCAGCTTCCC,0,4367437
yadI_predicted,0.14285714285714285,6,6,CAGCACCGTTCGACTAAAGT,0,4328447
yadI_predicted,0.14285714285714285,6,6,CAGATTCTCGGTGCTGGGAA,0,4332054
yadI_predicted,0.14285714285714285,6,6,CAGATTCCGTGGCCGGTTAA,0,4296903
yadI_predicted,0.14285714285714285,6,6,CAGAGCTTTTTCCAACGAGA,0,4356234
yadI_predicted,0.14285714285714285,6,6,CAGACTTTGGAATCGGTGGT,0,4323898
yadI_predicted,0.14285714285714285,6,6,CAGACGCTTGGGAGTTGAAA,0,4310707
yadI_predicted,0.14285714285714285,6,6,CAGAATCTACGGATAGCTGT,0,4319147
yadI_predicted,0.14285714285714285,6,6,CAGAATACTTACATCTGTGC,0,4368004
yadI_predicted,0.14285714285714285,6,6,CAGAAGCGGTTTGTAGGTCA,0,4325422
yadI_predicted,0.14285714285714285,6,6,CACTCGCGCGTAAAAGACTC,0,4311854
yadI_predicted,0.14285714285714285,6,6,CACTCACCTTAGCGCTACTT,0,4333568
yadI_predicted,0.14285714285714285,6,6,CACTAGAGTTCACGTCTCAC,0,4284811
yadI_predicted,0.14285714285714285,6,6,CACTAACTGTCCGTCAGTGA,0,4306250
yadI_predicted,0.14285714285714285,6,6,CACGTGTATGTCTTGACCTG,0,4327748
yadI_predicted,0.14285714285714285,6,6,CACGTCTAAAATGTTACCCT,0,4329903
yadI_predicted,0.14285714285714285,6,6,CACGTACACATGTTGGAGTC,0,4287835
yadI_predicted,0.14285714285714285,6,6,CACGAAGCCCTGCGCTTGGC,0,4311359
yadI_predicted,0.14285714285714285,6,6,CACCTCTATGGGGCTGCGCA,0,4360962
yadI_predicted,0.14285714285714285,6,6,CACCGAAGCAATTTGCATGA,0,4345900
yadI_predicted,0.14285714285714285,6,6,CACCCACAGGCCATGATGTA,0,4291126
yadI_predicted,0.14285714285714285,6,6,CACCCAAGCGGTCTCGTCTC,0,4325049
yadI_predicted,0.14285714285714285,6,6,CACCATGGCATCCGCGTTTT,0,4284160
yadI_predicted,0.14285714285714285,6,6,CACCATGGAATGTCAATTAT,0,4329232
yadI_predicted,0.14285714285714285,6,6,CACCAGTATCATCGGTGACG,0,4337772
yadI_predicted,0.14285714285714285,6,6,CACCAGGCCATACTAAAGGA,0,4310210
yadI_predicted,0.14285714285714285,6,6,CACATTCGTCACACGGCTGC,0,4344017
yadI_predicted,0.14285714285714285,6,6,CACAGTCGTAGACTGGGGAT,0,4360105
yadI_predicted,0.14285714285714285,6,6,CACAGTCAGTTCCGTCTCCC,0,4347723
yadI_predicted,0.14285714285714285,6,6,CACAGTATGGTACAGTTACT,0,4304725
yadI_predicted,0.14285714285714285,6,6,CACACGATGCTTCAAATAGG,0,4317827
yadI_predicted,0.14285714285714285,6,6,CAATTTCTTAGCCGCCAGGG,0,4299453
yadI_predicted,0.14285714285714285,6,6,CAATGGTTGGCCAGCACCAG,0,4285646
yadI_predicted,0.14285714285714285,6,6,CAATGGTATCATAAACTAAA,0,4288754
yadI_predicted,0.14285714285714285,6,6,CAATGACACGTGCGTCATAT,0,4313532
yadI_predicted,0.14285714285714285,6,6,CAATCTGGTTACTCGAGCTA,0,4362174
yadI_predicted,0.14285714285714285,6,6,CAATATGCCCAGCAAACTTT,0,4292378
yadI_predicted,0.14285714285714285,6,6,CAAGTTCAGTGAAGGTTGTG,0,4293658
yadI_predicted,0.14285714285714285,6,6,CAAGTGCCAATACTCCCCAA,0,4332100
yadI_predicted,0.14285714285714285,6,6,CAAGTCAGCGCGTTCTCTGT,0,4368587
yadI_predicted,0.14285714285714285,6,6,CAAGGGATTCGCAGAACTCG,0,4310960
yadI_predicted,0.14285714285714285,6,6,CAAGCTAGGATAAGCCCAGA,0,4296629
yadI_predicted,0.14285714285714285,6,6,CAAGCGGGAATGTTTTAGTC,0,4353531
yadI_predicted,0.14285714285714285,6,6,CAAGCGATTGGTGGATTCGA,0,4313370
yadI_predicted,0.14285714285714285,6,6,CAAGAGCCAGAACAGGAACT,0,4346300
yadI_predicted,0.14285714285714285,6,6,CAAGACAGGCCTGACTGGTG,0,4303995
yadI_predicted,0.14285714285714285,6,6,CAAGAAGCCTGCGCATGCTC,0,4352361
yadI_predicted,0.14285714285714285,6,6,CAACTTTCCGGCGCAATTAC,0,4326357
yadI_predicted,0.14285714285714285,6,6,CAACTCAACGACGGATTAGC,0,4343879
yadI_predicted,0.14285714285714285,6,6,CAACTATACGGCGGCGGTCG,0,4326108
yadI_predicted,0.14285714285714285,6,6,CAACGTATTCCGGCCTTAGA,0,4346710
yadI_predicted,0.14285714285714285,6,6,CAACGTAGACATCGGCGGCG,0,4343947
yadI_predicted,0.14285714285714285,6,6,CAACGCTGTGCCTAAACAAC,0,4315070
yadI_predicted,0.14285714285714285,6,6,CAACCCGATCCAGTGGACAT,0,4337831
yadI_predicted,0.14285714285714285,6,6,CAACAACATTAATTTTTATT,0,4286050
yadI_predicted,0.14285714285714285,6,6,CAAATTTTGACTTCGTGGAG,0,4314743
yadI_predicted,0.14285714285714285,6,6,CAAAGGGGAGAAAACGAACA,0,4362071
yadI_predicted,0.14285714285714285,6,6,CAAAGGGGAACTTTATATGA,0,4353190
yadI_predicted,0.14285714285714285,6,6,ATTTTGAGACGGAGAGGTGC,0,4330988
yadI_predicted,0.14285714285714285,6,6,ATTTTCGCAGTATTTACCAT,0,4291386
yadI_predicted,0.14285714285714285,6,6,ATTTTCATCGTTAATTGCAT,0,4343202
yadI_predicted,0.14285714285714285,6,6,ATTTTATAACAACGTCTCGC,0,4326773
yadI_predicted,0.14285714285714285,6,6,ATTTGTCGTGTGAACTAATC,0,4312247
yadI_predicted,0.14285714285714285,6,6,ATTTGGAAAGCTAACTTAAG,0,4341446
yadI_predicted,0.14285714285714285,6,6,ATTTGAAACCCGGGGCAGAT,0,4324828
yadI_predicted,0.14285714285714285,6,6,ATTTCGGTTAACTCGATCAC,0,4306796
yadI_predicted,0.14285714285714285,6,6,ATTTATCTCATCTGTGTCAA,0,4332985
yadI_predicted,0.14285714285714285,6,6,ATTGGTGGTCAGTGCGCCAA,0,4312214
yadI_predicted,0.14285714285714285,6,6,ATTGGTCCTAGCCTCGTGTG,0,4367452
yadI_predicted,0.14285714285714285,6,6,ATTGGGACTTCGGGGGAAAT,0,4288447
yadI_predicted,0.14285714285714285,6,6,ATTGCCGGGCAATCATTACG,0,4321807
yadI_predicted,0.14285714285714285,6,6,ATTGCACGTCGAACCTACCT,0,4325618
yadI_predicted,0.14285714285714285,6,6,ATTGCAATGATAATAAGCGG,0,4352886
yadI_predicted,0.14285714285714285,6,6,ATTGAGATACGAGTTCGCTA,0,4309773
yadI_predicted,0.14285714285714285,6,6,ATTGACGTTGTGTCCGTACG,0,4334730
yadI_predicted,0.14285714285714285,6,6,ATTGACAAGCTTATTTCAAC,0,4348759
yadI_predicted,0.14285714285714285,6,6,ATTGAAGTTGTACGGTGTTT,0,4367875
yadI_predicted,0.14285714285714285,6,6,ATTCTCGCATACCCTTTGAC,0,4340766
yadI_predicted,0.14285714285714285,6,6,ATTCTATCTGCAGTATCCAA,0,4341108
yadI_predicted,0.14285714285714285,6,6,ATTCGCCCAACTTCACCGTC,0,4284363
yadI_predicted,0.14285714285714285,6,6,ATTCCGGTGTGTTGGAGATA,0,4338227
yadI_predicted,0.14285714285714285,6,6,ATTCCATGATCTTTTATACT,0,4342197
yadI_predicted,0.14285714285714285,6,6,ATTATGTACTTGGACTCTCG,0,4324497
yadI_predicted,0.14285714285714285,6,6,ATTATGAAATCAGCGACAGT,0,4319599
yadI_predicted,0.14285714285714285,6,6,ATTAGTTTCAGATTACGTGG,0,4318142
yadI_predicted,0.14285714285714285,6,6,ATTAGCTATACGGTCACTGC,0,4300936
yadI_predicted,0.14285714285714285,6,6,ATTAGCCCTACACTTCATCT,0,4298660
yadI_predicted,0.14285714285714285,6,6,ATTACGGCGTTCTTTTCGCG,0,4322280
yadI_predicted,0.14285714285714285,6,6,ATTAAGTGGCACACTCAGTA,0,4290729
yadI_predicted,0.14285714285714285,6,6,ATGTTTGCTATGGACGCAAC,0,4299570
yadI_predicted,0.14285714285714285,6,6,ATGTTCTTGTCTTGCGGCAT,0,4329770
yadI_predicted,0.14285714285714285,6,6,ATGTTATCGTGGATCCTCCA,0,4294004
yadI_predicted,0.14285714285714285,6,6,ATGTTACGTGGCAAGGACAC,0,4324080
yadI_predicted,0.14285714285714285,6,6,ATGTGGCACTGATGACGCAA,0,4325739
yadI_predicted,0.14285714285714285,6,6,ATGTGCACTTTGTTTCTAAC,0,4361915
yadI_predicted,0.14285714285714285,6,6,ATGTCGCAAAAATCGGCAAG,0,4305602
yadI_predicted,0.14285714285714285,6,6,ATGTCCAGCCTTATACCTTG,0,4307615
yadI_predicted,0.14285714285714285,6,6,ATGTCAGGATTCGAGTTTCC,0,4327271
yadI_predicted,0.14285714285714285,6,6,ATGTATTCTGGTGTAAATTT,0,4337561
yadI_predicted,0.14285714285714285,6,6,ATGTAGTGACCCATCGTAAT,0,4366822
yadI_predicted,0.14285714285714285,6,6,ATGTAGTCACCCCCAAGCGC,0,4324790
yadI_predicted,0.14285714285714285,6,6,ATGTAGTATAGGCAAGTAAA,0,4351358
yadI_predicted,0.14285714285714285,6,6,ATGGTACTGCGATGAACCCT,0,4311545
yadI_predicted,0.14285714285714285,6,6,ATGGGTAAATATCAGCGACA,0,4292363
yadI_predicted,0.14285714285714285,6,6,ATGGCCAGAGTTCCATTTCT,0,4362294
yadI_predicted,0.14285714285714285,6,6,ATGGAGGGAAGCCATAAGTT,0,4311434
yadI_predicted,0.14285714285714285,6,6,ATGGAGCGGACTCTTAAACA,0,4359765
yadI_predicted,0.14285714285714285,6,6,ATGCTTTCCAAGTACTCCTG,0,4343150
yadI_predicted,0.14285714285714285,6,6,ATGCCAAGGAGTATCCGGCC,0,4361981
yadI_predicted,0.14285714285714285,6,6,ATGCAGTAGGGGCTGTTTAA,0,4305121
yadI_predicted,0.14285714285714285,6,6,ATGCACGCGACGGGTATCAT,0,4306309
yadI_predicted,0.14285714285714285,6,6,ATGCACACGTGAGGTACAGT,0,4298036
yadI_predicted,0.14285714285714285,6,6,ATGCAATAGGACCGGTCATC,0,4338355
yadI_predicted,0.14285714285714285,6,6,ATGCAAAGTGAACCCCAGGC,0,4292241
yadI_predicted,0.14285714285714285,6,6,ATGATTCCGGGGGGCTGGCA,0,4335480
yadI_predicted,0.14285714285714285,6,6,ATGAGAGTAACCAGGGTATA,0,4346846
yadI_predicted,0.14285714285714285,6,6,ATGAGAGAGCGCGCGGAATC,0,4354385
yadI_predicted,0.14285714285714285,6,6,ATGACTCGAGTCAACTGGGC,0,4306243
yadI_predicted,0.14285714285714285,6,6,ATGACTAATTGTCTCAGTCA,0,4363175
yadI_predicted,0.14285714285714285,6,6,ATGACGTGTGACACGAGTGA,0,4356408
yadI_predicted,0.14285714285714285,6,6,ATGACCTTGAGCTGTTATTC,0,4292180
yadI_predicted,0.14285714285714285,6,6,ATGAAGCATCTATGTGATAA,0,4285650
yadI_predicted,0.14285714285714285,6,6,ATCTCTTGGTCCAAATTGAA,0,4335217
yadI_predicted,0.14285714285714285,6,6,ATCTCCGCCCTCTGGTCACT,0,4319727
yadI_predicted,0.14285714285714285,6,6,ATCTCCCGGGAGTTACTTTC,0,4346246
yadI_predicted,0.14285714285714285,6,6,ATCTCATGGTTATGGCTTTG,0,4355151
yadI_predicted,0.14285714285714285,6,6,ATCTATTGGGCGCAATCGAC,0,4320692
yadI_predicted,0.14285714285714285,6,6,ATCTATGTTCTCGAGCAGGA,0,4330300
yadI_predicted,0.14285714285714285,6,6,ATCTAGGAACATAATTTTTC,0,4333875
yadI_predicted,0.14285714285714285,6,6,ATCTAAGATCAGGCTGTTTT,0,4298421
yadI_predicted,0.14285714285714285,6,6,ATCGTTTGTGGTTTCTGCGG,0,4320672
yadI_predicted,0.14285714285714285,6,6,ATCGTTACCTGCCATTAGAT,0,4353911
yadI_predicted,0.14285714285714285,6,6,ATCGTTAAGCCGTGCAAGCA,0,4338698
yadI_predicted,0.14285714285714285,6,6,ATCGTGTTGCCCTGAACAAG,0,4362806
yadI_predicted,0.14285714285714285,6,6,ATCGTCAGAGGGACGAGGGG,0,4335269
yadI_predicted,0.14285714285714285,6,6,ATCGTAGGCCCGGCATTCCA,0,4318035
yadI_predicted,0.14285714285714285,6,6,ATCGGGTAACGCGTGTGTGG,0,4286108
yadI_predicted,0.14285714285714285,6,6,ATCGAGCGGAATTGGTTCAA,0,4299710
yadI_predicted,0.14285714285714285,6,6,ATCGAAGCAATCTGTTCCTG,0,4299400
yadI_predicted,0.14285714285714285,6,6,ATCCGCCAAATAGCAGGCCG,0,4302550
yadI_predicted,0.14285714285714285,6,6,ATCCGACCGTAGCTGTTTCA,0,4340787
yadI_predicted,0.14285714285714285,6,6,ATCCCTTGAAGCCGGTTAAG,0,4310537
yadI_predicted,0.14285714285714285,6,6,ATCCCCCCTGAACGCGACCT,0,4362321
yadI_predicted,0.14285714285714285,6,6,ATCCCAACTTTAGCCAAGCT,0,4314457
yadI_predicted,0.14285714285714285,6,6,ATCATTCGAACCGCCGTGCA,0,4366752
yadI_predicted,0.14285714285714285,6,6,ATCATGAGCCCAATTCCGTT,0,4369166
yadI_predicted,0.14285714285714285,6,6,ATCAGGCTCGCTCCCATCCT,0,4341675
yadI_predicted,0.14285714285714285,6,6,ATCAGGCAAAGTACTACGGT,0,4319316
yadI_predicted,0.14285714285714285,6,6,ATCAGGACTCGTTTCGCCAC,0,4369969
yadI_predicted,0.14285714285714285,6,6,ATCAGACGTTTCAGCTACAA,0,4327914
yadI_predicted,0.14285714285714285,6,6,ATCACGCAAGGATGCAGATA,0,4356733
yadI_predicted,0.14285714285714285,6,6,ATATTTTAAAACGAGCCCGG,0,4345764
yadI_predicted,0.14285714285714285,6,6,ATATTACGTTCATTCTTTTC,0,4366843
yadI_predicted,0.14285714285714285,6,6,ATATCTTTTCGCCTGTTCCG,0,4366015
yadI_predicted,0.14285714285714285,6,6,ATATAGCAGTTTATTGTACT,0,4289743
yadI_predicted,0.14285714285714285,6,6,ATAGTCACCTGGGTTCCACT,0,4318501
yadI_predicted,0.14285714285714285,6,6,ATAGGGTCGTTTATACGGAA,0,4286850
yadI_predicted,0.14285714285714285,6,6,ATAGCCAACGGGCCTGGGCA,0,4367637
yadI_predicted,0.14285714285714285,6,6,ATAGATCTTCCTAATTCGGT,0,4349557
yadI_predicted,0.14285714285714285,6,6,ATAGAGGTCATAGGGCCATA,0,4344589
yadI_predicted,0.14285714285714285,6,6,ATAGACCCGCAGACCCGTTG,0,4291868
yadI_predicted,0.14285714285714285,6,6,ATAGACATGTTGCCCATGTG,0,4329178
yadI_predicted,0.14285714285714285,6,6,ATACTTTGCCGGGATATTGA,0,4297381
yadI_predicted,0.14285714285714285,6,6,ATACGCTGTACGAGACCACG,0,4287534
yadI_predicted,0.14285714285714285,6,6,ATACGAGGGCAACGCAGACA,0,4287843
yadI_predicted,0.14285714285714285,6,6,ATACCGTGTAATGGTTAATT,0,4288344
yadI_predicted,0.14285714285714285,6,6,ATACCACCCTTTCATTGGCG,0,4315497
yadI_predicted,0.14285714285714285,6,6,ATAATTTTAAGAGGTTGAGT,0,4316542
yadI_predicted,0.14285714285714285,6,6,ATAATGCATTGGTCGGGCGA,0,4302608
yadI_predicted,0.14285714285714285,6,6,ATAATCTTGGACACTGCCAT,0,4334686
yadI_predicted,0.14285714285714285,6,6,ATAAGATATGCTAACGTGCG,0,4294957
yadI_predicted,0.14285714285714285,6,6,ATAACCCGATAAAGTTTGCT,0,4366188
yadI_predicted,0.14285714285714285,6,6,ATAAATGGTTGGTAGAGAAA,0,4317029
yadI_predicted,0.14285714285714285,6,6,ATAAATAAGGACTGGCTGCA,0,4287713
yadI_predicted,0.14285714285714285,6,6,ATAAAGGTAGGCCATTAGGG,0,4342192
yadI_predicted,0.14285714285714285,6,6,AGTTTTATTGCCGCGCCTTC,0,4333182
yadI_predicted,0.14285714285714285,6,6,AGTTTTACTTACGAGGTCGT,0,4302169
yadI_predicted,0.14285714285714285,6,6,AGTTTGGGAGGTATAAGACT,0,4295208
yadI_predicted,0.14285714285714285,6,6,AGTTTGATTATAGAATCGGA,0,4292578
yadI_predicted,0.14285714285714285,6,6,AGTTGGGGGCTGAGGCCCCA,0,4320805
yadI_predicted,0.14285714285714285,6,6,AGTTCGTCAATTCTCAGAGA,0,4327819
yadI_predicted,0.14285714285714285,6,6,AGTTAGAGTAGTGCGCTCGA,0,4300153
yadI_predicted,0.14285714285714285,6,6,AGTTACAGAAGGCGATTTAT,0,4318200
yadI_predicted,0.14285714285714285,6,6,AGTGGTCTTCGAACGATCCA,0,4368816
yadI_predicted,0.14285714285714285,6,6,AGTGGGGTCATCCGGAATTC,0,4335410
yadI_predicted,0.14285714285714285,6,6,AGTGCTAGAGACTTTACTTG,0,4308435
yadI_predicted,0.14285714285714285,6,6,AGTGCGTCCTCCCGATCATG,0,4327078
yadI_predicted,0.14285714285714285,6,6,AGTGCCTGTTAAGGCGAACT,0,4350292
yadI_predicted,0.14285714285714285,6,6,AGTGCAAGTTCGCTGTCCGG,0,4296779
yadI_predicted,0.14285714285714285,6,6,AGTGATGCACGGATCCTAGT,0,4324437
yadI_predicted,0.14285714285714285,6,6,AGTGACGGCAGGCACCTTCC,0,4344289
yadI_predicted,0.14285714285714285,6,6,AGTGAATGGAGTCTAGTAGC,0,4367441
yadI_predicted,0.14285714285714285,6,6,AGTCTTCTGTTCGTGGGGGA,0,4314599
yadI_predicted,0.14285714285714285,6,6,AGTCGTACGGGGACCTCTGG,0,4310725
yadI_predicted,0.14285714285714285,6,6,AGTCGGGGAAAGCATGGCAA,0,4331310
yadI_predicted,0.14285714285714285,6,6,AGTCGCCGCACCTGGCTACT,0,4325205
yadI_predicted,0.14285714285714285,6,6,AGTCGATCACGTCACCCTTT,0,4343194
yadI_predicted,0.14285714285714285,6,6,AGTCCGGGACACGACTCTGA,0,4324455
yadI_predicted,0.14285714285714285,6,6,AGTCCATTGATAATGGCTCA,0,4304691
yadI_predicted,0.14285714285714285,6,6,AGTATGATTAAGAAACATGG,0,4331274
yadI_predicted,0.14285714285714285,6,6,AGTAAGGCTACCTCGGTTAA,0,4304870
yadI_predicted,0.14285714285714285,6,6,AGTAAGCTTCCCAAATCGGT,0,4339297
yadI_predicted,0.14285714285714285,6,6,AGGTTGACAGGCCGTGGAGA,0,4291629
yadI_predicted,0.14285714285714285,6,6,AGGTGTCGGGCGGGCCGAGC,0,4321387
yadI_predicted,0.14285714285714285,6,6,AGGTGGGTAGATCGTTAGCA,0,4353721
yadI_predicted,0.14285714285714285,6,6,AGGTGGCTAACCCCAGACAC,0,4351297
yadI_predicted,0.14285714285714285,6,6,AGGTCGTGGTCTGATTTGTC,0,4300449
yadI_predicted,0.14285714285714285,6,6,AGGTCGCTGAATTATGATCA,0,4290926
yadI_predicted,0.14285714285714285,6,6,AGGTATACGTTTCGGCTAGG,0,4309621
yadI_predicted,0.14285714285714285,6,6,AGGGTTTACGTCATTCGAGA,0,4330482
yadI_predicted,0.14285714285714285,6,6,AGGGTCCGCATGTGTCAATT,0,4292983
yadI_predicted,0.14285714285714285,6,6,AGGGGTTTGTTTAAAAATGC,0,4331885
yadI_predicted,0.14285714285714285,6,6,AGGGGTTAAGTTTAACATTA,0,4341957
yadI_predicted,0.14285714285714285,6,6,AGGGGTGTTGCTGCCTAGAC,0,4301612
yadI_predicted,0.14285714285714285,6,6,AGGGGTATTCCAATGTAGGG,0,4362482
yadI_predicted,0.14285714285714285,6,6,AGGGGATGTAATGACCCTGT,0,4331200
yadI_predicted,0.14285714285714285,6,6,AGGGCGTCTACTCACTCGGA,0,4313336
yadI_predicted,0.14285714285714285,6,6,AGGGCGCATGGTGGTGTTGC,0,4353815
yadI_predicted,0.14285714285714285,6,6,AGGGCGACGGACTTGACTCG,0,4357496
yadI_predicted,0.14285714285714285,6,6,AGGGCATGAAGGACCGTCCC,0,4287473
yadI_predicted,0.14285714285714285,6,6,AGGGCAGTTGGCTCGTGGCG,0,4327109
yadI_predicted,0.14285714285714285,6,6,AGGCTCGTGCATTAATGTTA,0,4298916
yadI_predicted,0.14285714285714285,6,6,AGGCCTTGACCCAGAAAAGC,0,4359709
yadI_predicted,0.14285714285714285,6,6,AGGCCATGCATACAATATTA,0,4309465
yadI_predicted,0.14285714285714285,6,6,AGGCCACTCGTGCGCCCCCT,0,4366286
yadI_predicted,0.14285714285714285,6,6,AGGCAGTTTAGTCGTGATTG,0,4350271
yadI_predicted,0.14285714285714285,6,6,AGGCAAAAAAACTATTAGTA,0,4358942
yadI_predicted,0.14285714285714285,6,6,AGGATTTGGCCGTCCTCAGG,0,4309696
yadI_predicted,0.14285714285714285,6,6,AGGATTAAATTGAGCTAGGA,0,4314697
yadI_predicted,0.14285714285714285,6,6,AGGATGGTATCTCACCAGCC,0,4343018
yadI_predicted,0.14285714285714285,6,6,AGGAGGCGAATGCTCGTATA,0,4291683
yadI_predicted,0.14285714285714285,6,6,AGGACTGGAACTGTACCGAC,0,4344966
yadI_predicted,0.14285714285714285,6,6,AGGACAGCTTGTAATCTTCG,0,4350758
yadI_predicted,0.14285714285714285,6,6,AGCTTCGATGCTTATACGTA,0,4289348
yadI_predicted,0.14285714285714285,6,6,AGCTCGTGCCAGCACCGACC,0,4327882
yadI_predicted,0.14285714285714285,6,6,AGCTCGTCCAATGATCAGAA,0,4309464
yadI_predicted,0.14285714285714285,6,6,AGCTCGGCCTCTCCAGGTAC,0,4311117
yadI_predicted,0.14285714285714285,6,6,AGCTATTTTCCGTTAAGGAT,0,4300854
yadI_predicted,0.14285714285714285,6,6,AGCTAGCTATACGGTGGCAT,0,4311454
yadI_predicted,0.14285714285714285,6,6,AGCGTGCACCCAGGGGCGTC,0,4360731
yadI_predicted,0.14285714285714285,6,6,AGCGTCCATTTTTATAAATC,0,4339041
yadI_predicted,0.14285714285714285,6,6,AGCGGTCTTATGAAGAAACA,0,4288966
yadI_predicted,0.14285714285714285,6,6,AGCGGATTGGCACAGGGTTT,0,4358463
yadI_predicted,0.14285714285714285,6,6,AGCGCTTTTCCCCGAAGTTA,0,4321463
yadI_predicted,0.14285714285714285,6,6,AGCGCTCTTTGGCGCAACAA,0,4331008
yadI_predicted,0.14285714285714285,6,6,AGCGCCGGCGAAGACGCCAA,0,4361629
yadI_predicted,0.14285714285714285,6,6,AGCGCACTTTCGTTACATGG,0,4302448
yadI_predicted,0.14285714285714285,6,6,AGCGATGGCCAATCATGTTG,0,4292589
yadI_predicted,0.14285714285714285,6,6,AGCGACTTGCAATACCCCAG,0,4358228
yadI_predicted,0.14285714285714285,6,6,AGCGAAGCATGCGGACACAG,0,4326838
yadI_predicted,0.14285714285714285,6,6,AGCCTAGTCTTAGCCGCTTT,0,4358319
yadI_predicted,0.14285714285714285,6,6,AGCCCTAGTCCGCGGATTTG,0,4362557
yadI_predicted,0.14285714285714285,6,6,AGCATCTTCGGGGGATCTGA,0,4328628
yadI_predicted,0.14285714285714285,6,6,AGCATCGAAGGGACGTTCTT,0,4315993
yadI_predicted,0.14285714285714285,6,6,AGCATACTTACCTTAGGCTT,0,4301012
yadI_predicted,0.14285714285714285,6,6,AGCAGTTGCGGCGTAAGTCT,0,4285843
yadI_predicted,0.14285714285714285,6,6,AGCAGCGAATGGCCGACGTT,0,4343573
yadI_predicted,0.14285714285714285,6,6,AGCACAGCAGGGAAATAGAG,0,4289821
yadI_predicted,0.14285714285714285,6,6,AGCAAGATCTTCACTCCCCG,0,4293267
yadI_predicted,0.14285714285714285,6,6,AGATTCTTTTCCTGCGTACG,0,4341871
yadI_predicted,0.14285714285714285,6,6,AGATGTAATGGTCGGCGATC,0,4367510
yadI_predicted,0.14285714285714285,6,6,AGATGCCAGCCAGCCTGCGC,0,4285594
yadI_predicted,0.14285714285714285,6,6,AGATGAAACGCGGTTTTGAA,0,4355229
yadI_predicted,0.14285714285714285,6,6,AGATCGAGTTTAGTCAGGCA,0,4348196
yadI_predicted,0.14285714285714285,6,6,AGATAATTTCGTACCTCCGC,0,4319622
yadI_predicted,0.14285714285714285,6,6,AGATAAGGTATTGAGCCTCC,0,4293258
yadI_predicted,0.14285714285714285,6,6,AGATAAACTAAGGTTAATAG,0,4334649
yadI_predicted,0.14285714285714285,6,6,AGAGTCAGAGTCACGAGCGC,0,4329879
yadI_predicted,0.14285714285714285,6,6,AGAGTAAGGGTTCAACGTGA,0,4349894
yadI_predicted,0.14285714285714285,6,6,AGAGCCCTTAATAATCACCT,0,4334748
yadI_predicted,0.14285714285714285,6,6,AGAGATCCTATGTGAGGCCG,0,4293131
yadI_predicted,0.14285714285714285,6,6,AGACGTCTCTCGGAGTCGGA,0,4361506
yadI_predicted,0.14285714285714285,6,6,AGACCAGAATTCCCCTGATT,0,4303183
yadI_predicted,0.14285714285714285,6,6,AGACCAAATGACGGAAAGGT,0,4298761
yadI_predicted,0.14285714285714285,6,6,AGAATGCGTAGAGGACAATA,0,4290475
yadI_predicted,0.14285714285714285,6,6,AGAATATATACCGAAGGGTC,0,4360538
yadI_predicted,0.14285714285714285,6,6,AGAAGGGTTCGCTTTTTAAT,0,4301228
yadI_predicted,0.14285714285714285,6,6,AGAACGACCGCTAGTCTATA,0,4347274
yadI_predicted,0.14285714285714285,6,6,AGAACAGCGACACTACTCGG,0,4356199
yadI_predicted,0.14285714285714285,6,6,AGAAATTGGATTGCTGTTGT,0,4286679
yadI_predicted,0.14285714285714285,6,6,AGAAATCATCCCGAGCTCCA,0,4369591
yadI_predicted,0.14285714285714285,6,6,AGAAATAAGGCTAAAGGAAG,0,4347017
yadI_predicted,0.14285714285714285,6,6,AGAAAGGCACACGTGCACAG,0,4369225
yadI_predicted,0.14285714285714285,6,6,AGAAAAGCCGGATCTGTAGC,0,4349454
yadI_predicted,0.14285714285714285,6,6,ACTTGATATCCAGCCAGAAA,0,4294056
yadI_predicted,0.14285714285714285,6,6,ACTTAGGTATCCTGCACGAT,0,4325014
yadI_predicted,0.14285714285714285,6,6,ACTTACTTTTTCTCGCTCTG,0,4338376
yadI_predicted,0.14285714285714285,6,6,ACTGGGCGGCACTCGTTCGG,0,4320744
yadI_predicted,0.14285714285714285,6,6,ACTGAAAGTTACATAGGGTG,0,4345981
yadI_predicted,0.14285714285714285,6,6,ACTCTCACCTGTGAAAATAC,0,4288161
yadI_predicted,0.14285714285714285,6,6,ACTCGTGTCTCAGGACGAGG,0,4310697
yadI_predicted,0.14285714285714285,6,6,ACTCGGGCAAGTAGCCCGCG,0,4319703
yadI_predicted,0.14285714285714285,6,6,ACTCGGCGTTTTGCATTATG,0,4343080
yadI_predicted,0.14285714285714285,6,6,ACTCGGAGACAAGGCCGTCG,0,4320728
yadI_predicted,0.14285714285714285,6,6,ACTCGAGAGTCGTGGTTCGC,0,4291703
yadI_predicted,0.14285714285714285,6,6,ACTCGAATGAACATGGTTTT,0,4334059
yadI_predicted,0.14285714285714285,6,6,ACTCACAGGACGAAGCACGT,0,4345452
yadI_predicted,0.14285714285714285,6,6,ACTCAAGTAAGTAAGTGCAG,0,4324154
yadI_predicted,0.14285714285714285,6,6,ACTATTTAAGGTGCCGCGTG,0,4366024
yadI_predicted,0.14285714285714285,6,6,ACTATCCAGATGCTCTGTCG,0,4328321
yadI_predicted,0.14285714285714285,6,6,ACTACGTAATCGGCTGGCTG,0,4301250
yadI_predicted,0.14285714285714285,6,6,ACTACATTTGGGTAAAGAGG,0,4366683
yadI_predicted,0.14285714285714285,6,6,ACTACATTGACTTGACAGCG,0,4324003
yadI_predicted,0.14285714285714285,6,6,ACTAACGATTAAGGGCTAAG,0,4309365
yadI_predicted,0.14285714285714285,6,6,ACGTTTGATCGTCGCATTAA,0,4291804
yadI_predicted,0.14285714285714285,6,6,ACGTGCTCCCCTGCTATATG,0,4296222
yadI_predicted,0.14285714285714285,6,6,ACGTCCGCTACTGACTTTTG,0,4357492
yadI_predicted,0.14285714285714285,6,6,ACGTAAGGCCGACGCCAGTT,0,4299955
yadI_predicted,0.14285714285714285,6,6,ACGGTTAGCTCAGATAATCC,0,4334013
yadI_predicted,0.14285714285714285,6,6,ACGGGTCAAGTAATAATAGA,0,4359738
yadI_predicted,0.14285714285714285,6,6,ACGGGGTCGTCATCGTCCGG,0,4332578
yadI_predicted,0.14285714285714285,6,6,ACGGGATACCCAAACCACCT,0,4345839
yadI_predicted,0.14285714285714285,6,6,ACGGCTGACGATCCAACATA,0,4314730
yadI_predicted,0.14285714285714285,6,6,ACGGCTAGGACGCGTCGCCG,0,4327675
yadI_predicted,0.14285714285714285,6,6,ACGGCAGCATGCGCTCGGAT,0,4308745
yadI_predicted,0.14285714285714285,6,6,ACGGCACAAAGTTTCCAGAC,0,4361724
yadI_predicted,0.14285714285714285,6,6,ACGGATATTCACGCATTTCA,0,4357151
yadI_predicted,0.14285714285714285,6,6,ACGGAGTGAGTTCTTGCTGG,0,4284620
yadI_predicted,0.14285714285714285,6,6,ACGGAACAGGTTACGGGCTC,0,4360641
yadI_predicted,0.14285714285714285,6,6,ACGCTTATGTCTTGCACCCT,0,4353916
yadI_predicted,0.14285714285714285,6,6,ACGCTGACTACCATATGTGA,0,4352326
yadI_predicted,0.14285714285714285,6,6,ACGCTCATGAATGGACGGCG,0,4320904
yadI_predicted,0.14285714285714285,6,6,ACGCCGGTAAGCCAATACAT,0,4363113
yadI_predicted,0.14285714285714285,6,6,ACGCCATGCAATTCGCTGTA,0,4320849
yadI_predicted,0.14285714285714285,6,6,ACGCCACGACTTACGAGACT,0,4337314
yadI_predicted,0.14285714285714285,6,6,ACGCAGGATAGGACGGGAGT,0,4369651
yadI_predicted,0.14285714285714285,6,6,ACGCAGCGGAGCTCATTCTA,0,4338016
yadI_predicted,0.14285714285714285,6,6,ACGATCGCGAAACTGGAGCA,0,4345765
yadI_predicted,0.14285714285714285,6,6,ACGATATGGGGTCGAAGGGC,0,4317609
yadI_predicted,0.14285714285714285,6,6,ACGATATCGCAAAAGGGCGA,0,4343197
yadI_predicted,0.14285714285714285,6,6,ACGAGTGGGTACGGTTTGGG,0,4293640
yadI_predicted,0.14285714285714285,6,6,ACGAGGAGCGACATCCTATA,0,4363959
yadI_predicted,0.14285714285714285,6,6,ACGAGCTCAACCAGTGCGTG,0,4294189
yadI_predicted,0.14285714285714285,6,6,ACGAGCGAGGTGCGGACCAT,0,4304376
yadI_predicted,0.14285714285714285,6,6,ACGAGCCCCGGAAAAATCGG,0,4296093
yadI_predicted,0.14285714285714285,6,6,ACGACTTGTACAAATGATGC,0,4336366
yadI_predicted,0.14285714285714285,6,6,ACGAATTGCCCCGAAACTTA,0,4313397
yadI_predicted,0.14285714285714285,6,6,ACCTTCATAGATGGCCCACC,0,4354014
yadI_predicted,0.14285714285714285,6,6,ACCTTCAACCCAACTTGACT,0,4296242
yadI_predicted,0.14285714285714285,6,6,ACCTTCAACAATTTGTGATT,0,4293137
yadI_predicted,0.14285714285714285,6,6,ACCTCCGTGTCTAAAATGAC,0,4292253
yadI_predicted,0.14285714285714285,6,6,ACCTCAGCCATTGCGGCTCG,0,4332071
yadI_predicted,0.14285714285714285,6,6,ACCTATTTGGGATGATGGGG,0,4364662
yadI_predicted,0.14285714285714285,6,6,ACCTAAGAGAGCGTGGTCAA,0,4360111
yadI_predicted,0.14285714285714285,6,6,ACCGTCGCGAGATCCCTGTG,0,4285487
yadI_predicted,0.14285714285714285,6,6,ACCGGTAGTTAGTGTTTCAG,0,4338362
yadI_predicted,0.14285714285714285,6,6,ACCGGCATGGGTCGAGCGGT,0,4314028
yadI_predicted,0.14285714285714285,6,6,ACCGGATGTAGACTATTGGC,0,4355246
yadI_predicted,0.14285714285714285,6,6,ACCGATTCTATTCACGCCTG,0,4351078
yadI_predicted,0.14285714285714285,6,6,ACCGACAGCTTTGTATCACC,0,4339292
yadI_predicted,0.14285714285714285,6,6,ACCCTTTGGGGCGTAAGTCT,0,4334242
yadI_predicted,0.14285714285714285,6,6,ACCCTATGAGCTCTTTCCCA,0,4338086
yadI_predicted,0.14285714285714285,6,6,ACCCGCAGCGGTCTGGAAAC,0,4292929
yadI_predicted,0.14285714285714285,6,6,ACCCGAGCGTGGATACTCAA,0,4365644
yadI_predicted,0.14285714285714285,6,6,ACCCGACTAGCATATGAATC,0,4360495
yadI_predicted,0.14285714285714285,6,6,ACCCCTCGCGTTCTTGTACG,0,4337808
yadI_predicted,0.14285714285714285,6,6,ACCCCTAATTAACGGTACTG,0,4324433
yadI_predicted,0.14285714285714285,6,6,ACCATTGTCTGGTAAGCACA,0,4292861
yadI_predicted,0.14285714285714285,6,6,ACCATTGCTACCGCGAAAAG,0,4320731
yadI_predicted,0.14285714285714285,6,6,ACCATAGGAGACATCATCGC,0,4363007
yadI_predicted,0.14285714285714285,6,6,ACCAGGCGGGCAGCGGCAAG,0,4291262
yadI_predicted,0.14285714285714285,6,6,ACCAGCTTTGGTACCAGTTC,0,4315078
yadI_predicted,0.14285714285714285,6,6,ACCAATGTCCCGATGCCGCG,0,4336550
yadI_predicted,0.14285714285714285,6,6,ACCAAGTAGGCGACATTTAC,0,4344647
yadI_predicted,0.14285714285714285,6,6,ACATGCTTCTACGAAGTCCC,0,4288233
yadI_predicted,0.14285714285714285,6,6,ACATGCTAGTGCTGACAACA,0,4287524
yadI_predicted,0.14285714285714285,6,6,ACATGCACGATACGTTTGCA,0,4299785
yadI_predicted,0.14285714285714285,6,6,ACATGAATCATATTTCGCCG,0,4301271
yadI_predicted,0.14285714285714285,6,6,ACATCGAGACCTTCAACAAT,0,4298927
yadI_predicted,0.14285714285714285,6,6,ACATAGTTCAAGTACCATCG,0,4312340
yadI_predicted,0.14285714285714285,6,6,ACATACCACATCCCTCAATA,0,4321838
yadI_predicted,0.14285714285714285,6,6,ACAGTGTCGGCGTACAATTA,0,4367046
yadI_predicted,0.14285714285714285,6,6,ACAGTCCTTGTCGTATCCGG,0,4355441
yadI_predicted,0.14285714285714285,6,6,ACAGTAGCATTCATAGGTGG,0,4311891
yadI_predicted,0.14285714285714285,6,6,ACAGGCGATTATTGTATAGA,0,4306541
yadI_predicted,0.14285714285714285,6,6,ACAGCTCGATAGTACCACGT,0,4305802
yadI_predicted,0.14285714285714285,6,6,ACAGCCCAATCATTACGAAA,0,4332601
yadI_predicted,0.14285714285714285,6,6,ACAGATGGTCCCGTCACAAG,0,4287715
yadI_predicted,0.14285714285714285,6,6,ACACGGCAGTAAGCCACGAT,0,4314445
yadI_predicted,0.14285714285714285,6,6,ACACGCTTTAAGCACGTGAA,0,4319102
yadI_predicted,0.14285714285714285,6,6,ACACCGCACTTGCAACTGGC,0,4309765
yadI_predicted,0.14285714285714285,6,6,ACACCAAATATGTGTGGGGC,0,4343518
yadI_predicted,0.14285714285714285,6,6,ACACAGGCTAAAGGCATAGT,0,4347387
yadI_predicted,0.14285714285714285,6,6,ACACAAGTAAGTTGACACGG,0,4331734
yadI_predicted,0.14285714285714285,6,6,ACAATTTCCCCGGGTTTGAT,0,4341052
yadI_predicted,0.14285714285714285,6,6,ACAATCCGGGACGTGAGCGG,0,4362230
yadI_predicted,0.14285714285714285,6,6,ACAATATCTTTGGACGGCAT,0,4313610
yadI_predicted,0.14285714285714285,6,6,ACAACTGGCCAGCCTGAAAT,0,4288491
yadI_predicted,0.14285714285714285,6,6,ACAACTCGGGCGACACGGGA,0,4341989
yadI_predicted,0.14285714285714285,6,6,AATTGCTGTACCGTCAAGAC,0,4298685
yadI_predicted,0.14285714285714285,6,6,AATTCGTTCTTTAACTACAG,0,4325341
yadI_predicted,0.14285714285714285,6,6,AATTCGGTGTGTAAGACCAT,0,4316852
yadI_predicted,0.14285714285714285,6,6,AATTCGATCTTCGGAGGTTA,0,4309670
yadI_predicted,0.14285714285714285,6,6,AATTCCAGTCGCTCCTTTCA,0,4292357
yadI_predicted,0.14285714285714285,6,6,AATTATTGAACTTCTTTAAA,0,4367007
yadI_predicted,0.14285714285714285,6,6,AATTAGTAGCCAAGTCATAT,0,4327754
yadI_predicted,0.14285714285714285,6,6,AATGTCTTTTGATCGGAGCG,0,4313914
yadI_predicted,0.14285714285714285,6,6,AATGGCTCTGTTGGTTTATG,0,4325786
yadI_predicted,0.14285714285714285,6,6,AATGGCAGTGACTAAAGGCG,0,4310882
yadI_predicted,0.14285714285714285,6,6,AATGCTTGCGCGGTGTATCG,0,4322966
yadI_predicted,0.14285714285714285,6,6,AATGCGTAGAGGGAAATATG,0,4360352
yadI_predicted,0.14285714285714285,6,6,AATCGACCACGGGGCCAGTA,0,4329424
yadI_predicted,0.14285714285714285,6,6,AATCCCCGCGAGGCAATACA,0,4360416
yadI_predicted,0.14285714285714285,6,6,AATCAGGCACGTTATCAAGT,0,4341392
yadI_predicted,0.14285714285714285,6,6,AATATGCGGTTAGGTCCGAA,0,4290033
yadI_predicted,0.14285714285714285,6,6,AATACGAGTGGAGTCGAAGC,0,4337615
yadI_predicted,0.14285714285714285,6,6,AATAAGTGTTACGTTAGGAA,0,4304129
yadI_predicted,0.14285714285714285,6,6,AAGTTTGAGCGTTTTGTGCG,0,4316405
yadI_predicted,0.14285714285714285,6,6,AAGTGTCCGTTTGGTCACGT,0,4331993
yadI_predicted,0.14285714285714285,6,6,AAGTGGGGCTGGGTCATCCT,0,4287015
yadI_predicted,0.14285714285714285,6,6,AAGTGAGCCATTCCGCAATA,0,4345050
yadI_predicted,0.14285714285714285,6,6,AAGTCCTGAGGTGACAAGAC,0,4360444
yadI_predicted,0.14285714285714285,6,6,AAGTATAACTCGGGCTGAAT,0,4314396
yadI_predicted,0.14285714285714285,6,6,AAGTACGGCAACTAGGGTGA,0,4294216
yadI_predicted,0.14285714285714285,6,6,AAGGTTAGGAAGTGAAGATA,0,4368859
yadI_predicted,0.14285714285714285,6,6,AAGGGGCCGAAACGATCCCG,0,4288617
yadI_predicted,0.14285714285714285,6,6,AAGGCTACGTTCAGGCAAGA,0,4313279
yadI_predicted,0.14285714285714285,6,6,AAGGCGCGTGAGGCGATACC,0,4341189
yadI_predicted,0.14285714285714285,6,6,AAGGATCTGGTCGTACCCGT,0,4293884
yadI_predicted,0.14285714285714285,6,6,AAGGACTAGATGTTGTGAAA,0,4340015
yadI_predicted,0.14285714285714285,6,6,AAGCTTGCTTTGGCGTGGCA,0,4362905
yadI_predicted,0.14285714285714285,6,6,AAGCTTATGTTGCATCCGGG,0,4299170
yadI_predicted,0.14285714285714285,6,6,AAGCTGCTACGTGCCGGGTA,0,4363251
yadI_predicted,0.14285714285714285,6,6,AAGCTACTATTACGGTAGGG,0,4340874
yadI_predicted,0.14285714285714285,6,6,AAGCGGATTCTTCCTAGTGT,0,4292800
yadI_predicted,0.14285714285714285,6,6,AAGCCATCATGTTAAATACG,0,4285531
yadI_predicted,0.14285714285714285,6,6,AAGCAGCTGAGGAACTTCGG,0,4296876
yadI_predicted,0.14285714285714285,6,6,AAGATTAGTGGGTAGTGGGT,0,4286857
yadI_predicted,0.14285714285714285,6,6,AAGAGTCGTTTCCCTGGATC,0,4356097
yadI_predicted,0.14285714285714285,6,6,AAGACTGCTCTGCGATTTCG,0,4339079
yadI_predicted,0.14285714285714285,6,6,AAGACTCTTAGAAAACCACA,0,4363001
yadI_predicted,0.14285714285714285,6,6,AAGACGTTATCTCGATCGAA,0,4353586
yadI_predicted,0.14285714285714285,6,6,AAGACACAAGGGTCCGGACG,0,4308513
yadI_predicted,0.14285714285714285,6,6,AAGAACTGTATCGAGCACGG,0,4338501
yadI_predicted,0.14285714285714285,6,6,AAGAACCATTCCGACCTTGT,0,4305296
yadI_predicted,0.14285714285714285,6,6,AACTTATATTGCTTATAAGC,0,4310402
yadI_predicted,0.14285714285714285,6,6,AACTGTATCCTGGTCGTCTT,0,4300232
yadI_predicted,0.14285714285714285,6,6,AACTGAACATTAATGGTATT,0,4321017
yadI_predicted,0.14285714285714285,6,6,AACTCGTATGTGGGCAATAG,0,4364995
yadI_predicted,0.14285714285714285,6,6,AACTCCTAGATGAAACCTAG,0,4360893
yadI_predicted,0.14285714285714285,6,6,AACTACCGACCAGTGAACGG,0,4343841
yadI_predicted,0.14285714285714285,6,6,AACGTTTAACCGGGAGTTTC,0,4349885
yadI_predicted,0.14285714285714285,6,6,AACGTTCTGCGGGAATTTTG,0,4305128
yadI_predicted,0.14285714285714285,6,6,AACGTTATAGGGTTCATACA,0,4360877
yadI_predicted,0.14285714285714285,6,6,AACGTTACCGATGGCTGCAA,0,4320860
yadI_predicted,0.14285714285714285,6,6,AACGTACCTAGGTAGGAGCG,0,4300696
yadI_predicted,0.14285714285714285,6,6,AACGCTACGGCGCAGCGGAG,0,4349065
yadI_predicted,0.14285714285714285,6,6,AACGCGGGAGGTATTGACCA,0,4360598
yadI_predicted,0.14285714285714285,6,6,AACGCCAGCTGAGAATCGGT,0,4297593
yadI_predicted,0.14285714285714285,6,6,AACCTCACGTGTTCACTAGC,0,4361328
yadI_predicted,0.14285714285714285,6,6,AACCGTCCAGCTATATGGTC,0,4289278
yadI_predicted,0.14285714285714285,6,6,AACCGCCAGTACGTGATGCC,0,4351787
yadI_predicted,0.14285714285714285,6,6,AACCGAGTTGCAACAGAATA,0,4304281
yadI_predicted,0.14285714285714285,6,6,AACCATGCCCGAAGATCTGT,0,4343924
yadI_predicted,0.14285714285714285,6,6,AACATGGTACGACTCACCAC,0,4308499
yadI_predicted,0.14285714285714285,6,6,AACATCGAGGTACGGGGCTA,0,4312323
yadI_predicted,0.14285714285714285,6,6,AACAGGGTAGTTGGTGCGAG,0,4309926
yadI_predicted,0.14285714285714285,6,6,AACAGGGCGCGCACCACCTG,0,4332820
yadI_predicted,0.14285714285714285,6,6,AACAGCCAGACGTAGGAGAG,0,4313607
yadI_predicted,0.14285714285714285,6,6,AACACTAGGCTGGGTCACGA,0,4323119
yadI_predicted,0.14285714285714285,6,6,AAATTGCCTGGAGGAGGTCG,0,4360131
yadI_predicted,0.14285714285714285,6,6,AAATTGATGCCAGCTCCCGG,0,4327822
yadI_predicted,0.14285714285714285,6,6,AAATTAGTAGGAAGCTTGGG,0,4331824
yadI_predicted,0.14285714285714285,6,6,AAATCTTGTTAACAGGTAGC,0,4318373
yadI_predicted,0.14285714285714285,6,6,AAATCTGGACGCAGCGGGTG,0,4365008
yadI_predicted,0.14285714285714285,6,6,AAATCCTGGACTTTTGTATG,0,4368618
yadI_predicted,0.14285714285714285,6,6,AAATCCGATCAACAAATCAC,0,4338631
yadI_predicted,0.14285714285714285,6,6,AAATCATGAGCAAATTCAAC,0,4299978
yadI_predicted,0.14285714285714285,6,6,AAATCACGACCGCCATGCGC,0,4287583
yadI_predicted,0.14285714285714285,6,6,AAATATCTCATTCACGCAGG,0,4346459
yadI_predicted,0.14285714285714285,6,6,AAATAAGAAGTAGCGCTCCG,0,4286712
yadI_predicted,0.14285714285714285,6,6,AAAGTCAAGCGGGAATTCCA,0,4363487
yadI_predicted,0.14285714285714285,6,6,AAAGGCAACGAAATGGAAAT,0,4289505
yadI_predicted,0.14285714285714285,6,6,AAACTGGCCCTTTCCGCAGG,0,4324236
yadI_predicted,0.14285714285714285,6,6,AAACGGTGGTAGGGGCTACG,0,4329522
yadI_predicted,0.14285714285714285,6,6,AAACGCACCCCTAAAGCTTA,0,4298315
yadI_predicted,0.14285714285714285,6,6,AAACCTAGAAACCAGGGTAT,0,4361698
yadI_predicted,0.14285714285714285,6,6,AAACCCTAACTACCCGATCT,0,4334484
yadI_predicted,0.14285714285714285,6,6,AAAATGGCAGAGATCATCAA,0,4303294
yadI_predicted,0.14285714285714285,6,6,AAAATACGCTCGTTTAAAAT,0,4343025
yadI_predicted,0.14285714285714285,6,6,AAAATAATGCCTGTCGTAAT,0,4365959
yadI_predicted,0.14285714285714285,6,6,AAAAGTACTATAGACTTCTA,0,4320054
yadI_predicted,0.14285714285714285,6,6,AAAAGGTTAATATTAGGTCC,0,4360000
yadI_predicted,0.14285714285714285,6,6,AAAAGGGGCATATGCTCGAA,0,4339910
yadI_predicted,0.14285714285714285,6,6,AAAACTTCGGACGATTTTAG,0,4338162
yadI_predicted,0.14285714285714285,6,6,AAAACGAACCTAGGTGTCGC,0,4303915
yadI_predicted,0.16666666666666666,5,5,TTTTTTGGATGCAGACTGGT,0,4320122
yadI_predicted,0.16666666666666666,5,5,TTTTTTCTCGCATGACTAAT,0,4320639
yadI_predicted,0.16666666666666666,5,5,TTTTTCATATATCAAGATAC,0,4292520
yadI_predicted,0.16666666666666666,5,5,TTTTGTGCTTCAAATTCGCC,0,4311699
yadI_predicted,0.16666666666666666,5,5,TTTTGTGAAATACGCCTGTA,0,4297703
yadI_predicted,0.16666666666666666,5,5,TTTTGGTCTTAAATTGGCGA,0,4318354
yadI_predicted,0.16666666666666666,5,5,TTTTGGGAACGGCTAGCGCA,0,4348148
yadI_predicted,0.16666666666666666,5,5,TTTTCATTGATCACAAATTG,0,4311335
yadI_predicted,0.16666666666666666,5,5,TTTTCAGTCGCGCAATAACT,0,4310185
yadI_predicted,0.16666666666666666,5,5,TTTTAGTGGTTTACCGTCAT,0,4289232
yadI_predicted,0.16666666666666666,5,5,TTTTAGGGCCGGGCTCGGCC,0,4350057
yadI_predicted,0.16666666666666666,5,5,TTTGTGTGTCAATCCCATAA,0,4306369
yadI_predicted,0.16666666666666666,5,5,TTTGTAAGTGAGGGCCTATG,0,4324023
yadI_predicted,0.16666666666666666,5,5,TTTGGTGCAAGTGATCTCAT,0,4307985
yadI_predicted,0.16666666666666666,5,5,TTTGGGATATGCTAGGGAAT,0,4355937
yadI_predicted,0.16666666666666666,5,5,TTTGCGCAGGGACGATATTT,0,4326974
yadI_predicted,0.16666666666666666,5,5,TTTGCAACTGGATCCATCGT,0,4345442
yadI_predicted,0.16666666666666666,5,5,TTTGAGATTGTCCCCACCGT,0,4284513
yadI_predicted,0.16666666666666666,5,5,TTTCTCTCGATCGTAACGCA,0,4315962
yadI_predicted,0.16666666666666666,5,5,TTTCAATGGATCCAACGGCT,0,4291982
yadI_predicted,0.16666666666666666,5,5,TTTAGCGGCCGACAAAATTT,0,4323904
yadI_predicted,0.16666666666666666,5,5,TTTACGACTATCCCGATCAT,0,4308594
yadI_predicted,0.16666666666666666,5,5,TTTACCTGATACTAAGACCA,0,4365596
yadI_predicted,0.16666666666666666,5,5,TTTAAAGGATAGCGGGGGCG,0,4306972
yadI_predicted,0.16666666666666666,5,5,TTGTTTGGTTTAACCAACAG,0,4358953
yadI_predicted,0.16666666666666666,5,5,TTGTGTCGCGCAAGCCCTTT,0,4303180
yadI_predicted,0.16666666666666666,5,5,TTGTGCACCACGTCTAAGAC,0,4349039
yadI_predicted,0.16666666666666666,5,5,TTGTGACTGACGGTGTCGAA,0,4320218
yadI_predicted,0.16666666666666666,5,5,TTGTGACCGAAGCGCCAAGG,0,4295340
yadI_predicted,0.16666666666666666,5,5,TTGTATGGCAACATTATATC,0,4356803
yadI_predicted,0.16666666666666666,5,5,TTGTAAAGACTTAGAGCCGA,0,4366228
yadI_predicted,0.16666666666666666,5,5,TTGGTCTTCTATGTGCTTGA,0,4294196
yadI_predicted,0.16666666666666666,5,5,TTGGTCGGAGTCGTACAATG,0,4344913
yadI_predicted,0.16666666666666666,5,5,TTGGTCATCAGCGAACAAGC,0,4356309
yadI_predicted,0.16666666666666666,5,5,TTGGTAAGGAAAGTGCGGAT,0,4338213
yadI_predicted,0.16666666666666666,5,5,TTGGCTTACTAAATGCGATG,0,4318782
yadI_predicted,0.16666666666666666,5,5,TTGGATGGGCGTGGTATTGC,0,4307221
yadI_predicted,0.16666666666666666,5,5,TTGCTCTCCTCGTATAAGGG,0,4323151
yadI_predicted,0.16666666666666666,5,5,TTGCTATCTTTTAGTCTGCA,0,4331622
yadI_predicted,0.16666666666666666,5,5,TTGCTAGCCGTATGGCTACT,0,4324504
yadI_predicted,0.16666666666666666,5,5,TTGCTAATGCTCTCGTAAAT,0,4285223
yadI_predicted,0.16666666666666666,5,5,TTGCGGTCCTATTGAGGAAG,0,4319249
yadI_predicted,0.16666666666666666,5,5,TTGCATAAGCCATACTTTAA,0,4352374
yadI_predicted,0.16666666666666666,5,5,TTGCAATTGAACGTATTGAA,0,4341158
yadI_predicted,0.16666666666666666,5,5,TTGAGTGCGCATGGGGTCCT,0,4352868
yadI_predicted,0.16666666666666666,5,5,TTGACAAGGATATTGAGATA,0,4359412
yadI_predicted,0.16666666666666666,5,5,TTCTTAACATTAGCATGAAG,0,4289463
yadI_predicted,0.16666666666666666,5,5,TTCTGTCGGCGTATTACAAG,0,4349150
yadI_predicted,0.16666666666666666,5,5,TTCTGCGGGCTTGGCGGATG,0,4338207
yadI_predicted,0.16666666666666666,5,5,TTCTGAGATCGGGTCAAAGT,0,4351808
yadI_predicted,0.16666666666666666,5,5,TTCTCGTCTTGGCTAACGTT,0,4288072
yadI_predicted,0.16666666666666666,5,5,TTCTCCATGTGGCGAAAATT,0,4356290
yadI_predicted,0.16666666666666666,5,5,TTCTCAACATAAAGTTGTCA,0,4346922
yadI_predicted,0.16666666666666666,5,5,TTCGTTGGCCTTGAATTCCC,0,4320704
yadI_predicted,0.16666666666666666,5,5,TTCGGCTACGGGTGGGTCAA,0,4362320
yadI_predicted,0.16666666666666666,5,5,TTCGCGTGATGTTAAAGCCC,0,4317885
yadI_predicted,0.16666666666666666,5,5,TTCGCATCTCCCGAGCGGCA,0,4366510
yadI_predicted,0.16666666666666666,5,5,TTCGAGGCTGGGAAATGTAC,0,4319216
yadI_predicted,0.16666666666666666,5,5,TTCGAATTAATTGTGAGCCA,0,4353812
yadI_predicted,0.16666666666666666,5,5,TTCCTTGCACCAACTCTGGT,0,4360160
yadI_predicted,0.16666666666666666,5,5,TTCCGTTTAGGCTTCGGTCC,0,4344876
yadI_predicted,0.16666666666666666,5,5,TTCCGTCGGCGCGGACCGAG,0,4300569
yadI_predicted,0.16666666666666666,5,5,TTCCGTCGGCCTCATTTTTA,0,4285726
yadI_predicted,0.16666666666666666,5,5,TTCCGGTGTACCCGCCAGGG,0,4362137
yadI_predicted,0.16666666666666666,5,5,TTCCCGCGTTGTAAAGGGCA,0,4333239
yadI_predicted,0.16666666666666666,5,5,TTCCCCAAGTCGGGCCTTAA,0,4291931
yadI_predicted,0.16666666666666666,5,5,TTCCCACATTTTACCCAGGC,0,4344525
yadI_predicted,0.16666666666666666,5,5,TTCCAGAGTGTCGTTATGGT,0,4335157
yadI_predicted,0.16666666666666666,5,5,TTCCAAGTGGGGTCGTCACT,0,4312125
yadI_predicted,0.16666666666666666,5,5,TTCCAAAAAGCAGGCCAACA,0,4301414
yadI_predicted,0.16666666666666666,5,5,TTCATGACGGCTCGTGTGAC,0,4358065
yadI_predicted,0.16666666666666666,5,5,TTCATCAACCGGACTGTTAC,0,4301550
yadI_predicted,0.16666666666666666,5,5,TTCAGCTAGTGTTATAACGC,0,4345326
yadI_predicted,0.16666666666666666,5,5,TTCACTTAAGGGTTCGCTCT,0,4284482
yadI_predicted,0.16666666666666666,5,5,TTCAACTCATATTAGCGCAA,0,4364605
yadI_predicted,0.16666666666666666,5,5,TTATTTCCGAACAGCTCTCC,0,4316350
yadI_predicted,0.16666666666666666,5,5,TTATGGGCGCCAGTATGCGC,0,4355505
yadI_predicted,0.16666666666666666,5,5,TTATCTGTAGTTTCACGATC,0,4331813
yadI_predicted,0.16666666666666666,5,5,TTATCGTTTTGACCGGATAC,0,4352290
yadI_predicted,0.16666666666666666,5,5,TTATAGTGAAGAGACCTGTA,0,4365962
yadI_predicted,0.16666666666666666,5,5,TTATAAGGAATCGCACCCAG,0,4349305
yadI_predicted,0.16666666666666666,5,5,TTATAACCTTATAAGGTCGT,0,4367134
yadI_predicted,0.16666666666666666,5,5,TTAGTTACTGTCGGGCGCAT,0,4349520
yadI_predicted,0.16666666666666666,5,5,TTAGTCCTACCTACCCCTAC,0,4343280
yadI_predicted,0.16666666666666666,5,5,TTAGGTCACATTCGCAACAC,0,4322101
yadI_predicted,0.16666666666666666,5,5,TTAGATTGAGTTCAGTAAGT,0,4351362
yadI_predicted,0.16666666666666666,5,5,TTAGATAATCGAGGCCTTCG,0,4297485
yadI_predicted,0.16666666666666666,5,5,TTACTTTTTGCAAGTTATCC,0,4324862
yadI_predicted,0.16666666666666666,5,5,TTACGTCTGGGGTCTCTACC,0,4334791
yadI_predicted,0.16666666666666666,5,5,TTACGGGAACGCACCACAGT,0,4310589
yadI_predicted,0.16666666666666666,5,5,TTACCTCTAGGGATGGGGTT,0,4299277
yadI_predicted,0.16666666666666666,5,5,TTACCTCGTTCGGTGCAATT,0,4333886
yadI_predicted,0.16666666666666666,5,5,TTACCTATTCAGTGTTTAAT,0,4362426
yadI_predicted,0.16666666666666666,5,5,TTACCGCCCAACTGCAAAGC,0,4364791
yadI_predicted,0.16666666666666666,5,5,TTACCCGTCTGATAGCTTCT,0,4292214
yadI_predicted,0.16666666666666666,5,5,TTACCATAGGACATTATGTT,0,4310112
yadI_predicted,0.16666666666666666,5,5,TTAATCTTTCCACTTTGCAA,0,4301057
yadI_predicted,0.16666666666666666,5,5,TTAATCACTGGACTTAGCTT,0,4287701
yadI_predicted,0.16666666666666666,5,5,TTAATACTTCTGACCTGCCG,0,4301246
yadI_predicted,0.16666666666666666,5,5,TTAAGCCCGCGGTCATCTAT,0,4321212
yadI_predicted,0.16666666666666666,5,5,TTAACTCTAGCTTCATCGAA,0,4307266
yadI_predicted,0.16666666666666666,5,5,TGTTTTCTACAGCGGCGTCT,0,4334947
yadI_predicted,0.16666666666666666,5,5,TGTTTGCCGGGTGGTCTATG,0,4366839
yadI_predicted,0.16666666666666666,5,5,TGTTTCTCGTTCATTAAGTG,0,4331240
yadI_predicted,0.16666666666666666,5,5,TGTTTCAGTCTTCAGTTTAG,0,4305791
yadI_predicted,0.16666666666666666,5,5,TGTTTATTTTGCTTGACTGT,0,4307076
yadI_predicted,0.16666666666666666,5,5,TGTTCCAGTGGAGATACTCA,0,4299562
yadI_predicted,0.16666666666666666,5,5,TGTTACTATTACAGACCTAT,0,4353088
yadI_predicted,0.16666666666666666,5,5,TGTTACATTTAATTGGCATC,0,4313231
yadI_predicted,0.16666666666666666,5,5,TGTTAAGCGCAAACGCTAGC,0,4330255
yadI_predicted,0.16666666666666666,5,5,TGTGTTTCAACGTCGTAAGG,0,4341202
yadI_predicted,0.16666666666666666,5,5,TGTGTTAGTTCGAAATTTTA,0,4315557
yadI_predicted,0.16666666666666666,5,5,TGTGTGGTTCCAGGAACATG,0,4286121
yadI_predicted,0.16666666666666666,5,5,TGTGGCTGGCAAAGCATTTG,0,4310059
yadI_predicted,0.16666666666666666,5,5,TGTGGAAGCATCGGGTCCTG,0,4329375
yadI_predicted,0.16666666666666666,5,5,TGTGCGAGTCAGGGTTCATA,0,4347940
yadI_predicted,0.16666666666666666,5,5,TGTGCCGAGGGTGATATTGG,0,4348629
yadI_predicted,0.16666666666666666,5,5,TGTGATTCCGTTGCCGTAAT,0,4351712
yadI_predicted,0.16666666666666666,5,5,TGTGACGATAGGACTCCATC,0,4350316
yadI_predicted,0.16666666666666666,5,5,TGTGAAGATCTGTCAGGAGG,0,4362076
yadI_predicted,0.16666666666666666,5,5,TGTGAAGACGGAGTCGCGCG,0,4325514
yadI_predicted,0.16666666666666666,5,5,TGTGAACCTGGGGATATTCA,0,4291545
yadI_predicted,0.16666666666666666,5,5,TGTCGAGTGGTATGGAGGCA,0,4307246
yadI_predicted,0.16666666666666666,5,5,TGTCATTAACTTGCACGCCA,0,4306900
yadI_predicted,0.16666666666666666,5,5,TGTACTACCTTTGACACTTA,0,4311875
yadI_predicted,0.16666666666666666,5,5,TGTACGGACACAACTAGCGA,0,4294765
yadI_predicted,0.16666666666666666,5,5,TGTACAGGGTGATTTGTTAT,0,4366627
yadI_predicted,0.16666666666666666,5,5,TGTAAACACCCGACGTCTTT,0,4344203
yadI_predicted,0.16666666666666666,5,5,TGGTTTGTCAGTCACGATTC,0,4364534
yadI_predicted,0.16666666666666666,5,5,TGGTGGCGGGTAGAGAATCC,0,4331075
yadI_predicted,0.16666666666666666,5,5,TGGTGACCTGCCCTCTTGCT,0,4368639
yadI_predicted,0.16666666666666666,5,5,TGGTCATATTGAAACATCGG,0,4329345
yadI_predicted,0.16666666666666666,5,5,TGGGTTTTGTTCTCAATCGC,0,4307879
yadI_predicted,0.16666666666666666,5,5,TGGGTTCCGGGAACCTCGAT,0,4319932
yadI_predicted,0.16666666666666666,5,5,TGGGTGGCGAACGAAACTCC,0,4344869
yadI_predicted,0.16666666666666666,5,5,TGGGGTCAAGGTCCTTCAGC,0,4354676
yadI_predicted,0.16666666666666666,5,5,TGGGGGACTACCTTTCCGAC,0,4325558
yadI_predicted,0.16666666666666666,5,5,TGGGGCGCTCAAGCAGAGTC,0,4323975
yadI_predicted,0.16666666666666666,5,5,TGGGGCAAATAAATCGCGTA,0,4309158
yadI_predicted,0.16666666666666666,5,5,TGGGGAAAGGGTCCGCGTGT,0,4364460
yadI_predicted,0.16666666666666666,5,5,TGGGCTTAAGCCGTCGAACA,0,4311826
yadI_predicted,0.16666666666666666,5,5,TGGGCATTTTTTTCAGTTTG,0,4335085
yadI_predicted,0.16666666666666666,5,5,TGGGATGGATACCGTCTATC,0,4296944
yadI_predicted,0.16666666666666666,5,5,TGGCTGAGATATACGGGTCT,0,4334066
yadI_predicted,0.16666666666666666,5,5,TGGCTCACATTTAACACCTA,0,4331922
yadI_predicted,0.16666666666666666,5,5,TGGCGGACGTGCCTTGGACT,0,4330788
yadI_predicted,0.16666666666666666,5,5,TGGCGCTGTTTAGCATACTT,0,4315828
yadI_predicted,0.16666666666666666,5,5,TGGCCTCAAAAGATTTACTC,0,4301533
yadI_predicted,0.16666666666666666,5,5,TGGCAGTGAGTTCTGTACCA,0,4293906
yadI_predicted,0.16666666666666666,5,5,TGGATCTTCTGTGGATCGCC,0,4355139
yadI_predicted,0.16666666666666666,5,5,TGGATACAGGAGGGTAAGGC,0,4321548
yadI_predicted,0.16666666666666666,5,5,TGGACAGATAGTGCTAATTC,0,4292527
yadI_predicted,0.16666666666666666,5,5,TGGAACGTACAGGAGATAGC,0,4323833
yadI_predicted,0.16666666666666666,5,5,TGGAACACGTGGTCAGTACC,0,4313160
yadI_predicted,0.16666666666666666,5,5,TGGAAATTCGTCATAACTTG,0,4293775
yadI_predicted,0.16666666666666666,5,5,TGCTTTCTGGGTCACGAGAA,0,4300059
yadI_predicted,0.16666666666666666,5,5,TGCTGTTGCTGCCGATCCCC,0,4307789
yadI_predicted,0.16666666666666666,5,5,TGCTGCTTCTGCTTGTCCCT,0,4325901
yadI_predicted,0.16666666666666666,5,5,TGCTCGTCCTGGGGTCCCTT,0,4369249
yadI_predicted,0.16666666666666666,5,5,TGCTCATACCTAGTTCCCCA,0,4315434
yadI_predicted,0.16666666666666666,5,5,TGCTAGCGTCGTAACGTGTT,0,4296121
yadI_predicted,0.16666666666666666,5,5,TGCTAATGCGCGGGGTGCTT,0,4315760
yadI_predicted,0.16666666666666666,5,5,TGCGTTCCAGATTTGCGGTA,0,4339313
yadI_predicted,0.16666666666666666,5,5,TGCGTCTATGGGGAGGATCC,0,4339031
yadI_predicted,0.16666666666666666,5,5,TGCGGCCCACCGTTGGGCGT,0,4359574
yadI_predicted,0.16666666666666666,5,5,TGCGGCATCAATCGCCAGCG,0,4360229
yadI_predicted,0.16666666666666666,5,5,TGCGGCACTGACGTTTCCCC,0,4363039
yadI_predicted,0.16666666666666666,5,5,TGCGGAGGACGCATGTATGC,0,4336305
yadI_predicted,0.16666666666666666,5,5,TGCGCTGACTAACTGTTACA,0,4365700
yadI_predicted,0.16666666666666666,5,5,TGCGCGGTATCACATAGGCA,0,4362484
yadI_predicted,0.16666666666666666,5,5,TGCGAGTATATTTAGTGCCC,0,4306084
yadI_predicted,0.16666666666666666,5,5,TGCCTGGGTTGCTCCCTCCT,0,4346340
yadI_predicted,0.16666666666666666,5,5,TGCCGGGGGGTGGGCTCGAA,0,4358181
yadI_predicted,0.16666666666666666,5,5,TGCCGACTTAACTCACCTTC,0,4303592
yadI_predicted,0.16666666666666666,5,5,TGCCCTTTACCTGGTGTCGT,0,4285258
yadI_predicted,0.16666666666666666,5,5,TGCCCTCACGCAATACGTCT,0,4322987
yadI_predicted,0.16666666666666666,5,5,TGCCATTTGAACCCTGCAAA,0,4324500
yadI_predicted,0.16666666666666666,5,5,TGCATGTTTGACCCGGGCAA,0,4287263
yadI_predicted,0.16666666666666666,5,5,TGCATGGAGAGTCAAAATCA,0,4326925
yadI_predicted,0.16666666666666666,5,5,TGCATCGGGATATCTGAAAA,0,4349807
yadI_predicted,0.16666666666666666,5,5,TGCATATTTCATTCCATAAA,0,4308799
yadI_predicted,0.16666666666666666,5,5,TGCAGTAAATTAGGCGTGCG,0,4330366
yadI_predicted,0.16666666666666666,5,5,TGCAGACAAATACTCCTGCG,0,4332660
yadI_predicted,0.16666666666666666,5,5,TGCACTAGATAAAAAACCTT,0,4312600
yadI_predicted,0.16666666666666666,5,5,TGCACATGATCGGCAGATTC,0,4363244
yadI_predicted,0.16666666666666666,5,5,TGCACAGTAAGATATGGTCC,0,4288673
yadI_predicted,0.16666666666666666,5,5,TGCAATCTCAGGTCCCACAC,0,4308028
yadI_predicted,0.16666666666666666,5,5,TGCAACCTCCGTCGAATCGC,0,4285563
yadI_predicted,0.16666666666666666,5,5,TGCAAAGTCTGGGGTGTGCG,0,4360600
yadI_predicted,0.16666666666666666,5,5,TGATGCAATATGTTTGCTGA,0,4340812
yadI_predicted,0.16666666666666666,5,5,TGATGACAGTCGGAACGCGT,0,4312634
yadI_predicted,0.16666666666666666,5,5,TGATCGCTGCTGGCTTTAGA,0,4285677
yadI_predicted,0.16666666666666666,5,5,TGAGTTCCGACGAGGGAAAC,0,4357423
yadI_predicted,0.16666666666666666,5,5,TGAGGCTCGGCGGTGTAAGG,0,4310852
yadI_predicted,0.16666666666666666,5,5,TGAGCTCATTAGGTACTTTC,0,4337104
yadI_predicted,0.16666666666666666,5,5,TGAGAGGGATTGGTATACAA,0,4322907
yadI_predicted,0.16666666666666666,5,5,TGAGAAACAGTCCCCGAGAG,0,4335473
yadI_predicted,0.16666666666666666,5,5,TGACGTCGTAAGGTTCTCAA,0,4325541
yadI_predicted,0.16666666666666666,5,5,TGACGTAAAGCGACATTCAA,0,4325789
yadI_predicted,0.16666666666666666,5,5,TGACGGACAGTTTTGGGACC,0,4298452
yadI_predicted,0.16666666666666666,5,5,TGACGCGCGTGATAACAATT,0,4355842
yadI_predicted,0.16666666666666666,5,5,TGACGATATAAGACCAACGT,0,4310213
yadI_predicted,0.16666666666666666,5,5,TGACGACGCGGTACCAGTCC,0,4319982
yadI_predicted,0.16666666666666666,5,5,TGACAGACCTACGCAGGGTT,0,4364148
yadI_predicted,0.16666666666666666,5,5,TGACACGAGTCTAACTACGG,0,4345767
yadI_predicted,0.16666666666666666,5,5,TGACACCTTTCCGGTTTTGG,0,4314239
yadI_predicted,0.16666666666666666,5,5,TGACAAGGTTGTGGTATGTA,0,4288683
yadI_predicted,0.16666666666666666,5,5,TGAATTCTTACACATATCCA,0,4359691
yadI_predicted,0.16666666666666666,5,5,TGAATCCGGGAGCAGATTGC,0,4356683
yadI_predicted,0.16666666666666666,5,5,TGAATAAGATAAGGTGAGGT,0,4366275
yadI_predicted,0.16666666666666666,5,5,TGAAGGACTAAATCAGCTAT,0,4306149
yadI_predicted,0.16666666666666666,5,5,TGAAGCAGCTTTGAGAACTG,0,4345984
yadI_predicted,0.16666666666666666,5,5,TGAAGCAAAGCAAATGTAGG,0,4339484
yadI_predicted,0.16666666666666666,5,5,TGAAGAGCATTTAGGGGTGC,0,4289864
yadI_predicted,0.16666666666666666,5,5,TGAACGAGATTATGGCCTAT,0,4362508
yadI_predicted,0.16666666666666666,5,5,TGAACCAAATCGTGGACTCT,0,4323167
yadI_predicted,0.16666666666666666,5,5,TGAAAGGGTTCGCGTCGTTG,0,4302871
yadI_predicted,0.16666666666666666,5,5,TGAAACGGTAAAGGTTTCGT,0,4318669
yadI_predicted,0.16666666666666666,5,5,TCTTTGTTCGACACATAGTG,0,4293352
yadI_predicted,0.16666666666666666,5,5,TCTTGGTAGGACACCGCTGG,0,4360587
yadI_predicted,0.16666666666666666,5,5,TCTTGGGTCATATGGTTCGT,0,4353269
yadI_predicted,0.16666666666666666,5,5,TCTTGCGCGCGGTGCGAGAT,0,4288002
yadI_predicted,0.16666666666666666,5,5,TCTTGACCATCAGCCGTTTA,0,4331191
yadI_predicted,0.16666666666666666,5,5,TCTTCCGGTCTTACGTCTAT,0,4286068
yadI_predicted,0.16666666666666666,5,5,TCTTATTAAAAGGAACTTTC,0,4333333
yadI_predicted,0.16666666666666666,5,5,TCTTACAGCAAGAACGTCTG,0,4352253
yadI_predicted,0.16666666666666666,5,5,TCTTAAGTATTCTGGCTTGT,0,4361479
yadI_predicted,0.16666666666666666,5,5,TCTTAAATTTACGAACAATT,0,4320264
yadI_predicted,0.16666666666666666,5,5,TCTGTGTCTAGCCCTGGTAA,0,4321093
yadI_predicted,0.16666666666666666,5,5,TCTGTCGGGATGCCGTCTCG,0,4344513
yadI_predicted,0.16666666666666666,5,5,TCTGGTCCATCTACAGAAGA,0,4369827
yadI_predicted,0.16666666666666666,5,5,TCTGCAAATACCCCCCGCCC,0,4313148
yadI_predicted,0.16666666666666666,5,5,TCTGATAGCGAGGGGAGCTG,0,4326499
yadI_predicted,0.16666666666666666,5,5,TCTGACCGTAGCCGGGCACA,0,4368723
yadI_predicted,0.16666666666666666,5,5,TCTCTGCGTCCAGGTGTAGC,0,4341379
yadI_predicted,0.16666666666666666,5,5,TCTCTATAGAGGCTAATTAA,0,4333770
yadI_predicted,0.16666666666666666,5,5,TCTCCTGCAATCTACATAAC,0,4322094
yadI_predicted,0.16666666666666666,5,5,TCTCCAAAGAAGCCGGAGAC,0,4347191
yadI_predicted,0.16666666666666666,5,5,TCTAGCAAGCTTCACGACGA,0,4321439
yadI_predicted,0.16666666666666666,5,5,TCTAGATACAATACTTTAGG,0,4340568
yadI_predicted,0.16666666666666666,5,5,TCTAGATAAGTTGAGGACTC,0,4352481
yadI_predicted,0.16666666666666666,5,5,TCTAACTATTGGTTCTTAGA,0,4318216
yadI_predicted,0.16666666666666666,5,5,TCGTGTTGACCTCAGTCCAT,0,4340913
yadI_predicted,0.16666666666666666,5,5,TCGTGTGCATCATCGTGGTC,0,4364935
yadI_predicted,0.16666666666666666,5,5,TCGTGTCGGAGAAACGTCAA,0,4366788
yadI_predicted,0.16666666666666666,5,5,TCGTGTCGCACCCCCCAGAC,0,4293046
yadI_predicted,0.16666666666666666,5,5,TCGTGGACTGTACGGCGTAT,0,4302621
yadI_predicted,0.16666666666666666,5,5,TCGTCTGAACCTACCAAACA,0,4318903
yadI_predicted,0.16666666666666666,5,5,TCGTCTACGAGAGGCTCCAA,0,4294057
yadI_predicted,0.16666666666666666,5,5,TCGTCCACGGTTGCTGCGTC,0,4370058
yadI_predicted,0.16666666666666666,5,5,TCGTCATTCGCACGGTCATA,0,4362894
yadI_predicted,0.16666666666666666,5,5,TCGTATGTTTAACCGTCTTC,0,4312227
yadI_predicted,0.16666666666666666,5,5,TCGGTTTAACCAATACGGCA,0,4367290
yadI_predicted,0.16666666666666666,5,5,TCGGTGGTTATCCGGGCCGT,0,4330485
yadI_predicted,0.16666666666666666,5,5,TCGGGTTTCCAACATCGCTA,0,4317254
yadI_predicted,0.16666666666666666,5,5,TCGGGTATAGAGCCCTTTAG,0,4291993
yadI_predicted,0.16666666666666666,5,5,TCGGGTAATCTATTGTAAAA,0,4290632
yadI_predicted,0.16666666666666666,5,5,TCGGCTCCGCATACTATTGA,0,4313196
yadI_predicted,0.16666666666666666,5,5,TCGGCCTAAGGACAGTCGTT,0,4369743
yadI_predicted,0.16666666666666666,5,5,TCGGCCGGAGTTAGCACTTT,0,4357665
yadI_predicted,0.16666666666666666,5,5,TCGGCCAATTCTCTTCTTGA,0,4358230
yadI_predicted,0.16666666666666666,5,5,TCGGCACCCCAGAGATATCG,0,4347015
yadI_predicted,0.16666666666666666,5,5,TCGGATGAGATAACATCGGC,0,4292305
yadI_predicted,0.16666666666666666,5,5,TCGGAGGACACCGACATCTG,0,4285342
yadI_predicted,0.16666666666666666,5,5,TCGGAGACAGGAAGATTGAG,0,4304114
yadI_predicted,0.16666666666666666,5,5,TCGGACTTCCGGAGACGGAG,0,4369123
yadI_predicted,0.16666666666666666,5,5,TCGCTGCATCGCGACCGTTG,0,4295750
yadI_predicted,0.16666666666666666,5,5,TCGCGCGACAAAACATCGGA,0,4284772
yadI_predicted,0.16666666666666666,5,5,TCGCATAGGAGAATCTACAA,0,4293893
yadI_predicted,0.16666666666666666,5,5,TCGCACAGTTCCAGATGCGA,0,4301150
yadI_predicted,0.16666666666666666,5,5,TCGATGCGGTCCAGTTACTG,0,4287322
yadI_predicted,0.16666666666666666,5,5,TCGATCATTTTTGGATGACA,0,4308530
yadI_predicted,0.16666666666666666,5,5,TCGATAACCATGGCCGAGCA,0,4360539
yadI_predicted,0.16666666666666666,5,5,TCGACCATTTCGCCTGGATT,0,4352258
yadI_predicted,0.16666666666666666,5,5,TCGACCATGAGCCGCCTACT,0,4290126
yadI_predicted,0.16666666666666666,5,5,TCGAATAACGAAAACGTGTA,0,4307077
yadI_predicted,0.16666666666666666,5,5,TCCTTGAGGAGTGGGTTGTT,0,4366365
yadI_predicted,0.16666666666666666,5,5,TCCTTATGTCCGCGGGAAAC,0,4366112
yadI_predicted,0.16666666666666666,5,5,TCCTGGTTACGACGGGCTCA,0,4298142
yadI_predicted,0.16666666666666666,5,5,TCCTGGAGGTTGGAGTAACG,0,4325560
yadI_predicted,0.16666666666666666,5,5,TCCTGCGGGCGTGTTTATGT,0,4296359
yadI_predicted,0.16666666666666666,5,5,TCCTCTTGCGCGCCGCGCTG,0,4346623
yadI_predicted,0.16666666666666666,5,5,TCCTATACGGCATGGGGTCC,0,4319460
yadI_predicted,0.16666666666666666,5,5,TCCGTTGTTGGGGCGTATGT,0,4293784
yadI_predicted,0.16666666666666666,5,5,TCCGGAGCCACACTTGAGTC,0,4333954
yadI_predicted,0.16666666666666666,5,5,TCCGCGTCATTTTCTACTAT,0,4285354
yadI_predicted,0.16666666666666666,5,5,TCCGCGGGTCTACGCCCAAG,0,4311087
yadI_predicted,0.16666666666666666,5,5,TCCGAGGATCTGGTTGGGTA,0,4355928
yadI_predicted,0.16666666666666666,5,5,TCCGAAGGGTGGGTGCTGGG,0,4296689
yadI_predicted,0.16666666666666666,5,5,TCCCTGAGTTTACCCCCCGG,0,4290474
yadI_predicted,0.16666666666666666,5,5,TCCCTGACCCGTGTCGCTTC,0,4314120
yadI_predicted,0.16666666666666666,5,5,TCCCTCCGAGTGCACTCGTC,0,4356800
yadI_predicted,0.16666666666666666,5,5,TCCCTCCCCGGCCACAAGTC,0,4346615
yadI_predicted,0.16666666666666666,5,5,TCCCCCACCTAGACTGCTGG,0,4348624
yadI_predicted,0.16666666666666666,5,5,TCCCATCATAATGTTTGCGA,0,4327153
yadI_predicted,0.16666666666666666,5,5,TCCAATACGCGTTGGGCGTA,0,4312295
yadI_predicted,0.16666666666666666,5,5,TCCAAGTACGCGCCTTTTTT,0,4354391
yadI_predicted,0.16666666666666666,5,5,TCATTAGCGTTCCTAATCTC,0,4312790
yadI_predicted,0.16666666666666666,5,5,TCATGTTGGCACGCTTAAAC,0,4350115
yadI_predicted,0.16666666666666666,5,5,TCATGTAGTCTGGTAGATCT,0,4313849
yadI_predicted,0.16666666666666666,5,5,TCATGGCGGCCACACGTTGG,0,4286458
yadI_predicted,0.16666666666666666,5,5,TCATGCCGCTCATATTCACA,0,4326711
yadI_predicted,0.16666666666666666,5,5,TCATGATCACTATCAAGCCT,0,4343178
yadI_predicted,0.16666666666666666,5,5,TCATCGCATTTGGATATCAT,0,4297292
yadI_predicted,0.16666666666666666,5,5,TCATCGATCACCCGATGGAA,0,4356265
yadI_predicted,0.16666666666666666,5,5,TCATCCCATATCTTGTAACA,0,4343897
yadI_predicted,0.16666666666666666,5,5,TCATCCCACATGCGGCACAT,0,4356922
yadI_predicted,0.16666666666666666,5,5,TCATACGCCCGCTTGACGGC,0,4332737
yadI_predicted,0.16666666666666666,5,5,TCATACCTTTACCAATAACT,0,4370068
yadI_predicted,0.16666666666666666,5,5,TCAGTGGTAGTCTCAATCAT,0,4319342
yadI_predicted,0.16666666666666666,5,5,TCAGTGAATTAGGCGATGGC,0,4353029
yadI_predicted,0.16666666666666666,5,5,TCAGTCTATCCACCAGACCG,0,4353035
yadI_predicted,0.16666666666666666,5,5,TCAGGCTTGGGCTGTCATCG,0,4299226
yadI_predicted,0.16666666666666666,5,5,TCAGGCCCCCGTGTGGAACA,0,4305768
yadI_predicted,0.16666666666666666,5,5,TCAGAGTAATCCGAATAGTT,0,4294525
yadI_predicted,0.16666666666666666,5,5,TCAGAAGAGCCGACTTAGTA,0,4308927
yadI_predicted,0.16666666666666666,5,5,TCACTGTCCATGCCTCATGG,0,4331399
yadI_predicted,0.16666666666666666,5,5,TCACGCCTATCCAACTGCCA,0,4319152
yadI_predicted,0.16666666666666666,5,5,TCACGCACTAGGATTACGTC,0,4345630
yadI_predicted,0.16666666666666666,5,5,TCACGACTCATATACAAGTC,0,4292822
yadI_predicted,0.16666666666666666,5,5,TCACCCATTACGTGGTAGGA,0,4337465
yadI_predicted,0.16666666666666666,5,5,TCACACCCGAGACCTATGGT,0,4369201
yadI_predicted,0.16666666666666666,5,5,TCAATTAACAATACCCTACG,0,4326612
yadI_predicted,0.16666666666666666,5,5,TCAATCCAGTACGAGATCCT,0,4362673
yadI_predicted,0.16666666666666666,5,5,TCAATAATCTACTTATAGCT,0,4353725
yadI_predicted,0.16666666666666666,5,5,TCAAGTTCAGGGCAGTTAGA,0,4321935
yadI_predicted,0.16666666666666666,5,5,TCAAGGCTGAAGGAAAGGCT,0,4328426
yadI_predicted,0.16666666666666666,5,5,TCAAGGCGAGGCCCGAACTT,0,4290912
yadI_predicted,0.16666666666666666,5,5,TCAAGGCCAGAGTCCAATAC,0,4300951
yadI_predicted,0.16666666666666666,5,5,TCAACGCTTAACAGTTTTAT,0,4292400
yadI_predicted,0.16666666666666666,5,5,TCAACCAGAGTCTAAGGACC,0,4303050
yadI_predicted,0.16666666666666666,5,5,TCAAACAAGAAACTAACGGG,0,4291458
yadI_predicted,0.16666666666666666,5,5,TATTTCGTATAGTTTACCCA,0,4304963
yadI_predicted,0.16666666666666666,5,5,TATTTATGCATATATGCGGT,0,4310627
yadI_predicted,0.16666666666666666,5,5,TATTGGACTCCAACTTCGGC,0,4345903
yadI_predicted,0.16666666666666666,5,5,TATTGCGAACCTAGCAAGTA,0,4300799
yadI_predicted,0.16666666666666666,5,5,TATTAACTGTTTGTAATAAC,0,4285277
yadI_predicted,0.16666666666666666,5,5,TATGGTTACGTAGGGAAGTA,0,4328135
yadI_predicted,0.16666666666666666,5,5,TATGCATTATCAAAGACTCA,0,4291174
yadI_predicted,0.16666666666666666,5,5,TATGAATGATCATGGTTTAG,0,4300551
yadI_predicted,0.16666666666666666,5,5,TATGAACCAATGAGCCGACA,0,4336218
yadI_predicted,0.16666666666666666,5,5,TATCTTATCATAACTATGGC,0,4360688
yadI_predicted,0.16666666666666666,5,5,TATCTCATCAGACGGGGGTA,0,4348323
yadI_predicted,0.16666666666666666,5,5,TATCTATGTATGGATTACGT,0,4336411
yadI_predicted,0.16666666666666666,5,5,TATCGAGGTCTCCCGATTCG,0,4296918
yadI_predicted,0.16666666666666666,5,5,TATCCAACTCCGAAGGCGGA,0,4304212
yadI_predicted,0.16666666666666666,5,5,TATCAGTGGTACCCTGAAAT,0,4354381
yadI_predicted,0.16666666666666666,5,5,TATATCTCCTCCCATAGGGA,0,4321141
yadI_predicted,0.16666666666666666,5,5,TATATATGAAGTGTTTTCGC,0,4287138
yadI_predicted,0.16666666666666666,5,5,TATATAGGACATACGTCTCC,0,4297898
yadI_predicted,0.16666666666666666,5,5,TATAGTGAAGTTCCCCGGGA,0,4295061
yadI_predicted,0.16666666666666666,5,5,TATAGGCAACTATCGAGCAG,0,4325825
yadI_predicted,0.16666666666666666,5,5,TATAGCTAAACTTTCCTGGG,0,4319423
yadI_predicted,0.16666666666666666,5,5,TATACTGTCCGGTAAAGGTC,0,4344100
yadI_predicted,0.16666666666666666,5,5,TATACGGTCCGAATTCATGA,0,4295422
yadI_predicted,0.16666666666666666,5,5,TAGGTGCAAGGCTGGTCCAC,0,4312530
yadI_predicted,0.16666666666666666,5,5,TAGGTCTGGAGTCGATAGCA,0,4290982
yadI_predicted,0.16666666666666666,5,5,TAGGTCCGCGTCTCAAAGGT,0,4296884
yadI_predicted,0.16666666666666666,5,5,TAGGTAATCGATGACCATTC,0,4369933
yadI_predicted,0.16666666666666666,5,5,TAGGGGGTTCAGGATTGGAA,0,4328508
yadI_predicted,0.16666666666666666,5,5,TAGGAGCTAATTTACAAGCT,0,4351202
yadI_predicted,0.16666666666666666,5,5,TAGCTACGATTGATGCATCC,0,4324625
yadI_predicted,0.16666666666666666,5,5,TAGCGGTTGACGGCTCTAAT,0,4293504
yadI_predicted,0.16666666666666666,5,5,TAGCGGAGAACCCTTGCCTT,0,4326209
yadI_predicted,0.16666666666666666,5,5,TAGCGATCGGGCCTGAAACA,0,4357595
yadI_predicted,0.16666666666666666,5,5,TAGCCAAAGGTCTAAGCCAT,0,4313031
yadI_predicted,0.16666666666666666,5,5,TAGATATCTGGCCGGAGATA,0,4303337
yadI_predicted,0.16666666666666666,5,5,TAGAGGGTGTGCTCTGCCAG,0,4345799
yadI_predicted,0.16666666666666666,5,5,TACTCTACGCAGCTCTCGGA,0,4351634
yadI_predicted,0.16666666666666666,5,5,TACTCCAATGCCGGTGTCGG,0,4287280
yadI_predicted,0.16666666666666666,5,5,TACTATCCGATCGGTGATCC,0,4297360
yadI_predicted,0.16666666666666666,5,5,TACGTGAGGGTAAGGAGGGG,0,4334658
yadI_predicted,0.16666666666666666,5,5,TACGTGAGCGGCCCTCCCAG,0,4297692
yadI_predicted,0.16666666666666666,5,5,TACGTCGAATCTTCGGACAT,0,4322433
yadI_predicted,0.16666666666666666,5,5,TACGGTACTCCGTAAACGTG,0,4304984
yadI_predicted,0.16666666666666666,5,5,TACGGTAATAAACGCGGTGT,0,4327786
yadI_predicted,0.16666666666666666,5,5,TACGGGACCACACTCTCTGT,0,4291979
yadI_predicted,0.16666666666666666,5,5,TACGGCATGATTTGTGACAT,0,4358876
yadI_predicted,0.16666666666666666,5,5,TACGCTGAACTCGGTGTGGG,0,4298322
yadI_predicted,0.16666666666666666,5,5,TACGATGTCTATCGTGCTTC,0,4292367
yadI_predicted,0.16666666666666666,5,5,TACGAAACGTCTTCAGGATT,0,4353089
yadI_predicted,0.16666666666666666,5,5,TACCGTACTTAGTAATTCGT,0,4318021
yadI_predicted,0.16666666666666666,5,5,TACCGGTCGGGGACCTATTG,0,4329113
yadI_predicted,0.16666666666666666,5,5,TACCCTGGGTATGCCAAGAC,0,4368159
yadI_predicted,0.16666666666666666,5,5,TACCCGACCAAAGTATTCCC,0,4309859
yadI_predicted,0.16666666666666666,5,5,TACCCGAACCGTGTGGAATA,0,4310384
yadI_predicted,0.16666666666666666,5,5,TACCATTATCCCCATTTTTT,0,4292318
yadI_predicted,0.16666666666666666,5,5,TACCACAGGGCTTTAGCCTA,0,4361695
yadI_predicted,0.16666666666666666,5,5,TACAGCACCGCATCGGTATC,0,4355613
yadI_predicted,0.16666666666666666,5,5,TACACGTAGCACATCTTCTC,0,4365529
yadI_predicted,0.16666666666666666,5,5,TACAATGGTGGCAAGATTGC,0,4340135
yadI_predicted,0.16666666666666666,5,5,TACAATATAGGCTCTTAAGG,0,4302519
yadI_predicted,0.16666666666666666,5,5,TAATGCTCCATTTGATCCCT,0,4356588
yadI_predicted,0.16666666666666666,5,5,TAATATTTTGGGGACAGGGG,0,4300475
yadI_predicted,0.16666666666666666,5,5,TAATAGATGACATTCAATAA,0,4302330
yadI_predicted,0.16666666666666666,5,5,TAAGTGACGCAACTGTAGCC,0,4345805
yadI_predicted,0.16666666666666666,5,5,TAAGTCTGGCTGATTGGATG,0,4309601
yadI_predicted,0.16666666666666666,5,5,TAAGGCACAACCAACCCCCC,0,4351495
yadI_predicted,0.16666666666666666,5,5,TAAGCCGTCGAGCTATTTTA,0,4293897
yadI_predicted,0.16666666666666666,5,5,TAAGAGGGGCGCTCAAACGT,0,4301151
yadI_predicted,0.16666666666666666,5,5,TAAGAGAGGTCTCAGAGGGA,0,4347277
yadI_predicted,0.16666666666666666,5,5,TAAGACTTTAGTGGGTAGCA,0,4364066
yadI_predicted,0.16666666666666666,5,5,TAAGAATATACTTTAATGTC,0,4308908
yadI_predicted,0.16666666666666666,5,5,TAACTGGGAGGTTATGCCAT,0,4353290
yadI_predicted,0.16666666666666666,5,5,TAACTCGCATTTACTCAGTA,0,4355446
yadI_predicted,0.16666666666666666,5,5,TAACTCATCGGCGATACGTC,0,4299006
yadI_predicted,0.16666666666666666,5,5,TAACGTTCCGTTCTTGCGCA,0,4288155
yadI_predicted,0.16666666666666666,5,5,TAACGGTTCGAACAGATACT,0,4337195
yadI_predicted,0.16666666666666666,5,5,TAACGGTCCAGCACATCGAC,0,4316649
yadI_predicted,0.16666666666666666,5,5,TAACGAAAGGCGATTGCCCG,0,4343198
yadI_predicted,0.16666666666666666,5,5,TAACCCTAGTTCATTCTAGG,0,4309664
yadI_predicted,0.16666666666666666,5,5,TAACAGATCATATCTTACTA,0,4321763
yadI_predicted,0.16666666666666666,5,5,TAAATTTGCTGGTATTGATT,0,4366543
yadI_predicted,0.16666666666666666,5,5,TAAATGTTTGTAGAGGCTCG,0,4324629
yadI_predicted,0.16666666666666666,5,5,TAAAGTATACCTGGGTGTTC,0,4285456
yadI_predicted,0.16666666666666666,5,5,TAAAGCTTCCGAGGAATGAT,0,4307047
yadI_predicted,0.16666666666666666,5,5,TAAAGCTGAGAGTGTATACC,0,4313308
yadI_predicted,0.16666666666666666,5,5,TAAAGACCTTCTATGAAATA,0,4349822
yadI_predicted,0.16666666666666666,5,5,TAAACTTCTGCTGAATCCCG,0,4295175
yadI_predicted,0.16666666666666666,5,5,TAAACTGGGTTCGAGCAGAC,0,4334948
yadI_predicted,0.16666666666666666,5,5,TAAAATTATATTTTAGCAAA,0,4287873
yadI_predicted,0.16666666666666666,5,5,TAAAAGTACTAACCATAGTC,0,4331566
yadI_predicted,0.16666666666666666,5,5,TAAAACCTAAATCTGGCGCT,0,4363409
yadI_predicted,0.16666666666666666,5,5,TAAAACCAGACAGCCTCGAC,0,4344605
yadI_predicted,0.16666666666666666,5,5,TAAAAATCATAACACCCGCC,0,4354636
yadI_predicted,0.16666666666666666,5,5,GTTTTAATTAAGACGTTTGC,0,4298026
yadI_predicted,0.16666666666666666,5,5,GTTTGTCATGGTGTTTGGTT,0,4304126
yadI_predicted,0.16666666666666666,5,5,GTTTGCGCCCGATTGGTACG,0,4331300
yadI_predicted,0.16666666666666666,5,5,GTTTCCTATGGAAGTCAGGT,0,4337068
yadI_predicted,0.16666666666666666,5,5,GTTTCCCCCGAGAACCGCAG,0,4313205
yadI_predicted,0.16666666666666666,5,5,GTTGTTGGACGAGCGTCCCG,0,4310841
yadI_predicted,0.16666666666666666,5,5,GTTGTTAACAAACGCTAACA,0,4347575
yadI_predicted,0.16666666666666666,5,5,GTTGTAACCTTAGTAAAGTC,0,4366825
yadI_predicted,0.16666666666666666,5,5,GTTGCTTGCGTTGACTCCAA,0,4293370
yadI_predicted,0.16666666666666666,5,5,GTTGCGGTGGTTCAAGTGAG,0,4346242
yadI_predicted,0.16666666666666666,5,5,GTTGCGGGGGATAATTGGCG,0,4292246
yadI_predicted,0.16666666666666666,5,5,GTTGCGATGGAATGAAATCA,0,4288166
yadI_predicted,0.16666666666666666,5,5,GTTGATCTCTGCCTGGGGTC,0,4337910
yadI_predicted,0.16666666666666666,5,5,GTTCTGGATCTTTCACCAGT,0,4321629
yadI_predicted,0.16666666666666666,5,5,GTTCTGATCTAAACTAGGAG,0,4361422
yadI_predicted,0.16666666666666666,5,5,GTTCTCGGGGGCGGGCAAGG,0,4303141
yadI_predicted,0.16666666666666666,5,5,GTTCTAGTGGGTGAGTGGTT,0,4298678
yadI_predicted,0.16666666666666666,5,5,GTTCGGACTTCCAAGATATG,0,4289010
yadI_predicted,0.16666666666666666,5,5,GTTCGCAGCCTCCGCGGGTC,0,4368059
yadI_predicted,0.16666666666666666,5,5,GTTCCTAGGACAAGTCCCCA,0,4287954
yadI_predicted,0.16666666666666666,5,5,GTTCCCGTGTGGCTCCCCAA,0,4331628
yadI_predicted,0.16666666666666666,5,5,GTTCCAAAACTTTATATGGT,0,4325036
yadI_predicted,0.16666666666666666,5,5,GTTCAAGGGCAGACTTTGTC,0,4349656
yadI_predicted,0.16666666666666666,5,5,GTTATTGGAGATGTAATATA,0,4310292
yadI_predicted,0.16666666666666666,5,5,GTTATGTTGTTGAAGCAATA,0,4360529
yadI_predicted,0.16666666666666666,5,5,GTTATCCATCGGTCAATGGA,0,4347404
yadI_predicted,0.16666666666666666,5,5,GTTAGTCCGTTAACTGGTCT,0,4368521
yadI_predicted,0.16666666666666666,5,5,GTTAGGTTTAAATCTGGGCT,0,4325463
yadI_predicted,0.16666666666666666,5,5,GTTAGCGCTAGGTCGGACAT,0,4336906
yadI_predicted,0.16666666666666666,5,5,GTTACCAGCCCACGCGCACC,0,4315420
yadI_predicted,0.16666666666666666,5,5,GTGTTTGTTTATTATTAAGT,0,4295605
yadI_predicted,0.16666666666666666,5,5,GTGTGGGGCAAAAAGTCCTG,0,4290345
yadI_predicted,0.16666666666666666,5,5,GTGTGCCGGGGGTCCTTTGT,0,4313494
yadI_predicted,0.16666666666666666,5,5,GTGTCCACCGAAGGGGTTGG,0,4300511
yadI_predicted,0.16666666666666666,5,5,GTGGTGAGGCCGGAGCCCTG,0,4287259
yadI_predicted,0.16666666666666666,5,5,GTGGTACAATCGCGTTTTGG,0,4341627
yadI_predicted,0.16666666666666666,5,5,GTGGGGTTGGTATGCACACG,0,4322136
yadI_predicted,0.16666666666666666,5,5,GTGGGGTCGGAGTCAGTGCA,0,4342010
yadI_predicted,0.16666666666666666,5,5,GTGGGCATCAAGGGGTGGAC,0,4317966
yadI_predicted,0.16666666666666666,5,5,GTGGCATGAGTATCAGTTTC,0,4356649
yadI_predicted,0.16666666666666666,5,5,GTGGACTTCGCGACGAACAA,0,4363217
yadI_predicted,0.16666666666666666,5,5,GTGGAAAACCATGGCAGTCG,0,4328587
yadI_predicted,0.16666666666666666,5,5,GTGCTTATAATAATGACCGG,0,4320226
yadI_predicted,0.16666666666666666,5,5,GTGCTACACCCGCTGCAAGT,0,4304359
yadI_predicted,0.16666666666666666,5,5,GTGCGTGCGCGCACTACACG,0,4316172
yadI_predicted,0.16666666666666666,5,5,GTGCGGAGCCTAAGTTTAGT,0,4348846
yadI_predicted,0.16666666666666666,5,5,GTGCGCTGATCTTGCAGGAC,0,4348799
yadI_predicted,0.16666666666666666,5,5,GTGCCCACAACACATAACCT,0,4324116
yadI_predicted,0.16666666666666666,5,5,GTGCACTAGAAACGTACGGG,0,4294428
yadI_predicted,0.16666666666666666,5,5,GTGCAAATCGGCTCAAGTAA,0,4295331
yadI_predicted,0.16666666666666666,5,5,GTGATTCTTCTTATCAGAGC,0,4357768
yadI_predicted,0.16666666666666666,5,5,GTGAGCGGCCCGAAAATGGG,0,4349044
yadI_predicted,0.16666666666666666,5,5,GTGAAGGCAAGGCAAAGCTC,0,4296805
yadI_predicted,0.16666666666666666,5,5,GTCTTTAAAATTGATCCTCA,0,4306291
yadI_predicted,0.16666666666666666,5,5,GTCTGGAAGGCTGAGGTAGT,0,4366895
yadI_predicted,0.16666666666666666,5,5,GTCTGGAACATGGGGGTTTC,0,4286720
yadI_predicted,0.16666666666666666,5,5,GTCTGATCCCCAGCTAACTG,0,4299123
yadI_predicted,0.16666666666666666,5,5,GTCTACGCTCGTGGTGCGAA,0,4359468
yadI_predicted,0.16666666666666666,5,5,GTCGTTTGGTACGTGGCATT,0,4339979
yadI_predicted,0.16666666666666666,5,5,GTCGATCCAGTGCACGCTAT,0,4304722
yadI_predicted,0.16666666666666666,5,5,GTCCTTTGCTATCGGTTTGT,0,4358980
yadI_predicted,0.16666666666666666,5,5,GTCCTTTGACGTTAAAAGTT,0,4330246
yadI_predicted,0.16666666666666666,5,5,GTCCTATTTTGGGAAAAACT,0,4317010
yadI_predicted,0.16666666666666666,5,5,GTCCTACGCGCAAACATTGC,0,4347042
yadI_predicted,0.16666666666666666,5,5,GTCCGGGGGGGTACCTCCCT,0,4330157
yadI_predicted,0.16666666666666666,5,5,GTCCAAAACGCTGAAGGAGA,0,4309491
yadI_predicted,0.16666666666666666,5,5,GTCATTCGAAATGATAATGT,0,4330065
yadI_predicted,0.16666666666666666,5,5,GTCATTAAGTTTTTTGGAAT,0,4294055
yadI_predicted,0.16666666666666666,5,5,GTCAGCGCCCCGAAAAATAT,0,4323280
yadI_predicted,0.16666666666666666,5,5,GTCACCCGAGCGGGTTAAGT,0,4367121
yadI_predicted,0.16666666666666666,5,5,GTCAAGTCCCATCGAGTGCC,0,4353474
yadI_predicted,0.16666666666666666,5,5,GTCAAATTGAGGCGTATCTG,0,4340152
yadI_predicted,0.16666666666666666,5,5,GTATTCAGGATTATTAGCCC,0,4305772
yadI_predicted,0.16666666666666666,5,5,GTATGTGTGACATTTTAACA,0,4361573
yadI_predicted,0.16666666666666666,5,5,GTATGGTCCCAATCCGACGT,0,4346831
yadI_predicted,0.16666666666666666,5,5,GTATGCTGGTTCTTACAGTA,0,4320312
yadI_predicted,0.16666666666666666,5,5,GTATGCTGGTTACTTTACCC,0,4286707
yadI_predicted,0.16666666666666666,5,5,GTATCCCCTGCGAGGAGGGA,0,4367773
yadI_predicted,0.16666666666666666,5,5,GTATATGCACTTGGCGCGCC,0,4305090
yadI_predicted,0.16666666666666666,5,5,GTATAACCTGATGCCTAGGA,0,4291015
yadI_predicted,0.16666666666666666,5,5,GTATAAATTTCCAGTAATTA,0,4308456
yadI_predicted,0.16666666666666666,5,5,GTAGTGGCCAGGTAAGCAAT,0,4290712
yadI_predicted,0.16666666666666666,5,5,GTAGGCATAGATTAGGGCAA,0,4301790
yadI_predicted,0.16666666666666666,5,5,GTAGCTTGGCGAGCCCCGAA,0,4294549
yadI_predicted,0.16666666666666666,5,5,GTAGAGTCACCTTCGGATCT,0,4321861
yadI_predicted,0.16666666666666666,5,5,GTAGACTCCTGCTGCCTCAT,0,4324708
yadI_predicted,0.16666666666666666,5,5,GTACTGGTATTAACCTCACA,0,4368130
yadI_predicted,0.16666666666666666,5,5,GTACTGATCTGATCTCTCGG,0,4364149
yadI_predicted,0.16666666666666666,5,5,GTACTAAATTGGTTTCGTCC,0,4344328
yadI_predicted,0.16666666666666666,5,5,GTACGGACGGCTGAGTGAAT,0,4306496
yadI_predicted,0.16666666666666666,5,5,GTACGATGACGGATCGAGGT,0,4301509
yadI_predicted,0.16666666666666666,5,5,GTACGAAGGAGACGATCCAT,0,4338111
yadI_predicted,0.16666666666666666,5,5,GTACCCGCCCTTGGTACGTG,0,4355287
yadI_predicted,0.16666666666666666,5,5,GTACACGTCACTGAGATCAG,0,4358252
yadI_predicted,0.16666666666666666,5,5,GTACAAGATAGTCTGAAATC,0,4355764
yadI_predicted,0.16666666666666666,5,5,GTAAGTCGAACCAGTGTAGA,0,4312038
yadI_predicted,0.16666666666666666,5,5,GTAACCTCCGCCTCCATCAA,0,4348316
yadI_predicted,0.16666666666666666,5,5,GTAACAAGCGCAACAAGTGC,0,4298827
yadI_predicted,0.16666666666666666,5,5,GTAAACCCGTTAAATGGCGG,0,4346277
yadI_predicted,0.16666666666666666,5,5,GGTTTTCGTGTCAGTTACGG,0,4331194
yadI_predicted,0.16666666666666666,5,5,GGTTTTCGCCCCAAGTTTTG,0,4362761
yadI_predicted,0.16666666666666666,5,5,GGTTTCCAACATTAGGGTCT,0,4316227
yadI_predicted,0.16666666666666666,5,5,GGTTTACTGGATTAACCACG,0,4326312
yadI_predicted,0.16666666666666666,5,5,GGTTGTTATGCACGTACAGC,0,4354356
yadI_predicted,0.16666666666666666,5,5,GGTTGTCACGTCTGTATAGA,0,4304497
yadI_predicted,0.16666666666666666,5,5,GGTTGGAATAACGAATGTTT,0,4337105
yadI_predicted,0.16666666666666666,5,5,GGTTGCCGACAGAAATCGCA,0,4321550
yadI_predicted,0.16666666666666666,5,5,GGTTGATGCGGGATGCGCCT,0,4369930
yadI_predicted,0.16666666666666666,5,5,GGTTCGTATAACCATCAGGT,0,4298618
yadI_predicted,0.16666666666666666,5,5,GGTTCGAGCTTCCCCTTTTC,0,4322943
yadI_predicted,0.16666666666666666,5,5,GGTTCCCGCTCTTGATTGTA,0,4287633
yadI_predicted,0.16666666666666666,5,5,GGTTCCAAGACAAGGAACAA,0,4347727
yadI_predicted,0.16666666666666666,5,5,GGTTATAGATGCAATCCTGA,0,4302383
yadI_predicted,0.16666666666666666,5,5,GGTTAGAGCCGGTAGAGAGA,0,4312361
yadI_predicted,0.16666666666666666,5,5,GGTGTTGGAGCCACTCATAG,0,4345899
yadI_predicted,0.16666666666666666,5,5,GGTGTACGGGTCTCGGCTCA,0,4295755
yadI_predicted,0.16666666666666666,5,5,GGTCTGGATCGACTAATGTA,0,4297110
yadI_predicted,0.16666666666666666,5,5,GGTCTGCTCTGATTTTTATT,0,4291307
yadI_predicted,0.16666666666666666,5,5,GGTCGTTGAACCAGCGATGG,0,4357420
yadI_predicted,0.16666666666666666,5,5,GGTCGTGTCGAACGGTGGAT,0,4288472
yadI_predicted,0.16666666666666666,5,5,GGTCGCGGCTCGTTCTAGTA,0,4326851
yadI_predicted,0.16666666666666666,5,5,GGTCCTCCGCAAGACATACA,0,4351404
yadI_predicted,0.16666666666666666,5,5,GGTCCGCGCTACCTTCACGT,0,4305690
yadI_predicted,0.16666666666666666,5,5,GGTCCGCCGCGCATGTTCCT,0,4365977
yadI_predicted,0.16666666666666666,5,5,GGTATTTAACTAGCCTGTAT,0,4364399
yadI_predicted,0.16666666666666666,5,5,GGTATGTGTCTAGCAGAAAA,0,4361961
yadI_predicted,0.16666666666666666,5,5,GGTAGGACTCATCACGGCCC,0,4305192
yadI_predicted,0.16666666666666666,5,5,GGTAGAGCGCGGACACTACT,0,4313660
yadI_predicted,0.16666666666666666,5,5,GGTACCAGCGCTCGGAATCC,0,4302897
yadI_predicted,0.16666666666666666,5,5,GGTAATACAGGTGTGCTCTC,0,4321653
yadI_predicted,0.16666666666666666,5,5,GGTAAAAGCAGCGTGCTACC,0,4328705
yadI_predicted,0.16666666666666666,5,5,GGGTTTATAAGAGCCGCATC,0,4307319
yadI_predicted,0.16666666666666666,5,5,GGGTTCCTAACATGAGATAT,0,4324252
yadI_predicted,0.16666666666666666,5,5,GGGTTAGGAGTGCGCAGTGT,0,4322559
yadI_predicted,0.16666666666666666,5,5,GGGTGTTCTCGCAAAACGAC,0,4334268
yadI_predicted,0.16666666666666666,5,5,GGGTGTATGAGGCACTTGTT,0,4366186
yadI_predicted,0.16666666666666666,5,5,GGGTGACCTCCCTTGCTCCT,0,4315636
yadI_predicted,0.16666666666666666,5,5,GGGTCCCTTAATGATGCCAT,0,4308002
yadI_predicted,0.16666666666666666,5,5,GGGTAATTGGAACCTAGACG,0,4302749
yadI_predicted,0.16666666666666666,5,5,GGGGTTTACAAGATATTAAT,0,4303992
yadI_predicted,0.16666666666666666,5,5,GGGGGTTTGAGATCTGCGCA,0,4289633
yadI_predicted,0.16666666666666666,5,5,GGGGGTTGCCGGTTTGCCGA,0,4346140
yadI_predicted,0.16666666666666666,5,5,GGGGGTTAATGTCACTGCGC,0,4316722
yadI_predicted,0.16666666666666666,5,5,GGGGGTGGTATGGGACACTG,0,4315508
yadI_predicted,0.16666666666666666,5,5,GGGGGCAGGTTCCAGTCCTA,0,4359472
yadI_predicted,0.16666666666666666,5,5,GGGGGATTTCACATACTATG,0,4330305
yadI_predicted,0.16666666666666666,5,5,GGGGCGTGGGGGTCTCAAGC,0,4305201
yadI_predicted,0.16666666666666666,5,5,GGGGCGCGACCTAGGCTCGC,0,4300129
yadI_predicted,0.16666666666666666,5,5,GGGGCAAATCCCGGGACTTT,0,4350490
yadI_predicted,0.16666666666666666,5,5,GGGCTTACATAGGGTTATTA,0,4337689
yadI_predicted,0.16666666666666666,5,5,GGGCTGCCCTCGACTTTCAT,0,4313599
yadI_predicted,0.16666666666666666,5,5,GGGCTCCTTTGTTCAATTGA,0,4307250
yadI_predicted,0.16666666666666666,5,5,GGGCGGCGGGTGCGTCTCCA,0,4355498
yadI_predicted,0.16666666666666666,5,5,GGGCCTGGCTGCTGTGCAGG,0,4326832
yadI_predicted,0.16666666666666666,5,5,GGGACTTTTACGAAGGGCCG,0,4356227
yadI_predicted,0.16666666666666666,5,5,GGGACCGCTTGCACTGGGGT,0,4358226
yadI_predicted,0.16666666666666666,5,5,GGGACAATTATTCGGTGGGT,0,4363890
yadI_predicted,0.16666666666666666,5,5,GGGAATTACATTATCTAAAT,0,4295902
yadI_predicted,0.16666666666666666,5,5,GGGAATCTTAGAAGGCCTCG,0,4351969
yadI_predicted,0.16666666666666666,5,5,GGCTTGACAAATAGAATCGT,0,4321164
yadI_predicted,0.16666666666666666,5,5,GGCTTCGAGTTCGCCCCGGT,0,4333249
yadI_predicted,0.16666666666666666,5,5,GGCTGGCTCGAAGAACGCGT,0,4332934
yadI_predicted,0.16666666666666666,5,5,GGCTCTTAAATCGTTGAGGT,0,4294197
yadI_predicted,0.16666666666666666,5,5,GGCTCCGACTGTGAGGTAGC,0,4311909
yadI_predicted,0.16666666666666666,5,5,GGCTCACGTAACTTTGCCTT,0,4333827
yadI_predicted,0.16666666666666666,5,5,GGCTCACCTAAGCTTACATT,0,4340108
yadI_predicted,0.16666666666666666,5,5,GGCTATCGGAAATGTTTTGC,0,4344807
yadI_predicted,0.16666666666666666,5,5,GGCTAGAAGCGCAGACTGAT,0,4324362
yadI_predicted,0.16666666666666666,5,5,GGCGTGCACATCCCTCTCGG,0,4350111
yadI_predicted,0.16666666666666666,5,5,GGCGGTCAGGATACTAGGTG,0,4323574
yadI_predicted,0.16666666666666666,5,5,GGCGCTTCGACGACGTAGGA,0,4312843
yadI_predicted,0.16666666666666666,5,5,GGCGCGGCTGTTATGGGCCT,0,4331982
yadI_predicted,0.16666666666666666,5,5,GGCGCACGAGGTAATACCTA,0,4310517
yadI_predicted,0.16666666666666666,5,5,GGCCTGGAGGACTGTTGGTC,0,4310502
yadI_predicted,0.16666666666666666,5,5,GGCCTACGAAAGGTCAAGTA,0,4326923
yadI_predicted,0.16666666666666666,5,5,GGCCTAACGTTCTTTGGTGA,0,4304671
yadI_predicted,0.16666666666666666,5,5,GGCCGTGAGTCGGGAGACCC,0,4343165
yadI_predicted,0.16666666666666666,5,5,GGCCGTCAGATGCAGGCAAC,0,4321562
yadI_predicted,0.16666666666666666,5,5,GGCCGCCGAGCATTTTCAAT,0,4324413
yadI_predicted,0.16666666666666666,5,5,GGCCGATCGATCGTGTATGC,0,4367489
yadI_predicted,0.16666666666666666,5,5,GGCCATCACGGATAGCGGGG,0,4310821
yadI_predicted,0.16666666666666666,5,5,GGCCAAGGCCTTCGTTCCGG,0,4288752
yadI_predicted,0.16666666666666666,5,5,GGCATTGCCCAGTGAAGCGG,0,4336603
yadI_predicted,0.16666666666666666,5,5,GGCATGCGGTGGTATGCTGC,0,4362167
yadI_predicted,0.16666666666666666,5,5,GGCAGGGATATATCCAGCCG,0,4312113
yadI_predicted,0.16666666666666666,5,5,GGCAATAGGAATCGTTCTCT,0,4338279
yadI_predicted,0.16666666666666666,5,5,GGCAAGATTGAGGTAACGGA,0,4366720
yadI_predicted,0.16666666666666666,5,5,GGCAACGTGCCATTCTCGCG,0,4313024
yadI_predicted,0.16666666666666666,5,5,GGATTCCCTTGCGCATAAAG,0,4325952
yadI_predicted,0.16666666666666666,5,5,GGATGGGCCGGATGGCATCG,0,4301930
yadI_predicted,0.16666666666666666,5,5,GGATGCCATGCAACAGGGAT,0,4354950
yadI_predicted,0.16666666666666666,5,5,GGATCTTATCGCGGCACGTC,0,4343871
yadI_predicted,0.16666666666666666,5,5,GGATCTGCTTTAGCCCCTGT,0,4346381
yadI_predicted,0.16666666666666666,5,5,GGATCGATTTGCGTCCCACC,0,4333125
yadI_predicted,0.16666666666666666,5,5,GGATAGCATGGTAGCACTTC,0,4289279
yadI_predicted,0.16666666666666666,5,5,GGATACCCCGTGTGCCAATC,0,4346414
yadI_predicted,0.16666666666666666,5,5,GGAGGTAAAAGGACCCCGCA,0,4320511
yadI_predicted,0.16666666666666666,5,5,GGAGGCTAGAGCCAAAGGGT,0,4304475
yadI_predicted,0.16666666666666666,5,5,GGAGCCCTCGGGTTCATCTG,0,4300342
yadI_predicted,0.16666666666666666,5,5,GGAGAACTGGTACTCTCTTA,0,4301370
yadI_predicted,0.16666666666666666,5,5,GGAGAAATTGATTATGCACT,0,4354640
yadI_predicted,0.16666666666666666,5,5,GGACTGGATGAAAATAGTTT,0,4287498
yadI_predicted,0.16666666666666666,5,5,GGACTGCATTTCGAACGCGG,0,4286586
yadI_predicted,0.16666666666666666,5,5,GGACGCCTTTGGCGCGGCAA,0,4360002
yadI_predicted,0.16666666666666666,5,5,GGACGCAACCGTCTTCGGCA,0,4354954
yadI_predicted,0.16666666666666666,5,5,GGACCGGCTTAGTCGTCATG,0,4315864
yadI_predicted,0.16666666666666666,5,5,GGACCGGCGTAACCTGGTGG,0,4328639
yadI_predicted,0.16666666666666666,5,5,GGACCATACATCTATGTGGT,0,4342864
yadI_predicted,0.16666666666666666,5,5,GGACACAAATTACCTGCGAG,0,4316560
yadI_predicted,0.16666666666666666,5,5,GGAATACTCTTCTCGTCAGC,0,4369252
yadI_predicted,0.16666666666666666,5,5,GGAAGTTAAGTCTCTGTGTG,0,4337022
yadI_predicted,0.16666666666666666,5,5,GGAAGTAGGGGTACCCTTAA,0,4322846
yadI_predicted,0.16666666666666666,5,5,GGAAGCATGGCGGTAATGGG,0,4356781
yadI_predicted,0.16666666666666666,5,5,GGAAGATACGGCGCGTTAGT,0,4329874
yadI_predicted,0.16666666666666666,5,5,GGAACGGCTACTTTTCTCGC,0,4293921
yadI_predicted,0.16666666666666666,5,5,GGAACATCAGAATTCGGCCC,0,4355129
yadI_predicted,0.16666666666666666,5,5,GGAAACAATAAGTCTGACAA,0,4306163
yadI_predicted,0.16666666666666666,5,5,GCTTTGCGATTAAGTGAAGG,0,4322894
yadI_predicted,0.16666666666666666,5,5,GCTTTCTGCACGAGTGGCGT,0,4348418
yadI_predicted,0.16666666666666666,5,5,GCTTGTATTGGACGCACACT,0,4360917
yadI_predicted,0.16666666666666666,5,5,GCTTGGTGAAACCGGAGGAC,0,4329053
yadI_predicted,0.16666666666666666,5,5,GCTTGATCCCCCTCATGTTA,0,4330668
yadI_predicted,0.16666666666666666,5,5,GCTTCTTAGAAGGCTTGGGG,0,4362790
yadI_predicted,0.16666666666666666,5,5,GCTTCGTTTGAGCTTTCGAG,0,4311735
yadI_predicted,0.16666666666666666,5,5,GCTTCGAGCCATGAATGCTT,0,4327901
yadI_predicted,0.16666666666666666,5,5,GCTTACCACGTGGAATGAGA,0,4363944
yadI_predicted,0.16666666666666666,5,5,GCTTAAAGTCCTATTGCTGG,0,4328581
yadI_predicted,0.16666666666666666,5,5,GCTGTAAGTCGTAAGGCTTA,0,4312884
yadI_predicted,0.16666666666666666,5,5,GCTGGACAGAGGCAACCACA,0,4311209
yadI_predicted,0.16666666666666666,5,5,GCTGCTTCTTATCTGAAAGT,0,4367629
yadI_predicted,0.16666666666666666,5,5,GCTCTGTCCCAATACGTGCG,0,4294550
yadI_predicted,0.16666666666666666,5,5,GCTCTCGCCATATATTGTGG,0,4285105
yadI_predicted,0.16666666666666666,5,5,GCTCTCATCAGCGAGCATGG,0,4296498
yadI_predicted,0.16666666666666666,5,5,GCTCGCGCTTCGAGGTTTGA,0,4325973
yadI_predicted,0.16666666666666666,5,5,GCTCCCAGGCAAGTCACGGG,0,4361187
yadI_predicted,0.16666666666666666,5,5,GCTCAGCCCCTTATCGGCAG,0,4369526
yadI_predicted,0.16666666666666666,5,5,GCTCAAGAGTGAACTAGGCC,0,4318207
yadI_predicted,0.16666666666666666,5,5,GCTATTGGATTACCGATCCT,0,4356063
yadI_predicted,0.16666666666666666,5,5,GCTATCTCACGAGCAAAGCC,0,4296770
yadI_predicted,0.16666666666666666,5,5,GCTACCGGTGCAAAGATCAA,0,4319503
yadI_predicted,0.16666666666666666,5,5,GCTACAGAGCTTTCACAACC,0,4361531
yadI_predicted,0.16666666666666666,5,5,GCTAATTTGACCCTGAACTT,0,4320231
yadI_predicted,0.16666666666666666,5,5,GCTAAATGGAGCGGGCGAAA,0,4329414
yadI_predicted,0.16666666666666666,5,5,GCGTTTTACCGCTCGACTAG,0,4333682
yadI_predicted,0.16666666666666666,5,5,GCGTTTAGTCGGACGCTCCA,0,4296133
yadI_predicted,0.16666666666666666,5,5,GCGTCTGTGGCGGCAATGTT,0,4354281
yadI_predicted,0.16666666666666666,5,5,GCGTCTGACTCTGCAATCCC,0,4347398
yadI_predicted,0.16666666666666666,5,5,GCGTCGGACCGATAGAGTGA,0,4329823
yadI_predicted,0.16666666666666666,5,5,GCGTCGCGACTTGTGACGGG,0,4328309
yadI_predicted,0.16666666666666666,5,5,GCGTATGGTATTAGGTGTTT,0,4344660
yadI_predicted,0.16666666666666666,5,5,GCGTACGGTTGGTGAAGGCA,0,4285517
yadI_predicted,0.16666666666666666,5,5,GCGGCCATTATGGTACTAGA,0,4312660
yadI_predicted,0.16666666666666666,5,5,GCGGATTAGTATATCATTGT,0,4332844
yadI_predicted,0.16666666666666666,5,5,GCGGATGGTGACCGAGACGT,0,4302594
yadI_predicted,0.16666666666666666,5,5,GCGGATCTCGTAAGCAAAGG,0,4335963
yadI_predicted,0.16666666666666666,5,5,GCGGAGGTCTCCTCGTGGGG,0,4323076
yadI_predicted,0.16666666666666666,5,5,GCGGACCAACAGCTGAAGTC,0,4338707
yadI_predicted,0.16666666666666666,5,5,GCGCTTCGGAAGGGCCGGAA,0,4368828
yadI_predicted,0.16666666666666666,5,5,GCGCTGCGCTTCCAAGATCT,0,4366128
yadI_predicted,0.16666666666666666,5,5,GCGCGTTCTTTAGTGATAAC,0,4366974
yadI_predicted,0.16666666666666666,5,5,GCGCGTTCCACACCAGTAGT,0,4287857
yadI_predicted,0.16666666666666666,5,5,GCGCCTCGCCCAACAATAGC,0,4297281
yadI_predicted,0.16666666666666666,5,5,GCGCATTCGTAAACATGACA,0,4324716
yadI_predicted,0.16666666666666666,5,5,GCGCATAGCTGACAGGACAT,0,4320168
yadI_predicted,0.16666666666666666,5,5,GCGCAGAAGGTTCTCCTCGG,0,4358904
yadI_predicted,0.16666666666666666,5,5,GCGCAACGTATACCCTTGGC,0,4285149
yadI_predicted,0.16666666666666666,5,5,GCGATTCTATGATAAATCCT,0,4329220
yadI_predicted,0.16666666666666666,5,5,GCGACTTGGAGCCGAAACTA,0,4319768
yadI_predicted,0.16666666666666666,5,5,GCGACGCGAACAAGTCGCGC,0,4363201
yadI_predicted,0.16666666666666666,5,5,GCGACCGGTAATCTACAGAC,0,4345034
yadI_predicted,0.16666666666666666,5,5,GCCTTTGGTTGGACGCGTGC,0,4293255
yadI_predicted,0.16666666666666666,5,5,GCCTTATAAAGATCAGAACC,0,4300401
yadI_predicted,0.16666666666666666,5,5,GCCTTAGACGTCGGGTGAAA,0,4310698
yadI_predicted,0.16666666666666666,5,5,GCCTTACGGATGGTCAGGAA,0,4335794
yadI_predicted,0.16666666666666666,5,5,GCCTGTACTACGCGTTACCG,0,4350775
yadI_predicted,0.16666666666666666,5,5,GCCTGTAAGGCTATCATGGT,0,4315621
yadI_predicted,0.16666666666666666,5,5,GCCTGGAAGTCTATAGTTTT,0,4318572
yadI_predicted,0.16666666666666666,5,5,GCCTCTTTGGCACCTTACCA,0,4289579
yadI_predicted,0.16666666666666666,5,5,GCCTCTGGCTGCGGTCTACC,0,4338193
yadI_predicted,0.16666666666666666,5,5,GCCTCCTGACACTTTAGGTT,0,4338291
yadI_predicted,0.16666666666666666,5,5,GCCTCACGGGCTACAGCAAG,0,4314677
yadI_predicted,0.16666666666666666,5,5,GCCTATTGCAGCCCACCGGC,0,4309249
yadI_predicted,0.16666666666666666,5,5,GCCTATTGAGAGTTAATGAT,0,4285506
yadI_predicted,0.16666666666666666,5,5,GCCTAATGCGATAGCGTCCA,0,4344862
yadI_predicted,0.16666666666666666,5,5,GCCGTTAAGTAAACGTACAC,0,4351691
yadI_predicted,0.16666666666666666,5,5,GCCGTCAGTGTATGGTAGTA,0,4297981
yadI_predicted,0.16666666666666666,5,5,GCCGGGTGGTCATGGCACAC,0,4358525
yadI_predicted,0.16666666666666666,5,5,GCCGCTTATTGGCAAGACCT,0,4328564
yadI_predicted,0.16666666666666666,5,5,GCCCTAGCAAAGTAGGTATT,0,4311374
yadI_predicted,0.16666666666666666,5,5,GCCCGTAGGGTCCAGTACGC,0,4302167
yadI_predicted,0.16666666666666666,5,5,GCCCGGTGGGGCTCAATACG,0,4365606
yadI_predicted,0.16666666666666666,5,5,GCCCCGGTGTGAAAGGCATC,0,4344391
yadI_predicted,0.16666666666666666,5,5,GCCCCGAGGTATAGTGGTAA,0,4340706
yadI_predicted,0.16666666666666666,5,5,GCCCCATGCAGCGTCGAGGG,0,4338774
yadI_predicted,0.16666666666666666,5,5,GCCCAAAAACGAATCTTGCT,0,4368343
yadI_predicted,0.16666666666666666,5,5,GCCATGTAGAGAGCCTAACA,0,4349858
yadI_predicted,0.16666666666666666,5,5,GCCAGCCCCCTGAAACAAGT,0,4366703
yadI_predicted,0.16666666666666666,5,5,GCCAGAGTAACTATTGGATA,0,4350528
yadI_predicted,0.16666666666666666,5,5,GCCAATGTGAAAACAAGGTT,0,4316432
yadI_predicted,0.16666666666666666,5,5,GCCAAAATCGCGGCAAGTGC,0,4334656
yadI_predicted,0.16666666666666666,5,5,GCATTCACGAAACGCAGCCA,0,4316257
yadI_predicted,0.16666666666666666,5,5,GCATTAGTAAGTGCTGACCA,0,4290417
yadI_predicted,0.16666666666666666,5,5,GCATTACGGGGAAAAGTTTC,0,4297448
yadI_predicted,0.16666666666666666,5,5,GCATGCTACCAATAATTGGA,0,4360787
yadI_predicted,0.16666666666666666,5,5,GCATGCGCCTTGTGTTTAAG,0,4303497
yadI_predicted,0.16666666666666666,5,5,GCATGCCCCGTGCCCCACGC,0,4330671
yadI_predicted,0.16666666666666666,5,5,GCATCTAATGAATTAGTTTG,0,4326125
yadI_predicted,0.16666666666666666,5,5,GCATCGTGGCGCGTTAATTC,0,4330576
yadI_predicted,0.16666666666666666,5,5,GCATCGAGCCGTTTAGAAAG,0,4352385
yadI_predicted,0.16666666666666666,5,5,GCATCCTCAAAGCACCAAGT,0,4298566
yadI_predicted,0.16666666666666666,5,5,GCATCAGGCCTGTAGTACAC,0,4324540
yadI_predicted,0.16666666666666666,5,5,GCATATGGCGGCGGCGGCGC,0,4285727
yadI_predicted,0.16666666666666666,5,5,GCATATGAACACACGCACCT,0,4285960
yadI_predicted,0.16666666666666666,5,5,GCATATCCCCCTCGTCTCAG,0,4332779
yadI_predicted,0.16666666666666666,5,5,GCATAGTTGTCTATCTACTC,0,4301652
yadI_predicted,0.16666666666666666,5,5,GCATAGGCCTAAGAAGTTAT,0,4284467
yadI_predicted,0.16666666666666666,5,5,GCAGTTAAGTGCTGCCAATC,0,4286870
yadI_predicted,0.16666666666666666,5,5,GCAGGCGGACGTCATTTAGT,0,4314187
yadI_predicted,0.16666666666666666,5,5,GCAGCTCTATAAAGCGATTC,0,4299478
yadI_predicted,0.16666666666666666,5,5,GCAGAATTCGACAATTTATG,0,4340944
yadI_predicted,0.16666666666666666,5,5,GCACTTATAGGCAGATTTTA,0,4343405
yadI_predicted,0.16666666666666666,5,5,GCACGACGTTATCGGTAATA,0,4300863
yadI_predicted,0.16666666666666666,5,5,GCACCATGTATTCCTTCCGG,0,4321926
yadI_predicted,0.16666666666666666,5,5,GCACATTTGGGAATTAACTA,0,4305338
yadI_predicted,0.16666666666666666,5,5,GCACATAGAGGGGTGACAAT,0,4305045
yadI_predicted,0.16666666666666666,5,5,GCACAGTGTATTAGCAACTA,0,4353918
yadI_predicted,0.16666666666666666,5,5,GCACACTAAACGTTGAGATA,0,4284342
yadI_predicted,0.16666666666666666,5,5,GCAATTTACTCACGCTCTAA,0,4320377
yadI_predicted,0.16666666666666666,5,5,GCAATTCAATTGGGGAGTTC,0,4344477
yadI_predicted,0.16666666666666666,5,5,GCAATGTTCGACGTATAATC,0,4316397
yadI_predicted,0.16666666666666666,5,5,GCAATAGGCCCGCAGCAGAG,0,4351267
yadI_predicted,0.16666666666666666,5,5,GCAATAAGACCGAGTTGGTG,0,4359782
yadI_predicted,0.16666666666666666,5,5,GCAAGGAACGGCGGTAGCTA,0,4324069
yadI_predicted,0.16666666666666666,5,5,GCAAGAGGTTATTGTATTTT,0,4333759
yadI_predicted,0.16666666666666666,5,5,GCAACGTGGAGCGCAGCTCG,0,4365247
yadI_predicted,0.16666666666666666,5,5,GCAAATGTCTCTTTGCGAGG,0,4323270
yadI_predicted,0.16666666666666666,5,5,GCAAAGAGGTATGCTGCCTA,0,4353997
yadI_predicted,0.16666666666666666,5,5,GATTTCTACTTGGTCGGAGT,0,4350659
yadI_predicted,0.16666666666666666,5,5,GATTTCGAGGATGTCCTACA,0,4284953
yadI_predicted,0.16666666666666666,5,5,GATTGAAATACGGGCCTACT,0,4301631
yadI_predicted,0.16666666666666666,5,5,GATTCAGTGCTTTGTTGCTT,0,4348235
yadI_predicted,0.16666666666666666,5,5,GATTCAATTTGCCGGATCAT,0,4323696
yadI_predicted,0.16666666666666666,5,5,GATTACTGCGGTTGGCATCC,0,4329472
yadI_predicted,0.16666666666666666,5,5,GATGTTGCAGGAAAACCTAA,0,4298762
yadI_predicted,0.16666666666666666,5,5,GATGTCACGGTTTGTAGTAA,0,4285596
yadI_predicted,0.16666666666666666,5,5,GATGTAGCATGGTGGTTTTC,0,4325129
yadI_predicted,0.16666666666666666,5,5,GATGGCCAACGCAGATTGCT,0,4293358
yadI_predicted,0.16666666666666666,5,5,GATGCGCATGAAACCCAAGT,0,4329848
yadI_predicted,0.16666666666666666,5,5,GATGCCGAGGGGTTAAGGAT,0,4351640
yadI_predicted,0.16666666666666666,5,5,GATGCCAGCACAGATATGCC,0,4320962
yadI_predicted,0.16666666666666666,5,5,GATGCACTCATGTAACTAAT,0,4343216
yadI_predicted,0.16666666666666666,5,5,GATGCAAGATCGGCAACCAT,0,4313284
yadI_predicted,0.16666666666666666,5,5,GATGAGTCTGCCTCAACGGT,0,4315226
yadI_predicted,0.16666666666666666,5,5,GATGACATGGCGTGTGGTGC,0,4298396
yadI_predicted,0.16666666666666666,5,5,GATGAATTCTACAGAACACT,0,4354699
yadI_predicted,0.16666666666666666,5,5,GATCTCAGCTATTGTTGAGA,0,4319245
yadI_predicted,0.16666666666666666,5,5,GATCTACAGCAAATTGCAGT,0,4288162
yadI_predicted,0.16666666666666666,5,5,GATCGTGCATGACACATTAA,0,4353714
yadI_predicted,0.16666666666666666,5,5,GATCGCGTCTAGGTTAACGT,0,4361809
yadI_predicted,0.16666666666666666,5,5,GATCGCGGATCAGTTTCCTA,0,4303248
yadI_predicted,0.16666666666666666,5,5,GATCGAAGATTTTGGTAGAC,0,4308736
yadI_predicted,0.16666666666666666,5,5,GATCCACAGATCTGTCACCG,0,4364445
yadI_predicted,0.16666666666666666,5,5,GATCATATCTACGTACCGTT,0,4309599
yadI_predicted,0.16666666666666666,5,5,GATATTCGAGTAAGTCCAGA,0,4334226
yadI_predicted,0.16666666666666666,5,5,GATAGATTGCTAAATATATA,0,4295084
yadI_predicted,0.16666666666666666,5,5,GATACTGAAGGATACTGAGC,0,4289961
yadI_predicted,0.16666666666666666,5,5,GATACCAGAAGCAGAACGAC,0,4337246
yadI_predicted,0.16666666666666666,5,5,GATAAATGTTGAGTTATTGG,0,4315769
yadI_predicted,0.16666666666666666,5,5,GAGTGGTCTTTGATGTTTAC,0,4304630
yadI_predicted,0.16666666666666666,5,5,GAGTGCTGATACCCGGGTCC,0,4312271
yadI_predicted,0.16666666666666666,5,5,GAGTGCTCTCTTTCATAGTT,0,4363256
yadI_predicted,0.16666666666666666,5,5,GAGTCTGGTTACCGAAACAC,0,4294520
yadI_predicted,0.16666666666666666,5,5,GAGTCATGGTTTTACCAGCC,0,4318457
yadI_predicted,0.16666666666666666,5,5,GAGTATGTGGTACGGGGAGA,0,4299779
yadI_predicted,0.16666666666666666,5,5,GAGTATCGACGCCAGATTCC,0,4344375
yadI_predicted,0.16666666666666666,5,5,GAGTATAACCTCCTAGTCTC,0,4315504
yadI_predicted,0.16666666666666666,5,5,GAGTACAGAGGCGCTAATCT,0,4328633
yadI_predicted,0.16666666666666666,5,5,GAGGGTGGACGGCACTTAGA,0,4364602
yadI_predicted,0.16666666666666666,5,5,GAGGGGTAGCGACTCGGTTA,0,4311058
yadI_predicted,0.16666666666666666,5,5,GAGGGGGCGAAATTTTGTTA,0,4292835
yadI_predicted,0.16666666666666666,5,5,GAGGGAAGTTCGGACCCATG,0,4325064
yadI_predicted,0.16666666666666666,5,5,GAGGCAATATGGTTTCCACT,0,4300508
yadI_predicted,0.16666666666666666,5,5,GAGGAAGGGCGCTTGTACTC,0,4322159
yadI_predicted,0.16666666666666666,5,5,GAGCGCTTAAGCTGATTCTC,0,4349056
yadI_predicted,0.16666666666666666,5,5,GAGCCCATGTACATTTTTGG,0,4331227
yadI_predicted,0.16666666666666666,5,5,GAGCCCAAGATACCGCTGGA,0,4290991
yadI_predicted,0.16666666666666666,5,5,GAGCACTGCCCAGGGGCCAA,0,4289480
yadI_predicted,0.16666666666666666,5,5,GAGCAACGCTCCGACCGGAC,0,4353640
yadI_predicted,0.16666666666666666,5,5,GAGAGGATCCTAGATGTCTT,0,4292940
yadI_predicted,0.16666666666666666,5,5,GAGACTCATTAGGCGTTCTT,0,4286874
yadI_predicted,0.16666666666666666,5,5,GAGACAGTTGGTGTCAAGGT,0,4351504
yadI_predicted,0.16666666666666666,5,5,GAGAATTTCTTGTGTGCTTC,0,4294180
yadI_predicted,0.16666666666666666,5,5,GAGAACTCACGATACTTTCC,0,4360981
yadI_predicted,0.16666666666666666,5,5,GACTTGAATCATCGGCCCAC,0,4354344
yadI_predicted,0.16666666666666666,5,5,GACTTAATGCTATAGCTATC,0,4304943
yadI_predicted,0.16666666666666666,5,5,GACTGGTGATGGTTAGTCAA,0,4304854
yadI_predicted,0.16666666666666666,5,5,GACTCCTAGGTAGCATCGTC,0,4351993
yadI_predicted,0.16666666666666666,5,5,GACTAGGGGAGTGCGGAGTC,0,4339029
yadI_predicted,0.16666666666666666,5,5,GACTAGATTATTTACGGGGC,0,4353820
yadI_predicted,0.16666666666666666,5,5,GACGTTTCAGACGATGGACA,0,4320622
yadI_predicted,0.16666666666666666,5,5,GACGTTGGCTCGTATAGTAA,0,4327165
yadI_predicted,0.16666666666666666,5,5,GACGGGGCGACAGGGACTCC,0,4286658
yadI_predicted,0.16666666666666666,5,5,GACGGGGAGCGGGTCGCACA,0,4299276
yadI_predicted,0.16666666666666666,5,5,GACGGCCGAATCAAAACATT,0,4295884
yadI_predicted,0.16666666666666666,5,5,GACGAGCAATAGGGTAAATC,0,4327085
yadI_predicted,0.16666666666666666,5,5,GACGAGAGGAGGGAATAGAG,0,4286012
yadI_predicted,0.16666666666666666,5,5,GACCTATCCCATGCACCCTA,0,4324817
yadI_predicted,0.16666666666666666,5,5,GACCGCGTATCAATCTGCCA,0,4331543
yadI_predicted,0.16666666666666666,5,5,GACCGCGGGGCCGACTATAT,0,4363370
yadI_predicted,0.16666666666666666,5,5,GACCGATAGCCCATTCGCTA,0,4306137
yadI_predicted,0.16666666666666666,5,5,GACCCACGAAGACTGGGTAT,0,4328623
yadI_predicted,0.16666666666666666,5,5,GACCCAATAAAATTGATTTA,0,4332474
yadI_predicted,0.16666666666666666,5,5,GACCAGACTGTGAGATTACG,0,4291679
yadI_predicted,0.16666666666666666,5,5,GACATTAGCCATACGACACG,0,4288894
yadI_predicted,0.16666666666666666,5,5,GACATGAACACCGAGCGTCA,0,4318756
yadI_predicted,0.16666666666666666,5,5,GACATAAAGAAGGCATGCCA,0,4314158
yadI_predicted,0.16666666666666666,5,5,GACAGTGGTGGTCGGCCATA,0,4334668
yadI_predicted,0.16666666666666666,5,5,GACACGGTCTGGACGAATAT,0,4299008
yadI_predicted,0.16666666666666666,5,5,GACAAACAAGGCGAGTAATC,0,4335477
yadI_predicted,0.16666666666666666,5,5,GACAAACAACGGATGCGATA,0,4301403
yadI_predicted,0.16666666666666666,5,5,GAATGGCCCGCATGGCCTCG,0,4293250
yadI_predicted,0.16666666666666666,5,5,GAATGCCTATGTTAGTATGA,0,4322838
yadI_predicted,0.16666666666666666,5,5,GAATCGCCCGAACGTTAGGC,0,4299897
yadI_predicted,0.16666666666666666,5,5,GAATATAAGAAGGTTCTAAT,0,4336818
yadI_predicted,0.16666666666666666,5,5,GAATACGTTCTCGGAGGAGT,0,4288639
yadI_predicted,0.16666666666666666,5,5,GAATACGTGGAACATGATCT,0,4308806
yadI_predicted,0.16666666666666666,5,5,GAAGTAGGCAGTTGGAAGGC,0,4362728
yadI_predicted,0.16666666666666666,5,5,GAAGGTTGTGCGAGACTTCT,0,4356947
yadI_predicted,0.16666666666666666,5,5,GAAGGTCGATCATGCGCAAG,0,4286952
yadI_predicted,0.16666666666666666,5,5,GAAGGTCCGATTTGCAACAT,0,4300224
yadI_predicted,0.16666666666666666,5,5,GAAGGGACGTAACTAGGAGG,0,4316122
yadI_predicted,0.16666666666666666,5,5,GAAGGATTGGTCCTTCACTT,0,4332815
yadI_predicted,0.16666666666666666,5,5,GAAGCTGTCCTGACAAGGTA,0,4288550
yadI_predicted,0.16666666666666666,5,5,GAAGAAAGACAGAGATATAA,0,4291415
yadI_predicted,0.16666666666666666,5,5,GAACTTATAATTGAATGGGA,0,4325015
yadI_predicted,0.16666666666666666,5,5,GAACGGCTAAGCGGCGTGTT,0,4337900
yadI_predicted,0.16666666666666666,5,5,GAACCTTCATCTGGTGTAAC,0,4364233
yadI_predicted,0.16666666666666666,5,5,GAACCGATCCTAAGCGGCCA,0,4309282
yadI_predicted,0.16666666666666666,5,5,GAACCGACTGAGCCGTGCAG,0,4314617
yadI_predicted,0.16666666666666666,5,5,GAACCAGCTACGTCTGTCGA,0,4364073
yadI_predicted,0.16666666666666666,5,5,GAACCAACGTGCCCATGCGA,0,4348771
yadI_predicted,0.16666666666666666,5,5,GAACAGACCAGAGTCAGTGG,0,4327154
yadI_predicted,0.16666666666666666,5,5,GAACACCCACGTACGCCTCC,0,4324931
yadI_predicted,0.16666666666666666,5,5,GAACAAAGACATACATCGAA,0,4368225
yadI_predicted,0.16666666666666666,5,5,GAAATAAGAATCCTTAGTGC,0,4324457
yadI_predicted,0.16666666666666666,5,5,GAAAGGACGGTTTCTAACAG,0,4357518
yadI_predicted,0.16666666666666666,5,5,CTTTTGCTACTCGGACTCTT,0,4350755
yadI_predicted,0.16666666666666666,5,5,CTTTTAACGCCGTTTGATTT,0,4364155
yadI_predicted,0.16666666666666666,5,5,CTTTCTTATAGATGGACATC,0,4346462
yadI_predicted,0.16666666666666666,5,5,CTTTACGGTTGAGGTGAAAT,0,4359812
yadI_predicted,0.16666666666666666,5,5,CTTTACCCGGCCTCATCTGA,0,4341975
yadI_predicted,0.16666666666666666,5,5,CTTGTTTAGTCGCGCCGCGT,0,4355577
yadI_predicted,0.16666666666666666,5,5,CTTGTCCCTTACGCGGAAAT,0,4363950
yadI_predicted,0.16666666666666666,5,5,CTTGTCCAGTTAGGCGGGCA,0,4360233
yadI_predicted,0.16666666666666666,5,5,CTTGCGGGCTGGGACGTGGG,0,4360151
yadI_predicted,0.16666666666666666,5,5,CTTGCCATGTTGTATCGGAG,0,4286120
yadI_predicted,0.16666666666666666,5,5,CTTGAGTGCTGTCTACTAAG,0,4324339
yadI_predicted,0.16666666666666666,5,5,CTTGAACCATCTGTCATCAC,0,4309616
yadI_predicted,0.16666666666666666,5,5,CTTCTGTCAAGTCTAAAAGA,0,4318302
yadI_predicted,0.16666666666666666,5,5,CTTCCTGTAGTGGGTGATAT,0,4331232
yadI_predicted,0.16666666666666666,5,5,CTTCCTGAGGTAAAGGTTGT,0,4322602
yadI_predicted,0.16666666666666666,5,5,CTTCCGAAATGCGAATCCTT,0,4316355
yadI_predicted,0.16666666666666666,5,5,CTTCCATTCACGCCTAGCTA,0,4348635
yadI_predicted,0.16666666666666666,5,5,CTTCACAAGATGACTTTCCG,0,4347998
yadI_predicted,0.16666666666666666,5,5,CTTATCTCAAATCGTTGCAT,0,4301153
yadI_predicted,0.16666666666666666,5,5,CTTAGCACCATAGGCTGGAC,0,4366481
yadI_predicted,0.16666666666666666,5,5,CTTACTCCGCTTCGTACGTG,0,4349601
yadI_predicted,0.16666666666666666,5,5,CTTACGGAGACTCGCGACCA,0,4318032
yadI_predicted,0.16666666666666666,5,5,CTTACCGGAGTCTGTCAAGG,0,4287929
yadI_predicted,0.16666666666666666,5,5,CTTACCCGTCTCCTGGTTGG,0,4352045
yadI_predicted,0.16666666666666666,5,5,CTTAATTCGACTGCCATAGA,0,4296489
yadI_predicted,0.16666666666666666,5,5,CTTAATAGGGCAGATTATAG,0,4369396
yadI_predicted,0.16666666666666666,5,5,CTTAAGCGGATTTACATTAT,0,4344364
yadI_predicted,0.16666666666666666,5,5,CTGTTTTAAGCCATTCAATA,0,4310448
yadI_predicted,0.16666666666666666,5,5,CTGTTTGCTAAGATTACAGT,0,4346939
yadI_predicted,0.16666666666666666,5,5,CTGTGCATTGGAGGATGAGA,0,4341684
yadI_predicted,0.16666666666666666,5,5,CTGTCTTCAGTTTGGTTCTA,0,4355612
yadI_predicted,0.16666666666666666,5,5,CTGTCTCTTCGCATTAGGCC,0,4290914
yadI_predicted,0.16666666666666666,5,5,CTGTAGGATAGGTCCGGCGC,0,4291607
yadI_predicted,0.16666666666666666,5,5,CTGTAGCCATTCGTGAACTC,0,4305506
yadI_predicted,0.16666666666666666,5,5,CTGTACGTAGGATTTCGTGA,0,4335555
yadI_predicted,0.16666666666666666,5,5,CTGTACGACTGGCTGTTTGC,0,4284766
yadI_predicted,0.16666666666666666,5,5,CTGGTTGATATAGCAACAAA,0,4344251
yadI_predicted,0.16666666666666666,5,5,CTGGTAAGCTCACCATTAGA,0,4341288
yadI_predicted,0.16666666666666666,5,5,CTGGGTACGTGTACCCAACC,0,4335025
yadI_predicted,0.16666666666666666,5,5,CTGGGCTGTTGCCATTGATA,0,4316426
yadI_predicted,0.16666666666666666,5,5,CTGGGCTGTCTGACGGGTCA,0,4333956
yadI_predicted,0.16666666666666666,5,5,CTGGGATCCTGGGCTCCTGA,0,4366168
yadI_predicted,0.16666666666666666,5,5,CTGGACTATGTTTGGAAAAA,0,4292251
yadI_predicted,0.16666666666666666,5,5,CTGCTTGTTCTTACAAATTT,0,4366968
yadI_predicted,0.16666666666666666,5,5,CTGCTAGCGGTCCCTTCTTG,0,4293619
yadI_predicted,0.16666666666666666,5,5,CTGCGGGGATGCAATTGTGC,0,4290463
yadI_predicted,0.16666666666666666,5,5,CTGCGCATGGATCTCTTATG,0,4344809
yadI_predicted,0.16666666666666666,5,5,CTGCGAAGGTACCCATATTT,0,4365051
yadI_predicted,0.16666666666666666,5,5,CTGCGAAACTGTTAAAGTCC,0,4313166
yadI_predicted,0.16666666666666666,5,5,CTGCCTTATAGTAGTGCAGA,0,4298321
yadI_predicted,0.16666666666666666,5,5,CTGCCGGGTGACAGTGTGAA,0,4364919
yadI_predicted,0.16666666666666666,5,5,CTGCCACCAAAATCCATCAT,0,4316250
yadI_predicted,0.16666666666666666,5,5,CTGCATGTAGGCCCGTCCCT,0,4306401
yadI_predicted,0.16666666666666666,5,5,CTGCAAGTGTGCCCGCGTAC,0,4367492
yadI_predicted,0.16666666666666666,5,5,CTGATTTTACCCATTTAGAG,0,4299360
yadI_predicted,0.16666666666666666,5,5,CTGATCGATTAAATCCCTAA,0,4285754
yadI_predicted,0.16666666666666666,5,5,CTGAGTAGGGGCGTTACCGC,0,4324299
yadI_predicted,0.16666666666666666,5,5,CTGAGGGGAATGCGGGTTAA,0,4335803
yadI_predicted,0.16666666666666666,5,5,CTGAGAGATGTCGTGTTCGT,0,4355419
yadI_predicted,0.16666666666666666,5,5,CTGAATGACGGATAGTCAGA,0,4356162
yadI_predicted,0.16666666666666666,5,5,CTGAAGCATCCTTTCTCCGA,0,4334847
yadI_predicted,0.16666666666666666,5,5,CTGAAATCTAGATCTCTCTA,0,4343086
yadI_predicted,0.16666666666666666,5,5,CTCTTATAATTTTCTTTCAT,0,4325417
yadI_predicted,0.16666666666666666,5,5,CTCTGAATTGCAGATTTACA,0,4308235
yadI_predicted,0.16666666666666666,5,5,CTCTCGACGGTTCATATTGA,0,4311741
yadI_predicted,0.16666666666666666,5,5,CTCGTGAGGGGGGCTCCAGT,0,4363322
yadI_predicted,0.16666666666666666,5,5,CTCGTGACCTCCGTGTTCAT,0,4308931
yadI_predicted,0.16666666666666666,5,5,CTCGTCCGGGTGGGCTACGG,0,4301778
yadI_predicted,0.16666666666666666,5,5,CTCGTAATCGTGTAGTTCGA,0,4345641
yadI_predicted,0.16666666666666666,5,5,CTCGGTTTGACAGGCCGTTG,0,4343548
yadI_predicted,0.16666666666666666,5,5,CTCGGTCCTTATATGCGCAA,0,4335276
yadI_predicted,0.16666666666666666,5,5,CTCGGGTGGCGCGGCAAGGC,0,4351736
yadI_predicted,0.16666666666666666,5,5,CTCGAAAGATCCGGGCAAGA,0,4322213
yadI_predicted,0.16666666666666666,5,5,CTCCTTTGCCCCGCAGCCTT,0,4354593
yadI_predicted,0.16666666666666666,5,5,CTCCTTGCGGTTCGGTCACT,0,4330345
yadI_predicted,0.16666666666666666,5,5,CTCCTTCAGCGCCAGGGGGA,0,4317124
yadI_predicted,0.16666666666666666,5,5,CTCCTCATGTTGACCACCTA,0,4301148
yadI_predicted,0.16666666666666666,5,5,CTCCGTTGAGCGTATCCTTC,0,4367230
yadI_predicted,0.16666666666666666,5,5,CTCCGTAACACTAAAGTGTG,0,4295244
yadI_predicted,0.16666666666666666,5,5,CTCCGCAAGGAGATAAGGCA,0,4305973
yadI_predicted,0.16666666666666666,5,5,CTCCCAGCGGCAGTATCTTA,0,4290775
yadI_predicted,0.16666666666666666,5,5,CTCCAGTTTTGTAAAAATCT,0,4325744
yadI_predicted,0.16666666666666666,5,5,CTCCAGTTTAAGAAGTAGCT,0,4314907
yadI_predicted,0.16666666666666666,5,5,CTCCAATCGGTGAAATTTAG,0,4297212
yadI_predicted,0.16666666666666666,5,5,CTCATTTCCTTGCATCGGGA,0,4358927
yadI_predicted,0.16666666666666666,5,5,CTCATTTAAACCTACTGTCC,0,4369356
yadI_predicted,0.16666666666666666,5,5,CTCACGTCATATTAGCAGAA,0,4296170
yadI_predicted,0.16666666666666666,5,5,CTCACATACACAGAATGGAT,0,4341431
yadI_predicted,0.16666666666666666,5,5,CTCAAGTTCCACTCCGTGTT,0,4333393
yadI_predicted,0.16666666666666666,5,5,CTCAAGGGTCCGATCTCGGC,0,4299896
yadI_predicted,0.16666666666666666,5,5,CTCAAGCCCACACTTTGGCC,0,4316723
yadI_predicted,0.16666666666666666,5,5,CTCAACGGAGGAACTGTCCA,0,4344122
yadI_predicted,0.16666666666666666,5,5,CTCAAAAGCGTGGATAGATC,0,4313767
yadI_predicted,0.16666666666666666,5,5,CTATTGGTTGAAGACACCTG,0,4317962
yadI_predicted,0.16666666666666666,5,5,CTATGCGGTGGGTCCGACTT,0,4306090
yadI_predicted,0.16666666666666666,5,5,CTATGACGAGATCCTGCTCC,0,4344079
yadI_predicted,0.16666666666666666,5,5,CTATGACGACGTACGCGTAG,0,4333152
yadI_predicted,0.16666666666666666,5,5,CTATCCCCGCCTTCGTAGCT,0,4302404
yadI_predicted,0.16666666666666666,5,5,CTAGTTGGCGGTCCATTTTA,0,4323048
yadI_predicted,0.16666666666666666,5,5,CTAGTGGCTATGCTAAATCT,0,4290995
yadI_predicted,0.16666666666666666,5,5,CTAGGTTATCCATGTCCGAG,0,4331331
yadI_predicted,0.16666666666666666,5,5,CTAGGGCCTAAAGGTGTCTA,0,4342278
yadI_predicted,0.16666666666666666,5,5,CTAGCTGAGACCGTGTATTG,0,4354744
yadI_predicted,0.16666666666666666,5,5,CTAGCGCTTTCAAAGTAATG,0,4307942
yadI_predicted,0.16666666666666666,5,5,CTAGCATCATTCCGTTCCCT,0,4314923
yadI_predicted,0.16666666666666666,5,5,CTAGCAATCAGGCAGTTCTG,0,4354388
yadI_predicted,0.16666666666666666,5,5,CTACTGAGCACAATACTGGT,0,4297723
yadI_predicted,0.16666666666666666,5,5,CTACGGCGGCTACTCTGTTT,0,4338687
yadI_predicted,0.16666666666666666,5,5,CTAATGTTATGAAAACACAT,0,4327348
yadI_predicted,0.16666666666666666,5,5,CTAATGTCCGCTACATTATG,0,4350421
yadI_predicted,0.16666666666666666,5,5,CTAATGCCCAAGGAACCCTT,0,4298102
yadI_predicted,0.16666666666666666,5,5,CTAATATTCGAATCTTTGAT,0,4336012
yadI_predicted,0.16666666666666666,5,5,CTAATAATCGTTTCTGGAAT,0,4305653
yadI_predicted,0.16666666666666666,5,5,CTAAGTTCCACAGAACACTT,0,4354537
yadI_predicted,0.16666666666666666,5,5,CTAAGGGTCAATCGGCTCCA,0,4318489
yadI_predicted,0.16666666666666666,5,5,CTAAGGGTCAAATTTTGGCC,0,4364232
yadI_predicted,0.16666666666666666,5,5,CTAAGGATGGGCGCTTCACA,0,4309668
yadI_predicted,0.16666666666666666,5,5,CTAAGAGAAGACAGTCTTAT,0,4309113
yadI_predicted,0.16666666666666666,5,5,CTAACATATGAAAGTTCGAA,0,4299131
yadI_predicted,0.16666666666666666,5,5,CTAAACCCAATGTTAGGAAA,0,4321033
yadI_predicted,0.16666666666666666,5,5,CTAAACCATGGTACATCCTC,0,4288708
yadI_predicted,0.16666666666666666,5,5,CTAAAACCGTGCGCAGAGAT,0,4317760
yadI_predicted,0.16666666666666666,5,5,CGTTTAGTTTATGAACAAGA,0,4354167
yadI_predicted,0.16666666666666666,5,5,CGTTTACAGCGGAGTCGGCC,0,4348195
yadI_predicted,0.16666666666666666,5,5,CGTTGTCGTAGTATCTGGCT,0,4330516
yadI_predicted,0.16666666666666666,5,5,CGTTCTCTCTCTATCCGGGC,0,4356712
yadI_predicted,0.16666666666666666,5,5,CGTTCTCACTTAGATACTCC,0,4326240
yadI_predicted,0.16666666666666666,5,5,CGTTCTAGATGAGTAGGAGT,0,4367802
yadI_predicted,0.16666666666666666,5,5,CGTTACTTTCAGCGAATCTC,0,4321917
yadI_predicted,0.16666666666666666,5,5,CGTGTTCGACCTGTGACTGG,0,4352127
yadI_predicted,0.16666666666666666,5,5,CGTGTGTGTTCTGCGCGCGG,0,4315156
yadI_predicted,0.16666666666666666,5,5,CGTGTGAGGGTAGGTTATAC,0,4298246
yadI_predicted,0.16666666666666666,5,5,CGTGTCCCGTTCGGCCATGA,0,4311880
yadI_predicted,0.16666666666666666,5,5,CGTGGTCATACAGGGCCTAA,0,4342063
yadI_predicted,0.16666666666666666,5,5,CGTGGGCCAACCTGAGCGAG,0,4307345
yadI_predicted,0.16666666666666666,5,5,CGTGGCGCTGGGCGAACGCA,0,4360593
yadI_predicted,0.16666666666666666,5,5,CGTGCGTGCTGTGACAGACC,0,4309977
yadI_predicted,0.16666666666666666,5,5,CGTCTTGTTCGGTGGAGGGT,0,4364141
yadI_predicted,0.16666666666666666,5,5,CGTCTCACCAGCGTATATTA,0,4344254
yadI_predicted,0.16666666666666666,5,5,CGTCGTAGGAAAAGAGGACT,0,4302322
yadI_predicted,0.16666666666666666,5,5,CGTCGGGCCTCAGGGGTCCA,0,4309612
yadI_predicted,0.16666666666666666,5,5,CGTCGCTCCAAAAACTGCTC,0,4285306
yadI_predicted,0.16666666666666666,5,5,CGTCCCCGTCAAATCAGTCC,0,4351289
yadI_predicted,0.16666666666666666,5,5,CGTCAGGGAACCAGATGACG,0,4299641
yadI_predicted,0.16666666666666666,5,5,CGTACTTCTCTCAGTAATGG,0,4326311
yadI_predicted,0.16666666666666666,5,5,CGTAATACAACCAATAACTG,0,4351256
yadI_predicted,0.16666666666666666,5,5,CGTAAGCGTCACATTAATGT,0,4350945
yadI_predicted,0.16666666666666666,5,5,CGTAAGAGGTATGTGGACAA,0,4321138
yadI_predicted,0.16666666666666666,5,5,CGTAACGCCCGAGGGGGAGC,0,4320661
yadI_predicted,0.16666666666666666,5,5,CGGTTTTTTTGAATCACCGA,0,4294621
yadI_predicted,0.16666666666666666,5,5,CGGTTTTAACTCCGTTCCAA,0,4327729
yadI_predicted,0.16666666666666666,5,5,CGGTGATGACATGTTTAAGG,0,4360008
yadI_predicted,0.16666666666666666,5,5,CGGTCTAATGCTGGGTTTAA,0,4309203
yadI_predicted,0.16666666666666666,5,5,CGGTCGGGTTAGCTCCTTGA,0,4284705
yadI_predicted,0.16666666666666666,5,5,CGGTAGAGCGGTACCCGAGG,0,4310532
yadI_predicted,0.16666666666666666,5,5,CGGGTATCACAAATCGGTTT,0,4296182
yadI_predicted,0.16666666666666666,5,5,CGGGTAGTAGCTCGTCATTC,0,4310307
yadI_predicted,0.16666666666666666,5,5,CGGGTACCGAAAGTCTGAAA,0,4350282
yadI_predicted,0.16666666666666666,5,5,CGGGGTCTCCAGGTACCTGC,0,4290253
yadI_predicted,0.16666666666666666,5,5,CGGGGCTGCGCCAGCAGACG,0,4364172
yadI_predicted,0.16666666666666666,5,5,CGGGGAGGGTGATATGTCAG,0,4369850
yadI_predicted,0.16666666666666666,5,5,CGGGCGGGGGCTCTCAGATC,0,4368580
yadI_predicted,0.16666666666666666,5,5,CGGGATTATGAAGTCAAGAA,0,4318127
yadI_predicted,0.16666666666666666,5,5,CGGGACTCCAGCCGGTTAGA,0,4286588
yadI_predicted,0.16666666666666666,5,5,CGGGACAGGGTGCAGAACCT,0,4326314
yadI_predicted,0.16666666666666666,5,5,CGGGAACACCCTGGTGTATT,0,4331129
yadI_predicted,0.16666666666666666,5,5,CGGGAAAATGGTACGGGCGA,0,4347156
yadI_predicted,0.16666666666666666,5,5,CGGCGCGTGTTAAAACACGC,0,4367564
yadI_predicted,0.16666666666666666,5,5,CGGCCCTAAACAGAGGAGGC,0,4369135
yadI_predicted,0.16666666666666666,5,5,CGGCATCTCCGACACACTGT,0,4354345
yadI_predicted,0.16666666666666666,5,5,CGGATCCGTCCTCCTCCGGC,0,4347147
yadI_predicted,0.16666666666666666,5,5,CGGATACCGCGTTGGTCTAA,0,4362558
yadI_predicted,0.16666666666666666,5,5,CGGAGAACATAATTCTCGAC,0,4294262
yadI_predicted,0.16666666666666666,5,5,CGGACGTGCGGATTTTTCCA,0,4360481
yadI_predicted,0.16666666666666666,5,5,CGGACCGACCCGACGTTCCG,0,4303243
yadI_predicted,0.16666666666666666,5,5,CGGACAAAACCTCGTAGGGC,0,4338425
yadI_predicted,0.16666666666666666,5,5,CGGAACCCGACCAGATTTTA,0,4346534
yadI_predicted,0.16666666666666666,5,5,CGGAAAATCCCATTTGCTTC,0,4338333
yadI_predicted,0.16666666666666666,5,5,CGCTTGACCTCATTTAGTAG,0,4313164
yadI_predicted,0.16666666666666666,5,5,CGCTGTGCTGCGGGTGCATG,0,4317589
yadI_predicted,0.16666666666666666,5,5,CGCTGAGGATAAGTTACCTT,0,4357668
yadI_predicted,0.16666666666666666,5,5,CGCTCTTTCGCCTCTTATCA,0,4312300
yadI_predicted,0.16666666666666666,5,5,CGCTCCAGGAATTAGTACCC,0,4335316
yadI_predicted,0.16666666666666666,5,5,CGCTACCATCTATTGCGAAT,0,4293604
yadI_predicted,0.16666666666666666,5,5,CGCTACACGTCAGGCATTAA,0,4319236
yadI_predicted,0.16666666666666666,5,5,CGCGTCTAACGGGTTATGGG,0,4359290
yadI_predicted,0.16666666666666666,5,5,CGCGTCAAGTAAGTGCAGCT,0,4340507
yadI_predicted,0.16666666666666666,5,5,CGCGGTAAGTTCGCCACTCG,0,4331004
yadI_predicted,0.16666666666666666,5,5,CGCGGGATATCTATTTAACT,0,4312717
yadI_predicted,0.16666666666666666,5,5,CGCCTCGACTCTGGGAGTGC,0,4295945
yadI_predicted,0.16666666666666666,5,5,CGCCGTCGCTGGGCGTTCAA,0,4354390
yadI_predicted,0.16666666666666666,5,5,CGCCGATAGTCTTGTTGACA,0,4291249
yadI_predicted,0.16666666666666666,5,5,CGCCGACCGGCCACCTCTGC,0,4368498
yadI_predicted,0.16666666666666666,5,5,CGCCCCGCGTATGTGTGTGA,0,4367954
yadI_predicted,0.16666666666666666,5,5,CGCCATGTTAAGGGGATGCG,0,4346262
yadI_predicted,0.16666666666666666,5,5,CGCCAGGTAAATCCTCGGGC,0,4334201
yadI_predicted,0.16666666666666666,5,5,CGCCACGTGGTGTCATTCAT,0,4336967
yadI_predicted,0.16666666666666666,5,5,CGCATGATTATCAGGCACGT,0,4298774
yadI_predicted,0.16666666666666666,5,5,CGCATGAGCGACGGTAGATG,0,4354882
yadI_predicted,0.16666666666666666,5,5,CGCATGAAAGAGTTACGAAT,0,4318608
yadI_predicted,0.16666666666666666,5,5,CGCATCCGATTGCATATGAT,0,4365164
yadI_predicted,0.16666666666666666,5,5,CGCATATCTAACCGCTCTTT,0,4359832
yadI_predicted,0.16666666666666666,5,5,CGCACACCGCAATAAAGGAA,0,4319255
yadI_predicted,0.16666666666666666,5,5,CGCAAAGGCAACAGTCCGCG,0,4335730
yadI_predicted,0.16666666666666666,5,5,CGATTCGTTGTTATGCCACC,0,4366571
yadI_predicted,0.16666666666666666,5,5,CGATGGGCCTAATTGCCAGA,0,4285475
yadI_predicted,0.16666666666666666,5,5,CGATGGAAATGAGCTGGGGA,0,4290938
yadI_predicted,0.16666666666666666,5,5,CGATGCGCGAACCTCTCAAT,0,4363040
yadI_predicted,0.16666666666666666,5,5,CGATGCAAGTCCCCCTCCCC,0,4295880
yadI_predicted,0.16666666666666666,5,5,CGATCTCATTTAGGCGTATT,0,4337204
yadI_predicted,0.16666666666666666,5,5,CGATCGCGCAGGGTGTTAGC,0,4334042
yadI_predicted,0.16666666666666666,5,5,CGATAAATATGGTAACTTGA,0,4311055
yadI_predicted,0.16666666666666666,5,5,CGAGTTTTGACTGGTATGTA,0,4331637
yadI_predicted,0.16666666666666666,5,5,CGAGTTCTGAGTCTAGGAGG,0,4364274
yadI_predicted,0.16666666666666666,5,5,CGAGTCAGAAACTCTACTTG,0,4338354
yadI_predicted,0.16666666666666666,5,5,CGAGGGTTGCTGTTCACATA,0,4322605
yadI_predicted,0.16666666666666666,5,5,CGAGGCGCTGCCTGATTTCT,0,4301101
yadI_predicted,0.16666666666666666,5,5,CGAGGCCAAATGTGATTAGT,0,4331917
yadI_predicted,0.16666666666666666,5,5,CGAGCCTTATCTATTGCTTG,0,4324043
yadI_predicted,0.16666666666666666,5,5,CGAGAGTACTGCTGGACTTC,0,4354797
yadI_predicted,0.16666666666666666,5,5,CGACTTCCTAGGAGATTCTG,0,4322413
yadI_predicted,0.16666666666666666,5,5,CGACTCTGAACCGCAGTATA,0,4366479
yadI_predicted,0.16666666666666666,5,5,CGACGGTGAGTTGCAATGCA,0,4369073
yadI_predicted,0.16666666666666666,5,5,CGACGCCTGCTGCTATAAGT,0,4336669
yadI_predicted,0.16666666666666666,5,5,CGACCCACTTCTGACATCCC,0,4363220
yadI_predicted,0.16666666666666666,5,5,CGACCAGGAGATCTCAGTCT,0,4310057
yadI_predicted,0.16666666666666666,5,5,CGACAGTATGCTTAGGCGGC,0,4333173
yadI_predicted,0.16666666666666666,5,5,CGACAGTAACTAATTACGTG,0,4315152
yadI_predicted,0.16666666666666666,5,5,CGACAGCAGCGGCCGTTGAT,0,4328253
yadI_predicted,0.16666666666666666,5,5,CGACACAGGCACCAAATCTT,0,4304954
yadI_predicted,0.16666666666666666,5,5,CGAATTTGTGGGGGTAACTT,0,4335210
yadI_predicted,0.16666666666666666,5,5,CGAATGGTATACAATCGTCG,0,4330812
yadI_predicted,0.16666666666666666,5,5,CGAATCAGTCGTTGGTGTGG,0,4329553
yadI_predicted,0.16666666666666666,5,5,CGAAGTGGGGCACGCGGTCA,0,4313174
yadI_predicted,0.16666666666666666,5,5,CGAAGTCCCAATCAGACTGT,0,4364455
yadI_predicted,0.16666666666666666,5,5,CGAAGATGGCCTCAGGCAAC,0,4364326
yadI_predicted,0.16666666666666666,5,5,CCTTTAGATCACATCATGTG,0,4346550
yadI_predicted,0.16666666666666666,5,5,CCTTGCGATTTTTAGGCTAG,0,4355233
yadI_predicted,0.16666666666666666,5,5,CCTTGCCCCGCTGAGCTTTT,0,4348502
yadI_predicted,0.16666666666666666,5,5,CCTTCTTAACTTGCTAACGA,0,4316166
yadI_predicted,0.16666666666666666,5,5,CCTTCGGTGTAATTTGAGGA,0,4351079
yadI_predicted,0.16666666666666666,5,5,CCTTCCTGTCTATCGTGGGA,0,4287792
yadI_predicted,0.16666666666666666,5,5,CCTTCCAAATCCCGTGGCAT,0,4357563
yadI_predicted,0.16666666666666666,5,5,CCTTAAAGGTTAGATAGAAT,0,4364461
yadI_predicted,0.16666666666666666,5,5,CCTGTTACCGTGGGGTCGGA,0,4306874
yadI_predicted,0.16666666666666666,5,5,CCTGTCCATCCGTAGCTCTT,0,4305709
yadI_predicted,0.16666666666666666,5,5,CCTGTAGATAAGTAACAACT,0,4311672
yadI_predicted,0.16666666666666666,5,5,CCTGTAATTCTCAGCGTACT,0,4314670
yadI_predicted,0.16666666666666666,5,5,CCTGTAAGCGCCACTCTTTG,0,4295394
yadI_predicted,0.16666666666666666,5,5,CCTGCTTGAATTTATTTTTA,0,4355964
yadI_predicted,0.16666666666666666,5,5,CCTGCGGTTGGCCGTATGAC,0,4286711
yadI_predicted,0.16666666666666666,5,5,CCTGATCCGCGACAGCTCGA,0,4351181
yadI_predicted,0.16666666666666666,5,5,CCTGAACGAGAAGCACAGGG,0,4332127
yadI_predicted,0.16666666666666666,5,5,CCTCGAGTCGTAGGGACCCG,0,4351864
yadI_predicted,0.16666666666666666,5,5,CCTCGAGCCAATTTCGCTAA,0,4310892
yadI_predicted,0.16666666666666666,5,5,CCTCGACCTCGAATCGGGTT,0,4350684
yadI_predicted,0.16666666666666666,5,5,CCTATAGCCTCTGAAGAACC,0,4300055
yadI_predicted,0.16666666666666666,5,5,CCTAGGAGAGCCAGGTGAGG,0,4347498
yadI_predicted,0.16666666666666666,5,5,CCTAGAGACGTCAACACACG,0,4323513
yadI_predicted,0.16666666666666666,5,5,CCTACTCATGGACGACAGCA,0,4316104
yadI_predicted,0.16666666666666666,5,5,CCTAACTCAAGCGGCAGCTG,0,4288900
yadI_predicted,0.16666666666666666,5,5,CCTAACGAGCAGAGCTCTGC,0,4329114
yadI_predicted,0.16666666666666666,5,5,CCGTTTACTGATCTCATGTA,0,4327908
yadI_predicted,0.16666666666666666,5,5,CCGTTGGTGGCGCGCTGCCT,0,4317853
yadI_predicted,0.16666666666666666,5,5,CCGTTGCGGGTAAAAAGGAA,0,4343411
yadI_predicted,0.16666666666666666,5,5,CCGTGTGTTGACGGCTCCGT,0,4363600
yadI_predicted,0.16666666666666666,5,5,CCGTGTAGTTTCAGCGTCAT,0,4335560
yadI_predicted,0.16666666666666666,5,5,CCGTGGGCGCAAAGAGGGCA,0,4323303
yadI_predicted,0.16666666666666666,5,5,CCGTGCAGATATGTGGCTAG,0,4361653
yadI_predicted,0.16666666666666666,5,5,CCGTGAAGTGCCTTGAACAT,0,4344484
yadI_predicted,0.16666666666666666,5,5,CCGTCTCCTACTACATACGG,0,4352973
yadI_predicted,0.16666666666666666,5,5,CCGTCTCACAGGTCAAGGGC,0,4317896
yadI_predicted,0.16666666666666666,5,5,CCGTCGTCATTTATAATTCT,0,4304979
yadI_predicted,0.16666666666666666,5,5,CCGTCGAACCGATGGTTAGA,0,4330851
yadI_predicted,0.16666666666666666,5,5,CCGTCAATCTGGATCATCGT,0,4291391
yadI_predicted,0.16666666666666666,5,5,CCGTATGACAGGCAAGCCTA,0,4332721
yadI_predicted,0.16666666666666666,5,5,CCGTATCCTCTTGGTTGGGT,0,4298743
yadI_predicted,0.16666666666666666,5,5,CCGTACACCTACTTTCTGGA,0,4302576
yadI_predicted,0.16666666666666666,5,5,CCGTAACCGTCATTCACCCC,0,4317849
yadI_predicted,0.16666666666666666,5,5,CCGGTTGGCGGGCCATTAAT,0,4344346
yadI_predicted,0.16666666666666666,5,5,CCGGTTGACCTCGCAACTGC,0,4305596
yadI_predicted,0.16666666666666666,5,5,CCGGTGCCCGTATATAGTGC,0,4305432
yadI_predicted,0.16666666666666666,5,5,CCGGGCGGTCAACGTTAATA,0,4368193
yadI_predicted,0.16666666666666666,5,5,CCGGGATGATTTTGGGTCCG,0,4353516
yadI_predicted,0.16666666666666666,5,5,CCGGGAGGGTACAAGATATG,0,4311818
yadI_predicted,0.16666666666666666,5,5,CCGGCTTGCTCATGGGTTTC,0,4287137
yadI_predicted,0.16666666666666666,5,5,CCGGCTGGCTCAGCAATGTA,0,4346578
yadI_predicted,0.16666666666666666,5,5,CCGGCGGTACATTCTAAACG,0,4290428
yadI_predicted,0.16666666666666666,5,5,CCGGCGCATTCTCCACCTCA,0,4292278
yadI_predicted,0.16666666666666666,5,5,CCGCGCCGCGTTTCAGCTGG,0,4353824
yadI_predicted,0.16666666666666666,5,5,CCGCATTCGAGCCCTAAACT,0,4296630
yadI_predicted,0.16666666666666666,5,5,CCGCACTAAAGCTGTGAAGA,0,4287777
yadI_predicted,0.16666666666666666,5,5,CCGCACACGTGGAACGGTAA,0,4324241
yadI_predicted,0.16666666666666666,5,5,CCGATTATTGAATGAATGAA,0,4327818
yadI_predicted,0.16666666666666666,5,5,CCGATGTCCAAAGGTTCCTT,0,4347901
yadI_predicted,0.16666666666666666,5,5,CCGAGTCCGGCTTAAGCCTG,0,4349401
yadI_predicted,0.16666666666666666,5,5,CCGAAAGTATGAAATCTGGC,0,4346855
yadI_predicted,0.16666666666666666,5,5,CCCTGTTATGGTATAAAGCG,0,4350073
yadI_predicted,0.16666666666666666,5,5,CCCTGTCCGGGGTTAAAAAC,0,4315680
yadI_predicted,0.16666666666666666,5,5,CCCTGACCACAGCCCAAAAA,0,4299866
yadI_predicted,0.16666666666666666,5,5,CCCTCTGACACGTGTTCTGT,0,4341974
yadI_predicted,0.16666666666666666,5,5,CCCTAATTGGAAGGTTTAGA,0,4291125
yadI_predicted,0.16666666666666666,5,5,CCCGTTGAACTCCTTCCGAG,0,4288819
yadI_predicted,0.16666666666666666,5,5,CCCGGATTTCATCTGGTCGT,0,4317491
yadI_predicted,0.16666666666666666,5,5,CCCGCTCCGTAAATCAGGCG,0,4292950
yadI_predicted,0.16666666666666666,5,5,CCCGCTAGAAGGCCATAGAC,0,4351959
yadI_predicted,0.16666666666666666,5,5,CCCGCCCAGCCTCCGACGAA,0,4368003
yadI_predicted,0.16666666666666666,5,5,CCCGAGTTAGCACAATTAGT,0,4285956
yadI_predicted,0.16666666666666666,5,5,CCCGACTTGAGCCGTGTGAC,0,4369698
yadI_predicted,0.16666666666666666,5,5,CCCCTGATGTAATCTCCACA,0,4347070
yadI_predicted,0.16666666666666666,5,5,CCCCGAGCGGGCGCATCTAC,0,4284618
yadI_predicted,0.16666666666666666,5,5,CCCCCTGCCTAAGGTACACG,0,4342400
yadI_predicted,0.16666666666666666,5,5,CCCCCGTCGCAGAGCGACCA,0,4336847
yadI_predicted,0.16666666666666666,5,5,CCCCCGAAGGATACTACTAC,0,4300766
yadI_predicted,0.16666666666666666,5,5,CCCCATGCTCTGTATGGGCG,0,4337664
yadI_predicted,0.16666666666666666,5,5,CCCCAGTCGGAGTGGCTCCA,0,4302859
yadI_predicted,0.16666666666666666,5,5,CCCCAGACCCGGACGGTGCC,0,4349695
yadI_predicted,0.16666666666666666,5,5,CCCCAATGCACACGGACAAA,0,4309622
yadI_predicted,0.16666666666666666,5,5,CCCATCCGGGCTGGCGTACT,0,4352303
yadI_predicted,0.16666666666666666,5,5,CCCAGGTTTCGTATCTACGC,0,4323615
yadI_predicted,0.16666666666666666,5,5,CCCAGAAACAATATGTGTAC,0,4324586
yadI_predicted,0.16666666666666666,5,5,CCCAAGTGTAGCGCTTGGAA,0,4355487
yadI_predicted,0.16666666666666666,5,5,CCCAAGACGCAAATAAGGAT,0,4295188
yadI_predicted,0.16666666666666666,5,5,CCATTTAGAGCACGCGATGC,0,4287785
yadI_predicted,0.16666666666666666,5,5,CCATTAGGTTAACCATGATC,0,4335482
yadI_predicted,0.16666666666666666,5,5,CCATGATGTCACGAGATTGC,0,4343085
yadI_predicted,0.16666666666666666,5,5,CCATCGATGAACAGTGGAGA,0,4363411
yadI_predicted,0.16666666666666666,5,5,CCATCGAGTAGCAGACGTTA,0,4293984
yadI_predicted,0.16666666666666666,5,5,CCAGGTTTACTTTCGCACTC,0,4319336
yadI_predicted,0.16666666666666666,5,5,CCAGGTCGCGTGGCAATTCT,0,4318826
yadI_predicted,0.16666666666666666,5,5,CCAGGGTTGTTCCGTCCGCC,0,4310891
yadI_predicted,0.16666666666666666,5,5,CCAGGGCATTCCGTGGGTAG,0,4353127
yadI_predicted,0.16666666666666666,5,5,CCAGCCGCTCGTGATCAAGT,0,4285961
yadI_predicted,0.16666666666666666,5,5,CCAGCAGCGGCTTGTACAAA,0,4348150
yadI_predicted,0.16666666666666666,5,5,CCACCTGGAAGTTCTCGGGA,0,4303293
yadI_predicted,0.16666666666666666,5,5,CCACCTGCCGTAGCGGACTT,0,4365120
yadI_predicted,0.16666666666666666,5,5,CCACCTGAGGACGGGTAGGG,0,4351845
yadI_predicted,0.16666666666666666,5,5,CCACAGGTTCAGAGGCCTCG,0,4327539
yadI_predicted,0.16666666666666666,5,5,CCAATTACGGGATGCACAAT,0,4353139
yadI_predicted,0.16666666666666666,5,5,CCAATGTTTTAATTTGGCCA,0,4335991
yadI_predicted,0.16666666666666666,5,5,CCAATCGCAAGGGACGCTCC,0,4328989
yadI_predicted,0.16666666666666666,5,5,CCAATAAGCTCGCTGATCAT,0,4304992
yadI_predicted,0.16666666666666666,5,5,CCAAGGTCTCGCTATTGCCA,0,4345181
yadI_predicted,0.16666666666666666,5,5,CCAAGACTCGGGCACTGGTA,0,4343597
yadI_predicted,0.16666666666666666,5,5,CCAAAATAGAGGCACGTCTA,0,4294307
yadI_predicted,0.16666666666666666,5,5,CCAAAAGGAGCTATCAAGGA,0,4369383
yadI_predicted,0.16666666666666666,5,5,CATTTTGTACGGTTCCCACC,0,4353768
yadI_predicted,0.16666666666666666,5,5,CATTTGTGCAATAGTAGCCT,0,4358126
yadI_predicted,0.16666666666666666,5,5,CATTTCTGAGGCGGCAGATT,0,4342331
yadI_predicted,0.16666666666666666,5,5,CATTTCGTTGAGTTGGGCTG,0,4290290
yadI_predicted,0.16666666666666666,5,5,CATTGACTGACTGCCATATA,0,4294383
yadI_predicted,0.16666666666666666,5,5,CATTAGGTCTTTTGCCAGGC,0,4293968
yadI_predicted,0.16666666666666666,5,5,CATTAAGGGATCTCCCTGGA,0,4348380
yadI_predicted,0.16666666666666666,5,5,CATGTTCAAAAAGGTCAGCT,0,4326560
yadI_predicted,0.16666666666666666,5,5,CATGTCGGCAGCGTTCCTGA,0,4288355
yadI_predicted,0.16666666666666666,5,5,CATGGTGGTACGCCTCCCGT,0,4301820
yadI_predicted,0.16666666666666666,5,5,CATGGATATATCGGCCCGTT,0,4346280
yadI_predicted,0.16666666666666666,5,5,CATGCACATGGCATGGCCAC,0,4337297
yadI_predicted,0.16666666666666666,5,5,CATGATTTGGGTGCAGTATA,0,4353157
yadI_predicted,0.16666666666666666,5,5,CATCTTTTCACTTGCTCTTG,0,4286151
yadI_predicted,0.16666666666666666,5,5,CATCTGTTAGAGTCATACCT,0,4337335
yadI_predicted,0.16666666666666666,5,5,CATCTGCCACACTATACCCA,0,4329097
yadI_predicted,0.16666666666666666,5,5,CATCTACTAGGTACCCTCAA,0,4358952
yadI_predicted,0.16666666666666666,5,5,CATCGGCAAATACATAGGCT,0,4348801
yadI_predicted,0.16666666666666666,5,5,CATCAAGGTGTGCGACGCTG,0,4291838
yadI_predicted,0.16666666666666666,5,5,CATATAGGGATAGCTCGACA,0,4295302
yadI_predicted,0.16666666666666666,5,5,CATATACCTCGATCTTTACT,0,4320282
yadI_predicted,0.16666666666666666,5,5,CATACTTGTTGGCGAAACGC,0,4336148
yadI_predicted,0.16666666666666666,5,5,CATACTAGGTAATGGGCAAG,0,4370062
yadI_predicted,0.16666666666666666,5,5,CATACGGGTTTCCAGACAAT,0,4353822
yadI_predicted,0.16666666666666666,5,5,CATACGGCACCAGTGTTCCA,0,4331283
yadI_predicted,0.16666666666666666,5,5,CATACCCCGAGGAACCCAGC,0,4300817
yadI_predicted,0.16666666666666666,5,5,CATAATCGTCAGTTCTTGTG,0,4335005
yadI_predicted,0.16666666666666666,5,5,CATAAGGGAATACCGCATTA,0,4364391
yadI_predicted,0.16666666666666666,5,5,CATAACGAGAGTCCATTCAT,0,4344576
yadI_predicted,0.16666666666666666,5,5,CAGTTTCGCAAATCGAGCGG,0,4334539
yadI_predicted,0.16666666666666666,5,5,CAGTGTCGAATCCGATCACC,0,4340743
yadI_predicted,0.16666666666666666,5,5,CAGTGGGAAGGGCACACCCG,0,4300195
yadI_predicted,0.16666666666666666,5,5,CAGTGATCCTATCAACCGCT,0,4351316
yadI_predicted,0.16666666666666666,5,5,CAGTCGTCCCCTGAGCATGC,0,4339774
yadI_predicted,0.16666666666666666,5,5,CAGTCCCTACTCCATCATGT,0,4322443
yadI_predicted,0.16666666666666666,5,5,CAGTCAGCAGCACCGAAAGG,0,4314272
yadI_predicted,0.16666666666666666,5,5,CAGTACAGGGATTTGAATAT,0,4292928
yadI_predicted,0.16666666666666666,5,5,CAGTAATCTCGATGGCCAGA,0,4303996
yadI_predicted,0.16666666666666666,5,5,CAGGTTTGAAGGGAAATTGT,0,4358975
yadI_predicted,0.16666666666666666,5,5,CAGGTCAGAATCGGGCAAGT,0,4338469
yadI_predicted,0.16666666666666666,5,5,CAGGTAGCCAGCTGCGGTAA,0,4368174
yadI_predicted,0.16666666666666666,5,5,CAGGGTAAAGTGACGGAAAG,0,4348937
yadI_predicted,0.16666666666666666,5,5,CAGGCTAGTTATCGCATCTC,0,4362227
yadI_predicted,0.16666666666666666,5,5,CAGGCCCTGATAAGTTTGTC,0,4349197
yadI_predicted,0.16666666666666666,5,5,CAGGAGGCACTCTACAAAGG,0,4285564
yadI_predicted,0.16666666666666666,5,5,CAGGAGATTCGGTGGTTTGT,0,4361789
yadI_predicted,0.16666666666666666,5,5,CAGGAATGGAATTAATAGTA,0,4298391
yadI_predicted,0.16666666666666666,5,5,CAGCTGCGATATAATGCGAC,0,4338931
yadI_predicted,0.16666666666666666,5,5,CAGCCTAGTCTTCCACTTAG,0,4314514
yadI_predicted,0.16666666666666666,5,5,CAGCATGAGCAGGAACGGGC,0,4296491
yadI_predicted,0.16666666666666666,5,5,CAGCAGCTCGATTGGGTCCT,0,4310274
yadI_predicted,0.16666666666666666,5,5,CAGATACCGTGTCTTTGTGC,0,4291809
yadI_predicted,0.16666666666666666,5,5,CAGAGGTACTATCATCCACT,0,4359588
yadI_predicted,0.16666666666666666,5,5,CAGACTTCTTTGGCTAGTAG,0,4312266
yadI_predicted,0.16666666666666666,5,5,CAGACTTCTCACGCGTGCCC,0,4344342
yadI_predicted,0.16666666666666666,5,5,CAGACTACTCCAGGCTACAA,0,4302937
yadI_predicted,0.16666666666666666,5,5,CAGACGCGTCAGTTACGGAA,0,4289182
yadI_predicted,0.16666666666666666,5,5,CAGACAAGCGGGCACTAAAG,0,4323461
yadI_predicted,0.16666666666666666,5,5,CAGAATTGGCATTCCATTCC,0,4288920
yadI_predicted,0.16666666666666666,5,5,CAGAATGAGACAGGGGGCCA,0,4343540
yadI_predicted,0.16666666666666666,5,5,CAGAACGGGACACCACCGTG,0,4354680
yadI_predicted,0.16666666666666666,5,5,CAGAAAACGCCGAATGGAAG,0,4361325
yadI_predicted,0.16666666666666666,5,5,CACTTCCTGGTGCTGCGCGC,0,4356598
yadI_predicted,0.16666666666666666,5,5,CACTGTTCTCGTTTCGTCCA,0,4360098
yadI_predicted,0.16666666666666666,5,5,CACTGTCCTGAAAGAGGCTA,0,4302578
yadI_predicted,0.16666666666666666,5,5,CACTCTTGGCGCTACCGGAA,0,4313534
yadI_predicted,0.16666666666666666,5,5,CACTCAGAGGATTAGGAACT,0,4344399
yadI_predicted,0.16666666666666666,5,5,CACTCAGACGTTAAAGGGAT,0,4365911
yadI_predicted,0.16666666666666666,5,5,CACTATTATGAAGAGCAGGA,0,4302782
yadI_predicted,0.16666666666666666,5,5,CACTATCGGGAAAAGGGAGT,0,4351268
yadI_predicted,0.16666666666666666,5,5,CACTAGGTTAAATACCGTAG,0,4308759
yadI_predicted,0.16666666666666666,5,5,CACTAGCAACCAACGGCAAT,0,4344599
yadI_predicted,0.16666666666666666,5,5,CACTACGACAAGTACCTTTT,0,4292962
yadI_predicted,0.16666666666666666,5,5,CACTAAACCAAAGACTCCGT,0,4313023
yadI_predicted,0.16666666666666666,5,5,CACGTAATCATTGAGCCCTT,0,4284612
yadI_predicted,0.16666666666666666,5,5,CACGGGCGTCGTCGTAGGAA,0,4294730
yadI_predicted,0.16666666666666666,5,5,CACGGAAGCAACTCAGAATC,0,4287741
yadI_predicted,0.16666666666666666,5,5,CACCCCCGGTCGGAGGCCTA,0,4345197
yadI_predicted,0.16666666666666666,5,5,CACCAAGGGATTATTATCGT,0,4295233
yadI_predicted,0.16666666666666666,5,5,CACATGGAGATATCAGTACG,0,4320688
yadI_predicted,0.16666666666666666,5,5,CACAGTTTGTGGTCCAGGCA,0,4359427
yadI_predicted,0.16666666666666666,5,5,CACACTAGGTCTTACGAGCG,0,4367910
yadI_predicted,0.16666666666666666,5,5,CACACGGACTCAGTAGCGGT,0,4294755
yadI_predicted,0.16666666666666666,5,5,CACACACAAAGATGTTGGGT,0,4297558
yadI_predicted,0.16666666666666666,5,5,CACAAGGTGGGTATTAAGAT,0,4296513
yadI_predicted,0.16666666666666666,5,5,CACAAGCAGCGCGCTCCCCT,0,4366417
yadI_predicted,0.16666666666666666,5,5,CACAACTTGTTGCTACGGAT,0,4285945
yadI_predicted,0.16666666666666666,5,5,CAATTGTGTCGATGTGTCTT,0,4310995
yadI_predicted,0.16666666666666666,5,5,CAATGCCCGCAGTGCACGGG,0,4319271
yadI_predicted,0.16666666666666666,5,5,CAATGACCTTCGTTAACATT,0,4325935
yadI_predicted,0.16666666666666666,5,5,CAATATTTTAGGCAGAGGCC,0,4338702
yadI_predicted,0.16666666666666666,5,5,CAAGTTGAGCAGCCTAGTAA,0,4349103
yadI_predicted,0.16666666666666666,5,5,CAAGTTCAATGCTGGTCTAG,0,4287950
yadI_predicted,0.16666666666666666,5,5,CAAGTCACGACCTCGGGGTA,0,4287556
yadI_predicted,0.16666666666666666,5,5,CAAGGTTCCCATAGGTGGAG,0,4308987
yadI_predicted,0.16666666666666666,5,5,CAAGGATCTCGAGGAATGCA,0,4314160
yadI_predicted,0.16666666666666666,5,5,CAAGGACGCACCGTTCGAGG,0,4285385
yadI_predicted,0.16666666666666666,5,5,CAAGCAGCTCTCGCACTCTC,0,4354874
yadI_predicted,0.16666666666666666,5,5,CAACTATCGCGGGGGCAGTG,0,4361468
yadI_predicted,0.16666666666666666,5,5,CAACGCTTGACCTGAGGAGA,0,4324002
yadI_predicted,0.16666666666666666,5,5,CAACCGTTGTCCAGAGAACG,0,4346601
yadI_predicted,0.16666666666666666,5,5,CAACCCTGACTTATTACACT,0,4284206
yadI_predicted,0.16666666666666666,5,5,CAACCAGGGTAGTCTTACGA,0,4351695
yadI_predicted,0.16666666666666666,5,5,CAACATTGCGAGACGGTGCA,0,4303430
yadI_predicted,0.16666666666666666,5,5,CAACACATAAAACGGTTAAT,0,4342242
yadI_predicted,0.16666666666666666,5,5,CAAATTATCGGAACTATATT,0,4309940
yadI_predicted,0.16666666666666666,5,5,CAAATAGCCCTAGCTGCTGG,0,4307133
yadI_predicted,0.16666666666666666,5,5,CAAACTGGAAAGCCGCTTGA,0,4298637
yadI_predicted,0.16666666666666666,5,5,ATTTTCTTGCTTCCATAACG,0,4315970
yadI_predicted,0.16666666666666666,5,5,ATTTTCTCTATCGGGAAGCC,0,4314365
yadI_predicted,0.16666666666666666,5,5,ATTTGATGAACCCTGTGCGG,0,4350110
yadI_predicted,0.16666666666666666,5,5,ATTTGAGTAGCGGCTTGGAG,0,4312892
yadI_predicted,0.16666666666666666,5,5,ATTTCAAACTTGAGCTTGTG,0,4339967
yadI_predicted,0.16666666666666666,5,5,ATTTATCAAACAGATGGGAG,0,4327232
yadI_predicted,0.16666666666666666,5,5,ATTTAGGTCAGGTTCTGGAA,0,4308517
yadI_predicted,0.16666666666666666,5,5,ATTTAACGATGCTTCTACGT,0,4350710
yadI_predicted,0.16666666666666666,5,5,ATTGGTATCAATTACGCACT,0,4318064
yadI_predicted,0.16666666666666666,5,5,ATTGGTAGGATGGTTTGTCG,0,4312183
yadI_predicted,0.16666666666666666,5,5,ATTGGCTCTTGTAGGTGGAT,0,4307685
yadI_predicted,0.16666666666666666,5,5,ATTGGAGCGATTCGTCTTTG,0,4333283
yadI_predicted,0.16666666666666666,5,5,ATTGGAAATTCCCGCCTCAG,0,4323357
yadI_predicted,0.16666666666666666,5,5,ATTGCTCAACTGTAGTGTAG,0,4295853
yadI_predicted,0.16666666666666666,5,5,ATTGCCACCAGCACAGCCCC,0,4356686
yadI_predicted,0.16666666666666666,5,5,ATTCTATATCCAGAGCCGAC,0,4366020
yadI_predicted,0.16666666666666666,5,5,ATTCCATTGGGGATCTCTGG,0,4286988
yadI_predicted,0.16666666666666666,5,5,ATTATTGTGCCGCGGAGGTT,0,4350071
yadI_predicted,0.16666666666666666,5,5,ATTAGCTAGCACAATGAGCA,0,4321946
yadI_predicted,0.16666666666666666,5,5,ATTAGCGAGCTAATTCCGAT,0,4332148
yadI_predicted,0.16666666666666666,5,5,ATTACTAGCATAAAGCACAC,0,4295510
yadI_predicted,0.16666666666666666,5,5,ATGTTTGCGCGATGAAATCA,0,4358560
yadI_predicted,0.16666666666666666,5,5,ATGTTTCCCTATCTCTGGGG,0,4314688
yadI_predicted,0.16666666666666666,5,5,ATGTTATTTGTGAGCAGCAG,0,4343568
yadI_predicted,0.16666666666666666,5,5,ATGTTATAGGAGGCATATGT,0,4325215
yadI_predicted,0.16666666666666666,5,5,ATGTGGGGTAAAATAGCTTA,0,4286373
yadI_predicted,0.16666666666666666,5,5,ATGTGCTACTTATATTGATA,0,4334641
yadI_predicted,0.16666666666666666,5,5,ATGTCTCAATGCTAGAAACC,0,4345334
yadI_predicted,0.16666666666666666,5,5,ATGTCTAGCATACTAGCAAA,0,4320096
yadI_predicted,0.16666666666666666,5,5,ATGTCGAGAGGGCGTACGTC,0,4346595
yadI_predicted,0.16666666666666666,5,5,ATGTCACTTCAATCTTATAC,0,4350393
yadI_predicted,0.16666666666666666,5,5,ATGTACCTAATCAGAACCAG,0,4329465
yadI_predicted,0.16666666666666666,5,5,ATGGTTGACTACACGCTAAC,0,4360835
yadI_predicted,0.16666666666666666,5,5,ATGGGTTAGCTAGGGCATTA,0,4322949
yadI_predicted,0.16666666666666666,5,5,ATGGGCAACCATATTAAATC,0,4309744
yadI_predicted,0.16666666666666666,5,5,ATGGCCGCTACATACGTGCG,0,4295403
yadI_predicted,0.16666666666666666,5,5,ATGGCAGTCGATTGGTCGCT,0,4321174
yadI_predicted,0.16666666666666666,5,5,ATGGACAAACAACGAGTGCA,0,4288893
yadI_predicted,0.16666666666666666,5,5,ATGGAATGTAGTAGACCCAT,0,4365241
yadI_predicted,0.16666666666666666,5,5,ATGGAAGAGGTGTCAACCCC,0,4302590
yadI_predicted,0.16666666666666666,5,5,ATGCTGATAGTACTGTAAGT,0,4307368
yadI_predicted,0.16666666666666666,5,5,ATGCGATTCATGATAAGCGT,0,4327693
yadI_predicted,0.16666666666666666,5,5,ATGCCGACGCCTCACATTCT,0,4355475
yadI_predicted,0.16666666666666666,5,5,ATGCCATACTTGGCCGCATG,0,4343209
yadI_predicted,0.16666666666666666,5,5,ATGCATGACCGTGGGAGGGT,0,4361679
yadI_predicted,0.16666666666666666,5,5,ATGCACGGTACCGGACACGA,0,4334561
yadI_predicted,0.16666666666666666,5,5,ATGCAATATAGGCAAGATCC,0,4310993
yadI_predicted,0.16666666666666666,5,5,ATGCAAAAGCTGATAGAGGT,0,4359519
yadI_predicted,0.16666666666666666,5,5,ATGATTTTAAGGATTAGTCT,0,4344915
yadI_predicted,0.16666666666666666,5,5,ATGATTCGGATGATTCATGT,0,4310759
yadI_predicted,0.16666666666666666,5,5,ATGATTCACTGGTTATATGA,0,4365172
yadI_predicted,0.16666666666666666,5,5,ATGATGAGATCGCCGTTGTG,0,4365763
yadI_predicted,0.16666666666666666,5,5,ATGATAAACCAAAGGAAGAT,0,4297899
yadI_predicted,0.16666666666666666,5,5,ATGAGGGGGGCAATCCCAAA,0,4354666
yadI_predicted,0.16666666666666666,5,5,ATGAGCGGGAGTATGGGGAA,0,4338068
yadI_predicted,0.16666666666666666,5,5,ATGACGGGTCACGCACCGCT,0,4321672
yadI_predicted,0.16666666666666666,5,5,ATGACCTTCCCCAAATCCGA,0,4308107
yadI_predicted,0.16666666666666666,5,5,ATGACCTTACAAGGTTCAAA,0,4338598
yadI_predicted,0.16666666666666666,5,5,ATGAACTAATGCTTAATTAT,0,4341048
yadI_predicted,0.16666666666666666,5,5,ATGAACAGTAGAGCGGGTTT,0,4331916
yadI_predicted,0.16666666666666666,5,5,ATCTTTTTAAGCTTGTTTCG,0,4321796
yadI_predicted,0.16666666666666666,5,5,ATCTTTGCATACGAGAGCGA,0,4289683
yadI_predicted,0.16666666666666666,5,5,ATCTTGTGATCAGTATCGTG,0,4364885
yadI_predicted,0.16666666666666666,5,5,ATCTTGCCTTCAGCATCACG,0,4296037
yadI_predicted,0.16666666666666666,5,5,ATCTTCAGACACTGAATGTC,0,4307317
yadI_predicted,0.16666666666666666,5,5,ATCTCTTCTCCTCCAGTAAC,0,4324189
yadI_predicted,0.16666666666666666,5,5,ATCTCTTATGTATTCCGTTA,0,4346634
yadI_predicted,0.16666666666666666,5,5,ATCTCTGAATATTGGCGAGC,0,4331085
yadI_predicted,0.16666666666666666,5,5,ATCTCGTTAAGGATAGTGAT,0,4307139
yadI_predicted,0.16666666666666666,5,5,ATCTCACGTCCAATGTTGGG,0,4352722
yadI_predicted,0.16666666666666666,5,5,ATCTACTTGTGCATAGGACT,0,4349107
yadI_predicted,0.16666666666666666,5,5,ATCTACGCGTGGTCTTCCAA,0,4346876
yadI_predicted,0.16666666666666666,5,5,ATCGTTTACGCGTTATCCGG,0,4298948
yadI_predicted,0.16666666666666666,5,5,ATCGTGAGTTGTGACGCGTG,0,4300571
yadI_predicted,0.16666666666666666,5,5,ATCGTCTTGAACTGAATTCC,0,4347433
yadI_predicted,0.16666666666666666,5,5,ATCGTCTGTCAGATGCATTA,0,4288323
yadI_predicted,0.16666666666666666,5,5,ATCGTCGCCAGCCACATCTA,0,4349617
yadI_predicted,0.16666666666666666,5,5,ATCGTAGTAGTCCCTAACTA,0,4358455
yadI_predicted,0.16666666666666666,5,5,ATCGTAGTAATACGTATATC,0,4319492
yadI_predicted,0.16666666666666666,5,5,ATCGGGGGAGAACGCTACCC,0,4316175
yadI_predicted,0.16666666666666666,5,5,ATCGGAACCGTGTAGAAATC,0,4294727
yadI_predicted,0.16666666666666666,5,5,ATCCTGTATTTGTGCTTTTA,0,4332542
yadI_predicted,0.16666666666666666,5,5,ATCCGGGTTCCTAATGCAAC,0,4285146
yadI_predicted,0.16666666666666666,5,5,ATCCGAGGTACCTACAATCA,0,4361135
yadI_predicted,0.16666666666666666,5,5,ATCCGAGCATTCAGCGATTG,0,4302745
yadI_predicted,0.16666666666666666,5,5,ATCCCGCAAGGCGAGGATGC,0,4288443
yadI_predicted,0.16666666666666666,5,5,ATCCCAACTTCTTCCCTCCT,0,4365250
yadI_predicted,0.16666666666666666,5,5,ATCCACGAAGTCTCATAAGG,0,4358089
yadI_predicted,0.16666666666666666,5,5,ATCATTTGGATAACGTTTCC,0,4305992
yadI_predicted,0.16666666666666666,5,5,ATCATGCTGCGTCGGACATA,0,4363272
yadI_predicted,0.16666666666666666,5,5,ATCAGGAATTTCGGCCCTAC,0,4338765
yadI_predicted,0.16666666666666666,5,5,ATCAGATTACGCGTTTAGAA,0,4352092
yadI_predicted,0.16666666666666666,5,5,ATCACGAGGATGAATTTCCT,0,4298928
yadI_predicted,0.16666666666666666,5,5,ATCACCACACCATATCAGCA,0,4285753
yadI_predicted,0.16666666666666666,5,5,ATCAATAGAAGTTGGCGGTC,0,4326318
yadI_predicted,0.16666666666666666,5,5,ATCAACAAAACGCTCGTTAT,0,4351757
yadI_predicted,0.16666666666666666,5,5,ATATTATTGGGGACACGGTC,0,4358572
yadI_predicted,0.16666666666666666,5,5,ATATGTGTGATTTCAACGTT,0,4296507
yadI_predicted,0.16666666666666666,5,5,ATATGTGATCGCCTCTCCGT,0,4352863
yadI_predicted,0.16666666666666666,5,5,ATATGTGAAAGGGTGAGCAT,0,4313530
yadI_predicted,0.16666666666666666,5,5,ATATGTAAGACACATTCTGG,0,4316816
yadI_predicted,0.16666666666666666,5,5,ATATCCTTCCTAAGCATCCC,0,4329950
yadI_predicted,0.16666666666666666,5,5,ATATCAGTTAGTGAAGGGTC,0,4338206
yadI_predicted,0.16666666666666666,5,5,ATATCAGGGGAGCACTGCCG,0,4361334
yadI_predicted,0.16666666666666666,5,5,ATATATTCATACATCAGAAA,0,4370013
yadI_predicted,0.16666666666666666,5,5,ATATAACTATATTTTGACTC,0,4320158
yadI_predicted,0.16666666666666666,5,5,ATAGTTATGATTTTAGTGCA,0,4368259
yadI_predicted,0.16666666666666666,5,5,ATAGGTATATCGTCCGCGAA,0,4313749
yadI_predicted,0.16666666666666666,5,5,ATAGGTAACATCTTTTGATC,0,4356498
yadI_predicted,0.16666666666666666,5,5,ATAGCAAGGTTGTAATGTAC,0,4318919
yadI_predicted,0.16666666666666666,5,5,ATAGAGTTGATTAATTTAAG,0,4322133
yadI_predicted,0.16666666666666666,5,5,ATACAGCGACCCTTCTGCCG,0,4356222
yadI_predicted,0.16666666666666666,5,5,ATACACAGGCATGAGATGCC,0,4319529
yadI_predicted,0.16666666666666666,5,5,ATACAAAGACGCTTGGGAGA,0,4343589
yadI_predicted,0.16666666666666666,5,5,ATAATTCTTGCTACGCAGGA,0,4291037
yadI_predicted,0.16666666666666666,5,5,ATAATTCCGGCGAAGTCGTA,0,4301872
yadI_predicted,0.16666666666666666,5,5,ATAATCAGATAAGACAGAGT,0,4294436
yadI_predicted,0.16666666666666666,5,5,ATAATAGTGGCCGATCGCGT,0,4328492
yadI_predicted,0.16666666666666666,5,5,ATAAGTTCCTGAAGTACCTG,0,4294929
yadI_predicted,0.16666666666666666,5,5,ATAAGGATCAATAAAGGCCA,0,4363182
yadI_predicted,0.16666666666666666,5,5,ATAAGCGGTTGAATGGAACC,0,4296179
yadI_predicted,0.16666666666666666,5,5,ATAAATTGATCCTGTCCTTC,0,4359510
yadI_predicted,0.16666666666666666,5,5,ATAAACCGACGCATGTTTTA,0,4302659
yadI_predicted,0.16666666666666666,5,5,AGTTCTCCAGGGACTCTTTC,0,4341196
yadI_predicted,0.16666666666666666,5,5,AGTTCTCAGGCCAATGCCGC,0,4289324
yadI_predicted,0.16666666666666666,5,5,AGTTCGTTTATTGACACAAC,0,4352375
yadI_predicted,0.16666666666666666,5,5,AGTTCGGTATCACACGACAC,0,4350939
yadI_predicted,0.16666666666666666,5,5,AGTTCGGGATGGGTAGCGAA,0,4301770
yadI_predicted,0.16666666666666666,5,5,AGTTCAGTTTCGTTGGGATG,0,4339326
yadI_predicted,0.16666666666666666,5,5,AGTTCAGATAGCTGTAATGT,0,4297954
yadI_predicted,0.16666666666666666,5,5,AGTTATCAATTAGCGACATC,0,4339432
yadI_predicted,0.16666666666666666,5,5,AGTTACGCGATTTTTCATAT,0,4321515
yadI_predicted,0.16666666666666666,5,5,AGTTACCAGAGCAGTTAGTT,0,4367141
yadI_predicted,0.16666666666666666,5,5,AGTTAAGACTCAGCCTAATT,0,4319240
yadI_predicted,0.16666666666666666,5,5,AGTGTTTCGCTCCTTAGACT,0,4345418
yadI_predicted,0.16666666666666666,5,5,AGTGTGATAGGTTGGCGACC,0,4284821
yadI_predicted,0.16666666666666666,5,5,AGTGTATGCGCTCGCATTGA,0,4302840
yadI_predicted,0.16666666666666666,5,5,AGTGTATCTGGCAATCGGGA,0,4301976
yadI_predicted,0.16666666666666666,5,5,AGTGTATACGACCTGAGGAC,0,4300566
yadI_predicted,0.16666666666666666,5,5,AGTGGTCTCTCAAATCGTTC,0,4322421
yadI_predicted,0.16666666666666666,5,5,AGTGGAAGCCCACCCCGGAT,0,4366474
yadI_predicted,0.16666666666666666,5,5,AGTGCATAGATCTTCACTTA,0,4284805
yadI_predicted,0.16666666666666666,5,5,AGTGCAGCGGTTATTCGGAC,0,4340529
yadI_predicted,0.16666666666666666,5,5,AGTGACAGGTCAACGGCATC,0,4361919
yadI_predicted,0.16666666666666666,5,5,AGTCTGCAAGGACGACGCTC,0,4365002
yadI_predicted,0.16666666666666666,5,5,AGTCTCTGACCGGTTAGTCC,0,4349892
yadI_predicted,0.16666666666666666,5,5,AGTCGTCCCCATTCACGGAT,0,4347620
yadI_predicted,0.16666666666666666,5,5,AGTCGTCCACTGGATGTGTG,0,4301545
yadI_predicted,0.16666666666666666,5,5,AGTCGGGCACTCGCACATCA,0,4347981
yadI_predicted,0.16666666666666666,5,5,AGTCGAGCACATCTACTCGA,0,4285877
yadI_predicted,0.16666666666666666,5,5,AGTCCGTCAGCGCTGATATA,0,4325831
yadI_predicted,0.16666666666666666,5,5,AGTCAACCAGGCCCGCAATT,0,4357057
yadI_predicted,0.16666666666666666,5,5,AGTATTTCGATCCGACCCAG,0,4313738
yadI_predicted,0.16666666666666666,5,5,AGTAGCGTCATTCCCCGTTT,0,4288621
yadI_predicted,0.16666666666666666,5,5,AGTACCCATGGGGCGCTAGA,0,4363448
yadI_predicted,0.16666666666666666,5,5,AGTAATGGGTAGAGAATTCC,0,4301052
yadI_predicted,0.16666666666666666,5,5,AGTAATCTTGAACTGCATAA,0,4341394
yadI_predicted,0.16666666666666666,5,5,AGTAATAAGACACGGACGTG,0,4324544
yadI_predicted,0.16666666666666666,5,5,AGTAAGAAGGTTCCCTAGAG,0,4356226
yadI_predicted,0.16666666666666666,5,5,AGTAACGTGTCCGCCCAATG,0,4366179
yadI_predicted,0.16666666666666666,5,5,AGGTTCAGTTATTAGGTAAT,0,4287261
yadI_predicted,0.16666666666666666,5,5,AGGTGTACGTTGCCTGGCAA,0,4313784
yadI_predicted,0.16666666666666666,5,5,AGGTGTAAAGCCGCCCAGCC,0,4294115
yadI_predicted,0.16666666666666666,5,5,AGGTGGTGACTGCATGACCG,0,4365597
yadI_predicted,0.16666666666666666,5,5,AGGTCCGCCACCACTCACAT,0,4298890
yadI_predicted,0.16666666666666666,5,5,AGGTATGGGCTGGGCGGTCG,0,4363760
yadI_predicted,0.16666666666666666,5,5,AGGTAGTGCGGGGGTCTGGG,0,4301188
yadI_predicted,0.16666666666666666,5,5,AGGGTATATCCCTAATGGCG,0,4324865
yadI_predicted,0.16666666666666666,5,5,AGGGGTTAGGTGTCATGGGG,0,4289906
yadI_predicted,0.16666666666666666,5,5,AGGGGCGGACATTGGTCTTT,0,4333660
yadI_predicted,0.16666666666666666,5,5,AGGGCGGACTGAGTCAGAAG,0,4338492
yadI_predicted,0.16666666666666666,5,5,AGGGCGCAGTTGGGGGAGAA,0,4322896
yadI_predicted,0.16666666666666666,5,5,AGGGATGGACGAATGGCTTC,0,4327554
yadI_predicted,0.16666666666666666,5,5,AGGGACCCGTTTATGGCATT,0,4347926
yadI_predicted,0.16666666666666666,5,5,AGGCTGGCCAGCAGCCTGGA,0,4347587
yadI_predicted,0.16666666666666666,5,5,AGGCTATGAGGTCCCTGATG,0,4344178
yadI_predicted,0.16666666666666666,5,5,AGGCGACGTTCATGACGAAA,0,4352032
yadI_predicted,0.16666666666666666,5,5,AGGCCTGACAACGAACGGGT,0,4336332
yadI_predicted,0.16666666666666666,5,5,AGGCCTAGTAAGTGCATCTT,0,4359487
yadI_predicted,0.16666666666666666,5,5,AGGCATCTATTTCCCCAGGG,0,4341932
yadI_predicted,0.16666666666666666,5,5,AGGCACCCTGTCTAAAAGTC,0,4323909
yadI_predicted,0.16666666666666666,5,5,AGGCAATTCCGTTACGGAAC,0,4330128
yadI_predicted,0.16666666666666666,5,5,AGGAGACGGTCAAGTTGGTA,0,4299987
yadI_predicted,0.16666666666666666,5,5,AGGAGAAAATAAAGATATCA,0,4287652
yadI_predicted,0.16666666666666666,5,5,AGGACTTGGGACGCCCGTTT,0,4305770
yadI_predicted,0.16666666666666666,5,5,AGGACTCAGTTTTTGCTTCA,0,4341284
yadI_predicted,0.16666666666666666,5,5,AGGACGTGTGATACCTTTAA,0,4346029
yadI_predicted,0.16666666666666666,5,5,AGGAAATCGTGAAAAACTTC,0,4335689
yadI_predicted,0.16666666666666666,5,5,AGGAAACGTCAACATCCTCA,0,4319034
yadI_predicted,0.16666666666666666,5,5,AGCTTAGAACAGTTAGGTTT,0,4329047
yadI_predicted,0.16666666666666666,5,5,AGCTCTGGAGAGTTATCAAT,0,4367604
yadI_predicted,0.16666666666666666,5,5,AGCTCTGAGACCAGGCAAGG,0,4309136
yadI_predicted,0.16666666666666666,5,5,AGCTCACACAGAGCTGATCC,0,4365442
yadI_predicted,0.16666666666666666,5,5,AGCTAATTCAGCTGGGATTG,0,4354499
yadI_predicted,0.16666666666666666,5,5,AGCGTGTATTGCAGAAGCCC,0,4294363
yadI_predicted,0.16666666666666666,5,5,AGCGTCTCAGTGCAAAATAG,0,4325247
yadI_predicted,0.16666666666666666,5,5,AGCGTAACCAAGAGGGCATC,0,4297994
yadI_predicted,0.16666666666666666,5,5,AGCGCCCGAACTTGATAGCC,0,4292149
yadI_predicted,0.16666666666666666,5,5,AGCGCCCCTCGAGCGAACTT,0,4347890
yadI_predicted,0.16666666666666666,5,5,AGCGAATGAAGGCGTATCAC,0,4297236
yadI_predicted,0.16666666666666666,5,5,AGCCGGGGGACGAACATATG,0,4334469
yadI_predicted,0.16666666666666666,5,5,AGCCCCCGAGTCTGATAACT,0,4342550
yadI_predicted,0.16666666666666666,5,5,AGCCATTCCAGCTCGTTGGC,0,4303646
yadI_predicted,0.16666666666666666,5,5,AGCCACAGTTGCTTGGCTGG,0,4288932
yadI_predicted,0.16666666666666666,5,5,AGCATGTAATTAGACAAACG,0,4290654
yadI_predicted,0.16666666666666666,5,5,AGCAGACCAGTATGGCGAAG,0,4344102
yadI_predicted,0.16666666666666666,5,5,AGCACTACTCTGACCGTCGC,0,4311252
yadI_predicted,0.16666666666666666,5,5,AGCACGGGATCAGACTTAGA,0,4354647
yadI_predicted,0.16666666666666666,5,5,AGCACCCAGATCGTAAGAGT,0,4306986
yadI_predicted,0.16666666666666666,5,5,AGCACACGCTCGGGCGGCTC,0,4322422
yadI_predicted,0.16666666666666666,5,5,AGCAAAGTTCAAAATGTCGG,0,4350707
yadI_predicted,0.16666666666666666,5,5,AGATTTGGCTGTTTATCCCG,0,4286466
yadI_predicted,0.16666666666666666,5,5,AGATTTCTAGCCATCTCGCC,0,4337691
yadI_predicted,0.16666666666666666,5,5,AGATTATTGCCAATCGCCCT,0,4351807
yadI_predicted,0.16666666666666666,5,5,AGATGTACTTTTGTGACAAA,0,4321776
yadI_predicted,0.16666666666666666,5,5,AGATGGTAGGATTGACGGGG,0,4366245
yadI_predicted,0.16666666666666666,5,5,AGATGGGATGTCAACCTCTG,0,4342509
yadI_predicted,0.16666666666666666,5,5,AGATGGAGCTACAGGTTGGA,0,4334071
yadI_predicted,0.16666666666666666,5,5,AGATGAGGTCAAACAGAAAT,0,4355390
yadI_predicted,0.16666666666666666,5,5,AGATCATGGCTAGTGGGATA,0,4297951
yadI_predicted,0.16666666666666666,5,5,AGATAGTATCGACACCCCTG,0,4324160
yadI_predicted,0.16666666666666666,5,5,AGATACCCTTTGACTTAACG,0,4343442
yadI_predicted,0.16666666666666666,5,5,AGAGTGGCTGATCAACAGCA,0,4326551
yadI_predicted,0.16666666666666666,5,5,AGAGTGGCGGTCCCACCTCT,0,4299753
yadI_predicted,0.16666666666666666,5,5,AGAGTCCCGTGAAATCGAAC,0,4312684
yadI_predicted,0.16666666666666666,5,5,AGAGCGGATCCCATTGTGAT,0,4364469
yadI_predicted,0.16666666666666666,5,5,AGAGCCATCCTGTGAACGGT,0,4358471
yadI_predicted,0.16666666666666666,5,5,AGAGATAGTCGTGGAAAATT,0,4307884
yadI_predicted,0.16666666666666666,5,5,AGAGACTCAGAAGCCTACTT,0,4319555
yadI_predicted,0.16666666666666666,5,5,AGACGTTCAACATTTGCGCT,0,4298680
yadI_predicted,0.16666666666666666,5,5,AGACGGGTTCGGCCCGTTGG,0,4365278
yadI_predicted,0.16666666666666666,5,5,AGACCATAGGAGCTCATGAG,0,4343938
yadI_predicted,0.16666666666666666,5,5,AGACACGACGCTCGGAAACC,0,4302606
yadI_predicted,0.16666666666666666,5,5,AGACACCAATTGGCAGTGGG,0,4355010
yadI_predicted,0.16666666666666666,5,5,AGACAATATTATACTCAAAA,0,4356653
yadI_predicted,0.16666666666666666,5,5,AGACAACATCCGCGCGCTCA,0,4288830
yadI_predicted,0.16666666666666666,5,5,AGAAGTAGTCGAGCAAGACG,0,4319878
yadI_predicted,0.16666666666666666,5,5,AGAAGCAATGCGGGCCAGCT,0,4355371
yadI_predicted,0.16666666666666666,5,5,AGAAGACTACGTGTGCAGAC,0,4336768
yadI_predicted,0.16666666666666666,5,5,AGAACCCTAGTTACACCCGC,0,4356428
yadI_predicted,0.16666666666666666,5,5,AGAACCCGTCTGAGGCAGAT,0,4360755
yadI_predicted,0.16666666666666666,5,5,AGAACCCGGATGACTGATCG,0,4326157
yadI_predicted,0.16666666666666666,5,5,AGAAAGGAAACCTCCAGTAT,0,4337064
yadI_predicted,0.16666666666666666,5,5,ACTTTCGGATCTCCGAGTCT,0,4338197
yadI_predicted,0.16666666666666666,5,5,ACTTTATCTAGTGGATCTTG,0,4349203
yadI_predicted,0.16666666666666666,5,5,ACTTTATCATCGATGGTGCG,0,4349778
yadI_predicted,0.16666666666666666,5,5,ACTTGATCGACAGCGTCGAG,0,4333394
yadI_predicted,0.16666666666666666,5,5,ACTTGAAGGTGTCCGTAGAC,0,4298929
yadI_predicted,0.16666666666666666,5,5,ACTTCTTGAAGGGTTTCTAT,0,4342136
yadI_predicted,0.16666666666666666,5,5,ACTTCTCGGGGATTAATCTA,0,4335447
yadI_predicted,0.16666666666666666,5,5,ACTTCGGCCTTCTCTTTCTG,0,4344091
yadI_predicted,0.16666666666666666,5,5,ACTTATGCGGAGGTCACGTA,0,4321383
yadI_predicted,0.16666666666666666,5,5,ACTTAGATGGTAAAGGGAGC,0,4362213
yadI_predicted,0.16666666666666666,5,5,ACTGTTGCCTCCTATGTCGC,0,4366774
yadI_predicted,0.16666666666666666,5,5,ACTGTCCTCTCATGTCAAGG,0,4333262
yadI_predicted,0.16666666666666666,5,5,ACTGGGGCGGCTGATGCGCC,0,4318682
yadI_predicted,0.16666666666666666,5,5,ACTGGCTACAAGAGACCGGG,0,4301788
yadI_predicted,0.16666666666666666,5,5,ACTGGCGTTAGCCTTGTGTA,0,4351453
yadI_predicted,0.16666666666666666,5,5,ACTGGCGACCCAGCTGCAAC,0,4308159
yadI_predicted,0.16666666666666666,5,5,ACTGGCCGGATAAGTGGGCA,0,4350618
yadI_predicted,0.16666666666666666,5,5,ACTGGCAGCATTATTCGAAA,0,4353811
yadI_predicted,0.16666666666666666,5,5,ACTGGATACGACACCAAGCA,0,4365933
yadI_predicted,0.16666666666666666,5,5,ACTGCTCAGTGTTCGCCACT,0,4338669
yadI_predicted,0.16666666666666666,5,5,ACTCGGCCCTGTTTCGGTCT,0,4320708
yadI_predicted,0.16666666666666666,5,5,ACTCGAGAAACTCTGGCCTA,0,4330269
yadI_predicted,0.16666666666666666,5,5,ACTCCTCAACGGCCGTGAGC,0,4284544
yadI_predicted,0.16666666666666666,5,5,ACTCCATCCTCCTGAAACCG,0,4321171
yadI_predicted,0.16666666666666666,5,5,ACTCCAGTCTAGTGCCGAGA,0,4321781
yadI_predicted,0.16666666666666666,5,5,ACTCATTATAGGAAACGTCA,0,4288890
yadI_predicted,0.16666666666666666,5,5,ACTCAGCGCTGTTCATCCAT,0,4317685
yadI_predicted,0.16666666666666666,5,5,ACTATAGAATCGCGGGTTTT,0,4325995
yadI_predicted,0.16666666666666666,5,5,ACTACATGCGAAGAAAGGAT,0,4325688
yadI_predicted,0.16666666666666666,5,5,ACTAACGGGACGCAATTATC,0,4324566
yadI_predicted,0.16666666666666666,5,5,ACTAACAATCCGCTAGGTGT,0,4322766
yadI_predicted,0.16666666666666666,5,5,ACGTTAGTGCTGTTGCGCGA,0,4307382
yadI_predicted,0.16666666666666666,5,5,ACGTGCCTAAACGGGTCGGG,0,4324778
yadI_predicted,0.16666666666666666,5,5,ACGTGCACCTCCATCATTAA,0,4365731
yadI_predicted,0.16666666666666666,5,5,ACGTGAGCCCCAGATGAGCG,0,4298116
yadI_predicted,0.16666666666666666,5,5,ACGTATTATGTTTATCAGCA,0,4289073
yadI_predicted,0.16666666666666666,5,5,ACGTAGTTTTTGGTAGTATT,0,4362057
yadI_predicted,0.16666666666666666,5,5,ACGTAAACGCGCCATAAGAC,0,4321321
yadI_predicted,0.16666666666666666,5,5,ACGGTTAATCCGATATTTCG,0,4354574
yadI_predicted,0.16666666666666666,5,5,ACGGTATGAGTTTCTCGATC,0,4367332
yadI_predicted,0.16666666666666666,5,5,ACGGTAGCTGTTCACCCGGG,0,4367461
yadI_predicted,0.16666666666666666,5,5,ACGGGAATGGTAAGCCTAAC,0,4336204
yadI_predicted,0.16666666666666666,5,5,ACGGGAAAGCACGCTTGAAA,0,4306647
yadI_predicted,0.16666666666666666,5,5,ACGCTGAACATATTGAGGGA,0,4350412
yadI_predicted,0.16666666666666666,5,5,ACGCTCACTGACTGATCGCT,0,4346339
yadI_predicted,0.16666666666666666,5,5,ACGCTAGATGAAACTGGTCC,0,4347320
yadI_predicted,0.16666666666666666,5,5,ACGCGGTGCATTTGGGGTCA,0,4309676
yadI_predicted,0.16666666666666666,5,5,ACGCGGTCATGATATAATGG,0,4322735
yadI_predicted,0.16666666666666666,5,5,ACGCGCGGTGGGTATTCACG,0,4291233
yadI_predicted,0.16666666666666666,5,5,ACGCCGTGTGGGGATCTGGA,0,4328789
yadI_predicted,0.16666666666666666,5,5,ACGCCCCGCGCGCTGTACGC,0,4350973
yadI_predicted,0.16666666666666666,5,5,ACGCATTCATGGCTCGGAGA,0,4366615
yadI_predicted,0.16666666666666666,5,5,ACGCAGAATGAGTGCTGGAT,0,4300403
yadI_predicted,0.16666666666666666,5,5,ACGATGTGTAATCAATCTCG,0,4307990
yadI_predicted,0.16666666666666666,5,5,ACGATCGCCTGAGGGAGCTA,0,4357880
yadI_predicted,0.16666666666666666,5,5,ACGATAAGGAGGTTTCCTTA,0,4313676
yadI_predicted,0.16666666666666666,5,5,ACGACCGAACGACACCAACG,0,4334898
yadI_predicted,0.16666666666666666,5,5,ACGAAGTATAGGAGTACGGA,0,4304953
yadI_predicted,0.16666666666666666,5,5,ACCTTTTCAAAGAATACGTA,0,4354590
yadI_predicted,0.16666666666666666,5,5,ACCTTTAAAACTTACATGGG,0,4313859
yadI_predicted,0.16666666666666666,5,5,ACCTTGATTAGGGCGGACCT,0,4358479
yadI_predicted,0.16666666666666666,5,5,ACCTTCCGCAAAAAGCCGGC,0,4354203
yadI_predicted,0.16666666666666666,5,5,ACCTGTCCAGTGGCTCACGA,0,4356225
yadI_predicted,0.16666666666666666,5,5,ACCTGCGGTAAGAGAATAGT,0,4359838
yadI_predicted,0.16666666666666666,5,5,ACCTCGTCGTGTTTGTAAGG,0,4322798
yadI_predicted,0.16666666666666666,5,5,ACCTCAGGTTAAAATAACGC,0,4358726
yadI_predicted,0.16666666666666666,5,5,ACCGGGGGACTTATTCCGAA,0,4305233
yadI_predicted,0.16666666666666666,5,5,ACCGGGGCTCGCATTTCGTA,0,4332463
yadI_predicted,0.16666666666666666,5,5,ACCGGGAAGGCGTTTCTGAT,0,4307914
yadI_predicted,0.16666666666666666,5,5,ACCGGAAGAACGGCTCCCCT,0,4294922
yadI_predicted,0.16666666666666666,5,5,ACCGCTCTGTAAGAGGGCTA,0,4343786
yadI_predicted,0.16666666666666666,5,5,ACCGCAGGACGTGGCTGGAC,0,4340911
yadI_predicted,0.16666666666666666,5,5,ACCGAGGAATGTGGTGCATC,0,4314510
yadI_predicted,0.16666666666666666,5,5,ACCGACGATTGATGAATGTT,0,4369124
yadI_predicted,0.16666666666666666,5,5,ACCGAACAGATAGCGCAAAT,0,4346272
yadI_predicted,0.16666666666666666,5,5,ACCCGTATGAGGGCCAAGTG,0,4289372
yadI_predicted,0.16666666666666666,5,5,ACCCGATGTATTTTGATAGT,0,4344273
yadI_predicted,0.16666666666666666,5,5,ACCCCGATACTAGAACAGTT,0,4299429
yadI_predicted,0.16666666666666666,5,5,ACCCCCGTTAGTTATGTGTG,0,4284824
yadI_predicted,0.16666666666666666,5,5,ACCCATTCAGGGGGGTCGAA,0,4302584
yadI_predicted,0.16666666666666666,5,5,ACCCAGCGGACGCGGCCGGA,0,4357130
yadI_predicted,0.16666666666666666,5,5,ACCCAGAGATGCATGGTCTC,0,4296638
yadI_predicted,0.16666666666666666,5,5,ACCATGCAGACGATACCATC,0,4304663
yadI_predicted,0.16666666666666666,5,5,ACCAGTCAGATGTGATCACC,0,4288453
yadI_predicted,0.16666666666666666,5,5,ACCAGATCTCTCCTTAGGGG,0,4368751
yadI_predicted,0.16666666666666666,5,5,ACCACTCCAGAGATGTTCTT,0,4354529
yadI_predicted,0.16666666666666666,5,5,ACCACCGTTCAGGACGCAGT,0,4307515
yadI_predicted,0.16666666666666666,5,5,ACCAAACGTCAAGTGTCAGG,0,4289175
yadI_predicted,0.16666666666666666,5,5,ACATTTATCAACCACCCATT,0,4298267
yadI_predicted,0.16666666666666666,5,5,ACATTGAGGCCTTTGATTCA,0,4365171
yadI_predicted,0.16666666666666666,5,5,ACATGGTCCGGTAACGACTC,0,4289376
yadI_predicted,0.16666666666666666,5,5,ACATGGGCTTAGTCAACTCC,0,4323729
yadI_predicted,0.16666666666666666,5,5,ACATCTTCCCGCCTTTATTG,0,4353080
yadI_predicted,0.16666666666666666,5,5,ACATCTATTCTAATCAAGTA,0,4317736
yadI_predicted,0.16666666666666666,5,5,ACATCATGACACCGAGCATC,0,4340213
yadI_predicted,0.16666666666666666,5,5,ACATAGTACGTCACGAATTA,0,4294185
yadI_predicted,0.16666666666666666,5,5,ACATACCTTCAACAACAGTT,0,4337116
yadI_predicted,0.16666666666666666,5,5,ACAGTCGAGCGTTAGGTAAT,0,4353506
yadI_predicted,0.16666666666666666,5,5,ACAGTAGGAAGACAGTATGC,0,4331545
yadI_predicted,0.16666666666666666,5,5,ACAGGTAGGACGATAATCGA,0,4298060
yadI_predicted,0.16666666666666666,5,5,ACAGGGTGGTCGTTTTCTCT,0,4321660
yadI_predicted,0.16666666666666666,5,5,ACAGCCGTTGTTAATGGCTA,0,4359984
yadI_predicted,0.16666666666666666,5,5,ACAGATCGGGTAATCGGGGT,0,4332545
yadI_predicted,0.16666666666666666,5,5,ACAGATAGAGCAGCCAATCT,0,4366521
yadI_predicted,0.16666666666666666,5,5,ACACTATCTTTTACAACTCG,0,4311947
yadI_predicted,0.16666666666666666,5,5,ACACGGTGAGGAGTGTGGTT,0,4315025
yadI_predicted,0.16666666666666666,5,5,ACACGCCCTGCCCTGTCGGG,0,4362097
yadI_predicted,0.16666666666666666,5,5,ACACCGCGAAAGACTCCGAC,0,4301065
yadI_predicted,0.16666666666666666,5,5,ACAATGGTACTATGATTGAG,0,4366530
yadI_predicted,0.16666666666666666,5,5,ACAACGGCCGGGGGGTCTGA,0,4366189
yadI_predicted,0.16666666666666666,5,5,ACAAATTTGGCCGAGCGGCC,0,4344293
yadI_predicted,0.16666666666666666,5,5,ACAAATGACTCGGTAAGCTA,0,4361627
yadI_predicted,0.16666666666666666,5,5,ACAAAGTCTACGCGGCGACT,0,4353420
yadI_predicted,0.16666666666666666,5,5,AATTGGCCTCTACGTGCAGA,0,4320052
yadI_predicted,0.16666666666666666,5,5,AATTGCCACTACGCCTCTCC,0,4286892
yadI_predicted,0.16666666666666666,5,5,AATTCCCCGTTACGGTGTCG,0,4358712
yadI_predicted,0.16666666666666666,5,5,AATTCCACCTGTAGACGGCT,0,4284479
yadI_predicted,0.16666666666666666,5,5,AATTCATTTATTAATGGAAT,0,4312027
yadI_predicted,0.16666666666666666,5,5,AATTACAGTGGCAGTCGTAC,0,4293910
yadI_predicted,0.16666666666666666,5,5,AATGTGAGCGCAGTACACCG,0,4355115
yadI_predicted,0.16666666666666666,5,5,AATGTATCCTATCACTATGG,0,4355436
yadI_predicted,0.16666666666666666,5,5,AATGGTGGCTGTAGTCGTAC,0,4367236
yadI_predicted,0.16666666666666666,5,5,AATGGCACTGTGTGCCGTGA,0,4367264
yadI_predicted,0.16666666666666666,5,5,AATGCCCTCCGCACACAAGA,0,4303132
yadI_predicted,0.16666666666666666,5,5,AATGAGTACTTGAACTGGTT,0,4361591
yadI_predicted,0.16666666666666666,5,5,AATGACTTATATGTGAGTAA,0,4291457
yadI_predicted,0.16666666666666666,5,5,AATCTTCAACACGCAGCATT,0,4333458
yadI_predicted,0.16666666666666666,5,5,AATCTGCGGTCTGGCCAGTG,0,4306632
yadI_predicted,0.16666666666666666,5,5,AATCTCCGGCGGGGAGACCA,0,4330359
yadI_predicted,0.16666666666666666,5,5,AATCGTAAAGGCTTACACTC,0,4319903
yadI_predicted,0.16666666666666666,5,5,AATCGCCGGGGTTTGAAACA,0,4308612
yadI_predicted,0.16666666666666666,5,5,AATCGACGGTTAGATGTTTA,0,4345048
yadI_predicted,0.16666666666666666,5,5,AATCCTTGGAAAGGGGTTCC,0,4321670
yadI_predicted,0.16666666666666666,5,5,AATCCCGCGTTACGTGTACG,0,4303981
yadI_predicted,0.16666666666666666,5,5,AATCATGATGTGGTATCTAG,0,4365634
yadI_predicted,0.16666666666666666,5,5,AATCAGTTCAGCTTGCGAGC,0,4315380
yadI_predicted,0.16666666666666666,5,5,AATCACAGGGGTTCGGCTGA,0,4362626
yadI_predicted,0.16666666666666666,5,5,AATATTGTACGTCCTTAACG,0,4295159
yadI_predicted,0.16666666666666666,5,5,AATACTGGAATTAGCAGATC,0,4336701
yadI_predicted,0.16666666666666666,5,5,AATACCTAGATTCGGTATTA,0,4300298
yadI_predicted,0.16666666666666666,5,5,AATACACAATGAAGCGGCGC,0,4323410
yadI_predicted,0.16666666666666666,5,5,AATAAGGGGTGCGCACTGGG,0,4294014
yadI_predicted,0.16666666666666666,5,5,AATAAGACCATTCAGCGTCC,0,4295034
yadI_predicted,0.16666666666666666,5,5,AATAACCATAGATACTCGAC,0,4334900
yadI_predicted,0.16666666666666666,5,5,AAGTTTAAACGCTCACCAGG,0,4287914
yadI_predicted,0.16666666666666666,5,5,AAGTTGGAAGCGAGAAACTA,0,4323493
yadI_predicted,0.16666666666666666,5,5,AAGTGTAATGAATGTCCCAT,0,4329532
yadI_predicted,0.16666666666666666,5,5,AAGTGCCACAATCAATGAGG,0,4299519
yadI_predicted,0.16666666666666666,5,5,AAGTCTTCGAGAGGTTATGA,0,4286790
yadI_predicted,0.16666666666666666,5,5,AAGTCTCACGTAGACTAAGT,0,4362375
yadI_predicted,0.16666666666666666,5,5,AAGTAGGAGATCTAACGTTA,0,4346454
yadI_predicted,0.16666666666666666,5,5,AAGGTTCACTAATGAAACGA,0,4320927
yadI_predicted,0.16666666666666666,5,5,AAGGTCCACTGCGTGGGGGC,0,4347876
yadI_predicted,0.16666666666666666,5,5,AAGGGTGTACGTTTGGGGTC,0,4323464
yadI_predicted,0.16666666666666666,5,5,AAGGGTCCGTCTCGTGAGAT,0,4358413
yadI_predicted,0.16666666666666666,5,5,AAGGGACGGGGAACATCGAC,0,4343703
yadI_predicted,0.16666666666666666,5,5,AAGGCTCGCGATTGGCCGGT,0,4354558
yadI_predicted,0.16666666666666666,5,5,AAGGCGGGGACGTCACCGTT,0,4327330
yadI_predicted,0.16666666666666666,5,5,AAGGACACGGTCTTGAATCA,0,4312897
yadI_predicted,0.16666666666666666,5,5,AAGCTTCTAGGGATCTATGC,0,4286868
yadI_predicted,0.16666666666666666,5,5,AAGCTCTCTAGTTCAACTAT,0,4287525
yadI_predicted,0.16666666666666666,5,5,AAGCGTTTGAAGGACAACCC,0,4345399
yadI_predicted,0.16666666666666666,5,5,AAGCGGTAGCGGTGCTGTCC,0,4359919
yadI_predicted,0.16666666666666666,5,5,AAGCGATTCGAATGGCTGGA,0,4333037
yadI_predicted,0.16666666666666666,5,5,AAGCGACGATTTCCCTAGGT,0,4332904
yadI_predicted,0.16666666666666666,5,5,AAGCCCTGACGTACATGTGC,0,4313426
yadI_predicted,0.16666666666666666,5,5,AAGCACATTAACATCGGACG,0,4296034
yadI_predicted,0.16666666666666666,5,5,AAGCAAGGCTATGGGCTTTT,0,4320077
yadI_predicted,0.16666666666666666,5,5,AAGATCCTCAACTTCTCTAG,0,4357787
yadI_predicted,0.16666666666666666,5,5,AAGACTGTGTACTGATAGCA,0,4289381
yadI_predicted,0.16666666666666666,5,5,AAGACTCCGTGAAGGTACAT,0,4300146
yadI_predicted,0.16666666666666666,5,5,AAGACCATATTTCCAGGAGT,0,4321504
yadI_predicted,0.16666666666666666,5,5,AAGACATTCCGTTCTTAATT,0,4347402
yadI_predicted,0.16666666666666666,5,5,AAGACAAGAGTTGCAGCACA,0,4339239
yadI_predicted,0.16666666666666666,5,5,AAGAAGGTCAATAAGCCGGC,0,4297458
yadI_predicted,0.16666666666666666,5,5,AACTTGTGGGCTAATTGTAA,0,4301272
yadI_predicted,0.16666666666666666,5,5,AACTTCTCAAAGATTTATTG,0,4368547
yadI_predicted,0.16666666666666666,5,5,AACTCTTCGGCAACCCGAAC,0,4287388
yadI_predicted,0.16666666666666666,5,5,AACTCCAGAATGGCACCATC,0,4309306
yadI_predicted,0.16666666666666666,5,5,AACTAATGGTTCCTCCGAGG,0,4353521
yadI_predicted,0.16666666666666666,5,5,AACGTACAATGTGCCTCTGG,0,4304341
yadI_predicted,0.16666666666666666,5,5,AACGGTGCTCGCGGCCCTGC,0,4365614
yadI_predicted,0.16666666666666666,5,5,AACGGGATCTATGGGCGGAT,0,4300124
yadI_predicted,0.16666666666666666,5,5,AACGAGACCCGGGGGTGTAG,0,4303456
yadI_predicted,0.16666666666666666,5,5,AACGACAGTGCCGGGGATCA,0,4350457
yadI_predicted,0.16666666666666666,5,5,AACCTATTCACGCCTGCGAC,0,4294186
yadI_predicted,0.16666666666666666,5,5,AACCGGTCTGCACAGGCTAA,0,4359576
yadI_predicted,0.16666666666666666,5,5,AACCGGATTATTTCCCAGTG,0,4359029
yadI_predicted,0.16666666666666666,5,5,AACCGCGGCCACGTCGCTTA,0,4356840
yadI_predicted,0.16666666666666666,5,5,AACCCCGTTCAGCTGGCGAA,0,4343252
yadI_predicted,0.16666666666666666,5,5,AACCCCCATGCTGGGCAGTG,0,4321879
yadI_predicted,0.16666666666666666,5,5,AACCAAGTTCACCGTCTGTT,0,4362940
yadI_predicted,0.16666666666666666,5,5,AACATATCACAAGGGTACGG,0,4296499
yadI_predicted,0.16666666666666666,5,5,AACATAAATGACTCAGGAGA,0,4299422
yadI_predicted,0.16666666666666666,5,5,AACAGTACCAGAAGTGGGTT,0,4332589
yadI_predicted,0.16666666666666666,5,5,AACACAAGTCGGAGATTTGA,0,4310953
yadI_predicted,0.16666666666666666,5,5,AAATTTCCTGCTATTAGAAA,0,4304093
yadI_predicted,0.16666666666666666,5,5,AAATGGTGCGGGACTTATCT,0,4337301
yadI_predicted,0.16666666666666666,5,5,AAATCAACGGGTGGGGAATT,0,4369789
yadI_predicted,0.16666666666666666,5,5,AAATACTGTTGTAATGGATT,0,4335388
yadI_predicted,0.16666666666666666,5,5,AAAGTCTTAAGCGCCCGCAT,0,4340099
yadI_predicted,0.16666666666666666,5,5,AAAGTACGTGCCCCTCTGAT,0,4320287
yadI_predicted,0.16666666666666666,5,5,AAAGGATAAGCTTGGATTAT,0,4316632
yadI_predicted,0.16666666666666666,5,5,AAAGGACTGTTTCTGCTTAA,0,4334162
yadI_predicted,0.16666666666666666,5,5,AAAGGAACTAGGCACCTGTG,0,4354711
yadI_predicted,0.16666666666666666,5,5,AAAGATCCTGCAACGGGACT,0,4296836
yadI_predicted,0.16666666666666666,5,5,AAACTTTGGTACTCGCCATC,0,4293562
yadI_predicted,0.16666666666666666,5,5,AAACTAACTCGCTCGTGTGA,0,4369876
yadI_predicted,0.16666666666666666,5,5,AAACGTGGTGGTGTCCGGCA,0,4340393
yadI_predicted,0.16666666666666666,5,5,AAACGCTTAAGTTACACGAT,0,4364127
yadI_predicted,0.16666666666666666,5,5,AAACATAGGGTTTTAGGTAC,0,4327531
yadI_predicted,0.16666666666666666,5,5,AAACAGCGTGTCCATTCGAA,0,4305661
yadI_predicted,0.16666666666666666,5,5,AAACACTGGTGTCTCTACAA,0,4358115
yadI_predicted,0.16666666666666666,5,5,AAACACAAGTCTGGGGGTAG,0,4323401
yadI_predicted,0.16666666666666666,5,5,AAACAACTTGGGCCAATGCA,0,4326154
yadI_predicted,0.16666666666666666,5,5,AAAAGGCCCCGGGTGAGCTG,0,4362883
yadI_predicted,0.16666666666666666,5,5,AAAACGTACTCGTATCAATA,0,4367463
yadI_predicted,0.16666666666666666,5,5,AAAACGGGATTTTCAAGTTC,0,4291028
yadI_predicted,0.2,4,4,TTTTTGTGGCTAATAAGTAA,0,4321410
yadI_predicted,0.2,4,4,TTTTTAGCATCGGGTTCCCC,0,4366717
yadI_predicted,0.2,4,4,TTTTTAGACAGAGTTTATCC,0,4288322
yadI_predicted,0.2,4,4,TTTTGTTGGAAGTATCCCCG,0,4363321
yadI_predicted,0.2,4,4,TTTTGTGGTCAGATCAAGCA,0,4302452
yadI_predicted,0.2,4,4,TTTTGGGAGTTAGGTCCCGT,0,4285729
yadI_predicted,0.2,4,4,TTTTGGATCACGCAAAACCA,0,4328742
yadI_predicted,0.2,4,4,TTTTCGTATAGGATGTTCAT,0,4292120
yadI_predicted,0.2,4,4,TTTTCCGGGACTTGTCTGCC,0,4354285
yadI_predicted,0.2,4,4,TTTTCCGATATCACGATCGA,0,4347163
yadI_predicted,0.2,4,4,TTTTCACGGTGTCAAACGCA,0,4354994
yadI_predicted,0.2,4,4,TTTTAGAATGTTCCAGGTTC,0,4324813
yadI_predicted,0.2,4,4,TTTTAACTGATGCCAAAAGC,0,4323970
yadI_predicted,0.2,4,4,TTTGTTAGCATAAACAATGT,0,4358091
yadI_predicted,0.2,4,4,TTTGTTACAGTCCAAAAGCC,0,4287530
yadI_predicted,0.2,4,4,TTTGTGTAGACGGGGTTTGT,0,4287052
yadI_predicted,0.2,4,4,TTTGTGAGTAGGACCATGGA,0,4338805
yadI_predicted,0.2,4,4,TTTGCTATATGAGGAATGCA,0,4302539
yadI_predicted,0.2,4,4,TTTGCCGGCTGGTATGGCGA,0,4353301
yadI_predicted,0.2,4,4,TTTGCAATAATATGCTCCGT,0,4298229
yadI_predicted,0.2,4,4,TTTGATCGTTGACTTCGTTA,0,4369549
yadI_predicted,0.2,4,4,TTTGAAACAAGTGTGCTTTA,0,4354936
yadI_predicted,0.2,4,4,TTTCTTATGAATGGGGGGTT,0,4360522
yadI_predicted,0.2,4,4,TTTCTGATAGATGGTATAAC,0,4365080
yadI_predicted,0.2,4,4,TTTCTACCAGGGCTCCGGAC,0,4352417
yadI_predicted,0.2,4,4,TTTCGTCTGGATCGGGTCGC,0,4324394
yadI_predicted,0.2,4,4,TTTCGTCTAGTGATACCTAA,0,4313286
yadI_predicted,0.2,4,4,TTTCGTCGTTCCAACGATGC,0,4292749
yadI_predicted,0.2,4,4,TTTCGGTTGGCGTGGGGCAG,0,4308336
yadI_predicted,0.2,4,4,TTTCGGACTTCACATGCCAG,0,4304871
yadI_predicted,0.2,4,4,TTTCGATTTCTCAGATGCGG,0,4318842
yadI_predicted,0.2,4,4,TTTCCCGTCAGCGCCATTTA,0,4289276
yadI_predicted,0.2,4,4,TTTCCCAGCATATGGGGTGA,0,4328849
yadI_predicted,0.2,4,4,TTTCAGCCTTTGAGTGTAAG,0,4345704
yadI_predicted,0.2,4,4,TTTCAGATAGGTTTCAGCAA,0,4366969
yadI_predicted,0.2,4,4,TTTCAGACGCGAGCTTATCT,0,4350423
yadI_predicted,0.2,4,4,TTTCAACGTCATAGTTTTTC,0,4315751
yadI_predicted,0.2,4,4,TTTCAAATGCGCGACACTAT,0,4289015
yadI_predicted,0.2,4,4,TTTATTTTTATTCACCCGCA,0,4316518
yadI_predicted,0.2,4,4,TTTATTTTATTACTCCGGGT,0,4312288
yadI_predicted,0.2,4,4,TTTATTACGATTACTGGACG,0,4331423
yadI_predicted,0.2,4,4,TTTATGCAACTCAACCAATT,0,4327163
yadI_predicted,0.2,4,4,TTTATGATCGGATCTACGGT,0,4353488
yadI_predicted,0.2,4,4,TTTATCTCTGCACGTGCCAA,0,4301060
yadI_predicted,0.2,4,4,TTTATACCCATCAGGGTAGT,0,4335566
yadI_predicted,0.2,4,4,TTTAGGACGACTGTAACGGC,0,4311296
yadI_predicted,0.2,4,4,TTTAGCTCCCAAATGAAAGT,0,4323416
yadI_predicted,0.2,4,4,TTTAGATGTTGACCGGCTAA,0,4353523
yadI_predicted,0.2,4,4,TTTACTTGACAATGTTAGCT,0,4354312
yadI_predicted,0.2,4,4,TTTACTAATTAGTGCGCGAG,0,4350124
yadI_predicted,0.2,4,4,TTTAATTTACACACATGTTG,0,4285949
yadI_predicted,0.2,4,4,TTTAATAGCCATGCGTCGTC,0,4313946
yadI_predicted,0.2,4,4,TTTAACGCTTCGGTCTTGAT,0,4318717
yadI_predicted,0.2,4,4,TTTAAATTATCTAAGTGCTG,0,4352936
yadI_predicted,0.2,4,4,TTGTTTCTGTTACACCGCAT,0,4315330
yadI_predicted,0.2,4,4,TTGTTGTGGGCTTGAACAGA,0,4326155
yadI_predicted,0.2,4,4,TTGTTCTCGCCCAATTTTGC,0,4323769
yadI_predicted,0.2,4,4,TTGTGTCGCCTAGGGCTCCA,0,4367259
yadI_predicted,0.2,4,4,TTGTGTATCTGAAAGTGACC,0,4341299
yadI_predicted,0.2,4,4,TTGTGGCGCCTGTGTACGAC,0,4320311
yadI_predicted,0.2,4,4,TTGTGCGCTTACCCGGCCCA,0,4292967
yadI_predicted,0.2,4,4,TTGTGCGAGGCGCCCACGCA,0,4315853
yadI_predicted,0.2,4,4,TTGTGAATCGTATGCTCCTA,0,4296830
yadI_predicted,0.2,4,4,TTGTCGTTGCGGCTGCCACT,0,4317958
yadI_predicted,0.2,4,4,TTGTCGTGGTCAAGCAGAAG,0,4366452
yadI_predicted,0.2,4,4,TTGTCCCGACTATAATACGC,0,4367325
yadI_predicted,0.2,4,4,TTGTCATCAGCCCGCGTTTT,0,4314359
yadI_predicted,0.2,4,4,TTGTACACCGGTTGCCCATT,0,4306868
yadI_predicted,0.2,4,4,TTGGTTCTCCGAGACTCGTG,0,4347225
yadI_predicted,0.2,4,4,TTGGTGGCATTTTTACCGTG,0,4314482
yadI_predicted,0.2,4,4,TTGGTCGTGCGATCTACATT,0,4363290
yadI_predicted,0.2,4,4,TTGGTAACAAACAGTGTACT,0,4358073
yadI_predicted,0.2,4,4,TTGGGTCTTATGAGCGACAG,0,4353706
yadI_predicted,0.2,4,4,TTGGGCTCGGGGCAATACCT,0,4295982
yadI_predicted,0.2,4,4,TTGGGAGGCATGTTCTTGTA,0,4307768
yadI_predicted,0.2,4,4,TTGGCGGATTAGATGCGATT,0,4301613
yadI_predicted,0.2,4,4,TTGGCAGTTTAGGTATTATA,0,4312487
yadI_predicted,0.2,4,4,TTGCGTAAGGGGACTGCGCA,0,4297174
yadI_predicted,0.2,4,4,TTGATCAATGATGTAGGATT,0,4289333
yadI_predicted,0.2,4,4,TTGAGGGCCGCTTAGAGCAT,0,4315857
yadI_predicted,0.2,4,4,TTGAGGATCATTTGGCACTT,0,4319807
yadI_predicted,0.2,4,4,TTGAGATAAGAAATATGGAT,0,4349259
yadI_predicted,0.2,4,4,TTGACTCCATGGATAATGAT,0,4293188
yadI_predicted,0.2,4,4,TTGACCGGTTGTTATGGTCC,0,4313697
yadI_predicted,0.2,4,4,TTGAATAGGGGAATTCACAA,0,4311106
yadI_predicted,0.2,4,4,TTGAAAAATCCGTGGCATTT,0,4365862
yadI_predicted,0.2,4,4,TTGAAAAAATAACTGGTTTT,0,4305340
yadI_predicted,0.2,4,4,TTCTTTTAGGCAAGGTTCGG,0,4348422
yadI_predicted,0.2,4,4,TTCTTGTGCCGAGACAGGTG,0,4306070
yadI_predicted,0.2,4,4,TTCTTCTCCTTAGGGCTCAA,0,4315098
yadI_predicted,0.2,4,4,TTCTTAGAAGTCGCTCATCG,0,4346622
yadI_predicted,0.2,4,4,TTCTTAATCTGAAAGTTTGT,0,4355135
yadI_predicted,0.2,4,4,TTCTGTTGATTGAACAGGTT,0,4301660
yadI_predicted,0.2,4,4,TTCTGGGATAACAAGCAAGA,0,4337379
yadI_predicted,0.2,4,4,TTCTGGAGTTGGAACTTAAT,0,4327872
yadI_predicted,0.2,4,4,TTCTGCAGATTAGTCTTGGT,0,4334970
yadI_predicted,0.2,4,4,TTCTGACAAGTATGACACCA,0,4307745
yadI_predicted,0.2,4,4,TTCTCGTGGGCTTTAGTGCT,0,4312676
yadI_predicted,0.2,4,4,TTCTCATAACTTGCCCCTGG,0,4367547
yadI_predicted,0.2,4,4,TTCTATAAGTTATGCGGCTA,0,4346840
yadI_predicted,0.2,4,4,TTCGTTAGTGCCCTGGAATA,0,4356440
yadI_predicted,0.2,4,4,TTCGTCCTCTTCTGGGGTGG,0,4357818
yadI_predicted,0.2,4,4,TTCGTCAGTCGTTATTCCAT,0,4316947
yadI_predicted,0.2,4,4,TTCGTAACGCTATAAAGTCA,0,4349939
yadI_predicted,0.2,4,4,TTCGTAAAAACGCTTTTCAC,0,4300570
yadI_predicted,0.2,4,4,TTCGGTGATTATACGATTTG,0,4308098
yadI_predicted,0.2,4,4,TTCGGTCCGCTCTGGAGGGA,0,4355552
yadI_predicted,0.2,4,4,TTCGGGGCTTGCATAGGTCG,0,4293665
yadI_predicted,0.2,4,4,TTCGGCAAATTTTTAATTAA,0,4338934
yadI_predicted,0.2,4,4,TTCGCGAGTCTCGGGAGTGT,0,4350208
yadI_predicted,0.2,4,4,TTCGCAGCATGACAAGTGGT,0,4335499
yadI_predicted,0.2,4,4,TTCGAGGCATTATCTCGTGT,0,4337166
yadI_predicted,0.2,4,4,TTCGACCGTTCTCAATGGCC,0,4304195
yadI_predicted,0.2,4,4,TTCGAAGAAAAATATGGGGT,0,4332058
yadI_predicted,0.2,4,4,TTCCTGTGTAGGCACGTTGT,0,4360865
yadI_predicted,0.2,4,4,TTCCTCATTCAATTTACAAA,0,4351546
yadI_predicted,0.2,4,4,TTCCTCAGCTACCAGATAAA,0,4358507
yadI_predicted,0.2,4,4,TTCCTCAAACTCGAACGCTT,0,4285810
yadI_predicted,0.2,4,4,TTCCTAGATTACACTACGAT,0,4324550
yadI_predicted,0.2,4,4,TTCCTACCATTCCATACTTA,0,4316223
yadI_predicted,0.2,4,4,TTCCTAAGCCGCCCAGACAC,0,4314825
yadI_predicted,0.2,4,4,TTCCGTAGAGCATCTCGGTT,0,4307812
yadI_predicted,0.2,4,4,TTCCGGTCTAGAAGTTAGTC,0,4362609
yadI_predicted,0.2,4,4,TTCCCGTCAAGGGCTTGGGA,0,4294853
yadI_predicted,0.2,4,4,TTCCCACACGCTCAGAGCCC,0,4361474
yadI_predicted,0.2,4,4,TTCCAGACCGGCAGCGTACT,0,4336392
yadI_predicted,0.2,4,4,TTCATTGTGGGAACTACGTA,0,4286311
yadI_predicted,0.2,4,4,TTCATACGCTAGCGCGGGTA,0,4320466
yadI_predicted,0.2,4,4,TTCAGGGGGGTACCAGGAGA,0,4285645
yadI_predicted,0.2,4,4,TTCAGCGGGTGGCTGATTCC,0,4313280
yadI_predicted,0.2,4,4,TTCAGAGTTACGCATTAGGT,0,4309431
yadI_predicted,0.2,4,4,TTCACTTGCAATTAGAATTA,0,4330493
yadI_predicted,0.2,4,4,TTCAATGAGAATACCCGGTG,0,4338268
yadI_predicted,0.2,4,4,TTCAAGTCATATAGGGTAAG,0,4323150
yadI_predicted,0.2,4,4,TTCAACGAAGTGGCCAATTG,0,4345644
yadI_predicted,0.2,4,4,TTATTTCATTGCCACGGCCA,0,4355617
yadI_predicted,0.2,4,4,TTATTGGTTCAGGATTCCCA,0,4314127
yadI_predicted,0.2,4,4,TTATTGGGCCGGGTCTTAGT,0,4306593
yadI_predicted,0.2,4,4,TTATTGGCGGACATGCCTCA,0,4364499
yadI_predicted,0.2,4,4,TTATGCACACCAACTGATCC,0,4315071
yadI_predicted,0.2,4,4,TTATCACGGTATCCGCTAGG,0,4364807
yadI_predicted,0.2,4,4,TTAGTTACAACTATCGGTCA,0,4346176
yadI_predicted,0.2,4,4,TTAGTGGAAGCTTGTACTAG,0,4353338
yadI_predicted,0.2,4,4,TTAGGGTAGCACGCTGAATC,0,4297295
yadI_predicted,0.2,4,4,TTAGGATTTGAGTGCTATAT,0,4285450
yadI_predicted,0.2,4,4,TTAGGACGTTTCCTTGCGAG,0,4303409
yadI_predicted,0.2,4,4,TTAGGACCTAGTTCCTTCCC,0,4340466
yadI_predicted,0.2,4,4,TTAGGACCAGTCACGTTATG,0,4326422
yadI_predicted,0.2,4,4,TTAGCTAGCTTATAACAAGA,0,4340365
yadI_predicted,0.2,4,4,TTAGCGTTCGTGAACGTCGG,0,4335949
yadI_predicted,0.2,4,4,TTAGCGGGCACAACCACTCT,0,4297475
yadI_predicted,0.2,4,4,TTAGCAAAGTGTTGCCGGGA,0,4333685
yadI_predicted,0.2,4,4,TTAGATCTGCGGATCTTTGA,0,4347208
yadI_predicted,0.2,4,4,TTAGATATCCCAGGGTTTGT,0,4298943
yadI_predicted,0.2,4,4,TTAGATACGGATGAACACAG,0,4348840
yadI_predicted,0.2,4,4,TTAGAGCGTGGCCAATTCAA,0,4348144
yadI_predicted,0.2,4,4,TTAGAGCATGTTGTCGGTGT,0,4318959
yadI_predicted,0.2,4,4,TTACTTCCCCGCCGTAAAGA,0,4322474
yadI_predicted,0.2,4,4,TTACGGGCAGAGCTTACACG,0,4312699
yadI_predicted,0.2,4,4,TTACGGGAACAATATCAAGA,0,4314379
yadI_predicted,0.2,4,4,TTACCTTTGCCGCTCAAGAA,0,4347222
yadI_predicted,0.2,4,4,TTACCGCCGGTAAGGAGCTC,0,4358940
yadI_predicted,0.2,4,4,TTACCCAACAGTCTCCGCAG,0,4317914
yadI_predicted,0.2,4,4,TTACCCAAAATTACACATGG,0,4295113
yadI_predicted,0.2,4,4,TTACAGCTCATGCCAACGGT,0,4296348
yadI_predicted,0.2,4,4,TTACAATGGTTCGGAATCGT,0,4287974
yadI_predicted,0.2,4,4,TTACAAGGCTGTACGTCTTG,0,4289980
yadI_predicted,0.2,4,4,TTAATAGCAGCCTATTTGTC,0,4322510
yadI_predicted,0.2,4,4,TTAATAGACGAAGACTTGGG,0,4331485
yadI_predicted,0.2,4,4,TTAAGTTCCTCGTAGGGGAA,0,4349904
yadI_predicted,0.2,4,4,TTAAGGTAGGGACATCCAAG,0,4288515
yadI_predicted,0.2,4,4,TTAAGGCTAATGGGGAACGC,0,4333638
yadI_predicted,0.2,4,4,TTAACTAGCACAGTCTCAGC,0,4344767
yadI_predicted,0.2,4,4,TTAACGCGGTGAACGGTAGT,0,4317447
yadI_predicted,0.2,4,4,TTAACACGTGCCCACATTCC,0,4310975
yadI_predicted,0.2,4,4,TTAAAGGAAAGGCTTAGCAT,0,4361594
yadI_predicted,0.2,4,4,TTAAAAGGCAAGGACTACTC,0,4296396
yadI_predicted,0.2,4,4,TGTTTTGGGACTGAGCCCGA,0,4345468
yadI_predicted,0.2,4,4,TGTTTTAGTGTTACAATAAC,0,4352108
yadI_predicted,0.2,4,4,TGTTTCAGGAGAGGGTCACC,0,4355000
yadI_predicted,0.2,4,4,TGTTGTTTATGCCCAGTACA,0,4320050
yadI_predicted,0.2,4,4,TGTTGCGAGAGAGATTAGCA,0,4293201
yadI_predicted,0.2,4,4,TGTTGCCGGGCACTTACACC,0,4332125
yadI_predicted,0.2,4,4,TGTTCAGCGGGGAACCTACC,0,4326253
yadI_predicted,0.2,4,4,TGTTCAATTGACACGAAGAT,0,4327239
yadI_predicted,0.2,4,4,TGTTATTCTATCAGGCAGGG,0,4351549
yadI_predicted,0.2,4,4,TGTTACTGTTAAGGCATATG,0,4287628
yadI_predicted,0.2,4,4,TGTGTTTCATACATCATCCA,0,4319332
yadI_predicted,0.2,4,4,TGTGTGTAAGAGATAATTAT,0,4333915
yadI_predicted,0.2,4,4,TGTGTACAGGGTCCGACTAG,0,4352545
yadI_predicted,0.2,4,4,TGTGGTTCTGGGAAAGGCTC,0,4334688
yadI_predicted,0.2,4,4,TGTGCGTCAGCTATTGCTCC,0,4310914
yadI_predicted,0.2,4,4,TGTGAACGAGTACTGAGAGC,0,4303120
yadI_predicted,0.2,4,4,TGTGAACAAATAGAATACTT,0,4316531
yadI_predicted,0.2,4,4,TGTCTCGCTTGTGAACTACG,0,4333472
yadI_predicted,0.2,4,4,TGTCGGTCAAGCCTTTTCAA,0,4321207
yadI_predicted,0.2,4,4,TGTCGCTTAATGGGCGACTG,0,4305612
yadI_predicted,0.2,4,4,TGTCGCTCATACCGAACAGG,0,4322481
yadI_predicted,0.2,4,4,TGTCCATATCCCGTCCATAG,0,4350450
yadI_predicted,0.2,4,4,TGTCACTGTATAGGAGTTAC,0,4298448
yadI_predicted,0.2,4,4,TGTATTGGAGTAGCCGGTTG,0,4301831
yadI_predicted,0.2,4,4,TGTATTCGGTAACAGCCCAT,0,4294322
yadI_predicted,0.2,4,4,TGTAGACTTCATTAACTGGT,0,4365393
yadI_predicted,0.2,4,4,TGTACGGGGTTTGACTAGAT,0,4348774
yadI_predicted,0.2,4,4,TGTACGCGGATCCAACTTCA,0,4311951
yadI_predicted,0.2,4,4,TGTACAACGTTTTTTATGGA,0,4285468
yadI_predicted,0.2,4,4,TGTAATGTGAAAGCGGCAAT,0,4321937
yadI_predicted,0.2,4,4,TGGTTGAAACTGCGTTTGGA,0,4303117
yadI_predicted,0.2,4,4,TGGTTATTTTTACAGCGGAG,0,4284902
yadI_predicted,0.2,4,4,TGGTCGATGACTACGTTTAA,0,4294944
yadI_predicted,0.2,4,4,TGGTATTGCGAAAACGGAAC,0,4355111
yadI_predicted,0.2,4,4,TGGTACTACTTTAGCCTAGT,0,4351766
yadI_predicted,0.2,4,4,TGGGTGTTGGTGGCGGATTC,0,4292051
yadI_predicted,0.2,4,4,TGGGGTGCTCACTCCAACTC,0,4320006
yadI_predicted,0.2,4,4,TGGGGGTCAAAGGGGTCTTA,0,4366435
yadI_predicted,0.2,4,4,TGGGGGCCTTGAGATGGGGT,0,4311437
yadI_predicted,0.2,4,4,TGGGGATAAAATACGTGGGG,0,4297477
yadI_predicted,0.2,4,4,TGGGCCAGGCAGTCCGGAAG,0,4362248
yadI_predicted,0.2,4,4,TGGGCACACAGCCCAAGTCC,0,4353632
yadI_predicted,0.2,4,4,TGGGACCTGACGCGGACTTG,0,4292566
yadI_predicted,0.2,4,4,TGGCTCCATACTCTATTTGG,0,4308985
yadI_predicted,0.2,4,4,TGGCGAGTTGTTTTGTCTCT,0,4333614
yadI_predicted,0.2,4,4,TGGCCCGCCAGGGACAGAGA,0,4313759
yadI_predicted,0.2,4,4,TGGATTGCGATCTCAGTGTT,0,4296510
yadI_predicted,0.2,4,4,TGGATGAGCTTCCATTTAAT,0,4324752
yadI_predicted,0.2,4,4,TGGACTGGGTTTGCTGGGGG,0,4350067
yadI_predicted,0.2,4,4,TGGACTCTTAATAGGAATAA,0,4364600
yadI_predicted,0.2,4,4,TGGACCGCTCTGGAATCGGG,0,4369421
yadI_predicted,0.2,4,4,TGGACCCTCGCATGTCTCAC,0,4303229
yadI_predicted,0.2,4,4,TGGAATGGAAACCGCGTGGG,0,4349404
yadI_predicted,0.2,4,4,TGGAAGTGGCGCGTTACCTC,0,4319984
yadI_predicted,0.2,4,4,TGGAAACCGTTTCTCTACAT,0,4344806
yadI_predicted,0.2,4,4,TGCTTTAATGTAATCGCCAC,0,4284625
yadI_predicted,0.2,4,4,TGCTTGGTTTCTCGACTGTT,0,4317376
yadI_predicted,0.2,4,4,TGCTTACTCCAAACAGCGGT,0,4337568
yadI_predicted,0.2,4,4,TGCTGCCCCAGCAGAACGTG,0,4356716
yadI_predicted,0.2,4,4,TGCTCGGCGCGGATTTAGTC,0,4353429
yadI_predicted,0.2,4,4,TGCTCGCGCAATGGTACCGT,0,4286825
yadI_predicted,0.2,4,4,TGCTATTCGGGTCTCTCTAG,0,4309190
yadI_predicted,0.2,4,4,TGCTATTCGACCGATTTCGG,0,4323299
yadI_predicted,0.2,4,4,TGCTAGAGGTAGGCTGATGG,0,4327495
yadI_predicted,0.2,4,4,TGCTAGACATCCCTTAATAG,0,4343750
yadI_predicted,0.2,4,4,TGCTAGAATTAGGGCTTCCT,0,4321567
yadI_predicted,0.2,4,4,TGCTACCCACGCGGACTTCG,0,4341287
yadI_predicted,0.2,4,4,TGCGGTTAAACCGTGCACTT,0,4301400
yadI_predicted,0.2,4,4,TGCGGGGCGGGCTATGTCCT,0,4359422
yadI_predicted,0.2,4,4,TGCGGCAATCAGAGGGTGTT,0,4327681
yadI_predicted,0.2,4,4,TGCGCGAAACAGTGTCTTAC,0,4306152
yadI_predicted,0.2,4,4,TGCGAAGTAGAAGCTCGGTC,0,4292000
yadI_predicted,0.2,4,4,TGCGAACCTACGCCGCTTCC,0,4323370
yadI_predicted,0.2,4,4,TGCCGGGCGAAGTGACGTGT,0,4315370
yadI_predicted,0.2,4,4,TGCCGGACGAAGCGCAATGC,0,4343027
yadI_predicted,0.2,4,4,TGCCGCAAAGCTGTGATGAC,0,4341302
yadI_predicted,0.2,4,4,TGCCCTGTGAGAATCTTAGG,0,4353103
yadI_predicted,0.2,4,4,TGCCCGCGGTCCACCGCACG,0,4352670
yadI_predicted,0.2,4,4,TGCCCCGGTTATTACAGTCC,0,4297016
yadI_predicted,0.2,4,4,TGCCAAACGATTACTTTCGT,0,4358449
yadI_predicted,0.2,4,4,TGCATTGGGTCGCATCTGAG,0,4356381
yadI_predicted,0.2,4,4,TGCACTCAGCTGCGGCACTT,0,4287834
yadI_predicted,0.2,4,4,TGCACGTGCGCCTGACCCTG,0,4285598
yadI_predicted,0.2,4,4,TGCAAAATATCTGGCTCAGT,0,4303306
yadI_predicted,0.2,4,4,TGATTGGTCACGTCCGGCAC,0,4358212
yadI_predicted,0.2,4,4,TGATTAAGTACAATTGACCT,0,4343270
yadI_predicted,0.2,4,4,TGATGTCCTGGTCTAAAAGT,0,4285449
yadI_predicted,0.2,4,4,TGATGGTCCAAAGCGCGCTG,0,4337219
yadI_predicted,0.2,4,4,TGATGCAAGAGTGAGATCGG,0,4289931
yadI_predicted,0.2,4,4,TGATGATGTCTAAGCTCAAA,0,4356604
yadI_predicted,0.2,4,4,TGATCTGCGTACTATTTCGT,0,4298143
yadI_predicted,0.2,4,4,TGATCCCACCATTGCGGGGG,0,4318376
yadI_predicted,0.2,4,4,TGATCACCTTTGGTCATCAA,0,4338406
yadI_predicted,0.2,4,4,TGATAGGACCTGAAGACCAT,0,4301944
yadI_predicted,0.2,4,4,TGAGGTTTGGATCGGGGTGT,0,4324021
yadI_predicted,0.2,4,4,TGAGGTAATGAACCATATGT,0,4329410
yadI_predicted,0.2,4,4,TGAGGGCAAATTTCCCCCGT,0,4365209
yadI_predicted,0.2,4,4,TGAGGCGTGCGCAAACTCGT,0,4304054
yadI_predicted,0.2,4,4,TGAGCTTTCGGTTTAGTCTC,0,4296858
yadI_predicted,0.2,4,4,TGAGCCCATATTATTGTAGC,0,4336608
yadI_predicted,0.2,4,4,TGAGAATTATGGCCTCTTAT,0,4293583
yadI_predicted,0.2,4,4,TGACGGGAGGCTTCGAAACG,0,4295811
yadI_predicted,0.2,4,4,TGACGCGTAAACGGCTCAGG,0,4331037
yadI_predicted,0.2,4,4,TGACGAGGTTCTTTCCTACT,0,4366979
yadI_predicted,0.2,4,4,TGACGACTGTGAGTCCCGTA,0,4290710
yadI_predicted,0.2,4,4,TGACCTCCACCGTTAATATA,0,4290237
yadI_predicted,0.2,4,4,TGACATACAGTATTCTCGGT,0,4317660
yadI_predicted,0.2,4,4,TGACACCTTCAGCAAAGTGA,0,4299428
yadI_predicted,0.2,4,4,TGACAATGAGAATTAGATCG,0,4317886
yadI_predicted,0.2,4,4,TGAATGGAGTCTCATTTTCA,0,4337025
yadI_predicted,0.2,4,4,TGAATGCTTGTGCTGTGGTG,0,4347924
yadI_predicted,0.2,4,4,TGAATAACCTGCTCATCCGA,0,4300082
yadI_predicted,0.2,4,4,TGAACCCGGTAGACCCAGCA,0,4335354
yadI_predicted,0.2,4,4,TGAAAGGAAAGCCCGGTATA,0,4321883
yadI_predicted,0.2,4,4,TGAAAGAGTTTGTAAGAGCT,0,4315272
yadI_predicted,0.2,4,4,TCTTTTCGGTAGTGTCAGTC,0,4299952
yadI_predicted,0.2,4,4,TCTTTCGGTTGGCAACTCGT,0,4289587
yadI_predicted,0.2,4,4,TCTTTAGCCCATTATACTAT,0,4291685
yadI_predicted,0.2,4,4,TCTTGCGTCGGCAGTGGTCA,0,4309350
yadI_predicted,0.2,4,4,TCTTCGCCGTCTCTTCTGGT,0,4311688
yadI_predicted,0.2,4,4,TCTTCAGTTTAGAGAGGTGT,0,4294910
yadI_predicted,0.2,4,4,TCTTATTTGCTGGTCAAACA,0,4298346
yadI_predicted,0.2,4,4,TCTTATTCTTAGACTGTAGG,0,4367602
yadI_predicted,0.2,4,4,TCTTAAACACCTAAGGGAGT,0,4310382
yadI_predicted,0.2,4,4,TCTGTTGGAAACCAGGATCA,0,4320508
yadI_predicted,0.2,4,4,TCTGTTCGAATTTTGGACGG,0,4304942
yadI_predicted,0.2,4,4,TCTGTGTTCAGGAGGTCTGG,0,4346039
yadI_predicted,0.2,4,4,TCTGTGACACGTATATTAGA,0,4356492
yadI_predicted,0.2,4,4,TCTGCTAGAGCATCGTCCAT,0,4335274
yadI_predicted,0.2,4,4,TCTGCGCCTGCCTACGTCAC,0,4338382
yadI_predicted,0.2,4,4,TCTGCAACACCGGAGTATAT,0,4339191
yadI_predicted,0.2,4,4,TCTGATACAATAAGTTTAAC,0,4340759
yadI_predicted,0.2,4,4,TCTGAGGTAACCCGGCCTCA,0,4318981
yadI_predicted,0.2,4,4,TCTGAATGGCTTTGGCCCTG,0,4352754
yadI_predicted,0.2,4,4,TCTCTGAAGTTGTGGGTAGT,0,4287900
yadI_predicted,0.2,4,4,TCTCGTGCAGTTGCGGCAGA,0,4352158
yadI_predicted,0.2,4,4,TCTCGCTGGGTTCAATAAGC,0,4350485
yadI_predicted,0.2,4,4,TCTCGAGTATTCGGACTCTC,0,4295461
yadI_predicted,0.2,4,4,TCTCGAATCGGTATATTTAT,0,4355015
yadI_predicted,0.2,4,4,TCTCGAACCGGGCGTATTTG,0,4362168
yadI_predicted,0.2,4,4,TCTCCTTTCAGTCATACAGT,0,4338351
yadI_predicted,0.2,4,4,TCTCCTACCCTGATTAGTAA,0,4294796
yadI_predicted,0.2,4,4,TCTATGCACAGCAAGCAACA,0,4298106
yadI_predicted,0.2,4,4,TCTATCCATAACATGCCTTT,0,4318360
yadI_predicted,0.2,4,4,TCTAGTTCGCCCGAGGGAAA,0,4369682
yadI_predicted,0.2,4,4,TCTACCCACTCGGGTTTTAG,0,4312335
yadI_predicted,0.2,4,4,TCTAATTCGCACTAAAGCGA,0,4327552
yadI_predicted,0.2,4,4,TCTAATAGTCCCTCTCAAAG,0,4367956
yadI_predicted,0.2,4,4,TCTAAGGCGACATCAGTGGT,0,4329684
yadI_predicted,0.2,4,4,TCGTTTTTTCGCTATAGCTA,0,4348892
yadI_predicted,0.2,4,4,TCGTTTGTACTGAAAGAAGA,0,4295421
yadI_predicted,0.2,4,4,TCGTTGGGGCCTGCGCATGT,0,4369867
yadI_predicted,0.2,4,4,TCGTTCTGTAAGGGGCTAGT,0,4289599
yadI_predicted,0.2,4,4,TCGTTAGCGAAGTTAAGGTA,0,4286021
yadI_predicted,0.2,4,4,TCGTGGCGGGGGGGCTATGA,0,4287827
yadI_predicted,0.2,4,4,TCGTGCCCTGCCTTACCTTT,0,4294431
yadI_predicted,0.2,4,4,TCGTAGTCTGGTCCAAAGTA,0,4323705
yadI_predicted,0.2,4,4,TCGTAACTTAAGCATAAGGC,0,4348932
yadI_predicted,0.2,4,4,TCGGTGGTAGAGGCCCTACC,0,4345817
yadI_predicted,0.2,4,4,TCGGTGCAAGCATAGCCCGG,0,4299374
yadI_predicted,0.2,4,4,TCGGGTGATCAACGGTCCGT,0,4361645
yadI_predicted,0.2,4,4,TCGGGGTCCCCGTTACAGCC,0,4301230
yadI_predicted,0.2,4,4,TCGGGCAGAGTATAGTGATC,0,4344044
yadI_predicted,0.2,4,4,TCGGAGAAGTAGTTCACAGA,0,4328387
yadI_predicted,0.2,4,4,TCGGAAACAATAATCCTTAT,0,4293627
yadI_predicted,0.2,4,4,TCGCTCCGTTTGGCCTTTGG,0,4285023
yadI_predicted,0.2,4,4,TCGCTACCTATCAGTTTTAG,0,4301649
yadI_predicted,0.2,4,4,TCGCGCTAATCGGTGGGCAG,0,4301216
yadI_predicted,0.2,4,4,TCGCCGTTCCGATTGTTAGA,0,4306357
yadI_predicted,0.2,4,4,TCGCAATTAAAGAGATTTAT,0,4324423
yadI_predicted,0.2,4,4,TCGATGTAGGGTGTGGTCTA,0,4299663
yadI_predicted,0.2,4,4,TCGATCGAGACCACTGTCCA,0,4343737
yadI_predicted,0.2,4,4,TCGATCAGGGGATCATCGTG,0,4351323
yadI_predicted,0.2,4,4,TCGATAACTTATTAGTTTTT,0,4334784
yadI_predicted,0.2,4,4,TCGAGGTGCAGCGGCTCAAC,0,4369951
yadI_predicted,0.2,4,4,TCGAACAAATGTACGCATTG,0,4329711
yadI_predicted,0.2,4,4,TCCTTTAAGATCATCGAGTC,0,4303601
yadI_predicted,0.2,4,4,TCCTGGAATTCTTGGTGACT,0,4289297
yadI_predicted,0.2,4,4,TCCTCAGGCATTGCACAAGG,0,4334854
yadI_predicted,0.2,4,4,TCCTAGTGATCGGATACGAG,0,4363228
yadI_predicted,0.2,4,4,TCCGTTCTAAGTACTTCTTA,0,4332782
yadI_predicted,0.2,4,4,TCCGTGGTCGTTCACGCTCA,0,4306245
yadI_predicted,0.2,4,4,TCCGGTTAAATAATAACTTC,0,4326761
yadI_predicted,0.2,4,4,TCCGGCCATACAGAGTCAAA,0,4332739
yadI_predicted,0.2,4,4,TCCGGACAAGTGCCCAAGAT,0,4354495
yadI_predicted,0.2,4,4,TCCCTGGCTTGAGAGAGTAT,0,4356217
yadI_predicted,0.2,4,4,TCCCTGAGCTGCGGCGGGCA,0,4322091
yadI_predicted,0.2,4,4,TCCCGATGTATGATTACATC,0,4317293
yadI_predicted,0.2,4,4,TCCCGAGAGCCTTCTTTGCG,0,4367905
yadI_predicted,0.2,4,4,TCCCCGGTGTACGCGAATAA,0,4305000
yadI_predicted,0.2,4,4,TCCCAGGAAAGGACAGCCCA,0,4345515
yadI_predicted,0.2,4,4,TCCATGAAATCAAGAAAGGA,0,4359902
yadI_predicted,0.2,4,4,TCCATATGTGTCCTGGGGCT,0,4319451
yadI_predicted,0.2,4,4,TCCAGTGGCCCCGTGTATCT,0,4320390
yadI_predicted,0.2,4,4,TCCACGCAACGGGGCTCGAT,0,4292952
yadI_predicted,0.2,4,4,TCCAATGCGGCGGACAGAAA,0,4326831
yadI_predicted,0.2,4,4,TCCAATAGCGAGAAGCACAG,0,4318197
yadI_predicted,0.2,4,4,TCATTGGGGGGGGTCGAACC,0,4367713
yadI_predicted,0.2,4,4,TCATTATGTCCGGCGAATTG,0,4321350
yadI_predicted,0.2,4,4,TCATGGCGGAACGCCTGCGA,0,4316441
yadI_predicted,0.2,4,4,TCATGGAGAGAAGAGACAGG,0,4344563
yadI_predicted,0.2,4,4,TCATGCGCGTGTTGACTTGA,0,4337614
yadI_predicted,0.2,4,4,TCATCCTACGGATGCCACTC,0,4355231
yadI_predicted,0.2,4,4,TCATACGAGTTTTGCCGCGT,0,4296183
yadI_predicted,0.2,4,4,TCATACCGGGCGAGCGCTAC,0,4332933
yadI_predicted,0.2,4,4,TCAGGGTGACTATCATAATT,0,4319138
yadI_predicted,0.2,4,4,TCAGCTAAAGTTGGCAGAAT,0,4344727
yadI_predicted,0.2,4,4,TCAGAGTTAGCCTAAAAGCA,0,4310550
yadI_predicted,0.2,4,4,TCACTTTGGCCAGCTCGTCA,0,4290152
yadI_predicted,0.2,4,4,TCACTCTAAATGGCATGACG,0,4299950
yadI_predicted,0.2,4,4,TCACCCGGGCCTTCACCTTT,0,4345657
yadI_predicted,0.2,4,4,TCACCCCAGTTAGGCTACCA,0,4353037
yadI_predicted,0.2,4,4,TCAATTCTGGAGGCACTGCT,0,4306515
yadI_predicted,0.2,4,4,TCAATGTTTGAAATCGTTGG,0,4309184
yadI_predicted,0.2,4,4,TCAATACTTTGGGGGTCAAA,0,4294299
yadI_predicted,0.2,4,4,TCAAGGTATGATAGCCCCTT,0,4341075
yadI_predicted,0.2,4,4,TCAAGAGGCCACGCCTACTT,0,4296584
yadI_predicted,0.2,4,4,TCAAGACTGAGGGAGTTACA,0,4308510
yadI_predicted,0.2,4,4,TCAACATAAGACAACGAATT,0,4347435
yadI_predicted,0.2,4,4,TCAAAGCCTACGTAGGAAAA,0,4303565
yadI_predicted,0.2,4,4,TCAAACGAAGTTCGGAGTTT,0,4315041
yadI_predicted,0.2,4,4,TCAAAATCTCGCGCTTGAAT,0,4362192
yadI_predicted,0.2,4,4,TCAAAACCAGTCGTTCGATG,0,4366234
yadI_predicted,0.2,4,4,TATTTGAAGTCCGATGAAGC,0,4344006
yadI_predicted,0.2,4,4,TATTTCCGACACATTAGCAT,0,4299991
yadI_predicted,0.2,4,4,TATTGTCGATCAATCTTAAT,0,4302097
yadI_predicted,0.2,4,4,TATTGGTCCCTTTAGGTGCT,0,4303739
yadI_predicted,0.2,4,4,TATTGAACGCAGGTACGCGC,0,4358893
yadI_predicted,0.2,4,4,TATTGAAAGCCATAGATAGA,0,4348896
yadI_predicted,0.2,4,4,TATTCGTTCGATCGTTTCTT,0,4321224
yadI_predicted,0.2,4,4,TATTCGCGGTGCTTATCCCA,0,4369617
yadI_predicted,0.2,4,4,TATTCGCCGAGCGTGCAATC,0,4354448
yadI_predicted,0.2,4,4,TATTCCTCTATTATCGCGTC,0,4285086
yadI_predicted,0.2,4,4,TATTACGTCGGGTGTAACAC,0,4338627
yadI_predicted,0.2,4,4,TATTAAGCAACCCTCCAAGG,0,4314566
yadI_predicted,0.2,4,4,TATGTTCAGGGTTGCGCCTT,0,4313618
yadI_predicted,0.2,4,4,TATGTGGGTTGGTCGTGACA,0,4359233
yadI_predicted,0.2,4,4,TATGTCGGAACCGCGCTAAA,0,4369920
yadI_predicted,0.2,4,4,TATGGCTGAAAGTTGGGGAA,0,4357669
yadI_predicted,0.2,4,4,TATGCTCTGCGAGTAGTAAG,0,4340942
yadI_predicted,0.2,4,4,TATGCGACGCACGGTTCCGC,0,4321271
yadI_predicted,0.2,4,4,TATGCATCAACATGTAAACG,0,4345449
yadI_predicted,0.2,4,4,TATGATTTGGGTCCTGCCAG,0,4366987
yadI_predicted,0.2,4,4,TATGAGTTGGTCATGATTTT,0,4295847
yadI_predicted,0.2,4,4,TATGACCAGTATTGGGTGAC,0,4309134
yadI_predicted,0.2,4,4,TATGAACGGCTAATGTTAAG,0,4369892
yadI_predicted,0.2,4,4,TATCTGAGGAGAACAGGAGA,0,4339748
yadI_predicted,0.2,4,4,TATCTGAAACCGTTACGTTC,0,4335334
yadI_predicted,0.2,4,4,TATCTCTCACCACGTCGATT,0,4324285
yadI_predicted,0.2,4,4,TATCTAAGTATATTTATTGA,0,4349850
yadI_predicted,0.2,4,4,TATCGTTAAGACTCTATCAA,0,4340586
yadI_predicted,0.2,4,4,TATCCCCCATTGGGCGTAAT,0,4330316
yadI_predicted,0.2,4,4,TATCCCAGCACCTTGTTCTT,0,4336867
yadI_predicted,0.2,4,4,TATCCACGAGGTTCGGATTT,0,4306102
yadI_predicted,0.2,4,4,TATCATGCATGTCGGTGACA,0,4294451
yadI_predicted,0.2,4,4,TATCATCGTGGGCGTTATAT,0,4322550
yadI_predicted,0.2,4,4,TATCAAATCGTGACCATTCT,0,4312712
yadI_predicted,0.2,4,4,TATATCTTTGAACATGGGTG,0,4338218
yadI_predicted,0.2,4,4,TATATATATACAAGGGGGTA,0,4346191
yadI_predicted,0.2,4,4,TATATAAATATCCTGGGCAT,0,4327587
yadI_predicted,0.2,4,4,TATAGAAGCCGATCGGAGAC,0,4293037
yadI_predicted,0.2,4,4,TATACATTGTTAAGTAGCCG,0,4342144
yadI_predicted,0.2,4,4,TATACATCTTTAAGCTGAAG,0,4328352
yadI_predicted,0.2,4,4,TAGTTATAATTTACAATACG,0,4305860
yadI_predicted,0.2,4,4,TAGTCGATCGCCGACCGAGT,0,4369127
yadI_predicted,0.2,4,4,TAGGTGTCCGGCCGGACTAA,0,4295122
yadI_predicted,0.2,4,4,TAGGTAGTCATGAGCTCGGT,0,4341593
yadI_predicted,0.2,4,4,TAGGGTTATGGGGAAAGACG,0,4355232
yadI_predicted,0.2,4,4,TAGGGTGTCAAAGAACCGTG,0,4344742
yadI_predicted,0.2,4,4,TAGGCGGCACACCATCGACT,0,4309436
yadI_predicted,0.2,4,4,TAGGCATTGGTTACTATCAT,0,4300759
yadI_predicted,0.2,4,4,TAGGATTACGGGTGGTTCCT,0,4315493
yadI_predicted,0.2,4,4,TAGGATAGTAGAACCCAGTG,0,4311652
yadI_predicted,0.2,4,4,TAGGATAGGCGTTAGTGGCA,0,4332942
yadI_predicted,0.2,4,4,TAGGATAATCCATGCACCTA,0,4315742
yadI_predicted,0.2,4,4,TAGGAGGATTGTACGTGGCC,0,4333820
yadI_predicted,0.2,4,4,TAGGAAGGGCTGTGTATCAT,0,4291167
yadI_predicted,0.2,4,4,TAGCTGACACGAAGACCAGC,0,4366187
yadI_predicted,0.2,4,4,TAGCTCAGTACTTACCTGTG,0,4355274
yadI_predicted,0.2,4,4,TAGCGTGAACATACGGCCGT,0,4311163
yadI_predicted,0.2,4,4,TAGCGCTACCGGGAAGCAGG,0,4368163
yadI_predicted,0.2,4,4,TAGCCGGGGCATGATTCTGC,0,4329938
yadI_predicted,0.2,4,4,TAGCAGGTGGAGTTCAGCCC,0,4320289
yadI_predicted,0.2,4,4,TAGCACAGGTAGATCCGGTT,0,4362901
yadI_predicted,0.2,4,4,TAGAGTCTAATACAGTTAGA,0,4348565
yadI_predicted,0.2,4,4,TAGAGTCCATCCATTCTTGT,0,4320012
yadI_predicted,0.2,4,4,TAGAGTAACGCCCGCACCTC,0,4298406
yadI_predicted,0.2,4,4,TAGAGGCTAAAAGGTACCAG,0,4302348
yadI_predicted,0.2,4,4,TAGAGCTCCGTTACTAAGAA,0,4301444
yadI_predicted,0.2,4,4,TAGACGGGCCTGGTTTGTTA,0,4344290
yadI_predicted,0.2,4,4,TAGACGAAGCCCTATACTAT,0,4317650
yadI_predicted,0.2,4,4,TAGAACAGGGATAAAGTCTA,0,4338775
yadI_predicted,0.2,4,4,TACTTTTATCTTCAAGAGGT,0,4316428
yadI_predicted,0.2,4,4,TACTTTGAGCCTTTTGGCGT,0,4354366
yadI_predicted,0.2,4,4,TACTTCATAGAACGTATTTG,0,4347872
yadI_predicted,0.2,4,4,TACTTAGACCCTCGGCGGAA,0,4333206
yadI_predicted,0.2,4,4,TACTGGGAGAATTTTTCTCG,0,4323174
yadI_predicted,0.2,4,4,TACTGACCGCGCGACAAATG,0,4343500
yadI_predicted,0.2,4,4,TACTCTGGGCGTAACACGCG,0,4325061
yadI_predicted,0.2,4,4,TACTCCGTGCATTTACCAGA,0,4346393
yadI_predicted,0.2,4,4,TACTCCCCCGGGCTAGCTAC,0,4365063
yadI_predicted,0.2,4,4,TACTAATTAGATTGAGCGAC,0,4286006
yadI_predicted,0.2,4,4,TACGTTTTTTAGCTTCGAAT,0,4316258
yadI_predicted,0.2,4,4,TACGTCAGTAGAAGAGCGAA,0,4298308
yadI_predicted,0.2,4,4,TACGTAGGGTTTAGTGTTTC,0,4343790
yadI_predicted,0.2,4,4,TACGGGGTACGGCCATCTTG,0,4316346
yadI_predicted,0.2,4,4,TACGCCCTAGTTAACAGACG,0,4323775
yadI_predicted,0.2,4,4,TACGATCGCTGTGAACCCAA,0,4327003
yadI_predicted,0.2,4,4,TACGAAAGTTAGTACCCAAC,0,4291585
yadI_predicted,0.2,4,4,TACCTTTTGACGAGCGTCAT,0,4302587
yadI_predicted,0.2,4,4,TACCTTCTCGGTGGGGCCCT,0,4315149
yadI_predicted,0.2,4,4,TACCTTAAACACGACTGCCA,0,4344396
yadI_predicted,0.2,4,4,TACCATCACCGAGGAGTAAG,0,4340500
yadI_predicted,0.2,4,4,TACCACTCACGAAGAGGTGA,0,4303188
yadI_predicted,0.2,4,4,TACATTTCGGACCACCGTAA,0,4336430
yadI_predicted,0.2,4,4,TACATCCTCATGAGTTGAGC,0,4334848
yadI_predicted,0.2,4,4,TACAGGGTTCGTACGAATCT,0,4321237
yadI_predicted,0.2,4,4,TACAGGAACTCCGAAGTATG,0,4363893
yadI_predicted,0.2,4,4,TACAGCTAGTTTGGTTTCGT,0,4364548
yadI_predicted,0.2,4,4,TACAATCTACGCTGCTGCTA,0,4339883
yadI_predicted,0.2,4,4,TACAAGCCTGAAATGTTGAC,0,4315216
yadI_predicted,0.2,4,4,TACAAACGGCCTAGCGGTCG,0,4298783
yadI_predicted,0.2,4,4,TAATTCGGTAAAGACCGTCA,0,4299888
yadI_predicted,0.2,4,4,TAATGTTTTGCTTTGCACTA,0,4359206
yadI_predicted,0.2,4,4,TAATATTTTCCGTCCGCGTT,0,4310969
yadI_predicted,0.2,4,4,TAATAGTGCGCAATACACGA,0,4337207
yadI_predicted,0.2,4,4,TAATAGGTGTCCGCGAGGTA,0,4342829
yadI_predicted,0.2,4,4,TAATAACAATACTCTTGGTC,0,4356263
yadI_predicted,0.2,4,4,TAAGTTGACTTATCATGATT,0,4350590
yadI_predicted,0.2,4,4,TAAGTATGCCTCTCGTCATG,0,4288503
yadI_predicted,0.2,4,4,TAAGGATGGAAAACTTGGCT,0,4340395
yadI_predicted,0.2,4,4,TAAGCTGCTAGTGGCCTTAG,0,4293022
yadI_predicted,0.2,4,4,TAAGCAACGCTATTAAGAGG,0,4294998
yadI_predicted,0.2,4,4,TAAGAGTGGGGTAAAGCGCG,0,4318416
yadI_predicted,0.2,4,4,TAAGACTCAGGCGTACAGAA,0,4322776
yadI_predicted,0.2,4,4,TAACGGGCAAAATCGGGACG,0,4319854
yadI_predicted,0.2,4,4,TAACGCTAGGTTCTAATCAA,0,4313712
yadI_predicted,0.2,4,4,TAACGAGAAGCTCAGCACTA,0,4334169
yadI_predicted,0.2,4,4,TAACGAGAACAGCCGGAGGG,0,4346426
yadI_predicted,0.2,4,4,TAACATGGTTCGCCCCACAT,0,4342011
yadI_predicted,0.2,4,4,TAAAGTCGTTCTCCGGCCGG,0,4293764
yadI_predicted,0.2,4,4,TAAAGAATGTCAAGGTCTGA,0,4294411
yadI_predicted,0.2,4,4,TAAACTTATTGATTGGGTCT,0,4332056
yadI_predicted,0.2,4,4,TAAACTCATCACGATAGGCT,0,4352235
yadI_predicted,0.2,4,4,TAAACGTCAAGCTCCGGGGG,0,4337238
yadI_predicted,0.2,4,4,TAAAATGATGCGGTTTGATC,0,4301924
yadI_predicted,0.2,4,4,TAAAACTCCAAGGATAGTTA,0,4308858
yadI_predicted,0.2,4,4,GTTTTTCAGCAGGGATATTG,0,4332383
yadI_predicted,0.2,4,4,GTTTTGTACCATCATATGTT,0,4302179
yadI_predicted,0.2,4,4,GTTTGTATCTAACGCATGTA,0,4367672
yadI_predicted,0.2,4,4,GTTTCACCAAGAGTCTTCGA,0,4328953
yadI_predicted,0.2,4,4,GTTTATCAGTTATCCGCCTT,0,4349740
yadI_predicted,0.2,4,4,GTTTACTAAATAGGGCGACT,0,4340878
yadI_predicted,0.2,4,4,GTTTAAGTGCTCTGTAGTAG,0,4348420
yadI_predicted,0.2,4,4,GTTGTATAAAGGCGGTAACG,0,4313387
yadI_predicted,0.2,4,4,GTTGTAGGCGGGTAGCCGAA,0,4315446
yadI_predicted,0.2,4,4,GTTGGGTGAGTTACCTATAC,0,4290786
yadI_predicted,0.2,4,4,GTTGGGATGGTAGCGGACTG,0,4367895
yadI_predicted,0.2,4,4,GTTGCGTCGCGCCAAGCTTC,0,4325450
yadI_predicted,0.2,4,4,GTTGATCTGTGATGCTACCT,0,4308256
yadI_predicted,0.2,4,4,GTTGATCCCTCAGGATACTG,0,4340009
yadI_predicted,0.2,4,4,GTTGAACGTCTTTGGAACTC,0,4286806
yadI_predicted,0.2,4,4,GTTCTAACCCTTATATATTG,0,4288684
yadI_predicted,0.2,4,4,GTTCGCGGGCAAACAGGTGG,0,4353344
yadI_predicted,0.2,4,4,GTTCCTTGGCTGCTGCGCCG,0,4305332
yadI_predicted,0.2,4,4,GTTCATTAAGATTCGGAGAA,0,4305002
yadI_predicted,0.2,4,4,GTTCAGGGCCTTTCAAACTG,0,4334238
yadI_predicted,0.2,4,4,GTTATGTATTTAGTTGCTCG,0,4288450
yadI_predicted,0.2,4,4,GTTATAGTGTTGTTGTTTTT,0,4349311
yadI_predicted,0.2,4,4,GTTAGGGATGTGTCATCGGA,0,4355090
yadI_predicted,0.2,4,4,GTTAGAGCTCGAGAGTGATT,0,4352193
yadI_predicted,0.2,4,4,GTTACTATCACCTCAGCGCG,0,4369344
yadI_predicted,0.2,4,4,GTTACCGTAGTTTTATAATA,0,4323755
yadI_predicted,0.2,4,4,GTTAATCAGGTTACAGGGGT,0,4309145
yadI_predicted,0.2,4,4,GTTAAGTTCGACCTAGGACA,0,4343932
yadI_predicted,0.2,4,4,GTTAAGTCCTATGGGGATAA,0,4313482
yadI_predicted,0.2,4,4,GTGTTTTCGTAACGAGAAAA,0,4368494
yadI_predicted,0.2,4,4,GTGTTCTCCGTGGGTCTAGG,0,4366092
yadI_predicted,0.2,4,4,GTGTTCCCGTGGGAGTTCGT,0,4324267
yadI_predicted,0.2,4,4,GTGTGTGTGAGGGATAGCGT,0,4307881
yadI_predicted,0.2,4,4,GTGTGCAGGCATGGATTGAT,0,4291972
yadI_predicted,0.2,4,4,GTGTCTGCCTGTAACCTTGA,0,4354437
yadI_predicted,0.2,4,4,GTGTCTGAACATGCGTTTTC,0,4335079
yadI_predicted,0.2,4,4,GTGTCAGCATCGTCGCACGG,0,4306977
yadI_predicted,0.2,4,4,GTGTCAAGTCTCAGTCCCAC,0,4302393
yadI_predicted,0.2,4,4,GTGTACCCAAAGCTCGGCCT,0,4302387
yadI_predicted,0.2,4,4,GTGTAATGACGAGGTAACAC,0,4316161
yadI_predicted,0.2,4,4,GTGTAAAGGTCACACATACG,0,4312453
yadI_predicted,0.2,4,4,GTGGTTTGTGTAGCACTCAA,0,4284156
yadI_predicted,0.2,4,4,GTGGTGAGCATGACGAAAAC,0,4295640
yadI_predicted,0.2,4,4,GTGGGGCTGATGTGCGCTTT,0,4367266
yadI_predicted,0.2,4,4,GTGGGCGACTCATTCGCGGC,0,4302210
yadI_predicted,0.2,4,4,GTGGCTTCTTCCATTTTCAG,0,4294359
yadI_predicted,0.2,4,4,GTGGCCCGTTCGATAACATT,0,4303553
yadI_predicted,0.2,4,4,GTGGATCCAGAAGCGCGGCT,0,4359879
yadI_predicted,0.2,4,4,GTGGAACCCCTCGCGAGTTC,0,4335189
yadI_predicted,0.2,4,4,GTGCGTGAGTTGACTCCAGC,0,4300262
yadI_predicted,0.2,4,4,GTGCGGGCATAGCCACATTC,0,4370057
yadI_predicted,0.2,4,4,GTGCCTTGTTACACGGGCCA,0,4326975
yadI_predicted,0.2,4,4,GTGCCAAGGCCTCAAAAAAT,0,4338083
yadI_predicted,0.2,4,4,GTGATTCAAAGTAAGTCAAA,0,4323892
yadI_predicted,0.2,4,4,GTGACTGACAACTTAGCCTT,0,4316642
yadI_predicted,0.2,4,4,GTGACGTAGGCCGTCCGAGG,0,4332267
yadI_predicted,0.2,4,4,GTGACGCTTGCAGATACATT,0,4344130
yadI_predicted,0.2,4,4,GTGACCATGCATCGCGGGCG,0,4358976
yadI_predicted,0.2,4,4,GTGACATAAGTGGCTCTCTT,0,4312137
yadI_predicted,0.2,4,4,GTGACAGCTATGTTCTTTTG,0,4304053
yadI_predicted,0.2,4,4,GTGAAGGCGGTCGCAGACAG,0,4294273
yadI_predicted,0.2,4,4,GTCTTTAGAGTGTGACAAAT,0,4328041
yadI_predicted,0.2,4,4,GTCTTATGTCCACCAGCGGA,0,4350119
yadI_predicted,0.2,4,4,GTCTGAGCATTTTGTGCACA,0,4334041
yadI_predicted,0.2,4,4,GTCTCTAGTGTCGGGTCACA,0,4350123
yadI_predicted,0.2,4,4,GTCTCTAGTGATGCAATACG,0,4338887
yadI_predicted,0.2,4,4,GTCTCAATGAAGCAAGAAAA,0,4305005
yadI_predicted,0.2,4,4,GTCTATTTCTCTTGTTTTGA,0,4367036
yadI_predicted,0.2,4,4,GTCTAGAATGTGAGCATTCC,0,4286985
yadI_predicted,0.2,4,4,GTCGTTCGGTATAATGCGCT,0,4326172
yadI_predicted,0.2,4,4,GTCGTTAAAAGTGGATCCCA,0,4313815
yadI_predicted,0.2,4,4,GTCGTGTCCAAATCGGTCGG,0,4287166
yadI_predicted,0.2,4,4,GTCGTGGGGAGGGTCGGTTC,0,4347148
yadI_predicted,0.2,4,4,GTCGTGATAGGAGGGGGCTG,0,4340477
yadI_predicted,0.2,4,4,GTCGTCATTTGCATTGCAAG,0,4318977
yadI_predicted,0.2,4,4,GTCGGTCAAATTTCTTGCAA,0,4369075
yadI_predicted,0.2,4,4,GTCGCCCAGGGCCAAGGGAT,0,4355130
yadI_predicted,0.2,4,4,GTCGATTTGGCGTACTATTC,0,4342604
yadI_predicted,0.2,4,4,GTCGATTTAAGGCGTTCTTC,0,4365603
yadI_predicted,0.2,4,4,GTCGAGATTAGGGAGTTAAT,0,4367588
yadI_predicted,0.2,4,4,GTCCGCAACTGGCATCTGAC,0,4325128
yadI_predicted,0.2,4,4,GTCCCTCCCCTCGAATGAGT,0,4354367
yadI_predicted,0.2,4,4,GTCATCCCTTTGAAATGATA,0,4335008
yadI_predicted,0.2,4,4,GTCATAGTTCCCCATCGTGT,0,4361289
yadI_predicted,0.2,4,4,GTCAGGTAAAGAGCAACTTA,0,4289940
yadI_predicted,0.2,4,4,GTCAGGCGGATTTGTCGGTG,0,4325380
yadI_predicted,0.2,4,4,GTCAGCTGTGTGAAGTGGCA,0,4356167
yadI_predicted,0.2,4,4,GTCACGACGTCTCTTACGCT,0,4345037
yadI_predicted,0.2,4,4,GTCACACTGAAGGTAGAATC,0,4354496
yadI_predicted,0.2,4,4,GTCAATGCGAGCGAACGGTG,0,4292644
yadI_predicted,0.2,4,4,GTCAATATCTGTTACGAGTG,0,4362307
yadI_predicted,0.2,4,4,GTCAAGTCGTTACAGCGGTG,0,4354942
yadI_predicted,0.2,4,4,GTCAAGCAACCATGAAAGAC,0,4336605
yadI_predicted,0.2,4,4,GTCAAACAGCCAGCGACTAT,0,4361827
yadI_predicted,0.2,4,4,GTATTGAAGGTTCAATGCCC,0,4338686
yadI_predicted,0.2,4,4,GTATGGTATTCATTAGATAC,0,4336909
yadI_predicted,0.2,4,4,GTATGCGGAGGCCCGCATAA,0,4365075
yadI_predicted,0.2,4,4,GTATCTTGTTTCTTAGCATT,0,4330175
yadI_predicted,0.2,4,4,GTATCCGTCAGCCGTTCTGA,0,4363597
yadI_predicted,0.2,4,4,GTAGTTCCGGCACGGCCAAT,0,4342353
yadI_predicted,0.2,4,4,GTAGGGATTACCCAGGGCTA,0,4314437
yadI_predicted,0.2,4,4,GTAGCGCTTCCTTTCAGAGG,0,4288647
yadI_predicted,0.2,4,4,GTAGACATCAGCTAACCTGG,0,4334869
yadI_predicted,0.2,4,4,GTAGAACGGATCATGCTACT,0,4311091
yadI_predicted,0.2,4,4,GTACTTTAGGACATTGCGAG,0,4329921
yadI_predicted,0.2,4,4,GTACTGTTAATAGTTTTATC,0,4341541
yadI_predicted,0.2,4,4,GTACTGATCGCGCTGGGTGT,0,4288634
yadI_predicted,0.2,4,4,GTACTACTCGTGGCTTATCG,0,4358097
yadI_predicted,0.2,4,4,GTACGTCGCTTCGGACGTTG,0,4346633
yadI_predicted,0.2,4,4,GTACGCGATGTGACTAACAA,0,4367059
yadI_predicted,0.2,4,4,GTACGATAGCCGCGCGTTAT,0,4365647
yadI_predicted,0.2,4,4,GTACCTAAGTAAAATTTCTG,0,4328887
yadI_predicted,0.2,4,4,GTACCAATAGTACATGTTAT,0,4320216
yadI_predicted,0.2,4,4,GTACATGGCCCGCAGACTGC,0,4290649
yadI_predicted,0.2,4,4,GTACATGGCAGTTAGTAATT,0,4287886
yadI_predicted,0.2,4,4,GTACAGGACCTCCTCGGTAG,0,4314347
yadI_predicted,0.2,4,4,GTACAGCATTAGGCTCCTGT,0,4310294
yadI_predicted,0.2,4,4,GTAATTGTTGGTATCATTAA,0,4298918
yadI_predicted,0.2,4,4,GTAATTCTTCGCCATTGTCT,0,4329274
yadI_predicted,0.2,4,4,GTAATCGACTTATCCATCAA,0,4317239
yadI_predicted,0.2,4,4,GTAATCCGAGCCAACTGTTC,0,4367566
yadI_predicted,0.2,4,4,GTAAGTTCAGCAACCCATAA,0,4328045
yadI_predicted,0.2,4,4,GTAACTCGGTATATTCTTTC,0,4357927
yadI_predicted,0.2,4,4,GTAAAACAGTAGCACGGTTG,0,4306161
yadI_predicted,0.2,4,4,GGTTTTTGCAGTTCAGACAC,0,4358610
yadI_predicted,0.2,4,4,GGTTTTGCGAAAACGGAAGG,0,4297969
yadI_predicted,0.2,4,4,GGTTGGAACCTGTGTACAAA,0,4350463
yadI_predicted,0.2,4,4,GGTTCCTTGGGAAGTGATGG,0,4355801
yadI_predicted,0.2,4,4,GGTTATAAAATCGTTGGGAA,0,4361057
yadI_predicted,0.2,4,4,GGTTACATCCAGGATCCATC,0,4298681
yadI_predicted,0.2,4,4,GGTTAAGGTCGTATTCGATA,0,4347094
yadI_predicted,0.2,4,4,GGTTAAGCCCTTCGTCTAGC,0,4332665
yadI_predicted,0.2,4,4,GGTGGGGTATCCTACTCACC,0,4365982
yadI_predicted,0.2,4,4,GGTGCTGAGACCTAACGGTA,0,4341368
yadI_predicted,0.2,4,4,GGTGAGTACCGGGAACACAG,0,4313339
yadI_predicted,0.2,4,4,GGTGACGAGTCCTTGGTCAA,0,4331413
yadI_predicted,0.2,4,4,GGTGACCGCGGTAAAGGACC,0,4285836
yadI_predicted,0.2,4,4,GGTGAAGTTGTATTGGTGTG,0,4352157
yadI_predicted,0.2,4,4,GGTGAAATGTTGTGTGTAGG,0,4346549
yadI_predicted,0.2,4,4,GGTCTTCGGCATATGTCCTG,0,4286201
yadI_predicted,0.2,4,4,GGTCTGCTCTCACGTATGAC,0,4341657
yadI_predicted,0.2,4,4,GGTCTCTCTGCGTCGGGGTC,0,4347880
yadI_predicted,0.2,4,4,GGTCGCTAAGTCTAGAATTG,0,4294119
yadI_predicted,0.2,4,4,GGTCGCATGCGTGCTAGCAT,0,4360234
yadI_predicted,0.2,4,4,GGTCGCAAAACCGCCCTGAG,0,4330378
yadI_predicted,0.2,4,4,GGTCCGGTCACCCGGTAAAT,0,4295212
yadI_predicted,0.2,4,4,GGTCACTTAGAACATGATCA,0,4363036
yadI_predicted,0.2,4,4,GGTCACCAGCTGGTTTACAG,0,4348996
yadI_predicted,0.2,4,4,GGTCAAGTCGAGAGAACACA,0,4306372
yadI_predicted,0.2,4,4,GGTCAAAACTACTCGTGCTC,0,4352815
yadI_predicted,0.2,4,4,GGTATTAAAGCGTGGCGCTC,0,4304457
yadI_predicted,0.2,4,4,GGTATGTCTCACATAATTAA,0,4355456
yadI_predicted,0.2,4,4,GGTATGGTACCTAGGTGCTA,0,4347780
yadI_predicted,0.2,4,4,GGTATGATTCTATTCGGCCA,0,4333380
yadI_predicted,0.2,4,4,GGTAGTTCACCGGCCCTACA,0,4329225
yadI_predicted,0.2,4,4,GGTAGTGGCTCTGGCTTTAC,0,4332048
yadI_predicted,0.2,4,4,GGTAGGTGGTCTTACGGTAA,0,4323840
yadI_predicted,0.2,4,4,GGTAGGTCCGGTAATAATAA,0,4350809
yadI_predicted,0.2,4,4,GGTAGGGAGGTAACGGTTGA,0,4304473
yadI_predicted,0.2,4,4,GGTACTGTCATTCCTAACAT,0,4362090
yadI_predicted,0.2,4,4,GGTACGGATTGATCGACTAT,0,4310201
yadI_predicted,0.2,4,4,GGTACAACTTCTCGTCCGCA,0,4302646
yadI_predicted,0.2,4,4,GGTAAGCCAGGCCCGGAGTA,0,4307022
yadI_predicted,0.2,4,4,GGTAACGAGCCACGAGTGGA,0,4337479
yadI_predicted,0.2,4,4,GGTAACAGTGCTCGTCCGGT,0,4302191
yadI_predicted,0.2,4,4,GGTAAACATGAACCGACTAA,0,4336527
yadI_predicted,0.2,4,4,GGGTTTATACGTGATGGTCT,0,4362516
yadI_predicted,0.2,4,4,GGGTTGCAATGTTTTGAATC,0,4315474
yadI_predicted,0.2,4,4,GGGTTGATAAGCGTTGAGGA,0,4294857
yadI_predicted,0.2,4,4,GGGTTCAGCCGTTACTTGCG,0,4360362
yadI_predicted,0.2,4,4,GGGTGTGCTTAAGATCACGC,0,4346184
yadI_predicted,0.2,4,4,GGGTGGTTCCCATTACTTCT,0,4355244
yadI_predicted,0.2,4,4,GGGTGCGCACCCCGTAGCCC,0,4303179
yadI_predicted,0.2,4,4,GGGTGCCGCATTCACCCCTC,0,4351360
yadI_predicted,0.2,4,4,GGGTGAAGGTGTATTCGCTA,0,4287892
yadI_predicted,0.2,4,4,GGGTCCATGTAATGACATTA,0,4359025
yadI_predicted,0.2,4,4,GGGTCCATGAGGTCGGCGAG,0,4306567
yadI_predicted,0.2,4,4,GGGTCACCTCTTTTTAGCTA,0,4307727
yadI_predicted,0.2,4,4,GGGTACGGGAGCGCTCACTT,0,4339408
yadI_predicted,0.2,4,4,GGGTAAAGATGCACGGCGCC,0,4306073
yadI_predicted,0.2,4,4,GGGGTTTTCAACGCTGGTGA,0,4364553
yadI_predicted,0.2,4,4,GGGGTGTATAAGTCATCTCT,0,4299649
yadI_predicted,0.2,4,4,GGGGGGGCACGTGGTAACCG,0,4361265
yadI_predicted,0.2,4,4,GGGGATAGCTTATAGTATTC,0,4362282
yadI_predicted,0.2,4,4,GGGGAGTCAGGTTACCTACG,0,4285787
yadI_predicted,0.2,4,4,GGGGAGGCCGGACAGACACG,0,4317745
yadI_predicted,0.2,4,4,GGGGACAGGTCGAGCCGTGG,0,4324683
yadI_predicted,0.2,4,4,GGGCTTCGATACTGCCACCA,0,4350942
yadI_predicted,0.2,4,4,GGGCTGATATGCGTGAAATC,0,4351405
yadI_predicted,0.2,4,4,GGGCTCCCGCGGCGTGATCC,0,4355608
yadI_predicted,0.2,4,4,GGGCTAACAAAATACCTGAG,0,4310105
yadI_predicted,0.2,4,4,GGGCGCTGAACTCTGTTTAC,0,4285044
yadI_predicted,0.2,4,4,GGGCGCGTGTTTCCATAAAT,0,4332257
yadI_predicted,0.2,4,4,GGGCGCCAATGCCACTGAAG,0,4301350
yadI_predicted,0.2,4,4,GGGCGATGCCCTAGCTTCGA,0,4363126
yadI_predicted,0.2,4,4,GGGCGATCGCAGACCCAACG,0,4291977
yadI_predicted,0.2,4,4,GGGCGAGCACATGGCGTCTT,0,4366143
yadI_predicted,0.2,4,4,GGGCCGCTTCACCTCAGCCG,0,4314830
yadI_predicted,0.2,4,4,GGGCAGGTCAGGGTGGACGT,0,4309924
yadI_predicted,0.2,4,4,GGGCAAATTGCACCACCATT,0,4319155
yadI_predicted,0.2,4,4,GGGATCCCCCGCTTGAAGTT,0,4327191
yadI_predicted,0.2,4,4,GGGATCAAGGGCGGAAGTCA,0,4340471
yadI_predicted,0.2,4,4,GGGATAATGGTCTGTCGCAA,0,4301879
yadI_predicted,0.2,4,4,GGGAGGGGCGACTCTAAATA,0,4349198
yadI_predicted,0.2,4,4,GGGAGGGAGTGCTTATAAGG,0,4299409
yadI_predicted,0.2,4,4,GGGAAGTTGTCTTCTTAGGA,0,4312445
yadI_predicted,0.2,4,4,GGGAAGTCTGGGGCCGCGAA,0,4299186
yadI_predicted,0.2,4,4,GGGAAGGTGGATGATTGTCA,0,4286965
yadI_predicted,0.2,4,4,GGGAAGAGGATTGCGTCCGT,0,4336057
yadI_predicted,0.2,4,4,GGGAAAGCGTGTTTGTGTGT,0,4369522
yadI_predicted,0.2,4,4,GGGAAAATGAAGCAGGCCGT,0,4294372
yadI_predicted,0.2,4,4,GGCTTCGGCGCTACGGATGG,0,4310959
yadI_predicted,0.2,4,4,GGCTTCCAGAGAGCGCAGCC,0,4355058
yadI_predicted,0.2,4,4,GGCTTAGACACAGGCACACT,0,4310492
yadI_predicted,0.2,4,4,GGCTTACCGAAGTGTCTTGT,0,4322715
yadI_predicted,0.2,4,4,GGCTGTGTTATGTCGTTAGG,0,4299804
yadI_predicted,0.2,4,4,GGCTGCTAACGCCTGTTGAT,0,4366657
yadI_predicted,0.2,4,4,GGCTCTTTTTTGCTTGCGTT,0,4328597
yadI_predicted,0.2,4,4,GGCTCTCTTTTGATGTACAT,0,4333001
yadI_predicted,0.2,4,4,GGCTCCTCCTAGCTCGTGTA,0,4302515
yadI_predicted,0.2,4,4,GGCGTTACCCAGGCACACCG,0,4355708
yadI_predicted,0.2,4,4,GGCGTCTACGGATGGGGCAG,0,4304414
yadI_predicted,0.2,4,4,GGCGTATAGCTGTAAGGTAG,0,4345252
yadI_predicted,0.2,4,4,GGCGGGGTCACAAAACGGCG,0,4335953
yadI_predicted,0.2,4,4,GGCGGCGCTAGAGCTGTGCT,0,4302242
yadI_predicted,0.2,4,4,GGCGGCCTGGAGCCACTAGC,0,4343192
yadI_predicted,0.2,4,4,GGCGGCCCGCGCCCTATGTA,0,4305900
yadI_predicted,0.2,4,4,GGCGGAGATCGGTCTGAAAG,0,4323961
yadI_predicted,0.2,4,4,GGCGCTCGTGTGAGGAAAGC,0,4314520
yadI_predicted,0.2,4,4,GGCGCGTTTCGCGATCCTTT,0,4351142
yadI_predicted,0.2,4,4,GGCGAGGGCCTGCATTGAAC,0,4327336
yadI_predicted,0.2,4,4,GGCGACTCTTAAAGCCTACT,0,4351971
yadI_predicted,0.2,4,4,GGCGAAGATTTGGATACAGT,0,4364029
yadI_predicted,0.2,4,4,GGCCGTGCTAAATCATCTGG,0,4360496
yadI_predicted,0.2,4,4,GGCCGGTCTGTCCGAAGTGA,0,4304555
yadI_predicted,0.2,4,4,GGCCGCTGAGTTTTTCCCCC,0,4336023
yadI_predicted,0.2,4,4,GGCCGAGGGATCTCACATCC,0,4353996
yadI_predicted,0.2,4,4,GGCCCCAGTGTTTGAACGTA,0,4313537
yadI_predicted,0.2,4,4,GGCCATTTTGGTATACCAAA,0,4345621
yadI_predicted,0.2,4,4,GGCCAGTTGCTCGCGAGAAA,0,4285917
yadI_predicted,0.2,4,4,GGCATTCGCATATGAAATCG,0,4358095
yadI_predicted,0.2,4,4,GGCATCGAAGCAGATCATAC,0,4286956
yadI_predicted,0.2,4,4,GGCAGTTATGGGATACGCAT,0,4351850
yadI_predicted,0.2,4,4,GGCAGGGACACAAGTGTCAG,0,4367242
yadI_predicted,0.2,4,4,GGCACTTAAACTCAGGTGTT,0,4368061
yadI_predicted,0.2,4,4,GGCACGTGGCCGCGTTATAC,0,4284777
yadI_predicted,0.2,4,4,GGATTTGATTCCTGCTCTTC,0,4347077
yadI_predicted,0.2,4,4,GGATTTCGTAATTATTATTC,0,4356640
yadI_predicted,0.2,4,4,GGATTAACCCTTCGGATCCT,0,4286923
yadI_predicted,0.2,4,4,GGATGTGGAACCAGTTAATC,0,4337557
yadI_predicted,0.2,4,4,GGATGGAACATTGAGCTAGC,0,4305827
yadI_predicted,0.2,4,4,GGATGGAAATGGCGGTTATA,0,4301144
yadI_predicted,0.2,4,4,GGATACAGGGCGAAGAGTGT,0,4327805
yadI_predicted,0.2,4,4,GGATAATGAATATCTGGACG,0,4319712
yadI_predicted,0.2,4,4,GGATAAGGTCCGGTTCTGCC,0,4304673
yadI_predicted,0.2,4,4,GGAGTCTGGTCAGATTTTGT,0,4326070
yadI_predicted,0.2,4,4,GGAGGTCTAAGTCAAGGCCG,0,4293135
yadI_predicted,0.2,4,4,GGAGGCGTGGGCACATAAGC,0,4345627
yadI_predicted,0.2,4,4,GGAGGACGCTGCTCCTTCAG,0,4319867
yadI_predicted,0.2,4,4,GGAGCGAGTGAGGTTGTTGC,0,4339693
yadI_predicted,0.2,4,4,GGAGACTAGCCTACCATAAA,0,4298535
yadI_predicted,0.2,4,4,GGAGACCCACAAAATATAGA,0,4324315
yadI_predicted,0.2,4,4,GGAGAAAATTTACGGCCCAC,0,4362653
yadI_predicted,0.2,4,4,GGACTGGGTCGAGCGATCAC,0,4296319
yadI_predicted,0.2,4,4,GGACGCTTATCTATTGACAC,0,4343861
yadI_predicted,0.2,4,4,GGACCTAAAATACAGAAGCG,0,4325104
yadI_predicted,0.2,4,4,GGACCGTTGGTACTTTCGTT,0,4365497
yadI_predicted,0.2,4,4,GGACCGTCCCCGGTACAACA,0,4284357
yadI_predicted,0.2,4,4,GGACACTCAGGCGTTTAGGG,0,4323291
yadI_predicted,0.2,4,4,GGACACGTTGGTCATTCTGG,0,4291654
yadI_predicted,0.2,4,4,GGACACCTATGACCGTCACC,0,4337273
yadI_predicted,0.2,4,4,GGACAAGTACGCGGAGCCGT,0,4301861
yadI_predicted,0.2,4,4,GGAATTTTGATGGTCTGATT,0,4351609
yadI_predicted,0.2,4,4,GGAATTCTTAGATCGGTGCA,0,4352245
yadI_predicted,0.2,4,4,GGAATGGTCAAGGTAAGAAC,0,4354361
yadI_predicted,0.2,4,4,GGAATGGGTCGGGATACTGT,0,4322690
yadI_predicted,0.2,4,4,GGAATCCAACGATCGGCACG,0,4363536
yadI_predicted,0.2,4,4,GGAAGGGGATGCAGAGGATA,0,4357060
yadI_predicted,0.2,4,4,GGAAGGCGCAGCCCGTTGGA,0,4321173
yadI_predicted,0.2,4,4,GGAAGACAGTTCCGTAACCG,0,4368575
yadI_predicted,0.2,4,4,GGAACTCATTGATTCAGTGT,0,4290963
yadI_predicted,0.2,4,4,GGAAATTGGTTGGGGCAAAC,0,4304514
yadI_predicted,0.2,4,4,GGAAATACGCGTCTCCACGA,0,4317572
yadI_predicted,0.2,4,4,GGAAACGAGAATTGGTTTAA,0,4285649
yadI_predicted,0.2,4,4,GGAAACCAAATATGCCAGGC,0,4323353
yadI_predicted,0.2,4,4,GCTTTTAATCTCGTGCGTTC,0,4330769
yadI_predicted,0.2,4,4,GCTTTGGCGGTATGGGTTCT,0,4359722
yadI_predicted,0.2,4,4,GCTTGGCTTGCATAGTCAAT,0,4288177
yadI_predicted,0.2,4,4,GCTTGCTAATACCGGTGGAA,0,4290879
yadI_predicted,0.2,4,4,GCTTCTACGGGTGAGTTACT,0,4285301
yadI_predicted,0.2,4,4,GCTTCGCCTCAAATTCCTGG,0,4339424
yadI_predicted,0.2,4,4,GCTTCGATCCCCGGGGGCTC,0,4355735
yadI_predicted,0.2,4,4,GCTTATTTATTATCCGACAT,0,4342753
yadI_predicted,0.2,4,4,GCTTATGTAGCGATCGCACC,0,4294202
yadI_predicted,0.2,4,4,GCTTATCGGTAGTTAACTGC,0,4343919
yadI_predicted,0.2,4,4,GCTTATCCGTATCCCGGAAG,0,4340674
yadI_predicted,0.2,4,4,GCTGGTGGTCTTAGCAATGC,0,4318318
yadI_predicted,0.2,4,4,GCTGGGTCTCGCCTTCGGCG,0,4342556
yadI_predicted,0.2,4,4,GCTGGGGCTACGTGCAACAC,0,4365338
yadI_predicted,0.2,4,4,GCTGGCTTTCGGGCAATGAG,0,4308415
yadI_predicted,0.2,4,4,GCTGCTAATGGTTCCCCTCT,0,4360187
yadI_predicted,0.2,4,4,GCTGCGCCCCGTTTTTACAA,0,4333642
yadI_predicted,0.2,4,4,GCTGATTATATCTCGTCTAA,0,4318139
yadI_predicted,0.2,4,4,GCTGATCTGATCTTGTGAAC,0,4292088
yadI_predicted,0.2,4,4,GCTCTCATTCATCATAGGTA,0,4326014
yadI_predicted,0.2,4,4,GCTCTAGAACTCGGAATCGG,0,4340761
yadI_predicted,0.2,4,4,GCTCGTCGTCGAATCATCCA,0,4340914
yadI_predicted,0.2,4,4,GCTCGGTGTGGGGCTGACAC,0,4316127
yadI_predicted,0.2,4,4,GCTCGCGGGGTTGCCCTCAA,0,4293380
yadI_predicted,0.2,4,4,GCTCCGTAGACAGGGTCGGT,0,4322750
yadI_predicted,0.2,4,4,GCTCATGCGACCACCGCTCG,0,4365004
yadI_predicted,0.2,4,4,GCTCAGTCCAGTAGCACGAA,0,4320360
yadI_predicted,0.2,4,4,GCTCAGCGAATAGGGATCGC,0,4353652
yadI_predicted,0.2,4,4,GCTCAATTGTCACAGCGCTA,0,4327658
yadI_predicted,0.2,4,4,GCTATTCGGGACTCAACCTG,0,4342121
yadI_predicted,0.2,4,4,GCTATTAGTTACCATAGGTT,0,4308454
yadI_predicted,0.2,4,4,GCTATGGCTTTTTCCTATAC,0,4353132
yadI_predicted,0.2,4,4,GCTATCTACGAAAATTCACT,0,4361303
yadI_predicted,0.2,4,4,GCTAGATCCGTTATCAAGGT,0,4323004
yadI_predicted,0.2,4,4,GCTAGATACTCCAGCCTAAA,0,4316440
yadI_predicted,0.2,4,4,GCTACGCCGCGCGCTGTATA,0,4359686
yadI_predicted,0.2,4,4,GCTACCCTGCGCCCCTAGTA,0,4311445
yadI_predicted,0.2,4,4,GCTAAAGTGTCAGAGTTCAC,0,4326745
yadI_predicted,0.2,4,4,GCGTTCGAGCCCAATCTGTT,0,4360373
yadI_predicted,0.2,4,4,GCGTTCGAGAAACGTCGCCC,0,4299604
yadI_predicted,0.2,4,4,GCGTTAAGCCACCTGCATGG,0,4365972
yadI_predicted,0.2,4,4,GCGTGTGAGCTTGCTCAGGC,0,4342547
yadI_predicted,0.2,4,4,GCGTGGCACAGTGGGCGTTC,0,4291603
yadI_predicted,0.2,4,4,GCGTGGATTTTGGACCCCAC,0,4347364
yadI_predicted,0.2,4,4,GCGTGCAGAGTTAAACTACT,0,4285367
yadI_predicted,0.2,4,4,GCGTCTTCCATATGGTACTC,0,4293153
yadI_predicted,0.2,4,4,GCGTAGGGACCATCGTCCTT,0,4285282
yadI_predicted,0.2,4,4,GCGTAGACGACGCCGTGATT,0,4329908
yadI_predicted,0.2,4,4,GCGGTTGGGTCGCAGGCTCT,0,4304634
yadI_predicted,0.2,4,4,GCGGTCAACAACTTCTGGCA,0,4330242
yadI_predicted,0.2,4,4,GCGGGTAGCTATGCCTTGGC,0,4288157
yadI_predicted,0.2,4,4,GCGGGGAGACATCAGCACTG,0,4338471
yadI_predicted,0.2,4,4,GCGGGCCCCCTGGCACGCAT,0,4352931
yadI_predicted,0.2,4,4,GCGGGCAACATACTAAGCAG,0,4337514
yadI_predicted,0.2,4,4,GCGGATAACGGTCGAGATGA,0,4290684
yadI_predicted,0.2,4,4,GCGCTGGCATGAGTTATTCA,0,4287401
yadI_predicted,0.2,4,4,GCGCCGAAATCTGTGCATTA,0,4332322
yadI_predicted,0.2,4,4,GCGCCCAACACTGGCTCTAT,0,4367314
yadI_predicted,0.2,4,4,GCGCATCCTGTGATATCTTT,0,4286211
yadI_predicted,0.2,4,4,GCGCAACTTCGTACCATGCT,0,4300422
yadI_predicted,0.2,4,4,GCGCAACAGGGGACTTGATT,0,4297588
yadI_predicted,0.2,4,4,GCGATGATATAAGAAGACCT,0,4315283
yadI_predicted,0.2,4,4,GCGAGTTCTTGGTACTCAGG,0,4330804
yadI_predicted,0.2,4,4,GCGAGCAAGAATATTATGGG,0,4304235
yadI_predicted,0.2,4,4,GCGACTTTCACAGGTTTCAT,0,4322847
yadI_predicted,0.2,4,4,GCGACGACACTGCCGCGGCT,0,4368767
yadI_predicted,0.2,4,4,GCGACACTCTAGCCATCACC,0,4298079
yadI_predicted,0.2,4,4,GCGAAATTCCAAGGGTTGGG,0,4318733
yadI_predicted,0.2,4,4,GCGAAATCATCTGCGCTGTG,0,4290070
yadI_predicted,0.2,4,4,GCCTGCGGGAAGCGCGATGC,0,4349533
yadI_predicted,0.2,4,4,GCCTCCCTGGTCGCTCTGGT,0,4293759
yadI_predicted,0.2,4,4,GCCTCCCGGGTCCTGAGAAC,0,4284657
yadI_predicted,0.2,4,4,GCCTAGATCTAACGTGCGTT,0,4299849
yadI_predicted,0.2,4,4,GCCTACGACTACACTTGCAT,0,4339933
yadI_predicted,0.2,4,4,GCCTACAGACGCTGAGGTGC,0,4305978
yadI_predicted,0.2,4,4,GCCTAAGCATGCAGTATGCA,0,4314420
yadI_predicted,0.2,4,4,GCCGTACGATGGAGAGTTAT,0,4329091
yadI_predicted,0.2,4,4,GCCGCAGGGTGCCGATCCTT,0,4300125
yadI_predicted,0.2,4,4,GCCGACGTATTTGCGAGGTA,0,4306695
yadI_predicted,0.2,4,4,GCCCTTCCACCAGGAGAATC,0,4332263
yadI_predicted,0.2,4,4,GCCCTACGTCTAACGCATGT,0,4312198
yadI_predicted,0.2,4,4,GCCCGTCTCAGTCAAATACA,0,4303493
yadI_predicted,0.2,4,4,GCCCGATCTGGTACTTCGGG,0,4289066
yadI_predicted,0.2,4,4,GCCCGATCCCGGTTCTCCAA,0,4328463
yadI_predicted,0.2,4,4,GCCCCCTGAGTTTGTGCTCA,0,4365963
yadI_predicted,0.2,4,4,GCCCACACATCAATTTTATG,0,4295786
yadI_predicted,0.2,4,4,GCCCAACGCTGTTTGTCGCT,0,4356920
yadI_predicted,0.2,4,4,GCCATCCCAGTGGGCGGACC,0,4323731
yadI_predicted,0.2,4,4,GCCATACCTCGCAAGCTTTC,0,4349014
yadI_predicted,0.2,4,4,GCCAGGATCGCTAACTCAAA,0,4295261
yadI_predicted,0.2,4,4,GCCACTTGCGTCCATGCGCT,0,4363554
yadI_predicted,0.2,4,4,GCCAAGACCTGCTCAGGCCA,0,4288164
yadI_predicted,0.2,4,4,GCATTTTTACCTCTGAAACG,0,4302599
yadI_predicted,0.2,4,4,GCATTGTAACATGCGATATA,0,4307446
yadI_predicted,0.2,4,4,GCATTGCTCGGGGTAGCCTC,0,4300120
yadI_predicted,0.2,4,4,GCATGGGGAAGCGCGAAGGA,0,4308703
yadI_predicted,0.2,4,4,GCATGAGTCGATCACTGATG,0,4284122
yadI_predicted,0.2,4,4,GCATCGAGTGGGTCAAGGTC,0,4362939
yadI_predicted,0.2,4,4,GCATCAGTAGTTTATAGTTG,0,4319233
yadI_predicted,0.2,4,4,GCATACCCCAAAGTGGCCGG,0,4318832
yadI_predicted,0.2,4,4,GCATAATGTACCCTGCAAAC,0,4326771
yadI_predicted,0.2,4,4,GCAGTGCGTGTACCAGGGTC,0,4310679
yadI_predicted,0.2,4,4,GCAGGTGTATGTCTGTCTTA,0,4309862
yadI_predicted,0.2,4,4,GCAGGGCCTCGGTTTGCAGG,0,4297567
yadI_predicted,0.2,4,4,GCAGGCATTGCAGATGAGTT,0,4363396
yadI_predicted,0.2,4,4,GCAGCTTTGGGTAATAGTTA,0,4314678
yadI_predicted,0.2,4,4,GCAGCATTCCGCTCGGTCGT,0,4330616
yadI_predicted,0.2,4,4,GCAGATCGGGTGCACCCCAT,0,4331277
yadI_predicted,0.2,4,4,GCAGACTCGCGGGTATGAGT,0,4365270
yadI_predicted,0.2,4,4,GCAGACGCAGAATACCAGAG,0,4360853
yadI_predicted,0.2,4,4,GCAGACCTAGCATCACATGG,0,4288008
yadI_predicted,0.2,4,4,GCAGAATTGGCTCCGGTCGG,0,4285652
yadI_predicted,0.2,4,4,GCACTCCGGAGCCCACACCT,0,4362250
yadI_predicted,0.2,4,4,GCACTCAGACCCAACGTACG,0,4347617
yadI_predicted,0.2,4,4,GCACTATGTCCCAGGCGTAA,0,4306685
yadI_predicted,0.2,4,4,GCACGCGAAACCCACTAAAC,0,4352632
yadI_predicted,0.2,4,4,GCACGATCCACCTTCTGGAT,0,4294553
yadI_predicted,0.2,4,4,GCACCCGTAAAAGTTCACGG,0,4316359
yadI_predicted,0.2,4,4,GCACCATTGGTTAGTGGCAA,0,4341844
yadI_predicted,0.2,4,4,GCACCATGCGCGTATGAAGT,0,4352921
yadI_predicted,0.2,4,4,GCACCATAGCGAGGGCCACG,0,4322261
yadI_predicted,0.2,4,4,GCACATGTTTGGAGCGGAGG,0,4284723
yadI_predicted,0.2,4,4,GCACATCGGACTCAAGGGTG,0,4298086
yadI_predicted,0.2,4,4,GCAATTTGCACATATCGGTA,0,4357356
yadI_predicted,0.2,4,4,GCAATCGCGGGCTTAAGATG,0,4318505
yadI_predicted,0.2,4,4,GCAAGTTGAGTATAGCTCCC,0,4287617
yadI_predicted,0.2,4,4,GCAACTTTGGGTCGTTGGTT,0,4352047
yadI_predicted,0.2,4,4,GCAACTTGCTTGATGTGTCC,0,4300957
yadI_predicted,0.2,4,4,GCAACGGTGCCGAAATCTCA,0,4319220
yadI_predicted,0.2,4,4,GCAACGCAAGCCCATAGCCT,0,4314345
yadI_predicted,0.2,4,4,GCAACCCGAGCTGCTATCGA,0,4298496
yadI_predicted,0.2,4,4,GATTTGTGTCGGCGACTAGA,0,4289236
yadI_predicted,0.2,4,4,GATTTCGGGAGTTCCGTTTG,0,4291164
yadI_predicted,0.2,4,4,GATTTCATAATCACACTTAT,0,4362712
yadI_predicted,0.2,4,4,GATTTATTTTAATAGTCTCA,0,4305249
yadI_predicted,0.2,4,4,GATTTATGTGAATAAGCGCA,0,4345102
yadI_predicted,0.2,4,4,GATTTAGGGCTGATTTGTGA,0,4341417
yadI_predicted,0.2,4,4,GATTGTGATCGCTCTCCAGT,0,4358520
yadI_predicted,0.2,4,4,GATTGACACCTGGCAAACAG,0,4353522
yadI_predicted,0.2,4,4,GATTCGTCAGGAGGGGATCG,0,4317377
yadI_predicted,0.2,4,4,GATTCGCAGAATCTGGTGAG,0,4359189
yadI_predicted,0.2,4,4,GATTCCGACCAGAGCCGCAA,0,4337130
yadI_predicted,0.2,4,4,GATTATCAAACGTCAATTCT,0,4306833
yadI_predicted,0.2,4,4,GATTAATTGTAAGATTTACT,0,4296439
yadI_predicted,0.2,4,4,GATGTGGTGGGGGCTCTTAG,0,4354805
yadI_predicted,0.2,4,4,GATGTGCTCCGTAGTATCTT,0,4310025
yadI_predicted,0.2,4,4,GATGTCCTTTTGTGCCATGC,0,4357079
yadI_predicted,0.2,4,4,GATGGGTCTGCTTGATCAAG,0,4369587
yadI_predicted,0.2,4,4,GATGCTACACGGGGTCCAAT,0,4369878
yadI_predicted,0.2,4,4,GATGCCTGATAGCATGTTGT,0,4284354
yadI_predicted,0.2,4,4,GATGCAGGTCCTGATCCGGT,0,4357142
yadI_predicted,0.2,4,4,GATCTAACGTAGTCACAGAT,0,4339289
yadI_predicted,0.2,4,4,GATCGGGCCCACAATTCATG,0,4351465
yadI_predicted,0.2,4,4,GATCGCATAAAGCATTCGCA,0,4337903
yadI_predicted,0.2,4,4,GATCCTTCCCATGCCTACTT,0,4305591
yadI_predicted,0.2,4,4,GATCAGTTACTCGGGGAAGT,0,4364833
yadI_predicted,0.2,4,4,GATCACTACTTACGTTGGCT,0,4311418
yadI_predicted,0.2,4,4,GATATTAGCGATAAATACAG,0,4326698
yadI_predicted,0.2,4,4,GATATAGATCACTAGGGGTG,0,4359247
yadI_predicted,0.2,4,4,GATAGTGAGCACTACCCACC,0,4311731
yadI_predicted,0.2,4,4,GATAGTCGAGGGTAGCTGGT,0,4294656
yadI_predicted,0.2,4,4,GATAGTACCCATAGAGTAGT,0,4296118
yadI_predicted,0.2,4,4,GATACTTAAGCGGGGCAGTC,0,4369955
yadI_predicted,0.2,4,4,GATACTGGTCGTTGCAAGGG,0,4325348
yadI_predicted,0.2,4,4,GATACTGATGCATCTGACGG,0,4310221
yadI_predicted,0.2,4,4,GATACGTTGAATTAAGTGTT,0,4350683
yadI_predicted,0.2,4,4,GATACGGAATCAGTTTCCAA,0,4293616
yadI_predicted,0.2,4,4,GATACGCTGTGCCCTTGTTA,0,4364492
yadI_predicted,0.2,4,4,GATAAGCCCTATCGGGGTTT,0,4343822
yadI_predicted,0.2,4,4,GAGTTAAGATGGCGCGCTGG,0,4321616
yadI_predicted,0.2,4,4,GAGTGATGGGGATGGGGATA,0,4315423
yadI_predicted,0.2,4,4,GAGTGAGGGTGTTTTCATTG,0,4363156
yadI_predicted,0.2,4,4,GAGTGAGGCCCTTGCTAGAG,0,4349398
yadI_predicted,0.2,4,4,GAGTGAAGGATTGGACGCGG,0,4310855
yadI_predicted,0.2,4,4,GAGTCTTATTGTTCCTCATT,0,4303108
yadI_predicted,0.2,4,4,GAGTCCGAGTTGAGTTACGA,0,4364183
yadI_predicted,0.2,4,4,GAGTAGGTTATATCCATCCT,0,4299810
yadI_predicted,0.2,4,4,GAGGGTTTCGAGTTGAAAAG,0,4354785
yadI_predicted,0.2,4,4,GAGGGTTCCAGCCACCGTCA,0,4360585
yadI_predicted,0.2,4,4,GAGGGTTATGCAACCTGGGA,0,4362452
yadI_predicted,0.2,4,4,GAGGGGGTTTGTGCCCGTGA,0,4318835
yadI_predicted,0.2,4,4,GAGGGCGAAAGGCATAAAGG,0,4337003
yadI_predicted,0.2,4,4,GAGGGATTGGTGACTACCGT,0,4328054
yadI_predicted,0.2,4,4,GAGGCGCCTGGCGCGTCTCT,0,4334232
yadI_predicted,0.2,4,4,GAGGCCGTGATGAACGGAAT,0,4287298
yadI_predicted,0.2,4,4,GAGGCCCGCAGTGACTTTTA,0,4337853
yadI_predicted,0.2,4,4,GAGGACAGCAGAGTACCCTT,0,4358404
yadI_predicted,0.2,4,4,GAGGAACGTCGTCACACTGC,0,4357821
yadI_predicted,0.2,4,4,GAGCTGCTTCGCACATCCGT,0,4345614
yadI_predicted,0.2,4,4,GAGCTCGACGACAACGTACT,0,4316583
yadI_predicted,0.2,4,4,GAGCTCCACGAGCCTCTGAT,0,4324934
yadI_predicted,0.2,4,4,GAGCTCATCGCTGCACCTCC,0,4355324
yadI_predicted,0.2,4,4,GAGCGGACTCCGGGTGCCTC,0,4340352
yadI_predicted,0.2,4,4,GAGCCTGGATCCGACCAAGT,0,4328852
yadI_predicted,0.2,4,4,GAGCCCCACACACGGGAAAT,0,4350555
yadI_predicted,0.2,4,4,GAGCATCATGTAACTACGGG,0,4305308
yadI_predicted,0.2,4,4,GAGCACCTCGGATCTTCAAT,0,4360493
yadI_predicted,0.2,4,4,GAGCAATTTGGTATAGTGGA,0,4331680
yadI_predicted,0.2,4,4,GAGACTCTTCAACTATGCGA,0,4343022
yadI_predicted,0.2,4,4,GAGAATCACGGGAGATACTA,0,4310344
yadI_predicted,0.2,4,4,GAGAATATCAACTTAGTTAC,0,4364441
yadI_predicted,0.2,4,4,GAGAAGTAAGGACTGAAGTT,0,4293129
yadI_predicted,0.2,4,4,GACTTTCCCAGCTATGGACG,0,4342966
yadI_predicted,0.2,4,4,GACTTCACGTCTCTCTTAAC,0,4300457
yadI_predicted,0.2,4,4,GACTGTAACGACAGATACGG,0,4290944
yadI_predicted,0.2,4,4,GACTGGGTTATTTGTTGTCG,0,4330725
yadI_predicted,0.2,4,4,GACTGGGTAGAAAATATCGG,0,4287948
yadI_predicted,0.2,4,4,GACTGCAGCGAGCCTCGACT,0,4290122
yadI_predicted,0.2,4,4,GACTCTCACCCCGAAAGCCA,0,4297836
yadI_predicted,0.2,4,4,GACTATCACGTGCAACAAGA,0,4309979
yadI_predicted,0.2,4,4,GACTAGAAATTAAGCCTGCT,0,4288905
yadI_predicted,0.2,4,4,GACGTACTGCCATACCATTC,0,4355853
yadI_predicted,0.2,4,4,GACGGACAAGTTCTTTGTAG,0,4315790
yadI_predicted,0.2,4,4,GACGCGCGCGACGTAGAGAA,0,4351954
yadI_predicted,0.2,4,4,GACGCAGGAAATTCCGACTA,0,4336139
yadI_predicted,0.2,4,4,GACGACGATTCGGGGTAAGG,0,4328840
yadI_predicted,0.2,4,4,GACCGTGTTTATTCTCTTCG,0,4329974
yadI_predicted,0.2,4,4,GACCGTCGCGGAGCCTTTAC,0,4340750
yadI_predicted,0.2,4,4,GACCGGTCCGCGATTTTTAC,0,4288698
yadI_predicted,0.2,4,4,GACCCACCACTTTCTTCAAA,0,4312870
yadI_predicted,0.2,4,4,GACCATAGCATCGGCTCACA,0,4367787
yadI_predicted,0.2,4,4,GACAGCGCGTAGTACTGTGT,0,4335736
yadI_predicted,0.2,4,4,GAATTTGCCGCCTTCAGTTT,0,4315605
yadI_predicted,0.2,4,4,GAATTCGTATGGAGTTCCCC,0,4344976
yadI_predicted,0.2,4,4,GAATTCGAATGCACGTCTGG,0,4332631
yadI_predicted,0.2,4,4,GAATGGTGATGCGCTCATAA,0,4304719
yadI_predicted,0.2,4,4,GAATATGTCTTCTTGTGCGA,0,4300524
yadI_predicted,0.2,4,4,GAAGTCTGGGTGATTTGTTT,0,4351073
yadI_predicted,0.2,4,4,GAAGATAATCAACGTAAACT,0,4309367
yadI_predicted,0.2,4,4,GAAGACCGTATGCATGCTGG,0,4322485
yadI_predicted,0.2,4,4,GAACTGCAGCAGTCGCGGTG,0,4322202
yadI_predicted,0.2,4,4,GAACTAGGGTTCAGCAGCTC,0,4356509
yadI_predicted,0.2,4,4,GAACTACGCCACTAAGCTAA,0,4306431
yadI_predicted,0.2,4,4,GAAAGGAGGTCTTTTCGCAT,0,4291351
yadI_predicted,0.2,4,4,GAAACTACTGGTCGCGCCCT,0,4296221
yadI_predicted,0.2,4,4,GAAACGCGAACCGTCATCCT,0,4303984
yadI_predicted,0.2,4,4,GAAAAGGCGCCACATATTTG,0,4353257
yadI_predicted,0.2,4,4,CTTTTGTGGACATGAACGCG,0,4307417
yadI_predicted,0.2,4,4,CTTTTGGGGGATATAACCAG,0,4350774
yadI_predicted,0.2,4,4,CTTTTGCAGCCCTGCCAGAA,0,4284804
yadI_predicted,0.2,4,4,CTTTTCGTAGTACGGATAAA,0,4289737
yadI_predicted,0.2,4,4,CTTTTACGTGTTTTACGTCA,0,4353219
yadI_predicted,0.2,4,4,CTTTCCTTGGGATGCATCGC,0,4332294
yadI_predicted,0.2,4,4,CTTTATTACGTGCAGCAAGA,0,4345435
yadI_predicted,0.2,4,4,CTTTAGTGAGCCCGTGATTG,0,4329704
yadI_predicted,0.2,4,4,CTTGTCTTGCGGAGGTCTTG,0,4308643
yadI_predicted,0.2,4,4,CTTGGTGCGAGTATCTTGGT,0,4313330
yadI_predicted,0.2,4,4,CTTGGTAGGCTGAGACTGAT,0,4300161
yadI_predicted,0.2,4,4,CTTGGGTGCCCCTAGCCATA,0,4330993
yadI_predicted,0.2,4,4,CTTGGCCAGGCAAAGGTACG,0,4312498
yadI_predicted,0.2,4,4,CTTGGATCTGGCTTCGTTTA,0,4305464
yadI_predicted,0.2,4,4,CTTGCTCATCATATGATAGC,0,4338353
yadI_predicted,0.2,4,4,CTTGCCACGCCCCTAAAAAG,0,4345531
yadI_predicted,0.2,4,4,CTTGCCACACATAATACGCG,0,4340110
yadI_predicted,0.2,4,4,CTTGATACTCTAATCGGAGA,0,4287890
yadI_predicted,0.2,4,4,CTTGAGTATAGTTGTACTCA,0,4318022
yadI_predicted,0.2,4,4,CTTCTCGCGAATGCTCCCTG,0,4338890
yadI_predicted,0.2,4,4,CTTCGCGAGTTCGTTCGTGT,0,4346532
yadI_predicted,0.2,4,4,CTTCCGTCCTCCGGATACAC,0,4318709
yadI_predicted,0.2,4,4,CTTCACCTCGGTATTACCGA,0,4339162
yadI_predicted,0.2,4,4,CTTATCTGGTCGTGAGGGTC,0,4340544
yadI_predicted,0.2,4,4,CTTATACAGGTAATGAGCAT,0,4353557
yadI_predicted,0.2,4,4,CTTATAAGATTGAGTTCGTT,0,4333086
yadI_predicted,0.2,4,4,CTTAGTTTTGGCAAGAGGTT,0,4343575
yadI_predicted,0.2,4,4,CTTAACCCTTCTAGGGTGCG,0,4314604
yadI_predicted,0.2,4,4,CTGTTGATGGAAAGACATAT,0,4363850
yadI_predicted,0.2,4,4,CTGTTCTTTCTGGGTCACCA,0,4286552
yadI_predicted,0.2,4,4,CTGTGTGTGATGCAAAGGGA,0,4323565
yadI_predicted,0.2,4,4,CTGTGGATATCTATAACGTC,0,4369068
yadI_predicted,0.2,4,4,CTGTGCGTATCACCAGACGA,0,4321110
yadI_predicted,0.2,4,4,CTGTCGGACAGGCCAAACCA,0,4292010
yadI_predicted,0.2,4,4,CTGTCCGCCCCCTCCATCAT,0,4295720
yadI_predicted,0.2,4,4,CTGTCACAAATAGATGAGCC,0,4308277
yadI_predicted,0.2,4,4,CTGTATTGACAGCAGCGCAG,0,4296902
yadI_predicted,0.2,4,4,CTGGTGGTATCAACTATGCT,0,4351438
yadI_predicted,0.2,4,4,CTGGTAATAGCGGTATCAGT,0,4285346
yadI_predicted,0.2,4,4,CTGGGTGCCTGTTACGTTGG,0,4351792
yadI_predicted,0.2,4,4,CTGGGTCCACACCGGTTGCA,0,4341281
yadI_predicted,0.2,4,4,CTGGGGGTGTTTACCATCGC,0,4298331
yadI_predicted,0.2,4,4,CTGGGCCGTCTTGATCAGCG,0,4329404
yadI_predicted,0.2,4,4,CTGGGAAACCTGTCCGCGGA,0,4289584
yadI_predicted,0.2,4,4,CTGGCTATCCTCTCTTCGCC,0,4355194
yadI_predicted,0.2,4,4,CTGGCAAACGTACAGCCGTG,0,4301714
yadI_predicted,0.2,4,4,CTGGACGTATCTGGGGTTTT,0,4369157
yadI_predicted,0.2,4,4,CTGCTTTTGGATGTCAATAT,0,4308009
yadI_predicted,0.2,4,4,CTGCTTGGAGTGGGGAGGAC,0,4354382
yadI_predicted,0.2,4,4,CTGCGCCGCAAGTTTAGCGT,0,4298390
yadI_predicted,0.2,4,4,CTGCGAGGTTTTCAGCTGGC,0,4361097
yadI_predicted,0.2,4,4,CTGCCTGTTAACCAGAGAAG,0,4306737
yadI_predicted,0.2,4,4,CTGCCTAGCGGTTTACGGCT,0,4295988
yadI_predicted,0.2,4,4,CTGCCCTAGTATTAAGTATT,0,4296803
yadI_predicted,0.2,4,4,CTGCATTTTCGAACAATGAG,0,4338882
yadI_predicted,0.2,4,4,CTGCAAATTACCGGCTCAAG,0,4306489
yadI_predicted,0.2,4,4,CTGATGGCCCACCCCCGCGG,0,4314402
yadI_predicted,0.2,4,4,CTGACGATTCGAAAGAGGAG,0,4365001
yadI_predicted,0.2,4,4,CTGACATTATATCGGGTAGT,0,4366409
yadI_predicted,0.2,4,4,CTCTTTAAAGGGCGGCTTAG,0,4292091
yadI_predicted,0.2,4,4,CTCTGCTGGCCTCCCAGTTG,0,4319025
yadI_predicted,0.2,4,4,CTCTCTTCGTCGCATCTGTA,0,4365111
yadI_predicted,0.2,4,4,CTCTCACCTAAGAACGGGGA,0,4355363
yadI_predicted,0.2,4,4,CTCGTCTCGCTGATAAGCAC,0,4342900
yadI_predicted,0.2,4,4,CTCGTCCCCACGCAACGAGT,0,4368676
yadI_predicted,0.2,4,4,CTCGTATAGGTTCATACAGG,0,4300420
yadI_predicted,0.2,4,4,CTCGGGGGGTGCACTTGTGG,0,4368103
yadI_predicted,0.2,4,4,CTCGGCTTGTGGCGCTCTTG,0,4350898
yadI_predicted,0.2,4,4,CTCGCGACCTCCATTTCCTC,0,4289725
yadI_predicted,0.2,4,4,CTCGCCACACAGCTCTACAT,0,4343975
yadI_predicted,0.2,4,4,CTCGATAATGTTGTTGCAAA,0,4336864
yadI_predicted,0.2,4,4,CTCGACGGATAGGAGTAGAA,0,4333767
yadI_predicted,0.2,4,4,CTCCTGAGCTGACAGGCGTT,0,4319344
yadI_predicted,0.2,4,4,CTCCTCCAGTCCATTCCGAT,0,4334648
yadI_predicted,0.2,4,4,CTCCATGGTGAAACTTTCGT,0,4302514
yadI_predicted,0.2,4,4,CTCCAGTGTTACGCCCCTGG,0,4334508
yadI_predicted,0.2,4,4,CTCATTGACTGCTGACTTTG,0,4311543
yadI_predicted,0.2,4,4,CTCAGTCAATGCGACAGCAG,0,4329416
yadI_predicted,0.2,4,4,CTCAGGCAGATGCTTAGGCA,0,4357304
yadI_predicted,0.2,4,4,CTCACTCCCGCGCAGTTCCA,0,4328999
yadI_predicted,0.2,4,4,CTCACCCTAATGGACCTGTT,0,4343756
yadI_predicted,0.2,4,4,CTCACAAACCCATTCATAGG,0,4308301
yadI_predicted,0.2,4,4,CTCAATTGAGGGCATAGGGT,0,4342863
yadI_predicted,0.2,4,4,CTCAAAGCGAAGTTCGGACA,0,4350484
yadI_predicted,0.2,4,4,CTATGTTATTAGATTGGTCT,0,4297383
yadI_predicted,0.2,4,4,CTATGTATAGTCCAATAGCG,0,4291402
yadI_predicted,0.2,4,4,CTATGGGTACGAGGAAGATC,0,4307889
yadI_predicted,0.2,4,4,CTATGCCGAGAATCGAGCCT,0,4347179
yadI_predicted,0.2,4,4,CTATCGTCGTGGAAACTCAC,0,4346284
yadI_predicted,0.2,4,4,CTATCCTCACAATCCCAAAT,0,4335859
yadI_predicted,0.2,4,4,CTATCATGGTAATTCGTAAA,0,4366985
yadI_predicted,0.2,4,4,CTATATGGGATATTCCTTTT,0,4329970
yadI_predicted,0.2,4,4,CTATAGAGCACTATGCTTCC,0,4340368
yadI_predicted,0.2,4,4,CTATACAACACTGGTAGTTG,0,4335688
yadI_predicted,0.2,4,4,CTATAATTGGCCTTAATATG,0,4295427
yadI_predicted,0.2,4,4,CTAGTTGTACACGCTTGTGG,0,4329351
yadI_predicted,0.2,4,4,CTAGTTCAGCGACCATTTAG,0,4307189
yadI_predicted,0.2,4,4,CTAGTTATTTAGTGCTGGCG,0,4302161
yadI_predicted,0.2,4,4,CTAGTAAAGCGAGCCTGCCA,0,4296475
yadI_predicted,0.2,4,4,CTAGGGGCGTAGCGTAAGAT,0,4287242
yadI_predicted,0.2,4,4,CTAGGCGGGTGCGACACCGT,0,4320749
yadI_predicted,0.2,4,4,CTAGGAGCAACGAATGGTGC,0,4334549
yadI_predicted,0.2,4,4,CTAGGACAAAGTTGGTAATC,0,4308058
yadI_predicted,0.2,4,4,CTAGCGTGTATTGGCCTTCA,0,4351207
yadI_predicted,0.2,4,4,CTAGCCTAATTCAAGGCTCC,0,4339375
yadI_predicted,0.2,4,4,CTAGCAGGGTTGTTGTTTGT,0,4298873
yadI_predicted,0.2,4,4,CTAGCACGTCCGATGCCATG,0,4331180
yadI_predicted,0.2,4,4,CTAGCAAGCCTAAGAGTTGC,0,4288765
yadI_predicted,0.2,4,4,CTAGATCTGTACCCAGTCTC,0,4299373
yadI_predicted,0.2,4,4,CTAGAGGTTAGGTTTACTTC,0,4312285
yadI_predicted,0.2,4,4,CTACGCTGCAGAAGAAGCAT,0,4356161
yadI_predicted,0.2,4,4,CTACCGCCCTCCGTTAGGGG,0,4343625
yadI_predicted,0.2,4,4,CTACCAGTGGAAAGGATCGA,0,4349660
yadI_predicted,0.2,4,4,CTACAGCAGTGCCTCATTGC,0,4323241
yadI_predicted,0.2,4,4,CTACAGCAGGCCGTGTGGAA,0,4287586
yadI_predicted,0.2,4,4,CTAATCTAGCGTGATATTGC,0,4316849
yadI_predicted,0.2,4,4,CTAATACTGAGGCGGCCAAC,0,4323128
yadI_predicted,0.2,4,4,CTAACCTCTGTGCAAGACTG,0,4326344
yadI_predicted,0.2,4,4,CTAACCGAGAAGGTCGTACG,0,4309007
yadI_predicted,0.2,4,4,CTAACCCGGAAGAGTACGGC,0,4311949
yadI_predicted,0.2,4,4,CTAACAAACCATCGAGGGCT,0,4313237
yadI_predicted,0.2,4,4,CTAAAGAAGCCAGGGTTCAC,0,4319869
yadI_predicted,0.2,4,4,CTAAAAAGTTCACGTCAAAG,0,4303103
yadI_predicted,0.2,4,4,CGTTTCTAGGCATAATCCGC,0,4320652
yadI_predicted,0.2,4,4,CGTTGTGCCCATATCGCTGG,0,4330669
yadI_predicted,0.2,4,4,CGTTGCGCTTTTAACCGAGC,0,4349146
yadI_predicted,0.2,4,4,CGTTGCATATGACCCGGATA,0,4288098
yadI_predicted,0.2,4,4,CGTTCCTGAACTCGGCGAGC,0,4306573
yadI_predicted,0.2,4,4,CGTTCCTCTACCGAAGTGTA,0,4300883
yadI_predicted,0.2,4,4,CGTTCCCCAGTCACTACCTT,0,4287999
yadI_predicted,0.2,4,4,CGTTCCATGCTCGTTCAAGC,0,4359928
yadI_predicted,0.2,4,4,CGTTCACATCGTCGTGTGTT,0,4320676
yadI_predicted,0.2,4,4,CGTGTTCGTGGGAGGAGCTC,0,4326759
yadI_predicted,0.2,4,4,CGTGTTAACTGTGCGGGGAG,0,4291501
yadI_predicted,0.2,4,4,CGTGTGCTCATACCTAACGA,0,4361890
yadI_predicted,0.2,4,4,CGTGTCACGCAGCCAATTAG,0,4295401
yadI_predicted,0.2,4,4,CGTGTAAATTATGGTCTCAC,0,4298211
yadI_predicted,0.2,4,4,CGTGGCGCCGATATCGTTTA,0,4367280
yadI_predicted,0.2,4,4,CGTGCGGTCTTTCTCGCGAC,0,4304040
yadI_predicted,0.2,4,4,CGTGATAGGGGCGGGCACAA,0,4356110
yadI_predicted,0.2,4,4,CGTCTGTATGACGTTCTATA,0,4314552
yadI_predicted,0.2,4,4,CGTCTAGGATGCAAACACGG,0,4344088
yadI_predicted,0.2,4,4,CGTCGCTGCAGCGCCAAATT,0,4338889
yadI_predicted,0.2,4,4,CGTCCTCCCCTTGTTCCTGA,0,4356131
yadI_predicted,0.2,4,4,CGTCCCGGCCATATGTACCC,0,4295540
yadI_predicted,0.2,4,4,CGTCCCGCGCGCTTTTTCTA,0,4292191
yadI_predicted,0.2,4,4,CGTCCAGGCTATGGCACATT,0,4296973
yadI_predicted,0.2,4,4,CGTCATTTACGAAATACCCG,0,4336323
yadI_predicted,0.2,4,4,CGTCACTACATGCTAGACTG,0,4331632
yadI_predicted,0.2,4,4,CGTCACATTGTACCTCGCCT,0,4330822
yadI_predicted,0.2,4,4,CGTCAATCTAGGGACATTGT,0,4337771
yadI_predicted,0.2,4,4,CGTATCTTTGTTCATGTTAA,0,4287458
yadI_predicted,0.2,4,4,CGTATAGGTGAAGGGGTGGC,0,4344562
yadI_predicted,0.2,4,4,CGTATACTTAGGCCCGGAAG,0,4293611
yadI_predicted,0.2,4,4,CGTAGGATCACGCGAACACA,0,4361477
yadI_predicted,0.2,4,4,CGTAGAGGTGTCGTGGGAGC,0,4321022
yadI_predicted,0.2,4,4,CGTACTGGGTTAGGTTATGA,0,4291615
yadI_predicted,0.2,4,4,CGTACGAGCTTCTCATTCCC,0,4285314
yadI_predicted,0.2,4,4,CGTAACTTACACATAAAGGT,0,4359493
yadI_predicted,0.2,4,4,CGTAACACGATAACATCGCA,0,4322493
yadI_predicted,0.2,4,4,CGGTTTGCCTTGATGACCTT,0,4307326
yadI_predicted,0.2,4,4,CGGTTTAGGGACGCGAGGAT,0,4298270
yadI_predicted,0.2,4,4,CGGTTGAGTTGTAGGTCACT,0,4347144
yadI_predicted,0.2,4,4,CGGTTCCTTGGGGGGATATG,0,4367341
yadI_predicted,0.2,4,4,CGGTTAGGGACACACGGAGT,0,4290442
yadI_predicted,0.2,4,4,CGGTGTTTTCTTAATGGTAG,0,4354919
yadI_predicted,0.2,4,4,CGGTGTTAACCGCCCCGTAA,0,4291921
yadI_predicted,0.2,4,4,CGGTCGGCACATAGTAGGAG,0,4365609
yadI_predicted,0.2,4,4,CGGTCCCAACTAGAAAATGA,0,4293896
yadI_predicted,0.2,4,4,CGGTAGGCTATCAATACAGA,0,4300216
yadI_predicted,0.2,4,4,CGGTAAGGGCTAAGCAGTGA,0,4323864
yadI_predicted,0.2,4,4,CGGGTTACAGTCGGACGAGT,0,4315247
yadI_predicted,0.2,4,4,CGGGGTAGCTTGAGCCTCTT,0,4314847
yadI_predicted,0.2,4,4,CGGGGGTGTAAAAGAACTTC,0,4317551
yadI_predicted,0.2,4,4,CGGGGGCCATAATTTTTTTC,0,4340775
yadI_predicted,0.2,4,4,CGGGGCGATGTATGCTGGGG,0,4288887
yadI_predicted,0.2,4,4,CGGGGAGAAAACGTCATGAA,0,4286550
yadI_predicted,0.2,4,4,CGGGCTTCCCGACAGCTCAT,0,4343031
yadI_predicted,0.2,4,4,CGGGCTGTTGGCTAATTGTG,0,4343971
yadI_predicted,0.2,4,4,CGGGCGCGCATTGAAGTTTT,0,4334850
yadI_predicted,0.2,4,4,CGGGCCTCGATGCGAAGAAT,0,4330953
yadI_predicted,0.2,4,4,CGGGCATTACTGCTTCCGAA,0,4341602
yadI_predicted,0.2,4,4,CGGGCAGCAGCTTGTGCGGT,0,4317892
yadI_predicted,0.2,4,4,CGGGACACAGAATTGTATAG,0,4340505
yadI_predicted,0.2,4,4,CGGCTGTCTGCGGGACAGAT,0,4347376
yadI_predicted,0.2,4,4,CGGCGGGGCGGGGAATGGAC,0,4350309
yadI_predicted,0.2,4,4,CGGCGAATCCGTCATGGGGA,0,4326766
yadI_predicted,0.2,4,4,CGGCCGAAGATACTCAATCT,0,4336715
yadI_predicted,0.2,4,4,CGGCCCGCAGGCCTCGTTTC,0,4313997
yadI_predicted,0.2,4,4,CGGCCACGCCGGAAGTCTCA,0,4297130
yadI_predicted,0.2,4,4,CGGCATTGCAGGAGCGGGGA,0,4310428
yadI_predicted,0.2,4,4,CGGCACCTACCTTGGCAGGT,0,4331925
yadI_predicted,0.2,4,4,CGGCACCGTCAGCTTCACTA,0,4312647
yadI_predicted,0.2,4,4,CGGATGACTGGAAGACCAGT,0,4321568
yadI_predicted,0.2,4,4,CGGAGTACTCGTAGACATTG,0,4330148
yadI_predicted,0.2,4,4,CGGAGCATGGAGGCTCACAG,0,4358730
yadI_predicted,0.2,4,4,CGGACGGGTGCTGTATATTA,0,4322360
yadI_predicted,0.2,4,4,CGGACCTTGCGCGTCCAGTA,0,4350471
yadI_predicted,0.2,4,4,CGGACCGGCCGACTTTGCAA,0,4335155
yadI_predicted,0.2,4,4,CGGACCCTACACGCGGATTA,0,4297771
yadI_predicted,0.2,4,4,CGGACAAGTCTGTTAAAGGC,0,4289314
yadI_predicted,0.2,4,4,CGGAATTCACGGATAATAGG,0,4289534
yadI_predicted,0.2,4,4,CGGAAGTAGGGTCCTCCGCC,0,4307519
yadI_predicted,0.2,4,4,CGGAAAGTAGCCAGATGCAA,0,4284601
yadI_predicted,0.2,4,4,CGGAAAACGGCTTACTTATT,0,4365615
yadI_predicted,0.2,4,4,CGCTTTCATTACAATTATAT,0,4328969
yadI_predicted,0.2,4,4,CGCTGGATGTCTGCTTCGTC,0,4312880
yadI_predicted,0.2,4,4,CGCTCCAACTACTGAAGGTG,0,4320169
yadI_predicted,0.2,4,4,CGCTCAATCATCCAGCGATA,0,4285393
yadI_predicted,0.2,4,4,CGCTACAACGACTTAAACCT,0,4301174
yadI_predicted,0.2,4,4,CGCTAAACCGATTTCAGCGT,0,4307334
yadI_predicted,0.2,4,4,CGCGTTTGGCTCCTTTCCCT,0,4305170
yadI_predicted,0.2,4,4,CGCGTTTCCGCCGCTCTTTA,0,4312795
yadI_predicted,0.2,4,4,CGCGTCGCGGGTAGGTCAGT,0,4297075
yadI_predicted,0.2,4,4,CGCGTAAAACGCAGACACAA,0,4323557
yadI_predicted,0.2,4,4,CGCGGTTGGGGTTGTTCCAC,0,4329013
yadI_predicted,0.2,4,4,CGCGGGTTTAGTGTTTTTAC,0,4308675
yadI_predicted,0.2,4,4,CGCGGGGCGGCACAGCTCAG,0,4346069
yadI_predicted,0.2,4,4,CGCGGAATAGATCAACCTGC,0,4354342
yadI_predicted,0.2,4,4,CGCGCTATGAGTGGCTGGAC,0,4335705
yadI_predicted,0.2,4,4,CGCGCGTCGTTTTCAGCATT,0,4354615
yadI_predicted,0.2,4,4,CGCGAGGTGCCGCGAAATGC,0,4311206
yadI_predicted,0.2,4,4,CGCGACAGTCGCTGTATGTA,0,4289288
yadI_predicted,0.2,4,4,CGCCTTACTAATGCGGATAG,0,4346970
yadI_predicted,0.2,4,4,CGCCTGCCGGTCGTGGGCGA,0,4344553
yadI_predicted,0.2,4,4,CGCCTGCAACAATTCAGCGT,0,4366695
yadI_predicted,0.2,4,4,CGCCGATTGGTGGGAAAACC,0,4357056
yadI_predicted,0.2,4,4,CGCCCTTACTCCATATTCAA,0,4288315
yadI_predicted,0.2,4,4,CGCCCGAGCGGTTGCGCATG,0,4303114
yadI_predicted,0.2,4,4,CGCCCCTACAAAACTGGGTT,0,4311420
yadI_predicted,0.2,4,4,CGCCAAGTTCAATCTGACCA,0,4309285
yadI_predicted,0.2,4,4,CGCATTTGTTCACTTCCGTG,0,4361033
yadI_predicted,0.2,4,4,CGCATTCACTCTAGCGAAAT,0,4308247
yadI_predicted,0.2,4,4,CGCAGTGAAGTGTCCGGCCT,0,4296721
yadI_predicted,0.2,4,4,CGCAGCCAGGGCCTCCGTAG,0,4308283
yadI_predicted,0.2,4,4,CGCACGGTCATGGTTATAGA,0,4317372
yadI_predicted,0.2,4,4,CGCACATTAGGCCTAACGAG,0,4291697
yadI_predicted,0.2,4,4,CGCACATAAGGGTCATCAGG,0,4333330
yadI_predicted,0.2,4,4,CGCACAGTTGTAGAGAATTA,0,4293027
yadI_predicted,0.2,4,4,CGCACAAGAAAGTACTAGGG,0,4360491
yadI_predicted,0.2,4,4,CGCAACCGCTCGAATATCAT,0,4313027
yadI_predicted,0.2,4,4,CGATTCGCAGCATGCGACGT,0,4346799
yadI_predicted,0.2,4,4,CGATTATGCGGTTGTTCACA,0,4327689
yadI_predicted,0.2,4,4,CGATGTGTTGTTGGAGTTCT,0,4299321
yadI_predicted,0.2,4,4,CGATGGGATGCAGGTTTTCA,0,4333197
yadI_predicted,0.2,4,4,CGATGGAGAGAGCGCTAACT,0,4299545
yadI_predicted,0.2,4,4,CGATGCCTTGTGGCGTATAA,0,4331558
yadI_predicted,0.2,4,4,CGATCTTATGGTGAAGTTAC,0,4335880
yadI_predicted,0.2,4,4,CGATCACATCCCTATCTCAT,0,4339306
yadI_predicted,0.2,4,4,CGATCAAGGTTAGCCTTGGA,0,4320755
yadI_predicted,0.2,4,4,CGATAGTAATGTTGAGCTGG,0,4288813
yadI_predicted,0.2,4,4,CGAGTCTGATTTTTCGTTAG,0,4292767
yadI_predicted,0.2,4,4,CGAGGTCTTTCTATTGGCTT,0,4303064
yadI_predicted,0.2,4,4,CGAGGTAAAATGAAGCAATC,0,4362651
yadI_predicted,0.2,4,4,CGAGACGTCTGCATCGCCGG,0,4306711
yadI_predicted,0.2,4,4,CGACTGGCTTACTGGATCAT,0,4351940
yadI_predicted,0.2,4,4,CGACTCAGCCTTCCGCCTCG,0,4349436
yadI_predicted,0.2,4,4,CGACGTTTGATTTAACTATG,0,4319485
yadI_predicted,0.2,4,4,CGACGGACGCAGGTGATGAT,0,4359780
yadI_predicted,0.2,4,4,CGACGCAGAATACAAAAGAC,0,4293975
yadI_predicted,0.2,4,4,CGACCCGAGCTAGGATACTC,0,4292631
yadI_predicted,0.2,4,4,CGACCCATCCTTTCAAACGA,0,4350291
yadI_predicted,0.2,4,4,CGACCAGTGCCCAAAACTTG,0,4340266
yadI_predicted,0.2,4,4,CGACACGATCGGTACAACCA,0,4361054
yadI_predicted,0.2,4,4,CGACAACCGCTCACGGCAAT,0,4310764
yadI_predicted,0.2,4,4,CGAATGGTTGCTAATTAGCG,0,4306057
yadI_predicted,0.2,4,4,CGAATGGTCGCTCCCCGATC,0,4342500
yadI_predicted,0.2,4,4,CGAAATCGGTGTCAATAATA,0,4314346
yadI_predicted,0.2,4,4,CCTTTGGCCCTCCCGCGGAA,0,4357942
yadI_predicted,0.2,4,4,CCTTTGCGCCAGGGGGCGTT,0,4337078
yadI_predicted,0.2,4,4,CCTTTGATTCGTGCTTCTAC,0,4321646
yadI_predicted,0.2,4,4,CCTTTGAAAACTAGAGCGAT,0,4353333
yadI_predicted,0.2,4,4,CCTTTAGCGTCTCTTGCTCG,0,4331202
yadI_predicted,0.2,4,4,CCTTTACGCGCCGGAACGTG,0,4296256
yadI_predicted,0.2,4,4,CCTTGGTTGTAAGACATCCG,0,4292640
yadI_predicted,0.2,4,4,CCTTGGCAGCGCTTCACTTT,0,4348194
yadI_predicted,0.2,4,4,CCTTGCACTCCACCTATGAA,0,4331688
yadI_predicted,0.2,4,4,CCTTGACCGCACTTCTATGC,0,4298153
yadI_predicted,0.2,4,4,CCTTCGGCGAGTGACGTTGT,0,4343959
yadI_predicted,0.2,4,4,CCTTCAGCGCCGGCCGTGGG,0,4361322
yadI_predicted,0.2,4,4,CCTTAGATACACCGATCGGA,0,4323295
yadI_predicted,0.2,4,4,CCTTACGGGCAGGAGAAGTG,0,4340940
yadI_predicted,0.2,4,4,CCTTAACCACATTCCTAGCT,0,4366523
yadI_predicted,0.2,4,4,CCTGGGGGGTACTCAGGTGC,0,4357643
yadI_predicted,0.2,4,4,CCTGGGAGTTCTTAGTAATG,0,4330688
yadI_predicted,0.2,4,4,CCTGGGAAGTGGGAAGGACT,0,4321013
yadI_predicted,0.2,4,4,CCTGGCCAGTAGGGTAGGAA,0,4367481
yadI_predicted,0.2,4,4,CCTGCCAATGATTTTTGTAC,0,4353684
yadI_predicted,0.2,4,4,CCTCTAAGCAAGGGGGTGCT,0,4284721
yadI_predicted,0.2,4,4,CCTCGGTAGGCCTGGGTTGT,0,4357993
yadI_predicted,0.2,4,4,CCTCCCTGATCGGGTGATCT,0,4295211
yadI_predicted,0.2,4,4,CCTCAGCAGGTAGCACCCAC,0,4356373
yadI_predicted,0.2,4,4,CCTAGTATCAAATGCTAGAG,0,4313442
yadI_predicted,0.2,4,4,CCTACATGTAACCCGTGGCC,0,4322757
yadI_predicted,0.2,4,4,CCTAAGTTGACCTGAAACAA,0,4356071
yadI_predicted,0.2,4,4,CCTAAAGTATCAAGTCACAG,0,4334121
yadI_predicted,0.2,4,4,CCGTTTGGCTGGTCCCTGGC,0,4294512
yadI_predicted,0.2,4,4,CCGTTTCAGTTGTCGTGGGG,0,4317077
yadI_predicted,0.2,4,4,CCGTTTCACTCTGCGCGAGG,0,4285832
yadI_predicted,0.2,4,4,CCGTTGTGATTTTAAGGGTC,0,4308312
yadI_predicted,0.2,4,4,CCGTGTAACCTGCCAAATAC,0,4324469
yadI_predicted,0.2,4,4,CCGTGCAGTTCGGTGGAATC,0,4305352
yadI_predicted,0.2,4,4,CCGTGACGGCTGCTCTAATA,0,4359097
yadI_predicted,0.2,4,4,CCGTCTGGTAGGCGCCTCCT,0,4363122
yadI_predicted,0.2,4,4,CCGTCACTTAACCCTACAGG,0,4306348
yadI_predicted,0.2,4,4,CCGTATCGCTCTCCTTCATG,0,4286237
yadI_predicted,0.2,4,4,CCGTATACAATAATTGTAAC,0,4315522
yadI_predicted,0.2,4,4,CCGTAGGTGGTAGGAGCTTG,0,4305858
yadI_predicted,0.2,4,4,CCGTAGCTGATGTAAGGACG,0,4355957
yadI_predicted,0.2,4,4,CCGTAAACTCGTACAGTCGC,0,4346989
yadI_predicted,0.2,4,4,CCGGTTGGTGGGGAGGTCAG,0,4331479
yadI_predicted,0.2,4,4,CCGGTGTCGGAGGACGTTCT,0,4313267
yadI_predicted,0.2,4,4,CCGGTCAAAAGATTGCGTCG,0,4362560
yadI_predicted,0.2,4,4,CCGGGGTGGTAGTATGTTAA,0,4350598
yadI_predicted,0.2,4,4,CCGGGCTGGCAAGTGACTCG,0,4345473
yadI_predicted,0.2,4,4,CCGGCGAGGGTGACGCTCGT,0,4318344
yadI_predicted,0.2,4,4,CCGGCCACACTTGCCTACTT,0,4327670
yadI_predicted,0.2,4,4,CCGGATGTGAGCACGTTAAT,0,4328847
yadI_predicted,0.2,4,4,CCGCTTTACTGATTAGTCCG,0,4301955
yadI_predicted,0.2,4,4,CCGCTTGTGGAACCGTAAAC,0,4328442
yadI_predicted,0.2,4,4,CCGCTTAGTGGGGCACAGGG,0,4314419
yadI_predicted,0.2,4,4,CCGCTCTACAAAGTTCCTTT,0,4310520
yadI_predicted,0.2,4,4,CCGCTATTCCGTGCTTCAGT,0,4367344
yadI_predicted,0.2,4,4,CCGCGTGTTGGGTTGCGAGC,0,4330406
yadI_predicted,0.2,4,4,CCGCGTGTCGGCGGCGGACC,0,4352056
yadI_predicted,0.2,4,4,CCGCGCTTAAATCTGCGGAT,0,4317795
yadI_predicted,0.2,4,4,CCGCGATCCTTCGGCGAGGG,0,4296693
yadI_predicted,0.2,4,4,CCGCCGGGTTCTTTGTGAAA,0,4284202
yadI_predicted,0.2,4,4,CCGATTGGTCCCTGAGAGTC,0,4360440
yadI_predicted,0.2,4,4,CCGATTGGGGCCGTGCTTGC,0,4289301
yadI_predicted,0.2,4,4,CCGATTCCCAAGGGTAACTC,0,4335145
yadI_predicted,0.2,4,4,CCGATGCGAGCAGATGGGTC,0,4362314
yadI_predicted,0.2,4,4,CCGAGGTGTTCAGGGTATAA,0,4312636
yadI_predicted,0.2,4,4,CCGAGGGTGCCACAGACCTA,0,4332077
yadI_predicted,0.2,4,4,CCGAGCCCTCTGCACGCGGG,0,4348105
yadI_predicted,0.2,4,4,CCCTTTAGGAATTCAGACAG,0,4320349
yadI_predicted,0.2,4,4,CCCTTCTTTATTAGCGATGC,0,4327151
yadI_predicted,0.2,4,4,CCCTTCAGGATTATCTTATA,0,4316221
yadI_predicted,0.2,4,4,CCCTCTAGAGGTATCCCTCT,0,4313967
yadI_predicted,0.2,4,4,CCCTCCGTGATGCAGTGGGA,0,4289690
yadI_predicted,0.2,4,4,CCCTCCACGGCACCGTTTGC,0,4302738
yadI_predicted,0.2,4,4,CCCGTTAAACTATCAACGTT,0,4342271
yadI_predicted,0.2,4,4,CCCGTGTTTCGAAGCAGAGT,0,4299184
yadI_predicted,0.2,4,4,CCCGTATGGGAACACTGTTG,0,4365488
yadI_predicted,0.2,4,4,CCCGTAAGAGGATACCGAAA,0,4343863
yadI_predicted,0.2,4,4,CCCGGTAAGAACCGACATTT,0,4360163
yadI_predicted,0.2,4,4,CCCGGGATGGTCTGGCAAGA,0,4330633
yadI_predicted,0.2,4,4,CCCGGGATCCACGTGACAGG,0,4353616
yadI_predicted,0.2,4,4,CCCGGCGAGTATTTAGTAAT,0,4298109
yadI_predicted,0.2,4,4,CCCGGAGCAATAACTGGTTT,0,4318265
yadI_predicted,0.2,4,4,CCCGGACAATCCATGGATTG,0,4284535
yadI_predicted,0.2,4,4,CCCGGAAATATCCAACAGTT,0,4324227
yadI_predicted,0.2,4,4,CCCGCTAACGCTCTTGAGTT,0,4300948
yadI_predicted,0.2,4,4,CCCCTAACAGGGATCGTCTC,0,4293662
yadI_predicted,0.2,4,4,CCCCGGATTCATAAAAGTAC,0,4311720
yadI_predicted,0.2,4,4,CCCCGCAGTCCCACTGGGTG,0,4293382
yadI_predicted,0.2,4,4,CCCCCGATGGAGTTGCTCGC,0,4359570
yadI_predicted,0.2,4,4,CCCCCATTGTGTGCGGGATC,0,4298243
yadI_predicted,0.2,4,4,CCCCACACAGGACTCCCGCA,0,4285838
yadI_predicted,0.2,4,4,CCCCAAGGGACTCTTAGTAA,0,4293992
yadI_predicted,0.2,4,4,CCCCAAGGAAATACATTATC,0,4328534
yadI_predicted,0.2,4,4,CCCCAACTAAGGTGGCTGTA,0,4349024
yadI_predicted,0.2,4,4,CCCATTCGTCCGGGGACGTG,0,4324051
yadI_predicted,0.2,4,4,CCCAGGCTGAGTCTGTCCAA,0,4331132
yadI_predicted,0.2,4,4,CCCAGGACCGGAGATAAGAA,0,4300200
yadI_predicted,0.2,4,4,CCCAGCGGCTGGGGGAAAGA,0,4300586
yadI_predicted,0.2,4,4,CCCAGATGTTTCGGGCGCAA,0,4351536
yadI_predicted,0.2,4,4,CCCAGAGCTCGCGGAAAACA,0,4284192
yadI_predicted,0.2,4,4,CCCACAGACACCTGGAGGGA,0,4338395
yadI_predicted,0.2,4,4,CCCAATTGGCCGATAGATAT,0,4292204
yadI_predicted,0.2,4,4,CCATTCGACGTCGTAGGTGT,0,4311870
yadI_predicted,0.2,4,4,CCATTCAGTCAGGAAGACAC,0,4287526
yadI_predicted,0.2,4,4,CCATTAAGAGTGCCTTACTA,0,4361767
yadI_predicted,0.2,4,4,CCATGCTAGTATCCCTTTGG,0,4335943
yadI_predicted,0.2,4,4,CCATATTTTAACCTACCTGA,0,4302461
yadI_predicted,0.2,4,4,CCATATCCCTGATTTCTGTT,0,4300324
yadI_predicted,0.2,4,4,CCATACTGGGGGAGCCCTCA,0,4337815
yadI_predicted,0.2,4,4,CCATACCGTTTCTGATAGCC,0,4291924
yadI_predicted,0.2,4,4,CCAGGGATCAGCGGCACCGA,0,4345237
yadI_predicted,0.2,4,4,CCAGGCTGATAGGGAAGGTG,0,4356576
yadI_predicted,0.2,4,4,CCAGGATCTGAGGCTTACTC,0,4361707
yadI_predicted,0.2,4,4,CCAGCGCTCTCGCGTATTCC,0,4303365
yadI_predicted,0.2,4,4,CCAGAGACATCCGTGGGAAA,0,4305967
yadI_predicted,0.2,4,4,CCAGACCTTAACTTAAGCGA,0,4334599
yadI_predicted,0.2,4,4,CCACTCTATTGAGACAAAGA,0,4337144
yadI_predicted,0.2,4,4,CCACGTCTTGCCCCCAAGAG,0,4362785
yadI_predicted,0.2,4,4,CCACGTCCTTTTCGTGCTCT,0,4331315
yadI_predicted,0.2,4,4,CCACGGACGAATCCACGCTT,0,4350658
yadI_predicted,0.2,4,4,CCACCGCTGGGCGCCTGGAT,0,4321884
yadI_predicted,0.2,4,4,CCACCCGCGAATGGAAGGCC,0,4349068
yadI_predicted,0.2,4,4,CCACCAGACCTGCGAGGGGC,0,4352822
yadI_predicted,0.2,4,4,CCACAATGGCACAATTCGTG,0,4332001
yadI_predicted,0.2,4,4,CCAATGGACTAATTTGACAG,0,4357778
yadI_predicted,0.2,4,4,CCAAGGAGTATCACCTTGGC,0,4288004
yadI_predicted,0.2,4,4,CCAAGGAACAAAGGGGGGAA,0,4353893
yadI_predicted,0.2,4,4,CCAACGACAACCACCAATGA,0,4344701
yadI_predicted,0.2,4,4,CCAAATTAAAGGTAAGAATT,0,4313241
yadI_predicted,0.2,4,4,CCAAAGGGCAAGGATGGCGT,0,4311304
yadI_predicted,0.2,4,4,CATTTATTTCTGGTCGACTG,0,4314521
yadI_predicted,0.2,4,4,CATTTATTATATCGACAAGA,0,4341022
yadI_predicted,0.2,4,4,CATTTACTTATGGTATATAA,0,4352297
yadI_predicted,0.2,4,4,CATTGTTGGCAATGGAGCAA,0,4295107
yadI_predicted,0.2,4,4,CATTGGCCAGGGATGGCCAG,0,4350632
yadI_predicted,0.2,4,4,CATTGCACGGTGGCTTATTA,0,4292675
yadI_predicted,0.2,4,4,CATTATCGCGAGACCGCAGG,0,4314784
yadI_predicted,0.2,4,4,CATTATATGCCGTTCAAGGG,0,4297455
yadI_predicted,0.2,4,4,CATTAACACTACGGTCGTGA,0,4332793
yadI_predicted,0.2,4,4,CATTAAATCTTGCGCCCATA,0,4309238
yadI_predicted,0.2,4,4,CATGTTCCAGGCCAAAGGAG,0,4366548
yadI_predicted,0.2,4,4,CATGGGTACCGACACGAATC,0,4364342
yadI_predicted,0.2,4,4,CATGCGAAAATGGGACAATT,0,4336612
yadI_predicted,0.2,4,4,CATCTCTGTAATAGATAGAT,0,4296908
yadI_predicted,0.2,4,4,CATCTAAAAAGGTGTAATAG,0,4351271
yadI_predicted,0.2,4,4,CATCGGTCCATCAATTTTCA,0,4295088
yadI_predicted,0.2,4,4,CATCGGATAGGGCTCATCGG,0,4311369
yadI_predicted,0.2,4,4,CATCGACCCGTGGGCCGAGC,0,4361636
yadI_predicted,0.2,4,4,CATCCTGCCTTTTCGGAGGG,0,4306494
yadI_predicted,0.2,4,4,CATCCTACATTGGGTTCGAT,0,4369634
yadI_predicted,0.2,4,4,CATCCGCAACTTCTCATCGG,0,4324682
yadI_predicted,0.2,4,4,CATCCGAAACTAGGCAACAC,0,4302154
yadI_predicted,0.2,4,4,CATCCCGCAGGTTATTGCTG,0,4349483
yadI_predicted,0.2,4,4,CATCATACCTCGGTCGGAAT,0,4320795
yadI_predicted,0.2,4,4,CATCACCCGAGTATGGAGTC,0,4347879
yadI_predicted,0.2,4,4,CATCAAGGTGTCTACTAATA,0,4364413
yadI_predicted,0.2,4,4,CATATTAACTACTCAAATCG,0,4284208
yadI_predicted,0.2,4,4,CATATGACCGGTGAAGGCTT,0,4300713
yadI_predicted,0.2,4,4,CATAGTACCAATTGGCGTCC,0,4305546
yadI_predicted,0.2,4,4,CATAAGCTCATTCAATCAAG,0,4363891
yadI_predicted,0.2,4,4,CATAAAGGTAAGCTGGCTTG,0,4301066
yadI_predicted,0.2,4,4,CAGTTTTAGACTCACCTTGC,0,4322415
yadI_predicted,0.2,4,4,CAGTTTGATACTATGACGTT,0,4363669
yadI_predicted,0.2,4,4,CAGTGTACCAGAGCGACGAC,0,4341071
yadI_predicted,0.2,4,4,CAGTGCGATGTGGGGATGAG,0,4329845
yadI_predicted,0.2,4,4,CAGTGAGGGAGTTTCCATGA,0,4348758
yadI_predicted,0.2,4,4,CAGTCAGATCACGGTTACCA,0,4369484
yadI_predicted,0.2,4,4,CAGTATCATAGGATGTCTTT,0,4294104
yadI_predicted,0.2,4,4,CAGGTCCGCCGAGAAAGTAT,0,4317981
yadI_predicted,0.2,4,4,CAGGTACAGTCCGAGATAGA,0,4295216
yadI_predicted,0.2,4,4,CAGGCTAAAGCCGTGGTTAT,0,4356581
yadI_predicted,0.2,4,4,CAGGAGTATTGTTAGGGTGT,0,4324399
yadI_predicted,0.2,4,4,CAGGAAGCAAAATGATCAGA,0,4342858
yadI_predicted,0.2,4,4,CAGCTTCAGAGGCCATAGAT,0,4363761
yadI_predicted,0.2,4,4,CAGCTGTTACCCTGTGAGCC,0,4288895
yadI_predicted,0.2,4,4,CAGCTCTGATGTACGGTGAC,0,4326199
yadI_predicted,0.2,4,4,CAGCTCCGAGGATTGCGATA,0,4362821
yadI_predicted,0.2,4,4,CAGCGCGGCGCAAAGGCGAG,0,4348328
yadI_predicted,0.2,4,4,CAGCCTAAGGATCTGAGTCC,0,4327104
yadI_predicted,0.2,4,4,CAGCCGTGGCGTTGGTACTC,0,4303686
yadI_predicted,0.2,4,4,CAGCCACGTTCGCCCGAGAA,0,4363725
yadI_predicted,0.2,4,4,CAGCAATCAGCGCAGATTGA,0,4326856
yadI_predicted,0.2,4,4,CAGATTGATACACTTAGATT,0,4361134
yadI_predicted,0.2,4,4,CAGAGCGAACTACGGCAGCC,0,4298105
yadI_predicted,0.2,4,4,CAGACGGTAGTCAATATCTA,0,4319734
yadI_predicted,0.2,4,4,CAGAATTGGAGGTTTCCCAC,0,4285799
yadI_predicted,0.2,4,4,CAGAACACCTACTCGTAGGA,0,4355230
yadI_predicted,0.2,4,4,CACTTTTAGGAATAGGTTCT,0,4310766
yadI_predicted,0.2,4,4,CACTGGGATTCCGGGAAGAG,0,4300857
yadI_predicted,0.2,4,4,CACTGAAGTGTTCCGGTTCC,0,4342335
yadI_predicted,0.2,4,4,CACTCTTTGAACTCACAGCT,0,4298511
yadI_predicted,0.2,4,4,CACTCCGTGCCAGCCCATGC,0,4344626
yadI_predicted,0.2,4,4,CACGTGCCTTGCGTCCACCG,0,4348262
yadI_predicted,0.2,4,4,CACGTAGGCGGATACTGGGT,0,4359652
yadI_predicted,0.2,4,4,CACGGTTAAGTGAAAATGTA,0,4307097
yadI_predicted,0.2,4,4,CACGGTCACGTCGCTCGAGG,0,4284754
yadI_predicted,0.2,4,4,CACGGCTTGTAATTGCCCGT,0,4353441
yadI_predicted,0.2,4,4,CACGGAGGATTGAAGAGTCT,0,4312737
yadI_predicted,0.2,4,4,CACGCGGTCAACTTAATTAC,0,4359293
yadI_predicted,0.2,4,4,CACGAACGATCACTTGTGAT,0,4310526
yadI_predicted,0.2,4,4,CACCTAGTGGGGGTCCCAGC,0,4335280
yadI_predicted,0.2,4,4,CACCTAACGCAGTCTAGCAA,0,4321047
yadI_predicted,0.2,4,4,CACCGATTCTCAGCATGCCA,0,4331551
yadI_predicted,0.2,4,4,CACCCTCATCTTATCATTTG,0,4370050
yadI_predicted,0.2,4,4,CACCACTCATATAAGTTAGG,0,4356991
yadI_predicted,0.2,4,4,CACATAGAGTTCCGGGTGAC,0,4330087
yadI_predicted,0.2,4,4,CACACGTGAGGGTTGTCGTA,0,4330949
yadI_predicted,0.2,4,4,CACACAGTGTATACGGTTGA,0,4349999
yadI_predicted,0.2,4,4,CACAATATTAGGCCCCTGCA,0,4318719
yadI_predicted,0.2,4,4,CACAACCGCAGACTGCGTGG,0,4312683
yadI_predicted,0.2,4,4,CACAAAGTCCTAAGGACCGT,0,4336205
yadI_predicted,0.2,4,4,CAATTGTTAAACAGGTCTAT,0,4286093
yadI_predicted,0.2,4,4,CAATTACCCATAGGACCTAA,0,4300946
yadI_predicted,0.2,4,4,CAATGGCTGTCGCAAGCGGT,0,4337374
yadI_predicted,0.2,4,4,CAATATAGCCTGAAACCGAA,0,4313078
yadI_predicted,0.2,4,4,CAATAGCAGCTCAGAGCACA,0,4304667
yadI_predicted,0.2,4,4,CAAGTTTGTAGAAACTAGGA,0,4301999
yadI_predicted,0.2,4,4,CAAGTCAGTATACAGCCGTA,0,4315311
yadI_predicted,0.2,4,4,CAAGGAGGTACCGGTGTAAA,0,4358412
yadI_predicted,0.2,4,4,CAAGCATTACAGAGATAGCA,0,4350194
yadI_predicted,0.2,4,4,CAAGCATGCCGGGACATACA,0,4319676
yadI_predicted,0.2,4,4,CAAGCACCGAGACTGAGGGA,0,4313813
yadI_predicted,0.2,4,4,CAAGAGCTCGTTCTCCGAAC,0,4297878
yadI_predicted,0.2,4,4,CAACTCATATAAGAGCTCCG,0,4333658
yadI_predicted,0.2,4,4,CAACGCTGGGATTCCGGTAG,0,4363765
yadI_predicted,0.2,4,4,CAACGAGGCCCTGAACTGAG,0,4351942
yadI_predicted,0.2,4,4,CAACCCGTTTACCAATCGAG,0,4359091
yadI_predicted,0.2,4,4,CAACCCCTACGTGTTTTCCG,0,4288170
yadI_predicted,0.2,4,4,CAACCAGGTTGTTGGGTCTG,0,4362848
yadI_predicted,0.2,4,4,CAAATAGAACACCACATGTC,0,4321529
yadI_predicted,0.2,4,4,CAAAGTGGCACCGAGGGGTA,0,4294427
yadI_predicted,0.2,4,4,CAAAATGTTAAAAACGCCAC,0,4321544
yadI_predicted,0.2,4,4,CAAAAAGTTGGAAAGGCAGG,0,4305412
yadI_predicted,0.2,4,4,ATTTTGTGGGTGTCTCGCTG,0,4288501
yadI_predicted,0.2,4,4,ATTTTGAGTGGGTGAGGATA,0,4317311
yadI_predicted,0.2,4,4,ATTTTATGTTCTGTGGCCCT,0,4359665
yadI_predicted,0.2,4,4,ATTTCTGAGAGATCGGCGAA,0,4312253
yadI_predicted,0.2,4,4,ATTTCATAACCGGTGACCAC,0,4354562
yadI_predicted,0.2,4,4,ATTTCAGCAAAACGCTAGAG,0,4309142
yadI_predicted,0.2,4,4,ATTTATGTCTAGTGCTTCGT,0,4322878
yadI_predicted,0.2,4,4,ATTTAAAAGTAATTATGGAA,0,4285711
yadI_predicted,0.2,4,4,ATTGTTTGCTGACCATACGT,0,4337524
yadI_predicted,0.2,4,4,ATTGTGTCCAATCATTGATC,0,4313829
yadI_predicted,0.2,4,4,ATTGTGATTACCCGGACGTA,0,4305062
yadI_predicted,0.2,4,4,ATTGGCTACGCCTACGGAGA,0,4330411
yadI_predicted,0.2,4,4,ATTGGACGCGCGGGAAAATG,0,4301844
yadI_predicted,0.2,4,4,ATTGCGCCACAGCGCGAAAG,0,4357483
yadI_predicted,0.2,4,4,ATTGATGTGTAGGTTCTTGT,0,4299795
yadI_predicted,0.2,4,4,ATTGATCCTATGTGTTGACG,0,4326022
yadI_predicted,0.2,4,4,ATTGACCGGCTACTTCTCAG,0,4309727
yadI_predicted,0.2,4,4,ATTCGCAACTCGGGGTAAGT,0,4298478
yadI_predicted,0.2,4,4,ATTCGAGTACGCACGCCTCC,0,4306040
yadI_predicted,0.2,4,4,ATTCCCGCCACTATCCTCCG,0,4366925
yadI_predicted,0.2,4,4,ATTCACTCTTAGGCTTGCGT,0,4298059
yadI_predicted,0.2,4,4,ATTCACTCTCCACATCATCA,0,4307449
yadI_predicted,0.2,4,4,ATTATTCCATTTAATCTCTA,0,4363059
yadI_predicted,0.2,4,4,ATTATGTTTCTTTGCCCGAA,0,4315033
yadI_predicted,0.2,4,4,ATTAGTCACAAACTTCGTGA,0,4356919
yadI_predicted,0.2,4,4,ATTAGCTACTAGGGCGTGTG,0,4315213
yadI_predicted,0.2,4,4,ATTAGAATCGGAGCACTACA,0,4321151
yadI_predicted,0.2,4,4,ATTACTTTCAAAAATCTTCT,0,4321734
yadI_predicted,0.2,4,4,ATTACTTACGCTAGGCAGGG,0,4321927
yadI_predicted,0.2,4,4,ATTACTCTCGCACTATAGAC,0,4356143
yadI_predicted,0.2,4,4,ATTACTCGCAAGTTCTAATA,0,4350505
yadI_predicted,0.2,4,4,ATTACGACGAAAGGTGCGCC,0,4354353
yadI_predicted,0.2,4,4,ATTACCCGCTCAACAGGGGT,0,4291861
yadI_predicted,0.2,4,4,ATTACCAAAAGGGCAAATAG,0,4346231
yadI_predicted,0.2,4,4,ATTAAGGATGGTCGGTTAGT,0,4348985
yadI_predicted,0.2,4,4,ATTAACATCCTCCGGCGGAC,0,4357548
yadI_predicted,0.2,4,4,ATGTTTCACGTAGGGGTTCC,0,4354147
yadI_predicted,0.2,4,4,ATGTTTAACACAGCACTACG,0,4289900
yadI_predicted,0.2,4,4,ATGTTCCGAGACTCCTTAGT,0,4323388
yadI_predicted,0.2,4,4,ATGTGGCGCCTCTAGCATCA,0,4347927
yadI_predicted,0.2,4,4,ATGTGGCGAGGGCCTTATAG,0,4308122
yadI_predicted,0.2,4,4,ATGTCGCCCAATGGCATTTA,0,4329369
yadI_predicted,0.2,4,4,ATGTCCTCAACGGCGTGGAA,0,4352473
yadI_predicted,0.2,4,4,ATGTATTTATTGAGGAACCC,0,4345054
yadI_predicted,0.2,4,4,ATGTAAGCCCAAAACGGTGG,0,4366990
yadI_predicted,0.2,4,4,ATGTAACATGTGAATCTGAG,0,4297492
yadI_predicted,0.2,4,4,ATGGGCCAATTAGCCCTATA,0,4323616
yadI_predicted,0.2,4,4,ATGGCTTGGGGTAATTGGTA,0,4334320
yadI_predicted,0.2,4,4,ATGGCGACCCTACTAGGATG,0,4316915
yadI_predicted,0.2,4,4,ATGGACTTTAGCCGTGTATG,0,4292298
yadI_predicted,0.2,4,4,ATGGACTGTGGCCCTCAGTC,0,4351693
yadI_predicted,0.2,4,4,ATGCTTTCAGGGAGGGGGGA,0,4334113
yadI_predicted,0.2,4,4,ATGCTTGTGTGCATATTTGC,0,4286926
yadI_predicted,0.2,4,4,ATGCTTCGCAGGGAAGGGTG,0,4310327
yadI_predicted,0.2,4,4,ATGCTCTGGTGGTCTTAAGT,0,4288674
yadI_predicted,0.2,4,4,ATGCTAGTTGAAACTAGGCA,0,4343819
yadI_predicted,0.2,4,4,ATGCGCTTAATCCACGAAGT,0,4288154
yadI_predicted,0.2,4,4,ATGCCGGCCACAGATGCTTG,0,4332718
yadI_predicted,0.2,4,4,ATGCATACTACTAACTATGT,0,4360171
yadI_predicted,0.2,4,4,ATGCACGGCCCTCGGCTCGA,0,4288292
yadI_predicted,0.2,4,4,ATGATCTCCCCTTTAAGGCT,0,4361706
yadI_predicted,0.2,4,4,ATGATAGAATCACGAGCTAA,0,4333831
yadI_predicted,0.2,4,4,ATGATACCCATGTGATGGGT,0,4344244
yadI_predicted,0.2,4,4,ATGATAATGGTAGTATAGTT,0,4320659
yadI_predicted,0.2,4,4,ATGAGCAATAGCCATGGAAC,0,4331737
yadI_predicted,0.2,4,4,ATGACGTTCCGGTAGGCGAG,0,4308610
yadI_predicted,0.2,4,4,ATGAATGTGGTGCACCCATA,0,4351016
yadI_predicted,0.2,4,4,ATGAAGAAGTCGTGCCTCAT,0,4291988
yadI_predicted,0.2,4,4,ATGAACCTTGGAACCACGGC,0,4341901
yadI_predicted,0.2,4,4,ATCTGTTTCAAGTTTCTAGT,0,4357265
yadI_predicted,0.2,4,4,ATCTGGCATCACAGTGAATC,0,4346180
yadI_predicted,0.2,4,4,ATCTGATGAAGATCCTGGCT,0,4343592
yadI_predicted,0.2,4,4,ATCTCGAGTACGTGGAATTC,0,4364196
yadI_predicted,0.2,4,4,ATCTCCCACGAGATCCCTAT,0,4333384
yadI_predicted,0.2,4,4,ATCTATCGTTTCGAGCTAAG,0,4308861
yadI_predicted,0.2,4,4,ATCTACCGAAATGCCCTTCG,0,4348891
yadI_predicted,0.2,4,4,ATCGTTCTCAAAATCCGCGT,0,4338946
yadI_predicted,0.2,4,4,ATCGTGAGAGTCCATTTTAT,0,4295671
yadI_predicted,0.2,4,4,ATCGTATAACCCCTGGGGAT,0,4300078
yadI_predicted,0.2,4,4,ATCGGGATACACCCGAGGGA,0,4305568
yadI_predicted,0.2,4,4,ATCGGACACTAAGTAGCGTC,0,4315459
yadI_predicted,0.2,4,4,ATCGGAAACGGGGCACTGCG,0,4314070
yadI_predicted,0.2,4,4,ATCCTGGGGGCTGGACTCTA,0,4362695
yadI_predicted,0.2,4,4,ATCCTAAGTGATACGTGAAA,0,4288494
yadI_predicted,0.2,4,4,ATCCGTGCCTAAGATTTCTC,0,4353929
yadI_predicted,0.2,4,4,ATCCGGCATGGTAAACCAAA,0,4285511
yadI_predicted,0.2,4,4,ATCCCGTAGGGTATCTACTA,0,4335725
yadI_predicted,0.2,4,4,ATCCCCTAATAGGGGAAACT,0,4349254
yadI_predicted,0.2,4,4,ATCCATCAACCACCGCTCAC,0,4298795
yadI_predicted,0.2,4,4,ATCCAGTTGATTGTCATATG,0,4286881
yadI_predicted,0.2,4,4,ATCCAGGCACCGTTCGGTAA,0,4363557
yadI_predicted,0.2,4,4,ATCCAGATACGGAAGGGTGG,0,4300066
yadI_predicted,0.2,4,4,ATCCAAGACGACTTTGTTCT,0,4329255
yadI_predicted,0.2,4,4,ATCCAACGGCAAGCTACGTC,0,4340633
yadI_predicted,0.2,4,4,ATCATTGCCGCAGCTGACTA,0,4319609
yadI_predicted,0.2,4,4,ATCAGGTAGATACGGATTTT,0,4364742
yadI_predicted,0.2,4,4,ATCACCCGGCAGATAGAGAA,0,4321021
yadI_predicted,0.2,4,4,ATATTCCCCTATAAAGCACT,0,4315885
yadI_predicted,0.2,4,4,ATATGCACGCTAGGGGTTCA,0,4361270
yadI_predicted,0.2,4,4,ATATCGTCTCGCAAGCTAGC,0,4343723
yadI_predicted,0.2,4,4,ATATCGGATCCAATGTCACC,0,4288998
yadI_predicted,0.2,4,4,ATATAGTGGGCACGACAGCT,0,4366067
yadI_predicted,0.2,4,4,ATATAGGTACGAGATCCGGA,0,4306048
yadI_predicted,0.2,4,4,ATAGTCATTCGTTCTGGCGC,0,4349054
yadI_predicted,0.2,4,4,ATAGTAAGGGAAACAATAGG,0,4288007
yadI_predicted,0.2,4,4,ATAGGGAATACTTATGCCGT,0,4287767
yadI_predicted,0.2,4,4,ATAGCGTCTAGTACCACTTG,0,4312051
yadI_predicted,0.2,4,4,ATAGATATTGGAGCTTTATA,0,4359075
yadI_predicted,0.2,4,4,ATACTATCGGCACACCACAG,0,4321832
yadI_predicted,0.2,4,4,ATACTAATATATCGGAGGGC,0,4317834
yadI_predicted,0.2,4,4,ATACGCGGCGTAGCACACAC,0,4287998
yadI_predicted,0.2,4,4,ATACCTATAAAAGCAGAGAG,0,4318193
yadI_predicted,0.2,4,4,ATACCGTACTGCCGCTACAT,0,4360836
yadI_predicted,0.2,4,4,ATACCGCAAGACCACTCTCC,0,4306793
yadI_predicted,0.2,4,4,ATACCGATAAATTCGTAGGT,0,4306041
yadI_predicted,0.2,4,4,ATACATTTTAGCACGCTACA,0,4332508
yadI_predicted,0.2,4,4,ATAATAGGCAATGCCGCCAG,0,4317087
yadI_predicted,0.2,4,4,ATAAGACTATAATAAATATT,0,4338969
yadI_predicted,0.2,4,4,ATAACTGCAGAGGTGAGCAT,0,4310021
yadI_predicted,0.2,4,4,ATAACGAGGCCTTTACTAAT,0,4313890
yadI_predicted,0.2,4,4,ATAACCAGGGTTATACATCT,0,4312223
yadI_predicted,0.2,4,4,ATAACAAACTAGCTGGAGTT,0,4368407
yadI_predicted,0.2,4,4,AGTTTCGGCCATAGAAGGAC,0,4360922
yadI_predicted,0.2,4,4,AGTTGGTGCTGACGTCCACA,0,4330818
yadI_predicted,0.2,4,4,AGTTGAACATTGACTTTAGA,0,4361586
yadI_predicted,0.2,4,4,AGTTATATGTTGCAGTAGGA,0,4292949
yadI_predicted,0.2,4,4,AGTTATAGCGTCACCAGTAC,0,4332078
yadI_predicted,0.2,4,4,AGTTACGTTGAAGCACCAAC,0,4304087
yadI_predicted,0.2,4,4,AGTGGTCGGGTGGTCTATAT,0,4348356
yadI_predicted,0.2,4,4,AGTGGGCGGCGGAAAATGGC,0,4367706
yadI_predicted,0.2,4,4,AGTGGGAGGGTCACTTGAGA,0,4310029
yadI_predicted,0.2,4,4,AGTGGGAACTCCGCCAGCGC,0,4357428
yadI_predicted,0.2,4,4,AGTGGAGCCGAAGCTGAATA,0,4311279
yadI_predicted,0.2,4,4,AGTCTGATTACCGATACTGT,0,4369121
yadI_predicted,0.2,4,4,AGTCTCTATTGGAGTATGGT,0,4302067
yadI_predicted,0.2,4,4,AGTCGGCTTATCTTACGGCA,0,4358577
yadI_predicted,0.2,4,4,AGTCCTTAAAACTCCCCGCT,0,4346400
yadI_predicted,0.2,4,4,AGTCCTCCATCATTGTTGAG,0,4341624
yadI_predicted,0.2,4,4,AGTCCGGAGAGGGAGGAAGA,0,4326929
yadI_predicted,0.2,4,4,AGTCACTCATCGACTGCTAC,0,4317294
yadI_predicted,0.2,4,4,AGTCACCTGTCTGAGGTCGT,0,4336580
yadI_predicted,0.2,4,4,AGTCACATTATGTTAGCAAT,0,4290765
yadI_predicted,0.2,4,4,AGTATTCGGCTCTCTACGGT,0,4306978
yadI_predicted,0.2,4,4,AGTATGGCGGCTCTGTTTTC,0,4339875
yadI_predicted,0.2,4,4,AGTAGGACTTGAGATCCCTC,0,4286247
yadI_predicted,0.2,4,4,AGTAATAGGGCAACAGACGA,0,4309939
yadI_predicted,0.2,4,4,AGTAAGCCAAAGGGATTCCA,0,4340318
yadI_predicted,0.2,4,4,AGTAACGGATTCGCCGATCG,0,4355353
yadI_predicted,0.2,4,4,AGTAACATATCAGAACCTCC,0,4358004
yadI_predicted,0.2,4,4,AGGTGGTATACGATATGGAC,0,4364663
yadI_predicted,0.2,4,4,AGGTGGCACAGGAGGACGTG,0,4307748
yadI_predicted,0.2,4,4,AGGTGCTACATGTACGTAGA,0,4346580
yadI_predicted,0.2,4,4,AGGTGAGCGCTAAATGTTAG,0,4323277
yadI_predicted,0.2,4,4,AGGTGAGACCTCAAGTACTA,0,4368732
yadI_predicted,0.2,4,4,AGGTAGGTCAATCACGGATT,0,4320908
yadI_predicted,0.2,4,4,AGGTAGGTAGTAAACAAGCG,0,4342529
yadI_predicted,0.2,4,4,AGGGTTATCTGGACGGAATT,0,4314057
yadI_predicted,0.2,4,4,AGGGTTACCACGTAGACTTT,0,4306563
yadI_predicted,0.2,4,4,AGGGTGTCTCTGCAGCGTTT,0,4286147
yadI_predicted,0.2,4,4,AGGGTGTCTCCGGACTCCCA,0,4336880
yadI_predicted,0.2,4,4,AGGGTGCTCCGCTCTATATC,0,4303532
yadI_predicted,0.2,4,4,AGGGTCTCGAAGCGTAGAGA,0,4315983
yadI_predicted,0.2,4,4,AGGGTCACCGATCGAGTTTA,0,4284438
yadI_predicted,0.2,4,4,AGGGGCTCCAAGTAACGACA,0,4315347
yadI_predicted,0.2,4,4,AGGGGACTTGGTCACAGTCG,0,4365732
yadI_predicted,0.2,4,4,AGGGCTATGGGAGGAAATCT,0,4321780
yadI_predicted,0.2,4,4,AGGGACGCCCACCAACCAGC,0,4361766
yadI_predicted,0.2,4,4,AGGCTTCAAGAGCAAGTTTC,0,4335703
yadI_predicted,0.2,4,4,AGGCTAGCACGCTTGAGCAA,0,4363672
yadI_predicted,0.2,4,4,AGGCGCTGAATTCCACATGA,0,4311218
yadI_predicted,0.2,4,4,AGGCCTTGGACTTTGTCCGG,0,4339449
yadI_predicted,0.2,4,4,AGGCAGCGCCGAGCGTGGAG,0,4341746
yadI_predicted,0.2,4,4,AGGCAGAACGATGCCAAAAT,0,4315456
yadI_predicted,0.2,4,4,AGGATGGGGTTGCGTCTAAC,0,4343550
yadI_predicted,0.2,4,4,AGGATCACTCATGTATCTCA,0,4294126
yadI_predicted,0.2,4,4,AGGAGGGCAGTTCCCGCAAC,0,4303508
yadI_predicted,0.2,4,4,AGGACCTTCGGTCCCGGGGC,0,4304732
yadI_predicted,0.2,4,4,AGGACAAGCAAAGTAAGTAC,0,4365989
yadI_predicted,0.2,4,4,AGGAAGCGACAAATGCGGGA,0,4296624
yadI_predicted,0.2,4,4,AGGAAAGTCCCTCTTTAATT,0,4300897
yadI_predicted,0.2,4,4,AGCTTTGAACGACATTGAAT,0,4306156
yadI_predicted,0.2,4,4,AGCTTTCTTGTTTGTTACGG,0,4349828
yadI_predicted,0.2,4,4,AGCTGTTATAAAAGCTCTTC,0,4328255
yadI_predicted,0.2,4,4,AGCTGGTAAATGAAAAACGT,0,4353961
yadI_predicted,0.2,4,4,AGCTGACTCTTCGGCAATGA,0,4301169
yadI_predicted,0.2,4,4,AGCTCTTCCCGCTGCTGGTG,0,4310196
yadI_predicted,0.2,4,4,AGCTCGGGTGCATTCGCTAA,0,4289368
yadI_predicted,0.2,4,4,AGCTCCCGAACATGAGTCGG,0,4299303
yadI_predicted,0.2,4,4,AGCTAGGCATCACGATAGAG,0,4329010
yadI_predicted,0.2,4,4,AGCTACATGTTCCTTTGGAT,0,4357232
yadI_predicted,0.2,4,4,AGCGTGTTACATCGGAACGC,0,4323625
yadI_predicted,0.2,4,4,AGCGGGGGACTTCAAATAAT,0,4331895
yadI_predicted,0.2,4,4,AGCGGCCGCACGTCTGCCAC,0,4365969
yadI_predicted,0.2,4,4,AGCGGCAGGCTGGCTAGTCC,0,4349764
yadI_predicted,0.2,4,4,AGCGGAAGGCGAATATCGAG,0,4289083
yadI_predicted,0.2,4,4,AGCGCTATGATGAACGGCAT,0,4311478
yadI_predicted,0.2,4,4,AGCGCGATCGCTCCGATTAT,0,4366538
yadI_predicted,0.2,4,4,AGCGACGCTTCCCTTGGCTG,0,4319606
yadI_predicted,0.2,4,4,AGCCTAGGCGGATTCCCCTC,0,4358084
yadI_predicted,0.2,4,4,AGCCGGGAGTTACATCTAAG,0,4349063
yadI_predicted,0.2,4,4,AGCCGCCGGCGGGCCGTTAC,0,4291450
yadI_predicted,0.2,4,4,AGCCCTACATTAATATTTTA,0,4324809
yadI_predicted,0.2,4,4,AGCCCAAAAATTTCTCAAGT,0,4338278
yadI_predicted,0.2,4,4,AGCCATTGGTAGTATCATAA,0,4315305
yadI_predicted,0.2,4,4,AGCCATGGAGCGCAGCGGTT,0,4340000
yadI_predicted,0.2,4,4,AGCCAGGCAGTACTATGTTG,0,4314556
yadI_predicted,0.2,4,4,AGCCACAGCTGTAACCACCA,0,4364545
yadI_predicted,0.2,4,4,AGCCAAGAACATTCAAATCG,0,4314909
yadI_predicted,0.2,4,4,AGCATGTCGAAGGGGTGTTG,0,4360158
yadI_predicted,0.2,4,4,AGCATCTGGCTCTTGTTGGT,0,4331864
yadI_predicted,0.2,4,4,AGCATCAACTAGCTCCCTGT,0,4358409
yadI_predicted,0.2,4,4,AGCAGGACCGAGTGCACTTA,0,4315428
yadI_predicted,0.2,4,4,AGCACGATTACTCTATGCCG,0,4335502
yadI_predicted,0.2,4,4,AGCACATTGCGCATATATTT,0,4350233
yadI_predicted,0.2,4,4,AGCAATTGCGAACGGGATCA,0,4323118
yadI_predicted,0.2,4,4,AGCAAGATCGTCTACTTAGG,0,4325396
yadI_predicted,0.2,4,4,AGATTTTTTAGTACTCGTTA,0,4295418
yadI_predicted,0.2,4,4,AGATTTGCATGTGGTGTAGT,0,4323184
yadI_predicted,0.2,4,4,AGATTGGCCTGCCTCACCGC,0,4324863
yadI_predicted,0.2,4,4,AGATTGACCAACAGGGTGCA,0,4310677
yadI_predicted,0.2,4,4,AGATTAGTATGCCAAATCCA,0,4359504
yadI_predicted,0.2,4,4,AGATGCTAGGTTAAGCACGT,0,4316012
yadI_predicted,0.2,4,4,AGATGAATACAGGACCAGCA,0,4301797
yadI_predicted,0.2,4,4,AGATCTGTTGCTCGTTATAT,0,4313789
yadI_predicted,0.2,4,4,AGATAAGCTAAACCCGGTTT,0,4348462
yadI_predicted,0.2,4,4,AGAGGTGTCCGCTCATTGCG,0,4354030
yadI_predicted,0.2,4,4,AGAGCTATCGCCTCTACCTT,0,4285743
yadI_predicted,0.2,4,4,AGACTATTTACAATTGCTTA,0,4296965
yadI_predicted,0.2,4,4,AGACCTGGAAATAGGGGACG,0,4326296
yadI_predicted,0.2,4,4,AGACCCGGAAATCGGTCTTG,0,4292025
yadI_predicted,0.2,4,4,AGACATTGCAAAGTATAACG,0,4298085
yadI_predicted,0.2,4,4,AGAATTGAGAGCGCATTGAA,0,4333556
yadI_predicted,0.2,4,4,AGAATCGAGCTCGCTAATTA,0,4347552
yadI_predicted,0.2,4,4,AGAATAGGTATGTGATATTG,0,4288846
yadI_predicted,0.2,4,4,AGAAGACGCGCGTGCTCCCA,0,4319889
yadI_predicted,0.2,4,4,AGAACCTTGACGTCTGGGGC,0,4314764
yadI_predicted,0.2,4,4,AGAAAAAGAGTCGTACTTTA,0,4329036
yadI_predicted,0.2,4,4,ACTTTTATTTAGTTCGTCCA,0,4347547
yadI_predicted,0.2,4,4,ACTTTGAATTCTTACTGATC,0,4293447
yadI_predicted,0.2,4,4,ACTTGTTACGCGAGGTAGAA,0,4332348
yadI_predicted,0.2,4,4,ACTTGGTGTGCAGGGCGGAT,0,4304596
yadI_predicted,0.2,4,4,ACTTGCCAAGATTGACTTGC,0,4299078
yadI_predicted,0.2,4,4,ACTTGAGGTTTACACAGGAG,0,4363227
yadI_predicted,0.2,4,4,ACTTGAACGTCTGATGCTAT,0,4327546
yadI_predicted,0.2,4,4,ACTTCCAGTTTACTGGTAGT,0,4344912
yadI_predicted,0.2,4,4,ACTTAGTCGGTAATGGGGAT,0,4363081
yadI_predicted,0.2,4,4,ACTTAGCATGAACAGAACTC,0,4362378
yadI_predicted,0.2,4,4,ACTTAATTGTGGAATCGCGT,0,4309947
yadI_predicted,0.2,4,4,ACTGTGAGCCTAGGGGTTAA,0,4357157
yadI_predicted,0.2,4,4,ACTGTCTGGGGGTCTACCGA,0,4369868
yadI_predicted,0.2,4,4,ACTGGTTAATCTATGCGTAT,0,4300482
yadI_predicted,0.2,4,4,ACTGGGAAGTGTGTTTCCGG,0,4359086
yadI_predicted,0.2,4,4,ACTGCTTCATTAACATCAAT,0,4318543
yadI_predicted,0.2,4,4,ACTGCGCGAGGGCCGCGCCC,0,4294751
yadI_predicted,0.2,4,4,ACTGCCTAAGTGGTTACGGC,0,4326988
yadI_predicted,0.2,4,4,ACTGATTGTGCAAAGGTCAT,0,4363518
yadI_predicted,0.2,4,4,ACTCTGAGACATTGACAGAC,0,4348555
yadI_predicted,0.2,4,4,ACTCTACATGAAGTAATTCT,0,4311852
yadI_predicted,0.2,4,4,ACTCGGGTTCCACGGAAGTC,0,4359294
yadI_predicted,0.2,4,4,ACTCGGCACGTCCTTAAACG,0,4325584
yadI_predicted,0.2,4,4,ACTCGAGGAGTCTTAGCGTT,0,4324025
yadI_predicted,0.2,4,4,ACTCCTCCGCGTAGGGGAAT,0,4339749
yadI_predicted,0.2,4,4,ACTCCATCTCGAGGAATTTA,0,4364341
yadI_predicted,0.2,4,4,ACTCCAATTATTAAAAAACC,0,4319218
yadI_predicted,0.2,4,4,ACTCACATTTGCTGGACAAG,0,4348283
yadI_predicted,0.2,4,4,ACTCAAAGCTCCGCGGTTAC,0,4290125
yadI_predicted,0.2,4,4,ACTATGAGGTATAGACTTAA,0,4343747
yadI_predicted,0.2,4,4,ACTATAGTGTGTTGGTTCGA,0,4369754
yadI_predicted,0.2,4,4,ACTATAGGTCGTGGTTGTTT,0,4293016
yadI_predicted,0.2,4,4,ACTAATCTACTATGATGCCT,0,4357155
yadI_predicted,0.2,4,4,ACTAAGGGACATGACTAGAT,0,4341278
yadI_predicted,0.2,4,4,ACGTTTGCCGAAGACTCGTA,0,4297265
yadI_predicted,0.2,4,4,ACGTTGGGTCGCGCGTGAAA,0,4343588
yadI_predicted,0.2,4,4,ACGTTAACTTTCTCGGGGCA,0,4357305
yadI_predicted,0.2,4,4,ACGTGGGTTCGTAGTCGTCG,0,4307959
yadI_predicted,0.2,4,4,ACGTGCTCAAGTACGGGCTT,0,4344218
yadI_predicted,0.2,4,4,ACGTGAAGATTTCTATGTGC,0,4331816
yadI_predicted,0.2,4,4,ACGTCGAGCAGTGATTTAGG,0,4365285
yadI_predicted,0.2,4,4,ACGTCCTCACCTGTCCTGCC,0,4290410
yadI_predicted,0.2,4,4,ACGTCCAACCACCCTCGCTA,0,4358620
yadI_predicted,0.2,4,4,ACGTACCAGTCCCTGCACTA,0,4307688
yadI_predicted,0.2,4,4,ACGTAACCCAAGAGCAGTCC,0,4320740
yadI_predicted,0.2,4,4,ACGGTTAAACTATCGTGTAT,0,4366633
yadI_predicted,0.2,4,4,ACGGTCTATAAAATATGAAA,0,4325756
yadI_predicted,0.2,4,4,ACGGTAGCCGCCGCTAGTGA,0,4323762
yadI_predicted,0.2,4,4,ACGGGGGCTCCTACGAGTTT,0,4368826
yadI_predicted,0.2,4,4,ACGGGCTCTTTGAACCAGAG,0,4328520
yadI_predicted,0.2,4,4,ACGGGCGCTCGGTGTGATTT,0,4364715
yadI_predicted,0.2,4,4,ACGGGAGCATGTATGTTATG,0,4305790
yadI_predicted,0.2,4,4,ACGGCGGCCCAATGCTATCG,0,4359228
yadI_predicted,0.2,4,4,ACGGCAGCTTGGCCCCGTAA,0,4361486
yadI_predicted,0.2,4,4,ACGGAGGCTGTGATGCAGTA,0,4357938
yadI_predicted,0.2,4,4,ACGCTGGCATGAACGTCCGA,0,4332805
yadI_predicted,0.2,4,4,ACGCTGCGATGTGGGGAATC,0,4290465
yadI_predicted,0.2,4,4,ACGCTACCCGGGCGAATTAA,0,4298747
yadI_predicted,0.2,4,4,ACGCTAACGGGTTTCCATCA,0,4332392
yadI_predicted,0.2,4,4,ACGCGTTCGGAAAAAGCTCG,0,4356284
yadI_predicted,0.2,4,4,ACGCGTGATCATCGCGGGAG,0,4358777
yadI_predicted,0.2,4,4,ACGCGTGATAATTATGTTGA,0,4362679
yadI_predicted,0.2,4,4,ACGCGGTTTCTAGCTCGGGG,0,4285164
yadI_predicted,0.2,4,4,ACGCGGGGAGTCCTTCAAGA,0,4364229
yadI_predicted,0.2,4,4,ACGCGCAAGACTGTGGTTCT,0,4312172
yadI_predicted,0.2,4,4,ACGCCGCGGCATGCGTTTCC,0,4314377
yadI_predicted,0.2,4,4,ACGCCAGTATAAGACGGAAC,0,4316645
yadI_predicted,0.2,4,4,ACGCCAACCATAAGCTGTGT,0,4311368
yadI_predicted,0.2,4,4,ACGCATCCTGGTTTGGCACA,0,4320811
yadI_predicted,0.2,4,4,ACGCAGTTGGCCATCGGCTG,0,4328706
yadI_predicted,0.2,4,4,ACGCACGCGTATGGACCAGG,0,4317621
yadI_predicted,0.2,4,4,ACGATTGTTCCCGATCCACT,0,4308171
yadI_predicted,0.2,4,4,ACGACTGTAGGCCGTAGGTC,0,4323707
yadI_predicted,0.2,4,4,ACGAATGGCGAAGTTTAGTC,0,4330056
yadI_predicted,0.2,4,4,ACGAACCCCCTACTTCCGCA,0,4294175
yadI_predicted,0.2,4,4,ACCTTGACAAGGGGTCGCAT,0,4368759
yadI_predicted,0.2,4,4,ACCTGACATAACAGGTACAA,0,4324499
yadI_predicted,0.2,4,4,ACCTCCCTCTCGTTGGACCA,0,4352059
yadI_predicted,0.2,4,4,ACCTCACTATGGAAAGGAAT,0,4311855
yadI_predicted,0.2,4,4,ACCGTTTTACTCCCACCTGC,0,4365186
yadI_predicted,0.2,4,4,ACCGTTCCCTGGTTGGCTGT,0,4321450
yadI_predicted,0.2,4,4,ACCGTCCGCAGTAGCGCTTA,0,4299914
yadI_predicted,0.2,4,4,ACCGTAACCACGATTACTCA,0,4320298
yadI_predicted,0.2,4,4,ACCGGGTGCACAGGCCGACG,0,4341970
yadI_predicted,0.2,4,4,ACCGGGCTTCTTGGGAGGAC,0,4324146
yadI_predicted,0.2,4,4,ACCGGGCATCATACTTGGGT,0,4363206
yadI_predicted,0.2,4,4,ACCGGACAATAAATGAAGCT,0,4349775
yadI_predicted,0.2,4,4,ACCGCCCCTTTATATCTCTT,0,4320726
yadI_predicted,0.2,4,4,ACCGAAACGAAGGTCCAACA,0,4335263
yadI_predicted,0.2,4,4,ACCCTACGTTACAGCGCTTA,0,4295828
yadI_predicted,0.2,4,4,ACCCGTGGTTTGTCCAAGGA,0,4367491
yadI_predicted,0.2,4,4,ACCCGCCACATCTCCCACAG,0,4316433
yadI_predicted,0.2,4,4,ACCCCGTTTTTATCTGGTTT,0,4324986
yadI_predicted,0.2,4,4,ACCCCATGCAGTTAGCCATC,0,4338792
yadI_predicted,0.2,4,4,ACCCCACGGGGATGATATTC,0,4349823
yadI_predicted,0.2,4,4,ACCCATTGGGCAGATCGCTC,0,4296610
yadI_predicted,0.2,4,4,ACCATCCTCCGCTATTCCTA,0,4307141
yadI_predicted,0.2,4,4,ACCATACCCCTTCCATTGAG,0,4355150
yadI_predicted,0.2,4,4,ACCAGTCATAAGGTTTCTGC,0,4357956
yadI_predicted,0.2,4,4,ACCAGAGAGGACGATGATTA,0,4326613
yadI_predicted,0.2,4,4,ACCAGACGCCGCTTGTTACA,0,4364403
yadI_predicted,0.2,4,4,ACCACCTATAGGAGGCAGTT,0,4310710
yadI_predicted,0.2,4,4,ACCAAATGCATGAACTTAGC,0,4313290
yadI_predicted,0.2,4,4,ACATTTTGCTCCTGAGGCCT,0,4322790
yadI_predicted,0.2,4,4,ACATTTACATCATCGGCCGA,0,4297375
yadI_predicted,0.2,4,4,ACATTCATGCAGCGCTCGAA,0,4303259
yadI_predicted,0.2,4,4,ACATCCGATACTGTACCCGA,0,4366503
yadI_predicted,0.2,4,4,ACATCACGGCTTAAAACTAA,0,4307393
yadI_predicted,0.2,4,4,ACATAGACCGGAGAATAGTC,0,4343859
yadI_predicted,0.2,4,4,ACATACTCCTGCTCCCTTCT,0,4284605
yadI_predicted,0.2,4,4,ACATACGTAACTGAAATACC,0,4363668
yadI_predicted,0.2,4,4,ACAGTGTGGACGTGACGCTC,0,4340673
yadI_predicted,0.2,4,4,ACAGTCTCATGTAAACGGGT,0,4310017
yadI_predicted,0.2,4,4,ACAGTAGCCCCCCCCATTAG,0,4321894
yadI_predicted,0.2,4,4,ACAGCTGCACCGAAGGCAGG,0,4337748
yadI_predicted,0.2,4,4,ACAGCGCCCCAGCTGCGCAT,0,4330578
yadI_predicted,0.2,4,4,ACAGCCGGAGCATTTAAGCC,0,4322891
yadI_predicted,0.2,4,4,ACAGATCTCAGGAGTGTGGT,0,4317001
yadI_predicted,0.2,4,4,ACAGATCATTCTTAACTCGC,0,4318592
yadI_predicted,0.2,4,4,ACAGAGGAGGCAACATAACT,0,4316458
yadI_predicted,0.2,4,4,ACACTTATGTACTATGTCGG,0,4351380
yadI_predicted,0.2,4,4,ACACTCGCTAGAAGGCCCGC,0,4319323
yadI_predicted,0.2,4,4,ACACGGGGTCTAGTGAATCG,0,4284552
yadI_predicted,0.2,4,4,ACACGGGAACACCGTCTATA,0,4354519
yadI_predicted,0.2,4,4,ACACGATCAGTAGGACGCGA,0,4296325
yadI_predicted,0.2,4,4,ACACCTGAAGATACATTGAA,0,4315495
yadI_predicted,0.2,4,4,ACACAAATTGCTCTCTGATT,0,4348566
yadI_predicted,0.2,4,4,ACAAGGTGCAATTAGATCTT,0,4293371
yadI_predicted,0.2,4,4,ACAAGGCAAAACAAACACAA,0,4350415
yadI_predicted,0.2,4,4,ACAAGCGTAAATTTTCGTGT,0,4304918
yadI_predicted,0.2,4,4,ACAAATTGCCGGGTCGGACA,0,4300353
yadI_predicted,0.2,4,4,ACAAAGAATACGTCCTGAAA,0,4369185
yadI_predicted,0.2,4,4,AATTGGTCATGGCGGAAGAG,0,4338159
yadI_predicted,0.2,4,4,AATTGCCGTTGATGAACATC,0,4342443
yadI_predicted,0.2,4,4,AATTCCTGCTGCTATAACCA,0,4295310
yadI_predicted,0.2,4,4,AATTCAACTCAGAAAAGGGA,0,4292579
yadI_predicted,0.2,4,4,AATTATGAACAATTGCGCTA,0,4354074
yadI_predicted,0.2,4,4,AATTATCGAAACAAGAAAGG,0,4313955
yadI_predicted,0.2,4,4,AATTAGGGCCGAATCCCGAT,0,4327783
yadI_predicted,0.2,4,4,AATTACCGTTCACGCCTGAG,0,4307339
yadI_predicted,0.2,4,4,AATTAATCATCCTCGAAGCC,0,4350469
yadI_predicted,0.2,4,4,AATGTTGGGGTAGTCACAAG,0,4338549
yadI_predicted,0.2,4,4,AATGTTGATGGGTGCGTGTG,0,4344754
yadI_predicted,0.2,4,4,AATGTCGCGTCACGTCTTAG,0,4285319
yadI_predicted,0.2,4,4,AATGGTTTTGGGTACGCTGA,0,4285959
yadI_predicted,0.2,4,4,AATGGCGTTGAGACAAGTAG,0,4346083
yadI_predicted,0.2,4,4,AATGGAGGCCATTTAACTGC,0,4368102
yadI_predicted,0.2,4,4,AATGCTTAATTGAATATTGG,0,4328991
yadI_predicted,0.2,4,4,AATGATGACGTATCACGGAC,0,4359711
yadI_predicted,0.2,4,4,AATGATATAGCGACCCGATA,0,4316762
yadI_predicted,0.2,4,4,AATGAATGGCTGGATCATCT,0,4286634
yadI_predicted,0.2,4,4,AATCTTAGAGGTTTCGGCTA,0,4361185
yadI_predicted,0.2,4,4,AATCTGGGTAGGATGTTCAT,0,4312648
yadI_predicted,0.2,4,4,AATCTCAGGTTGATTCGACG,0,4297445
yadI_predicted,0.2,4,4,AATCGTCAAACTGACCGATA,0,4344707
yadI_predicted,0.2,4,4,AATCGTAAAGCCGACCACGA,0,4296914
yadI_predicted,0.2,4,4,AATCGGAGGGTGGAACGAAA,0,4287581
yadI_predicted,0.2,4,4,AATCGATACCAGCCTGAGGA,0,4291588
yadI_predicted,0.2,4,4,AATCCGTTCAGATCGGACGT,0,4299730
yadI_predicted,0.2,4,4,AATCCCGGTACCAACCGAAT,0,4344028
yadI_predicted,0.2,4,4,AATCATTAGTGGGGTTTGCG,0,4293823
yadI_predicted,0.2,4,4,AATCATCAGCACGACGAAAT,0,4318195
yadI_predicted,0.2,4,4,AATCAGCTGACTCTCCCCCA,0,4330120
yadI_predicted,0.2,4,4,AATCACGGTTATCTATGGGT,0,4326363
yadI_predicted,0.2,4,4,AATATGTCTATCACGAAATC,0,4304216
yadI_predicted,0.2,4,4,AATATCTTGTGAGCTCTTTT,0,4286453
yadI_predicted,0.2,4,4,AATAGGATACTGATTCCTCT,0,4365322
yadI_predicted,0.2,4,4,AATAGATTGCCGCGACTCAC,0,4296217
yadI_predicted,0.2,4,4,AATACTTCATCGACAGGCCC,0,4322198
yadI_predicted,0.2,4,4,AATACCCTAAAAGACTCGAA,0,4287907
yadI_predicted,0.2,4,4,AATAAGATTATACGACTGGT,0,4325877
yadI_predicted,0.2,4,4,AAGTTGACTAAGCCGAAGGA,0,4284151
yadI_predicted,0.2,4,4,AAGTTCGACGCGTGCACCTC,0,4335631
yadI_predicted,0.2,4,4,AAGTTCATTGTGGGATGAGG,0,4362306
yadI_predicted,0.2,4,4,AAGTGTTAGAAGGATGTAGA,0,4316173
yadI_predicted,0.2,4,4,AAGTGCCAGAAGCAAGCAAT,0,4334911
yadI_predicted,0.2,4,4,AAGTGAAGCCTGTTCTAAGC,0,4337113
yadI_predicted,0.2,4,4,AAGTCGGTGTGCACACACCG,0,4311048
yadI_predicted,0.2,4,4,AAGTCGCCAGTAATCTTGGT,0,4339579
yadI_predicted,0.2,4,4,AAGTCACTTAAGGCATATTA,0,4341598
yadI_predicted,0.2,4,4,AAGGTTCTACATGAAGGAAA,0,4316179
yadI_predicted,0.2,4,4,AAGGTCGGCAGATGGGTCAC,0,4329298
yadI_predicted,0.2,4,4,AAGGTCGCTCCGTGTTTGTA,0,4307457
yadI_predicted,0.2,4,4,AAGGTAATGCCACCACCAAC,0,4306417
yadI_predicted,0.2,4,4,AAGGGTAGACCTTGTTGTAT,0,4298231
yadI_predicted,0.2,4,4,AAGGGCGACTTCGGAGCTCC,0,4311270
yadI_predicted,0.2,4,4,AAGGCGAGGTTACCGGCGCC,0,4366161
yadI_predicted,0.2,4,4,AAGGCCGTCTGCTAGGAGTT,0,4326544
yadI_predicted,0.2,4,4,AAGGATACCTGTTAAAACAT,0,4303742
yadI_predicted,0.2,4,4,AAGGAGTATCGGGAACGCGG,0,4311225
yadI_predicted,0.2,4,4,AAGGACGGTGTGCCATCGAG,0,4286266
yadI_predicted,0.2,4,4,AAGGAAATCGCATCCCAGTT,0,4315737
yadI_predicted,0.2,4,4,AAGCCCGTCAGTAGAGGGAT,0,4310145
yadI_predicted,0.2,4,4,AAGCATCAATTCGCGCGGAA,0,4294062
yadI_predicted,0.2,4,4,AAGCAGACCGCGTCCGCGCC,0,4346934
yadI_predicted,0.2,4,4,AAGCACTGTCTCGGATTTCG,0,4321866
yadI_predicted,0.2,4,4,AAGATCCCTCAAGGATGATT,0,4366517
yadI_predicted,0.2,4,4,AAGAGTGACTCCATCTCAGA,0,4310449
yadI_predicted,0.2,4,4,AAGAGGTAATAGGCTAGTCG,0,4338991
yadI_predicted,0.2,4,4,AAGAGGATATGCTGGCTCAA,0,4285090
yadI_predicted,0.2,4,4,AAGACGAAACGTCGCTAAGT,0,4343728
yadI_predicted,0.2,4,4,AAGAAACGTTTAGTATCGTC,0,4317328
yadI_predicted,0.2,4,4,AAGAAAACTATAGCCACATA,0,4286476
yadI_predicted,0.2,4,4,AACTTTTGGAGAATCTTATC,0,4322005
yadI_predicted,0.2,4,4,AACTTGCGCGTCGAGTGCTG,0,4329675
yadI_predicted,0.2,4,4,AACTCATTAGGATACATGGA,0,4342415
yadI_predicted,0.2,4,4,AACTCAAACTGCATTGCTGC,0,4350589
yadI_predicted,0.2,4,4,AACTAGCAGATTAGGCCTTC,0,4311651
yadI_predicted,0.2,4,4,AACTACGGGATCATATTCGA,0,4360627
yadI_predicted,0.2,4,4,AACTACGAGATGGCATGCTA,0,4347275
yadI_predicted,0.2,4,4,AACTACCAAGCCATCATTGC,0,4322613
yadI_predicted,0.2,4,4,AACGTCACTGATTAATCCTA,0,4337416
yadI_predicted,0.2,4,4,AACGTATAATGAGCAAGCAA,0,4346850
yadI_predicted,0.2,4,4,AACGGCTGTACAAGCGGGCT,0,4299490
yadI_predicted,0.2,4,4,AACGGAGTAACACAGAGCTA,0,4328579
yadI_predicted,0.2,4,4,AACGCGAAGGCGGAAATCAA,0,4337983
yadI_predicted,0.2,4,4,AACGCCATGGTCCTAAGGAG,0,4330152
yadI_predicted,0.2,4,4,AACGATATTGTTTGAGGCTC,0,4298200
yadI_predicted,0.2,4,4,AACGAATCCTTGCAGTACGA,0,4303304
yadI_predicted,0.2,4,4,AACCTTTCCTACTGCTGGTC,0,4349945
yadI_predicted,0.2,4,4,AACCTATTGAATAACGAATT,0,4287455
yadI_predicted,0.2,4,4,AACCGCTGACATAGCTTATG,0,4290118
yadI_predicted,0.2,4,4,AACCGCTCACGAAATTGGGT,0,4345388
yadI_predicted,0.2,4,4,AACCGCAGATGCTCTGCGGA,0,4304841
yadI_predicted,0.2,4,4,AACCGATTCAATGCGGCAAC,0,4345063
yadI_predicted,0.2,4,4,AACCCTTTATATTAGCAGCC,0,4349477
yadI_predicted,0.2,4,4,AACCCTTGCCGCGCGTCTTC,0,4291869
yadI_predicted,0.2,4,4,AACCCTCCCGAATCGCAGAG,0,4366920
yadI_predicted,0.2,4,4,AACCATTCTCTCAGTCATAC,0,4366988
yadI_predicted,0.2,4,4,AACCATCAAGCCTCGAAGCA,0,4341076
yadI_predicted,0.2,4,4,AACCAGGTCTCAAAGTAGCC,0,4329467
yadI_predicted,0.2,4,4,AACCAGCCCGAATCATCGCC,0,4315044
yadI_predicted,0.2,4,4,AACCACTTTCTGACGCCCAC,0,4341703
yadI_predicted,0.2,4,4,AACATTCAACGTGCCTGTGC,0,4286407
yadI_predicted,0.2,4,4,AACATGAGCCGAATTGCTGT,0,4309721
yadI_predicted,0.2,4,4,AACAGGGGGTATAGTTGGTA,0,4319403
yadI_predicted,0.2,4,4,AACAGGGGGATTTTCCTAGT,0,4320056
yadI_predicted,0.2,4,4,AACAGGGAGCGCTCGGTAAA,0,4366225
yadI_predicted,0.2,4,4,AACAGATAGGAGATGGTTGG,0,4352377
yadI_predicted,0.2,4,4,AACACGATAGATCTCCATAC,0,4289814
yadI_predicted,0.2,4,4,AACAATATTGTGGAATTCAC,0,4365535
yadI_predicted,0.2,4,4,AACAAGTGTCTGTGACTCGT,0,4335272
yadI_predicted,0.2,4,4,AAATTCCTGGACTTGCGTCG,0,4344986
yadI_predicted,0.2,4,4,AAATGGCTGTATGAGTTGGC,0,4347509
yadI_predicted,0.2,4,4,AAATGATATAGTCAATACCC,0,4340873
yadI_predicted,0.2,4,4,AAATCCTCGAAAGGGGGCCT,0,4300108
yadI_predicted,0.2,4,4,AAATCAAATGGCAACTGAAT,0,4349604
yadI_predicted,0.2,4,4,AAATATGGTTGCCGCGAATG,0,4367927
yadI_predicted,0.2,4,4,AAATAACAAAGACACCGATA,0,4353243
yadI_predicted,0.2,4,4,AAAGTTAAGCTCGAATATTT,0,4306365
yadI_predicted,0.2,4,4,AAAGTATAGTGCAGCATAGC,0,4322844
yadI_predicted,0.2,4,4,AAAGGCAGGTGTCGGCGAAG,0,4295558
yadI_predicted,0.2,4,4,AAAGCAAAGTCCATCCTGGA,0,4297737
yadI_predicted,0.2,4,4,AAAGATGTACGGTAGCTCAC,0,4333971
yadI_predicted,0.2,4,4,AAAGATCTCTCTTCGAGGTA,0,4285051
yadI_predicted,0.2,4,4,AAAGAGCATAAACCTGTTTA,0,4369646
yadI_predicted,0.2,4,4,AAAGACAGCCCAAAGCTCCA,0,4344011
yadI_predicted,0.2,4,4,AAAGAATATCTTGTTTCACT,0,4314516
yadI_predicted,0.2,4,4,AAACTCGGAAGTATCTGCTC,0,4319198
yadI_predicted,0.2,4,4,AAACTCACAGCCAAGTAACA,0,4289557
yadI_predicted,0.2,4,4,AAACTATATTAGATCTTGCA,0,4338888
yadI_predicted,0.2,4,4,AAACTATAAGGCTCGATCCT,0,4313999
yadI_predicted,0.2,4,4,AAACGTTTGGAGTTCTACAA,0,4349837
yadI_predicted,0.2,4,4,AAACGAAGCGCAGTTGACAA,0,4325149
yadI_predicted,0.2,4,4,AAACCGTTGTACAACCGACA,0,4306628
yadI_predicted,0.2,4,4,AAACAACTGCGCGCTCAGGT,0,4354252
yadI_predicted,0.2,4,4,AAAATTGCGTGTATACCCTG,0,4324293
yadI_predicted,0.2,4,4,AAAAGTTTAAAGTTAGAAAA,0,4300335
yadI_predicted,0.2,4,4,AAAAGGGCACTACCCGAGAG,0,4344696
yadI_predicted,0.2,4,4,AAAAGCACCATAGCGCAAAT,0,4312807
yadI_predicted,0.2,4,4,AAAAATAGCTAAACAGGAAA,0,4314311
yadI_predicted,0.25,3,3,TTTTGGGGGTGGCTTACCAG,0,4343951
yadI_predicted,0.25,3,3,TTTTCTGTGACCTGTTCGCG,0,4316165
yadI_predicted,0.25,3,3,TTTTCGAGGACGTGAGCAAA,0,4290845
yadI_predicted,0.25,3,3,TTTTCCTCGCCTTCCCCCTA,0,4342632
yadI_predicted,0.25,3,3,TTTTCCCGGTTCGAGAGTAC,0,4309242
yadI_predicted,0.25,3,3,TTTTCATTTGCAGGTACGAT,0,4289309
yadI_predicted,0.25,3,3,TTTTAGGATTCTGGTTGAGT,0,4369983
yadI_predicted,0.25,3,3,TTTTACTTATAGCGGAACCG,0,4307960
yadI_predicted,0.25,3,3,TTTTACGGCTAGATCAAGTT,0,4314394
yadI_predicted,0.25,3,3,TTTTACAACTGTTGGGTCAT,0,4299012
yadI_predicted,0.25,3,3,TTTGTGGGGATGGAATTTAA,0,4285240
yadI_predicted,0.25,3,3,TTTGTCGAGCTGCCCCGCTC,0,4342138
yadI_predicted,0.25,3,3,TTTGTCCGGAACTCCATGGG,0,4346469
yadI_predicted,0.25,3,3,TTTGTATGCAGACGGGCGGC,0,4367023
yadI_predicted,0.25,3,3,TTTGTACATTGCTAACTTTC,0,4324420
yadI_predicted,0.25,3,3,TTTGGTTTACGGAGACCAAT,0,4361497
yadI_predicted,0.25,3,3,TTTGGTCACGTGTTTCTTGA,0,4367140
yadI_predicted,0.25,3,3,TTTGGGGCTTAATCACCCTG,0,4288237
yadI_predicted,0.25,3,3,TTTGGATTTATCATATATGA,0,4367226
yadI_predicted,0.25,3,3,TTTGGATAATCTAATACACA,0,4315109
yadI_predicted,0.25,3,3,TTTGCCTGGGTGCTGATTAT,0,4357248
yadI_predicted,0.25,3,3,TTTGCCCGCTCGGCTGTGTT,0,4340391
yadI_predicted,0.25,3,3,TTTGCCCCCAAATGATGAAA,0,4296700
yadI_predicted,0.25,3,3,TTTGCAAGTCGCTCCCAAGC,0,4302709
yadI_predicted,0.25,3,3,TTTCTCGGTATTTTGCATTT,0,4296471
yadI_predicted,0.25,3,3,TTTCTCGGGTTGCATGTTTT,0,4300575
yadI_predicted,0.25,3,3,TTTCGTTTCTCGGTAGGACT,0,4315412
yadI_predicted,0.25,3,3,TTTCGCGTGTCGCTTAAGGT,0,4327157
yadI_predicted,0.25,3,3,TTTCCTTCAATGATCTTCGT,0,4314240
yadI_predicted,0.25,3,3,TTTCCACCAGTTAAAGTGGA,0,4368104
yadI_predicted,0.25,3,3,TTTCAGGTAGTCTGCCACAT,0,4311967
yadI_predicted,0.25,3,3,TTTCACCTCCACTAAGGATA,0,4313919
yadI_predicted,0.25,3,3,TTTATTTTAGAGGGCGATAC,0,4368215
yadI_predicted,0.25,3,3,TTTATTTCGTAGATCTCAAC,0,4346971
yadI_predicted,0.25,3,3,TTTATGCTTGTCATCCGTAT,0,4366185
yadI_predicted,0.25,3,3,TTTATATTGTCTAGACAGGG,0,4297765
yadI_predicted,0.25,3,3,TTTAGTTGTCTTGCCAACCT,0,4341918
yadI_predicted,0.25,3,3,TTTAGCGTTTGACGGGTTTT,0,4301163
yadI_predicted,0.25,3,3,TTTAGCAGGATCGGTACCAT,0,4348007
yadI_predicted,0.25,3,3,TTTAGATGTACCCCAGCCTA,0,4353148
yadI_predicted,0.25,3,3,TTTACTTCACGTCCGCTATA,0,4301992
yadI_predicted,0.25,3,3,TTTACGCTATGTTATGCTGG,0,4321681
yadI_predicted,0.25,3,3,TTTAACGGCGCATCTAATCT,0,4361815
yadI_predicted,0.25,3,3,TTTAAATTAAAGGTGTAAGT,0,4307987
yadI_predicted,0.25,3,3,TTGTTCACTAGAAAGCAATA,0,4323690
yadI_predicted,0.25,3,3,TTGTGCCATAAGACCGGTAA,0,4322181
yadI_predicted,0.25,3,3,TTGTCGGTTCGTCGCTGGTC,0,4338533
yadI_predicted,0.25,3,3,TTGTATGTGCAATTCTGTCC,0,4292220
yadI_predicted,0.25,3,3,TTGTATACACGATCACAATT,0,4361275
yadI_predicted,0.25,3,3,TTGGTTGGAGGGGCTGGCTT,0,4309317
yadI_predicted,0.25,3,3,TTGGTTAGCAATATTTCCCT,0,4359085
yadI_predicted,0.25,3,3,TTGGTATTTTCACAATTCTG,0,4366235
yadI_predicted,0.25,3,3,TTGGGAGCAGTAGGTTTACT,0,4363694
yadI_predicted,0.25,3,3,TTGGCTCTTCGACTTATCAT,0,4293959
yadI_predicted,0.25,3,3,TTGGCTAGGAAAGGTATATT,0,4304518
yadI_predicted,0.25,3,3,TTGGATAACAACTCTTCACA,0,4301937
yadI_predicted,0.25,3,3,TTGGAGGGCGAGGGTGCACT,0,4305982
yadI_predicted,0.25,3,3,TTGGAGCTCCAAGCGTGCTC,0,4305102
yadI_predicted,0.25,3,3,TTGGAGCAGCAGACCGGGAC,0,4313928
yadI_predicted,0.25,3,3,TTGGACCAGGCCTCTCCAAT,0,4290721
yadI_predicted,0.25,3,3,TTGCTTTATGTGAATCCCGT,0,4304268
yadI_predicted,0.25,3,3,TTGCTGACTAATGTAGATTT,0,4306803
yadI_predicted,0.25,3,3,TTGCTAAAGCTCAGTTTCGG,0,4315572
yadI_predicted,0.25,3,3,TTGCCTAGGAGTTACATAAG,0,4295797
yadI_predicted,0.25,3,3,TTGCCCCTCGTCGGGCTGGG,0,4307129
yadI_predicted,0.25,3,3,TTGCACCGAAGGTCCAATCC,0,4352798
yadI_predicted,0.25,3,3,TTGATGCAATAAAGTCAGCC,0,4308952
yadI_predicted,0.25,3,3,TTGAGGGGGTACTGGCCTGA,0,4318094
yadI_predicted,0.25,3,3,TTGAGAGGTACGTCACTCTT,0,4310902
yadI_predicted,0.25,3,3,TTGACTTATTCTATTCGATG,0,4303944
yadI_predicted,0.25,3,3,TTGACCTAGGCACTATTAAT,0,4318321
yadI_predicted,0.25,3,3,TTGACAGGCTAGTAAACGTG,0,4318466
yadI_predicted,0.25,3,3,TTGAATCGAGTACCTGTCCA,0,4350952
yadI_predicted,0.25,3,3,TTGAATAGCGGCCAAGATGA,0,4310516
yadI_predicted,0.25,3,3,TTGAACAGCTGGACCATTTT,0,4304917
yadI_predicted,0.25,3,3,TTGAAAACCATGCGGAAAGA,0,4340946
yadI_predicted,0.25,3,3,TTCTTTAGTTTTACCTGGAT,0,4348521
yadI_predicted,0.25,3,3,TTCTTAACCCCGGCAACAGG,0,4351113
yadI_predicted,0.25,3,3,TTCTGGGTGTATTCTTCTGT,0,4346859
yadI_predicted,0.25,3,3,TTCTGATGCCTACTTTTTGT,0,4340174
yadI_predicted,0.25,3,3,TTCTCCGGCCAGTCGAGGGA,0,4353581
yadI_predicted,0.25,3,3,TTCTCAACGTTCGTAGATAC,0,4289469
yadI_predicted,0.25,3,3,TTCTAATAGGTCACCAGTGA,0,4318435
yadI_predicted,0.25,3,3,TTCGTGGGTAGTATCAGGCA,0,4290903
yadI_predicted,0.25,3,3,TTCGTCTAGGCGGCTGCCAT,0,4356960
yadI_predicted,0.25,3,3,TTCGGTACGAGCATAAGATA,0,4307395
yadI_predicted,0.25,3,3,TTCGGCTCTATCTCACATTG,0,4357730
yadI_predicted,0.25,3,3,TTCGGAGTGGTCAGTACCCA,0,4300351
yadI_predicted,0.25,3,3,TTCGGAGTGCCTCTGGGTAC,0,4359789
yadI_predicted,0.25,3,3,TTCGCGGCGAGCCGATTGAT,0,4349199
yadI_predicted,0.25,3,3,TTCGCGATACCGCTATTCAC,0,4320067
yadI_predicted,0.25,3,3,TTCGCGAAACTCTTCCCGAG,0,4352794
yadI_predicted,0.25,3,3,TTCGCACACGAATTTGAAAT,0,4362866
yadI_predicted,0.25,3,3,TTCGAGGGACACACATATCA,0,4300400
yadI_predicted,0.25,3,3,TTCGAGGACTGTACGTCAAA,0,4338091
yadI_predicted,0.25,3,3,TTCGACAGAAAGTTTGCGAG,0,4334592
yadI_predicted,0.25,3,3,TTCCTTCAGCTGTCTTCGAA,0,4313591
yadI_predicted,0.25,3,3,TTCCTCCGGTTTGGAAATGG,0,4319465
yadI_predicted,0.25,3,3,TTCCTAACTCTCTGGGGGGT,0,4335942
yadI_predicted,0.25,3,3,TTCCGGTGAAGCTGTGAAGG,0,4353852
yadI_predicted,0.25,3,3,TTCCGGCATCCGGAAGCCTC,0,4287333
yadI_predicted,0.25,3,3,TTCCGAACCTTAGCAAGCGA,0,4335595
yadI_predicted,0.25,3,3,TTCCCGGATCTGGAGTCTCT,0,4333535
yadI_predicted,0.25,3,3,TTCCAGCGGTGGAATCGGCC,0,4303319
yadI_predicted,0.25,3,3,TTCCACTTCGGAGATTAGCT,0,4285516
yadI_predicted,0.25,3,3,TTCATCCCCCGACATTGTAC,0,4288676
yadI_predicted,0.25,3,3,TTCATACTTTAAGAGCCCTT,0,4293977
yadI_predicted,0.25,3,3,TTCACCCCTGGGGTAACGAG,0,4328428
yadI_predicted,0.25,3,3,TTCACAGGAATTGTTGGTGC,0,4353537
yadI_predicted,0.25,3,3,TTCAAATGGGGCGCGATCAA,0,4286520
yadI_predicted,0.25,3,3,TTATTCAAAGAGTGGCAAAA,0,4292306
yadI_predicted,0.25,3,3,TTATTAACACGATTCGATAT,0,4368131
yadI_predicted,0.25,3,3,TTATGTGTGGGCTACGTGTA,0,4309557
yadI_predicted,0.25,3,3,TTATGATACGACTGCGACCT,0,4315425
yadI_predicted,0.25,3,3,TTATGAAAGGGTCCGAGCAA,0,4296969
yadI_predicted,0.25,3,3,TTATCTGCAGAACAGTAGGA,0,4340061
yadI_predicted,0.25,3,3,TTATCGAGCATCCTTCCGCC,0,4360291
yadI_predicted,0.25,3,3,TTATAGTGTCACTCCGGTCA,0,4331588
yadI_predicted,0.25,3,3,TTATACGGAACCACGGACTA,0,4322616
yadI_predicted,0.25,3,3,TTATAACAATAGCAGGGCGG,0,4359611
yadI_predicted,0.25,3,3,TTAGTGGTATATCACTGTAT,0,4347528
yadI_predicted,0.25,3,3,TTAGTCAGGTGGCAACTAAA,0,4349180
yadI_predicted,0.25,3,3,TTAGTACTATGTGTTTATCC,0,4292774
yadI_predicted,0.25,3,3,TTAGGGTAAATCCTCGCGGG,0,4368817
yadI_predicted,0.25,3,3,TTAGCAGTCTGTTCTGCGAC,0,4310584
yadI_predicted,0.25,3,3,TTAGCAATAGCGCGGCCAAG,0,4333085
yadI_predicted,0.25,3,3,TTACTTGTTACCCAGCCAGC,0,4330808
yadI_predicted,0.25,3,3,TTACTCTCTTGGTTTTACCC,0,4363420
yadI_predicted,0.25,3,3,TTACTCCGGATGCACTATGT,0,4324767
yadI_predicted,0.25,3,3,TTACTAGCCGTATAATTCGG,0,4355656
yadI_predicted,0.25,3,3,TTACTAATCATGGCTCCTAT,0,4318788
yadI_predicted,0.25,3,3,TTACGGATGGTCGGGGCAAT,0,4322097
yadI_predicted,0.25,3,3,TTACCAGTCCGTACGGGTGC,0,4364057
yadI_predicted,0.25,3,3,TTACATGTCTGGTAACGTAT,0,4351318
yadI_predicted,0.25,3,3,TTACAGATAACCGGCCAAGC,0,4364512
yadI_predicted,0.25,3,3,TTAATTGGTGTGCATGTAGG,0,4355036
yadI_predicted,0.25,3,3,TTAAGTTAATGGCAAGCACT,0,4340177
yadI_predicted,0.25,3,3,TTAAGTCACTGCTGTCGGTC,0,4353099
yadI_predicted,0.25,3,3,TTAAGTAGCGCACACTTGCA,0,4323663
yadI_predicted,0.25,3,3,TTAAGAAGGGCTGCGGCAGT,0,4363189
yadI_predicted,0.25,3,3,TTAACTTTAGAACTAGCACG,0,4345464
yadI_predicted,0.25,3,3,TTAACGTTCCGGAGAGGACG,0,4345555
yadI_predicted,0.25,3,3,TTAAATTGGAAAACAAGAAA,0,4306875
yadI_predicted,0.25,3,3,TTAAAGCGTTCTGTACGTAT,0,4358676
yadI_predicted,0.25,3,3,TTAAACGGGGGCCCCCGCCC,0,4313292
yadI_predicted,0.25,3,3,TGTTTATAATGTTGAATTGC,0,4286489
yadI_predicted,0.25,3,3,TGTTTAGTTCCGTATGTGCC,0,4289335
yadI_predicted,0.25,3,3,TGTTTAGTGGAACATGTTAG,0,4356910
yadI_predicted,0.25,3,3,TGTTGCGATTTAGCTCGGCG,0,4330177
yadI_predicted,0.25,3,3,TGTTCACTACGTTCGATCCC,0,4335264
yadI_predicted,0.25,3,3,TGTTATTTCGCTATAGGGGT,0,4323233
yadI_predicted,0.25,3,3,TGTTAAGTAGTTGTAGCGCA,0,4349619
yadI_predicted,0.25,3,3,TGTTAAAGATCAAGTTGTCC,0,4353249
yadI_predicted,0.25,3,3,TGTGTTGGTGTCTGTTGTAG,0,4354259
yadI_predicted,0.25,3,3,TGTGTTGACATAGCGTATAG,0,4289868
yadI_predicted,0.25,3,3,TGTGGGAGACGTTCAAGGGA,0,4295563
yadI_predicted,0.25,3,3,TGTGGCCCGCGTAGAAAGTT,0,4369244
yadI_predicted,0.25,3,3,TGTGGACTCGTTAGGCACAC,0,4335142
yadI_predicted,0.25,3,3,TGTGATACCGGGTTTGTGTG,0,4366484
yadI_predicted,0.25,3,3,TGTCTTAGTGCCGTAAGTCC,0,4312792
yadI_predicted,0.25,3,3,TGTCGCGGCGGTGAAACCCA,0,4293362
yadI_predicted,0.25,3,3,TGTCGCATCGGTGTGAGAGA,0,4320247
yadI_predicted,0.25,3,3,TGTCGCACGACGTGGAACAA,0,4310331
yadI_predicted,0.25,3,3,TGTCATGTGATTCTCATGGA,0,4327065
yadI_predicted,0.25,3,3,TGTCAGGAGTGTGAAAGCGT,0,4338113
yadI_predicted,0.25,3,3,TGTATTGAGGCGCATGCTGG,0,4296181
yadI_predicted,0.25,3,3,TGTATGCTAGCACGAATTAA,0,4340816
yadI_predicted,0.25,3,3,TGTAGGCCTGTGCACGGTTT,0,4347496
yadI_predicted,0.25,3,3,TGTAGGAGGGCACGGATTTG,0,4285647
yadI_predicted,0.25,3,3,TGTAGCTACGTTCTCTGCCA,0,4348378
yadI_predicted,0.25,3,3,TGTACGTATGGAAGGGACGG,0,4347120
yadI_predicted,0.25,3,3,TGTACGGCGTTATACTTACG,0,4364866
yadI_predicted,0.25,3,3,TGTACCAAACGGAAACGCGT,0,4345439
yadI_predicted,0.25,3,3,TGTACAACACTTTGAAAAGC,0,4320510
yadI_predicted,0.25,3,3,TGTAAGAGGCAAATGCAGAT,0,4333452
yadI_predicted,0.25,3,3,TGTAAAGACCGTATACATCT,0,4365692
yadI_predicted,0.25,3,3,TGGTTTCCGATCCACTTGAG,0,4320475
yadI_predicted,0.25,3,3,TGGTTCGCTACGGCAGGGAC,0,4318310
yadI_predicted,0.25,3,3,TGGTGTGGGGTATTATAAAT,0,4366424
yadI_predicted,0.25,3,3,TGGTGGAAAGACAGAGCAGA,0,4321663
yadI_predicted,0.25,3,3,TGGTCTGCAAGGCTTAGAGT,0,4359310
yadI_predicted,0.25,3,3,TGGTCGTCTTCTAGTGGCGC,0,4303231
yadI_predicted,0.25,3,3,TGGTACAGGGCGGTGACCTA,0,4361877
yadI_predicted,0.25,3,3,TGGGTTTACTCAATGTTCAC,0,4286182
yadI_predicted,0.25,3,3,TGGGGGCAGGCAATGTGGAA,0,4321829
yadI_predicted,0.25,3,3,TGGGGCCTAGATAGCATGGA,0,4362742
yadI_predicted,0.25,3,3,TGGGGCCGCAACTTCGGAGT,0,4305738
yadI_predicted,0.25,3,3,TGGGCAGGTGACGAACCCGT,0,4286728
yadI_predicted,0.25,3,3,TGGGATGGGTTCGGTGACCT,0,4309206
yadI_predicted,0.25,3,3,TGGGATATGTTGACTAATGG,0,4361298
yadI_predicted,0.25,3,3,TGGGAGGAAGAGTATAGGAT,0,4320104
yadI_predicted,0.25,3,3,TGGGAGCGCTCGAGCTCGTC,0,4318780
yadI_predicted,0.25,3,3,TGGGACAGGGAGCTACATGT,0,4366798
yadI_predicted,0.25,3,3,TGGGACAAAACCCACTAGCG,0,4360632
yadI_predicted,0.25,3,3,TGGCTGATAGACGTGTGGAA,0,4366223
yadI_predicted,0.25,3,3,TGGATCACTTGACACGCGGG,0,4365591
yadI_predicted,0.25,3,3,TGGATAGTGGTCTGGAGTTA,0,4367556
yadI_predicted,0.25,3,3,TGGACCTGTGGTAAACAGTC,0,4295046
yadI_predicted,0.25,3,3,TGGAATCTCCACCTTGGTAA,0,4308013
yadI_predicted,0.25,3,3,TGGAAAAGGAATCCAGTACC,0,4316300
yadI_predicted,0.25,3,3,TGCTTTGTATGTATGGCTGT,0,4302797
yadI_predicted,0.25,3,3,TGCTTTATTGATGACGAGCT,0,4313935
yadI_predicted,0.25,3,3,TGCTGTGGCAGAGACCGTCC,0,4339196
yadI_predicted,0.25,3,3,TGCTGGGGCTGAACAATCCC,0,4321624
yadI_predicted,0.25,3,3,TGCTGAGGTTGCCTCATGTT,0,4338470
yadI_predicted,0.25,3,3,TGCTCGAGGCCGAGTCGACC,0,4310556
yadI_predicted,0.25,3,3,TGCTAGTCAAAGCTTCTAGT,0,4294903
yadI_predicted,0.25,3,3,TGCTACGCTTCATGCGTGAG,0,4320609
yadI_predicted,0.25,3,3,TGCTAATGTTCCAGAACAGT,0,4333724
yadI_predicted,0.25,3,3,TGCGTTGGGAGTATGCGCTA,0,4326632
yadI_predicted,0.25,3,3,TGCGTTAAACTCGGCGGACC,0,4295663
yadI_predicted,0.25,3,3,TGCGAGTCTTAACATACGTC,0,4349304
yadI_predicted,0.25,3,3,TGCCTGGTATCTGTGCAGAC,0,4359916
yadI_predicted,0.25,3,3,TGCCGGCCTTGCACATCGGA,0,4307497
yadI_predicted,0.25,3,3,TGCCCGGCTGAAACGATATT,0,4301929
yadI_predicted,0.25,3,3,TGCCCAACTAAGTTCTAGGC,0,4309243
yadI_predicted,0.25,3,3,TGCCCAACACTCAGAGCTTC,0,4368019
yadI_predicted,0.25,3,3,TGCCAGAGGCTCATATTTCC,0,4357034
yadI_predicted,0.25,3,3,TGCCAATTTTTGCAGTCTTG,0,4328288
yadI_predicted,0.25,3,3,TGCATTGCTGGAGGGGGCGC,0,4311214
yadI_predicted,0.25,3,3,TGCATGCCTGGGACGAACAT,0,4355970
yadI_predicted,0.25,3,3,TGCATCGGCTCGAGATCCTA,0,4290023
yadI_predicted,0.25,3,3,TGCATAAACAAATGACCGAA,0,4312490
yadI_predicted,0.25,3,3,TGCAGCCAGCGGCGAATTCA,0,4306851
yadI_predicted,0.25,3,3,TGCACTCAGACCGGAGGCTA,0,4291341
yadI_predicted,0.25,3,3,TGCACACGCGGTCGGATTTG,0,4298393
yadI_predicted,0.25,3,3,TGCAAATGTTAGATGCCACG,0,4309480
yadI_predicted,0.25,3,3,TGATGTTTTAGAAGTCAATT,0,4313316
yadI_predicted,0.25,3,3,TGATGAGCTTCGCGGAAATA,0,4291695
yadI_predicted,0.25,3,3,TGATGAAAAACTGGCCTTAG,0,4352731
yadI_predicted,0.25,3,3,TGATCTATTGTGTTACACTG,0,4310451
yadI_predicted,0.25,3,3,TGATCGGCAAGACCGCGACG,0,4351301
yadI_predicted,0.25,3,3,TGATCACGTCTGTATCAGAA,0,4361853
yadI_predicted,0.25,3,3,TGATAGGCTATACCACTAGA,0,4285922
yadI_predicted,0.25,3,3,TGATAGGCGCGTCGGCCGGA,0,4365844
yadI_predicted,0.25,3,3,TGATAGATTATGGAGCCGGG,0,4293409
yadI_predicted,0.25,3,3,TGATAAAGATGGGGAAATAA,0,4334109
yadI_predicted,0.25,3,3,TGAGTTCCTCCTTCGGGAGG,0,4348984
yadI_predicted,0.25,3,3,TGAGGTTCGGTGTACCCGTT,0,4348004
yadI_predicted,0.25,3,3,TGAGGGGGACAAACGCGGTG,0,4312963
yadI_predicted,0.25,3,3,TGAGGCTGGAAGCTTCAGCG,0,4322040
yadI_predicted,0.25,3,3,TGAGCGTGCATCGCCTCCGT,0,4306839
yadI_predicted,0.25,3,3,TGAGAGTAAAGTGACTCACC,0,4364123
yadI_predicted,0.25,3,3,TGAGAATAACACTCGATATC,0,4328712
yadI_predicted,0.25,3,3,TGACTCATACGCGAGCGGAA,0,4314019
yadI_predicted,0.25,3,3,TGACATAGGGTCTTGTCCGG,0,4286515
yadI_predicted,0.25,3,3,TGACACCGAGTTAAACGCCA,0,4351018
yadI_predicted,0.25,3,3,TGAAGCCTGTTTCGGCGCAG,0,4368169
yadI_predicted,0.25,3,3,TGAAGATGATAATTGAAACG,0,4342876
yadI_predicted,0.25,3,3,TGAAGAAATGGATGGCTGGA,0,4294558
yadI_predicted,0.25,3,3,TGAACTGTGGGTTTCTTCCA,0,4311140
yadI_predicted,0.25,3,3,TGAACTGGACGGATAAGTCA,0,4349092
yadI_predicted,0.25,3,3,TGAAAGGGGTGCCATTCCTG,0,4367605
yadI_predicted,0.25,3,3,TGAAACACACTCAAACGCCC,0,4333589
yadI_predicted,0.25,3,3,TCTTTCTGGAGAACAGATTT,0,4316348
yadI_predicted,0.25,3,3,TCTTTACAGCAAACCACGAT,0,4318891
yadI_predicted,0.25,3,3,TCTTCGCGGACCACTTAGTT,0,4284349
yadI_predicted,0.25,3,3,TCTTCGAGTAACATCGCATC,0,4307847
yadI_predicted,0.25,3,3,TCTTCACGGCCAGACTTTGT,0,4304046
yadI_predicted,0.25,3,3,TCTTATTGATTCACCATTCC,0,4345533
yadI_predicted,0.25,3,3,TCTTATCTGTTGCGCGCCAC,0,4343621
yadI_predicted,0.25,3,3,TCTTATCACTGTCCGTGGCA,0,4361579
yadI_predicted,0.25,3,3,TCTTAGTGCAGCTCTAAGGC,0,4312858
yadI_predicted,0.25,3,3,TCTTACTAGATAGTAAGGCA,0,4345587
yadI_predicted,0.25,3,3,TCTGGAATGTTTGTAACATA,0,4337634
yadI_predicted,0.25,3,3,TCTGCGCCCATCGCTGCAAA,0,4309732
yadI_predicted,0.25,3,3,TCTGCACTGATGGGCAGGTG,0,4288686
yadI_predicted,0.25,3,3,TCTGACCGTTTTGCTCGGCA,0,4321718
yadI_predicted,0.25,3,3,TCTCTTCAAGTCATCAGACC,0,4329407
yadI_predicted,0.25,3,3,TCTCTCGTAGTGGGTGTCAT,0,4286218
yadI_predicted,0.25,3,3,TCTCTAAGCGCTTATTCGTT,0,4304120
yadI_predicted,0.25,3,3,TCTCTAACCGTCAGGGGTAT,0,4344779
yadI_predicted,0.25,3,3,TCTCGGAGCGCCGTTATTTT,0,4365652
yadI_predicted,0.25,3,3,TCTCGCGAATGTATATATCA,0,4300643
yadI_predicted,0.25,3,3,TCTCGCAACCATCTGAAATT,0,4328937
yadI_predicted,0.25,3,3,TCTCATCTCGCCCGCCCAAT,0,4300279
yadI_predicted,0.25,3,3,TCTATCTGGGCCGGAGATAC,0,4331416
yadI_predicted,0.25,3,3,TCTAGGGAATCGGTGTTCTC,0,4349585
yadI_predicted,0.25,3,3,TCTAGGCCTGCTACCACCAG,0,4367281
yadI_predicted,0.25,3,3,TCTAGATGACTATACATGTA,0,4318419
yadI_predicted,0.25,3,3,TCTACGCACGTCGCGACACA,0,4290343
yadI_predicted,0.25,3,3,TCTACGACTAGCATCACATG,0,4338027
yadI_predicted,0.25,3,3,TCTACACTGATTCGGAAGGT,0,4316118
yadI_predicted,0.25,3,3,TCTACACGGGTGGTTATGAG,0,4289282
yadI_predicted,0.25,3,3,TCTAAGGTTTCGAGTGGCTT,0,4321000
yadI_predicted,0.25,3,3,TCTAAGATTTTAGGTTGTAG,0,4284300
yadI_predicted,0.25,3,3,TCGTGGGTTTACTTCATTGA,0,4304985
yadI_predicted,0.25,3,3,TCGTGGCTTCTACTTTAGGT,0,4309057
yadI_predicted,0.25,3,3,TCGTGGAGATGCGTACACGG,0,4287724
yadI_predicted,0.25,3,3,TCGTGCGGGCCAGGCCCGTG,0,4331385
yadI_predicted,0.25,3,3,TCGTCCGCAGTAACATCGAC,0,4350593
yadI_predicted,0.25,3,3,TCGTCATTCTAACGGAGTGC,0,4322770
yadI_predicted,0.25,3,3,TCGTCACGGTGGATGCTTGA,0,4299138
yadI_predicted,0.25,3,3,TCGTATCATGGCCAAAACGT,0,4362433
yadI_predicted,0.25,3,3,TCGTACGAGTGATTAGGAGA,0,4304383
yadI_predicted,0.25,3,3,TCGGTCTGATCAAACCGGGT,0,4305358
yadI_predicted,0.25,3,3,TCGGTCGATGCGACAAAGTC,0,4294184
yadI_predicted,0.25,3,3,TCGGTATGGATTTCAGTAAG,0,4356018
yadI_predicted,0.25,3,3,TCGGGTTACTACGAACCCTT,0,4349407
yadI_predicted,0.25,3,3,TCGGGAGTCCGCCAGCTCGT,0,4315319
yadI_predicted,0.25,3,3,TCGGGACCGGTCGTAAGTTA,0,4344620
yadI_predicted,0.25,3,3,TCGGCGATCGGATGGCATCT,0,4338334
yadI_predicted,0.25,3,3,TCGGCCGCGAGACGAGGGTT,0,4356849
yadI_predicted,0.25,3,3,TCGGCCAGGGGAGTCAGCTC,0,4367204
yadI_predicted,0.25,3,3,TCGGCATGGCGCTAATAGTT,0,4312249
yadI_predicted,0.25,3,3,TCGGAACGGGAGCATAGAGA,0,4288017
yadI_predicted,0.25,3,3,TCGGAACCGGAAGCAGGTCA,0,4334217
yadI_predicted,0.25,3,3,TCGCTTCAATTTAAAACAAG,0,4350329
yadI_predicted,0.25,3,3,TCGCGGAGAGCAGCCAGGTC,0,4354937
yadI_predicted,0.25,3,3,TCGCGGACGCGTCCCCAATC,0,4344655
yadI_predicted,0.25,3,3,TCGCGGACAGCGCGGATCTA,0,4298504
yadI_predicted,0.25,3,3,TCGCGACCGGGTGCGAGTTC,0,4346813
yadI_predicted,0.25,3,3,TCGCCGGTCACAAGTGTCCT,0,4303932
yadI_predicted,0.25,3,3,TCGCCAGGTAGGTCTGAGGG,0,4320134
yadI_predicted,0.25,3,3,TCGCATAATCTACTGCATTG,0,4348567
yadI_predicted,0.25,3,3,TCGCAGCCCCTTTCCTGTAG,0,4285525
yadI_predicted,0.25,3,3,TCGCACCTACCGAGTTCAAT,0,4345775
yadI_predicted,0.25,3,3,TCGCAAGCTTACAATGGTAC,0,4294700
yadI_predicted,0.25,3,3,TCGATTCGAGTGAAGAAACT,0,4302779
yadI_predicted,0.25,3,3,TCGATTCAGCGATGTTGAGT,0,4359371
yadI_predicted,0.25,3,3,TCGATTCAGCCCTAATCTGT,0,4296932
yadI_predicted,0.25,3,3,TCGATCTGTACACGGGAAAG,0,4350824
yadI_predicted,0.25,3,3,TCGATCACGGGATAGAGTAA,0,4300598
yadI_predicted,0.25,3,3,TCGATCAAAGGATTTCCTGA,0,4300831
yadI_predicted,0.25,3,3,TCGAGACCCTTTAACAGAGT,0,4308374
yadI_predicted,0.25,3,3,TCGACTATTATGGCATCTAG,0,4330353
yadI_predicted,0.25,3,3,TCGACGACGGCACGCAGGGC,0,4290997
yadI_predicted,0.25,3,3,TCGACAACGGGGGATATGTC,0,4351261
yadI_predicted,0.25,3,3,TCGAATGTGATTATGGTGGA,0,4308304
yadI_predicted,0.25,3,3,TCGAATCAACCGGCCACCCG,0,4299098
yadI_predicted,0.25,3,3,TCGAAAGACGTCTTTTACGA,0,4318575
yadI_predicted,0.25,3,3,TCCTTCAAATCATGCGGTAC,0,4303604
yadI_predicted,0.25,3,3,TCCTGATTCACGACAGATCC,0,4320815
yadI_predicted,0.25,3,3,TCCTAGCCACAACAAGTCTG,0,4285194
yadI_predicted,0.25,3,3,TCCGTGGTGGAGCCAGAAGG,0,4354864
yadI_predicted,0.25,3,3,TCCGTAACCCTCATCTTGAT,0,4325748
yadI_predicted,0.25,3,3,TCCGGGAGACGTGAATCGTC,0,4291514
yadI_predicted,0.25,3,3,TCCGGCCTTATGATTACTTT,0,4355201
yadI_predicted,0.25,3,3,TCCGCTTCGTACCTACTGGT,0,4290364
yadI_predicted,0.25,3,3,TCCGCCTCCGTCATTACACA,0,4338998
yadI_predicted,0.25,3,3,TCCGCCGGGTCAATAAGGCA,0,4322601
yadI_predicted,0.25,3,3,TCCGACTATGTAGGTCAGGA,0,4355518
yadI_predicted,0.25,3,3,TCCGAAGGTCGCCCTGAACA,0,4305720
yadI_predicted,0.25,3,3,TCCCCCACGTGGTCACACGA,0,4301044
yadI_predicted,0.25,3,3,TCCCCAATCAGTAATCCGAT,0,4341046
yadI_predicted,0.25,3,3,TCCCATGATGATCGCGTCCC,0,4364862
yadI_predicted,0.25,3,3,TCCCAGTTTAATGAGAATGT,0,4301090
yadI_predicted,0.25,3,3,TCCCAGTGCCACCGTCTAAG,0,4287078
yadI_predicted,0.25,3,3,TCCCAGAGTGCAGCACTGGT,0,4291866
yadI_predicted,0.25,3,3,TCCCACTATACGAGGCGGCA,0,4340288
yadI_predicted,0.25,3,3,TCCCACAGCCACTGTTAATT,0,4346870
yadI_predicted,0.25,3,3,TCCATTAATATTAGATGCCC,0,4357387
yadI_predicted,0.25,3,3,TCCATAGTGCCTTATTCGGT,0,4330127
yadI_predicted,0.25,3,3,TCCAGCTGACGTTCACTAGC,0,4318716
yadI_predicted,0.25,3,3,TCCACTTTATGAGCGGGAAC,0,4290597
yadI_predicted,0.25,3,3,TCCACTATATATCTACGTCC,0,4316313
yadI_predicted,0.25,3,3,TCCAAGATTCCCAGCTTGGT,0,4302841
yadI_predicted,0.25,3,3,TCCAACCCTTTCTGGGATTC,0,4348145
yadI_predicted,0.25,3,3,TCCAACAACAGCATTTGAGT,0,4325067
yadI_predicted,0.25,3,3,TCATTGCTGGGGAGAGAACC,0,4354009
yadI_predicted,0.25,3,3,TCATTCCCTGTTGCTCGGTC,0,4310720
yadI_predicted,0.25,3,3,TCATGTTGAGACTTCCTGTT,0,4320293
yadI_predicted,0.25,3,3,TCATGGCACCAGATAGACCC,0,4342399
yadI_predicted,0.25,3,3,TCATGCACGTCGTTGGAACG,0,4292210
yadI_predicted,0.25,3,3,TCATGATTAGAAATCCCGCT,0,4298533
yadI_predicted,0.25,3,3,TCATCGTTAGACTTCTGACT,0,4300155
yadI_predicted,0.25,3,3,TCATCGGCGTTGACCTCGGC,0,4351731
yadI_predicted,0.25,3,3,TCATCCGCTTCAGCAATACA,0,4287016
yadI_predicted,0.25,3,3,TCATATTAAAAAATGTTACA,0,4303370
yadI_predicted,0.25,3,3,TCAGTGCAGCTGCAGATCAG,0,4358225
yadI_predicted,0.25,3,3,TCAGTCTTAATCTGTCCTGT,0,4332343
yadI_predicted,0.25,3,3,TCAGTCAAAGACACATGTAA,0,4325875
yadI_predicted,0.25,3,3,TCAGTATTGTCGAATAAGCT,0,4344672
yadI_predicted,0.25,3,3,TCAGTAAGAACCGCACACGG,0,4308608
yadI_predicted,0.25,3,3,TCAGGTTTGGAATACGTACA,0,4303876
yadI_predicted,0.25,3,3,TCAGGGTAGGAGATGCTCGT,0,4369976
yadI_predicted,0.25,3,3,TCAGGATCCACATCCGCTCG,0,4311896
yadI_predicted,0.25,3,3,TCAGCGAGCACACGGTTGCA,0,4331073
yadI_predicted,0.25,3,3,TCACTCGATTACCGTTTTAT,0,4339123
yadI_predicted,0.25,3,3,TCACTAGGAGGAAAGCCGTG,0,4319929
yadI_predicted,0.25,3,3,TCACTACGGACATTCTACAG,0,4322628
yadI_predicted,0.25,3,3,TCACGTAGTTAACAGCGATT,0,4349348
yadI_predicted,0.25,3,3,TCACGGCTTCGTTAGGAGGT,0,4324140
yadI_predicted,0.25,3,3,TCACGCTTCGAACTTGCCGA,0,4366901
yadI_predicted,0.25,3,3,TCACGCCTGTATGTAGACCA,0,4312685
yadI_predicted,0.25,3,3,TCACGATATTCGAGAATGCT,0,4349627
yadI_predicted,0.25,3,3,TCACGAAATGGGATCCAGTC,0,4307424
yadI_predicted,0.25,3,3,TCACCTCAGTATGTTAGGTT,0,4300276
yadI_predicted,0.25,3,3,TCACATCAGCCCCCTAAGAA,0,4288974
yadI_predicted,0.25,3,3,TCACAGTAATTCTAAAGGGT,0,4341096
yadI_predicted,0.25,3,3,TCAATATCAGGCTAATGGAG,0,4318280
yadI_predicted,0.25,3,3,TCAATAGAACGCGTTGGGTG,0,4326553
yadI_predicted,0.25,3,3,TCAATAATTCACCTTCCTCC,0,4294095
yadI_predicted,0.25,3,3,TCAATAAGGAGTGGTATAAT,0,4368099
yadI_predicted,0.25,3,3,TCAAGTGACCTCGATGGTGT,0,4339101
yadI_predicted,0.25,3,3,TCAAGGTATAAGTTGACAGG,0,4342657
yadI_predicted,0.25,3,3,TCAAGCTAAGTACGTGGAAA,0,4318881
yadI_predicted,0.25,3,3,TCAAGCGCGGCTTTGAGGTG,0,4315029
yadI_predicted,0.25,3,3,TCAAACTCACTACGTTCGCT,0,4335091
yadI_predicted,0.25,3,3,TATTTTGCACACAGCAGGTG,0,4337587
yadI_predicted,0.25,3,3,TATTTGCAGCTGTCTGAGTG,0,4315235
yadI_predicted,0.25,3,3,TATTTATACATTTTTCTCCT,0,4352484
yadI_predicted,0.25,3,3,TATTGGAGCCTATTCACTGT,0,4338292
yadI_predicted,0.25,3,3,TATTCTCCACGGGGCGGGAA,0,4293989
yadI_predicted,0.25,3,3,TATTATGAGTGCACACGTCG,0,4338538
yadI_predicted,0.25,3,3,TATGTCTGCGGGCCACTTTA,0,4361984
yadI_predicted,0.25,3,3,TATGTAGATTCACTTATCCT,0,4334316
yadI_predicted,0.25,3,3,TATGGGCCATTAATCCAGAA,0,4288018
yadI_predicted,0.25,3,3,TATGGACAAGGCATCTCGTT,0,4301397
yadI_predicted,0.25,3,3,TATGCTCACATCCTAACGCA,0,4297013
yadI_predicted,0.25,3,3,TATGCGTCAACATTGCCCAG,0,4323560
yadI_predicted,0.25,3,3,TATGCGGGGCTTTCTGGACA,0,4358845
yadI_predicted,0.25,3,3,TATGCCTGTATAAGGGGTTG,0,4353324
yadI_predicted,0.25,3,3,TATGAGGCTGGGCAAGGAAC,0,4363498
yadI_predicted,0.25,3,3,TATGACGGCATTCTTTCTTT,0,4334405
yadI_predicted,0.25,3,3,TATGAATGCACTCCTGCACA,0,4308022
yadI_predicted,0.25,3,3,TATCTTCCGATAAATAGTTA,0,4310653
yadI_predicted,0.25,3,3,TATCTAACCTTCACATGGTA,0,4337575
yadI_predicted,0.25,3,3,TATCGTATCTGTCGGATACA,0,4324830
yadI_predicted,0.25,3,3,TATCATTAGTAATATGCGGC,0,4368795
yadI_predicted,0.25,3,3,TATCACTGACCAGTACAGGA,0,4294309
yadI_predicted,0.25,3,3,TATCACGTCGGGGGTGTCTA,0,4304309
yadI_predicted,0.25,3,3,TATCAAAGGGGTCTTATGTA,0,4358816
yadI_predicted,0.25,3,3,TATAGTGGTGACCGAACCGA,0,4285520
yadI_predicted,0.25,3,3,TATAGTGGCCACTCGCGGCC,0,4325621
yadI_predicted,0.25,3,3,TATAGGGGGGGGCTAGTCAT,0,4355296
yadI_predicted,0.25,3,3,TATAGAGCCACGTTGTAGAT,0,4320724
yadI_predicted,0.25,3,3,TATACGTGTGTTGTATCTAT,0,4313529
yadI_predicted,0.25,3,3,TATACGTATCCCGCACCTTT,0,4330723
yadI_predicted,0.25,3,3,TATACCGGCCGACGTACTAT,0,4333359
yadI_predicted,0.25,3,3,TATAAGTAGAGCGCTTACTA,0,4284241
yadI_predicted,0.25,3,3,TATAAACATTGCTATAACAC,0,4350394
yadI_predicted,0.25,3,3,TAGTTTTACTATATGCTCGG,0,4367948
yadI_predicted,0.25,3,3,TAGGTGAAGAGATCAGTTGG,0,4332402
yadI_predicted,0.25,3,3,TAGGTGAACACATGGCCTCG,0,4325034
yadI_predicted,0.25,3,3,TAGGTCGAGCAGTAGTCGTT,0,4348514
yadI_predicted,0.25,3,3,TAGGTATTCACATAAACCGA,0,4312709
yadI_predicted,0.25,3,3,TAGGTATAATGCAACCGTAG,0,4334946
yadI_predicted,0.25,3,3,TAGGTACGGTTTCTAAACGG,0,4331112
yadI_predicted,0.25,3,3,TAGGGTAGCTGGTAGTATGC,0,4358504
yadI_predicted,0.25,3,3,TAGGGGCTGCTGTCCGTGTC,0,4293839
yadI_predicted,0.25,3,3,TAGGGAGGCGATTCCGTGTT,0,4346321
yadI_predicted,0.25,3,3,TAGGCGCCCTATATTAACCC,0,4352156
yadI_predicted,0.25,3,3,TAGGCAAGCGCCCTGGTATT,0,4305542
yadI_predicted,0.25,3,3,TAGGACATTTAAGCTCCTCT,0,4308981
yadI_predicted,0.25,3,3,TAGCTCTAGTTGCAGTTTTT,0,4365127
yadI_predicted,0.25,3,3,TAGCTACGGATTACTCATCT,0,4305679
yadI_predicted,0.25,3,3,TAGCGTTCACTTGGCCATAT,0,4328098
yadI_predicted,0.25,3,3,TAGCGGTGGAGCTGTCGATT,0,4292814
yadI_predicted,0.25,3,3,TAGCGGGACAAATGCTCAGG,0,4363243
yadI_predicted,0.25,3,3,TAGCGCCTAGGATTGGTGCT,0,4322564
yadI_predicted,0.25,3,3,TAGCGACGGCGGGGTAGATG,0,4333251
yadI_predicted,0.25,3,3,TAGCCGGGCATATTGGACAA,0,4334667
yadI_predicted,0.25,3,3,TAGCCCTTTTTAAGGTTTCA,0,4329187
yadI_predicted,0.25,3,3,TAGATTACCGGGCATTCTCT,0,4286128
yadI_predicted,0.25,3,3,TAGATGCGAGCACCGCATCG,0,4340024
yadI_predicted,0.25,3,3,TAGATGATGCCTTTCCGTCA,0,4322785
yadI_predicted,0.25,3,3,TAGATGATCGCACTCGGAGT,0,4296414
yadI_predicted,0.25,3,3,TAGAGTTATAGTTCCTTAAT,0,4305068
yadI_predicted,0.25,3,3,TAGACGTAGTGTAGACAACT,0,4302853
yadI_predicted,0.25,3,3,TAGACGGAGATTCATTCCCA,0,4364397
yadI_predicted,0.25,3,3,TAGACACTTAGCGCTTGCTC,0,4288125
yadI_predicted,0.25,3,3,TAGAATGTGACTTCCCGTGA,0,4300521
yadI_predicted,0.25,3,3,TAGAATCCTCTTGGCCAATC,0,4329346
yadI_predicted,0.25,3,3,TAGAAATAAAACTCCAAGAT,0,4364096
yadI_predicted,0.25,3,3,TACTTATTACCAACAACACT,0,4321749
yadI_predicted,0.25,3,3,TACTGCTGAAGAAGCACGCG,0,4308871
yadI_predicted,0.25,3,3,TACTCAAAACAGTGTGTGGG,0,4362973
yadI_predicted,0.25,3,3,TACGTGGTGCACTCACCATA,0,4334256
yadI_predicted,0.25,3,3,TACGGTTCGTTAAGAAACTT,0,4359082
yadI_predicted,0.25,3,3,TACGGGACGATTACCGTGCA,0,4335755
yadI_predicted,0.25,3,3,TACGGCCGGTCACGTCAATT,0,4339205
yadI_predicted,0.25,3,3,TACGCCGGCAAAGAAGATTC,0,4293761
yadI_predicted,0.25,3,3,TACGAGCCAATATCCTCTCA,0,4286510
yadI_predicted,0.25,3,3,TACGAACTTGAAAACTGAAA,0,4337125
yadI_predicted,0.25,3,3,TACCTCTTCTTCAGATCGCA,0,4331135
yadI_predicted,0.25,3,3,TACCGACCAGGATCTGATAT,0,4347526
yadI_predicted,0.25,3,3,TACCCCGTTAGAGAGCAAGG,0,4310688
yadI_predicted,0.25,3,3,TACCCCCACTACGTGAAGAT,0,4285046
yadI_predicted,0.25,3,3,TACCAAGGTCTCGGGAATTT,0,4301563
yadI_predicted,0.25,3,3,TACCAAAAGGCTTTGTTCTA,0,4364373
yadI_predicted,0.25,3,3,TACATGTCATTCAGTTTATG,0,4287073
yadI_predicted,0.25,3,3,TACATCGGGCCGTCGATTGT,0,4336271
yadI_predicted,0.25,3,3,TACATATAGTTAACGATGGA,0,4292456
yadI_predicted,0.25,3,3,TACATAGGATACCTCAGTCG,0,4289373
yadI_predicted,0.25,3,3,TACATAAGTCAGCCAACTCT,0,4330585
yadI_predicted,0.25,3,3,TACAGTTCGCGTTTCAGAGG,0,4341912
yadI_predicted,0.25,3,3,TACAGTCTCCATGAACCGGT,0,4354245
yadI_predicted,0.25,3,3,TACAGGGTCTATATCGCAAC,0,4303495
yadI_predicted,0.25,3,3,TACAGCTTGGGTTTGCAGTT,0,4286027
yadI_predicted,0.25,3,3,TACAGCAGGTTGGGTTTGTC,0,4354504
yadI_predicted,0.25,3,3,TACACTTCGACTGATTTCGT,0,4301542
yadI_predicted,0.25,3,3,TACACTGAAAAGGGCTTCTG,0,4314493
yadI_predicted,0.25,3,3,TACACCACAAGTACGCTAAT,0,4339658
yadI_predicted,0.25,3,3,TACACACAGCCATCGAGACC,0,4352405
yadI_predicted,0.25,3,3,TACAATGCTGCCGATAACGT,0,4349738
yadI_predicted,0.25,3,3,TAATTTACTAGGTATAACCG,0,4335672
yadI_predicted,0.25,3,3,TAATTTAACCCATCGTAGCC,0,4289904
yadI_predicted,0.25,3,3,TAATTGTCATTTTAGCCTCT,0,4340005
yadI_predicted,0.25,3,3,TAATGGCTGCTCCCACGTTT,0,4305778
yadI_predicted,0.25,3,3,TAATGAGACGGTAACTGATG,0,4361768
yadI_predicted,0.25,3,3,TAATCTAATTTTTCAGTGAT,0,4323849
yadI_predicted,0.25,3,3,TAATCGGACGATAAAGTCTT,0,4289851
yadI_predicted,0.25,3,3,TAATAGGATTGTGTGTGTCT,0,4324676
yadI_predicted,0.25,3,3,TAAGTGGCGTTCGCACATAG,0,4367879
yadI_predicted,0.25,3,3,TAAGTGGAGGCGGTCATCCT,0,4333428
yadI_predicted,0.25,3,3,TAAGTGATCTCGTCTTAGCC,0,4363845
yadI_predicted,0.25,3,3,TAAGTACGGACGAATTCCTC,0,4306886
yadI_predicted,0.25,3,3,TAAGGGGATTCCGCACTAAT,0,4317777
yadI_predicted,0.25,3,3,TAAGCGTAGGCACGATCACT,0,4314967
yadI_predicted,0.25,3,3,TAAGCCCGCCGTGAAGGTTG,0,4358690
yadI_predicted,0.25,3,3,TAAGATCGTACTTAACGGTC,0,4321617
yadI_predicted,0.25,3,3,TAAGAAATCAAAAGAAAACT,0,4357593
yadI_predicted,0.25,3,3,TAACTTTTCATAAATGTAAG,0,4297701
yadI_predicted,0.25,3,3,TAACGTACGAGATTGCGTCT,0,4331509
yadI_predicted,0.25,3,3,TAACCTGATAATATAAAGGT,0,4365245
yadI_predicted,0.25,3,3,TAACCGATACCGTGAGACAC,0,4291818
yadI_predicted,0.25,3,3,TAACATGCGTACTGGGATGG,0,4340340
yadI_predicted,0.25,3,3,TAACAGACTATAGTAGGGGG,0,4304001
yadI_predicted,0.25,3,3,TAACAACCGTTGAAGCTCAC,0,4302667
yadI_predicted,0.25,3,3,TAAATTTAGGGAGTTCTCGC,0,4321148
yadI_predicted,0.25,3,3,TAAATTACTGTGCCTTAAGG,0,4309226
yadI_predicted,0.25,3,3,TAAAGTTCGCGTCAAACACT,0,4318389
yadI_predicted,0.25,3,3,TAAAGTTCCTGATGTTAGGA,0,4308420
yadI_predicted,0.25,3,3,TAAAGGTAGAGGTGTTTGCA,0,4346909
yadI_predicted,0.25,3,3,TAAACTATACTTTATGAAAG,0,4340325
yadI_predicted,0.25,3,3,TAAACGGGGCTTATAATTAG,0,4354528
yadI_predicted,0.25,3,3,TAAAACAACGGATCGTGGAA,0,4358425
yadI_predicted,0.25,3,3,TAAAAAACATATGATTATAT,0,4347174
yadI_predicted,0.25,3,3,GTTTTTGTCGGTTTTTCAAC,0,4286949
yadI_predicted,0.25,3,3,GTTTTTCGGAGTAGCCGCGG,0,4294560
yadI_predicted,0.25,3,3,GTTTTTATACGATGGCGAGG,0,4300765
yadI_predicted,0.25,3,3,GTTTTGCGCGTCTCAGGAGG,0,4323826
yadI_predicted,0.25,3,3,GTTTTCTTGGAGATCCGGCC,0,4284462
yadI_predicted,0.25,3,3,GTTTTCTACGTGTCCTGTGT,0,4358355
yadI_predicted,0.25,3,3,GTTTTCTACGTATCTGTCTT,0,4290936
yadI_predicted,0.25,3,3,GTTTGTATAAAGCGTCGCAG,0,4358736
yadI_predicted,0.25,3,3,GTTTGCAGTGTCTCTGGCAA,0,4284237
yadI_predicted,0.25,3,3,GTTTCGAAGATGAAGTGGTA,0,4365528
yadI_predicted,0.25,3,3,GTTTCCATTGTTTCAAAGCC,0,4342178
yadI_predicted,0.25,3,3,GTTTATTGGGCTACTGTGAA,0,4369334
yadI_predicted,0.25,3,3,GTTTATTGGACCCTGCCGTT,0,4297591
yadI_predicted,0.25,3,3,GTTTAGCCAGAGGCATGATG,0,4360659
yadI_predicted,0.25,3,3,GTTGTTGTTAACCTAGCTTG,0,4299585
yadI_predicted,0.25,3,3,GTTGTGGTCTCGGGGTACTA,0,4294463
yadI_predicted,0.25,3,3,GTTGTGCTTCCCAGCATCCT,0,4328269
yadI_predicted,0.25,3,3,GTTGTGACTTGTCGCGCAAC,0,4344341
yadI_predicted,0.25,3,3,GTTGGGAACAAGAACAATCA,0,4324926
yadI_predicted,0.25,3,3,GTTGGAGCCGTCAGATCTTT,0,4367082
yadI_predicted,0.25,3,3,GTTGGACGGGTGAGTGAAAT,0,4330601
yadI_predicted,0.25,3,3,GTTGCGGGAGCCTCCGAATG,0,4310309
yadI_predicted,0.25,3,3,GTTGCGGCTGCCCCCCATAC,0,4286677
yadI_predicted,0.25,3,3,GTTGCAGCGGTTAAGGTCAG,0,4348091
yadI_predicted,0.25,3,3,GTTGCAGACCATCATCCGCC,0,4317273
yadI_predicted,0.25,3,3,GTTGCAAGCCGATTCATGGT,0,4347860
yadI_predicted,0.25,3,3,GTTGAGGGTGTTCGTGTTAG,0,4334412
yadI_predicted,0.25,3,3,GTTCTTACGGAACAAATGTC,0,4347615
yadI_predicted,0.25,3,3,GTTCTAAAACGGTAACCCGC,0,4344792
yadI_predicted,0.25,3,3,GTTCGTGTGTTATGAGTAGG,0,4357680
yadI_predicted,0.25,3,3,GTTCGGACGACTACAATGAG,0,4307444
yadI_predicted,0.25,3,3,GTTCCGAAGCTGGATTTAGT,0,4294733
yadI_predicted,0.25,3,3,GTTCCAGAGTAAACGAGAGA,0,4350302
yadI_predicted,0.25,3,3,GTTCCACCTTCGTAGTCCGC,0,4314699
yadI_predicted,0.25,3,3,GTTCAGCGGTTGCTGATTGG,0,4351621
yadI_predicted,0.25,3,3,GTTCACAGCAATACTACTAT,0,4284152
yadI_predicted,0.25,3,3,GTTCAATGGAATGTAACAAT,0,4363689
yadI_predicted,0.25,3,3,GTTCAAGCATATCATGGAAG,0,4288113
yadI_predicted,0.25,3,3,GTTATGGTAAGAGATATGGC,0,4303975
yadI_predicted,0.25,3,3,GTTATCCTGTAAACGGTATA,0,4314901
yadI_predicted,0.25,3,3,GTTAGGGGGCTGTATGACAG,0,4334554
yadI_predicted,0.25,3,3,GTTAGGAAGCCGATCGAGCT,0,4344018
yadI_predicted,0.25,3,3,GTTAGCTGGCAGGTTAAGTT,0,4299578
yadI_predicted,0.25,3,3,GTTACAGACAGTAGGCTCAT,0,4339827
yadI_predicted,0.25,3,3,GTTAAGTCGTCATCGTCTGA,0,4354007
yadI_predicted,0.25,3,3,GTTAAGGTTTAGGGTGGCGA,0,4291710
yadI_predicted,0.25,3,3,GTTAACGGACTTCCTACCTC,0,4317277
yadI_predicted,0.25,3,3,GTTAACCGGAACGCAAAATA,0,4304846
yadI_predicted,0.25,3,3,GTGTTTCGACAGCACCGAGC,0,4350788
yadI_predicted,0.25,3,3,GTGTTTCAGGTCCCACCGGA,0,4360581
yadI_predicted,0.25,3,3,GTGTGTGCGGTGCCGAGGTT,0,4287397
yadI_predicted,0.25,3,3,GTGTGACGTCGGTTGGGGCT,0,4337455
yadI_predicted,0.25,3,3,GTGTCCACAGCCTTTGCGCG,0,4324885
yadI_predicted,0.25,3,3,GTGTCACGCGATGAATCACG,0,4339913
yadI_predicted,0.25,3,3,GTGTCAATACACTGTTCCTT,0,4302678
yadI_predicted,0.25,3,3,GTGTAAGCGCTGCACGCTAA,0,4341935
yadI_predicted,0.25,3,3,GTGTAACACACCCTAGGGAC,0,4287005
yadI_predicted,0.25,3,3,GTGGTCTTTTCCATGAATGC,0,4361907
yadI_predicted,0.25,3,3,GTGGTCTAACGGGCGCGAAA,0,4349776
yadI_predicted,0.25,3,3,GTGGTCATATGTCGATACGC,0,4345673
yadI_predicted,0.25,3,3,GTGGGCAACATAACCACGTC,0,4290901
yadI_predicted,0.25,3,3,GTGGCCCCGAGTTGCTCCCA,0,4330767
yadI_predicted,0.25,3,3,GTGGAGGACATCATCGCGTG,0,4366477
yadI_predicted,0.25,3,3,GTGCTGTTATGTTACATCGT,0,4345355
yadI_predicted,0.25,3,3,GTGCTCGTTAAAAGACTCAT,0,4345633
yadI_predicted,0.25,3,3,GTGCGTTGAAGGTTTTAAGG,0,4369468
yadI_predicted,0.25,3,3,GTGCGGTCCGGGCGTCATTA,0,4367859
yadI_predicted,0.25,3,3,GTGCGGTCAGTCGGCGAGTG,0,4343333
yadI_predicted,0.25,3,3,GTGCGGGTTGTTGTAGTGCT,0,4302138
yadI_predicted,0.25,3,3,GTGCGATATGACAGACGGGA,0,4323842
yadI_predicted,0.25,3,3,GTGCCTCATAGGGGCAACAG,0,4306259
yadI_predicted,0.25,3,3,GTGCCACCAGCGGGATGGTG,0,4329332
yadI_predicted,0.25,3,3,GTGCACTCCAATGTCAATTA,0,4284571
yadI_predicted,0.25,3,3,GTGCACAACTCGCAGTTCAC,0,4330752
yadI_predicted,0.25,3,3,GTGATTTGGGTTATCTGCTC,0,4365588
yadI_predicted,0.25,3,3,GTGATGTTTCGCTTCCATTT,0,4299011
yadI_predicted,0.25,3,3,GTGATAGAGCTTAGCTTTGT,0,4344190
yadI_predicted,0.25,3,3,GTGAGGGTTGAATCAGCGCC,0,4336280
yadI_predicted,0.25,3,3,GTGAGGACCTCAAACTTGAT,0,4318783
yadI_predicted,0.25,3,3,GTGACTCGACAAAGGTCTTG,0,4323317
yadI_predicted,0.25,3,3,GTGACGCCATGAGAAATATT,0,4339389
yadI_predicted,0.25,3,3,GTGACCTATTGAGGGTCGGC,0,4319446
yadI_predicted,0.25,3,3,GTGACATCCCTGCAAGAGGT,0,4289394
yadI_predicted,0.25,3,3,GTGAATATACACAAACAAAG,0,4305468
yadI_predicted,0.25,3,3,GTGAATAACACTTGTATGAC,0,4301415
yadI_predicted,0.25,3,3,GTGAAGTTGGATAGTACCGA,0,4284606
yadI_predicted,0.25,3,3,GTGAACAGTGATATGCGGGC,0,4304837
yadI_predicted,0.25,3,3,GTCTTTAGTTTGCCACCCGG,0,4343182
yadI_predicted,0.25,3,3,GTCTGTATGCATCTCCGGTA,0,4316873
yadI_predicted,0.25,3,3,GTCTGGTTTCAGGTGCTCGT,0,4348559
yadI_predicted,0.25,3,3,GTCTGGCTGGTCAGTTAGCG,0,4288187
yadI_predicted,0.25,3,3,GTCTGGCGACTAACCGATGT,0,4363697
yadI_predicted,0.25,3,3,GTCTGCAGTTCAAGAAACTC,0,4341464
yadI_predicted,0.25,3,3,GTCTCTCCCGAAGATGATAC,0,4300154
yadI_predicted,0.25,3,3,GTCTCCAAATACGATATCTC,0,4312347
yadI_predicted,0.25,3,3,GTCTCACGGGTCTGTGGTGG,0,4327459
yadI_predicted,0.25,3,3,GTCTATGCCTGACGAATGTT,0,4293736
yadI_predicted,0.25,3,3,GTCTAACGGGCTACAGCGGA,0,4335788
yadI_predicted,0.25,3,3,GTCGTTGTTCTTAATACCTC,0,4360518
yadI_predicted,0.25,3,3,GTCGTGCCGGGTACATCCGA,0,4301393
yadI_predicted,0.25,3,3,GTCGGTTTCTGGTCCACAGC,0,4335058
yadI_predicted,0.25,3,3,GTCGGGCGTCCGGCCTCTGA,0,4342612
yadI_predicted,0.25,3,3,GTCGCGCTCGTCAACGCTAT,0,4366239
yadI_predicted,0.25,3,3,GTCCTCCCTCTATTATTTAT,0,4318893
yadI_predicted,0.25,3,3,GTCCTCCCGGGCGTTACAAT,0,4320242
yadI_predicted,0.25,3,3,GTCCTATACGTGCTATGCAG,0,4289522
yadI_predicted,0.25,3,3,GTCCGTGTCCCACCAACCCC,0,4345968
yadI_predicted,0.25,3,3,GTCCGCGCCGGAAATCAGGT,0,4299205
yadI_predicted,0.25,3,3,GTCCCTGGTCGCAACGTAGA,0,4334678
yadI_predicted,0.25,3,3,GTCCCGAGCGGCTACAGCAT,0,4362175
yadI_predicted,0.25,3,3,GTCCCAGATAGTTTCGGTGC,0,4364810
yadI_predicted,0.25,3,3,GTCCAGTTCAGGTGCAGAAC,0,4334051
yadI_predicted,0.25,3,3,GTCCAGTGGTCACGGGAACA,0,4301492
yadI_predicted,0.25,3,3,GTCCACATGATGTGAGCAAG,0,4336595
yadI_predicted,0.25,3,3,GTCATCTAAACTTTAGATAT,0,4296659
yadI_predicted,0.25,3,3,GTCAGTGGGTCAAGACGATA,0,4351336
yadI_predicted,0.25,3,3,GTCAGACGTCGTGTTGCGGC,0,4338951
yadI_predicted,0.25,3,3,GTCACGTTTAACTAGACACC,0,4350828
yadI_predicted,0.25,3,3,GTCACCCGTGTTAATCTATG,0,4326401
yadI_predicted,0.25,3,3,GTCACACACGTTCTCCACTA,0,4338985
yadI_predicted,0.25,3,3,GTCAATTCGTGAGCTCCTCT,0,4331645
yadI_predicted,0.25,3,3,GTCAATCCGATCCCGCGGTT,0,4333871
yadI_predicted,0.25,3,3,GTCAAGTCACAATTAACAGA,0,4333381
yadI_predicted,0.25,3,3,GTCAAGAGACTGTCTTAGTT,0,4338346
yadI_predicted,0.25,3,3,GTATTTCCTCTAAGTTCATG,0,4286721
yadI_predicted,0.25,3,3,GTATTGTAGTTACATGTTCT,0,4298151
yadI_predicted,0.25,3,3,GTATTCGTCTGGCCCATCGG,0,4305190
yadI_predicted,0.25,3,3,GTATTCGCTTTGGACTGTGG,0,4365554
yadI_predicted,0.25,3,3,GTATTATGAACAATAGACGG,0,4304153
yadI_predicted,0.25,3,3,GTATTAGGCGACCGGTCAGG,0,4342806
yadI_predicted,0.25,3,3,GTATGATCAATGAGGCTCGC,0,4368811
yadI_predicted,0.25,3,3,GTATCGGGTTTCGAGCTTGC,0,4341370
yadI_predicted,0.25,3,3,GTATCGGATACGGGTCATCA,0,4363463
yadI_predicted,0.25,3,3,GTATAGAAAACGCGTCACTT,0,4363236
yadI_predicted,0.25,3,3,GTAGTGATAGCTCTCGCACA,0,4348439
yadI_predicted,0.25,3,3,GTAGGGATAGCAACAAGGCA,0,4327184
yadI_predicted,0.25,3,3,GTAGGCGCCATACTATCGAC,0,4331376
yadI_predicted,0.25,3,3,GTAGCTGTCACGCTCTCTAG,0,4330059
yadI_predicted,0.25,3,3,GTAGATTCGACGGCGGAATA,0,4292435
yadI_predicted,0.25,3,3,GTAGACAGCGTGCTTGTTGG,0,4322698
yadI_predicted,0.25,3,3,GTAGAAATGCGTACTCTGAT,0,4291991
yadI_predicted,0.25,3,3,GTACTTTCTGAATCAATGTA,0,4317887
yadI_predicted,0.25,3,3,GTACTTGTGTAGCAGCTTCG,0,4324567
yadI_predicted,0.25,3,3,GTACTAGCATATCACGAGTC,0,4337421
yadI_predicted,0.25,3,3,GTACCTTTTGTTTGAGAAGG,0,4343905
yadI_predicted,0.25,3,3,GTACCTTTTCAGAGCGCTTC,0,4359884
yadI_predicted,0.25,3,3,GTACCTAGCCTGAGTACAAG,0,4345451
yadI_predicted,0.25,3,3,GTACCCGGACGGCCTGCCCG,0,4302299
yadI_predicted,0.25,3,3,GTACCAATGAATCCCAGGAT,0,4355113
yadI_predicted,0.25,3,3,GTACAGTAATGATGAAATTG,0,4333411
yadI_predicted,0.25,3,3,GTACACGGGAGTACGGGCAC,0,4291649
yadI_predicted,0.25,3,3,GTACACGCTACCACAAAAAG,0,4305195
yadI_predicted,0.25,3,3,GTAATTTTACAAATCAAGTC,0,4286743
yadI_predicted,0.25,3,3,GTAATGGGAGTAAATCTTAG,0,4297473
yadI_predicted,0.25,3,3,GTAATAGGAACGATCCTGAG,0,4295369
yadI_predicted,0.25,3,3,GTAAGTACGGTAGCGAGTAA,0,4299748
yadI_predicted,0.25,3,3,GTAAGCTGCTCCATTGACAC,0,4323148
yadI_predicted,0.25,3,3,GTAACGATACCTAGTTAATT,0,4327661
yadI_predicted,0.25,3,3,GTAACGAGTCTGGAAATTCC,0,4328967
yadI_predicted,0.25,3,3,GTAAATGTAGAGTCCATCAT,0,4357996
yadI_predicted,0.25,3,3,GTAAATATTGTTTTGGAATA,0,4367088
yadI_predicted,0.25,3,3,GGTTTCAAATCCAATTTAAC,0,4369635
yadI_predicted,0.25,3,3,GGTTTACAGCAGTGGCGAGA,0,4338525
yadI_predicted,0.25,3,3,GGTTTAACAATGAACGGCAT,0,4360858
yadI_predicted,0.25,3,3,GGTTGCAGCTGACCAGAGAG,0,4345059
yadI_predicted,0.25,3,3,GGTTCTCCAAGGAGTGCTTA,0,4347881
yadI_predicted,0.25,3,3,GGTTCTACGCTATCGTGCGG,0,4336037
yadI_predicted,0.25,3,3,GGTTCGGATCTAGGCCTAGG,0,4302047
yadI_predicted,0.25,3,3,GGTTCGCGCCAGTGCTATAC,0,4311259
yadI_predicted,0.25,3,3,GGTTCCGTCCCTACATAACG,0,4335140
yadI_predicted,0.25,3,3,GGTTAGTCACAAGGCGGTCC,0,4316512
yadI_predicted,0.25,3,3,GGTTAATGTCCGGGAGAGAT,0,4325586
yadI_predicted,0.25,3,3,GGTGTTGGCGCAAAAAAGTG,0,4289676
yadI_predicted,0.25,3,3,GGTGGGGGAGATCCTGGTCA,0,4293305
yadI_predicted,0.25,3,3,GGTGGCTATCATTGCTGTAC,0,4356298
yadI_predicted,0.25,3,3,GGTGGAGCCAACAGTGATCG,0,4295912
yadI_predicted,0.25,3,3,GGTGCGGCATAATAACTAGA,0,4288044
yadI_predicted,0.25,3,3,GGTGCATGCGACCATGATTA,0,4322423
yadI_predicted,0.25,3,3,GGTGCAGGTCATCACTTAAA,0,4336397
yadI_predicted,0.25,3,3,GGTGATGCTACTCATGCGTC,0,4308925
yadI_predicted,0.25,3,3,GGTCTTTTTACGTAAGAACT,0,4290238
yadI_predicted,0.25,3,3,GGTCTAGACGCGGGAACTGC,0,4314326
yadI_predicted,0.25,3,3,GGTCGCTTGTAGGGGGTAAC,0,4339361
yadI_predicted,0.25,3,3,GGTCCTTTGTATATGCTAAT,0,4300287
yadI_predicted,0.25,3,3,GGTCCGCCCATAGACATTAA,0,4323617
yadI_predicted,0.25,3,3,GGTCAGTTCCCGCAGGACGA,0,4331690
yadI_predicted,0.25,3,3,GGTCAATGTTCGATAAGATT,0,4368380
yadI_predicted,0.25,3,3,GGTCAAACCTCCAGCTGAGA,0,4317396
yadI_predicted,0.25,3,3,GGTAGTCAAACCTTCACTTC,0,4322257
yadI_predicted,0.25,3,3,GGTAGCGCATGATTAAGTGT,0,4369551
yadI_predicted,0.25,3,3,GGTAGAACTGTACAGCGCAA,0,4357970
yadI_predicted,0.25,3,3,GGTACTTGTATCCTGACGGG,0,4299471
yadI_predicted,0.25,3,3,GGTACTGCGAGAGGTTGCCG,0,4369574
yadI_predicted,0.25,3,3,GGTACTACAAGAAAGTGATA,0,4364551
yadI_predicted,0.25,3,3,GGTACCCGCGGCCTGAGATC,0,4366506
yadI_predicted,0.25,3,3,GGTACATACTTTTACCTCCG,0,4322227
yadI_predicted,0.25,3,3,GGTAAGGGCGGTTTTGAACC,0,4296420
yadI_predicted,0.25,3,3,GGTAACATGACTTCACTAAA,0,4358357
yadI_predicted,0.25,3,3,GGTAAAGGAAGTCAAGAACC,0,4346897
yadI_predicted,0.25,3,3,GGTAAAAGTAGAGTTAGACG,0,4364974
yadI_predicted,0.25,3,3,GGGTTTCTAGTGCCGCAAAT,0,4299297
yadI_predicted,0.25,3,3,GGGTTCCGAAGTCTGTTCGG,0,4351537
yadI_predicted,0.25,3,3,GGGTGCGGCAGAAGTAGCCC,0,4357206
yadI_predicted,0.25,3,3,GGGTCATCGGAAATCTGGCA,0,4346520
yadI_predicted,0.25,3,3,GGGTCACTATTGTAGTAGTG,0,4357303
yadI_predicted,0.25,3,3,GGGGTCCACGCTGAGAACTA,0,4296250
yadI_predicted,0.25,3,3,GGGGGTAGCAGCTAACCATT,0,4329715
yadI_predicted,0.25,3,3,GGGGGCTTTGTGCAGAGTGA,0,4307856
yadI_predicted,0.25,3,3,GGGGGCTCGCGGTAATAACA,0,4329378
yadI_predicted,0.25,3,3,GGGGGATGGGAGCCTAAGCC,0,4343374
yadI_predicted,0.25,3,3,GGGGCATTACGCTTCAGAAG,0,4317117
yadI_predicted,0.25,3,3,GGGGAGGCCTACTAAGCGAT,0,4364400
yadI_predicted,0.25,3,3,GGGGAAGATCTTAAATCAAT,0,4341629
yadI_predicted,0.25,3,3,GGGGAAACCTATTTATCTGC,0,4328614
yadI_predicted,0.25,3,3,GGGCTTGTTCTGAGGGATAG,0,4339768
yadI_predicted,0.25,3,3,GGGCTTACCCTAAGGACGGA,0,4308166
yadI_predicted,0.25,3,3,GGGCTGGTTGGACACTTCCT,0,4351482
yadI_predicted,0.25,3,3,GGGCTAGCGAATAAGCACAG,0,4309608
yadI_predicted,0.25,3,3,GGGCTACTGACTAGACATTA,0,4343686
yadI_predicted,0.25,3,3,GGGCTAAAGTTTCGGGTGGT,0,4367973
yadI_predicted,0.25,3,3,GGGCGTGTTCGAAGCCGGCA,0,4302297
yadI_predicted,0.25,3,3,GGGCGTAAATAGAGCCGGAT,0,4300645
yadI_predicted,0.25,3,3,GGGCGCTTCCTTCAATCTAA,0,4289217
yadI_predicted,0.25,3,3,GGGCCTCTAATATATAAGGT,0,4289752
yadI_predicted,0.25,3,3,GGGCCTATGCGCGTACGAAA,0,4320871
yadI_predicted,0.25,3,3,GGGCCGGGGTCCTTCGGGCA,0,4287762
yadI_predicted,0.25,3,3,GGGCCGCACCCAGTGTTTGC,0,4330965
yadI_predicted,0.25,3,3,GGGCCGAACGGAGTCTAGTT,0,4293801
yadI_predicted,0.25,3,3,GGGCATCTCTACAAAGTGTG,0,4316113
yadI_predicted,0.25,3,3,GGGCACCTTCCCCCTACGAG,0,4311571
yadI_predicted,0.25,3,3,GGGATGGAGGGAAGAAGGTG,0,4314363
yadI_predicted,0.25,3,3,GGGAGTCCCTTCGCATACAT,0,4307394
yadI_predicted,0.25,3,3,GGGAGCGGTGATTTTAGATT,0,4288266
yadI_predicted,0.25,3,3,GGGACTGTGAAACGGTGTTT,0,4323648
yadI_predicted,0.25,3,3,GGGACTGATCCTTAGACCAT,0,4313875
yadI_predicted,0.25,3,3,GGGACCGGCATTCATGGTAC,0,4291381
yadI_predicted,0.25,3,3,GGGAATGTATGTACAAGTGG,0,4314374
yadI_predicted,0.25,3,3,GGGAAGTTCGGCAGACTACC,0,4356779
yadI_predicted,0.25,3,3,GGCTTTTTGGGCGCGTCACG,0,4306621
yadI_predicted,0.25,3,3,GGCTTGTTGGGTATGATAAT,0,4284531
yadI_predicted,0.25,3,3,GGCTGTTTAGCTGTGTCCGA,0,4357967
yadI_predicted,0.25,3,3,GGCTGTGGCGATGTCCTAAA,0,4284776
yadI_predicted,0.25,3,3,GGCTCTTCTGCATAAAACTG,0,4367022
yadI_predicted,0.25,3,3,GGCTCAGGGTATAGGCAGTT,0,4359577
yadI_predicted,0.25,3,3,GGCTCACGAGCACGATTGGT,0,4363964
yadI_predicted,0.25,3,3,GGCGCTCTGGGCAAGAGAGT,0,4341671
yadI_predicted,0.25,3,3,GGCGCGGCCGCGCCACAAGA,0,4349574
yadI_predicted,0.25,3,3,GGCGATGCTCACGTAAATAT,0,4314845
yadI_predicted,0.25,3,3,GGCGACTCCGTCATAAAGGG,0,4307558
yadI_predicted,0.25,3,3,GGCCTAAGCTAATGGCCGAT,0,4347079
yadI_predicted,0.25,3,3,GGCCGGTAAGAGGTACGCGA,0,4350797
yadI_predicted,0.25,3,3,GGCCGCTTGCTAATCACCGA,0,4331546
yadI_predicted,0.25,3,3,GGCCGAAACGTGGTACAGAC,0,4338617
yadI_predicted,0.25,3,3,GGCCCCTGTTGGGTTAGACG,0,4285011
yadI_predicted,0.25,3,3,GGCCCCGCGGGTCACCTTTG,0,4309609
yadI_predicted,0.25,3,3,GGCCCACAATATTCCCAATC,0,4314246
yadI_predicted,0.25,3,3,GGCCAATATAAATGCATCGA,0,4319092
yadI_predicted,0.25,3,3,GGCATTTTGAGTATTTTCAG,0,4309884
yadI_predicted,0.25,3,3,GGCATGCAACCGCATCGGCA,0,4289614
yadI_predicted,0.25,3,3,GGCAGCCGAGAAAACAAACC,0,4302721
yadI_predicted,0.25,3,3,GGCAGACGGAATCTGGGATG,0,4321083
yadI_predicted,0.25,3,3,GGCACCCTCTTTATCACAGG,0,4328992
yadI_predicted,0.25,3,3,GGCAATTGGGGTGCCATTGT,0,4312854
yadI_predicted,0.25,3,3,GGCAAAGCTCCCGAAAATGT,0,4358728
yadI_predicted,0.25,3,3,GGATTTCGTATACTGGTCGC,0,4340936
yadI_predicted,0.25,3,3,GGATTGTTCAGAAGACAACA,0,4332296
yadI_predicted,0.25,3,3,GGATCCTTTCCCTGGTAGGT,0,4297480
yadI_predicted,0.25,3,3,GGATATTGCCGCTAGTCTTC,0,4321787
yadI_predicted,0.25,3,3,GGATACCCGTGTAAGTTCAC,0,4315623
yadI_predicted,0.25,3,3,GGATACCCGTGCCAGTTCAA,0,4361144
yadI_predicted,0.25,3,3,GGATAACCACAGAGCGGCGA,0,4310680
yadI_predicted,0.25,3,3,GGAGTGCGGGGTTTCTGAAG,0,4351372
yadI_predicted,0.25,3,3,GGAGTCAAGTGGAGGGAACG,0,4288633
yadI_predicted,0.25,3,3,GGAGTAATTGACATATTTCT,0,4336871
yadI_predicted,0.25,3,3,GGAGGGACAGAGGCCTCCCA,0,4348501
yadI_predicted,0.25,3,3,GGAGGCTCCGCTAAGTTGTA,0,4326545
yadI_predicted,0.25,3,3,GGAGGATCGGGCAGTACCAA,0,4308701
yadI_predicted,0.25,3,3,GGAGCCTTATGCGCCGACTC,0,4328910
yadI_predicted,0.25,3,3,GGAGAGTTCCTGTGTGTACG,0,4314196
yadI_predicted,0.25,3,3,GGACTTCCATTTGATCCTAG,0,4345093
yadI_predicted,0.25,3,3,GGACTTAACTTCAACGTGTT,0,4303749
yadI_predicted,0.25,3,3,GGACTCTGTACGACCTCTGT,0,4343934
yadI_predicted,0.25,3,3,GGACTCTCGCAACCTCACAC,0,4351024
yadI_predicted,0.25,3,3,GGACGTCTGATTTGCTTGCC,0,4292292
yadI_predicted,0.25,3,3,GGACGTACGAAAGTTACCAA,0,4357402
yadI_predicted,0.25,3,3,GGACGCACCTCGGCAATGAA,0,4291753
yadI_predicted,0.25,3,3,GGACCGTTTAGGTGAACGTT,0,4367487
yadI_predicted,0.25,3,3,GGACATCAGTGCGCAACCGG,0,4294356
yadI_predicted,0.25,3,3,GGACAAGGCTTGTAATAGCT,0,4356657
yadI_predicted,0.25,3,3,GGACAAGAGTCAGAGAGCTG,0,4308954
yadI_predicted,0.25,3,3,GGACAACATTAATGTTTCTA,0,4327925
yadI_predicted,0.25,3,3,GGAATTATTTCGAGGCTGCT,0,4362152
yadI_predicted,0.25,3,3,GGAATTAGTTTGATTCGGAA,0,4292879
yadI_predicted,0.25,3,3,GGAATAACTATAAGATATAG,0,4345881
yadI_predicted,0.25,3,3,GGAAGTCGTAGTAAGATACT,0,4296790
yadI_predicted,0.25,3,3,GGAAGTAAAGGCTTCGACTC,0,4289325
yadI_predicted,0.25,3,3,GGAAGCTTCATTGTCGCTTG,0,4305172
yadI_predicted,0.25,3,3,GGAAGCTCCTGGCTGTAAAC,0,4348220
yadI_predicted,0.25,3,3,GGAAGCGTGCAGCAATAGAT,0,4318322
yadI_predicted,0.25,3,3,GGAACACTCTGTAAGGCCCC,0,4350558
yadI_predicted,0.25,3,3,GGAAATCCCTGTTTTTGGCT,0,4337264
yadI_predicted,0.25,3,3,GGAAATCATGGCTTTGGCCA,0,4340190
yadI_predicted,0.25,3,3,GCTTTCGTCAATATGCGCGT,0,4324145
yadI_predicted,0.25,3,3,GCTTTCAGGTCTCATCCGCC,0,4333156
yadI_predicted,0.25,3,3,GCTTTCACGGAGTAAGCCGT,0,4344953
yadI_predicted,0.25,3,3,GCTTGGTATTACTTCAGCTA,0,4364560
yadI_predicted,0.25,3,3,GCTTGCTATTTTCAGCCGCC,0,4324996
yadI_predicted,0.25,3,3,GCTTGCGGTATAGAGGGATT,0,4300513
yadI_predicted,0.25,3,3,GCTTGATTTCCGCGCGAAGC,0,4365589
yadI_predicted,0.25,3,3,GCTTGACTATGGTGCCCTTA,0,4290939
yadI_predicted,0.25,3,3,GCTTCGGTGGGCCGGAGAGT,0,4361333
yadI_predicted,0.25,3,3,GCTTATAGCAGATTCATCTT,0,4302052
yadI_predicted,0.25,3,3,GCTGTTGGGTATAGAGGTAC,0,4358854
yadI_predicted,0.25,3,3,GCTGGTGGAACGCCAGGTAC,0,4340702
yadI_predicted,0.25,3,3,GCTGGCCCTGAGCGACAGAG,0,4304176
yadI_predicted,0.25,3,3,GCTGCTTCTGGGGACCGCAA,0,4308862
yadI_predicted,0.25,3,3,GCTGCGTTTGCTACCTCGTC,0,4353184
yadI_predicted,0.25,3,3,GCTGCAACCAGAACAATTCG,0,4306056
yadI_predicted,0.25,3,3,GCTCTTTAATTGGGATAGCA,0,4344423
yadI_predicted,0.25,3,3,GCTCTATTCGTACCACTCGC,0,4318012
yadI_predicted,0.25,3,3,GCTCTAGACGGGGCTGGCCC,0,4346719
yadI_predicted,0.25,3,3,GCTCGTGGTTAGGGCTGCGT,0,4362638
yadI_predicted,0.25,3,3,GCTCGGGTTTAAGCTGGCCT,0,4309725
yadI_predicted,0.25,3,3,GCTCGCCTTTAAAAAAGTTG,0,4369723
yadI_predicted,0.25,3,3,GCTCGATAGCACAGGCGAAT,0,4318313
yadI_predicted,0.25,3,3,GCTCCTCATCTGGCATCGAC,0,4364670
yadI_predicted,0.25,3,3,GCTCCGGATAGGAAGCACCA,0,4294205
yadI_predicted,0.25,3,3,GCTCCGACCAAGTTGTTTTA,0,4285390
yadI_predicted,0.25,3,3,GCTCATCGCGGGCAAAAGCA,0,4365221
yadI_predicted,0.25,3,3,GCTCATCCCCTTACCAGGAT,0,4323811
yadI_predicted,0.25,3,3,GCTCATAAGATAGTTTCCGC,0,4301295
yadI_predicted,0.25,3,3,GCTCAAGGAGAGGAACTTGA,0,4301855
yadI_predicted,0.25,3,3,GCTATTAAGGGTCACCTTTA,0,4364668
yadI_predicted,0.25,3,3,GCTATAAAGGTGAGGAACGG,0,4350887
yadI_predicted,0.25,3,3,GCTAGGATCACTACCGGTCC,0,4313744
yadI_predicted,0.25,3,3,GCTACGCTGGCTCATGAAGA,0,4322018
yadI_predicted,0.25,3,3,GCTACGAAATATGTGGGCAT,0,4317187
yadI_predicted,0.25,3,3,GCTACCCAGGCTTTAAAAAT,0,4306905
yadI_predicted,0.25,3,3,GCTACCATCAGTAAGTTCAG,0,4351427
yadI_predicted,0.25,3,3,GCGTTTAGGTCAGTGAACGT,0,4320116
yadI_predicted,0.25,3,3,GCGTTGAATCACCCTTTTCC,0,4354875
yadI_predicted,0.25,3,3,GCGTTACGTGAACACCGTTA,0,4355859
yadI_predicted,0.25,3,3,GCGTTAAGGATACGTAACCA,0,4297730
yadI_predicted,0.25,3,3,GCGTTAAACCGGAGTATTGG,0,4299555
yadI_predicted,0.25,3,3,GCGTGCTACCAATCGTCTAA,0,4325519
yadI_predicted,0.25,3,3,GCGTGCACACTCTTTAAACG,0,4299328
yadI_predicted,0.25,3,3,GCGTCTGCATATAAGATTTA,0,4336215
yadI_predicted,0.25,3,3,GCGTCAGTGCAGTATTAAGA,0,4328929
yadI_predicted,0.25,3,3,GCGTATTAAGTTCCCACACC,0,4323815
yadI_predicted,0.25,3,3,GCGTACGGGCGAGTTCGATA,0,4293716
yadI_predicted,0.25,3,3,GCGGTTCATGGCGGTGGGGC,0,4344458
yadI_predicted,0.25,3,3,GCGGTTAAGAGCACGGAATG,0,4342304
yadI_predicted,0.25,3,3,GCGGTGATCACTGAATCAGG,0,4362170
yadI_predicted,0.25,3,3,GCGGTCTTATAACTTAGGCC,0,4368832
yadI_predicted,0.25,3,3,GCGGGTGATCGAGGCTGTAC,0,4329529
yadI_predicted,0.25,3,3,GCGGGCTTGACAAGCACGTC,0,4332581
yadI_predicted,0.25,3,3,GCGGCTTTTTTGCGGAGGCA,0,4296331
yadI_predicted,0.25,3,3,GCGGCTACTTCAGAACAGTG,0,4359187
yadI_predicted,0.25,3,3,GCGGCGTTAGTCAGCCACCC,0,4302129
yadI_predicted,0.25,3,3,GCGGCGCGGGTGCAAGAACA,0,4335009
yadI_predicted,0.25,3,3,GCGGATGAGGGTACAGCTTC,0,4366497
yadI_predicted,0.25,3,3,GCGGAGAAGTCAGGGTTAAG,0,4342819
yadI_predicted,0.25,3,3,GCGGAATCCCGGAACGCACG,0,4291553
yadI_predicted,0.25,3,3,GCGGAAATCAGGTCTCGGCA,0,4340880
yadI_predicted,0.25,3,3,GCGCTATATCGTCGCCACAA,0,4352787
yadI_predicted,0.25,3,3,GCGCTAGATTCTAGAGAAGG,0,4333953
yadI_predicted,0.25,3,3,GCGCGCCGCGTGATCAATTC,0,4365185
yadI_predicted,0.25,3,3,GCGCGCAATGTAGGTAACAC,0,4353866
yadI_predicted,0.25,3,3,GCGCGAATCATTCTTGGTGG,0,4316110
yadI_predicted,0.25,3,3,GCGCCTATCGCGTGTATTGC,0,4329851
yadI_predicted,0.25,3,3,GCGCCTAGTGAAATGCTCCA,0,4321772
yadI_predicted,0.25,3,3,GCGCCGTATAGTAAGACGAG,0,4313322
yadI_predicted,0.25,3,3,GCGCCCACCCAATATCCAAG,0,4306519
yadI_predicted,0.25,3,3,GCGCCATGTACCAATAATCT,0,4364689
yadI_predicted,0.25,3,3,GCGCATGCGTGAGTAGTCAT,0,4336447
yadI_predicted,0.25,3,3,GCGCATCTCATCAGGTCTGT,0,4316621
yadI_predicted,0.25,3,3,GCGCAAGGACTTGTTCAAAA,0,4291444
yadI_predicted,0.25,3,3,GCGATATATTACCTCGACTC,0,4346647
yadI_predicted,0.25,3,3,GCGAGTCGATATTTTGACGC,0,4342204
yadI_predicted,0.25,3,3,GCGAGGACAGCAGTCCGGCA,0,4301561
yadI_predicted,0.25,3,3,GCGAGCACGTCCGATGTGAA,0,4361407
yadI_predicted,0.25,3,3,GCGACTATTGCTTATCCTTA,0,4289812
yadI_predicted,0.25,3,3,GCGACGACCTTCGAGACCAC,0,4329713
yadI_predicted,0.25,3,3,GCGACAGTCCCCCTTTAGAG,0,4365736
yadI_predicted,0.25,3,3,GCGACAATCGTGGCGTGATA,0,4315553
yadI_predicted,0.25,3,3,GCGAATCCGACGGAAGGGGG,0,4324703
yadI_predicted,0.25,3,3,GCGAAGTGGATAAATGCAAT,0,4304826
yadI_predicted,0.25,3,3,GCGAAGAATGCCGCTACAGA,0,4322836
yadI_predicted,0.25,3,3,GCCTGGTGAGTTCCATTGGG,0,4302898
yadI_predicted,0.25,3,3,GCCTCCGGGATTTCGTGAAC,0,4340572
yadI_predicted,0.25,3,3,GCCTCCATTTATACATCTGT,0,4326903
yadI_predicted,0.25,3,3,GCCTATTCACGTCTCCTTGA,0,4361297
yadI_predicted,0.25,3,3,GCCTAGTGTTCCTGTGAAAG,0,4320741
yadI_predicted,0.25,3,3,GCCTAACCACACCCGCGTAT,0,4314980
yadI_predicted,0.25,3,3,GCCGGTGAATGTTCTTTGTA,0,4368278
yadI_predicted,0.25,3,3,GCCGCCGTTTCCGATGTTCC,0,4354153
yadI_predicted,0.25,3,3,GCCGCCCGAGTAGTAAAGTA,0,4338562
yadI_predicted,0.25,3,3,GCCGCCATCCCGGCAGGGCG,0,4299469
yadI_predicted,0.25,3,3,GCCGATGGCTGGACTCTCAT,0,4288746
yadI_predicted,0.25,3,3,GCCCTATTAGTTATTGTTTT,0,4336822
yadI_predicted,0.25,3,3,GCCCGTTCGCTGACACTTAT,0,4330003
yadI_predicted,0.25,3,3,GCCCCTTGTTAATAAGGTCA,0,4359654
yadI_predicted,0.25,3,3,GCCCCTAATCTTGAAGCACA,0,4295171
yadI_predicted,0.25,3,3,GCCCCACCACCCGGGACCCG,0,4314616
yadI_predicted,0.25,3,3,GCCCATCCCCACACCAGGCA,0,4325555
yadI_predicted,0.25,3,3,GCCATTCTGCAGGTAGTGTC,0,4356715
yadI_predicted,0.25,3,3,GCCATGCACGTGATAATTTG,0,4323157
yadI_predicted,0.25,3,3,GCCATCCCTAGCGGGATCAT,0,4314564
yadI_predicted,0.25,3,3,GCCATCCAGAACCTGATATA,0,4359979
yadI_predicted,0.25,3,3,GCCACCCCCGTGAGGCTCCC,0,4330886
yadI_predicted,0.25,3,3,GCATTTGCACGGTTTCGTCA,0,4319679
yadI_predicted,0.25,3,3,GCATTGAATAGCCACCTACT,0,4341320
yadI_predicted,0.25,3,3,GCATTCAAGGCGCATGGCTG,0,4365173
yadI_predicted,0.25,3,3,GCATTATCTGTACCGTTCAT,0,4329342
yadI_predicted,0.25,3,3,GCATGTTCTGAAATCGCTGC,0,4334428
yadI_predicted,0.25,3,3,GCATGTAGGTATGTGAAGCT,0,4317568
yadI_predicted,0.25,3,3,GCATGGTCTTTAGTTAATTT,0,4342896
yadI_predicted,0.25,3,3,GCATGCTATCACTGAGCAGG,0,4349922
yadI_predicted,0.25,3,3,GCATATTCTCCACAAGATGT,0,4358979
yadI_predicted,0.25,3,3,GCATATAAGTTTTAGAGTTA,0,4342833
yadI_predicted,0.25,3,3,GCATAATCGCCGAGACCCGG,0,4341641
yadI_predicted,0.25,3,3,GCAGTGAGGTAAATACGATC,0,4365833
yadI_predicted,0.25,3,3,GCAGGTCATAAGGTGCGATA,0,4355486
yadI_predicted,0.25,3,3,GCAGGTCAGCTCGCACATGG,0,4294304
yadI_predicted,0.25,3,3,GCAGGATTAATCATGGGTCG,0,4320926
yadI_predicted,0.25,3,3,GCAGGAGTTAGCCCGGTACA,0,4343515
yadI_predicted,0.25,3,3,GCAGCGCACGGTCTGTAAGA,0,4345526
yadI_predicted,0.25,3,3,GCAGCCTGCTCCCGCGGACC,0,4316932
yadI_predicted,0.25,3,3,GCAGCATAAATCAGGGTTGC,0,4355499
yadI_predicted,0.25,3,3,GCAGATGAACGGGGACGTCG,0,4355911
yadI_predicted,0.25,3,3,GCAGACGTTGATTCGTCTCC,0,4315075
yadI_predicted,0.25,3,3,GCAGAATGGCTAGTGCTATA,0,4303147
yadI_predicted,0.25,3,3,GCAGAACCTCCGATTCACAC,0,4348693
yadI_predicted,0.25,3,3,GCACTCTCATCCGGGTGAAA,0,4317984
yadI_predicted,0.25,3,3,GCACGTGTACATCTCTTTTG,0,4317754
yadI_predicted,0.25,3,3,GCACGGAGAATTGTGGTGAA,0,4297222
yadI_predicted,0.25,3,3,GCACGAAGCCGCCTCCGGGA,0,4289698
yadI_predicted,0.25,3,3,GCACCTTATTGCGAGGGTGT,0,4304207
yadI_predicted,0.25,3,3,GCACCGAAACGTAAATACGT,0,4334739
yadI_predicted,0.25,3,3,GCACCCTCTACTATTAGAGG,0,4341643
yadI_predicted,0.25,3,3,GCACAGGAAGCCCACGGTGC,0,4305509
yadI_predicted,0.25,3,3,GCACAGAGGTTTTCCTGAGA,0,4297512
yadI_predicted,0.25,3,3,GCACAACAGCACGGCCGCAG,0,4307986
yadI_predicted,0.25,3,3,GCAAGTACATCAGCCTTGTG,0,4367832
yadI_predicted,0.25,3,3,GCAAGACTCGCACGCTAGGG,0,4340581
yadI_predicted,0.25,3,3,GCAACTAAATTAGGGCGGCT,0,4348571
yadI_predicted,0.25,3,3,GCAACGATCCCAGCCTTTAC,0,4286535
yadI_predicted,0.25,3,3,GCAACCGCGTCTATTACAAT,0,4362590
yadI_predicted,0.25,3,3,GCAACAGGCTCCCTGGTGGT,0,4323686
yadI_predicted,0.25,3,3,GCAACAAACAATGAGATGCC,0,4305459
yadI_predicted,0.25,3,3,GCAAAGCAGGGGGCATGCAT,0,4362738
yadI_predicted,0.25,3,3,GCAAACACCATCGTTTGCCA,0,4308892
yadI_predicted,0.25,3,3,GCAAAAATGGTGTTATGCTT,0,4357962
yadI_predicted,0.25,3,3,GATTTTGTGCAGTGTGACTA,0,4348843
yadI_predicted,0.25,3,3,GATTTTGTCGCAGCTCATGC,0,4307694
yadI_predicted,0.25,3,3,GATTTGTTATCCGGTAATCT,0,4339662
yadI_predicted,0.25,3,3,GATTTCATTGCACCCTGGTT,0,4325638
yadI_predicted,0.25,3,3,GATTGTACGAGTGGGTGTTT,0,4357953
yadI_predicted,0.25,3,3,GATTGAGCCAATGCGACTTA,0,4321001
yadI_predicted,0.25,3,3,GATTGACTTCCCGCAGAGCC,0,4332447
yadI_predicted,0.25,3,3,GATTCTTTTAGCTAGCCGGA,0,4363106
yadI_predicted,0.25,3,3,GATTCTGAGTTACTATACCA,0,4324622
yadI_predicted,0.25,3,3,GATTCATCGCATTATCCCTA,0,4335505
yadI_predicted,0.25,3,3,GATTCAGCGGAACCTAACTG,0,4317017
yadI_predicted,0.25,3,3,GATTATGTCCTTCTTGCATC,0,4340360
yadI_predicted,0.25,3,3,GATTATGGGTTGACTCGGTA,0,4326563
yadI_predicted,0.25,3,3,GATTAGTCCCTTCCTCCTCA,0,4350556
yadI_predicted,0.25,3,3,GATTACTGAAAAAATTCACA,0,4324615
yadI_predicted,0.25,3,3,GATTAATACCCACCGAACGG,0,4305014
yadI_predicted,0.25,3,3,GATGTAGCGCGCTTTTGTGT,0,4364861
yadI_predicted,0.25,3,3,GATGGTGTCGCATTTGATCG,0,4293518
yadI_predicted,0.25,3,3,GATGGCTCGGACGACCGCCA,0,4290778
yadI_predicted,0.25,3,3,GATGGAAGGTACGTTCTCTA,0,4349524
yadI_predicted,0.25,3,3,GATGCGATGTAAGTAATTTG,0,4326415
yadI_predicted,0.25,3,3,GATGCGACTGCTAGCAAAGC,0,4329018
yadI_predicted,0.25,3,3,GATGCAATCGGTAGCGGAAA,0,4368290
yadI_predicted,0.25,3,3,GATGAAACCAACGAGTATTA,0,4291707
yadI_predicted,0.25,3,3,GATCGTTTACTAACTCGCGC,0,4317475
yadI_predicted,0.25,3,3,GATCGCTAGCTTTTAACGTC,0,4297778
yadI_predicted,0.25,3,3,GATCCGATAGCTTGGAGCTG,0,4362676
yadI_predicted,0.25,3,3,GATCCCCTAAGCTAAGGCCA,0,4351627
yadI_predicted,0.25,3,3,GATCCAGGGACGGCGTTTAA,0,4318244
yadI_predicted,0.25,3,3,GATCCAAATAAGACCGGGGG,0,4308796
yadI_predicted,0.25,3,3,GATATTTGTAACATTAAAAT,0,4290480
yadI_predicted,0.25,3,3,GATATTGTCCAACCCCGACT,0,4330490
yadI_predicted,0.25,3,3,GATATGTCTAGGTCCAGCGC,0,4367005
yadI_predicted,0.25,3,3,GATAGTTTAACAAGGATGGG,0,4307329
yadI_predicted,0.25,3,3,GATACTCCTCCAGATTAGGT,0,4337433
yadI_predicted,0.25,3,3,GATACAGGGGGGTAACATTA,0,4307714
yadI_predicted,0.25,3,3,GATACAACCCTTTGGACTAT,0,4355580
yadI_predicted,0.25,3,3,GATAATTCGACCAGTCGCGT,0,4305525
yadI_predicted,0.25,3,3,GATAATCGGTAATACACACA,0,4325587
yadI_predicted,0.25,3,3,GATAAGAGAACGCTGTACTT,0,4359824
yadI_predicted,0.25,3,3,GAGTTGTTGCAACATACAGC,0,4291863
yadI_predicted,0.25,3,3,GAGTTATGGGGAGCAAATAG,0,4356009
yadI_predicted,0.25,3,3,GAGTTAATTAAATCCTTGAT,0,4332600
yadI_predicted,0.25,3,3,GAGTGTCAGATCGACCGTCC,0,4288108
yadI_predicted,0.25,3,3,GAGTGGCCTGGTGCCTCAAT,0,4336531
yadI_predicted,0.25,3,3,GAGTGGAGCAGCCATTACCT,0,4331894
yadI_predicted,0.25,3,3,GAGTCGTTTATAGGTCACAA,0,4305824
yadI_predicted,0.25,3,3,GAGTATTGTATCAACATAGG,0,4348103
yadI_predicted,0.25,3,3,GAGTATGATGAACAAGGGTC,0,4356312
yadI_predicted,0.25,3,3,GAGTAGGGAAAATTCTGTAT,0,4360804
yadI_predicted,0.25,3,3,GAGTAGAAAGATGCGTGGCT,0,4322547
yadI_predicted,0.25,3,3,GAGTACGGAGGGTGACAGAT,0,4296788
yadI_predicted,0.25,3,3,GAGTAAGCCGCCTTTTTCAG,0,4328975
yadI_predicted,0.25,3,3,GAGGTTGTTCACACAAATAC,0,4285298
yadI_predicted,0.25,3,3,GAGGTTACCACAGGTTAAGA,0,4354740
yadI_predicted,0.25,3,3,GAGGTGGATCTTACTCTTGC,0,4316988
yadI_predicted,0.25,3,3,GAGGTCTTGTGACTAAACAT,0,4291898
yadI_predicted,0.25,3,3,GAGGTAGCTTAGATCTTTGA,0,4302672
yadI_predicted,0.25,3,3,GAGGGGCGCGGATATCCGCC,0,4328035
yadI_predicted,0.25,3,3,GAGGCCTTGGTAGCAAAGTA,0,4289387
yadI_predicted,0.25,3,3,GAGGAGGGGGAGATCCGGTT,0,4331913
yadI_predicted,0.25,3,3,GAGGACATCTTTACGCATGC,0,4299579
yadI_predicted,0.25,3,3,GAGCGGGGCCGCACATGCTA,0,4349178
yadI_predicted,0.25,3,3,GAGCGGCAGGCGAGTCCAAC,0,4321986
yadI_predicted,0.25,3,3,GAGCGATCAATGAGACCGAT,0,4284603
yadI_predicted,0.25,3,3,GAGCGAGAATCAGTACACCC,0,4360761
yadI_predicted,0.25,3,3,GAGCCATAAACAGCAAGACA,0,4317150
yadI_predicted,0.25,3,3,GAGCAAGCATTTGCCGTGAA,0,4296525
yadI_predicted,0.25,3,3,GAGATGGTCACGATTTCTTT,0,4285809
yadI_predicted,0.25,3,3,GAGATCACGCGAAACCCGGG,0,4312695
yadI_predicted,0.25,3,3,GAGAGACTCGGTTTTCCTTG,0,4333442
yadI_predicted,0.25,3,3,GAGACAGGTCAGCGGGAAGA,0,4335478
yadI_predicted,0.25,3,3,GAGACAGATGTCATAACAAC,0,4321605
yadI_predicted,0.25,3,3,GAGAATCAGGCAAGAACCGG,0,4303994
yadI_predicted,0.25,3,3,GAGAAAGAGCCATTGTTTAT,0,4365682
yadI_predicted,0.25,3,3,GACTTTGAAATTATACAGCA,0,4344132
yadI_predicted,0.25,3,3,GACTTCTCTTGGTGTTTCGA,0,4319607
yadI_predicted,0.25,3,3,GACTTAGGGCACTAGATCCC,0,4311849
yadI_predicted,0.25,3,3,GACTTAGCCACTGTCCTCAA,0,4329781
yadI_predicted,0.25,3,3,GACTGCGGTCAAATCAGTTA,0,4351442
yadI_predicted,0.25,3,3,GACTGCACATAGGCATTTTT,0,4329104
yadI_predicted,0.25,3,3,GACTCGCATCCCAAGTGACA,0,4356078
yadI_predicted,0.25,3,3,GACTCGCAAGCAGTTGTCAA,0,4295580
yadI_predicted,0.25,3,3,GACTAGACGGGCAGAGACGC,0,4306946
yadI_predicted,0.25,3,3,GACTACCCGGCCACATGCTG,0,4363800
yadI_predicted,0.25,3,3,GACGTTTGCGAAGTATCCGC,0,4303436
yadI_predicted,0.25,3,3,GACGTTTATCTGGCTCCTGG,0,4289319
yadI_predicted,0.25,3,3,GACGTTAGGTACGGTATTAG,0,4302010
yadI_predicted,0.25,3,3,GACGTGCGCGCGCGTACATC,0,4294303
yadI_predicted,0.25,3,3,GACGTCCGGACGTAGACCCG,0,4316152
yadI_predicted,0.25,3,3,GACGGGAATGCAGACGAGCG,0,4292009
yadI_predicted,0.25,3,3,GACGGCTCGCCGGAGTCTTA,0,4341630
yadI_predicted,0.25,3,3,GACGGAGCGACTGAGGAATA,0,4313564
yadI_predicted,0.25,3,3,GACGCGCCGGACCATCTGAA,0,4325596
yadI_predicted,0.25,3,3,GACGCAGTAGATCATATCTA,0,4310987
yadI_predicted,0.25,3,3,GACGACCGTGAAACGCAGAT,0,4347092
yadI_predicted,0.25,3,3,GACCTTGGGCCGAGCGACTG,0,4362844
yadI_predicted,0.25,3,3,GACCGGGGATCGCGTATGCA,0,4318081
yadI_predicted,0.25,3,3,GACCGGGGAGGTTTAGTCTG,0,4344529
yadI_predicted,0.25,3,3,GACCGCGATTGATGCCGGAG,0,4338526
yadI_predicted,0.25,3,3,GACCCACGACACCGGCTCAC,0,4350860
yadI_predicted,0.25,3,3,GACCATCGGCAAAGCAGGCA,0,4338574
yadI_predicted,0.25,3,3,GACCATCCGCAACACAGTCA,0,4338381
yadI_predicted,0.25,3,3,GACCAGGGTCAGAGGTCGTT,0,4315365
yadI_predicted,0.25,3,3,GACATTAGTTTAAGTTCTGT,0,4342920
yadI_predicted,0.25,3,3,GACATTAACACGTGACAATC,0,4326932
yadI_predicted,0.25,3,3,GACAGTGTATAATTACATAC,0,4322612
yadI_predicted,0.25,3,3,GACAGATGACGCCGTAAGAA,0,4334250
yadI_predicted,0.25,3,3,GACAGAAGTCACTCGCTGGG,0,4285170
yadI_predicted,0.25,3,3,GACACGGTCCGCTGAAGTCA,0,4324243
yadI_predicted,0.25,3,3,GACACCGCACCGCGCCAGAT,0,4291011
yadI_predicted,0.25,3,3,GACACAGTTTTACGGAACGG,0,4345628
yadI_predicted,0.25,3,3,GACAATTTACTTTACTCGTG,0,4344834
yadI_predicted,0.25,3,3,GACAAGTGGTTTAAGTTGAA,0,4338683
yadI_predicted,0.25,3,3,GACAACTCATCGCTCATCAC,0,4358788
yadI_predicted,0.25,3,3,GAATTGGTTCCGACAGAATG,0,4291171
yadI_predicted,0.25,3,3,GAATTGGATTTTCGACTGTA,0,4286137
yadI_predicted,0.25,3,3,GAATTATTTTCCTACTCATT,0,4347157
yadI_predicted,0.25,3,3,GAATGTTGGATTGTCATGGT,0,4368283
yadI_predicted,0.25,3,3,GAATGTAGGGAGTACCGTCT,0,4336240
yadI_predicted,0.25,3,3,GAATGGGTGGCTGTTCAATC,0,4321258
yadI_predicted,0.25,3,3,GAATGGACGTTAGACATATT,0,4357775
yadI_predicted,0.25,3,3,GAATGCCACTAGCTCTCTCG,0,4344814
yadI_predicted,0.25,3,3,GAATGATGCATGATTGTGGT,0,4314259
yadI_predicted,0.25,3,3,GAATCTAGTAGCCGTACTCA,0,4304822
yadI_predicted,0.25,3,3,GAATAGATGGTTATCGTTGA,0,4347214
yadI_predicted,0.25,3,3,GAAGTTGCGGCGTCCTTTCA,0,4292667
yadI_predicted,0.25,3,3,GAAGTTCGTGTTCACATTAG,0,4293354
yadI_predicted,0.25,3,3,GAAGTTACAATACAGGGGTT,0,4329892
yadI_predicted,0.25,3,3,GAAGTGTATTAAATAAGACC,0,4311096
yadI_predicted,0.25,3,3,GAAGTGAACAGCGTATGAAA,0,4359517
yadI_predicted,0.25,3,3,GAAGGGGTCTGTACAGGCGG,0,4318672
yadI_predicted,0.25,3,3,GAAGGGAAGGTTGTAAAACC,0,4303669
yadI_predicted,0.25,3,3,GAAGGCGAACCTGGCGCGCA,0,4300595
yadI_predicted,0.25,3,3,GAAGCTGCTGGTCTAGCGGA,0,4308690
yadI_predicted,0.25,3,3,GAAGCACTACGGTAAAGGGA,0,4313848
yadI_predicted,0.25,3,3,GAAGATTTACCTTAATGCCC,0,4353046
yadI_predicted,0.25,3,3,GAACTAGATGTGTCACAACA,0,4328204
yadI_predicted,0.25,3,3,GAACGTAGAGACAGAGGATT,0,4317378
yadI_predicted,0.25,3,3,GAACGACTCATTACGACGGC,0,4342196
yadI_predicted,0.25,3,3,GAACCCTCGGGGATGACAGT,0,4323230
yadI_predicted,0.25,3,3,GAACCCTATCGCCCTTCTGA,0,4359641
yadI_predicted,0.25,3,3,GAACCAGTAAGCGCGGTGAC,0,4337497
yadI_predicted,0.25,3,3,GAAATTACCTGAGCTAACAG,0,4313158
yadI_predicted,0.25,3,3,GAAATTACAAGTGACGGACG,0,4367142
yadI_predicted,0.25,3,3,GAAATCTAGCAAGGCTGAGC,0,4354465
yadI_predicted,0.25,3,3,GAAATCCGGGGTGACGTTGA,0,4336270
yadI_predicted,0.25,3,3,GAAATACGGCTAACACGCCG,0,4323906
yadI_predicted,0.25,3,3,GAAATACCTGTTTTGTGGTT,0,4339605
yadI_predicted,0.25,3,3,GAAACCGCAATCTAGATACT,0,4307870
yadI_predicted,0.25,3,3,GAAAATCCGCGTATTGTGGT,0,4331015
yadI_predicted,0.25,3,3,GAAAAAATCCATCTAGCTCC,0,4296281
yadI_predicted,0.25,3,3,CTTTTTGAAGAGACTCTTTG,0,4293026
yadI_predicted,0.25,3,3,CTTTTTATATCACAGGACCC,0,4324768
yadI_predicted,0.25,3,3,CTTTTGGAAGAAGTAACTAG,0,4330368
yadI_predicted,0.25,3,3,CTTTTCATGTCTTCTGCTAG,0,4339179
yadI_predicted,0.25,3,3,CTTTTATCGGCACGCTATCT,0,4297087
yadI_predicted,0.25,3,3,CTTTTACCGTCAAGCCAGGG,0,4355370
yadI_predicted,0.25,3,3,CTTTGTCAGGGTCTGGACTC,0,4305204
yadI_predicted,0.25,3,3,CTTTGATCCGTACCGCATGT,0,4360590
yadI_predicted,0.25,3,3,CTTTGACTCATCTGTCGGAC,0,4346624
yadI_predicted,0.25,3,3,CTTTGAAGGTATCCTTGAGA,0,4317194
yadI_predicted,0.25,3,3,CTTTCTTCTTCCAGCCGTGT,0,4332878
yadI_predicted,0.25,3,3,CTTTCTTCACAAACACATAA,0,4347405
yadI_predicted,0.25,3,3,CTTTCCGCTTTATATCTAGC,0,4323469
yadI_predicted,0.25,3,3,CTTTCAGGACGCGACTGAAT,0,4347946
yadI_predicted,0.25,3,3,CTTTAGAGATGTCCCTTAAG,0,4300088
yadI_predicted,0.25,3,3,CTTGGTCGAATGAGAGACCC,0,4299921
yadI_predicted,0.25,3,3,CTTGGGTTGCGCAAAAGTTA,0,4304090
yadI_predicted,0.25,3,3,CTTGCCTCCCGGCTCCAGTA,0,4364947
yadI_predicted,0.25,3,3,CTTGCCGGATTTTTCTGTCT,0,4364603
yadI_predicted,0.25,3,3,CTTCTTTTCTGGGCTATTAT,0,4319641
yadI_predicted,0.25,3,3,CTTCTCCGCGACATTGATAT,0,4325087
yadI_predicted,0.25,3,3,CTTCGTAACGGCCGGCACTA,0,4315578
yadI_predicted,0.25,3,3,CTTCGGTGGAGCATGGAGGG,0,4290248
yadI_predicted,0.25,3,3,CTTCGAGCGCATGTTCCTCA,0,4291510
yadI_predicted,0.25,3,3,CTTCCGTCAAGCACGACAGG,0,4350263
yadI_predicted,0.25,3,3,CTTCAGTGACATGCAAGACT,0,4329487
yadI_predicted,0.25,3,3,CTTATGCCCAGCTACCCGCA,0,4314307
yadI_predicted,0.25,3,3,CTTATGCCAGGGTGGAGGAT,0,4287810
yadI_predicted,0.25,3,3,CTTATCGGGATATTGCTGAT,0,4312458
yadI_predicted,0.25,3,3,CTTATCAGACTACTAGCAGT,0,4325966
yadI_predicted,0.25,3,3,CTTAGGGTTTACTAGGTCCT,0,4285794
yadI_predicted,0.25,3,3,CTTAGGGGTTACTCGTAAGG,0,4362316
yadI_predicted,0.25,3,3,CTTAGCTTATAGAGAATTAG,0,4337749
yadI_predicted,0.25,3,3,CTTAGAGTATCACGGCCCGT,0,4325142
yadI_predicted,0.25,3,3,CTTAGAGTAGTATCCGGACG,0,4311152
yadI_predicted,0.25,3,3,CTTACTTTAGTACACCCGGT,0,4328053
yadI_predicted,0.25,3,3,CTTACGACACTCGTGGGCAA,0,4326799
yadI_predicted,0.25,3,3,CTGTTACCATATGGTGTGCT,0,4347368
yadI_predicted,0.25,3,3,CTGTGGTCGTGAGCCCGCTA,0,4362451
yadI_predicted,0.25,3,3,CTGTGCAGGCATATCAAAGT,0,4307830
yadI_predicted,0.25,3,3,CTGTCTTATAGTCGCGGAGG,0,4343624
yadI_predicted,0.25,3,3,CTGTCTGTGGTAGTATAGGC,0,4302389
yadI_predicted,0.25,3,3,CTGGTGCGCTTGGTGTCCCT,0,4324816
yadI_predicted,0.25,3,3,CTGGTGCAGTAGAGACATCT,0,4302650
yadI_predicted,0.25,3,3,CTGGTCCTCACACACCGAGA,0,4367237
yadI_predicted,0.25,3,3,CTGGTAATGACTTTTCCTGG,0,4310176
yadI_predicted,0.25,3,3,CTGGTAACAAAAAAAAATAC,0,4316814
yadI_predicted,0.25,3,3,CTGGGTGTAGCTCCTACACC,0,4351221
yadI_predicted,0.25,3,3,CTGGGTGGGTCGTCAAGACC,0,4368041
yadI_predicted,0.25,3,3,CTGGGAGTCTTGAGACGGTG,0,4305391
yadI_predicted,0.25,3,3,CTGGCGGGGCATCCGGGACT,0,4342310
yadI_predicted,0.25,3,3,CTGGAGGGTTCATAACATTT,0,4340788
yadI_predicted,0.25,3,3,CTGGAGGCCAGGGGAGGTAA,0,4337652
yadI_predicted,0.25,3,3,CTGCTTCTTCTTACGCGACA,0,4352520
yadI_predicted,0.25,3,3,CTGCTCCGACTCGCACAGTT,0,4364359
yadI_predicted,0.25,3,3,CTGCTAGTTGAGAAGTGGGT,0,4369724
yadI_predicted,0.25,3,3,CTGCGTGATTCATTCCTCGG,0,4325072
yadI_predicted,0.25,3,3,CTGCGGCGTTGTTTGACCTG,0,4310314
yadI_predicted,0.25,3,3,CTGCGCTTCATGACATTAGC,0,4289802
yadI_predicted,0.25,3,3,CTGCCACTGTCAGTCCTTAC,0,4323712
yadI_predicted,0.25,3,3,CTGCATGCAAACCGCGTTGC,0,4367420
yadI_predicted,0.25,3,3,CTGATGGGAGCGCAGACGTC,0,4353054
yadI_predicted,0.25,3,3,CTGATCAGGCTACACGGGCT,0,4331532
yadI_predicted,0.25,3,3,CTGATAGCAGGAAGCGGTGA,0,4351400
yadI_predicted,0.25,3,3,CTGACCTCGCCACACAGTGG,0,4364061
yadI_predicted,0.25,3,3,CTGACAGACACTTAGAAGGC,0,4291983
yadI_predicted,0.25,3,3,CTGAATCAAGTTACGTAACT,0,4353422
yadI_predicted,0.25,3,3,CTGAAGACGCGTGACGATCG,0,4292245
yadI_predicted,0.25,3,3,CTGAAATTCTAATGTTTCAA,0,4343670
yadI_predicted,0.25,3,3,CTGAAATTAATCAATTGTGT,0,4366271
yadI_predicted,0.25,3,3,CTCTTTCGGAAGGGACTTAA,0,4310498
yadI_predicted,0.25,3,3,CTCTTGTAGTGCCCATCATT,0,4294314
yadI_predicted,0.25,3,3,CTCTTATGCGGTCGGTTGGT,0,4301892
yadI_predicted,0.25,3,3,CTCTGTTGATATTAAAATAT,0,4303557
yadI_predicted,0.25,3,3,CTCTGACTAGAGTTATCCTA,0,4300788
yadI_predicted,0.25,3,3,CTCTATGGTGCGTCTGGGTT,0,4318584
yadI_predicted,0.25,3,3,CTCTATAAGGTGATGTGCAA,0,4354678
yadI_predicted,0.25,3,3,CTCTACTTAGGTAATGATAA,0,4324402
yadI_predicted,0.25,3,3,CTCTACTCATAACGGTGGCA,0,4345193
yadI_predicted,0.25,3,3,CTCGTTGGCTCGTCCAGGGA,0,4318013
yadI_predicted,0.25,3,3,CTCGTGGCTAGAATGGTTCG,0,4334128
yadI_predicted,0.25,3,3,CTCGTCCTACGATTGGATCT,0,4294318
yadI_predicted,0.25,3,3,CTCGGTTCAAGACGGTATGG,0,4349696
yadI_predicted,0.25,3,3,CTCGGGAACGGCTTTGACCT,0,4292079
yadI_predicted,0.25,3,3,CTCGGCCCACCAATCTTGCT,0,4310538
yadI_predicted,0.25,3,3,CTCGGCATGGCCTCGATAGG,0,4324461
yadI_predicted,0.25,3,3,CTCGGAAGTGGTCTCATCAT,0,4307110
yadI_predicted,0.25,3,3,CTCGCGGTCACCATGGGGGC,0,4301290
yadI_predicted,0.25,3,3,CTCGCGGGCTTGCACTGGTG,0,4332802
yadI_predicted,0.25,3,3,CTCGCAAGTGCCTGAGATAC,0,4367210
yadI_predicted,0.25,3,3,CTCGATAGTGCGTCGGTCAA,0,4352730
yadI_predicted,0.25,3,3,CTCGAAAGTTGTCTCCTAGG,0,4315376
yadI_predicted,0.25,3,3,CTCCTCAACCCATTCCTGAG,0,4340379
yadI_predicted,0.25,3,3,CTCCCCTTAAACTTCGTTGT,0,4295802
yadI_predicted,0.25,3,3,CTCCATTCCGTTCACTTGGA,0,4349040
yadI_predicted,0.25,3,3,CTCCAAAGAGAGTTCATGTA,0,4354248
yadI_predicted,0.25,3,3,CTCATCGCTCCGCGCATTCT,0,4358519
yadI_predicted,0.25,3,3,CTCATAGGCACCCCTTCGTC,0,4343263
yadI_predicted,0.25,3,3,CTCAGATGCCGATCGCGTCA,0,4347849
yadI_predicted,0.25,3,3,CTCAGATCGATGAGCGATTG,0,4335538
yadI_predicted,0.25,3,3,CTCAGAGCGCGCTGGATCTA,0,4304669
yadI_predicted,0.25,3,3,CTCACTTGGCCGTTGTCCGC,0,4341775
yadI_predicted,0.25,3,3,CTCACGAGGGATACATTTGC,0,4320919
yadI_predicted,0.25,3,3,CTCAAGAGACCGGTTACCTT,0,4320612
yadI_predicted,0.25,3,3,CTATTCCCGTGTCGCCCTCC,0,4293030
yadI_predicted,0.25,3,3,CTATGGATACGGGCGCAGAT,0,4298650
yadI_predicted,0.25,3,3,CTATGACTGTGAAGTACTGC,0,4314618
yadI_predicted,0.25,3,3,CTATATGGTAGGATATCTAC,0,4358090
yadI_predicted,0.25,3,3,CTATAGTTTTTATCGCGTGA,0,4323183
yadI_predicted,0.25,3,3,CTAGCCGCAGTAGGACGAAG,0,4349646
yadI_predicted,0.25,3,3,CTAGCCAGTAATCCTTTTCG,0,4334580
yadI_predicted,0.25,3,3,CTAGCCAAGCCTCCTCGTAT,0,4352055
yadI_predicted,0.25,3,3,CTAGCATTTTCAACTGGACT,0,4351669
yadI_predicted,0.25,3,3,CTAGATGCGGGCATCCTGAA,0,4312364
yadI_predicted,0.25,3,3,CTAGATCCGGCAGACCTGTG,0,4295078
yadI_predicted,0.25,3,3,CTAGAGATACAGGCCCCACT,0,4314924
yadI_predicted,0.25,3,3,CTAGACTTCAACTGACGCGT,0,4339103
yadI_predicted,0.25,3,3,CTACTTTGTGCCGTCCGGTC,0,4300862
yadI_predicted,0.25,3,3,CTACTTCACAGAAATGCTCG,0,4322701
yadI_predicted,0.25,3,3,CTACGCTCTCCGTCTCGTTA,0,4308152
yadI_predicted,0.25,3,3,CTACGCCTACAGCGGCTCGA,0,4342139
yadI_predicted,0.25,3,3,CTACGAAGAGGCACAGTTGT,0,4284798
yadI_predicted,0.25,3,3,CTACCATCGCCTATTTTTGG,0,4360754
yadI_predicted,0.25,3,3,CTACAGTGGCATTTACCAGT,0,4288914
yadI_predicted,0.25,3,3,CTACAGTGAGCTTGACCATA,0,4286981
yadI_predicted,0.25,3,3,CTACACCAACGTTTAAATTG,0,4295001
yadI_predicted,0.25,3,3,CTACAACATAGCTACAGTCC,0,4354355
yadI_predicted,0.25,3,3,CTAATGGCATGATTAACCCA,0,4343094
yadI_predicted,0.25,3,3,CTAATGCGCGTGCTGATAGG,0,4301210
yadI_predicted,0.25,3,3,CTAATCTGCATTGGAGGAAT,0,4325951
yadI_predicted,0.25,3,3,CTAATCCGTGCGAAATCATC,0,4299773
yadI_predicted,0.25,3,3,CTAATAATAGATACCAGTAC,0,4351489
yadI_predicted,0.25,3,3,CTAAGTCCGTTCAGCACAAT,0,4307021
yadI_predicted,0.25,3,3,CTAAGTAGAAAACGCCTGTA,0,4302844
yadI_predicted,0.25,3,3,CTAAGGCGATCTGACCGGGA,0,4287290
yadI_predicted,0.25,3,3,CTAACTTCTACGGTTCCCTC,0,4350270
yadI_predicted,0.25,3,3,CTAACACCGGTCCCAAGGGG,0,4367480
yadI_predicted,0.25,3,3,CGTTTGCTCTGGGTTCTAAA,0,4295156
yadI_predicted,0.25,3,3,CGTTTGAGGCCGCTGACCCC,0,4332259
yadI_predicted,0.25,3,3,CGTTTCTCGTGGTGACATTA,0,4339261
yadI_predicted,0.25,3,3,CGTTGGTATAGTTTCTGAGT,0,4313230
yadI_predicted,0.25,3,3,CGTTCTGATTGGTACCGCAG,0,4354287
yadI_predicted,0.25,3,3,CGTTCTGAATTGGCTATTAC,0,4369702
yadI_predicted,0.25,3,3,CGTTCTCACACACGGTAGGA,0,4329452
yadI_predicted,0.25,3,3,CGTTCCTGCACTAGCACCTG,0,4341133
yadI_predicted,0.25,3,3,CGTTATGCGATTCTGACGCT,0,4316280
yadI_predicted,0.25,3,3,CGTTAAGGCACACTGTATTT,0,4344778
yadI_predicted,0.25,3,3,CGTTAAAAACTCGTAAGTTT,0,4318784
yadI_predicted,0.25,3,3,CGTGTTTTATAGTTTAATGT,0,4338284
yadI_predicted,0.25,3,3,CGTGTGTGCAAGCGTGGGTT,0,4330777
yadI_predicted,0.25,3,3,CGTGTGAGTTACTGCAAAGG,0,4345035
yadI_predicted,0.25,3,3,CGTGTCGCTGCTGCTCAGCC,0,4329842
yadI_predicted,0.25,3,3,CGTGGGACTGCTTATAGCGT,0,4320994
yadI_predicted,0.25,3,3,CGTGCTATTCCCAGCCCCGT,0,4337627
yadI_predicted,0.25,3,3,CGTGCGTGTTCGCGTACTCC,0,4315426
yadI_predicted,0.25,3,3,CGTGCCAGAAACAACCAATG,0,4300076
yadI_predicted,0.25,3,3,CGTGCAATGGGCAGCGATCA,0,4290818
yadI_predicted,0.25,3,3,CGTGACTGGCCACCGAGTTG,0,4293519
yadI_predicted,0.25,3,3,CGTGACGTATATGCCAAGAT,0,4346944
yadI_predicted,0.25,3,3,CGTCTTTGTTTACTCTAAAA,0,4304340
yadI_predicted,0.25,3,3,CGTCTTCCCCCCATTTTCAA,0,4335695
yadI_predicted,0.25,3,3,CGTCTGTGCGTCGGCAGAAT,0,4347505
yadI_predicted,0.25,3,3,CGTCTATGAAGACCACGGGA,0,4309376
yadI_predicted,0.25,3,3,CGTCTAGCGGATCGTGAAAT,0,4343326
yadI_predicted,0.25,3,3,CGTCGTAGATGAGGTCCGCA,0,4318493
yadI_predicted,0.25,3,3,CGTCGGATTAGAAACGCAAT,0,4290917
yadI_predicted,0.25,3,3,CGTCCTATCGTCAGTTCGGT,0,4325758
yadI_predicted,0.25,3,3,CGTCAGTGCTGGGGTTAGTC,0,4321453
yadI_predicted,0.25,3,3,CGTCACTTGCCGGACGTTCT,0,4304911
yadI_predicted,0.25,3,3,CGTCAATCTGTATATAACAG,0,4343940
yadI_predicted,0.25,3,3,CGTATGAGCGCTAACCGCGG,0,4317917
yadI_predicted,0.25,3,3,CGTATCTTCAAAGACCATCC,0,4314054
yadI_predicted,0.25,3,3,CGTATCGTGATTAGCCGAAG,0,4286262
yadI_predicted,0.25,3,3,CGTATATAGGTCCGTCTATT,0,4291322
yadI_predicted,0.25,3,3,CGTATACGTCGGGTCTCTCC,0,4295583
yadI_predicted,0.25,3,3,CGTAGGAAAATTATCTGAAA,0,4303129
yadI_predicted,0.25,3,3,CGTAGCCTCTAGTAAAAAAC,0,4369175
yadI_predicted,0.25,3,3,CGTACGCCAGCCGGTTGAGT,0,4310970
yadI_predicted,0.25,3,3,CGTAAAGACTCGCAGGGTGC,0,4340195
yadI_predicted,0.25,3,3,CGTAAACTGGAACGACCTAT,0,4329562
yadI_predicted,0.25,3,3,CGGTGGACTCGAGTGGCCGG,0,4287471
yadI_predicted,0.25,3,3,CGGTGCGCCCAGGGGAGATA,0,4320261
yadI_predicted,0.25,3,3,CGGTGCACATTCTGACCTTT,0,4306539
yadI_predicted,0.25,3,3,CGGTGATCTCCAAAGATACT,0,4347646
yadI_predicted,0.25,3,3,CGGTGACAGTCTCGGGGTAA,0,4358356
yadI_predicted,0.25,3,3,CGGTCCCAGTGCACGGGAAG,0,4299273
yadI_predicted,0.25,3,3,CGGTACGAAACGTATTCAAA,0,4345189
yadI_predicted,0.25,3,3,CGGGTTCGCAGGCCCAGACG,0,4367062
yadI_predicted,0.25,3,3,CGGGGCTCCACAGCGTATAT,0,4366645
yadI_predicted,0.25,3,3,CGGGCCTAACGTGGGAGATT,0,4308953
yadI_predicted,0.25,3,3,CGGGAGCGCGTTTCATAGAT,0,4290999
yadI_predicted,0.25,3,3,CGGGAGAAGTTGCCTGTCTC,0,4289006
yadI_predicted,0.25,3,3,CGGGAAAGTATCTTGTAGTC,0,4287788
yadI_predicted,0.25,3,3,CGGCTGCCCATCCCTCGAGC,0,4368007
yadI_predicted,0.25,3,3,CGGCTACTTGTGCACTCGCA,0,4344871
yadI_predicted,0.25,3,3,CGGCGGTGGGCCTATAAATT,0,4296714
yadI_predicted,0.25,3,3,CGGCCTTTCCGCGTTATCGA,0,4297398
yadI_predicted,0.25,3,3,CGGCCGGAGTTGACAGCGCA,0,4292349
yadI_predicted,0.25,3,3,CGGCCCCTTGGCTAGCACGG,0,4360250
yadI_predicted,0.25,3,3,CGGCATAGTAACCTAGGACC,0,4314424
yadI_predicted,0.25,3,3,CGGCACCGAGTAAATGAGTA,0,4289328
yadI_predicted,0.25,3,3,CGGATTCTGGCAGTGCGTAT,0,4357301
yadI_predicted,0.25,3,3,CGGATGTTTATAATTCAAGC,0,4362106
yadI_predicted,0.25,3,3,CGGATCATACTTGTATAAGG,0,4300693
yadI_predicted,0.25,3,3,CGGATATAGAGACTATACTA,0,4288496
yadI_predicted,0.25,3,3,CGGAGTGGGCCTAGGGGAAC,0,4321372
yadI_predicted,0.25,3,3,CGGAGTAGACAGCATTTCGT,0,4351220
yadI_predicted,0.25,3,3,CGGACTGCGCGCAACATGGC,0,4318274
yadI_predicted,0.25,3,3,CGGACGAAAAACAGCACTCG,0,4290798
yadI_predicted,0.25,3,3,CGGACATCTTAGCTATTCCC,0,4330426
yadI_predicted,0.25,3,3,CGGACAAGTATTAGGTTGGT,0,4348532
yadI_predicted,0.25,3,3,CGGAATCGGTGGTTTGGCAG,0,4315679
yadI_predicted,0.25,3,3,CGCTTGCTATCAGGACACTG,0,4313431
yadI_predicted,0.25,3,3,CGCTTCAGGGTGTTAATAAT,0,4357145
yadI_predicted,0.25,3,3,CGCTTAAGCGGTCTAGCACT,0,4322491
yadI_predicted,0.25,3,3,CGCTGGAGTTGCCTAGGTTT,0,4294210
yadI_predicted,0.25,3,3,CGCTGGAGTGTCGGGTTCCA,0,4296040
yadI_predicted,0.25,3,3,CGCTGATTATAGGATCATTT,0,4350248
yadI_predicted,0.25,3,3,CGCTAGTTGAAAAGTTGCGA,0,4318714
yadI_predicted,0.25,3,3,CGCGTGGAAGCCACTTAAGG,0,4360359
yadI_predicted,0.25,3,3,CGCGTCCCCGGGCAGAGTGA,0,4337284
yadI_predicted,0.25,3,3,CGCGTACTCCGCTCGCGGAA,0,4356708
yadI_predicted,0.25,3,3,CGCGGTGTGCAGCACGGGCG,0,4312263
yadI_predicted,0.25,3,3,CGCGGTCGGGCTAGCGTTCT,0,4365406
yadI_predicted,0.25,3,3,CGCGCTCGGTCTCGGAGCGG,0,4343639
yadI_predicted,0.25,3,3,CGCGCTACTAGATGCGTAGT,0,4367575
yadI_predicted,0.25,3,3,CGCGCGAGCGCCGCGGGTTA,0,4296681
yadI_predicted,0.25,3,3,CGCGCATGCAAGGTGCTCAG,0,4338168
yadI_predicted,0.25,3,3,CGCGACCTTTTTCTTAGCGT,0,4314248
yadI_predicted,0.25,3,3,CGCCTTTCACTTAGTCTATG,0,4306409
yadI_predicted,0.25,3,3,CGCCTTGCTCGTTTCGAATG,0,4367690
yadI_predicted,0.25,3,3,CGCCGTACGCACTGGGCGTC,0,4330631
yadI_predicted,0.25,3,3,CGCCGCGCGGTGGGTTAGCA,0,4357205
yadI_predicted,0.25,3,3,CGCCAGCTCAGCCCTATCGC,0,4326120
yadI_predicted,0.25,3,3,CGCCACCCTCAGTTTTCCGT,0,4305842
yadI_predicted,0.25,3,3,CGCCAATGGCCAGCCTAACC,0,4285969
yadI_predicted,0.25,3,3,CGCATTTTAGAGCCGTCTCC,0,4347207
yadI_predicted,0.25,3,3,CGCATCTCCTCTTCGTATTA,0,4369603
yadI_predicted,0.25,3,3,CGCAGTACACTCGTTCGAAA,0,4290339
yadI_predicted,0.25,3,3,CGCAGGGTTTCAGTGCTTCT,0,4325096
yadI_predicted,0.25,3,3,CGCAGGCGTATACTGGGCGA,0,4349800
yadI_predicted,0.25,3,3,CGCAGATTAATTGCGCTGTT,0,4359428
yadI_predicted,0.25,3,3,CGCACTACGGGTCTAATCGC,0,4309358
yadI_predicted,0.25,3,3,CGCAATGGGAAACTGCATGC,0,4295229
yadI_predicted,0.25,3,3,CGCAAGGTACTGTGAGATGT,0,4350429
yadI_predicted,0.25,3,3,CGATTTGTGTTCCAGAACCG,0,4294219
yadI_predicted,0.25,3,3,CGATGTGGTCGTCGGGATTT,0,4295798
yadI_predicted,0.25,3,3,CGATGCTTGTTGGCCTTCGA,0,4317036
yadI_predicted,0.25,3,3,CGATGCCGTTACGATTCCAA,0,4334110
yadI_predicted,0.25,3,3,CGATCGAGGTGAGTAGGTAG,0,4369967
yadI_predicted,0.25,3,3,CGATAGCGGTGTCTCGTAAA,0,4288823
yadI_predicted,0.25,3,3,CGATACAAGTGGTTCTGGCA,0,4320215
yadI_predicted,0.25,3,3,CGAGGTTGGCACTGTCGGCC,0,4342735
yadI_predicted,0.25,3,3,CGAGGGAAGATCGCCTACCT,0,4329762
yadI_predicted,0.25,3,3,CGAGGCCGCTCACAGTTGCA,0,4363529
yadI_predicted,0.25,3,3,CGAGGATCTCTAGCTGACCA,0,4295278
yadI_predicted,0.25,3,3,CGAGCGTCAAGTTGATCTTC,0,4300731
yadI_predicted,0.25,3,3,CGAGATTCTGATGGCACATT,0,4363947
yadI_predicted,0.25,3,3,CGAGAGGCCATGCGGTGCGA,0,4328769
yadI_predicted,0.25,3,3,CGAGAGCAGAGCCTTCGACT,0,4303556
yadI_predicted,0.25,3,3,CGAGACAAACGGCATTTGTG,0,4299613
yadI_predicted,0.25,3,3,CGAGAAGGTTGTTGGAGCAA,0,4305920
yadI_predicted,0.25,3,3,CGAGAAAATTCTGTGTCAGT,0,4339501
yadI_predicted,0.25,3,3,CGACTGATCTTACTTGCTAG,0,4308446
yadI_predicted,0.25,3,3,CGACGTGCACGCTGCTGTCA,0,4314391
yadI_predicted,0.25,3,3,CGACGGATCGCAAAAATTGT,0,4302824
yadI_predicted,0.25,3,3,CGACCGGTAAGGTGTTTTCG,0,4307145
yadI_predicted,0.25,3,3,CGACCCACCCTACTCATAGG,0,4354487
yadI_predicted,0.25,3,3,CGACCAGAATAAGCTTAGAG,0,4326836
yadI_predicted,0.25,3,3,CGACATAGGATGTGATATGT,0,4352038
yadI_predicted,0.25,3,3,CGACAGACACATAATCTGCG,0,4329252
yadI_predicted,0.25,3,3,CGACAATTTTATCACACCGG,0,4368493
yadI_predicted,0.25,3,3,CGAATTTGACGTCACATGAT,0,4291053
yadI_predicted,0.25,3,3,CGAATGCTGCCTCGCGACAA,0,4359533
yadI_predicted,0.25,3,3,CGAATCTCCCCCTTTTTATT,0,4328700
yadI_predicted,0.25,3,3,CGAACCCATTATATTGAACC,0,4333258
yadI_predicted,0.25,3,3,CCTTTCCTGTATTCGGTAGA,0,4365891
yadI_predicted,0.25,3,3,CCTTTAGGGGTTGAATTTTT,0,4285813
yadI_predicted,0.25,3,3,CCTTTAGATGCAGAGCCCGT,0,4292227
yadI_predicted,0.25,3,3,CCTTGTCTTTACGGAAACGG,0,4297953
yadI_predicted,0.25,3,3,CCTTGGATTGGTAGACACTA,0,4327489
yadI_predicted,0.25,3,3,CCTTGCCACATTCCCTGGCC,0,4329790
yadI_predicted,0.25,3,3,CCTTGACACTGCCCACCCTT,0,4303745
yadI_predicted,0.25,3,3,CCTTCAGGCCAGCTCTATTA,0,4313862
yadI_predicted,0.25,3,3,CCTTATGTGATCCAGATATT,0,4369440
yadI_predicted,0.25,3,3,CCTTACATAAATCGGCCAGG,0,4368064
yadI_predicted,0.25,3,3,CCTTAACAGATCAAACGGAA,0,4298091
yadI_predicted,0.25,3,3,CCTTAACAAAATCGTAATAC,0,4313939
yadI_predicted,0.25,3,3,CCTGTAATCTAGGCGCCCGC,0,4356979
yadI_predicted,0.25,3,3,CCTGGGTATATATTTTGGGA,0,4316360
yadI_predicted,0.25,3,3,CCTGGGGCAACTGGACCCGA,0,4333560
yadI_predicted,0.25,3,3,CCTGCGCGCCAACGGGACAC,0,4301922
yadI_predicted,0.25,3,3,CCTGCAGACTGGCACATTCG,0,4307389
yadI_predicted,0.25,3,3,CCTCGTCACCCGGGTTCGAA,0,4366526
yadI_predicted,0.25,3,3,CCTCGTATGCGCGCAACAGT,0,4344686
yadI_predicted,0.25,3,3,CCTCGGGCCTGTCCCAGGCG,0,4342742
yadI_predicted,0.25,3,3,CCTCGAATGGGGGAATCGTT,0,4301168
yadI_predicted,0.25,3,3,CCTCATGGTATGGATATTAT,0,4319502
yadI_predicted,0.25,3,3,CCTCATGAAGATGATTGAGG,0,4344903
yadI_predicted,0.25,3,3,CCTATGTGTGTATACAGTTT,0,4307451
yadI_predicted,0.25,3,3,CCTAGTTACCCTCATCCACA,0,4321020
yadI_predicted,0.25,3,3,CCTAGTGCCCGACTCGTATG,0,4366166
yadI_predicted,0.25,3,3,CCTAGTCCATGATTTTAAAA,0,4336524
yadI_predicted,0.25,3,3,CCTAGTACAAATAACGCGAT,0,4361481
yadI_predicted,0.25,3,3,CCTAGGCGTTTACGCTACAG,0,4327677
yadI_predicted,0.25,3,3,CCTAGCTATCGAGGTTTTGT,0,4309665
yadI_predicted,0.25,3,3,CCTAGATTGTGCGGCATTAC,0,4303692
yadI_predicted,0.25,3,3,CCTAGAGTCATAACGGCCCC,0,4365284
yadI_predicted,0.25,3,3,CCTACCCCAGCACTGTTAGG,0,4342083
yadI_predicted,0.25,3,3,CCTACCATGGGCGACCTGGT,0,4315027
yadI_predicted,0.25,3,3,CCTAATCCGCCAGAGCTGCA,0,4339773
yadI_predicted,0.25,3,3,CCTAAGCTGAGCCCCTTAGG,0,4335351
yadI_predicted,0.25,3,3,CCGTTGCGTGGACGTTGCGT,0,4318172
yadI_predicted,0.25,3,3,CCGTTAGGGATGGGGCTTGT,0,4325529
yadI_predicted,0.25,3,3,CCGTCTTCGCTCGGTGACTT,0,4321031
yadI_predicted,0.25,3,3,CCGTCCCATGCTGACGTTGT,0,4344495
yadI_predicted,0.25,3,3,CCGTCCAACTCAAATAGATG,0,4308693
yadI_predicted,0.25,3,3,CCGTCAGAGGGCTAAGGCCC,0,4293274
yadI_predicted,0.25,3,3,CCGTCAAGAACCCTGTCTTC,0,4351555
yadI_predicted,0.25,3,3,CCGTATTTAAGGCTGGAAAA,0,4329651
yadI_predicted,0.25,3,3,CCGTATGCGAAACGTCAAAT,0,4367086
yadI_predicted,0.25,3,3,CCGGTGGAAATGGGCCACGT,0,4321236
yadI_predicted,0.25,3,3,CCGGTCTGGGCGATTCATCC,0,4338941
yadI_predicted,0.25,3,3,CCGGTACTGCGATCCCTGAC,0,4319758
yadI_predicted,0.25,3,3,CCGGCAGCTCGGTGTCTCAA,0,4292462
yadI_predicted,0.25,3,3,CCGGAGCTACGCTCATGACT,0,4352831
yadI_predicted,0.25,3,3,CCGCTGGCTGTCCGTGACGG,0,4342503
yadI_predicted,0.25,3,3,CCGCTCAGATGTTACGGTTT,0,4316103
yadI_predicted,0.25,3,3,CCGCGAATGTAAGGGCTGAC,0,4317016
yadI_predicted,0.25,3,3,CCGCCCGAAGATCAGGCACA,0,4317285
yadI_predicted,0.25,3,3,CCGCCAGGGGTTCACAGAAA,0,4299419
yadI_predicted,0.25,3,3,CCGCATTCAGGTGATTCCCC,0,4300383
yadI_predicted,0.25,3,3,CCGCAAACCAACTATTAGTC,0,4323780
yadI_predicted,0.25,3,3,CCGAGTAAGTGCAGACAAAG,0,4366381
yadI_predicted,0.25,3,3,CCGAGGATTAGCTACAAACC,0,4309572
yadI_predicted,0.25,3,3,CCGACCAGCACAAAGATCGC,0,4334792
yadI_predicted,0.25,3,3,CCGACAATAGTCGGAAATCA,0,4301404
yadI_predicted,0.25,3,3,CCGAAATTATAGGATCGGCG,0,4336201
yadI_predicted,0.25,3,3,CCCTTTCCTATATAGACATA,0,4286863
yadI_predicted,0.25,3,3,CCCTGTTCGTCTATGTGCTT,0,4319504
yadI_predicted,0.25,3,3,CCCTGCACGGTTAGTACGGC,0,4353263
yadI_predicted,0.25,3,3,CCCTCTAGGAGTGGGATACG,0,4295246
yadI_predicted,0.25,3,3,CCCTCGTACATCGCACTTAC,0,4358932
yadI_predicted,0.25,3,3,CCCTCGGCGTACTAAGACAG,0,4353818
yadI_predicted,0.25,3,3,CCCTCCGGAGAACTGCGTGC,0,4357546
yadI_predicted,0.25,3,3,CCCTCCAAGTTACAATGGTA,0,4321771
yadI_predicted,0.25,3,3,CCCTCAGATGCCCCCCCAAA,0,4359060
yadI_predicted,0.25,3,3,CCCTCACCTCTTTTTAGCTA,0,4307713
yadI_predicted,0.25,3,3,CCCTAAATTGGGACAGCATA,0,4366577
yadI_predicted,0.25,3,3,CCCGTCTAAGTACGTATTGC,0,4305267
yadI_predicted,0.25,3,3,CCCGTAGGGAGCTCAATATC,0,4321939
yadI_predicted,0.25,3,3,CCCGGGGAAGTGATGCGACC,0,4359455
yadI_predicted,0.25,3,3,CCCGGAGACCGTGACTGTGG,0,4308110
yadI_predicted,0.25,3,3,CCCGCTAGCCCGTGTGGTTA,0,4351681
yadI_predicted,0.25,3,3,CCCGCGAACTTTCAACTTAG,0,4332576
yadI_predicted,0.25,3,3,CCCGCAGGAGGGCGAGCCAC,0,4342161
yadI_predicted,0.25,3,3,CCCGATCGTGGGGATTCATA,0,4326180
yadI_predicted,0.25,3,3,CCCCTCCTGCGTGTGTCAGT,0,4287182
yadI_predicted,0.25,3,3,CCCCGTTGCGCTACGGGAAA,0,4327550
yadI_predicted,0.25,3,3,CCCCGATGAGTTGATCTGCG,0,4327924
yadI_predicted,0.25,3,3,CCCCCGACCACGTTGGCAAG,0,4313764
yadI_predicted,0.25,3,3,CCCCCCAGGAGCAAGTGAAC,0,4323963
yadI_predicted,0.25,3,3,CCCCCACAGCAGAGCACTTA,0,4339645
yadI_predicted,0.25,3,3,CCCCATAGAGAGCGGCGCCT,0,4360768
yadI_predicted,0.25,3,3,CCCCACACGGTGTTAGGTGG,0,4323956
yadI_predicted,0.25,3,3,CCCCACAAAGTTTCGCTATA,0,4301876
yadI_predicted,0.25,3,3,CCCCAAGTGGGACAGAGGTG,0,4307206
yadI_predicted,0.25,3,3,CCCATGGTAAAAATTCTTGT,0,4316268
yadI_predicted,0.25,3,3,CCCAGTACATTCGGTAGCGT,0,4367584
yadI_predicted,0.25,3,3,CCCAGCAAATCGGGCAGACG,0,4306877
yadI_predicted,0.25,3,3,CCCAGAAAGTCTAGATAGTC,0,4334402
yadI_predicted,0.25,3,3,CCCACTATCCTATTCGGGCT,0,4349940
yadI_predicted,0.25,3,3,CCCAAGCCGATGGGTGGCCT,0,4289274
yadI_predicted,0.25,3,3,CCCAACTATTGTTCGGCGCA,0,4288238
yadI_predicted,0.25,3,3,CCCAAACATCTTACATTGGG,0,4334324
yadI_predicted,0.25,3,3,CCATTGCCCATACTTGAATC,0,4362923
yadI_predicted,0.25,3,3,CCATTGATCGAAAGCCAGGT,0,4310657
yadI_predicted,0.25,3,3,CCATTCCGACACGCAGGTAT,0,4357153
yadI_predicted,0.25,3,3,CCATTCAGGGCACGCCAACG,0,4361198
yadI_predicted,0.25,3,3,CCATGGCTCTTGTTGTTTCT,0,4294909
yadI_predicted,0.25,3,3,CCATGGCATGCTCGCCGGCG,0,4364664
yadI_predicted,0.25,3,3,CCATGCACGTCAGGGAATAG,0,4312180
yadI_predicted,0.25,3,3,CCATCGAATGGGGGGCGCTC,0,4308825
yadI_predicted,0.25,3,3,CCATCCTCGTCCGAGAGTGT,0,4311787
yadI_predicted,0.25,3,3,CCATCCCTCCCCTTTCGGAG,0,4295947
yadI_predicted,0.25,3,3,CCATAACTCCCCTTAAACTT,0,4363241
yadI_predicted,0.25,3,3,CCAGTTTCAACCTCTACAAC,0,4315681
yadI_predicted,0.25,3,3,CCAGTGGTTCTTAAAGAGTT,0,4286003
yadI_predicted,0.25,3,3,CCAGTCATTGTTGATATCGC,0,4346309
yadI_predicted,0.25,3,3,CCAGTCAACTGTTCGTCGAT,0,4307096
yadI_predicted,0.25,3,3,CCAGTATCGTCTTACTGGCC,0,4295414
yadI_predicted,0.25,3,3,CCAGGGAATAGCTCGGAGAT,0,4342076
yadI_predicted,0.25,3,3,CCAGGCCCTTCTTTTCCAAT,0,4321053
yadI_predicted,0.25,3,3,CCAGCGTTAAGCCATCTATC,0,4354734
yadI_predicted,0.25,3,3,CCAGCGGTGGGCAGACGAAA,0,4362971
yadI_predicted,0.25,3,3,CCAGCATAGTTGTAAAAGCA,0,4318194
yadI_predicted,0.25,3,3,CCAGCACCGTGGTCCTATAT,0,4287281
yadI_predicted,0.25,3,3,CCAGACTCGCGGTAGTAGAT,0,4315266
yadI_predicted,0.25,3,3,CCAGACACTGGTATCGCTCT,0,4362529
yadI_predicted,0.25,3,3,CCACTTACCCAGTGAGCGAC,0,4302994
yadI_predicted,0.25,3,3,CCACGGAAACTTTTTCCACG,0,4321685
yadI_predicted,0.25,3,3,CCACGCATCGGCCGTAATGC,0,4331241
yadI_predicted,0.25,3,3,CCACCCGATTAGCAAATAAA,0,4330146
yadI_predicted,0.25,3,3,CCACCAGGCCAAAACGTGTT,0,4349149
yadI_predicted,0.25,3,3,CCACAGCAGACTCTGGTGTC,0,4309962
yadI_predicted,0.25,3,3,CCACAGAGGTGACTGTCATA,0,4316496
yadI_predicted,0.25,3,3,CCACACGCAACTCGGATGGC,0,4316819
yadI_predicted,0.25,3,3,CCACAAGCCTATGGGAAATA,0,4339477
yadI_predicted,0.25,3,3,CCAAGTCCAGAAGAATTTAT,0,4319077
yadI_predicted,0.25,3,3,CCAAGTAGCACAATACCTAC,0,4287640
yadI_predicted,0.25,3,3,CCAAGGCAAAGTTCAGCATT,0,4341030
yadI_predicted,0.25,3,3,CCAAGCTAAGTCTTAAAGGT,0,4285735
yadI_predicted,0.25,3,3,CCAAGCATAATACGATGTAC,0,4352294
yadI_predicted,0.25,3,3,CCAAGATGACCTTCAGCTGT,0,4289068
yadI_predicted,0.25,3,3,CCAACTTGTACGGTTCTGCT,0,4332089
yadI_predicted,0.25,3,3,CCAACGCAGCTCCAATTACT,0,4349796
yadI_predicted,0.25,3,3,CCAACCTGGCGAACAACTGA,0,4294750
yadI_predicted,0.25,3,3,CCAAAACAGCGGATTTAATC,0,4290297
yadI_predicted,0.25,3,3,CATTTATAAACTGGACCTCA,0,4338183
yadI_predicted,0.25,3,3,CATTGATTAAAAGCATCTAT,0,4345064
yadI_predicted,0.25,3,3,CATTCTCCATTTATCTCTGC,0,4330510
yadI_predicted,0.25,3,3,CATTCCCAGTCCCCCTATGA,0,4304313
yadI_predicted,0.25,3,3,CATTATGTCGGTGATCACCT,0,4340640
yadI_predicted,0.25,3,3,CATTAACTGTGCCTTTCGTT,0,4365011
yadI_predicted,0.25,3,3,CATGTCTTACGGTAGCAAAC,0,4307740
yadI_predicted,0.25,3,3,CATGTCTGAAATAAGGGTGG,0,4367552
yadI_predicted,0.25,3,3,CATGTAATCTTATCGCAGCT,0,4352453
yadI_predicted,0.25,3,3,CATGCGGTATAGTGATCACA,0,4347520
yadI_predicted,0.25,3,3,CATGCCGAGTATCTCGATAT,0,4364068
yadI_predicted,0.25,3,3,CATGAGTTGCCCTGTTTGTG,0,4357737
yadI_predicted,0.25,3,3,CATGAGTACTTCCCACCATT,0,4297893
yadI_predicted,0.25,3,3,CATGAGGGAGTCGGTGGCGG,0,4308682
yadI_predicted,0.25,3,3,CATCTTTTAACAAACTTAGG,0,4315656
yadI_predicted,0.25,3,3,CATCTCAAAGTCTTTGTAGC,0,4294301
yadI_predicted,0.25,3,3,CATCTAGAAGCTGAGTTAGT,0,4306000
yadI_predicted,0.25,3,3,CATCGATCTAATCCAGCGTT,0,4292053
yadI_predicted,0.25,3,3,CATCGACTGCTTCGGGTGGT,0,4295391
yadI_predicted,0.25,3,3,CATCCTCTATCTGGGGGAAT,0,4313930
yadI_predicted,0.25,3,3,CATCCTCGCCGTGATTTAAC,0,4367026
yadI_predicted,0.25,3,3,CATCCCGTCGTAACCGACAA,0,4291933
yadI_predicted,0.25,3,3,CATCCCACGTTGTTTGTCCA,0,4332040
yadI_predicted,0.25,3,3,CATCCATGTTAGCAAAGTGT,0,4340142
yadI_predicted,0.25,3,3,CATCACTATTCTGTCTAGGC,0,4285144
yadI_predicted,0.25,3,3,CATCACCGGGGGTGGGAAAC,0,4365774
yadI_predicted,0.25,3,3,CATCACAGGCGCCGGCAAAA,0,4333597
yadI_predicted,0.25,3,3,CATAGGTTAATGAGACAGTC,0,4355270
yadI_predicted,0.25,3,3,CATAGGGATTTTCATCCCCT,0,4290841
yadI_predicted,0.25,3,3,CATAGAGAGCCTCACTGTAT,0,4307325
yadI_predicted,0.25,3,3,CATACGTTCAGTAAATGGCG,0,4364951
yadI_predicted,0.25,3,3,CATACACCAATGATAAGGTT,0,4357823
yadI_predicted,0.25,3,3,CAGTTTTCCCGAATCCAATA,0,4367618
yadI_predicted,0.25,3,3,CAGTTAGGCGAAAAGTCAGT,0,4324456
yadI_predicted,0.25,3,3,CAGTTAGATGTGTTCGCAGG,0,4362764
yadI_predicted,0.25,3,3,CAGTGTGACCAAACGTACAG,0,4367878
yadI_predicted,0.25,3,3,CAGTGTATCCATACCAGCGA,0,4323979
yadI_predicted,0.25,3,3,CAGTATTTAAGCCAAATTAC,0,4351227
yadI_predicted,0.25,3,3,CAGTACGGGGGACGGAGACA,0,4337358
yadI_predicted,0.25,3,3,CAGGTATTAAGAGATCGTCT,0,4368578
yadI_predicted,0.25,3,3,CAGGTAAATGGGCAACCCGG,0,4354576
yadI_predicted,0.25,3,3,CAGGGCGCATGTATCTGCAT,0,4317517
yadI_predicted,0.25,3,3,CAGGGCACCTCTTGCCTCGT,0,4289582
yadI_predicted,0.25,3,3,CAGGCGTGCGTGCAACTTCT,0,4312184
yadI_predicted,0.25,3,3,CAGGCCGGGCTGCCTTTGGG,0,4313369
yadI_predicted,0.25,3,3,CAGGCCATCACTAGGCTTCA,0,4323124
yadI_predicted,0.25,3,3,CAGGATCCCTCATGTTGAGG,0,4338372
yadI_predicted,0.25,3,3,CAGCTCTTAGTTGTATCTGT,0,4366787
yadI_predicted,0.25,3,3,CAGCGTCGAGCGTGCTCGAC,0,4362610
yadI_predicted,0.25,3,3,CAGCGGATGCATACTCCTGT,0,4304102
yadI_predicted,0.25,3,3,CAGCGACACATGAGTTCAAT,0,4287249
yadI_predicted,0.25,3,3,CAGCCGGTGCTATGCTAAAA,0,4313646
yadI_predicted,0.25,3,3,CAGCAGGCAGATCAAGTCTC,0,4313554
yadI_predicted,0.25,3,3,CAGCACCGAACCCGGGGCAT,0,4322148
yadI_predicted,0.25,3,3,CAGCACCCTGGCAGTATCTT,0,4306461
yadI_predicted,0.25,3,3,CAGCAACGGGTTCTCATCCG,0,4368313
yadI_predicted,0.25,3,3,CAGATTGTCTAGCTACGCAT,0,4287423
yadI_predicted,0.25,3,3,CAGATGCACACTAGCACTTC,0,4323125
yadI_predicted,0.25,3,3,CAGAGTGATTTACATCTTTC,0,4347303
yadI_predicted,0.25,3,3,CAGACGGGAACGAGTATTAA,0,4319739
yadI_predicted,0.25,3,3,CAGACCGTGTGATAGAAGCC,0,4331063
yadI_predicted,0.25,3,3,CAGACCGTCAACTATTACTA,0,4357814
yadI_predicted,0.25,3,3,CAGACCACGTCTCGGAATCC,0,4309949
yadI_predicted,0.25,3,3,CAGAATTTTTAACGCGCAAC,0,4314003
yadI_predicted,0.25,3,3,CACTTGCTAAATCTCATTTA,0,4309153
yadI_predicted,0.25,3,3,CACTTAGGAAATGCTACTTT,0,4325993
yadI_predicted,0.25,3,3,CACTGTTGAGGTGCTCCGTA,0,4300658
yadI_predicted,0.25,3,3,CACTGCGTGTACTCCCACCA,0,4325402
yadI_predicted,0.25,3,3,CACTGCAGGCTTGATCAGTA,0,4298132
yadI_predicted,0.25,3,3,CACTATCCTCGACGGTTTTT,0,4313437
yadI_predicted,0.25,3,3,CACGTTGTTTCTTGAATGAC,0,4332671
yadI_predicted,0.25,3,3,CACGTTAAATGTGCGTTTTC,0,4321184
yadI_predicted,0.25,3,3,CACGTCTCTTGTCGTAATAT,0,4357278
yadI_predicted,0.25,3,3,CACGTCGCGCGTGTTCGCTT,0,4356170
yadI_predicted,0.25,3,3,CACGTCAGGTTAGTATTGAA,0,4340376
yadI_predicted,0.25,3,3,CACGTAACGGAGAGACAGCC,0,4355648
yadI_predicted,0.25,3,3,CACGGGTGACGCCGCAGTAG,0,4369973
yadI_predicted,0.25,3,3,CACGGGAGGGTGAAAGGAAT,0,4315914
yadI_predicted,0.25,3,3,CACGGAAAAATTGGGCAAAG,0,4326542
yadI_predicted,0.25,3,3,CACGCCGTGCCATTCAATTT,0,4301332
yadI_predicted,0.25,3,3,CACGATTGCAGATTTCCATC,0,4350900
yadI_predicted,0.25,3,3,CACCTTACTCTTTGAAGGTC,0,4330439
yadI_predicted,0.25,3,3,CACCTCGTACCACTCTATCT,0,4290119
yadI_predicted,0.25,3,3,CACCTATAGGATTTTAGCCA,0,4344475
yadI_predicted,0.25,3,3,CACCGTGGGCATGCGGCTAA,0,4355449
yadI_predicted,0.25,3,3,CACCGGCACCTTTTGAACAA,0,4310527
yadI_predicted,0.25,3,3,CACCGCCCATCGGAAACCGC,0,4357994
yadI_predicted,0.25,3,3,CACCGAGGACGGCGCACGCC,0,4357954
yadI_predicted,0.25,3,3,CACCGAATGACGCCCCATGA,0,4305476
yadI_predicted,0.25,3,3,CACCCTCAGCACGCGGTCTA,0,4369339
yadI_predicted,0.25,3,3,CACCCGTGCAGACCCGATCT,0,4314777
yadI_predicted,0.25,3,3,CACCCAGGGATCTAGAGTTA,0,4293693
yadI_predicted,0.25,3,3,CACCCAAGATCCCATATAGT,0,4304021
yadI_predicted,0.25,3,3,CACCAGGCCAGTGACTATAC,0,4366608
yadI_predicted,0.25,3,3,CACATGTCTGGGTACAGACT,0,4363682
yadI_predicted,0.25,3,3,CACATCCGAAGAAACACTAG,0,4321655
yadI_predicted,0.25,3,3,CACATAGGTCGTAGCATCCA,0,4351773
yadI_predicted,0.25,3,3,CACACTTTAAAGTCCTTTTA,0,4333422
yadI_predicted,0.25,3,3,CACACTTCACGGTTTGTCGC,0,4329616
yadI_predicted,0.25,3,3,CACACTGATAAAATTGGCTT,0,4356589
yadI_predicted,0.25,3,3,CACAAGGAGTCCGGGGTATC,0,4353265
yadI_predicted,0.25,3,3,CACAACCTCGAGCGTGGTCC,0,4300562
yadI_predicted,0.25,3,3,CAATTGTTATGACTTATGAG,0,4302456
yadI_predicted,0.25,3,3,CAATTCTTTCTGCGGGAGCT,0,4321751
yadI_predicted,0.25,3,3,CAATGTACGCCACATATGCT,0,4346637
yadI_predicted,0.25,3,3,CAATGCATGTGAGTATACTA,0,4344572
yadI_predicted,0.25,3,3,CAATGAGCTTTATGCGCGCC,0,4315924
yadI_predicted,0.25,3,3,CAATACGAGGAGTCCAATCA,0,4353593
yadI_predicted,0.25,3,3,CAATAAGAGTTCCTGTCCGT,0,4315670
yadI_predicted,0.25,3,3,CAATAAACCTCCGGTCATTC,0,4314178
yadI_predicted,0.25,3,3,CAAGTTATATCCTATTCACG,0,4369107
yadI_predicted,0.25,3,3,CAAGTCTCCGAATTACGCCT,0,4306828
yadI_predicted,0.25,3,3,CAAGTCCGATTACCGCAGGG,0,4362975
yadI_predicted,0.25,3,3,CAAGTAGCTCAGGTGGGCAA,0,4321375
yadI_predicted,0.25,3,3,CAAGGGGGGGGCGCCTGAAT,0,4357425
yadI_predicted,0.25,3,3,CAAGGACACACAGGGGGAGG,0,4323619
yadI_predicted,0.25,3,3,CAAGCTAAATGTCATGTCAA,0,4309875
yadI_predicted,0.25,3,3,CAAGCAGTAACTCAAGGCGA,0,4357312
yadI_predicted,0.25,3,3,CAAGATATTAGGCCCTTTCT,0,4295695
yadI_predicted,0.25,3,3,CAAGACCAATGCGAGGGATA,0,4356528
yadI_predicted,0.25,3,3,CAACTGTGAATTATATAACA,0,4352365
yadI_predicted,0.25,3,3,CAACTCTGGGCAAGTGGCTC,0,4336933
yadI_predicted,0.25,3,3,CAACGTTCAAGTCCTTCGGG,0,4357773
yadI_predicted,0.25,3,3,CAACGGATGTGTCCTTTCCG,0,4308887
yadI_predicted,0.25,3,3,CAACGATTATCACGCACAGC,0,4308797
yadI_predicted,0.25,3,3,CAACAGTACATGCTCGGTTA,0,4314447
yadI_predicted,0.25,3,3,CAACACTGTCGGGCTCTGTC,0,4312210
yadI_predicted,0.25,3,3,CAAATAGACAGGAACGATAT,0,4317823
yadI_predicted,0.25,3,3,CAAAGGTCAAACTGTAATCG,0,4285049
yadI_predicted,0.25,3,3,CAAAGGGAGGCTTCATTAAC,0,4340565
yadI_predicted,0.25,3,3,CAAACCGGCGTATTAGGACT,0,4343389
yadI_predicted,0.25,3,3,CAAACACTTACGAGCATCTT,0,4327806
yadI_predicted,0.25,3,3,CAAAAGTGCTCAAGCGAGCA,0,4285330
yadI_predicted,0.25,3,3,CAAAACAAGCAAGTCAATTT,0,4360483
yadI_predicted,0.25,3,3,ATTTTCCTTGGGGCCATATT,0,4313514
yadI_predicted,0.25,3,3,ATTTTCATTGGCTTCGAATC,0,4310508
yadI_predicted,0.25,3,3,ATTTGCCATTGCGTAATAAA,0,4340388
yadI_predicted,0.25,3,3,ATTTCTTCGAGCAAAGAATG,0,4306749
yadI_predicted,0.25,3,3,ATTTCGGGATGTCGATGAGC,0,4337449
yadI_predicted,0.25,3,3,ATTTAGGGTCAGTTGGGTGT,0,4365543
yadI_predicted,0.25,3,3,ATTTACGCTCGGGTAAGCTC,0,4316627
yadI_predicted,0.25,3,3,ATTTACGCATCACCCAGTGG,0,4304593
yadI_predicted,0.25,3,3,ATTTAAGGGTGTAATCCTGC,0,4351913
yadI_predicted,0.25,3,3,ATTGTTTGTTCATGTCCCCT,0,4306625
yadI_predicted,0.25,3,3,ATTGTGTACTATGCTAGCTA,0,4341336
yadI_predicted,0.25,3,3,ATTGTCAGCAACTAGCTAGA,0,4295370
yadI_predicted,0.25,3,3,ATTGCAATCCTAGTACTGGG,0,4292743
yadI_predicted,0.25,3,3,ATTGATCAACATGGATTAGA,0,4306460
yadI_predicted,0.25,3,3,ATTGAACGCTACGGGCGAGG,0,4354775
yadI_predicted,0.25,3,3,ATTGAAAGTTTAATACGAGG,0,4348161
yadI_predicted,0.25,3,3,ATTCTCGAACCTGAAGGTAT,0,4310885
yadI_predicted,0.25,3,3,ATTCTACCGAGGTACAGCGA,0,4341924
yadI_predicted,0.25,3,3,ATTCTACAACTAGGTGCCAG,0,4330298
yadI_predicted,0.25,3,3,ATTCGCCGCGACAGGCTCCA,0,4306932
yadI_predicted,0.25,3,3,ATTCGCCAGAGAATAGGTCA,0,4307628
yadI_predicted,0.25,3,3,ATTCGCATCAATTGGGGCCG,0,4305603
yadI_predicted,0.25,3,3,ATTCCGGGGTCAAGGGGTGG,0,4337024
yadI_predicted,0.25,3,3,ATTCCCGTCGTCACGGGCGG,0,4340703
yadI_predicted,0.25,3,3,ATTCCACGAATATGCACCCC,0,4291762
yadI_predicted,0.25,3,3,ATTCATCATAGCGCCCATTG,0,4364913
yadI_predicted,0.25,3,3,ATTCAGATTAAGATTATATA,0,4339818
yadI_predicted,0.25,3,3,ATTCAAGAGTTTTTGGGAGT,0,4349340
yadI_predicted,0.25,3,3,ATTATTTGCATCTGAATGAA,0,4364593
yadI_predicted,0.25,3,3,ATTATTGACGTACACGCGGT,0,4311716
yadI_predicted,0.25,3,3,ATTATTCAAGAGGGCGCATG,0,4344485
yadI_predicted,0.25,3,3,ATTATGGAAGAGGCTTTTCC,0,4307900
yadI_predicted,0.25,3,3,ATTATGCGAGTGATAAAGTT,0,4350070
yadI_predicted,0.25,3,3,ATTATAATACTAGGAGAGTG,0,4295862
yadI_predicted,0.25,3,3,ATTAGAGTTTAAATTCAGAT,0,4287671
yadI_predicted,0.25,3,3,ATTACTTTATGTAATATGTT,0,4347725
yadI_predicted,0.25,3,3,ATTACGGTATTCAAAATCCT,0,4334475
yadI_predicted,0.25,3,3,ATTACGCCTGGTGAGTGTGG,0,4314076
yadI_predicted,0.25,3,3,ATTACCCCCCTCATGTATGC,0,4337995
yadI_predicted,0.25,3,3,ATTACAAAGGAGGCGGGTAC,0,4342934
yadI_predicted,0.25,3,3,ATTAATGAATTTTCTAGTTT,0,4313827
yadI_predicted,0.25,3,3,ATTAAGCAGCATTGTGCGGG,0,4316043
yadI_predicted,0.25,3,3,ATGTTGTGCATGGGCCGCGA,0,4340697
yadI_predicted,0.25,3,3,ATGTTCTATCGGCTTAACGC,0,4292982
yadI_predicted,0.25,3,3,ATGTGTACAAGTCCAAAAGC,0,4364478
yadI_predicted,0.25,3,3,ATGTGGCTGTGTGCCGGATG,0,4316946
yadI_predicted,0.25,3,3,ATGTGCGGAGGTCCCAACTC,0,4337233
yadI_predicted,0.25,3,3,ATGTCATTTAGAGGCAGCTG,0,4292419
yadI_predicted,0.25,3,3,ATGTCATAGTTTCTACCGAC,0,4326121
yadI_predicted,0.25,3,3,ATGTCAAACAGAGCCAGGCT,0,4352338
yadI_predicted,0.25,3,3,ATGTACTCAGATACAGAGTC,0,4346044
yadI_predicted,0.25,3,3,ATGTAAGTTTCGGTTAATAG,0,4307614
yadI_predicted,0.25,3,3,ATGTAACTCCAGACATACAT,0,4309107
yadI_predicted,0.25,3,3,ATGGTTGCTGAACTGGACAG,0,4299741
yadI_predicted,0.25,3,3,ATGGTCCTTAGGATTATCAT,0,4316363
yadI_predicted,0.25,3,3,ATGGGGCTGCCAGCATCGAA,0,4322515
yadI_predicted,0.25,3,3,ATGGGGACGCCCTGTGTCAA,0,4327789
yadI_predicted,0.25,3,3,ATGGGGAAATAAGGTCACAA,0,4293725
yadI_predicted,0.25,3,3,ATGGCTTACGGTCGCAGTCT,0,4311924
yadI_predicted,0.25,3,3,ATGGCTCGTACAGTTAGCAT,0,4348992
yadI_predicted,0.25,3,3,ATGGCGACTAATAAGTCTGA,0,4350878
yadI_predicted,0.25,3,3,ATGGCAGCGTGATCCAAAGA,0,4307539
yadI_predicted,0.25,3,3,ATGGATAACTAGGTATTGTC,0,4291686
yadI_predicted,0.25,3,3,ATGGACGGCCCAAGGGCCAT,0,4352346
yadI_predicted,0.25,3,3,ATGGAAGGAGGTGGGACCTC,0,4327223
yadI_predicted,0.25,3,3,ATGCGTTCAGACTTCTTCAC,0,4359924
yadI_predicted,0.25,3,3,ATGCGGTTGGACCTCTTTTA,0,4365906
yadI_predicted,0.25,3,3,ATGCGGTGCCTCTAGGTCCA,0,4352633
yadI_predicted,0.25,3,3,ATGCGGGGTAGGATGATCCT,0,4332299
yadI_predicted,0.25,3,3,ATGCGGCTTGTAAACTGGTT,0,4307190
yadI_predicted,0.25,3,3,ATGCGCGCCTTGAGCCATCA,0,4309013
yadI_predicted,0.25,3,3,ATGCCTGGATAAATTGTAGA,0,4326205
yadI_predicted,0.25,3,3,ATGCCAGTGTAACAGACCCC,0,4297948
yadI_predicted,0.25,3,3,ATGCCACCCATGGTCGGGAT,0,4308770
yadI_predicted,0.25,3,3,ATGCATGATTTGAGTCTGTA,0,4367202
yadI_predicted,0.25,3,3,ATGCACTGGACAGGTATAAC,0,4336141
yadI_predicted,0.25,3,3,ATGCACAGCGTTCTGGCAGA,0,4291550
yadI_predicted,0.25,3,3,ATGCAATCCCATAGTAAAAA,0,4350626
yadI_predicted,0.25,3,3,ATGCAATAACTAGTGAGTCT,0,4293071
yadI_predicted,0.25,3,3,ATGCAAACAGATTAGACTAA,0,4355909
yadI_predicted,0.25,3,3,ATGAGCGGACCGCCATCGTT,0,4338620
yadI_predicted,0.25,3,3,ATGAGAGCGTCGCGTTACGG,0,4310587
yadI_predicted,0.25,3,3,ATGACGTGATATGATATTCC,0,4324198
yadI_predicted,0.25,3,3,ATGACCATCTAGCGTGTATG,0,4347264
yadI_predicted,0.25,3,3,ATGACCAATGTCTAGCGAAA,0,4329152
yadI_predicted,0.25,3,3,ATGACACCGTCAGGCAGGCG,0,4369070
yadI_predicted,0.25,3,3,ATGAATTGAGTGAGTATGCC,0,4307083
yadI_predicted,0.25,3,3,ATGAATCCGTATTCGATACC,0,4316303
yadI_predicted,0.25,3,3,ATGAAATCAAGAAAGCTCTG,0,4361125
yadI_predicted,0.25,3,3,ATCTTCTAAGTAGGGTCGGG,0,4344181
yadI_predicted,0.25,3,3,ATCTTCGTTTCAAGTTAATT,0,4367385
yadI_predicted,0.25,3,3,ATCTTAAATGTTAAACGCCA,0,4368713
yadI_predicted,0.25,3,3,ATCTGTCTGTTGGTTATGCT,0,4351198
yadI_predicted,0.25,3,3,ATCTGCGAACGAATGTTAAA,0,4353775
yadI_predicted,0.25,3,3,ATCTCGGTACTTGAGTGTCT,0,4307788
yadI_predicted,0.25,3,3,ATCTCCGTCAGATGAATACC,0,4315861
yadI_predicted,0.25,3,3,ATCTAGCCCTCGCAACCTAG,0,4324568
yadI_predicted,0.25,3,3,ATCGTATCAACTCCTTTGTA,0,4367137
yadI_predicted,0.25,3,3,ATCGTAACACATGGTAGTTA,0,4320625
yadI_predicted,0.25,3,3,ATCGGGGGGCCGCGTAATCC,0,4359871
yadI_predicted,0.25,3,3,ATCGGGATGGTGGGCGGTGA,0,4359460
yadI_predicted,0.25,3,3,ATCGGCGGCCAGTTGAATTA,0,4329130
yadI_predicted,0.25,3,3,ATCGCTTTGAAGGATTAAGC,0,4294319
yadI_predicted,0.25,3,3,ATCGATTTCACTATTAGGAA,0,4327094
yadI_predicted,0.25,3,3,ATCGATTACTTCGAATACGT,0,4323045
yadI_predicted,0.25,3,3,ATCGATGACAATATTGATAA,0,4298746
yadI_predicted,0.25,3,3,ATCGAGGGACAGGCGAGACC,0,4296478
yadI_predicted,0.25,3,3,ATCCTTTACAAGCGCAGGGA,0,4367644
yadI_predicted,0.25,3,3,ATCCGTTTGGTGTTTCGTCC,0,4359587
yadI_predicted,0.25,3,3,ATCCGTCAGGAGGTGTGCCC,0,4314662
yadI_predicted,0.25,3,3,ATCCGGTTAGGCCAAAAAGA,0,4361956
yadI_predicted,0.25,3,3,ATCCGATTGGGCATCGAAAG,0,4345361
yadI_predicted,0.25,3,3,ATCCCCATATAAGAGCCCTT,0,4311149
yadI_predicted,0.25,3,3,ATCCCAAGCTGAGGTTCCTG,0,4363185
yadI_predicted,0.25,3,3,ATCCACGCCGCGCGTCTGTG,0,4351817
yadI_predicted,0.25,3,3,ATCAGGCCAGGCGCAGGCAA,0,4355891
yadI_predicted,0.25,3,3,ATCAGGCACCGGTGTGCCCA,0,4325873
yadI_predicted,0.25,3,3,ATCAGCACGCCAGGGTGCCT,0,4330858
yadI_predicted,0.25,3,3,ATCAGAACGTGCGTGGGGCA,0,4293242
yadI_predicted,0.25,3,3,ATCACTTAAGATGCCGCTTC,0,4369853
yadI_predicted,0.25,3,3,ATCAATCGTGAACGTCTACA,0,4317320
yadI_predicted,0.25,3,3,ATCAAGCGCACCGTAAGTAT,0,4321999
yadI_predicted,0.25,3,3,ATCAAGAATCGAGGAGGACC,0,4313766
yadI_predicted,0.25,3,3,ATATTTAATCAAACAGTCAA,0,4348231
yadI_predicted,0.25,3,3,ATATGGGTATACAAGCGCGT,0,4301965
yadI_predicted,0.25,3,3,ATATGGAACGAGCGAAAGTA,0,4295578
yadI_predicted,0.25,3,3,ATATGCCCTTACCTAGACCC,0,4302399
yadI_predicted,0.25,3,3,ATATGCAAGTGATCAGTTGG,0,4366244
yadI_predicted,0.25,3,3,ATATGATCATCACCTAAGAT,0,4310691
yadI_predicted,0.25,3,3,ATATCTGTCTTGCTCATTTA,0,4358987
yadI_predicted,0.25,3,3,ATATCGGTGGTAGAAATAAC,0,4335771
yadI_predicted,0.25,3,3,ATATCGGGTGCTTCTTGCGG,0,4291009
yadI_predicted,0.25,3,3,ATATATAGACACCGCCTCAT,0,4365793
yadI_predicted,0.25,3,3,ATAGGGTGATGTGAAGGATT,0,4348600
yadI_predicted,0.25,3,3,ATAGGCCGCGTACTCGCGCG,0,4312798
yadI_predicted,0.25,3,3,ATAGATCTGCAGGCTTAACT,0,4288439
yadI_predicted,0.25,3,3,ATAGACGGCGCCTTCAGGCC,0,4326714
yadI_predicted,0.25,3,3,ATAGAAACTCGCCAGAGCCG,0,4367616
yadI_predicted,0.25,3,3,ATACTGGCGTTAGCGCCTGT,0,4358630
yadI_predicted,0.25,3,3,ATACTCTAGAAGGTCCGGAA,0,4300387
yadI_predicted,0.25,3,3,ATACTCCGTGCCCTGTTGGT,0,4319319
yadI_predicted,0.25,3,3,ATACGCTCGCCGAACATGCA,0,4369482
yadI_predicted,0.25,3,3,ATACGATGGCACCAGTACGT,0,4313110
yadI_predicted,0.25,3,3,ATACGAGAACATTTCTGCTC,0,4352066
yadI_predicted,0.25,3,3,ATACAAGTGACTGATACAAG,0,4310687
yadI_predicted,0.25,3,3,ATAATGACCTTGGCTCCTGG,0,4307244
yadI_predicted,0.25,3,3,ATAAGTGACTAGATTTATTC,0,4357422
yadI_predicted,0.25,3,3,ATAAGGCACATTTAGGGTAC,0,4335038
yadI_predicted,0.25,3,3,ATAAGCGACCCACCTATGCC,0,4356693
yadI_predicted,0.25,3,3,ATAACGGGTCCTCTACACCA,0,4351412
yadI_predicted,0.25,3,3,ATAACGCTTCGGCAGTGGGA,0,4357650
yadI_predicted,0.25,3,3,ATAACCCCGCACTCGGGGGC,0,4308349
yadI_predicted,0.25,3,3,ATAACAAGCCGATGGGGGGT,0,4335000
yadI_predicted,0.25,3,3,ATAAATCGTCAGCACGACTC,0,4302803
yadI_predicted,0.25,3,3,AGTTTACCGACTATGGTGCG,0,4313022
yadI_predicted,0.25,3,3,AGTTGAACGTGGCACGCTTC,0,4310450
yadI_predicted,0.25,3,3,AGTTCTGGCTCCGTGGGTCT,0,4317801
yadI_predicted,0.25,3,3,AGTTAGTCGCCAGGGTGCCT,0,4320431
yadI_predicted,0.25,3,3,AGTTAGGTGGTGATCGGGAA,0,4335072
yadI_predicted,0.25,3,3,AGTTAATAAGATAACAGGTA,0,4355447
yadI_predicted,0.25,3,3,AGTGTTATGTCGTCCAGAGT,0,4331450
yadI_predicted,0.25,3,3,AGTGTCGGAAAGGGACAATT,0,4326182
yadI_predicted,0.25,3,3,AGTGTCGCCCATCTTTTTAT,0,4347504
yadI_predicted,0.25,3,3,AGTGTAAGGTGACCTTACCA,0,4367691
yadI_predicted,0.25,3,3,AGTGGCGTAGATGGGAGGAA,0,4365166
yadI_predicted,0.25,3,3,AGTGCGCCTTCAACGAGCGC,0,4320476
yadI_predicted,0.25,3,3,AGTGCCTGAACGGTTAGGGA,0,4287299
yadI_predicted,0.25,3,3,AGTGCCAGTTGGTGATCACA,0,4355811
yadI_predicted,0.25,3,3,AGTGATGTGGTGTTTGGCTG,0,4300916
yadI_predicted,0.25,3,3,AGTGATGAAGAGTCATCTGA,0,4307196
yadI_predicted,0.25,3,3,AGTGAGTACCGAAAGATAAT,0,4345850
yadI_predicted,0.25,3,3,AGTCTTTCTCCAGGGCGCTG,0,4345205
yadI_predicted,0.25,3,3,AGTCTTATTTGCCGCACTGT,0,4292690
yadI_predicted,0.25,3,3,AGTCTAAACAAACAGTTGTG,0,4315951
yadI_predicted,0.25,3,3,AGTCGTCTAGATTTCAAAGT,0,4320537
yadI_predicted,0.25,3,3,AGTCGAGAGTCTTGATTCGA,0,4339752
yadI_predicted,0.25,3,3,AGTCCGGAAGAGAATGCCTT,0,4303794
yadI_predicted,0.25,3,3,AGTCATTGGTTGATTGTGTA,0,4319429
yadI_predicted,0.25,3,3,AGTCAACCAGTAGATGCGTC,0,4333885
yadI_predicted,0.25,3,3,AGTATGAAGAGTGGACAGGT,0,4302918
yadI_predicted,0.25,3,3,AGTATCCTATTACACATGAA,0,4345710
yadI_predicted,0.25,3,3,AGTATCCAGTGAGGTGTGAA,0,4307947
yadI_predicted,0.25,3,3,AGTATAGGCCGCCGGGCCCA,0,4323817
yadI_predicted,0.25,3,3,AGTATAGGAGATCCAAACAA,0,4304557
yadI_predicted,0.25,3,3,AGTATACGTCCAATATCTCG,0,4366302
yadI_predicted,0.25,3,3,AGTAGTCGTTCTGATGAAAA,0,4347618
yadI_predicted,0.25,3,3,AGTAGCTCTAAAATCGGAGG,0,4330971
yadI_predicted,0.25,3,3,AGTACGGGTGCAATGTATTT,0,4301848
yadI_predicted,0.25,3,3,AGTACCAGGCATCAACCCAC,0,4362329
yadI_predicted,0.25,3,3,AGTACAACATTGGTTACCCA,0,4312054
yadI_predicted,0.25,3,3,AGTACAAAAGTAACGTTTGT,0,4295480
yadI_predicted,0.25,3,3,AGTAATACTGTTACGATTCC,0,4298813
yadI_predicted,0.25,3,3,AGTAAAAGCCGGAAACGAAA,0,4290300
yadI_predicted,0.25,3,3,AGGTTTGCCATATTGCTGTC,0,4342326
yadI_predicted,0.25,3,3,AGGTTTACAGCCATTCACGA,0,4352430
yadI_predicted,0.25,3,3,AGGTTCACTTCTTCTCCGCT,0,4315768
yadI_predicted,0.25,3,3,AGGTTAAGATAGCACATTAC,0,4343489
yadI_predicted,0.25,3,3,AGGTCCATGTCTGTATGGTT,0,4327021
yadI_predicted,0.25,3,3,AGGTCATGGAGTCGTTGGGA,0,4349831
yadI_predicted,0.25,3,3,AGGTAAAAGGGTAACGAGAG,0,4313938
yadI_predicted,0.25,3,3,AGGGTTGGTTAACGTTGCTA,0,4292007
yadI_predicted,0.25,3,3,AGGGTTCATGCCCGAGAGCT,0,4320325
yadI_predicted,0.25,3,3,AGGGTCTTGCAGCCTTTGTC,0,4301829
yadI_predicted,0.25,3,3,AGGGGGCCTCGCGTCAAGCT,0,4362799
yadI_predicted,0.25,3,3,AGGGCTGTGACGCACCGAGA,0,4329873
yadI_predicted,0.25,3,3,AGGGCGGTCGCGAGAGAGAC,0,4289674
yadI_predicted,0.25,3,3,AGGGATTGGACCGTCCACGC,0,4332780
yadI_predicted,0.25,3,3,AGGGATAGGTGAATCATTGA,0,4328202
yadI_predicted,0.25,3,3,AGGGATACGGTCCAGGTGGT,0,4289692
yadI_predicted,0.25,3,3,AGGGAGTGCTGATGGGGGGT,0,4320482
yadI_predicted,0.25,3,3,AGGCTTACTTCGTGTTCATT,0,4294182
yadI_predicted,0.25,3,3,AGGCTGGGACCCCACTTGCA,0,4307274
yadI_predicted,0.25,3,3,AGGCTCGAGCCCGACGTCCA,0,4349004
yadI_predicted,0.25,3,3,AGGCTAGAATCCAAAGAGAC,0,4294047
yadI_predicted,0.25,3,3,AGGCTAATGGCATGAGGTAG,0,4312486
yadI_predicted,0.25,3,3,AGGCGCATAGTGGGTTTGAA,0,4329455
yadI_predicted,0.25,3,3,AGGCCTTATAGCGCAGGTAT,0,4322367
yadI_predicted,0.25,3,3,AGGCCCGATACTGGTCAAAC,0,4367550
yadI_predicted,0.25,3,3,AGGATTACTTCTCTGGGGCT,0,4360239
yadI_predicted,0.25,3,3,AGGATGCTATTCTCCCTGCT,0,4312638
yadI_predicted,0.25,3,3,AGGAGTGTAAGGATCGTTAA,0,4358623
yadI_predicted,0.25,3,3,AGGAGTCGAGGAGAAGACGT,0,4359040
yadI_predicted,0.25,3,3,AGGAGTCCATTTGAGCAGGG,0,4321943
yadI_predicted,0.25,3,3,AGGAGGATTAGCGTTGTGTG,0,4309649
yadI_predicted,0.25,3,3,AGGAGGACACAGCTCGAGCA,0,4308230
yadI_predicted,0.25,3,3,AGGAGACTGCCTAACCTTGA,0,4312597
yadI_predicted,0.25,3,3,AGGAGACAGTGCATCGCCAG,0,4339684
yadI_predicted,0.25,3,3,AGGACTCATTTGTTAATTTA,0,4306754
yadI_predicted,0.25,3,3,AGGACGCTTGCTGCTTTCAG,0,4349151
yadI_predicted,0.25,3,3,AGGACATCAGTAGGACATAT,0,4287063
yadI_predicted,0.25,3,3,AGGAATTACCGGTATAAATT,0,4320911
yadI_predicted,0.25,3,3,AGGAACGGGATCGCCGATTG,0,4361557
yadI_predicted,0.25,3,3,AGCTTCGTTAACGGGGTGCT,0,4307755
yadI_predicted,0.25,3,3,AGCTTCAACTGAATCCGGTT,0,4284132
yadI_predicted,0.25,3,3,AGCTTAGGCAGTGAGCCCCG,0,4336851
yadI_predicted,0.25,3,3,AGCTGTGTACCCGCTGAGAT,0,4359719
yadI_predicted,0.25,3,3,AGCTGTAACCCGTGTCATAA,0,4289089
yadI_predicted,0.25,3,3,AGCTGCGCCCCTTAATCTTC,0,4348442
yadI_predicted,0.25,3,3,AGCTCTATATAATGAACCGG,0,4340818
yadI_predicted,0.25,3,3,AGCTCGAATATCTTTTCGCT,0,4291106
yadI_predicted,0.25,3,3,AGCTACTTGTTGCCGGGGTC,0,4311978
yadI_predicted,0.25,3,3,AGCGTCTTAGAAGCTGCTGT,0,4365315
yadI_predicted,0.25,3,3,AGCGTAAAGTGCCCAATTCA,0,4288719
yadI_predicted,0.25,3,3,AGCGGTGAACGAATAAAGTA,0,4366923
yadI_predicted,0.25,3,3,AGCGGGTGGTGGCGTTCCTG,0,4349464
yadI_predicted,0.25,3,3,AGCGGGACTGAGGGTGCTAG,0,4295232
yadI_predicted,0.25,3,3,AGCGCTACGCGGTACGACTC,0,4316050
yadI_predicted,0.25,3,3,AGCGCCTGCCCCGACCGCAG,0,4308276
yadI_predicted,0.25,3,3,AGCGCCGCATGGGCATATAC,0,4358719
yadI_predicted,0.25,3,3,AGCGCACTCGACAGCATAGT,0,4348226
yadI_predicted,0.25,3,3,AGCGAGTATGATCAGCAGTG,0,4349907
yadI_predicted,0.25,3,3,AGCGAATTTATCCGCCGCGT,0,4331355
yadI_predicted,0.25,3,3,AGCCTGACTGCCAGGAGCAT,0,4338582
yadI_predicted,0.25,3,3,AGCCTATTAGTGTGCCGAGC,0,4288917
yadI_predicted,0.25,3,3,AGCCGTGCGAAGGCCGAATA,0,4347269
yadI_predicted,0.25,3,3,AGCCGCGGGTGGAACTCAGT,0,4368010
yadI_predicted,0.25,3,3,AGCCCGGTCAGTTCTTTTCT,0,4340382
yadI_predicted,0.25,3,3,AGCCCCATCGCCAATCGTCT,0,4343065
yadI_predicted,0.25,3,3,AGCCCAATCGCGTGTTTACC,0,4285586
yadI_predicted,0.25,3,3,AGCCATCTGTCCGCATTAGA,0,4341893
yadI_predicted,0.25,3,3,AGCCATCAAGCTGAGTGGGC,0,4338506
yadI_predicted,0.25,3,3,AGCCAGTAGTTTCGCTCCGA,0,4340824
yadI_predicted,0.25,3,3,AGCCAAATCTCGGATGAAAG,0,4287225
yadI_predicted,0.25,3,3,AGCCAAAGGTGAAGTAATTA,0,4340053
yadI_predicted,0.25,3,3,AGCAGGCCGCTAGATGCATG,0,4324866
yadI_predicted,0.25,3,3,AGCAGAAATCAAGAACTTAC,0,4318547
yadI_predicted,0.25,3,3,AGCACCTCGTGTTTTAATGG,0,4346157
yadI_predicted,0.25,3,3,AGCAAGTCTCTGTGAAGCGT,0,4363034
yadI_predicted,0.25,3,3,AGCAACCTAATCACTATAGT,0,4335411
yadI_predicted,0.25,3,3,AGCAAATATGTTGTAGTAAG,0,4319414
yadI_predicted,0.25,3,3,AGATTTTTCGGTGACCGTAC,0,4336808
yadI_predicted,0.25,3,3,AGATTGGTACGGGAAGGTCA,0,4285934
yadI_predicted,0.25,3,3,AGATGGTATGTGATCGTTGG,0,4290860
yadI_predicted,0.25,3,3,AGATGGTACTACAGGGAGTA,0,4355643
yadI_predicted,0.25,3,3,AGATCGAGTGGACAAGTCCA,0,4357381
yadI_predicted,0.25,3,3,AGATCAGCATGTGAACGGCT,0,4350765
yadI_predicted,0.25,3,3,AGATATAGGCGAGGGGCAGG,0,4343443
yadI_predicted,0.25,3,3,AGATAGGAGTAGCCTTATGC,0,4369333
yadI_predicted,0.25,3,3,AGAGTCGCAGATACAGCTAC,0,4341420
yadI_predicted,0.25,3,3,AGAGTACCGAACTGGGCGGA,0,4311962
yadI_predicted,0.25,3,3,AGAGTACCACAGAGTAGTTT,0,4294128
yadI_predicted,0.25,3,3,AGAGGGCTCCTCCAGGCAAT,0,4319671
yadI_predicted,0.25,3,3,AGAGCCTAAGCTACAGGCGG,0,4287038
yadI_predicted,0.25,3,3,AGAGAAGGTTGGGGTTACCT,0,4360854
yadI_predicted,0.25,3,3,AGACGCTTCACACGTGTAAC,0,4339374
yadI_predicted,0.25,3,3,AGACGCACGTCTTGTTCGCT,0,4343636
yadI_predicted,0.25,3,3,AGACGACGCCTGTCGCGGTA,0,4331747
yadI_predicted,0.25,3,3,AGACCTATCCGGCGTCCCGG,0,4357191
yadI_predicted,0.25,3,3,AGACCGTTCACGCTTATGCA,0,4332430
yadI_predicted,0.25,3,3,AGACCCCGTAAAGGCGCCCA,0,4351017
yadI_predicted,0.25,3,3,AGACAAGGGCGTTCACCTTA,0,4350686
yadI_predicted,0.25,3,3,AGACAACTTTATGGGGGTCA,0,4337401
yadI_predicted,0.25,3,3,AGACAACACGGTAGCTCTGG,0,4338855
yadI_predicted,0.25,3,3,AGAATCACTGTGCACATGGC,0,4309483
yadI_predicted,0.25,3,3,AGAAGGCCTGGTGAGGAAAG,0,4345122
yadI_predicted,0.25,3,3,AGAACTGTAGTCCCTATTAG,0,4351796
yadI_predicted,0.25,3,3,AGAACGTACTGTACTAAGGT,0,4323883
yadI_predicted,0.25,3,3,AGAAAGTATTATGGACTGAA,0,4290022
yadI_predicted,0.25,3,3,ACTTTCGGGTCCCTAAGTTT,0,4358617
yadI_predicted,0.25,3,3,ACTTTCCGCTAAAGAGAAAG,0,4331093
yadI_predicted,0.25,3,3,ACTTTAGTCGATGGTCTGTA,0,4310831
yadI_predicted,0.25,3,3,ACTTGACGACCCGTAGATAC,0,4328094
yadI_predicted,0.25,3,3,ACTTCTTGTGGAAGTGAAAG,0,4286725
yadI_predicted,0.25,3,3,ACTTCGTTGAAAAAAACAGT,0,4336386
yadI_predicted,0.25,3,3,ACTTCGAGTACATTTCGAAG,0,4306989
yadI_predicted,0.25,3,3,ACTTCCTTTTTTAGGCCAGA,0,4363013
yadI_predicted,0.25,3,3,ACTTCAGGGGGTAACTTCCA,0,4358714
yadI_predicted,0.25,3,3,ACTTATGGATTCCTACGTCA,0,4336658
yadI_predicted,0.25,3,3,ACTTATGCCCAAGCGACGCA,0,4327918
yadI_predicted,0.25,3,3,ACTGTTTCAGCCACACTGGC,0,4357925
yadI_predicted,0.25,3,3,ACTGTTCAAGTCCGGAACGG,0,4346527
yadI_predicted,0.25,3,3,ACTGTCCGTGATAATGCCAA,0,4344747
yadI_predicted,0.25,3,3,ACTGGACATCCGCCCCGTTC,0,4319324
yadI_predicted,0.25,3,3,ACTGCTAGGCGCCAATTGTA,0,4349206
yadI_predicted,0.25,3,3,ACTGCCGCCTGATCTGGACA,0,4322865
yadI_predicted,0.25,3,3,ACTGAAAAGCACGATTACGT,0,4315403
yadI_predicted,0.25,3,3,ACTCTTGGGTAGGGGCACAT,0,4333177
yadI_predicted,0.25,3,3,ACTCTCAGTCTTCCTTATCC,0,4308683
yadI_predicted,0.25,3,3,ACTCGTAGCCAGGGGCCTTT,0,4312388
yadI_predicted,0.25,3,3,ACTCCTATTATACCAATCCT,0,4291481
yadI_predicted,0.25,3,3,ACTCCATGCACACCTTACAT,0,4316108
yadI_predicted,0.25,3,3,ACTCAGGTTTATAACAAACC,0,4329984
yadI_predicted,0.25,3,3,ACTATGATTTTATTACGTTA,0,4327726
yadI_predicted,0.25,3,3,ACTATCTGAGACGTCACGGG,0,4300933
yadI_predicted,0.25,3,3,ACTAGTGATAACTCCGATAC,0,4332625
yadI_predicted,0.25,3,3,ACTAGGCAAACGGCCGAGAC,0,4310302
yadI_predicted,0.25,3,3,ACTAGCGCCCGCAACTGTAC,0,4310713
yadI_predicted,0.25,3,3,ACTAGCCACGTTCCCAAGCA,0,4330058
yadI_predicted,0.25,3,3,ACTACTAAGCGGGGTTAGTC,0,4337643
yadI_predicted,0.25,3,3,ACTACAGCATGCACCAGCCC,0,4320924
yadI_predicted,0.25,3,3,ACTAACACGTGCAAGGCTTA,0,4353555
yadI_predicted,0.25,3,3,ACTAAACAACGGCTTTCACA,0,4360741
yadI_predicted,0.25,3,3,ACGTTGTTCTAGATCTACTA,0,4357502
yadI_predicted,0.25,3,3,ACGTTCGTTACCACCTCTCA,0,4364423
yadI_predicted,0.25,3,3,ACGTTACCTACGTTAGTTTC,0,4337520
yadI_predicted,0.25,3,3,ACGTTACAATGCGTCGCCAC,0,4347169
yadI_predicted,0.25,3,3,ACGTGTTAAAAGTCCAGGGG,0,4305191
yadI_predicted,0.25,3,3,ACGTGTAGCCACGGCAAGAT,0,4354564
yadI_predicted,0.25,3,3,ACGTGGGAGGGACGTTCGCT,0,4354997
yadI_predicted,0.25,3,3,ACGTGCGAAACCGCTTTTCA,0,4361061
yadI_predicted,0.25,3,3,ACGTGCATCGTTGCGCCGGA,0,4332947
yadI_predicted,0.25,3,3,ACGTGCAGGTTACATCCAGA,0,4346475
yadI_predicted,0.25,3,3,ACGTCGCGTTCCACGTAGCT,0,4318675
yadI_predicted,0.25,3,3,ACGTCCAGATGGGGCTAAAG,0,4304612
yadI_predicted,0.25,3,3,ACGTACGGTTTGTGAAGCCT,0,4369471
yadI_predicted,0.25,3,3,ACGTAACAGTGGGGCCAGCA,0,4367561
yadI_predicted,0.25,3,3,ACGGTCAGATATTTTTAAAA,0,4285808
yadI_predicted,0.25,3,3,ACGGGGTGGTCCCCTTGGAT,0,4352923
yadI_predicted,0.25,3,3,ACGGGGGAGAATGATCTAGG,0,4306822
yadI_predicted,0.25,3,3,ACGGGAGGGTATCAGAATTA,0,4367830
yadI_predicted,0.25,3,3,ACGGCTGGTCAATGATAGTC,0,4333202
yadI_predicted,0.25,3,3,ACGGCTGCCCTATTATGAAG,0,4365941
yadI_predicted,0.25,3,3,ACGGCACCCATTCACACAAG,0,4304597
yadI_predicted,0.25,3,3,ACGGAGTACTAGACGACAAA,0,4307292
yadI_predicted,0.25,3,3,ACGGACTAGGTAAGTAATAC,0,4286833
yadI_predicted,0.25,3,3,ACGGACGCTGAAAGAAAGAA,0,4336033
yadI_predicted,0.25,3,3,ACGGACCTGGACTTCGCACG,0,4338607
yadI_predicted,0.25,3,3,ACGCTGCGATGGAAAACTTT,0,4315785
yadI_predicted,0.25,3,3,ACGCTCCCGAACGTTTTTAA,0,4313989
yadI_predicted,0.25,3,3,ACGCGGCGTTGGGTCTTCTA,0,4355956
yadI_predicted,0.25,3,3,ACGCGGATTAGATGGCTTCG,0,4303323
yadI_predicted,0.25,3,3,ACGCCTAGTCACTTCCCCGA,0,4293828
yadI_predicted,0.25,3,3,ACGCCTAGGGTCCGATGCGA,0,4338780
yadI_predicted,0.25,3,3,ACGCCGGAGAGCTGCCAGCG,0,4366071
yadI_predicted,0.25,3,3,ACGCATCCAGTTAGCATAAT,0,4341581
yadI_predicted,0.25,3,3,ACGATCCATGGCGAACTTCA,0,4295104
yadI_predicted,0.25,3,3,ACGATAGATTTGAGGATTTC,0,4336809
yadI_predicted,0.25,3,3,ACGAGTTACCCTTCGCCGAC,0,4324147
yadI_predicted,0.25,3,3,ACGAGGTTGATGGCTGATCT,0,4363129
yadI_predicted,0.25,3,3,ACGAGGCCCCTTCCTTCAGC,0,4330823
yadI_predicted,0.25,3,3,ACGACCACGCATCGTATATA,0,4343016
yadI_predicted,0.25,3,3,ACGAATTGTCTTACATTGGT,0,4341514
yadI_predicted,0.25,3,3,ACGAACGGAGCTAATCCGCA,0,4348211
yadI_predicted,0.25,3,3,ACCTTTAGTGAGAGCTCAGT,0,4304521
yadI_predicted,0.25,3,3,ACCTTATTATTCTCTTTAAT,0,4287770
yadI_predicted,0.25,3,3,ACCTGGAGCCGGTGAATCCC,0,4308335
yadI_predicted,0.25,3,3,ACCTCTGCACATCGCAGGAT,0,4340374
yadI_predicted,0.25,3,3,ACCTCGCTATCGGCCGCTAA,0,4305928
yadI_predicted,0.25,3,3,ACCTATGGACTGTCAGTTGT,0,4313711
yadI_predicted,0.25,3,3,ACCGTTGTCATGGCAGGGTC,0,4350232
yadI_predicted,0.25,3,3,ACCGTAGTCGAACACGATCC,0,4365161
yadI_predicted,0.25,3,3,ACCGGTGATATGCCTCCCTT,0,4307996
yadI_predicted,0.25,3,3,ACCGGTCTGTCCTAATCCAC,0,4349237
yadI_predicted,0.25,3,3,ACCGGTACAGTGGGGAATGA,0,4344488
yadI_predicted,0.25,3,3,ACCGGACATCACTAGCGCGT,0,4349419
yadI_predicted,0.25,3,3,ACCGCGCGCTCGCGATGGAG,0,4318556
yadI_predicted,0.25,3,3,ACCGCCTCGTTTCCCCTTGC,0,4321084
yadI_predicted,0.25,3,3,ACCGCCAAAGTCGTTAGTTA,0,4304002
yadI_predicted,0.25,3,3,ACCGATGCTGAAGCTTGTAA,0,4350083
yadI_predicted,0.25,3,3,ACCGATATTTGTGCTTGAAT,0,4341308
yadI_predicted,0.25,3,3,ACCGAAGAAACGATAAGCAT,0,4296421
yadI_predicted,0.25,3,3,ACCCTGTCGGGGAAAGGGTA,0,4320974
yadI_predicted,0.25,3,3,ACCCTATAGCCCTTGTGGTA,0,4287338
yadI_predicted,0.25,3,3,ACCCTAAAGGGCTGTCTTCC,0,4330184
yadI_predicted,0.25,3,3,ACCCGATGTTTGTTAGCCAA,0,4289538
yadI_predicted,0.25,3,3,ACCCCCCGGTCATTTTGTTG,0,4289827
yadI_predicted,0.25,3,3,ACCCATCAGTAGTGTACTAA,0,4324094
yadI_predicted,0.25,3,3,ACCCAAGCCCGACTCCTTCA,0,4348406
yadI_predicted,0.25,3,3,ACCATTAAACTGTACGGTAG,0,4288816
yadI_predicted,0.25,3,3,ACCATCTAACTGCTACACCT,0,4331360
yadI_predicted,0.25,3,3,ACCAGTTCTACGAAGAAGAC,0,4318585
yadI_predicted,0.25,3,3,ACCAGTCGGGGGCAACATAA,0,4296912
yadI_predicted,0.25,3,3,ACCAGGATCGAAATTTAATC,0,4352113
yadI_predicted,0.25,3,3,ACCAGAGAGTTTGCTGCCCA,0,4335307
yadI_predicted,0.25,3,3,ACCACGAACAAATAGTGGTG,0,4306802
yadI_predicted,0.25,3,3,ACCACCGTACTACGATCCGA,0,4307562
yadI_predicted,0.25,3,3,ACCAAGAGTACGGCCCTCCG,0,4301343
yadI_predicted,0.25,3,3,ACCAAAATCAAACCCCTTTG,0,4348279
yadI_predicted,0.25,3,3,ACATTGCAATTTTTCGGAAG,0,4325678
yadI_predicted,0.25,3,3,ACATTAAGATCGCTAATAAC,0,4313176
yadI_predicted,0.25,3,3,ACATGGTCTGACACCTTAGA,0,4357443
yadI_predicted,0.25,3,3,ACATGGAGTTGTGGAATAAT,0,4314930
yadI_predicted,0.25,3,3,ACATCAGTCATGTTTTACCA,0,4348151
yadI_predicted,0.25,3,3,ACATATTCAACCGTTTCAGG,0,4292448
yadI_predicted,0.25,3,3,ACATATTAGGATTCCATCGC,0,4343942
yadI_predicted,0.25,3,3,ACATAGACCTTAGATTAGGC,0,4347093
yadI_predicted,0.25,3,3,ACAGTCAAATGATTTTCTGC,0,4341020
yadI_predicted,0.25,3,3,ACAGGTCCAAATTCATCCCG,0,4339254
yadI_predicted,0.25,3,3,ACAGGTAGTATGAAATAACC,0,4306634
yadI_predicted,0.25,3,3,ACAGGAAAGCTTTTCCGTAC,0,4336034
yadI_predicted,0.25,3,3,ACAGCTAATTAACCGTGATG,0,4346760
yadI_predicted,0.25,3,3,ACAGCGAGAAATCGGCTTTA,0,4345560
yadI_predicted,0.25,3,3,ACAGCAATGACCTGTGGACA,0,4297523
yadI_predicted,0.25,3,3,ACAGAGCTGGTAGGTTGTAC,0,4303063
yadI_predicted,0.25,3,3,ACACTTACGTGTATACGCGT,0,4362830
yadI_predicted,0.25,3,3,ACACTGATGTACTGATTATT,0,4326246
yadI_predicted,0.25,3,3,ACACTGACAGTATACATCCT,0,4366654
yadI_predicted,0.25,3,3,ACACGTCCGTAAGTAAGTTG,0,4298103
yadI_predicted,0.25,3,3,ACACGCCTCGGAGGACAGGC,0,4333150
yadI_predicted,0.25,3,3,ACACGCATCAACAGTATTAA,0,4288924
yadI_predicted,0.25,3,3,ACACGATTATGGTTTCGCCC,0,4362166
yadI_predicted,0.25,3,3,ACACCTTCTCCGTGAGCACG,0,4324506
yadI_predicted,0.25,3,3,ACACCGGCTCGAGACCCTAA,0,4348403
yadI_predicted,0.25,3,3,ACACCACTTAATCCGCCGGA,0,4366113
yadI_predicted,0.25,3,3,ACACCACAGTAAGCCATCTC,0,4366219
yadI_predicted,0.25,3,3,ACACACGGTTCTTGTATGAA,0,4348066
yadI_predicted,0.25,3,3,ACACACGGAGGTTGAAGTAG,0,4287232
yadI_predicted,0.25,3,3,ACAATTCCAGCTCTCTATAC,0,4317179
yadI_predicted,0.25,3,3,ACAATGTAGGCCCGCGACGA,0,4321267
yadI_predicted,0.25,3,3,ACAATCATCTTATGGACTCT,0,4347571
yadI_predicted,0.25,3,3,ACAAGTGACGACCCCTCACG,0,4310415
yadI_predicted,0.25,3,3,ACAAGCTACATGGACACTTG,0,4360054
yadI_predicted,0.25,3,3,ACAAGATGCATCTAAATTGA,0,4344908
yadI_predicted,0.25,3,3,ACAACGGAGCGACCCCCACA,0,4313701
yadI_predicted,0.25,3,3,ACAAAGGGCCAGGTTAAGAG,0,4347259
yadI_predicted,0.25,3,3,ACAAACACTATTTAGGTAAA,0,4343403
yadI_predicted,0.25,3,3,AATTTGTCGAAACCTCCGTG,0,4342467
yadI_predicted,0.25,3,3,AATTTCCTATCAGCGGTTTG,0,4346328
yadI_predicted,0.25,3,3,AATTTCATCCGGTGCTGTTC,0,4289227
yadI_predicted,0.25,3,3,AATTGGGGCGAATGCTTGGT,0,4317506
yadI_predicted,0.25,3,3,AATTGGGGCAAACAGCCTGA,0,4344020
yadI_predicted,0.25,3,3,AATTCGATGGTACGGCATTT,0,4311585
yadI_predicted,0.25,3,3,AATTATAACCTGTTGCCCCA,0,4364843
yadI_predicted,0.25,3,3,AATGTCGGACTAACTTGAAA,0,4363551
yadI_predicted,0.25,3,3,AATGTCGCATTCCCAGACTC,0,4368039
yadI_predicted,0.25,3,3,AATGTCCGTTTTGCTCGTGA,0,4369681
yadI_predicted,0.25,3,3,AATGTACAGGATAGTAAACT,0,4341452
yadI_predicted,0.25,3,3,AATGGGTTGCACTTAGAGTC,0,4357143
yadI_predicted,0.25,3,3,AATGGGTAACCTAGGTTTAA,0,4311668
yadI_predicted,0.25,3,3,AATGCTTATCGTGGGTGAGA,0,4287704
yadI_predicted,0.25,3,3,AATGCTAAATTGTGGCCGGA,0,4292078
yadI_predicted,0.25,3,3,AATGCGGTTATGGGGGAGCA,0,4289499
yadI_predicted,0.25,3,3,AATGCGCGTTTCTTGGATAA,0,4328246
yadI_predicted,0.25,3,3,AATGCAAATCAAATCACGTG,0,4365753
yadI_predicted,0.25,3,3,AATGATTAACAATCGTTGGG,0,4310295
yadI_predicted,0.25,3,3,AATGATGAACAGCACTCGCT,0,4294488
yadI_predicted,0.25,3,3,AATGAGGGTGGTCTGAGCTA,0,4294122
yadI_predicted,0.25,3,3,AATGAGACAAGCTTCGGAAA,0,4292151
yadI_predicted,0.25,3,3,AATGACGGCTTTCATCAATA,0,4325814
yadI_predicted,0.25,3,3,AATCTTTACATCACTTTTTG,0,4316041
yadI_predicted,0.25,3,3,AATCTAATCTTGCTAGCTAT,0,4329597
yadI_predicted,0.25,3,3,AATCGCCCGAGGACGCACAG,0,4342309
yadI_predicted,0.25,3,3,AATCGCAGGATGCCCTGTAG,0,4299077
yadI_predicted,0.25,3,3,AATCCCGAATCAACCCGTTG,0,4291792
yadI_predicted,0.25,3,3,AATCAGCTGCTCACCGAGAC,0,4349703
yadI_predicted,0.25,3,3,AATCAGATGTGCGTGGCTCG,0,4327335
yadI_predicted,0.25,3,3,AATCAAAGCGACGCGATTGA,0,4285108
yadI_predicted,0.25,3,3,AATATCTGCACGGCAAAGCA,0,4289088
yadI_predicted,0.25,3,3,AATATCGTGTGGACATATTC,0,4304993
yadI_predicted,0.25,3,3,AATATACTTCGCGTCCAGAA,0,4299242
yadI_predicted,0.25,3,3,AATAGGTTATATGAATCTGT,0,4310296
yadI_predicted,0.25,3,3,AATAGAGTGACGGGTTACTA,0,4320833
yadI_predicted,0.25,3,3,AATACTTAGCCGAGGAATTC,0,4350207
yadI_predicted,0.25,3,3,AATACGAACCGATCGAGGCT,0,4363430
yadI_predicted,0.25,3,3,AATAATATCGGACTATACAA,0,4355207
yadI_predicted,0.25,3,3,AATAATAATAGCACTGACCA,0,4304175
yadI_predicted,0.25,3,3,AATAAGACCTGCTGACCGGA,0,4353496
yadI_predicted,0.25,3,3,AATAACATACGTCCTTATAC,0,4291264
yadI_predicted,0.25,3,3,AATAAAGATCGAGAAACTGA,0,4360871
yadI_predicted,0.25,3,3,AAGTTCCACGCACGCCAGTC,0,4348906
yadI_predicted,0.25,3,3,AAGTTACCTTGCCTCGTAAA,0,4350534
yadI_predicted,0.25,3,3,AAGTGTGGGCATTCGGTAGA,0,4356369
yadI_predicted,0.25,3,3,AAGTGCTTCGATGTAACGGC,0,4296564
yadI_predicted,0.25,3,3,AAGTGAATCCGGACGAGCGA,0,4307535
yadI_predicted,0.25,3,3,AAGTCGTATGATCAGCTGGG,0,4311366
yadI_predicted,0.25,3,3,AAGTCGCCACTAGAGCTCAG,0,4332151
yadI_predicted,0.25,3,3,AAGTAGAAGTGGGTTAGTGT,0,4285056
yadI_predicted,0.25,3,3,AAGTACAGCGGAGATTGTTT,0,4310767
yadI_predicted,0.25,3,3,AAGTAAGATTATACCCGCTG,0,4344371
yadI_predicted,0.25,3,3,AAGGTGCCAAATGGTCGCGT,0,4309673
yadI_predicted,0.25,3,3,AAGGTCTCAGACTACACAGA,0,4298656
yadI_predicted,0.25,3,3,AAGGTCCATTGTGAGGACTC,0,4365381
yadI_predicted,0.25,3,3,AAGGGTTGCGAAGCGACCCG,0,4360700
yadI_predicted,0.25,3,3,AAGGGTAAGACCCATCTATA,0,4315781
yadI_predicted,0.25,3,3,AAGGGCAAACTGCGTGAACG,0,4369194
yadI_predicted,0.25,3,3,AAGGCTCCATCTAACTAATT,0,4339890
yadI_predicted,0.25,3,3,AAGGCAGTAGAAGGGGTCGC,0,4354677
yadI_predicted,0.25,3,3,AAGGACATAGTTCCTCATTC,0,4349309
yadI_predicted,0.25,3,3,AAGCTTTGGAGTAGGATGTT,0,4368626
yadI_predicted,0.25,3,3,AAGCGGGCCGTACTTTGACC,0,4301645
yadI_predicted,0.25,3,3,AAGCGCGAATATCAAGTTAC,0,4340439
yadI_predicted,0.25,3,3,AAGCCAAGGTGGTCAGACCA,0,4334928
yadI_predicted,0.25,3,3,AAGCATGAACAGGACTGAAA,0,4293805
yadI_predicted,0.25,3,3,AAGCATCTGGTGCGATGGTG,0,4291308
yadI_predicted,0.25,3,3,AAGCAGTTAAAGCGGCTCGC,0,4328822
yadI_predicted,0.25,3,3,AAGAGTTAACAGCGGCCGCA,0,4319861
yadI_predicted,0.25,3,3,AAGAGTGCCAACGGTCTAAA,0,4325891
yadI_predicted,0.25,3,3,AAGAGAGGTGGTGGTGGTGC,0,4362895
yadI_predicted,0.25,3,3,AAGAGAGAACCGTCGAAGAC,0,4293430
yadI_predicted,0.25,3,3,AAGAGAAAAAGGAACACTCA,0,4345259
yadI_predicted,0.25,3,3,AAGACGTGAGGTAGAGACGC,0,4316959
yadI_predicted,0.25,3,3,AAGAACTGTCCGAGTGATGA,0,4366233
yadI_predicted,0.25,3,3,AAGAAATGAGAGTTCCACCT,0,4364457
yadI_predicted,0.25,3,3,AAGAAACCGGAGTGTATGCA,0,4335076
yadI_predicted,0.25,3,3,AACTTGAGGACCGTGCCATA,0,4359660
yadI_predicted,0.25,3,3,AACTTCAAAGAAATCGCTCA,0,4362525
yadI_predicted,0.25,3,3,AACTTACGGGTTCCTTAAAT,0,4318116
yadI_predicted,0.25,3,3,AACTGTGTAATGGGTGTTGA,0,4367600
yadI_predicted,0.25,3,3,AACTGCACATATTAGTAGGG,0,4313003
yadI_predicted,0.25,3,3,AACTAAGATCAGCACATGGG,0,4336250
yadI_predicted,0.25,3,3,AACGTGATGCACTGTATACC,0,4337247
yadI_predicted,0.25,3,3,AACGTAAATCTGTGAAGCCT,0,4344582
yadI_predicted,0.25,3,3,AACGTAAAGGCCTATTCGTG,0,4327389
yadI_predicted,0.25,3,3,AACGGTTAGACAGGGAGAGG,0,4345804
yadI_predicted,0.25,3,3,AACGGGTGTTGTGCGAGGGC,0,4287757
yadI_predicted,0.25,3,3,AACGCGTGTCTCGCACGGTT,0,4367049
yadI_predicted,0.25,3,3,AACGCCTATCTGTGATGACG,0,4323570
yadI_predicted,0.25,3,3,AACGCCACGAACCAGTGTCA,0,4322686
yadI_predicted,0.25,3,3,AACGAGTGATGTGAACATGC,0,4308722
yadI_predicted,0.25,3,3,AACGAGCTTCTTTCACGACG,0,4308131
yadI_predicted,0.25,3,3,AACGACGACGTGAGGTACGT,0,4328148
yadI_predicted,0.25,3,3,AACCTGCACCGCCCCGCGAC,0,4320375
yadI_predicted,0.25,3,3,AACCTCTACCGCCCGACTGT,0,4334030
yadI_predicted,0.25,3,3,AACCGGTCATTTGTCTCGTT,0,4350029
yadI_predicted,0.25,3,3,AACCGCGTGACGAAGCCGTA,0,4348867
yadI_predicted,0.25,3,3,AACCGACATTCGGTCCAGGA,0,4366940
yadI_predicted,0.25,3,3,AACCGAAAGTATTAGCGTCG,0,4301064
yadI_predicted,0.25,3,3,AACCATAAGGGGTAGACTCA,0,4369377
yadI_predicted,0.25,3,3,AACCAGAAATTTCGGAACAG,0,4331994
yadI_predicted,0.25,3,3,AACATTGAGTCCGAGTACAC,0,4358933
yadI_predicted,0.25,3,3,AACATGGTGGCCAGGAACCA,0,4364703
yadI_predicted,0.25,3,3,AACATCGTATCACTATAGAA,0,4331504
yadI_predicted,0.25,3,3,AACAGTGTCCGCAGTCCACA,0,4337239
yadI_predicted,0.25,3,3,AACACGTTCCCATTATAGTG,0,4315505
yadI_predicted,0.25,3,3,AACAATAGAAGATCCAAAGC,0,4359918
yadI_predicted,0.25,3,3,AAATTTGAGTTGTACCCTAG,0,4301480
yadI_predicted,0.25,3,3,AAATTCGCTTAGTCACTAGG,0,4323451
yadI_predicted,0.25,3,3,AAATGTGTTAAAGGATACTT,0,4356386
yadI_predicted,0.25,3,3,AAATGCAACTCCTCGTGTGA,0,4304125
yadI_predicted,0.25,3,3,AAATGACGTTCCGTTCGAAA,0,4322786
yadI_predicted,0.25,3,3,AAATGACACCCGGAAGTGTT,0,4341750
yadI_predicted,0.25,3,3,AAATCTTTAACCTACAGCAA,0,4344927
yadI_predicted,0.25,3,3,AAATCAGGAAGCCAGGACCG,0,4339482
yadI_predicted,0.25,3,3,AAATCAAGACCTGGAAGCAA,0,4357283
yadI_predicted,0.25,3,3,AAATACTGAGGAGGTGGAGC,0,4327911
yadI_predicted,0.25,3,3,AAATAAAATTTATCAAACAT,0,4350893
yadI_predicted,0.25,3,3,AAAGTGGGCCTTGACTGCCA,0,4326158
yadI_predicted,0.25,3,3,AAAGTGATTCGACAACGACA,0,4318875
yadI_predicted,0.25,3,3,AAAGTCGGGTGTCCGAACTC,0,4328801
yadI_predicted,0.25,3,3,AAAGTATACAGCCAGGCCGG,0,4311712
yadI_predicted,0.25,3,3,AAAGGTTCAGGGTGACGATT,0,4333951
yadI_predicted,0.25,3,3,AAAGGGGCCTCTAATTGGTT,0,4344124
yadI_predicted,0.25,3,3,AAAGGCTTGCCCTCAGTACC,0,4316730
yadI_predicted,0.25,3,3,AAAGGCTGTGGCCACGACAA,0,4343461
yadI_predicted,0.25,3,3,AAAGGAGAGCTGACGCTCTT,0,4336929
yadI_predicted,0.25,3,3,AAAGCTTTAAAGATGTGGGA,0,4366829
yadI_predicted,0.25,3,3,AAAGCCCTGCGCACTTCAAG,0,4351394
yadI_predicted,0.25,3,3,AAAGAGTCATGTCGGATTTG,0,4353499
yadI_predicted,0.25,3,3,AAAGAGGTATAGAGAGTGAA,0,4342794
yadI_predicted,0.25,3,3,AAACTTGCTCCCCTTACACC,0,4309488
yadI_predicted,0.25,3,3,AAACTCATCACTAGGCCTGA,0,4293160
yadI_predicted,0.25,3,3,AAACTACCTTAGGGGAAATT,0,4328461
yadI_predicted,0.25,3,3,AAACGTATTTCAGTACACGC,0,4298293
yadI_predicted,0.25,3,3,AAACCGTTGCAGTACAGTAC,0,4307663
yadI_predicted,0.25,3,3,AAACCAGGCATGCCGATAAG,0,4286110
yadI_predicted,0.25,3,3,AAACCACGCAGTAACAGTGA,0,4353346
yadI_predicted,0.25,3,3,AAACATTCCGCAGCAATCGT,0,4290703
yadI_predicted,0.25,3,3,AAACATCTCCTGTGGTTTTG,0,4294312
yadI_predicted,0.25,3,3,AAACAACCGTCTCGAGTAAG,0,4290323
yadI_predicted,0.25,3,3,AAAATTGAATGTGGCGATGT,0,4363363
yadI_predicted,0.25,3,3,AAAATTCCGAACGATCCAGT,0,4320297
yadI_predicted,0.25,3,3,AAAATGGGCCGGAAGGGTGT,0,4348936
yadI_predicted,0.25,3,3,AAAATCTTGATACTTCACGT,0,4303122
yadI_predicted,0.25,3,3,AAAATCAGGGGGCGTCCGTA,0,4314137
yadI_predicted,0.25,3,3,AAAAGTGTCGGAAAAAATCT,0,4339854
yadI_predicted,0.25,3,3,AAAAGGCTTAGTCCATCTTT,0,4344288
yadI_predicted,0.25,3,3,AAAAGGCACGAGTCTGGATC,0,4330312
yadI_predicted,0.25,3,3,AAAACCTCGTGCATAGGTCC,0,4305331
yadI_predicted,0.25,3,3,AAAACCGTAGCCATCCCCAA,0,4366619
yadI_predicted,0.25,3,3,AAAAATCCGATATTTGGTCA,0,4302823
yadI_predicted,0.25,3,3,AAAAACTGAAAAGACACTAA,0,4341216
yadI_predicted,0.3333333333333333,2,2,TTTTTTGGGATCCATGTCGG,0,4288318
yadI_predicted,0.3333333333333333,2,2,TTTTTCAATGTTTACCGAGA,0,4339170
yadI_predicted,0.3333333333333333,2,2,TTTTTAGAGTGACGGTAGAT,0,4321441
yadI_predicted,0.3333333333333333,2,2,TTTTGCTTAGGTTTTTCTAT,0,4300075
yadI_predicted,0.3333333333333333,2,2,TTTTGCTAGTTGATCATCTA,0,4323561
yadI_predicted,0.3333333333333333,2,2,TTTTGCAAGGAATTAAAAGA,0,4318711
yadI_predicted,0.3333333333333333,2,2,TTTTGACCATCCTGTTTCGC,0,4341119
yadI_predicted,0.3333333333333333,2,2,TTTTCTTTTGCCAAAAAGGT,0,4295468
yadI_predicted,0.3333333333333333,2,2,TTTTCTCACTGGCAGCTAGT,0,4346320
yadI_predicted,0.3333333333333333,2,2,TTTTCATTGACCGTTTGTCG,0,4286820
yadI_predicted,0.3333333333333333,2,2,TTTTAGGTATGCTAGTAAGC,0,4299948
yadI_predicted,0.3333333333333333,2,2,TTTTACGAATCGGTTTCAGC,0,4291778
yadI_predicted,0.3333333333333333,2,2,TTTTACAATCGTCTTCAACG,0,4338417
yadI_predicted,0.3333333333333333,2,2,TTTTAAGATAAGCAAGTAAT,0,4301826
yadI_predicted,0.3333333333333333,2,2,TTTGTCATTAAGTTCCATAA,0,4308635
yadI_predicted,0.3333333333333333,2,2,TTTGTCAGGTCCTGGGGTGT,0,4313873
yadI_predicted,0.3333333333333333,2,2,TTTGGATCCGTTTGGCGAAT,0,4367129
yadI_predicted,0.3333333333333333,2,2,TTTGGAGCTCTTCCAGTCTA,0,4358476
yadI_predicted,0.3333333333333333,2,2,TTTGGAGCGAGAGTAATATA,0,4342732
yadI_predicted,0.3333333333333333,2,2,TTTGGAGCATAGAACATGAA,0,4319252
yadI_predicted,0.3333333333333333,2,2,TTTGCGGTAACGTCCTGGAC,0,4307465
yadI_predicted,0.3333333333333333,2,2,TTTGCCTCTGGCCATACAAT,0,4285430
yadI_predicted,0.3333333333333333,2,2,TTTGCACACAGGCTGAGAGA,0,4340938
yadI_predicted,0.3333333333333333,2,2,TTTGATGAGCTTGACTTGAC,0,4292037
yadI_predicted,0.3333333333333333,2,2,TTTGAGCAGGGCAGAGAACC,0,4351966
yadI_predicted,0.3333333333333333,2,2,TTTCTTGTTGCGAGTCCATT,0,4294085
yadI_predicted,0.3333333333333333,2,2,TTTCTTGTATTGTGCTACAT,0,4333350
yadI_predicted,0.3333333333333333,2,2,TTTCTCGAAGCCCCCTTTTT,0,4329954
yadI_predicted,0.3333333333333333,2,2,TTTCTCCTGGCAAGGGTTCC,0,4306681
yadI_predicted,0.3333333333333333,2,2,TTTCGGCCGCATGGGCTAGC,0,4347999
yadI_predicted,0.3333333333333333,2,2,TTTCGCAATTTGGTCACAAA,0,4344425
yadI_predicted,0.3333333333333333,2,2,TTTCCTGTCTGCACTGATAC,0,4346540
yadI_predicted,0.3333333333333333,2,2,TTTCCGTTACTTTGAGATTT,0,4362526
yadI_predicted,0.3333333333333333,2,2,TTTCAGTGATATCAGACCAT,0,4353105
yadI_predicted,0.3333333333333333,2,2,TTTCACACGCTGCAGCTGGG,0,4360120
yadI_predicted,0.3333333333333333,2,2,TTTATGCCGATAATAGCCCA,0,4367379
yadI_predicted,0.3333333333333333,2,2,TTTAGTATAAGATTTTTAAG,0,4308658
yadI_predicted,0.3333333333333333,2,2,TTTAGGTTGTAGGAGTTTGG,0,4308730
yadI_predicted,0.3333333333333333,2,2,TTTAGCTACCAAGCACCGCT,0,4328995
yadI_predicted,0.3333333333333333,2,2,TTTAGATGGACGGGGTACAA,0,4334767
yadI_predicted,0.3333333333333333,2,2,TTTACACGCGTCACGGATTT,0,4298184
yadI_predicted,0.3333333333333333,2,2,TTTACACGCCTAATCATGAA,0,4328211
yadI_predicted,0.3333333333333333,2,2,TTTAACAACGTTATCGGACT,0,4328911
yadI_predicted,0.3333333333333333,2,2,TTTAAATGACATTGCTATCA,0,4334107
yadI_predicted,0.3333333333333333,2,2,TTGTTTCGTTCAGCAGCGCA,0,4349083
yadI_predicted,0.3333333333333333,2,2,TTGTTAACGCGCAAGACGGA,0,4302591
yadI_predicted,0.3333333333333333,2,2,TTGTGTCAGATCGACCTCCT,0,4354161
yadI_predicted,0.3333333333333333,2,2,TTGTCTAGGCGAATGTCCAG,0,4353546
yadI_predicted,0.3333333333333333,2,2,TTGTCGTAAAACAAGAGCTG,0,4320495
yadI_predicted,0.3333333333333333,2,2,TTGTCGGACCTCACCTTCCT,0,4365116
yadI_predicted,0.3333333333333333,2,2,TTGTCCGATGTACGATTCAA,0,4331975
yadI_predicted,0.3333333333333333,2,2,TTGTCATATTGGACGGAATG,0,4356205
yadI_predicted,0.3333333333333333,2,2,TTGTCACATATTGGGGCAGG,0,4343140
yadI_predicted,0.3333333333333333,2,2,TTGTATGACGACTAAACTAC,0,4349475
yadI_predicted,0.3333333333333333,2,2,TTGTAGGTGACTATCTCGGG,0,4368499
yadI_predicted,0.3333333333333333,2,2,TTGGTGTACCAAGATTCCGA,0,4367089
yadI_predicted,0.3333333333333333,2,2,TTGGTCTGTATAGGGCAGTG,0,4311258
yadI_predicted,0.3333333333333333,2,2,TTGGTAGTTCTGGAAACCAT,0,4356697
yadI_predicted,0.3333333333333333,2,2,TTGGGCCGATGGCGTTTATT,0,4348529
yadI_predicted,0.3333333333333333,2,2,TTGGGAAGTTCTCCAATGTC,0,4350538
yadI_predicted,0.3333333333333333,2,2,TTGGCCCGAAGGCCAAGAGA,0,4365668
yadI_predicted,0.3333333333333333,2,2,TTGGCATGACGGGCGAGCAA,0,4294997
yadI_predicted,0.3333333333333333,2,2,TTGGAGCAAGCTAAAGGGGA,0,4287155
yadI_predicted,0.3333333333333333,2,2,TTGCTCCAGTTCCGCGTAGC,0,4306552
yadI_predicted,0.3333333333333333,2,2,TTGCTACAAGGTTCGGCTTC,0,4337147
yadI_predicted,0.3333333333333333,2,2,TTGCGGTTCATGACCCAGGC,0,4324149
yadI_predicted,0.3333333333333333,2,2,TTGCGGGTTACTTGGCTTCT,0,4362343
yadI_predicted,0.3333333333333333,2,2,TTGCCTATCAGACATATAGA,0,4327244
yadI_predicted,0.3333333333333333,2,2,TTGCCCGCTCCGATAGCATG,0,4301851
yadI_predicted,0.3333333333333333,2,2,TTGCCCACTTCTGATGAGCT,0,4309372
yadI_predicted,0.3333333333333333,2,2,TTGCAGTGGTAGCTAAATTT,0,4368808
yadI_predicted,0.3333333333333333,2,2,TTGCACTTCCCTGCGGGGGA,0,4311722
yadI_predicted,0.3333333333333333,2,2,TTGATTTTCAGATAATATAT,0,4358159
yadI_predicted,0.3333333333333333,2,2,TTGATCCACCATAGTTCTCC,0,4340342
yadI_predicted,0.3333333333333333,2,2,TTGAGTCTAGGTGTGACTTG,0,4335323
yadI_predicted,0.3333333333333333,2,2,TTGAGCTGCACGCACACTCT,0,4352368
yadI_predicted,0.3333333333333333,2,2,TTGAGCTACATCCGACGCTC,0,4363895
yadI_predicted,0.3333333333333333,2,2,TTGAGCGATGCTGCCGAAAG,0,4368908
yadI_predicted,0.3333333333333333,2,2,TTGACATCGTATAATTCCTT,0,4357015
yadI_predicted,0.3333333333333333,2,2,TTGACAGGTATAGGGGGGAG,0,4368835
yadI_predicted,0.3333333333333333,2,2,TTGACAGCGTTATCGACTCA,0,4295123
yadI_predicted,0.3333333333333333,2,2,TTGACACAGTTGACTACGTC,0,4312785
yadI_predicted,0.3333333333333333,2,2,TTGACAACAATTTATGTGGA,0,4285513
yadI_predicted,0.3333333333333333,2,2,TTGAACCCTGGTCTTCTTGC,0,4297855
yadI_predicted,0.3333333333333333,2,2,TTGAAATATCGCGTTTGATT,0,4327095
yadI_predicted,0.3333333333333333,2,2,TTGAAACCTCCGGCACACCT,0,4312603
yadI_predicted,0.3333333333333333,2,2,TTCTTATCTTCTCATGCATA,0,4292894
yadI_predicted,0.3333333333333333,2,2,TTCTGCACCGCAGCACACGG,0,4289259
yadI_predicted,0.3333333333333333,2,2,TTCTCGTCACTAGAAAGTAA,0,4319730
yadI_predicted,0.3333333333333333,2,2,TTCTCGCAATTGGCCCGTTC,0,4314351
yadI_predicted,0.3333333333333333,2,2,TTCTAGGAAGTAAATGATAA,0,4343594
yadI_predicted,0.3333333333333333,2,2,TTCTACCAGGAATAAATACT,0,4314603
yadI_predicted,0.3333333333333333,2,2,TTCGTTGCGGAGGCTACGTA,0,4288448
yadI_predicted,0.3333333333333333,2,2,TTCGTTGACATCAAAAAGAC,0,4321126
yadI_predicted,0.3333333333333333,2,2,TTCGTGTATGGGTGGGTAGA,0,4294581
yadI_predicted,0.3333333333333333,2,2,TTCGTGCCCATGTCCGTGTG,0,4289672
yadI_predicted,0.3333333333333333,2,2,TTCGGGGAACAGATGTCGCT,0,4315934
yadI_predicted,0.3333333333333333,2,2,TTCGGCCTGTATATGCTGGC,0,4333533
yadI_predicted,0.3333333333333333,2,2,TTCGCAGACCTGAGCCGGGG,0,4311968
yadI_predicted,0.3333333333333333,2,2,TTCGACAACTATGTGTTAAC,0,4295560
yadI_predicted,0.3333333333333333,2,2,TTCCTTGAATGGGTAAGACA,0,4349216
yadI_predicted,0.3333333333333333,2,2,TTCCTAGGGGGTCCAAGTAA,0,4354069
yadI_predicted,0.3333333333333333,2,2,TTCCTACAACTTCAATATAG,0,4328936
yadI_predicted,0.3333333333333333,2,2,TTCCGGAGATCATTCTACAA,0,4332675
yadI_predicted,0.3333333333333333,2,2,TTCCGCCGATGCCCCGGTCG,0,4354358
yadI_predicted,0.3333333333333333,2,2,TTCCGCAAGCCGATATCAGC,0,4342015
yadI_predicted,0.3333333333333333,2,2,TTCCGATACGAGTTAGTATC,0,4342746
yadI_predicted,0.3333333333333333,2,2,TTCCCTGTCATTGACACAGA,0,4339401
yadI_predicted,0.3333333333333333,2,2,TTCCCACACGGGGAGCGGTT,0,4340931
yadI_predicted,0.3333333333333333,2,2,TTCCATCACAGAAAAGGAGA,0,4354756
yadI_predicted,0.3333333333333333,2,2,TTCCACCTCACTACGCGTTA,0,4343231
yadI_predicted,0.3333333333333333,2,2,TTCATTTCTCTGCTAGCCAA,0,4357121
yadI_predicted,0.3333333333333333,2,2,TTCATTAAGCAATCACTCTT,0,4291880
yadI_predicted,0.3333333333333333,2,2,TTCATGGACTGCGAGCGTAC,0,4327620
yadI_predicted,0.3333333333333333,2,2,TTCATACTCTGGTGGCGGAA,0,4324746
yadI_predicted,0.3333333333333333,2,2,TTCATACCGGAACGGTACTT,0,4308755
yadI_predicted,0.3333333333333333,2,2,TTCATACAGGTTACGCCGAG,0,4326998
yadI_predicted,0.3333333333333333,2,2,TTCAGCTCTTGCGTCTAAGG,0,4286175
yadI_predicted,0.3333333333333333,2,2,TTCAGAGTAAAAAACGGTCA,0,4285835
yadI_predicted,0.3333333333333333,2,2,TTCAGACTTTAGTAGACAGT,0,4341314
yadI_predicted,0.3333333333333333,2,2,TTCACTTTAAGTCTCAGGAG,0,4294866
yadI_predicted,0.3333333333333333,2,2,TTCAATTCTTGTGCATCGGG,0,4338114
yadI_predicted,0.3333333333333333,2,2,TTCAATGGTACATCCTCGTA,0,4348582
yadI_predicted,0.3333333333333333,2,2,TTCAATGAACGTGTACCCAG,0,4293811
yadI_predicted,0.3333333333333333,2,2,TTCAATATGTCCCGGGTTGA,0,4355535
yadI_predicted,0.3333333333333333,2,2,TTCAATAATCTAACCTTTAT,0,4366159
yadI_predicted,0.3333333333333333,2,2,TTATTTTAAGCATTTTGCGC,0,4367342
yadI_predicted,0.3333333333333333,2,2,TTATTGGATTTGTCTCCGGC,0,4291443
yadI_predicted,0.3333333333333333,2,2,TTATGTCGATTTAACTTAGT,0,4329439
yadI_predicted,0.3333333333333333,2,2,TTATCGGGTCCGCAACAAAT,0,4291269
yadI_predicted,0.3333333333333333,2,2,TTATCATGTCTTCAGAGCTT,0,4354111
yadI_predicted,0.3333333333333333,2,2,TTAGTGTGTTGCCGTAATGC,0,4325746
yadI_predicted,0.3333333333333333,2,2,TTAGTGGGGTCCCGGACGAT,0,4330273
yadI_predicted,0.3333333333333333,2,2,TTAGTAGAAATCTGACCGGG,0,4299961
yadI_predicted,0.3333333333333333,2,2,TTAGGGTACCGGTATCGCTA,0,4308812
yadI_predicted,0.3333333333333333,2,2,TTAGGGGTACCTTGCCTATA,0,4353741
yadI_predicted,0.3333333333333333,2,2,TTAGGGCCGCTGCTTGTCTA,0,4308361
yadI_predicted,0.3333333333333333,2,2,TTAGGCAAGTAACGATCGGA,0,4366851
yadI_predicted,0.3333333333333333,2,2,TTAGAGACCAACACAAGAGC,0,4334676
yadI_predicted,0.3333333333333333,2,2,TTAGACTCACTCGGCTCCCC,0,4319041
yadI_predicted,0.3333333333333333,2,2,TTACTTGTATGCTTATGGTT,0,4345201
yadI_predicted,0.3333333333333333,2,2,TTACTCCAGTGAGTCGCGCG,0,4311187
yadI_predicted,0.3333333333333333,2,2,TTACTAAACCCACGGAGTGT,0,4286818
yadI_predicted,0.3333333333333333,2,2,TTACCGGATGCTGTCTACGG,0,4369457
yadI_predicted,0.3333333333333333,2,2,TTACCATAAGGACTCGCGGA,0,4323155
yadI_predicted,0.3333333333333333,2,2,TTACATTTTTGTCCACGTAT,0,4325630
yadI_predicted,0.3333333333333333,2,2,TTACATTTCGTGACGGAGTC,0,4368827
yadI_predicted,0.3333333333333333,2,2,TTACAGTTAGGATCGCTCGT,0,4336917
yadI_predicted,0.3333333333333333,2,2,TTACAGAGGATAAACCAAAG,0,4327417
yadI_predicted,0.3333333333333333,2,2,TTAATCGTGTTCGTGCTACT,0,4289679
yadI_predicted,0.3333333333333333,2,2,TTAATAGGCTTGTGCATAAC,0,4361933
yadI_predicted,0.3333333333333333,2,2,TTAATAGCTCGGAATAGCTT,0,4290140
yadI_predicted,0.3333333333333333,2,2,TTAAGGTGGTGGGGAGATGA,0,4345996
yadI_predicted,0.3333333333333333,2,2,TTAAGCAGGTGTACGAACCA,0,4301312
yadI_predicted,0.3333333333333333,2,2,TTAACGGTACTTCCGCGCGG,0,4306940
yadI_predicted,0.3333333333333333,2,2,TTAACGCGTAGTAAGAGCTA,0,4309869
yadI_predicted,0.3333333333333333,2,2,TTAACCATAAGACACGCTGG,0,4293711
yadI_predicted,0.3333333333333333,2,2,TTAACCAGCTTAGAGCTAAA,0,4310343
yadI_predicted,0.3333333333333333,2,2,TTAAACTGTCAAAAGATTGA,0,4362180
yadI_predicted,0.3333333333333333,2,2,TTAAAACGATCCGTAGTGCA,0,4357240
yadI_predicted,0.3333333333333333,2,2,TGTTTTCTCCCGCTTCATCT,0,4347573
yadI_predicted,0.3333333333333333,2,2,TGTTGTTTGTAGCATAGGCG,0,4347337
yadI_predicted,0.3333333333333333,2,2,TGTTGGGCAACAACTCACGT,0,4292726
yadI_predicted,0.3333333333333333,2,2,TGTTCGCCTTCATACTAAAC,0,4319254
yadI_predicted,0.3333333333333333,2,2,TGTTCACCTGCGCCGGTACC,0,4288839
yadI_predicted,0.3333333333333333,2,2,TGTTCACAGCGTACGATCCT,0,4358341
yadI_predicted,0.3333333333333333,2,2,TGTTATCACGTAGTAGTCCT,0,4332364
yadI_predicted,0.3333333333333333,2,2,TGTTACGACAGGCCGGGCGC,0,4288197
yadI_predicted,0.3333333333333333,2,2,TGTTAAGAATCCGTATCGCA,0,4350510
yadI_predicted,0.3333333333333333,2,2,TGTGTGCCTCCCAACCTCGG,0,4324528
yadI_predicted,0.3333333333333333,2,2,TGTGTAAGAATAGTGGCCTA,0,4308315
yadI_predicted,0.3333333333333333,2,2,TGTGGGGTTGTCCAATTACC,0,4330652
yadI_predicted,0.3333333333333333,2,2,TGTGGCTTGTACTAAGTTCG,0,4298119
yadI_predicted,0.3333333333333333,2,2,TGTGCTATCCTTGTCCGGCA,0,4294147
yadI_predicted,0.3333333333333333,2,2,TGTGCAGGAATTTGAGTACT,0,4285410
yadI_predicted,0.3333333333333333,2,2,TGTGAGTACCTGCGGGGTCT,0,4360176
yadI_predicted,0.3333333333333333,2,2,TGTGAGATGTCGTGACTGTA,0,4353478
yadI_predicted,0.3333333333333333,2,2,TGTCTTAGCAGTGATCGGGC,0,4323869
yadI_predicted,0.3333333333333333,2,2,TGTCTGCAAGCAACTCTGAA,0,4343883
yadI_predicted,0.3333333333333333,2,2,TGTCGGCGGCTTCTCATTGT,0,4317846
yadI_predicted,0.3333333333333333,2,2,TGTCCGCCGCATGTGTTGCC,0,4341381
yadI_predicted,0.3333333333333333,2,2,TGTCAGCGTTGCGAAGAAGT,0,4303659
yadI_predicted,0.3333333333333333,2,2,TGTCAGCCTAGAACCGTTTA,0,4340625
yadI_predicted,0.3333333333333333,2,2,TGTATATGTGATGTAGTCCT,0,4350333
yadI_predicted,0.3333333333333333,2,2,TGTATAGGCTGTGGAACTGG,0,4302705
yadI_predicted,0.3333333333333333,2,2,TGTAGGACGAAAGTGGATTC,0,4290219
yadI_predicted,0.3333333333333333,2,2,TGTAGAGCAGGGATATGCCC,0,4291334
yadI_predicted,0.3333333333333333,2,2,TGTACTCCAGGCGCAAGTCT,0,4288028
yadI_predicted,0.3333333333333333,2,2,TGTACCCTGGCACATTATGA,0,4319208
yadI_predicted,0.3333333333333333,2,2,TGTACAGCAGGGCGAACCTT,0,4318386
yadI_predicted,0.3333333333333333,2,2,TGTACAAAACCAGGTGTAGA,0,4322903
yadI_predicted,0.3333333333333333,2,2,TGGTTCATGTGAACACGAAT,0,4311064
yadI_predicted,0.3333333333333333,2,2,TGGTGTACGCACTTTTGTGA,0,4339417
yadI_predicted,0.3333333333333333,2,2,TGGTGAACTGACCGTTGGGG,0,4360874
yadI_predicted,0.3333333333333333,2,2,TGGTCTGGTGCCTGCAAACG,0,4338844
yadI_predicted,0.3333333333333333,2,2,TGGTCTCAGTGAAGTGCCGT,0,4327203
yadI_predicted,0.3333333333333333,2,2,TGGTCCCGCTGGATCGGCCA,0,4362493
yadI_predicted,0.3333333333333333,2,2,TGGTATGCCCCTGGTAAATA,0,4310178
yadI_predicted,0.3333333333333333,2,2,TGGTATATCGAGTTGGGTTA,0,4329172
yadI_predicted,0.3333333333333333,2,2,TGGTAGTTGAAGCACATGTA,0,4287699
yadI_predicted,0.3333333333333333,2,2,TGGTAGCCGATTGATCGGGG,0,4344476
yadI_predicted,0.3333333333333333,2,2,TGGTAATATGGCACTTGTGA,0,4329205
yadI_predicted,0.3333333333333333,2,2,TGGGTTGGCCAAGAGCGGGA,0,4314874
yadI_predicted,0.3333333333333333,2,2,TGGGTCTTTTTCGAATTACA,0,4360307
yadI_predicted,0.3333333333333333,2,2,TGGGTCTCGCGGCGCTAGCA,0,4369546
yadI_predicted,0.3333333333333333,2,2,TGGGTCCAGCACGTTTGACG,0,4307052
yadI_predicted,0.3333333333333333,2,2,TGGGTATCCTCGGCACAAAG,0,4333722
yadI_predicted,0.3333333333333333,2,2,TGGGGGTTCGCCTGTACAGA,0,4284958
yadI_predicted,0.3333333333333333,2,2,TGGGGAATGGCGTATACCAA,0,4325395
yadI_predicted,0.3333333333333333,2,2,TGGGGAAAAACCGGCCGACC,0,4319942
yadI_predicted,0.3333333333333333,2,2,TGGGCTGGCCGGCAAAACGT,0,4323612
yadI_predicted,0.3333333333333333,2,2,TGGGCGGTACTGCCATGCCT,0,4315114
yadI_predicted,0.3333333333333333,2,2,TGGGCGGGTACGGAGATCAT,0,4316570
yadI_predicted,0.3333333333333333,2,2,TGGGCGAGTTCATAGGGTCG,0,4294201
yadI_predicted,0.3333333333333333,2,2,TGGGCCGTAAAGATGCTGCT,0,4342419
yadI_predicted,0.3333333333333333,2,2,TGGGCCGCCCCAATCCACTT,0,4295019
yadI_predicted,0.3333333333333333,2,2,TGGGCCACGTACGGGGGAGA,0,4350466
yadI_predicted,0.3333333333333333,2,2,TGGGCATTGCCAGGCTTAGC,0,4335926
yadI_predicted,0.3333333333333333,2,2,TGGGCAGCAGCGGGCGAAAC,0,4312505
yadI_predicted,0.3333333333333333,2,2,TGGGATTCTACTCCCCTCAT,0,4348869
yadI_predicted,0.3333333333333333,2,2,TGGGAATTCTCCCCGTTTAC,0,4348895
yadI_predicted,0.3333333333333333,2,2,TGGGAATGATGTGTCTTTGC,0,4289365
yadI_predicted,0.3333333333333333,2,2,TGGCTAAAGGGTTTGTTCCT,0,4297704
yadI_predicted,0.3333333333333333,2,2,TGGCGTTCAACATGGGTAGT,0,4320497
yadI_predicted,0.3333333333333333,2,2,TGGCGGTACTCGAACGCATC,0,4302470
yadI_predicted,0.3333333333333333,2,2,TGGCGCAGCAATCCGGTACA,0,4349169
yadI_predicted,0.3333333333333333,2,2,TGGCGACATCATCAACTTTG,0,4303102
yadI_predicted,0.3333333333333333,2,2,TGGCCGGATGTTGTTGTTGT,0,4362793
yadI_predicted,0.3333333333333333,2,2,TGGCCCTCCTTATAGAAGTC,0,4335062
yadI_predicted,0.3333333333333333,2,2,TGGCCCTATATACATTCATC,0,4321256
yadI_predicted,0.3333333333333333,2,2,TGGCCCTAGATATGTGGCAT,0,4346476
yadI_predicted,0.3333333333333333,2,2,TGGCCATCTATGACCTCGCT,0,4318560
yadI_predicted,0.3333333333333333,2,2,TGGCCAGTGAGAATCTCAGG,0,4345234
yadI_predicted,0.3333333333333333,2,2,TGGCCACGCTTAAAAGCACT,0,4369426
yadI_predicted,0.3333333333333333,2,2,TGGCATAATGGGGAGTTCTT,0,4362753
yadI_predicted,0.3333333333333333,2,2,TGGCAAGGTACCCGCACCGT,0,4328501
yadI_predicted,0.3333333333333333,2,2,TGGCAAATAAGCGCGCGTTG,0,4308031
yadI_predicted,0.3333333333333333,2,2,TGGATTTGTAGAACGTGTAC,0,4348334
yadI_predicted,0.3333333333333333,2,2,TGGATGCCTAAGGCTAGCTA,0,4344083
yadI_predicted,0.3333333333333333,2,2,TGGATCATCCCGGTCATCAT,0,4324113
yadI_predicted,0.3333333333333333,2,2,TGGATAGGGTGAGGGCGTAC,0,4361599
yadI_predicted,0.3333333333333333,2,2,TGGATACTTCGCTCAACCGG,0,4351219
yadI_predicted,0.3333333333333333,2,2,TGGAGGCAGGCGGCAATCAC,0,4365486
yadI_predicted,0.3333333333333333,2,2,TGGAGGACCTGGGGTTGACA,0,4303562
yadI_predicted,0.3333333333333333,2,2,TGGAATGGTGTCACGTTCTA,0,4359703
yadI_predicted,0.3333333333333333,2,2,TGGAAGTGATCCCAAGGGAT,0,4348811
yadI_predicted,0.3333333333333333,2,2,TGGAAGCGTCAATTAATACA,0,4308914
yadI_predicted,0.3333333333333333,2,2,TGGAAACATCGTAACGCGAA,0,4293124
yadI_predicted,0.3333333333333333,2,2,TGCTGTCCAACCGGCTGCAG,0,4314442
yadI_predicted,0.3333333333333333,2,2,TGCTGCGTTCACCCAGACAG,0,4354634
yadI_predicted,0.3333333333333333,2,2,TGCTCGGCGACACTTTACGT,0,4318940
yadI_predicted,0.3333333333333333,2,2,TGCTCGCGTCTCCGGCTACC,0,4324748
yadI_predicted,0.3333333333333333,2,2,TGCTCAGTAATTTATCGTCA,0,4355639
yadI_predicted,0.3333333333333333,2,2,TGCTAGGTGATCGATTGCCA,0,4368910
yadI_predicted,0.3333333333333333,2,2,TGCTAGGACCAAGTCCCTTG,0,4315306
yadI_predicted,0.3333333333333333,2,2,TGCGGCTCAGAAGGCCTCAA,0,4298699
yadI_predicted,0.3333333333333333,2,2,TGCGGCCAGGAAGTGTAAAG,0,4339242
yadI_predicted,0.3333333333333333,2,2,TGCGGAGCAGTTCTTTTCTG,0,4303012
yadI_predicted,0.3333333333333333,2,2,TGCGAATAATACGTAGTTTC,0,4313617
yadI_predicted,0.3333333333333333,2,2,TGCCTTTGGAGGAATCAGGG,0,4328092
yadI_predicted,0.3333333333333333,2,2,TGCCTGCCCAGAGTTCTTGA,0,4318548
yadI_predicted,0.3333333333333333,2,2,TGCCTGAAATATTGAGTCAG,0,4314913
yadI_predicted,0.3333333333333333,2,2,TGCCTCTGTGGGCCATGCCA,0,4314948
yadI_predicted,0.3333333333333333,2,2,TGCCGTCCCCTGTAACTGTA,0,4314123
yadI_predicted,0.3333333333333333,2,2,TGCCGCCCAGTTCGGAGATT,0,4346221
yadI_predicted,0.3333333333333333,2,2,TGCCCTTAATTCTCTCAATT,0,4362575
yadI_predicted,0.3333333333333333,2,2,TGCCCGGCCGAGATTTCCGA,0,4298796
yadI_predicted,0.3333333333333333,2,2,TGCCCAACTGGACGACTCTC,0,4297334
yadI_predicted,0.3333333333333333,2,2,TGCCATATGGGACCAACTGG,0,4355562
yadI_predicted,0.3333333333333333,2,2,TGCCAGATATTAGCCTGCCT,0,4355797
yadI_predicted,0.3333333333333333,2,2,TGCCACCAAGGATGGGCAGT,0,4343528
yadI_predicted,0.3333333333333333,2,2,TGCCAATTCAAACTTTGGGT,0,4336831
yadI_predicted,0.3333333333333333,2,2,TGCATGTCTGCAAACGATTA,0,4331932
yadI_predicted,0.3333333333333333,2,2,TGCATGGTCCGAGACGGCCT,0,4302474
yadI_predicted,0.3333333333333333,2,2,TGCATGGGGACGTTCCGGAG,0,4310671
yadI_predicted,0.3333333333333333,2,2,TGCATGGAGGCCGCGCTCGA,0,4347210
yadI_predicted,0.3333333333333333,2,2,TGCATCCTCACTTCTTACGA,0,4347491
yadI_predicted,0.3333333333333333,2,2,TGCATAGGGCGTCCACAGAG,0,4344951
yadI_predicted,0.3333333333333333,2,2,TGCATACATAGTCATTACTG,0,4320317
yadI_predicted,0.3333333333333333,2,2,TGCAGTAAGCGCTGTAATTG,0,4340885
yadI_predicted,0.3333333333333333,2,2,TGCAGGTAATAGCTACGCTT,0,4362959
yadI_predicted,0.3333333333333333,2,2,TGCACGTATCAGGCCAGTCG,0,4365452
yadI_predicted,0.3333333333333333,2,2,TGCACCACTCATGATTCATA,0,4362896
yadI_predicted,0.3333333333333333,2,2,TGCACACCCTGTGTGTTTCA,0,4318524
yadI_predicted,0.3333333333333333,2,2,TGCACAAGGAGCTAACATAA,0,4308868
yadI_predicted,0.3333333333333333,2,2,TGCAAGATATGGGGGGGGGT,0,4361773
yadI_predicted,0.3333333333333333,2,2,TGCAAATCTGCATCATAGGT,0,4364288
yadI_predicted,0.3333333333333333,2,2,TGATTTCGTTACGTCTCCGG,0,4358569
yadI_predicted,0.3333333333333333,2,2,TGATTTCCCTCTTCTGGACT,0,4305673
yadI_predicted,0.3333333333333333,2,2,TGATTCCGTGGGTCTTGGCA,0,4369138
yadI_predicted,0.3333333333333333,2,2,TGATTCATGACACAGCGGTA,0,4310661
yadI_predicted,0.3333333333333333,2,2,TGATGTCAAAGAATGGGCAA,0,4352862
yadI_predicted,0.3333333333333333,2,2,TGATGGTATATAAAGGGAAA,0,4299822
yadI_predicted,0.3333333333333333,2,2,TGATGGGATTCTGTTAACGA,0,4284239
yadI_predicted,0.3333333333333333,2,2,TGATGGATTGTTTTATCACA,0,4311378
yadI_predicted,0.3333333333333333,2,2,TGATCTGACTGGCAATCAGC,0,4359953
yadI_predicted,0.3333333333333333,2,2,TGATCCTTTTGAGACTTGCT,0,4353845
yadI_predicted,0.3333333333333333,2,2,TGATCCCGACGACCTAAGTT,0,4293144
yadI_predicted,0.3333333333333333,2,2,TGATAAATCGGTGATGACGC,0,4344682
yadI_predicted,0.3333333333333333,2,2,TGATAAAAGCACTCTGCTCA,0,4343912
yadI_predicted,0.3333333333333333,2,2,TGAGGTGCCGCTAATCTAGC,0,4346626
yadI_predicted,0.3333333333333333,2,2,TGAGGTATTGGTGTCTGACG,0,4292956
yadI_predicted,0.3333333333333333,2,2,TGAGGCCGCGGTGAGGCACG,0,4319709
yadI_predicted,0.3333333333333333,2,2,TGAGCGGACCTCAGCGGAAT,0,4320176
yadI_predicted,0.3333333333333333,2,2,TGAGCGCAGGGTTAAAATCC,0,4332726
yadI_predicted,0.3333333333333333,2,2,TGAGAAGGACCATGGCCATG,0,4325195
yadI_predicted,0.3333333333333333,2,2,TGACTTGTGCATGCTCAACA,0,4316315
yadI_predicted,0.3333333333333333,2,2,TGACTCACACGATGGTGTGA,0,4355503
yadI_predicted,0.3333333333333333,2,2,TGACGCCCGGCGTGGAGAGA,0,4288348
yadI_predicted,0.3333333333333333,2,2,TGACCCGCTAGTCTAAGGTG,0,4363907
yadI_predicted,0.3333333333333333,2,2,TGACCACGTCGGTTCTGGTG,0,4287412
yadI_predicted,0.3333333333333333,2,2,TGACACTAGACCATGTTTTA,0,4292707
yadI_predicted,0.3333333333333333,2,2,TGACAAGGGTCCTGAGTCAT,0,4332738
yadI_predicted,0.3333333333333333,2,2,TGAATTTCCTGCAACTCGCC,0,4294171
yadI_predicted,0.3333333333333333,2,2,TGAATTCGTTCCAGCTCTCG,0,4295994
yadI_predicted,0.3333333333333333,2,2,TGAATTAAATCCCTCGGAAG,0,4321337
yadI_predicted,0.3333333333333333,2,2,TGAATGCGCCCGAGACCGCA,0,4325100
yadI_predicted,0.3333333333333333,2,2,TGAATCGCCCTCTTCACCGC,0,4302258
yadI_predicted,0.3333333333333333,2,2,TGAAGTAAGGAGGCTCTGAA,0,4355606
yadI_predicted,0.3333333333333333,2,2,TGAAGGTACTAGACTAATTA,0,4299728
yadI_predicted,0.3333333333333333,2,2,TGAAGGGAGGCATGTTGAAT,0,4300938
yadI_predicted,0.3333333333333333,2,2,TGAAGGACTTCCTGCCGCAT,0,4314704
yadI_predicted,0.3333333333333333,2,2,TGAACTTAGTGAACAACCAT,0,4310490
yadI_predicted,0.3333333333333333,2,2,TGAACTCTTGTGCCGGACAT,0,4361069
yadI_predicted,0.3333333333333333,2,2,TGAACGTCCTGCGGCTTCAG,0,4329088
yadI_predicted,0.3333333333333333,2,2,TCTTTTACCGACCCTATCTA,0,4332093
yadI_predicted,0.3333333333333333,2,2,TCTTTAGTCCTGGTGCTGTA,0,4301846
yadI_predicted,0.3333333333333333,2,2,TCTTGGTTTACGACACCGCT,0,4345720
yadI_predicted,0.3333333333333333,2,2,TCTTGATGAGCCGCGTCTCG,0,4317513
yadI_predicted,0.3333333333333333,2,2,TCTTCCTGATTTCCCCACGG,0,4324169
yadI_predicted,0.3333333333333333,2,2,TCTTCAGTAGTCCCCCCAGT,0,4318723
yadI_predicted,0.3333333333333333,2,2,TCTTATCTTAGACGGTGAGT,0,4329918
yadI_predicted,0.3333333333333333,2,2,TCTTATCAGACGGCGGCAAA,0,4329171
yadI_predicted,0.3333333333333333,2,2,TCTTAGCGATCTTGACTTAT,0,4300371
yadI_predicted,0.3333333333333333,2,2,TCTTACAGTAAATCGAAGAA,0,4333769
yadI_predicted,0.3333333333333333,2,2,TCTTAAATTCTCTACATTAC,0,4326476
yadI_predicted,0.3333333333333333,2,2,TCTGTTGTTTATTGATATGT,0,4285642
yadI_predicted,0.3333333333333333,2,2,TCTGTTCTGACTCTGCCCCG,0,4290265
yadI_predicted,0.3333333333333333,2,2,TCTGTACACGTGAGCGTGGA,0,4313799
yadI_predicted,0.3333333333333333,2,2,TCTGGTTGGTTAAAATTTCA,0,4295348
yadI_predicted,0.3333333333333333,2,2,TCTGGTTACTCTAGTGACAG,0,4300144
yadI_predicted,0.3333333333333333,2,2,TCTGGTATAACCGCAGGCCC,0,4300958
yadI_predicted,0.3333333333333333,2,2,TCTGGGGTCCCCGCCTAGAC,0,4357449
yadI_predicted,0.3333333333333333,2,2,TCTGCTCACGCCGTTGTTCT,0,4357318
yadI_predicted,0.3333333333333333,2,2,TCTGCTAAACGTAGGAATTC,0,4286767
yadI_predicted,0.3333333333333333,2,2,TCTGATTCATATTCCATCTT,0,4365904
yadI_predicted,0.3333333333333333,2,2,TCTCTGCGAGTGGCGTAGTA,0,4297503
yadI_predicted,0.3333333333333333,2,2,TCTCTGAACGGCCGGCAGAC,0,4300386
yadI_predicted,0.3333333333333333,2,2,TCTCTATTTAGATACTCTTG,0,4343508
yadI_predicted,0.3333333333333333,2,2,TCTCGTATCTCAGATGGCGT,0,4316261
yadI_predicted,0.3333333333333333,2,2,TCTCGCTGACAACCGTCGTC,0,4350749
yadI_predicted,0.3333333333333333,2,2,TCTCAGTCCTAGATTTCGCA,0,4317019
yadI_predicted,0.3333333333333333,2,2,TCTCACCCCGGACCACGAGC,0,4288086
yadI_predicted,0.3333333333333333,2,2,TCTATTAAACTTCATGTTGC,0,4286507
yadI_predicted,0.3333333333333333,2,2,TCTAAGGGTGGGATCCGTCT,0,4303233
yadI_predicted,0.3333333333333333,2,2,TCGTTGCAAAGTAATCGATT,0,4306334
yadI_predicted,0.3333333333333333,2,2,TCGTGTGCGTAGGAGCCAGT,0,4369477
yadI_predicted,0.3333333333333333,2,2,TCGTGGAGTGCACGATGCTG,0,4320344
yadI_predicted,0.3333333333333333,2,2,TCGTGCCTCATAGCAAAGTA,0,4354292
yadI_predicted,0.3333333333333333,2,2,TCGTGCAGGGCCAGGCGGAT,0,4322526
yadI_predicted,0.3333333333333333,2,2,TCGTGAAAATATGTCCAGAT,0,4316576
yadI_predicted,0.3333333333333333,2,2,TCGTCTAACTATGTGGGAGG,0,4341782
yadI_predicted,0.3333333333333333,2,2,TCGTCACAAGCCTTTAGGGT,0,4310712
yadI_predicted,0.3333333333333333,2,2,TCGTATCCCGAAGAGTCTAT,0,4316581
yadI_predicted,0.3333333333333333,2,2,TCGTACCGCAGTACTTAATG,0,4340506
yadI_predicted,0.3333333333333333,2,2,TCGTAATTGCAGAGACGTAT,0,4347186
yadI_predicted,0.3333333333333333,2,2,TCGGTCCATATCTGTCATCT,0,4343096
yadI_predicted,0.3333333333333333,2,2,TCGGGTGGGTACCAGCATCC,0,4361878
yadI_predicted,0.3333333333333333,2,2,TCGGGCTCCTTAAACGAATC,0,4295509
yadI_predicted,0.3333333333333333,2,2,TCGGGCCTGGGCGCAAATAA,0,4293262
yadI_predicted,0.3333333333333333,2,2,TCGGGATCTCCAAGACATAG,0,4294865
yadI_predicted,0.3333333333333333,2,2,TCGGGAGGCCCTAAATTGTT,0,4332838
yadI_predicted,0.3333333333333333,2,2,TCGGGAGCGGTCTCATAGGT,0,4323224
yadI_predicted,0.3333333333333333,2,2,TCGGGACTCAAATTCTTCTT,0,4343378
yadI_predicted,0.3333333333333333,2,2,TCGGGACGTCCTTCCCGCAT,0,4345661
yadI_predicted,0.3333333333333333,2,2,TCGGCTTAACAAGTTTTCGA,0,4337619
yadI_predicted,0.3333333333333333,2,2,TCGGATTGTGTTACCACAAT,0,4288862
yadI_predicted,0.3333333333333333,2,2,TCGGATGGAGAGGAAGGGTA,0,4363213
yadI_predicted,0.3333333333333333,2,2,TCGGAGATCTAGTGTATCGG,0,4312294
yadI_predicted,0.3333333333333333,2,2,TCGCTGCTTGAGCAGCGGTG,0,4330596
yadI_predicted,0.3333333333333333,2,2,TCGCTGCCAAGTTCTGTCAA,0,4343751
yadI_predicted,0.3333333333333333,2,2,TCGCTCGGCAGGGCTAACTA,0,4315499
yadI_predicted,0.3333333333333333,2,2,TCGCCCAGAAAGTCAGTTTC,0,4323201
yadI_predicted,0.3333333333333333,2,2,TCGCCACGTCGGCAAACACC,0,4328730
yadI_predicted,0.3333333333333333,2,2,TCGCATCGTATACGATTCTT,0,4342908
yadI_predicted,0.3333333333333333,2,2,TCGCACCCCCGAGTAAAGCA,0,4319608
yadI_predicted,0.3333333333333333,2,2,TCGATTGGCCAAAGGACTCG,0,4304824
yadI_predicted,0.3333333333333333,2,2,TCGATCAAGGGTGCCCAGTA,0,4330387
yadI_predicted,0.3333333333333333,2,2,TCGATAAAGTTGGTAACGTA,0,4324465
yadI_predicted,0.3333333333333333,2,2,TCGAGCAGCTGCGCAGGTGC,0,4348894
yadI_predicted,0.3333333333333333,2,2,TCGAGACGGAGCTAGGAGCC,0,4348940
yadI_predicted,0.3333333333333333,2,2,TCGAATTTACGCACCTCGTA,0,4353643
yadI_predicted,0.3333333333333333,2,2,TCGAAGTATAGTGATAATCA,0,4332591
yadI_predicted,0.3333333333333333,2,2,TCGAACGTCATTATCTCGAG,0,4358802
yadI_predicted,0.3333333333333333,2,2,TCGAACGGCTAAACAAGGCA,0,4363538
yadI_predicted,0.3333333333333333,2,2,TCGAAAATTCATTGGAAAGC,0,4363622
yadI_predicted,0.3333333333333333,2,2,TCCTTCATTGGTCTCTAGTA,0,4301446
yadI_predicted,0.3333333333333333,2,2,TCCTGCGCAGTGCTTGTCCT,0,4285847
yadI_predicted,0.3333333333333333,2,2,TCCTGCACTCACAGCTAGTC,0,4330816
yadI_predicted,0.3333333333333333,2,2,TCCTGACTTGTGGCAAAGCA,0,4360095
yadI_predicted,0.3333333333333333,2,2,TCCTCATCTCACCATTATCA,0,4337045
yadI_predicted,0.3333333333333333,2,2,TCCTAGCGGAAGTTTCCTTA,0,4366133
yadI_predicted,0.3333333333333333,2,2,TCCGTTGGGGTCTCGCCCCA,0,4358681
yadI_predicted,0.3333333333333333,2,2,TCCGTGCGATTAGGTGCTGT,0,4293903
yadI_predicted,0.3333333333333333,2,2,TCCGTCCCGTACACCAGTAA,0,4346477
yadI_predicted,0.3333333333333333,2,2,TCCGTAGCAGCTAGTATAGA,0,4360814
yadI_predicted,0.3333333333333333,2,2,TCCGGTCACGCCCGAGGACC,0,4368504
yadI_predicted,0.3333333333333333,2,2,TCCGGGGGTTACAGGCCACG,0,4369736
yadI_predicted,0.3333333333333333,2,2,TCCCTTGGGGATTTTATTGC,0,4333116
yadI_predicted,0.3333333333333333,2,2,TCCCTCTCGCCATAGTGGAG,0,4302229
yadI_predicted,0.3333333333333333,2,2,TCCCGGGGACATACATCCTA,0,4352490
yadI_predicted,0.3333333333333333,2,2,TCCCGCATGCAACACTTTCG,0,4297253
yadI_predicted,0.3333333333333333,2,2,TCCCGAGGCGCATATATGTG,0,4324251
yadI_predicted,0.3333333333333333,2,2,TCCCGAGCCTCGTGGGTCCC,0,4338521
yadI_predicted,0.3333333333333333,2,2,TCCCCCGTGGAGCCTTAGAC,0,4322228
yadI_predicted,0.3333333333333333,2,2,TCCCATTATATCCACGGCGC,0,4368242
yadI_predicted,0.3333333333333333,2,2,TCCCAGCCCGCGCTCCTTTG,0,4310501
yadI_predicted,0.3333333333333333,2,2,TCCATTCATCGCTGGAGCAT,0,4318399
yadI_predicted,0.3333333333333333,2,2,TCCATTAGATGGTGATCGAG,0,4336559
yadI_predicted,0.3333333333333333,2,2,TCCATCATGATGGAGGGCCA,0,4296074
yadI_predicted,0.3333333333333333,2,2,TCCAGTGGCCTGTCAACATA,0,4294784
yadI_predicted,0.3333333333333333,2,2,TCCAGCAGCGCAATCTGACG,0,4311946
yadI_predicted,0.3333333333333333,2,2,TCCACGGATCACTACCCCTA,0,4361098
yadI_predicted,0.3333333333333333,2,2,TCCACCAACAATTGGTACCG,0,4353501
yadI_predicted,0.3333333333333333,2,2,TCCACAACCATGAAAGATTA,0,4307811
yadI_predicted,0.3333333333333333,2,2,TCCAATGGGCAGTTCTCGCT,0,4290133
yadI_predicted,0.3333333333333333,2,2,TCCAATAAATGATTAATTGT,0,4362927
yadI_predicted,0.3333333333333333,2,2,TCCAAGAGGCGACCACGCTG,0,4317374
yadI_predicted,0.3333333333333333,2,2,TCCAACTGGATTCTCTACAG,0,4321828
yadI_predicted,0.3333333333333333,2,2,TCCAACCCCGGAGGCTTGTA,0,4294049
yadI_predicted,0.3333333333333333,2,2,TCCAAACAGACCGTTGAGTC,0,4344916
yadI_predicted,0.3333333333333333,2,2,TCCAAAATAAGCCAATCAAT,0,4327067
yadI_predicted,0.3333333333333333,2,2,TCATTTTTCTGTTTCTGCCC,0,4330857
yadI_predicted,0.3333333333333333,2,2,TCATTTATCTTAGAAGGTCC,0,4332084
yadI_predicted,0.3333333333333333,2,2,TCATTTACCCGGTGGAAATT,0,4341277
yadI_predicted,0.3333333333333333,2,2,TCATTAACTTATAGCGGTAG,0,4306410
yadI_predicted,0.3333333333333333,2,2,TCATGTCACGAGTGAACTAC,0,4362533
yadI_predicted,0.3333333333333333,2,2,TCATCTCTATCATTGCCTGA,0,4292470
yadI_predicted,0.3333333333333333,2,2,TCATCCAAATATCACATGCG,0,4356986
yadI_predicted,0.3333333333333333,2,2,TCATATTCTGCGAATATGGG,0,4309769
yadI_predicted,0.3333333333333333,2,2,TCATATAACATTTGTAGGGT,0,4308343
yadI_predicted,0.3333333333333333,2,2,TCAGTTCTCACTGTGCTATC,0,4338594
yadI_predicted,0.3333333333333333,2,2,TCAGTGGTTGGGTCCTAATA,0,4363295
yadI_predicted,0.3333333333333333,2,2,TCAGGTCAATGTCTGAATAC,0,4314876
yadI_predicted,0.3333333333333333,2,2,TCAGGGGTAATCATGTCTCC,0,4327535
yadI_predicted,0.3333333333333333,2,2,TCAGGCAGTTGCACCCTCAG,0,4304506
yadI_predicted,0.3333333333333333,2,2,TCAGCGTAAGTGTCGGCATA,0,4366737
yadI_predicted,0.3333333333333333,2,2,TCAGCGGAGTTTGCTCCATG,0,4327534
yadI_predicted,0.3333333333333333,2,2,TCAGCGCGGTTGATGGGCAA,0,4337872
yadI_predicted,0.3333333333333333,2,2,TCAGATTAGACGACCACATG,0,4359036
yadI_predicted,0.3333333333333333,2,2,TCAGAGGGTGTCGAATTGAT,0,4352238
yadI_predicted,0.3333333333333333,2,2,TCAGACCGGCCCGTATTCGC,0,4321206
yadI_predicted,0.3333333333333333,2,2,TCACGGTTATCATATAAGAT,0,4306050
yadI_predicted,0.3333333333333333,2,2,TCACGCACCCTTGATTGGAG,0,4357932
yadI_predicted,0.3333333333333333,2,2,TCACCTGCCCTCTAGGGGGA,0,4297552
yadI_predicted,0.3333333333333333,2,2,TCACCTCCACGTATCGGGAG,0,4296696
yadI_predicted,0.3333333333333333,2,2,TCACCGTTCTGAGCTAATTA,0,4308657
yadI_predicted,0.3333333333333333,2,2,TCACACCCTCGACTTAGGCC,0,4326897
yadI_predicted,0.3333333333333333,2,2,TCACAAGGTTGATGTTTAAA,0,4341720
yadI_predicted,0.3333333333333333,2,2,TCAAGGGCGCCGGGATTGTC,0,4298655
yadI_predicted,0.3333333333333333,2,2,TCAAGGCCCAATAGAAGGCG,0,4346642
yadI_predicted,0.3333333333333333,2,2,TCAAGATCGCCGATGCATGA,0,4321557
yadI_predicted,0.3333333333333333,2,2,TCAACGTTCGTCCTTAGTAT,0,4340515
yadI_predicted,0.3333333333333333,2,2,TCAACAGACATTACATGTAG,0,4322697
yadI_predicted,0.3333333333333333,2,2,TCAAAGACAGCTCAATATTG,0,4366905
yadI_predicted,0.3333333333333333,2,2,TCAAACCTCTTCAGGTGATC,0,4323734
yadI_predicted,0.3333333333333333,2,2,TCAAACAGCGCGGGAGGTCT,0,4291650
yadI_predicted,0.3333333333333333,2,2,TATTTGAGTGAACTCCTTCA,0,4344667
yadI_predicted,0.3333333333333333,2,2,TATTTATTGGCGAGCCTCGG,0,4328449
yadI_predicted,0.3333333333333333,2,2,TATTGTGATTCCATATTCTA,0,4354296
yadI_predicted,0.3333333333333333,2,2,TATTGCCAATGACAGTGCGG,0,4367653
yadI_predicted,0.3333333333333333,2,2,TATTGAGTGTCATCCTGGCG,0,4317357
yadI_predicted,0.3333333333333333,2,2,TATTACTAACTCTAACGGGT,0,4309458
yadI_predicted,0.3333333333333333,2,2,TATGTCGGCCCTAGTTCGAA,0,4343087
yadI_predicted,0.3333333333333333,2,2,TATGTAACGCGTACGCCGAC,0,4302525
yadI_predicted,0.3333333333333333,2,2,TATGGCATGACTGGCAACCA,0,4295471
yadI_predicted,0.3333333333333333,2,2,TATGGATAAGCAAATACTAG,0,4328082
yadI_predicted,0.3333333333333333,2,2,TATGCTGACCTGAATAGGGG,0,4289800
yadI_predicted,0.3333333333333333,2,2,TATGAGTCCCGCTCATTTGG,0,4291012
yadI_predicted,0.3333333333333333,2,2,TATGAAAGGATGAGAGAATT,0,4361191
yadI_predicted,0.3333333333333333,2,2,TATCTCGTTGCGCACCATAT,0,4287708
yadI_predicted,0.3333333333333333,2,2,TATCTAGCACGGTTTTAATA,0,4326782
yadI_predicted,0.3333333333333333,2,2,TATCGGCCGCGAACAATTCG,0,4365494
yadI_predicted,0.3333333333333333,2,2,TATCCACGTTTGTTTCTCAT,0,4306053
yadI_predicted,0.3333333333333333,2,2,TATCAACGCGCCTCAGAAAG,0,4352344
yadI_predicted,0.3333333333333333,2,2,TATATGGTAGAAAGTCGTCA,0,4329286
yadI_predicted,0.3333333333333333,2,2,TATATGCTCAGGGCAATTTA,0,4351458
yadI_predicted,0.3333333333333333,2,2,TATAGGAGCTCGCCAGCAAC,0,4319980
yadI_predicted,0.3333333333333333,2,2,TATAGCTGATGCTGTAAGTG,0,4312642
yadI_predicted,0.3333333333333333,2,2,TATAGCAAGCGTCGGAGACA,0,4301696
yadI_predicted,0.3333333333333333,2,2,TATACGCATATAGCACGGCT,0,4292555
yadI_predicted,0.3333333333333333,2,2,TATAATGCGGTGGCAAGGTG,0,4356777
yadI_predicted,0.3333333333333333,2,2,TATAACAGTAAATTTAGCGG,0,4319756
yadI_predicted,0.3333333333333333,2,2,TATAAATAGCTCTACTTGGT,0,4295925
yadI_predicted,0.3333333333333333,2,2,TAGTGGGGGCGCCGGGCACA,0,4364251
yadI_predicted,0.3333333333333333,2,2,TAGGTAGTGTCAGAGCGTCT,0,4333853
yadI_predicted,0.3333333333333333,2,2,TAGGCTGACCGTAACGCGGG,0,4291026
yadI_predicted,0.3333333333333333,2,2,TAGGCTCCCGCACATTAGAA,0,4285121
yadI_predicted,0.3333333333333333,2,2,TAGGCCAACGCCACCGTAGC,0,4285512
yadI_predicted,0.3333333333333333,2,2,TAGGACTCGTAGTGAGAAAG,0,4317127
yadI_predicted,0.3333333333333333,2,2,TAGCTCGGGCCGAGTACACC,0,4284307
yadI_predicted,0.3333333333333333,2,2,TAGCGAAGGGAGACTACGGA,0,4339320
yadI_predicted,0.3333333333333333,2,2,TAGCCGATAGGACCGACGAC,0,4303648
yadI_predicted,0.3333333333333333,2,2,TAGCCGACTCATTCCCTACA,0,4302601
yadI_predicted,0.3333333333333333,2,2,TAGCCGACGCCGCGTTACTA,0,4301406
yadI_predicted,0.3333333333333333,2,2,TAGCATTGTTGTAAATGCAT,0,4363992
yadI_predicted,0.3333333333333333,2,2,TAGATTCATGGGGAGAGCCT,0,4314453
yadI_predicted,0.3333333333333333,2,2,TAGATGGCCCCGGGTATATC,0,4300143
yadI_predicted,0.3333333333333333,2,2,TAGATGCCATGCCCGAACAC,0,4313953
yadI_predicted,0.3333333333333333,2,2,TAGATCTTTCTTTGAAGCAG,0,4339585
yadI_predicted,0.3333333333333333,2,2,TAGATCTCAGAGCGGGAAGG,0,4288584
yadI_predicted,0.3333333333333333,2,2,TAGATAGTCTGAGAATGTCT,0,4336143
yadI_predicted,0.3333333333333333,2,2,TAGATAGGGTTCGAAGCTTG,0,4324081
yadI_predicted,0.3333333333333333,2,2,TAGAGGTCCGTCCCCTTATC,0,4325336
yadI_predicted,0.3333333333333333,2,2,TAGAGCCGTGCTCCGTATTG,0,4354619
yadI_predicted,0.3333333333333333,2,2,TAGAGCAACCCCATTCCGGG,0,4290419
yadI_predicted,0.3333333333333333,2,2,TAGACTTGAATACCCACATA,0,4312282
yadI_predicted,0.3333333333333333,2,2,TAGACGTCTATGCCTGCCTA,0,4359853
yadI_predicted,0.3333333333333333,2,2,TAGACGAGGGTATGTCAAGA,0,4323605
yadI_predicted,0.3333333333333333,2,2,TAGAATGGAACACACCCCTA,0,4305598
yadI_predicted,0.3333333333333333,2,2,TAGAAGTGATTGACCCAAAG,0,4342972
yadI_predicted,0.3333333333333333,2,2,TAGAACGCGCTTCACTTGAG,0,4348077
yadI_predicted,0.3333333333333333,2,2,TAGAACACTTAGGGAGCGGG,0,4340982
yadI_predicted,0.3333333333333333,2,2,TAGAAAAAGACTCGGAACTT,0,4365156
yadI_predicted,0.3333333333333333,2,2,TACTTGGCCTGCGTATCGGG,0,4320366
yadI_predicted,0.3333333333333333,2,2,TACTTGAACCGGAGCCACTC,0,4304271
yadI_predicted,0.3333333333333333,2,2,TACTTCTCCAGACCACGCGT,0,4288559
yadI_predicted,0.3333333333333333,2,2,TACTTACTTGCGGCATGTTG,0,4301769
yadI_predicted,0.3333333333333333,2,2,TACTGTGACAACAAAACTAA,0,4340181
yadI_predicted,0.3333333333333333,2,2,TACTGGCGTTAACTTGATGC,0,4335003
yadI_predicted,0.3333333333333333,2,2,TACTCTGTCTGCCCCATGCA,0,4327533
yadI_predicted,0.3333333333333333,2,2,TACTCTGCATACTATGGTAT,0,4363616
yadI_predicted,0.3333333333333333,2,2,TACTCGTAACGCAACCCGGG,0,4360266
yadI_predicted,0.3333333333333333,2,2,TACTCCTCTGCGTAACCATT,0,4325588
yadI_predicted,0.3333333333333333,2,2,TACTCCCCATTTGTTTCTAT,0,4298395
yadI_predicted,0.3333333333333333,2,2,TACTCAGGCTAACGGTGCCC,0,4323399
yadI_predicted,0.3333333333333333,2,2,TACTACTTACTCTCGATGAC,0,4334243
yadI_predicted,0.3333333333333333,2,2,TACTACCGTTGTGAGTTGCC,0,4305896
yadI_predicted,0.3333333333333333,2,2,TACTACCGAATATTACCTCA,0,4292469
yadI_predicted,0.3333333333333333,2,2,TACTAACGGCAAATTAACTT,0,4305593
yadI_predicted,0.3333333333333333,2,2,TACGTATAGCAGAGCACCAT,0,4327237
yadI_predicted,0.3333333333333333,2,2,TACGGGGCATTCGCCTTGAA,0,4331985
yadI_predicted,0.3333333333333333,2,2,TACGGCAAGGCGCCTAACAG,0,4286571
yadI_predicted,0.3333333333333333,2,2,TACGGATAAAGTTGCTTCAA,0,4352035
yadI_predicted,0.3333333333333333,2,2,TACGCCCATAACAACCGTAA,0,4312868
yadI_predicted,0.3333333333333333,2,2,TACGAAATTTAAGGTTCAGC,0,4337764
yadI_predicted,0.3333333333333333,2,2,TACCTTAATGCCCAGGCCTG,0,4352008
yadI_predicted,0.3333333333333333,2,2,TACCTGTGCTCGAGGGTTCG,0,4357101
yadI_predicted,0.3333333333333333,2,2,TACCGCTGAAAGCACATCTT,0,4366336
yadI_predicted,0.3333333333333333,2,2,TACCCGACACTTACTCGGAT,0,4353642
yadI_predicted,0.3333333333333333,2,2,TACCATCGTTTATCGGCGAA,0,4297990
yadI_predicted,0.3333333333333333,2,2,TACCATATTGTACTGATTAT,0,4340815
yadI_predicted,0.3333333333333333,2,2,TACCAGCCCTACGGATGTGA,0,4330479
yadI_predicted,0.3333333333333333,2,2,TACCAGACCAGTTACAAGGC,0,4287431
yadI_predicted,0.3333333333333333,2,2,TACCAATGTTTCACGCTGAT,0,4350552
yadI_predicted,0.3333333333333333,2,2,TACATGGATTTGCTCCTCTT,0,4313691
yadI_predicted,0.3333333333333333,2,2,TACATACATAGGTTACCCAT,0,4324105
yadI_predicted,0.3333333333333333,2,2,TACATAAATGAGCGGATCTG,0,4294392
yadI_predicted,0.3333333333333333,2,2,TACAGTTAGGCAGGGTGTAA,0,4312476
yadI_predicted,0.3333333333333333,2,2,TACAGTGCTCCTGTTCATGT,0,4363075
yadI_predicted,0.3333333333333333,2,2,TACAGCTGGGACTCGCTTAC,0,4327015
yadI_predicted,0.3333333333333333,2,2,TACAGCCGAATATATGTCCT,0,4335933
yadI_predicted,0.3333333333333333,2,2,TACACTATTGAAAACAGGGG,0,4357347
yadI_predicted,0.3333333333333333,2,2,TACAAAGATCTGTCTGTCCT,0,4304562
yadI_predicted,0.3333333333333333,2,2,TAATTTGAACACGGCTTCGA,0,4330566
yadI_predicted,0.3333333333333333,2,2,TAATTCGAATCCAGATAAGC,0,4300937
yadI_predicted,0.3333333333333333,2,2,TAATGTGGCCAAGTAGGGGT,0,4351847
yadI_predicted,0.3333333333333333,2,2,TAATGGTTCGAGCCATGTGG,0,4347722
yadI_predicted,0.3333333333333333,2,2,TAATGGCCTTCTCTTATGAG,0,4291265
yadI_predicted,0.3333333333333333,2,2,TAATGCCTAGTCCTGGGCAG,0,4342589
yadI_predicted,0.3333333333333333,2,2,TAATGCATGGTATATGCGGA,0,4333130
yadI_predicted,0.3333333333333333,2,2,TAATGCACACGTCCAGGAGG,0,4344743
yadI_predicted,0.3333333333333333,2,2,TAATCTTTCAGGAAATATCG,0,4303076
yadI_predicted,0.3333333333333333,2,2,TAATCTTAGCTAACCCGAGT,0,4286597
yadI_predicted,0.3333333333333333,2,2,TAATCGTATAGTTCAATCGG,0,4357914
yadI_predicted,0.3333333333333333,2,2,TAATAATAGTCACCTCGTCG,0,4345357
yadI_predicted,0.3333333333333333,2,2,TAAGTGGGTCAAGGATTCCA,0,4316766
yadI_predicted,0.3333333333333333,2,2,TAAGTGCAAAACGCTTTAAG,0,4299411
yadI_predicted,0.3333333333333333,2,2,TAAGTCGCGAGGGCCGATGC,0,4359135
yadI_predicted,0.3333333333333333,2,2,TAAGGTCAATGTGAGTATGG,0,4353201
yadI_predicted,0.3333333333333333,2,2,TAAGGGATGGACCAGCCAGG,0,4356242
yadI_predicted,0.3333333333333333,2,2,TAAGCTATTCAGCGGGCGGG,0,4301776
yadI_predicted,0.3333333333333333,2,2,TAAGCTATTAGCGTTGACAT,0,4309119
yadI_predicted,0.3333333333333333,2,2,TAAGCGAGTTAGCACGACTA,0,4299068
yadI_predicted,0.3333333333333333,2,2,TAAGCCCGAAATCACGTGAT,0,4306629
yadI_predicted,0.3333333333333333,2,2,TAAGACTGACAGTCGATAAA,0,4291075
yadI_predicted,0.3333333333333333,2,2,TAACTCGGTTGTCACGTCGG,0,4313425
yadI_predicted,0.3333333333333333,2,2,TAACGTTACGCCACAGACGT,0,4353365
yadI_predicted,0.3333333333333333,2,2,TAACGGTGTCGCACGCCAGC,0,4296111
yadI_predicted,0.3333333333333333,2,2,TAACGACGTGGCTCTTCTGT,0,4352741
yadI_predicted,0.3333333333333333,2,2,TAACGAAGAGAGTACCGAAC,0,4352067
yadI_predicted,0.3333333333333333,2,2,TAACGAAACTTCTGAGTTCG,0,4290789
yadI_predicted,0.3333333333333333,2,2,TAACCTGCGTTCACGGATAT,0,4358684
yadI_predicted,0.3333333333333333,2,2,TAACCGATATAATCCTCAAT,0,4351645
yadI_predicted,0.3333333333333333,2,2,TAACCCGGTATATACTACCC,0,4304410
yadI_predicted,0.3333333333333333,2,2,TAACAGGTGGACCTCTAATG,0,4321169
yadI_predicted,0.3333333333333333,2,2,TAACAGACGATGGGAATGAC,0,4304701
yadI_predicted,0.3333333333333333,2,2,TAAATTTGGTTTAGGAGTCC,0,4286875
yadI_predicted,0.3333333333333333,2,2,TAAATCTACATTTCTAACCA,0,4342493
yadI_predicted,0.3333333333333333,2,2,TAAATCAATAAAGAGTTACG,0,4311073
yadI_predicted,0.3333333333333333,2,2,TAAATACGTTGGGATCCGAA,0,4305519
yadI_predicted,0.3333333333333333,2,2,TAAAGTGGCCACAGGTAGCA,0,4354270
yadI_predicted,0.3333333333333333,2,2,TAAAGTCACTGATACAAGGA,0,4322267
yadI_predicted,0.3333333333333333,2,2,TAAAGGTAGGGGAAAAGAAA,0,4285736
yadI_predicted,0.3333333333333333,2,2,TAAAGACGCAAAGGGGCGCT,0,4333813
yadI_predicted,0.3333333333333333,2,2,TAAACTCACACGGAAACGTG,0,4348215
yadI_predicted,0.3333333333333333,2,2,TAAACGAGACGGTGGCAAGA,0,4351460
yadI_predicted,0.3333333333333333,2,2,TAAAAGTCAGGGATATGAGC,0,4302777
yadI_predicted,0.3333333333333333,2,2,TAAAAGAGCTAAGGGAGCAG,0,4327383
yadI_predicted,0.3333333333333333,2,2,TAAAACGGTGTTAGGTTGAA,0,4309814
yadI_predicted,0.3333333333333333,2,2,TAAAAATGGGGATTTTCCGG,0,4301366
yadI_predicted,0.3333333333333333,2,2,TAAAAACTAGACCTGTCGTA,0,4358924
yadI_predicted,0.3333333333333333,2,2,GTTTTTTGGACAAAGTATAG,0,4296925
yadI_predicted,0.3333333333333333,2,2,GTTTTGACGACTATGGCACT,0,4285887
yadI_predicted,0.3333333333333333,2,2,GTTTTCCTATGAGTCCGAAA,0,4336717
yadI_predicted,0.3333333333333333,2,2,GTTTGTTCACCTTCGGAATA,0,4306598
yadI_predicted,0.3333333333333333,2,2,GTTTGGTACGAGCTCAGCAA,0,4306032
yadI_predicted,0.3333333333333333,2,2,GTTTGGAGTTTTATCGTTGT,0,4360454
yadI_predicted,0.3333333333333333,2,2,GTTTGGAGTAATGATTCCTC,0,4351094
yadI_predicted,0.3333333333333333,2,2,GTTTCGCTTGGTCCGTGAGC,0,4334888
yadI_predicted,0.3333333333333333,2,2,GTTTCCTTCACGCATGTCTG,0,4296554
yadI_predicted,0.3333333333333333,2,2,GTTTATAGTATCCCCAGCTT,0,4363594
yadI_predicted,0.3333333333333333,2,2,GTTTACGACTCAAGCAATTA,0,4326025
yadI_predicted,0.3333333333333333,2,2,GTTTACCTGGCAGGCACTGT,0,4342356
yadI_predicted,0.3333333333333333,2,2,GTTTAACGATGCACCGCACC,0,4368754
yadI_predicted,0.3333333333333333,2,2,GTTGTTAGTGTGGGGGAGGC,0,4367769
yadI_predicted,0.3333333333333333,2,2,GTTGTCCCCCGATAAAGACG,0,4302627
yadI_predicted,0.3333333333333333,2,2,GTTGTACTCCTGCCCTCCCC,0,4287024
yadI_predicted,0.3333333333333333,2,2,GTTGGGCGGCCGCAGTTCAC,0,4358172
yadI_predicted,0.3333333333333333,2,2,GTTGGCCGTTCTTCCTTGGC,0,4308640
yadI_predicted,0.3333333333333333,2,2,GTTGGATAAGGCGCCTTATC,0,4348008
yadI_predicted,0.3333333333333333,2,2,GTTGCTCACGCCGAGCCGGG,0,4312816
yadI_predicted,0.3333333333333333,2,2,GTTGCGTAATCGTGAACCTG,0,4290754
yadI_predicted,0.3333333333333333,2,2,GTTGAGTGACTAGAAAGGAC,0,4352695
yadI_predicted,0.3333333333333333,2,2,GTTGAAGAAAGCGACTAAAT,0,4365924
yadI_predicted,0.3333333333333333,2,2,GTTCTAGTCCCGAGCTACAC,0,4367932
yadI_predicted,0.3333333333333333,2,2,GTTCGGTAAATGCCGTCTCC,0,4323409
yadI_predicted,0.3333333333333333,2,2,GTTCCTGGGCATTACACAAG,0,4355955
yadI_predicted,0.3333333333333333,2,2,GTTCCGTCTGTTATGGGGGA,0,4330868
yadI_predicted,0.3333333333333333,2,2,GTTCCCGTTACCATCCACCA,0,4291041
yadI_predicted,0.3333333333333333,2,2,GTTCATTTTGCCTCCTGCGT,0,4361562
yadI_predicted,0.3333333333333333,2,2,GTTCACTTCAGGCGTCATGA,0,4346087
yadI_predicted,0.3333333333333333,2,2,GTTATTGCCGGAGCAACGAT,0,4351923
yadI_predicted,0.3333333333333333,2,2,GTTATGCAACACCCTCGCTA,0,4299911
yadI_predicted,0.3333333333333333,2,2,GTTATGAAACAGACGGCTCG,0,4303510
yadI_predicted,0.3333333333333333,2,2,GTTATCCGGGCCTTCTGACG,0,4307790
yadI_predicted,0.3333333333333333,2,2,GTTATATAGCGTATGGGGAT,0,4310629
yadI_predicted,0.3333333333333333,2,2,GTTAGGTGGTCGGGTGCTTA,0,4314927
yadI_predicted,0.3333333333333333,2,2,GTTAGATAGTCCTAGTGGTC,0,4318567
yadI_predicted,0.3333333333333333,2,2,GTTACTAAAGTATCAGAGCA,0,4352109
yadI_predicted,0.3333333333333333,2,2,GTTACGTATCGGGAAAGGAT,0,4355138
yadI_predicted,0.3333333333333333,2,2,GTTACGAATGGACACCGTTC,0,4315262
yadI_predicted,0.3333333333333333,2,2,GTTACCGTGGATCGCGATGC,0,4355511
yadI_predicted,0.3333333333333333,2,2,GTTACCACGGATCATGTGAG,0,4322835
yadI_predicted,0.3333333333333333,2,2,GTTACACCCTCGGTTGATGC,0,4312231
yadI_predicted,0.3333333333333333,2,2,GTTAAGGCTCGGAGGCGGTA,0,4305919
yadI_predicted,0.3333333333333333,2,2,GTTAAATGCGAGAACTAGAC,0,4319499
yadI_predicted,0.3333333333333333,2,2,GTGTTTTTCGTTGAGTGGCT,0,4349615
yadI_predicted,0.3333333333333333,2,2,GTGTGCTCGGTTCCCTCTAT,0,4369665
yadI_predicted,0.3333333333333333,2,2,GTGTGCAGAGATACTCTGTG,0,4304607
yadI_predicted,0.3333333333333333,2,2,GTGTCTTCCTGCGTCCGATA,0,4314429
yadI_predicted,0.3333333333333333,2,2,GTGTCCCGTAAAGAACGGCT,0,4305010
yadI_predicted,0.3333333333333333,2,2,GTGTAGACGGTGGTCGGGTG,0,4314440
yadI_predicted,0.3333333333333333,2,2,GTGTAAGTTGAACCGTTCAG,0,4287264
yadI_predicted,0.3333333333333333,2,2,GTGGTGACTGCATGCTGGAC,0,4294611
yadI_predicted,0.3333333333333333,2,2,GTGGTCGCGACGTTAGAGCA,0,4350279
yadI_predicted,0.3333333333333333,2,2,GTGGGTCCACACGTATTGAC,0,4300450
yadI_predicted,0.3333333333333333,2,2,GTGGGGCCAAGAGTATTCAT,0,4359457
yadI_predicted,0.3333333333333333,2,2,GTGGCGACCGAACATCACAA,0,4300952
yadI_predicted,0.3333333333333333,2,2,GTGGCCTTCATTCTAAACAT,0,4286959
yadI_predicted,0.3333333333333333,2,2,GTGGATTGTATGACCGTGCC,0,4316660
yadI_predicted,0.3333333333333333,2,2,GTGGATCATACGGAGTCGAA,0,4288438
yadI_predicted,0.3333333333333333,2,2,GTGGAGGATCTTTCTAGCAA,0,4285957
yadI_predicted,0.3333333333333333,2,2,GTGGACAGATGTTCTTCCGG,0,4369670
yadI_predicted,0.3333333333333333,2,2,GTGCTCAGGCTTGCAACATA,0,4352370
yadI_predicted,0.3333333333333333,2,2,GTGCGTACGCGACCTCTATG,0,4285088
yadI_predicted,0.3333333333333333,2,2,GTGCGGTGATTCGTATAGGA,0,4344298
yadI_predicted,0.3333333333333333,2,2,GTGCGGAGGTAAGGATCCGC,0,4330229
yadI_predicted,0.3333333333333333,2,2,GTGCGCACCTTGACGGTCGG,0,4317698
yadI_predicted,0.3333333333333333,2,2,GTGCGATTCAACTGTCAGGG,0,4335287
yadI_predicted,0.3333333333333333,2,2,GTGCCGGAGTCAACCGTGTA,0,4356877
yadI_predicted,0.3333333333333333,2,2,GTGCCCATGGAGTAAGATTG,0,4369593
yadI_predicted,0.3333333333333333,2,2,GTGCCAAGCTGACCCAATTA,0,4299365
yadI_predicted,0.3333333333333333,2,2,GTGCATGTTTTGGAGGGTGG,0,4301990
yadI_predicted,0.3333333333333333,2,2,GTGCAGTGCATTTTACTGAT,0,4363103
yadI_predicted,0.3333333333333333,2,2,GTGATGCGGCCGCCGACCGT,0,4308430
yadI_predicted,0.3333333333333333,2,2,GTGAGTGCTCCGTGCAGGTT,0,4331759
yadI_predicted,0.3333333333333333,2,2,GTGAGTAAAATGCCATAGCA,0,4300214
yadI_predicted,0.3333333333333333,2,2,GTGAGGGTGCGCACAGTTTC,0,4327776
yadI_predicted,0.3333333333333333,2,2,GTGAGAGGTCTCGTGGTTCC,0,4341457
yadI_predicted,0.3333333333333333,2,2,GTGACGGTTTCTACTGTTCT,0,4318124
yadI_predicted,0.3333333333333333,2,2,GTGACCGTTTAAATACATTG,0,4334323
yadI_predicted,0.3333333333333333,2,2,GTGACCAGGTGGGGAAGGCT,0,4314268
yadI_predicted,0.3333333333333333,2,2,GTGAAAGCGCTAATTTGCTC,0,4337431
yadI_predicted,0.3333333333333333,2,2,GTCTTTTCCGCTGAAATGGA,0,4321574
yadI_predicted,0.3333333333333333,2,2,GTCTTGGAATGATACCTTGT,0,4354043
yadI_predicted,0.3333333333333333,2,2,GTCTTCCGATAAGGTCCAGT,0,4368375
yadI_predicted,0.3333333333333333,2,2,GTCTGGGCAAGCCCTTGCCA,0,4345910
yadI_predicted,0.3333333333333333,2,2,GTCTGGCTGATTTCTATTTT,0,4287072
yadI_predicted,0.3333333333333333,2,2,GTCTCTATCCTGTGGAACTC,0,4325147
yadI_predicted,0.3333333333333333,2,2,GTCTCGTAGTAAAATTGAAA,0,4302286
yadI_predicted,0.3333333333333333,2,2,GTCTAATGCGAAATATAGTT,0,4331569
yadI_predicted,0.3333333333333333,2,2,GTCGTTATCGCGGCCCGTGA,0,4337806
yadI_predicted,0.3333333333333333,2,2,GTCGTTACGCTACCCGCTTA,0,4308145
yadI_predicted,0.3333333333333333,2,2,GTCGTCAACTAGAGTATTGA,0,4359476
yadI_predicted,0.3333333333333333,2,2,GTCGGCGATGCGCTGGCACT,0,4326614
yadI_predicted,0.3333333333333333,2,2,GTCGCCCAACGATGGGTTCT,0,4302847
yadI_predicted,0.3333333333333333,2,2,GTCGCACACACACAGGTAGT,0,4328644
yadI_predicted,0.3333333333333333,2,2,GTCGCAACCCCAATTCTTCT,0,4293818
yadI_predicted,0.3333333333333333,2,2,GTCGAGGCCCTGGGTATGTA,0,4293997
yadI_predicted,0.3333333333333333,2,2,GTCGAACGTACTGAAAAATT,0,4364330
yadI_predicted,0.3333333333333333,2,2,GTCCTTGAGTTTTGAGACTA,0,4328110
yadI_predicted,0.3333333333333333,2,2,GTCCTGGCATCTGGGCTGGA,0,4306869
yadI_predicted,0.3333333333333333,2,2,GTCCTGATCCGAGGACTCCC,0,4344898
yadI_predicted,0.3333333333333333,2,2,GTCCTCTGCGAGCTAATTGT,0,4348938
yadI_predicted,0.3333333333333333,2,2,GTCCTCTCGGCGGGTTTTTC,0,4296622
yadI_predicted,0.3333333333333333,2,2,GTCCTCCTTTCGGCCCCGTT,0,4309797
yadI_predicted,0.3333333333333333,2,2,GTCCGGCCCGGTTTGAGGCA,0,4297770
yadI_predicted,0.3333333333333333,2,2,GTCCGCACCGGCACGCCTAT,0,4349187
yadI_predicted,0.3333333333333333,2,2,GTCCCTCCCAGCGCCATTTG,0,4350426
yadI_predicted,0.3333333333333333,2,2,GTCCATGCCGCCGAGCCGCT,0,4346531
yadI_predicted,0.3333333333333333,2,2,GTCCAGATTCACGCGGCCGC,0,4317541
yadI_predicted,0.3333333333333333,2,2,GTCCAGACGCGTGCCAGTGT,0,4327989
yadI_predicted,0.3333333333333333,2,2,GTCCACGGTGCCACGTTTAA,0,4317490
yadI_predicted,0.3333333333333333,2,2,GTCATTTTTATCCTCATACT,0,4326514
yadI_predicted,0.3333333333333333,2,2,GTCATGAATGGGACCAATGT,0,4297276
yadI_predicted,0.3333333333333333,2,2,GTCAGTGGGGAGTAAACTTG,0,4288662
yadI_predicted,0.3333333333333333,2,2,GTCAGGTAGCTATGTCGGTA,0,4319243
yadI_predicted,0.3333333333333333,2,2,GTCAGCGCGTACGGGAGGGG,0,4328388
yadI_predicted,0.3333333333333333,2,2,GTCACTTCTTCCAACCGCGA,0,4328443
yadI_predicted,0.3333333333333333,2,2,GTCACAGGCTTATTTTTCCT,0,4338019
yadI_predicted,0.3333333333333333,2,2,GTCAAGTAATGGGTAATCGA,0,4304294
yadI_predicted,0.3333333333333333,2,2,GTCAAATAGTATAATATTCC,0,4296723
yadI_predicted,0.3333333333333333,2,2,GTATTTCTCCCAGGCTCCCT,0,4290857
yadI_predicted,0.3333333333333333,2,2,GTATTGTCACAGTGTCCGGT,0,4314135
yadI_predicted,0.3333333333333333,2,2,GTATTGACCGTGGTCGTCGC,0,4326113
yadI_predicted,0.3333333333333333,2,2,GTATTCGGTGCCACAGGTAT,0,4303875
yadI_predicted,0.3333333333333333,2,2,GTATTCAACCAGGTGGAGTA,0,4305899
yadI_predicted,0.3333333333333333,2,2,GTATGTGCACTGGCCAGAGC,0,4357661
yadI_predicted,0.3333333333333333,2,2,GTATGGATTATGCACATGTG,0,4302983
yadI_predicted,0.3333333333333333,2,2,GTATGATTGACGGTCGTTAA,0,4358321
yadI_predicted,0.3333333333333333,2,2,GTATCGGGGGCCCCGCTCTT,0,4290992
yadI_predicted,0.3333333333333333,2,2,GTATAGTGGCTATATTCCCG,0,4296930
yadI_predicted,0.3333333333333333,2,2,GTATAGATGATACAGTAGAC,0,4346655
yadI_predicted,0.3333333333333333,2,2,GTATACTTTTGCATTCGAGG,0,4315865
yadI_predicted,0.3333333333333333,2,2,GTAGTTTTTTTGATCTGGAA,0,4368431
yadI_predicted,0.3333333333333333,2,2,GTAGTCCACAGCCTCCACCA,0,4342577
yadI_predicted,0.3333333333333333,2,2,GTAGTATTACGCAGGGATGG,0,4341466
yadI_predicted,0.3333333333333333,2,2,GTAGGTCTCTTTAGGCTGAA,0,4324917
yadI_predicted,0.3333333333333333,2,2,GTAGGTACCCCTTGTGCTTA,0,4325631
yadI_predicted,0.3333333333333333,2,2,GTAGGGTTCTGATAATGCAG,0,4356326
yadI_predicted,0.3333333333333333,2,2,GTAGGGGGCATGAGTTGACT,0,4317061
yadI_predicted,0.3333333333333333,2,2,GTAGCGGACGCGCTCATGCA,0,4356923
yadI_predicted,0.3333333333333333,2,2,GTAGCCGACTGTAGGGGCCT,0,4297690
yadI_predicted,0.3333333333333333,2,2,GTAGATGTATTTCTTGTTTT,0,4347846
yadI_predicted,0.3333333333333333,2,2,GTAGAGTCATTCGGGTTTCG,0,4358624
yadI_predicted,0.3333333333333333,2,2,GTAGAGGCCGGGAGCTATGG,0,4341295
yadI_predicted,0.3333333333333333,2,2,GTAGAGCTTGAAGTACTATA,0,4297296
yadI_predicted,0.3333333333333333,2,2,GTAGAACCGAATGACATTCG,0,4340928
yadI_predicted,0.3333333333333333,2,2,GTACGTTTATTCTTTCATAT,0,4320923
yadI_predicted,0.3333333333333333,2,2,GTACGTCGGTAAGGCGGCCT,0,4328055
yadI_predicted,0.3333333333333333,2,2,GTACGAAAATTGGGATTAGG,0,4339634
yadI_predicted,0.3333333333333333,2,2,GTACCGGTCCGGCGCTGAGT,0,4365656
yadI_predicted,0.3333333333333333,2,2,GTACCCCGTACGTGTGGGCA,0,4299789
yadI_predicted,0.3333333333333333,2,2,GTACCCAGTAGAAGTAAAAC,0,4299925
yadI_predicted,0.3333333333333333,2,2,GTACCATGGATTCATAACTG,0,4326986
yadI_predicted,0.3333333333333333,2,2,GTACCATCCTGCTCAAGCAT,0,4297406
yadI_predicted,0.3333333333333333,2,2,GTACATGGAAAATCGAATAA,0,4330147
yadI_predicted,0.3333333333333333,2,2,GTACATCTAACTTGCCTGGA,0,4323752
yadI_predicted,0.3333333333333333,2,2,GTAATGGCTATGAACGCACG,0,4326396
yadI_predicted,0.3333333333333333,2,2,GTAATGGCGGAGACACGTTG,0,4324664
yadI_predicted,0.3333333333333333,2,2,GTAATGCTTCGAAAGTTGTG,0,4296915
yadI_predicted,0.3333333333333333,2,2,GTAATCAACTCGGCTTCCGG,0,4303747
yadI_predicted,0.3333333333333333,2,2,GTAAAGCCATGGGATCCGTT,0,4341530
yadI_predicted,0.3333333333333333,2,2,GTAAAGAAGCGCCCTCCTGA,0,4363050
yadI_predicted,0.3333333333333333,2,2,GTAAAACGAGTTCATGAACT,0,4327398
yadI_predicted,0.3333333333333333,2,2,GGTTTTGGTTGACCAAAGCT,0,4336137
yadI_predicted,0.3333333333333333,2,2,GGTTTGGGTCGACAGGACTT,0,4333305
yadI_predicted,0.3333333333333333,2,2,GGTTTCACATCTTTGTCGTA,0,4337964
yadI_predicted,0.3333333333333333,2,2,GGTTTATCTCTTTGTCAAGA,0,4287355
yadI_predicted,0.3333333333333333,2,2,GGTTTACGCTGAACGACATG,0,4369496
yadI_predicted,0.3333333333333333,2,2,GGTTGTATTCATGGCTCTGT,0,4338188
yadI_predicted,0.3333333333333333,2,2,GGTTGTACATATAGCGTATC,0,4326536
yadI_predicted,0.3333333333333333,2,2,GGTTGGCAACTCAGTGACCC,0,4352183
yadI_predicted,0.3333333333333333,2,2,GGTTGGAAACGTTCCGTCGC,0,4326030
yadI_predicted,0.3333333333333333,2,2,GGTTCTCAAAGTCGGGGAGC,0,4299292
yadI_predicted,0.3333333333333333,2,2,GGTTCGGCCCCAGTTTTCCA,0,4367173
yadI_predicted,0.3333333333333333,2,2,GGTTCAGCAAGCCCTAATGC,0,4306627
yadI_predicted,0.3333333333333333,2,2,GGTTCACGGTAGCATGGCGA,0,4362884
yadI_predicted,0.3333333333333333,2,2,GGTTACGGGTCGGGGAAGCA,0,4303189
yadI_predicted,0.3333333333333333,2,2,GGTTAAGAGCGGAAGCACAG,0,4324920
yadI_predicted,0.3333333333333333,2,2,GGTGTGTGCCTGCGGTCCTA,0,4349174
yadI_predicted,0.3333333333333333,2,2,GGTGTAGGCTTGTTGGTACC,0,4293334
yadI_predicted,0.3333333333333333,2,2,GGTGGTTTGTAAACCTGATA,0,4307709
yadI_predicted,0.3333333333333333,2,2,GGTGGCTGGTGTTCCCCAGT,0,4313480
yadI_predicted,0.3333333333333333,2,2,GGTGGCGCAAGGCGGCAGGC,0,4301354
yadI_predicted,0.3333333333333333,2,2,GGTGGCACCTTCTCTTCATC,0,4319640
yadI_predicted,0.3333333333333333,2,2,GGTGGATAGGAGCGTTCGGA,0,4284739
yadI_predicted,0.3333333333333333,2,2,GGTGGAAAAGCAGACGGTGG,0,4297834
yadI_predicted,0.3333333333333333,2,2,GGTGATAAAAGGAAACTCCT,0,4347213
yadI_predicted,0.3333333333333333,2,2,GGTGACCTAATTTAACTGTG,0,4305897
yadI_predicted,0.3333333333333333,2,2,GGTCTTTCGAAGTAGTCGCT,0,4310622
yadI_predicted,0.3333333333333333,2,2,GGTCGGAGATAGTAGTTAGT,0,4348618
yadI_predicted,0.3333333333333333,2,2,GGTCCCAAGTGGATTCGTCA,0,4346757
yadI_predicted,0.3333333333333333,2,2,GGTCCAAGAGTAACATCAGG,0,4352860
yadI_predicted,0.3333333333333333,2,2,GGTCACTGCTGCTTAGCTCC,0,4337913
yadI_predicted,0.3333333333333333,2,2,GGTCACCGCTAGTTGAAGGT,0,4295106
yadI_predicted,0.3333333333333333,2,2,GGTCAAGCTGATCGAGCAAC,0,4303591
yadI_predicted,0.3333333333333333,2,2,GGTCAAAAGTCGCACTGGCA,0,4310066
yadI_predicted,0.3333333333333333,2,2,GGTATCCTACTTACAGCCTG,0,4359664
yadI_predicted,0.3333333333333333,2,2,GGTATATCACATGTTAACCT,0,4357874
yadI_predicted,0.3333333333333333,2,2,GGTAGCTTCTGTCGGAATAT,0,4363978
yadI_predicted,0.3333333333333333,2,2,GGTACTGGGGCACGCCAAGT,0,4361464
yadI_predicted,0.3333333333333333,2,2,GGTACGACTAAGCGGGAGTT,0,4286727
yadI_predicted,0.3333333333333333,2,2,GGTACACTGCGCGGGTCTTT,0,4355938
yadI_predicted,0.3333333333333333,2,2,GGTACACGTGGCGGAAAGGG,0,4361808
yadI_predicted,0.3333333333333333,2,2,GGTAATTCCGCATATGCAGT,0,4368736
yadI_predicted,0.3333333333333333,2,2,GGTAATTACGGGATATATGT,0,4335489
yadI_predicted,0.3333333333333333,2,2,GGTAATTACGCGGCGGGACC,0,4351126
yadI_predicted,0.3333333333333333,2,2,GGTAATCAGAGAAAGCTCCA,0,4349673
yadI_predicted,0.3333333333333333,2,2,GGTAACAACTCGGCTCCGAA,0,4360747
yadI_predicted,0.3333333333333333,2,2,GGGTTTTTGGGGCGCTGTGG,0,4366626
yadI_predicted,0.3333333333333333,2,2,GGGTTTTTCGCGAGCTGGGC,0,4307741
yadI_predicted,0.3333333333333333,2,2,GGGTGTAGGCGTTGGGGAAG,0,4305668
yadI_predicted,0.3333333333333333,2,2,GGGTGGATGGTCTCGTGGTC,0,4330383
yadI_predicted,0.3333333333333333,2,2,GGGTGGAGCTGTTGGAAAAG,0,4360249
yadI_predicted,0.3333333333333333,2,2,GGGTGACCTGTTGCACAATA,0,4353196
yadI_predicted,0.3333333333333333,2,2,GGGTCTGCCTTGTGGGGGCT,0,4360358
yadI_predicted,0.3333333333333333,2,2,GGGTCGAAGAGTGCTTCGAC,0,4328201
yadI_predicted,0.3333333333333333,2,2,GGGTCAGCCGAGTTCAGTAA,0,4338715
yadI_predicted,0.3333333333333333,2,2,GGGTACACCGCATAGCGATC,0,4297818
yadI_predicted,0.3333333333333333,2,2,GGGTAATGGTTCACGCTTAT,0,4354288
yadI_predicted,0.3333333333333333,2,2,GGGTAAATCCAGAGCGACAC,0,4306673
yadI_predicted,0.3333333333333333,2,2,GGGGTTATTTAGGTTAAATC,0,4288308
yadI_predicted,0.3333333333333333,2,2,GGGGTTACAAGGCGTGGAAC,0,4326935
yadI_predicted,0.3333333333333333,2,2,GGGGTATCCTAGGTGGAGGA,0,4317809
yadI_predicted,0.3333333333333333,2,2,GGGGGTGTTAAACGTGACTG,0,4316767
yadI_predicted,0.3333333333333333,2,2,GGGGGGCTGTAGGACCGACT,0,4305301
yadI_predicted,0.3333333333333333,2,2,GGGGGGCCTATTAGCGCACC,0,4306011
yadI_predicted,0.3333333333333333,2,2,GGGGGATATAACGATGACTA,0,4346123
yadI_predicted,0.3333333333333333,2,2,GGGGCGGAATTATAGTACGG,0,4330874
yadI_predicted,0.3333333333333333,2,2,GGGGCCGCCCACCATCTATA,0,4346568
yadI_predicted,0.3333333333333333,2,2,GGGGCACAAATTAATTTTAG,0,4338024
yadI_predicted,0.3333333333333333,2,2,GGGGATCGTTGCAGCTTCCA,0,4287396
yadI_predicted,0.3333333333333333,2,2,GGGGATATGCCTTGCGGCTT,0,4357599
yadI_predicted,0.3333333333333333,2,2,GGGGATACCTATACTATATC,0,4340527
yadI_predicted,0.3333333333333333,2,2,GGGGAATCACTCAATACGCT,0,4293887
yadI_predicted,0.3333333333333333,2,2,GGGCTGCTATAACTCTAAAG,0,4330714
yadI_predicted,0.3333333333333333,2,2,GGGCTGACCCATTAGCGACT,0,4343371
yadI_predicted,0.3333333333333333,2,2,GGGCTCTGCCCCACGACGGT,0,4303899
yadI_predicted,0.3333333333333333,2,2,GGGCTCGGCACGCGGCCGTA,0,4357933
yadI_predicted,0.3333333333333333,2,2,GGGCTACCCGTGACCTGCCA,0,4352412
yadI_predicted,0.3333333333333333,2,2,GGGCGTGCAGTAAGGCTATT,0,4301134
yadI_predicted,0.3333333333333333,2,2,GGGCGGCAGGGCTATCCCCT,0,4334118
yadI_predicted,0.3333333333333333,2,2,GGGCGGAAGCTTATGGCATT,0,4328864
yadI_predicted,0.3333333333333333,2,2,GGGCGCTCATCTGATGCCTA,0,4287467
yadI_predicted,0.3333333333333333,2,2,GGGCCGTAGAGTAAAAGGCC,0,4301538
yadI_predicted,0.3333333333333333,2,2,GGGCCGCGTCTTGCACTATT,0,4327072
yadI_predicted,0.3333333333333333,2,2,GGGCCAAGTACTCTTTTTTG,0,4310111
yadI_predicted,0.3333333333333333,2,2,GGGCAGTGGCCTCAGCGACA,0,4315335
yadI_predicted,0.3333333333333333,2,2,GGGCACGCTTGTTGACTCAG,0,4310024
yadI_predicted,0.3333333333333333,2,2,GGGCAAATGCTACCTCCCAG,0,4300433
yadI_predicted,0.3333333333333333,2,2,GGGATTGTCCCTTCTTTAGC,0,4328347
yadI_predicted,0.3333333333333333,2,2,GGGATGGGCCGTGGACAAGG,0,4348650
yadI_predicted,0.3333333333333333,2,2,GGGATGGAGAAGTGTCACCC,0,4319619
yadI_predicted,0.3333333333333333,2,2,GGGATGCCTTCCATCATCGT,0,4357461
yadI_predicted,0.3333333333333333,2,2,GGGATCCGTTAGCATGACAG,0,4342131
yadI_predicted,0.3333333333333333,2,2,GGGATATAGCTCATGATAGA,0,4351260
yadI_predicted,0.3333333333333333,2,2,GGGAGCGGATGGAGTTCATC,0,4292604
yadI_predicted,0.3333333333333333,2,2,GGGAGCCTACTACATGGGCT,0,4320174
yadI_predicted,0.3333333333333333,2,2,GGGACTGGGTTATTGGGGTC,0,4328438
yadI_predicted,0.3333333333333333,2,2,GGGACTGCTAACTCCCCTAG,0,4328060
yadI_predicted,0.3333333333333333,2,2,GGGACGTTTTGTGCACTTGT,0,4310528
yadI_predicted,0.3333333333333333,2,2,GGGACGAGCTGCCCGAGGCA,0,4345951
yadI_predicted,0.3333333333333333,2,2,GGGACCCGTCGTGATCAGGC,0,4343858
yadI_predicted,0.3333333333333333,2,2,GGGACCATATTTCACCATTC,0,4302605
yadI_predicted,0.3333333333333333,2,2,GGGACAGTGGGAGACAGATC,0,4290768
yadI_predicted,0.3333333333333333,2,2,GGGAATTACACCCGGTAAGG,0,4290694
yadI_predicted,0.3333333333333333,2,2,GGGAATCTTCATTTATGCCG,0,4335599
yadI_predicted,0.3333333333333333,2,2,GGGAATCAATTTAGTGTGAT,0,4302113
yadI_predicted,0.3333333333333333,2,2,GGGAACAACCGGGGGAGGGA,0,4301768
yadI_predicted,0.3333333333333333,2,2,GGGAAAGGATCGTAAACAAT,0,4353841
yadI_predicted,0.3333333333333333,2,2,GGCTTTTATGAGTGTAGACG,0,4341028
yadI_predicted,0.3333333333333333,2,2,GGCTTAACAGAGAATCACAG,0,4313153
yadI_predicted,0.3333333333333333,2,2,GGCTGTGTAACTCGCACACA,0,4285165
yadI_predicted,0.3333333333333333,2,2,GGCTGTCCTTTGGATAGTAG,0,4288785
yadI_predicted,0.3333333333333333,2,2,GGCTGCTGAGCGTGCGTTGT,0,4325098
yadI_predicted,0.3333333333333333,2,2,GGCTGAAATGTACGTTCTTG,0,4313381
yadI_predicted,0.3333333333333333,2,2,GGCTCTAGTGTACCCCTGAA,0,4357644
yadI_predicted,0.3333333333333333,2,2,GGCTCACCTCTTTTTAGCTA,0,4307729
yadI_predicted,0.3333333333333333,2,2,GGCTAGCAAACGGACCCCCT,0,4336747
yadI_predicted,0.3333333333333333,2,2,GGCGTTTGAGAATCAGTCAT,0,4336006
yadI_predicted,0.3333333333333333,2,2,GGCGTTCAGCAGACTCCTCA,0,4315626
yadI_predicted,0.3333333333333333,2,2,GGCGTGTCCCAGTGAGGGTG,0,4338536
yadI_predicted,0.3333333333333333,2,2,GGCGTAACGGATACTGCTGT,0,4297372
yadI_predicted,0.3333333333333333,2,2,GGCGGGCTTAACATACAGCT,0,4338847
yadI_predicted,0.3333333333333333,2,2,GGCGCGCTACGCAGGACCAG,0,4366827
yadI_predicted,0.3333333333333333,2,2,GGCGCCTCGCAATGTCCCGG,0,4327894
yadI_predicted,0.3333333333333333,2,2,GGCGAAGTGGAGCCACACCC,0,4340113
yadI_predicted,0.3333333333333333,2,2,GGCCTACGAAGGGACGTCAG,0,4347305
yadI_predicted,0.3333333333333333,2,2,GGCCTAAACACAGCCCTTGA,0,4354867
yadI_predicted,0.3333333333333333,2,2,GGCCGTGTACAAGTATGTAC,0,4336596
yadI_predicted,0.3333333333333333,2,2,GGCCGTATGCTTAATTCTCA,0,4349714
yadI_predicted,0.3333333333333333,2,2,GGCCGCTCTGTGTGACAGTT,0,4331867
yadI_predicted,0.3333333333333333,2,2,GGCCCGTCTTGGCAGCCCGA,0,4362621
yadI_predicted,0.3333333333333333,2,2,GGCCCGGAGACATGTTTTCA,0,4313718
yadI_predicted,0.3333333333333333,2,2,GGCCAGTTTGTGTCGAACGG,0,4357934
yadI_predicted,0.3333333333333333,2,2,GGCATTAGACGGGCACCCCT,0,4358481
yadI_predicted,0.3333333333333333,2,2,GGCATCTTAGCCGGATACTA,0,4349480
yadI_predicted,0.3333333333333333,2,2,GGCATCGACGTACACCGTAC,0,4335590
yadI_predicted,0.3333333333333333,2,2,GGCATCCATTTTTTTGGGAC,0,4333195
yadI_predicted,0.3333333333333333,2,2,GGCATCATGTACAATCATGA,0,4322042
yadI_predicted,0.3333333333333333,2,2,GGCAGTCCGTCATGGGCCAA,0,4320101
yadI_predicted,0.3333333333333333,2,2,GGCAGCGTGTGACTTGATAC,0,4345144
yadI_predicted,0.3333333333333333,2,2,GGCAGAGCTTCCCGTGTATA,0,4364530
yadI_predicted,0.3333333333333333,2,2,GGCAGACTCCACATCAGAGG,0,4351091
yadI_predicted,0.3333333333333333,2,2,GGCAAGGTTAACACTGCTAC,0,4286243
yadI_predicted,0.3333333333333333,2,2,GGCAAGGGGCTGATCCAGGA,0,4295555
yadI_predicted,0.3333333333333333,2,2,GGCAAGGCGATGTACGCCAT,0,4314668
yadI_predicted,0.3333333333333333,2,2,GGCAAAGCATCGTCGCTCAT,0,4368645
yadI_predicted,0.3333333333333333,2,2,GGATTGGGTATTTGAGAGGT,0,4344500
yadI_predicted,0.3333333333333333,2,2,GGATTGAGACGTCGTGAAGT,0,4303730
yadI_predicted,0.3333333333333333,2,2,GGATTCCTATAGAGAAACAC,0,4359202
yadI_predicted,0.3333333333333333,2,2,GGATGTGGCACTCCGATCGA,0,4351164
yadI_predicted,0.3333333333333333,2,2,GGATGGGCTCCCACCGCTTG,0,4337504
yadI_predicted,0.3333333333333333,2,2,GGATGGGAAAGTGTTGCTGA,0,4364388
yadI_predicted,0.3333333333333333,2,2,GGATGGAGCTTCCAGCCGAT,0,4333364
yadI_predicted,0.3333333333333333,2,2,GGATCCGTTGGCTCTCCACA,0,4354938
yadI_predicted,0.3333333333333333,2,2,GGATCCCCAGCTTAAGGGTT,0,4314736
yadI_predicted,0.3333333333333333,2,2,GGATCCACGAACGGGCTTTG,0,4304909
yadI_predicted,0.3333333333333333,2,2,GGATCCAACTGTGGCGTATG,0,4345768
yadI_predicted,0.3333333333333333,2,2,GGATATCACTATGCCCGCAT,0,4296737
yadI_predicted,0.3333333333333333,2,2,GGAGTTTCCGTTCGGTGCGT,0,4319339
yadI_predicted,0.3333333333333333,2,2,GGAGTACCTAGCGGAGCTGT,0,4343013
yadI_predicted,0.3333333333333333,2,2,GGAGGTTATGACTCCGTTCT,0,4340059
yadI_predicted,0.3333333333333333,2,2,GGAGGCAGAAAATTTGGTTG,0,4353846
yadI_predicted,0.3333333333333333,2,2,GGAGCGATAAAGATTAGTAG,0,4292137
yadI_predicted,0.3333333333333333,2,2,GGAGCAGGATGTCCACCGAC,0,4325434
yadI_predicted,0.3333333333333333,2,2,GGAGCAAGGGGCAACTTGTC,0,4358689
yadI_predicted,0.3333333333333333,2,2,GGAGAGGATACTGGATGTTA,0,4302796
yadI_predicted,0.3333333333333333,2,2,GGACTCTAAGTAACGGAGCT,0,4288864
yadI_predicted,0.3333333333333333,2,2,GGACTCGCTCGTGGTTACAA,0,4361208
yadI_predicted,0.3333333333333333,2,2,GGACCGGCGGTCCGCATTAT,0,4286455
yadI_predicted,0.3333333333333333,2,2,GGACATGAGGCTTACTATTG,0,4306064
yadI_predicted,0.3333333333333333,2,2,GGACAGTTTGGTTGGTTAAG,0,4337811
yadI_predicted,0.3333333333333333,2,2,GGACACATCCCTGAAGATGA,0,4344930
yadI_predicted,0.3333333333333333,2,2,GGAATGTATGTAGTCGTCTG,0,4317113
yadI_predicted,0.3333333333333333,2,2,GGAATCGCCTTTGGTCTTGC,0,4308003
yadI_predicted,0.3333333333333333,2,2,GGAATCAGCTAATAGAGTTC,0,4353038
yadI_predicted,0.3333333333333333,2,2,GGAATAATGGCTACGAGAGG,0,4321707
yadI_predicted,0.3333333333333333,2,2,GGAAGTCACGGTTGGTGCTC,0,4291925
yadI_predicted,0.3333333333333333,2,2,GGAAGTATTTTGGGATTACA,0,4319395
yadI_predicted,0.3333333333333333,2,2,GGAAGTACGCGCCTTTTTAT,0,4349223
yadI_predicted,0.3333333333333333,2,2,GGAAGATCGAAAGGGAACAG,0,4356135
yadI_predicted,0.3333333333333333,2,2,GGAACGTAGAGCTTTTTCAC,0,4350096
yadI_predicted,0.3333333333333333,2,2,GGAACGGATGCGCAGTGCGT,0,4320428
yadI_predicted,0.3333333333333333,2,2,GGAACCCGTTTCGCCTTAGA,0,4314977
yadI_predicted,0.3333333333333333,2,2,GGAAATTATATGGGAGGTTG,0,4339641
yadI_predicted,0.3333333333333333,2,2,GCTTTGATAAGCGCGCATGC,0,4357817
yadI_predicted,0.3333333333333333,2,2,GCTTTAAATCACAATGCGGC,0,4326069
yadI_predicted,0.3333333333333333,2,2,GCTTGGTGAAAGGATCTCTT,0,4311606
yadI_predicted,0.3333333333333333,2,2,GCTTCATTGTTAAGGCGGAA,0,4307057
yadI_predicted,0.3333333333333333,2,2,GCTTCAGTTACCTGTTGATA,0,4288757
yadI_predicted,0.3333333333333333,2,2,GCTTATGCGATTAGGGATTG,0,4288845
yadI_predicted,0.3333333333333333,2,2,GCTTAGGAATTCATATTTGG,0,4312539
yadI_predicted,0.3333333333333333,2,2,GCTTAACAGTTACAGATGAC,0,4344675
yadI_predicted,0.3333333333333333,2,2,GCTGTGACGAACCTTTAGAA,0,4338201
yadI_predicted,0.3333333333333333,2,2,GCTGTCTTACCTTCACGCGG,0,4362172
yadI_predicted,0.3333333333333333,2,2,GCTGTATCGACCGGGACTGG,0,4323872
yadI_predicted,0.3333333333333333,2,2,GCTGGGATGAGAGGACCGGG,0,4324705
yadI_predicted,0.3333333333333333,2,2,GCTGGATTAATTCTAGGGGA,0,4303445
yadI_predicted,0.3333333333333333,2,2,GCTGATGTCCATAGTGGTCT,0,4332554
yadI_predicted,0.3333333333333333,2,2,GCTGATCCAGCCCTCATTAG,0,4357635
yadI_predicted,0.3333333333333333,2,2,GCTGATATGGTATCGACGTG,0,4327603
yadI_predicted,0.3333333333333333,2,2,GCTGAGATGGACACAGTAAG,0,4341081
yadI_predicted,0.3333333333333333,2,2,GCTGAACGCTCTGTCTTTTG,0,4368877
yadI_predicted,0.3333333333333333,2,2,GCTCTTTCCGTCATAAGTCC,0,4317848
yadI_predicted,0.3333333333333333,2,2,GCTCTTGGTCCTGCTCTTTC,0,4339836
yadI_predicted,0.3333333333333333,2,2,GCTCGTGAATGCCCGAAAGG,0,4311742
yadI_predicted,0.3333333333333333,2,2,GCTCGATTGGAAAGAGCAGG,0,4367090
yadI_predicted,0.3333333333333333,2,2,GCTCCACCATGCTCTCAGCC,0,4364228
yadI_predicted,0.3333333333333333,2,2,GCTCATGGCCGTTTGTGTAG,0,4352255
yadI_predicted,0.3333333333333333,2,2,GCTCAGTACTGCATAGTCTG,0,4319085
yadI_predicted,0.3333333333333333,2,2,GCTCAACCAAGCGCAGGCCA,0,4327357
yadI_predicted,0.3333333333333333,2,2,GCTATTTGAATGCAACTCTT,0,4284655
yadI_predicted,0.3333333333333333,2,2,GCTATAGTAACTACGCTTAG,0,4335432
yadI_predicted,0.3333333333333333,2,2,GCTATACGTATATAGTGCTA,0,4329865
yadI_predicted,0.3333333333333333,2,2,GCTAGTCCGCAGTGTTCGGA,0,4359420
yadI_predicted,0.3333333333333333,2,2,GCTAGGGTCATCGACCGCTT,0,4321095
yadI_predicted,0.3333333333333333,2,2,GCTAGCAGTACGGACGGGCC,0,4341069
yadI_predicted,0.3333333333333333,2,2,GCTACTCGTTGATACAACCT,0,4317990
yadI_predicted,0.3333333333333333,2,2,GCTACGTTTATGACAGAGGG,0,4297464
yadI_predicted,0.3333333333333333,2,2,GCTACAGAGGTTGTCAGGGT,0,4300584
yadI_predicted,0.3333333333333333,2,2,GCTAATGTTGCAGAGAGAAA,0,4304994
yadI_predicted,0.3333333333333333,2,2,GCTAATGTCTTTGGGATTCT,0,4310727
yadI_predicted,0.3333333333333333,2,2,GCTAATCCATTGTAACGGCT,0,4349013
yadI_predicted,0.3333333333333333,2,2,GCTAAGATCAATTTGTCATA,0,4288422
yadI_predicted,0.3333333333333333,2,2,GCTAACCGCTCATACTGGAG,0,4302139
yadI_predicted,0.3333333333333333,2,2,GCTAAATGTCCTCGCCGTTA,0,4305666
yadI_predicted,0.3333333333333333,2,2,GCTAAATAGATCAGAACGAT,0,4322769
yadI_predicted,0.3333333333333333,2,2,GCGTTGGGAAATGATGTATA,0,4291327
yadI_predicted,0.3333333333333333,2,2,GCGTTGGAGGACCTTCACTC,0,4308331
yadI_predicted,0.3333333333333333,2,2,GCGTTGACATTGCCCTTCGA,0,4350608
yadI_predicted,0.3333333333333333,2,2,GCGTGTGAAGTGATCCATTG,0,4330132
yadI_predicted,0.3333333333333333,2,2,GCGTGTATTTAATTATCCGA,0,4345117
yadI_predicted,0.3333333333333333,2,2,GCGTGATGAGATTTCCCCAG,0,4363756
yadI_predicted,0.3333333333333333,2,2,GCGTGAAGACTTCTTGCACC,0,4298032
yadI_predicted,0.3333333333333333,2,2,GCGTGAAAGTTTAGTAAGAG,0,4369636
yadI_predicted,0.3333333333333333,2,2,GCGTCTTCATATTACGGCAG,0,4284200
yadI_predicted,0.3333333333333333,2,2,GCGTCTCAGGATGTCATGTG,0,4319701
yadI_predicted,0.3333333333333333,2,2,GCGTCGGCGAAGGTTCCCAG,0,4365789
yadI_predicted,0.3333333333333333,2,2,GCGTCATGCGAGTGGAGGCG,0,4291973
yadI_predicted,0.3333333333333333,2,2,GCGTCAAAACATTTGGTGCA,0,4293558
yadI_predicted,0.3333333333333333,2,2,GCGTATATATGTTCTTATGC,0,4350757
yadI_predicted,0.3333333333333333,2,2,GCGGTCTTTCCGGAATGTTT,0,4306172
yadI_predicted,0.3333333333333333,2,2,GCGGTAAGGATACCTAATAC,0,4308363
yadI_predicted,0.3333333333333333,2,2,GCGGGCTTGACAAGCACAAA,0,4332602
yadI_predicted,0.3333333333333333,2,2,GCGGGCTGGGTCAGCTCTCG,0,4330621
yadI_predicted,0.3333333333333333,2,2,GCGGGCAATAGTACTACCTC,0,4304458
yadI_predicted,0.3333333333333333,2,2,GCGGGACAGCACGAATAGAG,0,4300717
yadI_predicted,0.3333333333333333,2,2,GCGGGAATAGCTGCAGATTT,0,4351034
yadI_predicted,0.3333333333333333,2,2,GCGGCCCTTGGCTGGTGCGG,0,4298701
yadI_predicted,0.3333333333333333,2,2,GCGGCATGTATTCGCCCGAT,0,4295777
yadI_predicted,0.3333333333333333,2,2,GCGGCACTTCAATCGCTCGT,0,4360034
yadI_predicted,0.3333333333333333,2,2,GCGGATCTAGGGAATACTGG,0,4289682
yadI_predicted,0.3333333333333333,2,2,GCGGAGGACATAATACGCAG,0,4352763
yadI_predicted,0.3333333333333333,2,2,GCGGAGCGAACTGTGTTCGT,0,4312353
yadI_predicted,0.3333333333333333,2,2,GCGGAGCCGTGCCTGTCGGG,0,4306537
yadI_predicted,0.3333333333333333,2,2,GCGGAATTTAGTCCTATATG,0,4290034
yadI_predicted,0.3333333333333333,2,2,GCGCTTTTCTGGAAATCACG,0,4367320
yadI_predicted,0.3333333333333333,2,2,GCGCTTCGAAGATGAGTGCG,0,4342066
yadI_predicted,0.3333333333333333,2,2,GCGCTAGTCAAGGGGACACC,0,4361930
yadI_predicted,0.3333333333333333,2,2,GCGCGTCCAACGGTCTCCGC,0,4310709
yadI_predicted,0.3333333333333333,2,2,GCGCCCCCCTTCCACCTCAT,0,4341534
yadI_predicted,0.3333333333333333,2,2,GCGCCCCACAGGCAACTAGG,0,4330117
yadI_predicted,0.3333333333333333,2,2,GCGCCCAATTTTCCGTTAGT,0,4364591
yadI_predicted,0.3333333333333333,2,2,GCGCAAGGGTGCGATGATCA,0,4298262
yadI_predicted,0.3333333333333333,2,2,GCGCAAACCCCTTTGCCGTT,0,4323332
yadI_predicted,0.3333333333333333,2,2,GCGATGGGAAAATGGAGCAG,0,4329474
yadI_predicted,0.3333333333333333,2,2,GCGATCTCATGGCTTGACAT,0,4354737
yadI_predicted,0.3333333333333333,2,2,GCGATACCACTACACAAAGG,0,4298203
yadI_predicted,0.3333333333333333,2,2,GCGAGTCTATCTATATTTGA,0,4367038
yadI_predicted,0.3333333333333333,2,2,GCGAGTACATGGTGATGTAT,0,4301282
yadI_predicted,0.3333333333333333,2,2,GCGAGAGGAGCCTACACCAT,0,4318510
yadI_predicted,0.3333333333333333,2,2,GCGAGACTTGGTGTAAAGTG,0,4300573
yadI_predicted,0.3333333333333333,2,2,GCGAATTGCAAATGGTCGGC,0,4293600
yadI_predicted,0.3333333333333333,2,2,GCGAAAGTCCTCGCTAGCGC,0,4309127
yadI_predicted,0.3333333333333333,2,2,GCGAAACTATTGGCATTGTT,0,4295751
yadI_predicted,0.3333333333333333,2,2,GCCTTTGAGGAGGAGAGGTA,0,4293820
yadI_predicted,0.3333333333333333,2,2,GCCTTAAACAATGATTATCT,0,4304263
yadI_predicted,0.3333333333333333,2,2,GCCTGTTCAGGGGCTTCAAG,0,4312859
yadI_predicted,0.3333333333333333,2,2,GCCTGTCAGACTCTACCATG,0,4330915
yadI_predicted,0.3333333333333333,2,2,GCCTGGCTGAGGGTATGTTC,0,4363118
yadI_predicted,0.3333333333333333,2,2,GCCTGGATTATTAGCTTTTA,0,4329310
yadI_predicted,0.3333333333333333,2,2,GCCTCTAGACAACTGGGTCA,0,4318467
yadI_predicted,0.3333333333333333,2,2,GCCTCAGTTAACAGTAGGCA,0,4362989
yadI_predicted,0.3333333333333333,2,2,GCCTCAAAGTGCATTCAGGG,0,4302481
yadI_predicted,0.3333333333333333,2,2,GCCTAGTCCACCTGCTCCCA,0,4306327
yadI_predicted,0.3333333333333333,2,2,GCCTACCTCCGTTGAAGCTT,0,4293443
yadI_predicted,0.3333333333333333,2,2,GCCTACACTACCACTTTATG,0,4289039
yadI_predicted,0.3333333333333333,2,2,GCCTAATGGTCGTTAAAGGC,0,4339428
yadI_predicted,0.3333333333333333,2,2,GCCTAATGCTAACGATTAAC,0,4294852
yadI_predicted,0.3333333333333333,2,2,GCCTAAGCAGGAAATCGAAT,0,4305857
yadI_predicted,0.3333333333333333,2,2,GCCGTGTCCTGTTATGTCTG,0,4355472
yadI_predicted,0.3333333333333333,2,2,GCCGTGAGACGAGCTCGTCC,0,4349731
yadI_predicted,0.3333333333333333,2,2,GCCGGTTATACCGAGTGATA,0,4314978
yadI_predicted,0.3333333333333333,2,2,GCCGGGTGTACTTTAGGGAG,0,4336991
yadI_predicted,0.3333333333333333,2,2,GCCGCTATCACGGGTCTCTG,0,4327705
yadI_predicted,0.3333333333333333,2,2,GCCGATGTGTCACAGAACCT,0,4288257
yadI_predicted,0.3333333333333333,2,2,GCCGATCGTTCATTAGTCTA,0,4289888
yadI_predicted,0.3333333333333333,2,2,GCCGAGATGCCACATTTTGC,0,4362105
yadI_predicted,0.3333333333333333,2,2,GCCGAGATCCTAGATTGGTA,0,4315919
yadI_predicted,0.3333333333333333,2,2,GCCGAGACCATGGATACTTT,0,4339107
yadI_predicted,0.3333333333333333,2,2,GCCCTTAATAGCAAGAGACA,0,4325207
yadI_predicted,0.3333333333333333,2,2,GCCCGTATGAACATTACATA,0,4287071
yadI_predicted,0.3333333333333333,2,2,GCCCCCGCCCATGCTAATTA,0,4287592
yadI_predicted,0.3333333333333333,2,2,GCCCACCAAAAATTATCCCA,0,4313966
yadI_predicted,0.3333333333333333,2,2,GCCATTGGGTAGGCCTCGCG,0,4329106
yadI_predicted,0.3333333333333333,2,2,GCCATGAGGTGCGCATGACT,0,4288240
yadI_predicted,0.3333333333333333,2,2,GCCATCTCCGGTATACCTCA,0,4348596
yadI_predicted,0.3333333333333333,2,2,GCCATAGCGCGCGGCCAGAC,0,4305515
yadI_predicted,0.3333333333333333,2,2,GCCATAATCCGGTGTGCGTA,0,4343516
yadI_predicted,0.3333333333333333,2,2,GCCAGTAAGCAGGGTAGTCT,0,4312590
yadI_predicted,0.3333333333333333,2,2,GCCACCTCAGTGGGGGGCTT,0,4320824
yadI_predicted,0.3333333333333333,2,2,GCCACCCCCGGTATTAGGAG,0,4314816
yadI_predicted,0.3333333333333333,2,2,GCCAAGGTGGAATGTTCCTT,0,4313380
yadI_predicted,0.3333333333333333,2,2,GCATTTCCGCAAAATGGTAT,0,4289038
yadI_predicted,0.3333333333333333,2,2,GCATGTTATACCAGGGAGTC,0,4284532
yadI_predicted,0.3333333333333333,2,2,GCATGGCAAGCAAAACTTAC,0,4363821
yadI_predicted,0.3333333333333333,2,2,GCATGACGTGGTCGCAACGC,0,4362347
yadI_predicted,0.3333333333333333,2,2,GCATCACGGTGTACCTTTTA,0,4328718
yadI_predicted,0.3333333333333333,2,2,GCATAGTAGAAAGTTCCAGG,0,4340577
yadI_predicted,0.3333333333333333,2,2,GCATAGCTGCTCAGCAAAGC,0,4324141
yadI_predicted,0.3333333333333333,2,2,GCATAAGGCCTGGAGTAAAC,0,4339305
yadI_predicted,0.3333333333333333,2,2,GCAGTAGCACTCCGTAAAGT,0,4317299
yadI_predicted,0.3333333333333333,2,2,GCAGTAAGGACGCAGGTGAT,0,4348006
yadI_predicted,0.3333333333333333,2,2,GCAGGCTCAGCCATAAGCCA,0,4342873
yadI_predicted,0.3333333333333333,2,2,GCAGGAAGTTTCGGAATGGG,0,4287606
yadI_predicted,0.3333333333333333,2,2,GCAGAGGCATGGGGTCAGTT,0,4346222
yadI_predicted,0.3333333333333333,2,2,GCAGACGGTAGAAACCTAGA,0,4358796
yadI_predicted,0.3333333333333333,2,2,GCAGACCGCGTCTGGGCAGA,0,4303126
yadI_predicted,0.3333333333333333,2,2,GCAGAAGTGATCGGTGTCTG,0,4367841
yadI_predicted,0.3333333333333333,2,2,GCACTGGAAATGTGGTTAAT,0,4298621
yadI_predicted,0.3333333333333333,2,2,GCACTATCTGCGGTTACACC,0,4314663
yadI_predicted,0.3333333333333333,2,2,GCACTAACTTAGTTTTGACC,0,4338155
yadI_predicted,0.3333333333333333,2,2,GCACGTTACCCTATGGGGGG,0,4320878
yadI_predicted,0.3333333333333333,2,2,GCACCCCTCGCTTGAAAGGA,0,4368917
yadI_predicted,0.3333333333333333,2,2,GCACCCCTCAACTTGGGATA,0,4364830
yadI_predicted,0.3333333333333333,2,2,GCACAGGTTCCGCGCGCGCG,0,4342912
yadI_predicted,0.3333333333333333,2,2,GCACAGACCTTACCGCCCCG,0,4325454
yadI_predicted,0.3333333333333333,2,2,GCACACTCCCTCCGAGCTTT,0,4301008
yadI_predicted,0.3333333333333333,2,2,GCACAAAGCCGGTTAGTTGG,0,4343969
yadI_predicted,0.3333333333333333,2,2,GCAATTTAAAAAGTATATCT,0,4287008
yadI_predicted,0.3333333333333333,2,2,GCAATTGGGCTTGTGATGGA,0,4340172
yadI_predicted,0.3333333333333333,2,2,GCAAGTTTGGGCTCACGGCG,0,4356707
yadI_predicted,0.3333333333333333,2,2,GCAAGGTTCATTTTGCGCAG,0,4350202
yadI_predicted,0.3333333333333333,2,2,GCAAGCTGGTTCGCTAAGCC,0,4336083
yadI_predicted,0.3333333333333333,2,2,GCAAGCAATTGGCGCCAATA,0,4362488
yadI_predicted,0.3333333333333333,2,2,GCAACAGCGTACGGGTCGGA,0,4366069
yadI_predicted,0.3333333333333333,2,2,GCAAATTATCGGTTCTCATA,0,4295922
yadI_predicted,0.3333333333333333,2,2,GCAAAGTAAAGGCTGGACTA,0,4320727
yadI_predicted,0.3333333333333333,2,2,GCAAAACGTATCACGTACCG,0,4343127
yadI_predicted,0.3333333333333333,2,2,GATTTTAGTGCTAATTATGA,0,4286264
yadI_predicted,0.3333333333333333,2,2,GATTGTTAAAACAAAAAGAT,0,4313856
yadI_predicted,0.3333333333333333,2,2,GATTCTGAGGGCTAGGTAAG,0,4332231
yadI_predicted,0.3333333333333333,2,2,GATTCGCCGCATCGGGTCGC,0,4290601
yadI_predicted,0.3333333333333333,2,2,GATTCCGAGCAATTAGATTA,0,4349805
yadI_predicted,0.3333333333333333,2,2,GATTCATGCATCGCGTCTCG,0,4320167
yadI_predicted,0.3333333333333333,2,2,GATTCACTTAGCTCCTACGA,0,4340879
yadI_predicted,0.3333333333333333,2,2,GATTATGTAGGCCGGGATTG,0,4358963
yadI_predicted,0.3333333333333333,2,2,GATTACCATAGTCCGCTCGA,0,4355040
yadI_predicted,0.3333333333333333,2,2,GATGTTCATACCTTGCCGGG,0,4324298
yadI_predicted,0.3333333333333333,2,2,GATGTTAAAATAAGACCGGT,0,4363124
yadI_predicted,0.3333333333333333,2,2,GATGTGTAAAGATCTTCAGC,0,4316733
yadI_predicted,0.3333333333333333,2,2,GATGTCATGGAGTTCTCCCC,0,4346435
yadI_predicted,0.3333333333333333,2,2,GATGGGAGGACAGGTCCTGG,0,4334912
yadI_predicted,0.3333333333333333,2,2,GATGGCATAGCTCGACAACT,0,4349057
yadI_predicted,0.3333333333333333,2,2,GATGGCAAACATAGAGCAGT,0,4333884
yadI_predicted,0.3333333333333333,2,2,GATGAGCTGCGTTCAAAACG,0,4315160
yadI_predicted,0.3333333333333333,2,2,GATGAATCGTACGAGCGATA,0,4302518
yadI_predicted,0.3333333333333333,2,2,GATCTGTTAAGCGGAGTTGT,0,4360007
yadI_predicted,0.3333333333333333,2,2,GATCGTAGACTTCGTAGCTT,0,4320956
yadI_predicted,0.3333333333333333,2,2,GATCGGTTAAGGCACCTGAG,0,4309847
yadI_predicted,0.3333333333333333,2,2,GATCGGATCGGTCGTAAATG,0,4298051
yadI_predicted,0.3333333333333333,2,2,GATCGGATAGGCACGTTATC,0,4286244
yadI_predicted,0.3333333333333333,2,2,GATCGCACTTTCGTGCAAGG,0,4293972
yadI_predicted,0.3333333333333333,2,2,GATCGAATGCCGCTAGCGAG,0,4341983
yadI_predicted,0.3333333333333333,2,2,GATCCGTGGTCTCAGCGACC,0,4284392
yadI_predicted,0.3333333333333333,2,2,GATCCCGTCAGGAGACTATG,0,4301537
yadI_predicted,0.3333333333333333,2,2,GATCCCCGGCGCTAGAACTT,0,4292677
yadI_predicted,0.3333333333333333,2,2,GATCCACGCCATAACAAATA,0,4353884
yadI_predicted,0.3333333333333333,2,2,GATCATCTCCGGACGGGGTA,0,4343346
yadI_predicted,0.3333333333333333,2,2,GATCAGAGGTACCGCCTTTT,0,4341226
yadI_predicted,0.3333333333333333,2,2,GATCACGTTCGATTCCGTCA,0,4347331
yadI_predicted,0.3333333333333333,2,2,GATCAACACAATTCGGCGGG,0,4318600
yadI_predicted,0.3333333333333333,2,2,GATATGGACCAGACGCATTA,0,4369113
yadI_predicted,0.3333333333333333,2,2,GATAGTGCACATGCTACAGG,0,4347010
yadI_predicted,0.3333333333333333,2,2,GATACAGCCTCGGGTCCTGT,0,4321348
yadI_predicted,0.3333333333333333,2,2,GATAAGGGCCATCGCAGGGT,0,4354094
yadI_predicted,0.3333333333333333,2,2,GAGTTTATCAGGGTTCCAGG,0,4338210
yadI_predicted,0.3333333333333333,2,2,GAGTTCTGCAACTCCGGTGA,0,4321584
yadI_predicted,0.3333333333333333,2,2,GAGTTCGGAACTCGTGACAA,0,4299193
yadI_predicted,0.3333333333333333,2,2,GAGTTATTTGGGATAAGTGT,0,4312144
yadI_predicted,0.3333333333333333,2,2,GAGTTAGATTTAGGCCGATA,0,4349602
yadI_predicted,0.3333333333333333,2,2,GAGTTAAGCATCTCTCCGTA,0,4342241
yadI_predicted,0.3333333333333333,2,2,GAGTGGCTTTTGATTTTGGG,0,4292401
yadI_predicted,0.3333333333333333,2,2,GAGTGGAGAGTATTGTATAT,0,4324594
yadI_predicted,0.3333333333333333,2,2,GAGTGCGCGAGGTACCTGGC,0,4338241
yadI_predicted,0.3333333333333333,2,2,GAGTCTTCACCCATGTTATA,0,4338732
yadI_predicted,0.3333333333333333,2,2,GAGTCCGGCGAGTACAGTAG,0,4346349
yadI_predicted,0.3333333333333333,2,2,GAGTATTGGACTATAACTTC,0,4288278
yadI_predicted,0.3333333333333333,2,2,GAGTAAATACAGTTTAGCGT,0,4293161
yadI_predicted,0.3333333333333333,2,2,GAGGTTGTGGCACAACGTTT,0,4332486
yadI_predicted,0.3333333333333333,2,2,GAGGTCATCACGATGCCTCC,0,4360275
yadI_predicted,0.3333333333333333,2,2,GAGGTAGGTAACCGATCATG,0,4289668
yadI_predicted,0.3333333333333333,2,2,GAGGTAGAGGCCATTTCGCC,0,4355900
yadI_predicted,0.3333333333333333,2,2,GAGGGTGCGCTAACCGCGCC,0,4347495
yadI_predicted,0.3333333333333333,2,2,GAGGCTAATGTTGGCGCTAT,0,4286291
yadI_predicted,0.3333333333333333,2,2,GAGCTTCAGGTTCTCGGGGA,0,4354923
yadI_predicted,0.3333333333333333,2,2,GAGCTTATCCACAGAGCGGG,0,4288570
yadI_predicted,0.3333333333333333,2,2,GAGCTGTGATACGTGTTAGG,0,4369861
yadI_predicted,0.3333333333333333,2,2,GAGCTGCGCTCGGTTTTTCT,0,4364635
yadI_predicted,0.3333333333333333,2,2,GAGCTCCATACGGTAGCACT,0,4331954
yadI_predicted,0.3333333333333333,2,2,GAGCGCCATTTTTCCATAGT,0,4358542
yadI_predicted,0.3333333333333333,2,2,GAGCGAGGACCCTTCGCCCG,0,4367329
yadI_predicted,0.3333333333333333,2,2,GAGCCTCGTGGGCCTTGTCC,0,4359067
yadI_predicted,0.3333333333333333,2,2,GAGCCGGTGCGACCTCAGGT,0,4344920
yadI_predicted,0.3333333333333333,2,2,GAGCCCGAGGATTACTTAAT,0,4286724
yadI_predicted,0.3333333333333333,2,2,GAGCAGTTAACGACGACGAT,0,4367689
yadI_predicted,0.3333333333333333,2,2,GAGCAACTTCCTCAGGTCGG,0,4325196
yadI_predicted,0.3333333333333333,2,2,GAGATTAGTCGTAAGATTTG,0,4301082
yadI_predicted,0.3333333333333333,2,2,GAGATGTGCACGTAAGTGCC,0,4307544
yadI_predicted,0.3333333333333333,2,2,GAGATGGTGCTGCCGAATAA,0,4302511
yadI_predicted,0.3333333333333333,2,2,GAGATCGTCTCCTAGGATAG,0,4355335
yadI_predicted,0.3333333333333333,2,2,GAGATATACGCCATAACACG,0,4304679
yadI_predicted,0.3333333333333333,2,2,GAGATACGTGAAATCATGGT,0,4348282
yadI_predicted,0.3333333333333333,2,2,GAGAGGCCCCTTCTTGGAAA,0,4287153
yadI_predicted,0.3333333333333333,2,2,GAGACATCGTAGACTGGGAG,0,4367396
yadI_predicted,0.3333333333333333,2,2,GAGAAGTATCGGGTCAGCCC,0,4305512
yadI_predicted,0.3333333333333333,2,2,GAGAAACCATTCAGCTCGCA,0,4364234
yadI_predicted,0.3333333333333333,2,2,GACTTAATTTCCGGATATTC,0,4320378
yadI_predicted,0.3333333333333333,2,2,GACTTAATGTGGTCCGATTA,0,4337906
yadI_predicted,0.3333333333333333,2,2,GACTGTGGGCGACCAGTAGA,0,4329081
yadI_predicted,0.3333333333333333,2,2,GACTGGCAGGTGTCATCTTT,0,4284998
yadI_predicted,0.3333333333333333,2,2,GACTGCGCTCGGGTGATTCA,0,4307016
yadI_predicted,0.3333333333333333,2,2,GACTGCGCCCAATATCGTCG,0,4330870
yadI_predicted,0.3333333333333333,2,2,GACTCCGCCCGGCTTCCTGA,0,4321039
yadI_predicted,0.3333333333333333,2,2,GACTCATGACCGCAACGGTT,0,4355553
yadI_predicted,0.3333333333333333,2,2,GACTCAGCTTTACTATGTTG,0,4338628
yadI_predicted,0.3333333333333333,2,2,GACTATGGACGGGAGTACGA,0,4305830
yadI_predicted,0.3333333333333333,2,2,GACTACAGTATGGCTGTCTA,0,4318254
yadI_predicted,0.3333333333333333,2,2,GACTAAACGTTGAAGAGCGT,0,4363181
yadI_predicted,0.3333333333333333,2,2,GACGTTATGGAATGGGGGGT,0,4291616
yadI_predicted,0.3333333333333333,2,2,GACGTGCATATGCCAGGTTC,0,4318100
yadI_predicted,0.3333333333333333,2,2,GACGTATAGCTTTCTGACTA,0,4297599
yadI_predicted,0.3333333333333333,2,2,GACGGCAGTTAACGACCGTG,0,4298776
yadI_predicted,0.3333333333333333,2,2,GACGCGCGATCTCAGTCCTG,0,4361881
yadI_predicted,0.3333333333333333,2,2,GACGCCGCGGCTTTAATGTT,0,4333499
yadI_predicted,0.3333333333333333,2,2,GACGCATGATATGGCTGATT,0,4324684
yadI_predicted,0.3333333333333333,2,2,GACGCAGATACGGCACTATT,0,4339580
yadI_predicted,0.3333333333333333,2,2,GACGATTGCCTGTGGGGGCG,0,4353717
yadI_predicted,0.3333333333333333,2,2,GACGATTCGATACACATGGC,0,4329550
yadI_predicted,0.3333333333333333,2,2,GACCTTGTATTTGAATAGTG,0,4285341
yadI_predicted,0.3333333333333333,2,2,GACCTCCGCAAGCTACATGA,0,4367519
yadI_predicted,0.3333333333333333,2,2,GACCTCAAGAATGGCATTGA,0,4326781
yadI_predicted,0.3333333333333333,2,2,GACCCCACTTGATCAGAAGG,0,4331675
yadI_predicted,0.3333333333333333,2,2,GACCCATTAGCGTAGTGTCT,0,4292709
yadI_predicted,0.3333333333333333,2,2,GACCATGCGTCGTGCCGCAC,0,4357804
yadI_predicted,0.3333333333333333,2,2,GACCACAAAAACTGTTAGGC,0,4341753
yadI_predicted,0.3333333333333333,2,2,GACCAAGATCGTTCCGAACA,0,4295972
yadI_predicted,0.3333333333333333,2,2,GACAGGGTGGGATTACATTA,0,4369084
yadI_predicted,0.3333333333333333,2,2,GACAGCCCGGCAGTAACAAG,0,4353715
yadI_predicted,0.3333333333333333,2,2,GACACTGGAGGCGAAAATGG,0,4322183
yadI_predicted,0.3333333333333333,2,2,GACACGTGGATGTATTGGGA,0,4301811
yadI_predicted,0.3333333333333333,2,2,GACACGCGTATAGGGGGCCA,0,4318350
yadI_predicted,0.3333333333333333,2,2,GACACGAATTAATTCACACA,0,4302826
yadI_predicted,0.3333333333333333,2,2,GACACAAGCCCAAAGATCCG,0,4321604
yadI_predicted,0.3333333333333333,2,2,GACAAGGACCTACGAGACAC,0,4316461
yadI_predicted,0.3333333333333333,2,2,GACAAGCGGCAAGGACCCTT,0,4289125
yadI_predicted,0.3333333333333333,2,2,GAATTTTCCACCGCGGCGGT,0,4301798
yadI_predicted,0.3333333333333333,2,2,GAATTGATCGCAGTGGATGC,0,4303504
yadI_predicted,0.3333333333333333,2,2,GAATTATACTCCATGGTCGT,0,4353418
yadI_predicted,0.3333333333333333,2,2,GAATTACCTCTGCGCCATTG,0,4315666
yadI_predicted,0.3333333333333333,2,2,GAATTACCCAAATAGCACGT,0,4287421
yadI_predicted,0.3333333333333333,2,2,GAATGCTTGCCGTGATATAT,0,4356453
yadI_predicted,0.3333333333333333,2,2,GAATGAAACCCTAAGGCCCC,0,4324327
yadI_predicted,0.3333333333333333,2,2,GAATCTACGCATACTGGCTG,0,4334470
yadI_predicted,0.3333333333333333,2,2,GAATCGGCGTCGGGCGCGTG,0,4290678
yadI_predicted,0.3333333333333333,2,2,GAATCCGGAGGGCCTCCCTT,0,4315969
yadI_predicted,0.3333333333333333,2,2,GAATCAGGAATCACCGAAAG,0,4323955
yadI_predicted,0.3333333333333333,2,2,GAATAGGAACGGGATTCACT,0,4368288
yadI_predicted,0.3333333333333333,2,2,GAATACTAGAAAAGTCTGCT,0,4350753
yadI_predicted,0.3333333333333333,2,2,GAATACGGGCGGGTCTGGAG,0,4353138
yadI_predicted,0.3333333333333333,2,2,GAAGTTTGGTGGCCGGGAAA,0,4299638
yadI_predicted,0.3333333333333333,2,2,GAAGTTAGCGGTAACGTTAG,0,4321438
yadI_predicted,0.3333333333333333,2,2,GAAGGGGGGCCATGATGTCC,0,4322755
yadI_predicted,0.3333333333333333,2,2,GAAGCGCACCTCATACCTCT,0,4334905
yadI_predicted,0.3333333333333333,2,2,GAAGATATCCAAACCGAATA,0,4355504
yadI_predicted,0.3333333333333333,2,2,GAAGAGAGCCTGGAACTCCA,0,4365742
yadI_predicted,0.3333333333333333,2,2,GAACGGGTTATAAATTAGTT,0,4297709
yadI_predicted,0.3333333333333333,2,2,GAACGGAAGTTATGGAGGTC,0,4311412
yadI_predicted,0.3333333333333333,2,2,GAACCTCCTGACCGTTTTCC,0,4310608
yadI_predicted,0.3333333333333333,2,2,GAACAATGCGAATTGTCTAT,0,4295321
yadI_predicted,0.3333333333333333,2,2,GAAATTAAACTCAAATTCGG,0,4326479
yadI_predicted,0.3333333333333333,2,2,GAAATAGGCACAGCCTCCCA,0,4332404
yadI_predicted,0.3333333333333333,2,2,GAAACGGCATACTGGTTTTG,0,4326908
yadI_predicted,0.3333333333333333,2,2,GAAACCCTCGATTTACTTCA,0,4330836
yadI_predicted,0.3333333333333333,2,2,GAAAATGGAAAGCTACTATA,0,4330252
yadI_predicted,0.3333333333333333,2,2,GAAAAGCGATATGCCCAGCA,0,4288254
yadI_predicted,0.3333333333333333,2,2,GAAAACGCAACCCCTGGTCA,0,4318275
yadI_predicted,0.3333333333333333,2,2,GAAAAACTGGGGGGGAGGCT,0,4290232
yadI_predicted,0.3333333333333333,2,2,GAAAAAATTAGCGAGAGATC,0,4350375
yadI_predicted,0.3333333333333333,2,2,CTTTTTTGCATTTGAGCCAC,0,4317567
yadI_predicted,0.3333333333333333,2,2,CTTTTGCACCCCCGGAGGAC,0,4337907
yadI_predicted,0.3333333333333333,2,2,CTTTTCCCAGCTAGTGCAAT,0,4341413
yadI_predicted,0.3333333333333333,2,2,CTTTTCAACGTACCTTGAGG,0,4287877
yadI_predicted,0.3333333333333333,2,2,CTTTGTTTAGTCGCATGAGC,0,4296320
yadI_predicted,0.3333333333333333,2,2,CTTTGTGCCAAGGGATCAGT,0,4351125
yadI_predicted,0.3333333333333333,2,2,CTTTGGTTCACAGGAACAGG,0,4312057
yadI_predicted,0.3333333333333333,2,2,CTTTGAATATCGATCGGTGG,0,4292264
yadI_predicted,0.3333333333333333,2,2,CTTTCTTGTGCAAGTTGTGA,0,4352919
yadI_predicted,0.3333333333333333,2,2,CTTTCTGTCGTGGTACTGTT,0,4316643
yadI_predicted,0.3333333333333333,2,2,CTTTCCGCCAGGCATAGTTT,0,4320718
yadI_predicted,0.3333333333333333,2,2,CTTTCAGAAATGATATGGCA,0,4284972
yadI_predicted,0.3333333333333333,2,2,CTTTATCCCCCTTGCCCCGA,0,4316319
yadI_predicted,0.3333333333333333,2,2,CTTTATCACGAGGGGCGTCA,0,4332087
yadI_predicted,0.3333333333333333,2,2,CTTTAGCACCCCCGGATTGA,0,4285122
yadI_predicted,0.3333333333333333,2,2,CTTTACTTATTGGGCAGTCT,0,4353052
yadI_predicted,0.3333333333333333,2,2,CTTTACAACTGTGTTTCTTA,0,4335587
yadI_predicted,0.3333333333333333,2,2,CTTGTTCTGTGACTCTACGG,0,4325565
yadI_predicted,0.3333333333333333,2,2,CTTGTTCAGACGCTCGCTGA,0,4291146
yadI_predicted,0.3333333333333333,2,2,CTTGTGGCCGCTTCCAAGCC,0,4334657
yadI_predicted,0.3333333333333333,2,2,CTTGTCTGGGAGTATTAACA,0,4352808
yadI_predicted,0.3333333333333333,2,2,CTTGGTACGTAATGTGAAGA,0,4325485
yadI_predicted,0.3333333333333333,2,2,CTTGGGGGACCTATTTCACG,0,4303185
yadI_predicted,0.3333333333333333,2,2,CTTGATGACGTCAGTTTGGT,0,4296716
yadI_predicted,0.3333333333333333,2,2,CTTGAGGCCAGAACTATGAA,0,4359584
yadI_predicted,0.3333333333333333,2,2,CTTGAGAGCCAATCGGACAG,0,4365666
yadI_predicted,0.3333333333333333,2,2,CTTGAACTTTCGGAGCAAGT,0,4327242
yadI_predicted,0.3333333333333333,2,2,CTTGAACCATCATCCCTGTC,0,4353317
yadI_predicted,0.3333333333333333,2,2,CTTCTGGCCTCAGTTGGCCA,0,4365874
yadI_predicted,0.3333333333333333,2,2,CTTCTATGGTCCGACTTTGG,0,4327121
yadI_predicted,0.3333333333333333,2,2,CTTCGTCAGCCGGAAAATGT,0,4291696
yadI_predicted,0.3333333333333333,2,2,CTTCGTAGGCGTTAAGCCTT,0,4336470
yadI_predicted,0.3333333333333333,2,2,CTTCGTAAGCAGGGCACGAC,0,4337505
yadI_predicted,0.3333333333333333,2,2,CTTCGGGGCGGTAGGGTCTC,0,4325105
yadI_predicted,0.3333333333333333,2,2,CTTCCGTAGGCGTGAAAATC,0,4293757
yadI_predicted,0.3333333333333333,2,2,CTTCCGGGGCGTTAGAAACA,0,4312497
yadI_predicted,0.3333333333333333,2,2,CTTCCATGGCTGAAGTATCT,0,4327802
yadI_predicted,0.3333333333333333,2,2,CTTCCAAGACCATCAGCGCA,0,4323743
yadI_predicted,0.3333333333333333,2,2,CTTCATAGCAGATCCCCGGC,0,4369830
yadI_predicted,0.3333333333333333,2,2,CTTCAGGTGAGTGTGGATTA,0,4358628
yadI_predicted,0.3333333333333333,2,2,CTTCAGGCAACTCGTATAGT,0,4333881
yadI_predicted,0.3333333333333333,2,2,CTTCAGCTTCATGCGAAGAC,0,4350425
yadI_predicted,0.3333333333333333,2,2,CTTCAAATACTAAATGCGAT,0,4289817
yadI_predicted,0.3333333333333333,2,2,CTTATACAGGTAGTAGTGGT,0,4312943
yadI_predicted,0.3333333333333333,2,2,CTTAGGGTTTAAACGTAGGT,0,4303991
yadI_predicted,0.3333333333333333,2,2,CTTAGAGTTTACTGAGAGAG,0,4326115
yadI_predicted,0.3333333333333333,2,2,CTTACTCGGCCCTCCAGTAA,0,4346038
yadI_predicted,0.3333333333333333,2,2,CTTACGTTGGGTGGTTAGCT,0,4357421
yadI_predicted,0.3333333333333333,2,2,CTTAAGGAGAGGTAGTCAAT,0,4290491
yadI_predicted,0.3333333333333333,2,2,CTTAACTGGTCTGATAGCTC,0,4306454
yadI_predicted,0.3333333333333333,2,2,CTTAACATCGGTCGGGCGGG,0,4361212
yadI_predicted,0.3333333333333333,2,2,CTTAACAGGATCGTTGCCTG,0,4286440
yadI_predicted,0.3333333333333333,2,2,CTTAACAAGGGGCGGGGGGA,0,4315510
yadI_predicted,0.3333333333333333,2,2,CTGTGTTGTGAAAGCAGCCC,0,4296842
yadI_predicted,0.3333333333333333,2,2,CTGTGCTACCGACGCTTTAG,0,4296107
yadI_predicted,0.3333333333333333,2,2,CTGTGAGCCATCGATTACCT,0,4334234
yadI_predicted,0.3333333333333333,2,2,CTGTCGAGACACAAATCCGT,0,4297970
yadI_predicted,0.3333333333333333,2,2,CTGTATAATCTCTAGGCTGA,0,4313802
yadI_predicted,0.3333333333333333,2,2,CTGTACGTCCGGAATTGGGG,0,4301079
yadI_predicted,0.3333333333333333,2,2,CTGTAATTCTATGAAGACTG,0,4347666
yadI_predicted,0.3333333333333333,2,2,CTGTAATAATGAGCCGCCGG,0,4323821
yadI_predicted,0.3333333333333333,2,2,CTGTAAGTCCGTCCCTTCAC,0,4328922
yadI_predicted,0.3333333333333333,2,2,CTGGTGGGGATTTAGGCAAT,0,4356496
yadI_predicted,0.3333333333333333,2,2,CTGGTCCCCTTGCTCTGGCC,0,4337060
yadI_predicted,0.3333333333333333,2,2,CTGGTATAGGGCACGGATTG,0,4340273
yadI_predicted,0.3333333333333333,2,2,CTGGTACCCCCTCGGGGTCG,0,4366181
yadI_predicted,0.3333333333333333,2,2,CTGGTACCACACGTTTCGGC,0,4329254
yadI_predicted,0.3333333333333333,2,2,CTGGGTAACGCCCCCGGGTT,0,4351115
yadI_predicted,0.3333333333333333,2,2,CTGGGGGCATAGTTGGTAAA,0,4327240
yadI_predicted,0.3333333333333333,2,2,CTGGGGGCAAGAGCTTGTCG,0,4342479
yadI_predicted,0.3333333333333333,2,2,CTGGGCTCTGCATCCCCCGG,0,4329025
yadI_predicted,0.3333333333333333,2,2,CTGGCTCATAATCTAACAAT,0,4310182
yadI_predicted,0.3333333333333333,2,2,CTGGCGCGGAGCTCATATCT,0,4369336
yadI_predicted,0.3333333333333333,2,2,CTGGATCGCTCTTTCATAGG,0,4305776
yadI_predicted,0.3333333333333333,2,2,CTGGATACTTTACCTTACTC,0,4368264
yadI_predicted,0.3333333333333333,2,2,CTGCTATGTACCATGGCTTG,0,4333609
yadI_predicted,0.3333333333333333,2,2,CTGCCCATGGAGCCGGCTTA,0,4349963
yadI_predicted,0.3333333333333333,2,2,CTGCCCAACGACACGGGTGG,0,4366218
yadI_predicted,0.3333333333333333,2,2,CTGCAACCCGCGTATTCGTG,0,4293019
yadI_predicted,0.3333333333333333,2,2,CTGATGAGATATACGAACAG,0,4359777
yadI_predicted,0.3333333333333333,2,2,CTGATCAACAGAGTACCATT,0,4364890
yadI_predicted,0.3333333333333333,2,2,CTGAGTGCAGTCGCACAGGG,0,4333270
yadI_predicted,0.3333333333333333,2,2,CTGAGAGAGGTCGTCGCAAG,0,4309841
yadI_predicted,0.3333333333333333,2,2,CTGAATCTGGTGATAGGAAC,0,4345148
yadI_predicted,0.3333333333333333,2,2,CTCTTTATATTCCCATACTT,0,4323630
yadI_predicted,0.3333333333333333,2,2,CTCTCTCGGTACCCATGGAA,0,4304614
yadI_predicted,0.3333333333333333,2,2,CTCTCGAACTACACAACCTT,0,4366079
yadI_predicted,0.3333333333333333,2,2,CTCTCAAGAGTTGGTTCGGA,0,4321534
yadI_predicted,0.3333333333333333,2,2,CTCTATTAAAACGGAAAAAA,0,4364055
yadI_predicted,0.3333333333333333,2,2,CTCGTGTCATAGCGTCCCTC,0,4343911
yadI_predicted,0.3333333333333333,2,2,CTCGTCTAGCAGTACGCGTG,0,4318227
yadI_predicted,0.3333333333333333,2,2,CTCGGTAAACGTCAGCAAGG,0,4291819
yadI_predicted,0.3333333333333333,2,2,CTCGGGTTCGAGGACGACGC,0,4367039
yadI_predicted,0.3333333333333333,2,2,CTCGGGGTCGCCTTAATGGT,0,4328956
yadI_predicted,0.3333333333333333,2,2,CTCGGGCGTCCAGTAAGGGG,0,4304109
yadI_predicted,0.3333333333333333,2,2,CTCGGCTGTCCCAATGCAAT,0,4290406
yadI_predicted,0.3333333333333333,2,2,CTCGCATCTACAAAGTATTA,0,4310260
yadI_predicted,0.3333333333333333,2,2,CTCCTTATTTCGGGTTATTA,0,4368079
yadI_predicted,0.3333333333333333,2,2,CTCCGTTCTGCGTGATAGGT,0,4357519
yadI_predicted,0.3333333333333333,2,2,CTCCGTATCCTTGCTCAATA,0,4348275
yadI_predicted,0.3333333333333333,2,2,CTCCGGTACTGTATGGGTTC,0,4353486
yadI_predicted,0.3333333333333333,2,2,CTCCGGGCCGGAAAAACGGG,0,4306110
yadI_predicted,0.3333333333333333,2,2,CTCCGCTTACCATACCAACC,0,4358340
yadI_predicted,0.3333333333333333,2,2,CTCCGCATGCCGCAGTCCTC,0,4360001
yadI_predicted,0.3333333333333333,2,2,CTCCGACTGAGGCGACCCCC,0,4346084
yadI_predicted,0.3333333333333333,2,2,CTCCCGGGTAGACGCCGGCA,0,4289540
yadI_predicted,0.3333333333333333,2,2,CTCCCCGGACTGAACTCGCG,0,4360681
yadI_predicted,0.3333333333333333,2,2,CTCCCCGCGGGCAGTTTTGG,0,4291151
yadI_predicted,0.3333333333333333,2,2,CTCCCCCTAGACTGCCTTGG,0,4320559
yadI_predicted,0.3333333333333333,2,2,CTCCCCCATGTTGGGGCGGC,0,4355950
yadI_predicted,0.3333333333333333,2,2,CTCCAGAACGACGATTGTCG,0,4319872
yadI_predicted,0.3333333333333333,2,2,CTCCACAACATGCGCCAATG,0,4284780
yadI_predicted,0.3333333333333333,2,2,CTCCAACTTCAGATCCGGGA,0,4296697
yadI_predicted,0.3333333333333333,2,2,CTCCAACATCATTTTTGAGT,0,4340907
yadI_predicted,0.3333333333333333,2,2,CTCATTGGATAATGTCTGGA,0,4367349
yadI_predicted,0.3333333333333333,2,2,CTCATTCGTGGGCTTGATGT,0,4345550
yadI_predicted,0.3333333333333333,2,2,CTCATGCAGAGATTCAGCAA,0,4301355
yadI_predicted,0.3333333333333333,2,2,CTCATGACCGGTCCACGCGC,0,4302681
yadI_predicted,0.3333333333333333,2,2,CTCATCTATCAATTGCATGG,0,4350377
yadI_predicted,0.3333333333333333,2,2,CTCATATTTCCAGCAAGTGG,0,4320747
yadI_predicted,0.3333333333333333,2,2,CTCATACAGACCGCACGTTA,0,4300517
yadI_predicted,0.3333333333333333,2,2,CTCAGCTTCATTTCACCTGG,0,4367835
yadI_predicted,0.3333333333333333,2,2,CTCAGATTGTCAGACTATGG,0,4312053
yadI_predicted,0.3333333333333333,2,2,CTCACTAGGCCTTTCGCGGA,0,4352714
yadI_predicted,0.3333333333333333,2,2,CTCACAAAGAAGCAGGACCA,0,4366591
yadI_predicted,0.3333333333333333,2,2,CTCAAAGCCATGGTCCTGGC,0,4343979
yadI_predicted,0.3333333333333333,2,2,CTATTTGTGCGCCCGCGTTG,0,4336587
yadI_predicted,0.3333333333333333,2,2,CTATTTCGTCTTCCGGGGTC,0,4369524
yadI_predicted,0.3333333333333333,2,2,CTATTCCATGTCCATCAAAT,0,4330959
yadI_predicted,0.3333333333333333,2,2,CTATTCATTTTCCCGTAATA,0,4320414
yadI_predicted,0.3333333333333333,2,2,CTATTATCCCTTCACACTTC,0,4362970
yadI_predicted,0.3333333333333333,2,2,CTATTAATTGATACAATTAG,0,4343320
yadI_predicted,0.3333333333333333,2,2,CTATGTGGCATCTTTCTAGA,0,4322265
yadI_predicted,0.3333333333333333,2,2,CTATGTAGCGGATGACGACT,0,4290208
yadI_predicted,0.3333333333333333,2,2,CTATGCTGTTAGACTATCCG,0,4306236
yadI_predicted,0.3333333333333333,2,2,CTATCTAGCCCCCGTCTCTT,0,4330468
yadI_predicted,0.3333333333333333,2,2,CTATCCAATTCATCTCGGAC,0,4328236
yadI_predicted,0.3333333333333333,2,2,CTATATGACCATATGCCCGG,0,4350794
yadI_predicted,0.3333333333333333,2,2,CTATATCCACCGTTTCCTGA,0,4361222
yadI_predicted,0.3333333333333333,2,2,CTATATACTCCGGTAAGTGC,0,4336283
yadI_predicted,0.3333333333333333,2,2,CTATACAGTGCCACGATCAA,0,4331306
yadI_predicted,0.3333333333333333,2,2,CTATAATCAGTACCTGCGGT,0,4353209
yadI_predicted,0.3333333333333333,2,2,CTAGTGTGGTATGGACGTTT,0,4356757
yadI_predicted,0.3333333333333333,2,2,CTAGTGACCACCGACCTGGT,0,4320935
yadI_predicted,0.3333333333333333,2,2,CTAGGTATGCGCTGCACGAA,0,4351570
yadI_predicted,0.3333333333333333,2,2,CTAGGGGTACGTCCGCTGTC,0,4297479
yadI_predicted,0.3333333333333333,2,2,CTAGGGGTACGATGTAGTTT,0,4284238
yadI_predicted,0.3333333333333333,2,2,CTAGGATTTCGTTAGTGTCT,0,4365205
yadI_predicted,0.3333333333333333,2,2,CTAGGATGTTGGTACCTCGG,0,4312138
yadI_predicted,0.3333333333333333,2,2,CTAGCTTGGGGCGATTCTGA,0,4298952
yadI_predicted,0.3333333333333333,2,2,CTAGCCTGATTCCGCATAAT,0,4296231
yadI_predicted,0.3333333333333333,2,2,CTAGCATAATGCTGCTTCCT,0,4337703
yadI_predicted,0.3333333333333333,2,2,CTAGATTTCGAGGGGGACGG,0,4313811
yadI_predicted,0.3333333333333333,2,2,CTAGAGGCTCTGTCGAGGGC,0,4304685
yadI_predicted,0.3333333333333333,2,2,CTAGAGAAAGGCGGTCAATG,0,4293392
yadI_predicted,0.3333333333333333,2,2,CTAGACCGCTTTGCGGTGGT,0,4293620
yadI_predicted,0.3333333333333333,2,2,CTACTGGGCAATTCCACTTA,0,4364470
yadI_predicted,0.3333333333333333,2,2,CTACTGAGGAACCATAGATA,0,4297494
yadI_predicted,0.3333333333333333,2,2,CTACTGAACATGGATGAGGA,0,4333962
yadI_predicted,0.3333333333333333,2,2,CTACGTGCTCCAAGTCCTTC,0,4339743
yadI_predicted,0.3333333333333333,2,2,CTACGGAGGACCATAGGCAG,0,4294384
yadI_predicted,0.3333333333333333,2,2,CTACCGGATGTCTTTTGCAA,0,4368175
yadI_predicted,0.3333333333333333,2,2,CTACCGCTCAGGTCAGGCAT,0,4363468
yadI_predicted,0.3333333333333333,2,2,CTACAAGTGACCTCCGCTGC,0,4334008
yadI_predicted,0.3333333333333333,2,2,CTACAAGGGATGGACGCTGT,0,4313421
yadI_predicted,0.3333333333333333,2,2,CTAATGATCAGTCGGCGGAA,0,4295446
yadI_predicted,0.3333333333333333,2,2,CTAATCTGAAGTTAGACTTA,0,4355748
yadI_predicted,0.3333333333333333,2,2,CTAAGTAGGAGATATCAAGT,0,4327229
yadI_predicted,0.3333333333333333,2,2,CTAAGGGATGGGGCTTGAGA,0,4297084
yadI_predicted,0.3333333333333333,2,2,CTAAGGATACGGTTTAAAGC,0,4340692
yadI_predicted,0.3333333333333333,2,2,CTAAGCCGCTTCCAGAAGGG,0,4318319
yadI_predicted,0.3333333333333333,2,2,CTAACGTGGTTTACTACTGC,0,4359020
yadI_predicted,0.3333333333333333,2,2,CTAAAAAATCGCCTGCCAGG,0,4301853
yadI_predicted,0.3333333333333333,2,2,CGTTTTTTAAAACAGGGCTT,0,4289566
yadI_predicted,0.3333333333333333,2,2,CGTTTTTCGGTTTTTCACGA,0,4314908
yadI_predicted,0.3333333333333333,2,2,CGTTTGCATGTTCTCCATCG,0,4352409
yadI_predicted,0.3333333333333333,2,2,CGTTGTGGGCTTGCTTGTGG,0,4336151
yadI_predicted,0.3333333333333333,2,2,CGTTGTCTAGCCCGAGGGCA,0,4297903
yadI_predicted,0.3333333333333333,2,2,CGTTGGACTTCATCGCTGCT,0,4326640
yadI_predicted,0.3333333333333333,2,2,CGTTCGACATAACAATGTTA,0,4293231
yadI_predicted,0.3333333333333333,2,2,CGTTATTTACACTGCTGTTG,0,4294851
yadI_predicted,0.3333333333333333,2,2,CGTTAGATTCGTTATCAAGG,0,4296578
yadI_predicted,0.3333333333333333,2,2,CGTGTATATTCCATTGATGT,0,4287321
yadI_predicted,0.3333333333333333,2,2,CGTGGACGCGGGGGGGAAAC,0,4318067
yadI_predicted,0.3333333333333333,2,2,CGTGCCCTCTGATCGTGTTA,0,4362317
yadI_predicted,0.3333333333333333,2,2,CGTGATGCCGCATAACGGCC,0,4356643
yadI_predicted,0.3333333333333333,2,2,CGTGAGCGAGTCTACCTTTT,0,4292521
yadI_predicted,0.3333333333333333,2,2,CGTGACCAGCATTTACAGTC,0,4368370
yadI_predicted,0.3333333333333333,2,2,CGTGAACTAACTCAAGTCCC,0,4294917
yadI_predicted,0.3333333333333333,2,2,CGTGAACGTGCATAATCGCC,0,4295574
yadI_predicted,0.3333333333333333,2,2,CGTCTCCATAGTTGCGAACT,0,4293911
yadI_predicted,0.3333333333333333,2,2,CGTCTCCAGAGTCGGGGTTT,0,4300434
yadI_predicted,0.3333333333333333,2,2,CGTCGGCCGTGAACAAAGTT,0,4338730
yadI_predicted,0.3333333333333333,2,2,CGTCGCTATTTGGCAGGGTT,0,4292630
yadI_predicted,0.3333333333333333,2,2,CGTCGCGCATGGGTGGGTTA,0,4344918
yadI_predicted,0.3333333333333333,2,2,CGTCGCAACACTGCCAACAG,0,4287677
yadI_predicted,0.3333333333333333,2,2,CGTCGAGCAAGTAAAGTCCA,0,4353142
yadI_predicted,0.3333333333333333,2,2,CGTCATAGTTACATTAAAGG,0,4335600
yadI_predicted,0.3333333333333333,2,2,CGTCATAGTGCCTCTGGACG,0,4307023
yadI_predicted,0.3333333333333333,2,2,CGTCACCCTTCAAATTCCGT,0,4331139
yadI_predicted,0.3333333333333333,2,2,CGTAGGTGACTTGTATCCAG,0,4344089
yadI_predicted,0.3333333333333333,2,2,CGTAGGTCCATCACTGAAGC,0,4350760
yadI_predicted,0.3333333333333333,2,2,CGTAGACGGGTACTTTTAAG,0,4343797
yadI_predicted,0.3333333333333333,2,2,CGTACTAGCATCATCATGCT,0,4309462
yadI_predicted,0.3333333333333333,2,2,CGTAAGTAAACCTTATCTCT,0,4362028
yadI_predicted,0.3333333333333333,2,2,CGTAAGCGTACTGATAGGCA,0,4346052
yadI_predicted,0.3333333333333333,2,2,CGTAACCATTATGTCATGAT,0,4343525
yadI_predicted,0.3333333333333333,2,2,CGGTTTTGGCAAATTTAGTA,0,4348246
yadI_predicted,0.3333333333333333,2,2,CGGTTTGGACTTTATTTGAT,0,4314580
yadI_predicted,0.3333333333333333,2,2,CGGTTTAGGCGTCCCTAAGA,0,4320867
yadI_predicted,0.3333333333333333,2,2,CGGTTGTTGGGGTGGCTCCG,0,4324174
yadI_predicted,0.3333333333333333,2,2,CGGTTCTTCACGTCTCTTAT,0,4356358
yadI_predicted,0.3333333333333333,2,2,CGGTTATACGGCTTGTTATC,0,4323102
yadI_predicted,0.3333333333333333,2,2,CGGTGTATCTTGTTCTGGTT,0,4317971
yadI_predicted,0.3333333333333333,2,2,CGGTGGTTCGGATATTGCTC,0,4305127
yadI_predicted,0.3333333333333333,2,2,CGGTGGTAACGGATTCATTA,0,4302589
yadI_predicted,0.3333333333333333,2,2,CGGTGGGTTGATAGCACAGC,0,4312637
yadI_predicted,0.3333333333333333,2,2,CGGTGGCGAATAATCGAGTT,0,4334551
yadI_predicted,0.3333333333333333,2,2,CGGTCTGTTCATGAAGCAAA,0,4367152
yadI_predicted,0.3333333333333333,2,2,CGGTCTGGGCGTCCATGGCC,0,4331028
yadI_predicted,0.3333333333333333,2,2,CGGTCTGGCTTGTAGCGCAG,0,4305713
yadI_predicted,0.3333333333333333,2,2,CGGTCGATTCCTCCAGGGGT,0,4284858
yadI_predicted,0.3333333333333333,2,2,CGGTCCTTTACCGGCCTCAA,0,4288451
yadI_predicted,0.3333333333333333,2,2,CGGTATTCGATCCTTTGTGT,0,4355750
yadI_predicted,0.3333333333333333,2,2,CGGTATCGTGGACGTCCCTC,0,4359914
yadI_predicted,0.3333333333333333,2,2,CGGTATCCTTCCCGCGCGCA,0,4287720
yadI_predicted,0.3333333333333333,2,2,CGGTATCCGACGCAGTCTAT,0,4301957
yadI_predicted,0.3333333333333333,2,2,CGGTACCCGCTTTGCTCGAG,0,4340716
yadI_predicted,0.3333333333333333,2,2,CGGTAATCGCTTGTGCCTCG,0,4345336
yadI_predicted,0.3333333333333333,2,2,CGGGTTGCAAACTGCAAGGG,0,4316242
yadI_predicted,0.3333333333333333,2,2,CGGGTGGACAGGAGGCACGC,0,4295033
yadI_predicted,0.3333333333333333,2,2,CGGGTCGGGACACGGAGGAC,0,4356233
yadI_predicted,0.3333333333333333,2,2,CGGGTATCATGGACTCTTCA,0,4333645
yadI_predicted,0.3333333333333333,2,2,CGGGGTAGCCGCATCACGCA,0,4328296
yadI_predicted,0.3333333333333333,2,2,CGGGGTAAAAGCCGTTAGGG,0,4368809
yadI_predicted,0.3333333333333333,2,2,CGGGGCGATAGCAATTACGG,0,4308537
yadI_predicted,0.3333333333333333,2,2,CGGGGCATCGTATACCTTTT,0,4356485
yadI_predicted,0.3333333333333333,2,2,CGGGAGACCGAAACCCACCC,0,4305333
yadI_predicted,0.3333333333333333,2,2,CGGGAAAAAGGTCCCCGGTG,0,4336317
yadI_predicted,0.3333333333333333,2,2,CGGCTTGTGGTAAAGAGCGT,0,4350620
yadI_predicted,0.3333333333333333,2,2,CGGCTTGTCGGCTGGCGGAG,0,4299797
yadI_predicted,0.3333333333333333,2,2,CGGCTGACAGTATGCATAGT,0,4364741
yadI_predicted,0.3333333333333333,2,2,CGGCTCTAAGTTGTTACTCT,0,4338001
yadI_predicted,0.3333333333333333,2,2,CGGCTCACGTGCATCCCCAG,0,4310984
yadI_predicted,0.3333333333333333,2,2,CGGCTAACCTGCAATGTGCG,0,4347953
yadI_predicted,0.3333333333333333,2,2,CGGCGCTCTTATTAGTAAGC,0,4318552
yadI_predicted,0.3333333333333333,2,2,CGGCGATAGTCAGCACGAGT,0,4348562
yadI_predicted,0.3333333333333333,2,2,CGGCGAGTTTCCCGCCTAAC,0,4306856
yadI_predicted,0.3333333333333333,2,2,CGGCCGTGCTGATCTGCAGC,0,4305134
yadI_predicted,0.3333333333333333,2,2,CGGCCCCGCCATCCACGGCG,0,4328244
yadI_predicted,0.3333333333333333,2,2,CGGCCATGTATCTCAGTTTG,0,4319225
yadI_predicted,0.3333333333333333,2,2,CGGCCACAGTACTTCTCTAT,0,4333545
yadI_predicted,0.3333333333333333,2,2,CGGATTTTCCTAGGAACTCA,0,4333833
yadI_predicted,0.3333333333333333,2,2,CGGATCTGGACGCCCGAATA,0,4335187
yadI_predicted,0.3333333333333333,2,2,CGGATAGCCACCACGCACAA,0,4313872
yadI_predicted,0.3333333333333333,2,2,CGGAGGGATGAGGCCTTACG,0,4329969
yadI_predicted,0.3333333333333333,2,2,CGGAGCTCTCGCCGGGGAGT,0,4347828
yadI_predicted,0.3333333333333333,2,2,CGGAGCACATGCTGGTCTTA,0,4353280
yadI_predicted,0.3333333333333333,2,2,CGGACACGGTCCTGGATTGT,0,4324889
yadI_predicted,0.3333333333333333,2,2,CGCTTGCTCCCTCATACGCT,0,4308390
yadI_predicted,0.3333333333333333,2,2,CGCTTGAGTAAGTTAGACCT,0,4344829
yadI_predicted,0.3333333333333333,2,2,CGCTTATCTTCGCGTTATAC,0,4345241
yadI_predicted,0.3333333333333333,2,2,CGCTGCAACGATGGGTAGAC,0,4300868
yadI_predicted,0.3333333333333333,2,2,CGCTCGCATGCCGATAGTTG,0,4345770
yadI_predicted,0.3333333333333333,2,2,CGCTCATCTCACGCTACTGT,0,4317563
yadI_predicted,0.3333333333333333,2,2,CGCTATTCATGGGGATGCGG,0,4358217
yadI_predicted,0.3333333333333333,2,2,CGCGTTCCATCCCCTGTAAA,0,4332832
yadI_predicted,0.3333333333333333,2,2,CGCGTGGCCTAAGGGAAGTT,0,4343846
yadI_predicted,0.3333333333333333,2,2,CGCGTGCTAAGAGGACGTTT,0,4362686
yadI_predicted,0.3333333333333333,2,2,CGCGGTCTGAGGACTACGAG,0,4333087
yadI_predicted,0.3333333333333333,2,2,CGCGAGAGGGAGTCAAAGTG,0,4303059
yadI_predicted,0.3333333333333333,2,2,CGCGAACTCTCGTCGTGAAC,0,4304149
yadI_predicted,0.3333333333333333,2,2,CGCGAAAATCGTACTGAAGT,0,4350513
yadI_predicted,0.3333333333333333,2,2,CGCCTCTACCTTGATTATAT,0,4296455
yadI_predicted,0.3333333333333333,2,2,CGCCTATTTATAGCCTTGGA,0,4339948
yadI_predicted,0.3333333333333333,2,2,CGCCGGTAATTTGTGACATC,0,4358124
yadI_predicted,0.3333333333333333,2,2,CGCCGCTGCCTTCCGGTGGT,0,4306643
yadI_predicted,0.3333333333333333,2,2,CGCCCTCGTGTCCGTGTTGT,0,4333832
yadI_predicted,0.3333333333333333,2,2,CGCCCGACTTAATTACCTCC,0,4365760
yadI_predicted,0.3333333333333333,2,2,CGCCCCTCTCTGTGGGATGT,0,4351244
yadI_predicted,0.3333333333333333,2,2,CGCCATAACTCCACAACCTG,0,4355292
yadI_predicted,0.3333333333333333,2,2,CGCCAGCGTATGACCATCCA,0,4298999
yadI_predicted,0.3333333333333333,2,2,CGCCAGCCCGGGACCAGGCT,0,4285127
yadI_predicted,0.3333333333333333,2,2,CGCAGCGACCGAACCAATAG,0,4350384
yadI_predicted,0.3333333333333333,2,2,CGCAGAATAAATCTAATTAT,0,4286369
yadI_predicted,0.3333333333333333,2,2,CGCACTGATCTGTCCTAACG,0,4325483
yadI_predicted,0.3333333333333333,2,2,CGCACGATATCTAGAACTGG,0,4330732
yadI_predicted,0.3333333333333333,2,2,CGCACATCCGTAGTATAAGT,0,4335387
yadI_predicted,0.3333333333333333,2,2,CGCAATTACTTAACGTATGT,0,4332748
yadI_predicted,0.3333333333333333,2,2,CGCAATATCATTGGCACGGA,0,4331898
yadI_predicted,0.3333333333333333,2,2,CGCAAGGCCAACTTCAAAGA,0,4311303
yadI_predicted,0.3333333333333333,2,2,CGATGTACTTACAGATCCCT,0,4315165
yadI_predicted,0.3333333333333333,2,2,CGATACCGCTTTGAGAGCTT,0,4305064
yadI_predicted,0.3333333333333333,2,2,CGATAAGGTGACCACGATGA,0,4325508
yadI_predicted,0.3333333333333333,2,2,CGAGTAGGGCGGGCCATTCA,0,4337966
yadI_predicted,0.3333333333333333,2,2,CGAGGGCGTTTCGGGGGTGT,0,4299643
yadI_predicted,0.3333333333333333,2,2,CGAGGCTTCAGTACCTACCT,0,4360236
yadI_predicted,0.3333333333333333,2,2,CGAGGAAAGAGTATCCTTCG,0,4369323
yadI_predicted,0.3333333333333333,2,2,CGAGGAAAAAACATGGTTCG,0,4349989
yadI_predicted,0.3333333333333333,2,2,CGAGCTTCATGTAACTCGCA,0,4316631
yadI_predicted,0.3333333333333333,2,2,CGAGCTGTTAGTGCATAGTC,0,4353588
yadI_predicted,0.3333333333333333,2,2,CGAGCTCCGTGGCCACCGCT,0,4284894
yadI_predicted,0.3333333333333333,2,2,CGAGCCTGTTGGCACCTATC,0,4303550
yadI_predicted,0.3333333333333333,2,2,CGAGCCTACCTCCATAAAAA,0,4362833
yadI_predicted,0.3333333333333333,2,2,CGAGCATGGTGTGGAGGGTG,0,4368439
yadI_predicted,0.3333333333333333,2,2,CGAGAGCAGATTGGATACCC,0,4340283
yadI_predicted,0.3333333333333333,2,2,CGAGACTGTATGTCCAATCA,0,4338217
yadI_predicted,0.3333333333333333,2,2,CGACTTTTGATACGGTTTTC,0,4307669
yadI_predicted,0.3333333333333333,2,2,CGACTGTTCGGTATAGAGAG,0,4346409
yadI_predicted,0.3333333333333333,2,2,CGACTCTTGGGGTGCGTAGT,0,4292438
yadI_predicted,0.3333333333333333,2,2,CGACTAAGTGCAGTACAAAA,0,4285528
yadI_predicted,0.3333333333333333,2,2,CGACGTCTTGTGCGTATGGC,0,4320668
yadI_predicted,0.3333333333333333,2,2,CGACGCTGTTTTCTATTTGG,0,4353701
yadI_predicted,0.3333333333333333,2,2,CGACCTAGCGAGGTAGCGAG,0,4289773
yadI_predicted,0.3333333333333333,2,2,CGACCTAATGAGGTCAACAG,0,4293261
yadI_predicted,0.3333333333333333,2,2,CGACCGGTTGTCGGAGATTG,0,4314642
yadI_predicted,0.3333333333333333,2,2,CGACCCGGTATTGGTGGCGT,0,4355123
yadI_predicted,0.3333333333333333,2,2,CGACCCCAGTTCTCGTCGGT,0,4287405
yadI_predicted,0.3333333333333333,2,2,CGACCATTTGAAAAACTCTG,0,4310267
yadI_predicted,0.3333333333333333,2,2,CGACCATATGAATAGTGCCA,0,4307302
yadI_predicted,0.3333333333333333,2,2,CGACATTTCACCGAAGGGGC,0,4300136
yadI_predicted,0.3333333333333333,2,2,CGACAGAGGGTCAACGACGT,0,4285215
yadI_predicted,0.3333333333333333,2,2,CGACACTTTAAAGACGCCCG,0,4303176
yadI_predicted,0.3333333333333333,2,2,CGAATGAAAAAACTCCATCA,0,4330423
yadI_predicted,0.3333333333333333,2,2,CGAAGTCACCACAGTCCTTG,0,4323355
yadI_predicted,0.3333333333333333,2,2,CGAAGAGCTAACCGGAGAGT,0,4331834
yadI_predicted,0.3333333333333333,2,2,CGAACGGCGTATGCTCCGGT,0,4297376
yadI_predicted,0.3333333333333333,2,2,CGAAATCGTGGACTGCAGTC,0,4346226
yadI_predicted,0.3333333333333333,2,2,CGAAAGGTCCATTCGACCGT,0,4293920
yadI_predicted,0.3333333333333333,2,2,CCTTTACGGTGAACCGGGGG,0,4346778
yadI_predicted,0.3333333333333333,2,2,CCTTGTATGTCCCTAGGACT,0,4364795
yadI_predicted,0.3333333333333333,2,2,CCTTGCGCAGGCAGTTGACG,0,4338021
yadI_predicted,0.3333333333333333,2,2,CCTTGATTAAACTCCTCATA,0,4308993
yadI_predicted,0.3333333333333333,2,2,CCTTCTGCTCTCGTGAAAGA,0,4351896
yadI_predicted,0.3333333333333333,2,2,CCTTCTGAAAAGTTGGTATT,0,4291693
yadI_predicted,0.3333333333333333,2,2,CCTTCCTTGGCGCCGTCCTA,0,4343983
yadI_predicted,0.3333333333333333,2,2,CCTTCCTATGGAGGACGCGC,0,4285378
yadI_predicted,0.3333333333333333,2,2,CCTTCCGGCGCTTATGTCTA,0,4350379
yadI_predicted,0.3333333333333333,2,2,CCTTCCATCAGGGGGGCGCG,0,4361593
yadI_predicted,0.3333333333333333,2,2,CCTTCATGTACTCTTACCCG,0,4313725
yadI_predicted,0.3333333333333333,2,2,CCTTCACTCCAAAGAACTGT,0,4324641
yadI_predicted,0.3333333333333333,2,2,CCTTATGTGTATAACTCCGA,0,4289154
yadI_predicted,0.3333333333333333,2,2,CCTTAGTGCCTGTAGTGCTG,0,4339465
yadI_predicted,0.3333333333333333,2,2,CCTTAGGTTGTGACTTTGAG,0,4301616
yadI_predicted,0.3333333333333333,2,2,CCTTACTTTATCGGTGCTCT,0,4302449
yadI_predicted,0.3333333333333333,2,2,CCTTAAAGGCCAATACACCA,0,4337030
yadI_predicted,0.3333333333333333,2,2,CCTGTTTGCGTTGGGAGATA,0,4346736
yadI_predicted,0.3333333333333333,2,2,CCTGTTTGATATCTATATCC,0,4313460
yadI_predicted,0.3333333333333333,2,2,CCTGTGTTTCATATCGGTTG,0,4316811
yadI_predicted,0.3333333333333333,2,2,CCTGTGTCCTGAAGGCGTTC,0,4331701
yadI_predicted,0.3333333333333333,2,2,CCTGTCCCCTCTACACGCAG,0,4304907
yadI_predicted,0.3333333333333333,2,2,CCTGGTGTGAACGCACTGGA,0,4315095
yadI_predicted,0.3333333333333333,2,2,CCTGCACGGCTGCCCTACAT,0,4292044
yadI_predicted,0.3333333333333333,2,2,CCTGAATTGTTACTTAGCGC,0,4348763
yadI_predicted,0.3333333333333333,2,2,CCTGAAGGATGCCAGCCGCA,0,4362655
yadI_predicted,0.3333333333333333,2,2,CCTCTCTACTATCACCCTCG,0,4331391
yadI_predicted,0.3333333333333333,2,2,CCTCTCGATTGATGTAGGCC,0,4320969
yadI_predicted,0.3333333333333333,2,2,CCTCGTGGATTTTCTGGCTC,0,4348175
yadI_predicted,0.3333333333333333,2,2,CCTCGCGAAGCACGATCTTA,0,4296778
yadI_predicted,0.3333333333333333,2,2,CCTCCTCCGTTAGCTCGAAC,0,4286296
yadI_predicted,0.3333333333333333,2,2,CCTCCGAGCTCAAGCGCCCC,0,4318676
yadI_predicted,0.3333333333333333,2,2,CCTCCCAGTTCAGTTGGCAA,0,4353968
yadI_predicted,0.3333333333333333,2,2,CCTATTCCTACGCACTCTGC,0,4317330
yadI_predicted,0.3333333333333333,2,2,CCTATAAATAGCATTTGCCT,0,4354801
yadI_predicted,0.3333333333333333,2,2,CCTAGGCTTCTAGGTCCGAG,0,4367029
yadI_predicted,0.3333333333333333,2,2,CCTACCCTAACAATGGCCCT,0,4308568
yadI_predicted,0.3333333333333333,2,2,CCTAAGCAGCGAAGTGGATC,0,4363837
yadI_predicted,0.3333333333333333,2,2,CCTAACCAGCTCAACACTTC,0,4303607
yadI_predicted,0.3333333333333333,2,2,CCGTTGATAATAGGTTGAAC,0,4354197
yadI_predicted,0.3333333333333333,2,2,CCGTTCGAGCCCACGAGACT,0,4356438
yadI_predicted,0.3333333333333333,2,2,CCGTTACGAGGTATACCAGG,0,4285113
yadI_predicted,0.3333333333333333,2,2,CCGTTAATTCGGCTGGCGTA,0,4362465
yadI_predicted,0.3333333333333333,2,2,CCGTTAACTGACGCTACTTT,0,4367801
yadI_predicted,0.3333333333333333,2,2,CCGTGTTGTAAGAGTATGTA,0,4311738
yadI_predicted,0.3333333333333333,2,2,CCGTGTCTTAGTAGTTGTTT,0,4346299
yadI_predicted,0.3333333333333333,2,2,CCGTGTAGGTCAGAATCGTC,0,4362021
yadI_predicted,0.3333333333333333,2,2,CCGTGCCGGGCCACCTTTCT,0,4308837
yadI_predicted,0.3333333333333333,2,2,CCGTCCAATGCAGCGGCAGA,0,4335605
yadI_predicted,0.3333333333333333,2,2,CCGTCATCCGTTATGCATGA,0,4317274
yadI_predicted,0.3333333333333333,2,2,CCGTCAAGGGGGCTAAGATA,0,4353636
yadI_predicted,0.3333333333333333,2,2,CCGTAGACTTCTAGACCATA,0,4342418
yadI_predicted,0.3333333333333333,2,2,CCGTACACGAGGATTTTAAT,0,4335162
yadI_predicted,0.3333333333333333,2,2,CCGTAATCGCAAAGGCTTAG,0,4313695
yadI_predicted,0.3333333333333333,2,2,CCGGTTCCCGGCAGGGGATG,0,4305606
yadI_predicted,0.3333333333333333,2,2,CCGGTGACTGGAACATTTCA,0,4349921
yadI_predicted,0.3333333333333333,2,2,CCGGTCTTTTTGTCAACTGT,0,4318917
yadI_predicted,0.3333333333333333,2,2,CCGGGTGTTACTCCGCCCGA,0,4340109
yadI_predicted,0.3333333333333333,2,2,CCGGGGAACGCCAGTTCGGC,0,4298260
yadI_predicted,0.3333333333333333,2,2,CCGGGCGAGAATGCGCGTGT,0,4308164
yadI_predicted,0.3333333333333333,2,2,CCGGGCACCAGATAATGAAC,0,4304707
yadI_predicted,0.3333333333333333,2,2,CCGGGAACTCATTGTCGTGG,0,4323249
yadI_predicted,0.3333333333333333,2,2,CCGGCTGGTGGTTAGTGTTT,0,4313021
yadI_predicted,0.3333333333333333,2,2,CCGGCCCAGGTTACCTATTG,0,4318458
yadI_predicted,0.3333333333333333,2,2,CCGGATCGTGATTAGAAGGT,0,4314361
yadI_predicted,0.3333333333333333,2,2,CCGGATCGGAATTCTTGCTA,0,4347990
yadI_predicted,0.3333333333333333,2,2,CCGGATCCAAGGTTTTGATG,0,4356860
yadI_predicted,0.3333333333333333,2,2,CCGGAAGGATTCTCTGGCAA,0,4364997
yadI_predicted,0.3333333333333333,2,2,CCGCTTACGGCTTCGAACCA,0,4298446
yadI_predicted,0.3333333333333333,2,2,CCGCTCGTCTTGGAGCTGGT,0,4299603
yadI_predicted,0.3333333333333333,2,2,CCGCTATCGAAGGTTCTTAC,0,4357744
yadI_predicted,0.3333333333333333,2,2,CCGCGCGATCACCCGTAAGA,0,4292158
yadI_predicted,0.3333333333333333,2,2,CCGCGAATTTGGTGGAACCA,0,4310277
yadI_predicted,0.3333333333333333,2,2,CCGCCGTCCTTCAAGACGCT,0,4299831
yadI_predicted,0.3333333333333333,2,2,CCGCAGCCTCCTCCCCAACG,0,4294232
yadI_predicted,0.3333333333333333,2,2,CCGCAGAACGACCTGAGGTG,0,4348022
yadI_predicted,0.3333333333333333,2,2,CCGATGGTATTTGCACGTAG,0,4362348
yadI_predicted,0.3333333333333333,2,2,CCGAGTGCGAATAGATTTTG,0,4366743
yadI_predicted,0.3333333333333333,2,2,CCGAGCCAAACCATCTATGA,0,4363889
yadI_predicted,0.3333333333333333,2,2,CCGAGATCGCCCATCCGTTC,0,4318356
yadI_predicted,0.3333333333333333,2,2,CCGAGACAATGTGGAAGCAT,0,4302313
yadI_predicted,0.3333333333333333,2,2,CCGACTTATGGTCTGGGAGG,0,4340409
yadI_predicted,0.3333333333333333,2,2,CCGACGGACCCGAAAAACAT,0,4332944
yadI_predicted,0.3333333333333333,2,2,CCGACCGGACCCCCTGATGT,0,4325513
yadI_predicted,0.3333333333333333,2,2,CCGACCCACCCGGCTTGGGA,0,4324627
yadI_predicted,0.3333333333333333,2,2,CCGACCCAATAGGCGGCTGT,0,4365740
yadI_predicted,0.3333333333333333,2,2,CCGAAGGTAGACAAATCGGG,0,4297711
yadI_predicted,0.3333333333333333,2,2,CCCTTTTTCACCTCGAGCTG,0,4351121
yadI_predicted,0.3333333333333333,2,2,CCCTTTCTAATTAAATTCAC,0,4310204
yadI_predicted,0.3333333333333333,2,2,CCCTTGGCGATGGAGTGCGG,0,4361784
yadI_predicted,0.3333333333333333,2,2,CCCTTCATCTATATGTAACA,0,4288637
yadI_predicted,0.3333333333333333,2,2,CCCTATAGCTTCGAAGTGTA,0,4315560
yadI_predicted,0.3333333333333333,2,2,CCCGTGTAGAAACGAATTAA,0,4308153
yadI_predicted,0.3333333333333333,2,2,CCCGTACCAATCGGCTGTGG,0,4369335
yadI_predicted,0.3333333333333333,2,2,CCCGGTTCGTCATCCTTGAA,0,4366806
yadI_predicted,0.3333333333333333,2,2,CCCGGTCTTGATAACGACAG,0,4288387
yadI_predicted,0.3333333333333333,2,2,CCCGGATGTAGCATAGTCTG,0,4315599
yadI_predicted,0.3333333333333333,2,2,CCCGCTTCGATAATCGCGTG,0,4343545
yadI_predicted,0.3333333333333333,2,2,CCCGCTCAACTTAATACGCA,0,4332584
yadI_predicted,0.3333333333333333,2,2,CCCGCGAGCCCTTTTTGCAA,0,4309889
yadI_predicted,0.3333333333333333,2,2,CCCGCACTTGTGGTTGCCAC,0,4317974
yadI_predicted,0.3333333333333333,2,2,CCCGCACTATGTTGCGTGTA,0,4360148
yadI_predicted,0.3333333333333333,2,2,CCCGATAAATTGGCTGATGA,0,4332753
yadI_predicted,0.3333333333333333,2,2,CCCGAGCCTCAGCCATTGTC,0,4325262
yadI_predicted,0.3333333333333333,2,2,CCCGAACGGCCCACGGGTCA,0,4345414
yadI_predicted,0.3333333333333333,2,2,CCCCTTCCTGCACCGCTAGG,0,4347494
yadI_predicted,0.3333333333333333,2,2,CCCCTGCAGTGTAAGACACG,0,4320821
yadI_predicted,0.3333333333333333,2,2,CCCCGATGTCCAGATTGGAG,0,4363999
yadI_predicted,0.3333333333333333,2,2,CCCCCTTCCAGTGGGTCAGA,0,4336543
yadI_predicted,0.3333333333333333,2,2,CCCCCTCATCAGATGCTGCT,0,4337185
yadI_predicted,0.3333333333333333,2,2,CCCCCGCCATCCCGGAGATG,0,4287852
yadI_predicted,0.3333333333333333,2,2,CCCCCCGCAGGGAATATCAA,0,4344204
yadI_predicted,0.3333333333333333,2,2,CCCCAGCATGGACGCCCTTT,0,4297662
yadI_predicted,0.3333333333333333,2,2,CCCCACAGTGGGTGTTGAAA,0,4328238
yadI_predicted,0.3333333333333333,2,2,CCCCAATCTACCTGGCGAGT,0,4303606
yadI_predicted,0.3333333333333333,2,2,CCCCAAGAGTTAGTCGTGGT,0,4365112
yadI_predicted,0.3333333333333333,2,2,CCCCAACTAGGCTTGCAGGA,0,4335077
yadI_predicted,0.3333333333333333,2,2,CCCATGACTCCGCACGAGGG,0,4302351
yadI_predicted,0.3333333333333333,2,2,CCCATACCCTATCTAGTAGC,0,4311960
yadI_predicted,0.3333333333333333,2,2,CCCAGGTCTCACAATCCTCA,0,4300657
yadI_predicted,0.3333333333333333,2,2,CCCAGCCTGCCATGCCTCTA,0,4364732
yadI_predicted,0.3333333333333333,2,2,CCCACGGCCGGCTCGGTTAG,0,4339479
yadI_predicted,0.3333333333333333,2,2,CCATTGGTGCCTATTCGCTA,0,4313991
yadI_predicted,0.3333333333333333,2,2,CCATTCTTCTCTTCATACTC,0,4317680
yadI_predicted,0.3333333333333333,2,2,CCATCAGAACTGCGGCGGAC,0,4316703
yadI_predicted,0.3333333333333333,2,2,CCATATATTAGGGTCAACCC,0,4344822
yadI_predicted,0.3333333333333333,2,2,CCATAGATTGCTTTCTTACT,0,4333354
yadI_predicted,0.3333333333333333,2,2,CCAGGGGCTGTTTCCGGGTA,0,4347187
yadI_predicted,0.3333333333333333,2,2,CCAGGCTTGCTCCGGCGACG,0,4307165
yadI_predicted,0.3333333333333333,2,2,CCAGGCCACGATACGATAGT,0,4361094
yadI_predicted,0.3333333333333333,2,2,CCAGCCGCATCATGGTATAA,0,4364825
yadI_predicted,0.3333333333333333,2,2,CCAGCACCCCTACGGACTTG,0,4328713
yadI_predicted,0.3333333333333333,2,2,CCAGCAACAGCATTGCGGAT,0,4285147
yadI_predicted,0.3333333333333333,2,2,CCAGCAAAGAGGAGCCTGAG,0,4343021
yadI_predicted,0.3333333333333333,2,2,CCAGAGAGCTAGCACCACGT,0,4351361
yadI_predicted,0.3333333333333333,2,2,CCAGAAGTCTGTGCTCGCCC,0,4337066
yadI_predicted,0.3333333333333333,2,2,CCAGAACCGCAGTCCGCATG,0,4369891
yadI_predicted,0.3333333333333333,2,2,CCACTCAATCTTTCGAGTCA,0,4366677
yadI_predicted,0.3333333333333333,2,2,CCACGCGTTAGGTATCCTCT,0,4353485
yadI_predicted,0.3333333333333333,2,2,CCACCTTAAGGAAATGGGAC,0,4321535
yadI_predicted,0.3333333333333333,2,2,CCACCACATTCACAGTTAGA,0,4317024
yadI_predicted,0.3333333333333333,2,2,CCACATTACCTAGCTCTCGT,0,4326195
yadI_predicted,0.3333333333333333,2,2,CCACATCTGAGCCGGAGGTG,0,4294135
yadI_predicted,0.3333333333333333,2,2,CCACAGTATAGTTACTAGCT,0,4284346
yadI_predicted,0.3333333333333333,2,2,CCACACCTTGGTTACGCCAA,0,4335494
yadI_predicted,0.3333333333333333,2,2,CCAATTTTAAAGTTATAACG,0,4294800
yadI_predicted,0.3333333333333333,2,2,CCAATCTTAGGACTCCCCCG,0,4332931
yadI_predicted,0.3333333333333333,2,2,CCAATCCTTAGGATGGGTCA,0,4367454
yadI_predicted,0.3333333333333333,2,2,CCAATAAGTTACTGCTGGTC,0,4344906
yadI_predicted,0.3333333333333333,2,2,CCAAGCGGGTTGCAATATCG,0,4358232
yadI_predicted,0.3333333333333333,2,2,CCAAGACGCGACGCTGCAGG,0,4359702
yadI_predicted,0.3333333333333333,2,2,CCAACAATCGCACCCGGTGC,0,4354934
yadI_predicted,0.3333333333333333,2,2,CCAAAGCATAGATGCTACAA,0,4321755
yadI_predicted,0.3333333333333333,2,2,CCAAAGAATGCGTCAGGGAC,0,4324563
yadI_predicted,0.3333333333333333,2,2,CCAAAAGGCATGTTATGTAT,0,4318606
yadI_predicted,0.3333333333333333,2,2,CCAAAACTTTGCGGGTTAAA,0,4329009
yadI_predicted,0.3333333333333333,2,2,CATTTTGAGGAGGCGTCGGA,0,4357812
yadI_predicted,0.3333333333333333,2,2,CATTTGTAGTTAACTTTAGC,0,4324281
yadI_predicted,0.3333333333333333,2,2,CATTTGGTTTTAGGTGCCGT,0,4337310
yadI_predicted,0.3333333333333333,2,2,CATTTGCCAAATAAGATAAG,0,4302878
yadI_predicted,0.3333333333333333,2,2,CATTTAAGCCTGGCATGCGG,0,4347753
yadI_predicted,0.3333333333333333,2,2,CATTGTCCCCAGGAAACGCT,0,4355470
yadI_predicted,0.3333333333333333,2,2,CATTGCATCCTCGACTACCC,0,4320578
yadI_predicted,0.3333333333333333,2,2,CATTGAGAGACTGAGAGTTA,0,4308061
yadI_predicted,0.3333333333333333,2,2,CATTCCGTATCATTGATTAC,0,4345182
yadI_predicted,0.3333333333333333,2,2,CATTCCAGGGCGGAGGCGCC,0,4306997
yadI_predicted,0.3333333333333333,2,2,CATTCATAGAGCCTCGAATC,0,4335838
yadI_predicted,0.3333333333333333,2,2,CATTATTTGCTTATGGGGAG,0,4368870
yadI_predicted,0.3333333333333333,2,2,CATTATTCCAGTAAGCTTCC,0,4353237
yadI_predicted,0.3333333333333333,2,2,CATTACGAGCCAAACAAGGC,0,4341623
yadI_predicted,0.3333333333333333,2,2,CATGTGCATTTTCCACCATG,0,4333460
yadI_predicted,0.3333333333333333,2,2,CATGGTGCGATCCTCGGTGC,0,4307524
yadI_predicted,0.3333333333333333,2,2,CATGGGTTCCCAGCAACATT,0,4366196
yadI_predicted,0.3333333333333333,2,2,CATGGAAATCTAATAGGTAG,0,4287395
yadI_predicted,0.3333333333333333,2,2,CATGCTCGTACGTGAGCTCG,0,4312721
yadI_predicted,0.3333333333333333,2,2,CATGCCTCGGGAGGTCAGTT,0,4299563
yadI_predicted,0.3333333333333333,2,2,CATGCCTAGAGAGACCGACA,0,4288488
yadI_predicted,0.3333333333333333,2,2,CATGATAAAGGGGCAAGTTC,0,4284359
yadI_predicted,0.3333333333333333,2,2,CATGACCTGGTGGATTGCTA,0,4352291
yadI_predicted,0.3333333333333333,2,2,CATGAAGGGATGCACGGTAC,0,4354887
yadI_predicted,0.3333333333333333,2,2,CATCTTCGGTCCCCAGATAG,0,4345404
yadI_predicted,0.3333333333333333,2,2,CATCTGTAATTGGGATTATG,0,4306419
yadI_predicted,0.3333333333333333,2,2,CATCTCGGCCAGTTTCAGAT,0,4300591
yadI_predicted,0.3333333333333333,2,2,CATCTAGTCCGACCTGGTGT,0,4289346
yadI_predicted,0.3333333333333333,2,2,CATCCGATGGATGTTATCTG,0,4302357
yadI_predicted,0.3333333333333333,2,2,CATCCCAGAAGTAAGTCTTT,0,4355945
yadI_predicted,0.3333333333333333,2,2,CATCCCAATGCGGGTCTAGA,0,4310818
yadI_predicted,0.3333333333333333,2,2,CATCCAGGAATATATCTAGT,0,4328560
yadI_predicted,0.3333333333333333,2,2,CATCAGAAATTCTTATGTAT,0,4294850
yadI_predicted,0.3333333333333333,2,2,CATCACTAGGTTCGACCCGG,0,4345654
yadI_predicted,0.3333333333333333,2,2,CATATTGTCAAATATTACTT,0,4366176
yadI_predicted,0.3333333333333333,2,2,CATATGTTATGCACGAGCTG,0,4294493
yadI_predicted,0.3333333333333333,2,2,CATATGTGCGGGACATGTTC,0,4311068
yadI_predicted,0.3333333333333333,2,2,CATAGCGAAGACCGACTCAA,0,4321667
yadI_predicted,0.3333333333333333,2,2,CATAGATTACTAAATTCGGA,0,4322859
yadI_predicted,0.3333333333333333,2,2,CATACTTGAGAGGCCGAGTT,0,4331863
yadI_predicted,0.3333333333333333,2,2,CATACTAGGTAATTCTTAAG,0,4346861
yadI_predicted,0.3333333333333333,2,2,CATACGGTACACATCGAGAT,0,4289871
yadI_predicted,0.3333333333333333,2,2,CATAATCTCACGTCCGTTCT,0,4327370
yadI_predicted,0.3333333333333333,2,2,CATAAGGCCTGGCATCCAAT,0,4314008
yadI_predicted,0.3333333333333333,2,2,CATAAAGCGGCTGGACTCGT,0,4352167
yadI_predicted,0.3333333333333333,2,2,CAGTTTTATCTTAGGGCTGA,0,4290472
yadI_predicted,0.3333333333333333,2,2,CAGTTTGTGCCGTTTCCCCG,0,4318305
yadI_predicted,0.3333333333333333,2,2,CAGTTTCGTAGCTTCCCGTC,0,4344683
yadI_predicted,0.3333333333333333,2,2,CAGTTAGCTACCGCCAGTAA,0,4326597
yadI_predicted,0.3333333333333333,2,2,CAGTTAATTTTGTCCTTAGT,0,4327797
yadI_predicted,0.3333333333333333,2,2,CAGTGGCTGGACAAAGGGTT,0,4288144
yadI_predicted,0.3333333333333333,2,2,CAGTGCGCCAGTTCTCTATA,0,4360582
yadI_predicted,0.3333333333333333,2,2,CAGTGAGACCCACACGGCTG,0,4297081
yadI_predicted,0.3333333333333333,2,2,CAGTCCTTGGGCACTTTTCA,0,4367613
yadI_predicted,0.3333333333333333,2,2,CAGTCCGTGTTAATTCATTG,0,4299788
yadI_predicted,0.3333333333333333,2,2,CAGTATCATCGGCTAGCGGA,0,4319852
yadI_predicted,0.3333333333333333,2,2,CAGTAGTCGCAAGTGGACAT,0,4293425
yadI_predicted,0.3333333333333333,2,2,CAGTAGGTCAGGTGGGTCGC,0,4355699
yadI_predicted,0.3333333333333333,2,2,CAGTAGCGTCTCTTATAATA,0,4359166
yadI_predicted,0.3333333333333333,2,2,CAGTAACCAACCTCTACAGG,0,4311523
yadI_predicted,0.3333333333333333,2,2,CAGGTCCGGGTTACTACCGG,0,4351608
yadI_predicted,0.3333333333333333,2,2,CAGGTATTAGGTTCTAGAGA,0,4357658
yadI_predicted,0.3333333333333333,2,2,CAGGGGATGAACGATGTTCT,0,4353012
yadI_predicted,0.3333333333333333,2,2,CAGGGCGCTCGCATTTGGAG,0,4333892
yadI_predicted,0.3333333333333333,2,2,CAGGCGAGTCATGTGCCTAG,0,4308497
yadI_predicted,0.3333333333333333,2,2,CAGGCCCCGGATCCTGGAAA,0,4291584
yadI_predicted,0.3333333333333333,2,2,CAGGCCCACGGCAACAGGAA,0,4354251
yadI_predicted,0.3333333333333333,2,2,CAGGCATAGATTGCATCTGG,0,4340754
yadI_predicted,0.3333333333333333,2,2,CAGGATATAACTCTCGGTGC,0,4369581
yadI_predicted,0.3333333333333333,2,2,CAGGAGTGTTGTGTAGTTAG,0,4313165
yadI_predicted,0.3333333333333333,2,2,CAGGAGTCGAAGGTTCCGGA,0,4314009
yadI_predicted,0.3333333333333333,2,2,CAGGAAGGGCCTTGACTTAC,0,4364735
yadI_predicted,0.3333333333333333,2,2,CAGCTAATGTGTAGGAGTTG,0,4368271
yadI_predicted,0.3333333333333333,2,2,CAGCGTGATACATCAAACGT,0,4323153
yadI_predicted,0.3333333333333333,2,2,CAGCGGAGGTTGGAGATCAT,0,4336432
yadI_predicted,0.3333333333333333,2,2,CAGCGCTCCGCCGCGACCAC,0,4342984
yadI_predicted,0.3333333333333333,2,2,CAGCGACGGTCTAAGGTCTC,0,4322759
yadI_predicted,0.3333333333333333,2,2,CAGCCTTGCGTCAGTAGACC,0,4305406
yadI_predicted,0.3333333333333333,2,2,CAGCCCTTGCCTGACCGTTA,0,4292320
yadI_predicted,0.3333333333333333,2,2,CAGCAGGTCTTAGCTTAGCG,0,4342681
yadI_predicted,0.3333333333333333,2,2,CAGATTTGTTGGGAATAATT,0,4285829
yadI_predicted,0.3333333333333333,2,2,CAGATTTCCCTTTTCAGAAG,0,4329815
yadI_predicted,0.3333333333333333,2,2,CAGATATCCCAGTCGCACAG,0,4331231
yadI_predicted,0.3333333333333333,2,2,CAGATAACGTTTTCTTGTGA,0,4295425
yadI_predicted,0.3333333333333333,2,2,CAGAGTATTGCCGACCAGGA,0,4318790
yadI_predicted,0.3333333333333333,2,2,CAGAGGCCCCAATGAGGCTA,0,4321998
yadI_predicted,0.3333333333333333,2,2,CAGACGAGTCAATGCAACAT,0,4355662
yadI_predicted,0.3333333333333333,2,2,CAGACAGGTGGACGAGTCGG,0,4337507
yadI_predicted,0.3333333333333333,2,2,CAGAATTCATAATGCACCTG,0,4286582
yadI_predicted,0.3333333333333333,2,2,CAGAAGCCAGACCTGTCAAC,0,4360976
yadI_predicted,0.3333333333333333,2,2,CACTTTTAGTTTCCGGAAAT,0,4290681
yadI_predicted,0.3333333333333333,2,2,CACTTTATCCACTTTGGATT,0,4289530
yadI_predicted,0.3333333333333333,2,2,CACTTAATTTTATCAGTTAG,0,4353482
yadI_predicted,0.3333333333333333,2,2,CACTGTACAAGAACCCGATA,0,4309735
yadI_predicted,0.3333333333333333,2,2,CACTGGTTGTACTCTCATCA,0,4323216
yadI_predicted,0.3333333333333333,2,2,CACTGGCCTCACTCTATAAA,0,4313543
yadI_predicted,0.3333333333333333,2,2,CACTGACCGCCCGGACTGAC,0,4333652
yadI_predicted,0.3333333333333333,2,2,CACTCGGCGTACTGAATTGA,0,4330009
yadI_predicted,0.3333333333333333,2,2,CACTCCGCCGTCTGGTTAAT,0,4286011
yadI_predicted,0.3333333333333333,2,2,CACTCCAGCCACGCACCTTA,0,4305599
yadI_predicted,0.3333333333333333,2,2,CACGTGTCTGGCAGACTTCT,0,4354503
yadI_predicted,0.3333333333333333,2,2,CACGTCGCGATTTAACGGCG,0,4301348
yadI_predicted,0.3333333333333333,2,2,CACGGGCAACTGCGGGCTTA,0,4323639
yadI_predicted,0.3333333333333333,2,2,CACGGCCGATCTTTGAATGG,0,4321071
yadI_predicted,0.3333333333333333,2,2,CACGCGATTTTCAAAAGTGC,0,4308746
yadI_predicted,0.3333333333333333,2,2,CACGCCGTACAAAAACCGCA,0,4360796
yadI_predicted,0.3333333333333333,2,2,CACGCAGTCAGTTGCGGGGC,0,4327388
yadI_predicted,0.3333333333333333,2,2,CACGCAATCCGATAACATTG,0,4330094
yadI_predicted,0.3333333333333333,2,2,CACGACTTCCGCCCTACCCC,0,4284149
yadI_predicted,0.3333333333333333,2,2,CACCTCCCATTTCCCCAAAG,0,4349758
yadI_predicted,0.3333333333333333,2,2,CACCGGCAAGACGCCGTGGC,0,4364667
yadI_predicted,0.3333333333333333,2,2,CACCCGTCCTCGCCATGTTG,0,4300804
yadI_predicted,0.3333333333333333,2,2,CACCCGGGCGCGGCAGGCCT,0,4303587
yadI_predicted,0.3333333333333333,2,2,CACCCGAGAGTTAGTGTCTG,0,4312872
yadI_predicted,0.3333333333333333,2,2,CACCATTGCCAGTGCCGAAG,0,4342894
yadI_predicted,0.3333333333333333,2,2,CACCATTACAGGGCCATGTT,0,4307514
yadI_predicted,0.3333333333333333,2,2,CACCAGATGTACGCATCTGG,0,4295895
yadI_predicted,0.3333333333333333,2,2,CACATCGTTATTCGGGGTTA,0,4316178
yadI_predicted,0.3333333333333333,2,2,CACATATTTGGAATTGTTTA,0,4337111
yadI_predicted,0.3333333333333333,2,2,CACATACGAATTATAGATGG,0,4360730
yadI_predicted,0.3333333333333333,2,2,CACAGTGGCTTATGTGGCTC,0,4355526
yadI_predicted,0.3333333333333333,2,2,CACAGGGGGTAAGCCGGAAG,0,4348527
yadI_predicted,0.3333333333333333,2,2,CACAGGCGGAGGGGCGATTG,0,4336684
yadI_predicted,0.3333333333333333,2,2,CACACGGTATCAATTGATGG,0,4312384
yadI_predicted,0.3333333333333333,2,2,CACACCGCGAAAAAAGCTCG,0,4321152
yadI_predicted,0.3333333333333333,2,2,CACACAAGGTCCTATATGGG,0,4352414
yadI_predicted,0.3333333333333333,2,2,CACAAGTGTGTAGCCTCAAC,0,4316356
yadI_predicted,0.3333333333333333,2,2,CAATTTATTGGGGAGCGATT,0,4288324
yadI_predicted,0.3333333333333333,2,2,CAATTGGCTGGCAAAGAGCG,0,4308915
yadI_predicted,0.3333333333333333,2,2,CAATTGACATAGTGGTCCAA,0,4286541
yadI_predicted,0.3333333333333333,2,2,CAATTGAATACCGATACCCC,0,4335215
yadI_predicted,0.3333333333333333,2,2,CAATTCGTCCCGTCCCAGCT,0,4339921
yadI_predicted,0.3333333333333333,2,2,CAATGTGAATGTGTGGCGGA,0,4347475
yadI_predicted,0.3333333333333333,2,2,CAATGGCCGAGGTCTGCGAC,0,4351520
yadI_predicted,0.3333333333333333,2,2,CAATCTTGTACTGTCGTGAG,0,4321817
yadI_predicted,0.3333333333333333,2,2,CAATCGGTACAAAAGCAGGT,0,4322900
yadI_predicted,0.3333333333333333,2,2,CAATCGAGTCCCGTGATTAG,0,4348971
yadI_predicted,0.3333333333333333,2,2,CAATATGTGGATCTCACTTC,0,4322942
yadI_predicted,0.3333333333333333,2,2,CAATATACTCCACTATAGGT,0,4367796
yadI_predicted,0.3333333333333333,2,2,CAATAGGTCTTCTACGAACG,0,4345904
yadI_predicted,0.3333333333333333,2,2,CAATAAGAGAAGGAGTTGGC,0,4354673
yadI_predicted,0.3333333333333333,2,2,CAATAAATTGTGACAAGCTC,0,4305881
yadI_predicted,0.3333333333333333,2,2,CAAGTTGTGTCGCATTCGAC,0,4368248
yadI_predicted,0.3333333333333333,2,2,CAAGTGCCTTCGGACGCACC,0,4353359
yadI_predicted,0.3333333333333333,2,2,CAAGTCCGCCTCATTACCCT,0,4365967
yadI_predicted,0.3333333333333333,2,2,CAAGTATACGTAATCTTTCA,0,4349380
yadI_predicted,0.3333333333333333,2,2,CAAGGATTCAATGGCTAGCT,0,4314507
yadI_predicted,0.3333333333333333,2,2,CAAGGATGCCTGTTTAATAG,0,4315447
yadI_predicted,0.3333333333333333,2,2,CAAGGAAATTACTGAGCATG,0,4352647
yadI_predicted,0.3333333333333333,2,2,CAAGCGTTCGCAAAAGGAAT,0,4367094
yadI_predicted,0.3333333333333333,2,2,CAAGCGGAAGACATTTTACA,0,4361673
yadI_predicted,0.3333333333333333,2,2,CAAGCAATTTCGACGTTCGG,0,4296061
yadI_predicted,0.3333333333333333,2,2,CAAGATTAATGTTTAAAGTA,0,4301136
yadI_predicted,0.3333333333333333,2,2,CAAGATGCGCCCATGGGAAT,0,4290505
yadI_predicted,0.3333333333333333,2,2,CAAGAGTCGGGTTCTGAGCA,0,4322252
yadI_predicted,0.3333333333333333,2,2,CAAGAAGCTTACCCTGGGTT,0,4334490
yadI_predicted,0.3333333333333333,2,2,CAAGAAGCTGTTATGATATA,0,4365905
yadI_predicted,0.3333333333333333,2,2,CAAGAACTTGGGGACCCTCT,0,4353696
yadI_predicted,0.3333333333333333,2,2,CAAGAACCACCTATGTACGA,0,4356238
yadI_predicted,0.3333333333333333,2,2,CAACTAGATACAGGTATTCC,0,4319369
yadI_predicted,0.3333333333333333,2,2,CAACGATGGTAGATCCACTA,0,4304853
yadI_predicted,0.3333333333333333,2,2,CAACCTGGGTATGACGGAAG,0,4341991
yadI_predicted,0.3333333333333333,2,2,CAACATTCTAATAGGGGCTA,0,4290188
yadI_predicted,0.3333333333333333,2,2,CAACATCTGGGATGCTACCG,0,4351586
yadI_predicted,0.3333333333333333,2,2,CAACAAGCGCATCTACGGTC,0,4324138
yadI_predicted,0.3333333333333333,2,2,CAAATGCCCATCCGAGGATC,0,4344783
yadI_predicted,0.3333333333333333,2,2,CAAATCGATGGTGACACGTG,0,4297069
yadI_predicted,0.3333333333333333,2,2,CAAATATCTTACCCAAGGTG,0,4354114
yadI_predicted,0.3333333333333333,2,2,CAAATAGTGACGCGAATACT,0,4293054
yadI_predicted,0.3333333333333333,2,2,CAAAGTGACACAATCTATTT,0,4316430
yadI_predicted,0.3333333333333333,2,2,CAAAGTATGTGGATACACGC,0,4341070
yadI_predicted,0.3333333333333333,2,2,CAAAGGAGCCGTCGCAGGGA,0,4293044
yadI_predicted,0.3333333333333333,2,2,CAAACTTTCCCAGGTAAAGT,0,4333402
yadI_predicted,0.3333333333333333,2,2,CAAAACCATTCGGGCTAGTA,0,4295879
yadI_predicted,0.3333333333333333,2,2,CAAAAAAACGTGAACTCGGC,0,4350462
yadI_predicted,0.3333333333333333,2,2,ATTTTTTGCGGATCCCCACG,0,4313648
yadI_predicted,0.3333333333333333,2,2,ATTTTTTGAAATTTTTTCGT,0,4358064
yadI_predicted,0.3333333333333333,2,2,ATTTTCACCTGGCTGATGGG,0,4309547
yadI_predicted,0.3333333333333333,2,2,ATTTTACGGGCCTGACTGCC,0,4357052
yadI_predicted,0.3333333333333333,2,2,ATTTCGCCGACTGGATCATA,0,4355105
yadI_predicted,0.3333333333333333,2,2,ATTTCCGGCACCACTCGCTT,0,4328754
yadI_predicted,0.3333333333333333,2,2,ATTTCCCCAAGTATTGCGTT,0,4335844
yadI_predicted,0.3333333333333333,2,2,ATTTCAGTCAGGTAGTTGAA,0,4343377
yadI_predicted,0.3333333333333333,2,2,ATTTATGAATTGGTTGGCGT,0,4293419
yadI_predicted,0.3333333333333333,2,2,ATTTATAGATCTACTAACTA,0,4297482
yadI_predicted,0.3333333333333333,2,2,ATTGTTGGGTAACTAATTTT,0,4356084
yadI_predicted,0.3333333333333333,2,2,ATTGTTGATCGATACTCGCG,0,4362936
yadI_predicted,0.3333333333333333,2,2,ATTGTGTTAATCACCTCAGG,0,4366428
yadI_predicted,0.3333333333333333,2,2,ATTGGTGAGGCGGATTCCTA,0,4364851
yadI_predicted,0.3333333333333333,2,2,ATTGGTCGTTAGAAGGTTTA,0,4363361
yadI_predicted,0.3333333333333333,2,2,ATTGCGCGAATCAGCATTCT,0,4307401
yadI_predicted,0.3333333333333333,2,2,ATTGCATGTCATAGCTAGCG,0,4294842
yadI_predicted,0.3333333333333333,2,2,ATTGCACGGTTAAGGTGGGC,0,4305518
yadI_predicted,0.3333333333333333,2,2,ATTGAAGCCCTCAAACACCT,0,4355283
yadI_predicted,0.3333333333333333,2,2,ATTCTCACGTGTCCTCGAAC,0,4306200
yadI_predicted,0.3333333333333333,2,2,ATTCTATCTAGGGCCGGCCT,0,4365915
yadI_predicted,0.3333333333333333,2,2,ATTCGTTGGTCCTTTTCCCG,0,4347779
yadI_predicted,0.3333333333333333,2,2,ATTCGATCAATCGTAGGGAT,0,4335815
yadI_predicted,0.3333333333333333,2,2,ATTCCAAATTAACCAACGCG,0,4313238
yadI_predicted,0.3333333333333333,2,2,ATTCACTGCGGAACGAGACA,0,4366685
yadI_predicted,0.3333333333333333,2,2,ATTCACGCGGTTTGACTGAC,0,4321088
yadI_predicted,0.3333333333333333,2,2,ATTATTATGCGCTCTGACTT,0,4326409
yadI_predicted,0.3333333333333333,2,2,ATTATCGTGTATATCCCTGG,0,4323681
yadI_predicted,0.3333333333333333,2,2,ATTATCGTACACCTCCTACA,0,4342824
yadI_predicted,0.3333333333333333,2,2,ATTATAGTTTATGCGGAGTC,0,4307055
yadI_predicted,0.3333333333333333,2,2,ATTATAAATAGCATGACAAG,0,4315082
yadI_predicted,0.3333333333333333,2,2,ATTAGGGAGGATTCGACCAG,0,4306166
yadI_predicted,0.3333333333333333,2,2,ATTAGGCCACAAACTACTGG,0,4342557
yadI_predicted,0.3333333333333333,2,2,ATTAGCCATGGATGTCCGCA,0,4299504
yadI_predicted,0.3333333333333333,2,2,ATTAGCATTGGTGCGTTCTT,0,4337017
yadI_predicted,0.3333333333333333,2,2,ATTAGCAGCACACCGTCTAG,0,4300510
yadI_predicted,0.3333333333333333,2,2,ATTAGACTAACTAACGTCTA,0,4298333
yadI_predicted,0.3333333333333333,2,2,ATTACGGTTAAAAGCGTCCC,0,4284765
yadI_predicted,0.3333333333333333,2,2,ATTACGGCTTGGCAAGTCAT,0,4365433
yadI_predicted,0.3333333333333333,2,2,ATTACCTCTTCGACCTCTCA,0,4357429
yadI_predicted,0.3333333333333333,2,2,ATTACCCGTACCCTGTTGTA,0,4345584
yadI_predicted,0.3333333333333333,2,2,ATTACAGGTCAAGAGAGCGA,0,4291503
yadI_predicted,0.3333333333333333,2,2,ATTAAGTACGTTTTGAAGCC,0,4365849
yadI_predicted,0.3333333333333333,2,2,ATTAAGAGACTTCCTTCCAC,0,4333285
yadI_predicted,0.3333333333333333,2,2,ATTAAAGGTGCTTAGACTAG,0,4321560
yadI_predicted,0.3333333333333333,2,2,ATGTTTACTTCCGACTGCTG,0,4300070
yadI_predicted,0.3333333333333333,2,2,ATGTTGGCACGAGAGCATGG,0,4333667
yadI_predicted,0.3333333333333333,2,2,ATGTTCGTTCCATAACGAAC,0,4334945
yadI_predicted,0.3333333333333333,2,2,ATGTTCAAGAATCTCCTAGT,0,4304448
yadI_predicted,0.3333333333333333,2,2,ATGTGTTTTCTTTGTTTCTC,0,4295013
yadI_predicted,0.3333333333333333,2,2,ATGTGTCTTTATGGAAGGTC,0,4331875
yadI_predicted,0.3333333333333333,2,2,ATGTGTCCCGCACCATCAAG,0,4357831
yadI_predicted,0.3333333333333333,2,2,ATGTGCTTATTTTCTCTGTG,0,4355433
yadI_predicted,0.3333333333333333,2,2,ATGTGCGGGGAGCCAGATTA,0,4323635
yadI_predicted,0.3333333333333333,2,2,ATGTGACTCCCACTTGTACA,0,4350130
yadI_predicted,0.3333333333333333,2,2,ATGTGAACCGTTAACGCTAC,0,4336381
yadI_predicted,0.3333333333333333,2,2,ATGTCTCTGCAGGCCACAGA,0,4315501
yadI_predicted,0.3333333333333333,2,2,ATGTCGGCCAGGACGTACCT,0,4293284
yadI_predicted,0.3333333333333333,2,2,ATGTCCGCTGGCGTTGTAAG,0,4309776
yadI_predicted,0.3333333333333333,2,2,ATGTCAAGGCAGGCCCTTTT,0,4290875
yadI_predicted,0.3333333333333333,2,2,ATGTATCACGTGTCTCCGGC,0,4321484
yadI_predicted,0.3333333333333333,2,2,ATGTAGGTTAGTGAGCGGCC,0,4332203
yadI_predicted,0.3333333333333333,2,2,ATGGTTGCTCGGACAGTCGG,0,4336254
yadI_predicted,0.3333333333333333,2,2,ATGGTACGTCTACAGGCGCA,0,4295971
yadI_predicted,0.3333333333333333,2,2,ATGGGTGTCCTGCGGTAGAA,0,4353004
yadI_predicted,0.3333333333333333,2,2,ATGGGTACGACCAAGCGGGG,0,4288641
yadI_predicted,0.3333333333333333,2,2,ATGGGGTTGTTGATTAATGT,0,4286904
yadI_predicted,0.3333333333333333,2,2,ATGGGGGCTTCAGTCGGTAA,0,4359995
yadI_predicted,0.3333333333333333,2,2,ATGGGGACGGGTCCTCGCGA,0,4313058
yadI_predicted,0.3333333333333333,2,2,ATGGGCGCCGCATAGCGTCT,0,4346071
yadI_predicted,0.3333333333333333,2,2,ATGGGAGCGAGTTGGCGGTT,0,4361652
yadI_predicted,0.3333333333333333,2,2,ATGGCTACGTGTTCACATGT,0,4297146
yadI_predicted,0.3333333333333333,2,2,ATGGCTAATATAGCCAATAT,0,4309009
yadI_predicted,0.3333333333333333,2,2,ATGGCATATTGACAACGGTG,0,4302248
yadI_predicted,0.3333333333333333,2,2,ATGGATGCAACCTTGCTGCG,0,4288677
yadI_predicted,0.3333333333333333,2,2,ATGGAGAGATATAACGTGTT,0,4299529
yadI_predicted,0.3333333333333333,2,2,ATGGACTGCCACGGGTCATT,0,4347040
yadI_predicted,0.3333333333333333,2,2,ATGCTGGGGGGTTCCGAGCA,0,4303657
yadI_predicted,0.3333333333333333,2,2,ATGCTCGGTCGTATACCTAG,0,4324261
yadI_predicted,0.3333333333333333,2,2,ATGCGAATATAAGTACCCAA,0,4323244
yadI_predicted,0.3333333333333333,2,2,ATGCCCATGCGAGTCTAGCT,0,4333821
yadI_predicted,0.3333333333333333,2,2,ATGATGTTATCAGTAGATTC,0,4320722
yadI_predicted,0.3333333333333333,2,2,ATGATAGCGCGACAATACGT,0,4321742
yadI_predicted,0.3333333333333333,2,2,ATGATACGGGAACAATCCAG,0,4333487
yadI_predicted,0.3333333333333333,2,2,ATGATAAATTTGATTTGATG,0,4285680
yadI_predicted,0.3333333333333333,2,2,ATGAGGGGGGAACGTCCATC,0,4316054
yadI_predicted,0.3333333333333333,2,2,ATGAGCTATTTGAATAATAA,0,4321945
yadI_predicted,0.3333333333333333,2,2,ATGAGCCTTGTTGAAACGCA,0,4303328
yadI_predicted,0.3333333333333333,2,2,ATGAGAGTTATTTTCGAGTT,0,4296010
yadI_predicted,0.3333333333333333,2,2,ATGACGTTCCCCAGATTTTC,0,4313034
yadI_predicted,0.3333333333333333,2,2,ATGACGATCATATGCTACTA,0,4288339
yadI_predicted,0.3333333333333333,2,2,ATGAAAATTCACACACATTA,0,4363350
yadI_predicted,0.3333333333333333,2,2,ATCTTTCTAAGCCTCAACCT,0,4315931
yadI_predicted,0.3333333333333333,2,2,ATCTTGAGGTCGAGTAGGTC,0,4286345
yadI_predicted,0.3333333333333333,2,2,ATCTTCACTTGACTTGTTAT,0,4329598
yadI_predicted,0.3333333333333333,2,2,ATCTTAGATTATCGGCTTGA,0,4318372
yadI_predicted,0.3333333333333333,2,2,ATCTGCAAAAGGATTCAACT,0,4355789
yadI_predicted,0.3333333333333333,2,2,ATCTCTTACGATCTAAAAAG,0,4365169
yadI_predicted,0.3333333333333333,2,2,ATCTCGGGTAACTAACAGGT,0,4349902
yadI_predicted,0.3333333333333333,2,2,ATCGTTTTTTAGCCTTGTGT,0,4303898
yadI_predicted,0.3333333333333333,2,2,ATCGGCTGACTCAGCGGGGT,0,4321662
yadI_predicted,0.3333333333333333,2,2,ATCGGAATCTTTTCGTGTTA,0,4326668
yadI_predicted,0.3333333333333333,2,2,ATCGCTTAATGGGGGAGGTG,0,4290202
yadI_predicted,0.3333333333333333,2,2,ATCGCGGATCCGATTAGCAA,0,4313495
yadI_predicted,0.3333333333333333,2,2,ATCGACGTTCAAGGTTATCG,0,4318336
yadI_predicted,0.3333333333333333,2,2,ATCGACAAATCCATCACACC,0,4353872
yadI_predicted,0.3333333333333333,2,2,ATCCTTCGTAGAAGCGTATT,0,4294631
yadI_predicted,0.3333333333333333,2,2,ATCCTCTATGAGGAATCTTA,0,4338076
yadI_predicted,0.3333333333333333,2,2,ATCCTCGCGAGAGTGATTGC,0,4323120
yadI_predicted,0.3333333333333333,2,2,ATCCTCCCAGCCTGAGTCAA,0,4312339
yadI_predicted,0.3333333333333333,2,2,ATCCGCTAGATATTCTGATT,0,4331409
yadI_predicted,0.3333333333333333,2,2,ATCCGAGACTGGTTCCGTCC,0,4347693
yadI_predicted,0.3333333333333333,2,2,ATCCCTTTGGCCCGGCGCTT,0,4345299
yadI_predicted,0.3333333333333333,2,2,ATCCCTGGGCCAGTTACATG,0,4352669
yadI_predicted,0.3333333333333333,2,2,ATCCATAGCTACTGAACGTT,0,4309475
yadI_predicted,0.3333333333333333,2,2,ATCCAGTTCTGCTCCTACAA,0,4290360
yadI_predicted,0.3333333333333333,2,2,ATCCAGGGGCAATGTATGAC,0,4366483
yadI_predicted,0.3333333333333333,2,2,ATCCAGCGATGTATGACATG,0,4321074
yadI_predicted,0.3333333333333333,2,2,ATCCAGAGATCTGATAGGCG,0,4359825
yadI_predicted,0.3333333333333333,2,2,ATCCACCATAACACAACATA,0,4323774
yadI_predicted,0.3333333333333333,2,2,ATCATTTGATGCCAAAAATC,0,4299032
yadI_predicted,0.3333333333333333,2,2,ATCATCGTGCACTGCCCCAT,0,4339616
yadI_predicted,0.3333333333333333,2,2,ATCATACGTTCATGCAGTGA,0,4304843
yadI_predicted,0.3333333333333333,2,2,ATCACGTGTAGACCAGTCAC,0,4294816
yadI_predicted,0.3333333333333333,2,2,ATCAATCTCAGAGTGGTGTC,0,4289179
yadI_predicted,0.3333333333333333,2,2,ATATTTCGGGAATGCGTCGG,0,4284125
yadI_predicted,0.3333333333333333,2,2,ATATTTCAATTCCGCCTTAT,0,4343201
yadI_predicted,0.3333333333333333,2,2,ATATTCTGAGTCCTTTCCCT,0,4292741
yadI_predicted,0.3333333333333333,2,2,ATATTCTGAAATTCCTGAAT,0,4292366
yadI_predicted,0.3333333333333333,2,2,ATATGTGAGAAGTAAACAGT,0,4330973
yadI_predicted,0.3333333333333333,2,2,ATATGTCATACTACCCGGTA,0,4349249
yadI_predicted,0.3333333333333333,2,2,ATATGCGGGAAGTGGGTGCG,0,4365667
yadI_predicted,0.3333333333333333,2,2,ATATCTGAGGTGCACAACAC,0,4307248
yadI_predicted,0.3333333333333333,2,2,ATATCTGAAATACCTCAGGA,0,4300260
yadI_predicted,0.3333333333333333,2,2,ATATCGTGCGCCCGGACAAG,0,4288398
yadI_predicted,0.3333333333333333,2,2,ATATCAGTTCCGCAGAGCTT,0,4315686
yadI_predicted,0.3333333333333333,2,2,ATATATGCTCGTCAAATTAT,0,4338222
yadI_predicted,0.3333333333333333,2,2,ATATACCACTCGATGGCCAT,0,4348530
yadI_predicted,0.3333333333333333,2,2,ATAGTACTAGAGTCCTATAT,0,4295429
yadI_predicted,0.3333333333333333,2,2,ATAGGTGTTCCCCGGCACTT,0,4309811
yadI_predicted,0.3333333333333333,2,2,ATAGGGCGAGAGCAATCGAT,0,4367312
yadI_predicted,0.3333333333333333,2,2,ATAGGGCATCTCATACAGAC,0,4370008
yadI_predicted,0.3333333333333333,2,2,ATAGGCTAGGCCAGAAGTAC,0,4355694
yadI_predicted,0.3333333333333333,2,2,ATAGCTTGCGTTATTATTTG,0,4359724
yadI_predicted,0.3333333333333333,2,2,ATAGCTGTGAAGAAGGGCAG,0,4331617
yadI_predicted,0.3333333333333333,2,2,ATAGCGAACCGTAATAGTTG,0,4295572
yadI_predicted,0.3333333333333333,2,2,ATAGATGACATAGAGATGTG,0,4331620
yadI_predicted,0.3333333333333333,2,2,ATAGATACACGACATCGCAA,0,4303253
yadI_predicted,0.3333333333333333,2,2,ATAGAGTCATTGCCTCAGAC,0,4314837
yadI_predicted,0.3333333333333333,2,2,ATAGACAACATCCCCCATCA,0,4290713
yadI_predicted,0.3333333333333333,2,2,ATACTTTACTCCTCTGGTAT,0,4352189
yadI_predicted,0.3333333333333333,2,2,ATACTTGATGAAGACGCACT,0,4289122
yadI_predicted,0.3333333333333333,2,2,ATACTTAGCTGGGCCGATAA,0,4364446
yadI_predicted,0.3333333333333333,2,2,ATACTGCAGTGGACGCTCAC,0,4359287
yadI_predicted,0.3333333333333333,2,2,ATACTCTGTATATACGCATC,0,4328364
yadI_predicted,0.3333333333333333,2,2,ATACTCGATGTTTTCAAGAA,0,4319814
yadI_predicted,0.3333333333333333,2,2,ATACTCCGCAGGAGCGCATC,0,4324294
yadI_predicted,0.3333333333333333,2,2,ATACTAGAAAGATTCGCGAA,0,4359413
yadI_predicted,0.3333333333333333,2,2,ATACGATGTTGTGAATACAA,0,4307626
yadI_predicted,0.3333333333333333,2,2,ATACGAGATCAAAGAACTTA,0,4291832
yadI_predicted,0.3333333333333333,2,2,ATACCACATATTATACGTTT,0,4292818
yadI_predicted,0.3333333333333333,2,2,ATACCAAATTTCATCGTTCA,0,4354855
yadI_predicted,0.3333333333333333,2,2,ATACAGGCTTCTATCGCGCA,0,4344761
yadI_predicted,0.3333333333333333,2,2,ATACAGCCGCAATCCCTCCT,0,4347516
yadI_predicted,0.3333333333333333,2,2,ATACACGTCAAAAGGAACAC,0,4336212
yadI_predicted,0.3333333333333333,2,2,ATACACGAAGCCCGAAACTT,0,4324136
yadI_predicted,0.3333333333333333,2,2,ATACACAGTCAACGTCATTT,0,4308680
yadI_predicted,0.3333333333333333,2,2,ATAATCGTTTCTCCGCGATC,0,4297213
yadI_predicted,0.3333333333333333,2,2,ATAATATTAACTTCATGAAC,0,4339371
yadI_predicted,0.3333333333333333,2,2,ATAACTTCCCACCGCTAAAC,0,4316739
yadI_predicted,0.3333333333333333,2,2,ATAACGTTTTACGCGGGAGA,0,4340772
yadI_predicted,0.3333333333333333,2,2,ATAACGGTAAGCAAATATCT,0,4299302
yadI_predicted,0.3333333333333333,2,2,ATAACCTGAGGGGGGCGCCA,0,4299417
yadI_predicted,0.3333333333333333,2,2,ATAACAAGAAACCAAGGCAT,0,4368634
yadI_predicted,0.3333333333333333,2,2,ATAAAAAAGTGTGTAGCTTA,0,4303119
yadI_predicted,0.3333333333333333,2,2,AGTTTTTCTTTTGTCCCCAC,0,4360997
yadI_predicted,0.3333333333333333,2,2,AGTTTAGGCCGCGTGCTACG,0,4357657
yadI_predicted,0.3333333333333333,2,2,AGTTTACCGAACTGGGTCAA,0,4338457
yadI_predicted,0.3333333333333333,2,2,AGTTTAAGTGTTTAGGCATT,0,4289958
yadI_predicted,0.3333333333333333,2,2,AGTTGCGCTTGTAACAATTA,0,4352209
yadI_predicted,0.3333333333333333,2,2,AGTTCTAACCGCGCCGCGAC,0,4312234
yadI_predicted,0.3333333333333333,2,2,AGTTCGGCCATATCGTTGTT,0,4365847
yadI_predicted,0.3333333333333333,2,2,AGTTCCTGGCTTAGGCGATG,0,4285532
yadI_predicted,0.3333333333333333,2,2,AGTTCCAAGCCCGCAGAATC,0,4321650
yadI_predicted,0.3333333333333333,2,2,AGTTCAACCGGGGGGCATAA,0,4340612
yadI_predicted,0.3333333333333333,2,2,AGTTATCGGCCCCCCTTCTT,0,4309715
yadI_predicted,0.3333333333333333,2,2,AGTTATATCATAAATCAAGG,0,4326977
yadI_predicted,0.3333333333333333,2,2,AGTTAAGCAAATGTCAAAGG,0,4297198
yadI_predicted,0.3333333333333333,2,2,AGTGTGGAGTCGAACTAGAT,0,4345289
yadI_predicted,0.3333333333333333,2,2,AGTGGTTTGTATCTCAACCA,0,4354143
yadI_predicted,0.3333333333333333,2,2,AGTGGTTTGACTACGCCCTG,0,4355605
yadI_predicted,0.3333333333333333,2,2,AGTGGGGCTCAAGGCGGTAA,0,4301663
yadI_predicted,0.3333333333333333,2,2,AGTGGCTACGCCATACAACC,0,4323917
yadI_predicted,0.3333333333333333,2,2,AGTGGCTACCTGGGATCAAC,0,4325194
yadI_predicted,0.3333333333333333,2,2,AGTGCTGCCACTGACCCTAA,0,4322108
yadI_predicted,0.3333333333333333,2,2,AGTGAGTGCCAAAATTGTTG,0,4311429
yadI_predicted,0.3333333333333333,2,2,AGTGACGTGGTGGTCATGAT,0,4361620
yadI_predicted,0.3333333333333333,2,2,AGTGAAGCCGGATTGTTTCA,0,4367568
yadI_predicted,0.3333333333333333,2,2,AGTCTTAAGAATGGAGCGGC,0,4327778
yadI_predicted,0.3333333333333333,2,2,AGTCGGTAGCGATTCACGTC,0,4295005
yadI_predicted,0.3333333333333333,2,2,AGTCGCCCCGTTAGCCCTTC,0,4314353
yadI_predicted,0.3333333333333333,2,2,AGTCCTACGCATCATCACCT,0,4315168
yadI_predicted,0.3333333333333333,2,2,AGTCAGTAAACCGATTATCT,0,4289411
yadI_predicted,0.3333333333333333,2,2,AGTCAGGATGATGCATTACG,0,4297008
yadI_predicted,0.3333333333333333,2,2,AGTATTTCAATTGATTGGAC,0,4285566
yadI_predicted,0.3333333333333333,2,2,AGTATTGACTTTTCCGCTTG,0,4334168
yadI_predicted,0.3333333333333333,2,2,AGTATGTGATTCTATCCCTA,0,4317386
yadI_predicted,0.3333333333333333,2,2,AGTATGACAACACTCTGTGC,0,4369694
yadI_predicted,0.3333333333333333,2,2,AGTATCCGGGCTAGTTACAC,0,4348398
yadI_predicted,0.3333333333333333,2,2,AGTAGATTACCCGAGCATCT,0,4365840
yadI_predicted,0.3333333333333333,2,2,AGTAGAAATTTGATACTTTA,0,4290371
yadI_predicted,0.3333333333333333,2,2,AGTAATTGGCTTGGCATTGC,0,4359298
yadI_predicted,0.3333333333333333,2,2,AGGTTTGCCGCGCGGACACT,0,4343109
yadI_predicted,0.3333333333333333,2,2,AGGTTTCACGATGTCTGGTC,0,4332321
yadI_predicted,0.3333333333333333,2,2,AGGTGATTCCACCCACATGG,0,4343274
yadI_predicted,0.3333333333333333,2,2,AGGTCTACGCGTCTCCAGGA,0,4294532
yadI_predicted,0.3333333333333333,2,2,AGGTCCGGTACATCTTAGAC,0,4329115
yadI_predicted,0.3333333333333333,2,2,AGGTCCGACAGGACGACGCA,0,4320180
yadI_predicted,0.3333333333333333,2,2,AGGTCAGATGGGTGATTTGT,0,4359658
yadI_predicted,0.3333333333333333,2,2,AGGTCAAATTTCGTGGCGAA,0,4339901
yadI_predicted,0.3333333333333333,2,2,AGGTATATCTTCTTATCGCT,0,4363470
yadI_predicted,0.3333333333333333,2,2,AGGTAATTGCATTTTCCTAC,0,4329325
yadI_predicted,0.3333333333333333,2,2,AGGTAATCGCTCACCTACGA,0,4353780
yadI_predicted,0.3333333333333333,2,2,AGGGTTGGAGCGAAATGTAC,0,4326529
yadI_predicted,0.3333333333333333,2,2,AGGGTGTTTTCGCCGTCCAC,0,4327612
yadI_predicted,0.3333333333333333,2,2,AGGGTGGTTGCCCCAGGAAG,0,4305816
yadI_predicted,0.3333333333333333,2,2,AGGGTATAGGTGCTCCCATA,0,4330848
yadI_predicted,0.3333333333333333,2,2,AGGGTACTTTGTTTAAGCCT,0,4333898
yadI_predicted,0.3333333333333333,2,2,AGGGGGGCACGTCGCCACGA,0,4286895
yadI_predicted,0.3333333333333333,2,2,AGGGGCACTGGTCGTTATCA,0,4343873
yadI_predicted,0.3333333333333333,2,2,AGGGCGAGTTTCTTGCTCAT,0,4297216
yadI_predicted,0.3333333333333333,2,2,AGGGCAAGTGTTTGCACAGA,0,4318460
yadI_predicted,0.3333333333333333,2,2,AGGGAGGTTGCGTTTTATCC,0,4366167
yadI_predicted,0.3333333333333333,2,2,AGGGAAAGGTAAACTAAGCG,0,4369843
yadI_predicted,0.3333333333333333,2,2,AGGCTTCTAACAACGTTAGT,0,4359461
yadI_predicted,0.3333333333333333,2,2,AGGCTGATGGAGGCGCCTCC,0,4338013
yadI_predicted,0.3333333333333333,2,2,AGGCGAGCGACACATACAGG,0,4294673
yadI_predicted,0.3333333333333333,2,2,AGGCCATTGGTCCATCGTAC,0,4355574
yadI_predicted,0.3333333333333333,2,2,AGGCCATGGGGGTCTGACAT,0,4310765
yadI_predicted,0.3333333333333333,2,2,AGGCCAGCGTATGATGGAGT,0,4344137
yadI_predicted,0.3333333333333333,2,2,AGGCCAATTCATCCCTAGAC,0,4299055
yadI_predicted,0.3333333333333333,2,2,AGGCCAATCTAGGCTTGGGC,0,4289408
yadI_predicted,0.3333333333333333,2,2,AGGCCAAGGCACAGGGAGAT,0,4306019
yadI_predicted,0.3333333333333333,2,2,AGGATGCTAGGAGGTAACAA,0,4309624
yadI_predicted,0.3333333333333333,2,2,AGGATCGGGAAGCTTCCTTT,0,4304948
yadI_predicted,0.3333333333333333,2,2,AGGATAACTATTCCCACGTC,0,4285257
yadI_predicted,0.3333333333333333,2,2,AGGAGGCAAAAGTTGTGAAC,0,4313386
yadI_predicted,0.3333333333333333,2,2,AGGAGCGTATAGGGAGGTGA,0,4349122
yadI_predicted,0.3333333333333333,2,2,AGGAGCATACTTCCATGAAG,0,4292398
yadI_predicted,0.3333333333333333,2,2,AGGAGATATTTGTACCGATC,0,4325668
yadI_predicted,0.3333333333333333,2,2,AGGACAGCAGTAAGAGTGGA,0,4302890
yadI_predicted,0.3333333333333333,2,2,AGGAATTGCCGATACTGCCT,0,4359454
yadI_predicted,0.3333333333333333,2,2,AGGAAGAACGTTTCGAGCAA,0,4346347
yadI_predicted,0.3333333333333333,2,2,AGGAAGAAATGTCTTCTAAG,0,4300029
yadI_predicted,0.3333333333333333,2,2,AGCTTTTGTGCACCTTTATT,0,4351451
yadI_predicted,0.3333333333333333,2,2,AGCTTTTCCTCTCATCTTAC,0,4316834
yadI_predicted,0.3333333333333333,2,2,AGCTTTCGTTACCGTTGAAT,0,4365818
yadI_predicted,0.3333333333333333,2,2,AGCTGTCCAGAAGTTACTTA,0,4295164
yadI_predicted,0.3333333333333333,2,2,AGCTGTCCAAGTTGCTGATG,0,4308821
yadI_predicted,0.3333333333333333,2,2,AGCTGCGCTAGGCACGAGAA,0,4349988
yadI_predicted,0.3333333333333333,2,2,AGCTCTTTAGCAAGTGTATT,0,4358792
yadI_predicted,0.3333333333333333,2,2,AGCTCTACCCATTTGCATAC,0,4308352
yadI_predicted,0.3333333333333333,2,2,AGCTACCGTGTTAGTGCGTA,0,4331041
yadI_predicted,0.3333333333333333,2,2,AGCGGTTTGGCCCTTACGGT,0,4335433
yadI_predicted,0.3333333333333333,2,2,AGCGGGATGTTAATCGAAAA,0,4335612
yadI_predicted,0.3333333333333333,2,2,AGCGGCGACCTGCCAAAAGA,0,4291527
yadI_predicted,0.3333333333333333,2,2,AGCGGCCAACACGTATTCCC,0,4342940
yadI_predicted,0.3333333333333333,2,2,AGCGGATACCAATCAGTAAT,0,4295250
yadI_predicted,0.3333333333333333,2,2,AGCGCGGTCCTGGCTTCACA,0,4317679
yadI_predicted,0.3333333333333333,2,2,AGCGCAGGTAACGTTAAATA,0,4307874
yadI_predicted,0.3333333333333333,2,2,AGCGCACTAATTCCAACCCA,0,4351110
yadI_predicted,0.3333333333333333,2,2,AGCGAGGGTACGTGTGAGCC,0,4287642
yadI_predicted,0.3333333333333333,2,2,AGCCTTGAAAAAACTCTCTC,0,4310963
yadI_predicted,0.3333333333333333,2,2,AGCCTGAAGCTTACCTCAGC,0,4365204
yadI_predicted,0.3333333333333333,2,2,AGCCTAGCTGTCTCCAAAAG,0,4335421
yadI_predicted,0.3333333333333333,2,2,AGCCTACACGGATACTAGAA,0,4306377
yadI_predicted,0.3333333333333333,2,2,AGCCGGTAATTTTGGCATGA,0,4314747
yadI_predicted,0.3333333333333333,2,2,AGCCCAAGAGACTCTTAGGA,0,4291313
yadI_predicted,0.3333333333333333,2,2,AGCCAGTACCAACACGATTA,0,4350928
yadI_predicted,0.3333333333333333,2,2,AGCCACTTCTCGTGTTAAAC,0,4367384
yadI_predicted,0.3333333333333333,2,2,AGCCACGGGCTACATGTCAT,0,4296395
yadI_predicted,0.3333333333333333,2,2,AGCATGGCCCGGTGGGTTGC,0,4293147
yadI_predicted,0.3333333333333333,2,2,AGCATCTGGCAGCCCGTCGT,0,4343950
yadI_predicted,0.3333333333333333,2,2,AGCATATGGCCAGTGATATG,0,4357293
yadI_predicted,0.3333333333333333,2,2,AGCAGGGTTTGCATACCCGA,0,4307593
yadI_predicted,0.3333333333333333,2,2,AGCAGATAGAAGACACCTCT,0,4336734
yadI_predicted,0.3333333333333333,2,2,AGCACCGTAATACATTGGAG,0,4320068
yadI_predicted,0.3333333333333333,2,2,AGCAATCTGGGCACGATTTA,0,4336053
yadI_predicted,0.3333333333333333,2,2,AGCAACGCGATGGATCCCAC,0,4317289
yadI_predicted,0.3333333333333333,2,2,AGCAACGATTTCCATTACTA,0,4368948
yadI_predicted,0.3333333333333333,2,2,AGCAAAATTCTTTTAGGGAC,0,4337014
yadI_predicted,0.3333333333333333,2,2,AGATTGAGTTAACGGCGCGA,0,4319177
yadI_predicted,0.3333333333333333,2,2,AGATGGGCTGAATGTGGACT,0,4308901
yadI_predicted,0.3333333333333333,2,2,AGATGGCGTCGGGCCAGTCG,0,4310689
yadI_predicted,0.3333333333333333,2,2,AGATGGATGTATGTTGATAC,0,4361669
yadI_predicted,0.3333333333333333,2,2,AGATCCTACTCGGACGATGT,0,4339650
yadI_predicted,0.3333333333333333,2,2,AGATCATTCGGTAATCTTAC,0,4355681
yadI_predicted,0.3333333333333333,2,2,AGATCATGTTAAGTTCGAGC,0,4295223
yadI_predicted,0.3333333333333333,2,2,AGATCACGTGAAGGCCAAGG,0,4352566
yadI_predicted,0.3333333333333333,2,2,AGATATGGGTATCGTCTCTG,0,4362519
yadI_predicted,0.3333333333333333,2,2,AGATAGGTTGGCGAGTGCTT,0,4290519
yadI_predicted,0.3333333333333333,2,2,AGATAGCATACCTTCATACA,0,4321921
yadI_predicted,0.3333333333333333,2,2,AGATAATTCTTCCGGTTCGA,0,4336742
yadI_predicted,0.3333333333333333,2,2,AGAGTTACCAGTTCAATGGG,0,4360979
yadI_predicted,0.3333333333333333,2,2,AGAGTGCGTGGCTTACGGGA,0,4292959
yadI_predicted,0.3333333333333333,2,2,AGAGTCATTAAAGTACACGC,0,4358551
yadI_predicted,0.3333333333333333,2,2,AGAGTAAGCAATACTAGCCA,0,4285204
yadI_predicted,0.3333333333333333,2,2,AGAGGCGGCATGCCAGCCGA,0,4344163
yadI_predicted,0.3333333333333333,2,2,AGAGGACAAGATTATTTAAG,0,4350680
yadI_predicted,0.3333333333333333,2,2,AGAGGAAGAGAACCGCCTTA,0,4341835
yadI_predicted,0.3333333333333333,2,2,AGAGCTTACACAGGTTACGT,0,4290128
yadI_predicted,0.3333333333333333,2,2,AGAGAGGCAAATCCACTAAA,0,4312196
yadI_predicted,0.3333333333333333,2,2,AGAGAAGAGTATTGAGGGTC,0,4287254
yadI_predicted,0.3333333333333333,2,2,AGAGAACATCAGGCAGGGAC,0,4326821
yadI_predicted,0.3333333333333333,2,2,AGAGAAATGATCTCCAAGCT,0,4292587
yadI_predicted,0.3333333333333333,2,2,AGAGAAAAGTGTATTTCCCA,0,4285018
yadI_predicted,0.3333333333333333,2,2,AGACTTTATCCTGCGTGAGA,0,4343183
yadI_predicted,0.3333333333333333,2,2,AGACTTAGGCGATTGGTAAC,0,4329850
yadI_predicted,0.3333333333333333,2,2,AGACTTACTCCGGCATGACA,0,4335466
yadI_predicted,0.3333333333333333,2,2,AGACTGCGCCGATAGTATCA,0,4354162
yadI_predicted,0.3333333333333333,2,2,AGACTCCAAAGATCCGGCGC,0,4286524
yadI_predicted,0.3333333333333333,2,2,AGACGTAGCGACAGGGTACT,0,4307440
yadI_predicted,0.3333333333333333,2,2,AGACGGGCGGGTCGAGTCAT,0,4313773
yadI_predicted,0.3333333333333333,2,2,AGACGAGGGCCATGCACCGT,0,4357755
yadI_predicted,0.3333333333333333,2,2,AGACCTTGGTTAGGCGTGGC,0,4339975
yadI_predicted,0.3333333333333333,2,2,AGACCCTTTGTGTAGACATT,0,4294746
yadI_predicted,0.3333333333333333,2,2,AGACCAGATGCTCCTAACCA,0,4331201
yadI_predicted,0.3333333333333333,2,2,AGACCACTGTATAAGGTAAT,0,4338840
yadI_predicted,0.3333333333333333,2,2,AGAATTTAGTTCGTGTATAT,0,4336745
yadI_predicted,0.3333333333333333,2,2,AGAATCGTTAGATTAGAACA,0,4360778
yadI_predicted,0.3333333333333333,2,2,AGAATACGAGTTGTGATCGT,0,4314383
yadI_predicted,0.3333333333333333,2,2,AGAACGTGCTGGTTGGAGAT,0,4361848
yadI_predicted,0.3333333333333333,2,2,AGAACAACAGCGAATGATGT,0,4306746
yadI_predicted,0.3333333333333333,2,2,AGAAAAGGGATCATATCGCT,0,4310096
yadI_predicted,0.3333333333333333,2,2,AGAAAAAGTAAGTGTGGTCC,0,4320111
yadI_predicted,0.3333333333333333,2,2,AGAAAAACGCGTAAAAATGG,0,4356546
yadI_predicted,0.3333333333333333,2,2,ACTTTATTTTAGGTCCGTGC,0,4293277
yadI_predicted,0.3333333333333333,2,2,ACTTGGTGAGGACTGGAAGG,0,4318803
yadI_predicted,0.3333333333333333,2,2,ACTTGCAGGACTCGTACGAT,0,4323418
yadI_predicted,0.3333333333333333,2,2,ACTTCGGAGGTAGTCAAGGG,0,4361914
yadI_predicted,0.3333333333333333,2,2,ACTTCGCCGAGCCCGGGGGC,0,4357123
yadI_predicted,0.3333333333333333,2,2,ACTTCAAATATTTGACCGGC,0,4329177
yadI_predicted,0.3333333333333333,2,2,ACTTCAAAGCTTTCATCAGT,0,4317008
yadI_predicted,0.3333333333333333,2,2,ACTTACAACCAGCAGACACA,0,4327678
yadI_predicted,0.3333333333333333,2,2,ACTTAAGAACTATGAATCTT,0,4317488
yadI_predicted,0.3333333333333333,2,2,ACTGTGTCTCGGCTCTAACA,0,4367534
yadI_predicted,0.3333333333333333,2,2,ACTGTCAAGGATCTGATATA,0,4284762
yadI_predicted,0.3333333333333333,2,2,ACTGTAGGGGGATTAGGGTG,0,4329370
yadI_predicted,0.3333333333333333,2,2,ACTGGGTACTGGACAGTTCG,0,4333241
yadI_predicted,0.3333333333333333,2,2,ACTGGGAAAATAACGGTAGG,0,4301997
yadI_predicted,0.3333333333333333,2,2,ACTGGACTGTTTCTCACGAC,0,4359507
yadI_predicted,0.3333333333333333,2,2,ACTGCGGGAGGTTCGGTCCC,0,4294074
yadI_predicted,0.3333333333333333,2,2,ACTGCCGCAGATTCGGGATA,0,4325905
yadI_predicted,0.3333333333333333,2,2,ACTCTTTGCCTTCATTCCCA,0,4307578
yadI_predicted,0.3333333333333333,2,2,ACTCTGCCGCTCAGGTACAA,0,4344922
yadI_predicted,0.3333333333333333,2,2,ACTCTCGGATGGACGCCAAA,0,4338615
yadI_predicted,0.3333333333333333,2,2,ACTCTAGAGACAACGGGCGA,0,4308307
yadI_predicted,0.3333333333333333,2,2,ACTCGTTTAGGATTGCGGAG,0,4284124
yadI_predicted,0.3333333333333333,2,2,ACTCGTAGACGTGTCTTCAT,0,4356671
yadI_predicted,0.3333333333333333,2,2,ACTCGGGTGGCGCCGACCTT,0,4320016
yadI_predicted,0.3333333333333333,2,2,ACTCGGGAGGACAAGACCGG,0,4284368
yadI_predicted,0.3333333333333333,2,2,ACTCCTTGCTATTCTTTGAG,0,4358241
yadI_predicted,0.3333333333333333,2,2,ACTCCGTGTGCATATAGTAT,0,4340517
yadI_predicted,0.3333333333333333,2,2,ACTCCCAGCCGTCAGTATTT,0,4352715
yadI_predicted,0.3333333333333333,2,2,ACTCACTTATTATATACGTT,0,4318476
yadI_predicted,0.3333333333333333,2,2,ACTCAAGGGGAAAGAGGAAA,0,4328814
yadI_predicted,0.3333333333333333,2,2,ACTATTTCTGGACACACGCG,0,4305407
yadI_predicted,0.3333333333333333,2,2,ACTATCGCCCTACGTAGCTG,0,4311475
yadI_predicted,0.3333333333333333,2,2,ACTAGGTTTGATCGGCAGGC,0,4314071
yadI_predicted,0.3333333333333333,2,2,ACTAGGGCTGATTGCAGGTC,0,4346627
yadI_predicted,0.3333333333333333,2,2,ACTAGGGCTATCTAAGGGTA,0,4311972
yadI_predicted,0.3333333333333333,2,2,ACTAGGCGGACTAGATGTAG,0,4314080
yadI_predicted,0.3333333333333333,2,2,ACTAGACTGGCTTAGAGCAG,0,4346303
yadI_predicted,0.3333333333333333,2,2,ACTACTTAGTGACCATCCCA,0,4359132
yadI_predicted,0.3333333333333333,2,2,ACTACTTAACGTCAGATAGT,0,4296116
yadI_predicted,0.3333333333333333,2,2,ACTACGGGGTTACCGTAGAC,0,4342862
yadI_predicted,0.3333333333333333,2,2,ACTACGCGATCATCGGCAGT,0,4300242
yadI_predicted,0.3333333333333333,2,2,ACTACGCATGACATACTTCG,0,4328530
yadI_predicted,0.3333333333333333,2,2,ACTACCGGCCTTAGTTCGAC,0,4308593
yadI_predicted,0.3333333333333333,2,2,ACTACCATGTTCCAGCCCCC,0,4359416
yadI_predicted,0.3333333333333333,2,2,ACTAAGGCATTAAGCCACCG,0,4306913
yadI_predicted,0.3333333333333333,2,2,ACTAACCGGGCTCTGCCCCG,0,4287287
yadI_predicted,0.3333333333333333,2,2,ACGTTGGGTGGCGATACTAC,0,4357794
yadI_predicted,0.3333333333333333,2,2,ACGTTCCGGTACAATCGTGC,0,4308527
yadI_predicted,0.3333333333333333,2,2,ACGTGTCAGGAACAATTTCT,0,4318426
yadI_predicted,0.3333333333333333,2,2,ACGTAGATCTCGGCCGGCTC,0,4297721
yadI_predicted,0.3333333333333333,2,2,ACGTAACGGAGCATCGCGGC,0,4326767
yadI_predicted,0.3333333333333333,2,2,ACGGTGTCTAACCTTGACGG,0,4332964
yadI_predicted,0.3333333333333333,2,2,ACGGTGGTAAGACAGCTGAT,0,4332936
yadI_predicted,0.3333333333333333,2,2,ACGGTCTGCCCATGATTCTT,0,4303234
yadI_predicted,0.3333333333333333,2,2,ACGGTCAACACAAGGGCCAA,0,4367834
yadI_predicted,0.3333333333333333,2,2,ACGGGGACTATTCCTCCCTG,0,4327087
yadI_predicted,0.3333333333333333,2,2,ACGGCTCCCCTCCGCGACTG,0,4356579
yadI_predicted,0.3333333333333333,2,2,ACGGCGACTGAGTCGGCTCG,0,4338830
yadI_predicted,0.3333333333333333,2,2,ACGGCCCCGTCGCGCACGGA,0,4315625
yadI_predicted,0.3333333333333333,2,2,ACGGCACGTGTCTGACCCGT,0,4331321
yadI_predicted,0.3333333333333333,2,2,ACGGATATCCGCTATACTGT,0,4315023
yadI_predicted,0.3333333333333333,2,2,ACGGATAGGAATGAGTTACG,0,4365264
yadI_predicted,0.3333333333333333,2,2,ACGGAGATCCAGAGGGAGTA,0,4293363
yadI_predicted,0.3333333333333333,2,2,ACGGAGAAGCGTACCACATC,0,4313502
yadI_predicted,0.3333333333333333,2,2,ACGGACACCTGTGCTGGAGT,0,4299972
yadI_predicted,0.3333333333333333,2,2,ACGCTACTGGGGATCGGCGT,0,4337775
yadI_predicted,0.3333333333333333,2,2,ACGCGTACCGTTGGCCGCCA,0,4313751
yadI_predicted,0.3333333333333333,2,2,ACGCGCGTTGTTGTCCACTG,0,4331106
yadI_predicted,0.3333333333333333,2,2,ACGCGAGTGCGTGGGAATCA,0,4285742
yadI_predicted,0.3333333333333333,2,2,ACGCCGGAGGAGACTCGGCC,0,4348612
yadI_predicted,0.3333333333333333,2,2,ACGCCAGCCGTTAGATAACG,0,4350354
yadI_predicted,0.3333333333333333,2,2,ACGCAAGGACGAGCACGCAC,0,4284286
yadI_predicted,0.3333333333333333,2,2,ACGATTCTACATCATGTGTG,0,4366620
yadI_predicted,0.3333333333333333,2,2,ACGAGTGTCAACTAGGCGAC,0,4363180
yadI_predicted,0.3333333333333333,2,2,ACGAGTATTGACCCACATCG,0,4315486
yadI_predicted,0.3333333333333333,2,2,ACGAGCAGAGGTTATGGACC,0,4323162
yadI_predicted,0.3333333333333333,2,2,ACGAGACGGTTCGTCCTTTT,0,4300014
yadI_predicted,0.3333333333333333,2,2,ACGACTTTGATAAACTCTGA,0,4363157
yadI_predicted,0.3333333333333333,2,2,ACGAATCGATACGCGGGACC,0,4345838
yadI_predicted,0.3333333333333333,2,2,ACGAATACACCCTAGGCGAA,0,4308133
yadI_predicted,0.3333333333333333,2,2,ACGAACATTGTATACATCAA,0,4365388
yadI_predicted,0.3333333333333333,2,2,ACGAAAGTCTACTTGGCTGT,0,4306654
yadI_predicted,0.3333333333333333,2,2,ACGAAAATGGCATAGCCACA,0,4301954
yadI_predicted,0.3333333333333333,2,2,ACCTTCAAGTTTGGCCAAGT,0,4330720
yadI_predicted,0.3333333333333333,2,2,ACCTTAGTCAAACAGACCCC,0,4302458
yadI_predicted,0.3333333333333333,2,2,ACCTGTGCATCGGTGCCTTA,0,4323483
yadI_predicted,0.3333333333333333,2,2,ACCTGGCAAGGAGAGTAGGC,0,4300845
yadI_predicted,0.3333333333333333,2,2,ACCTGCCTCAGTAACAACAT,0,4332599
yadI_predicted,0.3333333333333333,2,2,ACCTGCCCAGTGTATGATCT,0,4298196
yadI_predicted,0.3333333333333333,2,2,ACCTCGTGAGCGGTCACACC,0,4319600
yadI_predicted,0.3333333333333333,2,2,ACCTCCCTGCCTGAACACCG,0,4306075
yadI_predicted,0.3333333333333333,2,2,ACCTCACCAGTCATGTCGTC,0,4327017
yadI_predicted,0.3333333333333333,2,2,ACCTAGGGCCGTGGTAGCGG,0,4344498
yadI_predicted,0.3333333333333333,2,2,ACCGGTTCCGTAGTATACCC,0,4357562
yadI_predicted,0.3333333333333333,2,2,ACCGGTATAAGAGTAATGTT,0,4320422
yadI_predicted,0.3333333333333333,2,2,ACCGGGTATGAGCTACAAGT,0,4292813
yadI_predicted,0.3333333333333333,2,2,ACCGGGAAGTTACACCTACA,0,4361089
yadI_predicted,0.3333333333333333,2,2,ACCGCGTGTTAATAAGGGGA,0,4365184
yadI_predicted,0.3333333333333333,2,2,ACCGCGGCCTAGTGACTTCA,0,4353133
yadI_predicted,0.3333333333333333,2,2,ACCGCGAGATCTTCTGTTTA,0,4285427
yadI_predicted,0.3333333333333333,2,2,ACCGCATAGCAGATAAACTT,0,4318181
yadI_predicted,0.3333333333333333,2,2,ACCGCAATTTAATTCATCTC,0,4329536
yadI_predicted,0.3333333333333333,2,2,ACCCTGTTCCCTCAGACATA,0,4367307
yadI_predicted,0.3333333333333333,2,2,ACCCTCACGCGCCCATCACG,0,4326644
yadI_predicted,0.3333333333333333,2,2,ACCCGGTAGGCCTTTCAAGA,0,4287438
yadI_predicted,0.3333333333333333,2,2,ACCCGGCAAGGCCCGCGGTT,0,4309689
yadI_predicted,0.3333333333333333,2,2,ACCCGCGGTCTAAGGCTCAC,0,4351605
yadI_predicted,0.3333333333333333,2,2,ACCCGCCGATTAGGACGACG,0,4302684
yadI_predicted,0.3333333333333333,2,2,ACCCCCTCATATCCCGTGCG,0,4297571
yadI_predicted,0.3333333333333333,2,2,ACCCCAGGACACGCCATCAT,0,4319613
yadI_predicted,0.3333333333333333,2,2,ACCCACAGGGTGCCCAGTGG,0,4368681
yadI_predicted,0.3333333333333333,2,2,ACCCACAATTTTCAATGATA,0,4367271
yadI_predicted,0.3333333333333333,2,2,ACCCAATTCATCCGGGTGAT,0,4361776
yadI_predicted,0.3333333333333333,2,2,ACCATTGGTAATTGGTAGTA,0,4344921
yadI_predicted,0.3333333333333333,2,2,ACCATTGCACTAAGGAAACT,0,4311979
yadI_predicted,0.3333333333333333,2,2,ACCATGTAATAGTATCGCGA,0,4347071
yadI_predicted,0.3333333333333333,2,2,ACCAGTTCGTTCTTGCGTAT,0,4315483
yadI_predicted,0.3333333333333333,2,2,ACCAGTTATGTAGAGCTTAT,0,4345936
yadI_predicted,0.3333333333333333,2,2,ACCAGTACGGCGCGGTTATT,0,4351833
yadI_predicted,0.3333333333333333,2,2,ACCAGGTCAGGCATGTTCAG,0,4325874
yadI_predicted,0.3333333333333333,2,2,ACCAGCAAGGGCAGCGACCA,0,4295307
yadI_predicted,0.3333333333333333,2,2,ACCAGAGGCCACACGCGGAC,0,4334546
yadI_predicted,0.3333333333333333,2,2,ACCACCACGGTTCAGTTCAT,0,4359642
yadI_predicted,0.3333333333333333,2,2,ACCACCAATGTGCAAGGCTC,0,4325446
yadI_predicted,0.3333333333333333,2,2,ACCAAGGCTCGGCGTATACT,0,4320663
yadI_predicted,0.3333333333333333,2,2,ACCAAATTATGCCTGTCGCA,0,4317176
yadI_predicted,0.3333333333333333,2,2,ACCAAACCGGAATGCCGATC,0,4329640
yadI_predicted,0.3333333333333333,2,2,ACATTATGCTTAGGCCACCG,0,4328709
yadI_predicted,0.3333333333333333,2,2,ACATGTCTACATCGTTAGCA,0,4300980
yadI_predicted,0.3333333333333333,2,2,ACATGGGCGCTTAGATCTAG,0,4324932
yadI_predicted,0.3333333333333333,2,2,ACATGGGCGCTGGCACCTAG,0,4340554
yadI_predicted,0.3333333333333333,2,2,ACATGGATATTCATGCCGTT,0,4315236
yadI_predicted,0.3333333333333333,2,2,ACATGCCGATTTGGACTTTG,0,4312224
yadI_predicted,0.3333333333333333,2,2,ACATGCAGTAGCCTCGATGC,0,4341223
yadI_predicted,0.3333333333333333,2,2,ACATGACGTATAAGATCTTT,0,4326319
yadI_predicted,0.3333333333333333,2,2,ACATCGTGAACCCTGTTCCA,0,4348338
yadI_predicted,0.3333333333333333,2,2,ACATCGAGGACGACCTGTCA,0,4321475
yadI_predicted,0.3333333333333333,2,2,ACATCGAGCAGCGGGTATTT,0,4302392
yadI_predicted,0.3333333333333333,2,2,ACATCATTCGAGTTTGTCTT,0,4310932
yadI_predicted,0.3333333333333333,2,2,ACATATTGAGACTCGGCATC,0,4334840
yadI_predicted,0.3333333333333333,2,2,ACATAGGCAAGGGCAAAGGT,0,4343398
yadI_predicted,0.3333333333333333,2,2,ACATAGAAATAAATTACTCA,0,4319902
yadI_predicted,0.3333333333333333,2,2,ACATAAGTCAAGCACCCCGT,0,4324538
yadI_predicted,0.3333333333333333,2,2,ACAGTTTGTTATTTCCGACC,0,4358950
yadI_predicted,0.3333333333333333,2,2,ACAGTTTAAAGTTTCGGGTT,0,4344635
yadI_predicted,0.3333333333333333,2,2,ACAGTTCTTTTTTATAGATA,0,4284960
yadI_predicted,0.3333333333333333,2,2,ACAGTGGGTGGAAGTGGAAC,0,4330831
yadI_predicted,0.3333333333333333,2,2,ACAGTGAGCTGAGTGAAAAC,0,4346919
yadI_predicted,0.3333333333333333,2,2,ACAGTATAGGGGCATGAGAC,0,4358043
yadI_predicted,0.3333333333333333,2,2,ACAGGGAACGGGCCTAAGTC,0,4345392
yadI_predicted,0.3333333333333333,2,2,ACAGGCTGGCACTGTGAATT,0,4357216
yadI_predicted,0.3333333333333333,2,2,ACAGGATGGTTGGTTTCGAG,0,4306366
yadI_predicted,0.3333333333333333,2,2,ACAGCTTAGTTGACGATCGA,0,4360186
yadI_predicted,0.3333333333333333,2,2,ACAGCGGCAGGCACACCGTC,0,4289835
yadI_predicted,0.3333333333333333,2,2,ACAGCGAATCGACCTACGTT,0,4326397
yadI_predicted,0.3333333333333333,2,2,ACAGCCGGACCTGATGCAAA,0,4314895
yadI_predicted,0.3333333333333333,2,2,ACAGCATAATGCTGACCAAA,0,4348033
yadI_predicted,0.3333333333333333,2,2,ACAGCAAGTCACTCCTTGTA,0,4357758
yadI_predicted,0.3333333333333333,2,2,ACAGCAAACCAGTCGGAGAT,0,4327517
yadI_predicted,0.3333333333333333,2,2,ACAGATCAGGGTGGTTATTA,0,4360478
yadI_predicted,0.3333333333333333,2,2,ACAGATAGCGGAAAAAAAAC,0,4360384
yadI_predicted,0.3333333333333333,2,2,ACAGAGTTGGAAACCGGCCA,0,4353743
yadI_predicted,0.3333333333333333,2,2,ACAGACCGTGAATCAGACTA,0,4295906
yadI_predicted,0.3333333333333333,2,2,ACACTTATGAGTAGCGTTTC,0,4344024
yadI_predicted,0.3333333333333333,2,2,ACACTGAGGTTTATAGGCCA,0,4293894
yadI_predicted,0.3333333333333333,2,2,ACACTCTGGACATTAAATTA,0,4364532
yadI_predicted,0.3333333333333333,2,2,ACACTATTGGCCTGGCATCG,0,4331291
yadI_predicted,0.3333333333333333,2,2,ACACGTAGTCCCTTGTAAAA,0,4293279
yadI_predicted,0.3333333333333333,2,2,ACACATTTGGTAATCCGGGT,0,4336278
yadI_predicted,0.3333333333333333,2,2,ACACATTAGATCATTACAGC,0,4323465
yadI_predicted,0.3333333333333333,2,2,ACACATGCCATCAGCTTCAT,0,4365331
yadI_predicted,0.3333333333333333,2,2,ACACATGATGGCTTAAGTAG,0,4357624
yadI_predicted,0.3333333333333333,2,2,ACACAATTTAGTTTGCCGCG,0,4288551
yadI_predicted,0.3333333333333333,2,2,ACAATTCGAGAGCCGTCGAG,0,4296781
yadI_predicted,0.3333333333333333,2,2,ACAATGTAAAAGAGTTTAGT,0,4285741
yadI_predicted,0.3333333333333333,2,2,ACAATGATTTTAGGCGCCAT,0,4317383
yadI_predicted,0.3333333333333333,2,2,ACAATCCGGGTCATCGATCT,0,4323592
yadI_predicted,0.3333333333333333,2,2,ACAATAACCGGTACTTGCCC,0,4286542
yadI_predicted,0.3333333333333333,2,2,ACAAGGTAGGAAGAGAAACG,0,4325797
yadI_predicted,0.3333333333333333,2,2,ACAAGGGCGCAAGACGGGAA,0,4310533
yadI_predicted,0.3333333333333333,2,2,ACAAGGCAAAATACGCCGAG,0,4287484
yadI_predicted,0.3333333333333333,2,2,ACAAGCAGTCAATGCGGCGA,0,4302596
yadI_predicted,0.3333333333333333,2,2,ACAAGACGATACTGCTTTAA,0,4362688
yadI_predicted,0.3333333333333333,2,2,ACAACTTCTAAGTGAAAAAG,0,4316736
yadI_predicted,0.3333333333333333,2,2,ACAACTCGTAATAAGGAGTT,0,4337132
yadI_predicted,0.3333333333333333,2,2,ACAACGGTTCAGGCTAGAAC,0,4307522
yadI_predicted,0.3333333333333333,2,2,ACAACCTTCCGCATCGCGGA,0,4311876
yadI_predicted,0.3333333333333333,2,2,ACAACCTACTGCAGTCAAAT,0,4316004
yadI_predicted,0.3333333333333333,2,2,ACAACCGTGAAAGGGTCCGG,0,4340753
yadI_predicted,0.3333333333333333,2,2,ACAACAGTCACCGAGTATTA,0,4352241
yadI_predicted,0.3333333333333333,2,2,ACAAATTTCCTAATAGGTCA,0,4331199
yadI_predicted,0.3333333333333333,2,2,ACAAATTAGACCTCACACGA,0,4301342
yadI_predicted,0.3333333333333333,2,2,ACAAAGTTATATAGAAGTTG,0,4363505
yadI_predicted,0.3333333333333333,2,2,ACAAAGGGCTGGTGTGAGGC,0,4300911
yadI_predicted,0.3333333333333333,2,2,ACAAACGCAAAGCATTGGTT,0,4339251
yadI_predicted,0.3333333333333333,2,2,ACAAACGATTGATCTACATG,0,4302778
yadI_predicted,0.3333333333333333,2,2,ACAAAATATTACTTGGTCGT,0,4321433
yadI_predicted,0.3333333333333333,2,2,ACAAAAATCGGGTCGCCACA,0,4336372
yadI_predicted,0.3333333333333333,2,2,AATTTTATTGCCAAGACTCT,0,4337700
yadI_predicted,0.3333333333333333,2,2,AATTTGGGCTCAGTAGACTG,0,4345082
yadI_predicted,0.3333333333333333,2,2,AATTTCGGACGGCCAAGCCA,0,4332558
yadI_predicted,0.3333333333333333,2,2,AATTTCGAGGGAGTATGTGT,0,4324034
yadI_predicted,0.3333333333333333,2,2,AATTTATTGCCGGTCTGCAA,0,4352155
yadI_predicted,0.3333333333333333,2,2,AATTGCTGTTGGGTTTAATG,0,4354996
yadI_predicted,0.3333333333333333,2,2,AATTGCCTTTGGTTTCAGTA,0,4364199
yadI_predicted,0.3333333333333333,2,2,AATTGCAAACCAAGGTTTCT,0,4348217
yadI_predicted,0.3333333333333333,2,2,AATTCTAGTGATTATTCTCA,0,4351232
yadI_predicted,0.3333333333333333,2,2,AATTCAGATATTAGTCCAAA,0,4365088
yadI_predicted,0.3333333333333333,2,2,AATTATTACTGAGTCTGGAG,0,4284915
yadI_predicted,0.3333333333333333,2,2,AATTATAAGCAGGTATACAA,0,4325457
yadI_predicted,0.3333333333333333,2,2,AATTAGATGAGCTTAGTCTG,0,4364618
yadI_predicted,0.3333333333333333,2,2,AATTAATTAGATTCAGTTAA,0,4287632
yadI_predicted,0.3333333333333333,2,2,AATGGATGAAATGTATGGGG,0,4300967
yadI_predicted,0.3333333333333333,2,2,AATGCGTGATTTAGTTCAAT,0,4356494
yadI_predicted,0.3333333333333333,2,2,AATGCCGCCCAAATGTATCC,0,4288527
yadI_predicted,0.3333333333333333,2,2,AATCTTGGGGCAACTCTACC,0,4338196
yadI_predicted,0.3333333333333333,2,2,AATCTGCGCTCCGGCAGGAG,0,4316347
yadI_predicted,0.3333333333333333,2,2,AATCTGACATCAACGGGCAT,0,4293490
yadI_predicted,0.3333333333333333,2,2,AATCGTAAACGGGTCAATCT,0,4297840
yadI_predicted,0.3333333333333333,2,2,AATCCTCTGACGAGTAGCGT,0,4323054
yadI_predicted,0.3333333333333333,2,2,AATCCGGTGATATAACTGGG,0,4345223
yadI_predicted,0.3333333333333333,2,2,AATCCACTTACGGTTCAAGT,0,4297371
yadI_predicted,0.3333333333333333,2,2,AATATTTGGGCTGTGCCCTA,0,4318979
yadI_predicted,0.3333333333333333,2,2,AATATTCTCAATATTCAAAT,0,4310954
yadI_predicted,0.3333333333333333,2,2,AATATGAAATTGTTGTGGCG,0,4305851
yadI_predicted,0.3333333333333333,2,2,AATATCGAGCGCAGTCATCC,0,4309348
yadI_predicted,0.3333333333333333,2,2,AATAGTTGGCGTGAAGTCTA,0,4317420
yadI_predicted,0.3333333333333333,2,2,AATAGCTCGGGATTTTGTAG,0,4299366
yadI_predicted,0.3333333333333333,2,2,AATAGCGCTTGTGTTAATTG,0,4313046
yadI_predicted,0.3333333333333333,2,2,AATAGACGCCTTTGGGGGTA,0,4350135
yadI_predicted,0.3333333333333333,2,2,AATACTGTGATCGTACTGTG,0,4369196
yadI_predicted,0.3333333333333333,2,2,AATAACGCACAGGCGGGTGA,0,4369117
yadI_predicted,0.3333333333333333,2,2,AATAAAAAGCCGGAACTGTG,0,4366864
yadI_predicted,0.3333333333333333,2,2,AAGTTTGTTCCCTTATGAGT,0,4364026
yadI_predicted,0.3333333333333333,2,2,AAGTTTGCAGTTGTTGGGGT,0,4366054
yadI_predicted,0.3333333333333333,2,2,AAGTGTATGTTAAGATGCGA,0,4354275
yadI_predicted,0.3333333333333333,2,2,AAGTGCTGAATCATCCCAAA,0,4350766
yadI_predicted,0.3333333333333333,2,2,AAGTGAGGAGAATAACAGGC,0,4329586
yadI_predicted,0.3333333333333333,2,2,AAGTCCGCTATGACGATTAG,0,4359226
yadI_predicted,0.3333333333333333,2,2,AAGTCAATGGATACTCGGTT,0,4289745
yadI_predicted,0.3333333333333333,2,2,AAGTCAATAAGGATACACGG,0,4310577
yadI_predicted,0.3333333333333333,2,2,AAGTATGGAATAGCCGTTCA,0,4312885
yadI_predicted,0.3333333333333333,2,2,AAGTATCCGGAAGGCTAGCA,0,4317232
yadI_predicted,0.3333333333333333,2,2,AAGTAAATAATAACAGGTGT,0,4296816
yadI_predicted,0.3333333333333333,2,2,AAGGTGAATACCTGGGGGTC,0,4284407
yadI_predicted,0.3333333333333333,2,2,AAGGTATCAGAAATGAGATC,0,4348783
yadI_predicted,0.3333333333333333,2,2,AAGGGCTAAGTGAGGCGAGC,0,4333223
yadI_predicted,0.3333333333333333,2,2,AAGGCGGCCACCCCAGTGTA,0,4349164
yadI_predicted,0.3333333333333333,2,2,AAGGCGCATAGTAAGGTGGG,0,4322293
yadI_predicted,0.3333333333333333,2,2,AAGGCGAGTGCATTAAAGCA,0,4332825
yadI_predicted,0.3333333333333333,2,2,AAGGCCGCGACGGTGCAAGG,0,4322231
yadI_predicted,0.3333333333333333,2,2,AAGGCAGTCTACTAATTGAC,0,4346322
yadI_predicted,0.3333333333333333,2,2,AAGGCAGTCACGCTCAAGCA,0,4306998
yadI_predicted,0.3333333333333333,2,2,AAGGAGTTTCCCGTGGATTT,0,4333878
yadI_predicted,0.3333333333333333,2,2,AAGGACTTATAGCAATGCGT,0,4303768
yadI_predicted,0.3333333333333333,2,2,AAGGAAATGGTGATCTCATG,0,4320978
yadI_predicted,0.3333333333333333,2,2,AAGCTTAGTTTCCGTAGCGC,0,4368396
yadI_predicted,0.3333333333333333,2,2,AAGCTGGCGGGGATAATGAG,0,4358727
yadI_predicted,0.3333333333333333,2,2,AAGCTCGCATGACGCGGCAA,0,4363718
yadI_predicted,0.3333333333333333,2,2,AAGCTACATGACAATGATCC,0,4319945
yadI_predicted,0.3333333333333333,2,2,AAGCGTTGTTATCATCATAA,0,4328044
yadI_predicted,0.3333333333333333,2,2,AAGCGTTAAGCTGTATTCTG,0,4311816
yadI_predicted,0.3333333333333333,2,2,AAGCGGGAATGGTTCTAACC,0,4340234
yadI_predicted,0.3333333333333333,2,2,AAGCGCCCAGACGGGATCAA,0,4297777
yadI_predicted,0.3333333333333333,2,2,AAGCCCAGGATTCTCGCATA,0,4343028
yadI_predicted,0.3333333333333333,2,2,AAGCCAATCAGAAGAATCTT,0,4367842
yadI_predicted,0.3333333333333333,2,2,AAGCATTCTTAGAAAGACTA,0,4311261
yadI_predicted,0.3333333333333333,2,2,AAGCATGCCGAATTTTGCAT,0,4337629
yadI_predicted,0.3333333333333333,2,2,AAGCAGTACCCTGCGTTGAG,0,4350669
yadI_predicted,0.3333333333333333,2,2,AAGCACACCCGGACGATAGA,0,4340341
yadI_predicted,0.3333333333333333,2,2,AAGATTTCCACGAGAGGCTC,0,4306804
yadI_predicted,0.3333333333333333,2,2,AAGATGCTCCGTTGGATTGT,0,4316324
yadI_predicted,0.3333333333333333,2,2,AAGATGCGGGCCTTCATGAC,0,4296702
yadI_predicted,0.3333333333333333,2,2,AAGATCTAGTGAGTACGTAT,0,4305803
yadI_predicted,0.3333333333333333,2,2,AAGACTGATCACTGTTTATT,0,4324878
yadI_predicted,0.3333333333333333,2,2,AAGACGCGCAAATACGCGAG,0,4312279
yadI_predicted,0.3333333333333333,2,2,AAGACCGAACGCAATATCCC,0,4296132
yadI_predicted,0.3333333333333333,2,2,AAGAATTCTCGCCACGCTCA,0,4362417
yadI_predicted,0.3333333333333333,2,2,AAGAAGTCGTATATCAGCCC,0,4332596
yadI_predicted,0.3333333333333333,2,2,AACTTGGGAGCGAATCTCAA,0,4323537
yadI_predicted,0.3333333333333333,2,2,AACTTCATTGGAATTAGTTA,0,4284465
yadI_predicted,0.3333333333333333,2,2,AACTTATGCTATTAGATCAT,0,4363818
yadI_predicted,0.3333333333333333,2,2,AACTTAGGACCGATCATGTA,0,4364865
yadI_predicted,0.3333333333333333,2,2,AACTGTCTGTAGGGCCGCAG,0,4344374
yadI_predicted,0.3333333333333333,2,2,AACTGTACGATTGCATAACT,0,4305610
yadI_predicted,0.3333333333333333,2,2,AACTGGTCCACTTCGGAGGC,0,4339686
yadI_predicted,0.3333333333333333,2,2,AACTGAATGCCTGGACGGAC,0,4304626
yadI_predicted,0.3333333333333333,2,2,AACTCATTCTCTGATGGGGT,0,4343467
yadI_predicted,0.3333333333333333,2,2,AACTATGGATTCCATGGTAC,0,4327691
yadI_predicted,0.3333333333333333,2,2,AACTATGCGACAAACAACGC,0,4334491
yadI_predicted,0.3333333333333333,2,2,AACTATGCCGGGGGACGCAA,0,4352643
yadI_predicted,0.3333333333333333,2,2,AACTATAGGGGTCTAGTCCC,0,4368510
yadI_predicted,0.3333333333333333,2,2,AACGTCCGGGCACACACAGA,0,4318908
yadI_predicted,0.3333333333333333,2,2,AACGTACAGTCAAGCGTATA,0,4317070
yadI_predicted,0.3333333333333333,2,2,AACGGGCTTGATCCGTTCCT,0,4324373
yadI_predicted,0.3333333333333333,2,2,AACGGAAGTGTTTCGAGGAG,0,4323852
yadI_predicted,0.3333333333333333,2,2,AACGACCACGAAAGACCTCG,0,4344685
yadI_predicted,0.3333333333333333,2,2,AACGAACACAGTGTAAGTAT,0,4337751
yadI_predicted,0.3333333333333333,2,2,AACCTGGTCGAATCGGGATT,0,4367969
yadI_predicted,0.3333333333333333,2,2,AACCTCCGCTTCTTTTTTAG,0,4364353
yadI_predicted,0.3333333333333333,2,2,AACCTCCAAAGAGCTGTTTC,0,4301298
yadI_predicted,0.3333333333333333,2,2,AACCGTAGGGACGGAGTATA,0,4364659
yadI_predicted,0.3333333333333333,2,2,AACCCACGTATTGCGTCCTA,0,4291590
yadI_predicted,0.3333333333333333,2,2,AACCCACGCGACTCACGATA,0,4338136
yadI_predicted,0.3333333333333333,2,2,AACCAGTTTTGTCCGCGAAG,0,4360696
yadI_predicted,0.3333333333333333,2,2,AACATTTAGGCCGTCAGCGT,0,4308381
yadI_predicted,0.3333333333333333,2,2,AACATATTAGGAGTAGGTGT,0,4356004
yadI_predicted,0.3333333333333333,2,2,AACATATCCGGATATGGTTA,0,4350170
yadI_predicted,0.3333333333333333,2,2,AACATACGCACCGGATTGGC,0,4369220
yadI_predicted,0.3333333333333333,2,2,AACAGCCCATTCCGATACAC,0,4352131
yadI_predicted,0.3333333333333333,2,2,AACACTGTTTTAGACGATCT,0,4307951
yadI_predicted,0.3333333333333333,2,2,AACACTCTCGCCCTCCAATG,0,4364134
yadI_predicted,0.3333333333333333,2,2,AACACGGCTCCGGAGAGTGT,0,4294077
yadI_predicted,0.3333333333333333,2,2,AACACCTTTGACATGAAGTG,0,4356436
yadI_predicted,0.3333333333333333,2,2,AACAATGGATGAGACGGCCT,0,4302852
yadI_predicted,0.3333333333333333,2,2,AACAATGCTGATTCGCTGTG,0,4346590
yadI_predicted,0.3333333333333333,2,2,AACAACTACGGATACCTGGA,0,4323583
yadI_predicted,0.3333333333333333,2,2,AACAACAGTTCTCGTAGCCC,0,4287262
yadI_predicted,0.3333333333333333,2,2,AACAAAGTCCTTACATCTGA,0,4361972
yadI_predicted,0.3333333333333333,2,2,AAATTACAAGACTCTCGAGG,0,4294005
yadI_predicted,0.3333333333333333,2,2,AAATGTGTATAAACCTAAGT,0,4363508
yadI_predicted,0.3333333333333333,2,2,AAATGTGAGCATCGTACCTG,0,4354911
yadI_predicted,0.3333333333333333,2,2,AAATATATCCAGCAGTCCGC,0,4287019
yadI_predicted,0.3333333333333333,2,2,AAATAAAGCTTGCGTTGGCC,0,4284942
yadI_predicted,0.3333333333333333,2,2,AAATAAAGAGCTTTTGCGCT,0,4364198
yadI_predicted,0.3333333333333333,2,2,AAAGTATGGGTACCGGATTA,0,4298176
yadI_predicted,0.3333333333333333,2,2,AAAGGTATGGTCCCCCAAGT,0,4301085
yadI_predicted,0.3333333333333333,2,2,AAAGGGTTCCCGGTCTCCTA,0,4332172
yadI_predicted,0.3333333333333333,2,2,AAAGGCCCGAAAATTTCCTA,0,4361786
yadI_predicted,0.3333333333333333,2,2,AAAGGCCAGTGCCGAAGGCC,0,4293589
yadI_predicted,0.3333333333333333,2,2,AAAGCTGAAATTGTACTGAA,0,4334368
yadI_predicted,0.3333333333333333,2,2,AAAGCACGCTTTGCGCACTG,0,4356796
yadI_predicted,0.3333333333333333,2,2,AAAGATAAATCGATCCTCTT,0,4359150
yadI_predicted,0.3333333333333333,2,2,AAAGAGATCAGCAATGGAGA,0,4290129
yadI_predicted,0.3333333333333333,2,2,AAAGAACTAGATTGGATAAA,0,4342985
yadI_predicted,0.3333333333333333,2,2,AAACTCGGAAACTGACACGT,0,4361656
yadI_predicted,0.3333333333333333,2,2,AAACTCCTCTCAATATTACT,0,4315279
yadI_predicted,0.3333333333333333,2,2,AAACTATGAGAATTTATGAC,0,4353998
yadI_predicted,0.3333333333333333,2,2,AAACTAGTGACCGACTCGGG,0,4309278
yadI_predicted,0.3333333333333333,2,2,AAACGTCCTTACCGAAGTTG,0,4299010
yadI_predicted,0.3333333333333333,2,2,AAACGGTGTGACAGACGCTA,0,4286075
yadI_predicted,0.3333333333333333,2,2,AAACGCACGTGCACACAGAT,0,4344174
yadI_predicted,0.3333333333333333,2,2,AAACCTCTCGGCTCACGAGG,0,4355237
yadI_predicted,0.3333333333333333,2,2,AAACCCCAGCGGCGTGGGAA,0,4303236
yadI_predicted,0.3333333333333333,2,2,AAACAGTTAGTTTATAAGCG,0,4320192
yadI_predicted,0.3333333333333333,2,2,AAAATGGTTATCAACTGGCA,0,4351644
yadI_predicted,0.3333333333333333,2,2,AAAATCTTGCAGTGCATATC,0,4322898
yadI_predicted,0.3333333333333333,2,2,AAAATATAGGTAACATGCTG,0,4355791
yadI_predicted,0.3333333333333333,2,2,AAAATAAGGTTGGAATTAAC,0,4304429
yadI_predicted,0.3333333333333333,2,2,AAAAGCCGGCGTCTATAAGC,0,4318470
yadI_predicted,0.3333333333333333,2,2,AAAAGACTTTGTTGGATTCA,0,4287140
yadI_predicted,0.3333333333333333,2,2,AAAACCGCAAGATTATCGTA,0,4328948
yadI_predicted,0.3333333333333333,2,2,AAAAAGGATGGTCCGGTGCG,0,4313054
yadI_predicted,0.5,1,1,TTTTTCCTCGGTCGTGTTGC,0,4307040
yadI_predicted,0.5,1,1,TTTTGATTTGAAGGGATGTT,0,4359426
yadI_predicted,0.5,1,1,TTTTGATTAAAGATAAAGAA,0,4344200
yadI_predicted,0.5,1,1,TTTTGATATGTGAGGATACG,0,4339847
yadI_predicted,0.5,1,1,TTTTGAGCCCTCTAAAAGTC,0,4338724
yadI_predicted,0.5,1,1,TTTTGACTGGTCACCTTCAT,0,4317235
yadI_predicted,0.5,1,1,TTTTGAACCAGATCAGATCT,0,4284641
yadI_predicted,0.5,1,1,TTTTCGTGGCATAACAACTC,0,4294663
yadI_predicted,0.5,1,1,TTTTCCTATATAGTCGTACT,0,4362698
yadI_predicted,0.5,1,1,TTTTCAAAGACCCAATAAGC,0,4365252
yadI_predicted,0.5,1,1,TTTGTTTGTCTGAAGACGGT,0,4287177
yadI_predicted,0.5,1,1,TTTGTTAGGCGTTTGAACCT,0,4286421
yadI_predicted,0.5,1,1,TTTGTCTGCATATCCCTTTT,0,4345727
yadI_predicted,0.5,1,1,TTTGTAGCAAATTCCAGCGG,0,4359952
yadI_predicted,0.5,1,1,TTTGTACTCTTGGCTCGTCG,0,4348810
yadI_predicted,0.5,1,1,TTTGGTAATACGCCAGAAAT,0,4300835
yadI_predicted,0.5,1,1,TTTGGGAAAGGTATCTGAAA,0,4330364
yadI_predicted,0.5,1,1,TTTGGCCACTCAGCCGCTAA,0,4357506
yadI_predicted,0.5,1,1,TTTGGAACAGCTCATGGAAT,0,4343176
yadI_predicted,0.5,1,1,TTTGGAAAGGTAGGTCCTAA,0,4363605
yadI_predicted,0.5,1,1,TTTGCGTGGAGTAGACTGGA,0,4369256
yadI_predicted,0.5,1,1,TTTGATACTTTTTATCCCGC,0,4299495
yadI_predicted,0.5,1,1,TTTGACGGGCCACGCTGTAC,0,4325264
yadI_predicted,0.5,1,1,TTTCTTCTAAGCTGAAACAA,0,4328089
yadI_predicted,0.5,1,1,TTTCTATTCAGCCAGAGGCG,0,4347220
yadI_predicted,0.5,1,1,TTTCTAAGCCCTTTCCCGGG,0,4363366
yadI_predicted,0.5,1,1,TTTCGGTTATGGCCCAGCGT,0,4343662
yadI_predicted,0.5,1,1,TTTCGAGCATGAAGTTGAAT,0,4307575
yadI_predicted,0.5,1,1,TTTCCGTGATATTGGCTAAA,0,4325097
yadI_predicted,0.5,1,1,TTTCCGGTAAATAGGCAGCA,0,4327902
yadI_predicted,0.5,1,1,TTTCCGCAGCTAATGTAAGT,0,4341303
yadI_predicted,0.5,1,1,TTTCCCTAATTAATTTAAGT,0,4351140
yadI_predicted,0.5,1,1,TTTCCACAGCCTGACGGGGA,0,4299288
yadI_predicted,0.5,1,1,TTTCATTGACTATCACGACG,0,4298158
yadI_predicted,0.5,1,1,TTTCATGGCTTCGAGGGCTG,0,4369851
yadI_predicted,0.5,1,1,TTTCATGCGATAAGCGTGGC,0,4323529
yadI_predicted,0.5,1,1,TTTCACGGTATGTAAGTGGA,0,4349762
yadI_predicted,0.5,1,1,TTTCACCATCAGATGTACGC,0,4289810
yadI_predicted,0.5,1,1,TTTCAATATTTCAATTGACA,0,4350004
yadI_predicted,0.5,1,1,TTTATTGCCGTTGTACGTGA,0,4328699
yadI_predicted,0.5,1,1,TTTATGAGGGCTTTCATCTC,0,4349110
yadI_predicted,0.5,1,1,TTTATCTTTTCCTGCATTAA,0,4295281
yadI_predicted,0.5,1,1,TTTATAGACGTACCTCTCGT,0,4366948
yadI_predicted,0.5,1,1,TTTATACTATAGCTGATCGG,0,4345716
yadI_predicted,0.5,1,1,TTTAGGTGTCTAGGTTTCTG,0,4363775
yadI_predicted,0.5,1,1,TTTAGCTTGTTACGTACGGC,0,4311212
yadI_predicted,0.5,1,1,TTTACTCACCTCGGCAGTAA,0,4333435
yadI_predicted,0.5,1,1,TTTACCAGCAGGGCGAGCTT,0,4284830
yadI_predicted,0.5,1,1,TTTAATGATCAGCATAAGCG,0,4320154
yadI_predicted,0.5,1,1,TTTAAGGGTGTCGTAGTTTT,0,4292208
yadI_predicted,0.5,1,1,TTTAAGGGGGTATGGCTTGC,0,4289371
yadI_predicted,0.5,1,1,TTTAACGGGGCGTTGCATTA,0,4295787
yadI_predicted,0.5,1,1,TTTAAACCTATTTTAAGCAT,0,4297082
yadI_predicted,0.5,1,1,TTGTTGTTTTCGCCTCAAAC,0,4297889
yadI_predicted,0.5,1,1,TTGTTGTTCTAGGGCTCAAA,0,4337425
yadI_predicted,0.5,1,1,TTGTTGTGAGAGTCATCCAA,0,4305086
yadI_predicted,0.5,1,1,TTGTTGACGGGCGAAGTGCT,0,4315818
yadI_predicted,0.5,1,1,TTGTTGAAAATCAACTCTGG,0,4342914
yadI_predicted,0.5,1,1,TTGTTCGTCAGTCAAGAAAG,0,4293499
yadI_predicted,0.5,1,1,TTGTTATTAACTCTCCAGCT,0,4360420
yadI_predicted,0.5,1,1,TTGTGTTTGCTCCTTTTGCT,0,4307103
yadI_predicted,0.5,1,1,TTGTGTTGTCGGTCCTCGGC,0,4289586
yadI_predicted,0.5,1,1,TTGTGAGAACCCCCCGAGGA,0,4357426
yadI_predicted,0.5,1,1,TTGTCTTTATTTCTCAGCTC,0,4311253
yadI_predicted,0.5,1,1,TTGTCTCCGGGGACAGAAGT,0,4340179
yadI_predicted,0.5,1,1,TTGTCGTACAAAAGCGGTAT,0,4353442
yadI_predicted,0.5,1,1,TTGTCCGCTCGTCGGATCTG,0,4289120
yadI_predicted,0.5,1,1,TTGTCCGCGCGATTCAAGCC,0,4347581
yadI_predicted,0.5,1,1,TTGTCCCTTCGTTGAGGGTA,0,4289641
yadI_predicted,0.5,1,1,TTGTCAGTCTTGTTGACCAA,0,4294593
yadI_predicted,0.5,1,1,TTGTCACCTTTGTCTCTGCG,0,4350714
yadI_predicted,0.5,1,1,TTGTCAAACATCAAAAACGT,0,4324258
yadI_predicted,0.5,1,1,TTGTATATCATGGGCGGGCA,0,4346967
yadI_predicted,0.5,1,1,TTGTATACAAAGGGTAGCGG,0,4314474
yadI_predicted,0.5,1,1,TTGTAGCCCGAAGAGCTGTT,0,4349958
yadI_predicted,0.5,1,1,TTGGTTTAAGCAAGTAGTAT,0,4328717
yadI_predicted,0.5,1,1,TTGGTTGAAGCTTATGGTAC,0,4357494
yadI_predicted,0.5,1,1,TTGGTAGATAACGTAGAGGT,0,4289899
yadI_predicted,0.5,1,1,TTGGGGGTCGTGCGTCATGT,0,4286986
yadI_predicted,0.5,1,1,TTGGAGTTTTAGAGGTAAGT,0,4358813
yadI_predicted,0.5,1,1,TTGGAGCAGGATAGGCCTTA,0,4313868
yadI_predicted,0.5,1,1,TTGGACTTCAGCACGGTCTA,0,4285995
yadI_predicted,0.5,1,1,TTGGAACGTTGGCATTTAAC,0,4293152
yadI_predicted,0.5,1,1,TTGCTTGTGTCTCTATTAGC,0,4328758
yadI_predicted,0.5,1,1,TTGCTAATCCGCATTTACTG,0,4289755
yadI_predicted,0.5,1,1,TTGCGGTCGTAACGAGACCC,0,4342867
yadI_predicted,0.5,1,1,TTGCCTGCAACGCCGATTTG,0,4336978
yadI_predicted,0.5,1,1,TTGCCACCCCTGGGACCGGG,0,4367260
yadI_predicted,0.5,1,1,TTGCATATATAGTGACCCAG,0,4298195
yadI_predicted,0.5,1,1,TTGCACGAGGGTTGTCGCAG,0,4326127
yadI_predicted,0.5,1,1,TTGATCCACCGGACGGGCAA,0,4316371
yadI_predicted,0.5,1,1,TTGATAGGGCACTTCCTATC,0,4322650
yadI_predicted,0.5,1,1,TTGAGAATATCAGCGCAGTT,0,4329385
yadI_predicted,0.5,1,1,TTGACAACCCTCAGCAATGT,0,4363595
yadI_predicted,0.5,1,1,TTGAAATTAACGAAGGTAAG,0,4302199
yadI_predicted,0.5,1,1,TTGAAATGGCGTTTTGAGTC,0,4343744
yadI_predicted,0.5,1,1,TTCTTCGGCAGCTTACACCA,0,4344776
yadI_predicted,0.5,1,1,TTCTTACAAAGTTAGTATAC,0,4327107
yadI_predicted,0.5,1,1,TTCTGGTGCTTGTTAAATCC,0,4305189
yadI_predicted,0.5,1,1,TTCTGGTCACCGGAGTAGTG,0,4302384
yadI_predicted,0.5,1,1,TTCTGGCAAACGCATAGTCA,0,4353817
yadI_predicted,0.5,1,1,TTCTGAAACTGCCGAGTGAT,0,4316112
yadI_predicted,0.5,1,1,TTCTCTGTTACGAGGTCAGG,0,4306624
yadI_predicted,0.5,1,1,TTCTCGGCTAGATCCCACCT,0,4336570
yadI_predicted,0.5,1,1,TTCTCGAGTCAGTCGCACAA,0,4328206
yadI_predicted,0.5,1,1,TTCTATTCCTTCATTGAAAT,0,4307007
yadI_predicted,0.5,1,1,TTCTATCTCAGGGACGACCA,0,4323829
yadI_predicted,0.5,1,1,TTCTATCACTCTTGCGGTGA,0,4298087
yadI_predicted,0.5,1,1,TTCTACCATCAGGGGTATGC,0,4316055
yadI_predicted,0.5,1,1,TTCTAATGCTCCTGCCTATG,0,4304930
yadI_predicted,0.5,1,1,TTCGTTTCCTAGACCAACCA,0,4355652
yadI_predicted,0.5,1,1,TTCGTCAGCTCGCAATCCCT,0,4339597
yadI_predicted,0.5,1,1,TTCGTATTTTATTCACTTAT,0,4298354
yadI_predicted,0.5,1,1,TTCGTACCGGACTCGTGTGC,0,4337112
yadI_predicted,0.5,1,1,TTCGGTAGTGCGCGACAAAG,0,4286080
yadI_predicted,0.5,1,1,TTCGGGCTCTAGACATGGGA,0,4329289
yadI_predicted,0.5,1,1,TTCGGATTGCCGATGGGCTA,0,4341161
yadI_predicted,0.5,1,1,TTCGGAGAGAGCAGCGAATG,0,4285347
yadI_predicted,0.5,1,1,TTCGCTCTCTGTAGTATGAC,0,4312389
yadI_predicted,0.5,1,1,TTCGCGGCGGCACGGAGTTG,0,4286958
yadI_predicted,0.5,1,1,TTCGCGCGCTCGAGGCGCAT,0,4297715
yadI_predicted,0.5,1,1,TTCGATGATTGAATACAAAA,0,4330077
yadI_predicted,0.5,1,1,TTCGAGCACAATGGTGGTAT,0,4291329
yadI_predicted,0.5,1,1,TTCGACCGAAATCGACTGTT,0,4339958
yadI_predicted,0.5,1,1,TTCGAAGAGAACTCAGGCGC,0,4302341
yadI_predicted,0.5,1,1,TTCCTTGACGCATGTGACTA,0,4302000
yadI_predicted,0.5,1,1,TTCCGGGTATACATGTGGAA,0,4362586
yadI_predicted,0.5,1,1,TTCCGGAGGCTTACCATGAT,0,4296218
yadI_predicted,0.5,1,1,TTCCGAATTTGATCCTTATC,0,4325400
yadI_predicted,0.5,1,1,TTCCCTTGCAGTTCGGGTGG,0,4343503
yadI_predicted,0.5,1,1,TTCCCGCAGATACAGAAACA,0,4334046
yadI_predicted,0.5,1,1,TTCCCGATGGAGGTATGGGT,0,4338895
yadI_predicted,0.5,1,1,TTCCCCGTGAAGGACACAAG,0,4297914
yadI_predicted,0.5,1,1,TTCCATCAGAGCAATAGACA,0,4355561
yadI_predicted,0.5,1,1,TTCATCTCTGTGATTTTCAC,0,4368197
yadI_predicted,0.5,1,1,TTCATCTAGCAAATTGCTAT,0,4297201
yadI_predicted,0.5,1,1,TTCATCGACGCTCGTCTAGG,0,4291112
yadI_predicted,0.5,1,1,TTCATACGACCATAAGCGTC,0,4350594
yadI_predicted,0.5,1,1,TTCAGTTGAGTCGTCCTGCT,0,4291317
yadI_predicted,0.5,1,1,TTCAGGTGTTTACGGGACAA,0,4348738
yadI_predicted,0.5,1,1,TTCAGGGGATTAGCCCTCCT,0,4342074
yadI_predicted,0.5,1,1,TTCAGGCAACTTTGACGCGC,0,4336391
yadI_predicted,0.5,1,1,TTCAGCGAGGTGGTCAAATG,0,4368849
yadI_predicted,0.5,1,1,TTCAGCCCATACGTCCAAAA,0,4309818
yadI_predicted,0.5,1,1,TTCAGAGTTACCCCTGCATG,0,4333803
yadI_predicted,0.5,1,1,TTCAGACCCGATCAGTAGAT,0,4291392
yadI_predicted,0.5,1,1,TTCACTCGTAGTACTTATGT,0,4324794
yadI_predicted,0.5,1,1,TTCACTATGCAGTCTCTTGA,0,4339069
yadI_predicted,0.5,1,1,TTCACGGGCGAACAGCCCTG,0,4318853
yadI_predicted,0.5,1,1,TTCACGCCAAAATTTCCTAG,0,4331762
yadI_predicted,0.5,1,1,TTCACCTCTGCAGACCATTT,0,4302510
yadI_predicted,0.5,1,1,TTCACCACACGGAGCCTCCT,0,4337393
yadI_predicted,0.5,1,1,TTCACATAAAAGCTGTTCGG,0,4331967
yadI_predicted,0.5,1,1,TTCACAGGGCCTTCGTTTTC,0,4290637
yadI_predicted,0.5,1,1,TTCACAGCAACTAGAGCAAA,0,4292796
yadI_predicted,0.5,1,1,TTCAATGAAGAGCACATTCT,0,4344308
yadI_predicted,0.5,1,1,TTCAACGATCGGAGGGCAGG,0,4311620
yadI_predicted,0.5,1,1,TTCAACACCCCTCCATTCAT,0,4362522
yadI_predicted,0.5,1,1,TTATTTTGATGACACCGGCC,0,4359246
yadI_predicted,0.5,1,1,TTATTGGCAGTCTCCAAATT,0,4296467
yadI_predicted,0.5,1,1,TTATTGAGCTCTAGCCCCCC,0,4336475
yadI_predicted,0.5,1,1,TTATTCTGAGATCTTATGAG,0,4299891
yadI_predicted,0.5,1,1,TTATTCCTGCCGGGTGTACT,0,4305420
yadI_predicted,0.5,1,1,TTATTCCCGGTCCGTCGATG,0,4321865
yadI_predicted,0.5,1,1,TTATGTCCTGATATTCCCCC,0,4303969
yadI_predicted,0.5,1,1,TTATGTAGAATCCAAAGATG,0,4312229
yadI_predicted,0.5,1,1,TTATGATGGCATGTGCTGAA,0,4317610
yadI_predicted,0.5,1,1,TTATGAACCGGACATCGGTT,0,4333762
yadI_predicted,0.5,1,1,TTATCTACGTAGAGTGGATA,0,4298880
yadI_predicted,0.5,1,1,TTATCGTCTGCCGGACAACC,0,4288681
yadI_predicted,0.5,1,1,TTATCCTATATGTTAAGGTT,0,4291775
yadI_predicted,0.5,1,1,TTATCCGCTTGCCGTAGACA,0,4309551
yadI_predicted,0.5,1,1,TTATCCACGTATTATCGCAT,0,4337133
yadI_predicted,0.5,1,1,TTATACAGATTGAATTTCTC,0,4287882
yadI_predicted,0.5,1,1,TTATACACCACTATGGCTGG,0,4306144
yadI_predicted,0.5,1,1,TTATAAGTTCGGGCTGAGAT,0,4293282
yadI_predicted,0.5,1,1,TTATAACGTGCCCAGTATTT,0,4307028
yadI_predicted,0.5,1,1,TTAGTCGGTCTGCGCACCCC,0,4332630
yadI_predicted,0.5,1,1,TTAGTCCACGTAGGCTCTCC,0,4304775
yadI_predicted,0.5,1,1,TTAGTAAAAACGGCGTGGTC,0,4285395
yadI_predicted,0.5,1,1,TTAGGTACTCGTGATCCAGC,0,4330850
yadI_predicted,0.5,1,1,TTAGGGCCATGGGGTGTTTG,0,4336461
yadI_predicted,0.5,1,1,TTAGCTACTTGCGGCACGTT,0,4325535
yadI_predicted,0.5,1,1,TTACTTTCCAAATAGCCAGA,0,4363358
yadI_predicted,0.5,1,1,TTACGATGCACAGCGACCAG,0,4319410
yadI_predicted,0.5,1,1,TTACGAGTGCTCACAGTCCA,0,4363771
yadI_predicted,0.5,1,1,TTACGAAATCCAGCTCTACT,0,4298386
yadI_predicted,0.5,1,1,TTACCGCCTCTCGGTCTGCC,0,4317245
yadI_predicted,0.5,1,1,TTACCGATCTACAGCGTAAA,0,4340647
yadI_predicted,0.5,1,1,TTACCAGGGAGCCAAATTGA,0,4290154
yadI_predicted,0.5,1,1,TTACATGAGTGGGCCGCAAA,0,4320560
yadI_predicted,0.5,1,1,TTAATTTGGGGTTAGGGGTT,0,4356463
yadI_predicted,0.5,1,1,TTAATGTTGTCCATAAGGCC,0,4290030
yadI_predicted,0.5,1,1,TTAAGTCCGTGCTACTTTTT,0,4294623
yadI_predicted,0.5,1,1,TTAAGTCACGGCCTCTCATT,0,4296734
yadI_predicted,0.5,1,1,TTAAGGCCATTGTCGGCAGC,0,4304430
yadI_predicted,0.5,1,1,TTAACGTATTTCATCATGGT,0,4310209
yadI_predicted,0.5,1,1,TTAACCCCGCCCACCTAATG,0,4350180
yadI_predicted,0.5,1,1,TTAACAGCTCAATTTAGTAA,0,4298230
yadI_predicted,0.5,1,1,TTAACAATTTTCCTGGTTAA,0,4321809
yadI_predicted,0.5,1,1,TTAACAAGCATGAACATTGA,0,4360872
yadI_predicted,0.5,1,1,TGTTTGTCTTTTTGTCTTCA,0,4303116
yadI_predicted,0.5,1,1,TGTTTGCATAAGGTTTAAGT,0,4319858
yadI_predicted,0.5,1,1,TGTTTGACTCGTACGACTGT,0,4345999
yadI_predicted,0.5,1,1,TGTTTCGGTAATAGCGGGGA,0,4361261
yadI_predicted,0.5,1,1,TGTTGTGTCATCACGGACCC,0,4303759
yadI_predicted,0.5,1,1,TGTTGTATCCACTGCTAGCC,0,4337617
yadI_predicted,0.5,1,1,TGTTGCTAGTTGGATAGTGG,0,4325624
yadI_predicted,0.5,1,1,TGTTGCACAGAAGGATAGGA,0,4364464
yadI_predicted,0.5,1,1,TGTTGAATCATTGTGTCGTC,0,4328881
yadI_predicted,0.5,1,1,TGTTCTTGGTAAGTCAAGGC,0,4297367
yadI_predicted,0.5,1,1,TGTTCTTCCTCGAGGAACGT,0,4325338
yadI_predicted,0.5,1,1,TGTTCCTCCTTTTGTTACTA,0,4300067
yadI_predicted,0.5,1,1,TGTTCCCGGCTGGAAAGTCT,0,4312988
yadI_predicted,0.5,1,1,TGTTCAGTTCCCGGACCTGC,0,4287772
yadI_predicted,0.5,1,1,TGTTATAAGTTGCTAGATAT,0,4299406
yadI_predicted,0.5,1,1,TGTTATAAGAAACGAGAATG,0,4339648
yadI_predicted,0.5,1,1,TGTTAATGGGCCAGGGTTGA,0,4338703
yadI_predicted,0.5,1,1,TGTTAACGGAAGTCCCAGTT,0,4305541
yadI_predicted,0.5,1,1,TGTTAAATAACGTGTGGTCA,0,4325037
yadI_predicted,0.5,1,1,TGTGTGCTAATACAACACTG,0,4336206
yadI_predicted,0.5,1,1,TGTGTCCGGTATCGCTGTGC,0,4310626
yadI_predicted,0.5,1,1,TGTGGGGGCAAATATATCTA,0,4285789
yadI_predicted,0.5,1,1,TGTGGGATGGTGTTGATACG,0,4326076
yadI_predicted,0.5,1,1,TGTGGCGCCTGGTACTGGAA,0,4305705
yadI_predicted,0.5,1,1,TGTGGAGGGGACATCGGACG,0,4367370
yadI_predicted,0.5,1,1,TGTGGAAATTGAGAGCCTTT,0,4332450
yadI_predicted,0.5,1,1,TGTGATGTAAGATCCTTGGA,0,4300284
yadI_predicted,0.5,1,1,TGTGAGGGGGCTGGGGATTC,0,4321384
yadI_predicted,0.5,1,1,TGTGAGCTGAAATGTCGCAA,0,4340562
yadI_predicted,0.5,1,1,TGTGACAGCATTAAGAGTGC,0,4348299
yadI_predicted,0.5,1,1,TGTGAATCAGGGTGACTACT,0,4286731
yadI_predicted,0.5,1,1,TGTCTATCTGGATCGAGTAC,0,4302487
yadI_predicted,0.5,1,1,TGTCGTCCAGGCAAATCCCG,0,4308113
yadI_predicted,0.5,1,1,TGTCGGTCTGGTCTGGTCCA,0,4342821
yadI_predicted,0.5,1,1,TGTCGGAAGCTCCAGCGACC,0,4288545
yadI_predicted,0.5,1,1,TGTCGCCAAAAAATCACAAG,0,4355519
yadI_predicted,0.5,1,1,TGTCGAACGGATAAAGCCAG,0,4330531
yadI_predicted,0.5,1,1,TGTCCTTCTCGCTCTTACTG,0,4312650
yadI_predicted,0.5,1,1,TGTCCTGCAGCTCTTATCTC,0,4326890
yadI_predicted,0.5,1,1,TGTCCTACCATCGTTGCTAT,0,4318852
yadI_predicted,0.5,1,1,TGTCCGCGAGTTCTAGCGTT,0,4327753
yadI_predicted,0.5,1,1,TGTCCATCCGCACGAGGAAT,0,4368170
yadI_predicted,0.5,1,1,TGTCATGAGAGAGTACAACT,0,4341451
yadI_predicted,0.5,1,1,TGTCAGCCTGTAACCGCGGC,0,4340080
yadI_predicted,0.5,1,1,TGTCACTAGGAATTAGACTA,0,4358203
yadI_predicted,0.5,1,1,TGTCACCTGATCAATCTTCT,0,4365955
yadI_predicted,0.5,1,1,TGTATCGTAATGTTGGGAAT,0,4285389
yadI_predicted,0.5,1,1,TGTATCAGGAAGCGGGTACT,0,4356116
yadI_predicted,0.5,1,1,TGTAGTTCCGGGACCTGTAA,0,4306464
yadI_predicted,0.5,1,1,TGTACTTAGACGGCCATTCG,0,4332358
yadI_predicted,0.5,1,1,TGTACAGGAAGCACAGGTTC,0,4313232
yadI_predicted,0.5,1,1,TGGTTTGGGTAGTGGCGAGT,0,4294018
yadI_predicted,0.5,1,1,TGGTTTCCAAAGATAACTGA,0,4295133
yadI_predicted,0.5,1,1,TGGTGGTTGGGCTGCCGAGG,0,4304221
yadI_predicted,0.5,1,1,TGGTGGTTCTGCCACCCGGT,0,4364979
yadI_predicted,0.5,1,1,TGGTGCTTAGCAACCATCAC,0,4348385
yadI_predicted,0.5,1,1,TGGTGCTGGCTGGATGGCAG,0,4284270
yadI_predicted,0.5,1,1,TGGTGATTACCGTAGCCGAA,0,4358191
yadI_predicted,0.5,1,1,TGGTGAGCGGTGCTACAGAC,0,4315066
yadI_predicted,0.5,1,1,TGGTCGTCCTAAGGGTTACA,0,4354146
yadI_predicted,0.5,1,1,TGGTCGGGGAATCCCACAGC,0,4303595
yadI_predicted,0.5,1,1,TGGTCCTAACGGAAGTGCTC,0,4366931
yadI_predicted,0.5,1,1,TGGTCAGAGCTTCCCGAACA,0,4303330
yadI_predicted,0.5,1,1,TGGTCACGCCGGTTATTGAT,0,4303154
yadI_predicted,0.5,1,1,TGGTATTGTTATTCGTGCTT,0,4349947
yadI_predicted,0.5,1,1,TGGTAGTCGGATAGGATTCT,0,4352390
yadI_predicted,0.5,1,1,TGGTAAATAGGTTAGCTTGG,0,4328707
yadI_predicted,0.5,1,1,TGGGTGAGCGAAATGCGAAA,0,4291072
yadI_predicted,0.5,1,1,TGGGGTCCGTTCGCTGGCCA,0,4328454
yadI_predicted,0.5,1,1,TGGGGAGGATCAGACGGCTG,0,4288320
yadI_predicted,0.5,1,1,TGGGCTTCTAGCCAACACGA,0,4363229
yadI_predicted,0.5,1,1,TGGGCGGATAGCTGGTTAGA,0,4367631
yadI_predicted,0.5,1,1,TGGGCGGAATTTCGTCGCGG,0,4314742
yadI_predicted,0.5,1,1,TGGGCCAGGGCCCGAATTAT,0,4334497
yadI_predicted,0.5,1,1,TGGGCACGACGGCTGAAATC,0,4292167
yadI_predicted,0.5,1,1,TGGGCAAGAATTATGCGAGA,0,4351994
yadI_predicted,0.5,1,1,TGGGAGGCATACGCGGGACG,0,4294993
yadI_predicted,0.5,1,1,TGGGAATCCGTGATCGGGTT,0,4366065
yadI_predicted,0.5,1,1,TGGCTTGTGTTCGAAAAGAC,0,4364358
yadI_predicted,0.5,1,1,TGGCTCAGAGATTCTTGACA,0,4317502
yadI_predicted,0.5,1,1,TGGCGGTCGGCACTCTCATG,0,4353793
yadI_predicted,0.5,1,1,TGGCCTTTTAGGCAGAAAAT,0,4348943
yadI_predicted,0.5,1,1,TGGCCCAGCTGGTGAGTCGT,0,4366023
yadI_predicted,0.5,1,1,TGGCCATCCAGTCCTGATCG,0,4337896
yadI_predicted,0.5,1,1,TGGCCAGTTCACTGAGAATT,0,4368698
yadI_predicted,0.5,1,1,TGGCCACTTCATACCACAGT,0,4304820
yadI_predicted,0.5,1,1,TGGCATCCGCCAAGAAGGTA,0,4339926
yadI_predicted,0.5,1,1,TGGCATCCGCACTCTTCGGG,0,4347791
yadI_predicted,0.5,1,1,TGGCACCCCGCTTCATTCTC,0,4342686
yadI_predicted,0.5,1,1,TGGATTTAAGCAGGGGCGTG,0,4310220
yadI_predicted,0.5,1,1,TGGATTCATCAGGTGTGCCA,0,4355851
yadI_predicted,0.5,1,1,TGGATATGTCAAAGCGGAAG,0,4304492
yadI_predicted,0.5,1,1,TGGATATCATGACTTTAGGC,0,4349349
yadI_predicted,0.5,1,1,TGGATAGCACACAGACTGCC,0,4297886
yadI_predicted,0.5,1,1,TGGAGTGTCTCGGCCCATGC,0,4305980
yadI_predicted,0.5,1,1,TGGAGTAAATAACATGTTTC,0,4306354
yadI_predicted,0.5,1,1,TGGAGTAAAGGTTTTTGTTA,0,4328155
yadI_predicted,0.5,1,1,TGGAGGTATGGGTATGTTCG,0,4337622
yadI_predicted,0.5,1,1,TGGAGGATCGCCTCCAGTTG,0,4331419
yadI_predicted,0.5,1,1,TGGAGCCACTGCCGCTATGT,0,4366562
yadI_predicted,0.5,1,1,TGGAGAGAGATTTCCTTCCA,0,4320905
yadI_predicted,0.5,1,1,TGGACTTCCATGCTATCGAG,0,4353129
yadI_predicted,0.5,1,1,TGGACGTGGAATTCACCTAT,0,4312173
yadI_predicted,0.5,1,1,TGGACGGGACAGTGCGCACT,0,4343577
yadI_predicted,0.5,1,1,TGGACATGGCGCGGAACGAG,0,4339126
yadI_predicted,0.5,1,1,TGGAATCATGTTACATCTGG,0,4363359
yadI_predicted,0.5,1,1,TGGAACTCTCGTTCCGTACT,0,4294562
yadI_predicted,0.5,1,1,TGGAACGAGTTGCCCTCTAA,0,4345783
yadI_predicted,0.5,1,1,TGGAAAGCCTCGGTTCCGTC,0,4285034
yadI_predicted,0.5,1,1,TGGAAAGATGTGGGTCAATA,0,4290039
yadI_predicted,0.5,1,1,TGCTTTCGCCGGTTTAAAGA,0,4314737
yadI_predicted,0.5,1,1,TGCTGTACTCCCTACGCTCG,0,4319615
yadI_predicted,0.5,1,1,TGCTGGCCCATACGGACCTG,0,4360280
yadI_predicted,0.5,1,1,TGCTCCCTGAGCGGCGAGAT,0,4353963
yadI_predicted,0.5,1,1,TGCTACATATTCTTTAAACC,0,4346183
yadI_predicted,0.5,1,1,TGCGTGTCGTCTTCCTAGGA,0,4369543
yadI_predicted,0.5,1,1,TGCGTATCATACCGCGGTTC,0,4365746
yadI_predicted,0.5,1,1,TGCGTAGGACGGCAACGACA,0,4328052
yadI_predicted,0.5,1,1,TGCGGTATAATCCGGTTCGG,0,4368725
yadI_predicted,0.5,1,1,TGCGGCTGGTCTTCGCTGTG,0,4362449
yadI_predicted,0.5,1,1,TGCGGCTGAGGAGTCCACCT,0,4349170
yadI_predicted,0.5,1,1,TGCGGCGATCGTGCACAATG,0,4331157
yadI_predicted,0.5,1,1,TGCGGATTGCAAATCGCCTA,0,4340010
yadI_predicted,0.5,1,1,TGCGCGGTAACCCAGACTAG,0,4362568
yadI_predicted,0.5,1,1,TGCGCGCTATGTGGAAGAAC,0,4331852
yadI_predicted,0.5,1,1,TGCGAGTAAGAAAATCTCGG,0,4295499
yadI_predicted,0.5,1,1,TGCGAGGTTGTGCTATCGCG,0,4287953
yadI_predicted,0.5,1,1,TGCGACTGTAAGACCTCAAT,0,4369240
yadI_predicted,0.5,1,1,TGCGAATCTTGCGTGTCAGA,0,4310666
yadI_predicted,0.5,1,1,TGCCTCTGAGCCCTAGGTTC,0,4297132
yadI_predicted,0.5,1,1,TGCCGGGCCACTTAGGGGAA,0,4351417
yadI_predicted,0.5,1,1,TGCCGAGAGACCAGGTAATT,0,4327760
yadI_predicted,0.5,1,1,TGCCCCCGAATGCTTGAGTG,0,4368066
yadI_predicted,0.5,1,1,TGCCATTTATGGAACCCGCG,0,4339418
yadI_predicted,0.5,1,1,TGCCATACATAGAACATACC,0,4295003
yadI_predicted,0.5,1,1,TGCCATAACGGCGGCTCGAG,0,4302506
yadI_predicted,0.5,1,1,TGCCAGGGCTGAATCGGGCA,0,4295493
yadI_predicted,0.5,1,1,TGCCAAGCGAGACATTACTC,0,4365624
yadI_predicted,0.5,1,1,TGCATTTACCGTTCCAGTCC,0,4292097
yadI_predicted,0.5,1,1,TGCATTCTCACCTTGGTCCC,0,4307751
yadI_predicted,0.5,1,1,TGCATGTTAACTCCGAGATA,0,4332068
yadI_predicted,0.5,1,1,TGCATCGACCTAAGGTACTC,0,4291291
yadI_predicted,0.5,1,1,TGCATATCATCTCAACCGTC,0,4300661
yadI_predicted,0.5,1,1,TGCATACGACAGAAGTGCCA,0,4350668
yadI_predicted,0.5,1,1,TGCAGTGCGTCTAACCTACT,0,4301503
yadI_predicted,0.5,1,1,TGCAGTACTCCGGTCTTTCG,0,4336209
yadI_predicted,0.5,1,1,TGCAGGATCGGCCTCCAATC,0,4306518
yadI_predicted,0.5,1,1,TGCAGCTGTAGTAGCTCTTA,0,4357141
yadI_predicted,0.5,1,1,TGCAGCTGAAGCGCGGTTGA,0,4291800
yadI_predicted,0.5,1,1,TGCAGAAGGAGCCAAACTCG,0,4308433
yadI_predicted,0.5,1,1,TGCACGGCACTGGGATGGAG,0,4329033
yadI_predicted,0.5,1,1,TGCAAACTTGCAAGCATACG,0,4305555
yadI_predicted,0.5,1,1,TGATTTCACCTTCGCGTGAC,0,4348701
yadI_predicted,0.5,1,1,TGATTGCCCTATCTCAGTTG,0,4308545
yadI_predicted,0.5,1,1,TGATGGGCAGAAGCCACTTA,0,4288663
yadI_predicted,0.5,1,1,TGATGCAGTTCTCTCGGCTA,0,4342093
yadI_predicted,0.5,1,1,TGATGCACGATCACAATCGC,0,4348171
yadI_predicted,0.5,1,1,TGATGATTTATGAAAGATCT,0,4313947
yadI_predicted,0.5,1,1,TGATCGGCAGGGTCTAATGA,0,4330099
yadI_predicted,0.5,1,1,TGATCGATGCGAGTCTAATG,0,4303605
yadI_predicted,0.5,1,1,TGATCCGTGGGTATTTTTTG,0,4369829
yadI_predicted,0.5,1,1,TGATCACGGATTGGTTGCCG,0,4284725
yadI_predicted,0.5,1,1,TGATACTACTTATGTTAACA,0,4336622
yadI_predicted,0.5,1,1,TGAGTATTAAGGGCCAAGGT,0,4349256
yadI_predicted,0.5,1,1,TGAGTACGGTCCCCGCTAGC,0,4337331
yadI_predicted,0.5,1,1,TGAGGTCGTGTTCAGAGATC,0,4302648
yadI_predicted,0.5,1,1,TGAGGGTCTCTAAGTGGGTG,0,4346474
yadI_predicted,0.5,1,1,TGAGGGTCGGACACGGCTAT,0,4339889
yadI_predicted,0.5,1,1,TGAGGGAGGATTCCATCGCC,0,4298562
yadI_predicted,0.5,1,1,TGAGCTATGACCATTGACTT,0,4307546
yadI_predicted,0.5,1,1,TGAGCGTAGAGTTCCGACTT,0,4348706
yadI_predicted,0.5,1,1,TGAGCGTAGACGATTGTGGC,0,4307629
yadI_predicted,0.5,1,1,TGACTGGTGCAACGTCTAAC,0,4285670
yadI_predicted,0.5,1,1,TGACCTGCTCAGGGTTGTTG,0,4305901
yadI_predicted,0.5,1,1,TGACCTCTACACTATGCGAA,0,4335443
yadI_predicted,0.5,1,1,TGACCTCATCTGTTTCCGGC,0,4312333
yadI_predicted,0.5,1,1,TGACCGTCGTTCCGCTATAG,0,4344528
yadI_predicted,0.5,1,1,TGACCGACCATCCGAAAAGA,0,4339249
yadI_predicted,0.5,1,1,TGACCAAGCTCCTGCGCCTT,0,4289287
yadI_predicted,0.5,1,1,TGACATGAACAGACTGCGAG,0,4328245
yadI_predicted,0.5,1,1,TGACAGTCTGTGACGTGCAG,0,4362809
yadI_predicted,0.5,1,1,TGAAGTTTTTTTTCCTCGGT,0,4358487
yadI_predicted,0.5,1,1,TGAAGTTCTTCATGGTACCT,0,4368434
yadI_predicted,0.5,1,1,TGAAGTCGTATTCTCCTTTG,0,4322464
yadI_predicted,0.5,1,1,TGAAGCGGATCTGTCCCTTC,0,4369398
yadI_predicted,0.5,1,1,TGAAGCCCCGATAACAGAGC,0,4330310
yadI_predicted,0.5,1,1,TGAACGGTTCCAGCCGGACA,0,4326343
yadI_predicted,0.5,1,1,TGAACGCCGTTTCTTAAGCA,0,4338069
yadI_predicted,0.5,1,1,TGAACGAGCAAGGGTAGATC,0,4315215
yadI_predicted,0.5,1,1,TGAACCGGTTACCACAGATT,0,4340240
yadI_predicted,0.5,1,1,TGAAAGTTTCAGAGGGGCAG,0,4318264
yadI_predicted,0.5,1,1,TGAAACTTTACCGGGCAATA,0,4311285
yadI_predicted,0.5,1,1,TGAAACGTAGACGCTGATCT,0,4358763
yadI_predicted,0.5,1,1,TCTTTGGGTGATGACGAATT,0,4289730
yadI_predicted,0.5,1,1,TCTTTCGTCCTCATCACCGA,0,4302741
yadI_predicted,0.5,1,1,TCTTTCCATTGCAGCCACGT,0,4340855
yadI_predicted,0.5,1,1,TCTTTCAGCATTTAATATTT,0,4349771
yadI_predicted,0.5,1,1,TCTTTACAATCTACCGACTA,0,4319056
yadI_predicted,0.5,1,1,TCTTGTAACCGAAGGGGATA,0,4291371
yadI_predicted,0.5,1,1,TCTTGGTGTTTAGTCGTGAA,0,4286460
yadI_predicted,0.5,1,1,TCTTCTCGGAGTATCCACAG,0,4333184
yadI_predicted,0.5,1,1,TCTTCGCCCAATATGATGGG,0,4367701
yadI_predicted,0.5,1,1,TCTTCCAAGCGATTTCTAAC,0,4289895
yadI_predicted,0.5,1,1,TCTTAGAAGCCGTGAGAGGA,0,4318147
yadI_predicted,0.5,1,1,TCTTACGGGCTCGAGCGCGC,0,4367670
yadI_predicted,0.5,1,1,TCTTACCATCACGTCGCGTT,0,4297145
yadI_predicted,0.5,1,1,TCTTAATAGGCACAGGATGA,0,4340800
yadI_predicted,0.5,1,1,TCTGTTTGACAAGAAGGGGT,0,4336659
yadI_predicted,0.5,1,1,TCTGTCTTTCGTGAAAGTGC,0,4319048
yadI_predicted,0.5,1,1,TCTGTATACATTGAGACACG,0,4310620
yadI_predicted,0.5,1,1,TCTGGGTGCCAGCGGGGTTA,0,4306403
yadI_predicted,0.5,1,1,TCTGCTTGTTAGGAACCGGA,0,4314570
yadI_predicted,0.5,1,1,TCTGAAGGGTCGTCTACTCC,0,4330712
yadI_predicted,0.5,1,1,TCTCTTATCGGTTAGAACGA,0,4325203
yadI_predicted,0.5,1,1,TCTCTGACTAGGTGGCAAGG,0,4358456
yadI_predicted,0.5,1,1,TCTCTATAGTGTATTCCGGG,0,4363327
yadI_predicted,0.5,1,1,TCTCGGGCGGTGGGTGTACT,0,4298551
yadI_predicted,0.5,1,1,TCTCCTGGCAATTGAATAGT,0,4337962
yadI_predicted,0.5,1,1,TCTCCTACAACTAAGTTTTG,0,4366368
yadI_predicted,0.5,1,1,TCTCCGGTTCTTGACGCCAG,0,4368563
yadI_predicted,0.5,1,1,TCTCCGAGAGTGTACGGCGA,0,4329709
yadI_predicted,0.5,1,1,TCTCCCATTGTTATGTACAA,0,4351039
yadI_predicted,0.5,1,1,TCTCCCATAGCAACCCATCA,0,4335288
yadI_predicted,0.5,1,1,TCTCCATGTTGAAGGGCCTC,0,4293574
yadI_predicted,0.5,1,1,TCTCACAAGGCGCGCCTTAA,0,4288293
yadI_predicted,0.5,1,1,TCTATGATGAATCCACATCT,0,4344939
yadI_predicted,0.5,1,1,TCTATCAGGCGGGCAAACGC,0,4298336
yadI_predicted,0.5,1,1,TCTAGTGTGGAAGAAATTGT,0,4301316
yadI_predicted,0.5,1,1,TCTAGGTTTAGTTAGGTATT,0,4354689
yadI_predicted,0.5,1,1,TCTAGGTTCAGACAATCTCG,0,4325073
yadI_predicted,0.5,1,1,TCTAGCAGAAGTGCTGGGAC,0,4339545
yadI_predicted,0.5,1,1,TCTAGATCGATTGTTTTCAC,0,4319046
yadI_predicted,0.5,1,1,TCTAGATAGTGGATTCTTCT,0,4315677
yadI_predicted,0.5,1,1,TCTAGAAATTTCATAGGTTC,0,4319610
yadI_predicted,0.5,1,1,TCTACTGAGGCTATCGATTC,0,4295263
yadI_predicted,0.5,1,1,TCTACTCCCCACCCGTCCTT,0,4287231
yadI_predicted,0.5,1,1,TCTACCCGGGACTGGCTTGC,0,4287537
yadI_predicted,0.5,1,1,TCTACAGCCACATGCGCGGA,0,4319299
yadI_predicted,0.5,1,1,TCTACACACAGGCTAGCTGC,0,4343457
yadI_predicted,0.5,1,1,TCTAATGTTGCATTATTGTC,0,4291306
yadI_predicted,0.5,1,1,TCTAACCTAGTTGTACTTGT,0,4360648
yadI_predicted,0.5,1,1,TCTAAAGTTGAGTTGCTAGA,0,4349959
yadI_predicted,0.5,1,1,TCTAAAACAGTTTTCGAATT,0,4317764
yadI_predicted,0.5,1,1,TCGTTTGAACTATTCGTGAA,0,4307187
yadI_predicted,0.5,1,1,TCGTTTATGTATATCAAGGT,0,4324674
yadI_predicted,0.5,1,1,TCGTTGAACCGTGTCGCTAT,0,4353729
yadI_predicted,0.5,1,1,TCGTGTTACTAGGGTTCACT,0,4289037
yadI_predicted,0.5,1,1,TCGTGCCAAGGATACCGTAC,0,4328247
yadI_predicted,0.5,1,1,TCGTCGGGTTTATTCTATAA,0,4295771
yadI_predicted,0.5,1,1,TCGTCCGACACCAAAGCGGC,0,4286884
yadI_predicted,0.5,1,1,TCGTCAACAATTCAAGCAGA,0,4307735
yadI_predicted,0.5,1,1,TCGTAACGTAGGACGTGTCA,0,4294778
yadI_predicted,0.5,1,1,TCGGTGCAATCTTATACGGC,0,4318311
yadI_predicted,0.5,1,1,TCGGTCGTCCAATGAGCCCG,0,4324823
yadI_predicted,0.5,1,1,TCGGGTACGGTAACCATAAC,0,4287133
yadI_predicted,0.5,1,1,TCGGGGCATAGACCCTCTTT,0,4340664
yadI_predicted,0.5,1,1,TCGGGAGCACTGCAATTGGG,0,4361085
yadI_predicted,0.5,1,1,TCGGCTTAGATCGAGTCCAA,0,4296567
yadI_predicted,0.5,1,1,TCGGCCAATTTGGTTGATGT,0,4288194
yadI_predicted,0.5,1,1,TCGGCAGATTAACATATCGG,0,4338517
yadI_predicted,0.5,1,1,TCGGCAGACGCACTTCTCAG,0,4352672
yadI_predicted,0.5,1,1,TCGGCACCACGGTTTACTAC,0,4318332
yadI_predicted,0.5,1,1,TCGGATAATCACTGTGGTAG,0,4350929
yadI_predicted,0.5,1,1,TCGCTTAATTGTCGTTCTCC,0,4295760
yadI_predicted,0.5,1,1,TCGCTGTCTTTTCTACGCGG,0,4351398
yadI_predicted,0.5,1,1,TCGCGTCTACCGAGCAAGTT,0,4320799
yadI_predicted,0.5,1,1,TCGCGTCGGCCCACACGTGA,0,4304561
yadI_predicted,0.5,1,1,TCGCGCTGCGACTGAGGGCG,0,4324772
yadI_predicted,0.5,1,1,TCGCCTCCTAAGCGATACGC,0,4346415
yadI_predicted,0.5,1,1,TCGCATTGTGTATGATATCT,0,4309562
yadI_predicted,0.5,1,1,TCGCATCCGATGGTAAAATA,0,4294331
yadI_predicted,0.5,1,1,TCGCAGTTCTTTATAGGGAG,0,4296859
yadI_predicted,0.5,1,1,TCGCAATGGACCACGGCGCC,0,4319462
yadI_predicted,0.5,1,1,TCGATGTGGAATCGCCGATC,0,4294448
yadI_predicted,0.5,1,1,TCGAGTCCTCCTTAGCGTAC,0,4350381
yadI_predicted,0.5,1,1,TCGAGGTCGCGTGCCGGCGT,0,4320455
yadI_predicted,0.5,1,1,TCGACTTTTGAGGTCACGTA,0,4311903
yadI_predicted,0.5,1,1,TCGACTTTCCCAACCTCGAC,0,4352079
yadI_predicted,0.5,1,1,TCGACGTCCCACGCTCTCCC,0,4305299
yadI_predicted,0.5,1,1,TCGACGGAGGTGATGGAGCG,0,4313800
yadI_predicted,0.5,1,1,TCGAATGCCTAGCGATATCA,0,4341002
yadI_predicted,0.5,1,1,TCGAAGGTCATAGCCTCGAC,0,4292683
yadI_predicted,0.5,1,1,TCCTTTTACAAATATCGCGC,0,4334951
yadI_predicted,0.5,1,1,TCCTTTGGCACCCGGATATT,0,4339826
yadI_predicted,0.5,1,1,TCCTTGTGTATATCAATCAC,0,4317062
yadI_predicted,0.5,1,1,TCCTTGGAAATATCAATCTT,0,4364901
yadI_predicted,0.5,1,1,TCCTTCCCGTTTCATGCTTA,0,4323316
yadI_predicted,0.5,1,1,TCCTTCAGGGCTCACGTGTC,0,4300747
yadI_predicted,0.5,1,1,TCCTGTTTTATCCATTTCCG,0,4360533
yadI_predicted,0.5,1,1,TCCTGTGGTTAGTGTAGGCA,0,4321104
yadI_predicted,0.5,1,1,TCCTGGTATCTCCGTGTGCA,0,4328464
yadI_predicted,0.5,1,1,TCCTCGGCTAAACTATATTG,0,4298921
yadI_predicted,0.5,1,1,TCCTCCCCGTGTTGGTTGAA,0,4351733
yadI_predicted,0.5,1,1,TCCTCAGTATCCCTTTCAAT,0,4306001
yadI_predicted,0.5,1,1,TCCTATTTAGACGGATGTCG,0,4345407
yadI_predicted,0.5,1,1,TCCTAATTGTAATGCGTATA,0,4368669
yadI_predicted,0.5,1,1,TCCGTTGTCGTCACGAATAA,0,4339047
yadI_predicted,0.5,1,1,TCCGTTAGCATAAAGTAATA,0,4321908
yadI_predicted,0.5,1,1,TCCGTGTGGTGTTTTATGTT,0,4293459
yadI_predicted,0.5,1,1,TCCGTGAAAGTGTTGTGAAA,0,4302425
yadI_predicted,0.5,1,1,TCCGTCCGCACAACTTGCTG,0,4336738
yadI_predicted,0.5,1,1,TCCGTAGGCTTACAATATAA,0,4298442
yadI_predicted,0.5,1,1,TCCGCGCTGAGGGTTCATTG,0,4324077
yadI_predicted,0.5,1,1,TCCGCATAACGGGTTTTAGC,0,4359185
yadI_predicted,0.5,1,1,TCCGAGTCTCTGGGATTTTA,0,4296425
yadI_predicted,0.5,1,1,TCCGACTCTTCCACCTTGTG,0,4339182
yadI_predicted,0.5,1,1,TCCCTGATTCTTGTTGTGAG,0,4286184
yadI_predicted,0.5,1,1,TCCCTAGATAGGTACCCCAC,0,4337302
yadI_predicted,0.5,1,1,TCCCTACTGCAGATCAGCGA,0,4303801
yadI_predicted,0.5,1,1,TCCCGCCAGGGGCTACACTT,0,4338263
yadI_predicted,0.5,1,1,TCCCGACGTGCGATCTGCAA,0,4310596
yadI_predicted,0.5,1,1,TCCCCTGAGCAAATCTCTGA,0,4287233
yadI_predicted,0.5,1,1,TCCCCGGTCCCGTCAAGTGG,0,4326548
yadI_predicted,0.5,1,1,TCCCATCGGATTGCCGATCA,0,4365592
yadI_predicted,0.5,1,1,TCCCAGCTGTTACGCCTGGT,0,4322806
yadI_predicted,0.5,1,1,TCCATTTTAGTGGACGCCGT,0,4294825
yadI_predicted,0.5,1,1,TCCATTGAATGTGCGCCCAG,0,4326332
yadI_predicted,0.5,1,1,TCCATGGGGATGGTGTCACC,0,4362749
yadI_predicted,0.5,1,1,TCCATGCCTGGTCAAGGGGA,0,4301498
yadI_predicted,0.5,1,1,TCCATGACCTCCCTCGCTCA,0,4320430
yadI_predicted,0.5,1,1,TCCATCTGTAACCAGGAGAT,0,4312755
yadI_predicted,0.5,1,1,TCCATCTCCGACAAGAGGTC,0,4327791
yadI_predicted,0.5,1,1,TCCATCCTAACCAGAACGCC,0,4368352
yadI_predicted,0.5,1,1,TCCAGTTGCGCCAAAACATG,0,4297418
yadI_predicted,0.5,1,1,TCCAGCTACATACGTTCTAA,0,4325233
yadI_predicted,0.5,1,1,TCCAGCGGTAATGAAGGATA,0,4305895
yadI_predicted,0.5,1,1,TCCAGCATCGTAACCTGAAC,0,4294582
yadI_predicted,0.5,1,1,TCCACGCGAATGTCGTCCAG,0,4303069
yadI_predicted,0.5,1,1,TCCACAAATCTCTGCCCCCG,0,4330228
yadI_predicted,0.5,1,1,TCCAATCCGATTTAAATGTG,0,4368071
yadI_predicted,0.5,1,1,TCCAAATAGTTCGGTCATTT,0,4327167
yadI_predicted,0.5,1,1,TCCAAAATTTTCAGCGATAG,0,4350902
yadI_predicted,0.5,1,1,TCATTCTGGAGTGCCCATAA,0,4297649
yadI_predicted,0.5,1,1,TCATTATACGGGTCTTCAGA,0,4366698
yadI_predicted,0.5,1,1,TCATGTCGTGGCTAATTGTC,0,4325663
yadI_predicted,0.5,1,1,TCATGACTTCGTTCACCCCG,0,4368274
yadI_predicted,0.5,1,1,TCATATGCACACCTGGTGTT,0,4321345
yadI_predicted,0.5,1,1,TCATAGATACATCCGTTATT,0,4306686
yadI_predicted,0.5,1,1,TCATACGTTTACTTACGGAC,0,4340886
yadI_predicted,0.5,1,1,TCAGTTTGGAAACTGCGTTT,0,4366870
yadI_predicted,0.5,1,1,TCAGTTGGAATTTACTGAAT,0,4334838
yadI_predicted,0.5,1,1,TCAGTATAGCTTTACGAAAG,0,4340074
yadI_predicted,0.5,1,1,TCAGGTGTGCCACCTGACCA,0,4331679
yadI_predicted,0.5,1,1,TCAGGTGCGTTGAGACATGA,0,4322093
yadI_predicted,0.5,1,1,TCAGCTGCGTTGACAAACTG,0,4364803
yadI_predicted,0.5,1,1,TCAGCCTTTCGAGAATTAGC,0,4339727
yadI_predicted,0.5,1,1,TCAGCAATGTGTATGACTAG,0,4364187
yadI_predicted,0.5,1,1,TCAGCAACGCCCACAGATAT,0,4304220
yadI_predicted,0.5,1,1,TCACGCTACGATACACGATG,0,4304311
yadI_predicted,0.5,1,1,TCACCTTTCTCACAGGGATC,0,4323323
yadI_predicted,0.5,1,1,TCACCGACCATAGGGACACC,0,4320785
yadI_predicted,0.5,1,1,TCACAGGGTCCGATTCTGGC,0,4284356
yadI_predicted,0.5,1,1,TCACAGCGCCACAGCGGCAC,0,4335992
yadI_predicted,0.5,1,1,TCACAAGTTGTAGATACAAC,0,4341875
yadI_predicted,0.5,1,1,TCACAAACTCCGGAACATGA,0,4368540
yadI_predicted,0.5,1,1,TCAATTGTTGAACCTTCTCG,0,4324425
yadI_predicted,0.5,1,1,TCAATTCGTTATAGGGTTAT,0,4322211
yadI_predicted,0.5,1,1,TCAATTCATAGTTGGAGAAC,0,4298096
yadI_predicted,0.5,1,1,TCAAGTATGAGGTTACCGTG,0,4299368
yadI_predicted,0.5,1,1,TCAACGTATGTCCAAATGAG,0,4318996
yadI_predicted,0.5,1,1,TCAACATCATAGGACTTAAT,0,4339994
yadI_predicted,0.5,1,1,TCAACACCGCACGATGTCGT,0,4335218
yadI_predicted,0.5,1,1,TCAAATGCCTTTTGCGAAGT,0,4358570
yadI_predicted,0.5,1,1,TCAAAGTAGCATAGGTATCT,0,4306086
yadI_predicted,0.5,1,1,TCAAAGAGAGTTAGCGGCCA,0,4337122
yadI_predicted,0.5,1,1,TATTTTATGGTTCATACAAG,0,4365023
yadI_predicted,0.5,1,1,TATTTCGCCAGTAGGGGCGA,0,4365421
yadI_predicted,0.5,1,1,TATTTATTATTAAATAAAGG,0,4288180
yadI_predicted,0.5,1,1,TATTGTGAACAACTGCCGAA,0,4321899
yadI_predicted,0.5,1,1,TATTGTCTTTTCGGCTGGAG,0,4323525
yadI_predicted,0.5,1,1,TATTGCCAATATTTAACGCC,0,4311413
yadI_predicted,0.5,1,1,TATTGACAATATGTGACTCC,0,4337543
yadI_predicted,0.5,1,1,TATTCCTGCGCAAGACCCGA,0,4369169
yadI_predicted,0.5,1,1,TATTAGCGGCCGTGGCACGC,0,4303177
yadI_predicted,0.5,1,1,TATTAAATCGTTCCCATTTG,0,4307567
yadI_predicted,0.5,1,1,TATGGGTACATATAAATGGG,0,4358885
yadI_predicted,0.5,1,1,TATGCCTCATTGGAGAAGAA,0,4345585
yadI_predicted,0.5,1,1,TATGCCCGGAACCAAGGGTA,0,4338625
yadI_predicted,0.5,1,1,TATGCAATGATATATTCGTG,0,4354193
yadI_predicted,0.5,1,1,TATGCAAATCGACATGTGAT,0,4314741
yadI_predicted,0.5,1,1,TATGATTGCGTCCCGCCTTG,0,4324291
yadI_predicted,0.5,1,1,TATGATGTTGACAGGGCAGC,0,4299115
yadI_predicted,0.5,1,1,TATGATAGTAGCATGTGGTG,0,4299355
yadI_predicted,0.5,1,1,TATGAGCCGCGGCTTTCTAT,0,4323479
yadI_predicted,0.5,1,1,TATGACTTGAGACTGGATTA,0,4324220
yadI_predicted,0.5,1,1,TATCTGCGTTCAGCCAACGT,0,4307224
yadI_predicted,0.5,1,1,TATCGTATGACTTTCTAGGG,0,4367961
yadI_predicted,0.5,1,1,TATCGTAGAAGGGATTTTGA,0,4349137
yadI_predicted,0.5,1,1,TATCGCTGCCGAAGGGGAAC,0,4312894
yadI_predicted,0.5,1,1,TATCGCCAGGCAATGTGAAC,0,4369145
yadI_predicted,0.5,1,1,TATCGAACGGTTAATATTTT,0,4286077
yadI_predicted,0.5,1,1,TATCCTTTATGGTAAGCGGC,0,4291511
yadI_predicted,0.5,1,1,TATCCTGGAGACTGACGTTA,0,4291802
yadI_predicted,0.5,1,1,TATCCTCGTCGGATATTGGT,0,4332744
yadI_predicted,0.5,1,1,TATCCTCACTCCAATGGTCT,0,4295535
yadI_predicted,0.5,1,1,TATCCGGTCCAATAGGATAC,0,4296428
yadI_predicted,0.5,1,1,TATCCCGTGAGTGCGAAAGT,0,4342149
yadI_predicted,0.5,1,1,TATCCAGGGATAACGGGTTT,0,4318462
yadI_predicted,0.5,1,1,TATCCACTTCACGTCAGCCA,0,4345251
yadI_predicted,0.5,1,1,TATCAGGATGGTATCGCCTC,0,4332597
yadI_predicted,0.5,1,1,TATCAGCAATACGTGTTCCT,0,4304005
yadI_predicted,0.5,1,1,TATCACTCAATCTCCTCCCG,0,4366831
yadI_predicted,0.5,1,1,TATCAAGAGTTTCTAACGAG,0,4308008
yadI_predicted,0.5,1,1,TATATGAAAATGCGATGGCT,0,4292156
yadI_predicted,0.5,1,1,TATATCGTAGAGTCTAGGAT,0,4362284
yadI_predicted,0.5,1,1,TATATCGCTTATTAGGTCCT,0,4340947
yadI_predicted,0.5,1,1,TATATACTAACTAACTATGC,0,4364772
yadI_predicted,0.5,1,1,TATAGTATAAGCCTTGCCGT,0,4302839
yadI_predicted,0.5,1,1,TATAGGACCAGGCGGACACA,0,4338712
yadI_predicted,0.5,1,1,TATAGCCCCTGCGCGCCTAA,0,4289811
yadI_predicted,0.5,1,1,TATACGACGTCAAGTCTCAA,0,4353480
yadI_predicted,0.5,1,1,TATACCCAGATGAGGATCGT,0,4342540
yadI_predicted,0.5,1,1,TATAACTCCTAGCTTAAGGT,0,4349410
yadI_predicted,0.5,1,1,TAGTCTAGTCGGCCTCTGGG,0,4293252
yadI_predicted,0.5,1,1,TAGTACGTGCACAGGTATTC,0,4324173
yadI_predicted,0.5,1,1,TAGGGGATGGGAGCGCCCGC,0,4286058
yadI_predicted,0.5,1,1,TAGGCTCTCCAATACGGTGA,0,4363576
yadI_predicted,0.5,1,1,TAGGCTAGGTGACATAGCTA,0,4306688
yadI_predicted,0.5,1,1,TAGGCGTCTGCGCTTTGAAC,0,4360588
yadI_predicted,0.5,1,1,TAGGCGAGGCCAGTAACCAT,0,4308123
yadI_predicted,0.5,1,1,TAGGCACTAACCGAGGTATG,0,4362943
yadI_predicted,0.5,1,1,TAGGATTTTAGTTTAATGGT,0,4303146
yadI_predicted,0.5,1,1,TAGGATTCTTATTGATCGGG,0,4335497
yadI_predicted,0.5,1,1,TAGGACCTTTAATGGCTGGT,0,4329719
yadI_predicted,0.5,1,1,TAGGACACGTAAAAAACGTT,0,4288136
yadI_predicted,0.5,1,1,TAGGAACGCTGAATAGCCTT,0,4350873
yadI_predicted,0.5,1,1,TAGGAAACGTTCGGCCAAGA,0,4361216
yadI_predicted,0.5,1,1,TAGGAAACGAATGCATCTAC,0,4322546
yadI_predicted,0.5,1,1,TAGCTCAGCTCAAGTGAACA,0,4320063
yadI_predicted,0.5,1,1,TAGCTAAATACCGAGCATCA,0,4326883
yadI_predicted,0.5,1,1,TAGCGTTTGCTGCACTGTCA,0,4350336
yadI_predicted,0.5,1,1,TAGCGGTCAAAACTTAGGAC,0,4291820
yadI_predicted,0.5,1,1,TAGCGCTGACGATGGCCTCT,0,4300239
yadI_predicted,0.5,1,1,TAGCGAGGAGCGCCGAATTG,0,4326038
yadI_predicted,0.5,1,1,TAGCCTACCTTTCGGTTCGA,0,4336918
yadI_predicted,0.5,1,1,TAGCCGTCGCAGGCACATCT,0,4352920
yadI_predicted,0.5,1,1,TAGCCGTCCGGATCCCGGGG,0,4318860
yadI_predicted,0.5,1,1,TAGCCCATTTTTTATACTAG,0,4320003
yadI_predicted,0.5,1,1,TAGCCCACTGCCATAAATGC,0,4335552
yadI_predicted,0.5,1,1,TAGCATTCTACATCCCTACT,0,4325656
yadI_predicted,0.5,1,1,TAGCAGCGAGGAAGGCTTCT,0,4306146
yadI_predicted,0.5,1,1,TAGATCGTACGCGGAGCGCA,0,4324882
yadI_predicted,0.5,1,1,TAGAGGTAACCAGAGCGCTG,0,4338475
yadI_predicted,0.5,1,1,TAGAGGGAGTGGTTTAGTGA,0,4316241
yadI_predicted,0.5,1,1,TAGAGGCCTAAGGAGAGTAC,0,4363348
yadI_predicted,0.5,1,1,TAGAGGAGTGGACCAAGTAT,0,4294375
yadI_predicted,0.5,1,1,TAGAGAGCCGCTGCCTGTCA,0,4363516
yadI_predicted,0.5,1,1,TAGACTTAACGTTTGGTATG,0,4291050
yadI_predicted,0.5,1,1,TAGACGCCGGAGGCGCGCAT,0,4318038
yadI_predicted,0.5,1,1,TAGAAGACTTCCATTCCCCT,0,4313327
yadI_predicted,0.5,1,1,TAGAACTCATCAATTCCATG,0,4299492
yadI_predicted,0.5,1,1,TAGAACACACAAGACGGGGT,0,4336647
yadI_predicted,0.5,1,1,TACTTTGCGACGAAGGCATC,0,4290024
yadI_predicted,0.5,1,1,TACTTTCAGGCGGTGTTGAT,0,4354178
yadI_predicted,0.5,1,1,TACTTTATCAGAGAGTCAAC,0,4308933
yadI_predicted,0.5,1,1,TACTTCACGTTTTCGCAGCA,0,4333378
yadI_predicted,0.5,1,1,TACTTATCAGGGCGCATAAA,0,4288129
yadI_predicted,0.5,1,1,TACTTAGCTATTAGTACCGC,0,4284817
yadI_predicted,0.5,1,1,TACTGTGCCCTTGAGGTCAA,0,4337010
yadI_predicted,0.5,1,1,TACTGGTCTATACGTATAAT,0,4292836
yadI_predicted,0.5,1,1,TACTGGCCGCCCGTAGCATA,0,4335996
yadI_predicted,0.5,1,1,TACTGCATTACTTTGGAACC,0,4299892
yadI_predicted,0.5,1,1,TACTGAAGTTCTCATCGTTT,0,4334766
yadI_predicted,0.5,1,1,TACTCGGTGGTCTCCCCTTC,0,4342854
yadI_predicted,0.5,1,1,TACTCCCATAGAAAATCGTA,0,4319193
yadI_predicted,0.5,1,1,TACTCCACTACAAGCATATA,0,4293898
yadI_predicted,0.5,1,1,TACTATTCCAATCCTTGTCT,0,4304736
yadI_predicted,0.5,1,1,TACTACGTACAAACCACTCC,0,4293667
yadI_predicted,0.5,1,1,TACTAATGACGAATAGCAAT,0,4305073
yadI_predicted,0.5,1,1,TACGTTGAGGTGAGGGACAA,0,4336495
yadI_predicted,0.5,1,1,TACGTTCAAAGCCTATACAA,0,4314684
yadI_predicted,0.5,1,1,TACGTGAAGGGATACCTCGG,0,4320671
yadI_predicted,0.5,1,1,TACGTAGTAACTTCCGCTTG,0,4325824
yadI_predicted,0.5,1,1,TACGTAGAGAACCGCGCGCG,0,4291201
yadI_predicted,0.5,1,1,TACGGTTCGTCCGTATACTG,0,4321746
yadI_predicted,0.5,1,1,TACGGGGGACATGTAAGTAC,0,4286413
yadI_predicted,0.5,1,1,TACGGCAGGGAGCGAGCTTT,0,4311148
yadI_predicted,0.5,1,1,TACGGCAATTGTGCTGTGTA,0,4353697
yadI_predicted,0.5,1,1,TACGCCAAATTTGTATGGGG,0,4354776
yadI_predicted,0.5,1,1,TACGATATTGCTGATCGAAC,0,4298645
yadI_predicted,0.5,1,1,TACGACCCAGAAACCACAGG,0,4297718
yadI_predicted,0.5,1,1,TACGAAGACGCATTGTGGTT,0,4318133
yadI_predicted,0.5,1,1,TACGAACTGGGGGGAGTTTA,0,4310395
yadI_predicted,0.5,1,1,TACGAAACAAATTCAGTATA,0,4335289
yadI_predicted,0.5,1,1,TACCTTAGTTGAGCTCTGCC,0,4315030
yadI_predicted,0.5,1,1,TACCTGATGAGCCGTCATAA,0,4316747
yadI_predicted,0.5,1,1,TACCTCGTCATTGCAAGGTG,0,4295110
yadI_predicted,0.5,1,1,TACCGGGTTCCCGTGCCGCC,0,4314301
yadI_predicted,0.5,1,1,TACCGGCAGGAATTGGGCAT,0,4287521
yadI_predicted,0.5,1,1,TACCGCAGGGTCCGACCTTG,0,4331477
yadI_predicted,0.5,1,1,TACCCCGGTCCGCTAGCGCG,0,4350832
yadI_predicted,0.5,1,1,TACCACGATAGCACACTATG,0,4349955
yadI_predicted,0.5,1,1,TACCAAGGGCCCCAGTAAAC,0,4357999
yadI_predicted,0.5,1,1,TACCAAGCTCCGGGGAAGCA,0,4333397
yadI_predicted,0.5,1,1,TACATGGATGGGTGTGAACC,0,4285228
yadI_predicted,0.5,1,1,TACATCGGTCGAGGCCTGTT,0,4308320
yadI_predicted,0.5,1,1,TACATAGACACACCGTCGCA,0,4301687
yadI_predicted,0.5,1,1,TACATACGGAACGTGTTGTT,0,4315324
yadI_predicted,0.5,1,1,TACAGTGGTTGTGACTCCCC,0,4368869
yadI_predicted,0.5,1,1,TACAGGGCTATACCTATAGA,0,4343600
yadI_predicted,0.5,1,1,TACACGTTGAGATTGGACTG,0,4332360
yadI_predicted,0.5,1,1,TACACGCTCAGTCGGTCTTA,0,4333814
yadI_predicted,0.5,1,1,TACACATCGATAGCATAGAC,0,4306807
yadI_predicted,0.5,1,1,TACAATATATTGTTCTTTGA,0,4297947
yadI_predicted,0.5,1,1,TAATTGTACAATGCAGGAGG,0,4323010
yadI_predicted,0.5,1,1,TAATGGCTCTGTCTTCCTCT,0,4302230
yadI_predicted,0.5,1,1,TAATGCCTCTAACTACGGCC,0,4360370
yadI_predicted,0.5,1,1,TAATCGGTTCTGCTGTAAAA,0,4284952
yadI_predicted,0.5,1,1,TAATCCGTTCCTATTACTGC,0,4368046
yadI_predicted,0.5,1,1,TAATCATGCAGTTAATTTAC,0,4289283
yadI_predicted,0.5,1,1,TAATCAATCCCACCGTTGAA,0,4339744
yadI_predicted,0.5,1,1,TAATAATGGGTGTTGCAGGT,0,4351789
yadI_predicted,0.5,1,1,TAATAATAGTGCGGCTCTTT,0,4332041
yadI_predicted,0.5,1,1,TAAGTTCACACACGGGGTGG,0,4339053
yadI_predicted,0.5,1,1,TAAGTTAGAAGCTCAATAAT,0,4353351
yadI_predicted,0.5,1,1,TAAGGTGATGGATACATGGC,0,4308358
yadI_predicted,0.5,1,1,TAAGGTCGGAAGTGTCAAGC,0,4345051
yadI_predicted,0.5,1,1,TAAGGGGCATAAAACAGCCG,0,4321889
yadI_predicted,0.5,1,1,TAAGGCGCGCGGACTTGTAA,0,4298192
yadI_predicted,0.5,1,1,TAAGGACGGCCGTTGGTACC,0,4287245
yadI_predicted,0.5,1,1,TAAGGAAGGCAGTTAACACC,0,4297353
yadI_predicted,0.5,1,1,TAAGCCGTGCTGGGGCTTAC,0,4358928
yadI_predicted,0.5,1,1,TAACTTGCGAGAAAGTACAA,0,4287649
yadI_predicted,0.5,1,1,TAACTATCAAACGGTCATGT,0,4363362
yadI_predicted,0.5,1,1,TAACGGCAGGGTTTTCTAAT,0,4287007
yadI_predicted,0.5,1,1,TAACCTTGCTAATCAGCTAA,0,4315821
yadI_predicted,0.5,1,1,TAACCTTGCCGGCCGGGAGT,0,4355297
yadI_predicted,0.5,1,1,TAACCCTGAACCTCACAGAC,0,4296311
yadI_predicted,0.5,1,1,TAACATTTCGTAAACTTATA,0,4315003
yadI_predicted,0.5,1,1,TAACATCAACGAAGCAGCAA,0,4356253
yadI_predicted,0.5,1,1,TAACATAGTAAATACGGACG,0,4358297
yadI_predicted,0.5,1,1,TAACACAATTCCACCCGTGC,0,4343939
yadI_predicted,0.5,1,1,TAAATGGGTCCGGCCATTCA,0,4334208
yadI_predicted,0.5,1,1,TAAATCTCGACCTGACTACA,0,4336031
yadI_predicted,0.5,1,1,TAAATCGCGCGACGTGATAA,0,4332428
yadI_predicted,0.5,1,1,TAAATACCCGGCTAAAGACC,0,4328154
yadI_predicted,0.5,1,1,TAAAGGCACTATCAACCACA,0,4301860
yadI_predicted,0.5,1,1,TAAAGCCGGGGCGGCGCCTG,0,4361501
yadI_predicted,0.5,1,1,TAAAGAGCGTGGTCGATGAT,0,4367445
yadI_predicted,0.5,1,1,TAAACTTTTTGTGTCGAAAG,0,4346740
yadI_predicted,0.5,1,1,TAAACCGAAGGGACTTGGTC,0,4302401
yadI_predicted,0.5,1,1,TAAACCCTCTGAGAGCCCGG,0,4330466
yadI_predicted,0.5,1,1,TAAAACACGACGAGGGGACC,0,4356223
yadI_predicted,0.5,1,1,GTTTTGGTGGCGGTACGGAA,0,4296297
yadI_predicted,0.5,1,1,GTTTTCTCAAGAGACCGCGG,0,4304544
yadI_predicted,0.5,1,1,GTTTTAACCGTCAGCGCCTG,0,4328521
yadI_predicted,0.5,1,1,GTTTGTTAGCACAGCGCTAC,0,4363216
yadI_predicted,0.5,1,1,GTTTGGTCAATATATGAGTT,0,4308959
yadI_predicted,0.5,1,1,GTTTGGCCTTCTGGCCCATA,0,4303362
yadI_predicted,0.5,1,1,GTTTGACGACATGGCCAATC,0,4329855
yadI_predicted,0.5,1,1,GTTTGAAGGATAGATCAAGT,0,4358474
yadI_predicted,0.5,1,1,GTTTCTGTATGAGGCGAGTG,0,4295079
yadI_predicted,0.5,1,1,GTTTCTCCGTCGGGGTGTGG,0,4367045
yadI_predicted,0.5,1,1,GTTTCTACTCCGTTGTGCGA,0,4301431
yadI_predicted,0.5,1,1,GTTTCACATCAAGAAGCCTC,0,4292536
yadI_predicted,0.5,1,1,GTTTAGCTGACCTGGTATAT,0,4334536
yadI_predicted,0.5,1,1,GTTTAATAATCTTAAAGTTC,0,4345789
yadI_predicted,0.5,1,1,GTTTAAAGGTGAGTCGTCGT,0,4354006
yadI_predicted,0.5,1,1,GTTGTTTATATCTAGATCAG,0,4291668
yadI_predicted,0.5,1,1,GTTGTTCTGCAAAATACTAT,0,4350622
yadI_predicted,0.5,1,1,GTTGTGTATGTATATCCATC,0,4289723
yadI_predicted,0.5,1,1,GTTGTCCTAGTACCAATTCC,0,4327970
yadI_predicted,0.5,1,1,GTTGTCAGTAGTCATCTAGT,0,4337612
yadI_predicted,0.5,1,1,GTTGGTTCCGAAGTTATCCT,0,4313026
yadI_predicted,0.5,1,1,GTTGGCAAATGCACGGTAGG,0,4303081
yadI_predicted,0.5,1,1,GTTGGATTTACCCCACGGAC,0,4330473
yadI_predicted,0.5,1,1,GTTGCTATGTTTACTCCCAC,0,4346045
yadI_predicted,0.5,1,1,GTTGCGCGCTAGCGTGTTAA,0,4318345
yadI_predicted,0.5,1,1,GTTCTTAGATAGGCAGAGGA,0,4315012
yadI_predicted,0.5,1,1,GTTCTCAGACTTATACCTGT,0,4305984
yadI_predicted,0.5,1,1,GTTCTAATGGCAGTGCTTCA,0,4352378
yadI_predicted,0.5,1,1,GTTCTAATGCTGCCCTAACC,0,4287289
yadI_predicted,0.5,1,1,GTTCGTAAGGGCCACATTCT,0,4352422
yadI_predicted,0.5,1,1,GTTCGGTTTACGGTGGGCCA,0,4368773
yadI_predicted,0.5,1,1,GTTCCTTCTTCCTCGATAAA,0,4312088
yadI_predicted,0.5,1,1,GTTCCTAGTCCCCGTTTGCG,0,4286667
yadI_predicted,0.5,1,1,GTTCCGGAGTGTTTGGGTCC,0,4306021
yadI_predicted,0.5,1,1,GTTCCGCCTTAAAGTGGGAA,0,4291512
yadI_predicted,0.5,1,1,GTTCAACTTTCTGAAAATCG,0,4351343
yadI_predicted,0.5,1,1,GTTATTGCCCCGAATCGGTC,0,4365661
yadI_predicted,0.5,1,1,GTTATCCCGAAATGTCCTAT,0,4286626
yadI_predicted,0.5,1,1,GTTATATCCCCACGGATCAT,0,4348095
yadI_predicted,0.5,1,1,GTTATAATTCATGACCTATG,0,4363086
yadI_predicted,0.5,1,1,GTTATAAGTACTGCTAGGAT,0,4318092
yadI_predicted,0.5,1,1,GTTATAAGCTTGTTGGATAA,0,4307286
yadI_predicted,0.5,1,1,GTTATAACGTCTTTGTCCCC,0,4333138
yadI_predicted,0.5,1,1,GTTAGTCCAAGATCTCGTAA,0,4343342
yadI_predicted,0.5,1,1,GTTAGGCCCAACCACCCCTG,0,4340509
yadI_predicted,0.5,1,1,GTTACGTTGGCAACTCTCAA,0,4295838
yadI_predicted,0.5,1,1,GTTACCTCGAACGAGTGTCG,0,4337699
yadI_predicted,0.5,1,1,GTTACCGCGCGAAGGTCACA,0,4332544
yadI_predicted,0.5,1,1,GTTACCCTGCCGGCGCGTCT,0,4363467
yadI_predicted,0.5,1,1,GTTACACGATGTCAAATATC,0,4335064
yadI_predicted,0.5,1,1,GTTAATGTCGCGATCAAGCT,0,4318144
yadI_predicted,0.5,1,1,GTTAAGCGTGGCCGCCATAT,0,4330876
yadI_predicted,0.5,1,1,GTGTTTGCGAAAAGAACGTC,0,4291473
yadI_predicted,0.5,1,1,GTGTTGAGAATGGTCGGTTC,0,4356801
yadI_predicted,0.5,1,1,GTGTTCTTCCCTCAAATCAT,0,4311810
yadI_predicted,0.5,1,1,GTGTTCGGTATGCGACATAG,0,4329534
yadI_predicted,0.5,1,1,GTGTGTTGGCCGCTTCTTTC,0,4290462
yadI_predicted,0.5,1,1,GTGTGTGCCTCACTGTAATC,0,4287706
yadI_predicted,0.5,1,1,GTGTGTCAACTGGTTGAGAT,0,4295839
yadI_predicted,0.5,1,1,GTGTGGAAGGTATGTGGGGC,0,4336013
yadI_predicted,0.5,1,1,GTGTCTGTGCTCTCATCCTT,0,4367016
yadI_predicted,0.5,1,1,GTGTCCTAATAACCCGTCTG,0,4302882
yadI_predicted,0.5,1,1,GTGTATTCGCACTATCCATG,0,4322753
yadI_predicted,0.5,1,1,GTGTACTCCTGACTCGTTAG,0,4291937
yadI_predicted,0.5,1,1,GTGTACGGTCGTGTGGTTTT,0,4300711
yadI_predicted,0.5,1,1,GTGTACCTGGCAGGTTGACT,0,4320023
yadI_predicted,0.5,1,1,GTGTAAAAAGCCGGCGTTGG,0,4321767
yadI_predicted,0.5,1,1,GTGGTCGTATGCTATGTGCC,0,4356804
yadI_predicted,0.5,1,1,GTGGGCGCCCCGCTTGGCGC,0,4356221
yadI_predicted,0.5,1,1,GTGGGCGCACAAGATCGCGC,0,4288105
yadI_predicted,0.5,1,1,GTGGGCGATCATCGTCTACT,0,4303444
yadI_predicted,0.5,1,1,GTGGCTTCTTTCGGGAAGTT,0,4319237
yadI_predicted,0.5,1,1,GTGGCTGTTATGATACACCT,0,4300223
yadI_predicted,0.5,1,1,GTGCTCGTCCTAGCTAGTTA,0,4346806
yadI_predicted,0.5,1,1,GTGCGTTAATGCAGCGTGAC,0,4313018
yadI_predicted,0.5,1,1,GTGCGTGTAGGGGTTCGACA,0,4369788
yadI_predicted,0.5,1,1,GTGCGTGGGCAATTACCGGA,0,4303642
yadI_predicted,0.5,1,1,GTGCGTGCATGCTATAATAT,0,4313466
yadI_predicted,0.5,1,1,GTGCGTGAAGTCGTTACAGT,0,4297323
yadI_predicted,0.5,1,1,GTGCGCTCACTATCGGGGTC,0,4318367
yadI_predicted,0.5,1,1,GTGCGCCACCACTTGGCGGA,0,4367428
yadI_predicted,0.5,1,1,GTGCCCGGAGGATTCAACGG,0,4312708
yadI_predicted,0.5,1,1,GTGCCACGGTATGTGGTCAC,0,4325798
yadI_predicted,0.5,1,1,GTGCCAACGTAGTCCACTCT,0,4369144
yadI_predicted,0.5,1,1,GTGCATTACTTGGTTCCTCA,0,4305702
yadI_predicted,0.5,1,1,GTGCATAAGGTAAGAGCAGC,0,4316422
yadI_predicted,0.5,1,1,GTGCAGTTCAATGGCTGCGC,0,4326565
yadI_predicted,0.5,1,1,GTGCACTCGAGTCTCCGTTT,0,4328257
yadI_predicted,0.5,1,1,GTGCACCCGCTATATGTTCG,0,4324336
yadI_predicted,0.5,1,1,GTGATTATCAATCTTTTGAC,0,4336529
yadI_predicted,0.5,1,1,GTGATCCACCCCCTTCCGTT,0,4346902
yadI_predicted,0.5,1,1,GTGATATTCTATCTCATATA,0,4294368
yadI_predicted,0.5,1,1,GTGATAGGGCAGTACTAGGA,0,4301263
yadI_predicted,0.5,1,1,GTGATACAGTTGCCAGAAAT,0,4338320
yadI_predicted,0.5,1,1,GTGAGTTATTTTTTTAACTT,0,4285544
yadI_predicted,0.5,1,1,GTGAGGTCAGCCATGTTGAA,0,4305743
yadI_predicted,0.5,1,1,GTGAGGGTCTTGTGTCTGCC,0,4349250
yadI_predicted,0.5,1,1,GTGAGCTTTCCTGGGTCCTC,0,4317910
yadI_predicted,0.5,1,1,GTGAGCACGAATCCTTCCAC,0,4358613
yadI_predicted,0.5,1,1,GTGAGCAATAAGAATTGCGA,0,4333662
yadI_predicted,0.5,1,1,GTGAGACGGGAGTAGCATCA,0,4318561
yadI_predicted,0.5,1,1,GTGAGAAGAATCATGGTCTT,0,4292876
yadI_predicted,0.5,1,1,GTGAGAAAAGTGCGGTGGGT,0,4307458
yadI_predicted,0.5,1,1,GTGACCTGAACACTCACGGC,0,4319735
yadI_predicted,0.5,1,1,GTGACACGACAGGACTCACT,0,4284736
yadI_predicted,0.5,1,1,GTGAATCAACTTACTAAAGA,0,4366385
yadI_predicted,0.5,1,1,GTGAAGAGCCTTTGGAGGCA,0,4367277
yadI_predicted,0.5,1,1,GTGAACGCACGACTACATCA,0,4326009
yadI_predicted,0.5,1,1,GTGAAATCAACCCGATATGA,0,4307299
yadI_predicted,0.5,1,1,GTCTTTGTTAGAACGCGCTA,0,4304000
yadI_predicted,0.5,1,1,GTCTTGTTTGAAATACACAC,0,4333752
yadI_predicted,0.5,1,1,GTCTTGTATCGCTCTGTGCC,0,4329357
yadI_predicted,0.5,1,1,GTCTGCAGTGCTGCTTCTGA,0,4324527
yadI_predicted,0.5,1,1,GTCTGCAGCGCTAGTAGTTG,0,4367678
yadI_predicted,0.5,1,1,GTCTGAAATACATACATCAC,0,4300802
yadI_predicted,0.5,1,1,GTCTCTTGAAGATAGCCCCT,0,4345130
yadI_predicted,0.5,1,1,GTCTCTAATGTCTCTGCATC,0,4334003
yadI_predicted,0.5,1,1,GTCTCGAAAGCAGAGAACAC,0,4327682
yadI_predicted,0.5,1,1,GTCTCCGCTGACGTGGCGTT,0,4309390
yadI_predicted,0.5,1,1,GTCTCATCGGTCTTTAGATG,0,4306570
yadI_predicted,0.5,1,1,GTCTCACCCACTATTGAACA,0,4342256
yadI_predicted,0.5,1,1,GTCTCACACGAGGTGCGTTT,0,4324860
yadI_predicted,0.5,1,1,GTCTAGCTAGACAAACGTAT,0,4332129
yadI_predicted,0.5,1,1,GTCTACTGTACAAGGACGTC,0,4341621
yadI_predicted,0.5,1,1,GTCTACGTACGCGGTCAAAT,0,4321190
yadI_predicted,0.5,1,1,GTCGTTTCTGACATATACTG,0,4353311
yadI_predicted,0.5,1,1,GTCGTTCCACTTGCTACCGT,0,4294507
yadI_predicted,0.5,1,1,GTCGTCCGCGGCAGGCAGGC,0,4369848
yadI_predicted,0.5,1,1,GTCGTAGCACAACCTAAATC,0,4320492
yadI_predicted,0.5,1,1,GTCGGTGGTCGCATCACAAA,0,4336654
yadI_predicted,0.5,1,1,GTCGGCGTATCACCGTCACT,0,4298970
yadI_predicted,0.5,1,1,GTCGGAGGAAGGAGGCTCAA,0,4299854
yadI_predicted,0.5,1,1,GTCGCCTGGTATCGAACGAG,0,4301945
yadI_predicted,0.5,1,1,GTCGCCCTCCGTGTGTAGCT,0,4319989
yadI_predicted,0.5,1,1,GTCGCACCGAGTTGACGAGG,0,4354547
yadI_predicted,0.5,1,1,GTCGATCATAAAGGTACGTG,0,4323297
yadI_predicted,0.5,1,1,GTCGAAAAGGTGGGTTTGCT,0,4359888
yadI_predicted,0.5,1,1,GTCCTTTTAGGAACGTCCGA,0,4293020
yadI_predicted,0.5,1,1,GTCCTTGTATGCTATGTTTC,0,4322937
yadI_predicted,0.5,1,1,GTCCTTGGACACATATGAGT,0,4339125
yadI_predicted,0.5,1,1,GTCCTGAGGTCCCTAAAGGA,0,4288334
yadI_predicted,0.5,1,1,GTCCTACTATGAGTCGGTTG,0,4326911
yadI_predicted,0.5,1,1,GTCCTACCCACATCAATCGG,0,4285533
yadI_predicted,0.5,1,1,GTCCGTACATTCCTTTAACT,0,4322681
yadI_predicted,0.5,1,1,GTCCGGGCAGCTAATTAACA,0,4335900
yadI_predicted,0.5,1,1,GTCCGGAGAGTGTCTCCCGT,0,4355523
yadI_predicted,0.5,1,1,GTCCGATGCTCGCACCGTTC,0,4338135
yadI_predicted,0.5,1,1,GTCCCGTTCATTGTAGGGTA,0,4361882
yadI_predicted,0.5,1,1,GTCCCATAGATGCACACGGG,0,4351074
yadI_predicted,0.5,1,1,GTCCATTGTTAAAGAACTGT,0,4360932
yadI_predicted,0.5,1,1,GTCCATTCGGTGCCCTAACG,0,4325390
yadI_predicted,0.5,1,1,GTCCAAAAGGACAGCTCAAT,0,4336861
yadI_predicted,0.5,1,1,GTCAGATACAGACGTTGGAT,0,4327187
yadI_predicted,0.5,1,1,GTCACTGATCAAATGGGACC,0,4288236
yadI_predicted,0.5,1,1,GTCACGGTAGTCCCGGTCGT,0,4288635
yadI_predicted,0.5,1,1,GTCACGAGTGTAGCGGACAC,0,4352313
yadI_predicted,0.5,1,1,GTCACAGCTGTTGTTGGACA,0,4357439
yadI_predicted,0.5,1,1,GTCAATTGTGGAAAGCTAAT,0,4322264
yadI_predicted,0.5,1,1,GTCAATACACCGTATTACAG,0,4344185
yadI_predicted,0.5,1,1,GTCAAAAGCGTACAACCCTC,0,4333558
yadI_predicted,0.5,1,1,GTATTTTCGCCGACCAAACA,0,4310799
yadI_predicted,0.5,1,1,GTATTCGGGATGGTGTCCTT,0,4364439
yadI_predicted,0.5,1,1,GTATTATGCACATATTATAT,0,4359720
yadI_predicted,0.5,1,1,GTATTAAGCTCGGCAGCCAG,0,4329206
yadI_predicted,0.5,1,1,GTATGTCTACAGGACTGCCC,0,4324132
yadI_predicted,0.5,1,1,GTATGTATTAGCTCTCGTCG,0,4302921
yadI_predicted,0.5,1,1,GTATGGAAGATTCAAACATC,0,4368916
yadI_predicted,0.5,1,1,GTATGCGATGGTCAATCGTC,0,4354278
yadI_predicted,0.5,1,1,GTATGATAGCAATCTCTTGA,0,4313246
yadI_predicted,0.5,1,1,GTATCGCTTAGGTTCGTCGT,0,4367213
yadI_predicted,0.5,1,1,GTATAATCACACTCACTCAC,0,4337451
yadI_predicted,0.5,1,1,GTATAATATAGGGATCGTAA,0,4364704
yadI_predicted,0.5,1,1,GTATAAGGCTATGCGACTCC,0,4306281
yadI_predicted,0.5,1,1,GTATAAGCAACCTTATTAAC,0,4324743
yadI_predicted,0.5,1,1,GTATAAAGCGAGGGCTACGT,0,4365500
yadI_predicted,0.5,1,1,GTAGTTGTTTGCCTCTGGGC,0,4348016
yadI_predicted,0.5,1,1,GTAGTCTTCGCTCACCGGTT,0,4315997
yadI_predicted,0.5,1,1,GTAGGTGCAACGTGGTATCG,0,4335437
yadI_predicted,0.5,1,1,GTAGGCTAAATGGAGGATCT,0,4325820
yadI_predicted,0.5,1,1,GTAGGCAATTAAAGGCTCGC,0,4334029
yadI_predicted,0.5,1,1,GTAGCGCGGAGGTTTTAATA,0,4309209
yadI_predicted,0.5,1,1,GTACTTTGACCGTACTATAG,0,4354833
yadI_predicted,0.5,1,1,GTACTTGTTTGGTGACGACA,0,4324647
yadI_predicted,0.5,1,1,GTACTGGAGTTCAGTTAAGT,0,4368583
yadI_predicted,0.5,1,1,GTACTCGGGAGTCGGACCAA,0,4306824
yadI_predicted,0.5,1,1,GTACTATAGGACTTTCTTCA,0,4293990
yadI_predicted,0.5,1,1,GTACTAATGAACCTCACTGG,0,4366192
yadI_predicted,0.5,1,1,GTACGACCTACCAAGTATGA,0,4346865
yadI_predicted,0.5,1,1,GTACCTTGGTATTCGGTATG,0,4361155
yadI_predicted,0.5,1,1,GTACCGGTAAATATTTTGCG,0,4314319
yadI_predicted,0.5,1,1,GTACCCGCCCGTAATAGCGA,0,4355930
yadI_predicted,0.5,1,1,GTACCCAATTATTGAGCATT,0,4361028
yadI_predicted,0.5,1,1,GTACCATCGAGATATGCGGG,0,4316725
yadI_predicted,0.5,1,1,GTACATTGATGTTACATACC,0,4356359
yadI_predicted,0.5,1,1,GTACATACAAGTAAGCATCT,0,4357256
yadI_predicted,0.5,1,1,GTACACGTCTCTCAAATAAT,0,4294544
yadI_predicted,0.5,1,1,GTACACGTCCACTAAACAAG,0,4337658
yadI_predicted,0.5,1,1,GTAATTTTACTGCGTGTGTT,0,4284644
yadI_predicted,0.5,1,1,GTAATTGTAACATCCTACGA,0,4295526
yadI_predicted,0.5,1,1,GTAATGGACCAACTTGCTTA,0,4318495
yadI_predicted,0.5,1,1,GTAATCTGCTCTTAAGGAAG,0,4328733
yadI_predicted,0.5,1,1,GTAATCTCAGCAAGTGCTAT,0,4286970
yadI_predicted,0.5,1,1,GTAATCAAAATAACGTAAGC,0,4367971
yadI_predicted,0.5,1,1,GTAAGTGATCGTCGTTTCTG,0,4363000
yadI_predicted,0.5,1,1,GTAACTTACGAGACGATTAG,0,4314882
yadI_predicted,0.5,1,1,GTAACTCGTTACAATCATGT,0,4329368
yadI_predicted,0.5,1,1,GTAAATATAGGCTTTCCCAT,0,4289550
yadI_predicted,0.5,1,1,GTAAAGTCTGTTCTATCAAT,0,4318922
yadI_predicted,0.5,1,1,GTAAAGCCCTGGGTCATTGA,0,4310084
yadI_predicted,0.5,1,1,GTAAACCTTATAGTTATAGG,0,4319559
yadI_predicted,0.5,1,1,GTAAAAGGCAGGTTCCGAAG,0,4342643
yadI_predicted,0.5,1,1,GGTTTTCACCGCGCGGGTAT,0,4335554
yadI_predicted,0.5,1,1,GGTTTGTGACGAGGTGCTGA,0,4292361
yadI_predicted,0.5,1,1,GGTTTGCAAGCCACTATGAC,0,4342734
yadI_predicted,0.5,1,1,GGTTTCTCCTGTAGCTACGC,0,4296551
yadI_predicted,0.5,1,1,GGTTTCATCCTTCCCTTTCT,0,4343872
yadI_predicted,0.5,1,1,GGTTTAAGTTTTAGGTACCC,0,4328578
yadI_predicted,0.5,1,1,GGTTTAAGCCTCGCCCGGAA,0,4329480
yadI_predicted,0.5,1,1,GGTTGGGTACCCTTGATTGT,0,4291750
yadI_predicted,0.5,1,1,GGTTGGGAAATCTACTGTGA,0,4365461
yadI_predicted,0.5,1,1,GGTTGCGAGACGCGTGGAGC,0,4311094
yadI_predicted,0.5,1,1,GGTTGCCTGTCGCCGAGGTA,0,4360315
yadI_predicted,0.5,1,1,GGTTGCAGTCCAAAAGTTCA,0,4349840
yadI_predicted,0.5,1,1,GGTTGCAAACTCGCGGGCCT,0,4350315
yadI_predicted,0.5,1,1,GGTTCCGAAGATCCTTGAAG,0,4349059
yadI_predicted,0.5,1,1,GGTTCCAGGGCTAAAGATGT,0,4363515
yadI_predicted,0.5,1,1,GGTTCAACCGTTTCGTCGGG,0,4318994
yadI_predicted,0.5,1,1,GGTTCAACAAACTTACTCCC,0,4294133
yadI_predicted,0.5,1,1,GGTTATACTGGGATAGGGGG,0,4299396
yadI_predicted,0.5,1,1,GGTTAGGGCGTACAAATCCC,0,4359645
yadI_predicted,0.5,1,1,GGTGTCTTGCGATTAAAAAC,0,4354892
yadI_predicted,0.5,1,1,GGTGTAAAAACTTGTCCCTA,0,4290049
yadI_predicted,0.5,1,1,GGTGCTATCAGCAATCCTAA,0,4336557
yadI_predicted,0.5,1,1,GGTGCGTTGTAATCCGCATG,0,4327162
yadI_predicted,0.5,1,1,GGTGCGATCGTTGCTACCTG,0,4331513
yadI_predicted,0.5,1,1,GGTGCCTCAGCATCAATCAT,0,4330161
yadI_predicted,0.5,1,1,GGTGCCGGGGTACTACGTGA,0,4335394
yadI_predicted,0.5,1,1,GGTGCATGGGATAACAGGTC,0,4314065
yadI_predicted,0.5,1,1,GGTGCAGTTACCAGCTCCTG,0,4348087
yadI_predicted,0.5,1,1,GGTGATGCTTCAATTCAAGA,0,4306286
yadI_predicted,0.5,1,1,GGTGACGGCAACTGACGGCA,0,4347273
yadI_predicted,0.5,1,1,GGTGACACACAGGCATTGCA,0,4309076
yadI_predicted,0.5,1,1,GGTCTTACCTGAAGAGGTTA,0,4353931
yadI_predicted,0.5,1,1,GGTCTCTCCCGGGATAAGTT,0,4296518
yadI_predicted,0.5,1,1,GGTCTCTAGCTTCGAGTTGT,0,4336181
yadI_predicted,0.5,1,1,GGTCTCCAAACAACTGCCCT,0,4312588
yadI_predicted,0.5,1,1,GGTCTCACCCCAGCATAACG,0,4348944
yadI_predicted,0.5,1,1,GGTCTATCTGGACCATTGAG,0,4347020
yadI_predicted,0.5,1,1,GGTCGTGATCTGATAACTCC,0,4322008
yadI_predicted,0.5,1,1,GGTCGTAGAGCTATCAAGCC,0,4296035
yadI_predicted,0.5,1,1,GGTCGCGCAGCACGCATTAA,0,4298806
yadI_predicted,0.5,1,1,GGTCCTCTCCATTCTATCCA,0,4304801
yadI_predicted,0.5,1,1,GGTCCGTACAATGATAAGTG,0,4316734
yadI_predicted,0.5,1,1,GGTCCCCACCATTCCTAATG,0,4300999
yadI_predicted,0.5,1,1,GGTCCATGCTTCACGATGGG,0,4343584
yadI_predicted,0.5,1,1,GGTCATATTCAGCGACCGAA,0,4288169
yadI_predicted,0.5,1,1,GGTCAGCTATCCCGAACTAT,0,4293156
yadI_predicted,0.5,1,1,GGTCACGAATTGCACGGATG,0,4287618
yadI_predicted,0.5,1,1,GGTCAATTCCCGCTGTATAA,0,4284961
yadI_predicted,0.5,1,1,GGTATTGATCCGTCACTACT,0,4361718
yadI_predicted,0.5,1,1,GGTATTGAGATCAATCGCCC,0,4317782
yadI_predicted,0.5,1,1,GGTATTAACAAATCGAATAC,0,4307533
yadI_predicted,0.5,1,1,GGTATCGGTTCACCTCGTCA,0,4327980
yadI_predicted,0.5,1,1,GGTATCGAATAGTCCCATTC,0,4287369
yadI_predicted,0.5,1,1,GGTATAGGACGGCCAACCCA,0,4322660
yadI_predicted,0.5,1,1,GGTAGGGCTCGGGAGCGCTT,0,4334965
yadI_predicted,0.5,1,1,GGTAGAAGATGTTAGCGTTG,0,4318132
yadI_predicted,0.5,1,1,GGTAGAAAGTCTCTGCTCGG,0,4324359
yadI_predicted,0.5,1,1,GGTACTGAATCGGCCCTAGC,0,4338264
yadI_predicted,0.5,1,1,GGTACGAGCATCATCAGTGT,0,4313794
yadI_predicted,0.5,1,1,GGTACCTGAAGTCTCTCTGA,0,4359716
yadI_predicted,0.5,1,1,GGTACCTCGGGGCATCTTGC,0,4286798
yadI_predicted,0.5,1,1,GGTACCAGTGCCCCTCTAAG,0,4368444
yadI_predicted,0.5,1,1,GGTAATCAAGTTCGATGACG,0,4360246
yadI_predicted,0.5,1,1,GGTAAGGGTCGTTTGTGAGC,0,4313093
yadI_predicted,0.5,1,1,GGTAAGCGTTTAGCCGCCAC,0,4289397
yadI_predicted,0.5,1,1,GGTAACCCACTCATGTCAGA,0,4348884
yadI_predicted,0.5,1,1,GGTAAATGCCCTCTGGTCTG,0,4314683
yadI_predicted,0.5,1,1,GGGTTTAGGTACGGATACCG,0,4358265
yadI_predicted,0.5,1,1,GGGTTCCCGGAATTCTCTAT,0,4331825
yadI_predicted,0.5,1,1,GGGTGTCAGGGAGTATTCTA,0,4305674
yadI_predicted,0.5,1,1,GGGTGCGCTCCTATTCAAGC,0,4344816
yadI_predicted,0.5,1,1,GGGTCTCATCACGTATGTTG,0,4344499
yadI_predicted,0.5,1,1,GGGTCGGGGTAGAATGAAAT,0,4367755
yadI_predicted,0.5,1,1,GGGTCGGGATCACATACCCA,0,4303369
yadI_predicted,0.5,1,1,GGGTCGCGGGAAACCAACAG,0,4351839
yadI_predicted,0.5,1,1,GGGTCCTAGGTCACCGGACC,0,4321232
yadI_predicted,0.5,1,1,GGGTCAGTGGGTCAGCCAGA,0,4289168
yadI_predicted,0.5,1,1,GGGTCAGGTCGTTTATAAGC,0,4290247
yadI_predicted,0.5,1,1,GGGTCAGAATATAATGTAGT,0,4363909
yadI_predicted,0.5,1,1,GGGTATTTAGAACCGCAGGG,0,4364097
yadI_predicted,0.5,1,1,GGGTAGGGTAAACCACCATT,0,4335173
yadI_predicted,0.5,1,1,GGGGTCTTATAGCTTAACTG,0,4308765
yadI_predicted,0.5,1,1,GGGGTATACAAGGACTTAAT,0,4297397
yadI_predicted,0.5,1,1,GGGGTACGGGGAGGCTCATG,0,4350504
yadI_predicted,0.5,1,1,GGGGGGTTTATTTTCCACGA,0,4305514
yadI_predicted,0.5,1,1,GGGGGGTTGCGTTATCCATG,0,4284809
yadI_predicted,0.5,1,1,GGGGGGATCCCTGAGCATTC,0,4369870
yadI_predicted,0.5,1,1,GGGGGACGCACCATCATGCA,0,4350875
yadI_predicted,0.5,1,1,GGGGGACACGCAAGCACCAT,0,4285830
yadI_predicted,0.5,1,1,GGGGGAAATTCCATACCGAG,0,4324188
yadI_predicted,0.5,1,1,GGGGATCGTCTGGAAATATA,0,4321833
yadI_predicted,0.5,1,1,GGGGATCGCTTGGATCTTTT,0,4341074
yadI_predicted,0.5,1,1,GGGGACCAATGAAATCCTCA,0,4306244
yadI_predicted,0.5,1,1,GGGGAAGGAGTGGATTAAGA,0,4294821
yadI_predicted,0.5,1,1,GGGGAAGACGGGATCTGAGG,0,4366967
yadI_predicted,0.5,1,1,GGGCTCTTACTTGCATACAA,0,4305814
yadI_predicted,0.5,1,1,GGGCTACTTTCTGTAGGATC,0,4348609
yadI_predicted,0.5,1,1,GGGCTACACAGGCCCTCCGC,0,4338004
yadI_predicted,0.5,1,1,GGGCGTTCCTCGTCAACGTT,0,4299024
yadI_predicted,0.5,1,1,GGGCGTGGGGTCATTGAGCT,0,4335380
yadI_predicted,0.5,1,1,GGGCGGCTCGTAAGATAGAG,0,4363401
yadI_predicted,0.5,1,1,GGGCGCTTCCGGTTAACAAA,0,4367478
yadI_predicted,0.5,1,1,GGGCCGAATTTAACATTTGG,0,4353975
yadI_predicted,0.5,1,1,GGGCCAGGGGTCATTACTTC,0,4349830
yadI_predicted,0.5,1,1,GGGCATTAACGGTAAGAAAT,0,4319971
yadI_predicted,0.5,1,1,GGGCATCTTTACTGCTCTCA,0,4338695
yadI_predicted,0.5,1,1,GGGCAGCTGCGTGTCTTCGT,0,4332353
yadI_predicted,0.5,1,1,GGGCAGCACGATATGACTTA,0,4357928
yadI_predicted,0.5,1,1,GGGCACACAGTGTGCTGGCC,0,4328141
yadI_predicted,0.5,1,1,GGGCAAGCAACCAAAGTAGG,0,4348761
yadI_predicted,0.5,1,1,GGGCAAGATGTATCCTTTTG,0,4315252
yadI_predicted,0.5,1,1,GGGCAACGTAAAAGACCCCG,0,4296743
yadI_predicted,0.5,1,1,GGGATGCTAGTAGTTCGACT,0,4312882
yadI_predicted,0.5,1,1,GGGATGAATACAGACTTTCG,0,4354641
yadI_predicted,0.5,1,1,GGGATCGCAATATCGCTAAA,0,4297143
yadI_predicted,0.5,1,1,GGGATCGAGTTAAAATAGTA,0,4350077
yadI_predicted,0.5,1,1,GGGATCCGTGGGCGCAATCT,0,4338944
yadI_predicted,0.5,1,1,GGGATCCAGCCGCTCTTACG,0,4354741
yadI_predicted,0.5,1,1,GGGATAACCGGTGGATTTCT,0,4300981
yadI_predicted,0.5,1,1,GGGAGGCATTGCGCTAGCAA,0,4362010
yadI_predicted,0.5,1,1,GGGAGCTGACATTTTGGAGT,0,4319665
yadI_predicted,0.5,1,1,GGGAGACGACGGGGCTAAAC,0,4313287
yadI_predicted,0.5,1,1,GGGACGCAAGTGGATTTTGT,0,4329235
yadI_predicted,0.5,1,1,GGGACGAGGGAACTTCTCGA,0,4295917
yadI_predicted,0.5,1,1,GGGACCTGAAGAAAGTAACA,0,4318867
yadI_predicted,0.5,1,1,GGGACCAACCGGGCGACAAA,0,4334392
yadI_predicted,0.5,1,1,GGGACACCGACAGCCCACTG,0,4316651
yadI_predicted,0.5,1,1,GGGAATCTCGAGCCACCTGT,0,4349927
yadI_predicted,0.5,1,1,GGGAAGGTCGGGTTTTCCTG,0,4337380
yadI_predicted,0.5,1,1,GGGAACTGGATCTTGGTTAT,0,4339171
yadI_predicted,0.5,1,1,GGGAACGTAACTTAAATAGA,0,4307758
yadI_predicted,0.5,1,1,GGGAACGCTCGCCGTCTCAC,0,4361123
yadI_predicted,0.5,1,1,GGGAACCGTTTCACTTCAAT,0,4309495
yadI_predicted,0.5,1,1,GGGAAAGGGGCTGAAGGCAG,0,4319049
yadI_predicted,0.5,1,1,GGGAAAAGTCCCATGTTGAA,0,4316663
yadI_predicted,0.5,1,1,GGGAAAAATTCTCTTAATTT,0,4337551
yadI_predicted,0.5,1,1,GGCTTTTTAATCTCATTCTA,0,4366278
yadI_predicted,0.5,1,1,GGCTTCTCGGAAGTAGCCAT,0,4302630
yadI_predicted,0.5,1,1,GGCTTAATGCGACGGCATGC,0,4322713
yadI_predicted,0.5,1,1,GGCTGATACCATCTATACAA,0,4338357
yadI_predicted,0.5,1,1,GGCTGACTGCGGACACTTAT,0,4336874
yadI_predicted,0.5,1,1,GGCTCTTCCATGGGGTTGGT,0,4324842
yadI_predicted,0.5,1,1,GGCTCTGGTTGCACCACGTC,0,4331745
yadI_predicted,0.5,1,1,GGCTCGTGGATGTGGCAGGG,0,4308844
yadI_predicted,0.5,1,1,GGCTCGACACCTGGTTAAGA,0,4306249
yadI_predicted,0.5,1,1,GGCTCCAATCGGGGTGGTAG,0,4341903
yadI_predicted,0.5,1,1,GGCTATTTGGTTATGTTAAT,0,4317911
yadI_predicted,0.5,1,1,GGCTAGACATTTGGCTGAAG,0,4323546
yadI_predicted,0.5,1,1,GGCTACGTTCATGATGATCA,0,4322839
yadI_predicted,0.5,1,1,GGCTACCGTCTTCCGATCCG,0,4332340
yadI_predicted,0.5,1,1,GGCGTGTAGCATCGTTTGAT,0,4303435
yadI_predicted,0.5,1,1,GGCGTGGCCGCTGGCGCACC,0,4358536
yadI_predicted,0.5,1,1,GGCGTCAACAGCACCCGCGG,0,4363084
yadI_predicted,0.5,1,1,GGCGTAAATCGCGGCTGGCC,0,4339941
yadI_predicted,0.5,1,1,GGCGGTGAATCAAGGGCTGA,0,4353137
yadI_predicted,0.5,1,1,GGCGGGCTGACATTTTTTTA,0,4345339
yadI_predicted,0.5,1,1,GGCGGGAGGGGTTCAGGGCA,0,4343690
yadI_predicted,0.5,1,1,GGCGGAGAACTTAACATTGT,0,4369934
yadI_predicted,0.5,1,1,GGCGGAACCCTAGGCTGGCG,0,4319226
yadI_predicted,0.5,1,1,GGCGCGTTGGGGACACGCAA,0,4327468
yadI_predicted,0.5,1,1,GGCGCGGCCTCGTGGTCCCT,0,4309623
yadI_predicted,0.5,1,1,GGCGCCGCCCTGAATGCGAC,0,4340448
yadI_predicted,0.5,1,1,GGCGCCCCTTTAATATCAGC,0,4296835
yadI_predicted,0.5,1,1,GGCGCAAGGGCATGGATATT,0,4340763
yadI_predicted,0.5,1,1,GGCGAGGCACCCACTGTTTA,0,4362633
yadI_predicted,0.5,1,1,GGCGACAGCCCCTATTGCCC,0,4338581
yadI_predicted,0.5,1,1,GGCGAAAGACCGGTATTTGG,0,4317926
yadI_predicted,0.5,1,1,GGCCTTACCCTGCGACCGAT,0,4304366
yadI_predicted,0.5,1,1,GGCCTGTCGGGATCGGAGCG,0,4368447
yadI_predicted,0.5,1,1,GGCCTGATCATCTTTGACGG,0,4369554
yadI_predicted,0.5,1,1,GGCCTACCGACGTCTCGAGC,0,4341960
yadI_predicted,0.5,1,1,GGCCGTTACTCATACTTGGA,0,4339740
yadI_predicted,0.5,1,1,GGCCGGATTAGGTAATTTGA,0,4357484
yadI_predicted,0.5,1,1,GGCCGCGGTTAAGCGGTCAA,0,4290418
yadI_predicted,0.5,1,1,GGCCGCGGCCGTACCGCGCC,0,4316365
yadI_predicted,0.5,1,1,GGCCGACAGGCCCAAGTAAC,0,4315150
yadI_predicted,0.5,1,1,GGCCGAAAACCGAAGAGTTG,0,4367737
yadI_predicted,0.5,1,1,GGCCCTGGGACTCTTATACG,0,4301229
yadI_predicted,0.5,1,1,GGCCCTGATAAATAGACGGG,0,4347827
yadI_predicted,0.5,1,1,GGCCCTCATATGCGCCGGTA,0,4362546
yadI_predicted,0.5,1,1,GGCCCCAAGAGACGCCGACA,0,4363628
yadI_predicted,0.5,1,1,GGCCATTACGACTTACCGCT,0,4356627
yadI_predicted,0.5,1,1,GGCCATGGAGGTGGAGGAGA,0,4309567
yadI_predicted,0.5,1,1,GGCAGCCGCGATGGGGGACT,0,4330721
yadI_predicted,0.5,1,1,GGCACCTAGGTATCAGCTGA,0,4313727
yadI_predicted,0.5,1,1,GGCACCACCTGGGGCCGTGA,0,4298149
yadI_predicted,0.5,1,1,GGCACATTGTCATGTACCAT,0,4346768
yadI_predicted,0.5,1,1,GGCAATCCTGCTGTAATCGG,0,4303505
yadI_predicted,0.5,1,1,GGCAATCCGATGTCCGATCG,0,4365848
yadI_predicted,0.5,1,1,GGCAAAATAATGATTAGTGG,0,4332812
yadI_predicted,0.5,1,1,GGATTCTTCAACCCCCCAGC,0,4351080
yadI_predicted,0.5,1,1,GGATTCTACCGTAGGACCCA,0,4349357
yadI_predicted,0.5,1,1,GGATTATAGGGTTACAAGAG,0,4304471
yadI_predicted,0.5,1,1,GGATGTCCATGCACAACAGA,0,4360010
yadI_predicted,0.5,1,1,GGATGGAAATTGAGTAGATG,0,4353603
yadI_predicted,0.5,1,1,GGATGCTGAGGCGGGCCTAC,0,4327504
yadI_predicted,0.5,1,1,GGATGCGGATAGAATAACGC,0,4287414
yadI_predicted,0.5,1,1,GGATCTCCGGGCTAAAGGCC,0,4346170
yadI_predicted,0.5,1,1,GGATCTCATATGTGTAGTCG,0,4311104
yadI_predicted,0.5,1,1,GGATCCTTAGCCCCTAGCAA,0,4298254
yadI_predicted,0.5,1,1,GGATCCCCGGGTATTGCTGG,0,4308702
yadI_predicted,0.5,1,1,GGATCACGGTATCCCATCCA,0,4346963
yadI_predicted,0.5,1,1,GGATATCGAATTGTGTCAGT,0,4286862
yadI_predicted,0.5,1,1,GGATACTCTTTCGCTAGGGG,0,4325502
yadI_predicted,0.5,1,1,GGATAATACATCGGCCCGCT,0,4332620
yadI_predicted,0.5,1,1,GGATAAGCTTTTGTGACAAA,0,4319259
yadI_predicted,0.5,1,1,GGAGTTGACTTCAATGTAGA,0,4348493
yadI_predicted,0.5,1,1,GGAGTGTACATGGTTTGCGT,0,4358558
yadI_predicted,0.5,1,1,GGAGTGCTGCTGGTGCCAGA,0,4319115
yadI_predicted,0.5,1,1,GGAGTCTCGCTATACATAGG,0,4318443
yadI_predicted,0.5,1,1,GGAGTCGGTCCGACCAGTAG,0,4325365
yadI_predicted,0.5,1,1,GGAGTACACTCACCCAGCCC,0,4361795
yadI_predicted,0.5,1,1,GGAGGTACTTAATGGTCATG,0,4308016
yadI_predicted,0.5,1,1,GGAGGACGGATTCAAGTCGG,0,4306550
yadI_predicted,0.5,1,1,GGAGCTTTTTATTGTCTCTG,0,4294854
yadI_predicted,0.5,1,1,GGAGCGTGCCGCCGCTCGTA,0,4334713
yadI_predicted,0.5,1,1,GGAGCGAGTTGAGAATTATT,0,4300025
yadI_predicted,0.5,1,1,GGAGCCTGACGCTAGGTAAA,0,4367848
yadI_predicted,0.5,1,1,GGAGCCTAAGGCGCGCACAA,0,4360392
yadI_predicted,0.5,1,1,GGAGCAGGTCAAGCAGCGGG,0,4366741
yadI_predicted,0.5,1,1,GGAGCAATCGCGGGCCAACA,0,4355325
yadI_predicted,0.5,1,1,GGAGATTGTTTACATGTGTG,0,4334650
yadI_predicted,0.5,1,1,GGAGAACTCCGCGCGTCAGA,0,4297561
yadI_predicted,0.5,1,1,GGACTTTGGCTGGGTAATTA,0,4303653
yadI_predicted,0.5,1,1,GGACTGTCCGTTGACTTAAA,0,4347543
yadI_predicted,0.5,1,1,GGACTCTACACTTGCTAGAA,0,4341025
yadI_predicted,0.5,1,1,GGACTCAAAGAATACTGAGC,0,4310757
yadI_predicted,0.5,1,1,GGACGTCCAGGACGGATAGT,0,4366989
yadI_predicted,0.5,1,1,GGACGGTCTAAGAGGATCTC,0,4309482
yadI_predicted,0.5,1,1,GGACGGGGGTTGCATTGTCA,0,4288314
yadI_predicted,0.5,1,1,GGACCCTACGATCCATTATA,0,4366694
yadI_predicted,0.5,1,1,GGACCAGGTTCTCTGGGCGA,0,4353853
yadI_predicted,0.5,1,1,GGACAGTTCATTGCAAAGCC,0,4294566
yadI_predicted,0.5,1,1,GGACAAACATATGTCGGCAG,0,4297338
yadI_predicted,0.5,1,1,GGAATTTGCTCCGATCGAAC,0,4344991
yadI_predicted,0.5,1,1,GGAATGTCGTCAGTCTTTCG,0,4310903
yadI_predicted,0.5,1,1,GGAATGCTCATGCCTTCAGA,0,4351089
yadI_predicted,0.5,1,1,GGAATATGCCGTCCACGGAT,0,4334035
yadI_predicted,0.5,1,1,GGAACTATCGCCCATATGAT,0,4321107
yadI_predicted,0.5,1,1,GGAACTACTTCATTCAATCC,0,4352491
yadI_predicted,0.5,1,1,GGAAATGTTAATGCCGCGCT,0,4328453
yadI_predicted,0.5,1,1,GGAAATCGGAAGTCGATTAC,0,4291023
yadI_predicted,0.5,1,1,GGAAAGATAGATTATTTCCA,0,4335115
yadI_predicted,0.5,1,1,GGAAACTAGTAAACGGCACG,0,4293561
yadI_predicted,0.5,1,1,GGAAACATCACTGTGGGAAG,0,4306429
yadI_predicted,0.5,1,1,GGAAAATGCGGATATAGTTG,0,4353253
yadI_predicted,0.5,1,1,GCTTTTGTAGGAGAGCGCAA,0,4344947
yadI_predicted,0.5,1,1,GCTTTTATTAGGATTACCAG,0,4298773
yadI_predicted,0.5,1,1,GCTTTGTCCCAATCGCACCG,0,4333999
yadI_predicted,0.5,1,1,GCTTTGGCCAGTGCAAGGTA,0,4312502
yadI_predicted,0.5,1,1,GCTTTCGATTATGGCTTAAG,0,4298735
yadI_predicted,0.5,1,1,GCTTTAACCCACGACAGTCG,0,4364240
yadI_predicted,0.5,1,1,GCTTGTTTCGTGGTGTCGTT,0,4342345
yadI_predicted,0.5,1,1,GCTTGTTTACGGCCTGTTAC,0,4346335
yadI_predicted,0.5,1,1,GCTTGCATCAATGCCTCGTA,0,4284814
yadI_predicted,0.5,1,1,GCTTCTTCGGCCTCTATCAA,0,4295384
yadI_predicted,0.5,1,1,GCTTCCCTACCTATCGTCTG,0,4292008
yadI_predicted,0.5,1,1,GCTTCCACAATAGCGAGGTA,0,4321070
yadI_predicted,0.5,1,1,GCTTATGCGACGCTTGCGTG,0,4305862
yadI_predicted,0.5,1,1,GCTTACTTTATCCGATAGGA,0,4342545
yadI_predicted,0.5,1,1,GCTTACTCAAATCGCTGGGA,0,4314675
yadI_predicted,0.5,1,1,GCTTACGAGGGCTAGGGTCT,0,4355857
yadI_predicted,0.5,1,1,GCTTACAGCTAGTGTAAAAT,0,4344070
yadI_predicted,0.5,1,1,GCTTAATGATTTGTCTCGGT,0,4303139
yadI_predicted,0.5,1,1,GCTTAACTTGACTACGCAGA,0,4286293
yadI_predicted,0.5,1,1,GCTGTTTGTTAACTGCGTCG,0,4295987
yadI_predicted,0.5,1,1,GCTGTGTCCAGCTTGGCGTT,0,4310593
yadI_predicted,0.5,1,1,GCTGGCGTGTAACCTAATAT,0,4304433
yadI_predicted,0.5,1,1,GCTGGCGCTCATCGTGACGA,0,4363146
yadI_predicted,0.5,1,1,GCTGGAATTTGACCTTTCCC,0,4308843
yadI_predicted,0.5,1,1,GCTGCTTGATTTCACATAAA,0,4321909
yadI_predicted,0.5,1,1,GCTGCGGAGTATTCCCACTG,0,4346166
yadI_predicted,0.5,1,1,GCTGCAGCGTGGTGAGCCAG,0,4290952
yadI_predicted,0.5,1,1,GCTGCACGTCTCGCGATCAA,0,4362225
yadI_predicted,0.5,1,1,GCTGATGACACTTACTGGGG,0,4331888
yadI_predicted,0.5,1,1,GCTGAGGTAAAAGGTGCAAG,0,4303045
yadI_predicted,0.5,1,1,GCTGAGATGATACTCGTGGG,0,4308325
yadI_predicted,0.5,1,1,GCTGACAGGTTTTAGAACCT,0,4324205
yadI_predicted,0.5,1,1,GCTCTACGGCTGTAGGATAA,0,4308353
yadI_predicted,0.5,1,1,GCTCGGCTGCTTCGGTTTAC,0,4298765
yadI_predicted,0.5,1,1,GCTCCGGACTGCCACACCAT,0,4345226
yadI_predicted,0.5,1,1,GCTCCGCGATGTTCTTAAAA,0,4310598
yadI_predicted,0.5,1,1,GCTCCCTCACAACACGGGCT,0,4325332
yadI_predicted,0.5,1,1,GCTCCACAAGATGCACGTAC,0,4295965
yadI_predicted,0.5,1,1,GCTCATCCACGGGGCCTATA,0,4355121
yadI_predicted,0.5,1,1,GCTCAGTGAGGTTGGTCTTG,0,4296640
yadI_predicted,0.5,1,1,GCTCAGGCCTTGGTCTATAT,0,4303255
yadI_predicted,0.5,1,1,GCTCAGACGTTGGTAAAACT,0,4292740
yadI_predicted,0.5,1,1,GCTCAAGCCAGTAAGTCCTC,0,4365914
yadI_predicted,0.5,1,1,GCTATCGACAACCCGAGAGT,0,4297712
yadI_predicted,0.5,1,1,GCTAGCCTTAAAATCATGTT,0,4318849
yadI_predicted,0.5,1,1,GCTACTGAAAATATCGACTG,0,4285822
yadI_predicted,0.5,1,1,GCTACGTGGTGAACTTTCTG,0,4286769
yadI_predicted,0.5,1,1,GCTACGCGTTCCGTCAGTAT,0,4298691
yadI_predicted,0.5,1,1,GCTACGATTCCGTTGATAGG,0,4341296
yadI_predicted,0.5,1,1,GCTACGATCATTTGGAGAAC,0,4326019
yadI_predicted,0.5,1,1,GCTACCCCTGATTAAATTGT,0,4352129
yadI_predicted,0.5,1,1,GCTACATGTTTTCGTCTGAC,0,4314674
yadI_predicted,0.5,1,1,GCTACAGGGGGATCGTAGTC,0,4326063
yadI_predicted,0.5,1,1,GCTAAGCCCGCTGATCTACA,0,4368876
yadI_predicted,0.5,1,1,GCTAAGATGACTGGACCTAG,0,4319693
yadI_predicted,0.5,1,1,GCGTTGCTAGTCTAGGTGCA,0,4365796
yadI_predicted,0.5,1,1,GCGTTGAGATGCGGTTCCCC,0,4299557
yadI_predicted,0.5,1,1,GCGTTCGTTCAATGCATGCC,0,4358128
yadI_predicted,0.5,1,1,GCGTTATAGTCACGGGTTCA,0,4361088
yadI_predicted,0.5,1,1,GCGTTATACTTTACATATCC,0,4305225
yadI_predicted,0.5,1,1,GCGTTAGCATGTACAAGGCC,0,4297370
yadI_predicted,0.5,1,1,GCGTGCCAAATAGGTCCAAT,0,4331572
yadI_predicted,0.5,1,1,GCGTGACGTCACTTAACAGA,0,4359431
yadI_predicted,0.5,1,1,GCGTCTAAGCGTCATTCTGC,0,4365673
yadI_predicted,0.5,1,1,GCGGTGGAAATCAGGCTTCT,0,4369883
yadI_predicted,0.5,1,1,GCGGTCGCTGCCCCTCGTCA,0,4365759
yadI_predicted,0.5,1,1,GCGGTAGCATCGGCGAGTTA,0,4293390
yadI_predicted,0.5,1,1,GCGGGGAGTGAGTCGGGCTA,0,4326020
yadI_predicted,0.5,1,1,GCGGGCTACGTGTCCAATTT,0,4355424
yadI_predicted,0.5,1,1,GCGGGCGCTGCGTTAGACGC,0,4367337
yadI_predicted,0.5,1,1,GCGGGCCACGTGGCCGACGA,0,4303678
yadI_predicted,0.5,1,1,GCGGGCATTTCGGTTCAGGA,0,4290906
yadI_predicted,0.5,1,1,GCGGGAGTGACGTCAGCCAG,0,4322593
yadI_predicted,0.5,1,1,GCGGCTCTACGCAGGACCTG,0,4294140
yadI_predicted,0.5,1,1,GCGGCAGGTGCAAGCGTCAA,0,4347100
yadI_predicted,0.5,1,1,GCGGCAGCATTTGATAATGA,0,4340939
yadI_predicted,0.5,1,1,GCGGATTTCGACGTCTATAT,0,4335081
yadI_predicted,0.5,1,1,GCGGATCTAAGGAAGGCCCC,0,4351205
yadI_predicted,0.5,1,1,GCGGAGGATCGGATCACAAT,0,4335927
yadI_predicted,0.5,1,1,GCGGACCTAACAACGGTGTT,0,4312832
yadI_predicted,0.5,1,1,GCGGAATATGTATGGATCGT,0,4359019
yadI_predicted,0.5,1,1,GCGGAACCAATCGGGTTCAC,0,4366575
yadI_predicted,0.5,1,1,GCGGAAACAGGATCGATGGC,0,4290035
yadI_predicted,0.5,1,1,GCGCTGTCCGGTCCGAATTA,0,4356243
yadI_predicted,0.5,1,1,GCGCTGATTGAATAACGCAT,0,4308767
yadI_predicted,0.5,1,1,GCGCGTCGGTAATGAATTAC,0,4322726
yadI_predicted,0.5,1,1,GCGCGAGGGGTAGAGGCAGA,0,4345415
yadI_predicted,0.5,1,1,GCGCCGTACTTGACTGGGTA,0,4326639
yadI_predicted,0.5,1,1,GCGCCCCATCACCTCTTGGT,0,4323960
yadI_predicted,0.5,1,1,GCGCAGCCAGATGCCGCTCA,0,4284774
yadI_predicted,0.5,1,1,GCGCACTTGGTGTGTCTCCA,0,4336308
yadI_predicted,0.5,1,1,GCGATGAAAGGGTATAAGTA,0,4348230
yadI_predicted,0.5,1,1,GCGATCTTGGTAGCGAGGGT,0,4359000
yadI_predicted,0.5,1,1,GCGATCCGCAGTTTGACCGT,0,4303288
yadI_predicted,0.5,1,1,GCGATAGGTAGTAAGTGGAT,0,4288927
yadI_predicted,0.5,1,1,GCGAGGTCATATCGGGTGTG,0,4308229
yadI_predicted,0.5,1,1,GCGAGCGTGTACCTCGTGCG,0,4351601
yadI_predicted,0.5,1,1,GCGAGAGGTAATTCCAAGGC,0,4301155
yadI_predicted,0.5,1,1,GCGACGGGAGCTATCGTCTT,0,4346113
yadI_predicted,0.5,1,1,GCGAACCATTGGGAGTTGAA,0,4337630
yadI_predicted,0.5,1,1,GCCTTGTGACGCATTCGAGA,0,4343011
yadI_predicted,0.5,1,1,GCCTTGGTTGTGGTTATTCC,0,4295363
yadI_predicted,0.5,1,1,GCCTTGGACGTATTCACGGA,0,4294841
yadI_predicted,0.5,1,1,GCCTTCCAGGTTATCGCGTT,0,4306855
yadI_predicted,0.5,1,1,GCCTGCGTTCGTGTGGGCGG,0,4341448
yadI_predicted,0.5,1,1,GCCTGCCTTAGCAAGGTTGA,0,4307035
yadI_predicted,0.5,1,1,GCCTGATTGTAACAACTCTT,0,4286587
yadI_predicted,0.5,1,1,GCCTCGCATATTGCGATATC,0,4367999
yadI_predicted,0.5,1,1,GCCTCACTACACTGGTTTTC,0,4355933
yadI_predicted,0.5,1,1,GCCTATGTGAGCGGGAGATA,0,4319894
yadI_predicted,0.5,1,1,GCCTATGGTTATTGCACCAT,0,4314323
yadI_predicted,0.5,1,1,GCCTAGGGTAAAGACATCGG,0,4322357
yadI_predicted,0.5,1,1,GCCTAACTGCACCGTCTTTA,0,4317757
yadI_predicted,0.5,1,1,GCCGTTTTGAATTTTACTAT,0,4287859
yadI_predicted,0.5,1,1,GCCGTGCCTGGATAGCAATG,0,4338272
yadI_predicted,0.5,1,1,GCCGTACACTATGTTACCAC,0,4364529
yadI_predicted,0.5,1,1,GCCGGCTGAATGTGCCGATT,0,4314485
yadI_predicted,0.5,1,1,GCCGGCGTATCGCATTCCGG,0,4297240
yadI_predicted,0.5,1,1,GCCGGAAGTTCGCGGACAGA,0,4332494
yadI_predicted,0.5,1,1,GCCGCTTGCCTACTGTTACC,0,4285689
yadI_predicted,0.5,1,1,GCCGCAGACTTAATGTTGAA,0,4360226
yadI_predicted,0.5,1,1,GCCGATGGTATATCTCGCCA,0,4300032
yadI_predicted,0.5,1,1,GCCGACCGAAGTAAGAGTCA,0,4322944
yadI_predicted,0.5,1,1,GCCGAACAGCCCCAGTTCGA,0,4367645
yadI_predicted,0.5,1,1,GCCGAAAACTATTTTCGTAC,0,4333375
yadI_predicted,0.5,1,1,GCCCGTAAAGTATAGAGACT,0,4319453
yadI_predicted,0.5,1,1,GCCCGGGGTCACTTAAGGCG,0,4333199
yadI_predicted,0.5,1,1,GCCCGGCTCATCTGAAATGG,0,4292819
yadI_predicted,0.5,1,1,GCCCGGAGTGTGGCTCTTAC,0,4338935
yadI_predicted,0.5,1,1,GCCCATGAGAGAATGATGAC,0,4361932
yadI_predicted,0.5,1,1,GCCCATAGGCTAATATGACA,0,4341341
yadI_predicted,0.5,1,1,GCCCAAGCATGGGTATCGTG,0,4369197
yadI_predicted,0.5,1,1,GCCCAAGAGGCTGCCGAGAT,0,4352807
yadI_predicted,0.5,1,1,GCCATTTATATACATGTGAG,0,4344931
yadI_predicted,0.5,1,1,GCCATTCGCTTAACTACCAT,0,4366363
yadI_predicted,0.5,1,1,GCCATCAATGGTTGGAGAGT,0,4336018
yadI_predicted,0.5,1,1,GCCATATACCGACTAGAATC,0,4352988
yadI_predicted,0.5,1,1,GCCAGGTGTGAAGATTAGGT,0,4362571
yadI_predicted,0.5,1,1,GCCAGGCACAGCTTTGCTTC,0,4352867
yadI_predicted,0.5,1,1,GCCAGATTCCTTATCCTACG,0,4331440
yadI_predicted,0.5,1,1,GCCACCGCAAATTTGTGCAT,0,4354016
yadI_predicted,0.5,1,1,GCCACAGGTTGGTAGCGCGA,0,4331039
yadI_predicted,0.5,1,1,GCCAAGGGTGTGGCGGCGTA,0,4303390
yadI_predicted,0.5,1,1,GCCAAGCTAAGGGACCCTTT,0,4289684
yadI_predicted,0.5,1,1,GCCAAGCGGTGGGGGAAATT,0,4348611
yadI_predicted,0.5,1,1,GCCAACGCGAGACCTCTTTG,0,4343801
yadI_predicted,0.5,1,1,GCATTTGGCATACTTGCATG,0,4307261
yadI_predicted,0.5,1,1,GCATTTCTGGATAACCCTTA,0,4358174
yadI_predicted,0.5,1,1,GCATTGACTCTTGGGGGACG,0,4357544
yadI_predicted,0.5,1,1,GCATTGAAACGCTCTTAGTC,0,4321661
yadI_predicted,0.5,1,1,GCATGCTATACTTCATTTTT,0,4351455
yadI_predicted,0.5,1,1,GCATGATCTGAAACATAGTA,0,4304178
yadI_predicted,0.5,1,1,GCATCTTTGAATATTCATTG,0,4356907
yadI_predicted,0.5,1,1,GCATCTGGTTCGTTGGGCGG,0,4364972
yadI_predicted,0.5,1,1,GCATCGATTCACAGCAGTTC,0,4295522
yadI_predicted,0.5,1,1,GCATCGAAAGATGAGTAAAC,0,4290244
yadI_predicted,0.5,1,1,GCATCCGCGTTCCCAAATCG,0,4306279
yadI_predicted,0.5,1,1,GCATCACGTGTGGTTCGCTT,0,4360334
yadI_predicted,0.5,1,1,GCATAGGCTCTGCATCCGGG,0,4361022
yadI_predicted,0.5,1,1,GCATAAGGTTACTGTTGGAT,0,4350946
yadI_predicted,0.5,1,1,GCATAACCCGCCCTTCCCTT,0,4355275
yadI_predicted,0.5,1,1,GCAGTCTCTTATGATTACTG,0,4284201
yadI_predicted,0.5,1,1,GCAGTCGAGTTGTCAACGGC,0,4310042
yadI_predicted,0.5,1,1,GCAGGTTTGTGCTTGTAAGT,0,4324223
yadI_predicted,0.5,1,1,GCAGGTGAGAGTCTTGGATG,0,4300722
yadI_predicted,0.5,1,1,GCAGCGACTTTAATACTCTT,0,4358774
yadI_predicted,0.5,1,1,GCAGAGGGCATGACGCCCGA,0,4356252
yadI_predicted,0.5,1,1,GCACTGCCGAGCCGGTGGCA,0,4320372
yadI_predicted,0.5,1,1,GCACGTTAGCAGTGAACTAG,0,4346775
yadI_predicted,0.5,1,1,GCACGTCGTCGAAAATGGAG,0,4302165
yadI_predicted,0.5,1,1,GCACGGTAGCTCAGGCCGAC,0,4304344
yadI_predicted,0.5,1,1,GCACGCCTTCGGATAGTTTG,0,4300398
yadI_predicted,0.5,1,1,GCACCGGGTTTTCAGGTACC,0,4318170
yadI_predicted,0.5,1,1,GCACCGCTGTGGCTCGGCAC,0,4356080
yadI_predicted,0.5,1,1,GCACCAGGTCTGCACACGTG,0,4323954
yadI_predicted,0.5,1,1,GCACCACTTTTCGCAACAGG,0,4349700
yadI_predicted,0.5,1,1,GCACAGCCTGTACATCATAA,0,4323830
yadI_predicted,0.5,1,1,GCACAGCCGGGGAACCTCAA,0,4311367
yadI_predicted,0.5,1,1,GCAATTCTGCATAGTATCTC,0,4334213
yadI_predicted,0.5,1,1,GCAATTAGAGCCCGCTCAAA,0,4312696
yadI_predicted,0.5,1,1,GCAATGGGAACTGGCGATCA,0,4366320
yadI_predicted,0.5,1,1,GCAATAGAAGGGAGGAAGTA,0,4344502
yadI_predicted,0.5,1,1,GCAAGGAAGATATAGCGGTA,0,4352075
yadI_predicted,0.5,1,1,GCAAGATTCTAATAACCGAA,0,4352516
yadI_predicted,0.5,1,1,GCAAGAGCGGGCAGCATAAA,0,4350209
yadI_predicted,0.5,1,1,GCAAATTCAAGCACCAATCG,0,4364539
yadI_predicted,0.5,1,1,GCAAATGCCCTGGTGGCACT,0,4308592
yadI_predicted,0.5,1,1,GCAAACAGCCTAGGATCAAT,0,4307537
yadI_predicted,0.5,1,1,GATTTTTACTTGAGACAGAC,0,4363854
yadI_predicted,0.5,1,1,GATTGTGATTGCACAGGCCC,0,4367786
yadI_predicted,0.5,1,1,GATTGTACATAATCCCGCAC,0,4296913
yadI_predicted,0.5,1,1,GATTGACCGGGATCGTCGAT,0,4295300
yadI_predicted,0.5,1,1,GATTCGAGGCCCCACGTGAG,0,4300453
yadI_predicted,0.5,1,1,GATTCCGTTCAACTAGCGCG,0,4313293
yadI_predicted,0.5,1,1,GATTATATCAGTATGTCGGA,0,4306502
yadI_predicted,0.5,1,1,GATTACCCTAGCCCCCATTG,0,4343827
yadI_predicted,0.5,1,1,GATTAAGATGCCCATGTCTC,0,4312232
yadI_predicted,0.5,1,1,GATGTGTCGTCCCCGGCTGC,0,4343967
yadI_predicted,0.5,1,1,GATGTGTACATTTTGGCACA,0,4345260
yadI_predicted,0.5,1,1,GATGTCAAACTATACCTTAG,0,4317756
yadI_predicted,0.5,1,1,GATGTAGGAGCAGTGTACGA,0,4291943
yadI_predicted,0.5,1,1,GATGGTCCATCGTACCCGCC,0,4336032
yadI_predicted,0.5,1,1,GATGGGCCGGGTTTTCCCAG,0,4323195
yadI_predicted,0.5,1,1,GATGCTTATGGTTTTAGGCG,0,4308511
yadI_predicted,0.5,1,1,GATGCTGGTTTTCTCGGAAC,0,4308406
yadI_predicted,0.5,1,1,GATGCTGCCTGGATGTGTCA,0,4292823
yadI_predicted,0.5,1,1,GATGCGTGCATAACATGTAG,0,4353254
yadI_predicted,0.5,1,1,GATGCGCCAACTGTCTATTA,0,4369211
yadI_predicted,0.5,1,1,GATGATGTGTTAATGCCCAA,0,4347995
yadI_predicted,0.5,1,1,GATGACCCCGTCTTGGGAAA,0,4313707
yadI_predicted,0.5,1,1,GATCTTCGGGCGAGTCACTT,0,4353827
yadI_predicted,0.5,1,1,GATCTCTCGCTGTAAGCAGC,0,4294683
yadI_predicted,0.5,1,1,GATCTCATATTCAACAGGCT,0,4308794
yadI_predicted,0.5,1,1,GATCGAGCGTATCACCTAGG,0,4298481
yadI_predicted,0.5,1,1,GATCGACTGTTTAAGTCAAC,0,4287083
yadI_predicted,0.5,1,1,GATCCGTTCCCTAAATTGGA,0,4369268
yadI_predicted,0.5,1,1,GATCCGTGTAACGGCTAAAC,0,4330476
yadI_predicted,0.5,1,1,GATCCCAAATAGGAAAAAAG,0,4297065
yadI_predicted,0.5,1,1,GATCCAGACGAGTTCTACGA,0,4345841
yadI_predicted,0.5,1,1,GATCATCATGTGTGAACGGA,0,4291196
yadI_predicted,0.5,1,1,GATCAAAGCTCATGCCGAAC,0,4352976
yadI_predicted,0.5,1,1,GATATCTGGGTGCCAATGGT,0,4284134
yadI_predicted,0.5,1,1,GATATCCCGGACGCTAAGTG,0,4307215
yadI_predicted,0.5,1,1,GATATCACGAACTTGGGATT,0,4326089
yadI_predicted,0.5,1,1,GATAGTACGTAAGGCAGGGG,0,4362275
yadI_predicted,0.5,1,1,GATAGCTCCCGGACAGCCAT,0,4342679
yadI_predicted,0.5,1,1,GATAGAACATTACCTTGGTC,0,4347670
yadI_predicted,0.5,1,1,GATAATAGGGACAAAGCGAG,0,4332367
yadI_predicted,0.5,1,1,GATAAGGCTACTTCAGTTGG,0,4306500
yadI_predicted,0.5,1,1,GATAAGCTATGGTTACTTTC,0,4342257
yadI_predicted,0.5,1,1,GATAACGACTACTGCTTCAA,0,4355675
yadI_predicted,0.5,1,1,GAGTTTTTTTTCACGGTTGC,0,4306996
yadI_predicted,0.5,1,1,GAGTTAATATTTGTGGACTC,0,4286106
yadI_predicted,0.5,1,1,GAGTGGATCCTAGATGTCTT,0,4293007
yadI_predicted,0.5,1,1,GAGTGCTAGTAGGATATGTA,0,4325335
yadI_predicted,0.5,1,1,GAGTGCGACGATGAGATAGT,0,4285849
yadI_predicted,0.5,1,1,GAGTGCATTCGGAGTGCGCT,0,4312693
yadI_predicted,0.5,1,1,GAGTCGGATAATCTCCTTGT,0,4306457
yadI_predicted,0.5,1,1,GAGTCATCATAACCGCGCGG,0,4316983
yadI_predicted,0.5,1,1,GAGTCAAGCTTGACGGTTTG,0,4314189
yadI_predicted,0.5,1,1,GAGTCAAGCGATGGTCATTA,0,4358417
yadI_predicted,0.5,1,1,GAGTAGCTGTAGAACTTACT,0,4366094
yadI_predicted,0.5,1,1,GAGTACCGTCTTGCCACAAG,0,4286344
yadI_predicted,0.5,1,1,GAGTAAGCAGACAATATGCT,0,4337707
yadI_predicted,0.5,1,1,GAGGTTTACAGCAAGAGGCC,0,4347086
yadI_predicted,0.5,1,1,GAGGTGAAAGTGCATTATAG,0,4317670
yadI_predicted,0.5,1,1,GAGGTCGGACCAACGGCGCA,0,4304409
yadI_predicted,0.5,1,1,GAGGGGTCATCATGAGGGCG,0,4365556
yadI_predicted,0.5,1,1,GAGGGGGGTTCAGGTGATTA,0,4310951
yadI_predicted,0.5,1,1,GAGGGGCGATTCCCTCTTAA,0,4296402
yadI_predicted,0.5,1,1,GAGGGCCGGGACAGTAAGAC,0,4291742
yadI_predicted,0.5,1,1,GAGGGATTAAGCGGTTGGTG,0,4318923
yadI_predicted,0.5,1,1,GAGGCGTCTCGAGTTTAACC,0,4310580
yadI_predicted,0.5,1,1,GAGGCACGTGACCTGTGCTA,0,4294444
yadI_predicted,0.5,1,1,GAGGACGTCAACTGAAAGTG,0,4355849
yadI_predicted,0.5,1,1,GAGGACACTGGAAAATGAAA,0,4302121
yadI_predicted,0.5,1,1,GAGCTGCCGTACCAAGAGGG,0,4361903
yadI_predicted,0.5,1,1,GAGCGGTGTCCGCGAAGCGG,0,4368273
yadI_predicted,0.5,1,1,GAGCGGGGGTACTGGTAGTT,0,4325791
yadI_predicted,0.5,1,1,GAGCGCTGGAGACCCGGAGC,0,4288067
yadI_predicted,0.5,1,1,GAGCGCTCGCACAATAGCAG,0,4360448
yadI_predicted,0.5,1,1,GAGCCTCTTCGGGCGCATGA,0,4313444
yadI_predicted,0.5,1,1,GAGCCGTAACCGGGCTCTTG,0,4304631
yadI_predicted,0.5,1,1,GAGCCGCGGGGGTTCAGAGA,0,4344023
yadI_predicted,0.5,1,1,GAGCCGCCATTTTATGGGGT,0,4333127
yadI_predicted,0.5,1,1,GAGCCGCATGACTCAGCACT,0,4338512
yadI_predicted,0.5,1,1,GAGCCCGCTATCCCTTTATT,0,4288793
yadI_predicted,0.5,1,1,GAGCCATGCGCCTTAGACCT,0,4368554
yadI_predicted,0.5,1,1,GAGCCAGGAGATGCCACGCT,0,4317459
yadI_predicted,0.5,1,1,GAGCAGTTTCCAGGCCTTTT,0,4312493
yadI_predicted,0.5,1,1,GAGCACTCCGCGTTTTAGTT,0,4346554
yadI_predicted,0.5,1,1,GAGCACGGGATCTGGCTGAG,0,4347747
yadI_predicted,0.5,1,1,GAGATTGATTTTCTGGACGT,0,4291572
yadI_predicted,0.5,1,1,GAGATCTGACCAGAGCTAGA,0,4287797
yadI_predicted,0.5,1,1,GAGATCAAGAAAGGTCGAAA,0,4342611
yadI_predicted,0.5,1,1,GAGAGTCAGGTCCACTTAGA,0,4334968
yadI_predicted,0.5,1,1,GAGAGGCGCCGAGGAAGCGA,0,4335922
yadI_predicted,0.5,1,1,GAGAGCTGTAATCGGAGCGA,0,4350502
yadI_predicted,0.5,1,1,GAGAGCGTCACCGACTTTCA,0,4318732
yadI_predicted,0.5,1,1,GAGAGCACCCCGTCATGTAT,0,4339156
yadI_predicted,0.5,1,1,GAGAGATTACAGCCGGAGAG,0,4332572
yadI_predicted,0.5,1,1,GAGAGATCGGCTGGTTGGCC,0,4352954
yadI_predicted,0.5,1,1,GAGACGGACAGACGCCGTGC,0,4328728
yadI_predicted,0.5,1,1,GAGACGCCAGGCGAGGGCAA,0,4310753
yadI_predicted,0.5,1,1,GAGACAGGCTAACCGGCAGT,0,4284651
yadI_predicted,0.5,1,1,GAGAATGTCGCAAATTAGAA,0,4312220
yadI_predicted,0.5,1,1,GAGAAGAATCGTAACGTATC,0,4351860
yadI_predicted,0.5,1,1,GAGAACGCCTTGGCAAGTAG,0,4289020
yadI_predicted,0.5,1,1,GAGAACACAAGTAACTTCCG,0,4355815
yadI_predicted,0.5,1,1,GACTTCGTATTATGTTCCAA,0,4288482
yadI_predicted,0.5,1,1,GACTTAAACGAGGCCTCTCC,0,4313993
yadI_predicted,0.5,1,1,GACTGCATCAAGTGTACGCA,0,4364826
yadI_predicted,0.5,1,1,GACTGAAGCAGTTGTACCAG,0,4368556
yadI_predicted,0.5,1,1,GACTCGACGCGCGCCCGTTG,0,4287654
yadI_predicted,0.5,1,1,GACTCAGGGCAAGGAAGAAT,0,4284935
yadI_predicted,0.5,1,1,GACTATGTACGGGCTATTCC,0,4296948
yadI_predicted,0.5,1,1,GACTAGCATGATGACTTTAG,0,4365190
yadI_predicted,0.5,1,1,GACTAACCCACTAGCGGCCC,0,4306987
yadI_predicted,0.5,1,1,GACGTGAGATACATTCGACC,0,4317615
yadI_predicted,0.5,1,1,GACGTCCTGCTCCCTGAGGC,0,4285199
yadI_predicted,0.5,1,1,GACGGGTGACGCGCTCATCG,0,4321798
yadI_predicted,0.5,1,1,GACGGGTCTAGCCGTGAGCG,0,4304731
yadI_predicted,0.5,1,1,GACGGATGATGGACACGGAG,0,4327659
yadI_predicted,0.5,1,1,GACGGATAGGCGACTTTGTG,0,4353044
yadI_predicted,0.5,1,1,GACGGAACCGGCTATTGGCT,0,4287089
yadI_predicted,0.5,1,1,GACGCGAATAAACGCACCAC,0,4326407
yadI_predicted,0.5,1,1,GACGCCTGGGGTTGCAACCT,0,4352882
yadI_predicted,0.5,1,1,GACGCCCGACGCTTGCTAAA,0,4350933
yadI_predicted,0.5,1,1,GACGATTGGATTCACTTGAA,0,4328183
yadI_predicted,0.5,1,1,GACGATCACACCCTCTTGGA,0,4337386
yadI_predicted,0.5,1,1,GACGAGACAGGCACAATCAT,0,4356585
yadI_predicted,0.5,1,1,GACCTTTACTATTATATAAG,0,4297633
yadI_predicted,0.5,1,1,GACCTTGCCCCGCGTAACCC,0,4295315
yadI_predicted,0.5,1,1,GACCTGTAGGGTATTTTCCA,0,4368491
yadI_predicted,0.5,1,1,GACCTGTAAGCACGTGAAGT,0,4335957
yadI_predicted,0.5,1,1,GACCTCAAGTTAACTTGTTC,0,4337357
yadI_predicted,0.5,1,1,GACCGTAGGCGTGGACTGGC,0,4340798
yadI_predicted,0.5,1,1,GACCGGATATGCCGAAACTA,0,4321991
yadI_predicted,0.5,1,1,GACCGCCACATGCTCTTAAT,0,4287451
yadI_predicted,0.5,1,1,GACCCGCTTAGGCTATGTTC,0,4286516
yadI_predicted,0.5,1,1,GACCCCACTGTCATACCACT,0,4299177
yadI_predicted,0.5,1,1,GACCATGTCTTAGAGACCTT,0,4339500
yadI_predicted,0.5,1,1,GACCATCTTGTTGAATGAAA,0,4284436
yadI_predicted,0.5,1,1,GACCATAACTTAACTCTCCA,0,4284759
yadI_predicted,0.5,1,1,GACCACCTACGTAAGTGCGA,0,4356062
yadI_predicted,0.5,1,1,GACCACCGCATAGTAATCCG,0,4331553
yadI_predicted,0.5,1,1,GACATCGGGCTTTTCCGTCT,0,4363598
yadI_predicted,0.5,1,1,GACATCACCATCTACATTAG,0,4360708
yadI_predicted,0.5,1,1,GACAGTGTTACGCTCGGGAG,0,4288282
yadI_predicted,0.5,1,1,GACAGTGCCATTAAGTCGCA,0,4351302
yadI_predicted,0.5,1,1,GACAGAGGTGGCTTCGGCAA,0,4310190
yadI_predicted,0.5,1,1,GACAGAGAGAGGTCTCGTGT,0,4362177
yadI_predicted,0.5,1,1,GACAGACATATAGCTCAACG,0,4344372
yadI_predicted,0.5,1,1,GACAGAATACTTACAAGGCG,0,4325507
yadI_predicted,0.5,1,1,GACACCCCACAGCGATTGGT,0,4335167
yadI_predicted,0.5,1,1,GACACATTGAAATGAAAGTT,0,4365744
yadI_predicted,0.5,1,1,GACACACCCCGTTATCCCCA,0,4332945
yadI_predicted,0.5,1,1,GACAATTTTATCTAGTAAAC,0,4352128
yadI_predicted,0.5,1,1,GACAACTCCTGCGCCGTATA,0,4292101
yadI_predicted,0.5,1,1,GAATTTTTTTTTTCGGCCTG,0,4337517
yadI_predicted,0.5,1,1,GAATTTTAGGGGTAGTGCGG,0,4312866
yadI_predicted,0.5,1,1,GAATTGAAAGGGGCCGACAG,0,4356269
yadI_predicted,0.5,1,1,GAATTCGCGGTCTCGCTCTA,0,4316177
yadI_predicted,0.5,1,1,GAATTAAGGGAACCGTTTAG,0,4294398
yadI_predicted,0.5,1,1,GAATGGATACGCTCCGTAGA,0,4294653
yadI_predicted,0.5,1,1,GAATGATGGACAGCTTGTAG,0,4318843
yadI_predicted,0.5,1,1,GAATCTCACATAGATACCCC,0,4315369
yadI_predicted,0.5,1,1,GAATCGCAAGTAGGCAGAAA,0,4307837
yadI_predicted,0.5,1,1,GAATCCGCTACTTTCCCCGA,0,4357866
yadI_predicted,0.5,1,1,GAATCCCAGCTCAACCAAGC,0,4319886
yadI_predicted,0.5,1,1,GAATCACGAAGTGTGATCAC,0,4351005
yadI_predicted,0.5,1,1,GAATCACCTGAGGTATCTGT,0,4302287
yadI_predicted,0.5,1,1,GAATATCCTGCCTTACATGT,0,4335319
yadI_predicted,0.5,1,1,GAATAGGTCTTTCAATAACC,0,4345957
yadI_predicted,0.5,1,1,GAATACTGCAAATATTAGTA,0,4320837
yadI_predicted,0.5,1,1,GAATACCAAATCAAGTCAAG,0,4291641
yadI_predicted,0.5,1,1,GAATAATGTAGCTTGCGTGA,0,4325626
yadI_predicted,0.5,1,1,GAATAATACTCGTTAATAAA,0,4335652
yadI_predicted,0.5,1,1,GAAGTTTAAACAGGGTCTTG,0,4366952
yadI_predicted,0.5,1,1,GAAGTGCCGTCTCCTGTCAC,0,4321455
yadI_predicted,0.5,1,1,GAAGCTCACCTTCAAACGAA,0,4352512
yadI_predicted,0.5,1,1,GAAGCGTAGGTCCCACGGAG,0,4337694
yadI_predicted,0.5,1,1,GAAGCGCCCTGCCCAGCCGG,0,4315407
yadI_predicted,0.5,1,1,GAAGCCTGCCCTGCGAAACC,0,4296235
yadI_predicted,0.5,1,1,GAAGATCTGAAGGAACGGTC,0,4304286
yadI_predicted,0.5,1,1,GAAGAGCTCATAGTTCGGTG,0,4360628
yadI_predicted,0.5,1,1,GAAGACCTCCAAAGACTAGT,0,4361893
yadI_predicted,0.5,1,1,GAAGACCGCGCGTGGGCGGA,0,4335104
yadI_predicted,0.5,1,1,GAAGAATGGTCCGGCATGAA,0,4352999
yadI_predicted,0.5,1,1,GAACTCGTGTGCACCGTAGT,0,4334313
yadI_predicted,0.5,1,1,GAACTAGTTATGGCGACTGG,0,4319029
yadI_predicted,0.5,1,1,GAACGGCACAACACTGCGTA,0,4363288
yadI_predicted,0.5,1,1,GAACCTGTCACTCGTCAACC,0,4353808
yadI_predicted,0.5,1,1,GAACCGGATTGGTCACACCA,0,4364929
yadI_predicted,0.5,1,1,GAACCCCGAAGAACCGTTCA,0,4296812
yadI_predicted,0.5,1,1,GAACCATCTAAGGGCTAGCT,0,4301453
yadI_predicted,0.5,1,1,GAACAGGTGAGTATGGTTAC,0,4318117
yadI_predicted,0.5,1,1,GAACAACAGGTCTTTACTCT,0,4317500
yadI_predicted,0.5,1,1,GAAAGCGAACTGGTAGGTCG,0,4319455
yadI_predicted,0.5,1,1,GAAAGCACTTAGTAATCGCT,0,4328813
yadI_predicted,0.5,1,1,GAAACTGTACGGTCAGCACT,0,4358868
yadI_predicted,0.5,1,1,GAAACCCAGTTGCTACACCT,0,4340045
yadI_predicted,0.5,1,1,GAAACAGCCGCTAAAGTTCC,0,4289662
yadI_predicted,0.5,1,1,GAAACAATACTACCTTCGCC,0,4301928
yadI_predicted,0.5,1,1,GAAAATGACCACACGCGTCT,0,4304986
yadI_predicted,0.5,1,1,GAAAACCTCGCGGACGGTCA,0,4339211
yadI_predicted,0.5,1,1,GAAAAATTGCTTGGCATTAG,0,4361124
yadI_predicted,0.5,1,1,GAAAAAGCCCAGAGCCGCAG,0,4317811
yadI_predicted,0.5,1,1,CTTTTTAGCAAACGTAGATT,0,4369945
yadI_predicted,0.5,1,1,CTTTTGGGTTCGGACCAAGT,0,4316225
yadI_predicted,0.5,1,1,CTTTTGGACCGGGTGTTGCA,0,4358614
yadI_predicted,0.5,1,1,CTTTTATTTCACAAGGTCTG,0,4291980
yadI_predicted,0.5,1,1,CTTTTATATTAGGATCGGGT,0,4355247
yadI_predicted,0.5,1,1,CTTTTAAAAGATTCCCTGTT,0,4318924
yadI_predicted,0.5,1,1,CTTTCGTCCAACTAAGGTGC,0,4302220
yadI_predicted,0.5,1,1,CTTTCCCTTAACAGGGGAAT,0,4346489
yadI_predicted,0.5,1,1,CTTTATTGTACCACAAGATA,0,4319033
yadI_predicted,0.5,1,1,CTTTATAGCTACTGACTCAT,0,4333015
yadI_predicted,0.5,1,1,CTTTACATAGGGGGGTTCAA,0,4296804
yadI_predicted,0.5,1,1,CTTTACAAACGGCCCGAAGG,0,4350020
yadI_predicted,0.5,1,1,CTTTAAGATCAAGAACTTCA,0,4311553
yadI_predicted,0.5,1,1,CTTGTTCCGGTCTTCCCTCC,0,4317082
yadI_predicted,0.5,1,1,CTTGTGTAAGGGGACGGACT,0,4302801
yadI_predicted,0.5,1,1,CTTGTAGGCAAGTCAATCGG,0,4303639
yadI_predicted,0.5,1,1,CTTGGTTTTGCTAACGACCA,0,4324010
yadI_predicted,0.5,1,1,CTTGGTTAAATAGCCTAGCG,0,4337154
yadI_predicted,0.5,1,1,CTTGGTCATCTCGTACTCTA,0,4307616
yadI_predicted,0.5,1,1,CTTGGGACGGGTCAATAGTT,0,4369919
yadI_predicted,0.5,1,1,CTTGGCTAACGCGGCAGAGT,0,4326170
yadI_predicted,0.5,1,1,CTTGGCGGGGCACATTCTCA,0,4306308
yadI_predicted,0.5,1,1,CTTGGAATCTGCGGCTGTGT,0,4293359
yadI_predicted,0.5,1,1,CTTGGAACCGCGAGCCCAAA,0,4367998
yadI_predicted,0.5,1,1,CTTGCTGTGGTCTACCGGGA,0,4297522
yadI_predicted,0.5,1,1,CTTGCGTATGCATATAACAA,0,4341896
yadI_predicted,0.5,1,1,CTTGCAATTCGGTGTCAAAT,0,4325255
yadI_predicted,0.5,1,1,CTTGATCGCGGAGCAGTACA,0,4370060
yadI_predicted,0.5,1,1,CTTGAGCGCCCCTCCACTGA,0,4297139
yadI_predicted,0.5,1,1,CTTGAGAACGGCAACATTAT,0,4367497
yadI_predicted,0.5,1,1,CTTGAACCATCTCACACACT,0,4342694
yadI_predicted,0.5,1,1,CTTCTATATCGGGGTAGTAT,0,4336288
yadI_predicted,0.5,1,1,CTTCGTTAAATTTGTTCATG,0,4350818
yadI_predicted,0.5,1,1,CTTCGCTGCTAATGCCCCTT,0,4304134
yadI_predicted,0.5,1,1,CTTCGATCACATAACCTTAC,0,4313808
yadI_predicted,0.5,1,1,CTTCCGCGTCTTCCCTGAAG,0,4341304
yadI_predicted,0.5,1,1,CTTCCGACCGTGTTCTTCGT,0,4365313
yadI_predicted,0.5,1,1,CTTCATATACACGGCATTAC,0,4309550
yadI_predicted,0.5,1,1,CTTCAGCCCCGGGCTCCTGC,0,4285608
yadI_predicted,0.5,1,1,CTTCAATTACGCGTTTTCAG,0,4319039
yadI_predicted,0.5,1,1,CTTATGGCATAGAAGGTGCA,0,4320710
yadI_predicted,0.5,1,1,CTTATCGGATCACAACTGTA,0,4297645
yadI_predicted,0.5,1,1,CTTAGTGCTGCGGGTAAGGA,0,4358235
yadI_predicted,0.5,1,1,CTTAGTCTGCCTTTGGGGAC,0,4351895
yadI_predicted,0.5,1,1,CTTAGGGAGGTCTATCACAA,0,4339673
yadI_predicted,0.5,1,1,CTTAGAAAACGGTCTGACAA,0,4349361
yadI_predicted,0.5,1,1,CTTACACGTGTGCCGCATGG,0,4326130
yadI_predicted,0.5,1,1,CTTAATTGGAAGATTCCGGG,0,4344964
yadI_predicted,0.5,1,1,CTTAATGTCTCTGTATAGGG,0,4358512
yadI_predicted,0.5,1,1,CTTAATGCTACAACCTCTTA,0,4310505
yadI_predicted,0.5,1,1,CTTAACTCGATTTGTGTTCG,0,4323391
yadI_predicted,0.5,1,1,CTTAACAGACAAATTGTCTA,0,4312789
yadI_predicted,0.5,1,1,CTTAAAAGCCGAACGTCCCA,0,4356497
yadI_predicted,0.5,1,1,CTGTTCTTCGAGCACGGGCA,0,4333254
yadI_predicted,0.5,1,1,CTGTTCTATGCGGAGGCACA,0,4350173
yadI_predicted,0.5,1,1,CTGTTACCCGCTCAACCTGT,0,4323579
yadI_predicted,0.5,1,1,CTGTGTCGGCCGTCCAAACG,0,4341382
yadI_predicted,0.5,1,1,CTGTGTAATCTCAAAGCATC,0,4303600
yadI_predicted,0.5,1,1,CTGTGCTATGGCACATCCGT,0,4291156
yadI_predicted,0.5,1,1,CTGTGCGTGCGGTTGGGGGG,0,4311046
yadI_predicted,0.5,1,1,CTGTCTCACTATGTCCAATG,0,4322044
yadI_predicted,0.5,1,1,CTGTAGACCGGTGGAAGAAG,0,4316060
yadI_predicted,0.5,1,1,CTGTACGAACCACGTGCAGC,0,4341962
yadI_predicted,0.5,1,1,CTGTACCCGATACCCAAGTT,0,4369921
yadI_predicted,0.5,1,1,CTGTAAGACACCTTGACTCG,0,4309965
yadI_predicted,0.5,1,1,CTGGTGTTGAACAAGTCCCG,0,4293248
yadI_predicted,0.5,1,1,CTGGTGTAGGAGTCTACTTC,0,4366433
yadI_predicted,0.5,1,1,CTGGTGGCCAATCGGATCTA,0,4290467
yadI_predicted,0.5,1,1,CTGGTCTGGGGAGAACCTCT,0,4358300
yadI_predicted,0.5,1,1,CTGGTCGGTTCCACAGGTCT,0,4326321
yadI_predicted,0.5,1,1,CTGGGTATGAAAAGAGATTG,0,4350923
yadI_predicted,0.5,1,1,CTGGGAAGGAAGTCGTCCTA,0,4329105
yadI_predicted,0.5,1,1,CTGGGAAGACTCCTCACCAC,0,4334863
yadI_predicted,0.5,1,1,CTGGCTGACGTATGGGCGTG,0,4325344
yadI_predicted,0.5,1,1,CTGGCGGTGCTCCACCTAAT,0,4294505
yadI_predicted,0.5,1,1,CTGGCGGGCCGCTTTGAGAG,0,4313306
yadI_predicted,0.5,1,1,CTGGCACGCCCCGCGTATAC,0,4358849
yadI_predicted,0.5,1,1,CTGGATGTCAGACTACGACA,0,4289181
yadI_predicted,0.5,1,1,CTGGAGTTACAAGCGAGAAC,0,4356972
yadI_predicted,0.5,1,1,CTGGAGATAGCCGCGACGCA,0,4299648
yadI_predicted,0.5,1,1,CTGGACTCGCTAATCCGAGC,0,4317552
yadI_predicted,0.5,1,1,CTGGACAAGCTGACGCCTCA,0,4356795
yadI_predicted,0.5,1,1,CTGGAACGTATGCGAGCCAC,0,4362379
yadI_predicted,0.5,1,1,CTGCTTTGTCAGTAATGTCG,0,4340564
yadI_predicted,0.5,1,1,CTGCGCGTATGTCTCACTCT,0,4354816
yadI_predicted,0.5,1,1,CTGCCTTGATTTAGCCACAG,0,4345343
yadI_predicted,0.5,1,1,CTGCCTGGACAACAGCGCCG,0,4293064
yadI_predicted,0.5,1,1,CTGCCGTGAGACCTGGCTTC,0,4319970
yadI_predicted,0.5,1,1,CTGCCGCGTGTCGTGTTTGT,0,4348733
yadI_predicted,0.5,1,1,CTGCATTACCTACGCTAATT,0,4364805
yadI_predicted,0.5,1,1,CTGCAGATAAGTCGTTCAAT,0,4348670
yadI_predicted,0.5,1,1,CTGATGTAAGCCAAGTCAGG,0,4296905
yadI_predicted,0.5,1,1,CTGATGCGAAACTCTCAGCG,0,4310065
yadI_predicted,0.5,1,1,CTGATGAATATGACTGAGGC,0,4286805
yadI_predicted,0.5,1,1,CTGATATATCCTACCCCGTC,0,4360157
yadI_predicted,0.5,1,1,CTGAGTTATGAAGAGTAAAC,0,4323610
yadI_predicted,0.5,1,1,CTGAGTGAAGGCAGGGTAGA,0,4324434
yadI_predicted,0.5,1,1,CTGAGTAAAACAGTTGATTT,0,4334494
yadI_predicted,0.5,1,1,CTGAGCCTAATAGGCGCCTC,0,4284563
yadI_predicted,0.5,1,1,CTGACCTGATGCCTTTCATA,0,4324526
yadI_predicted,0.5,1,1,CTGACCATTTCGGCGCTTAG,0,4324073
yadI_predicted,0.5,1,1,CTGAAGTACTATGGTGTCTT,0,4363231
yadI_predicted,0.5,1,1,CTGAACCACGATGTGGTGCC,0,4301505
yadI_predicted,0.5,1,1,CTGAAAGGCAAACCCCAACA,0,4312127
yadI_predicted,0.5,1,1,CTCTTCGTAAGAATTTCCAT,0,4327133
yadI_predicted,0.5,1,1,CTCTTCAGTACAGTTGGTCT,0,4308917
yadI_predicted,0.5,1,1,CTCTGGTACGCTGAGGCAGA,0,4311626
yadI_predicted,0.5,1,1,CTCTGCGTAAGTCTCCTGTT,0,4342237
yadI_predicted,0.5,1,1,CTCTGACATTAGTGGCGACG,0,4369572
yadI_predicted,0.5,1,1,CTCTGAATGCTGTACTTCCT,0,4354244
yadI_predicted,0.5,1,1,CTCTGAAGCGGGGGCTCGAT,0,4304279
yadI_predicted,0.5,1,1,CTCTCGTGAGTGGATCATTA,0,4361563
yadI_predicted,0.5,1,1,CTCTCGGGTAATCTAGCCGG,0,4324953
yadI_predicted,0.5,1,1,CTCTCGGAGAGTTTCCTCTC,0,4318427
yadI_predicted,0.5,1,1,CTCTCCCCGCGATAGTCTGG,0,4302256
yadI_predicted,0.5,1,1,CTCTAATAATGCGGCGTTTG,0,4367958
yadI_predicted,0.5,1,1,CTCGTGGCGGCATCCACACC,0,4356965
yadI_predicted,0.5,1,1,CTCGTGCAGGTTCCAGCGAT,0,4310083
yadI_predicted,0.5,1,1,CTCGTCGTTGGTGAGACAAA,0,4309763
yadI_predicted,0.5,1,1,CTCGTCACTTTACTGCCGCT,0,4307534
yadI_predicted,0.5,1,1,CTCGTAGATCGGGGTAAGGG,0,4319061
yadI_predicted,0.5,1,1,CTCGGTTTCATCTTGGTTCA,0,4346733
yadI_predicted,0.5,1,1,CTCGGGGGGAACGATCCGAG,0,4296829
yadI_predicted,0.5,1,1,CTCGGGCAGCGCGCGGTCAA,0,4284661
yadI_predicted,0.5,1,1,CTCGGCTTTCAAGTGCGATC,0,4296407
yadI_predicted,0.5,1,1,CTCGGCAAGGTTATAACATA,0,4346530
yadI_predicted,0.5,1,1,CTCGCGTGAGGTTTAAATCC,0,4289533
yadI_predicted,0.5,1,1,CTCGCGCGAATCCCTATTTT,0,4350599
yadI_predicted,0.5,1,1,CTCGCCCATACAAACGACAA,0,4349395
yadI_predicted,0.5,1,1,CTCGATAATCCAGGTGGAGC,0,4290233
yadI_predicted,0.5,1,1,CTCCTTACAACACTAAAGGG,0,4334861
yadI_predicted,0.5,1,1,CTCCGGTTATTAGCCCTCGA,0,4293717
yadI_predicted,0.5,1,1,CTCCGCTCCCGCAACCATCC,0,4327380
yadI_predicted,0.5,1,1,CTCCGCAGGAGAGCGGCCCA,0,4332195
yadI_predicted,0.5,1,1,CTCCGACCACTTCTCCCCTA,0,4363043
yadI_predicted,0.5,1,1,CTCCCGCATAGCCGCCCGGG,0,4350866
yadI_predicted,0.5,1,1,CTCCCGATTCATTGCCTGTG,0,4336617
yadI_predicted,0.5,1,1,CTCCCAAGCAGCGGGATGCC,0,4320641
yadI_predicted,0.5,1,1,CTCCAGAGAGTTTTTATCTC,0,4355226
yadI_predicted,0.5,1,1,CTCATAGCACCTCATACAAT,0,4290720
yadI_predicted,0.5,1,1,CTCATAAAAAGAGGGTTAGT,0,4305972
yadI_predicted,0.5,1,1,CTCAGACGGATACAAAAAAA,0,4328195
yadI_predicted,0.5,1,1,CTCACCAGCCCCCCATGGAG,0,4357462
yadI_predicted,0.5,1,1,CTCACATGTAGGCGCAACAC,0,4306690
yadI_predicted,0.5,1,1,CTCACATCATTTAATTTTGC,0,4348599
yadI_predicted,0.5,1,1,CTCAACCGTAGTCGGCTTAA,0,4310272
yadI_predicted,0.5,1,1,CTCAAAGGGATTACTAACGT,0,4302554
yadI_predicted,0.5,1,1,CTCAAACTGGATCCACGCGC,0,4316690
yadI_predicted,0.5,1,1,CTATTTATTTGTCCCTCCTC,0,4368329
yadI_predicted,0.5,1,1,CTATTTACCGTCAGATTGGT,0,4326482
yadI_predicted,0.5,1,1,CTATTGAAATTGGGTATGCG,0,4348570
yadI_predicted,0.5,1,1,CTATTCGGGCGTGCAGTGTC,0,4347108
yadI_predicted,0.5,1,1,CTATGTTTAGCTATGCGTGT,0,4341969
yadI_predicted,0.5,1,1,CTATGTTCGTTGAAGCGTCA,0,4361558
yadI_predicted,0.5,1,1,CTATGGCGATAGAGGCGTCT,0,4308732
yadI_predicted,0.5,1,1,CTATGGAACACAGATTGTTA,0,4352646
yadI_predicted,0.5,1,1,CTATGCACATAGCTCAGTGC,0,4350678
yadI_predicted,0.5,1,1,CTAGTTCGAGATTCTGAGCT,0,4364627
yadI_predicted,0.5,1,1,CTAGTGCGGGAAGATCCTAG,0,4321830
yadI_predicted,0.5,1,1,CTAGGTTACGACCCGCACAT,0,4349488
yadI_predicted,0.5,1,1,CTAGGCCACCAGTGCTGTAT,0,4311871
yadI_predicted,0.5,1,1,CTAGCACAGAAAATCAGTCA,0,4304358
yadI_predicted,0.5,1,1,CTAGCAACACACCTTAATGG,0,4356208
yadI_predicted,0.5,1,1,CTAGATTCGGGGGTAGGCCC,0,4352912
yadI_predicted,0.5,1,1,CTAGATGACAGGGTAGGTAG,0,4285866
yadI_predicted,0.5,1,1,CTAGAGCATATGTTTCATAA,0,4299195
yadI_predicted,0.5,1,1,CTAGAAGTGGTGTAGTCTGC,0,4335249
yadI_predicted,0.5,1,1,CTACTAATGCGCTGCGTGTT,0,4348261
yadI_predicted,0.5,1,1,CTACGTCTCATGGAGCGCGC,0,4368689
yadI_predicted,0.5,1,1,CTACGCACCAACATGAGCTA,0,4368350
yadI_predicted,0.5,1,1,CTACGAATTAGATGGAGGAA,0,4337766
yadI_predicted,0.5,1,1,CTACGAAGCAGTGTTGTTTA,0,4340485
yadI_predicted,0.5,1,1,CTACCCGTTTGGATGTGTTG,0,4326300
yadI_predicted,0.5,1,1,CTACCCACGAATCGATCCAC,0,4349972
yadI_predicted,0.5,1,1,CTACCAGGGAACATAGCTTG,0,4307946
yadI_predicted,0.5,1,1,CTACAATGCGGCTGGGCGCG,0,4321331
yadI_predicted,0.5,1,1,CTACAAAAGCCTGAAGGTTA,0,4347522
yadI_predicted,0.5,1,1,CTAATAGTCGAACCTATCCC,0,4339688
yadI_predicted,0.5,1,1,CTAAGTAAACCTCCAAATAT,0,4334651
yadI_predicted,0.5,1,1,CTAAGCAGAATTCACGACCT,0,4367609
yadI_predicted,0.5,1,1,CTAAGATACTGGCAGGTGCT,0,4328311
yadI_predicted,0.5,1,1,CTAACGCTGCAATGTCTTCA,0,4330843
yadI_predicted,0.5,1,1,CTAACGAGTTTCAGACGGTT,0,4346447
yadI_predicted,0.5,1,1,CTAACACCTAGTAGATCAAT,0,4363721
yadI_predicted,0.5,1,1,CTAAATGATGGGATACGGTA,0,4322803
yadI_predicted,0.5,1,1,CGTTTGGCAACATTTGGAGC,0,4299958
yadI_predicted,0.5,1,1,CGTTTGCAGGTCCCTCACTT,0,4290878
yadI_predicted,0.5,1,1,CGTTTGCAGAAGGTCGCTAG,0,4363766
yadI_predicted,0.5,1,1,CGTTGTTTGTGTTGTAATTT,0,4341851
yadI_predicted,0.5,1,1,CGTTGGGTGGTGCGGGGTCT,0,4288490
yadI_predicted,0.5,1,1,CGTTGGCTTTCTCGGCCTGA,0,4369087
yadI_predicted,0.5,1,1,CGTTGCGCCTTTCATGCTGT,0,4318557
yadI_predicted,0.5,1,1,CGTTGAGACTGACGATGTAC,0,4361787
yadI_predicted,0.5,1,1,CGTTGAATCAATCCGTCCTA,0,4289226
yadI_predicted,0.5,1,1,CGTTCAGAGTTTTAAATGCA,0,4325027
yadI_predicted,0.5,1,1,CGTTAGCATTTCTATCAGGT,0,4296963
yadI_predicted,0.5,1,1,CGTTAAGTACGACGGAGAGG,0,4354048
yadI_predicted,0.5,1,1,CGTTAAGACAGATGCTTTCT,0,4325868
yadI_predicted,0.5,1,1,CGTTAACTAGGGAACGGCAC,0,4303429
yadI_predicted,0.5,1,1,CGTGTCATTCGAAACTTGAG,0,4334244
yadI_predicted,0.5,1,1,CGTGTATTGTTAGCAGAAGG,0,4338770
yadI_predicted,0.5,1,1,CGTGGTGAGCAAATTATTGC,0,4334802
yadI_predicted,0.5,1,1,CGTGCTATTTCAGATTGGTC,0,4320119
yadI_predicted,0.5,1,1,CGTGCCGAGTAACTGGCTAA,0,4331220
yadI_predicted,0.5,1,1,CGTGCCCTTACGTGACAGTG,0,4308439
yadI_predicted,0.5,1,1,CGTGATGTGCATACGCCTTA,0,4360597
yadI_predicted,0.5,1,1,CGTGATGCGGTGTCTGAGTC,0,4355119
yadI_predicted,0.5,1,1,CGTGAGGAATTCTGCTAATA,0,4311247
yadI_predicted,0.5,1,1,CGTGAGCGCGCAATGCGTTT,0,4334552
yadI_predicted,0.5,1,1,CGTGAAGAATAGAGTATTAA,0,4368323
yadI_predicted,0.5,1,1,CGTCTGGCAACCGCATTCAG,0,4299486
yadI_predicted,0.5,1,1,CGTCTGGAAACCATAGGGAA,0,4341001
yadI_predicted,0.5,1,1,CGTCTCTGGATAATCGGCGA,0,4287456
yadI_predicted,0.5,1,1,CGTCTCGCATGACCGCCCTC,0,4320784
yadI_predicted,0.5,1,1,CGTCTCGAATCTGTCGAATC,0,4301009
yadI_predicted,0.5,1,1,CGTCTAGTGGCAGAATGTCA,0,4298891
yadI_predicted,0.5,1,1,CGTCGTCAGAAATGCATAAT,0,4309693
yadI_predicted,0.5,1,1,CGTCGGGCCGCGAGCACTCG,0,4356387
yadI_predicted,0.5,1,1,CGTCGGCCTTCTCACAGATT,0,4302534
yadI_predicted,0.5,1,1,CGTCGCCAGTATTCAGAGCA,0,4298494
yadI_predicted,0.5,1,1,CGTCCTTACACTTGGGCTTA,0,4304802
yadI_predicted,0.5,1,1,CGTCCTGCCATGATTCCCTA,0,4331177
yadI_predicted,0.5,1,1,CGTCCCCTTGGGCTCAGGCC,0,4302842
yadI_predicted,0.5,1,1,CGTCCCACATCACCAGCACT,0,4304851
yadI_predicted,0.5,1,1,CGTCACCTTAATGCAGGGCA,0,4344956
yadI_predicted,0.5,1,1,CGTCAATCTGTAGATCGGCT,0,4302309
yadI_predicted,0.5,1,1,CGTCAACGAATCGGATGTGT,0,4358350
yadI_predicted,0.5,1,1,CGTATTTTTGGACGGGTTTG,0,4350981
yadI_predicted,0.5,1,1,CGTATGAGGCCCTGTAGCCC,0,4302337
yadI_predicted,0.5,1,1,CGTATCCGCGGCTAATGCTA,0,4369612
yadI_predicted,0.5,1,1,CGTAGCCTGACCAGTGAAGT,0,4322607
yadI_predicted,0.5,1,1,CGTAGAAAGTTTCTGAGTAG,0,4305009
yadI_predicted,0.5,1,1,CGTACGAACCAAGTGCAGTG,0,4294667
yadI_predicted,0.5,1,1,CGTACCGGCAAGACATTGCA,0,4305188
yadI_predicted,0.5,1,1,CGTACCAGGTCTCATCCAAC,0,4311116
yadI_predicted,0.5,1,1,CGTACCAGAGGCTTCAACTT,0,4349332
yadI_predicted,0.5,1,1,CGTACACATTCTCTGATTCA,0,4312447
yadI_predicted,0.5,1,1,CGTAATGGCCACATTGGGTT,0,4295254
yadI_predicted,0.5,1,1,CGTAAGTATACAAACGGGGA,0,4363042
yadI_predicted,0.5,1,1,CGTAAGCGCTACCAATTATG,0,4313833
yadI_predicted,0.5,1,1,CGTAAGATACTTCCGATCCT,0,4339944
yadI_predicted,0.5,1,1,CGTAAGAGAATGAATTAGTT,0,4316768
yadI_predicted,0.5,1,1,CGTAAATTTTATATCATGAG,0,4284617
yadI_predicted,0.5,1,1,CGTAAAGGTGTCCGTAGATG,0,4340606
yadI_predicted,0.5,1,1,CGGTTTTAGTGAATTGTCTG,0,4366636
yadI_predicted,0.5,1,1,CGGTTTGTCCGTATCCGCGT,0,4363417
yadI_predicted,0.5,1,1,CGGTTTGCGGTGAAGGAAGT,0,4335713
yadI_predicted,0.5,1,1,CGGTTCCTCTTGCGGAATTC,0,4354339
yadI_predicted,0.5,1,1,CGGTTCCGTCTTATCCGATC,0,4315619
yadI_predicted,0.5,1,1,CGGTTCAGTGGTGGGTGTCA,0,4369452
yadI_predicted,0.5,1,1,CGGTTCAGATCTAGGTCCAT,0,4327594
yadI_predicted,0.5,1,1,CGGTTCACATCCTGGAGGGA,0,4350036
yadI_predicted,0.5,1,1,CGGTTAGGATTATCACAGAG,0,4358678
yadI_predicted,0.5,1,1,CGGTGTTCGCGTTCTCCTGG,0,4360739
yadI_predicted,0.5,1,1,CGGTGGGGGGGGGATGACCA,0,4342034
yadI_predicted,0.5,1,1,CGGTGGCTGAAAGGAGGTGC,0,4286533
yadI_predicted,0.5,1,1,CGGTGCGCTTAGTAGCTGCA,0,4296253
yadI_predicted,0.5,1,1,CGGTGAGTTGTACGGGGGCT,0,4349220
yadI_predicted,0.5,1,1,CGGTGAACAGCAACAGCTTT,0,4317599
yadI_predicted,0.5,1,1,CGGTCTTCAATTGGGCCACA,0,4362812
yadI_predicted,0.5,1,1,CGGTCTTAAAATTCCCTGGA,0,4365267
yadI_predicted,0.5,1,1,CGGTCGGCGCGGGTCCACTA,0,4365174
yadI_predicted,0.5,1,1,CGGTCATCCTACTAACCTCA,0,4300718
yadI_predicted,0.5,1,1,CGGTCAAAAGTGAGCGTATG,0,4287650
yadI_predicted,0.5,1,1,CGGTAAGTAGTGGTTTGTGG,0,4348425
yadI_predicted,0.5,1,1,CGGGTGTTAGAGGGGAAAAT,0,4350869
yadI_predicted,0.5,1,1,CGGGTGTAAAAACACCACCC,0,4295091
yadI_predicted,0.5,1,1,CGGGTCTGAATGCAGATAGC,0,4369416
yadI_predicted,0.5,1,1,CGGGTATGTACTTGAAACCA,0,4305714
yadI_predicted,0.5,1,1,CGGGGTTTCAATCAGAATAT,0,4324948
yadI_predicted,0.5,1,1,CGGGGTCTATGACGACCCTT,0,4354034
yadI_predicted,0.5,1,1,CGGGGCCGACAGAGGACGGC,0,4362518
yadI_predicted,0.5,1,1,CGGGCTTTATTAAAAGAAAC,0,4358307
yadI_predicted,0.5,1,1,CGGGCTCTCTTCCTGCCCCT,0,4291823
yadI_predicted,0.5,1,1,CGGGCTCTACCAGATCACCA,0,4317592
yadI_predicted,0.5,1,1,CGGGCGTGGGGTAAAGCGCG,0,4302409
yadI_predicted,0.5,1,1,CGGGCGGACGGCCGCGGTCT,0,4293537
yadI_predicted,0.5,1,1,CGGGCGCTAATGCCGGACGC,0,4336146
yadI_predicted,0.5,1,1,CGGGCGCGGCGTGACAGCGT,0,4348158
yadI_predicted,0.5,1,1,CGGGCGCCGCGTTATTCTTA,0,4343067
yadI_predicted,0.5,1,1,CGGGCAAGGAGTATAGGTTA,0,4311067
yadI_predicted,0.5,1,1,CGGGATTTGGACGTTGCGTT,0,4326780
yadI_predicted,0.5,1,1,CGGGATTGTACAAGCTCGAC,0,4356959
yadI_predicted,0.5,1,1,CGGGATGCCCTGAAGACAAG,0,4313162
yadI_predicted,0.5,1,1,CGGGAGCGTCACGGTGGAGT,0,4312641
yadI_predicted,0.5,1,1,CGGGACTCCATCAGGCCCTG,0,4298748
yadI_predicted,0.5,1,1,CGGGAATGTTCATACCCAAG,0,4318358
yadI_predicted,0.5,1,1,CGGGAATAGCTGGACAAGCG,0,4334353
yadI_predicted,0.5,1,1,CGGGAAGGTACATTGTCTGA,0,4323165
yadI_predicted,0.5,1,1,CGGCTTAGGCCTGTTTGTTA,0,4357333
yadI_predicted,0.5,1,1,CGGCTCAAGAGAGGGACCTG,0,4287105
yadI_predicted,0.5,1,1,CGGCGTCTTTCTAAACCATT,0,4322095
yadI_predicted,0.5,1,1,CGGCGATCCGGGGCGCTGAA,0,4337407
yadI_predicted,0.5,1,1,CGGCCTTAGCGTTCAAGTCT,0,4334790
yadI_predicted,0.5,1,1,CGGCCCCGGGTCGCCCCTGT,0,4354206
yadI_predicted,0.5,1,1,CGGCCCATAGTCTAGTATAT,0,4344078
yadI_predicted,0.5,1,1,CGGCCAAATTCTGGTTCATC,0,4340988
yadI_predicted,0.5,1,1,CGGCATCGGGAGTATCCCGG,0,4346079
yadI_predicted,0.5,1,1,CGGCAGGTGCTTTGTGTCAC,0,4311945
yadI_predicted,0.5,1,1,CGGCACGCCGCTTCATAGCG,0,4357396
yadI_predicted,0.5,1,1,CGGCAAGGTATTTTTTCTCG,0,4365811
yadI_predicted,0.5,1,1,CGGCAAAATGAATGGATAAG,0,4315064
yadI_predicted,0.5,1,1,CGGATTTCACAAACATGCCC,0,4312251
yadI_predicted,0.5,1,1,CGGATTGTCCCGACGGGGCT,0,4284564
yadI_predicted,0.5,1,1,CGGATTCAGTCGCTAAAGGA,0,4335268
yadI_predicted,0.5,1,1,CGGATGAAAGACAACGAACT,0,4287817
yadI_predicted,0.5,1,1,CGGATATGGGGACAGTGTCT,0,4328750
yadI_predicted,0.5,1,1,CGGATAAACGGCGGAGTCTG,0,4285326
yadI_predicted,0.5,1,1,CGGAGTGAGACGTGTATTAG,0,4330521
yadI_predicted,0.5,1,1,CGGAGCTACCGAAGTGACGG,0,4294364
yadI_predicted,0.5,1,1,CGGAGACTAATATAGTCAGA,0,4330962
yadI_predicted,0.5,1,1,CGGAGACCGATGCCATACCC,0,4354827
yadI_predicted,0.5,1,1,CGGAGAAGTCATATGCCACA,0,4300800
yadI_predicted,0.5,1,1,CGGACGGAGTGTCCAAGGCC,0,4347497
yadI_predicted,0.5,1,1,CGGACCAAACTCCATGCGCC,0,4295810
yadI_predicted,0.5,1,1,CGGAAGAGTGTCTAGCTTGA,0,4319405
yadI_predicted,0.5,1,1,CGGAACAGCGATGTTGACCT,0,4323468
yadI_predicted,0.5,1,1,CGGAAATAGATGTCTTCGCG,0,4369006
yadI_predicted,0.5,1,1,CGCTTGACTATGTCACCGTG,0,4337173
yadI_predicted,0.5,1,1,CGCTTAACATATAGTGTCCC,0,4356529
yadI_predicted,0.5,1,1,CGCTCTTGTTTATGGTCCTG,0,4297904
yadI_predicted,0.5,1,1,CGCTACTCGTCCCTTCAATA,0,4353644
yadI_predicted,0.5,1,1,CGCGTTCGAATGATGGGGTC,0,4313056
yadI_predicted,0.5,1,1,CGCGTGTCACCACGGAATGG,0,4336993
yadI_predicted,0.5,1,1,CGCGTGAACCCGCCTATAAC,0,4351657
yadI_predicted,0.5,1,1,CGCGTACGTGGCCGTTAATG,0,4319188
yadI_predicted,0.5,1,1,CGCGTAATGTTGATTAGACT,0,4344155
yadI_predicted,0.5,1,1,CGCGGTGATGCACAGGTCGC,0,4300150
yadI_predicted,0.5,1,1,CGCGGTGAGATCGCGGGACT,0,4341337
yadI_predicted,0.5,1,1,CGCGGTAGAGCCCTGCGATA,0,4338532
yadI_predicted,0.5,1,1,CGCGGCTTTTTTATTCTATT,0,4291502
yadI_predicted,0.5,1,1,CGCGGCAGACAGTCTGCTGC,0,4286358
yadI_predicted,0.5,1,1,CGCGCCGAAGCGGTCCATAT,0,4309634
yadI_predicted,0.5,1,1,CGCGCAGTGTGCACGCCCCA,0,4347796
yadI_predicted,0.5,1,1,CGCGCAGCAAACGATAATTC,0,4340385
yadI_predicted,0.5,1,1,CGCGAGGCCCACGATATACC,0,4304310
yadI_predicted,0.5,1,1,CGCGACCTCGGGTGGCAACG,0,4286701
yadI_predicted,0.5,1,1,CGCGAATAAGAGGTTGCTAA,0,4323061
yadI_predicted,0.5,1,1,CGCCTGTCTTGTGAAAGGGT,0,4350198
yadI_predicted,0.5,1,1,CGCCTGTCCATGCAGATCTG,0,4349376
yadI_predicted,0.5,1,1,CGCCGTTGGGGGCTCCGAGA,0,4367434
yadI_predicted,0.5,1,1,CGCCGCGTGCTCGGTCACGC,0,4311481
yadI_predicted,0.5,1,1,CGCCCTTTTGAGAGTAATCC,0,4299946
yadI_predicted,0.5,1,1,CGCCCACGTCAGTGGTACTG,0,4299536
yadI_predicted,0.5,1,1,CGCCAGTATACTGTCGAAAG,0,4332064
yadI_predicted,0.5,1,1,CGCCACGCTCTTGGGTTTCT,0,4363546
yadI_predicted,0.5,1,1,CGCATTGTTCGTTTTATTGT,0,4326534
yadI_predicted,0.5,1,1,CGCATCAGGCGTGGCACTGA,0,4338174
yadI_predicted,0.5,1,1,CGCAGGGGGACCAACAAAGC,0,4314185
yadI_predicted,0.5,1,1,CGCAGGCTAGTTAGTCCTAA,0,4300459
yadI_predicted,0.5,1,1,CGCAGGAGTATGAATTAATA,0,4285916
yadI_predicted,0.5,1,1,CGCAGCTGATTTGGTTAGTA,0,4315873
yadI_predicted,0.5,1,1,CGCACCTAATTACCGATACA,0,4347369
yadI_predicted,0.5,1,1,CGCACCGTAGGCCAGTACGC,0,4358458
yadI_predicted,0.5,1,1,CGCACCCGGGTGCAGCGGAC,0,4312619
yadI_predicted,0.5,1,1,CGCACCCACATTTCTCTAAA,0,4302082
yadI_predicted,0.5,1,1,CGCACCCAACGCGGAATATT,0,4332446
yadI_predicted,0.5,1,1,CGCAATTCGGCACGTGGGTG,0,4367966
yadI_predicted,0.5,1,1,CGCAATGAGCTGAAGGGCGT,0,4346215
yadI_predicted,0.5,1,1,CGCAATCGCAACGACCGTAA,0,4309951
yadI_predicted,0.5,1,1,CGCAACTATGCTCCAACATG,0,4343079
yadI_predicted,0.5,1,1,CGCAACAATGAGCCACGGAA,0,4297004
yadI_predicted,0.5,1,1,CGATTTGACCGGTCATATCG,0,4357899
yadI_predicted,0.5,1,1,CGATTTCACGTTCGAAGATT,0,4362832
yadI_predicted,0.5,1,1,CGATTTATATGTAGGTTCCA,0,4357342
yadI_predicted,0.5,1,1,CGATTGGTAGATGCCTGTTC,0,4296022
yadI_predicted,0.5,1,1,CGATTCTCGGCCACTAAGCT,0,4324522
yadI_predicted,0.5,1,1,CGATTACGGCTAGGCGCGCC,0,4349108
yadI_predicted,0.5,1,1,CGATGTTAGGCGAGTTGCTA,0,4317817
yadI_predicted,0.5,1,1,CGATGGGGGACCGATTCGCA,0,4337272
yadI_predicted,0.5,1,1,CGATGGCTAGGTGGGGCGGG,0,4355861
yadI_predicted,0.5,1,1,CGATCGATGCATTGGAAGAA,0,4310194
yadI_predicted,0.5,1,1,CGATCCTAGGGTAGTGTGCT,0,4364466
yadI_predicted,0.5,1,1,CGATCCCGATGGAGCTTGTG,0,4323327
yadI_predicted,0.5,1,1,CGATATCGAAGTCCGATGCT,0,4328435
yadI_predicted,0.5,1,1,CGATAGAATCACGTTCCGTA,0,4324233
yadI_predicted,0.5,1,1,CGAGTTCTTACGCGCAAGGC,0,4310018
yadI_predicted,0.5,1,1,CGAGTTCCTATTAGCAGTCA,0,4369948
yadI_predicted,0.5,1,1,CGAGTTCACCTCGTAATGTG,0,4290121
yadI_predicted,0.5,1,1,CGAGTTATAACCGTCGTTGT,0,4327724
yadI_predicted,0.5,1,1,CGAGTGTTATCTGGGTGCAT,0,4340932
yadI_predicted,0.5,1,1,CGAGTGGACGGTCCTAGGAT,0,4340902
yadI_predicted,0.5,1,1,CGAGTCCAATTCAAGGCTCG,0,4354983
yadI_predicted,0.5,1,1,CGAGTAGGATAGCCCCCTCT,0,4368557
yadI_predicted,0.5,1,1,CGAGGGTAAACAACTTGAGC,0,4314177
yadI_predicted,0.5,1,1,CGAGGATTGAACAGGGATGT,0,4365130
yadI_predicted,0.5,1,1,CGAGGAGTGTAATCCTGCCT,0,4346664
yadI_predicted,0.5,1,1,CGAGGACGCCGGGGTTAGTA,0,4290499
yadI_predicted,0.5,1,1,CGAGCAGTGGTCCCTCACTA,0,4290630
yadI_predicted,0.5,1,1,CGAGCAGCCCAGGTGGTGTC,0,4290666
yadI_predicted,0.5,1,1,CGAGATTCCCTCAGTCACCA,0,4306821
yadI_predicted,0.5,1,1,CGAGATAACTATTTTTATTG,0,4330513
yadI_predicted,0.5,1,1,CGAGAGGTGGGTCAAGATTC,0,4340011
yadI_predicted,0.5,1,1,CGAGAGCCGCTTATACGCGC,0,4319940
yadI_predicted,0.5,1,1,CGAGACCGCCGTCTACAGGG,0,4296153
yadI_predicted,0.5,1,1,CGACTGAGTCCTTCTCACAA,0,4308996
yadI_predicted,0.5,1,1,CGACTCCGAGAGCATGATTT,0,4311405
yadI_predicted,0.5,1,1,CGACTATATACTCTAGCATT,0,4333403
yadI_predicted,0.5,1,1,CGACGGCGGTCCGTATTTGG,0,4364933
yadI_predicted,0.5,1,1,CGACGAAAACCTTTAGGCGT,0,4300884
yadI_predicted,0.5,1,1,CGACCTGTTTTAGCATTGCG,0,4316395
yadI_predicted,0.5,1,1,CGACCATTGTGGAAACTACC,0,4333681
yadI_predicted,0.5,1,1,CGACACTTTGACTTTTGGTC,0,4359248
yadI_predicted,0.5,1,1,CGACACCGGTTATATATCGG,0,4322417
yadI_predicted,0.5,1,1,CGACAACACGACAAGTAGCA,0,4304838
yadI_predicted,0.5,1,1,CGAATTTCTCCACGAGTTCC,0,4309262
yadI_predicted,0.5,1,1,CGAATTGACCGACCCCTCGG,0,4341387
yadI_predicted,0.5,1,1,CGAATTAACTGGCATGCTGC,0,4332732
yadI_predicted,0.5,1,1,CGAATGGTGCTTGGAATAAG,0,4346318
yadI_predicted,0.5,1,1,CGAATCCGATCCGACCTTAT,0,4333719
yadI_predicted,0.5,1,1,CGAATATAACGTAATGTATT,0,4289602
yadI_predicted,0.5,1,1,CGAATAGGGGCGAACACTGG,0,4312883
yadI_predicted,0.5,1,1,CGAATAATCAGTCGGAATAC,0,4325399
yadI_predicted,0.5,1,1,CGAAGCATCGGGGCGTCCCA,0,4300307
yadI_predicted,0.5,1,1,CGAAGAGGTTGAAAGGTCAA,0,4323404
yadI_predicted,0.5,1,1,CGAACTGGTTGCGGCTCACT,0,4316497
yadI_predicted,0.5,1,1,CGAACTCGGTTCAATAATGT,0,4347844
yadI_predicted,0.5,1,1,CGAACGGACGTTTGGGGCTA,0,4319545
yadI_predicted,0.5,1,1,CGAAATTCTAACCTTGGCTT,0,4302424
yadI_predicted,0.5,1,1,CGAAATGACTCAACCAAGTC,0,4364893
yadI_predicted,0.5,1,1,CGAAATATCGGCGAGGCTTA,0,4328142
yadI_predicted,0.5,1,1,CGAAATATCCAAGTCCCCCG,0,4326322
yadI_predicted,0.5,1,1,CGAAACGTCGGTCCAGTCGT,0,4331494
yadI_predicted,0.5,1,1,CGAAACCGTCTTACAACAGT,0,4343353
yadI_predicted,0.5,1,1,CCTTTTCCGTTAACATCTGT,0,4308397
yadI_predicted,0.5,1,1,CCTTGGTGCTTAAGCTTGGA,0,4337829
yadI_predicted,0.5,1,1,CCTTGCTCGAATAACCTAGC,0,4363319
yadI_predicted,0.5,1,1,CCTTCCTGGTACATCAGTCG,0,4329991
yadI_predicted,0.5,1,1,CCTTCCGCTAATAGTGGTTA,0,4348909
yadI_predicted,0.5,1,1,CCTTCATGAATCAAGATGTA,0,4333980
yadI_predicted,0.5,1,1,CCTTCACACATAAAGCAGAT,0,4363556
yadI_predicted,0.5,1,1,CCTTATTCACGCATGGCCAG,0,4296131
yadI_predicted,0.5,1,1,CCTTAGATCTCGTCACGCGA,0,4344740
yadI_predicted,0.5,1,1,CCTTAGAGGTCTAACAGCAA,0,4344703
yadI_predicted,0.5,1,1,CCTTACTTTGGGGTGTTAAA,0,4286194
yadI_predicted,0.5,1,1,CCTTAAGACTTCCACGTTTC,0,4295127
yadI_predicted,0.5,1,1,CCTTAAGACTCATCTAATAA,0,4290426
yadI_predicted,0.5,1,1,CCTTAACAAAGGATGGATAA,0,4325369
yadI_predicted,0.5,1,1,CCTGTTAAGCCCTAACAACA,0,4351670
yadI_predicted,0.5,1,1,CCTGTCGGTATGTTAGCTTT,0,4333867
yadI_predicted,0.5,1,1,CCTGTATATCACGGATTTGA,0,4335375
yadI_predicted,0.5,1,1,CCTGGTACGCGCGGCTTTAT,0,4288939
yadI_predicted,0.5,1,1,CCTGGGATGCGCTGCCACCC,0,4307397
yadI_predicted,0.5,1,1,CCTGCAGCAATGTGACCGTC,0,4362229
yadI_predicted,0.5,1,1,CCTGCAAGGTAGTGTACCAT,0,4337923
yadI_predicted,0.5,1,1,CCTCTTTAAGCGATGATTGA,0,4356917
yadI_predicted,0.5,1,1,CCTCTGGGGTAAGGCGATCA,0,4293530
yadI_predicted,0.5,1,1,CCTCTGGACAGTGCATGCTA,0,4350756
yadI_predicted,0.5,1,1,CCTCTCGGGTTTTCCGTGTT,0,4353758
yadI_predicted,0.5,1,1,CCTCTCCTACCCTGATCATT,0,4337467
yadI_predicted,0.5,1,1,CCTCGGGTTGTGAGTGCTTC,0,4338690
yadI_predicted,0.5,1,1,CCTCGCTCGCATGTCTAAGG,0,4348610
yadI_predicted,0.5,1,1,CCTCGATGGATTATGACAAA,0,4301839
yadI_predicted,0.5,1,1,CCTCGACACATTCGTATAAT,0,4359938
yadI_predicted,0.5,1,1,CCTCCAGACAAAAGATACTT,0,4288039
yadI_predicted,0.5,1,1,CCTCAGGGACTCAGAATGCA,0,4302682
yadI_predicted,0.5,1,1,CCTCAGAGGCTTGCAAACAA,0,4324070
yadI_predicted,0.5,1,1,CCTCAATGAGACCTTAGTAT,0,4348613
yadI_predicted,0.5,1,1,CCTATCGTCACACATCGCGT,0,4335425
yadI_predicted,0.5,1,1,CCTACGTTCGGGCGTTGACA,0,4342190
yadI_predicted,0.5,1,1,CCTACGGCGGATGAAGGACC,0,4305129
yadI_predicted,0.5,1,1,CCTACAGACCAACATCCCTC,0,4360103
yadI_predicted,0.5,1,1,CCTAAGTGGGACCTGCTTAC,0,4337457
yadI_predicted,0.5,1,1,CCGTTCTCATTCTAACTTTT,0,4327607
yadI_predicted,0.5,1,1,CCGTTATGCAAAGCTTCGTA,0,4295031
yadI_predicted,0.5,1,1,CCGTGTGATCCGATCTGAGC,0,4285747
yadI_predicted,0.5,1,1,CCGTGTAGGTGGAGTACAGT,0,4338903
yadI_predicted,0.5,1,1,CCGTGGCTAATTGCTAGTTA,0,4366514
yadI_predicted,0.5,1,1,CCGTGCTATCTGTCAAATAC,0,4355660
yadI_predicted,0.5,1,1,CCGTCTTGGTAGTGGGTCAG,0,4326112
yadI_predicted,0.5,1,1,CCGTCTCAATAGGGGTGGGA,0,4319966
yadI_predicted,0.5,1,1,CCGTCGTCTATGCTCTTGTC,0,4310405
yadI_predicted,0.5,1,1,CCGTCAAGATCGAGAAGGCA,0,4364585
yadI_predicted,0.5,1,1,CCGTCAACTCTCATATACAC,0,4303399
yadI_predicted,0.5,1,1,CCGTATTTTGCAGGACCGCA,0,4317776
yadI_predicted,0.5,1,1,CCGTATGTGGTAGTTCGCAG,0,4332668
yadI_predicted,0.5,1,1,CCGTAGTTTGGCGCCGAGGA,0,4369644
yadI_predicted,0.5,1,1,CCGTAGGGGACGTTCTTGGG,0,4303067
yadI_predicted,0.5,1,1,CCGTAAGGTTATTTACCTTT,0,4311708
yadI_predicted,0.5,1,1,CCGTAACTAACTAAGGGCAA,0,4325241
yadI_predicted,0.5,1,1,CCGTAACGTGCTGGCACGTA,0,4363068
yadI_predicted,0.5,1,1,CCGGTTGTGCCGATGGTGAC,0,4313905
yadI_predicted,0.5,1,1,CCGGTTAGAGCAGAATCTCA,0,4317666
yadI_predicted,0.5,1,1,CCGGTTACCTGTCAGTCAAT,0,4327407
yadI_predicted,0.5,1,1,CCGGGTAATTGATCTGCACA,0,4306891
yadI_predicted,0.5,1,1,CCGGGGGTATGCCCGAGTGC,0,4337985
yadI_predicted,0.5,1,1,CCGGGATTCATTTATCACTT,0,4306287
yadI_predicted,0.5,1,1,CCGGGACAAGTATAGCCGGT,0,4319548
yadI_predicted,0.5,1,1,CCGGGAACTCTTTGAGGGAA,0,4328104
yadI_predicted,0.5,1,1,CCGGCGATTGGATGGGTGTG,0,4307280
yadI_predicted,0.5,1,1,CCGGCACGGGCAGCGGCCAC,0,4322700
yadI_predicted,0.5,1,1,CCGGCAAAGAAGCATTGTCA,0,4331565
yadI_predicted,0.5,1,1,CCGGACTCGACCCCTTTATT,0,4325828
yadI_predicted,0.5,1,1,CCGGACCCGGGCAAACTTGC,0,4334856
yadI_predicted,0.5,1,1,CCGGAAGTTACCAGGATCTC,0,4293486
yadI_predicted,0.5,1,1,CCGCTTCCCGCACCTCCTCG,0,4298398
yadI_predicted,0.5,1,1,CCGCTCTCAGGGTCCGCGGC,0,4341424
yadI_predicted,0.5,1,1,CCGCTCCTGATCTCAAGTGG,0,4364438
yadI_predicted,0.5,1,1,CCGCTATAATGACGCTCGAA,0,4324143
yadI_predicted,0.5,1,1,CCGCGTTCTATCAGGCGTTA,0,4362139
yadI_predicted,0.5,1,1,CCGCGTGCTTGCATTACGCA,0,4327339
yadI_predicted,0.5,1,1,CCGCGGTTCCGAATTTTTGT,0,4324031
yadI_predicted,0.5,1,1,CCGCGGTCGAACCGTACTCC,0,4343329
yadI_predicted,0.5,1,1,CCGCCTAGGGTCCAAATGGA,0,4331489
yadI_predicted,0.5,1,1,CCGCCATAAAATCTGTTCAC,0,4293220
yadI_predicted,0.5,1,1,CCGCATTGCGTATCTGATCA,0,4329017
yadI_predicted,0.5,1,1,CCGCATCACGCGTAGCGAGT,0,4309118
yadI_predicted,0.5,1,1,CCGCATAGGCATACGATGTC,0,4363794
yadI_predicted,0.5,1,1,CCGCAGGATGCGTTTATACA,0,4337197
yadI_predicted,0.5,1,1,CCGCAGGAAATCAATGAGTC,0,4368728
yadI_predicted,0.5,1,1,CCGCAGAGCAATCGGGTACA,0,4298947
yadI_predicted,0.5,1,1,CCGCACGGGTGCCCGAAACC,0,4326418
yadI_predicted,0.5,1,1,CCGCAATACAGAGTCTTAAA,0,4330154
yadI_predicted,0.5,1,1,CCGCAAACGTACTCCCTTGA,0,4290036
yadI_predicted,0.5,1,1,CCGATGGTTAGCTCACGTTC,0,4318590
yadI_predicted,0.5,1,1,CCGATACAGAAGCGGGTAAA,0,4338121
yadI_predicted,0.5,1,1,CCGAGTCCAGGGGGGCATGA,0,4308542
yadI_predicted,0.5,1,1,CCGAGCGAATGAACATCGCT,0,4319726
yadI_predicted,0.5,1,1,CCGAGACTAGGGTCCTGGTA,0,4342698
yadI_predicted,0.5,1,1,CCGACGATACGAGGCATAGT,0,4292627
yadI_predicted,0.5,1,1,CCGACCACCCACCGCGAAAT,0,4352497
yadI_predicted,0.5,1,1,CCGACAGTGGTCATCTGGAA,0,4350051
yadI_predicted,0.5,1,1,CCGACACGCAAGAGTAGACC,0,4318119
yadI_predicted,0.5,1,1,CCGACACCCAGGCAACCCTG,0,4346429
yadI_predicted,0.5,1,1,CCCTTTCTAACGCACGACGG,0,4312267
yadI_predicted,0.5,1,1,CCCTTAGGTAAGTCTCCCAA,0,4343026
yadI_predicted,0.5,1,1,CCCTGTATTCTCATAGAACA,0,4343874
yadI_predicted,0.5,1,1,CCCTGTACGCAAACATAAAA,0,4368217
yadI_predicted,0.5,1,1,CCCTGTACAGGTTATCAGAA,0,4305529
yadI_predicted,0.5,1,1,CCCTGGGACTCCCGTTAAAA,0,4358331
yadI_predicted,0.5,1,1,CCCTGGAAAGTTGTGGGGCT,0,4367240
yadI_predicted,0.5,1,1,CCCTGCTTCGAATAGTCGAT,0,4293268
yadI_predicted,0.5,1,1,CCCTGCGACGGCAGTAGCAG,0,4310347
yadI_predicted,0.5,1,1,CCCTGCCACCTGCGCCTTAA,0,4337501
yadI_predicted,0.5,1,1,CCCTCGAGCTTGTGACTCCC,0,4341279
yadI_predicted,0.5,1,1,CCCTCCTGTTTACTACGTTC,0,4364114
yadI_predicted,0.5,1,1,CCCTATAGTGGGACCTTAAT,0,4342324
yadI_predicted,0.5,1,1,CCCTAGTACTTCCGGCCCAC,0,4335636
yadI_predicted,0.5,1,1,CCCTAGCCAACGTCACCTCT,0,4348781
yadI_predicted,0.5,1,1,CCCTAAGGATAGGTTCTTTG,0,4342067
yadI_predicted,0.5,1,1,CCCGTTCAGGTAGTAGCAAA,0,4309945
yadI_predicted,0.5,1,1,CCCGTTCAGATCTTATGGAG,0,4284555
yadI_predicted,0.5,1,1,CCCGTTCAAATTAGATGTAA,0,4330708
yadI_predicted,0.5,1,1,CCCGTGGTAACAGGACCGCA,0,4308436
yadI_predicted,0.5,1,1,CCCGTGACTCTAGATAGCCT,0,4334092
yadI_predicted,0.5,1,1,CCCGTACGCGAACTGAGTGT,0,4348795
yadI_predicted,0.5,1,1,CCCGGTGAGTAAACGGTGGG,0,4299852
yadI_predicted,0.5,1,1,CCCGGCTCCGGGACACCCAG,0,4294595
yadI_predicted,0.5,1,1,CCCGGCGGTGCGAATCGGTT,0,4317879
yadI_predicted,0.5,1,1,CCCGGATCAACAACCGCAGG,0,4286459
yadI_predicted,0.5,1,1,CCCGCGGCTAGCCGGCGCCG,0,4347153
yadI_predicted,0.5,1,1,CCCGCCGTAGGGTCGAGGAT,0,4342874
yadI_predicted,0.5,1,1,CCCGATGGGGCAAAGGCTAT,0,4356858
yadI_predicted,0.5,1,1,CCCGAGGCGTCCAGTGACTA,0,4308371
yadI_predicted,0.5,1,1,CCCGAAAAAATGACGTCAGA,0,4314572
yadI_predicted,0.5,1,1,CCCCGTGGTGTAATCCCTAG,0,4364080
yadI_predicted,0.5,1,1,CCCCGGTCTGAGCGGATGAA,0,4332060
yadI_predicted,0.5,1,1,CCCCGGCGCGGCAGCCAGTT,0,4368195
yadI_predicted,0.5,1,1,CCCCGGAATAAAAGCGCGCC,0,4358051
yadI_predicted,0.5,1,1,CCCCGCTAGGACCTTTGTTT,0,4308717
yadI_predicted,0.5,1,1,CCCCGACGCCTCGACCTAAT,0,4308689
yadI_predicted,0.5,1,1,CCCCCCTTTACAACCGACCA,0,4302637
yadI_predicted,0.5,1,1,CCCCCCGTCAGGGGCGCCCA,0,4351750
yadI_predicted,0.5,1,1,CCCCCCGCAACGCTCAAACA,0,4293772
yadI_predicted,0.5,1,1,CCCCCATAAATTGTGTGCCT,0,4363210
yadI_predicted,0.5,1,1,CCCCAGCGGGCATTTAAACA,0,4285067
yadI_predicted,0.5,1,1,CCCCACCCGTATATCTGGGG,0,4368334
yadI_predicted,0.5,1,1,CCCCAAGGGCCGGCCTTGGT,0,4325357
yadI_predicted,0.5,1,1,CCCCAAAAAGCGCAACAGCG,0,4327710
yadI_predicted,0.5,1,1,CCCATTGGACGTCTGTACCT,0,4339416
yadI_predicted,0.5,1,1,CCCATCGGTCTAGTCGCCGG,0,4358099
yadI_predicted,0.5,1,1,CCCATAGGTATAACTTAGTT,0,4324406
yadI_predicted,0.5,1,1,CCCATACGACGACGTTCATG,0,4285394
yadI_predicted,0.5,1,1,CCCATAAAACGCGAGGCTGT,0,4321209
yadI_predicted,0.5,1,1,CCCAGGACGCGCGAGTGAGC,0,4302110
yadI_predicted,0.5,1,1,CCCAGCTGAATGTTCGAAGT,0,4352542
yadI_predicted,0.5,1,1,CCCAGACGCCATGAGTAGGA,0,4365271
yadI_predicted,0.5,1,1,CCCACTGGTGCATTCTGGGG,0,4359662
yadI_predicted,0.5,1,1,CCCACACGAACGGCCTGATA,0,4321893
yadI_predicted,0.5,1,1,CCCAATGATTATTATGAACT,0,4344865
yadI_predicted,0.5,1,1,CCCAATATGGATCTTGAGAG,0,4348885
yadI_predicted,0.5,1,1,CCCAACTGCGCCATGCTGTA,0,4292296
yadI_predicted,0.5,1,1,CCCAACTCTATATTAACCGG,0,4321434
yadI_predicted,0.5,1,1,CCATTGTTGAATGGGATGCT,0,4349319
yadI_predicted,0.5,1,1,CCATTGGTCGCGGCGTCTGG,0,4350468
yadI_predicted,0.5,1,1,CCATGGGTAGTCTATGCTCT,0,4360827
yadI_predicted,0.5,1,1,CCATGCTAACCGTGCCTTTT,0,4301873
yadI_predicted,0.5,1,1,CCATGAGATTAGCCGAAGTC,0,4351784
yadI_predicted,0.5,1,1,CCATGAACCGATGGCTCAGC,0,4333546
yadI_predicted,0.5,1,1,CCATCGTCTGCAGCCAAGCC,0,4363120
yadI_predicted,0.5,1,1,CCATCCGCCTGGGCTGCTTC,0,4360320
yadI_predicted,0.5,1,1,CCATAATTGGGCCGTGAACT,0,4362730
yadI_predicted,0.5,1,1,CCAGTTTATGCAGTAAGCCC,0,4349037
yadI_predicted,0.5,1,1,CCAGTTGTCCCAGGGCCGGC,0,4365821
yadI_predicted,0.5,1,1,CCAGTTGTACGGTGAGACCC,0,4337920
yadI_predicted,0.5,1,1,CCAGTGGCCGCGCTTGGGGC,0,4333293
yadI_predicted,0.5,1,1,CCAGTATAGGGTGCCTGGGG,0,4289272
yadI_predicted,0.5,1,1,CCAGTAGAATTATAAGGGCT,0,4326971
yadI_predicted,0.5,1,1,CCAGGGGCTATCGATGCTTG,0,4360029
yadI_predicted,0.5,1,1,CCAGGGAGTTACTCGTACCA,0,4311541
yadI_predicted,0.5,1,1,CCAGCTGGGTCGAGTATGAT,0,4353764
yadI_predicted,0.5,1,1,CCAGCGAAGCTTAGCGCTAG,0,4291163
yadI_predicted,0.5,1,1,CCACTCGCGAAGGGTTGCTG,0,4301019
yadI_predicted,0.5,1,1,CCACTACTGTGTAGTTTATC,0,4323060
yadI_predicted,0.5,1,1,CCACGGCGTCGAGAGATAGC,0,4367546
yadI_predicted,0.5,1,1,CCACGGCAATATAACCCTCA,0,4322229
yadI_predicted,0.5,1,1,CCACGGATTCGCTAAAGAAA,0,4287409
yadI_predicted,0.5,1,1,CCACGCGAGGTCTACGAGGA,0,4357273
yadI_predicted,0.5,1,1,CCACGATCCAAACCTGTTTT,0,4339043
yadI_predicted,0.5,1,1,CCACGAGAAGCTACCCGTAA,0,4293819
yadI_predicted,0.5,1,1,CCACCGTACGATATGTTTCG,0,4331302
yadI_predicted,0.5,1,1,CCACATGTGCTGAGTGACGC,0,4285467
yadI_predicted,0.5,1,1,CCACATCTAACCTTCCAGAG,0,4332642
yadI_predicted,0.5,1,1,CCACACGCATGGTCAGGGGA,0,4309090
yadI_predicted,0.5,1,1,CCACAATGAGCACGGACAAA,0,4322598
yadI_predicted,0.5,1,1,CCACAACGATTGCGTACTAC,0,4304952
yadI_predicted,0.5,1,1,CCAATTGTGCTAGGATTTTG,0,4353646
yadI_predicted,0.5,1,1,CCAATCGGTACCTTTGCTGG,0,4359735
yadI_predicted,0.5,1,1,CCAATCCTGCTTTCACCTTA,0,4288691
yadI_predicted,0.5,1,1,CCAATATACAGGGGAGTGCA,0,4351494
yadI_predicted,0.5,1,1,CCAATAACACACCTAGGCGG,0,4348414
yadI_predicted,0.5,1,1,CCAAGTGGCGTAAGGATAAA,0,4296120
yadI_predicted,0.5,1,1,CCAACTTTACAAGGTTACAG,0,4333204
yadI_predicted,0.5,1,1,CCAACTGAATATTACAATAC,0,4299503
yadI_predicted,0.5,1,1,CCAACTAGCCGTGAGCCTCT,0,4369072
yadI_predicted,0.5,1,1,CCAACCTAAGAACGCATTTT,0,4328093
yadI_predicted,0.5,1,1,CCAAATGCTTAGAATAATTG,0,4302394
yadI_predicted,0.5,1,1,CCAAATCGCATGGAATGGCT,0,4289691
yadI_predicted,0.5,1,1,CCAAATACACCCGGGTACTA,0,4354672
yadI_predicted,0.5,1,1,CCAAAGCGTGACAACGCACT,0,4310877
yadI_predicted,0.5,1,1,CCAAAGATAGCATAACGTAT,0,4296244
yadI_predicted,0.5,1,1,CATTTTTTGAAGCACCGAGT,0,4355939
yadI_predicted,0.5,1,1,CATTGCTGGGAACCACAGTT,0,4288528
yadI_predicted,0.5,1,1,CATTGCGCTTAGTAAATCGT,0,4355867
yadI_predicted,0.5,1,1,CATTGAGTAACTGTTACATG,0,4290215
yadI_predicted,0.5,1,1,CATTCGGCGGACGCTTCTCA,0,4367148
yadI_predicted,0.5,1,1,CATTCGATGAGGGCTGGGTC,0,4321803
yadI_predicted,0.5,1,1,CATTCCTTCTAATTACACTG,0,4325007
yadI_predicted,0.5,1,1,CATTCAGCCACTAGACTTTC,0,4284471
yadI_predicted,0.5,1,1,CATTATTTTGGATTTCGTAG,0,4355687
yadI_predicted,0.5,1,1,CATTAGTCTTGCCCCACCTC,0,4328695
yadI_predicted,0.5,1,1,CATGTGACGCATCGTCGTGG,0,4308893
yadI_predicted,0.5,1,1,CATGTCTTAACTCTCTGAAT,0,4349314
yadI_predicted,0.5,1,1,CATGTCGGTATGGCTAGCTT,0,4353471
yadI_predicted,0.5,1,1,CATGTCCTAGAAGTCCCCTA,0,4321133
yadI_predicted,0.5,1,1,CATGGAGCGGATGTTACCAA,0,4304138
yadI_predicted,0.5,1,1,CATGCGTGGCGGCATGTTTG,0,4304416
yadI_predicted,0.5,1,1,CATGCACGCCGGACGTGAGC,0,4333288
yadI_predicted,0.5,1,1,CATGAGCTATTGGCGCTGGG,0,4339715
yadI_predicted,0.5,1,1,CATGACCATAGGCGTTTAAG,0,4356304
yadI_predicted,0.5,1,1,CATCTTGTTTGAGGTAACTC,0,4369173
yadI_predicted,0.5,1,1,CATCTTGATGTTAGCATTGA,0,4361883
yadI_predicted,0.5,1,1,CATCGCGCTAAGTCGCTGTC,0,4325575
yadI_predicted,0.5,1,1,CATCGAATTGGTGGTGTCCA,0,4333696
yadI_predicted,0.5,1,1,CATCAATAACGCATCGGCTG,0,4334017
yadI_predicted,0.5,1,1,CATCAACCCGAGAAACGTGG,0,4368998
yadI_predicted,0.5,1,1,CATCAACATGGGGCGTATGA,0,4365041
yadI_predicted,0.5,1,1,CATATTATCCGTGGATGTTC,0,4305305
yadI_predicted,0.5,1,1,CATAGTGGTTTGCATGGGAT,0,4311222
yadI_predicted,0.5,1,1,CATAGGTTCCGGGCACCCAC,0,4304790
yadI_predicted,0.5,1,1,CATAGGGATTGGTTGGCAAT,0,4366444
yadI_predicted,0.5,1,1,CATAGACTCTGTCTTGGTAC,0,4329592
yadI_predicted,0.5,1,1,CATACGGCACGCATGCGGAG,0,4297719
yadI_predicted,0.5,1,1,CATACCCTATGCCTACTGAT,0,4339392
yadI_predicted,0.5,1,1,CATACACATATCCGTAGCAG,0,4306315
yadI_predicted,0.5,1,1,CATAAGGTCGCCTAGTATTA,0,4356651
yadI_predicted,0.5,1,1,CATAACATACTGTGGTCCAA,0,4310840
yadI_predicted,0.5,1,1,CAGTTTCCAAGTCCGCCGAC,0,4295238
yadI_predicted,0.5,1,1,CAGTTCGACGACGTAGTCAG,0,4332295
yadI_predicted,0.5,1,1,CAGTTACTCACACGGGTACA,0,4324719
yadI_predicted,0.5,1,1,CAGTTAAGCTAGGAAAGTGT,0,4288875
yadI_predicted,0.5,1,1,CAGTTAACCAGAGCCGACTC,0,4346399
yadI_predicted,0.5,1,1,CAGTGGAATGAGCACTCGCG,0,4369380
yadI_predicted,0.5,1,1,CAGTGAGGATGCTGGGCAAG,0,4284401
yadI_predicted,0.5,1,1,CAGTCAGGTATTAAGTTTAT,0,4335642
yadI_predicted,0.5,1,1,CAGTCACTAGGGTGGGTTAA,0,4286719
yadI_predicted,0.5,1,1,CAGTAGGCTAGCAAAACGCT,0,4318363
yadI_predicted,0.5,1,1,CAGTAATTTGTGGTACTTAT,0,4303308
yadI_predicted,0.5,1,1,CAGGTTTTTCTAGATAATAT,0,4330982
yadI_predicted,0.5,1,1,CAGGTTGAAAACTTAGTTAC,0,4362762
yadI_predicted,0.5,1,1,CAGGTCTCCGATGAATACTA,0,4344191
yadI_predicted,0.5,1,1,CAGGTCTACGAATGTTACGC,0,4293128
yadI_predicted,0.5,1,1,CAGGTAGACCTATCCGTTAG,0,4323430
yadI_predicted,0.5,1,1,CAGGTACACGAACCTGCGCA,0,4358148
yadI_predicted,0.5,1,1,CAGGTAACTCCCGGCCATCA,0,4308080
yadI_predicted,0.5,1,1,CAGGGTGGAAATATGTCGGG,0,4302094
yadI_predicted,0.5,1,1,CAGGGTCGTTAGTGATCGGG,0,4310685
yadI_predicted,0.5,1,1,CAGGGGTTTCGTAGCCCTGG,0,4320851
yadI_predicted,0.5,1,1,CAGGGCTTGTTGTGACCGTA,0,4321977
yadI_predicted,0.5,1,1,CAGGCTGAGACCCTGTTTCA,0,4317920
yadI_predicted,0.5,1,1,CAGGCTAGGCATTGGGTACT,0,4335707
yadI_predicted,0.5,1,1,CAGGCAGTTCTTTCCTCGGT,0,4341201
yadI_predicted,0.5,1,1,CAGGCAAGGCCCCCTCTGCC,0,4362759
yadI_predicted,0.5,1,1,CAGGATGGGTTTTTGAACAT,0,4294068
yadI_predicted,0.5,1,1,CAGGATAATTAGGTAGGTTT,0,4354474
yadI_predicted,0.5,1,1,CAGGAGTTGTCCTCTTGTCG,0,4336813
yadI_predicted,0.5,1,1,CAGGAGCGACTCAGCCGGGG,0,4286263
yadI_predicted,0.5,1,1,CAGGAGCCCAGTGTGTAATA,0,4339448
yadI_predicted,0.5,1,1,CAGGACATAGCCATTGAGTC,0,4336555
yadI_predicted,0.5,1,1,CAGGACAGTAGAAGCCACCA,0,4344604
yadI_predicted,0.5,1,1,CAGGAATATATTAAGCAGAT,0,4342608
yadI_predicted,0.5,1,1,CAGGAACGTGGGGCATATTA,0,4355092
yadI_predicted,0.5,1,1,CAGGAACGATCGACCTGCAG,0,4323338
yadI_predicted,0.5,1,1,CAGCTTGAGGAAATCTAAGA,0,4311966
yadI_predicted,0.5,1,1,CAGCTGACTACAGGATCGGT,0,4329862
yadI_predicted,0.5,1,1,CAGCGTGATGCAGCGATCGT,0,4341000
yadI_predicted,0.5,1,1,CAGCGTCTTATACCGTCCAC,0,4287881
yadI_predicted,0.5,1,1,CAGCGTAATTAGCGTACAAG,0,4302739
yadI_predicted,0.5,1,1,CAGCGGATTCTCAGTTCGGG,0,4351032
yadI_predicted,0.5,1,1,CAGCGGACATTCCAGGCCGG,0,4346679
yadI_predicted,0.5,1,1,CAGCGCTGGACCTCAGTCTA,0,4354097
yadI_predicted,0.5,1,1,CAGCGAGCTTGTAGGTAATC,0,4352648
yadI_predicted,0.5,1,1,CAGCGAGATCGTTGCGTCCC,0,4351349
yadI_predicted,0.5,1,1,CAGCCGGTCAGCGAGGTCGT,0,4313240
yadI_predicted,0.5,1,1,CAGCCCGGGAGCACGATGTG,0,4288675
yadI_predicted,0.5,1,1,CAGCCCATGCTCTTAGGGAC,0,4335856
yadI_predicted,0.5,1,1,CAGCATGCCCCCTCTCGGAG,0,4313810
yadI_predicted,0.5,1,1,CAGCATCCACTATGGTGGAG,0,4291701
yadI_predicted,0.5,1,1,CAGCAGTTAATGCATATCCG,0,4349836
yadI_predicted,0.5,1,1,CAGCACGGATCACGAGCGCA,0,4367495
yadI_predicted,0.5,1,1,CAGCAACAAAGGTACTCTCT,0,4349535
yadI_predicted,0.5,1,1,CAGATTTTCGTATTGTGTAA,0,4316745
yadI_predicted,0.5,1,1,CAGATATTACCGAGGTCTCA,0,4303313
yadI_predicted,0.5,1,1,CAGATAGGGGTGAGGGATTG,0,4368279
yadI_predicted,0.5,1,1,CAGAGTTATCCAGGCGACAG,0,4300527
yadI_predicted,0.5,1,1,CAGAGGCGTTTTACACTTTC,0,4316820
yadI_predicted,0.5,1,1,CAGAATGTCATACGGACAAA,0,4323882
yadI_predicted,0.5,1,1,CAGAATCTGGACGCGAGGGA,0,4325258
yadI_predicted,0.5,1,1,CACTTGATTGGATCAGAGGA,0,4354872
yadI_predicted,0.5,1,1,CACTTCGGTCTTGGGGGTGA,0,4320504
yadI_predicted,0.5,1,1,CACTTCAAGGAAACCGTTAT,0,4316813
yadI_predicted,0.5,1,1,CACTTATGGCAAACCGTCAC,0,4326702
yadI_predicted,0.5,1,1,CACTGGGTGTCAGTGTTTGT,0,4292645
yadI_predicted,0.5,1,1,CACTGCTGGTTAAAATCGGT,0,4307600
yadI_predicted,0.5,1,1,CACTGACCGTCAGTTCCCAT,0,4363324
yadI_predicted,0.5,1,1,CACTCTCCGAAAACTAAATT,0,4323225
yadI_predicted,0.5,1,1,CACTCCGTGTTAAAGCGCGA,0,4341730
yadI_predicted,0.5,1,1,CACTCCGGAGTAGAACCACA,0,4314740
yadI_predicted,0.5,1,1,CACGTCTCGCCTTAAAAGAG,0,4334867
yadI_predicted,0.5,1,1,CACGTCAAGTATTTGCGTAG,0,4302101
yadI_predicted,0.5,1,1,CACGGTGGAATGTTGGTTAT,0,4341625
yadI_predicted,0.5,1,1,CACGGGGCCGTGGTACAGTT,0,4284252
yadI_predicted,0.5,1,1,CACGGGCTTTTGTTAACCCA,0,4357738
yadI_predicted,0.5,1,1,CACGGCTACGTGCCCATCAT,0,4365262
yadI_predicted,0.5,1,1,CACGGAAAGACACGTCGGAT,0,4364017
yadI_predicted,0.5,1,1,CACGCGAGCTCATGGACAAA,0,4346217
yadI_predicted,0.5,1,1,CACGCGAAGCACCTCTATGG,0,4344746
yadI_predicted,0.5,1,1,CACCTGGCGTATTATAATTA,0,4302231
yadI_predicted,0.5,1,1,CACCTCGTAACATCTCGGCC,0,4341377
yadI_predicted,0.5,1,1,CACCGTGATCACACGCCGAG,0,4309549
yadI_predicted,0.5,1,1,CACCGTCTGCAAAGTACCAT,0,4362556
yadI_predicted,0.5,1,1,CACCGGGCGATCCTCGCGGA,0,4364554
yadI_predicted,0.5,1,1,CACCGATCCTTGAGAAAGAA,0,4317726
yadI_predicted,0.5,1,1,CACAGTTTGAATACAAAATA,0,4285819
yadI_predicted,0.5,1,1,CACAGTATCCGAGTAGTTCC,0,4305813
yadI_predicted,0.5,1,1,CACAGATAGGCGATACTACA,0,4288569
yadI_predicted,0.5,1,1,CACAGACTGCAGAATTGTTA,0,4332898
yadI_predicted,0.5,1,1,CACACTGTGACACTGCGGCG,0,4322728
yadI_predicted,0.5,1,1,CACACGTGGGGATATATTTC,0,4318482
yadI_predicted,0.5,1,1,CAATTTGTGTGGATCGAGTT,0,4357230
yadI_predicted,0.5,1,1,CAATTCAAAATTGCAACCCA,0,4296504
yadI_predicted,0.5,1,1,CAATTATCACAGCGGTACGT,0,4338608
yadI_predicted,0.5,1,1,CAATGGGCGTTTTCTACTGA,0,4349168
yadI_predicted,0.5,1,1,CAATGGGCCGCGACCACGGC,0,4313193
yadI_predicted,0.5,1,1,CAATGCATGGGCAAGTCCGC,0,4360364
yadI_predicted,0.5,1,1,CAATCTCATAACCCCCGGGG,0,4300332
yadI_predicted,0.5,1,1,CAATCGTGGGCAGACCTCAT,0,4326768
yadI_predicted,0.5,1,1,CAATCGCTTCCATATCAACT,0,4286471
yadI_predicted,0.5,1,1,CAATCCAATCAAGGGGTTTT,0,4365958
yadI_predicted,0.5,1,1,CAATCAACTGACACCACGGT,0,4318349
yadI_predicted,0.5,1,1,CAATACGGTTAGCATTGCTC,0,4326825
yadI_predicted,0.5,1,1,CAAGTTATGCGACGCTGGTG,0,4330837
yadI_predicted,0.5,1,1,CAAGTGGGCAGTCACTCAGA,0,4320254
yadI_predicted,0.5,1,1,CAAGTGACCTACGACGGACA,0,4354274
yadI_predicted,0.5,1,1,CAAGTCATTACACCTTTGTT,0,4296424
yadI_predicted,0.5,1,1,CAAGTATTGGAGCCGCATTA,0,4302559
yadI_predicted,0.5,1,1,CAAGGTTGTGGTTCAAACTT,0,4332406
yadI_predicted,0.5,1,1,CAAGGTGGGGCTTCCTGTTC,0,4338853
yadI_predicted,0.5,1,1,CAAGGTGAACGGAATGTAAG,0,4313666
yadI_predicted,0.5,1,1,CAAGGGGTGGTGGTCTTTGT,0,4360615
yadI_predicted,0.5,1,1,CAAGGGCAAACTGGATGGTA,0,4350298
yadI_predicted,0.5,1,1,CAAGGGAGAATCATTCTTGT,0,4307833
yadI_predicted,0.5,1,1,CAAGGGACGAATATGCGTGT,0,4320725
yadI_predicted,0.5,1,1,CAAGGCATATCTCTGCTATA,0,4309235
yadI_predicted,0.5,1,1,CAAGCTTATGAGCGGTGTCA,0,4369752
yadI_predicted,0.5,1,1,CAAGCTATACAAAAAACATT,0,4296827
yadI_predicted,0.5,1,1,CAAGCGGAGCCAGAGGGCTC,0,4350205
yadI_predicted,0.5,1,1,CAAGCGATGTGGAACGGCAG,0,4352421
yadI_predicted,0.5,1,1,CAAGCACCGCGCCACGCAGC,0,4327525
yadI_predicted,0.5,1,1,CAAGAATGTGGTAGCTAAGC,0,4330709
yadI_predicted,0.5,1,1,CAACTTGGATTCACCCACGC,0,4338344
yadI_predicted,0.5,1,1,CAACTTACCCGGTATTATAC,0,4352175
yadI_predicted,0.5,1,1,CAACTGGATAGGAAGTTTTC,0,4357018
yadI_predicted,0.5,1,1,CAACTGCCGTCAGACCGCTT,0,4363041
yadI_predicted,0.5,1,1,CAACTCAAAATACGCATTTG,0,4300237
yadI_predicted,0.5,1,1,CAACTATGTGGTGGTAGAGT,0,4343794
yadI_predicted,0.5,1,1,CAACTACTGGGGTACGACAG,0,4318687
yadI_predicted,0.5,1,1,CAACGGGGATTATCAGACCC,0,4315813
yadI_predicted,0.5,1,1,CAACGCTATTCTTGCGAAAT,0,4318266
yadI_predicted,0.5,1,1,CAACCGGATTTTAGGCCGCT,0,4335781
yadI_predicted,0.5,1,1,CAACCCTCACGCTCACAATT,0,4368437
yadI_predicted,0.5,1,1,CAACCCCGCCTCTGAATACG,0,4306764
yadI_predicted,0.5,1,1,CAACCACCACCCGTGGTGAC,0,4329399
yadI_predicted,0.5,1,1,CAACATTCTCCGGCGACAAC,0,4342893
yadI_predicted,0.5,1,1,CAACATGCTCATATGGCAAT,0,4342205
yadI_predicted,0.5,1,1,CAACAATGTTTAAACTTCTC,0,4333905
yadI_predicted,0.5,1,1,CAACAACAGCTAGACCTCCC,0,4318802
yadI_predicted,0.5,1,1,CAAATTATGCCCATGTGTTC,0,4309888
yadI_predicted,0.5,1,1,CAAATTAGTCTGTTAGTGGT,0,4330654
yadI_predicted,0.5,1,1,CAAATGTAAAAGGAAATGCG,0,4305257
yadI_predicted,0.5,1,1,CAAATCCACAAGCATTCGAT,0,4341916
yadI_predicted,0.5,1,1,CAAATCATAACGATGACTGT,0,4300102
yadI_predicted,0.5,1,1,CAAATATTGGCGGAGGACGG,0,4313573
yadI_predicted,0.5,1,1,CAAATAGCACCTCATTTATT,0,4357557
yadI_predicted,0.5,1,1,CAAAGGCTACACTCATTCGG,0,4284840
yadI_predicted,0.5,1,1,CAAAGAGACCCCGGGACGAG,0,4324702
yadI_predicted,0.5,1,1,CAAACTATGAACCTGCGCGG,0,4315126
yadI_predicted,0.5,1,1,CAAACACCGAAAGTGCTAAC,0,4335455
yadI_predicted,0.5,1,1,CAAACACATCGTTGTACCAT,0,4334319
yadI_predicted,0.5,1,1,CAAAATCCAGTCGCTACGTC,0,4323419
yadI_predicted,0.5,1,1,CAAAAGTAAGTGGTTCTAAA,0,4342899
yadI_predicted,0.5,1,1,CAAAAGCAAGGCGGGGACGT,0,4311066
yadI_predicted,0.5,1,1,CAAAAGACGCGGTCGACTGT,0,4285618
yadI_predicted,0.5,1,1,CAAAACCTCTGGGCAGTGGG,0,4317550
yadI_predicted,0.5,1,1,CAAAAATATTGTCCGCCGTC,0,4305859
yadI_predicted,0.5,1,1,CAAAAAGCTTCAGCATGAAT,0,4306392
yadI_predicted,0.5,1,1,ATTTTGGATATCTCGATTCG,0,4297632
yadI_predicted,0.5,1,1,ATTTTCACACTAAGGACATC,0,4364934
yadI_predicted,0.5,1,1,ATTTTCAAGCACCTCAATTC,0,4320779
yadI_predicted,0.5,1,1,ATTTTATTTATGTGACTGGG,0,4326843
yadI_predicted,0.5,1,1,ATTTTATCTGCAGATCGGGA,0,4315069
yadI_predicted,0.5,1,1,ATTTGTTAGCCTTCCCAATT,0,4340695
yadI_predicted,0.5,1,1,ATTTGTGTCTTAGGTGTCTC,0,4356262
yadI_predicted,0.5,1,1,ATTTGGCGAAGTGGTTTATG,0,4347205
yadI_predicted,0.5,1,1,ATTTGGCAATGGATATAAAC,0,4343369
yadI_predicted,0.5,1,1,ATTTGCACAGGAAGTCGATC,0,4301360
yadI_predicted,0.5,1,1,ATTTGCAACGGAATATGATA,0,4330000
yadI_predicted,0.5,1,1,ATTTGACCCAATCTGTGTAT,0,4312935
yadI_predicted,0.5,1,1,ATTTCTTAAGCTAAGCTAGC,0,4352123
yadI_predicted,0.5,1,1,ATTTCTGGCAAGACCTCCGT,0,4339086
yadI_predicted,0.5,1,1,ATTTCGTGATTTCGTTTTGG,0,4289527
yadI_predicted,0.5,1,1,ATTTCGCGCGGAATCCGACA,0,4344054
yadI_predicted,0.5,1,1,ATTTCAATCGGCTTAAGTTA,0,4337436
yadI_predicted,0.5,1,1,ATTTAGGAAATTGGCTAAGT,0,4338462
yadI_predicted,0.5,1,1,ATTTAGAGGATGGGATCGTT,0,4350616
yadI_predicted,0.5,1,1,ATTTAGACAGTCGGCACGGT,0,4340208
yadI_predicted,0.5,1,1,ATTTAACAGGATATTCGCTC,0,4363735
yadI_predicted,0.5,1,1,ATTGTTTACCGCGAAATCGA,0,4287781
yadI_predicted,0.5,1,1,ATTGTTGTGATACATATACT,0,4320235
yadI_predicted,0.5,1,1,ATTGTGGGTACGGATATTCC,0,4323925
yadI_predicted,0.5,1,1,ATTGTCTTCTCTCACAGTTC,0,4318546
yadI_predicted,0.5,1,1,ATTGTCTTCATACCTGTCCA,0,4323646
yadI_predicted,0.5,1,1,ATTGTCACGCGGACCCTGTG,0,4357636
yadI_predicted,0.5,1,1,ATTGGGCCTCATGAAGTACT,0,4303809
yadI_predicted,0.5,1,1,ATTGGGACAGGACGTTCGTA,0,4349932
yadI_predicted,0.5,1,1,ATTGGCTCTGGGTCGGAAAT,0,4287621
yadI_predicted,0.5,1,1,ATTGCTTGCCGTAGGTGGTG,0,4345843
yadI_predicted,0.5,1,1,ATTGCATATCAATCGAGAAT,0,4293581
yadI_predicted,0.5,1,1,ATTGAGGATCAGATCATCCC,0,4351649
yadI_predicted,0.5,1,1,ATTGACAAGTATGGGATACA,0,4294378
yadI_predicted,0.5,1,1,ATTCTTTGTAGTACCGTTGC,0,4330053
yadI_predicted,0.5,1,1,ATTCTGGGGTGCTTGAGCTG,0,4315084
yadI_predicted,0.5,1,1,ATTCTCTTTTCATCGCCGGC,0,4327181
yadI_predicted,0.5,1,1,ATTCGCGAAGGCTTGTCACA,0,4326342
yadI_predicted,0.5,1,1,ATTCCTCTGGAGACATGAGA,0,4313450
yadI_predicted,0.5,1,1,ATTCCTAGGCATATGGGGAT,0,4306514
yadI_predicted,0.5,1,1,ATTCCGTATATCAGATCGTC,0,4326168
yadI_predicted,0.5,1,1,ATTCCGCCGGTCATGGGTTC,0,4362095
yadI_predicted,0.5,1,1,ATTCCCACCTTGGTTTCATC,0,4339248
yadI_predicted,0.5,1,1,ATTCAGAAGGACCAACTAGC,0,4297232
yadI_predicted,0.5,1,1,ATTATGAAGGTAGGTAAGCC,0,4311749
yadI_predicted,0.5,1,1,ATTATCGGCTATATCAAAAA,0,4361048
yadI_predicted,0.5,1,1,ATTATCGAGATTTTGAATCA,0,4349662
yadI_predicted,0.5,1,1,ATTATAGGTAGGCCGTCGGT,0,4299280
yadI_predicted,0.5,1,1,ATTAGTTATTTGAGACGAAA,0,4350768
yadI_predicted,0.5,1,1,ATTAGTGCAGTGGAGTGAAA,0,4285609
yadI_predicted,0.5,1,1,ATTAGAATATAGTGAACGGA,0,4325108
yadI_predicted,0.5,1,1,ATTAGAACCTCTCGTGGGGT,0,4286577
yadI_predicted,0.5,1,1,ATTACTTTCCAAGGTCGTAG,0,4316806
yadI_predicted,0.5,1,1,ATTACCTTGGGGTCTGTACA,0,4289230
yadI_predicted,0.5,1,1,ATTACAATTTTTGCAGGTGC,0,4326006
yadI_predicted,0.5,1,1,ATGTTCCTAGGGGATTCCAC,0,4333326
yadI_predicted,0.5,1,1,ATGTTCATACGGTCACCGCA,0,4299216
yadI_predicted,0.5,1,1,ATGTTATTATTCTCATAAAG,0,4336590
yadI_predicted,0.5,1,1,ATGTTAGGTCCAAACAATCT,0,4349315
yadI_predicted,0.5,1,1,ATGTTAACGAAGCTAACTTG,0,4308924
yadI_predicted,0.5,1,1,ATGTGGATTCGCGCAGACGC,0,4352887
yadI_predicted,0.5,1,1,ATGTGCCGATCCGTTACCCA,0,4310920
yadI_predicted,0.5,1,1,ATGTGACTTAACATGATAGG,0,4366230
yadI_predicted,0.5,1,1,ATGTGAATTTGCTACGGTAC,0,4314473
yadI_predicted,0.5,1,1,ATGTCTACCTTGGTGCTCTG,0,4355163
yadI_predicted,0.5,1,1,ATGTCATCTAGTCTATTATG,0,4310198
yadI_predicted,0.5,1,1,ATGTCACTCAGTCCACCAGG,0,4351172
yadI_predicted,0.5,1,1,ATGTATGGGGGAACGGGAGT,0,4332092
yadI_predicted,0.5,1,1,ATGTATAAAGATACAGGTAA,0,4300320
yadI_predicted,0.5,1,1,ATGTAGGTCAGAGTCATTCC,0,4316713
yadI_predicted,0.5,1,1,ATGTAACGTCATCGTTAACA,0,4311322
yadI_predicted,0.5,1,1,ATGGTTCTCGACCCTGTAAC,0,4292294
yadI_predicted,0.5,1,1,ATGGTTACCTCACTGATGTG,0,4309244
yadI_predicted,0.5,1,1,ATGGTGACATCCAAGGGGGG,0,4311105
yadI_predicted,0.5,1,1,ATGGTCGATGTGCTCACGCA,0,4298063
yadI_predicted,0.5,1,1,ATGGTCCACGCGTTCAAAAT,0,4322245
yadI_predicted,0.5,1,1,ATGGTATTTAATCGGCGTGT,0,4340237
yadI_predicted,0.5,1,1,ATGGGTTGGCATGCCACCAA,0,4309679
yadI_predicted,0.5,1,1,ATGGGTCAGTATCTTCGCCC,0,4304694
yadI_predicted,0.5,1,1,ATGGGCCTATAGGTTACTGT,0,4319277
yadI_predicted,0.5,1,1,ATGGGCCAATCCGCTATTAA,0,4318365
yadI_predicted,0.5,1,1,ATGGGAGGTGCAACGGTTCA,0,4339822
yadI_predicted,0.5,1,1,ATGGCTTCACCCCGTGACCC,0,4285477
yadI_predicted,0.5,1,1,ATGGCGCAACTAGCCGGTCG,0,4348768
yadI_predicted,0.5,1,1,ATGGCCATTGAATAGCCGTG,0,4284136
yadI_predicted,0.5,1,1,ATGGCAGAGTTCATTAAAGA,0,4290707
yadI_predicted,0.5,1,1,ATGGATTCTCTGGAAGGAGT,0,4326651
yadI_predicted,0.5,1,1,ATGGAGGTTATCTAACGTCC,0,4304110
yadI_predicted,0.5,1,1,ATGGAGGCGCTTCGGTCCTA,0,4335393
yadI_predicted,0.5,1,1,ATGGAGAACGACCAAATGGT,0,4307956
yadI_predicted,0.5,1,1,ATGCTGCGAGCAAGCCCCGC,0,4364024
yadI_predicted,0.5,1,1,ATGCTCTGCCTGGGGGCTTG,0,4290858
yadI_predicted,0.5,1,1,ATGCTAATAGATACTCACTA,0,4339656
yadI_predicted,0.5,1,1,ATGCGTCTGAGGCCCCCAGT,0,4315353
yadI_predicted,0.5,1,1,ATGCGGTTTCCTTAAACTTT,0,4327967
yadI_predicted,0.5,1,1,ATGCGGGTCAGTCCGGACGT,0,4360030
yadI_predicted,0.5,1,1,ATGCCTGGCGGAAGATAGCG,0,4329094
yadI_predicted,0.5,1,1,ATGCCGGTGCATCGTGTGGG,0,4339395
yadI_predicted,0.5,1,1,ATGCCGATACCAGATTGATT,0,4295336
yadI_predicted,0.5,1,1,ATGCCCTGAAATATGCGGCG,0,4339701
yadI_predicted,0.5,1,1,ATGCCAGTTAGGCCCGAATT,0,4341172
yadI_predicted,0.5,1,1,ATGCACTTCACCACTCATTT,0,4320125
yadI_predicted,0.5,1,1,ATGCACACTTCATGCTGGTA,0,4343365
yadI_predicted,0.5,1,1,ATGCACAAGAATTCGACGTA,0,4285855
yadI_predicted,0.5,1,1,ATGCAAGTGGGACGCTCTAA,0,4322081
yadI_predicted,0.5,1,1,ATGATCGGTAGAGACAATAG,0,4299887
yadI_predicted,0.5,1,1,ATGAGGTCAGTTGGTGACCA,0,4344404
yadI_predicted,0.5,1,1,ATGAGGTACGGAAATTAGTC,0,4349362
yadI_predicted,0.5,1,1,ATGACTTGCTCGGCTGATAG,0,4295974
yadI_predicted,0.5,1,1,ATGACGATGATTCCACCCCC,0,4350991
yadI_predicted,0.5,1,1,ATGAATCCCTAGAACATTAA,0,4296871
yadI_predicted,0.5,1,1,ATGAAACTTGGAAAGCCGGT,0,4313100
yadI_predicted,0.5,1,1,ATGAAAACTGCTCGAGAGCT,0,4365598
yadI_predicted,0.5,1,1,ATCTTGATGCAACGGTCTCA,0,4339185
yadI_predicted,0.5,1,1,ATCTCTGTGGTGTTCCTGCT,0,4364023
yadI_predicted,0.5,1,1,ATCTCGGAGTGACTTCCTGG,0,4353273
yadI_predicted,0.5,1,1,ATCTCAGTGATAACTGACTC,0,4308311
yadI_predicted,0.5,1,1,ATCTCAGGAGCCGCGGTGCG,0,4293760
yadI_predicted,0.5,1,1,ATCTCAATTGGACAACTGCG,0,4330557
yadI_predicted,0.5,1,1,ATCTAGTGATGGTAAATGAT,0,4284815
yadI_predicted,0.5,1,1,ATCTAAGGCCCGCAAAGCTG,0,4338621
yadI_predicted,0.5,1,1,ATCTAACGGGAGTCCTCTCA,0,4333882
yadI_predicted,0.5,1,1,ATCGTGCTTTGCGGTATACT,0,4350113
yadI_predicted,0.5,1,1,ATCGTCTGAATATTTGAAAT,0,4294475
yadI_predicted,0.5,1,1,ATCGTCTCACATGCTATTGT,0,4344459
yadI_predicted,0.5,1,1,ATCGTCATCTGACCCGAGGT,0,4300112
yadI_predicted,0.5,1,1,ATCGTCAGTACTGTCAGACT,0,4367965
yadI_predicted,0.5,1,1,ATCGTCAACGGGGTCAGTAA,0,4359706
yadI_predicted,0.5,1,1,ATCGGTAGGCCTGCTTCTTT,0,4346801
yadI_predicted,0.5,1,1,ATCGGGGTTACCACGGTGGA,0,4336162
yadI_predicted,0.5,1,1,ATCGGGCAGTCCATCACATG,0,4363107
yadI_predicted,0.5,1,1,ATCGGGAGGACCTGTGTCTT,0,4332661
yadI_predicted,0.5,1,1,ATCGGATACTCGCACTTATA,0,4365071
yadI_predicted,0.5,1,1,ATCGGAAGGAAGAGAGGTAC,0,4363245
yadI_predicted,0.5,1,1,ATCGCTTTCCTGCCCTCGTA,0,4347787
yadI_predicted,0.5,1,1,ATCGCGTGGCCATTTACTGG,0,4287081
yadI_predicted,0.5,1,1,ATCGCGATGGGAGACCGAAA,0,4347406
yadI_predicted,0.5,1,1,ATCGCGAATTCATTAGCGTC,0,4355120
yadI_predicted,0.5,1,1,ATCGCCTGGCACATTATTGA,0,4309507
yadI_predicted,0.5,1,1,ATCGCATTTTTAACCCAATT,0,4290774
yadI_predicted,0.5,1,1,ATCGAGGATGTTCGTACGCG,0,4348847
yadI_predicted,0.5,1,1,ATCCTTTACTGACAGGAGCA,0,4364783
yadI_predicted,0.5,1,1,ATCCTTTACCTTGAACCGCC,0,4302663
yadI_predicted,0.5,1,1,ATCCTTGATGCTGGAATGGC,0,4303921
yadI_predicted,0.5,1,1,ATCCGTTAGCTAAGCCGACC,0,4294826
yadI_predicted,0.5,1,1,ATCCGGCGATGATTGATAGT,0,4315113
yadI_predicted,0.5,1,1,ATCCCGTAGAGAATAAGTAC,0,4323437
yadI_predicted,0.5,1,1,ATCCCCATCTTTAGCGCGTG,0,4316628
yadI_predicted,0.5,1,1,ATCCCATTTCATAATTGCTT,0,4333751
yadI_predicted,0.5,1,1,ATCCCATCACATGGTATGAG,0,4362023
yadI_predicted,0.5,1,1,ATCCATGGCATTTCATTAAG,0,4326600
yadI_predicted,0.5,1,1,ATCCATCTTGGCTGCGTAGC,0,4336224
yadI_predicted,0.5,1,1,ATCCAAGCTTAAACCGCGCC,0,4301983
yadI_predicted,0.5,1,1,ATCCAACTTAAAACTGCTCA,0,4336287
yadI_predicted,0.5,1,1,ATCATTCACCGTGCGGAATG,0,4328316
yadI_predicted,0.5,1,1,ATCATGTAGGGGCTTATAAG,0,4364734
yadI_predicted,0.5,1,1,ATCATGCATAGGATACTATT,0,4295257
yadI_predicted,0.5,1,1,ATCATGAGAGGGCTTGTAGC,0,4293127
yadI_predicted,0.5,1,1,ATCATCTTCATTCACACTAG,0,4368577
yadI_predicted,0.5,1,1,ATCAGTACTCGCGGCGAACC,0,4330407
yadI_predicted,0.5,1,1,ATCAGCTTGTAAACCAGAGA,0,4293698
yadI_predicted,0.5,1,1,ATCAGCCATCCTTTACAATG,0,4311119
yadI_predicted,0.5,1,1,ATCAGACGATGCGGGTTTTT,0,4357126
yadI_predicted,0.5,1,1,ATCAGAAGGGGAAGATTCAG,0,4361986
yadI_predicted,0.5,1,1,ATCACGGCGTTACCCTTCTA,0,4340504
yadI_predicted,0.5,1,1,ATCACGCATCAGCTTCTCGC,0,4342532
yadI_predicted,0.5,1,1,ATCACCTACGATCCGCGGCA,0,4356569
yadI_predicted,0.5,1,1,ATCACATGCTATGCCCGTCA,0,4343143
yadI_predicted,0.5,1,1,ATCACAGCTAACCCGTAGAC,0,4331036
yadI_predicted,0.5,1,1,ATCAAGTATTTTGCTTTAAT,0,4337996
yadI_predicted,0.5,1,1,ATATTTGCTCACGAACGGTC,0,4324636
yadI_predicted,0.5,1,1,ATATTGACCATATGGCTCTT,0,4284165
yadI_predicted,0.5,1,1,ATATGCGTTAACGGCGAGAA,0,4364136
yadI_predicted,0.5,1,1,ATATGCGGTTGCATGAGGAA,0,4291610
yadI_predicted,0.5,1,1,ATATCTATCTTGGTTAAGCT,0,4367837
yadI_predicted,0.5,1,1,ATATCGTTATAAAAGCAATG,0,4313435
yadI_predicted,0.5,1,1,ATATCGGGGAGTATCTTGTT,0,4322597
yadI_predicted,0.5,1,1,ATATCAGAAAAGCGTGTTAG,0,4347047
yadI_predicted,0.5,1,1,ATATAGCCGGTAGACGCTAC,0,4369844
yadI_predicted,0.5,1,1,ATATAAGCCTTACTCCGGGA,0,4323709
yadI_predicted,0.5,1,1,ATAGGTTCAGACCGAGTTCG,0,4315676
yadI_predicted,0.5,1,1,ATAGCTCCTATCGCAATATG,0,4321993
yadI_predicted,0.5,1,1,ATAGATTTCCTTGGTCCGAA,0,4353904
yadI_predicted,0.5,1,1,ATAGATTCCGCATGTGAGAA,0,4339995
yadI_predicted,0.5,1,1,ATAGAGCCGACGCTGCCGCG,0,4328284
yadI_predicted,0.5,1,1,ATAGACCGCGCTATAAGCAC,0,4357728
yadI_predicted,0.5,1,1,ATAGACCCACCCGTAGTTTC,0,4335326
yadI_predicted,0.5,1,1,ATAGAACTGCAATATTTGTT,0,4352044
yadI_predicted,0.5,1,1,ATAGAACACTAACCCGGCTG,0,4321452
yadI_predicted,0.5,1,1,ATACTGACCCACTACTGACG,0,4314838
yadI_predicted,0.5,1,1,ATACTGACACCTCATTTCAC,0,4340630
yadI_predicted,0.5,1,1,ATACTCGGACTGAACGCGAG,0,4329038
yadI_predicted,0.5,1,1,ATACTAGGGGACTAACCCGG,0,4316641
yadI_predicted,0.5,1,1,ATACGTGGATTAGCACTGTC,0,4314313
yadI_predicted,0.5,1,1,ATACGGACCAATCGGCGGTC,0,4364753
yadI_predicted,0.5,1,1,ATACGCCGTCCTCGGGGGAT,0,4310719
yadI_predicted,0.5,1,1,ATACGAAATACACGAAAATT,0,4359073
yadI_predicted,0.5,1,1,ATACCGGTATGTATTGTTGC,0,4315439
yadI_predicted,0.5,1,1,ATACCGGCAAAGTTAGCTTT,0,4288389
yadI_predicted,0.5,1,1,ATACCCTCACTGCTATCTAT,0,4357771
yadI_predicted,0.5,1,1,ATACCCACAGGACGGAGTTA,0,4350338
yadI_predicted,0.5,1,1,ATACATGTGGTTGGACTCGC,0,4360012
yadI_predicted,0.5,1,1,ATACAACGTAACAACGGCTC,0,4298413
yadI_predicted,0.5,1,1,ATAATTAAGCTAGTGGCGGC,0,4364085
yadI_predicted,0.5,1,1,ATAATCTTTTGCGGTGAGCT,0,4294815
yadI_predicted,0.5,1,1,ATAATCGCACTACATGAATC,0,4365073
yadI_predicted,0.5,1,1,ATAAGGGAGCCCGATTAAAC,0,4368857
yadI_predicted,0.5,1,1,ATAAGACGTGACGAAACATC,0,4304809
yadI_predicted,0.5,1,1,ATAACCAGGCAGTAGATTTT,0,4308636
yadI_predicted,0.5,1,1,ATAAATTTCGGGCATATGGG,0,4324895
yadI_predicted,0.5,1,1,ATAAATGTCAACCGAGTTCA,0,4328109
yadI_predicted,0.5,1,1,ATAAAGAACGTAGGCCGTTG,0,4313637
yadI_predicted,0.5,1,1,AGTTTGTCGGGCTAGGCAGT,0,4366780
yadI_predicted,0.5,1,1,AGTTTGCCCAGCGGGCAACA,0,4354703
yadI_predicted,0.5,1,1,AGTTTGCACATTTTGTGAAT,0,4350482
yadI_predicted,0.5,1,1,AGTTTCTTGGCTGATAACAA,0,4351292
yadI_predicted,0.5,1,1,AGTTGTAGCGCATCCAATGA,0,4313777
yadI_predicted,0.5,1,1,AGTTGTAAAATCTTAGTACC,0,4352244
yadI_predicted,0.5,1,1,AGTTGGGATGGAGTGCACAC,0,4305345
yadI_predicted,0.5,1,1,AGTTGGCGTCAGATGGGAAG,0,4354746
yadI_predicted,0.5,1,1,AGTTGACCTATTACAGCACT,0,4297200
yadI_predicted,0.5,1,1,AGTTGAACGAAAATATCAGT,0,4339957
yadI_predicted,0.5,1,1,AGTTCTGTTCTGAAGAAAGT,0,4336147
yadI_predicted,0.5,1,1,AGTTCGAGATAGGAAGAGCC,0,4284654
yadI_predicted,0.5,1,1,AGTTCAGGCGGAATATCTAT,0,4311248
yadI_predicted,0.5,1,1,AGTTATTGTATCATACCCCC,0,4360995
yadI_predicted,0.5,1,1,AGTTATCCCCAGTCGTACCA,0,4359337
yadI_predicted,0.5,1,1,AGTTAGTGCGCTTGCTTTGG,0,4343789
yadI_predicted,0.5,1,1,AGTTAGGATATTGGAACAAT,0,4319148
yadI_predicted,0.5,1,1,AGTTAGCGGCCGACCGATTG,0,4291093
yadI_predicted,0.5,1,1,AGTGTTTTGGTGTCCAACCC,0,4289266
yadI_predicted,0.5,1,1,AGTGTTTAGGCTTACAACCG,0,4353492
yadI_predicted,0.5,1,1,AGTGTGTTAGACTAAGGCGT,0,4355927
yadI_predicted,0.5,1,1,AGTGTGACGCCAGCCCATAC,0,4354362
yadI_predicted,0.5,1,1,AGTGTCTATACAGCTTCCTG,0,4293303
yadI_predicted,0.5,1,1,AGTGGTAGCATCATTCTTCC,0,4333111
yadI_predicted,0.5,1,1,AGTGGGTGCCGCTTCGGCCT,0,4357971
yadI_predicted,0.5,1,1,AGTGCGTAGCGATACCTAAC,0,4354877
yadI_predicted,0.5,1,1,AGTGCCAACTTCTGTTGCGC,0,4340357
yadI_predicted,0.5,1,1,AGTGCATGGTGCGGTTTATG,0,4325639
yadI_predicted,0.5,1,1,AGTGAGTATCACTGATTTTA,0,4367681
yadI_predicted,0.5,1,1,AGTCTTGCCTGACTGTCAAC,0,4302334
yadI_predicted,0.5,1,1,AGTCTTAAGAGGGTAGCTAC,0,4358440
yadI_predicted,0.5,1,1,AGTCTATCTGCAATCCTCGT,0,4292883
yadI_predicted,0.5,1,1,AGTCGGTTGTTCCGTGTTCG,0,4324087
yadI_predicted,0.5,1,1,AGTCGGACACGTGCCTGTAC,0,4302565
yadI_predicted,0.5,1,1,AGTCCCTCCGACGGTACGAT,0,4314852
yadI_predicted,0.5,1,1,AGTCCCATGGTCGTTCAACC,0,4339581
yadI_predicted,0.5,1,1,AGTCAGGAAATCGGTCCATA,0,4296608
yadI_predicted,0.5,1,1,AGTCAACATATAGATGGGCA,0,4350833
yadI_predicted,0.5,1,1,AGTCAAATCGGCAATCGGCA,0,4292047
yadI_predicted,0.5,1,1,AGTCAAAGGGATTGTGAACG,0,4293607
yadI_predicted,0.5,1,1,AGTCAAAAAGTGGAAAAAAG,0,4284358
yadI_predicted,0.5,1,1,AGTATCGGTATGCAGGTATG,0,4344847
yadI_predicted,0.5,1,1,AGTATCAAGCTTGATGAATT,0,4302056
yadI_predicted,0.5,1,1,AGTATAGAAGGTGGAAGGTT,0,4365352
yadI_predicted,0.5,1,1,AGTAGTCGAGTGGCACCCGG,0,4284607
yadI_predicted,0.5,1,1,AGTAGTATAGGAATCTCTCT,0,4358041
yadI_predicted,0.5,1,1,AGTAGGCGCGAAATCCGCAG,0,4305209
yadI_predicted,0.5,1,1,AGTACGCCAGTTGCAGGACC,0,4337677
yadI_predicted,0.5,1,1,AGTACCTGTAGTCCTACCGT,0,4369518
yadI_predicted,0.5,1,1,AGTACCAGGTAAAACCTTAA,0,4302961
yadI_predicted,0.5,1,1,AGTAATGTAGGCTGAGTGAT,0,4296823
yadI_predicted,0.5,1,1,AGTAATGCTCGTTGGGGCCG,0,4308502
yadI_predicted,0.5,1,1,AGTAATCGTGGGTTAACGAG,0,4364688
yadI_predicted,0.5,1,1,AGTAACGGGACAACCCTTTT,0,4358888
yadI_predicted,0.5,1,1,AGTAACCGGTATACCCGTGA,0,4364408
yadI_predicted,0.5,1,1,AGTAAAGGCGTAGATCCTCG,0,4362744
yadI_predicted,0.5,1,1,AGGTTTTTAGGGCGAAGTGG,0,4303466
yadI_predicted,0.5,1,1,AGGTTAATGATTCGATGATC,0,4359970
yadI_predicted,0.5,1,1,AGGTGTTGCGAAATTAGAGT,0,4343388
yadI_predicted,0.5,1,1,AGGTGTTAGTATAGAGGTAA,0,4352804
yadI_predicted,0.5,1,1,AGGTGTCGGGAATGAGAGCC,0,4352953
yadI_predicted,0.5,1,1,AGGTGGCCCAAGGGAAAAAA,0,4364475
yadI_predicted,0.5,1,1,AGGTGGAAGCAATCCATTAA,0,4315285
yadI_predicted,0.5,1,1,AGGTGAGCCTACGACCTCGC,0,4287919
yadI_predicted,0.5,1,1,AGGTCGGCAATGACAACCGG,0,4365114
yadI_predicted,0.5,1,1,AGGTCGATCATTTTCTTAAA,0,4310328
yadI_predicted,0.5,1,1,AGGTCACACGCACGTCCCAG,0,4345274
yadI_predicted,0.5,1,1,AGGTATTCCTCTCATCTTAC,0,4316886
yadI_predicted,0.5,1,1,AGGTATGGGCTGCTTTCCAG,0,4293489
yadI_predicted,0.5,1,1,AGGTACTACAGAGTGCTAAG,0,4342666
yadI_predicted,0.5,1,1,AGGTAAGCGTCTGGTCCTTG,0,4308778
yadI_predicted,0.5,1,1,AGGTAAATCTCATACTCCGT,0,4295504
yadI_predicted,0.5,1,1,AGGGTTAGCGGATGTTTATG,0,4292889
yadI_predicted,0.5,1,1,AGGGGTGGCCGGGGATATGC,0,4294548
yadI_predicted,0.5,1,1,AGGGGTGAACCCCTGAGTAT,0,4357393
yadI_predicted,0.5,1,1,AGGGGTACGTCTTGAGGCCA,0,4345693
yadI_predicted,0.5,1,1,AGGGGTAACAAGGGCGATGC,0,4312218
yadI_predicted,0.5,1,1,AGGGGCCGATGGCTAGTGTT,0,4338962
yadI_predicted,0.5,1,1,AGGGGAGTGAATAGGTGCAA,0,4333339
yadI_predicted,0.5,1,1,AGGGGACATAGTGTGCGGGC,0,4287585
yadI_predicted,0.5,1,1,AGGGCTTTCTCACCCAATCT,0,4338711
yadI_predicted,0.5,1,1,AGGGCTCCTGGGCCAACGCG,0,4340052
yadI_predicted,0.5,1,1,AGGGCGCGTGTGCGGTAGCG,0,4312907
yadI_predicted,0.5,1,1,AGGGCCGAGATGCTGACAGG,0,4332613
yadI_predicted,0.5,1,1,AGGGAGTAAGGAGACGTTAA,0,4297672
yadI_predicted,0.5,1,1,AGGGACGGGCAACCATAACT,0,4289318
yadI_predicted,0.5,1,1,AGGGACGCAACCCGGGAATT,0,4295099
yadI_predicted,0.5,1,1,AGGGAATAAATTTACAGCTG,0,4287348
yadI_predicted,0.5,1,1,AGGGAACCTCCCAACGTGGG,0,4301620
yadI_predicted,0.5,1,1,AGGCTTTGACGAGCTCTGCG,0,4315700
yadI_predicted,0.5,1,1,AGGCTTCAGCCCCCGATCTT,0,4362636
yadI_predicted,0.5,1,1,AGGCTTATTGATGGAGCCCA,0,4338360
yadI_predicted,0.5,1,1,AGGCTCCACCACGGGTTAAC,0,4344702
yadI_predicted,0.5,1,1,AGGCGTGAAAAACCAGTAAT,0,4337117
yadI_predicted,0.5,1,1,AGGCGTAGGAGACTAACGGA,0,4318240
yadI_predicted,0.5,1,1,AGGCGGCGGGGAGGCAGGTA,0,4303276
yadI_predicted,0.5,1,1,AGGCCTCGAACAATAAAGTA,0,4366536
yadI_predicted,0.5,1,1,AGGCCGTCGTGGTGTTATCC,0,4297874
yadI_predicted,0.5,1,1,AGGCCGCGTGTGCAGTAGTT,0,4349201
yadI_predicted,0.5,1,1,AGGCCCCTCTTGGACCCGAC,0,4366983
yadI_predicted,0.5,1,1,AGGCCATCGAGAATTACGTC,0,4327279
yadI_predicted,0.5,1,1,AGGCAGGCCCAACTCTTGCT,0,4293397
yadI_predicted,0.5,1,1,AGGCACAGCTGTCTGTCGAA,0,4333469
yadI_predicted,0.5,1,1,AGGATTTGGCAACCGATTGG,0,4304656
yadI_predicted,0.5,1,1,AGGATTTAAGTAAAGCACTA,0,4331548
yadI_predicted,0.5,1,1,AGGATTACAATCACTGGTCC,0,4300010
yadI_predicted,0.5,1,1,AGGATGTTCAATTTAGCAGT,0,4343102
yadI_predicted,0.5,1,1,AGGATCAGGCAGCTCTAAAC,0,4293260
yadI_predicted,0.5,1,1,AGGATATAGCAACACTCTGT,0,4340215
yadI_predicted,0.5,1,1,AGGAGTCCCTCCTCGTGAAC,0,4329989
yadI_predicted,0.5,1,1,AGGAGCCTAGTTCAACTGTA,0,4312048
yadI_predicted,0.5,1,1,AGGAGACCGGCAATTGTAAA,0,4367203
yadI_predicted,0.5,1,1,AGGAGAAGCGCGTATATTTG,0,4293090
yadI_predicted,0.5,1,1,AGGACTTAAGTCCCAGCTTC,0,4340018
yadI_predicted,0.5,1,1,AGGACTCCTCAGACTGAATA,0,4319055
yadI_predicted,0.5,1,1,AGGACGATGGCAATTGTCTT,0,4305722
yadI_predicted,0.5,1,1,AGGACAGGATGCCAGGGAAG,0,4294270
yadI_predicted,0.5,1,1,AGGAAGTACATTGAGTGTAT,0,4334172
yadI_predicted,0.5,1,1,AGGAAGGGTGAGGATTTACT,0,4359864
yadI_predicted,0.5,1,1,AGGAACGTCACACAGAGCGC,0,4298244
yadI_predicted,0.5,1,1,AGGAACAGGAGTAGATAGGG,0,4349215
yadI_predicted,0.5,1,1,AGCTTTGTGACCCGAGTACT,0,4299375
yadI_predicted,0.5,1,1,AGCTTTGCAGTTAGAATGCA,0,4309553
yadI_predicted,0.5,1,1,AGCTTCCCATAACGATACCA,0,4367770
yadI_predicted,0.5,1,1,AGCTTAAGGTACTGCGCGAT,0,4357491
yadI_predicted,0.5,1,1,AGCTGTCCAACCAAGGTCCA,0,4317978
yadI_predicted,0.5,1,1,AGCTCAACTCCCCATCAGGA,0,4332745
yadI_predicted,0.5,1,1,AGCTATGGAGATTATTAGTA,0,4284306
yadI_predicted,0.5,1,1,AGCTAGTTAGAACGTGGGAA,0,4302970
yadI_predicted,0.5,1,1,AGCTAGAACTTACAGAGCCC,0,4354032
yadI_predicted,0.5,1,1,AGCTACGGGATCCTGGATCC,0,4348308
yadI_predicted,0.5,1,1,AGCTACCAGGATTGCTACGG,0,4352709
yadI_predicted,0.5,1,1,AGCTACCAAAATGCCCGTAT,0,4366826
yadI_predicted,0.5,1,1,AGCGTTACCCCGGTGAGAGA,0,4312277
yadI_predicted,0.5,1,1,AGCGTCCGAGTGGTTTTTAG,0,4344156
yadI_predicted,0.5,1,1,AGCGTATAGACCGTCAGGCA,0,4363514
yadI_predicted,0.5,1,1,AGCGTACTTGAAGCGCTGTA,0,4349473
yadI_predicted,0.5,1,1,AGCGCCTTAAGAACCACGCA,0,4323450
yadI_predicted,0.5,1,1,AGCGATGGGCAGTGAGGGGA,0,4306750
yadI_predicted,0.5,1,1,AGCGAGGTTCCGATGGTCGT,0,4327538
yadI_predicted,0.5,1,1,AGCGACCGGATGCCCAATCT,0,4320757
yadI_predicted,0.5,1,1,AGCCTTGCCTTTTCAGCTAT,0,4349620
yadI_predicted,0.5,1,1,AGCCTTAATACGGCACGACA,0,4312604
yadI_predicted,0.5,1,1,AGCCTGGGAGGAGCGCCTCA,0,4322730
yadI_predicted,0.5,1,1,AGCCTGGCCAGGAAATAACC,0,4339612
yadI_predicted,0.5,1,1,AGCCGTCTCAAGCTAGTGGT,0,4328807
yadI_predicted,0.5,1,1,AGCCGGCGGGAAGGTAAAGA,0,4305779
yadI_predicted,0.5,1,1,AGCCGCCGACTATAACATAT,0,4345859
yadI_predicted,0.5,1,1,AGCCGAACGGATGCTAATGT,0,4338119
yadI_predicted,0.5,1,1,AGCCATCACGCGATTCTGAA,0,4317874
yadI_predicted,0.5,1,1,AGCCAATCCTGAAATTCGCG,0,4298904
yadI_predicted,0.5,1,1,AGCCAAGGTAGCCTTTTTAA,0,4339323
yadI_predicted,0.5,1,1,AGCATTCTTTATGCAAAAAG,0,4361723
yadI_predicted,0.5,1,1,AGCATTCCCCGGATTATCCG,0,4314478
yadI_predicted,0.5,1,1,AGCATCTTTGCGCGCCGTTG,0,4291592
yadI_predicted,0.5,1,1,AGCATCTCCTCACGTCCGGG,0,4317728
yadI_predicted,0.5,1,1,AGCAGTAGGACCAGGGATCA,0,4301584
yadI_predicted,0.5,1,1,AGCAGGAAATAACCACTCCT,0,4358829
yadI_predicted,0.5,1,1,AGCAGCTACTGCTTAAATGG,0,4365149
yadI_predicted,0.5,1,1,AGCAGAAGCATACACCAGCA,0,4365540
yadI_predicted,0.5,1,1,AGATTTGTTAGTGCAGGGCT,0,4366747
yadI_predicted,0.5,1,1,AGATTTAAACAACTGCAGGC,0,4352116
yadI_predicted,0.5,1,1,AGATTGATTTACTGGACATA,0,4367742
yadI_predicted,0.5,1,1,AGATTATTCTCTATTATCCT,0,4361032
yadI_predicted,0.5,1,1,AGATGCGGAATGGGTTGGCA,0,4365518
yadI_predicted,0.5,1,1,AGATCTTCCGCCTACTTTCG,0,4288507
yadI_predicted,0.5,1,1,AGATCATTATATGCTTTGAC,0,4301018
yadI_predicted,0.5,1,1,AGATCACGCTAATCCACACG,0,4340328
yadI_predicted,0.5,1,1,AGATATCGCCGGTAGTCCCT,0,4301953
yadI_predicted,0.5,1,1,AGATATCGATGTGTTTTCAA,0,4326266
yadI_predicted,0.5,1,1,AGATATCACGGATATGGGCG,0,4313929
yadI_predicted,0.5,1,1,AGATAGCTTAACAAACGTGA,0,4334091
yadI_predicted,0.5,1,1,AGAGTCGCTAAGAGTGCTCT,0,4341358
yadI_predicted,0.5,1,1,AGAGTAGTGGTTTACAGCGT,0,4368344
yadI_predicted,0.5,1,1,AGAGGGCGGCCAGCGGTAAT,0,4285508
yadI_predicted,0.5,1,1,AGAGGAGCGCGAGGGGACAC,0,4369300
yadI_predicted,0.5,1,1,AGAGCTGAGAGGAGTCCGAT,0,4320371
yadI_predicted,0.5,1,1,AGAGCTACTGGTCGGGCCAG,0,4305171
yadI_predicted,0.5,1,1,AGAGCCAGATGCGCCCACAT,0,4284385
yadI_predicted,0.5,1,1,AGAGATCGACGGGCTCGCGC,0,4295892
yadI_predicted,0.5,1,1,AGAGAGTCGATAATCGGGAG,0,4312909
yadI_predicted,0.5,1,1,AGAGAGGGGATTCAATCACT,0,4296947
yadI_predicted,0.5,1,1,AGAGAATCCGCAAAGTGTTA,0,4332478
yadI_predicted,0.5,1,1,AGACTGGTAATTCCAGCGGC,0,4313557
yadI_predicted,0.5,1,1,AGACTATAGAATTTGGCAGG,0,4313428
yadI_predicted,0.5,1,1,AGACGTGGTTAGGTCTCGGA,0,4290271
yadI_predicted,0.5,1,1,AGACGTGCTTGGTTTGTGTT,0,4303937
yadI_predicted,0.5,1,1,AGACGGGAATATTCTCTACT,0,4355719
yadI_predicted,0.5,1,1,AGACCCCCTTGGTGGGGATG,0,4350532
yadI_predicted,0.5,1,1,AGACCATGCAGCTCGACAAG,0,4288906
yadI_predicted,0.5,1,1,AGAATGGTCTTTGCAGCTGG,0,4284251
yadI_predicted,0.5,1,1,AGAATACATGTTATTATCGT,0,4297782
yadI_predicted,0.5,1,1,AGAAGATAGGCCACTTCCTC,0,4309937
yadI_predicted,0.5,1,1,AGAACTACGAGCGCCAATGG,0,4330282
yadI_predicted,0.5,1,1,AGAACACATATAACTATAGG,0,4309850
yadI_predicted,0.5,1,1,AGAAAGGAATACGTAATAGC,0,4350874
yadI_predicted,0.5,1,1,AGAAACCCCGAATCGCCTTT,0,4367432
yadI_predicted,0.5,1,1,ACTTTGTGTGGTCAGGATTG,0,4352115
yadI_predicted,0.5,1,1,ACTTTGCTCCGTGACACAAC,0,4300700
yadI_predicted,0.5,1,1,ACTTTGCGCCAACTGGTCAG,0,4320074
yadI_predicted,0.5,1,1,ACTTTAATTTCTCGAAGTAT,0,4310100
yadI_predicted,0.5,1,1,ACTTGTCCCCACATCCACGT,0,4345463
yadI_predicted,0.5,1,1,ACTTGGCTATATCCACTAAC,0,4336203
yadI_predicted,0.5,1,1,ACTTGGACGAGTTACTCTTG,0,4368755
yadI_predicted,0.5,1,1,ACTTGCATGGTAAGCGGGGT,0,4363176
yadI_predicted,0.5,1,1,ACTTCTAGCAAGTCCGTCTC,0,4354879
yadI_predicted,0.5,1,1,ACTTCCGATGTCAAGTACGG,0,4284233
yadI_predicted,0.5,1,1,ACTTCCGAACGTCTAACGAA,0,4325498
yadI_predicted,0.5,1,1,ACTTCCAATGCCAAAGGTGT,0,4351133
yadI_predicted,0.5,1,1,ACTTCCAACTTCGGTAAATC,0,4359115
yadI_predicted,0.5,1,1,ACTTCAGGACCCGAGTTTAG,0,4343044
yadI_predicted,0.5,1,1,ACTTAGGGGGCGCCAAGTGT,0,4319203
yadI_predicted,0.5,1,1,ACTTACCTTGATGCATGCAT,0,4312912
yadI_predicted,0.5,1,1,ACTGTTATTGGCCGGTCCAA,0,4330731
yadI_predicted,0.5,1,1,ACTGTTATCTCCTGTGGTCT,0,4366062
yadI_predicted,0.5,1,1,ACTGTTATCCTTTCTGGTTT,0,4336233
yadI_predicted,0.5,1,1,ACTGTGAGGTTATTCTGGAC,0,4330774
yadI_predicted,0.5,1,1,ACTGGGAGCAACCAAACTGC,0,4335939
yadI_predicted,0.5,1,1,ACTGGCGTAAGGCATGGGGA,0,4332394
yadI_predicted,0.5,1,1,ACTGGCGATCAGGCTATTAT,0,4356854
yadI_predicted,0.5,1,1,ACTGGCAGATGGGTCGGTGG,0,4324416
yadI_predicted,0.5,1,1,ACTGGACATCCTGTTAATCA,0,4312103
yadI_predicted,0.5,1,1,ACTGCTAGGTAAGTTCGGGA,0,4338777
yadI_predicted,0.5,1,1,ACTGCTACGGTTAATTAATC,0,4358697
yadI_predicted,0.5,1,1,ACTGCGGGTAAGCCAGAGAT,0,4284281
yadI_predicted,0.5,1,1,ACTGCGGAATGTAAACTTAG,0,4303623
yadI_predicted,0.5,1,1,ACTGCGAAGTGGTCGGCATT,0,4293575
yadI_predicted,0.5,1,1,ACTGCAAGATAGGAAAGATT,0,4365991
yadI_predicted,0.5,1,1,ACTGATGATGGACATCTGTG,0,4297669
yadI_predicted,0.5,1,1,ACTGAGCGTCTAATATAAAC,0,4357897
yadI_predicted,0.5,1,1,ACTCTCCGCATCCGCTCTGC,0,4364503
yadI_predicted,0.5,1,1,ACTCTACCCAGCGCGAGTAC,0,4287230
yadI_predicted,0.5,1,1,ACTCGTTTGTTGCCCGTGGA,0,4362576
yadI_predicted,0.5,1,1,ACTCGATTTATGAACGCTCC,0,4332132
yadI_predicted,0.5,1,1,ACTCCAGTAATATTAACCTA,0,4314597
yadI_predicted,0.5,1,1,ACTCCAAGATTCTGGCCTAG,0,4354226
yadI_predicted,0.5,1,1,ACTCCAAGATTCACCGGTCT,0,4342188
yadI_predicted,0.5,1,1,ACTCACAAACGCGGCGGTTG,0,4297946
yadI_predicted,0.5,1,1,ACTCAAGCGTCGCGAAAAGG,0,4291082
yadI_predicted,0.5,1,1,ACTCAAAGACGTGTGAGACT,0,4303904
yadI_predicted,0.5,1,1,ACTATTGGTGTACACCTGAC,0,4343889
yadI_predicted,0.5,1,1,ACTATGTGCGTGTGCAGTGT,0,4314458
yadI_predicted,0.5,1,1,ACTAGGTGTGACAAACACGC,0,4352191
yadI_predicted,0.5,1,1,ACTAGGTCCGTGTCACAAGA,0,4339746
yadI_predicted,0.5,1,1,ACTACGTTCCTAAAGTTTTG,0,4313375
yadI_predicted,0.5,1,1,ACTACGAGAGCTTGTTTCAT,0,4361080
yadI_predicted,0.5,1,1,ACTACCGTTACCAAGAGGGC,0,4285944
yadI_predicted,0.5,1,1,ACTAATTCGCCATAGGTGGG,0,4298273
yadI_predicted,0.5,1,1,ACTAAGCTGCTTTGGTGCAG,0,4328927
yadI_predicted,0.5,1,1,ACTAAGCCCTGGAGTCATTT,0,4307636
yadI_predicted,0.5,1,1,ACGTTCGTCTTTTCAATTGG,0,4352790
yadI_predicted,0.5,1,1,ACGTTAAGCGGAGATACCGC,0,4335950
yadI_predicted,0.5,1,1,ACGTGGGCGACATTAGGATT,0,4303590
yadI_predicted,0.5,1,1,ACGTGGCTTCCCCAACGGCT,0,4351135
yadI_predicted,0.5,1,1,ACGTGACTAAGTGTCATGTC,0,4295825
yadI_predicted,0.5,1,1,ACGTGACGGCTCAATGATAT,0,4355082
yadI_predicted,0.5,1,1,ACGTGACCATTACACCTAAT,0,4313958
yadI_predicted,0.5,1,1,ACGTCTTAGCGCTGACTCGC,0,4292877
yadI_predicted,0.5,1,1,ACGTCGCAGGCTGGGGAGGG,0,4354033
yadI_predicted,0.5,1,1,ACGTCATGACTGATCACGGC,0,4367024
yadI_predicted,0.5,1,1,ACGTCATCCATAACGAGTCA,0,4353839
yadI_predicted,0.5,1,1,ACGTATGCTTCTACAGACAG,0,4312551
yadI_predicted,0.5,1,1,ACGTATCACTAACGTCGTGA,0,4294320
yadI_predicted,0.5,1,1,ACGTATAGTGGGCTGTTGGT,0,4328803
yadI_predicted,0.5,1,1,ACGTAGCAAGGGCAGAAAGC,0,4298810
yadI_predicted,0.5,1,1,ACGTAATGGGCCAGTGTCGG,0,4293804
yadI_predicted,0.5,1,1,ACGGTGTTTTGTATTACTTG,0,4300976
yadI_predicted,0.5,1,1,ACGGTGTATCTATTTTACCA,0,4321214
yadI_predicted,0.5,1,1,ACGGTGTAATTAATGCTTCC,0,4311667
yadI_predicted,0.5,1,1,ACGGTCAAGGTGAATTCAGT,0,4345257
yadI_predicted,0.5,1,1,ACGGGGTGTGAAGCAAGACG,0,4368258
yadI_predicted,0.5,1,1,ACGGGGTGTCTAGTACATGA,0,4364546
yadI_predicted,0.5,1,1,ACGGGGCTTAAATTACATGC,0,4358778
yadI_predicted,0.5,1,1,ACGGGGAGGAGGTAGCCAGT,0,4292526
yadI_predicted,0.5,1,1,ACGGGCAGGTGCATAAGAGC,0,4314878
yadI_predicted,0.5,1,1,ACGGGAGTGCGATAGTCTTC,0,4306849
yadI_predicted,0.5,1,1,ACGGGAAGCTTCCGGATCTC,0,4357564
yadI_predicted,0.5,1,1,ACGGCTGATTGTGTGCGGAG,0,4330171
yadI_predicted,0.5,1,1,ACGGCGTGCTAGGCCACCGC,0,4332136
yadI_predicted,0.5,1,1,ACGGCCGTGTGAAACCCTGC,0,4329425
yadI_predicted,0.5,1,1,ACGGATAGAGGTGGCCCTTA,0,4335952
yadI_predicted,0.5,1,1,ACGGATACGAGGCCCGGTTA,0,4350520
yadI_predicted,0.5,1,1,ACGGAGTATTTACTTGTAAT,0,4309095
yadI_predicted,0.5,1,1,ACGGAGTAAGCACAGGCGGC,0,4290655
yadI_predicted,0.5,1,1,ACGCTTCCGTCAAATCGATA,0,4320171
yadI_predicted,0.5,1,1,ACGCTGGAATGTCACAAAAC,0,4328518
yadI_predicted,0.5,1,1,ACGCTGCCTGTCAGGTTCGG,0,4356766
yadI_predicted,0.5,1,1,ACGCTATAAAGATGACCAGG,0,4360526
yadI_predicted,0.5,1,1,ACGCGTGGTAACGCCCACTA,0,4289385
yadI_predicted,0.5,1,1,ACGCGTCCTCGCAATGCTGC,0,4351612
yadI_predicted,0.5,1,1,ACGCGGTGTTACGTTCTTCA,0,4318794
yadI_predicted,0.5,1,1,ACGCGGTGTGGTACGCCTTA,0,4357552
yadI_predicted,0.5,1,1,ACGCGGTGAGAGACACCGTT,0,4354515
yadI_predicted,0.5,1,1,ACGCGCACGTATATTGCCAT,0,4338796
yadI_predicted,0.5,1,1,ACGCGAGTCGGCTGAAATAA,0,4285663
yadI_predicted,0.5,1,1,ACGCGAATAAGGGAGATCAT,0,4343157
yadI_predicted,0.5,1,1,ACGCCGTTGGGTGGTAGACG,0,4316742
yadI_predicted,0.5,1,1,ACGCCGGGGCGCAATTGCTT,0,4366965
yadI_predicted,0.5,1,1,ACGCCGGCCTCCACAGAATA,0,4316633
yadI_predicted,0.5,1,1,ACGCATGCACGCTAACAATG,0,4363566
yadI_predicted,0.5,1,1,ACGCAGTTCTAATGCTAGTG,0,4319108
yadI_predicted,0.5,1,1,ACGCAGGCCGGTCAACTAAC,0,4286246
yadI_predicted,0.5,1,1,ACGCAGACTGGATGGCGCCG,0,4361323
yadI_predicted,0.5,1,1,ACGCACTAAACTTGTACTTT,0,4330873
yadI_predicted,0.5,1,1,ACGCACACGATCGTCGGGTG,0,4310790
yadI_predicted,0.5,1,1,ACGATGTAGGGGTATGATGC,0,4293048
yadI_predicted,0.5,1,1,ACGATGAACGTTATGCCCGG,0,4369885
yadI_predicted,0.5,1,1,ACGATCTACCTAGCCGGGGC,0,4302234
yadI_predicted,0.5,1,1,ACGATATGATTTCATGGTGT,0,4327867
yadI_predicted,0.5,1,1,ACGATAAGTTCATTTACTTG,0,4327116
yadI_predicted,0.5,1,1,ACGAGGTGGTGGACCCTCCG,0,4349587
yadI_predicted,0.5,1,1,ACGAGGCGGCTCGCGAAAGG,0,4341615
yadI_predicted,0.5,1,1,ACGAGCGTTTTTTAGTCATG,0,4312170
yadI_predicted,0.5,1,1,ACGACCTATAGGGAACGAGA,0,4296190
yadI_predicted,0.5,1,1,ACCTTGGAAGTAAGAATCCT,0,4367028
yadI_predicted,0.5,1,1,ACCTTGATATCGGAACACAA,0,4352666
yadI_predicted,0.5,1,1,ACCTGTCCGAAGCTCTCATA,0,4363464
yadI_predicted,0.5,1,1,ACCTGTAACATTCTATTGAT,0,4320732
yadI_predicted,0.5,1,1,ACCTGCCGCACCTGGCAGCT,0,4369525
yadI_predicted,0.5,1,1,ACCTGCAAGACATAGCGAAC,0,4299441
yadI_predicted,0.5,1,1,ACCTCGCGTGTCTATAGTCT,0,4349352
yadI_predicted,0.5,1,1,ACCTCCGATCTTGACACTAA,0,4324074
yadI_predicted,0.5,1,1,ACCTCCCCGATAATTGAGGC,0,4344687
yadI_predicted,0.5,1,1,ACCTCAAGAGGGACACACAG,0,4306219
yadI_predicted,0.5,1,1,ACCGTGTAAGGTACCTTCAT,0,4363331
yadI_predicted,0.5,1,1,ACCGTGGTTCCTTCCGAAGA,0,4347557
yadI_predicted,0.5,1,1,ACCGTGGTAGGCCCTGCTTT,0,4294932
yadI_predicted,0.5,1,1,ACCGTGGACATATTAATATC,0,4314567
yadI_predicted,0.5,1,1,ACCGTAGCGCATGCAATTAT,0,4310523
yadI_predicted,0.5,1,1,ACCGTAAAGTACCCTGTTGC,0,4285983
yadI_predicted,0.5,1,1,ACCGGGACATCGGTATTAAT,0,4305619
yadI_predicted,0.5,1,1,ACCGGAAGGCCTTGCCGAAC,0,4325568
yadI_predicted,0.5,1,1,ACCGCTAGTTCGACGTTATT,0,4286004
yadI_predicted,0.5,1,1,ACCGCGGGCTTTGGCAGTCA,0,4351225
yadI_predicted,0.5,1,1,ACCGCGGATTCTTCAAGGGT,0,4358366
yadI_predicted,0.5,1,1,ACCGAAGGGTTTAGTCTGCC,0,4365210
yadI_predicted,0.5,1,1,ACCCTTCTGCAATTGTATAA,0,4333186
yadI_predicted,0.5,1,1,ACCCTGGACAGAGGCATTGT,0,4329109
yadI_predicted,0.5,1,1,ACCCGGACATCCTTTCGTTG,0,4289071
yadI_predicted,0.5,1,1,ACCCGCCTTCGGCGCCGATA,0,4361002
yadI_predicted,0.5,1,1,ACCCGCCGATTAGGACGACT,0,4302670
yadI_predicted,0.5,1,1,ACCCGATGTTTATTAAGACA,0,4343103
yadI_predicted,0.5,1,1,ACCCGATGGCTGGACCGCGC,0,4358795
yadI_predicted,0.5,1,1,ACCCAAGTTACTTCCGCCCC,0,4348518
yadI_predicted,0.5,1,1,ACCATTTATTACCAGCTCGC,0,4300644
yadI_predicted,0.5,1,1,ACCATGTAGATGTCGTCCCT,0,4295614
yadI_predicted,0.5,1,1,ACCATGTACCATACTCACCA,0,4338282
yadI_predicted,0.5,1,1,ACCATGCCGACTGCATAAAG,0,4302051
yadI_predicted,0.5,1,1,ACCATCGTCGCTTCGGATTC,0,4341221
yadI_predicted,0.5,1,1,ACCACGAATACGTGTTAGCG,0,4297706
yadI_predicted,0.5,1,1,ACCACCTAAGCCACCGAAAA,0,4333776
yadI_predicted,0.5,1,1,ACCAATCCAGTCCACATAAT,0,4336247
yadI_predicted,0.5,1,1,ACATTCTAAGTTTGAACACT,0,4361129
yadI_predicted,0.5,1,1,ACATGCAAAAAAAATTCACT,0,4284918
yadI_predicted,0.5,1,1,ACATCGTCGGTTGCTATTGT,0,4334178
yadI_predicted,0.5,1,1,ACATCGAGCAGGCTAAACCC,0,4328283
yadI_predicted,0.5,1,1,ACATATACCAGCACCTCGTT,0,4313926
yadI_predicted,0.5,1,1,ACATAGCTCGTTCCATTTTT,0,4292001
yadI_predicted,0.5,1,1,ACATAAAGTATAAGCGATCC,0,4317969
yadI_predicted,0.5,1,1,ACAGTTATCGCCACCCACAG,0,4358462
yadI_predicted,0.5,1,1,ACAGTCGAGATCTTTCTTAT,0,4296892
yadI_predicted,0.5,1,1,ACAGGTTGCAGCAGTAGTCT,0,4368532
yadI_predicted,0.5,1,1,ACAGGTGTCCAAGGTAGGGG,0,4356294
yadI_predicted,0.5,1,1,ACAGGCTCGAAATTCGTTTA,0,4325794
yadI_predicted,0.5,1,1,ACAGGCATCCGGTGGCTCGC,0,4338986
yadI_predicted,0.5,1,1,ACAGGCAGAGCCCTCTCACC,0,4301600
yadI_predicted,0.5,1,1,ACAGCTCTGTCAGACCCATC,0,4352990
yadI_predicted,0.5,1,1,ACAGATATCGATCGAGAGGG,0,4318677
yadI_predicted,0.5,1,1,ACAGAGCACCCAAGCCACTT,0,4308605
yadI_predicted,0.5,1,1,ACAGACTTTGTAAAGTGACA,0,4349607
yadI_predicted,0.5,1,1,ACACTTACAGGTTCTGCGAT,0,4292692
yadI_predicted,0.5,1,1,ACACTGCTTAAGGAGTTACA,0,4338467
yadI_predicted,0.5,1,1,ACACTCCGGATTTGGACGGA,0,4289423
yadI_predicted,0.5,1,1,ACACGTTTTTGTTCCACTGG,0,4295112
yadI_predicted,0.5,1,1,ACACGTTTGGGATGCGAAGG,0,4311049
yadI_predicted,0.5,1,1,ACACGTCCCTGTACCAGGTG,0,4331969
yadI_predicted,0.5,1,1,ACACGTCCCTAAAAGATTGT,0,4359775
yadI_predicted,0.5,1,1,ACACGCCGCCTATCTTGCGG,0,4303564
yadI_predicted,0.5,1,1,ACACGACTCATACGATCAGA,0,4315565
yadI_predicted,0.5,1,1,ACACATGTCTATTGGGTGCA,0,4295807
yadI_predicted,0.5,1,1,ACACATGGGCCGCACTGGGA,0,4318972
yadI_predicted,0.5,1,1,ACACATACACATAATAGTCA,0,4307309
yadI_predicted,0.5,1,1,ACACATAATTGTGGGACAAT,0,4365416
yadI_predicted,0.5,1,1,ACACAGCTCAAACTCGTAGT,0,4310381
yadI_predicted,0.5,1,1,ACACACCCAACAAGAGAGCG,0,4302535
yadI_predicted,0.5,1,1,ACAATTAAGTGACAGCCCCC,0,4331562
yadI_predicted,0.5,1,1,ACAATCCCTAGTCACGGAAC,0,4352163
yadI_predicted,0.5,1,1,ACAATAGAGTGTTTGAGACC,0,4340038
yadI_predicted,0.5,1,1,ACAAGTGTGAAAACAAAACT,0,4310886
yadI_predicted,0.5,1,1,ACAAGCGCTGGCCCTATTGA,0,4301410
yadI_predicted,0.5,1,1,ACAAGCCCGGGGATTGAGAT,0,4287995
yadI_predicted,0.5,1,1,ACAACTGTGCCACCTGATGA,0,4328348
yadI_predicted,0.5,1,1,ACAACCGGGTGAGCAATTCA,0,4358222
yadI_predicted,0.5,1,1,ACAAAGTGCACTTCGGTCAT,0,4295319
yadI_predicted,0.5,1,1,ACAAAAGCCAGCAGTGTCGT,0,4349560
yadI_predicted,0.5,1,1,AATTTCCTGGAGTCCTGACT,0,4308492
yadI_predicted,0.5,1,1,AATTTCACTAAGTACAGTTT,0,4340170
yadI_predicted,0.5,1,1,AATTTAGGACAGCGGGGCCT,0,4344098
yadI_predicted,0.5,1,1,AATTTAATATTTAATGTGGT,0,4298394
yadI_predicted,0.5,1,1,AATTGTCGTTCTCGCCGGTT,0,4367433
yadI_predicted,0.5,1,1,AATTGTACGAGGGGCTCGGA,0,4333894
yadI_predicted,0.5,1,1,AATTGGCGTCAATCGCAAAC,0,4326350
yadI_predicted,0.5,1,1,AATTGCTAAAGCCGGGGAAT,0,4292570
yadI_predicted,0.5,1,1,AATTCGGAGTAGAAATATTA,0,4356985
yadI_predicted,0.5,1,1,AATTCCCCCAAATGATGAGT,0,4322368
yadI_predicted,0.5,1,1,AATTATTACGGAATCCTATC,0,4313924
yadI_predicted,0.5,1,1,AATTAAAGGTATAGGTCAAT,0,4369212
yadI_predicted,0.5,1,1,AATGTCGGAATGTTAAGCCA,0,4341008
yadI_predicted,0.5,1,1,AATGTCCAGACGACACAAGC,0,4299969
yadI_predicted,0.5,1,1,AATGTAGCAACCTCTCTTCA,0,4319477
yadI_predicted,0.5,1,1,AATGGTCGGTTCAATGACCT,0,4316051
yadI_predicted,0.5,1,1,AATGGTAAAATCACAGCCCT,0,4344228
yadI_predicted,0.5,1,1,AATGGGGACTCTGGAACTTC,0,4304721
yadI_predicted,0.5,1,1,AATGGGCAACCCCAGGGACA,0,4354461
yadI_predicted,0.5,1,1,AATGCGGATCTCGCATGGAA,0,4287367
yadI_predicted,0.5,1,1,AATGCGAGCATTGCTAGTGG,0,4352641
yadI_predicted,0.5,1,1,AATGCGACTAGGCCTTCGCT,0,4328635
yadI_predicted,0.5,1,1,AATGCGACCAACGTGCGAGG,0,4356429
yadI_predicted,0.5,1,1,AATGCCGGTTATAAAAGTGC,0,4333149
yadI_predicted,0.5,1,1,AATGCCATCTTTCGCGGCAT,0,4301932
yadI_predicted,0.5,1,1,AATGCAGCATGCGCTCAAGT,0,4369956
yadI_predicted,0.5,1,1,AATGCACTGTGCGAGGTTGT,0,4292681
yadI_predicted,0.5,1,1,AATGCACGTTATGGCTTGGC,0,4344573
yadI_predicted,0.5,1,1,AATGATTATTGACTCCTCTC,0,4350977
yadI_predicted,0.5,1,1,AATGAGCTTGCGTGTAACCT,0,4369879
yadI_predicted,0.5,1,1,AATGACTTCACCCAACGGTG,0,4300323
yadI_predicted,0.5,1,1,AATCTTGGCTACTCAACGAC,0,4369236
yadI_predicted,0.5,1,1,AATCTGGCACCCGACGGATT,0,4292219
yadI_predicted,0.5,1,1,AATCTAGAGCCGTTAACGGC,0,4343745
yadI_predicted,0.5,1,1,AATCTACTATGCCTTGGTTC,0,4305762
yadI_predicted,0.5,1,1,AATCGCACCGAAAGTGCGTG,0,4301365
yadI_predicted,0.5,1,1,AATCGATAAGATAGTAGTGA,0,4317826
yadI_predicted,0.5,1,1,AATCGAAGCGACGGAGTGCG,0,4347378
yadI_predicted,0.5,1,1,AATCCGTATAGGTCATTCTC,0,4325580
yadI_predicted,0.5,1,1,AATCACTACCCTTGATAACT,0,4357902
yadI_predicted,0.5,1,1,AATCACGATGACATTAACTG,0,4367157
yadI_predicted,0.5,1,1,AATCACCCTTCACGGGTCTG,0,4357021
yadI_predicted,0.5,1,1,AATCAAGCCACTCGAAGCGC,0,4318077
yadI_predicted,0.5,1,1,AATATGAACTAAGTATGATT,0,4321413
yadI_predicted,0.5,1,1,AATATCTCGGTATCGCATTG,0,4332469
yadI_predicted,0.5,1,1,AATAGTTTAGAAGGCTTCCC,0,4346519
yadI_predicted,0.5,1,1,AATAGCCCGGTTGGGCATCA,0,4338684
yadI_predicted,0.5,1,1,AATACTCCATGTTATCGCGT,0,4316544
yadI_predicted,0.5,1,1,AATAAGGGCCCGGGGGAGTA,0,4321552
yadI_predicted,0.5,1,1,AATAACTACAGGTCTTCATA,0,4356259
yadI_predicted,0.5,1,1,AAGTTTAGTACGCCAGTCCA,0,4324410
yadI_predicted,0.5,1,1,AAGTTGTAACTCGTATGTCG,0,4364592
yadI_predicted,0.5,1,1,AAGTTCTAGTGATTAGAGGC,0,4298942
yadI_predicted,0.5,1,1,AAGTTCGGAAACAATAGAGG,0,4365018
yadI_predicted,0.5,1,1,AAGTTAGGTTGCATAAGCTT,0,4368883
yadI_predicted,0.5,1,1,AAGTTACTGTCACATCTCTC,0,4334267
yadI_predicted,0.5,1,1,AAGTGAGCGTGTAGACCGGA,0,4369193
yadI_predicted,0.5,1,1,AAGTCAGGATTTTTTGATAC,0,4286835
yadI_predicted,0.5,1,1,AAGTACACATCGTTTTCCCT,0,4338523
yadI_predicted,0.5,1,1,AAGTACAAGCTGGGCCGAAA,0,4299359
yadI_predicted,0.5,1,1,AAGGTTGGCGCGCTCTAAGT,0,4347525
yadI_predicted,0.5,1,1,AAGGTGATATGAAACGAATA,0,4345210
yadI_predicted,0.5,1,1,AAGGTCGCCTCTGTTGCGCA,0,4329413
yadI_predicted,0.5,1,1,AAGGTAACGCTTGGAGGTCG,0,4292233
yadI_predicted,0.5,1,1,AAGGTAAAATACAACTGTAT,0,4343327
yadI_predicted,0.5,1,1,AAGGGTCATATCGACCGAAG,0,4304031
yadI_predicted,0.5,1,1,AAGGGGTCCGTATGGGGGTA,0,4355186
yadI_predicted,0.5,1,1,AAGGGGCATCTGCAGTCGCA,0,4295905
yadI_predicted,0.5,1,1,AAGGGCTAAGTCCACCTGTC,0,4361612
yadI_predicted,0.5,1,1,AAGGCTGTCACGTAGTTCAG,0,4336937
yadI_predicted,0.5,1,1,AAGGCTAGGGGGTGCTGGTG,0,4368346
yadI_predicted,0.5,1,1,AAGGCGATCTATTTTTTCTG,0,4285865
yadI_predicted,0.5,1,1,AAGGCAGGCCCGGGAACCGA,0,4304179
yadI_predicted,0.5,1,1,AAGGAGTGTCTTTCTTGGCC,0,4330577
yadI_predicted,0.5,1,1,AAGGAACCGCGTAATCGATA,0,4296839
yadI_predicted,0.5,1,1,AAGCTTTCACCCTAGTTTAA,0,4318796
yadI_predicted,0.5,1,1,AAGCTTTAATGAAACGCCAA,0,4347492
yadI_predicted,0.5,1,1,AAGCTCGGCTCGGCACGTCA,0,4343810
yadI_predicted,0.5,1,1,AAGCTAGCGACGCTTAGGGA,0,4355570
yadI_predicted,0.5,1,1,AAGCGTCCTGGCACCAGCAC,0,4338072
yadI_predicted,0.5,1,1,AAGCGGTTGGGCCGGATCTT,0,4312378
yadI_predicted,0.5,1,1,AAGCGCCGCGGCGGGCCCAT,0,4304447
yadI_predicted,0.5,1,1,AAGCCTCCTTTTTTCACCGG,0,4356010
yadI_predicted,0.5,1,1,AAGCATACCACTGCGGCCAA,0,4310563
yadI_predicted,0.5,1,1,AAGCATAACGATTTTGCACA,0,4290682
yadI_predicted,0.5,1,1,AAGCACCGGTCTCTGCGCGA,0,4334367
yadI_predicted,0.5,1,1,AAGCACCAGGAACGCCTAAG,0,4354410
yadI_predicted,0.5,1,1,AAGCAAGTCTTATGTTGACC,0,4323110
yadI_predicted,0.5,1,1,AAGATTCATGATGCCCTCGT,0,4325035
yadI_predicted,0.5,1,1,AAGATCTTAGGGGTGGAGTG,0,4354392
yadI_predicted,0.5,1,1,AAGATACTGCGCAGGCAGTT,0,4369389
yadI_predicted,0.5,1,1,AAGAGGTTCGTGGAGAATCT,0,4302218
yadI_predicted,0.5,1,1,AAGAGAAGTGGTGTGTGGAG,0,4314573
yadI_predicted,0.5,1,1,AAGACGATTGACCAGCTCCA,0,4335068
yadI_predicted,0.5,1,1,AAGAAAATTCCCCTTTCGGC,0,4311867
yadI_predicted,0.5,1,1,AACTTGTGCACTACCCGATG,0,4307149
yadI_predicted,0.5,1,1,AACTTGACCAGGGATCAACG,0,4349353
yadI_predicted,0.5,1,1,AACTTCCTCAATCGGTTATA,0,4310783
yadI_predicted,0.5,1,1,AACTTCCTAACCTGGCGAAT,0,4293099
yadI_predicted,0.5,1,1,AACTTAACGCAGAGGGCAGT,0,4327987
yadI_predicted,0.5,1,1,AACTGTTTCTCACCTTCCAA,0,4327994
yadI_predicted,0.5,1,1,AACTGGTCAGCCAAGGCGGT,0,4347003
yadI_predicted,0.5,1,1,AACTGGGGCCGCTTTATTAT,0,4344932
yadI_predicted,0.5,1,1,AACTGGGCTATCAAACGTAT,0,4353514
yadI_predicted,0.5,1,1,AACTCATCACTTAAGTTTAC,0,4310991
yadI_predicted,0.5,1,1,AACTCACCAAGCGGGGAACC,0,4353377
yadI_predicted,0.5,1,1,AACTATATTCTGCTGGCAAA,0,4354921
yadI_predicted,0.5,1,1,AACGTTGCCTACAGTGTGAT,0,4316950
yadI_predicted,0.5,1,1,AACGTTAGAGGTTCATCTAT,0,4345906
yadI_predicted,0.5,1,1,AACGTTAATAAAGTCAGGGG,0,4315953
yadI_predicted,0.5,1,1,AACGTGCTCACCACGGAGGT,0,4291596
yadI_predicted,0.5,1,1,AACGTACAAAATGCATCAGT,0,4307813
yadI_predicted,0.5,1,1,AACGGTCGCTCCAGTGGGCA,0,4332209
yadI_predicted,0.5,1,1,AACGGTCAGGTTCAGTTGCA,0,4354267
yadI_predicted,0.5,1,1,AACGGGCTGATAGTTCTTAG,0,4304013
yadI_predicted,0.5,1,1,AACGGAATCGTGTCAGGGCG,0,4325461
yadI_predicted,0.5,1,1,AACGGAAATTGAAACACGTG,0,4366854
yadI_predicted,0.5,1,1,AACGGAAAATGGCCCGGTCA,0,4305401
yadI_predicted,0.5,1,1,AACGCGTCACGTTCGCTGGA,0,4316184
yadI_predicted,0.5,1,1,AACGCCCACAATGATTTCCT,0,4284120
yadI_predicted,0.5,1,1,AACGCAAGACTATACAGACG,0,4328381
yadI_predicted,0.5,1,1,AACGAGCACTTCAACTGGTC,0,4366981
yadI_predicted,0.5,1,1,AACCTGGCAACAAGGCTTCA,0,4362589
yadI_predicted,0.5,1,1,AACCTAACGCAGTGTGCCAA,0,4337108
yadI_predicted,0.5,1,1,AACCTAAATTGTGGTGTCAA,0,4333946
yadI_predicted,0.5,1,1,AACCGTGTGTTTCCGGTTTC,0,4323474
yadI_predicted,0.5,1,1,AACCGTGCTGCGCCAGGAGC,0,4294661
yadI_predicted,0.5,1,1,AACCGTGCCATGCAGACTTA,0,4346547
yadI_predicted,0.5,1,1,AACCCTATGGCGGTGTCCGT,0,4364518
yadI_predicted,0.5,1,1,AACCCTAAATGAGGTGAAAT,0,4289016
yadI_predicted,0.5,1,1,AACCCGGTCTTATCCACAGA,0,4361411
yadI_predicted,0.5,1,1,AACCCGGGACCTGGTTGTTA,0,4295328
yadI_predicted,0.5,1,1,AACCATGCTGGTCTAGAGGA,0,4353053
yadI_predicted,0.5,1,1,AACATGTACGGCAACGGGGG,0,4290411
yadI_predicted,0.5,1,1,AACAGTAGGTCACACTCGAT,0,4287580
yadI_predicted,0.5,1,1,AACAGTACTCAAGGTTTTGT,0,4334691
yadI_predicted,0.5,1,1,AACAGCGACGAACTAATCAC,0,4358509
yadI_predicted,0.5,1,1,AACAGCATCCATCTTCGTTG,0,4333115
yadI_predicted,0.5,1,1,AACACGTCGTGCCGTGGTCA,0,4293130
yadI_predicted,0.5,1,1,AACACAGGCTTCGGTCACAC,0,4364056
yadI_predicted,0.5,1,1,AACAAGTGGGTTGGGTGCGT,0,4289960
yadI_predicted,0.5,1,1,AACAAGTGCGGGTGTTGGCT,0,4295299
yadI_predicted,0.5,1,1,AACAAAGTTGACCATTTACC,0,4349821
yadI_predicted,0.5,1,1,AACAAACATCCAAAGCCGAA,0,4302860
yadI_predicted,0.5,1,1,AAATTAAGGCGTTTCCATCA,0,4311784
yadI_predicted,0.5,1,1,AAATGTAGGTCGTGTCACAG,0,4360419
yadI_predicted,0.5,1,1,AAATGAATAGAAGCCCTCAG,0,4326528
yadI_predicted,0.5,1,1,AAATCGTGAGTTCCAATGGC,0,4335041
yadI_predicted,0.5,1,1,AAATCGGTAAGTCCGGGTTT,0,4320427
yadI_predicted,0.5,1,1,AAATATCGGCACCATCTAGG,0,4347537
yadI_predicted,0.5,1,1,AAATAGTGGAGCTTAAGCTC,0,4310564
yadI_predicted,0.5,1,1,AAATAGAGTAGTTCTTTAGG,0,4337256
yadI_predicted,0.5,1,1,AAATACAGAGCGCCACATAT,0,4350605
yadI_predicted,0.5,1,1,AAATAAGAGGCGGTAACGCC,0,4324776
yadI_predicted,0.5,1,1,AAAGTACCCGGGTCCACCAT,0,4288258
yadI_predicted,0.5,1,1,AAAGGTCCGGACCATGGGAC,0,4297167
yadI_predicted,0.5,1,1,AAAGGCTTTCCCTGGTGCAT,0,4290916
yadI_predicted,0.5,1,1,AAAGCTGCATTAAACCCCAG,0,4287159
yadI_predicted,0.5,1,1,AAAGCAAAGGGCCTGGGGTC,0,4323723
yadI_predicted,0.5,1,1,AAAGATAGTTAGGATGGTAC,0,4335866
yadI_predicted,0.5,1,1,AAAGAAAAGGGTAAAGGGTC,0,4360366
yadI_predicted,0.5,1,1,AAACTTCTCCCATTTGAAAG,0,4369388
yadI_predicted,0.5,1,1,AAACTCGGCAACAAACTTAT,0,4295894
yadI_predicted,0.5,1,1,AAACTATTCACCAGTTTCGG,0,4308114
yadI_predicted,0.5,1,1,AAACTATAGGAGCACAACAA,0,4293917
yadI_predicted,0.5,1,1,AAACTAGCAAGAGCCACAGG,0,4337574
yadI_predicted,0.5,1,1,AAACGTTCCTTGGAGCGGCG,0,4342434
yadI_predicted,0.5,1,1,AAACGCCGGCCCTCGGTAAG,0,4366131
yadI_predicted,0.5,1,1,AAACCGCCATACATAACCTA,0,4336522
yadI_predicted,0.5,1,1,AAACCGACTACACGTGGGGA,0,4361189
yadI_predicted,0.5,1,1,AAACCCTTCTGTATCGTTAG,0,4369958
yadI_predicted,0.5,1,1,AAACCCGTAAGCCGGCGTTG,0,4355306
yadI_predicted,0.5,1,1,AAACCCCGGTCTTGCTCGTG,0,4291412
yadI_predicted,0.5,1,1,AAACAGTGTAGCAACTGTAT,0,4328395
yadI_predicted,0.5,1,1,AAACAGCCTCCAGGATACGA,0,4350924
yadI_predicted,0.5,1,1,AAAATTTTAGCGGTCAGGTC,0,4349618
yadI_predicted,0.5,1,1,AAAATTCGTGAAACACTTTC,0,4341537
yadI_predicted,0.5,1,1,AAAATGCTATTTGTATAAGC,0,4332050
yadI_predicted,0.5,1,1,AAAATCACTTGCGATAAAGG,0,4342262
yadI_predicted,0.5,1,1,AAAATAGCATTCAAAAGACA,0,4338433
yadI_predicted,0.5,1,1,AAAAGGGAGCAGAGTCATCT,0,4284837
yadI_predicted,0.5,1,1,AAAAGGAAGTCGTCACCACT,0,4357260
yadI_predicted,0.5,1,1,AAAAGATCAGCATAGCTTAC,0,4327421
yadI_predicted,0.5,1,1,AAAAGAGCGGTGGCAAGTGG,0,4336237
yadI_predicted,0.5,1,1,AAAAGACCTTGCTATATGGC,0,4335075
yadI_predicted,0.5,1,1,AAAACTAGCTGGCTCCCCGA,0,4335007
yadI_predicted,0.5,1,1,AAAACCTCTAGCCTTTGCGC,0,4346467
yadI_predicted,0.5,1,1,AAAAATTCTCACGACGGAAG,0,4303972
yadI_predicted,0.5,1,1,AAAAATATACAGGTCTACCT,0,4330167
yadI_predicted,0.5,1,1,AAAAAGTTATAATTCGCGTC,0,4291551
yadI_predicted,4907.0,4906,0,TCGTCCAGCAAGGGAATCGC,4906,4341726
yadI_predicted,2566.0,2565,0,CTTACCACGCATATCTATGG,2565,4292086
yadI_predicted,2541.0,2540,0,AGGAATCACGAGGAGTACCT,2540,4298453
yadI_predicted,2434.0,2433,0,GTATTACCACGTTACATTCA,2433,4332230
yadI_predicted,13.0,12,0,ATGCGCGTGCAGACGGTAAG,12,4335540
yadI_predicted,12.0,11,0,TCTCGACACAACACGGAGTA,11,4312269
yadI_predicted,12.0,11,0,AGTGAAAGTATAGATGACAC,11,4354898
yadI_predicted,9.0,8,0,CTCCCGCGAGCTCGGAGGTT,8,4337813
yadI_predicted,8.0,7,0,AACTAGTTCAGTATGGGGAT,7,4333585
yadI_predicted,7.0,6,0,TGAGATGTTCTCAATTTGTT,6,4318596
yadI_predicted,7.0,6,0,TCGTTATAGCCATCTTCCGT,6,4338044
yadI_predicted,6.0,5,0,TAACCACGCAGGGGGATTGC,5,4301172
yadI_predicted,6.0,5,0,GGTCTTAACGCACTTGGAAG,5,4350725
yadI_predicted,6.0,5,0,ATGGAGTAGATCGCATTTGC,5,4334271
yadI_predicted,5.0,4,0,TTGGCCGCGTTATCTAAAGA,4,4300471
yadI_predicted,5.0,4,0,GTACGCGCCCGTGAATCAAA,4,4362497
yadI_predicted,5.0,4,0,CAGGGCTCTTGCGTCCTCGG,4,4351974
yadI_predicted,5.0,4,0,CAGACAAGCGCTGGACCGAA,4,4311193
yadI_predicted,5.0,4,0,ATCGGGGCCACCTTTTTCTA,4,4291198
yadI_predicted,4.0,3,0,GGTTAGCTGGAGGGTCACCA,3,4294655
yadI_predicted,4.0,3,0,GGGCTCAGCTTCACATAGAT,3,4312901
yadI_predicted,4.0,3,0,AAAGGTGCGAGTTTGGATTA,3,4323934
yadI_predicted,3.0,2,0,TTGGGACACGTTTGTGTTAT,2,4364364
yadI_predicted,3.0,2,0,TATATCCAGACCCAGAGCAT,2,4366387
yadI_predicted,3.0,2,0,GTCCAGCCCTGTCGTTACGC,2,4348162
yadI_predicted,3.0,2,0,GGTGCACACTTGGTGCACTC,2,4368847
yadI_predicted,3.0,2,0,CTGAGGGTCAACCATCACCT,2,4367143
yadI_predicted,3.0,2,0,CGCGACGTGACTTCTAGATA,2,4343159
yadI_predicted,3.0,2,0,CGCCTCCATATTCCTTGCGT,2,4292374
yadI_predicted,3.0,2,0,AGCTAGCTCTTGTCCTTGCC,2,4294114
yadI_predicted,3.0,2,0,AGATCGATGGCGCCGAAGTT,2,4313706
yadI_predicted,3.0,2,0,AATTTGGCCTTCAGAAACGT,2,4323476
yadI_predicted,3.0,2,0,AACCTATGAGCGGGTAGTTG,2,4285225
yadI_predicted,3.0,2,0,AAAATATGAGCGGGTAGTTG,2,4285236
yadI_predicted,2.0,1,0,TTTCAGGGGGGATACTCACC,1,4347145
yadI_predicted,2.0,1,0,TTTATCTTCTCATATCCTTT,1,4352529
yadI_predicted,2.0,1,0,TTGGGCGGTCGCGCTTTGTT,1,4323189
yadI_predicted,2.0,1,0,TTCGGAGCCGCGTGTATCGA,1,4334382
yadI_predicted,2.0,1,0,TTCGCATCACTTTAAACACT,1,4293625
yadI_predicted,2.0,1,0,TTATTAGAGCGTAGGGTCGC,1,4290435
yadI_predicted,2.0,1,0,TGGCATTGAACCACACAGGT,1,4290921
yadI_predicted,2.0,1,0,TGCGGTATCTAGGCTAGCAT,1,4289823
yadI_predicted,2.0,1,0,TGCACACTATCAGTCATGTA,1,4292961
yadI_predicted,2.0,1,0,TGAATTGTATCGTGTTCAAA,1,4369662
yadI_predicted,2.0,1,0,TGAATCACAATATACACGTA,1,4316579
yadI_predicted,2.0,1,0,TCGAAGTTCACTCTTCACAT,1,4324923
yadI_predicted,2.0,1,0,TCCAAGGACAGCCCTAGCCT,1,4355793
yadI_predicted,2.0,1,0,TAGACCCAATCTTTTATGAT,1,4304516
yadI_predicted,2.0,1,0,TACTTACCGTTAGTCGTCCA,1,4300417
yadI_predicted,2.0,1,0,TACCCAATATCAAGAAGAGT,1,4339552
yadI_predicted,2.0,1,0,GTTCCCTTGAGAGGGCTCTA,1,4296047
yadI_predicted,2.0,1,0,GTCATTGTGGCGGTCCTAAC,1,4367163
yadI_predicted,2.0,1,0,GTAACGCCGGACGAAAAAGC,1,4363857
yadI_predicted,2.0,1,0,GCCTTCATCATGCTATCGAA,1,4291571
yadI_predicted,2.0,1,0,GCCCCTCGTCATTGTACACA,1,4326689
yadI_predicted,2.0,1,0,GAGACTCCAGTTCACATAGA,1,4323650
yadI_predicted,2.0,1,0,GAATTCGTGGGAGAAACGTA,1,4320123
yadI_predicted,2.0,1,0,CTGGTGGATCGTTTGTATTG,1,4327768
yadI_predicted,2.0,1,0,CTATTCAAATTGTCGGATTC,1,4338624
yadI_predicted,2.0,1,0,CTAACAGTGTTACCCTTGTT,1,4312444
yadI_predicted,2.0,1,0,CGTCTGATGGACTAACTCGC,1,4355439
yadI_predicted,2.0,1,0,CGGTTCCGACCATCCAAGGC,1,4293296
yadI_predicted,2.0,1,0,CGGTACATGCCGGCGTGAGG,1,4362875
yadI_predicted,2.0,1,0,CGGGAAGGGGCCAAAACATG,1,4336459
yadI_predicted,2.0,1,0,CGGGAAGCATGGCGCTCTCC,1,4326263
yadI_predicted,2.0,1,0,CGCGACGTTAATGTACACAG,1,4331858
yadI_predicted,2.0,1,0,CGAGTATTCATGGAGTCGTA,1,4366733
yadI_predicted,2.0,1,0,CCCACAGGTCTGACAAAAGG,1,4328298
yadI_predicted,2.0,1,0,CCAGTTGGCATAATCACCTG,1,4307276
yadI_predicted,2.0,1,0,CATCTTGGGCTGCCTAGGGT,1,4339363
yadI_predicted,2.0,1,0,CATACAGGGTTCTTACGGTG,1,4285358
yadI_predicted,2.0,1,0,CAGTACCATGAGAGCCAGCT,1,4331429
yadI_predicted,2.0,1,0,CACCCGTTGCTCGTCCTCTG,1,4358532
yadI_predicted,2.0,1,0,ATGGAGTCGAGAACAATAGT,1,4355704
yadI_predicted,2.0,1,0,ATCTGCTAGCTCTGAGGGGG,1,4326128
yadI_predicted,2.0,1,0,ATCCTTCCACGCCGATCGTA,1,4353248
yadI_predicted,2.0,1,0,ATCCTAGTTAGGAGCAACCT,1,4297380
yadI_predicted,2.0,1,0,ATAGTGCCTCGAACAAACTC,1,4322143
yadI_predicted,2.0,1,0,AGGCGCCGGTACGATTATGG,1,4346255
yadI_predicted,2.0,1,0,AGGCAATCCCCCATGGGGAT,1,4289345
yadI_predicted,2.0,1,0,AGCCAGGGTAAGCCGACGTG,1,4341042
yadI_predicted,2.0,1,0,AGAATTAGGTAACCCGGTCA,1,4354505
yadI_predicted,2.0,1,0,ACTCTAATAACCAAACTGAT,1,4338995
yadI_predicted,2.0,1,0,ACTCCAGCAACAGTGCGAAT,1,4348204
yadI_predicted,2.0,1,0,ACGACAGTCTCACAATCATC,1,4293271
yadI_predicted,2.0,1,0,AATGAGCTCCGACGGCAAAT,1,4358997
yadI_predicted,2.0,1,0,AAGTATCAGTGGATAATAAA,1,4286109
